public/OST50/HU16.asc
ncols 200
nrows 200
xllcorner 410000
yllcorner 1160000
cellsize 50
[rows 152 to 189 of 200, columns 84 to 167 of 200]
-0.7 -0.7 -0.7 -0.7 -0.7 -0.7 -0.7 -0.7 -0.7 -0.7 -0.7 -0.7 -0.7 -0.7 -0.7 39.4 44.9 47 48.6 52.5 55.2 -0.7 -0.7 -0.7 -0.7 -0.7 -0.7 -0.7 -0.7 13.1 -0.7 -0.7 -0.7 -0.7 -0.7 -0.7 -0.7 -0.7 -0.7 -0.7 -0.7 -0.7 -0.7 -0.7 -0.7 -0.7 -0.7 -0.7 -0.7 -0.7 -0.7 -0.7 -0.7 -0.7 -0.7 -0.7 -0.7 -0.7 -0.7 -0.7 -0.7 -0.7 -0.7 -0.7 -0.7 -0.7 -0.7 -0.7 -0.7 -0.7 -0.7 -0.7 -0.7 -0.7 -0.7 -0.7 -0.7 -0.7 -0.7 -0.7 -0.7 -0.7 -0.7 -0.7
-0.7 -0.7 -0.7 -0.7 -0.7 -0.7 -0.7 -0.7 -0.7 -0.7 -0.7 -0.7 -0.7 -0.7 -0.7 38.5 51.5 53.1 53.7 56.6 60 -0.7 -0.7 -0.7 -0.7 -0.7 -0.7 -0.7 -0.7 18.8 15.7 15.6 14.3 -0.7 -0.7 -0.7 -0.7 -0.7 -0.7 -0.7 -0.7 -0.7 -0.7 -0.7 -0.7 -0.7 -0.7 -0.7 -0.7 -0.7 -0.7 -0.7 -0.7 -0.7 -0.7 -0.7 -0.7 -0.7 -0.7 -0.7 -0.7 -0.7 -0.7 -0.7 -0.7 -0.7 -0.7 -0.7 -0.7 -0.7 -0.7 -0.7 -0.7 -0.7 -0.7 -0.7 -0.7 -0.7 -0.7 -0.7 -0.7 -0.7 -0.7 -0.7
-0.7 -0.7 -0.7 -0.7 -0.7 -0.7 -0.7 -0.7 -0.7 -0.7 -0.7 -0.7 -0.7 -0.7 -0.7 36.7 53.3 61.1 61.4 61.9 64.5 63 -0.7 -0.7 -0.7 -0.7 -0.7 -0.7 -0.7 17.7 19.3 18.5 21.6 -0.7 -0.7 -0.7 -0.7 -0.7 -0.7 -0.7 -0.7 -0.7 -0.7 -0.7 -0.7 -0.7 -0.7 -0.7 -0.7 8 -0.7 -0.7 -0.7 -0.7 -0.7 -0.7 -0.7 -0.7 -0.7 -0.7 -0.7 -0.7 -0.7 -0.7 -0.7 -0.7 -0.7 -0.7 -0.7 -0.7 -0.7 -0.7 -0.7 -0.7 -0.7 -0.7 -0.7 -0.7 -0.7 -0.7 -0.7 -0.7 -0.7 -0.7
-0.7 -0.7 -0.7 -0.7 -0.7 -0.7 -0.7 -0.7 -0.7 -0.7 -0.7 -0.7 -0.7 -0.7 -0.7 33.6 51.8 61.1 67.5 68.3 69.2 67.8 60.1 -0.7 -0.7 -0.7 -0.7 -0.7 7.6 27.5 23.5 19.8 23.9 25.7 22.9 15.1 -0.7 -0.7 -0.7 -0.7 -0.7 -0.7 -0.7 -0.7 -0.7 -0.7 -0.7 11.5 17.1 -0.7 -0.7 -0.7 -0.7 -0.7 -0.7 -0.7 -0.7 -0.7 -0.7 -0.7 -0.7 -0.7 -0.7 -0.7 -0.7 -0.7 -0.7 -0.7 -0.7 -0.7 -0.7 -0.7 -0.7 -0.7 -0.7 -0.7 -0.7 -0.7 -0.7 -0.7 -0.7 -0.7 -0.7 -0.7
-0.7 -0.7 -0.7 -0.7 -0.7 -0.7 -0.7 -0.7 -0.7 -0.7 -0.7 -0.7 -0.7 -0.7 21 36.2 50.7 66.3 73.4 72.5 69.4 66.5 61.9 53.9 48 44.3 41.9 41.5 40.8 34.8 29 24 23.2 26 23.5 17.9 -0.7 -0.7 -0.7 -0.7 -0.7 -0.7 -0.7 -0.7 -0.7 -0.7 -0.7 -0.7 16.2 14 1.8 -0.7 -0.7 -0.7 -0.7 -0.7 -0.7 -0.7 -0.7 -0.7 -0.7 -0.7 -0.7 -0.7 -0.7 -0.7 -0.7 -0.7 -0.7 -0.7 -0.7 -0.7 -0.7 -0.7 -0.7 -0.7 -0.7 -0.7 -0.7 -0.7 -0.7 -0.7 -0.7 -0.7
-0.7 -0.7 -0.7 -0.7 -0.7 -0.7 -0.7 -0.7 -0.7 -0.7 -0.7 -0.7 -0.7 -0.7 34.1 38 51.5 67.4 74.1 77.5 72.4 71.6 67.3 60.4 54.1 50.7 47.3 46.2 46.9 44 36.1 31.2 27.3 25.6 24.3 14.8 -0.7 -0.7 -0.7 -0.7 -0.7 -0.7 -0.7 -0.7 -0.7 -0.7 -0.7 -0.7 15.9 14.1 -0.7 -0.7 -0.7 -0.7 -0.7 -0.7 -0.7 -0.7 -0.7 -0.7 -0.7 -0.7 -0.7 -0.7 -0.7 -0.7 -0.7 -0.7 -0.7 0.4 -0.7 -0.7 -0.7 -0.7 -0.7 -0.7 -0.7 -0.7 -0.7 -0.7 -0.7 -0.7 -0.7 -0.7
-0.7 -0.7 -0.7 -0.7 -0.7 -0.7 -0.7 -0.7 -0.7 -0.7 -0.7 -0.7 -0.7 -0.7 40.1 42.2 50.2 63.9 75 81 81.7 73.3 70.4 64.5 60.1 55.8 53.6 52.1 51 51.5 43 35.2 30.3 27.9 25.9 24 21.5 -0.7 -0.7 -0.7 -0.7 -0.7 -0.7 -0.7 -0.7 -0.7 -0.7 -0.7 -0.7 -0.7 -0.7 -0.7 -0.7 -0.7 -0.7 -0.7 -0.7 -0.7 -0.7 -0.7 -0.7 -0.7 -0.7 -0.7 -0.7 -0.7 -0.7 -0.7 -0.7 9.4 -0.7 -0.7 -0.7 -0.7 6.3 -0.7 -0.7 -0.7 -0.7 -0.7 -0.7 -0.7 9.1 8.2
-0.7 -0.7 -0.7 -0.7 -0.7 -0.7 -0.7 -0.7 -0.7 -0.7 -0.7 -0.7 -0.7 -0.7 -0.7 45.5 48.8 60.2 69.3 79.2 84.2 75.5 70.2 67.9 66.7 63.1 58.8 55.6 54.5 54.4 50.6 41.3 32.3 30.1 29.5 28.9 27.2 24.1 -0.7 -0.7 -0.7 -0.7 -0.7 -0.7 -0.7 -0.7 21.5 24.5 -0.7 -0.7 -0.7 -0.7 -0.7 -0.7 -0.7 -0.7 -0.7 18.1 16.8 -0.7 -0.7 -0.7 -0.7 -0.7 -0.7 -0.7 -0.7 -0.7 -0.7 12.8 -0.7 -0.7 -0.7 9.6 7.1 -0.7 -0.7 -0.7 -0.7 -0.7 -0.7 -0.7 -0.7 14.4
-0.7 -0.7 -0.7 -0.7 -0.7 -0.7 -0.7 -0.7 -0.7 -0.7 -0.7 -0.7 -0.7 -0.7 -0.7 47.4 46.7 51.1 60.6 76.4 85.3 78.9 71.1 69.8 68.4 66.7 62.3 58.3 57.3 56.3 53.8 48.1 35.6 34.1 35 34.1 31.9 25.3 -0.7 -0.7 -0.7 -0.7 -0.7 13.8 -0.7 -0.7 26 30.4 25.2 -0.7 -0.7 -0.7 -0.7 -0.7 -0.7 -0.7 -0.7 15 15.5 -0.7 -0.7 -0.7 -0.7 -0.7 -0.7 -0.7 -0.7 -0.7 -0.7 11.4 16.9 -0.7 -0.7 13.8 10.6 10 -0.7 -0.7 -0.7 8.5 -0.7 -0.7 -0.7 18.5
-0.7 -0.7 -0.7 -0.7 -0.7 -0.7 -0.7 -0.7 -0.7 -0.7 -0.7 -0.7 -0.7 -0.7 -0.7 -0.7 -0.7 46.9 51.7 68.3 82.3 81.3 70.6 68.9 67.7 66.2 63.8 60.8 59.6 58.6 57.2 54.1 41.8 39 38.3 36.1 30.3 22.6 -0.7 -0.7 -0.7 -0.7 14.5 21 17.9 21.3 26.6 31 25 19 -0.7 -0.7 -0.7 -0.7 -0.7 -0.7 6.1 12.4 13.6 -0.7 -0.7 -0.7 -0.7 -0.7 -0.7 -0.7 -0.7 -0.7 -0.7 4.8 10.9 -0.7 -0.7 12 11.7 14.7 13.5 1.4 14.3 12.7 15.4 -0.7 22.9 19.6
-0.7 -0.7 -0.7 -0.7 -0.7 -0.7 -0.7 -0.7 -0.7 -0.7 -0.7 -0.7 -0.7 -0.7 -0.7 -0.7 -0.7 -0.7 47.1 52.9 62.6 71.7 70.7 67.2 67.3 65.4 64.4 62.7 61 59.3 57.5 51.4 45.1 40.5 39.5 34.5 25 2.8 -0.7 -0.7 -0.7 13.8 17.1 20.8 23.8 26.8 30.7 30.2 22.9 16.9 -0.7 -0.7 -0.7 -0.7 -0.7 -0.7 8.7 11.2 11.7 -0.7 -0.7 -0.7 -0.7 -0.7 -0.7 -0.7 -0.7 -0.7 -0.1 0.8 8 -0.7 -0.7 5.3 11.5 15.6 17.8 17.6 19.8 19.5 17.6 21.7 26.4 28.8
-0.7 -0.7 -0.7 -0.7 -0.7 -0.7 -0.7 -0.7 -0.7 -0.7 -0.7 52.4 -0.7 -0.7 -0.7 -0.7 -0.7 -0.7 19.2 49.3 55.1 61.8 64.6 64 65.6 65.6 65.2 64.1 61.9 60.2 56.9 53 47.8 42.5 38.7 32.1 19.6 11.2 4.2 18 20.9 14.5 16.9 22.4 24.1 26.9 31.7 27.5 20.4 14.1 7.7 -0.7 -0.7 -0.7 -0.7 4.3 10.5 12.8 11 2.4 -0.7 -0.7 -0.7 -0.7 -0.7 -0.7 -0.7 -0.7 0.3 3.7 7.7 -0.7 -0.7 3.2 8.7 15.3 18.7 20.7 27.4 25.4 21.7 24 27.7 28.2
-0.7 -0.7 -0.7 -0.7 -0.7 -0.7 -0.7 -0.7 -0.7 -0.7 46.1 47.8 48.3 45.3 46.4 -0.7 -0.7 -0.7 16.3 43.4 51 55.8 59.5 60.8 61.6 63.8 65.9 65.4 63.8 61.1 58.1 55.9 51.3 44.7 38.9 29.3 19.9 14.8 16.5 20.5 19.8 18.2 15.5 21.8 23 22.7 24.2 21.5 16.4 10.2 -0.7 -0.7 -0.7 -0.7 -0.7 8.5 10.9 10.5 8.9 5.3 -0.7 -0.7 -0.7 -0.7 -0.7 -0.7 -0.7 -0.7 -0.7 4.2 8.7 12 4.1 3.1 7.1 13.3 16.6 23.4 29.3 30.6 26.2 24.9 26.8 25.5
-0.7 -0.7 -0.7 -0.7 -0.7 -0.7 -0.7 -0.7 -0.7 -0.7 -0.7 45.3 45.7 46 46.3 47.1 43.2 24.2 34.7 36.4 43.8 49.4 53.7 56.4 58.7 62.1 63.5 64 62.1 58.3 55.4 52.6 49.6 45.3 41.6 32 21.3 19.2 19 17.7 16.2 18.2 14.4 20.9 16.6 16.9 16.2 13.9 11.2 8.4 -0.7 -0.7 -0.7 -0.7 -0.7 9.3 10.3 10.3 6.8 5 -0.7 -0.7 -0.7 -0.7 -0.7 -0.7 -0.7 -0.7 -0.7 5.8 9.5 12 5.4 2.2 5 12.2 15.3 24 30.2 34.5 30 26 25.7 25.4
-0.7 -0.7 -0.7 -0.7 -0.7 -0.7 -0.7 -0.7 -0.7 -0.7 -0.7 -0.7 46.9 47.7 48.1 49.1 47.1 40.7 36.9 36.5 40 44.9 48.7 51.7 54.5 56.6 56.6 57.7 55.6 52.5 51.6 49.8 48.1 45.7 42.7 34.8 25 20.1 21.5 18.5 18.2 18.2 18.2 17.6 11.5 9.9 5.4 3.9 8.5 6.4 -0.7 -0.7 -0.7 -0.7 6.7 10.1 10.6 10.4 6 4.8 -0.7 -0.7 -0.7 -0.7 -0.7 -0.7 -0.7 0.5 3.6 7.9 10.8 14.3 8.4 1.7 1.4 12.6 14.5 22.7 26.4 29.6 29.7 24.7 24.8 24.9
-0.7 -0.7 -0.7 -0.7 -0.7 -0.7 -0.7 -0.7 -0.7 -0.7 -0.7 -0.7 4.1 50.6 51.4 50.8 49.4 42.4 37.9 36.4 41.2 43.4 45.8 46.1 48 47.8 46.5 47.9 48 47.3 48.1 48.5 48 46.3 42.7 36.2 26.8 19 19 19.3 17.6 15.5 18.2 15.3 7.5 4.6 4.2 2 0.8 -0.7 -0.7 -0.7 -0.7 -0.7 4.9 8.4 10.2 10.2 7.9 7 -0.7 -0.7 -0.7 -0.7 -0.7 -0.7 -0.7 4.4 7.5 9.8 12.4 15.4 11.8 2 0.8 1.1 11.1 18.5 20 22 23.2 22.2 23.7 23.6
-0.7 -0.7 -0.7 -0.7 -0.7 -0.7 -0.7 -0.7 -0.7 -0.7 -0.7 -0.7 53.3 52.5 54.2 51.9 48.4 42.8 39.2 36.5 39.9 41.9 43 42.5 42 41.7 41.7 42.5 43.8 43.7 45.8 48.3 48.4 46.5 44 38.6 29.6 20.8 19 19 21 17.8 18.2 14.2 8.3 7.4 7.2 6.2 3.5 -0.7 -0.7 -0.7 -0.7 -0.7 1.3 6.8 10.5 10.3 9.7 10.2 -0.7 -0.7 -0.7 -0.7 -0.7 -0.7 -0.7 5.1 8.3 10.2 13.6 13 12 4.5 -0.7 0.2 4.9 11.2 13.1 16.8 20.3 19.6 20.3 18.3
-0.7 -0.7 -0.7 -0.7 -0.7 -0.7 -0.7 -0.7 -0.7 59.2 57.7 56.9 53.1 51.8 53.5 51.6 47.5 43.2 39.6 36.9 36.9 38.9 40.5 39.4 39.1 37.8 37.6 37.3 39.4 41.2 42.3 45.6 47.5 46.9 44.9 40.5 32.6 24.2 20.1 19 21.1 23.2 16 13.4 12.2 11.2 11.8 10 6.5 1.3 -0.7 -0.7 -0.7 -0.7 -0.7 -0.7 11.9 12.3 10.6 12.7 4.8 -0.7 -0.7 -0.7 -0.7 -0.7 -0.7 6 9.1 9.6 13.4 11.9 9 -0.7 -0.7 0.2 4 10.4 11.9 14 16.2 16.6 16.6 15.9
-0.7 -0.7 -0.7 -0.7 -0.7 -0.7 -0.7 -0.7 57.9 57.3 55.1 55.6 53.5 49 52.3 50.3 46.9 42.9 39.5 35.3 35.4 35.9 34.7 34.5 35.4 34.3 33.7 34.4 35.9 37.8 38.5 40.7 44 45.6 44.8 42.5 37.2 29.1 22.8 21.9 24.2 26.3 20.8 15.3 11.1 12.8 14.4 13.1 9.6 3.3 -0.7 -0.7 -0.7 -0.7 -0.7 -0.7 5.4 8.8 10.3 13.5 13.9 10.2 -0.7 -0.7 -0.7 -0.7 -0.7 -0.7 6.3 6.9 5.6 5 -0.7 -0.7 -0.7 2.1 3.5 10.7 13 11.5 12.7 14 16.8 15.4
-0.7 -0.7 -0.7 -0.7 -0.7 -0.7 -0.7 29.4 53.6 53.2 50.8 51 50.5 44.6 46.7 45.9 43.5 41.3 38.4 34.9 31.8 30.4 28.8 27.9 30 30.8 31.2 29.8 31.3 33 33.9 35.7 38.7 41.1 42.7 43.3 40.8 34.4 26.3 24.7 26.4 29.2 25.5 16.5 12.5 11.7 15.8 16 9.1 -0.7 -0.7 2 -0.7 -0.7 -0.7 -0.7 2.1 5.8 9 13 15 13.5 -0.7 -0.7 -0.7 -0.7 -0.7 -0.7 -0.7 -0.7 -0.7 -0.7 -0.7 -0.7 -0.7 5.1 4.8 9 13.7 11.5 12.1 12.3 16.6 16.9
19.9 -0.7 -0.7 -0.7 -0.7 -0.7 -0.7 -0.7 51.2 50.4 46.8 45.9 42.7 39.5 39.5 40.5 39.9 37.1 32.8 30 25.3 23.8 22.5 24.3 25.4 26.9 28.4 27.3 26.6 27.9 28.4 29.2 32.1 34.6 37.8 41.5 40.4 38.9 32.8 27.4 28.8 32.3 29.5 20 13 13.7 16.4 14.1 8.3 -0.7 -0.7 1.6 5.7 -0.7 -0.7 1.8 4.6 4.5 8.2 11.8 16.1 14.7 -0.7 -0.7 -0.7 -0.7 -0.7 -0.7 -0.7 -0.7 -0.7 -0.7 -0.7 -0.3 -0.7 -0.7 6.1 9.2 11.1 11.5 13.3 11.8 15.3 18.7
-0.7 -0.7 -0.7 -0.7 -0.7 -0.7 -0.7 -0.7 31.6 47.1 41.5 40.1 36.6 35.8 33.6 33.6 33.7 30.1 27 22.3 20.7 19.7 20.7 22.9 23.3 24.6 25.4 25.7 23.6 23 23 24.2 27.4 30.4 33.7 38.1 40.2 42.3 40.5 30.9 31 35.1 32.4 27.7 14.8 9.6 13.2 10.1 3.7 -0.7 -0.7 3.3 9.7 6.4 3.2 3.8 6.5 8 6.8 9.9 14.6 15.6 -0.7 -0.7 -0.7 -0.7 -0.7 -0.7 -0.7 -0.7 -0.7 -0.7 -0.7 0.6 1.6 2 7.7 13 13 11.6 11.4 11.7 13 19
-0.7 -0.7 36.6 35.2 -0.7 -0.7 -0.7 -0.7 3.3 41.5 36.3 31.5 30.5 30.6 30.3 26 24 23.3 21.6 20 18.8 18.5 19.7 20.9 22.1 23.5 25.1 24.7 22 21.1 20.6 20.2 23 27.6 31.6 37 40.2 42.1 43.2 37.5 33 35.6 33.9 29.3 15.9 13.1 7.3 5.8 2.5 -0.7 -0.7 5.8 10.6 8.8 5.2 4.7 6.6 13.6 6.7 7.2 12.4 12.2 -0.7 -0.7 -0.7 -0.7 -0.7 -0.7 -0.7 -0.7 -0.7 -0.7 -0.7 5.5 3 3.1 9.3 15.4 17.8 14.7 14.3 13.7 12 12.3
-0.7 -0.7 -0.7 5.2 -0.7 -0.7 -0.7 -0.7 -0.7 -0.7 5.1 14 25.4 26.6 27.4 21.9 18.7 18.4 19.2 17.8 17.3 18.1 18.3 19 20.8 22.8 24.3 23.4 20.8 19.4 18.6 17.9 18.6 23.3 28.6 34.5 38.2 38.9 41.6 40.1 33.6 34 34.1 26.7 17.9 15.9 6.8 4.7 2.3 3 4.2 7.8 11.4 9.8 12.1 5.6 5.9 8 4.4 4.2 -0.7 -0.7 -0.7 -0.7 -0.7 -0.7 -0.7 -0.7 -0.7 -0.7 -0.7 -0.7 7.5 11.3 5.1 4 6 17.3 18.2 17.6 16.1 16 16 12.8
-0.7 -0.7 -0.7 -0.7 -0.7 -0.7 -0.7 -0.7 -0.7 -0.7 -0.7 -0.7 22.2 22.8 24 18.8 15.2 16.1 17.1 17 18.1 17 18.1 19.5 20.7 21.6 22.8 21.6 19.5 19.3 18.5 16.2 14.8 16.7 23.6 29.4 31.7 33 35.3 36.4 32.2 29.8 33.7 26.6 21.2 24 9.3 6.6 6 7.6 8.1 10.3 12 11.9 11.7 6.8 5.4 5.6 5.4 2.7 -0.7 -0.7 -0.7 -0.7 -0.7 -0.7 -0.7 -0.7 -0.7 6.1 8.5 8.4 11.3 14.8 9.7 5.4 4.6 13.3 20.5 18.1 16.9 16.3 11.7 12.3
-0.7 -0.7 -0.7 -0.7 -0.7 -0.7 -0.7 -0.7 -0.7 -0.7 -0.7 -0.7 19 18.7 15.8 13 13.5 16.3 19.2 19 17.5 17.3 18.5 19.8 20.2 20.8 20.8 20.9 18.3 18.8 19 17.5 13.9 11.9 14.4 20.8 23.8 25.1 26.3 28.1 26.8 27.1 30.3 25.5 22.2 23.4 15.9 8.6 8.6 7.8 9.6 12 10.7 9.7 8.6 10.3 8 9.4 10 7.2 -0.7 -0.7 -0.7 -0.7 -0.7 -0.7 -0.7 -0.7 5.8 7.9 9.8 11.4 15 17.2 13.9 8.4 5.9 9.1 20 18.3 14.2 13.6 10.8 10.7
-0.7 -0.7 -0.7 -0.7 -0.7 -0.7 -0.7 -0.7 -0.7 -0.7 -0.7 -0.7 20.3 13.3 10.4 10.5 13.8 17.5 21 21.1 19.4 17.8 18.5 19.4 19.6 20.6 21.6 20.4 18.3 19 18.8 18.3 15.2 11.4 9 10.5 13.9 16.4 17.5 19.9 20 21.5 23.8 21 20 19.7 15.9 11.2 10.4 10.5 11.4 13.3 12.4 8.2 8.3 13.1 16.8 11.8 15.8 14.1 -0.7 -0.7 -0.7 -0.7 -0.7 -0.7 -0.7 9.4 9.3 9.8 11.5 12.7 17 20.8 17 15.2 9.4 8.4 15.2 16.9 14.2 9.9 8.8 10.6
-0.7 -0.7 -0.7 -0.7 -0.7 -0.7 -0.7 -0.7 -0.7 -0.7 -0.7 -0.7 -0.7 -0.7 7.9 9.6 14.2 18 22.6 22.9 22.5 18.9 17.9 18.4 20.1 20.2 20.4 19.4 19 19 19 18.1 16.5 12 9.1 7.5 7.2 8.6 11.4 15 16.8 16.8 18.1 18.1 18.3 16.2 13.6 10.1 18.7 11.9 14.2 11.2 8.9 9 9 13.7 24.1 16.8 19 19.9 11 -0.7 -0.7 -0.7 -0.7 -0.7 -0.7 11.2 12.3 12.8 14.5 15.6 17.8 21 17.1 17.6 14.5 9.7 13.5 15 12.2 7.3 5.5 9.5
-0.7 -0.7 -0.7 -0.7 -0.7 -0.7 -0.7 -0.7 -0.7 0.8 -0.7 -0.7 -0.7 -0.7 2.4 8.7 13.9 19.5 25.2 26.5 25.9 20.7 18.5 19.4 20.1 19.9 19.3 18.4 19 20 20.9 20.5 18.4 15.3 11.8 7.9 9.1 7.4 9.4 11.3 12.5 14.9 14.9 15.5 14.3 12.9 11.8 12.9 20.7 14.6 14.7 7.8 9 9 7.3 13.4 22.9 21.1 20.9 24.2 14.3 -0.7 -0.7 -0.7 -0.7 -0.7 -0.7 -0.7 14.5 16.5 17.3 18.1 18.3 18.5 17.7 17.4 15.7 10.5 13.3 12.5 7.9 -0.7 -0.7 -0.7
-0.7 -0.7 -0.7 -0.7 -0.7 -0.7 -0.7 -0.7 -0.7 -0.7 -0.7 -0.7 -0.7 -0.7 -0.7 9 13.7 21.2 27.5 28.8 27.8 23.3 21.6 21.3 22.1 21.7 21.9 22.4 20.6 21.8 23.1 22.7 21.4 18.6 14.9 9.9 9.2 9.3 9.2 8.1 8.6 12 14.2 14.3 14.4 14.4 15.7 14.6 15.3 15.8 13.6 9 9 9 8.8 13.6 22.7 22.2 18.7 24.9 9.3 -0.7 -0.7 -0.7 -0.7 -0.7 -0.7 -0.7 11.7 17.9 19.5 19.7 20.3 17.4 15.6 15.7 15.2 11.2 8.2 7.5 -0.7 -0.7 -0.7 -0.7
-0.7 -0.7 -0.7 -0.7 -0.7 -0.7 -0.7 -0.7 -0.7 -0.7 -0.7 -0.7 -0.7 -0.7 -0.7 5.7 15.5 21.4 28.4 31.7 28.6 24.7 22.7 22.5 23.1 23.6 22.9 23.6 22.5 23.6 24.5 24.4 24.2 21.6 17.8 12.7 7.7 9.3 9.5 9.3 9.3 9.9 12.2 14 14.4 15.1 14.8 15.1 16.1 17.4 13 9 9 9 10 15 22.3 25 19.7 18.6 7.9 10.8 -0.7 -0.7 -0.7 -0.7 -0.7 2.2 6.1 16.7 20.5 21.1 20.7 15.9 12.2 11 14.8 11.5 -0.7 -0.7 -0.7 -0.7 -0.7 -0.7
-0.7 -0.7 -0.7 -0.7 -0.7 -0.7 -0.7 -0.7 -0.7 -0.7 -0.7 -0.7 -0.7 -0.7 -0.7 10.4 16.4 22.1 30.8 33.1 31.5 25.8 23 22.9 23.2 24 23.5 24.1 23.7 24.6 26.3 27.1 26.3 25.6 22.7 17.3 10.6 9.3 9.3 9.3 9.3 9.3 10.6 13.4 15.3 16.7 16.8 19.6 19.4 17.5 15.4 9 9 9 12.3 16.4 22.9 26.8 26 16.1 11.2 12.4 15.1 7.4 4.3 2.9 2.3 2.3 6.6 12.9 20.5 19.5 18.3 14.5 11.2 9.9 12 10.1 -0.7 -0.7 -0.7 -0.7 -0.7 -0.7
-0.7 -0.7 -0.7 -0.7 -0.7 -0.7 -0.7 -0.7 -0.7 -0.7 -0.7 -0.7 -0.7 -0.7 1.9 10.7 16.9 23.4 31.8 36.8 34 26 23.2 23.4 24 24.6 24.5 24.8 25 26.2 28.4 30.7 31.8 30 27.3 22 16.8 8.1 9.3 9.3 9.3 9.3 9.1 11.3 15.1 15.5 18.9 20.9 20.7 17.6 15.1 10.6 9 9 14 17.9 25.3 27.8 25.6 19.3 13.5 14.2 16.3 13.7 9.4 6.2 4.1 3.2 7.8 13.3 17.4 17.8 15.7 13.3 9.5 9.1 8.5 -0.7 -0.7 -0.7 -0.7 -0.7 -0.7 -0.7
-0.7 -0.7 -0.7 -0.7 -0.7 -0.7 -0.7 -0.7 -0.7 -0.7 -0.7 -0.7 -0.7 -0.7 -0.7 7.8 17.1 23.9 33.5 38.4 34.6 25.7 23.6 24.2 24.7 24.1 26 27 27.7 28.3 32 34.1 35.9 35.3 32 28.3 22.7 14.4 10.2 9.3 9.3 8.9 9.7 11.5 8.5 13.8 19 21.9 23 25.8 16.6 11.7 9 9 14.4 18.5 28.1 29.8 24.7 20.2 15.4 16.9 20.5 17.2 14.2 11.2 8.5 7.1 8.1 14.3 18.9 19 15.2 11.2 7.8 7.3 8.2 -0.7 -0.7 -0.7 -0.7 -0.7 -0.7 -0.7
-0.7 -0.7 -0.7 -0.7 -0.7 -0.7 -0.7 -0.7 -0.7 -0.7 -0.7 -0.7 -0.7 -0.7 -0.7 6.2 6.9 12.4 34.9 37 32.3 25.6 24 24.4 25 24.5 26.8 28.9 28.6 30.2 33.5 35.9 37.7 39.6 38 32.8 27.2 19.5 12.6 9.3 9.3 9.4 4.6 4.8 4.7 11.2 19.2 21.4 22 25.5 23.7 15.1 9 9 13 18.7 28.4 28.8 25.3 21.7 19.1 21.2 26.9 25.2 18.8 15.3 12.1 10.7 8.3 13.9 20.3 21 14.6 10.1 6.6 4.7 3.7 -0.7 -0.7 -0.7 -0.7 -0.7 -0.7 -0.7
-0.7 -0.7 -0.7 -0.7 -0.7 -0.7 -0.7 -0.7 -0.7 -0.7 -0.7 -0.7 -0.7 -0.7 -0.7 -0.7 -0.7 -0.7 -0.7 -0.7 -0.7 2.8 25.5 25.4 25.9 25.4 27.1 27.4 28 30.8 34.3 39.1 40.7 41.8 43 39.2 31.1 23.8 18 11.1 9.1 9.4 1.1 1.5 1.8 10.5 15.6 17.9 20.7 23.6 23.7 22.8 14.2 9 11.4 18.7 26.5 28.3 25.6 24.8 25.3 24.7 29.8 29.8 21.4 17.7 16.5 14 10 12.2 20 21.6 15.1 10 5.6 -0.7 -0.7 -0.7 -0.7 -0.7 -0.7 -0.7 -0.7 -0.7
-0.7 -0.7 -0.7 -0.7 -0.7 -0.7 -0.7 -0.7 -0.7 -0.7 -0.7 -0.7 -0.7 -0.7 -0.7 -0.7 -0.7 -0.7 -0.7 -0.7 -0.7 28.2 27 26.1 25.4 23.7 23.7 26.2 29 31.3 35.2 40.2 42.9 43.7 45 44.6 39.3 31.9 24.4 15.7 8.9 9.5 1.4 2.9 0.8 2.8 9.5 14.2 17.8 21.4 24.8 23.2 18.6 12.3 11.4 18 25.5 28.7 27.4 25.2 29.4 28.5 30.4 29.9 24 20.1 20.5 18.3 11.3 11.2 17.3 19.7 15.1 9.4 4.9 -0.7 -0.7 -0.7 -0.7 -0.7 -0.7 -0.7 -0.7 -0.7
-0.7 -0.7 -0.7 -0.7 -0.7 -0.7 -0.7 -0.7 -0.7 -0.7 -0.7 -0.7 -0.7 -0.7 -0.7 -0.7 -0.7 -0.7 -0.7 -0.7 -0.7 29.2 27.6 25.6 -0.7 20.1 23.4 27.1 29.3 31.7 35.4 40 42.4 44.3 45.7 46.8 45.3 36.9 29.5 20.9 13.4 9 2.4 0.8 -0.7 -0.7 -0.7 4.7 11.2 17.3 21.1 23.9 23.6 13.9 12.1 17.6 24.1 27.7 30.7 26.2 28.6 31.3 30.5 31.2 25.3 22.6 21.7 20.3 14.5 9.2 11.8 14.5 13.9 9.7 5.6 -0.7 -0.7 -0.7 -0.7 -0.7 -0.7 -0.7 -0.7 -0.7
