public/OST50/HU35.asc
ncols 200
nrows 200
xllcorner 430000
yllcorner 1150000
cellsize 50
[rows 74 to 110 of 200, columns 84 to 167 of 200]
18.2 12.2 5.9 -0.7 -0.7 -0.7 -0.7 -0.7 -0.7 -0.7 -0.7 -0.7 -0.7 -0.7 -0.7 -0.7 -0.7 -0.7 9.7 23 31.4 38.2 41.6 45.4 51 56.7 63.7 68.1 70.9 74.8 78.3 81.8 84.1 81.9 77.7 74.3 69.5 63.2 54.6 47.5 39.9 35.6 31.2 27.9 29.8 30.5 29.8 31.6 33.3 36.7 38.8 41.1 43.7 41.4 43.6 50 57.6 69.1 78.1 87 98.3 111 119.7 122.9 115.4 104.6 93.6 90.6 93.4 96.7 101.2 104.7 102.7 105 107.5 106.6 110.9 117 120.3 119.9 120.7 123.7 140.8 148.7
20.1 13 6.1 -0.7 -0.7 -0.7 -0.7 -0.7 -0.7 -0.7 -0.7 -0.7 -0.7 -0.7 -0.7 -0.7 -0.7 -0.7 8.6 19.4 26.1 35.3 41.4 44.4 49.4 56.4 62.6 67 71.5 74 78.3 82.4 86 83 78.6 74.9 70.9 65.2 56.4 48.8 41.5 36.2 32.1 27.6 30.6 31.1 31.6 33.3 34 36.1 41.1 45.6 44.4 43.3 45 54.8 61.3 73.5 82.1 93.8 101.7 113.1 123.1 128.3 123.8 113.2 102.2 97.6 96.3 98.9 103.5 104 104.7 105.3 108.6 108.6 106.4 111.5 117.5 117.7 114 117.7 129.9 140.8
19.2 13.2 6 -0.7 -0.7 -0.7 -0.7 -0.7 -0.7 -0.7 -0.7 -0.7 -0.7 -0.7 -0.7 -0.7 -0.7 -0.7 8.2 16.3 23.4 31.8 39.2 43.5 49.2 56.6 62.5 67.8 70.8 74.7 79.5 83.4 86 86 79.6 75.6 71.9 66 57.8 49.3 42.4 37.6 33.3 28.6 31 33.6 33.5 35.6 36.9 38.7 43.1 47.5 49.3 50.7 50.5 57.3 66.2 78.5 87.6 98.6 107.4 117.4 126.7 134 130.7 120.5 110.1 104 102.3 100.8 103.5 104.2 102.8 105.6 108.1 108.9 103.8 108 112.6 114.4 110.2 112.8 120.3 132.8
17.3 12.9 6.2 -0.7 -0.7 -0.7 -0.7 -0.7 -0.7 -0.7 -0.7 -0.7 -0.7 -0.7 -0.7 -0.7 -0.7 3.3 10.9 18 27.3 29.6 36.6 43.1 49.2 57.1 63.1 67.5 70.9 75 79 84.7 86.7 85.7 80.7 75.9 71.8 66.8 58.6 49.8 43.8 39.8 34 28.8 31.5 32 34.7 37.4 40.8 42.2 45.9 48.2 54.8 54.5 58 61.3 70.6 83.8 93 101.7 110.9 121.8 130.5 137.7 136.2 128.1 116.6 109.1 106.4 105.1 105.4 105.4 102.7 105 106.5 106.2 103.5 106.4 108.9 111.4 103.9 103.5 106.9 117.5
15.3 10.3 5.4 -0.7 -0.7 -0.7 -0.7 -0.7 -0.7 -0.7 -0.7 -0.7 -0.7 -0.7 -0.7 -0.7 -0.7 6 13 20 26.7 30.3 38.2 45.9 50.4 56 61.5 66.4 70.5 74.1 79.4 85.1 87.2 86.7 82.6 76 71.1 65.4 59.2 50.6 45.1 41.2 36 29 29.8 34.5 37.5 40.7 43.4 45.1 49.5 51 57.1 61.1 64.7 68.2 74.6 87.4 97.6 105.1 112.8 124.6 132.4 138.4 138.5 133.6 123.5 113.4 109.8 110.1 109.6 105 102.7 104.5 103.5 103.5 103.5 103.5 103.5 103.5 103.5 103.5 103.5 108.1
14.1 8.7 5.3 2.5 -0.7 -0.7 -0.7 -0.7 -0.7 -0.7 -0.7 -0.7 -0.7 -0.7 -0.7 -0.7 -0.7 7.9 14.4 25.2 31.1 34 39.9 47.2 51.3 57.3 60.9 64.6 68.6 73.2 78.2 84.1 87.7 86 81.6 76 70.6 64.8 57.9 50.5 45.6 41.7 37 30.5 31.1 36 39.3 41.8 44.1 48.3 51.4 57.1 59 64.4 69.3 73.7 80.2 89 99.8 107.4 114.2 124.1 132 139.5 139.8 136.9 129.6 119.9 113 111.7 109.9 107.2 105 105 103.5 103.5 103.5 103.5 103.5 103.5 103.5 103.5 103.5 103.5
13.7 8.4 5.7 4.7 3.5 -0.7 1 1.3 -0.7 -0.7 -0.7 -0.7 -0.7 -0.7 -0.7 -0.7 5.8 11 15.6 25.9 36.1 38.1 43 48.9 53.2 56.6 61 63.5 67.7 73.5 78.4 82.2 86.8 85.8 82.3 75.8 70.2 64.1 57.1 50.6 45.7 41.8 36.6 29.9 32.2 36.9 40.3 43.6 47 50.9 55.8 59.9 63.9 68.2 73.1 80.7 86.9 93.2 100.8 109.2 117.6 125.4 134 139.5 142.4 138.2 133.1 125.6 117.9 113.4 112.1 109.9 107.9 106 104.8 103.5 103.5 103.5 103.5 103.5 103.5 103.5 103.5 103.5
13.1 9.4 8.1 4.5 4.3 2.3 2.4 3 2.5 -0.7 -0.7 -0.7 -0.7 -0.7 -0.7 -0.7 5.9 9.7 13.8 22.9 32.1 38 44.3 49 52.2 55.4 58.7 62.7 66.9 72.7 77.1 80.1 83 84.2 80.8 75.2 69.8 63.2 56.3 50.1 45.6 42 36.6 30.2 32.7 36.9 40.8 44.6 49.9 52.9 58 64.7 69.1 73.1 78.9 85.4 91.2 97.8 104.8 112.1 118 126.3 134 141.5 142.7 140.5 134.9 129.1 121.7 116.8 113.9 112.6 107.9 107.2 107.3 107.9 106.5 103.5 106 103.5 103.5 103.5 103.5 103.5
13.2 9.4 5.8 6.7 7 5.6 4.6 -0.7 -0.7 -0.7 -0.7 -0.7 -0.7 -0.7 -0.7 6.8 9.4 13.1 15.6 20.9 28.5 37 42.3 46.3 49.6 53.4 56.5 60.6 65.4 71.5 75.4 78.4 80.2 80.3 77.9 73.4 67.9 62.2 55.9 49.3 45.4 42.4 38 30.1 33.6 36.7 40.3 45.6 50.3 53.5 59.3 67.4 74.3 79.7 84.3 89.4 96.2 100.3 108.5 113 119.8 126.3 134.7 141.8 142.6 139.6 134.5 129.8 123.5 118.4 115.4 114.9 107.4 108.5 110.8 110.4 107.2 103.5 103.8 104 103.5 103.5 103.5 103.5
13.3 10.1 8.3 9.8 7.8 6.7 5.1 -0.7 -0.7 -0.7 -0.7 3.3 4.4 2.8 3.3 7.7 12.3 16.9 19.3 20.1 25.3 34 40.1 44.9 48.3 50.7 54.3 59 64.6 69.1 72.2 74.8 76.5 77.3 74.7 71 65.8 60.4 54.7 49.2 44.7 42.2 38 32.9 34.2 38 40.8 43.8 48.5 53.1 58.7 66.7 75.6 84 90 95.3 98.8 102.6 109.2 115.3 121.3 129.2 134.2 139.8 143.1 140.6 133.7 128.9 124.8 118 114.7 112.4 108 108.6 110.3 110.4 108.2 104.3 103.5 103.5 103.5 103.5 106.3 103.5
12.6 9.7 8.5 11 7.2 6.4 6.8 5.2 3.4 -0.7 -0.7 5.9 7.6 7.2 6.6 9.1 15.8 19.3 22.2 23.5 23.8 31.2 35.9 41.8 46.4 48.7 52.5 57.2 61 64.5 67.9 69.8 71.8 72.2 70.4 67.5 63 58.6 53.7 49.3 45.3 41.5 37.7 32 35.3 38.7 41.4 43.5 49.7 53 58.3 66.2 74.6 82.9 93.1 98.4 104.1 105.7 108.4 115.4 121.1 128.1 133.6 137 139.9 138.7 133 127.5 122.7 115.4 113.4 111.6 108.9 109.4 111.3 112 111 109.6 109.5 101.8 103.5 103.5 103.8 104.3
11.9 9.7 8.8 10.6 8 8.4 8.2 7.1 6.3 -0.7 4.7 7.5 9.4 10 8.7 11 13.1 20.5 23.9 25.6 26.6 27.8 33.1 37.5 43.1 47.5 50.9 54.3 57.8 60.4 62.9 64.7 66.4 66.2 65.5 63.6 60.5 56.6 52.1 48.5 44.1 39.6 35.9 34.1 36.6 39.4 41.8 43.8 49.4 54 58.2 65.4 73.9 82.7 91.7 100.1 106.5 109 111.1 116 123.5 129.2 133 136 138.3 137.3 132 125.5 121.6 114.2 111.8 109.2 109.9 112.8 113.9 116.1 113.9 115 110.4 104.7 103.5 103.5 105.3 110.1
11.5 9.9 9.7 9 8 8.7 8.6 8.7 7.9 6.5 5.3 9.3 12.9 12.5 11.1 13.3 15.2 19 22.9 25.8 28.7 30.2 32.7 36.6 41.8 45.4 49.2 52.7 55 56.9 58.4 60 61.3 62 60.7 59.6 58.2 54.7 51 48 43.6 40.6 37 34.1 36.6 39.3 41.7 44 49.8 54.2 58.1 65 71.5 81.6 90.2 100.6 108.2 112.3 116 118.7 125.9 132.2 132.7 134.7 137.1 135.5 129.6 123.7 118.3 112.3 110.7 109 110.9 112.7 117.2 119.2 119.2 120.2 116.8 108.9 103 103.5 108 115.9
11.2 9.3 10.6 10.5 9.5 9.3 9.9 11.8 13 10.4 5.7 10.8 14.2 15.8 13.6 13.6 18.2 21.3 24.2 25.9 30 32.8 36.3 39.5 42.5 45.5 48.7 52.1 53.3 55 56.1 57 57 57.3 57.4 55.5 54.3 52.5 50.5 47.6 44.7 41.3 38 35.3 37.6 41.7 43.5 46.5 50.3 55.6 58 65.6 73.6 79.3 89.9 100.1 109.8 114.8 118.8 121.6 125.2 131.1 132 132.4 133 131.1 125.1 119.9 115.8 110.1 109.9 107.2 107.1 110.6 117.1 124.5 127.6 123.7 121 120.2 111 103.5 106.5 120.9
11.6 9.8 10.8 11.7 11.4 12.4 12.8 13.6 14.3 12 8.4 10.4 14.6 15.4 13.9 13.7 18.9 26.2 29.5 31.8 32.1 35 40 42.4 45.4 48.3 50.9 52.3 53.3 54.7 55.5 55.3 54.9 55.5 55.8 54.5 53.2 51.9 50.3 48.1 45.6 43.8 40.1 36.6 37.2 44.5 46.4 47.3 50.6 56.5 58.2 66.4 73.2 79.4 87.8 100 108.7 114.7 118.5 123.3 126 129.7 130.6 130.7 130.3 126.6 123 118.3 113.8 109.5 110.7 107.4 105.2 105.8 114.8 122.6 129.3 130.1 128.4 126.6 117.1 108.7 108.5 116.6
10.9 11.6 12.8 14.5 14.1 13.6 14.3 13.7 13.2 12.3 8.9 8.3 11.5 14.2 13.4 13.8 18 26.6 35.3 39.2 39.1 38 42.8 45.8 48.6 50.7 52.4 53.8 54.2 55.3 55.4 54.7 54 54.5 55.5 54 53.2 51.7 49.9 48.9 46.7 44.4 40.4 38.4 36 45.2 47.7 48 50.1 57.3 58.5 66 71.7 78.3 87 99.1 107.7 112.7 116 120.9 124.7 127.5 128.8 129 127.2 124.1 121.8 119.5 114.3 108.6 107.5 105.2 105.2 105.2 110.9 119.1 126.2 124.2 125 124.6 121.7 117.4 114.5 119.8
9.6 9 11.8 16.2 18.5 15.7 12.8 11 10.7 10.5 8.7 8 11.8 13.4 13.1 15 18.5 25.1 33.9 42.8 48.8 44.5 45.7 47.4 50.5 52.3 53.5 54.3 55 55.7 55.8 55.8 54 54 54.9 54.3 53.4 52 50.5 49.6 47.4 44.5 43.3 40 37.9 43 46.9 49.1 50.6 56.4 58.5 64.8 71.2 78.1 86.3 96.2 105.2 110.4 114.2 118.5 122.9 126.1 126.8 126.8 126.5 122.3 119.6 116 113.5 107.7 105.2 105.2 105.2 105.2 107.2 115.1 123 125.7 124.5 124.9 126.1 123.9 120.6 123.4
9.4 9 10.3 14.6 17.6 18.6 13.4 12.1 11.2 10.8 9.5 9.7 11.6 12.7 12.9 15.5 18.8 25.5 31.6 38.4 49.2 49.5 47.4 48.7 51.9 53.9 54 54.9 55.3 56.4 56.8 56.5 56.1 55.4 55.1 54.6 53.9 52.5 52.1 50.1 48.1 46.1 45 40.6 38.2 42.3 45.7 48.2 50.2 54.7 58.7 64.5 71.7 81.1 88.8 95.8 102.9 109.8 112.7 117.2 120.1 122.6 123.8 124.3 124.4 121 117.1 114.4 111.5 105.2 105.2 107.5 105.2 105.2 105.2 106 113 119.3 125.2 125.6 130.2 130.2 127.7 130.4
9.3 9 11.1 15.9 19.2 17.3 14.2 12.1 12 11.7 11.1 11 10.4 12.9 13.4 16.6 19.3 24.6 32.8 37 43.8 48.4 47.2 49.8 52.1 53.8 55.9 55.7 57.4 58.9 59.4 58.2 58 56.9 56.3 55.6 54.7 53.8 52.8 50.9 48.9 47.6 45.1 43.7 37.8 41.2 44 47.9 51.2 54.4 60.2 65.6 72.7 81.6 91.7 98.1 105.6 108.2 112.3 116.9 120.4 119.7 120 121.1 120.8 118.1 114.8 112.1 109.2 105.2 105.2 105.2 105.2 105.2 105.2 105.2 107.6 113.7 122 128.8 131.1 136.7 139.3 145.2
9 9 12.6 16.1 17.1 18 17.4 17.7 14.9 12.9 12.6 12.5 11.9 13.4 14.3 17.6 19.7 23.9 31.9 38 39.6 42.2 44.4 47.9 52.3 54.9 56.6 57.9 60.6 63.9 64.6 64 61.4 59.4 58.6 56.6 56.4 55.2 54 52.3 50.7 48.5 47.7 46 38.1 42.5 46 48.2 50.6 54.5 60.5 67 74.1 82.2 90.8 98.5 104.8 109.1 113.9 116.8 119.5 119.3 118.5 118.6 116.9 115.3 112.4 110 105.2 105.2 105.2 105.2 105.2 105.2 105.2 105.2 105.2 111.9 120.5 129.5 129.4 138.7 149.7 150.3
9 9 10.2 15.6 18.3 20.4 22.6 20.5 19.2 17.4 17 16.2 16.1 15.8 16.8 18.9 22.8 22.5 28.1 34.6 37.7 39.9 44.5 50 54.3 56.4 59.6 62.4 64.4 66.9 70.1 70.8 67.4 64.3 61.3 60.2 58.9 56.6 56.3 53.8 52.3 50.7 49.1 47.1 42.4 41.8 45 49.9 50.5 54.6 60.5 67 72.9 79.6 89.8 98.2 105 110.1 114.3 116.9 118.6 119.6 117.5 115.7 113.8 113.7 111.4 105.2 105.2 105.2 105.2 105.2 105.2 105.2 105.2 105.2 105.2 108.7 116.7 125.2 130.7 141 152.8 158.1
9 9 9 15.3 19.7 22.9 25.2 25.7 22.4 21.3 20.9 21.1 19.4 18.3 18.4 22.1 25.5 27 27.2 30.3 35.4 38 42.2 51.2 55.7 57.9 62.3 66.3 70.6 70.9 72.1 73.7 72.2 69.2 65.6 63.8 62.2 59.3 57.9 55.5 54.5 53.2 51.5 49.8 41.3 42.5 45.7 48.9 51.3 53.3 59.4 66.5 72.5 81.5 91.7 99.7 106.7 113 116.2 118.1 118 118 116.2 114.1 112.3 112.2 110.3 105.2 105.2 105.2 105.2 105.2 105.2 105.2 105.2 105.2 105.2 109.4 118.3 128.3 134.5 146 160.4 170.4
9 9 9 13.7 19.2 24.7 27.5 29.4 26.1 25.6 25.3 24.3 22.4 21.6 20.7 23.2 27.9 29.3 30.9 30.8 32.9 37.4 39.9 47.1 54.8 57.1 63.3 69.9 71.9 75 75.2 75.4 75.2 72.6 70 68.1 66 62.8 59.5 57.5 56.7 56.1 54.2 51.6 45.2 43.1 47.6 50.4 52.3 54 57.7 63.8 71.3 81.8 92.8 101.3 107 114.9 117.5 116.4 117.3 115.6 114.3 112.9 110.2 110 109.3 105.2 105.2 105.2 105.2 105.2 105.2 105.2 105.2 105.2 105.2 109.9 118.8 131.8 145 157.1 171.1 180.4
9 9 9 9.1 18.4 24.9 31.7 30.4 28.8 29.3 29.7 28.9 25.4 23.9 23.4 24.1 26.9 31.4 32.8 33.8 34 35.7 38.3 41.5 45.4 54.9 61.9 68.5 71.4 74.6 75.4 77.7 77 75.5 73 71.6 70.7 67.3 63.6 60.7 59.2 57 55.7 52.8 49.2 44 48 52.1 53.6 54.5 57.3 64.1 72.3 81.6 91.7 101.5 106.8 113.9 115.5 114.7 116.1 113.3 110.7 109.7 108.5 105.5 105.2 105.2 105.2 105.2 105.2 105.2 105.2 105.2 105.2 105.2 105.2 111.5 120.3 132.9 152.1 171 180.5 188.4
9 9 9 10.2 17.6 23.7 30.6 31.6 31.5 33.4 35.8 35.6 32.1 28.3 26.5 26.4 29.3 32.5 34.8 36.7 37.7 36.7 37.4 39.4 41.8 46.4 53.7 60.7 66.1 69 72.7 76.5 77.7 76.6 76.5 75.1 74.5 71.2 67.3 64 61.8 60.2 57.1 54 50.2 44.6 46.3 51 53.6 54.6 56.5 63.6 72.5 83 91.5 99.5 106.1 113 112.4 111.7 113.8 109.6 108.3 107 105.8 105.2 105.2 105.2 105.2 105.2 105.2 108.5 105.2 105.2 105.2 105.2 105.2 111.8 122 136.4 150.6 168.1 190.9 197.9
9 9 9 9.6 16.7 23.7 29.5 33.1 35.4 38.4 41.8 42.7 38.3 32.2 29.9 29.7 31.7 36 38.4 38.5 39.9 39.2 38 38.2 40 42 46.3 49.3 55.3 63.2 71.6 76.1 78.2 79 78.9 78.3 77.9 74.8 71.5 67.8 65.5 62.7 60.5 55.7 51.8 45.4 48.7 51.3 53.5 54.8 56.3 63.9 74 82.1 91.2 99.6 105.5 109 108.8 109.1 111 108 107.5 105 108.5 105.2 105.2 105.2 105.2 105.2 105.2 109.4 105.2 105.2 105.2 105.2 105.2 114.5 126.9 137.6 151.6 167.6 185.2 195.5
13.3 9 9 10 16.5 22.9 30.9 37.3 40.4 43.8 48.5 49.4 45 37.6 32.7 33.1 36.1 39.9 43.5 45 42.1 40.7 39.6 39 39.9 41.5 43.4 50.1 59 65.8 74.5 78.9 80.3 80.6 81.3 81.8 80 78.1 75.4 71.3 68 64.5 61.9 57.4 52.8 47.9 49 52.1 54.1 55.3 56.3 63.4 75.3 82 88.9 97.6 102 106 105.4 104.7 107.1 107.2 105 106.5 109.1 108.9 108.5 109.2 105.2 105.2 105.2 105.2 105.2 105.2 105.2 105.2 109.5 118.1 127.4 141.3 154.1 167 180.8 196.3
14.1 9 9 11 16.3 26.1 33.3 40.9 45 48.3 53.2 55.2 54.1 44.7 36.6 37.8 39.2 43 47.1 49.9 45.8 43.7 41.5 40 40.2 42.9 46.6 51.8 60.2 68.9 76.9 81.4 83.2 85.4 84.5 83.8 83.8 81.6 78.2 75.1 71 68.1 63.4 59.3 54.5 49.7 50.1 53.3 54.2 55.1 56.4 64.1 73.6 79.9 87.2 94.2 99.2 104.8 102.5 102.6 103.3 103.7 106.8 108.9 111.1 111.8 112.6 112.3 113.9 107.9 110.1 110.7 105.2 105.2 107.2 106.7 110.8 120.9 126.9 141.3 155.9 167 179.9 194.7
14.8 10.9 9 10.3 16.3 27.8 35.5 43.9 49.9 51.1 56.8 59.2 58.8 53 43.4 42.3 44.2 46.4 49.9 52.2 49.7 47.3 43.5 41.4 41.5 45.4 51.8 57.9 64.7 70.7 77.6 83.4 87.4 88.3 87.9 86 84.6 83.8 82.5 78.3 74 69.6 64.4 60.8 55.9 52.4 51.7 53.3 54.3 55.4 57.3 64.4 70.8 79.6 87.2 93.9 99.8 101.9 98.1 98.1 102 105.1 107.9 110 113.6 112.9 115.5 116.6 117.5 113.5 114 115.4 112.4 111.9 114.4 110.6 116.5 121 130.4 140.7 156 168.3 182.2 197
16.2 13 13.1 12.4 15.3 26.2 37.5 46 52.1 55.3 61.4 63.5 62 58.1 50.2 46.8 50 50 53.3 54.1 54.3 51.5 46 42.6 42.5 47 55 64.4 70.3 75 79.2 85.3 91.5 93.4 93.2 90.4 87.7 86.5 84.7 81.1 76.8 71.3 65.9 61.5 57.2 53.8 51.8 54.1 55.3 56.8 60.3 63.7 70.9 79.3 87.6 94 100.8 102.8 98.1 98.1 100.6 105.5 108.3 110.8 113.5 115.4 120 122.4 123.2 119.2 120.1 120.7 116.8 116.2 114.9 113.1 119.8 126.4 133.1 141.9 155.3 169.2 187.6 200.3
18 15 13.8 13.1 16.9 25.7 38.1 48.5 53.8 60.3 67.3 68.5 69.1 62.7 55.4 51.1 55 54.4 55.4 57.5 58.8 55.1 48.7 44.4 43.9 48.4 56.2 68.2 76.1 81.2 84.8 88.4 92.2 97.3 97.7 93.8 91.1 89.6 86.2 82.8 78.2 72.2 66.5 61.1 58.5 51.9 53 55.3 57.1 59.2 64.9 68.8 74.5 79.6 86.5 93.1 99.5 102.9 98.1 98.1 98.5 106.1 107.9 113.2 115.6 118.4 122.4 127.4 128 123.7 124 126.4 121.6 119.4 117.7 117.5 123.5 128.7 136.5 144.8 153.8 170.2 188.8 204.4
19.4 16.9 16 14.4 19.2 28 37.9 49.1 56.9 62.3 71.2 72.7 74.4 66.9 59.1 55.2 59 58.7 58.4 60.9 60.9 57.4 51.2 47.9 46.6 48.4 56.2 67.2 77 87 93.7 94.4 98 98.8 101 97.9 94.9 92.6 88.9 83.9 78.3 72 65.9 61.8 57.9 50.3 55 56.9 58.6 62.9 68.1 74.4 79.2 83.2 89 94.7 99.2 100.9 98.1 98.1 99 105 108.9 115.1 118.9 122.3 124 128.9 131.7 128.3 128.3 131.1 126.9 126.3 124.1 121.1 125.2 131.5 138.5 151.5 158.8 172.6 189.9 204.7
20.1 18.5 16.7 17.3 21.5 30.8 39.4 50 59.5 68.3 74 77.7 78.9 68.6 61.1 58.6 61 63.5 63 64.9 67 62.3 54.9 55.1 53.3 53.7 57.9 66.5 79.5 88.5 93.9 99.6 104.6 106.7 106 102 98.7 94.8 90.9 85.6 79.3 72.3 67.4 62.8 59.1 54.6 56.1 58 61 65.7 71.9 79.1 82.7 86.7 92.5 97.4 99.8 102.4 98.1 98.1 98.1 105.9 110.3 115.6 120.5 126.6 129.9 131.6 133.9 133.7 133 132.7 131.3 131 130.2 129.2 127.4 132.2 139.1 150.2 164.5 174.1 191.4 206
21.3 20.4 19.6 19.7 23.7 33.7 42 52.4 62.2 73.6 80.1 83.7 81.5 69 61.9 59.9 63.5 68.2 68.4 67.8 71.3 67.6 62.2 63.1 61.8 60.5 61.3 66.6 79.6 92.1 101.7 103.9 108.5 112.2 113.1 108.8 103.3 99.9 95.1 88.8 81.8 74.3 68.8 64.1 60.4 53.3 58.2 58.4 62.9 68.2 72.9 81.3 87.3 91.2 95.5 99.7 103.3 104.2 98.4 98.1 98.1 103.8 110.3 115.6 121 127.8 133.9 135.1 137.2 138.6 137.5 135.6 135.5 135.9 133.4 132 132.7 136 143.5 148.7 162.4 174.9 190.5 206.1
22.9 22 20.4 22.8 28.6 36.8 45.8 55.7 64.4 75.9 84.2 87.7 81.7 68.8 61.5 59.7 62.5 69.7 70 70.1 73.6 75 68.9 69.5 68.8 68.4 67.8 70.3 79.7 91.8 104.2 109.7 110.6 117.2 118.7 115.1 111.2 106.8 100.9 93.4 85.6 77.2 71.4 65.6 61.4 57.4 60.4 62.5 64.6 70.4 73.6 81.4 89.7 94.4 97.8 100.6 104.7 105.2 98.1 98.1 98.1 103.7 110.1 117.2 121.7 128.5 134.1 138.1 139.9 140.9 141.7 138.6 139.2 139.1 136.9 136.7 138.9 142.7 148.7 155 163 177.3 190.6 201.5
24.2 23.2 21.7 24.5 31.6 40.5 49.7 59.8 67.2 77.2 85.1 87.7 80.6 68.4 60.8 58.7 61.5 67.1 69.3 71.8 72.4 74.7 73.5 73.2 74.7 74 74.6 75.6 81.8 92.7 102.2 110.7 113.7 120.8 123.2 119.8 115.6 110.3 103.9 96.9 88.5 79.9 73.2 67.5 62.7 56.8 61.9 64.1 65.3 69.7 73.7 81.7 89.7 94.2 99.2 102.6 104.2 102.6 98.1 98.1 98.1 101.7 109.6 118.2 122.3 128.6 134.8 138.3 142.4 141.1 141.9 140.8 141.2 140.9 139.2 141.4 142.4 146.9 153.9 159.1 166.8 178.1 193.6 203.7
26.1 24.4 23.4 26.8 34.6 43.2 53 65.9 70.3 79.5 85.2 85.7 78.4 66.4 59.5 56 58.2 63.9 68.5 71.5 73 73.1 76.1 76.6 77.8 79.7 80.4 82.1 85.7 92.6 100.8 108.2 113.9 119.1 121.9 122.1 117.5 111.5 104.6 97.7 90.5 83.3 75.6 69.7 64.7 60.7 63.1 65.7 67.7 67.2 72.1 80.6 88.6 94 95.9 99.4 101.8 98.6 98.1 98.1 98.4 103.1 109.6 118.1 122.9 129.6 134.9 138.1 140.7 141.2 141.2 142.3 142.4 141.9 141.7 143.4 144.9 149.3 154.5 161.6 168.5 178.1 192.5 201.3
