public/OST50/HU35.asc
ncols 200
nrows 200
xllcorner 430000
yllcorner 1150000
cellsize 50
[rows 0 to 36 of 200, columns 84 to 167 of 200]
-0.7 -0.7 -0.7 -0.7 -0.7 -0.7 -0.7 -0.7 -0.7 11.1 12.3 9.7 -0.7 -0.7 8.9 17.2 21.7 26 29.8 35.3 36.5 39.5 45.3 51.6 55 58.9 61.8 66.1 66 66.9 67.1 70.4 75.8 78.2 77.6 79.6 72.8 72.9 77 80.7 84.8 90.2 95.9 100.6 103.8 99.3 89.7 85.4 84 82.8 84.5 88 93 101.7 113.6 121.6 124.7 121 112.6 105.7 100.9 91.9 89 89.3 90.9 92 94.2 101.8 110 117.9 130.6 152.6 164.2 178.9 195.2 209.6 217.5 214.5 218.6 220.8 220.8 222 221.4 222
-0.7 -0.7 -0.7 -0.7 -0.7 -0.7 -0.7 -0.7 -0.7 6.4 8.5 8.3 8 4.6 7.6 17.4 22.8 28.7 32.4 36.7 40.7 40.9 46.4 54 58.3 59.5 62.7 65.5 66.7 66.9 67.9 70.9 77.6 81.6 80.1 78.7 75.5 75.6 78.9 83.6 88.5 91.9 97.9 102.7 106.6 103.6 93.5 89.1 85.8 85.2 85.4 89.4 95.7 105.3 114.9 123 127.1 123.2 115.9 109.4 101.7 94.3 90.4 91.1 91.9 94.4 97.9 105 110.4 118.5 135.3 150 164.6 184.5 203.6 217 222 219.8 219.3 220.2 220.6 220.9 221.2 221.4
-0.7 -0.7 -0.7 -0.7 -0.7 -0.7 -0.7 -0.7 -0.7 -0.7 -0.7 -0.7 -0.7 -0.7 7.1 15.5 23.4 30.2 36.1 40.8 44.6 47.1 49 56 62.3 62.6 65.5 67.2 68.5 68.7 71.1 74 79.4 84.5 84.6 81.9 81.4 80.1 82.4 85.9 90.4 93.4 98.1 105.4 110 106.6 97.7 92.3 88.5 88.1 88.9 92.5 98.4 109.2 120.1 126.7 130.4 126.9 119 110.3 102.9 97.1 92.1 92.3 93.3 97.3 102 104.3 113.3 125.2 140.9 156.6 173.8 195.6 209.3 221.2 224.4 220.1 219.5 218.3 218.1 219.9 221.1 222.8
-0.7 -0.7 -0.7 -0.7 -0.7 -0.7 -0.7 -0.7 -0.7 -0.7 -0.7 -0.7 -0.7 -0.7 -0.7 14.4 22.5 29.8 38.5 46.4 48.6 52.1 54.4 57.5 63.8 67.8 67.7 68.6 70.4 70.8 73.7 78.2 81.7 85.9 88.2 86.2 87.3 85.4 85.7 90.6 92.1 95.3 98.8 104.5 111.2 110.1 100.9 96.5 91.6 91.2 92.8 95.9 100.5 111 124.8 132.2 133.2 128.6 121.3 113.4 106.4 100.6 94.1 93.8 95.7 98.8 107.9 106.8 114 133.6 145.5 163.3 180.3 199.6 215.9 222.7 221.9 217.3 218.6 218.5 218.5 221.2 221.2 221
-0.7 -0.7 -0.7 -0.7 -0.7 -0.7 -0.7 -0.7 -0.7 -0.7 -0.7 -0.7 -0.7 -0.7 -0.7 9.9 19.9 29.8 38.9 49.3 54.1 56.7 60.2 62.5 64.9 70.3 72.4 71.4 73.8 74 75.1 78.9 86.5 88.4 90.4 90.3 89.8 90.2 90.5 93.7 95.9 98.1 100.9 104.5 108.4 108 102 97.8 94.5 93.8 95.5 98 103.2 113.8 127.3 136.5 137.3 128.5 120.6 113.6 107.6 103.1 94.8 94.1 96.5 98.8 105.3 108.4 116.3 134.1 151.5 169.7 184.8 202 217.5 222.6 219 219.5 219 219.7 219.8 222.4 222.2 217.8
-0.7 -0.7 -0.7 -0.7 -0.7 -0.7 -0.7 -0.7 -0.7 -0.7 -0.7 -0.7 -0.7 -0.7 -0.7 -0.7 18 31.5 41.3 48.8 56.4 60.5 64.6 68.1 68.7 71.7 74.6 74.7 75.1 76.6 77.2 79.3 83.7 91.1 91.7 94.1 92.4 94 95.1 96.5 100.2 101.6 104.2 105.2 105.5 101.6 99.5 99.3 96 95.1 97 99.9 104.4 117.4 129.9 136.6 136.2 128.6 118.7 112.7 106.4 102.2 94.3 94.4 95 98.7 106.1 106.8 118 136.4 155.6 172.4 185.7 206.1 217.1 219.5 216.4 215.4 216.9 218.4 220 219.7 217.6 213.6
-0.7 -0.7 -0.7 -0.7 -0.7 -0.7 -0.7 -0.7 -0.7 -0.7 -0.7 -0.7 -0.7 -0.7 -0.7 -0.7 14.7 29.3 45.4 53.9 57.5 62 67.7 71.2 72.9 75.5 78.3 78.5 78.7 79.9 79.3 80.6 82.5 87.6 90.1 93.1 93.4 95.7 99 97.9 101.2 104.6 104.7 104.8 100.7 95.7 95.4 96 95.5 96 95.8 99.5 104.5 114.3 130.6 137.8 135.4 125.5 116.9 110.6 104.3 99.8 94 93.9 94.8 99.3 106.9 110 123.1 137.2 153.2 172.1 190.5 209.4 215.2 215.1 212 209.7 211.8 215 217.4 216.2 214.3 209.5
-0.7 -0.7 -0.7 -0.7 -0.7 -0.7 -0.7 -0.7 -0.7 -0.7 -0.7 -0.7 -0.7 -0.7 -0.7 -0.7 -0.7 25.6 43.7 55.5 62.8 65.9 69.4 73.5 75.5 78.5 81.5 82.1 81.1 82.3 83.7 83.9 84.1 86 88.5 91.8 94.7 97 99.8 100.4 99.1 100.4 101.5 99.8 96.6 89.4 89.6 88.9 90 92.4 93.8 100 104.2 111 125.5 135.7 130.5 121 114.3 108.5 101.6 97.2 93 93.2 94.3 101.4 106.8 114.4 122.3 136.7 152.2 170.8 193 208.9 212.3 212.1 206.9 204.1 207.2 210.2 211.8 211.8 209.7 205.2
-0.7 -0.7 -0.7 -0.7 -0.7 -0.7 -0.7 -0.7 -0.7 -0.7 -0.7 -0.7 -0.7 -0.7 -0.7 -0.7 -0.7 24.1 37.3 54.4 62.3 68.7 73 76.6 78.1 81.4 83.4 84.8 84.9 85.8 86.8 87.8 86.5 88.4 89.6 92.1 95.6 98.7 99.6 100 98.8 98.3 99.3 98.3 92.7 86.5 84.4 83.5 84.6 87.6 91.9 97 102.6 110.7 124.1 129.8 125.6 115.5 110.3 104.9 97.6 96.1 91.8 90.9 94.8 103.1 106.5 114.4 123.3 138.2 154.5 172.1 193.3 204.3 207.1 208.4 203.3 201.2 203.3 205.6 206.6 205.8 205.7 202.4
-0.7 -0.7 -0.7 -0.7 -0.7 -0.7 -0.7 -0.7 -0.7 -0.7 -0.7 -0.7 -0.7 -0.7 -0.7 -0.7 -0.7 24.1 37.1 47.6 57.2 66.3 74.6 79.5 80.9 83.6 84.7 85.8 87.7 89.3 91 90.8 89.8 90.3 91.5 92.5 95.1 96.4 98.3 98.3 97.3 96.7 97.8 98.9 96.9 85.3 81.9 80.5 81.4 85.6 91.1 100 108.8 116.1 122.7 127.2 123.1 110.3 105.6 101.7 95.1 91.7 89.8 90.1 95.2 103.3 104.6 112.5 121.4 137.5 153.9 171.8 189.6 202.2 202.5 202.9 200 199.6 198.9 199.3 199.7 201 199.5 197.4
-0.7 -0.7 -0.7 -0.7 -0.7 -0.7 -0.7 -0.7 -0.7 -0.7 -0.7 -0.7 -0.7 -0.7 -0.7 -0.7 -0.7 19.4 39.9 52.3 59.6 65.6 72.8 80.2 83.5 85.5 85.8 87.5 90.4 91.8 93.2 94.2 94.2 92.8 92.8 93.4 95.1 96.1 96.8 96.1 95.4 95.6 95.8 97.2 95.8 86.6 81.2 79.7 80.8 84.7 90.1 101.7 115.6 124.8 128 126.9 123.3 108.6 101.2 98.5 92.3 91.1 88.5 91.2 92.9 98.8 103 112.3 123 135.7 150 167 185 197.1 198.7 199 197.7 196 194.7 192.9 193.2 194.9 195.5 194.4
-0.7 -0.7 -0.7 -0.7 -0.7 -0.7 -0.7 -0.7 -0.7 -0.7 -0.7 -0.7 -0.7 -0.7 -0.7 -0.7 -0.7 16.5 33.4 51.4 62.7 68.1 75.4 81 85.2 86.7 87.5 89.1 91.8 95.3 96.2 96.2 97.5 96 94.3 94.8 96.1 95.4 95.4 95.2 94.1 94.2 93.7 94.4 93.4 85.4 80.3 78.4 80.2 84.7 93.1 105.6 118.9 128.1 133.7 129.1 124.5 109.9 98.7 94.2 89.7 88.9 87.3 89.6 91.5 97.7 102.9 111.9 118.6 130.3 145.8 157.8 179.2 192.6 193.8 194.7 194.4 190.4 187.3 186.8 187.7 190.3 190.7 189.8
-0.7 -0.7 -0.7 -0.7 -0.7 -0.7 -0.7 -0.7 -0.7 -0.7 -0.7 -0.7 -0.7 -0.7 -0.7 -0.7 -0.7 16.6 31.5 44.4 59.8 71.5 77.3 84.9 88.3 88.1 88.5 90 92 94.9 98 97.2 97.5 96.2 96.1 96 96.9 96 95.2 94.3 93.8 93.7 92.8 91.9 89.5 83.4 78.5 78 79.2 85.3 93.8 107.6 121.8 130.9 137.2 133.3 124.9 114.1 97.6 90.3 86.8 86.6 86.5 88.1 90.9 96.6 102.6 109.6 115.4 124.2 138.9 152.1 172 185.2 188.8 189.9 188.9 184.5 182.7 180.7 182.9 185.8 186.1 185.4
-0.7 -0.7 -0.7 -0.7 -0.7 -0.7 -0.7 -0.7 -0.7 -0.7 -0.7 -0.7 -0.7 -0.7 -0.7 -0.7 -0.7 18.9 34.7 45.9 57 68.3 77.4 85.6 90.7 90.9 90.2 90.2 92.5 93.5 95.7 97.6 96.7 96.2 95.4 95.6 96.6 97.3 95.6 94.3 93.9 92.7 91.6 90.4 88.1 81.9 78.2 77.2 78.1 83 96 109.6 123.5 134.7 141.8 136.4 126.5 117.2 98.9 89.7 86.2 86.2 86.5 87.8 91.7 96.4 103.3 109.4 113.2 119.9 134.8 149.8 166.7 177 183.4 185.1 182.2 178.5 177.3 177.2 178.8 180.3 180.8 180.4
-0.7 -0.7 -0.7 -0.7 -0.7 -0.7 -0.7 -0.7 -0.7 -0.7 -0.7 -0.7 -0.7 -0.7 -0.7 -0.7 -0.7 17.8 37.2 50.4 58.9 69 76.5 84.8 91 92.7 91.7 91.3 92.4 94.8 96.3 93.5 94.3 95.4 94.1 94 95.5 97.7 98.8 95.3 94.8 93.2 90.7 88.9 86.2 79.7 76.6 75.6 78.4 85.2 93.5 107.5 126.2 137.2 143.4 136.9 126.3 116.9 99.9 89.3 85.8 85.4 85.7 87.5 92.6 98.9 104.5 108 110.7 118.4 135.6 147.8 158.1 168.8 176.2 177 174.7 173.7 173 172.6 174.4 174.8 176.8 175.7
-0.7 -0.7 -0.7 -0.7 -0.7 -0.7 -0.7 -0.7 -0.7 -0.7 -0.7 -0.7 -0.7 -0.7 -0.7 -0.7 -0.7 15.6 31.7 48.1 61.7 72.3 79.8 86.2 91.6 93 91.7 90.7 90.9 92.2 94.3 92.4 91.8 92 92.1 93.1 94.2 97.5 100.3 97.6 95 94.3 91.4 89 84.7 78.3 74.5 73 77.6 87.5 91.9 104.9 125 139.4 142.9 134.9 124.8 114.9 101.1 87.6 85.6 85.1 85.4 88 92.5 98.8 103.1 106.1 108.4 116.3 133.4 145.2 152.4 161.6 168.5 169.4 168.8 168.9 167.5 168 169.2 171.2 171.6 171.9
-0.7 -0.7 -0.7 -0.7 -0.7 -0.7 -0.7 -0.7 -0.7 -0.7 -0.7 -0.7 -0.7 -0.7 -0.7 -0.7 -0.7 15.7 31.6 45.3 61.6 75.2 84.7 90.8 95.5 95.9 92.2 89.2 88.9 90.2 90.6 90.6 90.7 90.9 90.5 91.7 92 95.6 98.2 97.6 96.3 95.5 93.4 90.6 85.5 77.3 73.6 72.7 77 86 92.9 101.9 121.8 137.9 139.4 130.8 121 111.1 100.4 87.5 85.4 84.9 86 89.1 90.9 96.4 99.9 103.9 106.8 115.3 130.6 141.2 146.4 154.3 160.2 162.1 163 162.9 163.3 163.2 164.7 167.9 168.2 168.3
-0.7 -0.7 -0.7 -0.7 -0.7 -0.7 -0.7 -0.7 -0.7 -0.7 -0.7 -0.7 -0.7 -0.7 -0.7 -0.7 -0.7 18.1 31.7 46 58.9 74.8 88.7 94.6 98.7 98.6 92.7 88.3 86.9 86.5 86.7 90 90.5 90.2 88.2 91 93.6 92.5 95.3 97.6 97.2 97 94.5 90.9 86.2 75.9 71.9 72.2 78.2 84 90.6 101.3 117.3 134.9 136.5 126.7 118 110.2 99.7 86.6 85 84.7 85.3 88.2 91.9 94.3 98.5 102.3 105.8 115.5 128 137.6 142.3 148.7 153.2 155.9 156.7 156.9 158.6 158.8 160 160.9 162.4 164.2
-0.7 -0.7 -0.7 -0.7 -0.7 -0.7 -0.7 -0.7 -0.7 -0.7 -0.7 -0.7 -0.7 -0.7 -0.7 -0.7 -0.7 20.4 34.2 48.2 60.4 74.8 86.6 95.6 99.3 97.9 90.8 86.6 85.3 85.1 84.5 85.2 88.8 90.5 86.4 90.1 92.9 92.1 92.3 96.2 97.6 96.9 94.6 90.5 84.7 75.3 70.8 71 78.3 85 93.6 99.3 114.1 130.6 135.7 126.5 116.5 109 99.2 85.8 84.7 84.4 85.1 88.3 90.9 93.7 98.3 100.4 103.7 109.3 122.7 131.9 136.5 142.9 147.1 151.2 152.2 153.6 155 155.2 156.9 153.6 161.8 164.2
-0.7 -0.7 -0.7 -0.7 -0.7 -0.7 -0.7 -0.7 -0.7 -0.7 -0.7 -0.7 -0.7 -0.7 -0.7 -0.7 -0.7 19.8 34.4 48.8 62.5 76.5 88.2 94.7 97.7 95.3 89.2 85.8 84.5 84.1 83.8 83.8 84.1 85.7 85.3 88.1 91.7 92.7 91.6 93.3 95.8 95.5 92.9 88.5 83 74.6 71.6 69 75.4 85.6 91.1 96.8 112.9 129.7 134.7 126.4 116.6 107.2 98 85.7 84.1 84.1 84.9 86.7 90.3 95.2 97.5 101.1 105.7 109.9 115.4 124.1 130.3 136.2 140.7 146.3 148.2 151.8 153.4 153.1 152.8 153.9 160.3 164.3
-0.7 -0.7 -0.7 -0.7 -0.7 -0.7 -0.7 -0.7 -0.7 -0.7 -0.7 -0.7 -0.7 -0.7 -0.7 -0.7 11.4 19.9 30.9 50.9 63.9 75.5 89.6 96.4 97 94.3 90.4 86.5 84 84.6 84.6 84.8 84.7 83.3 84 86.3 89.7 93.3 92.3 92.5 93.3 92.9 90.4 86.8 81.2 73.6 70.6 68.6 72.6 83.7 91.7 94.7 107.9 125.1 132.2 125.5 116.5 107.3 94.3 85.2 83.9 84 84.6 86.5 91.3 95.2 96.1 100.9 108.7 112.4 117.3 122.5 127.9 132 137.2 140.8 143.8 148.3 150.8 150 150.7 154.4 162 167.5
-0.7 -0.7 -0.7 -0.7 -0.7 -0.7 -0.7 -0.7 -0.7 -0.7 -0.7 -0.7 -0.7 -0.7 -0.7 -0.7 13.8 27.7 30.8 44.3 60.7 76.7 85.4 93.8 95.1 93.3 88.8 86.4 83.2 83.8 85 87 86.2 83.2 83.9 85.8 88.8 91.5 93.1 92.5 92.6 92.7 90 86.1 79.9 72.7 69.4 67.2 71.1 79 88.5 92.1 103.1 118.3 126.9 124.1 116.8 107.9 92.4 84.7 84.8 83.2 83.8 87.9 90.7 92.9 97.7 100.6 107.7 113 121 123.2 129 132 136.7 140.1 144.2 149.1 153.2 152.5 152 155.8 164.2 169.9
-0.7 -0.7 -0.7 -0.7 -0.7 -0.7 -0.7 -0.7 -0.7 -0.7 -0.7 -0.7 -0.7 -0.7 -0.7 -0.7 12.9 29.9 33.9 42 56.1 71.5 82.5 90.2 93.2 92 86.8 83.1 80.9 82.2 85.7 88.2 89.6 83.1 83.2 86.8 88.6 91.2 93.8 93.4 92.7 92 91 85 78.3 71.7 68.1 64.8 68.6 74.6 84.7 88.2 99.8 113.4 121.9 122.8 117.2 108.8 95 84.3 83.7 82.6 83.7 85.5 88 92.2 96.5 99.7 104.6 111.5 119.6 121.2 128 130.3 138.8 141.2 142.4 148.6 155.6 153.2 152.4 155 165.1 174.5
-0.7 -0.7 -0.7 -0.7 -0.7 -0.7 -0.7 -0.7 -0.7 -0.7 -0.7 -0.7 -0.7 -0.7 -0.7 -0.7 11.9 24.4 34.4 42.4 54.1 66.9 76.3 84.5 90.8 89.9 85.5 81.3 78.7 79.4 83.2 87.3 89 83.9 84.2 87.6 90.4 91.3 93.3 92.7 91.3 89.4 85.4 81.7 76.1 70.2 68.3 63.8 69.8 70.7 80.1 84 97.4 110 119.5 121.6 117.5 110.5 97.7 84.4 83.5 82.5 83.1 84 88.2 92.8 96.8 99.8 103.2 110 116 114.6 124.3 124.5 135.6 140.7 142.5 145.6 150.8 152.5 154.4 156.1 164.7 175.9
-0.7 -0.7 -0.7 -0.7 -0.7 -0.7 -0.7 -0.7 -0.7 -0.7 -0.7 -0.7 -0.7 -0.7 -0.7 -0.7 10.5 21.7 31.5 44.4 53.3 63.5 73.6 80.5 87.6 88.2 83.4 80.4 77 77.4 79.4 83.2 85.7 83.4 83.5 86.5 88.6 92 92.1 90.6 88.7 85.8 81.5 76.5 71.8 67.9 65.1 62.1 66.8 68.8 73.5 81.2 89.9 106.9 117.9 121.2 117.4 110.4 96.1 84.1 83.1 82.3 81.6 83.4 86.4 91.8 98.7 99.7 100.1 106.4 107.3 110.4 113.4 119.9 129.6 136.6 139 144.6 150.9 155.5 153.9 158.6 166.4 176
-0.7 -0.7 -0.7 -0.7 -0.7 -0.7 -0.7 -0.7 -0.7 -0.7 -0.7 -0.7 -0.7 -0.7 -0.7 6.5 9.1 17.2 27.5 41.1 54.7 63.9 71.3 77 84.1 86.6 83.9 79.2 75.7 75.9 75.3 77.4 79.8 81.1 82.4 85 87.5 90.1 91.3 89.2 85.9 81.3 76.6 72.2 68.2 64.9 63.1 61.9 64.3 64.6 66.1 74.4 84.7 103.6 114.3 118.8 115.7 108.4 93.2 84 83.4 81.9 81.4 83.6 87.6 90.3 92.9 92.8 94.4 98.8 100.7 105.5 108.9 116.2 125 132.2 136.8 144.2 149.1 152.7 152.5 158.3 163.7 174.5
-0.7 -0.7 -0.7 -0.7 -0.7 -0.7 -0.7 -0.7 -0.7 -0.7 -0.7 -0.7 -0.7 -0.7 -0.7 -0.7 8.4 15.4 21.2 35.2 48.4 61.6 70.4 75.8 81.8 84.7 82.8 76.9 73.7 74.4 73.2 74.4 78 80.5 82 83.6 86.7 89.1 88.3 85.8 82.3 78.8 74.9 69.1 66.7 63.6 60.2 57.8 58.9 61.4 61 69.3 81.1 98.5 111.4 115.9 113.7 107.5 92.1 84 83.1 81.8 82.2 83.4 85.2 86.7 88.3 88.6 91 92.4 96.2 101.2 108.1 112.1 119.9 127.5 131.5 139.1 146.8 148.9 151.1 159.3 166.5 174
-0.7 -0.7 -0.7 -0.7 -0.7 -0.7 -0.7 -0.7 -0.7 -0.7 -0.7 -0.7 -0.7 -0.7 -0.7 -0.7 -0.7 -0.7 16.8 32 48.1 60.5 67.8 75 79.9 84.3 81.1 75.4 72.8 71.7 71.3 72.4 75.9 79 80.6 80.9 82.9 87.1 84.5 81.3 78.8 75.6 72 67 64.3 62.9 58.2 49.9 53.7 53.3 57.7 62.6 77.4 95.6 105.8 112.2 113.2 110 93.2 84.9 83.5 82.2 82.3 84.2 84.6 83.7 84.8 89.6 91 93.4 96.8 101 106.6 111.6 117 125.6 132.3 135.5 143.9 147 150.8 160.7 165.3 172.2
-0.7 -0.7 -0.7 -0.7 -0.7 -0.7 -0.7 -0.7 -0.7 -0.7 -0.7 -0.7 -0.7 -0.7 -0.7 -0.7 -0.7 -0.7 8.7 23.1 41.9 61.6 68.9 75.1 80.5 82.5 79.2 73.5 71.7 70.8 69 68.7 73 76 77.4 78.3 79.7 81.6 80.3 77.9 75.3 72.5 68.3 63.8 61 58.9 56 52.1 49.1 49.4 51.9 61.7 76.7 90.1 105.3 112.3 114.3 112.1 100.2 87.2 84.1 82 80.5 81.6 82.4 84.9 89 88.1 90.3 93.4 98.8 102.2 107.5 116.4 121.2 122 129 132.7 139.6 145.2 148.5 156.6 163.3 172.1
-0.7 -0.7 -0.7 -0.7 -0.7 -0.7 -0.7 -0.7 -0.7 -0.7 -0.7 -0.7 -0.7 -0.7 -0.7 -0.7 -0.7 -0.7 6.1 17.2 32.4 48.9 65.4 72.3 79.5 83.3 77.8 71.5 69.7 67.3 65.2 64.6 68.1 72.3 74 75.1 77.2 76.3 75.3 74.4 71.8 68.9 65.4 60.6 57.3 55.8 52.7 48.1 45.7 46.6 51.1 61 73 87.4 101.5 112.9 117.7 114.9 104.8 90.6 84.5 82.7 81.1 80.4 84.2 83.9 85.9 85.7 88.3 94.4 100.5 99.1 105.4 114.7 124.4 123.6 125.6 131.2 138.7 146.5 148.5 155 164.3 172.8
-0.7 -0.7 -0.7 -0.7 -0.7 -0.7 -0.7 -0.7 -0.7 -0.7 -0.7 -0.7 -0.7 -0.7 -0.7 -0.7 -0.7 -0.7 8.8 19.5 30 41.7 52.1 64.6 72.6 76.8 74.6 68.8 66.9 63.2 62.2 62.1 64 66.6 69.8 71.5 72.3 70.3 70.2 69.1 67 64.3 61.4 56.8 53.6 51.8 48.7 44.6 43.2 43.1 51.6 63.4 68.8 80.9 96.9 110.7 118.3 117 109.1 95.7 86.8 84 82 79.6 84.3 82.8 83.8 84.6 87.6 94.1 99.3 97.6 101.8 108.7 118.4 120.5 125.4 128.9 137 146.2 150.8 155 163.7 175.9
-0.7 -0.7 -0.7 -0.7 -0.7 -0.7 -0.7 -0.7 -0.7 -0.7 -0.7 -0.7 -0.7 -0.7 -0.7 -0.7 -0.7 -0.7 -0.7 18.8 29.8 41.2 49.8 56.7 64 70.5 68.9 65.9 63.9 61 60.2 59 60.5 61.9 64.9 68 66.6 64.7 63.9 63.5 61.3 58.3 54.7 50.7 48.8 47.4 45.7 40.6 42.2 41.2 48.2 60.8 70.1 75.8 89.7 109.8 118.6 120 111.9 100.6 90.7 86.3 82.7 79.2 82.6 82.1 84.3 84.2 87.9 91.9 94 96.7 101.1 104.7 112.7 118.1 124.9 130.5 140.4 149.9 155.5 161.3 166.2 180
-0.7 -0.7 -0.7 -0.7 -0.7 -0.7 -0.7 -0.7 -0.7 -0.7 -0.7 -0.7 -0.7 -0.7 -0.7 -0.7 -0.7 -0.7 -0.7 16.9 32.9 41.2 49.5 56 60.1 65.9 64.3 62.2 61.2 58.9 57.4 57.2 58.9 58.4 58.5 60.4 60.8 59.5 57.8 57.3 54.9 51.7 48.5 43.8 43.3 42.9 40.5 32.8 38.1 41.3 43.4 57.3 69.2 71.2 84.4 103.9 117.5 121.3 116 104.6 95 89.4 84.8 80.2 82.7 82.8 83.1 82.7 84 90.9 91.4 97.2 99.6 105.4 111.5 120.1 127.9 135.2 151 155 162.3 169.1 175.4 185.9
-0.7 -0.7 -0.7 -0.7 -0.7 -0.7 -0.7 -0.7 -0.7 -0.7 -0.7 -0.7 -0.7 -0.7 -0.7 -0.7 -0.7 -0.7 -0.7 17.9 29.7 39.4 46.4 54.2 58.4 60.3 60.2 57.9 56.9 55.5 53.1 51.1 53.7 54.6 53.1 53.8 54.8 53.5 51.3 49.9 47.9 44.9 40.8 38.8 38.5 36.9 35.5 27.7 32.6 37.5 38.8 47.9 60.7 64.8 76.2 96.1 110.9 120.3 119.7 109.9 100.1 93.1 87.7 80.5 81.7 82.8 82 82.2 83.2 87.1 89.4 94.4 102.8 108.4 114.2 122.9 134.8 147.5 157.9 163.6 170.5 178.2 183.6 191.6
-0.7 -0.7 -0.7 -0.7 -0.7 -0.7 -0.7 -0.7 -0.7 -0.7 -0.7 -0.7 -0.7 -0.7 -0.7 -0.7 -0.7 -0.7 -0.7 20.8 28.2 36 43.5 48.1 53.2 55.5 54 51.9 50.2 48.9 45.5 45.1 46 46.3 45.2 45.4 46.9 46.4 43.4 42 39.8 37.1 33.4 31.5 31.8 30.3 29.9 26.1 28.2 32.3 37.2 39 50.2 59.8 68.7 89 109.5 121.5 122.3 114.1 104.8 95.7 89.9 83.1 78.3 82.5 80.7 81.6 82.8 85.6 91.1 95.4 103.9 109.5 117.3 126.4 138.2 153.7 165 172.3 179.9 186.2 190.5 198.1
-0.7 -0.7 -0.7 -0.7 -0.7 -0.7 -0.7 -0.7 -0.7 -0.7 -0.7 -0.7 -0.7 -0.7 -0.7 -0.7 -0.7 -0.7 -0.7 14.4 29 35.6 37.5 42.9 46.9 48.2 46.5 46.2 42.2 40 34.8 34.9 35.8 36.7 35.9 36.7 37.3 36.5 34.3 32.6 30.8 29.4 26 25.5 25.4 24.3 23.7 17.5 24.9 29.7 34.5 38.3 42.5 51.9 67.4 86.2 105.1 118.8 123 115.4 107.7 98.9 92 84 75.9 79.6 77.8 81 82.5 86.2 93 98.4 103.4 111.5 122 132 140.6 154.9 169.5 179.9 187.9 194.7 199.2 203.8
-0.7 -0.7 -0.7 -0.7 -0.7 -0.7 -0.7 -0.7 -0.7 -0.7 -0.7 -0.7 -0.7 -0.7 -0.7 -0.7 -0.7 -0.7 -0.7 12.9 19.3 28.2 33.1 36.2 39.3 40.7 40.7 42.3 36.1 31.8 28.4 25 27.4 27.5 27.4 26.9 26.5 25.2 23.2 22.6 21.5 20.2 20.1 20 20.3 18.4 17.4 17.1 20.9 30.1 35.8 41.8 40.5 48.4 64.3 83.9 102.6 116.3 120.6 113.5 107.5 99.8 93.1 84 78.2 78 78.3 80.5 82.7 88.5 93.3 98.4 106.5 112.3 120 132.1 143.9 164.5 177.5 185.5 193.9 199.9 204.4 208.4
