public/OST50/HU45.asc
ncols 200
nrows 200
xllcorner 440000
yllcorner 1150000
cellsize 50
[rows 38 to 75 of 200, columns 0 to 86 of 200]
88.3 85.6 82.2 81.2 76.3 75.8 73.2 71.6 68.2 60.7 65 69.1 76.6 88.9 106.8 124.8 142 157.3 170.1 176.1 175.8 170.5 158.4 143.6 122.6 112.7 101.9 88 78.7 72.8 70.8 69.5 69.1 68.9 68.8 67.6 67.1 67.8 68.1 68.3 69.8 74.8 85.1 101.8 119.9 137.4 150.3 158.5 161.4 159.3 155.1 150.2 143.5 140.5 140.2 140.3 140.6 139 136.4 132.9 129.6 129 127.3 126.6 123.3 117.7 113.8 111.2 110.9 109.5 109.3 109 108.1 106.7 106.8 106.5 107.6 107.1 103.9 102.8 101.1 98.9 96.6 96.7 97.3 97.6 97.6
88.7 87.3 86.6 78.8 75.4 71.3 70.6 70.3 68.6 60.3 64.5 69 76.7 87.5 103 121.4 137.7 152.9 166.5 175.8 175.7 171.6 161.1 148 131 118.5 107.2 91.4 79.4 74.2 71.1 69.5 69 68.5 67.6 66.9 66.8 67.1 67.4 68 68.9 73.6 83.4 97.1 116.1 131.4 146.2 157.2 159.8 160.7 155.2 151.1 144.7 140.7 139.1 139.4 138.3 137.7 134.8 133.5 130.7 130.1 127.5 125.1 120.8 115.9 112.7 110.7 109.9 108.5 106.8 106.5 105.7 104.2 104.8 103.7 102.2 100.3 99 97 94.2 93.6 91.8 89.4 91.3 89.4 90.5
88.2 86.5 83.3 78.5 76.3 74.4 72 68 66.5 59 63.4 68.6 76.1 86.7 100.3 119.7 137.1 150.2 165 174.1 175.6 172.6 163.3 150.9 132.4 122.6 111.4 94.4 80 74.2 71.3 69.5 68.7 67.8 67 66.1 67.6 67.2 67.3 67.6 68.4 72.2 82 92 113.2 128 139.3 151.8 158.6 161 155.8 151.4 147 141.3 138.3 138.3 138.6 136.5 135.3 133.6 130.9 132.1 128.1 126.1 121 115.2 110.2 109.6 108.5 107.6 106.7 103.9 106.2 106.5 104.8 107.4 106.6 105.2 103.7 101.6 99.6 97 95.8 93.4 92.4 91.3 87.5
89.3 85.9 81.7 77.6 75.5 73.4 72.6 69.3 65.6 63 60.1 68 74.4 86.1 100 118.7 135.5 150.2 163.7 173.4 176.2 174.7 165.1 152.7 136.1 123.8 113.9 95.7 79.3 72.5 70.3 69 68.3 67.6 67 66.3 65.6 66.3 66.6 67.5 68.4 72 80.9 89.1 110 124.6 135.8 147.7 157.1 161.5 156.3 154.8 149.4 142.7 139.1 138.5 136.1 135.2 134 131.8 130.3 130.4 129.5 127.3 121.7 114.4 110.4 108 106.5 106.6 106.3 106.6 107.8 109.2 109.2 109.9 110.2 109.8 108.7 107.4 104 101.8 99.9 100 97.7 96.6 93.1
89.8 87.8 83.1 80.1 75.9 73.1 71.6 69.7 64.5 62.2 60.1 67 73.4 83.9 98.9 117.5 134.3 149.5 162.7 172.6 175.8 176 165.5 152.9 136.1 124.4 113.9 97.4 79.1 71.9 69.7 69.5 68.7 68.1 67.4 66.8 66.1 65.5 66.4 67.3 68.3 72.3 79.3 88.4 106 123.2 134.6 145.1 155.2 158.5 156.2 154.5 150.9 144 139.4 139.4 137.1 135.1 133.7 132.4 131.2 131.7 130 125.8 118.4 112 109.7 108.3 108.3 109.1 108.3 108.6 110.6 112.3 112.1 113.5 114.6 114 113.8 111.8 109.3 108.2 105.7 105.2 102.6 99.9 97.7
92.2 89.3 83.6 80.7 77.9 72.3 69.8 68.5 64.2 61.9 58 66.3 72.9 82.7 96.5 115.2 132.7 148.1 160.4 170.6 175.8 175.6 166.1 153.2 135.6 124.4 115.4 98.6 79.9 72.1 69.8 69.3 68.8 68.2 67.7 67.2 66.7 65.9 66.5 67.2 68.8 73.5 80.3 88.4 103.8 120.9 133.9 144 154.4 159.3 157.5 157.6 152 145.2 140.9 141.8 138.6 134.6 132.5 132.5 133.3 131.9 129.8 124.1 115.6 110.8 109.2 107.9 108.6 109.9 110.6 110.8 112.7 114.2 116.2 117.3 118.5 119.3 118.8 119.2 115.5 112.1 111.1 109.5 108.2 104.9 101.7
93.3 91.7 84.5 82.9 79.6 73.3 69.3 68.2 65.4 63.1 58.1 65.8 72.1 81.6 93.9 112.4 129.6 145.3 158.4 169.6 175.3 173.8 165.1 151 134.5 123.3 115 98.2 81.8 72.6 70.1 69.1 68.6 68 67.4 66.9 66.4 67.3 67.6 67.4 68.8 72.7 80.6 88.4 101.4 117.4 132.8 144.1 153.5 161.2 159.5 159.2 154.2 149.1 143.2 141.9 137.8 134.7 132.4 131.9 131.5 133.5 130.3 123.7 116 110.7 108.9 107.1 108.8 110.1 111.7 112.7 114.3 117.5 121 121.5 124.1 124.9 125.1 124.9 121 118.2 116.1 116.6 113.8 110 105.8
93.4 91.8 85.9 83.9 79 75.2 69.8 67.6 66 62.7 57.4 64.7 71.1 78.9 92.3 108.5 125.9 142.3 156.2 167.9 173.3 173.5 164.6 149.3 132.1 120.7 113.1 97.5 82.9 73.7 70.2 69.1 68.6 68.2 67.6 66.9 65.3 67.2 68.3 68.1 68.4 72.1 80.3 88.7 100.4 116 132.5 144.1 151.9 159.3 159.9 160.7 156.9 150.6 145.4 143.5 139.2 136 133.3 132.4 132.1 133.4 132.8 123.8 115.9 110.7 109.1 107.8 109.2 110.7 111.9 113.9 117 121.7 125.4 127.8 130 130.8 131 130.5 128.3 124.5 121.1 122.3 119.6 116 110.9
92.4 88.8 86.3 80.8 77.3 73.9 70.8 68.9 65.3 63.2 57.5 64.5 69.6 76.9 90.5 106.1 122.8 138.8 152.8 165 172.4 170.2 164.1 148.7 131 118.2 110 98.3 83.2 74.6 70.5 69.1 68.6 68.2 67.8 67.4 66.8 67.7 68.8 69.1 70 74.4 82.2 87.9 100.1 115 131.4 143.6 152.6 156.9 160 162.4 160.1 153.4 147.7 146.6 141.4 136.6 133.6 132.6 132.5 135.4 130.1 122.7 115.3 111.6 109.1 108.1 109.4 110.6 112.1 114.6 119.6 123.8 127.6 132.9 136 138.3 137.7 136.8 133.8 129.2 125.5 126.1 126 120.7 114.7
93.3 89.9 86.3 80.5 78.5 72.9 70.4 67.5 66.5 64.6 57.9 62.8 67.7 75 88.2 104.4 119.8 134.9 148.9 161 168.8 167.8 162.2 147.5 129.8 116.4 107.9 98.8 83.4 74.3 71 69.1 68.5 68 67.6 66.3 66.9 68.8 69.6 70.4 71.1 74.7 81.2 87.7 100.2 114.4 129.5 143.5 152.6 157.2 160.1 162.4 161.3 158.2 154.7 151 143.7 136.6 134.2 133.9 133.4 135.1 131.1 123.4 115.7 110.5 109.4 108.5 109.5 110.8 113 115.4 120.6 125.4 131.4 137.4 143 145 144.5 140.5 137.6 132.8 129.9 129.5 129.7 124 120.4
94.2 91.7 91 85.9 77.4 73.8 71.3 68.2 68.4 66.2 56.6 61.8 65.6 73.1 84.9 100.5 116 131.6 145.7 157.5 166.2 166.1 160 146.1 129 115.4 105.3 97.9 82.1 74 70.4 68.9 68.1 67.2 66.3 66.3 68 69.2 71.6 71.6 71.7 74.1 81.2 89.3 100.3 113 128.1 142.4 151.8 157.4 160.4 162.9 163.7 161.1 158.9 154.9 146.3 138.9 136.4 134.9 135.5 135.8 132.9 124.7 116.1 110.6 109.4 109.3 110.2 111.3 113.7 117.9 123.1 128.4 135.3 141.3 147.4 150.4 149.4 145.3 141.4 135.5 132 132.2 129.8 127.1 123.9
94.9 93.7 89.6 84.8 80.6 74.5 70.9 68.7 67.8 65.8 57.7 61.5 63.8 70.9 83.2 96.6 111.8 127.6 142.7 154.4 163.5 164.3 158.3 146.6 129.2 114.1 103.9 95.5 82.1 73.8 69.7 67.9 68 66.7 66.8 66.6 67.9 70.5 75.8 72.9 73.4 75.2 80.6 89.8 100.2 111.6 126.3 139.9 150 158.1 161.5 165.1 165.9 163.9 162.2 158.6 147.9 142 136.5 136.9 138.7 140.8 136.8 126.4 116.1 110.6 109.8 110.2 111 112.7 115.7 120.6 125 130 137.7 144.6 149.1 154.5 152 149 145.2 138.4 133.4 133.2 133.1 130.4 127.8
96.5 94.9 92.7 83.9 79.1 74.3 72.2 68.8 67.4 66.2 58.5 59.5 62.6 69 82.6 95.4 109.6 124.7 139.7 152 159.8 161.5 157.3 146.1 130.7 114.6 102.8 93.8 83.2 73.8 69.2 67.8 67 66.7 64.5 66.6 69.2 72.8 76.4 72.8 72.8 74.5 82.2 91.2 100.2 111.1 124.9 138 149.6 158.4 163.4 165.9 167 166.9 164.9 160.8 149.8 142.7 139.5 138.6 144.3 142.1 139.4 128.5 117.7 111.3 110.3 110.8 112 114.3 118.1 121.6 126.9 132.7 139.7 146.9 152.5 156.3 155.5 152 145.7 139 134.5 135.4 134.9 132.1 130
99.7 97.6 93.9 88.2 80.4 75 71.9 68.6 66.8 63.7 58.5 59.1 61.6 67.6 81.6 94.7 108.4 123 138.5 150.8 159.2 160.4 156.7 147 130.6 114.1 102.4 94.3 82.9 74.2 69.6 68.3 67.6 65.1 67.5 68.4 69.6 72 74.3 72.2 72.8 75.7 83.4 91.6 100.9 113.5 126.8 140.2 150.4 159.3 164 166.4 168.7 168.4 168.4 161.8 151.7 143.9 140.9 140.7 145.2 144.4 141.2 129.4 117.8 111.9 110.8 112.3 113.5 115.7 120.4 124.2 128 133.7 140.4 147.9 154.8 156.7 155.8 152.5 146.7 141.1 137.4 136.4 136 133.8 132.9
104.4 99 94 90.4 81.7 74.7 71.5 68.2 67.3 63.3 58.4 58.8 61.6 66.7 79.6 93.3 106.3 122.2 137.2 149.2 158.9 159.2 156.1 146.9 131.4 113.7 103 94.1 84.3 74.3 70.5 68.4 66.9 65.9 68.5 68.9 69.6 70.3 71.7 71.4 72.2 75.7 83.4 92.3 103.3 115.6 128.1 141.2 153.5 160 165.8 167.7 169.3 169.7 169.7 162.9 153.1 146.1 142.9 141.8 147.3 147.5 143.8 132.9 119.9 112.5 111.4 112.3 115 118.2 121.6 124.4 128.1 133.5 140.3 148.4 154.1 157.2 156.7 152.7 146.9 142.2 137.9 140.1 137.9 135.4 134.6
107.3 100.9 95.1 88.1 81.1 76.2 72.4 68.1 67 62.1 55.4 59.9 61.6 66.5 78.1 92.7 106.4 121.4 136 148.7 158.8 159.8 154.9 145.5 131.2 115.1 104 95.3 85.1 74.8 70.3 67.6 66.9 67 67.9 68.9 69.5 70.6 71.2 71.3 72.5 75.1 83.8 93 104.3 116.7 129.8 141.8 153.7 161.8 166.4 169.1 169.7 171.1 169.8 162.6 152.3 148.2 142.6 143.8 148.5 150.6 148.6 136.4 123 113 111.9 113.5 117 120.7 123.5 126 129.5 134.5 140 147.3 152.4 155.7 155.5 152.4 147.5 142.3 139.4 139.2 136.9 135.8 135.5
109.6 101.7 94.6 88.5 84.3 78.2 71.9 68.3 66.5 62.3 55.9 60 61.7 65.4 77 90.2 104.4 120.8 135.1 147.9 157.6 158.7 152.9 141.4 129 114.7 103.8 95 84.6 75 69.7 67.5 67.1 63.9 67.4 68 68.9 69.8 70.4 71.1 72.8 75.2 83.1 94.1 105.7 118.6 131.8 142.6 153.1 161.2 167 170.6 169.9 170.3 168.3 161.4 151.7 148.6 142.5 146.3 151.4 155.6 152.2 139.6 127.1 115.4 113.2 114.2 117.6 121.9 123.8 125.9 130.4 136.1 141.1 146.6 151.3 152.5 154 150.6 147 142.5 138.3 138.1 136.2 136 136.7
109.4 101 95.1 88.5 83.1 78.2 72.1 68.7 66.8 62.5 57.3 59.7 61.2 64.9 75 88.6 102.8 119 133.7 145.9 156.2 157.6 149.7 137.5 125.6 113.4 102.4 94.3 84.7 75.9 70.6 68.1 67.9 66.7 64.5 67.4 67.9 67.9 70.5 72 73.9 75.4 84.2 95.1 107.4 119.8 132.1 141.9 151.6 161.1 165.4 167.3 169.3 169 167.6 160.8 152.4 147.3 140.8 148.7 154.4 157.9 154.2 144.5 131.4 119.1 114.4 116.5 118.8 124.8 127.3 128.5 132.5 137 141.8 147.4 149.5 149.3 149.7 148 143.5 140.2 136.5 135.5 135 135.8 136.4
107.7 100.4 95.3 89 83 77.2 72.5 68.7 65.9 60.1 54.8 59.5 61 65 72.4 86.2 101.1 117.5 132.6 144.7 155.1 157.8 150.1 135.7 121.9 107.1 98.6 91.8 83 75.3 69.3 68.6 67.9 66.3 62.1 64.7 66.7 68.7 70.1 72.9 73.5 75.6 85.2 96.8 108.1 120.6 132.4 141.3 150.6 159.9 164.8 165.5 167 166.7 166 158.2 149.5 143.8 140.5 148.8 154.9 158 156.1 147.6 135.8 124.5 119.4 115.7 120.2 126.9 131.1 132.5 135.4 138.4 143.7 148.5 150.2 147.3 145.8 144 140.2 137.3 134 134.8 134.6 135.2 138.5
107.7 98.9 94.2 90.2 83.6 77.9 72.6 67.8 65.9 60.5 55 59.3 61.3 65.3 71.7 83.8 99.4 116.8 131.7 144.9 154.8 156.9 148.2 133.7 118.3 101.8 90 87.3 80.3 72.3 67.6 67.3 66.8 65.6 62.3 65.2 67.7 68.9 70.9 72.3 73.5 75.3 84.8 97.5 108.8 120.2 131 138.7 150.2 159.2 163.6 165.1 166.5 167.5 164.2 155 147.1 138.3 138.3 147.6 153.9 155.9 156.2 150 140.1 130.1 122.6 118.5 122.5 129 134.1 136.2 140.6 143 147.2 151.9 150.7 146 143.1 142.4 138.9 134.1 133.3 133.5 133.8 135.4 140.5
108.6 99.2 93.8 89.5 83.6 76.9 72 67.5 63.9 59.7 57 60.9 62.2 65.3 72 83.2 99 115.7 130.7 143.4 153.5 155 146.4 130.5 113.4 96.6 86 81.2 76.3 70.3 65.5 66 66.2 65.2 62.5 63.7 68.9 70.5 71.6 72.4 73.3 75.1 84.2 95.5 107.2 117.7 127.6 137 148.8 158.3 162.2 164.1 164.6 166.9 163.2 153.9 142.6 135.1 135.2 143.3 152.2 154.5 154 150.2 142.4 132.9 124 120 122.2 129.9 137.7 141.7 145.5 147 152.1 155.3 153.4 147.1 141.8 141.8 136.5 133.1 131.7 131.7 133.3 136.4 140.7
109.6 100.2 94.5 89.6 82.2 77.3 71.5 67.4 63.1 58.9 59.4 60.9 62.1 65.2 71.3 83.4 99.3 115.2 130.9 142.8 151.8 154.3 144.3 128 110.2 92.9 81.4 74.9 71.1 65.7 62.7 62.9 61.2 62 59.5 64.9 67.8 69.5 72 72.6 72.5 74.5 81.8 93.5 105.3 116.2 127.4 137.5 147.1 156.8 159.7 162 164 165.9 161.9 151.6 140.4 133.2 131 139.4 150.1 154.8 153.4 149.9 142.6 132.8 123.5 121.2 122.7 132.5 142.3 145 149.9 152.4 157.6 160.4 156.3 146.5 141.6 138 135.6 132.8 131.1 131 132 135.1 140.8
110.3 100.6 94.1 90 81.4 76 70.7 67.1 62.7 56.8 59.8 61.2 62.1 65.3 71 82.7 99.1 114.2 130.3 141.9 150.1 153.4 143 125.2 106.6 89.7 75.4 69.1 65.9 61 60 60.8 58.4 62.1 64.6 66.3 68.3 68.9 70.3 71 71.8 72.3 79.8 90.5 103.1 116.1 126.8 135.9 145.3 155.5 158.9 162.6 164.2 164.9 159.4 146.7 137.4 130.4 128.1 138.1 149.2 152.7 150.6 148.2 140.3 130.5 123.3 121.9 125.4 137.7 146.8 151.4 154.6 158.8 162.7 163.4 157.6 148.8 143.4 139.4 135.6 133 129.7 130.8 131.6 134.9 140
110.2 100.9 93.7 88.5 81.7 75.4 70.8 67.1 62.1 57.4 58.6 60.9 62 64.9 72 82.2 97.3 113.1 128.6 140.1 147.6 151.8 139.8 120.6 100.6 83.7 69.7 63.3 59.7 55.1 56.2 54.5 56.7 61.5 68.6 71.2 68.4 68 68.9 69.9 70.4 71 76.8 87.1 102.3 115.3 125.9 136.3 147.2 155.1 158.9 161.5 163.1 164.2 157 142.8 135 128.2 127.2 137.1 147.1 149.3 148.4 145.2 138.8 129 123.1 122.7 128.9 142.3 151.3 156.1 158.7 163.3 166.9 165.4 159.9 150.5 145.4 142 138.6 132.8 129.6 130.7 131.3 134.3 141.2
109.4 101.4 94.6 87.2 79.6 74 69.1 65.5 62.4 58.1 56.7 60.7 61.7 65.3 72.9 81.9 97.1 111.8 127.2 138.1 145.2 149.3 136 115.8 96.2 80.8 64.8 58.2 56.1 52.2 50.2 52.5 54.8 59.5 66.6 70.9 67.2 66.7 68.4 69 68.5 71.4 78.3 86.6 98.8 112.1 125 136.5 148.1 155.8 159.1 161 163.6 162.8 154.2 141.9 132.9 126.9 127.2 137.4 145.4 147.4 148.1 143.1 136.4 126.8 122.5 124.6 132.5 146.6 154.6 161.1 163.1 165 169.1 167.1 163.5 153.1 146.9 142.1 138.5 133.3 130 130.4 131.9 134.5 140.4
110.3 102.4 94.2 86.7 79.5 73.6 69.7 65.6 61.6 56 57.7 60.2 62.3 65.6 73.6 82.6 97.5 111.5 126.7 137.3 144.1 145.7 132.5 112 92.8 76.3 60.8 55.4 53 50.3 46.2 51.1 53.6 57.7 64.6 66.8 65.5 66 67.2 67.8 67.8 71.6 79 86.6 100.4 112.4 123.9 136.2 147.5 154.2 158.8 159.1 162.7 160.4 149.9 139.3 129.8 125.7 127.8 136.6 144.5 146.2 144 140 133.3 126.5 124 127.8 136.9 152.1 158.8 164.7 165.5 167.3 170.1 168.8 164.3 155.6 147.6 142.1 139.4 133.5 129.6 130.1 130.2 132.7 139.5
109.1 101.4 93.2 87.4 79.5 74.2 69.2 64.8 60.6 57 54.4 59.5 62.4 66.7 75.2 84.3 98.1 111.6 126.5 136.1 143.1 144.3 128.7 107.5 88.5 73.2 58 53.8 50.4 49.1 45.7 50.1 52.4 57.2 63.1 64.1 63.9 64.8 65 66.2 67.4 70.8 77.9 88 102.1 114.4 125.7 136.3 148.8 153.7 154.8 156.2 155.9 154.6 144.5 133.7 127.4 125.5 128.1 137.2 143.7 146.3 143.3 138.2 130.6 125.7 126.4 131.1 142.3 157.3 162.6 167.3 166.7 168.5 172.1 170.1 168 158.4 148.6 140.6 136.3 132.5 129.6 129.3 129.1 131.9 137.7
108.4 99.6 92.4 87.3 79.9 73.4 67.8 63.5 59.4 55.7 54.4 60.1 63.9 67.8 76.9 86.9 97.7 112 126.4 136.7 143.5 141.7 124.5 102.8 85.1 69.9 54.8 52 49.6 47.5 47.1 49 51.1 55.6 61.6 63.6 62.8 62.7 65.4 66.1 67.4 70.6 77.8 89.9 104.1 116.1 128.9 140.6 150.3 153 154.4 155 154.6 149 139.1 130.8 126.4 126.1 127.5 136.4 142.3 142.9 140.2 136.6 129.9 127.7 129.9 134.6 148.9 160.2 164.7 168.5 166.6 168.7 170.3 171.1 167.6 159.3 149.9 141.2 135.1 131.3 127.5 128.5 128.5 130.2 136.8
108.8 100.1 92 86 79.1 73.4 67.7 63.1 59.4 56.8 54.5 60.8 64.8 68.6 77 88.6 98.2 110.2 126.5 137.4 143 139.1 119.7 98.3 82.5 66.5 53.8 51.1 48.9 47.1 46.4 48.5 50.6 55.5 61.2 61.2 61.9 63.4 65 66.6 67.8 70.2 77.6 91.9 106.2 118.3 130.7 142 151.9 153.7 153.9 154.5 152.1 146 136.9 130.2 126.4 125.5 127.4 135.7 142 143.6 140.6 137.2 131.7 133.4 135 138 153.9 161.9 166.7 169.8 165.6 167.6 169.7 168.8 166.6 160.6 150.1 138.3 133.4 130 126.7 125.9 127.2 129.6 135.7
108.6 99.4 92.4 86.3 79.8 73.6 68.1 64.2 59.9 55 53.4 59.5 66.3 70.3 76.9 88.1 99.1 109.1 125.4 137.3 143.1 136.6 113.7 95 79.7 63.3 52.7 50.4 48.6 47.3 45.6 49 51.7 55.1 58.8 61.1 62.8 64.1 65.2 66.2 67.2 70.6 80.1 94.1 108.4 121.4 131.9 143 152.9 153.5 153.4 154.4 149.4 143 133.5 129 125.9 125.4 129.1 135.6 141.4 142.5 141.7 138.6 134.1 137.5 139.3 142.7 156.6 162.5 167.6 167.5 164.9 165 168.7 168.3 166.2 159.7 147.2 135.9 129.9 128.1 127.1 121.5 122.1 127.5 134.3
106.9 97.8 91.5 84.9 78.9 73 68.1 64.1 59.3 55.1 52.6 59.2 65.5 69.6 76.5 87.7 99.1 108.7 124.6 136.6 140.8 133.9 110.5 91.6 76.3 61.8 51.5 49.6 48.3 46.7 47.2 49.3 51.4 53 56.8 60.2 63.5 64.1 64.7 65.3 66.6 70.9 80.2 95.6 109.9 122.9 132.3 142.4 152.7 152.1 152.1 150.6 146.9 138.7 130.3 126.8 125 126 129.5 137.5 142.6 143.4 144.1 141.2 139.8 138.9 142.7 150.2 159.7 163.2 167.1 167.5 162.4 165.4 168.2 169.8 165.3 159.5 144.1 133.1 126.7 124.2 125 120.3 121.1 125.5 130.8
105.4 97.3 89.8 84.2 78.7 73.2 68.5 63.4 58.6 54.1 53.1 58 63.8 69.2 77 87.8 97.8 108.8 124.7 135.9 137.8 130.9 106.2 89.1 74.4 58.9 50.7 49.2 48.2 46.9 46.6 47.5 48.9 51.8 56.8 59.3 66.7 66.1 63.8 64.7 65.5 69.9 81.6 96.4 110.6 123 132.4 141.9 149.6 148.1 147.4 145.9 142.8 134.9 128.8 125.4 124.8 126 131.6 139.8 143.7 144.5 144.7 144 141.3 139.9 143.2 152.8 159.7 164.1 166.2 164.8 160.8 165 168 168.7 164.8 157.1 141.2 129.6 122.2 120.1 118.1 115.4 116.8 123 127.6
104.6 96.3 89.9 84.1 78.1 72.7 68.1 62 57.4 52.2 53.8 58.3 63.9 68.8 77.7 88.3 98.2 107.6 125.1 135 136.9 126.4 106 87.6 72.1 56.6 50.5 48.5 47.6 46.7 43.3 47 50.9 52.5 56 60.9 68.3 66.3 62.4 62.5 64.2 70.5 83.2 97.8 110.7 121 132.3 139.9 143.9 145 143 141.5 137.5 129.6 127.2 124.5 124.9 126.9 136.4 141.8 144.7 147.9 144.7 142.4 141.3 142 145.2 155 161.2 162 162.2 161 159.1 163.3 167.5 168.4 164.4 156 138.5 126.5 117.4 115.4 112.5 106.4 115.1 120.3 125.1
102.6 94.8 90.2 85.4 78.7 73.6 66.8 60.9 56.4 50.3 54.6 58.8 64.6 69.4 78.1 91 99.8 109.9 127 133.4 134.4 123.2 104.7 86 69.8 53.4 50.1 48.6 47.5 46.4 44.7 46 49.8 51.9 55.8 61.7 67.6 64 61.3 61.4 62.8 69.8 83.6 98.7 111.5 122.1 131.4 139.8 141.4 141.4 139.7 139.1 133.7 126.6 124.4 124.4 124.7 129 135 142.2 146.4 151.1 150.2 145.8 145.1 145.8 150.9 156.2 161.3 163 160.9 157.5 158.7 161.3 166 166.1 163.5 154 135.5 122.6 112.1 110.8 107.2 101.5 111 116.7 121.4
100 92.5 90.5 86 77.6 72.9 65.3 59 53.2 48.3 53.8 60.3 64.2 71.2 80.8 91.5 100.7 112.4 127.6 134.9 134.7 120.7 101.3 82.5 67.2 51.5 49.8 48.8 47.4 46.3 43.2 46.8 50.8 52.3 57.1 59.9 63.7 61.3 60 60.7 62.5 70.8 85 99.1 112 123 133.6 142 141.8 140.1 137.7 135.9 128.4 124.2 123.5 123.8 124.7 130.1 137.4 143.4 149.4 154.5 154 148.2 147.3 150.3 154.2 155.7 158.5 161.7 159.4 155.1 156.7 159.3 161.1 162.6 156.6 146.5 125.7 116.5 106.8 105.4 103.6 101.4 106.8 113.6 117.6
97.1 88.6 87.4 85.3 76.4 70.3 63.5 57 49.4 46.3 55.3 60 65.9 74.1 83.7 93.1 101.8 114.5 128.9 134.7 133.2 117.5 97.2 79.9 64.6 50.4 48.8 48.2 47.2 45.4 44.5 46 49.7 50.6 54.9 57.7 59.3 59.4 58.3 59.9 62.7 72.1 86.4 99.3 112 123.1 134.3 141.8 138.7 135.9 135 131.7 124.9 123 123.1 123.5 124.3 130.1 137.6 144 150.7 155 151.9 148.3 149 152.2 153.3 154.3 155.4 156.5 153.5 150.9 153.7 156.7 157.8 155.8 148.3 137.6 120.2 106.1 100.2 98.6 98.4 97.7 105.1 112.6 114.5
93.8 85.5 82.7 82.8 74.3 68.6 60.3 52.5 42.2 51.5 57.1 63.3 68 76.7 85.6 93.6 103.2 115.6 129.8 134.8 130.4 113.5 94.2 77.8 62.8 50.1 48.4 47.4 46.8 45.4 45.2 45.7 46.6 49.5 55.8 54.9 56.2 57.5 57.8 59.4 62.4 73.2 87.1 99.6 111.8 123.1 133.8 138.8 135.6 133.7 134.3 127.1 123.7 122.8 123.4 123.8 125 132.1 139.9 145.8 150.1 152.4 151.9 149.6 149.7 151 149.6 150.7 150.5 150.7 147.2 145.3 149.4 152.8 154.7 149.3 139.6 128.6 111.8 100.5 95.1 93.4 91.8 94.6 102.4 108.3 110.4
90 82.2 80.1 77.7 72.9 67 57.7 44.9 51.7 58.3 62.9 68.6 72.3 78.8 87 94.7 104.5 116.8 129.9 133.2 127.6 114.1 94.2 75.6 61.3 49.7 47.6 46.9 46.4 46.1 44.7 43.3 44.1 48.1 54.9 53.3 55.3 56.7 56.5 57.8 61.4 71.3 86.8 99.4 109.9 121.5 132.9 135.5 132.3 132.6 132.4 125.3 122.8 122.6 123.7 124 127 133.3 140 145 149.2 151.7 151.5 150 148.4 149.6 146.8 145.2 145.3 144.1 142.5 142.5 145.3 149.6 149.3 143.2 133.1 119.7 104.3 92.8 88.5 88.4 84.3 91.7 98 104.8 106.5
