public/OST50/HU45.asc
ncols 200
nrows 200
xllcorner 440000
yllcorner 1150000
cellsize 50
[rows 152 to 189 of 200, columns 0 to 86 of 200]
160.9 165 163.9 149.1 136.2 119 97.4 85.2 73.2 80.4 77.1 66.1 50.1 39.3 37.2 36.2 34.2 31.7 27.9 21.2 27.5 27.5 27.9 30.2 32.1 35.1 38.9 43.7 45.7 51.6 60.6 67.8 76.1 85.1 94 99.9 103.8 110.4 105.8 99.8 97 96.1 98.3 97.8 94.1 92.4 94.3 96.1 98.3 101.5 100.7 100 98.8 93.2 86.8 76.5 64.3 52.3 50.1 41.7 33.9 28.5 28.5 28.5 28.5 28.5 28.5 28.5 28.5 28.5 28.5 28.5 38.9 46 54 60.9 56.9 49.4 35.3 24.1 12.3 7.7 4.9 5 4.5 -0.7 -0.7
164.1 167.7 162.4 147.9 137.9 121.1 98.2 86.5 79 84 79.4 67 50.5 40.2 37.8 36.5 34.6 31.9 28.3 19.2 25.1 25.4 25.6 28.1 31.4 33.7 37.5 40.6 43.6 46.6 55.5 64.4 71.7 82.2 91.4 97.3 103.2 106.6 102.4 95.6 96.4 95.2 96.1 94.1 91.2 90.4 93.8 98.1 98.2 100.4 99.2 97 93.9 89.6 84.4 75.6 65.5 54.9 49.7 40.3 31.3 28.5 28.5 28.5 28.5 28.5 28.5 28.5 28.5 28.5 28.5 28.5 35 43.8 49.5 51.6 50.1 44.2 35.4 23.4 14.8 9.5 5 8.8 8.7 9.5 9.9
168.2 169.4 161.6 148.3 137.9 117.6 99.2 87.2 84.4 87.8 83.8 69.9 53.4 43 39.1 37.2 35.3 30.5 26.3 21.6 20.4 22.3 23.6 26.7 31.2 35.7 37.5 39.8 41.6 45.9 51.6 58.7 67.3 77.2 88.9 95.4 100.2 100.3 97.7 92.7 94.1 93.9 94.2 90.3 88.2 90.5 94.2 95.7 95.9 99.1 98.5 95.1 93.2 90.1 84.6 76.2 67.7 59.6 49.4 39.5 28.8 28.5 28.5 28.5 28.5 28.5 28.5 28.5 28.5 28.5 28.5 28.5 35.6 42.1 46.4 49.5 48.5 40.6 30 21 15.8 12.3 6.8 10.4 12.2 12.8 13.3
171.3 171 161.4 148.8 136.8 116 100.6 90.8 89.9 90.2 85.5 71.1 57.6 45.5 43.2 39.3 36.3 29.5 25.4 21.5 14.5 18.7 21.8 26.7 32.3 35.8 37.9 40.9 40.7 43.6 48.9 56 64.4 74.8 86.4 92.8 96.2 94.1 91.5 89.6 90.9 90.6 90.4 87.5 86.8 88.6 91 93 93.6 95 94.6 92.8 91.2 87.4 80.5 74.1 70.1 64.1 56.9 42.6 29.8 28.5 28.5 28.5 28.5 28.5 28.5 28.5 28.5 28.5 28.5 28.5 34.9 40.7 44.6 47 46.8 38.1 28 19.3 14.8 12.8 8.8 12.9 14.5 15.2 15.9
174 172.1 162.2 149 135.1 116.1 103.8 96.1 94.7 92.9 86.7 73.5 59 50.7 46.6 40.9 34.3 28.6 24 20.5 15.3 15.6 21 26.1 32.8 35.4 35.5 38.5 39.3 42.5 48.5 56.4 63.5 71.8 81 87 91 89.9 87.7 84.7 85.9 86.1 87.6 84.6 85.4 86.6 87.7 90.3 91.7 92.4 90.7 92.5 89.9 86.9 79 74.5 71.2 64.2 61.6 45.4 33.5 28.5 28.5 28.5 28.5 28.5 28.5 28.5 28.5 28.5 28.5 28.5 34.4 40.2 43.5 44.4 41.8 38.2 26.8 21.3 18.1 17.1 15.9 16.2 16.8 17.5 18.4
173.3 171.9 158 145 132.1 113.8 105.8 100.5 98.2 96.7 90.2 75.5 60 51.3 51.2 43.9 34.8 27.9 22.2 19.3 14.3 14.3 20.1 25 30.1 31.6 33.6 36.5 37.2 40.6 48.3 55.9 63.1 69.5 77.2 83.3 85.2 87.3 84.6 83.4 80.6 78.7 83 81.1 85.1 87.1 86 86.2 87.4 88.1 86.5 87.4 88.4 83.8 77.8 74.7 73.6 68.1 63.8 47.2 35.6 28.5 28.5 28.5 28.5 28.5 28.5 28.5 28.5 28.5 28.5 28.5 34.6 39.2 42.8 41.7 39.8 35.3 31 25.6 21.6 20 19.4 20 19.5 20 21.1
170.2 164.5 150.7 140.6 128.8 113.8 107.9 104.2 101.8 100.3 91.5 73.3 59.4 50.3 53 43.7 34.1 27 22.4 17.3 14 14.3 20.1 24.3 26.5 27.8 29.6 33 34.8 38.2 46.1 54.9 63.1 69.1 74.7 80.1 83.7 86.5 86.7 80 77.6 77.2 77.1 77.9 83.7 83.5 82.6 82.4 81.6 81.3 82.2 83.1 84 80.3 76.3 73.1 68.9 66.2 58 47.1 37.3 28.5 28.5 28.5 28.5 28.5 28.5 28.5 28.5 28.5 28.5 28.5 35.4 40.2 43.5 42.3 39.2 36.2 33.5 29.7 25.6 22.3 22.6 22.8 22.3 22.6 23.2
167.3 160.6 146.4 139.4 126.8 115.6 110.9 106.9 105.8 104.2 92.7 71.3 54.5 48 50 42 35.3 27.4 19.2 14.6 11.9 15 20.2 23.1 25.1 24.4 26.9 30.2 34.1 37.8 43.7 53.3 62.8 69.2 72.4 77.7 81.3 85.4 86 82.3 77.4 75.4 71.4 73.6 78.8 77.9 77.9 78 76.5 79.3 79.2 81.3 81.6 78.5 75.8 74.3 68.9 62.6 53.2 45.6 37.7 28.5 28.5 28.5 28.5 28.5 28.5 28.5 28.5 28.5 28.5 31.3 36.7 41.4 45 44.5 40.5 38.8 36 33.7 29.7 25.7 25.4 25.1 25.2 26.1 26.6
165.3 153.4 143.9 136.3 122.5 114.4 110.2 109.6 108 107.2 92.1 70.2 54 46.2 50 42.4 33.7 26.4 18.5 12.7 11.2 14.7 19.3 22 22.4 21.4 23.1 27 32.5 38.2 44.9 52.8 60.5 66.6 71.1 75.3 79.7 83.8 83.6 79.5 75.7 72.5 70.7 70.7 75.9 74.7 73.1 72.9 73.8 75.3 78.2 80.6 80.3 78.3 73.1 72.8 65.2 60.8 51.1 42.7 34.6 28.5 28.5 28.5 28.5 28.5 28.5 28.5 28.5 28.5 28.5 31.5 37.4 41.7 43.8 43.7 41.2 39.1 37.8 34.6 31.9 28.6 28.5 27.7 28.2 29.1 29.8
161.2 148.8 140.5 133.1 119.6 111.7 108.4 107 106.6 104.2 87.8 68.4 54.9 44.7 50.1 39.9 31.3 23.9 16.4 11.6 10.6 14.2 17.8 20.2 20.4 19.7 21.2 25.1 31 37.5 46.1 54.7 60.2 65.9 71 74.4 78 81.6 79.1 76.9 74.1 70.7 70.7 70.7 70.8 72.9 71.3 71.8 73.8 74 76.6 79.5 81 78.2 74.6 69.9 64.3 56.5 47.8 39.6 30.1 28.5 28.5 28.5 28.5 28.5 28.5 28.5 28.5 28.5 28.5 33 39.7 43.1 43.7 44.1 41.8 39.2 37.1 35 33.1 31.4 30.7 30.1 30.2 31.1 33.7
157.2 144.8 135.4 127.9 115.1 110.8 107.9 107.5 106.3 101.4 83.9 66.4 52.8 42.6 44 35.7 28.6 22 17.1 11 11 13.7 16 17.2 18.3 19.4 21.1 24.5 30.8 38 48.7 57.1 62.2 67.5 70.7 74.3 76.6 78.5 77 74.1 71 70.7 70.7 70.7 70.7 73.1 69.7 69.1 71.6 71.9 74.7 77.2 80 78.9 75.8 67.5 58.4 51.4 43 34.2 28.5 28.5 28.5 28.5 28.5 28.5 28.5 28.5 28.5 28.5 31.9 36.5 41.5 44.7 45.1 44.8 43.3 40.4 37 35 33.3 32.6 32.2 31.5 32.1 34.4 39.5
150.7 137.6 128.3 121.1 112.4 107.7 106 107.3 103.6 95 81.4 64.6 49.9 41.7 37.1 32.3 25.4 20.5 17 11.4 10.9 13.2 14.3 15.5 16.2 18.1 21 23.4 31 39.3 51.3 59.5 64.9 69.1 72.7 74.3 77.2 78.2 76.6 76 72.8 73.3 74 70.7 75.5 72.3 70.7 69 66 69 71.8 74.8 77 76.9 73 66.2 57.8 48.8 40.2 29.3 28.5 28.5 28.5 28.5 28.5 28.5 28.5 28.5 28.5 28.5 34.4 39 41.8 45.1 45.4 45.7 44.5 42.1 38.7 36.3 34.6 33.8 34.2 34.6 35.3 38.5 45.1
147.5 133.2 122.6 114.5 107.4 103.9 101.5 100.7 96.2 91.3 78.3 61.8 46.9 41.7 34.8 28.6 22.7 20.3 16.3 12.1 10 11.6 12.7 15 14.7 17.5 20.8 24.6 30.6 41.9 53 60.8 66.7 71.5 74.4 76.4 78.5 78.7 77.5 78 78.2 76.1 74.1 71.8 72.8 71.8 71 69 66 66 67.7 73.4 74.6 73.8 68.2 61.1 54.8 46.1 37 28.5 28.5 28.5 28.5 28.5 28.5 28.5 28.5 28.5 28.5 29.2 37.6 41.6 43.4 46.6 46.6 46.9 46.4 43.2 39.6 37.7 35.2 35.2 36.7 37.1 39 44.6 49.9
140.2 126.1 115.6 107.2 102.1 98.5 96.1 94.3 93.1 86.4 76.3 56.3 46.3 40.5 34.4 26 19.9 17.3 17.2 12.9 9.8 10.7 11.4 12.7 14.3 17 19.2 24.9 32.9 43.7 55.7 62.2 68 73.6 77.3 80.7 80.9 81.1 79.1 78.9 79.6 77.8 74.2 72.8 72.3 71.7 71.3 70.7 68.1 66 66 70 71.9 70.7 64.4 57.5 51.8 43.7 35.1 28.5 28.5 28.5 28.5 28.5 28.5 28.5 28.5 28.5 28.5 36.4 41.3 43.8 46 48.5 49 48.1 46.6 43.7 41.3 39.4 37.5 37.6 38.5 39.7 44.3 51.4 55.6
131.2 119.1 107.9 98.4 95 90.3 88.1 88.3 89 80.4 69 52.2 43.4 39 31.6 23.7 18.8 15.4 14.4 10.8 9.1 10.1 11.7 14.2 16.2 18 21.2 26.2 34.3 46.4 56.8 63.1 69.4 74.7 79.4 84.3 84.9 82.9 80.7 78.4 77.7 75.1 73.4 72.3 71.3 70.4 70.9 70.9 69.4 66 66 66.2 69.6 67.6 62.5 55.8 48.9 42 34.5 28.5 28.5 28.5 28.5 28.5 28.5 28.5 28.5 28.5 30.3 39.4 44.3 47.6 49.6 50.3 51.1 49.4 48 45.5 44.5 41.1 39.8 40.5 41.2 44.7 51.1 59 62.3
126.8 113.9 102.8 93.1 89.6 85.8 84.6 82.6 81.8 72.9 62.8 51.9 41.2 37.6 30.7 23 17 13.1 11.3 9.3 8.4 9.8 11.9 13.9 16.6 19.8 22.1 27.4 36.3 47.5 56.9 63.1 70.5 76.6 82.9 86.1 88 86.3 84.7 82.2 78.2 74 72.9 71.9 71.9 71.6 72.9 71.4 71.1 69.4 70.1 67.3 66.7 65.2 59.9 54.1 47.7 38.6 31.7 28.5 28.5 28.5 28.5 28.5 28.5 28.5 28.5 28.5 32.1 41.7 47.9 52.1 52.9 53.8 54 52.9 51.6 50.5 47.2 44.7 43.3 43.3 44.6 50 56.2 62.4 66.5
122.5 110.8 99.2 91 87.1 84.3 82.9 78.5 74.2 66.3 58.9 50.9 40.8 35.1 29.5 21.3 15.5 11.3 10.1 8.5 8.4 11 13.1 16.2 17.9 21 24.6 30.4 37.9 48.8 56.9 63.7 71.9 77.7 83.8 87.8 90.5 88.4 87.9 85.6 81.3 75.6 72.9 71.7 72 72.4 73.2 71.4 69.1 71 70.3 68.4 64.7 64.2 59.9 52.7 44.1 36.3 29 28.5 28.5 28.5 28.5 28.5 30.4 29.7 28.5 28.5 33.6 44.2 50.7 53.8 55.4 57 56.4 57.2 57 54.3 50.9 48.2 47 47.7 49.7 54.1 60.9 65.7 68.8
119.9 106.7 96.1 90.4 87.9 83.9 80.3 75.5 69.6 60 54.7 47.7 38.7 31.3 26.9 19.8 13.4 10.4 9 7.3 9.1 12.1 15 18.9 21.4 23.4 26.7 32.6 40.7 49.4 57.9 66 73.9 80 85.1 89.8 91.7 90.2 89 87.2 82.8 78.6 74.8 72 70.3 69.8 69.2 68.6 70.7 72 71.1 69.3 65.5 63.6 60.2 53.9 43.9 34.4 28 28.5 28.5 28.5 28.5 28.5 29.5 29.5 28.5 28.5 35.4 46.6 52.7 56 59.8 61.3 61.3 62.3 60.4 58 54.8 52 50.1 50.9 52.5 57.4 64.5 68.1 71
116.1 103.2 91.9 89 86.9 84.2 82.3 77.7 70.2 59.8 49.8 43.5 33.6 27.5 21.5 15.8 11.1 8.7 6.9 7.9 9.7 12.3 17.8 24.9 29.8 27.7 29.9 35.3 42.6 50.2 58.3 67.7 75.4 81.5 85.3 91 93.6 92.2 91.8 87.6 82.5 78.6 75.2 73.1 68.9 68.6 68.6 71.3 72 72.6 72.4 70.2 67.3 64.4 58.7 51.7 43.3 33.9 28.5 28.5 28.5 28.5 28.5 29.9 30 28.5 28.5 28.5 36.6 46.8 54.6 60.3 63.9 66.5 65.8 65.7 63.4 59.8 56.2 53.9 53.1 53.4 55.3 59.7 67.3 69.9 72.6
111.4 101.3 90.5 88.1 86.9 86.5 84.2 80.4 72.1 59.7 48.5 38.8 26.2 23.1 17.4 12.1 9.9 8 6.9 8.1 10.4 14.1 21.8 31.3 33.4 32.5 33.7 36.4 44 51.9 60.3 69.2 77.9 83 87.1 93 95.2 93.1 93.9 89.5 84.4 79.8 75.8 73.3 71.1 68.6 68.6 71.8 73.3 73.6 73.2 71.5 69.4 64.7 58.6 50 42.6 32.1 28.5 28.5 28.5 28.5 28.5 29.6 29.5 28.5 28.5 33.6 40.7 49.4 56.8 63.6 67.1 70.1 70 68.8 66.6 63.3 59.1 56 55.7 56 57.6 62.7 69.7 69.2 67.5
108.2 99.4 90.1 88.2 87.1 86.4 85.6 82.2 71.1 56.2 46.5 35.6 25.8 17.5 14.8 10.8 9.1 8.3 7 8.5 11.8 18.2 25.8 34.2 34.7 34.9 35.7 36.9 44.9 52.3 61 69.8 78.6 84.2 86.7 94.3 95 93.5 92.2 89.6 83.8 79.5 76.9 74.2 71.4 73.3 73.5 73 73.7 74 72.6 70.5 70.1 65 56.8 49.8 41.7 30.6 28.5 28.5 28.5 28.5 28.5 28.5 28.5 28.5 31 37.1 44.7 51.8 60.1 66.9 69.1 71.8 74.4 71.8 68.8 64.5 61.4 58.8 58.5 58.2 60.3 65 69.3 66.4 61.1
107.4 98.7 90.4 88.8 88.8 87.4 87 83.3 67.8 53.1 42.7 31.6 23 18.8 12.5 10.1 8.6 7.3 7.7 9.7 16.1 22.4 29.2 36.4 36.3 36.5 37.2 39 44.6 52.7 61.2 70.4 78.6 84.5 88.1 94.3 97.4 92.7 87.8 84.5 81 78 75.4 73.3 76.7 78.9 76.4 74.3 73.6 73.4 72.2 70.2 66.7 63.5 55.9 47.4 39.1 29.1 28.5 28.5 28.5 28.5 28.5 28.5 28.5 31.2 34.5 39.7 47.3 55.1 62.6 68.4 72.5 75.9 75.5 73.1 70.3 66.3 62.7 61.3 60.6 60.7 63.1 68.5 70.4 64.2 56
108.2 97.9 91 89.5 89.1 87.7 87.6 80.4 63.5 49.9 39.3 28.7 20.5 16.3 11.3 8.5 8 7.2 8.2 11.9 18.1 26.1 32.4 37.6 38.3 36 37.2 38.7 45.4 53.1 60.9 69.6 78.3 84 90.6 96.6 97.4 92.1 86.7 81.2 77.4 75.3 74.5 74.2 79.3 80.7 78.4 76.4 74.3 73.1 72.4 70.4 65 60.2 56.2 46.1 36.2 28.5 28.5 28.5 28.5 28.5 28.5 28.5 29.7 33.5 37 42.7 50.9 58 66.1 71.1 75.6 77.4 75.9 73.6 69.9 67.1 64.2 63.7 62.6 63.1 65.3 68.2 65.9 56.9 43.6
109.9 94.9 91.9 89.5 87.9 88.6 87.3 78 60.6 47.5 38.1 28.2 19.6 15.3 11.1 7.6 7.6 9.1 9.8 13.4 20.2 27.4 33.7 37.2 37.8 36.7 37.4 39.6 47.1 53.2 60.6 68.6 76.9 83.6 91 98.8 97.5 92.5 86.7 79.2 75.5 74.5 74.4 74.6 78.1 78.8 79.5 77.8 76.5 75.5 74.3 71.9 64.5 58.5 52.7 44.9 35 28.5 28.5 28.5 28.5 28.5 28.5 30.3 31 35.1 39.6 46.6 49.4 60.9 67.3 73.4 78.8 79 77.6 74 69.8 67.7 65.4 64.1 63.3 63.9 65.4 64.7 60.2 47.3 34.6
107.2 94.6 92 88.4 88.9 89.9 86.6 73.4 57.4 45.8 36.8 27.8 20.7 16.1 12 9.1 7.6 8.5 9.6 14.5 20.5 27.8 35.3 37.8 37.7 37.5 38.4 40.8 46.9 51.1 59.5 67.6 75.2 82 90 97.3 96.3 90.8 85.6 79.2 74.2 73.6 73.5 74.6 77.4 78.5 79.7 79.5 79.4 78.2 76.2 72.3 66.9 59.8 51.1 43.4 33.9 28.5 28.5 28.5 28.5 28.5 28.5 31.1 32.3 36.3 41.6 48.3 55.5 63 68.9 75.1 79.4 79.8 78 73.9 70.7 68 65.4 63.4 61 59.4 58.5 61.7 50 35.1 26
104.5 95 90.4 89.8 91.4 94.5 85.5 70.7 54.8 43.9 35 28.1 22.3 16.4 11.1 7.4 8.4 8.1 9.3 16.8 20.7 27.2 32.3 35.7 36.7 37.7 39 42.7 46.8 50.1 56.8 65.9 72.8 80 88.5 93.3 93.9 90 86.3 80.1 73.6 72.6 72.8 73.9 77.4 78.6 80.3 80.5 81.9 80.6 79.3 75.3 72.3 64.5 53.4 43.2 33.7 28.5 28.5 28.5 28.5 28.5 29.1 31.2 32.4 36.1 43 50.8 59 65.7 71.7 76.7 78.6 79 77.2 73.9 70.3 68.5 66.5 62.8 57.7 52.1 47.2 44.7 33.3 23.9 16.7
101.3 95.2 91 91.2 91.5 93 81.7 66.6 52.2 42.1 33.7 26.3 20.3 14.2 9.7 6.6 7.5 8 9.4 15.7 20 27 31.2 33.7 36.3 37.1 38 42.3 45.8 49.3 55.7 62.4 70.6 79.4 86.7 88.6 90.2 89.6 85.6 79.3 72.8 72 72.1 72.8 75.2 77.5 79.5 80.6 82.1 81.8 80.5 76.8 73.8 69.1 57.6 42.3 34.9 29.3 28.5 28.5 28.5 29.6 30.5 31.2 32.6 38.1 44.9 52.8 60.8 67.9 73.1 77 77.7 76.6 74.6 71.2 68.8 67.2 66.7 62 54.5 46.1 39.2 29.7 22.1 12.5 -0.7
98.7 96.3 93 92.5 90.6 88 76.2 62 48.1 39.4 31.1 24.6 18.4 12.9 9.1 5.6 5.9 6.6 9 15.1 19.7 26.4 29.2 31.7 34.9 36 36.6 40 43.5 48.1 53.1 59.8 70.1 77.7 83.8 86.4 86.7 85.2 83.3 76.4 70.8 70.4 71 71.7 74.1 76.3 78.4 80.4 80.8 81.6 79.8 77.4 72.6 70.4 62 46 36.4 32.9 30.6 28.4 28.6 29.3 30.2 31 33.2 38.9 45.9 54.7 62.1 69.4 73.9 75.8 75.2 73.4 70.1 66.8 65 64.5 64.6 59.1 53.6 44.9 33.1 18.9 -0.7 -0.7 -0.7
95.7 91.2 85.4 86.8 93.2 89.3 75.9 56.3 44 36.3 28.9 23.1 16.6 11.5 7.7 4.7 3.9 5 9 13.6 19.5 24.3 28.1 31.4 33 32.9 35.3 37.1 40.1 47.3 54 59.9 68.7 75.9 81.9 85.1 83.1 82.9 78.3 74.3 70.1 68.3 69.2 70.6 72.8 75.2 77.6 78.9 79.4 80.2 77.6 75.5 70.9 64.3 56.6 45.6 37.4 34.4 33.2 29.9 25.8 27.7 30 30.2 32.8 39.3 46.5 54.9 63.2 69.8 74.2 73.7 71.8 69.2 66.1 61.1 59 57 54.9 51.1 43.1 32.9 19 -0.7 -0.7 -0.7 -0.7
92.8 83.3 76.8 79.7 88.2 84 72.2 53.8 40.2 33.7 26.4 20.9 13.8 9.3 6 4 2 2.6 8.1 14.1 18.9 23.2 28 30.5 32.4 32.5 32.5 34.7 39.8 46 51.7 60.9 69.3 75.3 81.5 86.3 80.3 81.1 79.5 71.4 66 65.9 67.2 68.4 70.8 73.4 76.6 77.5 77.4 77.9 74.6 71.2 65.7 61.4 51.5 41.8 35.6 33.5 33.4 32.2 28.9 25.4 28.4 30.1 33.3 39.7 47.2 55.3 63.7 69.6 69.7 69.1 66.7 63.1 59.5 55.8 52.9 51.2 48.2 38.8 30.9 18.4 -0.7 -0.7 -0.7 -0.7 -0.7
88.7 76.8 71.2 75 81.7 83.3 69.9 49.4 36.3 28.9 23.2 18.3 11.2 6.8 3.6 2.2 -0.7 3.9 9.5 15.5 20.9 27.7 31.5 34.7 32.9 32.5 32.5 33.2 39.8 45.5 52.8 62 69.9 77 83.8 81.6 76.9 78.1 74 67.9 64 63.9 65.3 66.3 67.3 68.4 72.7 74 72.9 74.2 72.1 69.1 61.6 54.6 48 39.5 33.4 31 32.1 30.7 29.2 24.5 28.9 30.1 33.1 39.5 46.8 54.9 63.4 66.9 64.4 60.6 58.1 55 51 48.3 47.1 46 42 35.5 22.4 10.5 -0.7 -0.7 -0.7 -0.7 -0.7
86.1 72.4 67.9 71.7 80.8 82.9 64.1 45.3 32.7 26.3 20.3 15.1 8.5 4.9 2.6 -0.7 -0.7 5 10.8 18.2 24.1 32.1 35.4 38.6 33.7 32.5 32.5 32.9 41.8 48.1 53.2 63.8 72.4 79 86.6 84.6 76.1 74.9 67.7 62.1 60.7 59.9 60.9 63 62 63.1 64.8 65.7 65.3 66.6 67.3 64.2 58.1 54.8 44.5 35.6 30.3 27.3 29.2 29.5 28.6 24.5 26 28.1 31.6 38 46.2 54.5 61 61.2 57.9 52.5 47.9 45 42.1 40.2 38.9 38 34.1 24.9 15.7 -0.7 -0.7 -0.7 -0.7 -0.7 -0.7
82.7 72.1 66 70.3 78.8 77.8 58.7 41.4 30 23.2 17.3 10.9 6.2 3.5 1.6 -0.7 4.1 7.4 13.7 21.1 28.3 33.9 37.8 40 36 33.4 32.5 37.2 44.7 49.9 56.6 65.7 73.7 79.2 83.4 79.3 72.7 68.1 62.4 58.1 57.5 55.6 56.6 57.7 56.7 56.3 56 57.3 57.2 59 61.5 57.3 52.6 49.9 42.8 33.7 27.6 24 25.5 28.7 26.7 22.3 22.8 26.5 30.6 37.6 45.1 53.5 54.2 51.9 46.3 41.9 38.2 33.2 33.1 30.8 31 32 27.1 17.6 -0.7 -0.7 -0.7 -0.7 -0.7 -0.7 -0.7
76.9 66.8 64.7 67.7 77.7 75.1 55.3 38.1 27.9 19.6 12.7 7.4 3.9 2.6 -0.7 -0.7 5.4 8.8 15.9 23.6 30.9 34 40.7 40.6 36.7 35.7 36.6 41.1 46.7 52.6 58.4 67 73.5 78 83.3 76.5 68.8 65.1 59.3 55.2 54.4 51.9 54.1 51.2 49.9 50 49.9 50.9 51.5 51.7 53.6 49.6 48.3 46.3 38.8 31.4 24.7 20.9 21.4 23.9 23.8 22.6 22.3 25.9 31.1 37.5 44.4 49.2 46.5 41.3 35.2 29.9 28 22.6 21.4 22 22.5 26 22.1 11.3 -0.7 -0.7 -0.7 -0.7 -0.7 -0.7 -0.7
70.5 64.4 62.7 65.8 75.5 73.9 55.5 35.7 24.6 15.8 8.3 4 3.1 2.6 -0.7 2.7 7.4 11.7 18.7 25.6 31.6 37 43.2 45.3 37.7 37.6 39.4 42.7 48.3 54.6 61.1 67.7 72.8 74.9 75.3 70.9 65.6 63.1 57.6 53.8 51.5 48.6 47.4 45.9 44.8 44.7 44.7 47.7 48 47.9 45.9 44.8 44.8 40.3 35.1 29.1 21.6 17.6 15.5 18.3 20.7 18.8 21 24.9 29.9 37 41.9 41.8 36.9 30.5 24 18.9 15.9 12.8 -0.7 8 12.4 14.9 -0.7 -0.7 -0.7 -0.7 -0.7 -0.7 -0.7 -0.7 -0.7
67.7 62.5 60.1 64 75.4 71 51.6 34.3 22.2 11.8 5.1 2.6 1.9 -0.7 -0.7 5.8 8.4 12.2 20.3 25.4 32.3 37.5 44.3 47.9 40 42 43.8 45.5 51.4 57.5 64 71.2 73.3 71.8 67.7 62.2 61 57.9 55.9 53.3 49.4 46.5 44.3 43.5 42.7 41.7 42.3 43.8 45 44.4 43.3 40.9 37.8 34.8 30.5 25.1 20.3 16 14.6 14 14 6.6 17.9 22.9 28 29 34.8 30.1 24.8 19.5 12.9 -0.7 -0.7 -0.7 -0.7 -0.7 -0.7 -0.1 -0.7 -0.7 -0.7 -0.7 -0.7 -0.7 -0.7 -0.7 -0.7
67.4 61.3 57.8 62.1 74.2 69.8 48.1 31.3 17.2 9.1 3.2 1.8 -0.7 -0.7 2.5 4.7 8 13.6 20.5 25 33.6 39.7 46.6 49.9 48.5 49.8 49.8 51.3 56.4 60.5 66.2 73.7 78.6 73.6 65.7 59.2 56.1 55.5 57.1 55.3 49.5 45.9 42.4 42.1 40.6 40.1 39.9 42.3 43.5 42.2 42.6 37.8 33.5 30.2 25.4 20.5 16.4 15.2 12.9 13.8 9.2 5 11.7 16.8 24.8 22.6 19.6 17 12.3 -0.7 -0.7 -0.7 -0.7 -0.7 -0.7 -0.7 -0.7 -0.7 -0.7 -0.7 -0.7 -0.7 -0.7 -0.7 -0.7 -0.7 -0.7
65.7 56.3 52.6 59.4 69.3 70 46.6 28.2 16.1 7 2.3 0.8 -0.7 -0.7 -0.7 2.8 7.8 15 20.7 27 33.8 40.6 47.4 53.4 59.1 65.1 59.5 59 59 61.9 67.5 72.5 77.9 75.1 69 60.1 54.8 55.1 56.1 52.8 47.6 43.1 41.2 40.2 38.8 39.3 39 40.1 43 40.6 38.4 34.7 30 25.6 22.6 19.3 14.9 14.2 15.6 15.9 13.2 3.5 -0.7 -0.7 10.3 10.6 8.1 -0.7 -0.7 -0.7 -0.7 -0.7 -0.7 -0.7 -0.7 -0.7 -0.7 -0.7 -0.7 -0.7 -0.7 -0.7 -0.7 -0.7 -0.7 -0.7 -0.7
