public/OST50/HU54.asc
ncols 200
nrows 200
xllcorner 450000
yllcorner 1140000
cellsize 50
[rows 148 to 184 of 200, columns 0 to 84 of 200]
55.5 57.4 58 57.5 56.9 55.4 54.7 54.6 53.3 52.8 50.3 46.6 42 37.8 34.1 29.7 24.9 20.8 18.9 18.6 25.9 28.9 25.8 20.5 13.2 6.9 -0.6 -0.6 -0.6 -0.6 -0.6 -0.6 -0.6 -0.6 -0.6 -0.6 -0.6 -0.6 -0.6 -0.6 -0.6 -0.6 -0.6 -0.6 -0.6 -0.6 -0.6 -0.6 -0.6 -0.6 -0.6 14.9 16 16.7 17.7 22.2 27.5 28 -0.6 -0.6 -0.6 -0.6 -0.6 -0.6 -0.6 -0.6 -0.6 -0.6 -0.6 -0.6 -0.6 -0.6 -0.6 -0.6 -0.6 -0.6 -0.6 -0.6 -0.6 -0.6 -0.6 -0.6 -0.6 -0.6 -0.6
59.9 61.8 63.3 61.9 60.5 59.3 58.6 57.7 58.1 57.9 54.7 51.5 49.8 45.7 41.1 35.6 30.9 26.5 22.9 23.4 31 38.7 33.4 24.8 16.3 7.6 -0.6 -0.6 -0.6 -0.6 -0.6 -0.6 -0.6 -0.6 -0.6 -0.6 -0.6 -0.6 -0.6 -0.6 -0.6 -0.6 -0.6 -0.6 -0.6 -0.6 -0.6 -0.6 -0.6 -0.6 -0.6 18 17.6 15.4 15.7 21.9 27.8 29.5 -0.6 -0.6 -0.6 -0.6 -0.6 -0.6 -0.6 -0.6 -0.6 -0.6 -0.6 -0.6 -0.6 -0.6 -0.6 -0.6 -0.6 -0.6 -0.6 -0.6 -0.6 -0.6 -0.6 -0.6 -0.6 -0.6 -0.6
64.8 66.3 66.9 65.4 65 65.1 63.8 61.9 61.6 62.1 61.2 59.3 55.9 52.3 48.4 43.5 38.2 32.6 28.1 27.5 34.1 39.7 37.4 29.9 21 11.7 1.6 -0.6 -0.6 -0.6 -0.6 -0.6 -0.6 -0.6 -0.6 -0.6 -0.6 -0.6 -0.6 -0.6 -0.6 -0.6 -0.6 -0.6 -0.6 -0.6 -0.6 -0.6 -0.6 -0.6 9.3 19.6 16.5 14.5 14.6 25.4 30.8 28.7 -0.6 -0.6 -0.6 -0.6 -0.6 -0.6 -0.6 -0.6 -0.6 -0.6 -0.6 -0.6 -0.6 -0.6 -0.6 -0.6 -0.6 -0.6 -0.6 -0.6 -0.6 -0.6 -0.6 -0.6 -0.6 -0.6 -0.6
68.1 69 68.5 69 70.3 69.8 67.5 67.3 68.3 66.9 68.5 67.2 64.8 61.6 56.9 51.2 45.2 39.2 33.2 31.5 36.1 41.9 45.4 38.5 26.4 15.8 6.6 -0.6 -0.6 -0.6 -0.6 -0.6 -0.6 -0.6 -0.6 -0.6 -0.6 -0.6 -0.6 -0.6 -0.6 -0.6 -0.6 -0.6 -0.6 -0.6 -0.6 -0.6 -0.6 -0.6 11.7 16.8 14.2 14.1 14.6 23.1 25.5 -0.6 -0.6 -0.6 -0.6 -0.6 -0.6 -0.6 -0.6 -0.6 -0.6 -0.6 -0.6 -0.6 -0.6 -0.6 -0.6 -0.6 -0.6 -0.6 -0.6 -0.6 -0.6 -0.6 -0.6 -0.6 -0.6 -0.6 -0.6
68.9 69.5 68.8 71.3 73.7 72 72.6 73.4 72.8 71.9 74.8 75.2 72.2 68.2 63.4 58.2 53 46 39 35.9 39 42.1 44.1 42.5 31.1 20.7 10.7 -0.6 -0.6 -0.6 -0.6 -0.6 -0.6 -0.6 -0.6 -0.6 -0.6 -0.6 -0.6 -0.6 -0.6 -0.6 4.4 4.9 -0.6 -0.6 -0.6 -0.6 -0.6 -0.6 8.4 12.8 14 15.3 17.2 17.3 16.5 -0.6 -0.6 -0.6 -0.6 -0.6 -0.6 -0.6 -0.6 -0.6 -0.6 -0.6 -0.6 -0.6 -0.6 -0.6 -0.6 -0.6 -0.6 -0.6 -0.6 -0.6 -0.6 -0.6 -0.6 -0.6 -0.6 -0.6 -0.6
68.8 69.3 69.5 72.5 73.4 73.8 75.9 76.9 76.2 77 79.5 80 77.4 73.6 69.3 65.5 59.7 51.8 46.4 42.4 42.2 44.3 43.6 41.6 35.7 24.8 14.3 0.9 -0.6 -0.6 -0.6 -0.6 -0.6 -0.6 -0.6 -0.6 -0.6 -0.6 -0.6 -0.6 -0.6 6 9 7.4 5.6 -0.6 -0.6 -0.6 -0.6 -0.6 13.4 15.8 17.4 22.9 25.5 20 9.6 -0.6 -0.6 -0.6 -0.6 -0.6 -0.6 -0.6 -0.6 -0.6 -0.6 -0.6 -0.6 -0.6 -0.6 -0.6 -0.6 -0.6 -0.6 -0.6 -0.6 -0.6 -0.6 -0.6 -0.6 -0.6 -0.6 -0.6 -0.6
68.3 69.1 70.8 73.4 74 74.8 77.6 80 81 81.8 82 83.2 81.3 78.8 75.8 70.2 64.4 58.2 52.4 46.6 42.8 43 41.2 37.8 35.5 27.6 18 10.1 -0.6 -0.6 -0.6 -0.6 -0.6 -0.6 -0.6 -0.6 -0.6 -0.6 -0.6 -0.6 -0.6 9.6 10.1 9.2 6.1 -0.6 -0.6 -0.6 -0.6 10.2 15.6 18.1 21.4 31.8 32.6 25.7 -0.6 -0.6 -0.6 -0.6 -0.6 -0.6 -0.6 -0.6 -0.6 -0.6 -0.6 -0.6 -0.6 -0.6 -0.6 -0.6 -0.6 -0.6 -0.6 -0.6 -0.6 -0.6 -0.6 -0.6 -0.6 -0.6 -0.6 -0.6 -0.6
69.3 70.7 72.2 74 74 76.4 80.7 84.7 86.5 86.6 84.8 83.2 81.3 80.1 77.7 72.7 67.6 61.4 55.9 49.3 44.2 42.2 39.9 35.9 34.6 27.4 20 15.1 7.8 -0.6 -0.6 -0.6 -0.6 -0.6 -0.6 -0.6 -0.6 -0.6 -0.6 -0.6 -0.6 9.6 9.3 8.1 5.5 5.1 7.1 7.4 6.9 11.5 19.8 22.4 28.5 37.8 35.4 28.1 -0.6 -0.6 -0.6 -0.6 -0.6 -0.6 -0.6 -0.6 -0.6 -0.6 -0.6 -0.6 -0.6 -0.6 -0.6 -0.6 -0.6 -0.6 -0.6 -0.6 -0.6 -0.6 -0.6 -0.6 -0.6 -0.6 -0.6 -0.6 -0.6
70.5 70.6 72.2 73.1 73.3 76.6 81.7 85.6 88.4 88.5 86 84.3 83.6 83.4 80.1 74.2 69.8 64.4 58.3 51.5 46.1 43.3 39.7 35.3 31.6 26.1 23.5 22.1 13.3 -0.6 -0.6 -0.6 -0.6 -0.6 -0.6 -0.6 -0.6 -0.6 -0.6 -0.6 3.1 6.4 7.3 6.8 6.2 9.1 10.1 9.7 11.8 18.1 24.1 28.8 38 43.1 38.2 31.5 -0.6 -0.6 -0.6 -0.6 -0.6 -0.6 -0.6 -0.6 -0.6 -0.6 -0.6 -0.6 -0.6 -0.6 -0.6 -0.6 -0.6 -0.6 -0.6 -0.6 -0.6 -0.6 -0.6 -0.6 -0.6 -0.6 -0.6 -0.6 -0.6
69 69.7 71.7 71.7 72.9 76.7 82.2 85.1 87.7 88.9 88 87.1 85.1 83.8 79.4 73.5 68.5 63.7 58.6 50.6 46.3 43.2 38.8 35.3 33.2 26.7 29.2 27.7 20.8 10.9 -0.6 -0.6 -0.6 -0.6 -0.6 -0.6 -0.6 -0.6 -0.6 -0.6 1 3.8 6.1 7.3 8.1 11.3 11.4 12.6 17.7 24.3 30.9 35.5 44.2 47.4 40.2 32.7 -0.6 -0.6 -0.6 -0.6 -0.6 -0.6 -0.6 -0.6 -0.6 -0.6 -0.6 -0.6 -0.6 -0.6 -0.6 -0.6 -0.6 -0.6 -0.6 -0.6 -0.6 -0.6 -0.6 -0.6 -0.6 -0.6 -0.6 -0.6 -0.6
65.2 66.4 67.8 69.2 72.2 77.4 81.8 83.6 85.7 85.7 85.7 85.3 83.8 83.1 78.3 71.5 66.4 62 57.1 49.3 44.8 41.5 37.6 33.7 30.5 28.6 38.4 36.4 28.5 16.9 -0.6 -0.6 -0.6 -0.6 -0.6 -0.6 -0.6 -0.6 -0.6 -0.6 1.3 3.9 6.7 8.3 10.1 12.3 14.2 18.1 23.4 30 38.5 45.6 52.9 53.5 44.5 33.9 -0.6 -0.6 -0.6 -0.6 -0.6 -0.6 -0.6 -0.6 -0.6 -0.6 -0.6 -0.6 -0.6 -0.6 -0.6 -0.6 -0.6 -0.6 -0.6 -0.6 -0.6 -0.6 -0.6 -0.6 -0.6 -0.6 -0.6 -0.6 -0.6
64.9 64.4 65.9 69.6 74.9 79.2 83 83.1 84 84.2 83 82.5 80.5 79.2 74.4 67.1 63.7 59.4 54.2 46.3 42.1 38.9 35.5 31.9 27.6 27.2 33.2 36 32.4 20.4 8.6 -0.6 -0.6 -0.6 -0.6 -0.6 -0.6 -0.6 -0.6 -0.6 4.3 6.5 10.4 13.8 15.9 21.8 24.5 27.2 31.6 37.8 46.6 55.2 61.9 59.3 48.5 36 -0.6 -0.6 -0.6 -0.6 -0.6 -0.6 -0.6 -0.6 -0.6 -0.6 -0.6 -0.6 -0.6 -0.6 -0.6 -0.6 -0.6 -0.6 -0.6 -0.6 -0.6 -0.6 -0.6 -0.6 -0.6 -0.6 -0.6 -0.6 -0.6
65.9 65.2 67.1 70.7 72.9 77.7 80.7 82.2 82.8 82.7 79.5 79 76.1 72.8 69.6 62.8 59.9 54.4 50.3 43.7 39.8 36.7 33.4 30.8 25.3 24.2 25.8 32.5 32.1 22.6 10.9 -0.6 -0.6 -0.6 -0.6 -0.6 -0.6 -0.6 -0.6 7.1 9.5 12.9 17.2 21.1 26.2 32.8 36.9 44.9 46.7 49.1 54.9 66.2 71.2 66 53.6 36.8 -0.6 -0.6 -0.6 -0.6 -0.6 -0.6 -0.6 -0.6 -0.6 -0.6 -0.6 -0.6 -0.6 -0.6 -0.6 -0.6 -0.6 -0.6 -0.6 -0.6 -0.6 -0.6 -0.6 -0.6 -0.6 -0.6 -0.6 -0.6 -0.6
68.2 69.1 70.4 70.5 70.2 73 76.5 80.7 81.2 79.7 75.9 75.4 71.8 66.6 62.4 57.4 52.9 48.6 44.2 39.3 37.3 34.1 31.1 29 23.9 21.5 21.9 27.3 30.4 24.9 14.4 -0.6 -0.6 -0.6 -0.6 -0.6 2.5 4.8 9.6 12.6 15.9 20.1 24.8 30.2 36.4 43.6 52.7 56.6 61.9 65.8 68.6 76.8 78.5 72.1 57 34.7 -0.6 -0.6 -0.6 -0.6 -0.6 -0.6 -0.6 -0.6 -0.6 -0.6 -0.6 -0.6 -0.6 -0.6 -0.6 -0.6 -0.6 -0.6 -0.6 -0.6 -0.6 -0.6 -0.6 -0.6 -0.6 -0.6 -0.6 -0.6 -0.6
72.1 73.3 70.6 69.3 68.9 67.6 71.7 74.6 76.4 74.9 71.2 69.5 67.1 60.6 56.5 51.9 47.1 42.9 38.7 35.4 33 30.8 27.2 25.7 21.9 18.7 18.8 21.5 24.7 22.3 16.3 10.8 -0.6 -0.6 4.8 4.2 4.1 9.1 15.1 18.3 22.4 26.9 32.2 37.8 44.8 53.5 61.4 64.5 74.3 80.9 85.4 90.7 85.5 76.5 57 32.8 -0.6 -0.6 -0.6 -0.6 -0.6 -0.6 -0.6 -0.6 -0.6 -0.6 -0.6 -0.6 -0.6 -0.6 -0.6 -0.6 -0.6 -0.6 -0.6 -0.6 -0.6 -0.6 -0.6 -0.6 -0.6 -0.6 -0.6 -0.6 -0.6
73.5 73.3 70.7 69.6 68 65.4 66.7 69.2 72.8 69.8 65.7 61.9 58.4 54.3 50.3 46.5 41.3 37.2 33.9 32 29.5 26.8 23.4 22.4 19.5 15.6 15.4 17.4 18.9 19.4 17.5 12.3 6.6 9.8 9.2 8 8.7 15.3 21 24.1 27.5 32.3 38.1 45.4 53.8 59 65.4 74.3 87.2 94.8 100.2 98.5 91.8 79.6 57.5 28.8 -0.6 -0.6 -0.6 -0.6 -0.6 -0.6 -0.6 -0.6 -0.6 -0.6 -0.6 -0.6 -0.6 -0.6 -0.6 -0.6 -0.6 -0.6 -0.6 -0.6 -0.6 -0.6 -0.6 -0.6 -0.6 -0.6 -0.6 -0.6 -0.6
72.8 72.1 70.2 70 66.9 64.8 64.9 64.5 66.5 62.5 58.3 54.5 50.1 46.3 42.1 40.2 35.7 32.6 29 28.1 25.5 23.5 21.1 18.9 17.2 14.3 14.3 15.7 16.1 16.2 15.3 9.6 12.7 15.1 14.6 13 15.6 22 26.5 29.8 31.9 36.1 43.9 53.6 60.5 64.7 71.8 87 98.6 106.7 111.7 105.7 96.2 80.1 57 24.4 -0.6 -0.6 -0.6 -0.6 -0.6 -0.6 -0.6 -0.6 -0.6 -0.6 -0.6 -0.6 -0.6 -0.6 -0.6 -0.6 -0.6 -0.6 -0.6 -0.6 -0.6 -0.6 -0.6 -0.6 -0.6 -0.6 -0.6 -0.6 -0.6
68.4 69.5 69.7 69.4 66.5 65.1 63.9 62.4 57.9 54 50.7 47.6 43.4 40.2 36.4 33.9 30.8 27.7 24 23.8 22.4 20.4 18.2 16.7 15 14.3 14.3 14.3 14.6 14.3 13.6 15.8 16.5 18.1 18.9 19.5 21.1 26.1 31.7 35.5 37.4 40.9 49.3 58.9 64.9 72.4 80.2 97.5 108.1 117.3 118 108.5 96 78.4 54.5 -0.6 -0.6 -0.6 -0.6 -0.6 -0.6 -0.6 -0.6 -0.6 -0.6 -0.6 -0.6 -0.6 -0.6 -0.6 -0.6 -0.6 -0.6 -0.6 -0.6 -0.6 -0.6 -0.6 -0.6 -0.6 -0.6 -0.6 -0.6 -0.6 -0.6
60 64 66.8 67.1 66.7 66.6 66 64.2 58.6 52.7 47.1 42.3 38.3 35.2 32.2 28.7 26.4 24 21.2 19.7 18.5 17.5 16.4 14.9 14.3 14.3 14.3 14.3 14.3 14.3 15.4 19.3 22.7 22.9 23.8 24.3 26 30.4 36.3 41 43.8 47.1 54.5 65 72.2 81.1 91.5 109 117.7 127.5 120.6 106.2 94.3 74.1 47.5 -0.6 -0.6 -0.6 -0.6 -0.6 -0.6 -0.6 -0.6 -0.6 -0.6 -0.6 -0.6 -0.6 -0.6 -0.6 -0.6 -0.6 -0.6 -0.6 -0.6 -0.6 -0.6 -0.6 -0.6 -0.6 -0.6 -0.6 -0.6 -0.6 -0.6
54.8 57.2 61.4 64.1 66.1 67.1 68.1 64.5 58.3 52.9 45.5 40 35.5 33 30 27.1 24.4 22 19.7 18.3 17.4 16.8 16.1 14.5 14.3 14.3 14.3 14.3 14.3 14.3 16.4 20.8 23.4 26.7 29.4 30.1 30.5 35.3 41.7 47.1 50.5 53.9 61.3 71.1 80 89.8 103.7 120.6 127.8 133.7 120.1 103.9 91.8 71.5 44.1 -0.6 -0.6 -0.6 -0.6 -0.6 -0.6 -0.6 -0.6 -0.6 -0.6 -0.6 -0.6 -0.6 -0.6 -0.6 -0.6 -0.6 -0.6 -0.6 -0.6 -0.6 -0.6 -0.6 -0.6 -0.6 -0.6 -0.6 -0.6 -0.6 -0.6
53 54 55.9 61 63.9 65.1 64.2 62 56.2 52.4 45.8 39.6 34.9 31.8 29.2 26.2 23.5 21.6 19.7 18.7 17.8 18.3 17.6 16.2 14.7 14.3 14.3 14.3 14.3 14.6 16.7 19.4 22.7 26.9 31.2 33.7 35 40.2 46.8 52.2 55.9 60.8 68 76.9 87.6 98 118.8 131.6 138.9 131 114.8 100.6 87.5 64.4 40.1 15.3 -0.6 -0.6 -0.6 -0.6 -0.6 -0.6 -0.6 -0.6 -0.6 -0.6 -0.6 -0.6 -0.6 -0.6 -0.6 -0.6 -0.6 -0.6 -0.6 -0.6 -0.6 -0.6 -0.6 -0.6 -0.6 -0.6 -0.6 -0.6 -0.6
53.6 55.7 58.2 60.2 61.3 62.3 61.5 59.9 55.9 52.8 47.2 42 35.7 31.7 28.3 25.8 23.6 21.8 20.3 19.5 18.6 19.6 19.5 18.7 17.1 13.7 14.3 14.3 14.4 15.6 17.1 19.8 23.6 28 32.4 37 40.1 44.1 49 54.5 59.2 65.8 73.7 81.8 93.1 106.6 130.2 139.2 140.4 126.8 109.7 98 85.9 62.3 36.7 16.4 -0.6 -0.6 -0.6 -0.6 -0.6 -0.6 -0.6 -0.6 -0.6 -0.6 -0.6 -0.6 -0.6 -0.6 -0.6 -0.6 1 -0.6 -0.6 -0.6 -0.6 -0.6 -0.6 -0.6 -0.6 -0.6 -0.6 -0.6 -0.6
56.2 60.2 61.1 62.2 64.1 63.5 60.6 58.9 55.1 51.7 47.5 42.8 37.1 32.5 29 26.1 23.7 22.7 22 21.1 21.1 22.3 23.5 22.5 19.8 16.6 14.5 14.4 15.1 16.5 17.8 20.1 24.4 31 35.4 39 42.1 48 53.1 57.5 61.5 68.8 78 85.4 97.5 114.6 135.4 140 133.6 120 105.4 95.8 81.5 59.3 35.1 18.1 8.6 -0.6 -0.6 -0.6 -0.6 -0.6 -0.6 -0.6 -0.6 -0.6 -0.6 -0.6 -0.6 0.9 -0.6 9.8 -0.6 -0.6 -0.6 -0.6 -0.6 -0.6 -0.6 -0.6 -0.6 -0.6 -0.6 -0.6 -0.6
58.8 62.7 66.8 65.7 63.2 62.5 61.1 58.9 55.4 51.5 48.2 43.7 39.1 34.8 31.2 27.3 24.6 23.5 22.6 22.5 23.5 26.1 26.3 24.6 22.4 19.1 15.9 15.5 16.4 17.7 18.6 20.9 26.3 33.2 37.9 39.5 41.8 50 55.9 60.3 64.4 71.3 82.2 87.6 99.8 118.8 134.6 134.9 124.6 112.8 102.2 92.2 80.6 60.9 37.5 21.7 13.2 -0.6 -0.6 -0.6 -0.6 -0.6 -0.6 -0.6 -0.6 -0.6 -0.6 -0.6 -0.6 8.8 10.8 12.4 14.8 16.1 -0.6 -0.6 -0.6 -0.6 -0.6 -0.6 -0.6 -0.6 -0.6 -0.6 -0.6
57.4 62.8 67.2 65.8 62.5 60.9 61.1 59.7 56.1 52.8 50 45.1 42.5 37.9 34.5 29.9 26.2 24.3 24.4 25.3 26.8 29.4 27.7 26.3 25.7 21.6 17.2 17.5 17.9 18.5 19.4 21.5 26.8 34.3 40.2 42.2 43.4 50.3 58.2 62.9 67.5 73.5 82.8 89.3 100 113.3 131 131.7 121.1 106.8 97.5 88.5 78.2 59.7 38.8 23.6 16.6 12.1 -0.6 -0.6 -0.6 -0.6 -0.6 -0.6 -0.6 -0.6 -0.6 -0.6 7.7 11.3 12.7 15 20.3 23.6 -0.6 -0.6 -0.6 -0.6 -0.6 -0.6 -0.6 -0.6 -0.6 -0.6 -0.6
54 59.4 63.8 62.9 59.5 59.6 58.6 58.1 55.9 55 52 48.3 45.4 40.5 36.5 33 29.5 26.6 26 27.1 28.5 31.1 29.5 27.3 27.1 23.5 18.9 18.8 18.8 19.1 20 22.7 27.5 34 40.7 44 46 48.5 59.7 65.8 70.7 76.2 83.7 90.1 98.3 108.8 124.7 132.9 121.1 104.2 91.6 84.8 77.6 60.2 42.4 26 24.3 14.2 -0.6 -0.6 -0.6 -0.6 -0.6 -0.6 -0.6 -0.6 0.8 6.9 10.4 13.3 15.1 18.9 23.2 -0.6 -0.6 -0.6 -0.6 -0.6 -0.6 -0.6 -0.6 -0.6 -0.6 -0.6 -0.6
49 55 59.4 58.7 57.6 58.6 57.5 57.3 57.2 57.1 54.1 52.6 48.4 44 39.4 36 31.9 29 27.5 27.2 27.9 30.8 30.5 27.4 27.1 24.7 20.7 19.3 19.6 19.7 20.8 23.6 29.1 35.1 41.2 45.9 49 49.2 58 67.8 72.1 77.2 84.1 89.6 94.8 105 121 130.7 114.2 98.3 86.1 79.7 75.6 60.6 43.9 26.9 24.5 13.8 -0.6 -0.6 -0.6 -0.6 -0.6 -0.6 -0.6 -0.6 4.2 9.6 13 16.4 18 23 25.6 -0.6 -0.6 -0.6 -0.6 -0.6 -0.6 -0.6 -0.6 -0.6 -0.6 -0.6 -0.6
45.6 51.3 55.4 56.4 55.4 57.1 56.8 58.2 57.8 58 56.4 55 51.4 46 42 38.6 36.3 33.5 29.6 27.8 27.7 28.7 28.5 27.2 26.2 25.1 22.2 20.1 20 20.1 21.2 24.1 29.4 35.2 41.3 46.9 50.2 50.2 51.6 61.6 71.1 77.9 84.8 89.9 93.2 103.4 116.1 127 111.8 95.1 82.1 75.9 68.2 53.9 36.2 25.6 19.7 11.2 -0.6 -0.6 -0.6 -0.6 0.5 -0.6 -0.6 -0.6 7.7 11.8 14.3 17 20.9 23.9 26.4 -0.6 -0.6 30.6 -0.6 0.1 -0.6 -0.6 -0.6 -0.6 -0.6 -0.6 -0.6
42.7 48.2 51.8 54.2 53.5 54.2 56.2 58.2 57.7 57.5 58.1 56.5 52.7 47.3 43.5 40.7 37.9 35 30.8 29.5 27.6 27.2 27.4 26.8 26.4 25.8 23.3 21.2 20.5 20.6 21.9 23.9 29 33.9 40.1 45.8 50 51.2 50.9 55.1 66.9 78.6 85.6 89.1 91.2 102.4 107.7 117.3 111.7 94.6 80.4 73.2 64.2 49.5 35.4 23.6 15.7 8.8 -0.6 -0.6 -0.6 -0.6 0.9 -0.6 -0.6 3.3 8.5 12.5 15.4 17.8 19.6 23.1 25.5 12.4 34.2 33.1 -0.6 4 -0.6 -0.6 -0.6 -0.6 -0.6 -0.6 -0.6
39.6 44.7 48.8 50.9 51.9 52.7 54.9 56.8 57.5 56.6 56.9 56.7 53.5 49 45.4 42.1 39.4 34.8 32.9 32.6 29.1 26.3 25.5 28.4 28.7 27.1 24 21.6 20.9 21.2 22.5 24 27.1 31.8 38.3 44.7 49.7 51.7 51 51.4 61.9 76.1 81.3 82.9 85.9 96.9 98.9 103 108.5 96 79.4 69.8 59.6 47.6 33.2 20.6 13.7 7 -0.6 -0.6 -0.6 -0.6 1.2 5.3 5.3 7.3 8.4 12.9 17.7 21 21.1 22.2 24.3 28.4 32.5 32.1 19.1 11.2 10 4.3 -0.6 -0.6 10.2 18.6 23.8
35.9 40.4 45.4 47.9 50.1 52.2 54.5 55.9 57.8 56.8 56 55.3 53.3 50.4 47.7 44.2 40.2 35.3 33.3 32.1 29.4 26.5 25 25.4 26.9 26.4 24.5 22.4 21.9 22.1 23.2 24.8 26.6 30.5 36.3 43.7 49.3 51.6 51.5 52 58.1 70.5 75.2 74 76.9 87.6 91.2 93.5 94.6 90.8 78.3 65.8 55.2 41.7 28.1 17.6 14.2 -0.6 -0.6 -0.6 -0.6 -0.6 5.6 5.2 5.5 6.7 8.6 13.5 18.3 22.5 23.7 23.7 26.3 31.6 31.2 28.9 18.1 11.9 11.6 10.4 12.8 15.6 20.4 25.2 24.7
33.5 36.4 39.9 44.7 48.8 52.2 54.1 55.8 57.5 56.8 55.6 53.5 52.2 49.5 47 42.1 38.2 35.8 33.7 32.2 29.6 27.1 25.8 25.8 25.8 23.8 25.8 24.6 23.3 23.5 24.5 25.8 27.9 30.2 36.2 43.3 48.9 52 52.9 52.8 56.2 65.4 69.9 68.6 68.6 73.3 83.2 83.1 84.6 80.2 72.3 61.9 49.2 35.2 21.8 13.1 9.5 -0.6 -0.6 -0.6 -0.6 7.4 5.9 5.3 4.8 5.7 9.2 13.8 18.7 23.9 26.2 25.5 31.4 29 27.8 27 19.4 12.5 12 12.1 14.9 18.1 23.5 27 25.8
30.7 34.2 37.4 41.7 47.9 51.7 53.2 54.3 54.9 54.3 53.6 49.9 48.9 48.2 46.7 44.4 41.2 39.6 37.1 34.6 31.6 29 24.6 25.8 25.8 25.8 25.8 25.7 25.6 26 27.1 27.9 29.4 31 36.7 44.1 50.1 54 54.5 54.2 54.7 61.1 66.2 64.5 62.9 64.2 73.5 73.6 72.3 70.5 67.1 57.6 39 23.8 14.7 7.9 6 -0.6 -0.6 -0.6 -0.6 6.7 -0.6 -0.6 0.8 5.4 8.4 12.8 17.8 23.9 27.9 29.8 29.5 24.5 25.2 30.9 20.4 13 12.4 13.4 15 19.1 25.9 27.7 26.9
29 32.4 35.3 39 44.1 47.5 49.5 49.6 50.3 50.3 50.2 50.4 50.4 49.5 50.7 46.6 45.6 43.7 41.3 38.6 34 29.7 25.1 25.8 25.8 25.8 25.8 26.7 27.7 28.9 29.7 30.4 31.8 33.9 37.4 44.3 50.6 55.3 55.5 55.2 55 56.3 61.1 60.6 60.2 58.5 61.4 66.6 63.1 60.4 59.8 53 33 17.9 9.9 -0.6 -0.6 -0.6 -0.6 -0.6 0.7 6.3 -0.6 -0.6 -0.6 -0.6 6.6 12.3 18.5 23.2 25.9 29.8 24.4 21.1 23.3 22.8 18.1 13.4 13 13.9 15.3 19.6 25.6 28.4 28
27.9 30.9 33.8 36.5 40.1 43.8 48.4 50.8 51.9 52.5 53.2 53.3 52 50.5 50 49.6 50 47.7 45.3 42.2 36.5 30.4 25.5 25.8 25.8 25.8 25.8 27.5 30.4 31.8 33.2 33.6 34.9 36.4 40 45.2 49.8 54.5 56 56.2 56.1 56.1 56.1 57.8 58.5 56.6 53.4 57.9 57.9 52.7 49.8 45.3 27.7 12.6 7.2 -0.6 -0.6 -0.6 -0.6 -0.6 5.9 7 -0.6 -0.6 -0.6 -0.6 7.4 13.3 19.9 24.4 27.2 27 19.6 16.1 16.4 17.5 16.2 13.6 12.7 14 15.6 19.4 23.6 27.6 29
27.7 30.2 34 38.1 41.7 45.4 49.1 53.5 54.3 55.9 56.6 57.2 55.8 55.4 53.3 51.7 53.3 52.1 50 44.9 37.9 32.3 27.1 25.8 25.8 25.8 25.8 26.2 32.5 35.3 36.9 37.3 38.7 40 42.3 46.5 50.8 54.4 56.2 57.3 55.4 56.1 56.1 54.9 57.5 58.6 54.1 50.5 51.1 46.2 39.8 36 24 9.5 4.2 -0.6 -0.6 -0.6 -0.6 -0.6 3.1 -0.6 -0.6 -0.6 -0.6 -0.6 8.9 13.8 19.7 21.8 26.8 22.1 16.4 10.5 11.4 14 14.7 13.8 13.4 13.9 16 19.9 23.6 27.1 29.7
29.5 34.4 39.4 43.9 47.3 49.7 51.3 54.4 56.5 59.7 61 61.9 60 60 58 54.7 55.8 57 53.8 47.2 40.5 34 28.2 25.6 25.8 25.8 25.8 25.8 29.9 36.5 40.1 40.3 42.1 43.7 45.7 48.3 52.4 56.1 57.7 58.3 58.4 55.8 56.1 55.4 56.4 58.4 54.8 49.4 45 42.6 36.6 29.2 21.9 8.7 3.2 -0.6 -0.6 -0.6 -0.6 -0.6 -0.6 -0.6 -0.6 -0.6 -0.6 3.4 10.4 15.5 20.1 19.6 19.9 17.6 12.8 0.9 4.9 11 13.1 13.6 13.3 13.5 16.9 20.7 24.5 27.3 30
