public/OST50/HU56.asc
ncols 200
nrows 200
xllcorner 450000
yllcorner 1160000
cellsize 50
[rows 76 to 113 of 200, columns 86 to 171 of 200]
-0.8 -0.8 -0.8 -0.8 -0.8 -0.8 -0.8 -0.8 -0.8 -0.8 -0.8 -0.8 -0.8 -0.8 -0.8 -0.8 -0.8 -0.8 -0.8 -0.8 -0.8 -0.8 -0.8 -0.8 -0.8 -0.8 -0.8 -0.8 -0.8 -0.8 -0.8 -0.8 -0.8 -0.8 -0.8 -0.8 -0.8 -0.8 -0.8 -0.8 -0.8 -0.8 -0.8 -0.8 -0.8 -0.8 -0.8 -0.8 -0.8 -0.8 -0.8 -0.8 -0.8 1.9 2.4 4.8 7.3 11.8 13.8 14.3 15.6 15.1 14.6 15.3 17.2 15.8 16.8 17.4 20 18.9 18 18 18 18 18.2 21.2 22.5 21.9 21.4 23.5 22 21.9 21.9 20.9 20.2 16.4
-0.8 -0.8 -0.8 -0.8 -0.8 -0.8 -0.8 -0.8 -0.8 -0.8 -0.8 -0.8 -0.8 -0.8 -0.8 -0.8 -0.8 -0.8 -0.8 -0.8 -0.8 -0.8 -0.8 -0.8 -0.8 -0.8 -0.8 -0.8 -0.8 -0.8 -0.8 -0.8 -0.8 -0.8 -0.8 -0.8 -0.8 -0.8 -0.8 -0.8 -0.8 -0.8 -0.8 -0.8 -0.8 -0.8 -0.8 -0.8 -0.8 -0.8 -0.8 -0.8 3.9 4.5 4.4 3.2 5.5 8.2 10.5 12.4 14.7 16.1 18.1 18.6 17 15.5 17.8 18.5 21.2 19.2 18 18 18 18 18 18.9 19.3 19.6 21.3 22.2 21.9 22 22.2 24.6 22.3 18.9
-0.8 -0.8 -0.8 -0.8 -0.8 -0.8 -0.8 -0.8 -0.8 -0.8 -0.8 -0.8 -0.8 -0.8 -0.8 -0.8 -0.8 -0.8 -0.8 -0.8 -0.8 -0.8 -0.8 -0.8 -0.8 -0.8 -0.8 -0.8 -0.8 -0.8 -0.8 -0.8 -0.8 -0.8 -0.8 -0.8 -0.8 -0.8 -0.8 -0.8 -0.8 -0.8 -0.8 -0.8 -0.8 -0.8 -0.8 -0.8 -0.8 -0.8 -0.8 6.4 8.4 6.6 4.5 4.8 6.1 7.5 8.7 11.4 15.4 19.7 20.1 20.3 17.8 16.4 16.7 18.1 20.6 19.1 19.7 20.2 19.3 18 18 17.9 18 18.2 18.6 19.7 22.3 24.7 25.5 27.7 25 22.5
-0.8 -0.8 -0.8 -0.8 -0.8 -0.8 -0.8 -0.8 -0.8 -0.8 -0.8 -0.8 -0.8 -0.8 -0.8 -0.8 -0.8 -0.8 -0.8 -0.8 -0.8 -0.8 -0.8 -0.8 -0.8 -0.8 -0.8 -0.8 -0.8 -0.8 -0.8 -0.8 -0.8 -0.8 -0.8 -0.8 -0.8 -0.8 -0.8 -0.8 -0.8 -0.8 -0.8 -0.8 -0.8 -0.8 -0.8 -0.8 -0.8 -0.8 -0.8 8.4 11 6.5 5.5 6 8 8.8 9.8 11.4 16.1 21.5 22 21.9 19 19.4 19.1 17.8 18.6 19.5 22 20.6 20.1 18.9 18 18 18 18 20.6 23.8 26.9 27.4 29.2 29.1 27.2 26.6
-0.8 -0.8 -0.8 -0.8 -0.8 -0.8 -0.8 -0.8 -0.8 -0.8 -0.8 -0.8 -0.8 -0.8 -0.8 -0.8 -0.8 -0.8 -0.8 -0.8 -0.8 -0.8 -0.8 -0.8 -0.8 -0.8 -0.8 -0.8 -0.8 -0.8 -0.8 -0.8 -0.8 -0.8 -0.8 -0.8 -0.8 -0.8 -0.8 -0.8 -0.8 -0.8 -0.8 -0.8 -0.8 -0.8 -0.8 -0.8 -0.8 -0.8 -0.8 3.9 6.9 6.6 6.7 6.8 6.8 9.6 10.8 12 16.3 21.5 22.4 22.1 22.2 19.2 19.7 21.6 19.7 22.1 24.4 22.5 20.1 20 20.1 18 20.7 24.5 26.9 29.1 29.4 29.4 30.3 29.2 28.8 33.5
-0.8 -0.8 -0.8 -0.8 -0.8 -0.8 -0.8 -0.8 -0.8 -0.8 -0.8 -0.8 -0.8 -0.8 -0.8 -0.8 -0.8 -0.8 -0.8 -0.8 -0.8 -0.8 -0.8 -0.8 -0.8 -0.8 -0.8 -0.8 -0.8 -0.8 -0.8 -0.8 -0.8 -0.8 -0.8 -0.8 -0.8 -0.8 -0.8 -0.8 -0.8 -0.8 -0.8 -0.8 -0.8 -0.8 -0.8 -0.8 -0.8 -0.8 -0.8 -0.8 6.1 7.9 8.2 7.6 7.6 9.6 11.1 12.4 15.9 19 20.8 21.1 21.4 20.2 20.2 22.1 21.6 24.3 23.4 23.5 21.5 22.7 21.9 22.2 27.9 30.2 31.5 31.7 31.4 32.9 31.8 30.1 30.2 38.4
-0.8 -0.8 -0.8 -0.8 -0.8 -0.8 -0.8 -0.8 -0.8 -0.8 -0.8 -0.8 -0.8 -0.8 -0.8 -0.8 -0.8 -0.8 -0.8 -0.8 -0.8 -0.8 -0.8 -0.8 -0.8 -0.8 -0.8 -0.8 -0.8 -0.8 -0.8 -0.8 -0.8 -0.8 -0.8 -0.8 -0.8 -0.8 -0.8 -0.8 -0.8 -0.8 -0.8 -0.8 -0.8 -0.8 -0.8 -0.8 -0.8 -0.8 -0.8 -0.8 8.3 8 8 8.2 8.4 8.8 10.6 10.4 16.4 18.1 18.6 20.4 20.5 19.2 20.4 24.1 23 24.1 23.7 23.6 23.9 23.9 23.9 27.4 32.4 34.8 36.5 33 35.7 36.1 34.1 33.4 32.5 36.4
-0.8 -0.8 -0.8 -0.8 -0.8 -0.8 -0.8 -0.8 -0.8 -0.8 -0.8 -0.8 -0.8 -0.8 -0.8 -0.8 -0.8 -0.8 -0.8 -0.8 -0.8 -0.8 -0.8 -0.8 -0.8 -0.8 -0.8 -0.8 -0.8 -0.8 -0.8 -0.8 -0.8 -0.8 -0.8 -0.8 -0.8 -0.8 -0.8 -0.8 -0.8 -0.8 -0.8 -0.8 -0.8 -0.8 -0.8 -0.8 -0.8 -0.8 4 7 10.4 9 6.7 8.2 8.2 5.7 8.2 9.2 12.9 15.4 17.1 18.8 20 18 19.5 21.8 23.6 24.7 25.1 24.5 26.7 24.5 26.6 32.7 37.5 37.6 36.4 36.3 40.1 39.1 37.3 36.3 33.7 37.4
-0.8 -0.8 -0.8 -0.8 -0.8 -0.8 -0.8 -0.8 -0.8 -0.8 -0.8 -0.8 -0.8 -0.8 -0.8 -0.8 -0.8 -0.8 -0.8 -0.8 -0.8 -0.8 -0.8 -0.8 -0.8 -0.8 -0.8 -0.8 -0.8 -0.8 -0.8 -0.8 -0.8 -0.8 -0.8 -0.8 -0.8 -0.8 -0.8 -0.8 -0.8 -0.8 -0.8 -0.8 -0.8 -0.8 -0.8 -0.8 -0.8 5 6.3 6.5 8.3 7.9 8.2 8.2 8.2 8.2 8.2 8.2 9.4 13 15.2 16.8 18.2 18.3 19 20.8 25 25.5 26 25.8 25.7 27 30.4 35.8 38 38.7 36.8 39.5 41.1 41.6 40.4 37.4 40 43.7
-0.8 -0.8 -0.8 -0.8 -0.8 -0.8 -0.8 -0.8 -0.8 -0.8 -0.8 -0.8 -0.8 -0.8 -0.8 -0.8 -0.8 -0.8 -0.8 -0.8 -0.8 -0.8 -0.8 -0.8 -0.8 -0.8 -0.8 -0.8 -0.8 -0.8 -0.8 -0.8 -0.8 -0.8 -0.8 -0.8 -0.8 -0.8 -0.8 -0.8 -0.8 -0.8 -0.8 -0.8 -0.8 -0.8 -0.8 -0.8 -0.8 7 8 8.2 8.2 6.2 8.2 8.2 8.2 8.2 8.2 7.5 10.8 13.3 15.4 16.3 16.9 19 20.9 21.7 22.9 26.5 26.8 26.8 27 31.6 33.5 35.8 38.3 38.8 40.9 43.4 43.5 43.4 42.5 40.8 45.7 50
-0.8 -0.8 -0.8 -0.8 -0.8 -0.8 -0.8 -0.8 -0.8 -0.8 -0.8 -0.8 -0.8 -0.8 -0.8 -0.8 -0.8 -0.8 -0.8 -0.8 -0.8 -0.8 -0.8 -0.8 0 0.4 -0.6 -0.8 -0.8 -0.8 -0.8 -0.8 -0.8 -0.8 -0.8 -0.8 -0.8 -0.8 -0.8 -0.8 -0.8 -0.8 -0.8 -0.8 -0.8 -0.8 -0.8 -0.8 5.3 6.1 7.5 8.2 8.2 8.2 8.2 8.2 8.2 8.2 8.2 9.1 11.5 15.8 17.6 17.7 19.3 22.3 23.8 23.5 25.7 28.9 28.8 29.8 32.2 35.1 37.1 40.4 44.3 43.5 45.3 46.6 46.9 44.9 42.4 42.5 49.6 53.4
-0.8 -0.8 -0.8 -0.8 -0.8 -0.8 -0.8 -0.8 -0.8 -0.8 -0.8 -0.8 -0.8 -0.8 -0.8 -0.8 -0.8 -0.8 -0.8 -0.8 -0.8 -0.8 -0.8 -0.8 4.9 4.6 3.8 -0.8 -0.8 -0.8 -0.8 -0.8 -0.8 -0.8 -0.8 -0.8 -0.8 -0.8 -0.8 -0.8 -0.8 -0.8 -0.8 -0.8 -0.8 -0.8 3.8 4.6 6.1 5.8 6.8 7.8 8.2 8.2 6.2 8.2 8.2 8.2 7 11.1 15.2 16.3 20.3 19.7 23.8 25.9 25.5 26.4 31 32.6 32.8 35.7 39.3 40.9 42.6 45.9 47.5 46.7 48.5 49.6 49.7 46.5 44.8 43.8 49.2 54.1
-0.8 -0.8 -0.8 -0.8 -0.8 -0.8 -0.8 -0.8 -0.8 -0.8 -0.8 -0.8 -0.8 -0.8 -0.8 -0.8 -0.8 -0.8 -0.8 -0.8 -0.8 -0.8 -0.8 5.5 7.4 6.7 4.7 -0.8 -0.8 -0.8 -0.8 -0.8 -0.8 -0.8 -0.8 -0.8 -0.8 -0.8 -0.8 -0.8 -0.8 -0.8 -0.8 -0.8 6.2 6.9 7.2 7.5 8 8.1 8 8.6 8.2 7.4 7.3 8.2 6.2 10.5 11.2 14.8 17.8 18.6 22.3 23.5 26.6 27.6 27.5 28.5 31.1 33.9 38.6 41.3 48 48.2 47.8 48.6 47.7 49.2 51.2 51.6 50.5 48.1 47.8 46.9 47.5 50.4
-0.8 -0.8 -0.8 -0.8 -0.8 -0.8 -0.8 -0.8 -0.8 -0.8 -0.8 -0.8 -0.8 -0.8 -0.8 -0.8 -0.8 -0.8 -0.8 -0.8 -0.8 -0.8 -0.8 6.8 7.4 6.2 -0.8 -0.8 -0.8 -0.8 -0.8 -0.8 -0.8 -0.8 -0.8 -0.8 -0.8 -0.8 -0.8 -0.8 6.5 4.8 4.8 6.6 9.9 9.7 9.6 9.2 9.5 9.1 9.4 9.3 7.8 8 6.2 8.3 9.2 15.1 16.5 21.6 22.4 21.6 24.9 26.6 28.6 30.3 30.5 30.8 34.3 36.9 42.8 45.2 50.9 51.6 51.2 51.8 52.3 53.5 54.7 54 51.4 52.6 52.1 48 49.3 48
-0.8 -0.8 -0.8 -0.8 -0.8 -0.8 -0.8 -0.8 -0.8 -0.8 -0.8 -0.8 -0.8 -0.8 -0.8 -0.8 -0.8 -0.8 -0.8 -0.8 -0.8 -0.8 -0.8 3.9 -0.8 -0.8 -0.8 -0.8 -0.8 -0.8 -0.8 -0.8 -0.8 -0.8 -0.8 -0.8 -0.8 -0.8 -0.8 -0.8 5.3 6.5 8.1 9.3 11.6 10.8 9.9 8.6 8.2 8.2 8.5 7.8 7.3 8.1 7.2 9.8 12.3 17.5 20.9 24.6 25.6 26.2 26.4 28.5 30.1 32.7 32.6 34.3 38.7 43.9 46.4 48.6 51.6 53 53.4 55.8 57.2 57.6 57.2 56.9 57.5 60.5 55.8 49.8 49.9 44.9
-0.8 -0.8 -0.8 -0.8 -0.8 -0.8 -0.8 -0.8 -0.8 -0.8 -0.8 -0.8 -0.8 -0.8 -0.8 -0.8 -0.8 4.1 -0.8 -0.8 1.6 -0.8 -0.8 -0.8 -0.8 -0.8 -0.8 -0.8 -0.1 0.9 -0.6 -0.8 -0.8 -0.8 -0.8 -0.8 -0.8 -0.8 -0.8 3 6 8.5 9.7 10.9 9.1 9.1 8.5 8.1 7.9 7.6 7.5 7.3 7.9 8.2 8.6 10.9 17 20.8 24.7 29.1 29.5 29.3 29.3 31.3 31.6 33.6 36.2 39.7 46.2 51.1 53.1 53 54.4 55.6 55.9 60.4 62 62.4 62.8 63.5 65.4 65.2 57.9 51.7 48.4 44.8
-0.8 -0.8 -0.8 -0.8 -0.8 -0.8 -0.8 -0.8 -0.8 -0.8 -0.8 -0.8 -0.8 -0.8 -0.8 -0.8 5.5 3.4 1.5 -0.8 -0.8 -0.8 -0.8 -0.8 -0.8 -0.8 -0.8 -0.8 6.3 6.8 5.9 -0.8 2.8 3 2.9 -0.8 -0.8 -0.8 2.4 3.1 4.4 6.8 6.6 6.8 7.1 7.6 7.4 8.4 7.9 7.5 7.5 7.7 8.7 8.4 9.9 11.9 23.3 25.2 27.9 30.7 30.7 32.4 32.5 34.2 34.7 37 41.1 46.4 52.1 57 59.3 58.6 59.2 60 59.5 60.5 63.8 64.9 65.3 69.3 71.6 66.4 59.6 57.1 50.7 45.9
-0.8 -0.8 -0.8 -0.8 -0.8 -0.8 -0.8 -0.8 -0.8 -0.8 -0.8 -0.8 -0.8 -0.8 -0.8 -0.8 -0.8 -0.8 -0.8 1.2 -0.8 -0.8 -0.8 -0.8 3.6 5.7 10.2 11.3 12.5 12.7 11.3 12 10 8.9 8.2 5.3 3.2 2.4 3.8 3.6 4.2 5.1 5.4 6.4 6.8 7.3 8 8.8 8.7 8.1 7.8 9.7 9 9.9 11.7 15.2 26.9 28.1 28.9 30.2 31.8 33.8 34.8 36.1 37.9 41.3 47 49.9 54.2 59.6 62 63.2 64.9 63 62.5 61.5 63.9 64.5 68.8 71.5 71 68.7 67 62.8 52 45.7
-0.8 -0.8 -0.8 -0.8 -0.8 -0.8 -0.8 -0.8 -0.8 -0.8 -0.8 -0.8 -0.8 -0.8 -0.8 -0.8 -0.8 -0.8 -0.8 2 2.9 2.2 4 7 9.1 12.9 16.4 18.2 19.1 17.5 17.4 16.7 14.5 13.6 8.9 4.5 4.2 4 4.2 5 5.2 7.4 8.9 9.7 8.5 8.4 10.4 11 10.9 9.9 8.9 9.8 9.6 11 13.8 19.4 27.5 29.4 29.3 31.7 32.8 34.5 38.5 39.6 40.9 46.1 48.7 51.5 56 61 62.8 65.8 68.1 65.5 66.5 65.9 68.1 67.9 72.2 74.1 73.1 73.8 71.3 63.7 51 46.4
-0.8 -0.8 -0.8 -0.8 -0.8 -0.8 -0.8 -0.8 -0.8 -0.8 -0.8 -0.8 -0.8 -0.8 -0.8 -0.8 -0.8 -0.8 3.2 3.7 5.6 5.3 8.5 12.6 16.5 20.2 23.7 22.8 22.6 23.7 25.1 21.3 17.7 14.3 9.5 7.3 7.7 5.4 5.4 6 6.2 10.4 10.6 11.7 9 10 11.4 12.7 10.6 10.3 10.1 9.6 11.5 13.2 16.4 22.7 25.6 29.4 30.5 31.9 33.1 38.5 42.3 43.6 42.6 46.6 50.1 54 57.3 61.2 62.9 66.1 67.4 68.4 70.8 71.7 73.1 74.7 76.9 77.3 74.2 70 64.3 56.9 49.2 45.2
-0.8 -0.8 -0.8 -0.8 -0.8 -0.8 -0.8 -0.8 -0.8 -0.8 -0.8 -0.8 -0.8 -0.8 -0.8 -0.8 -0.8 3.6 3.9 5.8 6.9 9.4 14.6 18.6 23.8 29.3 28.7 26.3 26.7 32.6 31.3 23.7 18.9 14.5 11.4 10.8 11 6.9 7.6 7.3 7.9 12.6 12.4 11.3 10.9 11.7 12 12.7 11.3 11.2 10.7 12.1 13.7 16.3 21.6 24.8 26.7 29.7 30.8 33.1 36 40.3 43.4 42.4 43.6 46.3 50.5 55.7 58.9 63.3 63.2 66.4 69.9 70.3 71.2 73.8 76.7 80.4 80.1 77.9 71.6 64.5 58.5 54.6 49.1 43.2
-0.8 -0.8 -0.8 -0.8 -0.8 -0.8 -0.8 -0.8 -0.8 -0.8 -0.8 -0.8 -0.8 -0.8 -0.8 -0.8 5.3 3.6 7.6 8.4 10.2 15.1 20.4 24.1 30.1 36.6 29.5 26.6 30.4 37.6 31.2 27.4 20.4 16.4 14.7 12.7 10.8 8.6 9.7 9.7 9.1 10.8 12.3 11.8 12 11.9 12.1 13 11.9 12.6 12.8 14.6 16.3 20.5 23.4 25.8 28.3 30.7 33.3 37.4 39.8 40.4 40.9 42.6 43.9 45.6 50.4 56.5 58.4 60.9 61.6 66.2 69.2 69.9 73.5 74.9 78.2 81.3 80.1 76.8 70.4 65.6 59.9 57.7 50.8 42.1
-0.8 -0.8 -0.8 -0.8 -0.8 -0.8 -0.8 -0.8 -0.8 -0.8 -0.8 -0.8 -0.8 -0.8 -0.8 3.1 4 7.9 9.5 10.2 15.5 20.7 25.1 29.4 34.9 34.5 30.1 28.4 32.4 34.3 31.6 26.3 20.5 18.7 15.9 14.9 11.7 11.3 12.8 12.4 11.4 10.7 11.6 13.9 14.7 13.5 12.8 13 14.4 16.3 15.8 18.1 19.9 22.7 26.1 28.6 31.1 34.3 36.5 38 40.4 40.9 41.9 43.7 44.5 48.6 50.9 55.4 57.9 59.6 60.8 63.9 65.9 68.6 72 76.6 79.4 83.7 81.3 78.6 72.9 67.1 63.5 61.2 52.8 43.8
-0.8 -0.8 -0.8 -0.8 -0.8 -0.8 -0.8 -0.8 -0.8 -0.8 -0.8 -0.8 -0.8 -0.8 -0.8 4.5 8.6 12.2 10.6 12.6 19.4 25.4 28.7 34.4 34.9 33.6 31.9 28.9 32.1 30.3 27.8 24.7 20.2 19 18.3 17.1 12.5 13.4 15.1 15.2 14.8 13.6 15.9 17.7 18 15.5 13.6 14.8 17.4 19 18.3 22.7 24.7 27.1 30.3 31.3 36.8 38.6 36.7 39.3 39.8 41.2 42.8 44.4 45.5 50.7 51.8 54.1 56.4 59.4 61.2 63.7 65.2 69.7 73.7 76.8 79.5 82.7 81.4 78.4 73 69.3 66.6 63 53.1 43.5
-0.8 -0.8 -0.8 -0.8 -0.8 -0.8 -0.8 -0.8 -0.8 -0.8 -0.8 -0.8 -0.8 -0.8 3.6 9.2 13.2 11.7 11 17.3 23.9 28.2 32.1 35.2 36.7 36.3 34.3 28.9 26.7 27 22.6 21 20.1 19.8 19 16.4 14 14.8 16.1 17.9 15.9 18.4 19.6 21.4 20.4 17.2 15.7 17.2 20.3 22.6 22.4 26.5 28.4 31.7 33 33.6 37.6 38.9 39.8 38.9 41.2 45.1 44.8 44.6 44.5 47.9 52.7 54.3 56.1 59.9 60.4 63.1 66.4 70.8 72.6 74.1 76 78.5 77.1 74.9 73 69.9 67.5 62.9 52.8 41.6
-0.8 -0.8 -0.8 -0.8 -0.8 -0.8 -0.8 -0.8 -0.8 -0.8 -0.8 -0.8 -0.8 -0.8 6 12.8 13.9 10.6 11.2 18.1 26.3 28.6 34.6 38.8 40.5 39.5 34.1 27.4 25.8 23.3 21.8 20.6 20.3 20.4 18.1 15.9 16 17.4 17.3 17.5 21.6 25.3 24.4 21.8 20.7 20.3 18.6 18.4 24.5 24.2 26.4 28.6 31.8 33.3 34.8 34.9 35.7 37.5 40 41.2 43 45.2 45.4 44.3 45.9 50.8 55.8 56.5 56.9 57.8 59.3 61.9 68.6 70.8 71.8 71.1 72.2 74.8 74.2 72.8 70.9 68.6 65.2 59.8 52.2 42.3
-0.8 -0.8 -0.8 -0.8 -0.8 -0.8 -0.8 -0.8 -0.8 -0.8 5.5 4.8 4.8 4.2 8.9 9.2 9.5 10.1 10.5 15.3 24.4 31.6 34 40.2 43.3 39.3 29 26.6 24.9 23.3 21.9 21.2 21.4 20.7 18.2 18.2 18.7 20.2 19.3 22.9 29 30 26.8 23.6 22.2 21.7 21.1 21.7 24.2 24.8 27.9 29.4 33 34.9 35.5 35.9 35.5 36.2 37.8 43 45.5 45.4 44.4 43.3 47.8 55.6 59.3 59.9 57.7 57.1 57.7 61.4 67.6 69.1 67.8 67.5 68.7 72.3 71.9 69.8 67.4 64.4 61 57.4 49.9 43.1
-0.8 -0.8 -0.8 -0.8 -0.8 -0.8 -0.8 -0.8 -0.8 8.8 10 8.9 7.7 6.2 5.8 6.7 7.6 8.7 10.1 14.5 21.2 28.5 32.3 36.5 37 32.9 27.9 27.3 26.4 26.2 24.7 23.1 21.9 20.9 20.5 20.2 21.5 21.4 25.1 29.4 32.2 33.3 29 26 23.2 22.7 23.1 23.8 24.6 25.8 29.5 31 32.8 34.1 34.8 35.5 37 37 37.9 42.3 45.4 44.1 43.9 42.5 47.3 54.6 58.4 59.1 56.7 56.6 57.2 59 63.9 65.8 63.5 62.6 64.2 69.6 68.3 67.1 65.5 62.6 57.8 51.6 46.8 -0.8
-0.8 -0.8 -0.8 -0.8 -0.8 -0.8 -0.8 -0.8 9.5 14.3 13 11 10 7.7 6.2 6.6 7.6 8.9 12 12.8 16.3 22.8 29.4 32.6 32.9 31.4 29.7 30.8 30.1 28.6 27.4 25.5 22.8 22.5 20.9 21.3 23.9 27.1 25.3 34.7 36.2 33.9 29.5 27.1 26.2 25.4 24.7 25.5 25.9 29.7 32.7 32.2 33.9 36 36.1 36.3 38.8 37.9 39.4 39.3 40.4 40.2 40.7 42 46.8 54.3 57.3 56.7 56.3 56.7 58.3 59.6 63 62 59.6 58 58.1 61 62.6 64.7 63.8 62.7 56 49.4 -0.8 -0.8
-0.8 -0.8 -0.8 -0.8 -0.8 -0.8 -0.8 -0.8 10.4 15.2 11.3 11.2 10 8.9 8.6 9.8 11 14.9 15.6 14 15.7 22.5 28.3 31.2 34.1 34.6 35 34.9 33.2 31.8 30.7 27.2 24.5 23.6 22.4 26.8 32.6 35.7 26.5 37.2 35.7 32.6 31.8 30 29.6 28.1 28.1 26.8 30 34 35.6 35.7 38.1 38.8 39.7 39.9 41.2 39.2 40.8 37.7 37.3 37.1 37.4 39.5 44.6 50.4 54.4 57.6 56.1 59.1 60.9 60.6 60.3 59 56.6 54.7 53.1 54.6 57.3 59.3 60.5 58.8 54.7 50 39.6 -0.8
-0.8 -0.8 -0.8 -0.8 -0.8 -0.8 -0.8 -0.8 6 12.9 11 11.6 11.2 12.5 13.4 14.6 17.4 17.4 15.5 15.2 18.5 20.8 25.9 32.8 35.8 39.3 38.8 36.7 37.7 36.4 32.4 28.7 27 26 27.7 35.1 39.1 40 39.3 39.7 38.3 39.2 37.1 33 32.2 30.9 30.6 29.6 32.5 36.2 37.1 40.1 42.3 42.8 42.8 41.7 40.8 39.1 39.1 36.9 36 36 34.6 38.6 43.7 50 53.8 59.1 54.4 58.2 57.9 57.9 56 54.6 51.7 49.4 49.1 49.4 51.2 53.6 54.8 55.1 52.8 48.9 39.1 -0.8
-0.8 -0.8 -0.8 -0.8 -0.8 -0.8 7 8.3 9.5 11.2 15.4 15.4 14 15.5 19.1 21.9 22.6 18.4 15.9 20.4 22.2 22.1 25.8 32.9 38.7 42.7 38.8 37.9 42.6 41.4 34.6 30.5 30 30 33.6 41.8 44.1 45.5 45.6 46.1 43.1 44.6 45.8 42.7 39.8 35.8 31.6 34.1 35 39.3 41.8 43.7 45.4 44.9 43.6 42.6 41.8 39.3 38.1 36.6 34 33.4 33.4 38.2 43.7 49.4 51.9 51.9 52.6 52.2 52 50.4 49.6 47.5 45.9 42.8 45.3 46.6 47.6 49.5 50.6 51.7 48.1 40.1 30.1 -0.8
-0.8 -0.8 -0.8 -0.8 6 9.7 14.5 15.8 17 15.7 17.9 15.8 14.2 18.5 24.4 28.7 25.1 19.5 22.1 25.6 24.5 24.3 26.1 33.3 42.2 42.3 38.5 37.8 39.8 38.9 32.8 34.2 35 35.4 41.8 48.6 50.9 52.2 51.9 50.4 47.6 50.3 52.6 50.1 46.5 41 35.1 35.8 38.3 44 47.5 48.4 49.2 48 45.3 43.4 42.8 39.3 38.3 36.9 33.1 34 32.7 33.3 39 43.6 45.9 47.6 49.4 51.3 50.1 47.1 44.5 42.4 39.2 38.6 40.8 40.9 43.5 47.7 49.6 43.6 37 29.3 23.2 -0.8
-0.8 -0.8 -0.8 -0.8 13.7 15.4 21.3 23.1 22.3 20.6 19.5 18.2 15.4 20.7 25.5 26.5 23.7 27.4 29.5 28.6 28.1 28.3 29.6 35.2 38.7 38.9 36.6 34.4 34.5 33.5 35.6 37.1 39.4 40.9 49 55.1 57.6 58.7 58.5 55.7 52.5 56.3 60.7 55.7 50 42.8 37.5 37.9 40.9 47.4 51.7 52.1 51.5 50.6 46.8 45.4 41.3 38.7 36 33.2 32.9 30.3 31.6 31.4 30.7 35.6 37.4 41.9 47.5 50.3 47.7 44.3 41.9 38 36.1 36 37.4 38.3 41.1 45.3 42.2 35.6 27.4 22.2 16.7 -0.8
-0.8 -0.8 -0.8 14.9 19.8 21.1 26.2 28.8 27.3 25.1 22.1 19.4 18.3 24.1 27.1 27.1 27.1 34.3 33.9 32.4 32.6 29.9 34.7 36 36 35 35 35 35.2 36.4 38.2 41.2 41 46.8 54.7 60.4 63.5 63 62.6 59.3 59.2 61.5 63.2 58.1 53.9 44.3 40.5 38.8 42.1 49.3 53.1 52.7 52.5 51 46.2 44.8 39.9 37.5 33.9 32.5 30.7 31.8 31.8 31.8 31.8 31 33.2 39.4 46 46.7 46.2 41.4 40 36.1 34 34.3 34.5 36.4 34.9 34.3 31 26 21.1 17.4 14.7 -0.8
-0.8 -0.8 13.1 23.1 26 27.4 32.7 33.9 30.4 27.3 23.1 18.7 25 30.3 29.4 30.5 37.1 39.5 36.4 36 36.4 37 36.6 37.5 35.2 35 35 33.7 34.9 38.8 41.4 42.5 42.2 48.8 56.6 62.1 64.5 65.2 64.1 63.4 64.2 65.7 61.8 58.1 52.9 45.5 42.1 39.6 40.6 47.3 50.1 51.2 51.7 49 46.2 42.1 38.2 33 31.6 30.3 31.8 31.8 31.8 31.8 31.8 31.8 31.8 33.8 39.9 40.5 36.7 35.8 36.6 32.7 32.3 32.7 32.8 29.3 28.8 26.7 24.7 18.9 17 14.7 11.5 -0.8
-0.8 -0.8 20.4 28.5 30.8 33.9 37.6 37.3 32.1 26.1 20.4 19.9 32.4 33.7 33.7 35.8 41.1 41.5 37.6 38.6 34.2 39.9 39.9 36.7 35.3 34.4 35 35 35 39 41.9 41.8 41.5 47.5 56 60.9 63.8 63.5 63.8 65.1 66 65.6 61.7 56.6 49.3 45.5 44.6 39.6 41.2 44.5 45.4 47.7 47.5 46 43.9 38.2 34.4 33.3 31 28.3 31.8 31.8 31.8 31.8 31.8 31.8 31.8 31.8 31.3 30.2 32.5 31.7 31.6 30.8 32.7 32.6 30.8 27.2 24.1 22.5 19.7 16.3 13.8 10.2 -0.8 -0.8
-0.8 14.5 27 32.7 34.2 39.7 42.3 38.9 34.8 27.8 24.6 25.8 32.7 36.3 36.8 43.4 47.2 44.2 40.1 35.6 35.6 43 44 39.4 36.3 35 35 35 35 38.8 41.2 42.1 41.8 45.2 53.8 60.9 62.9 63.9 64.2 63.9 64.7 63.6 58.2 53.9 49 45 41.8 42.4 41.8 43.2 42.6 42.5 42.3 43.3 40.7 38.1 36.2 36.9 33.4 30.9 30.3 31.8 31.8 31.8 31.8 31.8 31.8 31.8 31.8 31.8 31.8 31.8 28.5 29.7 32.1 32 29 24.9 22.7 20.7 18.6 16.6 11.6 -0.8 -0.8 -0.8
