public/OST50/HU56.asc
ncols 200
nrows 200
xllcorner 450000
yllcorner 1160000
cellsize 50
[rows 114 to 151 of 200, columns 86 to 171 of 200]
10 18.7 27.5 32.4 37.7 43.3 46.1 40.3 32.2 28.4 33.3 34.6 36.5 39.7 39.7 48.3 45.2 39.7 36.6 35.5 36.9 47.8 45.3 39.7 35 35 35 35 35 35 37.8 39.2 43 46.3 50.8 58.9 63.3 66.2 68.6 67.2 63.7 61 55.4 52.8 48.8 46.1 44.1 43.6 43.4 43.2 42.5 41.1 40.5 39.9 39 38.2 37.5 37.1 37.1 33.1 32.9 29.8 31.8 31.8 31.8 31.8 31.8 31.8 31.8 31.8 31.8 31.4 27.5 28.2 29.6 28.5 25.9 22.7 20.5 19 17.5 15.5 12.6 -0.8 -0.8 -0.8
13.6 21 28.7 32.2 38.5 45 43.5 39 31.5 40 40.9 40.5 42.1 44.2 42.5 41.3 38.8 37.7 35.6 35.6 36.5 41.3 39.3 35 35 35 35 35 35 35 35.1 38.7 45.5 47.7 49.7 55.2 64 68.2 69.6 68.1 64.5 60.3 55.9 53.7 51.7 49.4 48.8 46.4 46.3 43.4 42.7 41.8 42.2 40.1 39.5 39.3 38.9 39.3 38 34.2 32.5 30.8 31.6 30.7 31.8 31.8 31.8 31.8 31.8 31.5 28.7 29.3 26.7 26.2 26 24.3 21.7 17.8 16.6 15.9 16.1 12.4 -0.8 -0.8 -0.8 -0.8
16.6 24.3 29.7 33.1 35.7 38.8 36.4 32.9 37 43.9 47.8 46.3 47.1 47.4 43.4 38.7 38.4 37.8 36.5 37.6 36.7 37.1 38 38.1 35.6 35 35 35 35 35 35 39.6 47 47.5 49.6 53.6 63.4 67.1 68.5 67.6 65.2 62.8 61.4 58.9 57.2 54.3 51.3 50.4 49.6 46.8 44.8 43.6 44.1 42.1 42.3 42.9 42.9 42.2 39 35.4 31.6 31.5 31.1 28.4 31.8 31.8 31.8 31.8 28.7 28.8 29.7 28.6 25.8 25.9 26 21 16.2 12.7 12.1 12.4 10.5 7.1 -0.8 -0.8 -0.8 -0.8
16.5 24.7 30.5 34.3 33.8 32.2 31.4 33.7 42.3 49.2 53.9 51.9 49.5 49.2 43.3 40 38.8 40.3 41 42.3 38.9 40.6 44.2 42.1 39.2 35 35 35 35 35 35 38.1 43.8 47 50.2 53.8 58.4 65 67.6 68.8 66.7 67.2 66.1 62 62.5 58.7 55.9 54.2 52.9 51.4 46.9 46.4 44.3 46.4 47.3 47.3 48 45.9 41.2 35.8 32.3 31.6 30.9 30.5 28.4 28.7 31.8 30.5 32.6 31.1 29.9 26.9 25.6 26.2 26 18.5 11.9 9.5 9.1 10.6 3.8 -0.8 -0.8 -0.8 -0.8 -0.8
15.1 23.1 30.5 31 32.4 30 32.8 44.3 55.2 62.3 62.5 59.1 52.7 47.6 44.9 42.4 41.9 48.1 45.5 42.8 42.1 43.5 47.2 47.8 43.3 36.3 35 35 35 35 35 35 40.6 48.5 53.8 55.4 55.9 62.4 66.4 69.4 68.4 69.6 68.9 66.4 66 61.5 60.7 58 56.7 53.3 49.5 47.8 50.6 51.9 52.3 52.1 53.5 51.4 45 41.2 36.5 35.3 36.5 33.8 29.9 30.6 31.8 32.6 34.5 31.6 31.5 28.4 25.3 24.9 20.8 15.8 8.5 5.2 6.2 9 6.4 -0.8 -0.8 -0.8 -0.8 -0.8
17.9 25.3 29.7 29.7 30 35.7 49.5 64.7 70.6 74.9 69.6 63.1 56.5 52.7 53.2 48.8 45.7 46.2 45.9 45.4 47.5 49.1 53.4 53.9 46.2 39.4 35 35 35 35 35 35 34.3 45.2 51 52.4 53.5 57.7 62.7 65.5 69.9 71 69.7 69.2 67.1 63.2 63.4 60.6 58.5 56.4 52.2 51.5 54.9 55.3 55.7 56.7 56.6 51.4 48.6 44.1 40.9 40.5 42 38.3 33.1 30 28.5 29.6 29.8 31.5 32.2 27.6 24.2 21.8 16.9 11.4 5.4 3.9 4.1 6.8 -0.8 -0.8 -0.8 -0.8 -0.8 -0.8
21.4 23.9 26.7 33.5 40.2 49.5 66.2 74.2 75.8 76.3 73.9 68.7 61.1 62.1 58.6 53.6 48.9 46.6 47.3 49.7 55 56.4 60.5 55.6 47.4 41.6 35.6 35 35 35 35 35 35 39.6 46.2 48.7 50.5 54.2 59.8 67.2 69.5 71 69.7 67.4 67 65.9 65.7 59.9 58.1 55.3 55 56 56.7 57 57.1 61.5 56.7 53.8 49.3 46 43.1 45.8 45.2 39.2 35.4 32.3 32 30.7 30.9 30.6 27.8 25.9 24.3 18.5 12 7.5 -0.8 -0.8 -0.8 -0.8 -0.8 -0.8 -0.8 -0.8 -0.8 -0.8
20.9 21.3 30.4 43.6 50.4 56.2 70.2 76.4 77.6 82.1 78.1 74.6 66.8 64.3 58.9 54 49.1 49.9 51.2 57.5 59.8 62.2 64.3 55.6 49.7 42.2 36.7 35 35 35 35 35 35 37.1 42.2 45.5 48.5 51.9 58.3 63.4 65.7 66.5 66.1 63.6 64.6 66.1 62.4 59.1 59 58.9 59.1 59.6 58.1 58.5 58.6 59.9 57.8 54.7 51 46.7 44.8 47.7 46.7 40.8 39.5 38.4 37.3 35.5 33.9 30.3 28 27.2 27 16.6 8.8 -0.8 -0.8 -0.8 -0.8 -0.8 -0.8 -0.8 -0.8 -0.8 -0.8 -0.8
19.7 22.2 34.4 46.9 54.1 57 65.5 70.2 78.4 82.2 80.4 73.9 68 65.2 59.7 53.8 54.7 57 58.6 61.1 60.6 63.3 61.8 55.1 49.1 44.5 38.2 35 35 35 35 35 35 35.4 39 41.9 47.3 48.9 54.3 60.4 62.9 62.1 61.6 63.3 62.8 63.5 61.1 60 59.8 62.1 62.3 62.1 60 60.2 60.3 59.3 56.1 53.8 50.6 47.6 48 45.4 43.1 42.6 45.8 43.7 44.4 40.3 40.6 34.5 28.7 26.5 22.2 12.5 6.1 -0.8 -0.8 -0.8 -0.8 -0.8 -0.8 -0.8 -0.8 -0.8 -0.8 -0.8
20.8 25.7 32.9 44.5 51.2 58.5 64.1 67 68.7 68.2 70.4 68.9 73.5 65.1 59 54.6 62.8 64.1 64.7 66.1 66.4 65.6 61.8 57.7 50.4 43.7 38.2 35 35 35 36.3 35.1 35.6 35.9 38.6 41.3 45.9 47.3 52.4 58.9 62.6 59.6 63.2 65 62.3 63 62.2 58.6 59.4 63.3 63.8 61.1 62.7 59.8 60.2 56.4 53.8 53 49.7 48 47.3 44.8 43.8 47.3 47.1 49.9 48.3 43.9 44.1 38.1 33.1 24.3 15.4 7.5 3.2 -0.8 -0.8 -0.8 -0.8 -0.8 -0.8 -0.8 -0.8 -0.8 -0.8 -0.8
28.7 31.4 34 40.8 47.6 55.8 61.2 65.9 68.8 67.8 64.7 73.8 71 61 57.9 66.5 69.1 66.4 69.6 71 71.9 69.7 64.1 58.1 51.6 42.7 37.7 35 38.5 46.2 44.3 41.3 38.7 38.3 38.8 43.4 46.4 48.1 49.9 56.9 57.2 58 62.5 61.4 61.3 63.7 62 59 57.3 62.1 62.5 60.3 60.7 58.3 57.4 54.5 52.5 50.7 47.4 46.5 46.6 45.3 47.8 49.3 50.5 50.3 48.2 47.2 47.3 40.7 31.2 22.9 11.3 4.7 -0.8 -0.8 -0.8 -0.8 -0.8 -0.8 -0.8 -0.8 -0.8 -0.8 -0.8 -0.8
35.1 39.1 40.6 43 43.5 47.7 55.5 65.9 66.9 64.8 63.9 64.3 63.7 59.5 63.9 72.1 70.6 69.9 74.4 76.4 76.3 73.7 66.8 59.5 50.1 44.3 40 39.5 47 52.4 49.7 44.8 44.6 43.2 40.2 43.5 49.7 49.8 50.4 51.9 52.8 56.9 57.7 58.3 56.9 59.6 58.2 56.6 57.3 58 59.7 58.8 57.1 55.2 52.6 52.2 50.2 48.3 46.8 46.3 46.6 48.5 50.1 51.1 52.4 50 47.6 48.1 45.5 40 29.7 18.7 8 3.5 -0.8 -0.8 -0.8 -0.8 -0.8 -0.8 -0.8 -0.8 -0.8 -0.8 -0.8 -0.8
42 45.6 46.9 47.4 48 48.2 50.4 57.7 62.1 63.2 62.2 63.6 61.8 59.7 68.7 74.8 72.4 74.5 79.1 80.4 79.6 71.7 65.5 58.1 50.3 45.6 44 46.1 54.1 55.9 51.3 49 46.9 44.6 47.4 51.6 52.4 52.6 51 55.1 58 57.1 58.5 57.5 53.5 53.2 53.3 52.3 55.2 53.6 54.3 53.8 51.6 49.7 49 48.5 47.1 47.4 46.5 47.6 50.9 51.8 51.8 53.7 54.3 52.8 48.6 47.7 43.6 37 28.5 15.9 6.2 2.6 -0.8 -0.8 -0.8 -0.8 -0.8 -0.8 -0.8 -0.8 -0.8 -0.8 -0.8 -0.8
43.9 45.8 44.8 49.7 52.3 52.4 51.8 50.5 52.6 57.4 60.7 63.8 63.4 63.9 71.7 76.2 75.3 75.1 74.6 73.1 73.9 68.9 59.9 54.7 51.5 48.8 49.9 51.5 56.5 57.1 52.3 53 52.6 50.9 54.1 53.4 52.9 51.9 53.2 58.6 59.5 60.6 63.5 59.2 55.2 50.2 49.2 49.2 50 48 48.6 48.1 45.1 44.5 45.1 44 44.5 45.8 47.9 52.5 55.2 55.7 55.7 55.4 55.7 55.7 47.6 44.4 38 29.7 21 12.2 5.2 1.6 -0.8 -0.8 -0.8 -0.8 -0.8 -0.8 -0.8 -0.8 -0.8 -0.8 -0.8 -0.8
37.8 43.2 48.8 55.3 55.7 55.9 55 51.8 51.5 54.5 61.9 66.2 66.1 69.6 70.8 76 79 75.8 73 70.6 66.8 62 57.9 55.3 52.5 51.6 53.4 55.7 56.3 55.4 55.2 61.6 58.5 55.8 60 54.3 52.8 55 57.5 60.2 63.4 64.9 66.9 62.9 54.1 49.2 48 45.7 42.8 41.9 42.5 38.9 38.9 40.5 40.2 41 42.1 45.7 49.8 54.7 56.1 59.1 58.6 59 59.7 56.5 48.6 42.6 33.7 25.9 19.2 9.3 4.2 2.7 -0.8 -0.8 -0.8 -0.8 -0.8 -0.8 -0.8 -0.8 -0.8 -0.8 -0.8 -0.8
34.4 40.1 52.5 56.3 54.3 57.6 56 53.8 51.2 52 56.9 62.2 68.5 71.4 74.5 73.8 75.7 73.2 70.6 68.5 64 60.8 58.4 58.1 55.4 55.9 58.6 61.4 60.2 59.7 66.3 67.9 60.2 59.1 60.2 54.4 54.1 62.2 62.3 60.1 61.4 66.6 67.3 64.1 57.9 51.5 47.4 43.2 42.3 40.4 38.9 38.9 38.9 38.9 38.9 38.9 42.9 48.8 50.8 53.5 59.9 59.7 59.8 60.6 62.7 55.9 48.4 44.3 32.9 22.3 16.2 8.2 7 6.3 -0.8 -0.8 -0.8 -0.8 -0.8 -0.8 -0.8 -0.8 -0.8 -0.8 -0.8 -0.8
34.6 38.2 44.6 47.9 50.6 54.9 55.2 54.7 52.5 55.4 57.6 60.9 68.8 76.7 77.1 74.6 72.7 71.9 71.6 73.6 68.4 69.9 64.3 61.4 59.1 59.2 59.4 60.1 58.8 68.5 72.4 68.6 63.7 61.7 58.9 54.2 55.9 61.5 60.1 60.1 60.1 64.3 65.1 62.1 57.2 50.7 46.8 42.6 43 38.9 38.9 38.9 38.9 38.9 39.4 44.9 47.8 50.7 51.6 54.2 58.2 57.1 58.8 62.1 65.4 56.7 48 40.5 30.1 19.2 11.1 8.1 7.7 6 -0.8 -0.8 -0.8 -0.8 -0.8 -0.8 -0.8 -0.8 -0.8 -0.8 -0.8 -0.8
35.9 35.3 38.8 44.9 47.4 50.3 52 54.4 59.2 60.7 62 65.8 68.3 72.4 73.7 74.4 74.9 76 77.7 75.4 80 78.4 72.7 70 65.6 61.5 58.8 58.8 61.3 67.7 68.9 64.7 66.5 63.5 57 54.7 58.6 59.7 60.1 60.1 62.1 67 63.2 59.5 57 52 50 44.3 40.2 38.9 38.9 40.5 38.9 38.9 45.1 47.3 48.5 49.8 56.5 54 53.6 54.4 57.7 57.2 58.2 52.8 43.5 33.6 23.5 12.4 7.5 7.6 3.9 -0.8 -0.8 -0.8 -0.8 -0.8 -0.8 -0.8 -0.8 -0.8 -0.8 -0.8 -0.8 -0.8
34.4 35.5 38.5 41.4 42.9 47.5 48.8 58.6 63 62.6 67.5 71.9 72.5 74.6 76.2 75.7 81.1 83.7 81.2 84.3 86.9 82.9 77 74.7 69.9 61.3 59.2 63.2 62.7 59.7 59.1 61 66.5 61.9 57.9 58 60 60.7 60.1 60.1 64.2 68.4 64.2 61.5 56.1 55.8 49.5 46.4 42.9 39.8 43.3 39.2 38.9 45.7 49.2 45.1 43.4 51.6 59.2 54.7 50.6 54.1 53.8 51.5 53.2 48.1 37.8 27 15.2 -0.8 -0.8 -0.8 -0.8 -0.8 -0.8 -0.8 -0.8 -0.8 -0.8 -0.8 -0.8 -0.8 -0.8 -0.8 -0.8 -0.8
33.3 33.4 35 37.7 39.1 44.6 51 58.6 62.4 68.2 70.6 70.4 69.3 71.8 74.5 80 85.1 82.9 83.8 85.1 82.9 79.2 75.9 72.2 68.1 61.6 72.4 68.8 63.2 58.9 57 56.5 59.8 59.4 59 62.5 64.5 61.9 64.6 66.8 70.3 71.1 69.8 60.1 56.6 54.7 49.9 45.8 42.6 42.9 41.9 38.9 43.7 49.2 41.9 38.5 39.8 46.9 49 50.3 49.8 51.5 48.6 47 48 39.1 29.8 -0.8 -0.8 -0.8 -0.8 -0.8 -0.8 -0.8 -0.8 -0.8 -0.8 -0.8 -0.8 -0.8 -0.8 -0.8 -0.8 -0.8 -0.8 -0.8
25.6 27.6 29 32.2 35.3 40.1 49.8 57.3 66.7 68.3 68.9 68 69.1 72.3 71.4 72.1 75.3 79.6 79.7 78.5 74 73.4 71.9 68.9 67.6 71.6 76.6 69.5 61.8 56.9 53.9 56.8 58.9 61.7 59.7 62.7 64.3 68.5 69.5 72.4 75.8 73.6 65.2 58.8 55.7 53.1 47.5 44.9 43.9 43.5 39.9 38.9 39.7 38.8 33.1 32.4 34 38.8 41.3 43.6 45.8 47 43.5 44 38.2 32.6 -0.8 -0.8 -0.8 -0.8 -0.8 -0.8 -0.8 -0.8 -0.8 -0.8 -0.8 -0.8 -0.8 -0.8 -0.8 -0.8 -0.8 -0.8 -0.8 -0.8
24 25.6 26.4 29 33.3 37.5 44.4 52.9 58.6 59.7 65.3 63.8 66 66.9 65 64.7 66.7 67.8 68.5 66.7 68.5 74.9 75.1 72.3 68.5 77.1 77.3 68.7 59.2 53.9 51.5 56.7 60.4 60.9 61.4 62.2 61.5 62.9 65.4 68 69.4 67 58.9 52.8 51.4 47.9 46.3 44 44.2 46.3 41.1 38 33.9 32.9 32.7 30.9 30.7 33.2 35.7 37.8 39.3 39.8 37 35.1 29.1 -0.8 -0.8 -0.8 -0.8 -0.8 -0.8 -0.8 -0.8 -0.8 -0.8 -0.8 -0.8 -0.8 -0.8 -0.8 -0.8 -0.8 -0.8 -0.8 -0.8 -0.8
21.7 21.7 23 27.4 30.2 36 39.1 44.6 50.2 53.4 58.1 63.4 62.1 62.5 62.7 62.4 63 66.3 66.3 63.1 66 72.8 73.5 71.4 78.2 76.1 71.6 62.8 53.9 46.8 46.5 51.9 55 55.7 59.4 61.7 60.3 61.5 64.6 65.5 63.7 64.3 55.1 49.2 45.2 43.6 43.2 43.6 43.9 41.5 37.6 34.7 31.5 33.6 30.1 29.3 29.9 33.2 34.4 34.7 34.3 30.4 27 22.2 16.2 -0.8 -0.8 -0.8 -0.8 -0.8 -0.8 -0.8 -0.8 -0.8 -0.8 -0.8 -0.8 -0.8 -0.8 -0.8 -0.8 -0.8 -0.8 -0.8 -0.8 -0.8
13 14.9 16.7 19.6 30.4 35 34 37.3 43.9 49.8 57.3 58.7 61.3 63.5 62.6 61.6 60.9 61.4 61.4 60.6 64.2 70.1 73.2 75.3 84.3 74 64.1 57.4 46.1 46.5 46.5 48.5 50.2 52.2 54.5 55.2 57.1 62.9 64.8 65.9 62.4 60.3 52.7 48.6 43.9 43.2 42.9 46.9 42.2 38.9 36.2 30.1 29.6 31.8 27.7 27.6 28.9 30.6 30.6 29.2 29 23.8 19.1 13.1 -0.8 -0.8 -0.8 -0.8 -0.8 -0.8 -0.8 -0.8 -0.8 -0.8 -0.8 -0.8 -0.8 -0.8 -0.8 -0.8 -0.8 -0.8 -0.8 -0.8 -0.8 -0.8
-0.8 -0.8 -0.8 11.4 16.3 21.7 27.7 31.5 36.3 46.2 51.7 54.9 58.3 58.5 57.7 57 57.3 58 57.5 60.3 64.6 68.4 76.2 82 76.6 67 59.4 50.6 46.5 46.5 46.5 46.5 49.6 50.4 52.2 55.1 55.1 59.2 63.5 65.9 61.4 53.3 49.8 47.5 42.9 42.6 42.5 41.5 37.9 33.7 29.3 27.9 26.5 26.5 24.9 23.8 23.8 23.4 24.4 27 23.6 19.4 12.6 7.8 -0.8 -0.8 -0.8 -0.8 -0.8 -0.8 -0.8 -0.8 -0.8 -0.8 -0.8 -0.8 -0.8 -0.8 -0.8 -0.8 -0.8 -0.8 -0.8 -0.8 -0.8 -0.8
-0.8 -0.8 -0.8 -0.8 8.9 15.3 22.3 25 35.6 42.6 47.8 50.4 51.6 52.5 50.8 50.9 52.4 54 56.1 58.7 69.9 76 77.6 74.4 68.9 62.1 54 45.8 46.5 46.5 46.5 46.5 46.5 47.8 50.4 54.4 56.1 56.7 57 57 56.3 55.5 55 47.7 41.7 40 39.4 34.6 30.4 28.8 24.8 24.8 24.1 24.5 24.4 22.9 21.4 18.6 20.5 21.8 17.9 12.8 7 -0.8 -0.8 -0.8 -0.8 -0.8 -0.8 -0.8 -0.8 -0.8 -0.8 -0.8 -0.8 -0.8 -0.8 -0.8 -0.8 -0.8 -0.8 -0.8 -0.8 -0.8 -0.8 -0.8
-0.8 -0.8 -0.8 -0.8 4 10.7 14.4 21.3 27.8 32.2 37.4 40.5 43 43.6 44.1 46.1 47.2 51.2 60.2 65.4 72.5 76.1 76.9 73.5 66.2 57.8 51.5 46.7 46.5 46.5 46.5 46.6 49.8 51.7 56.2 59.6 59.1 59.6 58.8 58 57.7 59.3 53.1 44.4 39.9 37.1 33.1 28.3 26.4 24.6 23.2 23.8 26.1 24 23.3 22.7 19.9 15.9 15.2 13.8 11 7.5 5 -0.8 -0.8 -0.8 -0.8 -0.8 -0.8 -0.8 -0.8 -0.8 -0.8 -0.8 -0.8 -0.8 -0.8 -0.8 -0.8 -0.8 -0.8 -0.8 -0.8 -0.8 -0.8 -0.8
-0.8 -0.8 -0.8 2.9 3 8.6 12.7 19.4 23.2 24.2 25.5 29.2 35.8 38.7 39.8 41.6 47.6 61.2 67.8 66.7 72.9 72.6 73.5 70.9 63.4 57 56.3 48.8 46.7 46.5 46.5 51.3 55.4 58.3 63.2 65.1 63.1 61.2 60.8 61.7 59.4 52.4 45.3 41.4 40.3 37.9 31.6 25.7 23.4 22.1 21.9 22.2 22.6 22.1 21.3 20.8 17.3 14.8 12.9 11.4 10.6 7.9 2.5 -0.8 -0.8 -0.8 -0.8 -0.8 -0.8 -0.8 -0.8 -0.8 -0.8 -0.8 -0.8 -0.8 -0.8 -0.8 -0.8 -0.8 -0.8 -0.8 -0.8 -0.8 -0.8 -0.8
-0.8 -0.8 -0.8 2.1 2.6 6.3 10.4 14.1 16 19.1 20.7 22.7 26.1 34.6 37 42.1 51.4 59.1 62 65.5 68.6 66.4 65.5 61.4 57.1 58.3 53.8 47.6 46.5 47.1 49.2 54 56.9 66.5 68.1 64.6 66.3 63 61.1 60.5 53.4 44.3 41.8 37.1 35.6 34.6 33 25.7 24.6 22.1 21.4 19.9 18.9 17.9 17.6 19.9 15 15.4 13.1 11.9 13.1 9.5 3.9 -0.8 -0.8 -0.8 -0.8 -0.8 -0.8 -0.8 -0.8 -0.8 -0.8 -0.8 -0.8 -0.8 -0.8 -0.8 -0.8 -0.8 -0.8 -0.8 -0.8 -0.8 -0.8 -0.8
-0.8 -0.8 2.3 2.2 2.8 3.5 8.5 11.5 14.5 17.5 19.5 21.2 22.7 29.4 34.5 40.5 47.8 52.9 55.4 67 67.1 63.5 59.4 56 52.5 49.6 47.1 46.4 47.3 48.6 51.9 54.8 60.3 67.8 69.2 66.4 66.2 64.3 61.7 56.8 46.4 43.1 39 37.2 37.5 42.9 40 30.9 28.7 27.8 25.3 20.6 18.8 18.3 18.2 16.4 13.6 11 9.2 12.6 12.7 5.8 -0.8 -0.8 -0.8 -0.8 -0.8 -0.8 -0.8 -0.8 -0.8 -0.8 -0.8 -0.8 -0.8 -0.8 -0.8 -0.8 -0.8 -0.8 -0.8 -0.8 -0.8 -0.8 -0.8 -0.8
7.4 4.7 3.6 4.4 4.1 4.4 6.8 13.6 14.2 17.1 18.7 19.3 20.2 22.2 30.9 38.5 47.2 50.1 56.9 63.5 61.7 58.2 56 52.2 52.2 47.3 45.5 45.8 45.6 46.9 52.5 57.8 62.7 64.2 67.4 68 64.5 62.6 64.7 56 46.2 43.6 42.4 46 43.7 42.6 42.6 34.8 34.7 34.7 30.1 24.8 22.9 21.4 19.5 22.3 18.7 11.6 8.4 5.9 1 -0.8 -0.8 -0.8 -0.8 -0.8 -0.8 -0.8 -0.8 -0.8 -0.8 -0.8 -0.8 -0.8 -0.8 -0.8 -0.8 -0.8 -0.8 -0.8 -0.8 -0.8 -0.8 -0.8 -0.8 -0.8
10.4 9.3 8.8 9.5 8.2 8 12.3 20.9 20.1 18 18.4 18.9 19.8 22 28.1 34.6 43.8 48.2 53.8 55.9 53 52.7 51.3 49.7 48.4 46 45.1 45 46.1 46.5 53.5 59.8 60.5 66.3 67 67.5 65 64.5 63.4 57.8 51.5 51.1 52.4 51.3 50.4 47 47.3 45.8 44.7 44.9 38.5 30.1 28.8 23.9 23.6 23.1 20.5 16.3 14.6 6.9 0.8 -0.8 -0.8 -0.8 -0.8 -0.8 -0.8 -0.8 -0.8 -0.8 -0.8 -0.8 -0.8 -0.8 -0.8 -0.8 -0.8 -0.8 -0.8 -0.8 -0.8 -0.8 -0.8 -0.8 -0.8 -0.8
15.4 16.1 15.8 13.7 13.1 11.6 13.1 16.1 17.3 18.8 18.5 18.9 19.3 20.7 23.4 29.4 37.5 46.6 48.8 48.5 48.4 50.4 48.5 49.1 47.7 46.2 44.8 44.6 46.9 47.4 51.1 55.8 61.2 64.1 68.2 66.2 64.2 66.3 65.4 62.7 61 58.9 58.4 59.6 57.3 53.5 57.7 54.6 52.3 47.9 44.4 36.5 31 26.7 23 21.3 26 19 17.1 8.9 -0.8 -0.8 -0.8 -0.8 -0.8 -0.8 -0.8 -0.8 -0.8 -0.8 -0.8 -0.8 -0.8 -0.8 -0.8 -0.8 -0.8 -0.8 -0.8 -0.8 -0.8 -0.8 -0.8 -0.8 -0.8 -0.8
17.5 17.4 18.6 18.1 18.9 17.1 16 16.4 18.6 20 19.5 19.2 19.7 20.6 23.1 27.6 30 34.4 37.6 42 45.5 45.2 44.4 44.5 48.1 47.1 44.9 44.3 46.3 48.9 52.8 56.5 61.9 64.3 65.4 63.9 66.5 71.2 71.9 72.1 69 66.5 64.7 63.4 59.4 63.8 61.9 57.4 56.2 49.7 42.6 41.4 38.7 33.1 25.1 27 23.5 22.2 16.2 4.5 -0.8 -0.8 -0.8 -0.8 -0.8 -0.8 -0.8 -0.8 -0.8 -0.8 -0.8 -0.8 -0.8 -0.8 -0.8 -0.8 -0.8 -0.8 -0.8 -0.8 -0.8 -0.8 -0.8 -0.8 -0.8 -0.8
21.4 22.8 23.4 22.4 23.3 21.7 20.7 22.1 25.7 25.2 24.2 21.4 20.9 21.1 21.9 24.4 26.8 29.4 32.2 37.4 39.7 39.8 41.2 42.2 42.7 44 42.9 41.8 43.4 46.1 49.5 52.4 55.6 57.8 62.2 65.5 70.5 76 77.5 78.4 73.5 70.8 68.3 65.5 63.3 70.1 68.5 58.6 52.9 51.2 47.5 43.2 37.9 30.1 28.9 32.1 26.2 25.1 12.5 -0.8 -0.8 -0.8 -0.8 -0.8 -0.8 -0.8 -0.8 -0.8 -0.8 -0.8 -0.8 -0.8 -0.8 -0.8 -0.8 -0.8 -0.8 -0.8 -0.8 -0.8 -0.8 -0.8 -0.8 -0.8 -0.8 -0.8
28.1 28.8 27.7 28.5 26.7 26.5 25.6 27.1 30.2 30.9 30.1 26.4 23.6 23 23.5 24.8 28.9 29.9 30.5 32.6 35.2 38.6 37.3 38.8 40.8 37.7 36.2 36.3 37.3 39.1 41 45.2 50.2 60.1 67.7 67.7 73.6 74.6 77.1 77.4 72.9 70.8 68.7 63.2 64.9 63.3 59.6 52.5 50.2 46.8 46.3 40.4 30.2 28.7 32.6 29.5 29.9 21.4 7 -0.8 -0.8 -0.8 -0.8 -0.8 -0.8 -0.8 -0.8 -0.8 -0.8 -0.8 -0.8 -0.8 -0.8 -0.8 -0.8 -0.8 -0.8 -0.8 -0.8 -0.8 -0.8 -0.8 -0.8 -0.8 -0.8 -0.8
37.2 36.4 36.4 36.4 34.7 34.2 37.3 34.3 34.3 37.5 36.3 32.1 29.5 28.1 26.8 28.4 29 29.5 30.8 32 33.4 35.5 37.2 35.1 35 33 30.9 30.9 30.9 33.9 38.4 42.7 50.9 59.3 62.4 63.7 66.8 70 69 68.8 65.2 61.1 56.4 56.9 55.3 51.2 48 46.1 43.4 41.3 38.5 32.5 28.9 27.1 26.4 25.5 22.5 -0.8 -0.8 -0.8 -0.8 -0.8 -0.8 -0.8 -0.8 -0.8 -0.8 -0.8 -0.8 -0.8 -0.8 -0.8 -0.8 -0.8 -0.8 -0.8 -0.8 -0.8 -0.8 -0.8 -0.8 -0.8 -0.8 -0.8 -0.8 -0.8
42 41.5 39.7 36.4 37.5 45.1 47.6 43.1 41.1 43.2 40.8 37.2 35.3 32.6 31.6 33.1 31.6 31.9 32 33.2 34.9 37.8 40.2 37.3 34.7 31.6 30.9 30.9 30.9 34.4 39.5 43.9 51.3 56.5 59.6 59.1 61.1 61.8 59.7 58 55.5 51.6 52 52.2 53.4 45.5 42.1 38.7 35.2 32.7 28.5 24.4 21 2.1 14.8 -0.8 -0.8 -0.8 -0.8 -0.8 -0.8 -0.8 -0.8 -0.8 -0.8 -0.8 -0.8 -0.8 -0.8 -0.8 -0.8 -0.8 -0.8 -0.8 -0.8 -0.8 -0.8 -0.8 -0.8 -0.8 -0.8 -0.8 -0.8 -0.8 -0.8 -0.8
