public/OST50/NC81.asc
ncols 200
nrows 200
xllcorner 280000
yllcorner 910000
cellsize 50
[rows 35 to 69 of 200, columns 0 to 77 of 200]
254.3 252.9 251.3 250 248.5 244.5 244.9 244.5 243.7 242.9 241.1 241.2 242.9 245.4 248 251.3 253.9 255.6 256.6 257.1 258.9 260.4 261.7 262.6 263.3 264.3 265.3 266.4 268.3 270.3 272.5 273.8 274.7 275.3 275.9 276.4 277.1 278.9 280.1 280.8 280.6 280.2 281.4 281.8 283 284.2 284.1 284.2 286.4 287.6 289.2 290.6 291.3 291.2 291.2 292.1 294.3 296.1 297.1 297.4 297.6 297 295.1 293.6 292 288.9 284.5 280 272.9 264.5 257.7 251.1 243.2 234.2 226.6 218.5 212.8 210.9
254.5 252.7 251.5 250.2 248.9 246.6 242.6 243.4 242.5 241.7 242.5 243.7 244.5 247.4 250 250.7 253.3 255.2 255.8 256.5 258 259.5 260.8 261.9 262.5 263.4 264.3 265.2 267.1 269.2 271.3 272.8 273.7 274.2 274.8 275.4 275.8 277.4 278.3 278.3 278.1 277.8 277.5 277.5 278.6 280.3 281.7 281.8 282.4 283.8 285 285.9 286.9 288 288.9 289.4 291.1 293.1 293.8 294.2 294.6 295.4 294.2 292.3 289.2 285.3 280.1 275.9 269.2 262 257.1 251.3 243.7 234.9 222.3 213.9 211.2 209.3
254 252.1 251.1 250.1 248.6 247.5 244.9 243.2 241.9 240.4 242.8 244.8 246.1 246.8 247.6 248.4 251.5 255.2 255.3 255.7 256.1 257.5 258.8 260 261 261.9 262.9 263.8 265.6 267.9 270.1 271.9 272.7 273.1 273.7 273.8 274 275.4 276.1 275.8 275.6 275.4 274.6 273.8 274.6 275.2 276.3 276.9 278.1 280.1 280.8 282.5 283.6 284.9 285.9 286.7 287.4 288.4 290.8 291 291 291.9 292.4 289.1 285.8 281.7 276.8 270.7 265.9 258.6 255.3 250.2 243.5 232.9 220.8 212.7 209.8 206.6
253.6 251.5 250.5 249.3 248 245.9 245 243.7 244 240 242.1 245.7 246.4 246.8 247.2 248 251.5 253.3 254.3 254.8 255.3 255.7 256.8 258.2 259.4 260.3 261.2 262.2 263.6 266.3 268.5 270.2 271.1 271.4 271.3 271.4 271.4 272.7 273.2 273.3 272.9 272.6 271.1 270.3 270.3 270.1 270.1 270.8 272.4 273.3 275.8 279 280.5 281.9 282.1 282.5 283.9 284.8 285.5 285.8 285.5 285.7 287.3 286.1 283.9 279.5 275.6 269.4 262.6 256 252 246.8 239 227.8 218 211.3 206.5 207
252.2 250.8 249 247.9 245.9 245.7 243.6 241.5 241.4 240.9 240.8 243.3 245.6 246.3 246.6 247.4 248.9 251 252.7 253.6 254 254.5 254.7 255.5 256.8 258.1 259.2 260.3 261.6 264.5 267.1 268.9 269.2 269.1 268.9 268.7 268.6 269.7 270.3 270.2 270 269.5 267.8 266.4 266.1 265.6 264.9 265.8 267.7 268.5 269.2 272.3 275.1 277.6 278.2 279.2 279 280.3 282 282 281.9 281 280.1 279.2 278 276.3 271.8 267.9 262 255.9 247.2 237.7 231 223.8 217.2 211.7 207.7 209.3
250.9 248.9 247 245.3 244.1 244 243 241.9 239.7 240.1 239.9 242.5 243.6 244 244.7 246.2 247.6 249.1 250.8 252.2 252.5 252.8 253.5 253.6 254.7 255.7 256.8 257.9 259.7 262 265.3 267.2 267.7 267.4 267.1 266.5 266.3 266.3 267.5 267.1 267 266.3 264.9 263.9 262.9 262.2 260.5 261.2 261.9 264.2 265.2 268.7 270.1 272.6 274.8 275.3 275.8 275.1 275.9 278.1 278.6 278.3 278.1 278.2 275.9 271.6 268.8 265 260.8 253.3 241.4 233 225.3 217.4 212.1 207.1 207.4 208.9
251.2 248.5 246 244.1 243.4 242.6 241.9 241.8 239 236.6 240.3 242.1 243.1 243.5 243.8 245.6 247.3 248.9 250.6 251.5 251.9 252.5 252.8 252.7 253.7 254.2 254.4 255 256.5 258.6 262.6 264.2 265.4 265.7 265.3 265 264.8 264.6 264.5 264.7 264.2 263.6 262.7 261.8 260.7 259.8 258.2 257.2 257.9 258.4 260.1 264.2 266.1 268.2 269.4 270.5 273.6 272.2 270.8 271.7 271.2 272.4 274.9 274.7 272.8 268.8 266.3 260.9 252.4 242 235.4 228.6 221.9 214.6 208.8 207.7 209.5 211.1
250.3 247.4 244.1 242.3 241.5 240.6 239.6 239.2 238.2 238.2 240.7 241.5 242.3 242.3 243.2 244 246.5 248.5 250 250.1 250.9 251.6 252.2 252.3 253 253 253.2 253.7 254 255.3 259.2 261.8 263 263.8 263.6 263.4 263.2 262.9 262.8 262.5 261.7 262.2 261.3 260 258.5 257.5 255.8 254.7 254.1 254.3 255.6 258.3 261.9 263 264.4 266.7 271 271.1 268.4 270.1 268.4 267.2 263.7 262.9 260.5 256.8 252.6 248.4 241.6 235.1 228.4 224.1 218.5 213.5 209 209.7 211.2 212.4
248.2 245.7 242.1 239.8 238.3 238.1 237.8 237.8 236.9 237.4 240.3 240.7 241.3 243.2 245.3 246.3 247.6 247.9 247.9 249.5 250 250.7 251.3 251.7 251.6 251.8 252.3 252.8 252.9 252.7 255.1 258.6 260.7 261.1 262 261.8 261.7 261.8 261.3 260.8 259.6 260.3 259.7 258.1 256.5 254.3 253.4 252.4 251.2 250.7 250.8 253.3 255.9 256.5 259.2 262.6 263.9 268.6 266.1 265.6 265.7 262.8 261.4 259.2 256.2 251.9 248.9 242.8 236.7 230.1 223.3 219.9 216.4 212.8 209.7 209.3 212.3 214.2
246 243.8 240.8 238.3 236.3 236.8 236.5 236.2 237.7 238.3 239.8 240.8 242.6 244.3 246.1 247.2 248.1 248.8 249.4 249.9 250.4 250.8 251.3 251.5 250.5 251 251.5 251.9 251.8 251.6 251.7 253.7 257.2 258.4 259.3 260.3 260.5 260.6 260.3 259.2 258.6 258 257.5 256.1 254 251 249.3 249.6 248.7 247.1 246.3 247.3 248.6 251.6 254.7 258.1 259.8 262.2 264.2 263.6 261.6 259.2 260.3 259.6 256.7 247.9 243.8 237.1 231 225.2 220.7 218.1 214.9 211.9 210.4 209.8 213.2 216.7
243.8 241.5 239.5 237.8 236.3 234.2 235 236.2 236.5 238.6 240.6 241.7 243.3 245.4 247.1 248.1 249 249.8 250.4 250.3 250.5 250.9 251.4 251.2 251 251.2 251.3 251.1 250.6 250.4 249.6 249.8 252.6 254.7 256.2 257.5 258.6 258.9 258.7 258 257.5 256.3 255.9 254.1 250.9 247.5 244.8 245.1 246.7 244.4 242.5 242 241.9 245.6 250 253.5 257 256.6 260.1 259.4 256.3 255.1 254.5 253.1 250.3 246.4 238.6 233.1 227.3 222.6 219.4 217.2 214.1 210.8 209.1 211.7 215.9 222.3
242.4 240.4 239.1 238 237.1 234.9 235.3 235.7 238.5 240.1 241.8 243 244.6 246.7 248.1 249.1 250 250.9 251.5 251.3 251 251 251.1 250.8 250.5 250.8 250.7 250.2 249.6 248.9 248.1 247.3 248.1 250.7 252.5 254.3 255.7 256.9 257.1 256.8 256.5 255.4 254.1 251.9 249.9 246 241.2 240.1 240.9 237.9 236.8 236.5 236.4 237.2 241.9 246.3 248.7 251.5 252.9 255.5 252.9 249.1 249.2 248.1 246 242 234.4 229.6 225.4 220.9 218.4 215.6 213 210.8 213.1 215.8 222.4 228.4
241 239.8 238.8 237.8 236.9 233.6 236.9 238.2 239.3 240.5 242.5 244.3 245.9 248.3 250 250.9 251.3 252 252.6 252.4 252 251.4 250.7 250.3 250.1 250.2 249.9 249.2 248.3 247.5 246.6 245.9 245.3 246.8 248.7 250.5 252.1 253.5 255.3 255.7 255.4 254.4 251.7 249.6 247.8 245 239.5 237.9 237.1 235.8 234.6 233.7 233.9 234.8 236.4 241.8 244.6 245.2 245.8 247.9 248.8 243.6 242.8 242.3 239.7 238.4 230.6 225.3 221.5 216.8 214.9 217.2 214.1 215.4 217.5 221 228.3 232.9
240.4 239.3 238.3 237.3 235.6 233.9 236.3 238.5 239.8 241.1 243 245.1 247.4 249.9 251.8 252.7 253.1 253.6 253.5 252.6 252 251.2 250.3 249.4 249.2 248.7 248.6 247.8 246.9 246 245.2 244.4 243.8 243.8 245.3 246.8 247.8 248.9 250.8 253.7 253.8 252.9 250 246.2 243.7 239.6 237.7 236.9 235.9 234.4 233.5 232.7 232.4 232.4 233.2 234.7 240.5 241.3 242.6 240.8 241.4 240.1 238.1 235.6 232.3 230.9 230.7 223.6 216.3 217.5 219.2 219.6 218.5 220.4 222.6 225.1 233.1 237.3
239.8 238.7 237.2 236.1 233.2 236.5 238.1 239.3 240.5 241.9 244.3 247.2 249.4 251.3 253 254 254.5 254.9 254.5 253.7 252 251.1 250 248.6 247.6 247.1 246.8 246.1 245.4 244.6 243.8 243 242.4 241.8 242 242.9 244.3 244.9 245.8 248.8 249.8 248.1 244.2 240.4 238.4 236.5 235.7 234.6 234.5 234 234.3 233.6 233.1 232.4 230.5 230.6 232.9 234.5 234.7 233.9 232.1 231.6 232.1 231.8 229.1 225.9 224.3 222.1 218 223.7 223.8 223.6 222.8 226.2 228.3 228.8 235.2 241.4
238.6 237.8 236.6 233.8 235.4 237.2 239 240.1 241.3 243.3 245.6 248.7 250.5 252.4 254.2 255.3 255.9 256 255.5 254.8 253.3 251.7 250.1 248.8 247.1 246.1 245.7 245.5 244.9 244.1 243 241.9 240.9 240.5 240.7 240.5 240.7 240.3 240.7 241.4 243.3 243.3 240.6 238.5 237.4 236.8 239 242.2 244 241.4 240.1 242.5 238 235.2 234.1 233.7 232.6 230.4 230.2 231.8 228.7 225.3 224.8 225.6 224.3 221.9 219 220.8 226.8 229.7 229.7 228.9 227.1 231.7 232.9 233.1 237.4 245.6
237.9 236.4 235.4 232.8 235.8 238.1 239.6 241.1 243.1 244.6 247.3 249.8 251.6 253.7 255.7 256.7 257.3 257.3 256.8 256.1 255 253 250.6 248.8 247 245.8 244.8 244.1 243.8 243.5 242.5 241.4 239.7 238.4 237.8 238.4 238.6 238.1 238.6 238.8 239.5 240.1 240.1 239.5 238.7 241 244.6 246.6 247.1 248.9 249.8 248.4 247.1 244.8 244.3 245.2 240.7 236.7 233.9 235 234.1 232.1 230.1 224.4 222.8 223.7 227.3 230.3 236.3 239 238.3 235.7 232.4 236.5 236.3 238.4 243.1 250.5
237.4 236.8 236.3 232.8 236.6 239 240 241.6 244.5 246.7 249 251 253.1 255.2 257.2 258.4 258.7 259 258.4 257.7 256.6 254.7 251.7 248.6 246.8 245.7 244.4 243.3 242.1 242.4 241.8 240.6 239.6 238 236.7 236.3 236.5 237 237.6 237.9 239 239.6 240.6 241.3 244.8 246.8 250.6 253.4 253.5 253.7 253.4 253.7 253.6 254.2 253.6 252.4 249 247.4 246.7 244.9 242.6 239.7 236.6 236.6 235.2 238.8 242.4 244.1 245.8 246.1 244.4 241.7 239.5 241.4 242.9 246.6 249.9 253.2
236.2 235.4 234 235.1 237.5 238.9 240.7 244 246.8 248.3 250.5 252.8 254.9 256.8 258.7 260 260.4 260.6 260 259.3 257.9 256 253.6 249.7 246.9 245.6 244.3 242.9 240.7 240.8 240.8 239.8 238.8 237.9 237 236.3 235.5 235.9 236.5 237.1 239.4 240.8 242.7 246.2 251.1 255.3 259.6 261.9 263.7 262.8 262.5 261.3 262.9 263.2 261.9 261.7 258.6 258.3 258 257.9 256.9 254.7 252.3 251 251.3 251.6 253.2 254.6 254.3 252.4 249.2 246.5 244.5 246.4 249.1 252.7 256 257.6
234.6 233.6 232.6 235.7 236.9 239 242 245.4 247.7 249.9 252.1 254.3 256.4 258.9 261.1 261.7 262.4 262.1 261.5 260.7 259.3 257.4 255.4 252.1 248.3 246.4 244.7 243.1 240.8 238.7 239.4 238.8 238 237.1 236.7 236 235.6 234.7 235.3 238.1 240.9 242.8 245.1 251.4 256.6 259.5 263.3 265.5 268.3 270.1 269.7 268.8 269.6 270 268.6 266.4 267.2 269.4 269.9 268.8 268.2 266.5 264.9 263.9 263.4 262.7 263.4 264 262.5 259.1 254.5 251.7 249.4 248.8 253.5 257 259 261.2
232.8 233.3 233.4 232.7 236.8 239.6 242.5 245.9 248.6 250.7 252.7 255 257.3 259.5 261.7 263.6 264.3 263.5 262.7 262 260.6 258.6 256.5 253.7 250.4 247.4 245.7 243.9 242.1 239.4 237.2 236.5 236 235.5 236.3 235.7 235.3 235.7 237.6 240.9 243.2 245.4 252.6 257 260.5 264.1 266.8 269 271.5 272.8 274.8 275.4 275.9 277.3 277.8 277.2 277.2 277.5 278 277.9 276.7 276.1 273.6 271.8 271.3 270.3 268.9 267.7 266.7 264.1 259.1 255 253.4 253.6 256.2 259 262.2 264.3
230.8 230.3 230.9 235.6 237 240 243.2 246.4 249.2 251.5 253.5 255.5 257.5 259.3 261.6 263.8 265.3 264.7 263.8 262.7 260.9 259 256.7 254.2 251.2 247.9 246.6 244.7 242.7 239.9 238.5 238.5 238.4 236.8 235.5 235.4 235.2 236.9 240.8 247.6 250.7 253.1 256.1 258.5 262.6 266.6 270.1 272 273.2 274.9 277 278.4 278.8 279.2 280.7 282 282.6 282.5 283.7 283.8 284.1 284.5 281.3 278.6 277.3 275.7 272.3 268.9 266.8 265.1 260.5 257.9 257 257.4 257.6 260.5 262.6 264.9
231.7 232.4 234.3 236.7 238.6 240.4 242.7 246.7 249.3 251.9 253.9 255.3 257.6 259.4 261.5 263.2 264.9 265.5 264.5 263.1 261.2 259.4 256.8 254.2 251.9 248.2 245.1 243 241.9 240.7 239.6 239.2 238.7 237.3 235.4 234.1 235.2 238.4 245.2 250.6 253.9 256.8 258.9 260.8 264 268 271.1 273.3 274.6 275.9 278.1 279.1 280 280.8 281.8 285.6 285.2 286.8 288.1 288.3 288.7 288.2 286.3 283.6 281.5 279.3 276.2 272.6 267.6 265.6 263.3 260.7 260.6 259.9 258 261.4 264.3 266.9
231.5 232 233.6 235.6 237.1 241 243 246.4 249.2 251.8 253.3 254.9 257.3 259.2 261.2 263.1 265.1 266 264.9 263.5 261.7 259.6 257.1 254.4 251.8 249.3 244.2 242.8 241.7 240.5 239.2 238.4 237.9 237.3 236.1 236 238.4 241.2 245.6 249.9 254.4 257.8 260.4 262.2 264.3 267.5 271.6 274.3 275.7 277.6 278.4 279.4 280.4 281.4 282.3 286.7 287.7 287 287.7 288 287.9 287.6 286.8 286.1 285 282.8 280.5 276.7 270.8 267.3 265.8 264.4 264.4 265.3 262.8 264.8 267 269
230.7 231.4 233.2 235.2 237.6 241.1 243.7 245.5 248.3 251.8 253.2 254.5 256.7 258.7 260.6 262.6 264.6 265.6 265.5 263.2 261.8 259.4 256.3 254 250.4 248 244.3 243.1 241.4 240.2 239 237.6 236.9 236.3 234.9 236.2 239.5 242.6 246.9 251.4 255 259.1 261.5 262.8 264.1 266.9 270.6 274.7 276.8 278 278.6 279.3 280.1 280.9 282 284.8 287.5 287.2 287.6 287.6 287 286.8 286.7 286.1 285.3 284.6 281.3 277.8 272.7 269.3 268.6 267.6 267.2 266.4 265.4 265.4 267.5 270.5
230 232.3 233.8 234.8 237.1 241 244.4 246.2 249.1 251.7 253.1 254.3 256.2 258.2 260.1 262.1 263.9 264.4 264.3 262.7 260.4 259.3 255.6 253.2 249.7 246.9 244.8 243.4 241 239.4 237.9 236 233.8 233.4 233.9 238.1 241.2 244.7 249.8 254.2 257.1 260.9 262.7 263.4 264.8 266.9 269.4 272.5 276.7 277.7 277.9 279.4 280 280.6 281.5 282.6 286.8 287.6 287.4 286.8 285.7 285.1 284.9 284.7 285.6 285.2 283.3 279.4 275.4 273.3 271.5 270.9 270 267.8 266.8 266.9 268.9 271.3
230.8 232.7 234.6 235.7 237.9 241.8 244.5 246.7 249.6 251.3 253.2 254.9 256.8 258.7 260.2 261.8 262.6 263.2 262.8 261.7 259.7 258.2 255 252.1 249.3 247.2 245.1 241.1 240 238.5 236.9 235.7 234.6 235.2 236.1 239.2 242.7 247.3 252.6 255.8 257.1 259.4 263.6 264.3 266.1 268.4 269.6 271.3 274.8 276.6 277.3 278.4 280.1 280.3 280.8 281.8 282.8 284.2 285.1 285.2 283.9 282.8 282.7 283.1 284 284.3 282.2 277.8 275.2 274.7 274 273.6 271.1 267.8 267.5 268.9 272.4 273.6
230.5 232.3 234.2 236.3 239.8 242.4 244.4 246.4 248.9 250.7 252.8 255 256.5 258.1 259.7 260.7 261.5 261.2 261 260.2 259.2 257.1 253.9 250.9 249.2 247.1 243.3 240.3 238.9 237.5 236.1 234.9 232.9 233 235.6 239.3 243.5 247.5 252.2 254.3 256.7 259.7 263.8 265.6 267.3 268.5 269.6 270.7 272.9 274.7 275.9 277 277.3 278.8 279.7 281 281 280.9 282 282.7 281.5 280.9 279.5 279 279.3 279.5 276.9 274.7 274.3 274 273.8 272.7 269.4 267.4 267 269.1 272.2 272.6
230 231.3 233.6 237.2 239.4 241.5 244.5 246.8 248.6 250.4 252.6 254.6 256 257.5 258.8 259.1 259.5 259.8 259.9 258.8 257.2 255.4 253.6 250.2 248.7 247.7 242 239.7 238 236.6 235.4 234.1 233 231.4 234.6 238.5 244.7 249.3 252.9 254.9 257.6 260.4 262.7 265.3 266.8 268.3 269.5 270.4 271.4 272.9 274 274.7 275.2 276 276.4 277 277.6 277.8 278 278.9 279.5 280.3 277.1 274.3 274 273.2 273.3 272 271 270.7 269.4 268.8 266.7 265.9 265.6 265.5 267.1 270.9
228.8 230.4 233 237 239.5 240.9 243.5 246 248.7 250.8 252.4 254.1 255.5 256.9 257.9 257.8 258.2 258.5 257.7 256.9 255.1 253.3 250.5 249.7 248.8 245.2 241.7 239.4 237.3 235.7 234.5 233.4 232.2 231.3 234.4 239.6 244 248.6 252.6 255.7 258.1 260.6 262.5 265.1 266.4 267.3 269 270 270.7 271.1 271.9 272.1 272.3 271.7 270.8 271.2 272.8 273.1 273.7 274.9 275.3 275.5 272.4 271 269 265.6 266.9 269.9 267.7 266.3 265.6 264.6 265.2 263.3 263 262.8 267.8 269.6
227.7 229.7 233.3 236.3 239.3 240.2 241.4 244 247.3 250.4 253 253.3 254.7 256.8 257.8 257.4 257 256.8 255.7 254.4 252.7 250.9 249.6 248.4 246.4 243.3 239.1 237.8 235.5 234.5 233.3 231.5 229 232.2 235.7 239.2 244.5 247.8 251.7 256.2 258.8 260.7 262.4 264.1 265.7 266.4 266.9 267.9 268.7 269.1 269 269.6 270.2 268.7 266.6 266.2 266.3 267.7 269.1 271.1 271.9 270.5 268.2 266.5 264 262.2 261.8 263.3 262 261.1 260.5 262.1 261.3 258.5 257.9 261.2 264.6 267.9
226.7 228.3 231.1 234.2 238.4 238.6 239.2 242.9 246.3 250 251.8 252.4 254.3 256.4 257.4 256.7 256.2 255.6 253.3 251.9 250.6 248 246.2 244.7 243.8 240.2 237.7 235.9 234.2 232 230.9 230.1 226.5 231.5 235.5 239 242.8 246.6 251.4 255.8 259.2 260.2 261.9 263.8 265.1 265.6 265.9 266.7 267.7 267.6 267.7 267.6 267.8 266.2 265.1 264.9 265.2 265.2 265.5 266.4 267.5 266.2 264.5 262.4 260.6 260.3 259.9 259.3 258.7 257.8 257.2 257.2 258.1 254.2 255.5 258.8 261.4 264.5
224.4 227.5 229.2 232 235.2 237 238.6 241.2 245 249.1 250.8 251.3 253.3 255.5 256.2 255.6 255.4 254.9 252.5 250.3 249.6 246.8 244.1 241.5 239.4 237.8 235.7 233.2 231 229.8 229.4 228.7 227 231.5 235.8 239.6 243 246.6 249.8 253 256.3 258.3 260.4 264.2 264.8 265.3 265.8 266.3 266.9 267.1 267.2 267.4 267 265.3 264.4 264.1 264.2 264.4 264.6 264.6 264.7 264.5 263.2 260.4 259.6 258.9 258.3 257.3 256.9 256.4 255.4 254.4 254.1 253.2 253.8 255.5 257.2 259.7
225.5 227.1 228.8 231.1 234 236.3 237.5 240 243.5 247 249 250.3 251.8 254.2 254.8 254.7 254.7 254.3 251.5 249.1 247.4 245.4 243.5 240.4 238.3 235.4 233.8 231.4 229.8 228.7 227.3 225 229.3 233.1 236.1 239.7 244.2 247.1 249.4 251.4 253.8 257.3 259.5 261.7 264.4 264.9 265.4 266.2 266.6 266.7 266.7 266.8 266.4 265.3 264.5 264.2 263.3 263.5 263.7 264 264.1 263.4 262.4 260.2 258.8 257.8 256.4 254.4 255 254.6 254.7 253.9 253.1 251.9 251.2 253 254.6 256.5
224.9 226.6 226.7 230.8 234.6 236.1 237.3 238.5 241.8 245.7 247.2 248.6 250.2 252.1 253.5 253.8 253.7 253.1 251.3 248.1 245.6 243.9 241.7 239.5 236.6 233.8 232.3 229.5 227.9 227.1 225.4 225.4 230.1 232.9 235.8 239.8 243.1 246.3 249.3 251.1 253 255.5 257.4 258.8 262.6 264.2 264.9 265.6 266.4 266.6 266.6 266.7 266.6 266 264.9 264.3 264 262.3 262.7 263.7 263.8 263 261.4 259.5 257.1 255.6 255.3 255.8 255.4 252.6 251.9 252.9 252.1 250.3 250.4 250.7 252.1 254.4
