public/OST50/NC81.asc
ncols 200
nrows 200
xllcorner 280000
yllcorner 910000
cellsize 50
[rows 140 to 174 of 200, columns 78 to 155 of 200]
201 203.6 205.4 207.1 208.8 210.4 211.9 213 213.8 215.1 217.4 220.5 225.7 229.2 232.1 232.9 233.8 231.7 228.3 226 223.6 220.1 212.6 211.5 221.3 229.9 236 240.1 238 234.2 231.8 232.8 233.7 232.5 226.7 220.5 228.2 237.6 240.5 243.8 244.8 246.8 244.9 236.3 207.3 226.9 244.2 251.5 258.4 262.1 267.4 271.4 280.2 289.8 299.4 309.7 330 345.2 349.4 352.8 356.6 360.1 363.7 367 370.7 374.4 378.3 381.8 386.9 396.4 408 421.1 433.6 444 451.3 455.5 459.8 462.1
201.4 204.1 206.1 207.7 209.3 210.9 211.9 212.9 214.2 215.5 216 218.7 221.8 226 228.9 230.4 231.1 231.3 227.8 225.1 222.5 217.7 211.2 206.4 215.5 222.4 228.3 232.6 230.5 226.8 224.9 225.1 225.7 226.2 224.6 216.5 219.5 230 230.4 231.7 232.2 231.9 234.1 221.6 210.4 230 244 253.6 258.7 263.9 270.3 268 284.6 292.8 302.1 317.5 338.7 348.2 353.1 357.5 361.7 364.9 368.3 371.4 374.5 377.7 380.1 383 389.3 399.8 413.2 426.6 438.8 449.2 455.7 459.3 459.6 458.6
201.8 204.6 206.7 208.3 210 211.2 212.2 213.4 214.4 215.4 216.2 217.5 220.9 224.2 226.3 229.2 228.2 229.5 226.6 223.5 221.9 214.5 209.5 202.7 209.6 216.2 220.8 224.1 222.1 218.8 217.7 218.2 218.2 219.6 218.3 214.4 210.2 216.5 216.2 221.4 217.9 217.4 216.5 208.9 220 234.3 242.7 252 258.7 264.1 268.8 269.5 285.7 296.6 307.2 322.9 333.8 343.3 351.2 356.8 361.1 364.4 367.8 370.4 373.1 377.3 379.2 384.2 391 399.8 412 424.5 436.7 446.8 453.3 455.1 455.1 453.2
202 205.4 207.5 209.4 210.9 212.5 213.4 214.6 215.4 216.5 216.8 217.1 218.4 219.6 221.1 223.5 224.6 224.4 223.8 220.9 219.5 211.8 206.2 200.6 204.3 210.1 214.8 217.5 215.3 211.8 210.6 211.5 211.9 210.1 207.5 203.2 194.5 199.6 201.9 202.4 200.5 192.7 202.1 215.9 232.3 244.6 249.4 253 257.4 263 263.5 275.1 285.3 295.7 303.9 322.9 329.9 337.2 344.3 350 354.8 357 359.9 363.2 366.1 368.8 373.8 379.4 386.7 396.1 406.7 419 431.3 441.1 446.4 447.2 447 445.2
202.2 205.5 209.8 212.8 214.3 215.6 217 217.4 217.8 216.8 216.9 217.1 218.1 218.5 218.6 218.9 219.5 218.9 218.8 216 215.2 210.8 207 200.7 196.8 204.3 211.3 211.7 209.6 205.9 204.5 205.9 203.4 201.2 198 188.5 185.6 191.2 188 192.2 197.8 212 216.5 214.2 235.4 242.9 248.7 253.1 256.4 261.3 259.8 274.6 283.2 291.3 304.5 318 322.7 328.6 333.8 340.2 344.8 347.1 349.4 350.5 352.7 355.2 359 363.6 370.4 381.5 395.3 410.3 424.1 433.6 437.9 437.4 432.9 430.4
202 206 210.8 214.3 217 218.7 219.8 220.2 219.7 218.8 217.6 217.6 218 218.4 218 217.3 217 216.8 215.7 211.7 208.8 207.1 204.7 199.2 191.9 197.1 205 204.8 202.3 200.3 193.6 192 192.8 189.5 184.2 186.5 204.9 192.6 204 215.5 221.9 228.8 232.7 215.5 232.8 240.1 245.4 251 253.8 256.1 260 273.6 281.6 288.1 297.8 307 313.7 317.2 321.9 327.6 330.9 332.3 334.5 336.1 337.7 339.1 341.7 346.2 352.7 362.8 376.4 391.7 406.2 422.9 427.5 425.6 418.1 414.4
201.8 206.6 211.3 215.6 219 221 222 222.2 222.1 221.3 219.1 218 217.5 217.2 217.1 216.3 215.3 215.5 215.6 205.4 205.3 204.6 203.9 198.1 189.5 192.9 197.7 197.5 193.7 186.4 175 176.4 176.8 181.6 189.1 198.4 201.6 212.1 215.8 221.2 226.5 232 235.4 234 218.9 235.2 240.5 246.5 249.4 256.1 264.8 271.8 278.9 284.4 291 297 303.2 308.4 311.4 314 316.2 318.4 319.5 319.8 320.9 323.5 326.6 331.5 339.1 348.5 359.7 372.9 384.5 398.7 410.7 411.6 402.2 396.8
202.3 207.5 212.1 216.4 219.9 222.5 223.9 224.4 224.4 223.7 221.1 218.3 216.9 216 216.4 215 212.7 212 212.3 202.3 203.9 198.2 198.8 195.6 189.5 185.1 190.5 189.9 180.7 173.5 187.2 192.5 191.3 201 207.5 211.2 215.7 216.5 214.5 225.5 229.9 235.2 238.9 239.3 222.1 223.1 230 238 245.7 253.3 260.1 267.6 274 279 283.3 287.8 291.9 296 297.3 299.2 301.7 304.5 303.2 302.7 306.7 310.7 313.5 318.1 325.2 334 343.8 354.8 366.3 378 388.4 391.5 385.8 381.9
201 207.1 212.4 216.7 220.6 223.7 225.5 226.5 226.9 226.4 224.3 220.5 216.6 215.1 215.1 213.7 210.2 208.6 207.8 206.6 203.6 198.7 191.7 189.1 185.6 178.9 179.8 172 169.4 183 187.4 194.5 202.8 206.9 212.2 216.3 220.8 225 229.9 228.6 232.4 239 243 243.1 244.5 235.9 225.9 227.8 235.5 247.7 255.8 263.3 268.1 273 276.7 277.8 282.8 284.7 283.7 283.8 285.3 285 284 285.8 290 295.3 298.7 303.7 314.7 322.6 332.4 338.7 350.5 358.9 366.5 369.3 368.1 366.8
199.5 206.6 212.7 217.2 220.8 224 226.2 227.9 229 229.3 227.4 223.7 218.3 213.7 212.1 213.5 208.2 204.8 203.6 200.2 199.7 196.9 191 187.1 181.3 169.2 162.9 169.3 180.8 189 198.7 204.4 209.2 212.5 214.6 220.3 226.9 232.6 237.7 242.6 241.6 240.5 248.9 250.1 251.9 251.9 247.1 243.5 234.6 233.3 245.6 254.8 260.8 266.2 267.9 269.8 271.8 269.4 267 275.5 281.1 286.8 294.4 302.1 301.8 301.3 302.5 296.8 300.9 305.3 320.9 328.7 336.7 342.7 346.4 348.1 349.8 352.4
198.4 206.1 212.3 217.1 220.9 223.7 225.9 228.6 230.4 231.1 230.2 226.8 221.9 215.7 210.1 208 206.6 202.2 199 194.3 192.9 193.4 190.5 187.3 179.4 165.9 165.4 168.7 189.7 199.4 203.2 207.9 213.5 217.1 219.2 221.4 232.3 239 243.7 249.6 253 255.7 258.1 261 261.2 259.1 256 251.9 250 234.5 236.7 242.3 249.4 251.1 250.1 261.2 271.2 278.1 282.7 287.1 291.1 298.8 306 312.8 316.3 319 320.8 320 319.5 313 309.2 310.4 316.7 319.4 323.8 327.5 332.3 335.4
199.1 205.7 211.4 216.4 220.2 223.2 225.7 227.9 230.8 232 232.1 229.3 225.1 219.3 211.8 206.9 201.9 196.6 194.9 190.5 187.9 188.2 190.3 186.6 176.7 162.3 165.2 179 191.1 199.3 206.8 212.3 216.5 219.8 223.9 229.1 229.6 241.6 249.5 255.9 258.8 260.7 264.2 268.3 269.6 267.8 262.2 262.1 260.6 256.3 254.7 257 259.8 265.3 268.4 264.9 276.1 282.9 289 295.5 304.6 312.7 318.4 323 326.5 328.6 330 330.5 331.1 329.2 325 322.9 324.6 331.1 337 341.5 346.2 349.1
198.1 204.1 210.3 215.3 219.1 222.4 224.8 227.6 230.8 231.6 231.6 230.2 226.1 221.4 215 207 202.2 197 190 186.4 183.9 184.1 183.1 181.7 173.2 159.1 167.8 184.4 195.9 203.1 208.7 214 218.7 222.8 227.2 234.1 240.8 244.9 253.1 259.5 264.3 266.2 271.1 274.5 276.6 276.2 271.8 270.1 271.1 266.9 267.7 266.2 268.2 273.4 278.1 279.7 271.9 285.4 294.3 304.4 313.9 324 331.8 337.3 340.7 342.8 342.3 340 338.9 336.9 334.1 337.5 338.9 340.7 344.5 349.2 357.6 364.6
196.9 202.5 208.6 214.1 218.2 220.9 223.5 226.5 229.3 230.5 230.4 229.7 226.5 222.2 215.8 208.7 200.7 195.8 190.1 186.6 181.5 178.4 177.8 175.5 169.4 160.5 168.7 186.2 196.2 204.2 210.8 216.3 221.1 227.4 232.2 239.5 245.7 249.8 256.7 263.3 267.9 271.6 278.6 283.4 284.6 283.1 280.3 279.6 281.2 279.4 278.5 278.7 277.6 281.4 285.9 288 287.4 283.8 298.3 307.4 319.8 331.2 340.1 346.3 350.7 353.4 353.2 352.3 350.7 347.9 345.7 346.5 348.3 350.1 354.4 361.3 372.3 379.6
196 201 206.4 212.1 216.1 219.3 222.2 224.8 227.3 228.3 228.4 227.5 225.1 221.5 215.5 208.2 201.6 195.5 191.1 183.7 181.4 175.3 173.1 169.8 164.9 158.8 174.4 186.5 196.1 205.8 212.6 218.1 223.1 229.7 235.8 243 248.4 255.9 263 267.7 272.5 277.4 285 290.3 290.4 289.7 288 288.6 289.9 290.1 288.2 289.2 289.1 290.9 294.4 295.2 296 292.7 296.9 308.5 323.3 331.4 340.1 348.3 352.7 359.7 365.8 367.1 364.8 361.4 357.5 355.6 357.1 360.8 366.7 376.6 386.7 395.1
196.1 200 204.7 207.5 214.1 217.3 220.2 222.3 224.6 225.5 225.4 224.5 222.5 219 215.4 209.1 203.5 197.7 191 181.2 180.2 173.3 168.4 165.1 156.8 159.5 174.4 186.7 196.7 203.7 211.8 217.7 223.2 231.6 239.5 247.6 254.1 261.3 269 273.1 278.9 284.9 291.3 295.4 297.5 296.6 295.6 297.4 298 299.1 297.5 298.2 299.5 302.5 302.9 304.3 305.5 302.6 295.7 309.5 321 332.1 339.9 347.2 351.9 364.1 372.1 377.2 378.8 376.1 372.8 368.3 370.3 375.7 382.7 393.2 402.3 407.8
193.3 198.9 201.3 204 208.9 214.4 217.8 220.2 221.4 222.2 221.8 220.9 219 216.8 214.5 209.1 204.5 200.4 192.1 179.8 174.7 170.2 166.6 163.9 154.5 155.2 170.1 186.9 196.5 203.1 209.5 214.3 221.5 230.9 239.2 248.7 258.5 265.4 273.2 278.4 284.2 291 295.7 299.5 302 304.4 306.1 309 307.3 306.2 306 306.9 309.3 311 311.7 313.4 314.1 311 306 305.6 316.9 327.8 339.3 345.8 352.6 364.3 370.1 375 387.6 389.5 387.8 385.7 388.7 395.2 401.9 408.8 414.2 416.7
193.3 194.9 198.6 203.2 208.9 211.7 215.1 217.9 218.2 219 218.2 217.3 215.7 213.6 211.4 208.2 203.1 197.3 191.6 180.5 175.6 171.5 166.2 161.1 147 151.7 169.6 184 192.2 199.3 207.4 216.7 224.6 235.4 245.7 255.9 263 269.4 275.7 282.5 288.1 294.6 299.5 302.5 307.7 311.4 315.3 318.2 321.7 316.1 315.2 317.4 318.1 319.1 321.1 325.1 323.9 318.7 311.8 308.7 310.4 322.2 333.9 341.8 349.3 361.8 367.8 370.4 380.5 391.2 393.9 395 403.1 409.6 414.7 417.3 419.6 421.1
191.2 193.8 197.8 200.2 204.6 208.2 212.5 215.7 215.3 214.6 214.6 213.8 212.7 210.9 207.7 205.4 203.2 196.9 186.3 180.9 178.5 172.8 165.6 161 152.9 147.7 166.7 185 200.2 208.8 215.5 221.8 228.1 237 248.2 258.7 266.7 272.3 279.3 287.3 293.1 299.7 304.9 309.1 316.3 320.2 324.5 329.3 331.5 328.2 326.3 326.5 327.8 330.7 333.4 335.8 334.1 329.6 321.5 315.5 318.1 318.5 327.9 337.7 346.7 358.8 360.3 364.7 373.2 387.6 391.5 398.3 407.2 413.6 416.5 418.3 420.4 421.9
189.8 192.4 196.1 198.4 200.2 203 209.2 212.8 212.7 211.4 210.8 209.6 208.8 207.3 204.1 202.6 199.4 194.2 184.7 180.6 177.5 170.5 165.3 163 151.3 151.2 172.4 190.9 203 208.8 216.2 223.5 229.9 238.8 249.8 259.7 269.8 276.4 284.5 294.2 300.1 305.7 311.1 321.3 328.1 334.9 338.9 340.9 343.5 339.7 338.6 337.9 338.4 341.2 345.9 346.8 343.8 338.4 331.4 322.8 320.8 325.2 327.1 333.1 345.2 352.9 356.1 362.2 371.2 385.5 390.6 398.8 408.8 414.5 416.3 417.6 418.9 420.1
187 188.5 190.2 192.7 195.1 200.9 206.1 209.5 209.8 207.3 207.6 205.2 204.5 204.1 201.3 199.6 196.7 191.9 182.1 179.8 176.1 168.9 164.8 160.2 148.3 154 177.8 191.6 202.5 209 217 224.9 232.3 240.9 251.3 260.9 271.7 279.7 289.4 301.1 307.8 315.6 323.2 334.9 346.4 353.8 356.9 356.9 357.1 356.9 357.7 353.9 352.2 355.5 358 357.7 354.3 348.8 342.2 330.9 327.5 328.3 327.8 334.5 345.4 349.7 353.1 361.9 375 381.9 389.5 399 409 412.9 413.7 415.6 417.7 422.1
186 185.2 186.9 190.1 191.6 198.7 204 204.2 205.7 205.2 202.9 201.9 199.4 199.1 198.1 195.6 193.6 186.6 180.4 177.1 174.4 167.4 162 154.7 143.5 157.8 178.9 192.8 201.8 210.2 218.6 226.3 234.1 242.5 252.4 262.3 272 281.6 293.1 309.1 315.4 326.8 338.6 353 364.8 373.7 378.7 379 378.7 379.3 379.3 374.9 371.1 371 369.8 368 364.2 358.4 350.6 339.1 332.7 331.3 333.3 337.4 344.5 347.7 351.8 360.6 373.8 381.5 388.3 398.6 406.9 410.4 411.7 414.6 420.2 422.5
185.1 183.9 183.2 183.8 188.8 196 199.2 201 204.2 202 197.8 197.6 194.9 194.1 193.1 191.4 189.4 182.3 177.9 174.7 171.8 164.9 160 152.3 142.6 159.9 179.3 192.8 202.4 211.1 219.8 227.7 235.4 244.5 253.6 261.8 271.4 282.9 297.8 313.2 325.2 340 355.5 370 383.5 395.8 403.3 405.6 404.9 405.8 403 396.8 390.7 386.1 382.4 379.4 373.8 365.9 357.4 345.7 338.2 336.7 339.7 341.7 345.3 349.4 354.1 362.7 373.9 382.7 389.7 398.2 404.2 408.4 409.6 416.5 420.1 422.5
187.6 183.4 182.5 181.7 182.8 189.2 193.1 196.7 197.2 196.2 194.6 193.3 192.1 191.5 190.6 188.7 185.3 178.8 176.3 174.6 170.3 163.2 153.7 143 141.7 166.6 184.5 196.5 203.4 212.9 221.6 229.4 237.8 246.8 254.1 262.1 272.9 286.1 303.2 319.7 337.4 355.3 372.1 388 404.2 417 426.3 430.2 429.2 428 424.7 417.2 409.6 402.5 396.2 391.7 385.7 377.9 365.9 353.4 347.4 344 345.6 348.6 352.7 355.4 359.7 367.2 376 382.9 389.3 395.2 402.5 406.5 411.5 417.3 419.5 421.5
189.9 183.1 181.5 180.6 179.5 181.5 186.2 188.9 191.1 191.7 191.1 188.7 187.6 187.7 188.2 188.3 180.8 174.7 174.4 176.8 169.2 161.3 153.6 139.5 148.3 170.1 188.1 197.6 205.2 214.2 222.2 229.5 239 247.6 255.1 262.4 277 293.1 307 327.1 348.1 369.3 389.3 406.8 422.6 437.7 447.2 450.4 450.1 448.1 446 438.8 431.6 422.9 415 406.6 397.7 387.4 378.6 367.7 357.2 354.1 354.9 358.1 361.9 365.5 369.8 376.1 382 385.8 390.7 396 401.1 405.5 414 416.6 418.4 420.7
193.9 186.7 181.9 179.5 178 178.2 181.9 187.2 187.4 186.3 185.8 184.8 184.1 184.1 185 185.5 177.8 171.8 169.1 168.4 164.8 157.9 151.3 139.1 158.8 172 188.1 196.9 205.6 214.1 222.2 229.6 237.5 246.8 255.4 263.4 278.7 296.8 313 331.3 355.4 384.4 405.3 423.8 441.4 457.3 469.5 475 474.7 468.2 461.1 455.9 448.2 440.3 430.5 420.1 408.8 397.4 386.8 377.1 367.4 364.4 365.8 367.9 369.4 372.5 377.6 383.3 387.3 390.6 396.4 400.7 401.8 408.2 412 415 417.4 419.7
196.1 191.2 183.9 179.7 177.9 178.2 179 182.1 184.3 183.4 180.1 179.8 177.6 177.3 178.1 179 172.5 167.4 165.9 165.7 163.5 154.5 149.5 141.3 161 172.7 187.6 196 204.4 213.3 221.9 229.8 236.6 245.1 254.6 264.3 277.9 298.7 315.5 334.9 360 390.4 411.5 430.1 446.6 458.3 477.8 483.1 481 475.5 466 460.3 453.9 446.5 438.7 428.5 417.7 407.4 396.4 385.4 379.1 373.6 373.1 375.5 376.9 380.2 382.6 388.7 392.6 394.8 398 401 401.5 408.8 410.4 412.9 416.3 418.4
198.4 194 188.5 181.4 178.1 177.4 178.4 184.1 182.5 180.9 177 174 171.8 171 171.9 171.3 165.6 164.1 162.8 161.7 158.4 151.9 144.9 141.5 162.2 175.9 188.7 195.2 203.5 212.4 221.3 229.4 237.2 243 254 262.8 275.4 295.8 312.9 335.1 357.4 385.2 404.4 421.4 435.7 442.6 453.6 462.5 465.1 465.3 461.4 456.3 450.4 444.6 439.1 431.1 422.2 412.9 403.3 392.7 383.2 379.9 379.8 383 380.8 383.3 387.3 393.4 396.6 398 397.7 399 404.1 406.9 408.3 410.3 414.3 416.1
201.5 197.8 192.8 185.9 179.6 177 177 177.6 177.7 177.5 174.7 170 165.8 165.8 163.9 163.6 159.9 159.7 159.3 157.5 155.3 151 136.5 146.3 165.1 181.2 189.3 195.3 203.4 212 220.6 228.7 236 242.2 252.6 260.7 270.3 288.7 306.3 326.2 352.1 371.7 391 407.7 420.1 426.3 431.5 437.6 444.5 448.8 450.3 448.1 443.1 437.7 432.7 426.4 419.1 411.2 401 392.6 385.6 383.7 383.7 383.4 380 385.5 391 395 397.4 397.5 396.7 399 403.5 405 406.4 408.9 411.4 415.8
206.1 202.7 196.8 190.8 184.2 178.6 177.3 176.3 176.6 177.5 177.8 172.3 165.8 161.7 159.4 158.2 155.3 154.1 154.2 152.9 147.9 142.3 133.9 153 170.3 182.1 189.1 195.7 203.5 212.1 220.2 227.5 234.5 241.4 249.9 258.6 266.4 279.9 296.2 322.9 342.4 356.4 375.5 390.1 402 408.3 415.3 422.4 421.7 428.7 436.1 435.9 433 428.8 424 418.1 412.2 404.4 394.1 389 387.1 385.3 381.4 379.2 380 387.9 392.1 395.6 396.7 396.5 395.3 399.5 401.8 402.3 403.4 406.8 410.9 414.7
209.1 206.2 202.6 196.5 190.7 184.7 178.7 176.7 175.8 177.2 173.3 168.2 163.2 157.8 155.8 150.3 148.8 148.7 149.1 149.3 142.1 126.6 143.1 160.9 171.2 181.7 188.9 195.4 203.7 211.5 219.2 226.6 233.2 238.7 247.4 255.8 263.1 273 291.1 317.6 330.5 344.4 358.3 369 379.3 388.9 397.7 404.3 409 406.3 418.2 422.9 419.4 420.1 413.3 407.8 402.3 393.9 387.4 387.4 387.1 384.7 378.3 371.9 383.6 389.1 392.5 394.9 394.8 394.6 398.9 399.3 399.3 399.6 400.7 405.6 410.4 414.5
210.7 209.6 206.6 203 197.9 192.6 185.8 180 177.2 173.3 172.4 168 165 159.4 156 150.6 145.4 137 142.8 140.5 136.6 133.7 147.9 161.3 173 180.4 189 194.8 202 208.8 216.5 223.5 230.4 235.5 244.3 253.7 261.2 270.6 283.4 303.9 317.8 330.6 337 349.6 358.1 367.8 377.9 384.6 392.9 393.1 404.5 411.6 411.4 409.2 404.7 399.5 392.6 380.9 383.1 385 385.1 382 371.7 379.2 386.3 389.8 392.4 393 392.6 395.4 396.6 396.9 397.7 397.6 398.9 405.3 409.9 414.8
211.2 211.5 210.1 207.6 204.1 199.2 194.2 188.1 182.3 179.3 177.2 173.3 167.8 161.4 156.8 154.4 150.4 141.2 134 128.2 123.2 133.9 147.8 159.6 170.5 179.4 187.4 193.1 199.2 206 212.9 219.7 226 231.9 240.3 249.6 258.2 269 280.5 297.2 306.6 316.1 325.2 339 346.6 357 367.9 374.4 381.4 386.2 398.1 405.8 405.9 402.1 397.3 391 385 372 378.3 381.3 378.2 373.4 371.9 379.4 387 391.1 391.3 390.1 391.2 393.1 392.4 395.9 395.2 394 400.4 405.8 410 416.7
210.9 210.5 210.5 209.2 206.6 203.3 199.4 195.5 190 184.9 181 177.4 170.2 164.7 163.5 164.9 155.5 146.5 137.2 129.7 125.6 132.7 145.4 156.3 166.8 176 181.2 188.2 195.2 201.8 208.8 215.6 221.2 227.2 237 248.2 258 270.7 280 293 303.1 312.7 320.1 331.7 340 349.4 361.6 368.3 374.6 387 399.6 404.6 401.3 397 392.4 386 375.3 363.2 372.4 374 368.2 363 373.6 378.8 385.5 389.8 390 387.6 387.7 388.5 388 389.8 391.1 394 401.4 405.9 411.4 417.1
210.3 209.7 209.3 208.8 207.4 205.6 202.9 199.2 195.1 190.5 186 181.1 176.8 171.7 167.7 161.7 156.9 148.1 140.8 131.9 125.5 130.6 143.2 156.7 166.4 175.9 183.5 190.4 195.9 201.9 207.7 214 220 226.8 235.5 246.2 258.5 271.3 281.5 291.6 304.1 312.6 325 333.8 339.9 345.9 352.8 360.8 373.6 391.5 401.8 403.5 398.8 391.9 386.8 379.8 364.5 356.6 365.6 364.5 358.6 363 372 375.8 383.3 387.5 386.8 386 384.4 384.2 383.1 384 387.8 395.3 401.4 406.7 412.3 417.5
