public/OST50/NC90.asc
ncols 200
nrows 200
xllcorner 290000
yllcorner 900000
cellsize 50
[rows 38 to 75 of 200, columns 0 to 84 of 200]
263.9 260.4 257.6 252.4 245.2 236.9 228.1 218.6 209.5 201.4 194.5 190.3 186.6 183 180.9 180.2 179.1 177.3 173.9 171.8 167.8 162.8 158.3 152.6 146.9 141.1 134.9 129.3 118.7 95.8 77.4 74.8 91.3 95 89.7 84.3 80.7 76.7 73.4 69.5 65.6 61 57 54.5 52.7 48.9 44.5 38.8 36.2 33.5 31.4 33.1 32 30.9 27 24.2 23.2 17.4 15.9 8 7.4 6.8 1.4 0.4 -1.3 -1.3 -1.3 -1.3 -1.3 -1.3 -1.3 -1.3 -1.3 -1.3 -1.3 -1.3 -1.3 -1.3 -1.3 -1.3 -1.3 -1.3 -1.3 -1.3 -1.3
260.8 255.1 252.2 245.6 239.3 231.2 223 213.2 203.5 194.3 186.6 178.5 174.2 170.4 167.6 166.4 164.7 163 158.6 159.4 158.2 155.8 152.3 147.9 142.9 137.2 130.7 124.8 119.8 114.2 100.4 77.7 72.1 88.3 86.2 80.2 75.5 71.6 68.9 65.5 62.3 57.3 54.2 50.2 47.5 45.7 41.8 38 34.4 30.7 30.8 31.2 31 30.5 25.5 25.2 20.9 16 10.8 6.9 5.4 1.9 0.6 -0.5 -1.3 -1.3 -1.3 -1.3 -1.3 -1.3 -1.3 -1.3 -1.3 -1.3 -1.3 -1.3 -1.3 -1.3 -1.3 -1.3 -1.3 -1.3 -1.3 -1.3 -1.3
254.9 252.1 245.7 240.3 232.7 224.1 214.8 207.4 197 187.4 178.1 169.9 162.5 157.6 152.2 148.7 147 146.1 146.2 145.4 143.9 141.3 140.1 138.5 135.9 131.6 126.6 119.3 114 109.9 105 94.3 73.3 68.2 74.3 76.6 71.2 67.4 64.4 60.6 57.3 54.3 49.4 45.6 43.2 40.8 37.8 34.5 29.7 31.8 31.8 31.5 30 27.2 26.1 22.5 15 9.1 7.7 6.7 6.3 1.6 0.2 -1.3 -1.3 -1.3 -1.3 -1.3 -1.3 -1.3 -1.3 -1.3 -1.3 -1.3 -1.3 -1.3 -1.3 -1.3 -1.3 -1.3 -1.3 -1.3 -1.3 -1.3 -1.3
244.4 241.9 240 235.2 229 222.4 212.8 196.3 182.4 176.8 167 156.7 150.3 146.4 140.8 131.7 133.1 131.1 130 129.5 128.2 127.5 125.1 123.5 123.2 121.8 118.4 113.8 108.2 103.3 99.6 95.2 87.8 75.7 61.4 73.2 68.6 64.3 60.9 57.1 52.2 49 45.1 41.9 39.7 38.6 34.8 30.6 29.5 32 32.3 31.4 29.2 26.4 24.8 17 7.2 7.5 7 4.1 3.3 1 -0.2 -1.3 -1.3 -1.3 -1.3 -1.3 -1.3 -1.3 -1.3 -1.3 -1.3 -1.3 -1.3 -1.3 -1.3 -1.3 -1.3 -1.3 -1.3 -1.3 -1.3 -1.3 -1.3
234.3 232.4 230.8 230.2 225.6 214.6 204.3 192.5 177 172.5 160.6 151.1 146.7 139.9 132.3 127 122.5 121.8 119.9 118.3 116.9 115.3 112 108.4 106.9 105.3 103.5 103.4 99 95.2 92.1 87.7 84.3 76.1 62.3 62.6 66.5 62.9 59.6 55.6 50.9 47.9 43 40 38.1 33.3 28.4 26.2 27.4 29.3 29.3 28 26.4 24.2 19.9 7.6 6.1 5.5 4.2 2.5 1.2 0.2 -1.3 -1.3 -1.3 -1.3 -1.3 -1.3 -1.3 -1.3 -1.3 -1.3 -1.3 -1.3 -1.3 -1.3 -1.3 -1.3 -1.3 -1.3 -1.3 -1.3 -1.3 -1.3 -1.3
226.6 224 221.7 216.2 211.2 205.9 192.9 181.2 175.3 165.4 158.6 151.3 144.9 138 132.1 126.8 121.8 115.1 111 109 107.5 102.3 97.6 96.1 93.9 90.1 88.1 90.3 87.6 85.9 83.7 79.5 76.6 73 61.5 51.4 50.4 58.4 56.2 52.4 49.4 46.2 41.9 36.8 32.6 27.6 27 25.1 24.4 24.8 23.4 22.5 22.6 16.2 7.4 6.6 6.6 4.4 4.2 1.4 0 -1.3 -1.3 -1.3 -1.3 -1.3 -1.3 -1.3 -1.3 -1.3 -1.3 -1.3 -1.3 -1.3 -1.3 -1.3 -1.3 -1.3 -1.3 -1.3 -1.3 -1.3 -1.3 -1.3 -1.3
217.2 215 211.1 205.9 201 193.9 186 177 167.9 154.5 150.8 146.6 141 133.4 127.2 121.7 116.9 112.6 107.5 102.6 100.2 96.9 93.1 88.8 89 87.8 83.1 79.6 81.1 79 76.4 74.4 71.1 69.5 63.5 53.8 46.2 44.8 52.6 49.9 46.2 43.2 40.2 36.2 30 26.6 24.6 22.6 21.1 21.6 22.4 23.3 18.8 8.7 5.1 6 5.7 4 2 0.7 -1.3 -1.3 -1.3 -1.3 -1.3 -1.3 -1.3 -1.3 -1.3 -1.3 -1.3 -1.3 -1.3 -1.3 -1.3 -1.3 -1.3 -1.3 -1.3 -1.3 -1.3 -1.3 -1.3 -1.3 -1.3
207.7 208.8 202.9 197.3 191.4 184.2 176.9 167 151.9 140.6 136.6 135.8 135.2 128.7 121.9 117.4 112.2 108.1 103.7 99.6 96.2 92.5 88.5 87.6 86.3 84.5 81.4 77.4 72.2 71.9 68.3 68.9 67.2 64.7 61.1 56.4 49.8 38.2 49.1 47.4 44.8 40.2 36.6 30.7 26.3 25.2 23 21 19.9 20.6 21.8 19.2 14.3 6.5 6.1 4.9 4.6 4.8 1.1 -0.2 -1.3 -1.3 -1.3 -1.3 -1.3 -1.3 -1.3 -1.3 -1.3 -1.3 -1.3 -1.3 -1.3 -1.3 -1.3 -1.3 -1.3 -1.3 -1.3 -1.3 -1.3 -1.3 -1.3 -1.3 -1.3
198.1 197 196.8 192 183.3 174.2 165.6 158.1 150.7 139.5 136.3 127.1 122.5 121.6 113.1 108.6 106.3 102.8 99.4 96.2 92.6 89.6 87 84.1 81.7 80 78.3 75.7 71.9 68.3 66.2 62.2 61.5 59.4 55.6 51.7 49.8 42.4 33.8 41.7 40.5 36.8 32 29.1 27 25.2 22 22 20.8 20.5 17 16.8 6.6 5.9 5.1 5.5 5.1 1.9 0.3 -1.3 -1.3 -1.3 -1.3 -1.3 -1.3 -1.3 -1.3 -1.3 -1.3 -1.3 -1.3 -1.3 -1.3 -1.3 -1.3 -1.3 -1.3 -1.3 -1.3 -1.3 -1.3 -1.3 -1.3 -1.3 -1.3
188 185 185 181.3 176.7 168.7 161 151.2 146.8 142.6 136.3 129.5 123.2 115.2 111.8 105.5 102.7 99.6 96.8 92.6 90.1 85.2 83.1 80.5 78.1 75.8 74.2 72.1 69.8 67.7 65.5 62.8 58.6 55.9 52.9 49.6 47.8 44.7 31.7 29.1 36.2 34.1 34.1 30.4 26.1 23.3 20 19.1 17.8 12.3 8 6.2 6 5.4 4.3 1.6 1.3 0.6 -1.3 -1.3 -1.3 -1.3 -1.3 -1.3 -1.3 -1.3 -1.3 -1.3 -1.3 -1.3 -1.3 -1.3 -1.3 -1.3 -1.3 -1.3 -1.3 -1.3 -1.3 -1.3 -1.3 -1.3 -1.3 -1.3 -1.3
176.3 176.2 175 170.1 166.7 161.1 155.8 152.1 145.8 139.1 132.3 125.4 119.9 115.1 110 105.4 100.2 97.5 95 90.8 87.1 82.5 79.4 77 74.7 72.4 70.4 69 67.4 65.2 62.1 59 57 54.7 52.2 49.2 46.5 43.3 41.2 24.4 25.2 26.6 31.6 27.4 21.1 16.9 16.4 16.1 11.3 7 6.2 7.3 1.9 1.1 0.2 -0.1 -1.3 -1.3 -1.3 -1.3 -1.3 -1.3 -1.3 -1.3 -1.3 -1.3 -1.3 -1.3 -1.3 -1.3 -1.3 -1.3 -1.3 -1.3 -1.3 -1.3 -1.3 -1.3 -1.3 -1.3 -1.3 -1.3 -1.3 -1.3 -1.3
166.5 168.5 166.7 162.4 159.5 152.1 142.2 143 140.1 134.3 128.3 122.4 116.9 112.3 107.4 103.7 99.2 95.5 92.9 87.6 83.7 79.8 76.7 73.9 71.6 69.4 66.8 65.7 63.8 62.5 58.7 56 53.8 52.1 50.5 47.5 43.9 39.7 35.9 23.1 20.3 20.4 23.5 20.4 17.3 15.4 14.7 12 6.6 6.5 5.9 1.9 0.8 -0.1 -1.3 -1.3 -1.3 -1.3 -1.3 -1.3 -1.3 -1.3 -1.3 -1.3 -1.3 -1.3 -1.3 -1.3 -1.3 -1.3 -1.3 -1.3 -1.3 -1.3 -1.3 -1.3 -1.3 -1.3 -1.3 -1.3 -1.3 -1.3 -1.3 -1.3 -1.3
159.6 160.7 158.3 157 151.8 139 134.2 131.8 127.7 125.5 121.9 118.5 114 109.2 104.5 101.2 96.7 93.5 90.7 87.2 81.7 77.7 74.5 71.2 68.6 66.2 63.4 61.6 59.6 57.9 55.8 53.5 50.6 48.6 45.4 42.4 37.5 35.7 36.3 29.3 16.5 15.8 15.4 15 15.6 13.9 8 7.4 7.7 6.9 5.6 1.2 0.2 -1.3 -1.3 -1.3 -1.3 -1.3 -1.3 -1.3 -1.3 -1.3 -1.3 -1.3 -1.3 -1.3 -1.3 -1.3 -1.3 -1.3 -1.3 -1.3 -1.3 -1.3 -1.3 -1.3 -1.3 -1.3 -1.3 -1.3 -1.3 -1.3 -1.3 -1.3 -1.3
148.6 150.4 150.3 148.8 147 143.7 139.9 134.7 128.8 123.6 117.6 113.4 109.1 104.2 101.3 96.6 91.9 89.8 88.8 82 78.6 75.6 72.6 69 66.8 63.8 60.1 57.3 56.7 53.8 51.2 49.4 47.1 44.4 41.8 38.4 32.9 33.3 29.6 22.5 20.9 12 11.9 10 8.8 5.7 5.1 4.2 1.8 1.3 0.7 0.1 -0.7 -1.3 -1.3 -1.3 -1.3 -1.3 -1.3 -1.3 -1.3 -1.3 -1.3 -1.3 -1.3 -1.3 -1.3 -1.3 -1.3 -1.3 -1.3 -1.3 -1.3 -1.3 -1.3 -1.3 -1.3 -1.3 -1.3 -1.3 -1.3 -1.3 -1.3 -1.3 -1.3
137.7 140.4 139.7 139 137.7 133.9 127.6 125.1 126.6 123.1 119.4 114.8 109.7 105.1 99.4 94.7 90.7 86.2 81.8 78.3 75.2 72.3 70 66.9 65.2 62.2 58.2 54.2 52 51.6 50.2 47.9 44.5 40.1 36.2 33.1 27.6 23.4 19.1 19.2 15 8.6 9.3 7.3 1.7 1.1 0.7 0.5 0 -1.3 -1.3 -1.3 -1.3 -1.3 -1.3 -1.3 -1.3 -1.3 -1.3 -1.3 -1.3 -1.3 -1.3 -1.3 -1.3 -1.3 -1.3 -1.3 -1.3 -1.3 -1.3 -1.3 -1.3 -1.3 -1.3 -1.3 -1.3 -1.3 -1.3 -1.3 -1.3 -1.3 -1.3 -1.3 -1.3
124.7 127 125.6 123.3 123.9 120.5 115.9 112.1 112.9 109.1 109.2 109.5 105.5 103.4 95.7 91.5 89.2 84.6 81.2 77.6 73.2 69.6 66.7 64.8 61.8 58.5 55.5 52.4 48.4 48.2 46.9 45.2 38.9 35.8 33.3 28.4 21.4 17.1 16.3 16.9 12 5.4 6.5 1.5 0.5 -1.3 -1.3 -1.3 -1.3 -1.3 -1.3 -1.3 -1.3 -1.3 -1.3 -1.3 -1.3 -1.3 -1.3 -1.3 -1.3 -1.3 -1.3 -1.3 -1.3 -1.3 -1.3 -1.3 -1.3 -1.3 -1.3 -1.3 -1.3 -1.3 -1.3 -1.3 -1.3 -1.3 -1.3 -1.3 -1.3 -1.3 -1.3 -1.3 -1.3
107.7 105.4 105.4 105.2 108 108.1 102.1 103 99.9 95.6 95.2 93.6 87.6 85.8 81.3 75.5 75.4 74.2 73.3 77.2 73.9 69.9 65.7 62.4 60.2 55.8 52.4 49.7 45.9 44.8 45 42.3 36.3 32.8 28.7 20.8 16.1 15.1 15.1 12.6 7.5 5.4 -1.3 0.2 -0.6 -1.3 -1.3 -1.3 -1.3 -1.3 -1.3 -1.3 -1.3 -1.3 -1.3 -1.3 -1.3 -1.3 -1.3 -1.3 -1.3 -1.3 -1.3 -1.3 -1.3 -1.3 -1.3 -1.3 -1.3 -1.3 -1.3 -1.3 -1.3 -1.3 -1.3 -1.3 -1.3 -1.3 -1.3 -1.3 -1.3 -1.3 -1.3 -1.3 -1.3
120.2 114.7 105.8 99.3 96.2 96.7 92.9 91.2 88.8 90.3 83.5 79.1 79.1 70.9 71.9 67.7 61.6 63.6 55.3 62.4 59.2 68.3 68.7 63.5 58.2 54.8 51.4 50.4 46.1 37.2 37 35.5 31 28.9 19.3 16.4 14.9 13.8 12.4 7.5 2.5 0.8 -1.3 -1.3 -1.3 -1.3 -1.3 -1.3 -1.3 -1.3 -1.3 -1.3 -1.3 -1.3 -1.3 -1.3 -1.3 -1.3 -1.3 -1.3 -1.3 -1.3 -1.3 -1.3 -1.3 -1.3 -1.3 -1.3 -1.3 -1.3 -1.3 -1.3 -1.3 -1.3 -1.3 -1.3 -1.3 -1.3 -1.3 -1.3 -1.3 -1.3 -1.3 -1.3 -1.3
121.5 119.4 115 110.9 105.9 104.3 102.3 103.3 101.4 99.6 96.8 94 93.9 90.4 82.9 87.4 84.9 79.2 65.3 60.1 52.1 48.4 54.9 56.3 57.2 54.8 51.7 48.5 44.8 40.4 36.6 28.6 25.2 19 16.4 15.2 14.4 11.7 7.5 2.2 0.9 -0.1 -1.3 -1.3 -1.3 -1.3 -1.3 -1.3 -1.3 -1.3 -1.3 -1.3 -1.3 -1.3 -1.3 -1.3 -1.3 -1.3 -1.3 -1.3 -1.3 -1.3 -1.3 -1.3 -1.3 -1.3 -1.3 -1.3 -1.3 -1.3 -1.3 -1.3 -1.3 -1.3 -1.3 -1.3 -1.3 -1.3 -1.3 -1.3 -1.3 -1.3 -1.3 -1.3 -1.3
119.3 117.8 113.9 110.4 107.1 104.7 102.5 100.7 98.6 96 93.4 91.2 89.2 87.1 84.4 82.9 80.9 78.4 74.9 72.9 67.3 51 42.5 43.3 56.1 54.5 51 47.4 44.4 41.3 37.8 32 19.4 16.1 14.1 14.5 12.5 7.7 3.1 0.6 -0.5 -1.3 -1.3 -1.3 -1.3 -1.3 -1.3 -1.3 -1.3 -1.3 -1.3 -1.3 -1.3 -1.3 -1.3 -1.3 -1.3 -1.3 -1.3 -1.3 -1.3 -1.3 -1.3 -1.3 -1.3 -1.3 -1.3 -1.3 -1.3 -1.3 -1.3 -1.3 -1.3 -1.3 -1.3 -1.3 -1.3 -1.3 -1.3 -1.3 -1.3 -1.3 -1.3 -1.3 -1.3
117.3 112 110.9 107.9 105 102.3 99.8 97.1 94 91.5 89.5 87.3 85.1 82.3 79.4 76.9 75.3 72.7 70 67.4 64.4 61.9 54.3 38.1 35.5 42.8 48.9 49.5 43.8 40.2 32.1 19.9 16.5 14.9 13.6 9.2 7.4 6.5 1.1 -0.3 -1.3 -1.3 -1.3 -1.3 -1.3 -1.3 -1.3 -1.3 -1.3 -1.3 -1.3 -1.3 -1.3 -1.3 -1.3 -1.3 -1.3 -1.3 -1.3 -1.3 -1.3 -1.3 -1.3 -1.3 -1.3 -1.3 -1.3 -1.3 -1.3 -1.3 -1.3 -1.3 -1.3 -1.3 -1.3 -1.3 -1.3 -1.3 -1.3 -1.3 -1.3 -1.3 -1.3 -1.3 -1.3
110.7 101.8 102.2 102.3 101.7 98.9 95.8 93.2 90.6 87.5 84.8 83.2 81.1 77.9 75 72.5 70.4 67.9 65.3 62.6 59.6 56.6 53.5 46.8 38.2 28.8 36.2 38.7 38 28.7 19.9 16.3 15.6 13.9 9.9 6.7 6.4 1.7 0.2 -1.3 -1.3 -1.3 -1.3 -1.3 -1.3 -1.3 -1.3 -1.3 -1.3 -1.3 -1.3 -1.3 -1.3 -1.3 -1.3 -1.3 -1.3 -1.3 -1.3 -1.3 -1.3 -1.3 -1.3 -1.3 -1.3 -1.3 -1.3 -1.3 -1.3 -1.3 -1.3 -1.3 -1.3 -1.3 -1.3 -1.3 -1.3 -1.3 -1.3 -1.3 -1.3 -1.3 -1.3 -1.3 -1.3
118.4 112.4 100.9 90.9 93 94.6 91.9 89.9 86.6 83.5 80.3 78.5 76.5 73.6 70.7 68.3 65.9 63 60.2 57.7 55 51.5 48.1 45.3 41.7 38 24.7 26.1 22.9 18.6 17.2 15.9 14.3 10.1 7.4 6.7 4.9 1 -1.3 -1.3 -1.3 -1.3 -1.3 -1.3 -1.3 -1.3 -1.3 -1.3 -1.3 -1.3 -1.3 -1.3 -1.3 -1.3 -1.3 -1.3 -1.3 -1.3 -1.3 -1.3 -1.3 -1.3 -1.3 -1.3 -1.3 -1.3 -1.3 -1.3 -1.3 -1.3 -1.3 -1.3 -1.3 -1.3 -1.3 -1.3 -1.3 -1.3 -1.3 -1.3 -1.3 -1.3 -1.3 -1.3 -1.3
118.9 112 106 96.8 83 81.3 88.1 85.6 82.3 79.1 75.7 71.8 70.5 68.3 66 62.9 60.1 57.2 54.4 51.3 48.4 38.5 32.7 32.8 35 35.9 21.5 20.8 20.4 18.3 16.9 15.5 12.6 7.5 7 6.6 2.5 0.2 -1.3 -1.3 -1.3 -1.3 -1.3 -1.3 -1.3 -1.3 -1.3 -1.3 -1.3 -1.3 -1.3 -1.3 -1.3 -1.3 -1.3 -1.3 -1.3 -1.3 -1.3 -1.3 -1.3 -1.3 -1.3 -1.3 -1.3 -1.3 -1.3 -1.3 -1.3 -1.3 -1.3 -1.3 -1.3 -1.3 -1.3 -1.3 -1.3 -1.3 -1.3 -1.3 -1.3 -1.3 -1.3 -1.3 -1.3
117.9 112.1 106.6 102.2 94.2 80.7 72.6 72.1 77.8 76.4 72.2 68.1 65 61.9 59.1 56.1 52.8 50.6 47.8 44.4 37.6 26.1 21.9 19.1 20 20.3 18.2 19.1 19 17.6 16.3 14.7 8.2 7.6 7.1 5.8 1.3 -1.3 -1.3 -1.3 -1.3 -1.3 -1.3 -1.3 -1.3 -1.3 -1.3 -1.3 -1.3 -1.3 -1.3 -1.3 -1.3 -1.3 -1.3 -1.3 -1.3 -1.3 -1.3 -1.3 -1.3 -1.3 -1.3 -1.3 -1.3 -1.3 -1.3 -1.3 -1.3 -1.3 -1.3 -1.3 -1.3 -1.3 -1.3 -1.3 -1.3 -1.3 -1.3 -1.3 -1.3 -1.3 -1.3 -1.3 -1.3
114.1 109.1 104.4 99.7 94.8 89.5 80.7 71.1 64.4 69.2 67.6 62.8 58.1 55 52.4 49.4 45.5 43 40.9 36.4 24.2 19.1 17.2 16.2 16.1 16.2 16.4 15.3 16.4 16.1 15.1 11.8 8 8 6.7 4.1 0.5 -1.3 -1.3 -1.3 -1.3 -1.3 -1.3 -1.3 -1.3 -1.3 -1.3 -1.3 -1.3 -1.3 -1.3 -1.3 -1.3 -1.3 -1.3 -1.3 -1.3 -1.3 -1.3 -1.3 -1.3 -1.3 -1.3 -1.3 -1.3 -1.3 -1.3 -1.3 -1.3 -1.3 -1.3 -1.3 -1.3 -1.3 -1.3 -1.3 -1.3 -1.3 -1.3 -1.3 -1.3 -1.3 -1.3 -1.3 -1.3
109.1 104.1 99.8 95.7 92.7 89.4 85.6 78.7 70 61.7 57.5 53.8 51.8 50.8 43.7 40.9 36.2 31.8 28.1 23.2 19.2 16.9 15.6 15 15.3 15.3 15.4 14.5 12.5 14.3 14.3 9.6 8.7 8 6.8 1.9 0.1 -1.3 -1.3 -1.3 -1.3 -1.3 -1.3 -1.3 -1.3 -1.3 -1.3 -1.3 -1.3 -1.3 -1.3 -1.3 -1.3 -1.3 -1.3 -1.3 -1.3 -1.3 -1.3 -1.3 -1.3 -1.3 -1.3 -1.3 -1.3 -1.3 -1.3 -1.3 -1.3 -1.3 -1.3 -1.3 -1.3 -1.3 -1.3 -1.3 -1.3 -1.3 -1.3 -1.3 -1.3 -1.3 -1.3 -1.3 -1.3
103.7 99.7 95.5 91.7 88.7 85 81.4 77.6 73.2 68.5 65 58.1 46.1 46.2 44.5 32.2 30.9 26.4 20.3 17.3 16.5 15.7 15.3 14.8 14.5 14.4 14.2 13.2 12.2 11.4 10 8.7 7.7 6.1 5.4 1.4 -0.3 -1.3 -1.3 -1.3 -1.3 -1.3 -1.3 -1.3 -1.3 -1.3 -1.3 -1.3 -1.3 -1.3 -1.3 -1.3 -1.3 -1.3 -1.3 -1.3 -1.3 -1.3 -1.3 -1.3 -1.3 -1.3 -1.3 -1.3 -1.3 -1.3 -1.3 -1.3 -1.3 -1.3 -1.3 -1.3 -1.3 -1.3 -1.3 -1.3 -1.3 -1.3 -1.3 -1.3 -1.3 -1.3 -1.3 -1.3 -1.3
97.9 95.2 91.1 87.6 84.8 80.7 76.8 72.7 69.1 65.7 61.4 54.5 48.5 43 41.8 32.2 23 19.4 17.2 15.6 15.4 15.4 15 14.5 14.2 13.9 13.5 12.3 10.9 10.5 9.1 8 7.1 4.6 -1.3 1 -1.3 -1.3 -1.3 -1.3 -1.3 -1.3 -1.3 -1.3 -1.3 -1.3 -1.3 -1.3 -1.3 -1.3 -1.3 -1.3 -1.3 -1.3 -1.3 -1.3 -1.3 -1.3 -1.3 -1.3 -1.3 -1.3 -1.3 -1.3 -1.3 -1.3 -1.3 -1.3 -1.3 -1.3 -1.3 -1.3 -1.3 -1.3 -1.3 -1.3 -1.3 -1.3 -1.3 -1.3 -1.3 -1.3 -1.3 -1.3 -1.3
91.7 89 86.4 83.8 80.9 77 73 68.2 63.6 60 54.4 49.6 45.1 41.8 28.9 24.1 20 17.9 16.2 15.1 14.9 14.8 14.6 14.2 13.9 13.7 13.6 12.1 10.1 9.3 8.6 8.3 6 5 -1.3 0.6 -1.3 -1.3 -1.3 -1.3 -1.3 -1.3 -1.3 -1.3 -1.3 -1.3 -1.3 -1.3 -1.3 -1.3 -1.3 -1.3 -1.3 -1.3 -1.3 -1.3 -1.3 -1.3 -1.3 -1.3 -1.3 -1.3 -1.3 -1.3 -1.3 -1.3 -1.3 -1.3 -1.3 -1.3 -1.3 -1.3 -1.3 -1.3 -1.3 -1.3 -1.3 -1.3 -1.3 -1.3 -1.3 -1.3 -1.3 -1.3 -1.3
85.6 83 80.4 77.8 74.8 71.9 68.2 64.2 58.1 53.5 48.7 42.6 38.4 33.3 25.4 22.4 19.4 17.1 15.6 14.7 14.6 14.4 14.2 14 13.8 13.6 13.3 12.3 9.7 8.9 8.6 6.6 5.9 5.6 1.6 0.3 -1.3 -1.3 -1.3 -1.3 -1.3 -1.3 -1.3 -1.3 -1.3 -1.3 -1.3 -1.3 -1.3 -1.3 -1.3 -1.3 -1.3 -1.3 -1.3 -1.3 -1.3 -1.3 -1.3 -1.3 -1.3 -1.3 -1.3 -1.3 -1.3 -1.3 -1.3 -1.3 -1.3 -1.3 -1.3 -1.3 -1.3 -1.3 -1.3 -1.3 -1.3 -1.3 -1.3 -1.3 -1.3 -1.3 -1.3 -1.3 -1.3
80.7 78 75.8 73 70.5 67.8 64 58.3 51.9 47.6 43.5 39.8 33.1 23 21.4 19.9 18 16.2 15 14.4 14.2 13.9 13.7 13.5 13.4 13.2 12.6 11.6 10 8.2 7.1 7.1 5.5 5.1 1.2 0.1 -1.3 -1.3 -1.3 -1.3 -1.3 -1.3 -1.3 -1.3 -1.3 -1.3 -1.3 -1.3 -1.3 -1.3 -1.3 -1.3 -1.3 -1.3 -1.3 -1.3 -1.3 -1.3 -1.3 -1.3 -1.3 -1.3 -1.3 -1.3 -1.3 -1.3 -1.3 -1.3 -1.3 -1.3 -1.3 -1.3 -1.3 -1.3 -1.3 -1.3 -1.3 -1.3 -1.3 -1.3 -1.3 -1.3 -1.3 -1.3 -1.3
76.3 74.3 71.8 69.1 67.1 64.7 61.1 55.9 48.8 40.4 35.4 32.8 22.5 19.6 19.2 18.3 16.3 15.5 14.4 14.2 14 13.7 13.4 13 12.7 12.5 12.1 11 9.5 7.9 6.6 7 6.2 2.8 0.9 -0.3 -1.3 -1.3 -1.3 -1.3 -1.3 -1.3 -1.3 -1.3 -1.3 -1.3 -1.3 -1.3 -1.3 -1.3 -1.3 -1.3 -1.3 -1.3 -1.3 -1.3 -1.3 -1.3 -1.3 -1.3 -1.3 -1.3 -1.3 -1.3 -1.3 -1.3 -1.3 -1.3 -1.3 -1.3 -1.3 -1.3 -1.3 -1.3 -1.3 -1.3 -1.3 -1.3 -1.3 -1.3 -1.3 -1.3 -1.3 -1.3 -1.3
71.3 68.4 67.8 65.5 63.2 59.9 56.9 51.5 38.6 35 30.9 23.6 18.6 18.8 18.2 16.8 14.9 14.5 14.2 14 13.8 13.5 13.3 12.3 12.3 11.9 11.5 9.9 8.6 7.8 6.7 6.8 7.4 1.7 0.6 -0.5 -1.3 -1.3 -1.3 -1.3 -1.3 -1.3 -1.3 -1.3 -1.3 -1.3 -1.3 -1.3 -1.3 -1.3 -1.3 -1.3 -1.3 -1.3 -1.3 -1.3 -1.3 -1.3 -1.3 -1.3 -1.3 -1.3 -1.3 -1.3 -1.3 -1.3 -1.3 -1.3 -1.3 -1.3 -1.3 -1.3 -1.3 -1.3 -1.3 -1.3 -1.3 -1.3 -1.3 -1.3 -1.3 -1.3 -1.3 -1.3 -1.3
62.9 60.6 59.4 57.3 56 52.2 48.4 45.1 38.2 31 24.9 19.6 18.5 18.4 17.8 15.6 14.4 14.1 13.8 13.7 13.5 13.3 13 11.8 11.7 11.5 10.2 9.4 8.9 7.9 5.8 5.2 5.3 1.4 0.3 -1.3 -1.3 -1.3 -1.3 -1.3 -1.3 -1.3 -1.3 -1.3 -1.3 -1.3 -1.3 -1.3 -1.3 -1.3 -1.3 -1.3 -1.3 -1.3 -1.3 -1.3 -1.3 -1.3 -1.3 -1.3 -1.3 -1.3 -1.3 -1.3 -1.3 -1.3 -1.3 -1.3 -1.3 -1.3 -1.3 -1.3 -1.3 -1.3 -1.3 -1.3 -1.3 -1.3 -1.3 -1.3 -1.3 -1.3 -1.3 -1.3 -1.3
53 51.7 50.2 48.7 47.1 41.9 39 37 31.4 26.6 20.3 18.5 18.2 18.1 16.6 14.2 13.9 13.5 13.2 13.5 13.2 13 12.4 12.2 11.4 10.5 9.7 11.6 9.5 6.5 6.3 6.7 3.4 1.1 0.1 -1.3 -1.3 -1.3 -1.3 -1.3 -1.3 -1.3 -1.3 -1.3 -1.3 -1.3 -1.3 -1.3 -1.3 -1.3 -1.3 -1.3 -1.3 -1.3 -1.3 -1.3 -1.3 -1.3 -1.3 -1.3 -1.3 -1.3 -1.3 -1.3 -1.3 -1.3 -1.3 -1.3 -1.3 -1.3 -1.3 -1.3 -1.3 -1.3 -1.3 -1.3 -1.3 -1.3 -1.3 -1.3 -1.3 -1.3 -1.3 -1.3 -1.3
47.5 46 43.9 41.8 39.2 36 37.8 35.9 38.8 21.3 19.2 18.3 17.8 17.3 14.3 14.2 13.6 12.9 12.6 13.2 12.9 12.4 11.9 11.4 10.7 9.9 10.7 12.5 8.8 6.8 5.9 5.2 1.8 0.8 -0.2 -1.3 -1.3 -1.3 -1.3 -1.3 -1.3 -1.3 -1.3 -1.3 -1.3 -1.3 -1.3 -1.3 -1.3 -1.3 -1.3 -1.3 -1.3 -1.3 -1.3 -1.3 -1.3 -1.3 -1.3 -1.3 -1.3 -1.3 -1.3 -1.3 -1.3 -1.3 -1.3 -1.3 -1.3 -1.3 -1.3 -1.3 -1.3 -1.3 -1.3 -1.3 -1.3 -1.3 -1.3 -1.3 -1.3 -1.3 -1.3 -1.3 -1.3
42 40.4 39.4 37.8 39.1 37.4 30.3 27.2 22.5 19.8 18.3 17.8 18 15.2 13.8 14.1 13.6 12.8 11.9 12.9 12.4 11.8 11.3 10.9 10.3 10.9 12.3 11.6 7 6.9 6.3 6.3 1.5 0.4 -0.5 -1.3 -1.3 -1.3 -1.3 -1.3 -1.3 -1.3 -1.3 -1.3 -1.3 -1.3 -1.3 -1.3 -1.3 -1.3 -1.3 -1.3 -1.3 -1.3 -1.3 -1.3 -1.3 -1.3 -1.3 -1.3 -1.3 -1.3 -1.3 -1.3 -1.3 -1.3 -1.3 -1.3 -1.3 -1.3 -1.3 -1.3 -1.3 -1.3 -1.3 -1.3 -1.3 -1.3 -1.3 -1.3 -1.3 -1.3 -1.3 -1.3 -1.3
