public/OST50/NC90.asc
ncols 200
nrows 200
xllcorner 290000
yllcorner 900000
cellsize 50
[rows 0 to 37 of 200, columns 0 to 84 of 200]
335.5 328.9 323.6 316.3 307.8 297.5 286.8 278.2 267.8 257.6 245.4 240.6 243 247.3 253.5 257.3 257.7 256.5 253.3 247.2 237.7 227.6 212.3 218.9 225 228.5 230.3 245.9 260.2 276.3 290.2 301.1 308.7 313.5 316.5 317.2 316.5 314.2 310.5 305.2 298.8 292.5 288.1 283.5 279 274 270.3 267.2 262.8 258.7 254.6 252.1 253.3 254.7 254.8 252.4 248.1 242.2 235.2 227.2 218 211.2 203.7 196.5 189.3 180.4 171.5 165.3 161.1 152.8 140.6 129.5 117.1 120.4 115.2 110.4 104.5 98.5 91.1 84.5 75.5 64 52 48.7 38.3
336.4 329.8 323.8 317.7 309.3 298 284.1 267.1 257 249 238.3 238.1 240.1 243.8 249.3 252.6 253.2 253.4 250.9 246.3 240.6 233.2 219.3 208.3 212.9 216.6 234.3 249.3 265.9 281.2 292 301 308.7 313.2 315.8 315.9 314.2 311.2 306.8 300.9 295 289.1 284.6 280.2 275.8 271.1 266.8 263.3 259.3 254.5 249.7 246.8 248.7 252.2 252.3 249.1 244.1 238.2 232 223.5 213.4 204.6 197.3 190.5 182.5 175 166.8 158 152.6 147.5 139.2 129.2 119.6 108.9 108.7 103.2 97.3 91.9 86.7 78.8 68.8 58.8 50.4 45.9 36.4
336 329.6 323.9 317.4 308.4 297.7 285.8 269.7 252.4 240.7 236.3 234.1 235.2 239.2 245 247.3 248.5 247 246.5 241.7 237.2 231.1 223.1 203.1 204.3 213.2 232.3 252.2 269.6 283.6 293.1 301.4 308.1 312.3 313.5 313.4 311.4 307.5 302.9 297.2 291.7 285.8 281.1 276.9 272.5 267.4 262.9 259.4 255 250 244.9 240.8 242.9 246.7 246.9 242.8 238.9 234.4 228.3 217.9 208.5 199 190.1 183.5 176.9 169.7 161.6 153 146 140.3 134.9 127.6 117.6 109.2 101.3 94.8 91.8 85.3 78.7 72.1 64.6 55.8 49.1 42 34.8
335.6 329.7 323.4 315.7 307 297.5 283.9 268.4 248.8 243.2 238.1 230.3 226.6 229.6 234.1 238.2 241.4 240.3 237.9 232.8 226.5 220.5 213 199.6 199.8 207.8 225.6 248.5 268.5 282.9 292.1 300 306 309.8 311 309.6 307.2 303.5 298.9 293.6 288 282.6 277.7 273.5 267.9 262.5 258.3 253.7 248 242.8 237.4 233.3 234.2 236.8 236.8 235.1 232.2 226.9 218.7 211.2 202.5 191.5 182.4 175.1 168.6 161.8 154 145.7 138.2 132.2 127.4 120.8 113 106.1 99 89.3 79.6 78.3 72.2 65.8 59.5 52.5 44.8 39.6 35.8
333.3 328.1 321.7 314.6 305.6 295.7 279.8 262.7 252.6 248.6 241.4 231.6 222.2 216.7 222.3 227.9 231.6 231.8 227.9 219.5 210.4 201.5 195.6 195.8 196.8 204.9 219.8 242.3 264.2 279.4 288.1 297.1 303.5 307.5 307.6 305.7 303.1 299.5 294.8 290.8 285.2 279.7 274.5 269.2 263.2 258 252.7 247.6 242 235.3 229.6 224.1 223.5 226.5 227.7 227.5 224.2 218 211.6 203.7 195 187.2 178.2 169.9 162.3 153.9 146.4 138.9 131.2 124.3 117.1 109.5 103.8 99.3 93.4 84.2 74.8 69.4 64.7 59.9 54.1 46.4 39.4 36.6 35.5
330.2 325.3 319.9 311.6 303.3 292.1 274.7 259.5 253.6 245.8 239.8 232.1 223.6 213.7 209.3 215.2 219.3 221.7 214.1 201.9 193.6 189.6 190.4 191.4 197.9 206.7 216.7 233.4 253.8 271.6 284.6 293.8 300.9 305 305 303.3 300.4 296.9 292.6 288.3 282.5 276.7 271.4 265.7 259.7 253.3 246.5 240.9 234.8 226.8 220.8 214.9 210.2 214 216.4 218 218 213.5 206.1 196.8 188.7 180.4 174.4 168.6 162 151.7 142 133.5 125.3 117.7 111.2 105.6 99.5 94.8 88.4 76.8 70 58.9 57.6 53.5 46.5 40.2 36.9 35.4 36
327.6 323.2 317.7 309 299.2 283.8 268.4 258.8 251.4 240.7 235.7 231 223.7 216.4 201.6 202.6 205.9 204.8 196.8 189.1 183.3 187.4 192.7 197.9 206.2 216 227.4 235.6 248.1 263.6 281.8 293.6 299.9 302.4 302.7 301.4 298.7 295.4 290.3 285.5 280.2 276.1 269.5 265.3 260.7 255.7 248.9 241.9 236.9 229.5 219.8 208.7 198.6 199.8 204.2 208.2 210.6 209.6 203 192.8 182.6 173.7 167 162.9 158.1 150 139.4 129.6 121.3 114.4 108.5 101.7 94.7 87.8 78.7 71.3 64.1 55.8 53.6 47.3 42.3 40.4 38.7 41.1 37.9
324.9 320.3 315.3 305.9 294.8 276.1 266.7 257.9 247.1 237.9 231.6 227.3 219.8 213 201.6 190.4 192.5 190.9 189.3 181 192 198.9 207.2 213.8 222.5 234.6 248.9 257.4 263.9 272.4 283.7 295.2 300.9 302.9 302.9 301.3 298.6 295.3 291.1 286.9 283.6 279.4 274.7 270.3 266.8 263.6 257.9 251.1 244 236.6 228.4 218.4 208.3 196.1 189.9 196.4 199.7 198.9 194.3 187.7 177.8 168.4 160.5 154.7 148.9 142.3 135.5 127.5 117.9 110.4 103.9 97.7 90.8 79.7 71.4 67.3 60.4 54.8 51.3 43.5 41.2 39.7 39.4 35.9 31.9
323.2 318.5 313.5 304.2 292.8 275.9 266.7 257.4 247.4 237.9 229.5 223.3 216.1 208.1 199.8 188.3 183.1 182.1 179.2 190.8 204.2 214.3 223.1 234 244.8 256.5 267.7 275.7 280.4 285.1 291.1 298.3 303.1 304.3 304.3 303 301.3 298 294.1 290.2 286.7 283.4 279.4 275.5 272 269 265.3 259.5 252 243.3 233.6 224.1 213.9 202 188.4 183.8 187.8 189.3 187.5 183.2 174.8 165.6 157.2 149.6 143 135.9 129.1 121 113.5 106.8 99.3 92.4 83.4 75.3 69 64.5 56 53.3 41.8 40.7 39.1 37.7 35.2 31.7 29.3
321.2 316.6 311.5 302.8 291 278.2 269.2 260 249.2 239.1 229.7 220.8 211.9 202.8 195.8 186.6 178.2 176.2 179.6 195.2 213.7 227.7 240.4 249.2 260 269.9 277.8 283.8 289 293.4 297.2 301.7 304.6 306.2 306.5 305.2 302.8 299.7 297 294 290.3 287.1 283.8 280.1 276.2 273 269 264.3 256.6 245.7 236.3 226.7 214.5 203 192.7 181 173.7 180.4 181.7 177.1 171 162.9 154.3 146.5 138.6 130.3 121.3 114.7 108.9 100.8 90.2 81.2 76.7 72.7 67.6 57 56.1 46.2 42.5 35.4 36.9 37.6 35.7 30.3 26.3
320.8 315.8 310.1 301.5 290.7 280.3 271.4 263.8 254 242.1 231.3 221.1 209.5 199.9 191.5 183.2 176 174.3 177.7 194.7 215.4 233.9 248.5 259.3 268.9 278.4 285.1 290.7 295.1 300 303.8 306.6 307.7 307.8 307.7 306.3 303.6 300.7 297.6 294.7 292 289.1 286.8 284.4 280.2 276.1 271.5 266.3 257.5 246.5 235.6 224.7 212.8 202.5 191.2 180.4 166.7 168.4 171.6 168.8 162.9 157.3 149.4 141.7 133 124.4 115.5 109.4 102.4 93.9 83 74.2 69.3 65.6 57.7 55.6 45.5 44 41.1 34.9 34 36.3 31.9 28.9 16
321.2 316.1 309.5 301.7 291.9 282.3 277.8 269.3 258.8 247.8 235.8 223.6 210.6 197.5 189 181.6 174.4 171 176.1 193.3 214.6 236.6 252.4 263.5 272.8 280.4 287.8 293.8 298.7 303.7 307.7 309.4 308.9 308.2 306.3 304.4 302 299.2 297.2 295.6 293.3 290.8 288.7 286.4 282.8 277.9 271.4 264.3 256.3 244.5 233.3 222.2 212 201.2 189.5 177.9 167.6 153.4 159.1 158.8 155.9 150 141.3 133.5 125.9 118.3 111 102.3 95.1 85.2 76.7 68.4 63.7 58.2 53.7 45.3 42.7 40.5 35.2 30.4 31.3 32.7 29.4 14.6 7.6
321.5 317 309.8 301.9 292.4 284.1 281.2 273.7 264.3 254.5 244.9 233.2 218.5 200.1 187.9 179.3 174.1 169.9 173.2 192 216.2 237.7 254.2 264.6 273.8 281.4 288.2 294.1 300.1 305.5 309.2 311 308.3 305.5 302.4 298.8 297.1 294.4 295 295.3 292.8 289.4 287.4 285.4 282 275.4 267.5 259.6 251.9 243 229.4 220.2 210 199.5 188.4 179.8 169.5 155.7 144.5 147 144.4 138.8 132.3 125.6 119.5 113.2 104.9 97.8 88.9 76.3 69.1 63 58.1 54.1 48.2 39.1 41 38.5 34 31.5 31.5 29.7 15 8.1 5.6
322.5 317.9 310.8 301.2 292.5 290.1 282.4 273.7 266.5 259.6 251.2 242.3 230.8 212 193.1 179.1 173.6 168.6 170.9 188.9 212.3 235.5 252.8 262.7 272.9 281.4 287.1 291.4 298.8 304 306.9 307.5 305.3 302.3 298.1 292.7 290 288.5 289.2 289.9 287 283.3 282.1 280.8 276.8 269.2 261.1 253.3 245.4 238.1 225.4 215.9 207.5 197.8 188.6 182.9 175.2 164.7 151 129.7 132.3 127.3 121.3 116.6 109.7 103 97.5 90.6 81.3 73 66.3 59.8 54.6 45.7 40.6 37.9 36 34.3 33.4 31.3 25.2 24.6 8.9 4.4 1.5
323.4 318.4 310.4 301.5 297 292.7 284.2 276.7 269.5 263.2 256.5 248.3 236.7 222.2 201.2 183 173.3 169 166.8 184 207.5 231.2 250.8 260.3 268.3 279.5 285.9 289.2 294.8 299.4 302.5 303 301.7 298.1 292.5 286.1 282.2 281.1 279 279.3 279.6 276.9 274.2 272 268.2 262.4 254.9 248 240.2 230.6 221.6 213 204.3 195.6 188 182.3 174.9 166.1 156.1 144 133 122.5 107.9 101.8 102.7 97.2 90.1 84.1 78.5 68.8 62.7 56.7 47.1 40.7 39.3 37.6 34.9 32.1 30.1 29 27 4.5 4.3 1.4 0.3
323.4 318.2 311.4 304.9 300.1 294.9 286.8 280.9 273.4 266.5 258.2 249.5 238.9 226.7 206.9 189.5 175.3 169.5 163.9 177.9 199.9 223 245 254.7 261.6 270.5 283.1 286.3 289.2 293.2 296.5 297.4 295.1 291.8 286.6 280.1 276.5 273.6 272 271.2 269.4 266.8 263.8 262.3 258 253.3 246.6 240.3 233.3 225.2 216.9 211.3 202.3 192 184.8 178.8 173 165 156.9 148.8 138.9 127 116 106.3 93.1 87.9 84.3 80.9 73.2 65.3 58.4 49.3 43.7 39.2 37.5 35.3 31.4 28.9 27.2 19.4 6.8 1.9 1.2 0.3 -1.3
322.2 316.7 312.5 308.5 304.1 297.3 289 282.7 273.5 266.4 257.9 249.4 240.3 228.2 212.3 193.3 179.7 169.9 164.5 167.9 187.9 209.8 233.1 247.5 254 259.6 270.9 279.8 282.4 286 288.7 290.5 288.9 286.6 281.4 275.9 271.2 267.9 265.9 263.9 260.6 256.2 252.3 250 245.7 241 235.5 229.8 223.1 215.4 209 202.1 196.2 189.2 183.4 177.2 170.8 163.1 154.8 146.4 136.7 125.4 114.9 107.4 98.7 90.4 71.5 61.2 66.3 58.5 52.7 46.3 42.8 40.7 27.3 23.7 15.9 19.9 16.5 4.6 1.3 0.5 0 -1.3 -1.3
321.6 317 314 311 305.4 298.7 290.8 282.3 273.1 264.8 254.9 247.7 241.2 230.4 216.5 198.5 183.8 172.3 165.4 161.6 177.4 195.3 215 232.7 243.1 251.4 256.2 266.2 270.9 275.8 280.8 283.4 283.9 281.6 277.2 272.6 266.2 262 259 256.1 250.9 246.2 242 235.9 231.1 228.1 223.5 220.3 214.9 208 202 195.4 188.2 182 178.1 173.6 166.2 157.2 151.4 141.4 131.2 122.4 112.6 104.2 95.8 87.4 79.3 69.5 58.6 53.3 47.9 47.1 44.5 32.7 8.4 7 5.5 3 1.9 0.9 0 -1.3 -1.3 -1.3 -1.3
320.5 316.9 313.7 311 304.4 297.5 290 281.2 271.2 264.1 257.6 249.6 240 231.7 220.7 204.8 188.8 177.1 169 160.3 168.2 182.9 199.3 216.5 228.4 238.2 245.5 252 259.8 265 271.2 276.1 278.2 276.3 272.3 267.3 262.6 257.8 253 249.1 244.6 239.3 233.2 228.3 225.5 222.3 218.5 213.9 208.2 201.8 195.1 188.1 181 174.3 169.7 164.2 159 150.3 141.7 133.2 125.4 117.1 107.9 98.5 90.8 83.5 75.1 62 56.8 42.2 18 22.2 21.6 7.9 4.4 1.5 0.7 0.3 0.4 -0.3 -1.3 -1.3 -1.3 -1.3 -1.3
316.4 314.3 312.3 308.6 302.3 295.6 288.9 279.5 271.3 266.1 256.1 248.3 239.5 232.4 221.4 207.5 193.1 181.9 172.1 163.6 162 171.9 183.9 200.7 214.4 224.1 233.4 239 247.1 255.7 263.3 269.6 271.7 271.1 268 264.2 260.4 255.8 252.1 249.7 244.9 236 227.5 222.3 219.2 215.4 211.1 206.9 200.9 194.5 187.6 180 172.4 165.9 158.7 153.4 147.6 140.5 132.2 124.8 116.1 107.8 99.9 92.1 85.8 77.4 63.8 54.5 55.2 50.2 23.2 7.1 6.1 2.9 1.3 0.4 -0.4 -1.3 -1.3 -1.3 -1.3 -1.3 -1.3 -1.3 -1.3
313 311.6 309.1 304.8 297.4 291.2 285.9 277.5 270.7 265.8 256.3 249.4 241 232 222 210.5 198.8 187.4 177.9 167.1 156.7 163.4 171.7 185.2 198.9 209.2 217.8 225.3 232.4 245.8 259 265.5 267.9 269.5 267.5 264.2 259.9 256.4 252.6 248.1 240 230.6 222.1 213.7 207.8 202.6 198.7 194.2 190.5 185.5 178.3 170.7 164.3 155.5 147.4 141 135.4 129.4 121.6 113.1 104.9 96.4 89.7 82.6 71.9 61.6 52.9 48.8 36.8 15.5 8.7 6.5 2 1.3 0.5 -0.5 -1.3 -1.3 -1.3 -1.3 -1.3 -1.3 -1.3 -1.3 -1.3
308 305.9 302.5 297.4 293 287.8 283.9 276.8 269.9 263.2 255.4 249.5 243.5 235.4 223.9 214.5 204.7 193.6 183.7 172.2 161.4 154.3 164.8 173.7 185.3 193.8 201.8 213.8 227.1 244.2 257.1 263.2 265.2 266.9 265.5 262.6 259.6 256.4 250.8 242.9 233.6 224.7 216 206.7 196 188.9 185.1 181.5 176.8 172.2 165.8 158.7 151.7 143.4 135.8 127.8 120.8 115 108.1 100.5 92.2 85.8 77.8 66.7 57.5 52.9 47.4 34.7 12.1 8.7 8.3 2.8 1.1 0.6 -0.2 -1.3 -1.3 -1.3 -1.3 -1.3 -1.3 -1.3 -1.3 -1.3 -1.3
299.6 299 297 295.3 290.6 285.7 282.3 277.1 269.7 265.1 256.2 247.1 241.9 236.8 228 216.8 209 200.3 188.4 177.1 165.7 152 159.4 165 174.7 188.6 200.4 216.5 232.4 247.1 255.8 260.1 261.8 261.2 261.3 258.8 255.2 251.3 243.5 234.6 224.8 215.6 206.2 196.8 186.2 172.7 169.5 164.9 160.3 154.5 149.9 144 137.5 130.8 123.8 116.9 109.5 102.2 95.8 87.9 80.5 72.4 64.2 58.2 55.6 48 38.1 19.7 8.5 6.7 5.8 1.3 0.3 -0.3 -1.3 -1.3 -1.3 -1.3 -1.3 -1.3 -1.3 -1.3 -1.3 -1.3 -1.3
292.1 291.5 291 290.2 288.4 282.5 279 276.2 270.2 263.9 255.8 246.3 239.9 234 228.4 218.1 209.4 201.3 192.5 181 167.2 153.3 151.2 159.4 172.2 190.2 208.7 224.6 239.1 250.2 256.5 259.4 259.3 256.7 254.5 249.7 243.6 238 231.1 219.1 210.9 198.9 190.5 183 174.2 165.6 150.6 147.8 144.2 138.6 133.7 128.7 124.1 117.7 111.4 105.7 97.4 90.4 84 76.3 68.5 61.7 59 54.6 50.3 43.1 27.4 9.8 6.7 5.7 1.7 0.7 -0.5 -1.3 -1.3 -1.3 -1.3 -1.3 -1.3 -1.3 -1.3 -1.3 -1.3 -1.3 -1.3
288.7 288.5 287 285.3 282.7 279 275.5 272.4 268.7 261.2 253.8 246.4 238.1 231.3 225.4 218.5 210.2 199.5 193.3 183.8 165.8 155.8 146.7 154.9 166.7 189.9 214.2 232.6 246.4 254.5 259.5 262.1 261.3 256.5 247.8 238.7 230.3 222.4 216.4 206.5 196.5 187.4 177 168.7 162.4 153.8 145.4 130.9 128 124.4 121 118.5 114.6 108.9 102.6 95.6 89.1 82.8 76 69.2 63.8 57.2 52.4 47.6 41.6 31.6 12.1 8.8 7.7 2.5 1.1 0.2 -0.7 -1.3 -1.3 -1.3 -1.3 -1.3 -1.3 -1.3 -1.3 -1.3 -1.3 -1.3 -1.3
287.2 286.3 285.2 282.5 279.9 277.2 273.7 269.2 265.7 258.3 252.2 246.1 237.6 230.3 224.5 218.5 211.3 199.7 191.3 183.6 173.9 159.1 146.9 147.1 163.5 184.6 214.3 237.5 250.5 257.7 262.1 263.1 259.7 251.1 240.2 228.8 218.4 207.9 200 192.1 184.5 175.8 167.4 158.7 151.6 143.3 133.9 124.9 109.7 113.5 110.1 108.1 103 97.7 92.3 85.8 79.4 71.8 66.8 62.9 56.8 50.4 45.5 42.9 35.5 18.4 9.3 8.8 6.3 1.6 0.7 -0.3 -1.3 -1.3 -1.3 -1.3 -1.3 -1.3 -1.3 -1.3 -1.3 -1.3 -1.3 -1.3 -1.3
287.2 286.3 285.1 282.6 279.8 277.3 274 267.6 262.6 257.7 250.3 244.5 238.1 231.3 224 217.9 211.2 199.5 190.4 181.3 171.8 162.2 145.9 141.1 151.5 183.6 215.3 234.9 250 258.2 259.8 255.5 251.8 244.1 230.7 215.3 203.4 192.9 184.9 175.3 168.1 161.3 154.6 147.1 139.4 132.1 124 116 109.1 99.8 99.3 96 91.2 85.5 80.7 72.8 66 62.7 60.8 54.3 47.7 43.3 40.1 34.3 27.8 10.2 9 8.8 3 1.2 0.2 -1.3 -1.3 -1.3 -1.3 -1.3 -1.3 -1.3 -1.3 -1.3 -1.3 -1.3 -1.3 -1.3 -1.3
286.3 287.1 287.1 284.7 282 279.9 275.3 268.9 263.3 259.2 254.3 247.1 239.3 232.1 224.1 216.4 208.5 198.4 190.4 181.2 169.2 160.1 141.5 136.8 151.2 184.5 213 227.6 242.1 247.4 247.4 243.1 236.5 231.1 223 206.4 189.7 179.7 168.7 160.4 151.7 144.5 139.3 133.7 126.7 119 111.1 105.3 99.6 90.3 87 83.7 78 72.7 66 61.7 58.9 53.9 48.1 44 40.4 36.1 30.8 24.3 13 9.6 9.9 6.3 1.5 0.6 -0.3 -1.3 -1.3 -1.3 -1.3 -1.3 -1.3 -1.3 -1.3 -1.3 -1.3 -1.3 -1.3 -1.3 -1.3
284.8 285.4 285.8 284.3 281.5 279.7 273.7 267 262.2 258.3 254.4 248.8 241.3 233.9 226.6 217.7 208.7 199.5 191.6 183.1 170.9 156.4 131.6 144.3 157 180.7 204 219.1 227.4 231.7 231.3 225.3 219.3 212.2 201.6 189.8 177.6 166.2 155.1 146.4 137.9 130.2 124 118.5 112.4 105.6 98.4 93.1 87.5 81.3 72.8 69.4 62.5 58.3 55.3 52.3 46.9 41.7 37.9 34.3 31.6 26.7 21.9 19.9 8.8 10.1 7.8 2.4 1 0 -1.3 -1.3 -1.3 -1.3 -1.3 -1.3 -1.3 -1.3 -1.3 -1.3 -1.3 -1.3 -1.3 -1.3 -1.3
283.8 284.1 283.4 281.6 279.1 276.6 271.3 265.5 260.3 256.5 252.7 248.7 242.9 235.7 228.5 221.5 214 206.4 197.2 186.7 172.6 158 135.5 139 158.6 170.9 191.1 206.7 214.5 217.2 217 210.5 201.1 194.3 185.3 174.7 163.8 152.3 141 131.3 122.5 115.1 109.8 103.1 98.6 94.4 89 84.3 77.7 71.7 63.4 58 51.8 48.8 45.6 42.1 36.3 33 29.3 26.5 23.5 21.7 20.7 8.6 8.3 5.7 6.1 1.5 0.6 -0.4 -1.3 -1.3 -1.3 -1.3 -1.3 -1.3 -1.3 -1.3 -1.3 -1.3 -1.3 -1.3 -1.3 -1.3 -1.3
282.6 283.7 281.7 279.7 276.7 273.1 268.8 264.1 258.7 255.2 252.1 248.2 243.6 236.8 230.1 224.1 217 209.4 201.3 191.4 179.6 165.3 133.5 129.2 135.1 158.2 174.7 188.5 197.7 200.6 196.6 192.4 188.3 180.6 172.4 161.3 150 138.4 127.3 117.6 108.9 100.7 92.1 87.3 84.8 79.6 72.3 67.6 64.4 61.3 55.4 51.5 48.3 43.4 38.5 34.5 31.5 27.9 24.2 21.4 19.8 15.9 14.7 9.1 9.2 8.5 1.9 1 0.1 -1.3 -1.3 -1.3 -1.3 -1.3 -1.3 -1.3 -1.3 -1.3 -1.3 -1.3 -1.3 -1.3 -1.3 -1.3 -1.3
282.8 284.1 281.8 279 276.5 272.8 267.7 263.5 256.5 252.9 250.4 246.2 240.9 236.1 231.8 226.4 220.3 212.3 203.6 193.2 182.8 169.3 139.4 120.5 118.1 143.4 156.1 168.7 178.6 183.9 185.7 180.1 172.4 164.9 159 145.9 132.2 122.5 110.4 104.3 99.3 93.1 86.8 81.3 75.6 69.6 63.6 58.9 54.5 52.2 49.8 47.8 46.4 43 38.9 35 29.6 24.9 22.5 20.6 18.6 11.3 8.1 6.5 7 4 1 -0.3 -0.8 -1.3 -1.3 -1.3 -1.3 -1.3 -1.3 -1.3 -1.3 -1.3 -1.3 -1.3 -1.3 -1.3 -1.3 -1.3 -1.3
284.7 285.8 282.7 279.1 275.5 271.5 267.6 263.1 256.8 249.2 245.8 243.5 238.4 233.6 229.7 226.5 221.1 214.5 205.1 194.5 183.7 172.6 160.9 130 111.8 111.6 137.2 151.1 160.1 165.5 167.7 167.1 162.2 154.7 145.8 137.9 127.7 120.8 112.8 102.6 95.1 89.3 82.8 77.5 72.7 68.2 63.6 58.3 53.2 50 47.8 48 45.6 41.1 36.3 30.7 26.4 23 22.9 25.9 22.4 12.1 6.7 5.2 5.1 1.4 0.2 -1.3 -1.3 -1.3 -1.3 -1.3 -1.3 -1.3 -1.3 -1.3 -1.3 -1.3 -1.3 -1.3 -1.3 -1.3 -1.3 -1.3 -1.3
285.6 286.7 284.8 277.8 271.2 266.3 260.8 257.1 251.2 245.8 241.5 237.6 234 231.1 226.5 223.2 218.1 212.1 204.5 195.7 184.4 173.5 164.4 144.2 127.8 107.2 118.1 139.3 148.9 150.3 149.5 149.5 146 140.5 135.2 130.8 123.7 115.5 107.6 101.2 93.8 88.5 82.1 77.6 69.5 66.1 62.4 57.3 51.8 47.9 46 44.9 43.4 38.1 32.7 30 25.9 22.4 21.3 22.1 17.5 8.8 6.8 5.8 3.2 0.8 -0.5 -1.3 -1.3 -1.3 -1.3 -1.3 -1.3 -1.3 -1.3 -1.3 -1.3 -1.3 -1.3 -1.3 -1.3 -1.3 -1.3 -1.3 -1.3
283.8 282.7 280.8 274.4 267.8 261.1 253.2 247.8 243.2 238.8 236.3 232.9 229.8 224.9 222.1 217.7 213 206.3 198.4 191.4 183.4 174 165.6 158.4 145.5 110 104.5 117.1 137.4 139.4 137.4 136.2 133.8 130.2 124.2 118.3 111.9 105.5 99.3 94.3 89.5 85 79.8 73.6 67.8 62.6 60 54 47.3 44.3 43.6 41.9 38.2 34.7 31.7 30.7 26.9 24 20.1 17.9 13.2 8.3 7.5 6.1 1.4 0.2 -1.3 -1.3 -1.3 -1.3 -1.3 -1.3 -1.3 -1.3 -1.3 -1.3 -1.3 -1.3 -1.3 -1.3 -1.3 -1.3 -1.3 -1.3 -1.3
280.2 279.9 274.9 268.3 261.6 253.3 245.9 241.3 235.3 230.3 227.4 225.7 222.8 218.7 214.4 211.6 206.9 200.8 194.1 186.8 179.8 172.6 165.4 158.3 150.1 120.6 96.9 97.6 113.7 122.8 126.9 124.2 122.1 118.3 115.1 110.5 104 97.6 92.2 88.5 83.4 79.3 75.5 68.7 63.6 59.4 55.3 47.6 44.7 41.2 40.4 39.1 34.4 30.6 30.2 28.5 25.7 23 19.9 15.6 9.4 8.8 8.1 2.2 0.8 -0.3 -1.3 -1.3 -1.3 -1.3 -1.3 -1.3 -1.3 -1.3 -1.3 -1.3 -1.3 -1.3 -1.3 -1.3 -1.3 -1.3 -1.3 -1.3 -1.3
273.9 274.5 271.6 264.4 255.5 246.9 238.1 231.3 225.9 219.9 215.7 212.7 210.6 208.9 206.6 204.4 199.8 194.1 188 182.4 176.3 170.2 163.8 157.9 151.9 141 118 97.7 90.1 97.6 117.9 117 112.6 108.2 103.5 100 95.2 90.1 86.9 82.2 77.4 73 69.4 62.3 57.9 55.6 50.6 44.1 40.1 38.8 39.1 35.9 32.6 30.7 29.7 26.9 24.4 22.2 18 16.1 9 8.2 5.8 1.2 -1.3 -1.3 -1.3 -1.3 -1.3 -1.3 -1.3 -1.3 -1.3 -1.3 -1.3 -1.3 -1.3 -1.3 -1.3 -1.3 -1.3 -1.3 -1.3 -1.3 -1.3
268.1 267.6 263.5 258.8 251.9 241.9 231.8 223.4 216.9 210.3 205.8 201.5 197.4 194.8 194.6 193.5 190.8 186.8 182.1 177.4 172.7 166.1 161.5 156.3 150.8 144.1 136.9 125.4 101 83.2 89.7 100.3 105 100.2 94.3 91.2 87.7 83.1 79.6 75.4 71 66.6 63.3 56.9 55.2 51.2 46.5 40.5 38.1 36.9 34.3 31.9 31.6 30.2 28.8 25.5 22.5 20.2 16.5 13.5 8.7 8.1 2.8 0.5 -1.3 -1.3 -1.3 -1.3 -1.3 -1.3 -1.3 -1.3 -1.3 -1.3 -1.3 -1.3 -1.3 -1.3 -1.3 -1.3 -1.3 -1.3 -1.3 -1.3 -1.3
