public/OST50/NC91.asc
ncols 200
nrows 200
xllcorner 290000
yllcorner 910000
cellsize 50
[rows 35 to 69 of 200, columns 0 to 77 of 200]
186.9 185.8 183.6 180.3 175.1 166.5 161.1 156.8 148.3 142.5 140.5 135.4 145.3 155 164.1 170.2 174.1 176.5 178 177.8 175.3 173.3 171.4 171.5 170.9 170.1 165.6 163.1 159.8 157.2 154.3 152.2 147 137 140.3 144 145.2 148.3 150.7 156.1 161.3 164 166.8 167.2 169.4 170.3 177 181.1 181.2 178.1 170.7 159.7 139.6 143.4 154 169.1 185.1 200.8 216.1 227.4 239.2 248.1 255.8 262.1 266.4 268.1 267.9 257.9 249.6 240.4 228.5 217.7 208.5 198 191.4 179.9 170.5 162.6
190.5 189.7 187.7 184.1 179.6 171.7 165.8 157.8 151.4 147.2 140.9 142.2 152.2 164.8 176 184.7 191.3 194.8 196.4 196.4 193.4 189.4 183.1 178.3 177.7 173.5 167.6 165 161.6 157.5 154.2 147.3 146.8 147.5 148.1 150 152.8 155 157.2 162.4 167 170 174.1 174.3 174.3 178.5 183.8 186.8 189.2 186.4 181.9 172.3 158.6 138.9 145.7 158.3 171.4 186.7 202.8 219.3 235 244.1 258.1 269.1 276 281.2 284.9 281.8 277.2 266.4 254.5 244.3 233.9 223.9 214.8 205.9 196 185.2
193.9 192.3 190.1 186.8 182.4 176.1 169 160.4 155.5 148.5 140.7 147.2 160.9 172.5 184.8 194.6 203.7 211.6 214.7 214.8 208.9 201.8 192.1 184.7 179.2 175.7 172.4 169.9 163.5 159 152.7 152.2 152.8 154.2 154.7 157.4 159.6 162 164.1 168.9 172.2 177.4 179.8 176.4 179.2 185.1 190.1 193.3 196.3 195.2 189.3 182.1 172.5 156.9 148.5 147.4 158.2 173.2 190.3 208.9 223.7 235.1 250.2 265.2 277.8 284.5 289.5 293.8 293.9 289 278.8 267.9 255.6 245.9 238 227.6 212.6 199.9
195.7 193.8 191.2 186.8 182.6 177.4 169.3 163.4 156.8 144.7 145.6 156.9 168.2 178.1 189.6 200.8 214.4 225.5 231 229.9 222.2 211.6 200 190.3 184.1 179.7 178.8 171.9 166.6 161.5 156.9 156.9 157.6 159.9 160.8 164.8 166.8 168.5 171.7 174.3 177 182.8 181.8 181 184.8 189.3 195.4 203.3 202.7 203.7 200.8 196.8 184.8 174 163.4 156.3 152.5 160.5 176.1 198.4 213.4 227.4 242.6 257.6 270.3 281.2 290.5 296.7 304.7 304.4 299.7 288.7 275.1 265.4 252.9 239.8 226.5 209.1
195.8 193.5 190.7 185.8 180.9 175.1 169 163.6 149.9 152.8 160 166.2 174 183.4 194.3 208.5 223.9 236.9 242.4 239.4 231.2 220.1 211.5 200.6 190.4 183.6 178.8 174.8 169.4 164.2 162.2 163.4 164.1 166 169.9 172.5 172.8 174.9 178.4 181.2 183.8 188.8 186.3 190.5 192 194.1 200.7 209.1 212.1 213.6 208.4 201.5 194.7 186.8 178.8 169.6 163.4 160.2 164.8 183.9 203.2 219.3 233.9 248.9 261.6 273.8 286.9 295.6 304.3 309.2 307.8 301.8 290.7 277 263.1 248.9 236.9 218.2
195 191.9 188.1 183.1 177.6 172.7 167 158.1 154.5 162 165.4 170.9 178.6 189.6 201 216.2 232.4 245.2 250 249.7 248.6 232.3 214.9 207.1 195.9 187.2 181.6 176.7 170.2 163.6 166.3 168.2 170.6 173 175 178.3 179.2 181.2 184.7 188 189.8 191.1 194 197.7 198.3 201.3 206.8 215.1 218.5 220.7 218 209.2 207.9 198 190.6 186.1 175.8 171.8 167.7 174.1 190.9 209.6 223.5 235.3 249.6 261.8 274.6 289.1 300.1 306.5 309.7 308.1 301 287.3 273.3 259.2 244.6 231.4
193.4 190 186.2 180.7 174.1 170.1 162.9 155.2 164.3 167.7 172 177.4 183.6 196.8 210.5 224.5 238.6 249.3 259.2 269.6 261.3 243.1 221.5 210.5 200.3 191.1 184.3 176.6 170.3 168.9 169.3 171.8 176.1 178.5 181.4 183.2 184.7 187.5 189.8 191 193.1 196 199.4 201.6 205.2 209.2 212.6 220 226 228.6 227.1 224 216 209.7 203.7 198.7 190.9 186.3 179.1 173.4 181.7 195.8 210.7 224.9 238.6 250 264.8 279.9 295.4 304.2 310.7 312.8 308.9 297.5 283.5 270.2 257.1 243.5
191.6 188.1 183.6 177.1 173.7 168.5 159.4 169 172.3 174.8 179.6 182.7 194.2 204.5 217 229.1 242.5 253.1 272.3 280.3 267.5 247.1 228.2 214.3 201.3 192.2 184.4 177.3 176.8 172.1 172.9 177.1 182.8 185 188.4 190.9 192.8 194.4 196.7 197.6 198.9 202.7 207.6 210.9 214.4 217.1 220.6 225.6 231 233.5 231.1 228.8 227.5 224 217.8 213 204.6 200.3 187.7 182.8 181.6 186.3 197.7 210.6 227.5 243.5 255.5 271.6 287 301 310.3 314.7 315.2 307.2 294.8 281.6 268.2 254
189.1 185.3 178.2 176.3 170.9 163.6 169.5 176.5 179.3 182.6 186.3 189.8 200.7 210.7 222.5 233.8 246.4 263.5 282.1 280.9 265.4 247 229.3 214.6 202.4 192.3 184.2 186.7 184.4 177.1 179.3 183.7 189.1 192.7 197.1 198.5 200.5 204.7 207.7 209.7 211.3 215.9 218.4 221.1 224.2 227.8 230.2 233.3 237.7 239.2 238.5 237.9 237 234.9 230 223 215.3 205.3 199.2 196.8 195.1 193.7 197.4 203.1 218 233.4 249.5 263.7 279.7 294.5 306.3 314.5 318 315.5 303.9 290.9 278.5 263.7
185 180.8 178.4 175.8 167.3 174.4 179.1 182.2 184.8 188.1 192 198.7 205.8 214.5 227.5 237.5 257.1 275.1 289.3 278.2 257 243.4 228.4 216.2 202.3 196.6 194.8 191.9 190 183.1 187.1 192.2 197.4 201.2 206.6 208 210.4 216.4 220.4 223.1 225.4 228.7 229 230.3 232.7 236.6 240.4 245 245.5 245.8 247.7 247.9 245.4 242.3 237.5 233.2 221.5 217.1 213.8 211.5 209.3 207.1 209.3 211.7 212.2 226.7 242.1 258.8 273.3 286.2 298.4 307.8 314.1 316.3 312 300.5 287.4 272.9
182.2 180.2 177.8 170.2 175.2 180.6 183.5 185.5 189.3 193.6 197.6 203 209.7 221.7 233.7 249.8 266.9 281.7 285.1 269.5 252.1 235.7 224 212 205.8 205.6 202.6 199.5 195.5 189.3 194.2 200.7 205.9 210.3 216.5 218.2 223 227.9 231 234.2 237.1 239.6 242.1 242 242.9 246.1 249.1 253.8 256.4 255.7 256.5 257.3 254.4 250.2 246.8 240 231.1 228.4 226 223.5 221.1 220.8 222.7 225.3 226.5 223.8 237.2 253.7 268.1 281.4 294.4 303.5 310.6 314.8 311.4 299.3 285 272.3
180.3 177.2 175 176.2 181 184.7 187.7 191.4 196.6 199.3 205.5 212.7 220.9 231.3 242 258.3 273.5 284.1 274.5 258.6 242.6 225.5 215.8 217.2 214.8 213.2 210.8 207.7 204.5 196.6 202.8 210.2 215.6 223.3 228.1 232 235.6 238.7 241.2 245.4 249.8 253.6 258.1 259.7 260.2 260 262.2 262.6 263.3 265.7 267.3 266.2 262.1 257.8 253.3 245 243 239.9 237.7 235.3 232.9 234 236 237.4 238.9 236.9 236.2 250.5 264 277 290.1 300.9 306 311.5 306 295.3 280.9 269.3
182.5 181.1 181.9 182.9 186 189.8 192.7 196.9 203.2 207.2 213.7 218.8 227.4 238.8 251.8 265.8 275.8 275.6 263.4 245.5 226.7 225.3 226.4 226.3 223.8 221.3 220.6 216.9 213.5 203.7 212.3 222.3 229.1 236.3 241.5 244.8 245.8 249 252.7 260.4 262.8 267.5 270.9 272.9 275.8 277.3 277.5 274.2 272.1 273.2 275.8 274.4 270.3 265.1 261.6 256.9 253.5 251.5 249.2 247 246.8 246.9 248.7 249.6 251.4 247.9 246.9 252.4 262.8 273.4 285.8 297.9 303.9 308.3 298.9 288.1 275.4 265.1
185.3 186.5 188.5 188.4 191.1 194.5 197.9 204.5 208.9 213.2 218.2 225.4 236.1 246.5 259 270.9 273.9 265 250 233.3 235.1 235.9 237.3 236.6 236.1 232.6 229.8 227.1 222 210.3 223 233.9 241.5 246.1 251.3 256.3 261.3 264.7 269 270.6 276.5 280.9 282.9 287.3 291 290 291.8 292.4 290 283.8 284 281.9 278.1 272.8 268.1 265.5 263.9 262.9 261 259.1 258.9 260 260.9 262.1 261.5 258.3 257 255.3 265.5 275 285.1 295.4 300.8 301 294.5 283.9 273.3 258.6
191 192.3 193.4 194.7 195.8 199.4 203.9 209.6 214 218.2 223.4 236 246.2 258.8 266.4 273.3 267.5 252.4 237.9 242.6 245.9 247.5 250.4 250.3 247.5 245.2 240.7 235.9 230.7 219.3 231.5 244.7 255.7 263.3 267.1 271.5 276.2 278.9 282.3 287.2 289.6 291.9 297.4 299.2 302.2 306.2 307.8 306.6 306.3 303.3 295.7 289.6 287.7 283.4 277 274.5 275.4 273.7 272.6 271.3 271.5 272 272.9 272.5 269.8 265.6 263.2 263.7 268.4 276.5 285.7 291.7 295.5 294.3 289.7 283.7 273.9 257.9
196.5 197.7 198.5 200.1 201.3 204.8 209.6 214.7 218.9 225 237.2 246.2 260.7 271.1 273.7 269.7 255.3 246.8 249.4 254.2 256 259.9 263.6 266.2 264.1 259.1 252.6 245.7 240 226.2 239.4 255 266.4 274.8 281.4 284.3 289 293.4 298.6 300.5 304.8 308.8 312.1 314.4 317.9 318.8 319.8 319.5 318 313 307.4 302.6 298.5 293.4 287.9 285.5 283.2 282.5 282.9 283 283 283.6 283.4 280.2 276.4 272.9 270.6 270 273.3 279.5 286.9 293.2 295.6 294 288.7 283.6 272.3 257.5
200.5 202 204.5 206.6 208.1 211 215.1 220.3 225.9 236.8 248 261.6 274.9 282.5 280.4 263.8 253.3 255 260.6 266.9 270.6 275.8 279.6 281.8 281.4 276.1 267.8 260.4 252 235 250.5 264.8 276.6 286.4 294.9 298.9 300.8 308.3 311.7 317.5 320.8 322.8 325.9 328.6 329.1 330.5 330.8 330.3 327.7 325.1 319.9 313.9 308.7 304.4 299.1 295.9 292.2 291.8 291.5 292.6 292.6 295.1 290.6 287 283.7 281.1 279 276.8 279.5 285.6 291.8 297.7 300.3 295.5 288.7 280.8 271.4 257.3
205.4 207.7 209.9 211.9 214.6 217.1 220.7 226.4 238 250.4 263.6 276.2 285.8 289.1 277.9 260.8 263 269.7 275.2 279.2 284.2 289.1 292.6 297.1 299.4 295.1 285 274 258.8 242.5 259.4 274.1 283.8 296.7 305.8 313.5 319.5 322.4 327.9 333.1 336 338.6 341.3 342.4 342.8 342.8 341.3 338 336.7 334.2 330.4 326 320.7 314.4 310.3 306.5 303.5 302.2 302.1 301.5 301.2 301.8 299.7 294.6 291.6 289.1 286.8 283.8 285.2 289.1 294.9 298.1 299.1 295 288.2 279 270.1 255.4
210.2 213.6 216.5 218.5 220.9 224.2 228.4 238.4 252.8 265.2 279 290.4 293 288.8 273.7 268.9 275.7 280.5 285.5 292.6 299.6 304.7 311.7 317.2 317.6 308.7 296.5 280.4 261.4 255.7 269.8 281.7 294 306.9 317.9 325 332.2 337.6 343.6 346.6 350.5 352.4 354.3 354.2 354.6 354.1 352.7 351.3 346.8 343.5 339.7 334.2 330.4 327.1 321.2 316.9 314.2 312.6 311.4 310.3 310.3 309 307.9 305 300.4 297.2 294.6 292.5 291.8 293.3 296.2 297.6 296.3 291.5 286.1 278 267.4 252.8
215.4 219.6 222.8 225.2 228.2 232 238.3 252 266.8 279.3 294.3 303.3 302.9 291.3 274 279.1 285.2 291.5 298 306 314 322.6 331.4 335.7 332.3 318.2 301.1 281 259.3 268.6 280 292.3 302.4 316.5 327.5 336.8 344.3 351.2 357.8 362 365 366.5 368.4 368.8 367.5 366.8 365.6 363 359.4 355.4 351.1 346.3 340.2 334.1 332.9 327.3 322 319.7 318.6 319.4 318.8 318.9 316.6 312.7 309 305.5 302.8 300.5 300 300.3 299.3 296 294.1 288.7 281.2 272.3 261 249.5
220.4 225.9 230.5 233.6 236.7 242.1 250.4 266.9 280.5 294.8 308.1 313.7 306.3 293.3 280.4 287.4 293 300.7 310.3 321.5 331.3 339.2 348.1 352.5 340.6 322.3 300.3 278 268.6 277.6 287.8 300.4 311.6 324 335.8 345.1 356.1 365 372.1 375.3 379.3 380.7 382 382.8 382.3 380.4 378.4 376.3 372.2 366.9 362.4 357.7 353.6 349.2 343.6 339.7 334.6 329.3 329.1 329 328.3 328.2 325 320.6 317.3 314.3 310.8 308.7 308.1 307.9 307.1 303.7 298.3 291 282.3 272.4 262.8 253.2
228 235.5 241.4 245.8 249.8 255.1 265.7 281.1 294.6 306.1 317.2 317.7 309.1 294.1 292 296.4 302.3 311.4 324.3 335.4 346.1 355 361.6 361.5 341.9 317.7 293.7 276.2 279.1 288.4 299.1 309.6 320.9 334.2 346.6 355.8 366.9 374.8 384 388.1 391.8 394.4 395.5 395.9 396.2 396 393 389.9 385.4 379.1 374.4 370.3 365.3 359 356.4 353.1 348.2 342.9 339.4 338.2 338.2 337.4 335 331.9 327.9 324.6 321.8 320.6 316.1 316.3 316.2 313.5 308.1 300.6 291 281 270.5 259.9
239.5 248.7 253.3 259.5 266.8 273 283.3 295.9 305.1 315 321 318.6 310.7 301.8 304.2 306.5 311 325.6 335.8 348.8 359.8 367.7 368.7 354.1 335.6 311.9 286.1 287.3 291.9 301 310.2 320.3 329.6 345.2 357.6 367.2 377.8 386.9 393.8 398.6 403.4 407 409.3 409.9 409.7 410.6 406.9 403.9 399.7 392 386.7 382.7 379 372.6 367.3 363.8 358.6 355 350 347.4 347.2 347.6 345.1 341.1 338 335.1 334.5 331.7 329.4 329.4 328.2 324.6 319.1 311.5 302.2 291.9 280.2 266.6
257.5 264.5 271.7 281 288.4 295.3 302.6 311.6 318.5 326.9 327 321.9 312.4 311.8 313.6 317.8 326.9 339.2 349.8 361.9 372.8 381 381.1 368 340.8 310.2 293.1 296.7 303 313.4 326.1 335.1 344 356.5 368.6 379.8 390 398.5 404.2 410.1 415.1 417.9 420.7 424 424.3 423.7 420.6 417.6 414.6 409.8 403.3 398.1 393.3 386.1 379.5 375.2 370.6 366.2 363.7 359.2 356.9 356 354.4 351.8 349.1 346.7 343.9 341.7 340.5 340 338.8 335.8 330.1 322.8 314.5 304.3 290.4 277.5
275.4 284.4 295.8 307.4 311.6 313.6 320.5 329.3 338.8 342.2 337.7 329.1 321.1 327.3 329.2 334.3 339.2 351.2 361 372.6 384.2 391.1 389.5 370.5 343.7 313.6 300.8 305.4 315.5 327.4 339.7 348.6 358.3 367.5 380.4 390.9 404 412.7 419.7 427 432 435.8 437.6 439.3 437.9 436.9 434.8 432.3 431.1 426.5 421.8 415.5 409.5 402.8 395.5 388.7 383.9 379.6 376.9 373.3 370.4 366.1 364.2 362.6 359.7 357.6 354.6 353 351 349.8 347.2 344.6 339.7 333.9 326.9 315.4 302.8 289.6
296.1 308.1 322.9 331.7 337 337.6 341.1 351.8 357.8 356.5 348.1 336.9 334 339 344.3 348.8 354.4 364.3 373.6 383.2 394 400.9 399.4 376.3 347.6 321.6 306.9 314.5 328.3 341.4 352.5 362.8 371.7 383.4 395.5 405.8 420 431.1 439.7 450.4 456.9 460.1 462.9 463.2 461.9 458 455 451.3 448.7 444.8 438.9 430.6 426.1 421.3 413.5 407.2 403 396.1 392.6 387.4 383.3 377.2 373.7 370.6 370.7 368 365.6 363 360.2 357.8 355.6 353 349.2 344.1 337.7 328 315.3 301.6
316.8 332.5 347.1 358.6 363.1 363.3 367 372.2 372.3 365.4 354.3 349.3 346 353.5 357.6 362.8 367.3 374.6 383.6 393.1 402.6 410.4 409.6 385.3 359.3 334.2 315.2 323.7 337.3 352.4 364.5 377.6 387.9 401 410.4 422.8 435.9 446.8 460.9 475.3 483.7 489.4 490.8 490.9 489.6 485.3 480.3 475.2 469.8 463.6 457.8 450.4 446.2 439.1 430.6 423.9 417.7 413.5 405.2 398.8 394 389.8 384.7 381.6 378.6 378.5 376.5 372.5 369.8 366.1 363.7 361.4 358 352.9 345.3 338.2 326.1 313.6
339.2 356.4 371.9 383.5 390.9 391.5 388.3 385.5 381.2 367.5 359.9 359.6 358.6 363.5 368.7 373.1 378.2 384.5 393.8 400.9 409.5 416.8 416.2 395.5 371.4 350 334.5 324.9 337.4 354 370.9 388 403.7 415.3 424.3 433.3 447.1 461.3 478.2 492.1 505.6 515.1 519.7 519.7 517.1 512.5 507 501.3 495.6 489.4 482.1 475.9 466.8 459.1 451 442.4 433.6 428.5 421.2 413.1 407.8 403.1 397.5 391.3 389.2 388.5 386.7 382.6 379 375.7 372.7 369.4 365.8 360.4 352.5 343.6 331.7 322.1
362.5 378 395.5 410.1 415.6 411.4 402.1 392.9 385.5 368 365.7 365.4 367.7 372.5 378.7 383.4 390.4 396.4 402.2 409.5 415.6 421 423.4 411.9 388.2 367.9 354.4 347.8 351.7 353.8 359.9 382.7 406.7 425.7 437.5 448.6 461.9 475.1 492.1 507.7 521.8 533.2 541.4 540.8 537.5 533.8 529.1 523.9 519.5 513.5 506.1 499.6 492.5 485.2 476.6 467.2 456.5 447.3 440.2 429.2 421.7 415.7 408.7 403.1 398.9 397.1 395.6 391.2 387.5 383.1 379.9 376.6 372.8 367.3 359.2 350.7 340.3 331
384.9 400.3 416.8 429.8 434.8 425.1 413.9 400.3 383.6 378.3 372.2 372.1 375.4 382.2 388.1 394.1 399.9 404.3 410.1 416.4 421.4 426.4 430.5 425.2 407.6 386.7 375.9 369.1 373.7 383.2 383.8 376.7 396 421.5 444.1 459.4 471 485 500.1 513.3 525.5 535.7 543.8 547.8 551.1 551.1 549.4 546.2 541.8 536.7 531.4 525.5 519.2 511.1 502 490.8 480.3 468.5 459.4 447.1 435.7 428.2 420.6 414 407.2 404.1 402.7 398.2 394 390 386.4 382.9 379.6 373.1 365.1 355.4 344.9 337.9
406.9 421.4 437.6 448.5 448.5 437.3 416 403.6 391 386.6 382.5 383.5 386.2 390.7 394.9 401.9 406.5 411.5 417.3 422.3 427.3 432.1 436.6 436 427.6 411.7 397.3 393.3 397.8 408.5 411.3 408.5 398.9 413.3 439.9 461.7 474.9 488.6 501.5 514.9 525.9 535.5 543.4 551.4 557.2 562.4 564.7 563.2 561.4 558.3 554.1 549.1 542.8 534.8 526.1 516.8 503.4 490.3 475.8 462.8 451.1 440.3 432.1 424.1 418.3 410.1 406.8 403.3 399.8 395.9 392.3 388.5 383.6 375.9 366.5 356.2 347.5 340.9
429.2 443.6 456.8 463.3 455.2 439.7 422.9 400.1 396.8 392.6 390.2 390.5 394.8 399.4 405.4 409.8 413.8 419.7 424.5 428.4 433.1 437.3 441.3 444.6 443.6 436.4 425.9 423.5 427.2 432 433.1 431.3 424.7 413 435.3 459.9 476.7 490.1 502.6 514.4 525.2 534.8 543.4 551.2 558.8 565.9 573.5 578.7 582.2 583.4 581.5 576.9 568 560.4 550.3 539.7 528.2 514.7 498.1 482.6 466.9 452.4 440.7 433.2 425.3 418.6 411.2 406.7 402.4 398.9 396 392.5 386.5 376.5 367.6 358.3 348.8 343.6
450.9 464.5 474.7 467.6 452.3 437 418.6 406 401.1 398.7 397.1 397.9 402.2 405.7 410 414.5 419.1 425.4 429.7 434.3 439 443.1 447.1 450.7 452.6 452.5 451.5 449.7 449.3 450.7 451.8 451.7 447.8 437.2 431 457.5 477.7 491.4 503.1 514.4 524.8 534 542.5 550.9 559.3 567.6 575.1 585.2 592.2 595.4 598.1 597.3 592 584.2 575.3 563.6 550.9 537.3 522.3 504 483.9 466.3 451.4 440 432.1 423.7 417.7 410.1 405.2 401.4 398.1 394.4 386.8 376.5 366.3 357.6 350.4 346.8
466.4 477.9 477.2 460.8 446.5 430.5 412.9 409.5 405.2 402.7 401.6 403.8 407.8 410.8 414.5 419 423.4 429.4 434.6 439.5 444.3 449.1 453.9 458.2 460.1 463.1 464.3 465.2 466.6 467.4 467.2 467 465.6 458.5 443.6 457.3 478.7 492.2 503.3 514.7 524.8 533.1 541.9 550.4 559 566.9 574.9 584.3 590.5 595.8 601 604.6 604.6 600.6 595.4 588.9 574.9 559.6 545 527.4 504.9 482.2 461.9 448.9 437.8 430.1 421.3 413.3 407.9 404.1 400 394.4 384.2 373.2 366.3 355.8 351.1 346.7
474.6 478.7 469.4 454.2 438.3 420.2 415.5 411.2 408.1 406.4 405.5 408.4 412 415.7 419.5 423.5 427.8 433.6 438.8 444.1 449.7 455.4 463.1 466.6 469.4 472.9 475.1 477.7 480.5 481.7 481.8 481.2 479.5 474.8 464 455.9 476.1 491.1 502.7 514 523.2 532 540.2 549.7 557.1 564.8 572 580.1 586.9 592.7 599.5 606.9 612.9 614.2 610.1 606.4 599.4 585.6 567.8 550.9 526.5 500.1 475.3 457.8 444 432.5 424.4 415 407.8 404.4 400 390.2 378.8 368.1 360.7 355 349.6 345.5
