public/OST50/NC91.asc
ncols 200
nrows 200
xllcorner 290000
yllcorner 910000
cellsize 50
[rows 70 to 104 of 200, columns 78 to 155 of 200]
334.6 330.1 333.9 333.2 333.1 332.7 329.1 326.5 330.9 340.1 343 346 346.2 343.4 346 351.9 358 359 357.9 351.8 345.4 339.9 334.5 326.5 319.5 311 306.8 304.5 302.5 299.3 299.2 299.9 297.8 293.3 291.1 290.1 287.6 289.6 292.8 295.5 297.6 298 297.2 296.2 295.2 292.6 288.5 283.1 279.1 275.4 270.9 266.6 262.2 253.5 258.9 259.7 260.6 260 251.2 262 288.4 308 325.9 339.4 347 348.2 341.3 330.9 318.4 301.4 283.3 270 270.8 283.6 302.8 319.9 328 331.2
326.2 322.7 325.5 327 325.8 326.3 324.1 320.3 324.6 333.1 338.2 337.3 338.5 340.6 342.4 344.8 350.8 354.3 355.1 351.6 346.1 342.6 338.8 332.2 326.8 322.4 319.5 317.1 315.9 313.5 313.1 312.4 309.4 306.2 305.1 304.2 303.6 308.1 312.3 314.6 314.6 313.9 312.8 312.1 311.8 309.9 305.7 299.5 293.2 288.3 283.4 279.3 275.7 274.2 275.8 277.6 279.2 278.8 276 260.9 282.8 307.8 327.7 344.2 354.9 354.6 348.3 340.1 328.9 308.9 290.5 277.8 272.8 284.3 303.7 320.8 332 336.3
316.4 313.2 316.4 319 319 319.2 318.5 313.7 317.1 323.9 329.6 331.6 335.9 340 342 343.1 345.2 346.4 349.5 349 346.6 344.2 341.9 339.4 335.6 333 330.8 329.6 328.1 325.3 324.3 322.3 319.3 317.6 316.7 319 321.6 327.8 333.3 336 335.8 335.5 334.4 333.8 331.9 329.2 324.6 317 308.5 301.3 295.8 292.9 287.1 291.1 293.5 294.5 295.9 295.7 293.2 283.4 277.8 306.5 328.6 347.1 359.6 359.3 352.2 342.2 333.5 315.3 298.1 287 279 285.2 303.4 321.4 335.6 339.1
308.8 306.6 306.5 309.2 311.1 312.8 311.3 310.2 311 319.1 323.8 325.4 331.5 331.2 338.9 344.2 344.5 344.2 344.5 345.4 347.5 346.6 344.6 343.7 342.1 340.8 339.6 338.8 336.7 334 332.6 331.2 328.1 327.4 329.1 333.1 338.8 346.7 352.8 355.3 355.8 355.1 354 353 351 347.4 342.1 333.4 325 316.2 310.2 306.1 304.3 305.5 309.8 311.5 311.8 309.2 304.4 294.2 279 307.4 328.8 348.2 360.1 360.8 357.2 345.2 336 324.2 307.5 292 284.8 288.6 304.4 322 335.2 340.2
298.4 298 297 300.1 301.6 302.2 305.5 307 309.6 317 321.1 323 324.6 327.8 332.9 337.4 340.5 342 343.9 345.4 348.1 348.4 348.2 348.6 349.1 348.4 347.4 346.2 343.9 341.4 339 338.1 337.4 336.6 340.9 345.9 353.4 362.4 368.2 370.6 372 371.6 371.6 370.9 368.3 363.9 356.7 349.4 340.4 331.8 324.3 320.2 317.6 315.6 322.9 326 326.2 322.1 313.6 299.4 288.2 308.7 328.1 345.8 357.6 360.2 355.5 347.5 340.4 327.2 313.5 299.9 293.3 294.9 308.5 327.8 337.9 342.1
296.9 291.6 288.9 293.1 294.4 293.7 300.7 303.4 305.5 311.2 317.3 324.1 327.5 327.8 332.6 336.8 340.2 342.5 344.4 347.5 349.2 349.9 351.1 352.1 352.7 354.5 354.1 352.2 349.6 347.3 344.8 344.8 343.9 346.2 351.6 359 367.9 376.3 381.2 384.2 386 388.1 388.3 386.7 383.5 378.4 370.7 363.1 356 348.7 340.7 335.1 330.3 328.1 331.2 334.8 335.8 332 322.8 306.3 288.9 306.4 323.9 341.4 352.3 356.3 353 347 339.2 329.6 319.4 308 297.9 301.8 317.7 333.1 340.7 345.3
296.1 289 285.4 283.7 283.9 286.8 293.8 301.4 304.4 306.3 312.2 322.7 323.3 326.4 330.2 333.8 339.3 342.1 345.3 347 348.7 350.6 352.9 354.6 355.2 355.6 357.1 356.3 354.1 351.8 351.1 350.4 351.4 355.8 363.7 373.3 382.7 390.5 395.8 398.6 401 403.5 403 401.3 397.2 391.3 384.6 376.5 370.5 363.6 357.7 350.3 343.2 339.2 339.6 343.1 344.2 341.5 330.9 314.9 300.2 302.4 319.3 335.8 347.1 350.8 350 345.3 337.9 331.7 321.3 311.2 303.2 312.5 327.7 338.1 343.7 347.7
291.3 287 283.3 281.2 282 283.6 287.7 294.6 298.7 303.5 304.1 310.4 318.8 326.1 330.4 332.9 335.7 340.2 342.8 346.4 348.8 351.4 353.1 355.2 356.2 357.3 357.9 357.4 356.6 356.3 355.9 356.2 358.6 365.9 375.1 385.6 396.4 404.9 410.5 413 415.2 415.9 415.9 413.6 408.9 404.3 398.1 392.1 384.8 377.5 371.3 365.3 358.8 353.2 351.8 354.4 353.9 350.4 340.5 326.3 310.1 299.7 313.9 330.3 341.1 346.9 346 341.6 335.7 331.6 324 313 312.8 322.4 335.6 342.8 348 351.3
287.2 284.6 282.8 280 281.6 283.8 286.3 290.6 296.6 300.6 300.3 312.9 320.1 326.7 330.1 334.1 336.6 340.2 344.3 346.9 350.1 352.2 354 356.3 357.3 358.6 359 358.5 358 358.1 358.5 360 364.6 373.6 384.4 395.7 406 414.7 420.7 424.4 426.6 427.7 426.2 423.9 419.8 415.9 410.7 404.4 397.6 389.9 382.9 377 371.1 367.2 365.2 365.6 364.3 358.4 350.2 338.5 322.6 310.6 313.6 321.2 335.6 347.2 350.1 346.5 339.4 334.2 328.3 319.5 319.2 329.8 342.1 347.5 351.3 352.3
282.5 281.2 280.7 279.4 281 284.1 286.7 290.8 293.9 297.7 298.9 311.4 315.5 322.7 326.6 332.1 334.2 338.2 342.4 347.7 350.8 353.1 355.1 357.1 358.5 359.9 360.3 360.3 360.4 360 360.7 364.7 369.9 380.5 391.3 402.6 412.8 421.5 428.1 432.5 435 435.8 435 432.6 429.7 426.1 421.7 415.7 408.9 401.3 394.7 389 383.2 377.5 375.3 375.3 372.5 365.9 357.8 346.8 333.4 319.8 324.6 337.9 341.4 343.1 354.5 353.2 347.1 340.3 334.1 327.2 326 336.1 345.4 350.3 352.7 354
276.2 274.4 278.5 280.6 281.1 286.3 290.3 292.4 293.5 293.5 297.7 302.4 310.3 314.7 322.2 326.7 331.1 335.2 339.6 345.4 349.2 350.9 353.7 355.7 357.3 359.1 359.2 360 361 361.7 364.1 368.6 376 386.7 397.2 408.2 419.1 427.3 434.2 439.5 442.3 443.4 442.7 440.9 438.2 434.9 430.8 425.1 418.4 411.6 404.7 398.9 393.3 387.8 384 383 379.2 373.3 363.8 354.2 343.3 326.4 333.8 348.3 353.8 351.8 356.5 357.4 352.1 346.5 339.7 333.7 332.5 341.1 349.1 353.9 355.7 355.9
271.6 271.7 272.9 275.1 285.4 289.7 292.1 291.7 293.2 295.6 298.4 300.6 307.1 314.4 320.4 324.8 328.8 331.6 333.5 338 341.6 346 350.4 352.3 353.9 355.8 356.9 357.9 360 362.2 366.5 371.6 381.6 391.5 401.4 412.9 424.1 433.3 440.1 445.6 448.3 450.3 449.8 447.8 445.2 442.3 438.2 433.1 426.8 419.8 413.4 407.8 402.7 396.9 392.5 389.6 384.9 379 370.3 359.1 353 334.7 343.1 356.6 360.7 358.2 359.1 359.9 355.7 351.5 346.1 341 342.2 348.4 354.9 358 359.9 358.9
269.4 269.5 270.9 282.6 284.9 290.2 293.4 291.7 294.4 298.7 300 300.2 305.8 315.2 317.5 322.3 324.4 325.7 327.5 330.8 335.3 340.8 344.5 346.1 348.4 351 352.4 354.5 358.7 363.7 368.3 374.8 386 396.8 408.3 419.9 430.8 439.5 446.6 451.6 455 456.2 455.9 454.3 451.6 448.7 444.8 440.4 434.5 427.6 420.9 415.5 411.3 405.6 400.7 396.8 391.7 384.6 376.8 369.1 363 344.2 352.2 362.5 365.3 362.7 362.8 363.2 361.3 356.7 352.7 347.6 350.9 355.7 359.4 362.7 363.4 361.8
268.9 268.8 274.6 283.3 283.4 285 286.6 290.6 295.1 298.5 300.2 298.4 302.9 314.6 318.4 320.4 318.5 317.9 322 324.8 328.8 334 337.5 339.7 342.2 344.4 347.6 352.3 358.5 363.9 371.1 380.2 391.4 402.9 414.9 425.7 437 446.6 454.5 459.3 462.3 463.9 463.3 462.1 459.5 456.3 452.4 447.1 441.8 435.4 429.4 423.2 418.8 413.5 408.6 404 399.1 392 384.6 376.8 369.4 351.3 360.1 367.2 369.1 366.9 367.7 368.6 368.3 364.4 359.4 357.7 358.6 362.1 365.1 367.1 367.5 365
267.7 270.4 278.9 281.7 281.8 282.6 284.1 290.5 294.9 296.6 296.5 295.2 298 306.8 313.9 314.3 312.9 314 315.3 316.6 320 323.4 329.6 333.2 336.4 339 343.6 350.9 358 365.7 375.3 384.9 395.8 407.9 419.2 429.4 441.9 452.2 461.7 467.9 471.2 472.5 472.5 471.4 468.6 465.6 461.1 454.9 449.7 444.7 438.4 431.4 426.9 422.7 417.7 411.8 406 397.7 389 381.9 371.2 363.4 365.4 372.2 373.5 373.4 373.6 374.2 373.7 371.6 368.6 367.1 367.6 369.1 370.8 372.2 372.3 371
266 270.6 276.3 281.3 281.6 278.1 277.6 282.5 285.5 287 290.9 290.4 292.9 298 302.5 304.1 307.5 307.3 309.6 310 312.6 315.5 320.4 326.8 330.7 336.1 343.3 351 359.3 368.9 378.7 389.6 401.4 412.3 424.5 435.3 448.4 459.7 469.4 476 480.8 482.5 483 482.4 479.5 475.7 471.4 465.5 458.4 453.3 448.4 443 437 432.5 427.4 421.3 414.1 405.7 396.5 387.8 380.2 374.3 373.8 377.6 378.8 378.6 378.5 379.7 379.7 379.8 379.2 378.2 376.8 377.2 378.5 379.1 378.8 376.3
266.3 268.3 277.3 283.6 282.1 275.3 272.2 274.6 274.8 277.8 278.4 281.2 286.9 290.6 295.8 297.5 298.2 298.8 301.1 302.9 308.4 314 318.8 321.5 328.9 334.8 343.8 352.5 360.5 370.4 382.6 395.2 407.3 418.8 431.7 443 456.6 467.7 477 484.3 489.5 492.7 493.8 493.7 491 486.1 481.5 476.5 469.7 463.3 458.6 453.9 448.2 442.4 436.2 429.5 422 412.8 404.5 397.6 390.8 384.9 382.4 382.2 384.1 382.1 384.1 385.8 387.3 388.5 388.5 388.5 388.5 388.5 388.3 388 386.3 383
266.3 268.6 278.4 283.5 280.3 274.1 271.4 271.3 271.2 271.6 272.9 275.7 280.1 284.2 287.2 290.3 290.5 292.7 297.5 304 310.8 317.1 322.2 326.4 329.4 336.1 343.6 352.2 361.6 372.1 386.1 399.4 412.6 425.4 437.9 450.5 463.8 474.7 484.2 492.4 499.4 504.1 506 506 505.1 501.9 495.2 489.2 481.7 473.3 466.7 461.9 457.1 451.1 444.6 437.8 429.6 422.1 415.7 408.7 401.9 395.4 391.8 389.2 389.3 387.5 389.8 393 395.3 396.1 396.1 396.6 396.7 397.9 397.8 395.6 392.8 389
265.3 267.8 274 281.6 279.8 274.6 269.2 266.4 265.9 266.4 268.8 270.7 277.5 278.8 282.1 282.2 287.6 292.9 296.4 302.5 310.8 317.6 325.7 331.4 336.2 340.8 344.7 353.3 362.6 374 386.9 401.3 415.6 429.8 443.3 455.7 469.1 480.6 491 501.6 511 517.6 520.6 519.6 517.7 514.5 509.7 502.8 494.7 485.9 477.4 469.9 464.2 459 452.1 445.2 438 431.8 426 419.2 411.8 405.3 400.1 397.6 395.9 393.7 396.2 399.7 401.3 403 403.8 404.8 405 405.3 404.7 402.1 398 393
264 264.7 268.3 274.7 276.7 272 265 261.8 260.5 260.9 262.8 265 268.3 272.3 279.5 286.7 291.8 295.4 297.6 303.8 312 320.8 329.3 337.3 342.9 346.9 350.2 354.7 363.7 375.1 387.3 402 416.5 431.8 446 458.4 472.6 485.7 496.6 510.2 521.4 529.5 532.5 533.1 531.7 529.2 524.3 517.2 507.1 496 486.3 476.7 470.2 463.9 458.2 451.6 446.1 440 434.5 427.9 421.5 415.5 409.4 407 403.5 401 402.4 405.8 408.4 410.2 412.8 413.5 412.9 411 409.5 406.8 401.8 395.9
256.8 262.1 263.5 269.7 271.2 268.6 260.4 257.2 255.3 255.3 258.5 261.3 266.8 272.4 279.8 287.7 293.1 299.5 303.2 308.2 315.8 323.7 332.9 341.2 347 351.6 357.7 361 367.1 373.1 387.8 401.9 416.3 431.2 447.4 460.5 474.7 487.8 502.3 516 528.9 537.8 544.7 546.6 545.9 542.2 535.9 529.1 520 507.9 495.1 483.6 475.7 469.1 463.5 458.9 453.3 447.8 442.5 435.9 430 424.8 419.7 416.6 412.5 408.6 411 414.1 417.2 420.9 423.1 422.5 420.3 417 414.3 410.7 404.6 398.7
252.1 254.8 255.7 260.3 263.2 260.8 256 251.8 249.7 251.1 256.3 262.6 268 273.6 281.2 288.7 295.1 301.6 307.3 313.6 322.7 328.7 337.7 345.8 351.5 356.8 362.4 367.6 374.3 383.3 393.1 395.9 412.4 428.3 443.7 459 474.1 489.2 503.3 516.5 529.3 539.1 546.9 552.7 554.2 550.9 545.9 539.5 530.6 519.2 504.2 490.8 481.8 475.4 470.9 466.1 460.8 455.2 450.6 444.8 439 433.8 429.8 426.6 422 417.7 420.1 423.1 426.9 430.5 431.7 430.8 427.7 423 419.7 414.3 408 401.7
245.7 246.7 248.4 252 253.5 252.1 247.2 245.7 245.2 249.9 256.3 262.4 266.9 271.4 278.3 285.8 296.5 304.9 311.5 318.9 328.1 337 344.6 351.6 357.7 363.7 369.1 374.5 381.6 394 404.2 412.7 420.9 430.6 435.5 452.6 470.3 485.3 501.3 515.5 528.4 539.2 547.4 554.4 558.9 558.7 554.6 548.3 540.4 529.4 513.8 499.6 489.6 483.9 478.4 472.9 467.4 461.7 457.1 452.1 446.4 442.6 439.1 435.2 430.4 428.8 430.1 432.6 436.2 438.8 440.1 438.2 435.1 430.2 424.8 418.7 411.1 403.4
240.7 238.8 240.7 241 245.9 240.9 240.4 239.5 241 246 256.1 262.1 264.7 268.6 273.9 284.6 294.4 306.4 315.5 325.7 336.8 347 354.7 360.5 365.6 370.7 377.9 385.5 395.9 405 413.6 422 429.8 440.5 449.7 458.8 467.2 480.9 497 511.7 525.4 537.5 547.4 555.3 561.1 562.6 561.2 556.4 549.5 538.6 522.6 506.4 499 493.1 486.5 480.2 473.7 468.3 463.1 458.4 453.5 450.3 446.3 442.3 438.4 437.1 439.2 441.4 443.5 445.8 446.8 444.5 441.3 435.4 430 423.6 416.7 409.7
240.1 233.9 233.2 232.3 234.7 234.9 234.7 234.8 238.3 242.5 251.5 258.3 260.8 263.3 271.8 283.7 296.9 310.3 324.1 336.4 348.5 358.3 366.4 372.6 378.2 383.8 392.5 401.4 409 416.8 424.7 431.9 441.4 450.7 460.3 470.8 479.5 489.6 500 512.8 524.2 534.7 547.5 556.3 562.3 565.7 566.2 562.4 556.9 546.7 529 517.6 511.1 504.8 498.6 491.6 484 475.8 469.2 464.1 459.9 456.7 452.7 449.3 447.3 445.7 447.5 449.1 450.3 451.7 451.9 450.5 447.2 442.2 436.4 430.1 422.7 415.9
241 234.9 230.5 227.5 227.3 228.7 229.4 230.9 235.5 242.2 250.2 254.7 258.9 261 270.6 282.7 296.6 314 330.8 345.8 358.1 367.1 375.2 382.3 389.5 396.9 404.6 412.1 420.5 428.1 436.6 443.9 451.2 460.4 471.3 480 489.9 498.4 507.3 516.8 526.2 539.2 551 559.5 565.5 569.6 570.4 568.1 563.1 554.7 543.4 533.4 527.7 521.7 514 504.4 495.6 486.4 476.4 470.9 467.3 464.3 461.4 459.1 456.6 454.7 455.5 455.9 456.5 457.3 456.6 456 453.8 449.7 443.7 436.8 429.3 421.3
241.2 233.7 228.6 227.3 223.7 224.8 226.8 228 232.9 241.7 250.5 253.5 253.9 258.7 269.2 285.4 296.9 314.6 332.7 348.1 361.8 372.2 380.5 387.9 396.9 404.1 412.1 420.5 428.3 436.2 445.8 453.7 461.8 470.5 480.9 490.4 499.6 507.8 518.3 528.1 537.4 547.3 557.5 565.4 570.6 573.9 575.1 573.6 569.7 563.1 556 548.3 540.9 534.4 526.3 515.6 504.9 495.5 485.7 479.6 476.1 472.6 469.8 466.7 464.2 462.5 463 463.6 464.2 464.6 464.3 463.1 460.5 456.9 451.5 444.3 436.4 428.4
242 234.6 232.1 230.7 222.2 223.6 225.2 224 227.5 232.1 240.7 239.3 248.7 255.9 268.3 280.3 295.5 315.2 333.8 349.4 362.5 373.9 382.6 391.2 400.3 409 418 425.5 433.6 442.3 451.5 460 469.7 478.7 488.7 499 508.6 517.7 528.6 537.5 547.9 558.1 567.3 572.3 576.4 579.1 580.3 578.6 575.7 570.7 564.7 557.8 551.4 544.5 536.4 525.2 514.4 505.4 497.2 489.4 483.1 478.4 476.8 474.6 471.9 470.4 470.1 470.8 471.7 472 471.6 470.4 468.4 465.2 459 451.1 442.9 434.6
241.2 235.1 234.6 232.8 224.7 222.6 223.1 223.1 226.1 232.2 232.5 237.5 242.5 250.6 260.1 274.9 293.7 313.1 329.7 347.5 362.4 373.7 383.6 392.5 402.2 411.6 420.3 428 435.5 444.2 453.7 463.2 473.3 484 493.9 506.1 516.4 526.2 537 547.4 559.4 568.2 574.9 579.4 582.2 584.1 584 582.5 580 575.8 570.7 564.9 558.5 551.2 543.1 533.6 522.9 513.9 505.6 497.1 489.7 484.7 482.2 480.9 479.3 477.6 476.4 476.6 477 477 476.3 475.6 474.1 470.4 463.9 456.2 448 439.6
238.4 234.8 231.2 231.1 224 220.7 220.4 219.8 223.1 229 230 233.9 239.8 248.9 256.6 274.2 292.3 309.9 328.5 345.8 361.6 372.8 383.4 392.4 402.4 411.9 419.7 427 434.6 442.2 452.1 462.5 472.8 483.7 495 507.9 519.6 532 544.7 558.3 569 576.6 582.1 586.1 588 588.3 587.3 585.5 583.1 579.9 574.8 569.2 563 556.5 548.4 539.4 529.2 520 512 504 496.2 490.8 487.9 486.3 485 483.1 481.5 481 481 481 480.2 478.9 476.6 472.8 467.6 458.8 451.2 443.6
234.9 231.7 227.6 226.1 226.2 221.5 219.3 219 224.9 226.7 228.7 230.7 236.5 252.2 263.8 276.2 291.7 307.5 325.4 345.3 360.3 371.7 382 390.9 400.5 410 417 423.8 429.9 438.4 449 459.1 469.9 480.5 492.5 506.3 519.5 533.5 547.6 562 573.7 583.4 588.4 591 591.5 590.4 588.4 586 583.5 580.7 576.7 572.3 565.9 559.3 551.6 542.5 533.7 524.2 516 508.5 501.4 495 491.6 489.1 486.9 484.9 483.8 483.4 483.4 482.8 480.7 478.2 475 471.1 466 458.5 451.1 443.9
231.3 229.7 226.6 224.9 224 222.6 223.4 214 224.3 224.3 226.6 228.9 239.9 251.2 264.8 277 291.9 309.1 327.8 345 357.7 369 379.4 388.5 397.8 406.1 413.4 418.4 422.2 433.6 444.6 455.5 466.4 476.6 489.2 502.6 515.8 529.8 544.4 558.9 571.2 581.6 587.7 589.3 588.6 587.2 585.6 583.4 580.9 578.2 575.3 571.8 566.2 559.2 552 542.7 534.1 525.2 517.3 509.9 503.2 497.2 492.3 489.2 486.3 483.5 481 480.5 480.4 479.6 477.5 473.4 468.9 464.3 460.5 453.2 444.9 438.4
227.9 227.5 227 224.3 222.9 221.8 221.5 210.8 216.1 218.7 227.5 230.4 241 253.2 266.3 279.9 295.5 311.9 330.1 344.9 356.1 366.4 375.7 383.9 393.3 401.2 407.2 412.6 417.4 427.8 438.7 449.7 460.8 471.8 484.5 497.3 510.5 524.4 538 551.5 562.9 572.6 578.2 581.3 581 580.3 578.9 577.4 575.3 573 570.9 568.4 563.9 557.1 549.2 541.1 531.7 522.5 514.9 507.6 500.4 494.7 490.1 485.3 482.2 478.8 476.5 474.9 473.9 473.1 470.5 465.8 460 454.8 448 438.5 431.7 427.2
224.8 224.8 227.7 223.6 220.5 219.5 216.7 211.1 210.6 215.7 225 234.2 246.5 256 270.9 282.6 298.5 313.7 328.8 342.6 353.2 362.5 370.9 379.1 387 394 399.9 404.8 411.4 420.2 431.2 441.9 452.3 463.4 475.8 488.5 502.5 514.8 527.8 540 549.1 556.9 564 567.5 569.9 570.5 569.5 569 567 565.1 563.4 561.1 557.2 551.3 544 535.3 525.7 516.1 508.8 501 493.5 487.1 482.6 479.4 476.1 473 469.9 468 465.2 463.2 460.3 453.1 441.6 431.7 423.3 418.9 414 412
221.8 223.2 226.4 224 219.4 216.2 211.4 209.1 213.3 218.7 225.4 238.1 248.6 258.4 272.7 282.9 298.9 314.2 324.5 337.8 346.8 356.3 364.8 372.1 378.7 384.9 391.6 397 403.6 412.8 422.6 432.6 443.4 453.7 463.6 476.3 487.6 499.8 510.3 520.7 528.3 536.2 541.9 548.4 552.8 556 556.7 557.4 555.6 554.8 553.9 552.7 549.1 544 536.1 525.9 513 503.3 493.5 485.9 477.9 473.8 471.5 468.7 465.3 463.9 461.2 458.5 455.2 449.8 442.8 435.8 422.9 410.1 403.9 400.7 397.9 393.9
