public/OST50/NC93.asc
ncols 200
nrows 200
xllcorner 290000
yllcorner 930000
cellsize 50
[rows 140 to 174 of 200, columns 0 to 77 of 200]
355 358.9 362.7 366.5 370.2 373.6 377.5 380.5 381.6 382.2 386.3 388.9 391.1 393.5 395.5 397.5 398.3 399.3 400.3 400.6 399.9 399.9 400.1 402 401.7 400.6 399.9 400 400.3 401.6 402.1 402.5 402.2 401.6 401.3 400.9 399.8 398.3 398 397.6 398.6 398.6 398.4 398.4 398.3 396.3 394 392.2 389.9 388.2 385.8 384.1 384.2 385.1 385.3 387.7 387.4 385.5 384.8 379.8 374 378.9 387 391.8 393.3 393.2 393.1 392.7 395.7 395.9 396.3 398.9 400.3 400.7 398.8 396.1 392.1 387.4
352.6 357 360.4 363.6 366.7 370.2 374.8 377.5 377.6 381.7 385.6 388.9 391 393.2 395.3 397 398.1 399.2 400 400.4 400 400.6 401 401.6 401.3 400.3 399.2 398.3 398.6 400 400.7 400.7 400.5 400.4 400 399.2 397.8 395.9 396.6 396.4 397.8 398.7 398.4 398.4 399.1 397.1 394.8 392.4 390.4 387.8 384.7 386.6 387.9 389 390.8 392.3 393.4 393.4 392.6 388.7 382.4 375.6 369.4 383 387.3 388.4 388.9 390 392.2 392.4 395.3 397.8 399.1 398.9 397 394.6 390.6 386.2
347.9 352.4 356 358.7 362.4 367 370.8 371.1 376 380 383.7 385.8 388.1 390.8 393.5 395.4 396.8 397.7 398.4 399 399.9 400.4 400.6 400.6 400.6 399.7 398.4 396.7 397 397.5 398.9 399.6 399.5 399.3 398.5 397.5 395.6 395.1 396.4 397.3 398.8 398.7 398.3 399.5 399.6 397.4 394.8 392.3 390 386.8 386.1 388.8 390.8 392.7 394.5 396 397.6 398.7 397.7 395 391.7 387.8 381.9 370.5 373.6 381.7 380.5 386.6 387.6 390.8 394.4 396.6 397.4 397 395.1 392.8 388.9 384.9
340.3 345.4 350.1 354.1 357.3 362.1 364.6 367.4 374.9 378.3 381.5 383.6 385.5 387.8 390.8 393.3 394.4 395.3 395.7 396.9 397.9 398.7 398.9 399.1 399.4 398.5 397 395.4 395.5 396.7 397.2 398.6 398.3 397.4 397 396.2 395.1 394 395.7 397.8 399 399.7 400 400.1 399.7 398 395.3 392.8 389.3 386.6 388.2 389.8 392.3 394.1 395.8 397.9 399.7 401.5 400.7 399 396.2 392.7 388.2 383.2 371.7 368.2 377.3 381.9 381.8 387.6 392 395.5 395.7 395.2 393.4 390.2 386.4 382.8
331.4 336.9 343.5 350 352.9 356 356.7 368 373.6 376.6 379.4 381.4 383.1 385.6 388 390.1 391.4 392.2 392.9 393.7 395 396.8 397.2 397.7 398 397.4 396.1 394.6 393.8 395.6 396.9 397.3 397.1 397 396.8 395.6 394 393.1 395.8 397.6 398.8 399.4 399.3 399.7 399.6 398.5 396.2 392.9 387.4 385.5 388.7 391.6 392.3 395 397.1 399.1 401.1 402.6 402 400.8 398.8 395.7 391.3 386.5 378.6 369.2 362.4 364.8 368.6 379.2 389.4 392.2 393.8 392.4 390.6 386.8 383.1 379.7
323.2 328.8 336.6 342.8 346.3 349.9 358.7 365.3 369.8 373.5 377 378.9 380.6 382.9 384.8 386.7 388.2 389.1 389.4 389.5 392.2 394.6 394.9 396.1 396.6 396.2 395.2 394 394.1 394.8 394.8 394.8 395.9 396 395.7 394.4 392.7 392.1 395.3 397 398.4 398.4 399 399.6 399.8 398.6 396 393 388.1 384.5 388.5 391.9 393.9 394 397.2 399.7 401.5 402.5 402.1 401.4 400.6 397.8 394 389 383.7 377.4 374.3 364.9 359.2 361.9 381.3 387.6 389.6 388.8 386.7 383 379.4 377.2
316.8 321.6 328.9 334.3 339.1 349.6 356.4 361.4 366 369.6 373.1 375.7 377.8 380.3 382.2 383.7 385.1 386.1 386.1 387.1 389.2 392.7 394.2 395.1 395.1 394.5 393.6 391.6 394 395 395 394.5 393.8 393.4 392.9 392.2 391 391.4 394.6 396.3 397.2 397.9 398.7 399.2 399.3 398.5 396.1 393.2 389.3 384.1 387.8 391.8 393.6 394.6 398.3 399.7 401.1 401.6 401.7 401.3 400.3 399.1 395.5 391.3 387.6 380.9 375.9 364.4 365.7 362.1 364.9 377.9 383.6 384.1 380.8 378.5 376.1 374.6
308.8 314.4 316.5 326.9 338.9 346.8 352.8 358.1 362.2 365.7 369 372.1 374.8 377.2 379.2 379.9 381.2 381.4 383 385.4 389.2 393.1 395 394.5 393.9 393 390.8 390.2 393.3 394.1 394.5 393.5 391.8 391.2 390.8 390.4 391 391.4 393.5 395 395.9 396.9 397.1 397.7 398.3 397.8 395.8 392.9 388 383.5 387.3 390.9 394 396.6 397.9 399.3 400.2 400.6 400.6 400.4 399.6 397.8 395.3 392.1 386.9 377.5 376.6 375.7 375.2 368.9 355.3 359.9 366.4 371.5 371.6 371.9 371.5 370
299.1 300.4 312.6 323.4 332.7 342 348.8 354.3 357.9 361.4 364.6 367 370.5 373.1 374.6 375.1 376.9 378.3 380.8 384.4 387.8 392 393.1 392.4 391.9 391.1 388.8 387.9 390.8 392.4 392.2 391.6 390.9 390.2 389.2 389.4 389.9 389.9 391.8 391.6 393.9 394.3 394.7 395.3 396 396.2 394.6 391.4 384 382.7 387.4 390.5 393.8 396.1 397.7 399 398.6 398.3 398.4 398.6 398.2 395.6 394.4 391.9 383.4 384.1 383.7 381.9 380.4 374.6 366.3 367.9 362.2 347 349.3 355.7 360.5 362.4
290.1 299.9 307 316.5 326.4 335.1 343.4 348.8 352.4 355.1 358.5 361.7 364.8 367.1 369.9 372.4 373.5 377 379.9 382.5 385.1 388.2 389.3 389.9 389.7 388.7 387 384 387.4 389.1 389.2 389.1 388.7 389.1 388.9 387.3 388.5 390.3 390.9 391 391.8 392.1 392.3 393 393.8 393.6 391.7 387.9 380.4 383 387.9 391.5 394.6 396.5 397.7 398.4 399 398.7 397.7 397.6 396.5 395.4 392.8 386.8 389.1 389.3 387.5 385 383.1 374 377.8 377.5 372.4 368.2 358.7 350.6 341.6 342.9
291.5 298.5 303.1 311.3 319.4 327.2 335.4 340.2 344.8 347.8 350.2 354.4 358.4 361.7 364.5 368 372 376.1 378.2 379.7 381 383.9 385.4 386.3 386.5 385.2 383.6 380.7 382.6 384.2 386.1 386.7 387.6 387.1 386.3 385.7 388.2 390.5 390.7 390.1 390.6 390.4 389.7 389.9 390.9 389.7 386.8 380.8 377 385.4 388.8 392.3 395.6 397.1 398.6 399.2 399.7 399.6 398.6 397.2 396.5 395.4 391.9 390.3 392.6 392.3 390.8 388.1 384.2 385 384.1 383.2 381.5 377.9 372.6 363.4 356.7 349.6
286.8 296 301.9 308.4 314.5 319.1 326.9 332.1 336.1 339.3 342.7 346.7 351 353.5 357.7 363.5 368.6 372.6 374.7 376.2 377.4 379.8 381.3 382 382.1 381 380.2 378.3 379.3 381.3 383.2 384.4 385.5 385.7 383.7 384.4 387.3 389.4 390.7 390.5 390 388.7 387.1 387.2 385.7 382.2 377 374.4 380.1 385.3 389.4 392.8 396.2 398.4 399.5 400.6 400.9 400.6 399.3 397.7 396.5 395.5 394.6 394.6 395.1 394.6 392.5 390.2 389.2 388.6 387.8 386.5 384.3 381.5 377.1 374.5 372.3 366.7
279.8 290.9 299.5 305.9 310.7 313.5 318.4 323.5 327.2 327.3 330.2 337.7 343 345.5 350.8 358.2 363.7 367.6 370.2 371.8 373 375 376.4 377.8 378.3 378.6 378 376.9 377.3 378.7 380.2 382.8 383.6 384.1 382.2 382 384.7 387.5 388.9 388.9 387.8 386.4 383.8 382.7 376.5 370.6 371.8 378.4 384.9 388.2 390.8 392.8 396.4 399.1 400.6 400.8 400.8 401.2 400 398.2 396.9 395.9 396 396.5 396.8 395.3 394.7 393 392.6 391.3 389.9 388.1 386.2 384 380.8 379.3 377.1 374.9
297.8 294.5 290.1 297.8 303.2 306.3 308.4 310 312.1 315.9 320.8 322.4 329 332.1 336.9 341.7 349.9 356.7 363.7 365.6 367.4 369.5 371.1 373.2 374.3 374.8 374.5 374.7 375.6 375.6 376.4 378.9 381 381.9 380 379.3 382.3 385 386.4 386.2 385.2 383.8 381.1 372.6 367 370.9 381.2 385.4 387.8 389.7 391.4 393.8 396.8 399.5 400.8 401.5 400.8 400.9 400.5 399.2 398.1 396.4 397.3 397.7 397.7 397.3 396.3 395.6 394.4 393.3 391.5 389.5 388 386 383.8 381.5 379.6 377.7
304.2 305.1 304 300.6 300 305.2 309.4 317.7 322.7 327.5 333.2 337.3 335 341.5 350.6 354.9 358.4 360.2 357.9 357.5 362.6 361.1 360.6 361.9 366.2 367.6 369.6 369.7 371.3 373.9 374.8 376.6 377.7 378.9 377.5 373.9 377.6 380 381.6 382.7 382.2 380.5 377.6 366.2 368.4 378.2 383.8 387 389.4 391.1 393.3 395.3 397.6 400 401.3 402 402.3 402 400.8 399.2 398.2 399 399.7 398.9 398.6 397.1 396.9 396.7 395.6 394.7 392.7 391.1 389.3 387.2 386 383.5 381.5 377.9
307.4 308.4 308.9 310.3 311.9 314.5 317.1 321.4 326.2 331.5 337.1 341.8 347.5 352.8 358.1 362.3 364.6 367 368.7 369.4 369.9 370.2 371.6 372.3 373.3 373.6 374 374.1 373.8 374.8 375.7 376 375.4 375.8 374.8 370.2 373.1 375 376.4 376.8 376.9 375.8 370.6 361.3 372.3 379.8 383.4 387.5 390 391.9 394.1 396.9 398.9 400.4 401.5 402.1 401.9 402.6 402.2 400.3 400.6 400.7 400.8 400.3 399.4 398 397.1 398.2 397.2 395.7 393.9 391.5 389.3 389.3 387.5 385.3 382.4 375.7
309.9 310.9 311.6 313.2 314.8 316.7 319.7 323.3 328.1 333.6 339.6 345.6 351.1 356.3 361.3 364.7 367.7 370.1 371.2 372.7 373.9 375.2 375.7 375.6 375.4 376.2 376.6 376.3 375.7 376.1 375.4 375.4 375.4 374.7 373.1 366.9 366.6 368.7 369.5 369.1 368.8 367.5 360.1 360.8 369.3 377.6 381.7 385.8 388.7 391.3 393.7 396.5 399 400.3 400.9 402.4 402.4 402.2 402.9 402.3 401.7 401.9 401.7 401.1 399.9 398.9 398.9 398.5 397.9 396.5 393.3 392 390.3 389.1 387.7 385.8 381 371.1
310.7 312.1 313.3 315.6 317.5 320 322.5 326.8 331.7 337.8 344 349.7 354.6 359.2 364.1 367.6 370.2 372.6 373.9 375.8 376.8 377.2 377.2 376.9 376.9 376.9 376.9 376.6 376.3 376.2 375.4 375.4 375.4 375.1 372.6 368.7 363.1 360.7 362 363 360.6 353.7 360 367.6 373.2 376.9 380.7 384.3 388 391.8 394.5 396.2 398.4 400.8 401.3 402.4 402.9 402.3 402 402.6 402.1 402.3 402 401.9 401 400.1 399.2 399.3 398.2 395.9 394.6 392.7 390.8 388.8 386.7 384.6 375.9 381.9
310.9 312.8 315.9 318.8 321.2 324 326.8 331.7 337.4 343.4 348.5 353.3 356.8 361.1 365.6 368.9 371.3 373.7 375.9 376.7 377.5 377.8 377.9 377.8 377.7 376.9 377.1 377 376.6 376.3 376 375.6 376.5 374.9 372.6 370.1 366.9 364.7 359.9 352.7 351.2 355.6 363.5 369.8 374.3 378 381.3 384.8 389.4 392.4 394.5 396.8 398.7 400.1 401.8 402.6 402.3 402.1 403.2 403 402.8 403.5 403.3 402.7 401.9 401.1 400.1 399.1 398.2 396.6 395.2 393.4 391.5 388.5 385.8 380.9 382.6 385.8
311.6 315.2 319 321.9 325 327.9 331.6 337.2 342.5 347 351.2 354.4 357.6 361.7 366 369.2 372 374.4 375.6 376.5 377.2 377.6 377.8 377.2 377.1 377.3 377.4 377.3 376.9 376.5 376 376.3 375.7 374.5 372.4 370.3 368.7 367.4 365.9 361.9 350.9 353.6 364.1 370.4 375 378.3 381.9 385.1 390.1 393.9 396.3 398.4 400.1 401.4 402.8 401.6 401.7 403.1 402 402.8 403.8 404.1 404.1 403.7 402.7 401.8 401 399.3 398.4 397.1 395.3 393.6 391.2 388.1 383.5 381.4 385.8 387.6
313 315.6 319.4 322.9 326.7 330.7 335.1 340 344.4 348.7 352.1 355.3 358.1 361.8 365.7 368.4 371.6 373.6 374.8 375.7 376.3 376.7 376.2 376.1 376.2 376.3 376.7 377 376.7 376.1 375.7 375.9 374.7 373.5 371.9 370.3 369.1 368.1 367 363.7 352.8 350.1 362.8 370.5 375.7 378.2 382.5 385.9 390.6 393.9 397.2 399.8 401 401.8 401.6 403.1 402.1 403.4 403.7 404.2 404 404.7 404.3 404 403.2 402.4 401 399.6 398.6 396.9 394.8 392.9 389.8 387 384.4 385.4 387.6 388.7
312.9 315.2 318.3 322.7 326.9 331.5 337 341.4 345 348 352.3 356.1 359.9 362 364.4 367.4 370.7 372.4 373.4 374.7 375.2 375.4 375.2 375.1 374.6 375.1 375.5 375.7 375.5 375.4 375.1 374.5 373.8 372.5 371.1 369.7 368.5 367.8 366.5 363.3 352.2 347.1 362.3 370.5 375.6 379.2 383.4 386.4 390.3 394.2 397.6 400.2 401 402.1 402.6 402.2 403 403.6 403.6 403.9 404.6 404.4 404.6 404.3 403.8 401.9 399.8 398.8 397.6 395.8 393.2 390.8 389.4 387.9 388.2 388.4 388.5 388.8
313.7 315.8 318.4 321.8 326.2 330.8 335.5 341.3 344.5 347.8 352.7 356.2 360.5 363.1 364.9 366.5 368.8 370.3 371.4 372.6 373.3 373.7 374.1 374 373.4 373.5 374.7 374.3 374.1 373.9 373.3 372.5 372.1 370.8 369.9 368.8 367.4 366.3 364.2 356.8 342.3 349.7 362.9 370.1 374.9 379.1 382.4 385.6 389.2 392.9 396.4 398.8 400.3 401.5 400.8 402.6 402.9 403.3 403.2 403.9 404.6 405.3 405.2 404.7 403.4 401.9 400.5 399.1 397.6 394.8 394.3 392.1 390.9 389.4 389.8 389.7 389.2 388.6
313.6 316 317.8 320 324.1 328.4 334.7 340.9 344.1 347.2 351.6 356 360.8 363.4 365 366 366.5 367.2 368.4 369.7 370.8 371.7 372.6 372.8 372.2 372.9 373.2 372.8 372.6 372.4 372 371.1 370.6 369.7 368.2 367 365.7 364.1 360.5 344.6 340.3 355.5 362.7 368.6 373.4 377.6 381 384 387.7 391.5 394.6 397.1 399.2 401.1 401.8 402.3 403.5 403.2 403.3 403.7 405.5 404.8 405.4 404.3 403.7 401.7 401.4 399.9 399.1 397.3 396.2 395 393.7 391.8 390.9 389.9 389.3 388.5
312.9 315.6 317.5 319.7 323 327 333.9 339.6 343.6 346.2 349.3 354.4 360 362.2 364 364.1 364.1 364.5 365.6 367 368.9 370 370.8 371.6 370.3 371.3 371.5 371.3 371.1 370.9 370.1 369.7 369 368 366.2 365.3 363.8 361.7 356 338.9 342.8 356.4 362.1 365.8 370.4 375.6 378.7 382.8 386.5 389.9 392.8 394.7 397.9 400.2 400.7 402.3 402.7 403.6 403.7 404.2 405.7 404.8 405.5 404.7 404.3 402.7 402.3 401.4 400.6 398.7 397.7 396.7 394.5 393.4 392.1 391.3 390.1 388.7
313.1 315 317.3 318.8 321.6 325.2 332.5 338.3 342.5 344.7 347 350.5 355.2 359 360.1 360.2 361.3 362 363 364.8 366.9 368.6 369.6 370.3 370.4 369.9 369.5 369.7 369.5 369 368.1 367.1 366.6 365.5 364 363.3 362.2 360 353.9 334.3 339.2 353.8 359.2 362.3 365.8 370.8 374.4 378.9 383.5 387.7 391.1 393.7 396.4 398.5 401.1 402.3 402.6 403.1 404.4 404.4 405.1 405.7 406.2 405.6 405 404 403.2 402.1 400.8 398.6 398.2 397.1 395.4 393.3 392.5 391.4 390 388.6
313 315.2 317.1 318.5 320.1 323.8 330.3 336.7 340 341.9 343.9 347.4 350.9 353.7 355.2 356.5 357.8 358.3 360.5 361.8 364.4 366.8 368 368.4 368.5 367.9 367.1 368.1 367.9 367.2 366.2 365.3 364.1 362.4 361.4 360.3 359.1 357.7 354.8 339.2 337.9 351.8 356 359.9 363.7 366.3 369.8 374.6 379.8 385.3 389.8 392.4 395.2 397.9 399.9 401.6 402.9 403.8 404.3 403.6 405.5 405.6 406.4 406.5 406.4 405.5 404.3 402.7 400.6 398.2 398.4 396.7 395 392.9 391.6 390.5 390 388.6
312.2 315.1 316.9 317.9 318.8 322 327.7 334 336.7 338.9 340.7 343.6 347.1 349.7 351.7 352.3 352.9 352.9 355.2 357.6 361.5 363.8 365.2 365.9 365.6 364.2 364.7 366 365.9 364.8 363.5 361.8 360 359 357.8 354.3 354.2 353.9 353.5 341.6 331.9 350.5 355.3 358.1 359.5 360.7 366.3 370.7 376.1 382.4 388 392 395.1 396.8 398.5 400.5 402.2 403.5 403.9 404.5 405.2 406 406.7 407 406.9 405.8 404.6 403.1 400.3 399.7 398.1 396.7 394.3 392.3 391.5 390.5 389.3 388.4
310.5 314 315.1 316 317.4 319.7 325.3 330.6 333.5 335.9 337 339.1 342.7 346 348.2 348.3 348.5 348 350.6 353.6 357.5 360.3 361.9 362.6 361.9 361.4 362.5 363.9 364.1 362.8 361.2 358.3 356.5 354.8 351.8 349.1 349.1 348.7 349.1 344.6 323.2 346.4 351.8 351.1 347.6 349.1 359.3 367.8 373.3 379.2 385.7 391.2 394.4 395.9 398.5 400 402.4 403 403.8 404.4 405.1 406.9 407 406.8 407.1 406.1 404.8 403.1 401.1 399.8 399 397.5 395.1 393.9 391.5 390 389.2 388.8
308.5 312 313 314.5 315.9 317.4 321.9 327.4 330.4 332.4 333 333.7 336.8 339.9 343.2 343.7 343.6 342.8 346 350 353.1 356.1 357.3 358.5 358.4 359.3 360.8 361.8 361.1 359.8 358.7 356.4 352.2 350.1 347.7 344.3 343.2 342.8 343.4 338.5 320.3 339.3 342.6 340.3 353.9 361.6 364.5 368.5 373.3 379.4 385.6 390.6 394.3 397.7 399.8 401.4 402 403.7 404.2 404.9 405.5 406.9 407.6 406.8 406.9 405.7 404.2 402.2 401.5 401.2 399.9 398.6 396.9 395.2 393.4 390.8 390.2 389.4
306.6 310 311.6 313.1 314.3 315.6 318.1 323.4 326.7 328.1 328.2 328.2 329.6 332 335.4 337.4 334.6 337 342.7 345.1 349.5 352.6 354.4 356 357.2 357.8 358.5 358.9 358.2 357.2 356.1 354.2 349.8 344 343.6 341.9 337.3 335 336.5 319.9 320 327.6 338.2 353.3 361.2 365 366.9 370.3 373.4 378 384.7 390 394 397.3 399.6 400.9 402.3 403.6 404.8 405 405.7 407.1 407.8 407.1 406.6 406.1 404.3 403.1 402.6 401.8 400.6 399.1 397.4 395.9 394.4 392.5 390.9 390.6
305.6 308.3 310.4 311.6 312.8 313.1 315 319.5 322.4 324 323.8 323.8 323.5 324 326.5 329.7 328.7 338.2 344.6 348.3 350.1 351.7 354.1 355.8 356.9 356.8 356.1 356.5 355.8 355 354.2 352.4 348.9 344.8 341.3 334.8 330.6 324.9 322 312.5 331.8 338.9 349.8 356.4 361.2 365.1 368.1 370.7 373.5 377.9 383.4 388.2 392.2 395.4 398.2 399.7 401 402.5 403.8 404.5 405.2 406.9 407.4 407.4 406.7 405.6 404.1 402.8 402.5 401.8 400.9 399.1 397.4 395.6 394.3 393.2 391.9 390.7
304 306.9 308.2 309.2 310.1 311.1 312.5 315.6 318.8 320.3 319.9 319.5 319.2 320.1 321.8 322.4 330.8 337.5 343.7 348.8 350.9 353.5 355.5 356.9 357.4 357.1 355.3 353.9 353 352.9 352.9 352 350.1 346.3 342.9 338 332.5 320.7 311 321.1 336.6 342.3 349.4 355 359.4 363.8 366.8 369.9 373.6 377.5 381.9 386.3 390.3 393.3 395.6 397.7 399.3 400.6 401.5 402.8 404 405.8 406.3 406.7 405.9 405 403.4 403.1 402.9 402.1 400.7 399.1 397 394.9 394.2 393.7 392 390.4
301.8 304.2 305.9 307.1 307 307.1 308 311 314.7 316.2 316.8 316.3 316.1 317.1 318.1 319.3 330.4 337.9 343.6 349.7 352.5 354.8 357 358.4 357.9 356.6 354.9 352.4 346.9 347.8 350.5 350.6 348.7 345.6 341.5 337.6 333.4 324.2 306.8 325 333.8 340.4 346.8 352.1 356.5 360.8 364.7 368.4 372 376.2 380.5 384.5 388.1 391 393.2 395.1 396 397 398.9 400 402 404.7 405.2 405.6 404.9 404.2 403.9 403.5 402.7 401.4 399.8 398.3 396.3 394.5 393.8 392.8 391.7 389.8
301.1 302.3 303.3 303.2 303.3 303.1 304 305.9 310.1 311.7 312.3 312.1 312.2 312.9 314.5 320.3 331.1 338 343.9 349.5 353.6 355.6 357.4 358.8 359.4 356.8 354.9 352.2 347.7 340.8 345 346.7 345.2 342.8 339.1 334.6 329.7 316.2 304.3 323.4 331.3 338.3 343.3 348.2 352.7 357.6 362.4 366.3 370.1 373.5 377.7 381.7 385.6 388.4 390.3 391 391.9 393 394.5 397.5 399.5 401.9 404 404.3 404 403.3 402.3 402.1 401.4 400.2 398.3 396.7 394.5 393 392.3 391.4 390.5 388.8
