public/OST50/NC93.asc
ncols 200
nrows 200
xllcorner 290000
yllcorner 930000
cellsize 50
[rows 0 to 34 of 200, columns 78 to 155 of 200]
300.9 299.3 297.4 293.9 289.7 287.2 284.3 279.5 276.2 274.7 271.9 271.8 269.8 270.3 270.8 270.5 265.9 261.3 258.4 266.7 272.1 273.5 270.9 268.6 267.6 264.7 259.4 254.6 246.8 239.1 233.7 225.4 224.9 222.1 220.5 217 213.3 210.6 208.5 205.6 202 202.6 199.5 202.5 202.6 203.2 202.8 201 202.1 206.3 208.2 210.7 213.3 215.4 217.1 218.6 219.5 219.5 220 221 221.8 221.8 220.8 219.7 218.6 217.4 216.9 216.5 216 215.8 214.2 211.3 208.8 206.6 204.1 202.7 202 201.4
302.9 301.7 299.7 296.3 292 289 286.3 282 281.2 279.5 278.5 281.1 279.6 280.1 279 276.6 272.8 268.3 261 266.7 272.1 274.4 272.5 269.3 267.3 264.3 259.3 253.5 245.6 236.9 228.9 232.1 228.7 226.1 223.8 220.8 216.9 213.7 210.9 207.2 205.8 204.9 201 202.9 204.2 204.8 204.7 203.9 201.2 206.6 208.3 211.2 214.2 216.1 217.6 218.6 219.2 219.8 220.8 222.4 224 224.7 223.7 222.5 221.2 220.2 219.3 218.6 218.4 217.9 216.7 215.2 211.6 209.3 207.2 205.5 204 202.6
305.2 304.5 303.3 300.8 295.9 293 288.9 285.4 285.7 283.3 284.4 286.7 287.7 288.5 286.4 282.6 277.9 273.8 267.1 266.9 272.6 273.3 271.3 269.2 267.7 265.2 259.6 251.9 240.2 240.2 238.7 235.3 232.2 230.5 228.3 225.4 221.9 216.1 213.7 209.8 208.9 206 203 201.8 204.4 205.6 205.5 205.8 202.7 206.2 209.1 210.9 213.9 216.4 217.4 217.9 218.1 219.3 221.8 223 224 224.9 225.7 225 223.4 222.4 221.5 221.1 221 220.7 219.2 217.4 214.8 212.4 210.5 208.8 207.4 204.8
312.4 310.7 308.5 306.3 300.3 296 292.5 294.5 294.7 293.1 291.2 293.8 295.6 295.8 293 287.7 281.3 276.1 270.9 266.8 271.1 271.4 269.4 267.5 266.1 261.7 252.7 244.3 250.1 248.4 244.1 240.6 237.5 234.4 232.3 229 225.1 219.2 215.5 213.6 211.1 208.3 206.3 205.6 205.3 207.2 207.5 207.5 207.5 204.3 208.5 211.1 213.8 215.5 216.3 216.4 216.9 218.5 221 222.7 224.2 225.3 226 226.3 225.4 224.6 223.7 223.5 223.1 222.6 221.5 219.7 217.5 215.6 213.8 212 209.5 206.4
322.3 322.6 321.1 314.6 307.1 303.1 299.4 303.7 303.8 303.2 301.2 300.8 301.5 300.2 296.2 289.8 282.2 275.8 271.7 269 270.5 269.2 266.9 264 257.6 259.3 258.7 257.4 257.4 254.4 250.3 245.7 242.2 239.4 236 231 226.6 221.1 219.3 216.1 214 210.5 208.8 208.4 206 208.8 209 209.1 209.2 207.8 206.2 209.5 212 213.4 214.7 215.1 215.8 217.4 219.8 221.5 223.2 225.2 226.1 226.3 226.4 226 225.9 225.3 224.8 224.2 223.2 221.4 219.9 218.2 216.3 213.8 210.9 208.1
330 330.8 330.3 327.1 320.1 315.3 313.7 311.9 310.4 309.5 308 305.5 304 301.6 297 290.3 282.1 275 272.4 269.4 270.8 268.7 266.7 264 264.8 265.8 264.9 265.4 264.6 260.4 256.1 251 247.1 242.4 237.8 232.6 229.5 226.9 223.5 218.1 214.8 212.6 211.1 208.9 208.9 210 210.2 210.2 210.3 209.7 208.8 207.3 209.4 210.4 213.3 214 215.3 216.2 218.2 219.8 221.4 224.3 225.4 225.9 226.4 226.6 226.8 226.6 226.3 225.7 224.6 222.9 221.9 220.3 218.2 215.6 212.1 209.5
334.6 336 336.1 334.3 332.3 330.3 324.6 319.2 315.8 314.8 312.8 309.3 306.6 303.2 297.1 290.4 282 275.1 274 273.2 271.3 270.3 269.3 267.4 267.4 268 269 269.7 268.3 264.8 259.9 255 249.6 242.3 240.2 236.8 234 231.3 228 220.7 217.9 215.1 212.6 210.4 210.7 211.2 211 211.3 211.3 211 210.6 210.5 207.1 207.7 210.4 213.2 214.6 215 216.6 217.8 219.5 222.3 223.9 225 225.6 226.3 226.8 227.3 226.7 226.2 225.5 224.4 223.4 222.2 219.4 216.3 213.2 210.9
337.1 339.4 340.5 340.9 341 338.9 332.3 325.6 322.1 320.2 317 312.5 308.9 303.8 297.2 289.9 283.5 276.5 275.1 274.3 273.2 272.8 272.6 270.9 270.7 271.5 272.7 271.6 269.6 267.2 263.2 257.6 251.9 246.6 243.9 240.6 238.8 234.4 227.5 223.8 220.6 217.2 215.4 212.7 212.4 212.3 211.3 212.5 212.7 212.7 212.4 212.6 212.4 210.4 207.8 209.4 210.3 214.2 215.8 216.9 217.9 220.3 222.1 223.2 224.4 225.3 225.9 226.5 227 226.3 225.7 225.1 224.3 223.1 220.9 217 214.1 212.1
339 342.4 344 346.3 346.9 343.9 337.7 331.7 328.8 325.5 320.9 315.1 310.2 304.2 296.9 289.4 285.5 283.2 279.2 280 278.3 276 274.9 274.9 275.3 276.5 276.7 275.9 271.9 268.2 264.6 261.3 256.1 250.5 248 244.6 240.9 236.3 230.4 227.5 224.3 222.6 219.2 216.3 216 215.8 215.6 214 214.2 214.2 214.8 214.2 213.6 211.6 214.1 213.9 213.1 209.7 214.9 215.9 216.7 218.2 219.9 221.1 222.3 223.9 224.9 225.7 226.8 226.8 226.1 225.5 224.8 223.2 221.5 218.3 215.5 213.3
339.6 342.6 345.4 348.2 349.8 346.7 341.2 337.8 334.7 332.4 327 319.7 312.5 305.7 299.5 294.5 291.4 290.5 287.8 288.2 285.6 282 280.6 276.1 281.3 282.2 282.1 280 277.2 274.7 270.5 265.9 261.6 257.2 252.1 247.2 242.8 239 233 230.4 228.8 226.6 223.5 220.9 219.3 218.5 218.8 217.1 215.9 217.1 217.1 216.5 215.6 214.7 215.4 215.3 214.9 214.8 213.5 211.7 216.5 217 218 219.3 220.5 221.7 223.3 225.2 226.2 227.1 226.4 225.7 224.8 223.4 221.9 219.3 216.4 212.6
340.3 343.2 346 348 349.4 347.6 344.7 343.3 341.5 338.1 332.5 324.8 317.3 310.3 305.4 301.4 300 298.1 295.7 295 292.3 287.1 284 284.5 286.8 287.8 286.5 284.5 282.2 280.5 276.6 272.6 269.3 264.1 257.2 250.6 245.6 241.7 237 236.2 234.5 231.4 227.9 225.8 223.5 222.7 222.3 221.9 220.3 219.3 219.6 218 216.9 215.4 216.6 216.1 216.8 216.6 216 214.3 212.4 214.1 216.5 217.1 219 220.6 222.4 224.3 226.1 227.4 226.7 225.9 224.8 223.4 221.5 218.6 215.6 212.7
341.1 344 346.9 348 348 347.7 346.5 345.7 344.8 342.3 337.5 330.9 322.8 317.8 311.9 309.8 308.2 305.2 303.6 301.9 297.5 292.2 285.6 291.2 292.9 292.6 290.6 288.5 286.2 285.4 283.6 280.7 276.5 269.2 260.2 254 250.2 247.7 243.9 242.6 239.5 236.9 233 230.7 228.2 226.8 226 225.6 224.1 222.7 221.5 219.8 217.6 217.7 217.1 216.8 217.8 217.9 217.3 215.6 214.7 212.2 213.1 215.5 217.1 220 221.9 223.6 225.2 227.5 227 226 224.6 222.6 220.8 218.1 214.7 212.3
342.7 345.1 346.6 347.8 347.9 347.9 347.1 346.6 346 344.8 341.9 335.6 329.8 322.4 319.6 316.9 315.1 314.3 311.7 307.9 302.8 294.1 290.9 296.1 296.8 296 295.1 293.9 292.1 291.2 290.6 285.9 280.8 272.8 266.1 259.6 255.5 252.6 251.2 250.3 247 243 240.1 237.3 234.6 232.6 231 229.2 227.6 226.1 224 219.9 219.8 219.5 217.4 218.2 218.7 219.1 219 218.2 217.9 216.8 215 213.4 218.3 219.8 220.8 221.8 223.6 226.8 227 226.1 225.3 223.4 221.5 218.2 215.2 211.9
345.4 346.4 346.2 347.7 348.9 348.5 347.6 346.5 345.1 346.1 344.3 341.6 336.7 330.5 326.2 323 322.1 320.5 317.5 313.1 306.9 293.6 299.4 300 300.3 299.1 299.2 299.1 298.2 297.3 294.9 289.7 284.8 278.9 271.5 263.4 260 257.5 258.4 257.4 254.3 250.7 246.8 243.3 239.8 237.6 234.8 233.2 231.6 228.6 225.4 222.6 221.4 223.3 221.3 223 219.8 220.5 220.8 220.5 221.2 220 218.5 213.3 215.7 219.4 220.3 221.3 222.5 225.3 226.7 226.5 225.6 224.2 221.9 219.4 216 212.4
346 346.7 346.8 348.5 348 348.2 347.6 347.4 346.7 346 346.4 346 342.9 337.3 332.6 327.5 325.9 324.5 321.2 317.5 309 296.9 307.2 306.8 303.2 302.4 302.8 302.7 302.7 301.9 298.5 293.8 288.9 283.5 275.9 268 264.5 266.6 266 265.3 262.4 259.6 253.4 249.1 245.7 242.4 239 236.7 233.9 230.2 225.5 226.7 226.9 227.5 224.6 225.2 223.2 224 224.2 222.5 222.5 221.3 219.5 218.2 214.6 218.2 220.5 221.6 222.7 225 226.7 226.9 225.9 224.9 222.9 220.9 217.6 214.6
345.9 347.3 348.4 349.4 350.2 349.6 348.5 348.1 346.6 347.1 348.3 348 346.8 343.6 339.6 333.4 328.8 327 323.9 319.5 307.2 306.3 312.8 312.6 309.8 305.7 305.7 306.2 305.9 304.1 301 296.6 292.3 287.5 280.6 270.7 275.7 276.8 276.4 272.3 270.1 266.8 260.3 254.3 250.1 246.7 242.5 239.5 235.6 231.3 229.9 230.1 229.7 229.6 228.6 228.6 228.1 226.7 226.4 224.6 223.5 222.6 220.5 219.1 214.5 220.4 221.1 222 222.9 225.6 226.9 227.2 226.4 224.6 223.3 220.8 218.2 213.5
347.7 349.1 350.8 351.7 352.2 351.9 351.1 349 347.3 348.8 350.6 351.7 350.9 348.9 345.7 339.1 333.7 330.4 327.5 321.5 306.3 314.5 316.9 317.1 316.8 313.4 310.8 309.7 308.3 305.3 302.7 299.4 295.1 291.3 283.6 283 286.1 286.6 284.3 281 278 272.8 265.3 259.4 254.6 251.5 245.7 238.7 234.6 235 234.9 234.7 234.8 232.6 232.6 233.8 231.3 230.4 229.5 226.9 224.1 222.6 221.2 215.9 214.9 221.1 221.4 222.4 223.4 226.2 227.2 227.1 226 224.4 222.8 220.4 217.9 213.9
349 351.1 352.7 354 354.8 354.8 353.5 352.1 351 352.8 354.6 355.9 354.9 353.7 350 345.6 339.9 334.9 330.4 321.6 308.7 319.9 325 324.4 322.3 319.9 317.2 313.7 309.7 307.7 304.9 301.4 297 292 283.3 291.8 293.8 293.5 290.7 287.6 284.5 277.9 269.9 263.2 256.1 252.8 247.3 242.1 239.5 240.7 241 239.8 239 237.4 236.9 237.3 235.6 233 231.8 229.5 227 222.9 221.4 216.4 218.2 219.8 221.9 222.7 224.4 226.2 227 226.5 226 225 223.8 221.3 217.5 214
350.2 352.8 354.6 356 357 356.9 356.6 355.3 355.9 356.9 358.1 358.8 358.7 357.7 355.7 351.5 347 341.3 335 320.9 317.1 329.7 332.3 329.8 326.5 324.3 322.1 319.3 315.6 312.1 307.5 303.3 299.1 293.8 291.1 297.4 299.7 298.7 294.9 292.3 287.3 280.7 272.9 265.6 260.4 256 251.6 244.8 246.6 248.3 247 244.2 242.4 241.3 240.3 240.8 238.7 237.2 235.3 233 229.9 224.9 220.7 221.6 220.6 218.3 221.9 223.9 225.2 225.8 225.7 224.7 225.4 225.6 223.6 219.3 216.6 213.6
350.5 353.5 355.4 357.3 358 358.5 358.3 358.1 358.5 359.1 360.3 361.4 361.6 360.8 359.6 357 351.6 345 336.8 318.5 327.9 336.2 336.1 333.7 330.7 328.1 326 322.9 320.5 318.2 312.6 308 304.3 298.2 298.8 301.7 303.5 302.5 298.3 294.2 288.1 283.4 276.3 269.2 263.1 259.3 256 251.2 252.5 253 252.2 249.6 245.9 244.7 244.2 243.5 241.1 239 237.3 235.4 231.4 226.8 223.4 223.5 223.2 221.5 222.1 224.2 225.4 225.3 224.7 223.9 223.6 223.3 221.5 218.2 215 213.8
349.5 354.4 356.7 358 358.9 359.8 358.9 360.1 360.5 360.7 361.5 362.8 363.8 362.8 361.7 358.7 352.8 345 331.2 329.8 338.5 339.5 338.9 336.4 333.4 331.9 330.4 327 324.8 322.5 318 313.5 308.5 299.5 305.4 307 306.7 304.9 301 296.5 292 287.4 279.6 273 267.9 263.3 258.7 258.8 258.2 257.5 256.6 253.5 249.9 248 246.9 245.5 243.4 240.8 238.8 236.8 233.9 230.1 226.1 225.1 224.8 224.8 219.7 222.9 225.5 225.2 224.6 224.6 225.1 225.2 223.1 222.1 219.9 218.8
349.7 354.6 357.5 358.6 359.3 359.2 358.8 358.8 360.6 360 361.6 363.6 364.3 363.7 362.4 358.6 350.3 343.8 328.1 341.8 344.6 343.5 341.3 338.4 335 333.4 331.9 329.5 327.7 325.3 320.9 315.2 309 308.8 310.8 310.4 309.1 307.5 303.7 299.3 295 290.1 283 278.5 272.9 269.6 266.5 265.4 264.4 263.2 260.4 256.5 252.9 251 249.3 247.3 245.1 242.9 240.8 238.8 235.5 233.1 229.5 227.7 226.6 225.3 222.4 222 225.6 225.4 225.8 226.3 227.8 227.5 225.8 223.3 221.8 220.3
349.7 353.9 357.1 359.1 359 359.1 359.8 359.6 358.8 358.8 359.4 363.6 364 363.5 362.1 355.8 349.2 344.8 332.6 346.7 350 350.1 344.4 340 336.6 334.6 333 331.2 328.9 326.6 321.8 316.9 312.2 315.5 315.7 314.8 313 311.4 307 302.3 298.3 293.9 288.9 284.3 279.2 275.5 273.1 271.3 269.6 267.3 263.8 259.9 256.7 254.8 253 250.3 247.1 244.9 242.6 240.5 237.8 234.8 230.9 229.4 228 226.4 223.4 221.4 225.5 226.4 227 229.3 229.7 228.6 227 224.4 223 221.5
348.4 352.4 356.5 358.9 358.6 358.4 359.7 359.6 359.2 358.9 359.1 364.2 364 362.6 360.2 356.1 351.9 346.5 340.1 349.2 352.2 353.1 348.9 342.1 336.5 334.9 333 330.6 328.3 325.6 321.1 317.2 317.3 318.3 318.9 317.9 316.6 315.2 309.9 305 301.2 299.1 294.8 290.5 284.3 280.7 278.7 276.9 274.2 271.1 267.2 263.8 260.7 258.4 256.6 252.6 249.2 246.4 244.3 241.8 238.4 234.3 231.3 230.3 229 227.7 226.4 221 225.3 226.8 229 231.1 230.4 229.3 227.8 225.7 224.7 223
347 350.9 354.7 356.7 357.6 359 359.6 360.2 360.2 360.5 359.5 363 361.1 359.5 359 356.5 352.3 350.5 351.1 351.5 353.7 354.2 351.1 344.7 338.7 335.2 332.5 330.1 327.4 324.3 320.2 319.9 320.3 320.1 320.3 319.5 318 316.3 311.9 307.4 304 302.1 298.9 295.3 289.4 286.9 284.3 281.3 278.6 274.8 270.7 266.7 263.9 261.3 257.8 254.4 251.1 248.5 245.3 241.7 238.1 233.4 231.9 230.8 229.7 228.5 227.3 224.8 222.6 227.6 230.6 232 230.9 229.8 228.6 227 226 224.9
347 350.2 353.7 356.7 357.4 358.3 359.7 360.2 359.9 360.3 359.1 358.6 358.4 358.9 358.4 356.3 352.9 354.7 354.7 354.2 355.3 355.2 353.9 348.5 341.1 335.7 331.7 328.1 327.4 324.2 322.3 321.8 322.1 321.8 321.7 321 319.3 317.6 313.1 308.6 306.7 304.8 302.3 297.8 294.5 292.2 289.6 286.2 282.4 278.3 274 269.5 266.1 263.3 260.3 256.9 253.2 249 245.2 241.4 237.4 233.5 232.4 231.2 230.3 229.2 227.9 226.9 223.1 229 231.5 231.5 231.4 230.3 229.4 229.3 228.9 227.7
347.4 349.5 352.7 356.6 358.3 359.2 359.7 360.1 360 360.3 361 359.5 361 361.2 360 357.5 354.3 357.2 357.5 357.2 356.4 356.5 356.2 352.1 344.8 337.5 331.5 330.2 329.2 328.5 327.1 325.8 324.1 323.1 322.2 321.8 319.9 318.8 314.6 311.1 309.1 307 304.8 302.7 299.2 295.9 292.7 288.8 285.1 280.6 275.5 270.9 268.5 266 262 257.9 253.9 248.7 244.9 241 236.4 233.9 232.2 231.6 230.4 229.2 228.2 225.9 225.1 229.4 231.2 231.5 231.6 231.8 232.4 232 231.9 230.8
345.9 351.3 353.5 356.8 358.9 359.8 360.3 360.7 360.7 361.3 361.6 361.5 362.1 361.8 361.2 359.4 356.3 359.1 359.1 359.2 359.1 358.6 358.8 355.2 349.2 340.3 332.4 330.5 330.4 329.9 330 328.9 326.3 324.6 323.1 322.2 321.4 320.1 315.7 312.8 311.3 309.4 307.7 306 303.4 299.9 296.8 291.9 286.1 281.2 276.9 273.3 270.6 267.6 263.2 258.7 254.1 249.4 245.3 241.5 236.1 234.1 232.4 231 230.8 229.6 227.9 225.7 229.5 230.5 231.1 231.8 232.8 234 236.2 237.3 236.5 236.1
349.4 351.3 354.4 357.5 359.6 360.1 360.8 360.8 360.9 361.4 362 362.5 363.1 363.4 361.9 360.6 357.9 360.8 361.3 361.3 361.4 362.1 361.9 358.4 352.2 344.6 335.3 331.8 330.7 330.6 331.2 330.6 329.1 326.8 324.9 323.2 322.6 319.7 316.2 314.6 312.8 311.2 309.7 308.4 307.1 304.4 300.7 293.2 286.7 282.2 278.2 274.9 272.2 268.7 263.9 259.4 255 250.4 246.2 240.5 236.4 234.6 233.5 232 231 226.4 227 225.6 230.2 231 231.6 232.1 233.4 237.6 241.5 242.6 241.9 240.4
352.3 352.9 355.9 358.5 360.5 361.3 361.8 362 361.8 361.9 362.9 362.6 363.8 364.2 362.3 360.4 360.8 362.5 363 363.4 363.7 364.7 364.2 361 355.1 347.3 340.2 335.1 332.8 332.4 332.6 331.9 330.3 328.2 326 324.3 322.7 320.5 317.3 315.3 313.9 312.4 311.1 309.9 308.5 305.7 302.2 293 287 283 279.3 275.9 272.6 268.4 263.7 259.1 254.6 250.3 246.1 240.5 236.8 235.4 234.1 232.3 228.6 228.8 229 229.7 230.4 231 232.3 233.3 237.9 243.9 247.8 248.6 249.8 249.1
352.1 354.3 355.8 358.5 361.3 362.2 362.9 363.1 363.5 363.6 363.8 363.1 363.8 363.8 362.7 360.9 361.5 363.1 362.8 362.9 363.2 363.6 364.4 362.2 357 351 343.8 337.8 334.5 333.3 332.7 332.2 331.3 328.6 325.6 323.1 322.2 320.6 317.6 315.7 314.2 312.9 311.5 310.1 308.2 304.3 298.9 291 285.9 282.1 279.3 276.3 271.7 266.6 262.6 258 254 249.6 244.7 239.5 236.9 235.6 234.2 232.1 229.5 228.9 231.1 231.1 231.9 232.3 233.4 235.5 242 247.9 254.2 257.1 257.6 260.1
354.2 357 356.9 359.4 361.3 361.9 363 364 364.5 364.7 363.8 363.7 363.3 363.2 361.6 363.2 363.1 362.7 362.6 362.6 362.5 361.9 363.4 362.4 358.9 353.2 346.5 339.5 335.6 334.2 333.1 331.4 329.7 329.1 326.2 324.6 322 320.1 316.7 314.2 313.6 312.6 311.3 309.1 306.3 302 296 288.5 284.7 280.4 277.5 274.4 269.3 264.5 260.2 256.2 252.6 247.6 243.3 240 237.4 235.4 234 231.4 232.1 232.4 232.8 232.1 233.1 233.7 236.1 239.3 245.3 252.6 259.6 262.9 265.2 266
356.4 358.6 358.8 358.3 360.7 361.8 362.8 364.7 365.2 364.9 364.7 364.5 364.1 362.7 363.4 363.3 363.2 363.2 362.9 362.8 362.3 361.5 362.7 362.2 359.9 354.2 348 342.6 337 335.3 334.2 332.8 331 328.5 325.7 324 322.2 319.7 316.4 312.9 312.3 310.9 309.5 307.6 304.1 299.1 293.2 287.1 282.6 277.3 273.5 269.6 264.5 259.9 256 252.1 248.4 245.5 242.6 239.4 235.1 233 232.3 231.9 234.4 233.4 233.6 234.1 234.8 235.9 238.2 241.8 248.1 255.7 262.4 266.9 269.7 269.3
355.4 359.5 359.7 359.7 360.6 362.1 363 364.3 365.7 364.6 365 364.6 364.2 363.5 364.3 363.7 363.5 364 364.6 363.5 361.9 362.1 361.5 361.6 359.9 354.8 349 343.8 338.4 334.7 334.1 332.7 330.6 327.8 325.2 323.3 321.3 316.6 314.6 314.2 311 305.5 304.4 304.4 300.9 296.2 291 285.5 277.5 272 265.8 260.4 258 257.3 252.5 250.1 243.4 240.6 238 236.8 238 237.1 234 237.2 235.9 234.8 236.4 236 237 238.1 239.7 244.3 250.1 257.2 264 268.8 272.1 273
355.7 359.2 361.5 362.1 360.9 360.8 363 364.3 365.3 365.3 365 364.6 364.1 363.9 364.5 364.7 365.3 365.3 365 364.6 362.8 362.1 361.9 360.7 357.9 354.7 348.7 344.3 340.6 336.4 334 331.6 328.9 325.2 323.3 322.6 319.2 319.5 317.7 315.5 313.1 309.2 305.1 296 293.3 291.3 286.3 279.2 271.7 269.9 271.8 269.8 266.4 262.6 258.1 253.5 248 244 240.6 239.6 240 238.8 236.9 238.4 237.9 237.6 240.1 240.2 239.1 241.5 242.5 246.4 252.2 260.5 266 270.4 273.9 274.8
