public/OST50/ND01.asc
ncols 200
nrows 200
xllcorner 300000
yllcorner 910000
cellsize 50
[rows 74 to 110 of 200, columns 0 to 83 of 200]
290.3 287.4 281.6 283.6 279.3 275.6 269.4 261.6 254.3 246.9 240.4 232.2 224.3 219.3 216.3 211 209.1 207 205.4 203.9 204.2 206.1 212.1 219.7 231.1 246 259.9 259 250.2 229.4 201.6 167.2 134.8 111.2 85.7 58.7 33.7 20.1 6.1 6.4 4.4 12.2 15.4 16.1 16.6 22.1 27.5 28.2 40.8 59.7 78.7 111 124.3 137.8 149.7 160.3 168.1 173.5 176.4 182.6 184 179.1 174.3 172.9 167.6 162.8 157.5 151.8 146.5 141.7 138.7 134.3 126.9 113.7 102 89.5 76.1 63 50.8 48.1 42.6 36.9 32.5 35.5
278.9 277.8 275.6 278.8 277.4 273.8 271.3 265.4 256.7 252.6 250.7 245.5 241.7 233.9 230.4 226.9 223.8 220.2 218.5 216.5 214.8 215.9 220.2 227.1 240.8 255 260.6 257.4 249.7 239.5 209.6 173.2 142.5 118.9 94.9 67.4 43.4 25.5 7.1 5.8 4.4 10.2 15.3 15.4 16.5 21.4 25 27.4 33.1 50.7 63.9 87 109.1 122 142.1 157 165.7 174 177.4 182.4 183.5 182.2 174.1 169 169.2 164.7 158.1 153 146.5 140.3 134.7 128.5 121.9 109.8 97.6 86 73.7 62.7 50 46.1 40.2 35.5 28 31.2
264.8 269.1 269.4 276.8 276.4 272.4 272.5 268.2 262.7 260.7 260.6 260.4 252.5 247.2 243.6 238.7 235.8 232.6 229.1 227.2 224.8 224.9 227.2 235.1 250 259.3 263.3 260.5 252.6 239.4 219.1 183.6 153.5 129.4 103.5 76.4 53.5 35.4 23.4 8.7 4.4 7.2 12.4 14.9 16.3 19.8 24.9 26 30.9 40.6 51.8 70.7 93.8 108.1 132 150.6 161.1 175.5 178.3 180.9 181.5 178.7 174.1 168.9 166.8 164.4 157.2 153.1 146.5 143.1 135.2 126 117 105 94.4 83.7 69.5 61 49.7 44.6 38.6 34 28.9 26.2
253.3 258.5 262.5 265.5 270.9 268.5 268.6 269.3 268.3 269.6 269.2 265.1 260 253.9 248.1 244 240 235.5 232.8 232.9 232.7 231.2 232.9 243.3 254.4 261.9 263 260.7 256.8 236.1 222.2 201.2 169.4 141.4 111.9 85 60.6 41.9 28.2 20.7 5.8 3.5 8.3 14.7 16.2 20.4 21.3 25.6 27.5 35.1 43.2 58.2 77.5 95.1 117.7 140.9 152 175.5 179.3 181.5 179.2 175.4 172.2 167.1 162.6 161.8 159.1 155.3 149.9 147.8 142.6 134.1 125.1 114.3 98.2 83.1 69.6 55.7 49.1 37.6 34.4 27.1 22.6 20.1
243.4 247.5 254.5 260.3 262.1 266.6 270.5 272.8 273.3 273.4 270.8 266 261.2 256.8 252.3 249.6 246.9 241.6 233 232.6 235.3 234.5 233.2 246.7 255.9 261.3 263 258.5 250.4 238.4 231 217.4 186 155.8 121.9 93.3 69.2 51.8 33.3 26 16 8.4 2.9 6.6 15.6 19 19.7 26.7 26.3 29.3 37.1 47.6 60.2 82.1 96.9 124.3 140.4 160 173.3 179.1 180.2 175.2 172 165.8 163 162.1 159.7 156.7 153.3 149.7 143.6 138.5 129.6 119.2 108.1 88.4 71.9 59.1 50.4 42.7 37.1 18.7 9.7 5.7
237.6 242.3 249.7 255.9 261.2 266.3 270.1 273.2 275.2 276.2 272.6 268.6 268.3 263.5 260.5 254 248.9 241.6 235.1 231.5 230.4 228 230.5 240.7 252.8 259.4 260.1 253.8 246.7 238.3 231.6 225.4 200.2 167.6 132.9 102 79 61.9 41.6 30.4 20.7 13.8 9.2 2.5 11.9 17.9 19.9 23.6 25.9 26.1 28.2 39 50.8 67.9 82.9 99.1 123.5 135.4 153.8 168.7 177.7 175.3 171 168.2 164.6 162.2 159.2 157.5 158.5 156.6 151.2 143 130.6 119.4 105.7 92.8 79 63.2 51.2 42.7 33.6 11.7 6.5 1.3
232.4 237.1 244.7 255.7 261.2 266.6 269.7 273.7 275.1 276.2 275.8 274.2 272.3 265.5 263.8 254.7 249.1 240.3 231.8 228.7 223.9 213.5 220.2 232.9 241.3 248 250.4 247.2 239.7 238.7 230.1 225.4 208 179 144.9 109.8 87 71.4 48.5 36 27.9 16.2 12.1 5.7 1.9 16.9 18.4 21.2 24.2 27.3 25.2 29.5 35.4 48.2 65.6 82.1 101.8 118.4 140 163.2 169.2 170.3 171.9 169 163.7 156.7 153.8 152.5 150.3 150.7 144.2 137.3 128.5 118 106.1 92.3 79.4 65.4 54.2 46.7 28.5 9.7 -1.2 -1.2
225.4 233 242.6 252.9 261 266.5 270.7 274.8 275.7 277.2 279.5 278.5 275.7 267.6 261.7 253.4 247.6 239.9 229 223.1 214.7 202.3 206.1 218.7 224.8 230.5 237.1 233.5 230.9 230 226.7 220 207.3 183.4 149.6 117.3 91.9 74.3 61.2 41.2 32.2 24.3 14.9 9.6 3.4 13.8 17.7 17.8 20.7 25.8 26.1 25.1 26.3 31.2 45.5 65.9 82.4 101.3 122.6 151.5 166.7 165.8 166.2 166.4 159.6 150.6 142.4 142.1 137.8 134.8 134.4 126.1 120 111.6 96.8 85 74.3 60.9 52.8 47.6 35.7 10.6 0.9 -1.2
218.4 227.6 237.9 249.1 257.3 265 269.9 273.4 275.3 277.4 279.8 280.2 277 269.5 259.6 248.1 242.6 235.3 225.6 216.1 201.2 194.2 190.4 205.6 214.1 217.4 217.5 216.5 213.7 210.9 213.2 210.8 201.5 178 150.8 121.7 96.6 81.8 63.2 47.5 37.2 29 20.1 12.6 9 1.3 15.8 16.5 19 22.8 24 22.9 24.4 25.7 30.6 44.5 63.8 86.9 110.7 141.6 155 154.2 151.9 148.8 147.7 141.8 134 129.6 120.7 127.7 117 111.1 106.1 99.8 82 72.4 66.2 56.1 50.6 45.2 39.2 27.1 0.8 -1.2
198.9 217.7 230.8 243.5 252.6 262.4 270.7 278.1 277.4 275.1 278.4 280.6 277.9 270.7 257.2 245.3 234.6 226.2 219.7 212.5 199.4 189.1 182.9 195.7 204.8 208.8 213.1 208.9 206.4 206 205 200.8 191.9 172.3 150.7 130.3 103.1 85.4 72.1 55.8 43.4 33.5 24.7 17.4 11.9 7.6 1 8 17.6 18.4 21.9 20.8 22.5 24.9 26.1 29.9 45 75.6 104.8 126.7 135.6 138.7 139.7 136.3 128.2 125.7 121.5 113.6 107 105.1 107 96.9 87.3 80.3 71.9 61.9 55.4 54 44.2 41.1 36.9 23.3 1.3 -1.2
200.5 203.2 220.6 234.8 245.3 250.8 263.4 274.8 275.1 275.4 271.7 277.7 278.4 274.3 265.9 250.5 239.9 232.4 222.1 211.3 196.5 182.3 178.1 185.2 195.6 200.4 206.6 207 205.1 204.6 202.1 191.4 183.7 168.6 150.5 129.4 109.8 91.9 80.5 66.4 52.4 38.8 29.8 24.6 14.9 10.8 8.9 -1.2 -1.2 16.6 19.8 21.8 22.3 24 23.7 25 35.4 72.3 101 116.6 129.1 128.7 125.2 125.4 116.6 109.4 100 93.3 90.4 88.2 86.5 82.6 72.5 62.9 59.6 53.5 54.1 52.2 40.7 39.6 35.3 8.2 1 -1.2
207.6 190.1 204.2 222.8 232.2 239.4 250.2 260.4 268.5 266 262.5 263.7 269.3 269.3 265.7 254.8 241.5 235.9 226.6 214.7 205.3 185.3 174.6 177.7 184.7 191.4 198 201.2 202.2 199.8 193.8 183 176.2 168.3 148.9 130.4 116 100.4 89.4 77.4 61.8 46.6 33.5 23.7 20.5 13.1 9.4 7.7 -1.2 -1.2 14.6 19.7 21.7 21.5 23.1 23.6 27 55.7 89.9 103.2 111 115.8 112 98.6 94.5 88.6 85.1 78 75 71.5 69 65.7 54.2 50.6 51.3 50.4 46 41.8 37.8 34.5 22.9 4 0.3 -1.2
211.1 192.9 186.9 207.8 222.1 229.1 238.5 249 247.6 246.9 247 250.5 253.1 253.8 250.5 247 242.8 229.7 223.9 211.2 202.6 193.8 174.9 172.3 175.3 182.2 190.2 192.9 195.4 191.6 189.5 177.7 170.1 161.3 146.8 131.1 120.6 108.5 97.6 85.7 72 55.9 40.5 29.2 22.2 16.9 11.9 7.9 6 -1.2 -1.2 14.2 18.8 20.2 21.2 22 23.7 46.5 64.3 82.7 91.6 92.9 93.2 80.1 71.8 71 67.7 64.6 58.7 53 48.7 47.4 45.3 42.9 44.7 41.8 40.3 37.5 33.3 31.8 16.9 3.3 0.2 -1.2
208.8 192.7 179.8 191.1 207.3 221.5 224.3 230.3 235.9 230.8 234.3 239.9 246.2 247.1 241.9 238.6 235.1 225.7 219 209.7 204.1 192.4 178 169.3 169.9 172.6 181.5 186.3 186.7 183.7 180 170.1 162.2 153.9 143.5 130.5 122.2 115.9 104.1 92.8 79.7 65.9 48.3 35.9 25.8 21 14.7 10.6 6.6 5.9 -1.2 -1.2 14.8 16.3 18.7 20.5 22.6 34.3 43.7 56.5 68 69.8 68.8 67 60.5 52.7 51.5 48.8 49.4 44 41.7 37.8 29.2 26.4 27.4 38.6 36 33.9 19.4 14.7 8.4 1.7 0.7 -0.8
208.6 190.9 180 176.3 194.5 206.6 215.2 220.8 223.4 217.7 220.2 227 232.7 236.8 236.6 238.6 228.1 223.5 215.4 206.7 204.3 195.5 179.5 168.8 164.4 164.5 172 179 181.8 176.5 170.9 165.6 156.4 148.4 140.4 129.4 123.9 120 109.7 98.9 86.3 73.7 55.7 42.6 32.6 22.4 22.1 15 10.1 5.5 4.2 -1.2 9.6 14.4 15.3 18.2 21.5 26 31.5 39.6 43.1 54.5 51.6 52.2 47.3 42.9 41.2 36.1 30.2 26.9 25.9 24.7 24 23.6 23.7 26 17.9 8.2 5.2 3 1.9 0.6 -0.2 -1
206.9 187.5 176.1 164.8 181.7 197.8 202.7 210.4 210.3 205.4 202.9 208.9 219.6 220.7 224.3 230.1 224.2 218.2 209.5 202 200.7 193.3 182 170.1 162.8 158 162.5 170.3 173.5 170.1 163.4 158.5 151.7 143.5 136 126.5 122.4 119.3 112.3 101 89.3 76.1 63 49.4 39.3 30.9 23.1 22.5 14.8 8.4 4.1 -1.2 11.2 13.3 14.2 15.1 18.7 23.9 26.1 26.9 29.3 34.3 37.1 36.1 33.7 29.5 25.7 25.5 25.5 25.2 24.6 23.5 23.2 22.6 13.4 8 3.7 1.9 1.3 0.8 0.1 -1.2 -1.2 -1.2
205 185.3 172.1 162.6 171.6 185.5 189 191.1 192.5 193.1 190.1 192.8 203.4 212.7 222.7 222.6 219.9 213.9 207.5 198.4 190.2 187.4 181.8 173.3 162.4 155.9 150.5 160.9 165.1 164.1 159.3 154.8 146.9 140.5 131.5 124.9 119.3 117 112 101.6 91.5 79.9 67 55.7 44.5 35.4 28 21.1 21.2 13.7 4.9 -1.2 7.9 11.7 12.6 13.2 14.3 19.5 23.4 23.3 24.3 23.8 25.7 25.7 24.9 24.5 23.5 23.2 23.5 23.9 24 23.1 16 6.7 4.7 1.7 1.3 0.8 0.3 -1.2 -1.2 -1.2 -1.2 -1.2
204.4 184.5 172.1 162.6 162.2 175.8 182.2 179.9 181.1 182.5 181.7 183.1 188.1 198.8 213.1 217.5 220.2 212.4 206.1 193.2 183.1 180.3 177.3 173 165.5 153.6 144.4 150.8 157 157.7 155.4 151.4 144.2 136.9 128.5 121.9 115.7 112.5 109.7 100.5 90.3 81 71.1 59.6 47.6 37.9 31.3 26.6 22.2 21.7 11.2 -1.2 -1.2 10.3 12.1 12.6 13 15.1 18.4 22.5 22.9 23 22.8 22.9 23.2 23.1 23.4 22.7 22 22.3 23.5 10.7 5.3 2.8 1.1 0.1 0 -0.2 -1.2 -1.2 -1.2 -1.2 -1.2 -1.2
205.3 186.6 172.8 163.4 152.4 165.4 177 177.8 175.5 171.4 172.2 174.2 178.9 187.5 194.5 206.7 210.7 207.3 203.8 189.9 179.8 177.3 172.7 170.8 165.5 152.8 147.1 141.4 147 151.6 151.5 147.1 140 132 125.3 118.5 113 108.2 106.1 99.4 88.9 80.5 72.3 61.4 49.9 39.8 32.9 28 22.9 21.8 20 -1.2 -1.2 5.3 8.8 11.3 12.3 13 13.7 21.9 21.9 22.2 21.6 22 22.2 22.4 22.7 22.5 22.8 21.7 16.2 5.7 1.9 0.4 -0.5 -1.2 -1.2 -1.2 -1.2 -1.2 -1.2 -1.2 -1.2 -1.2
202.5 188.1 173.4 163.6 150.6 158.2 165.3 171.5 170.1 165 165.8 167.5 171.8 180.2 186.3 191.3 198.2 197.6 194.9 185.1 176.6 173.2 167.2 164.9 159.9 151.2 147.6 138.5 137.2 143.4 144.7 142.2 137.3 130 122.5 113.7 108 104.5 102.5 96.4 87 79.6 71.1 61.4 50.7 40.6 33.7 28.6 19.7 22.7 21.1 -1.2 -1.2 -1.2 4.2 7 11.3 11.7 12.2 13 20.4 22 22 21.4 21.8 21.9 21.9 21.5 21.8 19.6 5 1.7 -1.2 -1.2 -1.2 -1.2 -1.2 -1.2 -1.2 -1.2 -1.2 -1.2 -1.2 -1.2
202.4 190.2 177.8 165 155.8 145.3 155.3 159.7 161.8 159.8 157.5 159.7 164.6 172 179.8 185.6 184.7 186.8 188.6 178.9 172.5 169.6 162.7 157.6 153.9 148.1 144.1 137.8 132 136.8 142.9 138.8 133.3 126.6 119.5 111.3 104.5 101.9 98 94.2 86.7 79.6 69.6 60.5 49.9 40.3 34.2 28.9 20.6 22.8 21.9 19.9 -1.2 -1.2 -1.2 3.9 10.9 8.8 11 10.6 13.1 21.3 21.7 20.6 21 21 20.2 20.8 16.4 3.1 0.9 -1.2 -1.2 -1.2 -1.2 -1.2 -1.2 -1.2 -1.2 -1.2 -1.2 -1.2 -1.2 -1.2
207 196.6 181.9 169.8 158.5 142.8 143.2 149.7 151.7 150.8 150.1 149.4 154.4 162.5 171.6 182.7 180.2 176.7 180.7 174 172.7 166.6 165.7 156.9 150.1 147.1 143.5 138.4 128.3 128.5 136 135.1 130 123.4 117.5 108.2 99.9 97.3 93.5 91.2 83.6 77.9 68.9 58.1 48.6 39.9 33.9 28.6 19.6 22.5 22 21.6 19.5 -1.2 -1.2 -1.2 -1.2 4.6 4.6 5 4.7 9.3 20.3 20.6 20.8 20.4 18.5 10.9 3.6 0.8 -0.3 -1.2 -1.2 -1.2 -1.2 -1.2 -1.2 -1.2 -1.2 -1.2 -1.2 -1.2 -1.2 -1.2
211.1 199.6 188.3 176.6 166.1 154.1 139.7 132.9 140.4 141.7 141.4 143.3 147.8 153.6 161.5 169.6 173.7 167.9 166.9 167.6 166.1 164.5 166.9 161.4 151 148.6 144.7 141.3 130.6 118 126.9 130.9 126.8 120.6 111.1 101.6 94.6 91.6 89.5 87 81.2 74.9 66.6 56.2 47 39.3 33 27.2 17.5 21.9 22.2 22 19.4 15.9 -1.2 -1.2 -1.2 -1.2 -1.2 -1.2 -1.2 2 5.5 9.3 9.4 8.7 5.4 3.5 1.2 -1.2 -1.2 -1.2 -1.2 -1.2 -1.2 -1.2 -1.2 -1.2 -1.2 -1.2 -1.2 -1.2 -1.2 -1.2
213 202.6 194.2 183.6 174.3 164.4 152.8 139.8 126.9 129.1 130.4 136.9 142.6 145.8 153.5 159.7 162.8 160.1 157.9 160 161.8 162.9 162.2 161.1 150.5 149.7 146.6 143.3 135.9 121.3 116.8 122.3 120.7 114.6 106.7 100.5 91.8 86.9 84.9 81.5 76.7 70.2 62.6 53.6 44.1 37 30.5 24.9 21.1 21.7 21 15.3 8.6 4.5 2.3 2.7 -1.2 -1.2 -1.2 -1.2 -1.2 -1.2 -1.2 1.9 2.7 1.7 1.1 0.8 0.1 -1.2 -1.2 -1.2 -1.2 -1.2 -1.2 -1.2 -1.2 -1.2 -1.2 -1.2 -1.2 -1.2 -1.2 -1.2
214.2 201.8 194.2 186.2 177.6 169.7 161.3 149.6 138.3 123.2 121.1 127.3 135.5 138.5 143.9 153.2 155.6 154.1 154.1 155.9 157.2 160.7 159 155.6 151 150.3 148.1 143.3 140.1 126.2 105.2 113.2 114.7 110.2 103.1 95.5 89.4 84.1 81.5 77.2 71.1 64.2 56.6 48.9 41.2 33.1 26.9 20.7 12.8 8.1 2.6 1.5 1.1 0.5 0.2 0.4 0.1 -1.2 -1.2 -1.2 -1.2 -1.2 -1.2 -1.2 -1.2 -1.2 -1.2 -1.2 -1.2 -1.2 -1.2 -1.2 -1.2 -1.2 -1.2 -1.2 -1.2 -1.2 -1.2 -1.2 -1.2 -1.2 -1.2 -1.2
214.4 204.1 198.1 190.7 182.5 174 165.5 157.9 150.3 141.4 128.3 116.6 124.3 131.8 136.8 143 148.7 151.5 153 155.1 154.1 156.5 157 154 146.4 147.9 145.7 140.1 136.4 128.7 110.4 104.8 108 104.5 98.9 93.2 86.6 79.2 77 71.8 65.3 56.5 50.1 43.2 36 20.8 17.5 9 2.8 1.1 0.3 -0.1 -0.4 -1.2 -1.2 -1.2 -1.2 -1.2 0.7 -1.2 -1.2 -1.2 -1.2 -1.2 -1.2 -1.2 -1.2 -1.2 -1.2 -1.2 -1.2 -1.2 -1.2 -1.2 -1.2 -1.2 -1.2 -1.2 -1.2 -1.2 -1.2 -1.2 -1.2 -1.2
215.3 208.1 202.3 196 189 180.4 171.3 163.1 157.2 151.6 144 128.6 112 123.8 128.9 134.3 140.6 143.9 149.6 155.2 153.6 152 155 151.9 143.9 143.5 142.4 136.1 131.6 124.9 111.9 93 98.8 97.2 93.5 89 84 74.8 71.8 67.5 59.3 51.4 45 38.7 29.3 13.7 11.7 1.8 -1.2 -1.2 -1.2 -1.2 -1.2 -1.2 -1.2 -1.2 -1.2 -1.2 -1.2 -1.2 -1.2 -1.2 -1.2 -1.2 -1.2 -1.2 -1.2 -1.2 -1.2 -1.2 -1.2 -1.2 -1.2 -1.2 -1.2 -1.2 -1.2 -1.2 -1.2 -1.2 -1.2 -1.2 -1.2 -1.2
215.5 209.4 205.2 199.9 193.8 186.5 176.5 169.4 165.5 158.6 150.1 141.2 122.9 107.3 115.6 126.4 132.7 136.8 143.4 147.3 151.2 147.6 147.4 146.9 139.8 143.2 139.9 134.2 126.2 119.7 109.8 95.2 82.8 88.4 87 81.8 76.6 71.7 67.6 63.4 55.3 47.9 39.8 32.7 14.5 11.9 2.5 -1.2 -1.2 -1.2 -1.2 -1.2 -1.2 -1.2 -1.2 -1.2 -1.2 -1.2 -1.2 -1.2 -1.2 -1.2 -1.2 -1.2 -1.2 -1.2 -1.2 -1.2 -1.2 -1.2 -1.2 -1.2 -1.2 -1.2 -1.2 -1.2 -1.2 -1.2 -1.2 -1.2 -1.2 -1.2 -1.2 -1.2
211.5 208.8 205.3 201.8 195.6 189 180.9 174.4 169 162.8 155.2 147.2 138.5 126.1 105.4 111.7 125.7 131 135.8 140.2 144.3 142.7 141.5 139.2 134.9 134.7 135.2 126.6 119.7 113.3 106.6 96.2 85.8 76 77.1 74.8 71.1 68.2 63.8 59.1 51.9 43.2 35.9 22.2 9.3 4.1 -1.2 -1.2 -1.2 -1.2 -1.2 -1.2 -1.2 -1.2 -1.2 -1.2 -1.2 -1.2 -1.2 -1.2 -1.2 -1.2 -1.2 -1.2 -1.2 -1.2 -1.2 -1.2 -1.2 -1.2 -1.2 -1.2 -1.2 -1.2 -1.2 -1.2 -1.2 -1.2 -1.2 -1.2 -1.2 -1.2 -1.2 -1.2
206.3 204.8 203 200.4 195.9 189.4 181.8 175.2 170.2 164.7 158.7 153.2 143.8 136 119 99.8 106.9 121.2 129.7 133.8 137.9 138.1 136.7 133.2 129.3 123.7 125.5 119.2 112.3 107.1 102.9 92.6 82 77.6 68.9 71.5 67.5 64.7 60.2 54.7 46.2 38.8 31 14.2 8.7 1 -1.2 -1.2 -1.2 -1.2 -1.2 -1.2 -1.2 -1.2 -1.2 -1.2 -1.2 -1.2 -1.2 -1.2 -1.2 -1.2 -1.2 -1.2 -1.2 -1.2 -1.2 -1.2 -1.2 -1.2 -1.2 -1.2 -1.2 -1.2 -1.2 -1.2 -1.2 -1.2 -1.2 -1.2 -1.2 -1.2 -1.2 -1.2
199.9 198 198.7 197.5 193.4 189.4 182.8 178 174 169 162.8 158.6 150.2 140.2 129.4 113.1 97.7 104.6 120.1 127.8 132.1 134.1 131.5 127.4 122.4 115.7 114.6 112.2 105.6 100.7 95.5 87.5 78.8 72.7 62.6 68.5 64.2 61.9 58.1 52.5 42.8 34.3 24.1 8.2 2.4 0.2 -1.2 -1.2 -1.2 -1.2 -1.2 -1.2 -1.2 -1.2 -1.2 -1.2 -1.2 -1.2 -1.2 -1.2 -1.2 -1.2 -1.2 -1.2 -1.2 -1.2 -1.2 -1.2 -1.2 -1.2 -1.2 -1.2 -1.2 -1.2 -1.2 -1.2 -1.2 -1.2 -1.2 -1.2 -1.2 -1.2 -1.2 -1.2
194 192.6 193.2 194 191.5 187.1 182.6 178.4 174.2 171.2 165.7 160.2 153.3 144.9 133.9 124.4 108.2 92.3 103.4 117.1 123.2 129.4 127.1 121.8 116 108.7 106.3 104.4 99.1 94.6 89 83.4 74.6 67.9 58.1 64.2 60.5 58.9 54.4 47.7 39.9 29.3 14.3 5.2 1.2 -0.1 -1.2 -1.2 -1.2 -1.2 -1.2 -1.2 -1.2 -1.2 -1.2 -1.2 -1.2 -1.2 -1.2 -1.2 -1.2 -1.2 -1.2 -1.2 -1.2 -1.2 -1.2 -1.2 -1.2 -1.2 -1.2 -1.2 -1.2 -1.2 -1.2 -1.2 -1.2 -1.2 -1.2 -1.2 -1.2 -1.2 -1.2 -1.2
189.4 186.9 188.1 189.6 188.6 184.4 180.7 177.1 173.7 170 166.2 164 156.8 148.3 139.7 128.9 122.7 102.1 87.4 101.4 113.7 119.5 121.5 116.9 110.1 102 99.2 96.6 93.9 89.4 84.3 78.2 71.1 62.2 52.8 60.4 56.4 56 51.8 45.4 37.4 19.7 7.3 0.7 -1.2 -1.2 -1.2 -1.2 -1.2 -1.2 -1.2 -1.2 -1.2 -1.2 -1.2 -1.2 -1.2 -1.2 -1.2 -1.2 -1.2 -1.2 -1.2 -1.2 -1.2 -1.2 -1.2 -1.2 -1.2 -1.2 -1.2 -1.2 -1.2 -1.2 -1.2 -1.2 -1.2 -1.2 -1.2 -1.2 -1.2 -1.2 -1.2 -1.2
182 181.1 182.4 182.2 182.5 179.8 176.4 174.7 172.2 168.5 165.5 165 161.8 153.1 146.2 136.8 126.6 114.9 95.6 84.9 95.5 108.4 112.4 110.1 105.7 97.1 91.9 89.3 86.7 83.8 77.6 71.7 64.6 57.4 53.4 58.3 53.4 51.6 47.9 36.1 18 7 1.9 -1.2 -1.2 -1.2 -1.2 -1.2 -1.2 -1.2 -1.2 -1.2 -1.2 -1.2 -1.2 -1.2 -1.2 -1.2 -1.2 -1.2 -1.2 -1.2 -1.2 -1.2 -1.2 -1.2 -1.2 -1.2 -1.2 -1.2 -1.2 -1.2 -1.2 -1.2 -1.2 -1.2 -1.2 -1.2 -1.2 -1.2 -1.2 -1.2 -1.2 -1.2
176.5 175.3 173.8 175.1 175.8 174.9 171.8 172 171.1 169 165.6 164.2 161.8 157.1 148.3 142.5 133.8 123.5 109.7 87.5 79.1 88.6 102.3 101.5 98.4 91.7 85.9 82.8 80.1 77.5 70.4 65.8 60.3 50.5 49.8 49.8 50.4 47.8 29.2 15.9 5.2 1.6 -1.2 -1.2 -1.2 -1.2 -1.2 -1.2 -1.2 -1.2 -1.2 -1.2 -1.2 -1.2 -1.2 -1.2 -1.2 -1.2 -1.2 -1.2 -1.2 -1.2 -1.2 -1.2 -1.2 -1.2 -1.2 -1.2 -1.2 -1.2 -1.2 -1.2 -1.2 -1.2 -1.2 -1.2 -1.2 -1.2 -1.2 -1.2 -1.2 -1.2 -1.2 -1.2
170.6 168.9 167.5 169.1 169.2 168.8 169.2 169.2 170.4 168.7 164.6 164.3 162.7 158.7 151 143 135.8 129.3 118.3 106.6 89.2 74.5 83.1 91.5 90.9 86 79.9 77 74.7 69.9 64.5 61 55.4 44.2 45.7 44.7 32.9 22.3 10.4 4.5 1 0 -1.2 -1.2 -1.2 -1.2 -1.2 -1.2 -1.2 -1.2 -1.2 -1.2 -1.2 -1.2 -1.2 -1.2 -1.2 -1.2 -1.2 -1.2 -1.2 -1.2 -1.2 -1.2 -1.2 -1.2 -1.2 -1.2 -1.2 -1.2 -1.2 -1.2 -1.2 -1.2 -1.2 -1.2 -1.2 -1.2 -1.2 -1.2 -1.2 -1.2 -1.2 -1.2
165.2 163.3 162.9 162.5 163.3 163.2 162.7 163.2 164.2 162.4 159.5 158.9 158.8 156.2 149.4 145 137.4 129.6 122 114.4 106 88.6 70 73.3 82.5 79.3 74.7 71.7 69.5 65.1 60.3 55.7 50.6 43.7 31.6 36.9 16.3 8.8 6.6 -1.2 -1.2 -1.2 -1.2 -1.2 -1.2 -1.2 -1.2 -1.2 -1.2 -1.2 -1.2 -1.2 -1.2 -1.2 -1.2 -1.2 -1.2 -1.2 -1.2 -1.2 -1.2 -1.2 -1.2 -1.2 -1.2 -1.2 -1.2 -1.2 -1.2 -1.2 -1.2 -1.2 -1.2 -1.2 -1.2 -1.2 -1.2 -1.2 -1.2 -1.2 -1.2 -1.2 -1.2 -1.2
