public/OST50/ND01.asc
ncols 200
nrows 200
xllcorner 300000
yllcorner 910000
cellsize 50
[rows 37 to 73 of 200, columns 0 to 83 of 200]
18.5 25 26.7 26.7 29.5 38.9 54.5 69.6 84.4 100.4 116.5 132.3 145.1 151.8 152.9 150.8 149.5 141.3 123 103.7 89.1 79.1 68.5 57.4 46.3 35 45.5 49.9 57.6 63.6 69.3 76.2 82.6 87.8 99.7 112.6 125.6 134.5 147.9 161.6 169 177.5 189.3 201.7 206.2 210.8 222 227.9 233.6 239.1 241.7 245.7 255 257 260.3 266.2 274.4 277.6 278.2 280 294 308.3 325.7 339.3 351.1 359.9 366.7 371.8 371.4 365.1 361.1 359.5 357.1 353.3 360.1 365.9 369.6 374.1 379 382.8 386.6 388.9 389.8 390.5
19 18.1 22.4 25.6 25.8 26.5 32 45.9 61 75.5 89.7 104.9 119.4 130.5 138 139 139.2 140.7 136.5 115.5 94.8 79.6 66.1 57 47.3 37.9 34 44.9 50.5 55.5 60.3 67.4 74.5 78.2 85.4 96.8 110.5 121.6 131.6 146.9 159.5 170.2 181.8 191.3 198.6 209.9 218.5 228.2 234.7 240.2 243.2 243.3 247.4 253.4 257.1 260.7 266.7 271.2 266 275.9 291 309.5 323.5 334.9 345.1 356.3 365.3 371.4 373.5 367 362.2 358.2 354.5 353.9 351 359.5 364.6 367.8 372.6 374.8 378 379.8 382.1 383.6
19 18.1 17.8 20 24.8 23.4 25.4 27.6 38.1 52.4 64.8 77 90.8 104.8 114 122 122.8 122 122.7 118.8 100.4 80.8 66.1 59.4 47.5 45.3 33.9 30.7 43.1 49 53.6 57.2 63.8 69.8 74.8 82.3 93.8 107.9 118.6 134.9 146.1 158 165.9 175.4 188.1 202.9 214.9 224.8 235.7 240.8 242.7 240.8 236.8 242.6 248.6 252.5 258.8 262.5 254.5 268.4 286.8 307.1 321 334.5 345.7 354.5 361.9 365.2 367.3 366.8 365.8 362.3 356.6 351.8 347.5 343 349.8 354.8 358.3 364 370.4 374.6 374.8 375.3
17.6 15.5 18.8 19 17.7 19.2 22.2 20.1 25.1 31.7 44.4 56.7 65 76.2 88.4 98.9 102.6 106 105.3 103.2 99.3 86.7 72.1 58.9 47.7 43.4 41.3 32.6 36.2 42.9 47.1 50.4 53.9 58.9 65.1 71.2 80.2 91.7 105.9 117.7 133.4 142.9 151.8 163.9 178 193.2 204.4 217.3 230.7 239.3 240.3 238.1 232.7 233.7 240 242.5 246 247.6 247.2 260.4 283 302.8 318.7 332.1 342.9 353.1 359.4 362.2 362.5 360.8 356.9 350.4 341.9 332.7 329.8 326.7 328.6 342.8 353.9 361.7 366.5 367.7 365.7 361.2
24 22.9 15.9 15.5 16 17.2 18 17.7 23.2 24.1 26.9 38.7 45.1 54.6 62.7 74.5 84.7 89.5 90.1 88.6 86 84.3 72.3 62 53.7 45.8 39.9 32.7 25.1 34.6 38.8 43.9 47.4 50.8 55.8 61.9 68.1 77.7 90.9 104.3 116.6 128.4 139 150.9 164.4 182.8 197.7 207.8 216 226.6 230.5 226.9 228 226.9 231.9 232.3 233.1 229.8 239.2 254.7 276.3 297.1 314.4 326.7 337.8 345.8 350.6 354.2 354.7 348.5 340.1 336.3 332 331.3 324.3 323.2 326.4 334.4 345.9 352.1 352.9 350.7 337.8 336.2
35.2 27.1 22.4 19.8 19.2 14.9 15.6 17.8 17.1 19.5 24.2 25.9 35.2 41.6 46.9 52.2 60.8 66.3 72.8 75.5 73.2 70.2 70.2 62.6 54.6 48 41.1 38.2 36.1 28.3 31.4 36 40.3 43.2 47.9 53.2 58.8 65.9 75.3 89.6 99.5 113.7 126.7 137.8 149.8 166.7 185.3 195.3 204.8 214.3 217.7 214.2 217.3 215.3 213.3 213 214.3 220.9 234.9 251.9 273 291.5 307 318.9 326.9 333.8 341.4 345.2 345.1 343.2 339.7 335.2 329.8 325.4 325.3 315 313.6 317.4 328.1 327.7 324 322.9 316.9 312.1
50.6 45.2 35.4 27.5 21.5 19.1 14.9 15.3 15.9 16.8 19.1 23.2 24.9 31.9 36.9 42.6 43.6 46.3 53.1 58.6 59.4 56.6 57.4 56.7 48.9 43.2 39.5 37.5 34.4 24.5 22.3 25.5 33.4 34.5 37.8 41.3 46.7 55.3 64.2 72.9 85.7 98.9 114.5 125.8 137.7 150.2 165 180.1 190.5 194.7 197.4 196.8 198.4 200.7 201.3 201.8 207.9 217.6 234.2 250.6 271.4 288.4 303.4 314.8 322.7 330.9 336.8 341.4 344.8 345.8 342.4 339.9 337.1 330.6 324.4 313.8 298.2 300 305 308.8 306.9 302.7 296.4 287.9
64.9 59.3 52.9 42.9 34.2 25.6 20.5 14.3 15.8 16.5 16.7 18.3 19.9 24.3 26.4 30.8 35.4 36.4 36.9 37.4 43.2 46.3 46 43.4 40 38 36.3 34.4 34.4 20.6 18.3 21.8 25.8 32 32.2 33.7 34.6 39.8 52.4 58.7 72.5 87.2 98.5 113.5 123.9 136.7 148.2 159.9 169.4 175 177 180.6 181.5 186.8 189.6 192.8 208 222.9 237.4 253.5 269.3 284.1 298.7 312.1 322.6 331.9 336.9 341.2 346.3 347.6 346.4 341.5 331.4 325.7 319.2 307.4 295.4 293.3 295.1 296.1 297.7 290.1 286.2 278.1
79.4 72.6 63.8 55.9 47.8 41 33 22.9 14.3 14.8 17.4 16.6 17.4 16.9 19.1 23.7 25.8 29.9 33.9 33.9 34.1 34 35.8 36.2 35.9 35.1 34.5 33.5 32.9 18.3 17.8 19.7 21.2 28.4 29.3 31.2 30.2 30.7 37.2 43.8 59.8 73.7 86.9 100.7 114.5 124.2 135 144.8 153.8 164.7 165.4 167.8 171.2 171 179.5 194.7 215.6 228 243.6 255 268.3 280.2 296.7 310.2 322.2 330.8 335.7 339.6 343.9 344.2 342.2 335.3 322.4 308.6 301.5 296.8 286.8 282.8 285.4 282.5 279.6 275.2 266.6 260.7
97.5 88.2 78.8 70.9 62 53 44.7 37.9 26.9 19.2 14.1 15.5 15.5 16.6 17.4 17 18.2 20 25.7 30.6 29.2 30.2 32.7 33.6 32.2 32.9 31.2 32.6 28.9 18 17 17.6 19.4 22.3 22 22.8 24.1 25.1 28.2 32.9 45.1 61 75.9 86.6 102.8 114.2 123.5 132.9 140.6 149.9 157.4 161.1 159.4 168.2 180.8 193.8 215.8 228 243.6 252.1 263 276.5 289.6 302.5 315.7 325.1 329.2 330 333.1 334 329.2 320.8 309.2 295.3 290 282.6 272.7 266.8 268.8 267.5 263.1 257.3 246.9 240.7
119.3 109 98.1 86.7 77.8 67.9 56.5 49.4 43.3 35.3 23.4 13.4 15.4 15.6 17.6 17.4 17.1 16.5 16.2 18.6 21.5 23.3 25 29.1 29.2 30.2 24.6 24 17 17.1 15.6 16.9 17 16.8 15.5 15.4 17.6 18.2 21.3 22.9 31.6 45.9 61.3 75.8 87.4 100.1 107.7 114.9 127.1 133 142 150.8 160.2 168 178.8 203.8 217.3 231.6 237.8 247.1 263.9 272.3 276.5 283.7 303 313 317.5 316.4 311.8 311.4 305.7 292.4 286.2 277.6 272.6 265.2 255.4 244.8 244.9 240 240.7 235.5 226.1 226.1
138.6 130.2 119.5 106.4 95.5 83.4 75.7 66.7 56.1 46.1 39.2 29 21 13.4 13.2 17.8 17.5 16.8 16.4 16.1 15.9 18.6 18.5 18.5 18.5 18.5 19.1 17.3 15.7 15.8 14.1 14.7 14.3 14.3 13.9 13.4 13.3 13.7 13.3 13 18.2 31.9 49.9 64.9 74.7 78.2 88.9 96.5 101.1 112.9 131.7 148.8 163.4 174.5 179.1 199.3 211.1 225.4 235.4 241.5 252 269.6 261.6 269.9 271.5 284.8 292.1 290.7 287.2 286.4 281.3 277.7 268.1 265.8 254.7 247.5 234.6 220.6 214.2 218.2 216.9 213.2 211.9 213.3
159.9 151.4 141.6 131 118 104.1 92.7 83.9 75.2 65.4 58.2 47.6 39 29.5 22.1 12.4 12.4 15.3 17 16.6 16.5 16.5 16.4 16.4 15.6 15.4 14.6 12.4 12.4 12.4 12.2 11.3 11.8 12.4 11.6 11.2 10.7 10.3 10.8 10.2 12.6 18.9 35 48 61.9 72.9 85 100.1 116.9 130.3 146.6 163.4 173.3 179.2 186.7 192 199.2 206.7 219.3 228.8 240.6 247.8 249.1 245.9 250.2 254.6 264.8 264.4 259.7 256.2 262.4 256.6 248.4 235.2 224.3 219.2 206.5 194.8 195.3 197.9 201.4 201.2 202.1 203.9
185.6 180.9 170 154.6 142.2 130.2 117.3 103.2 93.3 85 76.7 66.6 61.2 49.7 39.8 31.3 26.5 24.4 12.4 12.4 12.4 12.4 12.4 12.4 12.4 12.4 15 20.5 21.8 26.2 32 25.4 19.3 14.2 12.7 12.3 11.5 11 11.3 10.9 9.3 17.5 24.3 42.7 64.4 84.8 105.1 122.7 136.1 149.3 162.1 171.7 176.3 183.4 193.2 194.8 191.3 198 205.7 219.4 231 237.7 237.5 227.3 226.4 230.2 229.5 235.4 232.3 233.8 231 224.4 215.4 203.2 197.7 200.3 189.3 181.7 179.6 182.4 184.9 187.3 191.1 195.6
207 204.3 197.5 185 169.9 158.5 144.2 129.7 116.4 104.5 95.6 87.7 78.4 70.4 60.8 54.6 45.3 39.5 34 28.2 25.5 24 23.4 23.9 24.8 25.8 27.2 30.3 34.8 40.6 44.4 39.3 34 27.6 19.5 13.1 12.6 11.3 11.5 11.5 11.2 9.3 18 29.2 52.1 76.1 99.9 125.2 148.2 161.7 167.5 174.3 178.4 186.3 196.4 200.3 196 190.1 189.7 196.3 208.5 224.8 221.9 213 211.7 211.3 215.2 212 211.5 206.4 203.6 197 190 181.9 178.4 175.9 173 171.5 173.9 174.3 179.5 184.2 187.6 192.8
223.5 223.3 220.2 210.1 197.9 187.3 173.2 159.9 144.7 129.4 117.4 106.8 98.3 89.3 81.3 74.8 69 63.5 58.2 53.4 47.9 41.6 39.8 38.1 38.3 39.2 34.7 43 53.7 60.9 60.4 54.6 41.4 33.2 28.3 23.9 12.6 11.7 11.5 11.5 11.3 9.4 9.3 18.6 42.8 66 90.5 115.3 140.7 159.7 168.9 173.2 176.6 182.3 195.5 200.5 198.3 194.6 187.3 186.1 183.4 188.8 192.4 185.9 183.4 186.6 195.2 200 201.2 200.1 194.3 191.8 181.4 170 164.9 161.4 160.7 160.8 163.9 172.1 175.8 175.3 180.5 185.4
235.9 240.9 238.4 233.4 225.5 214.6 203.1 187 173 157.9 143.2 130.8 120.3 109.5 101.1 92.8 86.4 81.1 74.7 71.6 65.6 60.6 56.5 54.6 52.9 49.9 46.9 57 68.6 75 78.6 69.5 50.1 37.3 32.1 29.6 23 15.2 12.6 11.1 11.7 9.7 9.3 13.3 34.7 52.5 80.3 106.1 130.1 151.1 165.8 171.9 173.6 180.6 187.9 194.2 196.8 194.3 187.5 189.4 189.4 184.1 175.8 174.7 172.5 174 178.7 179.8 182.9 181.6 174.8 167.6 161.7 157 154.8 153.9 154.1 153.8 166.1 174.9 173.4 169.5 174.5 177.7
248.9 252.6 253.1 248.2 243.7 235.1 222.9 210.6 195 179.6 167 156.7 145.8 132.1 121.4 112.2 106 97.2 92.7 87.7 81.3 77.4 72.1 67.4 63.7 61.1 55.2 66.6 78.9 91.4 94.2 81.8 58.8 45.1 34.4 30.7 25.9 21.5 19.8 12.7 10.8 9.3 8.6 10.2 26.4 48.2 70.7 98.1 122.1 146.3 159.7 165.6 167.5 178.6 186 191.8 199.8 201.3 195.3 184.9 181.8 184.8 174.5 170 170 169.5 167.6 166.3 165.6 162.6 159.5 153.8 149 147 144.2 148.8 152.7 149.7 161.2 171.5 164.6 159.7 159.2 161.5
259.7 267.7 268.3 264.7 257.3 246.2 235.5 224.2 210.9 196.4 184.6 174.2 164.6 156.9 145.3 132 123.4 116 109.3 103.4 96.7 90.6 84.5 79 75.6 73.6 63.2 76.6 85.4 98.2 99.2 87 68 52.8 36.8 31.1 27.6 21.6 20.5 18.8 9.7 8 8.7 10.9 23.2 42.2 62.5 89.6 114.9 137.7 153.7 159 162.9 171.8 181.4 188.3 193.2 196.4 194.1 189 179.3 175.7 172.7 167.1 171.4 170.8 170.7 165.1 156.1 152.8 146.7 142.6 139.2 137.4 135.3 137.9 141 141.5 139.4 145 147 148 147.5 148.2
268.7 277.2 280.8 278.9 271.2 257 242.9 232.5 220.1 207.1 193.9 186.6 177.7 169.3 161.4 149.5 138.2 131.3 120.9 114.7 106.7 101.8 94.3 91.8 88.4 81.5 68.6 85.8 93.9 103.7 101.2 92.4 78.9 66 44.8 32.9 30.4 23 20.7 18.7 10.6 8.1 8 9.7 20.2 39.2 60.6 84.5 109.1 127.1 142.7 151.1 155.1 161 169.8 176.1 180.4 182.2 183.1 183.1 181.7 179.6 175 168.3 163.5 167.2 170.6 168.6 162.7 151.1 142 138.2 131.2 128.7 124.5 123.3 125 125.8 128.3 128.6 133.5 136.8 137.3 136
275.5 285.2 289.3 288.3 282.4 272.6 258.9 244.3 232.8 214.6 202.2 191.1 184.2 175.6 169.8 162.6 152.8 141.2 129.7 123.4 116 109.6 101.4 98.9 94.9 85.7 76.1 93.9 105 114.1 110.9 95.3 82.5 69 53 37.3 29.8 26.2 20.8 14.9 10.9 10.9 7.7 9.4 19.2 40.5 59.9 81.5 103.7 121.1 135.7 145 152.3 155.6 159.7 166 182.1 188.3 186.8 188.9 188.8 185.2 181.7 180.2 169.5 163.2 162 164.7 160 151.1 144.1 136.2 131.4 125.3 119 115.7 114.4 112.2 113.2 113.5 115.1 117.6 116.3 120.1
283.2 290.5 294.8 294 288.9 279.6 269 259.3 247.6 232 218.6 205.8 199 190.7 178.9 169.2 160.2 150.3 137.6 130.2 120.3 113.6 108.5 104.1 99.1 84.3 97.8 104.5 115.4 128 127.7 108.7 84.7 70.6 54.4 39.6 30.4 25.9 19 10.7 10.7 10.6 10.4 6.7 16.2 41.5 60.2 82.9 105.2 119.1 131.2 140.9 146.9 150.2 155.7 165.1 183.4 190.2 193.1 191.7 192.4 190.8 184.6 177.8 173.3 162.9 152.1 154.3 150.1 147.1 141.1 135.2 128.3 122.5 117.6 111.7 110 107 105.6 106.9 108.8 109.2 110.9 111.6
289.3 294.9 298.4 298.3 293.4 285 274.2 262.4 253.9 243 232.4 218.9 209.1 199.5 191.8 178.2 167.4 153.9 143.6 135.7 126.1 118.7 113.1 108.1 101.7 94.7 105.7 115.7 133 141.2 137.3 123 91 70.9 57.2 42.7 29.9 24.3 14.7 9.8 10.2 10.3 10.1 8.5 13.6 43.1 62.7 82.1 102.5 118.3 127.4 136.8 143.4 147.4 155.1 165.1 175.9 185.5 191 192.3 191.4 191.6 189.3 177.8 170.4 162.3 153.7 141.8 146.8 142.7 137.1 134 128 122.1 115.8 109.8 103.2 102.6 100.5 101.3 103.3 104.6 104.9 106.8
294.9 297.5 301 300.3 297.1 289.6 280.5 270.1 258.8 250.7 238.3 226.5 213.8 201.4 191 180.2 170.4 155.3 146 136.7 129.4 122.6 116.6 111.3 96.3 105.2 112.2 127.2 143.6 145 134.1 117.6 97.1 72 55 37.3 27.7 25 11.4 9.6 9.9 9.9 9.8 9.1 18.2 43.3 63 80.4 100.6 115.3 127.2 133.9 140.7 146.2 153.7 164.7 171.3 179.6 186.4 189.5 189.6 183.8 183 175.9 167.8 160.1 154.8 144.3 137.1 137.7 136 133.2 128.4 122.1 115.8 110 102.7 96 95.5 96.8 96.9 100.2 102.6 102.6
299.2 300.1 302.3 301.2 297.3 291.8 282.2 271.1 262.5 254.4 244 231.8 217.9 204.3 192.3 179.5 168.6 157.9 147.2 137.7 131.2 125.1 118.8 113.2 104.4 113.4 122.1 139 152 153.8 135.3 117.5 98.8 73 49.4 33 26.9 20.1 11 9.5 9.5 9.4 8.4 6.5 20 43.4 63.2 84.2 101.2 116.6 127.3 136.1 140.9 147.4 159.2 168.9 172.3 176.3 183.6 187.7 185.5 182.5 175.4 174 166.3 158 150.6 144.3 131.6 120 126.6 128.4 125.9 121.7 116.6 108.5 102.2 97.1 91.3 93.5 93.2 96.3 97.2 96.8
303.3 303.5 305.5 303.1 297.7 289.5 280.5 270.4 261.4 249.4 241.5 225.5 214.2 201.8 188.4 175.7 165.8 156 146.3 137.4 130.5 126.8 121.9 114.7 119.3 122.8 132.8 151 164 165.3 147.8 119.1 96.5 72.8 45.9 30.1 27.1 19.6 8.7 8.9 9 7.9 6.9 6.4 18.4 45.7 68.5 89.8 107.7 122.8 133.1 137.6 144.9 154.4 165 176.1 180 178.7 183.6 187.5 191.5 191.5 186.1 177.9 167.5 156.8 146.6 138.7 131.4 124.3 112.2 118.3 120.5 116.7 112.7 107.6 100.9 95.3 92.4 82.9 91.3 88.6 89.5 91.2
307.4 306.8 307.6 306 299.6 290.3 279.2 272.5 263.2 249.7 238.6 220.8 205.4 192.2 182.4 173.1 162.3 152.3 145 136.7 131.3 126.7 123.9 125.3 127.5 133.8 148.6 167.8 175.6 173.3 157.5 121.6 96.1 73.7 54.6 29.7 25.3 8.8 8.8 8.7 8.9 8.7 7.7 6 18 44.6 66.7 91.7 108.7 123.6 133.1 138.5 145.6 160.3 174.9 182.7 185.5 188.7 189.8 190.6 190.4 192.4 189.3 176.6 162.3 150.9 146.2 139.5 131.6 122.9 115.2 101.6 110.8 110.8 107.7 103 98.3 93.5 89.9 84.1 86.1 82.6 85 86.6
312.9 312.5 312.6 309.6 304.6 297.4 285 270.4 258 242.8 228.9 212.7 199 187.3 177 169.1 160.4 150.2 143.6 137.9 132.2 130.1 131.5 134.4 137.7 147 162.8 181.5 184.7 174.5 154.9 128 97.7 74.4 54.1 32.4 19.6 8.4 8.5 8.7 8.7 8.7 8.8 6 16.3 41.2 64.3 88.7 105.9 121.8 131 137.9 151 167.5 183 194 192.5 196.7 196.9 197.5 194.5 187.6 180 170.9 158.9 145.5 137.3 132.5 128.3 121.6 114.5 105.4 94.8 100.2 100.6 98 94.4 90.4 86.6 82.2 74.5 80.1 79.8 79.6
318.3 317.7 318 314.2 310 301.6 290.2 277.6 262.7 247.9 226.1 211.1 197.1 184.9 176.2 167.4 158.1 150.5 143.3 137.9 133.7 135.8 138.5 143.9 148.7 161.4 177.2 192.3 195.3 183.3 168.2 135.6 101 75.9 53.2 35.2 17.5 8.2 8.8 8.6 8.4 8.4 8 6 16.3 35.1 60.9 85.2 101.5 117.1 126 134.5 153 171.1 186.7 194.9 195.4 199.2 199.7 197.1 194.9 189.9 182.4 170.6 157 140.8 136 134.9 133.3 126.5 116.1 105.3 99.5 94.3 92.1 91.3 89.7 87 83.8 81.1 74.4 71.6 72.5 73
321.5 320.1 320.5 316.3 311.9 305.4 295.4 282 270.4 257.3 229.6 209.5 195.2 182.8 172.3 164.7 157.5 151 145.5 138.5 140.1 141.5 145.7 152.6 161.9 172.8 189.3 203.6 206.3 195.7 180.4 142.6 104.1 78.5 54 32.8 16.6 7.8 8.3 8.3 8.1 7.6 7.1 8.8 16.5 31.3 55.9 80.2 96.1 110.6 121.3 136.9 154.9 170.2 185.1 193.4 195.5 199.6 200 198.3 193.2 185.8 176.9 166.1 151.3 140 135.2 135.4 135.9 127.7 118.6 106.5 98.5 92.3 86.5 81.1 83.4 82.3 76.8 77.9 74.9 72.4 65 68
322.8 319.1 318.7 314.4 311.2 309 300.2 288.3 275.6 264.4 235.4 212 195.5 183.3 173.6 166.1 159.7 153.6 148.3 145.3 145.7 148.3 153.6 162.3 171.8 182.7 200.2 212.8 219.3 207 185.3 146.7 108.2 78.3 53 30.4 12 7.3 7.4 7.5 7.9 6.9 5.8 15.5 18.1 27.3 49.1 73.4 92 105.2 120.7 139.2 156.2 167.6 185.5 188.6 192.9 195.2 198.9 198.4 192.5 181.6 170.5 158.5 145.5 137.3 135.1 135.6 134.1 126.6 116.5 105.4 96.5 90.2 86.1 82 72.5 76.9 71.1 73.3 71.5 69.8 67.7 59.1
318.7 315.2 308.3 308.5 310.5 307.8 299.7 288.2 275.2 264 241.7 217.6 198 184.4 174.4 168.1 162.5 157.5 153.7 151.6 151.3 154.1 161.2 169.8 180.2 193.2 210.9 226.4 229.7 219.7 187.7 146.1 112.9 79.6 55.2 29.7 8.5 7.2 7.7 7.8 8 8.1 5.6 16.3 17.6 25.1 43.5 68 89.1 101 117.5 136.5 153.2 165 180.5 185.1 186.4 193.1 197 200 190.5 180.4 168.1 154.9 144 138.6 136.7 135.2 133.2 124.7 113.3 105.3 97.1 88.5 83.3 80 75.1 67.8 67.1 67.5 65.7 64.3 63.6 62.4
314.8 307.4 302.9 298 296.5 294.4 292.6 284.6 270.4 259.8 241.2 223.8 201.8 186.6 178.3 170.2 165.9 162.4 159.8 158.7 158 161.3 168.9 178.1 189 205 222 236.4 239.7 226.6 189.1 146.2 109.7 81 55.3 30.4 7.5 7.3 7.6 6.8 6.3 6.8 6.8 16.4 17.2 26.3 35.8 60.2 84.1 97 116.3 136.3 153 164.1 177.1 179.8 182.6 188 190.7 198 190 178.1 171.3 156.2 144.3 141.8 139.8 139.2 136.3 127.4 116.9 107.5 98.8 90.9 84.2 77.4 72.4 63.9 63.1 62.6 60.1 58.8 57.7 58.2
309.5 304.6 297.3 295.4 293 286.7 278.9 270.6 262.2 253.2 240.3 228.3 208.2 193 182.1 175.1 170.7 167.9 165.9 165.5 165.1 169.2 178 187.9 200.7 217.8 233.2 244.9 240.8 220.2 186.4 145.9 113.8 85.8 58.2 32.6 12.5 7 7.2 7.5 6.3 5.6 7.5 16.5 18.8 23.4 29.2 54.9 77.2 92.4 115.2 138.5 155.1 164 175.9 178 179.4 184.8 187.3 187.4 186.7 179.4 176.4 165.5 149.2 147.1 145.1 143.8 141.1 134.4 123.2 112.9 104.3 95.4 88.4 80.6 73.3 66 58.9 57.2 54.8 53.6 52.4 52.8
307 298.9 290 285.8 286.6 281.1 276.8 267.4 253.5 244.5 236.1 227.2 214.1 198.3 186.5 180.1 176.6 173.8 172.8 172.7 174.1 179.8 186.9 197.1 208.7 225.8 239.3 246.6 241.3 227.9 195.2 152.1 117.8 89.2 62.4 36.8 18.7 6.7 6.9 7.2 7.4 5.5 10.3 16.5 17.2 22.2 28.8 47.6 69.7 88.5 112.4 137.2 155.6 163.5 172.1 177.5 177 180.9 183.3 183.1 179.2 174.3 169.9 163.9 154.6 155.5 150.5 147.9 145.2 140.2 132.1 122.7 113.2 102.3 92.9 84.7 76.9 67.9 56.6 46.2 45.1 48.8 47.6 47.4
299.9 294.5 287.4 285.7 281.2 276.4 270.1 262.6 251 241.6 233.5 226.1 218.1 206 194.9 187.9 184.2 181.9 180.2 181.5 184.8 190 196.8 205.8 217.2 233.6 245.1 247.8 248.9 239.8 202 152.9 121 95.8 70.6 41.6 25.5 8.8 6.7 6.9 5.9 5.2 14.8 16.3 16.2 23.8 27.5 40.4 60.1 77.5 107.1 131.3 148.3 161.1 168.5 177.3 173.5 176.3 183.6 181.2 177.2 174.2 171.8 164.5 156.3 152 149.9 149.5 146.7 143.7 138.7 132.5 121.3 109.4 99 88.2 77.8 67.6 54 52.5 43.2 38.9 43.6 43.3
295 289.4 284.2 283.7 281.6 274.8 270 259.7 252.1 242.9 233.7 226.2 220 212.7 204.9 196.6 193.5 191.9 192 192.7 193.7 197.9 204.4 213.1 224.4 239.5 253.3 256.3 247 239 199.1 160.9 127.8 103.1 77.3 50.6 28.8 9.6 6.5 6.6 4.6 6 15.6 16 16.7 23.2 27.3 31.3 51.6 70.7 93.6 126.5 136.4 149.6 159.2 168.8 171 173.5 179.5 181.8 181.2 176.9 177.4 171.4 163.6 160.4 154.2 148.2 146.8 144.8 141.7 136.8 127.7 115.1 102.6 90.8 78 65.7 52 51.1 45.6 34 39.3 39.5
