public/OST50/ND02.asc
ncols 200
nrows 200
xllcorner 300000
yllcorner 920000
cellsize 50
[rows 0 to 34 of 200, columns 0 to 77 of 200]
292.5 289.5 285.8 281.9 278.3 272.6 266.6 271.2 274.3 275.8 276.3 275.7 275.3 275.5 276.5 276.7 277.4 278 280.4 281.3 281.3 280.3 279 276.8 274.5 273.6 272.5 268.7 265.6 263.7 262.1 259.6 255.7 250.5 245.1 241.6 236.1 232.7 218.6 218 215.6 222.9 232.9 242.5 250.8 257.6 260 259.2 258.1 256.8 255.6 254.5 254.3 254.1 251.9 247.2 242.3 236.9 230.5 224 217.6 215.3 213.3 212.2 209.8 207.4 205.6 203.9 202.1 199.1 198.4 197.7 198.3 196.7 196.9 197.3 198.2 203.7
293.1 290.3 287.4 283.4 280.4 273.4 275.3 278.7 280.1 280.8 279.8 278.6 276.7 276.7 276.8 276.7 276.4 276.3 276.4 277.5 277.7 278.1 276.3 272.4 269.5 269.4 267.9 264.4 261.8 260.5 257.8 254.3 250.2 246.3 242.4 239.8 234.3 230 222.5 216.8 215.3 218.7 227.8 241.7 250.9 256.8 258.2 256.2 253.9 252.6 251.3 250.7 250.3 250.1 248 243.5 238.1 233.6 228 219.5 215.8 214.2 212 211 209.2 207.1 205 203.7 202.3 201.7 199.7 199.6 197.1 197.2 196.9 197.8 203.9 205.7
297.2 294.1 290 286.2 278.2 280.4 282.1 284.3 285.4 284.6 283 280.5 278.2 277.2 276.7 276.7 275.8 275.1 274 274 273.7 272.4 269.7 267.5 265.9 263.9 262.2 260.5 259.1 257.2 255.2 251.6 245 242 236.1 231.3 226.9 229.3 222.4 216.8 215.2 217.9 221.3 237.9 247.3 253.4 254 252.1 249.7 248.4 247.9 248 247.2 246.6 244.2 240.2 235 231.3 223.7 216.7 213.8 212.2 210.8 209.4 208.4 206.8 205.2 203.8 202.3 200 198.7 197.3 198.1 198.5 198.9 204.3 206.4 207.2
300.6 297.3 292.7 287.4 286.1 287.9 288.7 288.6 288.4 286.8 284.9 283.3 279.6 277.7 276.9 276.1 274.7 274.1 272.9 270.8 268.1 267 266 264.8 263.4 261.9 260.6 259.2 257.9 254.2 252.8 247.9 246.6 245 242.8 240.3 235.5 230.8 227.3 221.5 215.1 215.9 218.5 229.9 240.6 244.9 245.1 245.5 245.4 245.4 245.7 245.7 245.1 243.4 240.8 237.7 231.8 224.1 217.3 213.8 212.4 211.2 210.1 208.5 207.5 206.3 204.2 202.2 201 199.8 198 198.9 199.7 200 205.5 207.1 208.3 209.2
303 299.1 293.7 287.6 291.9 293.3 293.7 293.6 292.1 289.1 286.8 285.1 280.8 278 275.7 275.1 274.3 273.8 273 272.3 271.2 269.1 266.7 263.8 260.7 258 256.6 255.8 255.7 253.8 253.8 253 251.9 248.6 245.5 241.1 236.3 230.5 225.9 224.8 225.1 216.6 215.1 221.1 228.5 233.1 236.5 240.1 240.3 242.6 243.4 243.3 241.8 239.4 237.1 233.3 228.5 219.8 213.3 212.7 211.9 210.9 209.7 208.7 207 205.1 202.8 200.9 199.1 199.5 202.3 207.1 206.8 203.3 208.8 209.5 211.1 210.9
305.1 302.1 297.9 294.4 297.2 297.7 296.9 295.9 293.4 290.5 289.8 287.5 284 280.9 277.4 277.5 276.6 275.1 274.2 273.4 272 269.9 267.6 264.2 262.3 259.8 261 259.7 258.8 257.4 255.7 254 252.4 250.6 247.4 244.6 237.9 233 230.1 231.5 228 221.8 218.6 216.3 216.9 225.3 229 231.7 235.7 238.6 240 239.5 237.4 232.4 230.7 228.4 222.5 216.2 213.4 212.5 211.6 210.6 209.5 208 206.4 201.1 200.1 201.7 201.5 203.7 209.2 209.7 209.6 209.3 209.5 212.2 212.8 214.1
306.1 303.9 299.3 300.4 301.6 301.3 299.7 297.7 294.6 291.2 288.6 287.8 285.6 282.6 280.2 279.6 278.4 276.7 275.5 274.1 271.6 269.2 267.7 265.7 263.2 263.1 262.5 261.3 259.5 257.5 255.7 253.7 251.8 249.7 247.8 244.9 241.2 236.2 234.7 234.5 230.5 223.9 221.9 220.2 218.2 212.9 219.9 225.3 227.8 233.2 233.1 232.4 230.8 228.2 222.9 219 216.5 213.6 212.2 211.2 210.3 209.5 208.4 206.9 201.6 204.9 203.8 203.7 204.8 208.1 211.4 212.2 212.8 212.6 210.7 213.9 215 216.3
306.8 304.7 301.1 304.8 305.3 303.7 302 299 294.8 292.2 289.6 287.6 285.3 283.9 282.7 283.1 282 279.8 277 274.4 274 272.2 270 265.9 265.2 264 263.2 261.7 260 257.8 255.3 253 251 249.1 247.6 245.7 244 239 236.9 233.5 229.4 226.7 224.1 222.4 221.3 218.9 212.9 215.8 220.3 225.9 227 226 226.3 221.9 217.7 216.9 215.7 212.8 211 209.9 208.8 208 206.8 204.1 202.4 204.8 205.7 207.5 209.1 212.7 213.6 214.2 214.7 214.3 213.5 214.3 216.5 217.8
309.4 308.4 306.7 307.4 308.4 305.5 302.6 299 297 296.3 294.8 292.6 289.5 287.6 287.5 287.9 286.7 284.4 279.8 278.1 276.4 273.9 270.6 268.5 266.2 265 263.3 261.9 260.4 258 255.1 252.5 250.8 249.6 248.1 246.2 243.8 239.1 237.9 236.1 233.2 229.7 227.5 222.9 221.2 219.6 217.3 212.8 213.4 217.5 218 221.9 219.5 215.1 214.4 213.3 211.9 210.8 209.7 207.9 205.3 204.7 203.9 203.1 206.7 207.8 207.7 209.4 211.7 215.3 216.6 216.2 216 214.9 214.9 216.6 218.3 219.9
312.5 311.6 310.2 309.4 311.1 309.6 306.3 303.1 301 301 299.6 298.7 296.5 295 293.1 291.4 289.9 286.9 283.8 281.7 278.4 275.6 272.7 269.3 267 264.7 262.5 261.6 260 257.9 254.7 252.4 250.6 248.8 247.1 244.8 244.1 242 240.1 236.8 235.6 231.1 227.8 223.7 221.7 220.1 218.2 215.5 211.5 212.3 213.2 213.6 213.4 212.2 211.9 211.4 210.3 208.2 206.7 206.9 207.4 206.6 205.7 206 209.8 210.3 210.5 212.3 213.9 217.9 219.3 218 218 217.6 216.6 218.6 220 221
315.4 315.7 315.1 314 314.7 313 311 307.7 304.8 304 303.5 301.9 300.2 298.4 296.5 294.2 291.7 288.7 288.2 285.4 281.8 278.6 274.7 270.8 267.1 264 261.7 260.3 258.8 256.9 254.5 251.6 249.6 249 248 247.1 245.5 242.7 240 237 234.9 232.8 229.6 225.5 222.8 220.5 216.6 215.9 212 214.8 216.5 211 209.7 208.6 208.5 209.3 207.8 206.8 211.6 212.4 212.5 213 215 212.9 212.4 213.5 214.4 215.1 216.3 218.8 220 220.2 219.8 219.6 220.1 219.6 221.6 222.4
318.8 318.7 317.4 317.3 318.8 318.2 316.7 314.1 311.6 307.9 306.4 303.5 302.6 299.9 298.5 296.9 293.7 293.7 292.2 289.8 286.4 282.8 278 273.2 268.2 264.8 262.4 260.3 258.3 255.7 253.3 252.2 251.4 250.3 249.3 248.3 246.4 243.9 240.1 237.4 235.9 231.8 228.1 226.6 224.6 222.5 220.5 219.2 218.1 221.5 219.9 215.5 213.9 212.7 212.7 217.7 218.7 217.2 215.3 215.7 215.6 214.1 216.5 214.1 216.2 217.1 218.4 218.8 219 220.4 221.7 221.9 221.9 222.3 223.3 225.2 223.9 225.5
325.6 323.8 322.2 322.3 324.6 323.4 322.4 321.1 318.7 314.5 310.9 308.6 305.9 303.4 301.4 299.4 297.2 297.5 295.5 294.4 291.4 286.8 281.8 276.8 271.7 267.4 263.8 260.2 258.9 257.5 255.1 253.6 252.7 251.4 250.4 249.1 247.3 243.9 241 238 235.6 234.1 232.9 229.6 227.6 225 223.6 221.2 220.2 222.8 221.3 222.8 218.1 217.7 217.4 219.1 218.2 216.3 219.1 218.7 216.3 216 217 217 219.5 220.1 221.8 221.8 222.6 223.5 224.9 224.5 225.1 225.7 227.3 228.6 226.4 228.8
331.8 330.1 329.3 328.4 329.6 329.5 328.4 327.2 324.6 321.7 319 315.3 310.4 308.5 306 303.1 300.9 302.1 299.9 298.7 295.6 290.3 285.1 279.9 274.9 270.1 266.8 263.6 260.2 258.2 255.6 253.6 252.7 251.4 250.2 249.3 247.1 244.2 241.2 238.9 236.9 236.4 234.8 233.1 231.2 229.4 226.2 224 222.7 224 224.1 223.1 220.2 219.4 218.4 218.2 216.9 219.2 222.3 221.2 217.8 218.2 220.5 220.2 221.5 222.5 223.3 224.2 225.5 227.3 229.5 231.2 231.8 231.6 231.5 231.8 229.4 231.8
338.7 336.9 336 333.7 335 334.6 334.3 333.4 331.1 328 325.9 322.9 317.9 313.9 311 309.1 306.8 306.3 303.7 302.3 299.2 294.8 288.4 282.9 278.2 275.9 272 266.3 261.7 258.7 255.6 254 253.2 252.1 250.4 249.1 247 244.2 241.5 240.1 239.9 239.8 239.3 237.3 234.4 232.5 228.1 228.1 226.3 226.9 226.4 224.4 222.1 220.9 219.3 217.8 218.6 221.2 223.1 222.1 219 221.8 224.1 223.7 223.7 225.2 226.5 227.6 229.9 232.1 235.5 238.7 238.9 238.2 237.4 234.5 234.1 236.6
348.1 346 344.5 341.4 341.2 341.3 341.2 341 339.4 336 333.5 329.4 325.2 320.1 317 314.9 313.1 311.9 309.6 307.1 302.9 298 291.1 287.9 284.9 279.8 274.2 268.7 263.4 259.6 256.4 254.9 253.7 252.4 250.8 249 246 243.4 242.2 242.6 242.6 242.4 242.3 240.2 237.3 233.8 230.6 230.4 230.5 228.3 228.6 227.5 224.5 222.3 220.2 220.3 220.9 223.1 223.4 222.6 221.7 224 226.5 227 228.3 230.1 231.7 232.1 234.8 238.9 242.9 245 245.8 245 243.4 239 239.4 242.6
366.8 359.1 355.9 351.2 350.7 350.8 349.9 350 348 345.1 342.3 337.9 333 327.5 323 321.7 320.4 317.2 314.1 309.8 307.2 302.7 299.3 295.7 289.3 283 276.7 270.9 266 261.8 257.5 256.1 254.6 252.9 251.2 249.7 247.4 246.1 244.6 243.9 244.1 243.9 242.6 241 236.9 233.9 232.7 231.9 232 230.4 230.2 229.7 228 226.1 224 223.8 223.6 224.6 225 225.6 226.3 227.4 229.7 231.1 232.3 234.8 235 237.7 241.8 246.2 249.7 251.4 252.6 251.1 249.1 243.7 245.5 250.2
379.8 372.6 367.8 361.7 360.2 360.7 360.4 360.5 359.7 358.1 354.6 349.4 345.7 339.3 333.7 329.3 325 323.1 319.4 315.2 311.3 306.7 303.7 298.2 291.7 282.1 276.8 269.8 265 262.2 258.9 257.1 256.2 255.1 253.7 250.1 247.9 247 246.4 246.6 246.8 244.5 241.4 238.2 237.6 235.9 235.6 235.2 235.2 233.5 232.9 232.2 232.1 230.6 229 227.9 227.3 227.4 228 228.9 229.4 230.7 232.4 233.4 235.9 238.5 241.6 245.4 248.4 251.4 255.5 258.1 259.2 257.8 255.3 248.1 251.4 258.3
396 386.9 379.5 374.5 373.7 373.7 374.3 374.2 372.5 370.7 367.9 365.1 359.5 352 345.6 339.5 333.7 329.3 324.3 319.1 315.2 309.4 303.6 295.7 288.2 279.8 273.7 268.3 265.6 262.7 259.8 258.7 258 258 256 251.2 249 247.5 246.9 246.8 246.7 244 240.7 238.9 239.2 238.7 238.7 240 239.8 240.9 240 238 236.2 234.1 232 231.7 231.3 231.3 231 231.8 232.5 233.7 234.6 236.1 240 243.2 248 252.6 255 257.8 260.8 264.7 264.8 262.2 259.9 253 257.1 265.5
407.2 398.5 392 389.4 389.6 390.6 389.7 388.2 386.7 385.7 384.6 381.2 375.1 366.4 358.4 351.6 345.7 338.2 331.3 325.3 318.7 312.3 306.1 297.5 288.4 279.7 272.4 268.3 265.6 263.1 261.2 260.8 260.4 257.7 255 252.7 249.8 247.4 246.5 245.6 243.4 241.9 243 243 243.1 241.9 242.2 243.3 246.4 245.9 245.4 244.6 241.6 239.5 238 237.8 237.5 236.4 236.5 236.1 236.3 237.1 237.6 239.6 246.5 250.8 255.1 260 262.4 265.1 268.2 270.6 269.7 268.5 265.3 258 261.8 272.9
411.2 407.2 405.4 405 405.7 407.8 408.6 407.4 405.3 402.8 403.2 399.8 395.8 389.1 380.6 370.6 360.8 349.8 340.1 332.8 324 316 308.2 298.1 287.7 278.9 271.3 267.8 265.8 263.8 263 261.3 258.2 256.2 254.6 254.2 249.5 247.2 247.8 246.8 246.1 245.5 246.8 248.2 247.7 246.9 247.2 248.7 251.4 251.1 251.3 251.6 251.7 249.9 248.5 247 247.8 247.7 246.7 246.3 247.1 245.3 243.8 249.6 255.7 259.2 262 267.5 271.2 273.8 276.6 277.4 276.2 275 271.4 265 266.4 280.6
421 418.6 417.8 420.1 423.2 426.3 428.7 430.3 429.6 428.8 426.1 424.4 418.5 411.5 403.3 393.2 380.1 365.8 353 342.8 332.6 320.8 310.6 298.1 287.1 279.5 272 268.3 265.6 263.3 261.5 258.8 255.6 254.2 252.4 251.4 252.1 252.5 250.6 250 249.6 248.8 249.1 251.6 250.9 252 253 255 258.9 261.4 263 264.1 263.4 264 263.6 263.5 262.9 261.2 260.9 260 258 255.1 256.1 261.7 265.6 269 271 274 280 283.1 284.4 284.9 284 281.6 276.3 271.2 269.7 287.6
431.6 429.3 432.6 438 441.3 446.6 452 456.1 458.5 458.4 457.4 454.2 446.8 437.6 426.1 414.1 399.2 382.7 366.3 352.9 338.2 325 313.9 302.6 290.8 281.6 274.2 269.1 265.5 262.5 259.9 257.4 254.9 257 256.6 255.8 257.8 257.7 255.9 253.6 252.9 253.3 251.8 254 254.4 255.8 258.1 263.6 269.7 272.8 274.5 275.5 279.4 283.9 284.2 283.1 282 283.1 278.2 274.3 270.5 269.4 269.3 272.5 275.9 279.7 281.7 282.9 287.1 290.5 291.9 292.5 291.2 289 282.1 277.1 273.6 293.2
439.3 442 449.1 456.7 466.2 476.2 482.5 488 491.4 490.9 491 487.9 482.4 472 458.4 440.5 419.9 401.2 382.2 365.8 350.4 334 318.3 305.3 293.6 284.3 277 271.6 268.6 263.6 261 258.2 259.6 261.4 260.9 260.9 262.3 261.9 259.4 257.7 257 255.7 255 255.4 257.8 259.4 264 271.9 278.3 284.9 290.3 296.9 305.5 306.7 306.2 306.8 308.2 304.6 295.9 288.1 283.5 282.8 282 286 288.3 292.1 292.6 291.8 293.6 296.3 297.5 298.6 297.2 293.2 288.6 284.3 277.7 297.4
447.2 454.7 467.4 482.5 498.2 509.4 516.6 521.2 524.9 525.1 524.9 522.1 516.1 503.6 487.8 470.1 450 425.5 404.2 383.9 365.4 345.9 327.1 309.1 295.8 286.8 280.2 278.1 273.4 268.8 265 261.3 263.6 264.7 265.5 267.4 269.6 268.5 264.9 263.5 263.1 261.9 259.9 260.8 263.6 267.4 276.2 284.2 295.1 305.7 313.4 318.4 324.3 329 332.2 333.2 328.8 321.3 311.4 302 297.2 295.7 296.1 300.4 303.8 304.8 303 301.7 301.4 303.6 304.6 304.3 304.2 301.8 297.3 292.3 282.4 299.3
453.6 470 492.1 513.9 530.5 543.1 551 554.4 557.7 558.1 557.7 555.5 546.9 532.5 514.3 496.1 476.5 456 430.8 405.5 382.5 362.2 339.1 318.2 298.8 291.2 287 284.5 279.6 274.4 269.2 265.6 267.5 268.7 270.5 274.6 278.9 277.8 275 275 271.8 272.3 271.3 272.4 275.8 282.7 292.5 301.7 314.1 324.7 334.6 343.6 353.6 358.7 361.5 360.1 349.9 339.2 327.2 321.3 313.2 309.8 313.5 317 320 320 315.9 312.3 312.4 312.9 313.5 313.5 311.4 308.4 304 298 291.3 303.1
458.4 483.8 513.1 539.2 558.9 576.4 584.4 588.2 591.5 592.5 593.9 591.6 579.4 560.6 541.7 523.6 504.3 481.7 456.9 430.8 397.5 372 350.7 328.6 309.5 300.1 291.8 285.7 282.9 276.1 273.1 272 272.7 275.4 278.6 284.3 289.2 289 285.6 285.2 284.3 283.4 284.1 285.8 292.4 302.2 311.3 319.9 331.4 344.7 359.1 373.2 386.7 395.5 399.8 390 371.8 357.6 344.5 335.4 328.6 325.8 333.2 336 336 331.7 327 324.9 324.8 322 321.8 320.6 317.4 313.8 309.1 301.2 299.9 306.7
462 491.1 520.4 545.5 573.2 605.4 619.7 623.6 626.8 630.1 629 628.6 609.8 588.6 568.5 552.1 530.9 506.7 480.9 455 425.7 391.2 362.2 340.8 321 306.8 295.9 289 281.7 279.8 280.2 279.2 279.7 282 287.6 294 301.7 301.3 299.8 298.7 298.1 298.1 300.2 304.1 313.2 321.7 328 337.9 356 369 383.6 398.7 409.2 417.3 419.3 410.6 394.8 380.2 362.7 352.4 346.5 344.9 351.9 349.5 347.1 339 335.4 335.1 333.5 329.5 327.5 325.8 322.1 317.3 312.9 309.2 299.3 309
462.8 491.2 518.1 544.8 575.6 605.8 636.9 660.4 663.7 672.6 669.9 664 639.6 614.8 600.5 590.5 559 531.2 503.2 472.8 444.1 411.7 381.6 356.4 333.9 313.4 298.7 292.4 289.3 285.8 286.5 286.5 284.5 288.1 293.4 299.7 309 311.4 313.3 313.4 314 317.1 321.7 324.1 329.6 334.9 342.7 358.8 374 387.5 401.5 415.9 427.6 430.8 428.2 421.3 410.8 397.7 382.9 371.3 363.8 359.9 361.7 357.7 352.2 348 343 341.8 339.5 335.7 332 328.4 324.6 320.1 316.1 312 309.5 310.3
461.3 488.1 512.7 541.1 570.7 600.1 626.3 655.6 683.8 701 685.6 675.2 658.3 634.2 627.1 613.1 581.6 552.4 522.1 489.8 457.5 427.8 398.3 373.1 344.8 323.6 308 302.8 296 293.2 294.5 291.4 289.2 291.8 295.6 303.8 313.6 320.9 325.5 329.1 329.8 334.9 337.2 338 341 344.3 354.9 371.9 386.5 399 413.4 426.9 436.5 437.8 432.9 426.3 417.3 408.3 397.1 387.1 378.4 373.7 370.8 363.9 359.9 355.3 349.9 345.9 343 338.9 334.4 330.3 326.1 321.8 317.3 314 312.2 313
457.5 482.6 507.2 536.2 562.7 592 619.6 641.3 664.6 677.5 678.1 670.7 661 646.2 638 618.5 590.4 564.8 537 503.6 469.1 437.6 411.3 384.9 359.1 334 319.6 313.1 304.9 301.4 301.6 294.3 291.7 293.2 297.3 305.4 316.2 328.8 336.1 340.8 343.7 347.3 348.6 347.4 348.9 352.3 364.4 380.9 395.4 407.9 423.3 435.5 448.6 445 436.7 429.3 420.9 412.4 403 393.1 386.9 382.4 378.7 371.6 365.3 359.9 354.1 348.2 344 339.4 335 331.4 327.5 323.8 319.7 315.5 313.9 314.3
450.6 476.4 498.9 528.3 554.4 582.5 611.8 634 654.3 663.9 665.2 662.8 657.6 651.4 652 624.6 598.9 568.2 543.5 511.1 476.9 446.5 417.1 392.1 367.4 344.7 329.2 319.4 309.1 305.5 300.2 294.9 293.5 293.9 297.4 306.2 317 332.2 341 348.3 352.2 354.5 355.5 353.9 353.4 358.3 371.2 386.8 401.3 414.2 426.7 446.1 462.4 447.1 438.7 431.5 423.9 415 405.8 397.2 391.4 386.8 383.6 378.5 371.5 364.3 357.3 349.9 344.3 340.3 336.1 332.7 328.8 324.9 319.9 316.8 317.1 315.3
444.8 466.8 491.4 518.9 544.8 572.1 601.7 626.5 644.1 653 654.1 652.9 646.9 640.6 639.2 623.4 598.1 569.3 541.2 513.2 481.5 450.7 421 395.2 373.3 348.1 339.6 323.7 312.2 306.8 300.6 296.3 293.7 292.2 295.6 304.8 316.9 330.6 341.1 350.8 355.5 357.6 356.9 355.9 356.6 362.4 375.6 390.9 404.2 415.6 430.5 450 466.1 448.3 439.4 432.4 425.1 416.6 407.6 400.2 394.6 389.6 385.7 381 373.9 367.1 359.1 351.5 346.2 341.6 336.8 333.2 330.2 326.9 323.3 320.6 319.8 318.4
438.5 456.6 482.7 507.6 534.3 560.8 590.1 618.7 632 639.1 642.6 642.6 635.3 626.4 618.7 615 594.8 567.1 541.1 514.1 482.4 450 423.2 396.6 375.2 352.3 342.3 327.2 313.6 308.7 301.2 296.4 290.5 288.7 292.2 302.5 315.6 326.8 337.2 346.5 354.1 356.2 357.1 356.8 358.3 366.4 378.6 392.4 404.9 415.7 430.6 445.4 456.3 446.2 438.2 432.5 425.9 417.5 410 403 397.5 391.7 387 382.1 376.7 370.4 364.1 355 348.9 343.1 338.1 333.5 332.3 329.3 326.7 324.2 322.2 320.3
426.6 445.7 471.2 496 520.7 544.7 574.5 601.5 612.5 620.4 624.9 626.5 625.4 614.8 595.1 589.3 578.6 559.2 532.6 503.5 476.3 447 420.7 397.4 376.2 358.3 341.9 325.8 312.8 306.2 296.1 290.7 286.9 285.4 288.9 297.9 311.3 322.3 332.9 342 350 353.5 355.9 357.3 359.8 369.8 380.1 392.4 404.9 414.9 426.6 437.5 445.2 443 437.4 432.3 426.9 419 412.1 404.8 398.8 394.3 389.6 384.9 380.9 376.6 368.8 360.8 352.9 346.7 340.5 337.7 336.1 332.7 329.6 327.8 325.4 322.1
