public/OST50/ND02.asc
ncols 200
nrows 200
xllcorner 300000
yllcorner 920000
cellsize 50
[rows 105 to 139 of 200, columns 78 to 155 of 200]
179.2 178.3 177.9 162.1 177.9 190 196 202.3 206.6 211.1 214.8 218.7 221.8 225.1 227.8 230.3 230.2 227.9 226.5 225.2 223.9 223.3 222.5 221.7 221.1 220.6 220.1 220.8 222 223.7 224.7 225.2 226 227.5 231.5 236 238.9 238.1 234.8 230.4 225.1 219.5 214.2 208.8 205.5 200.6 198.2 194.2 184.5 177 177.2 180.2 185.9 191.4 192.3 179.1 199.4 207.4 215.6 223.4 226.4 229.2 231.4 233.9 235.9 235.9 235.2 235.9 238.1 239.4 238.7 238.1 236.2 233.4 228.9 224.9 220.7 215.7
173.7 174.4 169 168.6 188.1 197.9 207.3 210.6 214.2 216.3 218.8 221 223.6 227.4 229.9 231.2 232.5 231 227.2 225.7 224.5 223.2 220.3 218.3 218.1 217.8 218.3 218.6 221 222.9 224 225.2 226 227.2 231.6 235.2 235.9 232.9 229.1 224.9 219.8 216 211.6 207.4 205.1 200.2 197.6 195.3 192.4 191.6 183 172.2 172.2 175.7 177.2 185.5 190.9 198 203.6 209.2 216 222.1 226.3 228.9 231.3 232.7 232.4 232.2 233 234.7 236.5 236.6 235.5 233.2 228.6 222.7 218.3 214.6
166.2 163.7 161.8 182.7 196.7 207.8 213.8 216.1 219.6 222.6 225.1 226.9 228.2 231.1 232.4 232.5 231.3 229.1 225.8 225.9 223.9 227.2 224.6 219.4 217.9 217.2 216.5 217.4 220 222.2 223.1 224.9 226.1 226.4 226 229.2 230.2 227.9 224.6 221.9 216.7 211.7 208 204.3 202.1 199.2 195.1 193 191.2 192.1 189.9 187.8 181.5 167.7 160.2 177.3 185.6 191.6 197 200.3 204.9 210.3 216.5 221.7 225.8 227.9 228.7 228.8 230.2 232.6 234.8 234.9 233 229.9 225.6 218.7 212.7 207.8
157.2 154.5 178.6 196.1 208.1 214.8 220 223.8 223.5 223.6 223.4 223.5 223.8 225.6 226.5 226 225.3 223.5 222.2 221.3 220.2 219.8 219.1 218.2 217.1 216 214.3 215.3 218.2 220.6 223.5 226.7 227.5 225.1 223.3 221.8 222.1 220.8 219 217.3 213.1 206.6 201.9 199.4 197.4 195.2 192.4 189.3 190.7 190.5 188.7 187.6 185.1 183.5 156.5 162.8 177.7 186.7 191.3 195.2 198.2 201.5 206.1 211.6 216.7 221.1 222.4 225.2 226.8 229.4 230.9 232 230.3 227.4 222.9 217 210.4 203.8
173.3 185.7 195.9 204.2 210.1 215.8 222.4 222.9 220.9 218.2 217.8 220.3 220.2 221.9 224 221.9 221 219.8 219 216.7 215.1 215.8 215.6 214.4 213.4 211.9 211.2 214.1 216.7 220.4 225 228.9 227.8 223.4 218.7 213.7 210.3 208.8 208.6 208.1 205.5 198.5 195.2 192.8 192 190.2 186.4 183.6 187 186.3 185.2 183.9 182.8 180.8 179.3 156.4 167 180.7 186.3 190.4 193.1 196 200.5 204.9 208.1 211 214.5 219.9 222.3 225 227.6 226.6 226.6 225.6 222 216.8 210.3 203.8
176.4 183.8 190.3 197.7 205 209.7 216.7 214.1 211.3 210.6 210.1 209.8 211.2 215 219.2 218.1 216.1 214.7 212.9 210.6 209.8 210.7 210 208.2 208.5 209.8 210.1 213 215.5 221.5 226.6 229.4 228.3 223.3 217.6 211.7 205.9 200.8 195.2 192 189.9 188.4 184.3 183.2 184.4 182.5 180 177.6 176.9 179.1 178.9 177.8 176.7 173 169.7 162.3 160.9 175.6 182.8 186.1 189.8 192.1 195.7 199.3 201.8 203.6 208 213.7 218.4 221.6 223.4 224 223.8 221.3 219.1 216.5 211.1 205.8
173.2 178.7 186.6 193.6 198.4 203 206 201.4 203.3 204.7 205.7 205.6 206.6 210 215.5 213.5 209.8 209.2 207.9 207.2 206.8 207.2 205.6 205.4 206.8 208.1 209.9 211.8 215.3 219.8 225 228.4 226 220.7 214.9 209.3 203.3 197.8 191.9 187.7 184.5 181.1 177.9 176.5 174.6 173.4 172.8 171.2 171.3 171.6 172.7 171.5 171.3 171.6 169.9 156.8 156.2 171.5 179.1 182.6 185.9 187.8 189.9 193.2 194.9 195.7 199 207.9 214 216.2 216.2 216.8 216.2 214.4 215.2 213.5 210.1 205.2
168 172.4 178.7 186 190.7 194.1 197.3 195.7 195.8 199.1 201.3 203.7 205.5 206.3 207 207.2 207 206.7 206.4 205.9 205.5 204.9 203.9 203.7 206.2 207.8 208.5 208.8 213 216.9 221.3 224.2 222 217.3 212.4 207.7 201.9 195.6 188.4 184.4 180.6 177 173 171.3 167.9 166.1 164.9 163.9 164.1 165.4 166.5 166.1 166.7 167.3 167.3 156.7 150.4 164.6 172.3 175.9 178.3 181 183.7 186.2 187.8 188.6 192.2 200.1 204.8 207.5 208.6 208.5 206 208.4 211.4 212.1 210.6 207.2
157 167 174.3 181.7 182.4 184.8 186.5 188.5 191.7 194.9 197.5 202.5 205.9 206.6 206 205.9 205.3 204.7 204.2 204.6 204 203.2 201.3 203.7 205.6 206.9 207 206.6 208.6 212.8 216.5 218.1 215.8 211.6 207 202.6 195 189.7 185.8 180.2 175.3 171.6 167.9 164.5 161.5 159.3 156.6 156 154.6 154.7 155.1 154.7 155.4 157.1 159 158.2 145.5 153.5 165.6 169.1 171.2 172.3 174.6 177 179.4 180.8 184.4 187.8 191.4 194.4 195.7 195.9 195.2 198.2 200.4 202.5 204.8 204.5
146.8 157.2 163.2 170.1 175.2 180.1 183.9 184.6 190.2 193.7 196.3 201.7 205.4 205.2 203.4 203.7 203.3 202.6 202 202.9 202.3 201.2 200.9 203 205 206 205.6 204.1 204.3 208.7 211.2 212.4 209.3 206.8 202.7 197.1 188.6 182.4 178.2 173.1 169.8 166.3 161.8 158.3 153.1 153.5 151.3 150.4 149 148.2 146.9 146.8 147.9 149.2 148.8 149.7 145.1 148.6 158.9 160.3 163.5 164.8 166.2 167.8 167.2 170.9 172.2 174.6 176.7 179.3 181.2 183 184.8 187.8 189.4 192.1 194 196.2
135.7 145.4 154.5 160.5 169.9 174.4 176.9 180 184.8 187.8 191.2 194.8 197.2 198.9 200.7 202.4 202 201.2 200.2 199.7 199.3 192.3 200.8 202.6 204.7 205.7 205.2 203 199 202.7 205.1 203.8 201.8 199.1 194.2 188.2 180.5 175.3 171 167.6 164.2 159.5 157.4 154.4 151 149 146.2 149 148.5 145.6 144.6 145.2 147.9 148.3 146.2 145.4 138.9 141.6 147.1 151.2 153.2 154.6 157.2 158.9 158.2 160.6 161.5 163.5 165.3 167 168.8 170.6 173.9 176.4 181.5 183.4 187.7 190.1
135.8 140.4 144.5 149.9 158.2 163.8 168 173.6 176.8 180.8 185.3 189.9 191.9 194.2 196.7 200.4 201.2 200.9 198.9 197.6 198.1 197 200.2 202.4 204.5 206.3 205.6 203.4 199.3 195.2 192.3 194.4 193.2 190.4 185.6 179.7 170.6 167.4 166.1 163.4 161.1 159.2 158.2 153.5 150.7 149.3 147.5 143.5 142.7 142.5 142.2 143.3 146 145.6 144 142.2 137.8 136.7 139.6 141.4 144.4 146.2 147.9 148.7 150.9 151.5 152.4 154.2 156.9 157.8 159.9 161.6 163.9 167.6 172.8 174.4 179.5 180.8
134.1 138.8 141.6 143 148.7 156.1 159.5 163.9 170.9 176.6 178.9 186.5 189.2 190.5 194.7 197.7 197.6 197.6 196.6 195 192.8 196.1 198.6 203.2 206.1 207.1 207.6 206.8 202.1 198 193.3 187.4 184 181.7 177 170.7 166.1 161.4 159 162.6 159.6 157.3 156.5 153 150.1 148.6 146.7 143 140.2 138.4 138.2 141.1 143.1 142.9 141.5 139.4 138 135.1 135.9 136.1 138.6 141 142.3 143 144.8 146.8 148.5 149.2 151.2 153.4 155 157 157.7 158.3 161.7 162.2 168.1 171.2
138.7 135.4 139.8 139.3 137.5 142.1 146.8 153.2 162.7 168.5 173.8 178.8 183.1 186.5 189 188.9 190.1 189.6 191 190.9 185.9 192.8 196.3 202.6 205 205.5 206 205.6 204 201.4 197.9 193 185.6 177 171.4 166.4 160.5 156.8 152.2 156 153.7 152.7 152.8 149.3 146.6 145.1 143.2 140.9 138.2 136.9 136.6 137.7 140.4 137.6 136.7 136.1 135.7 133.6 133.6 134.3 135.2 136.1 136.9 139.7 140.7 143.3 145.4 147 148.4 149.7 151.5 153 154 153.3 152.7 153.3 157 161.3
142.2 139.7 136.6 131.8 134.9 136.8 138.2 143.2 150.6 157.7 164.4 168.7 172.1 174.3 178.5 182.5 184.1 185.3 186.2 181.5 187 190.6 195.8 200.4 202.1 203.5 203.8 203.6 204.3 203.8 201.1 199.1 193.8 186.8 179.9 172.1 164.7 160.2 153.3 149.6 145.1 143.5 140.9 140.5 140 138.9 137.6 136.7 136.6 135.5 135.4 134.2 133.8 133.5 133.7 134.2 133.8 131 133.3 133.2 134.2 134.3 134.7 137 140 142.5 144.4 146.3 147.3 148.2 149.2 149.7 150.3 150 148.2 148 148.6 151.1
143.6 141.6 141 137.6 135 130.7 133.1 133.9 138.6 147.6 154 160.6 164.9 168.9 172.8 175 178.4 181.5 181.6 176.9 185.8 189.2 195 198.5 199.3 200.6 200.8 201.2 202.6 203.1 201.5 198.8 193.7 188.7 182.8 177.1 169.6 164.1 156.8 151.3 148.1 142.4 139 138.6 138.2 137 135.5 134.8 133.5 134.3 133.9 132.2 131.3 131.4 132.2 132.9 131.3 129.8 129.2 132.3 132.8 132.5 134.2 135.4 136.8 140.4 142.1 145 146.1 147 147.1 147.4 147.2 146.9 145.3 144.4 144.5 146.8
148.5 146.9 147 141.2 137.5 134.2 132 131.1 133 137.7 146.8 152.3 155.9 161.3 165.9 170.1 173.5 170.4 173.6 181.1 187.8 193.6 197.2 198.9 198 197.3 197.4 196.2 198.4 197.7 195.3 191.6 187.4 183.5 178.8 173.9 167.2 162.8 156.8 150.1 144.5 141.3 139.2 137 136.6 135.8 134.7 133.6 132.7 132 131.1 130.4 130 130.2 131 130.5 130.5 127.3 129.6 131.1 131.3 132.2 134.2 135.5 136.4 139.4 140.7 143.3 145.2 146.1 146.3 146.1 145.9 144.8 143.3 142.7 142.1 141.9
157.2 154.6 149.5 144.1 139.1 138.9 134.9 131.4 129.5 132.4 135.9 143.5 148.4 152.7 157.7 163.5 159.7 169.9 176.8 185.2 191.4 195.2 197 195.6 195.8 195.5 194.4 193.2 192.8 191.6 189.1 185.3 182 178.7 174.1 169.6 164 159 153.4 148.7 145.9 143.6 140.8 138.2 137 134.9 134.5 135.3 135.4 134.6 132.5 129.5 128.5 129 129.4 128.6 128.9 125.3 126.2 129.5 130.1 131.3 133.9 136.3 137.5 138.7 139 141.4 143.7 145.2 145.5 145.5 145.5 144.5 143.1 142.2 141.3 140.8
166.6 161.7 156.9 151.8 145.7 139.7 135 133.2 129.8 128.1 131.5 132.3 142.8 148.3 142.9 152.6 162.1 171.3 176.8 185 187 189.6 191.5 192.4 194.3 194.2 194.5 190.5 187.7 186.5 187.6 183.3 179.6 176.1 171.5 166.2 160.3 156.5 153.8 152.1 150 146.7 143.8 141.8 141.2 138.2 136.8 137 135.3 134.8 133 130 128 127.2 127.4 127.3 127.4 124.5 123.8 127.2 128.7 131.7 133.4 135.9 138 139.8 141.6 143 143.2 144 145 145.1 145.7 145.4 143.9 141.9 141.2 139.7
173.7 169.7 162.1 156.7 149.2 141.5 137.9 135.8 131.9 128.4 126 130.4 135.3 135.8 146.4 154.4 160.1 167.8 173.3 177.7 181 183.1 183.2 186.2 188.9 188.5 186.7 184.6 185.2 184.3 183.4 179.7 177 175.7 171.2 165.2 160.2 158 156.7 155.2 153.5 150.7 147.2 145.9 145 143.2 139.4 136.2 133.4 132.5 130.8 130.6 129.5 128.9 126.8 125.5 125.9 124.3 120.6 125.7 128.4 131.5 133.1 135.7 137.9 140.2 142.8 143.3 144.1 144.1 145 145.6 146.1 146.7 147.2 143.3 141.5 140.2
180.4 174.7 162.8 161.1 155.6 150.4 144.3 141.5 135.5 131.8 128.6 125.3 130.1 133.1 144 151.4 156.6 161.9 166.9 174.3 177 177 178.2 181.1 181.4 184.3 182.3 181.9 182.4 182.7 182.1 177.8 174.8 171.4 167.6 163.5 161.5 159.8 158.8 157.7 156.1 154.2 152.2 148.8 145.9 143.2 138.4 135.1 133.3 132.3 132.2 133.2 135.5 134.1 130 130 122.2 122.5 119.5 124 129.4 132.1 134.6 137.2 138.9 141.7 144.4 145 145.5 146.2 146.1 146.4 146.7 146.9 145.5 146.9 145.4 142.1
180.6 172.7 172.8 170.5 165.1 159.5 151.6 146.7 142.1 134.3 131.1 128.3 124.4 128.3 135 143.1 150.8 157 162.7 168.8 172.8 173.2 172.9 174.2 177.3 178.6 180.2 179.6 179.5 180.8 179.2 175.3 172.5 168.9 165.3 163.5 162.2 161.5 161.4 160.2 159.1 157.7 154.1 150.5 147.3 143.7 139.7 136.9 136.8 136.2 135.5 136.4 137.1 136.4 132 131.7 131.2 126.7 117.7 120.8 129.8 133.3 136.5 139.1 139.9 144.1 146.3 147.1 147.5 147.3 147.2 147.5 147.7 148.5 152.3 153.4 151.3 147.7
180.7 177.2 176.3 172.5 171 166.2 163.1 155.4 147.5 139.6 134.1 131 127.1 124.9 126.6 134.7 142 150.1 155.2 160.1 164 166.9 168.1 171.2 172.7 174.5 178 178.1 176.8 176.8 176.8 175 173.5 170.3 167.2 165.8 165.3 166.7 167.4 164.7 163 161.6 157.3 155 150.8 145.7 141.8 139.3 139.8 141.1 140.2 138.5 137.3 134.9 131.7 130.7 129.7 128.4 118.4 119.9 127.5 130.3 133.6 136.9 140 144.5 146.8 148.9 149.1 148.6 148.3 148.5 148.7 150.1 154.9 159.1 158.8 155.3
180.7 186.9 184.1 181.4 179.1 173.9 170.9 163.7 154.6 149.8 138.9 133.7 130.5 125.2 124.6 126.7 132.4 137.6 144.8 151.4 155.9 158.9 162.8 167.3 169.1 170.6 172.5 175.1 174.8 174.1 175.5 177.5 177.2 173.9 170.2 169.3 170 172.2 172.1 169.7 168.1 166.6 164.2 160.7 157 151.6 145.5 142.8 142.4 142.6 141.5 139.3 137.8 134.3 131.6 130 128.1 126.3 118.8 116.8 126.6 129.7 132 136.5 142.3 146.2 148.8 150.2 150.7 150.5 149.9 149.5 149.8 151.6 156.6 162.3 162.9 160.1
193 190.7 189 188.4 185.5 181.3 178.6 170.8 162.4 153.1 144.4 137.5 133.3 129.8 124.7 123.9 126.6 129 135.6 139.4 146.9 151.7 156.7 161.1 162.2 163.3 166.2 168.1 169.5 170.4 173.8 178.6 179.8 177 173.6 173.6 175.3 176.4 175.4 173.5 172.8 171.3 170.2 166.4 162.5 156.8 151 146.5 145.1 143.8 142.2 139.7 137.6 134.9 132.1 129.2 126.8 124.6 119.4 114.8 126.8 128.9 131 133.8 145.9 149.2 150.7 151.7 152.8 152.1 151.6 151.1 152.5 156.7 160.9 164.3 166.1 165.3
199.8 195.9 192.4 191.1 190 186.1 180.7 173.9 167.2 156.7 149.3 141.7 136.1 132.6 128.8 125.6 123.2 125.2 128.4 132.2 139.7 147 152.1 155.2 158.6 159.2 162.8 163.4 164.3 165.5 169.2 175.2 177.4 174.9 175.4 176.2 177.3 178.3 178.1 176.1 176 174.7 171.9 167.7 165 161 154.3 149.5 147.6 146.7 145 146.3 143.6 139.3 136 130.4 126.2 124.5 121.6 115.7 126.4 127.4 129.4 134.9 146.2 149.5 152.9 156.3 156 154.9 154 155.8 158.2 161.8 165.8 168.6 169.6 170.5
212 206.4 201 197 193.5 189.8 183.8 177.1 170.6 162 152.3 146.4 140.2 136.3 132.8 127 123.7 122.7 124.5 126.1 131.7 137.7 139.6 146.7 153.6 153.8 157 157.6 158.2 159.9 161.5 163.6 166.5 166.5 169.8 173.1 174.5 175.9 176.4 176.3 175.2 173.8 171.1 168.8 167.1 165 159.6 154.9 156.2 159.6 155.8 155.4 148.7 145.2 140.4 135.1 130.4 127.6 126.6 117.8 119 125.1 126.7 132.2 145.3 150.3 154.9 159.6 158.8 157.5 157.7 158.2 161.3 164.4 168.4 171.1 172.4 172.5
220.8 218.3 211.8 204.4 197.4 193.2 188.2 181.2 175 168.1 160.3 154 147.3 142.7 137.6 128.6 123.9 122.1 123.3 123.2 123.7 127.6 132.4 141.8 146.6 147 147 147.8 149.1 151.1 150.6 147.8 151.6 154.2 157.5 162.5 165.6 168.4 172.1 173.5 173.4 173.9 173.2 174.2 172.3 167.7 164.3 162.7 163.7 165.2 159.6 156.9 151.8 146.6 143 139.1 134.4 130.1 129.1 126.8 111 117.7 122.3 128.4 144.2 152.6 156.3 161.3 161.6 160.2 159.7 160.1 163.3 167.3 170.9 173.9 174.4 174.5
224.8 223.5 220 213.9 207.1 201 194.3 190.7 187.3 178.3 169.6 162 155.2 150.3 144 136.5 130.8 127.4 122.4 121.6 122.8 122.3 124.5 129.8 135.5 140.2 139.6 138.5 138.6 138.9 138.4 138.2 139 141 145.1 149.5 153.2 157.2 163.7 167.5 171.8 173.1 172.2 174.1 172.9 168.7 166.3 165 163.4 162.5 161 156.7 149.5 145.3 142.7 139.2 136.1 131 131.1 131.2 128.4 115.1 109.6 121.1 134.2 149.4 156.8 162.7 163.4 162.3 161.6 162.9 166.4 170.1 172.9 175.1 175 175.9
234.9 235.8 233.4 226.8 217.7 212.6 206.1 203.3 196.3 186.3 178.7 170.3 162.3 157.7 151.1 143.3 135.8 131.3 127.7 124 120.3 120.2 121.3 121.3 125.9 130.1 131.3 128.9 128 128.3 128.5 129 127.8 129.2 133.5 136.8 138.8 144.6 149.3 157.2 160.5 158.7 164 166.1 169.6 167.3 164.3 161.3 157.4 156.4 155.7 152.9 147.5 141.4 137.5 135.4 132.5 129.9 128.1 130.9 130 126.7 117.3 110.6 130.8 138.7 152.1 158.3 161.6 161.8 161.3 161.2 164.6 169.2 172.1 174 174.6 174.8
243.8 245.4 243.9 238.8 230.1 223.8 220.8 214.8 208.6 199.4 189.7 179.6 170.7 164.8 160.1 153 145.5 139.4 132.6 128 122.5 121.2 120.7 118.9 120.4 122.5 125.2 124.6 123.6 122.5 121.4 121.2 120.3 120.9 123.2 125.4 125.4 130.8 136.5 140.5 142 151.6 151.5 154.1 156.5 158.2 160.4 155.2 152.2 151.1 149.6 147.2 146 139 133.2 132.3 129.9 126.7 126.4 127.3 128.8 126 121.7 107.8 126.9 133.2 141.3 148.6 153.9 157.3 157.4 157.4 160.1 164.4 168.2 172.3 174.4 173.2
258.3 257.5 256.9 251.2 241.2 235 233.6 228.6 220.4 212.1 201.3 189.3 180.1 171.7 165.8 160.9 155.7 148.6 140.1 135.9 132.4 127.4 121.9 120.2 118.9 119 120.8 121.8 120.9 120.7 120 119.1 119.1 118.4 118.3 117.6 116.1 116.9 118.4 123.1 128 132.7 135.2 138.8 141.7 145.5 148 148.7 147.8 144 143.2 141.2 138.7 130.7 130.1 127.7 125 120.7 120.3 121.7 121.4 122.2 121 110.8 119.8 130.3 137.1 141.9 146.3 151.9 153.6 153.2 152.8 157.8 163.3 168.7 172.1 170.7
272.1 272.1 271 263.6 253.9 250.4 248.8 248.4 239.5 229.8 217.1 203 190.3 179.4 173.1 167.4 162.3 155.1 149.3 146.7 143.5 137.1 134.3 130.8 127.3 122.9 117.9 118.5 119.1 119.4 118.1 116.9 115.9 114.9 114.2 115.4 117.3 117 116.1 112.2 116.6 121 123.7 126.4 132.2 134.9 136.4 136.8 141.1 137.5 134.7 131.4 128.6 125.3 122.5 121.2 119.7 116.1 115.8 115.2 113.3 112.5 114.1 110.4 115.5 122.1 131.2 137.8 141.7 144.9 149.3 149.1 148.9 154.5 158.4 162.3 165.6 166.3
284.2 285.4 284 281.2 275.9 272.1 269.3 262.7 258 248 234.6 219.3 202.3 192 181.2 175.4 170 164.8 161 158.7 154.4 150.5 148 145.3 142.3 138.5 136.6 133.2 129.4 129.7 129.2 129.3 129.9 128 125.9 124 122.8 119.7 117.2 116.8 114.8 112.6 114.3 117 118.6 120.6 121.8 125.2 128.5 125.9 124.6 121.9 117.4 116.3 115.5 114.7 115.2 113.6 112.3 109.9 109.3 108.3 102.9 109.5 111.7 112.5 121.2 129.6 133.4 138.1 143.3 145.2 144.4 145.2 150.2 155.8 159.4 160.7
293.8 294.8 296 293 288.4 285.8 284.4 281.8 277.8 264.7 247.3 232.3 217.4 204 191.6 182.6 176.8 174.1 170.8 169.7 165.4 164.9 164 161.8 157 157.4 156.1 151.6 149.3 149.7 148.8 146.6 145.3 142.9 139.9 138.1 136.1 134.8 131.6 124.8 119.6 114.9 110.7 111.7 111.2 109.8 108 110 113.4 114.6 114.4 114.6 114.4 115 112.3 110.5 108.2 105.6 102.1 101.8 101.8 103.5 98.9 98.7 97.7 96.9 105.2 116.9 124.1 130.3 135.7 138.3 139.6 140.1 145.3 149.4 152.9 153.4
