public/OST50/ND12.asc
ncols 200
nrows 200
xllcorner 310000
yllcorner 920000
cellsize 50
[rows 36 to 71 of 200, columns 0 to 82 of 200]
128.7 128.5 131.9 125.3 111 141.2 194.4 225.4 234.4 236.4 239.2 242.6 240.9 235.8 233.2 229.1 224.2 220.9 216.3 207.4 200.2 193.7 185.2 176.9 167.4 157.9 150.1 150.1 150.9 147.4 147.9 150.3 151.8 154.8 158.1 161.6 165.2 171.8 180.8 189.7 194.5 196 197.4 198 196.4 192.6 189.6 188.9 188.3 187.4 187.7 189.4 188 186.1 186.6 186.6 186.8 186.5 183.9 180.5 177.3 174 174.4 174 173.6 173.3 173.1 172.8 171.5 170.1 169.6 168.1 168.4 169.2 168 166.6 165.8 167.7 170.5 170.3 167.4 163 157.7
128 122.8 136.3 128.1 110 134.1 167.6 199.2 228.3 229.5 224.2 225.9 223 219.7 216.5 211.8 207.5 205.4 201.9 196.7 193.8 190 179.7 170 155.8 149.3 133.5 142.4 144 143.2 146.5 148.3 150.3 152.9 156.8 160.8 165.8 174.7 185.1 194.2 196.8 197.4 198.6 198.4 196.9 194.1 190.9 189.9 188.1 187 186.6 186.5 184.6 183.5 184.3 185 185.5 186.1 184.3 183.1 178.8 175.3 174.7 174.4 174 173.7 173.4 173.1 172.3 171.5 170.7 169.7 169.7 170.4 169 167.4 167.3 169.8 173.3 172.6 169.5 165.1 159.3
127.6 121.6 122.2 121 108.3 126.5 149.5 176.4 205.4 213.4 208.3 200.7 194.5 192.5 192 190.5 187.4 182.2 178.3 175.8 174.4 170.9 163.8 150 142.4 146.7 116.8 135.5 146.3 145.6 146.7 148.5 149.8 151.6 155.4 159.5 170.4 181.2 191.1 197.7 198.8 199 199 198.3 196.5 195 193.3 192.5 192.2 186.5 185.9 184.1 182.3 181.3 182.4 183.5 184.2 184.3 184.4 181.7 178.9 175.5 174.8 174.4 173.9 174.1 173.8 172.9 173 171.8 171.7 171.5 171.2 171.1 169.8 168.4 169.1 172.3 176.1 174.2 171 166.3 160.2
127.5 123.1 120.6 118.1 107 117.5 131.4 155.3 182.6 196.9 195.3 181.5 170.4 163.2 163.5 160.3 155.4 150.3 145.8 145.9 147 145.4 140.2 131.9 130.4 127.4 108.7 130.2 147.3 151.2 147.3 147.5 148.7 150.7 154.7 158.8 173.2 186.6 194.7 199.6 200.7 200.3 199.8 198.5 196.2 195.2 194.4 193.7 193.5 187.6 184.5 183.4 182.3 180.1 180.2 181.1 181.3 182.7 183.2 180.7 176.7 174.7 174.2 173.9 174 174.3 174.2 174 173.2 173.2 172.9 172.7 173.5 172.7 171.5 170 170.4 174.4 177.2 175.1 171.9 166.8 160.8
129.1 124.7 122.8 119.7 106.4 115.7 118.7 138.6 168.6 180.9 175.4 160.8 144.5 136.1 131.1 126.7 123.7 121.2 116.7 116.4 117.9 117.7 114.9 113.5 104.2 100.3 100.9 117.8 136.2 146.2 146.9 146.4 146.9 148.8 152.4 157.3 172.6 188.6 194.7 198.9 200.6 200.6 200.2 198.9 196.9 195.6 195 194.1 191.5 187.7 182.8 181.4 178.4 178.4 178.3 178.6 178.7 180 180.4 177.9 177 173.8 173.6 173.5 173.9 174.5 174.6 175 174.6 174.5 174.3 175.4 176.3 175.2 173.9 172.5 171.9 176.4 177.3 174.9 172.5 167.7 161.7
135.2 125.1 122.7 118.4 107.6 114.1 115.6 128.1 156.7 159.8 150.8 134.7 124 114.5 107.3 105.3 104.3 97.2 91.2 91.4 91.3 90 89 88.4 89.5 94 96.2 99.7 125.8 138.2 144.4 144.1 144.8 147.2 150.5 156.5 173.1 190.5 196.2 199 200.3 200.6 200.5 199.5 197.6 196.1 195.7 193.9 189.3 183 180.4 179.2 176.4 175.4 177.3 176.7 175.8 175.8 176.6 177.5 175.6 173.2 173.1 173.1 173.6 174.9 176.9 177.2 176.9 176.7 177.1 178.2 179.1 178 176.6 175 173.7 176.4 176.6 175.3 172.1 168.6 162.8
145.9 130 124.1 114.2 104.5 114.2 113 112.2 126.3 128.7 121.3 114.6 107.5 107.2 106.3 94.8 93.2 97.3 100.4 103.1 100.3 97.3 94.5 93.6 93.9 88.5 87.2 85 116.3 132.5 140.7 140 142 144.5 148.6 156.5 176 192.6 197.4 198.7 199.9 200.2 200.2 199.6 198 196.6 196.2 194.1 186.6 179.7 174.3 174.3 174.4 173.8 175.9 175.9 174.5 173.2 172.1 173 173.3 172.2 172.2 172.6 173.6 177.6 179.9 179.5 179.2 179 179.5 180.8 181.4 180.7 179.4 177.4 175.8 175.1 176.7 175.4 172.6 169.4 163.9
150.9 137.5 128.2 115 109.9 104.7 113.4 112.3 110.9 109.7 108.5 107.8 107.3 100.9 94.7 106.2 117 125.9 132.8 133.5 130.6 126.6 124.3 122.6 109.2 97.4 91.3 88.5 109.5 126.2 135.3 135.5 138 141.7 148.4 159.1 179.2 194.6 198.4 199.6 200.1 199.9 199.8 199.4 198.2 197 196.5 193.6 184.8 176.2 170.5 170.2 170.5 172.4 173.8 173.4 170.8 168.8 168.6 169.4 170.8 169.6 170.4 171.1 173.8 178 180.7 181.3 181 180.5 181.3 183 183.5 183.3 182.9 180.7 177.6 175.9 175.9 174.8 172.6 169.5 164
155.3 145 136.5 123.5 111.2 105.2 105.8 107.4 106.7 98.2 104.4 103.1 94.3 107.3 124.4 136.6 147.5 153.4 160.5 162.9 161.5 157 146.9 133.5 115 95.2 90.8 84.5 106.5 122 127.1 130.7 134.9 141.5 149.1 159 180.2 196.5 199.3 200.3 200 199.7 199.4 199.1 198.1 197.5 196.9 194.1 186 175 170.2 169.9 169.5 168.5 170 169.2 168.7 168 167.3 167 167.2 167.5 169.1 170.4 174.4 178.3 181.3 182.4 182.5 182.3 183.1 185 185.4 186.3 186 183.2 180.4 175.8 174.7 174.1 172.1 168.8 164.9
163.6 154 144.9 137.3 120.6 110.7 105.5 101.6 98.8 98.3 101.4 108.2 123.9 138.4 148.1 160.8 173 183.9 190.9 193.9 191.3 181.7 166.4 143 120.3 91 89.9 85 107.5 115.8 120.5 127.4 134.2 141.6 149.4 166.5 189 198.4 200.2 200.1 199.8 199.3 198.8 198.8 198.2 197.9 197.3 195.8 186 173.7 169.9 169.4 169.1 168.4 168.3 167.5 167.9 168.2 166 165.6 166 166.6 167.6 170.9 175.4 179.2 181.8 182.9 183.6 184.4 185 185.9 187 189.2 187.6 184.4 181.1 176 173.8 173.7 171.1 169 165.9
178.7 167.7 158.2 151.3 147.2 138.6 132.2 126.6 124.9 127.3 131.8 137.9 146.9 156.8 167.6 182.6 197.5 210.2 218.1 218.2 208.9 195.8 176.5 146.9 119.9 91.3 85.9 91.6 102.8 112 119.2 124.6 132.8 140.4 153.1 177.8 200.1 203 200.7 199.9 199.3 198.9 198.4 198.2 198.2 197.8 197.6 197.4 187.1 173.7 170 169.3 168.8 167.9 167.1 166.1 165.6 165.3 164.8 164.7 165.6 165.8 166.8 170.9 175.7 180.4 182.4 182.4 184 184.7 185.2 186.3 188.6 190.7 188.5 185.6 181.1 175.8 173.5 172.5 171.6 170.9 167.3
193.8 181 179.2 175.7 171.4 161.2 158.1 153 150.7 149.6 155 159.4 166.6 177.1 188.6 202.5 219 232.8 243.8 243.4 225.1 203.6 176 150.5 122.5 90.8 83 92.9 101.4 110.8 115.7 122.4 131.5 144.6 165.5 187.6 204 206.8 203.1 200.2 198.8 198.5 197.9 197.5 197.5 197.4 197.4 196.1 188.3 176.8 170.3 169.5 169.1 169.6 166.9 164.9 164.8 163.9 163.6 163.7 164.2 163.7 166.1 170.3 175.7 180 181.7 182.1 183.4 184.8 184.7 186.6 189.6 192.1 190.1 186.5 181.7 175.2 173 171.6 172.3 170.8 167.7
207.3 201 203.1 199.5 191.9 189 187.5 181.5 175.5 173.7 176.1 180.5 188.4 203.5 214.7 224.9 237 248.5 253.3 247.4 233.5 202.9 174.5 150.8 128.4 103.4 84.4 88.7 95.4 109.7 115.1 123.1 130.8 151.8 172.6 187.9 203.5 207 207.1 204.9 198.8 198.2 197.3 196.7 196.9 197 197 195.4 190.8 182.9 172.4 170.2 169.8 169.6 167.7 164.6 163.5 163.1 162.7 162.6 162.9 163.7 166.1 169.2 174.8 179.3 181 180.9 182.8 184.1 184.5 186.1 189.9 192.7 190.5 186.2 180.6 174.1 172.3 170.7 173.2 170.4 167.7
222.1 225 228.1 224.2 221.1 220.1 215.1 208.3 200.6 196 197 203.7 215.3 225.1 232.8 241 249.8 250.6 249.1 240.6 219.9 193.4 169.3 146.6 128.8 113.6 84.1 83.5 90.5 107.4 113 121.7 136.4 156.6 175.8 188.1 199 205.2 208.5 208.8 201.8 197.8 196.6 196.2 196.4 196.5 196.5 194.2 190.5 184 175.8 171 170.2 169.4 166.9 164.2 163.1 163 162.3 161.7 161.9 163.3 165.6 167.9 172.5 178.5 179.4 179.4 181.6 183 183.5 186.3 190.4 192.7 190.1 185.3 179.2 172.7 170.8 169.7 173.2 169.8 166.8
251.2 248.2 250.8 250.3 249.5 245.5 239.4 230.4 222 217.6 219.7 227 235.2 241.7 248.1 254.6 258.5 252.4 238.6 224.5 203.8 178.9 159.9 139.9 125.5 112.6 100.5 79.8 82.7 90.6 111.8 119.7 138.8 160.3 177.2 187.1 195 204.9 212 211.6 209.6 200.2 196.5 195.9 195.9 196.1 196.2 195.5 190.5 182.2 174.3 170.8 170 169.3 166.2 163.8 162.7 162.2 161.9 161.1 161.1 162.1 164.5 167 172 176.9 178.7 177.2 180.1 181.9 181.3 184.2 189.7 191.3 187.7 182.7 176.7 170.7 168.2 168.8 172.7 167.8 165.9
275.5 268.9 272.9 273.7 270.2 266.8 259 250.7 242.9 239.1 240.5 243.4 245.6 251.7 258 264.3 262.7 250.6 229.7 210.7 188 171.8 153.2 134 120 106.3 95.8 88.7 77.8 82.7 102.2 122.3 146.7 165.9 177.9 185.9 191.7 203.4 209.5 211.6 211.1 207.4 196.7 195.6 195.7 195.5 196 195 191.1 183.4 173.2 170.6 169.1 168.1 166.4 163.8 161.9 161.4 161.3 160.7 160.3 160.5 163 165.5 170.3 175.1 177 175.3 178.9 179.7 179.2 181.6 187.9 187.4 184 178.5 171.9 167.6 165.8 167.5 171.2 167.2 163.9
294.6 293.8 296.7 293.2 287.9 281 273.7 265.8 259.1 254.8 252.9 251.6 253.5 257.5 263.7 267.6 262.5 244.6 220.7 197.6 179.6 163.4 147 127.5 115 99.1 92.7 89.3 87.2 77.5 97.3 128.8 155.5 169.4 178.5 185 191.7 198.3 203.3 209.3 210.5 209.4 200.3 195 194.7 194.7 195.2 198.1 195.6 184.8 175.7 169.6 167.7 167.6 166 163.9 161.4 160.8 160.7 160.8 160.3 160.1 160.8 163.5 168.8 173 174 173.2 176.3 177.2 176.7 178.8 183.5 182.9 178.2 171.6 166.7 163.2 163.8 166.1 169.9 166.4 162
316 315.1 313.9 309.8 300.8 291.6 284.9 277.6 271 265.6 259.5 256.8 256.5 258.1 263.1 263.8 253.7 231.2 209.7 191.3 172.6 158.5 137.5 118.1 101.8 93.9 89.9 87.6 87.4 78.3 104 137.9 160.4 169.9 177.7 184.3 190.4 194.2 199 206.6 210.2 208.7 202.6 196.1 193.4 193.6 193 196.3 191.7 182.6 175.3 169.5 166 165.9 165.6 164.1 161.1 160.3 160 159.8 160 158.9 158.9 161.5 166.8 170 170.3 170.7 174.3 174.5 173.7 175.2 178.6 178 172.3 166.1 161.7 160.3 161.2 164.2 168.3 165.2 160.1
335.7 331.7 328.3 322.4 312.4 302.5 295.1 287.5 281.3 274.5 265.8 258.1 253.6 251 253.9 245.4 233.3 214 198.8 186.9 166.8 150.6 125.5 109 95.3 90.2 79.6 78.4 74.8 100 127.4 150.3 161.2 167.3 174.6 182 189.7 192 196.1 205.8 209.5 205.6 199.8 195.6 192.5 191.7 189.8 192.1 187.9 180.2 174.7 168.1 165 163.9 163.6 162.9 161.4 159.7 159.3 159.5 159 158.4 157.8 159.9 164.5 167.1 167.9 167.7 171.4 172.1 170.8 170.6 174.4 173.2 168.5 163 158.5 157.7 159.6 162 166.2 163.4 158.3
351.7 347 340.6 331.7 322 313.4 306.1 298.2 289.5 281.6 271.6 261.1 251.1 245.4 240.7 227.1 212.6 200.2 192.2 179.7 160.5 137.9 116.9 98.2 86.8 76.4 74.3 84.4 100.4 120.3 136.9 151.8 159.7 165.1 169.8 179 190.7 191.5 193 200.9 209.4 201 193.3 193.3 192.1 190.8 188.4 186.9 183.9 178.8 173.5 168.1 163.9 162.4 161.4 160.2 159.6 158.7 158.5 159.1 158.8 158.2 156.5 157.4 162.1 164.4 164.9 164.9 167.5 169.3 168.3 166.5 168.4 168.2 164.5 160 157.4 155.6 157.9 159.6 162.7 160.9 155.2
365.8 359.4 350.2 340.4 330.7 322.2 313.6 304.4 294.9 285.3 274.1 261.6 248.7 236.9 225.8 214.5 205.2 195.7 188.2 176.6 152.4 127.4 109.7 86.2 73.8 76.6 84.1 89.2 100.8 118.6 133.9 147.9 155.1 161.1 165.7 178 191.2 191.2 189.5 193.5 199.7 189.7 190.9 192.1 191 190.4 188 184.5 181.5 176.3 171.1 166.9 162.8 160.3 159.7 159 158.7 157.9 157.7 157.5 157.9 157.5 155.5 155.6 159.6 161.8 162.2 161.4 164.1 166.5 165.5 163.7 162 163.3 160.9 156.8 155.8 154.3 156 156.7 156.8 156.9 152.4
374.1 367 357.5 346.8 335.9 327.1 318 308.6 298.1 286.7 274.4 261.3 247.2 231.5 217.9 208.7 200.8 191.7 182.2 165.5 142.3 121.7 107.9 84.2 75.9 76.3 84.6 90 96.5 111.2 127.2 142.1 150.7 157.6 161.9 173.1 190.7 191.3 186.9 186.9 186.9 186.9 188.8 194.7 191.3 190.1 187.4 184.5 181.5 174.7 169.4 165.4 162.2 159.3 158.8 158.7 158.3 157.6 156.9 156.6 157 155.6 155 154.2 156.4 158.5 159 158 160.6 162.9 162.7 160.4 157.9 159 157.3 154.9 153.9 152.4 153.3 154 152.6 150.9 149.8
381.1 373 360.8 349.9 338.1 327.6 317.6 306.6 295.8 284.5 272 258 243.6 227.6 213.5 201.7 190.9 180.6 167.3 149.8 134.4 122.5 112.6 97.2 76.1 75.4 86.9 89 94.7 105.7 119.1 134.6 144.3 153.7 158.4 168.2 180 184.7 186.9 186.9 186.9 186.9 191.5 197.1 193.2 189.3 187.2 185.9 187.9 179.9 171.2 165.8 161.9 160 158.4 158 157.5 156.7 156 156.1 155.5 154.8 154 153.2 153.7 155.1 156.1 154.8 157.2 160.4 159.9 157.4 154.5 153 154.2 152.7 151.6 150.3 151.5 151.2 149 146 145.4
386.7 377.5 362.4 348.4 335.2 322.8 310.5 298.8 290.1 279.3 266.2 252.4 238.4 221.9 208.1 195.8 180.5 165.8 153.5 143.2 132.1 121.4 113.7 105.4 92.1 74.3 77 87.9 89.7 99.6 111.9 125.3 137.3 148 156.7 168.7 180.1 191.6 190.3 186.9 186.9 186.9 193 193.7 192.7 189.2 187.9 186.8 187 183.7 174.3 166.6 162.3 161 159.9 158.1 158.2 156.3 155 154.5 154.8 154 152.8 151.8 150.5 151.3 152.4 152 154.9 157.6 156.5 154.2 151.2 149.1 149.9 151.2 149.5 148.4 149.6 149 145.9 142.5 140.8
386 373.9 358.9 343.2 328.6 314.1 301.3 290.8 283 272.4 259 247.5 232.9 215.6 200.6 187.7 170 159.4 147.7 139.9 131.9 122.6 116 107.7 99.7 80.6 72.9 75.8 80.4 95.3 105.9 120.6 133.3 144.5 156.1 170 182.9 196.5 192.5 186.9 190.5 192.3 194.7 194.1 192.9 189.7 188 187.6 187.1 182.5 175.6 168.6 162.6 160.8 160.2 159.4 159.2 158.2 155.6 154.1 152.5 151.8 150.7 149.6 148 148.2 148.8 149.5 152.4 155.4 153.3 151.2 148.9 148.4 145.8 148.1 147.7 146.1 148 147.2 143.1 139.7 137.4
379.4 365.7 351.9 333.8 319.3 303.3 290.9 282.3 274.2 262.4 252.2 242.2 228.3 213.3 196.8 180.5 170.6 161.8 150.3 141.5 133.5 125.7 118.8 108.1 99.7 83.3 75.6 71.8 77 80.9 98.8 111.3 125.2 138.9 154.2 170.3 186.1 197.7 194.8 190.7 193.1 195.1 197.5 196.1 195.5 190.9 188.4 187.8 187.7 183.9 175.6 169.4 165.8 162.2 160.9 161.3 160.5 160.6 157.3 155.1 153.6 151.7 151.2 149.5 146.3 145.6 146.3 146.4 148.6 153.1 150.9 148.4 146.8 145.5 143.6 143.6 145.4 144.4 145.9 145 141.3 137.5 133.8
369.5 357.1 340.6 324.3 308.7 294.5 283.4 273.2 262.9 253.8 244.8 236.9 223.6 210.9 192.8 180.4 172.3 161.4 151.5 144.8 136.1 126.6 118 106.8 100.6 89.1 80.2 72.7 70.7 75.4 84 102.6 117.1 135 150.4 166.7 189.3 197.3 195.8 192.8 194.1 196.7 198.8 198.6 195.9 191 189 188.3 187.2 183.6 175.3 169.9 166.9 164.9 162.6 162.5 161.9 161.5 160.1 157.2 155.2 153.8 152.8 151.5 148.2 144.5 142.7 144.1 145.9 148.6 149.1 146.5 144.3 143.2 141.9 140.2 142.8 142.7 143.3 142.1 138.8 135.1 130.8
358.7 347.1 331.4 316.1 300.4 287.6 272.9 259.8 252.7 245.4 238.9 232 222.9 208.6 193.3 181 171.2 162 153.1 144.5 135 126.9 119.9 109.4 101.6 92.8 79.8 77 69.8 73.2 75.5 94.5 111.4 128.7 148 162.4 183.3 197.1 197.6 194.4 195.1 198.5 199.5 198.8 194.4 192.2 189.2 188.5 186.8 182.2 176.3 171.5 169.2 169.7 169.4 167.3 164.8 164.5 162.9 160.4 157.7 155.7 153.1 152.3 150 145.4 141.9 139.7 141.7 144.1 146.6 145.2 142.6 142 140.6 138.6 139.1 140.8 140.6 140.3 138 133.1 128.1
347.8 336.4 321.5 307.3 294.4 278 260 249.3 242.3 237.7 234.6 228 217.8 208.9 193.5 182.7 172.3 162.2 154.2 145.6 136.9 128.9 121.4 110.7 103.9 97.5 85.3 77.8 70.2 71.2 74.3 84.2 103.6 124 143 160.5 173.5 187.8 193 194.6 197.9 200.4 200.4 199.2 198.6 194.6 189.9 188.6 186.4 181 176.6 172.9 173.2 173.9 173.5 169.8 167.1 164.6 164 164.4 159.6 157.1 154.9 151.8 147.3 146 142.4 139.2 138.7 139.6 142 143.6 141.3 140.6 139.7 137.3 137.6 139.7 138.3 137.4 135.9 131.6 125.4
336.2 327.2 314.6 301.9 288 270.4 255.3 244 236.8 232 228.8 224.1 214.8 203.6 195.3 186.6 173.3 163 154.6 148.4 139.2 129.5 121.9 113.2 105.8 100.5 91.1 85.6 78.6 68.5 70.6 76.9 98 123.5 142.5 159.8 176.8 188.1 194.5 198 203.9 202.2 201.4 201.3 198.4 193.5 190.1 188.2 185.5 181 176.8 175.4 177.8 176 176.2 176.5 172.1 166 163.4 162.6 161.4 158.8 155 151.3 148.2 145.6 142.8 139.3 134.7 137.1 138.4 141.8 141.1 139.2 138.2 136.4 136.6 138.9 137 135.1 133.4 129.8 124.1
327 317.5 306.8 295.3 284 273.1 258.4 244 232.6 227.5 223.8 217.9 210.3 202.8 195.9 184.3 173.3 164.4 157.8 151.5 141.9 132 123 114.9 108 102.1 96.2 89.4 84.9 72.2 68 72.4 87.7 118.2 148.8 168.8 183 192.3 200 205.9 208.3 205.8 202.9 201.7 198.4 193.4 189.4 187.6 184.8 181.2 178.4 177.8 180.9 178.1 176.8 175.9 172.5 167.7 164.8 161.1 158.7 157.2 155.9 152.3 147.9 144.5 141.5 138.3 135.5 134.4 136.1 137.9 139.9 137.9 136.7 135.5 135.4 138 135 133.3 130.9 127.6 123.9
319.7 309.1 298.9 288.3 280.2 270.9 257.1 242.8 231.7 222.2 216 211.5 207.7 201 188.6 178.1 168 159.3 156.6 152.8 145.3 133.1 124.3 116.3 109 102.6 97.4 89.8 80.5 70.9 69.6 69.4 91 123.2 151.8 173.8 186.4 195.8 203.9 210.2 212 209.1 205.4 201.7 197.1 193.3 189.7 187.1 185.8 184 182.6 182.2 182.5 179 176.5 175.5 171.7 167.8 165.3 163.3 158.4 155.7 152.2 149.5 146.6 142.4 139.5 137.4 135.6 132.7 134.3 134.7 136.7 137.3 135.5 134.4 133.7 135.7 133.4 131.7 130 127 123.2
309.9 301 289.7 281.1 273 262.6 249.1 235.6 225.1 214.1 206.8 205.6 197.4 189.8 181.5 173.2 164.4 156.5 154.4 149.8 143.3 133.9 125.7 117.4 110 101.6 91.9 79.4 75.4 70.1 69.1 69.2 107.2 135 159.8 177.7 191 199.3 207.5 214 214.3 211.4 206.1 201.2 195.5 192.8 190.8 188.1 187.8 188.1 186.6 183.9 182.1 178.2 176.2 175.4 172 167.6 164.2 162.5 158.4 153.8 149.7 147.2 144.8 141 138.7 136.1 134.4 132.8 131.3 132.8 133.4 135.6 134.7 133.8 132.3 133.2 133.3 130.4 128.5 125.5 122
298.5 289.3 278.8 269.6 260.2 252.8 239.6 229.9 219.8 206.9 199.8 194.5 188.1 182.2 176.5 169.7 164.1 158.6 153.5 148 141.4 132 125.2 118.4 108.8 98 78.5 73.6 70.1 68.8 67.1 100.4 125.2 148.2 168.2 184 195.6 202.9 211.1 217.5 218.6 215.1 208.9 202 196 193.3 190.9 189 189.4 189.8 188 183.6 181.6 177.9 176.1 175.5 172.3 167.7 164.3 161.6 158.5 154.4 148.6 145.2 142.3 140.1 137.8 134.7 133.8 131.9 127.7 131.2 131.9 133.1 134.6 133.4 131.4 131.3 131.4 129.6 126.7 123.8 120.5
284.6 272.8 262.7 255.1 246.6 237.4 230.4 225 215.5 205.4 200.9 196.6 188.2 180.4 176.3 171.3 166.3 160 152.5 141.6 138.2 130.3 123.2 117 109.2 85.5 76.7 67.8 64.8 67.5 96.9 116.2 136.5 162.1 176 187.9 199.5 206.9 214.2 218.6 221.6 217.5 210.1 202.9 198 194.9 193 193.1 192.2 191.2 190 185.3 181.2 178.3 175.4 174.9 173 168.1 163.7 162.3 156.7 152.6 148.9 143.3 140.3 139.4 136.8 133.6 132.5 131 127.5 127.1 129.6 131.4 133.4 133.5 131 130.5 129.3 129 125 122.3 118.9
272.3 264.4 248.9 239.6 232.3 226.6 222.1 215.3 210.3 205.9 201.3 196.5 189.9 182.8 178.4 172.9 165.9 158.7 149.1 141.8 132.5 126.2 120.7 113.9 109.8 80.3 73.5 64.9 66.8 76.1 108.2 125.8 143.1 165.4 181.8 191.7 200.8 210 218.8 222.7 224.5 218.1 211.7 205.4 199.5 196.8 195.5 194.8 193.7 191.7 188.7 184.9 182.3 178.9 175.2 173.7 172.5 168.1 163.6 159.3 155.3 151.3 147.5 142.9 138.5 137.8 136.1 132.9 130.9 129.6 127.9 125.1 128.1 130.2 132.7 133 130.8 130.2 128.9 127.3 124.9 120.7 117.1
