public/OST50/ND12.asc
ncols 200
nrows 200
xllcorner 310000
yllcorner 920000
cellsize 50
[rows 0 to 35 of 200, columns 83 to 165 of 200]
122.1 120.1 117.9 115.7 113.3 110.4 107.4 105.1 104.1 103 102.9 101.9 98.8 95.6 93.3 89.4 87.5 87 90.1 91.5 91.9 92.5 93.1 90 83 74.2 67.2 58.2 49.5 43.9 38.9 37.7 32.2 13.8 9.8 10.4 11.5 19.7 39.2 45 48.5 50.3 50.3 51.1 52.6 52.4 52.2 52.3 51.9 51 50.7 51.1 51.4 51 51.2 52.1 52.6 53.1 54.1 55.1 52.6 48.1 43.4 -1.2 -1.2 -1.2 -1.2 -1.2 -1.2 -1.2 -1.2 -1.2 -1.2 -1.2 -1.2 -1.2 -1.2 -1.2 -1.2 -1.2 -1.2 -1.2 -1.2
124.8 122.2 120 116.8 114.1 111.1 108.7 106.8 105.4 104.9 104.4 103.6 100.7 97 95.3 92.1 88.6 89.2 91.7 92.7 93.3 93.2 93.7 92.6 85.8 79.2 70.9 62.2 54.6 46.6 40.6 37 33.9 17 14.7 8.5 10.5 26.5 36.1 40.2 44.5 46.6 45.7 47.1 49.3 50.2 49.1 49.4 49.3 49.1 49.1 49.5 49.7 50.3 50.6 51.3 52.5 52.2 52.1 51.3 49.2 46.1 37.8 -1.2 -1.2 -1.2 -1.2 -1.2 -1.2 -1.2 -1.2 -1.2 -1.2 -1.2 -1.2 -1.2 -1.2 -1.2 -1.2 -1.2 -1.2 -1.2 -1.2
126 123.5 121.9 119.5 116 112.9 110.3 108.6 106.9 106.4 106 106.1 103.8 101.2 97.1 94.4 91.1 90.2 92.8 93.4 94 94.1 94.7 91.5 88.8 80.9 72.3 66 59.4 51.1 44.3 38.8 35.8 22.4 15 13.5 7.6 23.4 30.5 35.5 37.9 41.6 42.6 42.7 43.9 46.4 46.5 46.5 46.4 46 47.1 47.7 47.9 48.6 49.6 50.3 51.6 51.8 50.7 48.5 45.2 42.2 38.7 -1.2 -1.2 -1.2 -1.2 -1.2 -1.2 -1.2 -1.2 -1.2 -1.2 -1.2 -1.2 -1.2 -1.2 -1.2 -1.2 -1.2 -1.2 -1.2 -1.2
126.1 125 123.8 121.3 118 114.8 111.4 110.2 109.5 109 106.7 105.8 103.9 101.9 98.8 95.5 92.1 91.4 93.3 93.7 94.7 95.4 94.9 94.3 85.5 81.8 75.3 69.4 63.3 57.3 49.9 43.8 40.4 35.3 23.8 16.1 9.8 11 20.4 26.5 29.4 35.6 38.4 39.1 39.5 41.3 42.8 43.5 43.3 44 44.6 45.2 46 46.9 47.8 48.9 49.4 48.9 49.2 47.1 42.5 38.1 33.3 -1.2 -1.2 -1.2 -1.2 -1.2 -1.2 -1.2 -1.2 -1.2 -1.2 -1.2 -1.2 -1.2 -1.2 -1.2 -1.2 -1.2 -1.2 -1.2 -1.2
126.4 125.2 124.6 122.8 120.1 116.3 112.7 110.6 109.9 109.3 108.3 106.3 104.4 103.4 100.2 97.2 94.1 92.8 93.5 94.4 95.1 95.5 95.8 96.3 92 83.6 75.6 70.8 66.3 61.1 55.1 49.7 46 43.4 34.8 18.5 9.7 6.7 16.8 25.4 26.6 30.1 32.2 35.1 35.4 37.2 38.1 40.1 40.5 41 41.6 42.5 43 44.3 45.5 46.7 47.8 48.2 46.9 46.7 41.8 36.2 23.4 -1.2 -1.2 -1.2 -1.2 -1.2 -1.2 -1.2 -1.2 -1.2 -1.2 -1.2 -1.2 -1.2 -1.2 -1.2 -1.2 -1.2 -1.2 -1.2 -1.2
127.5 125.8 125.1 123.9 121.9 118 114.4 111.7 110.7 110.6 110.3 108.8 106.7 103.4 101.5 98 95.2 93.7 94.5 95.1 94.8 94.9 96.2 96.8 95.3 88.1 79.6 73.4 68.6 63.1 58.3 54.1 51.6 48.1 43.9 28.2 16.4 8.3 8.8 9.7 10.7 18.1 24.6 28.2 30.8 33.2 34 36.3 37.1 37.9 38.9 39.4 40.1 42.1 43.5 44.4 45.2 45.6 46.3 43.5 40.8 -1.2 -1.2 -1.2 -1.2 -1.2 -1.2 -1.2 -1.2 -1.2 -1.2 -1.2 -1.2 -1.2 -1.2 -1.2 -1.2 -1.2 -1.2 -1.2 -1.2 -1.2 -1.2
130.3 127.7 126.2 125 122.9 119.1 116 113.2 112.8 112.3 111.5 109.9 107.6 104.8 103 99.1 96.1 94.8 95.2 95.7 95.3 94.9 96.7 97.9 97.3 92.7 84 75.5 68.9 64.4 61.7 59.8 56 51.5 49.9 44.3 30.3 19.7 4.6 8.2 8.2 8.9 9.6 15.7 21.9 27.4 30.8 32.1 34 35 36.2 36.9 39.3 41.2 42.3 43 43.6 43.4 43.6 41.3 27.4 -1.2 -1.2 -1.2 -1.2 -1.2 -1.2 -1.2 -1.2 -1.2 -1.2 -1.2 -1.2 -1.2 -1.2 -1.2 -1.2 -1.2 -1.2 -1.2 -1.2 -1.2 -1.2
132.7 129.9 128 126 123.7 120.2 117 114.7 114.2 113.9 112.4 111.1 109.4 106.1 103.7 99.7 97.2 96.2 95.7 95.6 96.3 95.6 98.1 100.8 99.4 94.3 86.4 77.8 71.2 66.1 64.5 61.7 59 56.7 53 49.9 46 34.3 19.2 3.7 6 5.9 6.1 8 8.5 12.9 28.6 29.7 30.4 32.2 33.8 36.8 38.5 39.6 40.3 41.1 41.9 42.1 41.5 30 -1.2 -1.2 -1.2 -1.2 -1.2 -1.2 -1.2 -1.2 -1.2 -1.2 -1.2 -1.2 -1.2 -1.2 -1.2 -1.2 -1.2 -1.2 -1.2 -1.2 -1.2 -1.2 -1.2
133.6 131.1 129.2 127.3 125 121.6 118.2 115.8 114.8 115 113.8 112.7 110.6 107.7 104 101.9 98.8 97.4 96.7 96.1 96.4 96.3 99.8 102.2 101.2 94.6 87.1 77.9 70.8 68.1 65.2 63.8 61.7 59 55.8 52 48.4 44.6 34.2 19.2 2.7 5.4 5 4.8 5.4 6.7 7.7 18.2 33.4 32.7 33.3 35.6 37.3 37.8 37.7 38.6 40.1 40.7 17.5 -1.2 -1.2 -1.2 -1.2 -1.2 -1.2 -1.2 -1.2 -1.2 -1.2 -1.2 -1.2 -1.2 -1.2 -1.2 -1.2 -1.2 -1.2 -1.2 -1.2 -1.2 -1.2 -1.2 -1.2
134.4 132.6 131.3 129.7 127.4 123.5 120 117.6 116.1 115.4 116 115 112.4 109.6 105.3 102.2 99.8 98.6 97.9 97 96.4 96.8 100.5 103.7 101.6 93.8 86.2 77.9 69.1 66.9 65.7 63.9 62.9 61.3 57.5 53.7 50.4 46.7 43.4 33.8 18.5 4.1 -1.2 -1.2 -1.2 3.5 5.3 6.6 22.4 33.8 32 34 34.8 35.5 35.1 35.8 32.9 7.6 -1.2 -1.2 -1.2 -1.2 -1.2 -1.2 -1.2 -1.2 -1.2 -1.2 -1.2 -1.2 -1.2 -1.2 -1.2 -1.2 -1.2 -1.2 -1.2 -1.2 -1.2 -1.2 -1.2 -1.2 -1.2
135.5 133.9 132.8 131.5 129.4 125.3 121.8 119.3 117.5 116.2 117.1 116.8 113.8 111.3 107.8 103.1 100.8 99.8 98.6 97.8 97.6 96.9 100.5 102.3 98.7 90.8 84 75.2 66.8 63.5 63.6 63.5 62.1 60.8 59.1 55.4 52.3 48.8 44.6 40.8 33 11.7 3.9 -1.2 -1.2 -1.2 -1.2 -1.2 16.4 31.3 30.6 31 32.4 32.8 32.9 32.4 24.3 32.8 -1.2 -1.2 -1.2 -1.2 -1.2 -1.2 -1.2 -1.2 -1.2 -1.2 -1.2 -1.2 -1.2 -1.2 -1.2 -1.2 -1.2 -1.2 -1.2 -1.2 -1.2 -1.2 -1.2 -1.2 -1.2
137.8 135.1 133.3 132 130.5 127.4 123 119.9 118.3 117.2 117.4 116.2 113.8 109.6 104.8 103.3 103.6 100.8 98.8 97.9 97.3 98.1 98 98.7 93.5 87.7 79.7 71.1 65 61.4 60.6 61.3 61.2 60 58.7 56.4 53.8 50 46.3 42.6 25.6 11.9 3.4 2.7 3.3 3.8 1.4 -1.2 -1.2 24.6 26.3 27 29.5 29.8 29.9 29.3 21.8 -1.2 -1.2 -1.2 -1.2 -1.2 -1.2 -1.2 -1.2 -1.2 -1.2 -1.2 -1.2 -1.2 -1.2 -1.2 -1.2 -1.2 -1.2 -1.2 -1.2 -1.2 -1.2 -1.2 -1.2 -1.2 -1.2
139.8 137.2 134.9 132.4 130.7 128.8 124.7 121.2 119.2 117.9 115.7 113.3 110.9 108.5 106.2 108.7 105 102.4 99.5 98.1 98.3 98.7 95.5 93.8 89.8 82.9 75.5 69.1 63.7 59.9 58.8 59.1 59.5 58.9 57.1 56.1 53.7 50.9 47.3 41.1 14.2 8.4 7.3 2.8 -1.2 0.5 0.9 1.7 -1.2 -1.2 13.7 22.7 25.1 26.7 27.2 25.7 -1.2 -1.2 -1.2 -1.2 -1.2 -1.2 -1.2 -1.2 -1.2 -1.2 -1.2 -1.2 -1.2 -1.2 -1.2 -1.2 -1.2 -1.2 -1.2 -1.2 -1.2 -1.2 -1.2 -1.2 -1.2 -1.2 -1.2
141.9 140 136.9 133.5 132.1 130.8 126.7 123.6 120.8 118.8 119.3 117.2 113.1 111.2 113.8 110.7 107.2 103 100.5 98.7 98.9 97.6 93 89.7 85.4 78.2 72.6 67.1 62.9 60.9 58.4 56.4 56.7 57 56 54.6 53.4 51 48 34.8 10 7.2 -1.2 -1.2 -1.2 -1.2 -1.2 -1.2 -1.2 0.9 1.5 3.6 5 22 22.1 -1.2 -1.2 -1.2 -1.2 -1.2 -1.2 -1.2 -1.2 -1.2 -1.2 -1.2 -1.2 -1.2 -1.2 -1.2 -1.2 -1.2 -1.2 -1.2 -1.2 -1.2 -1.2 -1.2 -1.2 -1.2 -1.2 -1.2 -1.2
142.6 140.8 138 134.9 132.8 131.5 128 124.8 122.6 121 121.8 119.4 117.6 116.3 115.9 113.3 108.8 104.7 100.6 99.1 99.5 95.6 89.4 89.9 79.6 73.5 69.1 65.9 64.1 62.2 59.7 56.7 53.8 54.4 54.7 53.5 51.8 50.5 48.2 36.2 7.8 4.7 -1.2 -1.2 -1.2 -1.2 -1.2 -1.2 -1.2 -1.2 -1.2 -1.2 -1.2 -1.2 -1.2 -1.2 -1.2 -1.2 -1.2 -1.2 -1.2 -1.2 -1.2 -1.2 -1.2 -1.2 -1.2 -1.2 -1.2 -1.2 -1.2 -1.2 -1.2 -1.2 -1.2 -1.2 -1.2 -1.2 -1.2 -1.2 -1.2 -1.2 -1.2
141.7 139 137.4 136.4 133.8 132.1 128.9 126.4 124.4 123.7 124.3 122.8 121.1 119.2 116 113 110.7 106.6 102.2 99.6 98.6 93.8 89.7 81.4 73.6 68.8 65.6 63.5 64.8 63.6 60.6 57.1 51.9 51.9 52.1 52.3 50.6 49.4 47.9 30.9 7 1.9 -1.2 -1.2 -1.2 -1.2 -1.2 -1.2 -1.2 -1.2 -1.2 -1.2 -1.2 -1.2 -1.2 -1.2 -1.2 -1.2 -1.2 -1.2 -1.2 -1.2 -1.2 -1.2 -1.2 -1.2 -1.2 -1.2 -1.2 -1.2 -1.2 -1.2 -1.2 -1.2 -1.2 -1.2 -1.2 -1.2 -1.2 -1.2 -1.2 -1.2 -1.2
140.3 137.9 136.5 135.4 134.3 133.7 130.8 127.9 125.9 124.6 126.2 125.8 124 121.6 118 114.9 111.3 108.5 104.5 99.4 98.1 93.7 90.7 80.8 74.9 66.6 63 60.3 62 63.1 60.7 57.1 53.3 50.4 49.2 49.6 50 48.4 46.9 33.8 8.1 1.5 -1.2 -1.2 -1.2 -1.2 -1.2 -1.2 -1.2 -1.2 -1.2 -1.2 -1.2 -1.2 -1.2 -1.2 -1.2 -1.2 -1.2 -1.2 -1.2 -1.2 -1.2 -1.2 -1.2 -1.2 -1.2 -1.2 -1.2 -1.2 -1.2 -1.2 -1.2 -1.2 -1.2 -1.2 -1.2 -1.2 -1.2 -1.2 -1.2 -1.2 -1.2
138.8 137.4 136.3 135.2 134 133.4 132 129.5 127.1 125.4 126.1 126.2 125.7 121.8 122.4 119.4 115.2 109.7 105.9 101.2 97 93.4 89.4 82.4 75.8 67.6 62.2 59.1 58.7 60.5 59.2 57.1 54 50.9 48.8 46.6 47.2 47.5 45.6 43.4 22.2 1.7 -0.1 -1.2 -1.2 -1.2 -1.2 -1.2 -1.2 -1.2 -1.2 -1.2 -1.2 -1.2 -1.2 -1.2 -1.2 -1.2 -1.2 -1.2 -1.2 -1.2 -1.2 -1.2 -1.2 -1.2 -1.2 -1.2 -1.2 -1.2 -1.2 -1.2 -1.2 -1.2 -1.2 -1.2 -1.2 -1.2 -1.2 -1.2 -1.2 -1.2 -1.2
138.7 137.4 136.2 135 133.7 132.5 130.9 129 127.6 126.4 125.9 125.8 125.6 125.8 124 124.4 120 113 107 103 97.8 94 89.5 83.2 76.5 68.4 62.5 58.6 54.8 56.6 57.1 55.7 53.8 50.9 48.6 47.3 46.1 45.4 45 37.9 15.6 1.6 -1.2 -1.2 -1.2 -1.2 -1.2 -1.2 -1.2 -1.2 -1.2 -1.2 -1.2 -1.2 -1.2 -1.2 -1.2 -1.2 -1.2 -1.2 -1.2 -1.2 -1.2 -1.2 -1.2 -1.2 -1.2 -1.2 -1.2 -1.2 -1.2 -1.2 -1.2 -1.2 -1.2 -1.2 -1.2 -1.2 -1.2 -1.2 -1.2 -1.2 -1.2
139.3 137.6 136.1 135.1 133.9 132.8 131.4 129.3 128 126.8 126.1 126.7 127.8 127.2 127.5 125.4 120.8 114.2 108.1 103 97.9 94.1 89.5 83.5 76.9 69.4 62.7 56.3 52.1 54.3 54.4 54.1 52.9 51.1 48.8 46.9 45.6 43.9 43.4 27.1 6.6 0.7 -1.2 -1.2 -1.2 -1.2 -1.2 -1.2 -1.2 -1.2 -1.2 -1.2 -1.2 -1.2 -1.2 -1.2 -1.2 -1.2 -1.2 -1.2 -1.2 -1.2 -1.2 -1.2 -1.2 -1.2 -1.2 -1.2 -1.2 -1.2 -1.2 -1.2 -1.2 -1.2 -1.2 -1.2 -1.2 -1.2 -1.2 -1.2 -1.2 -1.2 -1.2
140.2 138.5 136.9 136 136.8 135.9 133.9 131.4 129 127.3 126.9 128.6 130 130.8 128.4 124.9 119.9 114.5 109.9 105.9 100.1 94.4 87.2 82.5 76.4 69.2 62.4 55 50.1 52 51.4 51.5 51.5 51 48.9 46.6 44.9 43.4 32.4 11.1 2.8 0.5 -1.2 -1.2 -1.2 -1.2 -1.2 -1.2 -1.2 -1.2 -1.2 -1.2 -1.2 -1.2 -1.2 -1.2 -1.2 -1.2 -1.2 -1.2 -1.2 -1.2 -1.2 -1.2 -1.2 -1.2 -1.2 -1.2 -1.2 -1.2 -1.2 -1.2 -1.2 -1.2 -1.2 -1.2 -1.2 -1.2 -1.2 -1.2 -1.2 -1.2 -1.2
140.3 139 137.8 138.5 139.5 138.3 136 132.8 130 128.2 128.3 130.1 132.6 130.6 127.2 122.4 118.7 116.6 112.7 108.4 102.9 94.9 87 81.6 76 69.5 62.9 56.5 49.4 50.6 49.6 49.5 49.5 49.5 48.7 46.8 44.5 42.5 32.4 6 1.4 -0.2 -1.2 -1.2 -1.2 -1.2 -1.2 -1.2 -1.2 -1.2 -1.2 -1.2 -1.2 -1.2 -1.2 -1.2 -1.2 -1.2 -1.2 -1.2 -1.2 -1.2 -1.2 -1.2 -1.2 -1.2 -1.2 -1.2 -1.2 -1.2 -1.2 -1.2 -1.2 -1.2 -1.2 -1.2 -1.2 -1.2 -1.2 -1.2 -1.2 -1.2 -1.2
140.4 139.7 139.4 140.6 141.6 141.1 138.6 134.4 131.4 129.8 129.3 132.6 131.5 129.3 124.9 119.8 118.8 116.9 114 110 104 96.6 87.9 81.8 75.9 69.8 63.7 57.7 51.5 47.6 48.6 47.8 47.6 47.9 48.3 46.9 44.7 41.9 15.6 2.8 1 -1.2 -1.2 -1.2 -1.2 -1.2 -1.2 -1.2 -1.2 -1.2 -1.2 -1.2 -1.2 -1.2 -1.2 -1.2 -1.2 -1.2 -1.2 -1.2 -1.2 -1.2 -1.2 -1.2 -1.2 -1.2 -1.2 -1.2 -1.2 -1.2 -1.2 -1.2 -1.2 -1.2 -1.2 -1.2 -1.2 -1.2 -1.2 -1.2 -1.2 -1.2 -1.2
141.1 141.6 140.7 141.8 143.3 143 140.7 136.3 133.1 131.3 130 133.2 130.5 129 125.7 121.2 121.5 118.7 115.6 111.1 105.4 98.8 89.6 81.8 75.8 69.9 64.6 58.6 53.6 49.7 46 45.1 46.2 46.2 46.5 46.3 44.3 32.8 3.9 1.4 -1.2 -1.2 -1.2 -1.2 -1.2 -1.2 -1.2 -1.2 -1.2 -1.2 -1.2 -1.2 -1.2 -1.2 -1.2 -1.2 -1.2 -1.2 -1.2 -1.2 -1.2 -1.2 -1.2 -1.2 -1.2 -1.2 -1.2 -1.2 -1.2 -1.2 -1.2 -1.2 -1.2 -1.2 -1.2 -1.2 -1.2 -1.2 -1.2 -1.2 -1.2 -1.2 -1.2
141.7 142.8 142 143.1 144.9 143.9 142.8 138.1 134.1 132.5 132.2 132.8 131.8 131.1 127.7 125 124.7 122.2 117 111.8 106.1 98.3 89.8 81.9 75.4 69.6 64.8 59.5 55.4 52.1 48.2 44.5 41.7 43.2 44.9 44.8 42.5 25.3 10.5 0.1 -1.2 -1.2 -1.2 -1.2 -1.2 -1.2 -1.2 -1.2 -1.2 -1.2 -1.2 -1.2 -1.2 -1.2 -1.2 -1.2 -1.2 -1.2 -1.2 -1.2 -1.2 -1.2 -1.2 -1.2 -1.2 -1.2 -1.2 -1.2 -1.2 -1.2 -1.2 -1.2 -1.2 -1.2 -1.2 -1.2 -1.2 -1.2 -1.2 -1.2 -1.2 -1.2 -1.2
142.7 143.6 142.6 144.3 145.6 145 143 139.1 135.3 133.2 134.1 134.9 134.2 131.8 129.5 127.7 126.2 122.7 117 111.4 105.8 99 89.5 82.7 76.5 69.1 64.1 59.8 56.7 53.4 50.5 47 43.2 35.7 41.4 42.5 16.1 3.5 1.9 -1.2 -1.2 -1.2 -1.2 -1.2 -1.2 -1.2 -1.2 -1.2 -1.2 -1.2 -1.2 -1.2 -1.2 -1.2 -1.2 -1.2 -1.2 -1.2 -1.2 -1.2 -1.2 -1.2 -1.2 -1.2 -1.2 -1.2 -1.2 -1.2 -1.2 -1.2 -1.2 -1.2 -1.2 -1.2 -1.2 -1.2 -1.2 -1.2 -1.2 -1.2 -1.2 -1.2 -1.2
143.6 143.7 143.3 144.5 146 145.7 143.3 140 136.1 134.1 134.4 135 136 134.4 132.8 129.8 125.7 120.7 116.1 110.2 105.1 98.9 88.5 82.5 75.9 68.6 62.9 59.3 56.2 53.7 51.5 48.7 45.7 40.8 33 26.2 4.5 1.2 -1.2 -1.2 -1.2 -1.2 -1.2 -1.2 -1.2 -1.2 -1.2 -1.2 -1.2 -1.2 -1.2 -1.2 -1.2 -1.2 -1.2 -1.2 -1.2 -1.2 -1.2 -1.2 -1.2 -1.2 -1.2 -1.2 -1.2 -1.2 -1.2 -1.2 -1.2 -1.2 -1.2 -1.2 -1.2 -1.2 -1.2 -1.2 -1.2 -1.2 -1.2 -1.2 -1.2 -1.2 -1.2
144.3 144.1 143.9 144.3 146.2 146.4 142.9 139.5 136.1 134.2 134.5 134.7 135.5 135.2 133.6 129.9 125 119.1 114.2 109.9 106.1 101.9 87.4 82.2 75.2 68 62.9 58.9 55.6 53.5 51.3 48.8 46.2 42.8 32.1 8 2.2 -1.2 -1.2 -1.2 -1.2 -1.2 -1.2 -1.2 -1.2 -1.2 -1.2 -1.2 -1.2 -1.2 -1.2 -1.2 -1.2 -1.2 -1.2 -1.2 -1.2 -1.2 -1.2 -1.2 -1.2 -1.2 -1.2 -1.2 -1.2 -1.2 -1.2 -1.2 -1.2 -1.2 -1.2 -1.2 -1.2 -1.2 -1.2 -1.2 -1.2 -1.2 -1.2 -1.2 -1.2 -1.2 -1.2
144.7 144.5 143.8 143.8 146 146.1 142.9 139.4 136.7 134.1 134 134.5 135.2 134.5 132.9 127.8 122.3 117.7 115.4 113.4 110.1 99.2 86.8 81.7 73.6 67.6 62.9 58.5 55 52.4 50.8 48.7 46 43 19.2 6.3 1.1 -1.2 -1.2 -1.2 -1.2 -1.2 -1.2 -1.2 -1.2 -1.2 -1.2 -1.2 -1.2 -1.2 -1.2 -1.2 -1.2 -1.2 -1.2 -1.2 -1.2 -1.2 -1.2 -1.2 -1.2 -1.2 -1.2 -1.2 -1.2 -1.2 -1.2 -1.2 -1.2 -1.2 -1.2 -1.2 -1.2 -1.2 -1.2 -1.2 -1.2 -1.2 -1.2 -1.2 -1.2 -1.2 -1.2
144.9 144 143.9 144.1 145.5 145.9 142.5 139.8 136.5 133.8 133.5 134.6 135.1 133.3 131.3 127.5 122.9 119.3 121 117.5 111.7 104.9 88.1 79.6 72 66.6 62.3 58.5 54.8 50.6 49.1 47.9 45.3 39.5 12.9 3.6 -1.2 -1.2 -1.2 -1.2 -1.2 -1.2 -1.2 -1.2 -1.2 -1.2 -1.2 -1.2 -1.2 -1.2 -1.2 -1.2 -1.2 -1.2 -1.2 -1.2 -1.2 -1.2 -1.2 -1.2 -1.2 -1.2 -1.2 -1.2 -1.2 -1.2 -1.2 -1.2 -1.2 -1.2 -1.2 -1.2 -1.2 -1.2 -1.2 -1.2 -1.2 -1.2 -1.2 -1.2 -1.2 -1.2 -1.2
144.5 144 143.6 143.5 144.7 144.3 142.1 140.2 137 133.3 132.5 133.2 134.8 133.2 130.5 127.7 124.7 123.8 122.5 116.2 110.7 102.2 92.5 78.9 71.4 66.2 62 58.9 55.4 51.6 47.7 47.2 44.4 41.6 28.7 1.6 -1.2 -1.2 -1.2 -1.2 -1.2 -1.2 -1.2 -1.2 -1.2 -1.2 -1.2 -1.2 -1.2 -1.2 -1.2 -1.2 -1.2 -1.2 -1.2 -1.2 -1.2 -1.2 -1.2 -1.2 -1.2 -1.2 -1.2 -1.2 -1.2 -1.2 -1.2 -1.2 -1.2 -1.2 -1.2 -1.2 -1.2 -1.2 -1.2 -1.2 -1.2 -1.2 -1.2 -1.2 -1.2 -1.2 -1.2
146.1 144.3 143.8 143.4 142.9 143.1 140.8 140 137.5 133.2 132.2 131.6 133.2 133.1 130.6 128.1 125.6 124.7 120.7 113.5 108 101.8 89.9 80.4 70.9 66.2 62.9 59.6 55.3 51.6 46.6 45.7 42.5 40.2 20.7 1.9 -1.2 -1.2 -1.2 -1.2 -1.2 -1.2 -1.2 -1.2 -1.2 -1.2 -1.2 -1.2 -1.2 -1.2 -1.2 -1.2 -1.2 -1.2 -1.2 -1.2 -1.2 -1.2 -1.2 -1.2 -1.2 -1.2 -1.2 -1.2 -1.2 -1.2 -1.2 -1.2 -1.2 -1.2 -1.2 -1.2 -1.2 -1.2 -1.2 -1.2 -1.2 -1.2 -1.2 -1.2 -1.2 -1.2 -1.2
147.8 144.5 143.6 143.1 142.6 142 141.1 139.7 137.4 133.2 131.5 131.2 130.9 132.2 131.1 129 126.9 125.1 122.1 113.9 105.9 99.6 91.9 80.8 71.7 67.1 64 61 56.7 52.1 48.1 42 36.5 39 3.8 0.5 -1.2 -1.2 -1.2 -1.2 -1.2 -1.2 -1.2 -1.2 -1.2 -1.2 -1.2 -1.2 -1.2 -1.2 -1.2 -1.2 -1.2 -1.2 -1.2 -1.2 -1.2 -1.2 -1.2 -1.2 -1.2 -1.2 -1.2 -1.2 -1.2 -1.2 -1.2 -1.2 -1.2 -1.2 -1.2 -1.2 -1.2 -1.2 -1.2 -1.2 -1.2 -1.2 -1.2 -1.2 -1.2 -1.2 -1.2
149.2 146.3 144.2 142.9 142.4 142 140.9 139.1 136.9 134.2 131.4 131 130 130.2 131.1 129.5 128.4 127 124.3 119.1 111.2 99.3 89 80.5 73 69 66 62.4 57.5 52.6 47.6 42.7 35.4 12.4 -1.2 -1.2 -1.2 -1.2 -1.2 -1.2 -1.2 -1.2 -1.2 -1.2 -1.2 -1.2 -1.2 -1.2 -1.2 -1.2 -1.2 -1.2 -1.2 -1.2 -1.2 -1.2 -1.2 -1.2 -1.2 -1.2 -1.2 -1.2 -1.2 -1.2 -1.2 -1.2 -1.2 -1.2 -1.2 -1.2 -1.2 -1.2 -1.2 -1.2 -1.2 -1.2 -1.2 -1.2 -1.2 -1.2 -1.2 -1.2 -1.2
151 147.1 145.3 143.5 142.9 142.4 141.2 138.7 136.3 134.1 130.8 130.7 130 128.9 129.5 129.9 129.5 129 126.9 121.6 116 105.3 89 78.5 72.8 69.5 67 63.5 58.2 53.1 48.3 43.4 25.1 11.4 -1.2 -1.2 -1.2 -1.2 -1.2 -1.2 -1.2 -1.2 -1.2 -1.2 -1.2 -1.2 -1.2 -1.2 -1.2 -1.2 -1.2 -1.2 -1.2 -1.2 -1.2 -1.2 -1.2 -1.2 -1.2 -1.2 -1.2 -1.2 -1.2 -1.2 -1.2 -1.2 -1.2 -1.2 -1.2 -1.2 -1.2 -1.2 -1.2 -1.2 -1.2 -1.2 -1.2 -1.2 -1.2 -1.2 -1.2 -1.2 -1.2
152 148.4 146 144.7 143.5 142.9 140.8 138.1 135.2 132.7 130.3 129.7 129.9 128.8 128.5 129.5 130.2 130.1 127.9 121.9 115.9 106.7 89.9 77 72.3 70.3 68.3 64.3 58.8 53.6 48.2 42.8 26.7 15.6 -1.2 -1.2 -1.2 -1.2 -1.2 -1.2 -1.2 -1.2 -1.2 -1.2 -1.2 -1.2 -1.2 -1.2 -1.2 -1.2 -1.2 -1.2 -1.2 -1.2 -1.2 -1.2 -1.2 -1.2 -1.2 -1.2 -1.2 -1.2 -1.2 -1.2 -1.2 -1.2 -1.2 -1.2 -1.2 -1.2 -1.2 -1.2 -1.2 -1.2 -1.2 -1.2 -1.2 -1.2 -1.2 -1.2 -1.2 -1.2 -1.2
