public/OST50/NG25.asc
ncols 200
nrows 200
xllcorner 120000
yllcorner 850000
cellsize 50
[rows 0 to 36 of 200, columns 82 to 163 of 200]
69.6 72.2 76.2 81.3 83.3 83.6 83.7 84.9 84.7 85.1 85.4 86.8 88.9 89.7 91.8 94.4 94.7 96.7 98.8 100.2 100.9 102.9 102.6 107.3 110.2 107.8 108.9 109.5 111.4 117 123 121.7 122.5 122.5 127.2 127.4 119.8 113.2 118.1 122.6 120.8 121.9 120.3 118 117.5 118.7 122.7 122.8 122.3 114.5 104.2 94.9 82.2 70.2 62.7 54.8 50.1 22.7 47 53.9 56.6 55.9 54.4 35.2 10.7 1.2 -1.9 -1.9 -1.9 -1.9 -1.9 -1.9 -1.9 -1.9 -1.9 -1.9 -1.9 -1.9 -1.9 -1.9 -1.9 -1.9
67 68.3 69.6 71.6 74.5 78 80.8 82.4 83.3 83.7 84.3 84.4 85.2 88.8 89.6 89.7 91.6 94.2 95 95.5 96.9 98.6 99.7 100.5 106.6 104.7 112.9 109.9 109.1 110.7 116 117.8 118.3 118.7 123.6 123.1 113.9 110.4 113.7 116.6 118.5 118.6 121.5 128.5 129.1 128.6 129.7 128.2 127.9 121.1 109.2 96.3 84 74.8 68.7 63.3 56.9 40.8 52.8 57.7 60.1 59.9 62.3 62.8 44.6 3.9 0.9 -1.9 -1.9 -1.9 -1.9 -1.9 -1.9 -1.9 -1.9 -1.9 -1.9 -1.9 -1.9 -1.9 -1.9 -1.9
64.4 65.1 66.2 67.3 69.7 72.1 78 81.8 82.4 83.3 83.5 83.1 82.5 84.3 86.4 88 89 89.5 91.1 91.7 92.5 94.7 98.2 98.6 100.4 102.3 105.2 107.4 107 108.5 109.5 113.8 115.7 115.5 117.6 111.2 110.8 108.5 111.6 113.7 121.7 129.7 132 133.7 131.6 131.4 131.5 130.2 129.1 124.2 111.4 99.1 86.1 81 74.4 67 58 51.7 55.4 59.5 61.7 62.3 64.2 65.4 60.6 49.1 3.4 0.6 -1.9 -1.9 -1.9 -1.9 -1.9 -1.9 -1.9 -1.9 -1.9 -1.9 -1.9 -1.9 -1.9 -1.9
60.1 61.3 63 65.6 66.4 68 70.5 73.8 77.9 82.2 82.3 82.8 82.5 83.3 84 84.6 85.7 87.4 88.4 88.8 89.9 90.4 91.6 93 97.9 99.3 100.3 103.4 104.2 103.9 107.6 105.8 105.5 106.9 107.2 106.4 106.1 106 113.3 121.4 130.3 133.5 134 134.6 135.5 136.2 133.7 131.1 129.8 127.3 112.9 100.7 93.7 85.4 76.2 69.2 59.2 53.7 56.3 61.5 63.7 63.8 65.3 68.7 69.9 66.7 43.4 4.2 -1.9 -1.9 -1.9 -1.9 -1.9 -1.9 -1.9 -1.9 -1.9 -1.9 -1.9 -1.9 -1.9 -1.9
56.7 57.6 59.1 61.7 63.4 65 66.7 68.6 72 74.7 75.6 74.8 80.2 82.5 82 83.4 83.5 84.1 85 85.6 88 88.2 88.4 90 91.7 93.5 95.7 98 99.2 100.5 102.6 102.4 101.8 102.2 102.6 103.3 111.2 118.9 122.4 125.2 133.7 133.5 135 140.5 146.2 146.1 138.6 132.8 130.5 128 115.5 103.1 96 87.6 78.6 69.1 60.3 53.4 56.5 62.3 64.9 65.4 67.8 70.2 72.4 69.3 63 32.6 1.7 -1.9 -1.9 -1.9 -1.9 -1.9 -1.9 -1.9 -1.9 -1.9 -1.9 -1.9 -1.9 -0.1
54.9 56.3 56.8 57.6 59.5 61.9 62.6 65 67.7 68.9 69.4 73.5 73.9 75.6 77.5 81.3 82.6 82.9 83.4 84.1 85.3 86.5 87.1 89 90.2 92 93.9 96.5 97.7 99.1 99.2 100.3 102 102.2 104.9 112 118.7 125.5 130 128.4 130.6 133.8 141.6 146.8 149.7 151 142.8 135.6 131.5 126.7 121.6 106.1 97.9 90.5 79 69.4 63.9 59.5 58.6 62.4 65.8 66.7 69.1 71 72.9 73.9 67.7 50.8 2.8 -1.9 -1.9 -1.9 -1.9 -1.9 -1.9 -1.9 -1.9 -1.9 -0.6 0.2 1.1 2.1
53 55.1 55.4 55.9 56.7 58.5 60 61.9 62.3 64.9 67.2 69.5 70.8 71.8 71.6 74.6 80.2 81.9 82.5 83.3 84.2 85.3 87.1 87.8 89.7 91 92.7 94.6 96.2 96.7 100 102.6 103.9 104 108 113.4 119.8 125.7 129.9 131.1 132.4 135.3 144.5 150.2 150.8 149.7 146.1 135.4 130.7 126.9 123.6 110.8 98.1 88.3 79.2 71.2 66 62.2 62 57.3 65 67 69.6 71.3 74.3 75.6 74 62.4 16.1 -1.9 -1.9 -1.9 -1.9 -1.9 -1.9 -1.9 -1.9 -1.9 1.3 2.2 3.6 7.3
51.5 52.7 54.4 54.5 55.5 56.9 58.5 57.9 59.6 62 65 68.3 70.1 68.9 68.9 71.6 73.9 77.3 80.7 82.5 83.3 85.4 86.5 88.1 91.5 92.5 93.3 94.5 98.3 104.6 108.9 111.1 110.2 109.5 111.6 118.6 120.7 127.3 130.1 132.5 134.4 136.6 143.1 148.2 149.8 149.6 145.7 136.5 130.4 127 123.6 112.5 99.1 87.6 79.6 73.2 68.3 65.4 64.2 61.3 59 67.4 70.6 73.3 75.9 77.4 78.2 68.1 29.6 1.9 1.1 -1.9 -0.7 -1.9 -0.9 -1.9 0.3 1.9 4.5 6.6 7.3 9.6
49.8 50.1 51.4 53.5 55.2 56.5 56.5 55.5 58.6 60.4 64.8 69.1 70.7 67.9 65.6 68.1 69.8 76.7 81.5 81.6 83.9 85.3 86.3 87.9 89.3 93.3 95.7 100.8 106.5 110.9 113.4 114.5 112.3 113.2 117.2 123.2 124.6 127 130.9 132.7 134.6 137.3 143.2 146.9 149.5 150.2 144.6 135.5 132 127.5 124 110.9 100 89.4 82.4 76.1 70.8 67.9 64.9 65 65.8 65.4 71.3 74.6 77.7 79.8 78.8 66.2 41.1 17.4 4.2 1.9 1.5 1.2 1.2 1 1.9 4.4 9.5 10.7 10.4 8.3
45.1 47 47.9 49.2 51.4 53.3 55.6 51.4 54.9 56.9 58.4 60.1 61.6 61.3 63.4 67.9 70.9 73 76 78.6 81.2 82.9 87.7 94.6 99.8 97.9 102.9 109.6 113.5 114.4 116.4 117 115.7 115.7 118.3 125.4 125.8 129.1 132.1 134 136.2 138.7 142.5 147.7 149.4 147.8 143.1 135.2 132.6 128.9 123 110.4 99.5 90.6 85.1 79.7 74.5 69.2 65.7 67.1 68.7 66.4 71.6 74.5 77.2 79.3 77.9 61.9 33.5 19.3 12.9 9.9 9.2 6.1 4.5 4.2 5.9 8.6 15.2 16.3 13.4 9.8
39.4 40.5 42.3 43 44.4 45.2 46.7 47.6 50.8 53.2 51 55.5 58.6 62.4 67 68.2 69.1 71.7 74.1 79.1 84.1 86.7 89.2 91.5 94.5 100.7 109.2 113.7 116.6 117.8 119.8 120.8 120.1 119.8 122.3 129.5 133.2 133.4 133.7 135.6 140.5 142.8 143.5 147.8 149.9 147 141.9 135.4 133.2 129.8 123 110.1 101.1 92.7 88.2 82 76.9 71.2 66.7 69.9 72.5 70.4 73.7 75.9 78.5 79.9 79.4 68.5 47.4 25.2 16.3 12.6 11.1 10.3 9.9 9.7 10.5 11.2 13 14.6 13.5 11.7
29.5 32.4 34.8 37.2 39 40 41.5 43.2 46.1 46.4 53.2 54.4 57.7 59.5 63.5 67.2 71.9 73.9 79.4 85.8 85.9 86.8 90 92.9 97.9 106.2 109.6 115.4 119.2 124.5 125.6 126.7 128.6 125.7 128.9 132.2 139.6 139.8 135.1 139.1 143.2 145.4 145.4 150.2 150.7 146.6 140.8 135.4 134.3 131.6 121.6 110 102.9 96.1 87.7 82.9 76.9 71.3 70.1 75.6 76.2 75.3 76.6 78.9 80.4 82.2 83.8 85.1 76 48.4 25.8 18.2 13.7 12.9 11.6 14.2 12.5 12.3 12.5 14.1 18.8 14.1
21.8 23.8 28.2 31.2 33.1 33.9 29.6 38 40.3 45.6 51.8 57.7 61.7 63.8 65.2 67.1 70 72.9 76.6 80.4 85.4 87 88.4 93 97 106.3 110.5 115 122.8 128.2 129.5 135.6 135.9 131.1 137.5 141.7 142.1 146.3 141 140.9 147.2 148.7 147.3 149.8 152.8 148 141.9 134.5 132.9 130.2 122.2 111.1 103.4 96 89.7 82.9 77.4 74.6 74.8 77.8 78.7 79.4 81.1 83 84.4 84.7 87.6 89.6 87.9 81.1 62.9 38.5 28.6 24.6 14.7 12.4 13.1 13.8 14.7 17.3 28.5 20.9
17.1 19.3 19.8 18.1 19.2 32.3 36 39.5 44.6 48.2 52.2 57.4 59.4 63 64.8 66.9 71.1 75.7 76.8 78.3 82.4 86.2 88.1 91.1 96.2 104.5 111.3 117.5 123.1 130.9 134.5 138.4 141.9 135 139.7 143.2 141.8 144.5 148.7 146.2 148.8 150.7 149.1 149.8 150.7 148.1 140.2 133.6 132.4 130.7 121.5 111.4 104.4 97.9 91.2 84.2 78.4 77.2 76 81.2 84.7 82.9 83.8 84.7 86.8 88.4 92.3 96.8 98.8 99.5 89.5 71.2 59.7 48.7 38.6 27.3 23.3 26.7 37.9 23.8 17.7 20.4
13.5 14.3 14.5 19.9 23.6 30.1 34.9 39.2 43 46.5 50.6 55.6 60 62.6 63.9 66.8 72.4 80.4 79 78.9 81.9 84.3 87 90.7 96.5 106.5 115.6 118.7 123.1 129.2 135.2 137.9 135.1 136.1 138.6 144.9 146.6 148.3 149.3 150.7 150.7 152.9 150.7 149.1 147.9 145.9 138.7 133.3 132 128.3 122.5 112.6 107.1 101.1 94.8 87.2 80.6 79.1 80.5 85.3 85.9 86.1 87.3 88.4 90 94.1 98.1 100.8 104 108.4 111.1 111.2 97.4 82.3 73.7 59.8 42.4 42.9 39.7 30.5 23.8 31.3
10.9 11.1 12.5 10.9 17.4 23.6 29.7 36.4 39.2 43.8 48.9 52.7 57.3 63.4 62.7 65.3 68.8 72.7 77.6 78.8 79.5 84.3 88.7 92.1 96.9 106 112.8 118.2 121.4 125.5 129.8 133.2 135.1 139.8 144.9 147.7 149.4 150 151.2 152.7 152.9 154.3 153.5 149.8 146.3 142.9 137.7 132.8 130.4 128 122.8 113.9 107.8 103.7 99 88.8 83.4 80.3 83.2 86.2 87.3 89.6 90.6 92.1 92.1 99.2 104.2 106.3 109.1 111.4 114.5 121.8 125.4 126.9 130.2 111.6 109.1 81.5 66.1 55 45.6 38.6
9.7 8.9 7.3 7.5 12.6 17.4 22.3 27.5 33.4 38.3 44.7 50.1 53.2 58.1 63 65.1 66.6 68.6 72.8 76.6 82.4 84.9 87.8 93.3 96 100.2 106.8 112.9 116.4 121.6 127.3 133.2 140.6 145.9 146.8 149.3 150.7 151.2 154 156.9 160 160.3 157.1 154.8 147.4 140.3 133.9 131.8 129.2 126.7 123.3 115.8 111.4 106.3 98.7 92 86.6 83.1 86 87 89.3 92.4 92.8 95.1 94.9 102.3 106.9 109.1 111.5 114.4 120.3 125.9 133.2 138.4 139.1 138 138.7 140.2 145.2 102.6 74.4 56.4
2.3 7.3 5.2 8.6 10.2 12.5 16.8 23.2 28.9 33.3 40.3 49.3 52.1 55.3 63.3 65.6 66.6 68.6 71.6 76.2 81.7 86.7 91.4 93.3 97.6 103.3 106.7 110.1 114 124.3 130.3 133.9 146.3 148 153 155.1 152.3 154.5 159.1 162.5 164.7 165.4 160.8 156.3 152.4 140.1 132.7 131 129.1 127.6 125.2 114.7 113.8 105.9 103.8 93.1 88.7 86.6 88.7 89.7 91.3 94.2 95.6 98.9 99.3 103.3 107.5 111.4 113.8 121.5 122.8 125.2 131.8 135.8 139 140.6 142.1 145 148.2 148.3 101.6 71.9
0.4 -1.9 3 4.8 6 11.6 14.1 18.4 24 32.7 39.1 44.6 53.1 55 58.4 63.7 68.2 69.6 71.8 77.4 83.4 89.3 93.6 96.2 98.9 106.4 108.1 110.5 115.9 124 129.5 137.3 144.2 153.3 156.1 155.5 156 159.5 161.1 166.3 167.4 169.4 164.7 157.9 152.7 142.9 133 131.3 129.2 128.1 125.9 115.8 110.8 105.2 99 95.6 91.3 90.4 91.1 93.1 95.4 96.6 100 103.4 106.2 107.4 112.2 115.6 119.7 122.8 126.6 131.1 132.6 137.3 141.5 144.1 146.2 149.4 158.5 154.2 124.3 95.1
-1.9 -1.9 -1.9 -1.9 0.4 2.1 5.4 15.5 22.6 29.6 37.6 43.4 50.6 55.5 59 62.7 65.8 69.9 72.5 77.6 85.5 89.1 95.3 98.1 98.7 102.6 106.3 111 123.3 126.2 131.7 136.9 142.8 150.5 152 155.1 162.2 169.3 165.1 168.4 171.3 173.1 168.3 157.4 151.6 144 135.7 132.7 130.5 126.3 122.2 116.6 112.5 111.7 105.7 97.9 90.6 93.9 94.2 96.5 97.3 101 103.1 107.6 110.5 112.7 115.5 121.6 125.5 129.1 131.4 136.5 138.2 141.5 145.5 148.4 150.8 156.6 162.4 154.5 150.9 119.3
-1.9 -1.9 -1.9 -1.9 -1.9 -1.9 -1.9 3.3 17.8 26.2 35.9 44.2 49 55.7 61.2 63.3 65.3 67.9 71.5 77.3 81.8 86.9 96.2 99.3 99.5 104.6 105.8 112.2 124.6 127 126.1 132 138.6 140.7 146.7 153.2 166.5 172.2 171.3 171.1 173.1 169.4 165.8 158.6 152.5 144.9 137.9 129.4 125.9 123.5 121.2 118.2 116.5 114.5 107.9 99.7 93.2 97.2 98 99.6 103.4 105.2 108.2 111.5 116 116.9 120.4 125.3 129.4 134 137.3 140.4 144.2 146.5 149.5 152.7 155.4 161.3 163.4 161.5 166.5 173.3
-1.9 -1.9 -1.9 -1.9 -1.9 -1.9 -1.9 -1.9 -1.9 19.3 28 39.8 48.6 54.6 63.2 64.8 66.5 68.1 71 74.7 81 87 95.9 99.3 101.3 102.9 105.5 108.7 112.9 118.2 121.1 127.5 135.8 138.5 144.3 149.6 163.7 172.3 171.6 171.7 173.1 171.2 166.9 160.8 153.9 148.2 139.9 132.2 125.1 122.7 120.6 119.1 118.3 114.1 105.5 100.1 94.8 100.2 102.1 104.4 107 109.6 113.2 116.9 120.5 121.9 121.7 128.7 133.3 138.3 141.1 144.4 149 152.6 153.9 156.7 159.7 162.5 165 168 175.6 185.7
-1.9 -1.9 -1.9 -1.9 -1.9 -1.9 -1.9 -1.9 -1.9 1.8 20.4 27.6 40.9 52.2 55.1 62.4 65 66.7 70.4 74 79.2 86 92.2 97.9 99.8 101.7 104 104.4 107.5 113.6 118.4 124.8 130.9 137.9 143.9 144.8 156.5 171.1 170.9 171.6 171.7 170.8 166.2 160.6 155 148.2 144 136.3 128.2 123.6 121.2 118.8 117.9 110.7 104.6 100.5 99.6 102.9 104.7 108.2 111.5 114.9 118.3 121.6 125.5 127.3 128.3 129.3 137.7 142.2 144 147.3 151.8 154.7 157.3 160.3 162.8 164.4 167.1 175.2 183.1 188.2
-1.9 -1.9 -1.9 -1.9 -1.9 -1.9 -1.9 -1.9 -1.9 -1.9 13.1 20.8 28.5 38.6 46.1 52.7 62.1 64 67.3 72.1 78.2 84.9 91 96.1 97.8 99.4 100.7 105.1 112.3 115.6 115.9 122 126.9 132.7 140.2 143.2 148 158.4 169 169.8 169.8 169 166.2 160.5 155.1 148.4 145.1 140 133.2 124.4 122 118.9 114.5 110.5 107 102.9 102.2 105.6 109.6 113.7 117 120.4 123.8 127.1 130.5 133.6 135.7 135.8 141.4 144.9 147.6 150.9 154.7 157.8 159.7 161.8 162.7 164.8 172.8 180.9 189.8 199
-1.9 -1.9 -1.9 -1.9 -1.9 -1.9 -1.9 -1.9 -1.9 -1.9 4.1 17.6 22.5 29.8 36.1 44.4 50.1 57.5 64.3 69.5 75.1 78.6 84.1 90.1 94.7 99.3 100.1 102 106.2 111.2 116.3 118.9 124 127.4 133.9 139.6 141.4 150.3 159.7 167.3 167 166.8 164.3 164.4 157.7 151.4 146.6 140.9 130.3 127.4 124.2 122.2 118.6 113.4 109.1 104.5 105.3 111 115.2 119 122.6 126 129.4 132.6 135.7 138.7 141.4 142.7 144.7 148.5 151.5 154.8 158.1 161 162.7 164.1 164.8 170.9 180.4 191.8 204.4 207.9
-1.9 -1.9 -1.9 -1.9 -1.9 -1.9 -1.9 -1.9 -1.9 -1.9 2.7 12.1 17.6 24.9 31.5 37.9 43.9 50.6 59.5 70.9 73.4 75.8 79.6 86.2 94 97 98.8 100.7 104.2 110.2 118.6 117.6 119.4 123.6 131.9 137 136.4 141.6 149.7 158.9 161.2 161.5 161.7 164.4 157.4 151.4 144.9 136.6 132.6 129.6 128.3 129.1 117.8 115.6 111.9 105.7 110.7 115.1 119.7 124.1 128.4 131.8 135.4 138 140.9 143.9 146.5 150.5 146 153.8 155.5 158.7 161.9 164.3 165.3 166.3 168.8 176.1 185.8 200.4 207.2 214.5
-1.9 -1.9 -1.9 -1.9 -1.9 -1.9 -1.9 -1.9 -1.9 -1.9 2.4 9.4 16.5 21.5 28.6 33.9 39.9 46.1 51.9 59.5 73 73 75.3 81.5 91 92.3 94.8 96.4 100.2 104.9 112 115.4 115.3 119.3 127.8 130.6 133.3 138 143.6 150.9 154.5 156.9 159.7 158.6 155.2 148.9 144.7 143.7 139.9 135 130.3 128.6 121 115.1 112.6 110.3 115.1 119.1 124.8 129.1 133.8 137.8 141.2 143.4 146.2 148.9 150.6 152.3 151.1 155.8 159.1 162.3 165.4 168.8 170.4 174.4 177.8 186.1 196.1 201.3 209.8 215.9
-1.9 -1.9 -1.9 -1.9 -1.9 -1.9 -1.9 -1.9 -1.9 -1.9 1.6 8.2 17.9 24.4 28.8 34.8 39.9 44.6 48.2 52.3 61.4 68 71.7 77.1 83.3 90.9 91.6 93.7 95.2 99.1 104.1 108.4 110.5 118.7 128.5 128.1 130.2 134.7 140.1 143.7 146.7 151.6 155.6 154.6 149.5 150 152.3 150.7 148.9 138.3 131.2 125.2 120.1 117.3 114.5 117.1 118.7 122.1 128.5 134.2 139.2 143.6 147.9 150.8 152.7 155.2 155.1 155.7 155.7 157.3 161.5 165.1 168.6 172 175.9 182.2 189.4 194.2 199.8 202.9 210.1 213.8
-1.9 -1.9 -1.9 -1.9 -1.9 -1.9 -1.9 -1.9 -1.9 -1.9 0.3 5.6 13 22.3 31.2 38.2 44.3 48.6 51.4 53.9 57.4 64 69.1 71.9 75.3 79.7 86.2 91.5 93.4 94.6 98.5 101.9 106.1 113.2 123.2 126.6 130.6 135.1 137.1 139.8 141.7 146.5 147.8 147.9 153.4 152.7 152.4 152.4 150.5 141.2 132 125.6 121.6 118.6 117.2 120.7 122.4 126.4 135 142.4 150.4 153.2 156.1 159 160 161 160.6 161 162.5 160.1 163.8 167.5 171.2 175.7 183.2 189.3 195.5 198 201.3 204.6 213.4 215.1
-1.9 -1.9 -1.9 -1.9 -1.9 -1.9 -1.9 -1.9 -1.9 -1.9 -1.9 -1.9 5.9 13 22.6 34.1 45.2 51.7 54.2 55.2 56.8 59.6 63.6 67.7 69.8 73.3 78.8 85.7 90.7 91.8 94 97.9 102.2 108.9 119.6 124.2 126.7 135.5 135.1 135.6 137.1 140.7 146.2 154.8 157.1 156.9 155 152.8 150.9 144.3 135.2 127.3 121.8 119.4 120.6 124.3 126.5 133.5 143.6 151.4 155.4 159 161.7 164.4 165.4 166.3 166.9 166.2 168.1 166.9 166.3 170 174.1 179.6 187.6 192.5 195.5 201.7 205.2 210 214.9 219.3
-1.9 -1.9 -1.9 -1.9 -1.9 -1.9 -1.9 -1.9 -1.9 -1.9 -1.9 -1.9 -1.9 2 11.9 21.8 31.9 44.4 51.5 53.1 55.2 57.2 58.9 61.5 63.8 67.4 72.7 78.3 84.7 89.5 91.7 95.4 100.3 105.1 113.4 121.3 122.8 131.4 133.2 131.5 132.3 139 147.3 154.4 159.2 159.3 157.3 155.5 152.8 146.1 137.5 127.8 122.2 121.1 123.1 126.4 130.8 138.2 145.2 152.4 156.9 161.1 165 166.8 169 171.3 173.2 173.1 172.8 174.2 168.8 172.6 177.4 182.7 189 192.6 196.7 203.5 210.1 214.7 220.6 225.1
-1.9 -1.9 -1.9 -1.9 -1.9 -1.9 -1.9 -1.9 -1.9 -1.9 -1.9 -1.9 -1.9 -1.9 -1.9 12.7 20.3 28.6 38.9 45 48.7 52.2 54.6 56.4 58.9 61.2 66.3 73.1 78.8 85.5 89 93.4 98.7 102.3 108.6 113.3 118 122 128.7 131.4 133 137.2 148.8 159.8 161.8 166.5 160.3 156.2 153 148.2 138.6 128.7 123.6 123.5 125.6 128.5 134.1 140.7 149.1 158.1 161.7 165.9 169.4 172.4 173.8 176 177.5 178.7 176.8 175.7 171.4 174.5 179.6 184.7 188.1 192.7 199.1 205.7 214.8 218.7 223.8 231.2
-1.9 -1.9 -1.9 -1.9 -1.9 -1.9 -1.9 -1.9 -1.9 -1.9 -1.9 -1.9 -1.9 -1.9 -1.9 -1.9 11.6 19.1 28.3 36 41.5 45.7 49.1 52.1 55.3 59.1 63 67.8 73.7 78.6 86.2 93.1 99 102.2 105.9 111.8 118 125.4 134.8 138.2 144.4 149 155.1 161.5 161.8 162.1 160 157 153.5 150.7 138.8 130 126 124.7 127.2 131.9 137.6 145.3 152.3 159.8 169.2 169.9 172.4 176.3 179.3 182 183.4 181.5 179.4 176.5 173.8 177.3 181.2 185.3 189.7 195 202.8 212.3 216.3 220 225.3 233
-1.9 -1.9 -1.9 -1.9 -1.9 -1.9 -1.9 -1.9 -1.9 -1.9 -1.9 -1.9 -1.9 -1.9 -1.9 -1.9 -1.9 10.7 19.5 28.3 34.9 40.5 44 47.1 54.1 58.5 62.1 65.3 70.2 75.8 83.7 91.5 98.1 103 106.9 112.2 120 130 139.7 141.5 145.1 153.8 158.7 160 160.9 160.6 159.6 157.8 153.2 149.2 139.4 129.8 126.9 126.7 128.1 134.1 140.5 147.9 155.7 160 165.3 171.3 176.1 179.1 181.2 183.9 184.8 185.7 181.8 178 176.7 178.3 182.9 187.4 192.3 199.7 207.8 214.6 219.3 225 227.2 231
-1.9 -1.9 -1.9 -1.9 -1.9 -1.9 -1.9 -1.9 -1.9 -1.9 -1.9 -1.9 -1.9 -1.9 -1.9 -1.9 -1.9 -1.9 12.3 20.7 23 34.1 41.8 48.5 55.4 59.5 61.7 65 68.3 74.8 81.3 90.7 98.1 104.6 106.3 112.8 120.6 128.9 137.1 139.8 147.6 155.4 159.5 159.5 159 158.8 158.5 156.6 153.3 148.3 139.3 130.1 128 127.5 129.7 139 144.3 150.5 156.3 162.4 169.7 171.9 175 177.9 181.2 184.1 185.5 185.9 182.2 179.1 180 181.6 184.2 188.3 194.6 201.4 211.1 217.7 224.2 227.4 227.6 229.2
-1.9 -1.9 -1.9 -1.9 -1.9 -1.9 -1.9 -1.9 -1.9 -1.9 -1.9 -1.9 -1.9 -1.9 -1.9 -1.9 -1.9 -1.9 -1.9 13.9 24.4 33.5 40.9 47.2 54.1 59.2 61.3 65.4 67.8 71.2 77.1 85 94.2 107.4 104.8 108 117.5 127.4 131.3 136.5 144.7 153.7 159.1 158.4 157.7 157.2 156.7 155.5 153.5 150 137.5 130 127.9 127.9 131.5 140.4 144.7 149.9 154.6 161.6 172 171.4 172.4 177.8 181.9 185.7 186.9 186.8 185 184.7 182.7 184.9 184.8 188.5 197.6 204.8 211.6 219.2 227.1 229.2 228.3 228.6
-1.9 -1.9 -1.9 -1.9 -1.9 -1.9 -1.9 -1.9 -1.9 -1.9 -1.9 -1.9 -1.9 -1.9 -1.9 -1.9 -1.9 -1.9 -1.9 3.1 18.2 29.6 40 46.4 51.1 56.6 59.7 62.9 66.6 72.9 79 82.1 86.6 95.5 103 106 111.7 122.8 130.2 135.1 140.4 147.3 155.1 154.1 154.3 156.2 155.1 154.2 151.2 148.6 138.1 130.1 127.8 127.9 130.9 137.4 144.8 148.8 153.2 157.5 162.4 166.8 170.9 175.1 180.1 184.2 186 184.2 183.6 187 187.3 187.7 189.4 191.6 197.2 203.6 212.1 219.2 229.5 230.2 227.3 225.9
