public/OST50/NG25.asc
ncols 200
nrows 200
xllcorner 120000
yllcorner 850000
cellsize 50
[rows 74 to 110 of 200, columns 82 to 163 of 200]
-1.9 -1.9 -1.9 -1.9 -1.9 -1.9 -1.9 -1.9 -1.9 -1.9 -1.9 -1.9 -1.9 -1.9 -1.9 -1.9 -1.9 -1.9 -1.9 -1.9 -1.9 -1.9 -1.9 -1.9 -1.9 -1.9 -1.9 -1.9 -1.9 -1.9 -1.9 -1.9 -1.9 -1.9 -1.9 -1.9 -1.9 -1.9 -1.9 -1.9 -1.9 -1.9 -1.9 -1.9 -1.9 6.7 8.9 11.9 13.9 16.6 20.6 26.5 34.7 46.5 54.4 61.2 68.4 70.3 81.3 90 100.8 109.5 116.8 123.7 129.4 135.2 140.9 146.8 152 156.3 161.7 165.9 169.9 173.4 175.1 184.4 190.1 199.6 213 222.1 230.5 234.8
-1.9 -1.9 -1.9 -1.9 -1.9 -1.9 -1.9 -1.9 -1.9 -1.9 -1.9 -1.9 -1.9 -1.9 -1.9 -1.9 -1.9 -1.9 -1.9 -1.9 -1.9 -1.9 -1.9 -1.9 -1.9 -1.9 -1.9 -1.9 -1.9 -1.9 -1.9 -1.9 -1.9 -1.9 -1.9 -1.9 -1.9 -1.9 -1.9 -1.9 -1.9 -1.9 -1.9 -1.9 -1.9 2.7 9.6 10.6 12.8 14.6 18.1 18.8 22.4 42 54.5 64 70.3 76.7 83.8 92.2 100.1 106.8 114.4 122.4 128.6 134.5 140.2 146.7 153.9 160.1 165.9 169.9 175.4 178.8 179.7 181.5 191.4 202.7 213.8 223 230.3 234.5
-1.9 -1.9 -1.9 -1.9 -1.9 -1.9 -1.9 -1.9 -1.9 -1.9 -1.9 -1.9 -1.9 -1.9 -1.9 -1.9 -1.9 -1.9 -1.9 -1.9 -1.9 -1.9 -1.9 -1.9 -1.9 -1.9 -1.9 -1.9 -1.9 -1.9 -1.9 -1.9 -1.9 -1.9 -1.9 -1.9 -1.9 -1.9 -1.9 -1.9 -1.9 -1.9 -1.9 -1.9 -1.9 1.8 5.5 5.7 9.4 13 15.7 23.3 29.7 37.8 51 62.4 70 75.2 82 89.9 97.2 104.3 111.2 120.3 126.8 133.1 140.5 148.4 156.5 163.4 170.1 177.3 181 185.1 188 185.5 194.2 204.8 214.2 222.9 231.5 234.9
-1.9 -1.9 -1.9 -1.9 -1.9 -1.9 -1.9 -1.9 -1.9 -1.9 -1.9 -1.9 -1.9 -1.9 -1.9 -1.9 -1.9 -1.9 -1.9 -1.9 -1.9 -1.9 -1.9 -1.9 -1.9 -1.9 -1.9 -1.9 -1.9 -1.9 -1.9 -1.9 -1.9 -1.9 -1.9 -1.9 -1.9 -1.9 -1.9 -1.9 -1.9 -1.9 -1.9 -1.9 -1.9 -1.9 2.8 9.6 11.4 14.4 19.2 24.2 29 34 43.2 56.3 66 73.2 79.3 86.9 93.8 100.5 108.3 117.5 125.3 132.5 141.7 148.9 156.5 163.8 171.3 179.4 185.7 192.3 194.7 194.2 194.6 205.1 216.3 224.7 228.4 233.1
-1.9 -1.9 -1.9 -1.9 -1.9 -1.9 -1.9 -1.9 -1.9 -1.9 -1.9 -1.9 -1.9 -1.9 -1.9 -1.9 -1.9 -1.9 -1.9 -1.9 -1.9 -1.9 -1.9 -1.9 -1.9 -1.9 -1.9 -1.9 -1.9 -1.9 -1.9 -1.9 -1.9 -1.9 -1.9 -1.9 -1.9 -1.9 -1.9 -1.9 -1.9 -1.9 -1.9 -1.9 -1.9 -1.9 3 11.1 14.2 15.8 19.4 23.8 28.3 32.4 37.6 47.9 62.6 71.3 78.2 83.9 89.7 97.1 105.4 112 123.7 132 142.5 150.6 156.5 165.1 174.7 183.7 191 197.2 202.7 204.1 201.6 205.6 215.3 222 225.4 234.4
-1.9 -1.9 -1.9 -1.9 -1.9 -1.9 -1.9 -1.9 -1.9 -1.9 -1.9 -1.9 -1.9 -1.9 -1.9 -1.9 -1.9 -1.9 -1.9 -1.9 -1.9 -1.9 -1.9 -1.9 -1.9 -1.9 -1.9 -1.9 -1.9 -1.9 -1.9 -1.9 -1.9 -1.9 -1.9 -1.9 -1.9 -1.9 -1.9 -1.9 -1.9 -1.9 -1.9 -1.9 -1.9 -1.9 -1.9 5.8 15.8 16.9 18.2 20.7 24.1 28.5 35.5 41.8 50.3 59.1 69.3 79 86.6 93.3 103.1 111.6 121.7 132 142.4 150.8 158.8 167.4 176.9 186.4 194.5 201.3 207.8 208 209.6 208.7 214.8 218.8 226.2 234.5
-1.9 -1.9 -1.9 -1.9 -1.9 -1.9 -1.9 -1.9 -1.9 -1.9 -1.9 -1.9 -1.9 -1.9 -1.9 -1.9 -1.9 -1.9 -1.9 -1.9 -1.9 -1.9 -1.9 -1.9 -1.9 -1.9 -1.9 -1.9 -1.9 -1.9 -1.9 -1.9 -1.9 -1.9 -1.9 -1.9 -1.9 -1.9 -1.9 -1.9 -1.9 -1.9 -1.9 -1.9 -1.9 -1.9 -1.9 -1.9 2.4 10 13 15.2 18 24.6 30.6 35.3 39.4 40.7 62.3 73.9 82.3 90.3 99.8 110.6 122.5 132.5 143.6 152.6 160.1 170.3 179 189.8 196.6 201.7 208.4 213.2 219 219.9 216.9 220.7 227.9 236.9
-1.9 -1.9 -1.9 -1.9 -1.9 -1.9 -1.9 -1.9 -1.9 20.5 25.7 16 -1.9 -1.9 -1.9 -1.9 -1.9 -1.9 -1.9 -1.9 -1.9 -1.9 -1.9 -1.9 -1.9 -1.9 -1.9 -1.9 -1.9 -1.9 -1.9 -1.9 -1.9 -1.9 -1.9 -1.9 -1.9 -1.9 -1.9 -1.9 -1.9 -1.9 -1.9 -1.9 -1.9 -1.9 -1.9 -1.9 -1.9 0.7 5.4 11.1 12.2 19.2 25.6 28 31.5 36.3 53.6 71.2 75.8 86.3 98.1 110.1 122.4 134 144.1 155.4 162.9 171.5 180.8 195.6 203.4 211.6 217.7 223.2 223.6 226 223.4 227.8 239.5 245.1
-1.9 -1.9 -1.9 -1.9 -1.9 -1.9 31 49.5 54.3 48.8 45 37.9 19.4 -1.9 -1.9 -1.9 -1.9 -1.9 -1.9 -1.9 -1.9 -1.9 -1.9 -1.9 -1.9 -1.9 -1.9 -1.9 -1.9 -1.9 -1.9 -1.9 -1.9 -1.9 -1.9 -1.9 -1.9 -1.9 -1.9 -1.9 -1.9 -1.9 -1.9 -1.9 -1.9 -1.9 -1.9 -1.9 -1.9 -1.9 -1.9 6.5 9.2 12.6 18.9 23.6 19.9 23.3 45.8 67.7 73.9 83 95.8 109.4 120.3 133.5 145.7 155.4 165 176.8 191.7 203.1 207.8 212.9 215.4 220.7 229 232.2 226.5 233.8 241 244.5
-1.9 -1.9 -1.9 -1.9 -1.9 35.8 52.1 88.3 81.3 63.9 59.5 54.4 41.8 27.4 -1.9 -1.9 -1.9 -1.9 -1.9 -1.9 -1.9 -1.9 -1.9 -1.9 -1.9 -1.9 -1.9 -1.9 -1.9 -1.9 -1.9 -1.9 -1.9 -1.9 -1.9 -1.9 -1.9 -1.9 -1.9 -1.9 -1.9 -1.9 -1.9 -1.9 -1.9 -1.9 -1.9 -1.9 -1.9 -1.9 -1.9 -1.9 4.9 7.5 11.5 12.7 14.8 21.7 37.7 64.6 73.3 80 97.5 111.6 122.6 136 147 157.7 168.4 179.4 193.8 201.2 208.2 213.6 216.6 224.8 231.4 230.9 227.2 233.9 238 246.1
-1.9 -1.9 -1.9 19.1 37.7 63.7 91.9 133.3 121.4 85.3 70.9 63.1 51.1 36.2 18.4 8.7 -1.9 -1.9 -1.9 -1.9 -1.9 -1.9 -1.9 -1.9 -1.9 -1.9 -1.9 -1.9 -1.9 -1.9 -1.9 -1.9 -1.9 -1.9 -1.9 -1.9 -1.9 -1.9 -1.9 -1.9 -1.9 -1.9 -1.9 -1.9 -1.9 -1.9 -1.9 -1.9 -1.9 -1.9 -1.9 -1.9 0.8 2 5 7.8 9 18.4 25.6 62.9 73 84.1 95.8 108.9 126.5 139.1 150.4 163.6 173.1 179.6 193.2 200.2 210.6 215.6 219 220.9 227.8 227.5 229.3 230.9 234.7 248.4
10.8 13.8 23.2 42.4 70.9 117.3 132.5 137.2 137.3 113.8 97.3 83.1 64.7 43.1 22.2 15.3 10.2 -1.9 -1.9 -1.9 -1.9 -1.9 -1.9 -1.9 -1.9 -1.9 -1.9 -1.9 -1.9 -1.9 -1.9 -1.9 -1.9 -1.9 -1.9 -1.9 -1.9 -1.9 -1.9 -1.9 -1.9 -1.9 -1.9 -1.9 -1.9 -1.9 -1.9 -1.9 -1.9 -1.9 -1.9 -1.9 -1.9 -1.9 0.8 2.3 5.2 11.7 26.8 57.7 71.9 81.7 97.4 108.8 123.8 135.4 150.6 168.6 173.2 179.2 192.2 201.7 209.6 212.6 216.6 218.4 223.3 223.5 227.1 231.1 232.2 239.2
36.3 37.8 51.1 73.1 120.9 145.5 148.6 151.7 150.6 149.1 129.7 100.2 75.3 53.1 37.1 29.4 13.9 -1.9 -1.9 -1.9 -1.9 -1.9 -1.9 -1.9 -1.9 -1.9 -1.9 -1.9 -1.9 -1.9 -1.9 -1.9 -1.9 -1.9 -1.9 -1.9 -1.9 -1.9 -1.9 -1.9 -1.9 -1.9 -1.9 -1.9 -1.9 -1.9 -1.9 -1.9 -1.9 -1.9 -1.9 -1.9 -1.9 -1.9 -1.9 -1.9 2.3 8.9 24.7 57.8 72.4 85.9 100.6 110 122.8 134.8 150.6 166.1 175.1 182.1 193.8 202 205.9 212 214.5 215.7 218.7 221.7 225.8 230 232.4 233.9
61.4 70.4 97.2 143.2 146.7 152 154.7 156.5 157.3 159.6 157.2 138.7 87.3 67.4 48.4 39.3 21 14.3 -1.9 -1.9 -1.9 -1.9 -1.9 -1.9 -1.9 -1.9 -1.9 -1.9 -1.9 -1.9 -1.9 -1.9 -1.9 -1.9 -1.9 -1.9 -1.9 -1.9 -1.9 -1.9 -1.9 -1.9 -1.9 -1.9 -1.9 -1.9 -1.9 -1.9 -1.9 -1.9 -1.9 -1.9 -1.9 -1.9 -1.9 -1.9 1.2 7.5 19.2 53 72.7 87.5 101.1 112.7 123.8 137.8 156.5 169.8 177.2 188.4 193.5 198.7 201.3 205.7 208.4 213.1 220.4 224.5 226.7 228.9 229.6 231.3
113.7 120.1 141.7 145.7 151.9 156.5 162.2 163.2 163.1 159.7 159.9 157.4 116 87.1 76.5 53.4 37.9 17.8 8.6 -1.9 -1.9 -1.9 -1.9 -1.9 -1.9 -1.9 -1.9 -1.9 -1.9 -1.9 -1.9 -1.9 -1.9 -1.9 -1.9 -1.9 -1.9 -1.9 -1.9 -1.9 -1.9 -1.9 -1.9 -1.9 -1.9 -1.9 -1.9 -1.9 -1.9 -1.9 -1.9 -1.9 -1.9 -1.9 -1.9 -1.9 -1.9 5.9 21.9 52.1 73.7 89.8 102.7 115.8 126.5 136.6 155.1 168.9 173.6 183.2 189.9 193.8 197.6 200.7 202.1 210.4 214.3 219.6 223.7 227.4 226.2 227.4
133.1 137 144.8 149.8 155 163.9 167.9 170.3 171.1 168.3 166.2 157.9 155.8 99.3 80.9 84.1 58.9 37.3 27.5 14.4 -1.9 -1.9 -1.9 -1.9 -1.9 -1.9 -1.9 -1.9 -1.9 -1.9 -1.9 -1.9 -1.9 -1.9 -1.9 -1.9 -1.9 -1.9 -1.9 -1.9 -1.9 -1.9 -1.9 -1.9 -1.9 -1.9 -1.9 -1.9 -1.9 -1.9 -1.9 -1.9 -1.9 -1.9 -1.9 -1.9 -1.9 4.4 20.1 52 75.8 97.1 102.8 116.9 126.9 137.6 154.6 167.3 171.1 183.7 187.5 189.8 193.2 192.5 200.3 205.3 210.3 212.2 214.3 219.8 225.7 226.3
138.6 143.2 146.7 154.6 161.2 175.1 184.1 185.6 180 179.6 173.4 169.9 163.1 137.4 91.2 81.2 89.7 49.3 31.2 23.4 -1.9 -1.9 -1.9 -1.9 -1.9 -1.9 -1.9 -1.9 -1.9 -1.9 -1.9 -1.9 -1.9 -1.9 -1.9 -1.9 -1.9 -1.9 -1.9 -1.9 -1.9 -1.9 -1.9 -1.9 -1.9 -1.9 -1.9 -1.9 -1.9 -1.9 -1.9 -1.9 -1.9 -1.9 -1.9 -1.9 -1.9 4.2 22.4 55.9 77.6 95.6 100.2 114.6 127.2 137.1 153.4 164.2 168.8 181.8 183.7 188.1 185.8 186.3 191.4 199.2 202.6 207.3 212.4 219.3 223.7 225.5
138.3 147 153.3 157.8 168 183.5 197.7 201.1 195.5 188.6 188.3 178.5 169.1 158.7 105.4 85.2 88.4 70.8 52.2 31.8 19.2 -1.9 -1.9 -1.9 -1.9 -1.9 -1.9 -1.9 -1.9 -1.9 -1.9 -1.9 -1.9 -1.9 -1.9 -1.9 -1.9 -1.9 -1.9 -1.9 -1.9 -1.9 -1.9 -1.9 -1.9 -1.9 -1.9 -1.9 -1.9 -1.9 -1.9 -1.9 -1.9 -1.9 -1.9 -1.9 -1.9 6.1 31.7 62.1 79.7 94 98.3 110.8 125.2 137.6 152.1 161 167.7 178.6 181.4 181.9 180.2 185.3 190.9 194 198.6 203.4 206.7 214.6 221.2 223.8
140.6 149.7 159.9 166.4 176.3 188.2 201.1 204 205.9 205.7 194.8 190 179.5 167.4 139.5 102.6 87.3 91.7 70.9 50.2 26 9.9 -1.9 -1.9 -1.9 -1.9 -1.9 -1.9 -1.9 -1.9 -1.9 -1.9 -1.9 -1.9 -1.9 -1.9 -1.9 -1.9 -1.9 -1.9 -1.9 -1.9 -1.9 -1.9 -1.9 -1.9 -1.9 -1.9 -1.9 -1.9 -1.9 -1.9 -1.9 -1.9 -1.9 -1.9 2.4 15.9 40.1 69.5 80.1 91.2 96.4 106.2 119.3 135.4 150.1 157.5 162.8 175.3 176.8 176.6 178.6 185 188.9 193.6 195.5 201.6 205.3 209.1 214.4 218.9
143.3 151.3 164.9 171.3 182.6 196.9 208.4 213.5 219.5 208.7 206.1 199.6 184 175.2 164.9 112.8 96.5 83.1 78.1 61.6 33.4 17.4 -1.9 -1.9 -1.9 -1.9 -1.9 -1.9 -1.9 -1.9 -1.9 -1.9 -1.9 -1.9 -1.9 -1.9 -1.9 -1.9 -1.9 -1.9 -1.9 -1.9 -1.9 -1.9 -1.9 -1.9 -1.9 -1.9 -1.9 -1.9 -1.9 -1.9 -1.9 -1.9 -1.9 -1.9 8.2 30.2 48.4 73 82.1 88.9 93.1 102.3 112.4 124.6 146 153.3 157.6 163.8 168.8 170.4 174.1 178.8 183.7 189.3 192.3 198.3 202.3 206.9 214.4 214.6
146.9 154 167.8 175.8 188.8 202.3 219.1 224.2 224 220 213.7 204.7 197.5 181.9 169.6 148.9 120.1 93.2 84.5 64.5 35.9 20.3 21.4 -1.9 -1.9 -1.9 -1.9 -1.9 -1.9 -1.9 -1.9 -1.9 -1.9 -1.9 -1.9 -1.9 -1.9 -1.9 -1.9 -1.9 -1.9 -1.9 -1.9 -1.9 -1.9 -1.9 -1.9 -1.9 -1.9 -1.9 -1.9 -1.9 -1.9 -1.9 -1.9 4.7 29.7 43.7 43.3 73.7 84.8 88.2 91.8 99.6 109.9 121.7 132.6 147.2 152.7 157.6 163.3 164.5 167 175.6 180.9 186.9 192.9 199 204.5 211.3 216.3 220.1
151.1 159.8 165.3 178.6 194.7 208.6 220.6 233 236.1 227.8 221.7 213.9 204 193.8 173.8 166.5 153.3 140.1 124.4 81.3 48.2 24.6 27 22.9 -1.9 -1.9 -1.9 -1.9 -1.9 -1.9 -1.9 -1.9 -1.9 -1.9 -1.9 -1.9 -1.9 -1.9 -1.9 -1.9 -1.9 -1.9 -1.9 -1.9 -1.9 -1.9 -1.9 -1.9 -1.9 -1.9 -1.9 -1.9 -1.9 -1.9 2.5 20.4 54 65.5 36.3 72.2 82.3 85.3 89.1 97.6 109.7 120.9 134 141.4 149 156.7 156.6 168.4 171.4 176.5 181.5 187.1 194.2 200.3 209.4 220.1 223.9 233.2
153.1 159.1 170.7 183.3 202.7 218.5 230.6 243.5 253.3 243.2 233.7 221.7 209.3 201.1 181.4 168.9 159.8 147.8 130.7 113.6 70.9 41 22.8 29.2 13.5 -1.9 -1.9 -1.9 -1.9 -1.9 -1.9 -1.9 -1.9 -1.9 -1.9 -1.9 -1.9 -1.9 -1.9 -1.9 -1.9 -1.9 -1.9 -1.9 -1.9 -1.9 -1.9 -1.9 -1.9 -1.9 -1.9 -1.9 -1.9 2.8 17 49.3 67 69.5 48.3 68.6 73.1 81.1 87.9 94.2 105.2 117.3 132.4 142.6 145.2 145 161.2 169.1 173.3 177.4 184.6 189.3 196.6 202.2 217.1 223.3 228.9 234.5
155.9 164 177.4 191.9 208 227.8 242 248.6 262.9 257.9 251 235.5 219.1 202.9 197.7 174.9 164.6 149.4 141.4 123.4 102.1 62.3 26.7 23.3 22.2 -1.9 -1.9 -1.9 -1.9 -1.9 -1.9 -1.9 -1.9 -1.9 -1.9 -1.9 -1.9 -1.9 -1.9 -1.9 -1.9 -1.9 -1.9 -1.9 -1.9 -1.9 -1.9 -1.9 -1.9 -1.9 -1.9 1 16.6 32.7 55.9 70.5 72.7 73.5 56.4 66.4 72.2 78.4 85.8 96 104.7 114.7 131.8 136 141.9 151.3 160.4 166.2 172.2 180.4 188.8 197.1 197.5 206.4 215.3 220.7 230.4 236.5
157.1 168.2 186.3 200.4 220.5 236.7 250.1 259.1 265.5 265.2 262.6 251.2 229.1 210 198.8 183.6 172.4 157.3 145 130.7 121.2 79 47.3 23.5 23.5 11.1 -1.9 -1.9 -1.9 -1.9 -1.9 -1.9 -1.9 -1.9 -1.9 -1.9 -1.9 -1.9 -1.9 -1.9 -1.9 -1.9 -1.9 -1.9 -1.9 -1.9 -1.9 -1.9 -1.9 -1.9 14.8 60 60.9 65.3 68.9 72.8 73.4 72.8 70.8 68.5 72.1 78.2 85.4 95.7 102.8 113.8 123.2 133.7 138.9 146.7 156.4 163.9 172.1 181 190.6 203.2 205.3 208.8 215.4 218.9 229.9 234.7
159.1 175.8 193.9 209.9 232.8 244.8 254.1 260.6 265.2 267.4 266.8 258.3 233.6 215.9 195.9 184 170.9 158.8 149.3 131.9 122.5 113.1 63.6 33.1 31.3 21.7 -1.9 -1.9 -1.9 -1.9 -1.9 -1.9 -1.9 -1.9 -1.9 -1.9 -1.9 -1.9 -1.9 -1.9 -1.9 -1.9 -1.9 -1.9 -1.9 -1.9 -1.9 -1.9 -1.9 1.9 33 58.9 61 65 68.4 71.1 72.6 74 74.3 73.8 75 77.4 86.2 91.7 97.9 110.6 122 129.2 135.2 143 154.6 163.1 173.6 182 194.6 205.4 211.2 214 216.7 224.4 234.3 241
164.5 182.7 201.5 228.2 242.7 247.9 253.9 260.9 265.9 267.8 267.1 261.6 241.1 223.1 204.6 191 174.5 160.4 149.7 136.5 123.3 120.2 86.6 50.3 38 28.8 21.6 9 -1.9 -1.9 -1.9 -1.9 -1.9 -1.9 -1.9 -1.9 -1.9 -1.9 -1.9 -1.9 -1.9 -1.9 -1.9 -1.9 -1.9 -1.9 -1.9 -1.9 -1.9 23.5 44.7 58 61.4 66 68.2 72.3 73.5 73.1 73.5 73.1 75.8 80.4 84.2 90.3 98.6 108.5 118.6 123.5 129.5 142.6 149.8 158.5 170.9 190.4 199.2 202.5 209.2 213.6 218 227.3 237.9 245.3
169.5 189 207 227.9 242.5 249.5 254.9 261.8 270.5 273 268 266.6 251.7 233.9 219.3 197.5 184.1 167.8 155.5 145.1 132 121.9 100.3 57.8 39.7 31.9 28.7 18.8 -1.9 -1.9 -1.9 -1.9 -1.9 -1.9 -1.9 -1.9 -1.9 -1.9 -1.9 -1.9 -1.9 -1.9 -1.9 -1.9 -1.9 -1.9 -1.9 -1.9 -1.9 21.4 41.1 53.7 56.4 64 68.9 71.4 73 73.5 73.2 70.9 75 79.4 84 88.6 94.8 105 116.5 122.5 136.5 141.3 145.4 156.5 171.6 193.6 196.2 197.3 207.8 212.1 227.4 235.7 245.5 250.4
171.1 188.1 211.8 228.4 240.7 246.8 255.8 267.5 275 279.2 275.3 269.2 260.5 244.9 225.4 203.1 191.8 182.1 155.8 150.3 138.7 130 109.2 72.8 47 41.2 36.6 26.3 18.7 -1.9 -1.9 -1.9 -1.9 -1.9 -1.9 -1.9 -1.9 -1.9 -1.9 -1.9 -1.9 -1.9 -1.9 -1.9 -1.9 -1.9 -1.9 -1.9 -1.9 14.3 38.1 54 58.2 61.5 66.4 68.7 69.7 69.5 69.5 68.7 72.4 78.4 82.7 87.3 93 102.8 114.5 124 133.5 139.9 145.5 158.6 172.1 190.2 191.1 198.7 205.2 213.1 231.5 238.2 250.1 257.1
171.6 189.6 218.4 234.2 238.6 248 256.1 268.7 279.3 284.4 282.7 275.5 265.8 253.2 236.1 214.8 195.3 187.1 164.2 152.4 143.6 138.5 124.2 88.9 56.6 51.8 51 34.8 26.6 10.4 -1.9 -1.9 -1.9 -1.9 -1.9 -1.9 -1.9 -1.9 -1.9 -1.9 -1.9 -1.9 -1.9 -1.9 -1.9 -1.9 -1.9 -1.9 -1.9 -1.9 31.2 55.3 57.3 60.2 63.3 65.8 67.3 67.2 66.5 66.3 70.6 77.1 82.6 86.3 91.7 101.4 111.7 124.3 132.8 139.4 148.1 157.6 173.2 182.8 192.3 197.8 203.7 215.5 229.2 244.6 252.5 259.2
170.4 191.2 216.1 232.5 240 248.8 259.4 272.8 283.1 288.1 290 280.2 270.1 261.5 245.9 226.3 206.5 189.8 172.3 151.8 148.8 140 134.2 100.2 70.9 50 49 44.4 31.5 28 -1.9 -1.9 -1.9 -1.9 -1.9 -1.9 -1.9 -1.9 -1.9 -1.9 -1.9 -1.9 -1.9 -1.9 -1.9 -1.9 -1.9 -1.9 -1.9 -1.9 24 51.8 55.1 62.3 63.7 65.8 68.3 69.3 65.3 64.2 69.3 76.6 81.7 84.7 89.6 97.4 110.8 124.9 132.5 137.4 148 157.2 175.7 180.5 185.3 193.6 199.7 210.7 227.1 243.6 251.1 259.4
170 190.2 215.3 232.2 239.2 248 263.6 276.4 287.4 294.8 295 287.9 272.5 263.6 250.7 237.6 215.1 204.7 180.1 158.9 152.8 144 140.5 130.8 94 62.1 46.8 44.6 35.3 29.3 16.8 -1.9 -1.9 -1.9 -1.9 -1.9 -1.9 -1.9 -1.9 -1.9 -1.9 -1.9 -1.9 -1.9 -1.9 -1.9 -1.9 -1.9 -1.9 -1.9 -1.9 40.7 54.3 59.9 63.5 65.3 68.7 69.6 65.6 62.7 66.7 72.1 76.4 81.6 87.8 98 111.9 121.6 131.1 136.9 146.8 158.1 170.3 178.2 185 190.4 198 207.3 220.8 236.9 250.3 254.1
171.7 193.1 214.4 231.1 239.2 250.4 266.8 280.4 292.4 301.5 302.1 295 274.7 266 258.7 242.8 224.7 206.6 189.8 168.1 162.1 150.9 146.3 137.6 119 84.6 59.5 49.5 39.2 28.7 19.5 -1.9 -1.9 -1.9 -1.9 -1.9 -1.9 -1.9 -1.9 -1.9 -1.9 -1.9 -1.9 -1.9 -1.9 -1.9 -1.9 -1.9 -1.9 -1.9 -1.9 13.2 49.5 57.7 62.7 66 67.4 69.2 69 61.7 65.5 67.6 73.2 78.7 86.4 98 110.2 116.1 124.2 133.6 144.8 156.7 171.3 175.8 182.8 185.4 194.4 204.8 214.8 229.1 241.2 247.3
171.1 196.1 217.3 229.2 241.4 252.9 269.7 286.1 298.1 303.8 307.5 304.1 291.2 275.4 260.1 248.8 235.4 209.4 202.8 176.7 160.4 156 146.5 142.3 134.5 123.8 82.2 54.3 36.5 34.5 25.1 21.1 -1.9 -1.9 -1.9 -1.9 -1.9 -1.9 -1.9 -1.9 -1.9 -1.9 -1.9 -1.9 -1.9 -1.9 -1.9 -1.9 -1.9 -1.9 -1.9 -1.9 33.7 56.3 61.4 63.3 64.7 68.1 67.3 61.3 62.1 66.8 71.1 76.5 87.2 102.1 108.1 114.3 124.6 130.3 140.9 156.7 169.1 172.1 174 183.5 194 201.9 212.4 224.6 237 241
170.5 200 215.8 227.1 241.8 254.3 271.3 288.8 300.5 303.7 306.4 306.3 300.1 283.8 268.5 255.3 240.2 221.8 203.3 188.7 169 156.5 149.9 147.9 138 128.3 118 84.8 46.5 39.7 36.4 31.4 22 -1.9 -1.9 -1.9 -1.9 -1.9 -1.9 -1.9 -1.9 -1.9 -1.9 -1.9 -1.9 -1.9 -1.9 -1.9 -1.9 -1.9 -1.9 -1.9 12 53.6 58.9 62.3 63.1 65.3 68.3 60.6 62 65.7 68.5 73.8 93.2 99.1 105 115.4 122.8 127.9 138.8 152.9 163.3 165.6 172.2 179.7 189.7 200.5 210.5 218.1 231.4 237.7
171.2 193 212.7 224.5 237 254.1 269.4 292 297.1 301.7 306 307.8 302.7 289.6 275.5 259.5 246.4 231.4 208.8 196.7 181 163.8 155.2 145.6 140.3 131.8 126.9 107 69.6 48.7 46.4 39.1 25.9 25.7 -1.9 -1.9 -1.9 -1.9 -1.9 -1.9 -1.9 -1.9 -1.9 -1.9 -1.9 -1.9 -1.9 -1.9 -1.9 -1.9 -1.9 -1.9 8.5 50.8 56.7 60.9 66.5 70.3 61.7 59 61.5 63.8 67.6 78.9 91.5 94.9 101.7 117.5 125.7 127.2 135.2 147.1 162.9 165.1 173.9 179.2 184.4 195.1 204.8 215.6 221.3 230
169.5 190.9 210.6 221.5 236.4 252.2 265.3 285.8 292.5 298.7 305.5 310.5 306.9 295.2 281.2 269.1 250.7 240.1 218.9 204.8 190.7 176.2 162.3 150.8 141.7 136.9 129.3 123 98.4 64.9 63.9 54.7 35.3 25.9 13.1 -1.9 -1.9 -1.9 -1.9 -1.9 -1.9 -1.9 -1.9 -1.9 -1.9 -1.9 -1.9 -1.9 -1.9 -1.9 -1.9 -1.9 16.9 50.6 58.1 64.3 65.4 69.9 70.8 58.2 60.1 63.8 71.3 84 87.9 92.7 103.1 120.2 126.4 130 138.1 150.1 157.2 160.9 168.3 173 179.9 192 202.3 208.4 217 218.8
