public/OST50/NG26.asc
ncols 200
nrows 200
xllcorner 120000
yllcorner 860000
cellsize 50
[rows 148 to 184 of 200, columns 83 to 165 of 200]
164.3 168.7 173.9 177.4 183.3 190.6 197.5 202.8 208.3 216.4 216 212.1 211.4 210.3 208.3 205.7 201.3 195.5 189.6 182.2 176.4 169.4 166.1 162.6 156.1 149.7 141.9 143.2 142 140.7 137.5 136.7 135.6 134.5 136 135.6 134.9 136.1 137.8 135.3 131.8 131.4 125.8 121.6 116.9 111.3 105.3 97 94.3 89 86.8 86.2 85.3 64.4 9.7 -1.9 -1.9 -1.9 -1.9 -1.9 -1.9 -1.9 -1.9 -1.9 -1.9 -1.9 -1.9 -1.9 -1.9 -1.9 -1.9 -1.9 -1.9 -1.9 -1.9 -1.9 -1.9 -1.9 -1.9 -1.9 -1.9 -1.9 -1.9
167.2 169.1 170 174.4 180.8 186.8 194.7 200.6 205.5 211.8 216.3 214.7 212.7 211.9 208.9 206 202.6 197.3 191.1 184.1 178 170.3 167.1 164.4 160.7 151.9 150.6 150.2 148.4 148.4 146.7 145.2 144.2 140 138.6 139.5 139.1 140.2 140.7 140.5 136.5 133.2 130.9 123.5 117.4 110.2 103.4 95.9 90.3 87.3 85 82.9 76.8 54.5 2.6 -1.9 -1.9 -1.9 -1.9 -1.9 -1.9 -1.9 -1.9 -1.9 -1.9 -1.9 -1.9 -1.9 -1.9 -1.9 -1.9 -1.9 -1.9 -1.9 -1.9 -1.9 -1.9 -1.9 -1.9 -1.9 -1.9 -1.9 -1.9
168.9 170.6 172.9 173.1 176 185.1 192.6 197.8 203.5 207.3 214.1 218 218.8 216.6 214.9 209.3 204.5 197.9 191 184.6 177.7 170.7 167.4 164.7 163.2 158.3 156 159.7 160.6 159.8 157.1 155.9 154.7 150.2 144.4 143.7 142.9 143.1 143.8 143.1 139.4 137.6 130.3 124.2 119.5 110.1 104 94.4 87.5 85 81.4 80.6 74.7 44.3 -1.9 -1.9 -1.9 -1.9 -1.9 -1.9 -1.9 -1.9 -1.9 -1.9 -1.9 -1.9 -1.9 -1.9 -1.9 -1.9 -1.9 -1.9 -1.9 -1.9 -1.9 -1.9 -1.9 -1.9 -1.9 -1.9 -1.9 -1.9 -1.9
168.6 171.6 174 176.3 177.5 180.9 189.7 197.1 203 208.4 212.4 217.3 221.5 220.1 214.9 210 204.5 197.3 191.8 185.2 177.6 170.7 167.1 165.7 165.1 164.2 163.1 164.6 167.6 169.9 171.8 168.6 162.4 157.3 153.3 151.1 149.1 147.3 146.2 144.1 140.8 138.2 131.8 125 117.1 113.7 104.6 94.4 88 83.7 80.5 78.1 71.1 17.8 -1.9 -1.9 -1.9 -1.9 -1.9 -1.9 -1.9 -1.9 -1.9 -1.9 -1.9 -1.9 -1.9 -1.9 -1.9 -1.9 -1.9 -1.9 -1.9 -1.9 -1.9 -1.9 -1.9 -1.9 -1.9 -1.9 -1.9 -1.9 -1.9
169.7 172.8 175.4 178.7 180 182.2 186.3 195.8 201.8 207.3 212.4 216.6 220.4 222.6 217.9 212.8 206.2 198.6 192.3 184.6 177.2 172.1 166.5 168.1 168.8 169 170.7 172.5 174.4 175.9 177.9 178.3 174.3 168.1 161.7 159 156 153.3 149.1 146.1 144.6 139.3 134.1 127.6 118.1 111.7 103 94.2 87.5 83.2 79 76 54.2 5.7 -1.9 -1.9 -1.9 -1.9 -1.9 -1.9 -1.9 -1.9 -1.9 -1.9 -1.9 -1.9 -1.9 -1.9 -1.9 -1.9 -1.9 -1.9 -1.9 -1.9 -1.9 -1.9 -1.9 -1.9 -1.9 -1.9 -1.9 -1.9 -1.9
169.5 173.3 177.1 180.5 183.4 185.2 186.7 194.1 202.7 206.8 211.7 216.5 219.9 220.9 221.5 215.3 208.8 200.8 192.5 183.4 177.8 173 170.5 171.3 172.8 174.1 175.7 177.7 182 185 187.3 188.1 185.8 181.4 175.3 170.3 163.1 160.3 154.3 149 146.9 143.4 136.7 130.4 121.3 113.4 104.3 93.4 86.7 82.5 76.7 76.5 49.8 2.2 -1.9 -1.9 -1.9 -1.9 -1.9 -1.9 -1.9 -1.9 -1.9 -1.9 -1.9 -1.9 -1.9 -1.9 -1.9 -1.9 -1.9 -1.9 -1.9 -1.9 -1.9 -1.9 -1.9 -1.9 -1.9 -1.9 -1.9 -1.9 -1.9
170.2 173 178 182.6 187.1 189.9 191.1 193.2 200.2 206.2 212.8 219.8 221.6 221.2 221 217.5 210.6 202.2 193.8 182.9 178 172.4 174.8 175.5 177.5 180.3 186 192.2 197.5 202 200.7 197.7 193.4 189.5 183.2 178.1 169.8 164 158.7 151.7 147.9 144.6 138.2 132.7 123.2 113.4 103.2 92 86.6 82.9 77 72.1 44.5 -1.9 -1.9 -1.9 -1.9 -1.9 -1.9 -1.9 -1.9 -1.9 -1.9 -1.9 -1.9 -1.9 -1.9 -1.9 -1.9 -1.9 -1.9 -1.9 -1.9 -1.9 -1.9 -1.9 -1.9 -1.9 -1.9 -1.9 -1.9 -1.9 -1.9
171.6 174 180.1 184.9 189.8 192.5 194.8 196 199.4 206.6 215 221.4 222.8 221.8 220.9 217.4 211.5 201.9 192.9 183.5 178.6 174 177.6 180.4 184.4 188.3 195.6 204.2 211.9 217.9 218.9 214.5 203.1 194.4 187.7 180.6 173.6 167 160.8 154.5 148.7 144.3 138.5 134.1 124.3 113.6 102.7 92.2 87 84 78.4 68.1 37.3 -1.9 -1.9 -1.9 -1.9 -1.9 -1.9 -1.9 -1.9 -1.9 -1.9 -1.9 -1.9 -1.9 -1.9 -1.9 -1.9 -1.9 -1.9 -1.9 -1.9 -1.9 -1.9 -1.9 -1.9 -1.9 -1.9 -1.9 -1.9 -1.9 -1.9
173 176 179.8 186.6 192.2 200.3 201.4 201.7 202.1 206.5 217.1 222.3 225.8 222.5 220.1 218.4 210.7 202.8 194.9 184.4 180.2 179.5 183.1 185.8 189.6 195 204.5 212.6 219.4 226.4 230.4 222.9 212.7 198.6 191 182.9 177.4 169.7 162.2 154.9 149.5 145.7 140 134.9 127 114.4 104.9 93.5 88.3 85.2 79.8 68.4 45.9 -1.9 -1.9 -1.9 -1.9 -1.9 -1.9 -1.9 -1.9 -1.9 -1.9 -1.9 -1.9 -1.9 -1.9 -1.9 -1.9 -1.9 -1.9 -1.9 -1.9 -1.9 -1.9 -1.9 -1.9 -1.9 -1.9 -1.9 -1.9 -1.9 -1.9
174.5 177 179.8 185.4 193.6 200.6 207.2 208.8 209.7 209.9 217.8 223.6 226.6 225.8 221.2 216.4 210.2 202.2 197.1 188.6 181.1 184.1 186.8 191 195.8 202.1 210.9 220.5 227.4 231.8 235.1 229.6 218 204.2 193.8 184.9 178.9 171.4 164.7 157.6 150.5 146.4 139.5 135.5 128.9 118.1 106.8 95.5 89 86.5 83 72.3 47.9 -1.9 -1.9 -1.9 -1.9 -1.9 -1.9 -1.9 -1.9 -1.9 -1.9 -1.9 -1.9 -1.9 -1.9 -1.9 -1.9 -1.9 -1.9 -1.9 -1.9 -1.9 -1.9 -1.9 -1.9 -1.9 -1.9 -1.9 -1.9 -1.9 -1.9
175.6 179.1 183.1 188.4 195.8 204.5 211.7 218.3 217.2 219.1 221 224.5 227.9 228.4 221.3 216.1 209.7 202.3 198 190.1 190.1 192.5 195.7 200 203 208.8 216.6 226.8 232.4 235.3 236.7 234.1 222.3 208.8 196.5 187.2 180.1 174.3 165.9 158.8 152.2 147.4 142.2 136.7 133.7 120.7 110.7 97.3 90.6 86.9 83.6 73.3 48.3 -1.9 -1.9 -1.9 -1.9 -1.9 -1.9 -1.9 -1.9 -1.9 -1.9 -1.9 -1.9 -1.9 -1.9 -1.9 -1.9 -1.9 -1.9 -1.9 -1.9 -1.9 -1.9 -1.9 -1.9 -1.9 -1.9 -1.9 -1.9 -1.9 -1.9
176.9 184.8 188.6 193.5 201.5 211.3 213.4 220.2 220.2 222.7 225.8 226.1 228.1 228.4 221.8 215.7 209 202.5 200 198.9 197.6 199.6 202.5 209.1 213.9 217.7 223.1 231.4 236.1 238 238.5 236.7 225.4 210.9 197.5 189 180.8 175 167.5 161.2 153.4 147 142.1 136.8 132.8 122.8 111.5 102.6 91.4 88.2 85.6 72.4 45.3 14 -1.9 -1.9 -1.9 -1.9 -1.9 -1.9 -1.9 -1.9 -1.9 -1.9 -1.9 -1.9 -1.9 -1.9 -1.9 -1.9 -1.9 -1.9 -1.9 -1.9 -1.9 -1.9 -1.9 -1.9 -1.9 -1.9 -1.9 -1.9 -1.9
179.2 186.2 191.1 198.2 205.1 214.1 216.4 220.6 223.5 226.1 231.5 228.4 227.7 226 222 215.5 209.2 203.7 201.6 202.1 203.5 204.6 209.6 217.3 223.1 227.9 230.5 236.6 238.6 240 240.6 239 227.3 213.1 199.7 191.2 182.6 176.9 170.3 162.5 155.1 148.7 143.2 137.9 135.1 125.8 115.3 103.3 93.8 88.6 85.5 74.3 64.3 18.5 -1.9 -1.9 -1.9 -1.9 -1.9 -1.9 -1.9 -1.9 -1.9 -1.9 -1.9 -1.9 -1.9 -1.9 -1.9 -1.9 -1.9 -1.9 -1.9 -1.9 -1.9 -1.9 -1.9 -1.9 -1.9 -1.9 -1.9 -1.9 -1.9
182.2 186.4 193.3 202.3 211.9 214.1 218 221.6 226.8 230.2 232.8 232 226.6 224.8 222.3 216.7 211.1 207.3 206 204.8 206.7 210.6 216 221.9 229.4 237.8 241.3 242.8 242.8 243.2 242.4 240.4 229.2 214.3 200.7 192.5 185.5 179.3 172 164 157.2 149.9 143.7 137.7 133.1 123.7 114.7 103.1 94.6 88.9 83.8 72.3 68.6 52.1 1.3 -1.9 -1.9 -1.9 -1.9 -1.9 -1.9 -1.9 -1.9 -1.9 -1.9 -1.9 -1.9 -1.9 -1.9 -1.9 -1.9 -1.9 -1.9 -1.9 -1.9 -1.9 -1.9 -1.9 -1.9 -1.9 -1.9 -1.9 -1.9
184.8 187.7 195.1 204.4 213.7 217 219.4 223.3 228.1 231.5 233.1 232.9 227.5 224.1 222 218.6 215.3 212.4 210.2 211.4 213.6 218.3 224.7 228.6 233.7 242 245.6 248.1 246.2 245.5 243.7 241.2 230 216 202.1 192.4 189.1 179.4 172.5 165.6 157.7 151.1 143.1 137 131.6 122.5 114.7 104.8 94.8 89.4 82.9 74 68.2 59.9 4.2 -1.9 -1.9 -1.9 -1.9 -1.9 -1.9 -1.9 -1.9 -1.9 -1.9 -1.9 -1.9 -1.9 -1.9 -1.9 -1.9 -1.9 -1.9 -1.9 -1.9 -1.9 -1.9 -1.9 -1.9 -1.9 -1.9 -1.9 -1.9
185.1 189.7 194.7 205.9 213.8 218.1 223.2 226.7 230.5 233 234.4 235.1 231.9 225.1 223.2 222 218.3 219 219.5 220.8 223.5 228.4 233 236.5 240.4 245.4 250.1 251.4 250.2 247.5 244.9 239.5 229.7 216.1 202.6 192.3 185.2 179.7 175.2 165.7 158.2 151.6 145.1 136.9 129.2 119.8 113.8 104.7 94.5 89.7 81.6 75.2 69.3 59.9 25.2 -1.9 -1.9 -1.9 -1.9 -1.9 -1.9 -1.9 -1.9 -1.9 -1.9 -1.9 -1.9 -1.9 -1.9 -1.9 -1.9 -1.9 -1.9 -1.9 -1.9 -1.9 -1.9 -1.9 -1.9 -1.9 -1.9 -1.9 -1.9
186.7 194.6 197.8 207.5 212 218.6 224.2 229 231.6 234.9 236.7 237.1 235.9 229 225 223.2 222.9 225.1 226.5 229.2 232.7 236.7 239.3 243.4 248.5 252.5 254.6 254.4 254.5 249.4 246.2 239.7 228.2 215.3 203 192.7 183.3 178.3 175.8 166.4 159.1 153.1 147.1 137 130.2 120 113.1 104 96 90.7 84.1 76.1 68.4 47.2 7.2 -1.9 -1.9 -1.9 -1.9 -1.9 -1.9 -1.9 -1.9 -1.9 -1.9 -1.9 -1.9 -1.9 -1.9 -1.9 -1.9 -1.9 -1.9 -1.9 -1.9 -1.9 -1.9 -1.9 -1.9 -1.9 -1.9 -1.9 -1.9
186 193.2 198.9 205.1 214.8 218.2 224.7 231.8 237.7 240.3 240.8 239.3 237.4 233.3 227.9 226.2 226.2 227.7 230.3 233.8 236.2 240.8 245.2 250.2 255.6 259.4 260.5 259.3 257.9 252.1 246.7 238.9 226.7 214.9 203.2 191.9 182 176.9 173.8 167 159.3 152.4 146 137.9 130.6 121.6 112.1 104.5 96.9 90.7 84.5 75.9 69.5 44.5 1.7 -1.9 -1.9 -1.9 -1.9 -1.9 -1.9 -1.9 -1.9 -1.9 -1.9 -1.9 -1.9 -1.9 -1.9 -1.9 -1.9 -1.9 -1.9 -1.9 -1.9 -1.9 -1.9 -1.9 -1.9 -1.9 -1.9 -1.9 -1.9
185.3 195.1 205.6 208.1 214.3 219.8 224.9 234.7 247.4 248.3 246.1 242.4 239.4 237.1 232.7 230.9 230 231.5 235 239.1 244.9 248.2 252.9 257 261.9 265.6 264.3 261.7 263.1 254.2 247.3 239.1 225.2 213.5 202.5 191.3 180.9 175.5 172 166.9 159.6 152.6 145 137 128.9 119.8 113 102.8 96.6 91.7 85.6 77 71.9 39.9 1 -1.9 -1.9 -1.9 -1.9 -1.9 -1.9 -1.9 -1.9 -1.9 -1.9 -1.9 -1.9 -1.9 -1.9 -1.9 -1.9 -1.9 -1.9 -1.9 -1.9 -1.9 -1.9 -1.9 -1.9 -1.9 -1.9 -1.9 -1.9
184.1 192.2 204.9 209.8 213.4 218.7 224.6 235.1 248.6 250.9 250.5 247.4 242.7 238.7 236.3 234.4 234.8 237.2 242.4 247.8 252.5 257.4 260.2 263.3 267.3 269.6 267.4 264.1 265.2 255.1 245.5 237.4 224.2 213.2 202 191.3 181.5 174.7 170.8 167 160.1 153.6 146.1 138 130.6 121.3 115.6 104.8 97.8 91.9 84.7 78.7 74.1 41.8 1.7 -1.9 -1.9 -1.9 -1.9 -1.9 -1.9 -1.9 -1.9 -1.9 -1.9 -1.9 -1.9 -1.9 -1.9 -1.9 -1.9 -1.9 -1.9 -1.9 -1.9 -1.9 -1.9 -1.9 -1.9 -1.9 -1.9 -1.9 -1.9
183.3 190.6 197 203.9 211.2 216.1 223.1 230.8 247.2 249.6 250.5 251 246.8 241 239.4 238.3 237.6 241.1 247.5 254.4 259.5 263.7 267.9 270.9 272.8 272.1 269.2 264.1 261.1 255 243.6 233.7 222.5 212.6 200.4 191.5 181.8 174.9 170.4 165.3 160.3 154.1 146.2 138.2 131.5 121.7 115.5 105.7 97.5 91.8 85.5 80.6 76.9 70 1.5 -1.9 -1.9 -1.9 -1.9 -1.9 -1.9 -1.9 -1.9 -1.9 -1.9 -1.9 -1.9 -1.9 -1.9 -1.9 -1.9 -1.9 -1.9 -1.9 -1.9 -1.9 -1.9 -1.9 -1.9 -1.9 -1.9 -1.9 -1.9
184 188.8 192.8 205.8 211.6 215.6 220.2 227.3 239.9 247.9 249.7 250.3 251.5 245.1 241.7 239.5 240.4 243.4 251.2 259.3 266.7 271.4 274.9 277.5 278 273.9 270.4 264.2 258.3 251.3 241.5 231.2 222.3 211.1 199.5 191 180.6 174.7 171.7 165.3 159.5 152.8 146.7 138.4 131.1 123.5 116.4 106.6 98 90.4 85.7 81.7 80 67.9 2.2 -1.9 -1.9 -1.9 -1.9 -1.9 -1.9 -1.9 -1.9 -1.9 -1.9 -1.9 -1.9 -1.9 -1.9 -1.9 -1.9 -1.9 -1.9 -1.9 -1.9 -1.9 -1.9 -1.9 -1.9 -1.9 -1.9 -1.9 -1.9
185.5 187.9 191 200 208.6 214 218.2 223.2 235 245.9 248.2 250 250.7 250.8 249.8 248 244.6 246.3 252.5 261.3 270.8 274.4 278.2 280.4 282.8 275 271.6 264.9 255.5 247.8 238.2 229.7 221.3 209.6 198.6 189.4 179.5 174.8 170 164.9 158.9 152 145.9 137.5 131.2 122 115.7 105.7 97.8 90.6 85.2 79.5 77.9 51.5 -1.9 -1.9 -1.9 -1.9 -1.9 -1.9 -1.9 -1.9 -1.9 -1.9 -1.9 -1.9 -1.9 -1.9 -1.9 -1.9 -1.9 -1.9 -1.9 -1.9 -1.9 -1.9 -1.9 -1.9 -1.9 -1.9 -1.9 -1.9 -1.9
183.5 187 187.9 195.1 204.2 211.5 214.6 219.5 225.2 238.5 246.7 249.1 250.6 251.3 253.1 252.9 252.2 248.2 251.8 259.1 266.4 272.6 276.9 277.1 276.9 274.9 269.5 266.1 253.8 245.2 235.5 226.3 218.2 208.2 196.7 188.9 179.1 173.4 169.7 164.9 158.6 152.8 145.5 138.3 130.8 122.3 114.5 106.4 98.1 89.7 84.3 77.5 73 51.7 0.9 -1.9 -1.9 -1.9 -1.9 -1.9 -1.9 -1.9 -1.9 -1.9 -1.9 -1.9 -1.9 -1.9 -1.9 -1.9 -1.9 -1.9 -1.9 -1.9 -1.9 -1.9 -1.9 -1.9 -1.9 -1.9 -1.9 -1.9 -1.9
178.1 182.8 184.7 191.7 202.2 205.8 211.2 214.7 219.5 225.7 239 248 250.5 254 253.2 252.8 252.5 248.9 248.9 254.6 264.5 268 270.6 271.9 272.3 270.9 265.2 259.8 252.6 241.7 233.1 224.3 214.5 205 196.3 187 176.6 172.1 169.7 165.7 158.8 151.9 146.4 137.9 130.5 121.8 113.7 105.5 98.6 90.6 84.2 75.6 70 38.3 -1.9 -1.9 -1.9 -1.9 -1.9 -1.9 -1.9 -1.9 -1.9 -1.9 -1.9 -1.9 -1.9 -1.9 -1.9 -1.9 -1.9 -1.9 -1.9 -1.9 -1.9 -1.9 -1.9 -1.9 -1.9 -1.9 -1.9 -1.9 -1.9
178.2 180.8 182.4 187.3 198.2 203 205.9 210.5 214.4 219.8 226.6 238.8 249.1 258.9 256.2 251.8 251.1 248 247.1 248.3 254.2 261.6 265.1 267.6 271.2 269.5 262.2 252.9 249.8 237.2 228.9 218.5 211 202.4 193 184.1 174.6 170.3 168.3 166.4 159.8 151.2 145.9 138.1 130.5 122.2 113.2 105.5 97.1 90.5 84.5 76.4 62.9 21.1 -1.9 -1.9 -1.9 -1.9 -1.9 -1.9 -1.9 -1.9 -1.9 -1.9 -1.9 -1.9 -1.9 -1.9 -1.9 -1.9 -1.9 -1.9 -1.9 -1.9 -1.9 -1.9 -1.9 -1.9 -1.9 -1.9 -1.9 -1.9 -1.9
183.8 183.6 182.8 183.4 192.7 199.8 203.2 206.5 209.8 215.7 219.7 226.5 241.8 251.3 252.7 249.5 248.4 244 241 242.2 245.5 253.6 260 266.9 263.8 262.7 256 248 240.2 231.3 224 215.8 206.6 198.6 189.7 180.1 172.5 169.2 166.8 164.1 155.7 150.6 143.3 135.4 128.4 120 112.3 104.5 96.9 90.5 85.3 76.5 62.8 13.4 -1.9 -1.9 -1.9 -1.9 -1.9 -1.9 -1.9 -1.9 -1.9 -1.9 -1.9 -1.9 -1.9 -1.9 -1.9 -1.9 -1.9 -1.9 -1.9 -1.9 -1.9 -1.9 -1.9 -1.9 -1.9 -1.9 -1.9 -1.9 -1.9
187.9 187.9 185.5 184.9 186.8 193.6 200.4 201.8 204.9 210.5 216 218.9 227 239.8 246.8 243.4 239.1 235.1 234.4 233.9 235.4 237.5 243.7 251.3 254.3 250.4 246.8 243.6 232.7 225.4 221.7 213 203.3 195.2 187.5 178.5 171.5 166.7 164.7 161 154.2 148 142.2 132.6 125.9 117.4 109.3 102.7 95.1 88.7 83.4 75.3 65.1 9 -1.9 -1.9 -1.9 -1.9 -1.9 -1.9 -1.9 -1.9 -1.9 -1.9 -1.9 -1.9 -1.9 -1.9 -1.9 -1.9 -1.9 -1.9 -1.9 -1.9 -1.9 -1.9 -1.9 -1.9 -1.9 -1.9 -1.9 -1.9 -1.9
176.8 187.5 186.3 185.8 186.3 187.6 193.6 199.2 199.6 202 207.7 212.8 217.7 224.1 228.6 229.5 228 227.6 227.8 228.2 229.3 230.4 234.2 239.7 243 242.8 241.4 233.9 225.7 221 218.5 208.6 199.7 191.6 184.2 174.9 169.4 165.8 164.1 161.2 154.9 149.3 142.8 131.6 123.8 115.3 106.1 98.6 91.6 87.3 82.9 72.4 56.7 7.2 -1.9 -1.9 -1.9 -1.9 -1.9 -1.9 -1.9 -1.9 -1.9 -1.9 -1.9 -1.9 -1.9 -1.9 -1.9 -1.9 -1.9 -1.9 -1.9 -1.9 -1.9 -1.9 -1.9 -1.9 -1.9 -1.9 -1.9 -1.9 -1.9
170.2 175.1 180.1 185.5 186.8 186.6 186.9 191 193.3 197.2 200.2 205.3 210.2 213.6 217.3 220.4 220.8 221.4 222.9 223.8 224.7 225.9 227.2 230.3 238.2 238.7 233.2 228.1 220.7 217 211.6 204.2 197.1 188.6 180.5 172.8 167.9 164.6 163.9 160.1 154.2 148.1 142.2 132.8 122.8 114.4 108 98.7 92.6 87.7 83 77.1 56.6 6.1 -1.9 -1.9 -1.9 -1.9 -1.9 -1.9 -1.9 -1.9 -1.9 -1.9 -1.9 -1.9 -1.9 -1.9 -1.9 -1.9 -1.9 -1.9 -1.9 -1.9 -1.9 -1.9 -1.9 -1.9 -1.9 -1.9 -1.9 -1.9 -1.9
164.2 170.3 179.8 185 186.6 186.3 184.2 185.2 187.8 192.1 197.1 198.4 203.2 208.3 210.9 214.4 215.5 215.1 217.3 219.5 218.8 221.9 223 224.3 227.2 232.3 231.1 223.9 217.9 214.5 207.4 201.3 193.1 185.6 177.8 171.5 166.4 163.7 163.3 159.6 153.6 147.1 143.6 134.9 123.9 115.9 108.3 98.6 93.5 89.3 82.2 77.4 64.6 7.9 -1.9 -1.9 -1.9 -1.9 -1.9 -1.9 -1.9 -1.9 -1.9 -1.9 -1.9 -1.9 -1.9 -1.9 -1.9 -1.9 -1.9 -1.9 -1.9 -1.9 -1.9 -1.9 -1.9 -1.9 -1.9 -1.9 -1.9 -1.9 -1.9
160.8 166.5 176.1 181.8 191.9 186.1 184.4 183.1 185.7 191.7 190.9 193.4 196.9 203.5 207.3 206.7 206 206.6 207.3 208.6 210.3 213.1 219.1 220.2 222.1 222.6 224 218.3 215.8 213.2 206.1 198.9 189.2 182.3 175 170 166.7 163.5 161.4 158.9 154.1 147.4 143.3 136.1 126.4 116 108.9 101.2 94.2 87.9 82.1 79 73.3 18.8 -1.9 -1.9 -1.9 -1.9 -1.9 -1.9 -1.9 -1.9 -1.9 -1.9 -1.9 -1.9 -1.9 -1.9 -1.9 -1.9 -1.9 -1.9 -1.9 -1.9 -1.9 -1.9 -1.9 -1.9 -1.9 -1.9 -1.9 -1.9 -1.9
156.9 161.7 169.2 176.9 181.6 184.4 183.1 180.9 180.2 183.9 185 187 191.8 193 195.8 197.6 198.8 200.5 201.7 202.6 205.2 208.6 211.3 214.7 219.6 219.6 214.8 213.7 212.4 211 205.9 199.5 192 184.4 178.9 173.2 169.7 165.8 161.8 157.5 155.1 149.1 144.6 136.8 128.2 116.3 111.1 103.2 95.7 89.5 83.6 77.8 63.5 7.2 -1.9 -1.9 -1.9 -1.9 -1.9 -1.9 -1.9 -1.9 -1.9 -1.9 -1.9 -1.9 -1.9 -1.9 -1.9 -1.9 -1.9 -1.9 -1.9 -1.9 -1.9 -1.9 -1.9 -1.9 -1.9 -1.9 -1.9 -1.9 -1.9
153.4 160.2 164.9 170.1 176.3 179.6 181 179.1 176.6 176.9 178.2 179.3 183 185.7 186.9 190.6 194.9 196.8 198 198.6 201.7 207.3 210 210.3 215.9 213.7 211.3 210.8 210.1 208.8 207.1 205.6 199.5 193 186.8 179.5 173.1 168.8 165.1 157 154.8 148.9 145.6 136.3 129.2 118.9 111 104.2 96.1 90.9 83.3 76.8 56.7 5.5 -1.9 -1.9 -1.9 -1.9 -1.9 -1.9 -1.9 -1.9 -1.9 -1.9 -1.9 -1.9 -1.9 -1.9 -1.9 -1.9 -1.9 -1.9 -1.9 -1.9 -1.9 -1.9 -1.9 -1.9 -1.9 -1.9 -1.9 -1.9 -1.9
149.6 156 160.8 164.9 171.3 178 179.5 177.5 175.1 173 171.9 173.7 176.1 180.4 180.3 183.2 185.1 188.1 189.7 191.9 197.3 202.8 207.4 205.8 207.5 208.2 208.7 208.4 208.4 207.9 208.7 208.1 203.4 198.9 193 183.8 175.3 170.3 166.5 158.2 150.8 147.2 142.1 135.4 129.1 117.1 111.4 104.2 96.5 92 83.3 76.5 55 15.2 -1.9 -1.9 -1.9 -1.9 -1.9 -1.9 -1.9 -1.9 -1.9 -1.9 -1.9 -1.9 -1.9 -1.9 -1.9 -1.9 -1.9 -1.9 -1.9 -1.9 -1.9 -1.9 -1.9 -1.9 -1.9 -1.9 -1.9 -1.9 -1.9
146.3 151.1 157.2 162.4 166.5 173.8 176.5 175.6 174.1 172.8 168.3 169.3 171.9 174.3 174.8 175.8 178.8 181 183.5 186.8 189.3 193.1 198 201.1 204.7 207.9 212.9 210.7 205.9 206.5 210.2 210 209.4 201.2 196.4 186.3 177.7 170.3 165.6 156.9 148.8 146.9 142.8 134.1 126.8 117.3 109.9 104.8 95.8 90.8 82 72.7 52.3 10.7 -1.9 -1.9 -1.9 -1.9 -1.9 -1.9 -1.9 -1.9 -1.9 -1.9 -1.9 -1.9 -1.9 -1.9 -1.9 -1.9 -1.9 -1.9 -1.9 -1.9 -1.9 -1.9 -1.9 -1.9 -1.9 -1.9 -1.9 -1.9 -1.9
142.9 147.9 154.8 159.1 164.9 168.4 171.1 173.4 172.3 170.8 166.6 165 167.3 170.8 169.6 168.5 171.7 174.3 179.1 182.5 184.8 187.9 192.9 199.3 205.5 208.8 211.5 209.3 200.6 204.7 208.5 210.1 208.3 202.5 196.6 188.8 179.7 171.4 165 157.8 148.8 145.3 138.1 132.4 125.2 117.8 111.5 104.8 97.3 89.4 81.2 72 60.8 24.2 -1.9 -1.9 -1.9 -1.9 -1.9 -1.9 -1.9 -1.9 -1.9 -1.9 -1.9 -1.9 -1.9 -1.9 -1.9 -1.9 -1.9 -1.9 -1.9 -1.9 -1.9 -1.9 -1.9 -1.9 -1.9 -1.9 -1.9 -1.9 -1.9
