public/OST50/NG26.asc
ncols 200
nrows 200
xllcorner 120000
yllcorner 860000
cellsize 50
[rows 111 to 147 of 200, columns 83 to 165 of 200]
175.2 183.6 186.9 190.4 193.7 193.6 196.2 199.7 202.2 204.6 207.3 212.6 219.4 219.6 215.8 210.2 207.6 202.3 193.5 184.5 172.5 160.4 157.1 154.6 151.7 144.2 135.1 132.6 132.3 121.5 109.7 102.8 103.2 93.3 86.9 81.7 80.2 68.2 66.5 57.5 51.5 44.8 -1.9 -1.9 -1.9 -1.9 -1.9 -1.9 -1.9 -1.9 -1.9 -1.9 -1.9 -1.9 -1.9 -1.9 -1.9 -1.9 -1.9 -1.9 -1.9 -1.9 -1.9 -1.9 -1.9 -1.9 -1.9 -1.9 -1.9 -1.9 -1.9 -1.9 -1.9 -1.9 -1.9 -1.9 -1.9 -1.9 -1.9 -1.9 -1.9 -1.9 -1.9
176.7 184.5 187.9 190.5 193 192.5 195.7 198.1 200.5 202.8 205.5 209.3 217.2 221.2 220.9 215.4 211.9 208.9 200.3 190.6 179.5 163.7 158 156.4 154.2 147.1 141.3 134.7 133.5 126 114.9 107.1 104.3 99 85.4 80.5 78.5 71.4 75.3 65.2 54.2 42.6 -1.9 -1.9 -1.9 -1.9 -1.9 -1.9 -1.9 -1.9 -1.9 -1.9 -1.9 -1.9 -1.9 -1.9 -1.9 -1.9 -1.9 -1.9 -1.9 -1.9 -1.9 -1.9 -1.9 -1.9 -1.9 -1.9 -1.9 -1.9 -1.9 -1.9 -1.9 -1.9 -1.9 -1.9 -1.9 -1.9 -1.9 -1.9 -1.9 -1.9 -1.9
172.5 182.6 187.1 188.9 190.2 190.5 192.3 195.4 198.8 200.9 203.6 207.2 213.5 219.5 223.9 224.8 222 213.3 207.4 196.8 185.3 173.2 160.9 158 155.5 150.8 144.8 135.9 134.2 129.4 117.1 107.6 103.6 94.8 85.8 84.9 80.1 76.9 77.7 70.4 57.4 37.7 -1.9 -1.9 -1.9 -1.9 -1.9 -1.9 -1.9 -1.9 -1.9 -1.9 -1.9 -1.9 -1.9 -1.9 -1.9 -1.9 -1.9 -1.9 -1.9 -1.9 -1.9 -1.9 -1.9 -1.9 -1.9 -1.9 -1.9 -1.9 -1.9 -1.9 -1.9 -1.9 -1.9 -1.9 -1.9 -1.9 -1.9 -1.9 -1.9 -1.9 -1.9
172.3 179 182.7 186.6 187.9 189.2 190.2 194.6 197.4 199.6 202.8 206.5 211.6 221.3 228.5 230.4 230.8 220 211.2 202.2 191.5 180.2 169.8 160.9 157.8 153.8 147.6 139.6 133.2 128.5 117.4 108.6 106 100.6 86.9 85.5 80.8 86.1 82 76.9 62.8 49.5 -1.9 -1.9 -1.9 -1.9 -1.9 -1.9 -1.9 -1.9 -1.9 -1.9 -1.9 -1.9 -1.9 -1.9 -1.9 -1.9 -1.9 -1.9 -1.9 -1.9 -1.9 -1.9 -1.9 -1.9 -1.9 -1.9 -1.9 -1.9 -1.9 -1.9 -1.9 -1.9 -1.9 -1.9 -1.9 -1.9 -1.9 -1.9 -1.9 -1.9 -1.9
168.5 172.5 175 178.2 185.6 187.6 188.7 193.1 195.6 198.1 202.3 207 212.7 222.5 229 232.2 231.8 223.8 214.2 207.9 197.5 185.2 174.7 164.3 159.7 156.4 150.6 142.6 133.2 127 119.5 109 105.3 95 88.9 85.6 86.4 88.7 88 77.8 68.9 53.7 -1.9 -1.9 -1.9 -1.9 -1.9 -1.9 -1.9 -1.9 -1.9 -1.9 -1.9 -1.9 -1.9 -1.9 -1.9 -1.9 -1.9 -1.9 -1.9 -1.9 -1.9 -1.9 -1.9 -1.9 -1.9 -1.9 -1.9 -1.9 -1.9 -1.9 -1.9 -1.9 -1.9 -1.9 -1.9 -1.9 -1.9 -1.9 -1.9 -1.9 -1.9
160 165.4 170 174.8 182.4 185.5 186.1 189.2 194.2 197 201.3 206.4 214.2 223.7 230.4 237 234.1 226.8 216.4 211.1 203.5 193 179.4 167.4 162.3 157.7 153.4 143.9 135.8 131.7 120.4 110.3 104 97.7 90.9 88.9 93 95.8 91.1 86.4 75.4 59.7 -1.9 -1.9 -1.9 -1.9 -1.9 -1.9 -1.9 -1.9 -1.9 -1.9 -1.9 -1.9 -1.9 -1.9 -1.9 -1.9 -1.9 -1.9 -1.9 -1.9 -1.9 -1.9 -1.9 -1.9 -1.9 -1.9 -1.9 -1.9 -1.9 -1.9 -1.9 -1.9 -1.9 -1.9 -1.9 -1.9 -1.9 -1.9 -1.9 -1.9 -1.9
156.1 160.5 164.5 174.1 181.3 187 190.2 192.5 194.5 200.1 207.7 210.9 217.6 225.8 236.8 238.5 235.9 231.6 222.4 215.3 210.7 201 187.1 171.8 164.6 160.8 154.4 146.1 138.1 131.8 121.7 112 106.8 103.1 96.6 95.4 95.4 98.2 94.7 88.1 79.1 64.2 -1.9 -1.9 -1.9 -1.9 -1.9 -1.9 -1.9 -1.9 -1.9 -1.9 -1.9 -1.9 -1.9 -1.9 -1.9 -1.9 -1.9 -1.9 -1.9 -1.9 -1.9 -1.9 -1.9 -1.9 -1.9 -1.9 -1.9 -1.9 -1.9 -1.9 -1.9 -1.9 -1.9 -1.9 -1.9 -1.9 -1.9 -1.9 -1.9 -1.9 -1.9
154.1 157.2 164.5 173.3 183.3 187.9 193 197.6 200.4 207.4 212.6 217.2 221 228.5 234.3 239.9 238.1 235 229.4 219.9 214.7 207.3 196.9 180.5 168.9 163.2 155.4 150.4 141.7 136.7 128.5 118.1 111.6 109 102.8 106.3 99.9 99.5 98.7 89.1 86.4 71.9 22.3 -1.9 -1.9 -1.9 -1.9 -1.9 -1.9 -1.9 -1.9 -1.9 -1.9 -1.9 -1.9 -1.9 -1.9 -1.9 -1.9 -1.9 -1.9 -1.9 -1.9 -1.9 -1.9 -1.9 -1.9 -1.9 -1.9 -1.9 -1.9 -1.9 -1.9 -1.9 -1.9 -1.9 -1.9 -1.9 -1.9 -1.9 -1.9 -1.9 -1.9
154.5 157.7 162.5 174 184 189.3 195.2 204.8 206.8 213 218 220.5 224.4 229.5 237.3 239.3 240.4 237.3 235.8 228.8 219.8 214 202.9 189.8 177.6 166.4 160.5 152.3 145.8 139.5 132.3 121.6 115.7 112.9 105.3 105.8 103 100.5 99.3 94.6 81 74.6 58.1 -1.9 -1.9 -1.9 -1.9 -1.9 -1.9 -1.9 -1.9 -1.9 -1.9 -1.9 -1.9 -1.9 -1.9 -1.9 -1.9 -1.9 -1.9 -1.9 -1.9 -1.9 -1.9 -1.9 -1.9 -1.9 -1.9 -1.9 -1.9 -1.9 -1.9 -1.9 -1.9 -1.9 -1.9 -1.9 -1.9 -1.9 -1.9 -1.9 -1.9
156 160.8 166 174.6 183.9 190.7 196.9 209.4 211.6 220.7 225.5 225.9 227.9 231.5 238 241.3 243.4 243.8 241 235.9 224.3 218.2 210.6 197.3 185.3 171.6 164.7 156.2 151.5 141.3 136.5 127.3 120.3 110.5 106.4 104.4 104.3 99.8 98.9 93.4 87.2 80.3 63 5.6 -1.9 -1.9 -1.9 -1.9 -1.9 -1.9 -1.9 -1.9 -1.9 -1.9 -1.9 -1.9 -1.9 -1.9 -1.9 -1.9 -1.9 -1.9 -1.9 -1.9 -1.9 -1.9 -1.9 -1.9 -1.9 -1.9 -1.9 -1.9 -1.9 -1.9 -1.9 -1.9 -1.9 -1.9 -1.9 -1.9 -1.9 -1.9 -1.9
159.6 164 171.1 174.3 182.8 192 197.6 210.3 213.3 220 226.7 230.5 231.1 233.9 238.8 241.7 244.8 246.1 245.6 239.5 230 222.5 217.9 204.3 191.3 179 168 161.2 153.8 145.6 138.9 130.9 122.1 111.7 106.7 104.7 100.9 99 96.1 95.5 91.7 82.5 67.5 48.5 -1.9 -1.9 -1.9 -1.9 -1.9 -1.9 -1.9 -1.9 -1.9 -1.9 -1.9 -1.9 -1.9 -1.9 -1.9 -1.9 -1.9 -1.9 -1.9 -1.9 -1.9 -1.9 -1.9 -1.9 -1.9 -1.9 -1.9 -1.9 -1.9 -1.9 -1.9 -1.9 -1.9 -1.9 -1.9 -1.9 -1.9 -1.9 -1.9
165.9 170.8 174.3 179.2 183.7 193.7 201.8 210.5 214.6 221.2 227.5 229.8 232.3 233.8 238.3 244 246 247.1 247.9 242 234.7 224.8 220.7 211.6 196.8 185.1 170.7 163.5 155.1 149 138.6 132.3 120.8 114.1 109.4 106.3 103.3 97.7 96.7 95.5 91.4 81.7 68.2 53.8 52.6 2.2 -1.9 -1.9 -1.9 -1.9 -1.9 -1.9 -1.9 -1.9 -1.9 -1.9 -1.9 -1.9 -1.9 -1.9 -1.9 -1.9 -1.9 -1.9 -1.9 -1.9 -1.9 -1.9 -1.9 -1.9 -1.9 -1.9 -1.9 -1.9 -1.9 -1.9 -1.9 -1.9 -1.9 -1.9 -1.9 -1.9 -1.9
174.9 179.5 184.5 187.5 190.7 197.9 204.8 211.7 214.7 220.2 226.5 230.1 232.6 233 235.7 242 251.3 248.7 248.1 245.5 237.2 228.5 223.7 216.5 204.5 190.9 174.7 165.4 155.5 148.5 141.1 134.7 124.4 117.4 112 109.8 106.2 97 96.2 94.9 91 84.4 73.2 55.8 59.4 56.9 1.7 -1.9 -1.9 -1.9 -1.9 -1.9 -1.9 -1.9 -1.9 -1.9 -1.9 -1.9 -1.9 -1.9 -1.9 -1.9 -1.9 -1.9 -1.9 -1.9 -1.9 -1.9 -1.9 -1.9 -1.9 -1.9 -1.9 -1.9 -1.9 -1.9 -1.9 -1.9 -1.9 -1.9 -1.9 -1.9 -1.9
181.8 187.4 193.5 198 202.7 204.6 206.5 212.4 215.2 220.6 222 227.7 230.7 231.4 233.4 239.9 244.8 246.9 246.6 245.7 241.3 230.9 225.1 221.6 210.8 196.9 180.7 170.7 159.8 151.7 144.3 137.7 129.5 120.8 113.3 107.9 102.1 96.7 94.5 92.7 96.8 83.6 68.6 57.8 65.2 64.4 56.7 -1.9 -1.9 -1.9 -1.9 -1.9 -1.9 -1.9 -1.9 -1.9 -1.9 -1.9 -1.9 -1.9 -1.9 -1.9 -1.9 -1.9 -1.9 -1.9 -1.9 -1.9 -1.9 -1.9 -1.9 -1.9 -1.9 -1.9 -1.9 -1.9 -1.9 -1.9 -1.9 -1.9 -1.9 -1.9 -1.9
190.1 197 203.4 206.8 211.3 214.7 216.1 215.5 216 218.7 220.2 221.8 225.3 227.4 230.6 236.1 241.4 244.3 244.4 243.5 242.4 234.9 226.9 223.2 217.2 202 185.6 173.1 165.6 154.7 146.7 137.9 129.9 124.7 121.1 110 105.8 100.4 94.9 92.6 90.1 84.3 72.7 60.6 70.5 72 63.4 61.5 -1.9 -1.9 -1.9 -1.9 -1.9 -1.9 -1.9 -1.9 -1.9 -1.9 -1.9 -1.9 -1.9 -1.9 -1.9 -1.9 -1.9 -1.9 -1.9 -1.9 -1.9 -1.9 -1.9 -1.9 -1.9 -1.9 -1.9 -1.9 -1.9 -1.9 -1.9 -1.9 -1.9 -1.9 -1.9
198.9 204.5 209.8 214.3 219 222.4 223.1 222.4 219 218.7 219.6 220.7 221.7 223.8 226.8 233.1 239.7 243.3 243.4 243.4 238 234 227.2 224 220 205 188.8 174.8 169.5 158.2 146.7 139.2 134.6 125.9 121.1 114.6 109.8 104.9 96.6 94.4 95.1 84 70.6 66.4 72.1 72.3 66.5 65.5 63.4 -1.9 -1.9 -1.9 -1.9 -1.9 -1.9 -1.9 -1.9 -1.9 -1.9 -1.9 -1.9 -1.9 -1.9 -1.9 -1.9 -1.9 -1.9 -1.9 -1.9 -1.9 -1.9 -1.9 -1.9 -1.9 -1.9 -1.9 -1.9 -1.9 -1.9 -1.9 -1.9 -1.9 -1.9
202.6 205.3 212.5 218.8 226.6 230 230.4 224.9 220.4 219.3 219.1 220.1 221.3 223.3 224.4 230.4 236.9 240.6 240.7 236.6 234.5 231.6 227.3 224.2 220.8 209.1 193.6 175.8 171.3 160.3 151.7 140.9 136.1 128.7 124.3 120 114.6 110.4 103.3 96.5 94.1 86.9 73.1 72.8 76.1 76.6 69 66.9 68.6 64.2 -1.9 -1.9 -1.9 -1.9 -1.9 -1.9 -1.9 -1.9 -1.9 -1.9 -1.9 -1.9 -1.9 -1.9 -1.9 -1.9 -1.9 -1.9 -1.9 -1.9 -1.9 -1.9 -1.9 -1.9 -1.9 -1.9 -1.9 -1.9 -1.9 -1.9 -1.9 -1.9 -1.9
202 207.2 213 221.3 228.5 231.6 233 224.7 219.7 218.6 218.4 219.1 220.9 222.4 223.5 225.6 232.9 237.4 238.4 233.5 231.3 230.7 229.7 224.8 221.4 210.6 194.3 177.8 172.2 165.2 155.6 147.1 136.7 130.7 128.8 123.2 123 115.5 112.5 98.2 97.4 88.9 89.4 81.3 79.2 80.1 71.8 70.1 70 67.1 -1.9 -1.9 -1.9 -1.9 -1.9 -1.9 -1.9 -1.9 -1.9 -1.9 -1.9 -1.9 -1.9 -1.9 -1.9 -1.9 -1.9 -1.9 -1.9 -1.9 -1.9 -1.9 -1.9 -1.9 -1.9 -1.9 -1.9 -1.9 -1.9 -1.9 -1.9 -1.9 -1.9
201.9 206.6 212 215.9 219.1 221.7 222.1 220.7 218.2 216.8 217.2 219.2 221.1 222.2 223.2 224.2 226 229.7 230.3 229.3 226.3 224.7 226.5 223.3 221.6 213.5 196.5 178.2 173.1 169.9 161.9 149.9 139.5 133.5 131.9 129.4 121.5 115.2 111.8 103.2 98.5 99.2 101.2 94.7 91.6 82 79.4 71.9 70.8 68.3 -1.9 -1.9 -1.9 -1.9 -1.9 -1.9 -1.9 -1.9 -1.9 -1.9 -1.9 -1.9 -1.9 -1.9 -1.9 -1.9 -1.9 -1.9 -1.9 -1.9 -1.9 -1.9 -1.9 -1.9 -1.9 -1.9 -1.9 -1.9 -1.9 -1.9 -1.9 -1.9 -1.9
198.3 203.6 208.5 212 214.3 214.7 215.7 216.7 215.1 214.1 216.2 221 225.3 224.2 223.8 223.8 224.4 225.3 225.9 225.1 220.5 219.8 221 221.6 221 218.6 199 179.2 173 171.4 164.9 152.8 142.5 134.3 132.6 130.6 122.9 117.9 120.3 109.5 102.6 105.8 100.1 97.9 97.1 83.9 78.3 78.5 72.7 68.2 -1.9 -1.9 -1.9 -1.9 -1.9 -1.9 -1.9 -1.9 -1.9 -1.9 -1.9 -1.9 -1.9 -1.9 -1.9 -1.9 -1.9 -1.9 -1.9 -1.9 -1.9 -1.9 -1.9 -1.9 -1.9 -1.9 -1.9 -1.9 -1.9 -1.9 -1.9 -1.9 -1.9
193.9 200 203.6 209.6 210.6 211.5 210.8 210.1 209.6 209.1 213.8 218 223.7 226.7 225.9 224.1 222.9 222.8 223.7 217.7 216.5 216.7 218.1 217.8 213.7 210 197.5 178.8 172.8 171.8 166.6 155.3 144.5 133.5 129.2 126.6 121.7 126.5 127.2 114.7 107.5 105.6 104.3 103.2 101.4 87 74.8 78.2 76.1 68.6 34.9 -1.9 -1.9 -1.9 -1.9 -1.9 -1.9 -1.9 -1.9 -1.9 -1.9 -1.9 -1.9 -1.9 -1.9 -1.9 -1.9 -1.9 -1.9 -1.9 -1.9 -1.9 -1.9 -1.9 -1.9 -1.9 -1.9 -1.9 -1.9 -1.9 -1.9 -1.9 -1.9
187.9 195.7 199.8 205.2 207.8 209.5 207.8 206.8 206.2 206.7 209 215.5 220.7 224.8 226.2 224.1 221.4 219.1 215.7 213.5 214 213.7 214.4 214.4 208.4 202.4 191.3 176 171.4 169.4 163.6 155.4 144.5 135.2 128.5 124.3 122.9 124.1 124.4 118 112.6 106.7 105.4 105.2 103.6 90.4 76.1 72.7 73.7 68.3 24.1 -1.9 -1.9 -1.9 -1.9 -1.9 -1.9 -1.9 -1.9 -1.9 -1.9 -1.9 -1.9 -1.9 -1.9 -1.9 -1.9 -1.9 -1.9 -1.9 -1.9 -1.9 -1.9 -1.9 -1.9 -1.9 -1.9 -1.9 -1.9 -1.9 -1.9 -1.9 -1.9
183.4 189.3 195.2 201.2 204.3 205 204.7 205.1 204.5 204.5 207.8 212.7 220.6 227.3 227.9 225.6 220.9 214.9 211.2 209.9 207.8 211.3 206.2 204.3 201.6 193.9 182.3 170.9 169.5 166.8 158.7 150.9 144.4 135.7 129 125 123.3 122.5 122.2 122.9 115.5 106.8 105.8 103.7 101.5 90.4 80.2 71.5 69.1 68.6 58.7 -1.9 -1.9 -1.9 -1.9 -1.9 -1.9 -1.9 -1.9 -1.9 -1.9 -1.9 -1.9 -1.9 -1.9 -1.9 -1.9 -1.9 -1.9 -1.9 -1.9 -1.9 -1.9 -1.9 -1.9 -1.9 -1.9 -1.9 -1.9 -1.9 -1.9 -1.9 -1.9
181 186.5 193.2 199 200.1 200.3 202.4 202.6 202.7 203.4 207.4 210.3 216.5 225.2 228.9 229.1 220.6 215.6 209.7 205.2 201.3 199.1 197.5 194.8 191.4 185.7 174 169.8 169.1 167.7 157.2 148.2 141.7 136.4 130.9 125.8 123.8 121.6 122.4 124.2 113.8 107.4 106 104 101.2 91.8 79.6 71.7 68.9 64.1 64 2.2 -1.9 -1.9 -1.9 -1.9 -1.9 -1.9 -1.9 -1.9 -1.9 -1.9 -1.9 -1.9 -1.9 -1.9 -1.9 -1.9 -1.9 -1.9 -1.9 -1.9 -1.9 -1.9 -1.9 -1.9 -1.9 -1.9 -1.9 -1.9 -1.9 -1.9 -1.9
177.3 184 190.8 195.6 196.7 198.3 199 201.5 203.1 205.3 208.6 211.5 216.5 225.7 229.4 229.1 220.8 214.2 211 203.5 195.8 191.8 189.2 187.4 183 176.1 170.7 167.7 167.7 166 154 144.9 142.3 135.6 132.6 124.4 120.5 118.3 118.2 118 114.3 109.4 104.2 102.8 103.1 96.9 78.8 70.5 69.2 69.3 59.6 23.1 -1.9 -1.9 -1.9 -1.9 -1.9 -1.9 -1.9 -1.9 -1.9 -1.9 -1.9 -1.9 -1.9 -1.9 -1.9 -1.9 -1.9 -1.9 -1.9 -1.9 -1.9 -1.9 -1.9 -1.9 -1.9 -1.9 -1.9 -1.9 -1.9 -1.9 -1.9
174.6 179.2 183 189.7 196.2 199.9 201.1 202 203.8 205.3 209.4 216.4 216.7 220.3 225.1 225.4 219.2 212.9 211.2 203.9 194.6 185.1 182.1 178.8 173.1 169.6 166.9 164 164.1 157.2 152.2 144.1 143 134.2 132.3 124.2 118.9 116.8 114.8 112.9 114.6 108.3 102 99.5 99.4 96.7 77.6 70.8 69.9 68.5 60.2 29.5 -1.9 -1.9 -1.9 -1.9 -1.9 -1.9 -1.9 -1.9 -1.9 -1.9 -1.9 -1.9 -1.9 -1.9 -1.9 -1.9 -1.9 -1.9 -1.9 -1.9 -1.9 -1.9 -1.9 -1.9 -1.9 -1.9 -1.9 -1.9 -1.9 -1.9 -1.9
173.2 175.6 180.6 187.6 193.4 199.6 201.8 203.6 206.2 208.4 210.2 212.3 215.8 219.9 222 221.3 214.7 209.4 205.6 203.4 194.5 183.7 174 168.7 168.3 166.2 162.8 160.5 158.9 153.6 148.3 142 137.8 134.1 132 124.3 116.9 115.1 111.2 110.7 108.4 104 100.1 97.3 93.4 90.3 79.1 70.1 68.4 40.3 51.1 54.9 46.7 -1.9 -1.9 -1.9 -1.9 -1.9 -1.9 -1.9 -1.9 -1.9 -1.9 -1.9 -1.9 -1.9 -1.9 -1.9 -1.9 -1.9 -1.9 -1.9 -1.9 -1.9 -1.9 -1.9 -1.9 -1.9 -1.9 -1.9 -1.9 -1.9 -1.9
171.5 175.6 181.9 188.5 194.4 198.3 203 207.5 210.1 210.4 210.7 212.1 214.3 219.5 218.5 215.8 212.8 207.8 202.8 200.2 191.1 181.5 171.5 165 162.1 160.8 158.8 154.7 152.4 151.1 146 139.9 135.2 132.2 128.9 122.2 114.2 109.8 107.2 108.2 110.2 105.9 99.7 98.5 94.7 91.2 80.2 67.1 66.5 73.9 75.6 66.1 56.7 16.4 -1.9 -1.9 -1.9 -1.9 -1.9 -1.9 -1.9 -1.9 -1.9 -1.9 -1.9 -1.9 -1.9 -1.9 -1.9 -1.9 -1.9 -1.9 -1.9 -1.9 -1.9 -1.9 -1.9 -1.9 -1.9 -1.9 -1.9 -1.9 -1.9
172.5 176.5 180.7 189.5 196.5 199.4 204.7 207.2 211.4 210.7 211.1 212 213.7 214.6 213.9 213.4 211.5 207.8 198.5 192.1 186.2 177.5 169.4 164.7 160.7 156.8 153.2 149.5 148.8 147.5 141.9 139.3 132.7 130.3 123.4 118 114.1 112.4 108.7 106 104 101.8 100.1 101 91.8 86 85.8 85.9 85.7 81.6 78.1 72.7 62.3 29.4 -1.9 -1.9 -1.9 -1.9 -1.9 -1.9 -1.9 -1.9 -1.9 -1.9 -1.9 -1.9 -1.9 -1.9 -1.9 -1.9 -1.9 -1.9 -1.9 -1.9 -1.9 -1.9 -1.9 -1.9 -1.9 -1.9 -1.9 -1.9 -1.9
170.9 177.1 180.8 188.3 196.1 198.9 202.1 207.5 210.5 210.6 211.2 213 216.1 211.7 210.5 210.6 209.6 206.6 196.7 189.4 183.5 176 168.9 164.3 160.1 157.3 152.7 147 146.3 143.1 141.5 136.4 131.5 129 122.7 118.5 116.5 114 110.7 104 98.6 97.4 98.2 95.3 97 93.3 93.9 94.5 95.7 92.6 87 79.5 69.7 37.2 -1.9 -1.9 -1.9 -1.9 -1.9 -1.9 -1.9 -1.9 -1.9 -1.9 -1.9 -1.9 -1.9 -1.9 -1.9 -1.9 -1.9 -1.9 -1.9 -1.9 -1.9 -1.9 -1.9 -1.9 -1.9 -1.9 -1.9 -1.9 -1.9
176.1 176.9 181.1 186.8 193.4 197.6 201.8 204.8 208.9 213.5 214 214 213.7 210 208.8 207.9 208.3 208.1 201 190.4 183.1 175.3 168.8 164.2 159.6 156.8 152.4 148 144.8 141 137.7 137.4 130.3 126.1 123 118.4 114.7 111.1 109 103.4 103.7 104.5 107.6 105.7 108.1 97 95.5 95.8 97.3 95.9 93.4 86.9 76 64.9 -1.9 -1.9 -1.9 -1.9 -1.9 -1.9 -1.9 -1.9 -1.9 -1.9 -1.9 -1.9 -1.9 -1.9 -1.9 -1.9 -1.9 -1.9 -1.9 -1.9 -1.9 -1.9 -1.9 -1.9 -1.9 -1.9 -1.9 -1.9 -1.9
177.6 179.2 180.6 185.2 193.2 197.3 201.2 204.6 206.6 208.2 215.1 215.7 217.6 209.7 204.6 203.8 206.7 208.5 206.5 193.2 183.5 175.8 168.6 163.8 158.8 155.2 150.8 146.2 143.4 140.1 135.1 135.2 130 127.1 124.7 118.9 114.4 114.9 114.7 111 108.5 107.8 108.4 110 109.1 103.3 97.7 97.6 97.4 97.3 99.3 90.6 76.3 48.1 4.5 -1.9 -1.9 -1.9 -1.9 -1.9 -1.9 -1.9 -1.9 -1.9 -1.9 -1.9 -1.9 -1.9 -1.9 -1.9 -1.9 -1.9 -1.9 -1.9 -1.9 -1.9 -1.9 -1.9 -1.9 -1.9 -1.9 -1.9 -1.9
175.7 177.4 179.6 184.2 190.3 196.2 200.3 204.7 206.7 209 213.1 214.6 216.5 209.1 203.9 202.6 203.6 206.6 206.3 193.8 184.2 176 168.7 163.2 157.1 153 148.8 144.3 137.5 134.9 132.9 130.8 128.6 125.9 118.4 120.8 120 118.1 116.7 116.5 113 110.6 110 110.8 108.7 106.2 103.9 99 97.6 96.8 94.6 87.3 85.5 77.7 36 -1.9 -1.9 -1.9 -1.9 -1.9 -1.9 -1.9 -1.9 -1.9 -1.9 -1.9 -1.9 -1.9 -1.9 -1.9 -1.9 -1.9 -1.9 -1.9 -1.9 -1.9 -1.9 -1.9 -1.9 -1.9 -1.9 -1.9 -1.9
171.4 174.7 180.1 184 188.4 193.6 198.6 203.7 207.1 208 212.2 214 214.3 209.9 204.5 201.8 204.4 204.3 201.4 192.5 183.2 174.5 168.5 161.3 156.1 150.7 147 142 136.3 132.9 129.9 126.7 126.4 121.4 126.2 126 123.8 123.4 123.8 120.6 117.4 115 112.3 112.6 111.9 107.6 106.5 101.5 98.6 95.9 91.7 87.9 84.7 82.7 49.1 -1.9 -1.9 -1.9 -1.9 -1.9 -1.9 -1.9 -1.9 -1.9 -1.9 -1.9 -1.9 -1.9 -1.9 -1.9 -1.9 -1.9 -1.9 -1.9 -1.9 -1.9 -1.9 -1.9 -1.9 -1.9 -1.9 -1.9 -1.9
170.1 173.3 180.8 183 186 190.7 197 201.6 206.1 209.1 211.3 214.2 213.5 213.3 207.5 202.1 197.6 196.5 193.3 186.6 179.3 172.2 165.4 159.5 153.7 149 144.2 140.4 135.2 131.6 130 126.7 126.4 125.1 127.7 127.9 125.2 126 127.9 123.8 122.4 120.1 117.2 114.7 112.5 109.5 106.7 101.9 100.3 95.4 93.3 91.2 88 82.1 55 -1.9 -1.9 -1.9 -1.9 -1.9 -1.9 -1.9 -1.9 -1.9 -1.9 -1.9 -1.9 -1.9 -1.9 -1.9 -1.9 -1.9 -1.9 -1.9 -1.9 -1.9 -1.9 -1.9 -1.9 -1.9 -1.9 -1.9 -1.9
167.8 172.3 176 180 187.2 190.7 195.8 203 207 209.8 212.9 213.4 213.1 213.9 212.1 206 200.6 195.5 187.5 180.5 173.4 166.7 163 154.6 150 147.2 143.7 138.5 133 130.9 128.6 129.5 129.8 127.9 128.9 129.2 128 127.3 128.5 127.1 125.2 123.6 119.8 117.3 113.3 110.2 105.8 101.5 98.8 93.3 91 88.7 82.7 83.3 40.9 -1.9 -1.9 -1.9 -1.9 -1.9 -1.9 -1.9 -1.9 -1.9 -1.9 -1.9 -1.9 -1.9 -1.9 -1.9 -1.9 -1.9 -1.9 -1.9 -1.9 -1.9 -1.9 -1.9 -1.9 -1.9 -1.9 -1.9 -1.9
167.2 171 175.1 179.3 185.4 190.5 196.6 203.8 208.3 211.6 211.7 212.1 212.6 212.6 211.3 207.5 200.8 194 187.1 180.3 172.6 166.5 163.1 159.5 152.2 146.3 143.4 137.3 138.3 134.3 133 131.9 132.5 132.2 130.9 131.1 132.4 131.4 131.1 129.6 129.1 128.9 122.8 119.3 115.9 110.6 105.5 99.1 96.4 90.8 88.5 87.5 85.1 84.7 26.2 -1.9 -1.9 -1.9 -1.9 -1.9 -1.9 -1.9 -1.9 -1.9 -1.9 -1.9 -1.9 -1.9 -1.9 -1.9 -1.9 -1.9 -1.9 -1.9 -1.9 -1.9 -1.9 -1.9 -1.9 -1.9 -1.9 -1.9 -1.9
