public/OST50/NG35.asc
ncols 200
nrows 200
xllcorner 130000
yllcorner 850000
cellsize 50
[rows 80 to 119 of 200, columns 0 to 89 of 200]
147.3 141.4 136.2 133.1 131.4 129.7 130 125.6 118.2 110.3 107.2 95.4 88.3 85 84 82.7 80.7 82 85.6 88.6 100.5 112.3 116.5 122.4 131.9 132.8 133.6 133.1 134.7 145.4 152.5 154.1 155.7 154.4 144 145.3 143.2 138.9 136.5 141.5 118 73.7 23.3 -2 -2 -2 -2 -2 -2 -2 -2 -2 -2 -2 -2 -2 -2 -2 -2 -2 -2 -2 -2 -2 -2 -2 -2 -2 -2 -2 -2 -2 -2 -2 -2 -2 -2 -2 -2 -2 -2 -2 -2 -2 -2 -2 -2 3.2 18.8 20.1
151.1 141.9 137.4 133.6 131 126.4 124.7 122.3 115 104.7 96.6 93.2 87.3 86.9 84.2 82.6 83.6 85.7 88.4 96.1 114.8 117.6 119.9 128.2 132.1 134 135.3 136.2 135.9 140.8 150.4 154.2 153.8 150.6 153.7 154.4 154.8 152.6 153.1 159 152 143.9 72.8 27.4 -2 -2 -2 -2 -2 -2 -2 -2 -2 -2 -2 -2 -2 -2 -2 -2 -2 -2 -2 -2 -2 -2 -2 -2 -2 -2 -2 -2 -2 -2 -2 -2 -2 -2 -2 -2 -2 -2 -2 -2 -2 -2 -2 25.5 25.1 30.2
151.1 142.2 143.2 134.4 131.3 125.8 122.1 117.1 109.1 99.8 99.3 94.1 89.6 87.4 84.7 83.3 85.3 91.9 96 102.3 115.8 120.5 122.3 126.3 132.7 141.4 144.7 146.9 141 140.4 145 149 151.2 155.6 163.9 165.2 164.4 164.4 165.8 166.8 162.4 157.1 118.7 59 23.5 -2 -2 -2 -2 -2 -2 -2 -2 -2 -2 -2 -2 -2 -2 -2 -2 -2 -2 -2 -2 -2 -2 -2 -2 -2 -2 -2 -2 -2 -2 -2 -2 -2 -2 -2 -2 -2 -2 -2 -2 -2 -2 23.6 27.5 28.4
145.7 142.3 140.2 133.7 130.4 124.4 121.5 116.3 109.8 102.2 100.2 98.1 90.3 87.5 85.1 84 91.9 100.4 103.6 109.2 118.5 124.7 127.6 131.6 140 147.2 153.8 161.8 153.1 152.9 150 149.5 155 166.2 177.3 176.8 167.8 175.1 178.7 178.1 165.6 158.2 148.6 115.1 43.8 -2 -2 -2 -2 -2 -2 -2 -2 -2 -2 -2 -2 -2 -2 -2 -2 -2 -2 -2 -2 -2 -2 -2 -2 -2 -2 -2 -2 -2 -2 -2 -2 -2 -2 -2 -2 -2 -2 -2 -2 -2 38.9 30.9 27.5 33.9
151.9 141.2 138.4 131.8 127.7 124.1 119 117 107.9 102.1 99.6 96 90.3 88.8 85.6 87.8 96.7 102.3 106.8 118.8 120.8 126.3 135.8 145.5 149.8 150.4 159.8 164.1 161.5 156.1 155 155.5 160.6 178 180.9 179.6 171.5 183.2 183.3 178.9 165.2 158.2 147.4 123.5 58.1 7.6 -2 -2 -2 -2 -2 -2 -2 -2 -2 -2 -2 -2 -2 -2 -2 -2 -2 -2 -2 -2 -2 -2 -2 -2 -2 -2 -2 -2 -2 -2 -2 -2 -2 -2 -2 -2 -2 -2 -2 -2 43.9 40.8 40.1 32.5
160.1 148.5 137.7 131.4 129.2 123.2 115.5 117.5 109 101.9 99.3 97.3 92.5 86.4 93 97.6 95.7 100.9 111.4 119.5 122.9 130.7 141.5 151.9 152.7 158.8 163 165.9 165.7 158.3 161.1 168.1 177.1 181.3 181.2 178.9 185.2 188.8 184.3 178.1 169.1 155.7 140.3 121.6 89.3 16.5 -2 -2 -2 -2 -2 -2 -2 -2 -2 -2 -2 -2 -2 -2 -2 -2 -2 -2 -2 -2 -2 -2 -2 -2 -2 -2 -2 -2 -2 -2 -2 -2 -2 -2 -2 -2 -2 -2 -2 44.1 41.1 38.6 35.1 32.2
162.5 161.7 139.6 133.1 130 125.9 117.3 115.3 109.3 101.8 99.8 95.4 92 94.2 101.6 105 103.3 108.8 117.4 135.5 130.9 134.3 147.6 160.6 161.9 159.2 164 166.3 166.4 165.7 167.8 175.2 182.8 184.1 181.9 182.8 191.2 196.2 183.9 176.5 164.1 146.8 135.4 123.3 102.8 49.7 -2 -2 -2 -2 -2 -2 -2 -2 -2 -2 -2 -2 -2 -2 -2 -2 -2 -2 -2 -2 -2 -2 -2 -2 -2 -2 -2 -2 -2 -2 -2 -2 -2 -2 -2 -2 -2 -2 48.8 45.5 40.5 39.6 38 36.1
162.9 164 152.6 133.7 131.3 124.7 119.2 114.3 109.8 101.7 99.6 94.1 96.8 99.6 102.2 104.7 107.1 115.1 124.6 135 137.7 140.3 156.7 160.6 161.8 162.3 164.3 166.8 167.2 172.8 174.8 184.8 183.8 186.4 184.3 186.5 188.7 185.5 182.3 176.6 158.7 143.4 138 125.5 106.1 65.4 4.6 -2 -2 -2 -2 -2 -2 -2 -2 -2 -2 -2 -2 -2 -2 -2 -2 -2 -2 -2 -2 -2 -2 -2 -2 -2 -2 -2 -2 -2 -2 -2 -2 -2 -2 -2 -2 -2 51.1 44.7 41.4 46.4 49.6 54.7
162.7 161.5 154.6 133.3 131.1 121.3 118.5 114.2 110.4 102.4 100 92.5 98.5 100.8 103 105.2 112.9 118 124.2 132.7 138.8 141.6 156.8 160.3 162 165.2 166.8 168.1 171 180.6 189.5 186.8 186.8 188.4 189.8 193.7 190.6 183.6 182.3 177.4 155.6 144.1 139 128.6 115 91.3 21.1 -2 -2 -2 -2 -2 -2 -2 -2 -2 -2 -2 -2 -2 -2 -2 -2 -2 -2 -2 -2 -2 -2 -2 -2 -2 -2 -2 -2 -2 -2 -2 -2 -2 -2 -2 -2 65 53.3 41.9 42.6 45.4 62.6 60
161.5 158.3 156.5 141.4 129.8 123.5 116.1 114.3 109.2 102 94.6 101.6 103.7 106.3 110.2 114.1 116.2 117.3 121.9 130.3 137.9 141.4 157.8 159.9 162.2 165.3 168.6 173.1 174.2 198.6 205.1 204.7 205.1 193.2 203.5 205.4 197.3 185.5 178.7 168.6 152.6 144.6 141 131.8 122.9 105.1 59.1 12.6 -2 -2 -2 -2 -2 -2 -2 -2 -2 -2 -2 -2 -2 -2 -2 -2 -2 -2 -2 -2 -2 -2 -2 -2 -2 -2 -2 -2 -2 -2 -2 -2 -2 -2 85.9 78.9 63.7 48.4 47.6 43.8 56.4 64.9
160.8 157.7 153.4 142.4 127.5 123.8 113.2 111.2 107.1 102.3 102 104.1 105.5 108.3 112.3 115.8 117.8 119.2 124.9 132.8 138.6 142.3 155.7 159.9 163 168 177.1 187.5 187.8 201.9 207.9 208.6 202.1 198.8 195.9 194.2 198.1 184.9 179.4 165.6 150.7 146.4 146.7 139.6 127.4 108.3 85 30.9 -2 -2 -2 -2 -2 -2 -2 -2 -2 -2 -2 -2 -2 -2 -2 -2 -2 -2 -2 -2 -2 -2 -2 -2 -2 -2 -2 -2 -2 -2 -2 -2 -2 89.5 94.6 78.9 67.7 53.8 51 49.3 59.7 68.4
164.6 156.3 152 139.4 129.3 123.5 114.7 112.6 105.2 98.6 104.3 106.1 109 114.1 124.3 127.8 131 136.4 141.2 139.6 148.3 150.3 154.2 160.2 165.8 171.1 185 195.4 194.3 199.5 204.4 200.4 199.2 199.1 194.8 190.6 184.6 181.2 174.5 165.4 151.9 147.7 147.7 144.6 134.3 112.4 93.2 48.4 -2 -2 -2 -2 -2 -2 -2 -2 -2 -2 -2 -2 -2 -2 -2 -2 -2 -2 -2 -2 -2 -2 -2 -2 -2 -2 -2 -2 -2 -2 -2 46.9 64.6 81.3 92.1 82.2 64.1 62.8 64.8 56.5 59.2 63.7
164.6 154.7 148.1 140.7 129 122.4 114.7 109.3 104.7 105.1 108.6 110.1 114.4 127.4 140.6 140.6 146.6 149.8 151 149.8 152.8 158.3 156.8 159.7 167.3 172.4 187.4 193.5 195.8 198.8 200.3 199.7 199 197.1 195.6 194.3 187 178.7 169.9 165.9 154.9 156.7 156.8 157.2 143.2 117.2 96.7 79.3 11.6 -2 -2 -2 -2 -2 -2 -2 -2 -2 -2 -2 -2 -2 -2 -2 -2 -2 -2 -2 -2 -2 -2 -2 -2 -2 -2 -2 -2 -2 36.4 43.6 62.6 66.1 71.9 68.4 63.8 61.8 59.4 55.1 53.6 55.3
165.1 152.1 145.7 137.7 128.5 121.1 112.4 110.3 105.7 106.8 111.4 113.6 121.7 132.6 139.5 145.6 151.9 153.8 159 156.5 154.6 158.8 161.8 162.6 170.7 181.7 188.8 193.4 197.5 201.3 200.4 199.9 199.6 199.9 209.2 209.2 207 190.2 178.8 168.4 162.3 159.5 156.6 155.9 141.5 120.8 92.6 89.7 69.8 -2 -2 -2 -2 -2 -2 -2 -2 -2 -2 -2 -2 -2 -2 -2 -2 -2 -2 -2 -2 -2 -2 -2 -2 -2 -2 -2 -2 24.5 30.5 41.4 58.9 65.2 66.9 63.3 61.9 56.6 58.2 53.1 46.4 45.1
162.4 150.6 143 135.9 126.7 120.3 112.4 109.7 103.4 111 119.3 122.4 126.1 131.9 142.6 148.7 151.5 158.6 160.7 159.5 158.5 159.9 162.5 167.4 172.9 186.5 199.2 196.4 202.5 205.2 202.7 201.1 210 210.4 210.8 207.6 207.2 201.6 190.5 184.7 171.4 158.8 154.5 154.4 135.1 110 98.4 90.3 84.8 37.8 -2 -2 -2 -2 -2 -2 -2 -2 -2 -2 -2 -2 -2 -2 -2 -2 -2 -2 -2 -2 -2 -2 -2 -2 -2 -2 -2 24.4 30.1 34.4 48.5 54.8 60.8 63.3 57.7 53.9 52.9 51.7 43 40.9
154.4 146.7 140.7 133.6 125.9 119.5 112.9 107.5 111.5 111.6 118.6 124.4 126.8 131.1 141.1 148.1 154.5 156.3 157.9 158.2 159.2 160.5 164.1 171.8 174.7 192.1 203.7 205.7 209.7 210 209.6 211.8 212 211.2 210.4 208.7 205.4 197.9 187.5 179.6 166.5 155.9 150.8 147.7 135.3 112.4 103.2 87.9 80.3 44.1 -2 -2 -2 -2 -2 -2 -2 -2 -2 -2 -2 -2 -2 -2 -2 -2 -2 -2 -2 -2 -2 -2 -2 -2 -2 -2 -2 26.2 41.5 32.3 45 51.5 59.9 67.2 57.4 52.8 51.4 54.8 47.9 40.9
151.2 144.4 136.6 130.8 125.1 117.9 112.9 110.5 114.6 116.1 121 128.4 129.5 133.3 137.3 144.3 148.5 152.5 156.8 158.9 160.5 162.4 167.4 172 181.8 188.6 204.9 208.4 210.2 210 209.9 210.5 212.9 210.7 209.6 206.2 199.4 187.7 185.1 178.2 165.3 159.1 147.8 137.9 126.6 118.5 101 79.7 69.3 59.5 -2 -2 -2 -2 -2 -2 -2 -2 -2 -2 -2 -2 -2 -2 -2 -2 -2 -2 -2 -2 -2 -2 -2 -2 -2 28.7 19.7 17.2 35.1 35.3 44.1 45.2 54.9 62.2 61.6 55 51.7 50.3 54.8 46.2
146.4 141.4 134.9 128.6 122.9 117.3 112.4 112.3 116.5 119 118.7 129.3 131.6 135.5 138.9 148 148.1 152.6 158.2 159.4 162.9 166.3 169 177.1 182.3 189.6 205.6 207.9 208.4 209.3 211.3 212.2 210.6 209.2 208.4 209.2 205.4 194.3 182.5 175.1 175.6 162.1 143.4 132.6 122.2 109.3 94.8 91.5 85.7 71 57.5 -2 -2 -2 -2 -2 -2 -2 -2 -2 -2 -2 -2 -2 -2 -2 -2 -2 -2 -2 -2 -2 -2 -2 -2 21.6 16.2 12.4 28.1 39.1 36.2 41.3 49.2 52.8 55.9 56.5 54.6 49.9 46.7 40.1
143.2 139.7 131.3 126.8 121.7 117.2 112.6 115.3 118 121.4 124 130.8 133.9 136.3 139.4 150.4 154.5 155.6 158 161.1 165.2 167.9 170.9 179.5 183.6 192.1 198.9 207.5 206.8 209 211.2 212.2 209.6 209.4 205.6 202.7 191.7 184.9 180.4 177.8 176 159 135.2 122 122.8 115.7 104.9 99.3 84.2 80 61.3 31.5 -2 -2 -2 -2 -2 -2 -2 -2 -2 -2 -2 -2 -2 -2 -2 -2 -2 -2 -2 -2 -2 24.8 24.9 29.2 28.8 17.8 14.6 32.8 36.3 35.4 43.6 53.4 63.4 56.7 54.9 49.9 44 34.8
141.4 137.3 130.7 124.9 120.1 115.3 117.1 118.7 121.3 124.5 127.9 126.5 132.5 136.3 139.1 147.3 157 159.1 159.6 163.8 166.3 169.5 175.5 179.9 185.9 192.6 202.3 205.5 207.5 210.6 212.2 211.1 208.9 208.5 204.4 198.7 188 181.1 181.7 180.2 174.3 155.8 133.3 134.8 127.3 115 101.1 96 84 76.6 65.7 51.3 -2 -2 -2 -2 -2 -2 -2 -2 -2 -2 -2 -2 -2 -2 -2 -2 -2 -2 -2 32.7 41.7 37.4 30.6 33.6 35.4 24.4 13.4 16.3 25.6 28.6 38.5 50.6 55.5 52.9 62.3 59.3 46.7 34
141.2 135.2 130.1 122.6 119.1 118.4 120.4 122.5 124.8 128.1 131 131.4 131.4 137.1 141.7 146.2 154.5 159.7 162.4 167.1 170.1 173.6 178.8 181.9 188.1 193.7 202.6 202.1 210.6 209.6 210.1 209.5 205.8 203.3 202.3 201.9 185.9 182.4 182 178.6 162.3 148.3 136.2 130.1 131.8 119.8 105.5 97 86.4 77.9 71.7 51.3 30.2 -2 -2 -2 -2 -2 -2 -2 -2 -2 -2 -2 -2 -2 -2 -2 -2 27.7 29.8 37.1 43.6 39.1 31.3 35.2 38.1 27.5 15.6 15.8 16.5 21.7 34.1 48.3 47.8 50.5 52.8 48.6 35.5 33.4
141.7 135.6 130.9 124.8 119.6 121.5 122.7 125.8 128.3 131.3 133.8 135.7 134 137.9 143 149.2 151.5 160.6 166.9 170.5 174.5 177.6 180 184.6 190.1 194.7 198.8 195.6 212 211.8 210.4 207.6 206.9 204 203 201.5 196.8 184.7 180.5 176.4 156 138.9 139.3 127.9 127.3 117.2 111.5 98.5 91.9 81.3 68.6 59.2 34.8 -2 -2 -2 -2 -2 -2 -2 -2 -2 -2 -2 -2 -2 -2 -2 2.1 19.4 28.2 29.3 40 38.1 28.6 30.2 29.1 21.5 17.9 30.4 24.6 19.9 25.6 33.8 41 49.7 46.6 40.5 36.3 30.8
145.7 138.5 131.2 125.1 123.9 124.8 126.7 129.3 132.1 134.3 136.8 137.2 135.3 138.8 145.2 150.8 154 163.3 170.2 172.7 176.2 178.3 180.5 185.5 190.5 193 193 192.5 199.1 209.1 208.3 206.9 206.4 204.2 199.9 200.8 198 186.3 179 160 144.4 139.3 135.9 125 121.7 115 109.5 97.1 87.4 74.4 65.2 49.8 30.4 35.2 -2 -2 -2 -2 -2 -2 -2 -2 -2 -2 -2 -2 -2 -2 6.7 16 25.8 29.4 28.7 28.5 27.6 27 28.6 31.4 24.2 33.3 26.2 25.6 28.3 27.7 33.4 44.3 41.2 38.5 34 27
145.2 137.1 129.4 123.7 128 129 130.9 133.4 136.3 138.8 141.1 142.2 139.7 141 146.6 152.8 157.5 161.1 171 173.4 176.5 178.7 180.8 185.8 189.2 190.6 189.4 192.2 190.7 199.1 200.6 205.7 205.6 201 196.4 194.8 189.4 181 162.6 154.6 142.7 142.3 142.4 129.2 118.9 110.8 104.5 89.4 77.2 69.4 55.7 45.3 42.3 31.5 9 -2 -2 -2 -2 -2 -2 -2 -2 -2 -2 -2 -2 -2 35.3 36 42.8 39.6 28.7 27.9 27.2 27.4 38.2 42.4 27.5 27.6 33.4 35.6 39.4 48.4 43 26.9 24.9 30.1 25.4 27
147.5 139.3 134.4 125.8 131.6 132.8 134.5 137.1 140.4 143.2 146 147.6 145.3 142.9 147.8 152.5 156.2 163.3 166.6 174.9 177.3 178.8 182.2 184.6 187.2 187.5 187.5 191.3 186.9 188.2 196.1 201.7 200.7 198.9 190 182.5 182.4 178.7 158.6 148.6 148 148.8 147.5 130.9 118.1 105.6 94.8 88 68.9 61.2 50.5 47.1 45 27.1 24.1 17.1 3.3 -2 -2 -2 -2 -2 -2 -2 -2 -2 -2 19.5 29.9 38.9 41.5 46.6 43.7 40.3 27.8 30.2 45 43.4 36.8 31.2 34.4 35.5 46.9 52.4 42.3 30.8 22.9 22.5 22.2 24.4
153.8 141.6 133 134.8 134.9 136.4 138 140.7 144.1 147.4 150.9 151.5 149.4 146.4 149.7 154.8 160.8 165.8 169.1 171.7 177.2 179.3 182.7 185 186.5 186 185 187 184.2 180.8 191.8 195.5 195.3 190.4 183.9 176.4 176.2 161.9 156.3 151.3 150.6 149.1 140.7 125 106.7 94.1 84.9 70.3 69.2 65.8 65.5 49.6 48.7 34.3 34.6 40.7 30.8 -2 -2 -2 -2 -2 -2 -2 -2 -2 -2 18.8 25.9 35.8 55.6 64.3 56.9 49.5 34.8 40.3 41.7 52.2 44.3 32.3 37 41.1 51.2 48.8 37.7 26.1 22 20.2 18.1 18.5
156.2 143.6 138.8 140.4 139 140.2 141.8 144.1 147.7 152.7 154.5 153.1 151.2 150.2 151 158.2 163.5 168 170.7 173.1 176.9 178.8 181.6 183.1 183.3 184.3 181.8 179.6 180.7 174.5 181.8 188.5 186.3 185.2 179.3 168.1 162.4 156.8 151.4 154.3 150.6 146.3 130.3 119.2 99.9 95.1 71.2 67 70 64.2 57.7 53.3 50.4 45.1 48.8 43.6 31.5 -2 -2 -2 -2 -2 -2 -2 -2 -2 12.6 23.7 40.6 43.9 55.5 65.7 63.6 56.7 40.5 40.2 45.3 51.2 54 46.1 47.3 47.2 44.8 50.3 31.5 24.3 25 29 17.3 15.9
157.5 146.1 145 143.7 143.3 144.6 145.9 149 153.7 154.5 158.8 154.9 152.7 152.4 150.8 158.8 164.4 168.2 171.6 175.6 176.2 178 179.6 180.1 180.1 180.7 177.6 172 172.5 170.6 172 177 173.9 172.7 166.5 161.8 158.4 153.3 153.5 148.7 139.3 133.2 119.4 104.7 94.5 79 70.1 67.6 67.1 64 70.3 59.4 55.3 46.1 48.3 43 -2 -2 -2 -2 -2 -2 -2 -2 -2 7.1 18.8 29.1 45.8 49.8 52.4 57.2 55.6 51.8 40.7 40.4 56.4 64 61.1 50.1 44.6 49.6 42.1 43.4 29.6 26.3 21.8 25.7 16.4 17.8
156.5 147.7 146.2 147.2 148.4 150.8 154.2 157.6 159.7 161.1 163.4 159.7 155 154.1 153.4 157.9 164.3 169 175 178.1 176.7 177.3 178.5 178.5 178.1 176 174.2 168.3 164.3 163.1 163.9 169.4 168 165.7 162.6 159.8 156.9 154.1 142.3 136.6 129.4 122.5 110.5 101.2 95 74.4 72.3 63.1 65.7 79.3 77.1 60.3 53.6 41 31.9 -2 -2 -2 -2 -2 -2 -2 -2 -2 -2 6.7 26.1 45.5 47.4 51.7 59.2 54.9 53.3 53.6 50.3 57.4 64 63.1 58.6 53.9 45.4 48.7 39.5 30.9 29.8 22.3 17.6 16.2 14.7 16.5
145.4 152.4 151.2 153 154.7 157.9 160.2 161.6 162.2 165.5 165.7 160.4 159 157.6 156.4 159.3 164.7 170.8 178.3 179.2 177.2 176.5 176.8 177 175.3 173.2 170.1 165.9 159.9 159.5 157.1 161.3 165.6 163.4 158.9 157.5 151.2 147 138.7 131.6 119.5 115.1 101 97.8 91.3 75 75.3 65.4 66.4 74 70.8 53.1 41.9 19.8 -2 -2 -2 -2 -2 -2 -2 -2 -2 -2 5.3 14.7 32.7 47.9 54.1 54.7 58 55.5 47.7 54.1 53.4 60.4 63.7 61.5 52.9 49 43.9 39.5 28.3 27.3 25.9 22.2 17.6 17.2 15.7 13.9
157.8 159.3 158.7 159.4 160.5 162.3 163.8 163.9 163.9 166.3 166.3 163.8 163.1 161.7 159.3 160.2 165.9 172.4 177.7 177.3 175.9 175.3 176.2 175.3 174.7 171.1 169.6 165 159.9 152.2 149.8 152.4 155.9 157 151.7 148.2 144 141.1 131.2 122.2 113.6 103.8 100.1 95 76.6 77.7 73.8 66.9 60.4 61.1 54.1 40.9 21.4 1.1 -2 -2 -2 -2 -2 -2 -2 -2 -2 1.5 14.8 6.3 30.7 37.5 42.2 52.3 50.3 46.2 42.8 52.5 57.3 60.8 59.6 56.9 51.4 46.8 42.6 30.7 26.4 20.9 21.8 16.8 17.6 15.7 10.7 10
161.9 163.4 162.1 161.8 163.2 166.2 167.1 166.5 165.7 167.6 167.7 167.6 166.4 166.3 162.9 162.2 167.2 173.7 178.5 176.4 174.7 175 175.6 174.5 171.8 169.4 167.5 164.1 159.3 153.6 147 143.4 142.7 144.6 141 138.7 135.5 128.4 121.2 113.3 104.7 96.7 89.7 82.1 73.8 76.4 69.4 60.2 55.8 44.1 33.6 20.9 2.5 -2 -2 -2 -2 -2 -2 -2 -2 -2 -2 -2 6.3 11 10.1 14.7 23.3 30.2 36.3 36.8 33.4 37.9 50.3 57 57.7 59.1 52.3 42.2 36.2 29.1 23.3 16.7 16.8 16.5 14.7 12.6 7.2 4.3
167.5 168.8 167.1 165.6 166.5 168.6 169.6 169.1 168.4 172.1 171.2 170.1 168.1 166.9 165.5 165.1 167.6 171.2 173.8 173.6 173.6 173.8 173.7 172.9 169.9 167.7 164.3 160.9 155.3 149.3 142.4 139 130.5 132.8 129.5 125.4 122.1 116.4 111.5 104.2 97.5 90.7 79.5 73.2 77 67.2 74.7 69.3 63.3 36.2 25.9 12.8 2 -0.8 -2 -2 -2 -2 -2 -2 -2 -2 -2 1.7 12.7 12.4 31.9 30.7 21.6 35.5 35.2 33.9 33.1 32.3 35.1 49.1 50.1 52.1 43.7 32.6 33 26.9 20.8 17.1 14.4 14.6 12.4 9.8 5.2 -2
172.9 173.6 173 172 169.5 170.8 171.2 171.2 175.5 175.4 175.4 171.9 168.3 166.7 166.4 166.2 166.9 168 170.3 171.6 171.9 171.7 170.8 171.7 168.9 164.9 162.1 157.1 150.5 144.4 138.1 133.1 127.5 121.8 119.1 116.1 114.5 111.2 102.7 95.2 90 84.3 90.4 85 76.9 78 76.1 67 49.8 28.5 16.4 8.8 2 0.5 -0.7 -2 -2 -2 -2 -2 -2 -2 17.2 14.7 19.7 31.3 32.4 26.5 20.8 38.7 37.5 39.1 36.7 32.7 32.9 33.5 33.9 36.8 32.8 27.4 35 33.1 18.3 16 12.2 13.1 9.6 3.8 -2 -2
175.3 176 175.7 174.6 173.5 173.7 173.9 175.2 177.2 177.4 176.4 173.2 169.2 168.3 167.5 167.1 166.2 166.7 167.5 168.6 169.1 168.7 167.5 166.8 167 162.3 159.5 153 145.8 141.7 136.4 130.9 125.2 118.4 111.9 109.5 108.8 104.1 93.5 87.4 87.6 87.5 87 81.7 88.5 84.9 76.1 61.9 38.1 25.6 15.4 5 2.6 1.8 0.6 -0.8 -2 -2 -2 -2 2.3 21.1 21.4 33 38.2 33.8 30.6 25.4 20.7 33.5 36.1 35.3 34.5 32.1 32.1 33.1 37.2 32.7 29.8 23.7 24.3 20.4 16.3 11.2 8.5 7.6 -2 -2 -2 -2
176.1 178.6 178.6 179.4 178.4 177.9 178.8 178.9 178.7 178.3 177.2 175.8 171 169 168.8 167.4 165.4 164.6 165.6 166.5 166.6 166.3 165 163.1 161.9 158.6 154.4 150.5 143.7 139.4 134.6 128.4 123 117.2 108.8 102.1 97.1 96.4 94.8 93.8 90.4 87.7 84.2 82.3 84.1 83.5 72.6 45.8 32.2 19.3 8.5 2.6 2.6 3.3 2.4 1.7 10 18.5 15.4 17 23.4 26.9 34.3 38.4 37.7 37.7 30.9 25 20.6 31.1 33.6 32.7 32.3 32.1 32.3 36 35.3 38.3 35.6 25.6 20.2 16.8 14.2 9.9 5.6 -2 -2 -2 -2 -2
177.7 185 186.5 184.5 181.8 181.1 182.3 183 182 180.9 178.6 176.1 172.6 170.7 169.3 166.8 163.4 161 162.6 164 164.6 164.4 162.2 160.6 159 156.4 153.8 149.7 144 135.4 131.3 125.1 121 115 100.7 94.4 92.9 94.4 94.4 93.9 92.3 89.1 83.7 77.1 76.4 74.4 60.1 41 29.1 21.2 4.7 2.6 3.3 3.6 4.5 17.6 25.2 29.7 33.8 23.4 26.5 34.8 35.7 37.4 38.9 49.4 42.6 33.6 25.5 27.6 30 29.1 29.7 37.5 33.1 35.6 38 38.8 35.3 26.8 20.5 17.2 15.3 13.4 10.1 -2 -2 -2 -2 -2
177.9 185.9 187.6 188.2 188.4 187.8 188.3 188 185.7 183.5 181.1 178.8 175.5 172.1 170.5 167.8 164.2 160.3 160.8 161.5 161.2 161.5 158.9 156.3 155.2 154.7 151.6 146.5 140.2 129.9 124.5 118.8 106.4 102.9 98.6 91.5 90.1 92.8 90.8 89.7 87.8 84.9 79.6 79.5 82.7 73.2 50.2 34.9 28.1 16.9 4.9 2.9 8.6 11.4 25.6 30.5 31.6 40.5 42 37.5 31.8 36 40.2 40.4 42.7 45.9 41.5 32.1 25.4 25.5 27.3 31.7 29.8 45.3 34.7 39 38.1 38.1 36.1 32.7 24.1 20.7 18.7 14.3 12.2 4.9 -2 -2 -2 -2
178 181.7 188.6 190 191 191.5 191.4 190.1 187.6 183.4 182.7 181.4 177.2 176.1 170.9 167.4 164.1 161.1 160.5 160.6 159.4 157.4 154.5 152.9 151.5 151.2 146.4 142.1 134.8 126.3 120.6 111.7 108.9 103.6 98.5 93.6 88.7 88.8 87 86 84.8 83.1 78.6 79.5 73.5 53.8 40.3 33.1 25.9 19.8 6.8 4.4 11.5 21.9 30.7 34.4 37.7 43.5 47.1 48.1 43.4 38.7 43.4 42.9 52.3 45.8 40.8 32 25.6 25.5 25.4 27.7 29.3 40.2 34.7 34.6 37.6 38.7 40.1 32.7 25.1 21.4 22.2 16.4 12.3 3.4 -2 -2 -2 -2
180.8 180.5 185.7 192.7 193.7 193.4 192.9 192.2 190.3 186.8 186.7 184.2 180.9 176.2 171.2 165.7 163.1 162.1 159.2 160.1 158.2 155.4 152.6 150.2 146.9 145.2 140.9 133.5 128.5 122.7 115.8 113.3 110.8 104.5 100.1 96.1 91.6 86 85.4 82.3 81 80.1 77.8 66.5 53.1 42.2 37.8 26.7 18.9 9.7 5.7 10.4 29.1 32.8 31.4 38.4 44.3 50.9 54.8 55.5 52.1 46.4 46.3 54.8 50.4 44.5 38.1 32.1 24.8 25.5 25.5 24.6 32.4 37.5 31.1 33.3 35.9 41.4 39.9 34.7 22.7 21.4 28.7 28.3 15.5 -2 -2 -2 -2 -2
