public/OST50/NG35.asc
ncols 200
nrows 200
xllcorner 130000
yllcorner 850000
cellsize 50
[rows 120 to 159 of 200, columns 0 to 89 of 200]
184.2 187.6 188.5 192.6 195.6 195.4 195.2 194.7 193 191 189.4 185.2 181.3 177.2 172 170.8 166.4 163 158.8 159.5 157.3 153.7 150.7 147 142.8 139.8 136.3 133.7 126.5 120.5 114.6 112.3 110.4 104.7 101 98.7 95.5 84.3 84.8 78.1 74.3 72.7 69.6 52.9 52.1 46.1 34.4 25.6 13.7 7.5 11.1 29.9 34.1 37.7 39.9 44.6 52.1 55.8 56.6 60.6 53.5 51 55.8 53.9 50.7 48 50.8 44.6 38.6 25.5 25.5 25.5 33.9 40 30.4 30.7 33.9 39.9 44.3 36.9 27 18.7 21.4 27.3 15.3 -2 -2 -2 -2 -2
189.1 192.4 192.8 194.2 196.2 197.5 200.7 199.7 196.2 194.2 191.4 188.4 185.2 179.1 176.1 172.3 168.1 165.7 160.1 157.2 155.7 154 150.8 146.7 142.6 136.4 133 133.8 126.1 118.8 112.4 110.3 106.8 103.1 99.7 95 93.2 79.3 82.4 74.8 70.1 61 58.3 56.4 54.4 40 31.2 18.6 10.4 9.4 22.7 37.8 43 41.2 43.9 47.1 57.3 56.7 55.9 55.7 52 50.8 51.3 51.9 49.9 51.7 49.3 45.1 35.3 25.5 25.5 25.5 25.4 28.3 32.1 30 32.6 37.4 42.1 34.7 28.5 15.1 13.2 16.5 -2 -2 -2 -2 -2 -2
194.6 197.3 198.1 199.1 200.3 204.8 202.8 201 199.4 195.8 192.9 190 187.2 185.5 180.6 178.6 169.8 164.9 162 157.6 155.2 152.9 149.6 143.7 141.4 136.8 132.3 130.2 124.2 116.5 109.5 107.6 105.9 101.7 98.6 92.3 85 77.3 76.1 71.2 66.6 65 61.4 59.5 47.6 36.6 26.5 14.3 10.4 26.9 36.6 46.8 46.7 50.4 49 50.2 50.6 52.9 52.8 52.5 56.2 57 52.9 55.6 53.4 48.1 44 36.6 32.7 25.2 25.5 25.5 25.5 24.7 24.7 27.3 30.4 33.1 35 32 28 17 10.8 4 -2 -2 -2 -2 -2 -2
200.9 202.7 204.9 206 206.2 206.4 206.2 203.8 202.2 198.6 194.8 191.4 187.7 186.6 183.9 179 172.3 169 167.7 161.1 157.9 155 148.5 142 138.4 134.3 130 126 121.2 113.8 106.9 104.3 102 98.9 95.4 90.5 85.9 78.3 72 70.1 67.1 64.6 60.8 53.9 37.7 30.2 23.5 12 21 29.1 35.3 46.4 47.4 49.3 49.2 49.7 51.8 52.8 54 61.4 71.3 64 60.6 58.5 49.7 44.5 38.5 35.2 31.7 27.7 25.9 23.8 25.5 26.7 27.6 32.2 35.9 37.7 34.3 31.6 27.5 14.2 -2 -2 -2 -2 -2 -2 -2 -2
208.9 209 212.9 213.8 214.2 209.7 207.2 205.4 204.9 204.1 196.9 192.7 190.9 189.1 185.6 181.5 177.9 175.1 174.9 164 159.2 155.9 149.5 144.3 141.3 136.6 131 124.9 117.8 111.4 104.9 100.4 98.7 96.7 93 90.6 87.5 77.6 74.4 69.1 63.5 58.6 53.8 46.9 36.5 30.7 24.7 27.8 33.2 32.9 41.2 47.4 49.1 51.1 54.4 54.9 52.5 53 61 62.2 66.3 66.4 61.2 51.3 47.7 43.2 38.5 36.4 34.5 31.5 29.8 28.5 28.1 23.7 31.1 34.9 38.7 45.2 42.7 32.2 28.4 13.4 -2 -2 -2 -2 -2 -2 -2 -2
214.4 216.5 220.6 222.9 224.5 219.3 210.9 208 205.8 202.9 198.3 195.2 193.1 191.1 188.2 183.7 180.7 178.5 177.6 170.8 157.5 155.9 151.4 146.8 141.7 137.4 131.6 124.5 113.6 108.6 102.7 96.7 96.5 95.4 92.2 89.7 86.9 82.1 80.6 71.3 71.5 65.6 55.7 48.5 38.3 30.1 27.4 40.3 36.5 35.6 38.7 47.1 51.1 59.3 61.7 56.5 53.2 53.4 62.4 61.6 65.2 62 54.2 51.2 50.5 48 44.6 41.1 35.4 33.8 32.8 33.2 34.6 29.1 28.6 36.4 44.5 44.8 42.6 38.5 29.7 13.9 -2 -2 -2 -2 -2 -2 -2 -2
222 222.2 224.7 229.7 231.4 232 224 213 207 203.5 199.3 196.4 194.2 192.5 189 184.9 181.5 179.7 177.9 172.5 159.6 155 152.4 147.3 141.1 135.8 130.1 122.6 114.6 109.8 102.7 95.8 94.1 94 91.6 88.9 85.1 81 79.9 70.6 72 65.6 57.3 44.2 32.6 16.2 36.3 42.2 38.8 37.8 44.9 50.3 54.7 63.2 64.5 55.9 53.9 54.1 56.7 60.8 59.8 58.3 56.9 56 53.1 51.2 47 41.1 36.9 35.9 36 36.9 38.3 34.9 29.2 34.9 45 45.3 42.9 35.8 24.9 -2 -2 -2 -2 -2 -2 -2 -2 -2
232.2 233.6 231.2 232.6 233.2 231.5 229.6 226.7 211.7 203.9 201.3 198.3 195 192.8 190.4 184.9 181.6 179.4 176.8 171.7 162.2 154.8 152.2 148.7 141.5 134.9 128.2 120.9 113.4 109.2 102.9 95.5 92.7 94.1 91.5 88.5 84.1 80.1 75.1 69.9 64.7 65.4 48 37.3 17.6 35.5 43.1 46.8 44.9 44.7 52.3 54 56.7 65.4 64.5 59.1 55.1 55.1 56.9 63.7 61.4 59.9 60.1 56.2 53.4 52.3 48.2 41.8 39.5 37.2 38.3 39.7 42.2 38.5 33.5 33.3 34.6 38.4 37.8 26.7 16.2 -2 -2 -2 -2 -2 -2 -2 -2 -2
246.2 245.8 243.5 234.6 234.5 232.5 230 225 217.4 207.5 203.1 199.5 196.2 192.6 189.9 185.1 180.9 177.8 174.8 169.6 160.7 153.2 150.6 147.7 141.4 135.1 127.7 120.3 112.4 104.5 100.8 94.2 91.9 90.7 89.4 86.4 82.1 78.9 71.2 64.2 55.7 50.4 24.4 22.5 33.9 46.4 55.3 55.1 55 55.1 55.3 60.1 58.8 61.9 59.2 55.8 56.1 57.1 59 61.7 62.8 63.8 64.6 59.4 54.9 53.2 47.7 42.7 41.7 40.5 39.5 43.9 47.5 41.7 34.9 31.9 29.2 29.8 25.8 18.1 -2 -2 -2 -2 -2 -2 -2 -2 -2 -2
249.2 248.9 247.5 238.3 234.7 233.4 231 226.7 219.7 212.4 203.9 199.3 195.9 192.4 188.6 184 180.2 176.9 172.2 164.6 157.6 152 148.4 144.6 140 134.3 127.2 120 112.6 103.2 95.2 91.5 88.5 87.6 85.5 81.3 75.8 69.8 62.7 47.3 42.7 33.4 29.9 35.8 47 62.2 63.3 66.6 64.9 59 57.4 60.3 57 58.8 58.1 56.4 56 59.1 59.8 65.3 68.2 68.2 63.8 59.7 56.3 54.3 49.5 43.4 43.8 42.2 42.4 45.4 50.8 41.7 32 30.3 26 27.1 19.7 12.9 -2 -2 -2 -2 -2 -2 -2 -2 -2 -2
249.5 249.5 247.5 242.7 236.5 238 235.1 229.5 220 213.8 205.6 199.6 195.4 191.2 187.1 183.1 179.8 175 170 164.1 155.6 148.7 145.6 141.4 136.3 131.3 126.2 119 111.4 104.5 94.5 88.6 86.6 83.5 79.1 74.2 68.1 62.8 47.5 49.2 43.2 35.8 39.7 44.1 62.9 71.6 73.9 72.5 67.7 63.2 59.9 61.7 57.9 58.7 58.1 57.6 59.4 61.6 65.6 72.2 73.4 69.9 63.4 59.5 59.6 54.6 49.8 45.3 44.8 45.6 47.3 47.2 51.6 40.1 31 26 24 20.7 16.4 -2 -2 -2 -2 -2 -2 -2 -2 -2 -2 -2
249.2 249.4 248.9 245.3 241.5 239.5 235.1 230.1 222.4 211.6 206 199.2 193.9 189.5 186.7 183.3 178.8 173.8 168.7 163.5 153.6 145.1 139.7 134.5 132.3 127.8 123.7 117.1 109.5 101.9 96.4 88.4 83.7 81.7 72.3 68.3 60.7 52.5 55 49.3 28.8 38 48.6 52.1 63.6 70.2 75.5 73.5 68.9 65.4 64.9 64.5 60 62 61.5 62.6 65.9 70.1 67.9 68.7 65.7 63.4 63.2 64.2 62.2 58.2 50.5 49.7 46.2 45.7 47.8 48.8 53.4 39.9 31.3 20.9 13.6 16.8 -2 -2 -2 -2 -2 -2 -2 -2 -2 -2 -2 -2
248.5 248.2 248 246.9 245.3 241 235.9 230.6 222.6 211.4 206.8 197.9 192.5 189.1 186.1 181.2 176.6 171.7 166.7 161.4 153.6 141.7 135.5 132 128 124.8 120.2 113.4 105.7 102.3 95.5 84.3 80.3 82.6 72.9 59.1 53.8 56.6 54.2 47.5 33.7 48.9 56.5 64.1 69.6 68.7 74.5 77.6 72.6 68.4 67.2 65.2 60.7 64.6 64.6 68.3 73 72.5 68.4 66.2 64.1 64.6 66.9 65.4 62.3 58 51.9 49.4 45.6 45.9 48.2 48.3 50.9 37.7 31.7 16.9 10.6 -2 -2 -2 -2 -2 -2 -2 -2 -2 -2 2.6 2.5 6.6
248 248.1 247.7 246.6 245.5 242.2 239.2 231.9 222.9 212.9 206.6 198.5 190.7 187.5 183 179.6 174 169.4 164.7 159.7 152 139.9 133.1 129.8 125.9 121.9 116.3 109.2 103.5 101.3 93 83 75.4 72.7 62.5 64.9 61.6 55.5 49.3 40.5 47.1 61.5 65.9 72.4 72.5 68.7 73.4 77.1 73.9 73 69.7 64.4 62 59.7 65 68.9 75.1 74 68.1 66.3 64.3 66.1 69.1 70.5 65.8 58.5 52.5 50.1 45.4 44.5 45.5 45.6 45.6 37.7 29.7 14.8 6.3 -2 -2 -2 -2 -2 -2 -2 -2 -2 -2 3 2.9 7.4
247.3 248.3 247.5 245.3 242.8 241.2 237 230.9 223.7 214.8 207.4 199.2 190.9 184.1 181.3 176 171.5 167.9 163.8 158.7 148.7 137.6 130.3 126.5 121.4 118.7 112.3 105.4 99.8 96.5 90.2 79.8 77.8 73.4 71.7 67.9 62.3 55.8 50.1 33.1 55.3 67.7 70.4 74.2 74.2 71.2 72.8 77.3 75.2 74.2 69 63.6 62.5 60.1 60.7 67.9 67.7 70.9 68.4 67.6 67.2 67.3 69.2 70.9 67.5 58.3 53.2 49.4 44.1 45 42.8 40.4 40.6 33.9 22.4 12.6 -2 -2 -2 -2 -2 -2 -2 -2 -2 -2 6.6 10.2 8.3 8.5
247.4 247.5 246.6 244.2 241.5 240.2 236.7 227.2 222.8 214.7 207.5 198.4 191.3 183.1 177.4 173.4 168.8 165.9 161.6 157.3 147.1 133.7 127.5 124.8 118.1 112.4 109.5 103.3 97 92.2 86.8 82.2 79.4 74.5 70.8 66.8 62.3 57.3 52.5 50.7 64.1 70.6 72.1 74.3 74 72.8 71 71 72.9 71.5 66.5 63.9 62.5 61.3 59.7 62.2 64.3 69.6 72.2 70.5 68.3 68.5 68.3 70.4 66.5 58.1 53.4 48.9 41.9 42.4 40.9 38 35.3 26.7 13.2 -2 -2 -2 -2 -2 -2 -2 -2 -2 -2 -2 7.6 11.9 10.6 9.5
246.8 247.3 246.4 246.1 241.8 239.7 236.7 224.5 219.9 213.5 206.5 198.4 192.6 180.7 175 171.2 167.5 163.9 159.5 152.1 139.8 132.4 126.4 121.7 116.8 111.8 107.9 101.4 95.1 90.9 85.7 81.5 76.9 71.5 68.7 66.2 62.3 61.3 51 63.6 69.5 72.6 72.7 73.2 73.6 74.7 69 69.7 72.4 70.9 66.6 63.9 62.1 60.9 59.5 61.3 62.5 72.2 78.5 75.8 72.2 68.7 67.4 67 67.1 59.4 53.2 47.3 42.9 38.5 35.5 29.5 26.8 19.8 2.4 -2 -2 -2 -2 -2 -2 -2 -2 -2 -2 -2 8.1 11.6 12.8 11.7
246.9 246.5 246.6 248.1 241.8 238.6 233.1 220.9 214.8 210.1 205.1 198 191.9 177.3 171.5 169 165.3 161.6 157.5 148.8 137.8 129.3 125.4 119.6 112.6 106.2 103.3 100.1 94.1 89.9 84.9 80.7 75.6 69.4 67.4 66.7 62.2 44.4 63.8 68.3 69.6 72.4 72.7 73 75.9 75.9 67.5 68.2 69.1 66.9 65.3 63 61.7 60.5 59.8 60.9 62.2 73.9 77.1 76.8 72.6 69.3 66.3 63.7 64.5 57.4 46.2 42.6 39.1 36.4 33.9 31.3 21.9 15.1 -2 -2 -2 -2 -2 -2 -2 -2 -2 -2 -2 -2 8.2 11.1 13 13.1
245.2 243.8 244 244.3 240.1 235.9 230.6 221 211.1 206.6 202.2 197 188.4 175.1 168.3 166.5 162.8 159.2 153.9 142.7 135.2 127.8 124.4 117.3 106.6 101.6 101.5 98.2 92.6 88 84.3 77.7 73.8 69.9 67.6 65.4 55.2 63 68.6 70.1 72.3 72.6 72.9 73.3 73.4 72.2 65.9 67 67.2 68.3 65.5 63.1 61.9 60.5 60.4 62.1 64.8 77 74.4 77.7 73 66.4 66.3 57.8 57.1 50.2 44.7 40.8 38.2 37.1 30.9 26 14.1 -2 -2 -2 -2 -2 -2 -2 -2 -2 -2 -2 -2 2.8 6.8 10.9 13.3 13.6
244.1 240.7 240.8 239.2 233.1 231.3 228.7 222.8 209.7 203.7 200.3 194.3 182.3 171.8 166.3 164.2 161 157.1 150.9 143.4 132.5 125.2 120.7 114.5 107 104.4 102.1 99 94.4 88.8 83.1 77.9 73.8 69.3 66.5 56.1 65.8 66.8 69.7 73.1 74.5 74.2 73.1 73.5 72 68.7 65.1 65.3 66.2 69 63.7 62.2 61.3 61.1 60.3 61.8 64.3 70.8 71.1 68.6 63 61.3 59.6 54.3 51.1 47.5 41.3 39.4 36.9 33.4 29.5 22.8 16.7 -2 -2 -2 -2 -2 -2 -2 -2 -2 -2 -2 -2 9.5 10.7 18.6 14.2 14.7
244.1 239.4 236.1 233.5 230.7 226.9 225.8 219 207.6 201.9 196.4 185.7 178.1 168.5 162.7 158.9 159.1 153.7 146.6 140 131.5 124.8 119.2 112.1 108.5 105.6 103.5 97.8 93 86.7 79.6 76.5 72.9 67.7 56.3 66.8 68.3 68.9 70.9 75.2 75.5 75.4 74.1 71.6 69.9 66.2 64.6 63.7 64.5 63.9 61.7 62.1 61.8 61.3 60.8 62.1 63.2 69 69.3 66.4 63.4 62.5 60.2 53.3 48.2 43.9 41.2 37.3 33.5 31.6 26.3 19.2 -2 -2 -2 -2 -2 -2 -2 -2 -2 -2 -2 -2 -2 15.3 14.5 20.4 14.3 15
243.7 237 232.9 230.1 225.1 221.6 222.1 222.8 206.7 199.2 189 183.9 177.4 168.2 163.9 157.3 154.9 151.3 146 137.3 131 124.5 117.1 111.4 108.3 105.6 103.7 97.7 92.7 86.1 79.4 74.8 72.5 66.6 64.2 69 71.5 71.1 73.1 74.9 76 75.5 74.3 73.6 70.4 69.4 66.7 65.2 64 62.5 63.6 63.6 63.8 63.6 62.3 62.7 63 68.6 68.9 67.5 64.1 61.2 56.5 50.6 47.3 42.2 39 38 32.5 25.1 19.3 8 -2 -2 -2 -2 -2 -2 -2 -2 -2 -2 -2 -2 1.6 17.9 17.8 18.5 15.1 16
243.3 236.8 231.5 228.1 223.3 219.3 218.1 219.1 203.9 197.7 188 180.6 174.6 165.5 161.8 155.6 144.9 149.5 143.6 135 131.7 123.7 115.7 112.5 108 105.5 101.9 99.3 93.2 85.6 79.4 75.6 73.5 68.8 71.1 73.5 75.1 74.2 73.8 76.7 76.8 76.8 75.4 77.5 73 71.9 67.8 65.7 65.7 63.3 65.4 64.9 65.1 65.4 62.2 62.7 62.7 66.6 67.5 67.4 64.5 60.2 55 50.6 46.4 42.7 39.6 38.1 33.4 20.2 16.2 -2 -2 -2 -2 -2 -2 -2 -2 -2 -2 -2 -2 -2 3 15.5 18.9 19.8 18 15.4
243 236 230 224.8 219.8 213.7 208.8 207 200.4 191.7 184.1 176.3 168.9 161.2 156.1 151.3 145.9 143.7 136.7 133 128.3 120.8 109.5 106.3 106.1 101.4 96.9 91.8 85.6 87.2 81.8 72.7 68.6 73.2 78.7 80.8 80.1 79.1 79.6 81.4 79.4 77.6 78.9 78.6 72.8 70.9 69.3 67.1 66.3 64.8 66.2 66.6 66.3 64.9 63.5 64.1 62.2 64.1 65.9 66.1 64.5 60.8 55.3 49.8 48 40.6 39.4 36.2 27.4 13.4 1.6 -2 -2 -2 -2 -2 -2 -2 -2 -2 -2 -2 -2 -2 7.8 13.8 19.9 20.3 21.3 16.2
244.7 237.8 229 224 216.1 210.7 207.6 198.8 192.3 186.6 178.8 172.1 161 153.9 149.9 146.2 141.6 133.8 134.3 129.4 123.4 110.5 109.6 106.4 102.1 99.2 97.6 92.8 91 87.5 83.5 76.1 72.1 82.7 84.7 91.2 87.5 84.8 85.2 86.8 84.9 80.3 79.7 77.8 73.6 72.7 70.9 68.6 66.7 66.8 67.3 67.7 67.4 66 64.3 66.2 61.6 59.4 65.1 65.3 64.6 60.6 54.2 50 48.3 41.4 37.1 33.3 21.1 5.4 -2 -2 -2 -2 -2 -2 -2 -2 -2 -2 -2 -2 -2 -2 9 13.6 19 19.8 21.4 17.5
245.4 239.5 228.5 222.2 214.2 211.1 204.8 194 183.3 173.2 166.8 165 159.2 152.4 148.3 143.8 139.7 135.6 132.4 125.5 110.7 114.6 111.7 107.9 105.2 102 99 95.2 92 89.8 81.1 75.8 84.2 87.9 97.4 101.6 96.4 89.8 88.9 89.7 87.7 82.2 81.1 82.2 78.8 76.6 77 73.3 68.5 68.2 69.4 69.9 67.7 66 64.8 65.4 62.5 58.7 62.6 64.8 63.3 60 55.7 49.9 45.2 41.2 37.4 30 10.3 2.8 -2 -2 -2 -2 -2 -2 -2 -2 -2 -2 -2 -2 -2 -2 9.7 14.2 18.5 18.8 19.2 18.5
248.1 239.4 232.1 227.9 218.8 208.7 202.1 193 187.8 184.2 177.1 166.3 158.7 150.6 147.1 142.9 139.3 133.4 123.3 114.4 117.6 115 111.1 107.7 103.6 101.9 99.7 97.5 90.4 84.8 78.2 83.2 86.5 94.9 103.4 107.9 103.2 101 101.3 97.7 93.9 86.1 82.9 86 85.5 83.1 79.8 75.2 70.7 69.1 70.9 73.2 68.5 66.5 64.8 63.6 61.4 58.8 56.9 63.2 61.7 61.5 56.9 50.2 44.1 37.9 33.4 14.8 8.5 1.8 -2 -2 -2 -2 -2 -2 -2 -2 -2 -2 -2 -2 -2 -2 8 14.4 16.6 17.9 17.8 18.8
248.5 245.3 240.4 233.5 224.8 215.9 208.6 202.7 194.1 188.8 176.3 165.8 158.7 152 147.5 142 136.4 129.8 121.7 120.2 118 115.6 110.5 106.1 102.5 101.3 100.9 100.8 91 83.1 86.2 90.1 96.4 103.4 107.8 113.1 114.5 109.9 113.1 106.4 99.8 97.7 91.7 97.9 92.6 88.4 82.7 76.9 72.4 71.3 72.7 76.7 68.6 66.5 64.9 64.1 60.4 58.2 56.8 60.9 61.1 59.8 56.9 49.2 42 36.3 21.9 15 6.7 1 -2 -2 -2 -2 -2 -2 -2 -2 -2 -2 -2 -2 -2 -2 4.2 14.4 15.2 15.2 15.6 18.4
256 250.4 245.7 238.1 229.4 217.9 209.9 206.2 196.1 188.3 176.9 167.8 159.2 152.1 148.1 142 135.5 124.7 123.5 123.9 119.1 115.9 109.8 105.6 101.6 101.1 102.1 93.2 85.1 92.5 90.3 93.6 99.9 105.9 112.6 120.6 118.1 119.2 119.6 116.9 111.2 111.9 105.7 102.2 93.8 89.2 83.1 76.8 74 72.6 72.7 74.2 68.7 66.9 65.4 61.4 59.9 58.3 56.5 57.2 58.5 56.8 52.3 48.3 41.1 27.4 16.6 10.4 2.3 0.6 -1.1 -2 -2 -2 -2 -2 -2 -2 -2 -2 -2 -2 -2 -2 2.3 19.4 13.6 13.9 14.3 17.7
262.9 260.3 249.6 242.3 232.2 221.5 214.7 207.8 198.8 188 174.3 166.4 160.7 151.8 146 140.1 132.8 127.3 126.8 124.8 120.9 116.5 110.6 105.9 102.4 100.3 95.9 90.9 97.7 98 93 96 102.4 107.9 123.3 123.5 120.9 124.5 132.8 127.3 133.3 126.8 113.6 107.4 96 89.5 84.6 78.1 74.7 72.8 72.5 70.5 67.3 65.7 63.7 63.6 58.2 58.4 55.9 55.1 57.5 52.9 50.5 46.6 34.4 24.2 16.1 8.9 1.7 0.1 -1.6 -2 -2 -2 -2 -2 -2 -2 -2 -2 -2 -2 -2 -2 1.9 12.6 12.3 12.7 14.3 17.5
266.5 263.4 255.8 244.4 236.3 225.5 214.5 206.2 193 183.3 172.8 165 160.3 153.8 146.8 138.3 130.8 130.5 128.1 125.2 120.8 117.1 114.1 111.6 104.9 100.5 87.8 99.8 100.2 100.7 95 98 107.6 114.5 128.3 126 124 126 136.4 134.5 139.5 132.2 120.2 107.9 97.6 91.9 84.8 79.6 74.4 73.1 70.7 68.9 67.4 65.5 63.3 61.6 57.2 57 53.5 53.5 54.8 51.1 46.9 35.2 28.7 17.6 11.8 4.2 0.5 -2 -2 -2 -2 -2 -2 -2 -2 -2 -2 -2 -2 -2 -2 -2 2 9 11.1 11.9 13.7 18.9
267.6 265.1 261.4 246.7 238.7 229.7 218.7 204.3 193.4 183.6 175.2 168.8 165.1 154.5 147.7 138.6 133.5 133.1 129.3 126.3 122 117.4 114.2 111.3 103.5 95 102.9 102.3 101.4 99.6 97.7 103.2 110.4 120.7 130.2 127.8 127.3 128.5 138.8 139.6 143.3 127.3 116.7 106.9 102 94.5 87.6 80.5 75.6 73.3 70.8 69.3 67.7 64.6 62.3 59.2 55.8 55 52.6 48.8 49.3 42.5 32.6 30.6 24.2 15.8 10.4 2.5 0 -2 -1.5 -1.6 -1.6 -2 -2 -2 -2 -2 -2 -2 -2 -2 -2 -2 1.9 5.8 9.5 10.6 15 22.2
267.9 265.1 261.2 248.2 238.9 230 218.2 205.8 193.5 185.1 177.3 171.1 167.1 156.1 148.9 138.5 136.2 134.5 131.9 128 123.5 118.3 113.4 108.6 98.8 105.2 104.8 104.9 102.6 101.1 100.7 107.3 113.5 122.6 131.3 129.2 128.4 128.8 133.3 146.7 142 123.1 126.2 113.5 105.3 98.8 89 83 76.6 72.4 70.1 68.9 66.8 65 62.5 59.2 53.2 52.5 51 48.5 43.9 32.9 28.7 28.1 20.4 14.1 9.3 2 -0.3 -0.9 -0.6 -0.6 -0.6 -0.7 -2 -2 -2 -2 -2 -2 -2 -2 -2 -2 -2 4.1 7.1 10.4 16.9 29.2
266.2 263.3 259.8 247.7 238.8 231 220.6 205.7 196.5 182.8 177.7 172.4 166.6 157 147.5 140.3 138.6 135.3 131 128.9 123.3 117.8 113.4 103.9 109.2 110.2 106.9 106.5 105.5 102.2 104 112.7 115.7 122.9 133 129.1 127.8 128.2 129.5 140 143.8 137.4 131.7 119 107.5 100.3 93.6 84.7 78 76 70 68.2 67.1 65.6 64.6 61.5 53.4 51.4 50.3 44.9 32.5 30.2 28.3 25.3 17 12.7 8.4 1.7 0.5 -0.1 0.1 0.4 0.4 0.2 -0.5 -2 -2 -2 -2 -2 -2 -2 -2 -2 -2 1.4 6.9 11.4 17.5 26.8
265.4 261 254.6 245.8 237.6 231.2 220.7 208.5 197.5 188.1 178.1 172.8 165.8 155.8 145.6 141.7 138 134.2 130.4 128.4 123.2 118.1 107.4 115.5 113 111.8 113.1 109.4 107.7 105.5 107.1 115 117.1 122.1 133.2 129.1 127.5 127.3 128.4 140.7 145.2 140.9 133.5 121.9 108 102.5 98.2 85.3 80.4 74.8 71.2 67.6 66.5 65.1 65.4 64.9 46.8 48.2 42.3 35.1 31.5 30 26.7 21.1 15.9 11.4 4.7 2.3 1.3 0.8 0.9 1.3 1.3 1.4 0.6 -2 -2 -2 -2 -2 -2 -2 -2 -2 -2 -2 2.7 10.5 17.6 26.9
261.4 258.9 251.1 243.7 234.4 231 218.9 206.4 197.4 189.1 176.5 172.4 162.5 156.1 145.5 142.4 137.6 132.4 129.3 126.6 123.6 120.4 120 122 120.8 119.8 117.7 114.4 109.8 107.3 108.7 115 118 120 123.2 128.8 126.5 125.7 127.5 135.3 145.8 141.4 130.3 125.5 111.3 101.3 96.2 86.6 80.5 75.1 71.1 65.6 65.1 64 63.9 62.1 49.3 40.7 36.1 32.9 30.7 28.1 23.2 17.3 15.3 10.2 2.6 2.6 2.1 1.6 1.7 2 2.3 2.5 2.8 1.8 -2 -2 -2 -2 -2 -2 -2 -2 -2 -2 1 11.7 18.6 28.5
257.7 252.6 250.4 240.7 230.1 221.8 214.6 206.2 196.3 189 177.4 168.4 160 152.3 146.9 144.2 138.8 134.2 130.4 126.2 117.3 122.3 125.1 127.2 125.6 123.6 120.4 117.1 112.4 110.1 110 112.1 116.7 118.1 120.4 128.2 125.2 124 125 126.1 142.5 136.9 129.3 124.3 116.1 101.2 93.4 86.8 81 74.6 68.4 63.9 62.8 63.1 62.2 53.3 42 41.2 32.5 30 27.6 24 19.1 16.9 13.8 -2 1.1 4.1 2.6 2.5 2.6 2.6 6.9 7.6 6.7 4.8 1.6 1.7 -2 -2 -2 -2 -2 -2 -2 -2 0.4 14.9 20.2 30.5
251.6 246.5 243.1 237.5 227.7 216.6 211.7 203.7 192.8 186.5 174.5 161.6 157.1 150.4 144.8 142.3 138.6 132.4 130.2 119.8 127.4 125.8 127.2 128.6 127.2 125.1 122.3 119.2 115.9 110.7 109.7 111 113.8 116.7 119.1 125.7 123.8 121.2 122.5 122.8 131.4 137.7 133.9 126 116.5 101 93.8 84.8 78.6 74.7 68.2 63.7 59.1 55.4 52.4 43.1 37.2 34 31.6 28.6 25.1 20.6 17.9 14.8 2.9 -2 8.8 7.9 7.5 5.9 4.8 5.7 6.9 8 7.3 5.3 3.7 4.4 4.3 -2 -2 -2 -2 -2 -2 -2 0.6 11.6 22.6 30.3
244.8 238.5 236.1 233.4 226.7 215.8 207.6 199.7 192.4 183.3 170.5 159.2 153.2 149.5 145.6 141.4 138.4 134.1 129.1 129.5 129.3 128.2 128.9 127.4 126 124.2 121.5 118.3 115.1 110.5 109.1 110.5 112.7 114.9 117.8 124.8 122.1 120.2 119.8 121.3 120.9 135.1 132 125.9 119.1 98.3 90.6 84.8 78.6 73.8 67.8 63.5 60.2 51 46.9 41.5 34.4 32.6 30 27.8 23.3 19 16.2 12.1 14.1 13.4 11.2 9.6 8.8 8.4 6.5 6.6 7.9 9 8.2 7.3 5.1 5.1 4.2 -2 -2 -2 -2 -2 -2 -2 1.9 16.7 25.4 29.9
236 230.6 230.1 227.2 223.4 212.8 205.2 196.6 190.7 179.8 167.4 159.5 153.2 148.9 145.5 141.6 138.1 135 131.7 130.7 131 129.8 128.8 127.1 125.1 122.2 119.6 113.8 109.6 108.4 107.6 108.4 109.9 112.7 114.8 125.7 121.2 119.2 116.3 118.6 117.7 120.9 121.5 118.7 105.7 91.8 86.7 81.1 75.5 69.6 64.9 60.7 56.1 43.7 37 35.7 33.2 32 29.1 26.8 22.7 19.1 16.6 17.9 17.6 17 13.5 12.7 11 9.3 8.1 7.4 8.6 9.4 9.2 8.3 6.8 6.4 3.8 2.4 -2 -2 -2 -2 -2 -2 1.3 18.2 27.1 30.1
