public/OST50/NG36.asc
ncols 200
nrows 200
xllcorner 130000
yllcorner 860000
cellsize 50
[rows 0 to 44 of 200, columns 96 to 191 of 200]
-2 -2 -2 -2 -2 -2 -2 -2 -2 -2 -2 -2 -2 -2 -2 -2 -2 -2 -2 -2 -2 -2 5.3 17.3 19.7 18 21 29.2 29.7 32.3 34.4 38.2 40.1 37.4 38.4 38.6 40.8 43.1 46.2 48.2 49.3 50.4 50.5 51.6 44.2 33.2 27.8 25.8 25.3 23.4 24.8 24 20.8 20.3 20.4 19.5 20.2 19.5 12 20.1 20.8 19.2 19.1 19.1 19 20 23.4 26.5 27.3 30.3 33.2 34.6 37.1 40.1 40.7 41.7 45.1 50.4 55.6 58.7 61.2 63.1 62.2 61.6 60.8 61.2 68.6 74.9 79.7 86.6 88.5 90.9 95.8 96.6 100.1 104.6
-2 -2 -2 -2 -2 -2 -2 -2 -2 -2 -2 -2 -2 -2 -2 -2 -2 -2 -2 -2 -2 -2 -2 11.2 17.7 18.7 17.5 22.5 26.2 29.5 31.9 34.6 35.3 32.9 33.1 34.6 39.3 41.5 44.5 44.8 46.8 47.9 46.6 47.9 43.1 33.2 26.9 26.8 29.7 25 21 20.1 17.9 18.2 18 17.5 19.2 20.1 16.3 20.4 19.6 18.8 18.6 18.9 19.1 20.1 25.5 29.6 31.1 32.8 33.5 32.2 35 37.3 38.1 39.7 43.4 48.5 54.1 58.5 61.4 63.6 63.4 63.4 61.6 61.8 66.9 70.2 75.1 81 85.4 91 95.8 97.7 97.8 108.3
-2 -2 -2 -2 -2 -2 -2 -2 -2 -2 -2 -2 -2 -2 -2 -2 -2 -2 -2 -2 -2 -2 -2 6.2 12.1 17.6 16.4 19.1 22 26.4 29.1 30.8 31.9 29.9 29.1 30.7 36.2 40 41.4 41.7 43.3 44.1 42.8 40 38.5 30 26.1 27.5 29.2 24.6 19.7 17.5 16.3 16.1 15.8 15.5 16.8 16.8 18.1 19.5 18.6 18.5 18 18.2 18.5 20.3 26.4 30.3 31.4 33.3 33.3 30.7 32 33.9 36 39 42.2 46.7 52.4 57.5 61 62.5 63.7 64.6 61.8 62.7 65.6 68.4 71.4 76.8 82.7 90 93.8 97.6 100.5 107
-2 -2 -2 -2 -2 -2 -2 -2 -2 -2 -2 -2 -2 -2 -2 -2 -2 -2 -2 -2 -2 -2 -2 5 10.2 14 17.3 19.3 19.1 22.7 25.6 28.4 29.8 29.5 29.5 29.2 32.2 35.8 39.9 41 40.5 41.2 40.6 39.3 34.6 29.9 25.2 25.5 25 22 19.3 16.4 16.3 16.1 15.7 15.3 14.7 14.4 16.3 17.6 17.7 17.4 17.5 17.6 18.1 20 24 28 29 31 30.9 30 30.3 32.5 35.3 38.3 43.3 48.9 54.3 58.2 61.7 63.9 64.6 65.3 64 63.5 65.8 67.5 70.7 74.8 79.9 87.9 90.5 94 99.3 105.1
-2 -2 -2 -2 -2 -2 -2 -2 -2 -2 -2 -2 -2 -2 -2 -2 -2 -2 -2 -2 -2 -2 -2 -2 7.7 12.7 18.5 20.1 19.1 19.1 22.2 25 27.1 27.6 28.1 28.3 29.9 33.1 37.2 40.4 39.2 41 41 37.8 32.1 27 23 22.2 21.1 20.5 17.5 16.5 16.3 16.1 15.7 15.1 14.5 13.9 15.3 16.1 16.6 16.8 18.2 18.7 19.4 21.7 25.6 27 27.6 27.8 29.7 29.3 29.7 31.7 34.4 39.4 44.5 48.5 53.9 58.9 62.4 64.8 65.2 65.4 65 64.8 67.3 68.6 70.1 73.5 77.7 84.4 88.7 91.3 94.9 101.1
-2 -2 -2 -2 -2 -2 -2 -2 -2 -2 -2 -2 -2 -2 -2 -2 -2 -2 -2 -2 -2 -2 -2 -2 5.8 8.9 19.7 21.2 19.6 19.2 20.4 23.3 24.3 24.6 25.1 26.6 28.2 29.9 35.2 37.7 38.1 40.7 40.9 36.8 30.5 25.5 20.9 20.9 19.7 21 18.5 16.6 16.3 16.1 15.5 14.9 14.2 14.5 15.5 16.5 16.6 17.4 20.4 20.8 22.3 25.3 29.2 31.1 32.8 32.1 30.6 29.3 30 31.6 33.9 37.5 42 47.5 52.6 57.3 61.4 65 68 67.2 68.2 67.2 68.8 69.5 69.4 72.4 75.2 80.6 87 88.7 91.1 95
-2 -2 -2 -2 -2 -2 -2 -2 -2 -2 -2 -2 -2 -2 -2 -2 -2 -2 -2 -2 -2 -2 -2 -2 5.2 8.4 17 20.4 20.9 19.6 20.4 20.9 21.6 21.8 22.8 24.3 26.4 28.6 30.7 33.3 37.1 39.5 40.4 36.7 30.6 23.7 19.7 17.1 17.6 19.3 20.9 17.6 16.4 16 15.4 14.9 14.5 14.7 15.7 16.7 17.4 18.9 20.5 24.5 28.2 31 30.6 33.9 36.5 34.1 31.6 30.2 30.5 31.6 33.5 36.8 40.1 45.1 51.6 56.1 60.7 64.8 68.5 69.3 70.9 71.5 71.2 70.7 70.4 73 74.4 76.8 82.8 88.4 91.1 94.6
-2 -2 -2 -2 -2 -2 -2 -2 -2 -2 -2 -2 -2 -2 -2 -2 -2 -2 -2 -2 -2 -2 -2 -2 3.7 7.5 11.9 20.1 20.5 20.6 19.4 20.9 19.7 19.4 20.8 22.3 24 26.9 29.3 31.7 35.7 38.4 37.9 35.9 29.9 24.6 19.1 16 15.5 17.3 18.9 19.1 19.5 16.8 15.6 15.2 15.4 15.2 15.7 16.6 17.9 19.5 20.6 25.6 29.4 30.9 32 35.3 37.3 34.8 32.3 30.8 31 31.9 33.3 36.4 39.4 44.1 50.5 55.2 60.2 63.9 68.5 70.8 70 73.4 72.9 72.5 72.8 72.5 74.1 74.8 78.8 83.7 89.8 95.4
-2 -2 -2 -2 -2 -2 -2 -2 -2 -2 -2 -2 -2 -2 -2 -2 -2 -2 -2 -2 -2 -2 -2 -2 3.1 6.6 10.1 16.9 20.8 21 20.2 20.8 20.1 19.1 19.4 20.3 21.7 25.7 29.6 31.8 34.7 37.6 38.6 38.2 31.7 25 20.2 17.2 15.2 15 16.6 18.1 18.5 15.4 15.1 15.4 17.5 18.5 19.3 19.3 18.8 18.6 19.5 23.8 27.4 29.8 31.9 34.7 37.5 35.7 32.4 31.4 31.4 32.3 33.4 36.7 40 44.7 49.4 54.2 58.5 63.4 68.9 72.7 70.5 74.1 75.1 74.6 75.4 74.4 73.3 73.8 76.8 78.3 86.4 94.3
-2 -2 -2 -2 -2 -2 -2 -2 -2 -2 -2 -2 -2 -2 -2 -2 -2 -2 -2 -2 -2 -2 -2 -2 -2 5.4 9.2 14.7 20.3 20.9 21 19.2 16.8 17.1 18.2 19.1 21.4 25.5 28.3 30.2 33.3 37.1 38 39 34.1 27.1 22.2 18.7 14.9 14.5 13.9 14.9 15.1 13.9 13.8 16.5 16 16.7 17.4 18.6 19.9 19.4 20.7 21.4 24.6 27.2 29.6 33.1 36.4 33.8 32.3 30.3 30.7 32.1 34.3 37.5 40.8 44.1 48.7 53.5 58.3 65.1 71.3 73.3 71.9 74.5 77.4 77.4 75.8 74 74 73.9 75.5 77.4 82.1 92.8
-2 -2 -2 -2 -2 -2 -2 -2 -2 -2 -2 -2 -2 -2 -2 -2 -2 -2 -2 -2 -2 -2 -2 -2 -2 4.5 8.5 14.2 20.3 20.4 20.6 16.5 14.7 15.2 16.9 18.9 21.2 24.1 26.8 29.7 32.5 37.2 37.8 38.7 34.1 28.9 24.6 20.2 16.1 14.4 14 13.7 13.5 13.3 13.7 14.2 14.5 15.3 15.8 16.8 18.2 19.8 21 20.9 21.7 22.8 27.5 30.5 33.6 31.5 29.7 30.3 31 32.8 35.3 38.4 41.6 44.9 48.3 53.4 59.7 67.1 73.8 74.2 73.6 74.1 76.6 75.5 74.1 74 74.3 74.5 75 77.6 80.4 92.3
-2 -2 -2 -2 -2 -2 -2 -2 -2 -2 -2 -2 -2 -2 -2 -2 -2 -2 -2 -2 -2 -2 -2 -2 -2 3.6 7.5 13.2 19.7 20.5 19.5 13.4 13.9 14.6 16.9 19 20.6 23 26 29.3 33 36.5 37.9 38.3 34 29.3 25.9 22 17.5 14.6 14.1 13.9 13.3 12.9 13.4 13.7 13.8 13.8 15.1 16.5 17.5 18.2 19.1 19 17.8 20.4 25.2 30.5 31.5 29.4 28.6 30.8 31.7 33.7 36.2 39.2 42.3 45.2 47.7 53.2 61.7 69.3 75.6 75.3 74.2 73.3 74.6 74.3 74.3 74.5 74.9 75.1 75.7 78.4 82.6 92.5
-2 -2 -2 -2 -2 -2 -2 -2 -2 -2 -2 -2 -2 -2 -2 -2 -2 -2 -2 -2 -2 -2 -2 -2 -2 -2 5.2 11.3 19 20.9 15.9 13.3 13.6 14.7 16.8 19.1 21 22.6 24.8 28.1 30.2 34.1 37.5 38.3 35.5 32.5 28.9 24.4 19.2 14.7 14.2 13.8 13.1 12.5 13 13 13 13.1 13.1 14.5 15.5 15.8 16 16.6 16.7 18 22.8 28.6 29.5 26.1 27.1 30.1 32.5 34.8 37.5 39.2 41.6 44.6 48.9 55 64.3 73 77.9 77.8 74.3 73.1 73.6 74.1 74.6 75 75.3 75.7 76.1 78.9 83.6 92.2
-2 -2 -2 -2 -2 -2 -2 -2 -2 -2 -2 -2 -2 -2 -2 -2 -2 -2 -2 -2 -2 -2 -2 -2 -2 -2 3.1 9.8 19.8 20.9 13.3 13.1 13.5 15.1 17.1 19.2 20.7 22.2 23.8 26.8 29.8 34.2 36.8 38 37.9 35.5 35.8 25.9 21.2 15 14.6 13.5 12.9 12.1 12.3 12.3 12.3 12.4 12.4 12.5 13 13.6 14.2 15.1 16 17 20.5 26.5 26.3 25.2 26.7 29.3 32.5 35.7 38.8 40.9 41.4 46.3 51.3 57.1 66.4 75.3 79 77.9 74.4 73.7 73.7 73.7 73.8 74.5 75.1 75.8 77.5 79.9 85.5 93
-2 -2 -2 -2 -2 -2 -2 -2 -2 -2 -2 -2 -2 -2 -2 -2 -2 -2 -2 -2 -2 -2 -2 -2 -2 -2 -2 5.6 12.2 18.8 13.4 12.4 13.8 15.8 17.7 19.5 21 22.2 23.4 25.5 28.8 32.6 35.9 37.5 39.2 39.6 37.5 28.1 21.4 15.9 14.6 12.9 12.1 12 12.3 12.4 12.5 12.6 12.7 12.5 12.3 12.6 13.5 14.5 15.4 16.3 18.7 21.7 24.7 23.7 26.3 29.2 32.2 35.3 38.9 40.5 42.6 44.6 50.2 59.1 68.9 75.9 81 76.9 74.8 74.9 74.9 74.9 75.3 76.4 78.2 80.1 79.1 79.7 84.6 92.1
-2 -2 -2 -2 -2 -2 -2 -2 -2 -2 -2 -2 -2 -2 -2 -2 -2 -2 -2 -2 -2 -2 -2 -2 -2 -2 -2 -2 7.5 10.1 9.5 11.7 13.8 15.8 17.7 19.3 20.4 22.6 23.6 24.7 26.9 29.2 32.7 36 39.4 41.4 38.1 32.4 22.8 16.4 14.2 13.4 12.6 12.2 12.3 12.6 12.7 12.8 12.8 12.6 12.3 12.1 12.9 13.8 14.7 15.6 16.7 19.8 22.4 23.4 25.1 28.3 31.6 34.9 38.8 40.7 43.8 47 49.7 58.6 70.8 77.3 81.6 80.8 76.5 77.5 77.3 76.6 77.8 79.4 81.2 80.9 79.6 79.2 83.6 92.2
-2 -2 -2 -2 -2 -2 -2 -2 -2 -2 -2 -2 -2 -2 -2 -2 -2 -2 -2 -2 -2 -2 -2 -2 -2 -2 -2 -2 2.9 7.6 9 10.5 13.8 15.8 17.1 18.3 20.8 23 23.9 24.7 27.7 28.8 30.7 33.4 39.1 42.1 39.3 32.9 24.4 17.2 14.1 13 12.2 12.6 12.8 12.7 12.9 13 12.8 12.6 12.4 12.5 12.6 13.2 14.1 15 16.1 19.5 20.2 21.2 23.7 27.2 30.7 35.4 40.3 41.8 44.7 48.4 50.6 58.7 70.7 77.4 82.5 84.9 81.3 81.3 79.6 78.5 80.2 81.5 84.3 83.2 80.4 79.3 83.5 92.4
-2 -2 -2 -2 -2 -2 -2 -2 -2 -2 -2 -2 -2 -2 -2 -2 -2 -2 -2 -2 -2 -2 -2 -2 -2 -2 -2 -2 -2 6.2 7.6 8.6 12.4 15.5 17.1 17.7 20.2 22.4 24.2 25.5 27.1 27.8 28.9 32 36.8 40.8 39.6 32.8 25.1 17.6 14.3 13 12.8 13.1 13.4 13.3 13.2 13.1 12.9 12.7 12.7 12.8 13 13.1 13.6 14.5 15.8 18.2 20.6 19.3 21.7 25.5 29.8 35.8 38.9 42.1 44.8 48.5 52.5 58.3 70.1 77.7 81.6 84.1 86.6 83.2 82.8 81.1 82.9 83.6 82.2 80.2 80.1 80.3 83.2 90.5
-2 -2 -2 -2 -2 -2 -2 -2 -2 -2 -2 -2 -2 -2 -2 -2 -2 -2 -2 -2 -2 -2 -2 -2 -2 -2 -2 -2 -2 4.3 5.9 8 10.2 13.4 16.1 16.2 19.6 21.7 23.6 25.2 26 26.7 28.4 29.9 33.7 39 40.5 33.9 25.6 17.8 14.7 13.2 13.3 13.6 13.7 13.6 13.4 13.3 13.1 13 13 13 13.1 13.1 13.4 14 15.1 16.2 17.6 17.9 19 23.5 28.5 33.8 40.5 42.1 44.7 48.5 54 59 71.4 79.4 84 86.5 87.1 86.8 84.8 83.4 82.9 81.8 80.7 80.7 80.7 81.5 85 88.7
-2 -2 -2 -2 -2 -2 -2 -2 -2 -2 -2 -2 -2 -2 -2 -2 -2 -2 -2 -2 -2 -2 -2 -2 -2 -2 -2 -2 -2 2.9 2.6 4.9 7.9 11 13.2 15 18 20.7 22.2 23.8 24.9 26.7 28.4 30.3 33.4 36.6 39.9 37.6 26.3 17.9 14.6 13.6 13.7 13.9 13.9 13.7 13.6 13.4 13.3 13.3 13.3 13.4 13.4 13.4 13.4 13.5 14.4 15.2 15.8 16.3 18 21.6 27.4 33.1 38.2 41.4 44.6 48.4 54.6 60.5 71.3 79.9 86.4 89.5 91.3 89.6 84.2 83.7 82.4 81.4 81.6 81.6 81.4 82.2 84.4 88.2
-2 -2 -2 -2 -2 -2 -2 -2 -2 -2 -2 -2 -2 -2 -2 -2 -2 -2 -2 -2 -2 -2 -2 -2 -2 -2 -2 -2 -2 -2 2.1 2.4 5.8 8 10.3 12.6 15.3 18.3 19.7 22.4 24 25.6 27.6 30.2 33 36.6 38.6 38.8 27.3 18.2 14.7 14.1 14.1 14 14 13.9 13.8 13.6 13.6 13.6 13.6 13.7 13.7 13.7 13.7 13.6 13.6 14.5 15 15.6 17.1 20.9 28.3 33.4 38.6 41.7 44.8 49.2 55.5 61.9 72.3 80.5 89 91.1 92.5 92.1 85.7 84.2 82.8 82.1 82.3 82.5 82.9 84.1 84.3 86.7
-2 -2 -2 -2 -2 -2 -2 -2 -2 -2 -2 -2 -2 -2 -2 -2 -2 -2 -2 -2 -2 -2 -2 -2 -2 -2 -2 -2 -2 -2 -2 0.9 2.7 4.8 7.3 10 12.8 17.7 20.8 21.3 22.9 24.7 27.2 29.6 32.3 36.7 39.3 37.7 27.6 19 14.7 14.5 14.3 14.2 14.1 14 13.9 13.9 13.9 13.9 13.9 13.8 13.7 13.6 13.6 13.5 13.6 13.8 14.5 15.1 16.2 19.6 25.8 33.1 38.2 42.5 45.7 50.6 56.8 63.6 72.6 81.1 88.6 91.5 94.2 94.6 87.7 85.9 84.8 84.1 84 84.7 85.5 86.4 87.2 87.3
-2 -2 -2 -2 -2 -2 -2 -2 -2 -2 -2 -2 -2 -2 -2 -2 -2 -2 -2 -2 -2 -2 -2 -2 -2 -2 -2 -2 -2 -2 -2 -2 0.6 2.6 5.4 8 10.9 15.7 19.6 20.1 21.8 24.2 26.7 29.2 31.8 37 40.5 38.5 31.1 23.3 15.2 15 14.7 14.5 14.4 14.2 14.2 14.1 14 13.9 13.8 13.7 13.6 13.5 13.4 13.4 13.6 13.5 14 14.4 15.2 19.3 23.5 30.9 38 42.2 47.8 51.2 57.7 64.4 73.9 82.1 89 94.3 96.8 94.3 89.2 87 87.2 87.1 86.6 87.4 88.1 88 90.1 89.7
-2 -2 -2 -2 -2 -2 -2 -2 -2 -2 -2 -2 -2 -2 -2 -2 -2 -2 -2 -2 -2 -2 -2 -2 -2 -2 -2 -2 -2 -2 -2 -2 -2 2.5 3.3 5.5 9 12.8 15.7 18.9 21.3 23.8 26.2 28.7 31.7 36.1 40.3 38.4 36.8 28.1 16.8 15.3 15.1 14.9 14.7 14.5 14.4 14 13.9 13.8 13.7 13.6 13.5 13.4 13.3 13.3 13.7 13.7 13.5 13.4 15.1 18.4 22.7 29.9 37.2 43.8 50.2 52.6 58.6 67.4 76.6 83.7 90.4 97 99.9 97.4 90.3 88.4 89.9 91 88.8 89.6 89.7 89.1 92.3 92.4
-2 -2 -2 -2 -2 -2 -2 -2 -2 -2 -2 -2 -2 -2 -2 -2 -2 -2 -2 -2 -2 -2 -2 -2 -2 -2 -2 -2 -2 -2 -2 -2 -2 -2 2.6 4.1 6.8 8.9 11.4 15.2 20.3 22.8 25.3 28.4 30.8 33.5 37.7 39.3 38.9 32.8 21.7 15.7 15.5 15.2 15 14.7 14.6 14.5 14.1 13.7 13.6 13.5 13.4 13.3 13.2 13.4 13.5 13.5 13.5 13.3 14.9 17.7 21.9 30.2 37.8 45 51.4 54.2 59 69.4 78.9 86 92.4 98.5 102.1 99.2 93.7 90.1 91.5 93.1 89.5 90.7 91.8 91.7 95 94.5
-2 -2 -2 -2 -2 -2 -2 -2 -2 -2 -2 -2 -2 -2 -2 -2 -2 -2 -2 -2 -2 -2 -2 -2 -2 -2 -2 -2 -2 -2 -2 -2 -2 -2 -2 2.9 4.4 6.3 8.6 11.4 16.8 21.4 23.7 26.1 28.7 31.2 34.6 39.4 39 37.5 31.5 19.5 15.7 15.4 15.2 15 14.9 14.8 14.7 14.3 13.8 13.4 13.3 13.2 13.1 13.3 13.3 13.3 13.3 13.3 14.7 17.7 22 29.1 37 45.5 52 55.3 61.4 71.2 80.1 88.7 95.3 101.1 106.6 101.4 96.2 91.6 92.9 95.2 94.1 92.6 94.8 95.8 99 99.4
-2 -2 -2 -2 -2 -2 -2 -2 -2 -2 -2 -2 -2 -2 -2 -2 -2 -2 -2 -2 -2 -2 -2 -2 -2 -2 -2 -2 -2 -2 -2 -2 -2 -2 -2 -2 2.4 4.6 7.5 9.5 12.9 18.7 21.6 24.6 27.7 30.3 34.4 39.3 40 37.7 35.7 24.2 17.8 15.6 15.4 15.2 15.2 15.1 15 14.9 14.5 14 13.6 13.1 13.1 13.1 13.1 13.1 13.1 13.1 14.7 17.9 22.1 29.2 38.1 47.4 53.6 57.4 65.6 74 82 89.6 98.6 102.3 103.8 100.1 96 92 91.7 95.3 96.4 97 97.8 99.8 101.3 102
-2 -2 -2 -2 -2 -2 -2 -2 -2 -2 -2 -2 -2 -2 -2 -2 -2 -2 -2 -2 -2 -2 -2 -2 -2 -2 -2 -2 -2 -2 -2 -2 -2 -2 -2 -2 -2 2.5 5.9 7.3 10.8 15.6 21.3 24.2 27.8 31.6 35.3 38.6 40.3 38.8 37 38.3 33.4 16.5 15.6 15.5 15.4 15.3 15.2 15.1 15.1 14.6 14 13.4 13.1 13.2 13.2 13.2 13.2 13.2 15 18.6 23.7 30.4 40.7 47.5 53.3 59.9 68.2 76.1 84.4 91 98.9 101.5 99.1 94.2 91.8 90.7 92.7 95.2 97.3 98.6 100.2 101.1 103 107
-2 -2 -2 -2 -2 -2 -2 -2 -2 -2 -2 -2 -2 -2 -2 -2 -2 -2 -2 -2 -2 -2 -2 -2 -2 -2 -2 -2 -2 -2 -2 -2 -2 -2 -2 -2 -2 -2 3.8 6.2 9.1 13.3 19.6 24 27.9 31.6 35.2 38.2 40.4 39 37.3 39.1 41.5 29.3 17.4 15.8 15.7 15.5 15.3 15.1 14.9 14.5 13.8 13 13.2 13.3 13.4 13.4 13.4 13.6 15.6 19 24.7 31.6 40.3 46.6 54.6 62.1 70.1 76.7 84.7 91.6 93.9 92 91.5 88.9 89.2 87.1 89.6 91.2 94.2 96.8 98.3 101.4 105.4 109.6
-2 -2 -2 -2 -2 -2 -2 -2 -2 -2 -2 -2 -2 -2 -2 -2 -2 -2 -2 -2 -2 -2 -2 -2 -2 -2 -2 -2 -2 -2 -2 -2 -2 -2 -2 -2 -2 -2 2.9 5.4 7.2 10.5 16.9 23.6 26.8 30.3 33 35.7 38 39.3 38.9 38.5 41.2 41.5 29.2 16.6 15.6 15.2 14.9 14.6 14.8 14.3 13.2 13.1 13.2 13.4 13.5 13.6 14.1 14.2 16.2 18.8 25.7 32.8 40 47.4 55.6 63.8 69.5 76.2 83.5 88.5 88.3 85.5 84.6 82.9 83.6 83.4 85.7 87.6 89.7 93.7 99.1 102 107.4 114
-2 -2 -2 -2 -2 -2 -2 -2 -2 -2 -2 -2 -2 -2 -2 -2 -2 -2 -2 -2 -2 -2 -2 -2 -2 -2 -2 -2 -2 -2 -2 -2 -2 -2 -2 -2 -2 -2 -2 3.6 6 9 15.2 23 26.1 29.4 30.9 34.6 37 38.4 39.8 40.4 42.3 48.2 38.8 27.6 15.8 15.5 15.1 14.7 14.7 13.8 13.1 13.2 13.3 13.4 13.5 13.5 13.5 14.3 16.6 18.9 23.8 30.1 38 46.5 54.9 62.4 68.5 74.7 81.2 83.7 83.4 79.9 78.3 78 79.1 79.5 80.9 83.8 85.7 91.5 100.6 103.2 109.4 117.7
-2 -2 -2 -2 -2 -2 -2 -2 -2 -2 -2 -2 -2 -2 -2 -2 -2 -2 -2 -2 -2 -2 -2 -2 -2 -2 -2 -2 -2 -2 -2 -2 -2 -2 -2 -2 -2 -2 -2 2.7 4.8 7.5 11.6 19.7 25.1 29.1 31.5 33.9 36.3 38.8 39.7 41.4 41.8 49 44.7 36.6 24.6 16.3 15.3 15 14.4 13 13.1 13.3 13.3 13.4 13.4 13.3 13.3 14.4 16.7 19.3 23.1 28.3 33.4 44.8 53.5 60.4 66.6 71.5 76.4 78.8 77.6 75.3 73.7 73.7 75.6 75.6 78.9 81.9 88.1 93.5 103.4 110.4 117.9 123.2
-2 -2 -2 -2 -2 -2 -2 -2 -2 -2 -2 -2 -2 -2 -2 -2 -2 -2 -2 -2 -2 -2 -2 -2 -2 -2 -2 -2 -2 -2 -2 -2 -2 -2 -2 -2 -2 -2 -2 -2 4.5 7.3 9.9 17.6 23.3 27.4 30.8 32.5 35 37.5 40.4 41.3 42.3 45.3 44 43.1 34.7 26.1 17.1 14.9 13.7 13.1 13.2 13.2 13.3 13.3 13.2 13.3 13.6 14.3 16.6 19.6 25.9 31.7 37.9 44.6 52.3 58 64.1 67.9 70.7 72.1 71.5 69.8 69.4 69.5 71.3 71.9 77.3 84.4 91 98 106.2 116.9 127.2 132.7
-2 -2 -2 -2 -2 -2 -2 -2 -2 -2 -2 -2 -2 -2 -2 -2 -2 -2 -2 -2 -2 -2 -2 -2 -2 -2 -2 -2 -2 -2 -2 -2 -2 -2 -2 -2 -2 -2 -2 -2 3.6 6.9 10.1 14.4 21.7 25.8 28.6 31.2 33.9 36.9 39.9 41 42.8 44.4 45.3 47.1 40.4 32.3 24 16.1 14.3 13.2 13.2 13.2 13.2 13.4 13.6 13.9 14.1 14.5 16.6 19.8 26 32.1 39.4 43.6 50.3 54.5 61 64 66.5 66.4 66.5 65.2 65.2 65.6 66.6 71.6 77.1 83.8 91.4 99.5 109.9 122.2 136.7 143.5
-2 -2 -2 -2 -2 -2 -2 -2 -2 -2 -2 -2 -2 -2 -2 -2 -2 -2 -2 -2 -2 -2 -2 -2 -2 -2 -2 -2 -2 -2 -2 -2 -2 -2 -2 -2 -2 -2 -2 -2 -2 5.2 7.6 11.1 19.8 23.8 27.6 30.2 32.9 36 39.2 40.7 42.5 45.1 45.8 48.2 47 38.2 29.9 21.8 15.2 14.1 13.8 13.4 13.7 13.9 14.1 14.3 14.6 14.8 16.4 19.3 24.8 32.2 39.8 45.8 47.3 52.8 57.6 62 62.9 62.7 61.8 61.3 62.6 64.1 66 71.4 76.9 83.3 90.9 98.5 112.3 128.8 144.9 151.8
-2 -2 -2 -2 -2 -2 -2 -2 -2 -2 -2 -2 -2 -2 -2 -2 -2 -2 -2 -2 -2 -2 -2 -2 -2 -2 -2 -2 -2 -2 -2 -2 -2 -2 -2 -2 -2 -2 -2 -2 -2 3 7.9 9.8 17.7 22.5 26.4 29.7 32.8 35.1 37.7 39.2 41.2 43.8 45.7 48.1 50.7 44.1 35.8 29.7 19.8 15.1 14.8 13.9 14.1 14.3 14.6 14.8 15 15.2 16 18.8 24.5 32.2 39.8 46.5 50.1 54 58.1 57.4 58.9 59.5 60.5 61.6 62.3 63.6 65.4 70.3 76.3 83.6 89.1 97 111.4 128.7 148.6 158.7
-2 -2 -2 -2 -2 -2 -2 -2 -2 -2 -2 -2 -2 -2 -2 -2 -2 -2 -2 -2 -2 -2 -2 -2 -2 -2 -2 -2 -2 -2 -2 -2 -2 -2 -2 -2 -2 -2 -2 -2 -2 -2 6.6 9.1 15.1 21.7 25.5 29.3 30.8 35.2 39.5 39.7 39.7 42 45.7 48.9 49.9 50.2 39.6 34.6 25 15.9 14.8 14.4 14.6 14.8 15 15.1 15.3 15.5 15.6 18.2 23.9 30.7 36.8 42.3 49 52.4 57.8 59.4 60.2 59.6 60.1 60.5 60.9 62.4 64.3 68.2 76.1 82.6 88.1 96.6 107.6 120.8 141.1 160.5
-2 -2 -2 -2 -2 -2 -2 -2 -2 -2 -2 -2 -2 -2 -2 -2 -2 -2 -2 -2 -2 -2 -2 -2 -2 -2 -2 -2 -2 -2 -2 -2 -2 -2 -2 -2 -2 -2 -2 -2 -2 -2 4.4 7.1 13.4 19.7 23.6 27 29.4 34 42.7 39.8 39.9 42.4 45.8 49.2 50.6 53.3 44.7 38.4 30.9 21.6 15 14.9 15.1 15.1 15.2 15.4 15.5 15.6 15.7 17.7 21.3 27.1 33.2 39.4 45.8 50.4 56.2 61 62.3 62.6 60.7 60.2 59.9 61.7 63.6 65.9 73.1 79.8 88 96.6 105.3 114.9 133.5 154.8
-2 -2 -2 -2 -2 -2 -2 -2 -2 -2 -2 -2 -2 -2 -2 -2 -2 -2 -2 -2 -2 -2 -2 -2 -2 -2 -2 -2 -2 -2 -2 -2 -2 -2 -2 -2 -2 -2 -2 -2 -2 -2 3.9 6.4 11.1 16.8 21.9 25.4 28.8 32.1 37.4 40 39.7 42.5 46.2 48.6 49.8 51.5 48.4 44.4 37.2 26.3 17.5 15.1 15.2 15.3 15.4 15.5 15.6 15.6 15.7 17.2 20.4 23.8 30 36.7 42.4 49.6 57.2 62.3 65.5 65.7 62.1 60.7 60.3 61.2 63 64.9 70.7 79 87.2 94.6 101.4 110.4 129.4 149.5
-2 -2 -2 -2 -2 -2 -2 -2 -2 -2 -2 -2 -2 -2 -2 -2 -2 -2 -2 -2 -2 -2 -2 -2 -2 -2 -2 -2 -2 -2 -2 -2 -2 -2 -2 -2 -2 -2 -2 -2 -2 -2 -2 4 9.9 13.8 19.9 23.7 27.2 29.2 33.3 37.2 38.6 41.8 44.5 46.9 49.1 49.8 49.1 49.7 43.9 30.5 20.9 15.1 15.2 15.3 15.4 15.4 15.4 15.5 15.7 16.6 18.3 21.4 28.1 34.1 40.9 48.2 56.4 62.8 66.5 68.9 66.9 61.3 60.7 60.8 62.7 64.5 68.9 76.2 85.3 91.6 97.8 105.7 125.4 145.9
-2 -2 -2 -2 -2 -2 -2 -2 -2 -2 -2 -2 -2 -2 -2 -2 -2 -2 -2 -2 -2 -2 -2 -2 -2 -2 -2 -2 -2 -2 -2 -2 -2 -2 -2 -2 -2 -2 -2 -2 -2 -2 -2 1.8 8.8 12.7 16.9 20.6 25.1 30.6 31.1 34.1 37 39.5 42.2 44.7 46.8 48.3 49.3 50.7 48 35.4 24.2 16.9 15.1 15.2 15.2 15.2 15.3 15.4 15.7 16.1 18.2 21.5 27.6 32.7 37.9 47 54.7 64.9 68.5 71 70.5 64.8 61.1 60.4 62.3 64.3 68.2 75.7 82.5 87.7 93.6 102.3 123.2 143.1
-2 -2 -2 -2 -2 -2 -2 -2 -2 -2 -2 -2 -2 -2 -2 -2 -2 -2 -2 -2 -2 -2 -2 -2 -2 -2 -2 -2 -2 -2 -2 -2 -2 -2 -2 -2 -2 -2 -2 -2 -2 -2 -2 -2 4.3 10.9 14.5 19.5 23.8 29.5 30.4 31 34.4 39.3 40.1 42.2 44.5 47.1 49.7 51 51.6 39.7 25.9 19.1 15 15 15 15.1 15.2 15.4 16.2 16.6 18.2 21.1 26.6 31.6 36.4 45.4 53.9 63.4 70.4 70.9 70.8 67 61.6 61 62.4 64.1 68.1 74.5 80.3 85.1 93.7 103.5 116.9 136.8
-2 -2 -2 -2 -2 -2 -2 -2 -2 -2 -2 -2 -2 -2 -2 -2 -2 -2 -2 -2 -2 -2 -2 -2 -2 -2 -2 -2 -2 -2 -2 -2 -2 -2 -2 -2 -2 -2 -2 -2 -2 -2 -2 -2 2.6 9.2 11.9 19 23.5 26.3 28.8 29.3 31.9 35.5 39.3 39.8 43.3 47.3 49.9 50.7 51.7 43.1 27.4 22.4 18.4 15.4 14.8 15 15.3 15.7 16.5 17.3 18.3 21.2 25.5 30.8 36.2 44.5 54.3 62.3 69 72.3 73.6 69.8 64.9 61.7 62.2 63.8 67.6 73.6 80.5 86 92.2 103.8 113.2 130.5
-2 -2 -2 -2 -2 -2 -2 -2 -2 -2 -2 -2 -2 -2 -2 -2 -2 -2 -2 -2 -2 -2 -2 -2 -2 -2 -2 -2 -2 -2 -2 -2 -2 -2 -2 -2 -2 -2 -2 -2 -2 -2 -2 -2 1 4.9 9.4 16.4 20.7 23.7 26.6 29.8 30.4 33.8 37.3 40.2 42.7 46.7 49.3 50.8 51 42.7 30.2 24.3 20.5 17.5 15.7 15.8 16.1 16.4 17 17.4 18.4 20.9 26 32.1 37.6 45.3 54 63.1 70.9 76.2 79.2 75.2 69 61.9 61.8 63.5 66.5 71.4 79.3 85.3 91.3 99.8 109.6 122.8
-2 -2 -2 -2 -2 -2 -2 -2 -2 -2 -2 -2 -2 -2 -2 -2 -2 -2 -2 -2 -2 -2 -2 -2 -2 -2 -2 -2 -2 -2 -2 -2 -2 -2 -2 -2 -2 -2 -2 -2 -2 -2 -2 -2 -2 2.7 10.3 15.9 20.3 21.7 25.7 28.9 30.9 32.1 35.6 39.2 41.8 44.6 47.5 49.7 48.8 42.3 34.2 26.1 21.5 18.1 16.5 16.3 18.4 20.2 18.7 18.5 18.4 20.6 26.4 32.2 38.3 45.2 54.6 64.4 72.9 79.6 83 80.8 71.2 62.3 61.9 63 64.7 70.4 76.8 83.7 90.6 98 106.5 116
