public/OST50/NG54.asc
ncols 200
nrows 200
xllcorner 150000
yllcorner 840000
cellsize 50
[rows 111 to 147 of 200, columns 83 to 165 of 200]
-1.9 -1.9 -1.9 -1.9 -1.9 -1.9 -1.9 -1.9 -1.9 -1.9 -1.9 -1.9 -1.9 -1.9 -1.9 -1.9 -1.9 16.7 21.6 24.7 30.5 40.2 46 56.5 69.4 79.2 93.6 110.7 121.9 131 141.3 149 155.7 160.8 167.4 175 183.9 196.1 203.1 208.8 214.8 220.3 221.6 223.9 239.9 254.1 260.3 264.8 268.3 275 279.8 282.5 290 290.6 293.3 302.3 311.5 318.9 326 328.4 329.4 331.1 327.2 325.5 328.9 311.7 287 272.5 244.4 205.8 174 154.3 130.8 118.9 107.1 94.6 73.8 57.5 42.8 24.8 20.9 12.2 1
-1.9 -1.9 -1.9 -1.9 -1.9 -1.9 -1.9 -1.9 -1.9 -1.9 -1.9 -1.9 -1.9 -1.9 -1.9 -1.9 -1.9 16 22.7 26.7 30.5 40 45.7 55.8 75.5 86 97.1 112.9 123 133.8 144.4 152 157.1 161.4 166.6 178.3 187.3 202.4 208.8 211.5 217 220.7 222.1 224.5 239.9 249.5 258.9 265.4 272.7 279.8 286.1 286.3 289.1 292.8 298.2 303.4 311.2 318.4 325.2 330.6 329.8 335.5 331.1 323.8 322.3 305.5 281.8 258.5 232.3 199.2 171.5 150.9 136.6 124.1 105.8 95.9 78.1 56.5 35.7 35.9 29.9 22 2.6
-1.9 -1.9 -1.9 -1.9 -1.9 -1.9 -1.9 -1.9 -1.9 -1.9 -1.9 -1.9 -1.9 -1.9 -1.9 -1.9 -1.9 10.3 24.4 26.9 36.2 47 48.4 59.4 74.4 87.4 95 110.2 123.1 134.5 145.5 157.5 160 163.8 168.7 177.7 193.9 202.7 209.2 216.7 220.7 220.3 222.5 226 241.9 252 259.3 266.3 275.4 283.9 292.1 290.1 294.1 298.8 299.2 308.5 313.5 319.2 325.9 329.5 332.5 339.7 338 323.5 312.2 295.6 269.7 242.4 211.9 184.8 164.4 149.9 131.7 119.1 106.2 95.6 77.5 53 48.6 49.4 45.5 30.1 6.2
-1.9 -1.9 -1.9 -1.9 -1.9 -1.9 -1.9 -1.9 -1.9 -1.9 -1.9 -1.9 -1.9 -1.9 -1.9 -1.9 -1.9 19.8 24.1 29.3 37.4 50.8 50.8 59.7 70.1 79.5 92.4 110.1 123.1 134.8 144.2 156.6 161.9 167 174.5 184.5 196.4 206.5 211.3 220.1 222 221.2 222.4 227.4 243.1 255.4 262.2 267.6 280.8 288.8 294.3 298.3 300.7 306.7 306.1 308.4 312.5 325 329.3 332.8 336.6 338.8 336.3 313.7 291.1 271.2 246 216.8 190.3 172.7 156.8 143.8 130.5 119.9 108.4 89.1 70.9 71.4 56 55.3 51.7 35.6 12.9
-1.9 -1.9 -1.9 -1.9 -1.9 -1.9 -1.9 -1.9 -1.9 -1.9 -1.9 -1.9 -1.9 -1.9 -1.9 -1.9 7.9 15.2 20.6 27.6 40.2 52.4 59.1 60.8 71.4 80.9 94.1 112.9 124.6 135.7 144.8 154.5 165 172 179.6 188.3 199.8 205.4 210.9 217.1 222.2 223.7 224.4 228.9 245.9 262.2 270 274.9 285.2 294.8 298.5 307.9 309.3 317.4 321.5 322.9 320.9 323.9 337.7 338.9 337.1 328.9 320.5 297.2 271.7 250.8 231 206.4 182.1 168.2 156.5 143.1 131.7 119.8 106.3 92.3 91 83.2 69.7 61.5 52.1 37.7 17.1
-1.9 -1.9 -1.9 -1.9 -1.9 -1.9 -1.9 -1.9 -1.9 -1.9 -1.9 -1.9 -1.9 -1.9 1.5 8.6 20.2 21.4 27.2 34.4 43.3 56.4 61.9 64.8 72.6 84.8 97.4 113.9 128.2 138 146.8 156.9 166.7 177 185.9 191.3 203.4 207.6 213.4 220.6 224.3 225 225.9 230.2 246.1 265.8 274.7 279.2 290.7 297 308 308.8 315.7 321.8 332.1 334.5 335.5 331.3 339.8 340.5 333.7 321.4 307.3 288 264.6 244.3 222.5 204.6 185.2 172 162 147 131.1 119.6 108.5 103.3 94.7 83.3 74 60.5 44.7 34.5 18.4
-1.9 -1.9 -1.9 -1.9 -1.9 -1.9 -1.9 -1.9 -1.9 -1.9 -1.9 -1.9 -1.9 -1.9 6.9 14.3 22.1 26.6 29.7 40.7 43.9 56.6 61.4 68 77.6 84.7 97.2 112.8 129.7 140.4 149.1 159.9 170.2 181.8 192.5 193.7 206.2 211.3 216.5 223.4 227.7 229.9 227.9 232.4 244.3 272 279.9 279.4 291.8 298.2 312.7 312.5 322.4 326.5 332.8 341.2 342.9 343.7 339.3 340.1 329.9 315.3 301.8 280.7 259.1 239.4 222.7 206.5 190.2 177.2 166.5 148.8 131.8 129.9 119.3 108.9 93.7 79.3 69.5 55 43.3 28.5 20.3
-1.9 -1.9 -1.9 -1.9 -1.9 -1.9 -1.9 -1.9 -1.9 -1.9 -1.9 -1.9 -1.9 -1.9 10.8 19.5 24.4 30 38.8 41 44.3 58 60 69 74.3 84.8 97.4 111.3 131.3 142.9 151.8 162.2 174.4 185.7 195.5 194.1 207.8 212.5 218.3 227.8 229.5 229.5 230.1 233 241.2 268 281.4 283.5 290.1 300.9 310.4 316.4 320.5 328.1 335 343.8 349.8 350.8 344.8 339 326.7 313.4 297.6 273.2 258.1 239.3 222.7 208.8 198.1 182.6 162.7 151.1 144.9 138.5 127.3 122.4 110.9 92.4 79.1 69.7 60.2 43.8 30.9
-1.9 -1.9 -1.9 -1.9 -1.9 -1.9 -1.9 -1.9 -1.9 -1.9 -1.9 -1.9 -1.9 -1.9 12.2 20.5 27.7 34.4 41.9 47.8 50 59.2 63.9 70.8 76.7 87.5 97.6 109 126.9 142.3 152.7 164.1 177 185.6 191.2 196.3 206.6 212.7 220 228.6 230.9 230.7 230.7 234.2 242.3 264.7 281.2 284.4 287.4 303.2 307.6 319.3 324.3 327.1 334.7 346.2 354.8 357.3 354.3 346.9 331 313.1 294.7 270.7 251.3 237.3 227.6 214.1 196.8 199.6 201.4 190.5 179.3 180.5 175.4 174.4 167.5 169.5 131.4 116 97.4 77 60.5
-1.9 -1.9 -1.9 -1.9 -1.9 -1.9 -1.9 -1.9 -1.9 -1.9 -1.9 -1.9 -1.9 -1.9 16.9 21.4 30.3 37.1 47.2 50.9 54.1 59.6 65 71.6 76.7 87.4 95.9 105.5 120.1 137 149.9 164.1 175.3 183.2 187.3 192.9 204 212.4 219.1 228.8 231.4 231.1 230.8 235.8 244.4 263.3 278 283.1 287.6 297.7 305.8 317.9 329.5 327.6 336.2 346.2 354.2 361.7 362.7 354.3 334.3 315.8 291.9 269 256.2 245.7 236.1 228 229.6 233.4 234.4 225.8 211.3 215.4 214.1 210.8 213.3 208.5 177.7 163 137.2 109.9 78.5
-1.9 -1.9 -1.9 -1.9 -1.9 -1.9 -1.9 -1.9 -1.9 -1.9 -1.9 -1.9 -1.9 -1.9 16.8 20 33.1 39.2 49.9 50.1 57.5 54.7 64.4 69.9 76.3 90.1 95.8 103.2 117.4 133.9 148.2 160.7 173.2 182.2 185.3 190.6 201.6 209.3 218 226.5 230.9 231.4 231.5 237.6 246.2 266.8 277.4 284.2 287.9 298 306.4 315.3 324.5 330.1 340.1 346.4 353.1 360.6 368.4 363.5 338.3 317.8 297.5 272.4 263.7 254.1 249.1 245.3 242.6 246.6 247.9 248 241.2 228.7 241.3 240.2 243.5 233.2 211.3 204.2 158.6 119.6 95.2
-1.9 -1.9 -1.9 -1.9 -1.9 -1.9 -1.9 -1.9 -1.9 -1.9 -1.9 -1.9 -1.9 -1.9 6.9 19.3 27.8 38.4 47.5 49.9 53.4 62 64.8 66.3 74.2 91.3 95.6 101.7 118.7 134.1 147.1 157.6 170.5 178.1 184.2 191.3 196.8 204.3 216 224.2 230 233.2 233.9 238.5 244.3 264.5 275.8 281.8 288.5 295.2 303.2 313.8 324.1 332.5 343.5 349.2 352.3 359.2 362.9 363.3 337.7 319.7 298 282.4 275.2 266.3 263.7 257.3 254.2 255.8 259.3 258.7 258 243.2 240.5 248.3 245.6 254.2 241.8 233.1 192.4 127.4 109.1
-1.9 -1.9 -1.9 -1.9 -1.9 -1.9 -1.9 -1.9 -1.9 -1.9 -1.9 -1.9 -1.9 -1.9 7.8 21.3 32.2 43.7 50.3 50 59.1 63.1 63.3 67.7 72.7 88.8 95.3 101.7 122.3 133.8 146.2 157.2 167.8 176.7 184.6 190.3 193.9 204.4 215.5 222.3 228.8 233.1 236.6 243.1 248.3 261.2 271.3 277.5 284.5 293.4 305.4 313.8 322.2 331.3 344.2 350.8 351.9 357.3 357.4 352.1 336.3 325.2 310.2 300.7 292.2 280.4 277.2 271 264.7 264.8 267.7 268.7 267.9 263.3 248 252.4 245.2 260.2 247.9 225.5 211.6 140.8 122.5
-1.9 -1.9 -1.9 -1.9 -1.9 -1.9 -1.9 -1.9 -1.9 -1.9 -1.9 -1.9 -1.9 -1.9 11.1 27 33.9 45.8 50.8 53 60.5 60.5 62.9 70.3 77.6 87.8 92.9 99.1 120.3 135.9 149.5 160.3 170.1 179.8 184.4 189.3 193.3 203 212.8 219.7 227.8 233.1 238.7 245.8 252.1 267.4 279.1 279.9 288.7 293.1 301.7 309 315.8 330.1 339.4 347.7 352.4 353.5 347.9 339.7 332.6 325.4 312.6 304 296.3 291.3 291.2 286.5 279.4 272.8 274.2 276.8 277.7 269.3 260.8 253.4 252.6 254.5 260.2 256.8 216.7 166.2 135
-1.9 -1.9 -1.9 -1.9 -1.9 -1.9 -1.9 -1.9 -1.9 -1.9 -1.9 -1.9 -1.9 7.2 16.9 26.8 37 48.9 58.1 60 59.4 64.5 67.8 71.9 78.5 84.8 96.2 99.4 124.1 138.3 149.9 162.1 172.2 181.6 188.4 193.2 198.8 205.6 210.9 217.3 228.8 233.4 238.9 245.6 252.1 265.6 281.1 284.6 288.6 293.1 304.1 312.1 321.6 329.4 340 349.2 350.3 352.4 339 332.8 328.5 323.8 315.8 307.9 300.6 298.5 298.5 298.4 291.7 280.7 278.7 281.2 282.8 276.7 266.9 263.6 256.5 249.1 260.7 258.5 238.2 211.3 205.3
-1.9 -1.9 -1.9 -1.9 -1.9 -1.9 -1.9 -1.9 -1.9 -1.9 -1.9 -1.9 -1.9 12.3 21.3 28.4 37.6 50.4 57.4 60.6 59.5 64.5 70.2 73 80.2 87.8 100 102.8 119.7 136.9 149 162.6 173.8 183.1 191.4 198.1 204.5 216.4 216.7 220.4 229.4 233.2 238 242.6 247.2 265.6 281 288 295.3 293.8 303.6 319.1 327.3 333.6 341.6 348.4 349.6 347.7 332 328 325.7 322.1 318.3 312.5 307.8 305.8 304.8 305.3 303.2 290.6 284.3 286 288 280.9 272.8 271.5 263.2 254.5 257.4 258.4 252 222.7 212.3
-1.9 -1.9 -1.9 -1.9 -1.9 -1.9 -1.9 -1.9 -1.9 -1.9 -1.9 -1.9 -1.9 10.4 24.5 32 42 50.7 56 60.2 59.5 68.2 70 74.8 81.9 90.6 100 104.6 119 135 149.8 163.1 176.1 185.3 194.2 202.5 209.3 221 222.1 225.2 230.4 235.5 239.4 242.9 247.1 264.9 278.5 287.3 301.5 304 303.9 321.2 325.9 337.2 339.7 347.8 346.5 337.8 325.9 324.5 323.6 322.3 320.1 318.7 314.8 312.5 310.9 311.3 313.1 304.9 293.5 290.2 291.1 287 277.5 274.8 271.1 262 252.7 258.7 254.8 234.3 224.8
-1.9 -1.9 -1.9 -1.9 -1.9 -1.9 -1.9 -1.9 -1.9 -1.9 -1.9 -1.9 -1.9 4.9 24.7 33.1 42.3 49 54 59.9 59.6 71.3 74.9 78.1 84.1 92 101 106.8 121 139.3 151.5 164.4 178.8 188.3 197 205.7 213.2 221 226.7 225.6 232 237.3 240.8 244 250.6 264.1 276.9 288.7 301.9 307.2 308.3 317.7 325.2 333.3 337.2 344.9 338.4 330.7 327.3 324.5 323.5 322.9 322.9 322.8 321.9 319.1 316.3 315.9 316.6 314.9 303.9 292.4 291.3 288 281.6 276.4 274.1 270.5 259.7 259.5 256.4 245.4 233.1
-1.9 -1.9 -1.9 -1.9 -1.9 -1.9 -1.9 -1.9 -1.9 -1.9 -1.9 -1.9 -1.9 3.3 23.1 30.3 37.6 48.4 60.1 63.2 67.5 72.7 79.4 79.6 86.6 91.8 98 114.7 120.8 142.4 152.5 165.3 180.1 190.3 198.9 208.2 214.8 223.1 230.8 228.5 234.5 238.9 242 242.6 249.2 266.6 280 285.8 301 307.3 314.7 314.5 321.5 325.8 329.8 341.9 333.1 326.1 324.5 323.1 323.6 323.9 324.7 326.9 328 325.8 322.2 320.3 321.3 319.7 315 298.6 292.5 287.4 286.6 278.7 274 272.9 268 258.8 257.5 249.3 239.9
-1.9 -1.9 -1.9 -1.9 -1.9 -1.9 -1.9 -1.9 -1.9 -1.9 -1.9 -1.9 -1.9 7.8 22.2 31.7 35.6 50.5 65.3 69.4 77 75 80.8 80.1 89.6 92.6 99.1 112.2 124.1 145.8 157.6 167.1 180.1 191.6 200.5 208.3 215.5 224.2 234.3 232.1 236.7 242.5 248.7 248 248.2 264.5 279.7 285.5 296 304.3 316.3 322.2 320.4 322.1 324.2 332.5 324.8 321.5 320.9 320.9 323.2 325.3 326 328.3 330.5 331.3 328.6 326.5 325.4 323.7 321.4 308.8 295.6 289.6 284.1 283.6 273.2 272.5 274.3 262.5 259.7 252.1 235.8
-1.9 -1.9 -1.9 -1.9 -1.9 -1.9 -1.9 -1.9 -1.9 -1.9 -1.9 -1.9 -1.9 -1.9 18.5 29.3 30.5 49.3 64.9 74.7 81 79.4 85 81.6 90.1 94.5 101.1 115.4 126.8 151.5 163.5 169.8 180.1 192 202.3 210.7 217.4 222.9 231.3 235.6 237.1 244 250.8 250 249 261.3 278.9 286.7 292.9 303.5 313.6 326 316.9 315.8 316.1 320.3 315.5 317.1 319.5 320.7 323.6 327.2 327.7 329.4 332.5 335.2 336.4 331.8 328.6 326.2 323.7 316.8 300.2 292.9 287.5 287.2 274.7 270.8 271.1 268.4 259.5 259.9 244.4
-1.9 -1.9 -1.9 -1.9 -1.9 -1.9 -1.9 -1.9 -1.9 -1.9 -1.9 -1.9 -1.9 -1.9 19.2 27.3 29.2 41.4 64.6 81.1 87.2 85.1 83.5 84.3 90.5 94.7 105.8 116.5 128.9 153.8 165.3 170.7 179.7 192.6 204.5 212.1 219.4 225.3 230.6 235 237.3 245.1 250.9 250.3 251.7 261.6 277.1 287.3 292.1 300.9 311.8 320.4 318.7 309.1 305.4 305.2 311.7 313.3 315.1 319.7 324.6 329.4 329.4 330.7 335.5 339.8 340.9 337.9 333.3 329.1 327.1 323.3 309.9 294.3 291.3 284.6 279.7 274 269.8 270.3 262.9 264 252.9
-1.9 -1.9 -1.9 -1.9 -1.9 -1.9 -1.9 -1.9 -1.9 -1.9 -1.9 -1.9 -1.9 -1.9 -1.9 17.7 29.4 32.6 61.8 82.6 90.2 89.9 86.2 89.3 93.7 97.1 108.6 120.1 129.6 152.9 164.2 172.3 180.9 191.3 205.3 214.1 220.3 225.8 230.5 234.4 237.2 246.7 251.1 249.4 251.9 261.3 278.9 285.4 290.9 297.3 304.3 312.5 309.7 299.6 298.2 299.8 307.9 311.3 314 318.7 327.1 332.8 332.8 331.5 335.9 339.5 342.3 342.4 339 333.1 326.9 323.7 316.4 299 291.6 289.3 284.9 278.1 270.7 270.4 267.6 263.3 256.1
-1.9 -1.9 -1.9 -1.9 -1.9 -1.9 -1.9 -1.9 -1.9 -1.9 -1.9 -1.9 -1.9 -1.9 -1.9 21.2 32.1 34.2 57.3 79.9 94.3 96.5 90.1 92.1 98.3 101.7 111.8 120.7 128.1 144.8 160.1 173.7 182.6 190.2 204.3 215.8 223.1 226.6 231.3 233.8 236.9 248.3 250.1 249.9 250.8 257.1 273.6 285.7 290.6 294 298.1 298.6 298.9 295.3 294.3 301.6 308.9 311.8 314.6 317.9 325.8 334.2 338.3 336.3 335.1 340 345.2 348.5 345.6 339.8 329.7 323.7 314.9 303.6 293 290.2 289.2 289 274 267 273.2 262.7 254.5
-1.9 -1.9 -1.9 -1.9 -1.9 -1.9 -1.9 -1.9 -1.9 -1.9 -1.9 -1.9 -1.9 -1.9 -1.9 24.7 40.8 40.3 59.4 77.4 94.4 100.7 93.8 90.1 100.3 101.3 109.9 123.1 130.3 135.1 156.9 169.5 182.2 189.6 203.4 215.8 223.9 227.9 230.7 233.3 237.5 247.4 250.6 247.9 248 255 271 281 289.7 291.6 293.3 292.8 293.5 292 293.4 302.6 310.5 310.6 314.9 319 325.1 333.5 341 340.6 338.3 341.5 347.6 352.1 352.8 348 336.8 327.8 315.5 307.3 295.2 288.2 289 290.1 279.3 263.7 272.8 271.4 257.8
-1.9 -1.9 -1.9 -1.9 -1.9 -1.9 -1.9 -1.9 -1.9 -1.9 -1.9 -1.9 -1.9 -1.9 -1.9 25.8 41.9 49 55.7 74.8 93.2 100.3 97 93 100 101 110.5 124.4 130.9 133.7 157.9 172.9 183.2 190.3 203 215.2 223.9 227.8 230.6 233.5 238.1 244.7 249.4 246.7 247.5 257.5 269.2 278.3 288 290.8 290.9 289.8 289.8 289.4 294.2 302.1 310.8 312.4 316.4 320.4 327.1 334.7 344.1 349.8 345.5 344.6 348.7 354.1 359.6 357.2 346.9 330.1 317.2 308.3 297.9 287.9 288.4 289 290.6 265 266.2 273 261.3
-1.9 -1.9 -1.9 -1.9 -1.9 -1.9 -1.9 -1.9 -1.9 -1.9 -1.9 -1.9 -1.9 -1.9 -1.9 23.7 42.2 52.3 57.1 73.4 94 99 96.5 96.1 101.1 102.9 109.6 124.3 133 139.2 159 175.9 185.1 190.5 199.5 213.2 223.1 227.7 231.6 233.5 237.4 242.7 245.3 243.8 246.9 256.4 267.8 276.7 285.2 288.8 288 288.3 292.2 297 297.9 303 308.7 312.7 316.8 320.8 328.1 337.1 346.2 354.7 353.9 349.9 352 356.9 363.6 366.4 353.8 337 322.1 310.6 298.3 289.9 288 288.8 291.9 278.1 259.2 268.6 263.1
-1.9 -1.9 -1.9 -1.9 -1.9 -1.9 -1.9 -1.9 -1.9 -1.9 -1.9 -1.9 -1.9 -1.9 -1.9 15.5 36.3 52.2 60.8 72.8 91.4 97.2 97.8 98.8 101.1 109.1 109.9 119.1 135.4 142.2 164 179.7 185.5 189.8 197.7 208.5 220 225.7 229.5 232.2 236.3 240.8 241.9 242.3 245.6 252.6 264.9 273.2 280.8 283 280.6 283.5 295.4 300.8 300.8 304.3 308.7 311.8 316.7 321.6 330.3 339.8 348.6 357.9 363.2 358.2 357.9 361.7 365.6 371.1 364.5 346 330.3 314.7 300.7 292 288.7 289 289.6 284.8 254.6 254.1 258.6
-1.9 -1.9 -1.9 -1.9 -1.9 -1.9 -1.9 -1.9 -1.9 -1.9 -1.9 -1.9 -1.9 -1.9 -1.9 -1.9 27.3 47.4 66.1 72 87.1 96 99.6 102.8 111.3 109.1 108.4 118 133.5 142.8 161.4 178.3 186.7 190.8 196.1 204.6 214.8 223.1 228.3 231.4 235.9 239.8 240.8 240.5 244.1 249.1 259.8 269.5 272.5 272.5 277.9 286.2 294.6 301 303.9 304.5 308.9 310 315.4 322.8 333.6 343 351.2 358.5 369.6 367.5 363.9 366.3 368.6 373.8 375.5 357.2 337.4 318.1 302.6 295 289.4 288.4 289.9 287.5 259.4 247.6 242.1
-1.9 -1.9 -1.9 -1.9 -1.9 -1.9 -1.9 -1.9 -1.9 -1.9 -1.9 -1.9 -1.9 -1.9 -1.9 -1.9 24.1 49.2 68.5 72.8 89.4 94.8 99.7 107.2 114.4 106.1 112.4 122 133.5 141.5 161.6 177.1 188.6 191.8 194.4 201.3 210.5 219.8 226.7 230 234.8 236.9 238.6 237.6 241.3 245.8 253.3 261.1 260.1 272 282 286.4 291.1 298.3 306.8 306.4 308.5 307.3 311 323 338.2 346.8 354.9 361.3 370.1 371.1 369.5 370.2 369.4 372.1 380 367 331 315.6 305.8 297.7 290.3 286.4 285 283.5 269.4 242 240.8
-1.9 -1.9 -1.9 -1.9 -1.9 -1.9 -1.9 -1.9 -1.9 -1.9 -1.9 -1.9 -1.9 -1.9 -1.9 -1.9 21.9 47.1 66.4 75.2 82.3 92.9 97.5 105.9 119.4 118.8 118.5 124.7 134.6 142.9 164.5 176.1 187 190.8 195.6 202.9 209 218.3 224 228.3 233.5 235.9 237.6 239.1 238.6 241 247.3 249.9 259.2 270.4 280.9 284.6 287.8 295 303.8 303.9 305.6 305.6 309.3 318.5 340.3 347.6 355 361.9 368 377.3 376.5 371.1 369.2 369.5 379 375 336.8 313.7 306.4 298.3 290.3 285.3 282.1 280.9 281.2 245.3 237.9
-1.9 -1.9 -1.9 -1.9 -1.9 -1.9 -1.9 -1.9 -1.9 -1.9 -1.9 -1.9 -1.9 -1.9 -1.9 -1.9 21.4 42.4 64.3 77.9 80.8 90.4 100.6 105.1 119.4 127.3 120.2 128.3 138.9 138.6 154.8 171.7 181.8 189.2 194.9 202.8 209.8 216.8 222 227.6 233.1 234.9 236 237.7 240 241.3 245.6 247.5 254.7 266.8 277.8 280.2 281.8 288.2 296.6 299.4 299.6 300.9 307.9 317 334 349.9 354.7 359.5 363.9 368.9 374.4 371.1 369.2 369.2 375.4 371.7 342.5 316.5 308.6 300.1 290.6 284.7 280.7 281 277.2 249.8 238.3
-1.9 -1.9 -1.9 -1.9 -1.9 -1.9 -1.9 -1.9 -1.9 -1.9 -1.9 -1.9 -1.9 -1.9 -1.9 -1.9 20 36.3 55.8 67.7 79.3 86.2 99.5 102.4 115.7 121.5 121 124.9 130.7 131.3 160.9 180 188.3 193.3 189.9 199.9 205.6 213 219.8 226 231.3 232.9 234.7 236.7 239 241.5 243.9 245.2 249.2 260 270.9 280.4 281.1 281.2 285.3 289 292.7 303 309.4 314.4 328.4 347.2 353.2 355.3 358.1 362 368.9 369.7 369.8 370.8 372.3 370.9 344 315.2 310.1 300.4 291.5 284.6 279.5 280.6 279.5 252 237.4
-1.9 -1.9 -1.9 -1.9 -1.9 -1.9 -1.9 -1.9 -1.9 -1.9 -1.9 -1.9 -1.9 -1.9 -1.9 -1.9 14.6 31.5 50.6 61 72.4 80.5 94.4 96.1 113.4 119.3 130.3 129.2 126.7 132.9 152.5 174.9 187.2 191 194 198.8 204.8 211.2 216.8 223.7 230.6 231.5 233.9 235.7 238.1 240.5 242.7 245.9 251.2 260.5 271.7 281.7 284.9 284 282.8 285.7 291.5 302.3 311.2 317.3 326.2 340 348.8 350.8 354.6 357.8 359.7 363.5 371.6 378.4 374.1 365.1 342.9 314.8 309 298 293 283 279.1 280.9 283.4 258.2 233.6
-1.9 -1.9 -1.9 -1.9 -1.9 -1.9 -1.9 -1.9 -1.9 -1.9 -1.9 -1.9 -1.9 -1.9 -1.9 -1.9 -1.9 9.9 30.2 48.4 62.8 73.4 84.8 94.2 111.2 116.5 126.5 132.7 131.4 129 144.6 170.7 182.4 191.1 196.5 202.7 205.9 208.9 215.3 223.8 230.9 232.1 234.1 235.2 236.6 238.8 241.4 245.9 252.8 260.5 269 278.8 287.8 286.5 285 286.7 291.3 301.6 315.9 320.9 326.9 339.3 345.7 350 351.8 354.9 358.3 364.1 373.1 380.3 379.8 367.7 348.1 321.1 308.8 296.9 292.6 284.9 279 280.4 283.7 269.2 236.1
-1.9 -1.9 -1.9 -1.9 -1.9 -1.9 -1.9 -1.9 -1.9 -1.9 -1.9 -1.9 -1.9 -1.9 -1.9 -1.9 -1.9 11.9 29.9 53.6 61.4 70 77.9 84.8 102.2 112.1 122.4 130 133.2 131.2 143.2 165.1 179.6 189.9 194.9 203.3 207.3 208.8 213.6 221 229.9 233.8 235.1 235.4 235.6 236.9 240.2 244.9 251.8 261.8 269.5 277.8 282.4 285.3 285.1 285.7 289.9 299.3 315.2 326.8 329.8 338.6 348 350.5 352.3 353.9 357 365.1 371.1 378.7 371.3 364.6 349.2 323.2 304.9 295 290.7 283.3 279.1 279.1 282 275.4 237.6
-1.9 -1.9 -1.9 -1.9 -1.9 -1.9 -1.9 -1.9 -1.9 -1.9 -1.9 -1.9 -1.9 -1.9 -1.9 -1.9 -1.9 24.2 33.7 51.9 61.6 70 74.3 79.2 97.2 109.3 120 127.6 136.2 135.2 146.8 161.5 177.7 186.4 193.9 202.3 206.2 209.7 213 218.3 227.7 233.3 235.5 235.9 234.6 234.6 237.5 242.5 250.8 264.5 271.8 277.1 282.1 284.4 283.1 283.2 287.8 297.7 313.2 331.5 335 339.7 351.5 357 357 355.5 357.1 366.5 370.9 370.5 365.6 360 342.5 320.5 301 293.2 289.5 282.6 274.6 277.9 281 278.6 242.6
