public/OST50/NG54.asc
ncols 200
nrows 200
xllcorner 150000
yllcorner 840000
cellsize 50
[rows 148 to 184 of 200, columns 83 to 165 of 200]
-1.9 -1.9 -1.9 -1.9 -1.9 -1.9 -1.9 -1.9 -1.9 -1.9 -1.9 -1.9 -1.9 -1.9 -1.9 -1.9 -1.9 22.2 29 48.8 59.1 67.5 72.9 79.3 90.2 104.2 116.9 129.9 140.7 142.4 147 168 180.6 184.7 195.5 202.1 205.5 208.6 211.5 214.8 222.8 230.9 235.3 236.2 235.9 234.6 235.7 240.5 250 261.2 271.3 276.6 281 283.4 282.1 281 285 295.6 312.1 331.5 339.4 344.6 354.5 361.3 363.2 360.4 359.3 364.8 370.9 367.9 359.9 356.1 341.4 319.9 298.7 292.8 288 281.9 274.5 277.5 280.2 279.2 256.3
-1.9 -1.9 -1.9 -1.9 -1.9 -1.9 -1.9 -1.9 -1.9 -1.9 -1.9 -1.9 -1.9 -1.9 -1.9 -1.9 -1.9 17.9 35.7 41.1 54.4 64.1 70 74.8 85.1 99.1 114.9 128.3 143 149.3 151 170.4 175.7 184.5 191.2 201.8 204.7 207 209.9 212.1 220.4 230.3 233.9 236.8 235.3 234.7 235.3 239.3 248.5 260 270.5 276.9 281.1 282 281.4 281.7 286.1 296.1 307.7 326.8 343.4 347.4 356.8 364.2 368.1 367 362.3 363.7 368.6 364.5 358.3 354.7 340 318.8 299.8 291.1 285.9 282 275.5 276.6 280.1 281.8 260.4
-1.9 -1.9 -1.9 -1.9 -1.9 -1.9 -1.9 -1.9 -1.9 -1.9 -1.9 -1.9 -1.9 -1.9 -1.9 -1.9 -1.9 -1.9 22.3 35.6 48.8 59.6 62 64.9 76.4 96.2 108.3 122.8 138 149.6 153.7 171.1 176 184.7 190.1 199.5 203.4 205.9 206.9 209.1 214.4 224 231.8 235.3 235.9 234.6 234.1 238.6 247.2 259.5 268.5 275.5 281.2 281.7 280.8 282.5 286 295.5 305.9 330 345.2 347.4 358.6 367.7 369.6 369.2 369.9 365.1 362.3 359.4 354 351.6 338.9 317.8 298.6 290 283.8 281.3 276.7 274.1 280.2 282.6 252.7
-1.9 -1.9 -1.9 -1.9 -1.9 -1.9 -1.9 -1.9 -1.9 -1.9 -1.9 -1.9 -1.9 -1.9 -1.9 -1.9 -1.9 -1.9 15 28.6 40.6 56.8 57.3 58.4 67.6 89.7 104.8 115.4 131.3 142.5 148.2 168.9 174.6 181.3 189.3 198 202.7 203.4 204.4 205.2 208.5 218.3 228.1 232 234.4 234.7 235.4 239.3 246.6 258.4 266.8 274.3 280.7 281.1 280.1 280.9 285 293.4 305.5 328.2 349 349.6 361.3 370.9 369.3 371.2 373.2 366.3 359.2 355 350.3 349.6 339.7 317.4 300.1 288.5 282.7 280.3 275.2 269.8 278.5 280.9 255.6
-1.9 -1.9 -1.9 -1.9 -1.9 -1.9 -1.9 -1.9 -1.9 -1.9 -1.9 -1.9 -1.9 -1.9 -1.9 -1.9 -1.9 -1.9 2.2 24.2 35.1 48.7 46.8 54.6 61.3 84.8 99.7 109 128.6 143 150.4 165.6 173.3 181.4 189.4 193.9 198.4 199.3 200.4 200.5 202.8 212.9 222.8 228.6 233 234.7 236.6 240.8 246.5 256.5 265.4 271 276.5 279.4 279.1 281.2 285.1 293.8 305 321.2 340.4 345.5 362.3 369 368.4 371.5 376.3 367.2 356.6 350.5 347.4 346.8 335.9 316.1 300.1 290 282.7 280.8 274 268.9 276.9 280.5 263.1
-1.9 -1.9 -1.9 -1.9 -1.9 -1.9 -1.9 -1.9 -1.9 -1.9 -1.9 -1.9 -1.9 -1.9 -1.9 -1.9 -1.9 0 2.3 14.5 29.6 40.8 39.6 45.9 53.1 78.4 95.7 104.6 122 139.3 153.5 164.6 175.2 180.4 189.6 191.7 193.1 195.2 195.9 196 198.9 208.3 219.5 225.7 230.1 234.6 237.8 241.5 247 253.1 262.4 266.9 270.7 273.5 274.8 279.4 286 294.9 310.6 317.2 331.1 342.8 359 368.2 365.9 366 367.9 367.1 357.6 344.6 341.6 338.2 330.2 314.5 297.8 290.4 282.8 279.6 272.9 268.9 275.1 281 270.9
-1.9 -1.9 -1.9 -1.9 -1.9 -1.9 -1.9 -1.9 -1.9 -1.9 -1.9 -1.9 -1.9 -1.9 -1.9 11.2 1 1.9 1.6 5.1 21.3 28 29.9 41.2 43.9 62 85.2 100.7 116.3 134.3 151.7 161.2 173.3 184.7 185 189.6 186.7 188.5 190 191.6 195.5 205 216.3 223.7 228.3 233.2 239.3 241.4 246.2 251.3 258.9 263.7 266.9 270.2 272.7 278.6 284.5 295.2 314.6 319.9 325.1 339.5 359.1 364 364.8 363.2 362.8 363.1 358 341 336.3 327 318.8 310.4 298.3 292 283.7 275.8 270.6 270.5 275.4 273.4 275.3
-1.9 -1.9 -1.9 -1.9 -1.9 -1.9 -1.9 -1.9 -1.9 -1.9 -1.9 -1.9 -1.9 -1.9 -1.9 -1.9 8.9 13.5 6 3.8 15.2 20.7 29.3 35.8 39 50.6 73.5 95.8 115.3 133.9 146.9 156.8 170.5 186.6 179.2 178.5 176.5 180 180.6 184.3 190 200.3 210.9 220.9 226.3 231.1 236.9 238.2 242.5 247 254.7 259.8 262.4 266.5 271.9 277 284.4 295.2 316 329.1 328 338.3 355.8 359.5 368.5 363.9 362.7 361.2 349.7 339.5 331.3 321.7 312.1 306.2 299.4 292.6 284.7 280.1 272.8 269.2 273.7 272.5 275.8
-1.9 -1.9 -1.9 -1.9 -1.9 -1.9 -1.9 -1.9 -1.9 -1.9 -1.9 -1.9 -1.9 -1.9 -1.9 8.4 19.8 24.8 21.2 14.4 10.5 22.3 29.1 36.5 39.4 45.6 68.9 85.5 107.6 127.9 141.1 147.7 160.5 171.8 168.5 160.5 161.3 166.9 168.6 179.2 187.8 194.3 204.2 214 221.4 229 234.2 236.5 238.9 243.1 249.7 255.9 258.3 262.6 268.9 273.3 281.5 292.1 313.3 329.8 329 332.8 349.1 355 365.1 363.3 360.8 360.2 347.5 335.3 323.2 316.5 307.4 303.1 300.5 293.9 286.8 281.4 277.6 269.1 269.8 269.7 280.5
-1.9 -1.9 -1.9 -1.9 -1.9 -1.9 -1.9 -1.9 -1.9 -1.9 -1.9 -1.9 -1.9 -1.9 -1.9 18.1 24.3 30.2 29.3 25.1 21.1 15.7 26.4 35.9 39.5 39.4 60.9 79.9 96.4 120 129.2 144.2 150.3 154.8 152.3 147.9 147.7 152.6 163.5 176.5 185.6 192 198 208.6 217.2 225.3 231.7 235.4 237.5 239.9 246.2 250.2 254.1 258.7 264.8 272.2 279.5 289.2 307.9 325 329.6 333.1 342.8 352.2 358.2 359.3 358.3 355.7 348.3 331 319.9 310.8 304.6 300 299.4 293.8 287.7 282.4 278 266.9 266.4 269 278.7
-1.9 -1.9 -1.9 -1.9 -1.9 -1.9 -1.9 -1.9 -1.9 -1.9 -1.9 -1.9 -1.9 -1.9 9.5 20.1 30.1 34.4 38.9 34.7 28.3 22.1 21.3 29.7 29.7 30.9 47.2 68.3 87 109.3 120.4 137.5 144.6 150 147.2 139.8 137 143.1 161.6 176.6 182.8 187.7 192 200.5 211.3 218.8 228.4 233.3 232.4 236.7 241.6 245.6 249.2 253.7 260.1 269 277.1 285.5 301.6 319.3 328.4 334.7 341.8 350.2 353.3 353.6 349.8 350.7 342.2 325.8 317.8 308.8 298.1 295 293.9 292.1 286.5 280.6 271.7 264.2 264.9 269 276.1
-1.9 -1.9 -1.9 -1.9 -1.9 -1.9 -1.9 -1.9 -1.9 -1.9 -1.9 -1.9 -1.9 -1.9 3.6 22.4 33.3 39.3 40.4 40 33.4 26.7 24.7 36.7 43.3 41 40.3 58.9 76.6 100.6 114.7 124.5 131.2 135.3 133.3 132 129 133.7 160.1 176.6 179.4 182.3 186.1 191.8 202.8 212.4 223.2 230.6 230.7 232.5 238.1 241.5 245.1 248.8 255.6 265.1 275.1 284.8 294.5 311.4 324.7 331.8 337.9 342.9 352.4 350.4 340.9 340.5 333.8 321.5 313.5 305.4 294.6 290.2 289.7 289.9 283.2 276.9 270.5 271.7 261.4 266.5 272.2
-1.9 -1.9 -1.9 -1.9 -1.9 -1.9 -1.9 -1.9 -1.9 -1.9 -1.9 -1.9 -1.9 -1.9 18.7 32.6 41.3 49.8 50 48.6 36.5 28.8 30.4 47 64.8 63.8 51.1 54.7 68.5 91.8 104.4 115.2 113.4 112.1 112.8 115.6 119.8 129.3 150.3 170.6 174.7 176.3 180 181.7 193.6 205.2 217.7 226.7 231 228.8 234.8 239 242.1 246.2 252.5 262.4 274.1 283 291.5 300.6 311.9 325.3 332.5 334.1 346.7 342.9 337.5 334.7 327 317.6 310.2 302.4 290.2 286.2 285.2 284.6 280.3 274.2 272 276 261.7 260.6 268.4
-1.9 -1.9 -1.9 -1.9 -1.9 -1.9 -1.9 -1.9 -1.9 -1.9 -1.9 -1.9 -1.9 -1.9 22.2 37.4 50.7 51.3 55.9 53.2 53.2 37.5 41.4 52.9 69.4 79.6 63.7 50.9 60.7 82.7 93.4 102.2 99.4 97.1 100.8 100.8 122.3 127.2 144.1 162.7 168 171.1 177.9 178.6 188.3 199.4 209.2 214.5 218.1 220 233.1 238.3 240.5 244.2 250.6 261.5 272.8 281.8 293.2 297.2 301.5 313.5 320.1 324.5 339.1 337.2 332.8 329.2 318.6 310.1 309.2 301.6 288.3 282.5 279.7 279.3 278.6 276.5 277.5 276.5 263.7 259.6 265.2
-1.9 -1.9 -1.9 -1.9 -1.9 -1.9 -1.9 -1.9 -1.9 -1.9 -1.9 -1.9 -1.9 -1.9 22.2 35.7 51.2 56 59.7 61.7 60.8 48.6 48.6 54.9 67.5 81 76.6 49.2 55.7 73.3 83.8 87 87.4 85.1 89.6 104 121.6 128.2 138.8 155.3 160.9 165.2 169.5 173.3 180.1 184.5 189.7 196.4 210.5 224.1 229.5 240.1 241.6 245 250.4 259.2 270.4 282 295.2 298.7 299 303 308.2 313.2 326 326.7 329.2 322.6 309.7 303.5 302.6 299 287.9 283.6 280.5 280.2 280.5 278.4 278.7 277.3 268.8 268.3 262.9
-1.9 -1.9 -1.9 -1.9 -1.9 -1.9 -1.9 -1.9 -1.9 -1.9 -1.9 -1.9 -1.9 -1.9 17.7 40.3 54.6 59.1 60.9 70.8 64.5 53.9 50.4 52.8 63.7 81.1 82.7 60.8 53 65.3 80.2 72.6 80 81.3 94.9 110.6 118.7 130.6 132.4 149.2 154.5 157.7 159.8 163.6 173.3 185.2 199.1 211 221.9 229.4 232.2 240.4 241.7 245.9 250.1 256.9 266.6 279.8 293.4 300.5 300.8 300.5 305.1 311.4 317.3 321.1 326.7 316.1 305.8 299.6 299.3 299 288.9 284.1 284.1 284.2 283.6 281.5 279.7 280 269.6 270.7 261
-1.9 -1.9 -1.9 -1.9 -1.9 -1.9 -1.9 -1.9 -1.9 -1.9 -1.9 -1.9 -1.9 -1.9 -1.9 31 54 59.8 59 69.3 71.2 54.6 58.7 53.2 60.9 79.9 89.8 69 49.6 59.3 68 84.7 83.6 84.6 110.6 121.9 130.5 128 130.4 141.7 149.5 150.1 156.1 167.3 180 189.5 201.1 213.2 221.9 228.2 233.8 239.5 244.5 248.5 249.7 255.7 265 281.1 290.3 298.1 300.3 299 301.6 310.8 317.3 319.7 321.1 309.4 300.8 298.1 298.8 300.7 289.8 283.6 287.1 288.7 287.9 284.8 281.2 281.7 271.2 270.1 255.4
-1.9 -1.9 -1.9 -1.9 -1.9 -1.9 -1.9 -1.9 -1.9 -1.9 -1.9 -1.9 -1.9 -1.9 -1.9 27.7 51.9 60.2 59.6 68 70.6 58.2 63.6 54.7 59.2 75.2 89.5 70.6 52.1 63 75.1 94 102.8 79.9 108.6 119.2 131.4 132.7 133.9 136.9 147.8 146.3 154.7 166.5 179.9 190.4 200.3 210.2 219.2 225.3 231.6 238.1 247.5 250.3 249.7 253.8 264 272.8 286.6 296.1 300.3 299 297.9 307.2 311.2 312.3 307.1 299.9 298.6 299.1 300.7 301.9 293.8 284.4 287.5 290.6 292.3 288.6 286 283.5 272.7 272.5 257.7
-1.9 -1.9 -1.9 -1.9 -1.9 -1.9 -1.9 -1.9 -1.9 -1.9 -1.9 -1.9 -1.9 -1.9 -1.9 23.7 46.3 53.1 57.3 63.5 70 60.9 67.4 58.2 54.6 71.4 72.1 58.7 53 66.8 83.6 95.2 106.9 97.9 93.3 113.3 138.8 140.3 134.3 136.4 136.9 142.2 151.8 165.7 178.2 188.4 198.4 207.9 216.2 222.8 229.4 238.9 249 253.4 253.3 253.5 261.6 271.8 283 294.2 294.7 296.7 296.7 297.8 302.2 301.6 299.5 298 298.8 301.2 305.7 303.1 289.8 287.3 289 293.9 300.9 290.1 288.8 286.8 275.1 275 259.3
-1.9 -1.9 -1.9 -1.9 -1.9 -1.9 -1.9 -1.9 -1.9 -1.9 -1.9 -1.9 -1.9 -1.9 -1.9 14.9 40.1 48.2 52.5 65.9 73.3 61.3 67.2 59 54.6 70 61.7 56 60.8 73.3 83.2 90 100.7 105.5 98 107.1 139.1 141.1 129.3 130.7 132 140.1 150.2 163.9 173.7 186.4 196.6 205 213.3 220.5 227.6 237.8 247.7 259.4 259.1 259 260.6 265.6 268.1 277 284.2 292.4 287.5 289.2 293.5 293.7 293.2 294.6 299 302.9 309.7 298.6 287.6 286.9 288.9 295.6 305 291 289.5 289.7 275.3 275.9 258.6
-1.9 -1.9 -1.9 -1.9 -1.9 -1.9 -1.9 -1.9 -1.9 -1.9 -1.9 -1.9 -1.9 -1.9 -1.9 11.1 32.7 43.6 46.4 62.9 63.8 63.1 63.6 54.7 54.6 56.1 58.8 57.1 64.2 69.7 75.8 84.8 96.6 105.4 108.7 104.4 123.3 140.3 127.4 134.3 143.4 139.3 141.5 152.4 165.7 181.8 195.2 203.3 211.1 217.4 224.6 233.3 245.4 259.3 264.2 262.9 263.2 271.4 284 292 294.7 293.6 295.6 289.6 289.7 289.9 289.9 294.6 299.9 305.4 310 296.3 288.2 286.5 288.7 295.7 306.4 291.3 288.3 289.8 277.5 276 267.2
-1.9 -1.9 -1.9 -1.9 -1.9 -1.9 -1.9 -1.9 -1.9 -1.9 -1.9 -1.9 -1.9 -1.9 -1.9 -1.9 29.7 40.8 44.2 58.4 60.7 65.1 63.3 54.6 54.6 54.6 61.3 63.1 63.2 64.2 67.6 78 91.8 104.5 110.4 125.2 110.2 136.6 125.3 142.7 153.1 146.9 141.9 158.5 173.5 186.9 198.8 201.6 209 215 220.5 226.4 244 257.7 271 270.8 269.8 273.4 284.8 294.6 296.5 296.6 295.3 289.7 289.6 290.3 292 297.3 302.8 308.6 311.2 296.3 292.5 288.2 289.2 298.8 309.6 296.3 288 289.6 277.8 273.4 270.9
-1.9 -1.9 -1.9 -1.9 -1.9 -1.9 -1.9 -1.9 -1.9 -1.9 -1.9 -1.9 -1.9 -1.9 -1.9 -1.9 27 43.4 45.1 59.7 60 61.5 54.7 54.6 54.6 60 69.2 69.8 64.1 63.9 68 72.6 85.4 98.1 111.9 125.2 130.8 131.7 126.7 146.5 158.7 156.6 141.3 151.7 170.3 185.2 196.1 206.8 209.2 212.1 217.2 224.4 235.3 252.6 271.9 275.9 277.8 279.9 285.9 297.4 299.6 299.4 295.8 290.3 291.3 292.9 295.3 298.8 306.4 311 313.9 298 294.8 288.8 291 301.3 311.8 305.5 289.3 287.4 280.2 276.1 273.7
-1.9 -1.9 -1.9 -1.9 -1.9 -1.9 -1.9 -1.9 -1.9 -1.9 -1.9 -1.9 -1.9 -1.9 -1.9 -1.9 22.3 38.5 48 60.4 62 62.3 54.6 54.6 54.6 66.1 74.3 73.9 69.5 65.8 64.6 68.3 78.7 96.3 115.4 126.3 148.5 127.4 130.7 149 161.2 163.4 151.7 149.6 167.1 183.8 197.2 209.3 210.3 210.4 216.3 222.7 231.3 247.8 262.3 279.3 284.4 287.1 291.3 298.9 302.3 300.8 298.3 293.5 293.1 295.2 297.5 300.2 308.8 311.5 314.6 300.6 298.8 292.3 292.3 303 314.6 314.5 293.6 288.7 280.9 274.4 274
-1.9 -1.9 -1.9 -1.9 -1.9 -1.9 -1.9 -1.9 -1.9 -1.9 -1.9 -1.9 -1.9 -1.9 -1.9 -1.9 6.1 34.5 50.9 59.9 63.1 63.8 57.6 54.6 55.9 68.5 80.2 78 71.3 65.8 64.8 67.5 77.2 101.7 119.7 131 142.5 142.2 131.3 150.5 165.2 170.7 163.8 148.7 170 187.1 199.4 208.9 217.8 215 219 220.4 229.1 243.6 256 279 288.7 293.5 297.1 301.8 306 303.7 299.3 295.2 292.7 297.8 299.4 304.1 310.5 315 317.1 304.2 301 294.1 292.6 305.7 317.8 321.6 297.2 291.9 279.9 274.4 262.4
-1.9 -1.9 -1.9 -1.9 -1.9 -1.9 -1.9 -1.9 -1.9 -1.9 -1.9 -1.9 -1.9 -1.9 -1.9 -1.9 -1.9 29 49.6 54.8 70 69 64 61.9 59.7 69.5 82.9 81.4 73.4 69.1 64 67.4 82.2 107.7 121 133.9 140.5 139 133.1 153.3 168.3 174.4 171.8 151.5 169.7 188.4 199.9 211.5 221.4 222.2 216.1 219.5 226.3 237.5 254.1 276.3 290.9 296.9 302.4 306.4 310.3 310 304.2 297 296.8 299.5 303.1 308 312.2 316.9 320.6 306.7 303 295.9 293 305.8 319 324.4 298.5 292.3 281.1 273.8 248.4
-1.9 -1.9 -1.9 -1.9 -1.9 -1.9 -1.9 -1.9 -1.9 -1.9 -1.9 -1.9 -1.9 -1.9 -1.9 -1.9 -1.9 7 34.4 50.7 64.1 64 70.8 73.8 67.8 69 86 93 81.5 71.4 63.9 69.7 85.3 107.3 119.5 130.7 141 139.6 135.6 153.8 170.1 178.8 179 158 168.3 192.9 198.7 212 224.2 228.6 222.7 219.7 225.6 231.3 249 271.1 290 297.4 304.6 307.9 310.9 312.2 309.7 301.9 299.2 299.7 304.7 310.8 315.7 318.5 321.7 310 306.1 296.5 294.2 305.7 321.4 329.2 300.6 292.6 285.4 276.2 260.7
-1.9 -1.9 -1.9 -1.9 -1.9 -1.9 -1.9 -1.9 -1.9 -1.9 -1.9 -1.9 -1.9 -1.9 -1.9 -1.9 -1.9 -1.9 29.1 34.9 52.5 64 76.1 73.8 68.5 68.4 88.6 105 95.7 77.2 63.8 67.5 84.7 105.9 118 129.8 139.8 141.6 135.7 153 170.5 178.9 180.5 160.8 171.4 195.3 198.6 207.4 221.4 231 229.5 223.2 229.8 238.4 245.9 259.5 270.8 288.3 299.7 305.6 312.1 314.6 311.5 304.1 298.7 299.7 306 313.7 319.8 320.4 323.3 315.6 311.2 301 297.7 307.8 318.8 329.1 305.2 293.5 287.4 273 269.8
-1.9 -1.9 -1.9 -1.9 -1.9 -1.9 -1.9 -1.9 -1.9 -1.9 -1.9 -1.9 -1.9 -1.9 -1.9 -1.9 -1.9 -1.9 19.4 27.6 38.8 69.8 80.2 77.9 68.3 68.3 90.4 111.7 101.8 86.7 66 65.8 84.5 105.3 116.7 126.5 135.3 140.3 135.8 153.5 168.9 177.3 180.7 159.6 172.7 190.8 195.9 203 216.5 230.5 237.5 231.6 231.7 240.2 248.6 256.6 266.4 286.5 295.4 301.6 310.1 316.2 312.6 306.7 299.4 300.4 308.6 316.9 325.2 328.6 324.8 319.3 312.6 302.2 299.7 309.6 318.7 330.1 309.9 293.4 290.9 270 269.9
-1.9 -1.9 -1.9 -1.9 -1.9 -1.9 -1.9 -1.9 -1.9 -1.9 -1.9 -1.9 -1.9 -1.9 -1.9 -1.9 -1.9 -1.9 -1.9 22 29.4 60.3 83.7 93.1 78.7 68.8 89.8 109.2 102.8 90.3 69.6 68 82 107.5 114.1 122.1 129.3 136.4 136.5 154.5 170.6 178.2 181.4 165.6 173 188.9 194.8 201.5 214.6 230.4 240.7 238.9 235.7 245.3 254.1 263 269.4 282.6 293.6 302.6 309.7 315.8 312 310.4 302.5 302.3 310.2 318.7 329.6 334.2 329 319.5 307 298.1 301.2 312.8 322 329.3 314.7 294.1 290.8 270 270.2
-1.9 -1.9 -1.9 -1.9 -1.9 -1.9 -1.9 -1.9 -1.9 -1.9 -1.9 -1.9 -1.9 -1.9 -1.9 -1.9 -1.9 -1.9 -1.9 3.7 33.8 62.2 99.7 104 88.7 72.4 86.3 101.3 101.7 87.6 74.5 68.4 75.2 103.9 110.1 117.6 122.4 129.9 137 153.8 168.4 180.1 185.7 172.2 169.7 184.2 190.3 197.4 213.4 230.7 244.3 248.6 240.3 246.2 258.7 269.7 278.8 286.2 295.5 304.6 311.2 316 312.7 309.7 307.7 306.1 314.2 322.6 331.4 338.1 336.2 321.8 309 298.6 304.7 315 325 332.1 313.5 296.3 293.3 272.8 270.5
-1.9 -1.9 -1.9 -1.9 -1.9 -1.9 -1.9 -1.9 -1.9 -1.9 -1.9 -1.9 -1.9 -1.9 -1.9 -1.9 -1.9 -1.9 -1.9 -1.9 30.8 68.8 106.5 107.8 95.8 78.4 77.8 91.6 95.4 88.9 79.8 68.7 70.4 97.1 104.7 111.3 117.2 124.6 136.1 151.2 165.8 179.5 180.3 178.6 171.1 178.3 186.5 197.3 213.9 229.4 242.9 252.6 248.8 249.2 260.9 271 280.3 288.2 295.8 304.1 311.4 316.5 313.4 310.9 310 310.3 315.4 326 334.5 340.1 339.9 330.1 316.5 299.6 305.3 316.1 326.8 338.1 319.4 300.7 295.7 275.1 270.7
-1.9 -1.9 -1.9 -1.9 -1.9 -1.9 -1.9 -1.9 -1.9 -1.9 -1.9 -1.9 -1.9 -1.9 -1.9 -1.9 -1.9 -1.9 -1.9 -1.9 33.2 82.9 105.9 109.8 98.6 81.8 74.6 82 85.7 88 83.5 67.2 67.5 91.7 100.3 105.1 115.3 120.9 133.9 151.3 166.2 174.6 178.8 180.2 170.5 174.8 184.4 197.5 213.5 228.6 242 256.1 257 253 262.5 270.9 278.4 286.3 296.4 304.4 311 316.7 316.1 314.3 313.1 313.1 317.3 328.5 336.2 342.4 346.6 339.6 323.3 307.2 308.6 318.8 328.7 340.9 326.7 303.4 294.1 277.9 270
-1.9 -1.9 -1.9 -1.9 -1.9 -1.9 -1.9 -1.9 -1.9 -1.9 -1.9 -1.9 -1.9 -1.9 -1.9 -1.9 -1.9 -1.9 -1.9 -1.9 40.1 86.2 100.3 105.7 96.3 82.7 72.6 76.6 78.7 84.9 84.4 65.4 65.5 80.1 91.3 99 109.7 117 132.8 150 163.7 173.5 179.3 180 176.7 177.1 187.1 199.7 211.8 225.4 238.9 255.8 263.2 259.5 263.9 271.6 278.2 286.2 295.7 303.6 309.9 313.5 317.6 316.6 317.2 318.3 318.9 327.8 337.7 345 349.2 345.8 329.7 314 312.5 321 332.5 342.5 331.2 305.1 294.3 281.9 271.2
-1.9 -1.9 -1.9 -1.9 -1.9 -1.9 -1.9 -1.9 -1.9 -1.9 -1.9 -1.9 -1.9 -1.9 -1.9 -1.9 -1.9 -1.9 -1.9 -1.9 66.7 83.7 92.3 102.6 100.5 85.6 71.9 72.3 73.1 83.2 84.5 65.4 66.4 75.6 83.4 91.6 100.6 113.9 133.7 149.7 164.8 174.2 180 179.3 174.2 178.6 189.2 200.1 210.7 221.4 234.8 255 270.2 264.5 265 272.4 279.1 286.1 294.7 302.9 308.9 315.1 314.9 315.8 317.7 320.5 320.2 329.4 338.7 347.2 351.5 348.5 334 319.5 318.7 326.3 335.9 344 336.3 308 296.4 283.2 273.3
-1.9 -1.9 -1.9 -1.9 -1.9 -1.9 -1.9 -1.9 -1.9 -1.9 -1.9 -1.9 -1.9 -1.9 -1.9 -1.9 -1.9 -1.9 -1.9 52.2 61.3 77.6 87.8 112.3 113 91.5 73.4 72.1 72.4 78 84.8 68.1 65.4 69.9 77.1 85.6 91.2 111.4 133.8 150.5 166.6 175.5 179.6 178.5 175.1 186.2 189.9 199.9 209.6 218.9 233 253.6 270.6 272.1 266.3 273.3 280.3 287.2 294.3 299.2 305.8 310.7 310.2 312.7 315.4 318 322.5 329.7 336.8 345.5 352.1 352 338.6 324.5 323.9 331.7 337.3 342.1 334.4 318.7 300.8 284.1 274.6
-1.9 -1.9 -1.9 -1.9 -1.9 -1.9 -1.9 -1.9 -1.9 -1.9 -1.9 -1.9 -1.9 -1.9 -1.9 -1.9 -1.9 -1.9 -1.9 46.6 57.4 77.3 87.4 108 117 97.6 74.8 76.4 74.6 73 79.5 72 65.4 65.9 73.7 81.8 93 112.3 130.6 148.8 166.8 176 180.8 178.6 177.6 187.8 193 203.2 210.3 218.3 232.8 254 274.2 280.8 272.8 275.3 281.9 288.9 295.3 298.9 301.4 307.9 309.4 310.2 312.8 315.9 321.3 330.1 338.2 345.1 351.4 350 338 328.7 328.1 336.7 339.4 345.2 337.6 332.6 305.4 283.3 274.8
