public/OST50/NG60.asc
ncols 200
nrows 200
xllcorner 160000
yllcorner 800000
cellsize 50
[rows 111 to 147 of 200, columns 0 to 81 of 200]
198.1 199 199.7 206.4 209.7 215.6 213.1 210.5 206.9 200.9 199.8 213.6 217.8 212.2 206.9 203.6 192.6 184.2 191.8 190.4 198.7 196.3 194.6 196.8 189.3 179.5 175.6 174.9 168.2 163.1 159.9 156.6 154.4 155 161.8 167.3 176.4 184.3 193.1 195.6 197.6 192.7 184.6 179.2 180.8 186.9 180.4 174.8 167.6 164.8 162.2 161.5 155.6 149 146 142.6 141.9 141.6 137.6 135 137.1 133 133.3 128.4 118.4 111.1 111.7 109.3 93 78.4 73.3 71.8 68.9 59.6 50.4 40.2 28.6 16.8 12.4 3.7 2.4 -1.8
194.7 197.8 199 210.3 210.9 212.6 214 214.6 211.8 208.8 201.6 211.2 222.5 216.9 212.5 210.3 206.8 189.1 201.8 196.8 201.3 201.8 197.2 195.6 191 183.8 175.5 174.2 166.3 161.3 158.1 159.8 164.4 164.7 164.7 172.2 180.1 188.5 198.6 199.1 200.6 196.7 184.4 177.1 178.9 178.7 172.6 168.8 160.8 154.6 151.2 150.8 148.6 147.7 140.8 138.9 141.5 139.6 136.5 135.7 136.6 135.6 137.7 131.4 122.4 113.9 112.6 112.1 93.7 74.3 71.5 70.7 63 53.7 44.5 35.1 24.4 15.7 13.2 4.8 1.6 -0.4
198.7 201.5 206.8 213.2 217.5 219.9 219.9 219.7 217.2 214.2 207.4 204.8 220.9 221.2 219 214 209.8 199 201.5 203.6 202.3 201 200.6 198.1 194.7 191.3 179.4 173.5 167.1 161.4 167.8 171.5 170.3 170 171.3 172.5 178.3 184.8 197.5 200.1 199.7 193.5 183 175.2 169 165.8 160.2 159.4 155.1 151.5 149.2 143.4 137.6 136.8 133.9 138 140 138.3 137.1 136.5 138.8 140.5 138 131 122.7 116.4 113.7 112.3 93.2 73.1 66.8 62.7 54.5 46.1 37.4 30.1 21.1 12.4 2.5 1.1 -0.2 -1.8
199.2 203.4 220.8 219.2 224.6 224.6 222.2 221.1 219.7 220.4 213.5 202.6 211 214 212.6 208.2 204.4 199.7 201.2 206.7 204.9 202.1 203 200.6 197 193.2 183 173.6 170.5 172.8 176.8 174.8 177.1 182.3 182.8 177.8 178.1 179.2 185.4 190.8 188.9 183.8 175.3 168.5 163 161.1 159.9 152.1 149.1 147 151 143.1 132.6 131.3 129.9 134.9 140.4 139 137.9 137.3 138.9 140.9 136.4 130.2 122.9 114.2 108.3 101.7 89.5 71.1 58.4 54.5 46 38 30.2 23.6 17.2 5 0.8 -0.5 -1.8 -1.8
193.5 201.5 215.3 224 225.4 224.4 221.6 220.4 223.6 225.7 216.1 202.5 201.2 206.9 208.9 210 208 202.3 208.9 206.4 207.6 204.4 204.8 201.9 197.1 190.8 182.4 181.2 183.7 185.6 188.3 185.4 183.2 188.6 190.7 184.7 179.1 177.1 178.9 182.8 180.3 176 175.5 173.2 165.9 156.7 154.6 150 145.6 147.1 147.9 138.3 131.2 126.8 128.1 131.7 137.7 140 140.2 135.5 136.8 138.3 132.2 119.4 113.6 105.3 97.6 90.7 78.3 68 54.7 50.9 44.5 36.3 28.1 21.1 12.3 1.4 -1.8 -1.8 -1.8 -1.8
184.4 195.2 206.4 219.8 219.9 220.7 222.3 219.9 217 218.3 214.8 204.6 200.6 204.6 210.4 213.7 213.5 207.1 205.7 206 205.9 203.9 203.4 199.4 194.2 188.2 189 199.5 194.2 194 191.7 188.3 185.6 185.4 189.5 188.4 179.1 178 175.7 176.3 177.1 176.7 178.4 173.2 162.6 157.3 150 147.8 142.4 143.7 141.2 138 132.8 125.2 123.1 127.9 134.3 137.7 138.4 130.5 128.5 129.2 121.4 106.9 101 96.4 89.6 81.1 72.1 61.3 48.7 45.8 40.4 33.8 26 18.7 10.9 1.6 -1.8 -1.8 -1.8 -1.8
181.8 191 201.8 211.4 216.3 220.4 224.7 219.7 212.1 211.6 213.6 206.2 199.5 210.4 218.6 215.4 212.1 206.7 203.4 204.4 205.6 204.9 202.5 200 195.7 194.4 200.1 199.2 197.3 197.2 192.6 189.3 187.8 184.5 185.2 184 178 177.6 175.8 175.5 178.3 175.1 174.6 170 161.6 158 147.8 143.7 135.1 135.5 133.6 132.6 127.3 119.8 116.1 121.9 131.1 129.2 128.2 126.8 123.4 123 119.6 105 95.1 91.3 86.2 75.2 64.3 51.8 44.5 39.3 34.4 29.1 22.8 16 8.2 1.3 -1.8 -1.8 -1.8 -1.8
174.9 189.7 196.8 203.6 209.8 212.9 221.2 216.6 210.4 210.9 214.6 206.6 206.9 208.2 212.8 213.8 210.6 207.8 204.6 204.1 205.4 205.4 202.1 199 196.4 202.3 202.1 201.5 196.8 195.7 192.8 189.1 187 183.8 180.1 178.3 176.7 177.2 177.9 173.8 175.6 175.1 174.7 170.2 160.7 155.6 146.5 140.6 131.9 129.8 126.8 120.8 119.2 114.7 111.5 116 123.8 128.1 133.7 127.3 121 121.9 121.4 112.9 91.6 87.7 83.6 69.8 59.4 48.5 39.7 34.7 29.1 23.4 17.8 15.6 12 1.3 -1.8 -1.8 -1.8 -1.8
171.3 186.6 202 207 209.5 212.9 217.1 214 207.6 209.4 213.6 206 200.3 206.9 207.4 208.8 210.6 207.8 204.3 202.8 204.1 204.1 201.2 198.1 193.8 198.3 202 201.1 195.9 191.2 191.7 189.8 184.5 180.1 177.3 175.1 176.4 182.4 181.2 174.4 173.2 176.6 173.9 170.1 159.5 150.7 145.9 141.1 136.6 130 127 122.9 117.2 111.5 108.9 111.6 122.8 123.7 129.3 125.1 117.7 121.3 122.1 116.9 98.9 86.5 82.3 66.8 58.3 46.3 37.2 30 24.5 18.7 15.3 13.6 12.1 -1.8 -1.8 -1.8 -1.8 -1.8
169.5 179.3 194.4 205.4 210.4 219.6 215.4 217.9 210.5 204.5 208.4 209.3 201.2 199.1 200.8 203.8 209.2 206.1 202.7 200.8 201 201.1 199.1 196.1 193.1 195.4 198 198.7 193.2 187 185 183.8 178.9 178.4 179.4 171.8 173.8 179.3 181.1 178 170.7 175 170.7 164.9 163 161 148.5 143.4 137.4 131.6 125.6 117.5 112.5 108.1 106.3 107.3 114.4 118.4 120 118.5 114 118.8 120.5 115 99.3 85.8 78.5 68.8 57.6 44.9 30.8 26.9 20.7 14.7 12.3 6.9 4.9 -1.8 -1.8 -1.8 -1.8 -1.8
172.4 178.1 190.5 199.9 203.3 217.8 216.2 216.7 212.1 204.7 201.8 204.1 198.9 193.8 198.9 201.9 205 203.6 199.7 198.5 200 200.4 196.7 191.2 189.9 191.5 194.5 193.1 189.2 184.3 178.1 175 168.9 168.1 167.9 165.9 168.9 175.4 180.9 178.2 167.1 170.2 171.2 170.7 171.5 165.5 153.1 142 136.1 130.7 125.1 119 110.5 106.6 103.9 105.4 106.1 108.8 110.6 110.6 110.1 114.6 115.2 106.8 91.3 83.5 75.1 66.2 56.4 41 28.6 20.1 14.4 11.3 5.9 1.8 -0.1 -1.8 -1.8 -1.8 -1.8 -1.8
175.2 175 188 198.6 204.9 215.1 216.6 213.3 211.5 205.3 197.8 197 199.8 193.5 194 197.8 200.1 199.8 196.1 195.4 199.3 196.5 191.7 189.2 188.9 188.8 191.3 190.6 186.7 180 174.1 170.4 167.3 160.5 157.4 158.4 159.5 163.3 167.8 168.2 165.3 169.2 174.4 173.4 171.4 164.2 154.1 140.5 134.8 130.7 132.4 127.3 116.5 110.1 104.1 103.4 103.3 105.9 105.4 103.5 103.1 106.5 104.3 94.7 86.2 77.1 69.4 61.5 53 30.2 22.1 15.2 11.7 10.2 4 0.9 -1.8 -1.8 -1.8 -1.8 -1.8 -1.8
179.9 177 183.7 202.3 208.8 212.2 215 215.1 209.7 203.6 199.7 193.7 193.3 192.2 190.2 191.5 191 193.5 193.7 191.5 190.9 191.8 189.4 187.4 187.8 188.3 188.4 190.2 188.5 181.3 173.7 164.2 163.4 161 156.4 152.4 152.9 151.5 155.4 157.7 161.4 167.8 170.4 168.2 166 161.6 154.7 141.9 135.7 131.7 130 129 121.4 109.2 104.5 100.9 99.9 102.5 101.5 96.1 94.5 95.1 93 86.3 78.5 70.4 62.7 54.9 40.5 21.4 18.9 10.8 7.9 8 5.4 1.6 -0.1 -1.8 -1.8 -1.8 -1.8 -1.8
181 182.3 184.9 201.6 211.2 210.9 214 214.5 210.1 203.6 201 195.5 191 189.8 182.6 180.2 180.2 183.5 185.7 187.8 185.6 187 186.9 185.6 186.9 187.1 185.4 188 185.3 182.2 174.3 162.3 157.7 154.5 152.7 151 149.3 148 151.1 153.6 160 164 167.5 167.6 162.4 162 155.6 147.2 136 132.1 126.4 122.8 115.1 109.2 106.6 102.5 97.7 96.7 94.5 94.6 91.2 89.2 89.7 80.7 71.1 62.6 54.6 46.5 33.8 19.7 12.9 5.2 3.5 3.7 4.5 3 2.5 3.9 4.1 2.5 -1.8 -1.8
184.1 184.1 184.6 200 217 217.4 217.7 220.8 217.6 205.9 200.5 197.9 191.3 189.5 180.5 176.4 177.7 179.3 181 180.8 183.8 186.5 190.9 197.1 195.7 188.9 183.7 179.8 181.5 177.3 171.5 162.6 153.4 149 148 146.6 145.2 144.6 146.9 149 155.2 159 163.5 165.3 163.2 160.2 161.4 153.6 136.3 133.6 126.6 117.5 113.7 109.8 109.2 108.2 105 97.8 89 90 90.9 86.2 82.9 75.7 64 55.6 48.5 37.1 25.8 13.4 4.7 2.5 2.5 2.5 2.5 2.5 7.3 15.2 10.9 6.2 -1.8 -1.8
190.3 187.2 187.3 198.2 216.5 226.5 219.7 220.9 218.5 204.9 198.5 195.7 187.8 183.7 180.9 172.7 173.4 175.8 179.7 182.8 189 193.7 199.3 210 203.1 192.6 182.4 179.3 175.4 170.1 165.2 159.7 155.6 150.4 146.4 142.1 141 141.5 143.3 146.4 151.1 156.1 161.6 162.8 161.2 158.3 154.8 146.2 134.9 131.8 126.2 118 113 112.7 112.2 112.6 111.1 101.3 92.6 82.7 83.6 79.7 72.8 68.2 59.8 51.1 40.3 28.2 17.1 7.4 2.5 2.5 2.5 2.5 2.5 4.5 13 18.6 19.5 9.1 1.3 -1.8
202 203.5 204.4 198.2 216.2 230.9 220.2 219.9 220.3 209.7 197.2 189.7 182.1 176.4 175.9 169.3 169.3 169.7 176.8 181.7 188.1 194.5 199.2 201.7 203.6 199.1 188.2 183 174.5 167.9 163.6 160.7 155.8 150.8 144.4 139.6 139.7 140.1 142.3 146.6 150.9 155.3 159.8 161 159.8 151.5 147.9 138.4 132.8 128.1 124.8 116.5 111 111.3 116.8 116.6 117.6 103.8 91 82.1 79.2 74.5 64.9 60.8 53.7 45.7 35.2 24.7 14.2 5.7 2.5 2.5 2.5 2.5 2.5 4.6 13.2 17.5 19 12.2 2.6 -1.8
217.1 218.5 210.3 208.5 218.2 229.1 220.1 219 220.7 213.7 198.3 189.5 182.8 175.2 169.1 169.3 165.2 167.4 175 181.1 185.4 190.4 196.2 201.1 201.9 200.3 194.8 188.4 182 174.4 164.6 158.8 152.9 148.2 143.3 139.2 138.8 139.3 141.7 146.4 150.3 153.1 157.9 156.6 153.7 146.8 141.2 131.7 122.3 117.3 119 113.9 109.9 113.4 117.5 116.1 110.3 99.2 87.2 74.9 66.5 63 56.7 53.5 47.2 40.1 29.7 19.5 9.9 4.1 2.5 2.2 1.9 1.7 1.4 2 5.2 13.1 15.9 12.5 8.3 -1.8
210.8 225.8 216.3 214.1 219.4 228.5 218.8 214.2 220.7 213.9 199.5 186.4 182.2 176.1 169.8 164.5 162.2 166.6 174.6 178.8 182.5 186.7 191.3 198.4 201.3 200.9 195 188.9 184.1 180 168.2 159 151.2 146.3 142.3 139.1 136.8 137.6 139.5 144.6 152.1 159.7 156.9 155.8 154.3 151.3 140.4 126.4 111.4 108.9 111 111 107.4 110.1 106.5 103.6 97.7 87.6 79.4 67.3 57.3 50.8 49.7 46.2 42.4 34.3 26.6 14.6 3.6 2.4 1.7 1.1 0.5 0.3 0 0.6 2.3 7.6 10.7 10.4 11 2.3
207.9 228.3 226.6 226.5 227.8 229.5 220.2 208.1 211.3 207.8 196.1 183.9 177.2 171.8 166 160.8 159.8 164.3 171 175.5 178 182.2 187.5 192.5 196.6 196.3 194.5 189.3 183.4 177.2 171.4 161.8 153 147.7 143.3 138.7 135.2 135.4 138.8 143.6 149 153.9 154.6 153.9 154.6 150.9 139 124.2 113.2 104.9 108.3 103.4 99 96.9 92 88.4 84.8 80.3 69.8 63 52.5 42.5 40.7 40.3 38.6 30.7 25.6 11.7 2.7 1.8 1 0.4 -0.4 -1.8 -1.8 -0.5 0.8 1.5 2 3.5 7.1 1.7
214.3 236 239.6 226 231.6 224.4 220.3 208.2 203.7 200.5 191.8 183.3 176.7 167.9 162.5 157.5 156.7 161.8 167.1 170.7 174.1 178.1 183.3 188.5 191.1 191.4 189.4 189.1 183.3 177.1 172.1 165.1 156.5 149.7 145.7 140.2 131.6 139.7 140.2 145.7 147.4 148.9 152.8 145.4 146 144.1 134.7 121.7 112.7 101.2 100.4 95.6 91.9 91.8 87.1 83.9 76.7 72.4 62.4 57.3 46.6 36.9 31.6 35.7 34 26.1 16.6 6.6 2.5 1.6 0.4 -0.4 -1.1 -1.8 -1.8 -1.8 -1.8 -1.8 -1.8 0.1 2 -1.8
219.4 236.9 235.1 226.9 226.3 224.2 219.5 208.7 198.4 194.2 189.7 184.1 174.9 164.9 159.9 155.7 155.8 160.1 164.8 167.1 170.6 174 179.9 185.6 190 191 189.4 190.3 186.2 179.2 172.4 165.7 158.5 148.4 144.6 140 129.6 134.8 139.3 143.8 142.9 144.9 143 138.7 131.9 129.7 125.4 115.6 103.6 95.6 90.9 87.2 86.6 89.6 82.1 76.5 71.3 67.1 56.5 49.6 40.9 33.3 29.7 29.3 24.5 16.1 11.9 5.3 2.5 2.1 0.7 -0.6 -1.8 -1.8 -1.8 -1.8 -1.8 -1.8 -1.8 -1.8 -1.8 -1.8
222.4 231.9 233.5 224.3 222.8 218.9 216.6 208.3 195.5 191 186.2 179.6 170.3 166.2 159.1 153.4 153.5 159.6 162.5 164.3 167 171.5 178.1 183 187.7 191 190 187 191.7 191 175.7 165.2 160.2 151.6 144 139.9 133.5 125.9 131.9 136.6 133.1 128.9 129.3 125.9 117.4 115.4 112.3 102.1 99.4 91.7 88.1 82.3 83.1 83.4 78.9 73.3 68.8 63.2 56.3 47.3 41.8 32.9 24.1 20.1 15.8 12.1 9.4 5.7 2.5 2.5 1.2 0.1 -1.8 -1.8 -1.8 -1.8 -1.8 -1.8 -1.8 -1.8 -1.8 -1.8
220 229.3 230.9 224.1 226.9 223.4 213.1 206.1 193.5 186.2 181.5 176.7 169.9 162.7 158.3 151.3 152.6 156.1 160.4 160.6 163.7 169.9 172.8 178.1 182.6 183.6 185.8 182.9 188.8 190.4 181.3 165.3 159.2 151.2 144.6 140.4 139.1 127.7 125.5 129.2 130.3 123.4 118 115 111.4 105 100.8 97.1 94.7 84.7 80 80.1 83.4 81.2 76.2 69.3 64.5 59.2 52 45.3 38.9 30.6 19 15.1 10.4 7.5 8 6.4 4.7 10 4.2 1.4 -0.1 -1.8 -1.8 -1.8 -1.8 -1.8 -1.8 -1.8 -1.8 -1.8
218.9 222.2 225.7 223.9 229.6 224.3 212 203.9 193.6 181.7 176.9 172.3 165.8 160.3 155.9 150.6 152.5 156.2 159 156.4 160.8 165.6 167.3 173.9 179.4 178.8 181 178 183 190.8 184.5 164.9 156.9 150 145.2 140.2 137 133.2 121.9 126.3 121.6 114.4 110.8 109.6 110.2 105.2 96.6 92.6 87.4 81.5 77.1 75 78.2 75.6 71.2 66 60 52.2 45.9 41.5 32.4 21.2 17.2 11.1 7 4.4 2.5 6 11.3 14.9 9.4 2.4 1 -0.2 -1.8 -1.8 -1.8 -1.8 -1.8 -1.8 -1.8 -1.8
220.4 220.7 222.1 225.7 228.2 221.6 211.1 201.4 192.7 179.9 172.1 167.8 161.9 157.1 153.1 150 151.8 153.5 155.3 152.5 156.8 161.4 162.2 167.7 171.8 172.5 177.6 177.2 177.1 183.2 177.8 167 157.7 150.6 145.3 138.3 133.2 131.1 118.4 119 117.5 111.1 106.9 104.4 105.4 102.4 95.6 85 80.3 76.9 74.3 71.6 74.2 73 71.6 65.8 55.2 45.2 38.8 33.6 27.8 21 15.6 10.7 4.5 -1.8 2.5 3.9 13.6 13.7 8.1 3.1 2.4 0.7 -1.8 -1.8 -1.8 -1.8 -1.8 -1.8 -1.8 -1.8
225.2 222.1 221.1 226.1 228 215.2 207.9 198 188.2 181.1 167.2 164.6 160.5 155.1 151 145.2 143.9 145.9 148.5 147.2 151.6 156.3 157 160 163.3 164 166.8 171.1 174.3 175 170.3 165 157.8 149.8 145 137.9 131.5 129.2 116.8 113.5 111.6 111.6 104.3 99.1 95.8 93.3 91.3 78.6 76.9 75.1 70.4 66 66.1 66.2 64.2 61.9 55 43 33.4 30 26.9 22.7 17.5 10.6 3.2 -1.8 -0.6 1.8 4 4.4 6.9 10 7.4 -1.8 -1.8 -1.8 -1.8 -1.8 -1.8 -1.8 -1.8 -1.8
225.3 221 220.1 218.7 221.3 207.6 199.9 193.2 181.2 176.1 167.4 162.1 158.3 153.6 148.9 143.2 138.5 137.8 139.4 140.8 145.2 149.6 152.8 155.1 156.7 157.2 161.9 166.6 167.9 170.7 171.6 174.5 165.7 155.7 142.5 135.5 132 134.2 136.3 112.4 105.9 106.9 110.7 103.5 91.5 88.5 93.1 81.2 70.8 67.3 65.7 62.1 59.1 61.9 64.6 62.2 52.5 41 30.4 28.5 27.3 23.9 18.7 13.4 12.2 1.5 -1.8 -1.8 0.1 0.8 2.2 8.5 -1.8 -1.8 -1.8 -1.8 -1.8 -1.8 -1.8 -1.8 -1.8 -1.8
215.4 217.1 219.7 215.7 212.6 201.9 191.9 185.8 177.9 172 163.6 158.1 153.9 149.2 144.6 140.9 137.4 133.3 132.3 136.6 140 144.1 148.3 150.3 152.3 153.8 157.7 161.7 165.9 169.2 173.8 177.5 168.4 159 148.9 139.2 141.8 135.5 135.2 125.2 112.4 110.4 109.3 107.5 98.9 90.3 87.8 83.6 71.2 67.5 63.2 58.3 55.9 57 57.1 56.2 47.5 36.7 25.8 22.6 20.1 20.4 17.2 13.6 2.5 -1.8 -1.8 -1.8 -1.8 -0.6 0.9 1.7 -1.8 -1.8 -1.8 -1.8 -1.8 -1.8 -1.8 -1.8 -1.8 -1.8
213.8 210.7 214.3 211.2 203.9 195.5 188 183.2 176.1 169.5 160.8 154.9 149.5 144.8 141.7 138.7 134.5 131.6 130.1 133.6 136.9 140.3 143.4 145.4 147.4 149.9 155.2 161.4 164.8 167.5 170.4 172.3 168.9 161.6 151.3 143.6 141.3 142.7 135.4 129.9 116 107.4 108.6 102.5 96.7 91.8 84.7 85.2 71.3 60.6 55.9 51.2 49.1 51.5 51 50.5 43.6 31 21 17.2 13.7 15.5 15.6 12.9 2.7 -1.8 -1.8 -1.8 -1.8 -1.8 -0.9 -0.4 -1.8 -1.8 -1.8 -1.8 -1.8 -1.8 -1.8 -1.8 -1.8 -1.8
212 204.4 203.7 202.9 197.3 189.7 185.1 180.6 173.2 165.5 157.8 152.3 146 142.2 139.4 136.4 132.9 130.6 129 130.5 134.3 137.3 138.5 140.6 142.7 144.4 147.8 153.3 156.1 158.6 162.2 164 164.1 159.8 155.3 144.1 141.1 135.4 129.3 124.4 118.6 102.1 99.9 95.4 90.1 87.3 82.6 79.4 69.5 58.6 50.5 42.6 44.1 45 44.7 44.4 37.8 28.8 20.3 12.5 7.8 11.1 10.5 1.9 -1.8 -1.8 -1.8 -1.8 -1.8 -1.8 -1.8 -1.8 -1.8 -1.8 -1.8 -1.8 -1.8 -1.8 -1.8 -1.8 -1.8 -1.8
207.7 198.6 198.9 200.6 193.3 187.5 183.4 177.3 169.7 162 153.2 148.9 142.7 139.5 136.9 134.7 134.1 132.2 129.9 129.2 132.1 133.2 134.6 135.7 137.8 137.2 136.2 139.9 142.3 146.4 153.9 157.3 158.2 159 158.7 146.5 133.5 126.5 117.8 114.8 111.2 105.4 95.5 86.5 84.1 82.5 77.2 68.8 60 53.4 47.7 40.7 42.5 45.1 43.3 40.8 36.3 29.2 22.5 10.6 2.1 2.4 1.8 -1.8 -1.8 -1.8 -1.8 -1.8 -1.8 -1.8 -1.8 -1.8 -1.8 -1.8 -1.8 -1.8 -1.8 -1.8 -1.8 -1.8 -1.8 -1.8
206.6 195.1 194 194.8 188.3 184.4 179.4 173.2 165.8 159 151.1 150.3 144 139 137 136.2 134.3 132 130.1 130.2 128.8 129.3 130.4 131.2 132 130.4 128.8 127.8 133.2 141.8 146.4 150.1 155.4 160.1 159.6 144 128.1 119.1 111.7 108.2 104.5 102.5 92.8 81.7 76.1 75.9 71.4 64.3 55.3 49.9 45.6 39.4 37.9 40.5 40.4 41.1 38.5 33.3 24.6 6.3 -1.8 -1.8 -1.8 -1.8 -1.8 -1.8 -1.8 -1.8 -1.8 -1.8 -1.8 -1.8 -1.8 -1.8 -1.8 -1.8 -1.8 -1.8 -1.8 -1.8 -1.8 -1.8
204.9 191 188.9 189.6 185.3 181.4 173.5 168.9 162.5 157.3 154.3 150.4 146.6 141.3 138.4 136.8 134.1 131.4 129.3 129.5 128.4 128.1 126.3 127.7 126.1 124.7 124.2 124.5 130.8 136.9 143.3 149.5 159.9 167.2 158.7 146.1 126.3 113.5 108.6 101.8 98.3 98.1 97.6 84 76.3 70 69.5 63.7 52.7 49.7 43.3 38.2 30.2 33.8 37.1 45 39.3 31 22.3 12.2 -1.8 -1.8 -1.8 -1.8 -1.8 -1.8 -1.8 -1.8 -1.8 -1.8 -1.8 -1.8 -1.8 -1.8 -1.8 -1.8 -1.8 -1.8 -1.8 -1.8 -1.8 -1.8
202.7 189.6 184.4 184.5 181.6 174.7 169.1 169.3 164.6 160.4 156.3 152.9 149.1 143.9 139.1 136.4 133.7 131 130.8 129.9 127.7 125.3 123 121.7 121 120.3 120.2 120.3 125.7 132.3 139.3 145.5 153 158.3 155.1 147.5 128 114.5 105 98.4 92.7 90.3 95.4 89.1 73.5 68.4 70.1 65.4 54.2 46.5 44 34.8 26.8 24.7 32.7 35.5 29.6 22.4 18.6 -1.8 -1.8 -1.8 -1.8 -1.8 -1.8 -1.8 -1.8 -1.8 -1.8 -1.8 -1.8 -1.8 -1.8 -1.8 -1.8 -1.8 -1.8 -1.8 -1.8 -1.8 -1.8 -1.8
197.2 188 181.7 178.9 179.6 175.3 171.2 171 169 164 158.5 153.6 149.7 144.2 138.8 135.5 133 130.6 130.1 129.6 126.5 124.7 122.4 119.7 119.1 117.2 116.2 116.7 121 126.9 134.2 139.7 145.8 152.1 150 145.5 134.8 113.6 103.1 97.3 91 88.5 85.3 84.3 69.6 64.2 65.8 60.5 58 45.4 43.6 32.1 25.4 16.2 -1.8 20.2 18.5 16.2 5.6 -1.8 -1.8 -1.8 -1.8 -1.8 -1.8 -1.8 -1.8 -1.8 -1.8 -1.8 -1.8 -1.8 -1.8 -1.8 -1.8 -1.8 -1.8 -1.8 -1.8 -1.8 -1.8 -1.8
193.4 184.7 177.4 175.4 179.6 182 178.5 174.4 171.7 167.3 160.1 154.4 148.3 143.5 139.2 136.9 133.9 130.8 129 129 129.1 127.6 125.4 122.6 119.1 118.1 112.5 113.1 117.4 121.7 129 134.9 141.1 146.4 144.3 139.2 135.2 118.2 102.3 94.8 89.4 84.9 80.3 77.3 64.6 58.5 60 58.6 58.7 49.5 43.2 40.6 27.7 17.9 -1.8 2 9.7 -1.8 -1.8 -1.8 -1.8 -1.8 -1.8 -1.8 -1.8 -1.8 -1.8 -1.8 -1.8 -1.8 -1.8 -1.8 -1.8 -1.8 -1.8 -1.8 -1.8 -1.8 -1.8 -1.8 -1.8 -1.8
