public/OST50/NG60.asc
ncols 200
nrows 200
xllcorner 160000
yllcorner 800000
cellsize 50
[rows 0 to 36 of 200, columns 82 to 163 of 200]
167.2 164.2 164.3 166.5 165.7 163.5 161.8 164.5 171.4 169.2 172 175.2 167.6 162.5 158.7 149.8 146.4 144.9 150.3 154.8 159.7 157.2 151 149.8 149.6 149.4 149.7 147.2 146.1 144.1 136.2 128.1 120.2 117.7 117.7 114.3 111.4 111.7 113.1 115 108.4 107.5 103.6 104.4 107.4 102.3 97.9 91.6 89.2 97.8 99.8 103.3 101.3 100.9 100.5 98.3 91.2 88.2 84.2 75.8 70.6 64.3 53.5 47.7 50.7 60.1 52.2 47.5 55.9 67.5 74 76.1 77.2 87.3 93.7 94.4 98.8 93.3 90 89.3 81.7 76
168.3 165.4 163.2 161.9 161.5 161.2 160.9 160.9 160.9 160.9 160.9 166.7 164.9 160.8 154.8 148.3 149.8 146.9 154.9 160.9 162.8 159.2 152.9 151.1 150 147.9 144.1 142.6 142.7 143.3 137.6 131.8 119.2 115.8 111.9 109.8 109.6 110.4 111.8 114.7 108.8 105.1 99.8 94.1 92.5 88 83.4 80.4 88.7 91.3 89.5 91.6 94.1 92.2 91.4 89.6 85.7 81.1 77.9 78.7 72.8 60.5 52 42.5 41.3 50 43.2 42.4 51.7 56.4 65 72.3 79.3 93.5 93 89.4 86.7 82.2 87 86.2 80.1 79.7
169.5 166.7 165 163.3 160.9 162.8 160.9 160.9 160.9 160.9 161.7 160.5 161.2 154.9 150.1 150.7 160.2 157.1 155.2 159.2 156.9 154.7 154 151.8 150.5 149 143.8 139.1 137.5 137 140.8 128.3 121.1 116.8 114.4 111.9 108.9 109.6 109.6 110.4 106.6 100.9 89.7 82.7 79.5 79.7 79.1 78.7 82.5 80.8 81.7 86.1 89.8 89.5 85.9 83.8 80.2 75.9 73.4 71.9 70.7 57.2 48.9 43.5 31.1 36.1 35.3 37.4 41.5 51.7 65.4 73.7 79 81.9 83 83.4 77.5 79 80.2 79.4 79.2 79.4
168.9 167.4 164.7 164.2 161.1 160.9 160.9 160.9 160.9 161.8 171.1 167 159.2 151.3 148.6 158.1 161.4 162.7 160.9 160.7 158.9 156.2 152.7 149.7 149.6 145.3 140.8 140.7 137.3 132.8 130.3 127.9 119.5 120 119.9 116.7 113.1 113.5 111.3 111.4 105.8 103.2 97.7 90.7 91.1 86.9 80.4 77.7 76.2 76 79 83.4 90 89.8 83 78.1 77.1 71.9 69.8 66.8 61.2 57.9 49 40.9 34.3 23.9 27.3 31.6 35.5 44 62.1 75.7 81.4 78.1 72.2 72.7 80.8 89.9 86.8 78.6 78.8 77.5
167.2 166.1 166.1 164.4 163.6 160.9 160.9 160.9 162.4 166.6 166 160.6 158.6 156.1 159.3 163.2 165.5 167 166.5 166.3 162.7 157.7 154.2 150.6 146.7 140.9 140.3 139.4 135.8 131.9 130.6 129.9 124.6 125.1 125.8 122 125.1 128.3 133.2 127.9 122.1 119.8 116.6 111.5 104.8 95.3 84 80 77.1 72.1 76.1 78.8 84.3 80.6 77.1 76.6 79 69 63.7 60.2 60.5 53.8 45.6 36.7 29.5 21.1 29 30.3 33.1 43.8 60.8 72.4 79.2 72 66 76.7 87.4 96.3 89.8 77.5 73 70.7
166.4 165.3 166.6 168.3 165.8 161.9 160.9 160.9 164.7 170.5 159.8 157 161.6 165.2 166.6 169 171 172.3 171.8 170.5 169 163 156.7 148.7 143 137.9 137.4 135.8 133 130.6 131 131 130.5 128.8 131.4 132.4 138.3 148.2 159.1 163.8 156.7 147 143.7 140.3 131.7 118.3 94.1 89.1 78.8 69.7 70.8 70 73.7 72.2 72.8 80.3 77.6 71 63 57.9 56.8 48.3 42.3 35.1 30.2 24.1 19.8 27.3 32.7 40.7 52.1 57.2 56.8 58.4 66.6 90.4 94.5 92.5 86.5 78.4 74.8 71.3
166.8 166.3 167.1 168.4 166.3 163.9 162.4 163.8 165.5 165.7 162.7 165.7 170.3 175 179.5 181.1 180.5 178.3 178.2 181.2 177.8 168.1 158 147.1 140.7 136 132.9 132.3 129.1 130.5 129.6 129.5 127.5 124.8 131.6 137.8 144.2 155.3 160.9 161.9 158.5 158.4 154.7 151 140.3 130.5 102 90 81.6 72 66.9 62.3 63.1 65.8 71.9 73.4 72 67.2 61.4 57.7 48.5 41 37.4 33.3 29.6 26.7 19.4 28.6 36.4 51.6 59.4 55.2 58.4 60.2 82 97.5 92.7 89.9 83.6 80 77 77.7
170.8 170 171.2 171.1 166.8 164 166.1 168.2 171.1 172 174.8 175.8 179.6 181.8 185.1 185.4 183.7 182.2 181.6 189.4 186.2 173.2 159.5 150.4 141.7 136.1 130.2 129.1 129.3 128.3 128.3 125 124 125.1 129.4 134.8 137 137.1 135.5 133.5 135.3 141.2 146.3 140.5 131 110.3 98.4 91.8 87.5 75.2 64.8 67.4 62 60.4 64.2 65.5 66.4 66.3 62.2 55.2 47.7 42.1 37.8 30.9 28.8 24.9 19.1 24.6 42.5 61.4 68.4 60.3 60.7 64.6 80.1 88.4 87.9 87.6 83.4 81.2 87.3 90.9
176.3 177.1 175.8 169.9 165.9 167.7 169.7 172.6 176.3 180.2 181.8 183.7 185.3 186.5 188.1 187.8 186.5 185.5 183 184.8 178.2 169.2 162.6 152.9 141.4 131.8 129 128.4 129.5 129.2 127.2 123.4 122.6 124.9 126.9 129.6 129.4 128.4 130.3 128.3 127.8 121.2 126.9 131.8 116.5 99.5 90.4 88.9 87.3 78.8 68.8 60.6 58 58.5 60 60.2 64.7 67.9 69.5 58.3 45.8 39.9 35.1 31.6 29 22.8 18 27.3 51.5 67 73.3 69.5 64.8 70.2 77 82.1 84.9 84 82 83.6 94.7 99.3
180.4 180.3 172.1 168.2 171.4 174.1 174.5 177.6 181.3 184.6 183.7 184.9 187.8 190 191.5 192.1 188.8 185.6 183.7 179.7 173.1 165 159.1 150.3 140.3 133.7 128.7 127.8 127.9 129.5 126.3 124.2 120.2 119.7 120.7 122.6 125 129.2 132.6 131.9 130.3 121.3 110.5 105.6 104.4 95 84.1 81.5 77.5 78.1 70 62.6 56.7 53.7 53.5 57.2 62.8 67.5 70.7 63.8 51.3 41.2 33.2 29.8 26.3 17.9 18 35.5 61 78.7 81.6 77.3 70.3 75.8 73.4 79.8 81.6 81.2 79.6 84.5 96.1 102.4
180.8 174.3 171 180.9 188.6 186.9 181 180.4 183.5 184.7 183.7 185.6 187.4 189.9 195.2 198.4 197.6 189.6 182.6 178 168.9 161.5 156.4 144.9 138.2 133.5 128.4 127 126.1 125.4 124.5 127.1 126.4 121.2 116.4 119.6 125.2 131 137.3 149.2 147.1 135.3 121.7 99 91.6 84.2 78.5 75.1 72.9 70.2 64.7 60.4 58.4 55.3 52.3 56.5 59.2 60.6 62.8 65.5 53.7 40.1 31.4 21.3 17.1 18.3 23.6 47.1 77.3 83 85.2 85.1 82.8 79.2 70.6 68.3 70 73.4 77.9 85.2 97 100.9
179.2 174.2 176.5 184.7 189.4 189.3 182.4 181.5 181.7 183 184.5 185.5 185.9 190.9 194.8 190.9 189.9 187.6 182.5 175.9 169.9 165.5 154.7 145.8 136.4 132.7 129.1 125.5 124 123.4 123.2 123.3 122.1 118.1 115.3 118.2 121.8 126.1 131.6 141.4 134.8 128.5 120.4 98.3 80.2 74.5 72.5 70.4 68.2 64.3 61.6 59.7 57.7 55 52.2 50.9 51.4 53.1 56.8 62.4 56.3 44.4 27.7 18.8 21.9 34 40.1 57.4 76.7 80.5 79.5 85.2 82 77.3 67 60.3 62.4 65.9 70.2 83.4 95.6 95.9
181.9 177.1 177.2 183.4 188.7 187.6 184.6 182.5 182.4 183.9 185.3 186.6 187 187.8 189.4 187.5 185.1 182.3 181.2 176.9 172.9 169 161 150.5 137.1 132.1 128.8 124.6 126.7 120.8 120.1 119.5 116.4 112.3 114.1 116.1 116.4 115.3 120 119 112.4 106 100.2 85.8 69.6 67 64.9 63.1 61.1 58.8 57.6 56.5 55.3 52.3 50.6 44.8 44.2 46.5 52.1 58.1 54.7 37.1 25.6 16.2 25.2 42.1 54.9 66.1 76.9 80.6 78.3 78.1 75.4 72 60.4 54.1 56.7 60.1 64.2 84.2 91.5 86.7
193.2 189.5 185.9 189.4 191.2 189.6 187 183.6 183.4 184.8 186.2 187.7 187.3 183 182 181.5 182.3 181.9 186.1 183.2 176.2 171.8 162.2 154.5 140 130.3 128.2 125.8 122.1 120.1 119.9 118 112.1 109.1 110.6 109.3 107.9 104.8 103 101.5 100.9 92.2 84 73.6 66.6 61.2 57.7 55.8 54.6 54 52.9 53 52.7 52 51.5 46.2 40.6 40.1 47.2 56 42.1 27.2 21.2 16 26.8 49.8 58.7 71.5 87 86.3 80.8 77.3 75.2 70.7 56.9 51.3 57.1 60.7 62.2 77 79.9 76.5
201.9 200.5 195.2 196.3 199 194.4 188.6 185.7 184.2 185.3 186.7 186.5 184.5 182.7 180.7 179.3 179.2 183.9 189.1 187.5 179.6 176.3 163.9 153.2 141.4 132.5 128.2 124.9 122.2 122.9 120.9 119.8 116.5 110.5 110 109.5 106.9 99.5 95.5 95.3 97.6 88.3 82.5 77.4 68.8 60.2 54.2 49.9 48.7 47.5 47.5 49.3 50.4 49.9 49 51.3 52.3 46.4 36.6 34.6 26 23.4 17 18.5 29.8 52.5 65.9 74.9 79.8 81.3 76 77.4 73.2 67.4 59.1 50 58 59.7 64.5 70.5 72.6 73.3
204 205.4 202.4 199.1 198.5 196 190.9 188.4 186.4 186.2 187.1 184.5 182 180.6 180.1 180.5 180.4 179.9 181.6 179.6 181 176.8 162.5 156.5 150 140.9 132.7 125.8 124.2 128.4 125.6 121.2 119.3 115.6 111.5 110 106.9 98.9 92.4 95.1 97.7 90.8 86 81.1 75.4 69.4 60.9 52.6 49.3 47.1 41.8 43.5 45.7 47.8 46.1 49.9 45.3 40.3 30.1 20.5 21.3 18.8 14.7 19.7 30.8 48.7 58 68.1 78.3 75.5 72.3 69.1 66.7 62.6 54.8 45.1 50.4 55 61.2 66.8 69.8 73.2
206.6 208.8 206.5 202.7 199.1 196.3 193.7 191.4 188.8 188.4 187.9 185.3 182.6 180.4 179.5 177.9 177.6 178 175.2 174.6 175.1 170.7 167.7 162.2 155.3 148 132.8 125.7 132.6 131.7 124.5 119.7 116.8 113.8 110.5 107.3 102.1 97 91.9 93 93.8 92.8 87.4 82.5 81.3 79 66.3 58.2 50 45.1 38.3 37.7 39.9 41.3 42.6 40.8 35.2 30.8 25.8 19.3 14.8 13.7 14.1 22.3 32.9 44.7 56.3 65 70.7 71 71 68 66.2 64.9 56.3 44.6 43.3 52.5 61.3 66.3 70.2 74.1
211.3 211.3 210 206.2 201.1 197.9 195.3 193.2 191.2 190.4 189.8 187.5 184.8 182.2 178.8 176.5 174.2 172.8 170.3 169.6 169 167.2 169.4 162.9 155.3 141.8 130.2 128.1 128.5 123.9 116.8 114.7 113.5 111.6 108.9 105.9 101.9 97 92 91 91.4 91.6 88.1 84 81.7 75 65.2 57 49.4 41.9 35.9 31.8 33.8 36.1 34.4 31.1 25.8 23.2 20 17 12.2 12.5 18 31 40.5 43.7 51.4 58.1 65.5 73.1 71.1 64.8 64.6 70 60.8 49.1 41 41.9 58 68.4 71 75.1
212.1 212.2 211.7 209.3 202 199.6 196.9 195.1 193.3 192.3 191.7 189.6 187 184.4 179.7 177.9 174.1 171.1 169.4 167.1 164.8 164.1 161.7 160.4 158.9 153.7 143 130 124.5 120.8 112.6 108.4 108.8 109 107.6 103.7 102.1 97.1 91.8 90.6 90.7 90.7 88 83 78.9 71.6 62.2 53 46.7 37.6 32 29 27.8 26.1 24.4 21.5 19.8 18.3 18.9 16.3 13 17.3 21.6 35.2 42.2 45 49.2 53.2 60.3 69.8 68.1 61.5 66.7 67.7 61 54.8 44.1 38.2 51.2 63.1 71.3 79.3
215.2 217 214 208.8 204.7 201.5 198.7 196.9 195.9 194.9 192.8 190.1 189.4 186.5 181.6 178.5 175.1 171.9 169.9 169 165.1 165.2 163.9 164.8 162.7 158.2 147 134.9 125.1 118.7 113.8 108.8 106.5 105.1 104.6 102.3 101.3 96.9 91.2 90.9 91 91.1 88.3 78.4 75 68.6 60 50.8 41.4 34.8 29.5 23.6 19.4 17.3 14.6 12.2 11.5 13.8 15.8 14.6 10.2 15.4 23 30.9 34.6 42.9 45.3 47.7 54.1 61.1 60.1 61.9 67.8 62.1 61.7 54.7 38.8 35.8 45.1 61.2 59.5 61.9
220.3 220 213.3 208.4 204.3 201.5 200.5 198.7 199.2 197.6 195 192.4 191.3 191 188 180.5 177.1 173 169.8 166.4 165.5 166.9 166.4 165.2 162.7 158.8 154 140.9 126.8 120.8 116.7 109.9 104.6 100.3 100 98.5 97.2 94.8 90.2 90.8 91.9 92.1 80.2 73.8 70 63.7 57.3 48.9 40.4 33.2 29.4 23 17.8 14.8 8.8 7.4 6.8 8.5 10.6 12.8 7.8 7.9 16 23.3 27.4 38.7 41.5 43.8 50 55.1 58.2 65.4 69.4 60.1 58.5 48.1 26.9 29.2 45.8 51.2 52.1 58.9
223 220.3 213.8 208.2 204.8 201.8 200.2 199.1 199.9 200 196.7 190.6 193.3 190.7 187 182.3 178.5 174 169.1 167.1 167.2 168.7 166.8 164.7 162 160.9 156.1 144.9 130.5 123 118.8 111.2 106.1 100.9 100 98.2 95.4 92.3 90.9 83.7 91.2 87.9 76.9 68.2 64.8 58.4 52.1 45.7 39.4 31.5 30.1 23.6 16 9.5 6.4 5.1 4.4 3.9 5.8 16.3 5.8 -1.8 9.4 18.1 22.9 27.3 34.3 41 48.8 57.9 60.5 67.7 62.2 54.4 51.1 28.7 20.6 25.3 33.3 41.6 53.2 65.7
221.6 221.1 212.9 205.7 203 201.3 200.3 200.1 202.1 201 196 189.1 189 189 188.6 184.6 180.9 175.5 169.9 168.7 168.7 169.4 168.1 163.9 160 160.6 156.7 149.6 139.5 132.8 124.7 115.3 106.8 104.5 103.8 102.6 100 91.8 88.9 80.6 84.8 78.2 72.9 68.4 63.4 56.5 47.5 41.6 36.3 31.1 28 21.7 14.1 4.5 2.5 -1.8 1.5 1.7 2.4 8.5 3.8 -1.8 13.9 18.5 22.7 29.4 35.4 37.8 40.9 46.4 54.4 51.9 47.7 45.9 22.8 17.8 19.5 27.1 36.1 41 52.8 70
215.1 214.4 208 203.7 200.1 199.7 199 199.8 201.7 199.6 192.6 189.1 189.8 189.3 189.6 185.6 182.1 176.9 170.5 169 169.7 169.7 169.4 165.2 160 159.2 152.8 146.4 141.5 138 127.3 113.5 109 108.3 106.6 105 102.1 95.1 86.9 83.2 84.3 80.4 74.4 69.2 62.5 55.8 50.9 44.2 37.9 31.3 25.5 19.3 13 6.6 2.5 -1.8 -1.8 0 0.8 1.1 -1.8 -1.8 15.8 18.6 20.9 29.7 36 39.4 35.7 37.9 36.1 30.5 31.8 17.4 15.9 18 21.1 31.7 42.1 41 48.2 64.1
205 202.4 202 198.5 197.3 196.5 195.9 197.2 198 196.4 191.3 189.3 190.5 189.6 191 188.8 186.3 181.3 174.1 171.6 172 173.1 172.2 169 163.2 160.4 153.4 150.7 151.5 143.1 129.5 117.5 116.1 113.9 109.3 107.1 103.3 98.5 91.5 88.5 87.5 82.9 77 70.6 61.9 55.1 51.4 47.1 40.2 32.2 23.8 19 11.5 4.3 1 -1.8 -1.8 -1.8 -1.2 -1.8 -1.8 9.6 12.3 16.8 19.3 28.1 28.2 30.3 31.6 33.9 32.1 19.3 17.8 13.9 16.7 23.2 27.6 32.2 36.1 38.3 42.6 45.2
199.4 201.5 199 196.7 194.7 193.8 193 193 193.8 192 190.5 190.9 189.9 190.6 191 191 190.6 186.1 178.3 175 174.3 176.1 176 174.1 168.1 162.4 156.6 154.5 153.7 147.4 134.8 124 121 119 111.8 108.8 108.7 103.5 94.7 91.4 89.8 87.5 74.9 70.6 61.4 53.1 46.3 43 38.9 30.7 22.7 14.2 6.3 2.2 0.9 -0.6 -1.8 -1.8 -1.8 -1.8 11 5.5 4 2.3 6.3 21.8 14.8 17.9 25.6 24 19.5 9.9 10.7 13.3 21.5 31.4 34.7 38.1 39.2 36.4 36.4 38.4
199.8 200 197.2 194.7 192.7 191.1 190.3 189.4 189.3 189.3 189.3 190.3 190.1 190.8 191 191 190.9 191 181 175.9 175.3 177.8 179.7 180.2 174.7 165.9 158.9 153.6 150.2 145.7 137.9 127.7 120.7 116.6 113.7 110.7 110.9 102.6 96.4 91.8 89.1 87.4 70.6 65.3 61.1 51 42.3 40.2 31.8 22.4 13.8 4.8 2 1.3 0.7 -0.3 -1.8 -1.8 -1.8 0 2 1 0.9 0.8 1.1 2.1 1.6 1.1 5.2 4.7 3.6 6.7 9.1 19 32.8 36.2 44.7 39.6 30.9 24.1 15.1 17.9
201.8 197.9 195.3 192.2 190.2 188.1 187.1 185.9 185.8 185.9 187.2 188.5 190.4 191 191 190.5 191.5 190.6 183.2 176.8 175.8 179.4 182.3 183.3 178.3 169.4 161.1 151.5 146.1 141.4 133.5 125.2 119.7 118.6 112.5 110.9 110.9 103.4 97.6 93.2 89.5 88.2 79.4 72.6 65 57 48.5 37.1 26.6 17.3 5.9 2.1 1 0.3 -0.4 -0.9 -1.8 -1.8 -1.8 -1.8 -1.8 -1.8 -1.8 -1.8 -1.8 -1.8 -1.1 -1.8 -1.8 -1.8 1.5 4.9 15 24 35.2 53 60.5 53.7 31.7 13.7 11.6 9.2
206.9 199.8 193.4 190.4 188.5 185.9 183.8 182.8 182.2 182.8 184.4 186.8 189.2 190.7 190.2 191 192.5 190.9 183.4 176.6 175.6 178.8 181 181.3 176.9 171.9 162.9 155.1 143.5 136 130.8 130 125.2 120.2 115.4 109 108.9 104.2 99.5 95.2 92.8 91.6 86.5 77.1 67.8 61.3 54.8 43.9 30.7 19.5 6.3 1.5 0.2 -0.6 -1.8 -1.8 -1.8 -1.8 -1.8 -1.8 -1.8 -1.8 -1.8 -1.8 -1.8 -1.8 -1.8 -1.8 -1.8 -1.8 1.2 4.2 11.3 24.4 38.6 53 49 39.5 23.1 9.2 4.3 2.7
206.8 198.2 192.4 190.6 188.2 184 188.2 182.5 179.5 180.6 182.6 184.5 186.6 187.7 186.7 187.9 186.9 182.9 179.5 175.7 172.1 174.6 179.2 178.3 174.7 170.4 163 157.3 145.8 136.9 132.9 130.5 130.7 121.8 119.6 110.4 107.9 103.7 99.5 96.5 90.2 88.8 83.1 73 66.8 62.4 56.1 49.4 34 22.6 4.2 1.2 -0.4 -1.8 -1.8 -1.8 -1.8 -1.8 -1.8 -1.8 -1.8 -1.8 -1.8 -1.8 -1.8 -1.8 -1.8 -1.8 -1.8 -1.8 0.5 1.4 1.6 21.3 31.4 35.1 33.2 26.6 13.5 2.2 0.4 1.2
202.4 195.6 191.1 190.8 185.1 183.4 186.6 181.2 178 180.1 182.1 183.7 183.7 183.7 182 179.8 178.6 178.3 176.5 173.5 168.9 169.3 171.2 169.8 166.8 160.3 158.9 154.1 145.9 138.2 135 131.9 129.5 125.8 121.9 114.1 107.5 103 99.7 94.7 88.6 82.4 73.9 69.7 66 64.1 48.5 43.9 33.4 24.3 8.7 1.2 -1.8 -1.8 -1.8 -1.8 -1.8 -1.8 -1.8 -1.8 -1.8 -1.8 -1.8 -1.8 -1.8 -1.8 -1.8 -1.8 -1.8 -1.8 -1.8 -0.4 1.7 11.2 21.2 18.9 19.6 8 1.6 -1.8 -1.8 -0.4
203.7 198.1 190.7 187.3 180.3 180 182.8 180.7 176.5 178.6 180.5 180.5 180.5 180.7 180.9 177 175.6 176.5 174.6 174.7 169.5 167.6 167.5 166.4 163.2 158.4 155.7 152.4 146.6 139 136.1 135.5 130.4 127.5 121.3 113.7 108.6 103.1 101.4 97.2 93.6 83.3 71.2 68.5 65.6 59.5 45.8 37.5 29 21.1 9 1.9 -1.8 -1.8 -1.8 -1.8 -1.8 -1.8 -1.8 -1.8 -1.8 -1.8 -1.8 -1.8 -1.8 -1.8 -1.8 -1.8 -1.8 -1.8 -1.8 -1.8 -0.8 -0.3 -0.2 -0.1 -1.5 -1.8 -1.8 -1.8 -1.8 0.6
207.5 202.2 195 187.3 178.3 178.7 178.6 176.6 174.6 173 178.5 179.5 180.9 181.6 178.7 174 173.8 174.7 172.4 173.7 170.5 164.1 163.4 162.6 159.5 155.9 152.5 151.6 146.6 141 140.5 138.4 130.7 128.8 122.5 115.4 111 102.8 101.1 100.9 96.8 87.5 73.9 64.9 60 51.9 43.7 31.8 22.9 17.1 11.5 2.2 -1.8 -1.8 -1.8 -1.8 -1.8 -1.8 -1.8 -1.8 -1.8 -1.8 -1.8 -1.8 -1.8 -1.8 -1.8 -1.8 -1.8 -1.8 -1.8 -1.8 -1.8 -1.8 -1.8 -1.8 -1.8 -1.8 -1.8 -1.8 1.2 2.5
209.9 204.3 196.6 190.5 182.9 172 171 172 171.9 169.8 173.3 179.5 181.1 179.8 174.3 168.7 170.8 172.7 171.1 171.9 172.3 164.3 159.3 160.1 155.3 151.2 151.5 150.4 149.7 140.1 138.7 137 130.4 128.1 122.1 116.1 109.5 107.8 99.6 95.5 90.8 83.7 76.1 65.4 55.4 46.1 35.4 27.7 19.9 17 15 2.1 -0.2 -1.8 -1.8 -1.8 -1.8 -1.8 -1.8 -1.8 -1.8 -1.8 -1.8 -1.8 -1.8 -1.8 -1.8 -1.8 -1.8 -1.8 -1.8 -1.8 -1.8 -1.8 -1.8 -1.8 2.5 -1.8 -1.8 -1.8 -1.8 -1.8
209.4 204.5 198.4 190.2 187.2 176.5 168.9 168.3 169.6 169.4 166.8 170.4 175.5 173.8 169 165.6 169.3 171.8 169.1 170.1 172.5 166.1 159.4 156.3 151.2 149.2 150.4 150.9 147.2 139.9 134.9 131.9 124.5 122.6 118.7 113.9 107.2 103.9 94.8 88.6 82.2 75.1 68.3 61.8 54 44.3 29.5 22.9 18.7 15.6 3.7 1.4 -0.4 -1.8 -1.8 -1.8 -1.8 -1.8 -1.8 -1.8 -1.8 -1.8 -1.8 -1.8 -1.8 -1.8 -1.8 -1.8 -1.8 -1.8 -1.8 -1.8 -1.8 -1.8 -1.8 -1.8 -1.8 -1.8 -1.8 -1.8 -1.8 -1.8
208.5 201.2 194.3 187 183.6 181.5 174.1 165.3 166.8 165.5 159.8 164.8 171.3 169.7 164.2 164.4 167.4 170 166.5 166.8 166.1 161.8 160 154.7 149 149.8 149.2 150.8 145.6 140.7 135.3 126.9 120.7 117.5 113.8 109.8 104.7 99.9 90.5 82.8 75.5 68.2 61.1 52.4 45.7 36 29.2 23 16 10.8 2.2 0.7 -1.8 -1.8 -1.8 -1.8 -1.8 -1.8 -1.8 -1.8 -1.8 -1.8 -1.8 -1.8 -1.8 -1.8 -1.8 -1.8 -1.8 -1.8 -1.8 -1.8 -1.8 -1.8 -1.8 -1.8 -1.8 -1.8 -1.8 -1.8 -1.8 -1.8
208.4 200.4 193.2 186.5 183.4 179.9 178 169.6 162.7 161.4 160.4 161.1 164.7 163.6 162.7 161.8 162 162.1 160.1 162.6 161.5 161.6 161.1 156.8 152.8 152.6 150.5 148.7 145.5 141.3 136.7 128.6 123.8 110.6 110.1 106.5 101.1 97.1 89.9 81.7 72.2 63.7 54.8 47 39.8 34.9 31.3 25.8 16 5.4 2 0.2 -1.8 -1.8 -1.8 -1.8 -1.8 -1.8 -1.8 -1.8 -1.8 -1.8 -1.8 -1.8 -1.8 -1.8 -1.8 -1.8 -1.8 -1.8 -1.8 -1.8 -1.8 -1.8 -1.8 -1.8 -1.8 -1.8 -1.8 -1.8 -1.8 -1.8
