public/OST50/NG62.asc
ncols 200
nrows 200
xllcorner 160000
yllcorner 820000
cellsize 50
[rows 0 to 37 of 200, columns 0 to 84 of 200]
261.5 272.7 272.5 272 277.7 277.7 277.1 274.8 272.9 270.5 276.2 288.5 291.5 295.9 300 304.9 306.1 302.9 296 287.9 269.1 252.3 237 216.9 201.3 187.1 184.8 184.8 206.4 209.2 201.7 205.3 201.8 197.1 193.1 190.6 195.3 201.5 211.6 221.3 226.3 233 237.3 227.4 226.4 232.7 244.3 242.1 243.4 245.7 248.1 249.2 247.1 242.8 228.9 211 194.1 188.5 192.5 188 171.8 154.9 153.4 163.4 175.2 175.7 168.7 158.8 145.2 139 125.7 121.5 118.5 113.2 96.7 81.3 65.7 45.7 -2.2 -2.2 -2.2 -2.2 -2.2 -2.2 -2.2
253 266.7 272.6 275.5 277.1 273.5 273.6 271.5 271 270.5 272.3 283.5 293.3 301.4 308.6 312.7 313.6 307.9 298.1 289.9 271.5 246 235.5 219.4 203.5 192 184.8 184.8 198.4 207 200.5 211.1 205.6 198.1 193.5 194.2 199.4 207.6 215.9 224.5 229.2 234.6 246.2 234.9 226.4 227.9 239.3 241.3 244.5 250.4 253.7 256.4 260 253.5 238.8 220.7 215.5 219.5 215.7 204.6 178.7 162.5 153.4 157.4 166.2 170.1 165.4 160.8 144.5 133.7 124.3 109.4 109.2 111 94.4 73.8 64 33.1 12.7 -2.2 -2.2 -2.2 -2.2 -2.2 -2.2
248.4 260.5 266.5 272.5 271.5 269.3 269 271.1 269 269.5 275.9 281.8 294.2 305.3 313 319.1 319.5 311.8 301.7 289.8 268.6 241.8 230 217.2 204.3 193.2 184.8 184.8 186.2 201 199.4 206.8 203.6 199 199.6 199.4 204.3 213.2 219.3 227.8 235.7 241 243.6 239.6 226.4 228.8 236.9 238.5 246 256.6 262 266.4 271.2 265.1 250.3 229.8 228.5 232.5 236.3 222.9 202.8 186.1 170.6 160.5 160.6 160.6 158.9 158.5 142.9 130.8 121.5 106.8 99.3 102.9 88.3 72.9 57.8 36.5 -2.2 -2.2 -2.2 -2.2 -2.2 -2.2 -2.2
245 255.7 261.3 263.9 266.8 264.2 262.6 265.8 269 270 278.1 291.2 300.8 310.6 320.4 323 323.9 315.5 305.5 291.7 271.1 237.9 229.3 219.2 204.6 197.6 184.8 184.8 184.8 194 190.5 192.3 200 199 199 200.6 205.6 214.2 224.2 233 241.3 251.5 245.8 235.9 226.4 226.4 226.9 231.3 244.6 260.5 270.1 274.9 278.5 273.7 269.8 248.3 245.9 250.6 247.5 235.5 217.7 198.6 186.9 176.5 168.2 160.3 152.3 145.7 134.2 121.4 112.3 102.8 92.7 87.7 80.4 67.8 58.9 43.5 -2.2 -2.2 -2.2 -2.2 -2.2 -2.2 -2.2
236 245.8 249.8 253.9 255.8 260.1 258.6 259.8 265.7 272.4 282 293.9 305.9 318.5 329.3 328.8 327.5 318.9 306.5 291.7 273.1 240.9 225.5 217 209.6 198.7 184.8 184.8 184.8 187.3 191.4 190.5 196.2 198.2 200.1 204.5 209.6 217.8 229.1 239.9 248.2 252.2 248.6 238 226.4 226.4 226.4 226.4 238.3 261.8 270.5 277.4 281.6 281.7 269.8 260.8 260.3 265.6 257.1 247.6 232 209.2 192.6 183.2 165.4 159.4 149.7 138.5 128.5 115.4 104.8 98 91.5 76.5 69.2 61.4 54.4 42.9 -2.2 -2.2 -2.2 -2.2 -2.2 -2.2 -2.2
225 236.5 241.1 244.7 248.2 249.4 251.7 259.5 267.2 273.8 284.4 299.5 316 322.7 328.2 328.9 323 318.8 311.9 293.8 271 249.3 229.8 222.4 215.1 205 188 184.8 185.5 186.4 190.8 190.5 193.5 197.9 204.3 208.9 216.9 222.5 232.5 244 251.4 254.7 252.4 251.6 243 226.4 226.4 227.3 226.4 253.5 266.6 277.4 287.8 290.9 280.6 268.4 267.5 269.9 267.2 254.8 237.7 205.9 190.1 180.8 168.5 152.8 146.4 135.1 122.1 112.2 100.8 95.5 88.9 81.2 64 55.8 44.7 29.3 -2.2 -2.2 -2.2 -2.2 -2.2 -2.2 -2.2
218.4 227.2 233.1 240 243.9 248.5 253.1 261.3 268.4 279.7 288 301.7 323.7 332.8 340.1 340.7 333.1 321.1 313.3 298 275 255.8 238.5 223.3 213 202.8 194.3 187.2 195.3 195 194.9 190.5 191.1 201.4 208.7 215.7 218.4 225.5 233 245.4 254.3 254.4 251.7 251.5 253.8 241.9 226.4 226.4 227.1 248.5 266.9 275.2 285.4 290.6 290 272 263.2 266.3 262.7 257.9 241.9 212 187 181.7 171.2 152 139.2 130.2 112 101.6 94.2 93.2 89.9 74.4 58.7 43.1 36.5 6.2 -2.2 -2.2 -2.2 -2.2 -2.2 -2.2 -2.2
234.6 233.2 232.5 239.5 241.4 250 256.7 265.8 274.5 293 307.4 320.9 327.9 341.2 348.2 351 342.8 330.3 317.5 302.1 280.1 260.9 243.9 228 212.5 203.8 195.8 190.2 199 202.3 198.5 197.7 203.2 209.1 214.5 222 223.9 232.2 240.6 248.6 252.9 254.8 251.3 247.3 247.9 242.9 233 226.4 226.4 242.7 260.1 269 277.1 283.9 286.2 274.6 253.6 244.4 246.7 247.3 238.3 213.1 189.7 180 169.8 152.9 124 117.3 102.9 92.9 87.9 87.7 82.9 76.5 56.4 37.6 25.6 2.4 -2.2 -2.2 -2.2 -2.2 -2.2 -2.2 -2.2
251.4 252 245.1 244.7 248.2 256.2 261.5 272.7 286.7 301.5 318.4 341.2 346.7 349.4 350.5 349.6 347.1 337.6 325.5 310.4 287 263.5 247.5 234.2 217.3 207.4 199.3 190 192.6 203.8 198.8 191.9 205.3 209.6 220.2 229.5 231.7 236.5 246.6 253.8 256.9 256.9 252.6 245.6 247.9 248.3 238.5 230.7 229 235.2 250.8 259.7 270.1 277.5 276.3 271.2 252.9 244.8 237.8 236.4 222.8 203 188.2 174.7 163.3 144.7 119.5 106.6 94.7 83.9 79.9 79.4 77.1 70.9 56.1 31.3 3.4 -2.2 -2.2 -2.2 -2.2 -2.2 -2.2 -2.2 -2.2
275.6 272.9 265.8 259.1 260.6 265.1 271.4 280.9 298.6 311.8 329.3 343.1 357.3 355.8 354.4 352.2 347.5 339.5 329.9 315.9 293.6 271.5 249.3 233.5 218.5 209.9 202.2 194.8 190.4 201.4 198.3 187.2 203.8 211 209.9 224.6 239.6 248.7 252.8 258 260.5 259 258.5 251.6 251.1 251.2 238.6 231 229.8 228.6 232.7 242 262.3 273.5 271.2 259.8 239.7 238.1 234.7 221 208.3 193 178.2 164.7 151.5 134.5 115.9 99.8 88.4 73.8 67.2 67.2 64.2 59.1 49.2 29.5 -2.2 -2.2 -2.2 -2.2 -2.2 -2.2 -2.2 -2.2 -2.2
301.3 294.5 287.5 283.5 280.3 285.8 293.3 305 310.1 328.3 344.2 345.8 353.7 356.7 355.5 353.2 349.6 340.3 332 320.1 299.5 278.9 257.7 234.6 218.6 207.1 202.5 200.1 186.8 196.1 196 188.3 201 208 210.8 217.2 242.3 249.2 257 259 265 265.7 258.4 259.1 259.3 252.3 242 231.9 228.6 225.3 221.1 223.2 239.8 255.9 262.3 255.4 229.6 219 214.5 202.3 194.1 179.1 160.1 146.4 134.6 125.7 111.5 96.8 83 70.9 57.1 56.8 55 50.8 42.4 25.1 -2.2 -2.2 -2.2 -2.2 -2.2 -2.2 -2.2 -2.2 -2.2
306.7 308.1 313 311.4 317.6 322.3 324.2 324.1 328.3 346.5 360.5 360.4 359.2 357 351.4 348.8 344.6 339.9 332.3 320.7 300 280.1 261.7 239.2 220.6 208.9 202.8 200 186.1 188 188.6 188.1 198.3 201.7 215.7 224.1 235.6 249.5 257.9 261.1 261.5 261.2 257.4 258.3 255.8 248.4 239.2 233.8 226 219.6 216.6 208.1 213.8 230.8 243.6 243.5 219.7 204.3 194.3 176.8 175.3 163.6 142.1 128.1 121.6 112.4 101.6 92.6 73.8 65.3 54 47.9 47.8 45.6 37.2 12.7 -2.2 -2.2 -2.2 -2.2 -2.2 -2.2 -2.2 -2.2 -2.2
307.2 314.1 319 325.1 328.9 337.4 343.5 339.4 347.2 362.1 380 376.6 370.1 361.2 354.5 343 335.9 330.9 324.8 317 299.5 279.9 262.8 242 223.3 208.2 203.3 201.1 190.5 181.7 183.3 189.6 190.4 199.4 219 227.4 235.1 249.2 253.3 261.1 258.8 255.7 253.8 252.9 248.4 242.8 236.2 233.2 225.3 220.1 215.2 212.9 200 197.6 216.2 216.2 206.8 186.6 175.6 165 155.9 145.8 129.7 119.9 111.7 100.5 90.3 82.7 70.2 56.1 47.8 38.5 38.8 37 29.8 -2.2 -2.2 -2.2 -2.2 -2.2 -2.2 -2.2 -2.2 -2.2 -2.2
304.2 312.4 319.2 326.7 328.9 340.5 349.9 355 366.3 373.7 384.9 387.4 379.3 366.3 357.6 343.9 332 323.3 317.7 309.4 296.7 277.5 259.3 241.9 226 209.8 204.2 202.6 196.1 185.1 178.8 182.4 190 200.1 217.6 225.3 229.7 247.2 256 256.3 256.2 259.8 252.7 249.7 244.8 239.1 232 226.9 220.1 215.8 211.1 208.8 190.2 174.9 182.7 190.8 185.6 172.1 160.3 152.9 142.3 129.8 118.3 107.3 99.1 87.1 78.6 72.1 60.7 48.1 41.8 28.5 25.4 14.3 1.9 -2.2 -2.2 -2.2 -2.2 -2.2 -2.2 -2.2 -2.2 -2.2 -2.2
301.7 308.3 317.4 324.4 330.6 340.5 349.3 362.7 374.8 382.3 389.3 389.7 390.5 372.8 354.9 337.7 324.4 316 308.7 300.3 288.8 272.7 256.9 237 222.8 210.4 203.3 200.5 195.9 189.1 177.9 180.6 190.1 201 213.7 223.3 228.2 242.7 254.4 262.2 261.5 258.5 259.6 254 247.8 240.2 232.2 221.6 212.8 209.8 203.4 200.7 188.1 176.3 162.2 168.9 167.4 161.8 149.3 141.5 129.4 117.5 107.8 92 81.9 74.7 66.2 59.9 55 42.3 33.8 24.7 3.9 -2.2 -2.2 -2.2 -2.2 -2.2 -2.2 -2.2 -2.2 -2.2 -2.2 -2.2 -2.2
301.4 308.6 313.8 321.9 330.2 338 348.6 361.7 373.4 380 387.5 394.4 390.8 377.4 352 333.6 319.1 307.9 298.6 291.5 277.9 262.8 247.6 231.9 217.9 208 200 194.7 191.2 185.9 177.7 181.2 190.8 200.7 211 223.8 230.3 237.8 250.8 263.9 265 264.8 261.1 257.8 249.9 241.8 233.4 224 206.2 199.4 194.1 189.8 185.4 174.3 165.7 151.2 150.2 141.7 136 124.7 112.6 103.8 97.3 84.5 75.3 65.5 55.2 47.4 43.4 34.7 18.5 2.2 -2.2 -2.2 -2.2 -2.2 -2.2 -2.2 -2.2 -2.2 -2.2 -2.2 -2.2 -2.2 -2.2
291 301.7 308.4 318.3 325.1 331.5 345.2 356.8 370.2 380.6 382.7 389.7 389.3 382.3 366.4 332.7 314.8 302 288.8 279.8 267.7 253.8 238.3 222 211.9 204.2 196.5 189.5 186.3 183.1 172.7 180.5 191.4 201.9 211 217.9 230.4 241.2 259.5 264.7 267.6 263.9 260.4 259.5 250.3 240.1 231.5 220.9 204.8 193.3 186.8 181.2 180.6 170.7 160.3 147 133.6 129.5 124.7 115.3 103.6 93.3 86.4 76.9 69.9 58.2 49.9 43.8 35.1 26.1 12.6 -2.2 -2.2 -2.2 -2.2 -2.2 -2.2 -2.2 -2.2 -2.2 -2.2 -2.2 -2.2 -2.2 -2.2
279.4 288.9 299.2 316.4 326.3 335.4 345.3 357 369.8 376 375.6 380 387.5 386.8 368.5 348.3 320.4 303.9 288 269.1 260.3 243.5 229.6 216.5 206 201.7 195.1 190.4 183.8 178.6 169.3 179.4 189.3 199 206.5 212.6 222.9 242 265.9 266.7 267.3 259.5 260.2 257.4 251.4 238.6 226.6 212.1 202.3 191.3 181.2 174.4 171.2 164.7 153.8 138.8 126.4 117.1 114.1 106.7 98.2 87.9 76.8 67.3 57.9 51 44.5 33.9 23.7 16.8 -2.2 -2.2 -2.2 -2.2 -2.2 -2.2 -2.2 -2.2 -2.2 -2.2 -2.2 -2.2 -2.2 -2.2 -2.2
273.3 276.7 291.7 309.6 320 329.1 344 361.3 369.9 372.3 371.8 369.2 378.9 378 366.3 355.6 333.4 305.4 289.3 269.1 252.5 236.9 222.6 212 202.7 199.4 193.3 189.6 185.2 177.4 169.9 176.9 187.1 195.9 203.2 211.1 225.5 242.7 260 267.3 269.9 261.2 254.2 251.8 247.8 236.3 224.8 210.5 199 187.8 176.1 169.6 161.4 152.1 143.1 130.6 119.7 110.8 99.2 97.5 92.6 81.8 67.3 58.1 51.8 45.6 38.3 28.3 13.9 -2.2 -2.2 -2.2 -2.2 -2.2 -2.2 -2.2 -2.2 -2.2 -2.2 -2.2 -2.2 -2.2 -2.2 -2.2 -2.2
260.7 270 282.8 302.9 315.9 323 331.5 358.5 371.7 372.9 376.8 369.1 371 367 359.3 352.9 338.1 314 289.8 268.5 249.8 234.2 221.6 209 198.5 194.8 193.3 188.1 184.9 178.7 170.2 167 185.2 193.8 202.3 212.6 226.7 245 258.7 267.1 267.5 270 260.7 249.6 239 229.7 221.1 204.6 194 185.1 173.2 163.6 152.9 142.7 129.4 120.5 110.3 100.9 88.3 79.2 84.5 72.4 59.5 52.4 44.8 39.6 32.7 23.1 8.4 -2.2 -2.2 -2.2 -2.2 -2.2 -2.2 -2.2 -2.2 -2.2 -2.2 -2.2 -2.2 -2.2 -2.2 -2.2 -2.2
240.7 261.8 279.1 301 311.9 316.9 322.6 346.1 364.5 375.6 379.5 379.1 371.6 365.7 360 346.3 336.6 319 296.8 263.9 247.3 230.9 219.1 205.8 196.6 189.2 189.5 187.5 186.5 180.7 175.4 166.3 181.8 192.9 201.9 213.1 227.1 246.4 259.2 260.3 263.8 271.4 262.8 250.9 236.1 222 211.7 199.2 191.1 182.2 171.6 157.8 141 131.1 118.6 111.3 102 92.1 83.8 72.4 69.8 63.8 55.6 47.1 38.8 34 28 21.1 3.9 -2.2 -2.2 -2.2 -2.2 -2.2 -2.2 -2.2 -2.2 -2.2 -2.2 -2.2 -2.2 -2.2 -2.2 -2.2 -2.2
234.6 257.4 275.2 295.7 306.4 311.1 315.3 330.2 358.1 363.3 371.6 373 371.3 368.3 362.4 355 342.6 322.9 304.2 276 255.1 230.7 219.8 208.2 198.4 187.2 185.1 183.6 185.3 182.8 176.8 168 177.5 190.4 202.2 213 226.8 247.8 257.2 258.9 260 263.5 258.2 246.9 233.8 219 203.4 187.9 186.1 178.1 167.7 148.3 130.5 123.4 109.3 103.1 95.1 85.6 77.9 67.3 56.6 53.7 49.3 41.1 33.7 28.7 21.6 12.2 1.9 -2.2 -2.2 -2.2 -2.2 -2.2 -2.2 -2.2 -2.2 -2.2 -2.2 -2.2 -2.2 -2.2 -2.2 -2.2 -2.2
229.8 247.4 263.8 282 297.5 304 307.4 317.5 336.2 354.4 364.2 371.2 371.4 369.2 365.9 359 343.7 329 308 287.2 268.4 236 219.8 205.3 197.4 187.2 181.5 179.1 179.9 183 176.7 171.1 176.3 188.2 201.1 212.6 229.5 243.6 249.8 250.6 253.5 256.8 252.1 244.8 234.3 216.7 195.7 182.2 170.5 169.9 159.7 141.7 127.6 116.3 103 95.7 88.1 79.3 69.8 61.9 52.7 47.5 42.9 36.8 32.1 22.8 15.7 9.4 2.4 -2.2 -2.2 -2.2 -2.2 -2.2 -2.2 -2.2 -2.2 -2.2 -2.2 -2.2 -2.2 -2.2 -2.2 -2.2 -2.2
223.1 238 257.1 269.4 287.1 293.5 300.3 308.2 321.8 342.8 357.4 367.9 371.4 370.4 367.8 360.9 344.5 330 311.8 297.7 275.7 247 223.3 206.2 192.5 185.1 179.7 178.3 178.3 179.4 175.1 168.2 174 187.2 200.7 214.6 230.3 238.4 242.7 244.1 246.9 251.1 246.8 237.5 231.4 210.8 188.5 172 169.3 160.1 153.1 136.6 124.5 110.3 96.9 89.4 81.7 72.9 62.2 55.1 47.7 41.2 36 31 24.7 16.2 12.1 9 3.9 -2.2 -2.2 -2.2 -2.2 -2.2 -2.2 -2.2 -2.2 -2.2 -2.2 -2.2 -2.2 -2.2 -2.2 -2.2 -2.2
210.9 225.9 247.4 263.3 275.8 288.3 297.2 301.3 308.5 321.7 346.4 364.4 376 375.2 371.2 365.4 349.5 334.5 319.6 303.4 283 262.4 231.3 206.8 191.9 185.8 183.4 180.6 174.1 167.8 170.8 165.7 165.7 186.5 201.5 215.9 227.5 234.8 237.4 238.2 240 243.4 239.9 229.3 218.4 201.4 183.8 170.1 161.9 156.4 141.5 131.3 121.2 106.3 93.5 86.3 78.7 67.6 57.6 47.4 40.4 34.3 30 26.9 18.2 13.6 11 8.1 5.2 0.3 -2.2 -2.2 -2.2 -2.2 -2.2 -2.2 -2.2 -2.2 -2.2 -2.2 -2.2 -2.2 -2.2 -2.2 -2.2
195.1 209.8 233.1 255.7 272.7 279.4 283 295.2 302.8 309.2 338.6 359.4 368.1 369.2 370.1 368.4 351.4 337.4 321.5 306.2 293.1 276 246.1 218.6 201.7 194.7 190.9 184.1 178 172.2 166.7 163.2 159.4 179.9 198.3 211.7 222.5 229.2 232.5 233.4 231 233.9 225.6 215.9 208.7 192.2 180.9 167.6 154.6 148.8 133.6 120 112 103.9 94 81.8 73 60.7 51.2 42.5 31.8 27.4 24.4 22.2 13.8 8.9 10 8 5.2 1.7 -2.2 -2.2 -2.2 -2.2 -2.2 -2.2 -2.2 -2.2 -2.2 -2.2 -2.2 -2.2 -2.2 -2.2 -2.2
188.4 206.3 225.7 243.6 256.6 268.1 275.8 289.5 295.2 300.8 326.9 353.7 362.1 367 364.1 359.7 346.8 338.8 325.1 310.7 301.2 281.2 265.3 233 214.2 207.8 202.3 193.9 186.9 176.9 165.7 158.6 158.7 170 194.9 205.4 212.2 219.5 228.5 227.2 222.2 225.6 216.3 206.4 197.1 185.5 174.6 163.6 152.6 136.7 126.7 116.7 100.1 94 86.5 77.8 67.1 55.4 44.5 37.6 29.8 24 19.2 10.6 5.6 5.6 6.8 7.4 6.7 2.3 -2.2 -2.2 -2.2 -2.2 -2.2 -2.2 -2.2 -2.2 -2.2 -2.2 -2.2 -2.2 -2.2 -2.2 -2.2
175.5 187.9 201.7 224 240 249.8 266.7 281.5 288.5 295.8 317.2 350 361.1 364.6 361.9 356.5 344.8 334.6 322.4 309.2 299.4 285.3 270.5 248.7 226.8 218.1 213.3 205.4 194.1 183.3 171.2 160.5 154.6 164.1 188.6 198.4 204.8 211.9 215.6 216.8 207.9 213.9 209.2 198.8 186.4 176.8 168.2 157.4 143.6 126.1 116.5 106.2 93.2 78.1 74.6 67 59.6 47.9 42.7 37.2 31.9 23.9 11.7 6.3 5.2 5.2 5.4 6.3 7.8 1.6 -2.2 -2.2 -2.2 -2.2 -2.2 -2.2 -2.2 -2.2 -2.2 -2.2 -2.2 -2.2 -2.2 -2.2 -2.2
158.4 168.1 185.2 201.4 217.7 233.9 257.5 274.5 281.6 289.5 306.1 338.7 353.6 363 362.7 358.3 349.8 344.4 335.3 320 299.7 289.1 274 257 240.6 228.2 220.5 206 196.5 190.7 175.9 163.3 151.7 158.3 170.3 188.5 200 203.4 206.6 204.6 198.1 198.7 198.2 193.7 180 169.9 160.3 149.6 138.9 118.9 103.4 97.1 85.5 67.6 57.6 56.9 47.6 43.9 39.9 36.9 31.1 19.7 8.8 5.6 5.7 4.2 5.5 6.1 7.4 -2.2 -2.2 -2.2 -2.2 -2.2 -2.2 -2.2 -2.2 -2.2 -2.2 -2.2 -2.2 -2.2 -2.2 -2.2 -2.2
148 154 166.5 180.4 195.2 215.2 245.1 267.7 278 282.9 294.3 317.9 341 356 361.1 359.8 355 349.4 341.5 328 302.4 288.3 275 261.5 244.1 230.9 220.4 205.4 197.4 194.2 179 166.2 150.7 156.6 163.5 177.7 189.5 193.8 197.2 192.1 189.4 185.6 186.6 181.6 170.3 162.1 152.3 141.2 128.2 111.8 97.6 86 74.3 61.9 49.7 48.7 44 39.4 37.4 34.1 25.8 13.6 8.6 5 3.9 4.5 5.4 6 7.5 2.1 -2.2 -2.2 -2.2 -2.2 -2.2 -2.2 -2.2 -2.2 -2.2 -2.2 -2.2 -2.2 -2.2 -2.2 -2.2
139 141.8 153.9 174 184.8 209 236.5 258.9 270.4 274.4 278.3 297.5 324.1 342.9 354.7 357 353.7 350 343.8 328.5 311.2 292.2 280.6 265.7 244.9 225.2 212.8 202.1 200.3 201.2 190.2 170.7 150.6 152.4 159 169.6 182.6 186.3 190 189.7 183.9 178.8 174.7 169.6 158.4 151.8 141 131.4 115.7 100.9 88 79 71.4 59 45.5 42.7 39 31.3 30 25.1 17.4 11.4 6.7 4.3 3.8 5.3 5.7 5.9 8.3 4.5 -2.2 -2.2 -2.2 -2.2 -2.2 -2.2 -2.2 -2.2 -2.2 -2.2 -2.2 -2.2 -2.2 -2.2 -2.2
121.3 131.5 146.5 163.1 180.9 208.5 236.3 254.7 264 268.9 271.1 284.5 319.2 335.1 340.6 343.7 347.8 344.9 338.4 325.5 312.6 298.7 280.9 262.3 242 223 213.8 194.9 200.4 193.3 188.2 172.9 155.5 143.3 150.1 157.1 174.7 179.1 183.2 183.5 178.9 173.2 166.7 159.3 150.5 140.7 129.8 119.4 106.3 92.4 79.8 70.9 64.2 54.5 44.8 39.5 34 26.4 22.4 22.6 15.3 8.8 5.4 3.2 -2.2 6.4 6 5.8 6.6 6.3 -2.2 -2.2 -2.2 -2.2 -2.2 -2.2 -2.2 -2.2 -2.2 -2.2 -2.2 -2.2 -2.2 -2.2 -2.2
109.6 121.4 136.8 151.5 173.2 201.2 229.4 252.1 258.5 260.7 264 276.2 297.4 319 326.3 328.9 334.2 335.6 330.7 320.9 312.2 300.2 278.6 263 245.2 219.8 205 191.4 189.1 189.3 191.5 170.7 163.1 152.6 136.2 149.4 163 174.4 176.3 175.6 173.3 165.8 154.8 151.2 142.3 132.1 119.5 107.2 93.7 83.5 75.8 64.7 56.5 47.9 39.7 33.7 28.3 24.8 22 17.1 12.9 6.5 4.8 2.8 -2.2 7 8 5.5 5.5 2.6 -2.2 -2.2 -2.2 -2.2 -2.2 -2.2 -2.2 -2.2 -2.2 -2.2 -2.2 -2.2 -2.2 -2.2 -2.2
99.1 113.8 127.4 142.7 163.1 187.8 216.2 244.8 253.8 257.7 258 264.5 281.8 308.9 314.4 314.9 319 323.3 321.3 312.1 304.5 296 279.2 257.3 245.1 216 203.3 193.3 185.1 180.3 181.3 172.8 163.9 159.3 142 139.9 153.6 164.1 171.4 168 164.4 159.3 147.1 139.5 132.5 122.5 109.7 98.9 86.6 74.5 69 59.3 46.9 41.7 36.4 29.9 24.7 23.8 22.2 18.3 12.2 6.2 4.4 2.8 -2.2 5.8 7.6 4.9 5.5 4.7 2.1 -2.2 -2.2 -2.2 -2.2 -2.2 -2.2 -2.2 -2.2 -2.2 -2.2 -2.2 -2.2 -2.2 -2.2
94.8 105.7 118.5 133 153.2 172.9 201.7 228.5 242.6 245.7 246.4 251.9 264.9 284.2 296.8 299.8 302.6 307.5 305.8 300.4 296.9 291.8 273.3 248 235.5 225.6 224 202.7 185.7 179.2 165.6 162.8 164.4 161.9 147.3 128.9 143.3 155.9 156.9 158.8 155.2 150.2 139.4 128.6 123.3 112.6 103 94.7 82.2 70.3 60.9 56.2 43.9 38.1 33 29 20.1 20.7 20.7 21.1 13.1 5.1 4.2 3.6 -2.2 -2.2 4.2 3.7 4.9 5.1 1.7 -2.2 -2.2 -2.2 -2.2 -2.2 -2.2 -2.2 -2.2 -2.2 -2.2 -2.2 -2.2 -2.2 -2.2
90.4 99.2 109 124.3 142.9 158.1 183.1 207 225.1 233.8 234.7 243 251 263.3 274.1 287.9 287.7 287.6 284 284 286.6 278.7 257.5 242.4 242.2 247.6 238.3 214.4 186.9 174.4 162.3 157.7 157.9 157.2 150.9 132.3 131.5 150.7 150.1 146.2 144.5 141.1 131.6 118.8 114.9 103.9 96.8 87.6 74.6 65.2 55.8 47 37.9 35.3 27.6 19.8 16.2 17.2 19.6 17.4 11.5 3.9 3.1 2.9 -2.2 -2.2 -2.2 -2.2 3.3 3.3 -2.2 -2.2 -2.2 -2.2 -2.2 -2.2 -2.2 -2.2 -2.2 -2.2 -2.2 -2.2 -2.2 -2.2 -2.2
82 91.7 99.8 113.5 129 148.1 170.5 186 206.1 219.3 219.1 229 232.4 240.5 248.9 256.4 268 271.3 266.6 266.4 266.6 258 250.5 250.6 252.8 259.4 249.4 224.7 196.3 177 160.4 148.2 149.6 152 147.9 134.2 119.9 136 142.6 138.6 135.3 133.3 126 108.3 104.9 97.2 89 78.1 68.2 60.6 52.6 41 32.2 31.1 24.1 18.5 15.5 13 13.1 11 6.6 2.6 2.7 2.6 1.3 -0.4 -2.2 -2.2 1.1 2.6 -2.2 -2.2 -2.2 -2.2 -2.2 -2.2 -2.2 -2.2 -2.2 -2.2 -2.2 -2.2 -2.2 -2.2 -2.2
76.4 86.2 96 104.8 117.4 126.1 146.4 162.1 184.7 191.4 198.4 206.4 218 230.9 234.3 240.3 247.5 253 252.9 251.4 243.4 233.5 250.4 253 254.5 256.6 240.5 220.9 194.5 171.5 162.2 150.7 142.8 150.7 147.4 132.1 109.8 118.9 129 132.1 129.1 125 118.8 104.5 89.3 87.9 79.5 70.3 61.5 52.3 42.5 34.2 31.7 28.6 22.7 18.2 15.6 12 7.8 -2.2 -2.2 0.6 2.5 2.9 3 1.6 -2.2 -2.2 -0.2 1.8 1.2 -2.2 -2.2 -2.2 -2.2 -2.2 -2.2 -2.2 -2.2 -2.2 -2.2 -2.2 -2.2 -2.2 -2.2
