public/OST50/NG62.asc
ncols 200
nrows 200
xllcorner 160000
yllcorner 820000
cellsize 50
[rows 152 to 189 of 200, columns 0 to 84 of 200]
262.3 259.5 252.4 243.5 235.5 228.7 224.1 217.6 213.8 206.4 200.2 192.2 181.3 169.7 157.9 144.4 142.9 144.3 141.8 138.5 133.1 127.9 126.5 127.2 123 116.2 103.8 95.2 85.3 74.3 63.9 53.7 41.1 33.8 31.1 29.1 32.9 33.6 32.9 30.2 24.4 16.4 15 13.7 12.9 12.5 12.5 12.8 13.5 14.9 19.1 24.1 33.6 44.3 53.8 55.2 55.4 56.1 54.4 48.8 44.9 41.7 38.8 37.2 37.5 45 57.3 49.9 50.9 57.9 60.5 69.5 87.4 111.8 127.8 136.3 137.4 134.7 124.2 116.8 109.6 101.7 90 79.5 75.2
251.5 249.5 241.8 234.6 229.2 220.2 216.8 209 202.6 197.5 189.7 184.1 178.8 175.6 165.1 148.3 131.7 131.6 132.3 126.8 124.8 120.4 120.1 116.9 114.6 108.4 101.4 91.1 81.7 73.5 59.8 48.5 37 33.9 31.8 30.6 37.1 38.2 35.6 31.7 25.7 18.2 15.6 13.4 12.3 12.1 12.1 12.3 12.6 14.2 18.4 24.7 35.6 47.1 53.9 55.5 55.2 55.2 51.9 49.1 44 40.9 38.8 37.2 41.4 55.8 55.5 51.8 50.3 54.7 63.3 81.2 98.3 120 131.7 142.9 143.1 141 133 126 117.5 107.6 95.5 84.3 77
261.4 254 246.6 240.5 239.3 235.6 232.3 225.7 223 218.9 212.9 206.5 196 180.5 163.9 146.4 132.6 124.5 120.2 116.1 115.9 116.1 114.9 110.8 106.1 99.1 91.2 86.1 76.9 70.8 57.9 45.8 36.5 34.2 33.9 39.9 41 40.9 40.1 35.5 29.4 19.9 14.7 13.2 12.3 12.1 12.1 12.2 12.8 14.6 20.3 26.1 40.8 50.6 54.3 55.3 54.6 54.6 53.7 52.3 48.1 41.1 38.8 38.9 45.7 50.4 51.2 48.5 51 58.3 73.4 91.4 108.8 125 137.1 147.7 148.8 145.7 139.7 136.7 127.1 113.9 99.7 88.5 78.9
266.9 262.9 256.4 252.1 248.9 247.3 245.5 241.2 238.2 235.6 229.6 216.4 196.4 176.5 160.9 144.1 130.6 120.8 116.2 109.2 110.4 110.8 110.8 106.2 99.1 90.4 85.2 80.6 73.4 66.2 51.9 41.1 36.1 34.9 40.3 43.5 42.5 41.4 41 37.8 31.1 19.3 13.7 13.3 12.5 12.3 12.2 12.1 13.5 14.9 19.7 29 42.1 48.4 52.6 53.8 53.7 53.5 55.6 57.1 50.9 42.8 39.4 41.5 44.4 46.3 46.3 49.3 55.5 64.8 83.4 100.8 114.8 128.1 141 150.8 152 147.1 144.6 141.4 132.5 121.1 105.9 92.5 80.2
275.9 272.4 265.6 262 259.1 258.1 258.1 255.5 252.8 249.8 236.9 215.3 190.7 171.5 154 136.5 123.5 115.9 108.9 107.3 105.6 107.4 106 102.6 96.2 84.5 81.2 76.1 70.5 59.6 46.7 38.7 38.3 39.3 44.6 45.8 44.3 43.3 40.4 37.4 30.8 21 13.3 13.2 12.7 12.5 12.3 12.1 13.4 14.8 20.4 34.4 41.4 46.1 50.6 52.5 52.3 53.5 58.2 60.3 51.2 43.5 39.8 40.8 42.1 42.8 46.3 52.7 60.8 73.5 93.3 108.7 122.3 136.8 150.6 156.6 152.9 148.4 144.8 142.9 138 126 110.7 93.8 80.6
286.8 285.6 283.2 277.7 275.4 277.5 282.8 284 270 256.8 238.5 215 186.8 163.4 144.3 127.2 117.4 110.2 103.5 101.2 100.9 101.4 100.9 93.4 86.8 79.9 76.1 70.1 63.1 52.7 46.2 39.9 39.3 43.5 47.8 49.1 47.1 44.7 41 34.6 29 18.8 14.6 13.4 12.7 12.4 12.2 12.1 13.5 15.5 22.4 33.4 38.6 45.3 50.6 50.4 49.1 53.3 60.2 62.2 51.8 43 39.8 40.5 41.7 43.6 47.6 57.4 66.4 79 96 110.7 126.7 142.3 158.9 160.6 155.6 151.7 147.7 142.4 137.1 127.6 112.3 94.3 79.5
311.7 310.9 310.8 310.7 308.8 315.8 316.8 308.8 290.1 267.4 244.4 217.3 184.3 157.6 137.8 121.8 112.1 106.3 101.4 98.7 92.4 96.8 95.3 84.2 80.1 75.6 71.2 68.3 60.6 51.7 47.3 42.4 45.4 49.3 51.1 51.4 51 47.6 39.2 33.7 27.3 17.8 16 13.9 12.4 12.2 12.1 12.5 14 15.2 21.1 27.6 35.2 42.2 47.3 49.7 49.1 52.9 54.4 53.6 49.9 40.9 40.3 41.2 43.2 45.7 52.2 62.6 77 88.8 99.4 115.2 131.5 146.3 158.1 161.2 155.9 156.1 153.1 143.5 138.3 129.4 112.4 95 79.5
345.1 345.8 345.1 347.6 351.1 351 346.1 328.9 304.1 277.3 248.9 217.8 184.4 156.4 136.5 122.6 114.4 108.5 101.1 94.9 88.2 86.9 82.9 75.4 72.5 70.8 68.8 67.8 58.6 49.6 46.4 45.9 51 51.5 51.9 51.9 51.4 45 36.8 32.3 27.5 17.9 14.8 13.5 12.9 12.3 12.3 13.2 14 15.7 21 27.4 34.2 41.6 45 47.3 47.7 49.3 48.3 44.8 42.1 41.2 41.7 43.9 46.9 49.6 56.8 69.3 86.8 103.1 105 119.1 134.8 148.1 155.8 153.7 157.5 160.3 156.7 144.7 136.5 126.8 111.3 94.6 77.3
385.4 381.8 380.3 374.4 366.4 358.9 344.8 324.9 297.5 268.3 240.1 214.6 183.4 156.9 145.2 131.9 119.4 111 100.4 92.8 88.7 80.6 76.2 70.5 67.8 67 67.1 59.3 52.2 49.1 47.5 52.5 51.6 52.3 52.8 52.3 49.5 41.1 35.7 31.6 25.5 17.1 14.9 13.5 12.9 13 13.4 14.9 15 17.6 21.4 27.1 32.8 40.3 42.4 44.8 45.5 47 46.8 43.1 42.3 42.9 44.6 48.2 53 59.2 61.5 76.7 96.1 105.9 113.1 123.5 137.9 145 148.6 152.3 162.1 162.6 156.3 145.5 136.5 127.4 111.5 93.4 73.9
402.9 390.3 379 361.8 347.1 333.8 322.2 300.9 276.8 253.5 234.9 214.2 186.1 167.7 152 138.2 126.6 115.8 102.4 92.6 84.9 79.2 76.6 71.1 69 65.6 63.4 65.5 53.2 50.6 54.6 53.9 53 52.7 53.4 48.5 43.4 40.7 36.2 29.7 22.4 18.2 16.7 14.9 13.6 13.4 14.4 15.1 16.7 18.8 21.8 26.8 31.4 36.7 41.5 44.9 45.3 48.8 50 45 44.3 44.8 48.4 52.3 61.2 66.7 70.9 82.9 96.5 108.3 118.6 127.3 139.1 143.4 148.8 158.9 165.9 162.6 151.8 144.8 140.5 128.2 109.7 91.2 70.7
385.3 366 351.3 341.5 332.8 315.8 297.8 286.4 267.7 245.8 225.7 210.5 197.1 177.5 160.3 151 136.1 121.4 110.6 100.2 93.9 81.8 76.9 72.6 69.2 70.8 69.8 58.7 51.4 51 53.9 53.7 53.5 53.1 51.4 45.4 40.8 37.8 33.6 28 22.7 19 18.4 14.7 13.5 15.5 17.8 20.1 18.9 18.3 21.3 24.3 30.3 36.6 41.1 44.3 50.8 57.2 56.3 51.7 50 49.6 51.4 58.4 68.7 72.1 79.9 89.1 95.3 109.2 121 128.7 140.9 148.7 155.4 165.9 168.1 161.1 150.2 144.6 142.4 130.7 109.8 88.1 75.4
365.9 348.9 333.9 323.6 309.9 296.3 286.8 275.1 253.3 228.9 218.7 209.6 196.8 185.4 179.1 170.5 159.1 137.9 120 108.8 102.5 95 88 80.7 73.6 70.9 63.5 52.1 49.1 51 51.3 52.5 52.3 51.1 48.2 44.2 39.9 35.4 31.3 28.4 24.2 20.8 19 14.4 13.8 15.6 16.4 16.7 16.3 16.9 18.4 23.4 30.6 35.5 40.3 47.9 58.2 69.5 63.8 58.6 58.3 54.4 55.4 62.8 70.9 77.1 88.5 97.8 103.1 117.3 125.3 129.1 144.2 152.7 162.2 169.7 166.6 157.2 146.7 144.1 142.2 131.1 107.5 83.6 74.9
348.5 334.2 318.7 298.4 282.8 278.7 269.3 256.9 239.7 221.2 217 209.2 204.1 203 194.6 187.3 175.6 154.5 133 120.2 108.6 99.6 92.9 82.9 71.2 62.7 55 49.9 48.7 50.2 50.9 51 49.6 48.8 45.2 41.6 38.3 34.5 30.3 28 24.7 20.3 17.8 15.4 15.3 16.4 15.7 15.1 15.3 15.7 17.5 22.2 30.6 35.2 43.2 52.6 64.7 70.9 69.8 66.1 64 60.1 62 67.1 76.8 83.4 93.4 108 111.8 131.8 132.9 139.7 150.4 158.7 161 164.1 158.2 152.4 146.4 142.5 136.8 122.8 103.3 80.2 71.6
335.3 316.5 297.6 276.2 261.6 254.3 248.2 250.7 245 231 217.8 209 210.4 205.4 194.2 185.1 172.7 159.3 148 138.9 128.3 121.1 102.6 80 64.8 56.4 51.5 48.1 48.8 49.4 50 49.4 48.4 46.8 43 39.4 36.1 32.4 29 27.4 23.8 20.1 17.6 17.2 17.5 17.7 17.1 17 16.9 16.8 17.6 23.4 30.9 38.3 47.8 58.6 65.7 70.6 73.6 75.1 72.5 70.5 73.5 81.5 85.9 93.5 103.3 113.8 123.5 137.2 140 146.7 161.9 161.9 161.1 158.4 155.8 151 144.3 136.8 130 114.8 93.5 76.4 68.3
310.4 289 271.9 256.5 250.1 247.2 243 250.4 244 228.8 209.9 203.1 199.6 200.2 193.1 185.4 179.9 173.8 162.5 158.1 146.3 133.5 108.8 79.7 61.9 49.6 47.6 45.6 45.6 48.9 51 48.8 46.5 43.9 40.9 39.7 36.3 31.8 28.6 25.8 22.7 19.9 17.8 17.5 17.6 17.8 17.8 17.9 18 18.2 18.3 23.8 33.1 41 55 63.6 69.2 75.4 82.2 88 81.1 80.9 88.2 95.6 101.1 105.8 114.3 123.9 138.3 143.4 146.9 159.1 169.8 165.6 160.5 155.9 152.1 147.7 143.1 133.2 122.3 104 83.2 69.9 67.7
272.5 255.4 254.5 250.3 243.3 238.9 239.9 246 235.3 220.6 197.9 180.5 184.1 192.2 185.7 190 195.2 181.5 169.1 160 149.7 135.9 106.5 78.8 58.9 45 42.6 41.5 40.8 44.2 46.7 44.5 43.9 41 40.2 39 37.3 32.4 29.1 26.5 22.3 19.2 18.4 17.4 17.6 17.7 17.7 17.8 17.9 17.9 18 21.8 37.2 47.6 58.7 64.4 72.1 80.7 90.1 90.8 89.6 95.1 102.7 109.3 117.1 119.6 133.5 136.3 150.1 155 156.7 166.2 171.4 167.4 160.7 155.1 150.3 144.6 138 125.8 109.2 93.1 81.9 69.8 70.5
259.2 256 245.8 243.8 237.5 239.5 239.9 234.3 223.9 216.2 195.1 169 163.9 173.5 180.8 186.5 182 176 172.1 159 148.3 128.2 98.7 78.2 59.4 44.9 40.5 38 38.5 39.1 39.8 40.8 41.3 39.3 40.4 40.8 37.4 32.3 29.2 29.4 26.6 21.4 18.9 17.6 17.5 17.6 17.6 17.6 17.8 17.9 17.9 23.1 37.5 53.2 64.8 70.1 75 87.7 94.5 96.2 99.5 106.6 114 125.7 134.4 136 143.2 148.3 162.4 163.7 167.9 171.2 169.4 166.3 160.1 154.6 148.1 138.6 130.1 114.5 100.1 90.4 74.8 69.3 76.9
256.2 247.6 233.9 224.6 229.8 233 238.9 237.7 230.8 219.6 183.2 157.9 155 164.2 168.9 165.2 159.7 158.6 163 154.9 141.5 121.9 97 79.9 59.1 45.8 38.1 34 35.5 37.3 39.6 40.8 38.9 38.9 39.8 38 33.8 31.1 30 29.1 30.9 23.3 20.2 18.3 17.4 17.4 17.5 17.5 17.5 17.8 17.9 29.8 41.8 65.4 74.2 78.3 78.7 90.9 98.4 103.5 107 115.8 125 139.9 145.2 148.2 151.8 158.6 165.6 169.2 171.5 171.3 169.2 164.3 158.3 152.5 144.9 134.1 122.6 113.4 105 87.3 68.5 78.2 83.2
241.4 235.3 223.9 210.4 221.3 234 246.6 247.4 234.9 208 163.7 149.6 147.4 160 160.1 147.5 144.9 144.8 146.3 145.2 139.8 120.9 96.9 78.7 55.8 41.7 34.7 32.5 33.4 35.2 36.8 37.7 38.4 38.7 38.6 35.8 31.7 29.2 29.2 29.3 31 25.6 19.5 18.8 17.4 17.5 17.6 17.5 17.4 17.4 22.5 37.4 52.4 81.3 86.7 80.6 82.8 100.2 105 110.1 115.3 123.6 133 143.1 147.1 155.5 167.8 163.4 166.1 170.3 171.9 172 169 163.7 156.6 149.2 139.9 136.1 132 121.3 102.9 85.2 72.6 82.8 87.7
227.4 221.5 209.5 199.1 208.3 227.5 239.3 236.2 217.8 190 152.9 140.9 139.4 161 153 145.8 142.8 137.6 132.1 139.5 150.1 127.3 97.3 80.2 59 36.9 30.4 31.2 31.8 32.8 34.1 35.1 35.8 36.3 35.9 34 31.3 29.7 29.9 29.6 27.9 26 20.6 18.8 17.6 17.5 17.6 17.8 17.8 19.6 28.4 42.9 60.9 78.8 90.9 84.7 86.3 107.8 114 118.4 126.9 134.6 141.9 149.9 155.5 168.5 176.8 173.3 171.4 173.2 176.1 174.9 170.5 165.8 159.4 153.8 149.2 143.6 135.9 123.8 105.5 84.4 79.8 83 90.7
213.3 204.7 192 183 184.1 191.7 198.5 205.3 192.6 162.8 144.3 132 136.7 154 145.4 140.2 140.9 131.1 126.9 133.9 146 132.9 99.5 80.6 60.9 37.5 30.5 30.2 29.7 30.2 31 32 32.7 33.4 33.2 31.9 29.9 28.8 27.2 26.1 24.4 23 20 18.9 17.8 17.4 17.4 17.4 17.7 22.6 32.3 47.8 68.6 80.8 90.9 89 94.6 118 123.2 127.3 141.4 150.1 155.8 161.6 164.2 180.5 185.5 181.7 177.7 179 181 178.4 174.4 173 166.6 160.2 153.3 146.5 136.8 122.7 108.1 90 78.3 86.8 97.1
209.4 192.9 180.9 160.6 150.5 158.3 162.4 163.9 154.5 136.1 129.6 129.4 136.1 141.1 133.9 132.5 131.8 124.7 122.1 124.2 127.3 127.5 97.3 78.2 62.4 38.9 29 29.8 28.1 28.6 29.1 30.6 31.4 31.6 31.5 30.5 28.6 26.7 24.4 22.3 21 19.8 20.8 20.4 18.2 17.4 17.4 17.4 19.9 25.4 35.2 55.5 76.3 86.1 90.4 94.3 101.3 127.9 132.8 137.6 153.5 160.9 164.8 167.8 171.6 185.6 190.7 187.2 185.5 186.5 189 187.5 188.5 187.3 175.1 166.5 158.1 148.9 135.5 121.8 107 94.6 79.2 90.6 101.9
204.4 183.6 166.9 150.3 126.5 130.6 137.3 131.1 125.8 119.5 117 125.1 128.6 126.4 122.3 121.3 123 121 117.8 117.2 118.3 121.1 91.5 74.3 62 38.9 29.6 28.1 28.1 28.1 29.8 31 30.9 30.8 30.6 28.4 26.7 24.8 22.5 20.1 19 18.9 20.3 18.8 19.1 19 17.7 19.7 23.1 30.8 41 61.5 77.6 90.9 96.4 99.5 107.3 130.2 139.9 147.2 161.5 166.3 170.2 172 177.6 181.9 189 187.8 192.8 198 200.5 200.9 196.5 193 182.7 171.9 162.1 150.7 138.5 123.6 107.1 96 82.9 91.9 107.5
189.8 174.6 156.4 149.7 139.1 117 113.8 114.8 109 107.9 110.9 117.7 115 112.2 109.3 111.6 114.4 114.9 112 111 113.6 109.8 86.2 70.9 56.8 37.2 28.9 28.1 28.1 28.1 30 29.5 29.3 28.9 27.9 26.3 24.3 22.8 20.9 19 18.9 18.9 18.8 18.2 18.7 19 17.5 19.4 25.6 33.7 44.9 59.6 74.8 88.2 100.8 103.9 114.3 129.2 139.6 152.2 158 162.4 171.2 170.4 175.9 184.3 189.2 195 208.3 211 212.5 208.3 203.3 198.8 189.4 179.2 166.8 154.1 141 124.8 107.8 95.1 85.6 95.1 113.3
180.5 166.4 158.1 157.9 145.4 125.9 109.7 103.3 103.4 102.2 106.2 104.7 101.6 100.6 101 102.9 106.3 108.5 107.6 105.7 107.2 96.6 78.4 65.6 53.8 33.9 28 27.9 28.6 28.5 29.4 28.6 27.5 26.4 25 23.6 22.2 20.7 18.9 19.1 19.1 19 18.2 17.7 18.6 17.8 18.3 22.8 29 37.6 48 60.9 74.1 86.1 98 106.4 118.6 127.3 137.1 141.6 145.8 149.8 152.9 163.5 184 198 202.1 210.7 218.8 222.4 219.2 214.1 206.8 203.2 194.7 184.3 173.2 157 142.9 124.5 106.6 90 88.8 107.5 117.6
173.1 167 157.8 145.7 138.5 120.9 106 101.4 98.6 97.2 97.1 95.7 92.4 90.2 92 94 95.6 95.7 97.5 97.3 93.7 81 66.7 56.2 47.5 31.3 25.4 26.8 29.8 29.3 28.3 27.1 25.5 24.1 22.7 21.4 20.6 19.4 19.1 19.3 19.2 19 18 17.5 18.3 18.8 21.7 27.9 33.5 41.6 51.1 62 74.8 85.9 94.5 102.1 112.4 122.8 128.1 132.3 141.6 149.7 162.1 179.4 202.5 214.1 216.5 221.2 225.8 229.4 225.1 217.3 210.7 205.8 198 188 173.9 157.3 138.4 123.2 103.1 88 99.2 113.3 121.3
173.4 169.4 159.3 146 129.9 112.6 102.9 98.5 93.5 89.5 88.3 86.1 84.9 83.1 84.4 86.5 84.4 85.6 88.7 84.1 76.2 68.5 58.9 49.2 38.3 26.3 25.3 27.1 29.4 29.1 27.6 24.9 23.2 22 21.1 20.5 20.5 19 19.4 19.2 19.2 18.9 18.7 18.4 19.1 22.9 27.2 33.2 36.8 43.5 53.8 63.4 72.3 82.9 93.5 99.2 109 114.8 121.6 137.6 154.3 167.8 178.5 196.4 220.4 230.8 229.7 230.8 231.6 229.6 224 219.3 214.3 207.7 199.3 190.4 172.7 156.3 136.2 121.3 101 87.8 106.2 116.4 125.4
180.9 174.6 164.1 148.2 132.4 117.6 108.1 98 92.3 89.1 84.3 80.5 79.3 73 75.6 80.2 77 77.8 76.3 70 65.1 59.4 50.7 42.4 32.5 24.4 25.1 29.4 31 29 26.2 23.5 21.5 20.5 20 19.2 19.4 20.1 19.2 19.3 19.6 19.1 19.2 21.6 24.9 29.3 31.2 34.5 38.9 44.7 52.6 60.3 69.7 81.8 88.4 94.3 103.4 116.3 134.1 152.8 169.2 186.4 195.9 221.5 245.2 246.3 239.6 236.4 232.4 228.8 222.4 217.6 214.2 206.9 198 186.8 170.8 153.5 134.1 115.3 95.4 93.1 111.9 121.1 128.7
179.1 179.3 162.7 145.6 130.2 116.2 108 100.3 95.2 90.5 85.1 80.7 74.3 68.8 68.1 67.8 68.9 69 64.5 59.1 54.6 51.2 45 37.9 27.4 24.7 24.6 28.9 28.1 25.1 23.9 21.8 20.5 19.9 19.4 19.1 19.2 20.5 19.9 19.3 18.9 19.7 22.1 25.2 29.3 32.1 31.2 35 39 43.6 49.3 56.5 65.5 76.2 86.7 95.5 110.3 129.9 148.4 166.4 185.6 203 220.3 244.6 258.7 253.7 244.5 238.8 231.8 227.2 220.8 216.4 212.8 202.8 192.9 181.6 166.5 149.7 128.3 109.3 89.7 103.7 116.4 125.5 132.8
175.9 169.5 158.3 142.9 124.3 111.2 104.4 98.8 93.1 88.7 84.5 82.2 75.3 65.8 61 61.6 59.8 59.4 55.6 49.9 48.5 47.1 42.1 32.5 24.3 22.6 22.4 22.7 20.7 21.4 21.2 20.2 19.5 19.2 20.1 20.6 20.2 20.1 21 20.2 19.4 22.1 26.1 29.6 30.5 30.2 32.5 34.5 38.4 44.1 50.5 57.7 68.3 78 88.1 101.3 121.7 138.3 158.4 182.8 204.7 214.8 242.4 258.9 262.1 256.1 246.5 238 231.5 225.7 219.3 215.3 210.1 202.6 188.4 175.3 160.6 144.5 124.5 103.5 89.2 107.9 120.4 129.7 134.8
160.4 147.5 142.4 133.6 119.3 109 102.1 93 87.1 82.3 79.7 77.7 71.9 66.1 58.9 56.3 52.9 50.5 49.7 44.2 45.8 42.4 36.6 26 21 21 20.7 19.4 19.4 19.4 19.8 19.3 20.6 20.3 20.3 20.9 20.9 21.1 22 22.8 22.8 25.8 29.6 30.1 31.5 31.7 33.6 37.6 41.9 48.6 56.7 63.6 70.1 81.9 96.9 112.7 132.8 151.3 175.7 199.3 215.6 237.7 255.4 266.9 266.6 259.3 245.1 236 228.6 222.9 218.6 214.1 208.6 200.3 183.6 169.1 156.1 137.1 118.8 99.5 101.8 106 121.8 133.4 136.8
145.6 128.7 121.9 116.9 109 103.4 96.6 88.6 80.6 75.7 73.3 70.2 68 62.9 55.3 51.4 49.3 47.3 44.5 40.1 42.7 39.5 31.9 23.4 19.4 19.4 19.4 19.4 19.4 19.4 18.9 20.1 21.8 21.7 21.5 22.4 22.5 22.8 23.6 25.4 28 30 29.1 31.3 33.1 33.5 37.6 43.2 47.2 53.9 61.8 69.2 79.8 93.5 110.9 124.3 145.4 165.8 188.6 206.4 228.7 249.3 257 265.6 262.3 254 241.4 232.7 226.3 218.9 216.5 212.1 205.3 195.5 178.2 162.1 148.5 132.1 111.6 98.9 107.2 113.9 113.1 131.1 141.5
134.5 121.7 110.6 105.9 103.6 99 89.2 82.9 75.3 69.8 67.3 64.3 63.7 61 54.6 53.6 48.8 41.7 40.1 38.6 37.3 37 30.7 19.4 19.4 19.4 19.4 19.4 19.4 19.4 22.9 23.8 24.2 24.3 23.8 23.8 24.1 24.7 26.1 27.4 30.6 30.1 31.8 33.3 33 35.1 41.9 47.7 53.8 58.5 64.3 77.4 90.2 104.4 122.4 137 158.6 177.2 198.3 220.9 248.7 260.5 264.4 263.7 253.2 246.1 237.9 232.2 223.7 217.9 212.4 206.9 199.4 190.2 171.2 153.9 140.6 125.4 106.3 98.5 111.5 117.9 121.5 132 145.4
119 108.9 97.8 98.5 99 92.7 82.4 78.1 72.1 65.7 59.5 59.2 59.5 58.8 56.5 53 48 39.3 38.6 37.7 34.3 33.5 31.1 19.4 19.4 19.4 19.4 19.4 19.4 22.6 26.6 28.9 27.4 26.3 27.9 24.3 26 27.3 28.7 29.4 31.2 31.2 32.8 34.1 34.3 37.2 41.7 49.1 56.1 63.2 70.9 85.9 100.9 115 135.8 150.4 172.2 190.9 210.9 236.9 262.3 270.8 271.8 262.1 247.6 239.6 232 226.7 219.7 215 209.2 200.9 192.7 180.6 163.6 146.4 132.7 117.2 100.4 111.2 116.8 123.6 129.5 124.7 147.7
99.9 93.5 88.4 83.5 80.9 76.3 70.9 68.1 66.2 59.5 56.4 57.3 57.8 64.4 58.1 52.2 46.4 41.2 40.1 36.2 33 30.6 19.4 19.4 19.4 19.4 19.4 19.4 20.4 23.4 25.3 27.1 29.2 27.7 25.9 24.3 25.2 28.9 28.5 27.9 29.8 31.1 32.7 34.9 34.6 37 43.2 52.1 61.7 70.6 80.8 94.4 110.8 126.8 143.8 162 179.5 199.6 225.4 256.4 274.6 278.8 271.9 259.9 249 237.8 228.7 220.4 213.1 207.8 202.6 194.2 185.4 172.1 156.2 142.7 128.1 110.2 105 119.5 124.1 127.8 132.4 141.8 142.8
81 78.5 76 72.3 70.3 65.2 59.8 57.1 55.7 52.9 53.1 54.7 52.4 50.8 49.9 48.2 43.9 38.7 35.8 33.8 31.1 25.5 19.4 19.4 19.4 19.4 19.4 19.4 19.4 20.9 22.9 23.6 24.4 25.3 25 24.8 24.3 23.8 24 24.3 25.2 30.1 31.4 34.1 35.1 38.4 46.5 57.7 74 82.5 92.8 105.1 119.6 137.7 157.8 175.7 190.9 208.4 236.3 262.6 279.5 279.3 268.5 260.2 248.3 235.9 226.7 217 208.8 200.6 194.1 187.4 178.1 163.7 150.1 137.7 123.2 109.2 115.9 124.7 128.4 131.7 137.6 141 140.2
67.4 66.8 63.7 63.4 63.9 62.1 53.6 49.8 49.7 48.4 50.5 50.7 46.9 44.9 43.9 42.5 39.3 34.2 30.9 29.5 27.3 22.9 19.6 19.4 19.4 19.4 19.4 19.4 19.4 23 23.2 23 24.1 24.5 27.1 29.5 30.8 25.4 24 24.8 25.1 27 30.9 33.2 36.7 42 51.9 63.7 79.3 91.9 102.7 114.4 129.9 146.7 169.4 189.3 205.2 216.7 237 257.5 272.6 272.6 266.6 258.1 246.8 235.2 226.7 216.5 205.3 194.7 188.3 181.5 171.1 159.4 145.7 132.4 119.1 108.4 129.4 130 133 137.1 145.9 148.7 144
58.4 61 57.4 57 59.7 55.4 48.8 45.1 43.8 45.7 45.2 43.2 42.2 39.9 38 36.8 33.2 29.5 25.6 25.3 23.6 21 19.7 19.4 19.4 19.4 19.4 19.4 19.4 19.4 22.8 26.6 28 28.9 33.3 35.7 35.6 31.3 28.9 26.4 25.1 25.6 31.7 35 41.6 48.4 57.1 69.1 83.4 97.6 113 124.3 141.1 163.9 183.6 206.2 218 226.4 236.7 249.3 260.8 265.1 267.4 259.2 248.6 237.5 229.2 213.5 199.7 189.9 183.5 177.5 167.3 156.2 143.2 129.1 116.8 116.5 130.4 134.3 137.2 146 152.5 154.4 154
