public/OST50/NG63.asc
ncols 200
nrows 200
xllcorner 160000
yllcorner 830000
cellsize 50
[rows 148 to 184 of 200, columns 0 to 84 of 200]
37.1 37 39.9 33 30 29.1 24.4 22.6 23.1 23.8 19.8 17.9 16.7 14.8 11.4 9.2 7.5 -2.1 -2.1 -2.1 -2.1 -2.1 -2.1 -2.1 -2.1 -2.1 -1.3 0.2 0.7 2 2.7 3 -2.1 -2.1 -2.1 -2.1 -2.1 -2.1 -2.1 -2.1 -2.1 -2.1 -2.1 -2.1 -2.1 -2.1 -2.1 -2.1 -2.1 -2.1 -2.1 -2.1 -2.1 -2.1 -2.1 -2.1 -2.1 -2.1 -2.1 -2.1 -2.1 -2.1 -2.1 -2.1 -2.1 -2.1 -2.1 -2.1 -2.1 -2.1 -2.1 -2.1 -2.1 -2.1 -2.1 -2.1 -2.1 -2.1 -2.1 -2.1 -2.1 -2.1 -2.1 -2.1 -2.1
39.8 39.8 40.8 37.3 32.5 33.6 30.4 26.2 24 25 21.9 19.2 20 18.7 15.4 12.4 10.5 6.7 -2.1 -2.1 -2.1 -2.1 -2.1 -2.1 -2.1 -2.1 -2.1 1.7 2.5 2.5 3.6 2 -2.1 -2.1 -2.1 -2.1 -2.1 -2.1 -2.1 -2.1 -2.1 -2.1 -2.1 -2.1 -2.1 -2.1 -2.1 -2.1 -2.1 -2.1 -2.1 -2.1 -2.1 -2.1 -2.1 -2.1 -2.1 -2.1 -2.1 -2.1 -2.1 -2.1 -2.1 -2.1 -2.1 -2.1 -2.1 -2.1 -2.1 -2.1 -2.1 -2.1 -2.1 -2.1 -2.1 -2.1 -2.1 -2.1 -2.1 -2.1 -2.1 -2.1 -2.1 -2.1 -2.1
44.2 43.4 43.1 42.8 40.3 38.4 37.4 33.3 30.1 27.8 23.9 21.8 22.2 22.5 21.1 19.6 18.2 11.3 6.3 2.6 1.1 -2.1 -2.1 -2.1 -2.1 -2.1 -2.1 3.1 6.8 9.2 8.2 3.2 2.6 -2.1 -2.1 -2.1 -2.1 -2.1 -2.1 -2.1 -2.1 -2.1 -2.1 -2.1 -2.1 -2.1 -2.1 -2.1 -2.1 -2.1 -2.1 -2.1 -2.1 -2.1 -2.1 -2.1 -2.1 -2.1 -2.1 -2.1 -2.1 -2.1 -2.1 -2.1 -2.1 -2.1 -2.1 -2.1 -2.1 -2.1 -2.1 -2.1 -2.1 -2.1 -2.1 -2.1 -2.1 -2.1 -2.1 -2.1 -2.1 -2.1 -2.1 -2.1 -2.1
48.2 47.6 46.2 48.2 40.6 42.9 40.8 40 37.6 36.3 29.1 27.4 28.4 29.1 29.9 29.6 27.8 23.3 18 10.3 10.2 6.5 3.3 1.4 2.2 1.1 2.5 8.1 10.4 11.6 12.4 10 6.4 2.8 -2.1 -2.1 -2.1 -2.1 -2.1 -2.1 -2.1 -2.1 -2.1 -2.1 -2.1 -2.1 -2.1 -2.1 -2.1 -2.1 -2.1 -2.1 -2.1 -2.1 -2.1 -2.1 -2.1 -2.1 -2.1 -2.1 -2.1 -2.1 -2.1 -2.1 -2.1 -2.1 -2.1 -2.1 -2.1 -2.1 -2.1 -2.1 -2.1 -2.1 -2.1 -2.1 -2.1 -2.1 -2.1 -2.1 -2.1 -2.1 -2.1 -2.1 -2.1
51.2 50.2 48.9 50.2 49.1 51 44.9 43.5 41.8 42.1 35.9 35.3 35.6 35 33.5 35.5 32.8 31.1 25.4 16.5 14.1 12.3 10 8.4 6 10.9 9.2 15.7 16.6 17.1 15.3 15.4 10.1 8.3 2.5 -2.1 -2.1 -2.1 -2.1 -2.1 -2.1 -2.1 -2.1 -2.1 -2.1 -2.1 -2.1 -2.1 -2.1 -2.1 -2.1 -2.1 -2.1 -2.1 -2.1 -2.1 -2.1 -2.1 -2.1 -2.1 -2.1 -2.1 -2.1 -2.1 -2.1 -2.1 -2.1 -2.1 -2.1 -2.1 -2.1 -2.1 -2.1 -2.1 -2.1 -2.1 -2.1 -2.1 -2.1 -2.1 -2.1 -2.1 -2.1 -2.1 -2.1
56.1 54.4 53.7 53.5 50.5 50.9 49 46 45.5 46 41.2 41.9 45.4 43.8 40 37.7 37.4 34.3 28.1 24.8 22 18.1 13.9 9.5 14.1 18 15.5 19.3 19.4 20.1 19.5 16.3 17.8 18.8 12.5 10.8 -2.1 -2.1 -2.1 -2.1 -2.1 -2.1 -2.1 -2.1 -2.1 -2.1 -2.1 -2.1 -2.1 -2.1 -2.1 -2.1 -2.1 -2.1 -2.1 -2.1 -2.1 -2.1 -2.1 -2.1 -2.1 -2.1 -2.1 -2.1 -2.1 -2.1 -2.1 -2.1 -2.1 -2.1 -2.1 -2.1 -2.1 -2.1 -2.1 -2.1 -2.1 -2.1 -2.1 -2.1 -2.1 -2.1 -2.1 -2.1 -2.1
60.6 58.8 59.6 58.1 56.8 53.4 49.7 50.4 49.1 49.9 47.7 49.2 53.1 51.9 48.8 47.9 48.8 44.6 41.4 37.7 28.6 19.5 16 14.9 18.7 21.7 20.7 21.5 24.4 24.4 21.2 20.1 22.2 27.7 22.2 18.7 9.2 11.9 -2.1 -2.1 -2.1 -2.1 -2.1 -2.1 -2.1 -2.1 -2.1 -2.1 -2.1 -2.1 -2.1 -2.1 -2.1 -2.1 -2.1 -2.1 -2.1 -2.1 -2.1 -2.1 -2.1 -2.1 -2.1 -2.1 -2.1 -2.1 -2.1 -2.1 -2.1 -2.1 -2.1 -2.1 -2.1 -2.1 -2.1 -2.1 -2.1 -2.1 -2.1 -2.1 -2.1 -2.1 -2.1 -2.1 -2.1
66 64.7 64 61.8 59.3 57.8 53.6 51.5 50.5 52.1 54.5 57.7 60.1 58.6 57.6 58.6 60.7 57.8 55.2 51.3 42.8 32.3 21.1 19.8 22.4 24 25 25.2 29 30.2 29.3 27.9 27.6 29 26.5 27.1 23.2 19 -2.1 -2.1 -2.1 -2.1 -2.1 -2.1 1.2 3.5 -0.8 -2.1 -2.1 -2.1 -2.1 -2.1 -2.1 -2.1 -2.1 -2.1 -2.1 -2.1 -2.1 -2.1 -2.1 -2.1 -2.1 -2.1 -2.1 -2.1 -2.1 -2.1 -2.1 -2.1 -2.1 -2.1 -2.1 -2.1 -2.1 -2.1 -2.1 -2.1 -2.1 -2.1 -2.1 -2.1 -2.1 -2.1 -2.1
70 68.3 68.2 65 60.1 61 58.1 56.6 57.2 58.2 59.4 60.4 59.9 62.1 64.9 67.3 67.5 63.3 64.9 61.8 57.6 51.6 41.5 32.8 29 27.4 27.8 28.7 33 38.4 37.1 38.2 37.9 40.2 34.5 30.6 31.1 27 19.1 18.3 -2.1 -2.1 -2.1 -2.1 12 13.9 12.9 -2.1 -2.1 -2.1 -2.1 -2.1 -2.1 -2.1 -2.1 -2.1 -2.1 -2.1 -2.1 -2.1 -2.1 -2.1 -2.1 -2.1 -2.1 -2.1 -2.1 -2.1 -2.1 -2.1 -2.1 -2.1 -2.1 -2.1 -2.1 -2.1 -2.1 -2.1 -2.1 -2.1 -2.1 -2.1 -2.1 -2.1 -2.1
75.8 73.2 71 68.3 65.5 62.9 61.2 60.8 60.3 61.1 64.1 65.8 65.3 67 69.9 72.3 70.4 69.2 71.8 69.5 65.7 63.4 59.2 52.3 41.5 31.5 29 29.8 36.2 40.6 46.1 47.4 46.5 47.9 44.6 37.3 35.2 31.3 32.2 29.5 23.7 -2.1 -2.1 -2.1 16.3 20.8 20.9 -2.1 -2.1 -2.1 -2.1 -2.1 -2.1 -2.1 -2.1 -2.1 -2.1 -2.1 -2.1 -2.1 -2.1 -2.1 -2.1 -2.1 -2.1 -2.1 -2.1 -2.1 -2.1 -2.1 -2.1 -2.1 -2.1 -2.1 -2.1 -2.1 -2.1 -2.1 -2.1 -2.1 -2.1 -2.1 -2.1 -2.1 -2.1
80.6 77.2 73.9 72.1 69.8 68.7 65.9 64.3 64.9 66.7 68.5 70.4 69.8 72 75.8 77.3 74.2 78.1 79.6 77.9 74.2 72.5 68 62.4 55.5 48.9 36.4 33 43.4 46.8 48.6 55.7 54.8 55.4 52.9 45.3 41 40.3 41.9 37.1 33.9 20.3 2.8 5.1 21.9 27.2 24.6 13.4 -2.1 -2.1 -2.1 -2.1 -2.1 -2.1 -2.1 -2.1 -2.1 -2.1 -2.1 -2.1 -2.1 -2.1 -2.1 -2.1 -2.1 -2.1 -2.1 -2.1 -2.1 -2.1 -2.1 -2.1 -2.1 -2.1 -2.1 -2.1 -2.1 -2.1 -2.1 -2.1 -2.1 -2.1 -2.1 -2.1 -2.1
84.3 79.7 77.1 75.1 72 70.7 69.7 68.2 68.6 68.8 71.9 74.3 76.6 80.3 81.1 79.8 81.3 85.1 87.6 85.9 81 77.2 73.1 67.9 62.6 57.7 50.3 39.1 51.4 56.5 55.8 56.7 58.8 59.3 56.6 54.2 49.8 44.6 43.6 43.5 41.6 23.3 6.4 17.6 28.2 27.9 21.8 9.1 -2.1 -2.1 -2.1 -2.1 -2.1 -2.1 -2.1 -2.1 -2.1 -2.1 -2.1 -2.1 -2.1 -2.1 -2.1 -2.1 -2.1 -2.1 -2.1 -2.1 -2.1 -2.1 -2.1 -2.1 -2.1 -2.1 -2.1 -2.1 -2.1 -2.1 -2.1 -2.1 -2.1 -2.1 -2.1 -2.1 -2.1
86.1 82.1 79 76.6 72.8 71.3 72.3 71.4 71.1 72.9 77.8 81.3 83.8 87.7 87.6 84.7 89.2 90.3 91.7 91.9 85.9 79.7 78.5 73.8 69 63.6 61.7 58.3 49.6 58.6 61 62 57.9 61.1 60.6 60.5 59.1 56.7 49.3 52.5 49.9 31.5 18.9 12.8 27.4 24.7 19.2 13.1 9.8 7.4 -2.1 -2.1 -2.1 -2.1 -2.1 -2.1 -2.1 -2.1 -2.1 -2.1 -2.1 -2.1 -2.1 -2.1 -2.1 -2.1 -2.1 -2.1 -2.1 -2.1 -2.1 -2.1 -2.1 -2.1 -2.1 -2.1 -2.1 -2.1 -2.1 -2.1 -2.1 -2.1 -2.1 -2.1 -2.1
88.2 84.1 80.3 78.7 78.8 77.8 75.9 75 76.1 77.8 83 88.5 91.1 95.7 96.3 92 95.9 97 99.8 96.7 91.9 85 80.4 80.4 75 69.5 66.6 65.5 65.3 59.8 69 70.9 66.4 64.9 64.5 65.2 66.2 67.9 59.1 59.4 57.8 43.6 30.5 19 24.3 23 19.7 17.5 17.5 19.9 15.6 -2.1 -2.1 -2.1 -2.1 -2.1 -2.1 -2.1 -2.1 -2.1 -2.1 -2.1 -2.1 -2.1 -2.1 -2.1 -2.1 -2.1 -2.1 -2.1 -2.1 -2.1 -2.1 -2.1 -2.1 -2.1 -2.1 -2.1 -2.1 -2.1 -2.1 -2.1 -2.1 -2.1 -2.1
89.9 86.2 85.4 82.9 81 79 79.5 80 81.1 82.9 89.3 94.9 98.4 102.5 103.8 99.7 101.1 102.3 102.9 101.3 98.4 91.6 86.8 84.8 80.9 78.3 75.2 74.1 76.1 69.6 68.9 69.5 70.8 69.8 68.8 68.4 70.5 70.9 70.1 67.5 65.6 49.3 38.7 25 27.6 27 24.7 22.2 23.9 20.9 17.1 9.6 -2.1 -2.1 -2.1 -2.1 -2.1 -2.1 -2.1 -2.1 -2.1 -2.1 -2.1 -2.1 -2.1 -2.1 -2.1 -2.1 -2.1 -2.1 -2.1 -2.1 -2.1 -2.1 -2.1 -2.1 -2.1 -2.1 -2.1 -2.1 -2.1 -2.1 -2.1 -2.1 -2.1
91.7 90.5 88.5 86.6 85 79.6 83 84 86.6 90.8 93 100.3 105.4 108.9 109 106.8 106.3 108 106.5 104.7 103 97.8 94.7 92 90.4 87 84.4 79.4 79.9 78.3 75.9 69 70.7 79.3 76.7 75 74.6 72.8 70.8 72.5 69.4 55.8 44.5 32.3 31.8 34.5 31.4 28.7 33.2 25.4 18.9 13.2 8.9 -2.1 -2.1 -2.1 -2.1 -2.1 -2.1 -2.1 -2.1 -2.1 -2.1 -2.1 -2.1 -2.1 -2.1 -2.1 -2.1 -2.1 -2.1 -2.1 -2.1 -2.1 -2.1 -2.1 -2.1 -2.1 -2.1 -2.1 -2.1 -2.1 -2.1 -2.1 -2.1
96.4 96.8 94.5 91.8 88.6 84.8 87.3 89.8 93.4 97.6 101.3 106.5 111.7 114.5 116.1 114 111.4 111.9 109.8 110.1 107.2 108.7 104.3 101.6 96.8 93.7 90.5 86.4 85.7 84.3 81.8 75.1 76.9 80.9 85.1 83.2 82 83.5 75.8 75.4 69.5 59.4 49.2 35.5 31.7 38.5 38.6 39.1 42.5 34.2 25.9 20.7 18.2 17.5 14.2 10.1 -2.1 -2.1 -2.1 -2.1 -2.1 -2.1 -2.1 -2.1 -2.1 -2.1 -2.1 -2.1 -2.1 -2.1 -2.1 -2.1 -2.1 -2.1 -2.1 -2.1 -2.1 -2.1 -2.1 -2.1 -2.1 -2.1 -2.1 -2.1 -2.1
99.9 101.4 100.5 98.9 94.1 88.5 91.1 95.2 100.5 104.6 109.2 114 118 119.6 121.5 120.8 121.1 121 119.5 118.2 115 113.8 110.3 108.9 104.2 100.4 97.7 92.7 90.8 92.1 89.5 86.3 80.6 82 83.8 86.8 82.9 81.8 79.2 77 70.7 63.4 51 36.5 35 45.1 50.8 52.3 52.9 54.3 41.7 41.2 34.9 31.8 22.1 18.1 8.1 -2.1 -2.1 -2.1 -2.1 -2.1 -2.1 -2.1 -2.1 -2.1 -2.1 -2.1 -2.1 -2.1 -2.1 -2.1 -2.1 -2.1 -2.1 -2.1 -2.1 -2.1 -2.1 -2.1 -2.1 -2.1 -2.1 -2.1 -2.1
106.7 106.1 105.3 103.4 100.5 92.7 95.7 102.9 109.5 112.3 116.9 121.3 122.4 125.1 129.6 128 130.3 130.9 127.4 126.6 122.9 124.2 120.8 116.6 111.4 109.7 107.1 101.9 98.6 99.9 96.7 92 87.5 89.5 78.8 84.9 82.9 82 78.9 80 77 68.2 55.1 42.7 45.4 58.5 60.3 66.7 62.2 63.9 52.4 54.9 49.1 44.2 38.7 31.7 28.9 -2.1 -2.1 -2.1 -2.1 -2.1 -2.1 -2.1 -2.1 -2.1 -2.1 -2.1 -2.1 -2.1 -2.1 -2.1 -2.1 -2.1 -2.1 -2.1 -2.1 -2.1 -2.1 -2.1 -2.1 -2.1 -2.1 -2.1 -2.1
107.6 110.6 107.9 105.1 101.6 96.9 102.1 108.3 114 115.8 120.1 126.6 127.6 130.3 132.7 134.6 135.7 136.9 136.8 134.4 132.4 133.3 130.1 125.1 120.8 119.9 116.6 111.2 106.5 107.8 105.1 101.5 95.2 96.3 85.1 76.2 85.2 85.7 83.4 85.1 78.9 69 56.9 47.2 56.2 69.2 73.9 75.1 77.4 73.3 65.6 64.5 61.7 55.2 49.7 44 38.5 32.9 14.6 -2.1 -2.1 -2.1 -2.1 -2.1 -2.1 -2.1 -2.1 -2.1 -2.1 -2.1 -2.1 -2.1 -2.1 -2.1 -2.1 -2.1 -2.1 -2.1 -2.1 -2.1 -2.1 -2.1 -2.1 -2.1 -2.1
113.6 107.8 105.8 106.8 104 103.1 106.8 112.2 119.5 122.1 124.6 130 131.9 134.3 136.9 139.5 141.5 144 144.6 142.8 140.9 142.5 139.7 135.5 131.3 130.2 123.9 118.6 110.7 114.8 112.9 109.9 105.4 102.2 94.8 80 78.7 86.4 86.5 85.7 80.2 74.6 60.1 56.5 60.8 75.1 86.8 84.9 82.1 80.3 76.7 73.6 73.5 69.1 61.2 55.3 45.6 36.6 18.5 -2.1 -2.1 -2.1 -2.1 -2.1 -2.1 -2.1 -2.1 -2.1 -2.1 -2.1 -2.1 -2.1 -2.1 -2.1 -2.1 -2.1 -2.1 -2.1 -2.1 -2.1 -2.1 -2.1 -2.1 -2.1 -2.1
121.5 116.7 109.2 104.2 102.5 106.8 112.4 115.9 124.2 129.3 130.9 134 137.6 138.4 139.9 144.5 149.9 152.6 151.2 150.3 148.1 150.3 148.4 145.3 142.3 138.6 132.5 126.9 122 123.7 119.5 116.9 111.4 109.9 104 91.6 74 73.5 78.5 81.9 80.1 76.3 64.2 55.7 61.2 74.2 91.6 95.2 91.4 85.1 82.9 80.5 79.1 80.3 68.9 64.1 55.7 42.5 21.9 -2.1 -2.1 -2.1 -2.1 -2.1 -2.1 -2.1 -2.1 -2.1 -2.1 -2.1 -2.1 -2.1 -2.1 -2.1 -2.1 -2.1 -2.1 -2.1 -2.1 -2.1 -2.1 -2.1 -2.1 -2.1 -2.1
126.5 124.9 118.3 113.8 109 106.3 111.1 118.9 129.3 133.4 135.7 139.4 145.4 144.8 146.1 152.2 157.5 161.2 158.8 155.8 152.1 154.6 152.3 151.1 152.8 148 141.6 134.9 129.7 130.7 129 125 118.6 119.4 113.7 102.4 87.7 74 72.2 78.9 79.6 75.8 69.6 56.4 58.3 70.1 90.7 99.2 104 92.3 85.3 84.7 85.1 87.8 78.8 76 66.9 61.2 51.8 31.3 -2.1 -2.1 -2.1 -2.1 -2.1 -2.1 -2.1 -2.1 -2.1 -2.1 -2.1 -2.1 -2.1 -2.1 -2.1 -2.1 -2.1 -2.1 -2.1 -2.1 -2.1 -2.1 -2.1 -2.1 -2.1
130.2 128.7 126.7 122.6 116.6 109.8 107 113.5 126.7 135.1 140.3 150 153.1 152.3 155 160.1 164.3 167.7 167.9 164.6 164.1 158.9 160.7 160 159.2 156.1 149.3 143.4 138.6 135.7 135.1 132.2 122.3 120.1 118 109 96.8 82.5 75.1 73.9 76.9 76.4 69.8 59.3 58 75.9 91.2 101.8 111.2 111 94.2 88.5 90.4 99.4 88.7 87.6 75.3 67.8 62.4 44.9 29.1 19 -2.1 -2.1 -2.1 -2.1 -2.1 -2.1 -2.1 -2.1 -2.1 -2.1 -2.1 -2.1 -2.1 -2.1 -2.1 -2.1 -2.1 -2.1 -2.1 -2.1 -2.1 -2.1 -2.1
137.3 136.7 132.7 127.3 120.2 114.1 112.2 112.3 117.6 134.9 148.3 154.6 158 160.3 165.8 168.8 171.2 174.9 178.4 175.8 173.4 169.1 166.3 167.3 164.9 162.1 160.4 153.1 146.8 140.1 142.8 137.5 130.8 127 122.3 114.7 106.6 91.2 81.3 74.7 74.3 76.9 70.8 66.1 59 68.4 91.2 105.2 116.3 117.8 110.6 97.3 97.5 100 95.9 91.2 83.7 73.8 68.1 54.7 39.5 22.2 10.8 -2.1 -2.1 -2.1 -2.1 -2.1 -2.1 -2.1 -2.1 -2.1 -2.1 -2.1 -2.1 -2.1 -2.1 -2.1 -2.1 -2.1 -2.1 -2.1 -2.1 -2.1 -2.1
141.8 142.2 137.7 133 126.3 119.7 118.8 119.1 114.9 128.8 147.5 158.8 164 167.1 172.5 175.9 179.4 182.6 185.1 187.7 181.6 175.3 171.7 172.5 169.1 168.8 167.6 163 156.3 148.9 151.6 147.1 140.1 134.1 127.7 121.8 107.6 96.1 89 79.3 69.2 70.8 67.5 64.1 63.3 68.9 92.9 109.7 120.9 118.6 112.9 108.4 103.2 99 100.2 99.7 92.6 80.3 74.2 65.2 51.9 35.9 23.2 12.6 -2.1 -2.1 -2.1 -2.1 -2.1 -2.1 -2.1 -2.1 -2.1 -2.1 -2.1 -2.1 -2.1 -2.1 -2.1 -2.1 -2.1 -2.1 -2.1 -2.1 -2.1
147 146.8 143.2 139.9 136.5 129 122 119.6 125.8 135.7 148.1 159.8 168.3 175.3 180.5 184.3 185.7 189.7 190.4 190.4 185.1 181.2 177.8 179 176.8 178.7 177.6 173.2 168.9 160.7 156.5 151 146.7 140.1 131.8 123 110 103.2 93.3 83 73.7 65.2 62.2 63.4 68.4 73.8 90.4 109.9 121.7 121 117.8 112.2 112.4 98.8 98.9 99.1 98.2 85 76.9 70.8 58.5 49.9 50.1 40.3 29.5 23.9 -2.1 -2.1 -2.1 -2.1 -2.1 -2.1 -2.1 -2.1 -2.1 -2.1 -2.1 -2.1 -2.1 -2.1 -2.1 -2.1 -2.1 -2.1 -2.1
151.5 151.2 149.3 147.4 143.9 137.1 128.2 125.3 130.2 142.3 152 165.7 177.7 186.3 192.2 193.3 194.4 196.4 193.9 191.8 188.2 186.2 185.2 184.5 183.4 185.7 183 179.2 177.6 167.7 160.1 156.7 153.6 145 136.9 127.9 122.1 114.7 93.6 91 80 68.1 60.3 63.9 63.7 72.1 87.2 102.9 118 120.9 118.5 112.1 115.4 107 100.8 100.7 97.6 91.1 84.2 79.8 70.8 59.6 59 48.3 37.6 35 29 20.8 -2.1 -2.1 -2.1 -2.1 -2.1 -2.1 -2.1 -2.1 -2.1 -2.1 -2.1 -2.1 -2.1 -2.1 -2.1 -2.1 -2.1
156.6 156.6 154.6 153.5 151.3 145.7 136.8 133 140.8 142.1 154.4 166.9 183.4 194.4 201.1 202.5 203.6 201.8 199.6 198.4 196.4 192.2 192.9 191.2 190.7 190.9 187.8 185.1 182.4 172.8 161.8 161 159.1 151.8 143 134.1 130.9 116.2 101.4 96.9 84.3 74.7 67 62.1 63.5 69.1 87 94.1 109.7 118.7 122.9 125.4 129.3 120.2 108.4 107.8 99.3 97.7 97.2 93.3 85.4 70.5 58.6 51.1 40.7 41.3 38.4 36.5 27.6 -2.1 -2.1 -2.1 -2.1 -2.1 -2.1 -2.1 -2.1 -2.1 -2.1 -2.1 -2.1 -2.1 -2.1 -2.1 -2.1
158.9 160.1 158.1 158.3 158.4 154.5 148.1 143.1 143.2 153.4 155.9 166.2 182 193.4 199.1 212.7 212.3 209.1 205.5 205.1 203.1 202.3 203.6 201.1 200.8 198.9 192 190.6 184 173.5 167.6 170.4 165.5 158.2 148.1 141.2 136.4 121.5 110.1 103.8 90 76.9 70.4 66.8 64.5 71.4 86.4 95.9 105.6 121.1 124.4 128.4 138.1 142.5 121.7 113.6 107.7 106.8 106.5 99.1 99.2 89.1 62.8 55.5 51.3 49.3 46.5 46.1 37.3 -2.1 -2.1 -2.1 -2.1 -2.1 -2.1 -2.1 -2.1 -2.1 -2.1 -2.1 -2.1 -2.1 -2.1 -2.1 -2.1
163.9 168.4 169.7 168.4 166.7 164.7 156.5 154.5 152.7 161.6 169.9 175.3 184.9 190 194.8 204 215.7 213.3 209.3 212.1 210.4 210.6 212.1 210.6 207.3 203.5 197.5 191.8 185.4 178.3 175.6 173.9 170.6 163.7 151.1 148.5 142.7 129.4 120.5 112 94.9 79.1 75.8 70.1 70.2 79.8 85.6 101.5 109 119.3 125 128.9 137.9 143.2 133.3 124.2 118.4 116.7 110.4 110.2 102.8 94.3 77.1 66.6 62.2 58.7 53.3 52.6 47.1 35.7 -2.1 -2.1 -2.1 -2.1 -2.1 -2.1 -2.1 -2.1 -2.1 -2.1 -2.1 -2.1 -2.1 -2.1 -2.1
168.9 174.9 178.9 178 175.9 172.4 161.8 160.3 164.2 170 178.2 186.2 194.6 197.2 200.9 194.4 203.8 210.1 215.6 218.9 216.8 217 218.2 217.1 212.6 209.9 205 196.5 188.4 185.6 185.7 180.1 175.6 170.6 155.6 156 149.9 136.1 129.2 119.7 97.6 84.4 79 74.1 65.6 86.8 95.3 101.6 110.8 118.9 124 131.1 136.3 139 137.5 130.9 124.3 124.5 114 114.3 108.7 91.7 82.5 78.6 72 64.6 62.3 59.5 54.6 43.9 27.7 -2.1 -2.1 -2.1 -2.1 -2.1 -2.1 -2.1 -2.1 -2.1 -2.1 -2.1 -2.1 -2.1 -2.1
172.9 181.4 187.2 185.9 183.6 177.8 170.2 168.5 173.2 177.4 183.9 196.5 202.5 207.2 214.3 217.8 200.1 201.5 204.1 221.8 221.2 219.8 221 219.7 220.4 218.6 209.1 202.3 197.8 192.3 193.3 186 178.4 171.6 164.2 162.3 153.4 140.8 133.7 123.3 106.1 93.2 83.2 78.1 71.1 92.4 105.2 107 107.8 116.8 128.1 136.3 145.1 144.4 141.5 143.8 131.2 125.9 115.4 115.7 108.9 98.1 86.7 85.6 81.2 70.8 71.5 66.3 58.3 48.2 38.6 22.1 -2.1 -2.1 -2.1 -2.1 -2.1 -2.1 -2.1 -2.1 -2.1 -2.1 -2.1 -2.1 -2.1
180.3 187.2 196.2 195.3 188.6 183.1 177.9 177.7 183 187.4 192.6 206.9 215.2 220.7 226.4 230.6 229.9 214.6 203.9 209.6 218.4 220.7 222.2 224.4 222 220.1 213.7 208.6 201.9 202.2 197 185.9 182 176.4 170.4 165.8 156.5 147.2 139.1 123.8 111.3 98.3 88.9 86.7 88.5 97 106.1 111.3 109 111.4 125.3 140.4 152.6 154.9 149.1 146.9 140.2 130.2 117.8 114.6 112.6 104.9 93.5 88.5 84.5 79.1 81 73.3 62.3 54.4 45.8 30.6 17.3 -2.1 -2.1 -2.1 -2.1 -2.1 -2.1 -2.1 -2.1 -2.1 -2.1 -2.1 -2.1
187.2 195.8 199.2 197.2 191.6 187.9 184.3 187.8 194.1 200.1 206.5 219.2 229 234.5 238.6 243.3 245.5 238.1 220.1 207.3 214.5 218.3 221 225.7 223.1 220.8 218.6 214.1 206.3 206.5 198.5 189.6 183.5 178.3 173.7 168.5 160.4 149.7 135.4 120.8 110 100.3 96.9 97.3 97.4 102.1 109.5 119.7 122.2 115.4 117.5 135.9 151.2 152.3 151.9 147.2 140.2 130.7 121 120 116.9 110.4 100.7 91.4 87.8 89.4 87 82.2 70.4 61.7 53.4 36.1 25.2 12.2 -2.1 -2.1 -2.1 -2.1 -2.1 -2.1 -2.1 -2.1 -2.1 -2.1 -2.1
188.9 196.8 199.5 196.8 195.8 193.5 191.9 193.7 199.3 216.2 224.3 231.1 239.9 248.8 252 252.7 255 256.6 245.3 223.7 216.6 224.1 223.4 222.9 223 222 220.5 220.7 213.3 208.8 201.1 193.6 185.7 179.6 174.9 165.5 152.9 135.1 129.9 131 124.7 113.1 105.9 101.3 99.5 111.3 119.3 130.7 133.1 130.2 117.9 125.9 142.7 147.7 151.1 150.4 139.3 119.7 118.3 118.7 117.7 111.5 104.1 96.7 90.8 98.9 94.4 90.3 80.1 70.8 59.8 48.2 24.4 16.2 -2.1 -2.1 -2.1 -2.1 -2.1 -2.1 -2.1 -2.1 -2.1 -2.1 -2.1
189.8 194.3 196.3 198.8 200.3 200.7 202.3 202.3 206.1 229.5 238.3 244.4 250.3 261.1 264.2 262.9 261.5 258.6 260.5 246.1 224.5 225.6 234.2 229.2 223.3 221.6 220.7 220.9 216.7 209.1 201.8 194.3 187.2 182.1 173.7 160.4 159.7 159 156.4 149.1 138.1 124.7 114.5 107.5 107.4 123.8 128.1 138.6 139.9 138.4 126 124.7 142.4 146.4 149.8 149.6 135.9 117.7 112.8 112.6 110.4 109.2 108.7 102.1 95.2 101.8 98.3 97 92 80.2 68.6 62.9 41.6 26 -2.1 -2.1 -2.1 -2.1 -2.1 -2.1 -2.1 -2.1 -2.1 -2.1 -2.1
