public/OST50/NG70.asc
ncols 200
nrows 200
xllcorner 170000
yllcorner 800000
cellsize 50
[rows 105 to 139 of 200, columns 80 to 159 of 200]
270.7 276.6 281 286.7 289.8 301.3 313.3 338.5 367.2 372.8 380.4 376 382.5 409.6 447.1 452 438.2 401 366.9 340 307.6 283.6 269.9 255.7 240.8 225.2 212 195.2 174.7 157.6 139.1 122.5 108.3 95.6 83.3 71.9 62.3 55.2 46.8 44.2 39.2 33.1 36.5 39.2 42.6 48.9 58.2 89.2 102.5 116.2 129.1 138.1 149 159.5 170.6 179.7 189.6 200.8 207.5 212.9 218.6 228.1 242.6 251.6 256.2 275 283.9 292.6 311.6 321.7 335.5 358.4 390.6 402.9 416.2 425 452.9 480.9 477.6 476.7
268.1 279.4 282.5 287.4 284.9 289 304.2 324.3 350.7 363.7 368.8 365.2 382.4 415.2 443.1 447.6 442.4 404.1 375.5 345.2 307.1 287.2 273.9 262.2 247.8 228.4 217.6 202.4 183.3 165.4 147.2 131.5 116.1 105.3 92.6 79.1 70.5 62.8 53.1 48.6 43.3 39.9 34.4 37.6 40.7 44.9 52.5 79.3 96.5 107.1 119.4 128.6 138.6 150.6 161.3 168.3 177.2 183 191.1 199.8 206.5 215.3 224.2 237.8 242.4 259.3 263.5 271.3 288.5 305.2 332.8 366.7 375.5 383.9 404 412.2 440.9 463.1 475.7 468.9
275.1 279.9 280.3 283.8 283.9 287.7 300.5 311.2 326.8 337 342.6 357.5 387.8 415.9 431.9 452 444.8 425.3 396.5 359.8 316.6 291.3 278.5 270.8 254.5 236.5 224.5 209.2 192.6 174.7 157.4 140.7 123.9 111.6 102.8 89.2 78.6 70.3 62.4 56.4 48.9 43.8 40.5 34.5 39.6 42.1 48.7 67.6 88.9 100.9 110.6 119 128.4 141.7 152.4 157.3 163.2 167.3 177 185.9 193.7 201.5 212.7 220.6 228.8 236.3 244.7 255.8 265.9 285.6 318.5 340.6 355.8 363.5 375.8 398.4 428.5 457.5 466 458.3
282.2 283.5 285.2 286.6 283.9 286.5 299.8 311.8 321.2 329 339.2 352.9 372.3 394.1 416.9 438.1 446.3 442.4 416.3 377.7 331.3 298.8 288.8 273.7 260.5 245.1 233.1 217 202.8 188.2 167.8 150.6 134.8 119.8 111.8 98.6 89.3 78 71.9 63.3 56.1 50.3 42.3 35.5 38.7 41.7 46.2 57.5 76.2 97.4 102.9 111.9 122.9 129.2 140.4 145 148.4 153.8 161.8 168.5 178.8 188 193.8 199.2 207.6 214.2 227.9 237.6 251.9 269.6 300 314.7 330.9 344 360.1 381 403.5 424.5 428.5 439
285.9 286.3 290.4 292.8 292.2 284.2 297.2 308.2 316.1 324.2 342.6 359.5 372.8 376.2 400.2 421.8 433.4 432.7 414.9 386.4 339.8 307.1 295.7 282.4 270.7 254.7 241 228.1 214.5 203 185.6 161.9 146.1 130.3 119.7 107.9 95.9 86.4 80.2 71.1 64.7 55.2 45.5 38.7 38.9 40.8 44.6 53.1 70.9 79.7 91.4 103 119.6 121.4 126 132.2 133.8 141.6 148.6 153.5 160 165.8 171.4 178.6 184.8 196.2 210.1 221.3 238.8 251.4 281 295.2 310.4 326.1 343.3 348 366.5 383 399.4 409.8
290.3 294.7 299.2 296.1 292.3 290.3 303.8 313.3 318.3 330.7 342.1 364.5 372.2 374.5 394.3 419 430.3 430.8 419.8 384.6 343.2 312.7 299.3 288.5 275.1 261.9 253.4 240 224.4 215.2 200.4 181.1 155.5 138.5 126.7 120.1 105.1 95.2 85.9 77.7 71.9 59.9 53.8 42.5 38.4 39.1 43.6 48.9 65 71 76.1 86.6 102.9 108.6 113.4 119.8 121.5 128.4 134.6 141.1 142.9 150 157.6 159.9 170 180 193.7 207.4 219.7 234.1 253.6 268.5 286.8 301 312.1 324.7 346.2 370.5 384.7 387.1
296.4 302.1 303 297.5 293.8 291.9 310.5 325 320.7 329 338.3 357.1 367.1 375.1 399.5 425.5 431.7 428.5 421.6 390.9 349.3 317.4 303.8 297.4 287.2 271 265 255.3 237.3 224.8 212.9 195.4 165.3 148.8 134 128.9 116.3 103.6 94.1 88.1 78.1 68.8 65.8 49.1 42.9 41.2 40.9 48.2 59.2 63.9 66.2 72 83.1 95.5 100.6 106.7 107.4 115.6 123.1 127.2 129.7 135 142.6 147.7 152.3 166.7 189.8 196.7 204.2 217.1 233 251.2 271.5 292.6 300.2 305.2 322.6 333.8 346.8 353.6
303.7 308.5 308.4 300.2 295.2 294.7 307.5 314.7 319.5 326.8 339.6 359.9 365.1 376.4 410.1 431.5 427.1 433.7 444.7 427.1 371.9 335.3 319.9 318 308.9 287.6 273 264.1 247.9 233.7 219.1 202 176 156.8 142.9 134.7 123.9 112.2 102 95.8 85.3 80.1 72.6 59.7 47.6 44.3 37.6 46.5 56.2 57 60.6 64.3 67.1 78.6 83.9 90.4 101.4 105.7 110.4 114.5 115.2 119.4 128.9 129.4 145.6 157.9 168.1 177.9 188.3 201.6 221.8 237.6 253.6 272.8 284.2 286.6 291.6 301.2 307.6 312.6
313.6 314.7 310.8 303.5 299.1 299.5 307.3 312.4 318 329.6 343.8 358 363.5 383.6 417.5 423.6 422.9 438 457.8 438.7 393.4 355.2 335.8 334.2 316.6 299.9 287.6 277.2 258.9 243 229.3 210.1 183.3 165.5 150.6 138.1 131.1 116.6 106.8 98.3 94.1 88.3 79.5 66.8 54.2 48.8 45.6 45.4 54.5 54.7 54.2 59.9 58.3 62.8 69.4 76.4 85.2 87.7 91.9 98.4 102.6 109.1 111.6 121.8 135.4 147.5 155.2 163 172.4 187.6 204.4 223.1 233 250.7 257.1 260.4 269.5 271.8 269.5 275.4
317.7 319.7 315.2 307.4 307.8 307.2 301.4 313.8 323.6 336.8 341.2 350.4 365.1 395.4 405.8 417.2 430.1 454.9 459.4 427.7 396 371.9 359.7 341.5 323.4 311.6 295.3 284.7 269.3 253.4 240.9 221.3 192.7 172.4 157.8 147.1 135.4 123.7 111 108.8 101.6 93.5 85.4 72.9 59.9 54.1 48.7 45.9 49.4 52.1 51.8 54.3 55.8 58.5 60 64.3 64.9 66 73.9 81.4 91.8 96.5 102.3 113.2 124.1 135.2 141.7 149.2 157.4 169.5 183.1 208.1 217 225.2 230.2 229.6 241.8 243 241.8 246.7
324.2 323.4 318.3 316.3 315.5 314.2 310.4 317.6 327.5 338.2 342.7 352 362.6 388.1 395.6 422.3 439.1 454.8 433.7 425.8 408.8 406.8 382.1 352.5 343.4 325.8 305.1 292.1 282.2 269.3 247 228.5 201.2 179.2 164.1 153.7 144.5 134.4 119.3 117.7 113.5 102.6 90.9 79.9 68.1 59.5 50.6 45.3 47 46 47.8 50.4 54 54.7 53.3 52.4 54.9 63.4 70.5 80.4 84.2 90.5 93.9 105.3 116.1 122.2 129.5 135.3 144.1 154.5 166.4 184.2 194.6 211 208.4 208.9 216.9 216.4 220.4 222.5
331.4 327 321.7 322.8 322.5 321.7 324.5 323.8 332.1 340.4 345.1 358.1 365.1 383.5 409 427.9 436.4 431.4 427.4 422.7 421.7 425.2 404.4 375.5 358.4 338.3 317.6 301.8 293.5 277.5 258.1 239 215.4 190.2 171 161.5 150.9 141.3 126.1 128.9 125.8 112.2 99.9 89.3 78.6 67 59 52.8 49.8 52.3 51.8 51.6 47.9 48.8 53.9 55 51.7 57.8 62.7 70.1 78.8 85.6 92.4 100.7 110.5 113.5 120.5 125.8 132.6 143 151 167.3 173.6 183.3 187.4 188.7 191.2 193 193 194.6
338.7 332.3 326 331.6 331.5 332.7 334.1 324.3 336.8 341.9 345.9 359.8 370.6 406.2 423.4 424 412.5 415.7 425.4 433.7 436.7 427.1 429.3 396.1 371.4 353.4 331.8 310.7 306.5 289.2 264.7 249.7 233.3 198.4 180.6 170.3 158.5 151.3 136.2 134.6 131.2 124 112.8 97.9 90.5 80.6 68.4 61.8 55.3 56.3 55.4 54.8 58.3 58.5 68.7 55.7 52.1 57.5 62.3 66.7 74.2 81.7 87 96.7 104 105.7 110 119.1 126.1 135 138.8 147.8 154.4 166.1 167.2 170.5 173 172.8 174.9 173
346.9 338.2 332.9 342.6 342.8 342.7 340.5 326 343 346.5 349 360.1 374.8 399.6 403.5 400.6 397.3 412.7 436.5 432.8 439.2 437.2 432.1 409.1 377.8 368.7 341.5 315.8 304 286.1 265.3 252.7 236 213.1 190.3 176.2 166.8 156.2 143 136 138.2 132 120.7 108.3 100.6 93.4 79.4 70.2 65.2 63.4 60.1 59.1 61.2 65.7 71.8 70.6 52.1 57.9 60.8 63 67.8 74.3 78.9 92.8 96.2 98.1 104.7 112.8 121.2 125.3 125.1 134.3 141.3 149.7 149.2 154.8 159.5 159.1 158.9 158
360.9 348.6 347.2 352.2 349.5 350.7 348 338.6 345.5 349.5 354.3 360 366.7 380.9 386.6 383.9 394.7 416.4 424.3 425 436.1 432.1 424 403.2 376.9 359.1 336.3 314.9 298 280.5 260.2 250.3 233.7 217.2 198.9 185.9 175 162.6 149.1 138 139.8 134.5 126.8 115.5 111 105.3 89.7 74.9 70.9 68.8 63.9 62.9 66.9 68.3 72.5 76.1 52.4 58.9 59.8 59.9 62.9 68.9 75.5 82.7 92.4 94.2 99.2 104 110.4 115.9 113.8 121.3 128.6 134 133.6 138.4 142.2 143.4 141.8 144.6
368.3 358.5 358.6 358.7 358.8 355.6 353.9 345.1 347.5 350.3 353.1 359.7 367.3 378.5 379.6 386.4 396.1 406.6 413.5 420.3 431.9 432.1 426.7 410.8 379.1 355 335.6 316.5 294.2 277.7 258.6 248.6 239 230 218.8 199.3 184.2 169.2 158.2 147 143.1 139 132.7 123.3 118.8 113 99.4 85.2 78.6 75.9 72.7 76.1 78.5 74.2 77 74.1 55.4 54 55.5 59.7 59.9 64.8 72.4 76.5 83.2 88.6 92.7 99.6 102.9 105.9 105.9 110 117.8 121.8 122.6 126.8 125.8 127.9 128.9 131.9
376 367.4 366.3 364.8 364.9 360.9 355.6 346.6 344.2 347.5 354.9 361.7 367.6 374.4 388.7 401.2 406.4 414.4 416.6 445.5 459.8 457.5 434.2 408 379.6 357 339 317.2 295.5 278.2 257.8 249.6 243.7 233.5 221.3 201.9 187.7 175.7 165.7 154.5 146.3 143.3 138.4 132.3 125.3 120.1 110.2 97 88.8 84.5 81.5 87.1 87.2 84.7 80.6 74.9 62.9 61.4 61.2 60.8 57 64.8 70.4 70.7 77.9 90.1 90.6 93.9 93.9 99.2 104.4 100.8 108.3 112.4 112.5 115 115.4 118.6 119.1 119.6
381.7 375.6 375.3 375.2 370.9 367.4 360.1 348.3 341.4 348.4 355.8 367.6 379.9 387.2 405.6 422.3 415.6 409.2 418.7 444.9 467.4 465.7 445.5 404.3 376.3 356.3 334.9 313.4 290.9 271.8 258.9 247.5 239.8 232.9 222.5 205.2 190.1 179.5 169.5 159.7 153.8 151.1 145.4 140.4 134.3 128.1 118.5 109.5 104.6 98.4 90.9 89.1 94.1 91.7 87.2 83.1 66 66 63.1 63.1 63.4 58.8 64.3 67.5 71.3 78.4 83 83.3 88.5 92.9 99.2 92.4 98.2 100.6 102.4 105 107.7 112.7 112.6 110.5
389.3 385 384.2 381.3 374.7 374.6 363.9 352.4 342 345.6 357.7 371.6 377.2 387.3 407.2 422.3 413.4 410.3 425.3 446.5 479.6 485.5 464.3 410.5 377 355 331.1 310.1 289.3 272.1 262.3 250.3 238.8 229.8 217.8 204.8 191.8 182.6 174.9 164.4 157 156.1 153.7 150.1 144.1 136.9 127.3 119.6 118.1 115.3 103.5 96.7 101.6 96.6 94.2 88.4 71.5 68.9 66.1 64.8 66.7 62.2 64.9 66.2 68.4 71.3 74.6 77.2 80.8 84.9 88.3 86.7 90.5 92.1 92.4 95.8 99.4 101.2 100 103
398.3 391.1 388.5 384.7 379.5 375.4 364.9 354.7 344.7 350.4 358 367.4 375.9 381.6 394.4 404.1 405.2 413.1 433.2 470.8 498.1 501.3 483.9 418.1 376.7 351.5 327 304 286.6 276.3 266.8 255 242.2 229.7 218.5 205 194.1 185.7 176.7 167.9 161.8 162 161.7 160 155.4 147.2 139 130.4 127.8 123.9 114.7 107.6 108.6 106.4 102.3 96.1 80.5 72.3 71.3 66.6 67.3 66.8 66.9 66.4 67.2 68.8 71 73.6 77.4 78.3 78.1 79.1 82.8 84.5 85.3 88 92.7 93.2 88.3 93.9
394.5 392 396.2 392.7 381.9 372 364.1 361.8 351.3 354.6 358.9 366.1 373.3 378.4 388.9 396.9 412.4 427.3 445.8 474.3 498.4 505.9 485.3 423.7 382.9 353.1 325.6 301.4 285.4 274.2 263.2 251.6 241.9 231.6 219.5 206.4 196.3 188.5 182.5 174.7 164.9 169.4 170 168.6 166 158.1 149.9 142.6 133.9 128.9 122.8 115.9 114.8 115.1 110.6 102.6 91 81.2 74 68.4 72.3 71.4 71 69.9 67.1 65.6 69.3 71 74.4 73.7 73.3 74.2 77.7 78.3 79.7 82.4 85.1 86.9 81.9 84.7
383.5 390 396.5 392.4 382.2 376.7 372.5 370.1 359.3 354.8 359.1 364.7 370.2 379.9 394.6 398.5 421.9 431.9 444.8 478.7 500.2 504.8 488.1 442.4 390.4 364.3 336.7 315.3 289.4 277 267.1 253.9 242.9 231.1 218.8 209 198.5 190.4 183.4 178.6 168.6 175.7 176.3 178.2 173.6 165.8 158.8 150.4 139.4 135.3 130.1 123 120.1 120.4 116.4 109.5 97.7 86 73.6 68.6 76.8 77.3 75.4 71.7 69.1 69.8 66.5 70.1 71.3 68.8 70.6 72 73 73.8 75.2 77.5 79.5 80.6 79.8 80.9
380.9 387.9 398.4 399.8 395.7 387.9 381.3 374.8 364.9 359.3 360.6 370.6 380.9 393 394.7 398.6 422.9 427.5 439 483.1 504.4 502 491.9 451.8 404.7 376 347.6 328.3 303.7 283.6 273.9 261.3 257.1 248 232 222.1 214.8 200.3 189.5 179.4 174.5 179.9 183.6 183.7 181.1 175.4 167.1 157.8 146.6 137.4 135 129.3 126.3 126 125.5 116.5 104.7 90.9 79 70.6 82.4 80.4 79 75.6 73 71.7 70.7 70.5 71.6 72.5 71.9 72.7 73.2 71 73.3 75.8 76.6 77.3 76.6 77.3
386.5 395.3 403.5 410.2 405.2 398.8 390.6 378 370.9 365.2 364.7 377.3 386.8 396.9 391.5 398.8 416.5 424 449.3 484.6 499.6 499.5 498.9 467.6 421.9 395.3 365.8 341.9 321.4 297.3 284.1 271.7 269.8 267.2 259.1 244.5 230 217 202.4 191.6 180.6 180.7 189.8 188.7 186.2 182.4 173.9 164.5 153.4 142.3 137 135.1 132.7 130.6 128 121.4 110.9 100.5 90 76.4 74.4 82.6 84.4 84.1 80.6 77 76.4 75.3 73.2 75.4 74.1 74.9 78.3 74.8 73.1 74 74.9 75.1 76.1 76.6
395.1 401.4 413 420.2 411.7 408.1 396.6 381.5 379.5 378.3 371.1 380.1 388.3 392.8 391.5 399.2 411.9 426.8 459.5 483.4 498 498 507.7 489.7 452.9 419.8 393.5 365.4 340.8 322.8 307.1 294.3 285 278.9 285 269.7 251.8 236.4 216.1 204.2 190.3 183.8 193.3 193.6 191 186.9 181.1 171.3 159.5 149.4 141.1 137.5 136 132.6 130.7 126.1 117.1 109.6 100.5 89.1 79.4 76.2 86.2 84.9 82.8 80.9 83.1 83 77.8 79.6 78.3 75.1 79 76.6 72.1 74.5 75.6 76 76.9 77
391.2 404.7 419.1 426.6 418.9 410.7 400.3 390 389.9 392.2 386.3 385.3 393.6 392.8 391.5 399.9 409.7 431.3 467.4 475.4 487.7 488 506.3 511.3 487 447.3 433.6 401.4 382.7 353.2 333.5 316 302.9 292.8 287.9 286 270.1 242.9 228.6 213.6 197.1 186.1 194.6 198.5 194.9 190.5 186.6 180.6 167.8 155.9 147 141.7 139.3 136.3 132.2 127.9 122.3 117.6 111.4 103 95 90.2 82.4 88 86.3 85.9 85.6 85.4 84.3 85.4 84.4 75.3 76.4 76.9 76.2 73.7 72.3 75.4 77.1 77.6
394.5 413.2 423.9 432.1 422.9 416.5 404.5 401 396.8 397.7 395.1 392.5 392.2 391.5 398.8 402.9 410.8 419.4 449.6 468.5 471.1 473.6 502.8 511.7 498.9 471.7 452.2 440.8 420 404.7 375.2 352.1 326.3 309.8 298.2 294.1 275.3 256.9 238.6 220.5 204 188.5 197.3 200.2 198.8 194.2 191.3 185.7 173.2 163.6 151.8 146.4 142.7 141.3 135.2 130.4 129.3 127.1 118.4 110.4 106 100.7 94.7 84.6 91.4 93.6 94.5 91.7 90.9 91.2 88.1 80.2 76.2 77 77.7 77.1 76.2 73.2 76.2 78.1
397.7 413.5 428.6 430.3 426.9 421.1 409.8 405.4 398.7 400.8 399.1 395.9 391.5 391.5 395.4 401.9 410.7 409.5 428.4 455.9 451.2 465.4 482.6 490.5 493 483.6 456.7 444.7 446.7 430.4 412.4 386 360.3 331.8 309.7 297.9 287.4 267.4 246.2 228.4 212.1 194.2 198.1 202 200.7 196.9 192.6 185 176.2 168.2 157.2 150.4 146.2 145.8 139.7 135.5 134.4 132.5 123.8 115.9 111.4 107 99.9 86.3 99.3 98.6 97.6 99.6 97.2 95.5 92 85 79.9 78.6 78.9 78.9 77.5 77.9 73.9 74.2
396.4 406.7 421.2 430.2 433.1 427.8 423.9 409.7 401.8 400.1 402 397.7 393.6 392.8 395.7 396.2 401.2 403 409.4 427.1 438.3 452.1 471.2 487.3 491.9 476.6 454.7 450.9 448 432.1 423 398.9 372.8 346.5 321.7 302.2 294.3 278 253.3 234.6 217.9 202.8 198.4 201.7 201 199.1 196 187.4 178.7 170 160.7 153.5 148.7 147 144 141 137.7 134.9 128.1 119.9 114.5 109.8 103.9 89.3 99.6 99.6 100.2 102.5 101.4 100.5 96.7 92.4 87.9 84.1 82.3 81.3 80.8 81.5 80.2 78.9
388.8 399.7 417.3 429.4 437.2 427.9 422.8 412.7 403.9 402.1 403.4 400.4 397.9 396.3 402.2 402.6 401.3 403.2 405.2 419.7 436.7 453.3 475.4 490.5 485.4 473.3 446.6 447.7 440.2 435.4 435.8 418.7 399.8 377.8 352.5 315.2 296.9 293.1 264.2 240.7 223.2 207 201.9 204.8 203.9 202.6 197.8 187.1 180.6 172.2 163.6 154.2 149.2 147.5 144.1 142 140.5 137.5 130.7 123.9 118.9 113.5 106.6 91.8 103.5 104.8 105.4 107.6 105.1 103.1 100.7 100.4 94.9 89.5 87.4 85.6 86.1 88.2 85.6 82.4
392.2 409.5 430.9 436.7 435.8 428.9 424.1 417.4 404 402.8 407.7 404.5 396.4 397 400.5 405.4 408.2 406.6 412.3 419.8 434.5 457.1 478.5 480.7 473 462.9 439.1 448.9 438.6 431.4 425.7 418.7 398.3 373.9 352.3 324.5 303 294.5 269.5 245 223.8 213.2 207.4 209.6 206.9 202.9 195.4 187.8 180.5 172.7 163.4 155.6 146.6 143.5 142.5 142.6 142 137.7 131.9 127.3 123 116.7 109.4 104.3 97.2 106.4 107.9 110.4 107.9 104.9 104 103.7 101.1 95.7 92.9 90.4 91.2 92.5 89.4 88.8
396.5 406.2 424.3 436.7 433.5 425.6 421.1 415.2 405.6 404.3 407 405.5 396.4 401.1 401.9 408.1 414.2 417.2 423.2 427.5 430.4 457.1 475.4 472.6 460.2 442.3 426.5 420.6 417.9 424.7 413.2 398.8 387.5 372 352.6 324.3 301.5 290.9 271.4 245.6 225.8 216.2 210 209.6 208.8 209.4 203.5 194.8 184.1 175.4 164.8 157.2 148.4 141 138.7 140.9 141.2 137.9 133.3 130.5 126.6 119.2 110.5 99.2 104.2 106.6 109.9 114 111.9 107.8 108.3 108.4 105.3 101 97.6 94.7 97.7 101.7 97 93.9
402.3 411.6 426.4 433.6 430 423.8 419.2 412.9 405.7 405.2 407.7 398.6 396.4 403 407.7 417.6 425.2 428.7 439.3 435.1 432.7 455.4 462.2 463.4 449.8 425.3 416.3 406 400.5 395.1 397.9 383.5 366.2 353.9 338.7 315.3 299.4 292.8 274.3 252.5 232.1 218.7 212.1 212 212.6 210.9 210 201 187.1 178 166.8 157.6 150.2 141.6 137.2 138.7 139.2 137.5 134.4 131.6 126.6 118.4 109.6 100.1 107.3 110.1 112 115.1 114.5 112.3 113.1 112.7 109.8 105.3 102 100.2 102.3 105.8 105.1 105.2
410.3 418.1 433.2 438.9 428.9 428.8 433.5 420.7 409.9 407.7 409 400.9 397.1 403.1 410.2 424.4 444.1 447.2 450 439.4 445.6 450.4 447.8 441.3 427.6 408.6 400.9 398.6 388.3 386.7 372.8 365 356.3 344.1 327 309 296.6 289.8 276.6 259.6 237.1 224 213 211.9 213.4 211.2 212.7 203.7 188.5 177.9 167.2 157.8 151 142.4 136.6 137.5 137.7 136.2 134.8 128.7 122.9 117.1 108.9 105.9 110 112.5 115.3 117.2 117.4 118.6 118.5 117.5 115.4 110.7 108.4 107.9 106.9 112.9 114.6 117.3
420.3 420.4 438.9 436.8 430.7 434.8 443.7 428.4 421.8 415.9 414.5 406.7 399.7 404 409.2 418.8 434.3 452.3 455.6 446.3 449.5 438 424.2 415 398.9 394.3 388.8 387.6 388.5 384.5 375.4 362.1 354.3 343.4 329.7 311.1 294.6 283.3 271.8 258.5 244.2 229.6 215.8 209.4 208.9 207.9 203.9 200.8 188.6 175.6 166.1 157.1 150.1 141.2 136.1 135.5 134.9 133.5 131 125.7 120.5 115.2 104.7 112.1 113.4 114.1 116.4 119.1 119.6 121.6 121.8 122.8 122 117.7 117 117 117.2 120.2 121.4 124.4
