public/OST50/NG70.asc
ncols 200
nrows 200
xllcorner 170000
yllcorner 800000
cellsize 50
[rows 70 to 104 of 200, columns 80 to 159 of 200]
48 49.8 53 62 71.2 78.9 86.3 94.9 104.6 110.9 116.1 108.8 103.2 103.2 98.3 94.2 92.2 86.9 80.1 70.3 61.4 50.7 42.7 39.5 22.8 25.9 29.5 34.4 35.9 40.6 51.5 65.1 77.2 95.5 108.7 121.9 138.2 152.4 165 178.6 190.3 204.2 220.7 236.4 248.6 258.8 274.5 295.9 313.3 328.5 350.6 363.8 378.2 388.3 396.5 405.6 414.3 426.1 433.9 437.7 447.1 454.2 458.9 469.7 474 485 516.6 544.9 552.9 547 533.1 519.8 513.1 506.1 498.9 498.9 499.2 493.6 488.6 485.2
53.5 55.8 59.1 68.5 79.7 88.6 96 106.8 117.9 122.6 124.4 121.3 114.6 112.7 105.8 101 98.4 93.2 86.5 79 71.2 59.5 50.1 39.8 32.3 20 28.8 31.5 34 37 43.9 54.1 66.3 84.4 99.3 110.8 123.4 134.4 143.2 156.6 170.9 184 196.3 213.8 229.3 252.3 274.4 293.1 314.1 332.3 349.2 364.7 380.9 389.8 396.2 404.6 413.1 429.2 436.9 440 449.4 465.4 469.2 479.8 491.7 507.7 552.3 567.2 565.9 554 539.7 533.9 529.3 518.1 510.1 511.4 515.1 504.9 497.2 492.4
66.6 71 71.9 79.3 90.2 98.4 106.8 120.7 130.1 130.4 129.7 127.7 128 125.7 115.9 108.8 106.2 103.1 95.7 88.8 81.5 70.5 60.9 49.9 42.1 22 26.4 29.9 31.9 34.7 40.2 47.3 58.6 72.8 88.3 102 111.1 128.5 145 160.7 181.6 197.2 215.6 235.1 252.6 272.7 283.5 296.2 313.9 331.8 349.2 367.4 384.4 392.5 398.4 404.6 412.2 428.5 437.4 441.1 451.3 471.6 481.9 499.2 516.2 540 564.4 579.3 573.4 558.3 548.6 547.2 544 533.5 521.8 521 521.8 513.7 505.5 500.1
82.3 85.8 87.2 92 99.7 107.8 114.3 125.7 132 137.8 144.3 144.7 138.4 132.9 128.1 124.6 121.6 118 112 101.8 94.5 83.6 71.3 60.2 46.7 34.8 21.8 25.9 29.3 34.6 40 46.5 53.9 67.2 82.5 95.6 110.2 123.7 141.2 161.6 180.5 200 223.1 244.5 262.9 279.9 287.1 298.6 311.8 329.7 349.6 367.9 383.1 392 401.1 408.2 416.4 430.1 438.9 448.9 464.9 479.4 490.9 507.4 537 578.1 582.9 587.9 578.7 561 562.2 560.1 560.4 550.5 543.5 533.2 527.8 522.1 513.9 507.2
96 102.3 102.2 101.5 106.9 114.3 122.5 131.6 142.1 148.7 156 151.5 146.7 146.4 144.1 141.4 140.3 137.4 132 118.6 106.8 95.4 82.8 71.8 55.9 42.3 27.9 24.4 28.1 33.6 34.7 39.7 48.2 59.9 73.6 91.2 105.7 118 137.2 156.8 176.4 196.4 224.3 247.5 263.4 278.4 289.4 300.1 312.6 327.8 345.6 364.9 380.1 394 402.7 408.7 419.2 433.5 451.8 473.9 480.6 491.1 505.3 519.5 546.1 586.4 596.2 597.4 587.2 573 574.3 579.2 575 561.3 559.4 549.3 538.7 530.8 523.7 515.3
111.1 113.4 113.3 111.2 115.9 123.2 133.6 144.3 155.3 157.4 163.4 172 167.3 162.1 166.5 155.5 156.9 151.9 146.6 134.1 120.3 107.6 94.7 82.4 66.4 50.4 39.4 23.3 26.7 28.6 34.7 41.4 45.2 53.5 68.3 85 101.9 114.4 131.4 150 168.5 192.1 214.8 246 260.5 273.9 287.1 297.9 310.8 325.8 345.9 362.3 379.5 391.1 402.4 411.2 421.4 435.9 457.5 485.6 496 517.5 528.1 536.4 556.5 587 598.6 597.6 589.4 582.1 582.6 585.9 585.6 571.1 570.2 560.5 549.5 540.4 534 524.5
126.3 125.5 123.8 123.5 127.9 132.8 145 157 166.3 177.5 191.9 198.1 190.8 176.8 176.9 172.1 173 168.9 158.8 147.5 132.2 124.4 108.5 94.6 78.3 60.3 44.8 24.6 22.7 25.1 31.7 30.2 38 48.2 61.6 77.6 97.2 111.6 126.1 145.3 163.4 187.2 204.4 234.2 253.5 269.4 282.8 293.7 307.7 322.8 344.6 363.2 377.1 389.2 399.8 413.6 422.8 438.1 459.6 492.4 506.2 526.9 546.8 553.2 560.6 584.1 601.6 599.1 595 591 594.8 599.2 595 584.1 578.6 571 561.4 554.1 546.8 534.5
137.5 136.4 135.3 137.1 139.3 142.8 160 175.1 185.7 195.7 210.4 211.8 206.9 199.5 191.8 195.7 197 186.6 175.2 163.7 143.3 148.4 132.1 108.4 89.9 71.1 53.3 38.1 24.3 24.6 25.3 27.3 35.2 43.7 56.5 74 92 108.2 121.7 140 159.5 182.1 196.3 221.9 244.1 261.9 277.9 289.2 303.4 318.9 337.9 359.4 377.9 384.9 395.8 410.6 421 436.7 458.8 483.8 504.1 522.1 544.3 557.1 566 588.8 602.9 600 597.9 600.8 607.3 608.6 601.1 594.1 596.3 592.5 583.1 571.2 567.2 550.6
147.8 150.3 149.5 146 153.4 163.4 171.4 194.1 204.1 213 220.3 226 229.2 219.4 210 211.2 210.8 199.5 190.9 174.8 156.2 159.6 150.3 121.1 100 81.7 63.1 43.5 26 25 24.9 25.1 29.3 39.3 52.8 69.9 86.2 103.2 117.6 133.3 152.2 172.8 188.4 211.9 234.6 252.7 270.8 283.9 297.4 312.1 331.2 353.5 372.4 381.8 391.8 407.3 418.3 434.6 457.7 475.1 496.7 516 537.4 549.9 557.8 576.6 593.4 599.6 612.7 617 625.2 637.5 624.3 613.5 613.2 611.2 599.6 591.7 585.8 572.7
164.2 160.6 158.6 158 170 182.4 193.7 207.9 221.3 231 234.7 241.6 245.7 241.3 233.6 221.8 227.9 216.8 209.6 190.5 167.5 164.8 158.8 135.2 109.5 90.8 72.6 51.5 31 25.9 25.2 25.6 27.9 36.9 48.9 65.1 81.5 97.8 112.1 126.6 145.1 165.7 182.4 205.8 225.7 243.1 262 277.2 290.4 306.4 325.5 345.9 366.8 378.9 389 402.2 414.9 432.3 455.3 470.4 484.8 505.3 520.7 532.8 553.1 573.7 597.7 602.9 618.1 627.2 635.3 645.9 634.1 626 623.9 623.7 612.8 609.3 598.2 588.3
168.1 164.1 164.5 175.3 191.7 206.5 217.8 212.5 235 247.1 256.4 259.2 271.3 271.2 265.4 241.1 245.9 233.3 221.4 204 179.8 167.8 163.3 143.6 121.4 100.3 80.8 60.3 36.7 26.1 25.4 25.5 26.3 34.1 46.2 61.7 78.9 93.7 106.2 120.9 138 158.2 177.7 199.2 220.1 238.9 256.1 269.1 283.3 299.1 320.6 338.4 358.4 371.4 382.9 396.6 410.7 427.5 445 456 467.6 484.7 506.2 525.6 549.9 574.1 592.1 599.7 625 635.1 648.4 656.6 645.9 638.1 635.2 636.8 627.3 625.6 623.2 607.2
167.8 172.5 174.9 190.1 209.3 225.9 233.9 237.7 247.2 264.1 276.8 288.5 305.6 299.9 285.3 265.5 264.6 251.6 235 217.6 190.6 177.4 164.9 152.3 130.5 111.3 88.8 68.7 46 29.9 25.8 26 26.3 34.1 42.9 57.9 75 89.9 101.2 114.9 130.4 151.9 173.6 191.7 214.2 229.9 247.9 261.3 275.7 291.3 313.3 329.9 348.2 364.1 377.8 391.7 405 423.1 437.9 443.6 452.7 475.2 500.1 520.9 544.9 575.8 592.5 606.2 627.1 643.4 658.3 662.4 652.7 645.9 642.6 644.6 643.9 644.4 646 626.4
183.4 187.5 186.4 202.5 222.1 240.2 243.7 248.6 259.3 283.5 301.6 321.7 328.8 319.7 304.5 288.2 281.3 265.5 250.6 227.4 199.4 189.6 171.1 156.1 136.2 119.4 99.1 80.4 57.3 36 24.6 26.6 27.2 31 40.3 54.3 70.9 85.9 95.5 109.2 123.4 145.5 167.5 186.9 206.6 224.4 239.6 253 269.5 284.5 303.2 322.9 340.5 358.4 371.3 384.5 400.8 417.4 428.1 430.5 449.8 471 495.6 512.6 537.8 574 592.8 608.1 623.8 639.9 657.5 659.1 652.7 650.7 647.5 647.9 652.7 657.4 657.2 650.9
193.9 196.6 200.6 214.5 232.1 247.9 258.7 262.9 267.6 293.4 316.2 333.6 335.7 332.7 320.5 309 291.6 279.5 267 240.9 210.5 195.9 180.1 163 143.7 128.6 108.7 91.9 67 41.6 24.8 26.7 27.2 30.5 39.7 52.1 65.9 80.4 89.8 103.1 118.4 137.6 161.8 181.6 201 218.9 234.8 246.7 260.3 276.7 291.7 313.9 333.4 351.4 365.4 376.4 393.7 410.7 421.9 424.7 445.5 465.8 489.5 506.6 529.8 572 591.6 604.6 620 640.5 648.9 656 653.4 651.9 648.4 653.1 660.9 665.8 666.7 659.8
199.8 202.5 209.3 226.5 242.9 266.3 270.6 272.4 270.7 296.4 320.3 349.1 350.6 340.6 334.7 324.4 307.5 289 277.1 249.4 219.4 201.4 187.5 173.6 151.3 136.9 118.6 100 72.8 48.1 33.7 24.9 27.9 31.7 36.6 48.5 64.1 77.7 89.2 98.8 113.9 134.1 155.8 175.6 194 211.4 225.5 240.4 256.2 270.8 283.6 300.2 321.3 341.3 356.7 368.3 384.9 402.7 415.5 417.2 438.4 460.6 484.1 499 520.3 553.9 583.5 597.1 601.5 618.7 639.2 650.7 647.7 646.3 647.7 658.6 666.7 669.1 670.5 664.9
203.9 207.1 219.5 239 259.5 274.2 281.6 276.2 275.9 298.9 317 330.9 345.8 339.2 340.7 334.8 317.9 299.3 281.4 256.8 231 208.6 194.7 180.5 158.8 139.7 122.1 100.8 76.8 53.5 40.4 26.6 25 30 37.4 47.6 60.4 73.5 85.6 94.9 107.7 129.3 148.3 166 184.4 203 216.6 233.5 249.7 260 277.9 291.5 307.1 329.2 346.9 359.3 376.8 391.6 405.1 410 431.6 454.5 472.9 491.6 514.9 546 575.8 578.8 586.2 610.3 637.7 644.4 645.6 642.2 650.7 667.9 670.7 672.7 669 661.7
212 212.1 232.8 251.3 264.5 268.1 279.2 286.6 287.6 295.9 310 322.6 335.9 339.7 343.2 341.7 324.7 308.8 289.4 259.4 236.9 215.6 199.3 181.6 156.9 135.6 121.9 102.7 81.6 59.3 38.6 27.1 25.5 30.2 38.5 44.3 55.5 68.3 80.4 89.9 103.6 124.8 142.3 157.5 173.2 191.4 209.3 225.4 240.3 252.5 271.2 287.8 303.1 321.3 336.8 350 367.9 380.5 391.6 403.4 424.8 449.9 462.7 483.1 508.7 533.2 549.9 564.3 582.3 601 625.6 635.6 639.3 641.4 653.8 673.3 671.9 668.6 662.8 652.3
216.2 222.7 239.7 253.2 274.4 287 300.7 290.5 289.9 297.9 310.9 323.1 338.9 343.9 354.7 350.4 328.3 306.4 288.1 258.3 235.5 210.9 204.6 185.8 168.9 151.4 132.2 108.3 86.5 63.7 41.5 29.7 25.7 28.2 35 41.9 52.1 61.3 71.7 84.4 97.5 120.3 135.5 149.4 163.9 183.3 201.3 217.8 230.3 246.2 264.7 281.4 297.4 312.7 326 341.9 359.3 371.7 378.6 393.3 415.6 439.5 455.4 483.8 500.6 518.3 544 557.8 574.2 590.6 613.5 628 632.5 640.1 646.9 662.2 671.6 666.8 655.2 643.7
218 229.1 245 268.4 283.6 290.1 289 298.3 297.4 309.8 314.9 326.4 336.3 347.3 351.2 347.1 324.5 297.6 277.6 260.5 240.9 227.1 214.2 191.8 173 155.2 136.3 114 91.2 68.3 45.3 30.7 25.9 28.5 34.8 41.5 48.1 56.6 64.4 77.8 91.6 112.2 130.1 143.2 155.9 170.2 188.3 210 223.6 240 258.9 273 289 303.2 316.6 333.4 350.3 359.9 368.1 384.1 403 428.1 454.5 479.5 501.2 520.8 540.2 553.2 562.4 584.6 607.7 621 629.6 638.2 642 659.2 672 661.6 647.5 638.1
222.1 241.4 262.4 277.6 286.6 282.9 298.9 311.1 314.1 317.4 319 331.2 334.2 336.6 341.2 341.2 327.2 301.5 281.5 267.1 246.7 237.2 227.8 203.3 181.6 161.4 141.5 116.9 95.7 71.4 49.7 36.1 28.2 29.8 38.1 39.9 45.6 52.6 59.7 71.6 85 105.7 124.2 136.1 148.4 161.4 176.9 197 216.6 234.3 250.7 263.9 281.5 296.1 308.9 324 340 348.7 359.4 374.4 401.2 418.4 435.6 464.2 483.8 505.5 525.8 533.5 550.5 581.1 602.4 614.6 624.3 629.1 634 647.3 661.2 649.7 638.7 630.5
229.3 253.6 272.3 289.4 283.6 280 301.5 319.6 324.8 324.2 327.6 333.8 344.2 350 370.9 362 346.8 312.6 288.8 274.9 255 244.3 236 215.5 191.4 166.8 147 121.7 98.7 75.2 52.5 40.6 30.3 29.7 37.8 39.8 42.6 48.6 55.3 66.3 82 98.5 114.9 126.7 140 154.2 168.1 188.3 206.7 227 242 255.3 271.9 286.2 303.3 312.7 330.4 341.4 353.7 367.6 379.1 398.1 419.9 441.6 462.6 490.5 515.3 525.1 545.6 573.2 590.5 603 615.6 618.4 624.9 637.1 639.8 636 631.1 625.5
234.2 254.2 263.4 268.2 273.3 284.3 297.4 315 333.9 336.6 341 343.3 357.8 381.2 402.2 385.3 357.7 328 305 283.8 265.4 251.2 246.7 224.7 199.1 172.5 149.5 126.2 104.4 80.1 57.6 46.5 35 28.7 32.4 36.7 40.4 44.3 52.7 62.7 76.8 90.8 104.5 117 130.7 146.4 158.9 179.5 196.6 218.4 232.1 247.7 261.9 276 294.7 303.3 321.3 334.2 346.9 361.2 372.3 389.6 408.1 428.2 447.6 481.6 508.8 523.6 539 554.7 572 587.1 601.1 606.2 611.2 619.4 623.8 622.3 622.8 621.1
238.1 246.8 257.2 269 273 284.9 305 323.3 343.9 345.7 345.3 355.4 374 405.7 412 398.1 367.8 344.5 319.1 295.1 276.4 258 258.7 235.7 207.8 180.2 153.6 131.7 108.4 84.5 62.4 50 38.7 26.7 32.2 34.4 38.1 40.2 47.3 58 71 83.3 94.6 108.3 120.2 137 148.8 171.3 187.5 208.4 225.1 238.3 254.2 268.1 282.6 292.1 308.5 325 337.5 350.8 367 384.4 400.4 415.6 432.3 463.9 503.8 520.9 530.3 545.1 561.8 576.7 594 602.5 602.3 600.6 602.8 610.7 618 615.6
242.8 252.5 264.7 271.3 269.3 289.5 312.3 331.2 350.7 348.2 356.5 362.9 372.8 402.3 412.8 402.5 373.3 355.5 331.3 312.2 285.6 266.6 266.2 243.8 217.2 187.4 158.1 137.9 114.5 90.2 67.2 51.1 39.9 30.4 31.3 32.9 35.1 37.6 41.8 54.8 65.9 77.8 92.2 102.6 111.4 124.4 139.6 163.3 181 198.4 218.6 230.2 244.5 258.7 270.5 282.5 296.5 314.7 326.9 344 360.3 376.9 389.4 404 420.9 448.7 484.2 507.5 521.6 533.4 548 569.8 596.9 606.7 601.4 595.6 592.1 600.1 606.6 608.3
249 264.4 264.7 265 275.1 297.9 321.9 344 356.7 358 371.4 374.3 372.1 396.5 407.8 403.6 378.6 365 343.1 322 295.2 272.9 269.1 256.7 224.2 195.4 163.7 144.5 121.9 94.9 72.4 54.2 40.6 34.5 29.7 32.8 33.5 35.1 38.6 49.7 61.1 73.7 87 98.1 108 116.5 131.5 152.1 172.5 189.1 209.7 220.8 234 247.2 262.1 273 286.3 304.7 316 333.6 349.6 364.1 379.3 392.8 408.2 433.8 475.3 487.7 499.9 514.8 532 558.3 580.4 594.1 591.2 582.6 587.3 595.6 595.6 595.4
254.5 263 262.1 270.2 299 310.6 334.4 360.6 366.3 368 380.9 390.6 381 398.5 405.8 393.6 379.5 371.1 352.8 332 303.3 279.4 270.7 260.7 227.1 198.2 168.3 149.1 127.4 101.4 78.2 59.2 45.7 36.1 31.2 27.9 30.8 32.6 35.8 44.6 55.9 69.6 82.9 92.4 104.3 116.2 126.9 139.5 162.3 180.9 197.2 212.4 223.6 236.3 245.8 256.8 273.2 291.6 304.1 321 338.1 352 365.6 379.5 398.5 423 456.3 469 482.9 494.3 526.1 549.6 568.7 574.8 577.4 569 581.1 591.7 591.5 582.7
254.8 261.1 269 285.3 314.5 330.9 358.2 375.1 378.6 380.9 385.2 393 393.8 404.5 411.5 396.1 390.4 378.1 355 333.4 305 280.3 268.3 248.7 226.5 202.4 171.7 153.2 131.2 107.1 84.8 65.6 51.1 41.6 36.5 32.6 31.1 32.7 35.1 41.3 49.8 65.2 78.5 87.3 97.6 112.2 120.8 132.2 154 172.3 193.1 208.6 220.4 234.9 247.1 254.4 267.1 281.9 294.7 313 336.2 347.2 359.3 370.6 390.5 414.8 434.7 449.2 465 476.6 495.1 533 565.1 574.3 572 561.4 570.3 580.5 583 573.3
258.4 263.6 276 295 320.7 351 384 389.4 395.2 393.1 383.9 390 405.5 406 418.9 398.4 395.8 383.2 349.5 324.9 301.9 280.8 268.4 247.7 224.4 202.6 178.3 155.7 134.8 115.1 92.8 73.1 57.6 47.7 40.1 34.1 31.3 33 34.8 38.6 45.8 59.5 72.7 80.4 88.1 102.8 112.1 124.5 147.8 170.1 189.4 202.5 212.3 228.8 252.2 255.4 266.1 276.2 290 306.5 324.5 343.8 351.3 365.4 383.8 407.2 422.9 434.8 445.6 454.9 475.9 501.5 553.3 564.5 557.9 551.5 555.8 561.8 563 563.2
262.5 264.8 281.2 305.5 332.9 368.5 389.6 397.8 392.1 390.4 391.5 394.4 402.1 408.8 412.2 396.3 387.9 374.2 362.2 332.1 308.8 286.9 275.3 253.7 230.5 208.1 185.1 163.2 140.2 125.6 98.5 79.3 65.3 53.3 41.6 35.8 30.2 33.1 34.8 37.6 44.2 54.6 65.1 71.8 81.2 92.5 104.4 121 141.5 166.7 182.6 192.8 203.7 226.9 246.5 248.8 257 269.9 289.5 299.4 314.9 339.2 345.8 367.3 376.6 398 410.5 421.6 432.1 438.1 456.1 481.1 517.2 540.1 535 536.2 538.1 536.4 537.8 535.9
265.8 266.7 286.9 313.4 338.7 359.7 376.6 382.7 373.5 385.4 392.5 395.3 391.8 391 394.2 401 392.9 381.6 372.5 352.3 318 292.4 278.7 259.6 236.5 213.3 190 168.4 147.2 126.3 105.3 85.2 71.6 59.9 49.4 39.5 31.7 31 34.5 36.4 42.1 49.8 55.6 62.1 71.8 85.9 95.7 115 134.3 163.8 178.2 187.8 197.1 218.5 235.8 241.3 247.2 262.7 280 297.5 306.6 327 337.6 354.7 370.3 397.9 405 412.3 418.8 424.6 433.9 456.8 485.1 495.2 506.1 516 526.3 520.7 516.4 514.3
271.4 273.9 291.2 310.9 325.4 341.1 353.8 359.1 358.7 366.7 373.3 395.6 401 397.3 412.2 419.3 399 394.1 375.7 359.1 326.2 296 278.4 263.4 240.1 222.1 199.9 177 156.5 132.4 110.6 89.4 77.3 64.6 53.6 44.1 36.6 32.7 31.2 34.7 37.7 43.4 48.8 57.6 69.6 81.9 92.4 111.7 129.5 156.2 170.1 180.9 190.2 211.4 225.3 232.8 237.8 252.7 275 295.9 296.8 314.3 330.7 336.4 359.2 386.5 391.4 397 408.9 412.7 422.7 432.1 452.7 468.8 484.7 497.6 507.5 508 507.1 504.6
282 285.8 295.5 308.4 316.9 322.5 330.5 334.9 357.4 367.1 374.4 401.3 410.7 415.5 419.7 424.8 408.9 391.7 380.3 357.6 328 295.3 279.7 263.4 244.5 227.4 211.8 183.4 166.2 138.9 115.1 94.9 81.6 69.8 58 47.1 40.8 35.3 33.6 31.2 39.3 42.4 45 51.9 64.7 75.1 86 105.3 124.3 151 160.3 172.3 183.4 204.9 216.3 224.6 231.2 241.5 257.3 271.8 280.6 301.8 313.5 324.2 339.3 359.8 367.3 377.1 392.7 400.4 410.3 416.4 422.4 445.5 468.9 487 489.7 494.4 500 500.6
289.7 291.8 294.1 303.9 306.3 317.4 328.2 341.5 361.8 371.6 375 398.8 409.1 427.4 421.3 427.3 422.5 401.7 392.8 361.6 324.2 294.5 277.5 260.3 245 224.8 211.5 184.5 163.9 141.4 118.4 98.2 85.2 73.5 65.2 53.9 44.2 38.6 35.3 34.1 35.5 40.4 42.6 46.4 56.9 67.6 77.6 99.2 121.1 145.5 152.4 162.4 176.5 195.7 205.4 213.6 221.2 231 241 253.3 265.3 286.1 297.1 306.5 320.7 337 344.6 354 367.8 382.8 388.5 392.6 405.8 431.9 457.5 479.8 486.2 494.1 493.4 492.9
288.6 294.3 288.9 289.7 305.9 319.5 318.8 340.7 358.7 364.5 376 389.8 400.8 431.2 426.7 432.5 432.1 408.8 390.1 358.5 316.9 290 273.3 257.7 240.6 221.2 205.1 184.2 163.7 141.4 123.1 107.7 91.3 79.8 69.3 59.2 47.9 42.8 37.5 36.1 32.1 37.4 39.3 43.4 51.5 61.2 70.9 101.5 115.9 136.4 144.8 154.7 167.9 181.7 194.4 202 210.1 219.6 228.6 235.1 251.7 264.8 282.3 288.6 293.1 309.4 321.2 334.1 348.4 358.3 364.7 375.7 400.7 426.3 441.1 472.2 486 490.1 487.3 484.1
284.1 281.4 279.7 289.5 304.1 314.9 318.1 345.1 368.6 370.5 379.7 381.4 388 412.9 433 444.4 428.5 399.9 374.6 350 312.4 284.5 269.9 257.1 240.1 221.8 207.5 188.3 167 150.4 132.2 115.1 100.4 85.7 75.3 65.6 54.7 48 42.3 39.5 35.1 36 37.9 40.8 47.7 54.6 63.8 91.8 109.6 125.3 137.4 145.8 157.9 170.9 182.4 190.2 200.1 211.1 219.7 224.1 231.9 244.1 260.2 268.7 273.4 292 302.3 314.7 327.1 338.6 345.2 368.2 399.8 413.3 426.4 448.4 478.3 486.4 482.9 479.1
