public/OST50/NG73.asc
ncols 200
nrows 200
xllcorner 170000
yllcorner 830000
cellsize 50
[rows 0 to 37 of 200, columns 84 to 167 of 200]
293.4 292.2 288.4 289.3 298.8 305.8 306.4 309.1 307.9 308.4 313.7 315.1 316.2 320.6 324.4 328.4 334.4 336.9 343.2 345.4 353.1 354.3 359.6 361.2 362.7 364.9 372.3 380.4 386.7 387.9 385.7 386.8 388 397.7 409.7 422.8 445.8 449 452.9 456.2 466.4 475 479.1 485.5 486.3 492.9 486.3 477.7 457.4 429.7 408.6 385.8 369.4 351.8 341 334.1 337.1 333.7 332.6 329.5 326.3 325.4 323 320 322.4 329.2 338 339.6 346.1 352 359.1 366 374.2 384.4 393.3 401.5 409.2 421.3 434.4 445.9 454.4 458.6 464 471.1
292.3 290.5 287.8 282 299.4 306.2 306.7 310.7 306.8 307.1 310.5 313.6 315.7 318.6 320.3 321.9 332.7 339.7 343.8 344.8 348.8 354.3 359.1 362.4 363.5 364.6 375.1 380.9 387.1 386.7 386.8 386.6 389.2 398.1 410.1 430.3 440.4 448.5 450.6 463.9 471.2 476.4 480.8 483.3 486.3 491.7 482.6 480.3 461.4 430.4 408.7 383 368.5 351.2 342.7 332.1 332.5 330.8 325.1 322.7 319.7 316.1 312 320.4 323.5 326.1 327.9 329.6 335 341.5 346.9 353.1 356.4 361.2 366.2 373.2 380.2 392.9 400.7 417 427.6 436.6 442.9 450.3
290.7 292.2 288.3 282.6 300.4 304.9 305.9 307.6 302.7 305.9 310.4 309.1 308.8 313.2 314.8 321.3 330.5 337.8 344.2 346.5 347.4 355.1 361.7 366.8 369.7 367.6 376.3 384.7 389.3 385.1 386.8 386.1 391.5 394.6 411.5 428.7 439.9 447.6 454.9 464.8 472.4 478.8 479.4 479.6 485.2 489.4 483.6 480 467.5 434.6 414.2 386.9 369.4 353.9 341.3 334.6 328.6 327.8 324.1 321.2 319.8 310.2 314.7 314.6 317.5 318.8 319.1 323.2 324.4 328.8 332 334.1 335.5 338.3 342.8 348.3 352.4 367.6 377.5 389.4 407.7 419.5 434 441.3
288.8 288.4 286.6 286.8 295.4 297.5 300.2 298.5 298.3 303.8 303.9 304.6 302.3 306.9 319.7 325.5 332.2 341.7 341.6 342.3 347.7 354.3 361.5 373.4 376.2 372.8 379.7 386.4 384.2 389.2 386.8 388.2 395 395.6 417.4 429 448.3 452.3 460.4 467 472.1 484.6 479.6 480.2 485.4 487.6 483.6 478.6 465.7 437.7 416.4 389.2 369.2 355.8 344.7 340.1 333.1 325.7 327.9 321.4 315.5 309.2 307 308.9 309.4 307.7 309.7 310.2 313.3 313.4 314.4 311.5 313.3 319.6 320.2 325.6 331.3 336.8 349.7 364.8 377.8 390 403.2 414.2
285.1 285.2 282 287.3 290 292.8 295.5 294.1 296.7 301.7 300.9 301.3 301.3 308.5 322.3 333.1 333.6 339.5 337.9 337.9 348.6 353.4 364 377.4 379.3 378.2 380.4 390.9 395.2 393.9 386.8 389.1 393.9 398.5 408.8 426 447.7 455.2 460.7 463.1 468.6 476.4 477.3 480.7 486.8 484.8 482.2 483.1 471.5 448 421.9 394.4 371.9 354.6 346.8 341.1 332.2 325.6 326.2 321 313.9 307.6 305.3 307.3 304.1 303.1 303.2 302.9 299.4 300.8 300.7 297.3 300 301.1 303.9 309.2 313.4 315 323.4 338.2 352.3 364.7 377 391
284.1 283.6 279.8 278 285.9 290.5 289.3 290.1 293.3 295.5 299.3 301 302.3 309.7 324.4 326.6 330.9 334.8 334.9 339.2 347.1 352.5 366 380.9 384.6 389.5 398.2 397 400.5 401 391.7 388.1 392.6 397.5 405.4 425.7 442.5 454.8 458.8 461.4 465.5 472.3 483.6 483.8 487.7 484.4 489.2 495.8 485.4 460 424.8 397.5 376 358.3 348.2 340.9 337.4 331.1 328.6 323.3 316.7 310.3 304.5 305.2 301 300.7 298.3 296 294.2 290.4 289.9 289.8 285.8 281.8 284 284.1 287.1 291.6 302 314.7 330.9 343.3 355.6 366.3
279.6 278.3 273.8 271.1 283.1 281.5 285 284.2 288.3 292.2 294.7 299.5 303.9 312.2 322.6 323.7 325.9 328.9 330.4 338.1 346.1 354.3 366.3 377.6 391.8 394.6 400.5 399.1 402.2 403.9 397.7 393.2 396 407.4 414.8 426.6 438.9 452.5 454.3 459.7 463.9 471.5 482.3 487.9 489.5 489.7 498.6 500.9 491.2 465.6 437.3 405.6 382.6 363.6 354.6 345.7 338.5 333.8 330.2 324.2 317.4 309.8 305 301.4 299.6 296.7 292 289.2 283.1 280.3 276.3 273.4 269.2 264.1 263.5 263.6 266 272 282.4 296.9 310.3 320.8 332.3 341.6
277.4 274.2 272.5 265.5 273.4 278.2 279.4 280.2 288 292.4 298.7 302.2 303.8 314.3 318.3 320.4 322.2 324.8 329.8 337 346.1 357.5 368.8 380.6 395.3 398.3 397.4 402.3 407.3 412.1 407.6 408.7 406.8 418.9 425.4 432.7 438 442.7 450.9 458.7 466.9 475.3 481.6 494.7 496.2 496.9 503.4 500.6 485.1 473.2 450.6 417.4 393.9 369.8 359.2 347.7 341 335 330.4 322.8 317 308.2 303.9 297.7 298.2 292.5 287.1 279 272.8 267 264.1 256.4 254.3 247.5 245.1 245.1 249.9 256.6 264.6 278.5 290.1 299.1 296.8 317.7
272 271.3 271 263.5 270.4 273.9 279.2 282.8 290.1 293.8 300.9 299.8 303.3 310.7 313 318.4 323.4 327.9 335.3 343 352.1 362.9 376.6 393.4 400.2 394.2 401 411.9 420.7 414.5 416.2 421.2 423.4 426.7 438.2 435.7 439.7 439.4 451.8 463.8 471.2 477.7 488.4 494.8 500.7 496.1 496.3 494.6 494.9 480.9 457.8 445.1 407.3 381.3 364.4 350.4 343.3 337.3 335.3 326.2 314.4 305 299.2 294.2 294.3 285.3 276 269.8 264.1 257.1 250.7 246.2 240.2 235 231.1 232.1 237.7 243.9 249.5 260.7 270.3 282.6 297.4 312.5
267.7 268 269.8 261.8 268.7 270.7 275.6 285.2 289.2 297 303.1 300.9 306.9 305.9 309.5 318.9 325 330.1 341.2 346.2 352.6 366.4 380.3 394.3 399.1 392.8 406.8 417.3 420.1 415.4 424.8 425.1 429 431.5 440.2 434.8 438.1 443.3 456.1 459.6 473.4 484.6 491.2 489.5 489.2 489.6 500.5 502.4 496.1 479.1 468 456.1 422.8 390.9 368.7 355.3 348.4 343.3 335.6 326.1 314.6 302.9 294.1 286.2 285.3 279 269.3 260.5 253 247.3 240.2 235.4 232.7 228 223.3 226.1 227.6 232 238.1 246.3 257.6 272 285 295.4
265.6 261.8 264.7 259.8 264.3 272 276.4 280.8 291.4 301.9 302.8 303.4 301.4 302.5 310.3 319.9 322.2 332.2 340.1 344.2 351.1 366 380.7 397.1 396.1 393.1 413.4 413.8 413.9 415.6 425.7 425.7 427.6 431.5 436.5 434.8 435.8 437.3 449.7 465.3 478.1 475.2 474.6 477.1 484.9 494.5 501.6 499.3 495 480.3 478.1 464.9 436.5 403.5 377.7 361.4 351.8 347.5 338.1 325.6 311.7 297.9 296.1 282.9 279.2 274.1 269.4 258.5 252.3 246.1 238.5 233.4 228.9 222.3 219.8 218.6 218.4 221.8 228.7 237 249 262.3 274.6 284.7
262 257.9 259.3 260.4 267.6 277.8 276.1 281.5 290.5 299.1 296.9 296.3 294.7 299.8 307.4 315.6 322 332.8 342.8 347.9 359.3 372.4 385.7 397.8 390.8 394.5 404.3 407.2 414.6 414.8 424.9 428.6 427.6 430 431.8 435.6 427.3 438.7 450.5 455.3 458.5 455.5 460.6 475.6 485.4 494.8 499.2 493.8 492.5 489.1 479.2 470 443.6 421.5 391.4 368.5 355.7 351.7 341.3 324.8 311.6 298.8 300.5 284.4 275.3 273.8 268.1 258.5 253.6 245.4 238 235.2 228 222.7 218.7 215.7 215.4 218.9 222.8 227.6 235.2 249.1 261.3 277.3
258.5 255.9 255.2 259.9 270.1 274 275.2 282.9 292.6 296 295.7 293.9 296.4 300.3 307.5 318.1 327.4 338 346.2 356.9 370.7 388.4 388.3 390.8 386.2 387.5 393.8 400.6 411.2 411.4 424.9 427.6 427.6 428.1 420 424 423.5 424.4 432.9 446.3 447.5 458.1 459.7 471.9 482.5 490.2 489.6 487 492 491.9 477.4 469.5 449.1 430.4 397.8 375.2 362.5 354.1 342.9 325.6 314 302.4 300.3 283.9 275.1 270.4 264.2 255 249.1 246.9 245.3 243.6 234.2 227.3 220.2 214.1 214 215.2 217.5 217 221.6 233.1 249.9 259.8
257.1 254.4 252.6 261.4 273 273.8 275.3 286.2 289.5 293.8 291.3 293.5 299.6 301 311.5 325 337.6 345.6 352.2 361.8 375 383.8 387.4 382.1 378.1 381 389.2 394.7 404.1 409.8 418.4 426.3 428.6 423.2 411.5 411.8 408.8 409.6 419.7 432 447.2 455.1 454.7 465.7 469.8 477 484.6 484.9 490.6 483.4 476.7 467 450.8 430.9 406.2 391.8 376.4 361.9 343.9 332.4 318.5 304.8 293.4 284 278.3 270.2 268.2 261.1 253.2 253.2 246.5 245.3 237.3 227.1 220.8 213.2 211.7 211.6 210.2 210.1 217.4 228.7 238.8 242.7
260 251.7 254.8 264.5 273.4 274.1 277.5 285.9 287.2 287.1 286.5 295.4 300.1 304.2 316.7 329.8 342.5 355.3 357.1 365.4 374.9 378.3 378.1 373.7 372.8 377.7 388.2 393.8 401.8 408.4 412.8 417.9 424.7 419.4 408.7 396 397.2 403.2 415.6 431.1 441.5 442.8 449.4 456.7 468.4 472.6 474.2 480.6 482.3 472.1 464.5 466.1 453.7 429 413.1 400.4 383.2 362.5 349.3 343.1 325.5 309.1 296 287.7 286.4 277.3 273.2 263.7 257.1 255.1 248.9 247.2 244.7 238.7 225.3 213.2 207.4 202.2 203.3 204.9 210.9 216.1 221.2 222.7
258.2 252.3 257.2 265.8 273.6 276.1 280.4 290.2 284.7 291.3 296.1 298.5 300.4 305.9 317.2 330.6 345 353.9 361.3 367.4 377.1 371.3 369 372.5 372.3 377.9 389.1 395.3 404 407.1 412.4 416.7 420.5 421.4 408.6 390.5 389.2 397 409.2 427.2 432.4 435 442.5 456.3 460.5 466.1 470.4 471.4 463.8 459.2 458.2 457.3 447.5 431.9 419.9 410.2 390.3 370.3 356.6 346.1 328.2 317.2 305.7 296.7 292.9 281.4 275.6 266.6 259.8 256.8 251.9 253.4 256 238.3 224.7 212.2 200.7 198.4 197.8 196.2 197.5 201.4 205.5 206.2
258.8 252.8 247.7 262.5 272.4 275.8 274 279.3 282.2 290 298.9 301.9 306.4 307.7 320.1 335.5 344.4 353.5 357.8 361.8 363.8 364.7 367 371.3 369.8 374.5 382.4 394.3 400 403.2 407.6 416.3 419.1 418.9 403.6 383.8 382 389.9 397.9 407.9 421.3 429.1 443 450.9 460.8 458 461 457.1 449.7 445 450 441 440.6 434 418.3 413.2 400 375.7 356.1 350.1 339.9 326.6 311.6 300.4 292.3 281.3 276.7 274.2 264.6 258.4 253.8 250.3 245.1 238 225.9 210.6 203.5 194 184 186 185.3 189.7 193.4 194.1
258.1 253 248 259.7 268.9 268.4 267.8 278 281.8 289.6 297.8 303.7 310.2 311.8 323.2 335.8 342.5 344.3 344.3 355.2 357.8 360.2 365.9 367.2 368.1 369.6 378.3 386.3 395.6 403.7 406.5 415.1 416.1 409 400.3 382.6 373.6 380.1 393.2 406 416 427.2 437.6 444.8 444 449.8 444.7 446.6 438.4 433.9 426.2 424.5 427.6 427.1 422.9 422.8 419.8 407.4 388 374.9 359.3 344.2 331.8 312.2 297.3 285.6 281.7 273.1 261.6 255 251.8 250.6 248.1 237.9 222.8 210.7 203.1 183.2 178.5 179.4 178.6 181.7 183.5 182.6
255.9 250.6 248.9 252.7 261.7 265.4 270.1 275.5 279.7 291.2 298.8 306.6 311.4 317.7 323 325.6 332.4 338.4 347.3 351.6 362.1 365.3 365.6 367 368.1 368.2 376.9 386.5 393 399.7 404 407.8 408.6 408.7 398.6 379.2 367.9 370.4 390.8 400.9 410.4 416.1 430.1 427 434.6 435.8 430 431.1 428.1 419.3 410.8 414.7 427.4 423.6 426.9 438.4 432.9 430 411.6 397.4 375.3 369.7 359.2 334.5 310.6 292.5 284.4 270.6 260.8 253.1 251.6 253.5 247.7 237.5 218.6 208.1 191.9 175.9 171.8 172.8 170.4 170.9 174.3 177.6
250.2 246.2 247.5 252.6 257.8 262.4 264.8 268.7 279.6 292.6 301.3 307 311.3 321.7 331.2 333.8 348.8 352.7 354.4 356.4 361.8 368.5 366.5 368 369.9 369.9 378.2 388.3 395.2 397.6 400.7 403.5 405.7 402.6 396.3 377.8 366.5 366.5 383 396.4 407.8 414.9 418.5 417.1 422.7 420.3 414.3 413.6 404.1 397.7 405 416.1 428.2 424.1 429.1 436.2 441.1 435 428.5 406.5 397.4 386.1 372.3 364.2 340.2 310.7 292.4 281.3 265.5 256.8 252.7 252.8 244.7 232.7 216.4 195.3 181.1 172.1 170.1 164.2 162.5 165.2 166.1 172.5
247.2 240.3 241.9 248.8 254.7 256.5 261.6 269.7 284.5 300.4 316.9 320.4 325.1 334 341.1 343.5 353.7 357.1 358.6 361.2 367 373.8 371.3 369.3 371.5 371.5 380.3 389.4 393.1 396.3 400.2 402.9 400.9 398.2 389.1 376.8 366.5 366.5 381.5 393 401.2 402.7 407.2 405.3 406.3 401.6 396.8 395 399.3 403.7 413.5 421.8 432.2 439.2 434.9 435 439.2 436.8 432.5 408.5 402.1 394.3 378.9 380.4 366.5 339.2 315 293.7 280.9 270.2 259.5 255.8 248.7 231.3 209 188.4 176.7 169.6 161.1 158.3 158.2 160.1 163.2 169
242.9 236.4 241 253.3 263.5 264.4 277.5 286.4 300.8 313.3 323 324.1 328.2 337.6 345.1 350.4 356.7 359.2 361.1 367.9 370.8 379.4 378 372 372.6 373.3 381.7 387.4 387 396.4 398.5 399.6 396.8 393.9 387.4 377.3 366.9 366.5 378 387.2 392.9 396 386.8 386.3 387.1 391.4 398.5 411.2 418.3 417.3 424.1 427.5 435.4 442.4 439.5 440.5 442.2 438.2 426.3 410.5 405.3 395.5 388 384.1 370.9 353.2 327.6 309.1 306.8 304.2 287.7 268.7 255 223.6 198.6 181.5 173.3 168.3 161.1 153.9 154.5 156.7 162.5 166.3
245.3 247.2 251.6 268.8 275.8 273.7 284.5 294.7 304.8 316 323.9 323.9 329.9 338.3 343.5 354.7 356.5 358.3 359.6 369.2 369.3 381.8 376.6 370.4 372.4 372.9 378.8 384.6 386.8 392.8 395.2 396.6 391 386.1 387.2 377.2 366.5 366.7 372.6 376.3 380.5 375.8 377.5 384.8 385.9 396.1 409.8 419.7 425.4 424.6 428 430.6 439 448.7 445.7 447.5 443 434.4 415.6 410 405.7 400.7 392.7 385.3 367.2 356.7 338.9 328.3 320 323.3 321.2 296.4 271.6 227.4 197.2 178.2 170 166.3 159 153.9 150.4 152.5 158.1 165.8
253.7 253.6 257.3 272.3 278.7 281.1 294.4 300.9 309.7 320.4 328.8 324.6 333.3 333.9 343 354.8 353.2 357.6 358.5 366 368.6 371.1 370.6 369.9 364.5 368.9 379.6 377.4 383.4 386.3 386.6 387.9 381.5 378.1 379.4 371 366.5 366.5 365.8 364 372 373.4 370.5 378.3 386.3 400.6 413.3 421.2 425.1 430.9 433.3 441.6 442.9 447.7 447.8 445.2 438.5 427.2 412.7 409.6 404.2 398 390.5 381.9 369.7 362.1 347.4 332.9 326 330 326.1 320.9 298.5 238.3 199 180.3 171 165.9 159.4 151.7 149.9 152.7 156.2 163.8
256.8 258.6 260.9 275.2 283.6 288.9 301.3 304.4 316.5 326.1 331.8 327.6 333.7 333 341.8 346.3 349.7 352.4 358.4 365.3 371.5 374.2 370.9 366 360.8 368.8 372.9 370.9 374.6 373.6 373.2 372.3 372.2 372.8 370.7 367.6 366.5 374.9 370 362.9 367.2 367.2 368 377.9 390.7 410.9 418.1 421.5 425.5 436.3 434.7 441 444.2 444.3 443.8 440.6 429.9 415.2 411.6 406.3 399.1 394.4 387.9 380 365 360.6 351.7 344 331.9 337.3 327.3 327.3 315.1 286 214.2 187.9 171.7 165.2 161.5 152 147.5 152.1 152.3 159.7
258.9 262.4 263.5 277.7 289.1 288.5 297.7 307.2 319 328.6 326.7 330.1 329.5 334.3 337.3 339.9 344.7 351.9 361.9 365.3 373.9 370.7 364.4 365.3 359 363.9 362.1 365.7 364.5 361.1 359.3 362.6 370 376.2 377.7 379.5 381.4 379.4 378.2 364.7 365.2 368.1 365.7 373.7 389 410.2 412.9 416.4 422.7 433.7 436.8 440.3 440.8 442.1 439.5 432 424.9 412.8 410.9 404.3 396.8 390.2 387 373.3 359.8 358.8 356.9 344.7 330.9 331.2 325.1 328.8 319.9 307.1 265.3 199.3 178.4 166 159.2 150.7 142.5 142.4 143.7 152.7
266.2 268.8 268.3 268.5 279.6 284.4 299.9 308.7 318.4 325.6 326.2 331.3 328.3 332.6 334.6 337.9 345.1 355.6 361.1 365.5 372.3 362.3 359.2 355.8 353.1 353.1 353.4 353.1 353.1 353.1 360.6 367.9 372.9 382 386.7 386.1 390.6 392.5 387.4 369.3 361.1 364.2 361.1 370.5 385.2 399.7 409.3 413.1 421.9 431.7 436.4 437.3 434.8 435.7 435.7 422.9 411.6 406.4 401.9 395 396.3 383.4 379.2 360.1 353.2 356.1 354.8 343.9 326.8 317.7 325.7 328.8 317.9 305 287.3 228.6 189.2 169.3 159.4 147 140.9 134.7 134.8 140.1
283.1 287.1 278.3 272.2 275.6 280.9 295.6 308.2 315.8 321.8 325 333.1 326.5 335 333 342.2 346.7 353.2 349.2 361.2 364 357.6 355.6 353.1 353.1 353.1 353.1 353.1 353.1 353.1 364 379 389.2 395.1 397.5 398 395.3 396.8 393.3 373.3 360.7 361.9 360.9 371 381.9 401.5 410.4 406.8 421.3 428.8 426.3 425.4 426.8 433 432.1 415.5 404.6 395.9 394.7 387.2 379.7 377.9 365.5 348.8 351.2 348.4 346.8 334.2 323.4 311.4 315.6 315.7 305.8 299.6 289.4 268 210.5 177.3 160.1 146.9 137.2 127.8 125.2 123.9
287.8 293 291 284.9 275.6 278.3 289.6 298.9 306.5 317 320 321.3 324.3 331.4 334.3 341.6 346.7 351.7 349.6 359.8 359.8 354.8 353.1 353.1 353.1 353.1 353.1 353.1 357.2 360.3 371.2 383 391.6 394.5 396.5 396.6 397.5 395.1 393.7 377.5 363.5 360.1 363.8 367.1 378.7 386.3 394.8 405.1 409.5 422.2 417.7 418.3 424 428.6 423.8 406.6 395.8 391 383.2 374.9 369.9 363.8 349.2 342.2 339.9 331.9 330.3 329.6 320.6 305.8 303.6 297.2 301.4 302.4 290.6 278.9 244 195.1 165.2 148.1 137 126.9 115 111.6
277.4 283.4 283.4 286.6 275.7 278.1 288 294.5 305.2 309.8 309.7 317.6 327.1 328.7 330.6 338.7 342.7 344.1 347.7 345.4 348.4 354.9 358.8 358.7 355 353.1 353.1 352.9 356.1 365 371.8 385.5 389.7 388.8 391.3 398.7 398.4 393.7 395.6 378.1 362 357.3 360.8 369 380.3 387.3 393.6 395.2 397.8 404.4 412 415.3 421.2 417.3 411.6 399.9 390.9 384.3 373.6 366.2 364.6 347.5 333.1 323.1 321.4 325.5 319.9 316.3 313.1 301.6 288.4 294.1 303.6 297.4 286 275.1 249.5 217.5 178.4 151.3 136.9 124.5 112.6 102.6
274.9 278.4 277.4 280.3 269.2 273.1 281.3 291.7 292.5 296.2 307.2 317.8 323.7 323.1 326.2 337.8 336.2 340.4 338.6 338.5 355.8 360.4 363.2 360.6 358.6 354.8 353.4 354 357.5 362.8 371.3 383.4 383.2 391.8 396.8 400.1 398.8 394.9 389.1 378 354.6 354 357.6 363.8 369 377.4 382.5 386.2 388.4 402.4 409.5 413.5 409.6 403.6 398.3 389.4 382.5 367.8 367 362.6 349.8 334.5 318.5 315.8 321.3 319.3 313.8 312.4 307.4 297.8 283.8 289.1 285.7 284.7 282.2 265.6 242.9 217.2 194.9 154.3 136.7 122.5 108.8 101.7
275.5 269.3 272.8 274.2 268.4 264.1 267.8 278.7 287 295.5 307.4 319.1 319.2 319.5 327.1 328.6 327.3 326.5 334.9 345.4 350 353.8 359.2 358.9 356.5 353.2 353.3 348.8 356.7 363.5 375.9 377.7 379.3 390 403.5 403.3 399.6 390.6 385 367.2 351.5 348 351.8 352.4 360.4 366.8 375.4 380.8 386.7 390.5 394.7 398.9 396.4 392.6 389.7 375.1 364.6 357.6 352.6 350.4 339.7 324.6 313.2 314.1 312.6 312.9 316.1 313.7 305.1 293.8 279 266.8 274.4 275.8 266.3 255.4 232.7 214.5 186.7 156.9 134.9 120.6 104.6 99.7
270 267.6 273 276.6 267.4 259.1 264.9 273.6 285.3 294 302.9 311.7 312.6 313.1 320.8 315.5 320.3 331 336.6 340.2 344.8 349.1 352.8 350.9 350.8 348.4 343.1 344.7 355.7 363.7 371.8 374.7 375.3 386.3 396 398.9 390.6 377 371.7 356.1 340.6 336.9 339 338.6 346.3 362.2 370.6 375 368.2 377.5 382.8 385.9 385.9 383.4 374.3 358.4 356.9 344.9 344.1 336.1 330.9 309.6 302.9 308.1 307.7 313.3 316 311 303.2 283.2 275.2 256.8 255.4 257 252.9 241 220.9 208.3 181.6 149.4 126.7 111.9 100.5 98.2
269.2 267.6 269.9 273.8 264.5 256.7 256.9 271.4 282.6 292.2 298.8 301.6 301.1 297 296.1 306.5 312.4 325.7 333.9 337.8 342.1 339.1 343.5 341.8 341.7 339.4 342.9 346 357.4 364.2 367 366.7 371 377.7 379.6 378.6 366.6 361.4 351.8 343.8 328.2 321.9 325.4 322.9 329.9 352.6 367.9 368.8 362.9 367.5 373.8 384.2 379.2 367.5 358.7 346.8 343 335.9 331.1 328.2 321.9 299.2 293.6 300.9 309.1 313.7 309.8 301 293.3 281.9 269.6 254.4 240.3 243.2 237.5 224.1 211.3 199.8 171.3 142.7 118.4 103.4 96.5 89.7
272.2 270.8 265.9 271.1 260.9 251 258.6 265.5 277.2 285 294.1 292.5 282.5 293 302.5 308.3 313.2 320.2 329.6 332.2 334.7 334.3 333.1 333.6 334.9 335.9 341.8 345 354.8 364.3 364.4 363.8 362.6 366.1 370.6 370.7 359.1 344.8 340 334.8 313.4 309.1 307.7 311.3 317.4 334.6 355.8 354.3 354.4 357.2 362.6 364.3 359.6 345.6 341.2 334.2 336.8 325.9 322.6 321.7 313.1 292.7 287 302.5 307.6 310.9 302.9 284.7 278.9 272.5 255.3 251.7 228.9 226.2 221.4 221.7 204.9 186.1 161 123.6 105.2 93 86.6 85.5
269.4 267.4 263.7 268.7 257.2 241.8 255.1 257.9 271 274.8 270.5 277.4 286.9 296.8 303.3 308.6 315.8 320.5 324.3 327.7 331.2 332.3 332.3 327.6 334.1 343.4 342.2 346.1 351.2 352.6 357.3 358 353.7 359.8 362.1 359.7 348.9 335.6 329.7 323.1 300.4 295.1 294.2 301.1 302.8 312.6 329.1 335.1 336.6 349.2 351.1 345.3 337.1 331.9 332.4 329 325.2 318.3 320 310.1 305.7 282 280.3 298.1 304 298.8 278.9 271.1 268.2 260.1 248.1 242 220.7 205.9 213 204.7 184.1 162.2 136.6 99.7 92.2 84 79.4 74.9
258 260.8 255.7 256.2 251 236.2 241.2 248.3 250.4 250.2 266.9 278.7 288.9 309.8 311 317 323.3 327.8 325.9 326.3 326.3 331.3 328.7 328.1 336.4 342.7 342.5 338.1 340.4 338.6 340.9 339.3 344.2 348.6 349.9 341.8 330.5 324.5 316.4 306.9 289.4 284.2 278.9 287.3 290.6 297.4 305.2 313.9 321.1 330.9 329.8 318.7 319.1 321.4 323 317.5 313.7 310.8 312.8 307.4 296.5 272.5 267.9 282.3 286 266.7 260.6 260.3 245.9 243.7 234.6 216.2 206.2 186.5 180.6 176.7 150.5 129.7 99.1 86.4 77.8 70.1 60.4 58.6
247.9 247.7 241.2 240.2 235 234.6 230.8 235.6 240.5 258.5 272.5 290.7 311.6 318.2 320 319 323.1 325 323.5 321.5 321.8 323.3 318.6 323.7 325 328.1 326.5 321.5 316.9 316.2 318.2 324 325.8 324.8 323.2 315.8 319.8 312 299.8 291.7 281.2 279.6 279.4 277.9 278.1 285.8 293.1 300.2 304.4 299.2 303 305 311.4 307.6 310.1 308.1 304.6 298 301.3 300.6 282.5 259 256.3 261.5 254.8 241.9 233.4 233.5 236.4 233.2 214 200 190.6 176.4 151.3 131.5 113.3 97.8 89.7 76.6 64 51.6 36.7 33.5
