public/OST50/NG73.asc
ncols 200
nrows 200
xllcorner 170000
yllcorner 830000
cellsize 50
[rows 38 to 75 of 200, columns 0 to 83 of 200]
-2.2 -2.2 -2.2 -2.2 32.4 41.8 52.9 64.2 69.9 64.4 64 61.2 47.5 39.2 38.4 38 34.4 29.7 21.9 10.4 4.9 0.7 -2.2 -2.2 0.1 10.7 33 47.3 52.2 60.9 65.6 76.2 81.2 81.4 86.9 77.9 79.3 86.6 95.9 102.5 95.9 98.8 106 110.6 110.2 93.1 99.5 120.2 138.6 153.6 153.8 162.4 172.4 192.9 200.5 206.4 212.4 211.2 213.7 219.3 227.4 236.8 237.2 237.3 222.1 192.7 172.4 166.8 154.5 182 193.6 210.9 217.8 223 233.2 237.4 237.2 240 253 263.1 261.2 258.6 251 250.5
-2.2 -2.2 -2.2 -2.2 15.2 44.4 54.7 65.6 67.3 57.9 70.9 67.5 43.8 37.1 40.7 37.6 32.9 29.2 12.5 5.9 7.8 1.4 -0.7 -2.2 0.4 2.9 34.5 48.3 52 59.8 71.3 86.2 87.1 87.1 91.4 87.1 86.6 94.5 104.2 105.7 102.4 104.6 110.6 115.4 116.8 111.3 88.8 110.4 125.5 140.3 150.8 161.2 173.3 179 192.2 202.3 206.5 209.5 219.9 225.9 220.7 224.2 237.2 224 191.7 150.5 144.4 160.1 174 186.9 194.8 204.2 216.2 221.9 234 239.3 243.6 243 244.8 252.8 255.2 256.9 244 236.8
-2.2 -2.2 -2.2 -2.2 2.5 28.9 49.5 57.9 58 54 62.4 56.6 41.2 36.1 41.4 39.8 26 21.8 7.7 3.4 3 0.6 -2.2 -2.2 1.3 15.4 43.1 50.4 53.3 66.3 72.1 85.5 91.9 98.6 107.9 108.5 99.2 103.9 101.7 103.4 106.2 112.3 118.3 118.8 120.6 116.9 101.6 87.8 112.6 125.1 134.3 156 173.1 178.7 185.6 193.8 201.7 213.3 222.5 215.8 220.8 221.1 212.5 191.4 161 155.6 169.5 172.8 176.2 186.2 198.1 204.8 214.3 222.3 234.7 242.3 243.5 243.1 246.4 248.3 249.4 245.8 234.8 226.3
-2.2 -2.2 2.4 4.2 7.3 10.9 30.5 39.9 45.7 39.2 42 46.7 38.2 38.8 36.6 34.7 24.9 11.9 5 2.8 0.7 -0.7 -2.2 -0.2 2.3 35 53.8 52.8 56.3 68.8 79 91.8 96.7 111.5 122.1 121.3 113.7 109.3 104.4 105 106.2 114.3 118.9 119.3 126.8 125.3 114.8 112.5 99.3 97.4 121.6 137.7 162.9 176 177.9 188.5 206.2 219.1 222.3 212.2 214.6 210.1 185.7 170.1 140.5 171.1 174.6 173.9 175.8 188.6 204.7 213.6 217.3 222.2 233.8 237.2 236.5 239.4 238.9 242.3 237 235.9 228.3 226
-2.2 -2.2 8.9 20.9 15.8 10 10.7 12.8 23 35.1 46.1 48.4 37.5 47.7 41.2 30.3 20.6 12.3 4.9 2.9 -2.2 -2.2 -2.2 0.7 13.3 39 53.5 52.9 59.3 72.9 84.1 95.2 108.5 119.4 126 123.9 117.8 115.9 108.5 111.9 111.1 115.3 121.1 123.8 129.7 131.3 124.3 128.3 124.7 118.9 105 122.6 148.9 165.5 180.1 189.2 192.7 208 211.5 206.4 203.4 192.2 167.6 135.7 165.6 174 173.9 174.3 176 194.9 207.8 215.1 219.7 220.3 227.2 228.5 233.8 231.4 227.2 227.8 223.1 220.6 228.5 239.3
-2.2 -2.2 13.4 27 27.7 21.2 13.8 11.2 18.2 43.2 44 41.4 43.9 51.9 45.2 28 18 11.5 4.8 4.3 -2.2 -2.2 -2.2 -2.2 21.3 49.3 52.2 53 63.9 74 88.1 103.2 116.4 122.6 124.8 124.6 117.2 120.2 110.6 115.4 119.8 119.9 128.6 127.4 131.4 132.8 134 138.4 147.4 141.7 122.9 118.4 133.6 153.6 168 178.3 183.9 192.6 198.9 198 184.3 166.9 134.9 158.8 168.7 173.9 175.4 177.6 184.5 201.1 211.1 216.4 216.2 219.1 217.2 220.6 225.8 220.3 216.4 217.2 220.7 226.2 231.9 239.2
-2.2 -2.2 2.1 30.2 37.8 34.6 35.2 18.7 14.5 22.6 34.2 39 47.5 50.9 45.7 26.7 25 2.5 2.5 5.8 -2.2 -2.2 -2.2 -2.2 26.3 45.6 57.8 51.1 59.8 83.9 98.8 100.9 113.6 122.1 124.2 126.9 121.1 120.5 115.4 114.2 122.8 124.7 125.6 132.5 136.4 132.7 142.7 146.3 147.9 154.1 158.3 129.4 123.6 138.2 161.1 177.1 183.8 189.2 181.9 169.6 159.7 132.6 161.3 167.8 172 174.8 176.8 184.9 205.6 212.2 220.5 218.5 216.2 219.4 212 210.4 204 210 212.6 212.5 222.6 224.9 231.3 240
-2.2 -2.2 -2.2 27.9 41.2 42.8 46.2 37.8 15.6 15.3 21.5 35.2 47.9 49.9 46.1 28 26.6 -2.2 -2.2 -2.2 -2.2 -2.2 -2.2 19 33.9 43.8 48 48.5 68.8 81.6 97.8 100.7 105.2 114.1 118.7 119.9 123 117.9 116.4 119.7 122.5 125.5 130.5 127.6 133.9 135.7 144.6 149.9 150.5 156.2 168.6 161.2 134.7 128.7 147.2 159.9 167.7 170.4 159.5 150.9 128.4 155.5 166.4 175 179 181.2 183.6 200.5 214.7 221.2 222.4 212.5 215.9 212.9 199.4 196 197.6 203.3 203.5 213.5 220.3 221.3 224.1 239.2
-2.2 -2.2 -2.2 7.5 33.1 47.8 48.4 48.4 23.9 15.4 15.5 19.8 38.9 51 41.1 29.9 22.3 -2.2 -2.2 -2.2 -2.2 -2.2 -2.2 9.3 35.1 42.5 38.7 52.8 76.5 87.3 91.2 94.2 90.8 101 108.6 113.5 114.4 113.4 117.4 121.2 120.9 128.5 129.1 128.3 132.4 136 148.6 153.2 155.5 164.9 173 168.4 150.4 128.6 129.4 139.3 149 154.4 148.4 132.7 158.9 168 175.3 180.8 187.9 190 187.5 204.7 220.5 220 216.3 203.9 196.2 193.6 192.9 196.8 196.6 202.9 204.8 207.9 212.2 217.2 230.8 234
-2.2 -2.2 -2.2 1.9 25 44.8 48.2 39.9 25.5 18.8 15.4 14.4 19.3 32 28.6 25 -2.2 -2.2 -2.2 -2.2 -2.2 -2.2 -2.2 13.3 28.9 29.7 43.9 55.5 76 83.7 86.5 84.2 85.6 91.8 97.8 99.7 103.5 108.7 116.5 122.9 124.8 135.2 131.3 132.2 132.7 136.4 149.8 156.2 158.9 168.7 169.8 166.8 158.4 152.6 120.7 130.2 140.9 143.2 131.3 159.1 169.9 176.6 180.9 184.1 184.2 183.6 182.1 200.1 211.2 204.3 194.2 188.2 188.2 196.8 201.4 208.7 211.2 208.8 218.5 222.2 224.3 222 234.7 235.2
-2.2 -2.2 -2.2 -2.2 19.3 34 42.9 41.6 35.2 33 25.6 13.4 9.4 12.7 18.6 20.1 -2.2 -2.2 -2.2 -2.2 -2.2 -2.2 -2.2 -2.2 -2.2 25.8 44.5 62 76.6 78.3 80.4 80 80.2 84.6 87.2 93.9 101.2 105.2 112.1 121.1 125.9 136.4 135.1 133.6 133.1 141.5 144.5 153.3 160 163.1 164.6 170.9 164.4 146.3 131.6 120.2 125.3 133.1 154.1 162.1 170 174.5 177.6 177.6 175 174.2 175 185.2 181.8 184.4 191.9 194.8 203.3 210.5 215.9 223.9 238.1 227.1 229.4 232.4 228.3 222 235.3 230.3
-2.2 -2.2 -2.2 -2.2 23.8 38.6 39.7 38.9 38.6 41.6 35 22.4 7.3 1.3 -2.2 -2.2 -2.2 -2.2 -2.2 -2.2 -2.2 -2.2 -2.2 -2.2 -2.2 16.5 35.1 53.1 67.8 73.3 75.4 78.7 77.2 80.9 83.3 87.3 93.9 99.4 113.2 117.9 122.1 133.4 133.7 133.2 131 139.9 140.7 146.1 150.3 153 159.7 164.5 159 141.6 131.1 123 133.3 155.6 167.2 175.2 177.7 178 178 175.9 172.6 172.7 174.3 176.4 185.2 199.9 201.8 204.3 216.8 226.4 232.6 239.1 252.7 246.5 230.6 231.2 226.7 222 222 224
-2.2 -2.2 -2.2 1.2 24.8 36.1 35.6 36.6 37.8 41.8 39.3 25.9 14 2.3 -2.2 -2.2 -2.2 -2.2 -2.2 -2.2 -2.2 -2.2 -2.2 -2.2 9.9 23.8 36.1 46.9 58.9 64.8 70 70.4 72.2 77.3 80.8 86.3 85.9 95.6 106.6 111.5 122.3 129.2 118.9 123.3 127.8 131.2 139 143.7 144 142.3 149.7 148.8 142.5 133.2 134.8 138.1 149.8 165.4 174.1 177.9 181.1 177 173.2 171.5 171.5 174.1 186 200.9 210.4 218.4 210 224.5 234.9 248.3 260.3 267.9 266.2 257.5 239.2 228.3 223.8 222 222 222
-2.2 -2.2 -2.2 -2.2 28.7 32.6 34.2 42.1 41.2 39.3 39.5 36.3 22.8 14 -2.2 -2.2 -2.2 -2.2 -2.2 -2.2 -2.2 -2.2 -2.2 -2.2 15.4 26.5 43.1 49 53.4 58 62.7 68.8 63.7 71.5 73.7 77.9 84.1 87.5 98.5 107.4 117.3 112.7 114.2 122.5 126.9 128.4 132.7 142.4 140.7 137.5 142.1 132.3 133.5 137.4 143.6 149.4 157 167.8 176.5 180.9 177 170.1 169.8 173.4 183.6 195.8 201.3 221.6 230.2 233.9 229.3 238.9 250.3 263.3 276.9 275.1 279.7 265.1 245.3 239.4 222 222 222 223.9
-2.2 -2.2 -2.2 1.3 30.4 33.2 38.3 44 46.2 46.6 50.9 48.5 36.6 16.4 -2.2 -2.2 -2.2 -2.2 -2.2 -2.2 -2.2 -2.2 -2.2 -2.2 15.1 26.9 43.2 51.5 52.9 55.6 59.5 58.5 61.3 59.2 68 76.4 81.8 83.2 93.7 100.6 107 102 111.5 121 122.4 127.5 129 132.7 130.8 128.4 130.9 135.2 136.8 139 146.6 152.1 158.8 167.8 170.8 169.8 171.1 178.7 185.3 189.4 198.5 205 224.3 239.9 243.2 237.1 241.2 253.7 270.4 278.2 281.6 285.6 279.4 274.6 255.9 239 235 230.8 226.8 239
-2.2 -2.2 -2.2 -2.2 29.9 38.1 41 42.8 44.4 53.9 62.9 59.5 45.7 25.5 9.4 -2.2 -2.2 -2.2 -2.2 -2.2 -2.2 -2.2 -2.2 -2.2 16.3 35.6 43.9 49 54.4 61.8 53.7 53.7 54.8 61 66.2 70.4 76.1 81.3 87.7 95 97 103.1 114.1 112.9 114.3 122.6 129.9 132.2 128.5 129.6 135.2 139.5 138.3 140.9 145.2 150.6 151.3 153.1 158.5 166.3 178.7 188.9 192.9 199.4 205.7 216.9 237.3 253.2 250.4 249.8 251.9 264.3 276.4 288.7 293.5 291.4 282.5 273.6 263.2 262.7 263.6 258.8 237.2 244.2
-2.2 -2.2 -2.2 -2.2 26.1 41.7 41.3 41.9 47.6 62.4 71.1 67 53.3 35.2 20.1 -2.2 -2.2 -2.2 -2.2 -2.2 -2.2 -2.2 -2.2 -2.2 17.4 35.9 46.3 50 57.8 53.3 45.2 46.4 52.8 58.4 59 66.6 73.5 80.6 84.6 94.2 102.8 104.6 105.2 108.6 112 119.6 123.6 126.8 130.7 135.4 135.6 134.2 138.5 137.7 138.1 142.6 156 162.8 175.2 185.6 196.4 204.7 212.4 210.1 217.9 229.1 246 257.2 252.1 253.4 257.5 269.1 279 289.5 295.4 295.3 285.2 278.5 285.8 280.3 276.1 272.7 260.3 243.9
-2.2 -2.2 -2.2 -2.2 18.8 30.4 38.4 42.7 53.2 67.4 70.5 72.2 61 44.8 22.9 -2.2 -2.2 -2.2 -2.2 -2.2 -2.2 -2.2 -2.2 -2.2 17.7 34.3 43.6 46.5 47.1 45.2 45.2 48.3 57.1 57.8 58.5 61.4 66.5 79.8 87.4 99.7 102.3 100 104.3 97.8 100 108.1 119.8 128.5 133.8 130.9 130.1 131.7 138.3 141.5 145.9 158.6 164.5 173.1 187 195.9 208.9 213.4 221.6 218.2 225.6 237.6 251.8 256.4 253 253 257.9 268.2 277.1 279 286.8 297.2 299.2 294.4 297.4 301.4 292.7 286.1 273.8 250.8
-2.2 -2.2 -2.2 -2.2 10.5 26.8 38.3 48.6 57 69.2 71.2 70.9 62.4 48.3 29.7 -2.2 -2.2 -2.2 -2.2 -2.2 -2.2 -2.2 -2.2 -2.2 4.3 24.1 35.6 39.9 50.8 45.5 47.6 52.3 57.6 58.3 57.4 58.8 59 80.2 79.4 88.6 93.6 95.1 98.8 89.9 87 100 116.5 123.8 127.4 120.3 136.7 145.2 146.1 153.2 156.2 163.2 167 184.3 195.1 207.8 219.8 220.8 224.5 223.8 226.9 243.1 251.1 249.6 252.2 252.7 255.2 262.3 277.8 290 297 305.5 303.6 301.3 306.5 311.5 307 298.3 283.5 259.2
-2.2 -2.2 -2.2 -2.2 3.1 18.9 35.9 49.5 61.2 67.1 72.5 70.1 60.4 51.8 32.1 -2.2 -2.2 -2.2 -2.2 -2.2 -2.2 -2.2 -2.2 -2.2 12.5 30.6 40.7 50 57.5 51 54 59.8 57.6 59.5 55.5 54.1 55.8 67.1 74.1 77.9 83 81.2 80.3 74 84.1 100.8 115 121.7 116.7 135.8 143.4 146.7 155.5 161.1 167.6 171.8 172.5 185 203.8 216.3 223.4 223.2 225 226.4 229.9 241.6 245.3 249.6 247.4 246.5 263.7 274.4 285.6 294.3 304.6 305.5 306.2 305.2 307.4 320.5 313.6 304.6 285.7 255.7
-2.2 -2.2 -2.2 -2.2 0.8 21.7 41.3 51 58.2 59.2 68.2 61.5 55.6 52.9 34.7 13.5 -2.2 -2.2 -2.2 -2.2 -2.2 -2.2 -2.2 1.3 16.6 33 45.3 52.2 51.2 49.5 55 53.4 59.1 58.1 52.2 47.9 57.2 72.4 77.1 77.3 75.8 74.2 67.4 69.3 82.3 106.1 109 116.5 131.7 140.4 147.8 154.4 164.1 172.9 178.9 177.6 179 191.9 205.9 218.1 223.5 226 227.2 228.1 229.7 235.1 239.4 241.7 245.5 257.1 272.6 283.1 291.5 303.3 307 308.1 308.6 306.5 307.4 317.4 313.8 303.6 282.4 253
-2.2 -2.2 -2.2 -2.2 -2.2 13.2 42.1 48.5 52.7 58.5 62.2 60 58.6 54 34.3 22.1 -2.2 -2.2 -2.2 -2.2 -2.2 -2.2 -2.2 11.7 20.7 18.5 36.9 45.2 42.8 46 44.5 48.4 57.6 51.9 49.2 40.5 53.6 65.6 72.2 76.2 73.9 66.6 67.9 86.4 100.4 107.6 117 129.9 139.5 147.7 154.9 164.6 175.8 181.8 187.1 183.7 190.2 200.5 212.7 223.5 225.1 231.6 228.9 228.2 226.1 226.8 238.6 243.9 256.9 266.2 279.3 291.9 298.7 310.9 309.7 310.8 312.6 305.2 305.1 314.7 317.3 296.9 271.8 256.2
-2.2 -2.2 -2.2 -2.2 -2.2 -2.2 23.7 38.4 51.3 55.1 59.6 60.8 61.3 48.7 34.5 20.8 -2.2 -2.2 -2.2 -2.2 -2.2 -2.2 -2.2 1.8 28 25.9 29.2 33.5 34.4 36.6 37.8 41.6 49.2 51.2 43.3 40.5 51.7 59.9 65.9 67.4 70.3 60 70.2 90.2 100.7 109.7 126.5 137.1 141.7 156.4 162.7 169.8 180 188.5 192.7 192 196.3 200.7 212.2 220.8 225.6 231.3 226.4 221.3 218.1 234.3 243.2 253.6 264.4 271.8 281 293.9 305.2 313.3 316.4 311.7 314.4 304 304 309.7 297.3 279.3 273 250.9
-2.2 -2.2 -2.2 -2.2 -2.2 -2.2 7.6 29.8 45.2 52.4 54 54.7 52.7 45.6 34.6 15.8 -2.2 -2.2 -2.2 -2.2 -2.2 -2.2 -2.2 9 19.6 30.6 33.7 41.4 50 44 36.3 37.4 42.1 41.8 39 44.8 50.5 54.4 61 68.8 67.1 60.5 80.6 92.1 103.7 117.7 126.1 136.8 151 160.9 163.6 174.5 185.2 192 193.6 196.7 198.1 202.4 208.6 217.7 222.4 216.5 213.6 216.2 227.8 241.6 245.9 254.3 263.8 275.5 281 294.2 311 312.5 310.8 308 305.3 302.7 303.8 295.9 282.1 273 263.8 250.9
-2.2 -2.2 -2.2 -2.2 -2.2 1.3 8.7 19.4 40 48.9 49.5 51 44.4 42.5 29.1 14.3 -2.2 -2.2 -2.2 -2.2 -2.2 -2.2 -2.2 -2.2 17.4 35.7 42 46 49.1 50.5 43.5 37.5 38.3 37.6 39.5 42.3 53.7 53.9 67.1 63.9 57.9 67 87.4 96.8 108 122.7 136.1 142.9 156.6 161.6 168.9 177.8 185.7 189.4 197.1 199.2 199.4 199.7 206 211.7 209 206.3 207.8 218.7 231 242.9 243.9 253.9 270.8 274.8 281.3 293.5 300.9 303.2 302.6 296.4 292.2 292.1 295.2 293.1 299.9 276.5 263.5 250.9
-2.2 -2.2 -2.2 -2.2 0.1 4.1 11.4 21.4 32 42.4 50.6 47.3 39.5 34.7 26.8 16.9 -2.2 -2.2 -2.2 -2.2 -2.2 -2.2 -2.2 -2.2 -2.2 26.9 38.3 43.9 44.4 45.4 43.2 39.9 39.9 38.4 38.7 40.4 43 48.7 59.7 57.2 53.4 79.6 93.6 106.1 114 131.3 144.7 153.6 158.5 162.3 167.2 179.2 189 199.9 204.9 204.3 205.4 203.2 201.3 201.3 202.7 201.3 206.2 217.4 230.1 236.5 241.6 249.1 258.1 260.7 269.7 284.5 292.5 296.6 299.2 302.6 299.9 302.4 317.1 306.3 300.5 282 266.3 260.7
-2.2 -2.2 -2.2 -2.2 -0.9 1.7 5.6 23.8 34.2 36.6 44.3 38.7 36.6 32.8 27.1 15.3 -2.2 -2.2 -2.2 -2.2 -2.2 -2.2 -2.2 -2.2 -2.2 10.1 36.8 40 44.8 55.7 54.9 48.3 40.4 40.4 39.5 40.5 41.9 42.4 50.3 53.8 68.8 93.4 108.7 115.7 126.4 145.1 159.5 167.7 171.8 180.2 181.8 187.5 192.2 198.2 201.6 206.6 206.2 206.1 202.2 201.3 201.3 201.3 205.3 220.4 227.3 236.5 244.1 249.1 252.8 263.1 283.3 294 301.8 304.7 312.1 313.9 312.7 315.4 312.5 303.7 299 286.2 273.2 266.1
-2.2 -2.2 -2.2 -2.2 -2.2 -2.2 5.1 20.5 28.8 34.7 30 31.2 34.2 26.2 28.6 -2.2 -2.2 -2.2 -2.2 -2.2 -2.2 -2.2 -2.2 -2.2 -2.2 9.1 29 32.9 52.9 63.2 59.9 53.3 42.4 42.3 40.3 41.1 46.2 53.1 62.5 69.2 88.2 107.6 122.3 120.1 131.4 153.5 164.8 180.9 188.4 186.5 187.1 191.9 192.3 199.1 210.4 213.7 210.5 210.3 208.6 205.6 204 205 206.6 221.5 239.2 247.5 250.8 253.3 269.1 283.9 295.6 302.6 311.2 312.6 321.5 323.6 314.5 305.6 309 312.9 304.9 289.4 274.3 282.7
-2.2 -2.2 -2.2 -2.2 -2.2 -2.2 4.3 9.3 15.3 22.1 30.4 30.1 29.9 27.1 25 -2.2 -2.2 -2.2 -2.2 -2.2 -2.2 -2.2 -2.2 -2.2 -2.2 0.9 22.5 39.4 57.6 62 62.4 53.6 44.3 50.5 41.2 43 50.9 52.4 61.9 84.1 103.5 117.7 121.4 116.4 135.8 156.5 172.6 188.7 195.8 190.3 188 187 191.8 199.9 204.4 210 213.4 210.2 209.3 212.8 214.7 209.6 219.3 245.3 257.9 267.7 265.8 273.9 287.1 293 299.6 313.4 316.1 319.3 322.9 315.9 316.4 320.3 315 317.4 302.1 291 291 293.3
-2.2 -2.2 -2.2 -2.2 -2.2 -2.2 2.9 8.2 12.7 21.7 26.9 25.4 21.2 17.8 15.3 -2.2 -2.2 -2.2 -2.2 -2.2 -2.2 -2.2 -2.2 -2.2 -2.2 4.9 32.1 44.7 62.5 63.5 59 53.9 47.4 50.5 40.5 36.8 40.6 50.6 66.7 91.7 111.5 117.8 116.4 118.4 141.9 159.1 176.8 185.9 195.2 194.1 192.2 187 191.1 199 207.9 211.3 210.2 208.7 209.5 214.4 220.4 224 243.3 257.2 266.1 276.3 277.8 283.8 290.1 300.6 302.8 314 314.3 313.4 310.6 317.5 316.8 318.8 317.6 310.1 304.3 295.9 292.2 296.7
-2.2 -2.2 -2.2 -2.2 -2.2 -2.2 1.3 5 7.7 18.2 25.5 25.9 13.4 2.1 -2.2 -2.2 -2.2 -2.2 -2.2 -2.2 -2.2 -2.2 -2.2 -2.2 -2.2 21.3 35 47.6 61.5 59.5 62.5 55.3 48.3 42.1 34.6 30.5 37.3 52.1 72.2 94.8 110.6 115.8 115.4 129.7 149.2 168.2 178.5 189.7 195.9 194.4 184.2 185.9 192.8 200.6 206.4 205.8 206.2 209.9 214.7 219.9 223.8 237.7 253.5 263.5 271.1 276.2 284.9 289.2 296.6 301.3 302.8 300.7 299.8 311.2 312.6 313.6 313.8 320.5 318.2 307.8 298 290.8 290.8 307.6
-2.2 -2.2 -2.2 -2.2 -2.2 -2.2 1 -2.2 3.1 9.9 16 12.9 -2.2 -2.2 -2.2 -2.2 -2.2 -2.2 -2.2 -2.2 -2.2 -2.2 -2.2 -2.2 -2.2 28.7 42.7 53.2 63.1 61.1 61.6 55.6 53.8 39 27.4 25.7 33.7 48.7 76.8 91.5 110.6 116.3 126.3 139.3 152.1 167.6 178.7 185.4 190.1 187.4 181.3 188.2 192.9 201.7 204.1 205.6 209.7 216.4 221.4 227.3 238.7 251.9 254.8 262.9 268.7 271.7 283.9 296.5 295 294.8 294.8 294.8 303.4 310.7 313.1 313.3 317.2 321.1 314.7 309.4 297.1 294.3 299.1 320
-2.2 -2.2 -2.2 -2.2 -2.2 -2.2 -2.2 -2.2 -2.2 1.9 -2.2 -2.2 -2.2 -2.2 -2.2 -2.2 -2.2 -2.2 -2.2 -2.2 -2.2 -2.2 -2.2 -2.2 -2.2 -2.2 32.1 56.1 56.6 58.2 64.2 62.2 56.3 38.5 23.8 24.1 37.8 52.4 72.4 94.3 107.5 120.6 128.9 139.1 159.3 164.3 176.7 183.4 184.7 177.5 181.1 186.7 192.9 193.7 206.1 210.3 213.5 221.3 224.4 234.8 248.7 262.5 261.2 263.5 260.5 270.3 290.6 295.2 294.8 294.8 294.8 296.7 308.8 317.7 316.6 324.6 315.5 314.5 315.1 311.7 304.9 298.6 302.1 319.3
-2.2 -2.2 -2.2 -2.2 -2.2 -2.2 -2.2 -2.2 -2.2 -2.2 -2.2 -2.2 -2.2 -2.2 -2.2 -2.2 -2.2 -2.2 -2.2 -2.2 -2.2 -2.2 -2.2 -2.2 -2.2 -2.2 28.2 49.5 58.1 55.2 59.3 58.3 57.4 31 22.3 25.5 48.1 63.4 79.1 94.1 108.2 123.5 132.1 133.2 151.8 160.6 171 178.2 175 171.5 178.6 180 180.5 195.9 206.6 211 215.2 220.1 222.8 239.2 244.1 261.4 263.3 259.1 258.5 274.2 289.3 294.3 297.9 294.8 294.8 297.1 316.9 331.5 323.4 321.1 319.9 315.3 317.1 304.3 298.5 296 307.8 323.5
-2.2 -2.2 -2.2 -2.2 -2.2 -2.2 -2.2 -2.2 -2.2 -2.2 -2.2 -2.2 -2.2 -2.2 -2.2 -2.2 -2.2 -2.2 -2.2 -2.2 -2.2 -2.2 -2.2 -2.2 -2.2 -2.2 32.3 46.3 54.7 56.7 58.9 56.5 48.6 27.3 20.3 36.7 59.3 74.6 90.4 106.3 126.7 138.7 135.1 133.5 151.3 154.7 163.9 167.6 166.5 170.8 174.1 178.8 190.9 200.6 211.3 212.4 207.6 207.7 225.9 236 243.5 248.9 255.5 257.6 255.3 275.8 287.1 295.4 301.2 296.3 296.2 304.3 323.4 326.1 326.4 315.4 319.9 316.7 311 298.3 291.5 290.3 305.4 322.3
-2.2 -2.2 -2.2 -2.2 -2.2 -2.2 -2.2 -2.2 -2.2 -2.2 -2.2 -2.2 -2.2 -2.2 -2.2 -2.2 -2.2 -2.2 -2.2 -2.2 -2.2 -2.2 -2.2 -2.2 -2.2 4.9 21.2 35.2 48.9 57.2 54.8 55 39 18.9 25.2 47.3 67.3 81.8 90.1 110.6 130.5 142.3 131.9 134.2 144.8 155.6 155.4 163.5 171.1 163.7 174.8 192.7 203 207.1 207.1 205.7 206.4 215.1 237.1 246.4 246.2 249.6 261.2 255.1 253.8 279.1 291.8 307.3 310.6 306.2 294.8 304.7 320.1 330.3 326.9 312.7 316.3 309.2 300.3 290.9 290.1 283.1 301.8 322.5
-2.2 -2.2 -2.2 -2.2 -2.2 -2.2 -2.2 -2.2 -2.2 -2.2 -2.2 -2.2 -2.2 -2.2 -2.2 -2.2 -2.2 -2.2 -2.2 -2.2 -2.2 -2.2 -2.2 -2.2 -2.2 8.7 25.5 37.8 55.2 61.4 57 46.1 24.7 18.7 37.9 56.6 73.4 87.1 102.5 117.1 129.6 134.5 124.9 131.8 137.3 147.2 159.4 165.1 166.8 163.9 175.7 191.3 201 200.1 202.7 204.1 214.8 226 241.1 248.9 247.7 253.5 263.3 252.9 265.9 283.7 303 310.7 316.7 304.1 294.8 304.9 325.1 331.9 325.3 312.8 313.9 303.9 293.2 285.1 283.1 283.6 307.7 321.1
-2.2 -2.2 -2.2 -2.2 -2.2 -2.2 -2.2 -2.2 -2.2 -2.2 -2.2 -2.2 -2.2 -2.2 -2.2 -2.2 -2.2 -2.2 -2.2 -2.2 -2.2 -2.2 -2.2 -2.2 -2.2 -2.2 28.8 44 58.1 55.4 47.6 30.6 16.5 27.1 49 64.4 81.8 98.8 108.5 116.1 120 121.3 117.3 121.8 142.3 154.6 160.6 160.9 161.3 169.8 178.1 185 191.6 196.3 205.5 226.5 231.3 235.8 239.1 243.8 247 251.2 257.8 252.9 278 290.6 302.5 311.9 312.7 298.3 294.8 315 330.6 325.2 318.2 305.8 297.6 291.6 286.7 283.6 283.1 295.4 316.8 313.5
