public/OST50/NG74.asc
ncols 200
nrows 200
xllcorner 170000
yllcorner 840000
cellsize 50
[rows 35 to 69 of 200, columns 80 to 159 of 200]
57.3 57.7 57.5 58.8 60 60.8 62.1 67 76.5 84.9 95.9 110.3 123.6 136.7 151.4 164.9 182.3 199.3 212.7 220.4 228.9 238 244.3 247.5 250.9 256 257.8 261.3 260.6 261.9 269.7 274.1 274.5 276.7 280.5 285.9 291.6 296.8 299.7 300.2 300.4 299.3 293.8 284.9 277.7 271.2 264 256.1 248.6 239.2 228.9 221.9 215.8 210.3 203.1 199.8 200 203.2 213 221.7 233.7 247.3 257 271.4 279.3 290.8 299.1 306.9 315.3 323.1 331.5 339.9 350.5 361.2 372.2 384.7 402.3 419.4 442.9 459.9
56.2 57.1 57.3 58.5 59.5 61.2 68.8 74.5 86.7 100.2 112.6 124.6 135.2 148.9 164.4 178.9 195.1 216.8 228.3 237.9 245.9 251.3 257 255.3 260.5 264.8 267.3 270.9 270.7 268.8 272.1 274.3 275.3 279.8 283.2 290.4 295.6 299.5 301 303 303.3 303.2 301.3 294.5 292.9 281.7 274.5 269 261.2 253.8 244.3 226 234 230.7 224.3 217.7 213.8 211 210 209.2 224.5 230.6 241 253.2 265.4 275.2 285.9 295.9 304.4 312.6 322.1 330.6 339.9 351 362.2 371.9 388.3 403.4 416.3 438.5
55.2 56.5 57.4 58.6 60.2 66.8 78.7 89.9 102.4 116.9 126.4 138.9 151.6 164.9 181.3 196.1 211.5 225.3 242.1 252.6 259.2 264.2 269.2 266.1 268.3 271.4 273.8 277.2 277.2 274.8 278.2 277.6 278 282.3 286.5 293.6 297.8 303.6 304 304.6 305.5 308.9 309.2 302 302.3 292.5 284.6 278.6 272.8 265.7 256.9 228.8 253.8 248.5 241.5 234.6 230.2 223.9 219.1 216.3 217.2 223.4 228 239.5 252.1 261.1 270.1 284.2 295 303.5 311.6 321.6 330.7 338.6 348.1 360.1 371.9 387.8 398.6 423.4
55.7 56.1 59.4 60.7 67.2 73.9 87.1 102.5 114.9 126.1 136.9 151.3 164.9 180.1 198.8 213.4 229.8 241 256.6 261.7 268 273 276.5 275.3 276.4 278.7 280.2 282.1 282.1 281.1 282.6 282.1 282.8 285.7 291.1 297.9 302.5 306.5 306.2 306.6 308.4 313.1 314.3 308.5 309.1 300.4 294.1 288.1 281.6 275.1 266.7 254.9 263.5 261.5 257.6 250 244.9 239.8 233.3 228.1 222.2 219.5 228.2 234.4 242.7 250.6 259 268.9 279.1 291.2 301.6 311.1 321.6 331.1 337.4 344.9 355.7 368.6 382.7 399.4
55.9 58.2 61.4 68.3 75 88.5 101.7 115.6 129.4 140.9 151.5 166.8 182.1 199.1 217.1 229.6 244.3 254.2 262.7 269.3 274.5 280.3 282.7 283.5 283.7 284.6 285.5 286.8 288.1 287.2 288.2 286.1 287.9 289 295.2 300.9 305.4 308.3 308.6 309 310.7 314.9 315.1 313.1 313.1 309.1 303 297.8 288.7 281.3 275.7 279 275.8 271 265.8 263.5 258.4 252.6 247.4 240.7 237.2 227.6 224.5 232.3 237.9 242.7 252.2 260.4 267.2 278 288.5 299.1 309 319.5 328.7 335.8 346.2 355.8 366.7 377.4
55.6 60.5 66.4 76.1 87.4 98.4 114.8 129.9 144.2 157.2 169.7 187 203.6 217 234.1 246.6 256.3 264.9 269.7 275.5 280.5 284 287.3 289.6 291.3 291.3 290.4 292.3 293.7 293.4 293.9 291.2 292.9 293.9 297.9 302.1 305.6 308.7 309.2 309.9 311.5 313.8 315.7 315.2 314 314.1 309.6 303.5 294.6 288.5 279.4 286.3 286 283.1 278.2 275.6 269.8 266.1 258.7 255.1 247.4 242.9 234.5 231 233.9 237.1 244.2 252.7 258.2 267.5 277.5 285.8 296.3 307 316.9 325.8 334.2 343.8 352.3 359.8
58 65.4 77.3 90.8 103.9 118.2 131.3 147.8 160.6 173.8 187.4 208 223.3 237.7 250.5 260.2 265.7 269.7 274.8 279.5 285.6 289.3 290.6 295.3 297.9 297.4 295.6 296.4 298.6 298.9 298.7 298.1 298.7 300.1 299.9 301.5 304.3 307.4 309.9 310.9 312.1 313.8 314.9 315 314.9 316 314.6 309.6 301.1 294.5 288 293.8 293.2 291 286.5 284.4 282.9 276.8 271.9 266.7 260.2 254.9 248.5 241.7 234.6 234.9 244.5 246 252.3 259.8 266 274 284.1 294.1 304 314 323.5 331.9 340.4 347.6
66.1 78.9 93 106.7 121.2 136.2 153.8 165 178.7 190.5 205.2 224.9 238.8 253.2 261 267.3 273.1 275.7 278.8 283.7 287.5 290.7 292.4 296.5 300.4 303.1 301.5 300.6 301.4 301.3 301.9 302.8 303 304.5 304.7 305.8 306.7 309.7 311.3 312.3 313.5 315.1 316.1 316.2 317.9 319.7 319.3 316.5 309.6 302.7 301.5 301.6 301.2 299 297.1 293.6 289.8 287.5 283.9 278.1 272.5 267.5 261.4 253.9 245.9 239.4 238 250.2 251.2 254.8 261.9 267.1 274.3 281.4 289.5 300.5 311.8 321 328.5 335
80 94.9 110 125.3 141.8 157.8 176.6 188.1 195.7 209.2 224.7 240.8 251.8 261.1 267.4 272.1 277.5 281.4 284.6 287.2 290.1 294.8 298.1 300.2 304.3 307.3 309 304.8 304.9 304.5 304.9 306.1 306.5 306.9 308.2 309.7 310.5 312.2 313.2 314.1 316 317.3 317.9 318.4 320.7 323 323 319.1 313.7 302.4 311.8 311.3 308.7 305.9 303.3 302 298.1 294.8 292.4 288.5 284.1 278 273.5 267.1 258.4 249.8 244.6 242.6 248.1 252 256 260 264.9 270.2 278.6 287 295.4 306.5 315.9 323.1
97 112.6 130.7 145.5 163.5 177.9 194 203.4 213.1 225.4 239.4 251.4 260.5 268.1 272.2 277.4 282.3 285.7 288.5 290.8 293.4 297 301.3 305 308.2 311.5 313.3 313.6 309.9 308.4 308.1 308.4 309.5 309.4 310.6 312.6 314.4 314.8 315.5 317.7 319.6 319.4 319.8 320.7 322.2 323.3 323.8 321.8 318.2 311 314.3 315.2 313.8 313.5 311.9 307.4 301.6 300.3 298.1 295.4 291.1 288.4 283.2 278.7 271.3 261.7 253 246 249.8 252.4 253.9 256.3 260.5 263.7 269.7 276.5 285.6 294.5 301.4 310.8
113.9 132.8 151.9 167.3 182 198.4 208.8 220.9 227.9 239.8 249.9 259.2 267.3 273.5 278.5 282 286.6 290.1 292.6 295.1 297.7 299.9 304.7 309.6 310.4 314.5 317.3 317.6 317.7 311.5 312.2 312.4 312.6 313.7 313.8 314.9 316.5 317.7 318.7 320.3 321 321.4 321.8 322.3 323 324.5 324.5 323.8 320.5 318.1 319.4 318.5 316.8 316.2 315.6 313.6 308.8 305.8 303.8 301.1 298.5 295.8 293.2 289.2 283 274.2 264.8 256.9 248.3 247.4 252.3 254.7 257.5 261.4 266.7 272 279.9 288.6 293.4 301.4
132 154.4 173.5 182 198.1 214.7 222.8 232 240 249.5 257.8 264.6 272.8 278.7 283.9 287.4 290.6 293.6 296.4 299.2 302.1 305.5 309 312.6 314.3 316.9 319.8 321.4 321.4 318.6 315.5 317.3 316.8 317.3 317.9 318 319.3 320.2 320.4 322.2 322.6 323 323.8 323.7 324.8 324.6 325.5 324 317.8 322.6 322.6 319 319.1 319.5 319.7 317.5 313.1 311.4 309 309 306.1 301.8 300.5 297.7 293.2 284.7 278.2 270.1 259.8 252.6 252.3 254.3 256.9 259.3 264.2 268.3 274.9 283.6 288.9 293.8
152.7 174.9 191.5 198 213.6 223.8 234.3 242.6 249.5 258.1 264.4 270.5 277.1 283.5 288.4 292.2 294 296.8 300.1 303.8 308.2 311 315.7 315.7 317.1 319.2 321.3 323.4 326.5 325 322.3 321.4 319.9 321 321.7 322.8 323.1 323.5 322.8 324 324.4 325 326.2 325.6 325.9 326.2 326.4 324.2 321 326.4 325.3 321.6 321.1 323 322.5 319.6 317.1 316.4 314.1 314.1 312.3 309 306.9 302.6 300 295.3 288.6 280.3 270.9 264.8 260.8 260.3 259.2 261.5 261.6 263.6 271.6 278.2 283.8 289.1
170.6 192.5 204.6 212.7 224.9 235.6 243.7 250.1 256.7 264.4 270 275.8 282.6 286.7 291.8 294.5 296.5 300.4 304.6 308.8 312.7 316.6 319.6 320 320.3 322.7 324.8 324.5 328.6 327.9 328.8 325.3 324.4 325.3 326 326.6 326.3 326.5 326.2 326.4 328.3 328.5 329.5 327.8 326.8 327 326.3 323.8 322.8 325.6 325.4 324.4 325.2 325.1 324.7 320.8 319.8 319.6 320.2 317.8 317.1 314.4 313.9 310.6 306.3 301.5 296 289.3 282.6 274.2 268 266.1 262.4 266.2 267 268.1 267.5 275.5 280.3 285.1
187.8 203.8 213.6 225.4 235 243.3 251.1 256.8 263 269.4 274.2 280.1 285.3 290.7 293.9 297.8 300.8 305.1 309.1 313.1 316.7 319.6 321.3 322.1 321.5 323.7 326.9 327.3 328.9 330.3 334.2 335 331.8 330.9 330.8 330.9 330.1 328.7 328.4 328 331.3 332.2 331.7 330.5 329.8 329.4 327.3 324.9 326.3 326.5 325.4 324.2 324.5 326.4 326.5 323.5 324.5 323.1 322 321.8 320.5 319.4 319.3 315.7 312.7 308.3 302.6 297.8 291.2 283.6 276.2 272 269.2 267.1 269.5 272.9 273.6 272.4 278.7 280.1
201.1 211.8 223.4 233.9 242 250.4 256.4 261.7 267.6 273.3 278.2 284.7 290.1 293.6 296.8 300.7 304.7 308.3 313.5 316.9 319.3 321.6 322.2 324.1 325 326 328.4 330.3 331.8 333.3 334.9 339.3 341.8 338.5 337.1 334.7 332 331.4 330.7 331.2 333.4 334.2 334.2 332.9 332.8 332.1 329.8 326.6 325.7 326.2 326 325.4 326.1 328.6 327.2 326.7 327.7 328.7 326.2 324.8 327.8 325.9 325.3 323.2 319.6 315 309.3 303.2 296.9 291 288 281.9 277.2 274.4 272.5 274.9 275.9 275.6 276.1 279.2
210.7 220.6 231.2 240.8 248.3 254.8 260 265.6 271.5 276.6 281.9 288.3 294.1 297.4 300.1 303.8 307.7 312.4 316.3 319.4 321.2 323.2 325.2 325.7 327.7 329.6 331.9 334 334.9 336.3 339.4 340.6 342.8 346.9 343.4 338.7 335.1 335 333.2 335.8 336.1 336.8 336.4 336.5 336.6 336.3 334.6 331.1 326.5 325.7 325.5 327 327.2 328.4 329.3 328.8 329.6 330.9 330.9 327.8 331.4 330.9 331 329.1 326 321 315.5 309.8 301.9 295.3 292.4 289.6 285.1 281.2 277.4 279.3 278.6 278.1 279 279.3
218 227.3 237.1 245.3 251.3 257.6 262.6 268.2 273.9 278.9 283.9 290.8 297.7 301.9 304.7 308.3 311.2 314.1 318.6 321.1 322.8 324.2 326.7 328.1 330.3 332.9 335.3 337 338.6 339.8 342.5 344 344 345.6 348.1 345 339.7 339.3 339.8 340.8 340.6 340.4 340.7 341.6 342.3 341.3 339.1 336.9 332.1 326.9 328.5 331 331.7 330.7 331.1 331.5 332 332.1 333.4 333.4 333.3 333.7 333.7 332 328.7 324.3 319.8 314.8 308.9 303.1 298.2 298.3 294.6 289.2 285.3 283.8 284.4 281.9 282.3 282.6
225.3 233.9 240.9 248 254.1 259.6 264.2 269.8 275.3 280.6 285.9 292.7 300.4 304.8 307.9 311.3 314.1 316.8 319.8 322.3 325 326.7 328.4 330.5 332.9 334.8 337.7 340.7 343 344.4 344.9 347.7 347.9 347.1 347.5 350.6 348.6 346.1 345.9 346.4 347.3 346.4 345.9 349.2 347.4 345.7 343.9 341.1 336.6 330.6 330.8 334.1 333.1 333.1 333.8 334.8 336 336.1 338.1 339.4 340.4 340.2 338.5 335.3 330.8 326.3 322.9 320.2 317.2 313.6 308.6 306.1 301.3 297.1 293.2 290.2 288.8 288.2 288.7 287.3
231.2 238.9 245 250.1 256.3 259.9 265.3 271 276 281.2 287.6 294.8 302.5 307.1 310.6 313.9 316.8 319.5 322.2 324.8 327.4 329.3 330.3 333.1 335.3 338.4 340.8 343.6 346.6 348.4 349.4 350 350.5 350.8 352.3 352.8 355.9 355.6 353.4 354.2 353.2 352.2 352.8 353.8 351.8 349.1 347.2 344.7 340.3 336 333.9 333.8 334.2 334.1 336.2 339.1 340.8 342.1 342.8 343.1 346.4 346.8 344.9 340.5 337.9 333.8 329.6 325.7 324.6 320.7 315.6 313 308.9 304 301.4 297.5 294.1 293.1 296.4 292.8
235.7 242.2 247.1 251.2 255.2 258.8 264.9 270.3 275.6 280.9 287.5 293.9 301.6 308.1 312.4 316.4 319.4 322.1 324.7 327.4 329.9 332 333.1 334.9 337.3 339.9 342.7 346.9 349.7 352.1 353.4 354.1 353.2 355.3 355.5 355.7 358.1 362 361.3 361.5 359.1 359 360.1 359.4 357.5 354.6 352.1 349.9 346.7 342.4 340 339.2 337 338.8 338.2 341.6 344.4 346.7 347.2 349.6 349.4 351.6 351 348.8 344 345.2 342.4 335.3 331.5 328.2 324.8 320.9 317.6 313.6 308.2 304.2 301 300.3 301.7 298.8
241.2 243.7 247.9 251 254.3 258.7 264.3 269.9 275.9 280.9 287 293 300.9 308.8 313.8 318.3 321.6 324.5 327.2 330.3 333.1 335.2 336.5 336.6 339.1 342.6 346.5 350.4 353.6 354.7 356.3 356.5 356.3 358 359.1 361.2 361.9 364.5 366.1 367.6 367.9 366.2 365.7 364.8 362.6 358.9 357.5 355.2 351.4 346.8 344.5 343 343.2 343.5 343 345.3 348.5 350.4 350.5 352.4 353 354.6 355.8 351.1 348 347.5 346.2 343.7 339.5 337.5 330.8 328.4 325.8 322.3 316.4 309.9 306.8 305.4 305.1 302.8
243.1 244.9 248.3 251.1 253.7 258.6 264.5 270.9 275.5 280.6 285.2 291.8 300.8 309.5 315.4 319.7 323.2 326.6 329.8 332.8 335.4 337.9 338.9 338.7 341.5 345 349.5 353.6 355.9 358 357.9 359.1 360.9 361.5 364.2 364.5 366.4 368 371.2 371.8 375.1 376.8 373.5 372.4 369.1 364.8 363.6 362.1 356.9 350.9 348.7 347.1 346.9 348.1 349.7 349.7 351.1 354 354.8 355.6 357.7 358.3 359.2 356 353.5 354.8 351.7 349.3 345.4 342.8 338.9 334.9 332.2 329.8 326.5 320 313.8 308.2 307.6 307.6
244.8 245 246.5 249.9 252.8 257.6 264.4 269 272.8 278.2 283.5 291 299.8 309.2 317.1 320.8 324.4 328 331.3 334.6 337.4 339.3 340.6 341.2 343.6 347.7 352.1 355.6 358.2 358.3 361 362.3 363.4 365.4 366 367.7 369.8 371.1 372.5 374 377.6 381.6 384.1 379 375.5 370.9 368.7 365.9 360.6 355.4 353.6 352.6 351.9 352 355.2 357.8 356.6 354.4 357.5 357.9 361.8 363.3 361.8 358.4 357.6 359.6 358.7 355.1 353.1 349.2 345.6 341.7 337.2 334.7 330.9 327.8 322.7 314.3 311.1 311.3
244.8 241.6 245.4 248.7 252 257.1 261.2 264.7 269.6 275.3 282.5 290 298.5 309.3 318.3 321.1 324.5 328.8 332.2 336.2 338.8 340.3 341.8 344 346.4 350.5 354.3 358.1 359.8 359.6 363.1 364.3 366 367.4 367.4 370 372.3 373.9 374.6 376.5 380.5 383.3 386.8 389.5 384.1 377.3 374.4 369 365 364.3 359.2 359.9 359.9 360.1 361.6 363.9 362.7 360.5 362 362.4 364.8 366.2 366 362.1 363.2 360.8 364.1 360.6 356.8 353.3 349.1 346.5 342.6 338.1 334.2 331.1 329 327 318.2 315.1
239.6 237.6 243.1 246.5 250.1 254.4 256.8 259.7 266.2 273.1 281 288.5 296.4 306.5 315 320.8 324.7 329.4 333.5 336.8 339.2 341.6 343.6 347.5 349.7 352.5 356.4 359.7 360.7 362.7 364.4 365.6 367.5 368.6 370 372 374.4 376 377.7 378.7 381.8 385.4 388.9 392.9 394.4 390.4 385.3 373.7 371.3 371.4 371.7 370.2 368.2 370.3 372.8 371 368.7 368.2 367 367.4 370.6 370.4 371.4 369.6 365.3 365.6 363.8 362.9 358.1 356.9 352.5 348.7 345.9 342.7 339.2 341.4 339.1 330.4 329.2 322.1
225.5 234.4 239.1 242.3 245.2 248.2 250.7 254.3 262.5 270.7 279.6 287.7 295.3 305.4 313.6 320.4 325 329.8 333.4 336.5 339.4 343 346.5 349.9 352.3 354.9 358.2 361 360.1 363 365.1 367.2 368.4 369.6 372.1 373.2 376.5 378.2 380.4 381.5 382.8 386 391.4 394.2 398.2 394.3 392.8 388.7 376.6 378.9 379.5 377.6 379.8 379.7 380.4 380.4 377.8 375.5 373.9 372.9 373.6 373.9 374.1 371.5 368 370 363.6 361.1 359.2 358.2 355.4 351.5 348 344.7 344.5 346 341 334.9 333.3 325.3
221.4 227.6 230.9 234.1 237.2 239.6 243.7 249.6 258.6 268.6 279.8 287.5 294 304.9 313.3 320.2 325 329.5 332.9 335.9 338.9 344.6 348.6 352.3 354.5 356.5 359.1 358.9 361.6 363.7 366.1 368 368.9 370.6 373.1 374.5 376.4 378.9 381.8 384.2 385.4 387.4 390.2 392.7 397.3 395.8 392.4 391.8 391 389.6 390.8 390.1 390.4 392.3 390 390.1 388.3 383.6 379.7 378.4 377.2 378.5 376.3 372.3 371.4 369.1 365.4 366 363 358.8 356.1 353.5 350.3 347.5 346.3 343.3 343 339.1 335 328.7
209.7 216.6 220.9 223.2 225.4 231.4 237.1 244.4 253.9 265.8 279 286 292.2 303.5 313.1 320.7 324.5 328.1 332 334.9 338.8 344.5 349.1 353.3 354.6 357.2 358.1 358.9 361.5 364.6 366.8 367.9 368.4 371.1 373.1 375.1 377.5 379.8 383 385.2 387.5 389.3 390.7 393.1 395 396 393.7 392.1 394.3 399.7 402.5 400.5 402 399.1 398.2 400.8 395.1 390.4 385.1 383.5 382.3 382.3 381.1 374.8 372.4 373.1 368.4 368.5 366.4 363.1 359.2 354.8 351.8 346.4 345.6 344.8 347.3 341.8 336.8 331.2
194.1 200.3 204.9 210.1 214.4 219.3 227.7 237.5 247.8 261.7 275.6 281.4 288.5 300.5 310.1 319.5 322.9 326.8 331.2 333.9 337.4 343.1 347.2 350.2 352.6 354.4 355.6 357.5 360.6 363.3 365.4 367.3 367.2 370.2 373.2 375.7 378.9 380.2 383.5 386.8 388.8 390.9 392 394.1 395.3 396.1 397.1 396.6 397.9 402 405.9 411.3 410.2 408 408.6 412.1 405.8 401.2 392.8 388.6 386.9 384.7 382.5 379.1 373.7 371.8 372 370.2 367.2 363.3 359.1 356.7 351.5 345.2 344.4 340.3 339.7 340.4 337.3 331.6
173.6 179.8 185.7 193.4 198.4 203.7 218.2 228.1 239.3 252.9 267.3 275.1 282.3 294 303.2 313.7 320.2 324.4 327.8 331.4 336.8 341.6 344.6 346.8 349.2 351.4 353.4 355.1 358.1 359.9 361.6 363.4 366.6 369.6 372.8 376.2 378.6 379.8 383.1 386.1 389.7 391.9 393.4 395 396.6 397.9 399.9 401.2 403.5 405.9 409 413.2 417.3 421.9 424 421.6 420 417.5 407 402.2 393.1 387.7 383.4 377.8 374.3 376.7 373 370 367.4 362.9 360.5 357.3 351.2 342.8 340.5 339.7 341.6 340 335.7 330.2
152.8 159.1 165.4 173.3 179.5 193.3 205.3 216 229 243.3 255.9 265.3 271.8 283.2 295 306.6 315.7 319.5 322.5 328.3 334.5 338.7 341.5 343.2 345.3 348 350.8 351.5 353.5 356.2 357.7 360 363.3 366.3 369.9 373.8 375.9 380.4 382.5 386.2 388.9 392.7 395.2 396.9 398.6 400.3 403.3 405.1 408.2 411.8 411.3 416.4 422.7 431.4 439.5 442.7 438.5 433.7 430.3 420.4 407.9 394.1 384 383 381.5 377.8 375.6 371.1 366.7 361.2 359 355.7 348.9 342.4 341 340 338.9 342.2 336.9 330.9
131.4 140 149 157.7 168.8 177.8 189.1 202 215.5 228.3 239.9 251.6 260.2 272.4 286.7 296.4 305 310.1 317.3 323.8 330.6 333.5 336.2 339.4 341.1 342.9 344.7 347.5 349.6 351.5 354.8 357.2 359 361.9 365.3 370.1 375 378.7 381.8 385.2 388.3 392.3 395.2 398.1 400.2 402.7 406.3 409.7 412.5 414.9 416.2 422 431.2 438.6 449.6 456.7 460.6 461.3 449 441.2 424.7 403 390.2 392.5 392.2 389.1 377.5 372.2 366.7 361 358.6 355.6 347.4 346.4 341.1 338.6 334.8 334.6 333 330.1
139.5 145.6 144.1 155.5 166.5 173.8 178.2 186.4 198.1 210.7 221.3 232.6 242.5 255.3 268.9 281 289.4 299.2 307.3 315.1 322.1 327.5 330.7 333.1 333.8 335.9 339.5 342.5 345.4 348.1 351.7 354.5 355.3 357.1 360.2 366.9 372.3 376.6 380.5 385.1 388.4 391.6 395.5 398.9 402.3 405.4 408.9 412.7 416.2 419.8 421.5 427.8 437.2 448.3 456.4 467.2 475.3 480.4 475.5 468.9 445.3 428.9 417.3 410.4 403.9 397.7 384.7 375.6 368.2 361.8 358.3 354.4 347 343.5 340.7 338.5 330.2 329.4 328.5 326.8
132 140.8 152.2 155 155.9 163 168.3 176.3 181.7 186.6 199.3 207.9 217.1 229.4 240.9 253 264.2 279.4 289.8 299.9 309 313.6 319.4 322.4 323.5 326.2 332.2 335.9 340.5 344.3 347.2 349.7 351.7 352.3 358.3 364.8 369.8 375 378.9 382.5 387.5 391 394.7 399.5 403.1 406.4 410.8 415 419.5 423.7 427 433.1 443.9 453.6 465 474.3 483.5 489.1 503.8 494.7 480.9 463.5 445.6 438 420.1 407.5 393.6 378.6 371.5 364.6 357.8 352.4 347.4 341.1 338.9 334.8 329.9 324 323.7 321.8
