public/OST50/NG74.asc
ncols 200
nrows 200
xllcorner 170000
yllcorner 840000
cellsize 50
[rows 140 to 174 of 200, columns 0 to 79 of 200]
-2.2 -2.2 -2.2 -2.2 -2.2 -2.2 -2.2 -2.2 15.9 29.7 34.4 41.2 35.4 28.3 28.7 31.7 39.3 42.5 47.7 57.8 68.4 79.6 85.4 92.9 98.1 82.1 73.6 80.3 92.3 109.9 143.5 173.7 200.4 211 224.6 233.9 235.8 237.3 246.2 257.8 259 256.6 262.2 261.6 269.1 273.1 273.9 277.6 280.9 284.8 290.1 294.9 295.3 297.7 299.2 301.2 304.2 303.4 302.3 302.3 302.9 306.5 309.6 313 318.9 322.5 322.9 322 326.7 329 331.3 332.5 337 342.7 344.5 347.8 348.6 350.3 348.5 348.8
-2.2 -2.2 -2.2 -2.2 -2.2 -2.2 -2.2 -2.2 19.1 29.7 35.3 39.5 35.7 28.5 29.1 33.3 39.4 43.5 52.9 61.1 67.8 78.2 87.3 95.5 89.9 79.1 72.6 82.3 94.7 113.6 146.6 180 201.1 210.5 224.6 238.8 235.8 239.4 246.4 246.5 254.2 257.2 261.5 263.9 272.4 275 279.9 279.6 281.7 284.8 290.6 293.3 295.8 297.4 299.8 303.9 306.7 307.6 301.1 302.8 305.2 308.7 309.7 314.3 320.8 321.2 322.8 322.3 324.9 330.1 331.8 332.8 339.7 345.1 344.8 344.5 348.4 349.9 350 349.8
-2.2 -2.2 -2.2 -2.2 -2.2 -2.2 -2.2 -2.2 20.7 28.2 34.4 38.9 35.4 28.8 29.7 35.1 37.6 41.4 53.2 60.5 68.4 79.1 86.3 89.6 86.5 73.9 72.5 84.6 100.7 122.8 152 181 193.2 204.1 217.9 230.1 233.8 239.6 241.2 248.3 254.8 259 263.7 268 274.7 281.2 282.9 282.5 282.8 287.4 294.1 296.3 295.7 295.5 301.5 303.7 307.4 308.7 300.5 304.7 308.7 310 309.8 315.9 317.3 317.6 322.9 322.3 325.6 329.6 332 335.8 343.1 346.3 344.5 344.5 350.6 349.9 349.8 348.8
-2.2 -2.2 -2.2 -2.2 -2.2 -2.2 -2.2 -2.2 20.6 26.1 33.8 37.3 33.2 31.4 33.6 35.9 36.4 42.1 50.1 59.8 65 71.8 77.7 84.2 80.4 70.3 74.9 87.9 104.1 129.2 155.9 178.4 191.3 202.7 213.8 223.7 232.3 239 241.3 245.8 254.6 262.3 264.3 272 279.4 284.1 284.4 281 284.3 288.2 294.7 298.5 295.2 294.7 303.8 303.7 305.7 306.2 302.6 308.1 308.2 312.2 309.9 315.6 314.9 317 320.4 323.5 325.5 328.9 333.3 338.1 344 346.3 344.5 348.8 348.4 349.1 349.4 345.8
-2.2 -2.2 -2.2 -2.2 -2.2 -2.2 -2.2 -2.2 18.2 22.6 29.4 32.7 29.2 31.6 37.5 37.7 36.3 43.5 48.1 53.1 61.9 71.3 79.3 84.8 75.2 70.4 79.2 89.5 109.5 140 160.1 177.4 189.2 201.4 213.6 225.5 235.8 241.8 245.3 252 256.4 262.5 263.6 272 279 281.5 284.1 284 285.3 291.3 295.2 297.3 294.2 296.4 304.4 304.5 308 307.9 304.2 306.4 310 308.1 309.2 313.8 315.5 318 320.7 324 326 329.8 334.6 341.7 347.6 346.4 347.4 353.4 348.4 350.7 348.2 349.3
-2.2 -2.2 -2.2 -2.2 -2.2 -2.2 -2.2 -2.2 8.6 19.1 25.6 26.3 24.9 27.4 30 33.8 37.6 43.2 46.8 49.9 60.3 71.8 80.9 80.6 70.5 72.3 81.8 92.8 114.1 147.1 161.2 178.5 192.8 204 213.7 226.4 238.7 246.9 250.5 252.3 258.2 260.5 264.7 273.6 279.7 283.9 284.8 285.9 287.5 296.3 297 295.4 295.5 299 306 308.1 309.7 310.1 308.8 308.1 308.7 310.8 308.1 313.4 315.3 317.1 320.1 325.1 326.4 333.1 336.3 342 345.4 343.6 347.2 349.8 349.5 349.2 352 353.2
-2.2 -2.2 -2.2 -2.2 -2.2 -2.2 -2.2 -2.2 4.6 15.7 20.6 21.4 21.1 23.6 26.4 30.4 42.1 41.4 44.2 49.9 63.2 72.2 77.1 73.1 67.8 73.9 82.8 95 121.2 149.4 165.9 178.8 190.6 201.1 212.1 224 235.4 245.4 250.6 252 258.9 261.2 266 270.5 278 282.5 285.6 283.9 285 291 297 295.5 295.5 299.3 304.5 308.5 311.2 312.4 310.2 309.1 307.2 310.4 307.7 309.6 313.5 316.1 320.9 324.5 329.2 334.7 336.1 339.9 338.2 341.9 349.6 347.1 348.2 348.7 352.7 355.8
-2.2 -2.2 -2.2 -2.2 -2.2 -2.2 -2.2 -2.2 5.6 13.2 16.9 18.4 15.8 19.7 23.9 32.7 40.9 40.4 44.3 51.3 60.9 64.6 70.8 68.3 60.3 73.3 84.7 95.8 123.4 151.9 170.8 178.4 189.7 200.3 211.5 220.9 230.1 240.6 248.3 249.8 255.2 263.4 264.6 271 276 278.5 280.6 280.2 285.1 293.4 293.1 295.5 295.5 300.3 306.3 310.9 312.4 311.6 311.4 310.5 310.5 309.3 309.9 309.9 309.8 316.2 320.9 325.6 328.4 333 336 334.3 336.4 342.2 344.5 346.3 348.1 350.5 353.6 358.2
-2.2 -2.2 -2.2 -2.2 -2.2 -2.2 -2.2 -2.2 8.1 12.8 14.7 16.9 12.8 16.9 24.3 35.6 39.1 41.7 46.1 52.9 62.3 65.1 66.2 59.5 60.2 73.5 85.7 95.7 122.9 154.3 170.1 183 190.6 200.2 209.4 220.4 231.1 240.6 248.5 248.7 252.3 260.4 265.2 267.3 270.3 276.5 278.2 278.9 287.6 295.5 295.5 295.5 295.5 304.3 311 311.7 314.9 309.3 314.1 311.1 310.5 308.8 309.5 309.9 310.2 314 317.6 323.4 326.3 330.1 334.6 334.5 339.1 341.7 342 344.9 347.8 353.3 355.9 353.4
-2.2 -2.2 -2.2 -2.2 -2.2 -2.2 -2.2 -2.2 8.5 12.5 13.6 14.6 11.4 17.1 25.8 33.9 39.4 46.5 47 55.3 62.4 63.9 63.7 55 60 75 86.5 97.2 124.7 156 167 176.7 187.2 200.4 212 220.9 229.4 239.1 243.7 243.7 250.4 261 265.2 264.4 269.9 273.6 280 280.9 290.8 295.5 295.5 295.5 298 306 310.4 311.3 312.7 310.9 316.8 309.2 310.5 310.5 307.3 309.9 310 312.4 316.5 321.7 327.1 330.2 335.3 337.5 340 341.1 343 344.8 351.4 354.9 357.1 350.5
-2.2 -2.2 -2.2 -2.2 -2.2 -2.2 -2.2 -2.2 8.6 12.7 14.6 12.7 10.4 17.8 23.7 30.6 40.9 45.3 48.1 55.2 59.1 60.1 59.8 54.7 62.3 76.6 88.9 97 132.1 150 163.1 176.2 188.5 200.3 207.3 212.3 220 231.6 238.8 240.5 249.5 257.9 263 262.5 266.1 274.1 283.7 287.2 292.3 295.7 297.3 295.5 300.8 306.2 310.1 311.9 312 313.6 317.9 312.1 310.5 310.5 308.7 309.9 309.9 312 315.6 320.8 326.4 331.4 336.5 339.9 341.6 343.8 345.4 348.7 352.5 354 353.7 349.8
-2.2 -2.2 -2.2 -2.2 -2.2 -2.2 -2.2 2.3 11.6 12.6 15.3 12.9 9.1 18.7 24.1 29.3 39 42 46.9 50.2 52.9 55.7 57 54.1 64.5 79.4 88.3 98.5 132.5 148 161.3 172.5 179.8 188.2 197.9 207.6 215.7 226.4 234.2 241.2 249.1 253.9 257.8 258.9 264.9 275.6 285.3 290 292.5 301 299.9 297.5 303.7 309 309.7 312.9 312.6 313.3 319.5 312.8 310.5 311 310.1 310.6 309.9 314 320.2 324.3 324.6 327.8 333.5 336.5 342.6 342.1 348.6 352 352.7 355.9 352.1 350.9
-2.2 -2.2 -2.2 -2.2 -2.2 -2.2 -2.2 1.9 14 14.8 15.3 15.1 8.8 19.8 24.1 27.5 35.7 40 45.2 46.8 51 49.9 56.2 54 66 81.4 93.6 103.2 132.6 146.3 159.1 168.6 176.6 187.7 197.7 208.8 217.6 229.9 238.5 243.8 250.2 256 256.9 259.2 264.2 275.9 284.7 288.4 294.4 301.1 300.8 300.5 305.8 311.5 309 309.1 310.5 313.7 320.7 313.6 311.8 315 310.6 311.3 315.6 317.7 324.2 329.7 323.5 327.8 336.1 340.2 339.5 342.2 349.3 350.3 355.2 356.8 353.8 352.1
-2.2 -2.2 -2.2 -2.2 -2.2 -2.2 -2.2 4.9 17.2 16.2 14.9 13.1 7.4 19 21.5 25 31.1 36.6 43.9 45.4 46.6 45 50.8 55 64.5 76.3 93.2 105.6 127.1 137.8 151.6 165.3 177.8 190 200.7 210.6 219.6 230.6 242 249.8 255.6 256.9 256.8 259.3 265.9 273.4 282.8 285.6 296.4 297.9 295.3 299.3 306 308.4 307.1 307.5 313.2 317.5 318.2 313.6 315.1 316 313.4 312.8 315.8 319.2 322.6 326 323.5 329.3 335 339.6 339.5 345.2 347.4 348.8 355.5 351.5 348.5 346.8
-2.2 -2.2 -2.2 -2.2 -2.2 -2.2 -2.2 -2.2 17.8 18.5 14.9 7.2 5 6.3 14.6 19.8 23.9 28.5 38.9 43 41.1 44.6 52.9 58.3 64.6 76.9 95.7 110.7 126.2 139.6 152.8 164.9 179 188.6 200.2 210.4 223.1 233.5 243.5 248.1 253.5 253.5 261.1 266.7 267.9 274.3 278.5 288.5 297.8 293.8 294.4 300.4 303.4 305.5 305.9 309.8 311.5 317.4 315.8 313.2 317.2 314.3 315.6 314.3 313 319.7 320.4 323.5 326.5 333.1 338.5 340.9 343.4 345.6 347.2 349.2 349.5 350 346.8 342.8
-2.2 -2.2 -2.2 -2.2 -2.2 -2.2 -2.2 -2.2 19.1 19.4 16.3 2.4 2.4 2.4 8.5 14.9 19.1 24.4 35.4 39 35.6 44.1 53.7 58.4 69 79.8 99.2 114.3 127.6 138.6 152.7 161.7 177.4 190.8 200.4 210.9 220.7 231.3 239 245.7 253.1 253.8 260.4 266.5 269.6 271.2 279.9 290.3 296.5 292.6 295.3 302.7 304.9 305.9 306.4 309.3 308.3 310.8 312.6 312 312.9 313.7 314.1 314.9 317.5 320.3 321.3 324.7 327.8 332.9 341.5 344 345.3 343.7 347.4 345.9 348.8 346.6 340.6 336.9
-2.2 -2.2 -2.2 -2.2 -2.2 -2.2 -2.2 -2.2 15.6 17.3 16 2.6 2.4 2.2 6.3 13 15.4 20.9 30.6 34 32.5 40.9 52.2 54.3 67.5 79.6 100 114.7 125.5 133.1 144.8 155.5 171 186.7 201.6 213.2 218.6 227 236.7 247.8 249.6 251.8 259.6 266.1 270.8 272.2 280.8 290.9 293.8 291.8 296.9 304.5 306.8 305.9 307.3 308.3 308.3 311.2 310.3 311.3 312.4 314.8 315.3 315.2 319 323.4 321.3 325 329.6 334.1 343.5 350.1 345 346.4 342.4 346.7 346.6 340.5 332 334
-2.2 -2.2 -2.2 -2.2 -2.2 -2.2 -2.2 -2.2 4.6 15.6 -2.2 -2.2 -2.2 -2.2 -2.2 7 11.2 17.9 23.6 28 30.8 41 47.1 50.6 62.9 74.5 102 116.2 124.2 132 142.6 152.9 168.3 180.8 195.3 208.6 216.2 225.8 235.6 240.6 247.5 255 259.2 263.7 268.8 273.4 281.4 288.3 291.6 289.3 296.6 304.8 307.2 305 307.8 308.3 311.5 309.7 309.4 310.5 313.8 315.3 315.3 317.9 319 320.1 321.3 324.1 328.6 330.4 338.1 347.4 345 346.6 344.2 347.2 344.9 330.4 331.2 334
-2.2 -2.2 -2.2 -2.2 -2.2 -2.2 -2.2 -2.2 1.3 1.9 -2.2 -2.2 -2.2 -2.2 -2.2 1.2 6.5 13.3 20.6 26.3 30 40.6 38.7 48.9 57.2 66.9 98.4 112.2 121 131.8 142.8 153.9 168.3 180.4 194.6 205.8 210.5 219.2 229.8 240.9 244.6 252.7 259 261.4 263.9 272.4 276.4 284.4 286.8 288.7 296 306 305.4 302.9 308.4 308.3 309 310.3 309.4 310.2 314 315.3 314.7 317.6 319.3 320.6 319 326.5 327.4 328.4 333 342.7 344.2 344.6 342.3 345.9 335.4 328.7 333.9 334
-2.2 -2.2 -2.2 -2.2 -2.2 -2.2 -2.2 -2.2 -2.2 -2.2 -2.2 -2.2 -2.2 -2.2 -2.2 -2.2 3.1 13.2 21.3 25.2 28.7 31 32.7 38.8 56.2 67.6 96.2 113.4 123.1 134.6 145.1 157.7 171.1 186 197.5 204.3 215.5 221.3 228.6 233.8 239.6 248.4 256.7 258.6 262.3 271.5 278.3 278.6 286.3 292 298.9 301.7 304 304.1 310.7 308.3 309.7 311 309.4 309.5 312.3 315.3 319.1 317.2 317.3 322 325.2 328.2 326.7 327.7 329.8 337.9 337.8 337.3 342 340.5 329.3 338.1 336.7 334
-2.2 -2.2 -2.2 -2.2 -2.2 -2.2 -2.2 -2.2 -2.2 -2.2 -2.2 -2.2 -2.2 -2.2 -2.2 -2.2 1.3 14.3 19.8 23.4 26.1 27.7 28.8 31.8 42.1 65.9 91.4 108.6 120 135.4 143.9 155.7 172.8 188.7 200.2 207.9 211.8 224.7 228.5 237 239.5 248.4 254.2 255.8 264.9 274.3 279 278.7 285.2 293.1 294.6 298 302.2 305.8 308.7 308.4 308.9 308.8 308.4 308.6 312.7 314.1 315.9 316.5 321.4 326.1 329 329.7 327.7 327.7 330.4 333.1 338.7 337.2 337.3 327.8 332.6 338.5 335.7 334.2
-2.2 -2.2 -2.2 -2.2 -2.2 -2.2 -2.2 -2.2 -2.2 -2.2 -2.2 -2.2 -2.2 -2.2 -2.2 -2.2 0.6 11.3 18.6 23.2 24.8 24 25.8 29.7 39.2 66 87.9 102 114.4 131.2 145.7 156.5 173.5 185.7 199.7 204.7 213.6 224.2 233.5 242.3 244.2 251.6 254.3 257.5 266.7 275.5 276.4 280.8 283.8 291.1 294 295.6 299.8 306.4 306.7 306.9 307.6 305.5 305.9 305.8 308.7 316.3 311.9 317.8 324.5 328.2 329.7 328.7 327.7 326.8 331.5 332.4 332.8 338.1 329.1 325.3 338.1 337.9 335.2 335.9
-2.2 -2.2 -2.2 -2.2 -2.2 -2.2 -2.2 -2.2 -2.2 -2.2 -2.2 -2.2 -2.2 -2.2 -2.2 -2.2 1.2 13.4 17.5 21.3 25 18.1 23.2 27.8 40.1 70.7 87.5 99.7 113 127.1 140.6 150.2 169.3 185.1 192.9 205.3 215.2 225.2 235.1 245.1 251.4 253.7 255.5 259.1 267.5 277.2 276.3 283 285.9 285.3 287.1 293.4 298.2 302.6 302.3 305.9 304.7 303.3 301.1 300.7 309.5 311.5 311.9 319.6 327.9 329.5 330.6 328.5 327.7 329.5 329 328.6 333.9 335.2 322.8 331.1 337.8 337.8 335.6 336.5
-2.2 -2.2 -2.2 -2.2 -2.2 -2.2 -2.2 -2.2 -2.2 -2.2 -2.2 -2.2 -2.2 -2.2 -2.2 -2.2 1.7 12.6 16.2 19.1 20.3 15.3 21.4 26.4 40.1 71.6 89.5 98.8 112.7 124.3 136.6 141.5 151.5 167.3 191.6 203.4 215.2 223.6 237.8 246.6 256.7 259.2 258.8 262.4 270.4 276.8 276.3 283.9 286 284.4 286.7 290.9 296.9 296.3 299.1 302 300.9 298.8 297 301.6 305 312.4 313.4 319.6 327.1 330.7 327.4 328.1 330.1 330.9 324.4 326.8 327.5 325.8 323.4 334.6 337.3 335.7 335.1 336.1
-2.2 -2.2 -2.2 -2.2 -2.2 -2.2 -2.2 -2.2 -2.2 -2.2 -2.2 -2.2 -2.2 -2.2 -2.2 -2.2 -2.2 6.2 13.3 16.9 17.3 12.2 19.5 25.7 43.6 68 84.4 95 110.5 123.1 134.4 136.7 150.2 165.1 187.6 203.8 214.8 222.7 233.9 248.2 258.5 267.3 265.1 267 273.1 278.4 277.2 284.6 289.1 287.1 287.1 288.7 291.5 292.7 296.1 297 296.5 295.5 294.1 300.6 304.4 309.1 312.2 316.4 322.7 327.7 328.3 329.7 332.9 324.9 322.1 322.1 325.7 318.8 321.4 330 332.7 334.8 337 336.8
-2.2 -2.2 -2.2 -2.2 -2.2 -2.2 -2.2 -2.2 -2.2 -2.2 -2.2 -2.2 -2.2 -2.2 -2.2 -2.2 -2.2 2.4 12.5 15 10.9 9.7 17.3 24.1 48.5 67.3 78.3 94.7 104.4 115.9 129.3 134.8 153.1 164.6 178.2 191.9 212.2 220.5 225.9 240.1 250.2 257.7 261.5 270.3 276.9 281.9 284.4 285.2 285.6 288.3 287.2 285.8 289.9 290.9 293.2 291.4 293.1 292.3 290.1 298.7 305.2 306.3 310.9 316.3 322.4 326.1 326.6 327.7 326.4 323.4 321.4 322.2 319.9 317.4 322.7 330.4 334.8 331.7 333.8 336.8
-2.2 -2.2 -2.2 -2.2 -2.2 -2.2 -2.2 -2.2 -2.2 -2.2 -2.2 -2.2 -2.2 -2.2 -2.2 -2.2 -2.2 1.3 8.1 12.9 6.3 6.6 14.3 22 47.6 65.1 77 89.6 97.9 109.1 125.6 132.3 150.7 165.8 180.3 192.7 203.7 213.5 225.8 234.4 242.6 249 256 265.7 272.8 277.5 285.1 289.2 285.6 288.8 287.2 287.2 284.1 287.4 286.2 285 290.9 287.6 291.8 297.7 300 304.4 308.9 318.2 320.3 320.3 322.7 320.4 318.6 322.3 322.7 314.6 310.6 318.3 320.3 330.7 333.7 329.7 331.4 332.9
-2.2 -2.2 -2.2 -2.2 -2.2 -2.2 -2.2 -2.2 -2.2 -2.2 -2.2 -2.2 -2.2 -2.2 -2.2 -2.2 -2.2 -2.2 6.4 10.7 7 -2.2 7.8 17.6 43.4 55.9 71.1 83.2 98.2 107.8 122.3 131.9 145.7 164.2 178.7 194.2 203.9 212.4 219.1 225.3 236.1 245.6 254.1 261.5 266.7 274.1 276.7 281.9 284.1 290.6 287.2 285.2 283.9 280.8 279.7 283.7 285 285.1 295.3 297.1 299.1 301.9 310.6 320.2 317.9 318.5 317.4 314 319.3 320.7 316.4 306.4 309.3 313.8 317.4 325.4 327 327.9 330.1 329.7
-2.2 -2.2 -2.2 -2.2 -2.2 -2.2 -2.2 -2.2 -2.2 -2.2 -2.2 -2.2 -2.2 -2.2 -2.2 -2.2 -2.2 -2.2 2.8 5.6 7.8 -2.2 2.5 9.2 36 52.6 69.4 80.3 94.3 107.2 120.3 131.5 144 156.9 167.9 182.6 194.7 207.1 216.3 222.7 231.6 242.8 252.3 256.2 265.9 270.9 273.9 275.9 283.5 284.7 281.1 281.9 282 277.5 276.5 283.2 282.8 286.8 294 292.7 297.9 302.2 311.9 317.4 317 318.6 317.4 314 319.9 316.9 308.2 304 307.2 308.9 312.5 320.9 325.6 327.1 327.1 326.9
-2.2 -2.2 -2.2 -2.2 -2.2 -2.2 -2.2 -2.2 -2.2 -2.2 -2.2 -2.2 -2.2 -2.2 -2.2 -2.2 -2.2 -2.2 -2.2 -2.2 4.7 -2.2 0.1 4.6 23.1 50.7 65.5 78.5 91.6 103 115.7 129.6 140.6 154.2 167.3 178.9 192.7 204.2 214.8 219.3 227.9 242.3 253.6 252.8 260.7 267.2 267.3 274.4 279.1 278.5 277.9 283 280.1 279.3 279.9 279.5 281.6 287.1 289 290.6 299.8 305 314.9 317 315 316 316.3 314 314.8 313.2 300.7 305.1 306.9 307.5 311.4 319 321.4 321.8 323.2 326.1
-2.2 -2.2 -2.2 -2.2 -2.2 -2.2 -2.2 -2.2 -2.2 -2.2 -2.2 -2.2 -2.2 -2.2 -2.2 -2.2 -2.2 -2.2 -2.2 -2.2 -2.2 -2.2 -2.2 1.2 11.1 48.7 65.2 75.7 88.2 101.8 111.5 126.3 140.2 147.4 158.6 176.4 189.6 203.3 215.2 218.3 226.8 237.4 242.6 252.9 259.9 263.1 267.6 270.4 274.2 274.9 276.3 281.4 276.4 281.1 282.2 280.9 279.6 282.1 285.2 291.4 298.3 307.2 315.2 311.4 311.9 311.9 309.4 313.4 311.6 307.6 298.9 302 303.3 303.4 305.9 314.3 315.2 319.8 321.1 323.4
-2.2 -2.2 -2.2 -2.2 -2.2 -2.2 -2.2 -2.2 -2.2 -2.2 -2.2 -2.2 -2.2 -2.2 -2.2 -2.2 -2.2 -2.2 -2.2 -2.2 -2.2 -2.2 -2.2 -2.2 6.1 48.7 62.1 75.8 87.8 99.1 109.3 118.6 130.8 143.9 152.1 164.5 181 197.8 208.2 215.8 225.2 232 243 254.7 260.3 265.7 268.8 270 274.5 279 274.1 271 274.8 281.2 282.7 281.3 279.2 279.8 283.3 289.1 297 300.3 305 308.1 305.5 306.8 308.9 311.3 309 297.6 295.6 295.7 298.5 302.3 303.8 305.8 313.8 314.8 318.9 318.5
-2.2 -2.2 -2.2 -2.2 -2.2 -2.2 -2.2 -2.2 -2.2 -2.2 -2.2 -2.2 -2.2 -2.2 -2.2 -2.2 -2.2 -2.2 -2.2 -2.2 -2.2 -2.2 -2.2 -2.2 8.5 46.8 60.6 75.7 89.1 99.6 111.8 117.3 127.4 136.8 145.3 153.6 174.2 188 199.9 208.8 219.6 228.5 241.6 249.4 255.7 262.8 268.6 267.4 270 272.5 272.6 266.1 273 280.5 280.3 280.3 279.2 279.2 279.6 288.2 293.9 293 298.4 297.5 302 302 305.6 302.6 296.1 288.5 287.1 291.3 299.7 301.6 303 304.2 307.2 310.7 315.3 314
-2.2 -2.2 -2.2 -1.4 -1 -1.5 -2.2 -2.2 -2.2 -2.2 -2.2 -2.2 -2.2 -2.2 -2.2 -2.2 -2.2 -2.2 -2.2 -2.2 -2.2 -2.2 -2.2 -2.2 30.1 50.1 56.4 70.2 85 97.4 110.9 119.2 127.2 134.4 146.5 155.9 170 185.8 197.3 202.4 210.2 220.4 230.5 239.2 248.2 253.5 260.8 263.9 269.8 271.5 268.9 267.3 274.3 282 279.7 281.2 279.8 279.2 279.2 285.7 287.7 290 292.1 293.9 297.4 298.9 297.5 294.4 285 284.4 289.4 297.1 302.7 303.2 302.8 304.6 306.2 311.4 315.2 312
-2.2 -2.2 -2.2 0.5 0.7 -1.1 -2.2 -2.2 -2.2 -2.2 -2.2 -2.2 -2.2 -2.2 -2.2 -2.2 -2.2 -2.2 -2.2 -2.2 -2.2 -2.2 -2.2 -2.2 26.8 41.2 54.5 64.6 77.8 92.7 107.6 118.5 126.5 132.5 140.8 157.7 164.9 178.6 191.2 201.8 207.8 215.5 218.7 225.3 236.1 248 251.9 257.6 264 269.2 266.8 268.1 275.8 284.5 286.6 283.5 281.4 279.2 279.2 279.4 285.6 288.2 287.6 292 292.3 293.6 291.1 285 285 285.2 294.9 302.3 304.8 308.1 305.3 306.1 305.1 310.1 311.1 309
