public/OST50/NG74.asc
ncols 200
nrows 200
xllcorner 170000
yllcorner 840000
cellsize 50
[rows 0 to 34 of 200, columns 80 to 159 of 200]
467.9 462.2 449.8 445.4 437.2 436.8 433.1 425.4 416.2 406.4 400.1 397.8 389 383.2 374.6 367.3 357.5 364.7 376.4 376.2 375.4 373.2 367.3 352.1 330.4 298.5 270.8 249 215.2 204.2 214.5 222.1 229.8 229.4 231.5 233.5 235.5 232.9 230.7 231.5 230.2 229.9 234.2 237.1 236.2 252.4 266 278.7 293.2 304.1 314.4 323.7 333.8 344.3 352.7 360.6 370 379.9 387.9 393.8 399.7 406.6 412.4 419.3 426.5 435.4 442.5 447.7 447.3 444.3 449.7 457.6 461.5 463.4 465.9 464.8 460.1 442.9 442.9 438.1
447.4 437.8 435 429.4 424 423.3 424 420.5 406.8 399.2 393 391.1 384.3 384 376.2 370.3 365.4 367.9 376.7 382 375.2 371 363.4 351.2 329.7 299.6 272.7 243.4 203.2 197.8 208 219.4 225.4 222.8 227.1 226.6 230.2 224.8 224.5 223 223.9 224.2 229.7 229.2 240.1 251.3 261.5 274.9 287.6 299.9 309.8 320.5 330.1 339.3 349.2 358.7 367.5 377.9 385.6 391.8 397.3 403.6 410 417.3 427.7 435.3 439.4 444.9 448.4 448.2 454 461.4 468.6 474.1 472.3 471.3 462.8 449.1 446.4 437
399.6 406.5 407.7 407 404.1 404.6 410.6 413 399.3 390.2 384.9 387.2 382.8 383.5 376 371.9 373.4 376.7 381.2 385.1 376.1 367.2 360.3 346.4 319.6 291.4 266.2 225.8 192.5 195.1 203.6 213 218.2 214.4 219.7 220.2 219.2 219 218.3 219.5 219.2 222.3 220.5 229.2 238.4 248.7 257.7 270.4 284.2 295.5 306.6 317.6 326.6 336.1 347.1 357.5 366.4 375 384.4 389.4 394.7 401 407.5 416.3 427.1 436.2 440.5 443.1 446.3 448 453.6 466.4 473.5 479.2 479.2 473.4 465.9 454.9 445.7 435.8
375.9 377 379.3 378.8 381.9 386 393.9 396.9 393.3 379.4 373.2 380.6 379.6 379.5 375.9 377.2 382.2 376.5 379.8 382.1 370.2 364.3 353.7 338.7 309.8 275.5 244.3 200.1 180.3 188.5 198.6 204.5 204.2 206.2 207.9 207.6 209.9 213.4 211.3 216.2 214.5 212.2 222.5 222.9 236.5 245.9 255.5 267.1 279.6 290.9 303 314.8 325.7 335.1 344.2 355.1 365.2 372.6 380.1 387.3 393 398.4 405.7 414.3 424.6 435.2 440.7 441.2 440.9 445.3 454.2 466.9 476.6 480.2 480.3 478.3 468.2 458.3 448.3 438.7
364.6 361.5 363.2 364.7 361.6 369.9 380 381.2 380.1 367.8 362.5 367.8 373.5 373.8 372.7 378.5 380.1 373.4 374.8 375.1 363.5 360.1 343.6 320.2 292.5 257.5 221.4 180.7 149.2 177.2 185.5 190.5 191.8 193.1 195 197.7 201.2 202.7 205 209.7 205.4 214.4 205.2 204 216.5 237.6 252.2 261.9 274.3 287 299.9 311.2 324.2 333.3 341.7 351.6 360.8 369.7 376.6 385 391.1 396.8 401.9 408.7 419.3 429.4 434.5 435.1 437.9 444.7 452.2 463.4 471.6 478.5 476.2 476.9 466.8 455.2 452.3 443.8
356.5 354.4 358.5 356.4 350.1 356.3 364.9 363.1 364 358.3 355.4 359.5 364.7 363.4 367.7 371.6 369.2 359.4 359.4 360.6 351.4 339 312.5 296.5 271.7 231.5 196.9 166.3 152.3 166.2 176.5 175.1 180.3 181.4 184.7 186.8 191.7 191.6 196.6 199.9 202.5 210 193.8 199.4 214.6 236.5 249.3 259.5 271.8 283.9 294.5 307.7 321.6 331.7 341 347.9 357 366 375.3 380.9 387 393.8 399.4 404.5 411.4 420.1 424.9 427.9 432.1 442.3 448 454.2 462.9 471.3 472.8 471.1 464.5 454.9 452.8 450.6
352.6 348.3 343.5 343.1 338.2 339.9 344 341.6 345.2 343.1 346.7 351.9 354.7 352.4 359.9 360.2 350.9 338.8 333.2 328.7 318.1 294.5 283 261.5 232 201.7 174.8 140 139.1 152.8 160.1 164.6 169.7 175.8 174 176.3 180.5 184 186.7 196.1 202.9 198.8 191.6 205.6 222.5 241.7 248.5 258.3 269.1 279.4 291.5 305.5 319.1 330.7 339.4 346.1 353.1 361.5 370.8 377.7 382.8 390.6 396.2 401.3 405.9 411.1 418 421.9 422.4 430.5 437 444 453.6 461.4 464.7 464.2 458.8 452.9 451.7 449.6
342.4 339 331 326.1 326.5 325.7 324.5 323.7 325.3 326.8 325.6 328.4 332.5 339.2 339.4 331.1 316.8 303 295 287.5 272.4 251.6 236.8 219.2 196.5 175.6 149.9 125.6 131.4 148.9 152 156 158.3 158.7 165 168.2 178.8 181.4 185.8 194.3 203.9 190.9 189.9 204.2 228.4 242.3 249.5 258.2 267.9 279 288.9 303.2 316.1 328.2 337.5 344.8 349.6 356.5 364.8 372.4 378.8 384.8 391.5 397.1 401.4 405.2 410 415.6 416 418.9 425.2 436.2 446.3 451.3 454.4 453.6 450.6 452.9 455.6 451
336.5 329.3 323.8 317 319.6 317.2 311 308 307.2 305.1 301.6 301.2 304.7 307.9 307.7 294 276.1 266.8 260.3 246.1 227.6 216.9 202.1 183.4 168.3 153 134 120.9 126.5 139.1 138.8 138.5 149.7 156.7 160.6 168.2 172.2 177.6 181.4 190.4 191.6 179.7 191 209.6 232.8 242.3 250.8 260.3 268.7 277.5 287.9 300.8 312.6 324.6 335.3 342.7 348.6 352.7 360 365.9 372.6 377.8 384.5 391.2 397.1 400.5 404.6 408.9 410.8 414.5 420.5 430 439.1 445.1 446.5 445.4 446.8 455.1 457 455.5
333.3 325.6 320.9 312 310.5 312.9 307.9 302.2 289.2 281.3 265.9 280.5 276 270.3 260.8 249.3 239.5 231.9 219.9 203.5 194 182.4 167.8 156.8 142.5 127.1 119.7 118.6 118.6 137.3 136.4 147.5 146.4 149.2 157.8 162 167.3 171.7 177.6 186.4 179.3 182.5 205 217.1 225.5 234.7 248 260.8 267.6 278.7 289.4 298.5 310.1 321.8 332.1 339.9 346.7 350.7 356.2 361.3 365.8 371.6 378 384.7 390.7 395.9 399.4 402.5 406.5 411.4 417.7 426.1 431.8 441.3 444 447.1 449.1 455.6 462.4 457
329.2 322.3 316.6 308 303.9 302.2 299.6 294.2 284 265.7 237.9 250.1 245.7 239.5 226.2 215.6 201.7 189.4 181.1 174 163.5 151.5 140.3 131.7 116.4 116 111.2 112 116.1 126.9 129.7 128.2 128.3 139.1 144.5 148.8 160.9 160.7 166.3 170.8 171.4 195.1 205.2 215.9 226.4 234.6 237.3 249.2 265.3 278.9 291.2 299.5 309.3 320 329.8 337.7 344.2 349.1 353.5 358.8 360.6 365.5 372 378.5 384.2 389.7 393.6 397.2 404 410.4 417.8 426.7 435.5 441.6 448.5 454.4 457.6 459.3 460.6 456.8
328 317.8 311.1 301.9 295 293 285.7 281.2 276.4 257.9 234.1 214.6 218.2 202.1 189.6 179.8 168.9 159 149.4 144.7 135.1 125.6 116.6 107.8 109 110.9 108.3 113.3 116.2 118 121 122.9 126.2 127.7 131.1 134.5 139.8 144.3 149.3 156.3 165.7 180.8 187.6 202.1 218.8 236.7 242.3 251.3 263.2 273.9 289.2 300.3 309.5 319.1 329.2 337.1 343.4 347.3 351.1 355.4 351.9 360 363.3 369 374.7 382.7 393.7 399.9 405.6 411.3 419.2 427.8 438.5 447.5 455.7 462.9 468.7 469.2 467.5 465.3
328.3 316.1 303.7 294.4 284.4 279.6 271.4 267.9 257.9 244 224.5 192.1 188.9 178.3 166.7 156.6 144.7 131.4 119.4 115.4 110.4 108 102.5 102.7 104.3 109.1 110.4 110.5 108.6 113.1 113.8 115.2 121.9 127.5 131.9 135.6 139.2 143.4 149.7 159.2 172.8 185.3 200.3 218.5 230.3 244.5 256.4 266.8 274.9 284.5 293.1 301.1 302.6 316.7 328.9 336.5 342.8 346.8 346.1 350.6 355.8 359.8 366.2 372 379.8 386.8 393.9 400.6 407.5 413.7 422.2 431.4 442.2 453.8 462.5 471.3 478.1 476.5 474 475.8
329.3 313 295.8 284.6 270.3 265.4 253.2 247.7 236.9 224.2 210.5 189.7 160.1 157.9 147.1 135.3 123.3 111.4 99.7 101.2 99.4 95.5 98.3 100.6 103.2 104.6 105.3 109.2 115.4 117.3 119.8 122.2 119.9 123.1 128.1 134.5 137.6 139.4 150.7 158.5 168.9 186.7 202.4 217.1 230.7 245.7 259 270.5 281.2 290.7 300.1 309.6 317.6 310.8 317.8 333.3 338.7 330.9 341.8 353.4 356.4 361.1 366.9 373.3 379.9 386.7 393.9 401.7 409.8 417.8 426.2 435.5 446 457.3 469.1 478.8 481.3 484.7 481.6 477.4
326.7 309.4 289.7 274.9 261.9 251.4 239.2 231.3 220 205.5 189.1 171 149.4 134.7 125.5 113.8 105.6 97.9 92.8 97.5 92.9 95.5 100.5 102.4 101.3 103.3 110.2 117.2 122.1 122 126.6 126.4 130.6 133.8 126.1 131.3 133.9 134.7 145.9 154.9 168.1 183.4 199.9 213 228.2 246.2 257.3 269.7 282.8 294.2 304.1 312.6 320.9 326.7 332.8 331.1 337.1 347.7 352.5 355 358.9 363 368.3 373.8 380.6 387.8 395 403.5 412.3 421.4 431.7 440.7 451.2 460.7 472.9 483 486.6 486.8 484.9 480.7
324.8 303.7 284.5 268.6 250.4 239.9 226.1 213.4 198.8 183.9 165.5 152.7 135 121.6 114 104.2 96.9 90.2 89.6 90.5 92.3 93.7 96.1 98.3 100.1 106.5 112.3 118.4 124 133.5 133.9 133.7 139.3 140 137.8 129.3 132.3 134.7 139.7 150.6 165.5 181.1 193.9 207.4 224.2 243.1 256.1 267.5 281.9 296.6 307.8 317.3 327.8 334.1 338.1 341.9 346.3 351.2 354 357.3 361.4 365.5 370.5 375.4 382.8 389.7 397.2 405.5 415.3 425.7 435.9 447.1 456.3 467.4 475.3 484.4 490.4 490.2 489.7 482
317.3 293.8 271.1 252.5 238.1 226.6 212.3 193.6 178.8 159.1 146 133.2 118 109.5 104 99.1 95.1 85.2 88.1 91.5 94.6 96.6 98.4 100.1 103.7 109.9 116.3 121.9 131.7 140 141.4 146.5 148.7 145.7 146.4 147 141.5 143.2 138.6 148.6 159.2 175.6 191.5 208 225.9 243.7 256.7 271.8 282.7 298 311.4 322.2 329.3 337.2 344.2 344.9 349.1 353.5 355.9 359.8 363.9 368.9 372.9 377.9 384.6 393.3 400.1 407.9 419.1 430.3 440.4 451.2 463.7 470 477 484.8 489.3 488.4 488.7 486.7
301.9 278.4 257.1 237.4 222.2 209.5 189.7 174.2 156.8 141.9 129.6 117 106.2 97.7 95.5 92.2 85.9 85.9 91 91.5 96.7 97.9 100.7 103.2 106.1 116.5 123.2 128.9 136 143.6 149.9 155.6 158.7 159 157.5 155.7 151 147.4 140.5 148.3 158.8 174.4 188.4 205.7 225.6 240.9 256.3 272.8 283.7 300.3 314 323.8 331.7 340.3 349.6 348.3 350.5 355.7 359.8 362.6 365.5 370.6 375.4 381 387.5 395.9 404.1 411.9 421.7 433.8 445.6 454.7 465.1 472.8 477.1 484.2 488 487.6 489.4 488.5
282.2 262.5 242 220.2 203.4 185.4 169.1 152.8 135.6 125.2 114.1 103 93.8 90.6 89.4 86.4 81.8 85.9 88.5 90.8 95.2 97.9 103.1 111.3 117.3 120.5 127.5 133.9 140.8 149.3 156.9 162.9 165.7 165.6 164.1 163.6 158.1 153.2 145.7 147 159.3 173 188.2 207.7 221.5 238.3 254.4 274.3 285.9 298.6 315.5 324.4 331.4 341.2 349.4 351.1 352.8 357.5 363.2 363.3 367.1 371.2 377.5 383.4 390.4 398.8 408.9 417.4 426.3 437.2 449.6 459.2 466.4 473.4 480.1 487.4 488.7 490.2 491.3 492.1
260.3 242.6 222.3 199.5 180.5 159.5 142.3 131.2 120.1 110.1 99.1 91.1 85.3 85.5 83.2 79.8 82.7 86.5 86 88.3 94.9 100.2 107.5 112.8 119.1 125.8 134.9 144.7 153.8 161.1 168.3 171.6 171.3 173.2 171.1 169.5 164.4 158.1 151.8 147.2 158.2 171.8 188.9 203.9 218.5 235.6 254.7 273.8 287.2 297.6 314.4 325.1 332.9 342.3 346.6 351.1 354.2 356.1 360.2 360.1 367.6 371.6 379.1 384.8 392.2 401.6 410.7 421.2 430.1 440.7 454.6 466.9 474.3 478.9 484.7 494.8 498.6 499.7 506 505.1
235.3 217.6 193.6 174.7 156.9 139.1 126.1 112.7 104.8 94.8 88.7 84.1 81.6 81.9 78.8 80.3 81.3 84.6 83.9 88.2 93.3 103.4 111.5 118 125 135.3 144.7 156.5 166 172.7 178.2 179.8 178.7 177.9 177 174.7 171.1 163.9 158.4 148.8 155.1 168.7 188.9 203.7 218 232.4 250.1 270.7 288.4 299.7 310.7 323.1 333.2 342.4 342.9 347.1 349.8 352.7 358.6 360.2 365.4 372.2 378.1 386.3 394.6 403.3 411.9 420.8 432.7 444.9 457.1 468.8 479.5 486 491.9 500.9 505.4 509.8 518.9 517.4
206.3 188.3 169.1 150.8 136.3 120.2 106.6 99.7 90.6 86.3 83.4 79.6 78 76.4 78.1 79.1 80.8 82 82.2 85.9 96.7 106.7 116.4 126 136 147.3 157.2 167.6 177.1 184.2 186.8 186.5 184.6 184.3 183.8 183.1 179.4 172.3 165.8 160.3 153.6 167.9 181.3 198.4 215.5 230.3 244.5 264.3 283.6 299.2 311.5 321.6 333.2 339.8 340.1 338.5 343.3 351.3 357.2 360.4 364.8 372.4 378.8 385.2 395.6 400.7 410.6 421 433.7 448.7 459.2 470 480.8 491.4 501.1 510.3 516.3 523.3 527.6 526.5
183.8 163.5 144.4 128.9 116.6 102 91.9 85.2 80.9 79.2 78.8 77.8 74.4 76 76.6 77.9 79.3 80.3 81.6 89 98.5 112.7 125.5 136.2 147.7 159.9 170.7 179.9 187.1 191.8 194.1 195.8 195.9 194.6 191.9 192.5 187.9 181.7 174.2 164.8 154.5 167.1 178.2 193.3 208.9 225.5 240.9 256.9 276.5 292.6 306.8 321.3 329.6 334.6 338.3 336.2 340.4 350.7 356.1 359.6 363 368.1 373 382.1 391 398 407.5 418.3 431.1 446.8 460.9 474.4 487.8 500.9 508 522.9 529 532.4 540.6 539.8
157.8 139 123.7 110.1 99.3 90.8 82.1 78.4 76.8 76.1 75.8 75.1 73.7 75.1 75 76.7 77.9 79.1 83.2 95.8 110.1 121.9 136.2 149.7 162.2 172 181.1 188 195 200.5 202.7 204.7 207.1 206.3 203.1 200 196 189.1 181.9 173.7 163.6 162.3 175.2 189.2 205.4 219.3 236.1 250.9 266.8 285.6 300.2 313.4 323.3 327.6 330.6 329 334.5 343.2 350.8 356.7 358.1 363.1 368.7 376.9 385.2 392.9 403.9 415.1 427.3 442.7 463.7 475 489.1 504.5 514.5 527.8 536 548.1 557.5 567.5
133.9 118.8 103.9 92.4 83.6 80.1 74.1 73.8 73.8 72.9 70.5 71.8 72.9 73.1 74.9 75.7 76.8 78.6 90.1 104.5 116.7 132.3 147.2 159.6 171.5 180.6 189.2 197.2 203.6 209.8 211.9 213.3 215.8 216.1 214.6 211.8 206 199.6 191 182.6 174.1 158 169.2 182.3 194.9 210.5 226.2 243.7 259.3 273.7 288.5 301.8 312.2 319.7 321.5 324.8 331.3 340.4 347.2 350.3 355.8 361.6 365.1 370.9 377.6 386.1 398.9 406.7 421.1 440 460.3 473 487.3 502.2 519 534.2 546.3 561.8 582.7 593.4
116.4 102.2 88.2 80.9 75.8 72.9 71 72.2 72.3 69.7 70.2 71.7 72.1 72.7 74.8 80.5 82 90.3 104.5 118.5 130.3 144.5 156.8 169.9 178 186.3 194.9 202.4 210.2 217.4 221.8 224.3 224.9 226.2 224.5 224 218.3 209.1 200.4 192.8 184.9 176.4 161.8 172.4 183.3 197.2 216.4 233.6 249.2 262.9 276.2 288.7 299.1 309 311.4 320.1 329.6 336 341.4 344.9 351.5 354.9 358.4 362.8 368.7 377.8 389.7 396.3 408 429.5 451.5 469.1 485.9 502.4 516.6 532.5 550 574.9 593.2 605.5
98.7 86.6 77.6 72.8 70.8 70.2 69.7 69.7 69.9 68.7 70 70.4 69.9 72.5 78.5 83.8 89.5 97 113.6 124.1 139.9 153.8 166.8 176.1 184.6 191.2 197.5 206.4 217.1 225.9 229.7 232.9 232.6 232.3 233.5 233.4 230.3 222 211.1 202.4 192.4 187.3 178.3 166.3 172.5 184.5 199.5 217.3 232.4 247.4 261 272.9 285 295.5 303.1 311.3 319.7 329.2 335.2 338.8 342.1 344.9 349.9 353.9 359.6 368.6 377.5 383.4 396.1 411.5 435.1 458.5 478.3 497.4 511.9 525.5 550.4 578.9 593.4 605.8
84.2 74.5 69.1 69.2 69.6 68.6 68.1 66.2 66.9 68.4 69 68.2 73 75.7 80.2 86.1 93.3 102.6 114.6 129.9 147.9 160.7 171.8 181.3 189 194.8 205.8 215.1 226.7 234.7 239.4 241.8 240.9 240.4 244.2 247.8 243.8 236.2 225.4 213.8 204.5 196.4 189 177.7 170.1 170.8 184.9 196.6 211.8 229.2 242 257.8 267.1 275.9 290 303.2 311.8 319 328.2 331.4 333.5 335.9 340 343.6 351.1 359.2 371.2 373.1 385.6 399.8 415.5 438.6 458.8 483.3 501.9 522.7 548.5 571.2 587.8 603.5
74.8 68.2 66.3 64.5 67.4 68.6 65.2 65.1 66.8 67.6 67.6 68.7 73.8 77.4 80.6 88.6 97.2 108.9 121.9 136.2 150.8 166.1 176.7 186.8 193.2 202.6 213.8 226.1 236.6 243.3 249.1 250.3 249.6 249.3 253.4 260.3 257 250.4 241.4 228.5 217.7 207.4 199.1 191.7 181.7 174.1 172.8 184.1 193.8 206 222.3 237.5 250.5 263.3 277.4 291.9 305.3 311.6 317.4 325.7 328.5 332.4 333 337.3 343.2 350.1 360.4 368.1 377.6 387.1 404.2 419 434.5 461.1 493.3 520.2 551.2 572.4 583.9 600
67.7 64.9 62.2 62.1 65.4 63.3 63.6 64.1 66.3 66.1 67.1 73.2 74.2 77.7 83.9 95.4 104.1 119.1 137.2 153.5 160.4 170.8 182.4 189.2 197.2 209.7 223.8 234.9 244.5 252.1 258.5 258.9 255.8 257.7 263.1 269.4 269.1 264.2 258.7 246.2 232.5 218.8 207.6 197.6 190 182.5 177.7 175.9 181.5 191.1 203 215.1 230.8 247.2 262.8 276.1 290 301.5 307.5 315.4 319.6 327.2 329.4 331.9 335.8 344.4 351 358.4 366.6 378.3 386.1 400.4 418.7 444.6 482.9 515 547.9 571 583.2 597.4
63.3 61.6 61.3 62.7 62.8 63 62.9 63.7 65.2 65.6 66.1 71.3 78.8 87.7 97.6 107.4 115.4 134.9 151.5 166.3 173.9 180.4 188.2 197.8 205.1 216.3 230.2 241.9 250.6 257.9 265 267 264.6 266.3 271.4 277.8 277.2 277.9 273.8 263.8 249.6 232.7 220.9 209.6 199.7 192.8 186.8 181.1 179.4 179.1 192.5 200.6 211.1 230.5 246.3 258.4 272.5 285.4 294.6 301.4 309 317.8 322.8 325.3 328.6 334.8 343.2 351.2 359.7 369.6 378.3 390.9 406.9 428.8 458.1 497.3 540.6 567.6 580.1 593.1
59.4 60.6 63.7 62.6 62 62.5 62.6 63.5 64.1 63.8 66.8 74.2 84.2 94.5 104.6 115.4 130.1 141.5 154.4 168.8 181.7 190.1 197.3 206.6 215.5 224.3 236.9 247.3 255.6 262.7 269.8 273.4 272.4 273.3 279.7 285.4 285.6 289.5 287.6 279.4 268 250.9 235.3 225.9 218.6 208.6 200.4 193.1 186.4 185.1 184.5 191.3 201.8 218.1 228.9 243.1 257.4 269.4 278.9 287.7 297.6 308.2 314.9 316.6 324.3 327.7 333.4 341.5 351.7 361.2 368.7 379.4 394.9 410.3 437.2 477.3 511.1 552.9 565.6 580.5
58.9 59.9 60.6 60.7 61.3 61.7 61.8 63 62.6 67 71.4 81.7 92.1 104.6 117.5 130.2 144.9 159.8 172.7 180.8 190.2 201.9 211.4 210.4 215.6 230 240.6 249.9 258.3 265.7 273 277.4 277.4 279.1 285.9 290.9 293.7 297.3 297.5 291.5 285 269.3 252.7 243.1 235.3 229 217 208.5 200.9 190.8 186.8 185.9 195.1 205.5 216 226.9 241.1 252 262 272.3 282.5 293.4 302.8 309.6 316.1 320.7 326.1 333.6 341.9 351.6 360.3 369.6 382.1 398 414.3 443.7 479.2 514.7 533.5 549
58.5 59.4 60.1 59.9 60 60.8 60.6 61.2 65.9 74.5 84 94.1 105.4 116.6 128.7 146 157.2 168.9 179.7 189.9 201.8 208.9 218.7 225.3 228.8 230.4 235.1 249.3 257.6 266.2 273.9 278.8 279.9 281.8 287.5 294.8 296.7 301.3 303.9 300.1 295.2 284.2 267.7 258.6 252.8 245 236.4 226.4 217.4 208.2 197.5 192.6 190.9 196.2 204.6 212.8 223.2 236.6 246.6 258.6 267.6 277.4 288.6 297.7 306.7 313.9 317.1 326.6 333.9 343.4 350.6 360.6 372.4 388.4 404.8 417.2 446.5 480.3 506.3 522.4
57.9 58.4 58.8 59.2 59.7 60.4 61.5 63.8 71.6 79.4 89.3 103.6 118 127.9 140.7 152.7 166.5 180.4 194.4 203.4 215.3 222.7 230.8 236.4 240.1 245.7 245.1 246.9 257.8 266.5 271.8 276 278 280.9 284.8 289.4 293.6 298.2 299 297.9 295.3 291.4 280.7 274.8 266.1 259.1 251.1 241.2 235.8 224 213.9 204.6 199.6 197.3 194.6 201.9 208.4 217.5 227.3 239 253.9 261.8 273.5 282.8 291.5 299.9 308.1 314.9 323.9 332.5 340.9 350.6 361.2 374.2 387 400.1 418 447.2 471.4 488.8
