public/OST50/NG75.asc
ncols 200
nrows 200
xllcorner 170000
yllcorner 850000
cellsize 50
[rows 70 to 104 of 200, columns 79 to 157 of 200]
152.3 162.2 159.4 153.5 145.1 133.3 118.1 130.3 133.6 125 117.9 102.8 94.5 96.4 93.5 83.5 76.8 76.8 89.8 84.1 81.6 82.8 86.9 95.5 88.1 94.5 104.5 98.9 92.7 89.6 81.3 71.6 66.8 66.4 68.3 62.6 59.9 56.5 56 60.1 63.5 64.1 50 29.9 17.9 12.8 25.6 49.9 69.4 92.5 110.1 111.3 108.4 125 129.4 146.7 155 159.8 160.1 150.9 146.7 131.7 121.7 108.8 83 73.6 56.9 45.5 43.9 42.4 49.4 35.1 32.8 42.2 22 36.8 34.8 21.5 3
141.1 152.9 155.6 149 146.1 137.2 126.3 135.5 137 128.2 118.6 110.3 105.5 102 98.9 91.4 78.6 79.4 82.6 87.8 83.3 88.3 91.9 102.6 97.7 101.3 109.4 108.3 96.3 89.2 79.6 71.5 66.5 66.1 65.6 60.1 56.9 56 56.5 63.3 68.2 62.1 53.4 37.3 26 17.7 23.5 45.6 67.7 86.6 94.9 104.3 116 130.9 155.9 161.7 161 165.8 164 153 150.6 137.3 128.9 100.8 84 68.5 56.2 51.5 55 68.2 63.9 40.7 31.1 54.7 43.9 55.2 57 45 15.3
128.4 140.1 142.3 146.1 147.9 146.8 134.2 135.2 135.4 130.7 127.9 118.9 113.4 113.1 109.2 101.1 97.2 93.8 87 92 89.8 93 97 105.6 114.8 122.2 116.6 111.2 101.8 90.4 80.8 71.8 67.1 65.6 64.8 57.6 56.8 56.6 59.9 66.5 68.3 64.1 63.6 46.2 29 20.6 30.9 53.5 67.6 79.3 93.8 108 122.9 155.5 165.3 167.3 169.2 172.4 165 159.5 145.5 131.1 127.7 121 97.4 74.7 62.2 61.8 68.6 78.5 64.1 46.8 35.7 47 61.9 68.9 61.5 52.6 23.2
128.4 128.4 140.6 146.5 154.6 151.8 141.4 147.4 142.9 142.7 135.7 131.5 125.7 123.7 118.7 113.9 105.2 101.5 95.6 92.1 94.8 105.2 101.6 106.4 112.1 126.3 132.6 115.2 102.7 88.8 78.8 71.8 67.1 65.8 64.8 58.2 57 57.6 62.8 63.6 65 68 69 52.7 37.2 35.8 40.1 60.3 67.9 79.7 91.7 107 138.3 154.8 164.9 168.1 167.5 165.9 163.7 150.6 143.3 138.2 127.3 116.1 98.9 85.2 86.1 83.9 89.2 82.6 70 54.8 44.1 46.3 67.1 73.5 61.2 50.1 23.8
129.5 133 144.5 152 152.6 151.8 144 145.5 153.7 147.3 145.3 145.7 143.3 133.8 125.2 119.3 114.6 108.4 101.6 102.5 98.5 111.1 106.8 110.6 111.8 121.9 133.9 121.1 108.8 92.1 81.9 75.4 70 70.3 67.1 60.5 58.2 58.9 60.5 63.6 66.5 71 71.1 65.7 42 40.9 43.8 63.2 66.1 77.8 92.9 110.8 139.9 156.3 162.6 168 163.5 164.7 155.9 142.7 151.8 157 139.9 125.6 108.1 113.1 110.5 115 105.2 100.9 86.8 67.1 55.6 53.1 66.5 63 50.1 36.7 23
130.1 133.1 144.1 149.6 155 151.4 146.3 147.6 151.2 154.3 156.2 162.8 154.8 149.4 138.8 126.1 114 112.1 106.4 109.2 101.9 113.2 115.9 117.8 121.6 119.3 125.6 119.1 110 96.9 93.2 89 76.5 75.2 70 66.5 63.1 62.9 64.3 66 68.9 72.6 71.8 65.4 48 41.1 42.8 56.5 63.8 81 89.3 115.2 131.7 145.9 156.8 162.4 156.4 160.9 147 139.1 155 152.4 144.4 131.2 133.5 136.6 136.9 132.1 125.5 114 89.9 71.6 61.1 62.8 65.8 59.2 44.6 28.4 19.3
138.7 134.9 140 145.3 155.2 155.2 149.4 152.5 154.7 161.7 173.9 168.9 161.9 153.7 151.1 138.7 123.9 121 110.8 106.1 103.1 105.5 116.1 124.2 126.9 121.6 121.9 124.1 116.1 108.6 101.7 97.8 84.1 80.4 75.9 71.4 70.6 70.1 67.5 67.4 68.8 75.1 75.5 66.5 53.5 44.2 42.1 52.2 58.4 73.9 95.7 117.2 127.9 141.4 148.2 151.5 148.8 154.3 135.1 130.5 144.1 142.9 134.9 131.5 150.9 154.1 150.5 142.7 137.1 118.2 94.8 71.9 65.4 70 67.1 55 40.3 27.4 19.5
143.8 145.4 143.2 143.1 149.5 151.8 149.8 152.1 157.3 172.2 170 171.3 167.4 158.6 154.3 149.6 139.2 129 123.9 110.9 107.9 106.9 113.6 128.7 130.2 123.8 123.9 128.9 125 119.9 111.1 98.5 96.1 92 91.8 84.8 76 70.5 68.3 68.2 71.7 75.7 75.3 66.4 51.9 52.5 48.8 50.2 56.4 70.9 95.3 116.9 130.7 141.3 146.5 140.3 139.1 137.3 125 126.2 140.7 145.7 133.5 133.1 159.5 164.3 150.7 146 136.3 121.9 97.1 80.2 73.1 70.3 66.8 57.8 40 27.4 23.2
146.8 150.9 152.3 151.6 151 149.4 149.5 151.4 161.3 169.3 183.5 170 172.7 165.3 162.6 158.9 152.6 136.2 126.1 115.5 113.1 119.2 117.6 121.9 130.7 126.7 124 129.7 131.3 123.4 113 100 100.4 98.3 99.8 93.3 81.6 72.6 69.7 70.9 75.2 75.7 73.1 62.9 66.1 61.1 63.4 59.9 53.5 69.1 89.1 116.6 137.1 143.3 140 135.6 129.9 125.5 119.1 128.3 135.2 142.3 133.6 142.4 160.9 160.2 152.5 146.3 139.1 132 105.3 86.3 71.4 71.1 59.2 50.2 36.7 30.2 24.9
151.9 153.9 157.8 159.4 157 150 150.4 157.6 159.4 167.9 169.6 174 172.9 173.9 172.1 168.5 161.4 146.9 131.1 125 125.5 125.5 126.5 120.2 128 132.3 127.9 129.4 132.7 123.6 107.2 104.3 103 102 101.2 93.8 85.7 80.3 78.2 76.2 76.2 76.4 72.2 60.7 65.3 72.3 68.8 63.9 55.7 66.1 83.4 105.1 132 137 133.9 132.8 129 122 115.4 121.6 135.9 136.7 128 143.7 156.3 157.4 151.9 148.6 143.5 133.1 110.1 86.4 75.1 72 53.2 39.1 30.2 27.1 26.2
153.8 157.1 158.5 159.8 159.6 152.6 156.1 164.9 165.5 169.6 172.2 175.3 175.1 180.1 179.2 173.2 162.1 155.9 140.4 134.8 133.4 129.3 124.4 122 124 135.3 132 132.5 130.4 126.2 112.4 109.3 110.2 108.2 103.9 98.3 90.8 90.6 83.6 78.8 77.2 76.7 67.9 63.1 65.7 76.9 74 68.3 60.1 61.2 80.5 98.3 113.8 138 132.4 134.1 127.9 117.3 110.2 115.6 125.6 123.9 123.2 145.2 150.9 153.6 150.1 141.7 138.7 134 111.4 95.9 79.4 74.2 59.2 40 29.2 27.3 24.6
156.2 159.7 162 159.5 156.6 152.7 159.8 164.4 175.2 172 178 180.6 184.7 183.3 182.9 176.8 169.9 160.3 153.6 152.8 144.7 133.5 128.3 123.6 122.3 129 135.2 130.7 128.7 125.5 118.4 116.8 116.5 111.3 106.8 96.1 89.5 86.1 83 79.9 78.4 74 66.7 64.8 66.2 72.7 77.9 73.2 63.9 61.4 74.8 91.1 106.6 128 134.1 130.4 123.4 119.9 110.5 109 118.4 117.6 136.4 143 149.2 148.8 153.2 145.1 142.7 127.8 110.2 96 86.8 77.9 60.6 41.1 30.2 27.1 24.3
156.2 159 159.9 159.1 155.6 153.3 157.7 166.8 172.5 189.9 184.4 183.1 186.6 184.2 185.3 183.5 169.8 165.7 164.9 168 157.4 143.5 134.7 129.4 122.6 123.9 131.4 129.1 125.8 121.1 121.9 125.8 124.7 113.5 107.4 99.4 90.7 87.8 85.1 81.4 80.1 75.6 69.7 68.2 68.3 73.9 82.8 80.7 69.9 61.7 71.3 91.6 111.3 123.2 130.8 123.2 118.1 114.8 107.8 104.6 107.4 120.3 137 144.7 145.6 155.5 154.8 147.8 142.4 134.4 119.8 107.1 99.2 89.4 67.6 42 32 27.7 26.5
158 159.1 159.4 158.6 155.2 153.9 156.8 160.5 168.3 195.8 204.6 190.9 186.7 184.5 182.9 186.2 176.2 169.4 169.9 171.3 167.4 156.8 133.2 131 127.8 118 126.2 127.6 123.6 124 126.4 126.9 128.8 119.2 116.4 113.2 104.7 94.3 92.1 91 86.8 80.1 73.5 70.1 70 77.9 88.9 93.1 76.1 68.5 78.2 92.9 110.6 129.4 122.7 121 114.8 110.9 105.6 102.3 104.4 134.8 134.9 134.5 142.8 156.6 152.1 148.7 149.5 138.5 126.9 113.5 112.5 99.8 73.6 47.5 35.1 28.9 26.9
159.4 159.5 159.7 160.2 159.8 155.9 154.9 157.8 164.5 189.9 208.4 207.3 191.1 187 185.9 184.4 180.4 172.3 170.8 173.5 171.9 161.7 134.3 129.9 127.5 117.3 116.2 120.3 122.2 127.8 129 128.2 126.2 123.8 125.1 119.3 114.7 101.8 99.2 105.3 97.6 86.7 79.7 74.6 72.5 77.9 92 95.2 83.9 74.1 85.5 98.1 113.8 119.3 121.9 117.4 110.2 104 100.1 98.7 111.2 136.3 141.7 130.9 133.6 147.5 154.5 155.1 154.3 142.9 131.5 116.5 116 102.2 73.1 55.4 38 29.5 31.4
161.8 160.2 160.6 161.8 159.7 164.6 159.2 156.9 163 186.7 204.1 213.3 199.8 190.2 190.4 191.4 181.9 178.9 172.6 168.5 166.1 154.6 138.9 131.3 126.1 121.4 116.2 116.2 119.3 126.8 130.4 131.2 127.7 124.3 124.4 119.8 118.2 112.3 109.6 110.2 103.2 92.7 85.4 79.3 76.3 78 88.2 96 83.3 81.7 89.5 104.5 110.4 120.4 132.3 123.1 109 99.3 95.9 95.9 126.9 134.9 137 130.9 130.9 143.1 156.9 161.3 146.4 148.2 137.2 127.3 117 100.8 80.1 60.7 42.4 31 33.8
162.8 162.5 162.9 164.7 160.4 165.3 164.2 159.5 160.6 181.7 198.1 213.4 208.6 197.7 191.2 192.6 186 185.1 176.3 168.5 159.6 152.2 144.1 136.2 128.9 121.8 116.5 116.2 116.2 118 124.5 128.3 128.5 124.9 119.9 120.6 115.9 113.7 117.2 113.2 106.4 99.9 93.8 85 77.9 79 85.4 94.3 84.5 99.7 103.7 102 115.6 140.3 138.1 122.7 105.6 95.9 95.9 99.7 130.4 136.9 137.5 132.1 130.9 137.5 150.1 160.1 147.1 143.9 134.2 126.9 118.5 103.7 85.5 67.5 48.3 34.8 34.8
164.9 165.3 164.3 164.2 162.1 163.8 166.2 163.3 160.7 178.8 193 209.2 212.2 207.4 197.7 189.5 188.8 188.6 182.1 172.6 161.8 153 146.4 139.2 131.8 121.7 116.2 116.2 116.2 116.2 116.2 122 124.8 120.7 116 113.1 113.7 116 116.9 113.6 106.8 99.5 93.9 86.2 81.4 81.5 85.1 87.5 83.1 91.9 98.3 111.3 130.3 131.2 132.9 119.4 105.7 95.9 95.9 104.1 133.9 138.8 138.5 134.3 130.9 135 147.1 154 143.5 138.4 134.9 129 123.4 110.3 89.1 74.2 53.6 40.2 38.2
164.8 164.9 165.7 163.8 163.2 167.9 176.7 168.8 165.7 179.3 191.6 201.7 213 207.9 203.4 192.7 189.9 187.7 184.2 178.8 165.2 155.1 147.4 138.6 131.5 123.3 116.2 116.2 116.2 116.2 116.2 117 122.5 121.7 116.2 110.8 108.3 110 111.6 111.1 108.3 101.5 92.2 86.7 85.3 87 86.9 87.5 85.6 85.6 96 118.2 132.8 122.6 123.2 116.4 103.2 95.9 95.9 100.7 132.6 146.2 143.1 133.8 130.9 133.5 141.2 143.6 141.6 145.5 142.8 130.9 129.3 113.9 93.6 78.3 60.4 46.3 43.7
162.4 164.2 166.1 169 172.2 176.4 184.5 181.6 174 175.7 182.3 192.8 202.7 209.8 199.7 195.9 192 188.5 186 180.5 170.1 159.2 147.8 135.9 128.8 123.6 119.3 117 116.5 116.2 116.2 116.2 118.2 118.1 113.6 111.2 108.8 106.7 107.6 107.8 105.8 101.3 101.6 94.6 92.6 90.7 90.1 91.3 86.6 86 101.2 125.8 124.2 118.1 114.9 112 100 95.9 95.9 106.2 130.2 147.1 140.7 135.7 130.9 135.3 136.9 142.3 155.5 153.3 145.9 133.3 133.4 116 100.2 86.9 71.4 59.6 54.6
164.3 165.4 168.5 175.7 179.6 189.6 192.6 187.8 187.1 176.3 179.8 186.9 192.5 201.1 201.3 196.4 196.3 194 188.6 181 172.2 163.1 150.6 138.7 130.1 125.3 121.8 120.9 120.5 116.2 116.2 116.2 116.2 115.3 111.1 111.2 114.3 112.9 108.7 106.8 107.3 105.6 104.5 99.6 93.8 92.7 94.3 92.5 87.9 87.8 102.2 118.6 119.6 113.5 110.7 103 97 101.1 95.9 113.3 128.7 145.2 143.1 144.4 132.4 135.7 139.5 142.5 151 149.8 151.1 134.6 134.3 120 107.2 95.6 85.5 73.2 62.7
165.7 167.5 172.1 177.8 184.3 193 198.4 194.8 189.4 175.9 178 180.9 190.5 196.6 195.5 195.3 199 199.6 191.8 177.8 170.6 166.6 161.6 153.4 138.6 130.3 124.3 120.9 119.9 118.5 116.2 116.2 118.1 116.9 117.1 119 118.1 121.6 120.9 113.5 109 109 105.1 100.6 96.1 99 96.1 91.4 88 85.5 93.9 102.6 111.1 109.5 103.4 95.6 98.3 105.9 110.8 122.4 135.3 146.2 154.6 151.7 141.2 139 141.9 149.4 147.9 145.5 147.6 136.8 134.1 127.7 108.4 97.8 91.6 84.9 73.7
165.8 168.5 176.5 180.8 184.8 193.4 199.9 198.5 192.6 180 175.8 177.7 184.1 193.6 197.4 196.3 201 199.5 190.8 181.5 173.1 171.9 166.3 161 142.6 131.5 123.1 121.1 120.7 119.1 116.2 116.2 118.8 120.2 122.6 123.8 125.9 126.2 124.4 118.6 117.9 112 105.2 100.1 99.6 99.8 96.6 92.9 89.3 87.5 85.3 88.8 95.3 96 89.6 90.6 101.1 109.9 122.8 134.9 145.5 151.6 157.6 150.4 142.4 142.6 142 146.2 147.3 148.7 140.5 136.9 143.6 134.2 109 98.8 92.3 85.8 78.5
167.4 170.8 181.1 185.8 186.4 196 199.6 201.8 195.1 182.6 177.8 176 180.7 191.2 197.4 199.9 201.8 201.2 195.9 191 181.2 176.9 170.7 161.2 145 132.2 123.8 122 122.8 125.9 116.5 116.2 118.8 127.5 132.8 133.9 133.7 134.5 133.7 134.1 128.7 117.9 108.9 103.3 101.3 99.5 97.7 94.7 92.2 88.6 86.1 86.1 86.6 85.9 86.5 95.3 110.3 123.4 129.6 146.5 153.8 159.2 154.9 148.1 145.2 145.9 143.5 139.4 149.5 148.2 135.1 140.6 153.1 146.8 118.2 99.1 92.6 84.4 80.5
169.7 171.2 181.9 187 192.9 200.5 199.6 202.8 196.9 183.8 176.2 177.1 178.7 183.2 195.9 202.6 206.2 206.9 210.4 207.5 192.4 180.6 177.4 166.6 151.7 140.3 130.2 123.8 127.6 132.6 134.9 116.2 118.9 134.4 144.8 148.1 145.6 145.5 147.8 148.8 140.9 127.9 117.6 108.3 106.1 105.2 98.6 96.1 91.7 88.2 87.5 86.8 86.3 87.2 88.2 99.2 116.7 135 142.5 159.1 163.7 160.1 154.8 147.2 147 152.7 143.8 138.5 142 145.8 135.1 145.4 148.5 150.8 126.3 106.4 93.4 88.1 82
170.5 171.9 181.4 186.7 197 203.6 201.4 201.1 194.3 183.6 181.2 185.6 181.3 181.4 186.1 205.3 220 214.8 214.3 211.6 200.3 190.4 182.9 174.5 161 148.1 134.7 127.2 132.5 140.2 143.9 131.4 126.2 142.7 151.4 159.4 160.8 155.2 158.4 163.7 156.4 137.3 129 117.2 110.1 108.3 100.5 95.5 91.7 89.9 89.2 88.6 88.2 89.6 95.7 103.8 116.5 139.5 148.7 159.6 164.6 161.1 157.3 152.5 150.5 151.3 146.3 137.9 138.3 141.5 136.7 138.3 138.9 142.6 128.5 111.8 98.5 89.9 85.7
168.5 172.5 178.3 188.2 195.6 203.4 202.5 201.6 193.6 182.2 180.6 185.7 190.5 183.4 185.4 196.9 216.9 227.3 223.2 220.5 209.8 202.5 190.7 180.3 171.2 160.5 144.7 134.1 134.8 140.8 147.8 140.4 138.1 146.6 157.4 168.7 169.8 164 165.1 171.6 161.5 150.6 140.9 126.6 118.1 110.8 104.2 98.8 93.6 92.3 94.4 95.5 92.3 92.9 100.4 109.3 118.1 144.9 156.6 160.6 162.3 161.3 162.3 157.3 153.8 150 142.3 138 136.5 135.3 136.6 135.7 138.4 139.8 129.9 116.7 102 91.1 88.6
167.3 171.7 180.2 190.1 194.7 202.3 206.8 199.5 192.7 183.5 181.9 182.3 188 187.1 191.1 202.8 212 228 238.2 234.9 220.9 208.4 201.8 189.7 173 169.6 157.6 140.8 137.3 142.6 145.7 146.1 150 157.6 165.8 176.8 176.9 177 175.5 181.7 167.3 159.8 156 139 127.3 116.3 106.1 100.9 97.1 95.7 96.8 98.5 99.7 94.7 101.1 110 119.9 145.1 155.9 155 158.1 159.9 164.6 161.4 154.9 148 139 136.5 135.3 136.4 138.6 134.9 140.4 142.8 136.5 119.3 104.8 92.6 90.9
167.5 170.3 183.3 191.6 196.7 200 206.1 205.3 193 185.7 184.2 182.2 185.7 188.3 195.4 204 209.3 217.9 233.2 232.7 225.8 217.2 206.4 199.5 185.5 175.7 158.7 146.9 142.2 146 150.8 153 159 173.7 179.7 183 187.8 187.6 188.4 189.8 175.1 165.1 165.3 147.6 135.9 121.2 112.3 106.9 98 98.3 103.2 106.9 103 99.5 100.9 108.5 119.3 135.9 146.7 155.6 158.7 159.3 162.1 160.8 156 147.5 138.7 137.8 135.3 135.3 139.3 133.9 137.3 146.3 139.6 125.7 109.6 96.8 94.8
166.1 170 180.9 192 198 202.4 203.5 206.3 196 188.3 185 183.6 183.9 186.1 195.2 201.4 207.3 214.9 224.8 226.8 229.6 220.1 220.1 215.2 202.6 186.2 168.3 156.7 154.8 159.1 161.6 162.6 165.6 182.5 190.6 193.7 195.1 200.3 198.7 192.1 172.7 167.2 160.8 152 143.1 133.8 121 110.8 102.6 109.2 108.3 110.2 106.1 102.9 104.6 109.7 118.5 131.3 145.2 161 158.9 159.9 161.3 161.5 159.1 147 139.8 144 138.1 136.4 138.8 131.8 131.8 143.7 136.5 126.8 114.8 105.7 100.2
163 168.4 179.1 191.3 198.5 203.6 205.4 205.3 197.1 192.3 185.8 185.5 183.9 189.2 192.9 196.2 199.8 212.1 223.2 225.7 222 221 224.4 222.7 215 206.5 188.3 174.2 169.5 170.1 179.6 179 180.8 186.9 195.6 199.3 208.3 214.2 207.9 194.7 169.8 166.6 162.6 159.5 155.4 143.6 131.8 119.8 110.2 114.3 112.6 112.6 108 104.2 106.3 110.5 120 131.3 142.5 164.8 162.1 160.1 163.3 162.2 158.9 154.9 149 145.9 142.4 138.5 134 129.3 127.7 131.3 129.8 123.7 117.1 110.1 103.1
161.6 164.1 176.1 189.2 197.9 203.2 207.6 206.9 199.3 197.3 201.2 200.9 191.1 191 193.1 192.9 195.1 209.3 217.6 221.5 223.5 222 221.8 222.4 224.1 217.7 199.1 193.3 187.8 183 188 194.7 194.3 190.8 201.3 201.4 211.6 222.6 208.9 183.1 170.1 165.9 165.4 166 162 150 140.5 127.5 125.6 120.4 116.3 116.5 111.5 107.6 105.9 110.4 118.9 131.1 142.5 159 163.5 161.1 165.4 164.5 166.1 163.2 153.9 146.3 144.5 135.6 130.7 126.5 124.5 125.6 127.3 123.1 121.7 114.9 104.8
159.5 161 169.8 184.9 194.6 201 206.1 209.1 202.6 205 212 214.5 205.2 196 200.6 198.3 193.8 202.7 210 218.6 224.1 229.7 220.2 221.9 227.1 227.6 209.3 208.2 205.5 200.4 210.1 213 208 203.7 208.3 215.2 207.5 213.4 198.8 179.5 171.6 167.8 168.2 170.4 167.1 155.4 147.2 135.4 135.5 129.8 124.8 120.2 115.4 112.6 108 114.6 122 127.4 139.5 155.7 166 163.1 166.3 167.2 168.5 165.5 158.5 152.5 141.5 130.8 127.3 125.1 121.3 124.3 121.3 122.8 124.7 115.4 109.7
157.8 160.2 169 183.9 190.7 198.5 204.1 207.8 210.8 206.6 210.8 215.4 214.4 205.9 204.7 209.5 198.1 198.8 204.2 215.9 221 229 221.1 216.7 220.9 221.3 220.4 216.9 219.7 223.8 226.3 224 227.7 218.2 212.5 218.8 213.3 203.8 196.5 179.8 175.9 169.9 169.3 170.7 167.4 160.1 148.1 145.9 145.5 142.1 132.4 125.8 120.2 116.2 114.1 113 120.3 126.5 142.6 159.2 170.9 165 166.8 168.5 169.4 166.6 162 151.3 137.4 127.1 126.3 124.8 124 121.3 121.3 121.3 124.2 122.6 112.2
159 162 166.5 180.9 186.8 193.1 201.8 205.8 212.2 214.5 213 213.2 213.7 211.3 215.5 213.4 209.9 203.2 206.5 212.6 217.5 223.6 214.9 213.9 214.3 220.9 220.4 229.3 232.9 250.6 247.9 240.2 235.5 229.5 216.8 220.1 216.8 202 193.1 186.6 183.2 175.2 170.2 168.8 166 163 154.1 155 155.2 148.9 140.7 132.6 127 123.2 120.4 119.6 117.2 131.3 146.3 159 175 169.3 167.9 169.7 169.6 167.1 163.2 153.4 137.4 127.5 128.3 123.3 121.3 121.3 125.5 121.3 121.3 129.1 116.2
