public/OST50/NG75.asc
ncols 200
nrows 200
xllcorner 170000
yllcorner 850000
cellsize 50
[rows 105 to 139 of 200, columns 79 to 157 of 200]
162.1 161.5 165.7 178.2 183.5 188.2 197 204.2 208.7 214.9 217.5 213.2 214.4 216.8 216.8 215.2 214 211.4 209.6 205.8 213.5 214.5 205.8 205.8 211 220.1 222.9 232.9 249.2 267.1 265 254.9 240.4 237.5 222.2 215.9 216.2 204.4 193.7 190.3 185.6 179.9 172.4 169.6 167.7 169.6 163.2 165 161.1 154.9 148 140.4 133.8 129.4 125.7 124.8 125.5 132.6 150.4 158.3 170.4 177 171 172 171 168.1 164.4 152 139.7 127.2 121.3 121.3 121.3 121.3 125.6 123.5 122.5 132.3 120.2
164.8 164 169.9 178.3 180.7 185.4 192.8 198.8 208 215.9 217.5 217.9 213.2 219.1 217.9 216.3 213.9 212 210 205.8 205.8 205.8 205.8 205.8 211.3 220.6 227.7 245.6 262.2 272.6 275 263.5 251.9 238.6 230.7 219 213.6 209 200.4 191.6 187 180.8 172.4 170.3 169.7 175 172.5 172.1 166.7 160.9 155.3 147.5 140.6 135.9 132.2 130 130.9 132.1 151.1 161 167.8 178.3 176.4 173.6 173.1 170.8 166.9 153 139.1 126.1 121.3 121.3 121.3 123.5 125.6 127 133 136.8 125.7
166.2 166.5 167.1 178.8 186.3 188 190 195.4 203.3 211.9 214.9 220.5 220.9 223.2 222.7 220.5 214.6 212 205.8 205.8 205.8 205.8 205.8 205.8 215 220.9 237.9 265.5 263.4 273.4 278.6 265.7 254.6 245.5 235.4 230.2 222.8 210.2 206.4 200.5 184.8 177.5 172.2 171.1 173.5 177.4 178.3 177.3 174.3 171.9 167.2 162 151.9 143.7 138.7 136.1 135.4 132 147.7 161 169.3 177.2 178.2 175.2 174.7 173.3 169 158 138.9 125.5 121.3 121.3 121.3 125.1 131.3 134.2 139.2 142.4 128.9
169 168.3 167 176.7 185.5 193.6 193.4 195.4 200.3 208.3 214.1 218 218.4 222.2 223.8 224.7 222 213 208.7 205.8 212.3 215.5 217 213 214.5 216.2 229.6 251.9 255 267 274.7 275 259.6 249.1 239.6 232.2 227.5 210.2 207.2 200.2 187.2 178.7 173.6 173 176.4 178 181.9 182.4 180.7 182 180.7 174.2 162.5 153.3 145.8 142.7 142.1 131.3 140.6 155.2 163.6 171.9 178.6 175.3 174.4 174.8 170.4 158.3 140.6 127.8 123.3 125.5 127.7 138.2 144.1 146.9 146 145.8 137.1
177 171.4 169.2 172.1 180.7 189.9 195.6 198.8 202.5 204.9 211 216.3 216.5 219.3 221.3 223 227.1 217.2 213.5 213.6 221.3 231.8 230.3 217.3 214.3 217.7 225.1 242.2 252.1 261.1 273 268.9 260.4 254.7 242.4 231.8 224.8 209 204.9 207.5 196.5 188.6 182.4 176.1 175.9 185.6 187.9 185.9 183.8 183.7 189.1 184.7 171.5 162 152.9 147.9 142.8 135.8 135.1 150.3 157.8 165.6 176 174 173.2 173.7 170.7 159 141.7 130.8 126.2 126.3 134.5 145.2 154.4 151.2 160.2 154.2 140.4
184.2 175.6 171.1 170.1 174.4 187 198.6 204.9 205.2 208.5 208.7 213.9 214.6 218.2 218.7 223.8 226.3 224.8 216 215.4 221.2 236.5 243.8 226.3 219.2 220.4 227.8 244.7 251.8 264.8 262.5 258.7 259.3 259.9 245.1 231.8 215 206.6 204.7 211.9 208.5 197.5 188 178.2 177.2 187.8 192.3 190.3 187.7 185.1 184.2 183.3 176.9 168.2 160.2 154.1 147.9 142.5 140.5 142.9 152.1 160.7 167.9 169.8 168.7 171.6 169.8 160.5 144.6 138.7 129.5 126 137.9 147.1 151.2 155 165.4 158.9 148
191.4 179.5 171.2 168.8 177.5 193.6 203.8 206.5 211.8 208.5 208.5 211.4 211.1 215.5 219.8 220.7 226.3 226.8 225.5 221.1 225.8 240.1 243 231.6 224.8 223.3 236 256.7 255.7 261.6 258.9 256.3 261.2 262.1 246 232 217.5 205.8 204.3 207 199.3 200.4 190.9 181.7 180.8 186.4 192.6 195.3 191.7 187 182.9 179 174.4 167.7 165.2 158 150.9 146.5 144.8 140.9 148.1 154.8 160.1 162.5 162.6 165 164.7 162.7 149.3 139.9 134.1 128.5 137.9 148.2 150.1 158.9 163 163.5 154.6
190.1 184.6 176.8 170.3 180.6 194.2 201.9 207.6 213.3 212.3 210.8 208.5 204.5 206.8 220.1 218.6 224.5 223.4 227.7 231.3 227.7 236.6 241.5 231.8 231.4 228 241.7 254 252.1 244.3 249.6 259.5 261.6 263 245.3 230 215.2 203.4 200.1 199.3 193.7 193.6 190.1 184.4 184.9 184.4 184.9 192.8 191.7 189.1 183.1 175.8 170.3 163.9 158.7 159.6 153.4 148.2 147 145.4 141.5 150 153.3 156.7 158.1 156.8 158.6 159.1 152.7 141.5 136.6 132.5 139.9 148.6 150 155.2 170.9 166 180.3
193.9 186.4 177.6 172 182.2 195.8 200.5 205.7 208.6 211.8 209.1 204.5 204.5 204.5 219.5 222.3 222.6 219.3 223.6 234.6 231.4 232.2 232.7 228.4 232.5 232 238.1 250.4 252.3 240 238.8 248.7 260.7 258.2 251.5 236.1 215.6 202.4 196.5 192.5 191.2 189.6 190.2 188.2 186.9 185.8 184.4 190.1 190.3 187.2 182.4 174.5 165.6 159 151.4 152.1 154.7 150.1 148.8 148.2 142.3 146.5 148.4 150.8 154.3 153.9 153.4 151.1 148.5 140.4 139.6 138.5 147.6 150.6 150.4 154.2 171 170.8 188.1
201.8 193.7 182.2 174.9 182.6 195 201.2 208.4 214.9 212.6 204.5 204.5 204.5 206.5 216.4 222.4 221.4 220.8 221.1 230.1 234.1 231 229.4 224.6 228.1 230.7 232.7 243.7 251.2 239.1 233.2 239.7 248.9 253.3 254.6 240 216.5 203.8 194.6 191.7 192.3 193 193.4 195.1 195.8 200.2 195.6 192.6 191 187.5 180.8 172.8 165.5 157.8 151.1 151.1 151.1 154.7 150.4 148.4 147 146.2 147.1 147.2 148.6 150 151.1 146.1 143.8 140.5 141.4 141.4 151.9 154 148.3 149.2 162.5 178.4 187
210.9 199.7 186.7 178.8 175.1 189.1 200 206.3 211.1 214.7 213.8 204.5 204.5 207.3 220.3 221.9 221.9 219.6 220.2 224.7 231.9 232.6 224.3 220.4 226.4 228.3 229 237.5 244.6 236 229.9 230.1 241.2 245.2 247.5 236.5 226.8 210.2 197.2 193.1 195.9 197.6 202.9 212.3 217.6 217.5 209.3 198 192.7 189.2 180.6 176.1 172.5 163.7 154.1 151.1 151.1 156.9 155.8 150.2 150.2 151.6 147.4 146.6 145.4 144.3 145.4 144 139.1 138.3 138.5 138.8 153 146.7 144.5 143 151.6 170.7 181
217.2 203 185.2 185.1 179.8 183.9 194.3 202.3 207.5 213.3 217 213.2 208.5 204.5 216.7 221.7 218.8 215.7 216.5 217.4 226.5 233.4 218.9 214.9 222.3 222.9 224.8 232.2 237.5 232.1 227.9 228.3 232.2 233.2 231.5 232.3 238.1 222.2 206.9 199.9 202.1 204.3 213.3 219.6 230 232.3 218 204.7 194.8 188.5 181.8 178.1 177 172.7 160.4 151.5 151.1 151.1 159.7 152.8 150.8 153 150.3 147.9 145 143.2 141.4 139.6 138 136.3 136.4 137 141.8 138.2 137.1 145.5 156.4 164.2 178.2
215.3 203.7 197.6 189.7 184.3 179.5 194.2 202.1 206.2 210.8 214.6 213.9 221.2 215.6 214.3 217.6 216.3 213.1 214.4 215.4 219 227.7 218.2 214.9 219.4 216.4 218.7 226.2 232.6 228.4 225.5 230.3 225.7 225.3 234.7 231.7 240.1 227.9 215.2 212.2 210 211.7 213.5 220.9 226.8 229.5 219.9 209.6 200.1 189 178.9 179.2 179.9 177.5 174.6 160.1 151.1 151.1 151.1 151.1 151.6 155 152.5 148.3 144.7 143 141.7 140.3 140.1 136.4 136.2 135.3 136 131.8 137.1 161.9 165.6 168 179.7
214.8 206.8 202.8 197 186.7 181 188.7 199.9 202.6 207.3 211.3 211.1 219.4 220.6 218.9 217.4 211.1 211.2 212.4 212.5 215.7 221.3 218.5 214.9 218.4 214.3 216 221.7 233.4 225.9 223.8 228.1 219.2 221.8 230.2 230.5 234.8 225.2 217.9 212.7 209.9 205.8 211.8 219.4 226.4 220.9 216.7 212.2 204.6 193.5 182.1 173.9 174.3 179.7 177.5 167.3 152.4 151.1 151.1 151.1 155 157.7 153.8 151.1 147.8 143.7 142 140.6 139.7 138.1 134.7 133.4 128.7 129.5 156.9 158.9 178 170.6 182
217.9 211.3 205.7 201.8 195.5 192.4 184.7 194.5 197.3 199.2 207.9 208.8 215.2 223.6 218.7 221.6 213.7 209.5 209.1 208.9 210 216.2 219.7 214.9 218 215.3 213.4 219.9 229 226.2 219.9 219.8 214.8 223.5 229.1 229.6 228.1 222 218.4 213.7 206.4 204.2 205.5 213.1 216.9 217.7 217.3 212.7 206.6 196.5 183.6 171.6 166.7 170.5 169 165.1 151.6 151.1 151.1 151.1 155.8 156.1 155.2 153.5 151.6 147.9 142.6 142 141.1 139.8 138.7 129.3 127.3 131.3 136.2 144.1 173.3 168 178.8
220.6 215.4 210.7 204.5 201.7 199.9 193.4 184.6 191.7 194.3 202.6 204.9 204.8 214.2 215.1 221.2 218.8 211.2 207.7 205.5 206.3 211.4 218.5 215.7 217.3 215.5 208.2 213.5 221.9 220.7 215.5 213 214.1 225.4 228.6 231.6 228.6 220.6 214.2 213.1 207.7 205.4 206.1 209.5 214.9 216.6 216 213.7 207.1 197.9 186 172 167 164.3 160.4 157.9 151.1 151.1 151.1 153.2 155.3 155.2 157 156.6 153.3 150.4 145.4 144.1 145.9 145.2 139.1 131.3 126.3 128.2 126.3 134.4 145.7 152.1 166.8
225.4 220.5 213.6 208.5 206.1 204.3 200 193.5 188.4 193 199.1 203.6 204.8 207.9 210.4 213.4 215.7 212.4 210.1 204.6 204.5 205.6 213.1 212.6 209.4 206.6 200.3 210.7 219.6 217.3 215.9 214.4 216.1 223.4 224.2 232 228.9 218.9 212.9 210.6 203.7 204.8 205.5 205.1 209 213.1 214.7 211.3 207.5 200.1 192 183.8 173.2 167.3 161 154 153.3 151.4 158.1 164.1 159.9 156.7 158.2 161.1 157 153.6 151.1 146.1 147.6 151.7 140.9 132.3 125.9 125.7 121.1 135.7 133.6 144.6 149.7
229.9 224 215.6 210.7 208.4 207.2 203.3 196.5 191 191.2 199.9 205.5 203.9 208.6 207.7 211 216.1 215 211.1 205.4 203.3 202.9 203.8 203.4 201.5 200.3 195 209.4 211.2 213.7 219.6 212.9 219.6 220.5 220.6 224.8 228.2 218.5 211.7 205.3 202 202 202 202 207 211 212.7 210.1 206.9 202.8 197.5 192.6 182.6 170.6 163.8 162 157.9 157.2 164 166.3 162.7 160.4 162.3 163.3 161.3 159.5 154.7 150.1 148.6 147.7 142.1 131.6 124.6 119.7 117.8 128.7 137 135.8 144.4
232.2 225.1 217.1 212.5 210 209.1 205.5 200 195.6 189.3 191.4 200.1 200.6 205.7 206.6 212.3 215.9 216.2 213 204.6 203.9 203.4 203.4 200.3 199.6 199.3 195 202.9 207.8 209.3 217.8 210.3 218.1 218.7 219.6 220.7 224.3 217.5 212.9 204.8 202 202 202 202 204.5 207.7 210.6 209.6 206.9 203.6 200 194.6 183.9 174.3 169.2 174.4 174.3 167 166.8 168.5 170.7 167.7 163.7 164.1 164.9 163.4 155.5 151.7 147.6 139.9 137.7 130 121.3 117.4 117.5 120.2 132.4 136.3 140.8
231.4 225.3 217.5 218.9 214.8 211.8 208 203.4 199.6 194.8 190.7 190.9 197.1 200 205.6 209.3 212.5 217.2 214.4 206.6 205.1 205.1 206.3 206.9 200 195 195 196.9 204.3 206.3 209.2 206.2 212.7 217.8 219 219.9 217.2 214.2 210 204 202 202 202 202 203 203.4 207.2 207.3 206.8 203.1 200.3 195.1 185.3 175.1 174.9 178.8 174.5 169 167 169.4 173.6 174.7 168.9 165.7 166.7 168.1 157.5 152.7 146.8 140.5 133.4 125.8 117.7 116.6 117.4 121 125.4 133.2 128.5
231.3 226.6 221.9 222.8 219.2 214 210.6 207.2 203.2 198.3 194.5 191.5 189.2 193.6 201.1 206.9 210.8 215.4 215.2 210.5 208 208.5 207.6 207.5 202 195 195 195 195 206 203.5 202.1 209.3 215.1 217.4 216.5 212.5 207.7 204.7 203.3 202.8 202 202 202 202 202 203.6 204 204.9 204.8 200.4 194.4 184.5 183.9 184.5 184 183.1 174.3 173.4 173.4 172.6 176.2 176.4 171.6 169 170.9 163.5 154.1 146.9 141.7 131.9 122.9 117.5 117.3 115.8 118 117.9 114.1 111.9
235.7 230 226 226.1 221.6 216.2 212.9 210 207.3 203.7 199.2 195.4 193.5 193.7 192.8 202.1 209.2 210.3 212.7 211.1 207.5 208.2 207.1 207 201.6 195 195 195 203.2 205.8 202 201.1 207.2 217.6 218.1 217 212.1 207.1 204.5 204.5 206.1 202 202 202 202 202 202 202.9 201.4 200.3 199.1 193.2 187 191.5 193.7 198.7 195 187.4 177 177.7 176.5 175.1 178.8 177.2 173 173 170.2 156.2 145.9 141.8 134.5 120.7 118.2 118.9 118.1 111.1 109 105.6 103.2
236.4 232.6 231.4 228.3 224.2 219.1 216.3 211.2 209.8 209.1 204.4 198.5 197.4 197.9 197.1 192.7 201.9 205.8 208.4 208.1 207 206 205.3 207.7 201 195 195 195 195 201.2 199.2 200.7 209.9 221.3 219 216.8 212.2 207.7 205.4 205.7 206.5 202.7 202 202 202 202 202 204.4 203.4 201.4 193.6 192.2 190.7 199 201.5 202.5 201.7 196.9 187 181 180.1 176.6 179.7 179 178.4 176.4 174.8 162.2 147.8 142.8 139.7 121.5 120.9 124.2 120.4 117.2 109.7 102.3 99.2
237.5 233.7 234.9 232.6 226.8 225.7 220.2 214.7 213.2 211.3 207.1 205.6 202.5 200.6 199.7 199.3 193.6 200.2 203.8 206 206.4 204.5 203.8 207.7 205 195 195 195 195 195 195 195 218.2 220.4 220.1 219.9 215.3 209.4 207.1 206.1 208.4 206.6 202 202 202 202 205.3 207 207.9 208.2 209.5 211.9 211.4 211 209.1 208.8 207 205.6 198.2 189.1 184.8 183.2 181.5 180.7 180.6 181.8 177.4 165.3 154.4 146.6 143.7 132.2 126.8 131.9 134.5 125.9 117.2 109.2 98.3
244.7 239.5 237.2 236.1 232.3 229.2 223.7 216.9 216.2 214.9 210.9 206.7 208.3 203.8 201.9 200.8 198.9 198.7 200.8 203.4 204.6 201.7 200.7 207.2 204.6 200.2 195 195 195 195 195 200.2 213.1 220 221.3 221.7 218.4 212.8 209.8 207.9 211.4 213.2 204 202 202 202 203.9 207.8 208.4 211.8 214.6 216.5 217.8 215.9 214.8 212.5 210.9 209.2 205.5 200.5 195.2 189 187.4 183.1 184.8 183.6 180.8 170.4 156.8 153.9 147.4 135.5 136.5 144.1 142.7 133.8 123.2 115.9 106.4
245 242.3 239.7 238.4 235.1 231.7 229.1 220.6 219.1 219 211.2 208.3 209.6 208.4 204.9 203 199.2 197.8 199.3 199.4 195 195 195 203 200.9 195 195 195 195 195 200.9 204.8 220.6 222.4 223 223.2 224 217.1 211.5 208.5 211.2 217 214.5 207.7 203.7 202 207.7 208.7 211.4 214.9 214.2 215 218.4 218.6 218.8 218.1 216.1 214.3 209.7 203.9 202.3 198.4 192 187.8 190 186.3 181.5 174.4 161 155.8 149.3 140.7 144.7 148.2 144.5 135.7 127.4 119.7 111.4
247.9 245.3 242.2 238.6 236.7 233.9 228.3 222.1 221.8 222.1 212.6 209.4 212.1 211.5 208.6 206.1 204.4 199.2 198.6 195 195 195 195 195 195 195 195 195 195 197.4 203.9 208.6 221.7 223.4 224.3 225.3 225.4 220.5 214 209.5 210 212.1 215.6 215.9 212.1 210.4 214.8 217 225.7 227.4 225.8 216.3 216.3 219 221.1 220.8 222 218.3 217.1 212.1 205.4 205.8 198.3 199.7 192.6 190.2 184.3 176.6 164.3 156.5 148.2 150.9 152.1 151.7 146.9 138.6 133.4 121.6 108.9
245.6 248 246.3 239.5 240.4 235.6 227.9 222.8 223.6 224.4 215.9 210.8 213 212.6 210.9 210.2 208.1 205.3 201.6 195 195 195 195 195 195 195 195 195 195 198.5 209.5 214.3 222.2 228.4 226.3 227.9 225.9 221.1 214.9 212.6 215.1 214.6 215.4 217.2 217.2 218.2 223.1 227.4 232.6 234 233.3 230.1 219 217.5 220.9 221.9 222.4 225.2 222.8 217.7 216.4 210.7 210.8 209.3 204.4 195.3 189.2 179.7 168.5 158.3 148.9 152.5 154.3 152.5 150.7 142.7 136.5 122.3 103.7
251.8 251.8 247.8 242.3 242 238.2 233.2 227.4 222.7 219.7 217.3 212.5 211.7 212.8 212.3 211.8 210.5 209.6 208.2 203.8 195 195 195 195 195 195 195 195 195 199.3 206 213.3 220.2 224.8 228.8 228.2 224 216.7 214.3 215.2 220.7 220.5 218.5 218.8 221.1 222 226.6 231.3 238.7 241.7 243.9 243.8 236.3 219.2 221.7 225 225.1 228.3 227.3 223.9 221.1 220.3 219.1 216 212.2 205.4 197.5 186.9 177.6 158.7 149.2 157.7 156.1 156 153.9 143.9 136.6 124.2 106.9
257.1 254.7 252.9 248.3 245.3 240.6 235.9 231.9 223.5 219.5 219.2 215.5 213.1 215.8 215.3 213.9 213.3 212.2 211.8 210.7 206.4 196.4 195 195 195 195 195 195 195 200.5 204.4 208.7 218.9 221.6 229.4 228.7 223.3 216.9 214.7 215.2 221.8 226.8 226.2 226.5 231.2 232.8 232.1 237.5 246.7 253 270.4 267.2 256.1 238.9 227.9 232 234 233.4 235.4 233.9 228.2 228.3 223.6 221.3 217.9 211 205.8 199 185.5 161.4 158.8 162.1 161.3 159.3 151.5 145.5 134.1 114.4 120.3
263.5 260.6 256 253.9 247.2 244.1 241.6 233.8 224.5 220.3 219.2 219 213.6 215.3 218.8 215.9 215.4 214.7 213.8 215.8 217.3 216.7 203.9 195 195 195 195 195 195 199.3 207.2 210.5 218.2 224.1 233.4 231.4 227.2 220.9 216.4 219.8 226.2 230.9 233.9 237.7 244.8 245.4 244.7 248.3 254.1 274.9 280.1 283.3 281.6 256.8 243.4 240.5 242.4 244.2 242.7 241.6 238.9 237.6 231.1 228.3 224.4 218.6 212.9 209 192.9 168.5 167.3 164.1 161.4 156.5 149.2 140.3 128.4 122.6 131
268.9 265.8 257.6 252.8 247.3 246.6 240.5 238.7 229 222.5 219.5 219 214.2 215.3 216.8 217.5 218.4 220.3 216.3 215.7 218.3 224.3 214.3 195.8 195 195 195 195 195 201.2 209.2 215 220.7 228.4 235.6 235.8 232.3 225.5 223 229.2 231.4 232.7 237.8 246.1 253 257.7 255.1 258.9 265.3 287.7 290.7 295.8 293.7 278 267.3 260.8 252.9 250.4 250 250.7 247.7 245.1 242.7 234.4 232.3 225.9 217.2 212.1 199.7 176.2 170.5 169.6 162 154.1 144.2 130.4 124 126.5 132.5
267.7 267.2 257.2 254.9 246.8 246 244.8 242.3 239 231.6 223.7 221.6 217.1 216 217.4 220.9 222.7 220.7 218.1 216.4 218.3 219.6 216.6 206 196.5 195 195 195 195 202.7 212.9 219.3 225.1 237.6 241.8 240.9 236 230.1 227.9 235.6 235.3 236.7 244.7 247.9 257.9 266.7 265.2 269.6 282.2 302.4 309.5 309.4 305.6 298.7 284 281.1 276.3 269.1 263.8 261.8 259.9 256.1 249.3 244.6 238.2 234.1 223.8 217.1 206 180.3 168.9 175.1 165.7 150.2 136.2 126.6 124.2 126.5 134.5
267.7 267.6 259.3 257.4 249.7 253.6 253.6 254.3 245.7 239.3 232.4 225.9 222.3 219.3 220.2 222.6 225.5 224.2 220 217.7 219.1 220.5 221.1 215 206.5 195 195 195 195 199.5 223.1 224.1 228.3 240.6 243.4 241 237 232.8 232.7 236.3 236.8 243.5 245 245.3 264.3 275.6 276.6 281.1 306.8 324.3 325.3 322.6 320.9 315.9 310.4 299.9 289.6 285.8 281.5 278 268.5 267.7 262.6 253.3 247.7 237.5 232.3 222.3 211.1 183.3 173.2 180.8 163.3 145.6 128.9 123.9 124.3 126.5 129.9
273.3 276.5 270.9 273.5 268.4 261.5 257.6 256.2 249.8 247.8 241.8 229.3 229.8 226.8 227 226.6 226.1 223.6 222.2 220.6 220.9 222.7 224.8 222.5 215.9 204.6 195 195 195 198.5 216.9 225.6 232.5 239.2 241.2 239 236.6 235.9 236 237 242.5 248.6 245.4 251.4 269.8 279.3 285.4 299.9 330 336.5 336.9 334.3 333.4 329 327.7 321.3 312.2 305.5 300.7 294.1 282.9 278.9 270.6 262.7 253.3 244.1 238.4 226.5 213.9 191.2 180.1 180.7 157.5 138.5 126.6 125.3 128.1 133.4 131.7
