public/OST50/NG76.asc
ncols 200
nrows 200
xllcorner 170000
yllcorner 860000
cellsize 50
[rows 37 to 73 of 200, columns 82 to 163 of 200]
43 48.9 58 64.1 67.8 65.8 67.3 74.5 80.2 87.2 91.9 95.3 99.6 103.5 106.5 109.8 111.9 124.6 129.8 133.4 135.6 136.8 138.6 141.7 144.2 146.6 150.8 154.4 155.5 157 159.8 162.1 164.7 167.5 170.3 173.6 177.3 181.6 184.2 186.7 188.9 190.9 192.9 194.8 196.4 197.6 198.8 199.6 200.1 200.1 199.9 199.6 199.2 198.7 198.2 197.6 196.8 196 195.2 194.5 194.6 194.7 193.5 193.4 193.5 193.3 193 191.7 192.8 193.5 193 185.9 182.6 191.8 189.3 183.6 182.3 181.3 180.3 179.4 177.7 176.2
43 47.5 53.5 60.8 64.5 62.6 64.4 71.2 78.8 86.4 89.4 93.4 97.3 101.8 105.5 107.5 109.8 117.4 124.3 130 134.8 135.7 136.9 140.6 143.8 146.1 147.9 151.7 153.3 155.3 157.4 159.6 162 164.9 167.9 170.9 173.7 177.7 181.7 184.3 187.3 189.4 191.6 194.1 196 197.3 198.6 200.2 201 201.8 201.7 201.4 201.4 200.9 200.5 199.8 198.9 198.2 197.6 197.1 197 197 196.3 195.7 195.8 195.9 195.9 195.2 193.9 194.9 195.8 192.7 184 187.2 189.3 187.4 186.4 184.8 184.4 183.1 181.3 179.4
43.2 49.9 52.9 57.4 62.3 55.4 64.8 70.8 76.2 85.3 84.8 92.3 98.3 98.1 103.7 105.9 107.8 114.6 118.4 124.1 130.5 132.5 133.8 140.4 143.6 145.3 147.3 149 151.6 153.5 155.7 157.5 159.6 162.3 165 167.7 170.8 173.9 178.4 182.4 185.8 188.1 190.7 193.1 195.4 196.6 198.3 200.1 201.6 202.6 203.5 203.3 203.3 203.2 202.7 201.9 201.2 200.7 200 199.6 199.3 199.4 198.9 198.1 197.9 198 198.4 197.7 195.4 195.2 197.1 195.9 190 186.3 189.3 189.7 189.6 189.2 188.4 186.7 184.9 183
44.2 46.9 51.2 53.6 50.1 48.5 56.9 69.6 72.9 75 77.1 88.5 96.9 94.7 99 107.3 106.5 113 117.8 122 124.9 129.1 128.1 136.2 141.7 144.8 146.7 148.1 149.5 151.7 154.3 156.1 158 161 163.7 165.7 168.4 171.4 174.4 178.8 183.5 187.2 189.7 192.1 194.5 196.3 198.1 199.8 201.6 203.1 204.2 205.1 205.3 205.3 204.9 204.2 203.7 203.1 202.6 202.1 201.7 201.8 201.2 200.7 200 200.2 200.7 200.1 197.9 196.8 198.8 199.7 195.6 187.6 190.6 191 191.1 191.1 190.7 190.2 188.6 186.7
40.8 41.7 41.6 41 37.5 44.8 50.4 65.6 67.7 68.7 74.4 82.5 88.8 93.3 98.3 102.8 105.4 110.7 115.6 119.6 121.3 124.7 124.6 131.8 139 142.3 144.6 146.6 148.3 150.1 153 154.8 156.7 159.7 162.8 164.9 167 169.3 172 174.6 179.3 183.8 186.9 190.6 192.9 195.4 197.6 199.4 201.1 202.7 204.2 205.7 206.5 206.9 207.2 206.6 206.1 205.6 205.1 204.7 204.3 204.1 203.6 203.2 202.6 202.2 202.7 202.4 201.3 199.9 199.7 198.2 194.7 191.4 192.4 193.5 192.9 192.8 192.6 191.7 190.8 189.9
29.4 30.3 30.7 30.7 40.9 49.2 52.3 61.9 65.7 69.1 72.8 80.1 86.3 95 94.3 99.4 100 107.5 110.2 112.7 115.1 118.4 121.3 129.2 134.9 139.6 142.2 143.8 146.2 148.7 151.1 153.7 155.6 158.2 161.4 164.1 166.3 168.6 170.9 172.5 175.2 179.5 183.6 187.4 190 193.5 196 198.1 200.6 202.4 204.2 205.8 207.2 208.3 208.6 208.8 208.5 208.1 207.7 207.2 206.8 206.5 206.1 205.9 205.4 205 204.6 204.6 204 203.1 202.2 199.4 198.8 196.6 193.4 196 195.8 195.5 194.7 194.2 193.6 192.6
29.4 30.3 32.1 34.3 42.5 51.5 52 63.5 66.5 73 76 80.5 87.1 89.2 93 93.3 93.5 101.7 109.3 110.4 112.1 115 118.6 127.7 131.3 135.1 139.5 141 142.2 145.5 148.8 151.6 154.1 156.7 159.9 163.1 165.6 167.9 169.7 171.4 174.7 177.9 181.2 184.5 188 191.3 194.4 197.1 199.9 201.7 203.5 205.3 207.3 208.7 209.7 210.4 210.4 210.5 210 209.6 209.2 209.4 209 208.6 208.2 207.8 207.4 206.8 205.8 205.7 203.8 200.7 200.4 201.2 195.9 198.4 200.2 197.5 197.1 197.1 196.2 194.7
29.5 30.4 31.4 34.2 42.5 55.7 54.5 61.4 67.2 70.5 72.6 81.1 87.5 88.8 91.3 92.4 88.7 91.6 103.1 106.4 110.3 114.2 115.4 124.2 128.4 131.8 135.5 138.5 138.2 139.5 144.1 148.9 151.8 154.5 158.3 161.5 164.6 167 168.8 170.8 174.2 177.3 180.5 183.7 186.5 189.7 193.4 196.3 199 201 202.8 204.8 206.8 208.8 210.2 211.3 211.8 212.3 212.3 211.9 211.5 211.7 211.4 210.9 210.5 210 209.6 209.1 208.7 208.4 207 202.5 200.8 202.2 197.1 201.2 204.9 200.1 198.9 200.1 201.2 197.1
29.1 30.2 31.1 32.7 38 47.5 54.4 63.8 67.1 72.6 76.7 83.7 88.3 87.7 85.6 84.5 88.4 90.3 95.4 100.3 107.8 112.9 114.7 120.2 125.8 129.7 133.5 135.1 134.3 136.7 140.4 145.1 149.2 152.2 156 159.5 162.4 165.2 167.6 170.2 173.8 176.6 179.9 183.3 185.9 188.6 192.3 195.4 198.2 200.3 202.2 204.3 206.3 208.3 210.4 212.1 213.2 213.5 214.2 214.2 214 213.7 213.5 213.2 212.7 212.2 211.8 211.3 210.6 209.8 209.6 207 203.5 201.5 201.9 201.8 209.4 207 201.3 200.9 200.9 199.7
29.1 29.4 30.8 33.6 44.6 49.2 53.6 57.8 64.5 76.5 84.6 82.7 87.7 82.8 87.4 90.3 87 89.9 91.6 93.9 103.5 111.9 111.8 116.2 122.6 127.3 130.8 132.9 129.2 132.5 137.8 142.1 144.8 148 151.8 157.1 160.4 164.4 167.8 171 174.4 176.6 179.5 182.9 185.2 187.7 191.2 194.3 197.4 199.7 201.8 203.8 205.8 207.9 210.1 211.9 213.8 214.8 215.4 216.1 216 215.7 215.5 215.3 214.9 214.4 213.9 213.4 213 212.4 212 211.1 209.8 203.1 204.6 200.5 203.7 208.5 207.9 202.7 203.5 203.8
29.2 29.2 30.4 31.9 45 55.1 54.4 57.5 68.7 79.2 86.4 82 86.2 83.8 88.5 91 90.6 87.5 89.8 91.9 97.9 107.1 106 114.1 119.9 123 125.9 126.4 124.5 128.7 135.1 138.1 141 143.3 149.5 155.2 160.2 164 168 170.9 174.3 177.8 180.2 182.7 185 187.3 190.2 193.3 196.3 198.9 201.3 203.2 205.3 207.5 209.7 211.6 213.7 215.9 217.2 217.8 217.8 217.8 217.6 217.3 216.8 216.3 215.7 215.2 215 215 214.6 213.5 213.1 211.7 208.1 207.9 203.7 209.8 214 211.7 205.8 205.8
29.4 29.2 31 32 36.4 50.7 55.9 59.8 69.8 78.5 77.2 78.7 80.2 86.6 89.2 92.8 92.4 93.1 90.2 91.7 92.3 96.3 97.5 110.4 116.3 117.3 117.6 118 118.7 124.1 130.4 134.4 137.4 141.2 146.8 152.1 158.2 163.2 167.1 170.7 174.2 177.8 180.9 183.1 185.2 187.6 190.7 193.3 194.7 196.9 199.4 201.5 203.9 205.7 208.2 211.3 214.1 216.6 218.3 219.5 219.7 219.8 219.6 219.2 218.8 218.2 217.6 217.1 216.9 217.1 216.9 215.9 215.4 214.7 213.9 212.5 210.2 210.8 216.1 216.6 214.3 211.1
29.2 29.9 30.9 32 34.1 40.7 51 65.4 70 70.4 74.2 76.8 84.5 86.3 89.7 91.7 93.4 96.4 95.5 91.4 91.9 92.5 94.6 106.4 113.7 114.8 115.9 116.3 115.5 122 128.3 130.7 133.4 138.9 143 147.6 154.7 160.6 165.5 169.2 173.4 177.6 180.9 183.5 185.5 188.2 191.2 194.6 196.7 198.2 198.3 200 202.2 204 206.2 210.9 213.4 216.3 219.4 220.6 221.3 221.5 221.4 221.2 220.7 220.1 219.5 218.9 218.7 219 219.2 218.6 218.1 217.4 216.3 215.8 214 212.4 213.9 217.7 218.3 218.5
30.5 30.6 32.3 33.1 34.7 45.8 44.2 62.1 66.8 71.7 76.5 79.4 83 83.6 90 92.3 96.9 100.4 101.7 92.3 91.5 92.1 95.4 104.4 111.8 113.7 114.4 115.8 113.2 120.4 125.9 127.6 132.2 137.3 140.8 145.7 151.1 157.4 162.1 167.8 172.5 176.8 180.3 183.2 186 189.2 194.2 198.2 201 203.2 205.7 206.7 207.6 209.3 210.4 212.4 213.1 216.3 220 221.8 222.9 222.9 222.8 222.8 222.7 222.2 221.6 221 220.5 221 221.2 220.7 219.4 219.4 218.9 218.4 217.2 216.2 213.8 216.4 218.6 220.7
33 29.9 30.9 33.7 33.5 33.7 36.4 52.2 62.3 61.5 73.5 83.8 83.5 84 92.1 97.1 101.8 103.7 104.2 104.9 91.4 92.7 94.6 102.8 109.5 111.3 113.4 112.3 111.9 118.3 122.6 126.2 131 135.6 139.8 144.5 149.4 154.3 159.6 162.8 168.7 174.6 179.6 183.7 188.2 194.4 199.3 202.4 205.4 208.3 210.9 211.9 212.8 213.4 214 215.6 216.9 217.9 220.9 223.3 224.1 224.3 224.3 224.3 224.3 224.2 223.8 223.2 222.5 222.3 222.7 222.2 221.5 221.9 221.6 220.5 219.4 217.6 216.4 215.4 217.8 222.5
35.1 31.3 23.8 22.8 29.7 34.7 31.8 44 50.7 56.4 75.8 81.3 82.9 85.4 94.4 101.6 105.6 106.9 106.2 101.3 93 92.7 94.1 101.4 109.4 106.9 106.5 106.6 109.8 115.9 120.8 125.4 128.6 132.9 137.4 141.7 147.3 152.2 156.1 162 171.4 178.1 182.9 187 192 197.6 202.4 205.5 208.1 210.4 213 214 215.8 216.2 216.7 218.3 219.8 220.6 222 223.3 224.7 225.5 225.7 225.9 225.8 225.8 225.7 225.3 224.5 224.4 224.2 223.7 223.1 223.7 223.3 222.5 221.5 219.6 219.1 217.5 218.6 222.2
35.8 30.9 18.9 18 19.2 26.2 28.8 31.7 44.8 55.5 65.4 75.4 82.7 86.6 95 102.9 110.1 112 109.9 103.8 93.8 93.6 94.4 99.9 108.4 100.6 101.9 107.2 109.7 115.5 119.8 124 126.6 133.2 136.6 138.9 143.7 147.4 154.9 164.6 172.3 180.9 186.3 191 195.4 199.7 205.1 207.3 209.5 212 213.6 215.2 217.6 218.6 218.8 220.2 221.8 222.8 223.8 224.2 225.6 226.4 226.6 226.8 227.3 227.2 227.1 227 227 226.2 225.2 225 224.9 225 224.9 224.2 223.4 222.3 222.6 219.4 219 222.7
30.7 21.9 17.6 16.8 16.6 19.3 24.8 31.7 44.6 56.3 64.2 77.5 83.3 89 100 105.2 111.8 115.1 107.2 111.1 97 93.8 94.1 100.5 105.3 107.7 109.2 110.4 113.9 116.8 116.6 119.1 124.4 129.2 128.6 128.4 139.5 148.3 156.9 164.3 172.1 179.2 184.9 191.4 196.9 200.3 205.4 207.9 210.6 212.9 214.3 216 217.8 218.3 219.7 221.9 223.4 224.8 225.5 225.1 226.4 227.2 227.5 227.9 228.3 228.6 228.5 228.5 228.4 228.4 227.3 226.7 226.5 225.4 226.1 225.9 225 223.8 224 222.4 219 223.1
19.6 17 15.3 15 15.7 18.4 21.5 30.3 42.1 55.1 61 75.4 83.7 91.4 101.5 108.4 111.3 110.9 110.7 113.4 101.4 97.2 95.1 96.7 107.3 111.8 112.5 111 114.3 113.1 113.4 116.4 123.6 122.8 123.5 131.9 140.9 148.7 153.9 163.3 170.5 176.6 182.8 188.5 193.2 198.9 204.9 207.9 211.3 214 215.3 216.2 217.3 218.1 219.4 223.2 224.8 226 226.3 226.7 227.2 228.1 228.5 229 229.4 229.9 229.9 229.9 229.8 229.6 229 228.3 228.2 227.7 227.8 227.7 226.6 225.6 225.7 224.4 219.6 223
15.9 14 14.7 15.7 16.9 22.8 22.6 22.1 30.1 44.4 54.9 70.6 83.7 91.6 101 108.8 112.3 111.7 114.2 114.2 108 105.5 95.8 94.5 107.4 112.2 112 111.5 112.3 112.8 111.1 111 112.6 113.5 124.8 136.2 139.9 145.6 150.3 160.3 168.5 174.7 178.1 182.5 188.7 196.2 201.9 205.8 211 214.6 215.9 216.2 217.1 218 218.9 222.5 225.3 225.7 226.2 227.1 227.6 228.8 229.3 229.9 230.4 230.9 231.3 231.1 230.9 230.8 231.1 230.4 230.2 230.3 230.5 229.8 228.6 227.4 227 226.2 222.8 222.2
11.4 12.5 14.5 17 18.6 23 22.1 21.9 23.3 32.1 55.1 68.5 82.6 90.9 101.7 109.1 111.9 112.1 115.7 109.9 109.7 111.9 96 95 108.5 115.1 112.7 112 111.3 109.8 107.3 105.3 106.9 112.2 124.4 131 138.1 142.7 148.6 157.2 164.9 169.5 173.4 177.9 183.8 190.4 196 202.7 209 213.4 215.3 215.3 216.9 217.8 219.3 222.2 225.3 226.4 227.2 227.3 227.8 229.1 229.9 230.4 230.9 231.5 232.2 232.1 231.9 232.2 232.6 232.6 232.4 232.4 232.1 231.5 230.3 229.2 229.1 228.7 227.2 224.8
9.6 12.7 14.7 19.8 23 19.5 19.4 21.1 22.5 24.5 41.9 69.1 77.8 88.4 96.3 104.7 109.8 110.8 112.2 111.1 113.3 113.5 97.5 95.6 105.4 113.6 115.2 114.5 106.4 104.4 104 104.2 106.2 114.1 121 128.3 134.8 141.4 145.4 149.9 156.3 162.5 169.5 174.1 179.4 186.2 192.3 199.7 205.4 209.2 213.3 214.6 216.5 217.5 219.4 222.9 225.6 227.7 228.4 228.9 228.7 229.3 230.5 231.1 231.7 232.3 232.9 233.1 233.3 233.7 234 234.3 234.3 233.9 233.6 233.3 232.1 231.1 231.1 231 230.1 228.2
5.6 8.9 9.4 18.5 27 19 17.4 19.4 22.7 23.7 30.4 50.7 67.2 80.9 86.7 98.4 105.4 113.9 120.1 121.1 122.2 109.9 99.1 96 104.9 115.3 117.4 114.9 102.9 101.5 102.7 105 110 112.9 118.5 125.2 134.6 137.8 142.6 144.3 151.9 155.8 165 170.7 176.3 181.5 187.9 195.2 200.4 205.3 210.2 213.3 215.4 216.5 218.4 222.3 226.3 229.3 230.3 231.1 230.5 230.1 231 231.8 232.4 233 233.6 234.4 234.7 235.1 235.4 235.6 235.6 235.4 235.1 234.8 233.8 233.1 233 233 232.8 231.8
-2.1 -2.1 -2.1 8.7 25 19.1 15.5 17.6 22.7 23.4 23.1 36.1 54 67.3 73.7 87.5 101.5 117.8 126.9 127.1 125.1 110.9 102 96.8 103.4 112.8 115.6 109.6 99.9 102.4 105.3 107.1 112.3 117.5 121.4 123 131.8 129.4 136 139.5 145.8 153.7 158.4 165.5 170.5 177.9 183.8 190.5 196 201.4 207.3 211.6 213.5 214.7 216.8 221.2 226.3 227.6 228.8 232.1 231.4 231.1 231.4 232.3 233.1 233.7 234.8 235.9 236.2 236.4 237 237 236.8 236.6 236.6 236.3 235.6 235.1 235 234.7 234.2 234.5
-2.1 -2.1 -2.1 -2.1 14.3 15 12 16.2 20 21.6 21.7 28.1 38.1 53.8 64.7 75.3 92.6 121.6 129.3 129 119.8 118.5 106.9 95.5 98.4 103.6 100.9 98.5 100.8 102.9 111.7 114.6 117.7 122.6 117.5 122.2 126.4 131.2 131.8 135.7 140.4 149.2 150.9 159.8 163.5 173 179.8 186.1 192.9 197.3 202.7 206.6 208.8 210 212.2 217.5 223.3 221.7 225.1 231.3 231.1 231 231.7 232.5 233.4 234.8 236.4 237.4 237.9 238.4 238.4 238.2 237.9 237.8 237.8 237.8 237.4 237 236.6 236 235.5 235.4
-2.1 -2.1 -2.1 -2.1 -2.1 5.8 4.9 13 17 19.8 19.5 22.2 26.9 38.7 55.9 68.7 84.9 102.9 120 117.3 125.2 125.8 123.4 94.5 94.1 95 95.9 97.6 107.2 112.6 114.9 119.8 121.8 121.8 120.8 121.8 126 130.7 128.5 128.5 133.3 140.2 144.5 151.8 159.1 167.8 174.6 180.6 187.1 192.5 196 199.2 200.3 203.2 206 211.4 215.3 218.2 219.4 226.3 230.5 231 231.8 232.7 233.4 235.5 237.3 238.4 238.9 240.4 239.7 238.9 238.9 239 239 239 239 238.7 238.2 237.7 237.2 237.1
-2.1 -2.1 -2.1 -2.1 -2.1 -2.1 -2.1 -2.1 12.4 17.1 17.6 18.9 22.8 31.1 41.2 61.7 84.5 96.2 105.6 118.8 121.3 126.7 130.8 99 92.9 92.1 95.6 105.4 112.2 119.9 119.5 121.3 122.3 122.8 122.4 121.8 124.9 127 124.1 124.2 125.7 134.2 139.6 147.5 156.9 162.7 169 174.6 179.1 185.7 189.1 189.3 193.3 196.6 198.8 206.3 211.4 216.4 216.1 222.1 227.8 230.9 231.8 232.4 233.1 235.3 237.7 238.7 239.7 240.8 241.8 241 240.3 239.8 240 240.3 240.3 240.6 240.2 239.6 239.1 238.9
-2.1 -2.1 -2.1 -2.1 -2.1 -2.1 -2.1 -2.1 -2.1 9.9 8 15.6 19.3 24.8 31.5 48.1 70.8 89.2 96.5 109.9 115.7 125.4 120.4 101.7 91 92.2 98.7 112.3 116.6 122 126.5 122.8 122.7 123.6 126.7 122 123.5 124 121.3 122.8 123.5 126.9 135.5 144.3 151.9 157.2 163.1 168.1 174.6 178.9 179.7 182.9 184.2 187.6 192.8 201.1 204.9 208.9 213 220.1 227.9 232.5 232 231.6 232.7 234.6 236.5 237.1 238.5 240.9 241.8 243 241.5 240.8 241 241.2 241.1 241.1 241.7 241.5 240.9 240.7
-2.1 -2.1 -2.1 -2.1 -2.1 -2.1 -2.1 -2.1 -2.1 -2.1 -2.1 5.8 15.7 20.6 27 36.3 55.5 80.6 92.1 98.5 103.9 108.5 103.4 97.5 90.4 91.7 103.3 114.4 120.6 123.9 127.5 123.6 123.7 124.5 126.3 123 121.4 120.3 121 122.9 123.2 125.4 132.7 139.8 146.1 151.1 153.8 161.8 169.5 170.2 169.5 173.3 177.2 181.5 187.1 195.2 203.2 206.7 212 219.4 226.4 230.5 228.5 227.7 230.6 231.9 234.6 234.5 235 239.3 242.4 243.9 243.8 243 242.3 242.2 241.9 241.6 242 242.7 242.8 242.4
-2.1 -2.1 -2.1 -2.1 -2.1 -2.1 -2.1 -2.1 -2.1 -2.1 -2.1 -2.1 5.7 14 19.7 28.5 42.4 66.5 82.4 88 91.8 90 91.4 90 90.4 94.8 108.1 117.7 125.5 128.5 128.5 123.6 122.2 122 124.3 118.6 118.8 119.2 121.8 123 123.8 125 130.9 136.6 142.1 147.8 151.4 155.2 159.8 163 164.6 166.5 171.6 179.2 187.8 195 201 205.2 209.9 217.5 224.3 228.1 222.6 220 224.6 227.4 229.4 230.4 231.8 237.2 241.2 243.2 246 246.2 243.8 243.4 242.9 242.6 242.7 243.3 243.9 244.2
-2.1 -2.1 -2.1 -2.1 -2.1 -2.1 -2.1 -2.1 -2.1 -2.1 -2.1 -2.1 -2.1 1.9 13.9 19.6 32.4 55.8 68.7 77.5 83 82.4 82.9 88.5 91.7 98.2 113.5 121.2 130.7 132.7 131.1 125.8 120.9 119.1 117.6 116.2 116.4 118 120.3 123 124 125.3 127.9 132.5 137.7 144.7 145.9 149.8 155 155.5 158.1 168.7 173 177.6 189 196 199.7 205.2 207.9 214.9 220.1 222.5 217.1 217.5 219.8 222.1 225.1 227.3 231.1 235.5 241 244.2 246.5 248.5 245.5 244.3 243.7 243.6 243.7 244.2 244.7 245.3
-2.1 -2.1 -2.1 -2.1 -2.1 -2.1 -2.1 -2.1 -2.1 -2.1 -2.1 -2.1 -2.1 -2.1 -2.1 6.6 18.6 36.3 47.2 57.8 63.8 73.3 78.3 94.1 92.1 100.4 118.8 125.2 133.1 135.7 132.4 127.3 119.8 117.3 114.4 112.4 115.8 112.1 118.3 123.2 128.1 129.1 127.6 127.2 131 136.5 141.5 146.8 148 149.7 156.3 165.3 172.4 176.9 186.7 195.7 200.1 204.9 207.8 211 215.4 216.5 218.9 220.7 224.5 226.2 227.4 227.2 231.2 235.3 239.3 242.3 245.1 246.5 245.5 245 244.6 244.7 244.9 245.4 245.9 246.4
-2.1 -2.1 -2.1 -2.1 -2.1 -2.1 -2.1 -2.1 -2.1 -2.1 -2.1 -2.1 -2.1 -2.1 -2.1 -2.1 -2.1 14.2 39.5 38.2 60.9 71 68 83.4 90.4 100.1 122.4 125.5 131.1 133.6 130.3 127.7 122.5 116.2 111.8 112.4 111.8 112.3 119.1 125.7 128.8 127.9 128.7 125.6 126.9 129.9 137.1 137.1 142.6 149 157.3 163.6 170.5 178 186.2 195.8 201.5 203.1 206.2 208.6 215.3 220.3 222.5 225 226.7 226.7 228.2 230.4 231.4 235.3 237.2 238.8 241.8 244.1 243.7 243.9 245.6 245.9 246.1 246.3 246.6 246.9
-2.1 -2.1 -2.1 -2.1 -2.1 -2.1 -2.1 -2.1 -2.1 -2.1 -2.1 -2.1 -2.1 -2.1 -2.1 -2.1 -2.1 -2.1 10.1 41.9 57.4 61.6 62.9 81.4 87.7 98.6 118.6 123.5 127.7 128.2 127.4 128.2 124.8 119.5 113.3 111.8 111.8 115.3 120.5 127.1 126.8 130.3 130.6 125.4 124.8 126.6 129.1 135.3 141.5 142.2 155 161 168 177.5 185.1 193.5 202 197.1 198.1 206.9 216.3 220.2 222.9 223.9 223.6 225.1 228.3 230.9 232.7 235.7 237.1 236.7 238.9 240.7 242.7 243.4 246.7 246.5 246.5 246.7 247.1 248
-2.1 -2.1 -2.1 -2.1 -2.1 -2.1 -2.1 -2.1 -2.1 -2.1 -2.1 -2.1 -2.1 -2.1 -2.1 -2.1 -2.1 -2.1 -2.1 28 45.4 50.9 56 71.9 78.6 88.5 109.1 119.7 123.2 121 123.9 125 121.3 116.4 111 115.2 118.8 118 120.2 122.9 125.3 129.5 133.2 126.6 124.7 124 126.4 128.1 132.4 137.3 156.9 159.5 166.7 173.3 177.1 183.8 189.8 188 194.8 202.7 211.5 217.7 222.4 224.1 223.8 223.3 223.6 223.5 231.3 235.8 239.4 239.2 237.3 238.8 241 242.4 243.7 246.2 247.2 247.3 248.2 249.5
-2.1 -2.1 -2.1 -2.1 -2.1 -2.1 -2.1 -2.1 -2.1 -2.1 -2.1 -2.1 -2.1 -2.1 -2.1 -2.1 -2.1 -2.1 -2.1 -2.1 28 35.6 46.3 60.4 67.2 75.5 96.2 108 114.3 117.1 119.2 120.1 113.2 107.7 107.5 110.2 116.3 117.6 117.5 119.9 123.1 126.4 126.7 124.4 125 121.1 119.9 123.5 132.3 140.2 157.2 157.1 164.9 168.9 174 181.9 182.7 179.5 186.9 195.7 203.3 209.1 217.2 223.2 224.9 224 224 224 230.8 235.2 240.3 241.2 239 240.7 242.2 242.7 241.8 245.1 246.8 247.2 249.1 251.1
-2.1 -2.1 -2.1 -2.1 -2.1 -2.1 -2.1 -2.1 -2.1 -2.1 -2.1 -2.1 -2.1 -2.1 -2.1 -2.1 -2.1 -2.1 -2.1 -2.1 -2.1 16.9 32.3 50.6 62 69.3 86.3 96.9 101 103.3 106.2 111.7 104.7 101.5 104.4 108.4 114.1 116.6 116 117.6 120.5 121.4 122.5 122.9 123.3 119.4 118.7 122.6 131.6 139.6 145.9 156.6 164.9 171.1 171.6 175 176.4 177.2 185.9 194.5 202.2 207.6 215.6 221 223.6 224 224 224.4 230.7 235.2 240.6 237.7 239 242.9 244.2 243.8 242.8 244.4 245.1 245.9 248.6 251.6
