public/OST50/NG76.asc
ncols 200
nrows 200
xllcorner 170000
yllcorner 860000
cellsize 50
[rows 0 to 36 of 200, columns 82 to 163 of 200]
109.4 111.5 113.6 114.6 115.1 115.8 115.5 115.6 114.5 113.1 112.1 111.2 110.4 110.7 111.2 112.2 113.2 114.1 114.8 115.3 115.8 116.3 114.8 113.6 112.5 111.2 110.1 109.1 107.3 106.2 105.4 103.7 103.1 102.6 102 100.5 97.6 93.3 88.1 81.6 76.5 73.3 70.3 66.4 67.4 77.3 80.6 84 86.7 89.9 91.6 96.8 100.2 104.2 116.3 118.7 124.1 122.2 119 119.8 120.9 122.2 123.8 125.6 127.2 127.7 128.3 129.8 130.5 130.2 129.1 128 127.6 127.5 125.5 123.3 120.5 117 114.1 111.1 108.4 107.1
110 112.8 115.4 117.1 118.1 118.8 118.6 118.7 118.8 117.3 116.1 115.2 114.4 114.1 114.2 114.8 115.7 116.5 116.9 117.3 117.9 118.7 118.6 117.7 116.6 115.5 113.9 112.4 111 110.1 109.1 107.7 107.1 106.5 105.8 104.7 103.2 100.1 94.9 90 85 79.9 75.6 71.5 67.5 72.8 80.6 85.6 89.5 93.2 94 96.4 100.7 103.5 108.2 117.1 120.3 124.2 128.2 125.5 124.9 125.7 127.2 129.3 131.2 132.1 132.4 131.2 131.4 132 132.3 130.2 129.3 129 127.1 125.4 123.1 119.5 116.5 114.8 113.3 112.9
110.4 113.2 116.2 118.4 120.2 121.2 121.7 122.1 122.3 121.3 120.1 119.3 118.6 117.9 117.6 117.7 118.2 118.6 119 119.4 120 120.8 121.3 121 120.3 118.8 117.3 115.7 114.7 113.7 112.7 111.6 110.9 109.8 109.4 108.9 107.4 104.3 101.8 98.3 92.3 86.1 82.1 76.7 71.7 68.1 77.6 84.5 88.6 92.7 95.4 98.6 102.6 105.8 109.6 112.3 118.2 121.9 127.4 133 131.3 129.7 131 133.1 135 136.1 137.4 136 136 135.7 136.3 135.2 134.1 133.5 131.2 129.6 127.8 124.6 122.3 120.6 118.1 118.5
110.5 113.7 116.9 119.5 121.7 123 123.9 124.9 125 124.5 123.8 123.3 122.7 121.9 121.3 121.2 120.8 120.6 121 121.5 122 122.9 123.7 123.7 123.8 121.8 120.5 119.3 118.3 117.3 116.3 115.2 114.2 113.4 112.9 112.4 111.9 110.5 108.7 105.6 98 92.9 89.4 83.1 78.8 73.3 71.9 80.5 86.1 91.2 95.8 100.1 104.4 108.7 111.8 113.8 118 122.3 126.9 131.8 133.4 134.7 137.2 137.6 138.3 139 142.3 142.3 142.5 141.3 140.5 140.2 139 138.1 136.5 134.8 133 132.5 130.2 127.2 123.1 123
110.4 113.7 117.2 120.1 122.7 124.8 125.9 127.1 127.7 127.7 127 126.9 126.4 125.7 125 124.6 124.2 123.8 123.4 124.1 124.6 124.9 125.6 126.4 126.1 125.6 124.1 122.3 121.6 120.6 119.4 118.4 117.2 116.5 116.1 115.6 115.1 115.2 113.8 109.6 101.5 101.3 98.4 91.9 87.7 81.5 79.1 76 81.9 90.1 94.7 99.3 103.6 109.2 112.6 118.3 119.9 122.9 129.6 131.6 135.2 137.4 139.3 141.1 141.4 142.2 144.2 146.4 148.5 149.9 146.1 143.7 143.7 142.9 141.5 140.2 139.2 138.9 137.9 136.6 132.7 128
109.4 113 116.6 120.2 123.3 125.5 127.7 128.9 130.2 130.5 130.3 130.2 130 129.4 128.7 128.2 127.8 127 126.4 126.8 127.1 127.6 127.6 127.9 128.4 127.9 127.1 125.6 124.6 123.4 122.3 121.1 119.7 119.3 119 118.7 118.7 118.5 117.7 114.3 110.5 107.7 101 101.5 93.3 87.9 85 80.5 79.3 83.8 92 96.7 101 106.3 111.8 116.4 119.1 123.7 128.8 132.9 135.7 140.2 143 144 143.2 143.6 145.2 147.8 150.4 154.3 153.2 149.3 147.2 147.4 146.5 145.3 145.3 145.1 145 144.1 143.2 137.7
107.2 112 116 119.6 123.2 125.8 128.2 130.5 131.9 132.7 133.4 133.5 133 132.8 132.4 131.8 130.9 130.1 129.5 129.5 130.1 130.4 130.2 130.1 130.4 130.4 130 128.7 127 125.8 124.6 123.5 122.3 122.1 121.9 122 122.2 121.6 121.5 119.5 117.5 114.6 107.5 108.1 102.5 97.6 91.6 87.8 83.7 83.9 87.2 93.7 98.4 102.5 107.2 111.6 116 120.7 125.4 132.5 136.6 141.9 143.8 144.5 144.5 144.9 146.9 149 150.8 153.6 154.2 159.1 156.1 153.8 153.6 153.5 150.2 149.9 149.7 150.8 151.4 146.7
106 109.8 114.9 118.9 122.4 125.8 128.5 130.8 133.1 134.3 134.9 135.9 135.6 135.4 135.2 134.8 134.1 133.2 132.6 132.6 133.2 133 132.8 132.6 132.7 132.7 132.3 131.8 130 128.9 127.7 126.6 125.5 125.1 124.9 124.9 124.7 124.1 124 123.5 122.2 119.9 110 114.7 110.5 106 100.2 93.7 90.3 88.3 86.9 89 95 99.2 103.3 107.2 112.1 117.3 122.5 129.7 137.2 140.4 142.6 143.6 144.7 146.1 148.4 150.6 151.9 152.9 154.6 157.9 162.3 158.6 159.4 162.1 159.1 156.4 156 156.8 156.7 155.1
106.2 108.7 113.1 117.5 121.2 124.7 128.2 130.5 133 135.3 136.1 137.6 137.8 137.7 137.6 137.4 137.2 136.6 135.9 135.7 135.8 135.6 135.4 135.2 135 135 134.6 134.2 133.2 132.1 131 129.9 128.9 128.2 127.9 126.6 127.2 126.9 126.4 126.1 125.7 123.5 116.2 119.9 117.3 112.9 106.9 100.8 95.4 92.1 90.3 88.2 92.5 96.2 100.5 104.9 108.9 114.1 118.3 123.4 132.5 136.8 140.1 141.8 143.1 145.1 147.9 150.9 152.5 153.6 154.7 156.8 158.4 160.6 165.9 163.4 162.4 160.1 160.5 160.8 162 159.9
105.2 108.1 110.9 115 119.6 123.2 127.1 130.3 133 135.5 137.3 138.2 139.1 139.6 139.6 139.4 139.5 139.2 138.9 138.6 138.4 138.2 138 137.8 137.6 137.3 136.9 136.5 136.1 135.3 134.3 133.2 132.2 131.1 130.1 129.8 130 129.5 129.3 129.2 129 127.7 124.7 125.2 124.4 119.7 114 107.9 101.7 96.2 94.6 91.9 91.4 94.7 98.1 102.7 106.6 110.4 114.4 119.3 126.1 132.1 135.5 138.1 141 143.3 147.2 149.7 152 153.8 155.1 157.8 159.3 160.3 165.4 166.3 165.4 163.8 163.7 163.7 164.7 163.2
103.7 106.6 109.6 112.8 116.8 121.3 125.1 128.9 132.4 135.3 137.5 138.6 139.7 140.9 141.6 141.6 141.7 141.7 141.3 141.2 141 140.8 140.6 140.4 140.2 139.9 139.7 139.3 139 138.8 137.6 136.4 135.2 134.2 133.1 133.1 132.6 132.2 132.1 132 131.9 131.5 130.9 130.2 128.5 125.5 121.2 116 110.6 105.7 97.8 95.5 91.6 93.4 96.9 99.5 103.3 108 111.7 116.6 121.6 126.8 131.3 135 138.5 142 145.4 148.7 151.3 152.7 155.2 158.6 159 160.9 163.2 166.7 166.6 167 166.2 166.6 167.2 166.3
101.1 104.9 108.3 111.5 114.8 118.2 122.3 126 130.7 134.3 137.2 139.2 140.5 141.9 142.6 143.4 143.7 143.9 143.9 143.8 143.6 143.4 143.2 143 142.7 142.4 142.2 142 141.8 141.4 140.8 139.6 138.3 137.1 136.3 135.9 135.3 134.9 134.9 134.9 134.8 134.4 134.1 133.7 132.2 130.9 128.3 124.2 118.4 112 105.5 98.8 97 95.9 95.7 98.5 100.2 102.7 108.9 114.1 119.2 124.6 128.3 132 135.2 139.3 146.4 146.9 149.7 151 153.9 156.1 158.3 160.7 162.4 166.1 167.7 168.9 168.9 168.7 168.9 168.9
98.8 102 105.7 109.6 113.5 116.8 120.1 123.6 128.1 132.2 135.3 138.5 140.6 142.4 143.6 144.4 145.1 145.3 145.7 145.9 145.9 145.9 145.8 145.5 145.2 144.9 144.8 144.6 144.4 143.9 143.4 142.8 141.8 140.7 138.8 138.8 138.2 137.4 137.5 137.7 137.6 137.3 137.1 136.8 135.9 135.3 133.4 130.5 125.1 120.7 114.8 107.6 102.5 99.8 98.6 99 99.7 100.1 104.2 111.5 117.8 121.1 124.9 128.4 133 136.5 143.7 145 148 149.4 152.1 154.7 157.1 159.5 161.9 164.7 166.7 168.9 169.5 169.1 169 169
97.9 99.3 102.9 106.8 110.7 114.8 118.3 122.4 125.8 130.2 133.3 136.4 139.6 142.2 143.9 145.2 146 146.8 147.2 147.6 147.8 147.8 148 148 147.7 147.4 147.3 147.1 146.9 146.6 146.1 145.7 144.8 143.3 141.9 141.9 141 140.1 140.3 140.4 140.2 140.2 140 139.7 139.3 138.7 137.4 134.9 130.6 127.5 122.8 116 110.2 105.7 102.4 101.2 102.6 104.1 102.8 106.6 113.3 118.4 121.5 125.8 129.1 133.9 137.3 141.8 145.6 147.7 150.3 152.5 155.3 158.9 161.5 164.9 167 168.6 168.9 169.2 169.2 169
98.9 100 101.4 103.9 108 112.2 115.9 119.3 123.5 127.6 131.6 135 138.1 141 143.6 145 146.5 147.5 148.5 149 149.5 149.8 149.9 150.1 150.2 149.9 149.8 149.7 149.5 149.2 148.8 148.4 147.7 146.4 145.2 144.6 143.7 143.1 143.1 142.9 142.6 142.6 142.6 142.4 142.2 141.9 141.1 140.2 137.2 134.2 130.8 123.6 120 115.7 110.7 105.9 104.6 106.6 106.3 106.1 108.7 112.3 118.1 121.3 125.4 128.6 132.6 137.6 142.6 145.3 147.6 150.3 153.2 157.3 161.4 166 168.1 168.3 168.8 169.3 169.4 169
96.3 99.1 100.9 102.4 105.2 109.6 113 116.3 120.5 125 129.5 133.3 136.4 139.4 142.3 144.6 146.4 147.9 148.9 149.9 150.6 151.1 151.4 151.7 152 152.5 152.4 152.3 152.1 151.7 151.4 151.1 150.6 149.5 148.4 147.4 146.5 145.8 145.6 145.3 145.1 145 145.1 145.1 144.9 144.8 144.1 144 142.6 140.2 137.6 132.2 128.7 122.9 119.1 114.7 108.7 110.9 112.2 110.1 110.1 112.2 114.6 117.4 121.9 124.8 130.3 133.6 138.5 142.2 145.3 148.3 151.2 154.6 158.6 164 166.5 167.7 168.3 168.9 169.4 169
92 95.4 98.9 101.4 103.6 106.9 109.6 113 117.7 122.6 126.9 130.9 134.2 137.4 140.5 143.2 145.1 147.3 149.2 150.3 151.5 152.2 152.5 152.9 153.7 154.5 154.6 154.5 154.6 154.3 154 153.7 153.3 152.4 151.3 150.3 149.8 149.1 148.3 147.8 147.6 147.4 147.1 147.4 147.5 147.4 147.1 146.9 146.3 144.4 143.1 139.7 136.4 131.1 126.2 122.5 115.1 112.8 115.7 113.8 114.1 112.8 116.5 117.7 120.1 122.4 126.5 130.2 135.1 139.1 142.8 146.1 149.7 153.4 157.4 162.3 165 167.1 167.7 168.7 168.8 169.1
92 93.3 95.3 99.4 102.5 105 107.1 110.3 114.4 119.3 123.9 127.8 131.3 135.3 138.5 141.6 144.2 146.5 148.6 150.3 151.7 153 154 154.7 155.7 156.1 156.2 156.8 156.8 156.9 156.6 156.4 156 155.2 154.2 153.6 153.2 152.4 151.6 150.8 150.3 149.8 149.4 149.6 149.7 149.8 149.9 149.6 149.1 148.5 147.7 146.2 143.9 139.1 135.5 130.5 124.9 118.1 118.2 118.8 119.2 118.3 117.3 118.7 120.2 121.6 124.1 127.3 130.9 135.4 139.8 144.4 147.8 151.7 157.2 162.2 163.8 166.3 167.7 167.1 167.7 169.6
93 93.2 94 96.3 99.9 103.5 106.1 108.2 111.5 116.4 120.9 124.7 128.3 132.3 136.3 139.7 142.6 145.4 147.9 149.9 151.4 152.9 154.2 155.9 157.1 157.7 158.3 158.9 159.1 159.3 159.2 159 158.7 157.9 157.1 156.8 156.4 155.6 154.8 154.1 153.3 152.1 151.6 151.9 152.1 152.2 152 152.1 151.8 151.1 150.7 150.3 148.3 146.2 143.5 139.5 129.7 124.5 122.1 122.6 123 123.1 122.1 125.2 123.8 122.5 123.5 126.7 129.2 132.2 136.5 142.6 146.5 149.3 152.4 158.7 162.5 165.3 168.5 166.2 166.4 169.5
92 92.4 93.1 96.3 98.7 101.6 104.4 107.6 110.3 114.1 117.6 121.6 124.7 128.9 134.3 137.8 140.8 143.9 146.6 149.2 151.2 152.7 154.1 156 157.8 158.9 160 160.9 161.4 161.6 161.8 161.6 161.4 160.6 159.9 159.4 159 158.3 157.5 156.8 155.8 154.8 154.2 154.3 154.5 154.3 154.1 154.2 153.7 153.4 153 152.9 151.3 150.2 149.7 146.9 137 130.4 127.8 126.8 127.2 127.6 127.3 128.4 128.8 126.7 125 125.6 128.1 131.3 134.4 139.3 142.5 145.4 148.7 153.8 158.6 165.1 168.5 168 166.4 169.1
88.8 89.1 91.1 95.3 97.8 99.6 102.2 106.1 109.2 111.9 114.5 117.8 121.3 125.1 130 134.5 139 142.3 145.3 148 150.7 152.6 154 156 158.1 159.7 160.8 161.9 163.1 163.3 163.6 163.8 163.7 163.4 162.7 162.1 161.6 161 160.2 159.6 158.7 157.1 156.7 156.8 156.8 156.5 156.2 156 155.7 155.5 155.1 155.7 154.7 154.1 153.5 151.6 146.7 136.9 137.2 131.8 134.7 133 130.2 131 131.3 130.1 126.7 128.9 128.2 129.7 132.5 136.3 139.6 142.5 146.5 151.2 154.4 160.8 166.8 167.3 166.2 168
86.6 88.2 90.4 94.6 97.4 99.2 101.6 105.5 108.7 110.9 113 115.7 119.2 123.2 127.7 131.9 136.7 140 144 147 149.5 152.1 154.1 156.1 158.2 160.2 161.8 163.1 164.2 164.8 165.5 165.9 166 165.9 165.5 164.9 164.3 163.7 163.1 162.4 161.5 160.4 159.3 159.2 159 158.6 158.3 158 157.8 157.6 157.5 157.9 157.5 156.9 156.3 155.2 153.9 145.5 143.7 140 138.8 140.2 135.5 135.5 136.1 133.1 130.8 133.1 131.3 131 130.8 133.4 137 140.8 145.5 150.2 153.9 157.5 167.8 172.8 166.2 166.4
88.3 89.5 90.5 92.6 95.8 99.8 101.9 105.1 107.8 109.9 112 114.3 117.6 121.2 125.4 129.6 133.5 137.7 142.3 145.7 148.7 151.2 153.9 156.3 158.4 160.4 162.4 163.9 165.2 166.5 167.3 168 168.2 168.2 168 167.8 167.4 166.5 165.6 164.7 163.9 163.2 162.4 161.7 161.6 161.2 160.7 160.4 160.2 160.1 159.7 159.8 159.7 159.1 158.5 158.1 157.6 153.4 147.9 148.3 145.1 146.3 144.6 139.9 141.1 136 132.2 134.7 132.5 133.7 133 131.8 134.6 139.2 144.6 149.5 154.4 158.7 161.5 169.6 168.9 168.3
86.1 90.4 91 91.6 93.5 97.5 101.9 104.8 106.9 108.8 111.1 113.4 116.3 119.7 123.1 127.3 131.3 135.3 140.3 144.2 147.5 150.5 153.2 155.8 158.5 160.6 162.6 164.6 166 167.3 168.7 169.8 170.1 170.4 170.3 170.2 170 169.4 168.5 167.7 167 166.3 165.6 164.8 164.1 163.8 163.4 163 162.7 162.5 162.2 161.8 161.9 161.3 160.8 160.6 160.2 157.3 150.6 153.7 151.8 148.9 150.6 148.7 143.3 139.9 137.2 136.3 135.1 134.9 135.7 134.7 133.6 137.4 142.7 147.2 155.6 157.5 158 161.3 168.7 168.6
81.4 84.8 88.6 90 92.4 95.9 99.8 103.4 105.9 107.8 110.3 113 115.6 118.7 121.8 125.1 129.1 132.9 137.5 142 146.1 149.4 152.5 155.1 157.8 160.6 162.8 164.8 166.7 168 169.4 170.7 171.9 172.3 172.4 172.4 172.5 172.3 171.5 170.9 170.2 169.4 168.7 168 167.2 166.5 166.1 165.7 165.3 165 164.6 164.2 164 163.6 163.4 163.1 161.8 156 157 159.2 160.5 154.2 157.5 154.8 147 146.4 142.3 140 141.3 136.5 137.1 137.7 137.1 136.2 140.2 145 149 154.2 156.5 159.6 165.1 165.7
78.2 82.3 85 87.1 91.4 94.5 97.1 101.5 104.5 107.8 110.6 112.9 115.5 118.1 121 124.1 127.5 131.5 136.2 140.9 144.3 147.8 151.6 154.6 157.3 160.1 163 164.9 166.8 168.6 169.9 171.3 172.9 174 174.2 174.2 174.3 174.6 174.6 174.1 173.5 172.7 172 171.3 170.5 169.6 168.8 168.1 167.7 167.3 166.9 166.6 166.4 166.2 166 165.5 163.4 159.2 162 161.7 165 160.1 165 161.1 151.3 153.4 149.4 144.9 142.8 139.8 140.6 140.8 141.1 139.1 140 144.2 147.9 151.7 157.9 158.1 159.2 161.4
79 83.4 85.5 88.6 91.7 94.4 97 99.3 103 107.3 110.6 112.9 115.3 117.6 120.2 123.4 126.7 130.1 134.5 139.1 142.6 146.6 150.7 154 156.7 159.6 162.7 165 166.9 168.8 170.5 171.9 173.5 175.1 175.9 176.3 176.7 177 176.9 176.7 176.5 176.1 175.2 174.3 173.5 172.6 171.7 171 170.3 169.7 169.5 169.3 169.1 168.7 167.9 167.6 164 163.7 165 165.9 167 166.3 168.8 167.6 156.2 161.4 157.7 151.7 146.9 144.3 141 142.8 145.1 143 142.3 141.4 143.7 146.5 152.5 155.6 157 159.4
78.1 83.4 86.4 88.6 91.6 94.2 96.7 98.8 101.1 105.1 108.7 112.2 115.1 117.8 119.9 122.6 125.9 129.1 132.8 137 140.7 144.9 149.6 153 156.2 159.3 162.5 165.1 167 168.9 170.7 172.5 174.2 175.9 177.5 178.5 179.1 179.4 179.2 179.2 179.2 178.8 178.1 177.3 176.4 175.5 174.6 173.9 173.2 172.5 172.1 171.9 171.7 171.1 170.2 169.8 169.8 165.1 166.9 168 169 169.1 170.7 168.7 161.3 165.3 164.1 157.7 153.1 152.8 146.1 145.7 146.3 145.7 145.5 145 144.7 146.4 147.1 150.4 155.1 157.8
76.4 83.3 85.4 88.2 90 93.7 96.3 98.2 100.4 102.5 106 110.4 113.8 116.8 119.7 121.8 125.1 128.3 131.5 135.5 138.7 143.2 148.3 151.6 155.7 159.4 162.4 165.1 167.1 169 170.8 172.6 174.8 176.7 178.4 179.8 180.8 181.7 182 182 182.1 181.4 180.9 180.2 179.3 178.4 177.6 176.9 176.2 175.5 174.8 174.5 174.3 173.5 172.5 172.2 172.1 172.4 168.3 169.4 170.7 171.8 170.7 173.4 162.9 166.5 169.1 165.9 159 160.4 152.1 148.9 150.3 148.2 148 147.5 147.6 149.8 150 149.7 153.7 156.6
68.5 77.7 83.5 86.3 88.6 93.1 96.2 98.5 100.7 101.8 103.8 107.4 111.4 115.5 118.4 121.3 124.2 127.4 130.4 133.7 137.3 140.9 146.2 150.3 154.8 159 162.2 164.9 167.1 168.9 170.7 172.5 174.8 177 178.9 180.3 182.1 183.2 183.9 184.3 184.7 184.3 183.8 183.2 182.3 181.5 180.7 179.8 179.1 178.4 177.7 177.1 176.9 175.9 175.2 175.2 175 175.1 173.2 170.9 172.1 173.2 170.8 174.5 174 166.9 172.8 172.1 163.2 167 158.3 156 154.2 151.8 152.2 151.3 151.4 150.7 152.2 152.5 152.5 154.5
69.2 76.8 81.7 85 88.9 94.2 96.9 99.2 100.3 101.6 102.8 105.8 109.2 112.9 116.2 119 121.2 125.4 128.9 132.1 135.8 139.6 144.2 149.1 153.9 158 161.9 164.3 166.8 168.9 170.5 172.3 174.7 177 179.1 180.8 182.6 184.3 185.8 186.3 186.8 187.1 186.7 186.1 185.3 184.5 183.7 182.9 182 181.3 180.6 179.9 179.3 178.6 178.3 178.4 178 177.3 176.3 173.4 173.5 174.6 173.9 174.8 177.2 169.1 173.4 173.1 170.4 168 163.9 162.4 159.6 158.3 156.3 154.7 154.4 152.6 153.7 154.5 154.5 155.2
70.6 77.1 81.2 83.6 88.9 93.9 96.8 99.7 101.4 102.8 103.7 106.1 108.8 112.9 116.5 119.7 122.5 123.9 127.4 131.1 134.9 138.8 142.9 147.7 152.5 156.9 160.3 163 165.9 168.4 170.4 172.2 174.5 176.8 179.1 181.2 183 184.7 186.4 187.6 188.5 189 189.4 188.8 187.9 187.2 186.6 185.9 185 184.3 183.6 182.9 182.2 181.4 181.2 181.3 180.4 179.4 179.2 179.3 176.5 175.5 174.4 177 178.7 175.8 174 176.1 175.1 168.9 168.1 168.8 164.4 162.8 161.1 159.5 159.3 158.2 157.6 156.4 157 158.2
69.9 77.9 79.8 81.2 87.5 92.4 95 99 102 103.3 104.3 105.7 108.4 112.4 116.4 119.7 122.8 125.3 128 130.4 133.7 137.7 141.6 146.3 151.1 155.5 158.7 161.6 164.5 167.1 169.3 171.8 174.3 176.6 178.9 181.1 183.3 185.1 186.8 188.2 189.5 190.3 191.3 191.1 190.4 189.6 189.3 188.8 188 187.3 186.6 185.9 185.2 184.5 184 184.1 183.1 182.1 182.3 182.6 182.4 182.1 177.8 175.5 180.2 180.9 180.3 181.7 180.7 173.8 171.4 171.7 168.3 167.6 166.1 164.6 162.7 162 160.5 159.4 159.4 160.7
66 73.5 76.3 77 82.8 85.1 92.8 97.7 101.1 103.2 104.3 105.7 106.9 110.6 116.4 119.9 122.7 126.5 128.8 130.7 132.7 136.5 140.4 145 149.6 153.7 157.4 160.1 162.9 165 167.2 169.8 172.9 175.8 178.3 180.9 183.1 185.3 187 188.8 190.3 191.5 192.4 193.1 192.8 192.1 192 191.5 191 190.3 189.6 188.9 188.2 187.6 187.1 186.8 185.9 184.9 184.8 185.2 185 184.9 181.9 176.2 180.2 182.8 183.2 184.4 184.9 178.4 175 174.9 171.8 171.5 170.5 169.6 168.1 166.8 165 163.2 161.9 162.8
60.7 72.7 74.7 77.3 77.5 79.2 87.9 95.7 99.3 100.3 102.6 104.8 106 108.6 115.6 119.8 122.6 126.9 129.5 131.3 133 135.7 139.3 143.4 147.8 151.8 155.7 158.8 160.9 163 165.1 167.9 170.9 174 177 179.9 182.6 185.1 186.9 188.7 190.5 191.9 193.1 193.9 194.7 194.7 194.6 194.1 193.6 193.2 192.6 191.9 191.2 190.7 190.1 189.6 188.7 187.8 187.1 187 186.9 187 186.5 182.5 178.8 181.3 184.5 186.6 187.4 180.5 176.7 180.2 176.5 174.9 174.5 173.6 172.7 171.4 169.4 168 166.7 164.9
59.2 69.1 74.6 78.3 74.1 73.6 83.1 89.4 93.8 94.2 100.6 103.7 104.6 107.2 112 119.1 120.9 127.8 130.7 132.5 134.1 135.5 138.2 141.6 146 150.1 154.7 157.4 159 160.9 163.1 165.9 169 172.1 174.9 178.4 181.8 184.3 186.3 188.1 190 191.9 193.5 194.6 195.4 196.3 196.6 196.2 196 195.9 195.6 194.8 193.9 193.4 192.9 192.3 191.5 190.5 189.7 189.5 189.4 189.4 189.6 188.2 184.4 181.5 184.8 188.6 189.9 187.7 183.3 178.7 178.9 178.7 177.4 176.3 175.4 175.4 174.4 172.3 170.7 168.7
53.8 64.4 68.4 70.8 69.8 68.6 73.4 77.8 85.2 89.2 95.6 101.3 103.1 106.2 110.8 114.4 116.5 127.1 131.7 133.7 135.1 136.5 138.3 141.7 144.9 149.1 153.3 156.2 157.2 158.8 161.2 164.2 167.2 170 172.9 175.9 180 183.2 185.5 187.6 189.4 191.4 193.3 195 196.3 197.4 198 198.5 198.4 198.3 198.1 197.4 196.5 196.1 195.6 195 194.2 193.3 192.5 192 192 192 191.9 191.6 188.9 188 187.5 189.5 191.6 191.8 190.2 180.1 182.8 186.8 181.5 179.7 178.8 178.2 177 175.7 174 172.7
