public/OST50/NG77.asc
ncols 200
nrows 200
xllcorner 170000
yllcorner 870000
cellsize 50
[rows 148 to 184 of 200, columns 85 to 169 of 200]
-2.1 -2.1 2.6 7.6 6 14 7.1 8.9 13.7 15.8 15.2 17.1 18.1 18.2 18.2 18.3 18.9 19.5 19.5 19.4 19.4 19.7 19.4 19.2 19.1 19 19.1 20.3 20.9 21.9 23 23.4 24.3 25.6 25.7 25.7 25.5 26.1 27.3 27.9 28.8 26.6 33.6 30.9 32.9 36.2 38 42.3 47.3 51.2 56.4 65.4 73.6 80.8 83.1 79.8 81.4 87.4 94.5 102 102.5 91.7 86.5 84.2 86.6 91.5 94.5 97.6 92.1 92.1 90.3 90.1 88.2 86.2 78.2 71.5 73 67 62.1 57.4 43.9 31.7 29.2 29.3 35.6
-2.1 0 2.3 8.7 13.2 16.3 15.1 11.1 14.2 16.5 17.1 17.6 18 18.2 18.6 18.8 19.1 19.7 19.7 19.8 20.1 20.1 20 19.5 19.4 19.9 20.4 21.7 21.8 21.8 22.9 23.8 24.9 25.9 26.6 26.5 26.2 26.7 27.9 29.7 35.2 34.1 29.8 32.5 33.3 36.8 38.5 40.1 46.8 51.6 55.9 61.8 69.9 76.2 80.4 80.2 79.8 86.2 95.2 105.5 104.8 94 87.8 83 84.9 89.9 91.1 93.4 93.4 92 88.7 92.6 89.2 80.5 72.3 66.2 66 62.4 58.2 50.9 47 36.3 30 30.1 33.1
-2.1 0.1 2 9.1 14.3 16.3 15.4 13.1 14.8 17.1 17.7 18.2 18.5 18.4 18.8 19.2 19.4 19.8 20.2 20.5 20.9 21 21 20.8 21.6 22.7 22.8 22.7 22.6 22.6 23 24.2 25 26.1 26.9 27.1 27 27.4 29.4 35.4 38.2 40.8 36.5 40.8 34.6 38.2 40.5 40.5 44 50.9 56.9 60.3 66.6 71.9 77.6 79.5 80.2 80.4 93.5 103.8 101 91.4 86.7 82 82.5 83.2 87.3 90.4 89 87.1 87.1 87.3 83.1 75.5 68.8 64.4 61.2 56.7 52.9 48.9 44.1 37.6 33.4 31.3 32.8
-2.1 0.1 2 8.2 16.1 16.1 15.7 15.1 15.5 18.3 18.7 19.1 19.2 19.1 19.3 19.6 19.9 21.1 21.7 21.9 22.2 22.2 22.4 23.2 24.3 25.3 26.1 23.7 23.6 23.6 23.7 24.6 25.4 27 27.3 27.4 28.4 30.2 31.4 33.9 36.5 37.6 41.4 46.8 41.7 36.9 41.1 41.8 43.1 50.1 56.8 59.2 61.5 66.7 72.5 76.1 80.7 75.6 84.3 90.4 89.6 89.9 86.3 80.2 80.1 80.9 81.8 81.8 82 81.6 81.3 77.3 73.4 70.5 66.5 64.3 61.5 57.3 53.1 47.3 42.5 38.8 36.3 36.7 31.6
-2.1 0.4 2.3 8.1 16.5 17.4 16.3 15.9 16.9 19.2 19.8 20.2 19.7 20.2 20.3 21.6 22.1 23 23.5 23.6 23.6 23.9 24.9 25.9 26.5 27.3 29 28.9 25.3 25.4 25.9 27.1 29.2 29.8 30.4 32.5 33.2 32.5 32.5 34.9 37.1 38.4 44.1 48.3 45.8 39.1 40.4 43.5 45 50.5 55.7 57.1 59 64.4 68.3 73.6 78.8 75 75.6 79.5 85.4 88.6 80.7 72.6 72.4 71.8 69.5 73.3 73.8 72.8 71.8 69.8 69.6 67.5 66.7 66.5 64 57.3 51.8 48 44.4 40.5 41.1 41.1 32.4
-2.1 0.9 4.1 9.8 15.1 17.4 16.4 16.1 18.3 20.1 21 21 20.4 22.9 23.6 26.2 26.5 26.2 28.5 29.5 29.1 27.5 27 27.9 28.7 30 33.6 37.9 34.9 33.9 33.5 36.3 39 38.7 36.9 39.1 40.8 37.6 33.4 37.2 39 41.9 44.7 48.5 47.4 42.5 43.3 46.7 48.5 53.1 56.4 55.7 57.8 64.7 68.1 62.5 68.9 68.2 65.6 68 71 72.6 67.9 63.3 63.5 60.6 60.4 63.9 63.9 64.8 66.9 69.3 69.8 68.8 69.2 69.5 66.8 58 52.3 48.2 44.6 41.7 41.4 43 37
1.3 2.5 5.9 13.4 15.7 16.4 16.6 17.9 20 21.5 22.1 22.4 22.3 28.2 31.9 37.8 33.4 33.2 36.2 39.5 38.9 34.9 31.8 30.9 33.3 36.2 45.7 51.8 51.2 51 44.8 46.6 50.5 48.3 43.9 44.5 46.4 43.3 42.2 36.7 42.6 47.3 46.6 47.3 47.3 44.1 45.5 47.6 48.4 49 50.7 53.4 58 63 62.8 52.8 55.7 57.8 58.5 58 60 61.3 57.2 55.4 53.5 52.2 52.1 54.9 59.2 62.5 66.5 70.6 71.5 69.8 69.5 69.8 67.7 57.3 52.7 51.6 53.1 43.3 43.6 48 41.7
2.5 6.5 9.9 15.2 16.3 18.5 19.4 20.7 21.8 23.2 28.3 24.9 24.9 31.1 43.7 47.4 42 42.5 47.1 48.8 48 43.6 41.2 42.1 43.5 44.9 42.8 47.1 55.4 62.3 59.4 56.1 55.1 54.1 52.7 50.1 51.1 50.6 49 37.4 46.7 49.2 47.5 47.7 47.7 47 45.6 47.4 48.5 49.2 48.6 49.7 53.2 57.3 55.3 48.7 47.2 48.9 49.9 45.3 44.5 50.6 49.1 47.4 45.2 44.5 47.5 53 57.3 64.7 73.7 76.6 76.9 74.9 70.4 65.4 60.6 56.7 54.2 55.3 55.1 46.2 49.1 47.4 49.1
3 8.6 16 18.4 19.1 20.8 23.3 24.1 31.4 32.8 40.8 34.7 35 31.4 39.8 44.7 48.9 50.3 52.5 55.7 56.3 53.8 51.4 50.9 50.3 52.9 53.2 48.6 55.6 60.6 63.6 64.8 64.9 66.3 67.3 58 56.3 56.3 56.8 45.7 49.5 50.8 49.3 49.7 49.1 50.2 47.8 47.7 48.2 49.3 48.7 46.1 46.1 49.7 48.9 47.4 44.5 44.5 44.5 44.5 44.5 44.5 44.5 44.5 44.5 44.5 46.9 52.8 60.1 72.6 79.6 80.1 79 78.7 71.7 63.5 61.2 60.9 59.4 59.3 60.1 51.5 52.6 51.3 51.9
6.3 14.3 18.6 21.1 21.7 22.4 31.1 34.5 36.8 40.8 43.9 40.9 39.6 34.5 40 43.8 46.8 49.4 54 60.5 66.7 66.2 61.3 62.7 62.7 61.5 57.3 54 56.6 63.2 64.5 66.9 68.3 70 74.5 68.7 63.3 61.8 62.6 52.5 44.3 50.8 51 50.7 50.5 52.6 46.8 49.6 46.1 46.1 46.1 46.1 48.5 49.3 49.1 48.4 49.4 44.5 44.5 44.5 44.5 44.5 44.5 44.5 44.5 44.5 48.4 56.1 69.3 78.7 84.6 87.1 85.4 82.7 71.1 64 61.4 62.9 64.1 64.4 61.8 58 58.5 56.3 54.2
10.2 17 20.2 21.8 22.6 23.3 32.3 40.4 40.2 40.3 43.2 44.3 43.2 39.4 41.3 47.7 48 49.3 51.9 56.4 59.5 61.3 61.2 61.9 61.2 63.8 60.6 61.3 55.9 60.6 63.6 67.8 69 71.8 74.3 74.1 70.5 72 67.7 60 41.4 51.5 51.2 51 52 53.2 50.3 46.4 46.1 46.1 46.1 47.7 52.5 52.7 51.4 49.5 49.6 44.5 44.5 44.5 44.5 44.5 44.5 44.5 44.5 44.5 53.3 63.5 71.5 78.1 83.7 91 91.4 83.7 71 64 65.1 67.4 66.9 66.7 67.6 63.9 62.9 61.1 54.4
16.7 19.3 20.8 22.6 23.5 23.9 35.6 43.6 42.3 40.8 45 44.9 46.2 45 43.4 47.8 48.3 49.3 58.7 61.3 60.8 62.8 61.2 62.3 61.2 61.2 61 61.8 59.8 60.7 63.7 65.8 71 74.1 76.1 76.5 75.7 75.9 71.5 64.5 49.4 51.5 51.4 51.6 52.5 52.8 50.1 46.1 46.1 46.1 48.3 50.5 54 53.8 50.8 48.7 44.5 44.5 44.5 44.5 44.5 44.5 44.5 44.5 44.5 44.5 54.2 62.6 71.3 77.4 83.7 91.4 87.5 78.7 69.3 64.5 68 71.7 73.2 74.4 74.9 71.1 66.8 61.6 57.8
19.4 20.6 21.8 23.4 25.5 24.3 35.3 47.1 52.1 44.4 49.6 48.5 47.1 48.7 47 48.7 48.8 52.6 64.4 67.1 64 62.7 61.2 61.2 63 61.2 60.7 63.1 64 61.6 62.9 65.4 72 74.3 77 76.8 76.2 73.9 72.8 69.3 59.1 49.2 51.2 51 53.2 52.4 49.4 46.1 46.1 46.1 49.6 51.4 54.1 50.7 45.3 44.5 44.5 44.5 44.5 44.5 44.5 44.5 44.5 44.5 44.5 45 51.8 60.6 71 75.5 81 84.3 77.9 72.8 66.9 65.9 71.5 76 77 77.6 77.7 76.7 69.2 63.3 68.3
20.4 21.1 22.1 25.2 26.6 25 36.2 49.8 55.5 50.7 49.7 49.4 50.7 50 48.8 49.5 49.6 55.9 65.7 70.7 66.6 61.2 61.2 61.2 63.7 61.2 61.7 63.9 64.7 62.8 62.7 65.2 71.8 74 76.3 78.5 76 73.6 71 67.2 59.5 49.6 49.5 51.1 51.2 51.4 50.2 46.1 46.1 47.6 50.2 51.3 51.5 46.6 44.5 44.5 44.5 44.5 44.5 44.5 44.5 44.5 44.5 44.5 44.5 44.5 51.3 60.8 69 73.3 77.4 77.4 73.5 69.5 68.6 68.6 76.8 85.3 78.3 78 78.4 79.3 72.4 78.1 81.4
20.6 21.2 21.8 23 26.8 25.9 37.6 49.3 56.4 54.5 51.4 51.9 54.1 55.1 51.1 49.8 49.9 57.9 64.3 66.7 70.3 70.6 61.2 61.2 61.2 61.2 61.4 66.4 64.1 63 62.3 63.9 70 74.1 75.8 76.9 72.5 71.6 66.7 62.6 57.8 51.1 49.8 51.2 51.2 51.1 50.7 49.8 49 49.6 49.9 50.3 45.9 44.5 44.5 44.5 44.5 44.5 44.5 44.5 44.5 44.5 44.5 44.5 44.5 44.5 47.3 56.1 65.6 70.5 73.8 73.7 71.9 69.5 69 70 74.9 86.5 84.8 78.4 77.9 92 93.7 92.2 80.4
20.8 21 21.5 23 28.3 28.5 39.5 47.6 54.3 56.2 52.7 54.2 59.9 62.5 54.9 50.9 51.6 58.8 64 71.3 74.5 74 61.2 61.2 61.1 62.7 62.7 66.4 64.3 63.4 62.4 63.6 68.8 73.6 71.7 69.3 67.3 66 64.7 63.6 59.1 52.6 51.3 51.6 51.3 51.1 50.7 50 49 49.1 49.4 48.1 44.5 44.5 44.5 44.5 46.7 44.5 44.5 44.5 44.5 44.5 44.5 44.5 44.5 44.5 44.5 56 62.2 65.5 70.2 71.9 71.4 70.3 69.3 67.6 68 75.5 82.3 71.8 70.8 82.1 90.8 81.9 70
20 20.2 21.1 22.2 24 30.5 38.8 45.9 53.3 58.5 53.6 54.6 59.8 62.9 59 51.9 55.5 60.7 65.4 70.2 75.4 70.7 65.3 61.2 61.9 65.2 64.7 63.9 64.2 63.3 62.4 62.8 64.6 66.8 67.7 67.6 67.1 65.8 64.6 63.4 58.7 52.6 52.5 52.1 51 51.3 50.8 50.1 48.9 47.9 48.3 47.5 46.5 45.2 46.7 46.5 46.4 44.5 44.5 44.5 44.5 44.5 44.5 44.5 44.5 44.5 44.5 51.2 58 61 63.7 68 71.6 72.3 69.1 68.1 67.4 66.3 65.4 61.7 57.3 59.7 82.5 87.2 75.3
19.5 20 20.8 21.9 23.7 28 35.2 41 48.2 56.8 56.7 55.8 59.5 63.3 62.2 57.6 58.4 63.4 69.4 73.2 72.4 71.7 68.3 64.1 63.5 67.8 72.4 64.9 64.5 63.3 62.2 63 64.8 67.6 67.9 68.3 68.8 68.1 65.7 63.1 57.1 53.3 52.7 51.7 51.3 50.5 48.4 47.5 46.8 46.8 45.9 48 48.1 46.9 46.5 44.5 44.5 44.5 44.5 44.5 44.5 44.5 46.3 46.7 44.5 44.5 44.5 48.8 55.5 59.3 60.7 64.5 68.6 71.4 70.2 67.8 66.5 64.4 63.1 58.7 53.3 49.9 61 78.8 84.4
19 19.9 20 21.5 24 26.9 33.6 35.7 43.3 52.1 59.2 60.6 60.9 61.3 63 64.5 61.5 66.9 73 76.9 73.8 73.6 71.2 67.1 64.9 68.4 73.9 67 64.2 63.3 62.4 63.7 66.4 67.7 68.4 68.9 69.6 71.8 71.2 66.5 59.6 54.8 52.7 52 52.9 51.9 49.4 46.8 46.8 46.8 47.8 47.9 48.3 48.1 46.4 44.5 44.5 44.5 44.5 44.5 44.5 44.5 47.6 49.5 47.3 44.5 44.5 46.5 55.7 58.3 58.4 61.6 64.9 68.5 68.4 66.5 65 61.5 57.9 52.6 47.4 41.6 47.6 63.6 64.6
19.1 19.2 19.5 20.9 22.9 24.6 29.1 36.6 44.2 52.3 57.4 62.5 61.3 60.7 63.9 66.9 64.8 70.5 75.9 77.7 77.6 76.1 73.5 70 69.7 67 72.7 67.7 64.2 63 62.8 64.9 67.9 68.4 68.9 69.5 70.2 71.7 72.4 68.2 62.3 59.1 52.9 53.2 55.3 55.5 54.2 49.5 46.7 46.8 46.8 47.6 47.9 48.5 48.3 45.5 44.5 44.5 44.5 44.5 44.5 44.5 46.1 51 49.8 47.4 46 45.6 53.8 57.1 56.3 57 62.1 65.3 66.2 65.7 62.1 56.7 52 47.6 42 37 37.2 43 39.8
20 19.7 19.7 20.7 22.3 23.9 26.2 33.3 43.4 50.7 56.2 60.1 56.4 59.9 64.8 69.2 68.5 70.1 76.8 76.7 79.3 78.9 77.7 71.4 70.9 68 69.2 66.9 64.2 63.2 63.6 67.2 69.2 69.7 70 70.3 71.1 71.4 70.3 65.6 62.8 57.6 55.3 56.5 57.4 58.5 58.8 57.6 53.5 51.8 48.1 46.8 47.3 47.3 47.1 44.5 44.5 44.5 44.5 44.5 44.5 44.5 44.5 49.9 52.8 50.8 48 45.5 48.8 52.3 52.7 53.5 57.7 60.3 61.5 59.5 54.9 50.2 45.2 38.4 36.1 35.2 35.1 35.4 35.3
20.4 20.2 20.2 20.9 21.8 23.1 25.2 28.2 38.7 47.1 49.4 50.6 52.4 58 63.4 68.2 68.8 68.1 69.5 72.2 75.5 78 74.9 72.3 70.9 69.2 69 68.5 68.9 67.6 69 70.7 71.2 70.6 70.6 72.9 74.8 76.6 76.1 74.9 71.7 69.3 66.5 65 63.9 63.7 64.4 63.4 61.4 59.8 56.2 54.9 51.3 49.2 49.1 48.2 47 44.5 44.5 44.5 44.5 44.5 44.5 49.8 52.4 50.8 49 46.6 42.9 45 48.7 49.8 52.1 54.3 55.6 53.1 47.3 40.4 34 34 35.1 35.2 33.8 33.8 34.1
20.2 20.3 20.7 21.3 21.3 22.6 23.8 26.2 30.6 35.8 38.2 42.7 47.5 52.5 59.8 65.7 66.4 66.2 65.1 64.7 65.7 69.5 73.3 74.7 74.7 70.4 70.5 70.8 71.9 70.5 72.3 76.1 76.5 76 75.1 78.5 81.6 84.7 87 85.9 84.9 84.3 78 72.9 70.1 69.6 69.1 68.8 67.5 66.9 61.8 61.2 58.9 54 49.3 49.1 45.5 44.5 44.5 44.5 44.5 44.5 45.7 49.3 52.2 50.4 49.8 49.5 45.3 40.5 41.1 43.5 45.3 45.5 43.3 40.8 35.6 35.4 35.1 35.2 35.3 38.1 35 39 36.3
15.1 15.7 17.9 19.2 20.6 21.8 23.2 24.4 25.9 28.9 34.3 40.1 43.2 45.7 53 58 58.1 60.7 58.4 58.5 61.7 67.8 74.5 78 73.2 71.4 71.2 71.8 72.9 73.2 76.4 85.5 85.1 85.2 83.7 82.6 84.7 88.9 92 95.4 94.3 90.7 86.5 82.3 77.4 76.3 74.6 73.6 73 73.2 64.8 63.4 61.1 56.9 51.3 46.2 44.5 44.5 44.5 44.5 46.5 47.2 48.8 49.8 49.7 48.7 52 52.7 46.5 40.3 35.9 35 35.5 35.1 35.2 35.9 35.9 35.1 35.2 35.3 34.9 40.2 40.6 38.9 37.3
14.6 15.6 16.5 17.7 19.3 20.7 22.1 23 23.7 25 28.4 34.4 38.9 41.3 45 46.7 49.7 51.1 51.6 53.5 57.8 64 69.1 72.7 74.7 71.3 72.2 75.5 76.6 77.5 79.3 80.3 83.5 88 90.1 86.5 88.6 93.6 96.6 101.3 103.8 96.5 89.6 90.1 82.9 81.9 77.9 76.7 75.2 73 66.9 64.6 63.6 59.8 52.8 45.1 44.5 44.5 44.5 46.8 49.1 50.2 50 50.9 49.9 47.7 47.8 46.7 41.7 38 35.9 35.9 35.9 35.4 35.3 35.9 35.5 35.1 35.3 35.4 35.4 39.7 36.9 38 38.8
15.2 15.6 16.1 17.3 18.4 19.5 20.9 22.1 22.9 24 25.3 28 32.9 33.1 36.4 37.4 41 43.4 46.2 48.7 54.6 58.7 63.4 66.9 70.6 70.6 75 77.5 79.1 80.4 82.3 82.9 84.8 86.5 90 94.3 96.1 99.3 103.3 108.5 107 99.6 92.8 93.3 88 85.8 84.3 78.9 76.3 75.1 70.5 68.4 68.4 69 63.2 53.3 47.8 44.5 44.5 44.5 54.2 53.7 50.2 50.8 52.2 45.7 41.3 38.8 35.4 35.1 35.9 35.9 35.9 35.9 35.9 35.9 35.7 35.7 35.2 35.1 37.9 38.2 36.9 38.5 36.8
18.6 16.6 17 16.7 18 19.4 20.8 22.8 23.2 24.3 24.9 25.6 26.4 27.2 27.9 29.9 34 38.2 41.5 47.6 49.3 52.2 56.5 61.1 65.8 69.7 73.5 76.4 79.2 81.9 83.4 84.8 86.4 87.7 88.4 89.5 95.3 102.3 110.5 113.6 109.3 104.7 98 97.8 91.7 90.2 88.5 80.6 79.1 75.3 71.9 71.3 72.5 74.1 77.5 68.2 58.9 46.6 44.5 44.5 46.5 48.3 49.1 50 50 44.1 39 36.7 36 35.9 35.9 35.9 34.9 35.7 35.8 36 35.7 34.4 34.5 35.3 35.6 36.4 36.6 36.2 36.3
21.3 21.7 21.6 17.2 18.2 18.4 19.6 20.9 23.6 24.9 25.8 26.4 26.8 27.2 27.8 28.5 30 33.9 39.5 44.3 48.8 47.7 49.9 53.9 60 65.8 71.2 75.5 78.5 81.5 84.6 86.7 87.8 88.6 89.4 91.6 95.3 100.5 112.1 117.8 113.2 107.4 102 99.2 94.9 92.8 90.7 83.3 81.7 76.3 72.3 73 75.4 76.7 75.2 70.4 65.3 61.3 57.4 53.2 47.8 46.1 48.3 49.8 49.7 46 39.8 38.3 37.1 36.1 35.1 35.2 35 35.3 35.7 36.6 36.5 37.4 36 34.5 35.7 34.7 36.2 36.5 36.5
18 21.7 21.6 21.6 22.3 19.4 19.6 21.1 24 25.1 25.8 26.8 27.3 27.8 27.9 28.9 29.6 31 35.4 40.8 43 43.7 45.3 50 55.6 60.7 67.8 71.6 77.2 82.8 87.1 88.4 88.5 89.5 90.5 93.6 96.9 98.6 106.3 117.9 118.7 113.1 105.9 102.6 96.7 95.3 93.1 86.4 83.2 78.3 77.4 79.5 78.6 79.5 77.3 73.9 69.5 67.5 64.5 62.6 60.1 53 50.9 52.3 51.3 49.9 48 48.6 46.9 42.8 38.5 36.7 37.2 36.5 36.9 38.4 42.3 45.9 38.8 36.9 37.2 36.4 37 38.5 40.5
20.7 21.3 21.9 22.5 22.5 20.4 20.4 21.2 22.7 24.7 25.5 26.5 27.5 27.7 28 29 30 31.2 32.7 35.2 37.1 39.8 43 48 52.1 56.5 61.8 68.4 74.9 81.3 85.5 88.4 89.2 90.3 91.9 95.8 98.3 100.3 102.8 111.2 118.8 116.5 110.8 106.6 102.4 98.3 97.5 96.8 89.5 83.8 83.3 85.1 85.4 84.1 82.3 79.2 75.7 73.3 71.1 68.6 66.1 60.9 57 63.6 61.3 53.1 53.4 53.4 52.4 49.2 43.9 44.6 40.9 39.8 41.1 43.9 46.8 46.3 42.6 39.6 39.5 38.1 39.4 42.5 42.4
21.4 21.7 22.5 23.3 23.7 23.7 24 21.3 22.7 23.7 24.7 25.9 27.1 27.7 28.1 29.1 30.1 31.2 31.8 33 34.5 37.4 41.7 45.8 50.2 55.1 61.1 67 72.8 77.9 82.9 86.3 87.6 89.6 91.9 95.2 98.6 103.7 104.1 108.7 113.3 110.4 110.3 111.2 110.4 105.2 102.1 102.3 97.1 89.5 86.9 88.6 91.5 90.4 87 85.3 82.3 79.7 77.7 75.6 72.2 68.7 64.2 63.1 62.7 57.7 57.6 62.4 55 52.3 50.4 48.3 44.2 44.8 46.4 52.2 55.5 54.2 51.2 48.6 49.7 45.3 43 44.8 45.5
22 22.8 23.4 23.9 24.1 24.4 24.6 25.3 25.5 23.7 25 26.6 27.1 27.9 28.3 29.4 30.7 31.4 32.1 32.8 33.5 35.3 38.9 42.9 47.3 53.2 60.2 66.2 70.9 76.4 80.6 83.3 86 88.1 90.7 93.9 96.8 100.8 102.5 104.1 109 109.5 106.9 104.9 107.6 111.7 109.9 106 102.3 97.5 91.7 91.2 93.4 95.3 90.8 90.2 88 85.5 83.7 81.9 78.7 74.9 72.1 70.1 64.9 62.1 62.5 69.9 64.5 56 51.9 47.2 47.9 50.4 52 55.4 58 59.8 61.9 59.9 53.1 48.9 47 47.7 47.9
22.3 23.3 24.1 24.4 24.6 24.8 25.1 25.9 26.3 26.5 26.7 27.2 27.7 28.5 29.3 30.7 31 31 32.4 33.1 33.8 34.8 36.7 39.1 42.9 48.8 55 61.5 65.8 71.1 74.5 77 80.5 84.1 87.7 91.5 94.7 97.6 100.4 100 101.1 106.5 108.8 104.9 105.3 109.8 112.1 108.7 103.3 100.3 95.3 94.6 97.5 98.9 97.2 96.8 93.8 91.2 89.9 88.8 87.9 84.2 80.2 76.6 71.1 68.5 64.9 66.8 63.2 56.2 50 47.7 49.7 53 54.9 57.6 59.6 60.9 64 60.6 55 51.6 49.4 49.8 49.6
23.5 23.8 24.8 25 25.6 26.1 26.1 26.6 27.2 27.1 27.2 28.1 28.3 28.8 29.5 30.2 31.1 31.9 32 33.2 34.3 35.1 36.2 37.4 39.7 44.7 49.8 54.8 60.9 63.5 67.4 71.2 75.9 79.4 83.6 87.4 91.1 94.3 95.7 95.9 98.1 104.7 106.2 104.9 104.9 106 110.3 108.8 105.5 102.7 100.6 99.6 100.8 102.6 101.8 100.3 97.8 94.8 95.5 95.5 93.7 92 89.1 83.8 79.3 74.9 69.9 59.8 58.6 52.1 49.4 50.5 52.8 54.3 58.9 60.4 61.8 61.5 64 59.8 56.6 55.9 52.3 51.5 51
25.5 26.2 30.2 34.2 34.4 34.5 37.1 35.4 33.9 32.4 29.1 28.5 29.4 30 30.2 30.8 29.7 32 33.1 33.5 34.4 35.3 36.3 37.2 38.7 41.9 47.4 50.8 54.4 57.7 62.6 67.3 72.1 76.4 79.8 83.2 86.9 90.4 91.1 94.3 97.1 104.1 105.6 105.8 104.9 104.9 104.9 106.3 107 105.5 104.7 103.6 103.7 103.7 102.5 101.1 99.7 98.3 98.5 98.3 97.5 97.1 95.9 90 81.8 71.6 65.3 62 53.1 51.2 50.5 55.1 59.7 56.6 59.2 62.4 64.3 63.2 62.5 57.7 56.2 55.5 55.1 53.7 52.7
39.8 36.3 40.2 42.6 43.1 43.4 45 44.2 43 40.6 38 33.9 37.9 37.4 30.5 31 31.6 32.1 33 34.1 34.5 35.6 36.4 37.1 38.2 39.8 43 46.1 49.9 53.7 59.5 63.9 67.9 71.7 76.3 79.5 82.3 86.5 91.2 94.7 96.7 101.8 107.8 106.9 106 105.8 104.7 104.3 107.4 107.7 106.6 105.8 106.1 105.3 104.2 103.1 102.9 103.3 103.2 100.1 100 100.1 97.9 89.1 76.4 70.7 64 59.4 53.2 50.7 50.6 54.1 63.1 63.8 63.7 63.4 63.8 63.1 62.1 57.8 56.1 57.3 60.9 58.3 58.6
49.5 47.7 44.4 48.9 50.6 50.7 53.9 52.4 49.7 48.1 43.1 40.5 41.1 41.3 31.9 31.5 32.5 32.9 33.1 35.6 37.4 35.8 36.7 37.6 38.1 38.8 41.1 46.1 50.4 52.3 55.6 61.9 65.6 69.5 73.1 76.4 80 85 89.5 93.4 96.9 100.7 108.6 109.4 108.8 107.8 107.7 108.3 108.9 108.2 107.7 107.8 111 110.4 108 106.7 106.2 106.5 106.9 102.3 100.8 101.1 99.6 86.8 76.9 70.3 63.7 58.5 55.1 52.2 51 52.3 58.2 64.4 65.2 64.1 63.2 64.2 62.1 58.1 57.4 63.3 63.6 63.7 64.2
