public/OST50/NG77.asc
ncols 200
nrows 200
xllcorner 170000
yllcorner 870000
cellsize 50
[rows 111 to 147 of 200, columns 85 to 169 of 200]
-2.1 -2.1 -2.1 -2.1 -2.1 -2.1 -2.1 -2.1 -2.1 -2.1 -2.1 -2.1 -2.1 -2.1 -2.1 -2.1 -2.1 -2.1 -2.1 -2.1 -2.1 -2.1 -2.1 -2.1 -2.1 -2.1 -2.1 -2.1 -2.1 -2.1 -2.1 20.1 27.5 35.1 34.1 33.8 35.3 39.8 41.6 45.5 49.7 48.8 40 35.5 34 31.3 22.1 20.5 28.2 32 37.6 45.3 52.2 59 63.1 64.3 65.9 66.8 64.9 52.3 50.3 53.4 46.9 47.4 41.6 40 42.8 45.2 43.1 38 26.3 19.6 10.3 7.9 7 6.2 -2.1 -2.1 -2.1 -2.1 -2.1 -2.1 -2.1 21.4 20
-2.1 -2.1 -2.1 -2.1 -2.1 -2.1 -2.1 -2.1 -2.1 -2.1 -2.1 -2.1 -2.1 -2.1 -2.1 -2.1 -2.1 -2.1 -2.1 -2.1 -2.1 -2.1 -2.1 -2.1 -2.1 -2.1 -2.1 -2.1 -2.1 13.8 23 29 35.2 38.9 37.8 37.2 38.2 40.4 42.8 48.8 51.2 49.7 47.9 42.1 39.3 31.6 23.5 20 27.1 36.9 45 53.4 60.5 66.3 74.5 73.3 71.1 69.3 65.4 55.2 54.3 55 54.7 52.8 45.7 42.3 44.1 46 44.5 39.5 32.2 25.8 13.7 9.4 8.4 9.6 8.5 -2.1 -2.1 -2.1 -2.1 -2.1 -2.1 8.3 13.2
-2.1 -2.1 -2.1 -2.1 -2.1 -2.1 -2.1 -2.1 -2.1 -2.1 -2.1 -2.1 -2.1 -2.1 -2.1 -2.1 -2.1 -2.1 -2.1 -2.1 -2.1 -2.1 -2.1 -2.1 -2.1 -2.1 -2.1 -2.1 3.7 21.9 29.4 35.5 36 37 37 37.2 38.2 41.6 46.9 52.8 54.6 52.5 51 45.7 40.4 30.7 21.7 20.3 32.2 40.7 47.4 57.2 67 74.7 76.9 76.4 73.3 68.3 70.5 60.4 58.8 62.1 62.3 56.1 51.2 44.6 45.4 45.4 44.8 42.7 36 29.8 18.8 13.2 12.5 14.4 13.8 8.2 -2.1 -2.1 -2.1 -2.1 -2.1 -2.1 13.7
-2.1 -2.1 -2.1 -2.1 -2.1 -2.1 -2.1 -2.1 -2.1 -2.1 -2.1 -2.1 -2.1 -2.1 -2.1 -2.1 -2.1 -2.1 -2.1 -2.1 -2.1 -2.1 -2.1 -2.1 -2.1 -2.1 -2.1 15.5 21.8 25 33.7 36.9 37.2 38 37.5 37.7 39.6 44.7 48.7 52.9 55.8 55.9 52.2 47.9 42.5 28.6 23.1 20.2 25.1 41.9 54.7 63.8 71.9 77.1 76.8 78 70.9 72.8 74.1 64.4 61.3 62.7 59.8 58.4 52.4 48.8 52.4 46.9 46.3 47.7 39.4 30.3 22.5 19.3 23 17.7 16.1 10.6 -2.1 -2.1 -2.1 -2.1 -2.1 -2.1 -2.1
-2.1 -2.1 -2.1 -2.1 -2.1 -2.1 -2.1 -2.1 -2.1 -2.1 -2.1 -2.1 -2.1 -2.1 -2.1 -2.1 -2.1 -2.1 -2.1 -2.1 -2.1 -2.1 -2.1 -2.1 -2.1 14.7 17.7 21.1 23.9 27.3 31.2 36.3 38.4 41.4 40.3 41.4 43.4 44.8 47.4 52.5 57.3 55.3 50.8 48.9 45.1 29.9 23.8 20.7 23.3 49.2 61.1 68.3 75.9 75.1 76.9 77.9 73.5 73.6 69.6 69.1 65.2 64.6 60.9 57.4 55.8 55.6 53.6 48.4 44.9 46.6 37.1 30 23.4 26.8 25.9 24 18.9 13.3 -2.1 -2.1 -2.1 -2.1 -2.1 -2.1 -2.1
-2.1 -2.1 -2.1 -2.1 -2.1 -2.1 -2.1 -2.1 -2.1 -2.1 -2.1 -2.1 -2.1 -2.1 -2.1 -2.1 -2.1 -2.1 -2.1 -2.1 -2.1 -2.1 -2.1 -2.1 8.8 18.3 20.1 21.4 23.8 26.8 27.2 30.5 36.9 41.4 43.3 40.7 40.5 44.1 46.6 50.9 53.2 52.9 50.8 50.7 45.9 33.1 23.3 21.9 28.6 47.8 62.3 69.2 72 72.5 75.3 75.7 75.1 71.9 68.8 70.2 70.7 63.8 61.5 61.9 56.9 56.3 55.3 48.4 41 39.3 34.9 30 34.6 30 31.3 31.6 19.6 8.9 -2.1 -2.1 -2.1 -2.1 -2.1 -2.1 -2.1
-2.1 -2.1 -2.1 -2.1 -2.1 -2.1 -2.1 -2.1 -2.1 -2.1 -2.1 -2.1 -2.1 -2.1 -2.1 -2.1 -2.1 -2.1 -2.1 -2.1 -2.1 -2.1 -2.1 -2.1 5.7 18.7 18.8 19.4 20.6 20.7 21 23.5 28.6 34.1 38.4 38.8 41.4 43 46.6 51.8 54.5 57.3 57.5 56.7 45.7 35 24.9 24.4 28.3 46.2 56.4 63 67.1 68.9 71.6 74.6 75.6 69.5 71.3 71.1 71.6 64.7 61.2 61.7 56.5 56.1 54.9 50.7 40.6 38 33 36.1 36.7 29.2 26.1 19.7 13.8 -2.1 -2.1 -2.1 -2.1 -2.1 -2.1 -2.1 -2.1
-2.1 -2.1 -2.1 -2.1 -2.1 -2.1 -2.1 -2.1 -2.1 -2.1 -2.1 -2.1 -2.1 -2.1 -2.1 -2.1 -2.1 -2.1 -2.1 -2.1 -2.1 -2.1 -2.1 -2.1 0.8 8.9 15.7 16.5 16.8 16.9 17.3 18.2 22.5 26.8 31.1 35.4 40.2 43.1 46.1 51 56.3 60.4 60.4 54.6 40 30.7 25.5 25.3 26.5 37.1 50.5 57 60.8 67.2 67.9 70.7 69.3 70 70.7 73.6 68 62.6 60 58.3 56.6 56 54.3 49.5 44.9 38.9 36.6 35.9 28.6 22.3 17.8 14.7 2.1 -2.1 -2.1 -2.1 -2.1 -2.1 -2.1 -2.1 -2.1
-2.1 -2.1 -2.1 -2.1 -2.1 -2.1 -2.1 -2.1 -2.1 -2.1 -2.1 -2.1 -2.1 -2.1 -2.1 -2.1 -2.1 -2.1 -2.1 -2.1 -2.1 -2.1 -2.1 -2.1 -0.2 3.6 11.4 12.9 12.5 13 12.7 13.7 18.4 22.5 24.7 29 35.7 41.2 46.4 51.7 56.8 59.6 59 50.1 35.2 27.6 25.5 25.4 25.8 34.4 45.6 52.8 59.2 60.3 61.7 59.9 66.8 68.3 70.3 70 64.6 57.1 57.8 58 57.8 57.2 51.2 48 47.6 44.9 34.7 24.7 17.6 14.7 7.9 2.5 2.5 2 7.1 -2.1 -2.1 -2.1 -2.1 -2.1 -2.1
-2.1 -2.1 -2.1 -2.1 -2.1 -2.1 -2.1 -2.1 -2.1 -2.1 -2.1 -2.1 -2.1 -2.1 -2.1 -2.1 -2.1 -2.1 -2.1 -2.1 -2.1 -2.1 -2.1 -2.1 -2.1 1.8 6.8 9.3 9.6 10 10.6 11.8 14.8 18.9 22.7 27.2 34.6 39 42.8 48.4 53 55.6 54.7 48.3 36.3 26.8 25.2 25.2 25.5 27.8 38 44.2 48.9 50.8 51.7 57.7 61.5 63.7 62.4 62.5 60.2 52.6 53.7 57.2 54.8 51.5 48 44.9 44.6 31.1 27.2 17 12.7 3 0.8 0.9 2.5 9.6 -2.1 -2.1 -2.1 -2.1 -2.1 -2.1 -2.1
-2.1 -2.1 -2.1 -2.1 -2.1 -2.1 -2.1 -2.1 -2.1 -2.1 -2.1 -2.1 -2.1 -2.1 -2.1 -2.1 -2.1 -2.1 -2.1 -2.1 -2.1 -2.1 -2.1 -2.1 -2.1 1.1 4.4 8.2 8.7 9.1 10.2 11.4 12.6 15.4 19.1 22.1 26.9 31.4 35.1 38.6 43.7 47.3 53.1 49.1 36.2 25.4 24.8 25.1 27.5 27.2 32.1 39.7 37.4 39.8 45.2 56.1 55.4 50.7 52.2 48.3 48.5 47.2 46.2 44.2 44.9 45.7 38.9 37.4 26.2 23.5 18.7 14 7.4 1 -2.1 -2.1 -2.1 -2.1 -2.1 -2.1 -2.1 -2.1 -2.1 -2.1 -2.1
-2.1 -2.1 -2.1 -2.1 -2.1 -2.1 -2.1 -2.1 -2.1 -2.1 -2.1 12.7 -2.1 -2.1 -2.1 -2.1 -2.1 -2.1 -2.1 -2.1 -2.1 -2.1 -2.1 0.1 0.8 2.3 7.8 9.1 7.8 8.7 9.8 11 12.9 15.4 18.3 18.6 19.8 22.8 26.7 31.3 35.3 39 41.7 37.4 31.5 25.2 24.6 25.2 25.3 24.8 25.6 26 33.6 37.5 38.8 38 38.6 41.4 36.7 43.9 43.3 36.2 35.8 38.2 40.7 32.8 28 29.1 24.9 19.6 15.3 10.6 3.4 0.5 -2.1 -2.1 -2.1 -2.1 -2.1 -2.1 -2.1 -2.1 -2.1 -2.1 -2.1
-2.1 -2.1 -2.1 -2.1 -2.1 -2.1 -2.1 -2.1 -0.1 0.2 6 14 5.5 -2.1 -2.1 -2.1 -2.1 -2.1 -2.1 -2.1 -2.1 -2.1 1.2 2.5 3.3 5.7 10.7 9.2 7.2 7.6 8.9 11.1 14 16.9 18.6 18.2 18.5 19.1 21.9 25.6 32.6 38.4 40.5 38 31.6 25.3 23.2 22.8 20.7 19.3 20.1 22.7 25.4 28.6 32.6 32.7 29.4 30 34 28.1 26.4 26.5 26.5 21.2 19.6 18.5 21.2 25.1 18.5 15.9 11.6 6.4 0.8 -0.5 -2.1 -2.1 -2.1 -2.1 -2.1 -2.1 -2.1 -2.1 -2.1 -2.1 29.5
6.1 14.3 -2.1 -2.1 -2.1 5.2 5.7 4.1 3.8 6.1 10.9 12.9 8.4 2.6 3.1 5.2 7.2 -2.1 -2.1 -2.1 -2.1 1.8 5.1 6.8 7.4 9.2 10.8 10.7 10.6 10.1 10.8 13 15.9 17.7 18.9 18.7 18.3 18.6 21.3 24 25.3 27.2 28 25.4 22.9 21.1 20.1 19.4 18.2 17.4 18.9 24.2 24.3 25.9 26.9 25.3 24.3 23.7 18.7 18.6 14.6 14.5 14.5 13.4 11.2 11.5 10.3 8.9 5.9 7.6 1.5 -2.1 -2.1 -1.8 -2.1 -0.3 -2.1 -2.1 0.1 -2.1 -2.1 4.5 18.8 39.3 48.9
12.3 12.6 3.7 2.1 11.5 16.1 16.3 14.3 9.8 9.2 11.2 13 9.8 8.1 8.5 10.8 11.4 7 3.6 3 5.8 12.2 12.4 11.4 11.5 12.8 15 15.3 15.2 14.4 15.3 16.9 17.2 17.7 19.1 19.8 18.9 18.6 20.1 21.7 24.2 24 19.6 19.1 18.3 18.3 17.3 16.4 14.8 13.7 13.6 15.4 16.2 16.2 16.7 14.9 13 13 13 13 13 13 13.7 18.9 21.1 18.5 18.3 16.2 13.2 10.4 9.3 6.1 2.1 0.8 1.5 3.1 4.3 1.8 2.2 2.7 -2.1 14.6 35.4 46.1 57.7
3 11.9 12.3 13.2 16.6 20 19.4 16.7 13 12 14.1 14.8 12.6 10.3 10.7 11.6 11.3 10.4 11.1 11.4 16.2 19.6 19.2 17.6 16.8 17.5 19.3 20.3 20.5 20.2 18.9 16.2 16.7 17.6 19.6 21.4 22.4 18.1 17.1 17.4 17 16.3 16.2 15.3 14 13 13 13 13 13 13 13 13 13 13 13 13 13 13 13 13 15.1 24.2 33.1 37.4 29 27 23.9 20.1 18.6 17.8 16.7 15.8 8.4 4.6 9.8 10.8 7.4 7.8 12.7 -2.1 -2.1 32.7 44.6 61.5
1.3 9.7 12.4 15.7 18.9 21.7 21.6 19.6 17.6 16.2 16.3 16.7 15.3 13.4 13.8 14.3 13.1 13.3 14.7 17.3 21 25.4 24.1 24.2 22.1 20.9 20.8 21 22 23 19.1 16.3 17.7 17.8 18.1 19.4 22.6 20.1 16.8 16.1 15.7 15.4 14.5 13 13 13 13 13 13 13 13 13 13 13 13 13 13 13 13 13.8 16.4 23.6 27.9 33.3 34 32.9 31 29.2 26 23.8 22.9 28.6 25.5 17.3 11.5 12.9 13 12.4 13.1 18.7 -2.1 -2.1 30.1 47 54
2.1 10.2 15.2 19.1 20.6 25.1 25.5 22.9 21.2 19.8 19.2 18.5 18.3 17 16.9 17.3 16.8 17 18.6 20.7 24.1 29.3 30.2 32.2 27.7 25.3 24.8 23.8 24.2 24.1 22.7 19.7 19.1 19.2 18.8 20.2 21.6 22.7 19.1 16 15.8 16 17 15 13 13 13 13 13 13 13 13 13 13 13 13 13 12.3 15.8 19.7 25.3 29.7 32.6 32.4 31.2 29.6 28 28.4 26.3 25.5 25.6 28.5 25.7 23.2 22.9 19.8 19.7 20.9 16.8 17 3 21.8 34.2 45.4 48.5
2.9 11.9 17.3 19.6 22.7 29.8 40.8 29.1 26.1 23.5 22.4 21.1 20.2 20.4 20.7 20.7 20.1 21.1 22.9 22.2 23.4 28.9 35.1 42 34.5 31.3 32.3 31.4 26.1 24.5 22.5 21.4 20.1 19.7 21.2 23.8 23.3 22.8 20.4 16.1 16.7 18.6 21.8 21.9 15.8 13 13.5 13 13 13 13 13 13.9 13.7 13.1 13 13 14.1 16.5 20.2 26.1 30 31.4 28.1 26.1 24.4 25.3 29.4 29.8 32.8 34.7 33.5 31 33.1 37.2 32.9 26.3 27.5 29.9 23.8 14.6 27.5 40.1 47.7 48.2
2.5 16.3 19.4 22.8 32.6 34.8 37 37.5 35.4 32.3 26.8 23.7 22.9 23.8 24.6 22.1 23 25.1 25.3 22.9 22.8 25.7 32.6 34.1 32.5 35.4 36.4 33.1 25.6 23 22.3 21.8 21.6 20.6 23 24.6 25.7 24.5 20.9 16.7 17.1 17.1 20 20.5 17.7 16.6 16.4 15.9 15.6 14.7 15.4 15.6 15.1 15 14.1 13 13 13 14.7 17.1 21.1 23.4 23.3 22.4 22 23.4 23 28.7 34.1 39.7 44.9 39.2 35.2 37 36.3 34.7 32.1 30.7 33.9 26.1 29.9 33.4 42.3 47.3 59.4
4.8 19.2 22.2 26.6 35.9 37.7 34.7 38.4 37.9 35.4 34.9 31.2 27.2 26.8 23.7 23.7 27.1 31.9 29.7 23.8 22.6 22.5 23 25.5 34.6 39.2 38.7 29.3 23.6 23.1 22.2 23.6 24.6 24.7 24.1 24.1 24.5 23.9 20.4 16.9 18.1 18.8 20.7 21.6 20.6 21.5 21.9 23.2 22.9 19.1 16.6 16.1 15.3 15.2 14.9 13 13 13 13 13.2 15.9 17.1 17.1 17.5 17.7 18.3 22.8 29.4 35.1 41.1 42.3 37 35.4 38.3 36.5 34.7 33.5 32.8 33.8 20.3 34.7 38.4 48.6 50.2 48.9
16.6 22.1 28.4 32.8 34.7 36.3 36.4 36.6 37.8 35.9 37.1 38.1 33.4 34 27.6 27.6 32.7 31.5 30.2 24 23.7 22.5 22.1 24.2 33.4 36.7 33 24 22.2 23.3 25.8 27.1 28.3 28.7 27 23.5 22.5 22.8 20.6 18.9 18.8 19.4 19.7 22.5 26.6 31.4 32.5 30.7 24.3 20.4 17.4 16.2 15.6 15.5 15.2 14.3 13 13 13 13 13 13 13 14.1 15.1 16.4 19 25.4 31.6 34.3 33.8 33.5 35 36.6 36 35.1 34.3 34 34.8 12.2 21.4 29.8 36.6 37.7 42.2
19.2 24.6 34.3 34.7 35.1 36.2 39.6 37.3 36.8 39.9 39.5 41.9 40.3 38.9 34.7 32.6 32 34.1 33.8 29.1 24.3 23.1 22.1 23 25.8 29.1 25.6 22.5 22.2 25.4 28.3 30.1 30.9 30.3 24.9 21.7 22.8 23.2 23 20.8 19.7 19.6 19.7 22.9 29.3 31.5 30.2 25.3 21.4 18.9 16.7 15.8 15.6 15.2 14.9 12.1 13 13 13 13 13 13 13 13.5 15.2 17 18.3 19.3 21.9 26.1 30.8 34.3 37.3 37.9 36.1 35.3 35.1 35.6 35.9 30.8 28 18.6 24.1 25.9 32.1
21.1 26.3 35.7 37.2 37.3 37 41.7 41.8 36.7 39.7 41.5 47.1 45.5 41.5 36.8 34.6 34.3 31.4 28.9 25.8 23.6 23.1 22.2 22.5 23.5 24 22.3 22.3 22.4 25.2 28.8 31 28.3 25.1 22.8 21.3 22.4 25.8 26 22.7 19.8 19.8 19.7 21.8 25 28 27.2 19.7 17.8 16.1 15.8 15.6 15.4 15.2 14 12.9 13.4 13.4 13.3 12.8 13 13 13 13.4 15.5 17.6 20 22.2 24.4 28.7 34.8 39.9 44.7 46.6 41.5 39 36.5 37.2 39.4 35.5 32.8 29.1 26.3 23.6 28.5
22.5 29.5 37.9 40.2 37.2 38.7 40.1 41.9 36.8 36.9 42.2 46.6 45.2 43.1 39.2 36.5 35.9 31.5 26.7 24.9 24 23.5 22.7 22.5 22.5 22.1 22.3 22.3 22.3 23.9 28 31.3 25.9 24.2 22.8 20.5 20 22.8 23.6 21.1 18.4 18.8 19.2 21 24.4 25.9 22.8 16.4 16.1 15.9 15.8 14.9 15.1 14.7 13.3 13.7 14.3 14.2 14.6 16 16.8 16.9 17.8 17 17.7 20.7 26.9 31.4 35 39.6 43.4 47.7 52.7 54.2 50.8 42.5 37.7 39.4 44.9 41.4 39.7 34.7 32.7 32.6 26.3
22.2 27.3 35.3 36.8 37.6 39.1 40.5 40.8 36.3 36.4 40.3 42.6 43.1 41.6 39.8 40.7 38.8 35.5 27.9 26.4 26 24 22.8 22.5 22.5 22.3 22.2 22.3 22.3 22.3 27.5 30.4 25.8 21.5 17.7 17.3 17.3 17.3 18.2 18 18.2 18.5 18.8 20.2 21.9 21.2 16.9 15.8 16 15.8 15.7 14.7 13.9 14 14.5 14.5 15 16.4 23 29.9 32.7 33.4 39.7 39 40 33.5 33.3 38.4 44.4 50.6 50.1 53.3 54.8 54.1 45.9 40.8 39.3 41.2 43.8 46.8 44.2 40.4 38.3 38.9 23.3
21.5 25.9 32.1 34.1 39.5 39.6 39.5 38.4 36.6 36.5 38.5 40.6 40.4 41.5 40.6 47.1 46.3 38.9 34.9 31.7 25.7 23.8 22.8 22.4 23 23 22.5 22.3 22.3 22.9 27.8 27 21.3 17.5 16.8 16.7 16.7 16.8 16.5 17.4 17.7 17.9 17.7 17.6 18.4 17.8 16 15.2 15.2 15.7 15.6 14.5 14.3 15.1 15.5 15.3 17.2 24.2 34.2 43.2 50.6 55.6 60.9 66.2 64.6 62.5 56.9 47.2 50.8 51.3 52.1 59.6 60 55 57.7 52.6 47.4 45.6 47.2 52.5 52.7 46.7 46.6 39.8 30.2
21.1 24.7 29.5 33.6 40.3 39.6 38.9 39.8 36.8 34.1 34.1 36.7 37.3 38.9 43.8 47.1 47.2 42.6 38.1 30.9 28.2 24.7 23.2 23.4 23.3 22.8 22.4 22.3 22.3 23.4 25.1 22.1 17.7 17 16.7 16.6 16.5 16.5 16.3 16.6 16.4 16.6 15.5 15.5 16.7 16.9 15.7 15 15.1 14.3 14 14.6 15 17.2 21.3 28 28.7 30.8 39.4 50.5 59.9 68 73.9 79.8 77 74.5 69.4 63.3 56.8 52.5 55.2 64.1 66 69.5 64.6 61.2 53.8 53 52.5 56.3 58.1 51.4 46 39.3 30.9
20.4 22.8 26.6 34.6 39.8 43.5 39.2 37 34 33.7 34.4 34.8 35.3 38.8 41.9 43 44.1 39.8 37.5 31.9 32.3 30.1 24.8 24 23.1 22.1 22.1 22.3 22.6 23.6 21.2 17.7 17.2 16.7 16.5 16.5 16.7 16.6 16.5 16.4 16.3 16.8 17.1 16.6 15.1 14.9 15.3 15.9 16.1 15.4 14.6 16 18.2 21.9 29.5 34 34.5 34.5 34.8 48.5 64.1 75.4 81.6 87.6 88.5 83 77.4 72.5 71.7 61.2 59.4 63.9 71.7 75.8 69.6 66.6 54.3 55.7 58 58.4 58.6 50.5 41.1 35.4 29.4
20.2 23.3 27.1 34.1 38.7 40.5 38.6 33.1 33.3 29.7 29.3 28.9 30.7 39.3 38.9 38.6 37.1 37.1 33.1 35 36.8 36.8 30.5 24.3 21.9 20.9 21.5 22.3 20.4 18.1 17.5 17.1 16.4 17.3 17.3 17 17.3 17 16.5 16.9 17.4 18.1 18.4 18.2 17.3 16.5 16.3 16.9 16.9 16.6 18 25.2 26.5 28.6 37.4 39.4 38.3 37.8 37 45.8 65 79 89.7 94.2 92.8 90.6 84.9 79.1 77.4 72.1 71.8 74.2 72.4 71.3 70.4 62.7 56.2 60.1 60.3 57.1 53.2 45.5 35.1 30.4 28.4
20.5 22.2 24.1 27.1 33.5 34.7 34 27.3 25.1 24.4 23.7 23.5 23.6 24.3 29.1 32.9 36.3 34.3 32.3 37 39.2 37.3 28.8 24.1 21.1 19.2 18.7 18.4 17.9 17.7 17.3 17.2 17.3 17.4 17.6 17.7 17.9 17.3 17.3 17.9 18.9 20.5 21.6 21.9 19.3 18 17.5 17.8 18.3 21.1 28.3 35.8 37.8 34.9 40.7 45.8 44.3 48.1 52.1 46.6 64.4 77.1 87.4 90.5 93.3 91.7 92.2 87.8 88.8 89.3 79.5 81.9 82 80.7 73.8 63.7 59.6 61.3 61.6 56.6 51.3 36.8 30.5 28.4 28.4
18.1 20.3 22.4 23.2 25.1 31 30.4 26.3 24.3 23.2 22.5 22.5 22.9 22.9 24.7 25.9 27.1 29.3 31.4 35.4 37 30 21.9 20.5 18.6 18.4 18.3 18 17.5 17.8 17.8 17.6 17.4 17.6 17.9 18.2 18.5 18.5 18.1 18.9 21.6 22.7 23.6 24.5 23.8 22 20.2 21 22.8 29.1 39.6 43.3 48.4 45.3 43.1 50.8 54.2 60.7 65.1 60.9 64.9 76.6 82.9 88.1 93.3 92.2 93.8 91.4 95 94.1 83.7 82.8 86.9 85.2 81.6 71.6 63.9 62.3 60.2 52.7 43.4 32.9 28.4 28.4 28.4
16 18.5 20.5 21.1 22.3 22.9 23.8 23 23.2 21.8 21.7 21.4 21.8 21.8 21.2 21.7 23.1 26.8 29.3 31.9 29.7 21.1 18.5 18.4 18.4 18.2 18.1 17.9 17.9 18.1 18.2 18 18.1 18.4 18.7 19 19.1 19.1 18.8 18.8 21.6 22.4 23.3 24.2 25.1 24.1 23.7 26.5 28.1 36.5 49.1 52.2 55.1 55.4 49.8 59.3 63.5 68.2 74.9 74.9 69 75.1 81.6 86.8 92.2 94.1 95.6 95.4 96.6 99.9 91.6 84.6 89.3 87.7 87 77.8 69.4 62.7 59.5 52.5 40.5 31.5 28.4 28.4 28.4
11.7 15 16.8 18.7 19.4 18.7 19 19.1 18.9 18.7 18.2 18 18.8 18.5 18 18.1 19 20 21 22 21.9 18.5 18.4 18.4 18.3 18.2 18.1 17.8 18.2 18.5 18.7 18.5 19.1 19.9 19.7 19.7 19.9 19.8 19.5 18.9 21.2 22.4 23.3 24.3 24.9 25.5 28.6 31.9 33.7 44.5 59 65.4 63.7 65.5 61.5 67.7 72.1 75.9 83.9 87.3 83.9 74.1 80.6 84.8 88.1 90.6 95.9 100.7 93.5 100.6 93.5 90.6 91.7 95.5 92.4 81.3 77.4 71.9 58.1 50.4 38.2 28.3 28.4 28.4 28.4
7.8 12.4 13.2 15.2 15.9 15.6 14.2 15.6 16.3 15.9 16.9 17.3 17.4 17.5 17.6 17.8 18.3 18.9 19.4 20.5 19.9 18.6 18.5 18.3 18.2 18.2 18.1 18 18.4 18.8 19.1 19.4 20.2 21.1 21.5 22.1 22.8 22.3 21.6 20.7 20.7 22.7 24 25.2 28.1 31.5 32.9 35.3 40.7 50.7 63.2 72.7 73.5 73.2 71.3 72.2 79.4 82.6 90.3 94.1 92.9 78.8 79.5 84.1 88.5 92.3 93.5 93.5 93.5 96.4 93.1 90.1 93.5 100.8 89.1 83.6 81.8 74.9 58.3 47 34.8 28.4 28.4 28.4 28.4
3.2 7.2 8.6 12.4 12.7 9.5 8.8 9 14.1 15.6 16.7 17 17.6 17.7 17.7 17.9 18.5 18.9 19.3 19.2 18.9 18.9 18.7 18.6 18.4 18.3 18.2 18.2 18.6 19 19.9 21 22 22.8 23.4 23.5 25 25.6 25.4 23.9 21.6 26.4 28.5 28.9 34.3 36.3 38 44.5 48.5 54.2 64.2 73.7 79.2 80.7 79 76 81.2 87.3 94.7 98.8 95.5 85.4 80.6 85 92.3 94.8 95.5 94.3 95.6 95.3 90.8 90.2 90.5 93 94.9 91.4 79.2 68.5 59.6 44.1 36.6 30 28.4 28.4 33.2
1.1 1.3 4.9 6.7 6.3 7.2 6.9 10.8 13.7 15.8 16.5 17.1 17.9 17.9 17.9 18 18.7 19.4 19.4 19.4 19.2 19.3 19 18.9 18.8 18.6 18.6 18.8 19.8 21.7 23.2 22.9 23.6 24.3 24.8 24.6 25.3 25.9 26.7 26.9 25.2 28.5 31 33.5 34.7 36.4 38.1 42 47.9 53.8 58.8 69.4 78.1 83.6 83.1 78.5 82.4 88.1 94.5 99.3 97 88.5 85.2 86.3 92 93.6 96.5 97.7 100.4 91.6 91 90.3 90 94.1 96.8 80.9 82.8 72.6 61.8 54.4 41.1 31.2 28.3 29.2 36.8
