public/OST50/NG77.asc
ncols 200
nrows 200
xllcorner 170000
yllcorner 870000
cellsize 50
[rows 0 to 36 of 200, columns 85 to 169 of 200]
97.2 99.9 104.5 108.7 110.5 110 106.9 97.8 94.5 93.6 95.8 99.3 102.9 105.7 107.8 111.1 112.9 113.8 110.3 108.2 108.6 108.7 107.2 104.1 101.8 98.3 97.8 97 94.8 91.3 88 85.2 82.9 78.7 75.2 73.4 71.9 69.4 65.6 60.8 52.6 43.6 36.7 41.9 48.1 50.5 52.1 55.6 53.7 52.3 50 48.4 45 42.7 41.4 41.4 41.5 41.4 42.2 41.8 42.4 43.6 45 46.6 47.4 47.8 49.5 52.2 53.4 54 56.7 59.9 65.4 67.5 70.6 74.6 76.3 76.4 77.9 79.1 81.5 82.5 75.5 80.4 78.2
93 95.4 100.1 103.5 104.7 104.8 103.6 97 93.2 92.7 93.8 97 101.3 103.7 104.1 105.6 108.2 106.3 102.9 101 100.2 100.1 100.5 99.7 98 96.8 96.4 95.1 92.4 88.7 85.7 81.3 77.1 73.4 71.3 69.7 68.1 65.1 61.4 56 44.1 36.8 34.5 46.5 49.2 50 51.5 53 53.1 53.4 53.6 51.6 49.9 47.6 46.7 44.6 44.5 45.3 44.4 43.9 43.1 42.9 43.6 46.1 46.8 47.6 48.6 50.5 52.5 52.6 53.8 55.4 58.8 64.1 65.9 68.1 70.1 69.7 69.3 71.9 74.7 71.7 77.3 81 82.7
90.5 91 93.3 95.8 98.1 99.5 98.7 94 91.4 90.3 90.8 92.2 94.8 98.2 99.7 100.4 100.9 100.1 99 97.8 96.6 95.4 94.4 93.4 92.7 93.2 93.2 92 89.8 86.8 82.8 77.3 74.2 71.2 68.8 66.5 64.4 61.5 58.7 49.1 38.3 34 44.5 55.3 55.8 57.3 58.2 59.4 56 54.9 54.7 53.9 52.2 50.3 49.1 48.6 48.5 49.9 49.1 47.7 45.3 44.1 45.4 47 47.9 48.8 49.4 49.9 53.3 54.9 57.2 60.9 60.9 62.8 66.8 70.2 71.3 75.1 77 76.5 76.1 80.7 83.8 86.3 88.6
87.2 87.5 88.8 90.6 93.6 95.9 94.9 91.1 88.5 87.4 87.6 88.3 89.9 91.7 93.5 94.8 95.7 96 95.9 95.3 93.8 92.2 90.9 89.5 88.5 88.4 88.1 86.7 83.9 80.3 76.4 73.8 70.9 68.3 66 63.6 61.9 59.7 55.4 43.8 36.6 38.4 49.6 55 55.9 57.7 55.9 55.8 56.1 56.5 56.4 56.4 53.3 52.4 51.3 50.7 51.1 51.8 51.7 50.7 49.9 46.8 47.1 48.2 49.1 50 50.8 52.4 53.5 56.4 61 65.4 70.8 75.9 80.1 80.7 82.4 86.5 88.4 90.1 89.7 86.8 89 90.1 93.8
84.5 84.6 86.3 88.2 90.2 92.1 90.8 87.2 85.4 84.2 84.1 84.5 85.2 86.4 88.2 89.7 90.7 91.2 91.7 93.1 90.2 88.9 86.6 85.3 84 82.7 82.1 80 76.5 72.6 70.5 69.4 67.3 65.1 62.8 60.7 59.3 57.9 52.7 40.6 34.2 45.5 51.9 51.9 52.8 53.6 54.6 55.9 56.4 56.8 56.6 56.1 54.5 53.3 53.1 52.9 53.4 54.4 53.8 53.3 52.1 50 48.8 49.3 50.2 51.9 52.9 54 54 60.2 64 68.4 74.1 80.5 86.4 89.9 91.5 94.7 94.7 96.3 99.3 92.1 91.9 93.7 97.8
82 82.7 84.5 86.3 87.3 87.9 87.1 84.6 82.3 80.9 80.7 80.4 80.6 81.5 82.4 83.6 84.2 83.9 85.7 87.2 86.8 85.5 83.7 81.8 80.4 78.2 76 73 70.3 67.9 66 64.6 62.6 60.9 59.8 58.1 56.7 55.3 51.9 40.4 33.9 47.8 49.3 50 50.8 53.7 54.9 56.1 56.8 57.2 57.3 56.5 55 54.7 55 55.8 56.5 56.8 56.5 56.1 54.3 52.4 51 50.9 53.3 55.1 56 57.4 58.1 57.3 66.3 71 77.6 83.7 89.4 94 96.5 98.8 97.9 99.2 100.3 95.5 94.9 96.9 100.8
79.5 80.2 82.1 83.6 84.2 85.1 84.4 81.2 78.8 77.4 76.9 76.4 76.6 76.9 77.4 77.5 77.8 77.6 78.4 80.7 82.2 81.4 80.4 79.1 76.6 74 71.3 68.9 65.9 63.2 61.2 59.6 58.5 57.8 56.6 55.2 54.2 52.4 50.4 45.7 33.2 42.7 45.1 47.9 51.4 54.2 55.6 56.3 57 57.6 58.1 57.9 58.1 57.6 58 59.3 60.5 59.4 60.8 58.3 57 56 55.4 55.9 58.5 59.9 60.6 62.1 62.1 57.9 66.9 71 76.8 83.5 88.4 91.5 94.6 95.7 97 98.4 98.5 97.9 98.5 99.6 103
75.8 76.7 79 80.3 81.1 82 79.5 76.6 74.8 73.4 72.5 72.3 72.3 72.6 72.8 72.7 72.5 73 72.8 73.9 75.6 75.8 75.6 74.2 72.7 69.9 67.3 64.8 61.7 59.3 57.3 56.2 55.5 54.8 53.5 52.2 50.6 48.4 46.4 44.5 31.3 40.1 45.8 48 51.8 53.4 54.6 56.1 57.1 57.8 59.2 60.6 61.4 61.4 62.8 65.3 65.8 63.7 63.6 63.6 62.6 61 61 61 63.6 65 66.7 67.9 68 66.1 57.1 66.3 71.6 78.5 84.4 87.8 90.3 92.7 95.7 97.3 98.6 99.4 102.8 101.5 102.3
72 72.2 73.8 75.9 76.5 75.7 74.3 72.6 70.9 69.5 68.5 67.9 67.9 68.2 69.1 69.3 68.9 68.7 68.4 67.9 68.9 69.9 70.8 70.1 68.6 66.4 63.6 60.7 57.9 55.4 54.3 53.4 52.6 51.6 50.2 49 46 45.6 45.1 43.3 30 40 43.3 47.6 51.1 52.3 54.1 55.4 56.8 58.1 60.5 62.2 63.4 65.4 69.5 73.8 73.7 72.7 70.1 70 69.6 67.1 67.3 67.9 70.1 71.9 73.3 73.3 73.3 71.5 69.7 61.7 65.9 73.4 80 84.6 87.7 90.6 94.8 96.3 98.2 99.6 100.6 99.9 100.4
67.3 67.9 67.7 68.5 68.7 69.2 68.7 68.2 66.8 65.7 64.7 64 63.6 64.2 65 64.7 64.8 63.9 63 62.7 62.6 63.5 63.8 64 63.8 62 59.8 57.4 54.8 53.2 51.8 50.4 49.6 47.5 45.7 45.5 45.4 44.5 43.2 40.8 31.3 36.8 43.1 47.3 49.8 51.5 53.6 55.5 57.3 59.1 61.5 63.8 65.4 68.8 74.2 79.4 81 79.8 76.8 77.3 76.8 75.2 76.7 75.9 77.1 78.4 79.2 79 79.3 77.9 75.6 71.5 64.2 68.9 76.6 82 84.7 87.7 91.7 93 96.7 97.5 97.7 97.7 95.5
60 63.3 63.7 63.6 62.9 62.9 62.7 62.6 62.2 61.6 60.5 58.6 58.6 60 59.8 59.1 59.7 59.2 58.3 58.1 58.2 58.3 58.5 58.6 58.1 57.1 56.4 54.7 52.5 49.9 48.8 46.7 45.2 44.9 44.9 44.6 44.2 42.1 40.3 38.2 31.3 39 43.7 47.3 49.1 51.6 54.4 57.4 58.5 60.1 62.8 65.8 67.5 72.7 78 80.9 81.4 80.8 79.9 81 83.3 83.1 82.8 82.9 82.8 83.5 85.6 85.7 84.4 83.1 81 78.4 75.5 70 72.6 79.7 83.2 83.5 85.8 88.8 93.7 94.5 95.8 96 92.5
55.9 59.1 59.3 59 58.1 57.7 57.5 57.5 56.5 55.8 55.1 53.2 54.3 54.7 55.1 54.6 54.6 54.7 54.9 54.6 54.2 54.1 53.9 54 53.8 53.2 51.8 50.7 48.7 45.5 43.6 43 44.1 44.3 44.7 43.2 40.6 40 37.4 31.3 36 40 44.1 47 48.8 52.2 55.4 57.9 59.7 61.4 65.2 69.5 72.5 76.8 79.2 80.6 80.7 80.7 81.7 82.3 84.9 84.6 84.5 85.1 88.6 88.4 88.8 89.2 88.1 86.9 85.3 82.6 79.5 77.2 70.4 70.7 77.7 78 78.3 77 84.8 88 91.2 90.4 89.3
47.1 52.8 53.5 53 51.9 52.3 51.6 51.1 50.9 49.9 48.9 48 49.5 50.4 50.7 50.7 51.3 51.4 51.5 51.2 50.8 50.8 51 50.9 50.5 48.4 45.8 44.5 42.4 40.7 41.6 44.7 46.3 45.4 44.4 39 37.9 36.4 31.3 31.2 36.1 38.9 42.2 45.7 47.9 51.7 55.6 58.2 60.9 64 68.9 73.6 76.8 79.5 80.4 80.4 79.9 81.1 82.1 83.4 87.3 85.6 85.6 87.2 92.2 94.6 93.3 92.4 91.6 90.4 89.3 87.9 85 82.8 80.8 81.6 77 82.3 86.5 85.2 79.8 78 80.2 81.6 81.5
45.1 47.1 47.5 44.6 47 47.8 47.3 46.6 46.1 45.5 42.5 44.4 45.2 46.1 46.8 47.3 47.6 47.9 48 48 47.7 47.7 48 47.9 46.7 42 38.1 38.4 39.3 43.4 44 44.9 45 43.9 40.9 37 37.3 34.3 20.7 32.1 35.7 39.1 42.1 44.6 47.1 51.2 55.4 59 63.2 67.7 71.6 75.6 79.7 81.5 81.5 81 80.6 81.3 83.1 86.3 89.8 87.5 90.6 95 98.5 100.5 99.3 98 96.3 95.4 94.3 93.2 90.6 88.2 88 88.8 89.5 88.4 89.5 87.6 84.9 80.6 84.8 88.9 91.2
40.8 40.8 41.8 39.4 42.6 42.7 41.8 41.2 40.7 39.6 40 40 41.2 42.3 42.9 43.1 43.5 43.9 44.3 43.6 43.3 43.7 42.3 42.7 42.1 35.6 38.9 42.4 41.3 37.3 37.7 39.3 39.9 38.5 36.4 36.6 36.5 26.9 26.4 31.9 35.5 39.3 41.8 44.5 47.5 52.9 57.1 61.7 67.4 70.5 72.3 76.9 80.8 83.2 85.2 84.1 83.3 84.5 88.2 91.6 95.9 94.2 97.9 101.9 103.7 105.2 106.9 104.8 100.8 100 99.2 98.4 95.9 94.6 94.3 94.2 94.7 94.2 94.2 91.9 89.2 86.7 82.3 87.9 92.6
28.8 29.3 29.7 29.6 31.2 32.1 32.5 32.8 34.4 32 36.2 36.2 37.7 39.3 39.8 40 41.4 40 39.9 39.8 40.6 38.1 33.3 35.1 34.1 32.9 34.2 35.2 36.3 39.2 40.3 36.8 37.1 35.8 35.7 35.1 32.6 21.1 24.7 31.5 35.3 38.9 41.5 45 49.2 55.2 60.1 63.9 67.2 70.2 72.6 76.4 81.5 84 86.1 87.6 88.5 90.6 92.1 96.1 100.8 102.6 103 107.1 108.6 108.2 109.1 105.8 103 102.7 103.4 105 103.8 100.9 100.8 99.5 99.4 98.9 98.7 96.9 94.5 91.6 87.3 88.1 92.8
19.8 20.5 19.4 20 21.1 22.1 18.7 17.3 15.4 27.3 30.3 30.8 34.4 36.2 37.7 36.6 35.2 35.1 34.9 35.9 33.8 30.5 31.3 30.6 32.2 35.5 36.5 36.9 37.9 36.7 34.6 35 35.4 36.3 36.1 35 28.3 17 28.6 34.5 38.5 41.9 44.3 47.2 51.4 56.3 59.7 62.9 65.6 68.8 72 74.5 78.4 82.5 87.4 89.9 92.3 93.9 95.1 97.9 102.2 103.4 104.8 108.6 109 108.4 107.9 107.2 105 105.1 106.9 109.3 108.5 105 104.3 104 103.3 101.1 100.2 100.2 99.4 95.6 92.9 92.9 96.1
-2.1 -2.1 -2.1 2 -2.1 6.9 1.8 2.1 5.3 12.4 14.3 20.4 23.3 32.5 31.9 30.9 30.7 30.4 31 29.5 30 30.3 28.9 31.7 33.3 33.7 33.6 34.3 32.6 32.8 34.8 35.9 35.7 34.4 33.2 32.3 19.7 20.3 32.8 36.8 40.1 43.7 46.6 50.2 53 56.3 58.7 61.4 64.4 67.3 70.5 74 79.7 85 89.1 90.9 94 97.1 98.1 100 102.4 102.9 104.7 107.8 108.5 108.5 108.3 108.3 107.6 109 109.5 110.9 108.5 106.2 105.5 105.3 105.5 102.8 101.6 101.9 101.2 99.9 96 95.4 98.1
-2.1 -2.1 -2.1 -2.1 -2.1 -2.1 -2.1 -2.1 -2.1 0.8 1.5 2.3 7 20.1 23.4 23.6 23.1 26.2 27.4 26.8 29.3 28.2 26.3 30.2 30.3 30.2 29.8 31.3 31.8 31.7 31.4 30.9 29.6 29.8 29.1 27.2 17.1 27.5 33 36.5 41.7 46.6 49.1 53 56.3 58 59.7 62 65.4 68.3 71.7 75.4 81.1 86.6 90.4 92.5 96.1 98.3 99.1 99.9 102 102.6 103.8 105.5 108.4 108.5 108.7 109.1 109.8 109.5 109.1 109.1 108.1 107 105.5 104.1 104.1 104 102.2 101.5 100.2 99 98.2 98.1 97.6
-2.1 -2.1 -2.1 -2.1 -2.1 -2.1 -2.1 -2.1 -2.1 -2.1 -2.1 -2.1 0.6 2 9.4 15.3 20.3 20.8 21.6 22.2 22.3 22.5 22.5 24.1 25.4 25.4 25.5 26.6 26.1 26 26.3 26.1 26.5 27.2 26.1 16.5 20 27.6 30.8 36.7 44.1 49.3 52.7 56.3 58.8 60.9 63.8 64.2 66.7 69.6 73.3 76.8 80.9 87.2 90.3 94.6 97 98.6 99.9 100.6 101 101.5 103.2 105.3 107.4 108.4 109.2 109.9 110 109.1 108.8 108.7 109.4 106.1 104.5 104 103.9 103.3 101.9 101.1 100 97.4 97.9 98 98
-2.1 -2.1 -2.1 -2.1 -2.1 -2.1 -2.1 -2.1 -2.1 -2.1 -2.1 -2.1 -2.1 0 1.4 5.7 17 17.7 18.3 18.4 18.4 18.5 19.3 19.6 20.4 21.5 22.5 22.1 21.5 21.5 21.5 22.4 22.4 17.6 16.3 19.1 22.4 26.5 30.8 39 47.1 52.5 55.6 57.8 60.5 63.3 65.5 66.6 67.7 70.8 74.2 77.8 80.6 86.7 90.7 94.3 97.5 99 99.4 99.9 100 100.8 102.5 104.8 107 108 109 111.9 109.3 109.1 108.8 108.5 107.8 105.6 104.3 103.9 103.6 102.9 101.7 100.9 99.8 97.4 98.5 98.8 98.4
-2.1 -2.1 -2.1 -2.1 -2.1 -2.1 -2.1 -2.1 -2.1 -2.1 -2.1 -2.1 -2.1 -2.1 -0.4 1.1 3.9 13.3 16.5 16.5 16.4 16.9 17.4 17.5 17.7 18.4 19.8 19.6 19.9 19.5 19.4 18.5 16.8 13.7 17.8 20.3 21.6 25.3 32.6 41.3 49.1 52.3 57 59.8 63.1 64.4 67.6 68.6 69.6 71.2 74.3 77.8 80.2 85.2 90.1 93.3 97.1 98.9 97.4 97.1 97.9 99.7 102.9 105.5 107.1 108.3 109.2 110.1 109.1 108.7 108.3 107.9 106.9 105.7 104.4 103.7 103.1 102.5 101.5 100.5 99.3 97.4 98.3 98.3 98.5
-2.1 -2.1 -2.1 -2.1 -2.1 -2.1 -2.1 -2.1 -2.1 -2.1 -2.1 -2.1 -2.1 -2.1 -2.1 -2.1 0.9 2.6 14 15.5 15.5 15.8 15.4 15.6 15.8 16.3 17.4 17.8 18.3 16.8 12.2 11.3 11.3 9.3 19.2 20.2 21.2 24.5 33.8 42.5 49 53.4 57.8 60.3 64.1 66.1 69.3 70.6 71.5 71.9 74 77.5 79.3 82 88 92.4 95.4 97 93.9 94.3 96.1 99.5 103 106.3 107.9 108.7 109.2 109.6 109 108.4 107.9 107.6 106.8 105.6 104.4 103.5 102.8 102 101.2 100.4 98.3 97.4 99.7 101.1 99
-2.1 -2.1 -2.1 -2.1 -2.1 -2.1 -2.1 -2.1 -2.1 -2.1 -2.1 -2.1 -2.1 -2.1 -2.1 -2.1 -2.1 0.8 1.4 5.9 14.4 14 13.5 13.6 14.1 14.5 16.4 17.2 16.1 11 9.1 8.8 10.4 15.3 19.8 19.6 20.8 24.4 35.2 43.3 48.9 55.6 60.3 61 65.3 68.4 70.2 71.9 72.1 72.4 74 77.5 78.8 79.3 84.5 89.8 91.3 91.1 91.2 92.4 94.8 98.9 103.2 106.3 108.1 108.9 109.4 110.2 108.8 108.2 107.6 107.3 106.9 105.5 104.4 103.6 102.2 101.1 100.1 99.9 98.2 98.2 98.8 100.2 100
-2.1 -2.1 -2.1 -2.1 -2.1 -2.1 -2.1 -2.1 -2.1 -2.1 -2.1 -2.1 -2.1 -2.1 -2.1 -2.1 -2.1 -2.1 -2.1 2.2 10.1 12.2 11.8 12.1 12.5 13 14.1 14.7 14.6 8.7 8 7.8 12.6 20.4 20 19.5 19.8 25.6 35.9 44.2 49.9 54.9 57.2 59.3 65.1 68 69.1 71.2 72.1 72.6 74.2 76.6 77.4 77.7 78.8 83.3 88.4 90 90.4 91 94.2 99.2 103.4 105.9 107.5 108.7 109.4 109.3 108.4 108.2 107.8 107.3 107.1 105.4 104.3 102.9 101.5 100.2 99.4 98.1 98.2 98.2 98.2 100.1 101.1
-2.1 -2.1 -2.1 -2.1 -2.1 -2.1 -2.1 -2.1 -2.1 -2.1 -2.1 -2.1 -2.1 -2.1 -2.1 -2.1 -2.1 -2.1 -2.1 0.8 2.2 9 9.6 10.4 10.7 11.1 12.5 13.9 12.4 6.9 7.1 6.8 19 20.7 20.4 19.7 20 27.5 38.6 46.3 50.6 53.7 57 60.8 66.6 67.2 69.3 72.8 75.9 72.9 73.5 74.9 75.3 75.7 77.3 83.2 87.3 88.7 89.1 90.3 94.5 100.4 104.3 106.2 106.5 107.6 108.6 108.3 108 107.7 107.4 107.5 107.1 105.7 103.6 102.2 101.1 100.1 99.3 98.2 98.2 98.2 99 100.8 101.8
-2.1 -2.1 -2.1 -2.1 -2.1 -2.1 -2.1 -2.1 -2.1 -2.1 -2.1 -2.1 -2.1 -2.1 -2.1 -2.1 -2.1 -2.1 -2.1 -0.4 1 2.3 5.2 8 8.4 10.1 10.1 12.5 9.4 6.1 6.2 11.1 18.8 19.8 20.1 19.8 21 30.3 40.4 47.7 53.2 53.5 57.9 62.4 67.9 69.1 69.7 74.1 73.8 72.1 71.8 72.7 73.4 73.8 77 81.2 84.3 87.7 89.3 90.3 96.1 102.1 106 106.3 106.1 106.4 108.6 107.2 106.8 106.6 106.5 107.3 106.9 105.2 103 101.9 100.9 100 99.2 98.1 98.2 98.1 99 101.4 104
-2.1 -2.1 -2.1 -2.1 -2.1 -2.1 -2.1 -2.1 -2.1 -2.1 -2.1 -2.1 -2.1 -2.1 -2.1 -2.1 -2.1 -2.1 -2.1 -2.1 -0.1 1.1 2.2 5 6.5 -2.1 8 9.6 8.1 5.9 6.2 14.8 16.6 17.8 19.3 19.9 21.7 33 40.1 46.3 50.3 53.8 57.5 62.1 64.1 65 67.4 72.8 71.1 67.4 70.1 73.8 73.7 75.7 78.8 82.1 86.7 88.9 89.7 90.2 94.2 101 104.6 104 103.8 103.9 105.5 105.5 105.8 105.6 105.1 105.5 106.6 105.1 103.7 102.7 101.1 100.2 100 98.9 98.6 97.2 96.7 98.4 100.4
-2.1 -2.1 -2.1 -2.1 -2.1 -2.1 -2.1 -2.1 -2.1 -2.1 -2.1 -2.1 -2.1 -2.1 -2.1 -2.1 -2.1 -2.1 -2.1 -2.1 -2.1 -0.1 0.4 0.9 -2.1 2.5 -2.1 6.6 5.5 5.4 7.8 13.4 14.4 16.1 17.7 18.8 22.4 33.9 42 46.9 51.8 51.9 55.1 59.8 63.7 63.8 64.5 66.7 69.1 65.2 71.2 74 76.3 77.7 79.7 82.9 86.8 90.6 87.6 90.3 92 95.8 100.7 102.1 102.3 102.3 102.8 104.8 105.6 104.5 103.2 103.4 103.5 104.1 103.3 102.8 101.6 101.5 101.6 100.9 96.4 93.4 92.2 92.1 92.9
-2.1 -2.1 -2.1 -2.1 -2.1 -2.1 -2.1 -2.1 -2.1 -2.1 -2.1 -2.1 -2.1 -2.1 -2.1 -2.1 -2.1 -2.1 -2.1 -2.1 -2.1 -2 -2.1 -2.1 -2.1 2 -2.1 3 3.9 5.3 6.5 9.3 13.8 14.4 16.5 18.4 22.6 34.9 41.4 48 52.4 48.5 51.3 58.3 63.6 63 62.1 62.7 60.2 67.7 72 75 77.5 78.3 81 82.4 86.2 84.8 85.5 92.5 90.1 93.5 98.2 100.4 100.7 100.7 102.6 104.5 105.4 104.4 101.1 101.7 102.7 102.8 102.7 102.2 102 102.4 101.8 99.1 93.4 90.4 89.9 89.9 89.7
-2.1 -2.1 -2.1 -2.1 -2.1 -2.1 -2.1 -2.1 -2.1 -2.1 -2.1 -2.1 -2.1 -2.1 -2.1 -2.1 -2.1 -2.1 -2.1 -2.1 -2.1 -2.1 -2.1 -2.1 -2.1 1.1 6.3 9.3 6 4.8 5.5 7.3 9.5 12.8 15.9 18 24.4 34.3 41.4 46.9 47.8 42 46.9 55.8 58 55.8 52.8 55.7 60.8 64 71.7 77.5 77.2 77.8 80.1 79.7 79 81.9 88.1 88.1 86.7 91.3 94.1 95.8 96.7 99.7 103.7 105.2 104.9 103.2 101.5 101.6 102.4 102.1 102.1 102.6 102.1 100 99 95.6 90.4 87.3 87.7 88.3 88.4
-2.1 -2.1 -2.1 -2.1 -2.1 -2.1 -2.1 -2.1 -2.1 -2.1 -2.1 -2.1 -2.1 -2.1 -2.1 -2.1 -2.1 -2.1 -2.1 -2.1 -2.1 -2.1 -2.1 -2.1 -0.6 0.8 2.2 11.7 13.2 10.8 6.7 7 8 12.1 15.2 18.3 25.2 32.4 39.6 37 41.8 36.5 44.4 46.7 45.5 49.9 51.1 54.4 59.1 63.3 71.3 76.6 75.7 77.1 79.9 76.4 76.1 80.6 83.4 82.6 84.1 89.4 91.3 93.2 94.6 99.8 104.1 105.1 103.9 101.6 101.3 103 103.5 102.1 101.1 100.5 100.9 98.4 95.5 94.1 90 86 86.1 86.9 87.8
-2.1 -2.1 -2.1 -2.1 -2.1 -2.1 -2.1 -2.1 -2.1 -2.1 -2.1 -2.1 -2.1 -2.1 -2.1 -2.1 -2.1 -2.1 -2.1 -2.1 -2.1 -2.1 -2.1 -2 -0.6 0.8 1.6 2.4 11.5 16.1 7.6 6.5 7.5 11.3 16.2 18.4 21.4 26.1 30.8 36.5 35.4 33.6 35.8 37.9 44.1 49.6 50.3 56.4 60.3 64.2 70 73.8 74.4 78 74.1 73.8 74.3 74.9 77.7 79 82.9 87 88.9 91.1 93.2 96.8 100.8 100.8 100.6 99.4 101.9 103.4 103.4 100.7 100.1 99.4 98.9 98 94.4 91.2 87.2 84.6 84.8 86.2 86.8
-2.1 -2.1 -2.1 -2.1 -2.1 -2.1 -2.1 -2.1 -2.1 -2.1 -2.1 -2.1 -2.1 -2.1 -2.1 -2.1 -2.1 -2.1 -2.1 -2.1 -2.1 -2.1 -2.1 -2 -0.6 0.1 1 1.8 5.4 16 8.9 6.5 9.4 12.4 17 19.5 20.2 23.4 28.4 31.1 32.1 34.4 39 43.3 47.6 47.6 50.9 59.1 58.7 62.8 69.4 72.1 72.4 73.1 72.7 72.8 73.3 74 75.2 78.3 84.2 86.2 87.4 90.3 93 94.2 94.5 95.6 98.9 100 102.4 105.9 102.3 100 99.4 98.7 98.5 95.7 91.4 88 85.7 82.6 82.7 84 84.5
-2.1 -1.4 4.2 -0.1 -2.1 -2.1 -2.1 -2.1 -2.1 -2.1 -2.1 -2.1 -2.1 -2.1 -2.1 -2.1 -2.1 -2.1 -2.1 -2.1 -2.1 -2.1 -2.1 -2.1 -1.3 -0.5 0.4 1.2 2.1 7.8 10.3 8 9.3 11.6 15.3 19.2 20.5 21.2 23.7 26.2 32.8 36.6 42.6 44.6 44 41.2 45.7 52.3 53.7 56.5 63.2 67.7 71.1 72.6 71.1 72.2 73.1 74 75.6 77.5 81.6 84.4 87 90.5 93.9 94.7 92 95.3 100.3 100 101.9 104.5 102.1 99 97.8 95.2 96.2 92.8 89.1 85 83.1 79.6 80.1 82 81.5
14.5 12.5 13.1 12.4 6.2 -2.1 -2.1 -2.1 -2.1 -2.1 -2.1 -2.1 -2.1 -2.1 -2.1 -2.1 -2.1 -2.1 -2.1 -2.1 -2.1 -2.1 -2.1 -2.1 -2.1 -1.1 -0.3 0.5 1.5 2.5 11.3 7.8 7.7 10.8 15 18.6 20.5 20.4 21.1 24 28.8 26.5 28 29.7 36.8 43.4 48.3 55.1 57.6 59.5 64.3 65.9 67.9 69.5 70.6 72 73.3 74.2 76.1 77 79 83.1 86 88.9 93.6 96.5 90.7 93.4 96.6 98.4 100.5 102 103.3 97.8 97.6 91.5 90.3 87.6 84.4 82.2 80 77.4 78 78.9 79.9
21.6 21.3 19.1 17.8 13.5 -2.1 -2.1 -2.1 -2.1 -2.1 -2.1 -2.1 -2.1 -2.1 -2.1 -2.1 -2.1 -2.1 -2.1 -2.1 -2.1 -2.1 -2.1 -2.1 -2.1 -2.1 -1.1 -0.2 0.8 1.8 5.2 6.8 7.5 10.9 14.7 16.5 18.9 19.5 22.5 27.4 27.3 31.7 33.6 31.6 38.8 42.7 51.3 59.4 66.3 64.5 67.4 69.8 70.5 71.2 72.1 72.9 74.1 74.4 75.5 77.2 79.8 82 84.7 86.8 88.8 93.4 89.2 92.6 94.5 95.5 96.5 94.8 96.6 94.6 93.1 88.2 87.5 86.8 85.2 83.7 82.3 77.4 77.2 79.7 80.8
