public/OST50/NG78.asc
ncols 200
nrows 200
xllcorner 170000
yllcorner 880000
cellsize 50
[rows 117 to 155 of 200, columns 88 to 175 of 200]
94.4 101.3 110.1 122.9 132 142.4 150.2 157.4 163.4 167.4 169.3 168.1 165.7 161.7 164.7 168.3 172.3 175.7 177.7 176.1 175.7 175.5 174.9 175.4 176.5 178.5 181.2 181 178.7 179 179.8 182.6 186.1 187.9 189.3 191 194.1 196.4 197.7 198.3 198.8 198.8 197.9 198.2 197.9 200.5 202 206.7 212 216.5 220.4 226.3 231.9 236.7 240.6 243.2 245.3 249.3 249.6 249 249.2 250.3 249.9 249.6 251.2 253.4 256 258.2 259.8 261.9 265.7 274.3 281.5 284.8 287.1 286.6 283.7 279.4 275.1 272.1 269.3 266.8 265 262.7 260.6 259.2 257.9 256.6
98.8 103.8 116.6 128.6 140 147.9 156.7 162.1 167.4 170.7 171.5 171 169 165.3 167.4 171.3 176.2 180.4 181.7 180.1 178.2 177.6 177.3 177.5 178.4 181.2 182.5 182.8 182.3 181.7 181.5 184.2 186.6 187.9 189.5 192 195 197.7 199.2 199.8 200.4 200.8 200 199.4 198.4 200.5 203.1 205.8 210.6 214.4 219.3 224.8 230.7 234.4 238.2 242.9 247.5 252.2 257 257 256.4 257.7 257.1 257.9 258.5 259.1 258.2 259.1 260.4 262.3 265.8 273.1 279.1 284 289.4 286.7 282.8 277.6 273.2 270.7 268.1 265.8 264.1 262.4 260.5 259.1 257.8 256.5
100.4 105.8 124.1 135.2 145.7 153.8 163.4 166.8 169.9 172.4 173.6 172.7 170.6 166.5 169.5 173.6 179.7 183.4 182.8 181.1 179.2 178.5 178.1 178.9 180.5 182 183 183.8 183.3 183.4 183.3 185.1 186.7 188 189.6 192.9 195.3 197.5 200 201.1 202.1 203.3 203.2 202.3 200.6 202.3 204.5 206.1 209.1 213.2 218 223.2 228.1 232 237.2 242.6 248.8 254.2 260.5 265.3 267.1 271.8 270.8 266.6 264.3 263.5 261.1 261.4 261.7 263.6 268.5 275 281.1 282.6 284.3 281 277.9 274.3 271.2 269.2 267 264.9 263.1 261.6 260.8 258.9 257.7 256.6
101.9 111.7 130.1 141.9 150.4 159.3 167.4 170.8 173.2 174.5 175.8 174.9 171.4 167.3 171.8 175.8 181.1 184.4 184.4 182.2 180.6 179.4 179 180.1 181.6 182.8 183.7 184.8 184.6 185 185 185.2 186.9 188 189.4 192.6 194.8 197.1 199.9 203.5 205.4 208.3 208.3 205.9 203.9 203.1 204.5 206.2 208.5 213.1 217.3 221.2 225.4 228.5 235.1 242.8 249.2 256.5 263.7 269.1 273 276.6 273.7 268.4 265.4 264.2 263.2 262.6 263.5 267.5 272.6 279.5 281.6 279.7 278 276.8 275.1 271.4 269.3 267.5 265.4 263.9 262.8 261.7 260.5 259.1 257.9 256.8
105.4 116.6 132.8 147.3 154.7 164.9 170.8 174.7 176.3 177.7 178.4 177.1 173.5 169.3 173.9 178.5 182.7 184.5 184.2 182.6 181.8 180.8 181.1 181.8 182.5 183.6 184.5 185.5 186.6 186.8 187 186.5 187 187.9 189.1 192 194.5 197 200.7 204.8 209 213.7 213.8 210.8 207.4 205.2 205.7 206.5 209 212.3 215.6 219.7 223.4 226.7 231.8 243 249.2 256.4 263.6 269.6 273.8 276.7 273.2 268.1 266.3 264.9 264.2 264.5 266.6 269.3 272.8 277.9 278.8 276.4 275.8 273.6 271.7 269 267.1 265.5 264.5 263.5 262.4 261.3 260.1 259 258 256.9
109 121.8 136.5 150.2 160.5 169.8 173.6 177 178.9 180.2 178.9 177.6 176.7 174.4 177.2 182.4 184.8 185.2 184.6 183.2 183 182.1 182.8 183.8 184.4 185 185.9 187.5 188.8 189 188.3 187.9 187.6 187.8 188.4 191.8 194.4 197.2 201.4 207.6 213.4 219 218.9 216.7 212.2 208.6 207.7 208.8 209.5 211.9 214.2 218.2 222.3 226.4 231 240.4 249.1 256.2 262.1 267.7 272 273.2 272 269.3 266.9 265.7 266.9 267.1 268.1 269.4 271.5 272.7 272.3 272 271.5 269.8 268.1 266.7 265.9 264.9 264.3 263.3 262.2 261.2 260.1 259.2 258.4 256.8
110.7 125.2 140.6 154.3 166.5 172.2 175.5 178.3 180 180.1 179.1 178.1 177.7 178.2 177.7 183.3 185.4 185.5 184.9 183.9 184 183.4 184.6 185.8 186.6 186.9 188.2 190.2 191 190.6 189.7 189 188.3 187.8 188.1 191.6 195.5 198.3 204 212.2 217.2 222.1 222.1 221.1 217.6 212.9 211.2 211.7 211.3 211.9 214.3 218.4 223.2 226.3 231.5 240.4 250.7 256 260.8 264.5 266.9 268.1 268.5 268.8 267 266.6 268.7 270.2 270.7 269.5 270.5 270.9 271.2 271.1 270.2 268.9 267.7 266.2 265.3 264.4 263.7 263.1 261.9 260.8 260.6 259.8 259 257.4
111.9 128 142.2 158.3 166.6 172.1 175 178.6 180.6 180 179.6 178.6 177.8 181.5 182.7 181.2 184.9 185.4 185 184.5 184.7 185.1 186.3 187.6 188.8 190.7 192.7 194.2 192.9 192 190.9 189.6 189 188.3 189.4 192.7 196.8 200.6 207.2 216.5 221.8 227 226.6 225.4 221.7 217.7 214.7 214.8 214.1 211.8 214.3 218.1 222.4 227.5 233.9 245.5 252.5 255.9 259.2 261.6 263 263.8 264.1 264.4 265.3 266.4 268.2 269.6 270.3 269.4 269.3 269.8 270.2 270.7 270.1 269 267.4 265.3 264.2 263.1 262.1 261.2 260.7 260.8 261.3 260.5 259.7 258.1
112.7 129.1 144.4 155.5 165.3 170.8 175.8 178 179.4 179.7 178.4 177.2 183.6 185.9 185.3 181.3 183.9 184.4 184.9 184.7 185.3 186 187.1 188.7 192.5 195.8 197.8 198.5 196.9 194.5 192.2 190.6 189.8 189.4 191.2 194.7 198.4 204.1 211.4 221 231.3 233.4 232.2 229.5 225.5 221.1 218.5 217.9 217.7 218.6 216.6 218 222.8 228.5 234.7 245.3 250.9 253.7 256.3 258.5 260.1 260.8 260.8 260.7 261.5 263.5 265.2 266.6 267.2 266.7 266.5 268 268.7 268.9 268.1 266.2 264.7 262.8 261.3 260.5 259.4 258.4 258.7 260.4 261.5 261.4 261.5 260.1
113.3 129.8 142.7 155.1 163.1 170.2 174.4 175.7 177 178.6 178.9 183.5 190 190.2 187.9 184.9 183.7 183.1 183.8 185.1 185.8 186.7 187.6 190 194.9 199.5 202.2 203.8 202.4 199.1 196.4 194.3 193.9 193.7 195.2 198.3 202.3 209.5 217.3 226.2 237.7 238.8 235.7 231.8 227.6 224.2 221.9 222.5 222.8 224.1 222.3 219.8 224.4 228.5 233.5 239.8 246.1 249.1 251.7 254.2 255.9 256.7 256.6 256.9 258.4 260 261.7 262.9 263.1 263.3 263.7 265.3 266.7 265.1 262.5 261.9 260.8 259.8 258.4 257.6 256.7 256 256.6 257.2 260 261.3 263.3 262.1
113.9 128.5 140.9 155.7 164.8 169.5 172.3 175.2 177.4 178.9 180.8 186.6 194.1 194 191.3 187.5 184.3 183.1 183.1 184.9 185.3 186.2 188 191.8 198.8 202.4 205.3 207.5 207.1 203.8 200.4 198.9 198.4 198 200 204.2 208.9 214.1 221.8 229.2 241.1 241.2 237.7 232.5 228.4 225.9 224.3 227.1 227.4 227.5 225.6 222.6 225.4 230.1 231.9 235.1 239.4 243 245.7 248.1 250.2 251.6 251.8 253.2 254.6 255.9 257.3 258.3 258.5 259.7 260.3 261 260.8 258.6 258.5 258.4 258.5 257.2 256.5 255.3 254 253.1 253.9 254.7 256.5 258.7 260.8 260.6
112 129.4 142 156.9 163.1 167 170.1 174.3 178.4 180.7 185.2 191.2 195.3 195.6 192.1 188.5 185.2 183.1 183.1 183.1 183.2 186.6 188 192.9 200.2 204.5 208 211 210.7 207.9 204.8 203.1 202.9 202.4 204.4 209 214.3 219.6 229.1 236.4 242.7 242.2 238.2 233.1 230.1 228 227.9 230.5 230.7 229.6 226.9 223.5 222.2 223 225.3 227.7 232.3 236.2 238.1 240.5 243.1 245.1 246.6 247.6 249.4 251.2 252.8 253.9 254.5 255.1 255.4 255.3 254.1 254.1 255.3 255.7 256.3 255.7 255.5 254.1 251.3 250.4 251.1 252 254 256 257.9 259.1
111.2 126.2 142.2 152.8 159.9 164.8 169.2 175.2 179.3 183.2 190.4 194.5 197.5 196.1 193.2 189.6 186.4 183.1 183.1 183.1 183.1 186.3 188.8 193.5 200.9 208.5 213.9 214.8 214.2 212.1 209.6 207.6 206.5 206.8 209.1 213.9 219.6 226.6 235.2 240.5 243 242.6 238.4 233 230.7 229.6 230.5 232 232.5 231.8 228.1 222.6 219.6 217.4 217.5 219.6 223.9 228.2 232.2 233.3 234.1 236.5 239.8 241.7 243.9 245.6 247.2 248.2 249.7 250.3 250.4 250.4 249.6 250.4 252.2 253.9 256.1 257 256 254.1 250.9 249.1 249.1 249.7 251.6 254.1 257.2 258.4
112.8 126.9 138 150.3 158.2 164.1 169.5 175 180 185.7 192.3 195.9 198.2 196.7 194 190.5 186.9 182.6 183.1 183.1 183.1 186.2 190.7 197 203.9 210.8 217 219.6 218.3 216.3 213.7 210.9 208.9 210.3 216.1 220.1 223.9 231.2 238.1 241.8 242.7 240.3 236.2 232.7 231.3 231.5 232 232.6 232.5 231.3 228.1 220.9 218.2 216.1 213.9 213.2 215.2 217.1 220.6 223.8 227.2 227.9 230.8 234.7 237 239.6 240.5 241.6 243.2 244.4 245.2 245.3 245.5 246.9 249.6 252.7 255.6 259.2 258.1 255.5 251.8 247.4 246.8 247.9 249.1 251.5 254.9 257.2
113 127.2 137.4 150.4 158.4 166.4 171.8 176.6 181.2 188.9 193.2 197.1 198.5 196.7 194.3 191 187.7 184.4 183.1 183.1 183.7 188.3 193.2 199.7 208.7 217.1 223.3 225.8 222.7 218.9 215.9 213 211.6 214.4 220 222.9 227.2 233.3 239.2 241.9 241.2 237.8 234.5 232.4 231.3 232.4 232.4 232.5 231 229.4 226.4 218.7 215.5 213.3 210.8 208.1 206.3 206.7 208 213.3 217.2 220.2 223 227 229.7 232.5 234.9 235.8 236.1 237.1 237.6 238 239.9 243 246 250.4 256.4 258.5 258.4 255.5 250.8 246.2 243.8 245.8 246.7 249 253 256.2
112.8 127.5 140.1 152.7 161.1 167.1 172 176.8 182.9 188.9 195 198.4 199.2 197.2 194.5 191.3 188.2 185.5 183.1 183.1 187.1 191 196.9 203.5 213.4 221 225.1 227.7 224.1 219.9 216.3 213.9 213.5 217 221 224 228.5 232.5 239.3 241.2 239.4 236.6 233 231 229.7 230 230.4 230 228.5 226.2 223.3 219.1 214 210.1 207.5 202 199.9 199.9 199.9 202.2 207.2 211.2 215.9 220.1 223 225.9 228.4 230.4 230.8 231.3 231.6 231.6 233.6 236.8 242.4 247.4 252.8 257 259.9 254.7 247.7 244.2 241.2 243.6 244.6 246.9 251 255.2
113.7 129.5 142.8 153.8 160.7 165.7 170.5 175.3 181.2 188.6 195.9 200 200.5 198.3 195.2 192 188.9 186.1 183.3 183.4 188.5 191.9 199.3 206.9 216.9 221.7 225.7 227.4 223.8 220 216.7 214.5 214.4 217.7 221.4 222.8 226.1 230.9 236.5 238.4 236.4 233.8 230.8 228.6 226.8 226.6 227.2 227.3 225.7 223.3 220.4 217.4 213.5 208.7 204.6 199.9 199.9 199.9 199.9 199.9 204.1 206 208.4 214.5 217.1 220.4 224.8 227.1 227 226.4 226.3 225.9 227.1 231.1 237 242.8 249.4 255.4 260 252.6 245.3 242.7 239.5 241.3 243 244.9 249 255.3
118.4 130.6 141.9 152.2 159.7 164.2 168.7 173.5 178.5 185.9 194.6 199.5 201.8 200.2 197.1 193 189.4 187.4 186.2 185.7 189.4 193 200.3 208.9 217.1 222.4 225.4 225.4 223.2 219.6 216.3 214.1 213.3 217.3 219.8 220.9 223.7 227.8 230.2 232.2 230.9 227.6 226.5 224.6 223.2 222.4 222.9 223.7 222.8 220 217.1 214.3 210.9 207.6 204.6 199.9 199.9 199.9 199.9 199.9 199.9 203.5 205.8 208.4 212 216.4 221 222.6 221.4 220.4 219.9 220.1 220.8 225.3 232 238 245.2 252.6 257.2 247.8 242.7 240.7 238 240.2 242.1 244.6 248.6 256.9
120.4 132.7 142.1 151.5 158.5 162.9 167.8 172.6 176.5 182.9 192.3 198.6 202.1 202.1 199.1 194.8 190.7 188.6 187.6 188.7 190.7 194.6 202.2 211.2 217.6 222.6 223 223.1 221.8 218.4 215 212.5 210.9 212.1 215.2 218.7 221.6 223.8 224.1 223.5 224.3 223.6 222.2 220 218.8 218.2 218.6 219.4 218.6 216.5 214 211.3 208.3 205.7 204 202.8 199.9 199.9 199.9 200.4 200.6 203.4 204.6 206 208.6 212 216.4 217.8 215.7 214.9 214 213.6 216 220.3 226.1 232.7 238 245 250.9 241.4 240.2 238.3 236.9 239.3 241.9 244.6 251.8 263.2
118.8 133.4 142.4 150.7 156.4 161.7 165.9 170.2 174.5 181.6 191.3 199.7 203.8 204.4 201.2 196.3 192.2 189.9 189.1 190.1 191.8 197.1 204.5 211.9 215.4 218.1 220 218.9 217.6 215.3 212.1 209 206 205.4 207.9 212.5 215.6 216.9 217.1 217.9 220 220 218.3 215.9 214.4 214.4 214.7 215.5 214.7 212.7 210.2 207.7 205.1 204.3 203.1 202.6 201.2 199.9 202.7 203.8 203.2 204.5 204.8 205.6 206.7 208.2 211.4 213.4 212.5 210.2 209.5 209.6 210.3 214.9 219.8 226.2 231.4 235 238.8 235.6 236.7 236.5 235.4 238.2 241.5 244.8 252.2 262.3
117 132.6 144.8 148.4 153 159.3 162.8 166.7 171.4 181.3 192.7 201.6 208.8 209.6 203.6 198 193.8 191 191 191.6 193.9 201.1 205.5 210.4 212.6 214.2 215.4 214.9 212.8 210.8 208.2 203.7 200.3 199.6 200.1 202.7 206 208.8 210.6 214 216.7 216.2 214.5 212.6 212 211.7 211.7 212.1 210.5 208.6 206.4 204.1 202.2 201.7 201.2 201.2 201.7 202.6 204.5 204.9 205.3 205.7 205.8 205.5 205.2 206.3 208.3 210.2 209.4 207.6 207.6 207.7 207.9 209.7 215.2 218.9 223.1 226.4 228.9 231.5 234.2 234.8 235.5 237.8 240.7 242 250.3 257.5
114.7 126.5 139.2 142.3 150 154.6 158.2 162.4 168.7 176.6 191.7 203.7 210.1 211.2 205.7 199.6 194.5 191.9 191.2 192.4 196.7 202.6 205.9 209.2 210.2 210.6 210.9 211.1 209.4 207 202.8 198 195.6 194.8 195.2 197.4 200.4 203.2 206 209.3 211.3 212.5 211.9 210.6 209.9 209.3 209.2 208.5 206.5 204.9 203.1 200.9 199.6 199.2 198.7 198.3 198.4 201.7 204.2 204.3 203.7 204.2 204.9 204.9 204.8 204.8 206.2 207.6 207.4 206.5 206 206 206.2 207.2 210.2 214.7 219.2 222.5 225.2 228.3 232.2 234.6 235.2 237.3 236.9 239.3 247.4 254.7
119.2 129.2 133.1 142.7 148.6 152.6 155.9 159.9 164.3 170.5 185.9 198.3 206.7 207.3 204.6 200 195.7 192.1 191.4 193.2 197 202 204.5 204.8 204.4 204 205.4 207.1 208.2 204.6 199.2 194.7 192.4 190.4 191.9 194.7 197.3 200.3 203.1 205.7 207.2 208.9 209 208.7 208 207.4 206.6 205 203.4 201.7 199.8 198 196.9 196.7 195.8 194.1 194.6 198.3 199.8 199.2 198.5 200.7 202.4 202.4 202.6 204 204.9 207.3 207.5 205.6 204.9 204.5 205.8 206.9 209.3 213.8 217 219.9 224.2 228.6 231.6 233.8 234.5 235.4 235.8 238.9 243.9 251.2
119.4 130.2 137.2 142.6 147.4 151.3 155.4 158.4 162.2 167.5 178.7 190.5 201.2 204.6 202.3 197.7 194.2 190.9 190.2 191 193 197.8 198.8 197.7 198.2 200 201.2 205.4 208.2 203.3 196.8 193.2 190.4 190 190 193.1 195.6 198.6 201.4 204.5 206 207.1 206.9 206.5 206 205 202.3 201.1 200 198.3 196.2 194.8 193.8 192.8 192 190.4 190.2 191.7 193 191.9 192.1 193.4 195.5 197.6 199 200.2 200.8 202.5 203 204.1 203.9 205.3 207.6 209.5 211.4 215.5 217.9 220.3 222.8 226.7 231 233.1 233.6 234.5 236.1 239.3 244.7 251.9
122.4 130.7 136.2 142.7 147 151.7 155.2 158.1 161.2 166.5 175.6 185.8 195.7 204.1 200.4 195.3 191.7 188.5 189.1 188.3 188.6 190.9 192.3 194.5 196.3 199 201 205.9 209.3 202.8 194.9 191.9 190.4 190 190 191.6 194.9 197.6 200.1 202.9 204.9 205.6 204.2 201.6 200 198.4 197 195 195 194 192.2 190.9 190.2 188.7 187.5 185.6 185.1 186 186.1 186.3 187.5 189.4 190.1 191.2 192.1 193.8 196.7 198.6 198.9 200.2 202.4 205.2 207.9 210.7 214.1 220 219.8 220.4 221.9 224.4 227.7 231.1 233 234.4 236.4 240 244.2 249.9
128.6 131 135.9 141.5 147.3 153.3 155.9 158.1 160.9 166.8 175.5 182.4 192.7 200.5 199.3 191.9 188.4 185.6 184.9 184.4 185.1 186.9 189.6 193.1 196.5 199.6 203.6 208.9 209.3 202.6 194.7 191.4 190 190 190 191.1 194 196.5 199 201.5 202.8 202.4 199.3 195.3 192.6 192.5 190.8 190.4 190.1 189.7 188.5 187.2 186.8 185.8 183.6 182.1 181.7 182.7 183.3 183.9 184.5 186.6 187.7 189.2 188.9 190.7 193.4 197.6 196.3 196.7 200.7 205.1 208.1 211.4 217.3 219.1 219.2 220.4 221.3 220.9 224.4 228 232.1 235.6 237.4 239.7 243.1 249.3
126.5 130.8 134.8 139.8 147.1 152 155.8 158.3 161 165.6 174 181.1 188.2 191.9 191.3 186.4 183.7 181.6 181.1 181.7 183.1 184.9 188.7 194.8 197.8 201.6 207.3 212.5 209.5 202 195 191.6 190 190 190 191.5 193.4 195.7 198 199.8 197.4 194.1 190.8 188.4 187.5 187.7 187.6 187.6 187.7 187.2 185.5 183.9 183.3 182.6 180.2 179.2 180.4 181.4 182.2 182.8 183.3 184.2 187.4 187.8 187.7 189.9 191 193.1 194.2 195.6 200.9 206.1 209.5 214.3 217.7 218 219 220.5 219.2 218.1 219.9 225 231.7 236.8 240.8 241 244.7 249.4
122.3 130.5 137 142.9 147.6 152.4 154.5 156.6 160 164.7 171.8 178.8 184.3 186.4 184.8 181 178.9 177.3 177.8 179 181.6 186.2 191.3 195.7 198.9 205 210.5 211.6 207.8 201.6 195.2 191.9 190 190 190.3 191.7 192.8 195.1 197.4 197.4 191.8 187.2 184.8 182.6 182.4 184 184.6 184.6 184.8 184.7 182.5 180 179.6 178.2 177.8 177.2 178.7 180 181 181.6 182.6 183.6 185.5 186.2 187.4 190.7 190 190.6 193.8 197.5 202 206.4 211.1 214.8 216 216.6 218 217.1 216.2 215.3 216.7 220.7 227.8 238 248.2 244.9 245.8 248.8
124.9 132.8 138.3 143.5 149 154.2 157.1 159.8 162.5 163.4 169 174 177.3 178.4 176.8 176 175.7 175.9 176.9 178.6 183.5 188.2 192 196 199.8 204.5 206.4 205.5 203.4 199.7 195.1 192.4 189.8 189.5 190.3 191.4 191.9 193.7 195.3 192.7 187.8 183.5 180.6 177.7 178.4 180.6 182.1 181.7 180.9 180.2 178.8 176.4 175.7 175.7 175.1 175.1 177.4 178.7 179.7 180.7 181.6 182.6 183.5 185 185.3 187.5 188.6 188.8 192 196.7 202.2 208.5 212.7 213.6 214.3 217.1 216.2 213.5 210.9 212.1 213.5 216.7 225.3 236.5 245.3 243.5 241.6 246.5
128.4 136.9 142.4 145.6 150.4 154.7 158.9 163.1 164.8 165.6 167.5 169.3 170.5 171.4 172.5 173.6 175.1 176.1 177.3 181.2 187.5 190.9 194.7 198.7 201.7 202.9 201.3 200.9 198.5 196.2 193.5 191 188.3 188.9 189.9 190.2 190.1 190.6 190.2 185.9 183 180.3 178.2 177 177.4 179.3 179.9 178.9 177.7 176.5 174.8 173.1 173.5 173.9 172.9 173.6 175.9 176.9 177.6 179.4 180.5 181.7 182.5 183.6 184.7 185.8 186 187.1 189.6 194.8 198.1 203.6 208.9 208.3 211 214.1 213.3 208.2 206.4 208.3 210.2 212.6 221.4 229.4 239.2 243.5 238 240.9
131.6 140.7 144.8 148.5 152.2 156.1 160.2 164.8 166.8 167.3 166.1 166.7 168.8 169.5 170.9 173 175.5 177.4 178.7 184 188.4 195.2 198.7 200.1 200.1 200.8 199 196.4 194.1 191.9 189.7 187.5 185.7 186.6 187.2 187.3 187.4 186.1 184.5 182.1 180.7 178.7 177.1 176.6 176.9 177.8 178.7 177.6 176.4 175.1 173.8 171.8 172 172.2 168.8 171.9 173.5 175 175.7 177.2 178.3 179.6 181.3 182.5 185 183.1 182.8 184.7 187.7 192.2 194.2 196.9 201.7 201.2 203.5 204.9 205.1 204 202.4 203.8 206.1 211.3 218.7 224.5 230.3 236 235.7 236.9
131.7 141 145.8 151.7 154.8 158.6 162.1 166.1 168.6 168.7 168 169.1 169.4 170.1 171.9 173.9 176.5 178.6 180.2 184.9 190.2 195.9 199.4 200.4 199.9 199.3 196.5 193.5 190.7 187.8 185.6 184.1 183 183.2 184.1 184.5 184.1 182.8 180.6 179.5 177.9 176.4 176 176.7 177.7 180 182 179.2 176.6 175.6 173.9 171.2 170.7 170.7 167.7 170.7 171.8 172.8 173.9 175 175.9 177.3 179.1 181 183.2 182.1 181.2 183.2 185 189.3 193.2 193.8 194.1 193.8 193.5 196.8 197.2 198.2 199.4 200.5 203.1 208 214.2 219.2 225.9 231.6 234.9 233.6
130.1 140 150.1 154.6 157.5 161.4 164.4 166.4 169.3 170 169.9 170.4 171 171.7 173.5 176.4 177.7 180 182.8 186.9 191.3 194 196.3 197.5 196.7 195.6 193.5 190.6 187.8 185 182.7 181 179.8 179.5 180.2 180.5 179.9 178.5 177.8 177 176.2 175.5 176.5 177.3 179.1 183.2 186.6 184 179.8 176.6 174.5 171.5 169.3 169.2 166.4 168.9 169.6 170.7 171.8 172.9 173.8 175.6 177.5 177.6 179.3 178.8 180.5 183.8 185.1 187.9 191.4 192.5 191.9 191 190.1 189.7 190.3 194 195.9 197.7 200.5 205.2 210.1 216.3 223.5 228.2 228.5 228.2
130.8 139.2 149.6 156.7 161.9 165.9 166.9 168.1 169.7 170.7 171.2 172.1 172.7 173.8 177.1 179.6 181.6 183.3 186.7 189.7 191.8 193.4 193.4 192.6 191.6 189.9 188.9 187.3 184.7 182.1 179.8 178.1 177 177.3 177.4 177.3 176.9 176.3 175.9 175.3 175.5 176.1 177 178.4 180.3 184.7 187.8 187.3 182.9 179.1 175.4 171.1 169 167.3 165.7 166.3 167.4 168.6 169.9 171.2 172.4 173.7 175 174 174.8 178.3 180.8 184 186.2 187.6 189.7 190.3 190 190.1 187.8 186.5 186.1 187.3 191.5 193.5 198.4 205.3 208.8 212.8 217.8 218 220.7 225.2
131.8 140.8 149.5 158.3 164.2 168.1 169 169.2 170.2 171.2 172.4 173.7 175.5 177.1 178.8 181.6 183.6 185.4 188 190.6 192 193.2 192.1 189.4 186 184.1 182.9 182.6 180.1 178 177 174.8 173.2 173.1 173.8 174.4 174.5 174.5 174.2 175.7 176.6 177.1 178.2 179.1 181.5 184.3 186.7 185.7 182.9 178.9 175 170.9 168.3 165.1 164.6 164.6 166 167.2 168.4 169.7 170.7 171.3 171 175.7 177.8 179.4 181.1 184.5 186.8 189.5 190.1 189.1 187.6 187.8 186.8 185.3 183.6 182.3 185.9 190.9 197.2 201 204.4 207 211.8 216.9 223.4 226
122.4 133.7 144.1 153.5 162.2 167.8 170.8 170.2 171 174.1 177.8 179.1 181.1 181.5 182.6 183.5 185.1 187.1 188.9 190.8 192.3 193.3 191.9 187 181.8 178.3 177.6 177.6 176 174.7 172.8 170.6 169.6 168.8 169 169 170 170.6 174.9 179.4 183.6 183.5 181.8 180.3 180.1 181.9 182.7 181.1 179.6 177.2 173.4 170.5 166.6 162.7 162.9 164.6 165.2 166 166.9 167.4 168.2 169.9 172.6 175.6 178.1 179.2 181.5 184.9 187.3 188.2 188.1 186.9 186 186.1 185.6 184.6 183 179.1 180.9 186.4 193.1 197.1 202.2 205.4 209.9 216.3 222.6 223.9
115.4 124.1 133.8 146.1 157.9 165.4 171.5 171.7 172.4 177.8 182.4 185.6 186.2 185.6 184.8 185 186 186.8 187.4 188.6 189 187 183.8 180.4 178.5 176.2 175.6 175.6 174.1 171.8 169.5 166.7 165.6 164.2 163.7 162.4 162.5 166.6 170.8 180.7 186.8 186.9 183.9 179.5 177.8 177.6 177.7 176.8 175.5 173.1 170.6 168.4 165.2 160.5 162.5 165.3 166.2 167.1 168.3 168.6 169.4 171.3 172.7 174.4 176.4 178.6 182.5 185.2 186.3 186.5 185.8 185 184 182.8 182.8 183.1 180.8 179.2 179.2 181.6 186.7 194.3 199 204.5 206.6 213.3 218 217.6
112.1 119.1 128 139.1 149.6 159.9 168.1 171 174.5 179.5 184.7 187.8 188.2 187.1 186 184.3 184.2 184.2 184.9 184.4 182.4 180.3 178.5 177.1 176.3 175.4 174.8 174.2 173 170.3 167 162.9 159.2 156.5 155.8 154.8 156.9 161.7 165.5 172.4 178.8 181.9 181.3 177.9 174.8 173.7 172.7 171.8 170.9 169.2 166.8 165 162.7 159.1 162.5 164.6 166.7 167.4 168.5 169.4 170.3 171.5 172.3 173.3 175.3 177.4 180.4 182 183.3 183.6 183.5 182.8 180.9 180.6 180.6 179.2 179.2 179.2 179.2 179.2 183.2 191.6 195.4 200 203.6 206.2 207.4 208.3
109 115.5 125.7 136.2 146.3 155.7 165.4 170.7 175.5 180.2 184.8 188.4 190.3 188.7 185.4 182.4 182.4 181.9 181.3 180.4 178.6 176.6 176.4 175 174.4 174.1 174 173.4 171.1 168.3 164.1 159.2 155.4 151.6 150.8 150.9 152.7 156.7 161.4 165.6 171.8 175.4 176.8 173.8 171.1 169.4 167.7 166.6 165.7 164 162.9 161.5 160 157.4 160.9 162.5 164.2 165.7 167.3 169 169.8 171.6 172.6 172.2 172.5 174 175.8 176.6 177.9 179.3 179.3 178.8 178.8 179 180.2 179.2 179.2 179.2 179.2 179.2 181.2 187.1 192.4 195.7 200.7 200.4 202.7 207.2
