public/OST50/NG78.asc
ncols 200
nrows 200
xllcorner 170000
yllcorner 880000
cellsize 50
[rows 156 to 194 of 200, columns 88 to 175 of 200]
107.5 111.8 121.6 133.8 144.7 152.7 162.2 170.2 174.4 176.8 182 185.7 188.3 188.2 184.3 178.8 178 177.4 176.9 175.9 174.5 172.9 173 172.7 172.1 170.9 170.5 167.8 164.7 162.6 160.5 155.3 151.8 149.5 149.3 149.9 151.8 153.4 157 160.7 165.2 169.5 170.6 169.3 166.8 165.1 164.2 163.3 161.9 160.9 160 159.4 158.5 156.4 158.3 159.8 161.4 163.5 165.9 167.4 169 171.9 171.7 171 170.1 169.9 170.3 170.4 170.9 172.4 172.7 173 174.1 176.9 180.3 185 179.2 179.2 179.2 179.2 180.6 184.4 190.8 194.3 196.8 198.8 199 200.8
106.4 110 116.2 126.9 141.3 151.1 159.1 166.4 171.6 174.4 177.6 180 181.4 181 176 174.3 174.5 173.7 172.7 170.8 169.4 168.5 167.5 166.7 166.2 164 163.8 163 161.7 160 157.7 153.8 150.8 148.7 149.1 149.4 150.7 152.4 154.2 157.2 159.6 161.6 163.3 163.5 163.6 163 162.3 161.6 160.7 159.8 158.8 157.9 157.1 153.4 155 156.9 159.2 161.4 162.7 164.4 166.4 170.8 169.7 168.1 167.4 166 165.4 165.3 165.7 166.2 166.8 167.4 167.9 173.4 178.9 183.8 186.4 180.6 179.2 179.2 180.7 187.5 192.4 194 195.9 198.2 195.5 198.1
105 107.1 113 120.4 130.9 145 154 161 165.9 170 172.9 172.3 171.7 170.8 170.4 170.9 170.9 169.4 168 166 164.2 163.4 161.8 160.5 160.1 159.5 160.4 161.5 160 158.5 155.5 152.6 149.8 146.4 149.4 150.6 151.4 152.2 154 156.7 158.4 160.1 161.1 162.2 162.6 162.4 161.7 161 160.4 158.9 157.7 156.5 156.4 153.4 151.5 155.2 157.7 159.4 160.3 161.3 163.2 164.4 164.7 163.4 163.1 162.3 161.8 161.3 161.4 161.8 162.6 163.6 164.4 167.4 173.3 179.5 186 183.1 179.2 179.2 185.9 190.8 197.6 193.4 193.8 194.2 193.9 195.9
103.8 103.7 105.5 113.2 124.1 131.3 144.8 152.8 156.8 159.6 160.2 163.4 164.4 165.5 165.5 166.8 167 165.9 162.7 160.7 159.4 158.8 158.2 157.3 157 157.5 159.2 159.8 158.7 156.3 153.8 150.8 148.5 147.8 149.7 150.8 151.7 153.1 154.6 156.6 158 159.5 160.3 161.2 161.4 161.6 161.1 160.5 159.8 158.2 157.3 155 154.1 151.4 150 154.4 156.2 157.5 158.6 159.7 161 161.3 161.6 160.6 160.1 159.7 159.1 158.7 158.4 159.2 159.8 160.6 162.4 165.1 168.6 174.9 179.6 181.1 179.2 179.5 187.8 191.8 191.8 191.2 190.8 191.9 192.1 195.3
98.6 99.8 100.3 105.2 114.9 124.4 132.1 136 140.8 144 148.9 153.6 156.4 158 158.3 160 161.3 157.4 153.8 154.5 155.5 155.1 155.1 154.9 155.3 157.5 158.4 158.7 156.6 154.1 151.5 148.8 145.1 148.2 149.8 151 152.3 153.7 156 157.4 158.4 159.8 161.1 162.2 162.4 161.5 160.6 160 159.5 158.6 156.3 154.1 151.8 149.7 149 152.5 154.7 156.3 157.5 158.6 159.2 159 158.8 158 158.1 157.4 157.1 156.8 156 156.5 157.8 159.7 161.2 163.6 167 172.1 177.2 181.4 181 181.4 182.9 191.2 187.6 188.7 189.7 188 189.3 193.2
92.2 92.9 94.2 98.1 105.7 113.9 120.1 126.7 130.3 135.3 142 146.6 149.6 152.7 151.5 150.6 148.3 147.1 147.4 149.4 151.1 151.4 151.8 153.7 156.6 159.7 159.1 157.5 154.4 151.6 148.8 146.2 144.1 147.5 150.1 151.4 152.7 156.1 158.7 159.3 160.2 160.6 162.1 164.5 164.8 162 160.7 159.6 159.1 157.7 155 152.8 150.2 147.3 149.5 151.5 153.1 154.9 155.7 156.1 157.4 157.1 157 156.5 156.3 155.3 154.7 155.2 154.2 154.8 157.3 159 160.7 162.8 166.5 171.4 178 182.6 181.9 181.4 180 183.3 185.1 187.2 190.5 184 186.5 189.8
87.4 88.5 89.9 92 98.3 108 113.1 119.8 124.1 128.4 134.3 139.6 143.7 145.8 143.2 137.2 136.8 139.7 141.4 142.9 144 148.4 152.1 155.4 158.1 161.4 159.6 156 152.5 149.1 146.2 143.7 142.6 147 149.4 151.8 155 158.9 161.6 161.2 161.5 161.9 163.6 165.8 166.5 162.9 160.8 159.7 158.5 156.8 154.5 151.4 147.1 147 150.1 151.4 151.6 153.2 154.2 154.6 155.1 155.3 155.2 154.8 154.3 153.2 152.3 153.7 153.9 154.9 156.6 158.5 160.2 162 166.1 171.8 178.6 182.3 181.3 179.8 178.5 177.2 181.6 185.5 187.9 180.7 182.8 186.7
82.4 83 84.8 88.5 93.7 99.8 106.4 112.9 118 121.8 127.2 132.3 136.7 137.1 130.6 131.2 133.1 135 137.1 139.4 143.5 149 154.9 158.6 160.3 161.1 158.7 154.1 150.4 146.7 143.9 140.9 143.9 147.1 149.7 153.4 157 161.2 162.6 162.3 162.7 162.9 164.4 166.5 167.3 163 160.2 159.2 157.7 155.8 152.9 150 144.5 148.1 149.7 150.4 150.3 151.5 152.7 153.1 153.7 153.7 152.8 152 150.7 151.5 152.1 152.8 154.1 155.2 156.2 157.7 159.4 162 165.4 171.7 177.9 180.5 178.5 176.8 175.7 175.2 178.1 183.1 186.6 181.7 179.5 183.1
78.8 80.6 81.8 86.3 91.5 95.8 99.9 104.8 109.1 113.3 117.5 121.3 123.9 122.2 123.8 128.1 130 132.5 134.6 138.6 144.7 150.4 156.1 160.3 160.9 160 156.2 151.5 147 143.6 141.7 137.6 143.8 147.7 152.1 155.6 158.3 162.1 162.7 162 162.4 163.2 164.3 166.4 167.2 161.5 159.2 157.9 156.1 153.4 151 148.2 144.1 147.1 149.1 149.1 149 149.4 151.1 151.7 152.2 151.5 152.3 151.8 152.2 154.1 155.1 154.9 154.6 155.1 155.8 156.8 158.4 161.3 164.2 170.6 175 177.4 176.1 174.9 173.9 173.9 174.3 182.7 183.1 177.8 176.7 178.2
76.4 77.9 79.9 84.2 88.1 92.7 99.8 103.3 106.6 109.3 109 109.5 111.1 113 118.2 124.5 127.1 132 135.3 140.2 147 152.4 156.4 158.3 158.6 155.5 152.1 147.4 142.4 139.6 137.2 138.9 144 149 153.7 156.4 159 160.7 161.2 161.8 162.5 163.4 162.8 163.6 164.1 159.3 156.7 154.3 152.3 150.2 148.2 146.2 143.8 145.8 146.6 147.1 147 149.6 149.4 150.6 152.4 151.9 152.2 153.3 153.8 155.4 155.8 156.7 155.3 155.1 155.2 155.9 157.3 160 162.9 168.4 172 173.9 174.1 173.7 172.4 172.5 173 180.1 177 172.5 171.4 173.1
74.3 75.3 77.4 81.3 84.2 86.1 90.3 95.9 102.9 104.7 104.5 107.5 110.2 113.9 116.6 119.1 126.4 130.6 136 143.9 147.9 151 153.6 154.5 154.1 151.4 147.9 142.4 138.7 136.8 134.2 139.1 144 149.4 154 156.7 158.5 158.8 158.6 160.1 161.3 163.2 160.5 160.4 159.7 155.2 153.1 151.2 149.6 147.7 146 144.1 141.7 143.3 146.5 148.5 149.4 150.5 151.6 152.2 153.3 153.7 154.4 154.9 155.5 156.6 157.7 159.1 156 153.6 153.7 154.2 155.3 158.2 161.7 165.7 169 170.5 173.1 172.4 170.9 170.3 169.3 169.7 168.6 167.8 167.7 168
71.3 72.9 76.1 78.2 80.5 85 88.3 90.2 94.6 100 105.4 109.8 113.7 119.4 122.6 125 127.7 133.7 139.1 143.9 146.9 149.1 150.4 150.3 148.9 146.1 142.5 138.5 136.4 134.7 133.5 138.3 143 148.1 151.6 155.1 156.9 156.3 155.6 156 157.2 157.9 157.1 155.5 153.6 151.4 150.2 149.1 147.4 145.4 143.4 141.4 141 145 148.2 149.1 150.2 151.2 152.2 153.2 154.2 154.3 154.6 155.5 157.4 157.4 156.7 157.8 154.3 151.8 151 151.6 152.2 154.7 157.6 160.4 164 166.6 170.6 169.7 167 166.5 165.7 163.9 161.6 160.8 162.5 166.4
67.7 68.4 73.4 77.4 79.6 86.8 93.4 98.4 102 107.6 113.2 121.3 124.9 130.2 132 132 132.6 137.9 143.2 144.6 145.6 146.2 147.5 146.1 142.1 138.1 136.6 135.7 134.1 133.5 133.2 137.7 141.8 146.7 149.5 152.5 154 153.5 152.5 152.4 152.7 151.9 151.7 151.4 150.4 148.8 147.6 146.9 145.9 144.4 142.3 139.6 142.1 144.8 146.7 148.2 149.6 151.1 152.5 154.3 154.8 154.9 155 155.7 158.1 157.3 153.4 151.1 149.5 148.1 147.3 147.9 148.7 150.7 152.5 155 157.6 159.2 160.5 163 161.3 160.7 160.3 158.7 158.3 158.6 163.2 168
62 60.4 63.8 68.5 74.6 85.9 95.9 103.8 110.5 117.5 124.7 133.3 139.1 143.9 139.2 138.8 135.4 138.9 144.7 144.7 143.9 143.1 141.9 138.7 134.7 133 131.4 132.2 132.2 132.3 133.6 137 140.8 144.6 147.7 150.9 151.3 151.6 149.4 148.9 148.7 148.7 148.9 148.7 146.5 145.3 145 144.7 144.1 142.9 141.3 137.2 141 144.2 145.9 147.6 149 150.5 151.5 152.7 154 154.4 154.4 153.9 154.1 151.7 148.5 146.4 144.6 143.9 143 143.2 144.2 145.4 146.8 148.8 151.1 151.6 151.8 155 156.6 156.7 155.5 156.9 156.6 159.5 163.9 168.4
54.2 54.7 55.5 58.7 68.5 82.4 93.3 104.4 117.5 126.6 134.6 141.1 146.9 147.4 141.4 138.2 137.4 137.7 140.4 140.3 138.3 137.8 134.9 130.8 127.2 127.7 127.9 129.5 131 131.8 133.8 136 139.4 142.1 145 147.3 148.5 147.4 147 146.4 146 146 145.1 143.9 142.8 142.5 142.4 142 141.8 141 139.3 136 139.8 143.2 145.2 147.1 148.5 149.8 150.1 150.8 151.9 152.9 153.3 152.6 150.8 149.1 145.6 142.8 141.3 139.1 137.7 136.7 135.7 138.5 138.9 140.3 142.5 144.7 146.3 148.5 150.4 150.6 152.7 156.2 157.8 161.3 163.8 166.1
51.3 53.6 52.8 54.4 62.3 75.7 90.2 101.8 120.6 130.6 136.8 140.9 146.4 145.7 141.4 139.2 138.1 135.9 134.1 133.7 131.8 129.6 125.8 123.7 121.3 125.2 129.1 129.1 130.4 130.5 132.5 134.2 137.2 140.2 141.7 143.9 144.1 144.3 144.8 144.7 144.1 143.8 142.7 141.8 140.7 139.7 139.4 138.9 138.6 138.2 137.8 135.6 137 141.2 144.4 146.5 148 148.4 148.7 148.9 148.8 150.2 150.7 149 148.3 147 143.3 138.9 137.9 134.8 132.3 128.8 125.1 127.3 129.9 131.9 135.5 137.3 139.4 143.3 143.8 158.5 155.8 155.7 154.3 160.2 163.5 164.2
48.2 49.4 49.5 51.9 59.5 70.5 82.8 96.6 109.9 125.4 131.4 139.7 142.9 138.5 136 134.4 133.1 131.9 126.7 125 123.6 122.1 120.5 117.2 121.5 124.5 124.9 125 126.7 127.4 129.5 130.8 134 139.7 139.1 140.4 140 140.6 141.8 142.9 142.6 142.3 141.8 141 139.7 138.3 136.8 135.5 134.8 134.2 133.3 128.8 134.4 139.4 142.5 145.8 147.6 147.4 147.3 146.9 146 144.8 143.6 143.4 143.7 143.4 139.6 136 134.6 130.5 126.5 123.1 121.9 121.1 120.6 124.6 129 131.1 132.6 136.5 151.5 155.8 154.6 153.8 153.8 152.7 160.2 162.7
44.2 47.2 45.2 47.4 54.9 64.8 75 88.3 99 113 125.3 133.6 135.2 126.7 123.2 121.4 121.9 121.8 119.8 120.2 116.9 112.7 114.4 118.7 122.1 122 122.4 122.7 123.8 124.9 125.8 127 129.4 133.1 135.6 136.5 137 138 140.3 141.2 141.7 141.4 140.9 140.1 138.7 136.9 135.2 133.7 131.9 129.8 127.7 129.7 133.3 137.7 141 144.2 146.1 146.6 145.8 145.1 142.6 140.8 139.2 139.2 139.3 139.4 136.1 131.5 130.4 125.1 121.4 120.3 120.4 119.6 118.3 117.8 123.5 126 125.1 136.4 143.9 148.8 150.2 150.3 150.2 150.4 154.1 158.5
40 43.3 43.3 42.8 48.3 57.9 67.1 79.6 89.1 99.1 112 119.9 120.9 115 113.3 107.1 109 106.5 108.3 108 109.5 113.2 115.8 118.9 120.7 120.4 120.3 120.4 122.2 123.2 123.5 124.7 127.3 130.7 133.4 135 135.3 136 138.2 139.7 140.7 140.6 140 139.1 137.5 135.3 132.7 131.2 129.6 127.3 123.4 128.4 132.5 135.8 138.5 140.7 142.5 143.2 143.4 143.2 139.5 137.5 136.1 136.1 136 134.6 131.2 127 125.3 121.3 118.2 118.4 118.7 118.1 116.8 115.3 118.4 118.4 128.1 135 137.4 141.2 143.3 146.2 147.9 148.2 147.7 153.2
36.1 36.4 38.4 39.6 44.2 50.8 57.9 67.4 77.8 84.6 96 104.2 99.7 101.7 101.2 99.8 92 104 108.6 112.7 116.5 117.9 117.9 120.7 120.9 118.6 115.2 115 118 120.7 121.2 123 126.2 130.4 132.5 134 134.5 134.6 135.8 137.9 139.7 139.8 139.7 138.8 135.4 132.8 130.1 128.1 126.3 124.5 121.9 127.3 131.2 134.3 136.9 139 140.1 140.4 140.7 140.9 137.8 134.9 133.4 133 131.3 128.4 124.7 122.2 120.5 118.3 117 116.9 117 116.6 114.7 112.6 113.2 120.2 125.3 130.4 132.5 135.3 139.5 144.1 146.8 147.3 144 143.8
33.2 34.5 35.2 36.8 41.5 44.8 50.9 57.9 62.6 71.4 78.4 83.6 86.2 85.2 87.3 86.9 83.2 99.3 105.5 110 113.5 112.7 109 110 116.3 112.3 109.4 108.7 112.8 119.6 120.7 123 126.4 130.2 132.3 132.8 133.8 132.6 134 135.8 138.6 140.3 140.4 139.2 134 130.2 127.4 124.5 122.8 121.5 121.1 125.7 129.6 133.2 136.1 137.5 138.3 138.1 138.1 138.1 135 132.6 129.7 128.3 126.5 122.9 120.8 118.5 117.6 116.5 116.4 116.2 115.4 113.8 112.6 110.5 113.5 118 123.2 127.1 130.8 133.5 136 146.3 144.3 148.3 141 138.3
30.2 31.2 31.7 33.4 36.6 41.5 45.1 49.7 54.4 60.6 66.5 72.4 72.3 74 78 80.3 75.6 89.3 93 99.1 100.5 101.6 103.6 103.6 105.1 106.8 108 110.3 113.6 117.3 121.9 125.6 127.6 128.7 129.9 132 129.2 128.1 131.6 134.2 137.3 139.1 139.6 138 133.4 129.4 125.5 121.6 120.2 119.3 119.7 123.3 126.9 130.3 133.3 134.7 135.3 134.8 134.1 133.7 132.3 130.1 126.1 124.7 122.3 119.6 117 116.3 115.8 115.5 115.3 115.2 115.1 112.5 110.4 108.4 111.3 116 120.7 125.4 127.9 131.5 137.1 138.7 136.8 139.3 141.3 131
28.8 28.5 29 30.6 32.6 37.3 40.7 44.3 48.5 54.5 62.9 65 60.7 64 63.8 64.6 70.3 76.2 81.8 91.6 99 102.4 101.2 104.6 107.1 110.5 111.9 114 117.1 119.6 123.5 125.8 128 128.6 127.5 127.5 127.5 127.5 129.4 131.5 135.7 137.4 135.9 135.1 134.8 132 127.3 120.5 118.2 117.8 119.6 121.4 123.3 125.4 128.9 131 131.3 131.1 130.6 129.3 128.4 126.5 121.9 119.9 118.8 115.9 114 113 112.6 112.8 113 113.6 111.8 108.5 107.3 107 110.2 115 118.5 122.7 125 126.9 130.1 128.5 126.3 125 126.1 127.9
25.1 25.6 25.5 26 26.9 31.7 35.7 37.8 41.9 48 52 52.2 50.5 50.4 51.2 56.9 61.4 63.5 70.4 81.1 90.3 95.4 99.1 107 112.9 117.6 121.4 120.9 122.7 123.5 126.2 128.2 128.1 127.5 127.5 127.5 127.5 127.5 127.5 129.3 131.5 133.1 133.1 136.1 138.4 136.8 131.7 121 119 117.3 117.7 119.1 119.9 121.1 121.8 123.8 124.2 122.6 122.6 121.9 121.1 118.9 117.7 116.7 115.7 114 110.3 108.4 107.8 109.2 110.1 109.9 106.9 104.1 104.8 107.1 109.8 113.3 117.1 122.5 121.6 118.4 119 117.5 116.1 120 125.4 124.8
21.1 22 22.8 23.4 23.9 24.8 28.1 30.4 34.9 41.5 45.9 46.1 43.5 41.1 44.4 50.9 57.7 56.3 62.8 72.1 75.6 85.2 99.4 112.2 119.8 125.5 128.1 129.2 128.6 128.3 129.6 130.4 126.9 127.5 127.8 127.5 127.5 127.5 127.5 127.5 127.5 127.5 132.2 136.2 140.6 142.9 131.5 120.8 119.5 119 118.2 115.4 116.2 117.6 117.6 118.1 117.5 116.2 114.8 114.3 114.3 114.6 114.6 114.1 113.2 109 105.2 102.7 102.5 104 105.3 103.3 100 102.6 106.1 108 110.4 112.8 114.5 118.2 115.6 113.2 115.2 107.6 110.9 116.8 119.3 125
20.4 20.6 20.8 22.1 22.5 22.8 23.3 24.9 29.2 33 36.8 36.7 33.9 36.3 40.2 46.4 49.1 50.5 52.2 60.7 70.6 81.5 91 109.3 127 137.8 138.6 133.8 133.2 132.6 134.5 133.8 133.3 131.9 130.5 127.5 127.5 127.5 127.5 127.5 127.5 127.5 132.7 136.6 141.2 145.3 133.8 124.6 121 120.3 119.8 118.6 116.3 110.9 112.2 114 112.3 111.6 111.9 112 112.2 112.5 112.3 111.7 108.6 104.8 101.4 98.1 97.2 99 100.2 94.7 104.2 105.5 105.7 108.1 113.6 112.5 110.9 108 105.5 103.8 102.1 102.2 104.3 108.6 117.6 125.3
20.1 20.4 20.6 21.5 21.9 22.3 22.7 23.2 23.9 25.7 30.1 29.8 30.6 32.6 34.7 38.6 45.4 46.3 47.9 54.3 62.1 71.2 85.3 104.6 124.9 148.4 147.4 140 139.8 134.6 138.7 143.2 137.2 134.5 132 127.5 127.5 127.5 127.5 127.5 127.5 127.3 133.4 137.9 140.1 141.8 129.7 124.9 122.8 121.3 120.9 119.4 116.1 113 108.1 108.6 109 109.7 110.4 111.4 111.2 111 110.4 108.5 105.7 102.1 98.8 96.1 92.2 92.1 91.1 101.1 106.5 105.2 104.7 106.6 108 105.8 103.7 99.7 96.4 92 91.6 91 93.2 103.7 116.4 123.1
19.8 20.2 20.4 21 21.4 21.8 22.2 22.8 22.8 22.8 24.1 25.7 28.8 30.7 32.9 35.1 36.1 39.4 41.6 47.9 56.5 68.7 81.1 102.4 119.5 132.9 132.1 134 143.5 133.3 136.9 150.3 155.9 146.4 136.8 128.5 127.5 127.5 127.5 127.5 128 133.3 136 138.4 140.4 132 129.2 126.6 125 123.5 122.7 120.1 117.3 113.9 108.3 105.4 106.2 108.4 109 110.1 110.6 110.3 110.9 107.4 103.3 99.8 96.7 92.3 88.8 87 91.4 95.6 98.5 104 103.4 103.6 103.3 104.3 95.5 93.5 99.9 92.1 88 85.2 86.7 96.9 108.1 114.8
20.2 20.1 20.3 20.6 20.9 21.3 21.9 22.5 22.6 22.7 23.3 24.3 27.3 28.9 30 33.3 38.1 38 38.8 40.6 52.7 66.4 78.6 86.6 105.4 108.4 113.7 125.2 124.5 131.5 132.9 141.8 144.2 148.4 144.8 132.2 127.5 127.5 127.5 129.6 133.7 138.3 139 139 135 129.9 129.2 128.6 128.1 128.9 126.8 122.6 117.6 111.6 106.1 100.3 104.1 104.9 106.5 108.3 109.1 110.1 110.7 109.6 104 97.4 92.4 86.3 84.9 86.6 90.9 93.4 96.3 98.2 103.5 101.1 99.9 98.9 88.9 82.5 79.5 82.3 83 84 77 88.6 96.5 100.1
22.4 22.2 22.1 21.8 21.8 22.1 22.4 22.3 22.5 22.6 23 23.5 24.1 24 26.8 29.7 32.4 35.4 36.2 37.7 43 59.3 76.9 77.3 80.6 90.5 97.7 106.3 111.1 128.7 121.4 126.7 138 143.7 149.2 132.3 128.2 127.5 127.6 132.9 140.5 141.9 138.7 134 130.5 130.4 130.1 130.6 131.2 133.6 133.7 123.9 116.5 109.6 103.3 94.7 99 100.4 102.1 104.7 105.9 107 109.9 110.5 102.2 93.1 83.1 81.1 80.7 86.1 87.8 90.2 93.3 94.9 95.9 97.8 93.2 89.3 84.6 79.3 75.4 70.5 70.9 73.8 75.1 77.3 83 89.3
29.9 29.1 29.1 25.7 24.6 25.7 25 24 23.8 23.7 24.4 24.9 26.3 27.5 28.5 29.5 32 33.9 33.2 34.4 36.7 43.7 56.1 62.6 69.6 75.6 84.3 100.1 95.6 107 101.7 115.8 128 128.1 143.1 131.3 129.4 127.8 127.5 133.8 142.5 143.3 132.3 129.9 130.8 130.7 132 133.9 133.8 131.3 127.9 122.1 115.4 109.1 103.8 98.5 92.5 95.7 97.2 100.3 101.4 100.7 102 98.5 87.2 81.4 75.2 74.9 78.3 80.9 82.9 85.6 89 90.9 89.7 86.1 82.1 79.8 75.2 73.5 70.5 70.7 73.4 74.1 74.9 76.2 78.9 84.2
38 35.6 35.9 34.6 32.1 31.4 31.7 31.1 29.6 29.6 30.2 30.2 30.5 31 31.5 32.4 33.5 34.4 34.7 35.1 35.3 37.8 39.1 45.3 52.9 60.3 70.2 74.7 77.4 82.4 90.7 94.8 105.6 115.3 133.5 121.2 120.2 122.6 124.3 129.1 138.2 128.2 128.4 128.5 130.1 130.9 132.8 135.3 137.2 129.6 126.2 122.7 116.2 109.9 105.1 100.8 96.3 84.6 90.7 94.3 94.6 90.8 88.8 85.7 76.9 73.6 70.1 67.6 74 77 79.2 81.8 84.3 84.4 78.3 75.6 70.5 66.9 66.9 67 68.1 70.2 77.6 79.3 80.6 76.6 78.1 79.9
50.3 46.1 44.1 42 39.6 39.6 41.3 41.2 40.2 38.5 38.4 39.2 38.4 37.9 37 36.3 35.9 36 36.5 37 37.1 37.4 38.1 39 40.4 45.9 53.9 60.8 67.2 73.3 81.2 86.2 92.6 101.4 114.8 112.8 111.8 115.4 117.5 121.4 125.2 124.4 123.5 126.1 129 130 130.5 132.3 135.2 126.1 123.5 118.8 114.6 111.4 108.3 104.2 99.9 91.1 82.8 85 82.2 79 77.4 74 71.4 68 66.9 62.3 68.7 68.8 68.1 71 69.4 65.6 66.5 67 65 65.9 65.7 66.3 68.6 75.8 85 91 91.6 82.4 78.3 80.3
61.5 59.6 54.6 51.7 51.1 53.2 52.9 53.8 54.4 51.2 50.1 50.5 50.9 50.1 50.1 49.6 49.5 47.9 46.1 41.5 40.1 41.3 41 41.1 40.4 40.3 41.5 47.1 53.7 60.8 70.1 75.3 81.5 90.5 98.4 100.3 107.9 114.1 112.8 120 115.5 114.1 118.1 124.3 130.1 131.1 126.3 125.5 124.1 119.2 116.6 114.4 113.4 111.6 108.3 105.1 102.2 94.6 85.4 72 71.9 70.7 73.2 66.9 66 64 62.9 61 63.5 62.4 58.8 59 61 59.6 60 61.2 63.2 63.8 64.9 69.1 73.1 79.7 86.6 91.9 92.3 85.6 79.8 80.4
74.9 69 62.4 63 65.6 68.4 68.9 67.5 69.4 67.6 64.7 65.7 66.8 65.5 66 66.1 64.9 63.9 61.5 58.7 56.4 53 50.9 47.4 45.8 48 48.5 44 43.5 50.1 58.3 63.6 71.2 82.2 85.7 93.7 104.9 102.6 105.5 107.9 104.6 106 112.5 119.5 124.9 129.4 120 116.5 114.2 112.7 110.6 109.8 108.9 108.3 103.9 100.6 99 94.7 82 75.9 72.9 64.8 61.3 63.2 61.3 59.2 58.7 56.6 56 56.8 56.6 55.8 56.8 59.4 60.6 62.3 65.6 68.6 71.3 73.3 78.9 84.3 88.2 91.2 92.1 89.5 84.2 80.3
84 79.5 70.7 68.6 75.5 81.4 81.7 83.9 83.2 83.9 84 81.9 81.9 80.6 81.6 82.3 80.7 78.9 76.7 73.5 70.9 68.4 64.7 62.7 59.7 58.1 57.2 55.8 53.1 46 46.1 53.7 61.4 70.4 75.8 82.3 91.9 93.3 94.6 95.3 95.6 99.1 103.9 111.2 117.2 118.3 112.3 108.4 106.6 107.1 103.5 104.3 104.9 101.3 98.3 95.6 93.5 89.5 77.3 74.3 70.6 67.2 57.6 58.7 58.2 56.1 55.1 54.9 54.8 55 56.4 58.2 59.7 62 63.2 64.6 68.2 72.9 75.8 79.3 86 89.2 92.3 94.3 92.9 90.8 89 86.4
93.9 90.8 84.1 76.6 80.4 87.4 92.7 97.1 96 101.1 102 97.6 93.7 94.5 95.6 96.6 96.3 94.2 92.1 87.3 85.2 81.8 78.6 74.4 71.5 69.7 67.8 66.4 65.2 57.7 49.3 49.6 49.9 57.4 64.2 69.9 78.8 81.6 83.9 85.7 87.6 90 94.9 98.9 104.1 106.4 103.4 100.1 98.3 93.7 95.5 96.2 95.4 90.5 90.3 88.4 84.5 78.7 72.1 69.8 67.3 63.1 55.7 55.4 54.4 54.5 54.2 54.1 53.9 54.6 56.9 59.4 61.6 64.2 67.3 71 77.3 82 86.9 91.1 94.2 97 98.5 96.5 94.5 93 92.4 90
103.6 98.7 95.7 86.1 84.6 91.9 102.8 110.1 105.7 111.2 109.3 106.9 105.8 106.5 105.9 105.8 105.6 102.5 99.3 96 93.1 90.4 87.7 85.4 82.5 78.7 76.7 75.3 74.1 71.2 65 59.7 55 51.9 52.2 55.4 65.5 68.9 71.9 74.5 77.7 82 84.6 87.9 87.6 89.3 91.2 86.9 83.6 83.8 83.9 86.1 82.7 79.7 79.2 77.8 74.2 71.2 64.6 61.9 60.2 56.8 54.3 53.8 53.1 53 53.3 53.2 53.6 55.3 57.9 60.6 63.6 67.8 72.4 77.1 81.4 86.1 90.6 94.6 97.9 102.8 102.1 98.7 96.6 95.1 93.7 93.6
109.4 105.1 102.3 93.5 89.2 92 107.3 111.6 108.2 114.3 114.6 116.3 116.3 116.4 113.2 111.8 110 108.3 105.8 102.9 101 98.3 94.6 91.9 88.1 86.1 84.2 81.7 79.7 77.6 75.5 73.3 70.8 65.7 60.8 55 54.7 54.5 57.3 62.4 67.1 69.8 71.9 74.8 76.1 77.4 74 72.6 71.3 70.3 74.7 72.3 70.5 71.5 70.5 68.9 66 61.3 54.1 54.8 53.5 52.4 52.2 52.9 53.1 52.4 52.4 53.8 54.9 56.2 59.4 63.2 67 72.7 76 79.5 83.9 88.6 93.1 98.1 100.6 103.6 103.6 100.4 97.3 95.2 94.9 95.6
