public/OST50/NG80.asc
ncols 200
nrows 200
xllcorner 180000
yllcorner 800000
cellsize 50
[rows 105 to 139 of 200, columns 0 to 78 of 200]
273.2 297.3 326.8 349.3 374.2 409.9 442.3 496.1 538.5 568.9 604.5 631.5 650.2 669.5 677.2 680.4 692.4 686.8 687.7 683 691.2 699.6 667.4 631 601.9 579.7 561.1 546.9 536.1 528.2 520.9 518.3 518.5 520.6 529.3 544.9 565.5 587.2 595.4 600.1 581.1 571.9 562.4 550.5 565.4 565.5 572.4 590.5 610.4 637.2 645.9 645.1 637.5 641.9 669.7 711.1 739.5 743.2 739.7 745.6 739.3 710.4 677.6 648.8 610.1 577.7 568.7 563.3 570.2 580.6 630.8 647.8 681.5 696 702.4 702.7 695.4 684.3 670.1
286 311.8 338.7 361.8 390.2 423.2 452.4 496.4 541.8 572.1 603.8 626.4 641.1 655.9 670.7 671.8 680.2 683.4 685.2 687.2 693.7 694.4 658.7 625.4 600 581.6 564.2 552.3 547.7 540.9 534.7 537.9 543.3 552.4 566 576.4 594.1 622.8 634.2 630.6 619.8 602.8 591.1 592 605.9 603.9 608.5 626.8 654.3 679.6 670.5 663.7 662 660.5 720 751.5 751.9 750.6 746.6 754.9 756.1 716.8 689.6 660.6 631.5 605.2 592.4 581.1 589.1 628.7 682.1 689.7 691.7 698 697.8 688.7 677.3 659.2 650.4
292.7 315.7 337 369.8 401.3 438.7 459.8 497.2 547.4 571.6 597.8 613.6 622 642.7 659.7 670.3 679.2 685.6 691.5 692.9 698 692.8 662.3 625.6 600.2 585.4 572.9 565.1 562.9 557.1 562.3 573.9 581.7 594.8 596.9 596.5 620.8 659.5 665.1 663.3 656.1 641.9 625.8 624.9 640.1 644.9 652.9 657 699.6 711.5 692.9 678.7 668.3 690.9 736.1 747.5 748.4 748.1 749.5 760.7 749.2 713 692.6 681.3 647.9 635.1 634.7 630.1 659.7 677 720.5 716.3 710.5 717.7 712.9 689.7 671.8 642.3 629.3
287.9 318.9 342.2 364.9 400.3 434.3 466.5 496.4 538.5 559 580.6 599.5 602 619.8 641.5 657.2 666.5 678.6 684.8 684.9 688 692.7 667.4 635.5 613.6 595.9 591.1 584.8 580.6 585.8 599.4 603 619.3 633.4 629.3 630.7 661.1 702.2 700.8 698.8 697.6 681.3 669.3 664.7 678 683 700.9 704.6 740.7 731.9 709.7 694.6 694.1 720.3 740.3 747.3 746.4 753 764 778.7 761.2 730.1 709.4 701.5 700.8 699.1 704.3 698.2 723.3 731.5 750 730.4 728.4 731.6 717.7 694.7 672.3 640.9 609.7
289.3 314.9 339 371.8 402.5 434 467.3 492.6 522.3 534.6 553.3 572.4 581.4 595.3 610.8 627.9 646.6 660.1 669.9 668.9 677.4 683.9 678.7 656.1 640.1 627.5 613.7 606.8 612.1 631.7 636.8 643.7 659.8 661.8 658.1 655.5 694.6 735.6 737.5 738.1 737 720.3 707.5 712.3 721.2 729.6 758.7 756.5 758.5 748.2 731.2 716.7 725.5 736.7 761.6 760.2 759.1 772.4 790.8 805.1 799.7 759.6 735.7 729.3 745.2 771.5 770.9 753.8 768.1 771 770.3 751.3 743.9 724.1 708.8 686.4 663.5 632.4 600.6
294.1 315.6 335.7 360.6 388.8 425.1 452.1 470 498.2 511.7 528.1 546.6 558.4 571.4 586 601.7 620 634.7 643.5 651.2 665.9 675.4 691.7 695.1 674.8 654.4 642.7 646.2 662.1 678.9 685.9 682.8 700.5 706.6 691.7 686.2 734.5 772 774.6 777.9 776.2 761.3 740.5 762.5 781.2 782.1 781.1 764.6 762.3 758.1 746.2 743.2 745.1 762.8 771.5 769.2 769.4 792.8 819.1 838.2 825.4 797.9 790.5 778.6 795.2 830.2 821.8 808.5 796.1 787.4 775 751.3 727.4 707.3 687.7 664.6 640.7 615.1 587.3
299.2 314.8 328.5 356.5 387.8 415.6 440.8 456.1 473.7 488.4 505.2 522.7 535.1 549.9 560.3 578.7 591.3 605.4 619.5 639.2 658.5 671.1 695 697.4 698.7 693.8 694.3 703.5 728.2 742.2 736.1 726.2 730.5 719.2 709.7 713.4 763.4 801.7 808.8 815.8 818.8 800.6 779.3 814.1 819.1 798.3 783.6 769.6 764.9 763.9 757.6 764 771.9 771.3 770.3 769.1 778.6 819.3 853.3 870.2 868.9 854.3 851.5 841.4 826.8 865 846.6 833.9 805.4 778.5 753.6 726.9 703.1 680.5 659.8 638.4 615.3 591.6 567.1
294.7 311.8 332.2 355 375.7 401.4 425.3 439.8 452.7 468.7 483.7 497.4 511.8 525.2 537.3 551 563.8 578.2 601.7 624.1 646.4 663.4 689.9 696.1 709.2 711.8 718.1 737.2 756.3 778.7 773.6 759.4 751.9 744.9 742.6 759.5 801.6 835.6 845.2 861.2 867.6 832.8 815.1 843.4 819.8 800.5 787.5 778.3 769.5 764.9 768.2 788.7 795.1 789 787.5 795.3 810.2 847 885.8 905 915 907.7 897.9 886.6 868.1 853.3 835.7 807.5 783.8 750.7 721.7 698.3 674.7 652.4 629.8 608.4 588 566.9 544
287.8 304.6 329.2 345.5 366.4 386.5 407.6 424.7 434.9 452.5 464.1 474.9 490.5 502.2 513.7 525.8 541.9 565.4 584.4 616.9 636 663.2 681.4 694.7 710.6 720.3 734.2 751.6 772.5 795.1 805.3 799.6 788.3 788.1 780 795 842.4 868.7 882.4 904.9 905.9 871.7 862.7 853.3 829.5 805.2 798.4 795.8 794.3 808 811.3 817.7 811.8 811.2 818.1 832.9 850.8 881.3 917.8 938.9 953.4 935.2 922.5 899.7 869.9 834.4 801.4 772 748.2 720.5 694.3 665.5 644.4 623.2 602.2 580.1 559.7 539.3 516
286.7 299.5 318.3 337.5 352.7 368.4 389.8 407.1 419 433.5 444.5 456.9 470.6 482.2 490.9 507.7 527.2 553.2 580.7 606.5 628.5 652.8 670.5 696.8 712.8 727.9 751.1 765.4 784.3 809.4 826.7 841.9 841.3 828.9 816 832.8 877.8 900.6 919.9 941 941.8 926.7 907.3 876 850.3 827.7 817.3 821.3 829.6 847.8 834.5 823 821 830.5 838.9 859.9 886.2 918.2 947.8 938.1 922.5 889.6 877 869.8 840 815.1 780.7 746.4 710.6 683.4 656.9 633 610.5 591.6 572.3 551.5 528.9 506.8 486.8
283 294.7 307.2 329.2 344.7 357.1 374.8 392.2 404.4 417.8 427.7 440 452.6 462.7 474.3 493.5 513.9 539.2 569.8 594.1 616.3 641 657 681.1 702.6 727.9 755.7 774.6 793.3 818.1 839.7 858.6 874.3 866.3 852.7 874.4 915.6 935.9 955.8 971.8 987.3 963.6 935.7 915.9 892.4 866.1 867 874.5 882.5 893.3 872.5 845.2 828 840.3 851.9 886.4 916 923.1 905 897.2 894.5 850.8 828.7 833.2 807.7 786.4 756.5 723.6 693.7 660.1 627.1 601.7 574.6 557.2 540.6 522.8 504.2 490.2 464.8
275.5 288.4 302 317.9 331.6 343.9 361.4 378.8 391.4 402.5 415.1 427 438.1 447.5 462.6 483.5 501.4 526.5 555.8 578.6 601.9 626.8 642.8 662.3 688.1 717.6 747.7 773.5 794.5 816.2 841.7 863.8 879.5 893.7 896 923.2 933.6 944.8 957.2 971.2 987.2 995.2 972.3 957.4 920.2 904.8 917.5 921.7 933 932.3 912.3 876.7 858.8 862.6 879.9 907.1 895.3 878 859.9 848 831.4 824.1 787.2 791.6 771.3 745.5 725.8 697.8 669.3 633.4 604.6 565.8 542.6 525.5 513.4 501.6 487.6 467.8 443.5
265.9 281.2 292.9 304.6 318.7 335.4 349.4 366.6 379 389.4 402.8 415.3 425.3 436.4 454.2 472.1 491.9 512.1 541.7 560.3 585.9 609.2 624.9 644.2 666.8 697.4 731.7 765.5 787.5 805.9 829.7 850.4 867.3 885 899.1 911.5 924.2 936.6 947.9 961.7 976.7 990.5 1004 996 971.5 955.6 947.9 955 952.1 949.5 932.1 910.1 899.6 906.8 927.3 929.9 888.9 830.9 811.3 789.3 790.4 774.4 742.8 750.1 733 708.8 690.2 662.9 633.1 607.8 573.4 539.8 518.4 508.7 497.5 481.5 465.9 444.6 425.7
259.8 273.8 285.2 296.5 309 325.7 339 354.3 367.2 376.8 389.8 402.1 415.4 427.9 442 456.7 472.6 499.1 524.4 546.2 573.4 591.1 605.9 624.9 650.4 678.5 706.2 739.3 764.9 784.7 809 828.4 844.5 861 876.7 891.3 906.4 919.6 931.5 943.1 956.9 970.7 980.1 985.7 998.7 978.1 966.3 967.6 964.8 962.9 945.8 933.9 934.9 950.3 947.3 900.5 861.3 811.6 769.5 750.3 735.7 728.9 715 707.3 698.7 677.7 655.1 626.1 600.2 575.6 541.3 512.3 500 493 486.1 460.1 439.7 424.9 410.3
250 264.5 274.3 286.9 300.1 312.1 327.7 342.3 351.9 361.2 378.2 391.1 404.7 417.3 429.3 442.7 461.4 491.6 510.7 532.4 555.7 572.9 586.8 605.6 630.5 654.4 683 706.1 736.6 764.3 784.5 802 817.2 834.4 849.9 864.1 880.4 896.3 906.2 919 932 942.9 952.6 964 980.6 998 993.3 993.1 987.5 972.5 960.6 959.9 966 931.2 888.3 833.8 793.4 757.7 728 707.8 691.3 679.8 662.9 659 664.8 650.1 628.9 599.7 557.5 533.3 509.8 493.7 486.1 475.8 464.8 449.6 428.7 411.7 400.7
240.3 253 266.3 278.1 289.2 303.7 316.5 329 339.4 352.9 366.4 380.8 392.6 404.1 416.8 431.8 450.1 470.3 491.7 515.5 536.2 551.6 567.8 585 608.5 628 655.1 680.6 711.6 734.1 754.6 772.3 788.4 805.4 820.7 834.2 851.2 866.2 878.4 890.8 903.1 915.2 926 938.4 954.6 972 989.3 1009.7 1015.8 1004.2 990.6 989.4 969.5 924.5 865.5 823.6 774 740.2 707.5 676.8 658.5 645.6 632 624 615.8 617.2 604.6 576.9 538.6 511.6 496 484.6 473.6 463.9 455.1 441.7 420.9 401.6 392.1
233.7 247.1 259.1 270.2 281.4 295.5 307.4 315.5 328 339.2 353.7 366 378 388.7 402.3 415.8 432.5 452.2 471.6 497.3 514.5 530.1 549.6 566 587 608.8 631.1 654.6 680.2 703.7 723.8 743 759.6 774.5 789.2 801.6 818.5 830.9 847.4 859.5 870.6 887 900.3 914.3 929.6 946.7 963.4 981.1 989.5 995.9 1000.3 1006.3 967.7 919.6 839.1 793.6 754.9 724.7 691.8 653.3 636 626.8 615.3 606.3 595.5 580.9 563.4 562.1 539.9 506.8 492.8 483.5 474.4 463.7 446.3 425 408.5 392.6 381.3
234.4 240.5 249.7 260.6 271.7 283.2 293.5 304.7 316.9 327.7 337.4 350.5 361 369.1 384.1 398.6 415.6 436.5 453.2 477.8 492.2 509.5 527.3 544.2 564.9 583.5 607.3 629.5 653.8 673.2 694.9 715.4 734.5 744.4 754.6 766.1 783.4 793.9 813.8 825.8 838.7 859 876 890.6 906.1 922.6 936 950.2 958 961 963.9 967.8 966.2 928.4 847.3 785.8 751.1 722.2 691.2 646.3 630.5 627.3 610.4 594.6 591.7 581.4 545.4 524.9 513.1 497.9 487.9 480.2 472 462.8 450.3 415.2 399.3 383.7 370.3
227.7 236.9 243.3 250.2 259.7 270.7 281.6 292.9 303 314.5 323.6 333 341.9 351.2 365.2 382.6 399.5 416.5 434.7 455 466 486.3 503 521.2 539.8 559.2 583.5 602 627.3 646.8 665.8 687.1 706.5 717.9 721.9 731 744.8 758.2 776.7 785.9 806.7 829.9 846.1 867.5 885.4 899.9 911.2 918.6 924 925.7 928.4 929.3 928 923 916.4 812.7 753.4 721.6 690.9 653.7 634.3 623.3 614.4 588.6 568.6 547.1 515.5 501 492.8 485.4 478.5 473.8 469.6 463.6 450.6 410.8 394.7 382.6 371.2
219.7 228.3 235.4 241.8 249.2 257.5 268.5 279.8 290.8 301 308.2 314.9 322.7 333.9 347.6 362.3 380.2 400.3 413.4 432.5 439.9 463.9 477.7 493.3 514.5 532.2 558.5 576.2 600 620.5 639.9 659.1 677.8 690.6 695.5 700.4 710.7 718.1 732.2 757.1 771.6 793.3 816.1 842.8 862.4 880.8 890.8 892.7 893.3 891.6 892.1 899.3 903.7 906.9 908.5 875.5 781.8 719.4 687.5 664.9 651 626.1 607.9 589.8 558.6 523.5 497.4 486.4 479.7 475.1 470.6 468.4 465.2 458.8 440.7 409.1 396.7 391.4 375.1
213.4 221.3 228 232.4 237.9 249.4 260.9 270.5 278.4 290.2 294.4 297.7 306.4 320.3 332.2 347.1 366.1 383.4 396.2 409.2 415.9 437.7 451.1 466.5 486.9 505.7 527.4 550.8 575.5 592.3 611.6 630.8 647.5 660.3 667.3 670.5 677.3 686.5 697.6 717.3 728.4 761 792.3 818.1 833 853.3 866.2 867.5 860.5 853.8 848 857.3 877.1 888.7 887 879.2 814.5 743.9 712.3 696.8 678.3 649.4 627.1 605.2 570.4 528.5 483.2 471.6 467 464.3 462.7 461.2 460.5 451.2 426.5 408 396.7 389.3 383.1
208.1 213.6 218.2 222.3 229.2 239.2 250 259.6 268.3 276.9 281 285.6 291.7 307.8 315.1 331.2 349 363.4 376.3 391.6 395 416.1 430.2 447 463.3 484.8 502.2 525 550 564.2 584 601.4 618.6 629.7 638.4 642.3 649.5 659.4 668.6 683.8 696.4 733.4 763.7 801.4 814 827.1 836.7 837.5 830.5 824.4 820.2 821.7 830.7 850 864.3 865.7 842.5 783 751.2 727.2 705.4 671.8 649.4 617 568.7 513.9 485.9 474.5 467.7 460.8 455.5 456 453.6 441.7 428.5 412.3 397 391.9 387.6
201.2 206.3 209.3 214.2 219.9 227.4 237.7 248.1 256.1 264.4 268.5 271.6 276 290.3 299.4 317.7 334.2 344.9 356 368.9 369.1 398.9 410.1 424.8 440.8 459.6 475.2 498.2 524.9 536 552.8 570.1 589.3 600.1 607.2 612.6 619 634 649.4 659.8 670.2 693.5 735.5 771.8 794.5 808.4 820.4 821.3 822.6 820.2 815.1 810.7 806.4 819.1 843 852.5 836.9 822.5 817.1 800.5 794.7 732.3 666.3 624.2 560.1 525.7 495.6 470.4 461.1 456.7 451.9 449.4 444.9 439.2 437.2 427.1 412.5 407.1 409
191.9 197 199.4 207.2 214.1 219.7 225.9 235 242.3 250.5 255.8 259.1 263.9 273 281.1 298.2 309.8 325.5 336.4 346.1 356.2 375.9 389.6 405.7 421.8 437.3 453.8 471.7 494.2 507.2 524.4 540.5 562.8 567.2 572.7 580.7 597 609.8 630.2 642.4 650 665.2 687.8 737.6 764.9 791.9 803.4 807.8 810 810.6 810.2 805.7 801.7 805.4 817.3 827.7 816.9 804.7 826.6 830.3 809 735.1 658.2 610.2 584.5 559.2 498.9 469.1 462.6 465.7 463.9 460.7 450.8 455.4 461.9 469.1 462.3 435.7 432.2
181.7 187.3 195.9 200.2 205.4 210.4 219.2 228.7 235 240.3 245.8 250.4 256.7 263.3 269.6 280.8 293.7 309.5 321.5 325.7 339.9 358.8 369.9 386.7 399.6 414.5 433.6 451.9 467 481.7 498.7 508.6 529.2 537.7 542.5 554.4 569.7 585.8 614.9 627.9 632.1 643.1 660.7 699.1 725.8 747.7 771.7 784 788.3 789.7 793 791 790.4 801.1 805.7 821.5 814.3 803.6 821.2 827.8 782.8 731.9 671.6 638.8 619.1 576.2 515.7 487.2 483.1 489 488.1 462.5 455.4 466.7 473.7 480.8 476.6 466.7 463.8
173.6 180.5 186.4 192.2 196.8 203 210.5 217.7 224.4 231.2 234.9 240.8 248.7 255.5 260.6 271.2 281.9 294.7 303.3 307.8 326.8 340.5 345.2 363 380 395.7 413.8 431.2 444.6 458.8 470.3 477.1 501.4 516.6 519.1 530.5 546.2 554.4 578.4 611.2 617.1 628.5 646 663.5 684.9 704.9 726.7 743.7 756.7 754 761 760.4 761.7 786 794 802.8 799.5 804.3 820.8 841.5 818 766 739.3 700.3 654 604 571.6 535.9 523.3 520 493.9 470.4 464.6 477.3 488.6 492 496.3 500.3 500.7
167.9 171.9 176.8 182.8 190.1 196.3 202.9 208.5 215.1 219.4 226.2 230.6 238.5 244.4 252.5 263.3 272.2 281.5 289.9 296 314.3 323.4 335.2 350.9 365.6 380.2 396.7 410.3 426.2 434.9 445.2 455.4 475.8 493.9 491.6 499.7 522.9 536.2 556.3 589.6 601.1 604.7 622 647.2 651.3 660.5 685.2 703.5 718.4 717.9 720.8 722.3 726.9 746.4 764.8 758.6 765.4 791.2 807.3 826.5 833.7 809.3 803 749.2 702.1 676.3 624 590.8 567.5 555.4 512.6 491.3 487.7 498.9 508.8 522.2 532.5 541.1 552
163.9 167.8 171.4 177 182.6 189 195 200 204.3 210.1 216.1 222.2 229.9 234.8 243 254.9 263.4 273.8 278.3 286.5 302.2 312.9 325.9 339.8 352.6 365.9 382.8 396.1 407.6 417.7 430.4 434 451.3 462.9 465 472.1 488.9 518.5 538.1 565.7 582.3 585.2 593.8 607.1 613.1 622.7 644.2 659.8 668 676 672.6 676.1 680.4 698.1 708.9 720.8 743.5 765 785.3 802.3 824 841.4 837 782.2 791.3 714 686 653.1 603.7 580.7 547.3 523.3 518.5 529.5 541.4 555.1 579.6 591.4 612.2
159 162.6 166.7 171.8 178 183.6 189.8 196.1 199.1 203.7 209.8 217.2 224.3 230.2 235.9 246.3 254.5 263.5 266.3 274.8 289.6 298.2 312.5 324.2 338.6 351.1 366 380.9 390.2 400.6 408.4 415 432.1 441.4 442.7 452.3 466.1 488.2 511.2 538 557.3 564.9 567.6 584.3 586.1 597.4 625 643.4 647 660.7 655.7 652.2 647.2 667.3 677.2 696.5 724.7 739.7 750.6 762.4 786.7 807.2 822.6 841.5 844.9 815 769.9 679.7 634.7 610.1 577.9 560.6 554.9 562.3 571.2 585.6 610.3 643.4 670.4
156.3 159.8 163.1 168 174.1 180.6 187 190.7 195.1 200.1 206.5 213.1 219.5 223.7 229.2 238.1 247 252.4 255.7 267.5 279 287.9 298.1 308.6 324.3 336.2 349.5 362.2 375.1 384.4 387.4 396.8 409.9 420.2 426.9 432.2 445.5 464.7 485.2 503.4 541.1 555.1 549.7 559.7 560.6 588.3 613.6 613.1 615.4 631 622.7 614.5 617.6 627 656.8 677.2 691.7 711.1 712.9 729.8 751.3 776.4 802.4 828.7 844.7 815.6 760.4 689.7 656.9 627.1 613.4 594.9 587.1 587.6 593.6 611.2 643.1 681 706
152.2 155.2 158.7 163.5 170.2 175.7 182.5 187.5 190.9 196.1 201.2 206 210.9 215 219.9 226.9 237.6 241.8 249.5 257.1 266.8 276 283.8 293.5 307 322.5 333.7 347.2 360.6 366.4 372.3 381.8 394.2 400.8 406.5 416.9 430.8 442.9 456 488.5 516.6 535.9 529.3 533.6 541.7 568.3 582.4 587.1 588.1 589.7 588.6 586.9 596.9 613.2 634.4 650 669.3 686.2 695.6 703.5 716.5 746.2 793.1 811.9 836.3 815.8 754 716.4 682 659.8 640.5 620.8 613.9 612 620.3 641.6 678.4 711.9 716.9
152.1 155.2 157.3 161.3 165.8 170.6 176.9 181.7 185.8 192 198.4 201 202.3 205.9 209.7 215.7 224 231.5 233.9 242.4 250.5 260.7 270.7 282.4 297.2 309.5 322 335.2 346.1 350.3 358.3 368.1 376.6 383.2 391.1 402.5 417.5 423 436.3 469.6 495.5 511.8 510.4 510 513.6 542.9 568.7 572 559.2 563.8 567.4 566.4 570.2 589.1 604.1 625.6 635.8 648.1 668.1 681 700.8 721.7 754 772.4 795.3 797 792.6 777.7 733.3 703.6 677.7 658 649.5 646 653.9 673.5 703.6 736.1 719.9
147.6 150.7 153.8 157.2 161.6 166.1 171 175.7 178.3 183.4 189.1 189.8 201.9 207.8 213.4 218.5 220.7 220.5 230.3 237.9 241.7 246.2 258.7 269 281.4 294.2 306.4 317 325.2 333.3 341.2 352.5 364.5 369.2 376 386 397.1 405.5 423 452.3 478 500.2 498.2 492.2 494.9 518.4 524.3 525.4 535.7 537.5 542 548.2 554.2 578.6 596.3 610.1 613.1 623.4 645 645.2 667.6 684.3 708.9 729.9 753.5 768.5 762.9 760.5 751.3 743.9 723.3 703.4 686.8 686.1 695.4 712.1 731.6 746.7 716.9
140.4 145.5 143.7 147.2 149 157.1 164.3 167.1 178.9 184.5 191.2 197.5 204.1 210.8 216.9 224.2 229.1 233 239.2 245.4 250.7 254.3 259 262.1 265.8 276.6 287.6 300.5 310.7 317.8 326.9 337.3 348.7 358.4 365.6 371.8 382.3 392.6 404.7 424.8 444.4 471.3 479.6 473.9 476.2 486 489.3 499.4 505.5 508 528.7 543 556.9 565.4 571.7 569.7 581.2 596.5 604.7 620.3 624.3 635.4 673 690.9 704.3 729.8 723.1 727.9 728 712.2 697.5 724.6 734.8 731 732 735.8 747.3 754.8 718
149.9 153.1 155.5 157.4 160.6 165 170.2 173.6 178.2 185.6 192.1 199.3 205.4 213.2 219.4 225.5 231 242.4 252.7 257.8 261.5 265.3 268.1 272.2 273.4 276.4 279.5 289.8 300.9 311.4 319.7 326.4 334.4 345.3 353.6 359.1 367.3 376.3 397.4 404.7 414.5 444.1 456.8 453 455.4 457.5 471.5 481 486.1 488.3 514.2 535.7 537.9 549 542.1 533.8 542.5 571.2 572.3 572 577.7 594.7 625.7 654.2 671.7 688.1 677.4 694.4 703.3 679.7 704.3 734.2 739.6 734.1 743.7 752.2 761.2 768.1 724.6
