public/OST50/NG80.asc
ncols 200
nrows 200
xllcorner 180000
yllcorner 800000
cellsize 50
[rows 140 to 174 of 200, columns 0 to 78 of 200]
154.6 158.9 161.5 163.6 167.4 172 177 183.8 190.4 195.9 199.9 205.6 209.5 212.8 218.9 228.7 244.3 258.6 269.9 274.3 276.1 277.8 280.5 282.8 282.9 286.1 286.7 286.1 296 306.1 313.3 319.5 325 332.8 340.5 349.7 356.2 365.9 378.8 387.4 393.8 406 417.1 420.1 428.7 445.9 454.4 464.8 469.2 470.7 475.5 499.3 507.5 515.8 521.4 513.9 515.2 536.7 545 541.1 545.7 567.9 590.4 612.3 619.9 635.8 647.1 672.6 668.9 661.2 685.2 705.1 720.1 729.5 744.3 759.5 772.7 772.7 735.8
156.7 162.7 166.8 169.9 174.4 181 190.5 198.4 200.3 207.7 211.9 216.6 219.2 221 227.6 244.2 260.7 272 282.7 288.7 292.4 295.3 298.3 300.7 299.8 300.5 303.1 302.1 295.2 308 309 311.6 319.2 323.7 331.9 339.7 347.9 355.3 365.4 377.2 381 387.8 395.1 405.5 413.7 426.8 438.8 447.1 453.1 455.4 455.4 460.1 479.3 488.5 489.9 484.2 485.9 512.2 520.3 519.4 530.2 546.3 559.6 569.8 585.5 606.4 627.8 646.8 646 653 670.8 695.8 713.6 731.5 750.4 768.8 785.8 797.9 765.3
156.8 162.2 168.7 176.1 182.9 194.6 205.1 213.3 216.1 221 223.3 225.9 227.6 239.2 250.7 269.2 279.7 289.7 297.4 307.8 311.1 313.9 316.3 318.3 316.3 318.2 317.3 316.1 311.1 308.8 309.4 306.6 314.4 317.5 327.3 337.2 342 347.2 355.8 364 367.6 374.2 382.3 390.1 398.1 413.9 428.5 439.5 442.1 444.6 444.4 440.4 450.1 465.4 468.3 467.3 464.2 491.5 499.3 500.1 504.8 522.8 533.2 553.7 579.7 595.1 610.1 629.6 631 645 657.2 681.7 711.9 723.6 741.1 758.9 778.8 800.5 791.5
164.1 167.1 171.7 180.6 189.8 202.4 214.6 227 232.2 231.7 233 235.3 248.9 255 272 288.8 298.3 304.3 318.1 328.9 332.7 337.8 336.4 335 334.1 334.3 330.8 328.3 323.2 320.6 320.4 312.4 309.6 314.1 318.1 328.6 333.8 340.8 345.8 352.6 361.2 365 370.6 376.6 385.1 400.4 417.6 430.2 431.1 432.6 432.4 430 435.7 450.2 454.1 452 455.5 471.5 477.5 481.2 493.3 515.7 530.2 545.3 556.4 570.1 586.5 608.9 610.8 622.5 640.1 662.9 699.2 700.4 727.2 750.2 774.2 800.4 817.7
168 178.7 181 186.8 194.3 207.2 219.3 232.8 242.8 243.6 244.6 255.4 268.4 273.3 297 307.6 319.1 331.8 341.3 348.6 353.8 355.6 352.5 353.6 351.1 346.9 343.8 340.6 335.9 333 330.1 328 321 318.6 315.7 319.3 325.1 335.9 341.4 345.2 351 356.6 364 373.5 380.7 392.8 398.7 404.2 411.7 415.6 413.6 414.2 421.5 430.6 435.1 437.2 448.9 459.7 463.7 464.5 482.5 510.7 522.6 529.6 536.2 550.4 568.6 589.7 589.2 606.6 625.5 647.5 673.9 686.6 708.1 736.5 766 797.9 823.5
186.3 195.2 197.7 202.6 202.8 209.9 224.2 237.4 249.3 255.7 266.4 277.8 292.5 310.7 322.3 334.2 344.1 353.6 367 374.2 374.9 372.1 370.9 369.4 365.9 360.9 355.8 352.1 348.7 345.5 338.6 340 333.1 331.7 329.8 323.1 327.5 334.3 338.2 343.5 346 351 358.2 367.3 373.6 380.3 385.4 391.5 398.6 401 400.1 405.5 416 423.4 427.4 434.8 444.9 451.1 454.2 456.7 477.9 502.8 511.2 522.3 527.5 536.4 555.2 572.7 573.4 595.6 610.4 626.6 641.8 671.8 689.4 725.7 760.5 792.6 822.6
207.5 212.6 212.9 221.7 222.2 220.6 229.9 242.4 255.4 272.5 289.7 299 319.7 336.8 351.3 359.1 368.1 378.1 385.1 387.2 386.3 383.1 381.2 379.4 377.3 372.9 367.2 363 360.3 356.8 351.6 350 345.4 341.7 340.1 334.9 332.3 338.4 339.1 340.7 340.2 346.8 353.4 362.5 368.8 371.4 377.1 383.5 388.4 392.4 396.6 404.3 413 417.4 421.9 429.4 439.8 445.8 448.7 455.8 466.2 486.3 498.8 513.1 520.4 529.5 542 555.1 562 582.1 596.1 613.7 633.2 651.3 683 716.2 752.4 789.1 813.6
231.5 233.9 233.5 238.7 235.9 231.6 235.7 251.7 276.9 292.4 308 325.8 342.1 358.7 371.5 377.9 390.1 402.2 405.5 400.6 395.6 392.3 390.7 388 385.4 381.4 376.9 372.6 369 364.6 361.4 358.5 354 351.3 350.7 344.1 345 339.2 340.2 343.5 343.2 345.4 351.6 359.8 367.8 365.5 372.7 376.5 381.5 386.6 391.6 396.8 401 406.7 415 429.2 436.1 442.1 449.1 463.1 478.5 488.2 498.7 509.1 520.9 529.5 535.2 539.4 546.3 569.8 585.4 605.1 627.5 647.9 673.1 708 743.7 779.2 812.2
263.5 260.8 252.4 249.8 245.8 246.2 249 260.6 287.1 312.1 332.2 356.9 368.6 379.7 391 398.1 408.2 412.8 412.8 407 402.8 400.2 398.1 393.5 388.1 384.9 383.6 379 374.5 369.7 369.5 366.9 362.3 361 357.5 354.3 349.6 347.8 344.1 343.7 346.5 347.2 351.9 360 361.9 365.6 370.8 377.2 382.8 386.6 389.2 392.8 398.3 412.5 427.5 443.5 450.1 451.9 468.7 487.8 501.4 516.2 517 520.4 530.2 540.6 543 542.9 558.7 578.3 596.3 618.5 638.2 668 695.2 727.1 759 790.7 821.7
285.9 275.4 263.6 259.9 259.2 262.6 268.5 274.6 282 315.6 348.8 378.3 390.3 404 412.2 418.9 418.9 419 415.7 410.9 407.1 406.4 403.3 399.2 393 391.3 388.6 382.5 378.3 375.6 373.7 371 368.5 367.6 363.8 361.7 358.6 356 352.1 346.8 348.5 352.6 359.1 366.7 367 369.8 372.6 375.8 382 385.9 389.2 392.5 396.2 411.3 431.1 447.2 458.8 460.2 489.5 517.8 534.9 548.9 550.7 560 561.3 571.9 563 566.4 582 602.3 626.1 646.3 670.5 694.9 725.2 753.1 781.6 809.9 798.4
289.9 279 274.8 277.5 282 290.3 300.7 302.1 299.4 301 349.6 384.2 405 424.1 430.3 429.6 425.8 422.5 421.9 417 413 411.6 409.1 404.9 399.6 395.9 391.5 384.9 379.4 378.5 375.8 373.6 372 372.7 366.9 365.6 364.4 361.4 358.1 355.1 351.9 356.3 365.8 371.8 373 374.2 374.3 377.3 382.6 385.7 387.5 391 397 411.6 435.2 453.2 460.9 475.4 510.1 542.5 568.5 580.4 593.1 603.5 610.4 607.2 601.7 594 615.1 641.8 665.1 682.6 706 733.1 761.2 783.1 805.6 782.2 741.8
296.5 291.6 293.4 305.5 316.9 321 319.3 321.3 327.8 325 349.7 382.3 399.5 415.6 427.3 431.9 427 425.7 425.5 422.3 418.5 417.3 414.1 409.8 405.7 400.5 395 389.1 387.5 382 379.2 376.1 374.7 375.4 369.6 368.1 368.2 364.7 362.9 361.1 359.4 361.9 370 372.9 372.8 374.4 375.7 376.1 384.6 389.6 390.2 394.2 399.2 416.1 441.3 457.2 464.8 498.8 535.3 568.5 597.9 611.6 632.8 645.2 652.8 658.6 654.7 624.8 652.2 680.6 705 727 742.9 764.2 785 774.9 753.4 721.1 703
314.8 316.8 328.2 332.2 346.5 340.2 334.6 345.2 346.4 356.3 357.8 385.4 399.4 406.5 416.9 425.9 429.6 428.4 427.3 425.2 422.9 420.5 414.1 413.1 409.1 406.2 397.5 394.6 394.3 385.9 382.5 379.9 376.8 377.4 370.7 369.5 369.6 371.7 367.6 369.8 369.4 370.4 374.8 379.9 378.1 378.1 379.8 379.8 383.3 387.9 394.2 400.2 406.5 422.7 449.5 462.6 484 517.9 566.4 611.3 633.1 652.7 669.3 689.7 702.4 712 702.1 663.5 683.6 710.5 733.7 752.3 762.1 769.6 743 712.5 690.9 680.3 662.5
337.3 345.6 354 360 356.8 352.5 358.6 363 372.6 381.1 383.4 396.4 400.6 404.4 415 421.5 428 430.4 429.9 427.8 423 418.6 414.9 412.9 408.8 406.1 399.2 398.4 396.7 389.4 388.3 385 379.2 378.1 373.8 373 374.1 374.9 376.8 381.6 384.3 382.6 387.8 391.2 390.5 388.2 388.4 387.4 386.1 388.9 394.8 403.6 415 431.1 459.4 479.1 512.7 547.2 600.8 641.9 661.2 687.4 704.7 720.5 734.9 731.8 708.4 682.4 707.5 719.4 703.7 702.1 713.7 708.1 680 675.1 653.6 641.7 625.6
371.9 378.5 381.6 378.8 379.6 381 380.7 388.3 396.4 401.3 402.3 403.6 403.3 407.2 414.6 422.7 427.1 430.1 432.2 431 424.8 421.1 416.8 412.8 408 406.6 402.5 401.6 397.4 395.1 391.7 390.8 382.4 379.7 380.4 378.1 380.5 382.4 383.5 391.4 399.5 396.1 399.1 405.2 403.5 399.8 399 397.9 394.8 397.8 402.2 406.7 424.4 447.5 480.2 509.9 541.5 581 624.5 669.2 697.8 726.2 745.6 742.5 727.2 733.6 714.2 697.8 689.5 676.2 679.8 668.1 651.5 642.1 637.6 631.4 620.8 615.2 607.1
399.2 402 400.8 401.8 405.3 404.9 409 412.7 418.2 417.7 412.6 409.1 410.2 414.3 420.4 427 427.9 433.3 434.1 430.5 428.5 425.8 419.3 416 408.7 407.9 404.7 403.9 402.9 400.1 398.6 395.5 388.8 384 385.1 383.4 384.5 389.6 390.9 392.6 401.9 407.7 407.8 411.7 413.6 416.6 411.8 404 406.1 412.1 416.4 425.4 448.9 469.8 504.7 538.2 576.7 615.7 649.3 691.6 724.4 732.2 746.8 741.5 734.8 726.9 693.7 656.7 635.2 635.5 625.3 619.4 610.2 606.1 607.4 605.2 606.1 608.4 605.8
433.4 430.2 428.1 428.9 437.2 438.7 434.1 439.1 440 431.3 423.9 422 421.9 425.4 430.8 436.1 439.7 442.9 437.7 431.2 431.6 430.1 424.4 418.3 414.3 414.8 411.6 412.8 410.3 406.2 405.2 399.7 397 389.5 388.7 389.7 392.7 394.5 398.8 403.7 405 413.9 414.7 421.2 427 427.8 424 418.6 420.4 425.7 429.6 449 488.9 500.5 529.3 557.4 600.4 639.3 675.5 709.4 713.1 725.2 733 708.9 687.3 673.4 650.5 621.5 609.3 601.9 591.6 582.5 580.9 585.5 592.1 594.6 598.4 601.9 594.2
458.4 457.8 455.8 470.8 470.3 463.5 455.4 456.4 450.3 441.1 435.3 434.7 433.5 439.9 453.5 457.1 456.9 453.8 447.1 437.9 436.7 436.3 432.1 432.4 448.1 432.9 422.1 418.9 416.8 413.1 409.4 405.9 400.2 396.9 398 399.7 402.3 406.9 411.9 416.6 416.2 419.1 425 433.6 436.4 432.2 433.7 439.2 441.9 446 448 475.5 515.2 546.4 578.8 611.3 638.6 658.4 680 678 675.5 685.2 685.5 673.8 658.8 640.2 623.4 601 590.3 584.7 570 565.5 559.3 565.8 570.3 573.6 573.2 572.1 567.3
480.7 483.8 496.5 496.3 493.5 489 475 466.8 456 447.5 445.6 446.2 447.5 465 480.1 480.7 477.2 469.6 461.3 454.6 447.6 444.5 443.5 450.9 454.9 442.2 432.3 429.2 424.5 420.8 417.3 414.1 406.5 405.8 410.1 415.1 415.8 420.3 428.5 435.1 431.2 429.7 438.9 447 443.6 445.4 456.2 477.9 486.7 476.1 490.8 515.5 549.1 581.8 627 653.2 662.5 656.1 642.2 632.4 644.4 656 653.9 643.1 629.9 610.6 591.4 582.7 575.4 565.5 546.8 540.3 536.1 541.2 555.3 560.9 561.1 555.6 544.5
504.3 515.4 521.2 524.9 515.2 498.4 484 470.9 458.7 448.1 450 456.2 468.5 498.9 504.5 503 494.5 488.3 476.2 470.1 462.7 464.1 474.3 467.8 463.1 452.3 446.6 443.1 438.9 427.3 424 422.1 419.3 422.2 427.6 428.9 433.3 437.2 445.6 452.1 448.4 449.4 456.4 459.4 466 473.7 478.5 492.9 507.1 510.2 529.5 554.1 590.4 614.1 641.7 639.6 622 608.8 603.5 608.8 615.7 627.9 628.7 623.1 611 582 567.6 564.4 559.7 546.1 528.1 516.2 512.9 516.9 523.3 526.1 527.5 518.2 519.4
536.6 551.2 549.6 535.6 516.4 498 483.3 469.3 456.5 450 451.2 469.9 502 540.3 534.6 535.1 521.8 509.3 496.5 490.3 497.9 507.9 503.9 495.1 481.2 479.4 467.2 461.7 452.9 445.1 441.6 442.7 447 446.8 445.9 454.1 463.4 472.9 477.3 468.9 468.5 468.9 469.6 474.7 489 493.2 498.9 509.8 524.3 542.5 579.3 587.1 611.8 627.6 630.8 614.5 594 583.4 577.7 584.9 591.3 594.1 600.4 596.1 583.6 558.5 546.6 544.9 536.2 523.1 510.4 501.6 507.1 497.5 493.4 509 505.4 495.7 485
576.2 575.7 549.1 527.7 513.6 497.5 487.4 474.6 460.6 462.9 473.4 504.3 546.9 569 576.5 568 554.4 535.5 526.5 528.4 536.1 529.6 526 526.1 507.7 496.8 484.1 480.1 491.6 488 482.4 481 477.6 471.7 472.9 486.3 505.8 514.9 515.3 501.2 490.1 491.8 501.4 504.7 511.2 521.7 549.3 567.7 558 566.2 587.9 610.8 615.1 638 629.4 601 577.2 557 551.4 554.9 556.3 564.3 563.9 557.4 543.5 522.2 519.4 516.3 507 497.6 493 492.7 487.7 469.7 470.2 491.3 479.1 460.4 455.9
594.3 572.8 547.3 530.7 522.1 511.7 499.2 486.2 484.4 494.9 522.1 561.1 588.9 603.8 622.8 611 588.7 595 585.1 573.5 573.5 569.8 558.3 547.9 533 514.9 505.3 500.8 500.5 496.8 495.8 495.8 487.9 493.2 502.8 510.7 521.2 527.6 523.3 523.9 523.3 525.9 559.2 562.5 554.1 556.9 555.4 573.7 583.9 595.8 617.2 632.3 618.4 608.3 604.3 583.3 557.1 535.6 528.2 521.4 520.9 530 532 523.2 515.4 502.5 493.4 484.2 477.7 475.6 469.2 462 453.4 441.4 451.4 460.3 440 421.5 413.4
590 572.4 553.6 540.2 534 525.4 516.7 517.8 524.7 538.6 563.8 599.7 620 646.8 651 640.4 640.3 637.3 622.7 608.8 593.8 582.9 569.1 554.8 542.2 531.7 523.4 508.2 503.8 498.3 492.4 489.3 488.4 493.2 503.6 527.6 547.7 557.3 555.8 564.6 570.7 574.6 611.7 608.3 589.9 579.7 584.6 590.3 603.2 615 620.4 614.8 602.5 579.2 572.4 555.4 537 518.2 505.1 490.6 487.7 492.3 496.7 501.9 495.6 480.3 466.7 460.1 458.7 454.4 442.5 429 420.6 415 422.7 419.3 396.2 377.3 380.5
594.4 567.3 553.7 546.3 542.2 533.8 541.2 558.4 560 591.1 607.6 623.9 642.3 645.6 638.7 632.4 627 619.4 609.3 596.8 585.5 574.7 562.8 549.5 536.2 528 520.6 512.6 499.7 491.9 494.2 490.7 493.7 495.3 506.6 517.7 529.7 547.9 568.8 578.8 584.8 592.9 614.1 610.6 586.2 581.9 592.7 600 609.3 612.9 600 590.3 577.3 556.8 541.9 529.3 515.7 497.2 483.4 472.5 469.4 465.6 468.7 471.8 468 450.1 442.5 436.3 436.9 436.7 422.3 413.1 403.6 390.3 381.3 367.2 351.6 343.3 347.8
607.2 571.7 557.5 551.5 548.4 559.4 572.9 579.6 590.6 607.3 616.4 617.1 623.1 623.7 621.7 615.4 609.5 603.4 595.5 587.8 579 566.2 550.9 542.2 533.3 519.1 508.1 499.5 494.9 488.4 487.7 491.1 490.9 496.9 501 500.8 504.7 517.5 532.5 546.6 554.3 586.3 604.9 592.6 568.6 558.2 567.3 582.4 593.4 599.3 587 572.3 560.1 540 527.4 516.8 505.2 483.7 470 454.1 444.8 439.5 436.5 437.2 433.9 428.2 426.2 427.2 430.2 424.4 413.2 400.1 380.9 362.5 355.4 341.9 321.6 309.7 315.3
595.2 580.7 569.7 565.1 569.1 577.9 585.8 598.3 610.3 613.7 612.2 614.8 612.3 605.7 602.2 595.9 588.5 582.1 578.5 574.2 568.3 560.2 548.5 541 530.8 517 506.5 494 486.1 479 471.5 475 476.5 478.9 485.5 485.4 482.5 495.1 506.5 515.3 527.9 560.4 575 565.5 547.6 522.7 532.3 542 551.8 568.8 573.3 554.7 534.1 516.3 507.1 495.3 479.4 463.2 450.7 441.3 430.7 422.3 417.7 414.1 410 409.1 409.5 407.9 403.9 397.1 387.4 373.2 356.3 345.6 333.9 317.5 298 282.7 270.1
594.9 592.9 596.3 595.9 595.7 600.4 608.8 608.8 607.6 604.8 598.8 597.1 588 580.6 576.4 567.6 564.1 562 557.3 554.2 554.5 546.1 542.1 532.1 520.6 510.1 497.1 485.8 476.6 469.9 462.6 458.9 460.8 461.4 468.8 470.9 464.2 475.2 494.3 498.2 501 517.8 544.7 534.7 523.3 503.6 510.3 515 523.7 533.2 532.9 525.9 515 494.4 482.6 471.1 459.4 447.9 436.6 427.7 418.3 409.5 401.8 397.3 396 395 390.8 387.6 380.5 374.5 360.8 349.3 337.3 325.8 315.2 300.5 281.8 261.9 242.9
601 604.3 613.2 618.2 619 615.6 608.4 598.6 590.1 580.5 582 573.2 562 551.1 540.9 538.7 540 539.1 537 536.6 536.3 536.3 536.5 525.6 511.9 498.8 485.8 475.9 466.6 458.3 452.9 448.6 442.3 440.9 447.2 444.8 438.7 454 468.1 472.8 478.1 486.8 499.7 510.2 503.7 477.8 481.1 488.6 504.8 519.9 512.5 508.6 497.6 479 466.3 453.5 443.3 430.8 420.1 409.4 400.2 394.3 390.4 385.5 381.5 375.5 369.5 365.2 361.8 358.7 352.3 342.3 332.3 317.8 300.8 280.6 260.7 238.3 221.5
615.7 620.7 625.9 622.8 616.2 602.7 589.8 575 561.2 551.9 548.3 544.7 536.7 527.8 516.6 508.6 503.7 514.2 519.3 516.5 518.5 524.3 520.2 510.3 496.9 485.5 475.3 464.4 456.5 443.5 437.1 432.3 427.9 423.7 422.3 420 421.7 428.2 445.1 448.1 450.7 457.8 475.7 484.1 475.9 459 452.7 467.7 478 485.5 482.8 484.7 478.1 457.6 446.6 436.1 427 414.1 404.4 395.4 385.9 380.6 375 368 360.1 353 347.3 347.9 346.9 339.8 331.4 320.6 308.7 291.6 275.5 252.2 233.8 216 202.3
628 627.5 619.2 606.6 592.6 580.2 571.6 558.6 544.7 532.6 526.6 524.2 517.1 504.1 494 486.5 483.9 488.3 494.2 496.3 498.9 502.5 496.6 490.5 478.9 466 456.5 448.5 440.1 427.3 419.5 411.5 409.6 404.3 399.2 401.4 404 410 415.2 420.8 427.6 436.4 449.2 455.6 451.5 432 424.8 439.9 458.5 464.1 468.7 466.2 457.5 437.5 429.3 420.7 411.8 397 387 376.1 368.8 359.5 352.9 343.9 336.1 332.2 331.9 331.6 326 317.1 309.1 288.5 277.8 256.4 239.7 225.9 205.7 191.9 181.1
635.8 624.1 606.7 594 577.1 564.7 551.3 539.8 525.6 517.8 515.2 509.7 496.3 485.2 471.7 470.3 473.8 471.6 477.5 476.7 472.3 472.8 466.8 462.9 450.8 440.1 432.1 427.5 419.8 412.7 402.8 393.4 390 388.1 383.3 380.7 381.4 388.2 397.3 402.9 415.5 420.8 430.4 431.1 427.5 407.6 402.8 418.1 431.9 438.8 439 439.2 431.3 418.7 410.1 403.3 392.8 375.7 363.6 354.7 346.8 337.4 333.4 323.4 316 316.2 319.7 315.2 309.5 298.9 281 260.9 245.6 227.2 212.7 194.5 181.8 168.4 159.5
630.7 614.8 592 578.7 566.2 549.1 536 523.5 510.8 500.4 491.7 483.8 480 470.6 462.9 458.1 459 462.4 464.9 458.3 449.2 440.9 437.2 437.2 427 421.2 416 411.1 401.3 395.5 384.6 376.3 371.8 368.7 366.9 357.3 353.4 356.9 365.9 382.2 407.7 414.4 417.4 419.9 407 381.4 382 392.2 401 411.7 412 413.8 410.3 401.8 386.1 387.8 374.5 352.8 341.3 328.5 322.1 317.6 309 306 301.3 303.5 305.2 305.2 298.1 280 258.2 234.9 219.5 202.6 181 172.5 159.2 147.5 142.1
609 593.3 577.3 564 553.3 542.3 526.6 510.7 499.8 492.3 486 481.9 473.4 464.2 454.9 450 449.6 457.4 458.9 442.3 427.3 415.9 409.9 411.9 404.2 398.4 394 387.8 383.9 378.4 370.1 361.4 354.8 346.3 343 338.9 336.4 337.8 343.6 354.5 375.8 393.4 393.5 398.4 383.6 359.2 360.3 370.6 382.7 391.9 389.5 391.1 392 383.3 364.6 362.9 351.4 330.5 319.1 310.6 305.3 298.3 290.1 291 288.9 290 295.3 294.4 275.8 254.9 219.2 196.7 183.9 167.3 159.8 148.8 139.4 133.2 127.8
598.2 586.2 573.7 558.9 545.3 533.4 516.8 501.7 490 479 473.2 465.3 465 454.9 445.6 440.9 442.8 448.3 448.2 428.5 411 395.5 388 379.9 378.4 375.2 372.3 366.9 364.6 354.1 348.3 342.7 338.1 329.9 324.8 320.7 320.9 326.3 331.1 334.4 347 360.3 361.8 364.9 357.6 334.9 339 345.2 354.2 366.2 369.3 369.7 372.2 361.4 344.4 342.1 332 314.1 304.9 298.5 287.8 280.9 270.9 275.4 269 267 265.9 254.7 244.7 209.7 185.6 169.5 156.6 149.5 137.4 131.1 125.6 119.9 113.8
