public/OST50/NG82.asc
ncols 200
nrows 200
xllcorner 180000
yllcorner 820000
cellsize 50
[rows 0 to 36 of 200, columns 83 to 165 of 200]
322.4 318.1 321.4 323.7 320.4 316.8 309.6 305.2 291 281.6 273.8 265 256.1 248.1 243.6 238.6 236.7 232.9 220.7 213.3 211.2 208 207 206.7 200.5 199.6 200.3 200 193.3 201.4 205.9 210.5 216.5 225.9 222.9 220.6 214.9 205.8 201.4 197.4 186.1 178.5 169.9 164.9 161.6 159.8 160.7 162.1 164.7 169.6 173.3 178.3 190.7 202.4 214.6 240.9 267.4 286.5 290.5 287.4 286.1 284.7 290.3 295.9 290.1 284.9 280.9 278.4 279 277 271.8 271.2 305.7 306.4 301.6 299.7 312.1 337.5 341.6 338.1 330.6 327.8 324.3
331 330.9 330.4 322.3 311.8 305.9 297.4 291.1 277.7 270.1 261.8 259.4 251 245.8 241.8 235.8 220.5 215.1 211.7 210.2 211.2 207 203 200.7 200.5 197.1 193.7 191.5 184.2 193 196.6 201.6 206.1 215.1 210.9 208.6 205 197.7 191 184.5 176.5 171.7 165 161 160.1 159.3 159.3 163.3 167.4 178.3 187 188.9 196.4 205.5 223.3 247.1 272.8 296.2 301.8 296.8 293.5 305.2 304.3 301.5 291.3 283.1 279.6 279.1 279.1 279.1 278 302.2 309.5 309.9 310.3 307.1 317.4 342.2 341 336.1 331 329.1 331.3
333.9 333 318 309.2 302 293.9 282.4 273.9 264.5 261.8 258.3 250.2 245.7 242.9 235.4 229.7 216.7 211.5 209.1 209.1 208.4 200.4 197.6 198.8 197.6 192.4 187.8 180.5 178 184.8 187.5 193.4 197.2 207.7 205.8 198.8 191.4 185.6 179.8 174.3 168.9 166.9 166.7 165.4 159.6 159.5 160.9 166.6 174.9 189.2 203.1 201.4 206.4 216 228.9 250.7 274.3 292.5 301.1 299 299 309.9 306.3 299.4 289.2 283.9 279.6 278.7 281.2 286.2 295.5 306.8 309.7 314 319.9 321.4 339.2 344.1 340 340.8 349.3 350 343.1
329.6 320.8 307 296.8 284.5 277 271.2 267.7 261.5 257.4 254.4 246.9 242 236.5 225.9 218.7 210.8 210.2 211.2 205.1 193.2 190.3 190.7 186.2 185 181.2 179.8 173.6 173.4 178.4 179.2 183.4 189.6 199.5 196.9 189.8 178.7 173.9 167.5 169.4 163.1 164.5 164.8 164 159.5 161.4 163.5 170.4 184.4 199.9 212.2 212.9 220 228 246.4 268 297.3 303 300.5 301.7 304.9 309 305.8 301.1 291.3 285.9 282.5 282.6 286.9 294.3 307.1 317.9 318.6 318.8 330.8 337.8 340 340 344 348.9 351.5 351.2 339.4
311.1 304 288.2 279.6 269.7 272.8 270.5 260.7 256.4 252.8 249.9 239.1 225.4 222.4 218.7 207.3 205 203.8 201.7 198.3 187.9 181.6 179 175.3 174.7 173.8 172.2 170.7 175.1 173.2 173.7 177.6 179.8 187 185.5 177.7 165.3 161.2 165.5 167.5 158.8 160.8 161 162.9 166.8 169.7 172.2 181.9 195 209.2 220.7 228.3 235.2 248.2 289.4 305.6 310.8 308.7 308.8 309.6 309.6 310 307.1 300.5 293.8 288.9 287.4 290.5 289.9 295.6 314 321.9 326.5 335.4 343.5 344.1 341.6 341.7 350.3 343.6 339.4 341 340.2
291.1 279.1 271.5 265.7 269.9 267.5 259.5 254.1 248 240.7 231.6 227 220.4 214.2 210.9 200.5 200 201 194.7 192.3 185.1 178.9 176.7 179.1 181.1 180.5 182.6 178.1 169.1 164.5 165.9 170.3 172.7 176.9 171.1 159.7 158.1 158.5 161 160.3 164.3 170.6 172.6 177.2 178.7 181.9 182 191.3 204.8 218.7 228.2 234.7 247.2 275.1 315.7 320.6 318.3 317.2 311.1 309.7 310.2 312.3 309.8 305.6 306.8 312.7 315.7 302.9 297.1 301.8 315.4 319 332.8 344.9 352.1 344.4 349 351.2 349.9 340 333.6 341 341.2
273.6 260.7 259.2 261.8 263.3 258.8 251.6 249.6 241.9 234 223.2 220.4 215.4 210.6 209.7 201.4 190.3 189.5 189.5 185.5 179.7 180.6 181 180.5 178.8 178.7 177.3 181.1 172.2 164.3 169.1 161.9 163 158.4 156.6 157.8 158.8 160.9 166.3 170.9 173.2 176.3 177.1 182.1 185.8 194.3 199 200.4 217.9 231.4 238.5 242.2 256.2 279.6 317.2 321.2 322.6 320.4 318.8 318.5 317.5 319.2 319.3 313.4 329.2 346.8 334.2 310.3 299 313.1 318.4 331.2 332.1 351.6 352 349.8 348.2 348.7 344.7 332 328.9 340.7 340.4
259.2 252 252.9 255.5 256.3 254.6 250.8 245.6 237.9 228.6 227.7 225.2 215.2 209.3 209.7 199.5 202.8 200.7 195.5 189.6 185.1 180.1 179 176 174.8 174.4 173.1 171.8 167.6 164.1 160.8 157.7 158.6 157 156.7 158.4 159.2 163.5 170.9 174.3 177.9 175.6 178.4 184.8 191.8 201.3 209.1 216 232.4 247.8 251.7 252.1 268.8 309.4 319.7 321.6 320.9 325.6 324.1 325.4 322.2 321.1 319.1 318.7 340.9 351.2 335.7 315.3 300.5 315.5 331.6 336.9 339.1 340.4 344.6 351.2 349.8 338.2 334.6 329.7 319 327.7 334.6
260.4 253.2 250.2 250.1 249.3 247.5 241 239.3 235.9 231 224 219.1 210.3 212.2 221.3 224.5 220 211.9 208 204.5 194.6 185.3 179.2 181.1 176.6 170.7 166.1 165 162.8 161.3 160.5 158.5 157.3 154.6 156 160.2 161.1 161.9 169 169.3 172.5 172.3 180.6 180.5 194.1 203.2 209.1 218 236.5 251.1 255.8 268.4 298.9 310.1 321.1 319 320.6 331.6 334 335.6 329.4 325 320.8 324.1 344.5 342.6 334.5 320.9 317.8 314.1 330.7 336.4 339.6 340 338.9 339.4 334.8 327.7 327.6 319.3 319 321.6 338.9
258.1 251.8 249.2 248.9 247.9 239.2 233.2 233.3 232.4 223.2 218.1 218.1 223.6 234.4 241.9 239.1 230.8 221.4 213.4 206.1 197.8 191.3 185.3 181.2 175.3 164.9 164 161.1 160.2 160.1 161.2 162.4 161.3 158.4 151.7 154.9 152.8 157.2 159.6 163.4 167.5 170.9 180.8 193 196.8 200.5 216.3 231.8 246.5 260.3 269.2 275.3 296.4 308.1 318.4 318.6 321.6 336.3 347.2 349.7 335.8 329.6 328.5 331.1 348.2 338.9 340 340.4 329.5 319.3 327.8 330.2 331.9 330.9 336.4 340 330.2 321.2 319 319 319 319 342.9
250.8 249.3 247.6 245 242.8 241.9 229.9 229.8 230.2 234.6 243.5 252.8 251.2 253.5 244.9 232.2 221.2 216.3 210.8 205 201.1 195.1 186.5 178.8 164.1 166.4 162.3 157.8 158.6 162.1 164.7 163.4 165.5 162.1 158.1 156.3 154.7 151.7 158.5 162.1 176.8 184.2 192.3 200.6 207.6 211.9 217.3 229.4 250.2 264.7 279.1 279.3 293.7 311.9 312.1 314 327.4 338.3 342.8 349 347.5 339.5 339 346.3 342.8 338.9 340.7 334.9 326.3 319.6 321.5 323.7 329.3 318.6 341 338.8 331 319 319 319 319 319 346.3
245.2 242.8 242 239.9 237.5 231.8 228.5 239.5 251.4 264.9 272 272.7 261.5 252.1 244.7 230.1 220.7 212.8 209.1 205.8 199.4 191.7 182.1 168 167.8 162.7 159 152.4 155 152.4 156.8 162.5 168.9 170.4 166.5 155.8 153.6 151.7 156.5 167.1 185.2 193.4 199.6 208.9 217.9 229.6 235.2 230.1 243 262.8 281.9 287.9 288 297.8 307.9 307.7 322.1 333.2 335 343.6 353.1 338.4 335.5 338.2 339.6 344.8 337.4 331.4 324.2 319.7 319.7 317.9 317.9 318.7 334.4 331.9 329.1 319 319 319 319 319 345.2
249 241.2 240.1 233.6 229.3 228.9 238.4 255.4 264.5 270.1 270.2 269.5 258.6 247.8 241.6 229.9 219.4 213.6 208.8 202.7 191.1 182.6 172.6 164.1 162 152.9 151.7 151.7 151.7 151.7 153.4 164.4 168.8 171.6 171 157.4 152.2 151.9 168 179.8 194 202.4 206.8 214.8 232.4 266.1 263.7 252.7 250.1 259.1 284.1 291 288.9 288.9 293.3 302.4 319.5 324.1 331.2 329.6 338.9 331.9 328.1 329.3 336.8 340.6 337.4 328 322.3 317.9 317.9 317.9 317.9 317.9 329.7 329.1 338.6 325.1 319 319 319 319 336.4
257.5 242.8 237.2 236.4 236.4 239.7 253.5 258.3 262.7 265.1 265 260.8 251.6 242.4 233.6 226.7 220.4 209.1 199.9 192.5 183.8 169.7 165.3 160.2 156.1 151.7 151.7 151.7 151.7 151.7 158.3 166.4 171.3 172.3 164.3 151.8 153.5 164.4 178.7 189.9 203.1 211.2 213.8 225.4 253.9 276.3 276.7 268.4 263.8 264.6 287.1 289.5 288.9 288.4 288.2 291.2 306 310.5 315.7 315.3 325.1 327 325.1 326.9 331.2 336.3 335.7 328.4 319.6 317.9 317.9 317.9 317.9 317.9 321.6 332.4 329.8 319.6 319 319 319 325.3 335.3
253.3 238.9 238.9 242.1 244.1 249.6 260.8 267 259.9 260.1 259.3 253.3 242.8 234.9 228.8 223.3 211.1 199.1 190.9 181.8 171.8 161.5 162.7 156.5 151.7 151.7 151.7 151.7 151.7 153.3 163.4 170.4 173.8 169.9 160.1 151.7 152.8 162.7 178.3 190.5 201.1 207.8 214.3 225.4 247.1 272 282.3 281.5 274 278.7 286.3 289.1 290 288.8 288.2 288.7 300.8 304.6 310.2 308.1 311.8 321.1 321.6 323.7 328.1 331.8 332.6 332 324.9 317.9 317.9 317.9 317.9 317.9 319.3 328.8 324.7 319 319 319 331.6 336 351.4
249.9 241.2 251.8 254.9 252.9 261.3 267.7 267.3 258.5 256.1 249.8 248.7 241.9 234.3 228.1 217.9 205.9 192.3 180.3 172 164.5 159.4 159.5 151.7 151.7 151.7 151.7 151.7 151.7 160.1 166.7 170.2 170.9 164.2 153.2 151.7 151.7 163.9 176 189 201.9 210.8 213.5 221.2 237.8 267.9 277.1 277.6 275.4 279.8 287.4 292 296.3 291.2 290 298.5 307.5 304.5 303.6 306.3 308.8 314.8 319.2 320.1 328.5 333.2 337 340.4 335.2 318.8 317.9 317.9 317.9 317.9 317.9 331.2 330.3 319.8 319 328.1 339.8 335.3 340.5
249.4 249.6 261.1 267.7 279.1 285.5 280.9 272.4 266.4 268.8 257.7 247.4 242.4 238.1 225.8 213.7 204.2 191.8 180.7 170.4 160.9 158.3 154 151.7 151.7 151.7 152.3 155.9 160.6 163.4 166.3 169.1 167.9 162 151.7 151.7 154.5 161.3 172.9 187.1 196.5 208.4 211.7 217.7 235.5 253.9 263.7 268.8 268.8 280.3 293.1 300.1 299.7 299.5 300.3 307.4 315.5 318.3 305.3 305.6 308.2 309.9 322.5 320.8 327.2 335.9 341.2 343.3 340.1 329.2 319.6 317.9 323.3 317.9 317.9 321 330.2 319.5 320 323.9 329.5 329.8 332.4
259.6 265.4 272.4 292.6 304.2 295.9 289.4 287.3 282.4 271.4 262.3 251.3 241.3 232.7 222.9 211.5 198.9 190.9 180.5 169.4 157.9 157.6 151.7 151.7 151.7 151.7 153.6 159 159 161.6 159.7 161.5 162.1 161 155.3 151.7 151.8 157.3 166 174.2 192.9 210.3 217.2 224.5 238.8 241.5 253.4 263 273.6 282.2 301.3 302.5 300.1 298.6 304.4 310.9 310.8 312.1 309.1 306.8 307.1 308.8 317.8 319.6 325.7 335.8 351.2 348.2 344.1 335.8 327.8 320.8 317.9 317.9 317.9 317.9 319.9 317.9 321.2 321.8 324.4 325.7 329.4
283.6 294.4 307.3 311.4 310.9 303.9 300.1 294 285.3 271.3 258.3 248 235.6 226.6 215.5 205.9 197.6 186.1 169.8 168.2 162.9 160.2 160.3 151.7 151.7 151.7 151.7 151.7 151.7 151.7 151.7 151.7 151.7 155.4 151.7 151.7 151.7 158.2 163.9 172.7 187.9 208.6 228.8 234.5 242.4 254.1 279.4 285.7 280.2 285.9 299.6 306.1 306.9 299.1 311.3 315.2 309.1 311.6 312.1 314.4 308.4 308 308.3 319.1 329 337.3 349.6 348.4 344.3 344.5 339.9 327.5 317.9 317.9 317.9 317.9 317.9 320.9 324.9 334.1 335.2 332.5 333.9
323.8 328.3 320.7 320.9 317.8 311.7 303.6 295.8 285 268.1 257.1 246.9 234.4 220.9 208.8 199.7 191.4 182.8 182.3 180.3 176.5 170.4 162.4 151.7 151.7 151.7 151.7 151.7 160.9 161.1 161.5 161.4 160.6 156.2 152.1 153.2 158.1 164 167.3 169.2 186.9 212.1 230.8 235.8 253.4 274.6 293 299.8 288 290.9 302.1 309.9 310.8 307.2 317.9 319.9 319.9 312.6 312.8 315.2 317.7 310 311.8 319.2 333.1 342.6 349.1 348.4 351.8 351.5 346.4 333.6 325.2 318.5 317.9 317.9 317.9 323.3 332.9 338.6 338.9 339.2 337.4
341.3 337.4 337.8 333 324 316.2 309.3 297.2 280.8 267.1 254.4 242.1 231.2 218.6 206.5 196.9 192.4 194.5 192.6 189.3 183.5 175 164.1 151.7 151.7 151.7 151.7 160.1 163 164.9 166.4 166.5 166.1 161.5 157.7 161.3 164.8 171.1 170.6 169.9 189.6 218.1 234.7 250.5 273.5 281.4 297.8 301.1 294.9 296.2 300.3 310.5 312.8 310.3 327.2 331.3 322.7 314.7 316.9 318.5 316.3 318.1 318.7 319 336.8 350.2 351.7 360 362.8 355.6 349 345.8 337.3 324.9 317.9 317.9 317.9 322.7 329.5 337.4 343.4 344.4 340.2
350.6 348.3 347.8 340.9 332.9 319.9 305.7 291.3 278.5 266.5 250.9 237.9 229.7 219.9 206.7 201.7 204.3 202.8 198.3 194.8 190.1 181.3 169 159.9 151.7 151.7 151.7 160.7 165.3 168.6 170.1 170.8 170.9 166.3 163.6 164.1 168.7 175.3 176 179.7 193.6 221.1 245.1 272.3 286.8 288.7 304.5 306.5 311.5 305.9 306 312.7 319.9 319 332.8 335.8 328.3 320.2 325 320.8 320.1 320 321.1 330.7 341.8 353.9 361.3 372.6 374.3 371.2 359.4 355.5 345.7 330.2 330.9 331.3 327.2 325.6 332.3 339.7 349.6 351.2 344.8
356 352.2 352.3 346.9 335.8 325 303.7 286.9 277.6 263.3 248 236.1 226.9 215.4 209.3 212.4 214.5 209.5 203.2 197.9 188.9 183.9 179.1 165 156.9 151.7 151.7 158.5 164.7 170.3 172.5 173.7 173.8 171 170.9 171.3 179.6 187.3 192.6 195.4 198.2 228.4 268.6 279.5 288.4 298.6 314.6 317.2 327.4 321.9 318.7 319.3 321.3 328.1 336.4 336.6 330.7 329.3 330.5 320 326 322.3 325.3 331.7 352.7 360.1 375.3 382.3 380.3 381.2 380.7 365.6 353.8 339.4 338.1 339.8 335.6 346.2 357.3 352.5 353.1 355.8 349.1
359.4 357.2 356.4 348.8 339 327.5 303.3 283.2 269.7 257.5 243.4 233.6 221.2 213.3 215.7 222.5 227.3 220 206.7 199.7 191.6 185 178.9 164.3 160.2 151.7 151.7 157.1 163.6 172.3 174.9 177.1 178.1 178.8 178.2 179 192.6 203.8 214.2 223.6 224 236.9 266.2 279.8 285.4 306.4 327.1 334.7 336.1 333.5 332.1 324.6 326.3 331.9 341 338.1 331.4 330.5 333.8 325.1 328.3 328.9 330.6 341.8 356.1 364.9 378.9 391.1 388.8 388 389 381.6 365.7 350.5 349.6 351.2 345.7 353.5 362.5 358.3 350.9 350.2 348.4
360.4 360.3 355.4 345.7 337.4 320.7 299.7 279.2 265.9 252 239.3 229 222.4 223.3 222.7 225.4 225.9 219.8 207.3 201.2 192.9 184.4 176 168.8 164.6 151.7 151.7 160.5 163.4 171.3 180.2 181 179.7 182.3 183.8 186.2 203.3 224.3 256.5 265.1 257 255.7 259.1 281 294.1 308.5 334.9 345.4 352.4 359.3 351.4 337.5 330.4 338.9 342.4 342.1 340.5 337.8 334.6 328.8 331.1 333.5 334.8 349.4 357.5 368 377.1 388.8 396.3 397.5 400.9 398.8 385.7 362.3 356.6 363.1 357.4 352.8 361.4 360.4 349.7 349.1 349.4
359.8 355.9 351.2 340.4 328.6 312.4 293.5 276.7 262.7 244.7 232.3 226.1 230.8 229.5 225.6 221.5 220.2 213.8 205.9 200.3 191.5 183.3 172.4 166.9 164 140.5 155.6 163.5 166 169.7 179.3 180.9 182.3 185.6 189.4 189.1 210.2 232.9 268.9 280.3 284.1 287.5 283.7 292.4 306.6 332.7 352.1 356.6 363.4 369.8 371.5 359.3 340.7 343.5 348.5 347.7 343.3 338.8 336.5 334.1 335.9 338 338 351.1 363.7 373.5 377.1 389.7 403.8 409.2 411.1 407.5 398.6 376.5 379.9 379.7 373.8 360.9 356.5 357 351.1 353.8 370.4
357.6 345.1 339.7 328.8 318.1 296.5 281.9 262.5 255 240.3 230.5 229.5 230.8 229.3 226.2 219.8 213.5 208 204.9 201 194.9 185.4 175.9 167.5 159.6 144.2 157.7 163.6 168.2 168.8 174.3 179 183.1 187.5 192.7 196.1 217.9 243.6 259.4 275.8 284.6 296.6 306.5 304.3 315 344.7 360.7 370.2 380.6 385.9 380.3 370.6 348.7 345.2 349.8 347.7 342 338.9 338.9 338.9 340 340.4 338.9 358 367.8 372.1 377.1 396.2 410.9 422.1 420.2 415.6 409.6 388.5 391.1 385 381.8 369.8 359.6 352.9 353.7 357.5 372.9
347.5 331.6 321.6 314.3 298.4 283.8 256.6 249.9 254.4 239.2 230.7 229.6 228.5 229.1 230.2 218.5 213.1 213.3 211.9 210.4 202.7 188.5 178 167.4 159.7 141.5 160.4 165.9 169.6 169.7 175.8 179 184.2 191.8 200 209.7 227.2 247.3 258 270.9 278 302.7 319.4 328.6 337.2 341.4 362.2 372.3 380.6 386.2 382.8 382.5 351.9 343 342.1 345.5 343.4 338.9 338.9 338.9 340.8 342 341.7 361.2 367.4 380.8 382.5 405.1 420.7 428.7 422.3 417.7 408.5 389 391.1 390.3 385.6 376.5 363.4 362 361.9 379.9 389.6
329.9 319.1 307.7 297.3 283.7 266.1 246.4 240.1 240.2 230.7 226.7 224.8 223 224 224.1 220.8 228.9 219.8 216.7 212.8 204.1 190.6 178.8 167.5 161.2 136.6 156 166.8 178.3 174.4 174.4 179.5 185.8 198 210.1 224.8 240.8 255.1 271.8 275.8 288.1 306.6 323 337.2 349.3 356.5 358.8 367.5 380.4 382 380.8 373.8 352 339.5 340.2 339.3 345 340.2 338.9 338.9 346.1 344.6 357.5 365.6 368.6 378.3 388.2 411.7 423.6 422 420 413.5 399.3 382.8 375.2 382.3 380.1 376.2 369.2 368.7 369.7 386.2 391.1
306.3 304.1 295.8 290.4 273.1 256.6 238.9 234 231.7 226 220.9 218.9 218.1 216.4 215.3 224.7 233.2 227.3 218 213 202.5 192.8 177.1 165.3 165.4 145.6 132.1 162.5 177.3 173.6 175.4 177.7 184 196 215.1 229.6 245 259.3 268.7 278.9 292.7 310 320.6 340.9 353 363.1 362.1 364.8 378.9 381.4 381.1 365.8 352.3 333.7 330.3 335.3 343.2 342.8 339.9 344.8 350.5 350.2 357 369.7 372.2 379.5 387.6 403.8 414.4 409.2 411 399.5 392.3 378.7 369.9 372.2 373.3 372.3 366.8 367.6 365.7 385.3 383.7
288.6 292.6 277.7 276.5 261.5 249.8 234.1 231.1 229.7 226.9 221.5 218.4 213 210.5 211.4 224.9 229.9 218.6 213.2 210.7 202 187 173.9 164 159.5 151.9 132.7 156.8 165.5 170.5 172.3 177.6 186 200.7 218.3 229.3 246.9 254.6 268.1 285.1 303.1 314.1 331 348.8 362 370 372.7 369.6 369 373.8 370.8 350.1 342.7 329.9 323 332.5 340.7 345.8 351.2 354 351.6 348.6 369.6 375.6 370 372.9 385.5 398.8 403.2 403.9 404.4 395.4 383.8 370.3 360.5 359.9 365.5 361 357.6 358.9 365.2 375 368.5
264.7 269.2 256.6 249.3 248 236.4 230.2 234.2 233.2 230 229.9 222 215.1 207.9 207.7 217.6 219.2 212.6 207.6 204.7 194.7 181.9 166.6 150.1 143.6 136.1 128.4 157.5 170.4 172.2 170.5 176.5 186.4 205.7 221 241.3 246.7 254.6 267.7 283.1 304.8 315.2 337.2 349.1 372.9 380.6 378.6 373.5 368.6 363.7 361.5 340.5 336.3 327.8 317.2 329.8 336.1 344.3 355.3 359.4 351.4 349.1 362.3 370.3 365.4 368.4 375.4 386.4 391 396.8 394.8 389.7 371.8 356 351.9 346.5 347.3 347.1 346.6 361 364.6 353.8 346.8
236.6 248.5 240.5 232.4 228 221.9 230.5 235.9 236.5 237.9 240.1 222.6 214.2 207.6 204.9 209.5 210.9 205.9 201.8 199.3 189.8 178.2 161.9 145.9 132.3 118.6 146.6 157.8 171.7 180.2 174.9 178.1 194.4 210.9 234.8 248.3 263.8 266.7 269 279.9 309 322.8 347 360.5 376.8 381.7 380.1 373.8 365.3 351.3 347 332.8 329.1 322.8 311.6 327.2 330.4 339.8 356.5 353.9 338.6 337.7 349.5 357.5 358.9 362.3 365.2 372.3 374.5 377.4 381.3 370.6 351.1 338.7 336.2 331.3 333.7 338.1 342.5 358.8 364 353.3 338
206.6 214.1 217.5 213.8 210.4 214.5 236.3 241.6 242.3 246.3 240.8 222.6 212.6 205.7 205 206.7 206.9 200.6 196.6 191.2 183.2 174.1 159.4 151.5 131.4 127 155.4 157.2 169.2 181.3 180.2 184.6 194.9 214.9 240.2 258.8 267.6 275.2 282.4 291.2 322.3 335.7 346.4 375.2 379.6 381.6 380.9 378.5 369.8 346.7 325.5 318.5 320 305.4 290.5 309.8 319.1 325.5 343 337.7 332.3 327 336.9 346.5 352.1 351 353.2 358.2 368.4 368.7 366.6 349.2 337.4 322.5 318.8 311 315 330.4 340.6 354.3 359.4 346.3 322.9
186.3 191.9 195 196.7 210.2 231 245.3 260.1 258.9 247.2 233.8 229.8 213.3 208.6 204.5 204.4 203.5 197.4 192.5 185.1 176.2 166.5 163.5 154 131.6 121.1 153.1 156.8 166.8 178.3 183.9 189.1 199.9 221.9 252.8 267.3 268.8 279.2 295.9 305.3 322.9 340.8 347.6 374.7 377.8 378.1 382.3 387.6 373.8 348.7 316.6 303.3 309 291.5 269.1 290.9 307.2 317.3 326.2 321.5 312.2 320.9 327.1 331.2 334.4 336 340.8 344.8 349.6 347.4 343 331.8 314 303.3 302.4 295.1 301.4 320.9 336.6 341.9 332.3 315.9 290.3
171.9 173.1 178.8 201.9 230.8 249 269.5 270.7 261.3 241.2 225 221.4 212.4 208.2 210.3 210.6 206.9 197.8 190.6 178.7 171.2 161.3 164.5 151.9 133.1 119.5 149.8 160.3 178.9 186.2 184.8 192.5 209.5 225.5 257.7 274 286.2 288.4 302.7 312 320.6 341.4 355.8 359.5 364.8 368.7 375.9 377.8 364.7 341.4 313.2 292.6 291.9 280.5 257.1 273.2 296.6 291.8 301 292 291 306.1 314.6 315.3 309.6 321.1 318.5 317.4 317.9 325.2 328.5 315.3 293.7 285.3 282.9 277.8 282.9 299.9 317.8 318.5 299.6 281.9 263
157.8 170.4 195.3 224.7 253.7 262.3 258 257.3 247.9 232.2 216.8 207.4 201.7 197.7 202.3 213 210.7 200.3 192.2 176.5 162.1 157.7 163.3 150.8 130.8 119.2 149.5 171.2 191.2 189.1 188.1 202.4 217.3 237.2 252.8 272.9 293.1 298.5 308.1 318.7 329 343.2 356.5 358.6 360.3 366.3 369.7 366.8 357.5 336.7 323.9 299.3 280.2 273.5 250.9 248.4 264.9 274.4 281.8 273.3 270 284.2 287.3 297.2 295.4 297.7 287.4 293.1 304.6 313.9 303.6 280 271.2 262.1 262.3 258.1 261.2 278.6 284.9 284.7 273.3 258.4 239.2
