public/OST50/NG82.asc
ncols 200
nrows 200
xllcorner 180000
yllcorner 820000
cellsize 50
[rows 111 to 147 of 200, columns 0 to 82 of 200]
0.3 -1.9 -1.9 -1.9 -1.9 -1.9 -1.9 -1.9 -1.9 -1.9 -1.9 -1.9 -1.9 -1.9 -1.9 -1.9 -1.9 -1.9 -1.9 -1.9 -1.9 -1.9 -1.9 -1.9 -1.9 -1.9 -1.9 -1.9 -1.9 -1.9 -1.9 -1.9 -1.9 -1.9 -1.9 -1.9 -1.9 -1.9 -1.9 -1.9 -1.9 -1.9 -1.9 -1.9 -1.9 -1.9 -1.9 -1.9 -1.9 -1.9 -1.9 -1.9 -1.9 -1.9 -1.9 -1.9 -1.9 -1.9 -0.8 0.1 1.8 2.9 3.2 3 1.9 0.7 2.6 -1.9 -1.9 -1.9 -1.9 -1.9 -1.9 -1.9 -1.9 -1.9 -1.9 -1.9 -1.9 -1.9 -1.9 -1.9 -1.9
1.5 -1.9 -1.9 -1.9 -1.9 -1.9 -1.9 -1.9 -1.9 -1.9 -1.9 -1.9 -1.9 -1.9 -1.9 -1.9 -1.9 -1.9 -1.9 -1.9 -1.9 -1.9 -1.9 -1.9 -1.9 -1.9 -1.9 -1.9 -1.9 -1.9 -1.9 -1.9 -1.9 -1.9 -1.9 -1.9 -1.9 -1.9 -1.9 -1.9 -1.9 -1.9 -1.9 -1.9 -1.9 -1.9 -1.9 -1.9 -1.9 -1.9 -1.9 -1.9 -1.9 -1.9 -1.9 -1.9 -1.9 -0.2 1 2.3 3.6 4.4 4.7 4 3.8 3.1 2.7 -1.9 -1.9 -1.9 -1.9 -1.9 -1.9 -1.9 -1.9 -1.9 -1.9 -1.9 -1.9 -1.9 -1.9 -1.9 -1.9
2 -1.9 -1.9 -1.9 -1.9 -1.9 -1.9 -1.9 -1.9 -1.9 -1.9 -1.9 -1.9 -1.9 -1.9 -1.9 -1.9 -1.9 -1.9 -1.9 -1.9 -1.9 -1.9 -1.9 -1.9 -1.9 -1.9 -1.9 -1.9 -1.9 -1.9 -1.9 -1.9 -1.9 -1.9 -1.9 -1.9 -1.9 -1.9 -1.9 -1.9 -1.9 -1.9 -1.9 -1.9 -1.9 -1.9 -1.9 -1.9 -1.9 -1.9 -1.9 -1.9 -1.9 -1.9 -1 -0.1 1.1 2.2 3.7 4.8 5.4 6 5.2 4.9 4.7 2.9 -1.9 -1.9 -1.9 -1.9 -1.9 -1.9 -1.9 -1.9 -1.9 -1.9 -1.9 -1.9 -1.9 -1.9 -1.9 -1.9
3.8 1.5 -1.9 -1.9 -1.9 -1.9 -1.9 -1.9 -1.9 -1.9 -1.9 -1.9 -1.9 -1.9 -1.9 -1.9 -1.9 -1.9 -1.9 -1.9 -1.9 -1.9 -1.9 -1.9 -1.9 -1.9 -1.9 -1.9 -1.9 -1.9 -1.9 -1.9 -1.9 -1.9 -1.9 -1.9 -1.9 -1.9 -1.9 -1.9 -1.9 -1.9 -1.9 -1.9 -1.9 -1.9 -1.9 -1.9 -1.9 -1.9 -1.9 -1.9 -1.9 -1.9 -0.9 0 1 2 3.7 5.1 5.5 6.5 7.2 6.6 6.2 6 5.1 2.3 -1.9 -1.9 -1.9 -1.9 -1.9 -1.9 -1.9 -1.9 -1.9 -1.9 -1.9 -1.9 -1.9 -1.9 -1.9
8.1 2.4 -1.9 -1.9 -1.9 -1.9 -1.9 -1.9 -1.9 -1.9 -1.9 -1.9 -1.9 -1.9 -1.9 -1.9 -1.9 -1.9 -1.9 -1.9 -1.9 -1.9 -1.9 -1.9 -1.9 -1.9 -1.9 -1.9 -1.9 -1.9 -1.9 -1.9 -1.9 -1.9 -1.9 -1.9 -1.9 -1.9 -1.9 -1.9 -1.9 -1.9 -1.9 -1.9 -1.9 -1.9 -1.9 -1.9 -1.9 -1.9 -1.9 -1.9 -1.9 -1.1 -0.2 0.9 1.8 3.3 5.3 4.9 3.8 6.9 8.2 8 7.6 6.9 5.1 3.1 -1.9 -1.9 -1.9 -1.9 -1.9 -1.9 -1.9 -1.3 -1.9 -1.2 0.3 0.5 0.3 0.1 0.4
8.5 2.1 -1.9 -1.9 -1.9 -1.9 -1.9 -1.9 -1.9 -1.9 -1.9 -1.9 -1.9 -1.9 -1.9 -1.9 -1.9 -1.9 -1.9 -1.9 -1.9 -1.9 -1.9 -1.9 -1.9 -1.9 -1.9 -1.9 -1.9 -1.9 -1.9 -1.9 -1.9 -1.9 -1.9 -1.9 -1.9 -1.9 -1.9 -1.9 -1.9 -1.9 -1.9 -1.9 -1.9 -1.9 -1.9 -1.9 -1.9 -1.9 -1.9 -1.9 -1.9 -0.5 0.6 1.6 2.6 5.1 6.7 6.9 6.2 4.2 7.2 8.5 7.3 6.4 5.8 4.1 1.7 -1.9 -1.9 -0.5 -0.1 0.2 0.7 1.3 -1.9 -1.9 1.6 2.4 2.5 -1.9 -1.9
3.8 -1.9 -1.9 -1.9 -1.9 -1.9 -1.9 -1.9 -1.9 -1.9 -1.9 -1.9 -1.9 -1.9 -1.9 -1.9 -1.9 -1.9 -1.9 -1.9 -1.9 -1.9 -1.9 -1.9 -1.9 -1.9 -1.9 -1.9 -1.9 -1.9 -1.9 -1.9 -1.9 -1.9 -1.9 -1.9 -1.9 -1.9 -1.9 -1.9 -1.9 -1.9 -1.9 -1.9 -1.9 -1.9 -1.9 -1.9 -1.9 -1.9 -1.9 -1.9 -1.9 -0.1 1.2 2.3 3.8 6.1 7.5 8.4 6.2 9.8 8.2 7.6 6.5 5.9 5.3 4.7 2.9 2 -1.9 0.6 1.5 2 2.6 1.8 -1.9 -1.9 -1.9 2.6 2.6 -1.9 -1.9
3.1 -1.9 -1.9 -1.9 -1.9 -1.9 -1.9 -1.9 -1.9 -1.9 -1.9 -1.9 -1.9 -1.9 -1.9 -1.9 -1.9 -1.9 -1.9 -1.9 -1.9 -1.9 -1.9 -1.9 -1.9 -1.9 -1.9 -1.9 -1.9 -1.9 -1.9 -1.9 -1.9 -1.9 -1.9 -1.9 -1.9 -1.9 -1.9 -1.9 -1.9 -1.9 -1.9 -1.9 -1.9 -1.9 -1.9 -1.9 -1.9 -1.9 -1.9 -1.9 -1.9 1.2 2.1 2.8 3.4 7.9 14.2 16.8 15.9 14.9 9.8 8.2 6.2 5.7 5.2 4.8 3.9 2.8 -1.9 2.7 2.8 3 3.3 3.5 -1.9 1.9 -1.9 3 4 4.7 4.5
2.4 -1.9 -1.9 -1.9 -1.9 -1.9 -1.9 -1.9 -1.9 -1.9 -1.9 -1.9 -1.9 -1.9 -1.9 -1.9 -1.9 -1.9 -1.9 -1.9 -1.9 -1.9 -1.9 -1.9 -1.9 -1.9 -1.9 -1.9 -1.9 -1.9 -1.9 -1.9 -1.9 -1.9 -1.9 -1.9 -1.9 -1.9 -1.9 -1.9 -1.9 -1.9 -1.9 -1.9 -1.9 -1.9 -1.9 -1.9 -1.9 -1.9 -1.9 -1.9 0.5 2.6 4.3 5.8 11.7 23.1 41 40.9 32.6 22.5 12.8 9.4 7 6 5.2 5.2 4.6 4 3.8 4.4 3.7 4.2 4.5 4.6 4.2 2.4 -1.9 7.4 8.4 19.4 20.2
-1.9 -1.9 -1.9 -1.9 -1.9 -1.9 -1.9 -1.9 -1.9 -1.9 -1.9 -1.9 -1.9 -1.9 -1.9 -1.9 -1.9 -1.9 -1.9 -1.9 -1.9 -1.9 -1.9 -1.9 -1.9 -1.9 -1.9 -1.9 -1.9 -1.9 -1.9 -1.9 -1.9 -1.9 -1.9 -1.9 -1.9 -1.9 -1.9 -1.9 -1.9 -1.9 -1.9 -1.9 -1.9 -1.9 -1.9 -1.9 -1.9 -1.9 -1.9 1 2.8 2.8 4.1 8.5 31.7 40.6 49.2 47.8 36.3 21 15 10 9.9 7.6 7.2 6.6 5.9 5 5.5 6.8 5.5 5.7 5.7 5.6 4.9 2.7 5.1 9.8 21.7 30.1 34.5
-1.9 -1.9 -1.9 -1.9 -1.9 -1.9 -1.9 -1.9 -1.9 -1.9 -1.9 -1.9 -1.9 -1.9 -1.9 -1.9 -1.9 -1.9 -1.9 -1.9 -1.9 -1.9 -1.9 -1.9 -1.9 -1.9 -1.9 -1.9 -1.9 -1.9 -1.9 -1.9 -1.9 -1.9 -1.9 -1.9 -1.9 -1.9 -1.9 -1.9 -1.9 -1.9 -1.9 -1.9 -1.9 -1.9 -1.9 -1.9 -1.9 -1.9 2 4 6 4.8 8.8 16 34.7 41.4 46.8 42.5 34.5 26.7 19 20 17.1 10.9 8.6 8.4 7.5 8 9.4 10 9.8 9.4 9.1 6.1 5.5 4.4 10.1 14.7 26.7 38.5 44.3
-1.9 -1.9 -1.9 -1.9 -1.9 -1.9 -1.9 -1.9 -1.9 -1.9 -1.9 -1.9 -1.9 -1.9 -1.9 -1.9 -1.9 -1.9 -1.9 -1.9 -1.9 -1.9 -1.9 -1.9 -1.9 -1.9 -1.9 -1.9 -1.9 -2 -1.9 -1.9 -1.9 -1.9 -1.9 -1.9 -1.9 -1.9 -1.9 -1.9 -1.9 -1.9 -1.9 -1.9 -1.9 -1.9 0.3 1.2 2.2 6.5 15.9 23.1 27.9 31.5 35.3 34.5 35 49.4 51.2 48.9 43.3 41.3 30.5 31.8 23.8 19.5 14.7 12.2 8.8 8.9 10.9 10.5 12.1 13.7 17.1 13.9 8.9 8.4 12 20.6 33.4 45.5 56.1
-1.9 -1.9 -1.9 -1.9 -1.9 -1.9 -1.9 -1.9 -1.9 -1.9 -1.9 -1.9 -1.9 -1.9 -1.9 -1.9 -1.9 -1.9 -1.9 -1.9 -1.9 -1.9 -1.9 -1.9 -1.9 -1.9 -1.9 -1.9 -1.4 -1.3 -1.9 -1.9 -1.9 -1.9 -1.9 -1.9 -1.9 -1.9 -1.9 -1.9 -1.9 -1.9 -1.9 -1.9 1.2 2.6 8.9 13.5 23.8 26.5 36.7 42.9 48.7 52.1 65.7 68.7 67.4 55.5 62.2 60 54.7 47.4 41.9 37.2 33.7 23.2 19.8 17.8 15.1 14.5 15.1 17.5 19 26.8 35 26.1 19.6 8.9 19.9 27.2 40.5 57.1 67.6
-1.9 -1.9 -1.9 -1.9 -1.9 -1.9 -1.9 -1.9 -1.9 -1.9 -1.9 -1.9 -1.9 -1.9 -1.9 -1.9 -1.9 -1.9 -1.9 -1.9 -1.9 -1.9 -1.9 -1.9 -1 -0.9 -0.7 -0.7 -0.6 -0.4 -0.4 -0.5 -0.4 -0.6 -1.9 -1.9 -1.9 -1.9 -1.9 0.2 0.9 1.5 2.5 2.4 6.8 20.9 30.3 36 40.1 46.9 49.5 59.6 65.9 74.5 87.6 108.8 98.6 84.3 74 65.9 62.4 56 52.7 46.6 46.6 36.9 35.6 33.7 27.1 29 30.2 35.1 41.3 54.4 40 32.6 24.1 19.9 28.6 35.1 44.7 56.4 63.4
-1.9 -1.9 -1.9 -1.9 -1.9 -1.9 -1.9 -1.9 -1.9 -1.9 -1.9 -1.9 -1.9 -1.9 -1.9 -1.9 -1.9 -1.9 -1.9 -1.9 -1.9 -1.9 -0.6 0 0.1 0.1 0.3 0.2 0.3 0.5 0.5 0.7 0.9 1.1 1.2 1.1 0.8 1.6 2.5 3.5 3.6 5 4.1 10.2 25.4 37.7 45.1 50.2 57.6 63.4 70.3 78.2 86.3 94.7 102.3 110.8 111.9 94.8 83.6 76.7 74.5 70.4 64.9 60.5 62.1 64.9 66 53.1 50.3 48.4 47.9 49.8 58.2 57.1 47.2 42.1 34.3 26.9 35 45.5 52.8 60.4 65.7
-1.9 -1.9 -1.9 -1.9 -1.9 -1.9 -1.9 -1.9 -1.9 -1.9 -1.9 -1.9 -1.9 -1.9 -1.9 -1.9 -1.9 -1.9 -1.9 -1.9 0.2 0.7 1.2 1.4 1.2 1.2 1.3 1.1 1.1 1.4 1.5 1.8 2.2 2.6 3.1 3.2 3.2 4.1 5.1 6.8 6.9 8.2 17.1 29.3 39.8 49 60.3 69 77.8 85 93.8 100.5 112.1 125 136.7 135.3 119.3 116.9 102.4 95.2 91.4 87.7 87.3 92.6 95.2 89.9 95.5 81.6 72.6 75.1 78.7 75.1 68.6 66.2 61.5 56.2 45.9 30.8 46.9 51.9 56.4 61.9 70.1
-1.9 -1.9 -1.9 -1.9 -1.9 -1.9 -1.9 -1.9 -1.9 -1.9 -1.9 -1.9 -1.9 -1.9 -1.9 1.5 1.5 1.5 1.6 2 2.3 2.6 3.3 3.6 2.3 2.2 2.2 2 2 2.2 2.4 2.6 4.1 4.2 4.4 5 5.9 7 8.1 10 13.6 18.7 27.1 39 49.9 63.1 74.4 86.3 96.9 105.6 116.8 125 140.4 168.4 164.5 161.8 145.7 135.6 127.9 125.7 133.8 118.4 117.2 111.9 109.5 106.1 112.2 110.8 104 103.7 105.8 104.9 94.1 81.9 81.2 77.9 62.2 47.1 44.6 59.3 60.8 66.5 74.2
-1.9 -1.9 -1.9 -1.9 -1.9 -1.9 -1.9 -1.9 -1.9 -1.9 -1.9 -1.9 -1.9 -1.9 1.7 26.9 13.4 20.2 17.5 14 12.9 14.2 6.7 5.5 4.4 4 3.9 3.5 2.8 3.2 2.7 3.5 6.7 7.3 8.3 7.9 9.4 11.4 12.7 16.2 20.9 32.6 41.3 51.8 63.7 77 90.6 103.5 112.5 126.9 137.5 151.1 176.5 188.6 190.4 181 172.1 176.7 165 157.6 169.5 153.5 139.2 134.6 130.7 126.2 131.4 126.2 125.3 124.5 131.5 127.1 110.4 97.4 91.1 93.2 86.5 63.1 49.9 48.8 64 70.6 77.7
-1.9 -1.9 -1.9 -1.9 -1.9 -1.9 -1.9 -1.9 -1.9 -1.9 -1.9 -1.9 -1.9 -1.9 12.1 41.5 47.6 53.6 55.5 51.6 47.9 45.3 31.6 17.7 9.2 8.1 7.1 6.9 6.4 4.5 4.6 8.6 9.7 13.9 14 11.8 16.4 20.1 25.3 31 36.6 45.8 55.6 63.6 77.8 93.6 107.7 121.9 134.9 152.6 167.4 178.5 202.4 201.1 197 201 193.1 193.2 188.9 177.9 183.3 183.1 177.4 169.4 152.9 140 143 141.7 142.5 145.7 151.1 136.9 124.3 112.5 105.3 104.7 101.3 83.9 67.6 65.9 58.4 72.8 80.5
-1.9 -1.9 -1.9 -1.9 -1.9 -1.9 -1.9 -1.9 -1.9 -1.9 -1.9 -1.9 -1.9 10.6 39 50.2 59 65.2 70.3 75.1 71.1 64.5 59.7 50.9 43 39.7 36.4 34.1 26.2 24.2 18.6 19.5 21.6 28.3 37 46.4 55.9 58.7 58.2 57.7 59.8 58.6 68 80.8 91.4 112 128.7 144.3 162.5 180.6 197.2 212.3 212.9 209.6 212.9 215.9 213.2 203.5 195 191.1 196 197.9 191.1 182.7 167.3 155 146.4 144.3 147.1 149.7 150.4 144.1 135.2 124.1 117.3 113.6 105.3 102 90.9 79.9 81.4 68.5 82.1
-1.9 -1.9 -1.9 -1.9 -1.9 -1.9 -1.9 -1.9 -1.9 -1.9 -1.9 -1.9 4.6 26.9 46.9 56.9 67 78.1 85.1 93.8 96.5 90.8 79.6 75.5 69.9 63 57.9 53.1 48.1 44.7 46.1 47.1 47.7 52.7 60.9 67.7 76.7 82.3 89.6 91 85.3 84.1 84.2 100.1 113.6 126.8 150.8 172.9 198.8 213.2 230 226.8 227.8 226.8 225.1 221.6 219.8 207.9 201 199.5 200.8 204.9 199.6 194.6 177.8 161.4 150.5 147.8 148 150 150.4 149.2 146.7 133.7 125.8 120.2 115.7 107.8 98.7 92.3 89.4 89.5 78.9
-1.9 -1.9 -1.9 -1.9 -1.9 -1.9 -1.9 -1.9 -1.9 -1.9 -1.9 1.9 20.8 41.2 53.9 67.8 78.9 90.6 98.3 106 113.6 114.4 106.8 98.5 91.4 84.6 78 72.4 70 69.3 66.9 67.4 68.7 73.1 81.5 89.6 97.7 101.1 108.4 113.9 119.8 119.1 114.8 118.4 131.2 152.1 168.3 195 222.4 257.3 255.5 250.5 251.6 250.8 232.3 229.1 222.7 212.1 209.1 206 208.1 211.5 210.5 206.1 192 177 161.3 148.9 148 149.8 149.1 160.1 156.2 147.3 137.5 128.8 121.4 113.2 105.2 100.2 92.9 89.9 88.8
-1.9 -1.9 -1.9 -1.9 -1.9 -1.9 -1.9 -1.9 -1.9 -1.9 -1.9 2.6 17.9 46.7 65 77 92.1 98.5 105.6 113.4 123.2 130.3 130.1 124.4 112.5 107 100.7 96.7 100.4 99.3 95.4 96.2 100.2 101.1 105.4 113.5 116.4 124.4 127.9 135.6 141.3 143.1 142.1 140.5 147.4 165.2 192.5 216.1 241.8 261.4 272.8 275.9 265.9 251.5 239.6 238.6 231 220.9 218.5 213.2 216.2 219.9 219.7 213.4 198.8 180.8 171.3 161.5 155.5 152.5 152 157.8 161.2 148.7 145 133.4 123 115.6 109 104.8 98 98.7 101.1
-1.9 -1.9 -1.9 -1.9 -1.9 -1.9 -1.9 -1.9 -1.9 -1.9 0.6 6.2 39.6 53.1 66.7 84 97.5 107.2 112.9 117.8 128.7 137.6 144.7 147.7 136.9 127.2 124.9 126.5 130 129 130.4 129.7 127.3 130 134.1 143.6 148.4 152.5 149.1 157.2 161.8 164.3 166.3 165.1 172.2 185.2 212.7 242.9 267.8 257.1 267.9 270.1 268.5 256 249.8 243.8 242.3 236.5 228.9 225 227 230.1 228 222.2 203.9 182.8 174.5 172.4 171.5 163.6 161.8 161.6 160.1 157.4 155.9 142.7 130 119.4 112.7 109 98.9 100.8 105.8
-1.9 -1.9 -1.9 -1.9 -1.9 -1.9 -1.9 -1.9 -1.9 -1.9 2.7 20.3 52.1 65.2 77.1 82.9 99.8 112.3 118.7 124.2 132.7 145.1 154.1 162.2 160.5 151.3 147.8 147.5 153.8 158.5 157.9 160.1 159.8 164.1 171.5 178.3 174.7 176 176.1 178.6 179.1 187.7 189.4 191.6 198.6 213.2 235.2 271.5 299.3 303.6 286.4 278.6 268.3 261.8 253.9 251.9 249.2 250.9 244.2 244.1 239.4 232.5 226.9 217.9 197.2 186.3 178.4 174.1 171.2 169.6 168 165.1 166.3 161.2 161.2 149.2 135.2 124.4 113.3 107.6 103.3 105.9 107.9
-1.9 -1.9 -1.9 -1.9 -1.9 -1.9 -1.9 -1.9 -1.9 1.8 12 47.3 61.6 73.8 84.8 94.5 103 109.7 120.7 128.8 137.4 152.8 164.9 178.4 182.1 172.4 171.4 173.7 176.5 184 178.6 180.6 189.8 200.1 198.3 203.5 204.1 203.2 203.9 202.3 198.6 205.2 210.9 211.2 218.1 238.5 261.8 302.7 308.1 310.8 305.7 296.9 279.8 268.3 266.2 259.9 259.3 259.2 250.5 247 238.7 230.7 221.7 211 201 187.8 179.4 178.2 174.9 170.1 167.4 163.3 162.8 167.2 160.1 147.6 137.6 130.9 120.3 113 107.5 108.4 100
-1.9 -1.9 -1.9 -1.9 -1.9 -1.9 -1.9 -1.9 2.4 10.4 39 53.4 69 80.5 90.3 99.6 109 117 124.9 129.9 140.4 153.1 168.7 183.6 195.9 199.1 194.3 194.9 202 204.8 204.2 207.6 214.9 217.2 224.7 220.2 221.5 226.5 226.6 222.4 221.4 220 227.2 231.3 245.3 259.1 286.3 327.7 327.4 322.9 315.1 309.3 297.3 292.9 282.8 278.4 266.7 262.5 254.1 244.5 234.2 226.9 218.3 210.8 195.9 187.8 183.6 182.2 180.2 173.1 166.1 161.3 160.1 159.8 159.2 149.7 142.1 135.1 126.2 116.5 110.9 105.5 99.2
-1.9 -1.9 -1.9 -1.9 -1.9 -1.9 -1.9 -1.9 11.1 35 42.4 59.7 73.5 85.6 93.3 102.7 112.6 121.6 129.3 136.7 141.3 150.3 165.3 181.9 195 213.4 224.7 213.3 214.3 219.4 225.6 232.7 238.3 242.9 239.7 237.5 234.8 237.2 244 242.5 239.6 237.9 240.9 253.5 271.2 282.7 331 345.9 340.1 335.3 325.6 318.2 311.8 307.7 294.5 281.6 272.1 268.9 255.2 246.9 231.4 222.5 218.6 207.3 196.9 191.7 189.5 190.6 191.3 177.8 167.9 166.2 164.6 162.5 161.2 153.3 145.4 139.7 129.2 120.6 115 105.8 111.1
-1.9 -1.9 -1.9 -1.9 -1.9 -1.9 -1.9 18 32.4 43.1 58.7 70.2 79.1 85.8 90.7 103 114 122.9 131.8 142.6 151.3 160.5 168 182 203.2 215.9 227.6 235.3 235.3 233.8 235.6 242.5 254.4 261.5 257.9 252.9 248.2 245.4 248.6 251.6 254.9 256.5 257 271 287.8 306.1 353.3 356.7 348.4 341.4 334.7 329.5 319.1 310.9 296.7 287.6 281.2 271.2 256.8 243 225.8 218.7 213.4 204.4 198.7 193 190 190.7 187.2 180.9 176.5 170.2 169.2 166.1 161 156.1 146 137 130.6 122.1 110.6 114 116.8
-1.9 -1.9 -1.9 -1.9 -1.9 2.2 19.9 33.5 39.4 54.1 67.2 77.8 84.7 88.9 96.9 103.4 112.2 121.3 134.7 146.6 158.8 170.5 178.6 184.8 203.2 217.1 227.1 240.3 249.9 260.2 260.5 252.5 261.9 264.1 261.5 259.3 256.1 255.9 256.2 258.5 263.4 269.3 279.5 291.6 311.2 337.8 367.5 360.8 357.8 348.2 341.6 331 318.5 308.5 301.9 290.6 282.9 270.3 257.5 251.8 233.5 216.5 208.3 200 196.1 191.3 189.1 184.6 180.9 178.7 179.1 171.8 166.4 160.9 157.4 152 144.6 137.5 131.1 118.9 113 121.8 122.5
-1.9 -1.9 -1.9 -1.9 4.9 21.9 42.3 48.3 52.9 59.2 72.7 82.9 90.2 102 111.2 114.1 123.5 132 139.4 151 163.3 176.2 189.8 193.7 202.4 217.6 228 235.4 242.1 259.5 277 274 269.2 267.7 264.1 263.2 264.5 266.5 264.6 265.7 272 280 295.4 310.7 345.4 379.7 375.5 371.1 365.5 352.9 344.3 326.7 317.2 309.9 303.5 292.1 283.2 269.6 258.6 249 239.3 227.1 208.5 199.6 194 189.3 189 182.2 179.1 174.1 174.7 168.9 162.4 156.5 150 147.8 142.4 136.3 130 122.1 111.3 121 124.6
-1.9 -1.9 -1.9 12.4 33.4 40.9 51.2 61.9 68.9 71.5 79.7 92.8 103.3 113.3 121.9 127.7 130.4 140.6 149.2 157 164.8 178.7 189.3 201.8 211.3 220.9 230.5 233.4 242.2 259.3 268.1 272.3 279.3 269.4 268.4 267.1 269.7 272.7 273.4 275.1 279.1 293.1 307 338.4 379.9 388.6 381.7 371.6 364.3 351.9 341 330.9 322 310 303.2 296.3 286.3 273.8 259.3 247.2 235.6 227.5 220.4 208.7 197.1 191.8 185.7 182.1 174.8 170.8 169.1 165 159.9 154 148.9 146.4 141.5 134.4 126.6 121.1 113.1 122.3 126.9
-1.9 -1.9 15.1 35.1 46.4 53.5 62.4 75.5 84.7 83.2 87.9 102.3 114.5 124.5 132.6 140 146 151 159.4 166.7 172.9 180.5 191.8 201.1 208 218.1 227.7 236.1 249.1 258.1 262.4 269.8 269.2 269.9 270.5 269.1 272.7 276.1 280.1 284 289.7 306.2 330.6 364.4 381.7 388 372 360.1 356.3 347.1 339 334.9 325.2 312.1 306.1 300.5 291.1 276.8 256.3 242.8 233.9 224.4 217.4 212.3 205.2 191.3 182.1 177.5 169.6 170.3 164.9 160.8 157.6 151.8 150.6 144.9 139 132.9 125.6 121.2 119.1 121.8 129.2
-1.9 19.9 38 50 57.9 64.9 76.9 81.5 97.6 103.2 104.4 110.3 124.1 133.7 143.8 152.1 157.8 161.9 167.4 174.2 181.1 188.3 196.3 203.3 207.3 213.4 221.8 230.2 237.2 248.8 261.3 266.1 265.8 267.1 270.6 275.8 279.3 280.8 284.3 290.9 301.5 324.1 366.4 389.7 387.5 376.3 363.4 358.9 358 349.8 344.1 337.3 327.4 319.4 309.3 296.6 281.8 268.7 250.6 240.1 226.8 221.1 215.6 210.1 199.5 192 183.5 174 169.1 163 160.9 161.1 158.2 154.5 151.1 143.2 135.5 131 125.2 120.4 120.3 119.1 121.8
15.1 38.6 48.5 61.1 69 76.7 87.7 99.4 110.1 118.3 118.2 124.6 131.7 144.3 154.1 163.1 169.4 172.7 177.1 183.2 187.6 194.7 200.8 206.5 209.5 213.1 218.6 223.7 228.9 237.2 245.7 256.2 261.8 263.1 266.5 273.8 278.9 283.6 290.6 298.8 316 355.2 389.6 389.4 378.4 367.3 361 359.9 357.8 352.1 340.3 338.7 331.2 326.8 305.4 285.4 272.1 257.9 246.3 228.7 222.6 220.9 213.1 204.5 194.5 186.6 178.8 174.3 171.3 165.5 159.2 159.8 157.3 152.8 146.2 140.9 131.5 129.7 120.1 123.2 121.1 120.7 122.3
39.2 49 57.9 74.3 80.5 88.2 102.2 114.5 124.6 131.9 130.4 135 143.4 153.4 163.7 173.8 179.6 182.7 185.9 192.7 197.1 199.1 203.8 209.3 213.2 217.9 220.9 220.5 224.7 232 241.1 248.1 252.4 255.3 258.7 263.3 273 282 293.1 309.5 338.7 379.5 381.1 381.1 375.3 368.2 358.9 359.9 352.6 345.6 339.2 341.2 332.2 316.3 294 281.5 267.1 256.6 241.7 229.5 221.9 215.4 211.1 201.1 193.1 186.6 175.2 170.1 169.7 161.5 157.1 152.8 153.5 149 137.4 129.3 128.8 128.7 127.3 128.8 128.4 127.5 127.3
51.8 59.6 68.9 84.4 91.7 100 117.3 128.8 135.9 139.8 140.9 145.6 154.9 163.1 172.2 183 190.5 193.5 193.4 195 199.2 201.2 205.6 211.3 215.2 219.1 219.9 220.9 222 231 236.3 240.9 243.6 247.2 248.5 252.5 265.4 279.6 302 323.7 347.4 369.7 376 378.1 373.6 365.7 357 349.5 344.7 336.7 335.1 329.5 323.3 303.7 292.4 277.8 263.7 253 243.1 230.2 219.6 213.8 206.4 198.2 190.3 178.3 169.5 162.9 157.4 151.9 150 150 148.9 139.5 143 140 135 139.6 135.7 129.3 131.5 133.6 134.9
