public/OST50/NG82.asc
ncols 200
nrows 200
xllcorner 180000
yllcorner 820000
cellsize 50
[rows 111 to 147 of 200, columns 83 to 165 of 200]
-1.9 -1.9 -1.9 -1.9 -1.9 -1.9 -1.9 -1.9 -1.9 2.5 6.6 7 9.3 23.5 46.2 60.8 75.2 97.2 111.2 136.8 158.4 178 173.4 175.4 213.6 234 240.6 235.5 237 228.5 217 213.2 212.8 209.8 202 208.8 222.7 229.6 222.4 230.2 267.8 299.9 322 341.9 365.8 368.2 365.2 354.2 345 335.8 323.9 308 303.4 303.6 286.6 276.5 271.7 256.3 242.8 232.5 230.2 224.7 219.2 215.7 200.8 210.4 206.3 182.7 156.2 137.7 124.3 104.9 79.4 73 43.2 34 25.2 18.5 18.6 2.7 -1.9 -1.9 -1.9
-1.9 -1.9 -1.9 -1.9 -1.9 -1.9 -1.9 0.3 3 7.4 9.3 11.1 25.8 48.9 66.5 81.3 120.5 141.4 153.4 164 180 180 185.9 193.1 220.6 230.6 244.4 250.1 252 248.1 236.3 226.7 229.6 221.7 212.9 217.2 225.1 230.6 233.8 271.8 304.9 324.4 350 360.6 368.1 370.8 366.9 358.9 351.6 343 329.6 308 292.7 288.8 282.6 271.3 269.2 258.6 251.7 246.5 241.1 230 221.4 206.5 193.4 194.3 195 169.8 149.6 129.4 112.7 97.6 81.4 67.4 48.3 45.1 30 25.3 12.2 3.4 -1.9 -1.9 -1.9
-1.9 -1.9 -1.9 -1.9 -1.9 -1.9 0.9 2.9 9.6 15.8 23.5 41.3 57.3 71.2 90.9 125.4 159.9 167.6 179 185.3 186.6 195.4 205.2 218.7 245.6 259.8 267.9 269.7 265.8 259.8 249.5 238.2 238.3 228.8 220 220.4 224.8 232.9 257.4 290.2 319.2 343.8 367.6 378.4 378 374.8 375.8 367 358.9 345 327.2 310.9 293.1 285.9 279.4 271.6 269.7 270 259.5 262.6 248.6 231.9 224.2 211.1 196.8 179 174.9 156.6 143 131.8 109 95.3 78.4 58.8 58.4 53 32.1 20.8 13.3 8 1.3 -1.9 -1.9
-1.9 -1.9 -1.9 -0.5 0.6 1.9 5.3 33.4 47.8 61.8 72.3 77.5 89.9 110.1 133.6 164.6 172.4 177.6 178.2 183.8 193.2 208 243.6 248.6 260.2 274 282.5 282.2 279.9 270 258.4 249.4 243.9 236.7 233.4 232.7 229.8 239.4 270.8 297.8 332.7 355.1 378.8 385.1 381.1 371.7 370.9 368.5 354.2 336.4 320 312.1 300.2 283.7 277.3 269.7 267 259.4 261.8 262.3 252.4 235.8 220.2 210 201.7 191.2 162 147.9 135.8 122.3 109.2 94.4 88.1 78.4 64.8 53.6 45.4 44 31 26.2 12.2 -1.9 -1.9
0.5 0.6 0.8 1.5 3.1 18 36.7 54 73 86.1 102.9 113.1 135.3 142.1 163.4 175.2 175.6 177.2 179.1 185.2 201.7 241.8 254.5 276 286.4 301.8 296.1 294.6 289.4 275.9 269.2 263.4 251 245.6 248.6 247.6 251 264.4 284.6 310.4 341.1 367.6 375 378.8 371.1 361.9 358.1 357.4 343.2 326.6 312.4 308.5 298.8 286.2 273.3 269 274.2 275.2 270.8 267.3 258.2 239.1 232 213.7 207.2 190.8 172.8 154.4 137.2 125.9 113.8 104.4 108.7 100.7 78.8 59.2 64.4 59.6 39 38.8 25 13 -1.9
-1.9 -1.9 2.6 15 33.6 49.1 67.6 80.7 97.9 111.8 129.5 146.2 159.8 164.4 169.9 176.3 180.8 185.4 191.2 203.1 223.4 253.2 267.7 281.7 295.3 301.8 299.4 294.8 289 280.7 278.8 271.7 261.7 256 249.8 271.2 282.4 299.4 290.4 316.4 334 360.2 366.2 370 370.4 359.7 354.2 346.1 338.8 330.6 316.8 302.8 299.4 287.4 278.4 277.7 283.7 280.6 275.8 266.8 256.6 252.4 242.6 225.1 208.3 191.8 172.3 155.1 140.3 135.2 120 131.8 124 102.2 87 69.8 68.8 52.4 38.5 39 33.8 17.9 2.6
-1.9 -1.9 5.3 35.4 54.1 79.4 97.1 110.3 123.1 140.8 176.2 166.9 167.9 171.2 178 182 187.4 201.4 231 236.2 253 267.6 269.9 276.1 287.9 293.2 297.7 294.9 288.7 280.6 278.1 271 258.9 258.2 276.4 291.6 322.6 323.2 326.6 333.8 355.2 353.2 367.8 373.2 374 364 357.6 347.9 343.6 335 322.7 308.8 297.7 290.1 297.8 298 287.9 280.3 277.7 269.8 277.2 266.8 240.7 213.9 200.4 186.9 168.9 158.2 143.8 138.8 136.3 140.7 121.4 104 90.6 90.5 69.1 48.8 42.2 33.4 26.8 19.3 1.3
6.3 13.6 32.1 54.7 75.6 94.5 115.1 133.1 158.2 172.7 181.7 176.7 174.3 175.6 181.4 186.9 203.5 225.2 235 238.2 262 266.2 270 275 286.4 291 292.1 291.2 289.6 280 271.2 262.2 260.3 276.2 315.8 339.9 345.6 357.3 364.8 356.2 358.8 360.7 364.3 368.4 379.8 374.9 368.4 356.1 347.5 341 329.4 310 307.8 322 321.1 308.6 293.4 282.4 287.8 284.5 271.2 256.3 232.7 206.3 191.8 174.8 159.6 150.6 144.5 147 141.1 143 124.8 110.4 99.7 92 72.9 55.2 48.5 39.4 27.8 9 1.5
17 38.4 57.1 73.9 87.3 103.3 129.9 147.5 164.8 170.2 172.4 179.1 186.2 181.9 186.8 193.8 210.3 231.4 236.8 257.3 270.8 270.8 273.8 278.4 287.2 290.8 290.8 290.8 289.9 287.2 270.1 271.2 281 326.2 359.4 379.5 385 383.2 382.6 374.6 362.7 361.8 368.3 371.5 380.8 380.8 371.8 360.2 351.7 344.8 329.2 332.4 351 336.4 315.8 297.9 291.2 300.8 296.6 283.4 263.4 246.8 221.7 202.9 185 170.1 158.2 156.4 150.9 148.7 144.2 142.2 127.1 116.7 109.9 90 75 59.4 53.7 44.6 38.5 17.4 3.3
36.9 50.1 72.6 85.7 91.6 102.3 120.2 138.2 158.8 177.6 179 181 178.1 187.9 199.2 215 211.6 229.7 253.5 261 266.8 269.6 280.3 279.8 287.4 289.6 290.8 289.2 290.3 281.6 280.4 295.2 335.4 362.6 399 405.2 403.2 400.4 393.1 381.4 375 369.8 374 377.1 379.6 380 372.8 360.3 352.4 339.4 351.2 346.4 338 326.6 312.2 298.5 299.5 292.4 279.8 268.3 247.2 230 218.5 200 179.8 175.4 169.3 171.2 159.8 150.7 148.6 147.8 130.6 124.6 114 94.2 78.3 63.6 52.5 44.9 36.3 21.3 8
51.9 57.6 67.1 76.6 87.6 104 124.8 157.4 163.6 165.2 173.6 169.5 179.2 213 215.9 220.9 222.3 233.6 250.6 259.8 263.7 272 281 287.6 289.1 290.8 290.8 289 290.5 294 315.8 344.4 366 402.2 415.4 418.6 418.2 410.6 400.9 390.2 383.9 377.7 379.6 384.2 382.6 379.4 370.2 360 353.4 359.2 351.1 341.6 331.8 319 313.2 303 299.2 285.8 269.9 256.6 243.8 225.6 210.7 189.2 189.6 183 181.5 178.8 169.7 156.1 151 151.9 144.5 133.4 117.5 98.6 86.1 69.2 65.2 47.8 36.3 35.1 14.2
61.6 60.7 63.6 75.1 91 120.2 147.1 150.4 151.3 159.8 160.3 173.6 202.4 211.1 222.9 219.5 227.9 249.7 254.9 268.9 270.4 275.6 281.1 285.5 289.1 290.4 292.5 288.8 301.2 329.1 343.9 369 407.2 427.4 431.1 431.2 428.3 414.1 401.4 394 389.2 389.8 379.2 383 384.8 377.6 368.7 374 371.3 360.2 351.1 338.3 331.2 333.2 322.9 307.3 300.8 289.7 279.2 261.2 241.4 219.6 207.6 212.3 205.8 196.6 192.9 187.8 177.7 166.5 158.9 155.4 146.3 133.2 114.9 101.4 90.3 84.8 76.5 63.4 37 30.5 19.2
67.1 67.8 70.6 80.5 102.9 130.8 134.7 139.4 147.7 152.1 167.6 196.1 213.1 217.5 224.6 225.5 243.2 254.3 265.4 277.6 283.3 286.7 291.4 296.8 290.4 296.9 297.5 304.2 347.6 357.4 367.4 388.7 427 435 441.5 438.9 431.5 423.5 411.9 400.3 391 395.1 386.9 379.4 380.3 379.2 379.6 376.6 380.2 367.7 352.8 347.1 346.9 334.3 319.4 308.7 302.4 288.5 272.3 260.2 253.6 233.4 237 226.7 214.2 204.8 206.6 198.3 186.3 174 169.7 168.2 149 129.4 116.5 107.5 100.7 96.5 84.8 70.7 44.6 27.4 17.8
69.9 76.6 82.8 95.5 107.9 121.6 126.9 135.5 140.5 157.1 193.4 210.7 218.7 220.9 221.3 242.4 250.1 256.1 270.2 285.3 302.7 308.2 317.1 304 297.6 295.8 319.6 354.6 365.4 389.1 405.8 405.4 424 436.9 439.5 438.4 434.4 428.2 417.4 402 389.6 388.7 380.4 379.2 379.4 379.2 379.2 379 373.4 359.5 360.2 352.4 342.6 332.9 325.8 314.5 301.2 287 279.8 265 243.8 233 239.5 238 224.2 226.6 223.6 207.6 202.1 192 191.8 179.8 163 141.8 128.9 120 118.6 109.1 97.4 78.8 55 30.8 21
71.9 80.2 95.6 111.9 115.1 120.9 124.1 132.7 148.5 186.9 204.9 213.8 219.1 218.7 219.5 246.9 256.1 273.2 285 302.9 310.8 309.2 302.6 298 305.2 332.6 359.6 363.6 376.3 406.8 420.4 420.8 422.8 432.3 436.7 440.4 433 428.2 417.8 405 393.5 383.1 380.8 378.5 386.6 383.7 380.8 374 359.6 352.6 349 344.7 338.9 330.3 324.1 316 300.2 294.8 279.6 258.7 244.9 253 255 253 258.2 252.3 235.6 231.9 223.1 220.4 214.8 202.8 185.6 159.1 145.5 132.7 136.4 122.5 108.2 89.7 58.2 42.8 29.6
74.8 84.7 101 110.7 116.5 122 124.7 134.3 167.7 206.2 209.1 209.8 214.2 226.6 246.5 266.7 281 290.2 294.8 307.5 316 309.4 309.6 319.4 346.6 367 376.5 378.3 397.8 412.7 419.7 423 429.8 421.9 427.9 425.2 425 419.1 411.3 398.7 389.3 377.6 378.4 383.6 386.7 390 390 374.6 363.3 350 344.3 340.6 340.8 340.2 325 308.8 300.8 296 288.5 283.7 262.6 280.2 284.6 273.4 267.4 265.6 257.8 260.6 252.1 242.4 237.8 232.6 207.5 181 157.4 142.2 136 125.3 111.4 93.1 74.1 58.3 45.6
80 89.6 103.2 112.2 117.1 123.5 130.1 142.3 175.9 191.4 202.7 209.1 219 237.7 261.2 276.8 289.4 297.2 301 309 308.4 308.1 342.6 364 371.8 381.4 388.6 400.8 413.3 419 430.4 429.6 424.4 411.9 409.4 414 411.2 405.3 399.4 389.2 377.8 377.6 381.6 392.2 393 398.3 389.6 382.8 371.3 354.3 342.8 339 339.8 334.6 319.9 315.8 309.2 309.5 308.2 299.1 292.6 297.6 298.4 287.1 274.3 272.7 285.9 284.2 276.8 269.8 254.6 250.4 233.5 205 176.3 154.4 145 133.7 120.2 105.6 85 75.8 63.6
88.3 99.5 110.1 114.7 120.2 124 128.9 142 166.3 183.7 201.8 216.8 234.3 246.9 262.3 278.2 295.2 301.2 300.8 298.6 306.5 333.4 366.6 372.3 392.1 401.3 414.2 417.8 423.8 421.1 421.8 421 410.1 405.7 400.4 401.4 396.7 400.2 400.4 401.8 405.2 399 389.4 402.6 405.2 402.5 394.5 385.3 376.6 363.4 350.2 340 331.7 324.1 322.2 321.6 319.2 319.7 313.8 304 298.8 309 301.2 289.7 292.2 288.4 299.2 296.6 284.8 269.7 272.6 265 249.4 216.6 187.3 167.2 149.4 139.4 128.2 118.6 99.8 82 70.4
88.7 99.3 108.5 117.1 121.1 122.9 129.3 151.4 169.6 189.1 203 222.2 229.8 243.3 262.1 276.6 290.3 300.6 299.2 300 341.2 362 377 386.1 391.6 411.8 420.8 421.7 419.6 414.4 406.3 401.6 397.5 394.3 393.6 387.5 388.8 402.7 414 423 412.1 399.6 400.2 409.8 404 401.3 394.7 384.9 374.8 361 345.8 337.9 329 327.4 330.4 337.4 333 328.7 321.4 318.8 311.2 311.4 308.6 304 300.8 297.4 298.2 296 288.6 291 298.4 273.6 252.1 228.2 202.2 177.2 160.5 150.1 138.6 135.8 124.2 94.2 70.8
90 99.8 107.5 112.1 118.8 121.5 137.3 154.5 180.1 182.7 196.6 211.6 224.9 239.4 260.6 272.3 279.3 284.2 294.2 332 361.5 372.6 380.3 389.8 400.5 409.5 418.4 420.8 414.8 405.7 397.1 393.4 388.8 385.3 381 381 395.6 411 422 421.6 420.2 413.5 407.9 399.6 399.1 404.4 394.6 384.6 369.6 362.6 344.7 338.8 339 338.9 339.2 343.8 341.2 335.1 332.2 327 322.4 321.4 325.5 319.6 317.2 320.4 309.8 305 312.4 312.5 300.6 285.7 264 237.8 213.4 187.6 168.5 154.2 144.3 139.8 126.6 96.8 72.7
90.6 101.1 108.8 110.3 118 126.6 136.9 158.3 175.7 183.5 197.4 213.9 229.1 234.5 252.4 263 261.8 272.6 299.5 349 361.4 375.6 380.3 388.8 410 411.9 412.9 412.8 406.4 397.8 389.8 383.2 381 381 381.1 385.1 394.6 410.6 423 423.6 418.7 411.5 401.6 392.2 395.5 400.8 394.8 386.2 372.8 369.2 356.3 344.6 339.2 338.9 342.3 347.5 348.1 340.8 337.5 328.6 334.4 333.4 333.7 333.5 330.4 322.4 323.2 325.5 331.6 318.4 318.1 299 276.7 251.3 218.2 199 173 156.9 145.2 133.7 119.8 99.5 81.2
85.4 95.1 100.2 109.8 122.5 132.2 146.2 158.9 176.9 196.3 203.5 208.5 215.4 217.9 231.4 247.8 252 272.3 308 348.2 354.8 371.8 380.1 390.5 398.3 408.8 409.6 401.7 392.7 384.5 382.3 381 381 386.2 394 389.2 392.6 400.7 405.9 409 409.9 409.6 397.5 386.8 394.5 389 390 388.4 376.5 369.9 360.2 353.8 350.6 346.4 356 353 350.4 343.5 333.6 333.6 350.3 349.7 349.2 338.8 335 343.8 342 339 334.3 329.8 330 307.4 277.8 257.4 231 200.4 176.8 160.4 141.8 129.5 114 101.1 87.4
98.2 88.7 100.3 114.4 128 137 149.5 162 180.8 196.5 200.8 202.6 206.8 209.4 216.3 224.1 245.9 278.6 335.6 347.4 353.7 363.2 377.1 380.4 386.4 393.6 395.4 388.5 380.7 380.8 388 388.7 390 385.8 383.9 381.9 382.6 398.7 398.4 399.5 400.8 393.7 383 381.2 389.4 387.8 385.5 383.7 381.8 369.2 366.9 360.6 366.8 363.8 364.9 359.3 352 343.5 335.4 339.8 359.9 361.4 353 339.8 355.8 363.2 360.4 349 350.2 345 335 313 292.5 268.2 233.1 200.2 182.4 163.5 149.5 135.8 122 102.4 94.4
100.7 90.8 105.2 118.7 133.4 143.4 156.9 169.3 189.3 191.4 191.3 193.8 198.5 200.6 201.2 219.5 245.6 299 332.6 346.6 348.8 363.4 369.7 370.2 371.6 376.2 372.8 384.4 388.4 388.1 388.9 384.7 380.3 379.4 379.2 379.6 380 398.7 400.4 395 394.7 395.8 390.3 379.8 380.9 390.2 383.8 375.4 372.4 372.5 376.7 373.8 375.4 372.5 369 361 352.6 342.8 349.7 355.6 354.4 371 353.7 356 373.2 368.8 363.3 364 357.1 344.5 337.2 330.6 309 266.4 240.2 220.3 200.2 174.1 158.4 144.4 124.6 111.3 108.1
98.9 101.6 110.7 126.6 133.6 144.4 164.4 169.1 182.6 186.6 187 181.5 182.2 184.2 199.1 219.7 246.2 289.6 308.4 335.5 340.7 352.4 359.4 353 358 364 375.8 381 381.2 379 380 380.8 378.8 379 376.2 377.7 385.6 400.6 399.5 398.7 400.2 396.8 389.6 380.9 378.4 385.3 380.3 372.5 372.4 372.4 377.9 384 383.3 377.6 365.4 361 350.5 349.2 355.7 360.6 359.8 361.2 359.5 380.8 379.2 382 384.2 374.7 360.6 350.8 346.1 334.7 310.8 290.6 270.7 250.5 218.1 191.4 169.3 154.2 146.7 128.2 124.3
99.2 107.8 117.9 128.8 134 142.7 159.2 164.2 165.8 172.9 173.5 168.9 169.1 180.5 199.4 221.5 256.4 281.8 298 312 325.9 332 339.2 359 369 371.2 371.6 373.1 368.5 369.2 371.6 371.8 371.2 371.7 370 372 386.8 401.1 410 409.7 398.1 388.9 385.8 382 378.4 378.4 381 378.6 380.8 375.7 388.8 390.1 389 374.7 368.4 366.8 358 354.2 359.2 359.9 358 362.8 380.8 381.5 384.7 389.8 389.7 377.8 363 358.4 351.3 336.3 328 318.6 293.2 272 234.9 202.9 182.1 170.8 162 148.8 147.3
102.9 107.2 117.7 127.5 133.4 140 150.1 155.4 154.4 155.8 155.1 158.1 172.4 188.2 207.8 233.5 255.6 268.2 277 291 322.6 350.2 367.3 369.8 369.8 369.3 361.2 360.5 359.9 362.2 361.8 361.8 361 363 363.8 376.4 394.6 405.6 410.9 403.5 395.7 389.3 388.8 384.7 379.1 378.4 384.8 396.8 391.9 389.4 393.8 399.6 389.2 378.5 369.1 367 362.3 363.8 359.7 358.2 366.9 387.7 385.7 390.4 389.2 389.4 389.4 382.3 374.7 362.1 350.1 340.3 339.2 325.4 296.8 273.4 249 220.8 207.5 186 188.2 189.8 179.4
111.1 114.6 117.2 123.2 133.6 139.1 143.3 145.3 144 146.8 148.3 158 169.1 179.9 209.5 222.5 238.3 258.2 289.6 317.6 338.6 350.8 359.7 363.3 358.7 357 353.5 348.5 349.4 349.7 350.3 349.6 350.6 349.3 360 387.6 406.2 410.4 410.1 402.5 396.7 392.1 390 386.7 381.5 382.1 385.6 403.9 407.9 406.6 402.1 399.2 395.7 385.3 373.3 368.4 364.6 361.2 359.4 363.4 387.2 389.4 389.2 390.4 390.8 388.8 390.8 387.7 377.5 368.7 358.8 350 344.9 334.9 310.7 286.2 270.4 261.6 252.3 257 237.6 223.8 199.6
117.2 120.7 124.1 126.7 128.8 135.2 136.3 139.1 138.5 145.7 156.1 168 179.2 195.6 216.3 245.5 260.8 280.4 304.2 315.8 327.1 340.6 343.6 345.7 340.6 346 344 337.2 334.6 333.5 326.8 328 329.4 343.6 365.8 396.5 410 410.8 410 408.4 399.1 399.3 395.9 390.3 385.2 387.4 401.6 410.6 411 408.2 400.6 399.4 392.6 383.4 379.4 373 367.7 366 378.7 398 394 391.8 395.8 399.3 399.7 394.5 396.4 389.8 385.8 376.4 370.7 360.4 358.5 348.2 331.3 319.5 308.6 294.3 281.2 274.6 258.7 241.4 221.9
121.9 127.8 130.5 130.5 131.3 130.1 131.9 136.6 138.2 140.2 160.5 168.4 188.5 206.5 224 251.9 266.3 281.6 294 308.4 316.8 323 328.9 327.2 328.8 323.9 325.4 322.9 316.3 313.1 313 319.9 330.4 351.5 365.9 394.7 413.6 415.7 410.8 409.3 402 399.8 397.3 389.7 388.1 392.8 401.8 410.6 406.6 400.3 398.2 390.7 387 379.2 379.7 373 368.9 382.1 401.6 399.9 407.4 410.1 411.8 406.8 401 417.6 403.6 397 389.6 393.9 390.7 378.6 366.3 354 351.8 333 318.8 305.3 291.5 277 265.4 245.2 229.6
128.9 130.6 129.3 130.6 136.4 138.1 135 137.4 142.4 149 158.7 165.5 183.4 202.1 222.3 245 261.5 275.3 285.5 298 309.7 310 313 314.5 312.1 307.6 309.2 303.6 303.4 302.7 309.2 320.8 338.1 352.4 371.6 396 420.9 417.7 402.5 394.2 391.6 389.9 395.7 397.6 387.2 389.2 398.9 407.8 399.6 391.5 389.4 388.5 379 380 380.9 380.8 377.6 398.7 403.1 407.8 418.4 418.9 420 420.8 419.7 420 411.3 405.6 397.9 407.2 398.2 384.9 377.5 364.4 357.3 345 326.4 309.9 293.6 282.2 263.4 242.3 224.1
130.7 129.3 130.9 129.3 133.5 137.6 138.9 146.2 154 162 171.2 186.4 198.3 204 214.6 236.4 257.3 271.1 278.3 287.7 290.6 293.2 297 297.7 295.2 296.8 298 292.2 295.6 298.3 310.6 320.8 334 357.4 374.2 383 407.7 400.2 386.9 380.1 379.1 386.8 393.2 392.2 380.8 385.2 392.2 393.6 398 389.6 388.5 390.4 398.4 389.4 388.2 390.4 389.1 392.1 402.8 410.1 419.6 420.7 421.8 425.2 422.5 421.6 417.7 409.7 408.3 403.6 404.6 402.8 390.4 373.6 364.9 350.4 338.2 329.8 317.9 296.2 279.2 254.7 227.9
129.8 129.5 132.8 134.2 137 140.6 146.6 156 164.8 171.5 182.2 196.8 212.4 227.8 232.5 230.1 254.2 262.6 267.2 270.9 275 279.8 281.2 285.3 284.6 288.5 288.9 289.2 291 295.1 311.8 320.8 332.9 348.7 367.9 373.2 388.4 385.5 372.8 368.6 379.3 389.8 386.6 379.2 384.2 389.2 379 383 385.7 389.6 406.2 410.8 406.3 393 393.6 401 401.2 397.2 403.6 414.8 419.5 420.7 421.6 429.1 428.1 425.7 423 420.2 420.3 424.8 424.2 422.8 401.8 394.6 380.7 362.6 357.4 349 328 308 285.8 264.4 238.7
125.8 129.7 138 139.9 141.1 144.5 152.2 162.6 171.2 181.1 193.2 204.5 219.8 234.1 242.3 241.6 238.9 254.3 257.2 259.6 268.6 270.8 278.4 279.4 279.5 287.4 291.6 290.3 293.9 297.9 309.8 323.9 333 350.2 358.7 359.5 361.9 364.5 360.1 365.8 375.4 380 380.8 376.3 382.1 378.3 372.2 375.3 390.6 399.2 404 408.3 406.1 400.4 399 406.7 418.4 421.1 418.6 421.2 421.8 420.9 426.1 425.5 429.6 428.9 427.4 431.8 429.6 432.8 437.4 430.2 419.4 409.9 395.8 376 360.2 343.1 331.2 316.7 298.8 275 251.9
125.5 128.8 140.9 146.9 147.9 148.2 155.5 164.5 178.9 195.2 207.7 220.3 231.2 248.4 254 257 256.6 259.6 264.5 268.7 274.3 277.4 283.3 295.5 299 301 301.7 296.2 300.6 310.8 334.2 347.2 342.8 346.9 349.4 350.8 352.4 354.9 357.7 360.1 367.7 375 373.5 372.2 372.2 372.2 372.2 380.5 387.6 391.2 397.6 400.8 404.9 403.2 405.4 431 450.4 449.3 441.7 434.2 435.8 430 424.1 431 430 432.6 437.8 439.6 439.2 437.2 438.4 429.2 420.8 420.6 411.2 386.6 369.9 356.2 339.6 319.8 306.8 286.4 267
129.8 135 142.7 151.1 150.6 151.3 161.1 170.2 183.9 205.1 218.5 240.9 257.7 280.5 281.6 277.8 285.8 287.4 287.5 291.3 295.6 296.7 303.6 324.2 333.8 329.1 332.2 330.4 333.8 336.3 354.5 356.5 357 354.2 353.9 354.6 356.7 359.7 360.6 362 373.6 377.4 372.5 372.2 372.2 375.6 380 389.8 390.3 391.5 394.4 402 407.6 411 436.8 464.8 462.2 454.3 449.4 447.2 439.8 428.4 430.3 432 437.5 441.7 444.9 447.2 449.5 447.2 440.2 432.3 420 409.8 409.8 395.9 384.5 366.4 348.4 331 311.5 289.8 266
138.6 146.4 148.5 150 153.3 159.2 166.7 179.7 196.4 216 238 271.7 287.1 293.3 309.7 326.3 325.9 334.9 338.6 338 336.4 331.2 333.8 336.8 337.4 349.2 355.5 362 375.2 384.6 385 385 382.4 378.7 367.1 368 374.4 376.6 377.4 392 402.8 397 392.4 386.6 386.8 386.3 384.6 389.5 389.4 395.4 400.8 415.3 420 428.4 446.6 460.1 460.8 457.7 451.7 449 442 446.5 442.6 446.5 445.9 452.6 451.1 449.2 450.3 450.8 439.8 429.8 414.4 397 391.6 386.4 382.8 365 348.7 326.7 299.8 276.2 247.1
