public/OST50/NG83.asc
ncols 200
nrows 200
xllcorner 180000
yllcorner 830000
cellsize 50
[rows 37 to 73 of 200, columns 0 to 82 of 200]
-2.2 -2.2 -2.2 -2.2 -2.2 -2.2 -2.2 -2.2 -2.2 -2.2 -2.2 -2.2 -2.2 -2.2 -2.2 -2.2 -2.2 -2.2 -2.2 -2.2 -2.2 -2.2 -2.2 -2.2 -2.2 -2.2 -2.2 -2.2 -2.2 -2.2 -2.2 -2.2 -2.2 -2.2 -2.2 -2.2 -2.2 -2.2 -2.2 -2.2 -2.2 -2.2 -2.2 -2.2 -2.2 -2.2 -2.2 21 32.1 30.2 27.8 27.4 25.3 29.9 36.3 41.3 46.5 50.2 48.9 45 43.7 44.1 41.7 43.9 46.8 45.9 42.1 47.6 57.6 61.4 63.6 67.7 68.2 76.8 83.4 85 89.5 99.5 112.3 120.2 132.5 133.6 135.6
-2.2 -2.2 -2.2 -2.2 -2.2 -2.2 -2.2 -2.2 -2.2 -2.2 -2.2 -2.2 -2.2 -2.2 -2.2 -2.2 -2.2 -2.2 -2.2 -2.2 -2.2 -2.2 -2.2 -2.2 -2.2 -2.2 -2.2 -2.2 -2.2 -2.2 -2.2 -2.2 -2.2 -2.2 -2.2 -2.2 -2.2 -2.2 -2.2 -2.2 -2.2 -2.2 -2.2 -2.2 -2.2 1.5 5.4 46.3 50.4 43.2 38 38.7 35.9 34.9 44.3 49.3 53.2 53.7 51.2 44.6 49.7 52.5 49.9 48.2 48.3 50 49.9 62.4 70.8 69.6 75.1 86.2 89.4 84.2 91.4 93.7 95 100.8 112.8 122 132.9 135.5 141
-2.2 -2.2 -2.2 -2.2 -2.2 -2.2 -2.2 -2.2 -2.2 -2.2 -2.2 -2.2 -2.2 -2.2 -2.2 -2.2 -2.2 -2.2 -2.2 -2.2 -2.2 -2.2 -2.2 -2.2 -2.2 -2.2 -2.2 -2.2 -2.2 -2.2 -2.2 -2.2 -2.2 -2.2 9.3 18.1 17.7 19 16.9 19.4 10.2 2 1.7 5.5 6.1 24.2 26.9 34 43.3 41.7 41.9 43.6 39.5 41.3 47.5 52.6 54.7 54.7 53 56.3 61.5 62.9 59.3 53.5 56 59 67.1 81.8 88.3 88.9 96.2 102.1 97 96.4 101.8 104 106.4 113.6 117 126.7 137.5 137.8 141.7
-2.2 -2.2 -2.2 -2.2 -2.2 -2.2 -2.2 -2.2 -2.2 -2.2 -2.2 -2.2 -2.2 -2.2 -2.2 -2.2 -2.2 -2.2 -2.2 -2.2 -2.2 -2.2 -2.2 -2.2 -2.2 -2.2 -2.2 -2.2 -2.2 -2.2 -2.2 -2.2 1.6 15.4 28.1 27 29.3 30.5 32.4 26.2 18.2 16 10.7 15.8 28.5 34.1 32.5 37.9 39.2 42.6 46.7 46.4 45.1 46.4 48.9 52 54.4 55.7 58.7 65.2 68.7 65.4 65.4 67.4 68 80.2 84.4 92.3 100.2 112.2 119.9 114.3 110.7 112.8 115.2 115.7 120.9 118.9 120.1 125 134.8 139 144.1
-2.2 -2.2 -2.2 -2.2 -2.2 -2.2 -2.2 -2.2 -2.2 -2.2 -2.2 -2.2 -2.2 -2.2 -2.2 -2.2 -2.2 -2.2 -2.2 -2.2 -2.2 -2.2 -2.2 -2.2 -2.2 -2.2 -2.2 -2.2 -2.2 -2.2 -2.2 -2.2 10 27.1 34.5 30.4 36 37.4 35.7 28.6 23.6 21.2 25.9 27.6 38.3 41.9 43.4 49.3 49.5 48.5 51.8 54.2 56.5 59.8 53.7 52.6 53.8 62.9 69 70.9 71.9 70.4 69.5 73.9 84.9 91.3 91.7 99.9 108.4 121.2 125.2 119.6 116.5 119.3 126.2 127.3 124 123.4 123.2 127.1 136.5 135.5 139.8
-2.2 -2.2 -2.2 -2.2 -2.2 -2.2 -2.2 -2.2 -2.2 -2.2 -2.2 -2.2 -2.2 -2.2 -2.2 -2.2 2.8 -0.6 -2.2 -2.2 -2.2 -2.2 -2.2 -2.2 -2.2 -2.2 -2.2 -2.2 -2.2 -2.2 -2.2 9.8 12.6 20.9 22.5 27 29.1 32.5 33.4 34.2 29.4 27.6 34.7 40.3 49.8 52.8 57.2 61.3 62.4 62.1 65.4 71.6 69.5 70.1 66.2 58.7 63.9 80.7 86.8 86.6 79.7 74.8 75.2 89.6 98 102.6 104.8 105.8 110.1 119.6 122.4 122.2 121.6 124.7 129.2 128 125.5 124.6 124.9 127.7 131.1 130.3 133.6
-2.2 -2.2 -2.2 -2.2 -2.2 -2.2 -2.2 -2.2 -2.2 -2.2 -2.2 -2.2 -2.2 -2.2 -2.2 2.5 4.4 -2.2 -2.2 -2.2 -2.2 -2.2 -2.2 -2.2 -2.2 -2.2 -2.2 -2.2 -2.2 -2.2 -2.2 16.5 18.9 32.2 50.6 44.7 47.7 48.9 45.9 45.6 48.2 45.2 54.5 65.7 70.2 72.8 65.6 77.8 76.9 78.1 83.2 87.9 90.3 87.2 81.7 67.5 79 90.2 93.5 89.5 85 80 93.2 109.7 117 117 114.2 114.8 116.6 125.6 134.8 131.8 131.7 136 131.4 129.5 126.2 125.9 125.2 127.7 124.3 125.5 126.1
-2.2 -2.2 -2.2 -2.2 -2.2 -2.2 -2.2 -2.2 -2.2 -2.2 -2.2 -2.2 -2.2 -2.2 -2.2 3.5 2.5 -2.2 -2.2 -2.2 -2.2 -2.2 -2.2 -2.2 -2.2 -2.2 -2.2 -2.2 -2.2 10.6 26.2 20.6 35.5 56.2 57.6 53.9 62.9 60.5 60.5 67.2 69.3 79.8 85.9 87.1 83.7 80.2 78.6 88.5 81.1 86.6 95.5 97.3 101.6 102.5 92.2 75.7 89.4 93.1 92.1 91.8 90.8 97.8 112.1 125 130.4 124.7 119.6 117.9 122.2 136 136.6 134.4 135.7 139.4 136.2 130 126.7 126.6 124.6 124.1 121.9 123.7 123.1
-2.2 -2.2 -2.2 -2.2 -2.2 -2.2 -2.2 -2.2 -2.2 -2.2 -2.2 10.7 12.9 15 14.4 4.3 3.1 -2.2 -2.2 -2.2 -2.2 -2.2 -2.2 -2.2 -2.2 -2.2 -2.2 -2.2 -2.2 20.6 28.7 31.6 44.4 62.1 56.6 57.9 63.1 69.3 75.8 73.6 93 97.2 102 101.7 104.3 92.4 90.5 94.6 92.1 94.7 97.7 100.7 104 103 92.9 92.9 97.4 95.5 95 97.3 103.4 112.5 133.1 147.7 140.3 130.7 126.2 126.1 124.1 136.8 136 134.9 135.5 136.9 133.1 128.8 127.5 127.3 124.6 119.8 117.3 115.3 115.6
-2.2 -2.2 -2.2 -2.2 -2.2 -2.2 -2.2 -2.2 -2.2 -2.2 3.7 20.7 12.1 13 8.7 -2.2 -2.2 -2.2 -2.2 -2.2 -2.2 -2.2 -2.2 -2.2 -2.2 -2.2 -2.2 -2.2 19.4 32.1 33 41.4 53 60.9 58.3 58.9 68.4 75.8 86.3 104.8 115.9 119.2 123.7 125.5 117.6 108.4 99 100 104.9 102.1 108.3 108.5 113.7 103 96.2 101.1 103.8 103.8 103.5 109.6 115.1 120.8 131.6 146.6 142.2 130.3 129.4 127.5 126 134.9 136.1 135.7 136.4 133.1 127.8 124.2 123.3 121.2 119.9 117.7 118.7 114.7 114.5
-2.2 -2.2 -2.2 -2.2 -2.2 -2.2 -2.2 -2.2 -2.2 2.1 3.9 13.5 6.7 6.7 11.2 -2.2 -2.2 -2.2 -2.2 -2.2 -2.2 -2.2 -2.2 -2.2 -2.2 -2.2 -2.2 -2.2 30.5 44.3 39.5 37.3 50.3 60.5 62.2 62.7 76.1 83.2 107.3 129.8 134.2 143.7 153 147.7 137.8 124.3 112.5 109.8 111.4 111.5 125.9 124.9 115.5 106.1 107 109.5 118.4 123.7 115.6 114.9 115.1 117.4 124.7 130.2 138.9 131 132.8 133.1 125.1 133.5 135.6 128.7 125.3 125 124.7 121.1 121 121.4 119.3 118.7 121.1 112 110
-2.2 -2.2 -2.2 -2.2 -2.2 -2.2 -2.2 -2.2 -2.2 -2.2 1.9 7.6 10.3 2.5 2.4 -2.2 -2.2 -2.2 -2.2 -2.2 -2.2 -2.2 -2.2 -2.2 -2.2 -2.2 1.7 6.9 33.7 40.1 38.2 43.1 52.2 71.3 70.1 83.4 88.6 94.9 134.2 144.2 150.1 164.2 165.8 159.1 150.3 133.9 121.3 125 123.5 129.8 130.3 128.6 118.9 114.7 115.1 119.3 126.1 129 126.8 118.8 115.1 114.5 117.9 123.6 128.2 130.8 139.3 131.5 124.6 131 134.1 125.5 123.1 122.9 121.6 120.9 120.8 121 118.6 115.9 114.9 110.7 105.9
-2.2 -2.2 -2.2 -2.2 -2.2 -2.2 -2.2 -2.2 -2.2 -2.2 -2.2 8.4 10.4 4.5 0.3 -2.2 -2.2 -2.2 -2.2 -2.2 -2.2 -2.2 -2.2 -2.2 -2.2 -2.2 8.7 12.2 35.2 44.3 40.9 46.8 53.8 67.4 85.5 98.7 88.8 107.3 148.2 158 159.3 169.4 170.5 169.1 154.8 139.5 129.1 138.6 134 137.7 133.6 125.1 124.9 123.3 120.5 123.5 128.8 135.3 129.4 118.5 116.8 114.9 113.7 120.5 124.2 123.5 123.5 125.9 123.3 130.6 131.3 125.4 124.4 126.5 124.7 125.5 120.7 120.7 118.7 114.3 108.2 105.6 102.4
-2.2 -2.2 -2.2 -2.2 -2.2 -2.2 -2.2 -2.2 -2.2 -2.2 -2.2 -2.2 13.6 8.4 -2.2 -2.2 -2.2 -2.2 -2.2 -2.2 -2.2 -2.2 -2.2 -2.2 -2.2 -2.2 5.9 21.5 36 40.3 41.1 43.8 60.6 81.8 96.9 89.7 90.9 120.8 161.2 157.5 170 179.5 177.3 176 163.2 146.4 135.7 140.5 147.3 138.8 130.9 128.1 129.6 131.6 126.4 124.8 130.2 133.7 133.7 124.5 118.2 119.8 113.7 107.8 114.6 115.2 116.1 117.3 124.1 130.8 125.9 125.7 122.6 128.3 124.3 123.2 119.5 120.7 118.9 110.2 107.3 106.6 99.4
-2.2 -2.2 -2.2 -2.2 -2.2 -2.2 -2.2 -2.2 -2.2 -2.2 -2.2 -0.5 6 4.5 -2.2 -2.2 -2.2 -2.2 -2.2 -2.2 -2.2 -2.2 -2.2 -2.2 -2.2 -2.2 3.2 21.1 33.7 39.3 40.6 51.3 68.1 91.1 91.4 82.4 102.4 128.9 145.5 165 178.6 182.2 182.8 178.8 167.9 151.2 140.6 158.1 155.2 135.7 131.3 131.6 130.5 134.9 137.8 129.7 129.4 129.8 127.2 128.5 125.3 122.1 117.1 107.9 107.2 109.5 112.7 114.7 120.1 123.5 121.4 120.7 117.5 120.7 119.9 117.2 117.9 119.6 118.4 111.1 107.4 104.4 99
-2.2 -2.2 -2.2 -2.2 -2.2 -2.2 -2.2 -2.2 -2.2 -2.2 -2.2 -2.2 -2.2 3.8 -2.2 -2.2 -2.2 -2.2 -2.2 -2.2 -2.2 -2.2 -2.2 -2.2 -2.2 -2.2 2.2 20.3 30.8 37.4 40.1 59 73.6 88.3 85.3 85.8 111.8 129.4 157.6 170.7 174.5 180 184.1 179.4 168.9 151.5 145.5 161.7 148.6 132.4 132.2 137.3 138.6 148.6 150.2 147.3 136.6 129.9 126.5 126.2 129.4 129.7 117 109.1 106.3 106 112.5 113 114.4 115.1 113.2 112.3 112.7 113.1 113.6 115.2 118.7 120.6 119.3 113.4 109.2 102.6 97.2
-2.2 -2.2 -2.2 -2.2 -2.2 -2.2 -2.2 -2.2 -2.2 -2.2 -2.2 -2.2 -2.2 -2.2 -2.2 -2.2 -2.2 -2.2 -2.2 -2.2 -2.2 -2.2 -2.2 -2.2 -2.2 -2.2 1.7 19.3 31.9 39.2 41.6 57.5 65.6 70.2 74.3 99.9 130.8 142.8 157.8 167.7 173.6 181 183.2 179.2 164.6 145.9 145.1 145.5 135.7 137.6 147.9 146 142.8 150.2 152.2 151.6 146.8 141.1 126.9 121.9 117 118.5 114.4 109.5 107.3 106.2 106.2 108.2 109.1 111 111.9 111.6 111.6 115.6 118.5 118 121.2 122.8 119 115.5 107.7 101.8 96.2
-2.2 -2.2 -2.2 -2.2 -2.2 -2.2 -2.2 -2.2 -2.2 -2.2 -2.2 -2.2 -2.2 -2.2 -2.2 -2.2 -2.2 -2.2 -2.2 -2.2 -2.2 -2.2 -2.2 -2.2 -2.2 -2.2 2.2 19 37.8 43.3 45.5 46.9 56.2 61.4 79.3 117 132.8 151.1 163 167.8 171.2 181 178.1 170.8 157.2 134.9 136.4 135.4 142.5 146.8 155.3 152.1 144.3 147.8 150.3 147.3 146 142.1 136.7 129.5 114.7 113 111.3 108.9 108.1 106.2 106.2 106.2 106.2 109.9 113.5 112.5 124.9 129 127.8 128.1 122.5 121.2 118.1 113.8 107.2 104.4 97.8
-2.2 -2.2 -2.2 -2.2 -2.2 -2.2 -2.2 -2.2 -2.2 -2.2 -2.2 -2.2 -2.2 -2.2 -2.2 -2.2 -2.2 3.9 -2.2 -2.2 -2.2 -2.2 -2.2 -2.2 -2.2 -2.2 2.5 15 41.6 46.5 37.6 38.2 46.2 62 86.1 124.6 139.7 156.6 161.9 163.8 163 171 175.2 163 144.8 126.7 125.5 132.8 145.3 144.7 148.9 146.4 146.2 153.8 153.3 147.8 146.9 140.2 136.5 128 117.1 118.4 119.5 113.8 106.8 106.2 106.2 108.2 106.2 107 121.1 125.5 130.2 136.5 132.3 128 121 118.3 119.7 116 107.4 98.8 90.9
-2.2 -2.2 -2.2 -2.2 -2.2 -2.2 -2.2 -2.2 -2.2 -2.2 -2.2 -2.2 -2.2 -2.2 -2.2 -2.2 -2.2 2.4 -2.2 -2.2 -2.2 -2.2 -2.2 -2.2 -2.2 -2.2 1.2 4.1 34.5 42.5 33.6 32.2 44.9 62.9 94.6 126.5 146 153.6 157.7 156.9 158.2 167 168.4 158.5 136.6 125.1 123.4 126 133.6 140.9 133.7 138.7 153 163.8 155.1 149.1 148 142.9 132.6 129.6 134.5 132.3 131.3 119.4 110.3 108 118.7 118 111 108.7 111.8 119.5 129 126.4 125.8 120.6 114.1 116 119.5 114.3 107.3 101.1 93.2
-2.2 -2.2 -2.2 -2.2 -2.2 -2.2 -2.2 -2.2 -2.2 -2.2 -2.2 -2.2 -2.2 -2.2 -2.2 -2.2 2.3 2.5 -2.2 -2.2 -2.2 -2.2 -2.2 -2.2 -2.2 -2.2 -0.3 1.4 6.8 27.4 28.8 33.9 45.5 66.4 91 127.7 144.9 156.9 159.1 156.4 166.2 156.4 154.5 145.5 125.2 126.2 121 122.9 122.6 134.2 128.2 142 164.6 165.9 163 150 141.4 140.9 133.1 134.9 139 137 133.5 125.4 118 114.8 124.4 123.1 115 105.2 103.3 104.5 105.5 104.5 106 101 106.8 116.5 117.4 109.7 103.3 95.5 90.7
-2.2 -2.2 -2.2 -2.2 -2.2 -2.2 -2.2 -2.2 -2.2 -2.2 -2.2 -2.2 -2.2 -2.2 -2.2 15.3 8.4 2.5 -2.2 -2.2 -2.2 -2.2 -2.2 -2.2 -2.2 -2.2 -2.2 -2.2 1.2 16.3 26.6 35.4 45 61.4 85.4 118 144.9 152.3 153.8 162.7 166.1 149.5 143.3 133.6 117.4 121.7 116.6 111.8 113.5 118.4 126 145.5 154.2 159.9 159 149.2 139.6 135.8 135.5 138.4 141.1 142.6 133.3 130.2 123 118.1 119.5 123.3 117.8 106.5 102.3 94.5 94.5 95.6 90.3 97.5 111.4 119.6 115.3 107.1 97.7 90 87.8
-2.2 -2.2 -2.2 -2.2 -2.2 -2.2 -2.2 -2.2 -2.2 -2.2 -2.2 -2.2 -2.2 -2.2 -2.2 9.9 4.4 2.6 1 -2.2 -2.2 -2.2 -2.2 -2.2 -2.2 -2.2 -2.2 -2.2 -2.2 8.8 23.1 30.3 40.3 56.3 82.6 110.1 129.9 139 148 164.5 158.9 146.1 133.3 119.7 110.7 110.5 103 107.9 105.2 110.8 115.9 135.6 149.1 158.4 158.6 155.3 146.3 136.5 136.5 136.2 136 141 130.4 126.7 123.1 116.7 117.9 118.8 109.5 108.7 100.7 93.3 85.6 84.9 89.1 90.8 92.1 95.2 92.9 88.3 90.9 89.3 91.4
-2.2 -2.2 -2.2 -2.2 -2.2 -2.2 -2.2 -2.2 -2.2 -2.2 -2.2 -2.2 -2.2 -2.2 -2.2 -2.2 1.9 6.5 1.7 -2.2 -2.2 -2.2 -2.2 -2.2 -2.2 -2.2 -2.2 -2.2 -2.2 1.8 13.9 26.4 39.4 55.2 78.4 101.1 115 128.6 149.6 148 141.6 127.4 120.5 105.5 100.6 101.2 94.7 93.9 103.3 105.4 108.3 131.8 150.9 158.9 160 157.3 150.7 148.7 146 134.8 132 134.5 132.8 125.8 119.7 114.8 106.7 107.3 104.8 103.1 99 90.5 83.9 81.9 85.3 82.4 81.5 81.9 83.6 91.6 85.8 85.3 86.9
-2.2 -2.2 -2.2 -2.2 -2.2 -2.2 -2.2 -2.2 -2.2 -2.2 -2.2 -2.2 -2.2 -2.2 -2.2 -2.2 1.8 2.5 1.7 -2.2 -2.2 -2.2 -2.2 -2.2 -0.2 -2.2 -2.2 -2.2 -2.2 -2.2 14.5 27.3 40.4 54.9 70.6 88.3 103.6 120.7 130.4 131.4 126.4 111.4 105.3 96.6 92.8 84 83.6 101.4 106.8 104.7 105.9 132.9 151.9 158.7 156.7 157.7 150.7 154 153.2 149 132.3 129.9 129.6 127 121.8 113.5 104.2 97 97.8 96.2 92.9 86.2 82.1 81 80.7 80.4 80.3 79.8 79.8 79.2 80.9 79.1 82.4
-2.2 -2.2 -2.2 -2.2 -2.2 -2.2 -2.2 -2.2 -2.2 -2.2 -2.2 -2.2 -2.2 -2.2 -2.2 -2.2 -2.2 -0.7 -2.2 -2.2 -2.2 -2.2 -2.2 -2.2 -2.2 -2.2 -2.2 -2.2 -2.2 -2.2 22.2 33.8 41.8 50.3 67.9 82.8 94.3 99 107.9 117.1 111.8 104.7 91.7 89.5 87 78.2 98.3 114.8 116.4 109.8 111.1 135.7 155.3 159 159.5 148.3 148.3 151.1 153.4 149.8 141.7 138.5 129.5 126.9 123.5 111.2 103 91.8 88.1 85.6 81.7 81.7 80.2 80.2 84.4 82.1 85.4 86 81.7 81.4 80.6 82.6 89.8
-2.2 -2.2 -2.2 -2.2 -2.2 -2.2 -2.2 -2.2 -2.2 -2.2 -2.2 -2.2 -2.2 -2.2 -2.2 -2.2 -2.2 -2.2 -2.2 -2.2 -2.2 -2.2 -2.2 -2.2 -2.2 -2.2 -2.2 -2.2 -2.2 -2.2 21.2 35.6 43.1 62.6 69.6 84.9 100.2 92.2 91 89.8 87.9 86.7 81.3 81.4 85.2 88.3 115.8 117.3 113.7 111.5 111.1 126.2 143.8 149.6 161 155 148.3 151.3 154.2 152.7 156.1 153 140.4 134.6 123.5 111.6 101.4 89.7 83.1 81 79.9 80.2 80.2 81.4 87.2 95.5 96 83.6 81.6 82.8 86.6 89 93.2
-2.2 -2.2 -2.2 -2.2 -2.2 -2.2 -2.2 -2.2 -2.2 -2.2 -2.2 -2.2 -2.2 -2.2 -2.2 -2.2 -2.2 -2.2 -2.2 -2.2 -2.2 -2.2 -2.2 -2.2 -2.2 -2.2 -2.2 -2.2 -2.2 -2.2 22.1 35.7 49.3 68.4 72.6 91.7 94.5 89.1 80.6 73.5 67 67 66.4 76.8 77.2 106.5 123.9 120.4 117.7 114.5 111.3 112.1 126 137 145 146 148.3 158.2 165.7 158.5 159.1 156.2 145.6 138.9 126.2 113.8 101.4 92.6 82.1 79.5 80.2 80.2 80.5 81.2 88.8 92.4 92.5 86 88.7 87.1 88.3 96 94.8
-2.2 -2.2 -2.2 -2.2 -2.2 -2.2 -2.2 -2.2 -2.2 -2.2 -2.2 -2.2 -2.2 -2.2 -2.2 -2.2 -2.2 -2.2 -2.2 -2.2 -2.2 -2.2 -2.2 -2.2 -2.2 -2.2 -2.2 -2.2 -2.2 -2.2 8.1 29.1 50.4 65.3 71.5 84.1 87.2 89.5 68.9 59.3 49.3 46.5 56.5 61.3 82.9 116 126.4 121.2 117.3 120 112.5 107.7 109.5 127.3 131.1 142.5 153 167.3 170.4 168.9 165.8 159.8 151.7 144.6 126.6 116.9 102.5 90.8 81.9 80.6 80.3 80.7 82.4 83.7 83 83.9 92.4 88.6 89.7 90.3 87.9 84.3 84.9
-2.2 -2.2 -2.2 -2.2 -2.2 -2.2 -2.2 -2.2 -2.2 -2.2 -2.2 -2.2 -2.2 -2.2 -2.2 -2.2 -2.2 -2.2 -2.2 -2.2 -2.2 -2.2 -2.2 -2.2 -2.2 -2.2 -2.2 -2.2 -2.2 -2.2 2.5 28.5 46.7 60.7 64.8 72.8 75.4 72.9 57.5 48.9 40.6 35.2 42.4 56 88.2 117.6 126.4 122.8 117.1 112.2 101.8 100.4 94.4 113.2 118.6 137.9 146.6 141.1 154.9 171.7 168 161.6 154 152.6 132.7 112.5 99.4 90.1 81.8 82.1 83.8 87 86.8 84 80.8 81.6 81.9 83.8 91 88.8 85.6 78.4 74.1
-2.2 -2.2 -2.2 -2.2 -2.2 -2.2 -2.2 -2.2 -2.2 -2.2 -2.2 -2.2 -2.2 -2.2 -2.2 -2.2 -2.2 -2.2 -2.2 -2.2 -2.2 -2.2 -2.2 -2.2 -2.2 -2.2 -2.2 -2.2 -2.2 -2.2 3.9 29.2 50.3 56 61.5 60.2 62.2 56 47.6 41.2 32.2 26 28.1 60.7 88.9 108.8 119.7 119 113.1 111.1 102 95.5 89.9 94.7 104.3 117.8 126.2 132.6 136.6 162.1 162.6 160.7 153.6 149.9 132.1 114.7 99.9 94.9 92.2 101.7 97.8 89.7 87.8 82.2 73.6 69.7 75 81.6 87.3 77.4 69 64.7 60.2
-2.2 -2.2 -2.2 -2.2 -2.2 -2.2 -2.2 -2.2 -2.2 -2.2 -2.2 -2.2 -2.2 -2.2 -2.2 -2.2 -2.2 -2.2 -2.2 -2.2 -2.2 -2.2 -2.2 -2.2 -2.2 -2.2 -2.2 -2.2 -2.2 -2.2 9.9 18.2 42.1 47.3 48.9 42.4 44.4 42.6 34.1 27.6 13 13.8 33.2 53.2 75.6 95.8 107.1 110.6 111.7 109.5 99.6 93.6 88.6 85.5 98.5 107.9 118 121.4 125.7 156.4 159.1 157 151.4 137.5 126.3 116.4 106.2 98.5 106.4 99.9 96 92.4 91.4 79.6 68.8 61.7 57.6 62.1 61.2 61.2 59.9 54.4 45.1
-2.2 -2.2 -2.2 -2.2 -2.2 -2.2 -2.2 -2.2 -2.2 -2.2 -2.2 -2.2 -2.2 -2.2 -2.2 -2.2 -2.2 -2.2 -2.2 -2.2 -2.2 -2.2 -2.2 -2.2 -2.2 -2.2 -2.2 -2.2 -2.2 -2.2 2.5 18.2 37.2 35.7 29.2 29.7 32 23.7 16.2 -2.2 0.5 16.5 28.1 42.6 63.9 84.1 98.1 102.4 106.8 103.3 91.2 83.2 77.8 74.2 84 93.2 99.1 103.4 111.9 125.9 142 146.6 138.4 128.3 126.7 118.7 111.5 101.7 107.1 100.3 99.3 89.7 80.2 78.2 65.4 52.7 45.3 45.9 47.6 45.4 46.8 35.8 29.3
-2.2 -2.2 -2.2 -2.2 -2.2 -2.2 -2.2 -2.2 -2.2 -2.2 -2.2 -2.2 -2.2 -2.2 -2.2 -2.2 -2.2 -2.2 -2.2 -2.2 -2.2 -2.2 -2.2 -2.2 -2.2 -2.2 -2.2 -2.2 -2.2 -2.2 -2.2 -2.2 22.5 27.3 26.2 17.5 14.7 -2.2 -2.2 -2.2 -2.2 10.7 15.8 33.1 50.1 69.7 78.6 82.9 87.9 83.5 65.1 60.6 62.5 61.9 69.6 77.2 81.3 86.1 93.4 111.3 123.3 123.1 116.9 124.6 120.2 109.5 104.2 94.2 92.5 95.1 86.6 78.9 70.1 63.7 53.4 43.1 37.8 42.2 40.9 35.4 33.7 27.5 20.9
-2.2 -2.2 -2.2 -2.2 -2.2 -2.2 -2.2 -2.2 -2.2 -2.2 -2.2 -2.2 -2.2 -2.2 -2.2 -2.2 -2.2 -2.2 -2.2 -2.2 -2.2 -2.2 -2.2 -2.2 -2.2 -2.2 -2.2 -2.2 -2.2 -2.2 -2.2 -2.2 14.3 22.4 19.4 -2.2 -2.2 -2.2 -2.2 -2.2 -2.2 -2.2 -2.2 11.5 34.6 47.5 55.1 57.6 62.5 50 31.7 37.8 54.9 59.3 55.1 51.7 62.5 69.4 74.2 88.2 101.1 102.1 106 108.2 103.2 86.5 77.3 72.7 75.4 78 72.5 69.8 56.3 48.6 38.3 31 24.9 25.2 24.9 22.8 20.7 19 15.5
-2.2 -2.2 -2.2 -2.2 -2.2 -2.2 -2.2 -2.2 -2.2 -2.2 -2.2 -2.2 -2.2 -2.2 -2.2 -2.2 -2.2 -2.2 -2.2 -2.2 -2.2 -2.2 -2.2 -2.2 -2.2 -2.2 -2.2 -2.2 -2.2 -2.2 -2.2 -2.2 -2.2 -2.2 -2.2 -2.2 -2.2 -2.2 -2.2 -2.2 -2.2 -2.2 -2.2 2.5 18 24.1 30.2 30.2 21.7 2.4 5.7 24.7 55.6 56.4 41.7 29.6 24.1 42.5 51.9 53.3 71.8 80.7 86.7 88.1 78 57.8 45.5 49.7 55 57.2 54.4 52.1 47.9 32.2 22.5 15.1 12.3 11.5 10 10 12 10.6 10.4
-2.2 -2.2 -2.2 -2.2 -2.2 -2.2 -2.2 -2.2 -2.2 -2.2 -2.2 -2.2 -2.2 -2.2 -2.2 -2.2 -2.2 -2.2 -2.2 -2.2 -2.2 -2.2 -2.2 -2.2 -2.2 -2.2 -2.2 -2.2 -2.2 -2.2 -2.2 -2.2 -2.2 -2.2 -2.2 -2.2 -2.2 -2.2 -2.2 -2.2 -2.2 -2.2 -2.2 -2.2 -2.2 -2.2 -2.2 -2.2 -2.2 -2.2 -2.2 6.2 25.6 14 21.2 8.9 6.5 3.6 25.3 33.9 35.1 44.7 59.9 63.6 50.7 44.1 28.5 26.9 33.8 23 24.5 27.8 27 15.9 6.3 5 4.4 4.7 5.8 6.7 8.2 9 11
