public/OST50/NG83.asc
ncols 200
nrows 200
xllcorner 180000
yllcorner 830000
cellsize 50
[rows 0 to 36 of 200, columns 83 to 165 of 200]
35.7 36.2 36.9 36.1 34.9 33.5 31.4 28.7 28.1 27.7 27.1 24.9 21.6 18.2 16 15.9 15.8 16.2 16.8 17 17 17.5 18 18.5 18.7 20.4 21.4 22.5 23.5 23.5 24 24.3 24.6 24.9 26.2 27.3 29.8 42.6 51.6 62.6 72.1 82 102.5 112.4 116.7 126 140.2 161.1 173 197.5 199.6 208.3 234.9 248.8 254.3 253.3 245.9 232.9 235.6 229.7 219.4 211 206.8 204.8 201.4 199.9 195.9 187.2 176.2 166 161.5 160 159.5 158.8 158 158 160.1 163 163.5 164.6 167 169.9 171.1
45.3 42.9 41.7 40.2 38.4 38.2 37.2 37.2 40 39.9 37.9 34.5 29.5 21.2 16.5 15.2 15.4 16.1 16 16.5 16.5 16.9 17.3 18.4 19.5 20.1 20.3 21.3 22.6 22.7 23.3 23.7 23.9 24.6 25.5 26.6 36 51.2 71.2 79.2 89.6 105.3 116 120.5 120.2 127.8 139 160.7 183.5 204.4 212.1 214.6 220.7 237.6 256.9 255.3 249.8 241.2 237.9 230.4 228.9 226.3 223 218.7 215.6 205.1 199.6 190.6 177.4 169.8 166.5 164 160.8 161.6 162.8 165.8 169.3 172.5 174.1 173.4 176.2 179.5 180.7
58.9 57.4 55.1 52.3 49.9 44.6 43.7 43.5 43.8 42.4 40 36.8 31.1 24.8 18.1 14.9 15.2 15.1 15.5 15.9 16.1 16.4 16.8 17.7 18.6 19.1 19.7 20.4 21.7 21.8 23.6 23.3 23.9 25 26 26.9 34.1 52.3 72.6 88.6 107.7 121.5 126.7 127.8 129.7 132.6 141.9 159.8 176.5 206.8 224.5 227.7 226.9 232.7 256.4 259.7 258.9 248.4 239.2 238.6 241.1 239.6 229.7 223.1 216.8 208.5 201.2 191.2 180.3 172 168.5 166.5 164.3 165.8 166.1 168 170.4 172.4 172.3 174.8 179.8 180.4 182.4
62.9 60.3 59.7 55 53.9 50.6 49.9 50.6 51.3 48.4 45.6 39.3 32 26 18.7 14.1 14.3 13.8 15.2 15.4 15.4 15.9 16.7 17.5 18.4 19.1 19.4 19.8 20.8 21.1 22.6 23.9 24.4 25.8 26.8 28.1 34.5 44.4 54.2 71.8 90.9 108.8 122.4 127.9 132.1 145.9 154 157.6 168.2 195.3 215.2 224.4 228.8 233.5 245.9 263 262.3 253.1 244.3 244.2 248.5 241.6 232.1 223.8 215.2 206.7 198.3 188.4 178.6 173.1 169.3 166.9 165.5 164.9 166.8 168.7 170.5 170.9 171.5 172.4 175.3 178.2 179.6
62.2 58.4 60 61.3 57.7 52.7 54.2 56.5 53.3 51.3 45.9 40.7 35.5 29.2 20.3 13.3 14.5 15.2 15.3 15 15 15.8 16.6 17.3 18.1 18.9 19.5 19.9 23.5 24.2 24.3 23.5 25 26.6 28 29.8 32.3 40.4 48.7 59.5 73.9 89.6 113.1 122.3 132.9 157.8 172.5 179.4 175.1 177.1 201.9 215.2 223.6 230.5 240.6 256.8 255.2 251.9 245.9 246.2 246.9 243.4 235 224.7 209.8 203 194.8 184.2 177.2 172.4 169.7 167.2 167.9 172.2 174.2 176.5 174.3 175.1 173.6 177.3 180.2 177.4 172.3
49 52.4 61.3 59.9 59.2 60.1 54.8 55.9 56.4 55 48.8 42.5 35.5 29.5 20.2 13.3 13.7 14.1 14.5 14.7 15.1 15.6 16.4 17.2 17.9 18.6 19.5 20.8 28 33.1 30.2 31.1 29.4 28.7 30.2 32.9 35.5 46.4 53.3 60.7 71.3 87.9 109.6 120.9 139.2 176.3 185.5 187.5 178.4 175.4 185.4 197.6 205.1 212.9 240.7 242.8 247.7 251.3 245.8 241.9 241.5 237.1 228.6 217.3 207 200.5 192.5 186.9 182.3 176.2 171.8 171.9 175.9 180.4 184.8 185 182.7 183.1 184.4 188.7 189.5 180.4 169.6
41.6 46.1 52.1 57.9 63.5 69.6 70.6 68.3 64.2 60.5 52.8 46.9 39.5 32.2 20 13.1 12.1 13.1 14.1 14.9 15.2 15.5 15.8 16.6 17.4 18.2 19.4 20.7 23.1 25.6 28.5 31.8 31.9 33.3 36.8 46.8 51.8 51.8 58.1 65.9 78.6 94.5 119.2 136.1 150.1 178.6 184.9 192 189.7 184.5 182.8 201.3 213.5 217.9 236.2 243.2 239.3 241.9 240.9 237.5 236.9 231.6 222.1 212.5 204.7 201.7 205.6 197.7 192.1 184.6 182 177.6 183 190 195.1 194.9 184.9 184.8 185.3 186.6 182.3 175.1 166.6
34.3 47.9 60.6 67.5 73.6 73.3 70.3 70.7 67.7 62.7 57.3 46.8 41.9 33.6 21.1 12.5 12.7 13.4 14.2 14.6 15 15.5 15.8 16.1 17.2 18.9 20 21.1 22.8 28.2 31.9 37.3 41 43.3 46.4 53.8 59.6 63.8 66 70.3 79.8 94.9 114 142.6 153.3 177.2 186.4 197.3 196.9 200.5 196.5 203 213.8 224 227.8 237 233.6 231.2 234.6 230.7 230.2 225 216.1 206.3 204.9 211 217.3 218.6 213.5 199.3 189.7 186.5 185.5 187.2 191.9 192.6 189.2 194.4 196.4 192.6 186 173.5 170.6
31.9 43.5 53.8 64.8 70 71.5 68.2 68.6 65.2 60.5 53.9 45.1 38.4 30.8 18.4 12.4 12.8 13.3 14.1 14.4 14.7 15 15.6 16.2 17.6 19.7 21.8 23.3 30.2 37.2 40.9 45.4 48.9 52.9 58.3 60.5 65.5 71.2 74.1 74.5 83.8 91.4 103.6 118.5 136.5 166.6 192.7 199.3 192.4 197.8 203.1 200.5 217 228.9 230 227.6 225.6 236.2 230.9 221.9 216.7 221 208.6 213.5 215.7 225.8 224.4 228.8 224.5 219.6 200.6 195.2 198.2 194.8 197.2 202 206.1 203.8 200 191.1 185.2 177.1 171.5
28.8 33.6 46.5 56.9 63.4 68.8 69.6 67.4 66.6 60.9 53 42 34 23.6 14.3 11.7 12.4 13.1 13.7 14 14.3 14.9 15.4 16 18.1 22.6 24.2 25.6 35.8 45.3 48.3 53 57.4 61.4 66.8 72.5 74.7 79.2 83.3 89.8 98.9 104.7 105.5 108 121.6 147.5 173.5 183.9 188.4 193.7 209 204.1 225.5 242.9 234.2 225.6 236.6 232.2 228.4 221 216.7 216.7 225.4 224.7 219.8 225.9 230.2 238.3 232.3 223.3 208.4 217.2 220 214.6 210.9 212.9 216.5 215.2 208.6 199.9 191.9 184.4 177.7
27.4 27.1 29.3 38.3 48.4 53.8 60 66 61.6 52.7 45 37.1 28.9 17.5 12.3 11.5 11.4 12 12.6 13.4 14.1 14.7 15.2 15.9 18.4 24 26.7 28.3 37.1 47.1 49.6 54.6 60 66.6 73.4 80.8 84.5 87.4 90.5 99.9 107.7 111 112.8 112 119.4 142.8 155.9 168.2 180.3 196.5 207.7 209 229.9 250.6 246.3 243.7 239.2 232.3 223.2 219.8 216.7 216.7 216.7 216.7 217.3 226.9 236.7 236.6 234.6 232.5 214.5 227 232.9 221.5 222.1 224.1 229.1 227.6 216.1 209 198.9 192.6 189.4
26.8 26.2 26.2 26.7 28.1 34 40 43 42.3 35.9 32.9 25 18.6 12.9 11.9 10.1 10.7 11.3 11.8 12.3 13.3 13.9 14.5 15.5 19.5 27.3 32 32.4 36.2 42.7 48.1 54.9 62.4 67.4 79.1 87.9 93.7 99.3 103.5 112 121.2 122.3 120.8 119 120.8 130.7 148.3 167.9 175.9 191.3 200.4 204.3 215.8 235.7 243.7 242.6 225.9 222.6 220.1 216.7 216.7 216.7 216.7 216.7 218.9 232.9 234.2 241.9 247.1 242.2 230.6 244.2 251.4 243 241.6 237.6 237.8 225.9 217.2 211.1 204.3 200.3 198
12 26.8 25.6 26.1 26.9 27.6 27.6 25 20 16.8 13.6 9.9 10.2 12.4 10.1 11.2 11 11.1 11.5 12 12.4 12.9 13.9 16.1 22.4 27.2 34.1 39 43.2 49.1 53.4 57.9 68.3 77.5 84.4 89.5 100 119.8 129.5 138.7 138.7 134.6 131.7 126.6 125.3 138.8 169 178.5 186.5 209.9 214.8 228.8 224.6 231.3 237 232.6 221.6 217.7 216.7 216.7 216.7 216.7 216.7 216.7 216.7 228.9 238.1 248 250.8 249.1 247.4 262.2 259.4 258 258.2 255 246.7 233.6 221.9 219.1 210.9 207.5 201.4
9.2 26.2 21.9 20.9 20.8 13.9 9 9.3 8.5 10 12.4 13.1 13.8 12.9 11.1 10.7 10.7 11.2 11.4 11.8 11.9 12.9 15.7 23.7 37.7 46.5 53.3 58.7 63.6 63.6 66.5 74.1 78.6 85.3 97.6 104 118.6 132.4 144.1 148.4 146.2 143.1 139.8 135.4 131.1 146.1 165.3 182 190.3 207.9 218.3 237.1 239.8 246.7 241.8 230.8 224.3 220.7 222.2 216.7 216.7 216.7 216.7 216.7 222.1 230.2 241 253.5 250.1 248.4 254.2 262.2 264.8 271 272.2 264.4 254.8 242.3 229 221 216 212.1 207.5
8.4 23.7 11 8.3 5.6 8.1 12.1 11.8 15 16.3 14.7 14.7 15.3 11.9 11.2 10.9 12.2 17.6 20.1 22.5 17.9 25.6 42.1 54.8 68.9 77.2 87.8 95.7 96.8 95.5 100.5 103.6 104.2 102.9 108.5 116.6 124.6 130.5 137.8 147 151.5 151.5 148.8 147.9 147.3 157.3 169.6 183.9 200.8 211.2 225.7 249.6 253.8 255.4 251.1 236.5 228.6 221.1 216.7 216.7 216.7 216.7 216.7 218.5 223.2 225.4 233.9 243 246.6 249.7 256 266.9 270 269.9 267.6 263.2 256.8 243.4 226.8 219.6 215.9 210.6 204.1
7.9 6.1 5.9 8.2 12.4 16.1 18.1 20.2 20.2 20.8 17.6 16 13.3 12.4 12 12.9 21.4 35.8 41.2 38.8 30.4 39.4 55.6 65.1 75.4 85.8 94.2 99 109.1 114.9 125 132 133.8 133.4 135.6 150.8 162.3 168.4 172.8 173.1 170.3 168.2 164.9 163.3 168.6 171.3 175.9 181.5 204.3 223.3 253.7 264.3 269.6 266 253.6 241.6 228.7 225.3 219.5 218 218 216.7 218.8 222.8 229.7 237.3 245.1 252.6 252.6 252 262.7 275 277.5 270.3 264.1 264.8 254.8 242 225.1 220.8 215 202.7 194.9
5.2 4.6 6.1 10.2 19.7 24 26.2 26.3 35.1 26.2 21.7 18.2 14.4 13.6 14.1 17.7 30.6 37.5 39.8 39.5 36.1 46.5 62.1 73.7 85.6 95.2 110.3 121 140.2 151.5 153.8 154.8 156.9 165.3 176.3 188.1 197 199.6 200.5 198.5 196.7 195.1 193.2 193.7 190 199.5 201.3 199.6 205.9 229.1 269.9 274.4 271 264.7 250.8 246.4 236 229.9 222.9 221.1 222.5 226.3 236 244.4 248.8 251.1 251.9 253 252.2 250.3 261.7 270.5 266.4 265.8 265.8 266.3 256 242.1 226.8 218.5 209.1 196.9 187.8
4 2.4 6.2 23.3 30.4 29 34.2 46.9 44.9 35.7 33 25.5 21.5 17.2 16.6 22.2 32.1 40.4 47.8 45.3 45 55.1 71.5 83.3 102.9 114.4 128.8 142.2 156.6 175.5 180.7 182.4 183.5 191.2 202.4 211.5 225.5 234.1 238.3 240.9 240.9 239.4 232.6 223.1 216.1 209.9 220 216.5 227 249 278.7 282 270.5 266.1 253.8 249 242.1 229.6 227.8 229.5 234.8 249.6 263.5 270.1 269 269.7 261 257 255.4 250.5 248.7 247.1 254.6 256.5 251.7 257.3 250.8 240.4 225.1 215.4 204.2 193.3 183.6
8 12.1 23.5 30.5 39.5 46.1 50.1 48 45.1 42.3 40 33.2 27.9 23 21.7 25.2 37.9 50.9 49.9 47.8 50.4 67.5 79.8 99.4 124.5 145.8 157.2 163.4 182.9 204.4 211.7 216.7 216.3 222.2 236.4 244.9 251.1 256.5 263 265.3 263.5 260 255.8 246.1 236.6 235.8 227.4 229 236.2 257.8 276.9 274.4 271 261.4 255.9 254 246 243.7 238 236.5 245.3 264.4 281.1 280.5 276.2 272 271.1 258.1 254.8 252.8 249.3 242.1 242.2 250 251.2 251.5 250.1 241.6 226.5 214.7 203 192.5 182.1
19.1 33 33.8 39.7 45.7 48.5 47.4 47.6 46.3 45.7 45 39.9 36.1 33.8 30.1 34.6 42.6 49.5 51.3 51 59.2 85.2 107.5 125.7 144 163.7 180.7 187 210 244.4 249.9 248.3 253.6 258.3 268.7 270.7 276.1 277.9 282.6 286.7 281.4 278.9 271.8 256.9 248.7 249.8 248.7 248 240.4 253.9 282.5 285.9 277.3 269.6 267.7 262.3 261.7 252.6 259.5 253.4 253.4 278 283.4 287.8 290.9 288.4 274.9 260.7 263.1 259 252.3 243.2 241.4 250.7 262.2 262.4 259.1 249.6 232.4 215.8 200.7 191 181.7
35 42.1 41.1 39.9 46.9 44 45.7 46.7 48.1 49 46.7 46.3 45.7 43.6 44.9 46.5 52.8 57.7 57.9 61.1 70.9 100.7 125.6 133.9 154.4 182.9 206.9 213.2 241.3 275.9 286.1 290.9 288.5 289.3 293.7 295.4 291.3 298.2 304.5 304.7 306.1 299.7 282.8 268 262.9 264.6 264.6 262.7 254.8 253 264.1 278.3 281.1 274.3 271.4 276.2 270.4 269.2 272.1 265.5 275.9 286.1 287.3 286.6 293.4 293.7 280.2 275.4 270.3 261.6 257.6 249.3 241.7 254.6 268.8 263 256.5 243.7 228.1 210.9 201 193.3 178
33.8 35.9 36.6 36.1 36.7 37 41 43.5 47.2 46.4 52.4 55.7 56.8 56 57.9 61.4 62.9 63.9 66.4 70.1 82.8 100.7 127.7 146 173 207.3 232.1 246.2 271.1 305.3 319.1 324.6 319.2 320.7 319.2 317 311.7 312.9 315.1 313.2 310.1 303.9 296.7 279 275.1 277.7 280.5 279.9 274.5 271.9 283.2 276.4 272.2 272.5 272.3 285 274.7 286.9 288.3 285.6 290.7 284.7 286.4 287.6 297.3 295.4 290.9 286.5 272.8 260.4 256.3 246.5 237.9 243.5 262.1 257.2 249.9 241.9 230.1 208.7 194.3 182 174.6
27.2 29.8 32.3 32.3 31.9 33.8 38.8 39.1 50.9 60.4 63.1 62.5 63 62.9 66.6 70.6 71.9 74.5 73.9 78.4 89.3 101.8 122.1 151.9 190.6 226.9 251 279.4 310.2 336.6 344 346.7 350.9 352.1 344.5 330.9 328 324.8 319.4 316.5 315.6 314.4 300.4 291.4 285.5 289 299.6 301.6 304.1 295.1 289.4 281.8 291.4 284.5 276.6 282.2 284.4 307.8 302.4 294.8 291.3 283.9 283.4 285.8 286.5 292.6 295.8 291.2 268.7 254.4 256.1 248.8 237.1 240.2 251.3 251.2 245.7 235.2 218.4 203.3 185.7 174 170.5
25 27.7 28.5 29.1 30.7 33.7 36.1 54.3 60.8 68.5 72.7 72 72.4 71.4 72.5 77.2 78.9 80.4 79.2 90.5 107.5 112.1 130.8 160.8 204 240.1 279.7 300.1 331.5 345.3 358.2 371.5 373.5 367.1 356.9 357.4 348 336.6 326.1 318.8 317.9 314.8 306.9 307.6 304.8 305 313.9 324.2 315.1 301.6 294.4 298.6 300.1 289 294.3 289.5 287.5 289.8 298.4 293.7 285.2 281.3 281.4 282.4 278.3 284.4 290.4 286.4 264.7 250 243.7 234.8 236.3 240.8 247.9 239.7 224.4 211.5 206.3 193.3 174.4 163.1 156.8
23.3 26.8 28.1 29.2 32.4 35.8 46.1 58.1 67.2 78.1 78.9 79.4 78.8 74.7 75.4 80.1 83.4 84.9 89.3 105 118.9 141.7 147.1 166.7 204.8 242.9 287.7 328.7 353.2 361.1 379.1 383.1 379 373.2 360.9 360.4 364.3 355.4 338.4 323.2 318.6 319.9 320.9 318.8 320 324.7 329.2 325.8 315.4 301.2 298.8 304.2 295 293.1 302.5 303 300.9 294 299.9 289.7 280.4 277.4 274.7 272.3 269 269.7 273.8 272.9 263.2 248.9 245.5 233.9 233.8 234.7 232.9 229.5 214.7 201.2 192.7 180.6 169.5 164.6 153.6
25.9 27 29.6 32.5 37.1 45.1 53.8 65.1 70.5 75.1 76.9 77.9 77.3 76.8 77.6 81.6 85.3 86.7 96.9 114.8 140 157.9 160.6 186.6 205.1 254.5 306.6 336.3 361.4 379.1 387.3 383.5 374.8 366.1 361.7 356.7 357 364.3 344.2 332.5 323 321.3 330.1 336.3 341.5 336.5 337.4 329.2 313.3 301.4 303.5 309 298 299.6 310.4 318.4 307.8 303.1 312.6 299.8 290.5 282.3 278.9 273.3 268.7 266.6 266.3 267.5 257.1 251.3 248.7 234.2 221.4 219.8 219.3 211.7 200.1 188.7 179.2 171.5 160.5 154.8 145.7
25.8 28.5 31.3 35 38.6 46.6 57.9 64.3 71.6 73.7 80.6 82.8 80.6 81.7 81.2 84.8 86.3 91.4 106.7 124.4 153.2 165.6 171.8 201.9 231 286.4 325.6 348.2 361.8 374.3 373 372.2 367.8 363 348.8 346.2 344.2 362.7 354.1 332 325.5 323.4 334.6 345.1 343.1 341.3 345.7 327.2 313.1 306.6 312.5 307.9 304.8 308.5 315 312.8 309 307.4 313.5 301.9 291.4 286.5 281.3 277.1 276.5 274 268.3 264.4 258.6 247.2 239.8 225.9 217.3 208.6 208.6 201.9 191.1 182.5 170.4 160.8 150.1 138.8 133.4
32.2 35.3 36.7 38.6 41.6 49.1 61.7 68.3 71 73 77.4 79.9 81.8 85.3 88.1 87.6 90.1 95.5 107.8 123.4 145.4 161.8 184.6 217.5 256.7 291.5 340.1 353.8 368 370.7 364.8 364.7 360.9 350.4 338.7 330.2 336.6 348.9 341.5 340.7 332.6 330.6 348.5 349.4 349.9 343.1 342.3 323.6 310.1 312 309 310 310.3 310.9 320.2 313.9 315.4 325.2 319.9 306.4 290.2 285.5 284.8 287.9 285 286 280 278.6 267.7 250.3 246.8 232.2 216.7 207.4 200 190.7 179.4 167.3 157.6 148.8 140.7 132.9 125.8
38.2 42.3 44.2 44.4 42.9 51.5 60.9 68.8 75.5 76 77.7 78.6 80.1 85 94.6 96.6 98.2 97.8 107.6 123.1 141.9 165.6 197.8 232.5 285.9 317 342.3 360.4 370.5 368.1 358.2 352 344 335 328.1 320.8 333 347.3 339.3 341.4 341.9 351.8 355 347.9 347.7 340.5 334.8 322.5 315.4 309.6 305.6 313 309.1 305.5 314.8 321.3 332.2 341.3 327.3 310.7 294 289.5 301.4 296.3 299.1 287.7 286.4 278.6 265 248.4 238.6 223.3 215.4 208 197.9 190.7 176.6 163.4 150.3 142.9 138.9 128.2 115.5
45.8 48.1 50.4 52.1 53.6 54.5 63.7 73 77 77.8 80.6 82.9 91.5 104.8 111.2 106.1 105.8 105.3 109.3 120.7 138.8 165.3 208.4 246.1 287.3 318.5 336.5 346.4 357 353.6 346.4 343.6 336.9 332 322.7 318.6 330.3 343.5 339.2 340 362.6 362.3 357.1 345.6 342.2 338.6 332.8 318.1 314.3 307 304.2 312.5 307.9 305.5 315.3 325.6 341.4 351.1 337 316.9 299.9 294.2 302.2 309.9 299.7 288.6 282 275.3 261 241.8 225.2 219.8 214.6 205.1 198.6 184.9 175.6 159.9 145.9 135.3 126 113.7 103.6
55.5 57.9 61.5 63 65.3 67.2 66.2 72.7 75.5 79.9 86.7 95 110.8 118.7 120.1 116.6 115 115.3 118.2 126.3 139.3 157.9 189.3 233.5 299.1 322.4 343.4 350.5 347.2 336.1 329.7 328.7 323.3 328.2 317.9 315.3 329.2 327.4 333.8 343 350.5 358.4 352.1 341.3 340.7 343.6 334.5 325.4 326.2 310.5 303.7 307.6 306.2 308.4 322.6 320.1 338.3 341 335.5 313.6 297.9 290.6 298.2 301.1 285 276.1 267.7 262 250.2 238.4 227.1 216.5 211.4 206.3 198.8 190 175.1 161.1 141.6 129.2 118.6 105.5 93.6
77.6 75.9 75.6 76.7 74.8 75.1 75.2 75.4 78.4 85.3 96.9 106.9 117.6 125.9 134.2 129 121.2 121.1 127.9 136.7 141.5 158 186.3 223.1 261.3 323.8 328.1 325.4 326.1 325.6 316.8 315.1 321.4 314.7 312.3 310.6 312.8 319.1 326.5 347.2 351.7 347.9 342.1 340.8 340.2 345 345.1 334.7 326.4 310.3 303.7 308.6 306.3 323.3 326.3 320.3 326.9 325.1 316.6 300.5 289 281.5 282.3 292 277.7 266.2 259.6 252.7 242.4 231.9 220.5 210.6 205.9 203.6 196.5 185.2 169 150.4 133.2 123.3 114.8 103.5 96
100.3 95.6 91.9 88.8 86 84.1 86.7 90 90.3 94.7 103.9 113.5 121.4 128.4 137 131.7 127.2 130.2 132.2 137.5 145.2 155.5 179.3 214.3 257.8 301.6 308.9 309.5 310.9 310 308.1 306.1 300.9 301.9 302.9 301.2 305.1 316.9 313.5 346.5 350.4 347.5 342.8 332.8 334.2 334.6 334.5 326.6 314.8 304.7 300.6 303.1 310.9 342.9 323.8 317.5 311.5 309.3 298.8 289 277.1 273.9 265.6 270.7 265.3 267.2 255 247.9 239 226.1 211.2 202.9 199.9 190.8 186.1 170.1 153.2 141.8 132.1 120.4 113.7 105.4 97.8
111.9 109.6 106.6 101.4 98.9 98.6 100.6 104 112.2 112.2 119.7 121 128.3 131.3 127.6 128.7 133.1 137 138.2 144.3 148.1 152.6 171.6 202.8 248.4 296.6 295.8 292.2 296.6 296 291 291.9 291.7 295.9 294.2 292.8 298.1 303.4 315.1 344.2 347.3 344.4 340.7 332.1 332.9 329.5 322 320 313.2 304 297.9 301.8 330.8 333.4 316.4 311.1 293.9 287.4 280.1 270.5 266.7 264.5 254.3 260.7 254.8 256.5 249.6 239.3 235.9 214.9 195.7 194.8 190.5 183.9 172.6 156.3 141.3 132 125.1 117.7 108.7 100.6 88.2
118.8 117.8 109.8 113.2 114.8 114.6 126.1 128 127.4 128 131.9 135.3 147.7 149.6 146.9 140 143.4 147.9 142.5 143.8 147.3 153.5 165.2 192.4 241.8 273.3 280.9 281.1 284.8 277.2 274.6 282 286.2 293.4 291.3 290 286.5 291.4 321.9 343.1 341.8 334.9 331.1 330.8 326.3 331.5 326.4 325.3 314 298.2 292.2 311.8 341 329.4 302.7 287.3 277.6 270.2 262.7 257.1 262.2 251.7 246.7 247.1 250.4 249 242.7 223.7 215.4 198.6 187.5 179.9 175.9 166.6 157.2 147.5 131.5 121.4 116 108.4 98.7 88.9 80.7
124.3 121.3 115.2 123.7 131.3 134.1 136.7 138.1 135.1 136.6 140.8 145.4 148.5 148.9 146.3 143.9 144.9 146.3 146 146.7 149.6 155.6 163.7 184.3 223.3 247.5 262.7 264.9 271.6 275.8 270.9 273.7 276.2 278.7 284.1 280.9 275.2 283.2 327.9 332.9 326.9 321.6 330.7 322.1 312.4 310.3 303.9 313.9 304.9 292.8 287.1 307.2 321.4 314.3 294.7 277.6 264.1 253.6 249.5 249.3 253.3 244.4 238.2 244.6 242.3 230.4 217 206.9 195.7 190 179.2 174 163.5 153.3 147.5 137.5 126.4 115.8 104.1 96.3 89.5 82 76.6
128.7 129.4 135.1 142.3 144.9 142.5 144.6 145.4 145.1 141.5 138 141.4 145.5 145.8 144.3 144.1 144 144.6 146.5 148.5 152.6 157.4 164 176 204.7 227.7 241 248.9 265.5 264.7 261 263.4 261.2 260.9 252.4 260.9 262.7 274.5 305.7 321.3 316.4 311.7 313.1 313.6 302.1 292.1 289.7 306 298.6 283.7 279.5 298.1 308.6 292.2 271 258.6 256.8 252.1 245.2 241.9 239 233 225 226.8 234.1 216.6 206.2 199.2 182.6 178.4 171.8 165.4 155.4 147.8 136 126.4 114.9 106.8 96.7 89.8 85.5 77.6 69.3
