public/OST50/NG84.asc
ncols 200
nrows 200
xllcorner 180000
yllcorner 840000
cellsize 50
[rows 35 to 69 of 200, columns 80 to 159 of 200]
277.1 260.8 241.3 219.7 202.6 181.9 173.6 165.8 151.3 142 138.3 135.9 135.3 130.3 124.8 119.1 120.8 128.8 140.5 158.3 169.9 176.3 184.7 185.7 187.9 193.2 201.1 212.3 217.9 211.5 200.5 186.5 172.6 148.5 126.3 101 78.8 65.4 57.2 40.5 40.5 40.5 40.5 40.5 40.5 40.5 40.5 40.5 40.5 40.5 46.5 55.6 76.7 106.4 123.7 128.6 144.1 167.6 200.4 234.4 300.9 306.6 328.3 329.9 341.1 347.3 341.7 343.1 344.4 332.4 334.3 333.1 326.5 326.8 330.8 328 331 332.5 329.2 329
282.2 275.8 250.1 235.6 217.6 195.6 184.3 176.6 161.3 153.7 147.9 143.9 141 141.6 138 130.9 125.9 130.1 141.9 152.5 160.5 167.8 173.3 176.9 182.8 187 197.3 204.4 210.8 210.5 203 183.4 168.6 145.6 125.8 101.5 78 63.2 50.9 40.5 40.5 40.5 40.5 40.5 40.5 40.5 40.5 40.5 40.5 40.5 43.2 55.6 78.4 100.1 116.5 126.8 138 169.5 206.8 272 296.1 300.2 311.1 319.4 332.3 335.6 334.4 334.8 327.9 314.2 320.9 323.7 318.3 321.5 319.4 316.8 314.9 314.3 312.1 309.6
288.6 280.1 269.5 260.7 244.5 214.5 196.1 184.6 169.8 164.6 161.6 154.9 149.4 144.4 140.3 133.7 128.2 129.5 133 140.8 151.9 157.8 162.5 165.4 172 177 186.5 196.3 199.7 203.2 200 181 163 143.4 122.8 100.4 80.9 65.7 45 40.5 40.5 40.5 40.5 40.5 40.5 40.5 40.5 40.5 40.5 40.5 40.5 53.9 69.9 92.9 108.7 121.8 139.3 181.5 225.3 258.6 276.3 288.9 297.6 308.8 317 317.3 317.4 317.6 309.7 312 314.7 312.5 304.9 305.8 305.5 302.2 298.5 294.6 295.5 291.1
303.5 287.2 284.6 269.3 250.9 230.9 213.2 197.2 187.9 175.3 167.6 163 157.2 150.5 143.4 137 130.5 128.6 128.8 132.1 140.5 148.6 153.7 158 162 167 176.7 188 189.8 190.9 183.4 173.3 155.3 139 121 103 83.6 60.7 40.5 40.5 40.5 40.5 40.5 40.5 40.5 40.5 40.5 40.5 40.5 40.5 40.8 54.6 71.6 88.1 99.8 111.8 139.6 176.1 206.5 236 258.8 275.9 283.5 296.6 302 302.6 303.3 308.5 306 302.3 306.6 304.1 296.2 295.2 291.3 287.8 284.9 280.5 280.8 275.8
312 295.8 290.3 272.6 260.3 243 229.9 213.2 208 194.3 179.7 171.6 167 161.2 158 145.5 136.4 130.8 129.2 128.9 132.2 138.8 145.1 152.3 155.6 159 167.8 179.5 182.6 176.7 173.1 161.4 147.7 134.3 118.5 102.8 84.8 57.1 40.9 40.5 40.5 40.5 40.5 40.5 40.5 40.5 40.5 40.5 40.5 41.9 47.5 56.6 63 75.3 93.1 106.3 142.3 167.4 191.5 212.1 233.8 263.1 287.2 296.4 298.7 298 298.7 300.7 301.6 290.9 292.4 290.3 286.1 285.7 279.1 276.2 272 267.7 267 261
315.9 297.2 292.3 276.7 262.1 247.8 236.5 226.1 226.6 217.5 210.5 200.1 187.5 175.8 165.2 151.3 151.1 145.4 135 129.4 130.3 132.6 133.8 140.6 145.2 151 158 167.2 174.1 171 160.5 150.8 139.1 127.9 114.1 97.5 78.8 57.5 44.1 40.5 40.5 40.5 40.5 40.5 40.5 40.5 40.5 40.5 40.5 40.5 40.9 48.7 60.6 67 84.1 108.1 131.7 154.5 177.8 198.7 231.2 254 274 287 288.4 288.6 292.7 288.4 287.7 281.6 279.1 276.6 277.2 270.7 267.3 264.9 262.9 258.8 253.4 248.7
317.8 307.8 296.7 286.5 266.7 251 236.6 237.2 248.9 251.8 247.1 223.9 204.9 186.1 177.1 174.6 173 160.7 140.9 133 130.1 128.7 125.5 129.4 134.4 140.6 146 154.5 158.3 157.4 151.9 141.3 130 121.3 110.4 95.2 81.7 58.6 45.8 40.5 40.5 40.5 40.5 40.5 40.5 40.5 40.5 40.5 40.5 40.5 40.5 43.3 51.1 63.2 78.9 102.3 123.8 147 166.4 199.4 229.2 252.8 267.6 278.9 278.9 279.1 282.1 281.2 275.8 272.2 269.2 267.6 268.6 262.9 258.4 255.6 254.4 249.1 245.6 238.1
319.8 311.8 300.6 292.1 276.8 252.3 239.7 241.9 252.7 255.3 254.1 246.9 225.9 216.8 208.2 192.9 181.2 167.5 147.4 135.4 129.7 127.9 122.9 120.8 123.7 127.6 132.9 139.9 142.1 142.9 140.9 133.1 123.2 113.4 105.5 92.1 78.4 58.8 41.7 40.5 40.5 40.5 40.5 40.5 40.5 40.5 40.5 40.5 40.5 40.5 40.5 40.5 51 62.7 78.4 95.9 115.7 142.2 174.2 214.6 237.4 246.5 258.5 269.6 272.4 274.1 275.5 274.5 270 268.6 263.3 260.2 257.3 253 250.9 245.5 242.6 239.5 235.5 231.1
313.7 309.7 302.8 298.5 281.9 262.6 242.7 245.8 257.2 259 254.2 247.3 234 229.4 223.6 210 199.6 173.9 153.2 137.1 129 124.2 120.4 113.5 111.2 112.6 118.2 125.2 127.7 127.8 128.6 123.8 114.5 105.2 97.6 84.9 72.2 55.9 40.5 40.5 40.5 40.5 40.5 40.5 40.5 40.5 40.5 40.5 40.5 40.5 40.5 40.5 45.3 59.6 74.8 89.1 107.6 136.5 182.6 225.9 238.6 244.9 252.1 261 264.1 266.2 271.8 271.3 263.7 261.7 255.3 251.4 248.7 244.9 241.7 237.5 232.7 228.8 223.6 220.7
310.3 308.8 303.5 299.9 284.2 264.4 247 250.5 261.8 258.9 256.6 248.2 234.1 229.9 223.5 216 208.3 181 155.4 138 128.6 123.7 116.1 107.6 102.2 100.1 103.1 110.4 115 114 112.5 110.9 105.5 97.5 88.3 76 64.9 51.1 40.5 40.5 40.5 40.5 40.5 40.5 40.5 40.5 40.5 40.5 40.5 40.5 40.5 40.5 43.2 54.2 68.5 83.2 102.7 131.3 202.1 225.4 235 244.4 249.9 251.6 255 255.2 258.4 260.2 256.4 252.8 245.3 240.8 240.3 236.1 232.8 227.9 221.3 216.7 213.3 207.3
311.5 307.6 302.2 301.3 288.8 266.6 253.5 253.6 262.3 258.5 258.9 248.6 234.3 223.8 217.2 207.7 200.4 182.2 159 139.6 124.8 117.9 111.3 102.3 93.4 91.3 93.4 96 101.1 97.8 94.6 95.8 94.6 86.2 80.2 73 62.3 51.5 40.5 40.5 40.5 40.5 40.5 40.5 40.5 40.5 40.5 40.5 40.5 40.5 41.1 42.2 42.5 48.7 62.1 77.3 98.3 124 157.9 211.5 228.4 238.5 243.5 247.7 249.5 248.7 249.2 245.2 243.5 237.4 232.8 230.3 227.9 223.7 221.6 216.9 211.8 205.1 202.2 194.6
309.9 306.6 303.6 295.7 285.4 268.3 267.7 266.7 264.8 265.1 257.4 246 230.5 216.5 210.2 196.8 184.6 174.2 160.2 137.9 117 107.6 99.9 95.2 87.1 86.6 86.6 85.2 84.2 83.8 83.4 83.1 82.3 81.4 78.4 70.2 61.5 50.8 40.5 40.5 40.5 40.5 40.5 40.5 40.5 40.5 40.5 40.5 41.7 42.6 42.6 42.7 43.3 47.1 58.6 76.2 93.3 117.7 155.9 203.6 219.1 230.7 231.4 237.7 241.4 237.8 238.1 233.5 231.5 224.7 223.8 220.1 217.6 214.7 212.7 206.8 198.5 194.7 191.6 184.7
310.1 303.5 304.1 296.9 285.4 271.4 279.2 281.4 280.4 270.2 257.2 242.4 227.7 213.8 201.4 191.4 177.7 162.1 148.7 131.6 114.4 104.7 92.7 85.9 85.7 85.4 85 84.9 85.7 85.8 87.3 86.4 82.6 77.5 79.2 74.6 60.4 51.4 40.5 40.7 40.5 40.8 40.5 40.5 40.5 40.5 40.5 41.3 43 43.3 43.3 43.3 45.6 51.8 64.9 78.8 97.2 124.7 164.3 194.6 207.9 211 219.4 226.7 226.2 225.3 226.1 223.3 222.7 217.6 214.8 211.2 204.7 205 201.1 196.4 190.7 188.9 185.9 181.4
304.5 301.1 300.2 297.1 280.2 274.6 285.1 284.7 281.9 269 259.3 235 222.6 208.6 192 185.1 169.6 153.3 136.9 121.1 108 101 89.2 86.7 87.4 86.8 87.1 87 91.5 93.1 95.4 88.4 81.3 74.8 72.6 68.9 59.7 51.3 41.8 40.4 40.9 41 40.4 41.2 40.8 40.5 41.9 43.2 43.7 44 44 43.8 47.9 55.5 68.8 90.2 104.7 137.3 165.7 192 199.7 202.5 209 211.9 214.7 215.4 216.1 214.7 211.7 209.5 203.7 199.3 197.3 196.8 193.4 187.1 184.9 180.9 178.9 175.2
301 301.2 298.3 290.9 276.4 276.4 290.9 286.7 279.8 267.3 254.1 232.3 218.4 203.4 187.3 175.6 159.1 138.9 123.1 108.8 101.9 98.6 94 91.8 87.1 89.2 89.1 90.4 91.6 92.8 92.6 89.8 85.1 75.4 70.1 65.2 58.2 48.9 42.1 41.3 41.4 41.2 41.7 40.9 41.7 42.3 43.3 43.8 44.4 44.6 44.6 44.3 49.2 55.3 68.4 84.9 101.9 138.7 157.8 178.9 190.3 190.9 194.7 200.5 205.3 207.3 202.6 201.7 198.5 196.3 194.6 193.2 190.8 189.4 186.1 179.6 176.6 173.6 170.1 164.1
299.2 295.8 293.3 286 271.8 279.2 291.2 290 280.4 262.1 252.6 233.3 220.1 203.9 186.5 163.7 143.7 123.7 108.2 102.8 101.6 102.5 100.4 91.7 89.4 89.4 89.7 90.3 91.6 92.4 90.4 89.8 88.5 76.9 71.9 65.1 57.6 49.7 41.8 41.8 41.8 41.5 42 42.6 41.9 43.1 44.1 44.5 45.1 45.2 45 45 45.5 50.9 61.8 82 96.3 128.1 145.9 157.8 173.2 176 180.7 186.9 192.8 191.6 191.3 191.2 191 188.4 187.1 184.8 182.2 180.9 177.8 170.8 167.7 163.6 162.6 154
294.4 290 286.6 279.2 267.8 285.6 289.1 287.6 276.5 258.3 249.9 232 219.5 200.6 184.4 158.9 136.4 117.6 105.4 102.9 101.1 101.3 96.5 90.5 89.8 89.5 90 90.5 90.7 89.8 88.9 88.7 88 76.4 70.2 61.6 54.8 49 41.9 42.1 42.4 41.8 42.2 43.4 43.7 43.8 44.7 45.3 45.7 45.6 45.7 45.8 46.1 50.6 62.3 78.2 90.1 110.2 130 144.1 154.4 164.4 174.4 179 182 182.4 185.2 183.7 181.2 179 178 176.1 173.6 170.4 164.4 163.1 160.2 155.1 156.9 146.9
289.2 284.6 279.5 270.3 261.1 283.1 285.6 283.1 281.7 258.3 247.1 228.9 213.8 192.7 178.2 152.7 133.1 129.6 114.4 103.4 100.2 97.7 92.6 90.3 89.5 89.4 89.8 89.8 89.2 88.2 87.1 87.2 86.5 75 66 62 55.3 49.1 41.9 42.6 43 42.8 42.6 44 44.3 44.6 44.4 46 46.4 46.5 46.6 46.7 46.9 52.8 65.9 77.4 87.6 100 117.3 134.6 145.4 156.3 164.8 170.5 173.2 174.7 175.3 172.5 170.2 169.1 168.7 167.3 165.5 160.9 157.3 155.4 155.1 148.9 143.2 136.1
275.6 278.4 272.8 262.9 256.9 271.4 276.7 281.3 277.8 255 244.4 225.7 209.3 185.6 169.9 147.7 141.1 139.9 127.8 107.8 101.2 97.3 91 89.4 89.3 89.3 89.8 90.5 89.3 88.7 88.1 82.3 77.4 69.4 64.5 60.8 52.5 44.6 42.2 43 43.6 43.7 43.5 43.5 43.9 45.8 45.4 46.6 47.4 47.6 47.7 47.8 48.6 56 67 77.6 87.2 108.6 127.3 137 145.3 154 158.6 161.4 164.2 164.5 163.8 162.9 160.1 159.8 158.7 158.3 156.1 151.7 150.2 147.4 143.6 136.6 130.5 130.3
262.7 272.3 266.5 254.2 256.3 267.4 271.4 274.6 267.9 253.7 240.5 221.9 205.9 179.3 162.4 156 151.3 146.8 138.9 117.2 104.1 99.7 92.8 88.5 88.6 89 89.7 90.2 89.6 90.6 84.6 77.9 71 65.5 62.3 58.3 51.6 41.8 42.8 43.3 43.9 44.5 44.6 44.3 44.5 44.4 46.4 46.8 47.5 48.6 48.8 48.9 55.7 59.6 65.5 71.1 90.9 109.1 122.2 132.3 136.3 146.3 148.8 152.9 154 156.9 154.1 154.1 152.7 150.5 150 150.2 149.6 144.3 141 136.2 132.4 124.1 126.6 129.4
259.6 259.5 253.5 246.7 253.5 264.8 271.3 272.6 263.5 255.8 238 216.8 201.9 177.8 164.9 167.7 168.2 149.5 146.2 124.5 107.1 100.5 95.1 89.4 87.8 87.9 88.8 89.4 89.3 87.7 80.6 72.7 66.7 62.3 58.5 55.2 50.7 41.9 43 43.6 44 44.9 45.5 45.8 44.9 45.3 45.2 47 48.2 49.4 49.5 50.5 57.2 61.1 65.1 83.1 95.6 103.8 116.8 125.6 133.5 137.4 139.3 144 145.5 145.3 145.2 145 145.6 142 141.3 144.7 139.3 135.3 130.9 128.3 122.9 118.7 120.3 126.6
253.6 250.5 243.9 244.4 254.7 262.4 269.6 262.6 260.7 248.7 231.6 211.1 196 180.5 175.2 181.2 181.6 156 148.8 131.8 112.6 100.1 98.5 90.8 87.7 87 87.3 89.5 88.8 87.1 77.2 70 64.3 60.6 56.2 52.6 49.7 41.8 43.1 43.4 44.4 45.4 46.1 46.6 46.2 45.9 46.5 45.9 48.1 49.4 50.7 51.5 56.6 66.3 77.6 84.5 93 101.2 111 118 126.2 130.6 130.6 134.9 134.1 134.7 136.3 136.9 136.8 133.9 135.5 134.1 129.2 126.7 123.4 121.4 111.9 118.8 121.1 126.2
254.1 244.4 235.8 245.2 250.2 256.8 261.2 256.3 251.1 237.3 222.3 205.8 195.4 188.5 184 193.6 184.8 160.9 151.1 136.5 117.2 101.5 99.3 91 88.4 87.9 87.2 87 88.4 88.7 76.5 67.3 63 58.9 54.2 51.6 48.7 43.5 43.5 44.3 44.8 45.5 46.3 47.1 47.3 47.5 48.4 48.8 46.2 49.8 51.5 53.5 60.2 70.2 77.5 84.4 91.8 94.4 105.8 112.8 118.4 118.2 118.7 122.7 124.1 125.4 127.7 126.8 128.6 128.5 125.1 123.6 121.3 117.1 114.9 111.7 108.3 116.3 121 125.9
252.5 237.8 231.4 241.6 243.5 255.6 255.3 249.9 240.9 228.6 216.6 202.9 208.9 199.6 190.6 197 185.4 159.8 152.4 139.4 117.8 102.5 96.7 92 89.5 88.2 87.1 86.2 85.8 86.5 76.4 65.5 62.4 56.1 53.1 48.1 44.5 41.9 44.5 44.9 45.5 46 46.6 47.2 48.3 48.4 48.9 49.6 50 47.2 51.9 53.2 56.8 62.8 75.3 81.2 85.6 93.4 98.9 104.2 106.7 108.5 111 113.6 115.9 117.6 117.6 117 118.3 116.5 114.1 114.4 111.6 110.2 107.2 109 115.2 117.9 121.9 129.7
247.4 236.5 227.2 233.9 240.7 253.7 257.3 242.8 229.6 223.5 216.1 220.1 220.4 209 200.6 199.7 185 163.2 150.9 140.7 118.4 106.1 97.6 91.2 88.9 87.4 86.6 86 84.5 81.9 77.8 66.2 61.2 55.4 50.2 45.5 42.7 43.1 45.1 45.8 46.3 46.5 47.1 47.7 48.8 49.2 49.5 50.4 50.9 51.4 48.2 53.7 54.7 65.4 73.9 77.3 84.2 87.8 92 97.4 101.7 99.7 101.8 105.5 105.5 108.3 106.5 107.5 108.9 107.8 107 106.5 104.3 105.9 95.4 109 116.6 123.5 128.1 131.6
237.1 228.7 222.1 223.8 234.3 246.4 241.3 227.7 221.8 228.3 229.3 227.9 223 217.6 211.8 200.7 188 164.4 148.7 141.6 122.9 109.7 100.4 91.1 88.3 85.8 85.6 85.3 84.4 80.5 74.9 66 61.6 53.5 47.3 44.6 42.8 42.2 44.7 45.9 47.2 47.5 47.5 48.1 49.4 51.1 51.6 52.5 52.3 52.9 53.8 49 54.1 58.9 66.3 73.7 80.3 84.9 90.6 89.7 89.7 91.6 94.1 94.5 96.9 98 98.5 100.2 101.9 102.8 102 102 100.4 100.2 102.4 108.8 118.4 123.6 126.8 129.3
233.3 224 219.7 222.5 228.2 233.7 227.8 212.3 219.9 234 237.2 228.6 227.7 238.1 222.9 211.8 193.5 166.8 152.2 143.4 124.7 113.5 104 92.6 88.3 84.2 83.7 84.2 86.8 80.3 73.5 65.3 58 48.2 44.1 43.2 42.1 43 44.6 47.1 48.8 50.4 51.4 51.5 53.3 54.9 58 57.4 58.2 59.2 59.5 59.2 55.6 54.1 61.9 68.2 73 77.1 81.3 81.6 83.8 83 83.2 85.1 87.4 89.8 90.9 94.1 95.1 95.8 100.2 99.7 97.3 99.2 101.4 109.1 117.6 120.8 121.9 127.8
228.6 222 212.1 217.9 222 221.4 206.6 207 224.2 234.4 231.4 229.3 241.3 239.8 226.1 210.8 191.4 166 152.2 145.8 129.7 119.5 104.4 94.2 86.4 83.5 82.1 83.5 80.9 74.6 68 65.8 61.1 45.7 43.9 42.8 41.8 43.5 44.7 48.5 51 53.6 55.4 56.2 56.6 59.8 62.1 65.3 67.8 70.2 67.9 64.7 65.9 59.8 52.6 58.6 63.9 68.9 71.4 73.7 74.5 75.2 78.2 80 81.8 82.7 86.6 90.1 89.2 92.7 96.3 97.9 93.2 98.5 99.6 108.8 114.9 114.2 116.8 123.7
226.3 218.3 206.9 211.5 213.7 212.9 201.6 208.6 230.2 235.2 231.5 242.5 247.8 238 225.7 205.2 187.5 163.2 153 144 130 120.2 105.4 95 85.7 81.4 80.8 83.7 80.5 72.8 68.4 63.3 61.2 47.7 43.8 42.6 41.8 42.6 44.9 49.6 53.5 56.9 60.4 60.9 62.2 64.7 67.7 72 75.8 72.1 70.8 68.1 68.1 63.7 57.8 54.4 57.9 60.2 63.2 67.2 70.2 73.5 76.5 75.6 78.7 79.2 80.8 82.4 83.3 86.8 81.6 81.3 92.9 96.2 99.2 103.2 105.8 108.1 112.6 116.7
221.4 214.2 203.1 205.3 208.2 204.5 200.8 214.3 232.3 234.6 245.6 256.7 250.5 236.3 227.4 207.1 187 160.1 153 140.3 127.5 115 106 94.3 84.3 81 77.3 80.5 71.2 69.6 67.9 63.8 58.3 47.4 43.7 41.9 41.8 43.7 48.3 53.2 58.4 61.9 66.2 68.3 71.3 72.6 77.1 80.4 76.1 73.4 74.5 74.3 72.1 70.6 70.7 63.9 58.6 59.5 59 61.7 63.5 66.5 68.7 71 74.1 76.6 76.1 70 77.4 84.3 92.2 95.2 96 95.4 95.6 102.7 110.6 115.9 119.4 123.3
216.4 211.5 200 200.8 199.1 199.4 206.6 220.8 235.6 252.7 265.1 264.7 253.4 237.6 222.6 198.3 176.6 156.5 145.3 132.5 123.4 112.4 101.3 91.2 83.3 81.1 75.7 70.9 68 68.3 65.9 61.8 56.1 46.1 42.6 44.2 45.9 47 51.3 57.4 58.7 63.3 69.7 74.5 76.1 76.9 80.1 83.7 77.9 73.5 73.4 74.9 75.4 74.3 72.4 64.7 59.7 59.5 65.4 63 63.5 65.8 68.9 69.3 66.9 72.1 76.2 82.8 84.2 85.9 87.5 89.9 90.3 91.7 96.8 106.7 113.6 120 123.3 126.1
213.7 212.8 201.7 198.3 199.4 199.4 208.1 223.3 250.4 272.4 272.2 270.5 255.4 242.1 221.3 198.3 179.3 163.3 148.4 127.7 120.7 108.1 98.3 91.7 85.3 82.3 79.8 73.3 69.9 68 64 54.6 52.8 42 42 44.8 48.5 49.5 53.7 57.7 57.6 63.8 69.6 73.6 77.9 78.8 81.7 79.4 77 74.3 72.9 74.9 75.8 74.3 71.2 66 65.3 65 61.5 65.6 66.1 65.6 68.3 72.6 71.8 72.9 75.3 77.9 79.7 82.5 84.6 86.7 89.2 92.1 101.8 108.6 114.6 123.1 127.9 128.3
213.8 208.1 202.3 197.8 200.1 199.4 205.6 232.3 278.7 288.3 277.4 268.7 254.4 243.4 221.7 198.6 186.5 165.1 150.9 134.4 123 107.7 98.6 91.6 86.3 84.4 81.1 74.6 73.6 68 60 48.2 45.1 42 42 44.3 50.7 52.2 56.3 55.9 58 64.7 69.5 72.9 76.8 81.3 81.8 81.5 77.6 74.6 73.2 76.4 75.1 73.5 70.2 68.4 67.4 66.6 65.3 64.3 66.1 66.6 68.6 69.8 71 72.9 75.4 80.1 82.3 83.6 83.7 87.7 89.8 93.4 101.5 107.6 119.6 126.5 127.4 124.9
211.1 206.4 201.9 198.6 200 199.4 214.6 263.7 289.6 289.6 280.6 267.7 255.5 242 227.9 200.8 187.3 165.3 148.9 136.6 121.6 108.7 98.5 89.9 84.5 83.2 79.4 77.7 79 65.5 59.6 45.4 42 42 42 45 48.9 51.1 56.7 54.5 60.4 66 70.5 73.3 78 81.7 82.3 81.6 80.2 76.6 73.5 75.1 75.9 74.8 69.8 67.8 66.2 65.8 65.3 65.4 66.5 67.5 68.6 69.8 71 72.3 73 77.8 76.6 78.4 87.7 92.2 94.1 97.4 107.9 113.2 115.6 119.1 120.9 129.3
207.5 204.7 200 196.8 199.4 199.4 228.3 278.2 290.4 289.1 280.1 263.7 254.5 242.6 228 201.4 183.5 164.8 147.3 136.4 121.9 108.4 93.7 87.2 83.1 81.7 78.6 80.8 78.6 65.1 61.4 45.1 42 42 46.4 46.6 47.9 48.9 51 53.9 62.5 67.6 71 74.3 78.6 81.5 87.6 82 79.7 74.9 75.6 77 77.6 76.7 73.3 68.7 66.2 66.3 65.7 64.3 65.7 67.1 68.8 69.8 71 71.8 72.8 74.9 80.2 89.4 95.6 98.2 98 99.7 107.4 109.1 108.2 117.9 130.3 141.5
