public/OST50/NG84.asc
ncols 200
nrows 200
xllcorner 180000
yllcorner 840000
cellsize 50
[rows 35 to 69 of 200, columns 0 to 79 of 200]
395.8 387.4 384.9 378.4 366.3 351.2 342.2 335.4 316.2 309.7 303.9 292.5 285.9 285.9 282 271.9 263.9 261.2 251.9 245.4 237.9 237 241.2 235.7 225.2 225.1 225.1 225.1 225.1 226.2 236.4 247.7 255.9 266.9 277.9 294.6 324 340 348.6 366.7 365.7 368.5 370.9 377.9 385.1 388.6 385.9 386.1 394 404.1 433.1 443.2 449.2 456.8 462.3 469.4 481 492.2 492.5 492 494.9 494.3 494.9 491.1 466.5 431.1 418.2 404.7 403.6 378.7 357.6 345.5 332.9 339.2 334.3 323.3 304.3 284.1 285.2 282.9
398.6 390.1 389.8 384.8 372.9 357.7 354.6 340.6 318.9 309.5 306.9 300 296.3 295.7 287.4 280.4 269.5 263.3 258.6 252.1 248.4 243.5 242.1 235.8 228.6 225.1 227.6 230.7 233.5 237.4 242.9 244.9 257.1 268.4 278.3 295.7 320.6 335.7 350.9 370.3 372.3 374.5 377.2 384.3 390.6 392.4 388.6 385.9 399 405.2 431.1 441.3 453.8 457.2 462.2 473 480.3 496.4 506.5 501.2 495 497.3 498.9 501.1 489.9 456.8 428.5 414.6 405.5 394.1 367.7 351.6 332.9 343 337 324.2 308.9 288.2 299.8 290.3
408.5 394.8 392.1 388.1 380.6 369.5 361.6 343.4 324.3 318.6 308.9 301.6 302.9 301.3 296.2 289.3 279.6 269.7 262.4 259.6 254.3 250.6 242.5 234.1 231 230.5 229.2 234.5 243.9 247.9 247.2 245.7 261 265.9 275.2 305.1 318.4 332.1 346.3 361.4 374.4 377.6 379 387.8 391.5 393.3 392.4 386.7 400.3 403.7 426.1 446.2 450.1 452 458.3 473.7 479.2 495.9 509.4 512.3 504.9 501.4 506.5 506.3 501.8 480.6 443.2 424.8 406.9 393.7 372.2 352.2 335.6 340.8 340.3 326.1 311.2 299.8 308 301.5
424.5 408.6 402.8 398.9 391.5 379.6 369.8 346.9 329.7 323.6 314.7 308 313.1 309.9 303.4 295.6 287.1 280.1 268.2 264.8 262.2 254.4 247.6 236 235 237.1 234 238.6 248.4 254.8 251.9 247.8 259.4 264.8 290.7 302.4 319 333.9 344 355.1 366.6 372.2 380.3 386.5 391.6 393.3 392 386.9 396.2 406.3 426 437.4 448.1 447 456.4 471 479.5 494.5 508.2 511.3 511.8 509.4 509.4 502.3 503.3 488.1 456.5 437 414.6 395.5 376.9 356.5 339.7 333.4 337.6 330.4 313.3 302.1 310.4 311.3
454.2 442.4 436.5 427.5 423.2 409.8 390 360.8 333.6 325.3 316.8 313.9 312.4 313.4 307.2 301.5 293.4 284 271.1 266.6 264.7 257.3 250.7 241.9 242 247.5 246.7 245.7 250.8 257.7 259.3 251 254.8 264.8 293.1 299.3 316.3 337.8 342.6 350.1 358.6 367.5 377.3 384.7 387.8 392.7 391.7 386.9 392.3 409 423.7 427.9 441.9 445.1 452.1 466.1 484.6 491.7 505.8 508.9 511.8 507.4 508.7 502 499.6 490.6 468.2 448.9 422.9 398.2 380.8 360.2 349.2 327.1 333 333 319.1 308 312.7 314.5
502.4 485.1 467.6 457.9 457.7 452 417 379.1 341.1 326.5 320 314.9 314.9 313.1 310.3 303.8 297.9 286.2 275.8 266.7 264 260.1 252 246.2 252.4 251 249.2 248.1 249.4 254.4 260.4 258.4 253.5 264.1 289.1 298.3 311.9 335.1 341 346.4 355.3 365.4 373.4 385.7 385.6 389.8 391 390 390.8 405.7 420.1 425.8 431.7 441 448.4 459.3 480 488.5 500.5 503.8 510 509.3 503.3 497.8 492.7 486.9 477.8 458.5 425.9 402.1 384.1 363.9 354 332.4 321.8 327.1 317.1 318.6 311.9 319.5
515.4 505.9 482.8 470.3 470.1 466.7 439.6 400.9 352.6 333.9 326.2 322.1 318.4 315.3 312.6 310 302.5 294.1 291.9 283.3 267.9 270.1 261.1 252 252.4 252.2 251.3 249.1 246.9 250.3 255.4 259.5 257.3 276 284 296 306.6 327.9 337.5 343.2 348.6 362.7 371.5 382.1 388.4 387 388.9 391.5 390.6 402.8 417.4 422.3 427.6 431.6 442 454.6 475.7 484.8 495.2 499.1 504.3 507.5 504.9 495.7 484.5 480.5 478.6 458.4 429.7 402.5 384.8 365.6 354.5 334.6 316.8 318.9 317.9 318.5 312.3 320.4
523 512.4 495.9 486.5 475.8 466.9 443.4 409.5 362.4 338.8 333.5 326.2 318 317.1 316.6 312.8 303.6 298.2 297.1 291.6 290.4 287.1 278.9 261.2 257.4 259.6 260.9 258.3 251.2 248.5 250 255.1 258.1 270.5 276.6 290.7 300.7 321.5 332.9 340.9 346.1 358.5 370.8 379 385.4 389.9 386.1 387.8 390.1 409.2 424.8 430.4 427.9 434.1 439.1 455.6 471.9 480.4 488.6 493.4 498.5 501.2 502.9 496.8 480.6 475.7 472 457.6 432.4 401.8 382.3 368 354.3 335.4 317.4 310 313.8 315.2 316.5 317.3
529.5 516.7 501 493.4 481.1 462.3 439.8 406.2 367.9 344.5 340.3 330.2 323.9 325 323.1 316.5 309 310.2 308.1 309.7 301 294 287.7 272.7 268.9 274.3 273.5 267.9 260.1 253.3 257.2 257.7 263.9 271.3 279.3 299.9 311.6 322.9 330.8 338.5 345.8 351.3 366.8 375.7 381.6 389 386.1 386.1 389.7 409.5 426.1 439.3 439.3 435.3 435.9 454.5 468.9 477.7 486.3 489.2 491.6 496.8 497.3 491.7 478 467.2 460.5 452.3 438.4 400.7 375.1 366.7 352.7 336.4 323.5 305 305.1 306.2 316.5 316.3
528.2 522.1 507.6 496.2 483.4 463.6 435.2 406.3 376.6 355.2 345.7 337.1 334.6 330.1 326.9 320.5 314.5 313.9 314 314.5 305.6 298.4 294.8 282.4 281.8 281 279.2 273.1 266.3 261 256.9 259.9 270.2 279.9 285.7 298 311 322.3 330 345.9 353.9 352.1 363.7 370.5 378.9 384.4 385.6 388.8 388.3 405.4 432.6 441.5 444.5 444.4 433.4 443.5 466.4 474.6 482 486.3 488.9 491.8 491.5 484.8 475 460.8 453.1 444.9 430.2 399.4 373.5 364.3 351.6 339.6 324.6 307.5 299.6 299.8 310.7 315.3
539.6 531 524.3 505.8 485 468.9 437.9 410.9 383.3 370.9 362.1 346.6 344.6 339.4 330.7 329.8 327 325.8 329.8 326.5 316.8 309.4 301.5 292 285.8 285.2 284.7 281.4 275 269.8 264.1 260.6 272 278.2 282.4 292.9 307 319.9 331 342.5 352.6 359.2 363.3 368.1 373.1 379.5 382.8 386.3 387.7 398.6 430.7 438.1 443.3 446 445.1 440.3 461.8 470.8 476.9 482.8 483.1 482.9 478.8 474.6 472 457.8 447.4 437.9 423.8 399.3 371.4 361.6 349.6 339.8 323.2 314.5 298.9 299.8 302.8 313.5
560 546.6 539.5 520 500.4 471.1 445.7 421.9 392.8 375.6 371.3 360.5 354.6 344.1 337.6 335.5 332.4 333.3 333.1 332.3 322.7 312 306.5 300.5 290.9 288.4 287.4 285.5 281.2 275.4 270.8 265.4 271.6 279 281.8 286.9 300.3 314.6 326.6 338.6 349.7 356.3 361.2 368.2 369.2 373.8 379.8 384.5 385.8 390.6 415.7 435.2 440.6 444.8 447.8 447.4 453.5 466.3 470.4 477 476.9 475.4 474 471.7 465.2 455.3 443 430.8 412 388.3 371.7 356.4 343.6 339.6 321.6 313.4 303.3 297.5 298.1 310.6
579.6 564.9 557.3 534.3 514.9 479.6 453.6 439.5 412.6 391.4 375.9 367.8 365.5 352 352.7 346.7 339.1 336.8 334.5 331.5 324 315.9 311.3 307.1 294.5 289.9 290.8 288.9 283.5 281 276.9 271 274.8 278.1 280.8 283.7 292.4 305.6 321.3 332.1 350.6 357.4 364 369.2 369.3 372.4 378.3 385.7 385.4 385.6 404.8 430.3 441 443.9 447 446.7 444.8 460.6 465.6 469.5 470.1 469.6 468.1 467.4 459.8 449.9 437.7 421.8 399 382.1 371.1 355.9 338.4 335 318.4 312.2 308.2 298.7 293.8 306.9
594.2 578.4 560.5 538.5 517.5 485.1 460.6 449.4 425.5 409.2 385.5 371 368.8 364.7 361.2 353.4 351.9 345.4 338.7 333 326.2 319.3 314.9 310.6 299.2 290.1 288 290.4 285 284.6 279.5 279.9 276.1 274.5 280.1 282.4 286.1 297.7 309.6 326.4 344.8 351 359.3 365.7 371.1 368.8 373.9 381.6 386.6 382.1 387.3 426.2 437.7 446.1 450.2 449 445.2 456.2 465.6 463.4 463.3 464.1 464.6 463.1 452.7 440 432.5 412.7 393.6 377.2 364.6 351.5 337 334 317.3 307.7 307.3 298.1 288.2 301.2
601.8 584.3 562.5 535.5 515 488.3 472.6 460 437.5 418.2 398.4 381.5 376.6 377.3 373.9 366.4 358.5 349.4 339.2 333.5 326.5 318.7 313.7 309 301.7 292.5 287 285.3 286.6 281.3 280.2 277.9 276.6 277.3 279.8 281.7 282.9 293.4 303 318 340.1 346.4 350.8 360.7 367.6 372.4 378.4 376.7 383.9 382.1 383.6 422.7 435 442.5 447.4 447.7 447 449.6 459.5 459.9 458.1 459.9 461.4 459.7 440.9 431.6 427.1 408.5 385.6 367.3 354.8 345.3 335.5 327.8 316.6 305.2 304.5 293.1 285.6 292.4
602.4 585.2 554 534.6 527.6 505.9 496.4 486.2 456.5 427 403.8 389.1 384.8 387.2 382.1 372.5 361.8 353 338.5 331.8 324.8 317.4 311.6 304.7 298.1 293.3 287.3 283.1 279.8 280.8 278.1 277.6 276.1 275.8 277.6 279.3 282 286.8 297.3 308.3 332 339.3 344.8 354.2 362.6 367 373.9 382.9 389.2 382.2 391.1 419.3 428.7 436.8 442.1 444 444.8 443.9 446.7 451.1 455.2 455.3 456.2 450.6 430.7 425.1 416.6 399.4 377.1 355.7 346.4 337.6 329 325.6 316.6 305.4 304 296.1 283.5 292.2
594.7 573.3 554.3 537.3 526.6 510.3 498.7 490.3 461.8 427.9 406.2 393 386.9 386.3 379.7 370.9 356.9 347.5 338.4 335.5 335.5 326.1 322.1 316.1 304.6 289.7 285.5 282.1 284.5 285.4 279.4 276.4 275.5 275.5 275.5 275.5 276.6 280.4 286.9 304.8 323.7 331.9 339.3 348.1 360.3 372.7 374.4 377.3 385 382.1 406.5 415.8 422.9 428.9 434.5 439.7 442.5 440.3 442.5 448 452.9 456.1 452.6 435.2 424 416.7 404.3 386.7 367.6 350.8 341.2 330.1 320.9 321.1 314.4 302.5 302.4 300.2 284.4 281.5
585.3 571.4 557 543.1 524.7 507.7 497 482.7 457.7 428.5 404.9 393.8 387 385.6 379.5 376.3 372.8 361.8 352.5 347.6 343 339.4 330.5 323.5 314.3 296.1 291.7 287.2 288.9 289.3 285.8 276.3 275.5 275.7 275.5 275.5 278.4 278.5 281.4 297.6 321 329.3 335.2 350.6 357.3 370 376.5 377.2 378.9 382.1 403.2 412.4 417.6 422.4 430 435.3 439.9 439.2 440.5 444.7 449.4 449.2 441.4 422.3 414.8 409.2 393.9 376.2 359.5 346.3 333.6 320.4 316.6 316.3 310.4 301.5 301.6 300.1 283.7 273.4
565.1 558.7 549.1 532.4 515.8 500.9 487.5 475 461.1 435.1 412.6 395.7 391.6 388.2 384.5 381.5 376.6 368.3 358.9 348.3 343.2 344.8 343.4 328.6 320.8 304.2 295.9 295.4 292.4 290.8 284.8 279.6 278 280.4 280.4 279.8 287.5 287.1 284.8 291.8 308.7 320.7 332.7 347.1 357 367.9 375.1 381.6 387.1 386 394.1 404.6 410.9 417.3 423.8 431.5 437.7 439.5 438.3 439.6 439.8 436.2 426.5 414 407.9 398.1 383.6 369.3 349.7 344.9 328.3 314 311.2 307.6 304.1 298.2 300.4 298.1 283.4 263.3
536.6 537.1 530.8 525.6 508.3 493 482.2 473.2 458.8 447.8 424.6 402.1 398.8 393.9 389.6 384.7 380.1 374.5 365.8 352.3 343.1 343.2 343.5 332.6 324.3 310.9 301.6 301.3 294.4 292.8 284.2 283.1 287.4 292.1 295.9 298.8 297.6 299.7 296.1 292.9 299.9 312.4 333.2 349 361.5 377.5 397.6 398.9 405.7 388.8 394.8 410 428.8 426.2 426.6 434.2 444.4 450.9 441.1 435.2 430.9 424.5 415.8 408.2 396.1 386.9 372.9 359.1 341.8 334.5 320.9 307.7 298.4 296.7 291 290.1 290.2 291.9 285.1 258.1
518.2 517.1 513.9 510.9 493.1 482.7 471.9 468.3 456 447.8 430.8 418.5 411.9 405.1 402.2 393.4 385.3 379 369.2 359.7 348.5 344.7 342.6 339.9 329.6 316.4 307.2 304.9 297.4 292.5 282.8 280.8 282.5 285.2 292.4 294.7 297 298 302.1 302.9 300.2 317.1 331.2 345.4 364.4 390.9 398.5 403.1 406.5 394.8 396.4 416.7 426.5 430.3 432.5 435.1 438.5 443.2 438.9 434.5 425.8 415.6 409.8 403.7 389.6 382.9 363.6 349.6 332.2 320.7 310.9 300.9 288.2 284.1 281.3 277.7 277.9 280.6 277.3 256.4
507.1 502.9 499.1 494.5 478.5 469.7 465.8 464.7 458.4 451.7 444.4 437 427.8 423.8 416.4 403.2 392 384.9 376.3 363.8 357.7 347.7 345.6 341.5 330.7 316.7 305.9 305.9 301.9 293.3 285.1 282.9 282.9 283.6 287.8 293.2 295.6 297.2 300 304.1 301.5 313.4 328.3 341.9 370 390.9 395.8 401.2 406.8 400 398 411.1 423.5 430.3 430.6 431 433.2 436.7 434.5 432 422.9 407.6 396.5 388.9 384.2 373.5 357.6 341.2 326.3 313.9 300.4 289 278.5 270.9 269.3 269.4 275.1 275.3 260.7 253.8
498.9 490 485.8 481 469.7 465.1 463.5 461.7 460.3 458.6 454.3 456.4 447.4 438.3 429.8 414.1 403.1 394.1 384.4 375.9 365.8 353.9 347.7 340.6 335.4 325.4 307.1 304.2 304.1 295.3 287.2 287.1 287.4 290.9 293.1 296.5 303.8 298.2 297.8 300.7 302 309.8 323 342.8 376.5 387.1 395.8 400.4 404.5 404.1 404.8 408.2 430.1 428.6 428.3 427.5 426.6 432.4 428.1 424.2 417.3 404.7 385.4 380.1 374.1 365.1 351.1 333.4 320.6 307.8 297.2 288.7 279.6 268.6 266.5 265.6 271.6 275.3 255.9 255.8
499.8 487.8 480.3 471.3 462.6 460.5 460.5 461.8 462.7 463.1 461.4 462 461.6 451 441.2 427 414.4 410.3 401.5 390.7 381.8 372 362.2 347.8 335.8 329.1 319.6 307.7 301.6 295.4 285.9 289.7 289 292.6 296.8 299.7 302.6 305.4 307.2 298.2 301.1 312.6 327.9 359.7 384.2 390.8 401.8 405.7 406 406.2 406.8 419.4 429 428.2 424.4 421.9 421.5 424.6 420 415.5 411.4 397.6 380.8 370.7 368.7 360.2 347.1 328.8 312.2 301.6 293.1 286.4 277.7 266.8 265 261.1 266.1 270.9 252.4 255.9
503.5 486.6 475.4 465.3 460.5 460.5 460.5 460.5 467.2 465.3 468.1 474.3 472.8 460.2 455.3 445.1 428.7 419.8 415 408.1 394.9 384.3 374.5 359.1 346.6 332.1 319.4 312 303.3 296.2 284.6 281.2 286 291.1 294.9 298.5 301.4 307.4 311.8 305.5 303 323.9 350.3 376 389.9 398 408.6 416.1 415.2 410.1 410.2 416.9 427.7 428.2 424 418.4 422.1 426.4 417.6 410.2 404.6 393.9 376.1 365.1 363.4 352.1 339.6 323.1 306.5 295.9 288.2 284.6 275 264.6 263.9 259.7 263.5 263.4 249.9 254.3
520.9 502.6 483.7 471.5 469.1 463.6 466.6 465.7 464.4 466.1 476.5 484.2 482.9 476 470.3 463.9 445.4 432.6 425.1 415 403.6 389.5 384.3 368.2 353.9 339.8 324.9 314.3 307.3 297.5 286.9 281.2 281.2 292.9 297.6 301.1 301.1 307.9 312.2 309.8 312.7 338.4 349.4 374.7 386.3 402.6 417.2 425.2 425.3 422.4 413.8 419.4 433.9 431.2 424.9 417.9 419.8 425.2 419.9 404.2 397.3 386 370.6 359.1 352.7 340.5 332.1 317 302.9 291.9 282.8 281 272.9 266 262 256.7 262.4 262.5 246.6 250.1
554.4 532.5 516.2 492.9 486.3 474.4 470.1 469.1 468.5 473.1 484 493.1 502.9 500.1 491 483.9 468.8 454.8 438.3 422.8 410.1 398.1 389.1 377.2 359.1 343 329.3 317.6 312.6 301.5 291 281.2 281.2 284.2 296.7 300.8 303.3 305.3 312.2 318.2 326.8 343 360.4 370.3 387.1 415.2 421.4 427.3 431.9 435.7 416 422 430.2 429.2 423.2 414.4 413.6 421.9 416.2 403.6 389.4 372.7 363.1 353.8 338.6 329.6 321 310.6 298 287.8 279.1 274.4 268.5 263 259.6 252.1 257.8 258.7 239.9 240.1
586.7 566.2 541.6 521.3 502.6 487.2 481.2 483.4 484.9 492.6 503.2 512.7 523.4 525.5 517.5 516.8 502.6 493.9 477.4 457 425 404.6 390.5 378.1 363.7 347.6 330.3 318.8 313.1 305.4 293.7 288.5 286.2 289.5 291.1 293.8 299.8 299.8 306.2 312.9 326.5 343.4 356.3 369.7 398.9 421 423.5 427.3 434.3 437.2 421 416.1 425.2 427.9 417.7 416.7 423.8 418.2 410.6 397.6 386 362.3 354.1 345.6 329.7 317.6 309.2 299.4 290.2 282 272.4 265.5 264.3 257.3 255.2 250.4 254 252.5 230.5 231.3
618.2 592.4 566.7 541.3 518.4 513.9 508.1 502.6 503.3 513 522.8 550.1 600.6 594.4 567.7 553.5 552.6 542.1 522.3 475.9 449.4 415.7 391.2 377.6 363.8 345.8 331.9 323.6 313.8 308.5 294.7 287.7 281.2 287.6 289.4 286.4 291.7 294.1 297.7 304.1 314.6 334.5 350.3 372.9 399.1 413.7 424.5 428.8 433.9 435.1 422 411.5 421.2 426.7 416.6 412.9 416.8 414.7 405 390.7 378.7 356.2 346.5 335.5 322.3 308.8 302.7 289.4 280.1 275.2 267.8 260.8 259.3 251.5 250.9 249.4 252.5 250.4 228.9 226.9
638.9 612 587.3 582.9 545 536.2 532.4 525 526.4 535 544.9 569.4 612.4 644.5 632.3 608.6 592 573 543.1 510.3 457.7 423.6 394.1 375.8 361.8 342.9 333.2 325.1 311.1 307.9 294.7 285.7 285.7 281.2 286.5 284.5 284.5 287.6 292.4 300.8 309.4 323.2 345.3 363 387.8 404.1 415.4 423.7 427 429.8 421.2 406.9 416.8 421.7 414 407.1 408.4 406.9 401 384.9 371.3 351.5 341.1 327.6 314.6 302.4 295.7 287.1 273.8 268.4 262.4 257.1 254.2 246.3 246.5 244.5 251 244.1 229.1 223.4
657.5 639.1 656.4 640.6 594.3 560.2 551.6 547.8 555.9 561.7 574.4 591.3 617.7 646.9 652 637.5 614 587.6 568.2 533.1 487.3 433.2 403.5 378.2 362.7 343.2 335.8 325.1 311.8 307.4 296.5 287.6 283 286.3 289.6 286.2 284.5 284.5 289 298.3 307.8 322.1 342.6 367.3 379.6 401.8 407.2 415 418.9 419.1 410.3 402.1 413.2 411.4 404 395.7 397.3 399.7 394.9 379.4 363.2 345.3 335 322.8 309.6 294.5 288.7 281.7 272.9 263.2 257.4 252.7 248.4 243.4 242.8 241.8 243.1 239.2 225.3 220.5
688.9 682.8 707.4 662.4 620.9 590.5 579.5 577.3 588.2 600.7 606.4 623.6 638.5 642.2 647.3 640.8 627.6 600.7 582.7 545.3 517.6 465.3 419.8 389.1 367.6 350.3 338.9 329.9 316.6 305.8 298.5 290.8 283 283 287.2 291.1 297.5 290.9 286.4 314.3 319.9 319.5 346.6 369.7 378.7 388.7 404.6 408.1 409.4 408.7 404.4 401.5 402.4 399.8 395.5 387.3 389.3 389.9 387.6 374.1 358.7 340.1 330.2 315.6 302.5 290 282.8 275.8 268.6 258.3 250 248 243.8 241.1 240.4 236.7 237.3 230.4 220.6 217.3
764.8 799.3 784.5 696.9 639.4 617.8 609.9 616.2 622.9 638.9 648.2 653.9 656.2 646.1 645 641.4 632.4 613 590.3 561.3 528.1 484.6 432.3 395.2 374.3 361.1 349.8 330.9 314.4 306 299.2 291.2 283 283 284.1 289.8 292.8 296.1 301.9 309.1 317.1 318.4 342 355 373.8 382.7 401 400.6 400.4 401.2 397.4 393.9 394.8 389.8 390.1 380.5 380.3 376.8 371.8 361.9 349.1 334.3 324.6 309.7 295.4 285.6 280.3 269.7 264.7 256.5 247 242.6 239.5 237 236.5 230.1 226.4 227.8 221.6 214.8
822.8 842.2 827.8 776.3 678.4 649 657.8 660.2 676.9 686.3 697.3 687.4 676.2 666.5 651.8 642.5 636.7 620 591.8 573.8 535.7 493.6 448 399.5 380.7 365.7 356.8 337.6 318.4 305.1 301.9 299.3 285.1 283 283 284.6 291.5 294.6 301.4 309.4 315.7 317.4 333.4 346.4 363.8 375.4 388.2 391.7 390.4 391.1 387.9 394.4 388.8 380.4 377.5 374.1 370.7 369.7 360.5 351.5 342 328.8 315.9 304.1 291 281.5 273.1 266 261.7 256 245.8 236.5 234.9 233.5 231.4 229.2 225.4 225.5 220.5 213.7
831.8 837.1 840.2 842.5 769.5 713.1 714.5 755.8 745.1 738.5 752 727.3 702.3 680.4 662.5 641.3 637 621.1 593.9 570.7 537.7 500.7 457.9 411.9 383.7 372.7 358.2 343.5 323.3 313.8 299.4 297.5 289.9 283 283 283 285.9 289.1 296.5 304 311.4 317.7 325.6 338.9 348.9 365.5 372.5 376.3 376.4 379.9 383.1 385.2 380.3 372.3 370 365.5 362.6 352.8 348.8 344.4 335.7 322.2 310.3 298 287 275.4 264.5 260.8 258.1 252 244.9 232.4 232.9 230.5 227.7 229.9 225.2 222.7 214.3 210.2
