public/OST50/NG85.asc
ncols 200
nrows 200
xllcorner 180000
yllcorner 850000
cellsize 50
[rows 0 to 38 of 200, columns 0 to 85 of 200]
49 67.7 86.4 116.8 149.1 165 170.4 163.5 155.2 149 150.1 142.5 147.1 163.3 165.6 148.5 136.7 138.8 140.1 138.6 135.9 135.1 135.6 140.3 143 146.3 149 150.2 151.4 150.9 151 150.4 152.3 152.6 153.6 152.4 150.6 150.8 144.5 135.1 135.1 135.1 137.9 143 157.9 177.6 196.6 207 215 213.3 214.7 239.9 256.7 270.3 273.3 270.8 273.3 271.7 273.7 279.8 292.7 301.6 300.1 298.8 299.9 305.8 311.3 313.4 310.6 307.5 301.4 297.9 295.8 292.1 289.5 288.9 281 272.7 268.3 284.2 301.7 317.3 330.2 343.5 359.4 376.9
48.5 66.4 91.9 121.2 149.3 161.4 166.2 173 168 155.1 158.9 162.3 174.3 176 168.5 165.6 151.9 144.5 143.6 142.1 138.8 135.1 135.1 135.1 138 141.6 144 145.8 146.1 145.7 145 144.4 144.2 146.3 144 141.3 137.1 139.1 138.8 135.1 135.1 135.1 135.1 145.7 162.8 187.6 213.4 224.5 224.7 229.6 215.4 245.4 258.7 266.4 263.6 261.1 261.7 266.2 274.1 280.6 284.2 286.1 289.5 295.3 297.5 300.1 309.2 312.6 311.1 308 301.6 295.2 292.9 289.6 285.1 279.8 264.6 265 270.5 293.7 306.6 319.5 332.3 344.2 358.7 375.2
47.6 68.3 91.5 118.6 141.1 156.7 175.4 183.6 179.5 168.2 168.7 178.2 196.5 189.3 185.7 183.2 171.7 153.7 147.8 148.4 145.8 140.6 135.1 135.1 135.1 135 137.6 139.7 139.5 140.7 138.2 138.8 137.7 135.1 135.1 135.1 135.1 135.1 135.1 135.1 135.1 135.1 135.1 145.4 169.3 192.7 217.5 237.7 236.2 231.9 228.8 245.5 260.7 264.6 258.2 258.2 265.4 265.9 272.5 281.6 282.4 279.7 282.6 291.3 294.6 297.8 306.1 313.6 310 308.6 304.3 292.7 289.2 287 279.3 265.2 261.7 262.7 283.1 299.6 309.4 320.5 330.8 343.4 356.5 372.5
62.5 77.5 102.6 138.5 168.5 188.1 195.3 195.3 196.3 186.9 176.9 188.8 208.8 218.2 206.6 190.7 176.2 172.6 166.6 165.7 160 154 144.6 137.2 135.1 135.1 135.1 135.1 135.3 135.1 135.1 135.1 135.1 135.1 135.1 135.1 135.1 135.1 135.1 135.1 135.1 135.1 135.1 140.4 167.3 194.1 215 238.8 255.6 247.9 241.7 240.6 257 263.6 261.3 258.2 261.3 265.8 271.6 278.8 277.7 275.3 278.1 286.1 293.4 296.2 303 310.3 307.5 301.2 299 293.1 283 274 259.2 259.4 267.2 281.5 290.6 301.7 308.7 319.6 329 340.2 354.8 368
72.3 94.2 122.1 155.5 197.9 220.9 230 230.3 221.4 202.9 198.3 195.7 213.7 218.3 217.8 211.4 189.2 175.4 171 169.4 169.4 160.8 155.5 145 139.3 138.5 135.1 135.1 137.9 135.1 135.1 135.1 135.1 135.1 135.1 135.1 135.1 135.1 135.1 135.1 135.1 135.1 135.1 139.7 160.9 193.6 213.7 233.7 259 267.1 257.1 254.9 262.3 266.7 262.3 261.3 266 267.8 264.4 272.8 270.6 272.1 275.9 283.1 293 295.2 297.9 303.4 301.1 293.8 286 278.3 272.2 257.2 258.8 276.2 285.2 288.1 292.6 298.5 306.3 314.7 326.4 336.4 350.8 364.8
82.8 127.9 151.1 187.8 218.1 235.2 243.3 240.9 233.4 220.8 212.2 211.5 223.1 218.2 222.1 220.5 206.8 184.9 175 181.6 177 172.2 166.3 156.4 152.6 151.9 142.7 135.1 135.1 135.1 135.1 135.1 135.1 135.1 135.1 135.1 135.1 135.1 135.1 135.1 135.1 135.1 135.1 142 163 191.2 215.3 232.7 256.7 271 267.3 261.8 260.6 271.5 266.8 258.2 266.8 261.4 258.1 259.3 264.2 268.5 273.8 280.4 290 294.6 294 294.2 293.1 283.7 277.7 277.1 266.1 250 269.1 283 286.5 288.6 292.5 297.3 304 312.2 321.3 332.5 345.9 360.3
103.4 136 176.8 220.7 234.3 251 253.7 246.9 250 241 223.9 231.5 244.6 229.6 221.3 220 208.2 196.6 209.4 211.3 186.9 177.2 180.1 172.1 163.5 157.2 136.5 135.1 135.1 135.1 135.1 135.1 135.1 135.1 135.1 135.1 135.1 135.1 135.1 135.1 135.1 135.1 135.1 142.1 165.5 192.4 215.5 234.6 258.5 268.6 273.7 272.4 263.7 270.1 267.7 258.8 259.9 255.2 253.1 254.4 255.5 266.3 274.4 278.8 286.4 293.9 295.6 291.9 286.3 280.3 271.4 265.6 250.8 251.2 273.1 281.5 284.6 287.7 292.1 298.2 304 311 318.4 328.6 341 354.2
93.9 138 192.1 218.3 240.8 249.1 253 256.4 258.9 251.9 239.2 241 243.6 236.1 231.6 222.9 214.6 202.8 208.8 205.4 190.7 174.5 170.3 153.6 135.1 135.1 135.1 135.1 135.1 135.1 135.1 135.1 135.1 135.1 135.1 135.1 135.1 135.1 135.1 135.1 135.1 144.4 149.1 145.2 165 192.9 214.4 228.6 257.4 267 262.9 270.7 265.9 255.4 260.6 255.6 248.3 250.5 251.1 252.1 256.8 263 273.7 279.7 283.4 289.1 292.3 290.2 280.7 272.9 268.3 255.2 239 261.2 273.7 281.1 284.7 288 291.9 297.6 303.7 309.9 316.5 325.8 337.1 349.1
97.4 136.5 173.5 208.2 239 255.1 255.1 260 266.2 264.9 254.6 245.2 242 236.7 232.2 224.8 210.4 199 201.8 189.2 178.3 165.7 155.6 145.4 135.1 135.1 135.1 135.1 135.1 135.1 135.1 135.1 135.1 135.1 135.1 135.1 135.1 135.1 135.1 135.1 141.2 154.2 167 152.4 166.5 190 207.5 225.1 248.7 268 264.5 271.5 264 255.7 246.7 250.6 245.7 249.6 251.2 252.1 258.6 265.3 266.7 278 280.5 283 284.1 284.6 277.7 264.9 261.3 227.9 250.2 273.9 278.7 281.1 284.5 288.1 291.5 295.9 303 309.1 315.4 324.6 334.4 346.9
85.2 128 160.1 198.3 215 230.9 247.7 263.3 269.5 269.8 260.5 250.9 248.3 243 226.7 224.4 212.7 195.1 184 177.6 166.7 158.3 150.6 139.6 135.1 135.1 135.1 135.1 135.1 135.1 135.1 135.1 135.1 135.1 135.1 135.1 135.1 135.1 135.1 140.3 153.1 166.5 178.1 180 168.6 185.5 202.6 223.1 243.5 269.8 264.5 267.6 263.9 264 262 247.5 243.1 246.9 250.3 254.2 251 259 261.6 272.4 275.2 278.9 276.6 277.2 267.9 260 230.1 243.5 267.1 275.4 280.3 282.4 284.5 286.8 290.7 295.3 302 310.1 316.3 323.2 333 346.5
65.2 117.8 160 190.1 204.6 229.1 250.6 263 268 264.5 256 257.9 243.9 229.9 217.9 214.5 205.9 193.2 180.5 172 161.1 151.9 143.3 135.1 135.1 135.1 135.1 135.1 135.1 135.1 135.1 135.1 135.1 135.1 135.1 135.1 135.1 135.1 139.4 151.9 163.2 177.5 190.5 197.1 194.4 182.6 203.1 221.2 237.8 256.2 265.9 259.3 265.1 265.2 271.5 253.5 242.8 250.3 253.9 253.3 251 255 260.5 269.4 270.7 272.4 271.2 265.7 257.1 231.5 230.5 265.8 274 278 281.2 283.9 286.2 287.5 290.6 294.7 300.6 309.6 316.1 321.9 330.4 345.9
48.2 106.3 146.3 168.1 202.2 227 240.1 241.4 250.7 251.3 239.8 257.6 250.7 228.7 212.1 202.3 209.2 201.8 179.4 165.4 158.8 151.3 140.6 135.1 135.1 135.1 135.1 135.1 141.5 135.1 140.2 144.1 138.5 136.4 138.4 140 140.2 138.6 142.4 156.3 172.5 188.5 202.2 212.6 210.7 195 204.6 225.2 240.8 253.8 269.5 258.4 255.3 260.4 260.8 252.9 243.9 253.1 262.6 255 251.4 254.1 258.5 267.4 263.9 267.3 263.5 255.7 239.1 209.2 259.7 272.7 278.1 280.2 282.4 284.6 287.2 289.6 290.8 293.5 296.6 302.8 311.8 320.3 326 345
40.1 70.1 115.4 144.6 175.8 193.8 209.6 233.1 246.4 238.7 225.4 224.8 219.5 212.3 207 206.3 216.7 208.2 195.8 169.8 157.3 150.7 148.5 144.7 144.2 142.7 135.3 140.6 147.7 147.4 149.2 153.1 152.2 148.5 144.7 145.1 142.5 145.2 148.2 158.6 181.8 201.3 212 221.7 220 215.3 223.5 228.5 244.6 258.3 269.9 262.6 249.3 252.4 254.2 251.9 244.9 251.8 266.9 262.3 256.9 258.2 257.1 258.4 257.5 258.2 249.7 243.6 216.6 233.8 261 274.3 278.8 280.9 283 285.4 288.1 290.9 292.2 293.5 294.9 296.8 305.8 317.9 324.4 340.4
31.5 58.7 109.7 137.2 142.5 166.7 214.1 242 238.3 220.8 215.6 215 210.4 206.7 207.9 212.8 218.2 226.7 214.1 187.2 175.7 159.9 159.8 161.3 156.4 156.6 152.6 148.4 147.1 151.3 158.3 162.4 166 156.8 154.9 155.7 151.1 149.3 153.4 163.9 185.2 216.6 229.5 228.6 232 233.4 242.6 236.3 249.2 259.9 271.2 267.5 248.2 252.1 255.5 254.9 246.9 243 259.3 268.6 267.5 265.6 256.4 253.4 247.8 248.7 238.8 217.7 194.7 241.1 261.1 274.8 279.2 281.3 283.2 285 287.6 290.5 292.1 293 295.1 297 300.1 310.7 325 340.5
23.9 44 66 92.9 120.9 164.7 200.6 217.1 216.8 202.8 205.3 214.5 218.2 220.7 224.2 226.6 230.5 224.1 215.2 194.9 191.8 183.6 176.2 188 169.5 176.3 167.7 161.4 162.7 164.7 167.9 173.5 174.6 170.9 174.7 171.6 164.7 156.3 159.5 169.9 187.4 215.2 239.3 247.2 243.4 247.5 257.7 247.2 245.9 262.7 271 258.8 251.6 248 256.4 258.9 246 240 251.6 270.6 278.5 286.3 269.1 253.2 245.9 233.9 219.8 187.1 219 243.1 260.7 272.4 278.8 281.8 284.2 286 287.4 289.8 291.4 292.8 294.8 297.2 300.1 305.1 322.6 341.3
21.9 41.1 65.1 88.8 129.8 171.4 185.8 192.9 189 188.1 196.4 211.9 223.1 245.4 236 237.1 247.2 241.7 217.1 196.4 202.4 190.8 199.5 204.5 185.2 187.1 170.8 164.8 168.3 170.3 175.3 182.7 186.3 187.6 188.3 178.1 172.7 162.2 165.8 175.6 194.7 215.8 249.8 263.6 260.7 259.1 262.5 259 244.3 259.3 262.5 258.7 256.6 245 243.7 249.8 241.7 238.6 245.4 266.3 277.5 281.6 266.4 249.6 237.5 224 191.5 205.7 227.5 244.7 259.1 267.7 276 280.1 284.6 286.7 287.5 288.6 290.7 293.3 294.4 295.5 299.4 306.3 315.9 337.7
26.6 40.2 64.2 90.6 129.8 145 157.8 173.8 176.2 176.5 186.2 198.7 220.4 257.1 250.5 253.5 259.2 247.5 230.9 209.6 199.4 202.3 217.7 213.3 194.5 184.3 172.5 168.8 172.5 174.7 184.5 197.2 204.2 199.3 190.8 185 175.8 173.4 176.4 184.7 202 224.9 258.3 268.2 274.2 272.3 262.7 263.7 252.4 249.6 258.7 264.4 256.1 245.5 241.1 239.4 240.6 238.6 240.7 256.3 261.6 268.4 254.4 239.5 219.4 211.1 167 207.6 233.6 249.4 258.9 266.5 272.9 278.7 282.7 284.5 286.8 290.2 291.6 292.9 294.3 295.4 298.8 306 312 327
36.6 55.1 74.7 96.9 123.7 143.3 152.1 155.4 159.7 164.9 173.2 190.8 228.9 269.5 262.5 267.3 265 253.9 232.2 222 210.7 219.6 214.7 201.5 189.3 181.8 177.2 178.8 183.8 183.8 196.3 208.8 209.1 211.1 204.2 195.4 186.2 186.4 192.4 196.8 217.9 239.9 263.6 271.9 272.1 275.4 260.7 258.8 253.1 246.3 254.2 255.1 248.2 246.2 245.5 246.2 244.9 238.6 239.8 245.6 256.9 262.4 241.7 225.8 206 176.6 189.4 217.2 240.1 251.3 256.9 263.1 269.2 273.6 276.4 281.3 284 288.2 294.6 293.7 294.2 294.3 295.4 301.4 306.5 316.2
66.9 85.9 92.9 105.7 127.8 139.1 155.3 151.8 151.7 157.2 163.5 182.9 235.2 279.1 277.4 277.6 263.4 262.4 244.3 226.6 218.1 225.2 225.2 208 193.5 182.9 182.5 188.9 196.2 206.8 203.8 205.8 216 229.6 220.4 205.4 197.2 205.5 201.5 216.3 239.3 263.7 274.5 278.9 261.1 260.4 255.2 258.4 259 246.2 243.5 245.1 251.3 249.2 248.5 248.5 247.4 245.2 240 239.6 241.7 244.8 229.5 203.4 171 152.1 194.8 224.7 241.7 247.9 254.2 259.3 264.3 267.6 270.7 276.2 281 285.6 290.1 292.2 294.5 294.2 295.4 295.8 297.9 308.1
82.7 114.3 120.7 116.1 125.2 137.6 153.3 145.8 149.6 153.8 163.7 186.7 234.2 278.4 285.1 281.8 266.1 258.8 249 235.8 229.9 237.2 237.7 225.9 213 195 189.6 191.3 203.1 207.6 209.7 214.3 233.3 247.1 239.3 232.6 214.5 224.2 218.4 242.3 270.9 279.4 282.2 279.2 260.3 252.1 249.9 253.3 257.4 258.4 244.4 247.8 261.2 251.7 243.4 247.1 251.1 243.4 236.9 235.4 224.7 224 212.9 174.1 145.7 174.7 207.2 225.7 237.5 243.7 250.3 254.9 261.1 267.4 270.8 273.8 278.4 281.7 285.4 289.9 291.5 293.7 294.9 292.5 294.4 299.6
77.2 123.2 150.5 143.8 129.9 129.6 135.5 141.1 144.7 152 163.4 203.9 248 285.2 292.2 285 264.6 255.7 250.7 259.9 249.7 244.7 244.1 243.1 224.9 208.6 199.8 198.6 197.6 202.1 216.3 228.4 251.7 263.3 261.3 256.3 237.3 233 242.6 264.7 289 293.2 285.8 271.3 257.2 253 249.2 249.2 261.5 264.2 252.8 239.3 255.9 255.1 242.2 247.9 246.9 248.2 239.8 233.1 219.8 200.4 190.5 164.3 151.4 172.3 203.5 223.7 231.6 237.7 246.1 250.6 256.5 262.8 267.7 271.5 277.3 277.4 280 281.9 286.3 289.3 290.6 289.9 295 302.5
84.5 121.5 157.5 149.5 130.9 127.7 131.1 134.7 139.8 147.2 167.6 202.5 250 290.8 298.6 287.2 265.8 257.2 272.8 273.3 255.1 249.7 245.4 240.6 233.9 218.5 211.6 210.8 204.4 208.5 226.6 251.4 271.6 279.6 278.8 269.7 248.1 257.9 260.9 276.5 287.4 285.6 280.7 269.3 264.4 255.7 253.3 250 253.9 259.6 248.6 233.6 235.3 247.7 241.8 249.2 251.7 246.7 239.4 231.1 209.7 185.9 145.2 140.6 155 175 201.1 220.6 225.5 231.8 239.4 246.9 254.4 257.1 260.5 261.8 269.6 274.5 279.9 281.3 284.1 286.9 290.6 294.9 295.9 299.8
96.9 134.4 141.6 148.1 126.1 125.3 127.3 131 139 151.9 171.8 198.8 250.1 277.4 295.8 292.5 273.9 268.5 281.7 283.5 263.9 257.1 247.2 244.6 239.2 241.3 237.9 239.7 227.4 223.2 240 269.9 275.3 286.1 288.3 281.5 266.9 269.3 267.9 277.8 273.9 275.2 274.1 264.5 265.1 265.3 258.4 252.3 249.9 249.2 243.8 236.5 231.1 228.3 231.7 244.7 250.6 244.7 232.7 214.8 195.4 166.4 151.8 134.3 160.6 181.8 198.5 211 218.1 224.2 230.8 241.8 249.1 251 254 256.7 265.3 272.2 280.8 284.1 285.8 292.2 296.4 298.4 298.7 296.7
109.9 141.4 138.4 125.1 121.8 122.4 123.7 127.1 142.4 156.9 175.1 212.6 245.6 273.7 288 294.6 288.6 274.7 287.9 289.4 268 263.3 253.1 241.4 241.7 247.2 254.8 249.1 239.8 241.8 253 275.6 287.5 282.7 286.1 283.5 274.8 279 278.9 273.2 263.8 263.1 262.8 259.5 259.8 265.5 257 254.8 256.4 252.6 246.8 239.1 237.7 222.7 219.1 230 233.5 225.6 212.6 191.1 171.1 157.7 144.5 131.1 155.4 185.3 196.6 207.2 215.5 218.2 222.6 232.3 239.8 243.9 248.8 253 259.5 266.5 273.4 277.7 283.2 291.4 298.5 296.6 296.7 295.7
112.6 126.6 119.8 115.9 116 117.1 120.3 129.6 157.1 167.9 188.4 216 243.7 268.9 278.8 297.7 297.4 283.6 291.8 296.1 275.3 258.7 245.2 241.4 244.9 249.1 256.1 253.6 254.7 262.7 275.2 285.3 287.6 282.6 274.7 268.6 267.9 264.6 265.2 257.2 256.2 263.2 260.2 256.4 250.3 252.2 250.4 247.9 250.7 253.9 247.5 234.3 238.1 227 220 211.5 210.2 198.4 183.1 167.8 157.8 148.3 140.6 129.4 148.1 174.9 189 196.6 207.3 210.3 217.6 225 232.6 238.7 244.9 249.8 255.2 261.6 268.1 271.7 279.8 287.2 291.1 293.4 295.9 296.4
116.4 105.4 105 107.4 107.9 111.1 121.6 142.5 167.1 183.3 195.7 215.7 241.8 264.1 274.7 292.4 308.2 298.9 300.4 294.7 275.5 258.4 246.4 250 248 255.1 259.9 263.8 270.5 284 298.6 293.5 282.8 277.2 269.3 254.3 258.5 252.5 245.3 244.6 244.8 255 261.7 259.7 238.7 241.4 244 245.5 251 254.5 244.7 230.8 225.4 226.4 217.8 202.2 181.6 179.8 175.2 166 147 137.9 127.3 126.8 139.6 152.8 166.8 178.5 187 194.2 212.2 220 227 234.9 240.3 247.5 253.8 260.1 266.7 273.9 281.6 286.4 287.9 289.9 292.3 292.6
106.7 97.5 95.5 97.6 107.2 120.4 130 151.3 166 181.9 198.6 230.4 257.4 265.7 270.8 300.5 308 303.6 303.2 289.9 271.1 261.5 251.2 255.7 259.7 267.2 277.2 283.3 277.2 283 286.8 284.5 283.6 262.9 252.4 246.5 251.6 248.9 241.5 239.6 240.2 243.5 246.5 249 237.1 236.5 241.1 242.2 250.5 251.9 243.6 230.1 214.4 213.2 204.8 188.1 171.9 173.2 174.6 154.9 144.5 135 117.1 117.9 125.5 138.4 146.6 154.6 169.4 176.5 186.4 203.1 216.4 227.1 234.6 240.9 249.6 255.7 264.4 270.9 278.8 284.2 285.4 287.3 289.7 292.6
100.1 95.5 95.5 95.5 112.7 126.6 142.8 162.2 163.7 188.9 219.2 249.7 263.1 271.9 282.2 294.9 302.6 304.5 307.6 294.4 270.4 256.6 257.5 266.5 276.3 287.9 289.5 290 278.1 281.1 280.6 277.4 273.3 269 245.8 245.8 243.7 239.3 236.8 237.5 238.9 237.1 233.6 235.5 229.4 230.9 237.2 241 245 248.1 237.3 219.6 200.8 202.4 195.4 179.1 166.7 171.5 164.7 153.8 152.3 146.1 130.6 116.7 112.6 119 126.1 136.3 147.4 153.2 161.8 178.3 194 204.5 216.1 228 236.8 244 251.1 263.4 272.3 276.3 278.8 282.6 288.8 291.8
95.5 95.5 95.5 106.8 117.8 130.9 152.5 161 162.3 218.1 242.3 256.4 267.1 276.1 279.7 293.6 298.8 300.8 305.1 293.5 269.4 262.7 267.3 270.3 283.7 289.6 290.3 289 277.7 276.4 269.8 261.1 265 277.1 257.2 247.1 243.1 235 227 230 233.9 233 233.9 231.1 225.7 230.1 235 239.2 239.5 241 226.2 203.4 195.7 188.5 180.3 172.9 166.2 166.4 162.4 157.5 151 148.2 140 123.5 107.1 111.8 121.5 128.9 136.6 140.1 150.5 158.7 173.9 183.6 198.1 213.6 221.7 229.1 240.8 252.7 263.7 270.7 273.5 281.1 286 288.3
101.9 99.5 109.7 124.5 124.7 137.2 152 159.6 175.5 213.3 239 249.5 262.1 273.1 280 286.8 288.6 291.4 294.8 289 268.4 266.1 267.4 267.1 283.1 287.3 284.6 277.8 265.9 257 257 257 269.4 279 267.1 242.3 238.1 222.6 224.2 230 236.1 232.7 233.3 232 224.5 224.4 227.5 233.5 231.2 234 216.5 188.6 177.3 174.6 178.8 174.1 168.4 168.9 169.9 159.4 151.2 145.4 142.8 129.9 109.5 105.5 116.8 124.7 129 136.2 142 147.5 157.8 166.9 179.5 195.1 199.8 207.2 224.6 236.5 249.2 257.4 261.5 272.8 281.1 285
106.3 128.3 136.7 130.9 136.9 145.3 164.9 167.3 190.4 226.4 240.4 246.2 254.9 264.7 271 274.6 286.5 297.8 292 287.4 267.8 257.8 251.1 251 263.8 265 260.6 260.6 257 265.2 269.4 266.2 264.7 257 253.4 239.9 228.5 222.6 225.7 235.3 237.7 227.5 226.7 234.3 225.9 215.7 214.5 218.1 219.7 206.3 192 176 164 160.1 165.5 165.8 171.4 167.9 168.6 167.8 145.2 138.4 139.5 130.2 116.8 101.8 111.5 122.8 128.1 133.6 139.8 142 147.1 154.8 160.3 172.3 180.1 190.3 205.4 224 239.9 250 258.6 266.2 271 273.2
109.9 151.9 145.9 156.8 148.8 157.5 173.4 201.7 201.5 214.6 229.5 237.4 252.9 254.2 263.5 270.3 277.7 289 288.6 281 267 255.2 245.8 240.3 246.4 256.2 252.7 256.1 255.5 259.7 259.8 259.5 258 250.6 240.4 230.3 228.2 229.6 226.5 237.3 237.2 229 222 225.3 231.2 205.9 199.8 196.5 198.9 185.9 184.8 173.3 160.6 149.5 151.5 148.1 163 164.2 162.7 164.1 145.2 132.7 134.6 131.8 112.8 102.8 105.5 117.2 125.9 131.9 134.5 136.1 139.6 143 151.3 163.8 172.1 182.8 196.4 211.7 228.4 245 252.4 260.3 265.5 266.9
133.5 151.8 148 155.3 153.5 161.6 188.2 205.5 215.3 229.7 251.1 246.9 249.2 245 259.9 273.2 267.8 271.3 283.1 267.1 253 245.5 236.8 231.7 236.1 243.2 254.1 251.7 248.6 242.2 246.7 248.8 243.7 228 228.5 228.7 230.1 221.9 225.3 226.7 225.8 228.6 225.5 220.6 211.7 200.9 183.6 179.3 175.4 178.9 178.5 168.5 157 140.7 138.7 138.7 150.1 157.3 153.3 157.4 145.7 126.5 126.5 127.8 110.7 101.2 102.9 117 120.8 127 131.9 135.4 138.6 142 150.2 159.4 169.4 179.2 189.4 203.2 221.2 229 236.4 245.8 254.3 258.1
147.5 143.7 145.9 148.4 159.5 178.8 196.3 207.6 219.9 228.6 242.1 248.1 240.1 244.5 245.7 249 248.9 249.9 267.6 279.5 260.5 249.3 237 227.5 230.1 237.1 245.7 262.9 254 233.8 230 223.6 219.4 227.3 234.5 233.5 222.1 219 218.2 229 231.4 226.1 218.5 211.8 215.1 202 175.2 163.6 154.4 162.4 164 153.8 145.3 136.6 135.2 135.5 138.2 143.9 149.1 147.7 136.9 120.5 121 118 107.1 94.8 99.1 110 116.6 121.4 127.6 132.8 137.1 140.3 148.6 158.2 166.6 175.1 186.1 203.8 213.9 217 220.2 227.5 232.2 233.2
130.1 137 151.8 164.5 178.9 214 226.5 221.6 218.3 221.3 228.1 233.6 234.7 233.4 229.6 230 232 236.6 260 266 265.9 256.2 242.9 228.3 224.4 236.3 240.6 243.7 252.4 230.5 210.9 208.6 216.5 224.7 227.8 226.8 214.7 215.1 207.5 205.2 208.5 205.5 197.2 198.3 208.4 203.1 169 143.8 133.8 139.6 144.8 138.7 133.9 134.2 134.9 131.6 130.3 131.3 135.5 134.8 128.1 115.6 113.6 107.9 96 91.7 94.9 103.3 110.8 117.9 125.1 129.4 136 143.2 150.3 157.8 166 176 187.1 194.6 201.9 208.1 210.4 212.8 214.6 218
134.8 164.8 175.7 185.9 195.5 228.8 231.1 229.8 225.6 227.4 230 221.6 225 218.9 216.1 213.6 224.6 233.1 243.3 246.5 255.3 253.1 241.3 226.8 218 225.6 240.4 237.1 231.7 217.1 205.9 204.8 211.4 215.2 216.1 211.2 206.3 205.7 200.6 194 193.1 195.9 190.6 179.1 184.6 180 157.2 131.1 124.5 128.3 131.8 135.8 131.7 129.2 130.3 129.3 129.2 130.6 128.6 122.1 115.5 106.6 104.3 97.8 90.2 89.9 90.3 95.5 103 113.9 121.1 126.4 131 138.7 151 160.5 167.7 170.6 175.4 178.3 185.5 187 194.2 201.8 204 206
144.5 175 182.3 188.2 208.4 229.1 235.5 226.3 222.2 222.9 219.8 216.1 207.1 197.3 195.4 202.1 216.3 223.7 230.2 236.3 232.8 238.7 234.2 223.3 215.8 216.6 220.9 228.5 218.3 206.3 201.5 192.5 192.6 194.2 196.4 198 202.6 202.1 198.8 195.1 183.9 178.2 173.3 161.6 150.9 139.6 131.7 123.2 124.4 125.6 132.4 131 129 125.6 126 127.5 129.8 132.2 132.1 117.1 102.8 95.9 92 90.7 87.7 87 88.1 88 95.7 108.3 115.5 120.5 125.7 130.8 139.2 153.4 168.8 156.8 155.9 158.7 159.8 162.4 166.7 178 186.2 190.8
154.2 177.3 186.8 186.5 197.7 210 222.8 214.1 205.6 206.4 207.2 211.9 196.9 191.8 191.1 192.9 202.5 214.6 223.4 226.7 224.7 216.8 219.4 222.4 211.9 209.1 210.7 206.6 197.5 198.5 192.2 186.9 186.2 190.7 197.6 208.5 210 207.1 202.5 199 184 165.9 156.6 142 128.9 121.2 116.5 112.3 115.8 123.9 125.8 126.4 124.2 122.8 124 127.2 129.3 132 130.9 108 96.5 92.7 91.9 85.8 85.5 85.1 85.6 85.4 87.3 99.9 111.8 118.3 125.5 130.9 131.3 131.8 140 142.9 146.5 148.1 147.6 150.4 157.5 158 166.5 172.8
162.5 169.5 170.1 170.8 185.2 190 199.1 196.5 187 188.6 198.2 197.2 185.5 200.5 194.3 191.3 192.7 207.1 220.2 215.9 209.6 208.9 205.3 205.2 208.9 204 200 190.3 187.1 186.8 188.6 190.9 188.5 187.9 199.6 206.1 203.6 205.4 201.6 193.8 181.6 164.9 141.4 125.2 115.1 110.8 109.6 109.6 114.4 112.6 111.8 111.5 111.2 117.8 121.2 124.2 127.2 126.8 109.5 96.1 89.8 87.8 94 87.7 83.4 82.7 82.8 84.3 84 86.1 97.7 110.6 120.5 125.8 125.2 122.2 118.9 122.7 132.8 130.7 132.7 133.1 133 134.3 137.6 154.4
