public/OST50/NG85.asc
ncols 200
nrows 200
xllcorner 180000
yllcorner 850000
cellsize 50
[rows 117 to 155 of 200, columns 86 to 171 of 200]
50.5 42.1 33.5 23.2 20.5 19.4 20.4 17.8 10.7 8.3 12.6 13.6 14.1 14.9 16.2 17.5 20.3 26.7 28.8 30.8 32.3 35.1 39.5 44.6 47 47.1 47.1 51.5 51.3 59.7 67.2 77.3 84.2 89.4 93 90.3 82.9 83.8 91.1 93.8 93.2 89.2 95.1 103.1 111.6 119.9 120.4 117.4 117.1 114.5 113.8 115.8 115.1 120.3 121.2 124.3 128.9 133.1 137 144.4 158.1 165.6 153.6 139.8 130.4 125.3 120.2 114.9 105.6 104.3 95 88.7 85.1 81.5 76.4 74.1 68.5 63.9 56.4 54.4 50.7 50.5 49.2 49.1 48.9 46.6
49.3 39.7 33.9 24.7 20.1 20.4 20.6 20.6 9.5 11.3 12.3 13.7 14.5 15.7 17 17.6 19.6 22.2 26.3 30.6 36.1 38.3 36.4 38.4 42 43.8 47.7 52.9 56 61.7 77.8 86.1 96.1 100.5 104 107 107.1 102.4 106.8 114.1 114.3 104.9 106.6 114.4 121.1 125.9 127.3 124.8 125.8 130.8 138.9 145.8 148.1 152.2 151.3 146.4 149.2 150.1 158.9 170.9 175.3 177.7 169.6 155.2 139.2 141.8 131.3 117.1 116.2 118.1 103 95.1 96.5 98.6 97.5 100 86.8 81.4 79.7 80.5 74.2 71.2 60.9 61.1 61.9 58.2
44.2 34.6 27.1 22.6 21.5 21.4 21.5 21.6 11.3 12 12.3 14 14.7 17.3 17.1 17.6 22.3 24 26.6 30.3 37.7 41.8 38 37.6 40.1 41.8 43.4 47.4 56.2 64.4 78 87.3 97.1 105.6 107.9 115.3 125 125.1 118.6 119.5 122.9 128.1 137.5 145.1 146.3 146.5 147.3 146.7 145.4 150.8 159.6 164.2 165.4 165.1 168.9 171.6 175.6 177.9 179.8 182.6 185.6 182.1 178.7 169.5 156.8 154.6 138.8 134 123.7 117.6 105.6 105.3 108.7 110.6 108.4 109.9 107.7 100 91 89.9 86.8 79.2 72.7 73 68.2 63.6
42.2 33.8 24.3 22.9 22.7 22.4 22.4 22 10.6 12.8 13.3 15.2 15.9 18.3 18.2 20.1 29.5 34.9 40.4 41.9 47.5 46.1 46.3 42.6 42.4 43 42.4 43.4 50.8 62.1 74.2 85.7 94 104.8 116.9 126.8 134.4 134.2 142 143.9 151.3 167.4 173.9 169.7 164.5 168.2 178.6 182.3 172.2 162.6 165.1 172.3 175.2 181 182.8 182.8 185.9 191.8 195.5 194.1 193.4 188.5 182.7 182.9 167.1 159.6 158.9 150.1 136.4 118.9 117.4 120.6 121.9 119.1 113.7 113.9 115.1 113.1 103.5 100.2 94.3 89.1 83.5 82.2 76.3 71.5
45 35.8 27.6 23.9 23.6 23.5 23.3 23 21.5 12.6 14.9 16.8 19.9 20 19.3 23.1 34.8 40 45.6 51.4 54.9 51.3 44.7 45.9 47.8 47.3 43.1 43 47.6 60.7 74.4 88.1 100.2 113 125.3 138.8 152.6 170.6 179.1 177.4 178.4 178.6 179.7 181.1 185.1 196.3 202.4 200.8 195.9 184.5 174.5 181.8 187.3 199.2 196.6 204.1 205.7 201.6 202.3 205.5 201.6 198.9 190.4 187 174.8 174.8 168 158.3 148.9 137.7 130.4 132.3 135.8 135.9 130.4 128.3 120.1 118 116.5 113.6 104.6 101 102.1 96.4 87.6 80.1
46.6 36.9 31.5 27 24.9 24.1 24.3 23.5 22.8 23.8 23.2 15 21.7 21.3 22.9 26.2 36.9 43.7 49.9 56.5 57.4 55.1 46.4 46.5 49.1 48.5 44.8 45.3 52.9 63.8 80.7 95.1 108.8 127.8 144.3 161.8 183.7 201.3 202.9 198.2 197.4 196.6 198.2 209.5 215.2 210.1 213.2 214.7 205.7 200.8 194.7 192.1 204.2 211.2 210.5 211.8 217.2 214.3 208.3 206.9 206.8 201.1 192.6 187.8 180.7 177.9 178.3 179.7 168.9 164.8 162 146.9 151.8 148.8 144.8 143.5 137.4 133.6 126.6 118.5 111.7 109.3 107.2 103.7 94.3 85
51.7 40.3 33 27.4 25.2 25.1 25.3 24.2 24.8 26.6 25.5 20.4 17.9 26.7 29.3 30.2 38.5 48.3 57 62.8 59.4 55.9 48.9 47.4 48.6 49.8 48.3 52.1 60.2 73.7 91.1 108.6 124.7 145.2 171.4 195.1 209.9 220.8 219 207.4 209.5 217 224.5 231.6 235.8 235.6 225 220.4 218.4 218.5 218 211.9 208.7 216 215.2 212.6 216.6 218.9 217.9 214.6 205.2 202.5 200.9 191.7 188.5 190.8 191.8 188 186.7 185.3 182.8 172.1 171.6 168 164.1 159.3 154.9 147.8 139 129.1 123.6 120.2 114.9 106.2 95.3 80.5
54 47.3 35.3 28.5 26.2 26.3 26.1 25.7 26.7 30.4 27.8 27 24.9 33.2 42.8 40.4 46.7 54.4 62.7 68.4 63.1 56.9 51.1 48.2 49.1 50.5 50.8 55.4 61.9 77.1 95.8 117.8 139.2 163.8 188 210.3 222.7 223 219.4 219.3 230.4 238.7 251.1 264.5 267.1 259.9 246.3 235 232.5 237 238.3 232.4 220.6 217.3 220.9 218.4 216.5 217.4 219.1 216.8 209.3 203.1 202.3 210.7 213.2 205.8 206.1 204 208.7 206.8 200.1 193 187 188.2 182.6 174.3 168.5 159.6 150.6 142.6 138.5 135.1 122.4 111.4 91 73.1
45.8 43.5 35.7 29.8 28 27.6 27.2 26.7 28 29.5 29.9 30 28.7 26.9 48.5 53 55.1 61.4 65.9 74.5 67.4 60.9 52.3 50.9 51 53.6 53.8 59.8 69.5 83.1 98.9 119.6 143.5 165.8 192.1 212.3 220.3 231.9 232.7 236.3 245.4 260 265.6 267.2 265 264.9 262.1 252.1 246.3 244.7 244.6 246.5 237.5 225.7 222.5 221.4 219.4 217.5 216.1 212.5 208.2 210 218.4 226.8 227.6 225.7 217.9 219.3 227.3 225.9 222.9 213.1 204.1 199.2 193.6 185.4 178.3 170.7 163.9 157.7 150 145.1 128.9 106.1 84.6 100.4
48.2 39 40.2 35 33.4 30.6 30 28.2 31.9 31.5 32.7 32.5 30.6 32.5 38.1 55.4 59.4 63 66 71.1 69.7 65.5 54.8 51.5 52.2 57.4 61.6 65.1 70.6 85.2 101.6 118.3 133.3 157.4 183.7 204 217 230.6 237.7 245.1 259.6 261.6 259.7 264.7 266.2 267.5 265.5 259 256.1 258.5 265.2 266.6 255.2 246.2 235.1 230.4 230.8 225.4 218 214.5 216.3 219 226.2 233.9 239.7 238.8 231.5 235 242.7 236.9 235.9 227.3 220.1 217.9 205.2 197.5 190.3 180.2 172.8 166.2 153.8 141.3 121.7 93.2 112.6 120.3
51.4 39.7 38.2 38.8 39.8 37.6 38.5 33.8 34.6 36.8 36.4 35.8 32.7 36 35.3 49.9 56.7 64.3 68.6 70.9 70.6 69.9 58.8 51.8 57.3 65.5 69.1 74 72.9 83.4 99.7 114.9 122.2 144.3 166.4 185.3 201.3 215.7 229 247.9 259.8 263.6 266.1 274.5 289.6 291.4 282 272.9 274.1 285.5 299.1 299.5 286.3 275.9 263.7 243.3 236.3 230.3 224.7 228.1 232.1 237.6 250.8 258.3 256.7 243.4 238.1 237.6 252.7 250.7 242.3 236.2 228 222 218.4 210.8 195.6 187.5 178.3 170.2 155.7 139.5 121.5 101.5 131.3 142.5
51.9 43.5 39.8 38.7 41 46 48.2 42.4 39.8 40.4 39.7 42.1 41 39.6 40.5 44.7 57 60.2 72.9 75.7 74.5 71.7 58.6 55.6 58.5 69.2 77.6 82.8 81.1 82 93.9 106.8 116.6 130.5 147.4 163.8 181.6 200.6 218.8 241.7 258 267.6 285.9 305.5 307.5 304.8 303.3 298.7 300.5 310.9 311.7 311.9 302.8 291.7 282.4 259.8 247.2 238.9 235.9 238.3 244.2 250.5 270.1 273.3 274.6 270.3 255.4 245.8 251.7 255.5 251.5 248.6 237.7 228.7 220.9 213.8 202.7 192.1 182.4 177.4 167.5 149.4 142.1 106.6 152.1 162.9
56.4 52.3 47.4 47.4 45.3 47.4 49.8 43 41.5 41.4 42.5 43.6 47.5 41.2 43.9 38.8 53.6 63.6 71.2 78.9 80.3 75 66.1 60.8 64.4 68.9 78.4 84.5 82.7 82.2 89 103.7 117.1 130.4 139.5 151.2 169.4 188.3 212.7 237.2 257.8 280.2 304.3 320.4 336.1 331.7 325.3 314.2 320.1 325.5 322 321.7 313.9 302.5 288 268.7 261 255.5 248.3 249 254.8 273.7 273.6 280.3 283.3 283.4 274.4 269 265.3 264.2 261.8 259.3 251.1 240.9 228.9 219.5 208.6 198.7 191.2 189.8 178 160.9 156.3 118.6 171.1 180.6
60.1 58.3 56.4 56.9 55 47.4 46.8 46.8 44.4 42.4 42.5 42.8 46.8 43.2 43.7 41.6 46.3 55.7 65.5 73.2 78.2 76.5 68.6 63.6 67.4 73.7 76.2 80.8 82 84 89.9 102.8 118.7 133.1 136 143.9 163.1 184 210.1 237 263.5 292.9 321.5 347.9 351.6 350.5 350.3 333.8 330.5 331 331 327.2 322.6 312.6 294.5 280.8 276.4 272.3 265.7 264.2 268.3 278.4 280.3 292.7 294.4 295.1 290 287.5 287.4 281.4 279.4 268.8 261.1 252.5 240.5 227.1 214.8 207.3 202.6 200.7 186 174.8 173.7 151.6 179.8 188.2
66.3 64.3 67 68.5 68.3 59.3 53.5 50 50.8 44.6 42.9 43.8 48.9 48.7 43.5 42.4 42.8 48.1 59.7 68.7 71.4 70.3 65.4 64.5 70 78.2 81.6 79.5 81.6 83.6 89.8 101.2 115.6 128.5 132.5 140.7 162.2 182.9 207.1 237.8 276 314.9 346 361 373 381.1 385.3 364.2 347.8 338.4 335.4 332.3 326.7 315 304.7 296.7 294.9 293.5 286.8 281.3 279.1 283.8 291.1 306.3 308.1 307.4 301.2 308.8 300.3 295.4 297.4 291.6 272.6 256.9 244.2 232.3 223.4 221.2 214.3 207.2 190.5 188.2 159.2 168.7 189 192.5
72.8 73.4 77.8 81.8 81 74 66.2 63 55.6 48.3 43.7 44.2 47.2 56.8 45.1 42.8 40.5 44.5 54.8 67.3 66.4 62.3 62.5 66.5 73.7 80.6 85.8 82.5 82.2 83.6 93.2 104.3 113.8 126 134 146.2 163.9 181.8 209.3 250.9 296.6 329.6 356.7 385.5 397.5 389 384.5 375.7 370.1 356.1 351.4 348.5 332.1 323.8 322.2 323.9 324.4 317.5 310.7 313.5 299.3 296.3 314.5 318.3 320.3 324.5 318.5 321.5 316.3 306.5 301.6 298 285 264 248 239.2 234.5 233.4 224.1 213.2 198.7 196 160.5 192.3 196 199.4
85 84.2 91.2 95.8 94.3 91.2 83.5 75.1 64.3 48 44.3 44.3 44.4 48.3 45 42.9 40.5 40.5 47.9 64.3 61 58.8 60.4 67.8 73.4 82.4 85.7 85.2 88.3 91.8 97.6 107.2 113.9 121.9 131.2 143.3 159.4 178.4 208.6 265.4 303.2 335.5 364.2 397.5 402.6 400.7 395.2 385.7 380 371.3 358.6 351.3 347.8 349.4 346.8 343.3 339.2 337.6 327.4 325.8 320.5 317.1 330.5 331.8 332.2 330.3 329.6 327.3 325.3 321.7 313 299.3 283.6 268.8 252.1 244.6 242.9 237.1 231.2 219.4 211.7 207.7 183.3 192.8 200.9 206.2
99.2 98.3 105.1 108.8 116.1 117.8 104.3 87.3 73.4 52 44.2 44.3 44.8 44.4 45.2 43.8 40.5 40.5 40.5 55.1 56.4 56.1 57.4 64.7 72.9 77.4 79.8 87.8 91.1 93.1 96.7 106.1 112.7 119.5 128.4 141.2 153.7 179.8 212.2 269.6 302.8 332.1 367.7 399.5 407.3 407.9 397.5 392.4 388.4 372.5 360.8 363.4 369.7 371.5 370.4 368 369.4 357.7 345.3 338.4 332.9 329.2 332.4 338.9 338.4 335 332.8 330.5 326.4 325.1 314.5 304 284.5 264.4 252.1 250.3 246.4 241.5 239.4 227.6 228.6 219.4 206.4 198.7 206.6 214.9
116.4 113.1 121.3 122.3 129.6 130.6 133.4 103.7 78 55.8 47.1 44.2 42.9 45.2 47.4 46.8 41.3 40.5 40.5 45.3 51.8 53.3 56.1 63.6 72.1 74.7 77.3 86.6 92 90.3 92.6 100.4 109.1 118.4 128.5 137.3 155 180.2 213.5 274.1 299.1 327.8 368.4 396.8 416.1 417.1 405.2 397.3 394.5 381.5 376 386.4 395.1 404.8 388.1 379.4 383.7 375.4 361.5 355.4 348.4 338.9 335.4 340.6 342.3 341.5 342.8 343.8 332.7 317.1 309 293.8 272.8 260.8 255.6 252.1 248.2 247 240.9 239.7 237.6 225.7 215.8 203.9 212.6 218.6
137.8 129 139.2 133.1 136.7 136.8 134.1 112.9 85 68.5 56.1 40.5 40.5 40.7 46.2 43.4 40.5 40.5 40.5 41.3 45.7 50.1 54.8 60.1 68.2 72 74.5 83.9 88.7 88.5 90.6 97.5 105.6 114.5 125.4 135 155.5 179.4 211.8 272.8 294.8 326.6 363 384.8 412.9 421.1 411.6 398.4 397.6 392.3 405.7 420.4 425.3 415.8 416.4 409.8 393.7 389.6 378.4 368.9 365.8 360.5 360.1 356.5 344.8 337.6 345.2 342.8 331.3 315.2 299.7 283.8 272.8 266 257.7 252.7 249.2 247.8 244.7 245.5 243.3 232 224.5 212.7 215.5 223.6
159.1 146 147.2 135.3 134.5 134 133.9 114.4 96.9 77.3 65.3 48.6 40.5 40.5 40.5 40.5 40.5 40.5 40.5 40.5 44.4 48.7 56.2 59.5 64.4 66.7 68.9 78.7 83.4 86.2 88.9 91.5 100.4 109.8 120.4 134.7 155.8 178.2 211.6 263.9 290.7 325.8 356.3 372.5 397.9 417.2 415.1 404.5 403.6 412.2 428.7 457.3 460.1 449.4 430.7 424 415.6 400.9 400.5 398.1 391.1 380.3 374.3 373 359.7 342.5 335.4 334.8 325.5 306.6 290.7 289.8 279.8 275.3 267.5 256.5 249.8 247.5 245.5 246.8 246.3 239.6 229.2 220.3 215.2 225.6
168.5 160.5 154.2 136.1 138.3 140.8 121 107.6 98.3 83.4 70.9 53.3 40.5 40.5 40.5 40.5 40.5 40.5 40.5 40.5 44.9 49.3 53.5 55.6 57.9 60.8 66.2 74 79.4 85.7 86.7 88.5 97.2 105.7 115.5 132.8 155 177.6 210.3 261.6 279.7 313.7 343.1 359.7 384.5 404.8 413.9 417.1 423 433.8 458.5 478 480.3 477.5 468.6 443.6 429 419 407.3 405 405 396.7 388.5 386 378.6 353.2 333.8 329.5 319.1 310.9 308.3 301.6 290.5 277.7 272.8 264.9 255.6 250.7 248.9 248.2 248.2 241.2 233.1 220.3 221.1 230.8
187 177 159.3 142.7 133.8 129.5 116.8 103.6 102.8 83.7 70.1 55.6 40.5 40.5 40.5 40.5 40.5 40.5 40.5 40.5 40.5 45.3 47.8 50.5 53.7 55.5 63.4 70.4 74.9 81.8 82.8 82.5 93.7 101.9 111.1 132.1 154.9 174.2 203.6 252.9 267.5 296.6 327.9 345.4 366.3 390.3 410.8 430.1 436 446.9 472.9 496 501 486.1 478.6 467.4 447 433.9 427.3 422.1 412.7 406.9 396.2 388.8 381.1 366.6 340.8 333.9 329.4 324.8 317.9 311.2 295 284.8 274.3 265.8 260.4 253 256.1 250.7 248.1 242.4 231 216.8 228.8 229.1
187.1 175.4 159.7 146.5 136.6 126.3 113.8 102.8 90.9 79.8 67.8 51 40.5 40.5 40.5 40.5 40.5 40.5 40.5 40.5 40.5 41.7 44.8 47.6 49.2 48.2 56.2 64.5 70.7 74.9 75.8 77.9 87 96.7 106.6 130.6 150.1 169.1 196.2 235.9 256.5 278.3 306.2 333.3 352.5 379.6 429.4 440.9 454.3 469 496.7 511.2 521.3 520.3 511.4 487.9 465.8 451.2 441.5 436.1 429.6 420 409.1 396.9 386.7 365.8 350 346.8 343.1 334.7 327.8 316.3 300.6 292.5 279.9 269.5 260.2 254.5 256.3 253.1 248 240.3 232.1 219.4 236.5 234
194.6 176.3 159.6 143.5 131.2 121.8 111.8 96.6 83.5 69.4 57.9 46.1 40.5 40.5 40.5 40.5 40.5 40.5 40.5 40.5 40.5 40.5 42.9 44 41.7 43.5 50.3 56.4 69.8 74.9 72.3 73.7 78.7 89.5 102.6 125.5 145.5 164.2 187.7 222.2 246.4 263.5 286.1 316.8 348.1 392.8 425.5 446.2 466.2 503.9 535.4 547.1 547.3 548.7 540.9 521.5 509.4 478.2 455.5 455.6 444.8 433.8 424.2 409.8 393.3 368.7 362.8 358.7 348.7 342.8 330 314.8 306.4 295.4 282.8 270.8 262.5 256.5 256.4 252.7 248.8 240.6 233.7 225.9 230.2 237.3
217.3 188.2 169.2 153.5 132 116.4 104.4 96.2 82.7 61.3 50.2 44.4 40.5 40.5 40.5 40.5 40.5 40.5 40.5 40.5 40.5 40.5 41.8 42.8 40.5 43.4 48.8 51.4 62.3 69.9 68 68.4 73.1 84.6 101.3 119 140.5 157.4 180.8 209.8 234.9 251.8 275.3 303.4 346.1 382.5 417.7 444.6 470.6 512.4 544.7 576.9 589.5 588.2 574.3 559 530.2 512.7 471.5 459.3 456.8 445.8 433.2 416.2 390.1 385.6 371.7 359.3 347.9 343.3 326.8 314.5 307.2 296.9 284.8 277.2 266.8 262.6 261.3 254.8 250.6 244.8 235.4 226.8 231.6 238.6
202.3 180.6 164.3 147.4 131 116.7 98.3 85.8 72.2 59.5 53.6 47.2 41.5 40.5 40.5 40.5 40.5 40.5 40.5 40.5 40.5 40.5 40.5 40.5 40.5 40.7 43 48.2 56.8 62.7 63.2 63.4 70 80.9 98.6 116.3 132.9 151.5 173 196.5 219.1 241.5 267 314 337.9 369.3 402.2 436.1 473.2 517.9 548.6 585.4 623.4 629.6 612.2 602.1 565.4 526 492.9 482.2 460.6 450.7 436.5 411.6 410 401.7 380.4 363.5 350.5 344.5 327 320.8 308.4 299.5 288.4 276.8 271.1 268 261.5 256.1 252.4 246.7 239.9 231.4 229.4 234.6
182.7 167 155.3 141.2 124.7 111.6 95.2 78.1 73.1 70.5 60.7 51.5 44.7 41.5 40.8 44.6 40.5 40.5 40.5 40.5 40.5 40.5 40.5 40.5 40.5 40.5 40.5 44.2 53.2 55.9 56.6 59 64 74.5 94.8 109.6 126 144.1 163.5 186.3 208.3 233.6 263.2 309.6 329.3 361.2 392.4 430.1 478 514.2 549.5 585 645.3 657.7 652.7 627.5 595.1 550.5 512.7 500 480.6 455.9 436.1 431.6 433.8 413.3 393.8 371.8 357.7 351.5 337.7 329.4 317.4 306.9 292 279.5 278.9 275.9 268.8 260.7 257.3 250.7 242 233.8 234 238.2
178.9 158.6 147.5 133.9 120 109 97.8 88.3 77.6 74.9 66.3 56.7 50.5 44.8 44.7 45.9 40.8 40.9 40.5 40.5 40.5 40.5 40.5 40.5 40.5 40.5 40.5 40.5 45.8 48.2 52.9 56.7 59.8 68.9 87.6 103.9 118.6 136.9 156.2 178.2 202 232.2 267.9 303 318.2 357.7 388.1 428.9 477.6 513.6 545.2 585.8 652.7 679.6 671.6 644.1 610 569.3 531.3 514 487.5 459.5 451.6 453.9 450.5 430.6 408.9 387.6 368.7 357.8 351.3 335.6 323.3 311.2 293.8 289.6 285.4 278.9 268.6 264.2 260.7 251.8 245.7 244.9 237.2 238.5
180.2 157.8 143.3 130.6 119.7 109.5 101.7 99.2 89.5 82.1 72.9 63.6 56.4 49.3 46.2 44 42.7 42.1 40.5 40.5 40.5 40.5 40.5 40.5 40.5 40.5 40.5 40.5 42.5 46.5 48.3 51.1 57.3 64.3 79.3 97.7 114.2 130.1 150.1 172.6 205.9 238.8 275.3 298 313.6 347.8 381.4 424.8 476.7 512.7 540.3 592.1 655.1 682.2 684.4 658.2 626.2 586.1 545.2 515.6 494.4 477.5 471.3 467 456.4 443.7 422.6 402.9 384.6 370.9 359.5 342.1 331.9 317.2 304.2 298.6 293.8 284.8 275.6 272.8 263.1 253.3 248.6 245.9 241 239.6
184.6 161.4 144.1 130.6 120.6 111.1 106 101.5 97.6 90.6 80.9 67.3 59.1 51.5 46.2 44.3 42.9 40.9 40.5 40.5 40.5 40.5 40.5 40.5 40.5 40.5 40.5 40.5 40.5 44.4 46.1 49.6 55.2 59 71.8 90.5 107.9 123 146.4 173.7 216.4 243 265.9 290.9 310.7 343.5 380.2 424.7 479.4 505.6 534.1 585.6 641.8 673.4 683 661.6 629.4 586.9 552.1 534.2 530.4 510.3 493.8 489 470.5 456.9 439.9 418.1 398.4 379.5 364 349.9 339 324.6 315.4 311.6 300.9 290 282.2 276 264.5 256 253.1 246.2 243.4 241.2
196 170.5 151.8 137.2 124.4 114.6 107.6 102.4 97.3 92.2 84.9 72.4 61.4 52 47.8 45.2 41.6 40.5 40.5 40.5 40.5 40.5 40.5 40.5 40.5 40.5 40.5 40.5 40.5 40.5 40.7 47.1 52.6 55.3 65.1 84.3 101.6 116.9 146.7 179.5 222.5 241.8 259.6 286 304.2 339.2 388 430 476.7 501.9 526.8 571.2 618.3 657.7 675.6 652.7 626.8 599.1 579.2 566.5 557.1 540.8 526.3 527.2 500.6 479.7 458.9 435.2 413.5 387.4 372.4 363.1 344.6 335.2 328.9 321.9 309.1 300.7 289.9 278.8 267.1 266.3 257 249.7 248.8 251
200.4 179.9 160.1 142.2 130.5 118.1 108 102 97.9 93.2 86.5 74.2 69.3 56.7 49.4 47 40.5 40.5 40.5 40.5 40.5 40.5 40.5 40.5 40.5 40.5 40.5 40.5 40.5 40.5 40.5 45.8 50.5 53 61.3 77.7 91.9 116.7 149.7 178 218.5 235.4 254 282.1 298.2 336.5 386.3 432.4 471.1 498.3 520.7 556.6 596.8 643.9 657.6 633.3 629 625.4 617.2 601.1 591.8 581.3 565.6 559 540.9 507.1 481 455.4 430.7 402.8 384.9 370.4 358.3 349.4 344.8 328.5 317.2 306.7 293.7 281.1 272.2 275.2 266.5 262.2 263.9 262.9
203.9 182.2 164.1 148.2 136.1 124.6 113.7 104 99.3 93.8 86.9 81.6 78.8 65.3 52.8 46.8 41.9 40.5 40.5 40.5 40.5 40.5 40.5 40.5 40.5 40.5 40.5 40.5 40.5 40.5 40.5 40.5 49.2 53.1 57.5 70.2 87.3 115.7 142.9 169.3 203.1 226.1 244.6 275.9 294.6 338.7 386.9 444.8 469.2 490.8 512.8 543.8 584.3 629.8 635.6 616.2 618.1 630.1 641.2 632.9 618.1 614.1 604.4 591.7 568.2 539.4 510.4 483.4 451.7 423.3 400.7 384.8 373.4 363.9 353.9 335.7 322.5 310.9 297.2 286.8 285.3 285.9 284.6 281.5 277.3 274.8
208.8 187.6 172.7 164.2 146.1 130.7 118.4 107.1 100.7 94.9 87.1 87.1 82.7 72.5 58 49.7 45.6 40.5 40.5 40.5 40.5 40.5 40.5 40.5 40.5 40.5 40.5 40.5 40.5 40.5 40.5 40.5 42.7 50.2 54.8 66.2 82.2 106.8 131.2 158.1 184.1 216.6 235.7 265.7 293.3 340.6 382 431.9 461.9 483.9 503.9 530.6 572.1 602.8 599.1 590.1 597 616 631.8 647.3 652.5 644.3 640.7 625.2 594.4 566.3 539.1 507.8 472.2 439.8 416.5 397.8 386.6 377.8 363.1 342.8 335.7 318.9 305.2 301.6 299.7 298.2 295.2 293.3 287.8 289.6
215.3 196.7 180.9 169.5 155.3 136 120 109.7 101.7 96.9 90.2 88.8 83.6 75.5 65.7 57.8 49.5 40.5 40.5 40.5 40.5 40.5 40.5 40.5 40.5 40.5 40.5 40.5 40.5 40.5 40.5 40.5 40.5 42.2 51.7 62.5 75.5 94.3 120.9 146.8 168.2 198.9 224.1 254.9 292.4 338.8 376.2 416 446.7 473.8 490.8 515.8 548 576.4 568.2 560.3 573 597.5 622.4 646.4 658.7 660.9 658.7 640.2 607 577.9 548.1 518.3 486.4 456.6 428.1 411.3 397.6 386.4 364.4 355.2 343 327.7 319.2 316.2 312.9 308.2 305 301.3 299.5 295.4
219.6 200.8 185.6 173.2 164.4 143.7 125.7 114.8 103.9 98.5 95.7 95.4 89.8 76.9 69.3 62.7 54.1 47.2 40.5 40.5 40.5 40.5 40.5 40.5 40.5 40.5 40.5 40.5 40.5 40.5 40.5 40.5 40.5 40.5 46.7 61.4 71.6 85.2 107.9 132.9 156.6 183.4 214.2 244.8 287.2 329.6 367.1 399.6 429.6 458.7 473.6 494.8 521.4 540.8 538.6 534.5 550.8 574.6 604.8 636.8 653.9 666.7 668.3 639.6 608.9 576.8 547.5 520.8 491 460 437.2 422.1 406 385.6 380.7 365.9 352.9 343.8 336.1 331.9 326.7 320.8 314.1 308.2 306.7 303.2
219.5 204.6 196.5 179.8 162.8 150.3 132.7 120.4 107.8 103.5 99.5 96.9 92.5 78.1 70.9 63.5 55.7 51.7 41 40.5 40.5 40.5 40.5 40.5 40.5 40.5 40.5 40.5 40.5 40.5 40.5 40.5 40.5 40.5 41.5 57.8 69.7 77.4 96.1 117.2 144.5 169.2 204 241.5 274.5 312.1 352 382.9 413.8 436.7 454.4 471.2 490.9 509.4 511.3 510.4 526.9 553.8 587.7 625.2 649.8 666.9 666.3 635.5 608.4 576.7 548.4 522.5 492 462.7 444 427.6 407.6 405.8 395 384.4 374.2 363.4 354.6 348.4 340.5 332 323.2 317.4 313.8 313.6
234 213.6 206.1 194.2 176.6 161.6 143.2 129.9 117.5 109.8 103 98.9 91.9 85.1 78.5 68.8 57.8 50.7 44.4 40.5 40.5 40.5 40.5 40.5 40.5 40.5 40.5 40.5 40.5 40.5 40.5 40.5 40.5 40.5 40.5 51.8 63.6 69.9 86 106 134.7 157 189.7 222.9 258 292.9 329 364.5 391.1 418.2 434.5 447.9 466.3 483.3 485 487.5 505.7 533.6 566.3 616.2 636.8 665.6 661.1 632.3 605.8 575.5 549.3 520.7 489.8 463.9 450.7 434.1 427.9 425.3 419.1 409.5 397 383.4 374.9 363.8 354.3 344.9 335.5 327.7 323.9 323.1
