public/OST50/NG86.asc
ncols 200
nrows 200
xllcorner 180000
yllcorner 860000
cellsize 50
[rows 0 to 34 of 200, columns 78 to 155 of 200]
131.9 124.5 122.5 114 109.5 109.5 109.5 109.5 109.5 109.5 109.5 109.5 109.5 109.5 109.5 109.5 109.5 109.5 110.9 113.2 115.5 118.3 121.9 128 142.4 158.9 167.3 175.8 189.4 199.2 208.5 212.9 207.7 209.5 213.9 207.5 206.3 208.7 209.6 206.2 192 182.9 174.8 165.1 158.4 151 151.7 153 153.7 155.5 158.4 157.1 165.3 169.6 177.5 176.4 185.2 185.4 192.8 218.9 267.8 291.7 310.7 301.3 275.2 261.9 251.2 241 238.3 256 270 281.9 279.4 280.2 288.3 326.4 330.6 338.9
115.9 109.5 109.5 109.5 109.5 109.5 109.5 109.5 109.5 109.5 109.5 109.5 109.5 109.5 109.5 109.5 109.5 109.5 109.5 115.2 127.2 135.6 138 134.3 140.7 151.8 167.4 182.1 186.4 195.2 201.4 211.9 211.4 213.3 215.3 209.5 203.7 201.1 202.1 198.3 191.2 183.7 175.1 168.5 161.5 156.9 153.5 151.3 151.9 153.4 154.8 156 159.9 170 178.3 172.3 173.7 172.2 187 208.1 231 264.7 281.6 273.4 259.1 248.3 249 240.6 235.2 241.3 252.1 261.9 260.5 265.8 277.3 297.2 317.2 332.6
109.5 109.5 109.5 109.5 109.5 109.5 109.5 109.5 109.5 109.5 109.5 109.5 109.5 114.9 120 117.9 109.7 109.5 109.5 119.2 129.9 139.7 143.1 140.8 145.8 156.4 164.2 178.9 188.6 194.5 197.4 201.8 204.1 204.5 204 198.3 197.2 197.8 192.8 194.8 196.8 189.5 180.4 173.7 168.2 162.3 161 156.9 156.3 152.1 155.8 158.8 158.6 161.6 168.2 167.9 168.3 175 185.6 202.7 219.2 240.5 243.9 237 238.7 237.6 244.3 240.9 235.2 234.8 245 248.8 252.2 257.8 277.1 288.9 306.4 328.9
109.5 109.5 109.5 109.5 109.5 109.5 109.5 109.5 109.5 109.5 109.5 109.5 109.5 118.8 124.7 129.1 130.3 122.9 117.1 121.3 130.6 136.5 139.3 144.3 148.9 147.7 157.5 170 184 194.5 200.8 199.6 199.3 199.1 199.4 197.2 195.9 193.2 190.6 191.1 198.1 192.8 184.2 177.2 172.3 167.4 164.2 161 159.8 157.9 153.5 158.3 156.9 157.9 158.6 161.8 167.5 175 181.7 195.9 206.1 208.5 207.5 205.9 209.7 234.4 237.4 236.9 250.5 241.5 235.9 241.9 248.1 258 286 294.3 304 321.3
109.5 109.5 109.5 109.5 109.5 109.5 109.5 109.5 109.5 109.5 109.5 110 117.1 124.6 131.5 137.4 136.5 133.4 130.1 129.8 134.5 139.3 141.3 146.7 157.4 161.5 158.2 162.1 176.6 186.4 201.1 204.2 199.2 197.5 196.7 194.5 191.3 189.3 188.6 189.8 194.6 197.4 188.3 179.2 174.4 171 168.2 167 165.4 163 159.4 158.7 158.7 160.7 158.3 161.6 164.6 173.3 182.3 191.6 194.5 199.3 205.4 204.2 211.4 223.2 226.1 233.9 248.1 251.2 241.6 234.5 242.9 253.8 276.6 297.2 305.8 316.8
112.9 118.9 120.2 114.5 109.5 109.5 109.5 109.5 109.5 111.8 110.8 117.6 124.5 131.7 135.6 137.8 139 139.6 139.3 139.7 140.8 140.6 147.4 154 163.4 173.1 172 158.2 173.6 181.7 190.4 203.8 201.4 196.8 194.5 191.4 189.7 188 188 190.5 195.3 201.5 193.2 183.1 177.5 173 171.1 170.7 170.9 169.8 167.8 166 164.3 163.2 162.7 166.1 173.7 183.6 196.3 202.3 202 209.2 206.1 206.7 208.9 218.7 226.1 244.1 254.5 249.1 241.1 227.5 237.5 251 271 298.1 309.5 313.3
128.4 134.3 137.3 137.4 126.9 117.2 111.7 111.1 111.4 112.3 113.6 121.6 128.9 134.4 137 138.8 140.7 141.6 143.1 145.4 148.3 151.2 159.5 166.5 165.8 181.5 182.6 169.1 166.4 181.2 184.9 193.3 201.3 196.6 193.3 190.5 188.7 186.8 185.3 188.2 191.4 194.6 193.7 187.1 184.4 180.7 180.3 182.2 181.3 180.9 180.3 179.4 174.9 167.7 165.8 177.6 181.7 187.6 198.6 206.4 215.3 211.8 205.8 203.6 211 225.3 233.8 236.1 250.6 247.9 233.8 220.7 233 252.2 273.3 288.1 302.9 312.1
144.3 143.8 143.6 144 137.1 130 122.6 118.9 113.6 114 115.4 125.5 130.4 134.5 139.1 140.5 143.3 145.6 147.6 151.9 155.3 162 170.4 179.8 182.3 185.9 190.5 180.3 165.8 173.4 184 183.6 193.7 191.8 188.3 185.7 183.1 183.4 182.6 184.3 189.3 190.4 190 189.2 187.5 187 187.4 189.3 189.5 189.6 191 190.2 187.1 180.6 173.4 187.1 188.1 190.6 192.4 201.2 215.2 208.3 202.1 198.9 210.9 218.8 229.3 236.9 241.3 240.6 221 227.9 228.4 244.6 266.4 273.4 291 305.4
153.8 150.8 154.2 152 149.3 142.8 133.8 127 119.5 120.6 119.8 130.8 137 141.9 147.2 144.7 145.1 149 153.1 157.2 162 170.1 175.3 183.3 191.5 191.7 192.4 187.7 179.5 166 170.5 172.2 172.9 173.1 170.3 169.7 169 170.6 174.4 179.8 183.9 186.4 184.3 187.9 189.7 191.3 191.7 191.9 193.5 192.9 192.4 191.4 189.6 191.5 179.6 188 187.1 187.4 187 189.9 197.9 193.6 189.6 195 205.1 211.1 217.9 231.7 235.2 233.3 212.7 238.7 242.3 228.7 252.1 265.2 279.4 298.7
167.1 158.6 161.3 161.1 156.1 151.2 142.6 134.9 128.3 126.1 121.6 132 140.7 147.1 150.1 148.1 148.2 152.7 156.9 164.3 170.8 176.8 180.2 187.3 196 195.5 191.2 187.9 182.1 175.2 165.7 164.6 164.3 165 166.2 166.6 167.2 167.6 171.2 174.9 178 176 179.2 185.4 194.7 201.1 206.3 202.8 193.8 192.1 190.4 189.8 189.1 187 184.2 184.6 184.7 186.1 186.5 186.7 186.9 187.6 188 192.2 199.2 202 209.4 220.7 227.1 226 227.9 253 256.1 246.3 240 263.8 273 288.9
171.7 165.9 169.9 164.2 161.9 156.9 148.5 139.2 138.9 125 129.6 138.7 144.2 148.5 150.4 151.1 151.7 153.7 159.4 170 176.6 182.4 187.7 191 195.7 195 190.9 188.3 183.5 178.5 169.4 166.2 165.1 164.4 164.3 164.8 164.9 166.8 169.9 172 172.2 173.3 177.9 184 192 193.8 203 205.9 203.5 197.2 191.9 189.7 188.5 185.6 182.9 182.3 185.1 186.8 187.3 187.6 187.8 188.2 188.6 189.5 195.2 198.8 204 212.5 218.5 206.2 233.5 268.5 273.8 262.6 239.8 254.6 266.6 274.5
174.3 171.7 170.8 168.2 165.7 158.3 151.9 145 141.7 130.3 132.4 137.4 144.6 150.1 152.7 155.7 158.6 159.6 162.5 172.6 182.6 191.1 198.4 197.1 197.1 196.8 194.6 195.3 188.8 181.1 174.4 170.5 167.4 166.2 165.3 165.7 166 166 166.8 168.6 170.6 172.9 176.7 182.8 187 189.2 195.8 204.9 206.7 204.4 197.5 191.4 188.3 186 183.5 183 182.3 186.5 186.1 187.3 187.6 188.2 188.7 189.4 190.8 192.9 198.4 199.8 206 216.8 233 266.6 278.7 275.9 259 237.2 256 264
176.5 175.1 173.9 169.1 164.7 160.2 154 153.4 151.7 139.5 136.9 139.4 149.5 156.3 162.5 167.3 168.8 168.4 168.8 175.4 187.6 192.6 200.2 201.9 203.8 200.3 198.5 198.4 192.1 185 179.1 176.3 170.9 167.9 167.4 167.2 167.2 166.7 166.5 168.4 170.4 171.8 174.7 180.8 186.7 191.2 194.5 197.4 209 217.4 207.3 194.8 189.7 187.4 186.1 184.8 182.5 182.8 184 186 187.1 187.5 188 188.7 188.9 190.3 190.1 193.8 201.8 213.7 223.8 246.7 280.6 280.6 274.7 257.7 242.9 256.4
179.7 179.4 176 171.8 166.8 162.4 159.8 158.7 158.9 153.1 141.3 145.4 155.2 162.3 166.1 170.3 176.3 175.7 179.4 186.4 198.9 207.8 207.3 208.3 211.1 203.1 201.6 198.4 193.4 186.7 186.6 180.2 176.3 173.2 174.5 174.9 171.9 169.2 168.5 169 171.2 172.1 173.9 177.2 181.8 185.7 186.6 194 204.6 214 214.1 201.6 193.9 189.1 187.4 185.8 184.2 182.8 183.5 184.7 185.8 186.6 186.8 187.3 188.2 188 188.7 191.4 195.5 207.6 219.3 235.8 257.7 279.2 291.3 273.2 259.1 254
183.4 180.3 177.5 173.8 169.3 166.1 164.5 163 160.8 153.3 148.5 149.7 155.7 160.7 165.8 171.4 178 185.1 194.1 200.9 207.2 216.4 219.9 213.6 212.7 209.4 207 198 195.5 197.9 198 194.3 190.5 188.7 188.7 186.9 178.3 175.9 172.9 172.3 173.7 175.6 177.3 178.4 179.3 180.3 182.8 191.9 199.6 207 212.8 210.6 200.9 193 189 186.8 186.3 183.6 182.8 183.6 184.6 185.7 185.5 185.8 187.2 189.2 189.7 190.8 193.8 202.4 216.8 230.2 246.1 275.4 291.6 281.9 274 268
184.1 181.4 179 176.1 172.8 172 171.2 168.6 162.2 157.5 156.2 161.9 165.4 168.2 168.5 173.4 184.4 192.7 200.8 210.7 218.8 223.1 227 216.7 213.9 215.2 207.9 209.1 205.3 207.6 207.7 201.9 197.3 194.8 191.4 188.9 188.6 189 188.1 189.1 182.5 182.9 188.6 187 185.4 182.4 184.9 191.7 200.5 206.8 211.3 215.8 213 199.8 195.5 190.3 187.4 186 184.7 184.6 185.2 185.5 185.8 187.6 188.4 189.5 190.7 192.1 194.3 205.8 211.9 230.5 243.8 250.2 264.2 272.3 285.1 285.5
184.4 183.3 180.3 176.8 175.3 175.7 174 168.8 173.4 168.1 166.6 173.1 175.7 177.8 178.6 176.5 191.8 196.9 202.4 213.7 222.8 226.7 226.9 219.1 216.7 216.2 213.8 209.9 207.9 213.2 211.4 206.1 202.3 197.1 196.3 192.7 193.6 196 197.5 198 199.7 199.8 191.7 193.5 193.9 194.5 195.1 197.3 199.5 202.9 209.7 214.7 217.5 206.4 201.8 197.5 192.8 190.7 189.1 188.3 188.5 187.7 189.1 187.2 190 190.8 192.1 193.2 195.6 205.1 216.2 229.1 235.5 245.9 258.7 267.9 284.8 310.4
181.8 180.8 177.5 177.1 177.2 177.7 177.8 179.1 179.5 178.3 175.7 181.7 188.6 185.2 186.2 186.7 192.9 195.3 202.1 215.3 226.6 230.4 226 223.3 223.9 222.4 217.6 213.9 221.3 226.5 220.1 212.2 209.8 204.5 203.3 199.1 198.1 201.4 202.7 203.2 204.5 204.3 205.4 205.3 202.9 205.1 207.9 204.7 206.8 209.9 211.4 212.4 213.4 211.7 209 206.9 208.2 203.4 205.4 204 199.3 197.2 195.8 195.7 196.9 196.5 194.4 195.4 197.2 205.9 219.1 226 233.5 241.3 249.4 263.3 279.3 308.5
176.3 176.4 177.3 182 183.2 183.8 187.2 190.1 191.5 186.1 190.2 195.7 195.9 201.4 199.7 195.6 194.5 200 211.4 215.5 225.1 226.2 226.7 228.2 226.9 222.9 219.4 219.9 224.9 229.2 229.2 223.2 218.8 214.8 209.8 205.7 205.2 208.3 210.2 210.6 211 208.5 208.5 210.8 213.5 218.2 221.9 221 221.7 217.5 217.7 215.2 215.4 215.1 214.4 215.1 216.4 218.8 219 218.9 215.6 213.8 211.1 214.3 217.4 217.2 212.9 206.7 203.1 208.7 221 227.6 232.9 241.4 247.1 253.4 269.6 300.6
175.1 183.9 191.8 192.3 192.2 192.2 197.8 201.1 200.3 199.3 197.8 207.7 217.3 214.2 210.6 201.1 200.2 209.6 221.2 218.9 220.6 226.5 229.2 232.3 228.7 225.9 225 232.7 239.2 243.8 245.3 240.9 236.9 228.5 220.6 214.3 212.4 217 218.5 218.4 218.6 215.9 216.6 220.9 219.6 218.8 221.1 225.7 229.6 227.6 225.9 224.2 223.4 223.6 226.1 228.4 230.7 229 231.7 236 236.8 235.7 238.1 238.7 237.6 237.1 236.2 230.4 222.4 217.1 223.2 229.8 233.5 239 246.3 250.1 259.3 281.9
184.4 192.4 193.6 193.8 194.7 197.3 201.8 203.1 202.6 203.3 206.4 220.2 226.1 224.9 213.7 217.7 213.6 213.5 222.2 222.2 222.7 229.5 237.5 234.2 232.9 232.7 240.8 258.4 259.4 269.7 265.1 253.5 245 236.4 227.3 223.3 223.6 226.4 228.1 226.9 226.3 225 221.2 221.6 223.5 221.9 221.4 224.7 230 231.9 233.6 239.9 242.6 245 239 238.7 240.5 241.3 249 255.3 259.9 261.6 260.7 255.8 251.4 249.3 247 244.3 237.5 226.1 229.9 230.3 235.5 239.2 243.3 248.7 255.2 265.9
188.2 194 195.5 198.2 203.2 211.9 205.9 203.3 200.1 203.6 214.2 221.6 226 227.5 221.7 226.1 223.6 214 220.8 223.2 228.1 239.2 239 235.5 235.8 239.6 259.6 272.7 275.7 282.5 277.6 268.9 256.8 245.3 236.8 239.1 241.4 248.1 248.6 242.6 236.9 231.5 226.4 224.9 226.3 226.7 225.5 228.7 234.6 240.2 249 258.9 267.1 267.3 266.2 260.6 253 253.2 262.9 270.2 273.4 271.8 271.9 268.6 265.5 264.5 260.1 258.1 252.8 248.6 242.6 239.4 236 238.2 244.9 248.9 252 259.5
190.1 197.8 203.9 207.3 211.7 212.4 202.2 200.1 200.1 208 215 221.8 227.9 229.2 231.2 232 234.9 217.6 220.2 226.1 237.1 248.4 238.1 235.7 236.2 249.6 267.9 280.5 283.8 285.5 284.6 276.3 269.4 258.7 246.9 247.8 261.5 270.7 269.1 263.8 255 255.6 242.9 234.9 232.7 233.8 234.2 240.6 249.6 260.7 275.1 285.5 289 289.7 289.1 285.5 275.9 266.5 275.2 281.9 282.3 281.5 284.9 283.9 286 286.9 283.9 278.6 265.4 266.7 259.1 254.3 250.8 248.6 247.6 252.6 251.9 255
195.9 202.2 205.8 209.6 207.6 200.1 200.1 200.1 203.8 207.8 217.7 225.8 232.8 240.6 234.1 234.3 235.8 219.1 226.1 237 246.2 242.6 235.1 235.2 241.7 260.9 281.7 286.9 288.1 287.9 288.8 282.7 280.3 275.2 266.3 269.4 285.4 291.5 288.1 285.3 286.6 284.4 270.9 268.8 260.2 247.5 254.6 268 289.4 302 313.4 317.3 317.2 316.5 311.6 305.4 307.4 292.4 291.7 297.2 297.3 294.9 295.2 308.7 317.5 323.1 316.5 311.6 295.2 289 279.6 271.3 263.4 263.4 261.8 265.4 262.2 258.7
196.5 199.3 201.1 199.9 200.3 200.1 200.1 205.4 206.8 211 222 230 236.4 240.5 232.2 233.8 228.5 221.7 233.7 240.7 238 234.6 234.2 236.3 257.3 276.1 284.7 291 294.5 292 289.6 289.8 288 292.4 293.1 291.6 303 302.9 303.5 303 301.4 300 296.4 298.4 285.9 277.8 292.5 307.2 315.3 321.6 329.7 337.5 337.7 337 335.4 337 336.2 319.9 310.7 324.3 327.2 318.9 309.5 326.2 335.4 332.5 329.8 329.6 322.3 317.1 305.9 284.8 275.9 278.2 275.3 274.2 274.9 270
194.7 198.8 200.7 205.7 202.6 205.4 209.2 208 210.2 215.5 225.2 236.8 236 228.6 231.3 229.8 226.4 231.4 234.1 233.4 234.4 235.4 235.2 246.4 271 284.6 292.1 296.6 303.5 302.4 299.9 299.1 302.7 305.9 308.7 307.9 320.2 320.3 313.1 312.9 312.5 318.8 310.3 307.5 295.9 303.4 314.9 322.4 333.2 339.9 346.4 349.6 351 351.4 352.9 354.2 351.6 344.6 335.6 335.9 334.8 331.3 316.5 342 339.7 335.5 330 337.6 343 334.5 321.9 304.8 302.8 293.2 291.9 289.8 285.2 285
197.5 198.9 201.6 203.7 209.1 211 210.7 215.4 221.7 223.2 228.3 229.8 227.6 230.6 231.9 231.1 232.8 228.8 231.7 234.4 237 237 249.9 251.8 282.2 292.7 298.9 303.5 311.4 309.5 311.1 308.2 312.7 318.7 319.4 322.9 326 328.6 328.8 325.7 322.7 323.8 320.4 316.8 312.6 326.5 332.5 338.1 350.1 356.5 360.7 363.2 367.2 370.1 370.9 371 367.5 358.5 348.6 343.2 339.3 329.6 332.9 338.7 335.8 333.2 343.4 351.6 353.9 352.1 344.1 326 314.7 310.3 305.6 304.6 302.4 296.3
192.5 196.8 198.9 205.2 211 215.9 222.1 225.1 226.4 226.3 225.8 226.8 229.9 233.8 235.9 235.6 240.1 236.1 237.5 237.7 241.5 251.8 263.3 259.5 288.5 300.1 307.1 313.8 319.2 324.1 320.5 323.5 325.7 331 335.3 342.5 336.4 336.9 338.7 336 334.2 333.3 334.9 330.6 342.9 352.8 350.5 352.4 349.1 366 370.3 372.3 375.7 378.5 379.4 381.8 379.3 377 361.7 356.2 342.3 330.2 337 336.6 335.7 343 350.9 356.8 359.3 358.5 354.7 353.1 349.4 337.5 330.3 319.9 311.7 307.9
191.7 196.4 203.9 210.2 214.3 220.9 226.5 228.6 235.7 234.9 228.3 229.2 237 248.6 239.9 241.3 241.1 239.7 245.8 253.7 271.3 273.5 269.8 268.3 300.9 308.1 314.9 320.7 327.3 333.2 332.6 339.8 345.7 347.4 348.7 357.8 353.6 357.6 353.1 347.3 340 345.3 346 343.2 355.8 362.7 366.5 365.4 363.3 368 376.2 378.9 383.3 386.2 387.1 387.3 387.5 385.9 377.3 367.9 348.1 336.5 337.7 339.2 341.3 359.2 365.9 367.5 367.3 366 365.6 365.2 358.6 353.4 357.3 349.5 334.6 325.2
197.6 204.4 210.3 211.7 213.5 217.6 226 240.5 239.3 234.2 231 240.4 249.5 250.5 242.8 242.6 244 252.6 268.9 274.6 279.5 283.6 277.4 280.2 306.3 311.9 322 331 336.7 342.3 344.4 355 357.4 358.6 361.8 370 368.7 369.6 365.3 357.2 355 357.9 354 354.9 365.6 373 375.7 376.5 371.3 365.6 376.8 382.9 388.4 392 394.1 395.9 395.1 393.1 386.2 374.8 358.2 343.5 345.9 346.2 363.3 374.3 373.8 373.1 377.9 377 377.1 374.4 367.4 366.7 375.8 367.6 361.3 344.8
203.7 205.5 206.3 208.4 212.7 221.3 228.7 233.3 239.6 239.5 242.2 253.1 254.1 250.2 245.6 247.3 254.1 278 282.8 289.1 291.1 293.4 285.8 282.4 301 318.6 327.1 333.7 338.5 344.6 354.3 363.1 366.7 370.6 369.5 378.6 381 384 380.2 381 379.4 375.9 367 371.1 383.6 386.6 388.4 388.1 386.8 379.6 376.9 388.4 394.5 395.1 395.5 398.6 398.5 394.4 392.1 379.7 367.9 361.8 374.6 370.2 379.9 378.7 379.1 382.1 384.2 387.7 385.9 381.9 386.2 382.6 389.4 381.8 377.2 367.4
199.8 201.2 203.4 208.1 213.2 219.7 224.1 230.2 239.1 244 254 257.9 256.9 250.8 250.1 255.3 267.3 288.9 295.9 298.8 298.8 300.3 297.7 290.6 306.4 325.1 331.6 339.6 345.4 352.9 364.8 371.9 377.8 381.5 382.7 389 391.8 395.4 393.5 394.8 391.7 384 379.9 380.7 390 392.1 395.3 395.5 394.6 391 386.1 387.9 399.5 400 400.9 399.7 398.1 396.6 396.7 384.2 380.8 379.1 388.4 385.4 385.1 385.6 383.5 388.2 390.3 395.7 392.1 393 395.4 388.7 392.7 392.4 389.7 383.5
198.6 199.7 203 206.7 209.8 216.1 221.9 231.1 236.8 242.2 252.9 257.7 254.8 253.5 255.3 262.1 283.1 293.7 300.8 306.1 305.4 304.6 304.3 298.9 311.4 326.5 336.8 346.2 352.3 360.9 373 382.4 389.1 393 400.1 402.5 414.2 416.2 411.8 406.8 399.3 393.7 392.8 391.7 397 401.3 406.3 406.1 405.5 399.9 398 388.9 400.5 405.5 404 401.4 401.3 402.5 398.7 386.2 388.1 393 397.6 394.4 389.1 388.7 389.5 389.8 394.9 396.7 395.2 405.7 400.7 395.7 391.7 399.4 398.6 394.6
205.7 203 203.2 206.3 209 213.3 218.9 226.8 232.3 238.7 247.3 254.6 255.8 257.3 261.8 274 294.7 300.8 307 309.5 307.5 306.9 308.6 305.9 313 332.8 340.1 347.3 359.4 367.1 378.5 388.9 398.6 402.7 412.1 420.7 433.2 430 430.3 425.1 410.6 407.5 405 400.9 405.8 409.4 408.9 408.5 407.9 404.1 402.4 396.6 392.7 407.4 406.6 404.5 406.8 407.2 401 388.9 397.6 397.6 402.4 404.5 397 389.7 393.1 396.6 401.4 401.2 407.2 410.4 406.1 399.3 395 398 398.5 395
215.7 209.6 208 209.3 207.2 211.4 215.9 223.1 230.5 235.2 244 251.4 258.3 263.7 268.5 286.5 299.2 304 307.3 308.8 307.1 309.9 314.5 319.1 319.1 330.2 342.1 351.9 362.6 371.2 383.1 393.4 404.1 410.9 429.2 435.1 436 444.4 444.2 439.4 425.2 418.6 411.4 407.6 413.5 415.6 415.5 413.8 413.3 410.9 408.7 406.2 398.6 404.4 407.9 410.9 410.2 406.4 400.5 399.8 402.1 402 405 408.6 405.3 399.4 394.3 401.5 405.2 411 415.2 413.8 411.8 404.1 396.7 395.2 396.4 398.8
