public/OST50/NG86.asc
ncols 200
nrows 200
xllcorner 180000
yllcorner 860000
cellsize 50
[rows 0 to 34 of 200, columns 0 to 77 of 200]
93 93.2 92.5 94 94.9 95.3 97.1 107.2 117.3 126.6 138.1 141.3 146.1 147.9 144.3 164.8 170.7 163.7 152.7 151.1 150.5 151.3 150.7 150.4 155 153.4 166.3 172.8 196.9 202.8 205 217.7 231 220.5 217.8 221.7 217.1 211 209.6 205 210.2 214.6 222.5 235.9 244.1 252.5 263 258.1 248.4 240.4 237.6 221.2 209 205.5 206 205.8 198 184.6 186.4 198.8 201.7 203 184.7 172.5 158.3 151.7 148.2 146.5 150.9 160.2 169.4 176.1 185.2 178.9 172.2 158.7 148.7 135.2
94.7 93 92.9 93.2 93.3 94.1 96.4 103.3 111.9 121.4 130.9 134.2 133.6 131.3 144.5 158.9 160.4 155 150.9 150.2 145.1 148.2 157.9 156.5 145 141.6 152.7 160.3 187.8 196.8 197 197 213.5 211 208.5 207.7 208.9 209.9 214 205.3 205.3 217.6 239.4 244 247.6 252.6 256.3 264.6 254.8 245.7 240.1 230.9 218.8 209.7 214 217.1 212.8 201.8 206 217.4 213.5 202.6 187.6 180 175.5 166.1 155.5 150.4 157 165.4 171.6 175.6 174.7 169.3 164.4 154.7 143.2 132.3
96.6 95.1 93.3 92.9 94 95.4 96.2 98.8 103.5 108.3 110.7 118.1 120.3 126.3 143.8 156.6 157.9 154.8 152.4 146.5 145.1 142.4 140.5 135.3 136.9 147.1 146.1 152.4 162.2 175.2 188.2 184.7 188.1 193.5 201.8 205.1 205.9 210.7 215.8 209.3 205.2 218.2 232.4 247.5 252.8 249.5 251.4 252.4 253 243.4 240.4 235.5 233.7 222.4 216.1 223.8 227.4 211.6 217.8 222.7 217.5 205.2 198.1 191.8 186.2 173.9 167.1 160.2 157.9 165.4 175.4 176.2 173.5 162.8 156.9 138.3 114.6 109.5
96.6 95 93.2 93.5 94.7 94.3 95.6 96.8 97.5 98.9 105.1 112.9 120 124.8 130.3 136.3 142.6 147.2 146 137.1 132.5 126.6 122.9 127.3 142.7 150.8 151.4 150.7 153.5 157.9 172.5 174.6 178.1 179.7 192.3 202.3 203.8 207.4 226.4 216 206.4 210.8 220.5 233.2 244.7 240.8 243.9 252 252.5 251.6 247.3 245.3 244.3 240.4 229.8 226.8 225.5 220 230.8 231.4 221.9 217.4 208 197.2 190.4 183.9 181.5 177.4 170.6 163.3 169.4 172.9 166.9 157.5 127.4 109.5 109.5 109.5
95.7 95 92.7 94.2 93.1 93.3 95 95.5 96.3 97.8 103.8 112.9 119.8 125.2 126.7 126.4 127.9 129.4 124.4 119.2 115.6 117.1 125 132.2 146.7 148.3 151.6 151.8 151.3 153.2 159.8 164.9 172.6 175 183.9 191.4 199.4 205.2 224.5 219.8 206.8 212.3 218.6 225.2 225.7 233.5 249.4 260.4 261.2 258.8 253.8 254.8 251.6 251.7 249.5 235.6 233.8 226.9 238.3 240.4 233.9 223.5 215.5 204.2 198.1 192.6 192.1 191.6 186.4 174 167.2 164.5 138.6 119.9 109.5 109.5 109.5 109.5
95.4 94.5 94.2 93 93.6 93.3 94.3 95.4 96.3 97.2 101.4 110.1 115.8 119.2 124.4 122.5 119.6 117.8 115.8 111 115.1 123.2 131 132.4 135.9 142.4 150.4 152.9 152.2 150.3 151.7 155.9 165.4 177.5 185.6 194.5 197.3 204.2 214.3 218 208.7 211.1 205.2 217.6 224.2 241.5 259.2 265.3 261.1 257.7 259.7 265.4 260.8 263.1 269.6 256.6 240.6 234.5 242 246.4 239.2 229.8 220.5 213 202.9 198.8 195.7 193.3 187 178 160.3 142.8 131.3 119.7 109.5 109.5 109.5 109.5
95.9 95.5 95.4 94.5 93.7 93.5 94.4 95.4 96 96.7 99.8 104.4 110.7 114.2 116.5 115.8 115.1 112.5 110 113.1 119.6 126.1 129.9 131.1 130.1 133.7 140.2 145.3 151.1 146.3 150.6 153.4 168.1 186.6 194.1 203.2 195 195 200.8 213.4 217.1 206.1 205.7 205.2 215.5 226.6 247.2 258.7 254.2 249.3 263.3 268.2 271.4 275.8 271.5 272.3 258.4 236.5 235.1 239.5 237.5 228.3 221.7 214 206.9 201.6 193 179.9 165.7 148 141.9 138.5 129.2 121 112.1 109.5 115.2 118.7
97.9 97.6 97.6 95.5 94.8 94.4 93.7 95.4 96 96.2 98.1 102.6 108.2 111.6 111.9 109.3 102.9 100.3 104.6 113.3 120.5 124.9 129.6 129.3 126.6 123.5 128.1 133.4 139.4 140.6 152.5 158.3 176.7 188.7 199.8 202.5 190.7 188.6 188.7 202.9 214.6 210.9 205.2 205.2 205.4 211.6 230.6 237.1 244.1 249.3 259.1 272.9 273.8 283.8 288.9 276.1 264 248.2 236.4 235.4 235.8 231.6 225.2 216.1 205.4 192.8 170.4 148.9 138.9 135 134 133.6 129 118.2 112.5 120.8 132.2 138.7
107.2 105 103.6 101.3 98.5 97.6 95.6 93.8 96.3 94.8 96.3 98.6 101.1 100.1 98 97.3 98.6 97.3 98.6 106.9 112.9 118.5 122.9 121.2 115.7 114.1 117 121.9 132.9 137.1 139.2 161.2 173 181.5 194.9 190.3 188.8 186.8 185 200.4 208.2 215.8 206.3 205.2 212 210.9 211 216.3 236.2 254.4 254 271.9 270.2 280.5 283.6 285.1 272.5 255.1 240 237.4 239 234.4 223 207.7 190.2 163.1 141.6 133.7 133 131.5 130.7 129.3 125.3 123.2 120.7 129.4 141.2 149.6
114.5 113.1 112.7 109 103.5 100.7 100.5 101.2 99 96.5 94.8 96.6 96 95.4 97.4 97.9 96.9 98.6 99.2 99.4 103.7 110.8 114.1 109.6 106.7 107.3 111.5 117.7 129 137.1 135.9 141.2 158.9 172.3 184.5 183 188.6 187.7 186.3 202.1 216.5 223 211.1 205.2 213.9 214 213.8 211.5 217.6 259.1 275.8 272.9 275.1 268.9 271.7 280.4 281.7 262.6 247.5 237.2 230.2 217.7 205.1 174.8 157.5 144.8 134.8 131.1 130.4 129.7 129.5 130.6 134.8 133.9 135.4 148.3 157.3 165.4
118.6 119.2 119.9 114.9 110.5 106.3 103.8 103.5 101.8 99.7 100 95 96.8 97.8 98.5 98.3 98.3 99.2 99.5 98.2 99.5 100.9 100.9 101.9 102.9 104.2 106.7 114.7 123.3 134.7 133.5 136.4 145 163.1 173.2 172.8 182.8 191.3 185.9 193.9 209.1 217.5 212.6 211.1 214.1 217.3 214.2 213.4 215.7 229.2 252.9 259.5 264.3 266.9 268.6 265.4 263.3 260.7 243.5 231.7 220.3 195.9 175 159.9 152.8 146.9 136.1 132.5 130.9 130.4 137.2 141.7 147.5 146.7 150 158.4 164.7 169.9
125.6 126.2 126.4 122.1 117.3 113.3 110.8 108.4 105.7 105 104.8 105.2 101.8 100.1 100.1 100.1 100 99.9 99.8 100.4 100 100.7 101.7 101.8 102.8 103.9 104.9 112.7 120.1 126.7 132.2 136.4 145.1 148.1 158.6 160.4 172.6 177.8 186.6 200.9 212.3 223.2 224.3 216.2 216.7 226.8 226.4 226.8 223 223.2 240.5 254.8 252.8 254.7 258.2 258.2 259.1 258.6 248.5 218.4 195.1 174.9 161.9 158.2 155.9 148.9 144.5 136.3 134.8 140.7 149.1 153 150.6 151.9 164.4 168.4 172.2 177.3
135.7 135.7 133.9 129.4 124.5 120.6 117.6 116.2 112.8 114.1 107.8 110 109.6 108.6 107.3 112.4 108.5 104.5 101 100.5 100.3 101.7 101.4 101 103.3 104.3 105.1 107 116.4 128.4 134.2 138.7 146.7 146.7 143.4 144.6 146.7 156.5 177 201.6 210.1 219.3 225.9 224.6 222.4 226.4 239.4 233.3 230.1 228.4 250.7 255.7 254.2 254 256.3 258.2 258 249.5 241.8 199.4 176.4 166 158.6 157.4 157.6 157.9 146.7 138.4 147.3 152.7 157.2 156.6 155.2 166 171.7 175.9 179.9 179.6
143.7 145 143.3 140.2 134.5 129.3 126.4 125.6 124.6 121.8 111.9 116.4 123.1 123.5 124.7 124.1 123.2 118.9 113.6 107.1 103.2 102.1 101.4 103.3 103.4 104.3 104.4 106.6 110.7 125 131.5 133.1 136.5 141.3 138.3 134.5 140.6 152.3 168.1 196.7 208.6 224 232.8 233.6 229.1 221.5 225.2 235.1 241.8 247.3 254.3 258.4 255.9 252.5 254.7 250.1 238.9 221.5 195 174.9 167 163.6 161.6 160.9 161.2 153.5 140.4 149 157.4 162.2 160.4 160.7 165.8 174.3 177.7 181.3 183.4 181.6
149.3 151.8 151.8 153.5 144.6 138.4 135.2 133.3 130.1 126.4 114.9 122.2 128.3 135.3 138.1 139.3 138.1 130.8 125.6 120.1 114.8 109 105.1 102.9 103.6 104.9 106 107.5 105.9 111.8 121.7 124.6 132.8 138.6 138.4 132 135.8 150.1 163.5 179.6 210.3 224.2 230.7 239.8 231.8 221.7 223 239 245.7 251.4 252.7 246.1 247.5 242.9 221.7 211.4 210.8 187.3 174.1 163.6 164.3 174.8 168.7 165.5 161.7 150.4 148.6 155.2 157.9 160.8 164.9 167.6 174.9 181.6 185.7 188.2 186.6 184.1
159.4 160 161.1 160.4 155.6 150.8 147.1 144.5 140.8 136.8 129.3 128.1 134.8 141.4 146.3 150.3 147.5 138.9 133 128.7 124.7 119.7 114.6 109.9 106.2 105.9 105.9 107.3 108.6 107 109 115.1 118.8 126.1 128 125.9 133.1 146.1 160.3 180.5 202.5 226.3 225.7 232.9 227.6 223 219.8 238.7 245.4 250.5 250.6 237 220.4 199.6 187.1 182.3 177.3 167.2 162.4 162.7 165.9 185.1 179.7 173.3 166.5 158.8 158.2 168.6 164.4 170.7 172.5 177.7 184.8 189.2 192.7 188 187.2 186.2
169.3 173.7 175.1 171.9 170.4 164.3 159.9 159.4 157.8 150 143.2 137.8 138.8 145.1 149.8 153.9 157.8 147.8 140.7 136.2 132.1 128.9 124.9 119.9 116.7 113.7 113.4 111.6 110.7 112.6 117 113.3 114.4 116.3 118.8 120.8 126.5 138.9 154.9 179 190.7 207.4 229.7 225.8 221.8 223.9 221 220.9 237.9 251.7 250.7 211.3 197.2 188.5 178 168.9 161.8 161.4 161.5 162 162.4 163 167.7 172.7 176.5 172.6 176.4 177.2 180.6 181.3 179.8 183.2 188 196 188.8 188.1 187.4 187.6
177.5 180.5 182.3 181.7 177.3 174.3 168.5 168.4 168.7 164.3 156.4 148.8 145.9 146.7 151.3 155.7 160 155.4 148.5 144.2 140.3 137 133.9 128.6 126.1 124.1 122.8 120.7 119.4 118.5 120.6 120.6 118.9 115.1 118.3 120.3 122.8 134.3 153.2 169.3 187.7 198 210.3 219.4 219.1 223.2 220.4 220.6 219.7 225.6 202.7 199 191.7 183.7 175.9 165.9 160.9 160.8 160.9 161.4 162.1 162.7 165.1 178.4 188.9 194.5 202.6 193.3 197.6 196.4 186.5 182.4 184 185.7 186.8 186.8 186.7 182.9
183 184.2 185.9 186 182.3 180.1 177.2 173.5 173.4 172.5 167.9 160.6 155.5 150.2 154.1 158.6 162.8 164.6 155.3 151.7 148.9 145.7 142.7 137.3 136.4 134.7 132 129.6 127.5 125.2 125.3 125.2 124.9 123 121.1 121 120.5 132 144.4 162.7 181.6 195.7 205 221 227.3 224.9 224.1 210.4 194.9 183.3 197.3 206.3 198.6 184.7 174 164.3 160.4 160.9 161.4 161.8 162 162.6 163.5 173.6 194 207.3 208.6 207.8 211.4 203.2 190.6 183.1 181.2 185.8 185.8 186 182.5 178.6
185.4 188.6 187.8 187.4 185.8 184.4 182.7 180.4 180.5 179.1 175.1 167 159.6 153.2 156 160.6 165.8 170.6 162.2 158 156.2 153.4 148.8 148.5 144.6 143.8 141.6 139.6 137.8 136.2 133.5 132.6 130.9 128.9 126 124.3 121.7 132.1 142.7 154.7 171.6 187.9 209 218 215.1 220.4 209.3 187.8 168.8 168.7 185.6 200.6 200.1 187.9 175.7 168 159.9 161.5 162 162.4 162.6 162.8 163.4 170.9 191.1 211.7 220.4 214.1 216.3 202 191.3 181.8 175.8 177.2 181 183.3 178.3 175.4
186.5 188.5 190.3 192 190.1 188.2 186.8 186.2 186.3 186.5 182.6 172.1 162.5 154 160 164.5 169.2 173.4 168.9 164.5 162.2 159.1 155.4 156 154.4 151.1 149.6 149.2 148.2 146.8 144.8 142.2 142.5 140.1 136.5 124.6 128.2 133.7 145.1 151.6 163.8 191.8 199.8 204.9 195.8 186.8 172.9 160.8 153.3 157.1 172.4 185.9 197.1 195.6 179.5 168.1 158.4 158.1 159.1 162.2 163 163.1 163.4 164.9 178.8 200.3 209.9 220.5 215 202.1 188.4 177 172.9 173.5 173.9 174 173.6 174.1
186.6 190 195.1 198.7 195.1 190 189.2 189.2 189.4 190 187.8 178.5 166.4 160.1 165.5 169 171.4 174.4 173.8 170.9 168.3 165.6 163.9 165.1 163.4 161.3 161.4 161.7 161.1 157.2 152.6 148 149.8 148.6 146.4 137.3 139.9 140.7 142.6 150 159.7 177 182.6 178.7 168.7 159.2 151.1 151.1 152.5 154.3 166.1 176.8 188.8 193 180.4 167.5 157.8 160.4 159.6 161.2 162.7 162.6 162.4 163.7 170 187 206.7 220 218.3 194.1 182.4 172.6 172.7 173.1 173.2 173.4 174.3 181.4
186.1 189.2 192.2 194.7 194.2 191.8 190.5 190.5 191.1 191.5 189.7 179.2 168.3 165.3 169.1 171 173.8 176.6 177.7 175.1 173.6 172.1 170.5 169.2 168.6 168.9 169 169.2 169.6 166.5 161.5 154.6 153.7 152.2 150.4 143.7 144.7 150.1 140.6 149.6 154.6 164.7 156.8 152.4 148.9 148.8 150.1 151 152.6 156.7 163.4 169.2 174.8 186.4 184.9 167.2 159.1 160 159.3 160 161.1 161.5 163.5 164.6 169.5 181.5 195.2 199.7 209.4 185.9 175.2 172.7 173.6 174 174.2 174.7 177.9 184
184.2 187.6 190.5 192.8 194 193.2 193.2 193.7 193.1 192.5 188.1 177.5 172.9 168.9 170.7 172.5 175 177.7 179.8 179.2 178.2 177.8 176.6 174.6 173.1 173 173.7 174.5 174 172.5 166.2 160.9 159.2 156.9 150 133.4 144.8 146.9 141.8 141.3 143.1 144 144.8 145.9 147.3 148.9 149.5 150.4 153.6 156.9 163.2 168 171.6 173.3 173.3 160.1 160.6 162 161.6 159.9 160.2 161.7 164 165.2 167 175.4 180.1 184.3 186 178.2 171.3 173.3 173.8 174.4 174.7 175.6 179.8 188.8
182 185.7 189.4 190.7 192.3 193 194 194.6 195.1 192.3 184.8 176.8 173.8 171.2 171 174 175.7 178.1 180.9 184 186.1 184.2 182.2 179.4 176.7 175.7 175.9 176.6 176.1 173.9 170 166.4 162.4 158.3 148.3 133.9 145.6 147.4 145.2 143.5 142.7 143.4 143.7 145.2 146.2 148.5 148.9 151 151.5 153.6 156.3 155.3 152.7 155.8 156.4 156.7 166.1 165.3 163.6 162 163.4 161.2 162.9 165.3 166.2 168.8 173.2 175.5 179.3 176.8 171 172.1 172.7 173.7 174.9 176.5 183.4 191.8
177.5 181.3 184.7 187.7 190.2 191.9 193.2 193.9 192.4 189.2 184.6 179.3 176.4 172.5 173 174.5 176.4 179 181.6 186.1 188.7 191 190.9 184.3 181.3 178 177.4 176.4 176.1 173 170.4 165.6 160.4 152.3 140.5 142.7 150.5 150.6 149.5 147.8 149.9 152.3 150.6 152.2 152.8 155.2 154.9 154.4 158.6 159.9 162.5 164 166.3 167.3 168.8 171.3 171.4 169.1 168.7 163.2 163.9 164.4 162.7 163.6 164.1 165.3 169.1 175.5 171.9 170.7 171.3 173.1 173.7 173.5 174.2 177.4 187.1 191.3
175.1 178.6 181.8 185 188.1 189.3 190.6 190.8 189.7 188.6 185.6 181.7 177.6 175.3 173 175.3 176.9 179.6 182.3 186.8 188.8 193.1 193.7 189.1 185.3 181.2 177.5 176 173 170.7 164.2 157.8 151.4 152.2 144 148 155.9 156.2 155.3 157 158.9 160.3 160.2 162 161 160.5 161.8 161.7 163.5 169 172.1 175.2 176.5 176.4 175.8 175.4 176.2 172.8 171.9 165.9 164.2 164.7 164.5 164.3 164.2 164.7 167.7 174.1 169.6 171.1 172.1 173 174.1 175.4 176.4 180.7 185 191
170.7 174.7 178.9 181.8 184.4 186.1 186.9 188.5 188.3 187.4 185.9 182.7 179.5 177 174 176 177.7 180.2 183.7 186.3 188.6 191.6 191.9 190.6 186.4 181.7 176.9 173.7 171.3 167.9 160.8 155.6 157.2 159.2 152.8 155.4 164.9 164.6 163.7 166 170.6 173.2 171.7 170 167.9 168.6 170.9 169.8 167.6 173.5 178.3 180.5 182.6 183.3 182.1 182.8 182 174.4 172.6 165.2 166.1 165.7 163.9 164.1 165.7 165.4 165.3 169.6 175.7 172.4 170.7 172.6 174.9 176.7 179.8 181.6 185.4 188.5
169.8 171.6 176 180.2 182.7 184.6 185.9 186.8 187.4 187.3 186 183.6 180.5 177.6 175.6 177.7 179.4 182.1 184.8 186.5 189.9 190.7 191.1 190.6 187.3 178.2 173.6 169.8 166 160.7 160.9 163.4 168.8 170.4 149.6 160.3 166.5 168.4 172.6 175 178.9 177.8 177.2 176.6 176.3 176 175.4 174.9 171.3 176.6 179.5 181.6 183 185.3 185.6 184.5 181.8 175.6 173.5 167.1 166.4 165.5 165.4 165.3 166.1 166.9 168.2 173.8 178.1 175.8 174.7 176.7 178.8 180.3 180.6 183.2 187 189.3
174.2 174.8 174.9 178.5 181.1 183.1 185.2 186.8 189.3 187.6 186.4 183.8 180.4 179.7 177.8 178.9 181.4 183.1 185.4 188.1 190 189.4 185.4 181.2 176.8 172.4 170.8 169.6 169.1 167.5 167.3 168.9 169.5 169.9 153.7 161.5 167.3 170.3 173.5 176.5 179.8 180.6 180.5 180.5 180.4 179.1 178.9 179.7 179.5 178.9 180 181.4 182.4 184.3 183.2 182.4 181 176.7 169.7 168.6 167.4 166.6 166.7 167.4 168 172.2 177.9 177.9 182.8 184.6 179.7 179.7 182.7 182.7 182.8 184.8 187.6 191.5
176.7 177 177 177.1 179.9 182 184.1 186.5 188.6 187.6 186.7 183.8 180.9 180.8 179.5 179.3 181.9 183.2 184.9 186.3 188.1 183.9 178.5 176.2 175 174.4 171.8 173.5 172.9 172.8 175.7 176.7 177.7 176.4 153.7 168.3 169.3 173.9 177 179.5 182.2 183.8 184.6 184.6 183.5 182.7 183.1 183.8 184.1 183.9 183.2 182.5 181.9 181.9 180.8 179.2 178.7 176.5 169.8 169.6 167.7 168.8 169.7 170.6 172.9 183.4 191.3 191.1 186.9 187.2 183.3 183 184.7 184.7 184.8 188.8 194.3 201.3
176.5 178.3 178.4 177.8 179 181.2 183.7 185.4 186.9 187.7 189.4 183.7 181.6 181.6 181.6 180.1 182.2 183.5 184.2 184.2 183.4 180 178.3 178.5 181.9 179.3 175.5 180.5 180.5 183.9 185.8 186.5 182.8 176.9 167.9 165.7 172.6 179.8 181.6 184.5 186.1 187.7 189.1 189.9 189.4 189.6 189.4 188.2 187.2 186.5 185.6 184.3 182.7 180.9 178.7 177.9 173.2 172.6 171.8 170.8 171.6 171.5 172.1 173.5 181.1 189.3 194.4 198.4 195 191.5 188.4 185.6 186.2 186.2 185.4 190.9 195.5 197.9
175.5 177.8 179.4 179.7 180.1 181.4 183.2 185 186.9 186.5 184 182.9 182.4 182.7 183.3 181.5 182.2 183.8 184.5 185.1 183.4 181.7 183.8 184.5 183 182.2 181.4 185.5 188.2 189.5 191.2 190.9 182.2 179.3 175 166 176.8 180.6 185.6 187.6 189.8 191.1 192.4 193.6 193.8 193.7 194.8 192.1 190.3 188.7 187.7 185.3 183 179.3 178.7 177.2 176.7 175.4 174.2 175.1 175 174.6 175.7 180.8 188.8 194.3 196.5 203.2 202.2 198.3 192.9 189.2 189.4 188.5 190.8 191.4 192.6 193.9
175.3 178.1 180.2 181.3 182.1 182.8 183.7 184.4 185.3 184.5 183.6 183.3 183.4 183 183.2 182.3 183.6 184.8 186.2 186.2 185.6 184.5 186.1 186.4 186.7 186.9 184.9 187.4 189.7 191 192.5 189.7 187.2 183.9 174.3 172.1 183.9 187.2 190.2 192.4 193.1 194 195.2 196.2 196.5 197.4 198.3 196.2 193.9 191.9 189.1 187.5 183.6 183.6 181.7 180.3 178.9 178.1 176.3 180.3 177.9 179.1 181.3 185.9 188.7 195.4 201.2 206.4 205.9 199.7 199.6 194.5 196.4 194.2 195 201.1 207.1 208.3
177.5 179.9 181.5 182.6 183.7 184.8 185.6 185.8 185.9 185.6 185.3 185.1 185.1 184.1 183.8 185.3 186.1 186.8 188.4 188.7 185.8 185.8 187.1 187.3 187.8 188 186.3 189.4 191.1 192.1 192.6 193.3 190.3 186.7 175.9 177.4 186.7 191.9 194.2 195.3 195.7 197.2 198.3 198.9 199.7 200.7 200.9 199.4 197.3 194.1 191.2 188.8 188.1 187.8 186 184 184 181.2 177 182.9 182.1 183.3 186.9 191.3 196.1 195.6 205.1 208.9 206.1 205.7 207 203.1 204.3 202 212 213.8 216.4 219.4
