public/OST50/NG87.asc
ncols 200
nrows 200
xllcorner 180000
yllcorner 870000
cellsize 50
[rows 111 to 147 of 200, columns 83 to 165 of 200]
191.8 206.3 225.9 248.5 261.6 256.8 251.2 253.3 251.6 252.1 251.7 258.8 258.8 256.9 254.2 252.7 252.8 260.7 268.8 275.6 285.3 283.7 285.4 296.7 306.4 297.6 297.3 297.4 309.3 321.1 307.1 309 308.3 315.6 330 333.2 322.1 318 316.9 321.4 318.9 309.2 305.6 301.3 294.5 294.5 302 311.5 321.2 333.5 344.5 343.9 340 329.7 316.6 314.8 310.2 299.2 302.1 284.3 282 273.9 273.6 277 288.8 299.3 315.2 313.7 299.8 279.3 273.4 267.4 236.4 205.7 175.6 135.3 98.2 62.8 42.5 37.4 40.3 39.6 27.9
159.5 172.2 183.8 215.1 223.9 225.3 220.6 219.8 225.2 238.1 242.5 250.3 252.8 252.3 252.1 250.7 257.3 270.2 281.4 281.5 288.1 289.2 289.4 292.1 292.3 296.9 298.5 302.2 310.2 316.5 320.3 316.3 315 314.9 325.7 324.8 327.2 325.3 330.4 334.5 322.5 314.3 307.1 306.5 309.1 308.3 308.4 306.8 314.8 318.8 325.3 328.6 328.1 319.6 311.2 310.3 313.6 315.2 306.3 295.8 286.1 280 268.7 278.5 293.8 302.1 320.5 321.6 309 289.8 283.4 273.3 239.8 203.1 173.7 147.6 110 69.9 49.4 40.9 43.9 42.6 30.6
172.4 176.3 177.1 183.9 191.4 196.4 195.7 192.8 205 237 236.9 240.5 244.9 250.1 249.8 253.1 265.3 281.1 297.1 294.7 306.6 308.2 301.2 291.9 297.6 311.5 305.8 302.8 309.3 320.2 330.8 320.9 319.6 320.9 324.5 331.2 327.8 331.5 333 338 328.7 318.6 314.5 318 324.6 324.2 322.2 322.4 318.9 316.5 319.3 321.7 320 319.2 310.3 305.3 314.3 321.6 310.9 302.2 290.2 281.5 271.1 279.4 300.5 307.2 314.7 321.4 311.9 307.8 294.2 268.9 242.6 228 196.8 162.2 124.7 78.1 58.5 44.6 45.9 43.7 31.6
184.9 188.3 190 182.4 181 180.9 180.6 182.1 194.5 225.5 249 243.3 246.7 252.4 254.3 258.9 272.4 298.5 308.3 304.8 312.1 324.5 312.4 301.9 304.2 317.7 313.7 302.6 307.8 309.5 310.9 319.9 329.4 327.4 329.6 326.5 326.5 336.4 342.9 331.2 325.5 323.2 326.7 334.1 340.3 337.8 341 338.2 335.2 337.5 335.9 322.5 311.6 307.6 302.2 295.1 301.2 307.9 307.2 303.9 294.1 286.5 280.5 283.1 295.3 300.6 300.6 307.5 310.1 308.3 297.7 284.1 254.8 233.9 208.2 169.4 131.9 92.5 70.2 48.7 44.2 42 31.6
201.2 202.6 200.3 194 191.4 184.1 182.1 181.6 187.3 209.8 248.3 255.1 246.8 250.6 260.3 262.4 271 294.2 302.4 318.3 319 320.3 318.3 319.1 313.7 313.4 304 297.3 298.4 295.1 308.1 334.4 346.1 342.3 334.2 336 334.2 332.8 334.9 330.5 327.8 327.8 333.9 352.5 357.8 351.7 360.3 348.7 352.2 351.9 340.9 326.5 314 302.7 293.8 288.1 286.7 296.2 311.3 304.7 294.1 288.9 285.1 288.5 296.1 294.5 298.5 293.6 299.3 296.2 313.7 306.1 264.6 234.1 213.4 183 146.2 97.3 78.1 55.4 42 38.1 32.6
210.4 211.2 206.5 197.4 190.6 189.5 186.1 182.3 184.7 201.5 236.7 273.2 260.4 252.6 258.2 266.3 272 281.2 304.6 323.1 321.7 326.6 320.2 315.7 316.2 301.6 292.5 291.1 290.6 293.6 308.1 339.4 354.6 348 354.7 348.1 348.5 336.3 335.2 332.6 334.5 334.4 335.6 348.8 354.7 363.3 359.2 359.9 367.2 360.2 340.8 332.3 321.4 308.2 296.7 284.5 278.3 275.5 284.7 287.4 283.6 283.5 282.9 284 291.1 292.4 288.6 292.2 282.7 291.4 309 307.2 282.3 245 220 192.9 150.5 104.6 84.6 61.4 44.4 37 33.5
211.9 212.4 207.9 198.6 191.7 192.5 193.3 184.5 184.6 194.7 232.6 271.3 279.4 266 260.9 271.8 271.5 287.4 304.5 318.3 325.8 320.5 318.7 317.2 306.8 292.3 291.3 290.5 290.5 293.1 306.7 331.5 345.4 364.6 368.2 358.2 350.1 346.7 341.6 342.7 345.5 347.8 337.3 346.2 359.9 366.8 366 370 371.4 357.2 345.5 338.5 328.9 315.2 308 285.9 272.5 264.3 264.3 264.3 264 271.3 275.7 281.3 278.1 278.6 279.6 282.3 277.1 286.6 307.4 302.6 278.6 257.4 222.4 194.5 151.7 107.9 89 67.5 49.9 39 34.7
211.1 210.5 204.8 196.1 192.8 193.9 194.7 189.2 189 203.2 221.9 269.1 291.3 274.8 264.8 264.4 274.5 295.6 302.9 311.4 320.1 310.3 318.3 313.5 295.9 290.6 290.5 290.5 290.5 290.9 307.5 328.5 330.6 357.5 363.2 365.1 354.7 347 346.9 350.9 352.8 352 343.9 353 361 366.4 371.2 373 374.7 355.7 348.1 344.6 330.7 323.8 307.7 289 272.3 264.3 264.3 264.3 264.3 264.3 264.3 264.8 269.1 269.3 270.4 270.3 270.9 274.7 279.9 281.7 263.4 242.5 219.2 188.5 150.4 109.9 90.9 74.8 55.6 42.3 36.7
210.6 202.3 197 195.1 196.9 203 207.1 198.2 194.2 217 233 258.8 283.7 282.3 272.5 261.7 268.2 286.6 297.4 318.1 314.3 303.6 306.8 292.9 283.5 292.2 302.1 293.8 290.5 291.1 324.1 324.7 323.2 337.9 346.2 347.8 340 351.4 355.1 352.3 354.3 349.9 350.2 365.8 363.8 366.1 377.3 376.4 367 366.7 356.7 350.6 335 326.9 311.3 290.2 268.6 264.3 264.3 264.3 264.3 264.3 269.9 271.4 263.9 264.3 264.3 264.5 268.7 272.9 271.3 283 273.2 252.5 226.6 204.4 155.2 111.9 93.1 78.6 61.7 45.8 38.2
211.9 199.2 196.4 202 214.3 224.3 224.4 207.5 203.9 231.4 253.6 244.6 252.2 268.6 267.5 260.2 262.7 276.7 281.4 302.3 305.5 297 285.2 278.1 277.6 289 315.6 302.6 291.2 306.7 314.3 310.5 326 325.3 325 324.7 327.4 340.2 356.4 363.2 354.8 359.7 353.9 369.2 376.8 374.5 374.6 369.4 370.8 373.3 357.9 347.4 337.5 325.1 309.4 297.2 280.1 264.3 264.3 264.3 264.3 276.8 281.5 274.7 267.8 264.3 264.3 264.3 267.2 262.7 258 265.8 271.4 258.2 250.8 207.3 168.6 114.8 98.5 83.5 68.2 49.1 37.9
213.7 203.6 202.5 222 247.1 243.6 239.2 221.5 219.9 237.5 264.6 257.3 249.2 244.9 245.4 250.5 253.5 261.4 268.2 279.7 280.4 280.6 269 267.4 282.6 311.7 322.2 299.5 292.1 301 300.4 305.6 322.5 318.3 309.7 307.8 312.7 325.5 340.5 347.5 358.7 372.2 366.9 372.9 380.4 387.6 377.4 373.4 375.3 368.6 354.5 345.2 331.5 323 311.4 299.5 282.6 264.3 264.3 264.3 264.3 276.6 283.9 272.3 275.1 266.7 264.3 264.3 275.3 283.2 277.5 249.6 246.8 247.1 243 211.6 164.2 119 100.7 86.5 69.9 54.5 37.3
223.4 210 215.6 227.5 256.6 255.9 245 231.6 227.9 252.9 272.1 268.7 266 253.2 241.2 240.9 239.9 247.4 256.6 263.9 269.5 257.7 255 267.6 286.4 307.2 306 290.5 285 292.2 283.2 298.2 306.3 306.8 299.3 296 296.4 307.7 318.1 333.9 354.7 373.2 362.5 371.4 370.1 375.3 377.2 376.5 377.2 363.2 352.3 343.1 335.7 327 319.9 310.6 290.4 265.8 264.3 264.3 265.1 280.4 281.9 272.2 275.1 273.5 270.6 273.1 281.7 289.8 294.1 281 245.8 220.2 219.8 205.3 161 121.8 102.3 87.7 70.8 59 42.5
242.8 227.8 225.9 230.1 237.2 253.3 250.4 237.1 233.1 255.5 267.2 263.6 271.6 262 248.6 240.7 237.3 234.6 248.3 258.5 247 244.7 253.5 268.7 291.5 291.9 281.9 273.6 272.8 274.6 267.5 280.9 295.6 286.8 294.8 290.6 283.2 289 299.3 312.2 340 357.6 349.2 353.6 351.4 358.7 367.2 370.6 371.5 365.1 361.2 353.1 347.3 340.4 334.9 314.2 294.2 278.6 264.9 264.3 272 287.8 285.1 272.6 272.2 272.3 274.1 277.3 290.2 289.8 286.7 281.6 259.6 234.7 192.1 177.7 145.4 119.4 98 83.5 67.4 58.3 48.3
257.4 253.7 235.8 227.4 228.8 240.7 260 241.6 238.7 247.9 257.9 251.5 256.6 257.1 253.1 249.3 251 229.8 232.5 233.3 240.1 238.2 247 265.6 274.7 257.7 259.9 254.9 252.5 255.2 254.5 270.9 272.7 275.3 285.9 288.8 274.2 281.1 283.4 290.1 320.5 337.6 325.1 324.3 323.5 338.1 345.1 349.3 365.9 364.7 358.7 367.3 352.6 348.9 336.6 329 302.4 282.3 275.6 270.1 271.3 281.1 280.2 276.1 275.6 277 277.1 280.7 290.4 298.3 285.9 273.3 260.9 237.9 209.3 172.3 156.6 122 100.9 73.8 60.8 51.8 38.4
249.8 268.8 258.2 236.7 227.4 229.4 248.9 245.1 243.5 244.7 250.6 246.4 246 251.5 255.6 254.3 258.4 233.2 219.4 223.9 226.4 220.8 226.2 235.5 232.7 244.3 235.4 228 232.2 238.3 248.9 267.1 260.2 268 280.8 275.2 264.6 274.1 273.1 273.4 298.4 299.1 296.1 296.9 298.1 312.9 322.6 337.4 351.2 350.3 345.5 365.5 359.8 354.7 347.5 330 302.8 290.2 291.4 287.9 284 275.9 275.5 276.7 278.7 280.7 281.2 284.2 292.4 298.8 287.6 273.2 252 235 216.1 195.8 165.4 137.4 104.3 83.4 66.6 54.1 43.1
249.6 272.2 270.6 249.5 231.7 232.8 232.1 236.5 235.5 242.1 243.3 236.7 243.4 251.4 262.3 254.3 245.6 231.7 222.1 213.1 206.3 204 198.1 198 207 216.7 210.1 208.9 222.8 229.2 246.8 251.7 255.6 263.5 264.7 268.5 258.2 260.8 262.9 265.2 271.8 274.7 264.8 275.7 272.9 288 307.1 314.2 325.4 342.2 333.9 351.5 343 354 346.9 328.6 302.9 295 303.7 303.4 303.2 286.6 277.2 283.4 283.2 277.2 279.4 279.8 286.6 299.5 291.8 269.9 250.4 235.5 223 210.7 185.3 144.1 108.3 89.3 67.6 52.7 42.7
247 270.9 283.1 275.4 254.3 242.4 228.2 225.7 228.5 244.1 239.4 235.6 231.7 234.5 241.2 238 237.1 225.2 217.8 214.7 204.6 198 198 198 198 198 198 200 210.7 227.2 242.6 244.5 252.2 266.6 261.6 254 258.8 254.4 251.5 256.2 257.5 248.7 243.1 250.8 258.9 281.8 285.3 293.6 321.8 326.8 329.6 331.1 329.8 342.1 340.3 320.1 303.8 304.6 310.8 307.4 297.1 285.7 282.7 284.5 284.6 284.3 277.2 277.2 277.2 277.9 282.1 274.2 262.2 245.8 231.1 214.5 188.2 145.9 117.4 98.8 71.8 53.5 42.9
248.2 266.3 277.8 280.1 268.7 249 234.1 224.3 224.6 235 229.5 224.6 222.1 222 221.2 220.7 218.4 217.3 211.2 204.3 198 198 198 198 198 198 198 198 206.9 221.5 234.5 247.8 252.4 258.2 252.9 244.5 253.3 255 248 246.9 249.7 234.2 229.8 236.5 252 269.5 268.3 297.9 308.5 305.8 310.8 318.5 316.8 324.8 323.4 307.4 301.7 335.4 324.3 314.9 306.6 300.2 287.9 297.8 309.4 303.5 290.9 279 285 286.1 291 277.8 265.1 248.1 236.4 220.1 183.4 143.4 117.6 95.8 75.3 58.7 45.6
246.6 255.5 261.2 267.4 268.7 254.5 238.1 222.2 210.8 209.9 211.8 214.7 217.6 212.4 211.6 213.3 211.9 211.1 208.5 198 198 198 198 198 198 198 198 198 198 210 222.5 235.4 247.7 242.8 240.8 242.4 250.9 249.3 252.6 241.8 239.6 232.9 224.1 233.4 243.8 247.4 257.2 290.4 292.7 276 294.3 301.3 310.9 313.9 304.9 286.7 284.5 306.1 304.7 311.8 320.3 317.1 301.2 302.9 307.6 310.5 311.2 299.8 293.7 289.1 289.9 280.9 268.5 251.1 228.3 202.1 175.4 140.8 122.9 101.6 83 65.8 49.2
252.5 261.8 262.1 249.8 249.5 252.8 230.7 216.7 207.4 203.9 202.5 203.5 205.6 202.3 201.6 201.1 199.5 199.2 198 198 198 198 198 198 198 198 198 198 198 199.4 209.3 220 236.1 235.8 239.1 242.6 247.9 242.3 244.7 239.3 230.1 221.8 226.7 228.6 231.4 238.6 246.3 267.7 274.1 266.4 283.4 302.5 319.1 316.9 291.7 275.6 273.5 280.4 293.2 291.7 305.8 306.7 297.7 298.4 318.1 333.6 335.5 319.1 303.6 292.2 289.2 282.5 266 251.4 225.3 191.8 165.8 148.5 128.9 112.4 95.1 72.7 56.6
251 247.7 233.1 231.4 227.3 223.7 217.4 215.6 206 202.8 202.4 203.7 203.2 202.2 202.3 203.7 201.3 198.7 198 198 199.4 206.3 210.6 202.8 198 201.7 210.7 213.3 209.7 207.3 206 210.9 215 224.6 237.1 246.2 242.7 234.9 231.9 225.2 222.1 218.1 222.1 230.8 224.6 230.8 236 260.2 267.1 259.9 274 296.6 310.6 295.9 271.9 266.1 278 279.3 288.3 284.3 291.1 302.2 303.8 312.5 319.2 327.7 327.5 324.7 308.5 292.5 282.8 272.7 270.1 266 252.5 204.9 167.8 154.4 142.4 125.9 109 83.6 64.8
213.7 210.9 211.7 214.5 216 215.2 216.4 229 235.8 211 205.8 204.4 203.5 202.7 208.1 212.2 215.5 202.6 198 198.1 209.8 223.6 226.6 213.1 211 212.2 221.2 226.5 224.4 219.9 214.9 212.8 215.7 220.1 218.8 218.5 225 223.5 221.6 217.3 216.7 215.8 216.9 220.7 226.1 227.1 231.8 253.6 254.2 250.2 269.3 278.2 285 274.6 249.3 261.3 275.7 271.3 276.7 281.5 313.5 324.7 324.7 327 323.8 325.3 318.3 314.2 304.2 291.2 270.2 262.9 253.8 242.9 224.9 196.7 162.6 156.7 157.3 147.3 116.6 89.1 71.2
192.4 200.4 213.1 211.9 213 214 217.9 238.3 249.8 235.2 214.7 210.4 206.8 205 209.2 214.2 221.1 203.1 198.3 198 215.2 235.2 229.1 222.8 217.6 215 226 234.3 229.7 230.7 227.3 222.6 221.9 222.4 222.4 218 212.7 212.7 212.7 214 213.9 217.3 217.9 223.5 228.3 223.9 226.3 241.4 256.9 243.5 264.1 262.5 262.9 248.2 238.2 246.5 251.7 253.1 279.3 306.8 310.6 313.3 324.8 329.2 319.9 320.6 319.5 310.2 293 276 262.5 247.5 241.6 231.9 206.4 179 164.4 164.5 167.1 156.3 140.4 94.9 74.5
215.7 234.1 244.2 236.2 233.9 216.2 227.1 246.6 248.1 242.1 245 226.6 227 217.7 214.2 210.9 211.1 207.6 198 198 208.3 225.3 238.7 239.8 225.2 220.9 222.8 227.4 231.8 239.1 242.1 237.9 230.2 232.4 236.8 234.1 223.7 217.4 212.7 212.7 212.7 218 226.2 221.9 222.5 222.9 223.4 217.5 225.3 219.7 243.7 248.3 238.9 224.1 226.9 233.3 243.5 258.3 287.6 295.1 294.4 293 294.8 311.8 314.2 306.1 296.9 288.2 280.5 267.5 249.8 226.9 219.4 211.5 194.5 174.8 162.1 163.4 170.4 160 138.3 106.2 79
235.4 256.2 271.1 266.5 247.4 228.5 232.4 245.1 242.3 254.7 260.2 246.9 247.7 233.2 217.9 212 212.6 212.8 200.4 198 207.2 225.2 249.3 246.9 234.8 223.4 229.3 235.7 237 251.1 253.9 245.6 235.9 234.5 235.8 240.7 230.5 223.4 220.1 220.4 212.7 212.7 212.7 215.2 220.7 231.4 231 219.2 208.5 205.1 214.8 218.1 208.3 207.8 217.3 229 238.7 244.4 259 270.6 272.4 267.2 280.8 289.7 282.4 274.8 270.8 260.8 255.9 249.6 235.7 216.2 197.4 186.1 176.5 164.6 157.5 152.1 155.8 149 134.8 107.4 86.9
248 258.2 276.5 267.1 248.7 242.2 248.3 243.8 242.8 247.6 270.7 265.5 255.4 238.8 225.4 213.3 216.9 213.8 201.5 198 217.6 223.8 244.5 244.7 230.5 226.3 228 231.1 235.6 240.9 248.1 243.8 234.4 247.3 243.6 236.6 233.4 228.9 229.7 231 220.8 218.9 212.7 212.7 212.7 226.7 230.4 224.1 214 201 188.9 188.3 191.8 199.9 204.3 208.8 215 222.6 236.9 239.1 244.2 250.9 250.1 252.8 252.9 246.2 237.9 228.1 226 219.6 207.1 200.8 181.6 170.3 163.4 157.4 150.7 148 142.7 138.5 130.4 109.5 90.9
236.7 250.6 265.3 257.3 254.3 243.5 249.8 249.3 245.6 249.5 271 280.8 262.7 243.6 233.1 220.1 217.3 207.9 198.9 209.6 230.7 235.2 243 240.6 227.3 220.7 230.8 234.4 230.2 228.9 229.2 227.3 234.4 256.3 260.3 249 236.1 232.9 236.9 227.8 225.4 220.6 217.4 216.7 212.7 212.7 224.7 225.3 218.8 202.3 187 182.7 184.5 187.3 195.7 198.9 204.7 209.9 216.6 220.3 219.4 219.5 222 216.5 212.4 212.5 208.6 197.4 189.6 185.9 184.7 177.8 164.2 158.3 155.6 151.7 145.9 142.9 137.2 130.1 124.7 110.7 94.2
219.9 229.2 248.5 243.6 251.6 236.7 239.9 244.6 264.3 271.2 279.2 294.6 290.7 265.9 240.9 233.7 216.7 204.2 201.6 214 236.1 236.5 233.2 229.3 225.9 216.1 221.7 233.4 237.5 236.3 235.4 226 237.8 235.5 241.8 251.1 245.3 236.3 234 230.4 228.5 218.7 219.6 221.9 220.4 216.8 211 218.5 219 202.3 181.4 180.7 183.9 184.3 186.7 189.6 188.3 197.9 205.5 209 202.5 193.4 189.3 183.1 188.7 184.7 176.7 171.6 166.5 166.1 169.4 167.7 156 149.7 143.4 141.7 143.1 143.3 136.4 125.4 116.9 104.2 91.7
212.6 229.3 231.2 236.2 236.4 234.3 240.4 262.6 291.6 292.3 290.6 298.6 303.1 288.8 253.8 237.4 219.3 202.5 196.8 210 226.7 232.3 222.8 223.4 220.4 208.9 215.1 228.7 236.9 241.2 236.8 224.5 232.3 257.8 261.2 256.2 244.6 232.9 228.4 226.2 237.1 230.7 227.7 234.2 241.7 246.5 236.9 214.9 198.4 185 177.1 182.3 181.7 186.1 189.5 186.6 182.6 171.9 172.8 175.8 171.6 168.4 167.4 164.1 156 153.6 150.2 150 149.6 146.8 149 149.2 143.3 135.7 130.3 127.5 127.6 128.9 124.3 115.3 105.4 98.8 89.6
211.6 214.6 212 239.9 237.9 233 246.7 295.6 313.8 303.8 296.4 299.7 306.3 292.1 259.3 233.9 212 198.3 190.3 199.4 214.3 215.2 213.8 219.2 210.4 202.9 210.3 222.3 219.7 223.7 221.2 225.3 254.6 279.9 270.3 249.6 238.1 236 244.7 251.5 248.4 237.8 236.1 236 242.6 243.4 232.7 217.9 188.2 171.6 175.9 177.8 178.9 180.3 177.7 179.4 175.9 165.8 156.7 150.5 145.3 139.2 133.7 128.8 132 130.7 123.3 124.2 125.8 128.6 131.2 132.4 126.5 127.5 127.1 118.1 111.6 113.7 106.5 97.9 90.8 85.5 78.3
205.8 201.9 206.3 242.1 232.1 229.5 243.2 295.2 321.2 311.4 296.9 293.7 296.9 286.4 262.1 234.8 206.8 191.3 186.1 195.9 212.9 212.5 215 211.5 200.9 196.7 206 222.5 218.3 214.5 218.3 241.2 255.8 273.7 273.5 248 234.6 236.1 254.1 262.4 250.2 244.8 244 236.6 233.6 230.5 222.8 207.8 192.8 180.6 168.4 164.9 162.2 160.3 161.1 160.6 159.9 157.3 149.9 140.9 132.5 124.9 118.2 111.1 107.3 108.3 109.5 109.7 112.1 113.3 112.2 111.4 110.8 111.9 115.2 107.2 96.3 92.4 88.2 84.6 78.4 73.7 70.9
207.3 196.6 202 220.6 218.6 227.4 255.5 293.3 312.6 322.6 305.2 288.8 283.8 272.5 258 238.2 208.1 192.3 184.7 191.8 209.1 208.9 215.1 213 199 199.3 199 211.9 212 210.3 213.8 241.3 247.6 256.9 257.5 234.6 238.7 239.7 255.2 257.2 246.8 250.5 245.3 240.1 234.3 226.6 217.7 208.2 199.1 189.6 179.1 169.1 162.4 149.6 142.2 141.4 143.1 139.9 135 128.4 119.5 113 107 101.9 101.1 103.2 104.6 107.4 109.7 110.9 106.9 102.8 100.2 95.9 92 88.8 81.8 80 75.8 73 69.5 64.7 65.7
209.1 196.3 188.8 198.9 209.9 237.7 281.7 303.1 308.1 320.2 317.5 297.8 279.1 262.9 247.9 233.9 210.2 196.8 188.2 182.6 191.3 201.1 218.8 208.4 207.2 198.5 199.4 202.8 209.6 200.3 208.5 233.9 234.8 230 229.4 231 232.7 239.1 238.8 237.3 238.9 243.4 248.2 249.1 244.1 228.8 215.1 207.6 200.8 196.6 190 178.5 164.6 154.9 144.6 136.9 127 119.1 112.5 110.1 107.4 103.9 100.7 97.8 98.3 99.1 98.8 104 106.9 106.8 103.5 99.4 93.1 87.1 82.7 80.1 74.9 74.9 71.3 69.5 63.7 58.5 61.8
199.1 185.6 178.2 188.3 207.6 263.4 279.9 294.3 298.9 300.6 304.6 294.3 283.6 262.2 244 225.4 208.1 199.7 193.1 181.8 182.1 203.5 207.4 206.5 197.6 196.4 201 203.2 199.9 195.7 196 202.8 218.3 220 218.1 222.9 219 224.7 225.9 227.6 237.8 240.6 247.6 242 231.1 218.3 210.4 206.3 202.3 201.5 190.3 176.3 163.2 154.3 145.4 136.7 130.6 125.8 118.3 111.4 105.1 99.9 96.6 94.1 92.6 89.5 87.5 88.5 89.4 90.7 91 87.4 82.8 77.2 71.8 71.9 70.7 69 63.1 58.2 52 52.2 50.3
181.7 174.3 181.8 180.4 207 258.5 274.6 274.2 277 285.8 282.7 284.2 269.5 255.5 235.1 216.5 202.4 191.7 186 179.4 175.8 198.4 200.9 201.9 192.9 201.2 210.2 201.8 198.5 196.4 193.4 196 199.3 197 202.9 204.3 212.7 210.6 213.9 219.5 227.8 235.5 239.7 229.4 217.2 207.7 200.7 192.3 188.9 183.4 174.2 166.6 158 151.5 141.8 137.1 129.1 125.7 120 112.3 106.3 103.1 97.6 94.7 92.4 93.4 85.6 83.4 83.1 84.2 85 83.5 75.8 71.1 67.7 67.2 65.8 63.7 62.6 61.9 57 50.6 47.7
176.4 170.1 173.1 170.8 203.6 219.9 237.1 250.1 252.2 259.2 263.2 257 249.4 231.1 221 205.2 187.9 188.8 186 180.6 170.1 176.5 204.2 193.4 186.9 199.6 201.4 198.7 202.1 205.2 196.3 190.8 191.7 193.1 194.9 193.2 193.7 195.8 200.2 203.5 210 218.8 223.3 210.4 202.7 195.6 188.6 183.1 174.5 167.3 163.3 156.4 151.1 145.9 140.8 135.4 129.6 124.4 119.7 113.5 106.3 101.3 98.9 97.4 94.4 91.9 84.6 81.8 78.6 77.2 76.3 74.1 71.8 70.5 76.6 76.4 73.8 69.2 68 67.8 62.9 57.6 51
172 164.4 158.4 173.6 201.4 205.8 207.4 216.2 227.6 237.7 240.6 236.8 224.4 216.5 203.9 194.4 178.6 188 177.6 171.1 168.6 164.6 175.6 183.5 180.3 189.7 194.8 196.9 203 208.6 198.9 192 192.9 195.2 189.1 192.5 197.2 209.4 210.8 201.1 201.3 211.7 214.2 206.3 198.5 189.5 176.8 170.8 164.4 156.3 153.5 149.2 142.1 137.8 135.4 131.5 126.8 122.6 119.4 114.2 107.5 103.6 101 99.3 96.2 92.1 94.5 88.1 85.1 82.7 80.8 78.6 76.6 79.6 80.5 80.7 79.6 79.1 73.8 74.2 70.9 64.9 56.6
