public/OST50/NG87.asc
ncols 200
nrows 200
xllcorner 180000
yllcorner 870000
cellsize 50
[rows 74 to 110 of 200, columns 0 to 82 of 200]
-2.1 -2.1 -2.1 -2.1 -2.1 -2.1 -2.1 -2.1 1.2 3.3 14.6 17.7 24 33.6 48.4 57.7 74 94.6 112.4 136.1 164.1 191.9 193.7 212.6 224.2 217.7 224.2 233.2 228.5 227 217.4 217.6 218.6 217.6 214.3 211.6 212.7 215.6 211 213 211 211 211.9 213.7 215.8 216.5 222.8 235.6 244.8 255.8 255.7 257.7 257.8 255.1 244.2 238.3 232.5 233 236.9 230.8 228.2 231.3 235.4 245.6 250 255.6 255.6 251.7 247.5 250.5 255.1 259 262.4 274.2 290 296 296.6 295.8 305.4 309.5 324.1 324.5 314.1
-2.1 -2.1 -2.1 -2.1 -2.1 -2.1 -2.1 -2.1 -2.1 -1.9 9.2 15.2 19 26.7 37.9 53.7 76.1 97.3 116.4 134.9 169.3 209.9 210.9 211.9 216 216.7 224.4 231.2 227.8 226 215.1 215.9 225.9 229.1 223.4 214.5 213.3 213.6 211 211 212.4 212.2 213.4 215.8 218.3 217 218.7 228.7 236.4 249.9 262 263 251.5 245.7 243.2 231.8 234.3 244.9 249.3 243.2 234.2 233.7 249.9 255.7 259.6 270.4 267.1 264.3 269.3 258.7 255.1 257.3 260.6 264.9 273.4 287.6 288.4 290.4 294.9 308.7 321.1 318.7 305.4
-2.1 -2.1 -2.1 -2.1 -2.1 -2.1 -2.1 -2.1 -0.4 1.6 5.9 15.7 19.1 22.7 34.2 52.6 81.8 115.7 135.1 153.2 170.9 197.8 217.2 215.9 216.7 231.1 231.7 225.5 221.9 217.2 213.8 216.9 223.5 229.7 227 216.7 213.4 215.9 213.7 212.6 215.8 215.2 216.1 215.9 215.7 215.5 216.5 218.8 224.3 245.4 257.8 250.3 242.2 232.2 229.3 233.1 237.2 241.7 252.2 256.3 247.6 240.7 257.8 264.6 275.1 275.5 274.2 274.7 284.7 283.8 271.2 263.8 262.6 263.4 266.9 275.4 279.5 282.1 289.1 304.1 311.1 300.6 291.6
-2.1 -2.1 -2.1 -2.1 -2.1 -2.1 -2.1 -2.1 -0.5 1.5 4.7 15.7 19.3 22 34.2 54.2 76.2 105.9 134.3 159.2 173.1 199.7 210.3 219.4 217.7 221.1 227.2 223.6 216.6 213 211.2 215.5 221.2 226.4 223 216.8 213.8 213.9 215.4 215.6 215.4 214.7 215.5 213.9 212.8 212.1 212.8 214.7 217.9 234.6 229.8 230.9 228.7 232.4 238.1 241.8 245 245.5 251.4 255.2 254.8 257.8 258.4 269.9 283 282.8 276.5 284.6 295.2 297.3 295.1 280.3 270 265.2 265.5 266.2 270.4 273.7 280.9 293.2 294.2 281.9 278.8
-2.1 -2.1 -2.1 -2.1 -2.1 -2.1 -2.1 -2.1 0.9 2.5 8.7 16.2 19.8 23.8 35.6 50.8 74.1 104.1 129.6 159 181.2 198.2 214.9 223.9 223.8 218 217.8 215.7 212.1 207 211.9 217.3 224.4 233.4 230.4 219.9 214.2 212.2 214.7 214.1 214.7 213.7 211.5 208.6 207.2 210.2 216.8 217.9 216.4 216.5 219.4 222.8 227 244.5 247.6 250.6 253.1 257.1 263.6 259.9 257.2 285.7 289.7 277.7 287.4 291.6 282.1 290.8 294.2 306.9 304.6 291.4 277.3 270.5 265.6 261.4 259.8 261.5 273.7 283.2 277.6 268.5 271
-2.1 -2.1 -2.1 -2.1 -2.1 -2.1 -2.1 -2.1 0.7 11.4 15.9 24.1 26.4 34.8 47 58.9 77.2 103.5 119.6 132.7 159.5 177.7 195.1 211 216.3 211.2 203.5 203.4 202.4 203.4 217.3 218 217.1 226.7 225 218.2 216.9 210.2 208.9 209.4 210.8 208.8 206.5 204.5 207.7 213.9 220.2 219.1 216.5 216.5 216.5 219 221.6 227.8 240.7 257.3 265.9 265.5 261.6 258 268.5 291.3 307.9 305 294.4 305.6 290.7 298.8 295.5 306.1 307.2 296.6 283.2 272.3 268.4 260 257 251.9 251.4 263.8 262.8 258.2 260.3
-2.1 -2.1 -2.1 -2.1 -2.1 -2.1 -2.1 -2.1 2.6 15.6 24.8 33.5 45.4 49.7 59.3 71.1 86.5 99.8 113 123.9 145.2 166.8 176.7 183.3 191.8 193.9 189.7 185.4 195.2 201.8 212.5 208.9 208.9 211.2 211.7 212.4 217 212.2 202.6 200.3 200.8 201.1 200.5 203.9 210.4 217 222.5 217 216.5 216.5 216.5 216.5 216.5 219.7 225.1 243.4 269.8 263.2 262.9 268.5 290 306.6 327.9 329.5 321.8 306.5 301.7 294.8 299.5 301.8 305.5 299.5 286.2 273.8 270.1 261.6 257.3 253.3 252 247.2 246.1 246.4 250.2
-2.1 -2.1 -2.1 -2.1 -2.1 -2.1 -2.1 -2.1 -2.1 15.7 23.8 36.2 48.2 56.5 65.3 71.6 89.2 97.2 109.6 121.3 131 140.5 150.4 155.8 157.2 166.6 170.8 173.2 182.2 192.2 200.2 197.7 199.2 201.7 203.6 208.4 210.4 215.1 203 195.5 192.8 196.3 202.4 210 223.5 222.3 217.2 216.5 217.2 216.5 216.5 216.5 217 218.7 218.5 235.6 255.3 264.2 266.6 289 319.6 329.7 344.8 348.8 348.9 334.6 305.6 299.4 301.3 296.7 298.9 293.7 282.4 277.7 271 262.1 257.5 254.8 257.6 252.5 241.3 234.1 242.7
-2.1 -2.1 -2.1 -2.1 -2.1 -2.1 -2.1 -2.1 -2.1 10 19.1 31.4 42 49.1 60.4 72.1 78.4 90.6 101.9 116.7 123 125.8 126.5 129.1 138.5 156.1 165.5 175.2 179.8 184.2 194.9 193.5 192.5 194.7 197.3 203.8 206.9 207.1 192.9 188.1 193 203.1 210.4 214.9 219.2 215.3 215.9 217.2 218.9 217.9 216.5 216.5 216.5 216.5 218.1 232.2 241.1 263.2 283.8 307.3 337.3 357.2 353.7 354.1 363 350.4 328.3 306.3 305.3 304.5 289.5 281.2 273.3 277.9 274.5 260.6 256.6 255.4 258.3 251.6 242 233.2 228.3
-2.1 -2.1 -2.1 -2.1 -2.1 -2.1 -2.1 -2.1 -2.1 1.3 2.5 19.6 23.9 33.1 48.9 59.6 69.1 83.1 93.1 99.6 108.8 111.4 112 111.4 141.4 170.4 165.7 171.5 178.7 176.8 177.3 182.7 183.9 185.1 188.2 192.6 192.2 188.4 177.6 181.4 196.4 206.1 212.3 213.2 214.2 212.5 224.9 225.1 219.9 218.3 216.5 216.7 217.9 216.5 222.6 228.6 253.6 297.5 310.9 329 348.4 357.5 362.1 352.4 361.2 354.7 336.6 310.5 301.9 295.2 282.9 269.2 267.4 266.3 262.8 256.1 251 250.2 247.9 243.9 240.3 236 228.3
-2.1 -2.1 -2.1 -2.1 -2.1 -2.1 -2.1 -2.1 -2.1 0.5 2.3 1.7 10.8 16 28.8 44.2 57.5 68.5 74.4 79.3 85.3 94.4 100.4 103.6 110.8 137.3 164.3 171 170.7 169.1 161.4 168.2 172.7 172.6 179.4 175 172.8 172.3 158.8 180.3 196.9 200.3 207.7 208.3 207.3 214.1 218.8 219.7 218.3 219.1 218.5 219.2 217.7 216.4 214.6 221.7 266 299.8 316 332.1 351 349.9 348.6 345.4 343.6 346.2 333.8 314.5 298.6 287 277.7 266.7 265.2 256.5 255.1 247 242.1 242.1 238.4 230.6 234.3 234.8 228.3
-2.1 -2.1 -2.1 -2.1 -2.1 -2.1 -2.1 -2.1 -2.1 0.6 2.3 1.7 10.1 9.5 13.3 21.3 29.8 43 52.6 58.6 69.3 77.2 85 88.9 101.2 119 159.4 166.7 161 155.8 151 149.7 153.3 155.2 155 157.5 158.7 146.6 163.5 183.6 197.5 200.1 203.6 207.8 214.1 219.2 219.7 219.7 220.9 218.8 219.3 222.2 218.2 218.7 226.5 227.5 270.4 289.8 309.6 326.3 337.9 338.4 333.6 332.1 328.1 326.5 318.7 310.1 294.7 278.7 270.7 267.8 261.5 254 252.2 242.1 234.3 231.7 228.3 228.3 228.3 230.9 228.3
-2.1 -2.1 -2.1 -2.1 -2.1 -2.1 -2.1 -2.1 -2.1 0.5 2.3 7.6 7.4 7.7 10.4 16.7 19.7 22.6 28.7 40.7 50.6 59.4 66.7 74.6 87.4 101.2 139.7 161.3 151.4 140.1 136 132.7 134.1 135 136.5 145.7 137 142 174.2 194.9 200.7 202 208.2 216.5 224.3 222 221 220.4 220.1 219.7 220.1 220.6 218.2 224.5 231.6 238 247 280.5 294.7 313 326.2 323.6 316.1 318.7 316 305.9 303.2 294.8 280.9 274.4 265.2 260.1 257.6 249 246.4 239.1 231.9 228.3 228.3 228.3 228.3 228.3 228.3
-2.1 -2.1 -2.1 -2.1 -2.1 -2.1 -2.1 -2.1 -2.1 0.6 2.4 9.2 6 10.1 11.7 17.6 19 18.9 20.1 22.7 32.2 41.3 48.5 61.3 71.7 78.5 95.5 131.1 146.6 130.6 124.2 117.3 113.6 114.9 116.9 118.6 123.2 150.9 167.6 191.3 206.9 205 209.2 218.8 229.1 225.1 222.7 222 225.6 222.3 223 219.7 220.1 232.7 234.6 246 254.2 256.9 278.4 302.4 308.6 313.3 300.3 303.8 299.8 294.9 286.8 273 274.2 268.7 267 253.1 245.6 246.5 241.2 235.8 228.3 228.3 233.9 230 230.1 228.3 228.3
-2.1 -2.1 -2.1 -2.1 -2.1 -2.1 -2.1 -2.1 -1 0.9 2.4 9.4 4.3 9.6 11 20.4 31.7 22.1 20 19.7 19.8 23.1 31.1 42.8 53.9 58.5 67.6 93 109.9 111.5 105.1 97.7 96.3 95.8 92.4 104.8 126.3 142.9 161.8 175.2 195 210.4 211.1 217.4 227.9 229.1 227.7 231.8 230.7 224.1 222.1 220.6 229.7 238 241.9 244.8 250.2 249.6 262.4 283.6 288.9 292.8 289.1 291.3 286.9 279.7 267.4 267.4 276.1 263.3 249.7 244.7 237.6 228.3 235.1 228.3 230.7 234.5 233.8 233.3 231.7 228.3 228.3
-2.1 -2.1 -2.1 -2.1 -2.1 -2.1 -2.1 -2.1 -0.4 1.3 2 8.5 5.5 7.6 11.2 13.5 36.1 32.5 26.4 21.9 20.6 19.8 19.6 23.2 33.9 39.3 46.1 56.7 71.7 81 84 81 78 75.3 81.3 95.9 108.5 123.9 148.8 161.6 191.6 217.2 215 216.7 222.1 226.7 232.6 235 230.7 222.9 222.3 225.4 235.9 244.8 251.5 248 244.4 246.3 247.9 258.3 273.3 271 281.1 280.2 268.5 263.2 270.9 259.6 262.9 251.3 241.8 234.6 230.3 228.3 228.3 232.1 236.4 237.4 235.7 235.5 237.8 228.3 228.6
-2.1 -2.1 -2.1 -2.1 -2.1 -2.1 -2.1 -0.8 0.5 1.9 6.4 5.6 16 7.5 8.1 9.2 21.4 35.2 31.4 25.8 23.4 20.4 19.2 18.3 16.9 18.7 28.3 42.6 51.8 57.5 59.8 60.5 58.2 66.6 80.9 90.5 97 109.9 128.2 160.1 197.3 221.6 211.3 207.3 213.4 219.4 226.6 233 228 219.8 223.9 229.6 236.5 246.6 253.2 247 245 239.9 239.1 240.5 250.4 257.6 259.2 255 249.3 254.9 249.8 254.2 247.7 237.3 232 230.5 228.9 228.5 228.3 235.7 243.2 242.6 239.2 238.2 240 234.3 228.3
-2.1 -2.1 -2.1 -2.1 -2.1 -2.1 -0.8 0.3 1.6 2.2 12.4 13.6 12.1 8.7 6.2 8.7 11.5 21 29.6 31.9 31.5 29.3 22 20.2 18.2 14.8 15.7 18.8 25.2 32.3 37.3 45 58.5 67.4 74 86.4 90.7 98.5 120.4 160.7 189.7 217.5 205.8 199.3 204.6 210.2 217.5 225.7 221.2 217.3 222.1 228 233.1 243.2 242.5 238 239 234.6 230.7 231.3 226 225.5 228.9 240.7 235.9 239 242.7 240.7 236.2 227 227.4 229.9 233.3 244.3 242.8 243.2 246.9 246.8 244.4 240.5 237.5 233.4 232.3
-2.1 -2.1 -2.1 -2.1 -2.1 2.5 2.5 1.9 3 11.5 12.4 10.3 9.8 11 8.2 9.9 12.5 14.3 23.1 36 37.7 33.1 24 18.2 16.6 16.6 13.1 13.9 19.8 23.5 25.3 34.7 50.1 59.6 66.9 75.8 80.7 89.4 124.2 159.5 189.5 194.4 194.4 191.6 192.7 196.4 201.7 210.7 205.1 214.4 219.9 219.6 226.7 229.1 227.3 222.9 226.3 225.9 221.5 217.6 213.7 211.4 214.8 220.6 219.6 231 235 232.7 227 229.8 227.2 228.1 230.7 242.3 253.4 259.1 255.3 251 248.6 243.4 241 237.5 234.8
-2.1 -2.1 -2.1 -2.1 -2.1 -2.1 3.1 5.9 7.3 9.7 9.5 8.1 9.1 13 13.5 12.9 14.6 16.2 20.4 30.4 37.6 28.2 18.7 13 10.3 8.6 7.2 10.3 14.7 17.5 17.2 22.2 35.6 46.6 56.3 62.6 65.6 77.4 115.9 148.5 167 173.1 173.1 172.7 182 182.8 185 189 188.2 202.1 210.3 209.9 216.1 214.8 210.4 210.6 212.5 213.9 211.1 209 207 201.9 197.1 201.7 203.5 212.8 222.9 226.6 234 240.5 230.9 231 230.4 247.8 259.2 267.4 262.9 260.4 261.3 251.1 246.6 241.8 238.4
-2.1 -2.1 -2.1 -2.1 -2.1 -2.1 10.2 16.6 23.9 29.4 30.5 24.5 20.1 28.6 26.7 21.4 18 16.2 14.8 22.8 26.1 19.5 9.1 2.2 2.2 2.5 4.5 9.7 11.2 13.1 12.5 16.7 18.5 31.2 40.5 47.7 53.1 68 101 118.8 134.1 147.4 150.8 148.3 161.6 166.8 168.5 167.6 176.4 188 198 200.4 207.1 202.4 200.9 198.8 200.4 200.5 200.1 196.2 192.8 188 180.9 178.6 182.6 198.1 210.8 230.4 250.5 250.5 241 233.6 233.8 258.7 262.9 268 283.2 279.3 274.7 259.8 249.1 245.2 243.8
-2.1 -2.1 -2.1 -2.1 -2.1 -2.1 22.5 34.7 38.1 42.2 41.3 38.8 39.3 39.6 37.8 30.7 22 13.1 7.9 9.9 12.1 8.6 -2.1 -2.1 3.4 3 3.2 7 6.6 6.8 7.5 9.7 11.4 13.9 18.2 26.1 35.6 46.3 64.3 84.7 109.6 122.9 130.3 127.8 134.1 147.4 145.1 158.3 162.4 175.9 182.7 188.3 196.5 196.3 192.5 188.5 185.8 184.1 183.2 183.1 177.5 173 163.3 158.6 173 198.7 221.2 254 267.6 258.4 250.7 240 246.7 261.6 300.6 310.6 307.3 299.7 284.4 268.1 260.3 251.3 251.1
-2.1 -2.1 -2.1 -2.1 15.3 20.5 30 36.5 36.9 37.3 31.6 33.3 38.7 39.8 35.6 29.4 18.9 6.9 3.1 2.6 -2.1 2.7 -2.1 3.7 3.3 2.6 3.7 3.7 3.7 4.2 5.8 4.5 7.4 8.4 8.6 15.1 20.4 24.7 38.9 54.6 69.3 86.6 98 104.3 116.1 118.1 134.4 143.5 149.9 161.4 168.9 167.9 178.7 186.5 180.6 176.4 173.1 171 169.2 166.8 159.1 156.1 147.6 156.1 166.9 190.6 203.5 265.4 271 263.9 264 263.5 259.3 277.6 330.7 335.4 329.1 321.5 299.7 281.7 274.7 262.6 255.8
-2.1 -2.1 7.5 14.7 19.9 24.3 28.8 28.4 27.3 27.2 28.7 38.9 36.5 30.6 29 21.3 10.2 3.5 -2.1 -2.1 -2.1 4.5 12 7.2 5.8 3.7 4.5 4.5 4.9 7.8 12.1 16.2 21.1 14.9 10.8 9.3 19 20.9 22.2 30.6 46.4 57 70.9 79.2 88.6 105.2 117.3 124.4 134.7 142.3 149 145.2 158.7 166.4 167 162.4 159.3 155.6 149.4 142.4 138.2 129.4 149.3 155.2 163.9 169.8 187.1 233.7 247.9 249.4 258.2 283.4 275.3 297.4 335.8 346.1 342.9 337.8 312.4 292.5 291.2 276.9 272.7
-2.1 -2.1 -2.1 7.7 14.1 22.3 20.7 15.4 16.4 18.7 25.1 26.7 21.1 17.3 14.4 4.9 3.1 -2.1 -2.1 -2.1 0.9 6.4 36.3 24.9 18.7 19.5 11.6 8.3 6 12.3 14.4 23 38.9 34.4 27.3 11.4 15.8 19.2 20.2 20.9 25.3 36.2 48.9 59.3 67.4 78.8 92 105.4 113.2 121.9 119.8 124.1 133.6 144.4 146.2 137.5 136 129.1 123 121.3 118 143.3 156.7 160.4 161.5 168.9 178.9 214.9 228.5 228.7 267.4 291.9 291.1 303.5 326.4 346.7 357.4 346.4 328.8 304.5 298.2 289.4 296.8
-2.1 -2.1 -2.1 -2.1 10.6 13 13.5 11.5 5.1 -2.1 4.9 6.1 5.9 10.4 4.2 1.2 -2.1 -2.1 -2 -2.1 1.8 10.7 33.2 37.5 36.1 47.9 32.4 15.5 10.5 11.9 13.5 23.8 39.6 42.9 39.4 23.5 10.9 16.4 18 17.3 19.3 23.3 29.2 36 45.2 54.5 66.6 79.2 87.5 91 96.4 103.4 110.8 113.2 115.6 109.8 106.5 102.4 92.7 116.7 133.4 145 153.8 154.3 158.5 168.9 174.1 187.1 188 209.1 258.6 275.6 292 300.1 324.3 349.8 368.4 360.1 340.6 322.6 311.1 306 312.8
-2.1 -2.1 -2.1 -2.1 -2.1 9.6 12.7 -2.1 -2.1 -2.1 -2.1 0.6 2.5 2.3 2.4 -1.7 -2.1 -2.1 -0.3 0.6 1.9 13.2 41.5 52 52.8 67.7 62 27.5 16.1 13.3 14.8 21.6 30.4 30.5 33.4 27.8 15.1 12.8 13.8 15 17.6 21.3 22.9 25.4 30.2 35.3 46.4 56.4 66.6 69 75.5 81 85.7 86.8 84.7 85.5 86 81.2 94.8 111.9 126.4 134.5 138.5 143.1 147.6 157.9 163 160.4 165.6 187 226.9 269 294.2 293.8 317.3 365.3 380.2 374.7 355 332 316 310.4 330.2
-2.1 -2.1 -2.1 -2.1 -2.1 10.4 -2.1 -2.1 -2.1 -2.1 -2.1 -2.1 -2.1 -2.1 -2.1 -2.1 -2.1 -2.1 1.4 2.3 3.4 14.4 34.5 52.5 57 71.7 71.2 56.7 26.1 19 18.3 24 26 25.5 21.8 20.4 17.7 18.1 19.2 19.8 20.5 22.7 23.9 29.7 32.7 32.7 33.5 35.9 45.5 51.4 57.1 62 65.9 65.9 66.2 70.1 78.8 86.8 97.8 101.4 113.7 120.4 124.2 128.7 132.5 141.6 146.6 152.2 156.2 166 203.9 250 269.8 276.9 314.5 349.3 372 375.5 368.8 346.1 321.6 314.6 325.6
-2.1 -2.1 -2.1 -2.1 -2.1 -2.1 -2.1 -2.1 -2.1 -2.1 -2.1 -2.1 -2.1 -2.1 -2.1 -2.1 -2.1 -2.1 5.1 11.6 17.5 15.9 30.1 51.7 52.9 64 76 67.3 43.7 30.4 28.1 33 33.6 29.2 21.7 20.1 20.8 18.5 19.8 21 21.9 23.5 24.6 31.9 38.3 40.2 45.8 49.5 48.3 49.8 49 49 53.8 74 82.1 92.7 101.1 109.1 113.4 116.4 115.8 117.3 121.1 122.7 125 128.1 133.8 139.7 147 155.6 167.8 207.1 238.1 256.5 292.6 320.5 340.9 360.7 371.5 356.5 332.2 325.2 337.2
-2.1 -2.1 -2.1 -2.1 -2.1 -2.1 -2.1 -2.1 -2.1 -2.1 -2.1 -2.1 -2.1 -2.1 -2.1 -2.1 -2.1 5.8 14.7 16.8 20 18.1 24.9 37.1 44.6 50.6 67.2 73.4 63.1 45.5 43 44.7 43 37.5 25.6 26.3 29.4 20.5 20.4 21.7 25 25.7 27.4 34.2 39.1 43.6 51 62.4 70.1 76.4 74.2 70.5 81 90.1 97.3 102.7 107.8 115.5 125.6 127.8 127.2 124.2 119.3 120.5 122.3 123.6 126.4 131.5 139.9 147.5 158.1 188.1 229.4 243.9 271.5 297.3 309.7 334.4 347.8 341.8 331.8 341 352.3
-2.1 -2.1 -2.1 -2.1 -2.1 -2.1 -2.1 -2.1 -2.1 -2.1 -2.1 -2.1 -2.1 -2.1 -2.1 -2.1 -2.1 21 31.9 36.4 31.8 20.7 23.3 29.2 34.8 39.3 54.6 77.7 77 60.1 54.8 50.3 49 39 28 29.1 30.8 26.8 21.8 25.1 27.5 27.5 30 35.3 39.1 47.5 52.3 62.9 73.1 86.9 95.4 91.8 100.5 139.5 154.3 140.3 138.6 133 132.3 136.1 137.7 135.3 129 124.3 121.5 123 124.4 127.3 131.9 138.3 149.5 166.4 183.4 229.9 246.8 262.8 271.1 281.6 297.7 297.2 299.9 320.1 338.2
-2.1 -2.1 -2.1 -2.1 -2.1 -2.1 -2.1 -2.1 -2.1 -2.1 -2.1 -2.1 -2.1 -2.1 -2.1 -2.1 -2.1 19.2 29.9 46.5 45.4 32.6 21.7 28.5 31 34.7 47.5 79 81 75.2 65.9 55.6 51.3 41.3 32.1 30 30.4 35.1 35.6 29.9 37.1 35.7 31.8 36.9 44.6 51.6 58.4 64.4 75.9 89.6 101 114 129.9 157.2 172.7 183.1 183.3 170.6 166.5 161.1 158.5 152.1 141.5 130.8 124.3 122.8 124.4 126.3 128.8 134.9 139.3 145.9 156.5 198.8 219.4 222.4 228.8 238.7 247.1 253.7 260.6 288 309.4
-2.1 -2.1 -2.1 -2.1 -2.1 -2.1 -2.1 -2.1 -2.1 -2.1 -2.1 -2.1 -2.1 -2.1 -2.1 -2.1 -2.1 -2.1 26.1 53.1 52.8 44.6 27.6 28 31.9 34.3 42.1 71.1 84.6 84.4 77.8 60.9 52.9 44.4 35.5 33.6 37.4 45.9 48.2 41.7 43.1 41.4 40.5 47.1 51.7 55.2 65.6 73.6 83.1 96.8 120 142.7 164.8 161.3 176.6 209.5 213 212.2 198.8 191.9 187.6 185.7 169.9 152.5 138.1 127.5 124 125.3 127.7 132.7 135.4 137.2 142.3 163.9 184 184.6 191.1 197.9 211.1 218 233.9 248.2 282.5
-2.1 -2.1 -2.1 -2.1 -2.1 -2.1 -2.1 -2.1 -2.1 -2.1 -2.1 -2.1 -2.1 -2.1 -2.1 -2.1 -2.1 -2.1 26.9 50.2 56.2 52.1 43.4 28 32.4 37 42.1 63.4 82.1 89.8 86.5 70.9 53.6 44.2 39.1 40.9 45.8 53.7 57.6 51.2 53.2 49.5 50.6 55.9 59.2 60.1 69 82.9 89.6 115.4 143 166.3 188.4 180.2 181.6 228.2 236.9 238.3 226 217.7 208.7 203 183.8 171.3 160.9 149.6 142 134.5 130.8 129.3 132 134.4 134.9 136 146.1 156.2 162.6 171 181.3 191.5 203.3 225.8 254
-2.1 -2.1 -2.1 -2.1 -2.1 -2.1 -2.1 -2.1 -2.1 -2.1 -2.1 -2.1 -2.1 -2.1 -2.1 -2.1 -2.1 -2.1 17.9 49.1 55.3 56.5 48.9 38.4 32.1 37.5 43.9 53.6 72.4 88.8 88.3 77.2 59.4 48.1 44.5 45.9 53.2 61 64.3 57.2 59.3 54.7 52.3 58.9 64.6 68.6 80.5 94.8 102.9 128.3 152.1 176.5 194.8 187.4 197.2 231.8 239.9 245 236.5 231.4 222.9 221.7 205.1 190.4 188.9 196.6 169.6 156.7 153.1 158.2 145.5 142 135 133 133.4 136.1 142.2 149.4 160.8 172.2 183.2 205.3 221.6
-2.1 -2.1 -2.1 -2.1 -2.1 -2.1 -2.1 -2.1 -2.1 -2.1 -2.1 -2.1 -2.1 -2.1 -2.1 -2.1 -2.1 -2.1 12.8 35.6 51.3 56.3 56.4 48.3 32.6 42.3 49.5 55.2 67.4 83.7 90.6 81.4 64.3 50.7 44.8 47.3 57.2 66.3 68.8 64.9 62 58.8 57.3 63.1 69.9 77.4 86.2 99.1 116.2 147.8 160.9 170.1 184.9 183.4 202.1 224 240.1 240.8 235.6 230.7 220.1 231.3 232.2 225.6 217.3 218.7 198.5 181.2 196 191.2 181.5 168.2 157 146 140.8 135.5 134 137.3 146.6 157 163.8 179.1 205.8
-2.1 -2.1 -2.1 -2.1 -2.1 -2.1 -2.1 -2.1 -2.1 -2.1 -2.1 -2.1 -2.1 -2.1 -2.1 -2.1 -2.1 -2.1 12.2 33.1 45.3 55.9 62 54 42.6 42 53.2 57.9 63.2 80.6 88.9 84.3 67.3 51.8 47.1 48.4 59.7 71.7 82.7 77.1 68.9 62.3 63 67.7 74.8 81.4 88.4 101 129.6 152.8 157.1 157.3 169.4 176.5 194.7 214.6 224.4 226.5 236.7 222 221.1 234.1 256.6 260.5 244.7 234.7 233.6 210.5 222.8 222.2 224.5 206.9 194.3 183 187.1 177.6 147.6 136.7 136.3 141.5 148.5 160.1 182.8
