public/OST50/NG88.asc
ncols 200
nrows 200
xllcorner 180000
yllcorner 880000
cellsize 50
[rows 160 to 199 of 200, columns 90 to 179 of 200]
-2 -2 -2 -2 -2 -2 -2 -2 -2 -2 -2 -2 -2 -2 -2 -2 -2 -2 -2 -2 -2 16.4 18.2 21.1 21.7 21.1 19.7 19.5 20.2 23.3 26 27.7 30.8 32.8 33.1 31.4 29.9 30.3 30.4 35.8 39.3 43.4 47.4 50.1 51.1 52.5 53.5 52.5 48.7 38.4 38.2 46.3 62.2 74.1 79.4 95.6 104.6 94.6 87.8 77.8 80.6 92.5 87.7 89.1 86.3 72.2 74.6 71.1 73.7 73.3 76 76.1 70.9 74.6 82.6 74.2 72.4 64.9 63.2 55.2 51.2 43 45.6 45.6 46.4 46.5 40.1 36.8 38.1 38.2
-2 -2 -2 -2 -2 -2 -2 -2 -2 -2 -2 -2 -2 -2 -2 -2 -2 -2 -2 -2 -2 20.2 31.3 28.7 27.1 24.5 20.2 15.7 12.8 13.3 13.3 14 18 22.2 19.9 17.4 20.5 23.5 30.2 34.3 39.1 43.8 49.5 52.2 55.3 59.1 60.9 60.7 57.4 46.2 42.7 51.1 61.5 70.5 76.8 82.1 90.3 88.7 80.9 76.4 78.3 85.9 85.2 87.9 80.3 68.9 68.9 68.9 77 80.3 80.9 80.8 80.5 82.8 85.8 76.3 76.3 68.9 59.9 52.6 48.9 45 48.9 49.4 49.4 48.6 43 42.4 40.6 39.9
-2 -2 -2 -2 -2 -2 -2 -2 -2 -2 -2 -2 -2 -2 -2 -2 -2 -2 -2 -2 -2 -2 16.2 31.2 30.1 25.1 17.7 10.5 3.6 2.9 2.2 3.9 9.3 14 13.4 13.5 15.7 20.7 27.1 30.5 35.1 41 48.8 52.5 57.7 62.4 65.8 69.2 67.1 58.3 45.5 58.1 63.7 73.5 78.7 83.4 90.8 90 88.4 89.2 92.3 95.4 88.4 80.8 70.1 68.9 68.9 69.2 78.3 79 82.8 87 86.6 91.9 90.2 81.9 75.3 64.4 55.2 51 49 49.9 55.3 53.3 53.3 50.7 45 47.1 43.4 43.9
-2 -2 -2 -2 -2 -2 -2 -2 -2 -2 -2 -2 -2 -2 -2 -2 -2 -2 -2 -2 -2 -2 -2 -2 9.3 13.6 7.4 0.8 0.1 0.6 0.8 1.5 2.5 7.2 10.4 11.6 14.1 13.7 21.9 27.1 31.3 36.8 44.4 50.2 55.1 62.7 67.2 72.4 73.8 67.4 53.2 62.2 65.6 74.4 82.5 86.8 94.7 90.4 94 97.9 103.7 104.6 102.6 88.3 75.7 76 68.9 68.9 73 80.5 83.2 87.1 88.5 92.2 85.6 77.2 71.6 63.2 53.6 52.4 53.6 58.5 59.7 55.8 53.5 47.2 52.8 48.5 47.1 48.3
-2 -2 -2 -2 -2 -2 -2 -2 -2 -2 -2 -2 -2 -2 -2 -2 -2 -2 -2 -2 -2 -2 -2 -2 -2 -2 -2 -2 -2 -1 -0.2 0.7 1.6 3.9 7.8 11.3 11.8 12.8 15.5 20.3 25 31.2 37.7 45.6 52.8 59.9 66.2 74.7 77.6 74.3 62.1 59.1 66.7 75.4 87.8 88.2 98.9 108.7 96.6 101.4 105.2 112.2 114 95.8 81.9 83 68.9 68.9 68.9 74.6 82.2 84.1 85.3 84.9 77.7 73.3 66.6 62.8 56 53.3 61 61.6 58.1 54.4 50 50.9 54.1 51.2 49.5 47.4
-2 -2 -2 -2 -2 -2 -2 -2 -2 -2 -2 -2 -2 -2 -2 -2 -2 -2 -2 -2 -2 -2 -2 -2 -2 -2 -2 -2 -2 -2 -1 0 1.1 2.3 6.1 9 10 11.6 14 16.6 17.9 23.7 31.6 40.5 49.3 55.6 64.4 72.2 75.1 74.8 65.8 53.5 67.6 79.5 87.7 87.1 102.9 102.8 99.4 104.4 110.6 111.4 112.6 96.5 82.5 74.2 68.9 71.7 79.3 68.9 72.8 76.7 78.7 78.9 74.3 69.9 67.5 62.5 56 60.7 65.1 63.5 58.2 51.8 47.5 51.1 56 53.3 49.4 45.3
-2 -2 -2 -2 -2 -2 -2 -2 -2 -2 -2 -2 -2 -2 -2 -2 -2 -2 -2 -2 -2 -2 -2 -2 -2 -2 -2 -2 -2 -2 -2 -0.4 0.8 1.9 4 5.7 5.5 10.1 12.6 15.8 17.9 22 30.5 37.5 45.6 51.6 58.4 66.7 71.9 76.4 71.8 56.3 68 74.8 78.4 83.3 94 98.5 101.4 107.7 107.8 109.1 108.5 88.5 81.7 68.9 70.4 89 96.5 69.6 69.2 71 73.8 71.6 70.4 69.1 64.3 59.2 59.7 65.3 66.4 62.1 56.1 47.5 47.5 56.5 57 52.6 48.8 40
-2 -2 -2 -2 -2 -2 -2 -2 -2 -2 -2 -2 -2 -2 -2 -2 -2 -2 -2 -2 -2 -2 -2 -2 -2 -2 -2 -2 -2 -2 -2 -0.8 0.4 1.3 2.3 3.9 5.5 9.8 12.2 16.1 21.6 28.1 33.4 38.1 42.2 46.8 52.6 59 64.2 71.7 76.6 66.4 61.1 66.6 71.1 80.4 93.4 100 106 105.6 99.3 104.4 97.7 90.5 95.9 72 84.6 94.4 99.1 82.9 73 70.9 69.1 68.8 66.9 62.8 60.4 58.4 61.5 70.8 64.1 54.7 47.5 47.5 52.2 56.4 54.6 50.4 45.6 37.7
-2 -2 -2 -2 -2 -2 -2 -2 -2 -2 -2 -2 -2 -2 -2 -2 -2 -2 -2 -2 -2 -2 -2 -2 -2 -2 -2 -2 -2 -2 -2 -1.1 -0.1 0.9 1.9 3.9 5.7 8.1 12 17.5 25.2 30.8 35.3 38.8 40.8 44.1 48.8 51.8 57.9 65.3 71.6 67.9 60.8 68.4 78.2 83.6 99 101.1 100.4 97.6 97.7 97.1 97.4 104.8 93.1 77.1 90.8 92.3 93.6 87.4 78.2 76 73.8 69.7 60.8 58.7 58.3 59.3 65.2 66 57.9 48.2 47.5 54.7 54.9 53.4 51.5 48.1 44 36.7
-2 -2 -2 -2 -2 -2 -2 -2 -2 -2 -2 -2 -2 -2 -2 -2 -2 -2 -2 -2 -2 -2 -2 -2 -2 -2 -2 -2 -2 -2 -2 -1.4 -0.3 0.8 1.8 3.5 5.5 7.3 10.6 17.3 25.8 31.3 35.9 39 40.4 42.3 45.3 47.5 52.6 67.4 67.3 64 61.4 77.6 86.9 86.8 92.5 95.5 96.8 97.6 98.1 103.3 108 105.3 90.7 86.9 94.7 93.6 89.8 84.3 84.3 83 78.9 65.3 58.8 58.9 57.9 61.6 61.3 58.1 50.6 47.5 57.1 56.3 54.5 52.3 47.9 44.9 39.8 36.1
-2 -2 -2 -2 -2 -2 -2 -2 -2 -2 -2 -2 -2 -2 -2 -2 -2 -2 -2 -2 -2 -2 -2 -2 -2 -2 -2 -2 -2 -2 -2 -1.4 -0.3 0.8 2 4 6.3 7.3 9.1 15.9 25 31.2 36.5 39.9 41.4 42.3 43.5 48.3 57.3 69.1 72.3 64.8 62.5 78 87.3 92 92.7 94.7 95.8 97.7 104.3 105.4 105.4 101 89.3 100 99.4 101.1 93 91.1 87.2 88.8 80.2 65.7 60.6 60.7 55.6 55 54.2 50.3 47.5 58.7 58.8 57.4 55.6 52.5 46.2 41.7 36.1 36.1
-2 -2 -2 -2 -2 -2 -2 -2 -2 -2 -2 -2 -2 -2 -2 -2 -2 -2 -2 -2 -2 -2 -2 -2 -2 -2 -2 -2 -2 -2 -2 -1 0.1 1.2 2.3 5.4 8 8.7 9.9 14.8 24.1 31.1 36.3 42 43.2 43.2 43.9 47.7 57.2 63.8 69.5 71.7 66.4 73.4 85.3 96 95.3 93.8 94.7 97.6 100.9 100.5 93.9 88.5 90.3 114.6 112.6 107.8 100.7 91 88.7 89.6 83.7 70.1 63.6 59.3 56 53.4 49.5 51.7 57.8 59.3 59.5 58.8 55.7 52.2 47.2 37.5 36.1 36.1
-2 -2 -2 -2 -2 -2 -2 -2 -2 -2 -2 -2 -2 -2 -2 -2 -2 -2 -2 -2 -2 -2 -2 -2 -2 -2 -2 -2 -2 -2 -2 -0.4 0.7 1.7 3.9 8 9.5 10.2 10.7 16.2 26.2 29.9 34.2 41.1 44.3 44.4 44.2 46.2 55.3 61.2 64.7 66 68.7 68.9 78.5 91.4 92.1 92.1 93.5 100.1 102.1 101.3 88.7 88.2 89.6 107.4 111.9 103.8 99.9 91.1 89.6 90.7 85.7 76.1 66.8 61.8 55.5 48.5 49.5 55.1 58.6 59.5 59.9 58.3 54.6 51.6 44.4 36.1 36.1 36.1
-2 -2 -2 -2 -2 -2 -2 -2 -2 -2 -2 -2 -2 -2 -2 -2 -2 -2 -2 -2 -2 -2 -2 -2 -2 -2 -2 -2 -2 -2 -1.1 0.1 1.2 2.3 6 9.9 11 11.3 13.1 15.9 24.5 27.7 34.7 38.9 42.4 46.9 46.8 47.1 59 63.1 62.1 63.4 66.2 72.1 73 82.4 94.5 91.6 92.7 95.6 95.7 92.5 89.4 88.2 94 103.5 100.8 101.5 95 91.9 90.1 90.2 87.7 80.8 69 59.1 53.1 51.1 56.7 59.5 61.5 61.1 61 58.3 52.4 48.5 39.6 36.1 36.1 36.1
3.9 -2 -2 -2 -2 -2 -2 -2 -2 -2 -2 -2 -2 -2 -2 -2 -2 -2 -2 -2 -2 -2 -2 -2 -2 -2 -2 -2 -2 -2 -1.4 0.5 1.8 4.2 7.4 9.8 10.2 10.6 11.7 16.8 24.6 27.7 32.5 35.7 40.8 48 54.5 46.8 56.8 62.5 61.4 61 65.3 72.3 75.5 73.8 88.6 89.4 92.8 100 96.4 94.7 92.5 91.5 91.8 95.5 97.1 97.6 97.2 98.7 93.8 90.8 90.1 81.6 73 64.6 55.7 59.7 62.5 63.5 62.8 64.3 63.6 61.3 50.8 46.7 39.3 36.1 36.1 36.1
12 -2 -2 -2 -2 -2 -2 -2 -2 -2 -2 -2 -2 -2 -2 -2 -2 -2 -2 -2 -2 -2 -2 -2 -2 -2 -2 -2 -2 -2 -2 -1.7 2.8 4.6 7.6 8.4 8.8 8.9 8.7 14 25 28.7 27.9 32.3 35.4 42.5 51.3 48.2 49.4 58.8 55.8 57.4 61.9 64.3 69.5 64.8 78.6 86.3 94.6 103.5 96.9 96 95.7 98 95.7 96.6 97 97 96.8 99 95.5 87 86.4 79.4 74.6 61.9 62.4 63.2 64.4 64.7 65.2 65.8 66 57.8 51.9 43.6 38.6 36.1 36.1 36.1
21.8 10.2 -2 -2 -2 -2 -2 -2 -2 -2 -2 -2 -2 -2 -2 -2 -2 -2 -2 -2 -2 -2 -2 -2 -2 -2 -2 -2 -2 -0.8 0.3 0.7 3.5 5.1 6.3 7 7.5 6.8 6.5 9.4 14.1 21.6 23.5 26.8 22.6 32.2 39.4 43.5 48.9 50 54.1 53.3 51.7 55.5 59.9 58.3 56.9 74.6 82.8 92.6 95.8 97.5 98.5 109.6 106.3 106.3 103.2 99.8 98.3 95.8 91.2 84 81.5 75.5 68.1 61.3 67.6 66.2 65.3 65.3 66.3 68.9 64.8 57.6 51.1 42.8 39 36.1 36.1 36.1
38.5 17.3 -2 -2 -2 -2 -2 -2 -2 -2 -2 -2 -2 -2 -2 -2 -2 -2 -2 0.5 -2 -2 -2 -2 -2 -2 -2 -2 -2 0.1 1.5 3 4.6 6.3 7.5 7.6 7.4 6.6 6.5 6.7 9.1 13.6 16.5 20.9 21.8 23.6 35.6 41.3 45.8 52.1 52.3 49.7 46.3 47.6 50.2 44.7 41 56.2 67.6 88.6 98.2 98.9 99.4 103.4 108.7 111.3 109.3 103.9 101.5 98.2 87.7 80.8 76.3 69.2 62.1 61.4 64.4 65.7 64 65.2 69.8 79.9 73.1 56.6 45.9 41.5 36.1 36.1 36.1 36.1
37.5 29.1 24.4 14.5 -2 -2 -2 -2 -2 -2 -2 -2 -2 -2 0.6 1.2 1.9 -2 -2 6.3 6 2.6 1 0 -2 -2 -2 -0.8 0 1.4 3.1 5.2 6.4 7.8 8.1 7.6 7.3 7 7.2 7.5 7.7 10.5 14.2 16.3 18.5 20.9 24.6 29.6 38.1 47.9 49.9 47.2 44.8 42.3 38.4 40.3 34.4 36.6 53.8 95.1 107.8 97.6 101.2 108.8 116.6 121.4 122 107.1 99.3 94.6 84.5 77.7 70.2 61.3 58.5 58.3 59 59.5 61 64.3 68.1 76.1 63.9 47.4 40.6 38 36.1 36.1 36.1 36.1
53.1 56.9 44.7 31 14.5 -2 -2 -2 -2 -2 -2 -2 1.5 3.7 5.6 11.4 13.2 12.3 6.7 10.1 11.1 10.5 8.7 3.6 0.5 -2 -2 0.7 1.7 3.8 6.9 7.6 8.4 9 9 8.8 8.6 7.9 7.7 8 8.2 9.1 11.4 13.3 15.2 18 24.1 26.2 30.7 36.6 42.1 46 48.5 46.4 43.5 36.4 28.3 29.4 42.4 74.9 90.3 91.8 99.3 111 117.3 122.8 124.4 117.4 99.5 88.6 80.2 74.7 61.6 56.8 56 56 56.2 56.8 59.5 61.4 61.3 60 54.9 42.2 39 38 36.1 36.1 36.1 36.1
78.9 84.1 67.3 44.5 30.4 -2 -2 -2 0.9 1.7 2.9 8.4 12.9 13.7 14.1 14.6 14.2 12.6 7.9 11.5 11.8 11.8 11.2 9.2 3 -2 -2 2.3 4.7 11.2 10.7 9.8 9.3 9.4 9.4 9.2 9.3 9.1 8.6 8.4 8.5 9.6 10.7 12.1 12 12.4 15.6 19.8 22.8 29.2 35.6 40 46.6 47.3 50.9 43.6 33.9 23.9 33.9 52.4 67.4 82.8 92.5 106 111.6 110.7 110.8 108.4 104.1 102.3 85 76.4 63.8 57.3 56.5 56 55.8 56.4 60.2 64.6 62.3 57.1 47.1 41.1 39.1 36.8 36.1 36.1 36.1 36.1
74.8 78 72.8 60.8 48 34.3 11.4 4.2 8.1 12.5 13.4 14.1 14.8 15.2 15.1 14.2 13 10.9 11.1 12.3 12.6 12.8 12.5 10.4 -2 -2 4.4 6.5 10.5 10.6 10.8 10 9.8 9.8 9.7 9.8 10 9.9 9.5 9.1 10 11.7 12.8 12.7 13.9 12.8 12.4 14 17.1 21 25 30.9 35.7 43.3 50.9 46.5 38.3 25.7 26.3 42.8 55.7 68.7 86.6 92 100 100.5 107.9 106.3 102.4 94.7 80.1 84.5 83.5 64.2 60 56.6 55.7 56.7 62.6 66.3 63.6 57.2 44 39.7 37.9 37.3 36.1 36.1 37.9 36.1
75.7 78 85.9 86.6 73 70 43.4 13.4 14.7 15.2 16 16.4 16 15.1 14.5 13.1 12.3 11.8 11.7 12.1 12.4 12.7 13.2 10.3 -2 -2 6.1 10.4 11 11.1 11 10.1 10.3 10.4 10.9 10.6 10.8 10.8 10.4 9.9 11.2 13.3 13.8 17.1 22.9 15.6 13.7 13.2 14.3 15 18.7 23.2 28.2 33.9 39.4 44.6 44.4 27.4 18.5 30.2 38.6 48.2 71 73.5 76.9 81.5 88.9 94.8 85.6 78.3 78 82 87.4 70.5 66.6 60.9 55.8 56.8 61.7 63.9 62.6 52.4 44.5 40 40.6 40.2 39.5 38.4 36.1 36.1
80 92.1 115.9 129 107.8 98.9 76.8 46.6 20.9 18.4 18.1 18 16.6 15.6 14.4 13.4 12.8 12.5 12.3 12 12.4 12.9 13.5 11 -2 -2 7.7 10.9 11.6 11.5 11.7 11.2 11.8 13 11.7 11.2 11.5 11.2 11 10.6 11.3 12.5 18.1 26.1 27.8 23.2 17.7 16.2 14 14.6 15.1 17 21.3 25.5 35.3 34 32.1 27 18.5 18.5 18.5 22.8 42.3 50.8 51.7 54.8 63 65.1 67.3 70.8 77.7 77.1 76.8 73.2 71.4 68.5 58.4 56 57.3 57.8 55.4 51 43.6 42.5 42.2 42.1 42 36.1 36.1 36.1
99.6 129.2 143.9 151.2 141.2 122.7 100.4 75.4 53.2 25.4 19.7 18.6 17.1 15.9 14.9 13.9 13.2 12.9 12.7 12.6 13 13.7 14.4 11.6 8.4 -2 4 11.4 11.9 19 13.3 12.2 14.5 15.4 13.2 11.2 10.6 11 11.1 10.9 11.4 13.4 18 35.9 28.1 29.4 26.5 21.8 15.8 14.8 15.2 15.4 16.1 18.4 20.9 22.3 24.5 20.5 18.5 18.5 18.5 18.5 18.5 27.7 35.4 40.4 43.7 46.5 49.7 61.4 72.8 79.5 74.6 73.3 76.7 70.5 61.2 52.4 51.5 51.1 51 51.9 43.3 45.5 45.4 43.2 44.2 36.7 36.1 36.1
133 156.5 160.9 159.1 154 139.2 121.5 106.9 81.5 59 26.6 19.6 18 16.6 15.5 14.5 13.7 13.2 13 13.3 13.6 14.1 14.8 13 9.6 1.8 4.5 11.3 12.2 30.3 16.5 13.8 13.5 16.5 16.4 14.4 12.5 13.3 11.6 13.5 13.4 14.8 24.2 44.9 43 36.4 32.2 27.1 19.8 16.1 15.7 15.7 16.1 18.4 21.2 24.2 23.6 18.5 18.5 18.5 18.5 18.5 18.5 18.5 19.1 30.6 34.5 36.4 35.9 41.1 54.3 65.6 68.5 72.5 77.5 73.4 65.4 51.6 47.2 49.2 50.9 50.7 44.3 47.7 47.6 45.1 44.4 36.1 36.1 36.1
141.4 167.9 178.9 174.3 163.5 152 136.4 122.5 106.5 80.9 47.9 20.6 19 17.6 16.2 15 14.2 13.6 13.7 14 14.3 14.6 15.2 14.1 12 9.6 2.7 7.8 14 34 24.7 16.4 16.5 20.6 22.1 22.5 19 19.9 20.6 30 25.5 18.6 38 51.5 47.7 42.4 37.3 29.6 23.3 17.6 16.5 16.5 17.2 20.1 26.6 31.8 30.4 18.5 18.5 18.5 18.5 18.5 18.5 18.5 18.5 21.8 28.3 27.8 28.1 26.8 35.1 49.6 57.8 64.3 68.8 68.8 65.3 50.6 46.2 49.3 51.6 46.6 46.2 48.8 47.7 46.1 43.5 39.9 36.1 36.1
141 165.5 183.4 187.3 180 165.7 149.5 129.9 111.9 88.7 66.1 35 20.3 18.5 17.2 15.8 14.7 14.1 14.3 14.6 15 15.3 15.6 15.5 15 12.9 5 6.3 15.2 25.8 28.6 26 22.5 26.4 30.2 36.9 39.8 24.9 29 38.5 33.5 34.3 46.2 52.7 48.9 46.4 40.3 35.3 30.7 20.8 18.1 18 18.9 23.7 28 33.8 35.2 18.6 18.5 18.5 18.5 18.5 18.5 18.5 18.5 18.5 23.9 31.7 22.3 18.5 18.5 24.8 42.8 50.8 56.9 62 55.3 48.6 44.5 48.5 46.2 44.2 46.4 48 47.1 45.8 44.8 42.2 38.3 36.1
158.9 169.7 180.6 183.8 180.4 176.6 161.8 144.2 122.2 98.2 82.4 55.3 25.1 19.5 18 16.5 15.4 14.8 14.7 15 15.4 15.7 15.7 15.6 15.8 14.7 13.1 3.3 12 22.6 27.8 37.3 32.7 38.8 50.1 54 49.5 41.3 31.9 40.1 39.3 40.3 48.5 51.1 53.2 52.4 46.3 41.9 37.7 25.2 20.7 19.6 22.5 28.4 30.8 33.8 31.9 21.4 18.5 18.5 18.5 18.5 18.5 18.5 18.5 18.5 18.5 28.2 25.5 18.5 18.5 18.5 18.5 39.1 45.9 49.6 48.5 44.1 40.5 46 43.7 44.4 44.4 46.2 47.1 47.1 46.4 45.9 42.7 37.3
159.8 168.9 184.8 177.7 175.6 169.3 167.4 152.7 135.2 119.2 97.5 72.2 44.5 21.9 19.6 17.6 16.5 15.6 15.1 15.5 15.7 15.7 15.7 15.8 16 16.2 14.7 4.8 7.4 18.4 35 49.9 45.8 45.9 52.9 51.9 49.9 58.5 54.4 43.3 45.2 44.7 51.5 55.1 52.3 47.2 46.1 45.3 40.1 29.7 25.4 23.4 22.6 29 39.3 37.1 30.9 18.5 22 18.5 18.5 18.5 18.5 18.5 18.5 18.5 18.5 18.5 18.5 18.5 18.5 18.5 18.5 18.5 35 39.5 40.4 39.6 37.1 43.1 44.3 44.5 44.4 45.4 48.4 48 50 51.1 46.4 37.7
180.7 169.3 176.4 183.6 193.3 178 187.3 173 160.3 144.9 115.2 89.9 58.7 38.5 21.6 19.3 18 16.6 15.8 15.7 15.7 15.7 15.7 15.9 16.1 16.2 15.1 4.3 4.7 14.3 47.5 57.1 56.2 50.6 50.3 46.9 47.9 62.4 69.8 64.6 53.4 51.6 51.8 54.8 51.9 47.1 47.5 47.8 44.3 34.7 32.9 35.2 31.4 35.3 41.8 38.5 26.7 18.5 23.8 19.6 18.5 18.5 18.5 18.5 18.5 18.5 18.5 18.5 18.5 18.5 18.5 18.5 18.5 18.5 18.5 31.9 35.5 36 36.1 39.8 45 43.9 42.4 46.3 48.1 49.7 54.8 56.9 47.8 38
183.6 193.5 185.1 196.8 213.1 208.2 201.9 186.5 171 155.6 142.6 111.4 81.6 55.5 34.8 21.2 19.1 17.6 16.6 16.1 16.1 16.1 16 15.9 15.9 16 15.2 4.5 4.5 7.9 32.6 55.6 52.4 50.5 47 45.9 53.1 65.5 67.7 66.8 63.2 54.4 54.1 55.8 52.4 48.6 53.7 59.8 52.3 45.5 38.6 46 42 47.1 40.1 39.1 30.6 26.6 25.8 24.3 18.5 18.5 18.5 18.5 18.5 18.5 18.5 18.5 18.5 18.5 18.5 18.5 18.5 18.5 18.5 23.4 31.8 33.2 33.9 38.4 41.6 41.2 42.4 46.1 48.2 49 57 57.5 48 38.4
178.9 193.2 191.4 193 207 210 205.4 198.1 181.9 171.6 161.4 132.1 105.8 75.6 50.4 30.1 21.1 18.2 17.2 16.5 16.5 16.5 16.4 16.3 16.1 16 15.5 13.9 4.4 4.7 15.3 43.4 50.3 49.9 46.2 45.7 50.1 62.9 66.7 66.5 61.8 55.7 54.6 57 57.9 51 52.7 63.7 60.8 61.4 50.9 51.3 54.1 54.7 50.6 33.5 33.8 28.7 27.8 22.2 18.5 18.5 18.5 18.5 18.5 18.5 18.5 18.5 18.5 18.5 18.5 18.5 18.5 18.5 18.5 18.5 26.2 30.3 31.9 38.5 43.7 40.4 41.9 45.5 48 49.1 55.1 54.9 46.6 39.1
180.7 186.5 187 185.2 202.7 207.3 202.6 203.2 191.8 183.9 180.8 153 127.6 106.9 72.8 46.5 32.1 20.8 19 17 16.9 16.8 16.8 16.7 16.5 16.4 16.4 15.8 13.9 4.5 7.3 29 44.3 43.7 44.3 44.8 46 56.9 63.8 66.8 65.1 59.6 57.9 57.8 63.2 64.9 65.7 69.1 72.4 65.9 57.8 54.4 61 60 58.4 37.2 26.9 27.8 22.7 18.5 18.5 18.5 18.5 18.5 18.5 27.4 29.9 31.7 18.5 18.5 18.5 18.5 18.5 18.5 18.5 18.5 18.5 26.4 29.1 36.2 43.9 44.1 41 45.3 47.3 49 50.9 49.3 42.4 41
187.4 193 183.9 183.6 183.2 191.3 193.9 192.2 199.2 186.9 187.1 161 142.5 129.7 101.7 67.5 46.8 29.9 20.3 18.2 17.4 17.2 17.2 17.1 16.9 16.9 16.9 16.9 16 13.8 5.5 10.7 30.3 33.2 39.1 42.6 44 45.1 52.1 62 66 67.7 66.4 62.3 70.6 77.2 84.2 78.2 79.8 69.6 59.5 61 63.7 64.4 58.7 38.5 30 18.5 18.5 18.5 18.5 18.5 18.5 18.5 18.5 32.4 43.7 38.4 28.2 18.5 18.5 18.5 18.5 18.5 18.5 18.5 18.5 20.8 26.2 30.9 37.8 40.7 37.5 44.8 47 47.9 49.8 48.3 44.8 47.5
179.1 180.7 178.2 185.3 179.5 179.4 180 195.3 198.5 187.8 193.9 175.5 154.1 146.5 124.8 87.8 60 39.7 24.2 20.1 18.8 17.7 17.6 17.5 17.4 17.4 17.4 17.4 17.5 15.9 14.3 5.5 5.7 18.3 30.9 36.5 39.8 40 42.5 57.5 68.4 72.6 71.8 67.1 69.2 85.1 89.3 85.8 85.8 68.7 60.3 71.1 67 62.1 48.1 43.5 36.3 18.5 18.5 18.5 18.5 18.5 18.5 18.5 18.5 38.2 51.3 50.4 44.9 36.7 30 26.1 22 18.5 18.5 18.5 18.5 18.5 18.5 18.5 30.2 29.9 31.1 42.3 45.6 48.2 51.9 48 45.4 48.6
166.4 162.7 169 174.9 182.7 187.8 188.2 187.3 202.9 187.8 199.8 188.1 166.4 156.4 148.8 109.8 73.8 46 33 21.9 20.4 19.3 18 18 18 18.1 18.1 18.2 18.7 17.7 15.7 14.4 5.3 8.8 17.9 25.4 31 33.8 37.6 47.8 69 75.4 74.1 68.9 69.3 86.8 92.2 92.2 86.1 70.6 62 69.7 65.8 52.5 42.8 38 30.6 18.5 18.5 18.5 18.5 18.5 18.5 18.5 18.5 33.9 59.1 61.1 57.5 51.4 45.5 39 33.1 18.5 18.5 18.5 18.5 18.5 18.5 18.5 18.5 18.5 22.3 27.8 41.7 47.2 48.1 46.7 45.3 45.1
158 156.9 159.4 168 182.7 189.5 191 185.5 196.4 191.2 209.6 198.4 178.5 164.4 160.1 131.1 84.5 55.8 42.6 33 22 19.8 19 18.9 18.8 18.9 19 19.4 19.6 17.9 16.2 14.6 6.2 8.7 17 18.8 20.8 25.9 32.5 41.7 61 66.9 69.2 69.3 70.9 78.1 91.5 92.3 80.7 80.5 69.4 70.6 62.5 40.3 36.2 30.2 26.6 27.6 28.7 20.5 18.5 18.5 23.1 18.5 22.6 29.7 57.4 69.7 71.8 69.2 59.5 51.3 47 31.9 18.5 18.5 18.5 18.5 18.5 18.5 18.5 18.5 18.5 18.5 27.3 41.3 44.2 46.1 45.6 47.3
141.8 148 149.5 158.5 176.4 190.2 198.8 190.3 200.6 208.5 216.2 209.2 183.3 180.5 168.3 143.5 96.1 69.6 54.9 45.5 31.6 21.5 20.1 19.9 19.8 19.7 20 20.2 19.8 18.2 16.4 14.8 6.6 8.9 16.8 19.1 20.6 22.2 25.3 31.3 50.7 57.7 65.3 76.5 74 77.9 86.4 88.6 92 86.4 74.9 69.4 50.3 38.6 31.2 28.4 27.4 29.3 36.8 29.4 27.9 18.5 24.1 18.5 20.5 28.4 45.6 61.9 72.7 76.5 70.7 57 50.3 36.3 23.1 18.5 18.5 18.5 18.5 18.5 18.5 18.5 18.5 18.5 18.5 25.8 39 43.1 46.1 50
134.3 137.4 142.2 155.3 161.4 176.5 194.1 201.7 193.4 214.9 224.4 216.5 197.1 196.6 178.4 149.2 111.4 85.4 72.3 58.9 44.3 29 21.2 20.8 20.7 20.7 20.8 20.6 20 18.5 16.4 14.7 6.6 9.1 17 19.8 20.5 21.2 22.2 25.4 32.8 54.6 71.2 81.9 82.4 80 85.8 91.7 92.8 82.9 72.8 62.8 43.4 36.1 39.2 40.5 34 31.4 31.5 28.2 29.7 22.9 18.5 18.5 21.7 28.7 37.2 60.9 73.1 73.5 68.6 58.8 51.3 37.9 26.9 18.5 18.5 18.5 18.5 18.5 18.5 18.5 18.5 18.5 18.5 18.5 35.4 41.6 45.1 48.8
