public/OST50/NG88.asc
ncols 200
nrows 200
xllcorner 180000
yllcorner 880000
cellsize 50
[rows 80 to 119 of 200, columns 0 to 89 of 200]
142.4 139 134 127.3 121.4 114.7 113.8 111.4 110.1 106.8 106.3 108.7 120.7 118.6 94.9 82.3 69.8 59.3 47 38.5 30 24.2 21.2 19.2 17.8 16.8 16.2 15.9 17.1 19.7 21.8 25.4 28.9 32.6 35.2 37.6 39 39.4 39 36.9 31.7 26.5 17.2 9.8 4.7 4.7 4.1 3.4 3.2 -2 -2 -2 -2 -2 -2 -2 -2 -2 -2 -2 -2 -2 -2 -2 -2 -2 -2 -2 -2 -2 -2 -2 -2 -2 -2 -2 -2 -2 -2 -2 -2 -2 -2 -2 -2 -2 -2 -2 -2 -2
142 138.8 135.1 128.7 119.1 117.7 114.8 113.9 109.7 106.9 105.3 104.7 107.7 104.2 97.7 86.4 76.3 66.1 53.5 40.6 33.4 29 26 20.9 22.3 16.6 16.1 15.4 16 17.5 19.2 22.4 26.5 29.4 33.1 35.7 37.3 37.6 37 34.8 31.3 26.5 18.5 11.7 4.6 4.5 3.9 3.2 1.8 -2 -2 -2 -2 -2 -2 -2 -2 -2 -2 -2 -2 -2 -2 -2 -2 -2 -2 -2 -2 -2 -2 -2 -2 -2 -2 -2 -2 -2 -2 -2 -2 -2 -2 -2 -2 -2 -2 -2 -2 -2
141.3 138.7 134.7 128.7 124.4 121 115.5 112.7 109.5 107.7 106.3 102 99.2 95.3 90.8 86 79.6 73.3 55.6 50 44.8 35.5 31.2 25.1 23.2 18.1 15.2 15.1 15.6 16.5 17.5 20.4 22.9 26.6 30.6 33.2 35.7 35.7 35.5 33.6 29.6 27 20.5 13.4 5.4 3.9 3.2 2.4 -2 -2 -2 -2 -2 -2 -2 -2 -2 -2 -2 -2 -2 -2 -2 -2 -2 -2 -2 -2 -2 -2 -2 -2 -2 -2 -2 -2 -2 -2 -2 -2 -2 -2 -2 -2 -2 -2 -2 -2 -2 -2
136.6 137.7 133.1 130.5 124.5 119.5 116.3 113.7 109.9 107.6 101.9 96.5 92.5 86.6 82.1 80.9 80.3 71.6 67.6 61.9 55 45.1 35.4 29.5 26.4 24.8 18.5 15.9 14.8 15 16.2 17.8 19.9 24 26.8 29.8 32.9 33.6 32.9 31.7 30.6 28.4 21.3 14.3 7.2 3.7 2.4 -2 -2 -2 -2 -2 -2 -2 -2 -2 -2 -2 -2 -2 -2 -2 -2 -2 -2 -2 -2 -2 -2 -2 -2 -2 -2 -2 -2 -2 -2 -2 -2 -2 -2 -2 -2 -2 -2 -2 -2 -2 -2 -2
135.1 133.4 130.8 130.1 125.9 120.1 118 113.6 108.6 105 100.9 101.4 98.3 95.5 95 92.9 89.3 83.4 79.3 73.8 65 52.2 43 33.3 29.4 30 24.7 18.4 15 13.7 13.4 15.3 17.7 19 22.5 26.7 30 30.8 31.5 31.6 29.5 26.4 21.9 15.7 10.8 3.4 -2 -2 -2 -2 -2 -2 -2 -2 -2 -2 -2 -2 -2 -2 -2 -2 -2 -2 -2 -2 -2 -2 -2 -2 -2 -2 -2 -2 -2 -2 -2 -2 -2 -2 -2 -2 -2 -2 -2 -2 -2 -2 -2 -2
135.6 131.9 130.9 125.9 122.2 115.7 113.7 109.1 105.2 106.7 107.6 106.3 107 111.5 114.8 120.5 121.1 114.6 96.6 83.4 72.1 61.6 53 43.2 35.6 33.5 27.7 21.4 16.4 13.7 11.2 14.5 16.6 17.9 19.5 22.8 25.8 28.3 28.9 27.9 26.1 25.7 23.5 17.7 11.6 3.6 -2 -2 -2 -2 -2 -2 -2 -2 -2 -2 -2 -2 -2 -2 -2 -2 -2 -2 -2 -2 -2 -2 -2 -2 -2 -2 -2 -2 -2 -2 -2 -2 -2 -2 -2 -2 -2 -2 -2 -2 -2 -2 -2 -2
137.8 133.4 128.8 124.7 124.1 120.4 114.7 110.7 108.9 107.9 107 110.7 114.1 121.7 129.6 140.7 151.7 156.6 143.2 123.9 93.7 73.2 60.2 52.6 41.8 39.4 36.7 25.2 20.1 15.4 13 12.3 13.9 15.9 17.7 18.5 20.3 23.3 26.1 27.4 26.6 24.5 21.7 17.8 12 5.2 -2 -2 -2 -2 -2 -2 -2 -2 -2 -2 -2 -2 -2 -2 -2 -2 -2 -2 -2 -2 -2 -2 -2 -2 -2 -2 -2 -2 -2 -2 -2 -2 -2 -2 -2 -2 -2 -2 -2 -2 -2 -2 -2 -2
138.9 135.3 133.7 129.8 126 124.3 120.3 114.6 111.6 108.7 108.9 111.8 115.8 125.1 137.5 147.8 158 174.7 172.9 155.4 123 96 80.5 68.6 53.6 45.5 39.9 33.4 29.9 18.5 13.1 11 11.3 12.7 14.5 15.8 18.1 20.9 23.2 26.1 25.1 23.2 22.2 18.6 12.8 4.6 -2 -2 -2 -2 -2 -2 -2 -2 -2 -2 -2 -2 -2 -2 -2 -2 -2 -2 -2 -2 -2 -2 -2 -2 -2 -2 -2 -2 -2 -2 -2 -2 -2 -2 -2 -2 -2 -2 -2 -2 -2 -2 -2 -2
140 137.4 135.9 131.9 129.6 128.4 122.3 119 113.6 110.4 110.8 112.3 116.6 124.6 135.1 150.1 167.8 168.1 161.9 150.1 141.8 122.9 106.7 86.2 69.7 55.3 45.2 35.4 29.7 21.7 15 11.2 9.6 10.6 11.6 13.5 16 17.4 19.2 22 23 21.9 21.6 17.9 13.6 6.6 -2 -2 -2 -2 -2 -2 -2 -2 -2 -2 -2 -2 -2 -2 -2 -2 -2 -2 -2 -2 -2 -2 -2 -2 -2 -2 -2 -2 -2 -2 -2 -2 -2 -2 -2 -2 -2 -2 -2 -2 -2 -2 -2 -2
143.2 139.6 138.1 133.6 131.6 132.7 125.9 120.5 116.8 114.2 113.4 114.1 116 121.5 126.8 134.5 140.9 145.7 146 143.6 142.4 144.2 132.3 110.7 86.3 66.2 52.2 40.5 35.7 30.1 19.5 13.2 10.3 8.9 9.9 11.2 13.6 14.9 16.2 19.1 20 20.4 19.7 17 14.2 8.5 -2 -2 -2 -2 -2 -2 -2 -2 -2 -2 -2 -2 -2 -2 -2 -2 -2 -2 -2 -2 -2 -2 -2 -2 -2 -2 -2 -2 -2 -2 -2 -2 -2 -2 -2 -2 -2 -2 -2 -2 -2 -2 -2 -2
147.5 144.6 140.6 138.2 134.8 135.7 132 125.6 122.1 120.6 120 119.5 118.5 118.9 122.9 127.4 130.8 134.5 137.7 138.7 145 153.7 152.4 120.1 102.2 81.7 65.9 48.3 42.2 39 26.6 15.7 11.1 9.9 9.2 10.6 11.6 13.3 15 15.6 16.9 18.3 18.6 16.9 14 9.2 1.8 -2 -2 -2 -2 -2 -2 -2 -2 -2 -2 -2 -2 -2 -2 -2 -2 -2 -2 -2 -2 -2 -2 -2 -2 -2 -2 -2 -2 -2 -2 -2 -2 -2 -2 -2 -2 -2 -2 -2 -2 -2 -2 -2
149.7 147.3 145.3 143 140 135.8 139.9 130.8 128.1 127.1 126.3 124.7 123.5 122.9 123.6 125.1 128 129.2 130.9 130.8 134.9 137.7 141.6 127.9 107.4 90.9 76.6 59 49.2 40.8 30.4 19.2 13 11.5 9.1 8.7 10.4 11 11.9 12.4 13.5 14.5 15.3 14.9 12.3 8.9 1.7 -2 -2 -2 -2 -2 -2 -2 -2 -2 -2 -2 -2 -2 -2 -2 -2 -2 -2 -2 -2 -2 -2 -2 -2 -2 -2 -2 -2 -2 -2 -2 -2 -2 -2 -2 -2 -2 -2 -2 -2 -2 -2 -2
150.9 148.2 146.7 145.1 142.3 143 136.4 136.8 133 133 129.6 127.7 126.9 125.6 125.7 125.4 126.6 126.5 126.5 126.2 126.7 129.2 130.9 127.3 109.8 95.9 80 67.6 59.3 46.2 35.2 23.7 15.4 12.1 9.6 7.2 9.5 9.8 10.6 11 11.3 12 12.9 12.3 11.9 7.9 1.5 -2 -2 -2 -2 -2 -2 -2 -2 -2 -2 -2 -2 -2 -2 -2 -2 -2 -2 -2 -2 -2 -2 -2 -2 -2 -2 -2 -2 -2 -2 -2 -2 -2 -2 -2 -2 -2 -2 -2 -2 -2 -2 -2
152.2 149.6 147.5 145.6 143.9 142.1 137.9 137.1 136 137.2 133.5 131 129.4 128.2 127.7 127.3 125.6 124.9 124.6 123.7 123.3 123.4 122.7 122.2 107.8 98.3 88 76.5 66 53.6 42.2 21.7 18.7 13.1 8.3 6.5 8.9 9.3 10 9.8 9.6 10 10.3 11.4 10.8 6.7 1.6 -2 -2 -2 -2 -2 -2 -2 -2 -2 -2 -2 -2 -2 -2 -2 -2 -2 -2 -2 -2 -2 -2 -2 -2 -2 -2 -2 -2 -2 -2 -2 -2 -2 -2 -2 -2 -2 -2 -2 -2 -2 -2 -2
155.3 152.9 150 147.8 144.6 140.9 140.6 139.6 138 137.8 136.6 132.9 131.5 130.3 130 130.2 128.2 123.4 122 122.7 122.1 119.8 116.3 111.9 106.9 100.3 90.9 76.4 62.8 51.7 41 38.3 30.3 19.5 11.6 6.8 6.8 8.1 9 8.9 8.9 8.6 8.8 9.2 8.5 6.4 1.6 -2 -2 -2 -2 -2 -2 -2 -2 -2 -2 -2 -2 -2 -2 -2 -2 -2 -2 -2 -2 -2 -2 -2 -2 -2 -2 -2 -2 -2 -2 -2 -2 -2 -2 -2 -2 -2 -2 -2 -2 -2 -2 -2
157.9 155.3 152.7 150.1 147.4 144.2 142.1 140.7 139.4 138.2 137.2 136.4 135.7 134.6 134.3 133.6 130.8 125 121.1 120.3 118.6 116.3 111.8 110.9 107.7 98.9 89.5 85 77.2 66.2 60.8 52 37.3 26 14.7 5.9 5.2 7 8.4 8.7 8.5 8.2 7.9 8.1 6.8 4.4 1 -2 -2 -2 -2 -2 -2 -2 -2 -2 -2 -2 -2 -2 -2 -2 -2 -2 -2 -2 -2 -2 -2 -2 -2 -2 -2 -2 -2 -2 -2 -2 -2 -2 -2 -2 -2 -2 -2 -2 -2 -2 -2 -2
160.4 157.4 154.6 152.5 150.9 147.9 145.2 142.8 141.3 140.1 139.3 139 139.1 137.7 137.2 133.9 129.7 125.4 121.6 118.3 116.9 116.4 119.1 127.3 131.1 125.2 118.2 111.4 100.4 85.3 77.3 62.2 50.9 36.7 22.8 13.5 5.2 5.4 6.9 7.9 8.2 7.9 7.1 6.2 4.4 1.9 -2 -2 -2 -2 -2 -2 -2 -2 -2 -2 -2 -2 -2 -2 -2 -2 -2 -2 -2 -2 -2 -2 -2 -2 -2 -2 -2 -2 -2 -2 -2 -2 -2 -2 -2 -2 -2 -2 -2 -2 -2 -2 -2 -2
163.1 159.9 157.5 155.5 153.8 152 149.6 146.3 143.6 141.9 141.6 141.3 141 138.9 136.8 133.7 130.3 126.6 121.3 118.2 117.2 116.7 120.4 128.3 132.1 138.8 148.1 136.3 126.1 107.2 90.4 72.3 58.2 45.2 35.5 21.9 11.6 5.3 4 4.8 7.7 7.3 6.9 5.5 3 0.4 -2 -2 -2 -2 -2 -2 -2 -2 -2 -2 -2 -2 -2 -2 -2 -2 -2 -2 -2 -2 -2 -2 -2 -2 -2 -2 -2 -2 -2 -2 -2 -2 -2 -2 -2 -2 -2 -2 -2 -2 -2 -2 -2 -2
165.4 162.5 160.4 158.8 156.9 155.1 152.8 149.2 147.1 144.6 142.7 141.9 141 141 137.8 135.1 133.4 127.5 123 118.9 117.8 117.1 117.8 124.1 136 140.1 146 141.9 140.2 121.5 102.3 83.1 66.7 49.9 40.9 29.1 18.2 12.8 8.6 3.7 4.8 7.8 6.6 4.4 2.5 -2 -2 -2 -2 -2 -2 -2 -2 -2 -2 -2 -2 -2 -2 -2 -2 -2 -2 -2 -2 -2 -2 -2 -2 -2 -2 -2 -2 -2 -2 -2 -2 -2 -2 -2 -2 -2 -2 -2 -2 -2 -2 -2 -2 -2
166.3 164.4 162.4 162.7 159.7 157.6 154.5 152.6 149.4 147.3 145.9 143.2 141.4 139.2 136.5 133.1 130.2 126.8 123.9 120.8 118.4 117.9 117.6 120.3 138.5 149.8 144.1 146.5 145 131.3 109.6 89.8 72.6 57.7 46.3 36.1 28.7 19.8 12.5 5.6 2.8 6 6.2 4.9 2.4 -2 -2 -2 -2 -2 -2 -2 -2 -2 -2 -2 -2 -2 -2 -2 -2 -2 -2 -2 -2 -2 -2 -2 -2 -2 -2 -2 -2 -2 -2 -2 -2 -2 -2 -2 -2 -2 -2 -2 -2 -2 -2 -2 -2 -2
168.4 166.3 164.6 164.9 162 158.8 156.2 154 152 150 147.8 145.1 141.6 139.4 135.9 132.8 129.6 126.6 123.8 121.1 119.6 118.8 118.1 118.3 127.6 138 143.2 154.5 155.2 134.9 115.1 96.7 82.8 69.7 55.8 44.5 35.4 29.5 17.9 9.5 3.3 2.6 7.5 5.5 1.7 -2 -2 -2 -2 -2 -2 -2 -2 -2 -2 -2 -2 -2 -2 -2 -2 -2 -2 -2 -2 -2 -2 -2 -2 -2 -2 -2 -2 -2 -2 -2 -2 -2 -2 -2 -2 -2 -2 -2 -2 -2 -2 -2 -2 -2
170.5 168.3 166.2 165.6 163.4 160.9 158.2 155.7 153.3 151.8 149.5 146.5 143.2 140.2 138.1 133.9 130.7 128.7 127 122.6 120.6 119.7 119.9 119.5 121.8 126.7 133.1 136.6 137.8 130.1 116.8 102.9 92.3 84 73.3 59 45.9 36.4 26 14.5 8.4 -2 -2 4 0.9 -2 -2 -2 -2 -2 -2 -2 -2 -2 -2 -2 -2 -2 -2 -2 -2 -2 -2 -2 -2 -2 -2 -2 -2 -2 -2 -2 -2 -2 -2 -2 -2 -2 -2 -2 -2 -2 -2 -2 -2 -2 -2 -2 -2 -2
171.3 169.8 168.8 169.3 165.4 163 160.2 158.6 155.7 153.5 150.4 147 144.6 140.7 135.6 132.3 130 128.7 127.9 126.2 123.5 121.6 121.3 120.7 120 120.5 120.4 126.3 127.1 133 125.3 107.2 97.3 94.4 85.9 73.9 54.8 43.9 33.8 20.1 11.4 3.4 -2 0.9 -2 -2 -2 -2 -2 -2 -2 -2 -2 -2 -2 -2 -2 -2 -2 -2 -2 -2 -2 -2 -2 -2 -2 -2 -2 -2 -2 -2 -2 -2 -2 -2 -2 -2 -2 -2 -2 -2 -2 -2 -2 -2 -2 -2 -2 -2
173 171.4 171.3 172.3 169.9 165 161.4 160.1 157 154.8 152.6 147.8 145.1 141.8 137.9 134 131 128.9 128 125.8 123.8 122.5 121.5 120.2 119.3 119.7 118.7 118.7 122.4 125.3 128.6 117.1 111.5 101.9 97.4 86.7 63.2 49 38.8 26.3 16.5 8.2 -2 -1.5 -2 -2 -2 -2 -2 -2 -2 -2 -2 -2 -2 -2 -2 -2 -2 -2 -2 -2 -2 -2 -2 -2 -2 -2 -2 -2 -2 -2 -2 -2 -2 -2 -2 -2 -2 -2 -2 -2 -2 -2 -2 -2 -2 -2 -2 -2
176.1 173.2 172 174.1 175.4 169.1 163.9 159.6 158.7 155.3 151 148.2 145.4 142.5 139.5 136.7 133.2 130.1 128.4 126.2 125.5 122.9 121.5 120.3 118.7 118.7 118.7 118.7 118.7 124.2 130.9 130.7 122.2 111.3 103.2 93.6 74.7 55.5 47.4 31.9 20.8 12.6 5.8 1 -1.8 -2 -2 -2 -2 -2 -2 -2 -2 -2 -2 -2 -2 -2 -2 -2 -2 -2 -2 -2 -2 -2 -2 -2 -2 -2 -2 -2 -2 -2 -2 -2 -2 -2 -2 -2 -2 -2 -2 -2 -2 -2 -2 -2 -2 -2
177.8 174.3 172.7 173.2 173.8 171.2 163.6 163 160.6 156.8 152.6 149.7 147.1 144.4 141.3 138.8 134.9 130.8 128.6 126.2 125.3 123 121.1 119.1 118.7 118.7 121.8 125 118.7 121.9 130.6 130.5 128.1 122.3 113 109.9 94.8 77.2 66.9 49.6 28.8 19.7 11.2 2.4 -0.5 -2 -2 -2 -2 -2 -2 -2 -2 -2 -2 -2 -2 -2 -2 -2 -2 -2 -2 -2 -2 -2 -2 -2 -2 -2 -2 -2 -2 -2 -2 -2 -2 -2 -2 -2 -2 -2 -2 -2 -2 -2 -2 -2 -2 -2
177.8 175.1 173 172.6 171.9 167.4 164.8 165.2 161.4 159 156.4 151.5 148.5 146.2 143.4 140.5 137.3 132 130 128.1 125.4 121.9 118.7 118.7 118.7 118.7 121.1 126 127.1 126.7 130.9 137.7 135.8 133.4 128.1 113.9 100.3 97 88.3 68.2 46.9 28 17.6 10.7 1.6 -2 -2 -2 -2 -2 -2 -2 -2 -2 -2 -2 -2 -2 -2 -2 -2 -2 -2 -2 -2 -2 -2 -2 -2 -2 -2 -2 -2 -2 -2 -2 -2 -2 -2 -2 -2 -2 -2 -2 -2 -2 -2 -2 -2 -2
178.4 175.4 173.3 170.9 169.2 169.8 170.7 168.1 166.3 163.2 161.1 155.9 150.4 147.3 145 142.2 140.6 135.1 132.5 130.6 127 123.2 118.7 118.7 118.7 118.7 122.6 128.4 133.5 136.6 151.3 138.9 138.9 148.6 135.4 122.6 104.1 99.9 98.7 81.3 74.1 52.3 30.6 19.2 7.7 -2 -2 -2 -2 -2 -2 -2 -2 -2 -2 -2 -2 -2 -2 -2 -2 -2 -2 -2 -2 -2 -2 -2 -2 -2 -2 -2 -2 -2 -2 -2 -2 -2 -2 -2 -2 -2 -2 -2 -2 -2 -2 -2 -2 -2
179.9 176.7 174.6 173.4 174 173.7 174.1 172.3 170.4 168 164.8 159.3 153.3 148.8 146.8 144.9 141.6 137.4 134.1 131 127.3 125.8 123.9 123.7 125.1 124.2 124.3 133.1 139.8 139.1 150.2 140.5 139.8 153.7 163.4 144.4 115.3 98.2 97.4 86.8 79.5 68.7 40.5 28.3 16.7 5.2 -2 -2 -2 -2 -2 -2 -2 -2 -2 -2 -2 -2 -2 -2 -2 -2 -2 -2 -2 -2 -2 -2 -2 -2 -2 -2 -2 -2 -2 -2 -2 -2 -2 -2 -2 -2 -2 -2 -2 -2 -2 -2 -2 -2
181.7 178.9 177.8 177 178.1 178.7 177.6 176.1 173.3 170.8 168.1 162.2 157.5 152.7 149.4 146.8 144.5 140.1 135.7 131.1 128.7 129 129.2 129.2 129.3 132.1 129.8 134.1 138.8 145.7 150.2 145.4 139.7 151.4 156.8 150.9 130.8 105.5 97.1 92.3 82.8 72.3 54.4 40.3 27.3 13.4 1.7 -2 -2 -2 -2 -2 -2 -2 -2 -2 -2 -2 -2 -2 -2 -2 -2 -2 -2 -2 -2 -2 -2 -2 -2 -2 -2 -2 -2 -2 -2 -2 -2 -2 -2 -2 -2 -2 -2 -2 -2 -2 -2 -2
182.2 180.6 178.6 179.4 180.1 182.2 182.8 181.2 178.9 175.2 171.1 165.9 161.3 156.8 151 148.4 145.9 143 137.7 134.6 131.9 130.4 131.7 132.9 132.6 132.6 135.8 137.3 143 145.8 147.8 146.7 141.2 146.8 160.5 152.3 134.1 121.6 122 117.4 104.6 98.4 73.1 50.4 32.2 20.5 11.4 -2 -2 -2 -2 -2 -2 -2 -2 -2 -2 -2 -2 -2 -2 -2 -2 -2 -2 -2 -2 -2 -2 -2 -2 -2 -2 -2 -2 -2 -2 -2 -2 -2 -2 -2 -2 -2 -2 -2 -2 -2 -2 -2
182.9 180.7 181.1 181.6 181.5 185.5 188.2 186.2 183.2 181.3 174.8 168.6 164.8 160.4 155 150.6 147.7 143.4 140.2 137.1 135.5 132.2 133.3 133.9 135.7 135.1 141.1 147.3 147 150.7 151.2 146.9 141.7 139.4 144.9 144 140 138.7 151.9 138.1 117.9 99.2 83.4 63.9 41.3 27.8 15.2 5.6 -2 -2 -2 -2 -2 -2 -2 -2 -2 -2 -2 -2 -2 -2 -2 -2 -2 -2 -2 -2 -2 -2 -2 -2 -2 -2 -2 -2 -2 -2 -2 -2 -2 -2 -2 -2 -2 -2 -2 -2 -2 -2
183.9 181.3 180.8 182.5 183.8 186.4 189.6 188.6 185.5 183.1 174.6 170.5 166.9 163.3 159 153.9 148.7 144.7 142.2 138.8 136.6 133.8 133.9 135.4 141.7 143.4 144.3 154.2 150.8 150.8 160.1 153.7 143.7 141 136.2 138.3 153.3 133.2 142.5 145 122.9 99.8 80.5 61.7 43.3 32.9 24 14 2 -2 -2 -2 -2 -2 -2 -2 -2 -2 -2 -2 -2 -2 -2 -2 -2 -2 -2 -2 -2 -2 -2 -2 -2 -2 -2 -2 -2 -2 -2 -2 -2 -2 -2 -2 -2 -2 -2 -2 -2 -2
185.1 182.3 181.7 184 186.4 188.5 190.1 189.4 186.3 181.9 176.5 173.2 169.3 165.3 161 156.1 150.7 147.8 144.3 140.8 137.9 134.7 134.5 136.4 142.4 149.2 148.7 152.1 149.3 149.3 148.3 151.1 144.5 139.7 134.6 131.1 145.1 133.7 125.3 128.8 112 97.6 77 64.7 55.5 40.3 29.7 21.1 10.5 -2 -2 -2 -2 -2 -2 -2 -2 -2 -2 -2 -2 -2 -2 -2 -2 -2 -2 -2 -2 -2 -2 -2 -2 -2 -2 -2 -2 -2 -2 -2 -2 -2 -2 -2 -2 -2 -2 -2 -2 -2
186.7 184.8 183.4 185.1 187.6 189.6 192.2 191.1 186.7 182.6 177.5 174.4 171.2 167.2 163 157.5 152.3 150 146.5 142.5 138.6 135.2 135.2 136.3 138.7 142.9 154.6 152.7 149.7 148.2 145.9 144.2 139.8 137.4 133 127.6 132.8 128 119 110.8 102.9 92.5 84.8 78.6 66.6 52.2 43.8 28.1 18.4 -2 -2 -2 -2 -2 -2 -2 -2 -2 -2 -2 -2 -2 -2 -2 -2 -2 -2 -2 -2 -2 -2 -2 -2 -2 -2 -2 -2 -2 -2 -2 -2 -2 -2 -2 -2 -2 -2 -2 -2 -2
186.9 186.1 185.6 186 188.7 190.1 192.9 194 189.2 184.3 178.4 175.5 172.7 169 164.6 160.3 154.7 152.2 149.2 145.4 140.2 136.6 138.4 138.4 141.9 140.5 141.3 150 149.3 146.1 142.7 141.1 139.1 137.1 132 125.3 120.3 118.1 111.4 102.5 98.7 104.2 108 98.9 76.6 65 54.5 41.7 26.5 13.1 -2 -2 -2 -2 -2 -2 -2 -2 -2 -2 -2 -2 -2 -2 -2 -2 -2 -2 -2 -2 -2 -2 -2 -2 -2 -2 -2 -2 -2 -2 -2 -2 -2 -2 -2 -2 -2 -2 -2 -2
187.8 187.2 186.5 187.6 189.5 190.9 193.1 195.8 194.2 186.6 180.3 177.3 174.2 170.2 166.4 161.2 156.5 154.2 151.8 149.3 145.7 144.7 143.8 141.9 142.4 142.8 140.5 140.1 141 141.2 140.6 140 139.3 136 130.2 123.7 117.5 110.8 106.3 106.3 114.1 126.9 134.8 127.3 98.5 76.3 65.5 48.7 30.4 20.3 -2 -2 -2 -2 -2 -2 -2 -2 -2 -2 -2 -2 -2 -2 -2 -2 -2 -2 -2 -2 -2 -2 -2 -2 -2 -2 -2 -2 -2 -2 -2 -2 -2 -2 -2 -2 -2 -2 -2 -2
188 187.5 187.1 187.5 188.5 190.1 191.9 194.2 195.1 189.5 183.1 178.2 175.3 171.7 168.3 163.8 158.7 156.4 154 151.8 148.7 147.7 144.6 142.7 142.9 143.3 142.7 141.4 139.7 138.8 139.7 139.2 138.4 133.6 127.9 121 115.1 108.9 106.4 116.8 128.8 140 147.4 142.7 117.7 93 78.4 60.8 40 26.2 14.4 -2 -2 -2 -2 -2 -2 -2 -2 -2 -2 -2 -2 -2 -2 -2 -2 -2 -2 -2 -2 -2 -2 -2 -2 -2 -2 -2 -2 -2 -2 -2 -2 -2 -2 -2 -2 -2 -2 -2
188.3 187.9 187.7 188.3 189 189.5 190.3 191.2 190.5 187.5 184.1 179.2 176.6 173.1 170 166.2 161.8 158.8 156.6 154.4 151.1 147.3 145.4 143.4 143.6 142.9 142.8 141.4 141.2 139.3 138.7 140.7 138.7 132.2 126.3 120.1 113.3 109.1 108.3 115.9 140.8 151.6 150.4 143 130 107.2 83.2 65.6 47.2 38.4 26.1 -2 -2 -2 -2 -2 -2 -2 -2 -2 -2 -2 -2 -2 -2 -2 -2 -2 -2 -2 -2 -2 -2 -2 -2 -2 -2 -2 -2 -2 -2 -2 -2 -2 -2 -2 -2 -2 -2 -2
188.6 188.4 188.4 188.2 188.6 189.1 189.5 188.8 187.8 185.3 182.9 180.7 177.5 174 171.3 167.9 163.7 159.8 157.2 154.7 150.9 148.1 146 143.9 143.1 141.7 141.8 141.4 140.9 140.7 139.1 139 139 134.7 128 119.5 113.2 110 109.3 118.2 139.3 158.8 154.1 150.1 138.3 108.6 85.1 64.5 61.4 53.3 38.6 21.9 -2 -2 -2 -2 -2 -2 -2 -2 -2 -2 -2 -2 -2 -2 -2 -2 -2 -2 -2 -2 -2 -2 -2 -2 -2 -2 -2 -2 -2 -2 -2 -2 -2 -2 -2 -2 -2 -2
