public/OST50/NG90.asc
ncols 200
nrows 200
xllcorner 190000
yllcorner 800000
cellsize 50
[rows 35 to 69 of 200, columns 78 to 155 of 200]
214.7 236.4 249.3 267.1 279.9 287 297.9 307.9 313.6 320.9 333.8 346.6 360.7 366 375.7 398.3 419.2 434.2 446.2 465 485.3 508.8 523.6 539.7 558.4 575.3 593.5 614.3 628.8 638.4 649.2 653.3 650.7 645.5 639.8 632.6 637.4 651.7 660.3 671.2 675.7 677 660.1 615 579.9 563.6 554.1 543 541.1 532.6 525.8 521.8 506.5 485.5 470.3 460 436.3 418.1 399.4 382.4 370.7 363.4 346.4 336.8 320.4 295 274.2 269 268.3 270.7 276.8 287.1 302.2 326 353.4 383.1 417.5 455.9
217.7 233.8 248.8 263.1 261.3 268.2 277.6 290 302.2 307.7 325.7 336.5 347.3 351.3 355.2 375.3 394.8 406 415.3 429.2 454.8 480.2 505.8 529.8 547.5 563.9 575.3 595.2 607.6 628.5 633.1 635.5 635.6 630.6 626.9 629.7 637.4 639.4 654.4 664.7 667.3 667.6 659.3 620.9 580.3 555.8 540.4 528.4 521.7 508.3 500.9 497.2 482.2 468.7 450.1 435.6 418.1 400.6 384.1 367 350.3 337.5 325.6 315.7 302.2 278.3 267.8 266.4 267.3 271 276.1 287.6 304.7 325.8 358 392.3 428 467.3
213.9 234.9 262.3 272.7 278.1 289.2 290.9 295.3 305 299.3 303.6 313.4 322.2 325 332.6 342.8 363.2 380.4 394.6 415.5 440.8 460.9 486.2 505.1 521 542.2 560.2 565.1 577.7 591.2 605.3 610.4 605.6 605.9 626.7 629.6 639.2 645.8 656.5 658.1 658.3 654.9 663.6 636.7 580.2 549.3 530.7 515.7 504.2 493 484.3 476.7 459.7 450.4 431.9 415.4 400.2 385 367.2 348.7 330.1 316.1 307.5 299.6 287.2 271.4 264.9 265.6 267.6 272.4 277.2 290.3 309 336.3 368.9 403.5 441.2 478.4
233.8 217.7 235.7 251.3 269.8 286.9 283.1 298.4 302.3 289.3 301.9 305.4 309.6 317.1 329.5 337.8 349.4 366.8 381.1 406.6 423 437.3 461.9 487.8 505.2 517.1 521.9 529.5 539.5 550.2 565.5 572.4 577.6 595 608.1 623.1 642.1 653.3 657.3 652.7 652.7 661.1 660.1 639.6 585 547.2 520.3 500.9 483.3 472.6 462.5 447.9 439.1 434 409.6 389.7 379.6 366.6 350 327.5 309.7 298.7 290.3 285.1 270.6 265.5 263.8 266.3 269.8 276.6 287 300.4 322.8 352.9 394.7 421.4 454.3 483.2
269.7 264.8 240.7 236.1 252.1 266.1 273.4 280.5 280.5 286.9 295.4 303.4 311.2 320 319.4 323 331 349.3 373.9 393.4 409.6 433.1 459.9 472.9 472.6 474.1 483.8 498.2 506.2 523 535.4 562.6 576.8 584.5 609.5 627.6 636.4 644.2 648.7 655.8 663.6 665.5 658.7 636.1 590.2 545.8 513.9 493.5 475.3 454.3 434.1 424.9 417.5 405.6 385.1 367.1 357 349.2 333.2 308.8 294.7 286.1 279.8 271.2 264 261.1 265 269 272.7 281 292.2 310.7 336.5 369.1 401.2 432.8 462.2 483.9
273 284.5 278.2 261.7 252.6 250.6 259.8 273.1 282.7 285.4 299.1 300.8 306.7 313.4 313.9 313.5 320.2 332.1 358.8 380.9 398 420.5 436 450.8 458.5 461.7 472.5 487.9 503.4 524.5 544.4 554.6 560.8 579 599.4 611.8 620.1 629.7 644.4 655.2 662.6 671.3 666.2 625.9 579.7 542.2 513.6 483.7 461.9 439.6 417.3 403.7 390.5 377 356.8 345.3 339.5 333.3 308.6 290.9 281 276.4 273.3 266.7 261.8 263.7 268.8 273.1 277.8 286.3 300.9 324.6 351.4 381 409.5 438.4 461.6 487.4
274.1 273.3 268.1 281.5 291.3 282.4 268.7 273.3 275.5 277 282.4 291.8 296.9 306.7 309.8 306.1 312.7 328.1 352.2 375.3 390.6 405.1 413.3 417 426.8 429.8 442.3 470.7 496.6 512.6 530.7 531.2 542.7 556.4 575.8 588.4 603.1 620.4 640.5 647.9 658.5 664.1 650 615.2 569 529.4 508 474.1 452.2 431.5 406.9 381.9 366.5 351.8 335.2 327.3 323.8 311.1 289.5 275.7 270 267.9 263.2 261.6 259.3 266.4 271.6 277.5 285.3 295.7 317.6 342.3 379 398 421.8 443.7 465.4 485.9
246.6 252.7 264.2 283.3 299.2 304.6 295.3 280.5 260 257.2 263.7 272 279.9 286.6 296.4 292.1 308 321.2 342.3 363.4 374.6 384.3 388.9 392.1 398.6 397.6 417 437.2 455.1 476.9 495.3 509.9 523.7 533 551.2 564.3 584 607.1 622.8 636.8 641 637.5 612.3 578.6 535.8 505.9 484.5 468 444 417.8 391.7 367.6 342.7 328.3 316.5 310.5 313.5 293 270.5 257.8 256.1 257.9 255.5 257.2 258.3 265.8 273.9 284.6 295.2 309.6 329 361.9 384.6 404.4 426.2 442 463.2 490.4
237.9 249.1 260.7 271.5 281.7 288 278.9 266.8 265 247.5 243.7 260.4 270.1 271.3 277.3 272.1 286 300.4 325 342.8 354.2 353.6 355.6 364.9 368.8 391.4 410.8 426.5 445.8 462.2 473.2 492.9 510.2 513.7 533.2 552.2 585 600.6 614.2 621.4 621.1 610.4 586.6 543.7 513 487.5 467.3 452.3 432 403.7 377 351.1 328.1 306.3 301.1 302.6 296.7 275.8 256 241.4 239.4 243 249 256.3 260.9 268.5 277.4 288.9 301 318.4 342.5 365.1 383 406 427.6 448.1 472.6 486.8
227.4 232 237.3 249.4 255.1 253.7 245.2 252.9 255.4 253 237.6 239.2 255.9 268.6 270.8 263.4 275.7 284.8 299.9 313.2 321.8 324 323.9 337.5 351.1 374.4 388.2 397.8 415.6 439.7 463.5 483.9 491 492.9 507.8 529.4 559.1 573 589.6 600.6 599.3 584.6 566.6 535.1 496.2 474.8 453.4 438.5 415.4 385.5 358.3 334.1 313.1 297.9 290.5 292.4 284.5 262.1 243.6 227.8 224.6 236.1 248.9 254.1 264.5 270.2 281.6 295.9 310.1 329 353.1 370.2 390.4 413.9 440.8 459.3 484.3 511.6
193.4 204 212.5 212 218.4 215.4 228.1 229.1 236.1 235.8 233.3 222 224.3 246.2 253.3 247.2 252.6 267.3 278.7 280.3 284.1 288.1 300 310 323 346.2 359 369 391.5 418.9 435.7 452.7 465.7 475.4 488.9 506.3 525.2 554.9 576.1 578.5 578.9 566.7 547.1 517.9 480.5 455.8 440.4 420.8 395.6 367.9 341.3 318.1 298.2 282.1 278.6 280.3 270.5 245.5 228.3 218.7 223 230.4 241.1 251.5 254.3 267 281.2 298.2 317.3 338.6 360.7 382.6 405.6 425.4 443.7 469.1 493.4 518.7
166.3 188.6 197.1 198.2 188.3 193.5 190 197.2 208 217.6 222.8 219.4 201.6 199.9 219.5 222.5 217 244.9 252.3 246.3 255.4 257.8 268.7 279 301.4 314.8 325.4 344.4 362.1 382.7 406.6 426.7 447.2 456 461.6 480.1 509.6 541 543.8 549.3 556.4 547.8 528.9 495.4 458.6 442.5 428.6 402.5 376.8 351.1 330.8 306.4 285.4 268 257.8 258.1 255.7 232 218.3 218.5 223 235.5 244.6 251.6 261.4 274.6 290 306.5 322.5 347.7 371 400.6 421.6 438 457.4 479 501.3 527.4
173.8 178 192.3 184.7 169.8 164.8 159.1 168.5 194.5 198.5 198.2 206.5 201.4 186.3 167.4 175.1 175 200.6 222.6 206.3 223 226.5 236.2 259.7 273.6 283 306.3 327.5 342 361.6 380.7 417 434.3 436.7 441.4 464.8 487.1 510.5 525.5 533.9 531.5 529.6 507.2 481.3 447 424.7 405.9 383.3 360.8 339.6 315.8 292.9 271.1 255 240.3 244.6 245.4 222.6 215.7 216.6 227.7 240.8 251.7 261 272.1 290 307.9 327.8 342 363.4 389.7 415.5 433.5 451.6 468.1 491.3 512.2 537
162.9 145.1 148.8 154.5 151.9 132.1 126.6 134.6 160.7 162.3 164.5 170 173.5 180.7 166.7 139.1 143.9 168.8 166.7 173.5 192.9 198.9 212.3 236.4 250.7 259.7 278.2 307.3 320.9 332.7 361.8 388 405.1 410.1 418.5 443.6 469.1 493.6 504.9 509.1 512.9 502.9 487.6 465.2 435.1 407.6 389.5 364.7 344.1 319 299.3 276.8 252.7 235.2 230.4 233.9 226.4 215.5 217 224.1 235.7 247.7 261 274.9 291.2 308.8 330.6 348.3 367.1 387.9 411.1 424.8 440.6 460.4 476.5 496.7 523.4 548.7
145.1 125 112.8 122.6 123.5 106.7 94.7 101 118.1 131.1 136.8 138.8 154.1 156.5 164 145.4 118.8 119.3 124 143 164.6 173.9 191.2 210.3 223.3 235.6 254.6 273 288.7 321.7 367.6 387.9 393.3 381.4 403.3 437 459.3 471.3 483.9 491.9 497.8 484.8 467.1 446.8 422.7 388.7 366.7 346.4 323.4 300.6 285.6 264 235.4 218.6 218.9 228.9 214.7 213.7 219 228.5 241.5 259.3 272.5 291 310.1 333 351.9 371.6 387.5 410 427.1 441.9 450.9 458.6 481.6 505.1 532.6 551
113.8 102.3 85.9 108.7 100.1 83.5 69.8 63.6 80.7 97.4 97.5 118.4 132.9 144 154.1 135.5 123.6 94.6 103.8 119.3 142.6 160.8 169.9 183.3 198.3 209.9 231.7 254.3 278.3 313.6 351.9 366.1 371.2 368.6 391 416.1 434.1 447.3 468.2 472.7 475.2 464.4 442.7 424.9 402 369.5 344.4 323.9 303.4 287.2 268.7 243.1 219.4 208.7 209.8 213.9 217.1 219.2 224.7 234.5 254.6 270.8 292.9 311.2 332.6 353 373.4 390.9 409.7 428.5 441.7 451.1 460.1 469.5 474.4 499.9 528.5 547.3
82.4 65.4 56.1 84.5 76.8 58.7 40.7 36.2 46.7 52.3 66 94.1 101.1 127.3 116.5 105.6 96.6 80.1 90.2 104.4 123 136.5 141.6 153.2 170.4 192.4 223.9 239.7 259.9 291.3 321.1 346.6 351.9 346.4 362.5 382.7 404.2 429.8 443.2 453.5 445 434.9 419.6 400.7 378.5 352.8 324 301.7 286.4 267.4 248.8 224.8 205.6 203.3 204.8 214.2 231 235.1 236.7 249.1 265.3 289 306.8 329.8 348.8 370.9 390.9 404.5 426.6 438.8 450.1 459.7 471.5 485.8 497.6 511.3 532.1 546.3
36.1 30.6 22.8 36.5 36.9 30.8 14.3 -1.8 -1.8 16.4 36.4 43 68.9 87.6 76.6 72 67 63.7 82.4 91.7 96.6 105 117.6 116.9 133.5 173.4 185.2 224.1 241.7 266.9 291.9 314.8 323 318.4 328.2 357 387.8 414.5 423.4 425.2 420.6 418.1 405.8 385 357 334.1 312.5 292.6 268.7 252.1 232.1 211 201.3 202 209.9 235.6 252.7 248.1 251.8 264.3 281.4 301.6 319.6 341.6 363.6 384.5 404.6 427 442.1 450.6 461.2 476.9 489.5 507.3 524 537.8 556.3 579
-1.8 -1.8 -1.8 -1.8 -1.8 -1.8 -1.8 -1.8 -1.8 -1.8 -1.8 18 36.7 49.8 42.1 42.8 40.4 44.2 52.5 66.8 78.6 84.9 89.4 91.4 99.6 120.1 162.7 203.1 211.4 232.7 270.6 294.1 294.7 287.8 295.2 317.9 349.4 378 392.1 399.8 407.7 402.3 389 366.5 339.2 317 297.2 278.9 252.3 234.1 217.3 203.8 201.2 202 221 258.8 264.3 255 267 280.2 295.1 312.5 333.8 358.3 379.8 404.5 425.7 442.4 454.3 466 485.6 504.8 519.3 533.6 553.2 564.2 589.8 603.1
-1.8 -1.8 -1.8 -1.8 -1.8 -1.8 -1.8 -1.8 -1.8 -1.8 -1.8 1.9 14.3 20.7 17.4 21.4 23.6 25.5 29.2 40.3 53.2 63.1 73.3 75.2 79.7 95.3 127 158.8 186 213.5 243.7 263.7 266.4 260.3 266.5 294.9 324.4 356.8 376.8 393.3 407.1 397.5 373.5 350.7 329 306.6 283.9 261.1 237.6 222.7 209 201.8 200.7 207.2 229.3 266.4 259.2 263.5 280.3 294.6 309.8 329.1 354.2 378.3 402 427.2 444.2 456.7 470.1 487.8 512.8 533.9 545 557 575.5 591.7 613.1 629
-1.8 -1.8 -1.8 -1.8 -1.8 -1.8 -1.8 -1.8 -1.8 -1.8 -1.8 -1.8 -1.8 -1.8 -1.8 9.2 10.4 12.1 14 20.9 33.3 40.3 52.8 56.8 68.4 84.5 111.8 146.4 181.9 206.7 219.7 230.1 235.2 232.9 245.6 298.5 323.4 350.8 363.2 378.4 385.9 369.4 349.2 332.3 315.2 293 270.7 245 226.7 213.2 202 198.3 206.3 215.8 236.1 251.7 264.3 272 290.9 307.9 333.6 353.6 382.7 405.9 426.5 448.5 460.3 476 497.9 516.2 539.3 555.1 569.8 586.6 606.5 623.2 636.2 662.2
-1.8 -1.8 -1.8 -1.8 -1.8 -1.8 -1.8 -1.8 -1.8 -1.8 -1.8 -1.8 -1.8 -1.8 -1.8 2.3 3.9 5.7 7.2 9.3 19.8 24 31.7 41.8 57.6 71.4 94.5 132 168.5 193.3 195.9 197.9 209 203.5 226.1 266.9 296 332.4 347.2 355.8 359.9 342.5 325.3 312.3 296.9 274.7 253.1 234.4 214.6 203 195.4 201.3 207.7 215.6 231.1 260.3 277.9 286.7 309.9 330.1 352.4 379.1 403 424.8 447.8 465.1 474.4 504.5 530.1 551.2 563.2 577.7 599.5 621.7 643.2 660.4 677.9 689.8
-1.8 -1.8 -1.8 -1.8 -1.8 -1.8 -1.8 -1.8 -1.8 -1.8 -1.8 -1.8 -1.8 -1.8 -1.8 -1.8 0.1 2.1 2.7 2.4 7 12.7 15.7 28.3 51 79 80.1 99.3 140.2 163.2 166.5 173.2 179.2 190.3 211.3 236.4 275.2 327.9 336.9 346.3 345.1 327.9 314 296 277 255 232 212.5 200.4 194.9 198.6 205.9 210.4 226.1 252.5 275.5 287.1 302.3 324.3 349.2 370.9 392.9 419.8 448.3 468.6 475.4 500.1 530.7 551.2 570.6 586 605.9 631.5 659.4 678.9 695.2 714 725.8
-1.8 -1.8 -1.8 -1.8 -1.8 -1.8 -1.8 -1.8 -1.8 -1.8 -1.8 -1.8 -1.8 -1.8 -1.8 -1.8 -0.1 1 1.3 1.9 2.5 5.7 7.8 11.1 40.9 74.6 96 89.1 96.3 117.9 130.2 147.8 149.7 172 188.5 215.7 251.2 287.9 306.2 313.1 321.9 316.5 296.6 279 255.5 231.8 212.9 201.1 194.4 194.8 202.8 211.1 230 245.2 279.1 288.6 300.3 322.2 350.4 370.9 391.7 413.8 440.2 466.5 479 494 524 547.7 572.9 594.7 617.1 638.7 662.2 692.6 710.7 731.2 746 759.8
29.1 9.7 -1.8 -1.8 -1.8 -1.8 -1.8 -1.8 -1.8 -1.8 -1.8 -1.8 -1.8 -1.8 -1.8 -1.8 -0.6 -0.1 0.2 0.9 1.7 3.4 4.9 7.1 23.6 59 71.5 87 95.6 101.6 110 123.1 135.4 148.3 169 199.5 226.9 267.6 276.2 282.2 291 290.6 273.9 256 232.8 210.7 198.7 192.5 190.2 197.5 215.1 229.9 247 261.8 281.2 297.7 322.1 347.9 371.7 390.5 414.9 437.1 463.5 482.3 491.3 517.5 545.4 577.5 604.7 624.9 645.9 674.9 701.3 732.4 745.1 765.4 782.1 784.9
49.8 40 35.9 31.6 28.9 36.7 52.2 55 23.8 -1.8 -1.8 -1.8 -1.8 -0.8 -0.9 -1.8 -1.8 -1.8 -0.9 -0.4 1.1 2.7 2.5 4.8 6.8 33.7 66.5 75.8 83.2 105.7 112 113.7 119.8 133.6 153.3 188.3 212.8 228.2 254.5 268.4 271.9 263.5 251.9 236.1 212.5 192.7 185.2 185.2 194.9 215.5 231.9 245.5 255.8 272.1 293.2 320.9 345.4 371.4 390.2 414.5 438.5 464.6 485.2 491.7 512 540.5 569.9 600.9 628 650.8 678.6 707.7 733.5 756 775.4 802.1 816.1 799
77.2 72.5 69.1 61.6 52.1 62.3 81.8 77.9 51.3 35 -1.8 -1.8 1 1.4 0.8 0 -1.8 -1.8 -1.8 -1.8 -1.8 -1.8 2.3 2.6 4 9.8 33.2 53.5 66.3 88.2 128.6 124.1 111.8 117.8 136.3 160.1 191.2 225.2 247.3 251.5 247.8 239.2 231.3 218.3 194.5 180.7 188.7 206 217.1 236.3 249.3 261.9 276 291.7 315.5 344.6 369.2 388.5 412.4 442.5 469.2 491.2 494.1 508.1 535.6 565.9 596.7 622.6 654.1 677.2 704.2 733.3 758.6 781.5 804.5 834.9 836.8 810.1
125.9 108.1 106.7 96.4 80.4 92.8 116 115 106 90.8 65.7 21 17.5 11.1 8.1 2 1.4 -0.1 -0.5 0 -1.8 -1.8 2.4 2.2 4 4.5 9.2 37.7 51.8 62.3 97.9 115.2 101.5 109.1 122.7 154.9 173.6 196.6 219 222.7 217 209.2 205.6 194 175.2 188 201.1 221.5 232.3 252.6 264 278 296 318.2 345.7 366 387.6 410.4 435.7 467.8 497 502.1 510.9 531.2 568.2 596 624.1 652.6 675.1 702.4 726.4 755.7 788.9 811.7 833.5 857.1 848.6 833.9
193.7 164.2 144.2 125.7 118.3 130.7 147 154 144.5 118.2 91 52.5 38.4 41.7 43.6 19.6 5 1.1 1.4 2.2 2.4 3.6 4.3 3.8 2 4.1 6.2 14.8 27.1 41.7 69 84.8 82 107.7 125.2 123 144.9 184.9 190.7 186.8 181.6 161 154.9 163.5 179.8 193.9 210.8 227.4 242.1 260.1 279.4 297 321 345.6 364.4 387.5 411.2 437.7 467 500.2 508.1 515.5 534.6 562.4 593.6 624.6 652 676.7 701.6 726.5 754.2 785.5 818.2 840.2 861.2 883.9 890.3 870.3
245.7 203.4 186.4 187 168.9 162.3 174.9 181.8 179.5 154.1 112.9 77.4 66.5 75.8 65.8 46.3 21.6 2.8 2.4 2.4 4.3 4.1 4.2 4.2 3.9 4.3 5.5 8.1 16.9 27.3 51.4 64.3 74.9 112.5 150.6 141.2 127.9 138.4 153.9 149.5 134.5 118 136.5 159.4 183.6 197.6 216 231.6 249.4 273 294.9 319.4 348.1 364.5 385.3 409.1 434.4 472 501.5 514.4 519.8 538.1 568.2 595.8 624.1 656.4 679.5 704.7 730.2 755.5 789.7 818.1 842.6 873.1 898.7 927.3 931.9 912.1
276.1 263.2 266.4 233.4 204.9 203.5 221.4 238.5 218.9 177.1 132.2 110.1 96.3 106.2 85.4 74.8 51.2 17 2.4 2.3 4.2 4 4 4.1 2.2 4.4 5.5 6.8 9.9 18.1 33.5 48.5 78.1 117.8 153.3 147.6 149.9 134.2 121.4 108.7 95 116.7 132.5 153.5 180 198.5 219.8 239.6 264.2 293.9 316.5 341.6 362.8 381.1 405.6 433.2 463 499.4 520.4 530 553.1 575.4 600.1 626.7 657.6 685.2 710.4 735.2 761.9 790.7 817.4 845.9 877.1 906.4 926.9 940.4 946.1 939.7
336 332.4 318.4 278.4 257.3 248.9 258.3 266 245.1 209.1 163.4 146.2 127.1 128.6 107.4 89.9 65.1 43.9 15.1 2.4 3.3 3.8 3.9 4.3 4.6 4.3 5.6 7.1 8.7 14 26.6 45.4 82.1 115.4 142 140.6 133.7 122.5 106.6 85.2 91.2 107.3 131.1 149.8 178.2 202.9 229.8 254.7 284.4 311.3 338.1 356 377.6 400.1 427.2 461.4 493.4 522.5 536.2 559.8 589.1 611 629.2 655.5 688.3 713.2 742.4 768.1 795.2 827.3 849.3 880.4 903.8 904.6 918.4 935.6 940.6 929.9
367.6 358.7 348.8 323.2 315.4 294.4 293.6 300.9 278.8 237.5 217.4 207.7 162.4 154.5 134.5 110.6 85.8 60.8 34 10.4 5.9 4.7 5 5.4 5.3 5.6 6 7.4 9.2 13.9 22.3 48.9 84.4 114.8 128.2 129.3 116.4 102.6 75.6 69.9 95.2 108.3 125.7 154.1 182.5 205.2 232.7 260.5 289.5 320.2 347.9 376.6 393.8 418.2 450.3 491.4 519.3 536.8 560.4 594.5 618.7 639.6 662.1 691.1 715.9 739.5 769.5 794.3 821.5 851.8 872.2 890.7 899 895.2 913 925.5 926.4 913.9
405.8 386.6 375.8 366.6 342.3 331.7 331.6 323.3 298.6 279.9 257 238 207.6 178.7 163.2 135.8 106.4 83.2 48 24.9 12.6 7 5.5 6.3 6.1 6.5 6.5 7.8 9.1 13.3 25.4 52.7 84.9 95.9 97.7 95.8 90 76.9 64.3 91.9 105.7 112.6 122.9 148.1 172.7 204 230.9 263.6 291.2 327.8 359.1 384.9 408 438.1 476.3 512.8 533.2 554.5 589.5 622.2 638.4 662.6 684.5 704.8 728 758.7 787.4 816.9 850 863.9 872.7 880.9 878.1 884.2 898.1 904.2 904.6 898.1
439.1 428.4 405.8 382.6 374.3 358.9 342.8 329.2 319 309.6 294.4 264.6 225.8 216 195.8 163.7 124.9 90.9 59.4 37.1 21.1 9.5 6.9 6.4 6.9 7.9 8 6.7 8.9 11.2 20.6 40 66 63.7 60.2 55.9 52.5 40.6 76.6 96.7 119.7 132 135.6 146 168.5 197.2 231.6 265.2 294.1 332.9 360.5 385.1 417.4 451.4 493.6 532.5 545.9 573.7 608 635.4 646.9 664.3 686.4 715.8 743.5 765.6 789.9 818.2 844 854.5 865.5 872.8 865.9 865.9 876.5 885.7 886.8 879.2
