public/OST50/NG90.asc
ncols 200
nrows 200
xllcorner 190000
yllcorner 800000
cellsize 50
[rows 0 to 34 of 200, columns 78 to 155 of 200]
367.2 360.4 354.7 349.7 346.3 341.7 336.7 331.8 329 325.9 324.2 320.8 316.5 314.2 312.7 312.4 312.1 312.1 312.6 313 316 319.3 321.9 325.8 332.9 341.2 349.6 356.6 362.2 363.4 363.9 373.6 379.6 386.6 394.2 401.3 411.5 426.2 443.9 463.6 482.1 504.3 530.6 557.3 590.1 620.3 646.1 669.4 697.3 720 741.3 760.3 775.5 784.2 787.5 785.9 774.2 747.8 728.2 708.1 688.2 671.2 661.3 652.2 637.9 624.4 617.1 599.8 595.9 591.3 574.2 555.1 536.6 525.9 515.8 509.9 500.9 509.2
344.9 339.1 334.8 331.3 329 326 323.9 320.9 319 315.8 313.8 310.9 308.3 304.4 305.6 306.6 307.3 307.5 307.7 312.1 314.9 319 326.6 333.8 339.3 347.4 354.4 361.3 366.6 372 374.5 377.9 380.3 383.9 387.3 395 401.7 416 435.3 452.1 472.9 492.5 520.5 548.8 581.1 612.9 642.5 672.5 699 726.3 754.4 777 797 810.6 818.3 818.1 796.4 774.1 738.7 708.6 690.7 678.5 665.2 648.4 629.9 614.2 606.6 595.5 596.3 581.7 570.4 549.4 539.3 530.9 527.1 511.9 510.6 522.2
325.1 318.6 318 317.9 315.8 313.3 311.5 309.7 310.2 307.8 305.7 303.9 301.3 299.1 300.4 301.1 301.3 307 311.1 315.8 320.4 326.2 334.8 342.1 348.9 355.1 360.5 365.7 369.8 374.7 381.4 385.5 387.4 396 404.2 407.4 410.1 411.3 423.6 442.9 460.5 480 504.5 529.4 564.2 594.8 628.2 657.2 692.8 722.7 759.2 783 800.7 814.1 824.7 817.8 803.8 769 729.8 705.2 686 665.9 651.3 645.6 628 608.6 600.3 583.1 577.7 574.8 559.6 552.4 542.1 532.4 527.1 521.2 518.2 522.5
305.4 303.8 304.8 304.9 304.8 303.9 302.3 302.9 302.8 300.8 298.8 296.6 296.2 296.2 298.2 301.9 305.6 312.2 319.5 324.9 331.1 338.9 347.1 355.6 363.3 366.1 370.7 373.6 380.1 385.7 388.9 390.9 398.8 407.3 419 425.2 427.7 430.5 432.5 433.4 450.5 469.4 495.8 520.6 557.7 591.3 624.4 656.4 690.5 721.6 750.6 783.2 800 815.6 816.1 812.2 783.4 755 716.2 688.7 666.7 652.9 634.3 625.1 615.5 603.1 587.9 574.5 571.8 562.4 556.3 551.4 536.9 532.6 526.3 533.4 523.5 529
292.9 291.4 294.2 294.8 295.4 296 293.8 294.9 295.5 294.2 293.3 294 297.5 297.6 301 305.6 314.7 323.4 331.4 335.3 342.5 352 359.4 363.3 370.2 378.4 385.7 393 401.2 400.6 403.3 405.1 412.3 424.7 435.6 443 447.6 451.9 454.2 452.2 449.9 459.3 480.2 508.1 537.7 580.5 617 650.8 678.6 714.8 751.4 776.2 793.1 808.5 804.7 790 760.1 723.6 696.4 675.3 657.3 643.9 626.4 609.1 596 589.9 584.8 566.6 572.1 561.8 552.5 540.7 527.2 522.8 534.1 531.5 524.3 530.7
284.4 284.9 286.6 287.8 288.6 289.1 288.7 288.6 289.8 291.1 292 293.5 295.1 300.7 307.9 313.6 319.1 326.7 333.5 338.1 346.4 352.3 361.8 371.2 384.6 400.1 413 419.6 424.3 425.8 425.5 425.6 428.6 441.6 452.9 460.9 466.6 472.8 476.4 474.7 468.5 471.6 488.5 509.6 534.4 565 600.9 635.2 665 694.5 737.1 769.5 790.3 796.5 791.3 763.9 731.3 705 685.8 666.9 645.3 632.7 615.8 597.8 585.8 584.8 567.6 562.4 565.6 555.1 543.5 532.9 521.7 520.1 530.4 527.6 526.5 524.3
281.2 282.5 283 280.9 284.5 283.6 286.8 288.3 289.3 292.7 294.8 298.1 303.6 311.3 317.7 325.2 332.4 339.7 348.2 358.4 364.9 370 383.1 398.6 412.7 428.3 439.3 450.3 454.6 450.8 453 453 454.4 458.4 468.4 478.6 483.6 488.5 493.7 494.6 492 489.8 507.5 526.5 550.5 574 602.8 636.7 665.5 691.9 736.1 770.9 780.3 792.5 770.3 741.8 714.1 687.7 668.2 652.8 635.4 624.4 604.4 595.1 579.6 572.1 553.1 548 545.2 544.8 542.1 537.8 523.7 516.3 517.8 519.2 525.2 529.1
277.4 280.6 283.3 285.1 286.7 287.3 288.5 290.7 296.4 302.2 305.7 310.1 318.3 327.7 337 347.1 357.6 365.9 376.3 387.2 392.7 407.9 425.8 439.2 451.9 453.9 463.2 471.5 476 475.9 476.5 477 477 475.1 484.6 493.4 499.1 506.3 514.5 515.9 519.7 521.3 521.9 540.7 562.1 585.4 616 646.8 673 701.9 734.4 761.6 775.4 771.6 758 726.8 698.9 674.1 660.2 646.8 633.2 621.7 609.7 596.6 582.7 562.1 546.7 532.3 523.9 525 538.9 540 527.7 508.7 512.2 519.4 532.9 542.3
283.1 284.6 286.6 288.5 290.3 292.3 295.1 303.1 314.6 321.9 323.6 332.1 340.3 348.7 360.7 370.5 382.8 395.7 407.3 423.6 431.8 446.6 463.2 479.9 491.5 501 502.4 500.6 497.7 499.9 496.9 495.1 497.3 498.5 497.9 510.1 519 524.6 534.6 539.7 544.6 547.4 547.3 554.9 574.7 595.9 616.4 645.6 674.9 705.1 732.1 757.3 776.6 778.6 742.3 712.8 692.7 674.7 661 643.7 631.8 624.3 608.7 600.2 573.3 560.7 548.6 533.8 514.4 507 522.8 521.3 511.3 507.6 517 527.3 535.5 546.7
286.8 288.4 290.5 293.2 298.2 303.1 310.5 322.4 336.1 341.2 343.5 353.2 363 377.3 391.1 402.8 415.4 429.3 443.4 457.4 469.5 481 499.8 516.9 530.4 540.5 540.5 540.8 534.9 533.2 525.2 519.1 518.9 519.9 518.8 529.4 537.6 542.6 554.4 563.6 568.8 574.5 575.6 570.7 592.7 609.3 635.1 662.8 688.9 720.3 744.9 769.3 784.7 768.1 731.5 708.8 689 670.3 656.8 642.8 632.7 624.4 616.3 600 575.1 562.2 547.7 531.7 516.3 491.6 497.8 500 484.3 493.2 512 524.5 528.1 547
289.8 291.4 296.7 301.9 309.1 316.2 328.7 344.7 351 354.7 360.9 373.6 389.2 404.3 416.8 431.8 446.2 461 475.1 489.1 502.9 512.7 532.7 549.1 563.3 576.2 580.7 583.6 571.8 566.9 560.5 553.1 540.5 532.9 534.7 537 547.8 561.1 573 582.4 593.6 602.7 602.3 607.5 602.9 636.4 660.4 680.8 704.9 729.7 759.8 778.9 782.2 758.5 732.2 707.7 683.1 666 651.3 643.9 638.4 615.9 612.7 592.5 576 564.5 545.7 536.4 526.6 505.9 485.5 475.8 475.1 481.1 500.2 515.9 523.3 549.6
291.3 296.3 303.1 309.5 319.1 331.3 345.9 358.1 368.5 373.4 385.1 400.1 413.8 429.8 445.1 463.5 479 496.7 510.2 524.8 541.4 551.8 573.5 591.7 604.1 615.7 625.9 622.4 604.8 602.3 597.3 586.2 572 562.7 556.4 552.1 557.6 569.5 583.7 601.2 621.6 622.6 627 632.9 637.4 652.3 680.7 700.2 720.7 745.6 768.1 779.3 780.3 766.1 731.4 704.1 681 661.9 644.8 641.5 621.8 614.6 607.7 594.9 578.2 561.7 549.9 544.6 525.2 502.9 485.8 472.1 465.3 469.5 489.3 504.7 528.9 546.6
295.5 301.1 309.7 318.2 327.9 343.3 357.5 373.6 388.4 392.4 409.6 425.4 436.9 453.1 472.5 491 508.7 530.1 545.3 564.5 579.5 592.2 605.6 622.3 641.6 654.3 662.9 658.2 637.1 633.4 626.6 616.3 604.2 590.1 585.7 580.7 573.9 582.8 596.1 611.1 623.4 635.8 649 664.1 673.2 671.5 698.5 709.2 735.6 760.1 774.2 782.1 787.8 768.6 732.8 701.3 674.7 655.7 642.4 630.4 615.6 608.3 600.5 590.2 575.7 562.5 550.5 536.9 515.4 491.3 477.3 465.5 464.7 463 475.3 493.2 518.2 537.6
300.3 309.1 318.9 329.5 340.3 357.3 372.2 389.6 398 411.3 432.1 452.2 467 483.2 501.7 520.9 538.2 557.9 570.4 586.7 599.6 611.5 636.2 664.8 683.6 695.1 700.7 692 672.9 662.4 653 647.6 635.3 620.8 617.4 610.9 602.5 602.5 622.2 638.5 646.5 649.3 665 682.4 698.3 707.6 709.7 731 754.6 772.3 784.2 795 803.3 775.6 731.4 697.1 678.5 664.7 648.5 631.1 606.2 594 584.4 576 574.1 568.7 541 521.7 498.7 476.3 460 458 460 466.1 477.9 489.6 508.2 515.8
300.9 312.9 327.7 338.7 348.5 361.4 380.8 411.8 415.9 435.4 449.2 471.9 491.1 508 524.8 547.5 564.2 575.4 587.9 604.8 618.2 639.4 664.8 693.9 713.8 724.5 728.7 724.1 707 696.7 684.8 677.1 665.3 648.1 647.9 641.1 624.3 618.3 632.3 641 650.3 665.3 680.3 690.5 703 722.4 738.8 754 765.7 780.5 790.8 809.3 815.9 778.8 730.2 702.5 685.2 670 648 626.2 601.1 584.1 572 563.2 574.3 556.2 529.9 500.4 481 456.4 445.5 448.8 445.4 466.5 482.7 498 503 506.4
303.2 313.6 324.2 335.4 355.5 378 397.9 424.3 426.5 434.5 452.1 481.2 500.8 517.9 539.6 565.9 580.9 592.4 603.4 626.3 653.9 680.8 696.8 718.7 731.4 744.4 760.6 761.8 745.6 724.8 706.1 694 682.7 670.7 659.5 648.1 631.2 629.9 635.4 642 652 661.4 674.4 699.7 724.6 749.3 770.2 779.9 788.9 795.5 806.2 814.7 802.8 762.6 727.6 706.2 682.7 664.3 642 610.4 588.8 577.4 561.4 558 559.7 539.1 517 482 462.2 432.4 431.9 431 450.1 461.6 478 492.7 499.6 491.4
301.6 308.5 323.1 353.2 374.7 394.2 413.8 431.8 433.8 441.8 460.4 489.5 513.4 536.9 561 580.1 594.6 615.7 636.2 657.5 686.4 709 721.3 736 757 776.3 791 797.2 791.7 765.8 743.8 726.3 717.2 697.6 674.2 662.9 642.5 635.8 634.9 640.1 651.3 670.2 690.3 714.9 743.6 765 781.7 800.8 815 822.4 835 835.6 791.4 745.3 712.3 691.9 674.1 655.3 627 600 586.1 568.2 556.4 552.3 545.6 523.9 495 463.7 438.8 420.5 420.8 434.5 441 455.3 468.9 480.2 489.1 489.3
297.8 315.3 338.9 361.4 389.1 407.3 430 446 446.1 465.5 489.8 508.6 529.6 549.2 572.5 598.7 623.4 649.2 667.3 682.2 702.8 720.1 733.7 757 770.5 784.5 795.1 805.9 810.3 796.7 771.6 746.3 727.2 705.5 694.5 685.7 671.1 662.1 651.7 651.1 662.9 683.3 703.5 731.7 765.1 784.8 801.7 819.3 838.6 856 863.5 828.3 781.2 742.2 704.4 675 652.9 630.5 610.1 594.1 576.1 571.8 558.3 543.9 531.8 512.2 482.2 448.3 418.4 405 409 416.6 430 447.3 462.3 472 478.3 494.7
304.2 330.7 349.8 376.5 405.9 429.2 439.8 448.2 459.9 482.6 501.9 530.3 554.8 574.3 591.4 609 630.3 654 667 687.9 708.4 730.4 746.8 755.6 767 781.4 799.6 812.5 816.2 805.1 787 768.4 751.9 735.3 727.2 717.8 701.8 693.3 681.4 676.5 680.3 690 709.3 740.7 771.7 801.5 822.8 846.4 871.8 873.6 856.5 843.4 807.1 741.4 702.4 669 634.6 611.3 596.8 586.2 587.7 571.6 550.9 536.4 519.5 497.9 467.1 435.1 406 388.2 391.6 401.3 414.4 431.3 444.9 456.1 481.1 502.9
317.5 347 363.4 389 414 426.7 437.3 451.8 473.7 490.6 509.2 524.4 551.6 576.5 591.9 605.5 627.2 642.7 663 685.9 707.1 723.4 738.1 746.8 763.4 779 798.8 815.7 822.6 831.7 821.7 795.5 779.9 765.9 758.1 747.2 732.7 725.5 711.7 702.8 697.3 710.5 732 753.3 781.3 824.5 848.3 869.4 874 855.9 842 828.6 786 733.1 701.2 666 630.9 612.1 600.8 589.4 581.2 557.1 538.5 521.8 507.7 482 448.4 416.8 397.9 377.6 375 391 407.1 422.4 457 474.1 479.2 497.6
331 351.5 377.7 402 411 426.1 443.1 461.7 475.8 489.7 507.7 526.5 540.2 560.6 574 589.6 610.5 634.7 653 672.5 693.6 711.1 723.6 735.5 750 770.1 788.1 807.4 822.6 844.4 847.9 826.9 802.8 787.8 783.6 766.7 755.5 746.5 731.7 731.5 729.9 741 761.5 785.3 816.9 843.9 875 864.1 846 834.7 825.7 808.6 775.2 731.2 696.4 665.1 637.2 624 613.1 593.4 565 546 529.1 510.2 487.7 459.9 429.2 404.7 386.4 365.3 369.4 389.7 407.5 429.2 451.5 469.8 473 486.4
336.6 358.8 379.9 388.2 399.6 418.9 438.7 456.2 481.5 495.4 504.1 518.3 528.5 539.8 555.1 577.1 599 618.2 635.1 652.7 675.5 693.8 708.6 719.7 732.2 750.6 773.9 790.6 810.6 829.2 839.4 843.1 824.4 805.6 795.1 780.7 776.9 775.8 756.9 759 758.1 771.5 789 807.5 833.7 858.2 851 834.4 824.7 814.4 803.2 786.4 764.5 734 695.3 671.9 657.7 639.4 617.3 593.2 570.1 554.4 530.6 503 473.7 445.2 424.1 393.5 370.2 357.8 360.8 378.9 402.1 420.8 444.5 459.1 459.6 472.7
325.7 347 362.7 369.4 392.4 417 428.3 442.9 459.6 477.1 489.2 503.8 525.7 534.1 549.3 569.8 591.8 604.4 617.3 636 659.4 673.9 686.5 698 711.3 729 753.6 772.9 785.4 800 820.8 844.6 855.1 837.9 823.4 810.4 796.7 790.4 786 787.3 795 801.5 817 832.8 837.1 829.7 817.7 804.4 799.3 795.5 787 767.6 752.6 727 709.2 684.3 664.7 638.7 613.9 592.4 572.6 550.4 528 501.9 470.9 441.7 411.3 384.9 364.1 352.6 355.1 366.8 381.9 409 433.2 450.3 448.1 458.3
312.5 332.8 346.4 357.4 385.6 392.1 402 421.3 439 457.9 480.2 497.1 510.4 533.3 545.9 560 575.1 591.6 602.9 612.9 626.8 649.9 667 681 692.8 707.1 729.3 750.8 766.1 781.5 809.8 836.5 852.8 866.5 855.2 830.3 820.5 816.1 822.6 825.8 828.5 828.5 816.1 816.8 805.5 798.4 789.3 780.7 778 774.8 768.8 755.2 742 724.1 706.2 677.8 652.9 626.7 607.5 586.8 565.5 541.1 515.8 490 465.2 436.5 406.9 383 362.3 346.6 342.1 346.6 359.9 395 416.8 436.6 437.8 448.6
299.8 311.6 326.4 339.9 356 367.4 386.4 412.6 430.9 448.1 465 475.5 495.8 523.7 527.9 543.7 561.4 575.2 586.4 604.8 619.6 634.8 648.7 664.1 679.8 693.7 705.4 724 750.6 773.8 800 823.8 841.7 859.5 866.7 865.2 858.3 852.6 841.4 821.7 806.5 797 788.9 784.9 776.3 770 758.5 760.3 760.1 755.4 747.3 744 733.1 714.7 689 661.8 637 614.4 595.3 574.2 549.6 518.3 498.9 475.6 451.6 425.2 403.8 377.9 357.1 341.2 333.1 338.6 347.6 372.9 393 418.4 425.7 439.3
297.4 313.1 320.5 333.2 342.9 357.1 378.5 402.1 420.9 433.1 442.4 456.6 472.6 494.6 508.4 521.8 539.7 551.2 580.9 597.3 608.7 624.3 640.9 657.4 671 685.1 702.9 728.6 749 767.9 788.5 810.8 827.2 840.7 853.7 869.2 844.1 814.2 790.9 774.9 766.4 761.7 758.8 755.1 746.4 736 734.6 740 738.5 736 734.2 736.8 714.5 696.1 674 650.3 625 599.2 575.9 558.7 527.9 503.5 481.7 458.8 437.8 417.9 395.2 374.3 349.9 331.7 330.1 334 339.7 351.6 367.6 392.2 412 430.3
289.5 308.1 308.1 314.5 327.3 341.7 357.8 376 400.6 421.6 443.3 460.9 470.9 482 494.5 504.4 522.2 540.6 560.7 580.4 601 616.7 629 643.3 659.4 677.4 692.9 719.3 746 766 790 809.1 818.1 825.5 834.3 848.7 814.6 788 763.6 742.9 730.9 726.9 727 725.3 715.2 712.4 715.7 714.3 716 710.6 717.6 713.2 696.6 675.3 660.5 639 614.3 579.6 552.9 535.7 507.3 484.6 464.2 439.6 420 404.5 391.6 362.7 337.1 318.9 323 327.3 337.1 348.6 365.9 380.4 397.8 421.4
270.1 282.5 285.2 310.7 335.6 358.9 367 377.6 394.7 422.6 441.4 452.4 466 480.5 488.8 497.1 512.6 527.1 542.8 564.6 584.7 601.3 617 634 651.6 668.8 686.2 709.5 738.9 758.6 776.5 795.1 806 814.6 821 827 790.7 761.4 737.2 716.5 704.4 695.9 691.5 685.2 683.4 685 689.5 688 685.5 686.5 689.5 688.9 680.6 659.4 643.9 623.1 598.7 571.2 534.2 508.1 484.6 462.1 440.5 421.1 407 394.8 376.1 347.5 324 305.6 312.8 319.7 332 347.3 363 379.1 396.2 415.7
254 261.5 280 309.7 332.2 354.7 360.3 369.3 387.5 420.2 429.4 433.1 450.2 468.5 474.7 490.5 499.9 514.7 529.4 545.9 564.4 583.1 608.3 629.7 644.7 659.4 675.9 696.9 725.6 747.1 762.3 774.4 785.6 800.5 810.3 817 780.3 745.4 717.9 696.9 686.2 679.9 666.3 661.9 660.1 658.3 660 661.1 663.4 666.4 659.4 659.3 656.2 640.7 621.4 600.5 580.4 548.8 518.3 490 465.2 441.9 424.1 406.4 394.8 381.2 357.4 336.1 313.9 294.7 302.3 312.7 329.1 345 358.7 372.5 391 411.1
240.5 260.1 283 297.7 319.5 336.1 349.7 359.7 374 403.8 411.8 421.4 432.4 444.2 459.7 475.6 492.6 502.6 517.9 532.7 554.2 574.7 595.8 623.1 639.6 657 672.5 688.6 712.2 738.1 741.7 752.5 770.1 784.4 793.8 806.4 787.6 749.5 717.7 691.4 679.6 665.7 656.6 651.3 642.5 636 632 628.8 633.8 639.6 632.6 633.2 629.6 618.7 592.1 582.7 561.1 530.9 501.6 480 455.8 434.3 417.6 401.3 393.4 375.8 350.9 325.9 308.7 292.3 295.8 306.6 322.7 337.9 351.2 367 386.1 411.4
236.8 258.4 267.9 286.6 307.9 324.1 340.1 352.4 372.2 393.9 396.2 407.4 424.7 436.8 444.2 463.7 479.4 488.6 504.6 523.6 541.6 559.7 581.7 608.9 631 650.4 672.3 689.7 707.2 717.5 718.1 733.3 749.8 762.8 771.4 782.9 781.3 757 726.2 693.9 673.6 664 650.2 641.3 629.8 621.1 611.9 609 610.3 610.6 608 612.1 605.1 593.8 574.7 567.4 539.5 513.7 490.4 467.9 441.9 427.1 411.6 397.2 386 366.2 341.7 318.6 299.3 289.7 290 299 313.6 328.5 343.3 362.5 383.9 413.2
223 243.6 269.9 286.9 301.6 317.2 337.3 350.3 370.6 380.6 381.9 390.4 405.6 420 435.2 445.9 465.2 479.8 494.9 513.3 532.1 547.1 566.3 597.8 624 642.6 670 686.1 693.5 704.3 705.7 709.2 719.1 724.9 737.5 752.5 758 744.7 728.3 705.7 679.6 663.6 643.3 631.1 618.2 608.5 598.9 592.1 588.3 588.2 598.4 589.2 581.7 574.7 562.7 546.8 520.9 496.2 478.6 449 428.6 417 402.7 393.1 378.8 355.5 329.9 311.3 293.6 284.4 288.1 296.7 308.4 321.5 337.3 357.5 384.6 419.3
220.4 250.5 271.8 288.6 299.3 318.2 335.5 349.8 358.8 362.7 374.6 385.1 394.3 407.9 416.7 435.9 458.8 479.1 492.8 510.8 528 538.2 552.2 575.1 608.5 628.3 651.8 670.3 680.5 688.4 698.4 693.4 692.2 695.1 697.3 709.4 720.6 714.8 705.9 712 695.2 660.5 634.9 624.1 612.5 596.4 583.8 576.5 572.2 576.5 584.2 576.2 564 556 548.7 525.5 503.8 485.5 458.5 433.5 416 407.1 393.7 386 368.9 342.3 318.4 301 284.2 277.4 283.4 291.7 303.1 317.9 336.9 360.4 388.6 421.2
225.6 249.3 269.5 292.5 302.1 322.3 323.7 341.8 341.4 344 361.9 375.5 385.8 396.7 399.6 421.1 445.3 468.7 484 500.7 514.7 534.4 551.9 576.8 600.3 612.8 627.9 653.4 668 674.1 675.2 676.2 677.5 673.1 674.3 670.7 686.5 683.6 690.8 697.1 700.2 672.5 638.9 621.3 601.5 583.6 567.8 563.4 559.2 559.3 567.5 563.5 553 545.8 525.2 503.3 487 463.5 437.1 416.5 403.3 397.1 386.9 375.1 354.6 325 304 286.2 275.4 273.3 279.4 287.8 297 315.7 338.6 370 402.6 437.3
226.4 251.6 271.4 280.9 294.9 303.5 313.6 327.2 326.2 334.5 356.6 364.9 375.3 378.2 386.4 410.3 433.4 455.2 471.9 485.2 506.2 525.6 547.7 566.4 583.4 594.6 609.5 632.2 643.6 651.7 657.2 658.9 661.7 660.1 657.9 649.2 649.4 660.5 671 680 686.9 687.1 647.2 611.8 587 573.1 562.5 552.2 552.8 549.4 550 549.5 533.6 520.5 498.1 481.6 460.1 436.2 417.2 398.1 388 386.7 371 358.3 341.8 311.2 287.7 278.4 271.5 269.9 276.5 284.6 299.4 322.3 345.7 372.7 409.3 444.5
