public/OST50/NG90.asc
ncols 200
nrows 200
xllcorner 190000
yllcorner 800000
cellsize 50
[rows 140 to 174 of 200, columns 78 to 155 of 200]
525.5 540.6 561.3 575.5 606 619.5 629.7 635.2 630.8 632.9 636.1 631.8 636.1 635.9 646.4 686.2 689.7 681 680.4 688.8 712.2 727.7 751.1 760.5 776.8 790.4 785 789.8 806.2 806.6 785.2 778.7 766.3 746.1 720.1 694.9 679.9 669.6 649.8 642 644 637.2 615.8 586.1 571.8 553.8 538.8 516.4 496.3 483.2 466.6 460.1 460.4 468.3 448.9 432.6 411.7 402.2 379.3 371.1 369.1 359.3 350.4 345.5 343.2 347.3 351.2 359.8 382.1 395.9 399.3 402.3 401.1 412.7 412.7 395.2 382.1 367.9
510.3 516.5 539.6 552.9 573.2 590.4 593.3 611 609.7 614.4 620.6 619.7 619.7 627.6 631.4 651.1 676.3 679 672.6 669.6 678 701.5 728.7 737.1 747.8 760.1 762.3 766.2 780 792.9 794.1 790 779.8 759.9 745.1 720.1 695.2 680.7 665.7 658.6 662.7 647.5 622.6 604.3 593.4 569.2 551.5 531.7 514.4 504 484 489.1 497.9 484 463 445 432 412.7 388.6 395.1 391.1 373.3 370.1 364.2 357.3 360.4 370.1 380.9 388.2 403.6 421.1 419 430.5 439.2 428.1 415.9 402.4 390.4
502 497.1 516.2 528.2 536.6 553.2 570.1 577 588.1 596.6 599.3 602.9 604.9 609.4 617.7 618.1 648.3 656.1 653.8 651.9 652 673.2 703.4 716.5 725.4 728.1 730.6 731.9 742.8 756.9 771 780.9 767.2 749.8 745.6 725.6 708.1 696.7 678.4 664.7 667.4 659.7 641.9 625.8 610.8 592 577.8 551.9 534 512.7 507 519.2 512 495.9 473 460.7 440.4 417.8 413.4 418 410.3 397.7 388.7 377.1 377.4 386.7 400.8 401.2 403.3 413.1 432.5 437.4 451.1 451.1 437 428 416.1 417.4
485.3 484.3 500.6 511.8 522 530.3 540.8 554.3 564.3 577.3 573.8 587.8 592.4 597 603 600.7 626.5 635.4 627.4 625 635.3 640.2 659 687.6 697.9 699.6 700.9 705.1 714 733.9 743.6 745.2 739 731.4 729.8 721.6 713.6 711.4 694.4 672.1 670.2 665.8 653.2 643.1 627.6 617.9 591.9 568.8 541.9 526.8 527 533.8 519.3 498.7 488.7 470.7 451.7 452.9 448 435.2 424.6 414.8 403.2 394.1 395.2 407.4 421.5 414.2 420.4 420.8 440.8 450.8 462.1 451.9 452.6 445.9 441.8 440.5
475.1 469.7 483 486.4 503.6 512.9 517.5 534 539.5 551.2 556.4 560.8 573.4 585.2 586.4 578.8 587.5 594.7 591.5 595.1 603.3 617.5 627.3 650.9 668 674.4 675.5 674 685.7 703.4 707.6 708.7 709.5 707 721.3 713.2 696 700.2 695.3 687.1 668.9 665.6 663.8 662.1 651.5 628.6 600.5 577.1 558.8 554.7 555.9 546.1 526.8 511.7 498.7 476.7 477.2 476.4 475.8 463.5 446.1 437 421.5 412.7 413.4 431.5 434 429.1 434.7 436.2 450.1 465.8 466.5 467.3 470.3 466.9 465.5 459.5
454 456.1 465 469.2 478.9 487.6 496.8 506.4 513 527.4 528.6 537.6 550.8 562 568.2 569.1 572.3 569.4 570.9 575.3 580.5 598.3 608.5 618.7 632.1 647.6 649.7 649.8 655.4 667.1 673.9 675.1 677.8 682.5 688.6 689.9 672.7 673.1 671.4 668.9 665 658.3 661.1 667 660.9 637.1 605.1 583.1 580.8 582.9 577.6 562.4 547.2 530.8 513 513.8 521.2 515.5 499.7 475.6 476.7 469.1 447.1 431.3 439.6 456.6 450.4 451.7 458.4 455.5 463.5 474.7 480 487.7 496.7 498.3 486.7 479.3
437.9 438.2 441.3 448.4 460.5 473.1 480.2 481.4 483.2 501.7 504.3 508.2 520.6 535.7 554.3 553.7 554 548.3 541.5 543.4 562.1 587.7 588.6 587.2 604.3 615.1 617.1 622 624.9 630 634.8 640.7 648.7 648.1 652.4 654 644.4 640.8 644.8 652.9 649.1 645.8 645.7 659.5 661.8 641.9 614.4 607.6 598.5 602.1 595.3 586.7 566.2 547.6 540.7 548.6 552.9 537.7 511.9 496.9 498.9 484.6 464.9 457.6 462.9 472.1 475.7 476 479.3 469.6 476.7 476.8 488.8 499.2 513.6 513.8 507 499.2
417.3 417.6 424.8 435.7 442.4 457.5 460.3 455.1 465.7 482.5 486.6 497.5 505.6 515.2 528.9 535.6 539.8 536.8 531.7 532.9 547.3 572.2 574 570.7 573.1 580.7 589.9 600 604.7 601.7 609.9 612.9 619.6 623.5 622.2 615.7 624.5 621.7 625.6 631.8 627.7 631.5 631.3 640 646 648.2 625 619.3 615.2 616.6 615.7 598.8 580 568.6 573 576.8 576.9 553 528.7 528.5 523 502.3 498.4 485.6 494.7 498.3 500.7 497.2 492 486.4 493.7 488.2 492.4 504.6 517.4 516.4 515.9 518.9
398.5 396.1 412.5 417.7 421.4 438.7 446.9 437.4 446.2 459.8 463.7 470.8 489.3 492.9 505 512.3 526.5 524.6 523.9 525 536.9 550.7 551.7 552 548.9 546.5 562 578.5 583.5 578.2 582.7 594.5 605.5 598.6 588.1 591.3 606.9 601.9 602.5 607.7 608.3 610.7 616.6 621 632.7 638.5 624.5 622.7 621.7 626.5 620.3 604.8 599.1 592 594.6 600.7 587.4 562.2 544.2 546.5 541.2 532.6 525.1 512.6 522.2 526.5 523.8 516.8 520.2 519.5 504.4 499.6 509 513.8 521.6 525.6 527.9 528.8
369.7 370.3 398.1 401.3 407 417.8 429.5 425.9 424.7 434.5 442.9 442.6 455.3 464.2 473.9 479.6 493.6 506 497.7 503.6 512.8 517.4 526 524 520.7 518.9 536.2 543.3 559.8 558.5 554.6 568.7 574.7 566.3 566 574.7 586.5 579.3 582.7 584.3 589.7 589.4 600.8 605.2 610.4 617.6 614.3 616.8 610.8 623.1 617.9 610.4 606.8 604.3 611.1 607.1 592.4 567.5 568.5 571.9 569.1 563.8 549.9 545 550.3 547.4 541.5 538 537.6 531.5 513.1 520.4 527.5 529 527 528.6 532.3 533
343.6 356.9 387.5 392.8 394.6 398 408.8 408.2 401.3 415.1 416.9 420.8 430.3 436.6 443.1 450 459.9 469.5 473 476.8 489.8 502.1 502.5 502.7 496.5 497 502.7 527.5 541.8 538.8 531.7 540.4 540.7 540 544 554.6 554.3 555.2 557.3 566.1 567.2 572.7 587.4 589.8 590.7 595.1 600.3 597.2 591.6 601.8 607.2 600 604.6 618.4 616.6 603.5 592.1 586.4 589.4 594.6 588.9 580.3 567.7 563.9 565 561.6 562.2 556.7 548.9 534.9 522.5 533.2 540.5 540.2 539.5 530.2 531 534.2
323.5 337.8 350.5 362 378.6 383.5 391.3 388.4 385.4 390.4 400.8 402.4 409.5 423.4 426.3 433.6 448.2 452.7 453.1 448.5 465.8 491.7 488.4 486.3 480.8 479.5 481.1 509.9 522.5 509.5 506.7 505.7 502.8 514.2 521.2 530.9 532.8 529.6 533.9 545.4 546.5 554.2 565.3 572.1 569.3 576.1 579.1 576.2 575.8 585.2 589.7 586.8 591.1 608 606.2 601.5 594.5 597.1 604.9 603.5 600.3 590.4 581.9 581.6 577.2 576.1 572.5 566.7 563.2 554.6 530.5 535.6 548.9 542.7 540 535.8 529.9 536.8
308.4 320 322.6 338.3 361.3 365.1 369.3 370.3 370 365 376 382.9 393.5 416.5 410.5 414.1 419.9 426.3 424.3 421.8 447.6 467.9 472.4 474.3 471.2 460.9 460.8 469.5 487.6 484.5 483.8 477.2 477.1 487.6 494.7 510.4 514.9 511.1 510.5 520.1 523.4 535.5 542.8 545.9 544.3 550 554.4 551.8 556.6 565.7 567.6 566.3 568.4 585.2 587.6 591.9 592.4 605.8 610.7 603.6 601.6 603.4 591.8 590.6 584.3 583 581.5 573.9 562.3 560 538.9 533.4 542 539 534.6 532 523.2 528.8
291.9 298.9 304.6 320.1 336.8 344.7 346.8 349.9 352.3 349.9 348.2 367.7 379.9 385.3 389 388.1 392.3 395.1 403.1 395.6 425.6 437.4 449.9 447.4 449.3 439 439.1 436.3 447.3 457 462.8 455.8 453.6 468.3 481.5 478.3 483.6 490 494.6 498.1 497.6 512.7 518 519.8 520.3 522.8 528.8 535 532.8 537.4 544.6 548.1 543.2 557.1 567.6 572.3 579 589.6 595.4 597.1 601.8 596.2 590.1 585.8 587.3 583.5 578 568 553.8 547.8 537.3 531 531.6 530.6 518.4 525.2 516.2 512.4
277.2 298 296.7 301.2 315.6 321.3 323.7 332 348.3 339.7 337.4 347 359.1 367.7 373.7 372.6 367.4 371.3 379.4 371.9 397.4 415.9 416.5 418.7 421.8 408.7 413.3 412 410.9 422.4 431.5 433.4 426.7 438.9 458.6 463.3 467.6 466.5 473.9 479.8 473.7 487.7 491.4 493.1 498.6 500.8 506.2 512.4 510 512.9 525.2 531.8 527.7 534.8 541.5 543.6 552.3 568.6 576.6 583.7 588.4 590.3 578.4 576.9 576.6 575.7 566.5 556.1 542.3 524.9 518.9 516.3 508.8 503.7 498.3 505.1 500.9 487.6
267.6 280.9 288 289.4 293.2 307.8 302.5 315.7 329.2 327.1 331.3 328.4 335.2 345 345.7 342.2 348.6 350.4 355.1 351.6 368.3 399.4 402.9 398.8 396.6 387.1 380.5 388.3 383.2 393 394.6 407.1 398.6 406.3 424.2 437.8 451.2 453.4 451.2 451.7 448.9 462.6 466.1 466.7 476.8 479.7 483.5 487.5 485.3 489.3 503.7 507.7 513 518.5 516.6 525.7 531.2 549 562.7 565 566.6 570.4 562.8 561.1 556.3 555 553.6 534 521.9 503.2 491.4 486.2 480.4 475.4 472.6 486.9 476.8 455.2
255.6 270.5 278.6 277.5 283.1 287.9 293.3 304.4 308.5 312.4 317.5 308.9 312.3 320.9 321.4 322.7 327.4 328.8 330.6 333.1 345.8 364.3 375.4 375.1 372.3 360.5 358.3 361.7 367.6 359.7 373.7 377 378.4 377 394 407.3 421.5 430.7 424.3 431.5 426.1 433.2 440.1 442.6 447.1 457.7 463.2 474 467.2 472.8 481 486.5 494.1 489.9 490.4 505.3 509.5 527.3 531.8 546.5 543.7 543.4 536.4 531.6 530.3 532.5 534.1 519.8 502.6 480.2 464.2 453.7 448.8 456.9 463.3 450.2 438.7 424
243.9 257.7 268.1 265.5 270.5 273.3 276 285.9 290.9 296.4 296 291.1 286.7 294.9 302.1 304.4 312.9 313 311.2 314.1 321.4 324.4 335.6 348.1 345.8 337.4 336 337.4 345.1 341.8 348.9 359.5 356.9 357.8 366.5 369.8 394.1 402.2 405.1 408.2 401.5 409.5 412.3 417.6 424.1 433.2 438.6 451.7 445.3 452.9 460 465.6 474.5 462.8 467 485.1 488.2 503.4 509.1 521.8 516.1 508 508.6 508.5 506.7 509.9 500.5 491.5 480.4 459.6 440.8 432.9 426.6 434.5 441.4 424.8 410 393.9
234.9 240.1 254.8 252.8 256 257.2 258.4 250.9 255.4 277.2 278.1 276.4 279.8 274.4 281.7 289.3 295.5 296.2 295.1 294.8 298.8 299.5 307.6 321.1 320.9 315.6 316.1 314.9 318.3 326.4 323.9 339.1 335.8 333.7 350.4 346.1 362.3 375.9 376.1 383.2 378.5 387.6 390.6 395.1 398 402.4 412.3 426.2 422.7 431.4 437 446.1 447.7 443.3 443.5 457.7 464.2 474.5 481 494.1 492 478.6 478.6 480.4 482.1 479.8 475.2 461.9 453.6 435.2 419 405.7 404.2 401.9 403.2 396.2 382.9 369.7
232.4 236.2 239.9 243.2 245.1 246.5 249.8 244 249.3 256.4 261.3 264.9 264.7 255.9 269.9 277.5 275.1 276 282.8 280.3 272.4 277 282.3 290.8 295 297.4 295.1 288.7 293.5 304.1 304 308.1 313.1 309.8 324.5 324.7 335.5 348 347.1 355.7 356.8 364.7 372.1 373.8 374.6 379 388.1 396.6 400.4 403.9 412.8 419.5 425.5 421.2 422.8 434.8 438.3 451.6 454.7 463.6 464.2 453.2 456.4 455.8 454.3 452.3 445.7 437.5 421.8 408.6 391.3 380.9 373.3 372.5 373.6 369.5 361.3 351.6
233.6 232.4 231.7 234.9 237.9 240.2 244.2 245.3 236.7 250.1 254.1 253.2 249.2 244.1 251.4 260.1 261.8 259.1 265.2 271.2 271.3 255.5 255.6 272.7 276.4 275.3 276.5 267.8 267.9 270.4 280.2 282.4 287.5 289.9 297.7 313.1 306.5 325.3 325.3 330 334 339.6 348 353.3 354.4 358.9 366.3 369.8 378.4 375.7 386.3 391.9 400.7 399.9 393.5 409.4 412.5 417.8 424.5 429.3 435 424.3 424.4 428.7 436.1 432.8 425.4 416.4 405.8 384.6 374 359.9 349.7 346.5 347.7 348.4 342.9 336.9
226.4 225.4 226.2 231.5 236.4 234.4 236.8 239.8 230 233.6 238.2 240.9 237.5 234.6 233.8 245 244.8 246.9 251.9 256.4 255.6 251.6 239.2 246.4 250.9 257.5 250 250.3 253 248.8 258.2 265 272.4 272.7 275.4 293.7 287.5 296.9 302.8 302.4 309.3 315.5 323.3 329.2 333.9 339 343.8 345.4 359.2 354.5 360.3 366.2 377 376.7 368.2 381.9 391.5 391.8 394.5 399.2 401.6 399.7 401.2 402.7 405 411.1 399.2 392.8 379.7 366 355.8 346.9 335.1 328.4 327.7 328.4 326.7 321.3
225 222.8 224.7 224.9 223.1 222.9 221.6 235.5 231 224 227.3 228.3 227.5 228.5 224 224 227.4 236.6 235.6 240.6 239.8 237.4 230.9 226.7 232.3 232.1 237.8 238.1 240.9 243 244.7 251.5 253.6 256.2 256.1 272 273.6 267.4 276.8 284 284 295.7 298.8 309.6 314.9 319.8 324.8 325 332.7 336.7 333.9 342.1 346.9 350.8 347.7 365.2 376.6 388.9 382.4 383.1 380.5 380.3 379.5 377.4 380.7 378.4 372 364.1 355.1 346.8 338.1 330.2 321.9 313.2 313.8 314.5 311.8 302.3
231.4 227.2 222.1 222.4 223.7 224 222.1 222.7 222.6 222.3 222.2 222.9 221.4 220.3 221.6 221.1 220.3 221.2 223.4 223.5 222.1 220.6 220.1 220 219.8 222.2 226.6 233.1 233.2 239.2 237.2 238.2 235.5 239.1 239.5 252.3 256.5 254.5 259 264.2 262.4 277.2 283.4 285.5 297 299.6 302.3 309.3 310.6 312.3 303.7 310 318.2 329.6 339 348.7 358.3 361.7 364 358.5 357.5 359 360.8 351.1 355.2 353.7 348.3 340.7 331.8 324.9 318.9 314.3 307.9 297.2 300 298.8 293.2 282.8
243.9 236.1 235.6 234 231.8 230 227.8 224.7 224.1 229.3 222.1 221.1 222.3 221.7 220.7 221.2 220.8 219.9 218.9 219.8 219.9 219.3 219.1 218 219.3 218.7 219.2 222.1 226.1 235.9 232.8 228.2 223.6 225.7 231.4 234.4 242.3 241.8 245.4 246.5 247.2 258.9 260.8 264.2 274.1 278.3 281.8 286.6 283.9 287 278.5 287.9 303.8 312.3 323.1 329.2 336.4 337.5 341.4 334.3 332.4 331.7 336 329.2 328.7 328.1 326.2 321.8 310.2 305.4 299.5 292.4 287.1 283.1 283.1 280.8 274.5 267.2
256.6 247.4 265.6 254.4 247.6 240.5 235.6 229.9 226.8 229.8 226.9 224.6 225.2 225.4 223.7 222.8 229.2 221.7 220.4 219.6 220.1 219.7 219.4 219 218.7 218.6 218.6 217 218.3 224 225.8 222.8 219.1 219.3 220.1 219.5 226.4 228.1 231.2 232.2 233.7 235.6 243.5 246.9 249 257 262.9 259 259.9 262.8 258.7 272 285.5 294.4 298.6 303.7 310.7 314.3 313.1 313.6 309.4 313.1 311.5 305.6 293.9 297.5 305.1 301.7 288.1 284.3 277.9 273.6 266 269 267.8 261.2 256.9 251.5
272.2 271.9 287.1 271.6 258.3 249.5 242.9 237.1 233.2 234 230.7 235.3 233.3 235.8 232.7 228.4 228.4 225.7 223 221.7 220.9 220.1 219.8 219.3 219 218.5 218.2 217.9 217.9 217.3 217.6 218.1 217.8 217.3 215.9 217.7 218.5 221.1 222.2 221.5 221.3 224.3 230.4 231 225.2 231.9 238.8 243.5 248.1 244.1 241.5 249.1 271.1 273.3 272.8 277.8 283 287.1 287.7 291.3 288 289.6 285.9 282.3 273.6 274.6 277.5 281 270.2 263.4 260.4 254.8 249.6 252 252.7 247.1 242.9 235.1
305.2 310.8 318.8 300.1 278.2 270.4 261.4 258 249.2 244.8 243.9 248.7 245.2 242.7 240.4 236.9 235.9 236.7 233.3 223.8 222.1 221.3 221.8 220.3 219.2 218.9 220 220 217.2 218.3 218.1 218.5 218.3 218.3 217.7 216.8 217 217.8 218.6 218.5 218.1 220.3 218 217 215.5 215.5 224.4 232 235.2 224.7 223 234.1 246.7 249.4 255.2 256 262.2 267.2 268.3 272.1 271.7 272.7 268 261.3 256.1 250.7 255.1 257.2 247.8 241.3 240.8 235 230.2 236.4 235.2 234.4 230 222.7
338.6 338.9 337.3 321.1 307.1 297.2 289.4 280.8 270.3 267 263.3 262.9 263.8 257.7 254.6 254.6 252.1 248.2 239.3 234.4 230.3 225.1 224.6 221.9 224.8 222.6 223.2 222.7 221.3 219.7 218.5 219 224.6 223.8 218.8 217.7 217.5 217.3 216.9 217.7 217.5 218 219.8 217.9 217.2 215.5 219.2 222.5 215.2 208 207.3 217.8 228.6 226.6 238.1 245.2 246.4 248 253.5 258.4 256.5 258.2 251.5 246.2 239.3 234.4 235.8 238.5 230.7 226 222.8 219 213.2 214.4 214.4 217.2 215.9 212.6
364.1 356.6 345.2 348.1 341.5 329.9 314.2 302.8 288.8 282.8 279.9 284.8 278.5 272.6 274.6 271.5 265.1 255 247.9 243.3 243.4 241.8 240.3 236.2 233.9 227.2 227.6 229.5 228.2 226 223.7 226.8 227.3 230.6 224.8 218.7 222.2 217.3 217.8 218.8 221.9 222.1 220.7 219.8 217.2 217.5 220.3 216.4 192 210.7 215.2 204.8 192 201.5 217.5 229.6 231.7 232 236.9 242.7 237.4 243.9 236.7 229.5 223.3 218.6 215.7 215.4 212.8 213 207.3 201.6 192 192 192 192 195.2 198.2
373.5 369.9 365 361 358.4 345.7 340.9 324.7 317.5 313.1 302.2 293 302.3 317.5 309.9 301.7 282.1 267.3 266.1 266.5 256.9 252.1 259.5 254.4 251.2 245.9 241.1 235.8 237.4 236.4 237.4 246 240.9 247.2 239.7 229.7 231.5 222.4 225.1 236.2 232.4 225.1 227.7 222.2 219.5 223.2 230.7 220.3 215.4 221.7 221.9 229.7 216.7 192 206.6 214.2 217.7 223.3 223.9 225.4 220.3 223.6 220.5 213.3 210.2 209.4 205 192 192 192 192 192 192 192 192 192 192 192
386.1 382.9 382.1 389.1 385.1 372.8 363.1 352 350.7 333.6 334.4 341.6 348 349.7 325.9 307.2 295.5 288.9 287.5 285.2 273.9 275.3 281 284.2 281.8 265.2 255.4 254.2 246.9 248.4 253.2 251 249.3 248 246.1 247.2 259.2 258.1 256.3 248.3 242.4 237.6 237 230.1 225.9 232.4 228.8 222.8 224.4 231.2 235.2 237.3 215.5 192 195.7 207.1 211.3 213 211.6 209.5 207 194.4 192 192 192 193.5 192 192 192 192 192 192 192 192 192 192 192 192
396.6 403.3 408.9 409.3 409 390.5 389.2 392.3 375.3 368.7 368 379.4 379.6 354.2 336.6 332.2 320 310.8 309.8 299.8 299 295.9 299 301.6 292.9 288.2 280.9 272 271.3 274.7 267.4 260.4 261.4 265 272.9 269.1 281.2 281.7 272.3 266.4 254 250.4 242.2 237.5 237 236.8 229.5 227.3 233.1 234.9 238.1 235.5 216.1 192 192 196.5 210.6 215.7 213 201 192 192 192 192 192 192 192 192 192 192 192 192 192 192 192 192 192 192
412.6 426 434.2 433.7 419.5 418.1 423.1 407.3 402.7 397.6 395.5 402.9 384.5 366.2 366.6 355.1 344.4 331 328.2 325.4 317 316.4 316.1 316.4 313.3 307.6 298.1 295.3 296.5 290.1 281.7 272.2 281.9 288.8 298.7 299.6 298.8 292.8 287.9 277.8 267.3 258.7 249 245.8 250.1 244.2 239.1 237.6 238.6 234.1 233.8 224.4 213.4 192 192 192 211.7 211.1 206.3 192 192 192 192 192 192 192 192 192 192 192 192 192 192 192 192 192 192 192
429.9 440.7 455.2 446.5 445 442.4 438.7 439.2 432.1 424 420.5 412 396.6 386.7 387.8 382.9 368.5 357.2 351.1 349.4 340.1 341.3 341.5 338.2 336.2 324.7 315.7 325.4 313.8 308.6 297.1 295.8 307.2 316.8 326.1 324.9 311 302.2 301.7 286.7 284.3 273.2 261.2 260.2 261.1 249.9 243.4 243.1 238.7 227.5 225.4 217.6 193.5 192 192 192 208.7 207.5 192 192 192 192 192 192 192 192 192 192 192 192 192 192 192 192 192 192 192 192
