public/OST50/NG91.asc
ncols 200
nrows 200
xllcorner 190000
yllcorner 810000
cellsize 50
[rows 0 to 34 of 200, columns 0 to 78 of 200]
379.7 373.4 366.1 357.9 350.4 355.1 353.7 340.9 326.5 310.3 290.4 273.3 254.9 237.7 240.5 238 230.2 222.6 214 200.9 184.1 172 167.4 159.9 145.8 129.3 106.5 84.6 68.8 60.4 50.5 36.7 23.7 16.8 11.8 8.7 9.1 5.7 1.6 -2 -2 -2 -2 -2 -2 -2 -2 -2 -2 -2 -2 -2 -2 -2 -2 -2 -2 -2 -2 -2 -2 -2 -2 -2 -2 -2 -2 -2 -2 -2 -2 -2 -2 -2 -2 -2 -2 -0.1 1
381.1 369.6 361 353.1 345.8 344.2 335.5 327.4 317.3 299.8 286.9 262.5 235.8 210.7 203.2 207 201.8 194.2 183.2 165.5 153.8 139.9 131 125 114.2 100.8 82.6 68.1 57 47.8 35.8 28.7 23.5 19 13.9 10 9.4 7.9 5.8 2.8 -2 -2 -2 -2 -2 -2 -2 -2 -2 -2 -2 -2 -2 -2 -2 -2 -2 -2 -2 -2 -2 -2 -2 -2 -2 -2 -2 -2 -2 -2 -2 -2 -2 -2 -2 -2 1.3 2.9 3.9
373.7 361.8 355.5 346.1 344.1 340.5 337.4 328.7 322.1 312.5 297.2 266.4 240.4 219.5 194 178.7 170.7 160.7 148.7 134.1 123.9 116.8 103.7 96.6 89.5 75.8 68.3 60.9 56.6 49 43 38.6 30.4 22.7 16.6 12.1 10.1 9.4 7 4.8 1.4 1.3 -2 -2 -2 -2 -2 -2 -2 -2 -2 -2 -2 -2 -2 -2 -2 -2 -2 -2 -2 -2 -2 -2 -2 -2 -2 -2 -2 -2 -2 -2 -2 -2 1.3 4.7 9.7 17.3 19.9
356.1 350.3 343.9 342.2 342.3 345.1 343.2 330.5 325.4 312.2 295 270 246 215 189.3 173.5 157.8 144.3 127.2 123.3 119.2 113 105.5 98.4 89.6 72.5 73 75 69.1 62.6 54.8 46.8 37.3 27.7 20.6 15.5 12.2 10.4 7.6 3.7 3.5 1.2 -2 -2 -2 -2 -2 -2 -2 -2 -2 -2 -2 -2 -2 -2 -2 -2 -2 -2 -2 -2 -2 -2 -2 -2 -2 -2 -2 -2 -2 -2 -2 0.8 4.6 11.3 20.6 31.4 25.2
341 341.7 341.6 341.9 339.8 339.9 338.9 332.3 324.1 315 287 254.7 220.5 188 185.6 173 158.8 155.8 153.1 147.4 140.7 134.1 123.7 117.1 102.7 86.1 89.7 88.3 82.8 76 66.8 54.8 45.1 35.8 26.5 20.4 16.9 11.4 9.8 8.6 5.5 1.1 -2 -2 -2 -2 -2 -2 -2 -2 -2 -2 -2 -2 -2 -2 -2 -2 -2 -2 -2 -2 -2 -2 -2 -2 -2 -2 -2 -2 -2 -2 -2 1.2 6 13.4 22.4 27.6 33.7
330.6 340.8 352.3 360.1 358.7 344.9 324.7 328.6 320.1 303.1 266.8 232.7 246 224 201.4 185.7 182.1 178.8 176.2 167.3 163.9 152.9 137.9 124.4 107.7 104.6 105.9 100.9 94.4 87.9 77.1 65.2 51.9 43.8 33 25 19.4 17.2 13.3 8.7 4.9 1.7 -2 -2 -2 -2 -2 -2 -2 -2 -2 -2 -2 -2 -2 -2 -2 -2 -2 -2 -2 -2 -2 -2 -2 -2 -2 -2 -2 -2 -2 -2 -2 1.1 5.8 14.1 22.2 16.9 40
328.3 350.6 365.1 373 368.9 360.3 342.1 321.9 288 279 284.1 269.3 252.8 224.7 212.6 212.1 201.1 199.7 199.9 192.7 186.4 176.2 161 136.8 118.8 120.6 122.2 116.8 104.8 96.7 88.2 74.5 63 51.7 38.8 30.4 24.8 23 15.9 8.9 5.5 2.3 -2 -2 -2 -2 -2 -2 -2 -2 -2 -2 -2 -2 -2 -2 -2 -2 -2 -2 -2 -2 -2 -2 -2 -2 -2 -2 -2 -2 -2 -2 -2 0.6 5.6 11.7 19.1 26.2 34.7
344 352.2 367.2 376.2 377.6 374.2 365.3 355 343.8 321.9 293.5 260.8 236.9 238.2 230.8 224.8 203.9 211.4 211.4 203.8 199 191.7 167.7 143.2 123.9 131.9 134.9 130.6 120.8 105.8 93.5 85.1 72.6 59.5 49.7 34.5 33.9 29.3 20.9 11.4 7.3 2.9 -2 -2 -2 -2 -2 -2 -2 -2 -2 -2 -2 -2 -2 -2 -2 -2 -2 -2 -2 -2 -2 -2 -2 -2 -2 -2 -2 -2 -2 -2 -2 0.5 4.8 9.3 12.7 25 33.3
355.3 360.3 368.4 380.5 384.4 386.4 385.2 378.7 356.6 324.6 284.9 282.1 273.3 255.6 242.4 226.5 227.5 224.6 218.1 208.2 201.5 189.7 168.7 142.1 134.8 143.5 143.6 141.8 134.8 121.6 105.8 89.2 78.1 65.2 50 48.2 43 33.6 27.2 18.5 10.4 6.3 1.6 -2 -2 -2 -2 -2 -2 -2 -2 -2 -2 -2 -2 -2 -2 -2 -2 -2 -2 -2 -2 -2 -2 -2 -2 -2 -2 -2 -2 -2 -2 -2 4.2 7 12.4 21.2 33.8
376.7 378.6 390 405.1 412.6 410.5 400.6 388.8 360.7 354.4 338.3 316.2 299.4 282.5 263.2 247.9 241.9 235 225.3 213.5 198.3 187.4 171.4 148.5 142.6 152.9 155.1 153.7 149.6 131.8 119 100.5 82.4 65.4 56 54.9 48.8 42.8 32.4 23.9 16.8 9.1 4.2 -2 -2 -2 -2 -2 -2 -2 -2 -2 -2 -2 -2 -2 -2 -2 -2 -2 -2 -2 -2 -2 -2 -2 -2 -2 -2 -2 -2 -2 -2 -2 1.7 6.4 11.6 23.5 40.2
399.2 402.1 413.2 419.3 419.6 418.2 408.3 399.8 394.8 383.5 363.3 338 319.6 300.9 279.5 271.5 255.5 238 224.9 207.7 193.1 180.1 168.8 153.1 150.2 160.9 162.8 160.9 155 139.8 127.9 111.3 83.5 65.4 68 64.6 54.7 46.6 39.6 26.3 19.2 12.1 4.3 0.8 -2 -2 -2 -2 -2 -2 -2 -2 -2 -2 -2 -2 -2 -2 -2 -2 -2 -2 -2 -2 -2 -2 -2 -2 -2 -2 -2 -2 -2 -2 2.1 6.5 19.5 36.3 52.2
411.6 419.6 422.5 422.3 421.2 419.4 418.7 418 412.7 396.5 376.4 352.1 333.2 301.2 306.3 295.4 282.2 256 236.8 218 199.7 184.4 173.1 160.9 157.8 163.4 167 161.8 158.3 144.5 133.6 116 87.3 75.6 77.8 72.5 64.7 54.5 45.8 35.5 20.9 12.8 6.6 2.3 -2 -2 -2 -2 -2 -2 -2 -2 -2 -2 -2 -2 -2 -2 -2 -2 -2 -2 -2 -0.9 -0.8 -0.7 -0.8 -0.9 -1 -2 -2 -2 -2 0.7 5 12.8 30.9 45.3 61
421.5 427.5 421.1 417.1 415.2 427.9 433 432.6 426.5 417.1 394.5 367.5 336.3 336.3 324.1 319.1 297.9 275.2 254.7 244.3 229 210.2 184.1 170.6 166.2 167.3 166.4 161.6 158.6 143.4 137.5 111.6 82.8 91.7 91.1 88.2 78.2 63.3 54.2 42.4 30.2 18.5 8.8 3.6 -2 -2 -2 -2 -2 -2 -2 -2 -2 -2 -2 -2 -2 -2 -2 -2 -2 -2 -2 0.1 0.1 0.3 0.3 0.4 0.7 0 -2 -2 -2 2.3 5.3 19.7 31.7 47 65.8
420 415.5 406 404.8 426 440 447.2 445.4 443.2 434 407.2 378.6 358.2 354.8 343.2 339.5 320.6 295.4 276.4 268.9 250.3 224.7 200 181.8 169.2 164.7 158.1 152.4 149 127.2 106.3 88.7 94.8 110.6 109.7 106.3 93.1 81.6 66.3 50.9 43.2 31.1 20.1 8 3.7 -2 -2 -2 -2 -2 -2 -2 -2 -2 -2 -2 -2 -2 -2 -2 -2 -2 -1.8 1 1.1 1.3 1.4 1.6 2.3 2.6 1.7 1 2.4 6.7 13.8 27.3 38.5 50.6 64.3
396.1 389 391 416.6 434.9 448.4 459.2 455.6 447.9 439.4 412.9 383.7 387.9 379.4 376.7 364.7 342.4 315.3 290.5 268.5 242.1 220.3 204.5 190.6 176.7 167.4 157.6 151.7 146.7 146.3 128.9 108.8 116.9 127.4 127.3 121.4 112 99.9 93 77.8 62.4 51 41 24.4 8.6 3.6 -2 -2 -2 -2 -2 -2 -2 -1.7 -1.5 -1.8 -2 -2 -2 -2 -2 -2 -1.6 1.2 2.1 2.3 2.5 2.9 3 3.1 2.6 4.6 6.4 21.4 30.3 34.6 49.2 58.5 71
378.2 366.7 391.5 420.9 434.4 446.8 452.4 447.4 444 436 415.9 422.6 431.9 424 405.7 384 352.3 320.4 298.6 272.7 262.6 255.8 227.4 202.1 185.1 176 172.1 167.9 166 149.7 127.5 115.4 141.7 145.6 146.6 143.1 135.4 130 115 98.9 83.4 70 58.9 41.8 27.7 9.8 3.6 0.5 -2 -2 -2 -1 -1 -1 -0.9 -1.3 -1.8 -2 -2 -2 -2 -2 -2 -2 2.5 3 3.6 4.2 4.4 4.3 6.4 16.6 24.9 42.5 53.8 51 53.5 65.9 81.2
359.7 370.4 386.7 402.2 420.4 430.4 433.9 430.5 427 435.1 442.7 453.2 464.6 445.9 424.2 392.8 358.1 335.2 314.7 296.3 283.1 267.6 241.4 210.2 195.2 186.4 183.1 182.1 177.1 155.7 124 136.6 167.1 166.4 171.3 169.9 165.3 156.6 141.5 120.4 103.2 94.4 82.2 65 44.8 31.5 10.4 4.7 -2 -2 -0.1 0.2 -0.3 -0.3 -0.5 -0.9 -1.3 -1.7 -2 -2 -2 -2 -2 -2 2.6 3.5 4.3 4.9 5.7 22.3 35.3 39.4 51.5 68.1 63 57.9 56.4 88.2 99.5
356.7 370.5 381.1 386.8 404.9 409.9 416.8 428.2 445.4 450.1 462.4 478.8 479.7 455 431.8 413.3 374.9 357 338 314.6 290.7 269.1 240.7 219.6 205.1 196.6 194.8 196.6 195 164.7 129.1 147.8 184.1 194.2 197.3 197.2 194.1 184.1 167.7 150.9 136.5 121 104.3 89.4 69.1 48.5 27.9 14.5 5.1 1.4 1.2 0.9 0.3 0.4 0 -0.4 -0.8 -1.2 -1.6 -2 -2 -2 -2 -2 3.1 4 4.8 8.2 33.1 59.4 74.4 75.9 82.7 72 66.6 71.1 91 109 121.1
349.2 361.5 370.5 380.3 390.8 389 413.2 446.2 460.1 462.7 480.2 490.8 489.6 471.7 448 425.9 400.4 374.4 347.4 325.6 289.9 261 253.1 241.3 220 208.3 207.5 207.2 208.9 173.1 133.9 149.8 202.6 218.5 225.8 223.7 220.6 211.8 199.1 182.3 163.3 144.3 120.6 102.1 85.6 69.4 46.7 30.2 16.4 6.6 2.2 1.5 1 0.9 0.5 0.1 -0.3 -0.7 -1.1 -1.3 -2 -2 -2 -2 -2 4 5.6 12.6 47.2 78.2 90.2 94.2 88 85.4 80.7 94 112.6 128.2 142.2
340.1 346.1 351.8 368.8 374.7 401.9 431 457.9 468.4 476.5 486.4 493.4 490.2 469.4 448.7 423.2 403.7 386.5 359.4 332.4 310.6 293.4 299.1 276 237.4 230.4 229.8 221.4 225.6 194.4 155.3 150.2 210.4 237.9 248.1 256.3 249.8 233.7 222.5 207.5 189.1 167.4 144.5 126.8 108.4 88.2 68.6 43 27.6 13.3 3.5 2.2 1.7 1.4 1 0.6 0.1 -0.2 -0.3 -0.6 0 0.5 -2 -2 2.4 4.1 5.6 13.1 21.2 44.7 59 71.2 82.6 89.2 87.6 86.1 95.2 114.3 144.1
325.6 332.5 344.6 353 410.7 438.7 458.6 464.3 470.7 480.1 490 496.6 485.8 458.4 433.8 406.2 401.4 387.9 366.9 354.4 342.1 327.3 314.2 289.8 276.5 274.3 256.8 241.3 241.1 220.4 167.8 161.3 216 260.3 275.2 282.2 284.2 263.2 244.1 225.9 208.1 189.1 169.2 148.7 129.1 105.5 80.7 52.5 33.9 21.2 9 2.9 2.3 1.9 1.5 1 0.7 0.5 0.4 0.2 1 1.7 -2 -2 1 3.5 5 5.7 14.5 18.5 31.7 41.8 52.6 55.3 57.4 65.9 69 87 102.5
318.7 331.2 340.4 371.3 417.5 434.6 450.9 455.1 473.4 478 490.6 492 470.5 439.6 410.9 398.2 389.3 376 372.8 373.5 352.1 342 334.6 323.1 316.6 300.9 285.2 274.2 264 247.9 194.7 198.2 209.3 276.6 297.3 293.7 299.2 293.8 273.6 254.7 226.3 203.6 180.6 156 131.6 111.2 91.9 72.9 49.6 32.9 16.5 7.5 4.4 2.3 1.9 1.5 1.4 1.3 1.2 1.2 1.9 2.6 2.6 -2 -2 -2 3.9 4.3 5.3 8.6 10.4 11.9 20 30.6 36 39.8 42.4 51.2 57.9
309.2 320.9 331.4 358.5 402 418.8 437.5 453.2 465.3 475 479.8 472.4 453.1 414.8 392.6 385.8 380.5 374.4 381 373.1 360.7 351.8 345.5 339.4 336.4 318.6 312.5 315.3 299 281.5 238 231.7 255.6 248.9 288.5 291.7 301.5 306 298 282.2 246.3 215.9 188.3 166 153.4 141.7 119.3 93 71.1 48.8 30.3 18.5 12.6 3.8 2.4 2.3 2.1 2 1.9 2.2 2.6 2.6 2.6 2.7 -2 -2 0 2.6 1.5 1.7 1.5 1.3 10.7 12.1 23.6 23.9 22.5 25.7 32.6
297.7 311.1 323.5 343.6 371.1 405.1 428.7 453.3 463.2 460.7 460.9 451.4 430.5 393.4 377.7 379.1 374.8 377.5 380.3 370.8 360 357.3 345.8 343.2 339.2 332.3 333.2 323.2 309.8 293.4 250.6 266.1 286.1 282.9 284.6 289.1 297.1 303.7 301.5 284.8 264.4 240.5 211.6 194 184.1 155 122.7 95.3 74.7 58.5 42.7 26.7 17.5 7.7 2.6 2.6 2.6 2.6 2.6 2.6 2.6 2.6 2.6 2.7 3 3.6 8.8 10.7 4.6 4.7 5.9 5.5 2.5 9.3 16.6 13.6 12.1 13.7 16.3
279.8 295.1 312.9 331 352.9 380.2 426.7 449.3 452.9 442.9 437.9 423.8 398.3 377.6 374 370.9 373.2 386.5 380.5 368.3 359.2 351.2 344.6 342.9 356.1 361.5 346.4 332.8 318.7 308.5 311.8 313.5 307.9 308.3 303.7 297.8 302.1 308 305.8 296 291.8 266.7 236.5 201.4 170.7 155.1 134.6 102.4 82.9 66.5 47.2 35.3 22.3 12.6 5 2.6 2.6 2.6 2.3 2.6 2.6 2.6 3.3 4.1 5.7 7.7 15.1 12.2 5.6 5.4 6.5 7.3 6.1 2.7 7.8 7.6 8.4 10.5 11.3
281.1 294.6 308.9 327.1 349.9 376.8 403.5 424.4 427.4 420.3 412.6 396.7 375.1 367.3 373.4 370.9 379.1 381.9 375.3 360.1 354 350.3 352.7 373.4 373.9 363.9 352.2 345.9 332.6 335 334.2 324.8 314.8 311 314.2 312.2 313 320.3 317.2 322.3 332.7 311.1 275.3 237.3 220.3 184 154.2 126.6 108.1 83.5 59 44.2 36 22.1 12.8 2.7 2.6 2.6 1.8 2.9 4 6 7.4 8.4 8.6 9.5 11.9 7.2 7.6 8.7 9.2 9.3 9.4 9.9 3.1 3.5 4.5 4.7 4.7
275.2 293.7 307.7 325.4 348.1 367.9 394.1 404.5 409 407.9 410.9 378.6 356.7 365.7 374.3 371.9 370.4 373.4 370 361.2 357.1 352.6 359.8 368.8 371 359.5 355.7 346 340.7 343.6 335.2 325.2 318.9 316.1 320.2 322.1 334.1 344.8 348.9 365.9 360 341.5 316.6 304.3 260.8 212.6 172.7 156.9 131.6 106.3 77.5 69.5 56.6 43.3 31.3 16.6 10.1 4.8 4.4 4.5 6.1 7.5 8.9 10.1 10.4 8.5 7.7 6.9 9.4 10.2 11.5 11.2 10.4 9.4 6.2 10 9.3 9.3 10.1
271.8 281.8 297.5 321.9 341.6 365.5 377.8 388.5 400 403.3 384.6 356.9 345.1 370 369.3 357.3 361.3 370.6 375 381.3 361 357.4 365.6 366 362.6 354.7 351.8 349 343 339 334.1 325 323.2 322.7 328.3 342.7 357.2 377.2 389.1 396.2 385.5 384.3 362.6 325.2 273.7 229.2 210.4 180.2 148.6 123.2 98.6 98.5 87.8 62.4 48.9 31.2 21.5 12.6 8.4 7 6.6 8.1 9.4 10.5 9.8 7.9 7.7 7.3 11.5 13.1 16.3 12.9 12.6 11.2 8.8 11.7 11.1 10.5 9.6
269.5 276.6 293.3 312.2 333.6 357.6 372.8 373.3 385.8 391.5 362.8 343.5 341.6 352 346.6 355 376.1 383.1 387.6 376.3 361.7 364.7 375.1 368.7 358.7 350.8 347.4 343.6 337.4 333.6 329.8 328.6 330.3 339.8 355.2 371.8 393.4 407 407.3 404.2 417.8 418.9 381.1 335.6 279.4 274.5 247.6 216.7 184.3 149.4 135.4 136.3 115.6 95.9 70.1 52.8 39.1 25.7 17 12.9 9.4 9.2 10.4 10.4 9 7.6 7.4 8.7 14.7 15.7 17.9 15.6 13.9 13 10.1 13.1 12.2 11.9 16.5
279.5 279.5 291.8 306.8 326 348.3 359 368 376 365.6 346.5 334.7 337.6 336 347 379.9 394.6 389.7 385.7 379.2 368.9 368.9 376.2 369.9 358.8 357.6 355.2 348.8 342.1 337 339.9 344.3 353.7 367.9 392.7 392.7 402.6 415 427 433.2 448.4 439.8 392.7 347.5 321.5 309.7 271.4 247.5 215.5 177.7 168.7 159.6 138 117.5 91.7 75.9 65.3 47.3 30.4 20.9 16.2 13.3 11.2 10 9.4 8.5 7.9 12.1 17 18.8 21.5 22.7 17.6 14.8 11.8 14.6 17 12.6 16.4
302.7 292 290.9 306 317 334.7 357.4 358.2 369.9 348.5 333.2 331 332.1 346.3 373 400.8 398.1 387.6 391.9 387.4 379.4 375.4 375.8 372.6 369.8 370.5 371.5 360.4 357.4 359.7 366.4 370.2 390.3 397.5 404 417.5 430.9 443 447.2 460.4 496.3 472.3 414.3 392.1 362.9 337.1 316.9 282.1 248.4 195.3 205.9 191 168.3 146.6 126.2 106.7 86 63.5 45.5 38.8 24.1 17.8 13.7 11.4 10.3 9.2 13.4 25 29.7 29.3 27.9 29.1 24.9 18.5 14.1 17 17.3 13.4 15.3
326.1 315.3 304 303.3 313.9 322.3 333.3 352.4 352 333 326.3 328.9 338 360.1 394.3 402.2 394.6 381.9 384.5 386.9 385 382.7 389.9 391.4 386.3 392.6 401.5 408.2 399.6 398.2 396.6 391.6 398.6 404.2 420.1 444.2 456.2 466.3 470.2 489.5 508.2 509.7 453.7 422.7 409.8 365.8 349.9 317.9 277.7 223.4 248.4 233.7 208.6 181.5 161.9 130.5 107.9 82.8 64.7 51.1 38.3 31.9 29.3 21.1 13.3 13.7 23.7 34 44.8 47.5 45.5 39.7 30.2 17.6 17.1 17.7 17.6 17.6 19.8
349.3 337.3 327.8 317.9 320.9 331 338.7 344.2 330.3 324.6 328.6 333.3 339.4 357.1 389.5 396.6 380.4 375.1 375.1 381.4 387.5 394.6 401.9 408.6 422.3 450.2 445.4 428.9 417.3 410.1 404.4 402.5 409.4 425.9 448.4 473 488.7 495 497.3 506.5 516.2 506.8 487.9 463.9 440 403 377.7 336.2 296.8 269.5 279.2 262.6 233.1 207.2 183.5 145.8 129.2 103.7 83.5 62.8 50.6 55.8 52.2 31.7 19.4 19.6 30.1 46.3 62.4 70 67.3 51.2 22 30.3 22.7 21.5 21.5 22.5 28.1
370.1 355.7 345 335.8 333.5 341.1 345.4 332.7 325 322.6 330.3 340.8 350.2 392.8 399.6 390 375.1 375.1 377.7 390.1 396.8 404.1 425.4 448.2 478.1 468.7 452.1 443.3 433.8 423.7 416.5 412.4 418.3 437.4 462.4 487 503.6 510 513.2 520.5 530.8 520.7 506.6 487.8 461.9 434.5 405.4 353.5 320.6 311.8 304.9 283.6 255.9 231.3 195.8 180.7 148.9 126.3 101.3 81.5 69.2 74.1 81.1 50.7 35.2 34.7 42.7 54.5 72.8 87.1 77.6 52.5 39.2 44.2 36.6 32.2 28.7 29.8 35.3
379.6 362.6 360.5 356.5 348.5 348.5 348.3 333.8 324.1 324.2 332.1 343.7 378.1 385.4 383.6 381 375.1 377.4 386.6 392.5 411.3 428.4 447.7 469.3 484.7 476.8 462 453.7 445 436.5 429.1 428.4 428.2 439.7 461.9 480.6 501.2 523.4 534.2 541.5 545.7 537.1 523.9 503.5 479.7 455.7 429.9 398.4 351.1 351.3 337.2 306.8 273.5 251.2 230.2 201.3 167.7 150.5 125.6 98.8 86.4 89.3 102 77 55.2 51.5 53.9 64.8 85.5 105.1 89.8 57.7 49.7 59.3 58.4 48.4 43.3 40.7 43.7
