public/OST50/NG91.asc
ncols 200
nrows 200
xllcorner 190000
yllcorner 810000
cellsize 50
[rows 140 to 174 of 200, columns 0 to 78 of 200]
354.2 353.6 352.1 347.7 350.2 354.7 363.4 376.4 387.2 396.6 399.1 395.7 393.4 390.4 387.3 382 380 386.2 388.6 394.2 401.9 407.3 416.2 443.6 470.3 497.7 540.1 570.2 591.3 616.1 634.8 658.5 688.1 720.6 759.2 784 807.9 826.7 840.9 853.3 846.6 848.4 863.2 890.3 902.4 861 828.2 795.9 774.9 777.8 782.1 787.5 782.1 786.3 794 805.4 839.9 837 824.5 826.8 832.9 852.8 890.7 927.7 953.3 977 969.3 975.4 972.2 974.8 969.4 930.3 902.6 881.5 868.3 866.8 874.3 895.8 880.2
368.4 367.1 367.3 367.2 366.9 376.6 396.6 414.3 419.1 422.6 416.3 411.2 408.3 403.6 401.6 394.8 394.3 398.8 402.3 408.7 415.4 423.8 427.7 425.9 454.2 487.5 525.7 561.8 578.1 599.4 614.5 636.3 664.3 702 735.7 763 786.3 804.1 815.4 835.7 857.8 881.2 905.8 927.5 930.8 886.3 844.4 813.2 810.3 823.8 824.8 822.4 830.6 832.5 837.6 850.1 886.2 889.2 877.8 864.7 887.6 918.2 948.6 953.2 951 941.4 941.1 957.7 960.6 955.4 938.4 907.3 880.8 865.3 861.9 847 839.5 837.5 843.3
380.1 383 388.3 394.6 411.4 415.8 433.2 450.4 455.7 458.1 447.6 433.2 429.6 422.4 416.7 411 411.5 415.2 418.1 420.5 431 438.9 447 452.6 464.9 473.7 519.6 548.2 567.2 582.3 595.5 617.3 652.6 688.7 716.9 744.8 764.8 783.3 798.3 812.1 831 857 876.5 894.9 908.9 913.5 876.4 842.3 846.3 864.8 863.4 860.6 871.7 885.1 915 912.8 925.1 934 945 959.6 965.1 945.4 918.5 922.4 914 899.3 911.5 930.8 943.5 938.2 916.8 886.8 859.3 845.6 836.2 828.7 818.9 811.2 809
408.8 406.1 416.7 435.9 447.8 459.1 471.3 476.5 490.2 493.2 477.6 464.2 453.1 445.1 439.3 433.1 433.2 432.3 437.5 442.1 451.7 460.9 471.5 479.4 497.9 500 515.4 543.4 560.5 573 586.6 606.1 636.7 669.1 699.2 723.8 749.2 771.2 785.5 796.6 808.6 829 849.4 862 872.7 882.3 892.8 889.7 902.9 907.9 904.6 917.9 939.8 953.5 959.1 958.2 964.3 963.5 943.3 941.3 930.4 916.1 887 885.1 885.5 866.7 882.3 898.9 916.4 923 915.6 879 854.4 832.2 822.2 814.9 803.5 792.7 784.8
447.4 441.6 451.4 469.4 489.9 505.4 507 518 534.4 523.8 522.7 500 482.9 469.8 470.5 463.9 456.7 458.8 467.5 476.7 486.2 493.8 500.2 512.9 539.6 527.2 530.1 547.2 559 567.8 584.8 606.9 637.3 673.4 703.1 727.6 748.3 761.3 775.4 782 794 806.2 821.4 830 837.7 846.8 862.2 866.7 880.2 889.3 894.6 899.4 914.5 929.5 939.2 956.1 950.7 911.8 891.3 898.4 889.2 880.4 854.5 848.9 837.9 823.3 837.3 865.3 884 889.1 880.2 867.9 844.7 823 809.5 800 788.6 780.7 769.3
488.1 474.8 491.6 525 545.8 538.8 551 567.6 571.9 574.5 562.5 536.9 513.8 496.2 496.9 497.1 498.1 506.1 507.3 512.3 522.6 544.4 559.1 551.8 558 548.2 544.4 549.9 556.2 567.6 585.5 618.4 661.1 683.6 711.6 733.6 746.8 755.7 763.6 773 778.4 784.2 790.3 803.2 808.9 818.9 832.8 841 862.1 870.2 872.3 877.4 894.7 907.6 918.7 929.3 898.5 867.6 857.1 854.2 847 831.1 830 818.7 798.4 791.8 805.5 824.9 844.9 856.7 847.3 840.6 826.1 806 792.3 784.2 774 759.8 757.6
520.6 515 535.5 559.5 586.1 584.6 600.4 611.7 617.4 628.7 606.5 574.4 546.2 525.6 531.3 530.1 537.4 552.9 551.5 558.7 580.1 591.4 587.4 573 561 551.5 548.8 550.7 555.6 572.7 596.8 624.3 665.4 695.5 724.2 740.3 746.4 753.8 760.6 760.3 759.7 764.3 767.6 776.2 781.4 791.9 800.2 814.1 830 847.3 849.1 854.4 876.5 892.4 907.3 893.6 855.9 834.7 833.4 820.7 815.2 799.2 790.3 790.9 767.6 764.4 776.3 791.8 805.2 822.5 813.6 812.9 801 794.9 790.7 774.4 758.8 741.4 734.3
558.8 559.4 575.8 581.8 592.8 604 618.3 635.7 647.6 655.4 641.9 607.1 589.2 561.4 590.6 585.3 599.4 598.4 593.9 599.7 608.1 603.6 588.4 569.9 560.1 556 552.7 550.3 563.4 593.8 608.1 643.7 680.8 702 726.5 741.5 755.2 756.7 749 742.7 743.7 744.6 747.7 758 764.4 770 773.9 788.8 803 820.9 826 839 864.8 885.7 908.6 886 847.3 819.3 806.3 791.1 788.5 774 755.4 751.4 739.1 739.4 747.2 757.8 773 790.7 785 781.4 777.3 774.5 774.2 763.5 743.7 729.8 721.5
578 580.7 578 583.9 590 596.9 608.8 622.8 639.9 655.3 656.5 644 624.8 609 627.7 630.6 627.5 616.5 610.3 610.2 601.3 591.9 583 571.8 562.6 560.6 553.9 557.6 572.7 601.2 616.2 641.1 677 718.2 735.2 757.7 761.3 750 736.8 730.2 729.4 728.7 735.2 743.4 746.1 750.5 746.8 761.9 777.9 795 807.3 830.8 855.2 880.2 907.8 892.6 851.5 806.8 774.6 762.1 756.5 743.1 730.5 720.9 709.2 720.8 722.7 729.7 739.7 753.7 752.2 748.1 745.7 747.5 747.7 736.5 724.5 721.4 711.9
576.6 577.5 581 588.4 591.9 596.2 602.1 610.7 625.7 637.7 645.5 651.9 643.3 642.2 638.9 636.6 631.7 621.1 615.4 607.2 596.1 587 581.5 575 568.4 561.9 564.1 569 577.4 599.6 614.8 640.6 674.2 715.8 742.3 756.5 753.1 738.8 723.3 714.8 710.5 710.1 718.5 724.6 727.5 730.2 728.6 744.4 760.2 780 796.1 823.2 855.4 880.3 892 888.4 843.2 787.2 751.9 729 711.5 699 700.7 691.6 686.2 699.5 701.1 706.5 713.8 720.8 723.7 719.6 716 720.1 720.6 720.8 710.1 700.8 695.9
573 577.6 580.6 589.4 594.5 595.7 599.2 607.1 620.2 629.7 636.1 641.1 638.7 639.3 638.5 642.7 636.9 621.4 609.8 600.3 590.9 582.1 580.1 575.2 568.7 565.5 570 574.2 575.9 606.3 621 641.1 679.8 728.1 747.5 750.4 740 728.3 713.6 701 692.1 690 694.4 702.4 705.4 709.9 712.7 731.7 750.8 768.4 791.4 816.7 849.9 860 886.5 854.6 804.5 768.3 733.5 705.7 685.9 669.5 665.4 662.9 666.5 675.8 680.9 686.4 690 692.2 693.8 692.9 692 691.9 685.9 690.4 686.3 681.9 671.9
573.2 578.8 578.8 582.4 587.1 592.7 596.6 604.4 614.6 620.1 622.1 626.3 635.3 642 642.9 641.2 639.8 620 607.7 595.9 588.3 581.5 579.1 574.5 568.4 568.8 570.6 574.1 580.7 610.8 631.1 652.8 707.7 727.9 746.5 737.5 726.8 715 701.6 688.4 676.9 671.7 673.1 685.1 685.9 692.3 702.2 721.5 744.1 771.2 785.1 811.2 837.3 850 860.6 836 781.5 752.2 722.7 691.2 672.2 660.4 650.4 645.2 650.5 659.1 665 667.8 666.9 669 668.5 668.7 667.5 658.9 652.8 651.8 656.3 659.7 649.8
575 580 584.2 580 579.6 584.6 588.9 594.3 602.4 607.4 609.9 616.9 626.1 632.9 638.8 635.2 626.7 615.2 603.7 593.2 585.5 582.6 579.6 574.2 571.2 571.5 575.4 579.2 595.6 617 644.3 672.7 706.7 728.4 730.4 722 707.9 697.5 685.5 673.9 663.7 656 654.8 657.9 659.7 671.2 691.4 716.6 744.4 768.9 791.5 811.3 833.4 818.8 800.8 777.6 751.4 727.5 702.3 676.8 662.8 644.7 638.2 633.5 637 645 649.7 651.9 649.2 645.6 638.3 636.7 636 629 622.8 620.1 625.9 637.6 627.1
568.1 575.4 581.7 583.1 578.7 579 581.5 584 587.2 591.5 598.7 609.9 614.4 625.4 630.5 624.8 616.5 607.8 597.8 590.9 585.1 583.5 580.4 579.2 577.8 579.6 582.4 590.9 604.3 636.7 662.1 689.2 711.9 719.7 712.1 701.4 691.4 681 671.7 660 649.2 643.1 647.1 645.5 647.9 661.4 682.1 709 733.5 762.3 791.3 809.2 822.4 802 782.9 759.1 731.6 707.3 679.1 662.7 647.8 633.6 626.5 622.4 625.7 630.4 634 634.9 630.1 622.4 610.2 604.7 602.6 601.6 598 595.1 601.1 609.1 602.4
562.8 566.4 579.7 579.8 577.2 571.5 572.7 573.4 575.5 577.7 585.7 596.3 607.3 617.9 621.6 617.4 608.9 600.7 593.3 590.2 587.5 586 581.5 585.7 585.7 587.4 599.7 613.4 639.3 659.7 679.8 704.3 706.1 707.1 699.5 688.7 674.8 660.8 649.4 639.5 631.6 627 631.8 633.1 647.8 661.8 684.7 713.6 733.2 757.1 784.7 800.5 815.6 786.5 760.2 734.9 713.4 691.9 666.6 657.3 634 625.5 616.6 610.7 614.1 617.1 615.1 615.3 609 597.1 583 578.4 573.6 572 573.1 575.6 577.9 583.4 584.4
560.2 560.8 565.3 566.5 568.6 565.4 559.2 558.9 561 563 572.1 582.7 592.1 605.4 614.7 613 604.7 595.7 587.4 584.4 585.4 584.7 584.6 590.2 596.5 600 619.9 640.7 659.8 683 694.9 694.3 683.5 679.5 684.4 674.3 659.8 644.3 632.9 624.8 617.8 614.3 616 635.6 652.5 667.6 688.2 710.4 727.8 752.2 772.4 803.7 812.9 777 741.4 711.8 692.7 675.2 650.5 637.4 620.6 609.7 603.3 598.7 601.3 601.1 598 595 586.8 571.2 561.4 556 556.6 551.2 550.7 552.7 558.3 561.2 567.9
552.9 551.5 557.9 558.7 557 555.5 549.8 544.3 546.1 548.3 555.7 566.5 579.4 589.2 598.9 598.7 591.1 584.1 578.7 574.2 576.1 576.9 586 596.2 608.8 626.2 646.4 661.1 682.3 679.4 679.1 666.3 657.1 662 659.2 653.6 642.4 629.7 620.5 614 604.9 604.2 616.8 635.7 656.2 677.4 698.7 711.2 726.8 749.3 768.3 794.1 787.2 752.8 726.6 699.5 683.2 664.8 635.4 616.7 605.2 594.3 592.2 585.5 582.2 584.8 579.8 576.6 564.4 551.1 539.2 541 533.4 533.3 530.5 534.1 537.9 543.8 551.5
548.8 545.4 547.9 548 555.5 549.7 543.4 537.7 537.3 541.8 547.3 558.4 568.9 574 580.4 578.9 572.7 566.6 567.3 566.4 569.4 570.8 581.8 608.4 643.3 651.2 650.8 663.7 669.4 656.7 650.9 638.9 633.5 641.9 638 636.6 624.7 615.1 608.7 603 596.8 602.5 614.5 638.4 659.6 674.4 698.1 715.3 733 745.5 758.8 770.8 752.8 720.5 693 684 663.5 638.7 623.3 606.1 595.7 583.1 579.8 573.7 566.5 563.1 562.6 557 544.2 530.7 524.4 518.4 515.9 512.2 512.9 519.4 520.2 526.1 535.9
545 540.7 538.5 538.6 543.7 547 538.9 532.3 531.9 533.9 538.2 558.4 562.2 571.5 576.5 566.4 557.4 558.1 557.7 551.5 554.5 561 566.3 587 621.9 636.4 637.1 634.3 628.8 625.9 623.8 618.1 616.1 622.1 619.9 616.7 610.4 602.8 598.2 593.7 591.2 596.5 613.7 636.4 657.8 675.7 690.7 710.6 729.6 745.2 746.5 741.9 716.9 690.6 672.3 663 649.6 627.1 611.8 596.9 581.2 568.2 565.3 560.1 548.2 544.7 540.4 534.5 525.6 515.7 508.9 506.1 503.2 500.5 502.9 503.8 504.1 518.5 536.7
542.6 537.6 531.8 529.8 531.2 530.6 529.4 526.3 521.8 522.7 534.3 547.3 564 564.2 563.5 553.2 543.8 546.1 545.3 539 539.1 543.4 551.6 563.2 582.3 609 611.7 603.2 602.4 601.2 604 601.2 602.1 614.7 610.1 605.8 597.1 593 588.2 587.5 587.4 597.6 612 632.4 660.1 674.2 693.4 714.3 729.6 737.9 732.8 714.1 694.1 676.8 665.2 650.5 633.9 616.5 592.9 576.2 563.8 553.2 551.4 541.3 531.6 527 518.3 517.1 507.6 497.9 492.5 489.5 491.8 493.4 493 492.8 506.4 526.1 552.7
541.7 536.5 529.8 523.3 520.4 519.4 519.8 516.7 513.4 511.9 522.9 536 550.9 554.9 551.2 537.3 531 532.8 529.8 525.4 524.5 529.5 527.4 538.9 548.5 562.1 573.9 576.2 579.2 582.1 585.5 583.7 588.5 595.1 593 589.8 585.9 581.6 580.1 577.3 586.6 598.3 617 629.7 659.9 683.3 705.6 714.3 731.4 731.9 711.8 700.5 677.8 657 642.4 627 611 593 571.5 555.6 546.1 536.2 529 520.7 511 503.4 502 498.1 494.2 486.4 479.6 478.7 480.1 475.6 483.7 504.1 528.4 547.2 578.1
544.8 535.4 528.2 521.5 515.1 511.8 510.3 507.7 501.8 506.6 507.9 519.4 530.3 533.2 525.3 518.8 515.6 514.7 508.7 504.9 508.4 513.3 513.4 515.4 524.3 536.7 552.9 558 562 570 573.6 573.5 574.1 577 581.4 580.6 577.6 571.7 568.7 580.1 593.6 601.9 613.5 631.5 661.1 686.9 708.3 719.7 727.8 713.3 689.6 676.7 655.6 632.8 624.3 608.7 594.4 576 556.7 538.7 528.1 514.1 505.4 500.9 491.9 486.4 487.6 483.9 480.9 475 471.3 469.3 467 478 497.7 522.5 550.6 575.5 600.5
547.7 537.3 527.8 520 513.9 508.3 501.6 496.6 496.2 500.7 504.3 507.1 511.4 505.4 505.6 499.4 498.3 495.9 491.6 492.6 491.9 490.7 499.3 502 505 513.8 533.2 544.5 549.1 561.2 569.3 566.7 565.7 568.6 575 572.8 569.3 557.5 572.2 591.5 603.4 609.5 621 643.4 672.8 703.9 720.2 727.5 717 685.8 667.9 651.1 627.9 606.5 597.1 591.2 572.9 553.2 538.8 527.4 511.4 500.6 493.6 481.7 476.2 473.1 476 471.5 469.8 466.3 462.6 461.7 466.3 484.3 510.8 539.6 570.8 600.6 618.2
551.6 541.2 530.8 519.9 511.7 504.5 498.5 490.9 491.3 493.3 498.9 498 496.3 491.4 489 484.1 485.9 480.1 477.6 477 473.2 471.9 480.8 485.4 490.5 498.8 515.1 530.2 538.1 544.3 559.7 554.9 553.9 561.3 567.2 559.3 548.5 570.8 584 600.2 606.4 622 649.1 677.4 693.7 711.5 735.8 734.6 699.5 667.5 644.1 625.4 603.9 589.1 582.3 568.7 555.3 541.2 526.6 514.6 500.2 487.1 475.6 466.7 459.9 459 460.4 460 458.9 456.3 453.4 455.6 468.6 492.5 523.3 554.7 586.9 614.1 636.1
554.5 543.6 533.7 522.1 511.3 502.3 493.7 486.1 483.9 488 490.5 489 484.4 477.3 471.2 466.4 468.1 468.1 466.1 462.7 461.5 456.9 461.3 472.1 482.9 491.6 505 517.7 525.6 530.6 538.3 542.2 544.1 549.8 548.3 538.6 561.1 576.1 585 592.2 608.5 641.3 663.7 686.1 705.8 725.7 736.5 730.5 691 669.3 637.8 614 600 583.1 570.4 561 547.7 533.2 518.4 503.7 490.1 475.9 461.9 454 449 448.4 449.8 451.1 451.3 449 449.1 454.6 472.6 499.8 532.1 567.6 599.9 629.7 655.9
561.5 548.6 537 525 513.4 501.9 492.3 482.5 482.3 482.6 480.1 475.1 473.9 469.9 462.7 455.2 453 453.8 450.2 453.6 453 448.5 454 461.4 470.7 487.7 495.9 506.6 514.8 520.6 516.9 524.6 530.6 529.5 530.9 562.7 575 588.6 581.9 589.2 615.1 644.3 673.6 691.4 712.8 723.7 735.1 718.2 682.1 648.5 626.9 597.4 584.6 572.1 556.6 546.2 530.9 517.5 508.2 492.4 482.4 468.2 456.1 449.3 444.4 443.6 445.1 446 445 445.7 446.9 457.2 475.9 504.3 533.3 572.2 610.5 643.2 665.4
558.7 556.1 542 527.8 516.7 503.8 492.9 482.5 476.6 473.7 471.3 463.3 462.5 459.3 455.7 448.5 441 439 438.8 442.2 441.5 439.8 443.8 454.1 463 472.3 478.9 490.8 501.3 510.4 507.8 512.1 507.2 527.4 559.5 575.7 585.6 581.2 585 597.8 622.3 649.2 673 696 708.7 723.2 732.3 708.9 669.5 637.6 612.5 593.2 577.4 563.1 547.2 530.9 520.2 505.7 493.6 480.9 471.9 457 446.9 442.8 442 441.4 442.5 442.4 442.7 444.6 445.1 457.9 478.7 509.8 543.5 582.6 618.7 648.6 679.9
545.9 548.3 543.5 535 521.9 506.9 495.7 484.2 471 456.9 460.5 457.4 452 449.8 445.6 440.7 436.5 429.1 426.5 429.8 434.9 433 436.7 444.8 453.5 460.2 463.8 471.1 488.3 504.7 496.5 496.2 519 549.7 571.4 571.8 577 576.6 587.3 607.1 616.4 642.5 662.7 683.7 699.5 711.6 723 710 677.4 639.8 608 583.9 566.9 553.3 537.5 523.7 512.2 503.1 489.2 472.8 457.4 447.1 439 436.8 435.6 437.8 441.4 439.8 442.1 444.4 449.1 461.9 486 519.2 559.6 593.5 626.5 658 692.9
527.3 533.7 541.9 538.9 528.7 513.9 498.4 485.6 473 462.8 446.8 431.8 441.9 438.8 435.6 431.8 429.2 425.1 420.4 419.4 423 423.4 430.4 435.9 444.2 451.2 458.2 455.7 467 484.8 483.8 500 534.1 559.8 569.8 565 565.2 580.3 595.9 606.3 622.9 635 655.5 671 682.7 705.8 714 704.2 681.4 645.4 608.3 576.9 558.8 546.3 534.7 518.5 506.7 494.2 479.4 466.7 448.3 440.3 433.6 431.2 433.6 437.4 437.2 441.1 444 447.2 454.1 472.1 496.2 529.4 569.7 602.5 630.2 673.6 707.2
508.4 521.8 536.6 542.9 531.9 521.7 504.2 487.2 474.2 462.7 451.9 443.3 428.5 430.8 428.1 423.4 420.7 417.4 414.6 413.2 415.7 418.2 420.7 426.5 432.4 442.2 449.5 450 457.7 471.1 485.8 509.3 532.3 553.7 558.2 555.2 570.6 587 601.1 609.2 615.7 626 641.7 652.8 676 690.3 695.6 688.8 673.1 646.9 605.6 570.4 555.6 544 527.8 513 501.2 488.3 474.5 459.1 442 432.8 426.7 429.1 431.1 436 439.4 443.8 446 449.1 458.7 476.8 503 535.8 573.1 602.8 641 686.8 725.3
495.7 514.6 519.2 525.8 528.5 520.8 505.5 490 475.9 463.8 452.7 442.2 428.1 424.4 422.7 417.7 413.3 407.7 405.8 406.2 410 411 414.3 421.6 429.7 437.8 444.3 450.6 455.4 470.2 485.4 506.4 528.1 536.3 547.4 553.9 573.4 584.9 597.5 604.1 609.6 619.4 623.9 639.5 665.8 677.1 674.3 675.2 656.9 635.1 597.2 565.7 554.7 537 521.7 507.8 494.9 480.9 466.7 450.2 436.4 427 424.8 432.4 436.2 439.2 441.5 444.2 447 452.8 465.8 485.4 509.7 545.9 580.8 605.8 648.6 687.7 723.5
472.2 487.8 501.3 510.9 516.4 513.3 503.4 492.5 480.5 467.2 456.3 443.6 431.7 415.8 414.2 414.5 411.3 404.5 399.7 400.5 402 404.3 406.8 420.5 424.6 438 444.7 444.8 461.6 465.4 482.1 501.7 518.5 525.5 539.3 553.9 580.2 587.4 600.1 605.9 604 616.9 613.2 627.2 642.4 658.7 656.5 652.3 636.6 614.9 585.5 560 544.3 527.8 511.2 496.5 486.7 470.6 454.8 440.4 428.5 424.6 429.4 438.2 439 442 442.5 444.2 448.4 456.5 471.2 496.2 519 543 576.7 607.2 640.8 683.1 720.7
434.6 461.6 475.8 484.5 492.8 495.3 506.6 496.1 485.7 470.8 459.6 448.1 434.8 422.2 416.2 408.4 404 400 393.8 395.6 393 393.5 403.3 411.7 426 436 435.8 442.9 449.8 466.9 487.6 496.6 509 513.5 530.2 551 574.6 580.5 585.8 588.1 588.2 589.5 595.1 609.8 626.2 638.5 633.5 625.6 614.6 590 566 547.2 533.9 515.3 501.4 487.1 474.7 460.8 447 432.7 421.8 422.8 427.7 436 438.9 441.7 442.9 444.6 450.8 464.8 481.7 503.3 527.1 553.2 571.9 603.5 641.3 668.8 704.5
405.7 424.6 438.2 460.5 467 481.5 488.6 486.3 476.9 468.9 461.5 450.9 439.7 426.8 416.3 409.8 398.1 384.1 386.4 386.8 383 386.4 393.5 404.3 416.1 420.9 418.5 440.2 451.4 466.5 478.8 480.7 496 505.8 523.8 552.4 575.6 577.1 575.4 575.1 572 573.1 587 601.4 609.5 627.3 619.1 605 595.9 573.4 549.4 533.7 517.7 501.5 490.5 479.9 464 449.6 437.6 428 418 420.2 427.1 433 438.8 440 442.6 444 448.2 462.5 483.9 507.8 531.3 546.1 570.6 595.3 625.4 652.8 685.9
377.8 393.2 412.8 431.9 444.1 460.2 465.6 460.4 460.8 459.8 464.7 456.6 446.3 433.7 420.6 406.7 395.9 383.3 373.1 375.5 371.9 386.8 388.4 394.4 403.5 409.7 432.2 438.5 452.3 457.4 464 475.9 481.8 500.5 515 548.6 569.3 580.6 564.8 564.6 556.6 568.7 577.5 585 592 604 593.5 587 576.5 553.9 535.6 519.6 504.7 493 482 468.5 452.3 439.3 427.1 417.6 407.7 415.7 422.6 425.8 432.7 437 442.4 444.2 448.4 458.6 481 500.6 529.1 541.1 561.9 586.5 606.9 638.8 662.5
