public/OST50/NG92.asc
ncols 200
nrows 200
xllcorner 190000
yllcorner 820000
cellsize 50
[rows 70 to 104 of 200, columns 0 to 77 of 200]
388.2 393.4 393.7 392.7 392.6 401.3 396.7 397.9 408.5 416.1 420.9 422.7 418 416 417.5 424.1 428.7 436 428.6 425.2 425.1 414.9 404.9 399 391.9 393.5 407 421 439 456.9 480.9 488.6 487.1 495.1 500.3 497.1 504.8 524.3 533.2 538.6 546.3 549.9 566.9 562 565.4 550.3 545.5 554.7 584.9 614.5 617.5 625.8 624.9 616 605 587 574.2 566.5 561.8 551.2 539.2 529.7 521.1 512.1 508.3 502.8 501.5 500.9 505.1 513.3 520.7 516.9 527 528.5 526.8 531.4 544.6 535.6
389.3 389.5 394 392.7 393.5 396.6 401.3 414.2 431.6 438.6 434.6 443.3 443.6 436.3 437 444.3 441.8 438.9 439.3 436.7 436 426.6 420 412.2 406.4 409.9 403.7 422.9 437.2 450.1 461.6 473.6 478.4 487.1 491.1 494.2 500.7 523.8 533.6 555.1 558.4 554.5 552.5 552.3 551.4 543.9 542.7 555.4 567.7 598.9 609.1 624.1 622.7 614.2 603.5 588.4 578.4 571.3 560.1 548.4 534.4 528.4 521.4 516.2 513.8 507.6 505.4 510.6 519.7 526.5 529.6 535.1 542.4 547.4 536.8 538.3 539.6 536.6
398.8 410.3 416.8 421 419.8 413.7 425.7 438.5 449.9 449.1 454 465.2 458.9 449.7 455 466.4 459.7 452.9 442.3 438.2 434.6 430.1 424.5 419.7 422.8 424.9 425.9 413.6 434.2 441.5 442 459.2 479.6 496.3 495.9 505.4 517 520.8 521.7 542.7 553.3 569.6 561.7 545.4 538.5 535.6 538.2 555.7 565.1 572.9 587.6 603.6 612 604.4 597.6 589.7 581.7 570.9 559 546.5 533.3 526.2 520.6 519.4 516.2 511.9 512.7 520.4 532.4 543.8 547.8 554.6 558.3 560.5 553.2 553.1 547.4 539.4
405.4 423.8 436.8 436.2 423.6 434.2 447.9 446.9 444 452.3 466.6 460.8 468.7 467.4 475.6 479.5 485.8 472.1 456.6 441.9 433.8 431 426.9 423.8 426.4 431.7 439.1 427.8 424.5 437.3 446.2 457.9 475.9 497.1 499 530 532 525.9 525 532.3 552.4 555.4 554.3 544.5 540 533.4 535.2 549.5 560.5 568.5 577.6 589.5 600 596.3 591.6 583.1 575 569 558.6 545.1 532.6 525.6 523.6 522 519.5 517.4 519.3 529.5 544 557.4 563.5 569.3 572 571.8 567.7 563.5 556.4 543.1
405.4 416.4 427.5 431.7 422.3 436.4 443.8 444.8 444.3 453.2 461.4 464.8 476.6 480.1 488.7 481.5 480.8 484.4 470.8 453.2 437.1 432 429.7 429.3 429.7 434.4 433.6 433.1 428.8 437.1 445.4 454.1 466.3 474.7 492.1 523.1 531 529.1 538.4 536.4 537.3 548.2 556.7 542.5 535 533.5 539.5 541.3 552.2 569.7 570 582.6 579.2 581.9 581 576.8 568.7 564.1 555.5 542 531.3 525.4 522.8 522.5 522.5 519.1 522.8 535.3 555.2 570.5 584.8 584.7 583.3 577.9 575.8 570.4 557.8 546
411.3 410.1 413.1 414.2 414.7 424.2 431 436.7 441.1 447.7 452.5 457.1 460.7 467.8 478.9 486.2 485 483.7 472.7 459 443.8 434.9 434.3 439.3 441.2 442.2 440.2 437.4 436.7 437.7 442.8 449.3 456.8 471.3 496.1 513.1 521.9 544 551.1 553.1 545.6 542.1 548.1 540.2 533.2 536.7 546 548.8 559.2 555.7 558.9 562.7 566.1 570.9 570.2 572 567.4 559.7 550.4 536.8 527.2 521.2 521.1 519.9 521.2 517.5 524.4 536.3 549.6 568.4 588.6 593.8 593.5 581.8 579 571.2 557 546.8
418.6 431.2 420 413.6 415.3 419.4 421.4 429.5 435.3 442.3 445.6 448.4 452 457.1 462.8 465.6 469.9 475.6 473.5 461.8 448.9 442.5 442.6 452.8 460.1 467.6 456.3 450.9 446.8 442.9 449 456.3 464.5 482.3 493.3 508.4 517.3 538.7 559.7 573.9 570.3 554.7 534.8 532.8 532.8 533.9 543.2 569.2 565.4 563.6 557.3 555.5 557.5 556.6 561.1 563 559.9 553.9 542.1 527.3 517.4 516.1 516.2 515.7 515.7 517.2 527.7 539.8 551.8 564.9 581.4 588.1 587.2 585.1 577 565.7 554.5 547.4
421.9 425.7 423.4 422.6 430.2 436.1 437.4 437.5 441.9 452 458.6 453.7 457.4 457.1 467.7 474.5 475.8 471.1 467.1 465.3 456.7 452.8 449.8 458.1 471.1 477.3 468.4 464.3 453.7 457.3 464.2 467.1 479.7 503.2 511.9 512.8 515.6 530.1 549.2 558.5 567.2 562.9 546.6 532.8 532.8 532.8 538 558 566.7 570.3 564.2 564.2 551.2 552.1 552.4 555 552.1 545.3 534.7 520.3 511.4 512.3 512.9 513.7 515 524.3 538.1 551.1 562.7 567.9 569.8 573.5 574.3 574.6 568.9 558.1 551.4 547.5
412.8 419.8 439.2 437.1 439.2 440.8 439.2 444.2 451.1 462.8 471.5 468 465.1 459.8 465.8 483.8 492.7 497.8 484.6 474.2 471.1 469 463.5 462 466.7 466.4 465.3 464.2 471 479.6 500.4 521 511.2 525.9 531.7 538.1 530.8 529.1 538.6 552.2 556.9 555.6 552.5 538.3 532.8 532.8 539.4 547.8 557 563.5 558.6 563.5 557.3 551.4 548 544.6 543.3 539.6 529.1 516 511.2 512.5 512.5 514.2 517.2 529.7 549.3 561.7 569.8 580.3 577.8 568 566.6 563.6 563 553.5 552.5 545.4
414.7 416.5 422 433.2 438.8 442.5 440.8 445.8 453.1 464.2 476.3 474.2 469.2 466.4 468.6 472.5 482 489.5 485.2 478.8 482.3 481 491.2 483.9 481.5 469.2 465.8 471.8 489.9 506.4 526.7 567.1 574.6 559.6 553.2 548.2 547.5 541.8 542.6 554.7 561.7 552.4 545.8 537.5 532.8 532.8 532.8 541.4 550.8 554.2 551.5 552.8 560.2 559.4 552.4 546.4 538.3 528.1 520.2 512.6 509.7 513 515.2 518.8 523.5 533 549 565.6 572.7 576.3 572 571.6 565.9 564.9 562.9 555.2 552.8 545.1
428.5 430 434.6 435.2 443.4 443.1 442.5 446.7 455.4 462.2 474.1 474.1 468.1 466.9 473.7 481.7 484.3 481.9 483.9 485.9 485.6 482 490.5 491.9 484.5 473.1 468.7 473 491.5 508.2 540.5 597 608.8 607.8 592.9 576.5 559.6 549.1 551.5 560.1 560.5 551.6 544.6 537.7 532.8 532.8 546.3 553.5 550.5 544.5 544.1 546.9 560.9 560.1 551.7 545 538.2 528.3 514.6 508.8 503.8 506.4 510.9 516.2 521.4 530.2 545.5 562 568.3 567.9 567.9 569.2 567.4 558.7 549.9 550 544.8 542.7
446 456.6 453.9 451.3 443.9 442.4 445.5 450.8 460.4 466.7 473.6 471.2 467.7 469.3 471.2 482 480.8 482 482.7 485.6 485.2 480 482.4 482 475.3 471.5 475.8 487.2 490.1 499.7 524.4 588.3 609.1 613.6 622.1 616.1 585 562.1 555.4 556.7 557.6 555.9 545.5 536.5 532.8 545.5 556.6 549.5 546.5 543.9 545.2 557.3 555.4 556.1 554.9 549.2 537.6 528.5 515.2 500.9 498.6 502.5 506.9 512.4 518.2 527 541.8 558 563.5 562.8 563.7 564.5 564.4 552.3 543.5 540 543.1 543.7
475.9 469.8 463.4 460.9 457.1 449.4 451.2 461.3 475.1 474.2 473.1 467.3 467.3 470.8 472.6 480.7 484.9 489.2 484.3 479 476.2 476 477.2 474.5 478 484.6 488.3 513.1 505.9 504.4 516.1 545.4 589.1 602.3 617.2 619.3 616.9 601 577 557.3 553.3 551.8 541.2 537.4 534.4 540 552.4 547.2 542.6 548 547.4 552.1 554.1 551.5 554.6 546.3 536 526.9 517 504.8 494.2 496 502.5 508.1 513 524.4 542.5 561 566.7 562.7 561 560.9 554.8 546.9 538.1 539.7 545.1 548
481.3 478.8 471.6 467 463.8 458 458.6 463.6 475.6 489.8 474 467.3 467.3 467.3 468.9 475 481 485.2 484.1 480.1 475.3 470.4 466.4 467.2 476.2 487.5 492 509.4 517.1 510.5 511 526.3 568.9 579.5 589.7 606.7 610.1 603.9 581.1 565.1 550.8 543.1 536.4 532.4 534 538.4 543.5 538.3 539.8 544.5 555.2 552.4 547.3 547.8 547.1 540 532.4 525 515.8 505.1 495.8 489.1 496.7 502.1 506.7 519.8 539.3 553.8 560 557.6 559.5 555.3 546.5 537.8 533.5 542.7 549 556.4
484.7 485.1 486.1 479.9 472.2 464.7 459.5 459.8 461.6 480.2 478.7 479.8 469.8 467.3 467.3 484.1 491.7 498.1 489.4 483 476.9 469.1 462.2 461.3 472.4 489.8 492.6 504.9 514.6 511.1 511.9 514.7 562.7 576 568.7 580.8 588.4 583.3 578.9 575 556.4 538.4 533.3 529.9 529.7 531 536.1 541.6 538.8 538 537.9 544.8 545.9 542.5 538.1 532.1 524 520.3 514.7 502.8 493.2 481.1 488.4 493.3 498.1 514.6 534.6 550.5 553.5 554.1 557.8 550.2 538.9 532.1 532.7 543.3 552.8 556.5
491.5 494.3 493.7 490.2 479 470.7 467 461.3 456.1 454.6 475.2 474.4 468.4 470.4 471.1 479.3 501.3 509.2 502.6 490 479.1 469.8 463 461.1 472.7 491.2 498.7 502.3 506.1 511.4 511.2 515.5 530.6 559 570.8 565.4 568.3 570.4 572 569.1 553.8 538.3 535.3 525.3 522.6 523 528.2 542.6 534.8 534.2 535.2 534 538.1 535.3 530.6 522 514.8 514.2 507.6 494.9 485.2 476.8 477.3 482.7 490.1 506.1 524.9 537.4 541.8 543.1 545.4 543.7 532.1 527.6 534.9 544.8 552.2 557.2
493.5 495.5 496.9 496.4 488.6 477.2 469.5 463.7 457.2 453.5 453.5 457.8 464.6 469.5 469.6 471 482.5 492.8 494 485.8 481.8 472 464.1 460.4 464.6 490 495.9 495.3 503.4 506.8 510.3 515.5 523.2 548.4 557.7 570.6 564.9 560.6 562.6 560.2 548.8 546.5 532.6 524.6 518.2 525.8 528.6 527.7 530 530.4 532.3 531.7 528.7 525.2 526.3 515.6 506.5 505.1 496.7 484.9 472.5 464.3 467.7 475 483.7 496.6 511.5 523.8 532.1 531.7 530.2 530.9 522.1 522.4 532.6 541 551.7 555.9
495.7 499.2 504.2 501.7 495 485.3 474.6 466.9 459.9 456.3 453.9 453.5 462.2 466.5 469.7 476.5 478.1 485.8 485.7 479.4 481.3 474 466.2 459.2 460.2 464.8 477.2 487.4 506.2 511.9 513.5 517 524.7 532.7 543.8 558.5 566.8 562.5 560 554.8 562.4 551.8 534.5 519.3 515 515.7 521.5 529.6 525 525.7 534.8 537.4 528.9 516.3 516.5 509.8 501.7 496.5 486.8 471.8 458.5 447.2 455.4 464.6 478.1 487.2 499.2 511.1 517.6 519.9 519.6 519.4 510.6 515.8 527.2 541.4 550.5 546.8
502.3 502.5 505.3 504.5 497.7 491.1 482.8 481.8 471.5 467.8 462.2 455.6 455.9 463.8 467.6 480.8 486.1 494.1 484.7 479.3 480.1 475.2 464.3 457.7 457.7 460 464 470.4 486.5 518.2 521.2 521.8 520.7 523.9 540 564 568.9 566.6 554.6 553.5 560.9 553.1 535.9 519 512.7 520.2 514.8 518.2 521.6 524.4 521.7 528.6 525.6 514.2 502.4 500.4 496.5 488.1 479.8 464.1 449.4 439.2 442.1 447.1 461.8 479.5 491.9 498 502.4 508.4 511.5 504.1 487.9 505.5 522.5 540.4 539.3 535.8
502.2 509.9 505.3 498.9 494.5 494.8 505 512.1 500.5 479.2 466.9 457.1 453.5 458.9 460 467.8 484 491.2 485.9 482.3 483.5 475.8 466.5 457.8 457.5 457.4 456.9 460.5 475.3 512.1 511.9 518.9 518.4 521.1 542.9 558.5 561.7 555.3 544.9 549.4 551.1 547.7 535.3 520 512.5 511.3 510.9 512 520 525.9 526 518.1 513.4 508.5 500.2 488.8 487.2 482.6 469.7 454.6 442.2 423.8 434.7 436.5 448.1 462.1 475.2 485.3 496.8 495.7 497.8 489.1 482.9 495 519.8 527.5 526.8 525.2
496.9 502.8 499.7 493.5 495.7 519.9 521.8 519.3 508.8 487.1 469.7 461.7 458 447.7 454 458.7 471.3 478.8 480.8 480 482.2 483 481.6 470.7 457.5 453.3 449.3 453.3 476.4 497.7 509.3 514.6 522 550.2 553.1 555.4 548.9 545 539.2 543.7 548.7 545 533.4 517.9 516.4 509.1 503.9 506.9 514 518.7 516.5 516.2 508.8 501.7 496.8 485.5 474.3 473.1 460.2 444.9 429 419.8 420.9 425.2 431.9 442.8 455.6 470.1 487.5 489.9 479.5 471.1 467.2 482.4 506.2 511.7 511.3 522.2
484.6 493.5 491.6 491 505.7 514.5 517.4 512.9 507.3 495.3 475.1 467.4 461.3 453.6 447.2 448.9 450.3 452.1 474.2 472.2 481 503.1 490.8 476 462.1 451.2 449.3 449.8 487.9 520.1 513.1 518.2 550.1 562.7 557.9 544.5 543.8 540.1 554.1 548.3 552.1 538.4 527.4 514.8 525.9 518.1 500.4 501.8 505.4 506.6 513.2 511.7 508.8 502.1 492.5 479.5 462.8 458.9 449.1 434.8 420.6 405.9 405.3 409.3 414 420.5 435.5 457.4 468.2 473.9 468 455.4 456.7 468.9 492.3 492.7 501.5 518.1
464.6 480.2 485.6 492.9 505.2 511.2 512.7 509.2 501.9 492.1 482.3 472.4 465.7 458.6 452.8 446.2 446.1 447.5 446.1 463.6 472 486.4 494.8 481 466.2 453.1 449.3 451.6 484.6 514.4 533.6 530.3 552.6 560.6 555.5 546.3 538.3 542.8 558.3 546.1 537 529.1 525.3 508.7 518.3 527.6 515.5 498.1 486.1 489.7 503.7 504.9 504.3 507.7 492.4 472.8 453.7 445.8 439.8 424.7 410.1 395.5 399 396.5 398.2 406.2 420.1 435 444.3 452.7 457 452 436.1 455 472.4 473.8 481.1 513.4
441.3 457.9 475.1 491.8 504.6 510.9 511.1 509.1 504.8 496.3 489.1 484.4 475.9 469.2 458.9 450.7 446.1 446.1 446.1 452.9 461.5 471.8 477.3 479.5 468.3 455.3 449.3 457.6 490.9 524.4 554.8 546.4 551.3 560.4 549.2 541.2 532.3 548.4 547.3 541.3 531.2 518.7 511.8 500.7 511.7 520.4 519.7 512.8 484.3 468 472.9 479.1 480.5 476.8 480.2 463.5 442.8 430.3 426.4 413 395.2 384.1 388 382.7 385.1 393.1 402 418 430 443.4 447.3 442.8 428.8 440.9 451.7 449 467.7 489
418.9 438.9 474.1 490 506.3 512.4 513.3 513.9 507.2 499.9 493 488.6 486.2 471.5 460.8 451.5 446.1 446.1 448.3 462.5 457.7 455 463.1 476 469.5 456.6 449.3 461.2 496.6 544.9 540 541.1 556.3 546.9 536.5 524.7 525.3 544.9 540.2 530.3 520.6 508 496.8 492.2 507.5 517.2 517.1 512.3 496 466.3 440.5 455.1 459.2 458.9 459.1 449.3 432 413.8 409.5 402.2 386 371.2 373.7 369.1 372.6 378.1 389.7 398 416.2 431.7 431.4 427.7 417.3 425.8 428.2 430.3 445.3 471.4
393.7 422.2 463.8 487.7 502.3 510.9 518.3 519.8 513.4 505.8 496.9 489.1 485.5 468.3 456.4 448.7 446.4 454.8 464.8 453.3 453.9 451.6 449.9 460 464.3 453.7 450.6 461.5 506.9 531.6 527.8 526 532 536.6 525 510.2 516.7 527.1 526.9 521.1 507.2 495.7 491.9 487.8 492.5 514.2 509.9 507.8 492.1 471.4 442.9 416.5 432.6 439.3 436.6 431.9 417.6 404.7 396.5 386.9 375.6 360 360.3 358 358.3 364.1 373.7 383.3 396.2 406.5 411.4 412.5 403.7 405.1 409.9 411.9 432 451
380.4 410.1 447.5 473.7 489.7 508.5 517 522.6 515.3 505.1 495.3 488.8 475.9 459.8 451.6 444.4 451.6 456.7 462.3 459.1 454.4 452.3 458.8 449.6 446 447.2 460.2 468.6 494.3 512.8 517.8 523.8 516 522.5 512.3 499.1 502.4 509.8 511.8 508.2 496 484.1 475.1 480.4 485.1 488.3 500.4 489 477 459.5 440.8 419.2 389.9 414.9 415.2 414.4 404.1 391.8 384.1 368.7 358 350.8 351.5 347.6 346.5 355.1 361.7 368.8 376 392.2 403.7 398.3 389.3 387.3 392.3 400.6 413.1 424.6
364.4 395.3 428.4 456.7 478 497.2 504.9 511.3 508.3 499.2 488.2 483.9 472.4 458.7 450.8 442.4 444.9 455.2 467.1 472.5 480.8 470.2 455.3 448 435.9 454 462.5 467.5 478.5 488.3 504.5 518.4 510.1 503.5 495.8 485.4 493.4 492 502.8 487.5 475.9 462 456.3 454.1 481.2 488.3 478.1 472.6 457.7 437.7 425.6 413.6 386.5 382.3 392.2 394.1 392.9 378.4 368.5 362.1 346.9 338 337.7 333.2 333.4 337.6 345.4 356 363.1 374.4 385.3 379.4 373 366.6 376.1 382.6 393.5 400.8
349.7 378.8 408.2 435.2 460 484 496 498.7 495.6 491.5 480.6 469.4 464.2 455 447.2 442.4 442.4 444.7 478.1 481.9 477.8 473.8 460.6 446.2 433.3 437.2 443.2 452.3 457.2 469.6 484.6 497.7 492.1 486.7 473.5 471.2 482.4 479.7 469.5 458.7 446 439.3 431.3 425.8 421.4 445.5 452.8 433 429.7 410.3 397 398.5 378.6 353.4 365.8 367.7 374.4 361.3 351.3 344.3 336 327.3 324.9 322.7 322.7 327.1 334 341.2 347.7 356.7 361.2 361.7 357.3 357.3 361.2 367.7 375.9 385.1
325.5 358.7 391.7 413.8 429.9 459.6 476.3 481.5 481.4 478 472 461.4 451.6 444.2 446.2 442.4 442.4 445.5 457.4 471.9 478.8 476.6 461.3 448.3 435 428.7 430.3 431.2 450.6 465.8 477.2 485.8 477.7 468.9 458.6 458 462.9 462.9 455 431.6 420 408.1 398.7 396.2 385.9 390.5 403.2 399.4 382.3 373.4 369 362 363.3 340.2 337.9 339.3 339.6 339.3 332.9 328.3 324.1 320.5 316.6 316.4 316.6 319.8 325.7 332.8 338.1 342.6 347.7 350.3 350.1 350.4 352.6 357.9 365.8 372.1
300.1 331.9 368.5 394.4 411.2 432.7 460.6 466.3 465.6 463.6 458.3 450.9 443.4 442.4 442.4 442.4 450 453.1 467.4 460.7 463.7 463.5 457.9 443.8 432.5 426.7 422.2 420.7 433.8 453 459 466.3 470.3 460.3 445.8 439.4 442.7 440.1 428.9 412.1 398.7 384.5 369.5 363.9 356.9 356.2 354.5 360.4 348 339.7 336.6 331.7 326.6 321.2 315 313 316.9 317.2 316.4 317.2 314.7 315.6 313.6 313.7 313.1 315.2 320.3 327.3 331.1 336.7 339.7 344.7 345.7 346.1 348.7 355.5 363.2 368.9
279 308.6 340.7 370.1 394.1 413.9 431.1 449 449.8 451.3 450.3 443.8 441.8 446 448.5 457.6 457.5 456.2 461 464.5 463.6 456.8 451.9 442.6 430 426.4 425.2 416.4 416.5 427.8 429.6 450.8 452.4 443 425.9 414.5 416.3 412.9 401.9 391 377.2 363 347.6 340.5 334.9 330.2 324.3 324.5 320.4 312.4 309.7 308.8 306 304.2 302 301.6 302.8 306.3 309.5 309.7 310 310 310.5 310.4 310.6 311 321.5 324.8 332.5 338.5 340.7 341.8 341.6 344.6 348.2 354.6 362.4 368.3
264.5 291.2 319.8 351.2 369.2 394.7 418.2 429 437.1 443.7 440.5 432.5 456.4 468.7 483.3 482.9 461.6 457.3 451.6 468.3 471.1 461.1 447.2 437.6 429.9 420.9 417.9 412.9 408 406.1 412.3 430.5 427.3 425.3 409.8 400.4 392.6 394.6 385.6 372.8 357.8 345.7 330.1 322.5 317.3 308 302.8 298.4 296.2 295.3 291.1 291.5 297.1 301.4 305.6 306.4 304.4 303.5 303.9 306.5 306.8 308 309.7 310.7 312.5 316.7 325.7 332.5 339.1 344.4 347 345.6 346.3 353.1 359.7 363.6 365.9 366.3
248.6 274.6 301.6 328.8 352.4 376.6 401.6 422.3 427.3 434.5 429.6 418.7 455.7 460.8 468.7 466.3 448.5 441.3 436.6 447 453.6 452.4 443.7 435.4 425.8 410.4 407.3 410.1 409.6 402.3 407.6 411.4 407.6 404.7 400.3 385 362 368.3 364.6 357.6 343.9 328.7 314.8 304.2 299.9 292.5 290.1 289.1 282.2 285.6 291.1 296.9 302.8 312.1 318.9 318.5 316.1 308.4 308.2 310.3 310.8 310.6 310.8 311.7 317.2 326.7 337 343.3 348.6 352.1 356.1 354.9 356.6 369.4 377.9 378.5 376.8 377.7
242.6 268.2 292.2 316.6 336.8 362.7 380.1 402.2 413.4 421.2 413.6 403.2 439 433.4 426.5 420.7 420.1 422.9 421.4 442.2 450.5 440.3 433.3 432.4 424.8 411 401.9 407 402.1 394.9 383.1 386.3 387.3 392.7 392.6 371.3 348.7 343.4 339.4 333.3 321.8 308.9 296.7 290.1 286 286 283.7 281 283.8 287.9 296.3 304.6 314.8 325.5 331.6 333.4 327.4 319.3 314.7 315.1 314.3 313.8 313.1 317.3 328.5 338.4 348.5 358.3 363.1 366.6 371.6 371.1 373.9 394.6 401.7 396.6 394.3 391.4
