public/OST50/NG92.asc
ncols 200
nrows 200
xllcorner 190000
yllcorner 820000
cellsize 50
[rows 105 to 139 of 200, columns 0 to 77 of 200]
237.6 266.6 288.7 307.8 327.7 344.6 365.1 386.9 405.7 403.2 395.5 388.8 414.3 411.4 404.5 397.6 392 395.5 418.8 427 436.7 435.9 435 418.4 410.7 397.3 399.5 394.9 397.7 394.4 385.2 366.5 366 368 369.2 355.3 333.9 322.1 318.1 308.1 300 290.4 283.5 282.4 279.3 280.7 278.1 280.7 287.2 294.6 304.2 314.7 337 347.6 343.9 343.5 337.3 330.3 328 324.1 321.2 320.5 322.7 332 342.7 352.5 363.3 376.8 379.8 379.7 381.6 386.4 399.1 418.1 415.1 407.1 418.2 410.3
230.2 259.9 289.4 299.6 313.5 324.5 337.2 361 373.9 386.5 387.3 376.8 384.4 388.3 387 385.6 378.4 382.4 403.9 419 428.8 421.5 415.2 418.8 402.4 387.6 379.1 398.6 403.8 398.3 385.3 371.5 354.5 338.2 339 332.6 318.4 304.7 297.4 293.7 287 280.7 279 275.5 274 275.1 283.4 292.4 300.3 305.7 317.1 335.7 359.2 366.9 357.7 354.3 346.3 345.1 340.9 333.7 336.7 332.1 340.4 348.4 357 371.2 383 392.1 395.7 394.7 395.5 402.8 425 425.8 421 427.7 440.8 436.4
216.2 252.5 284.4 288.5 298.7 310.4 323.1 350.5 371 374.1 373.8 372.6 372.4 372.3 372.7 373.6 370.3 380.3 399 410 428.7 418.5 401.7 396.2 386.3 375.8 378.9 398.3 396.3 388.5 385.5 364.5 345.7 330.9 311.5 308.9 299.4 289.4 285.7 283.5 278.4 275.9 270.9 273 277.3 283.5 292.8 303.3 314.8 326.4 332.6 359.5 380.2 380.6 374.3 368 360 356.8 351.8 350.6 351.7 351 359.4 367.2 376.5 400.9 412.1 412.5 412.9 408.2 415.5 429.1 440.1 433.5 432.2 454.3 462.1 446.7
199.2 238 261.3 269.2 294.2 314.7 335.5 327.1 355.5 361.3 360.6 366.5 371.7 375.5 371.1 371 383 415.8 420.5 405.2 400.4 393.7 390.7 381 373.3 365.2 380 389.2 380.9 366.1 366.8 355.7 338.8 322.8 304.7 290 284.4 278.1 282.5 273.8 271.7 268.4 271.8 276 279.8 286.8 306.5 322.9 336.7 355.7 370.7 376.7 393.7 388.5 388 381.3 372 374.1 360.8 360.7 365.7 368.7 375.2 386 411.1 445.1 450 442.8 435 432 454.6 458.1 455.3 449.9 455.1 468 466 451.8
183.6 208.5 234.2 265.9 286.2 300.9 326.6 340.4 336.4 343.3 348.1 362.5 376.1 377.9 367.6 378.4 396.1 433.7 441.6 413.1 393.5 386.1 383.1 375.7 364.7 362.7 376.9 378.4 365.4 347.7 334.6 330.9 318.2 306.9 290.7 272.6 271.2 268.7 268 266.1 268.8 272.2 278.3 284.8 290.1 301 321.5 345.2 361.5 388.2 411.8 397.9 402.5 400.9 400.7 389.8 381.4 390.1 369.6 373.3 377.2 384.6 392.7 407.5 438.7 454.8 459.9 452 446.7 463.1 485.2 475.2 470.9 468.6 467.3 472.5 469.4 460.1
169.2 194.7 224.5 251.5 268.6 284.7 309.5 333.3 335.2 335.8 344.4 358.2 367.4 362.7 362.9 370.5 373.8 402.2 411.5 394.3 384 395.7 385.5 374.6 365 355 357.4 358.5 353.8 333.7 311.4 298.2 290.8 282.4 270.2 259.4 262.7 264.4 266.9 270.3 273.8 282 287.8 296 304.9 316.2 341.1 367.8 378.3 414.8 427.5 421.4 421.1 412.8 408 404.9 400.7 392.3 378.4 383.8 389.5 397.6 407.2 429 449.9 459.1 462.1 460 464.1 487.4 492.6 484.1 489.2 485.1 480.5 480.6 470.8 479.2
158.6 183.3 211.7 232.5 251.8 275.7 308.2 339.1 344.7 340.6 340.5 351.5 367.4 364.8 360.7 369.2 361.2 358.5 363.5 364.8 383.2 402.2 395.5 385.3 376.1 370.2 339.4 329.9 320.4 306.9 293.8 280 267.3 259.2 251.2 266.6 270.6 270.4 272.6 277.3 285.9 294.5 301.8 310.4 323.7 339.3 369 394.7 422.3 452.2 438 444.9 434.3 425.4 421.7 415 411.5 395.7 393.9 393.9 403.2 414 428.6 442.6 456.5 464.9 468.4 474 485.6 495.5 494.2 495.4 497.3 495.5 493.5 488.6 494.1 488
146.9 171.4 201.2 219.3 234.3 264.8 303.6 331.5 365.4 360.1 349.3 350.2 358.4 360.1 365.7 354.3 351.8 342.4 337.9 354 366.4 391.3 379.1 386.5 381.6 368.9 349.1 323.5 304.6 286.8 275.9 264.2 248.7 239.3 259.2 273.2 278.3 278.4 279.5 285.9 295.7 310 323.7 335 346.5 370.8 404.3 432.7 455.7 457.9 450.8 454.4 442 441.4 431.4 426.4 418.1 396.2 404.9 408.5 416.5 428.6 447.5 459.1 462.2 469.2 477.7 484.4 497.5 499.1 498.5 500.2 500.9 504.5 502.3 506.9 504.9 496.1
139 161.9 191.9 209.3 220.6 251.9 292.1 324.1 371.7 378.2 363.9 349.6 352.7 349.3 357.6 346.3 336.1 334.7 331.6 327.3 337.3 354.6 360.3 369.2 368.6 367 342.6 321.5 302.9 287.7 273.9 255.8 233.6 253.4 266.9 274.5 281 286 291.5 302.8 316.6 324.4 344.9 360.5 384.9 418.2 442 469.4 472.9 462.3 466.7 453.6 453.6 448.6 440.5 435.5 427.1 420.5 416.4 428.3 435.6 443 458.5 467.9 469.6 475.1 488 496.5 503.6 501 500.9 500.9 507.6 510.9 507.7 514 509.2 504.4
132.2 151.8 182.7 199.6 210.3 240.8 280.7 312.6 362.7 396 383 364 350.6 343.4 338.7 337.3 328.7 326.8 327.9 321.1 321.3 329.8 339.9 352.3 371.9 359.7 345 316.7 293.5 276.7 259.5 244.8 228.2 253 273 280.6 288.9 299 309.3 326.2 343.7 354 365 395.5 429.1 457.9 476.5 484.7 478.8 476.4 470.5 466 461.2 457.1 451.3 443.6 435.4 424.8 434.9 444.1 450.2 456.4 470.5 479.1 481.5 486.9 490.6 499.6 502.4 503 502.8 506.2 510.6 513 519.5 516.6 512 507.8
124.3 140.5 167.7 186.4 204.8 234.2 269.9 302.4 346.1 394 401.8 385.9 360.4 339.8 330 322.5 318.1 320.7 321.7 314.5 310.1 321 331 346.2 349.7 346.9 335.5 312.4 281.1 261.1 241.6 223.1 213.6 252.4 276.2 290.2 300.1 313 326.6 348.5 372.7 386 389 420.1 459.3 479.3 486.8 485.2 482.7 481.1 475.4 472.8 470.2 466.8 459.8 449.4 446.8 443.9 445.8 452.9 458.3 471.5 486.4 494.2 495 497.2 507.8 502.6 504.3 505.4 506.7 509.1 512.6 520.5 527.3 520.7 516.5 512.4
113.1 130.5 154.7 174.3 196 227.1 259.4 293.7 337.2 381.2 402.7 400 378.9 344.1 330.6 321.5 310.9 311 309.8 303.1 298.8 304.1 322.2 336.2 331.5 321.8 310.8 293.5 266.4 247.2 228.3 201.5 217.2 254.5 280.9 297.8 311.6 329.4 352.2 376.4 405 416.1 420.3 435.7 471.8 495.3 495 491.8 491.4 488.1 479.9 478.1 482.1 475.3 467.4 455.9 451.5 450.3 454.9 461 467.6 486.4 497.7 502.8 498.6 500.6 505.5 510 510.9 511.2 511.4 514.1 516.4 530 528.3 524.3 521.5 517.5
101.1 118.6 140.7 160.5 185.2 222 258.4 278.9 323.6 364.4 391.3 406.2 396.4 363.7 331.3 316.9 308.7 304 301.9 296.2 291.6 293.2 312.2 325.7 315.9 295.1 278.1 263 247 229.8 213 193.1 213.6 253.7 284 307.7 327.1 353.6 380.4 413.8 430.7 443.1 450.6 463.5 477.2 499.1 503.2 497.2 500.4 491.9 484.4 483.5 485.3 481.4 472.3 460.3 455.4 458.9 461.4 467.1 475.9 492.4 503.3 501.7 501.6 504.9 512.4 517.4 518.1 518.9 520.6 524 523.2 532.9 529.1 527.9 527.7 519.7
85.1 106.6 127.6 145.7 176.1 203.2 255.9 262.4 295.3 339.1 369.8 391.1 391.2 372.6 345.7 319.7 309 301.4 293.8 293.9 282.8 276.8 287.4 292.2 280.4 266.6 249.5 233.7 219.6 208 187.3 176.4 211.3 250.2 285.8 316 344.6 379.9 413.9 436.2 452.5 463.3 473.1 494.5 506 501.7 501.8 506.6 503.8 492.6 488.1 486.9 486.4 487.1 476.2 464.9 459.2 464 468.5 472.7 482 496 502.1 501.7 507.3 514 520.8 520.1 522.6 526.6 532.2 533.6 540.7 539.2 534.7 532.4 528.8 518
66.6 87.9 111.4 128.2 155.5 185.6 230.9 251.7 263.4 301 345.9 373.4 384.4 371.3 351.7 327.4 308.8 294.4 288.8 281.6 272.1 266.5 257 254.6 245.6 234 221.8 204.8 193.3 185.5 178.5 167.6 214.7 249.6 285.7 322.7 356.3 401.2 440.4 464.1 482.7 487.2 502.6 519.5 520.4 519.9 512.4 508.1 507.8 493.7 492.8 488.5 491.8 485.9 479.8 470.3 464 468.2 474.1 478.9 481.8 492.2 501.8 505.1 509.6 522 525.2 527.4 534.3 540.6 541.1 537.9 542.6 541.7 538.8 537.7 529.1 517.9
49.5 63.7 92 113.3 130.9 166.4 212.5 236.5 243.9 268.7 312.2 346 362 356.6 348.2 333.4 310.6 291.6 274.4 261.4 253.5 238.1 232.1 221.6 212.3 204.2 194.1 180.5 160.4 165.2 162.6 191.8 225.7 263.8 294.4 327.3 363.1 424.5 464.4 491.6 498.2 505.9 517.9 522.1 525.8 527.2 521.6 518.8 511.3 497.4 495.8 496.7 494.3 486.7 481.4 475.7 469 472.6 479.5 485.4 487.9 497.5 507.8 512.4 513.2 524.9 530.4 536 542.6 546.3 544.8 543.2 548.4 544.2 542.1 539.2 531.3 521.2
30.7 54.3 67.8 90.1 108.6 145.9 195.1 221.7 229.2 255.4 282.6 316.3 333.7 338.2 336.4 332.1 315.2 291.2 269.8 247.3 228.6 216.2 204 191.4 180.6 173.1 168.8 158.6 142.6 165.3 186.7 215.7 244.5 278.7 308.6 342.3 374.6 423.6 482.9 498.8 510.4 518.9 527.7 530.7 532.2 531.1 529.7 527.2 522.5 509.8 507.6 500.6 493.2 486.5 482.1 479.2 476.9 476.4 485.6 488.3 494 506.1 512.9 515.6 518.3 531.7 542.9 549.3 552.3 551.7 550.6 559.5 557.2 549.2 544.5 536.4 528.1 517.6
11 31.1 46.7 61.8 85.5 123.7 177.9 193.6 206.8 244.6 255.8 280.6 309.8 329.8 329 331 322.9 301 269.6 246.5 224.4 200 175 166.1 151.8 137.2 143.2 137.5 156.9 186.7 211 238.9 267.3 293.7 323 360.1 395.9 446.9 491.3 506.8 520.2 527.9 529.9 530.6 536.6 537.4 535.6 531.9 525.9 518.4 511 500.4 493.5 488.2 484.3 482.4 483.3 490.9 494.2 492.5 502 519.2 519 520.8 534.3 549 552.2 556.5 558.4 560.6 561.5 571.8 564.7 554.3 545.2 534 523.3 511.8
-2 9.4 23.4 39 65.5 99.1 152 170.3 189.5 225.9 243.4 260.1 279.1 299.3 318.9 324.5 324.9 309 279.8 258 233.1 197.1 170.2 143.5 125.4 123.2 133.4 141.4 167 200.2 227.3 258.4 287.1 312.4 339.2 377.3 440.4 482 502.2 515.1 524.1 534.3 529.6 539.1 538.6 541.6 537 537.3 528.6 520.3 511.3 501.6 495.2 490.7 484.4 484.1 489.4 496.9 492.4 497.2 510.7 523 527.3 532.5 559.7 561.5 561.7 564.4 567.6 573 585.9 582.1 571.8 559.2 544.5 530.9 518.4 509.9
-2 -2 8 19.1 41.1 83.8 115.6 151.2 173.9 211.8 226.5 243.4 248.9 267.7 288.8 315.8 318.5 305 278.6 248.9 220 184.7 153.2 122.7 110.9 142.6 161.9 174.8 194.5 215 242.6 274.9 302.6 331.4 358.6 388.9 470.6 500.4 508.1 521.7 532.6 530.2 533.7 539.2 539.5 540.7 541.4 539.7 529.2 521.3 512.5 504 497.5 492 485.3 485.6 489.4 489.6 500.1 507.4 519.4 529.2 531.9 557 575.3 571.9 570.1 571.1 573.6 580 600.1 586.6 573.9 557.4 540.6 525.9 517.9 512.1
-2 -2 -2 4.6 21 59.9 90.3 107.5 146.7 184.7 196 223.2 233.5 247 267.3 304.7 312.4 294.8 269 228.5 199.1 164.5 133.6 104.1 136.1 162.7 184.6 204.8 225.2 242.9 256.3 289.2 321.9 351.5 384.9 419.1 449.3 504.5 526.8 535.7 536.3 534.9 542.9 541 545.1 543.7 541.6 544 527.9 522 519 512 502.7 496.7 489.7 488.3 489.7 491.9 504.1 511.4 522.8 532.2 540.4 584.6 587.3 578.3 577.9 575.9 579.6 591.9 603.9 589.9 572.1 560.1 546.1 531.4 521.5 515.3
-2 -2 -2 -2 -2 35 67.1 84.4 105.5 147.7 173.9 195.6 210 227.9 256.7 286 297 282.4 253.4 214.6 180 149.4 123 106.1 149.2 184.1 203.4 225.1 247 264.8 283.9 308.9 342.1 375.2 411 469.5 500.9 513.8 538.7 545.6 542.2 541.7 548.3 546.4 547.4 547.1 557.1 543.8 526.8 523.8 523.3 521.6 510 501.9 496.2 497 492 495.4 503.5 513.5 526.3 536.8 550.7 592.8 593.4 586.9 586.4 585.6 583.8 591 600.5 588.1 576.2 564.7 553.6 538.4 525.5 521.1
-2 -2 -2 -2 -2 -2 37.8 68.2 84.1 116.3 150.7 171.6 181.8 196 218.6 252.2 265 248.1 218.6 185.9 160.8 139.4 114.5 107.8 151.9 190.9 218.6 243 264.6 290.2 315.8 337.3 367.1 401.4 442.9 505.1 523 525.3 534.4 539.1 541.6 558.7 557.6 556.9 549.4 554.6 551.8 534.1 526.9 527.7 531.7 527.4 517.2 506 499.5 496 496.1 498.3 506.3 514.3 528.5 537.7 560.7 600.1 599.4 595.7 592.8 588.3 588.3 599.9 604.7 594.6 586 572.1 558.6 545.9 540.8 537.5
-2 -2 -2 -2 -2 -2 7 49.5 72.7 90.3 119.1 140.3 149.9 160.5 181.1 202.1 217.6 204.5 182 158.1 138.5 121 101.4 109 154.4 192.7 221.8 251.6 280.7 306.9 337.7 367.5 394.9 435.1 485.1 526.2 539.2 540.2 536.5 535.8 556.1 566.1 566.3 556.4 556.6 556.5 543.7 531.8 528.9 532.2 540.2 530.4 519.9 509.3 503.7 503.8 507.3 507.7 514.1 518.7 528.4 545.8 576.4 604.5 602.7 598.9 600.6 600.6 606.3 617.6 612.6 602.4 594.7 576.9 565.8 565.5 559.5 554.1
-2 -2 -2 -2 -2 -2 -2 8.6 52.8 72 92.3 116.2 123.7 133.5 148.6 167.1 175.9 168.5 153.5 134.5 118.1 98.3 81.6 118.4 159.3 192.2 224 257.8 283.8 313.7 349.1 392.1 442.2 458.4 500.3 539.7 545.7 548.4 543.7 544.8 558.9 570.9 567.5 554.7 553.8 549.6 537.7 533.1 534.6 540.9 544.7 534 523.8 514.3 511.3 517 515.9 517.4 518.7 522.2 534.8 549.6 576.6 604.4 602.8 609 615 618.4 619 626.1 617.9 610.1 602.4 589.5 577.9 591.9 590 576.8
-2 -2 -2 -2 -2 -2 -2 -2 22.8 52.7 81.1 100.7 101.7 111.1 125.5 136.5 146.1 144.3 131.4 116.1 99.4 73.7 80.2 120 156.2 190.9 226.1 258 283.3 316.2 351.7 390.2 435.4 468.2 500.6 545.8 553.3 554.6 554.2 560.5 568.2 570 561.6 557.8 558.4 545.3 540 540.4 543.6 553.7 546.1 535 525.2 516 526.8 530 526.4 524.6 526.5 530.9 540.2 553.2 562.7 591.7 602.2 617.7 622.8 627.2 627 649.4 628.5 614.5 616.8 609.5 604.8 609.8 605 607.8
-2 -2 -2 -2 -2 -2 -2 -2 -2 32.7 66.9 91.4 89.2 93 102.4 113.5 123.9 122.8 111.8 95.6 77.7 77.2 109.1 109.7 145.8 185.4 223.1 256.4 284.5 313.5 345.3 383.6 424 466.6 510.2 534.4 550.7 559.3 567 570.2 573.1 569.4 562.3 559.4 556.6 545.8 544.4 546.3 554.5 553.4 544.2 536.4 525.2 526.9 534.5 533.5 533.2 534.8 546.5 543.9 553 556.8 563.6 582.1 601.1 613.8 625.6 629.4 639.2 651.5 635.8 633.2 632.3 623.3 628.6 627.9 629.9 623.1
-2 -2 -2 -2 -2 -2 -2 -2 -2 16.5 52 82.7 77.9 80.8 84.8 96.2 103.5 102 92.1 74.7 58.7 98.8 136.2 152.2 133.6 172 210.7 250.4 282.9 311 345 380.8 420.4 467.8 507.4 531.9 547.6 567.9 570.2 570.9 574.3 570.1 565.5 564.7 551 547.2 547.6 551.9 558.8 552.7 544.6 538.7 531.3 535.3 537.2 539.2 544.5 559.3 550.1 560.4 564 560.5 573.3 593.2 601.1 610.9 628.4 637.7 638.9 662.5 648.2 647.2 650.5 650.6 648.6 646 648.3 672.3
-2 -2 -2 -2 -2 -2 -2 -2 -2 -2 37.3 73.9 73.2 77.3 79.4 83 85.9 83.1 72.5 50.4 81.6 123.7 155.2 179.9 192.1 186.8 194.3 238 277.8 310.3 341.2 376.1 411.1 456.5 493.3 521.7 547.4 564.9 570.1 571.5 569 562 558.3 554.5 551.9 547.6 549 554.4 559.5 553.6 545.8 542.2 541.3 543.2 539.6 548.3 556.5 558.2 558.5 566.2 575 566.6 587.1 609.9 613.9 621.8 629.8 635.9 648.4 669.1 660.2 656.4 660.7 663.4 667 678.6 692.3 700.6
-2 -2 -2 -2 -2 -2 -2 -2 -2 -2 12.6 51.5 61.2 70 67.1 69 72.4 65.3 51.7 58 96 137 166.7 195.1 215.8 232.4 241.4 235.6 270.2 304.9 337.6 372.8 402.4 439.2 474.4 518.4 540.5 555.5 565 566.6 560.9 553.9 551.1 548.4 548.9 547.1 550.1 552.2 553.4 553.4 546.6 547.1 545.5 546.6 551.3 559.4 570.6 568.4 567.5 578.1 579.2 581.1 599.5 608.2 619.3 635.2 643.3 648.1 660.4 685.3 683 678.5 679.8 684 691.8 716.9 728.3 688.7
-2 -2 -2 -2 -2 -2 -2 -2 -2 -2 5.9 32.5 52 58 54.9 55.3 57 48.3 42.1 75.9 109 141.5 172.2 205.3 228.5 248.9 269.8 285 297.6 301.9 332.7 370.4 396.6 426.4 459.9 507 540 551.5 547.4 550.5 544.9 544.1 543.3 539.4 540.9 546.2 550.2 552.3 551.2 549.4 547.1 549.2 549.4 554.7 561.9 573.8 580 575.3 581.1 593 592.4 604.8 612 617.9 628.5 648.9 663.5 667.2 674.1 702.5 700.9 701.8 711.7 728 738.9 745.4 734.9 687.7
-2 -2 -2 -2 -2 -2 -2 -2 -2 -2 -2 10 34.5 44.3 43.3 42.4 39.3 39.7 53.8 89.7 124.3 156.5 184.2 210.4 234.9 259.1 279 298.4 319.9 340.6 345.8 372.3 395.6 424.2 454 489.3 508.2 529.4 529.7 529.1 535.3 538.3 535.9 533.8 534.5 541.8 549.1 553.2 548.2 544.6 545.1 549.6 555.1 562.7 571 579.3 583.9 586.5 596.9 605.9 604.4 621.8 630 636.1 646.2 675.6 697.7 706.5 701.6 714.5 712 728.1 740.9 745.4 754.1 756.9 732.2 689.3
-2 -2 -2 -2 -2 -2 -2 -2 -2 -2 -2 7.5 14 26.8 29.3 33.5 37.5 49 68.1 95.5 128.7 162.8 195.2 216.5 239 268.2 291 307.3 331 359.2 372.6 380.9 393.4 420 449.7 481.8 499.5 506.7 510.2 508.3 515.5 522.2 526.2 523.6 525.5 534 542.5 547.1 542.6 538.2 540.3 549.2 559.8 570.3 578.8 588 593.9 601.6 608.8 616.2 623.4 640 646.2 653.3 666 688.8 712.8 723.4 727.9 726.2 721.2 730.9 749.2 761.5 748.3 736.8 721.6 688.3
-2 -2 -2 -2 -2 -2 -2 -2 -2 -2 -2 -2 -2 14.5 28.5 36.4 39.4 49.3 67.4 91.1 114.8 148.6 179.8 206.5 237.7 275.4 297.4 309.6 341.6 367.5 376.5 399.2 393.5 408.3 431.3 459.6 487.7 489.7 495.7 494.1 499.3 500.9 506.3 512.6 519.6 527 530.4 533 534.3 534 540 549.5 562.1 575.3 587.4 598.4 601.3 609.9 620.9 624.2 634.9 649.5 662.7 666.7 685.6 703.9 714.7 734.2 740.5 742.1 735.6 735.2 746.8 755 753.1 745.8 724.4 688.3
-2 -2 -2 -2 -2 -2 -2 -2 -2 -2 -2 -2 7.5 11.4 25.6 41.6 40.8 49.6 63.6 85.5 109 130 158.3 188.3 241.1 277 292 312.2 341.9 373.2 387.5 395.1 395.5 392.6 407.6 434.1 462.9 472.2 476.9 480 485.7 492.1 496.4 504.1 513.6 516.8 518.9 521 526.7 533.6 541.1 552.5 566.5 581.1 597.3 612.2 610 621.8 628.9 632 645.6 660.8 674.1 683.2 700.1 717.8 735.5 741.9 746.4 753.9 759 765.5 767 766.1 765 762.2 728 700.5
