public/OST50/NG96.asc
ncols 200
nrows 200
xllcorner 190000
yllcorner 860000
cellsize 50
[rows 70 to 104 of 200, columns 78 to 155 of 200]
529.1 523.9 521.8 515.9 504.3 495 484 467.3 464.6 474.3 477.2 474.4 476.4 461.6 454.3 451.2 447.5 443.9 432.7 416.1 407.9 399.7 373.7 363.7 343 315.4 300.8 280.1 263.1 248.6 230 213.7 200.6 186.2 173.7 159.2 145.3 134.2 123.8 108.7 88.5 68.8 86.7 99.2 111.9 116.5 120 120.4 121 119.9 117.1 111.8 91.1 118.5 120.7 126.2 123.2 133.7 140.7 160.8 167.2 168.7 181.5 218.3 246.6 261.5 259.3 281.5 281.8 276.2 267.5 250.4 239 242.7 237.9 231.9 221.5 212.1
541.4 531.6 526.8 517.9 509.6 504.6 492.8 475.7 473.5 483.1 482.5 485.2 480 464.7 460 453.5 448.5 445.3 433.2 418.9 406.5 392.2 368.6 349 331.5 307.4 292.2 274.8 257.3 239.8 225.8 211.9 198.8 187 171.3 159 145.4 133.2 117.7 100.6 89.9 88.5 91.9 109.3 119.4 122 125.6 127.4 127.8 125 120.1 100.1 117.9 124.9 131.4 135.3 132.8 146.8 152.9 171 179.8 183 207 239.2 265 267.3 276.2 286.4 293.9 281 274.5 279.2 272.2 262.1 254.8 242.5 238.5 245.1
546.5 536.6 533.8 529.1 518.2 509.1 498.4 486 485.8 486.8 485 488.8 485.4 472 466.2 457.4 451.3 446.6 432.8 416.7 398.1 380.3 361.7 338.5 314.4 302.8 285.2 269.9 251.2 235.8 224 211.4 200.7 183.6 169.8 153.9 141.4 126.6 111 95.5 96.7 92.3 102 116.9 124 128.8 129.9 132.3 132.9 128 121.9 99.8 133.9 136.5 141.9 144.4 145.3 157.7 165.3 179.7 189.1 200.8 231.7 261.5 279.6 278.5 284.9 290.7 294.3 305.3 296.2 292.7 284.8 276.8 263.8 253.8 257.1 252
550.7 547.8 539.8 529 522.6 508.2 501.7 493.3 492.1 489 485.7 492.5 483.7 475.1 472.2 464.2 454.2 447 430.3 412.2 387.3 363.5 344.8 323 308.6 292.5 281.1 262.9 245.8 234.8 220.7 210.9 196.6 179.3 165.5 149.2 133.7 122.8 107.1 100.8 98.6 95.8 108.4 120.9 127.8 131.3 134.7 136.9 138.2 132.2 118.4 124.7 143.1 143.9 150.8 152.7 157.8 165.1 175.4 187.6 202.7 230.4 257.3 277.8 284.1 290.7 294.8 295.3 315.7 315 312.9 305.4 290.8 284.5 273.4 277.9 269.1 250.7
550 549.2 542.8 532.7 524.2 510 505.9 492.7 488.7 485.3 488.9 486.6 482.7 474.6 469.2 462.3 454 440.9 421.1 394.4 370 346.1 327.7 315.2 303 287.6 275.7 255.5 244.3 231.2 217.7 206 190.6 176 160.5 140 134.7 116.5 108.9 105.9 99.7 102 114.2 124.2 130.9 135.5 140 141.9 141.7 134.7 112.2 141.3 147.3 150 156.5 160.6 172.1 176.7 186.4 197 217 247.4 277.6 295.2 307.6 311 309.8 328.9 324.8 325.9 322.5 317.6 297.9 286 285.6 282.8 273.5 263.8
547.7 544.7 541.4 531 519.8 512.6 506.2 489.7 486.9 483.9 487.9 481.4 477.2 464.5 455.5 450.5 442.2 425.3 395.4 374.1 350.2 332.2 317.6 309.2 294.6 281.4 264.8 251.8 239.9 227.3 208.8 197.4 186.3 170.9 152.5 139.8 124.3 110.9 112.6 108 104.3 106.4 118.8 127.3 133.1 139.3 143 146.6 143.8 130.2 123.9 146.3 152.5 159.5 166.9 168.7 182.4 189.3 196.9 210.9 234.7 266.2 296.4 306.9 321.4 328.1 358 351.3 342.8 337.3 332.2 322.9 322.5 318.8 296.1 287.5 280.2 268.2
544.3 539.8 535.9 528.1 513.1 508.1 502.5 484.5 482.9 482.8 478.7 471.6 464.2 452.2 439.6 427.6 408.4 391.1 369.8 349.7 335.6 321.8 309.9 301.9 292.8 272.2 258.4 248.1 233.4 219.9 203.9 194.8 182.9 167 151.8 135 121.9 112.9 109.9 107.3 104.3 113.1 121.9 128.7 136.4 141 145.9 149.5 146.7 131.1 141.5 156.4 167.8 173 175.1 176.4 189.9 200.6 213.6 228.1 254.2 281.6 301.6 318.9 336.6 363.8 370.8 366.8 359.3 343.9 336 327.1 339.9 326.3 305.3 294.1 284.9 274.7
539.2 538.6 535.2 532.2 511 500.8 494.3 484.5 482.3 479.4 464.4 455.2 450.1 430.7 409.6 394 377.7 360 348.3 333.4 321.8 311.2 303.2 294.7 280.4 267.4 255.8 242 227.8 215.4 201.5 190.8 178.9 168.9 149.6 136.6 123.1 114 109.4 106.4 110.5 117.1 123.1 130.8 140.2 143.5 146.6 149.1 144.7 141.9 153 163 176.1 183.4 187.1 186.1 200.2 212.4 227.2 248.4 277.2 296.7 325.1 361.3 377.7 384.9 380.1 376.9 365.6 356 344.2 339.6 337.1 329.6 310 296.1 287.2 276.3
539.1 539.5 534.7 529.2 508.6 500.7 490.7 482.3 472.7 461 440.3 431.2 415.2 397.3 381.6 366.8 354.7 344 331.3 321.8 313.8 302.6 296.4 282.4 273 261.4 250.9 237.7 223.9 207.5 197.3 188.4 178.7 167.3 149.3 135.9 126 116 111.5 108.9 113.9 123.2 128.4 134.6 141.9 146 148.1 147.6 147.8 153.2 162.1 169.7 182.6 191.3 193 200.2 214.3 229.6 248.6 274.1 292.5 334.3 373.1 388.4 390.1 389.3 387.1 380.1 375.5 377.6 363.5 356.6 340.8 330.1 315.8 303 288.6 280.6
532.3 528.6 526.4 516.4 503.3 491.2 470.9 455.6 441.4 430.2 411.1 396.5 382.6 371.4 362.1 351.5 342 331 323.8 314.9 300.4 292.3 285 273.5 263.3 255.3 244.4 234.8 223.8 207.6 202.1 188.4 178.8 160.9 151.3 140.1 128 120.9 116.8 113.2 112.6 125.3 132.6 137.5 145 147 150.5 149.5 151.7 161.2 169.1 182.2 190 199.8 198.8 209.6 228 246.2 266.6 287 310.4 355.6 391.9 398.8 395.8 393.3 389.7 388.8 387.1 379.8 371.7 357.6 343 328.7 322.7 305.8 291.8 293.1
524.7 517.6 513.3 501.4 482.3 459.5 443.4 426.3 414.8 402.3 391.8 379.1 367.1 355.8 345.6 334.8 325.9 320.5 313.5 302.6 293.2 286.1 277.1 269.3 261.8 251.2 245.3 234.9 222.4 210.2 204.2 190.5 176.6 169.1 152.4 140.5 130.8 125.7 119.9 117.5 116.1 124.4 132.6 140.7 146.2 147.3 149.4 152 160.4 166.2 173.3 187.8 194.9 202.5 204.6 221.2 238.9 256.9 279.4 306.5 338.4 369.4 390.2 400.8 403.5 399 402.2 401.4 395 382 374.1 359.4 350.2 347.4 327.9 311.1 300.3 302.1
517.6 509 498.6 481.4 458 435 419.8 408.9 399 385.9 377.1 367.3 358.5 347.5 337.4 326.8 318.2 309.7 301.4 293.8 286.1 276.6 268.1 262 253.1 246.7 240.4 230.4 225.1 214.8 201.3 188.6 178.3 161.1 152 148.3 145.8 130.8 125.8 120 120.3 125.9 131.1 142.2 146.6 147.9 149.5 156.1 166 171.1 179.9 190.2 200.2 208.6 210.6 232.6 250 269.1 292.9 331.9 353.5 375.5 391.5 402 407 410 405.9 404.7 392.2 383.3 380.9 374.2 365.4 349 331.8 324.4 316.8 311.8
505 500.9 490 461.3 434.9 417.9 405.6 394.5 386.3 374.6 366.9 356.8 349.3 338.9 327.9 317.7 312.2 302.9 293.9 285 276.7 269.1 260.9 255.3 248.6 242.6 236.6 231.3 223 213.9 202.9 189.5 183.5 166.1 155.7 152.1 150.4 137.2 127.7 123.7 124.2 127.7 132.1 142.4 147.7 147.7 150.7 160.9 172.6 174.7 182.1 194.6 205 213 216.8 240.6 260.4 281.1 309.8 342.3 367 390.8 394.3 404.3 407.1 416.4 412 404.7 399.8 389 386.1 374.7 367 350.5 334.9 331.8 327 318.1
496.4 488.9 473.3 437.1 419.5 405.4 393.5 383.4 373.8 367.2 356.2 347.3 338.1 329.8 320.9 310.9 302.4 294.7 286.4 279.7 272.5 266 259.7 250.4 245.3 237.6 232.5 228.8 217.1 216 201.9 197.5 185.5 167.6 159.4 155.3 148.1 138.6 129.8 127.1 124.4 128.4 133.9 140.9 144.4 147 151.8 165.1 172.7 178.2 186.7 197.3 207.3 213.4 223.8 249.8 270.2 292.6 322.7 351.5 376.4 400.3 415.4 414.4 415 416.7 415.5 411.8 400.2 386.4 382.4 375.6 364.6 357.8 349.6 340.5 341.4 343.2
491.4 478.1 451.3 423.9 405.2 392.3 381.9 374.2 363.8 355.1 349.9 334.5 325.6 319.9 316.7 304.1 295.3 285.6 279.9 270.1 264.9 258.7 251.2 245.2 240.4 230.1 229.8 219.9 218.3 215 204.7 197.9 176.8 167.3 158.9 150.6 143.1 136.3 132.1 128.1 126.4 133.9 135.5 143.6 141.5 142 152 167.8 177 187.7 190.6 199.6 209.8 217.2 229.6 253.5 279.7 304.5 333.7 358.1 384.9 417.5 423 422.2 419.7 418.3 416.8 410.4 400.3 398.4 397.3 384.2 373.4 369.5 365.8 360.3 355.9 346
485.2 462.7 432 411.8 393.7 383 374.9 364.7 352.7 348.7 340 329.7 322.1 317.9 305.8 300 290.7 282.6 273.4 265.8 259.9 251.9 245.9 239.6 232 228.1 223.8 223.5 218.1 214.1 204.2 194.5 176.2 166.6 158.5 153.4 147.8 139.3 133 129 128.3 132.9 137 139 140.9 143.5 153.2 172.4 183.1 190.6 196.8 206.3 212.3 224.8 239.3 265 290.3 315.1 343.6 374.2 398.8 417.2 426.6 428.8 428.3 420.5 414.7 411.4 414.6 411.6 404.5 390.7 380.3 377 375.7 376.5 368.4 356.8
476.9 449.8 423.1 401.6 387.4 375.1 361.5 355 343.4 345.2 334.9 320.3 317.4 310.3 296.8 293.1 290.5 278.9 269.5 261.7 254.9 249.5 246.3 237.7 230.3 227.8 225 219 215.2 209.3 204.3 194.6 176.5 176 163 152.4 146 139.1 135.3 129.9 129.8 133.6 136.4 138.3 142.8 145.2 157.4 173.6 185.4 192.5 203.5 207.8 219.6 232.2 248.7 274.7 300.5 324.5 356.6 379.9 405.3 418.2 425.8 434.4 433.9 431.6 423.9 423.4 423.6 418.1 407.1 399 393.3 389.7 395.5 400.5 391.5 370.8
474.2 442.7 416 394.4 380.2 363.5 353.2 343.6 337.9 329.5 327 319.6 312.4 306.1 298.7 294.8 284.6 278.6 267.7 262.1 254.5 248.6 242.9 237.2 229.3 225.8 220.8 218.5 212.4 213.8 204 191.3 179.4 173.2 164.2 155.6 145.2 141.1 135.3 132.6 132.8 134.1 136.6 140.5 147.8 145.2 159.9 178.7 188.4 195.9 200.3 211.8 226.6 238.7 258.5 282.7 305.4 332.8 361.4 390.4 411.5 421.7 430.9 437.3 440.3 435.8 434.4 434.5 431.5 426.2 422.2 416 414 416.7 422.3 420.4 409 387.3
460.7 439.2 411.5 391 377 361.1 349.5 342.1 330.8 327.3 323.5 324.1 319.6 314.6 298.5 293.2 288 279.7 270.9 262.4 254 244.6 238.9 233.5 228.7 222.9 219.3 216.9 216.6 213.5 205.2 193.1 182.3 175.1 165.7 158.8 149.5 142.1 137 134.4 134.5 133.4 136.3 141.7 146.8 147.6 160.2 174.4 181.8 191.1 198.6 213.3 234 248.8 270 291.8 316.4 347.5 367.6 400.1 424.9 435 440.2 444 448 447.7 447.8 450 448.8 449 446.3 441.9 439.4 442.5 448.1 448.5 426.4 398.4
449.6 443.2 424.7 399.8 383 364 356.4 342.9 331.4 327.6 325.9 330 326.5 308.4 305.2 300.2 291.9 281.1 272.3 262.8 255.7 248.6 238.5 231.4 228.2 224 221.2 217.2 217.5 210.4 202.1 192.3 181.7 176.1 165.2 160.3 151 146.8 139.9 136.4 135.9 136.1 138.5 145.9 147.5 148.1 158.1 169.7 183.5 196.2 204.2 216.9 235.4 253.7 277.8 299.2 328 351.8 377.2 405.6 427.8 438.5 445.6 451.5 454.1 459.6 465.6 472.8 469.1 465.1 462.3 460.6 468.7 476.4 470.1 461.1 440 421.7
465.9 456.7 443.9 412.2 387.7 376 360 348.3 341.8 336.2 330.9 333.2 328.4 321.3 317.5 307.3 297.8 286.6 278.2 269.8 261.8 255.7 247.3 235.1 234.2 224.4 222.6 220 221.6 213.8 206.4 191.3 180.4 173.6 166.5 159.7 150.5 149.2 142.3 138.4 137.2 137.2 139.4 146.4 146.5 147.6 159.2 175.5 188.3 199.5 209.4 223.6 241.5 261.8 283 304.9 330 355.2 382.3 412.3 435.5 447.7 454.6 461.6 469.3 478.6 485.4 492.2 494.6 493.4 489.3 492.5 491.8 482.9 473.9 460.5 448.2 438.6
476.6 473 460.4 426.2 398.8 383.4 371.5 364 357.4 352.7 342.8 338.8 334.8 334.7 332.9 327.7 312 299.6 285.3 278.9 267.5 261.4 250.8 241.8 231.2 225.2 229.8 225.7 225.9 215.1 206.2 190.1 182 173.4 166.5 161.2 155.7 146.9 142.8 139 137 139.8 144 144.3 146.1 146.6 164.3 176.4 183.8 196.1 210.9 227.4 244.9 264.4 287.2 310.4 336 368.7 391.3 423.4 439.8 449.2 465.2 473.2 484.7 493.6 509.6 520 525.9 522.6 512.7 505.7 501.1 483.9 475 468.5 459.1 445.9
475.5 472.7 460.3 442.5 416.8 407.8 397.6 385.9 376.8 370.6 362.1 357.9 353.1 360.5 367.9 372 347.3 313.1 297.3 282.6 271.8 264.1 258.3 244.4 236.5 229.7 229.1 225.6 219.6 212.1 200.3 190.3 180.4 173.8 166.4 161 155 147.1 142.6 140.9 140.2 141.8 144.9 145.4 144 146.7 166.5 175 180.3 195.9 213.8 230 247.2 269.4 295 316.7 342.1 371.5 397.5 429.8 449.6 457.8 466.4 483 499.4 518 538.7 536.7 531.6 525.3 517.9 511.9 502.2 490.5 479.4 471.2 465.1 456
475.2 468.8 467 462.3 437.1 428.3 419.8 414.6 411.1 397.5 391.2 384.5 389.1 390.4 393.8 394.5 375 332.1 309.8 286.6 276.5 264.4 257.4 248.1 243.7 232.9 225.3 223.4 215.1 211.8 202 193.3 183.7 177.1 170.8 164.2 153.5 152.2 144.4 142.1 145.1 144.5 147.5 146.5 145.2 148 162.1 171.8 187.7 203.3 216.7 232.2 253.6 274.6 296.6 323.3 355.1 378.1 409.7 441 455.7 464.7 475.9 498.1 538.3 550.6 548.4 543.9 535.9 530.1 522.3 514.2 505.3 500.4 491 480.5 471.2 461.6
473 473 471.7 467.2 452 448.4 453.4 445.9 435.3 422.3 414.4 415.7 418.8 414.6 409.7 402.8 384.5 353.7 320.2 296.3 279.9 268.8 261 256.4 247.9 240.4 232.9 220.6 216.2 206.8 201.5 193.4 184.7 179 171.1 163.9 157 152.7 147.2 144.6 149.1 150.9 148.4 149.6 147.5 150.6 158.7 173.2 193.4 205.2 218.7 234.5 255.8 279.6 300.4 327.8 357.9 388.7 416.9 442.3 455.3 473.7 487.9 520.5 551.9 556.1 554.4 551.1 548 534.5 523.2 519.8 517.4 511.1 506.1 497.4 487.8 477
473.7 475.8 470.6 462.8 471.6 474.6 479.3 472 462.9 445.9 445.1 440 440.8 427.3 413.4 401 379 357.7 324.4 295.5 280.8 273 263.8 252.2 243.8 239.1 230.9 219.1 214.2 206.9 198 189.9 183.6 178.7 169.2 162.9 155.6 151.7 146.4 145.8 150.5 155.3 151.4 151.7 148.5 152.2 159.5 177.6 194.8 211.2 222.2 238.4 260.1 281.2 305.5 333.5 364.4 393.5 421.6 442 464.7 483.2 501.4 532.1 550.6 554.1 554.2 550.2 540.4 531.8 530 529.2 527 520 510.2 502.5 497.3 489.5
480.7 482.3 476.1 471.2 473.8 481.6 482.3 483.3 477.7 472.2 464.7 457.5 451.3 439.6 415 400.8 373.9 351.3 323.3 293.7 282.6 272.2 261.7 255 242.8 239.1 228.5 219.3 214 205.2 199.1 191.2 185 179 170.5 163 161.4 155.6 149 146.1 150.7 152.5 153.3 153.7 149.9 150.9 162.2 183.5 197.4 212.5 228.3 242.5 263.5 286.2 311.6 341.6 369.8 394.4 421.3 446.8 474.5 493.8 515.9 546.6 558.1 556.7 552.9 547.8 542.9 536.2 534.9 545.3 550.3 548 535.6 518.1 511.7 506.2
491.8 488.4 480.7 484.2 482.1 495.7 492.9 491.4 488.7 483.2 480.5 477.1 467.7 447.8 420.6 397.5 369.9 346.6 327.9 298.6 279.8 270.5 264.4 257.9 246.8 238.6 234 221.9 212.1 205.9 199.7 191 184.6 177.9 172.4 165.4 159.7 157 149.3 150.3 156.8 153.6 153 155.8 151.5 152 164.7 185.5 202.9 215.7 230 246.2 268 291.3 317.2 346.3 374.8 405.8 428.6 454.7 484.8 511.9 534.6 558.5 562.3 561.8 557.3 552.9 547.7 542.8 542.5 549.6 561.5 568.3 557.6 548.4 538.2 529.7
494.6 493.5 486.8 493.3 492.8 500.2 499.6 498.3 498 489.2 485 480.3 470.1 451.8 419.4 389.7 362.7 347.3 330 300.1 281 274.8 270.8 257 252.9 240.2 233.6 222 213 202.8 195.9 187.5 184 177.5 172.3 167.4 163.3 156.3 149.7 156.8 158.1 159.6 158.1 158.2 152.6 152.8 172.4 196.4 205.6 218.4 232 251.3 271.8 296.1 324.5 352.6 382.3 408.2 435.9 465.2 495.7 524.8 559.2 569 569.5 569.9 565.7 559.7 553.9 548.6 544.2 552.9 560.5 569 575.9 573.4 564.6 550
502.3 497.6 494.8 511.4 502 513.5 515.9 509.4 500.6 497.5 491.7 485.8 477.7 454.8 418.3 385.2 361.2 346.7 328.7 304.9 288.5 283.9 270.2 259.6 253.5 238 233.1 220.5 211.5 203.4 191.1 187.2 181.7 174.2 172.6 167.2 159.2 157.9 150.7 160.6 158.7 162.6 163.2 161.6 152.9 153.4 174.7 196.5 207.9 220 236.4 256.6 276.6 302.6 330.4 358.8 384.4 410.9 443.3 473.2 503.6 535.4 569.1 580.5 581.2 580.3 576.5 570.2 559.5 555.3 551.8 561.1 570.7 588.1 594.7 592.8 578.9 567.5
512.1 506.9 511.1 522.2 512.6 520.3 523.2 513.4 505.6 502.5 499.9 491.2 482.5 469.6 416.8 379.8 359.3 346.3 330.1 311 298.1 284.6 273.6 261.5 252.2 240 230.4 221 211.6 198 191.4 186.7 180.2 173 169.6 163.9 158.2 154 152.8 160.3 161.5 162.7 162.9 160.7 153.9 154.6 177.5 197.4 210.5 224.7 241.6 263.4 280.8 307.7 335.6 363.6 398 427.3 451.9 484.3 516 548 577.4 589.2 589.2 587.4 584.9 576.7 572.7 565.9 563.5 571 586.8 598.7 602.7 592.8 584 577.5
528 521.4 519.9 526.1 526.6 529.7 523.7 516.9 514.2 507.8 503.1 500.8 494.5 475.2 415.7 374.6 357.8 345.5 331.1 314.9 298.9 288.6 274 266.6 253.4 240.5 232.5 223.1 212.8 198.9 192.3 186 180.7 172.6 167.6 164.1 161.2 152.7 156.6 160.7 161.3 164.6 164.3 161.3 154.8 160.8 183.6 202.1 215.1 231 249.2 267.8 287.5 312.3 342.2 375.6 407.2 432.9 462.8 492 526 561 590.5 597.2 593.1 589.7 587 581.9 578.2 576.4 572.7 585.3 592.5 593.6 595.1 588.9 589.3 592.6
539.1 538.8 535.8 539.3 541.2 535.8 528.7 526.3 519.4 509.5 508.7 505.9 496 479.3 420.7 376 359.2 345.9 335.6 319.7 305 290.5 275.9 267.7 251.9 242.5 233.5 223.7 210 202.5 194.3 185.3 181.3 175.5 169.2 165.2 161 154.5 161.4 161.4 161.5 164.9 165.4 163.1 156.4 168.3 191.8 203.5 220.6 234.2 252.6 272.6 291.5 317.3 345.8 377.6 408.9 438.4 469.2 501.6 534.8 572.7 597.4 599.6 595.3 592.6 590 588.5 584.2 579.5 581.5 582.1 588.5 587.1 587.4 590.7 599.2 608.4
554.7 551.8 548.4 551 543.2 542.5 534.5 530.2 525.8 515.5 512.5 510.8 501.9 485.9 427.8 384.6 363.5 349.4 335.1 325.3 311.1 294.4 279.8 265.4 255.4 247.2 233.5 220.3 208.4 200.8 192.1 187 181.2 178.4 171.1 163.4 159.6 156.5 161.5 161.8 162.7 165.4 167.1 165.5 159.4 175.5 198.1 208.9 224.2 242.7 258 277.4 296.4 321.6 350.5 379.2 412.9 448.3 476.4 508.8 544.8 581 599.1 598.5 595.5 592.6 592 589.8 590.2 591.6 589.3 585.2 583.8 589.9 595.2 598.7 606.4 612
569.1 559.6 563.9 560.2 553.3 551.9 539.9 536.9 527.8 526.6 517.4 514.8 511.8 489.3 435.5 394.4 371.4 349.9 335.2 328.1 312.6 298.5 282.2 267.3 256.3 246.6 232.5 219 207.2 200.2 197 190 187.8 180.1 168.5 163.1 156.3 160.9 162 164 167 166.8 170.2 170.5 161.4 183.4 201.5 214.2 229.8 245.6 266.5 283 302.1 325.1 353.3 384 420.3 454.8 483.2 515.7 551 586.9 599.9 599.2 596.6 593.2 593.3 591.4 593.3 598.3 593 586.2 584.6 589.3 596.2 599.5 604.6 605.1
