public/OST50/NG96.asc
ncols 200
nrows 200
xllcorner 190000
yllcorner 860000
cellsize 50
[rows 35 to 69 of 200, columns 0 to 77 of 200]
334.5 332.7 328.6 331.8 333 331.7 334.6 332.4 331.4 329.8 326 319.7 311.7 303.5 307.8 310.2 307 295.1 315.6 323.4 314.6 299 285.2 268.5 251 242.7 244.7 240.2 233.7 227.8 216.1 199.5 193.6 177.1 137.2 158.3 183.2 192.3 200.4 199.3 196.1 205.4 213.6 210.1 216.6 222 229 259 267.3 270.5 268.6 266.6 265.2 275.1 277.3 285.2 287.2 287.4 284.3 286.9 288.5 286.2 291.8 295.6 294.5 286.7 281.8 274.9 278.8 285.9 286.6 280 277.2 259.8 250.6 241.4 239.4 240.6
344.3 343.7 341.3 341.3 341.6 339.2 341.1 342.3 338.5 334.2 332 326.7 322.8 313.6 308.9 312.2 309.4 295.9 299.3 309.5 305.5 291.8 272.4 256.7 250.5 246.3 241.6 238.1 233.5 230.1 220.3 211.9 200 189.5 141.9 168.6 186.6 197.4 206 208.5 203.8 206.4 210 212.8 220.1 223.6 229.3 247.7 269.9 271.7 276.3 276.7 274.4 274.2 276 281.7 282.7 281.5 284.5 285.6 290.3 290.5 305.1 307 307.6 298.5 287.4 276.3 281.7 293.2 296.4 299.6 287.8 270.4 261.9 243 239.9 242.1
352.8 352.3 348.5 347.1 348.7 347.8 348.2 349.6 347.4 342.6 339.8 335.7 326.4 323 310.5 307.8 305.4 295.1 295.4 304.8 303.3 288.7 269.3 256.2 249.9 244.6 239.3 236.6 233.1 227.5 221.4 218.6 206.6 191.2 165.2 169.1 188.8 203.8 213.3 224.2 219.3 212.3 208.8 213.8 221.4 232.7 230.8 235.9 263.3 273.4 281.2 286.8 280.7 272.9 274.1 279.8 277.4 277.3 280.9 286.1 294.8 317 318 315.5 314.2 309.9 293.7 280.7 284.4 300.3 296.6 298.1 297.3 282.1 265.7 255 242.4 245.9
352.3 353.5 352.6 350 357.1 355.7 355.5 354.8 352.5 349.6 348.8 343.8 333.6 325.9 318.1 307 305.4 297.3 295.1 297.9 295.8 291.1 277.3 260.7 249.4 243.7 239.8 234.1 229.8 227.5 227.2 221 213.4 199 173 166 196.5 207.7 224.1 226.5 227 223.4 210.9 217.9 225.9 232.6 233.3 233.5 258.3 272.7 279.8 287.8 283.4 277.6 273.6 277 277.4 281.8 280.3 292.2 312.5 323.9 320.9 318.5 315.8 307.6 291.9 283.1 283.6 293 295.3 291.6 290.4 283.6 266.8 265.5 258.2 248.1
355.9 354.3 356.2 352.9 355.4 358.1 357.9 357.7 357 353.3 352.9 351.3 343 332.1 322.6 313.3 306.4 298.8 296.4 298.2 295 286.2 271.5 262.9 253.8 244.3 237.6 234.5 229.8 230.1 227.5 220.1 214.9 207.8 176.3 170.6 205.4 211.1 219.3 226.4 228.4 222 218.9 221.8 229.7 233.1 236.5 235.1 251.5 270.2 282 289.1 287.8 284.9 276.7 279.8 279.5 282.5 283.9 298.5 320.7 324.6 325.1 322.8 318.2 306.8 300 296.9 291.8 298.9 298.8 293.9 294.7 289.7 271 270.5 267.4 261.1
358 360.9 362.1 359.9 359 362.7 364.7 364.4 361.6 359.3 356.4 352.1 346.1 338.4 326.3 317.1 310.1 298.4 298.2 299.8 294.8 287.2 272.6 259.9 248.6 242.9 237.7 234.3 231.1 229.3 225.8 223.2 220.6 210.9 192.3 171.5 203.1 211.9 221.3 222.1 222.3 221.7 225.1 225.1 229.5 235.4 238.3 237.8 244.7 267.9 283.5 289.3 291.9 286.2 281.3 278.1 282.4 282.2 287.1 305.5 320.2 327.4 328.1 322.7 311.7 307.4 301.6 301.8 300.5 305.2 304.3 300.5 298.3 293.3 276.9 286 281 274
362.3 364.2 366 363.6 362.7 365.1 365 367.1 366 360.8 360 355.2 348.7 340.5 326.7 322.4 311.9 303.2 297.3 295.9 294.1 286 267.3 252.5 247.3 239.8 237.4 236.6 236.6 232.7 228 225.3 222.4 215.2 199.4 166.1 201.3 211.3 216.6 219.3 219.6 222.1 225.6 225.3 228.2 234 239.6 241 242.7 254.2 271.5 284.8 292 293.9 288.1 282.8 286 285.6 287.5 301.5 321 330.3 333.7 331.4 315.8 310.6 310.4 303 308.4 312.9 310.4 305.8 298.9 289.7 295.4 298.3 292.8 290.9
370.1 368.9 367.9 366.6 364.3 364.7 365.5 366.6 367.9 361.8 360.2 358.1 354.9 342.8 329.7 320.7 311.2 306.1 299.3 293.5 294.3 284.5 263 251.8 247 239.4 236.9 237.1 238.2 235 233.8 227.2 222.4 217.4 201.5 169.9 198.7 208.4 217.5 217 217.3 219.3 223.6 225 227 232.4 238.1 238.9 242.6 246.9 262.1 275.9 292 297.3 287.3 288.6 288.8 286.3 293 302 324.5 336.1 337.3 331.7 327 318.8 317.1 305.7 312.8 317.4 312.4 308.4 308.8 313.7 315.8 321.4 313.4 313
380.7 379.4 376.6 372.5 366.2 365.3 366.2 368.4 369.4 363.3 361.6 358.7 350.9 339.4 327.4 318 310.6 310.3 304.5 291.3 289.4 284 265.8 252.5 247.6 240.7 238.5 239.1 240.1 236.3 232.8 230 223.1 214.7 205.3 177.2 198.5 212.7 217.9 221.2 220.1 220.6 223.2 226.3 226.6 232.9 236.4 239.2 245.6 248.5 266 277.2 286.2 295 283.9 286.4 285 285.7 291 303.4 325.5 337.6 337.6 335.7 336 327.5 321.6 316.5 320.1 318.8 314.7 320.5 324.5 328 330.7 330 320.3 320.5
388.2 388.1 380.2 375 369 368.4 369.7 373 369.4 365.6 362 359.1 348.5 339.3 325.4 312.9 311.9 311.9 307.1 290.1 285.2 282.2 269.9 258.4 251.8 242.4 240.9 243.5 241.3 237.2 234.3 232.1 225.3 218.6 208.5 188.7 199.2 213.9 222.5 226.9 225.9 225.3 231.4 233.1 233 232.4 235.2 240.2 247.9 253.9 272.6 280.1 285.9 277.9 279.4 281.4 281.6 281.3 289.5 301.4 324.2 337 336 332.4 334.4 326.8 322.5 326.7 329.1 325.8 324.3 331 336.3 337.9 335.3 335.8 326.6 327.3
395.7 390.1 384.4 379.7 382.8 381.9 372.5 372.5 371.2 368.9 364 357.9 349 338.4 324.3 317.4 310.6 309.8 305.7 298.4 288 280.4 272.4 262.4 256.5 251.5 245.6 243.3 240 237.9 236 232.7 226.8 215 210.6 196.3 193.9 212.2 222.2 232.1 229.6 226.8 231.6 234.8 233.1 234.6 236.2 238.5 245.5 254.8 261.1 273.1 279.5 277.4 283.2 293.8 295.3 283 290.7 307 322.6 334 327.9 324.3 325.7 321.8 319.5 329.7 333.8 333.8 335.6 336.3 346 344 340.9 341 337.2 333
405 395.9 390.1 385.6 385.2 384.5 379.3 376.8 374.7 369.8 362 357.6 347.2 340.5 329.7 320.9 311.8 304.4 300.5 298.1 289.9 280.3 273.9 264.5 258.7 258.1 249.8 243.8 241.3 239 237.1 234.6 226 218.2 211.8 199.2 184.9 211.3 227.5 231.4 233.8 229.7 230.8 232.8 237.1 236.9 238.4 242.5 248.6 259.5 261.8 268.9 271.9 275 293.6 301.6 302.8 290.7 299.3 310.3 328.5 336 324.9 318.4 317.5 321.9 329.1 336.4 337.2 341 339.8 340.4 347.5 346.6 345.6 345.1 334.8 328
408 403.5 400.9 400.1 389.6 390.3 387 382.2 374.3 367.5 359.7 359.8 341.3 335 328.5 320.1 312.2 303.5 298.2 297.3 291.9 284 275.8 268.9 264.4 257.3 249.9 244.8 243.3 241.2 238.3 233.1 229.3 223.1 214.6 205.2 185.9 210.1 231.5 233.7 233.1 233.8 230.8 232.4 236 239.5 246 250.7 256 262.3 263.9 263.9 271.9 279.2 297.5 300.8 308.5 294.1 303.4 311.2 328.4 334.7 321.4 316.8 319.7 331.9 338 338.7 342 346 338.9 343.8 344.6 345.7 346.8 342.1 342.4 353.9
412.1 406.7 405.5 401.3 395.8 397.5 395.2 386.1 376.6 366.3 364 351 341.2 331.2 325.6 314.1 311.2 305.7 299.3 296.1 290.3 284.4 280.4 272.6 266.3 260.3 252.8 247.1 243.6 242.8 238.5 232.3 228 224.4 213.1 210.2 195.6 222.1 232.4 235.8 233 233.3 233 232.9 234.9 240.8 245.8 252.1 259.2 265.3 266.1 268.5 279 286.3 298.5 311.5 316.2 302.7 305.6 307.4 311.3 312.7 309.8 320.8 331.7 337.4 342.6 344.6 348 353.3 339.9 344 345.1 350.2 350 351.4 357.5 364.3
412 408.8 406.8 405.7 402.3 400.4 395.1 386.1 376 363.1 357.5 348.5 338.5 330.6 325.5 319.1 308.1 302.6 296.9 293.5 288.1 282.1 278.4 273.2 267.4 264.3 255.7 250.2 248.2 243.8 241.2 233.9 228.7 225 219.4 213.4 190.5 226.7 232.5 235.5 235.7 234.5 234.9 236.5 241.1 244.2 246.9 257.1 265.1 268.9 271.1 282.1 294.4 296.9 302.9 310.5 319.3 308.3 298.8 300.2 305.2 305.7 309 328.4 335.2 351.6 358.8 362.2 354.9 353.4 341.6 346 346 355.5 360.1 358.7 367.7 368.9
432.1 425.8 412.2 410.3 406.7 400.9 398.3 384.4 374.4 366.5 354.7 352.7 345.5 334.7 322.8 317.2 309.1 300.9 294.9 290.8 288.5 282.2 277.7 272.4 266.8 262.1 254.6 251.5 249.1 246.1 239.6 234.7 234.5 228.8 224.4 221.3 195.3 231.8 237.8 238.6 239.9 240.6 240.5 242 243.5 246.5 251.5 259.3 263.8 274.2 281.8 294.9 305.4 312 315.9 310.9 314.3 308.6 304.6 299.1 305.6 319.8 315.5 328.9 337.8 351.5 359 360.9 355.1 357.2 352.5 350.4 350.8 363.5 365.9 365.9 371.5 370.5
444.8 437.3 425.3 414.5 407.1 403.7 397.8 384.9 374.2 374.1 366.7 351 346.4 335.6 325.4 319.6 307.8 300.2 293.7 288.2 286.2 280.8 276.4 271.4 266.5 259.2 253.7 252.4 249.6 245.7 240.8 239.9 234.3 231.9 230.5 225 201.5 229.8 236 239.3 241.6 246.8 245.9 247.7 250.7 248.3 252.5 259.4 270.2 281.4 292.1 308.2 312.2 321.1 326.4 327.5 332.1 330.6 325.4 309 330.3 333 326.8 339.1 344.4 354.7 360.8 364.6 356.5 361.8 362.5 355.3 357.1 374.6 371 368.3 374.2 373.4
457.7 450.4 430.2 416.3 409.8 403.2 391.5 382.5 379.9 374.3 366.5 356.7 344.6 334.8 326.9 319.4 310.7 301.6 292.7 287.4 284.9 280.9 275.6 269.9 265.9 258 253.6 252.7 250.2 249 245.5 239.1 235.7 233.7 231.9 229 207.7 232.5 237.8 239.6 244.5 249.3 250.4 248.5 252.4 254.3 257.7 269.1 281 295.4 303.4 311.9 319.8 336.1 339.2 340 343.6 346.6 341.1 324.8 336.8 334.1 334 332.8 344.8 358.2 361.6 361.3 358.7 369.1 367.1 363 363.8 377.5 376 371.8 379.8 376.8
468.9 459.6 446 420 410.9 401 388.2 388.1 381.2 374.3 368.7 359.5 347.3 339.2 331.1 320.9 315.7 303.4 294.1 286.9 280.2 277.6 274.4 270 263.2 256.6 254.9 251.4 250.2 249.3 244.5 239.3 235.9 235 231.1 229 214.1 237.3 239.8 241.5 246.2 249.5 254 251.4 254.5 259.1 272.1 284.4 294.7 298.5 306.6 318 332.5 355.7 358.5 364.5 359.2 359.9 351.1 334.2 334.2 336.2 341.2 351 351.7 356.8 362.5 362.7 363.9 369.5 368.4 363.7 372.3 376.3 376.2 374.1 383.9 384.5
474.2 467.7 449.1 425.2 409 397.6 395.3 391.9 379.7 374 372.1 360.4 349.2 341.4 331.8 325.4 317.1 305.4 296.8 286.3 281 275.8 273.6 266.6 262 259.4 255.9 255.1 253.7 249.2 245.3 239.9 238.1 237.2 233.4 233.8 230.7 238.7 243.5 244.6 254 253.7 258.4 257.6 259.5 265.8 279.9 299 304 310.4 315.8 327.6 346.2 372.7 378 379.6 375.4 371.4 355.9 352.3 347 348.5 353.3 357.9 364.6 370.8 372.2 370.2 382.4 384.1 373.9 367.4 378.8 381.9 380.9 376.3 387.7 397.9
475.2 467 454.8 429.3 405.7 405.9 406.5 395.9 381.3 377.9 376.2 366.4 353.3 345.9 335.1 328.9 319.4 306.1 297.1 288.7 282.4 276.1 271.4 267.3 265.6 258.1 254.3 251.5 249.1 248.2 245.3 244.3 241 239.1 238.9 238.3 236.6 238.3 247.7 249.4 252.3 256.4 260.4 260.5 263.7 275.9 292.5 299.2 306.5 313.5 323.5 338 355.2 382.3 394.5 395.1 391.9 382.1 363.3 369 366.4 367.6 374.5 385.8 388.5 391.9 389.9 382.9 385.6 385.9 384.6 386.2 387 394 398.4 386.3 403.1 407.7
475.2 461 451.3 430 412.9 407.4 408.4 401.3 392.2 383.2 377.7 374.4 363.5 352.7 338.8 329.6 320.2 308 296.5 287.7 283.9 277.7 272.5 268 263.8 256 251.3 251.3 248.9 249.3 248.7 244.8 241.9 243.9 243.9 245 238.2 243.1 250.2 254 253.7 262.8 263.2 264.9 275.5 286.3 296 303.6 311.2 317.7 329 339.9 367.9 386 396.7 395.4 394.8 384.1 369.8 374.2 383.6 399.3 402.2 400.2 403.3 403.7 399.6 391.7 389.6 394.3 396.7 390.6 395.4 407.7 409.5 410.3 419.6 419.1
474.9 464.3 449 428.1 414.2 418.4 407.2 406.8 396.2 388.3 382 376.9 368.1 357.7 342.4 333.1 320.7 310.2 298.8 288.9 284.7 277.3 269 266.8 260.3 256.1 254.8 252.2 250.4 250.7 253.3 248.3 244.9 245 245.8 244.8 244.4 246.9 262 261.7 262.5 266 266.6 273.3 285.4 292.5 298.8 304.5 310.2 323.1 333 345.7 373.2 390 401.7 402.2 394.5 393.3 381 393.6 412.6 423.9 425.6 417.5 414.7 413.9 405.6 404.5 411.1 404.6 402.5 408.4 408.6 418.3 418.6 424.7 431.7 435.1
476.5 464.9 446.2 423 418.1 421.8 412.6 408.2 403.1 394.4 389.3 383.4 377.5 363.3 348.7 334.1 322 311.2 301.6 290.8 282.6 274.1 269.4 268 266.5 261.7 259.3 256.1 254.3 254.3 253 252 247.8 244.4 248.5 245.8 247.3 253 262.2 262.4 264.5 267.8 270.8 281.6 286.9 296.4 300.2 305.4 313 326.5 334 349 377.9 395.7 411.3 407.8 403.5 402.9 395.2 411 425 440.7 441.7 438.6 430.4 419.2 408.2 417.3 421.8 414.9 410 411.7 415.8 422.5 419.3 425.9 437.2 441.9
484 461.8 447.6 428.9 422.6 424.3 420.7 410 407 402.8 400.2 391.4 383.2 370.6 354.3 338.1 323.1 312.1 303.3 290.6 280.1 275.6 273 273 269.4 262.6 259.5 260.5 260.2 256.5 251.4 248.7 247 242.8 247.5 246.9 250.1 254.3 262.7 264.6 265.2 269.5 277.1 286.2 292.2 297.1 301.8 306.4 313.7 327.8 336.1 356.5 377.1 399.8 406.8 402.8 410.2 416.8 410 423.7 432.9 445.6 457.5 450.9 441.6 427.5 416.8 424.1 426.5 426.2 414.6 418.3 422 425.4 420 433.6 446.5 447.8
475.5 459.5 450.9 438 431.7 435.3 428.2 416.8 406.6 405 404.1 400.9 389.6 372.9 354.2 338.2 324.5 315 306.1 292.3 280.2 277.4 275.5 272.9 269.8 264.8 262.2 260.1 257.9 257.1 251.8 249.9 246.1 242.9 246.3 247.5 249.3 255.6 263.9 265.1 266 272.9 279.6 286.2 292.2 298.3 304.8 310.9 321.8 330.5 338.8 358.7 375.7 391.8 395.4 403.1 417.8 415.9 423.2 439.9 444 453.4 467 471.4 446.3 441.2 429.5 426.6 425.4 423.4 421.1 428.2 427.3 431 430.2 444.4 453.4 453
474.9 468.7 452.5 449.1 443 442 437.6 418.6 412.7 411 410.4 406.3 396.2 374.6 358.1 337.7 325 317.5 307.7 296.1 285.8 284.7 279.1 277.6 271 270.2 261.1 258.4 256.9 254.5 251.2 247.3 245.8 244.1 245.9 248 249.1 253.2 259.2 263.2 267.7 272.8 281.4 285.6 292.2 298.1 303.6 311.1 322.4 336.2 344.3 358.9 375.4 384.9 392.2 407.5 414.4 416.2 432.6 441.6 446.1 454.5 465.7 467.8 459.6 447.4 442.5 441.1 434 430.6 432.4 429.4 433.8 439.5 439.2 452.5 455.7 454.5
477.7 470.9 453.2 453.7 446.9 444.5 436.1 430 423.8 419.3 413.8 408.6 396.2 377.9 357.5 342.3 325.7 318.6 309.6 299.9 292.1 292.8 285.6 278.1 269.1 266.4 262.1 257.4 253.8 252.2 248.7 247.1 245.9 244.3 246.8 248.5 246.4 249.9 254.4 260.8 268.9 276.2 281.1 285.6 290.1 296.7 307.8 313.7 325.4 333.4 345 361.6 374.6 380.8 389.8 405.1 419.3 420.9 429.7 435.7 440.5 450.1 457 461.6 465.3 451.1 449.1 448.4 445.3 439.4 438.7 441.2 437.7 456.2 450.9 462.5 464.2 464.9
483.4 471 464.1 454.8 448.2 445.8 441.4 433.7 428 427 419.3 410.9 392.2 376.1 356.8 341.8 328.7 318.4 315.5 305.5 297.7 296.2 286.8 279.3 272.7 263.7 257.6 254.3 250.3 248.9 246.6 245.6 244.7 244.3 247.3 248.9 247.2 248.9 253.3 265.3 270.2 275 281.7 285.6 290.4 297.2 306.7 317.2 327.9 334.9 342.3 361.1 369.9 376.7 384.5 399.7 415.3 420 424 429.4 437.4 456.7 464.1 461.7 469.8 459.2 456.2 458.9 451.2 446.3 449 447.9 450.9 458.1 470.4 479.7 483.2 476
490.2 475.6 474.4 462.3 449.2 448.2 442.6 437.1 429.9 426.3 419.7 406.5 388.9 371.5 357.6 342.1 328.6 322.6 318.8 311.2 303.5 300.3 290.9 281.1 270.1 262.8 258.2 256.9 250.5 246.1 245.7 244.7 243.5 245.3 246 249.1 248.5 249.6 257 264.1 268.8 275.7 281.3 283.8 289.2 296.2 308.8 317.6 327.3 335.5 346.2 355.5 364.1 372.2 383.4 397.2 411.9 422.5 437.8 448.6 444.2 455.1 463.1 475.9 472.5 462.5 469.1 470 461.8 459.3 459.1 463.1 460.1 468.5 483 489 491.8 492.1
488.1 478.1 475.9 463 451.8 451.2 446.8 441.1 430 419.4 413 399.7 389.3 375.8 360.1 344.3 335.1 324.8 317.7 312.7 308.4 305.7 293.2 284.9 275.9 268 258 256.4 253.4 246.5 244.9 244.5 243.5 246.5 247.3 248.7 249.4 249.9 259.2 263.2 267.5 274.2 279.1 282.9 288.3 295.5 306.9 315.5 325.6 332.7 345.6 353.6 361.2 371.2 385.7 399.1 407.1 416.6 432.5 446.5 452.3 464.6 472.4 478.6 480.6 471 480.1 479 473 474.8 474.2 474.2 469.9 482.2 487.1 494.6 501.1 500.9
488.2 483.9 479.9 467.8 460.2 454.8 444.5 438.3 423.2 416.7 411.5 400.8 390.1 383.2 371.4 355.5 338.4 327.6 320.7 315 310.8 309.8 296.3 282.7 273.1 265.4 259.4 254.8 251.9 247.3 245.8 245.1 243.8 245.6 246.9 247.9 250.3 250.6 256.6 261.8 264.8 272.1 276.8 281 287.1 293.6 304.9 312.3 322.5 327.8 345.5 349.8 356.1 369 385.6 400.8 407.8 413.4 424.7 439.6 455.9 471.7 484.3 488.4 483.4 481.9 484.4 484.6 482.2 481.3 484.2 483.3 482.1 489.1 498.4 503.4 507.2 509.8
494.4 485.9 483.3 477.6 466.3 452 443.2 441.3 436.7 429.6 416.6 404.6 402.9 395 382 360.5 342.4 327 322.1 316.6 315.5 307.3 295.7 284.5 275.9 266.3 259.3 255.4 251 247.9 245.2 245 243.9 245.4 246.8 248 249.4 250 257.3 258.9 262.4 268.2 274.7 279.3 285.2 294.7 303.2 309.6 319.9 326.5 341.8 346.3 356.4 371 388.5 398 405.8 408.8 418.7 437.6 466.7 479.7 487.8 489.9 492 491.2 486.5 484.5 483.3 484 484.6 485.1 486.9 496.3 501.7 515.8 517.5 514.8
502.6 497.6 495.6 479.2 472 458.1 454.1 449.9 443 438.2 422.5 422.7 422.6 416.7 394.1 367.7 345.5 331.3 319.9 316.6 312.9 302.4 292.9 287.4 274.3 271 261.9 257.2 253.7 249.6 247.1 245.6 244.3 244.7 244.9 246.9 247.6 248.7 253.3 255.4 260.9 267.2 273.6 277.5 281.5 290.9 299.9 307.8 319.5 326.7 338.8 345.8 357.2 369 383 390.9 394.8 406.6 416.7 439.2 472.9 491.7 498.1 505 499.4 496.9 491.6 486.9 484 488 492.3 492.6 490.6 498.6 512 518.7 521.8 523.9
512.5 505.4 500.6 482 474.4 468.2 460.4 454 448.1 441 429.2 439.6 441.3 433.9 413.9 379 350 332.2 321.1 314.9 309.3 303.3 294.1 284 278.8 268.8 261.3 257.6 251.3 247.8 245.5 244.4 243.9 244.2 244.4 245.7 247.5 248 250.1 255.1 259 265.5 271.3 273.7 278 286.7 292.3 305.4 316 327 333.8 342.3 354 367.5 379.8 384.8 395.7 405.3 415.2 435.5 474.1 494.3 496.4 504.2 502.8 502.7 499.2 496.1 493.5 497.2 496.3 496.7 502.3 510.2 515 521.9 527.3 527.8
