public/OST50/NG97.asc
ncols 200
nrows 200
xllcorner 190000
yllcorner 870000
cellsize 50
[rows 0 to 34 of 200, columns 80 to 159 of 200]
165.9 165.9 165.9 165.9 165.9 165.9 165.9 165.9 165.9 165.9 165.9 165.9 165.9 165.9 176.2 186.4 191 192.4 192.1 197.5 199.4 201.7 217.8 213.5 214 218.1 225.5 229.2 238.5 243.5 242.8 240.6 237.6 227.6 231.4 232.1 236 232.7 238 243.1 269.5 279.5 292.6 304.3 314.1 323.8 335.8 345.5 351.8 359.5 366 368.5 376.7 384.1 390.3 397.8 402.4 408.2 413.9 416.8 425.6 435.8 446.4 458.5 479.3 494.1 512.9 530.4 541 554.1 567.8 573.7 594.5 614.6 634.1 649.3 667.2 684.2 697.7 708.2
165.9 165.9 165.9 165.9 165.9 165.9 165.9 165.9 165.9 165.9 165.9 165.9 165.9 165.9 165.9 180.1 188 189 186.7 194.4 196.9 203.7 207.5 206.9 214.8 218.6 223.1 231.1 236.1 239.1 241.3 239.8 233.8 221.3 223 222.4 226 223.3 226.2 245.1 264.2 274.2 284.1 298.3 309.4 319.1 327.9 340.9 350.7 358.4 362 366.1 371.5 380.4 388.5 393.3 396.6 405.7 415 417.8 426.9 435.1 442.5 454.5 474.6 499.3 518 535 551 560.6 566.8 583.2 602.5 620.2 639.9 655.6 672.2 687.9 701 711.1
165.9 165.9 165.9 165.9 165.9 165.9 165.9 165.9 165.9 165.9 165.9 165.9 165.9 165.9 165.9 168.4 179.7 184.8 185.4 191.7 200.9 207.4 206.6 204.7 211 217.7 226.2 235.6 242.2 245.3 245.1 242.4 227.7 220 218.5 216.5 216.8 218.6 238.9 251.1 257.1 272.6 283.1 294.9 303.5 313.6 324.1 335.3 344.9 354.5 361.9 366.5 369.2 376.6 384.6 392 395.4 400.8 410.8 416.9 429.2 439.6 448.4 460.2 473.8 498 522.5 537 551.5 560.5 570.8 587.5 605.6 626.8 643.7 665.4 680.7 694.5 705.8 714.9
165.9 165.9 165.9 165.9 165.9 165.9 165.9 165.9 165.9 165.9 165.9 165.9 165.9 165.9 165.9 165.9 165.9 178.5 184.2 190.6 202.3 209.3 207.6 204.2 210.8 215.4 220.8 228.6 235 241.3 243.3 239.3 231.8 220.5 214.2 212.2 212.6 224.8 240 249.3 257.3 270.2 281.8 290.7 298.9 308.8 320.6 332.3 343.3 350.5 358.6 365.2 370.7 373.7 383.4 389.4 395.7 402.8 406.3 413.2 421.1 438.2 449.5 464.3 481.8 498.8 515.6 534.3 543.1 556.7 571.3 590.9 608.8 626.5 648.9 670.7 685.9 700.5 711.5 718.6
165.9 165.9 165.9 165.9 165.9 165.9 165.9 165.9 165.9 165.9 165.9 165.9 165.9 165.9 165.9 165.9 165.9 172.4 181.2 187.6 196.5 202.8 204 200.4 207.9 210.7 213 218.9 224.6 230.3 232.1 233.1 225.9 216.1 207.7 207.7 219.2 233.5 240.2 246.4 252.2 264.1 278.4 288.1 297.3 308.7 316.8 331.2 339.9 346.1 354.3 362.4 368.3 371 380.3 386.7 393 397 407 410 418 435.8 450 462.7 482.4 499.8 514.6 525.6 533.6 558.6 564.2 583.9 609.4 626.7 648.6 674.5 690.5 704.5 714.6 722.9
165.9 165.9 165.9 165.9 165.9 165.9 165.9 165.9 165.9 165.9 165.9 165.9 165.9 165.9 165.9 165.9 165.9 165.9 177.2 185.2 190.7 195.1 197.3 195.3 200.2 206.3 209.8 216.2 222.3 227.6 230.8 228.3 219.3 206.9 206.8 217.9 225.9 232.3 238.8 242.2 253.5 257.6 266.7 277.5 289.8 301.3 310.1 325.2 335.9 342.1 348.3 356.2 364.7 369.3 375.3 384.3 391.2 393.5 402.1 408.1 419.9 429.9 444.5 457.2 476 493.8 507.3 517.7 529.2 544.2 567.7 587.2 610.1 626.4 643.6 669.6 690.8 706.3 717.4 726.7
165.9 165.9 165.9 165.9 165.9 165.9 165.9 165.9 165.9 165.9 165.9 165.9 165.9 165.9 165.9 165.9 165.9 165.9 165.9 179 185.6 188.2 194.2 194.6 197.2 201.4 205.9 211.6 218.4 224.7 224.9 219.8 210.8 200.4 206.9 220.5 226.4 228 233.2 235.8 245.3 254 263.1 274.1 286.1 295.4 310.6 322.5 332.5 340.2 348 354.5 358.3 366.6 372.3 379.1 384 393.2 398.7 405.8 415.9 428.5 443.9 459.8 470.7 490.8 500.2 509.4 524.4 538 558.2 575.9 597.8 616.2 637.9 660.1 684.3 702.8 717.4 728.2
165.9 165.9 165.9 165.9 165.9 165.9 165.9 165.9 165.9 165.9 165.9 165.9 165.9 165.9 165.9 165.9 165.9 165.9 165.9 168.8 180.7 185.4 189.7 192.9 196.9 202.3 202.6 204 210.8 214.2 213.4 212.5 208.2 200.1 203.6 215.8 222.7 224.4 226.1 232.4 241.8 255.2 265.9 276.9 286.7 300.9 311 320.6 332.5 337.6 346.2 352.8 361 367.1 372.3 376.3 382.9 391.2 396.2 401.9 413.5 427 441 455.7 468.7 485.8 495.5 504.5 515.2 530.1 548.9 568 579.9 602.6 628.2 652.3 677.2 699.9 718.5 728.7
165.9 165.9 165.9 165.9 165.9 165.9 165.9 165.9 165.9 165.9 165.9 165.9 165.9 165.9 165.9 165.9 165.9 165.9 165.9 165.9 176.2 183 184.5 189.3 192.3 196.2 198.1 199.5 202.6 206.8 204.5 204.7 203 199 202.1 209.1 215 218.2 224.3 231.1 239.2 258.3 266.8 279.1 290.2 301.5 309.6 318.6 329.9 335.4 344.6 352.6 360.6 366.5 371.9 374.6 382.7 389.8 397.4 400.7 406.3 424 437.9 451.4 463.8 474.8 487.4 500.5 512.5 526.4 542.7 555.6 571.5 593.5 620.3 648.1 675.6 700.8 720.7 731.4
165.9 165.9 165.9 165.9 165.9 165.9 165.9 165.9 165.9 165.9 165.9 165.9 165.9 165.9 165.9 165.9 165.9 165.9 165.9 165.9 165.9 177.1 182.4 186.5 190.5 190.1 192.8 196.8 199.1 202.7 199.5 199.3 196.8 196.9 199.5 204.4 208.8 215 223.8 232.5 247.4 262 272.5 277.6 293.2 302.4 307.2 315.4 326 335.7 344.3 350.8 361 366.5 370.7 372.8 382.7 390.8 398.6 401.4 407 422.5 436.5 449 459.9 468.5 478.5 494.2 504.5 518 534.2 551.8 567.4 588.2 618.3 647 672.8 702.8 727.9 739.1
165.9 165.9 165.9 165.9 165.9 165.9 165.9 165.9 165.9 165.9 165.9 165.9 165.9 165.9 165.9 165.9 165.9 165.9 165.9 165.9 168.6 178.2 180.1 182.9 185.9 187 189.5 192.7 196.5 196.1 193.7 196.6 196.8 196.5 198.5 202.9 206.8 212.1 221.7 233.6 248.6 261.7 273.8 283 293.8 300.5 309.3 321 328.4 335.8 341.1 349.7 357.8 366.6 369.7 375.6 382.1 390.7 400.4 405 405.4 414.9 433.1 445.8 456.7 462.6 473.6 488.6 501.9 514.7 531.3 547.7 565.5 590.2 617.4 644.2 676.1 707.1 734.7 747.7
165.9 165.9 165.9 165.9 165.9 165.9 165.9 165.9 165.9 165.9 165.9 165.9 165.9 165.9 165.9 165.9 165.9 165.9 165.9 165.9 165.9 172.2 175.2 179.9 181.3 185.6 188.5 189.8 191.2 187.8 190.9 192.3 197.3 197.5 198.1 203.9 208 211 219.4 229.6 242.3 260.4 272.8 282.5 291.7 305 315.3 320.5 328.8 337.8 343.4 350.1 358.1 364.2 371.2 377.1 383.3 389.7 397.7 402 404.3 413.8 429.1 440.5 451 457.9 467.4 479.9 492.4 505.8 523.7 543.2 567.2 596.8 618.6 644.6 674.7 711.3 742.7 757.3
165.9 165.9 165.9 165.9 165.9 165.9 165.9 165.9 165.9 165.9 165.9 165.9 165.9 165.9 165.9 165.9 165.9 165.9 165.9 165.9 165.9 165.9 171.4 177.5 182.4 186.4 187.8 185 184.5 189.7 195.4 201.7 200.9 200.6 203 205.3 207.2 210.2 216.6 222.7 233.7 261.1 275.6 286.8 300.5 308.6 314.9 322.6 328.1 337 346.5 353.6 359.6 364.2 370.3 376.3 384.2 390.1 395.7 398.6 400.6 409.4 426.6 433.2 440 449.7 460.5 473.6 490 501 519.8 542.9 567.5 590 614.1 641.7 674.4 713.1 746.5 767.8
165.9 165.9 165.9 165.9 165.9 165.9 165.9 165.9 165.9 165.9 165.9 165.9 165.9 165.9 165.9 165.9 165.9 165.9 165.9 165.9 165.9 165.9 165.9 175.2 180.5 183 183.2 182.1 186.3 194.8 202.6 207.2 205.5 206.2 210.6 211.1 210.5 215.2 224.4 231.3 245.3 258.6 276.8 294.9 327.9 322.8 324.6 327 331.7 339.7 346.5 355.1 363.9 363.5 368.3 374.1 379 386.9 391.9 394.8 398.1 406.4 416.4 423.9 431 440.6 450.8 466.4 482.9 495.5 517.7 544.4 566.6 588.2 613.9 638.5 674.9 713.2 751.8 775
165.9 165.9 165.9 165.9 165.9 165.9 165.9 165.9 165.9 165.9 165.9 165.9 165.9 165.9 165.9 165.9 165.9 165.9 165.9 165.9 165.9 165.9 165.9 172.6 179.3 182.4 180.7 183.6 189.6 197.4 200.3 202.8 206 215.8 222.3 225.3 228.8 231.4 242.6 247.3 255.6 277.6 294.2 305.9 333.3 351.3 336.8 339.2 340.4 344.9 352.2 357.4 361.5 368.2 370.3 373.9 377.1 384.1 388.6 393.5 394.7 398.7 410.2 418.8 425.9 432.8 446.9 463.8 473 494.2 516.3 540.1 563.6 589.7 615.1 644.9 675.3 711 749.2 779.9
165.9 165.9 165.9 165.9 165.9 165.9 165.9 165.9 165.9 165.9 165.9 165.9 165.9 165.9 165.9 165.9 165.9 165.9 165.9 165.9 165.9 165.9 165.9 170.6 173.4 175.5 177.5 184.1 190.6 194.9 202.5 203.8 205.3 219.5 230.2 235.7 239.9 249.7 258.7 263.2 265.5 289.3 322.2 333.9 333.8 353.5 356.1 350.9 348.4 350.8 354 359.5 363.2 367 370.9 372.5 375.5 381.4 385 389.9 393.2 397.3 405.1 416.2 424 427.4 440.8 460.4 470.3 494.5 515.6 541.3 571.5 592.7 615.5 651 675 715.5 757.8 786.2
165.9 165.9 165.9 165.9 165.9 165.9 165.9 165.9 165.9 165.9 165.9 165.9 165.9 165.9 165.9 165.9 165.9 165.9 165.9 165.9 165.9 165.9 165.9 165.9 177.1 181.1 180 181.7 182.7 191.2 199.9 203.6 211.4 222.8 232.4 239.9 249.1 259.9 272.4 278.3 278.6 309.5 320.5 341.3 349.1 352.4 358.3 358.2 354.4 355.7 357.3 358.6 364.9 367.7 370.4 377.1 376.8 378.2 381.9 388.3 392.3 396.5 404.2 415 424.4 429.7 437.3 455.4 468.5 492 518 543.6 568.9 588.3 620.8 642.4 676.8 715.2 759.1 789.8
165.9 165.9 165.9 165.9 165.9 165.9 165.9 165.9 165.9 165.9 165.9 165.9 165.9 165.9 165.9 165.9 165.9 165.9 165.9 165.9 165.9 165.9 165.9 165.9 177.5 177 179.1 181.5 181.9 183.6 192.2 201 210.7 220.1 233.6 240.3 251.2 267.1 274.1 271 288.7 312.4 323.1 339.5 346.6 352.3 359 366.5 368.4 367.8 358.3 357.2 364.2 367 372 376.6 378.2 380 383.5 388.5 394.5 399.1 404.8 413.2 421.4 430.3 441.7 456.5 474.1 507.8 523.8 543 567.4 591.5 618.7 639.3 674.4 713.1 751.3 782.1
165.9 165.9 165.9 165.9 165.9 165.9 165.9 165.9 165.9 165.9 165.9 165.9 165.9 165.9 165.9 165.9 165.9 165.9 165.9 165.9 168.7 173.4 178.8 166 173.2 174.6 173.9 182 181.8 181.6 184.7 198.8 209.2 217.4 225.8 235.8 249.8 265.6 266.4 274.8 295 316.4 328.3 341.9 356.8 363.1 370.3 375.3 374.2 367.5 363.6 362.2 363.9 364.6 371.1 375.9 379.2 380 384.1 388 394.4 398.8 399.9 409 417.5 426.4 442 457.4 483.9 510.1 526.5 545.5 568 593.6 617.8 643.4 675.8 711 743.6 776.9
166.4 165.9 165.9 165.9 165.9 165.9 165.9 165.9 165.9 165.9 165.9 165.9 165.9 165.9 165.9 165.9 165.9 165.9 165.9 165.9 165.9 174.8 182 182.7 180.3 171.1 165.9 166.7 175.4 177.5 183.2 192.6 202.8 210.7 220.5 229.7 239.7 251.5 259.5 274.1 292.6 310 324.1 345.3 355.7 375.2 378.3 375.8 372 369.7 362.9 362 365.5 368.4 370 371.4 374 380.5 385.3 389.4 393.7 395.2 396.4 407.1 415.3 421.4 446 462.8 483.4 509.1 528.7 550.5 576 598.9 620.4 643.2 678.7 715.2 745.6 779.3
169.7 165.9 165.9 165.9 165.9 165.9 165.9 165.9 165.9 165.9 165.9 165.9 165.9 165.9 165.9 165.9 165.9 165.9 165.9 165.9 165.9 165.9 175.8 179.4 175.7 168.6 165.9 165.9 165.9 176.8 188.6 189.6 195.6 203.5 211.3 220.7 228 239.7 252.8 260.7 279.2 293.6 311.7 329.5 354.9 371.5 378.9 373.4 371.5 371.8 365.5 365.2 366.1 367.1 370.3 374.5 373.9 378.6 380.7 388.6 393.6 398 399.3 406.9 411.1 424.1 443.2 462 485.2 507.4 537.2 564.2 585.6 612.1 640.6 659.3 687.3 714.3 747.2 785.8
176.1 165.9 165.9 165.9 165.9 165.9 165.9 165.9 165.9 165.9 165.9 165.9 165.9 165.9 165.9 165.9 165.9 165.9 165.9 165.9 165.9 165.9 165.9 170.7 172.5 165.9 165.9 167.8 165.9 170.4 182.4 189 192.3 202.5 208.1 213.7 223.5 231.6 243.7 253.2 262.3 277.8 292.2 306.2 332.5 351.1 360.5 367 375.6 379.1 382.6 372.1 369.2 371.8 373.1 374.3 379.1 379.8 385.5 388.7 392.5 397.9 397.4 406.9 410.4 426.2 441.7 461.1 485.4 523.9 549.7 579.1 603.5 634.7 656 685.2 708.4 731.7 761.6 794.9
179.2 173.8 165.9 165.9 165.9 165.9 165.9 165.9 165.9 165.9 165.9 165.9 165.9 165.9 165.9 165.9 165.9 165.9 165.9 165.9 165.9 165.9 165.9 165.9 165.9 165.9 172.1 172.7 172.8 172.4 177 188.1 196 200.2 204.9 209.5 217.8 224.2 234.3 244.5 254.5 263.8 275.8 288.3 307 330.6 340.8 355.4 365.4 376.3 382.8 380 373.1 372 376.1 377.5 378.1 387.5 390 392.8 396.1 397.6 396.8 402.6 413.3 428.3 440.3 455.7 482.2 527.7 558.9 586.5 617.3 647.3 673.4 702.5 728.9 754.8 780.1 806
180.7 173.6 165.9 165.9 165.9 165.9 165.9 165.9 165.9 165.9 165.9 165.9 165.9 165.9 165.9 165.9 165.9 165.9 165.9 165.9 165.9 165.9 165.9 165.9 165.9 165.9 173.4 175.6 175.4 174.4 175.9 184.9 194.1 197.5 199 202.9 210.7 219.2 225 234 243 252.2 262.3 274 286.5 306.8 321.4 351.3 362.3 359.7 371.5 375.8 371.3 373 378.5 378.7 379.6 391.4 391.7 399.1 401.1 400.8 403 405.5 413.5 428.4 442.2 465.4 493.2 553 584.9 601 628.1 661.2 688.4 716.8 745.7 774.3 800.8 814.1
181.2 178 170.3 165.9 165.9 165.9 165.9 165.9 165.9 165.9 165.9 165.9 165.9 165.9 165.9 165.9 165.9 165.9 165.9 165.9 165.9 165.9 165.9 165.9 165.9 165.9 174.2 174.4 175.6 174.8 173.9 177.6 187.9 194.3 197.4 197.5 201.5 211.5 218 222.6 230.5 239.2 247.2 256.3 270.1 291.2 312.3 330.3 347.2 345.1 361 365 364.5 367.2 374.3 375.9 385.4 399.6 399.1 409.3 407.4 407.6 407 408.5 417.2 426.7 444.5 473.7 520.2 556.3 591 616.5 643.3 672.3 703 729.5 754.6 782.5 811.4 822.2
182.3 178.8 171 165.9 165.9 165.9 165.9 165.9 165.9 165.9 165.9 165.9 165.9 165.9 165.9 165.9 165.9 165.9 165.9 165.9 165.9 165.9 165.9 165.9 165.9 165.9 170.4 165.9 166.4 171.6 172.5 175.4 184.9 190.3 195.4 196.6 197.7 207.3 214.6 215.9 223.3 228.2 234.1 241.3 251.8 269.9 287.3 307.5 320.5 329.4 338.6 348.9 358.9 366.6 370.3 377.8 387.9 396.9 400.2 407.7 408.5 410.2 413.2 412.2 412.2 419.6 447.5 468.1 502.9 538.7 571.9 605.7 646.3 683.2 703.3 729.1 760 790 813.4 824.5
188.6 179.5 172.9 165.9 165.9 165.9 165.9 165.9 165.9 165.9 165.9 165.9 165.9 165.9 165.9 165.9 165.9 165.9 165.9 165.9 165.9 165.9 165.9 165.9 165.9 165.9 165.9 165.9 165.9 165.9 165.9 174.4 182.9 189.7 192 198.3 198.7 201.9 208.3 210.6 216 221.8 226.3 232.8 240.1 252.4 267.5 290.4 309.6 322.3 331.8 345.1 357 364.5 368.5 376 383.4 393.6 400.1 407.7 410.8 417.2 412.9 414.2 414.8 427.9 444 467.3 487.8 521.3 557.1 593.4 636.9 665.7 686.2 715.8 751 781 799.6 818.8
192.7 183.7 176.2 171.6 165.9 165.9 165.9 165.9 165.9 165.9 165.9 165.9 165.9 165.9 165.9 165.9 165.9 165.9 165.9 165.9 165.9 165.9 165.9 165.9 165.9 165.9 165.9 165.9 165.9 165.9 165.9 165.9 177.2 182.5 187.6 192.9 196.3 198.3 202.9 204.9 210.6 215.9 222.6 229.8 237.7 245.2 268.1 298 307.4 318.7 330.6 340.3 350 359.9 380 386 392.2 401.8 412.3 416.3 423.3 422.7 415.6 414 417.9 428.7 448.1 460.5 477.9 503.6 545.8 588.9 615.3 641.4 664.9 691.7 729.4 752.5 782.4 805.2
192.1 187.9 180 172.1 165.9 165.9 165.9 165.9 165.9 165.9 165.9 165.9 165.9 165.9 165.9 165.9 165.9 165.9 165.9 165.9 165.9 165.9 165.9 165.9 165.9 165.9 165.9 165.9 165.9 165.9 165.9 165.9 165.9 174.7 180.7 185.2 190.5 195.2 195.5 202 206.8 209.4 215.6 225 234.7 243.2 265.3 296.1 307.9 311.7 321.4 333 347.7 363.8 405.2 412.3 421.5 428.1 430.9 427.4 424.8 422.4 417.4 421.9 424.3 426.5 443.5 452.3 468.7 499.2 530.4 556.7 590.3 613.7 638.8 668.2 695.3 730.1 766.4 786.7
191 187.3 182.4 175.6 165.9 165.9 165.9 165.9 165.9 165.9 165.9 165.9 165.9 165.9 165.9 165.9 165.9 165.9 165.9 165.9 165.9 165.9 165.9 165.9 165.9 165.9 165.9 165.9 165.9 165.9 165.9 165.9 165.9 166.5 175 177.7 184.2 191.9 195.6 197.7 202.7 205.6 209.8 220.9 230.8 244.9 250.6 275.6 292.3 318.8 337.7 340.5 352 400.3 410.1 425.5 435.5 448.2 454.2 443.9 435.1 424.1 417 420.1 424.6 426.4 435.4 450.5 465.7 485.8 508.6 552.6 572.4 589.8 613.8 646.6 687.5 713.7 743.4 768.3
190.3 186.7 182.9 175.9 165.9 165.9 165.9 165.9 165.9 165.9 165.9 165.9 165.9 165.9 165.9 165.9 165.9 165.9 165.9 165.9 165.9 165.9 165.9 165.9 165.9 165.9 165.9 165.9 165.9 165.9 165.9 165.9 165.9 165.9 165.9 173.5 176.5 182.7 190.5 194.1 198 203 208 217.2 227.5 243.8 257 264.8 281.6 307.2 341.9 345.7 380.6 402.9 408.7 429.6 442 460.2 459.4 451.3 445 427.2 420.2 424.9 427.3 425 432.7 443.4 458.1 473.1 494.1 530.4 550.4 572.6 597.9 634.5 662.7 692.8 722.9 745.6
190.5 186.4 182.9 176.9 165.9 165.9 165.9 165.9 165.9 165.9 165.9 165.9 165.9 165.9 165.9 165.9 165.9 165.9 165.9 165.9 165.9 165.9 165.9 165.9 165.9 165.9 165.9 165.9 165.9 165.9 165.9 165.9 165.9 165.9 165.9 165.9 165.9 174.1 182.6 188.9 192.7 199.3 206.7 213.1 222.4 238.2 256 274 285.8 297.6 320.5 357.5 381.4 387.7 397.1 423.3 449.8 452.4 459.1 461.7 453.8 432.8 423.2 424.8 426.5 427.5 435.6 445.5 463.6 477.5 490.8 510.7 530 555.6 587.7 608.7 638.1 676.6 698 720.8
191.4 187.1 182.7 177.4 169.2 165.9 165.9 165.9 165.9 165.9 165.9 165.9 165.9 165.9 165.9 165.9 165.9 165.9 165.9 165.9 165.9 165.9 165.9 165.9 165.9 165.9 165.9 165.9 165.9 165.9 165.9 165.9 165.9 165.9 165.9 165.9 165.9 165.9 174.1 181.7 185.7 191.2 199.8 208.8 215.8 227.7 242.4 262.4 287.2 303.6 312.4 341.2 359.2 371.3 397.8 432.5 455.1 462.4 465.3 466.3 450.4 439.3 427.7 429.6 434.9 436.8 437.2 451.9 465.3 478.2 487.3 495.2 516.9 544.1 569.7 591.1 621.8 649.8 671.3 704.6
192.8 187.7 183.3 179.2 173.6 165.9 165.9 165.9 165.9 165.9 165.9 165.9 165.9 165.9 165.9 165.9 165.9 165.9 165.9 165.9 165.9 165.9 165.9 165.9 165.9 165.9 165.9 165.9 165.9 165.9 165.9 165.9 165.9 165.9 165.9 165.9 165.9 165.9 166.9 175.7 180.8 185.3 191.2 200.2 208 215.4 228 248.6 266.1 285.7 297 325.2 347.1 380.2 414.4 431.8 446.8 459.1 456.4 449.9 446.9 436.7 429.5 429.1 434.4 437.5 434.1 449.5 459 463.1 479.5 486.5 499.4 526.9 558.1 580.5 613.7 639.5 657.6 688.8
192.9 189.7 184.3 179.6 176.4 168.7 165.9 165.9 165.9 165.9 165.9 165.9 165.9 165.9 165.9 165.9 165.9 165.9 165.9 165.9 165.9 165.9 165.9 165.9 165.9 165.9 165.9 165.9 165.9 165.9 165.9 165.9 165.9 165.9 165.9 165.9 165.9 165.9 165.9 165.9 176.3 179.9 184.1 192.9 200.7 209.7 220.2 235.9 251 266.1 279.4 302.6 333.8 367.5 392.5 409.2 430.7 447.7 443.9 432.1 433.8 426.6 432.2 430.4 429.6 430.3 432 439.6 446.8 460.7 470 475.9 490.8 517.1 539.1 575.6 607.9 626.9 652 680
