public/OST50/NG97.asc
ncols 200
nrows 200
xllcorner 190000
yllcorner 870000
cellsize 50
[rows 0 to 34 of 200, columns 0 to 79 of 200]
102.7 109 125.9 134.6 148.1 154.2 167.4 180.7 183.7 185.9 186.6 188 188.8 189.7 196.5 206 214.9 212 207.7 204.2 201.5 196.2 193.2 190.7 188.6 189 190.1 191.5 192.5 192.6 190.2 189.7 189.5 190 187.7 185.6 184 182.2 179.7 181.2 182.1 184.4 186.4 189 192.2 196.8 201 209.7 213.7 217.1 216.7 214.2 214.3 213.1 210.3 209 209.2 205 198.6 198 197.3 196.9 196.3 193.9 191.3 188 183.5 180.1 178.9 177.6 174.9 166.4 165.9 165.9 165.9 165.9 165.9 165.9 165.9 165.9
106.6 114.9 127.9 136.9 141.8 152.9 172.8 174.9 176.2 179.3 181.5 183.4 184.2 186.2 192.2 199.2 200.1 200.6 202.2 199 198.1 196 190.5 189.1 187.7 187.5 188.5 189.4 190.1 190.2 188.5 188.7 188.7 190 189.9 186.5 185 183.7 182.5 181.8 183.5 185.5 187.3 188 190.4 195.3 195.3 201.2 206 208.2 212.7 211.9 211.5 207.9 206.5 207.6 212.2 209.7 203.3 200.7 200.1 199.1 195.1 193.4 191.4 187.5 183.8 180.8 178.6 176.7 174.9 167.2 165.9 165.9 165.9 165.9 165.9 165.9 165.9 165.9
110.6 118.8 134.2 140.8 155.1 157.7 161.3 169.8 185.1 182.3 182.5 182.2 183.1 185.4 190.5 196.1 197.6 197.7 197.1 198.9 198.3 195 186.7 186.4 185.5 185.2 186 186.8 187.7 187.4 186.8 186 186 187.2 188.8 187.7 186.2 185.9 185.6 184.7 184.1 185.6 186.2 187.6 188.3 186.3 187 192.9 203.5 206.2 205 205.1 206.6 206.5 206.5 206.5 209.8 207.4 205.5 201.9 201.2 199.9 196.8 193.5 190.3 187.5 183.5 180.7 179.4 178.3 177.2 170.1 165.9 165.9 165.9 165.9 165.9 165.9 165.9 165.9
114.3 124.9 131.7 153.2 164.2 167.5 177.6 186.7 187.1 184.7 184 183.6 185.1 187.6 190.6 197.4 199.8 198.1 194.7 194.2 190.9 183.5 183.8 183.9 183.3 182.2 183.4 184.6 185.9 186.2 186.6 186.1 186 186.3 187.4 187.6 187.2 186.9 186.7 186.8 185.8 186.5 184.3 185.7 185.4 185.4 185.1 189.2 197.5 202.6 204.8 206 206.5 206.5 206.5 206.5 205.8 207.3 206.4 204.2 203.3 201.9 198.4 196 191.6 188.3 184 182.2 181.6 180.8 178.6 174.9 172.9 171.2 165.9 165.9 165.9 165.9 165.9 165.9
116.4 123.9 130.4 152.7 168.3 176.3 186.1 194.9 192.3 187.4 184 183.3 185.3 188.5 190.3 200.4 202.7 195.3 189 183 179.3 180.4 178.1 180.3 180.9 180.7 182.1 183.7 185.1 184.8 185.5 188.1 188.5 187.9 187.4 188.5 188 188 187.7 188.2 188.5 188.5 187.8 188 186.3 185.4 185.2 189.9 194.1 198.7 204.9 209.1 211.1 206.5 207.6 209.6 209.6 208.8 209.9 207.4 207.8 203.8 199.2 194.9 190.3 187.3 185.1 183.3 182.7 181.7 180.2 179.4 173.1 165.9 165.9 165.9 165.9 165.9 165.9 165.9
120.8 120.7 127.4 143.3 160.6 174.3 187.9 190.7 189.6 183.8 182.3 180.3 185.5 192.9 187.5 192.5 190.1 187.5 184.4 176.5 173.5 172.3 171.6 174.2 177.3 179.2 180.5 182.2 183.5 183.7 186.3 189.4 191.7 191 189.8 189.4 188.8 188.2 188.4 188.6 188.8 188.8 188.1 188 187.6 185.5 186.3 190.7 193.5 198.6 203.7 208.8 209 208.9 214.1 214 214.3 214.2 214 210.5 211.1 206.2 201.4 197.1 191.9 186.7 185.1 182.1 180 181.8 181.4 173 165.9 165.9 165.9 165.9 165.9 165.9 165.9 165.9
119.7 122.8 125.9 135.9 145.5 154.9 168.9 172.8 176.7 173.6 173.1 174.9 178.8 185.5 178.6 178.9 178.5 173.8 172.7 169.5 166.8 165.3 165.5 168.7 173.7 177 180.1 181.5 181.5 182.9 188.3 190.8 192.2 192.6 192.1 191 190.2 189.5 188.6 188.7 188.7 188.5 188 188 188 187.5 186.9 189.8 194.3 199.7 203.3 206 208.4 210.7 215.9 221.3 220.8 219.9 216.4 213.7 209.1 205.9 202.7 198.4 195.3 192.4 187 180 176.8 177.4 176 174.1 173.5 167.5 165.9 165.9 165.9 165.9 165.9 165.9
116.7 113.3 122.5 127.6 131.1 142.1 150.1 156 160 164.3 165 167.3 166.1 168 166.9 168.5 168 161.5 161.1 158.9 160.1 161.3 161.9 162.8 171.3 176.2 180.1 180.3 179.9 182.6 186.5 189.3 191.4 192.8 192.9 193.4 191.5 189.2 188.4 188.2 188 187.8 187.3 188 188 188.1 188.2 189.9 192.7 196 199.9 201.3 204.3 222.1 231.7 231.8 230.1 221 218.1 214.9 209.6 203.9 201.4 199.7 197.1 194.1 186.8 179 173.5 175.7 175.5 174.3 172.3 165.9 165.9 165.9 165.9 165.9 165.9 165.9
108.9 114.2 114.8 111.5 121.8 126.6 128 134.5 142.4 146.6 149.7 156.2 155.8 156.8 159.1 159.9 149.3 150.5 150.5 151.3 153.4 155.4 157.1 160.6 168.9 173.9 177.9 179.6 178.9 181.4 183.5 186.5 190.6 190 188.2 188.6 187.7 187 186 186.4 184.8 184.6 184.6 187.9 187.7 188.6 185 187.2 192 194.3 196.8 199.7 208.2 216.3 225.2 230.1 231 229.6 221.3 215.6 209.5 202.3 199.2 197.6 196.8 193.8 186.9 177.2 173.5 175.3 176.1 173.3 165.9 165.9 165.9 165.9 165.9 165.9 165.9 165.9
106.6 116.4 114.8 109.3 105.9 109.5 110.9 117.6 136 138.6 142 141.1 141.8 149.3 151.3 140.5 127.4 134 143.7 145.3 146.5 150.3 152.6 157.8 164.9 170.6 174.3 177.6 171.5 173.3 178.7 182.3 184.2 184.4 185.2 184.3 184.6 184.6 184.6 184.6 184.6 184.6 184.6 187.2 187.8 187.2 185.7 185.8 188.8 192.2 193.1 196.6 209 214.8 219.4 225 227.3 227.1 222 215.9 208.4 202.3 198.4 197.6 197 195.1 191 182.5 173.5 173.5 173.5 174.2 165.9 165.9 165.9 165.9 165.9 165.9 165.9 165.9
102.5 112.1 110.3 102 99.6 101.1 102.6 103.9 113.1 125.5 127.7 124.8 125.9 128 132.1 118.4 114.9 135.1 138 144.9 150.4 151 148.7 154 159.1 165.9 170.9 172.1 167.4 176 182.7 185.5 187.3 187.2 185.9 185.2 184.6 185.1 184.6 184.6 184.6 184.6 184.6 185.7 186.7 186 186.1 186.5 187.3 188.5 189.5 194.6 203.5 204.6 207.4 210.9 216.2 219.3 217.7 212.3 208.4 202.3 198.3 197.6 197 195.8 192 186.1 173.8 173.5 173.5 176.7 172.1 165.9 165.9 165.9 165.9 165.9 165.9 165.9
93.6 97.4 95.6 89 89.2 100.6 95.2 97.7 98.3 104.7 109 110.3 113.1 112.5 112.8 110.9 127.3 137.7 142 147 150.3 152.5 153.6 152.9 152.6 160 165 166.6 167.9 176.8 182.4 185.9 188.8 188.5 187.6 186.8 185.6 187.8 187.1 184.6 184.6 184.6 184.6 185 185.6 185.4 187 187.4 187.9 188.1 194.2 198.2 202.1 205.6 205.6 206.7 206.9 208.7 210.5 210.2 205 201.1 198.1 197.3 196.6 195.6 193.4 187.5 176.5 173.5 176 172.8 165.9 165.9 168.8 165.9 165.9 165.9 165.9 165.9
85 82.9 78.8 80 81 83.5 88.4 94.1 94.7 96.1 95.7 95.9 95.6 101.8 111.8 119.7 129.2 139.5 144.6 150.7 151.9 154.4 156.7 158.3 159 159.2 161.7 165.4 170.1 176.7 182 187 191.5 192.3 190.7 190.1 189.1 187.9 190.1 186.6 184.6 187.1 187.3 185.2 185.2 185.8 189.3 190.3 188.6 189.6 201.5 210.8 214.7 220.5 217.9 212.2 209.6 207 205.3 207.6 201.3 198.2 196 195.3 195.5 195.4 192.8 188.2 181 173.5 174.5 165.9 165.9 165.9 167.7 168.2 165.9 165.9 165.9 165.9
77.3 78.5 78.2 78.3 79.9 80.7 82.2 86.6 89.4 91.4 90.6 92.1 96.4 108.6 118.1 122.2 130 139.6 147.2 155.6 154.5 156.8 159.2 161.2 161.9 162.6 164.5 166.4 171.6 176.9 182.1 188.7 195.2 205.4 198.9 195.3 193.7 191.7 192 190.8 189.7 189.3 188.7 188.1 185.5 186.4 189.2 194.6 192.1 196.4 205.5 214.6 219.6 218.6 221.1 215.5 210.2 206.1 204 201.3 198.2 195.2 193.4 193.3 193.6 193.9 193.2 187.8 182.2 175.2 172.6 166 170.7 165.9 167.7 168.1 165.9 165.9 165.9 165.9
76.1 76.9 77.6 77.2 77.9 78.4 79.6 82.8 85.3 87.4 90.3 92.8 98.8 113.3 123.2 125.2 128.8 137.7 144.8 150.7 155 156.6 158.4 160.5 162.4 163.5 165.4 168.3 171.9 176.8 184.5 191.4 198.3 204.3 205.8 201.6 200.6 196.8 194.1 193 193 191.5 190 188.4 186.3 187 185.9 193.6 199.5 203.5 211.5 216.4 221.6 218.5 217.1 214.2 210.5 206.4 203.4 200.9 198.7 196.1 194.6 197 192.3 191.5 192 187.9 182.3 175.1 168.3 168.4 165.9 165.9 165.9 165.9 165.9 165.9 165.9 165.9
72 77.4 76.5 76.4 76 78.9 82.2 84 85.5 88.1 98.3 98.4 100.7 111.1 124.4 129.1 129.1 135.8 141.6 148.7 152.8 156.3 158.9 160.7 162.6 164.5 166.1 168.7 172.1 178.4 186.4 194.2 202.4 206.4 208.4 205 202.7 199.9 196.7 195 195.1 192.8 191.5 187.9 185.7 184.6 184.6 193.2 201 207.3 215.3 221 220.7 218.5 215.3 210.7 206.9 205.2 205.4 207.1 210.9 211.4 201 197.2 193.9 192.2 190.9 187.4 182.2 176.6 173.7 165.9 165.9 165.9 165.9 165.9 165.9 165.9 165.9 165.9
66.8 70.6 72.4 75 77.2 80.5 87.9 92.5 88.7 89.6 94 105.3 102.1 109.6 117.9 128.2 129 134.7 140.2 145.9 151.3 155 158.6 163 164.9 165.9 168.9 169 172.1 179 187.1 194.6 202.8 205.3 205.9 205.4 202.9 201.5 198.7 197.2 195.6 193.6 191.3 187 184.6 184.6 184.6 192.4 201.8 209.6 217.1 222.6 225.4 229.2 218.9 208.8 209.7 210.2 213.1 212.1 213.2 212.6 203.5 198.5 195.4 192.7 190.9 186.9 182.4 178.1 176.6 165.9 165.9 165.9 165.9 165.9 170.3 165.9 165.9 165.9
71.6 74.6 73.5 79.3 82.1 86.9 95 107.9 104 94.9 98.2 105.2 114.4 108.1 114.9 126.2 133.8 138.1 142.5 146.5 150.9 154.4 158.4 163.5 167.7 172.1 172.5 171.5 173.3 180.7 192.2 201.3 204.9 205.4 205.4 205.5 203.5 202 201.3 200.1 197.8 194.5 190.9 188 184.6 184.6 190.1 196.3 202.8 210.8 215.4 219.5 221.2 220.8 218.6 224.2 224.9 220 214.2 213.8 212.6 212.7 206.2 199.6 196.8 193.6 190.5 186.5 181.8 178.6 176.2 169.7 167.5 165.9 165.9 172.6 176.2 166.8 165.9 165.9
71.7 76.3 75 78.9 86.8 93.7 100.3 107.2 110.2 102.8 105.4 105.6 110.5 113.9 114.2 123.7 134.2 139.1 144 149.1 151.1 154.4 159 167.4 173.3 174.7 175.2 174.5 175.2 184.5 193.5 202.2 205.8 205.5 206.8 208.9 209.8 207.9 207.4 205.2 202.5 198.1 192 188.6 185.8 188.1 195 202 207 214.7 218.2 219.6 222.4 226.6 240.9 228.7 224.8 223.2 218.3 215 213.8 212.9 207.1 201.8 198.2 195.5 190.5 185.5 181.8 177.4 174.2 172.4 171.9 172.1 175.4 180.1 182.2 177.1 175.6 170.3
76.9 81 79.6 76.8 84.1 98.8 105.1 104.1 109.4 106.9 111.3 110.9 109.4 111.7 113.7 117.2 128.6 141.3 144.9 146.7 148.4 154.1 157.6 165.1 174 178.1 178.5 178 180.9 191 196.6 200.1 203.7 206.2 207.4 212.1 211.1 209.8 209.3 210.8 207.6 200.4 195.2 191.3 190.2 191 194.9 199.8 208.3 213 216.9 221.7 226.9 246.2 244 237.7 229.1 223 220.2 216.5 214.5 214 210.9 202.9 198.2 195.6 192.5 187.2 182.3 178.7 173 173 172.8 172.5 178.5 183.6 187.1 184.6 179.5 173.8
85.1 83.2 82.6 78.8 82 89.9 97.5 109.7 116.8 106.9 108 107.9 105.8 107 111.2 113.5 121.4 130.8 135.4 139 147.5 153.7 157.2 164.6 175.9 182.6 184.6 192.5 197.5 195.8 197.7 202.5 208.2 212.1 220 214.8 211.7 210.3 209.8 208.3 206.4 199.9 197.3 195.4 193.6 190.7 191.9 195.8 202.6 208.6 211.3 213.7 226.3 232 232.2 233.7 232.1 226.7 221.8 218.2 214.4 212.8 209.1 202.9 199.8 196.6 193.5 189.3 184.8 179.4 175.1 173.6 173.1 172.9 172.6 180.2 184.3 188.2 184.3 179.2
90.3 91 86.9 85.6 83.2 85.4 94.6 105.3 109.7 107.3 105.2 104.2 102.7 108.5 110.7 113.2 115 120.1 125 131.6 142.6 151.4 156.6 162.7 172.2 182.4 190 203.9 208.5 204.3 200.4 206.8 214.5 224.5 217.9 214.7 212.3 210.8 209.6 207.8 203.5 200.6 198.4 196.7 195.4 195.5 194.6 195.2 197.2 202.6 206.5 207.2 218.9 224.4 226.2 228.3 228.7 227.1 224 221.9 218.7 215 210.4 207.4 202.1 199.6 195 191.4 187.4 181.6 177.1 173.7 174.4 174.2 174.5 176.2 178.5 183.2 185.1 183
125.8 117.8 96.4 91.2 87.8 86.1 85.6 94.6 100.8 104 103.4 102.3 101.2 105.9 108.6 111.5 113 114 119.2 127.4 141.8 149 155.4 161.9 168.5 181.1 198.7 224.6 233.9 213 211 212.9 222.5 221 216.6 214.2 212.4 210.4 207.9 205.9 203.8 199.8 198.5 198.3 197 196.8 196.3 196.2 197.1 202.2 202.4 204.3 212.2 216.6 221.1 223.8 225.7 227.7 226.5 223.8 222.6 223.1 217.2 208.8 203 200.8 197.9 193.3 189.4 183.8 179.1 175.5 174.2 175 177.1 175.6 175.4 177.8 181.6 183
187.1 156.4 122.6 105.1 97.5 97.8 93.2 89.3 95 100.2 102.7 99.7 98.9 100.9 105.1 109.7 112 114.5 118.1 130.9 142.5 145.5 151.4 158.6 167.4 186.3 215.1 228.2 235.5 224.3 214.7 215 218.1 217.7 214.9 212.6 211.2 207.1 203.4 202 201.6 198.9 198 197.8 197.7 197.6 197.3 197.1 197.9 201.9 201.5 205.8 208.5 212.8 222.4 225.7 223.8 223.1 224.1 226.6 223.9 219.4 217.4 212.4 205.2 201.7 199.9 197.6 190.6 185.6 181.1 175 177 177.2 179.5 181 180.5 179.3 181.7 181.7
195.5 173.8 143.9 139.3 131.9 116.8 112.5 104 92.9 91.7 93.7 93.7 97.5 100.2 103.1 108.2 112 114.8 118 130.4 138.3 144 149.5 154.8 166 190.9 213.3 223.9 229.9 226.2 222.3 218.9 215.6 214.1 213.6 211.6 206.5 203 202.1 201.7 200 198.7 197.8 197.4 197.1 196.4 195.8 197.1 197.8 197.8 200 207 209 211.4 217.8 222.2 224.6 221.9 221 219.7 218.6 216.6 213.5 210.4 208 203.2 201.4 199 194.4 188.8 184.5 177.4 177 178.5 179 184.4 188.8 190.6 188.4 182.6
192.3 180.2 166.2 158 159.4 156.2 140.5 122.8 111.6 97.4 97.3 99.4 98.8 100.6 105 108 112.5 115 117.7 125.3 132.9 144.6 150.1 155.9 167.5 185.4 204.4 220.2 226.9 223.4 221.8 219.3 215.4 211.4 210.4 207.1 203.7 203 202.2 201.4 200.2 198.9 196.8 195.8 195.8 195.8 195.8 195.8 195.8 195.8 198.2 204.2 206.9 208.6 216.4 217.8 219.8 219.3 218.5 217.7 216.3 212.6 209 207.1 207 205 203.8 201.6 198.8 192.1 186 179.1 178.8 181.2 183.1 183.2 188.7 191.8 194.3 191
189.4 179.9 183.4 172.2 165.7 173.7 169.4 144.6 123 107.8 109.7 110.5 103.7 100.3 104.1 109 113.2 116.5 119.3 123.2 127.8 138 151.1 156.1 165.4 179.9 196.9 209.8 216.8 218.9 217.2 216.2 213 208.6 206.6 203.5 203.4 203 202.2 202 201.2 199.4 196.8 195.8 195.8 195.8 195.8 195.8 195.8 195.8 195.8 200.6 203.4 204.1 208.9 214.2 214.9 216.1 215.6 213.9 211.7 209.9 206.8 206.1 204.8 205.2 204.7 202.9 201.8 197.5 189.6 182.4 182.1 185.3 187.8 191.5 187.9 190.6 193.9 196.8
189.5 179.4 184.4 171.8 174.5 181.1 171.5 154.8 135.7 115.4 131.8 137.6 122.8 108.9 108.7 108.4 110.2 113.9 121.6 128 136.3 135 144.8 155.3 164.9 174.5 186.9 198.8 207.5 210.9 212.3 211.9 208.2 205.5 203.1 203.2 203 202.9 202.1 202.3 201.1 199.4 196.6 195.8 195.8 195.8 195.8 195.8 195.8 195.8 195.8 197.8 200.3 202.6 205.6 208.1 209.5 209.8 212.1 209.7 207.5 206.2 206.2 205.6 204.1 203.8 207.4 204.7 202.9 203.2 195.3 187.1 192.4 198.7 196.4 193 193 191.3 191.3 193.2
179.4 175 181.7 180.1 178.4 179.1 161.5 152.4 129.8 129.9 136.6 142.8 136.7 121.7 114.3 115.8 116.6 119.6 122.7 130.3 138.7 140.5 142.2 150.9 163.3 168.1 173.4 185.9 197.5 203.7 207.2 208.2 206.1 202.5 201.7 201.7 202.3 202.6 202.2 201.2 199.7 197.9 197.5 195.8 195.8 195.8 195.8 195.8 195.8 195.8 198 198 199.3 201.4 204.6 202.8 198 199.9 205 205.3 206.6 206.7 207.8 207.5 205.7 205.1 204.1 202.4 202.4 201.4 199.6 193.9 196.4 203.4 201.7 198.9 197.4 194 193.9 193.6
174.5 171.1 172.3 176.5 176.7 163 156 140.9 129.7 132.5 134.1 135.4 132.9 125.2 126.3 128.8 127.1 127 128.2 128.3 138.8 146.7 143.8 146 154 159.7 165.6 174.8 186.2 195.7 201.7 205 204.6 201.6 200.3 199.9 200.5 201.9 202.3 200.3 195.8 195.8 195.8 195.8 195.8 195.8 195.8 195.8 195.8 195.8 197.9 198.9 199.9 200.7 202.9 201.4 197.6 195.8 195.8 198.5 198.1 204.6 204.9 206.4 210.7 205.9 204.1 201.1 198.7 199.2 199.4 198.1 196.3 200.2 204.4 209 202.7 200.2 196.8 194.7
175.3 170.4 176.7 168.6 171.8 168.1 150.9 139.2 148.2 138.1 134.8 134.6 134.8 131.2 141.6 153.8 143.5 136.9 137.1 133.9 133.2 138.1 141.3 149.3 148.2 152 162.7 172.3 176.3 183.4 194.3 200.8 201.4 200.3 198.9 197.4 201.7 203.4 203 200 195.8 195.8 195.8 195.8 195.8 195.8 195.8 195.8 195.8 195.8 195.8 196.3 198.1 199.7 202.3 201.7 199.2 195.8 195.8 195.8 195.8 200 204.4 206.7 207.6 206.9 205 202 198.7 196 197.7 196.8 197.2 198.1 200 204.1 204.8 204.5 198.5 194.9
169.3 167.3 170.8 165.1 163.2 165.1 150.1 139.6 151.7 139 134.8 134.9 137.8 153.4 166.2 160.6 154.7 151.2 147.9 139.4 136.7 135 137.8 140.3 143.9 149.7 157.5 166.8 169.5 174.9 185 191.8 196.5 196.6 194.5 197.4 201 204.7 203.1 202.7 199.3 195.8 195.8 195.8 195.8 195.8 195.8 195.8 195.8 195.8 195.8 195.8 194.8 197.2 201.1 204 198.8 204 201.6 195.8 195.8 201.8 205.6 206.5 207.3 206.3 205.8 204.7 203.1 197.6 195.3 193.3 194.8 194.5 194.6 199.4 203.4 203.6 201.1 196.1
178.5 171.7 166 159.3 159.9 153.9 146.4 159 155.1 140.1 134.7 139.6 163.6 168.7 172.7 162.6 158.5 156.3 154 149 142.3 140.2 142.1 146.5 148.8 147.7 148.5 150.4 161.6 169.9 177.3 183.8 189.7 191.4 189.2 195.3 199.2 201.6 203.1 203.1 201.8 199.1 195.8 195.8 195.8 195.8 195.8 195.8 195.8 195.8 195.8 195.8 197.9 193.7 194.4 200.2 197 201.1 202.2 198 195.8 195.8 203.7 207.6 206.9 205.8 205.4 203.6 202 199.7 196 192 191.1 192 194.3 198.2 200.8 201.2 200.2 197
185 180.9 171.8 159.5 153.8 146.2 143.8 158.7 162.3 138.4 135.2 160.1 171.7 170.1 162.1 161.4 160.1 159.9 157.5 157.8 146.2 150.5 147.6 152.3 156.6 156.1 152.8 149.6 150.9 156.4 169.9 172 178.2 184.6 192.7 195.8 200.1 201.8 203.7 203.4 202.7 201.6 198.5 195.8 195.8 195.8 196.3 195.8 195.8 195.8 195.8 197.5 196.7 195 191.7 193.5 195.8 198.6 200.5 202.1 201.6 197 198.4 202.7 203.7 210.5 203.7 201.6 200.4 198.5 196.4 192.6 190.5 191.3 195.1 197.3 199 198.8 197.8 196
184.3 176.6 171.7 155.9 151.1 139.1 143 159 158.6 154.4 139.3 144.6 158.3 159.9 162.8 164.2 163.7 158 154.9 152.9 151.7 152 154.5 157.3 163.2 167.4 158.7 154.1 154.6 151.9 153.8 158.8 171.2 184.4 191.2 196.7 201.8 205.2 204.7 204.4 203.4 201.7 199.2 196.1 195.8 195.9 197.2 198.4 201.4 198.4 198.4 198.1 197.1 195.8 195.8 195 195.4 198.8 200 203.5 200.8 201.7 199 200 204 210.1 207.5 202.6 200 198.7 196.7 192.7 189.9 191 193.5 195.9 196.5 196.1 196.5 195.1
