public/OST50/NG98.asc
ncols 200
nrows 200
xllcorner 190000
yllcorner 880000
cellsize 50
[rows 35 to 69 of 200, columns 78 to 155 of 200]
133.8 128.7 122 105.7 93.7 76.8 65.9 74.4 81.8 107.1 125.8 152.1 182.5 179.4 177.1 178.2 193.6 187.8 187.4 188.4 187.8 192.7 194.6 194.4 185.7 193.2 197.3 188 181.6 169.7 147.3 143.8 169.6 186.6 195.9 195.7 190.4 180.6 173.7 175.8 178.3 178.2 168.5 165.3 149 144.3 137.4 120.8 108.7 107.4 113.1 126.2 144.5 159.6 185.1 181.6 168.4 155.8 154.6 151.4 152.8 154.4 169.8 167.4 168 161.3 162.1 156.4 155.1 157.5 158.6 147.7 140.6 131.3 125.9 119.7 115.7 115
146.2 145.4 133.9 108.1 91.8 71.3 68.7 79.2 81.7 111.3 129.6 156.9 169.8 167.7 170.8 171.5 175.8 179.9 184.3 187.1 182.8 184.7 194.8 189.4 186.4 192.5 200.4 200.1 194.9 185 159.3 143.5 151.9 174.4 178.3 175.4 170.7 171 168.4 167 177.3 192.3 175.6 162.1 150.3 162.6 157.1 144.1 130.5 111.3 110.3 121.5 131.8 142.2 156.7 171.6 164.4 152.7 147.1 145.5 153.8 155.8 162.1 167.1 167.5 167.4 164.8 156.7 154.8 168.5 180.3 156.1 139.5 133.2 127.4 126.2 127.6 120.6
149.5 144.4 136.9 116.4 95.5 67.7 70.1 78.6 85.8 97 118.2 146 158.1 160 163.5 167.2 169.9 172.5 177.2 179.2 183.3 182.3 182.3 182.3 182.3 185.2 189.6 196.5 194.7 186.8 169.6 151.9 145.5 157.4 161.2 166.1 165.1 165.2 168.6 175.5 183 187 181.1 161.2 159.7 173.1 170.5 162.1 149.5 129.9 110.3 112.5 133.5 143.3 151.8 162.2 154.2 145.5 145.5 145.5 153.4 152.3 154.5 161.5 165.7 159 154.3 155.2 157.3 171.4 180.8 175.6 147 149.6 142.8 134.2 134.2 136
143.6 135.2 131.3 116.1 95.5 70.5 73.6 81.1 91.4 98.2 116.8 140.4 148.3 154 158.3 162.6 165.4 168.1 177.4 183.6 198.7 193.2 191.5 182.3 190.9 203.7 206.3 206.1 203.4 199 192.4 168.4 152.5 159.1 164.2 161.9 161.1 169.2 183.7 194.6 204.2 201.8 175.7 168.2 174 188 189.5 188.3 169 144.7 130.1 110.6 112.6 131.2 139.9 157.2 155.4 145.5 145.5 145.5 157.2 159.2 164.8 168.8 172.5 163.1 154.3 154.3 160.6 173.5 194.4 195.9 169.6 165.4 154.5 140.9 148.8 171.1
133.9 128.6 125.5 111.7 92.3 80.7 76.7 87.3 100.4 106.5 113.3 129.1 141.2 147.2 156.9 162.6 165.8 168.2 201.2 204.9 197.7 196 198.3 195.2 200.9 214.9 213.5 202 194.4 187.7 184.6 183.7 165.4 159.7 159.3 162.2 162.2 177.2 188.2 198.4 199.7 188 175.8 184.6 191.7 188.3 191.8 187.1 173.9 156.1 141.7 125.1 111.9 112.7 120.6 140.6 154.1 149.6 145.5 145.5 158.7 169.6 181.9 178.5 169.9 157 154.3 156.1 176.5 187.5 194.5 199.2 192.1 178.5 164.1 152.4 162.8 187.5
132.8 124.8 121.6 107.4 92.6 81 78.5 94.8 107.8 114.7 122.5 130.5 129.8 141.4 156.9 158.4 166.2 182.1 204.3 201.7 190.3 191.6 192 195.1 197.5 192.1 197 191.8 184.8 182.7 185.1 187.7 174.8 157.9 161.9 164.7 175.7 184.9 199.8 209.1 197.6 184.5 183.3 187.2 189 181.3 181.4 177.8 166.7 163.2 154.1 137.4 119.8 115.8 121.7 138.2 150.4 155.4 151.4 147.3 173.5 182.4 177.7 178 167.5 156.3 157.8 181.7 197.9 205.4 202.6 202.2 206 183.6 166.9 162.6 181.8 188.2
128.8 123.7 113 104.2 95.3 82.8 86.6 100.9 118.5 127.6 131.8 130.7 132.3 131.3 139.7 145.9 155.5 176.5 181.1 181.3 184.9 193.6 199.7 188.3 191.4 187.4 191.2 187.3 184.6 178.9 177.4 183.1 184.4 169 166.3 175.4 181.6 189.3 196 200 185.9 181.4 181.4 181.4 181.4 183 190.9 189 177.2 178.8 165 147.8 136.7 122.7 120.2 135.9 155.1 175.2 175.5 159.4 153.8 179.1 181.2 174.2 178.3 177.8 170.4 189.2 201 209.1 206.4 204.2 202.5 182.5 174.8 167.2 186.6 187.6
126.8 120.4 114.7 105.3 91.2 78.2 98.1 108 115.8 123.9 138.4 152.5 145.5 134.4 136.9 135.7 150.5 153.1 164.6 168.9 175.4 182.7 178.1 175.6 176.3 175.2 175.9 190.4 192.6 183.5 175.9 175.9 176.5 168.1 167.6 173.6 173.5 176.4 182.4 185.6 184.3 182.2 184.4 181.4 181.4 181.4 181.6 196 190.1 175.3 162.9 147.5 141.5 138.6 123.2 136.2 159 176.2 182.8 183.1 170 157.7 171.1 180.1 180.1 179.9 174.4 179.2 195.5 206.1 201.5 194 188.3 182.2 175.3 167.8 173.2 180.1
129.9 120.2 119.3 105.9 90.3 93.3 107.9 119.9 129.2 130.6 127.1 145.9 139.9 137.2 132 130.9 132.5 147.9 155.6 162.5 163.8 163.8 161.1 161.6 167.6 167.7 173 177.5 181.1 183.1 179 176.1 173.3 163.8 164.7 168.1 174.5 182.6 197.8 203 208.7 200.8 197.1 181.4 181.4 181.4 185 194.9 189.7 175.2 169.9 165.2 146.8 141.9 139.2 130.2 153.8 162 175.2 189.2 203 184.9 165 166.8 179.4 179.3 172.7 173.7 193.8 195.2 191.8 189.1 190.1 179.8 177 167.8 168.6 174.6
134.8 126.3 111.9 104 86.8 104.6 118.3 126.2 118.8 127.3 125.6 126.8 127.7 138.4 135.8 131.5 133.8 152.8 152.6 152 152.8 153 151 161.9 174.9 167.5 167.9 171.4 183.5 183.2 178.7 175.7 164.5 164.7 164.7 175.4 181 190.9 205.8 205.9 212.5 214 214.1 207.9 187.4 181.4 194.7 199.3 192.6 184.5 185.6 172.7 165.3 151.5 155.5 140 140.9 151.3 179.8 193.5 213.4 203.3 188.5 173.7 163.8 165.6 176.2 171.7 182 194.8 193.7 184.6 188.5 171.4 169.6 167.9 167.8 173.7
135.4 124.6 114.6 103.2 85 107.6 114.2 115.5 117.3 122.8 122.7 119.7 117.3 121.6 128.5 131.1 138.9 157.1 158.8 151.1 147.9 144.8 143.1 156.9 170.4 174.4 168.6 168.4 172.6 177.5 172 171.5 168.2 174.1 180.6 173.3 181.6 192.4 196.3 197.5 209.6 209.8 206.9 202.4 189.1 188.8 206.4 200.1 192.9 179.5 185 179.1 164.8 157.1 148.7 150.6 140.6 142.3 175.8 185.3 218 214.6 199.2 179.8 167.6 173.6 172.8 170.9 181.1 198.3 182.2 185.4 172.6 169.6 172.2 167.8 167.8 167.8
138.8 127.5 121 103.2 85.2 102.8 107.6 114 116.1 117.5 116.7 114.2 114.6 117.9 118.9 134.1 148.1 155.8 153.5 154.2 145.9 138.9 137 145.9 164.6 180.7 165.9 171.3 181.1 175.7 179 186.4 186.4 185.4 190.2 173.2 183.2 198 197.1 198.1 204.6 207.5 205.1 197.3 190.1 194.5 192.2 189.8 180.6 175.9 168.4 163.5 161.8 160.9 163.8 154.8 152.1 146.4 149.1 168.8 200.8 214.4 199.6 177 173.9 176.1 183.4 179.3 173.4 179.5 181 178.5 170.2 170.1 174.5 174.8 170 179.1
143.2 129.7 117.9 101 85.5 98.6 101.7 106.8 112.5 114.4 112.4 113.1 111.8 114.9 118 124.5 142.6 157.7 152.1 145.5 142.4 135.6 133.9 141.6 169.5 169.5 172 187.4 199.5 189.3 181.4 193.7 197.1 196.2 190.4 183.3 180.5 190 192.3 199.2 199.8 199.8 198 194.7 191.5 192.7 193.3 178 175 171.4 160.4 160.6 161.5 170.2 182.1 162 157.7 153.7 152.6 162.6 187.6 208.3 200.6 178.2 176.1 176.1 177 176.6 172.9 164.9 178.2 181.1 171.7 169.4 185.5 190.8 168.3 170.3
148.5 134.5 122.9 103.9 86.6 93.1 96.4 101.9 103.9 110.6 108.5 109.3 105.2 112.3 117.7 119.2 126.8 136.5 148.9 141.5 133.1 133.8 132.6 140.2 163.7 161.5 175.6 198.8 211.8 194.5 197.8 193.8 195.7 198.3 197.9 189.5 182.3 193.7 205.1 203.3 212.6 219.1 214.7 198.5 194 195.3 179.4 169.5 164.9 162.6 158 161.3 175.3 190.7 192 177.8 163 155.2 157.1 157.6 171.8 178.5 178.3 185 177.7 182.1 187.6 189.2 191.7 181.4 172.6 171.1 168.1 163.1 177.4 176.1 163.9 155
155 142.3 130.5 111.7 88.9 88.5 91 96.3 101.2 103.4 106 103.1 103.5 113.4 119.6 117.3 118.9 122.9 129.8 134.6 129.6 129.2 130 141.6 151.8 151.6 175.9 208.2 201.1 200.4 208.4 199.7 195 201.6 205.7 199 187.8 191.9 210.6 226.1 231.3 226.4 209.5 197 193.3 184.4 171.2 160.4 158.4 160.2 160.6 160 180.7 185.5 179.8 176.1 163.5 158.1 162.5 163.9 158.8 158.7 163.6 182.5 205.5 199.5 196.9 198.5 199.3 192.9 179.5 159.2 153.3 153.7 159.3 154.4 160.8 162.4
157.5 144.8 132.8 116.5 91.7 93.4 92.8 92.3 95 97.1 105.6 102.7 101.4 111 118.7 111.3 115.6 118.7 121.4 122.1 126.5 134.7 131.3 135.4 144.9 157.6 175.1 197.9 197.2 202.5 206.4 200.2 195.3 208.2 212.5 208.8 196.4 189.1 212.6 237.2 233 216.7 199.6 189.4 182 169.9 162.8 157.7 157.7 157.8 161.8 161.8 168.9 169.9 167.3 165.9 164 164.3 163.1 167 171.8 168.6 175 188.1 205.5 207.5 202.8 202.3 200.1 196.4 186.8 171.9 157.7 153.7 154.2 153.7 161.4 162.8
160.1 146.5 134.8 118.1 98.3 97.6 93.9 92.4 93.3 93.5 98 98.3 98.9 102.8 108.5 110.1 119.2 126.2 123.6 126.8 130.7 133.1 135.1 136.1 144.1 146.7 170 185.1 205.7 199 205.2 204.2 209.6 211 219.7 216 211.2 198.1 200.8 228.5 219.1 199.5 191.8 182.3 176.8 166.8 163.4 164.5 159.7 159.8 160.1 162.2 171.4 169.2 164.9 172.4 173 169.1 168 173.6 182.8 186.2 187.5 192 204.3 211.1 211.8 206.2 196.7 191.2 184.4 176.6 168.2 154 153.7 153.7 153.7 153.7
157 147.7 135.9 118 98.5 101.2 98 94.9 94 94.1 93.1 93.3 97.7 104 105.3 107 112.5 125.6 128.9 131.3 134.8 131.9 130.2 133.4 139 140 156.2 173.5 198.5 192.4 199.1 203.3 206.4 212.4 216.4 222.6 216.7 217.9 200.3 213.5 204 195.2 188.2 177.3 175.6 175.4 173.6 161.9 164.6 169.1 171.7 171.9 161.8 161.8 162.4 169.6 170.7 167.1 173.2 182.8 189.5 201.5 210.5 205.6 198.9 200.1 197.2 203.5 205.8 187.7 178.5 169.3 161.4 156.8 153.7 153.7 153.7 153.7
156 147.2 131.9 114.3 99.8 101.9 105.5 97.2 93.9 100.3 96.5 94.8 101.6 100 101.8 105.5 112.2 123.7 129.8 126.3 126.3 126.7 128.7 129.5 134.5 134.7 144.5 165.9 177 184.8 194.3 206.6 206 208 212.4 224.6 230.3 230.6 218.9 200 194.6 188.5 180.9 175.8 179.5 183.6 179.8 165.6 168.9 171.9 173.4 168.2 161.8 161.8 161.8 168.8 167.3 168.6 178.9 188.1 202.5 201.7 209.2 208.7 198.4 192.5 187.4 183.1 183 182.2 175.8 171.6 165 159.2 156.2 153.7 154.8 153.7
160.3 153.1 136.3 122.6 100.4 105 103.7 101 94.2 99.5 104.8 96.2 96.4 97 101.8 106.7 118 122.4 121.4 124.8 125.7 126.5 129.9 134.3 136.2 137.5 140.6 154.5 172.5 181.3 187.6 201.7 209 209.3 211.4 219 223.8 236 224.7 205.9 193 188.6 183.3 189.1 187.4 183.8 180.4 176.6 176.9 175.2 176.4 168.8 161.8 161.8 162.9 167.3 169.5 181 195.6 204.5 204.9 212.3 214.4 207.4 199.9 194.4 183.4 176.8 174.3 174.5 174 180.2 180.8 174.4 160 155.9 153.7 153.7
160 154.1 145.5 132.1 112.2 103.2 104.4 101.6 95.7 96.4 103.5 98.3 96.3 96.9 106.5 108.8 112.9 112.9 121.6 124.6 134.2 129.6 133.1 133.9 136.9 143 141.4 150.6 168.9 198.9 203.4 204.7 208.5 215.2 208.7 211.3 216.8 219.4 219.4 217.9 195.8 192.5 191.6 190.7 189.3 191.4 190.9 185 179.3 173.3 174.3 175.6 171.3 161.8 161.8 164.6 179.2 196.9 211.2 214.6 215.9 222.3 220 206.4 201.6 195.6 183.8 175.7 173.7 173.8 175.1 175.6 176.5 184.4 177.8 166.6 156 154.7
159.3 154.1 146.6 136.4 122.3 107.1 104.6 104.2 98.8 95.2 96 95.6 95.2 98.7 102.8 103.5 107.2 108.9 119.3 124.9 142.7 146.6 141.6 135.8 136.2 146.8 147.7 157.2 163.6 177.1 198.2 209.7 215.1 225.7 233.3 229.5 223.1 222.4 223 217 201.1 194.5 194.9 200 203 208.1 198.3 186.8 173 173.2 182.2 187.3 180.7 161.8 161.8 165.8 186 215.8 233.4 236 228.9 225.8 221.7 218.7 202.9 192.5 183.3 175.6 173.2 173.2 172.1 172.8 175.1 177.5 180 177.9 158.4 158.4
158 153.5 146.8 137.2 124.5 111 104.1 102.9 101.3 97 96 94.8 95.3 97 100.1 102.7 103.1 107.6 120.1 132.3 146.4 158.9 158.2 145.7 138.9 146.7 153.1 156.4 163.6 172.9 183.7 196.2 214.6 225.6 233.8 234.7 232.5 234 227.9 217.2 201.6 200 202.5 201.3 202 198.5 187.6 181 171.9 175.2 188.3 191.3 180 165.2 161.8 165.5 190.4 233.9 240 238.5 234.4 226 222.8 213.8 204.5 192.5 182.7 174.2 175 180.7 183 176.5 172.9 168.6 175.8 178.6 166.9 160.4
159.7 152.7 146.3 137.2 124.8 106.9 101.1 103 103.3 100.6 96 94.4 95.3 95.5 96.7 100.7 106.5 112.1 127.2 144.6 156.6 168.7 168 162.5 161.1 152.4 158.3 158.5 158.5 169.5 182.3 197.7 198.1 207.3 221.5 227.6 232.9 230.4 225.8 213.9 200.9 192.1 191.8 188.9 191.6 192.5 188.4 179.7 167.8 168.5 183.9 187.2 174.8 164.1 161.8 171.4 214.4 232.7 235.2 235.7 233.4 227 218.2 211 205.3 185 179.1 175.7 185 197.2 198.4 187.9 178.3 172.2 170.4 168.1 175.4 170.2
162.7 155.4 146 137 123.3 102.9 100.6 101.7 101.1 98.8 95.8 94.2 96.7 96.3 97.2 97.7 106.2 112.3 123.8 150.8 162 169.7 174.7 173.9 165.1 160.6 164.2 164.9 161.5 160.7 181 195 198 202.6 208 212.4 225.5 226.7 222.7 216.1 205.6 193.5 186.5 186.6 188.8 191.3 191 174.8 167.9 167.6 173.7 173 172.6 161.8 161.8 176.2 206.7 229.8 237.8 236.6 240.5 224 206.3 203.5 196.8 187 183.6 188.4 192 196.2 201.7 202.4 189.7 174.6 168.5 168.1 168.1 180.1
161.1 154.4 144.7 133.9 123.2 105.1 99.6 98.8 96.7 95.4 95.4 97.2 97.7 97.8 99.8 100.6 104.8 110.6 120.2 135.6 155 165.1 177 174.7 168.3 167.5 170.5 176.1 179.8 165.1 172.9 184.6 192.7 199.5 206.6 207.2 204.1 205.3 204.1 205 197.3 182.8 182.1 184.9 186.6 184.4 178.4 169.3 170.6 172.6 167.6 165.5 162.1 161.8 163.7 191.8 216.5 237.1 237.1 233.2 230.8 218 198.4 189.7 185.9 185.9 199.4 203.7 197.6 196 195.8 201.7 202.4 180.9 169.5 168.1 168.1 168.1
160.1 153.6 142.7 133.6 119 107 99.5 95.6 95.9 95.8 95.3 98.3 100.2 99.6 100.9 103.1 107.7 110.3 113.3 125.9 137.2 154 167.9 169.7 170.6 169.1 173.9 180.2 183.3 179.6 171.9 178.8 182.9 190 195.4 203.2 200.7 201.6 204.8 196.7 183.2 176.7 172.8 176.1 180.2 170.9 168.9 167.4 170.1 170.6 165.3 161.8 161.8 161.8 174.8 200.6 228.9 230.1 227.5 229.5 221.9 204 189.9 185.9 185.9 193 200.3 196.6 201.4 195.2 194.5 201.8 195 185.6 175.4 168.3 168.1 168.5
158.7 153.2 140.9 133.5 116.8 103.6 97.8 97.2 97.9 96.5 96.2 98.2 100.5 103.7 106.5 107.9 111.9 117.4 119.5 124.2 122.5 133.6 147.8 157.1 160.3 163.3 165.2 165.8 168.2 168.7 168.7 170.6 174 179.7 189.3 195.3 195.1 197.8 194.9 188.8 178.5 173 170.2 165.2 161.8 161.8 161.8 162 165.7 161.8 161.8 161.8 161.8 171.7 188.4 206.1 218.9 227.3 221.5 217.3 201.9 190.5 185.9 185.9 191.7 192.7 193 190.5 189.7 189.7 197.4 197.7 191.6 186.3 182.9 175.3 169.6 168.1
158 150.7 141.4 131.5 112.9 102.9 96.8 98.3 98.3 98.3 96.9 99.3 103 108.8 112.4 114.8 119.9 126.1 132.2 137.8 136.9 137.7 142 139 150.9 154.3 156 157 157.2 157.9 160.9 160.2 166.4 172.3 178.9 183.9 185 183.7 183.1 179.9 174.1 168.7 165.1 162.2 161.8 161.8 161.8 161.8 161.8 161.8 161.8 161.8 162.4 172.6 177.4 183.7 198.7 207 209.3 200.5 190.2 185.9 185.9 193.9 190.9 200.1 197 189.7 189.7 213 240.3 240.4 225.1 205.8 191.5 181.8 179.7 177.8
158.1 149.6 140.3 127.6 113.7 103.1 97.2 98.8 99.1 98.5 97.7 100.4 105.4 110.7 116.2 124 127.4 133.5 141.2 146 150.2 146.8 151.1 158.9 157.4 147.2 147.9 148.4 148.8 149.1 150 154.9 161 167.6 172.6 172.5 171.9 170.9 170.6 169.2 163.5 162.2 161.8 161.8 161.8 161.8 161.8 161.8 161.8 161.8 161.8 161.8 161.8 168.7 170.7 180 192.2 201.8 202.8 190.8 185.9 185.9 188.8 189.2 190.1 190.7 190.6 190.5 212.5 243.8 244.3 240.6 245.7 232.6 216.3 199.7 190 194.2
154.5 145.7 138.7 124.6 113.9 100.3 98.4 99.9 100.1 98.5 98.9 101.4 105.7 109.4 117.8 127.7 133.8 147.5 158.8 159.2 166.6 164.3 161.7 167.8 169 154.2 149.1 154 148.9 149.2 150.5 158.8 172 172.9 180.3 177.6 169.9 167.6 163.7 161.8 161.8 161.8 161.8 161.8 161.8 161.8 161.8 161.8 161.8 161.8 161.8 161.8 161.8 167 176.5 190.7 202 198.3 194.2 187.1 185.9 189.8 196.2 200.6 191.2 190.9 196.2 197.9 209.2 224.3 235.9 239.8 237.3 237.9 238.7 221.9 196.4 196.9
147.7 142.9 135.4 125.6 116.6 100.6 99.7 101.8 102.6 101.5 101.8 103.4 106.8 113.9 127 139.7 153.5 170.6 175.1 180.2 186 196.7 190.7 178.8 179 172.8 171.2 177.9 180.2 169.3 172.8 174.9 177.5 176.5 175.6 175.7 170.9 168.5 165.2 161.8 161.8 161.8 161.8 161.8 161.8 161.8 161.8 161.8 161.8 161.8 161.8 161.8 161.8 163.2 172 181.8 185.8 185.1 185.4 193.3 197.9 212 213.6 204.9 200.5 203.8 204.1 218.2 226.2 245.3 242 242.4 240.4 237.6 235.7 240.4 235.5 214.2
146.5 139.5 132.6 124.6 116.8 106.6 105.2 105.1 105.5 105.6 105.9 108.4 110.1 118.4 129.3 146 166 184.8 190.3 195.2 200.3 206 204.3 199.3 182 188.3 187.5 181.3 177.9 175.4 177.1 179.8 184.6 187.6 186.3 178.6 176.2 175.4 175.4 169.6 167.5 167.5 165.8 161.8 161.8 161.8 161.8 161.8 161.8 161.8 161.8 161.8 161.8 161.8 165 172.9 181.5 189.9 199 214.5 205.1 204.2 217.9 231 231 225.3 236.5 242.8 238.6 236 243.4 243.8 240.5 239.3 240.7 241.5 244.9 239.1
146.5 139.3 134.4 127.3 121.4 109.9 101.1 109.4 111.1 110.9 111.4 112.2 116.3 122 129.5 136 148.6 191.5 202 212.2 208.3 214.4 218.9 211.5 191.1 179.7 190.3 188 176.4 175 182.8 182.5 181.6 189.7 189 182 179.2 173.7 171 167.6 166.3 165.9 168.6 161.8 161.8 161.8 161.8 161.8 161.8 161.8 161.8 161.8 161.8 163.5 174.6 184.3 197.6 208.2 212.6 210.4 211 215.5 223.6 234.1 237.5 233.3 242.8 245.6 242.2 240.8 240.7 242.7 248.2 250.7 248.4 247.4 248.9 254.2
147.9 139.9 133.9 128.5 121.3 112.1 101.7 112.6 115.1 116.6 117.6 118.6 122.3 128.3 130.4 139.1 149.5 181.2 203.4 205.7 210 214.2 214.4 215.8 199.2 183.4 178.1 187.8 179.8 171.4 180.4 181.2 182.2 184.2 188.6 186.9 177.3 173.7 171 168 167.1 161.8 161.8 161.8 161.8 161.8 161.8 161.8 161.9 161.8 161.8 161.8 161.8 167.8 181.5 193.6 214.2 229.4 234.5 238.8 235.8 240.7 245.4 242.1 238.6 251 255.1 255.2 258 252.3 259.9 265.1 265.1 266.4 263 262.8 262.3 255.5
