public/OST50/NG98.asc
ncols 200
nrows 200
xllcorner 190000
yllcorner 880000
cellsize 50
[rows 140 to 174 of 200, columns 0 to 77 of 200]
174.4 175.7 178.6 180.2 181.5 182.7 186.1 187.5 189.6 191.1 192.4 192.3 192.8 193 190.5 184.6 184 184.9 185.9 186.4 187.7 187 184.5 185.6 188.1 187.2 187.4 187.7 192.5 196.2 194 192.9 191.5 188.5 184.4 183.7 180.2 176.9 181.2 179.3 182.2 186.3 184.6 175.9 172.9 172.9 172.9 172.9 172.9 172.9 172.9 175.9 178.5 177.5 175.1 174.5 170.8 165.9 165.9 173.2 175.7 183.2 184 188.1 191.3 191.9 190.5 190.8 191.4 191.8 194.7 194.5 189.1 185.2 184.9 186.6 186.4 186.1
166.6 171.5 175.2 179.7 180 184.2 187.1 187.3 188 191.3 193.5 198.8 196.4 192.5 188 184.2 190.7 190 186.1 184.6 184.9 184.8 184.5 184.5 184.5 184.8 186.1 186.2 189.2 192.6 192.9 190.2 189.1 192.3 189.7 183.7 179.4 178.2 182.5 183.1 184 189.7 192.4 189.6 185 182.3 174.6 172.9 172.9 172.9 172.9 175.3 180.7 181 175.4 175.5 172.7 165.9 165.9 171.3 171.7 177.6 179.6 180.1 183.9 186.4 186.9 188 187.8 187.8 186.6 186.7 186.8 181.3 183.9 185.9 187.3 179.6
171.8 175.4 177.3 177.3 177.5 180.5 183.1 183.7 184.7 186.8 191.3 197.5 201.9 199.2 185.3 186.7 192 194 195.2 191.2 186.1 184.5 185.3 189.8 191.1 191 191.8 192.4 193.6 193.8 191.8 189.6 189.6 187 186.8 184.7 180.5 183.2 184 183.9 183.5 186.9 190.8 185.4 183.6 182.4 178.2 178.3 173.2 172.9 172.9 173.9 180.1 178.4 172.9 165.9 165.9 174.9 177.4 179.8 181.8 184.5 180.7 183.3 182.5 181.6 182.5 185 186.8 187.6 184.1 178.1 178.1 178.1 178.1 179.8 183.3 178.1
173.5 179.9 178.6 176.4 176.4 178.3 180.6 181.7 182.8 183.9 193.8 191.1 189 185.5 181.2 188.9 189.9 194.4 193.6 192.3 187.5 187.5 192.2 195 199.3 204.2 205.2 202.9 201.8 200.6 200.1 196.9 197.8 200.2 200 193.6 189.6 191.5 190.2 188.5 185.4 185.3 184.8 183.3 181.4 180 178 176.8 175.6 172.9 172.9 172.9 177.6 174.3 171.6 165.9 175.8 179.5 181 182.1 185.3 189.6 191 190.4 186.1 185.3 184.3 187.2 187.1 187.4 183.4 181 178.1 178.1 178.1 178.1 178.1 180.8
173.4 177 178.5 174.9 174.3 177.4 179.1 180.3 181.1 181.3 187.6 186.9 180.9 179.3 181.3 185.6 190.4 197.6 193.3 190.7 187.4 191.8 196 201.3 204 210.7 210 214.9 212.3 205.6 205.3 201.7 199.2 199.7 198.8 196.9 192.1 192.1 191.8 192.9 191.4 186.2 185.2 184.9 182.2 178.8 177.1 176 174.8 175.7 173.6 172.7 174.6 173.5 171.7 171.4 176.6 181.5 181.5 181.9 182.8 187.1 194.8 195.8 197.2 190.5 191 188.3 188.7 188.6 186.2 182 182.4 178.1 178.1 178.1 180.5 178.1
176.9 174.3 175.4 174.3 174.3 174.3 177.6 175.3 178.1 178.3 179 179.3 178.3 180.9 181.1 182.7 191.8 203 194.3 193.1 193.7 191.6 196.5 202.4 208 213.4 223.3 221.7 221.1 216.4 209.9 205.3 203.7 200.9 200.7 197.9 194.6 193.3 193.2 195.1 191 188.6 187.4 188.4 189.5 184.9 179.7 177.2 176.2 176.1 173.5 167.7 165.9 165.9 165.9 165.9 177.4 177.5 175.4 177.9 181.3 181.9 187.7 192.1 193 190.9 190.4 190.1 190.1 188.5 186 184.1 183.2 178.1 178.1 178.1 182.1 181.6
177.8 177.4 176 174.3 174.3 174.3 174.3 174.3 178.7 180.2 178.9 178.9 178.7 178.4 181 182.7 192 195.7 197.5 196.3 199.7 196.5 201 205.3 211.7 213.9 222.5 227.7 231.4 227.4 220.9 210.4 206.6 203.8 201 198.9 197.6 194.9 194.1 194.8 193 188.6 187.2 188.1 191 191.4 184.5 182.1 180.4 175.5 172 165.9 165.9 165.9 165.9 165.9 173.8 172.3 171.3 172.8 174.2 175.4 185.3 187.4 188.5 188.8 186.6 185.4 185.5 185.1 183 183.7 184.7 184 180.9 178.1 182.9 182.5
181.2 179.8 175.1 174.3 174.3 174.3 174.3 178.5 180.4 183.7 182.7 179.6 178.6 180.6 182 185 190.4 195.6 202.6 202.1 200.4 203.4 203.2 209.7 212.4 218.7 224.6 229.7 233.8 230 225.6 217.9 209.8 206.5 204.3 200.5 198.1 197 194.5 192.1 190.8 187 185.6 184.9 185.8 185.3 182.2 180.6 181.4 180.3 166.1 165.9 165.9 165.9 165.9 165.9 165.9 165.9 165.9 167.4 178.6 182.1 186.7 185.4 184 182.8 182.4 180.6 180.6 179.4 179.6 181.3 180.1 182.2 179.2 179.8 183.9 182.7
188.6 184.2 176.8 174.3 174.3 174.3 174.5 179.1 181.4 184.5 186.6 183.1 180.3 182.2 181.4 183.7 190.5 197.9 203.2 204.5 203.2 201.6 208.2 212 220.1 224.3 228.6 227.5 225.1 224.3 223.7 219.8 214.7 209 206.7 201.8 200 198.4 195.6 191.5 187 184.2 184.2 183.1 183.6 181.2 177.1 175.3 175.5 175.7 166 165.9 165.9 165.9 165.9 165.9 165.9 165.9 165.9 174.4 177.1 178.8 179.8 179.4 178.9 179.1 179 177.8 177.8 178.4 177.5 175.4 175.4 175.4 175.4 178.1 180.3 180
188.7 188.2 178.7 180.6 177 178 175.3 181 183.4 184.9 187.7 186.2 184.6 184.1 183.6 186.2 190.6 198.8 205.8 208.5 205.9 204 209.5 212.9 220.1 224.4 234.3 234.5 222 221 219.8 217.6 215.2 211 205.8 202 200.1 199.5 194.9 190.9 185.4 184.3 184.5 183.9 175.9 177.3 173.7 173.5 174.6 172.8 165.9 165.9 165.9 165.9 165.9 165.9 165.9 170.1 171 165.9 173.2 176.3 176.1 176.7 175.4 174 175.8 175.9 177.1 178.3 175.4 175.4 175.4 175.4 175.4 175.4 178.2 179.2
188.4 189.9 186.2 184.3 184.4 180.8 181 183.3 184.9 187.8 187.8 187.1 187 185.7 187 188.5 191.6 195.4 200.9 209 210.5 209.2 210.5 214.1 219.8 226.9 226.8 230.1 226.1 224.7 225.8 223.9 216.6 210.1 205 199.9 197.2 196.3 195 193.8 193.4 192.4 190.3 185.6 179.5 178.6 175 176.3 177.3 175.2 165.9 165.9 165.9 165.9 165.9 165.9 165.9 165.9 165.9 165.9 165.9 165.9 165.9 165.9 165.9 166.1 174.5 177.2 179.5 178.6 175.4 175.4 175.4 175.4 175.4 175.4 175.4 177.7
186.8 187.6 185.7 187.4 187.8 185.4 184.7 185.7 187.2 187.7 188.3 187.6 187.3 185.8 189.2 194.5 192.9 193.8 201.2 211.2 215.9 213.6 216.1 220.1 219.5 221.9 223.2 228.8 234 233.1 228.7 225.1 222 218.2 215.8 211.3 202.2 200.3 200.4 198.3 197.9 196.2 190.9 183.8 176.8 179.7 181.3 181.6 181.6 175.7 165.9 165.9 165.9 165.9 165.9 165.9 165.9 165.9 165.9 165.9 165.9 165.9 165.9 165.9 165.9 165.9 170.5 173 179.8 179.1 175.4 181.5 183.4 183.5 178.1 178.1 177.4 180.3
182.6 186.6 184.3 184.1 186.6 189.5 186.9 188.4 190.3 190.8 189.9 188.1 188.4 187.5 191 195.5 193.6 196.6 204.3 217.2 228.2 225 221.3 223.9 226.3 224.5 220.7 229.5 231.1 229.5 226.6 224.5 224 228.2 228.4 220.6 214.6 207.6 203.8 200.2 196 191.4 184.8 179.8 180 188.9 187.5 185 185 175.8 165.9 165.9 165.9 165.9 165.9 165.9 165.9 165.9 165.9 165.9 165.9 165.9 165.9 165.9 165.9 165.9 165.9 165.9 177.1 176.7 175.6 177.6 183.6 183 182.4 180.9 182.3 182.7
178 181 182 181.2 184.2 192.6 194.2 190.5 192.7 194 193.8 188.4 187.8 187.3 187.9 191.8 191.8 198.8 209.2 215.2 226 230 225.3 227 231.1 231.2 227.9 230 233 228.7 225.6 224.4 223.3 223.2 228.7 225.5 222.2 212.5 205 199 193.6 189.6 181.6 183.5 190.1 191.9 189.3 187.3 185.3 172.2 165.9 165.9 165.9 165.9 165.9 165.9 165.9 165.9 165.9 165.9 165.9 165.9 165.9 165.9 165.9 165.9 165.9 165.9 171.8 176 179.9 186.8 183.5 178.6 179.7 180.3 182.7 184.8
179 178.2 178.3 178.5 182.4 191.7 195.7 195.6 193.1 194.6 196.1 189.6 187.8 187.9 191.7 191.2 196.4 203.9 207.3 211.4 221.1 222.3 227.2 234.9 233.4 232.4 233.9 238.2 241.1 238.1 231.7 225 218.8 218.3 223.6 220.7 221.7 216.1 209.7 198.9 191.4 184.8 183.5 190.4 192.2 190.6 185.3 182.7 174.4 165.9 165.9 165.9 165.9 165.9 165.9 165.9 165.9 165.9 165.9 165.9 165.9 165.9 165.9 165.9 165.9 165.9 173.1 170.3 165.9 166.5 179.2 180.4 178.9 176.9 177.3 176.7 178.2 186.1
179.1 175.4 173.3 174.1 180.7 193.3 195.5 194.5 193.7 194 193.8 189.8 186.8 192.1 194.4 196.7 197.6 204.1 208.1 212.2 218.6 226 230.5 234.1 234.6 235.1 237.4 245.2 245.9 242.2 241.5 241.1 238.7 233.9 224.4 217.3 215.8 216.9 210.3 202.9 192.1 186.5 185.2 185 187.4 188.6 183.9 178.5 165.9 165.9 165.9 165.9 165.9 165.9 165.9 165.9 165.9 165.9 165.9 165.9 165.9 165.9 165.9 165.9 165.9 165.9 165.9 165.9 165.9 165.9 173.8 173.6 174.6 174.9 174.7 174.8 176.3 179.1
174.8 174.1 173.9 171.6 180.3 193.2 195 195 194.8 194.6 193.8 190.4 186.8 186.8 198.9 204.5 208.9 209.8 214.6 219.7 221.8 225.2 228.7 227.8 231.2 233.8 237 240.3 241.6 246.3 244.3 237.8 237.5 235.7 232.9 230 227.8 222.6 217.3 202.1 200.5 197.8 194.3 190.8 187.2 186.2 182.9 175.6 165.9 165.9 168.3 165.9 165.9 165.9 165.9 165.9 165.9 165.9 165.9 165.9 165.9 165.9 165.9 165.9 165.9 165.9 165.9 165.9 168.4 165.9 174.1 174.7 175.5 176.4 176 175 176.5 176.6
172.3 173.1 172.1 171.4 177.4 188.4 193.1 194.3 194.1 194.5 194.1 190.8 186.8 186.8 195.3 207.6 219.2 215 218.7 228.5 229.5 231.2 232.2 233.7 231.3 231.4 231.9 236.3 239.3 243 241.2 239 238.3 239.7 235.6 231.5 227.8 223.7 216 219.8 215.4 207.1 200.8 192.4 187.6 185.2 179.7 175 173.5 173.6 176.7 176.7 175.2 168.7 165.9 165.9 165.9 165.9 165.9 165.9 165.9 165.9 165.9 165.9 165.9 165.9 165.9 170.1 174.9 177.6 176.5 175.9 176.9 178.4 176.5 175.3 179.6 180.5
166.7 171.7 171.7 172.9 178.4 186.4 191.3 193 194.3 194.4 194.2 190.6 186.8 186.8 195.7 208.6 215.4 217.9 219.7 222.8 229.7 230.4 233.2 237.2 238.8 235.5 235.6 236.3 238.7 245.7 246.6 243.6 243.8 240.6 235.4 229.6 228.5 222.4 223.4 223.5 218.2 209.8 199.6 192.6 188.2 182.3 179.7 176.6 175.5 175.6 177.5 181.7 179.3 179.6 166.8 165.9 165.9 165.9 165.9 165.9 165.9 165.9 165.9 165.9 165.9 165.9 165.9 169.2 177.7 181.5 182.3 179.4 178.8 178.3 177 179 183.9 181.8
168.2 173.4 179.7 182 184.2 184.1 188.5 191.7 193.8 194.3 192.9 188.6 186.8 191.2 203.3 211.7 221.4 219.4 221.2 225.3 228.3 230.8 235.8 239.3 240.3 241.3 241.5 243.1 247.3 245.6 244.6 245.2 244.5 243.3 240.9 236.1 228.3 225.4 228.3 221.7 217.1 209.6 198 191.9 187.2 184.1 180.4 177.5 177.4 175.3 176.5 179.5 177 179.1 168.7 165.9 165.9 165.9 165.9 165.9 165.9 165.9 165.9 165.9 165.9 165.9 165.9 177.9 180.5 181.5 181.4 180.1 180.1 179 178.3 179.7 182.1 181.1
169.3 177.8 181.6 183.8 184.8 186.6 189.2 191.2 193.3 194.5 193.4 187.8 187.7 197.1 208.2 212.2 220.3 222.3 223.7 228.7 230.7 232.3 235.5 246.5 244.9 245.5 249.4 246.9 247.8 247.8 247.2 246.2 248.2 244.9 238.7 233.5 230.7 229.2 224.6 223 216.9 206.6 197.8 190 184.5 180.1 177.7 177.4 175.6 175.3 174.9 174.1 172.5 172.9 172.5 174.8 171.3 165.9 165.9 165.9 165.9 165.9 165.9 165.9 165.9 165.9 165.9 175.9 179 179.9 180.7 180.7 180.2 179.6 179 179.2 183.1 181.8
166.7 178.3 183.4 184.9 186.3 189.2 191 192.6 194 194.3 192.2 188.8 190.4 199.5 210.5 215.4 219.7 221.9 226.8 230.3 233.7 237 238.5 241.3 247.8 251.3 251.5 248.8 247.2 246.4 246.3 248.4 248.4 247.4 239.1 233.6 233.6 234.9 223.5 220.3 217.4 207.6 199.6 191.9 183.8 178.3 176.6 175.7 175.6 175.1 172.7 172.2 172.4 172.7 173.1 175.2 174.4 170.5 165.9 165.9 165.9 165.9 165.9 165.9 165.9 165.9 165.9 165.9 177 178.2 181.1 181.1 180.4 179.2 178.7 177.9 178.1 180.3
162.8 177.7 187.3 190.2 191.9 195.7 193.7 195.1 196 194.6 192.2 190 194.3 204.4 209.6 219.9 223.1 225.3 225.2 231.7 238.2 239.7 240.9 242 244.6 248.4 248.4 248.2 248.4 248.3 249.6 248.9 244.8 239.6 236.3 232.9 235.2 234.8 227.6 221.4 214.6 210.1 201.3 194.6 185.5 179 176.9 175.6 176.9 176.2 172.8 172.3 172.4 172.5 178.7 177.7 174 172.8 165.9 165.9 165.9 165.9 165.9 165.9 165.9 165.9 165.9 165.9 165.9 174.7 181.2 180.8 179.4 178.9 178.4 178.2 178 178.9
160.4 171.6 187.3 195.6 198.8 200.9 203.6 201.5 200.2 199.9 195.9 195.3 197.1 202 210.6 219.1 222 230.6 231.2 230.9 239.9 242.4 243 244.2 245.9 250.1 250.1 250.7 248.5 247.6 249.3 250.6 243.7 241.2 242.5 240.9 238.1 234.3 229.2 225.4 218.7 209.4 199.9 190.6 184.5 179.6 176.3 177 180.4 176.1 178.5 173.2 172.6 175.4 184.5 179.6 173.8 170.9 165.9 165.9 165.9 165.9 165.9 165.9 165.9 165.9 165.9 165.9 165.9 170.8 178.6 175.7 178.8 178.4 177.8 176.6 176.6 178.2
160.8 170.4 180 191.1 198.2 200.7 203.1 206.5 205.2 200.6 204.7 202.8 205.2 206.9 211.7 217.2 226 230.2 233.8 234.5 237.5 240.8 242.1 244.2 245.4 248.1 254.4 252.5 251.1 248.6 247.6 248.5 244.3 242.2 243.5 243.2 237.9 234.3 227.4 220.9 215.5 212.1 202.2 188.4 181.3 177.8 176.6 177.1 179.7 180.4 182.1 176.6 174 179.1 181.8 179.3 176.7 173.4 165.9 165.9 165.9 165.9 165.9 165.9 165.9 165.9 165.9 165.9 174.1 177.6 179.5 176.7 177.1 177.9 177 174.5 171.1 173.7
163.7 171.6 177 184.1 191 197 201.9 205.6 210 204.9 204.3 208.3 207.2 208.1 212.9 217.9 223.8 228.2 232.2 235.6 237.7 239.3 240.5 242.5 243.2 243.6 249 249.2 248.7 246.4 247.8 248 243 242.7 243 239.9 236.9 233.8 226.8 220 216.1 209.4 200.7 188.4 180.4 177.1 176.4 176.5 178.3 178.2 181.5 178.9 177.6 178.1 180.9 182.5 188.6 180.4 176.8 176.5 176.1 165.9 165.9 165.9 165.9 165.9 165.9 165.9 176.1 178.7 180.8 179.6 181.7 175.9 174.9 173.7 165.9 165.9
170.9 181.2 178.8 180.3 186 191.6 193.3 203.2 209.9 212.2 215.9 214.7 214.5 214.9 219.6 221.5 225.8 229.2 231 234.2 236.7 238.3 239.5 240.4 241 241.6 242.1 244.7 243.3 243.9 244.8 246.6 240.9 243 240.7 238.9 236.2 229.9 224.8 220.9 215.9 206.1 196.4 187.1 180.7 177.3 176.3 176.4 177.3 177.6 179 180.4 181 179.1 179.6 180.8 183.4 184.2 180.6 181.1 181.1 177.3 174.6 172.8 165.9 165.9 165.9 165.9 169.1 174.8 176.4 177.9 179.4 177.7 170.5 165.9 165.9 165.9
163.8 172.3 178.6 180.1 183.4 186 188.2 193.9 205.7 216.6 225.5 226.4 225.5 225 224 225.7 228.5 234.2 234.7 235.3 235.3 237.1 238.1 239.5 240.8 239.9 238.9 238.1 238.1 240.8 239.4 237.2 234.9 234.1 233.3 232.8 229.5 226 222.3 218.7 214.1 202 193.4 187 181 177.5 177.1 176.7 178.5 179.3 179.9 180.3 179.9 179.4 180.1 183.8 180.2 180.5 182.9 185.1 183.6 181.3 178 181.6 177.7 166.5 165.9 165.9 165.9 165.9 169.9 173.6 175.3 175.2 166.9 165.9 165.9 165.9
165 167.7 172.6 177.9 182.1 185.4 190.4 194.4 202.4 213.9 226.3 232.4 236.7 235.8 235.5 231.6 231.1 233.5 235.6 236.2 236.4 238.3 238.3 238.9 238.9 238.9 237.8 237 235.2 235.6 233.8 233.8 234.1 234.1 233.5 231.9 228.6 225.5 222.7 218.3 208.5 198.6 189.9 186.8 184.2 178.6 178.1 177.1 182.9 180.1 180.6 180.9 179.5 180.1 180 187.5 184.1 181.7 187.3 186.3 183.9 179 179.5 178.2 173.9 167.9 165.9 165.9 165.9 165.9 165.9 165.9 165.9 166.3 165.9 165.9 165.9 165.9
161 165.6 171.7 175.9 180.4 187.3 191.5 196.7 200.7 210.9 221.7 231.7 236.8 241.9 240.3 239.3 236.4 235.8 236.5 236.9 237.4 238.3 238.2 238.2 238.8 238.1 238.8 235.1 233.9 233.7 234.4 234 234.3 234.3 233.6 231.6 228.2 224.1 220.7 213.4 205.4 197.9 189.3 185.9 180.4 178.4 178 178.2 184.6 181 180.3 179.3 181.3 181.3 181.2 183.1 184.2 183.3 183.5 182.5 180.1 175.6 174.7 174 169.5 165.9 165.9 165.9 165.9 165.9 165.9 165.9 165.9 165.9 165.9 165.9 165.9 165.9
163.3 167.9 173.5 177.9 183.2 186.5 190.1 194.9 199 206.7 216.5 226.9 233.4 242.8 249.8 247.2 241.4 237.5 237.8 238.3 237.7 237.9 236.6 237.5 237.6 237.3 234 233.4 232.8 232.7 230.3 230.5 233.7 233.2 230.7 227.8 223.7 222 216.1 209.7 203.2 196.9 189.8 186 180.6 178.6 179.8 179.4 181.1 182.2 180.8 181.9 184.4 182.9 185.6 186.5 183.5 182 183.3 181.4 178.8 176.3 176.5 174.4 168.4 165.9 165.9 165.9 165.9 165.9 165.9 165.9 165.9 165.9 165.9 165.9 165.9 165.9
164.6 169.3 174.3 181.4 185.7 190.7 193.9 194.5 196 199.8 207 219.5 227.8 235.9 241.1 243.3 243.5 239.1 239.4 238.3 235.1 234.7 233.7 233.5 233.1 232.5 230.7 231.3 230.3 230.3 230.3 230.3 233.1 231.9 228.6 224.9 222.1 219.4 214.9 207.3 200.4 194.4 189.9 185.3 179.7 183.8 181.6 182.7 187.1 190.6 187.1 184.7 188.1 194.7 194.4 191.6 184.5 181.8 184.3 183.4 181.6 176.4 176.8 173.7 165.9 165.9 165.9 165.9 165.9 165.9 165.9 165.9 165.9 165.9 165.9 165.9 165.9 165.9
170.7 172.5 176.5 181.7 188.9 194.3 198.6 199.3 200.4 199.9 204.7 211.7 218 224.4 228.9 231.9 231.7 232.2 231.7 230.8 231.1 232.1 231.6 231.8 230.3 228.4 231 233.8 234 231.3 232.7 232.8 231.9 229.3 226.6 223.8 221.1 219.4 217.3 209.8 196.9 191.3 187.8 184.2 180.4 184.4 178.9 178.9 181.1 194.6 188.3 186.4 194.4 195.6 196.7 190.2 185.2 184.6 184.6 183.3 181 177.4 177.2 166.1 165.9 173 173.1 165.9 165.9 165.9 165.9 165.9 165.9 165.9 165.9 165.9 165.9 165.9
176.9 179.1 179.8 181.8 186.6 194.7 202.8 201.9 201.2 201.5 203.6 206.3 214.6 216.5 220.8 224.2 225.3 226.3 227.9 229.2 228.9 228.9 229.4 227.5 226.3 230.7 231.5 232.1 232.3 232.3 233.3 232.8 228.6 225.8 224.8 224.1 220.5 218.6 217.5 208.8 196.6 190.2 185.2 182.2 180 183.4 179 178.9 178.9 182.7 183.1 186.1 198.2 197.6 192.9 188.4 186.1 185.3 184.4 182.4 179.5 177.1 175.6 165.9 168.7 174.8 172.4 165.9 165.9 165.9 165.9 165.9 165.9 165.9 165.9 165.9 165.9 165.9
184.6 187.7 184.8 184 186.4 191.4 205.5 203.9 203.2 201.3 202.1 203.5 206.2 208.4 217.5 223.2 225.1 225.7 226.5 227 226.3 225.3 224.4 224.2 226.8 228.9 230.5 230.3 230.2 231.4 231.7 227.8 225.1 225.4 224.9 223.6 220.9 218.2 214.4 207.6 198.4 192.7 186.2 181.5 184.6 183.4 183.1 180.4 178.9 180.1 178.9 178.9 187.2 189.5 189.2 186.8 185.9 184.8 183.9 181.2 177.5 176.2 174 165.9 178.1 179.6 174.6 165.9 165.9 165.9 165.9 165.9 165.9 165.9 165.9 165.9 165.9 165.9
