public/OST50/NH00.asc
ncols 200
nrows 200
xllcorner 200000
yllcorner 800000
cellsize 50
[rows 0 to 34 of 200, columns 0 to 78 of 200]
483.3 509.4 525.5 538.4 559.5 585.6 612.9 644.9 670 692.8 719.3 743.3 771.8 797.6 824.2 845.7 854 863.9 870.3 876.7 881.7 894.4 899.9 881.5 850 825.8 834.3 875.8 896.2 935.6 968.1 994.6 987.8 967.7 936 902.6 875.1 851.1 837.7 821.7 806.1 785.3 763.5 728.3 687.6 650.8 615 580.9 557 539.2 522.4 502.9 491.1 470.4 452.9 449.9 454.1 461.3 476.4 487.3 498.6 516.8 534.3 558.9 588.8 630.5 661.4 643 631.4 597.3 554.9 513 487.1 462.5 453.4 450 467.4 479.7 496.2
461.5 481.8 502.4 511 536.2 560 592.5 617.5 643.5 664.1 699.8 726.5 753.7 780.7 807.1 827.7 838 841 846.3 851.3 865.8 882.1 896.4 895.5 864.6 846.6 855.5 881 920.5 966.8 998.3 999.2 978.7 956.4 936.8 907.7 874.1 849.1 831.3 818.5 800.8 781.8 766.2 731.9 689.5 650.5 615.8 581.2 555 535.5 517.5 500.4 479.7 462.6 462.5 467.8 471.8 487.5 503.9 510.4 526.7 543.8 559.8 582.8 624.1 666.3 667.7 639.2 622.6 590 547.7 510.8 481.3 475 463.1 468.8 484.2 494.6 513.6
442.1 457.1 475.5 491.9 511.1 541.8 566.2 591.7 617 652.3 685.8 714.5 743.2 766.8 786.9 810 816.9 810.1 813.9 824.1 831.7 846.2 870 907.3 899.7 892.7 891.3 904.9 942.4 987.6 1003 985.5 956.4 936 921.6 903.2 869.3 847.6 827.8 815.1 799.3 779.1 763.2 732.8 693.6 658.8 621.3 584.5 553.7 534.1 515.5 492.9 478.6 476.9 478.3 487.9 495.6 514 529.4 540.2 560.5 572.8 594.4 631.8 666.9 693.6 655.2 631.4 601.2 572.4 543.9 507 503.2 484.3 480.7 489.5 504.4 517.3 529.8
422.1 433.6 452.8 466.9 495 519.9 541.9 573 607.3 635.9 672.2 704.4 727.3 748.2 767.2 788.8 788 787.3 790.7 800.5 800.9 813.9 840.5 882.2 915 941 938.4 937.8 966.2 998.5 979.3 955.9 929.6 912 897.8 894.5 866.5 850.9 827.5 809.7 794.6 777.8 764.2 737.4 696.2 658.3 621.2 587.8 559.1 535.6 511.8 499.3 493.5 494.2 498.1 512.1 522.5 539.1 558.2 568.6 588.4 605.6 624.2 685.2 711.6 668.9 639.2 615 585.8 560.9 535.6 511.3 508.7 498.7 498.5 508.3 521.7 534.7 547.1
404.2 417.9 425.8 450.9 480.4 499.6 526 562.3 587.4 622.3 652.2 681 708.9 729.2 742.9 752.9 769.8 764.5 765.7 769.1 772.6 789.8 816.2 861.3 894.7 929.6 953.3 971.3 985.3 994 961.2 933.3 917.3 898.8 893.7 885.8 859.5 846.2 825.5 804.2 790.1 772.2 754.3 734.4 704.2 667.7 629.1 593.6 560.9 537.5 521.2 517 514.4 517.8 525.9 538.6 552.8 565.6 587 601.2 624.9 655.9 682.7 708.5 691.8 645.3 628.8 619.2 591.1 547.3 524.6 526.1 520.9 522.3 521.7 531.1 542.3 553.1 568.3
389 395.1 412.9 441 457.4 483.5 512.4 547.4 570.1 603 642.7 661.9 690.2 711.3 723.1 735.6 746.2 744.1 744.5 745 751.3 768 791.5 841.9 872.2 906.1 935.3 962.2 983.4 989.1 957.5 929.2 909.8 891.1 882 870.5 849 838.3 822.2 799.6 780.2 768.3 747.2 726.5 712.7 692.6 643.3 603.9 572.5 550.2 545.3 538 539.2 543.7 555.8 570.5 583.7 599.2 617.1 634.3 656.4 693.8 721.8 707.4 650.2 630.8 623.9 608.6 583.7 546.5 528.2 535.7 537.4 546.3 549.6 552.8 561.2 572.5 590.6
368 377.1 403.1 421.8 444.7 466.4 496.6 524.7 554.7 595.6 626.6 646.1 674.5 696.3 711.3 721.2 731.2 725 725.5 722 732.3 745.5 769 815 849.9 885 921 953.4 980.8 989.1 958.8 932.6 909.4 886 874.3 859 842.8 824.2 809.1 788.3 773.4 759.7 743.4 718.4 700 686.5 663 616.4 597.8 585.5 575.9 565.5 570.3 576.4 585.6 607.7 615.4 636.4 650.9 674.9 699.8 728.8 714.4 680.2 637.9 626.4 606.1 583 563.3 540.4 544.1 548.8 557.9 575.8 572.3 579 593.6 605.5 617.8
355.8 369 383.2 404.5 428.7 457 480.6 504.8 540.2 577.1 616.8 629.4 661.3 681.8 695.9 706.6 710.2 703.5 703.8 699.2 708.5 724 754.3 791.6 836 877.6 911.6 945.8 973.2 990.4 973.4 951 925.3 906.3 885.9 863.8 846.2 823.1 804.6 784.2 765.9 755.2 746.3 726.8 706.7 680.8 661.7 646.3 628.3 622.2 610.3 603.3 603 609 619.9 646.9 659.4 687.1 690.9 712.5 733.7 716.9 690.2 664.1 627.5 603.9 588.8 574.1 552.7 558.9 566.6 572.4 580 590.6 609.5 622 637.7 647.1 660.6
344.5 357.7 375.7 395.3 417.7 443 465.9 485.8 515.4 553.1 590.2 614.9 640 665.6 679.5 680.2 678.8 675.3 678.1 676.3 689.1 709.3 739.9 780.5 827.3 864.4 901.9 938.7 964.5 983.6 990.2 980.7 956.8 944.1 929.4 891 859.5 838.3 809.9 789.3 768.9 759.9 750 729.1 701.8 693.5 672.2 663.9 655.8 649.1 643.7 640 641.9 654.5 657.4 680.7 704 726.9 748.7 764.1 731 699.8 673.8 646.5 615.7 590.3 575.2 564.8 561.4 571.8 587.8 594.2 599 620.2 644.5 664.9 679.4 692 690.5
333 346.8 366.4 385.7 404.5 425.7 450 471.1 500.2 534.8 568.2 589.7 625.8 639.8 636.1 639.6 646.3 640.7 648.1 644.4 672.6 697.4 729.2 770.7 814.1 854.1 894.8 926.8 952.4 967.7 975.3 976.7 970.8 954.8 947.4 940.1 900.9 880.7 824.4 800 781.7 766.8 756.1 738.9 704.6 694.7 689.9 676.8 674.8 670.8 669.4 666 673.6 686.4 705.1 722.4 740.6 767 792.4 773 738.4 714.4 688.1 676.1 636.8 594.7 597.1 571.4 576 583.5 601.4 609 617.6 651.2 682.4 712 715.9 716.9 689.1
323.8 339.2 353.4 374.9 396.9 415.6 439.4 457.7 483.5 530.8 548 566.6 598 598.7 604.2 608 616.2 617.1 622.6 635.5 658.3 685.7 720.8 759.3 801.4 841.2 878.6 909.8 933.3 947.7 956 956.7 945.5 932.3 922.2 919.7 919.7 922.7 850.4 820.4 804.2 785.8 763.1 745.8 723.9 711.6 695.9 685.7 684.8 686.2 685.5 684.9 703.6 717.1 740.3 768.3 786.4 810 804.6 770.5 765.3 740.2 730 692.6 655.4 613.1 639.2 602.2 603.5 613 616.2 621.5 632.5 665 699.4 737.2 742.5 712.2 685.9
315.2 328.2 347 367.7 384.4 404.8 430.9 446.6 473.9 506.6 524.8 553.9 560.4 570.3 576.9 582.2 591.1 593.9 599.2 615.8 644.7 678.6 710 744.9 786.1 822.8 858.5 886.6 906.9 928.3 938.1 937.1 924.3 911.1 889.8 885.3 893.4 900.8 885.9 848.3 826.8 808.2 794.3 778.8 763 749.9 727.1 707 702.4 704.7 716.6 724.9 740.7 750 777.3 808.9 833.2 834.2 800.6 778.8 777.6 757.2 738.2 709.3 660.3 642 643 644.2 657.5 652.1 632.8 632.3 644.6 672.4 710 745.6 741.9 713.7 693.7
310.8 322.7 332.8 354.3 373.7 389.6 411.2 435.7 465.6 497.3 516.7 532.2 540.6 550.5 553.9 560.5 568.8 573.2 578.1 592.1 633.3 665.7 699.1 739.8 772.9 803.4 834.6 860.8 883.9 905.9 918.9 918.4 907.5 888.5 871.9 861.6 859.7 876 873.5 865.7 856.1 836.2 825.5 822.6 808.4 795.9 758.9 746.2 732.1 738.2 752.1 790.7 782.2 789.7 818.6 840 859.7 851.6 815.7 799.3 777.7 759.4 738.2 703.9 665.6 677.1 671.3 677.7 685.3 654.7 648.3 650.1 667.7 689.5 718.3 755.2 735.9 714 694.2
307.6 315.7 325.5 342.1 365.5 377.6 401 423.2 458.6 485.5 498.5 517.5 521.6 534.8 536.2 540.9 549.8 548.6 558.4 594 626.3 653.3 687.1 726.8 751.7 781.6 809 835.5 865.2 883.6 898.9 906.9 892.7 875 856.6 841.1 833.6 835.6 846 845.9 841.9 838.1 834.9 828.8 822.9 817.6 806.8 781.3 774.7 788.1 801.7 821.6 846.5 822.1 858.3 881.3 887.6 857.9 821.2 804.6 772.6 753.6 724 702.4 688.6 692.8 708.7 695.4 672.7 674.6 682.4 686.6 705.8 717 740.9 763.9 733.5 711.6 693.7
304.3 311.5 319.5 338 354.3 371.8 389.2 406.7 449.7 469.6 480.6 517.6 507.3 513.3 521.3 522.8 525.3 522.1 555.8 583.8 612.2 641.6 667.3 703.2 726.6 753.6 782.5 812.9 841.8 861.9 880.5 889.2 883.2 866.9 840.2 818.9 811.8 803.9 807.7 824.7 822.5 819.1 818.5 812.9 811.9 816.2 823 826.7 832.3 846.7 856.3 883.9 891.8 892.1 878.5 895.9 890.9 859.9 827.3 811.2 783.9 759.2 735.9 715.2 709.2 714.5 703.7 695.5 700.3 716.3 718.5 723.4 735.7 748.6 782.9 767 735.9 714.2 691.5
301.5 305.9 314.2 331.5 345 366.8 377.5 394.6 428 451.4 464.9 480.5 486.4 499.5 497.2 503.7 503.2 515.4 544.4 569.3 597.1 624 651.6 679.2 703.4 730.4 762.5 788.8 817.4 841.8 861.3 868.5 870 861.5 830.1 806.2 793.4 789.5 786.1 778.9 787.3 793.6 798.4 793.6 794.2 797.3 802.4 814.1 823.7 838.1 853.9 868.3 876.2 881.9 879.9 878.9 879.2 867.8 836.6 806.7 786.2 765 743.8 726 722.7 715.1 716.9 724.8 736.9 749.9 755.5 759.1 771.9 799.6 808.7 771.2 747.5 718.3 692.3
305.3 301.5 309.7 321 340.1 356.8 363.1 381.4 415.7 432.3 442.2 456.5 470.2 480.7 481.5 485.2 479.6 507.6 528.1 550.5 576.3 603.2 629.4 658.8 679.3 708.8 738 763.4 793.3 816.7 836.1 846.1 851.4 846.3 823.1 796.6 781.3 766.9 759.5 755.1 757.8 755.9 771 770.8 775 777.6 774.1 784.1 797.4 811.2 823.3 838.7 850.4 858.1 858.9 861.4 866 870.7 841 808.2 783 761.8 750.7 742.9 729.2 740.5 752.8 760.7 769.4 781.9 787.2 800.4 827.3 820.5 798.4 771.3 746.7 723.2 702.3
306 299.9 304.6 314.7 331.8 343.2 349.1 368.8 402.7 410.5 427.6 444.6 457.6 457.8 465.1 465.8 466.4 488 505.7 526 550.7 579.9 607.6 634 657 681.1 713 737.7 768.5 788.8 807 822.1 829.8 828.2 811.7 784.6 769.7 746.6 735.2 730.4 731.5 734.5 734 737.5 744.4 754.8 753.9 753.5 764.4 777.6 790.8 803.3 821.8 833.6 838.5 847.5 857.5 867.5 852.7 821.7 786.3 762.1 750.9 744.5 743.8 765.6 780.4 788.9 806.1 817.1 833.6 853.7 837.4 798.8 774.9 754.4 729.2 715.1 704.6
306.8 299.3 300.3 309 320.8 325.7 333.9 368 394.6 391.3 404.4 430.5 445.3 441.2 437.2 442.3 448.9 466 477.7 502 526.9 554.3 579.8 611.1 637.6 659.1 688.6 710.5 738.4 758 774.1 787.9 801.4 807.8 800.5 773.5 757.9 737.5 721.5 718.1 720 715 714.9 713.9 721.3 723.3 727.4 727.3 734.9 746.4 756.9 769.7 791.1 809.1 820.7 837.2 854.7 866.7 849.6 821.7 799.6 777.9 760.3 759.4 766.8 787.9 805.9 827.5 852.9 868.7 881 870.6 825.9 790.4 764.4 741.2 718.5 701.8 681.7
309.6 300.5 296.6 303.2 312.2 315.1 324.6 349.6 367.1 378.4 392 418.3 428 425.3 414.6 413.8 425.3 441.8 454 478.6 503.3 532.5 561.9 592.1 616.1 637.6 664.5 685.1 703.7 723.1 740.9 754.2 771.7 782.2 779.8 760 743.8 725.9 707.4 695.3 690.7 700.1 694.7 690.8 696.9 704.4 706.3 704.8 710 719.9 728 741.6 765.1 787.6 809.7 833 852.4 867.4 863.8 831.7 804 785.3 780.6 803.6 812.8 828.2 856.5 893.5 905.6 901.2 892.2 869.8 826.9 788 756.4 731.3 711.5 685.7 668.7
310.5 301.2 293.3 300.3 302.7 305.8 317.7 334.3 350.9 362 373.1 389.9 409.9 408.5 396.2 390.7 404 416.2 435.7 459.3 480.5 514.1 547.1 573.9 597.2 617 639 660.1 679.7 694.9 711.2 727.9 740.8 750.9 755.6 746.3 731.5 713 696.1 676.7 678.3 674.3 662.7 659.9 672.3 687.1 686.3 682.6 688.4 700.2 707.5 718.1 739.7 772.8 804.3 831.4 853.1 870.2 883.8 858.1 831.5 819.9 819.6 828.7 849.6 863.8 909.1 921.6 917 909.1 890.5 865.9 834.9 793.9 754.2 726.1 696.3 671.7 649.8
313.6 304.5 294.2 296.8 296.8 299.2 308.4 318.9 342.8 350.8 354.3 367.5 386.2 382.2 376.4 378.6 380.9 395.7 417.2 437.2 463.7 496.4 529 553.8 575 593.1 612.6 635.4 652 665.8 686.8 696.2 711.3 717.8 718.9 721.9 723.1 700.4 684.6 670 666.4 655.7 647.7 639 654.2 664.5 664.9 663.9 671.9 680.2 689.6 704.1 735.9 768.4 801 831 854.8 875 891.1 897 903.8 869.7 852.5 865.9 875.9 901.7 938 928.4 915.9 902.4 884 857.5 830.6 803.8 760.2 723.1 688.2 662.7 637.8
319.8 308.9 299.9 292 294.4 295.5 299.1 316.3 331.6 331.2 334.1 334.7 340.6 349.7 341.6 348.4 359.5 374.3 394.8 411.7 437.2 471 503 527.5 547.5 561.4 576.3 606.8 623.5 636.4 651.5 665 676.4 694.9 691.3 697.5 703.5 686.6 674.4 664.2 644.7 620.7 616.3 622.3 641.5 641.9 647 649.6 654.4 658.8 677.3 704.4 734.7 767.9 800.8 830.1 853.3 874.9 894.7 912.9 918.6 901.8 885.9 904.9 916.5 941.3 950.2 933.7 910.1 895.8 874.5 848.6 821.4 794.2 753.3 723 689.9 661.1 632.3
320.5 309.5 301.8 293.9 287.8 290 295.1 307.9 323.8 319.4 313.7 325.7 325.3 322.6 328.3 330.3 339.1 353.3 368.7 386.1 412.7 441.2 477.2 494.1 514.2 523.8 543.7 563.7 589.4 601.9 616.5 627.9 649.7 658.2 664.9 667.1 675.1 673.3 661.4 646.6 636.3 612.3 597.3 605.1 626.8 624.3 626.6 628.7 635.8 645.6 675.4 699.7 732.4 765.6 799 826 848.8 872.7 897 911 921.1 928.1 920.9 944.5 964.4 968.8 958.4 936.5 908 882 862.6 834.1 806.4 776.6 751.5 721.5 696.5 662.4 633.1
317.8 310.1 300.5 294.8 292.2 290 289 306.4 312.5 306.7 297.5 312.3 314.2 309.5 314.3 312.8 323.7 332.6 349.8 363.6 385 414.2 444.3 457.7 476.2 491.4 508.2 526.1 552.5 563.7 579.6 593.9 610.3 626.2 636.1 638.9 639.1 644.4 640.5 629.7 616.8 599.5 578.7 589.4 611.4 607.7 606.2 606.6 612.4 637.7 666.6 690.5 724.6 758.2 792.4 817.7 842.1 867.6 884.3 896.3 905.2 917.5 937.3 963.1 978.2 970 953.4 922.2 889.8 866.4 848.6 818.9 792.5 767.6 742.8 721.1 705.3 677.7 638.4
316.8 306.6 300.6 296.1 293 296.1 287.9 296.9 309.9 296 289.5 296 305.3 296.2 297.8 303.9 310.6 320.1 329.4 342.7 364.4 388.2 414.7 428.5 442.5 454.5 470.5 492.1 513.6 523.9 541.5 557.5 574 591.5 602 606.7 619.2 614.4 614 615.5 604.8 573.9 558 579.8 590.1 587.2 583 580.9 600.7 624.6 653.8 679.1 712.2 744.9 778.6 805.2 827.8 852.9 864.7 872.2 883.8 901.1 925.4 952.4 968.1 960 946.6 908 880.1 859.9 835.9 810.9 783.9 763.6 735.8 715.5 710.5 673.4 640.7
311.8 304.6 299.8 294.6 291.7 291.7 293.3 291.1 299.6 290 283.4 291.1 293.4 286.7 289.7 293.8 299.1 308.6 310.2 322.8 344.3 367.3 387.9 402.7 415.9 425.1 439.2 458.7 476.4 491.4 511.5 523.7 536.6 555.6 566.3 572.8 584.2 590.5 588.1 594.7 584.3 558.8 548.3 561.6 580.2 575.9 563.8 558.9 585.7 612.1 638.9 668.5 703.5 736.2 764.6 788.8 811.5 833.5 842.5 845.7 861.4 882.2 910.6 936.4 953.2 954.3 933.7 898.3 868.5 852.1 826 803 782 760.5 729.1 717.7 717 686.2 655.1
318.3 312.1 304.7 297.9 291.2 288.1 289.8 286.4 289 285.4 281.8 282.7 290.2 282 283.6 285.1 287.9 292.3 296.1 305.2 325.8 349.5 366.4 381.1 392.3 397 408.2 427.5 444.5 457.8 475.3 500.9 501.6 514.8 531.5 542.7 552.7 558.8 556.8 561.6 560 542.1 533.4 545.9 563.6 561.3 548.3 548.9 572.2 601.7 628.7 658.8 691.2 720.5 750.7 776.4 783.6 809.1 813.6 819.6 837.2 865.1 896.4 918.9 933.4 937.3 926.1 890.1 863.1 839.6 818.4 798.6 788.6 770.4 752.4 740.5 733.5 706 681.9
326.9 318.4 310.5 304 294.6 288.5 284.2 282.4 286.4 281.8 281.1 280.1 281.7 277.7 279.5 279.5 279.7 281.9 284.3 292 310.8 327.9 339.7 349.8 362 377.3 386.1 398.9 410.4 426.6 444.3 468.5 476.4 480.4 493.9 512.8 520.4 529 531.8 530 531.3 519.3 519.5 528.3 542.7 544.4 530.9 543.6 566.8 590.1 617.8 647.4 676.6 708.3 737.9 752.9 760.1 781.4 784.7 796.4 821.2 852.3 883.4 901.6 910.1 909 906.7 910.8 869.4 845.5 825.9 813.7 803.3 794.3 783 773 766.3 755.8 724.7
334.1 327.4 318.7 310.5 301.8 294.9 288 282.8 281.7 284.5 280 279.8 277 273.6 275.4 275.5 274.8 275.1 275.7 280 294.9 316.3 326.2 327.9 338 348.4 358.9 375.7 388.4 400.7 417.4 433 451.7 454.1 465 482.2 490.4 499.3 508.2 514.8 502.5 495.3 493.9 507.4 528.7 529.8 513.9 532.8 554.6 578.2 603.3 638.2 666 696.4 723.6 728.1 728.5 746.6 756.9 777.3 807.6 840.6 867 884.2 891.2 886.1 876.4 891.8 891.8 874.1 853.2 835.9 834.6 845.4 847.1 819.3 832 776.7 746.9
344.9 336.7 330.4 322.9 311.8 301.5 294.3 289.5 283.8 277.8 272 270.3 272.3 270.5 273.1 273.3 271.7 271.4 270 273.6 280.6 294.3 306.1 309.2 319 332.3 340.6 356 369.3 381 392.2 404.9 420.5 428.9 438.6 454 464.5 475.6 481.8 494.1 492.5 464.6 465.1 495.8 515.6 513.3 500.7 526.6 546.2 567.5 595.2 629.9 659.1 686.2 705.8 705.9 702.8 723.2 735.3 761.7 798.4 828.1 848.5 862.9 871.5 860.7 851.8 857.7 870.2 879.4 897 887.4 885.9 899.1 887.4 879.7 835.4 796.8 765.9
359.3 349.9 342.7 334 324.6 312.9 303.5 295 288.8 282.1 281.6 276.5 270.3 268.6 270.8 271.1 269.1 269 268.1 267.7 273.1 278.8 290.8 297.3 309.1 316.3 324.8 340.3 354.1 364.1 376.1 386.2 397.8 407 412.7 427 436.6 444 455.7 472.3 463.3 432.9 459.4 488.4 502.2 496 496.3 513.4 536.3 561.3 586.3 622.7 649.7 676.5 693.5 683 683.2 700.6 720.7 757.1 790.9 811.4 828.1 840.4 842.9 835.3 827.1 827.2 841.9 845.4 857.3 878.2 888.3 895.4 897.2 902.8 855 807.8 780.3
372.6 365.6 359.1 352.2 341.4 329.8 315.4 304.6 295.6 287.2 281.5 277.3 276.3 272.1 267.4 266.4 266.6 265.6 266.1 266 265.6 271.5 281.9 286 299 306 310.8 321.8 338.9 344.2 362.7 363.3 372.1 381.9 392.6 404 412.1 422.1 429.9 443.6 438.5 420.6 453.2 472.6 487.5 481.3 485.8 509 529 553 582.3 613.4 645.5 665 676 656.4 661.9 680.6 716.7 752.4 775.3 791.5 805.4 816.2 813.3 810.5 804.9 804.2 810.7 817 827.1 843.7 858 871.2 871.1 884.9 884.9 847.1 807.1
397.5 387 380.3 371.2 365.2 351.3 333.7 318.7 304.4 295.4 288.9 283.8 279.4 276.4 274 271.7 270.3 267.6 265.9 264.4 264.2 265.5 277.6 278.6 285.8 296.8 297.4 309.2 319.9 331 339.8 355.8 352.4 361 372.4 386.2 393.2 403.4 410.1 423.5 411.4 416.4 443.4 462.1 468.5 467.5 478.2 500.6 523.4 547.5 577.8 606.9 633.8 650.6 658.3 629.4 636.7 670.5 709.3 738.7 755 767.1 773 782.2 782.6 779.9 771.6 770.6 773.4 783.2 796.2 809.8 826.4 839.5 841.7 853.4 863.6 861.8 853
424.3 412.1 399.7 390.4 382.5 366.5 347.2 338 318.8 308.2 299.7 291.7 285 283 279.8 275.8 274.9 271.4 269.1 266.8 265.4 263.1 268.6 269 275.8 288.7 284.2 296.8 308.3 311.8 319.8 337.8 339.4 344.4 354.8 365.2 377.7 385.6 394.2 401.4 390 416.6 433.2 447.1 455.2 449.7 469.6 488.2 512.8 539 570.1 599.4 620.9 635 636.3 601.4 630.6 662.6 696.5 720.8 731.2 736.6 730.8 745.2 749.3 748.1 743.6 737.7 738.2 746.9 762.9 776.6 794.4 811 808.8 818.6 832.4 835.1 837.1
