public/OST50/NH00.asc
ncols 200
nrows 200
xllcorner 200000
yllcorner 800000
cellsize 50
[rows 140 to 174 of 200, columns 79 to 157 of 200]
356 365.1 374.9 384.6 393.5 404.1 409.1 415.5 416.8 412.5 406.4 394.6 378.7 388.3 394.7 400.1 406.6 415.7 430.7 445.5 462.1 481.7 502.6 527.7 541.8 554.2 545.1 539.2 536.7 536.7 536.7 536.7 536.7 536.7 536.7 537.5 542.6 547.2 550.8 557.1 562.4 571.8 581.1 585 595.2 610.6 619.1 613 603.6 594.1 588.8 575.2 559 539.8 511.7 487.6 484.4 475.6 457.7 443.4 429.7 417.4 404.3 398.6 395.5 385.6 382.5 380.7 379.9 382.3 382.6 381.7 385.7 383.5 370.8 353 353.5 340.1 337.1
346.8 360.2 370.8 380.4 388.8 398.6 406.1 414 411.1 402.3 395.4 383.8 377.7 389 398.2 404.1 410.4 420.3 430.5 446.5 462.5 482 511.4 523 539.1 541.9 534.7 539.2 544.6 544.9 545.7 543.4 538.1 536.7 537.4 543.6 544.4 546.8 552 558.2 562.6 572.4 581.8 581.2 583.9 593.1 601.7 598.5 588.8 572.5 565.8 548.3 525.8 507 486.5 467.4 466.9 438.5 428.5 413.3 400.5 385.1 374.2 368.9 363 359.2 354.1 350.9 351.7 355.3 355.5 357.6 363 355.3 342.5 331.2 333.5 325.6 327.5
341.9 354.6 364.1 377.9 391 396.8 400.6 401.1 393.5 389 381.4 373.1 378.8 388.2 398.2 408 416 419.8 430.8 448 461 480.1 506.9 515.3 531.6 530.7 535.7 543.9 549.5 559.3 562.2 559.2 553.4 549.3 549.8 551.9 550.5 549.2 551.9 556.4 560.5 572.4 576.1 572.1 573.8 576.3 576.8 574.8 564.2 550.6 543.7 535.3 502.8 479.5 461.4 445.1 440.2 415.2 396.3 378.8 372.4 356.4 345.6 340.2 335.9 335.9 328.9 328.1 329.8 329.6 331.5 334.7 339.2 328.7 322.7 317.2 314.5 315.2 311.2
328.9 344.4 361 380.1 390.5 396.6 395.1 384.3 376.7 372.2 366.5 369.6 377.6 388.2 397.5 407.8 417.3 423.1 429.3 442.2 456.9 470.8 489.3 509.3 521.6 524.7 531.2 542.3 558 563.6 566.7 565.4 559.7 559.7 562.6 566.9 559.8 552.9 552 554.8 557.8 565.4 563.4 560.3 560.3 550.9 556.2 554.6 537 523.6 515.5 498.8 474.9 454.4 433.6 419.7 391.7 387.5 369.2 347.2 339.3 329.5 323.3 316.9 311.1 310.2 305.8 308.6 308 306.7 308.9 312.3 310.7 304.6 302 301.3 300.5 297.2 301.3
317 337.3 354.7 366.7 373 377.6 373.9 365 360.8 355.6 365.1 368.8 376.8 386.5 396 407.7 417.9 424.1 428.4 437.4 449.6 465 478.7 494.5 503.7 518.1 533 543.1 553.2 559.6 565.7 567.5 571.2 571.8 574.9 575.6 563.3 551.3 549.6 547.6 549.7 548.6 549.5 548 544.6 534 526.9 519.1 506.8 497.2 489.1 468.3 445.5 425.4 407.7 390 363.7 364.4 346.7 332.8 314.8 305.5 300.7 292.8 290.1 289.2 287 285.9 289 286.3 287.2 292.6 288 284.9 285.4 282.2 280.6 285.6 290
309.2 323 339.6 351.2 356.9 360.8 356.7 342.7 341.1 356 361.4 367.3 376.8 387 397.1 409.7 422.3 424.5 419.6 425 435.4 449.6 460 448.3 498.4 520.4 529.1 538.9 549 561.2 573.6 578.9 583.1 579 575.5 572.7 555.3 537.5 534.1 535.9 536.3 533.9 537.3 534.7 522.3 504.4 487.7 470.1 462.6 450.3 440.4 429.5 413.9 394.7 382.3 365.5 343.1 345.5 324.9 306.5 299.1 287.9 279.1 273.2 271.1 269.9 268.8 268.3 268.3 266.4 268.6 271.6 266.7 267.5 269.2 266.7 263.8 273.9 274.5
293.7 311.2 325 334.3 345.5 350.1 336.9 333 347.8 352.4 356.6 364.3 373.9 387 401.2 414.5 418.5 414.1 409 405.1 406.5 415.5 402.6 460 495.1 506.6 515.9 527.9 546.4 557.5 567.3 571.1 568.8 563.7 555.6 541.8 528.3 521.2 521.7 522.9 525.2 513.3 514.6 505.1 490.9 479.2 455.2 435.7 429.8 416.4 402.7 387.6 376.7 365.9 356.6 337.1 319 318.1 305.3 287.5 282.2 268.8 257.3 250.2 250.4 250.5 250.1 246 248 249.3 250 249.4 249.4 251.3 247.8 246.8 252.7 262.3 261.6
285.1 297.9 312.7 325.5 333.9 331.3 322.5 334.7 342.4 344.9 351.3 360.3 373.5 388.1 395.6 399.1 389.1 386.8 384.1 376.9 368.1 377.4 423.7 453.7 477.2 479.4 489.9 502.1 523.8 538.5 538.3 541.9 538.5 532.9 531.4 515.3 498.3 496.2 503.7 501.2 495.7 484.8 472.5 462.6 450.7 450.8 424 409.2 391.4 378.2 369.4 361.1 350.5 338.2 325.3 311.6 297.1 293.8 283.9 264.9 265.5 250.7 244 233.8 231 230.6 228.9 225.9 232.7 233.7 231.1 233.5 235.1 234.6 231.6 236.1 237 240.6 242.6
275.1 290.4 303.8 313.2 321.1 310 321.3 328.2 332.1 337.7 346.9 360.7 373.4 381.4 382.5 375.7 362.8 358.4 357.9 354.3 350 380.1 420.1 447.4 444.6 446.5 458.1 466.5 483.1 510.5 509.2 497.7 504.7 489.1 489.1 478.7 469.8 470.7 473.1 473 458.4 450.4 436.6 428.2 414.2 400.3 386.6 375.3 358.9 348.2 335.1 330.4 317.7 310.7 296.9 285.3 272 270.4 260.9 248.4 244.6 234.5 233.6 223 213.8 212.2 213.7 210 214.3 212.7 215.9 215.4 219.7 220.1 216.4 223.3 223.7 225.5 225.6
267.1 281.2 296 304.7 306.1 298.6 313.9 318.7 321.7 330.5 341.8 354.8 360.5 358.6 349.1 343.9 337.6 334.1 333.3 329.8 336.9 351 383.6 400.6 413.1 411.4 418.3 436.3 453.7 470.3 476.8 469.3 463.4 455.3 451.7 451.1 448.1 447.5 445.5 440.9 430.3 423.1 412 397 383.9 368.1 357.2 344.3 331.3 325.9 307.8 298.9 291.7 279.2 269.8 257.4 248.4 247.5 237.6 232.1 227 221.5 216.3 211 202.2 197 197.6 194.1 196.7 196.2 199.4 201.8 204.5 205.6 203.4 212.3 209.7 213.2 217.3
261.4 276.3 287.4 296.5 295.5 292 305.1 305 314.4 328.5 334.7 337.7 332.3 330 323.5 317.4 313.7 312.4 312.5 311.3 317.7 331.5 343.6 362.3 386.9 378.6 383.3 397.3 420.9 434.8 441.4 442.7 431.2 425.4 425.9 428.2 428.3 424.4 417.7 410.2 401.8 395.9 382.6 366.2 352.6 337.6 330.8 317.7 305.9 299.9 287.5 272.8 272.5 252 242.7 238.9 232.8 230.9 223.1 218.9 209.9 201.6 202.8 196.7 189 182.4 184.3 180.9 182.9 183.4 184.3 188 190.8 189.4 188.5 198.6 199.4 200.2 204.8
253.7 268.5 281.8 287.2 267.2 280.1 284.8 293.3 310.6 318.8 321.8 318.8 309.3 305.3 301.8 299.4 295.3 295.5 294.7 291.9 298.6 311.4 319.9 328.1 348 349 354.2 367.1 387.9 400.8 404.3 410.5 407.3 404.6 403.5 404.9 404.8 401.1 391.4 381.8 373 366 360.7 341.9 325.3 313.9 298.2 294.5 283.9 272.7 268.8 253.2 244.8 230.3 222.2 220.9 215.7 214.1 209.9 197.9 192 197.7 185.4 178.1 174 171.9 170.3 168.3 167.1 174.2 172.7 173.4 177.7 178.5 181 184.5 186.7 188 198.3
242.4 257.2 267.1 269.2 231.2 266.1 266.7 279 299.1 307.3 304.4 301.7 295.5 289.8 284 279.1 277.7 277.8 277.4 280.1 285.1 291.8 298.1 302.9 310.4 319.2 328.9 343 360.4 369.2 376.1 378.9 380.7 382.4 385 385.2 381.7 375.5 366.5 354.6 344.8 337.9 329.6 315.5 302 292.6 279.1 272.6 262.4 253.2 249.5 236.4 224.7 212.5 201.9 202.7 201 197.2 192 192 192 195.1 173.8 168.4 160.3 156.8 155.8 155.6 157.7 161 164.3 165.3 167.6 169.4 174.6 175.4 175.7 179.4 181.2
231.6 247.1 252.8 239.9 235.1 256.1 254.3 268.3 281.3 288.8 293.5 289.5 281.4 275.8 271.4 264.8 263.2 263.9 263.5 268.1 272.7 276.4 280.9 283.7 287.4 292.8 304.3 319 331.1 341.2 346 352.6 360.2 364.7 367 367 361.9 353.7 339.9 334.1 326.6 312.9 301.1 293.4 283.6 269.4 263 253 246.6 237.2 233.6 221.2 208.6 192 192 192 192 192 192 192 192 192 180.6 162.2 164.7 162.1 158.5 156.2 154.2 153 156.1 157.3 158.7 161.6 165.7 166.2 165.8 168.1 173.1
218.7 228.3 236 213.9 230 237 246.2 255.4 264.6 274.3 281.2 274.1 264.8 258.1 254.6 249.2 250.6 251.7 250.8 256.4 256.9 262 265.8 265.1 266.5 273.2 281.5 296.6 304.9 314.4 322.7 330.3 343 347.6 347.9 347.6 344.8 335.7 326.3 315.3 307.8 295.1 283.9 276.4 264 252.8 245 236.3 229.8 221.1 218.2 211.2 192 192 192 192 192 192 192 192 192 192 190.7 174.3 175.7 168.7 160.3 156.7 155.1 154.4 152.9 151.5 154.4 155.2 157.1 155.7 155.9 155.3 157.9
199 211.1 207.5 217.4 221.2 228.9 239.1 246.7 255.6 263.4 266 262.6 253.8 244.8 237.7 236.8 235.4 237.2 239.6 245.5 244.1 250.1 252.5 250.3 253.9 254.7 258.5 271.2 280.4 291.3 298.8 307.7 319.7 325.2 326.9 331.4 333.4 326.8 314.7 301.6 292.5 283.2 270.5 259.5 251.4 239.6 228.9 221.2 216.2 210.1 208.9 196.3 192 192 192 192 192 192 192 192 192 192 201.2 195.1 180.4 173.7 164 155 155.3 153.7 152.9 151.8 149.2 146.2 144.6 146.8 146.5 148.9 153.9
192 192 192.6 211.8 211.5 224.8 232.7 241.1 252.8 259.5 262 247.2 237.7 232.6 223.7 222.2 224.4 226.9 230.1 236.8 232.7 239.8 239 241.8 244.8 246.4 246.8 248.6 256.1 269.5 274 285.1 297.5 304.5 309.4 315.8 321.5 323 306.7 294.8 283.8 273.2 262.5 251.1 239.2 227.7 216.2 209.6 204.3 198.6 204.3 192 192 192 192 192 192 192 192 192 192 192 192 199.1 181.6 171.1 165 155.7 160.9 159.6 154.7 154.8 156.8 152.7 147.7 142.2 142.3 143.4 145.4
192 192 192 201.8 205.3 219.1 225.5 237.7 248.9 257.9 250.3 243.1 225.2 217.7 212.5 213.2 214.8 218.7 223.1 223.2 224.6 231.3 231.5 231.4 237.7 239.8 244.3 243.4 240.6 247.3 256.8 266.8 275.2 284.1 293 307.3 318.9 312.6 298.6 283.9 274.6 266.9 261.4 257.5 244.4 227.6 211 196.4 192 193.7 197.1 192 192 192 192 192 192 192 192 192 192 192 192.3 205.6 184 170.8 165.4 156.7 160.1 159.6 155.4 163.7 169.3 167.8 153.8 147.5 141.2 140.5 142.5
192 192 192 192 192 211.5 222.6 236.6 246.3 244.8 237.2 230.5 217.8 209.9 199.7 197.2 206.9 210.4 215.6 216.6 217.2 221.5 220.9 220.9 225.6 229 234.3 234.7 234.2 232.6 235.9 244.1 254.2 265 278.4 292.4 301.3 292.5 282.3 273.5 271.1 266.4 263.1 256.4 241.6 222.7 211 192 192 192 193.5 192 192 192 192 192 192 192 192 192 192 192 209.8 204.2 180.3 171.9 168 162.5 159.1 159 158.6 162.2 168.1 170.6 155.6 148.7 141.8 139.9 141.1
192 192 192 192 192 199.7 216.4 231.6 244 239.8 233.3 223.5 214 204 192 192 192 207.5 210.9 213 215.3 211.5 212.7 213 213.4 212.2 217.8 224 229.5 225.8 220.8 220.2 227.5 244.3 254.9 266.4 269.4 274.7 267.7 265.6 262.9 260.3 262.9 259.1 237.9 223.3 209.5 192 192 192 192 192 192 192 192 192 192 192 192 192 192 203 215.6 207.4 180.6 175.9 174 170.4 164.3 160.6 160.5 160.7 162.2 159.7 152.6 145.1 141.4 140.3 138.9
192 192 192 192 192 192 211.3 226.2 235.8 231.9 227 224.7 212.1 192 192 192 192 192 207.9 215.2 216.5 215.9 209.4 207 205.3 192 205.6 211.6 218.8 215.5 211.6 211.8 210.4 218.4 231.8 236.8 247.3 254.4 255.9 250.3 247.3 252.1 257.6 245.7 230.3 219.8 207.4 192 192 192 192 192 192 192 192 192 192 192 192 192 192 212.6 218.3 207.9 185.1 182.7 179 174.9 168.9 162.6 159.1 158.4 156 153.7 149.6 141.9 140.2 139.6 138.3
192 192 192 192 192 192 206.7 222 238.7 228.9 222.7 219.1 214.1 192 192 192 192 192 192 211.1 217.2 221.6 211.3 203.7 195.5 192 192 193.1 206.3 199.1 194.8 192 194.9 195 209.3 222.5 228.6 235.9 238.3 235.2 235.8 241.9 246.6 234.6 226.2 217.6 205.9 192 192 192 192 192 192 192 192 192 192 192 192 192 192 207.8 215.4 217.9 197.6 191.4 185.8 177.6 172.7 159.8 156.3 156.3 154.6 151.9 148.1 142.4 141.4 139.2 138.7
192 192 192 192 192 192 192 213.6 231.3 229 225.1 221.1 212.2 192.9 192 192 192 192 192 195 204.4 213.5 206 208.2 192 192 192 192 192 192 192 192 192 192 192 198.1 209.6 221 224.3 223.2 225.7 229.1 234.7 227.1 196.6 195.5 195.5 192 193.8 192 192 192 192 192 192 192 192 192 192 192 192 205.8 215.7 217.1 209 198.1 191.7 183.8 179.5 166.8 158.2 156 153.5 151.6 151.1 144.4 142.5 141.3 139.2
192 192 192 192 192 192 192 192.3 224.6 225.7 221.3 215.4 210 196 192 192 192 192 192 192 192 192 192 192 192 192 192 192 192 192 192 192 192 192 192 192 192 198 209.4 209.8 214.6 216.8 217.6 198.5 195.7 195.1 194.7 192 203 192 192 192 192 192 192 192 192 192 192 192 192 206.7 214.9 221.3 214.4 203.7 196 188.8 179.3 170.3 160.5 156.3 155 153.8 151.4 147.2 144.7 149.6 153.2
192 192 192 192 192 192 192 192 205.8 192 210.5 212.3 213.3 205.7 192 192 192 192 192 192 192 192 192 192 192 192 192 192 192 192 192 192 192 192 192 192 192 192 192 192 203.5 204.8 210.3 206.9 200.9 196.1 193.1 205.8 192 192 192 192 192 192 192 192 192 192 192 192 200.9 206.4 215.7 222.5 217.4 207.9 203.2 195.5 183.7 171.2 166.1 157.2 154.6 154.4 152.3 148 156.8 161.4 168.4
192 192 192 192 192 192 192 192 192 192 192 210.7 222.8 222.9 192 192 192 192 192 192 192 192 192 192 192 192 192 192 192 192 192 192 192 192 192 192 192 192 192 192 192 192 204.2 192 192 192 192 213.3 192 192 192 192 192 192 192 192 192 192 192 192 196.6 208.7 217 221.7 220.9 216.6 208 199.6 184.2 176.3 167.6 160.1 153.5 153.1 150.9 153.4 163.9 169.5 173.6
192 192 192 192 192 192 192 192 192 192 192 200 211.3 211 207.7 192 192 192 192 192 192 192 192 192 192 192 192 192 192 192 192 192 192 192 192 192 192 192 192 192 192 192 192 192 192 192 192 207.4 192 192 192 192 192 192 192 192 192 192 192 192 207.8 212.9 222.3 228.6 221.6 216.4 206.1 195.5 183.5 175 165.2 158.5 154.7 154.4 158.2 161.7 166.8 172.1 177.5
192 192 192 192 192 192 192 192 192 192 192 192 192 192 192 192 192 192 192 192 192 192 192 192 192 192 192 192 192 192 192 192 192 192 192 192 192 192 192 192 192 192 192 192 192 192 205.8 194.4 192 192 192 192 192 192 192 192 192 192 192 192 210 218.1 225 230.7 217.5 214.9 209.2 192 178.9 169.3 162.1 157.6 160.5 162.5 163.9 167.2 173.1 179.4 183.7
192 192 192 192 192 192 192 192 192 192 192 192 192 192 192 192 192 192 192 192 192 192 192 192 192 192 192 192 192 192 192 192 192 192 192 192 192 192 192 192 192 192 192 192 192 192 208.5 192 192 192 192 192 192 192 192 192 192 192 192 204.7 218 226.1 232.3 237.1 229.5 216.1 204 187.8 175.8 167.3 160.5 159.7 164.6 168.5 169.2 175.9 179.3 186.9 194
192 192 192 192 192 192 192 192 192 192 192 192 192 192 192 192 192 192 192 192 192 192 192 192 192 192 192 192 192 192 192 192 192 192 192 192 192 192 192 192 192 192 192 192 192 192 198.7 192 192 192 192 192 192 192 192 192 192 192 200 208.7 224.5 229 239.7 246.8 232.8 224.1 204.2 187.4 173.3 166.4 161.6 163.9 169.1 175.2 177.7 178.4 187.7 191.7 198.4
192 192 192 192 192 192 192 192 192 192 192 192 192 192 192 192 192 192 192 192 192 192 192 192 192 192 192 192 192 192 192 192 192 192 192 192 192 192 192 192 192 192 192 192 192 192 192 192 192 192 192 192 192 192 192 192 192 192 205.9 213.6 228.2 233.4 247.1 247.4 232.9 223.5 207 191 178.2 170.9 164.6 168.7 173.1 177.5 183 183.6 189 195.4 199.5
192 192 192 192 192 192 192 192 192 192 192 192 192 192 192 192 192 192 192 192 192 192 192 192 192 192 192 192 192 192 192 192 192 192 192 192 192 192 192 192 192 192 192 192 192 192 192 192 192 192 192 192 192 200.2 194.3 192 192 192 205.8 218.9 231.1 238.5 243.4 241 232.6 223 210.1 197.8 183.4 175.6 174.6 180.5 177.7 180.3 185.6 188.7 191.1 195.2 201.4
192 192 192 192 192 192 192 192 192 192 192 192 192 192 192 192 192 192 192 192 192 192 192 192 192 192 192 192 192 192 192 192 192 192 192 192 198.8 192 192 192 192 192 192 192 192 192 192 192 192 192 192 192 198.4 207.6 206.8 199.9 192 204.2 210.1 222.7 234 241.8 245.6 243 233.1 227.4 213.6 201.1 189.6 182.9 184.8 187.3 186.3 185.1 190.7 192.1 197.5 200.4 204.9
192 192 192 192 192 192 192 192 192 192 192 192 192 192 192 192 192 192 192 192 192 192 192 192 192 192 192 192 192 192 192 192 192 192 192 197.8 205.1 192 192 192 192 192 192 192 192 192 192 192 192 192 192 194.6 208.6 217.9 221.3 209.2 200.3 208 215 225.5 238.3 248.3 242.4 238.6 236.7 230.2 216.2 205.7 192.9 196.2 196.4 195.6 194.1 191.3 193.5 195.9 200.8 205.2 210.8
192 192 192 192 192 192 192 192 192 192 192 192 192 192 192 192 192 192 192 192 192 192 192 192 192 192 192 192 192 192 192 192 192 192 192 214.2 200.8 192 192 192 192 192 192 192 192 192 192 192 192 192 192.3 207 219.3 229 229.3 216.2 204.7 211.8 219.4 229.5 239.7 243.9 239.6 237.6 237.1 228.2 216.4 208.9 204.3 205.9 208.1 204.9 203.4 198.7 201.5 205.1 207 210.3 213.2
