public/OST50/NH01.asc
ncols 200
nrows 200
xllcorner 200000
yllcorner 810000
cellsize 50
[rows 105 to 139 of 200, columns 0 to 77 of 200]
875.3 873.8 861.8 848.2 828 797.8 786.7 783.5 783.3 772.5 744.6 706.6 679.6 657.5 632.3 611 601.9 597.9 609.3 609.3 625.4 640.8 651.3 665.4 680.5 697.9 709.4 714.3 734.9 766.6 805.4 850.5 894.4 916.4 924.3 920 924.3 925.4 933.9 913.2 872.6 832.6 806.5 797.2 793.9 784.5 766.9 741 719.9 744.8 762.8 773.7 762.5 752.2 746.6 752.5 779.8 813.5 826.9 866.4 902 896.5 869.7 842 841.1 815.5 800.1 771.6 761 746.6 744.4 735.3 742 751.8 753.8 787.7 808.6 821.5
848.7 850.6 853.9 858.1 863 839.7 828.6 822.2 801.1 780 741.4 708.5 685.9 661.4 643.6 631.5 634.5 633 642.8 643.8 653.2 665.9 673 688.1 710.4 732 747.4 755 763.1 786.6 825.3 857.1 891 895.4 893.3 890.3 899.6 895.2 901.8 905.9 889.8 845.7 832.4 820.7 819.1 801.3 776.2 763.7 751.2 791.7 799.3 803.6 802.4 799.4 775 783.8 804.1 830.5 880.4 905.7 933.6 933.1 894.9 878 867.1 858.6 854.7 838.3 814.6 790 780 795.1 797.7 787.1 794.4 835.9 868.4 889.9
813.6 816.9 819.6 823.3 839.1 846.9 842.1 828 815.5 791.6 749.3 716.3 693.6 670 662 659.8 668 669.4 671.8 674.9 685.1 692.6 700.1 714.5 740.2 772.8 793.9 795.8 800.3 821.6 847.7 861 864.5 869.6 863.7 853.6 860.8 861.4 862.2 873.2 874.7 873 871.3 860.1 854.5 834.7 801.3 780.4 783.4 814.9 834 836.4 846.9 842.3 835.7 809.2 825.9 852.1 895.1 944.9 965.3 954.9 931.1 914.5 893.4 887.1 885.3 875.8 859.7 841.3 856.7 861 861.5 866.6 852 887.6 917.9 924.5
776.9 781.3 782.7 784.8 798.6 808.5 805.7 801.9 791.9 794.6 767.3 734.4 715.6 700.3 693.2 692 703.2 705.3 709.8 708.7 713.3 716.4 729 751 774.1 794 808.2 813.3 820.6 826.8 832.7 834.2 837.3 840.6 839.5 825.4 820.4 809.8 819.7 835 839.5 841.9 855 872.7 882.7 854.4 817.2 814.7 822.3 837.7 861.9 873.6 873 873.9 875.3 864.6 854.4 882 917.8 965.5 990.3 979.5 961.5 929.5 918.8 914 905.4 899.8 884.4 880 876.9 885.8 905.6 929 928.2 946.1 914.5 888.4
744.6 745.7 745.8 746.4 759 768.4 775.5 764.4 755.9 766.8 764.7 759.3 746.1 737.1 728 723 730.3 732.4 729.2 725.8 721.1 732.4 752.9 767.7 772.4 780 784.8 787.2 794.2 801 808.2 808.1 809.2 812.2 813.8 800.4 792 780.6 784.9 790.3 797.5 804.4 820.1 835.2 854.6 863.3 859 862 873.3 882.4 896.4 897.6 901 900 899.6 890.6 907.6 930.8 958.7 985.6 1010.4 998.2 969 945.6 940.1 924.7 921.1 912.8 903.9 890.9 906.4 916.5 963.1 982.3 965.1 930.8 906.8 880.5
714.3 715.1 713.4 705.6 715 724.2 734.6 728.4 718.5 731.8 730.8 731.8 726.8 723.4 724.6 716.1 712.2 714.7 715.9 715.4 712.1 722 738.9 740.2 745.6 751.4 754.1 759.2 764.6 772.3 779 779.9 780.8 783.9 781.1 774 767 762.6 753.9 752 750.3 763.8 783.9 792.8 817.6 832.9 850.4 869.8 893.8 901 885.7 873.5 893.4 890.8 908.7 914.7 930.3 941 952.4 973.1 993.1 1010.4 991.1 964.6 955.2 945.9 940.5 927.9 921.7 931.2 944.6 978.1 1007.1 998.3 962 922.3 899.8 877.1
681.3 682.4 678.9 666.3 676.8 686.8 691.6 687.7 682.7 699.4 699.5 695.2 689.7 686.6 685.8 682 677.9 681.1 682.7 683.9 685.5 692.3 705.7 709.7 713.6 719.4 720.2 724.2 730.6 738.7 746.4 749.3 750 754.7 754.2 751.8 744.6 745.9 724.5 720 712.5 716.7 732.9 757.9 784.2 801.7 821.7 847.4 865.4 864.5 862.3 867.3 875.8 880.1 884.6 891.3 899.8 909.4 920 941.2 970.1 995.6 1012.6 996.7 974.9 963.1 951.2 939 941.2 960.7 989.6 1021.2 1000.2 967.6 941.4 908.3 885.7 866.1
647.3 645.9 643.5 632.1 637 649.4 650.2 647.5 638.5 660.3 662.6 658 652.9 650.6 647.4 645.7 644.1 643.3 645.2 648.6 651.7 660.1 673.2 671.5 677 685 681.6 688.2 694.8 703.7 713.3 717.5 721.1 726.6 721.6 726.9 726.7 717.4 704.5 679.4 680.3 682.2 699.7 726.7 753.8 772.5 796.2 822.1 837 835.4 843.1 853.5 860.3 862.2 868.5 875.5 879.5 889.6 903.9 916.6 944.1 966.4 988.3 1012.3 1008.4 991.9 982.1 973.9 967.1 996.6 1032.3 1009.3 973.8 946.5 925.4 896.2 877.7 862.1
612.6 609.6 604.7 595.4 604.4 605.7 616.5 608 602.2 613.7 616.5 611.7 610.1 606.7 605.9 605.6 608.4 608.3 608.7 612.2 616 625.4 639.6 636.1 643.2 648.3 645.7 654.2 659.1 667.3 676.7 683.5 693.6 695.8 688.4 696 708 703.6 681.7 648 644.6 649.6 672.2 700.5 721.5 745.3 766.9 795.9 806.2 814.2 823.7 835.4 844 846.1 855.4 862.3 867.8 876.6 885.6 898.6 923.8 944.6 966.6 991.5 1012.3 1024.3 1016.4 996.6 998.4 1026.1 1005.7 973.9 948 925.8 913.5 894.4 873.6 857.8
570 571.8 570 563.2 562.7 560.4 570.5 567.6 560 570.5 569.9 571.2 570.5 566.7 565.7 566.9 567.2 570.4 573.1 578.5 580.5 592.8 603.6 605 609 614.2 617.2 618.7 624.6 631.6 640.1 651.7 665.3 666.9 656.6 664.4 675.6 673.5 660.6 623.8 612.7 624.4 654.2 680.4 686.4 711.1 736.5 761 782.6 794.9 802.8 813.4 824.9 830.9 833.5 845.9 853.9 859.4 873 885.6 904.4 928.3 950.2 971.4 994.7 1019.7 1025.7 1021.1 1019.2 1017.7 979.5 949.4 927.7 915.2 905 887.8 869.6 849
531.8 533.3 535.6 529.1 525.1 524.8 537.2 531.9 524.1 529.8 532.7 528.5 532.8 528.5 527.5 529.6 526.7 532.5 536.5 548.5 544.7 562.2 571.1 569.3 577.9 580.3 585.2 588.4 591.9 598 609.2 620.7 637.2 635.6 625.3 630.7 641.7 637.4 619.8 593 585.7 603.4 634.1 655.7 670.2 688.7 708.9 746.7 764 778.7 789.4 797 803.9 811.4 815.9 823 835.9 839.6 849.6 860.8 883.1 908.1 932.9 956.3 981.1 1002.2 1010.2 1006.7 1001.7 1000.9 959.6 933 916 904.5 897.7 881.9 861.7 839.6
494.5 497.6 500.8 495 490.1 489.2 496.6 492.2 487.2 491.3 492 491.8 495.6 493.5 491.4 491.3 490.6 495.3 500.3 511.9 510.5 523.4 535.7 535.4 540.6 547.2 553.4 557.3 560.2 567.1 578.2 595 609.1 603.2 598.8 604.3 609.7 597.1 583.6 557.1 559.2 574.7 604.1 634.3 648.6 664.3 702.6 727.2 743.2 758.6 768.9 776.1 787.2 793.8 796.9 799.5 809.1 813.7 824.7 839.5 862 888.4 914.8 941.1 965.3 981.6 990.5 990 985.9 980.1 957 921.5 905.9 896.7 880.2 859.2 845.3 826.7
460.9 463.7 465 464.6 456.8 456.1 463.1 457.4 455.9 457.8 460 455.2 459.6 459.4 455.2 457.8 459.9 466.3 469.3 477.1 484 492.9 503.5 502.6 507.6 513.6 517.6 525.8 530.8 542.8 551.9 565.8 582.3 575.6 570.3 582.4 582 561.8 542.6 524 521.3 548.9 577.9 609.9 625.1 653.9 686.7 709.7 724.5 734.7 745 754.2 765.7 777.4 783.2 780.5 789.3 793.7 798.6 818.5 841.1 867.7 896.5 925.1 949.3 964.9 972.2 971.3 965.7 962.6 951.7 925.7 898.1 886 867.6 851.1 835.1 816.9
442.1 442.1 436.4 433.2 429.7 425.7 432.2 425.7 422.9 420.8 426 424.1 426.1 426.8 420.4 424.4 426.3 432.3 436.7 447.4 453.5 465.1 473.7 470.7 477.8 481.9 484.4 492.4 505 514.2 524 540.8 553.1 548.7 539.9 552.1 562 531.3 516.1 503 503.7 516.8 549.3 574.1 615.8 646.2 678.5 689.8 703.2 716.2 726.4 734.5 747.3 759.6 759.4 767 772.6 780.4 785.1 800.1 823.5 851.2 880.8 906.8 929.5 946.1 951.7 950.4 943.8 942.5 942.5 933.2 901 877.3 864.4 851.8 832.8 810.6
420.8 419.4 415.5 412.6 405.5 397.7 399.8 391.5 390.1 385.3 395 393.5 391.5 391.8 392.6 393.6 394.6 398 405.7 416 426.4 438.5 444.9 441.7 449.4 451.5 454.7 459.4 475.2 484 491.8 514.8 525.9 520 517.4 528.5 524.2 505.9 487.6 484.1 485.6 499.9 533.4 568.1 615.8 639.5 668.2 684.5 693.1 697.9 702.9 714.3 728 730.8 734 743.3 748.6 746.8 763.3 786.7 811.5 840.3 869.1 890.4 908.6 921.1 924.4 920.8 915.8 918 922.1 925.6 911.4 881.1 866.9 853.1 828.7 807
402.3 397.9 387.4 385.1 384.2 380.2 370.2 358.1 356.4 347.9 361.4 364.3 362.9 363.5 361.6 363.9 365.8 366.7 374.1 383.8 400.3 416.7 418.2 410.8 419.4 422 423.8 428.1 445.5 451.6 462.2 481.7 496.5 492.4 491.7 508.3 497.6 484.2 474.6 472.3 475.8 490.7 529.5 561 602.6 631.9 657.8 667.1 675.8 688.6 686.2 692 695.4 699.9 705.9 713.8 720.2 726.2 751.2 775.2 798.9 824.4 849.4 870.3 884.9 889.7 886.8 885.3 884 888.3 895.8 902.9 905.7 904.1 881.2 855.4 833.9 816.5
377.4 369.6 368.6 361.6 356.4 355.8 347.6 335 328.2 324.4 326.9 330 330.6 330.7 333 334 338 338.5 345.4 365.5 373.9 391.6 395.2 385.7 393 396.6 397.2 402.8 417.8 415.3 434.6 452 462.4 465.2 468.4 480.3 471.6 466.2 461.1 454.7 464.6 479.5 515 544.6 579.9 607.8 624.1 638.9 656.7 659.3 667 672.6 669.2 670.9 675.5 683.3 690.4 712.8 736.5 759.1 782.8 805.3 827.5 845.6 855.5 856 851.7 848 848.2 855.9 862.6 872 878.9 889.6 887 863.9 844.6 836.1
346.6 343.9 342.3 338.2 332.3 327.5 320 308.2 306.6 300 298.1 300.3 302.8 305.5 302.7 303.2 308.8 313 319.9 341.6 351.3 369.3 364.9 358 363.4 368.6 371.7 376.4 389.9 390.7 409.2 422.6 433.2 434.8 446.1 450.7 451.4 450.6 448.6 432.7 455 466.6 497.7 526.3 555.7 580.6 594.5 606.8 623.3 638.1 639.3 649 649 648 650.4 655.2 677.8 699.7 721.4 743.6 765.3 783.4 803.3 817.6 825.8 822.8 813.3 808.7 813.8 816.9 827.6 840.4 849.2 862.6 875.7 855.4 841.9 837.3
320.2 319.9 319.5 315.2 311.1 305 299.4 284.9 283.4 277.5 274.7 273.7 276.1 277.6 277.9 276.8 281.2 285.4 296.4 314.6 322 344 340.9 334.5 339.9 342 343.1 352.2 361.9 367.6 384.8 395.7 400.4 412.5 425.1 430.3 435.1 434.7 430.8 423.4 445.1 452.1 481.3 509.5 533.1 551.7 569.4 584.1 595.9 605.9 611 622.3 624.2 631 623.4 640.2 663.1 683.6 706.2 730.6 743.8 760.5 779.5 790.2 795.9 789.9 783.3 776.4 779.5 783.4 793.7 809 820.5 833.5 850.6 827.6 815.6 804.3
291.5 290.5 289 288.9 290.7 285.9 274 261.4 262.5 257.5 252.2 253.4 252.2 253.7 255.9 253.4 254.8 256.4 269.9 291.7 299.6 315.2 319.8 311.4 315.7 317.6 316.4 324.8 333.2 342.3 358 366.1 374.8 390.7 403.9 408 417.8 420.4 406.5 418.8 434.4 442.8 459.6 486.7 509.4 525.9 541.7 557.8 567 577.9 586.4 596.6 606.1 608.8 598.7 626.2 644.8 662.5 684.5 711.2 727.8 739.9 756.1 764.6 762.9 756.2 752.8 751.4 750.3 754.2 763.6 775.7 783.8 816.1 830.5 810.9 796.5 780.9
264.9 262.5 263.5 261 258.2 261.9 253.5 244.6 242.2 238.9 232.7 231.2 231.2 233.2 238.2 233.5 232.2 228.7 240.7 257.8 276.3 290.3 296.6 291.9 292 294.3 293 301.8 310.1 315 330.1 336.2 353.4 359.6 379.2 385.2 396.2 400.5 383 396.3 415.6 426.9 439.7 460.7 482.5 502.2 515.9 530.3 535.3 548.1 564.4 577.9 591.3 590.3 585.4 606.9 623.1 643.1 663.5 687.4 707.4 721.3 737.3 742.7 729.1 725.4 722.3 722.1 722.1 725.6 736.8 745.5 771.7 800.6 816.4 794.1 778.4 760.5
243.8 239.2 237.9 239.6 237.9 239.5 235.6 226.6 223.1 220.4 212.8 210.3 210.9 208.7 213.6 213.4 205.4 201.6 217.4 232.6 250 268.4 276.1 270.4 268.1 269.6 269.2 278.1 286 294.6 302.7 317.8 329.1 337.8 351.2 355.2 372.9 382.2 365.5 377.5 392.4 414.6 424.1 437 457.9 478.5 489.7 502.4 509.6 526.6 546.4 557.9 570.5 571.4 573.8 588.2 605.5 624.9 642.3 661 680.3 700.4 714.9 717 706 702.4 701.2 697 690.9 691 716 742.3 769 789.3 797.8 777.4 763.3 751
228.6 225.7 226.5 228.3 226.9 223.2 219.6 214.2 207.9 202.3 197.3 193.5 190.6 188.1 185.5 182.5 182.5 185.2 200.1 213.7 227.3 245.4 256.4 254.2 248.4 241.8 250.9 257.9 267.7 275.2 284.3 300 308.1 317 329 331.3 343.5 355.5 346.6 362.5 377.7 394.1 405.4 417.3 429.7 450.6 460.4 476.9 483.5 509.4 523.4 533 549.2 553.5 555.4 569 583.5 608.9 620.5 637.6 657.5 674.8 686.7 678.1 679.2 679.9 676.4 667.5 686.8 711.5 730.5 748.2 762.9 781.6 789.6 770.2 755.5 739.9
212 215.4 215.3 212.5 212.9 211.1 208 199.5 197.4 189.9 186 182 180.6 178.9 175.5 175.2 175.1 176.5 176.4 194 209.2 227.6 236 236.2 230 223.8 229.7 239.2 250.4 253.7 268.9 281 289.4 295.2 304.8 308 316.6 332.3 327.1 337.2 358.9 376.8 383.3 395.5 410.3 424 435.4 452.2 457.2 478 493.5 508.1 523.3 531.5 536.9 548.3 561.3 579.6 601.9 615.9 636.2 646.3 641.1 651.8 657.9 657.1 653 667.2 689.9 714.6 736.1 764.5 783.4 793 786.8 764 745.2 734.7
199.3 204.5 201.8 204.6 205.4 201.6 199 189.4 187.3 178.1 177.4 176.3 179.3 183.3 174.3 171.6 171 171.2 173 185.1 196.2 211.3 213.4 211.9 213.4 212 220.2 227.7 233.3 241.5 253.3 263.5 271 277.4 279.7 281.8 293.2 305.6 307.6 323.1 337.1 356.1 362.7 372.4 387.9 402.8 412.5 424.1 438.5 451.4 469.4 484.5 505.8 511.2 521.7 528.8 541 560.1 582.6 597.2 615.2 614.4 607.6 628.9 628.8 624.9 648.7 672.3 693 717.4 743 771.3 787.7 800.3 790.2 758 741.7 730.1
198.4 201.4 190.8 192.1 191.3 191.1 187.9 176.5 173.1 171.8 175.3 175.9 172.8 173.8 174.7 172.1 170.3 170.5 171.2 178.9 192.2 198.2 200.2 199 198.4 199.8 210.1 220.1 217 226.4 238.5 249 253.9 257.1 259.7 264.4 273.6 280.6 287 305.6 322.1 334.5 339.5 349.1 364.2 380.6 393.1 409.8 421.1 430.8 444 464.5 485.3 495.5 503.5 508.1 524.5 539.5 561.1 574.9 586.2 578.6 585.2 601.2 600.5 627 651.5 674.3 700.7 728.6 755.4 776.6 785.9 799.9 799.2 771.8 746.4 729.8
181.8 177.4 174 175.7 179.5 178.2 168.6 161.8 164.1 166.3 163.8 167.9 166.9 166.3 168.5 169.2 170.5 170.3 170.6 173.4 185.9 193.4 183.6 183.9 185.8 189.7 196.1 206.7 202.3 209.6 225 239.2 242.8 243 242.2 245.5 253.3 262.8 268.1 287.3 300.6 308.8 313.6 325.5 341.5 358.8 371.8 386.2 401 410.7 427.4 449.6 464.1 474 481.4 489.9 504.8 521.4 540 555.7 557.5 545.7 558.4 564 596.6 624 642.3 674.1 703.9 734.7 757.2 767.6 783.7 795.5 795.8 771.7 741.3 724.1
159.8 156 155.6 158.4 162.3 158.6 152.4 153.3 159.3 169.6 178.8 174.2 169 167.2 168.4 169.3 170.3 170.7 170.6 170.9 174.8 175.1 174.6 175.1 175.3 175.9 177 186.7 188.9 195.6 217.3 227.9 228.1 221.8 223.9 231.6 240.9 244.5 250.8 268.7 278.4 283.1 292.7 309 322.5 336.4 347.1 363.5 377.6 392 406.2 429.2 443.9 455.9 463 471.2 485.2 501.5 516.8 527.8 524.3 521 520.6 552.2 586.9 601.5 630.9 666.7 698.8 729.8 749.2 763.4 779.1 786.2 780.3 761.2 736.5 719
136.7 141.1 148.1 147.4 153.1 151.6 156.7 165.9 174.6 176.9 178.4 172.2 171.4 168.4 167.8 168.4 169.3 169.7 169.6 170.1 170.9 170.9 171.5 172.1 172.3 173.8 174.5 176.8 181 191.8 201.6 212 220.8 209.9 214.4 222.1 229.2 229.8 236.4 246.7 261 265.5 277.3 293.7 304.7 310.7 320.2 343.2 357.9 376.1 386.8 408.5 425.6 435.6 442.6 455 467.8 481.3 492.4 499.5 488.1 481.4 510.5 539.5 567.5 604 638.6 677.9 706.6 726.2 742.8 753.7 767 774.1 764.2 749.1 732.4 708.7
140.6 142.6 153.2 160.9 161.1 159.3 167.4 174.8 179.8 173 172.9 170.8 169.9 169 170 170.6 171.3 173.7 173.1 171.3 172.1 171.4 171.9 172.6 174.5 175.3 173.6 174.9 177.7 189.3 199.8 198.7 204.3 199.1 205.7 212.9 219 216.7 222.5 234.9 243.8 249.5 264.6 281.3 287.7 295.5 307.9 325.8 342.3 355.1 367 392 408.9 421.3 424.5 435.1 448.3 462.7 472.7 472.4 455.4 491.4 519 555.5 591.2 624.5 662.2 683.6 701.7 719.1 733.4 746 755.3 758.9 755 739.1 724.6 700
138 142 145.7 154.9 162.8 168.6 165.7 168.9 178.8 181.7 180.4 174.3 171.7 171.7 174.5 181.7 183.6 182.2 179.8 176.1 172.8 173.2 173.9 174 174.9 175.9 175 175.5 174.9 177 190.6 194 186.1 190.5 200 205.7 202.2 205.1 211.1 224.3 227.1 238.4 255 266.3 273.3 282.7 296.1 310.5 324.3 332.8 353.3 377.6 395.2 405.5 401.9 420.1 434.7 448.4 454.9 435.8 467 502.1 533.1 559.7 592.2 628.7 659.6 674.9 691 708.2 723 734.4 740.4 743.7 738.1 726.6 714.5 686.9
143.3 154.3 154.8 152.5 154.2 162.5 177 190.7 186.8 184.8 183.9 182.9 182.1 184.2 184.2 187.9 191.1 191.6 186.3 181.6 175 176 176.5 176.5 175.7 179 181.6 190.7 182.5 176.2 177.9 179.9 181.6 182.4 184.7 188.6 193.1 195.3 198.4 207.9 216.9 231.6 247.5 249.6 260.5 273.4 284.4 294.6 306.1 322.8 336.2 356.4 378.1 386.7 384.9 404.8 418.8 431.5 421.2 433.5 471.2 499.7 528.9 556.2 586.9 621.9 649.5 662.1 675.7 691.3 707.8 721.9 729.1 729.5 721.6 712.4 702.1 677.7
151.3 159.8 164.8 170.4 175.7 180.5 191.8 196.3 193.7 190.5 187.8 187.3 186.8 187.7 192 200.3 203.9 200.1 196.5 186.8 182.4 178.4 179.3 181.9 188.3 190 197.8 209.5 221.3 205.4 180.5 177.9 177.8 178.1 180 184.5 185.8 188.7 191.1 198.2 206.4 228.8 233 238.8 249.9 266.1 273.8 283.5 303.2 310.5 319.3 334.3 357.3 365.6 374.1 390.6 404.9 411.3 401.1 440.7 465.4 490.1 514.9 543.2 571.5 609 637.3 647.5 664.4 676.8 691.7 706.5 716.6 718.3 708.2 701.4 695 668.1
173.1 182.3 186.4 187.9 194 199.6 207.4 203.7 199.5 197.7 196.8 195 196.4 199 204.8 214.9 214.1 210.4 203.1 201.7 193.9 189.7 187.3 194.5 199 205 220.3 232.8 237.4 216.1 199.2 184.4 184.8 181.5 183.3 179.4 183.8 180.6 184.7 190.1 201.2 209.8 216.1 227 241.1 250.9 261.4 277.2 292.9 298.7 304.2 320 333.2 346.7 361.7 376.6 389.8 373.1 407.3 433 456.9 478.8 502.9 528.9 559.2 588.9 619.6 632.3 648 663.4 674.4 690.4 697.7 700.4 697.3 692.6 686.1 666.5
194 203.5 209.7 212.6 219.3 226.5 225.4 216 208.6 206.2 207 205.8 210.1 214.1 221.4 228.9 222.1 222.6 214.5 211.3 212.3 201.8 202.7 208.5 213.9 222.4 245.4 253.9 240 220.2 205.6 210.9 200.5 190 187.1 185.2 180.4 181.3 181.8 185 194.1 199.8 208.6 220.4 231.4 241.8 255.5 266.9 283.3 288.3 293.4 307.4 317.9 327.8 346.9 361.1 371.4 365.4 405.3 427.2 446.4 465.4 489 510.9 540.1 571.5 600.9 619.6 632.5 645.5 656 670.3 680.3 683.4 683.1 683.3 677.7 665.5
