public/OST50/NH01.asc
ncols 200
nrows 200
xllcorner 200000
yllcorner 810000
cellsize 50
[rows 70 to 104 of 200, columns 78 to 155 of 200]
460.4 426.4 431.7 458.4 471.5 481.9 494.1 506.8 521.7 530 534 542.9 549.7 559.7 575.6 568.6 536.2 507.4 479.4 455.2 453.4 430.5 420.5 412.7 400.9 384.1 383.5 387.5 397.8 411.2 428.9 447.1 472.6 495.2 523.1 557.1 599.9 645.8 667.3 667.5 720.3 763.8 816.3 856.6 890.5 929.6 888.1 855.3 828.5 809.5 794.7 775.4 759.3 743.6 731.6 706.3 683.2 661.1 647 632.8 618.6 597.9 575.9 554.7 541 527 510.9 493.9 474.2 458.3 444.9 433.3 421.1 411 400.8 398.4 397.1 400
464 432.7 441.5 470.2 478.8 484.8 496.9 511.5 529.5 536.5 547.4 557 566.5 585.6 595.1 584.9 548.4 512.6 488.3 480.5 463.6 452.8 431.3 428 412.7 388.7 384.5 386.8 395.2 407.2 419.9 436.5 460.8 488.6 512.2 542.9 581.2 623.4 616.8 674.5 727 773.2 812.9 852.1 886 911.6 895.1 861.6 834.5 815.5 795.5 776.9 761.2 733.2 715.5 700.1 679.1 659.4 633 600.6 597.4 579.8 565.3 546.5 531.3 513.4 506 489.1 471 455.3 442.8 431.4 421.5 409.1 400.1 398.3 397.6 399.8
462.6 434.3 448.1 472 484.3 492.5 501.2 516.5 533.3 547.2 558.7 572.2 590.5 606.6 611.5 595.4 560.6 534.7 510.9 508 505.7 485 457.4 429.6 411.4 394.9 385.1 386.7 392.7 402.5 416.3 435.7 452.8 475.4 504.2 531.6 565.7 582.4 637.9 687.2 728.7 772.8 807.9 836.4 867.3 902.1 932 896.3 860.3 839.5 820.9 783.7 758 732.1 708.8 688.7 668.3 649.3 629.4 601.6 573.7 557.5 551 537.7 526 511.4 492.2 481.8 468.3 454.6 439.2 427.9 417.5 408.1 400.5 398.8 398.6 400.5
460.7 436.4 460.2 478.5 489.7 500.3 509 522.7 540.8 558.4 574.6 588.7 612.7 628.5 631.4 616.5 601.9 574.9 549.3 538.3 516 486.3 460.8 444.7 423.4 407.9 390.4 386.4 391.6 400.1 413.5 430.5 449 466.7 491.2 528.1 548.5 590.1 631.2 677.8 730.1 761 783.9 815.2 850 884.3 915.7 914.2 884.8 858.1 841.8 813 785.8 751.2 721.8 698.7 666.8 638.7 613.3 587.4 571.5 555.3 534.8 521.8 508.5 498.2 483.4 470.1 458.8 449 436.7 424.4 414.9 407.1 403 400.9 400.5 403.9
463.2 438.1 468.3 483.6 497 505.7 515.6 528.7 548.6 566.7 585.3 605.8 631 649.3 656 643.9 635 611.7 576.5 554.5 528.9 511.2 482.3 464.1 440.3 414.8 399.3 391.6 386.6 396.6 410.9 427.3 445.6 465.4 484.7 513.4 548.7 592.5 628.3 673.2 715.7 738.7 767.1 798.1 832.8 870 904.7 913.7 889.2 859.9 834.2 818 794.5 767.5 737.8 700.7 664 632.4 619.7 603.3 580 559.4 541.1 531.2 514.6 497.1 480 468.8 453.8 443.2 431.3 423 415.9 408.5 406 402.5 403.8 407.7
465.9 451.1 476.6 492.1 504.7 511.7 522.5 536.5 552.8 577.9 597.4 623.8 645.2 661.6 667.6 662.3 645.2 620.8 592.6 558.9 539.1 519.6 495.6 467.7 439.7 421.3 400.7 392.1 389.9 393 407.7 423.2 441.1 459.2 482.9 514.6 547.3 583.2 627.7 671.5 698.6 723.1 749.5 785.2 821.9 859.5 895.7 903.3 880.1 848.3 822.6 799.3 769.8 743.4 719 692.6 662.2 638.3 614.3 603.2 583.2 567.7 552.6 536.7 518.2 498.7 481.2 467.9 458.4 445.7 431.8 419.9 413.5 409.8 406 403.5 405.8 412.3
473.9 459.5 479.6 495.9 506.4 516.7 529.2 542.7 560.3 585 607 638 659.9 676.6 676.1 663.7 647.1 625 593.7 570.3 547.8 529.8 503.5 483.4 458.5 431.6 406.1 391.7 390.2 394.1 404.5 417.7 432.5 448.5 477.1 508.8 542.4 576.2 625.6 660.9 686.3 712.7 738.5 771.8 811.6 852.4 884.5 869.8 847.5 817.5 794.2 773.4 751.4 729.3 705.6 684.5 656.4 654.7 639.5 615.5 593.9 580.5 554.2 534.7 516 495.9 479 462.7 447.5 441.6 430.9 417.9 409 405.8 405.1 403.1 407.3 413.6
480.5 471.3 480.4 496.7 509.2 522 534.5 548.8 567.1 593.5 620.5 648 673.1 689.7 691.6 678 663.6 641.5 614 592.8 563.5 535.9 512.9 495.7 471.3 444.3 421.1 399.9 391.2 391.1 399.1 409.6 426.8 446.7 471.7 502.3 528.9 569.7 610.6 642.7 675.5 700.7 730.1 763.8 803.9 840.5 871.2 839.7 821 801.8 781.8 762.7 744.8 722.6 706.9 690.1 676.3 659.1 638 617.6 598 577.3 560.7 536.1 512.3 491.9 474.8 459.5 444.5 430.1 421.2 413.4 406.6 401.4 400.5 401.8 410.4 423.6
493.1 485.7 485.2 497.4 512.7 525.5 539.6 556.1 575.7 601.1 634.3 658.4 688.6 704.5 709.7 694 667.6 645.4 626.5 603.6 578.5 543.2 520.3 500.5 470.8 445.5 421.3 404.3 396.3 391.8 396.3 406.6 419.7 436.7 462.6 491.7 521.8 559.7 583.2 632.2 667.1 694.2 721.5 756.7 794.2 831.5 861.5 827.7 806.2 795.9 774.1 755.2 737.2 721.4 705.4 690.7 678 661.9 642.2 616.7 594.7 569.7 551.7 534.2 510.9 489.9 472.3 454.4 438.3 425.9 415.5 407.3 398.5 398 396.5 402.6 412.6 423.1
499.2 490.7 491.2 502.5 515.8 530.4 545.6 563 584 620.3 646 668.3 697.1 711.7 710.6 689.9 667 643.8 620.4 600.8 583.8 557.9 535.3 514.3 475 447.3 423.2 408 400.4 395.2 394.7 403.6 414.2 433.5 461.7 483.6 517.8 551.8 590.3 625.9 660.1 688.8 717.4 749.2 787.1 824.6 856.2 822.5 797.8 785.2 768.4 749.6 735.6 721.6 702.5 688.1 677.5 662.9 648.2 620.7 595.3 571.5 545.6 523.2 506.5 485.8 468.1 449.8 434 420.3 407.5 402.7 396.4 392.4 396.3 405 412.3 420.9
500.2 492.2 497.6 506.7 521.2 535.8 552.3 573.4 599.6 635.7 660.4 681.5 706.7 708.1 700.6 678.8 650.4 625.8 605.7 590.7 574.4 552.2 534.1 514.7 471.7 444.5 425.1 411.3 404.3 395 395.5 400.2 411.1 429.8 453.1 478.5 513.2 547.4 583.1 622 655.7 686.2 716.6 745.3 780.3 819.2 854 830.3 802.3 782.9 767.5 752.1 736.4 721.4 701.8 685.3 675.1 665.1 651.6 624.8 594.7 566.5 538.6 516.4 501.2 482.2 462.2 446.9 430.5 419.2 408.4 399.4 392.2 387.5 396.2 403.7 411.3 422
498 498.5 509.7 527.2 528.5 543 562.6 586.1 619.1 652.4 672 694.4 706.5 705.8 683.6 659.1 630.6 606.1 593.5 579 563.7 546.2 528.6 496.6 468.9 447.1 427.6 413.8 405.1 396.7 396.9 401.3 412 426.5 447.8 472.7 505.5 539.9 573.4 611.6 652.6 684 715.1 742.6 776.8 815 854.2 854.4 810.2 785.3 770.7 759.6 741.3 715.9 698.9 686.9 676.1 664.9 646.8 620.1 588.2 562.8 535 513.7 496.7 479 460.9 443.2 427.6 413.6 403.5 397.5 384.3 386.7 391.9 401 412.4 423.9
501.6 511.7 531.6 538.7 540.5 555.2 571.3 594.6 629.7 661.4 680.2 699.1 714.8 700.8 671 642.9 618.9 600.5 586.2 567.1 554.7 539.8 513 487 463.9 442.6 428.8 415.9 407.4 398.4 396.8 403.3 413.4 427.7 443.8 473.8 502.4 531.1 568 603.8 644.4 681.2 712.4 742.7 777.3 817.1 852.7 867.6 816.3 793.1 774.2 760.9 743.4 722.4 709.2 692.4 676.9 659.4 635.7 609.1 583.2 557.3 530.9 510.9 492.2 474.8 454.8 438.6 420.1 411.1 398.4 386.9 378.5 383.4 397.5 403.1 407.7 421
507 530.2 545.7 549.7 552.5 566.7 584.2 608 640.7 667.4 687.2 709.6 727 699.1 659.6 643 620.6 599.2 586.9 570.4 552.2 532.8 507.9 492.3 469 450.5 435.2 420.4 407.9 400.5 398.8 406.9 416.6 429.8 446.8 470.7 501.6 530.4 569.6 613.1 648.5 681.3 709.4 741 779 817.2 849.6 861 827 795.1 779.3 762.7 746 732.2 717.7 699.9 682.1 660.8 626.7 600.9 578.6 557 529.5 494.1 485.3 460.3 447.9 433.5 420.7 410.2 398.2 388 377.5 382.6 392.5 395.3 406.1 419.7
515 537 553.1 559.8 567.4 582.7 606.5 630.7 656.7 679.2 704.4 728.8 728.8 698.2 666.8 647.1 626.6 607 593.3 575.7 559.2 537.3 518.9 500.1 487.3 460.5 442.3 423.8 409.5 400.2 401.3 411.9 421.3 435.1 453.5 477 503.1 532.8 571 616.4 652.9 682.1 712.7 741.5 776.3 815 835.7 843.6 836.7 809.4 785.7 771.9 756.4 744.6 725.2 705.4 686.3 663.4 633.5 604.9 576.1 552.4 540.1 516.9 494.6 468.5 446.3 430.2 417.6 407.2 395.2 385.2 376.8 381 389.4 393.4 406 420.1
526.1 545.1 559.4 568.2 580.5 596.5 620.9 650.5 670.9 698.5 728.8 748 724.8 697.9 677 652.3 631.3 615.5 605.8 585.6 563.3 540.4 520.5 504.6 488.9 466 443.6 424.4 412 400.7 403.3 413.4 428.3 450.5 464.7 483.8 507.7 539.9 576.5 616.4 650 684.1 714.7 747.4 782.9 816.8 830.4 825.6 814.4 796 782.8 771.1 762.2 752.4 735.7 712.4 682.5 659.7 634 604.6 585.6 567.5 544.4 519.2 492.8 469.5 443.1 427.5 412.7 402.8 390.4 383.7 372.2 377 382.4 392.6 405.5 420
530.1 551.7 566.5 579.4 591.8 612.5 634.7 663.9 693.6 725.6 757.6 746.7 715.7 702.1 683.4 663.2 650.6 630.9 614 589.9 572.2 554.1 530.6 508.8 488.2 466.6 446.3 425.1 412.7 404.2 402.9 419.5 448.7 460.1 472 488.6 514.2 543.7 581.8 615.4 649.9 684.3 716.7 751 787.9 820.2 821.1 808 793.2 778.2 766.8 755.5 745.8 739.6 726.3 701.6 676.8 651.6 628.6 611.3 593.5 569.9 543.9 517.3 492.1 462.6 441 424.4 405.3 394.6 391.2 379 369.4 374.1 380 391 403.1 418.4
534.4 551 574.3 588.9 603.7 623.8 645.9 671.1 710.1 747.6 766.3 744.7 719.7 708.1 693.8 682.4 665.3 636.9 613.3 600 581.9 559.8 532.9 510 486.9 467.2 449.7 425.2 414.4 406.6 405.9 426.5 448.2 461.5 475.5 493.4 518.3 549.1 583.9 619 650.4 686.2 719.8 756.4 795 816.7 807.9 794 779.8 764.9 750.9 738.1 732 724.1 704.4 681.5 659.2 637.7 617.7 605.7 587.9 566.5 539.7 515.2 487.2 457.3 437.8 419.6 404.4 392.8 388.2 375.5 368.1 371.7 375.9 386.7 400.3 411.4
543.4 564.5 581.4 597.4 614 631.9 664.2 692.3 720 759 767.6 749.6 736.5 720.6 698.7 685.1 668.3 641.6 629.9 611.1 583.8 553.9 537.4 514.1 488.3 471.6 448.9 424.6 414.7 406.6 410.2 421.7 440.3 461.5 476.8 498.7 525.8 551.7 591.1 622.8 653.7 687.9 725.8 765.5 802 806.2 795.4 784.4 766.1 751.7 735.6 721.2 711.6 699.4 683.3 665.1 645.5 623 604.2 591.3 575.7 559.7 534.3 512 482.8 453.4 432.7 415.6 401.5 392.8 378 370.2 365.4 368 372.3 383.2 393.1 401.3
550.9 568.6 586.8 606.8 623 644.5 673.4 711.5 746.1 771 779.3 770.7 753.1 722.2 702.1 689.1 671.8 667.2 656 613.1 581.7 559.6 538.9 516.2 497.3 480.8 450.1 424.7 410.5 409.3 414.6 426.1 443 460.4 478.7 501.4 528.5 556.5 591.7 626.5 661.5 692.8 729.1 769.5 795 791.6 785.6 778.7 761.1 738.3 720 707 682.9 679.7 666.9 647.3 627.8 610.5 592.1 579 562.1 544.9 522.3 500.3 474.9 450.1 429 414 401.9 390.3 372.5 367.9 365.7 359 372.2 378.8 385.1 395.2
556.4 574 591.9 612.9 631.1 657.4 683.4 725.1 775.2 799.3 802.9 784.3 755.1 732.7 709.3 699.9 694.6 684.4 654.8 613 585.3 560.9 540.6 523.4 501.7 480.7 455.7 430.3 412.5 411.4 415.9 427.6 442.2 459.6 483.1 507.1 532.7 560.6 592.7 627.1 666.3 700.5 733.2 769.4 783.1 781.3 780.7 778.8 768.3 741.5 723.4 696.6 677.3 651.8 650.1 630.7 615.7 602.4 583.9 565.5 551.3 532.6 514.6 493.5 468.3 447.2 427.9 413.1 402.1 387.4 373.5 371.1 365.4 361.4 368.1 372.1 380 388.6
565.3 578.8 598.5 619.9 639.1 665.7 700.2 738.9 785.1 820.7 823.7 794.3 764 742.2 723.8 707.9 695.1 674.7 641.8 616.6 590.4 563.5 547.8 525.8 502.3 483.3 458.9 432.3 417.3 412.5 418.6 428.9 443.8 459.7 483.6 508.4 535.5 563.8 594.8 630.3 667.8 704.3 738.2 765.6 769 768.7 770.5 765.2 760.2 749.2 723.4 696.9 672.6 652.3 628.7 618.8 605.8 589.4 572.5 555.2 540.4 520.1 502.6 481.6 463 443.5 425.9 408 394.7 383 376.8 372 365.7 362.2 352.7 364.6 372.8 382.2
569.9 584.5 602.8 624.5 645.6 678.2 714 760.1 802.7 829.8 829.3 813.5 782.3 753.8 727.5 708.2 688.4 659 634.5 613.8 592.4 567.7 550.3 526.2 505.5 482.1 458.3 434.3 419.3 413.4 419.7 428.8 442.5 459.6 486.2 511.1 538.7 563.4 601.7 637 670.8 705.4 732.7 745.9 746.7 750.8 751.8 748.7 743.1 737.1 718.3 688.8 659.6 643.5 631.9 606.5 585.3 573.3 558.1 544 528.2 508 491.1 471.8 455.9 438.8 422.5 406.7 393.5 382.3 378.9 373.2 365.8 361.5 356 357.8 365.4 377.1
576.6 588.4 610.4 632.2 657.7 696.8 744.8 789.3 826.3 832.1 822.8 804.3 779.5 749.1 723.1 704.1 673 648.5 626.9 607.7 590.8 566.5 549.6 526.5 506.6 482.5 458.1 434.2 418.6 415.8 422 431.8 444.5 464.2 487.8 512.1 538.9 573.6 604.8 639.3 673 694.2 703.8 713.5 715.9 717.2 723.5 724.6 718.7 710.4 694.9 670.1 653.8 637.8 615.7 597 568.7 554.6 541.4 526.9 511.4 495.2 477.1 463.9 444.6 435.2 419.7 403.2 391.6 386.3 379.9 371.1 369 361.7 354.2 350.9 359.5 368.6
586.2 594.7 618.1 642.2 673 714.7 764.6 814.3 833.1 824.9 802.8 777.6 756 735.8 714.3 690.6 664.4 642.6 621.7 606.9 588.3 566.6 547.3 524.3 502.7 479.1 453.8 433.7 419 421 424.4 433.9 450.5 468.5 488.1 515.5 543.9 574.1 607.2 644 659.8 663.3 674.9 685.7 682.9 683.3 689.2 688.9 684 680 673.3 659.3 645.5 624.8 594.1 572.7 554 540.1 525.8 510.5 494.8 478.3 465.8 455.4 445 433.2 423.6 407.3 401.6 384.7 376.3 371.1 368 360.1 351.6 346.7 352.6 361
595.2 605.6 628.4 653.8 692 741 776.4 821.6 826.9 803.1 782.3 757.5 739.1 723.8 700.1 678.4 657.5 639.7 621 604.8 580.8 566.8 546.2 522.5 498.8 475.8 448.8 424.7 420.4 426.9 434.9 442.4 450.5 466.4 490.4 518.6 551.4 577.7 610.1 632 629.5 636.6 648.2 657 654.5 651.7 655.3 659.3 657.3 658.6 650.4 636.1 619.1 600.6 578.2 555.8 540.1 525.3 511.1 494.9 480.8 467.7 454.7 446.7 437.4 420.9 423 420.7 396 383.6 378.1 369.2 364 357.2 353.1 346.9 346.8 352
606.2 616.5 638.6 668 707.7 748.6 781.8 819.4 810.1 786.5 766.8 747.2 727.5 710.5 691.4 672.8 656.8 635.8 617.4 598.1 580.2 565.4 543.8 517 493.4 466.8 440.3 423.6 424.4 434.6 442.5 452.6 465.5 482.4 492.9 516 551.8 595.7 613.6 613.7 614 618.1 621.9 625.8 629.4 633.7 634.5 638.2 638.6 637 625.9 614.2 592.2 573.8 553.1 535.6 521.7 510 493.5 481.3 470.6 458.5 448.2 436.3 436.3 440.3 431.2 405.7 391 383.4 376.6 368.1 365 361.5 352 344.9 341.5 344.3
623.5 631.8 652.3 679.3 713.1 751.3 792 818.6 796.3 773.2 756.2 737.5 718.9 703.8 685.3 667.9 650 630.4 611.4 593.7 580.7 561.2 536.5 511 485.4 459.2 431.6 426 430.1 442.7 451.7 462.7 479.4 497.1 515.9 534.3 550.7 580.2 596.1 596.9 602.6 605.5 609.9 614.8 619.7 619.1 619.1 619 617.1 612.1 602.4 582.5 562.5 545.2 529.5 517.5 505.2 495.8 483.8 472.6 462.3 452.3 447 453.1 449.6 442 422.4 406.9 398.4 387.1 377.2 369.9 366.6 360.1 347.8 341.6 340.9 339.4
643.1 651.1 664.7 696.5 726.5 773.7 818 807.4 783.4 764.9 746.6 726.6 710.3 693.1 679.8 666.5 646.4 625 609.9 593 578 553.3 524.9 501.3 476.1 451.3 429.7 428.5 437.1 449.1 463 479 497.2 515.1 533.8 552.1 569.5 578.9 590.9 591.2 594.3 597.7 602.4 605 611.4 607.6 606.6 605.5 600.6 592.2 578.2 560.4 545.3 529.5 513.8 502.5 492 484.8 476.3 466.2 465.3 462.4 461.7 460.8 455.7 448.6 430.7 417.5 407 390.4 380.4 369.7 359.5 354.5 345.3 341.4 340.6 339.3
659.2 668 679.8 707.7 750.2 794.7 825.3 798.4 775.1 756.5 735 720 702.7 686.6 673.6 663.9 645.8 626 606.7 595.3 570.3 543 515.2 493.2 466.3 438.2 430.8 434.2 444.2 458.8 473.6 496.2 514.5 530.9 552.2 570.5 586 587.3 587.3 588.5 591.4 590.8 592.6 594.7 594 597.2 597.6 594.8 590.4 581.2 571.5 551.1 532.4 517.7 504.6 494.8 487.7 481.7 477.2 477.4 475.9 474.8 473.2 473.8 472.7 462.8 440.7 425.8 412.9 400.8 389.4 375.3 363.2 353.5 345.6 342.1 338.6 339
675.8 685.7 701.6 737.1 775.6 811.1 817.5 789 766.7 745.6 730.9 716.2 695.5 681.2 667 655.3 634.9 614.7 601.5 582 559.7 529.3 503 480.9 452.9 434.1 433.8 442.7 453.1 473 491.1 513.7 528.7 549.7 571.4 589.6 602.5 600.7 590.4 586.6 586.4 587.6 586.9 587.4 591.4 592 594.3 588.7 583.9 575 563.6 549.7 525.3 510.6 498.9 490 482.3 480.5 482.7 486.2 485.8 486.1 485.1 486.6 482.7 468.1 450.9 437.8 427.5 414.2 402.2 387.7 371.6 358.1 347.9 342.5 338 335.8
691.8 706.7 735.1 763 792 822.9 804.9 780.8 761.1 740 730.1 716.1 694.6 680.3 664.1 645.1 627 613.1 600.9 573.3 543.3 515.2 490.3 466.2 441.4 436.7 442.3 453.9 472 496.4 512.5 528.7 552 571.5 590.8 608.9 622.5 617.4 604.6 597.8 591 590.1 588.3 587.2 590.8 590.1 592 588.6 584.1 574.1 563.2 544.9 524.7 513.1 501.8 488 487 487.5 490.4 493.2 495.5 497.1 504.4 503.9 494 482.7 467.1 455.8 445.1 434.3 419 403.8 387.6 369 357.2 346.1 338.5 334.8
714.9 747.2 773.1 802.3 830.3 829.5 795.8 773.7 756.2 737.9 733.7 717 693.7 675.5 658.3 640.1 624.6 611.6 591.1 561 529.4 500 478.2 456 441.3 445.4 454.7 471.4 492.3 515.6 532.5 551 572.1 593.5 612.2 634.7 637.2 630.8 622.2 614.8 603.6 597.5 592.8 590.3 591.8 589.8 588.5 588.7 588 575.1 553.5 542.7 524.9 512 499.1 493.5 493.9 496.1 498.6 503 509.7 515.1 529.1 531.7 523.6 507.8 493.7 482.3 470 457.3 439.9 421.2 402.7 383.9 367.9 351.3 338.5 334.1
766.9 789.2 820.3 840.1 859.2 822.3 794.8 769.3 754 738.2 733.7 718.7 695.7 671.5 655.2 640.5 624.5 607.1 576.4 543.5 516.9 491.7 469.5 449.5 449 457.3 469.5 490.7 514 533.9 554.4 576.5 597.9 624.4 647.2 652.9 652.9 651.7 644.6 635.7 620 608.1 601.4 600.8 595.7 598.8 588.2 590.6 585.3 567.2 555.3 542.3 525.3 515.1 506.3 499.2 502.8 505.8 509.2 515.6 523.9 535.6 549.6 557.5 552.1 534.5 516.5 504.5 490.4 477.6 463.3 440.5 419.7 402.6 380.5 361.6 346.5 335
804.7 835.3 863.4 880.3 839.9 811.1 786.8 768.2 754 745.7 735.7 717.5 693.3 672.7 657.1 643.3 623.9 592.9 558.3 528.4 506.1 482.5 465 453.5 461.2 469.5 484.3 509.9 531.6 552.9 576.5 601.7 630.3 656.2 673.7 670.9 674.4 672.5 662.9 651 634 620.4 615.3 607.2 601.6 588 581.2 576.4 573.4 564 555.5 549.4 538.7 531.5 520.3 516.9 516.4 518.2 523.6 536.2 549.4 557.3 571.8 578.5 578.3 565.3 546 530.9 520 509.6 492.6 467 443.3 420.9 397.4 375.8 356.4 342.4
