public/OST50/NH02.asc
ncols 200
nrows 200
xllcorner 200000
yllcorner 820000
cellsize 50
[rows 105 to 139 of 200, columns 0 to 77 of 200]
518.1 519.1 523.8 530.4 527.2 518.1 513.7 512.6 506 502.7 498.1 496.4 493.4 501.6 514 516.1 524.4 530.3 534.7 537.7 540.5 536.4 546.6 553.3 573.2 580.6 586.5 579.3 571.6 572.3 571.8 558.4 541.3 530.4 522.3 518.6 516.2 509.3 509.6 508.6 511.2 520.2 536.5 554 547.4 535.7 513.2 490.4 476.1 465.8 447.2 433.8 416.7 400.4 393.8 385.6 376.3 371.5 370.9 370.2 371.2 375.3 385.2 391.5 397.3 410.1 419.1 428.8 442 455.9 468.6 480.4 496 516 537.3 553.2 553 556
515.7 518 520.3 524.2 521.5 515.1 512.9 508.9 506.1 503 500.4 498.9 501 517.8 525.3 528.1 539.6 547.8 555.1 556.7 556.5 561.1 568.7 574.2 592.4 603.4 608 601.9 597 591.8 587.5 562.8 546.4 532.7 523.2 516.5 512 508.1 511.6 517.2 513.1 515.9 530.1 553.5 543.9 526.6 507.9 492.2 475.1 465.7 450.7 435.3 416.8 402.2 393.9 385.7 376.9 372.2 370 370.2 370 372.6 377.7 385.8 398.6 410.9 421.3 431.4 444.6 462.2 473.5 489.1 506 525.8 547.9 561 561.1 568.8
516.4 515.7 515.7 517.4 515.8 514.4 511.7 508.6 508.7 507.8 503.7 505.8 512.6 524.2 533 541 560.9 575.4 581.8 576.2 575.2 588.3 589.9 598.4 616.1 623.9 635.9 637 637.8 614.4 582.3 562.5 547.8 530.7 519.5 511.7 508.6 506.9 509.3 511.2 508.6 508.6 522.4 539.5 536.1 518.4 498.6 485.3 473.1 460.2 447.1 436.5 419.1 403.6 393.1 385.1 375.8 371.7 370.1 370.5 370.9 373.5 378.2 389 399.2 410 424.8 433.7 446.4 461.5 479.8 493.6 509.4 538.5 558.3 568.8 573.9 585.2
521 519 520 519.7 516 513.8 512.2 509.1 511 508.9 506.9 511.2 521.8 530.3 548.5 569.6 587.3 603.9 606.6 595 604.7 601.6 609.5 624.5 636.7 646.7 657.4 651.2 638.7 606.7 585.2 566.2 545.2 529.5 517.5 511.5 505.2 504.8 506.1 505.3 504.6 505.6 510.9 519.8 508.7 499.2 490.2 481 467.9 459.6 446.5 432.4 423.1 406.4 395.6 385.9 376.4 371.4 370.6 369.9 372.4 374.4 379 388.7 400.4 409.8 426.3 435.1 448.2 463.5 482.3 503.8 521.9 545.4 563.2 573.1 581.2 588.9
522.5 521.3 527 524.3 516.5 513.1 510 509.7 510.6 507.7 511 522.3 536.1 549.3 570 591.4 609.4 619.3 614.9 625 624 627.6 635.3 645.3 652.1 674.3 665.2 647.5 622.8 602.4 582.9 562.6 542.6 529.2 520.2 511.7 504.3 501.3 502 501.8 499.3 499.8 500.1 499.6 495.8 492.5 486.5 475.5 468.5 457.2 448 437.4 423.2 412.5 400.8 388.7 380 372.4 371.7 372 373.5 376.9 380.6 391.5 400.3 410.3 425.3 437.4 452.4 468.9 486.2 509.2 531.9 552.1 567.7 575.5 585.2 595.3
516.7 524 529.8 520.4 512 507.1 503.1 509.1 507.3 505.3 523.4 540.8 556 577.1 597.3 616.5 622.2 625.7 634 636.8 644.3 674.3 670 679.8 687.6 682.3 661.3 644 629.9 601.3 580.3 560.1 544 531.6 520.8 512.1 504.9 495.7 496.1 495.2 490.9 490.6 492.3 488.3 487 483.6 477 471 464 453.6 445.6 437.9 425.1 414 401.1 392 381.2 374.1 372.5 370.9 374.1 377.6 383.8 392.6 403.9 414.1 427 441.5 455.9 471.3 490.5 516.1 536 553.5 566.5 581.8 601.2 607.8
513.5 521 517.3 506.6 503 499.6 501.9 505.7 495.2 520.1 535.1 554.4 577.4 591.2 611.2 626 630.1 630.2 642.1 645 674.7 697.7 708.2 706.2 699.8 679.1 654.3 649 634.2 603.7 583.2 563.8 548 538.9 526 513.9 507 497.2 489.9 486.8 484.3 481.8 482.3 480.6 477.3 473.6 465.1 458.1 454.1 446 441.7 433.2 424.7 411.8 403.3 395.5 386.8 376.4 374.1 374.3 376.5 379.2 385.1 390.7 400.9 414.9 428.5 443.5 458.5 474.5 497.1 525.8 539.1 554.2 573.2 591.7 610.3 616.8
500.2 499.9 494.7 490.4 489.6 482.4 492.9 495.4 507.1 537.6 548.2 561.6 582.2 603.4 624.4 641.3 633.5 635.4 653 662.7 687.4 699.7 704.1 699.5 691.7 675.9 664.4 650.5 628.2 606.8 595.3 571.9 553.8 541.6 529.2 513.2 502.2 495.5 486.3 481.1 478.4 477.7 476.1 470.3 468.2 462 456.8 450.3 444.6 439.2 438 432.1 421.3 410.5 400.4 395.4 387.8 378.1 374 377.7 379 382.7 388.5 393.9 402.5 415.2 427.9 444.7 460.7 475 504.2 533.4 547.9 561.2 584 599.3 625.2 633.7
474.5 473.5 468.6 473 473.4 474.4 485.9 489.4 525.1 550.8 558.3 571.2 590.7 616.2 639 640.2 637 644.2 658.5 678.6 696.4 707.6 712.3 709.1 692.2 686 669.8 647.8 624.4 613.3 599.5 577.1 559.5 553 541.1 519.1 503.6 492.8 482 480.6 473.7 472.9 469 465 462.2 456.6 449.7 444.3 436.9 434.2 432.2 426.3 419.5 410.7 401.1 393.8 385.9 379.5 375.3 375 382.1 385.1 389 397.1 407.3 414.1 428 444 461.3 479.3 509.3 538.5 554 572.4 593.3 611.1 632.1 644.1
450.7 450.3 450.2 451.3 451.3 468.3 469.1 499.5 529 550.8 564.1 581.6 600.6 627.5 646.4 639.3 641.3 649.7 664.2 685.1 701.8 716.3 718.1 706.7 700.7 682.8 662 646.8 629.8 615 594.4 578.4 563.6 562.8 560.6 539.4 508.3 494.8 483.6 477 470 468.5 471.2 472.9 462.8 456.6 447.9 438.6 434.5 428.7 426.7 424.2 418.7 409 400.6 392.6 383.2 379.2 377.5 375.4 382.4 387.8 392.4 402 409.6 416.7 428.9 444.9 459.9 484.9 513.8 539.8 557.5 586.5 605.3 623.7 636.1 651.1
424.2 426.1 431.4 433.6 446.5 454.7 474.7 508.2 533.6 552.9 578.9 592.4 606.7 631 637.8 634.4 643.3 652.9 663.5 696.3 714.5 715.9 709.2 705.1 699.7 678.9 660 643.1 632.7 615.8 594.1 582.3 569.8 570 575.6 553.8 519.3 501.5 489.4 483.1 473.2 467.5 460.9 464.4 456.7 447.5 444.2 438.4 429.3 424.6 425.9 421.6 416.1 407.5 400.4 390.5 382.5 383.2 378.8 376 380.4 387.4 392.2 402.2 412.1 418.7 432.2 449.8 465.7 485.3 510.6 536.3 559.9 591.9 615.4 631.8 646 664.9
405.4 408.5 410.9 422 430 449.5 480.9 512.3 540.5 566.2 587.2 602.4 615.1 633.6 628.7 632.7 643.9 658.1 667 696 700.3 701.5 701.4 705 695 671.4 651.2 645.2 636.3 621.8 599.2 586.7 576.3 574.1 582 557.4 530.6 513.5 500.3 488.4 481.9 472.1 462.7 456.9 454.3 454.5 444.7 436.9 431.9 426.2 420.7 418.1 411.3 404.8 397.6 388 382.7 382.1 382.9 376.7 379.9 385.5 393 402.2 410.3 421.6 433.6 451.1 468.2 484.5 506.6 533.7 562 596.4 623.9 640.2 658.9 675.9
381.5 388.6 391.7 410.4 423.8 453.2 492.3 525 548.3 574.1 590.8 605.4 619.4 623.9 625.9 633.3 641.7 648.9 658.7 678.3 694.2 701.6 701 701.5 690 673 656 652.6 644 629.5 606.8 593.2 581.5 579.8 581.4 569.1 552.9 531.5 511.5 496.9 491.3 480.1 469.4 459.8 454.6 449.1 442.9 437.5 431.1 424.7 419 414.1 406.9 397.7 394.5 385.9 383.3 381.9 384.1 378.2 376.6 382.4 391.5 403.3 412.6 423.4 436.5 450.1 469.1 484.3 506.3 538.7 568 603.7 629 650.9 673 690.7
358.6 369.4 382.1 403.2 423.6 455.3 497 549.8 562.3 572.3 582.3 602.7 608.5 613.2 623 626 633.6 641 656.1 683.3 701 706 700.2 696.5 690.2 673.7 663.6 664.2 657.8 646.7 619.4 598.9 588.1 587.5 587.6 572.6 555.6 538.6 518 506.1 498.5 491 478.6 465.4 457.6 444.7 439.5 433.6 428.8 420.6 417 410.3 404.6 398.9 390.6 385.8 383.2 380.7 380.1 380.8 377.5 385.7 392.5 398.7 409.7 419.7 435.6 453.5 470.5 486.2 513.1 541.1 571.7 604.9 634.3 659.2 683.5 699.2
378.3 385.2 390.8 390.9 422.5 460.5 502.5 541.1 547.3 539.5 562.6 585.2 603.4 616.2 619.8 621.8 630.3 648.5 661.6 690.2 705.9 701.7 704.2 702 700.8 686.3 678.7 681.9 675.3 656 624.9 608.7 596.4 589.8 584.1 567.9 553.5 538.6 526.7 511.8 502.7 492.2 480.7 470.3 462.1 450.7 441.9 434.5 426.1 419.5 414.4 407.6 401 400.4 389.3 383.6 382.9 380.6 379.2 378 380 384.9 393.1 401.8 410.6 422.6 436.1 453.2 471.2 493.1 520.1 545.5 578.8 607.5 636.6 664.3 690.4 708.9
393.5 400.7 407 410 430 467 476.6 471.5 489.4 516.3 551.4 581.2 605.3 612.5 610.9 618 637.5 662.7 678.3 694.4 708 703.7 714.5 707.9 698.5 693.2 689.7 688 690.1 656.1 622.5 609 596.6 591.8 590 568.6 556.8 545.9 528.7 514.9 510.1 497 485.7 478.2 466.5 458.4 447.9 443.5 429.5 419.8 413 403.4 395.5 389.3 385.2 382.8 381 379.8 379.2 379 380.8 387.4 394.8 403 413.5 423.7 440.1 456.3 475 496.4 526.9 554.2 584.3 611.9 639.9 668.9 697.6 719.9
408.8 416 425.1 437.2 428.7 443.5 481.8 509.4 537.4 570.7 580.4 587.5 601.7 601 608.2 623.8 657.5 671.6 685.8 701.4 711.8 710.8 705.8 713.4 707.5 711.2 705.4 711.9 683.5 643.8 626.4 612.1 600.2 591.2 581.8 566.8 557.6 547.5 531.8 518.8 509.6 507.1 491.1 480.7 471.6 462.5 452.1 443.3 434.7 421.2 407.2 404 395 386.6 383.2 382 380.3 379.4 378 379.9 382.2 386.1 394.7 405.1 414.7 426.8 441.7 459.1 476 501 533.2 559 585.5 614.3 644 674.3 703.9 728.6
432.1 436.7 446.4 459.7 474.4 484.9 508.4 539.4 572.2 593.3 595.5 590.7 596.4 603.2 614.3 638.4 669.8 680.7 694.9 708.2 708 709.2 709.1 714.2 717.1 724.4 722.4 703.4 666 639.9 631.5 616.2 602.3 586.9 576.7 564 556.1 547.6 534.5 521.9 511.9 505.8 496.4 487.6 479.1 468.7 451.8 440.4 428.8 417.9 409.6 399.1 393.9 385.5 381.1 379.8 379.1 378 378.8 380.9 384.1 388.3 395 404.9 416.8 428.8 443.4 461.6 479.6 506.5 536.7 561.7 588 617.3 644.1 677.2 706.9 733.4
453.1 458.8 468.6 484.7 497 515.4 539.8 558.4 586.7 600.2 606.8 615.6 611.8 609.7 628.5 657.3 674.4 679.9 693.2 704.9 701.5 707.9 711.5 726.3 733.3 730.7 725.5 683.5 652.8 637.5 628.7 618.7 601.4 588.3 578.5 563.8 551.1 542.5 535.2 524.2 512.1 502.8 496.7 489.4 477.3 464.2 455.1 436.2 428.9 418.4 410 398 392.6 386.5 382.1 379.6 379 378 378.8 380.9 384.6 389.5 397.1 406.9 418.8 431.2 445.1 464.2 486 513.1 541.7 564.3 592 618.3 648 680.5 711.9 740.1
476.1 482.7 492.5 508.8 526.9 542.9 576 599.8 609.3 618.5 625.1 633 629.1 633.3 641.5 659.7 670.4 674.4 690.8 691.8 698.8 714.8 721.3 741.4 745.7 737.9 705.4 669.4 648.5 635.7 624.2 617.5 603.2 591.1 576.8 564.5 552.7 542 534.3 524.2 509 500.7 493.3 484.1 472.2 460.9 447.8 437.3 429.8 421.4 408.7 400.5 394.9 390.5 382.5 379.1 379.1 378.1 380.4 382.3 384.4 390 398.3 409 421.6 434.3 448.5 469.3 497.3 530.1 547.6 569.7 595.6 621.7 650.7 685.7 716.5 749.1
490.9 503.9 518.9 537.3 560.9 579.6 602.9 620.9 630.7 640.8 646.9 645.2 647.7 644.8 650 666.1 674 682.3 685 694 715.4 736 749.2 754.3 748.8 735.5 690.7 660.9 648 636.3 619 610.8 600.7 589.6 578.4 566.6 554.3 544.7 533.4 519.6 506.5 497.7 489.3 480.1 468 458.7 446.4 439.1 433.7 423.5 411.5 401.1 396.5 393.9 383.6 378.8 379 379.1 379.6 382.2 386.9 391.6 398.4 410.3 424 437.4 455 480.2 509.6 536.6 554.4 576.2 598.1 623.6 653.1 687.2 720.6 755.3
504.4 531.5 550.1 571.5 599.5 612.5 619.8 635.5 655.2 659.6 661 659.5 661 657.2 668.4 676.8 687.1 685.8 700.1 709.7 725.2 747.3 754 761.3 757.4 735.7 692 662.4 649.5 635.1 620.7 610.1 599.8 588.2 576.5 565.4 549.2 541.2 532.3 519.2 503.3 491.7 484.6 475.3 464.3 452.6 445 435.5 430.2 420.8 410.1 402.2 393.9 393.3 382.3 379.3 378.7 379.4 379.2 382.3 387.6 392.4 401.2 413.6 425.1 439.5 461.3 491.6 518.5 538.1 557.7 577.2 604.9 633.1 660.7 692 725.5 759.8
542 559 582.7 607.9 623.7 633 637.3 653.4 668.4 671 668.5 669 669.1 673.6 684.1 684.8 692.4 705 726.9 731.5 743.3 763.6 783.9 784.6 787.1 767.1 704.2 670.2 647.3 638.5 620.8 610.8 597 580.9 570 561.8 547.3 537.6 524.8 512 501.1 488.6 481.2 468.8 457.9 449.2 439.9 431.9 422.8 414.5 405.6 397.8 389.3 387.4 383 380.4 379.4 378.8 378.2 383.1 386.9 394.8 404.4 414.7 426.4 442.9 468.2 497.6 520.6 545.3 563.9 583 614.5 640.5 669.5 698.1 731 767.5
578.4 585.1 617.2 631.8 643.8 651.4 656.5 671.3 679.3 687.3 681.5 678.9 682 690.2 692.6 691.6 702.2 727.7 757.6 774.2 768.3 786.9 801.2 797.8 793.5 791.6 730.5 676.3 652.4 634.6 618.4 606.6 593 577.2 565.6 552.7 543.7 529.3 517.3 506.2 493.5 481.9 474.4 464.4 454.3 445.4 435.1 426.3 418.4 410.8 400.7 394.6 390.5 387.3 383.7 381.2 379.6 379.1 379.4 383.5 389.1 394.3 403.4 413.4 427.7 444.6 467.8 503.7 526.7 546.9 566.8 590.7 619 648.6 673.8 703.9 737.2 773.2
618.7 625.2 635.4 650.5 659.1 668.1 674.8 680.3 690.1 694.4 693.8 691.2 696.1 697.4 701.5 706.8 725.3 748.6 778.9 793.1 801 807.2 808 805.6 799.8 785.1 742.7 684.6 657.6 638.8 620.8 607.5 590.7 577.4 564.3 551 538.8 524.6 510.7 500.5 492.6 481.9 470.9 460.7 453.8 447.2 434.8 426.1 416.2 406.9 397.6 393.5 389.5 386.5 383.8 381.1 380.4 379.3 380.2 383.2 388.9 393.1 400.5 410.2 423.6 442 471.3 510.5 526.9 544.9 571.1 596.8 625 650.9 679.1 711.1 745.9 782.1
644 648 655.5 663.5 673.3 679.6 686.3 689.8 698.4 710.7 715.8 707.9 707.6 711.8 724.3 726.7 737.9 774.6 798.9 808.5 815.1 807.8 806.3 801.2 792 776.8 740.2 691.8 663.1 646.8 627.7 607.7 590.2 577.1 562.5 548.7 538.9 522.9 512.4 501.6 487.9 479.5 469.7 461.3 453.6 443.8 434.2 424.3 412.8 402.5 396.5 391.3 388.2 385.5 382.7 381.2 381.5 379.7 379.9 382.1 386.3 394.4 403.9 412.2 428.4 443.9 470.7 508.7 527.3 552.9 579.1 602.1 631.4 657.4 687.9 724.8 757.2 792.1
650.2 658.2 662.3 670.1 683.1 692.2 695.9 699.3 715 730.8 737.2 740.8 734.8 733 741.3 745.4 755.3 772.3 802 806.3 797.9 788.5 788.8 783.1 773.2 761.2 727.6 695.1 669.2 655.9 634.8 616.7 599.9 584.4 563.9 549.4 535.5 523.8 515.1 499.5 489.2 479.5 467.8 459 452.9 442.9 433.1 424.9 413.8 404.4 398.9 391.4 388.1 385.5 382.2 380.2 381.8 378.3 379.5 381.8 387.1 396.8 405.7 417.3 432.7 448.5 484.3 510.2 532.5 562 583.4 609.9 643.7 665.6 692.6 728.3 765.7 804.4
659.6 671 672.8 677.9 695.5 705.5 706 720.4 734.2 739.8 745.4 751.9 756.6 758.3 758.4 762.4 766.9 781.6 791.2 784.1 773.5 759.6 755.4 750.7 744.6 732.6 709.7 684 668.2 657.6 639.5 622.9 609.9 588.3 567.6 550.1 532.8 521.7 513.5 499.2 486.9 477.3 464.6 456.3 449.1 439.9 429.4 421.5 412.2 403.8 399 391.7 388.2 384.1 382.3 378.3 379.3 379.6 379.7 382.1 390.1 400 410.8 423.7 443 467.9 490.9 512 541 562.3 590 618.9 646.4 672.5 703.9 737.3 779.5 814.1
674.9 680.9 684.4 687.9 698.8 704.4 712.5 730.2 742 749.6 753.1 756.3 760.6 770 776.9 775.6 781.2 790.8 791.3 779.7 761.3 748.3 740.4 734.1 729.2 718 697.6 677.2 663.9 651.3 635.7 620.4 609.2 590.6 573.6 553.1 535.5 522.4 517.6 499.8 486.5 475.2 463.9 453.8 445.5 437.9 427.9 418.6 409.9 403.7 396.4 391.4 386.8 386.6 385.1 378.3 379.1 380.2 381.8 386 395.6 404.1 416.5 430.7 451.8 467.7 492.9 516.7 543.1 566.7 605.1 630.6 651.3 679.2 716.4 749.6 785 813.6
673.6 680 684.9 693.3 697.8 706.9 716.9 731.9 749 769.7 778.6 785.3 783.8 792.5 802.9 804.3 813.8 803.1 788 773.1 755.6 743 736.1 730.3 722.4 709.3 691 674.9 661.7 647 630.5 615.3 602.8 587.5 571.6 553.2 537.9 524.6 514.3 499.7 483.3 471.3 459.6 450.1 441.2 434.2 425.7 418.3 410.4 400.7 395 391.4 388.1 387.3 381.6 377.1 379.1 380.9 382.8 386.8 396.9 408.6 424.4 440.3 453.2 474.7 496.2 520.5 545.9 577.3 611.7 633.7 658.3 685.8 719.9 750.8 785.7 811.6
668.6 675.1 679.5 690.5 701.8 710.1 727 752.3 779.1 798.5 808.7 818.5 825.3 828.4 834.4 841 849.5 829.2 796 770.8 751.5 742.7 737 727.8 717.2 706 692.5 676.5 658 639.7 626.4 610.8 595.8 581.9 569.5 552 537.2 521.6 508 495 480.8 467 456.7 448.7 439.2 431.8 422.3 414.5 407.7 401.8 393.6 388.5 387 385.9 377.1 377.1 377.1 381.5 384.5 390.1 402.5 414.4 425.8 440.1 454.4 479.9 500.6 519.5 545.8 585 617 640.3 660.7 689 715.5 746.6 772.5 803.5
663.1 674.7 682.6 694.5 703.7 720.8 749.5 777.1 802.6 823.7 840.4 847 850.4 855.2 865 880.2 880.8 852.4 815.3 793.1 773.1 753.3 740.5 726.9 713 701.8 683.1 668.8 655.8 635.8 622.6 606.6 593.2 576.3 563.3 547 532 516.9 503.1 490 477.8 464 453.1 444.3 435.7 428.2 420.4 414.5 405.9 398 391.5 388.5 384 380.2 377.1 377.1 377.1 379.3 386.1 394.4 404.9 421.8 440.1 436.8 463.2 486.5 506.6 527.4 551.1 586.9 614.9 638.9 659.3 689 713.9 739.2 764.4 793.1
679 680.8 688.1 700.5 716.5 743.2 772 804 823.9 838.9 843.9 849.9 857.6 870.7 892.1 902.4 906.2 866 832 811.6 791.3 771.6 755 734 711.6 695.8 676.3 656 645.5 630.4 616.1 602.5 585.5 571.3 557.5 542 529.6 515.9 502.6 488.9 477.4 462.9 449.8 441.1 432.8 425.3 415.9 408.9 402.6 397 391.5 387.2 380.6 377.8 377.3 377.1 377.1 382.9 389.4 400.4 413.2 429.7 451.8 456.7 451.6 490.7 515.1 537.1 560.1 590.5 611.2 632 653.2 678.8 699.4 729 753.2 775.9
689.3 697 710.9 723.1 740.4 766.4 780 801.5 822 830.8 839.8 853.6 862.2 876.1 897.5 906.4 914.5 878.8 842.3 812.8 792.5 782.8 769.1 742.6 713.6 693.7 676.7 660.6 643.3 627.7 610.7 596.9 578.1 569.1 554 540.4 529.3 517.3 504.4 489.8 475.6 461.7 451.1 441 432 422.8 414.3 406.3 400.5 395.9 388.5 382.7 379 377.1 379.1 379.2 380.4 388.3 395.4 405.8 420.3 438.5 461.6 478.2 484.4 497.9 524 541.9 566.2 586.2 605.1 624.7 643.8 668 690.6 712.6 729.6 760.5
701.9 713.7 722.8 733.5 754.3 771.7 781.6 794.9 814.9 826.7 839.7 852.5 854 867.8 882.6 889.4 901.6 891.1 858.5 828.9 811.5 794.7 777.3 745.5 713.4 694.3 676.4 659 641.1 623.6 609.5 593.4 578.1 561.9 545.8 534.3 523.4 511.7 501.3 488.6 474.5 461.5 446.4 435.8 427.9 420.5 411.1 403.2 397.5 392.7 387.4 381.6 379.6 377.1 379.9 381.6 385 392.6 401.5 413.7 432 447.5 471.9 488.7 498.4 503.8 526.8 544.9 570.5 587.6 598.4 616.4 634.6 658.3 677.7 695.6 718.6 742.1
