public/OST50/NH02.asc
ncols 200
nrows 200
xllcorner 200000
yllcorner 820000
cellsize 50
[rows 140 to 174 of 200, columns 0 to 77 of 200]
708.9 720.1 727.3 738.2 749.8 759.8 766.1 782.1 799.1 813.5 824 832.2 839.4 854.4 866.3 881 896.1 898.1 875.7 847.2 821.7 801.8 768.8 739.3 716.5 694.8 675.2 658.4 638.7 620.8 605.8 591.8 577.2 560.2 545.3 530.4 513 504.4 494.5 483.8 472.5 459.4 446 435.7 424.8 417.4 406.8 399.9 395.7 391.1 384.6 380.8 377.6 379.5 380 382.8 389.1 397.2 408.2 423.3 438.5 452.9 474.8 494.8 513.5 529 537 547.6 566.4 581 593.6 610.6 628.2 647 664.6 680.6 703.5 724.1
716.5 725.9 729.9 732.7 743.7 752 759.5 773.5 786.1 801.3 813.9 815.7 828.7 845.8 853.2 864.6 885.9 903 902.7 867.9 836.9 806 766.5 734.4 715.4 698.6 677.4 658.8 637.1 619.4 603 589.6 575.3 560.2 546.1 531.6 514.7 500.6 487.7 478.5 466.8 454.4 441.9 432.9 423.4 414.2 403.6 398.1 393.5 387.2 381.9 379.7 379.5 380.2 381.1 384.6 392.6 405.1 415.6 429.5 441.2 462.8 482.2 498.8 525.4 542.6 541.2 554.6 565.4 577.3 591.5 604.1 619.3 635.3 651.5 665.3 683 705.2
723.1 723.9 723.9 726 735.8 739.4 753.1 760.1 774.4 783.5 798.4 800.9 801.1 808.8 823.3 856.9 883.7 888.6 894.5 880.1 850.5 805.9 760.5 732.6 712.8 698.3 679.2 662.2 638.7 616.7 600 586.7 570.8 557.3 544.6 529.8 514 499.8 485.6 474 461.6 447.6 435.4 427.3 420.9 411.6 402.2 395.7 389.6 383.8 380.9 378.7 380.1 381.4 385.4 389 398 410.7 421 434.1 449.9 473.9 486 511.7 539.1 551.9 553.6 554.4 567.6 575 586.8 598.3 612 624 637.8 651.6 662.6 680.6
710 716.1 717.8 719.7 717.9 723.2 736.8 748.9 757.5 761.6 769.1 772.4 783.4 793.8 804.1 838.6 856.8 871.2 882.9 881.1 855 801.8 757.8 731.4 712.5 695.8 675.5 655.5 636.6 615.3 597.4 582.3 568.2 553.6 539.8 525.3 511.2 497.8 483.7 471.5 458.2 447.1 436.4 424.5 414.1 406 400.6 394.6 385.6 382 379.4 381.1 381.1 383.9 386.9 392.5 401.1 412.3 425.4 442.1 461.3 478.1 496.2 518.5 548.6 559.5 567.8 562.1 563.5 572 581.6 592.5 604.3 616.1 625.4 640 649.7 662.1
712.4 717 717.3 715.5 717.3 715.1 720.9 731.4 738.9 750.8 754.5 768.3 775 779.4 789.5 821.3 839.9 852.8 873.2 873.9 854.4 806.4 756.6 732.4 714.1 695.9 675.9 655.9 633.6 613.5 597.1 583.8 568.2 551.1 535.5 519.8 504 490.3 479.1 467.6 453.6 444 433.3 421.1 412.6 402.8 396.4 391.4 386.4 382.8 379.8 380.6 382.4 386.3 389.3 394.3 403.9 414.8 429.2 446.8 465.4 481.2 505.9 534.9 560 570 581.4 576.7 569.4 567 575.1 584.8 597.5 605 612.5 625.4 632.3 645.7
705.7 711.7 714.2 714.3 718 714 718.4 726.6 731.3 744.7 756.3 757.9 766.2 775.8 782.4 798.5 820.7 838 855.7 869 856 805.7 761.5 738.2 717 697.6 676.1 654.5 630.6 613.8 602.1 581.3 564.5 547.5 531.6 514 499 484.9 473.4 463.5 449.9 439.2 429.5 418.4 409.3 398.9 390.8 387.9 384.6 382.1 378.6 379.7 382.2 388.4 390.7 396.7 406.7 418.8 434.7 452.9 472.8 489 525.1 559.2 575.1 583.1 584.9 583.3 574.4 568.8 568.9 574.8 584.8 593.7 599.1 613 618.4 630.1
694.9 698.4 708.3 710.3 716.3 711.7 711 725.1 736.2 739.7 745.3 756.8 753.8 758.2 775.6 792.4 805.6 814.2 830 843.9 842.9 818.4 775.8 747.9 718.9 693.6 670.4 650 627.5 611.7 594.5 584.9 562.3 542.3 525.3 507 492.4 478.2 467.2 457 445.5 434.7 425.4 414.2 402.2 393.9 387.5 384.9 382.4 380.4 382 379.9 383.4 390.7 392.9 398.7 410 422.6 443.2 457 476.9 502.6 543.2 576.9 590.5 590.7 593.3 587.8 579.7 570.8 566.7 568.1 571.6 578.8 588.4 600.4 609.1 615.6
686.1 684.7 689.1 698.3 700.2 696.7 704 712.7 726.8 736 740.4 746.1 744.2 744.2 763 770.6 781.1 796.3 808.4 825.2 834.8 823.2 794.5 762.4 725.3 695 666.1 645 626.6 606.6 590.5 582.1 563.9 540 520.1 501 487.4 473.4 461.3 451.1 440.4 428.8 419.1 406.7 396.2 389.5 384.3 383 380.4 377.1 382.9 380.9 382.8 387.7 395.1 402.8 413.3 427.5 445.7 464.5 485.3 521.2 547.9 579.4 604.2 603.3 597.4 592.5 584.8 583.3 571.8 568.8 569.9 574.3 583.1 587.8 596.3 601
664.2 677.6 681.8 688.5 690.8 685 692.7 700.2 715 726.7 737.5 749.1 755 746.2 744.2 752.2 766.1 776.4 789.3 821.8 829.8 817.2 801.2 782.9 736.1 700.3 665.8 643.7 625.2 603 585.6 571.8 555.6 536.8 515.6 499.4 485.2 468.5 456.1 444.6 434.6 425.2 414.1 402.7 393 386.9 382.4 379.2 377.1 377.1 377.1 377.1 382.9 390.1 398.8 409.3 418.2 432 453.8 474.1 494.7 523.8 555 588.1 610.7 612.7 610 600.1 598.4 594 577.9 574.2 569.1 572.4 579.4 583 587.2 590.8
631.5 658.1 664.6 673.9 676.5 670.7 681.2 687 693.7 701.9 726.6 747.6 756.9 750.9 747.2 745.4 754.4 767.4 784.7 814.7 820.8 813.5 787.5 772.4 740.4 702.5 667.3 640.9 621.4 600.6 582.2 562.2 542.9 524.7 508.2 494.3 478.2 461.7 449.5 437.7 426.5 418.4 409.4 400.1 389.3 384.6 377.1 377.1 377.1 377.1 377.1 379.9 388.9 398.1 405.7 415.1 423.7 438.2 458.6 481.8 501.8 528.9 560 594.1 611.3 620.5 626.4 617.7 606.8 606.2 588.7 578.5 572.9 574.6 575.3 577.7 576.8 584.1
582.8 611.9 629.6 641.8 640.8 630.6 659.4 665.4 663.7 693.9 720 736.3 750.1 750.4 750.4 756.5 758.7 759.1 778.2 811.1 822.3 799 776.8 765.1 736 706.1 668.4 642.8 617.7 596.1 575.4 557 537.5 517.7 499.9 484.8 470.5 454.9 441.8 431.7 421.6 411.1 403 392.7 386.7 381.5 377.1 377.1 377.1 377.1 377.1 386 397.2 401.9 406.6 414.9 424.5 445.3 464.2 484.7 506.2 533.1 567.4 603.1 626.8 634.2 643.8 634.4 619.9 612.3 597.3 585.9 578.6 575.8 576.2 574.1 576.5 581.2
539.2 572.6 591.6 603.1 600.9 618.7 629.9 624.1 667.9 690.9 714.2 726.7 737.1 744.5 748.6 758 766.1 779 773.3 800.2 818.3 795.4 770.5 754.6 728.9 695.8 666.3 637.7 612.2 588.4 569.1 549.3 528.9 512.8 495.1 478.7 461.7 445.8 435.4 424.6 416.1 407.7 395.5 388.1 383 377.1 377.1 377.1 377.1 377.1 380 388.3 397.2 401.7 406.4 414.4 431.1 449.7 473.1 495.4 513.9 541.9 573.4 611.4 637.8 649.4 656.7 651.5 638.7 625.5 608.9 596.3 586.7 577.8 576 579 576 576.5
507.2 542.5 559.1 565 560.8 581.7 573.6 612.3 652.8 682.1 702.8 721.6 736.7 736.8 742.9 749.8 760.2 774 778.4 790.9 791.7 783 765.5 751.1 725.6 690.6 660.3 630.9 604.7 581.3 561.6 541.9 525.7 508.2 494 476.2 454.6 439.8 428.7 417.8 411.1 402 390.2 384.6 381.4 380.6 377.1 377.1 377.1 377.1 381.8 390.4 396.7 400.6 407.2 421.4 435.9 457.2 481 501.2 520.7 545.5 581.4 612.1 643.9 661.7 666.4 666.8 659.2 643.4 625.9 608.6 593.2 585.5 579.5 576.4 576.2 577
481.5 500.9 519.1 531.7 524.4 546 588.5 618.5 649.5 671.5 684.7 705.2 720.3 723.3 731.2 735.4 750.2 766.4 772.4 788.1 791.8 778 752.6 729.8 707.5 678.2 655 629 600.1 580.9 560.9 540.1 523.7 503.4 485.1 469.5 451.5 436.9 426.8 417.1 407.1 396.5 387.8 384 381.1 380 379.9 382.4 377.1 380.4 383.6 388.7 394.3 400.6 411.8 425.4 441.5 461.9 484.4 504.1 525.6 556.2 589.8 620.3 650.5 674.3 680.2 682.2 672.6 656.2 638 623 606.6 597.2 586.2 583.1 579.7 577.7
435.5 452.2 468.5 504.4 489.5 545.3 574.4 605.7 636.1 663 679 690.2 699.3 705.8 709.7 713.3 729.4 753.2 763.8 785.4 799.7 780.4 755 724.4 694.6 666.8 648.2 617.3 596.5 580.9 564.5 538 517 494.5 474.9 460.6 448.4 440.8 424.9 413.9 405.2 398.7 388.9 382.4 380.7 377.1 379.8 378.5 380.2 381.7 383.8 388.7 393.7 400.4 413.6 425.5 444.6 463.6 484.6 509.7 534.5 569.4 599.8 630.1 662.6 687.5 694 695.7 691.2 669.3 654.6 636.6 622 611.7 607.5 597.8 589.6 582
399.9 417.9 452.6 483.8 484.7 525.8 567.8 600.4 625.1 642 654.9 665.6 679.5 688.9 691.4 698.3 707.2 719.3 736.6 749.5 762.5 762.8 747.1 721 690.9 669.1 646.5 621.1 597.1 588.3 565.7 539.7 517.2 492.8 477.2 461.8 448.8 436.7 422 414.9 402.8 394.6 386.1 382.3 381.2 377.1 379.9 378.2 380.9 382.3 385.5 390.4 395.2 402.7 413.2 427.8 445.4 465 485.1 515.4 544 575.8 609.5 639.7 669.5 700.2 709.9 711.5 707.4 694.9 676.6 663.5 642.7 632.9 621.7 610 601.3 591.6
376.4 404.9 434.1 464.1 490.7 522.9 549.3 568.9 588.6 604.4 614.6 643.7 655 649.3 655.2 663.2 679.1 694.2 703.4 715.4 723.2 740.1 737.4 718.2 687.7 670.6 649.4 628.4 606.3 580.1 560.1 533 510.6 492.7 476.4 459.2 444.6 432.3 423.6 414.4 403.7 391.8 385.8 383.4 381.8 377.1 380.6 379.7 380.9 382.8 387.9 392.4 398 405.6 417.4 432.6 448.1 466.5 490.5 519.2 549.6 582.2 615.2 647.3 678.7 715.2 732.7 739.1 733.9 717.1 700.8 688.3 676.6 665.7 644.3 633.3 622.5 613.4
359.6 389.2 431.9 465.5 477.1 501.6 518.8 536.3 558.7 577.8 584.4 595 607.7 606.6 616.5 635.2 653.8 673.6 683 692.9 714.6 733.7 738.3 720.2 697.9 679.6 654 627.8 606.1 588.7 561.7 539.2 518.5 494.2 477.9 457 447 430.1 422.4 412 402.4 387.8 383.8 382.4 380.9 377.9 381.9 380.2 382.1 385.8 390.2 392.9 397.7 407.3 419.1 432.9 449.5 471.7 494.5 521.6 551 588.6 627.9 656.6 689 727 748.1 770.3 770.9 748.6 731.1 722.9 710 691.8 677.7 667.7 653.3 643.9
332 350.8 387 412.9 424 455.5 478.6 485.9 503.8 518.8 535.9 545.1 556.9 571.2 595.6 618.2 639.5 664.1 686 697.8 710 726.3 731.8 725.5 722.4 696.1 667.8 645.8 623.6 598.5 572.4 547.1 522.2 493.8 474.1 466.3 448 432.5 419.2 413.6 400.8 387.5 385.2 381.2 379.2 377.1 381.6 380.9 383.7 388.1 391 393.7 400.3 410 422.6 439.2 456.4 475.3 500.7 526.1 558.6 605 635.8 663.9 697.6 732.5 758.6 788.9 806.8 783.6 768.3 760.7 743.6 727.1 716.8 707.2 690.3 675.4
296.1 315.5 333.8 356.1 374.7 395.4 421.9 445.1 472.5 489.9 503.7 520.9 537.2 555.9 575 598.5 626 659.3 687.2 691.5 703.4 718.4 733.1 734.7 720.1 697.7 674.4 664.1 649 617.9 588.7 564.4 528.1 500.6 478.8 461.6 444.7 430.1 418.4 409.5 396 384.6 381.8 379.9 377.1 382.4 382.9 382.3 384.6 387.8 391.8 395.4 402.7 411.8 425.2 443.6 463.5 480.6 504.2 533.8 568.3 612.7 641.3 672.3 710.6 744.5 771.1 803.1 821.4 813 805.2 805 786.4 770.8 754.2 741.1 717.2 696.7
281.7 296.3 319.1 351 378.4 402.4 423 442.7 463.5 486.4 505.8 524.1 533.2 541.9 556.8 582.5 616.7 649.8 662.7 677 690.3 721.2 733.4 742 739.4 714.5 691.8 674.4 657 630.1 601.4 569.6 532.6 506.7 486 465.1 446.1 427.4 416.1 404.3 390.2 382.3 379.9 377.1 377.7 381.4 382 383 386.3 389.9 393 396.2 405 414.8 427.6 443.7 463.1 486.7 515.9 545.7 578.1 611.2 642.9 678.3 719.4 754.5 782 810.6 824.8 823 821.3 826.2 831.8 816.9 787.2 762.3 734.1 709.3
271.1 286.6 309.5 341 357.3 386.6 413 428 449.5 458.8 487.6 513.7 526.2 535.5 547.5 565.9 591.5 624.4 646.8 658 680 706.9 729.9 740.9 744.1 740.9 723.8 703 675 639.5 604.7 576.6 544.6 516.4 491.6 467.7 447.3 430.9 417.5 400.2 389.7 382.9 377.1 380.3 380.9 382.2 383.3 384.1 388.7 392.8 394.4 397.6 404.5 414.7 428 443 462.2 492.2 520.3 552.6 582.6 615.2 649.7 684.6 725 758.6 786.2 811.4 825.6 824.5 824.7 831.6 834.2 832.3 804.4 768.1 739 714
262.4 280.6 302.2 322.8 343.6 369.3 390.1 405.4 422.1 441.9 473 497.5 510.6 523.3 548.1 568.8 600.3 623.6 644.5 658.8 673.3 688 709.8 726 738.6 743.2 729.1 703.3 675.1 641.5 610.6 575.9 551.9 527.9 498.4 473.9 453.9 434.7 419.5 401.6 386.5 380.2 377.1 381.7 381.3 382.3 383.6 386.5 390.4 392.5 394.7 397.5 403.6 413.2 427 441.3 462.4 501.2 526.1 565.1 588.1 622.1 657.1 692.7 729.3 758.8 785.2 806.7 819.6 825.6 827.9 835.7 834 825.9 810.5 772.8 744.6 719.8
257.8 278 300.8 320.4 336.2 362.7 375.6 387.5 400 423.6 448.5 462.4 491.5 503.8 521.2 539.9 575.8 615.7 646.1 650.3 652.1 675.9 681.1 703.9 723.5 722.4 714.2 692.7 669.5 641.8 608.9 580.6 560.3 534.7 502.7 478 456.4 438.9 420.9 400 387.7 380.7 377.1 377.1 377.1 383.1 385.6 385.7 387.9 390 393.2 395.1 401.9 413.2 424.9 440 463.5 504.2 528.7 569.1 595.9 627.9 659.5 693.8 728 755.8 780 798.3 811.4 821.5 822.7 831.6 833 828 812.6 779.6 747.4 724.2
261.2 277 294.9 315.7 324.8 347.8 368.5 374.3 387.1 404.4 418.8 441.2 465.6 482.2 499.3 528.4 557.2 582.6 602.5 614.5 623.7 635.6 653.8 678.5 681.8 680.9 683.9 683.9 659.3 631.8 603.2 585.1 564.5 536.9 514.5 485.6 458.2 442.2 420.9 401.2 388.6 381.3 377.1 377.1 377.1 380.7 383 384.4 385.2 388.6 388.7 391 399.9 408.9 423.5 444.2 478.1 506.7 530 571.4 602.6 630.5 660 691.6 726.5 752 773.5 790 799.4 814 822.3 830.5 832.7 829.9 816.6 782 751.4 724.2
249.6 264.1 280.8 295.5 309.8 325.8 342.6 352.4 369.7 375.6 401.1 421.7 439.6 457.2 479.1 507 540.1 570.3 591.7 604.4 611.5 625.3 637.8 644.6 648.9 652.5 652.4 655.3 641.2 618.3 607.5 587.3 563.1 539.3 513.9 484.2 461.2 441.2 421.9 401.2 391.1 386.5 384.1 381.5 377.1 383.6 383.9 384.8 384.7 385.1 385.6 387.8 395.7 412 429.9 449.4 480.2 508.6 533.6 569.2 597.8 629.6 657.3 688 722.2 747.4 768.1 783.2 793.1 802.3 813.9 825.9 832.1 832.2 819.5 781.5 749.8 725.8
239 235.8 246.2 259.9 278.1 296.7 312.7 332.1 350.5 363.8 387 408.1 430.7 443.1 462.6 485.4 525.4 565 590.4 594.8 594.9 613.3 616.4 614.7 620.7 606.3 604.3 607.7 614.8 618.6 598.1 575.7 554.3 538.3 521.1 487.7 461.1 435.3 418 403.6 394.9 388.1 386.1 382.7 382.2 378.5 378.3 379 384.2 384.2 386.5 385 393.9 410.9 432.5 452.1 481.7 513.7 534.5 569.9 596.5 628.1 655.2 684 715 739.6 759.8 776.1 786.2 796.2 807.7 824.4 830.5 829.5 817.5 782.9 749 727
261.6 260.1 259.1 240.7 244.5 266.7 290.6 310 337.7 349 368.5 393.1 403.1 419.5 440.2 469.3 499 524.4 549.1 545.1 560.6 570 565.7 570.7 563.6 563 571.4 583.7 601.1 598.9 580.3 558.1 540.4 527.9 509.7 482 454.3 433.9 415.9 403.2 393.4 388.1 383.7 381.5 380.3 378.3 378.3 378.3 380.4 382.8 381.2 385.4 394.4 413.3 431.7 454.3 484.5 513.8 531.7 558.5 590.3 622.8 651 678.3 704.8 729 751.1 767.7 777.4 785.1 802.6 821.2 829.4 828 811 779.7 752.1 728.9
282.8 275.7 272.4 269.1 257.1 259.6 276.3 276.1 295.3 313.4 341.3 370.3 374.4 404.8 426.7 439.7 462.3 480.7 488.7 501.3 522 521.5 527.1 531.8 538.8 534.5 536.2 554.1 585.6 584.2 571.5 547.6 525.4 522.4 497.9 472.5 447.5 428 419.4 405.9 389.8 385.5 378.3 378.3 378.3 378.3 378.3 378.3 378.3 381.9 384 388.2 396.2 413.3 432.1 457 485.9 507.9 524.8 549.4 581.5 615.3 643.1 671.9 693.6 716.8 737.2 756.9 769.8 773.3 794 813.1 822.1 823 815.2 782.5 754.3 732.2
310.2 299.1 289.5 285.1 278.7 263.8 275.2 290.3 305.8 312.3 301.1 311.9 331.8 354.2 377.1 386.9 407.5 419.6 437.4 458.9 471.7 478.7 492.3 512.1 511.4 511.9 517.4 523.4 537.2 551.3 558.1 537.3 520.4 513.4 493.4 469.5 443.4 422.3 410.9 404.1 390.7 380.5 378.3 378.3 382.3 378.3 378.3 378.3 378.3 380.6 384 389.7 397.4 410.1 428 451.7 476.9 497.6 516.3 541.5 573 607 636.2 662.1 683.5 705 724.8 742.5 753.9 761.5 781.1 798.8 813.3 817.8 809.7 785.5 756.9 736.7
342.1 326 313.3 303.5 294.2 289.6 270.5 292.3 301.4 312 322.9 338.4 349.1 361.4 368.5 368.6 371.4 395.8 417.7 445.4 452.4 463.7 468.6 473.7 479.4 486 489.3 500.8 508 527.9 537.4 520.1 516 504.3 485.1 456.6 434.4 416.5 403.3 394.6 386.4 381 378.3 378.3 378.3 378.3 378.3 378.3 378.3 381.1 383.6 391.6 397.6 407.9 424.9 443 466.6 488 510.5 533.3 566.3 599.6 625.9 651 674.3 695.7 714 730.2 737.9 748.2 762.6 780.4 796.2 807.9 801.5 786.1 757.4 736.6
368.8 361.8 339.2 326 309.5 301.3 291.2 300.5 309.1 321.5 334 345.2 359.5 375.1 394.2 409.9 401.3 417.3 422.1 430.7 435.4 440.2 448.5 454.6 468 481.3 488.6 505 520 511 502.9 491.3 486 487 470.3 444.9 425.6 408.3 395.3 388.2 386.3 382.6 378.3 378.3 378.3 378.3 378.3 378.3 378.3 380.8 383 387.8 395 405.6 420.4 438.8 461.3 481.8 501.2 524.4 552.9 582.9 611.5 635.2 662.4 684.7 702.6 716.8 723.3 733.2 746.8 763 776.7 788.7 787.3 778.3 756.9 737.3
394.5 378.4 361.1 340.7 326.4 314.3 306.7 309.2 315 326.4 341.1 355.9 375.3 395.9 413.1 428.5 446.2 454 460.6 464.7 468.2 468.8 479.1 482.1 491.1 510.4 516.5 522.7 522.2 516.6 500.5 489.8 466.3 453 439.2 429.2 415.9 400 397.2 394.9 392.6 383.5 378.3 378.3 378.3 378.3 378.3 378.3 378.3 378.3 380.4 385.5 392.1 401.5 415.3 437 460.4 482.2 496.4 516.6 539.4 567.5 595.3 623.2 648.7 669.2 688.3 701.5 710.5 717.9 730.9 744.6 754.1 764.9 771.3 762.8 749.2 730.5
415.7 395.5 372.5 357.8 343 328.2 319.5 317.7 323.6 332.5 348.5 366.5 386 412.5 436.3 459.2 482.5 507.8 518.2 518.7 527 534.3 532.1 534.9 535.4 545.3 550 553.9 548.5 534.9 534.5 508.6 481.6 455.2 433.6 422.2 413.6 412.4 407.3 400.6 400.5 384.3 378.3 378.3 378.3 378.3 378.3 378.3 378.3 378.3 378.3 382.3 389.6 399.5 411.4 433.4 455 477.9 488.7 510.5 532.9 553.9 582.7 606.3 631.7 655 674.2 691.8 699.8 703.7 716.1 725.7 734.1 748.2 749.7 740.7 737.3 725.8
432 415.1 394.7 377.3 363.4 343.7 323.9 332.5 340.8 355.6 367.5 383.1 401.2 420 444.7 466.6 488.4 523.9 540.1 552.5 568.3 577.6 579.8 599.5 620.6 603.5 591.7 598.4 591.3 588 560.3 541.6 523.6 490.7 457.2 438.4 424.5 423.3 414.5 404.2 396.4 390.7 382.4 378.3 378.3 378.3 378.3 378.3 378.3 378.3 378.3 381.1 388.9 395.4 407.1 422.8 447.9 466.5 480.6 497.3 517.5 542.2 568.9 589.8 615.6 641.4 657.2 677.5 687 690.2 701 710.6 717.5 726.2 726.7 720.3 716.1 715.8
