public/OST50/NH03.asc
ncols 200
nrows 200
xllcorner 200000
yllcorner 830000
cellsize 50
[rows 140 to 174 of 200, columns 0 to 77 of 200]
305.4 315.5 323.9 334.6 343.6 354.5 364.5 373.2 387.7 401.9 414 435.1 466 496.8 529.4 552.3 576.9 602.7 623.7 647.7 685.1 700.9 707.7 704.3 697.8 680.2 665.1 643.3 619.6 611 590.7 575.8 560.1 554.2 548.6 549.4 544.6 537.4 537.7 538.5 538.1 540.4 544 545 549.5 561.9 576.9 591.9 579.2 573.6 562.3 567.7 572.9 574.8 579.5 588.8 592.9 603.2 612.2 610.9 611 610.9 621.2 629 623.8 622.7 621.1 608.2 597.4 572.2 543.8 512.3 491.4 471.8 457.6 449.3 442.2 435.6
296.6 307 317.3 326.7 337.4 347.1 355.4 363.9 382.5 392.5 406.5 428.3 448.1 477.5 510.9 537.5 566.2 595 619.1 646.9 673.4 702.2 717.2 719 712.6 691.4 669.9 647 631.9 616 599.2 586.5 573.7 564.1 554.4 551.9 549.1 549 554.5 561.9 568.2 580.7 589.2 597.4 598.4 600.2 601.8 602.3 603.8 590.3 577.3 593.7 599.2 606.8 601.3 599.6 601.3 603.2 605.2 611.9 614 629.6 643.5 645.4 633.3 630.9 620.4 607.5 598.2 580.2 548.9 516.5 498.4 481.5 462.9 452.1 444.5 437.2
287.1 296.9 308.8 320 329.3 337.4 350 362 373.1 383.9 402.3 418.3 436.6 469.4 493.6 525.4 556.3 588.4 615.3 644.1 678.4 704.2 714.5 724.1 723.7 708.7 682.3 663.2 651.1 627.9 616.9 611.2 594.7 579.9 561.6 556.9 561.1 563.8 571.9 583 594.3 606.4 616 621.2 622.3 621.2 620.3 621.9 612.4 609.9 594.3 615.6 619.8 630.7 625.4 622.3 620.5 625.1 628.8 617.4 618.7 630.6 643.1 642 635.3 629.7 623.4 618.9 607.8 585.8 552.6 528.9 508.4 492.3 483.5 459.7 448.2 438.6
281.7 291.8 298.9 310.9 320.8 330 338.1 348.9 363.8 376.2 395.7 409.5 426.2 453.3 477.2 508.5 545.6 579.4 612.6 644.2 682.2 703.8 721.2 722.8 729.8 730.8 705.2 682.4 669.9 660 645 622 601 592.1 575.8 578.4 572.9 580.1 591.9 605.6 620.7 636 641.4 640.5 643.9 645.4 639.3 635 623.3 622.5 625.7 635 640 645.9 648.7 641.7 649.3 654.7 649.8 631.6 626.2 622.2 632.1 640.3 638.2 634.9 630.7 625.9 623.3 607.3 567.8 533.1 514.9 504.3 486.1 460.6 450.3 441.7
272.3 285.5 293.9 302 311.6 319.1 328.2 344.3 362.6 367.9 391.4 402.6 418.9 443.7 472.3 501.6 536.4 573.7 607.4 641 674.7 705.6 720.4 733.7 741.4 746.3 729.5 710.9 689.9 672.7 655.9 649 630.3 608.7 599.6 593.5 591.4 596.4 614.3 630 638 644.7 648.7 649.7 656.6 651.8 646 647.2 640 639.9 636.7 639.5 650.1 663.8 678 669.7 662 658.1 654 641.9 632.8 625.8 624.3 631.3 634 629 627.1 621.5 629.5 616.2 585.5 546.3 524.8 506.3 480.4 462.3 455.4 445.7
266.2 276.5 287.1 293.2 301.6 310.5 324.3 342.2 350.9 361.2 383.1 396.7 411.8 438.8 465.1 504.1 533.2 571.1 607.6 639.5 672.1 703.1 725.3 742.7 751.6 757.9 740.4 725.8 711.5 685.6 674.3 660.1 642.3 625.5 613.4 613.1 609.2 609.2 621.2 629.8 634.6 639.8 647.2 650.5 657.7 662.2 664.5 655.5 651.5 644.9 644.3 651.5 664.6 674.7 676.4 667.9 661.6 663.6 654.1 645.3 634.4 628.6 627.4 628.6 630.1 630.3 624.6 622 627.3 626.4 597.7 565.2 536.3 511.2 484.4 470.9 461.6 450.7
255.9 266.6 277.7 286.1 295.1 304.6 319.1 332.2 345 360 376.6 388.3 405.3 428.1 461.6 497.2 530.5 571.7 607.3 642.7 681.3 704.3 729.9 746 754.7 762.6 749.4 737.7 720.4 707.6 680.2 662.2 648.9 640.6 630 627.5 622.2 617.8 623.2 627.9 632.5 638.9 647.2 658.8 662.5 661.5 663.3 656.4 651.7 644.2 645.6 653.6 659.3 662.9 668.6 670 664.5 661.7 653 645 640.5 635.4 638.9 632.2 630.5 627.4 624.5 622.4 622.4 618.7 610.9 602.6 571.6 528 501.1 482.2 467.2 457.3
246.9 257 269.6 278.7 291.3 298.3 307.1 325.8 340 353.2 366.7 382.7 399.1 424 456.1 493.5 532 572.4 606.4 642.3 674.4 704.6 728.4 746.8 756.9 761.3 758.6 752.5 731.6 713 686 672.2 667.2 648.9 634.8 627.1 623.5 621.2 624.5 631.4 635 639.3 645.6 651.5 656.2 660.9 659.4 653.8 651.6 644.8 646.6 652.7 659.6 665.5 670.3 677.1 671.1 665.4 662.5 657.1 657.3 651.9 651.5 639.3 638.9 630.5 627.1 632.8 620.2 616.8 611.7 605.6 584.9 551.5 523.5 498.7 475.2 463.2
241.9 251.1 259.9 274.1 284.2 285.6 301.2 316.1 329.3 345.1 356.5 371.3 394.3 423.1 455.5 490.2 526.2 564.6 599.7 634.1 675.7 708 734.2 755.8 765.5 772.7 777.3 776.2 747.9 724.3 704.6 687.1 666.8 652.7 639.2 629.4 627.3 623 624.6 632.5 635 640.6 646 651.5 656.6 663.4 662.2 660.6 655.3 651.1 657.8 666.6 671.3 677.5 682 688.5 686.8 683.9 688.5 681 674 675.6 672.5 654.6 641.1 642.5 631 638.1 625.8 610.3 596.8 589.9 577.4 549.4 532.4 516.1 488 469.7
230.8 243.7 256.4 266 268.7 281.7 291.3 309.5 324.9 339.4 353.4 369.5 394.8 422.6 453.8 491.1 527.7 561.4 597.3 641.3 679.2 711.9 741 771.5 788.6 795.5 800.6 805.2 788.6 764.2 744.7 716.2 688.7 660.1 641.9 634.4 631.6 631.9 628.9 633.8 638.2 643.8 652.1 658.9 664.6 671.8 668.4 667.9 666.6 669.2 674.5 684.7 692.7 706.6 720.1 719.8 723.3 717.6 713.7 706.1 683 685.6 672.5 657.4 642.9 638.3 637.3 631.7 628.4 638.2 613.2 574.4 562.5 552.8 523.1 507.1 487.4 474.6
227.6 236.8 248.3 253.7 263 273.9 288.8 303.8 318.4 337.1 350.3 371.3 391.2 420.7 453.5 486.9 517.6 554.5 600.1 648.4 682.5 716.3 748.9 779.2 796 811 818.8 817.9 818.1 807.3 783.5 752.6 721.4 693.5 659.2 645.7 632.5 632.7 635.6 640.5 648.7 654.1 664.2 677.7 690 693.2 685.8 687.8 692.2 696.1 716.4 718.9 729.4 744.5 751 747.9 751.7 737.2 722 713.9 686.7 680.1 666.3 654.3 642 636.2 639.7 628.2 627.8 637.8 629.2 583.3 546.5 528.9 514.1 500.4 485.6 476.9
220.4 229.8 239.9 246.3 263.1 269.8 282.1 298.8 315.2 332.8 347.9 366.2 388.5 413.7 444.2 476.8 513.9 554.3 603 647.9 681.4 717.4 749.3 778.4 796.7 832 830.8 837.1 835.5 821.3 806.3 779.5 756 732.2 700 677.6 658.3 656.9 645.7 652.9 663.5 676.1 699.2 718.5 718.5 722.4 710.3 712.9 718 727.4 738.7 747.1 758.9 770.1 775.1 765.9 754.2 732.1 711.9 707.1 690.2 670.7 658.1 650.1 643.4 636.5 632.3 626 624.3 627.7 614.4 568.4 540.8 519.7 506.1 494.6 489.5 478.4
215.6 224 232 240.1 252.4 266.5 278.1 294.3 310.5 327.1 343.1 360.1 380.2 409.2 439.9 473 512.4 549.7 590.2 633 673.4 713.6 743.7 771.2 795 826.6 830 844 841.9 831.4 817.2 792.7 767.1 744.8 725.4 691 680.8 674.5 662.5 670.9 683.2 698.4 713 723.9 739.4 740.1 740.3 746.4 743.3 756.6 763.7 771.4 781.1 782.5 787.9 785 771.1 739.9 704.5 695 680.7 661.3 652.9 646.2 640.4 633.3 628.3 625.5 624 626.7 615.5 594.4 548.2 517.7 504.3 502.3 489.1 481.8
214 219.2 226.6 234.5 246.9 264.3 276.2 286.9 301.5 318 336.5 352.4 377 406.2 438.3 468.4 508.3 542.5 585.9 633.7 679 714.7 742.3 763.2 795.9 822.4 834.9 846.9 842.4 833.7 823.2 805.3 778.2 754.4 732.5 714.4 708.7 698.7 681 689 696.5 708.5 726.1 751.5 762 755.7 764.9 769.3 775.5 784.2 788.9 796 796.1 799.4 792.9 783.1 766.6 742.7 704 688.3 680 671.8 656.4 646.8 638.4 636.3 630.9 626 625.8 625 603.6 586.3 561.5 525.7 509.4 501.7 491.7 478.8
218 217.2 222.6 230.8 243.2 262 275.3 283.2 294.9 313 331.2 352.8 376.7 409.1 439.3 470.9 500.9 542.3 581.2 634 677.5 712.2 744.1 767 804.8 823.7 840.8 852.9 844.6 838 830 816.1 793.5 769.9 749 728.8 725.2 715.8 700.9 712.6 715.3 732.6 764 776.9 781.3 780.5 790.7 791.9 795.8 803.1 806.5 807.2 806 806.9 795.6 788.1 757.1 731.9 710.9 704.2 688 676.6 658.3 650 646.8 659.7 651.8 636.9 626.4 615.6 597.3 573.3 549.1 523.4 509.2 499.2 487.7 475.8
221.7 219.9 222.5 229.3 241.1 255.1 269.1 281.9 295.6 309.7 329.7 353.5 376.3 403.8 432.9 464.1 498.2 537.5 586.5 627.5 665 705.5 740.1 769.3 803.2 826 845.9 847.3 841.5 838.7 835.3 824 810.2 793 775.8 761.8 744.3 728.7 717.6 723.3 740.6 760.4 775.7 787.7 791 796.3 803.4 811 814.2 824.9 823.9 824.8 816 813.6 806.7 795 770.4 740 719.9 698.4 686.1 671.8 661 651.3 651.2 655 646.2 635.3 624.7 611.1 585.3 560.8 541.6 524.3 512.2 499.8 485.1 476.4
230.5 224.4 223.2 228.8 237.9 250 265 279.1 293.2 309.1 327.5 348.5 372.3 401 429 462.2 494.2 531.9 579.5 619.6 659.5 702.6 734.4 763.8 798.9 820.3 840.8 841.7 838 837.5 835.8 829.5 820.6 809.8 797.4 786.7 772.5 760.9 742.6 747.3 761.4 771.5 783.8 791.5 799.4 808 813.7 825.1 833 833 834.8 836.7 834.3 830.1 821.1 811.9 777.3 746.6 725.7 691.3 688.6 675.2 663.9 655 650.1 647.7 645.7 634.2 619.6 605.7 582 557.3 541.7 523.4 509.4 494.4 483.1 475.3
246.4 231.5 225 229.9 236.3 248.3 262.4 275.1 291.9 308 329 345.6 367.8 392.7 420.7 457.6 491.2 526.2 567.5 612.1 654.2 683.9 717.7 753.6 791.4 820.2 832.3 836.2 835.1 836.1 833.7 832.8 826.5 817.8 807.2 796 785.8 776.6 769.7 778.2 780.8 787.1 792.6 798.6 807.9 814.8 828.6 836.9 835.3 838.7 842.1 847.7 840.9 837.8 830.3 811.7 780.7 747.4 715 687.5 678 670.3 663.3 659.9 650.4 645.2 640.8 632.9 624.5 610.3 594.7 571.2 549.9 532.9 508.9 494.9 480.2 474.8
257.8 237.9 231.6 231.3 237.5 246.2 257.3 273.5 288.3 304.4 322.7 342.2 366.9 392.3 420 453.1 481.1 525.7 566 605 629.3 664 703.4 739.8 783.1 810.6 821.2 828.4 827.8 830 831.3 833.3 829.9 821.4 813 803.5 793.7 788.8 785.6 791.2 796.4 802.5 807.6 816.8 825.2 835.4 846.3 845.8 846.6 845 847.3 852 853.3 844.7 831.1 807.6 777.1 746.6 709.1 685.3 674.5 665.5 662.7 661.2 654.9 650.4 652.6 648.6 644.7 636.1 617.5 591.3 563.1 541.9 511.7 494 478.8 471.2
266.5 245 236.4 231.9 239 246.5 258.2 269.8 284.2 302.8 321.6 340.4 366.2 391.5 415 443.8 473.2 520 549.4 581.7 619 655 687.2 726.1 769 796.9 809.7 814 818.6 821.1 825.4 830.5 828.2 823.3 819 811.6 804 802.1 800 804.8 809.5 814 820.7 829.1 840 847.6 848 851.4 851.1 850.6 853.1 854.4 855 852.9 849.6 813.9 780.5 754.9 720.2 702.1 673.2 667.3 662.3 659.2 656.1 660.7 667 665.2 660.3 653.9 630.7 592.2 560.4 535 508.9 491.3 476.7 467
272.3 255 245.3 238.3 238.9 244.7 255.8 268.7 281.8 298.8 318 336.7 360.7 387.3 409.7 436.6 462.9 501.5 544.8 574.7 609.8 636.1 665.8 703.2 750.2 780.8 796.9 802.2 810.4 814.1 819.5 825.7 826.7 828.1 825.2 820.5 817.1 817.2 813.4 815.6 819 824 831.7 837.2 847.8 851.7 853.4 857.2 855.8 854 857.7 862 864.4 861.7 849.9 820.6 785.1 754.3 727.9 697.5 679.5 671.8 662.8 662.6 663.6 672 676.9 670.9 653.3 642.4 617.1 589.5 551.2 523.9 504.4 487 472.1 463.4
281.1 267 251 244.9 239.3 246.3 255.4 266.7 280.9 295.7 315.6 336 358.1 382.8 403.9 427.6 455.2 491.2 531.9 561.7 586.5 614.1 644.1 683.9 725 759.6 782.1 793.2 801.4 809.2 813.7 820.8 826.4 828.6 828 827.1 825.8 823.3 822.5 824.5 825.8 830.8 837 843.7 849.9 855 859.8 861.2 860.1 858 856.7 853.5 854.9 846.9 840.1 828.2 811.8 764.6 738.1 710 686.9 676.8 671.4 670.8 669.5 673.5 675.6 658 638 619.3 602.4 577.2 547.7 524.7 497 479.8 466.8 459.1
286.1 269.7 257 247.5 245.8 244.5 255.8 266.3 280.4 295 314.2 331.7 354.4 375 395.1 419.3 448.1 478.7 509.1 538.3 568.4 598.5 625.6 663.4 699.6 735.6 765.6 782.9 791.6 802.4 805.6 814.6 822.2 822.2 826 828.6 824.1 823.8 829.2 830.5 832.1 835.5 842.3 848.9 853.8 858.5 860.6 860.1 858.4 855.9 853.7 849.6 843.7 837.3 828.2 800.4 796.4 783.4 761.6 731.5 694.4 681.7 678.2 672.6 667.5 666.9 659.5 638.4 617.4 597 582.4 559.1 535.3 511.6 492.5 472.8 460.2 453.7
287.1 274.1 261.9 255.3 252 248.9 259 269.5 283.1 297.5 311.9 332.8 353.5 372.7 391.3 412.9 435.8 468.9 499.8 526.6 550.7 579 608.5 643.4 676.5 711 741.3 767.9 782.6 795.8 801.8 808.4 817.8 817.1 817.8 820.5 822.3 826.6 828.1 829.2 833.7 841 849.4 855.2 856.2 856.7 857.8 857.2 855.7 850 845.6 840.9 835.8 829.9 819.9 764.9 741.3 735.2 705.8 703.3 686.1 684.4 678.7 666.5 663.1 650.3 636.5 614.8 595.7 578.2 556.4 542.3 518.5 497.6 479.4 466 454.1 447.6
288.8 277.7 267.7 265.8 259.7 253.5 263.5 273.6 285.1 298.2 312.9 331.2 350 368.6 386.7 407.6 430.5 460.6 487.4 509.2 535.5 570.1 588.5 623.5 652.9 680.8 712 747.6 775.2 790.4 797.6 803 813.2 812.3 811.4 813.6 819.2 824.1 825.6 827.2 836 846 854.8 860.9 861.1 858.8 858.6 856.5 851.6 843.1 836.1 828.2 822.3 816.5 805.5 751.1 713.4 692.5 666.9 654.9 645.4 656.2 657 648.9 639.9 623 614.9 590.6 574 559 539.5 524.2 503.7 485.3 471.3 459.3 448.4 443
291.7 280.8 276.4 272.8 267.2 261.3 267.7 277.9 288.3 298.8 312.9 330.3 349.5 366.5 383.5 405 427.2 447.4 476.1 501 522.3 550.4 570.8 600.5 627.4 653.9 687 719.3 763.8 785.9 789.5 796.8 803.2 804.8 803.8 803.6 809.7 817.2 822.2 829 839.4 852.7 862.8 865 864.1 858.7 855.7 851.1 843 833.6 826 818.7 811.1 801.9 774 739.5 694.2 672.8 650.8 629.2 621.7 625.2 628.9 621 611.7 597.2 586.7 568.9 552 540.7 523.7 508 494.3 478.2 465 454.4 446.4 438.4
293.9 288.1 284.5 278.9 276.6 268.3 272.5 281.5 291.3 303.9 321.5 332.3 350.4 364.8 380 400.1 419.8 440.5 468.2 488.4 508.7 533.8 553.4 575.5 600.1 628.2 666.6 712.5 759.5 776.5 783.9 788.9 796.4 800 799.3 801.4 809.8 814.1 822 828.4 836.7 848.6 857 863.5 860.5 853.9 847.9 841.9 833.9 826.9 821.2 812 803.5 796.9 764.4 719.1 692.5 660.2 632.5 616.6 612.6 612.3 606.2 598.2 590.3 574 562 550.1 536.5 525.8 513 499.8 485.6 474.6 461 449.2 439.4 435.7
295.5 294.6 291.8 283.9 279.9 276.8 278.8 288.1 294 306.6 317.4 333.2 349.7 363.9 377.5 394.5 413.5 432.7 456.4 474.7 494.2 515.4 533 559.2 580.5 610 643.8 680.5 721.1 761.8 774.8 782.2 788 795.1 792.8 797.1 803.9 808.9 817.1 826.3 834.3 845.4 854.1 856.6 853.9 847.1 842.1 832.8 824.5 818.8 812.7 803.7 795.8 788.6 757.7 716.6 688.3 648.6 611 600.9 599.3 596.6 589.4 580.2 569.2 554.5 546.2 533.2 523.1 511.7 501.1 490.9 480.7 469.4 457.5 445.7 435.8 430.3
295.9 300.5 292.9 288.1 285.1 284.3 286.3 294.7 303.9 309.7 318.2 331.8 348.4 365.2 378.2 390.1 405.9 424.7 446.8 464.7 481.5 501.3 519.8 540.8 561.3 588.2 618.2 658.9 697.9 739.2 764.1 772.6 779.6 782.4 780.9 789 794.7 803.1 812.3 823.5 827.9 834.9 842.7 848.8 845.1 836.3 831.1 822.6 816.5 809 802.1 792.6 786.5 779.1 761.7 720.5 680.4 633.2 595.1 585.6 582.4 576.4 569.6 557.7 547.8 538.6 530.2 519.4 512.1 503.6 494.7 484.4 472.6 464.2 450.9 440.5 433.1 426.1
305.1 302.8 297.7 297 294.7 294.2 296.2 303.7 314.8 319.7 324.6 333.7 347.8 362 378 388.1 400 416 434.4 454.9 470 486.2 498.1 520.5 541.6 566.9 590.6 630.7 678.1 712.9 742.9 760.6 769.5 773.5 772.8 783.7 790.9 796.3 804.1 813.3 821.2 822.2 826.6 833.7 832.3 827.2 818.9 811.7 805 798.1 791.3 782.6 776.6 770.1 760.2 725.5 686 635.9 591.6 575.6 566.8 556.8 548.4 539.3 530.3 523.1 517.6 508.6 500.6 492.9 485.5 480.3 467.2 457.4 445.1 436.3 430 421.1
308.1 308.3 306.7 308.9 307.7 304.9 306.1 315.3 325.1 330.1 334 339.7 347.2 358.3 373.5 385.8 395.3 408.9 425.2 443.2 458.6 469.5 482.6 501 520.7 543 567.3 603.4 640.5 674 714.7 746.1 759.8 763.3 768.6 780.9 783.9 783.9 790.8 796.6 801.2 808.5 815.6 820.8 818.7 816.2 808.6 802.6 796 788.2 781.1 774.6 767.7 760.2 753.1 725.1 688.5 651.1 598.8 570.8 555.8 540 532.3 524.2 518.5 512.2 505.7 499.1 492 486.7 481.6 473.4 463.6 452.5 440.6 431.5 423.1 414.2
320 318.5 321.4 328.6 321.2 317.5 319.2 327.2 340.1 344.9 343.9 348 352 359.9 373.3 381.7 390.1 400.8 412.1 428.9 443.1 456.2 469.9 483.2 496.9 518.2 540.7 573.4 611.3 653.3 693.1 722.6 743.1 749.2 762.3 767.4 769.7 772.3 777 779.7 783 792.5 797.5 803.9 806.4 803 796.7 792.6 786.2 778.9 771.8 765.9 760.1 753.7 747.6 724.7 686.6 652.2 602.2 572.3 555.3 536.9 524.5 512.2 509.3 503.7 497.4 493 487.8 482.6 477.6 469.9 461.6 452.3 441.7 431.6 420.2 406.8
333 330.7 340.9 349.4 338.7 335.1 336 345.5 352.7 355.5 356.6 359.4 362.8 368.7 377.3 386.5 386.5 393.2 399.4 412.4 427.4 443.9 457.1 469.2 478.1 501.8 529.7 566.1 601.5 643.6 688.9 725.6 743.9 749.7 758.5 761.3 759.6 759.5 760.4 764.4 768.7 780.6 784.6 791.4 791.3 786 782.9 779.7 775.4 768.2 762.1 756.5 750.3 744.7 741.4 728.1 689.4 646.1 616.5 594.1 571 548.9 529.5 513.8 505.4 495.5 493.7 487.4 482.5 477.2 471.7 466.5 460.6 452.5 444.4 436.2 427.8 413.1
344.5 344.7 353.3 357.9 356.4 354.1 354.8 361.3 365.6 369.7 372.9 372.1 376.2 380 384.8 389 391.5 390.9 394.4 402.9 416 430.8 443.1 454.8 471.4 493.8 521.2 556 592.4 643.6 684.4 718.2 736.6 748.4 750.7 758.3 754.1 753.3 751.2 755.7 754.5 761.5 771.2 774.8 776.2 772 768.1 767.7 764.4 758.5 752.2 747.6 744.1 737.8 736.1 732.9 699.4 662.1 634.1 614.2 595.6 572.9 545.5 521.1 507.4 498.3 489.7 483.5 477 474.2 469.1 465.1 458.9 455.7 447.5 444.5 431.5 418.4
360.2 359.7 366.6 371.5 381.2 384.5 380.8 382.2 381.5 386.5 394 388.9 392.3 391 393.5 395.7 398 395.6 395.2 401.6 409.4 422.8 434 446 464.7 486.2 513.9 551.7 590.8 634.7 673.4 707.6 721.6 734.6 743.1 749.2 743.5 739.9 739.1 739.6 744.6 758.8 766.4 765.2 760.8 759.2 757.1 756.1 755.1 750.1 744.5 740.5 737.6 733.5 729.8 727.8 729.3 712.7 658.4 639.6 619.7 602.1 578.1 537.9 510.2 497.7 487.6 477.8 471.1 467.9 464.3 461 458.2 453.8 447.6 442 434.7 424.4
