public/OST50/NH03.asc
ncols 200
nrows 200
xllcorner 200000
yllcorner 830000
cellsize 50
[rows 35 to 69 of 200, columns 0 to 77 of 200]
238.9 235.1 229.4 223.1 213.5 192.3 202.9 213.1 217.8 219.9 224.7 228.1 232.8 237.2 241.4 244.4 247.1 253.2 262.4 273.6 284.7 297.9 309.4 321.1 330 341.9 353.4 368.3 374.5 387.1 391.8 399 420.4 432.2 454.7 472.3 484.5 502.6 515.9 543.8 553.9 562.1 564.1 568.8 566.1 576.4 581.6 582.7 600.5 611.8 616.4 629.8 638.6 632.4 633 640 646.7 654.3 660.8 665.7 673.4 686.2 691.2 698.4 720.8 727.6 735.4 745.8 754.7 761.9 764.3 769 778.1 788.3 788 779.2 773.8 767.6
244.5 238.5 228.8 220.4 207.9 187 203.4 211.1 217.7 220.1 227.9 233.2 239.2 245 246.2 250.6 254 260.7 269.7 282.2 296.7 310.3 323.7 333.7 343.4 356.5 367.5 378.1 387.5 396 409.9 421.3 436.4 455.4 475 493.7 505.5 521.2 541.3 558.7 575 581.1 585.5 590.2 586.2 596.3 606.1 610.1 609.3 617.6 625.6 634.3 634 634.7 640.3 646 651 660.2 658.6 669.4 680.5 686.6 700.6 717.7 731.4 736.8 747.9 755.7 764.5 766.6 765.1 773.5 782.8 791 789.6 786.2 776.7 770.3
248.8 236.4 227.5 218.1 198 195.7 212.3 209.8 215.5 223 233.5 241.1 246.7 252.2 256.4 260.2 266.5 274.4 281.8 298.6 306.4 320 330.9 342.9 357.2 365.8 377.2 389.8 400.1 412.3 428.4 441.3 458.4 480.3 495.9 513.8 519.9 540.3 562.4 576.5 590.9 601.1 602.9 600.7 604.1 608.7 612.6 616.9 620.8 621.9 626.9 631.7 635.7 636.7 645.5 646.5 652.9 657.9 665 680.4 691 704.2 721.3 740.2 744.8 753.9 758 759.7 759.4 755 752.8 757.4 770.1 780.4 785.5 785.6 775.4 761
246.4 234.3 221.6 209.4 185.3 202.5 207.3 217.8 218.8 228.4 244.5 252.1 255 259.9 265.1 269.5 272.3 284 295.1 305.2 314 327.2 336.9 353.6 371.1 384.2 397.3 410 415.5 426.1 443.1 468.7 483.3 505 522.6 530.4 549.6 567.1 585.4 599.5 609.2 611 612.9 613.7 618.1 615 624 629.2 633.5 630.6 631.9 636.4 639.7 641.3 646.7 650.6 661.1 668 690.8 701 712.3 730.1 745.4 750.9 753.2 752.9 755.8 755.9 752.4 742.1 741.3 752.4 764.2 767.1 774.5 769.2 758.2 748
243.5 231.7 215.4 201.5 191.8 200.7 210.7 220.6 226.8 231.1 247.5 257.2 260.8 270.4 269.9 273.2 280.2 288.5 300.9 310.4 321.9 331.5 346.2 362.9 382.3 396.2 411 419.1 430.7 447 469.3 486.8 505.1 528.2 536.1 550.5 574.8 587.3 600.2 613 615.5 621.9 632.8 630 633.6 631.9 631 641.2 646.6 650 643.2 642.9 646.6 656.7 651.9 662.4 671.4 680.4 703.3 727.3 742.1 751.4 751.1 761 763.9 761.1 756.5 756.6 750 736.4 733.5 743.2 753.5 756 757.2 749.4 740.1 728.9
242.2 222.2 213.1 197.2 181.8 199.5 208.5 220.5 230.4 236.6 249.7 256.6 264.6 274.2 277.3 278.2 286.6 294.4 305.2 316.1 327.4 342.1 360.4 377.5 394.3 407.8 423.3 437.1 453.2 470.7 490.8 507 533.6 546.1 561.1 581.6 594.3 599.9 613.9 618.7 625 637.6 643.1 642.5 647.2 643.2 637.8 642.9 649 650.8 652.7 655 656.5 657 660.6 670.4 674.9 697.8 724.2 741.8 747.4 745.8 752.6 758.8 756.6 750 744.1 744.6 735.4 726.3 728.1 733.4 737.4 739 740.5 728.4 716.8 711.9
234.4 218.2 209.7 187.5 185.5 201.7 210.2 220.3 230.5 245.2 252.1 262.3 274.7 280.4 287.4 283.1 291.2 298.8 312.5 324.4 337.1 354.7 374.6 390.9 408.9 422.5 436 459.8 482 497.5 511.3 531.8 552.6 571.6 585.1 599.6 610.6 620 622.9 627.3 642.9 655 653.2 659.4 654.8 653.1 650.5 653.1 655.8 659.4 664.6 671.9 671.2 664.3 665 671.2 685.5 715.2 729.6 744.4 738.8 737.6 747.9 747.3 741.6 733.2 730 723.9 716.8 718.7 721.1 722.8 720.6 717.3 712.9 705.8 695.1 689.5
227.4 210.4 200.1 179.3 184.6 201.5 214.7 223.6 235.9 248.9 257.6 270.9 286.6 287.2 290.3 291.6 294.8 306.9 318.6 331.7 349.3 368.3 385.8 403 419.8 433.3 457.1 481.1 496.8 516.4 539.8 558.3 574.7 591.9 605.5 619.8 626.8 630.7 629.7 647 664.7 667.6 663 663.9 668.5 675.4 674.1 670.8 670.9 671.8 675.5 682.1 683.7 679.8 685.9 686.3 698.8 714.4 728.5 734.4 728.6 723.7 732 731.1 725.6 716.5 712.4 706.2 698.5 711.9 713.9 712.2 705.1 699.4 696.1 691.1 676.9 670.1
216.7 203.6 190 184.5 200.3 208.4 215.5 226.7 241.5 253.9 265.8 280.1 293.1 292.3 290.1 294.8 300.6 313.4 324.4 340.6 358.4 377.7 398.3 419.1 438.1 456.6 476.8 497.7 520.6 541.7 563.8 579.3 597.1 605.9 620.6 632.5 637.6 636.8 644.4 656.5 663.7 666.1 668 679.8 687.1 689.4 687.9 683.3 676.8 671.2 675.5 683.3 680.5 685.6 694.9 705.8 709.7 713.5 724.9 732.8 724.7 720.4 717.3 719.1 712.5 700.5 692.3 686.5 691.7 704.8 698.1 699 691 688 689 682 667.9 654.2
206.4 192.1 179.4 196.1 205.2 211.2 219.1 232.6 244.7 259.3 273.2 287.3 293.8 298.7 292.4 296.5 306 316.9 332.2 351.3 369.5 392.5 408 430.2 456.5 479.1 496.5 514 536.2 562.5 584.3 602.2 611.1 616.4 636.7 644.7 647.6 661.7 665.4 671.5 666.9 669.3 669.4 674.6 683.7 686.3 682.6 677.4 674.5 667 665.1 670.3 674.5 685.9 694.7 707.1 714.5 718.1 718.2 717.2 716.3 714.4 711.3 707.1 695.5 684 682.6 682.9 685.9 689.1 683.4 680.5 676.5 674.5 668.7 662.7 652.5 642.5
194.8 181.5 190.2 200.5 209.4 219.9 224.5 236.1 251 266.8 280.4 291.5 297.8 299.9 293.7 298.8 310.9 323.4 342 361.2 383.6 403 419.7 445 475.6 499.7 514.8 538.6 551 578.3 596.9 616.4 622.2 628.7 652.8 657 666.8 676.6 672.6 667.1 673 673.4 674 673 674.2 678 680.9 676.1 669.3 662.1 655.8 657.1 664.5 678.9 695.5 706.3 716.5 720.4 716.6 712.4 706.2 704.8 699.9 697.7 691.7 682.1 678.4 677.3 678.6 673.1 666.7 665.6 661 665.6 659.5 649 638.1 628.5
186 178.8 199.4 207.5 214.7 223.2 232.4 244.7 256.5 271.1 284.5 293.3 299.3 298.8 296.6 301.6 310.5 328 350.6 368.6 388.9 409.4 433.1 460.8 487 516.6 539.5 559 573 586.2 608.5 620.9 635.8 642 659.9 672 677.4 681.8 679.4 675.3 668.1 667.7 670 667.9 667.8 670.7 674.4 672.1 666.4 656.6 654.5 649.8 656.6 663.9 672 684.1 690.6 695.4 696.2 697.3 691.1 686.2 684 683.7 683 673.4 671.4 669.1 662.2 656.9 649 643.2 644.1 648.6 641.1 625.5 616.1 609.7
174.7 196.4 198.3 212.4 218 226.1 241.6 252.6 263 273.9 282.2 290 293.6 294.6 297.6 305.3 322.2 336.5 353.7 371.1 392.6 417.5 446.2 476.3 494.6 521.3 545.3 565.6 585.4 597.3 608.3 625.3 643.7 651.4 658.6 673.8 681.4 681.9 683.3 680.4 668 662.3 665.6 668.1 669.6 669.2 668.5 662.8 656.9 652.4 651.1 644.2 646.1 648.7 653.5 659.5 659.3 663.5 663.7 665.6 674 673.5 670 663.8 664.8 659.4 652.3 653.4 647.2 642.6 635.3 627.2 627.3 629.2 619.6 603 600.6 595.4
182.6 195.5 197.6 210.1 222.8 230.5 247.5 258.1 267.7 280.3 288.7 294.5 294.9 294.7 300.3 311 326.4 342.1 361.2 380 394.5 423.2 453.5 484.4 499.4 523 548.4 571.8 587.3 596.2 609.3 625.6 639.1 644.6 651.5 668.2 677.4 684 682.1 678.7 675.4 666.5 657.5 662.2 667.6 659.4 658.9 653.3 642.2 648.5 645.4 636.8 635.6 636.7 635.3 635.1 637.8 640.6 638.1 636.8 636.2 644 652.6 643.9 636.5 637.9 636.2 634.2 631.5 627.6 623.3 613.9 612.5 610.9 599.7 590 589.6 585.6
179.7 195.7 205.8 214.3 223.7 236.4 252.1 264.1 275.1 283.4 291.5 293.9 296.1 298.1 306.6 319.6 329.5 346.2 365.3 386.8 400.1 424.6 455.4 486.1 507.2 526.2 545 564.5 580.5 597.9 611.8 615.3 624.8 632.1 631.5 644.9 662.2 672.9 674.9 670.3 668.2 661.4 653.1 644.9 641.4 640.6 630.9 627 619.3 626 621.1 614.1 610 609.3 609.4 607 605.6 611.4 606.9 609.4 609.3 613.5 617.7 621.9 614.1 611.8 604.9 610.9 610.6 606.3 602.6 598.7 594.6 589.3 582.6 576.5 578.8 572.2
175.3 191.6 200.9 213.6 226.3 244.8 258 271.1 277.9 284.2 289.7 294.1 297.9 301.5 311.5 325.2 334.4 351.6 367.1 383.3 408.2 432.1 455.1 482.5 501.5 528.8 546 558.6 574.8 591.3 596.8 606.1 606 611.9 615.1 621.2 631.8 652.7 650.7 656.3 650.1 642.6 638.5 630.9 614.5 606.5 604.3 605.5 601.7 600.5 598.1 592.6 585.9 582.9 581.7 576.8 574.2 575 574.8 580.8 582 583.3 587.9 592.2 588.2 583.8 587.1 583.8 590.7 584.9 583.9 583.2 579.3 571 568.3 559.7 561.4 558.7
168.8 180.5 193.8 211.4 228.2 246.6 260.1 272.4 281.6 287.6 290.3 294.8 299.3 304.9 316.1 327.2 341.4 354.8 367.8 382.3 410 436.9 456.5 473.9 496.8 524.1 541.7 556.6 564.1 573.7 584.5 594.4 591.4 586.1 595.4 606 615.1 626.2 635.8 642.9 633.3 628.3 621.6 614.5 599.8 589.8 586.2 581 577.5 574.6 571.2 565.9 563.8 562.7 562.5 556 551.4 548.3 550 557.3 557.9 556.4 556.1 559.7 564.9 571 581 575.4 564.1 565 565.4 566.7 562.9 556.9 555.7 547.3 542.5 541.3
158 182 190.6 207.2 227.5 246 260.6 271 280.2 286 290.2 295 298.6 305.2 317.8 326 339.4 351.2 369.5 388.2 410 435.3 452.4 466.2 488.2 512 526.4 539.8 549.7 557.6 567.6 571.1 572.1 571 574 586 599 609.2 612.9 613.9 606.6 605.1 597.6 590.1 576.8 564 561.9 559.6 550.5 545.2 545.6 537.5 542.8 542.3 534.3 534.6 537.2 538.9 535 532.7 532.8 533.7 532.4 534.9 544.4 557.5 573 574.1 564.4 549.6 548.9 544.4 544.4 541.2 540.1 527.6 528.5 526.9
157.5 182 188.6 203.9 221.8 239.8 255.7 268.4 276.9 278.3 289.1 294.1 299.8 305.2 318.4 324.6 340.5 356.1 375.1 390.9 410.7 430.8 448.1 464.1 473.3 494.9 515.7 534 545.6 542.6 536.4 543.7 547.3 557.1 558.4 565.5 583.4 591.7 597.4 598.4 588.5 581.1 573.5 566.4 552.1 543.6 539.9 538.4 529.9 524 525.3 515.7 517.4 517.8 514.2 511.8 512.4 518.9 523.3 519.3 523.6 521.9 520.9 526.4 536.6 542.1 548.1 551.8 546.5 546.6 533.3 531.2 537.3 532.2 530 522.7 524.4 520.7
153.9 168.8 186.2 200.4 217.8 234.3 244.9 253.9 262.2 271.5 280.5 290.1 300.6 313.2 318.1 328.2 347.1 363 375.9 390.6 413.2 428.9 439.5 453.9 468.3 482 504.6 518.8 526.5 524.4 519.6 524 531.3 543.3 553.3 558.2 563 588.8 596.9 588.7 573.2 565.7 555.5 545.9 532.7 523.4 516.8 511.6 506.3 502.7 497 493.9 492.7 497.2 490.9 489 493.9 497.4 499.8 497.9 499.3 505.9 506.1 513.2 519.5 523.4 528.9 525.9 527.5 530.8 524.8 516.2 517.4 519.1 516 512.4 510.3 506.4
149.2 170.8 181.8 197.5 213.7 228.9 239.8 249 257.7 268.1 277.3 288.9 297.2 309.1 315.2 331 346.6 365.9 376.1 391.8 411.4 424.1 434.3 448.3 467.4 476.7 484.1 496.9 502.1 505.9 501.4 506.6 511.5 530.2 543.8 550.5 549.5 558.2 573.1 577.8 560.3 545.6 536.8 527.2 516.7 506.9 496.6 492.6 488.1 482 476.2 475.9 474.4 474.8 473.3 470.8 470.4 473.5 478.8 477.4 486.9 486.6 487.9 493 502.7 504.2 504.7 505.4 510.4 514.8 510.9 505.4 507.2 504 500.8 494.9 493.9 489.5
163.3 169.3 177.8 195.6 210.7 228.1 240.8 251.3 260.3 274 282.2 287.9 296.4 305.8 317.4 329.1 343 364.9 374.5 389.3 409.6 421.2 431.4 444.2 462.2 467.1 470.3 481.1 482.1 485 486.3 489.8 490.7 503.9 513.5 520.9 527.3 534.2 539.2 537 533.7 530 523 515.4 500.6 489.4 481.2 473.4 471.5 464 459.1 456.2 454.4 454.2 452 452.4 455.5 451.7 454.9 457 465.5 465.4 467.7 474.5 479.2 484.6 484 494.5 493.2 495.7 497.9 496.6 485 487 480.6 478.2 475.7 473.5
159.3 164.5 177 192.7 210.9 227.8 242.3 254 263.7 280.5 288.4 289.8 300.5 309.8 322.2 330.6 343.3 348.4 368.2 384.1 403.1 416.7 422.4 437.4 454.7 454.5 462.6 468.4 466 474.7 481.1 474.7 480.5 485.4 491.3 497.4 511.1 519 524.4 517.3 516.3 513.4 508.3 496.8 482.3 468.9 458.6 454.7 447.8 443.9 441.4 440.3 437.1 437.4 435.1 431.1 433.1 436.3 436.3 436.8 444.3 446.3 444.4 455.1 457.5 465.8 470.8 475.9 482.5 483.2 485.7 484.4 481.6 463.9 465.6 464.6 463.9 461.5
153.5 160 173.1 189 207.9 225.3 240.3 248.3 261 285.9 288.1 291.5 300.8 308.2 327.8 333.3 342.6 349.1 356.4 380 392.4 401.6 411.9 425.1 440.8 447.1 453.8 465.4 458.6 455.4 463.5 464 470.3 474.6 475.9 480.3 484.4 493.8 499.8 502.2 499.5 494.7 488.3 480.5 464 448.3 438.9 436.1 432.4 428.8 428.5 424.5 418.5 420 419.7 420.4 417.8 419.2 418.5 417 415.3 419 420.8 425.1 435.1 447.3 451.5 469.2 479.2 467.1 465.5 466 466.1 458.5 450.5 455.3 454.8 450.4
150 156.2 168.2 185.4 202.5 220.8 233.6 239 253.1 271.3 277.6 294 303.7 304.2 318.1 333.5 345.1 351.2 355.6 366.2 382.2 393.8 400.4 411 427.9 436.1 439.7 452.3 445.6 438 439.3 448.9 450.6 452.9 456.7 463.1 465.7 471.8 476.4 482.4 476.5 469 464.5 456.6 447.6 430 423 419.8 416 411.7 409.4 406.2 401.8 402.1 401.6 396.2 398.5 396.6 396.9 397.8 398.8 404 401.7 403.5 411.8 424 430.2 450.1 459.4 454.6 451 447.5 447.9 443.4 439.9 434.2 434.9 442.4
148.8 152.9 164.3 182.7 198 213.1 222.6 234.9 237.1 259.3 276.5 298.3 310.4 306.8 314.3 330.7 339.2 346.7 355.1 358.5 373 386.1 394.2 398.4 411.9 416.8 421.7 424 429.9 423.4 420.5 426.3 430.3 437.8 441.2 444.7 451 451 453.6 459.9 458.2 448.3 440.1 432.5 426.9 418.3 409.7 402.5 399.5 395.5 390.1 387.5 386.2 383.6 382.7 379.1 379.2 379 377.8 377.1 373.2 380.6 379 386.4 395.5 405 417.3 434.5 440.6 437.1 433.8 431.2 429.3 428.2 431.5 428.4 417.6 424.4
144.7 152.2 161.3 178.4 195.7 206.1 216.2 221.9 230.2 252 269 297.2 309.1 303.9 316.1 326.1 336.8 340.2 349.1 355.9 366.4 376.7 384.5 387.2 399.2 405.3 407.5 406.3 412.1 409 410.8 412.7 415.9 420.9 427.3 431.3 431.3 432.8 431.4 434.4 436.2 429 420 413.4 407.6 400.5 394 390.2 386.2 380.6 373.3 371.3 371 368.5 365.7 364.7 364 361.4 359.4 357.4 356.5 355.6 357.1 365.6 379.5 391 403.1 415.3 425.3 419.5 415.6 412 415.1 412 413.4 411.4 411.5 412
140 150.9 161.4 174.9 191.7 201 207.7 213.4 221.4 245.1 262.4 289.8 296.3 296.6 315.6 326.3 331.2 336 343.6 355 359 362.6 370.3 374.9 385 391.9 391.6 390.6 389.3 390.1 396.6 399.4 400.1 404.3 411.9 415.2 415 411 413.4 413.6 415 411.6 404.4 397.1 391.6 389.1 383.8 377.5 373.2 361.8 355.7 355.5 357 356 354.6 348.8 347 341.2 340.4 338.9 335.8 335.7 342.6 351.5 369.7 382 392 398.1 403 400.6 399.5 398.2 397.4 398.3 398.4 396.7 395.9 402.9
136.1 146.4 158.8 178.3 191.2 199.3 204.1 207.9 215.2 238.8 256.4 279.5 287.6 289.3 313.9 321.1 326.9 329.3 333.1 341.1 350.6 353.7 357.5 361.8 373.8 378.7 376.6 374.4 371.7 370.5 379.8 380 383.6 389 392.3 398 399.3 398.6 397.2 399 398 393.3 385.3 377.4 374.9 369.9 364.6 357.3 349.8 345.6 345.5 343.2 341.8 342.4 337.3 330.9 325 320.5 323 321.8 315.2 323.3 331.8 348.6 363.8 376.3 381.7 389.3 385.8 385.1 384 383.7 382.6 379.2 385 382.8 386.1 396.1
129.5 141.7 153.7 177.6 191.6 201.8 206 206.5 207.9 224.1 247 272.1 280.5 285.4 305.6 311.8 318.1 320.5 326.1 332.9 338 344.8 347 347 357.3 363.1 360 358.7 356 357.5 363.9 365.6 367.3 370.7 372.5 381 384.3 384.5 383.4 383.3 383.4 379 374 366.5 359.1 354.6 350.4 344.8 336.9 336 327.8 325 324.3 320.5 316.1 310.4 303.4 313.8 305.2 299 300.7 312.7 325.3 339.8 356.9 373.8 373.8 372.6 375 381.6 372.4 373.4 373.4 371.4 368.9 372.7 376.7 383.7
123.2 134.1 150.9 173 190.1 203.7 208.8 208.3 205.7 208.4 230.6 264.8 274.5 278.1 298.5 304.3 308.8 314.2 319.8 328.1 334.1 334.8 339.5 334.4 339.4 347.3 345 339.9 339.5 339.7 348.5 352.1 351.8 353 355.9 368.3 366.7 366.3 367.4 364.7 368.5 366.2 360.8 354.7 345.9 341.7 339.3 328.4 323.9 319.2 314.1 318.6 312.7 308.2 300.9 293.5 290.3 283.2 284.2 281.7 301.1 309.8 321.9 333.6 345.4 359.3 353.5 353.5 368.1 367.2 359.4 356.3 356.7 360.9 360.6 369 376.4 379.9
113.1 128.3 141.3 168.9 185.3 198.6 204.3 212.4 203.2 201.2 219.7 250.9 264.3 272.2 291.3 293.5 301.2 304.6 311.3 319.6 327.6 325.9 323.5 321.8 323 322.8 326.4 317.3 317.2 315 325.2 329.3 337.6 335.8 341 342.8 345.3 346.7 350.7 352.7 354.5 354.5 348.5 345.6 334.7 326.6 319.8 316.6 311.3 304.6 298.6 298.2 293 287.3 281.8 275.8 266.1 271.9 272.1 276.6 292.9 306.5 315.5 326 333.7 335.2 333.7 343.1 358 351.6 341 344.7 348.5 351.1 359.1 365.9 369.2 366.1
111.3 118.4 131.2 153.6 176.3 187.7 201 204.5 195.3 193.2 209.7 239.1 249.3 263.1 268.3 288.1 294.3 297.8 298.5 307.8 315.1 314.4 312.1 308 302 303.4 301.9 298.2 295.7 294.4 299.8 310 319.5 317.1 326.7 324.4 328.1 333.8 336.4 339.2 338.3 338.1 336.5 329.3 322.7 315.4 306.4 301.6 292.3 292.2 282.4 277.3 270.5 265.1 261.3 258.2 257.3 261.8 258.3 270.8 283.8 297.7 309.1 329.3 323.9 316.5 320.2 324.2 339 330.6 322.7 328.2 339.5 345.5 357.7 362.6 358.1 355.2
111.6 114.2 119 136.1 156.6 177.3 191.3 193.7 187.7 181.3 196.8 223 238.2 256.4 253.5 279.4 287.2 290.5 290.8 297.2 301.9 302.5 297.9 292.8 287.4 284.6 281 275.5 278.5 275.2 276 285.3 290.7 301.1 311.9 310.7 309.6 324.2 327.6 326.4 326.6 325.2 323 317.9 304.7 299.3 287.3 281.4 274.7 267.1 263 256.9 256.5 248.6 247.8 243.7 245.2 245.3 247.7 259.1 269.6 281 296.9 312.2 307.1 297.2 301.9 307.9 313.7 309.4 309.6 322.5 339.5 341.1 347.4 348.4 348.9 345.6
111.3 107.2 111.2 123.9 137.8 154.4 166.9 176 172 166 176.6 204.5 221.6 249.6 239.7 265.7 275.2 279.8 282.9 285.7 282.3 285.2 281.8 276.6 271.1 266 263.7 260.4 262.6 250.4 250.9 256.4 266.8 281.1 290.7 298.1 293 300.8 302.6 309.6 314.4 313.7 307.3 293.5 283.3 280.4 271.7 266.7 258.5 251 245.3 239.8 250 237.5 234.8 232.4 230.2 235.5 243 251.7 260.9 272.4 287.9 298.9 298.5 295.5 287.1 287.7 287.3 289.4 291.7 300.9 321.1 331.9 336.4 336.7 337 326.7
