public/OST50/NH04.asc
ncols 200
nrows 200
xllcorner 200000
yllcorner 840000
cellsize 50
[rows 140 to 174 of 200, columns 0 to 77 of 200]
513.8 521.3 523.4 540.5 545.3 550.7 557.7 554.4 539.1 523.1 517.5 507.3 504 499.3 498.9 488.1 477.1 465.2 459.5 456.9 442.4 429.9 426.6 417.3 402.1 389.4 373.8 356.2 350.2 342.4 331.9 317.3 315.3 305.9 305 298.9 291.8 287.9 289.2 286.8 281.2 279.6 277.9 276 275.7 276.1 277.4 278.6 278.4 280.6 283.1 280.2 287 286.2 286.3 288.1 289.8 291.5 294.6 297.2 299.8 304.3 308.9 315.8 327.7 333.7 343.2 351.7 364.7 373.3 385.4 394.1 410.2 425.6 446.3 472.6 501.6 538.9
504.8 516.8 540.4 546.7 545 536 532.7 530.9 520.3 510.7 506 503.6 496.8 495.7 488.5 474.9 469.7 455.6 454.1 443 428.9 429.8 420.1 408.8 395.6 380.2 363.4 353.7 349.4 337.2 326.8 313.6 309.5 305.2 298.2 295.8 290.6 286.4 283.6 282.3 278.2 277.2 276.4 275.1 274.9 276.8 276.3 277.7 278.6 278.7 279.1 278.9 286.5 285 288.2 289.1 289.6 291.5 293.7 296.2 301.1 306.4 311.1 317 323.9 332.9 342.7 353.2 364.4 374.6 387.3 399.7 414.9 435.2 459 483.8 515.8 551
510.5 543.3 551.6 547.2 535 528.4 520 510.6 506.1 507.3 501.4 491.3 487.2 486.1 474.4 463.8 454 451.5 440.7 432.4 434.9 427.8 411.9 398.7 387.4 375.6 364.6 355.6 348.5 334.5 327.4 318.5 305.5 299.4 297.2 294.3 289.7 278.1 279.7 276.4 275.3 274.4 274.1 273.2 273.7 274.7 276 276.9 278.5 277.1 277.2 284.6 284 284.7 288.3 289.7 290.7 292.4 295.1 299.8 305.3 312.1 317.4 322.9 330.1 339.5 348.4 356.3 366.5 377.2 390.6 408.4 419.7 442.7 463.1 490.3 519.9 558.9
538.4 551 547.1 536 523.9 513.6 511.5 503.2 493.4 495 488.1 485.2 483.1 473.4 462.4 456.8 447.3 435 433.3 438.5 428.8 418.6 406.9 394.4 384.4 376.6 370.4 362.5 346.2 339.7 329.7 316.8 305.3 296.9 297.8 293.6 285.6 280 274.5 273.6 273.8 273.6 273.5 274.4 274.1 273.9 277.4 278.6 277.6 276.4 279.6 283.5 283.6 284.6 287.2 289.4 292.2 296.4 296.5 303.3 308.7 318.2 320.3 325.7 333.8 343.8 353.5 363.3 371.8 385.1 393.9 409.3 426.5 448.2 473.4 501.4 544.4 583.1
538.4 535.7 525.7 514.3 506.2 505.4 505.2 503.4 492.7 486.9 485.2 480.7 470.3 461.7 457.4 444 437.4 439.6 437 432.1 424.5 409.3 398.7 389.2 386.9 385.2 372.8 363.1 349.1 337.2 327.1 317.9 306.9 299.1 288.7 289.4 283.1 276.2 273 271.6 272.2 273 272.4 272.6 273.7 275 275.9 274.8 274.7 275.8 283.7 283.3 283.1 285.5 288.3 289.6 293.3 298.6 304 308.3 314 318.3 323.7 331.6 340.4 350.2 363.2 369.2 380.6 389.6 401.8 416.7 436.1 462.5 485.1 517 554.4 594.5
521.9 516.1 509.9 504.2 502 500.3 500.6 491.8 491.4 487 479 468.1 463.4 453.5 446.9 445.3 445.4 440.6 430.7 424.3 413.2 403.9 398.5 397.1 391.9 383.6 374.9 361.4 348.3 337.8 323.3 316.7 305.2 294.7 288 282.6 274.4 272.3 271.2 271.2 271.6 272.2 271.8 272.4 272.8 274.1 275.3 274.1 275.5 281.3 283.9 283.1 285.8 288 289.8 290.9 293.7 300.1 311.8 315.3 322.9 325.6 329.2 338.9 346.7 358.6 371.9 378.5 385.7 394.4 409.9 432.7 454.1 470.2 496.4 531.4 580.1 600.9
502.8 506 496 500.2 508.8 501.2 494.1 494 484.5 473.2 470.5 461 453.7 454 456.1 445.5 441.2 439.5 429.7 419 411.4 412.9 413 399.7 390.6 385.8 373.7 357.6 347.1 335.5 322.2 312.4 300.2 292.3 284.6 276.9 273.6 271.2 270.4 271.7 272.2 272.2 271.5 270.7 270.8 272 275.9 281.2 282.5 283.2 282.7 284.2 287.6 288.8 289.9 294.1 298.7 306.9 314.2 323.7 327.2 331.1 336.2 343.6 351.4 364.3 372.3 382.2 389.4 399.6 415.9 438.2 459.3 475.6 505.1 540.1 575.6 597.6
492.4 500.1 508.5 499.5 500.1 500.2 498.3 484.3 475.3 467.3 462.6 462.9 463.2 458.4 449.8 444.4 439.4 431.5 423.8 422.7 424.4 422.2 413.6 403.2 395.1 383.1 368.5 356.7 346.3 335.7 323.6 308.1 292.5 290.5 285.9 276.7 271.9 270.2 269.8 271.4 271.6 271.6 271.4 270.8 270 271.9 277.9 283.8 283.4 282.1 281.7 287.3 287.5 288.2 293.2 298.2 307.1 314.9 323 329.3 328.4 333.1 338.6 346.1 357.2 365.8 377.1 386.3 396 410.8 426.6 443 463 482.8 514.9 547.4 574.9 597
491.8 503.6 504.8 505.4 500.2 498.7 485.1 475 465.7 468.2 471.1 470.6 466.6 456.4 447.6 439.7 434.6 431.4 431.6 434.1 427.5 421.7 414.8 401.5 390.4 376.5 364.9 354.8 342.1 331.1 317 301 288.1 287.6 279.6 274.4 271.4 270.6 269.8 270.8 270.9 270.9 270.7 270.5 269.5 273.5 279.9 285.2 283.7 281.3 283.6 285.1 285.4 288.9 298.5 304 311.6 319.6 325 326.5 329.4 334.2 343.2 351.6 361 371.8 380.5 394.6 404.5 419.4 436 446.9 467.9 488.8 524.5 552.6 573.3 587.9
491.1 499.5 506.5 504.6 504.4 487.9 476.7 467 465.7 469 469.5 468.8 461.3 452.1 446.1 440.3 439.3 443.8 444.7 438.2 431.3 421.1 411 395.4 386.8 374.1 363 349.6 337.2 324.9 314.1 296.8 287.5 283.6 277.9 274 271.9 269.5 269 269.5 270 270.1 269.1 268.8 270.6 276.6 282.4 280.5 281.9 282.7 284.8 285.6 288.6 297.8 304.2 309.2 314.5 325.3 324.8 328.3 334 339.7 350.1 355.9 366.8 377.9 392.6 404.5 414.3 425.8 437.6 450.8 476.1 498.4 525.3 553.5 566.9 575.9
494.7 504.1 508.9 507.6 493.5 478.5 468.4 465.7 470.7 470.1 468.2 461.7 452.7 445.8 444.6 445.4 442.4 439.2 436.7 433.2 427.5 416 403.2 392 382.5 369.9 358.4 345 334.1 320.7 310.3 294 294 287.5 279.7 273.5 274.4 269.5 268.4 268.6 269.1 269.5 268.2 269.6 272.2 279.5 279.9 277.4 280.5 289.4 287.1 289.9 290.6 298.5 303.3 308.5 314.1 321 325.4 330.4 341.2 345.4 354.5 362.9 373.1 385.8 397.2 408.2 415.1 423.6 438 453.4 477.2 502.6 524.2 546.9 555 565.8
497.5 492.3 486.7 480.7 473.3 470.1 470.2 473.8 473.4 468.8 455 448.1 446 444.3 445 447.3 443.9 435.6 429.5 423.2 414.8 405.4 397 386.7 379.1 367.3 352.5 342.5 335.2 317.9 309.2 298 298.2 288.1 281.1 274.6 269.2 268.6 268.1 268.2 268.4 268.7 267.6 270.6 273.8 280.4 276.3 277.7 287.3 285.1 288 289.6 291.4 299.4 303.1 311.4 316.2 319.8 327.7 333.7 344.5 349.9 359.8 369.9 381.7 390 399 407.2 413 421.9 435.5 454.5 479 496.5 514 531.5 540.3 549.7
497.5 490.5 476.1 469.6 468.7 472.1 472.4 469.7 461.8 453.1 445.8 445.2 443.3 440.4 445.1 439 436.1 432.1 424.6 417.3 407.2 404.9 394.7 387.2 375.3 363.4 352.1 345.1 330.7 315.1 310.6 306.8 299.9 287.4 277 269.8 266.8 269.4 270.1 269.4 268.7 268.8 268.8 270.9 275.6 273.1 275.7 279.5 281.3 279.9 286.1 289.2 291.6 298.9 302.8 313.2 318.1 322.1 331.4 338.1 344.9 355.1 364.7 375.4 384.8 390.9 399.2 405.3 410.8 421.1 434.9 451.5 472.1 486.1 504.1 520.8 529.1 533.9
485.4 473.2 468.5 463.6 467.2 466.5 463.6 458.2 449.5 443.5 440.2 438 434.5 435.9 434.3 433.7 431.1 427.3 420.3 417.8 412.2 403.6 396.5 384.7 371.5 361.1 349.2 339.6 330.1 316.3 310.3 304.5 297.9 285.1 275.5 270.2 267.4 268.8 269.2 269.2 268.8 267.9 268.5 269.7 271.5 276 275.8 277.7 278.5 279.3 282.2 292.1 297.3 301.3 305.3 311.4 318.2 327.7 334.7 342 346.4 356.8 368.8 377.5 384 388.2 393.5 401.8 406.9 419.8 434.4 444.2 462.8 480.5 495 507.5 514.5 518.6
467.9 465.2 465.3 461.3 456.3 449.8 446.9 443.5 439.9 433.5 429.6 430.4 431.1 433.3 429.9 428.4 426.5 424.7 426.1 424.1 417.9 407.5 397.5 382.9 370.3 357.4 348.4 342 332.2 320.8 311.4 303.3 297.6 287.4 277.5 270.7 267.6 268.1 268.4 268.8 268.2 268.7 272.9 271.5 273.5 278.2 280.1 279 278.8 279.1 283.1 296.1 299 304.7 308.6 314.3 322.9 332.1 337.1 340.3 346.6 359.7 365.8 372.2 376.3 381.8 387.9 394.7 402 412.4 427.7 443.2 453.9 468.9 482.8 492.2 497.5 498.7
465.3 465.1 461.5 455 448.4 443.2 439.8 435.7 429.6 424.8 423.5 425 426.5 427 428.7 429.9 430.6 433.6 434 427.7 416.4 405.1 393.1 380.2 369.6 357.9 349.9 344.4 332.4 321.9 311.8 306.6 298.9 285.4 275.5 271.6 268.5 266.9 266.6 266.5 266.5 266.5 270.3 270.2 275.3 277.2 283.1 283.6 283.7 281.3 286.6 296.8 299.4 309.1 310.7 317.1 323.4 329.1 335.1 337 344.9 354 364.4 364.4 368.3 374.6 382.7 391.1 397.2 408.6 424.7 435.7 447.3 456.3 466 474 482.9 478.2
469.4 461.2 453.8 448.8 442.6 440.7 438 430.3 424.3 423.1 423.8 425.3 429 429.3 432.7 435.8 440.9 436.4 433.1 422.6 410.8 396.6 385.2 375.8 370.6 360 353.8 346.9 335.5 324.2 312.4 308.5 296.9 281.5 275.8 273.7 268.4 266.7 266.5 266.5 266.5 266.5 266.5 270.2 273.5 275 282.7 284.1 285.3 288.1 292.9 295.9 304 311.7 314.3 318.4 322.7 329.7 331.1 334.5 344 350.6 355.9 360.7 366.6 370 375.3 386.6 394.3 403.2 421.5 431.4 440.4 447.1 452.7 456.7 466.9 467.9
460.3 451.1 444 443.8 439 432.9 428 427.5 425.2 424.3 423.4 425.4 428.2 431.7 435.3 437.3 438.1 429 424.5 414.5 398.6 388.6 382.4 376.2 374 367.4 358.9 348.1 336.1 323.1 311.7 306.3 294.7 276.4 275.5 280.4 271.9 266.2 266.5 266.5 266.5 266.5 266.5 272.4 275 274.6 280.1 283.3 284.5 290.1 293.5 295.8 307.8 311.5 314 317 320.1 323.7 330.2 335.9 342.2 345.2 350.4 356.3 361 365.6 374.2 383.6 389.3 397.3 410.7 426.9 432.8 443.9 448.3 453.3 453.8 457
449.8 443.1 442.2 438.4 434.5 428.2 426.4 424.3 418.1 422.5 417.9 418.4 421.1 426.2 429.6 433.8 426.3 424.7 412.1 401.3 394.9 385.1 381.7 378 375.9 368.8 356 345.8 332.6 319.7 312.7 301.8 293.5 276.1 276.2 278.7 273.5 266.6 266.5 266.5 266.5 266.5 270.4 272.3 275.7 272.5 280.2 282 282.3 283.4 293.4 300 306.6 309.6 313 314.3 315.9 323 325.1 329.2 339.4 343.1 348.4 350.9 355.4 361 369.2 377.7 383.7 392.3 401.7 419.2 424.8 434.9 439.7 443.6 448 451.1
444.7 439.1 434.2 429.9 429.1 423.4 423 421.2 418.2 415.1 413.6 411.7 411.8 413.6 419 421 419.5 412.9 400.3 394.2 389 383.7 379.1 378.5 373 363.9 354.6 344.5 335 323.1 314.3 300.5 288.6 279.4 277.2 276.1 270.3 267.1 266.5 266.5 266.5 266.5 267.6 272.2 274.8 271.2 276.4 282.6 281.5 281.8 287.9 301.9 308.6 311 313.3 313.3 314.6 319.1 321.3 330.1 336.3 338.7 344.1 347 351 359.5 366.4 371.8 377.2 382.5 391.3 405.6 414.3 426.8 431.3 435.8 440.1 440.3
444.7 434.2 429.1 427.3 424.1 423.5 423.3 420.6 417 416.1 412.5 409.5 410.3 409.6 403.1 405 403.3 393.2 388.7 387.5 387.7 388.4 383.8 376.2 370 362.9 354.5 344.5 338 328.1 316.2 304.1 293.1 282.3 276.7 270.4 266.5 266.5 266.5 266.5 266.5 266.5 267.1 272.2 272.7 271.8 272.8 281.8 279.9 279.4 285.1 296.5 306.6 312.1 313.2 314.1 315.1 317.8 321.1 325 331.9 338.2 340 341.1 345.3 352.9 361.6 364.7 365.3 376 382.5 384.8 394.2 413.7 423 428.6 432.6 437.9
436 431.1 429.6 427.8 422.9 419.8 418.9 417.4 416.4 414.3 409.5 406.7 406.2 403.8 402.2 396.3 389.7 389.7 394.5 392.2 395.8 391.6 382.2 373.1 366.3 361.2 353.5 352.3 339.6 329 317.4 306.5 298.7 286.6 279.7 269.6 266.5 266.5 266.5 266.5 266.5 266.5 266.5 270.5 272.6 268.8 272.1 279.7 278.9 278.7 282.1 291.5 303.2 308.8 312 312 315 317.9 317.3 320.6 325 329.8 334.8 335.1 335 341.2 346.9 358.8 368.5 379.1 386.9 399.3 411.6 418.9 421 435.6 440.3 443.9
432.5 431.2 428.9 424.5 421 418.8 416.7 415.7 416.8 412.7 408.8 403 400.5 395.9 396.9 391.3 390.6 397.4 395.8 397.3 394.3 384.8 378.2 371.4 364.9 362.5 362 355 341.3 335.6 323.5 311.8 299.9 289.4 282.6 274.9 266.5 266.5 266.5 266.5 266.5 266.5 266.5 266.5 272.7 272.1 269.5 279.9 281.3 278.6 281.6 289.6 300.2 303.4 305 306 310.5 314.3 314.3 319 323 325.1 324.8 325.9 327.2 340.8 352 366.3 375.8 385.5 396.6 409.3 418.3 426.6 433.6 439.4 441.8 447.3
431.9 428.5 431.5 422.1 419.5 417.3 412.7 415.8 414.7 407.3 404.2 398 395.8 393.2 392.5 393.4 392.2 392.6 396.1 395.6 385.3 378.9 372.5 368.8 369.1 366.6 363.9 357.2 354.9 342 327.4 315.3 302.7 290.8 283.7 275.8 266.5 266.5 266.5 266.5 266.5 266.5 266.5 267.4 268.3 269 270.4 276.9 281.5 278.9 279.3 291.1 300.4 301.1 301.1 302.4 306.7 308.8 307.3 309.7 313.6 315.2 318.7 327.2 334.9 345.7 358.5 369.8 377.8 389.5 401.4 415.3 424.5 430.8 438.2 443.4 447.9 452.5
432.5 427.3 426.1 421.6 416.1 412.4 410.1 409.4 407.1 401.5 397.3 394.7 393.7 393.7 393.6 391.2 388.7 388 388.4 384.3 378.9 375.1 371.9 371.7 371.9 365.7 370.6 364.2 358.8 350.2 336 323.2 307.9 295.1 286.8 278.8 266.5 266.5 266.5 266.5 266.5 266.5 266.5 266.5 268.6 271.4 271 273.8 277.2 275 285.8 289.5 299.3 297 296.7 295.5 296.4 298.9 300.3 309.5 314.3 318.6 324.9 332.6 342.8 355.2 364.9 374.1 383.1 395.6 408.6 420 428.3 439 442.4 447.1 452.1 458.8
431.2 424.2 418.7 417.2 413.2 411.6 408.1 405.1 400.3 396.8 392.7 391.5 391.5 390.8 387.7 387.1 387.2 384.4 382.1 377.3 378.4 375 373.8 368.9 370.4 378.5 371.4 366.5 363.1 353 339.2 325.6 312.4 302.3 288.6 280.1 272.6 266.5 266.5 266.5 266.5 266.5 266.5 268.1 269.8 270.4 270.8 271.6 273.8 275.8 283.4 287.9 293.1 291.6 289.5 291.2 299.1 303.8 309.1 315.9 313.8 322 328.9 338.1 353.2 366 371.4 377.1 388.3 401.3 411 424.8 433 440.5 444.3 452.4 457.2 467.1
425.2 419.6 414 412 410.7 409.2 406.3 399.8 394.3 391.6 388.3 389.5 387.9 387.5 384.8 384.9 385.2 379.7 379.9 375.1 374.6 374.1 366.9 366.9 371.4 375.2 369.7 366.7 363.2 349.8 336.6 322.1 314.6 300.4 291.9 285.8 273.9 266.5 266.5 266.5 266.5 266.5 266.5 268.1 270.7 271.2 272.6 273.7 273.2 276.7 278 280.6 283 290.5 292.8 298.6 301.4 303.3 307.8 313.5 320.7 327.1 335.4 346.2 356.3 369 375.2 385.1 393.4 404.3 413.8 425.9 435.4 443.3 449.4 455.5 467.7 474.1
417.8 410.9 409.5 405.3 402.4 401.7 397.5 393.1 391.2 387 385.8 388.9 390.2 386 385.5 381.2 379.7 376.3 375.5 372.9 375.4 370.1 366.9 366.9 369 373.5 368.8 365.9 356.3 346 336.1 327.2 314.8 302.1 291.3 287.9 277.5 266.5 266.5 266.5 266.5 266.5 266.5 266.5 271.2 271.1 271.9 273.3 274.5 275.5 277.2 278.5 283.8 291.8 299.7 302.6 305.3 309.8 315.3 316.9 324.1 333.1 342.9 350.2 363.7 372 383.3 392.8 403 414 421.7 430.6 437.6 448.7 456.9 464.2 473.9 479.5
413.3 407.9 402.9 397.4 394.9 393 392.2 390.2 386 383.9 386 388.3 388.3 392.9 386.6 379.6 383.8 376 374.1 373.9 373.7 369.4 373.9 373.5 377.1 371.8 369.1 357.7 351.6 342 338.2 336.8 319.7 304.5 294.5 286.2 277.2 267.8 266.5 266.5 266.5 266.5 266.5 266.5 271.4 270.1 271.2 273.6 276.1 277.3 280.5 283.5 286.7 289.7 298.7 303.4 309.8 314.5 318.9 324.7 329.7 338.2 351 360.5 366.3 379.6 393.6 399.5 407.1 420.8 428.6 438 446.2 455.9 463.1 471.2 478.2 486.6
405.4 402.5 394.5 392.1 388.8 390.3 390.3 384.9 382.2 385.7 385.6 388.5 390.7 391.6 381.3 376.9 374.6 374.4 371.7 373.3 372.8 380.5 375.3 379.6 373.3 371 364.7 359.6 349.2 345.2 340.5 334.8 322.7 310.7 294.2 287.5 280.9 270.7 266.5 266.5 266.5 266.5 266.5 267.9 269.7 269.5 270.3 274.7 275.7 277.3 284.9 283.6 284.7 287.1 295.1 300.3 313.4 319.9 324 329.3 335.1 343.5 352.9 361.8 375.2 385 393.5 405.7 414 425.3 435.1 443.9 453.1 464.9 470.4 479.4 489.7 497.8
396.4 393.6 386 385.7 386.2 386.9 382.3 379.4 381.8 383.9 386.9 387.5 386.8 380.2 377 373.2 371.2 372.6 370.9 374.5 379 376.5 377.3 375.3 374.2 369.5 365.5 359.7 354 354 344.2 333.7 324.1 311.2 295.1 287.9 281.7 270.9 266.5 266.5 266.5 266.5 266.5 268 268.7 269.8 270.7 272.6 273.6 278.7 285.3 282.7 284.6 287.4 293.5 296.9 307.8 313.9 325.3 337.1 343.4 352.2 357.3 366.8 377.3 388.7 398.1 410.1 417.2 423.2 437.1 447.8 458.8 467.5 476.9 483.1 488.4 493.2
390.2 382.1 383.7 386.3 385 383.4 375.4 377.3 380.5 381.7 380.7 382 380.6 375.4 376.3 367.3 374.4 369.1 374.3 376.7 379.3 376.8 379.3 373.8 371.7 367.9 366.8 360.9 365.9 356.4 344.1 327.3 323.2 309.7 294.8 290.3 279.7 266.5 266.5 266.5 266.5 266.5 266.5 267.2 266.5 271.7 269.7 270.8 275.6 279.2 280.6 282.6 288.8 290.2 293.2 297.4 303.3 314 318.8 332 342.4 353.1 360 372.1 384.1 392.8 403.4 413.1 425.2 435.4 444.2 451.2 459.5 472.1 475.3 479.4 488.7 493.6
384.2 379.5 383.4 383.4 383 380.5 374.2 374.3 377.9 375.2 377.4 379.1 374.1 372.4 367.5 365.8 367.7 373.4 379.7 380.4 383.3 378.9 376.2 373.1 370.1 368.3 361.7 359.7 365.4 352.1 337.1 324.8 321.9 308.6 295.1 289.4 280 266.5 266.5 266.5 266.5 266.5 266.5 266.5 266.5 269.1 269.3 275.3 276.5 278.8 280.9 282.5 286.6 288.8 294.2 299 302.9 314.1 326.5 338 344.6 352.7 361.5 376.8 386.5 396.5 409.5 421.4 429.2 439.1 447.4 453.2 464.7 471.5 477.9 490.8 497.3 503.8
383.2 375.9 377.6 383.3 382 374.6 372.5 371.7 369.3 368.8 374 373.7 368.7 368.6 365.5 364.7 367.3 373.1 380 382.3 383.8 379.8 378.1 373.4 371 367 366.5 359.6 355.2 349.4 341.4 327.4 321.8 308.2 296.3 290 280.3 266.5 266.5 266.5 266.5 266.5 266.5 266.5 266.5 268.5 273.1 273.5 280 283.2 289.4 287.9 288.2 288.1 295.7 301.3 306.2 317.7 329.5 347.4 355.2 363.6 370.7 387.1 399.5 407.6 417.5 429.5 438.3 450.4 456.3 467.1 476 485.4 488.5 495.1 503.7 513.9
376.6 372.8 375.4 382.5 376.5 372.7 369.1 367 363.7 364.1 370.3 367.1 369.4 362.8 364 364.5 369.7 374.1 376.3 379.9 379.7 381.1 376.5 376.2 372.9 373.4 367.1 363.4 361.5 352 345.2 327.3 324.6 309.6 297.4 290.3 278.5 266.5 266.5 266.5 266.5 266.5 266.5 266.5 266.5 270.4 270.6 273.1 280.6 284 289.1 290.2 294 294.9 300.5 305.5 311.2 321.8 336.7 351.4 361.1 374.6 389 398.1 409.3 420.2 429.1 435.6 451.3 462.6 462.9 476.3 484 490.8 495.5 504.1 514.8 519.9
