public/OST50/NH04.asc
ncols 200
nrows 200
xllcorner 200000
yllcorner 840000
cellsize 50
[rows 70 to 104 of 200, columns 78 to 155 of 200]
247.5 270.7 290.4 307.4 320 321.8 318.5 344.6 369.2 393.7 418.8 443 469.7 496.5 525.2 555.7 590.2 619.3 645.7 669.5 688 703.8 717.3 731 741.3 753.9 781.4 801.5 811.5 812.6 808.9 799.5 793.7 793.5 787.5 778.7 772.4 768.8 771.4 771.4 773.4 772.2 769.6 756.6 734.4 704.3 674.2 651.8 636.8 620.1 595.9 574.5 536.7 508 481.2 461.6 448 422.5 418.4 411.9 399.3 385.9 369.9 356 346.6 343.6 347.5 349.8 339.8 334 330.5 327.3 324.2 314.6 309.8 307.9 308.3 307.3
253.6 278.1 297.7 314.1 329.4 337.9 329.6 336.6 361.5 387.2 411 434 459.5 486.8 515.9 546.6 578.1 609.7 638.9 663.7 687.1 707 720.8 736.3 749.9 757.1 782.8 799.9 811.4 818.8 816.3 811.8 802.9 802.3 804.4 798.1 791.7 786.2 779.4 779.9 777.5 781.1 777.6 765.7 746.9 706.3 682.1 657.5 644.2 615.2 600.2 573.8 558 527.4 498.6 475.7 455.1 441.2 434.6 420.7 407.8 392.3 378.4 368.3 360.6 358.8 359.2 355.6 346.8 341.9 339.6 332.7 328.9 326.1 323.6 324.7 322.7 321.8
259.5 281.8 302.6 320.3 336.6 347.8 352.9 344.9 355 377 402.7 426.6 447.3 473.2 505.1 534.3 564 593.4 620.3 646.9 673.6 693 712.3 730.2 748.2 761.9 777.2 796.3 806.4 812.9 814.9 813.4 810.8 813.5 807.5 803.6 800.5 801.4 799 791.8 792.9 790.3 779 761.8 727.6 694.3 674.5 660.6 641.3 615.6 597.4 577.3 562.5 541.7 505.7 491.9 472.7 461.6 451.8 438 422.7 406.2 397.4 386 381.8 376.9 368.8 363.2 359.2 353.2 344.8 343.4 335.5 334.4 334.1 335.2 332.2 330.6
260.6 286 307.2 327.4 343.5 358.6 366.9 368.1 360.8 367.9 392 416.7 438.2 461.4 489.2 517.3 544.7 572.1 597.6 621.8 646.7 667.9 689.7 710.7 735.1 753.7 773.6 781.5 795 805 807.8 808.7 807.1 810.5 810.2 805.4 802.9 803.6 802.3 803.7 802.7 797.5 790.5 747.8 712.2 683.6 666.7 659.9 635.7 617.8 603 581.4 562.9 556.3 529.1 513.6 497 491.4 483.3 469.2 447.1 433.9 420 408.6 401.7 389.3 383.2 378.9 372.2 367.9 359.6 352 346.9 344 344.3 343 343.1 341.1
257.3 288.6 305.6 332.1 350.7 364.3 376.6 385.4 385 378 381.8 402.5 425.7 448.8 470.3 497 523.7 549.6 574.3 598 620.8 641.4 662.5 684.5 708.8 730.3 752.8 769.8 778.7 790.3 798.3 800.3 800.5 803 804.9 803.7 802.2 801.9 801.8 805.4 806.3 804.8 789.7 746.7 712 683.3 665.4 654.1 637.5 615.4 603.1 588.8 572.5 565 561 552.4 546 528.5 515.7 491.3 473.9 458.5 440.7 425.5 416.9 405.8 410.9 405.4 398.7 388 380.1 371.7 364.2 357.8 356.6 356.1 351 347.8
266.2 300.1 315.4 337.1 358 369.7 384.9 394.8 403.5 405.6 401.1 401.2 406.9 431.8 455.9 478 501 524.9 549.6 571.8 595.4 617.4 639.3 660.9 681.8 703.7 730.6 755.2 767.3 775.2 783.5 790.2 791.9 794.6 797.6 797.8 801.4 800.4 799.8 804.4 804.9 804.9 795.2 755.5 717.7 689.5 668.7 653 647.1 638 621.8 606.3 597.9 593 591.9 592.9 589.1 566.7 551.6 522.1 504.8 488.6 470 443.2 433.5 429.6 429.7 425.8 415.2 407 398.9 392.6 388.1 377.4 369.1 366.3 358.1 355
288.7 299.1 320.7 342.5 361 373.4 386.9 398.7 408.8 419.4 424.6 426.4 420.9 421.9 438.9 461.4 482.3 505.4 527 545.9 568.6 591.3 613.7 634.5 655.7 680.5 712.1 744.6 757.9 766 772 779 784 786.3 790.9 793.7 795.4 797.4 797 803.3 799.5 799.2 795 766.9 733.9 706.5 682.4 659.6 643.9 638.8 635 626.9 619.4 621.7 614.7 608.5 590 572.9 558.6 537.7 525.7 510.2 492.3 467.1 467.5 461 452.1 439.2 427.8 420.6 411.5 399.7 395 386.6 376.4 368.2 364.8 358.9
310.1 321.7 315.7 343.7 359.2 376.2 390.1 401.8 414.2 424.8 434.4 444.1 448.3 453.7 448.1 448.2 463.4 486.9 505.9 527.3 547.2 569.3 588 610.7 632.8 661.6 699.2 734.3 750.7 761.4 767.7 772.8 775.6 779.5 783.8 787.2 788.6 792.9 792.4 795.7 795 795 789.7 772.2 740.2 713.1 685 670.7 658.4 644.3 635.4 631.5 627.1 619.4 612.6 599.1 578.6 563.2 547.9 532.2 518.5 505 488.4 478.3 470.9 462.3 452.8 445.3 433.7 421 412.7 400.9 395 385.5 377.7 373.9 368.6 364
322.5 333.3 341.2 334.8 356.6 377.9 389.2 404.2 417.3 426.6 439 448.6 463.6 475.1 477.1 483.3 488.8 496.3 503.5 512.9 524.2 545.8 563.9 587.2 618.2 656.9 688.8 725 743.4 756.8 764.4 769.9 773.2 775.8 777.3 778.2 780.8 784.2 788.7 789.7 788.4 787.8 785.1 770 746.9 715.5 689.7 677.4 664.6 647.5 638.1 633.6 623.1 611.2 600.4 584.6 568.4 551.9 534.8 520 508.6 497.7 483.5 473.3 463.8 456.1 445.3 435.8 425.8 418.5 410.3 399 393.6 387.1 380.8 375.6 370.1 354.7
333.9 345.6 356.3 360.1 355.9 368.6 385.4 402.9 416.8 428 441.6 452.9 465.9 480.8 495.1 505.9 514 520.1 532.2 543.4 555.6 571.7 586.3 601.7 632.3 669.9 711.7 737 750.1 757.1 765.2 769 772.3 773.8 773.2 773.2 780.5 785.4 792.3 783.7 786.9 785.1 778.8 769.4 752 727.8 699.8 683.5 664.1 647.2 636.8 628.4 613.2 600.7 587.4 572.1 556.2 542.7 525.3 512.2 501.2 489.2 476.3 464.8 454.7 447 437.3 427.3 419.2 411.8 403.5 399.1 391.1 385.5 375.9 361.6 374.3 382.8
344.1 355.1 368.3 376.4 380.8 376.1 378.4 397.4 412.9 429.4 442.5 456.2 467.7 481.8 497.9 513.7 529.9 545.4 558.5 570.5 582.2 594.9 610.9 627.2 645 674 705.1 734.8 753.9 762.8 766.3 769.4 771.3 773.4 773.2 773.2 781.6 787.6 788.8 782.9 782 776.4 769.5 758.2 749.3 731.6 707.4 683.2 663 643.9 629.2 616.2 604.6 589.7 573.9 558.9 542.8 533.7 515.8 503.6 494.4 482.5 467.9 454 445.1 436.8 428.2 419.7 411 404.1 400.5 397 387 379.3 383 386.8 390.9 397.9
355.9 364.6 376.5 389.3 393.9 399.4 398.7 392.6 408 425.5 443.8 459.2 472.2 484.5 499.8 517 535.4 550.9 566.9 584.5 605.2 620.4 635.5 654.4 674.6 704.2 726.8 750 764.8 771.6 770 775 770.9 774 773.2 774.8 773.2 775.2 777.4 761.6 752.2 757.3 751.1 741.7 727.2 708.1 687.2 666.2 642.7 633.6 619.2 604.9 590.1 569.7 559.2 544.1 528.8 515.6 504.8 495.2 485.2 472.2 459.7 446.7 434.6 424.8 418.6 412.5 406.7 401.7 388.9 384.7 386.1 388.2 392 398.8 403 407.1
365.4 376.7 387.8 398.9 405.9 412.3 416.1 417.8 412.9 415.9 440.1 455 474.2 489 500.8 516.2 533.3 552.6 572.6 593.8 618.3 642.4 663.3 686 718.1 735.9 758.5 776 782.5 782.9 783.9 782.5 781.5 781.4 781.9 779.6 776.9 778.2 768.9 741.8 714.9 719.9 716.4 716.4 703.4 682.5 659.3 640.9 628.3 614.2 598.7 582.4 569.5 556.5 540.8 528.3 516.3 504.8 493.7 484.6 475.2 463.5 450.9 435.2 426.2 417.9 412.1 406 404.7 398.9 390.8 393.8 393.8 396.2 402.4 409.5 413.8 415.6
372.8 387.2 399.9 406.4 413.9 421 431.5 437.1 438.9 446.4 448.7 453.2 470.2 486.4 501.7 516.2 531.1 554.6 575.9 598.5 624.8 648.7 676.6 701.1 741.3 764.5 782.8 793.5 794.5 791 791.7 791.1 790.3 786.7 787.7 782.8 796.2 790.6 750 711.8 686.1 671.4 667.2 672.2 666.2 652.8 636.6 624.7 608.7 598.8 590.2 563.9 544.7 533.4 523.2 516.4 504.4 494.8 483.7 474.1 465.9 453.2 440.1 430 419.4 413 409.8 405.3 402.1 393.7 397.8 400.8 403.9 408.4 415.7 418.2 424.1 426.2
379.3 393.3 407.2 417.1 421.4 432 443.4 450.9 458.7 468.4 470.4 465.6 468.9 488.5 503.2 515.6 528.7 548.6 575.2 599.1 625.5 649.4 678.2 709 743.8 775.4 794.1 803 804.2 804.1 802.1 800.6 797.1 793.4 791.1 799.3 803.2 784.5 742.2 704.5 680.4 659.2 641.7 637.8 640.8 632.1 624.5 609.7 596.1 587.6 566.4 550.5 536.8 518.2 509.7 504.1 493.6 484 474.6 466.7 455.6 444.2 432.9 423.4 417.3 406.8 400.9 400 400.9 404.3 405.8 409.8 414.3 418.9 424.4 426.9 430.8 430.3
385.6 398.7 414.3 424.2 432.7 441.1 452.8 465.5 474.4 481.3 486 489.8 484.3 481.9 503.8 521 532.7 543.7 569.1 597.5 624 648.9 678 708 740.4 776.5 800.5 812.8 816.3 813.1 813.8 805.6 805.3 798.4 801.6 812 804.2 780 739.5 695.4 667.2 653.7 632 624.8 621.9 618.3 611.5 603.1 588 575.5 549.8 539.1 526.5 504.6 497.8 491.3 483.3 475.5 467 458.3 447.3 436.9 426.3 419.6 410.3 411.3 412.2 410.8 411.4 409.8 416 419.6 427.6 427.4 432.2 435.7 440.6 441.5
384.4 402.8 418.8 431.1 443.2 453.6 462.6 473.2 488.6 496 499.7 504.1 506.7 504.9 504.1 520.5 532.7 544.7 559.4 586.2 615.1 642.3 669.5 697.9 728.2 765.4 799.4 816.9 822.8 823 819.8 818.7 815.2 810.5 817 818.8 807.7 784.8 738.4 690.4 661 643.7 629.7 621.2 614.3 608.5 592.4 573.1 560.9 548.1 529.8 517.3 506.9 495.4 486.3 478.5 473.6 466.5 458.4 450.3 441.8 431.5 423 414.5 420.7 419.9 418.3 417.9 420.2 420.5 430.2 430.3 432.8 433.9 440 444.1 451.8 455.7
403.8 408.2 424.3 439.1 452.9 464.8 475.3 485.8 498.7 512 515.1 518.4 521.9 521.9 519.4 519.2 531.9 546.4 559.8 579.3 610.2 639.3 664.4 693.4 726 761.4 796.3 817.5 825.3 825.1 826.5 830.7 824.5 821 828.4 823.7 814.1 772 736 703.5 674.9 650.4 632.7 621.6 606.6 602.9 587.8 567.9 537 522.3 510.4 498.5 491.3 485.2 480 472.4 462.9 457.3 450.8 440 435.3 421.1 423.2 424.5 426.8 426.9 422.7 430.2 432.2 438.6 442 444.5 443.1 443 452 453.3 460.8 467.8
419.9 427.2 433 448.5 463.2 476.7 488.9 498.1 508.2 522.2 531.5 536.9 535.3 533.8 529.4 529.6 536.1 548.2 556.3 574.8 604.5 635.7 662.4 695.7 739 773.3 802.4 816.2 822.1 825.3 830.6 835.3 830.6 829.4 833.4 827.8 819.5 772.4 741.8 705.2 680.1 667.8 649.3 620.1 610.2 590.4 580.2 561.1 532.4 507.3 496 485.8 483.8 478.4 472.8 465 460.1 450.7 434.3 433.2 433.2 430.2 430.7 434.2 431.1 433.2 435.5 441.7 447.3 454 455 455.7 453.6 452.3 458.3 461.7 470.2 477.3
445.7 442.2 450.9 460.1 472.1 490.1 500.3 511.6 520.9 536.6 548.1 554 552.5 549.6 538.6 539.7 541.2 550.7 562.3 573.9 598.4 631.8 662.9 704.1 743.8 778 809 822.8 822.6 832.6 841.6 840.3 840.1 837.6 837.2 833.1 824 781.8 745.9 706.7 689.6 678.4 665 629 606.8 577.2 563.8 555.2 521.6 496.9 486.9 479.3 475.6 471.7 465.5 459.7 446.3 438.6 442 443.6 441.2 441.4 442.3 441.1 442.2 447.6 450.4 460.3 464.2 467.1 467 466.1 464.9 463.3 472.9 474.1 482.1 486.8
479 463.9 467.7 473.2 484.4 501.9 515.4 526.4 537.8 553.9 562.6 575.5 572 564 553.4 554.7 554.4 556.6 567 578.6 597 631.3 663.2 702.5 748.6 784.9 813 826.9 828.4 840.9 850.5 854.7 852.8 851.5 852.7 835.6 823.3 787.6 747.7 713.6 699.1 688.1 658.7 632.3 607.7 572.7 539.8 518.9 502 489.8 477.4 476.3 470.3 466.5 463.3 446.3 452.2 450.1 450.5 452.9 451.6 453.5 455.1 455.7 458.1 464 467.7 474.6 481.2 479.3 482 483.6 475.9 483.4 484.9 487.2 491.1 495.5
496.3 485.9 483.8 490.2 501.9 517.7 531.4 542.8 554.5 572 585.6 591.2 592 584.9 576.7 575.1 569.4 566.1 575.1 586.3 600.3 630.3 664.4 700.1 742.6 787.1 814.5 826.6 837.3 849.6 854.3 861.1 860.1 857.4 850.9 841.3 820.9 775.5 748.1 720.7 700.6 684.8 650.5 618 583.9 553.3 528.1 514.6 495.7 483.7 476.2 467.6 464.8 464.3 453.4 457.1 457.5 456.7 458.3 459.5 462.4 465.7 469.2 473.2 475.9 480.6 486.4 498.9 498.8 494.8 499.2 497.6 489.7 494.4 495.1 494.8 500.6 505.6
502.9 501.3 502.3 507.4 522.7 538.3 550.1 560.8 573.5 590.4 602.7 611.1 613.2 605.1 594.8 583.2 583.4 578.6 582.1 589.9 603.6 627 663.9 698.8 740.3 771.7 806.9 824.5 841.8 852.8 855.4 859.8 860.1 851.8 845.6 839.2 815 779.7 746.9 722.1 702.2 685.1 655.3 618.9 592.7 553.2 521.1 505.9 492.9 483.4 474.9 470.1 467.4 454.7 462.4 460.9 462.4 465.2 465.7 471 476.5 481.7 487 491.8 498.1 503.5 513.2 519.4 519.5 521.1 526.4 519.7 510 507.5 508.1 515.1 518.4 523.4
513.2 520.3 522.1 530.1 547.4 562.9 572.2 583.3 598.1 612.6 624.5 635.8 639.4 628.4 610.1 592.8 592.7 588.3 588.4 595 606.8 633.2 672.3 716.3 765.7 800.1 817.9 833.6 845.9 851 846.3 840.9 834.7 832.7 827.8 821.4 803.5 781.6 752.9 718.4 699.3 683.7 666.4 630.4 590.5 558.6 530 513.1 496.4 485.7 477.6 471 468.5 468.4 468.5 467.2 470.4 473.1 477.7 484.6 492.7 500 508.9 517.3 526.1 537 543.6 548.2 561.2 567.1 560.7 549.5 539.8 536.3 537.1 539.2 539.5 539.2
527.4 537.9 547.9 560.2 576.7 586.6 597.3 609.8 624.6 637.9 651.5 668.4 673.4 655.9 632.8 612.2 601.4 596.2 595.4 599.3 617.7 647.7 684 730 772.8 799.8 823.4 836 844.7 841.4 840.5 818 796.9 798.5 800.1 793.9 782.4 769.6 747.9 715.8 688.4 666.8 650.3 620.6 598.4 568.7 537.1 515 500.8 491 471.1 478.2 477.4 475.1 478.1 479.5 487.1 488.2 494 504.2 511.5 520.7 536.5 545.8 559.4 569.2 576 589 600.6 607.7 596.6 587.1 586.3 577 567.5 556 551.5 549.4
555.2 561.2 570.7 587.8 604.5 615.6 627.6 638.4 650.8 665.6 685.5 701.3 720.3 698.9 671.8 639 629.1 615 602.9 609.4 630.8 657.7 689.7 739.5 786.3 804.9 825.2 832.9 831.9 824 811.2 799.4 770.9 763 757.7 754.3 754.8 745.4 728.3 706.5 678 662.3 638 620.9 596.2 579.4 541.5 518.4 503.9 498.7 486.4 485.4 485.1 488.4 492 497.1 499 505.2 514.1 527.6 541.9 556.2 567.5 583.1 595.9 607.7 619.3 629.5 638.5 645.1 650 651.8 629.4 608.3 583.7 567.1 558.7 557
585.2 587.6 597.5 616.8 632.8 644.5 656.8 666.4 677.1 694.3 717.7 753.5 770.3 733.3 702.1 669.6 645.7 630.8 629.2 638.2 649.8 667.8 717.6 774.2 798.4 794.9 803.1 810.1 807.4 803.1 784.3 769.5 756.3 746.2 736.7 722.5 715.9 718 701.4 686.1 665.5 650.4 630 611.9 587.3 560.6 538.4 524 515.1 499.8 497.5 497.4 497.8 501.7 506.8 511.1 519.1 528.8 543.8 557.7 574.1 588.9 601.9 612 629.8 646.7 663.3 678.4 703.7 710.7 727.7 697.6 667.8 632.9 603 580 567.1 560.8
610.4 617.6 629.6 650.4 661.6 674 684.8 693.1 705.9 726.6 768.3 794.4 785.4 755.7 723.5 689.6 663.4 659.1 663.7 667.8 678.7 727.1 774 785.5 798 786.1 779.1 771.9 770.1 769.2 758.1 739.7 722.4 714.2 705.3 702.2 690 676.7 675.1 663.9 652 635.6 621.1 598.7 579.8 558.7 543.5 531.3 512.2 511.2 513.3 510.6 511.5 519 526.9 534.7 545.4 555.3 576 594.2 608.3 618.4 635.1 650 666.1 687.6 720.6 743.7 744.8 758.3 759.2 728.5 691.6 659.8 633.1 606.5 589.4 576.6
642.1 653.7 673.9 686 697.6 710.2 724.7 729.3 742.3 763.8 777.7 785.5 785 769.8 741.5 711.1 691.3 685.6 695.2 706.6 725.6 759.7 779.7 786.4 783.4 774 756.4 743.7 730.2 723.2 723.7 702.8 692 678.1 669.5 664.2 664.1 655.9 645.3 639.6 631.7 623.3 607.6 590.5 576.8 561.8 548.4 531.1 528.7 527 526.6 525.8 538.8 542.6 550.8 564 580.6 592.8 606 626.2 643.9 662.5 677.2 688.7 707.3 742.9 770.6 788.5 801.2 819.2 793 742.1 710.9 686.6 659.4 634 617.6 602
706.5 710.8 719.8 729.5 745.6 765.4 779.8 782.8 783.4 780.9 782.1 783.5 778.9 772.3 761.3 743 726.6 723.8 746.7 757.8 770.9 775.4 766.8 756.3 746 736.9 731.7 716.8 701.7 685.9 673.6 665.7 658.2 648.9 640.3 635.2 633 630.1 624.1 620.2 616.3 608.7 599.3 586.2 575.4 563.1 544.5 547.3 542.5 544.8 547.2 550.3 563.4 571.7 575.1 590.7 606.9 623.4 636.1 652.7 674.6 696.8 714 744.8 761.5 787 808.9 825 840.3 833 795.9 776.2 756.7 727.8 710.3 693 689.3 666.4
767.9 766.4 765.5 764.9 763.4 757.6 771.4 783.3 783.2 777.1 775 775.2 772.4 762.8 753.4 744.9 748.4 754.7 761.1 763.1 757 746.2 735.6 724.7 714.1 704.6 697.4 684.6 677.8 666.5 645.6 631.8 625.8 615.6 614.3 609.3 609.3 609.7 607.6 606.3 604.5 601.5 594.8 587.3 574.6 566.8 568.9 570.2 570.7 575.8 573.3 583.6 586.3 590.2 603 617.3 635.6 649.3 661.5 687.9 715.1 743.6 763.5 793 808.8 827.9 842.5 859.6 866.1 831.3 810.4 791 773.5 753.9 734.1 715.4 700.5 692.4
788 773.8 763.3 754.9 746.2 737.5 739.8 751.9 763.5 763.9 758.5 755.5 749.4 744.5 739.4 734.5 730.6 724.8 728.7 731.2 724.5 715 704.7 692 678.9 673.5 662.5 653.7 646.7 636.8 621 609.9 601.6 596.4 591.4 591 592.9 595.6 596.7 596.6 597.9 597.2 595.4 590.7 579.3 591 587.5 592.3 597 596 602.8 608.6 616.8 629.1 642.3 663 673.2 688.7 701.4 725.8 749.9 786.6 806.8 829.7 843.8 857.2 870.8 881.8 857.8 828.2 812.2 795.3 773.7 751.1 733.6 718.6 704.3 693.2
774 762.2 750.4 740.5 732 726.8 716 712.4 726.4 735.9 734.8 727.9 722.8 715.4 709.6 705.1 701.9 698.2 692.8 693.7 687.2 677.1 662.7 651.7 648.4 640 630.2 619.8 616 604.7 592.1 589 583 578.3 575.1 578.6 581.6 585.3 588.4 591.8 594.9 598.7 597.9 596.9 600.8 614.4 622.3 618.8 620.1 624.3 630.2 643.4 658 670.8 687.3 711 726.7 730.4 735.3 763.1 802.4 817.1 839.3 856.9 868.7 882.9 893.4 893.4 861.1 837.4 818.5 797.7 777.7 751 731.2 720.7 715.7 697.7
749.3 742.8 733.1 725.3 715.4 705.7 697.9 691.7 686.8 698.1 705.7 699.9 695.2 693.7 691.1 692 680.1 676.7 670.8 662.4 652.9 640.2 627.7 615.2 608.3 605.1 597.5 587.9 576.8 577.3 569.9 567.1 566.7 565.2 567.6 569.8 573.5 579.4 584.3 592.3 596.6 605.6 607 606.7 616.8 636 635.9 636.4 642.7 644.5 658.2 672.5 685.1 703.4 724.9 751.9 763.1 774.4 780.6 805.4 826.2 847.4 863.6 879.4 893.2 906 922.3 919 874.7 843.2 823.6 803.9 787.6 769 751.4 760.6 748.6 735.7
714.3 713.4 708.8 700.1 693.2 688 682.8 678.9 669.9 665.8 671.8 671.1 666.4 666.1 665.9 666.6 661.5 653.4 644.8 632.8 621.9 609.7 596.4 583.2 578 570.2 570.1 564.6 555.6 554.4 552.9 556.1 559.1 559.5 563 565.8 571.1 583.5 587.5 594.7 604.7 611.6 615.5 609.9 626.1 640.4 637.3 642.2 646.2 650.8 666.7 689 712.7 735.7 758.4 774.7 798.4 809.2 821.6 839 856.4 871.5 884.4 901.5 915.3 929.6 946.5 953.2 911.6 871.9 856.4 834.2 822.3 809.6 804.3 793.5 784.9 777.5
