public/OST50/NH05.asc
ncols 200
nrows 200
xllcorner 200000
yllcorner 850000
cellsize 50
[rows 70 to 104 of 200, columns 79 to 157 of 200]
320.7 319.7 313.6 308 302.1 296.3 290.5 284.4 278.3 272.3 266.3 260.3 254.4 248.5 243.6 232.4 229 229.3 227.4 224.3 224.3 224.3 224.3 224.7 227.1 228.6 229.9 231.5 234.6 240.6 243.3 245.7 246.5 247.8 253.8 264.5 274.6 280.5 279.3 280.1 275.9 270.1 274.6 279.7 283.5 286.8 289.1 293.7 303.2 307.1 311.4 318.6 326.2 330.8 332.6 333 331 327.8 330.5 339.2 346.4 348.5 349.3 349.1 345.4 338.3 329.6 321.1 314.9 310 303.3 298.3 294 288.1 281.1 272.5 265.5 258 249.3
316.7 313.4 307.3 302.5 297.6 292 287.1 281.5 274.9 268.8 263.2 257.5 251.8 246.1 241.6 229.5 228.5 228 227.7 224.3 224.3 224.3 224.3 224.3 224.3 228.1 230.4 232.8 236.5 242.3 244.1 247.4 248.6 249.3 255.2 263.2 269.5 275.2 275.6 277.7 277.7 274.6 278.3 283.4 289.9 292.2 295.7 302 311.1 316.5 319.6 325.4 332.4 338.7 340.4 339.7 338.6 337.6 344.8 350.4 355.7 357.9 359.6 358.6 353.9 346 337.4 331.1 325.1 316.2 308.6 304.1 298.5 292.5 286.7 277.3 270.2 263.8 255.9
312.2 308.5 301.3 296.3 291.3 286.3 283.2 277.6 271.2 265.6 260.1 254.7 248.8 242.5 236.6 228.5 228.2 227.8 226.6 224.3 224.3 224.3 224.3 224.3 224.3 227.5 229.3 233.9 238.2 248.4 245 249 250 251.1 256.4 262.4 266.7 274.5 273.1 276.4 278.7 280.1 283.7 290.1 293.3 297.1 302.1 309.6 316.8 322.7 326.1 331.3 337.8 342.3 345.4 345.4 345.6 349.1 355.6 360.6 363.4 365.9 367.2 365.7 361.1 353.4 345.1 339.4 330.7 322.1 315.3 309.8 303.4 297.1 291 283.4 276.8 270.6 264
308.5 301.7 295.6 290.8 286.2 281.6 275.3 271.8 266.6 262.6 257.8 252.3 246.9 239.6 232.2 228.9 228.2 227.1 225.9 225.8 224.3 224.3 224.3 224.3 224.3 227.5 231.9 235.4 242.8 248.6 249.7 250 253.9 253 257.6 261.7 265.4 271.9 276.4 279.7 282 285.9 288.9 293.8 297.6 301.1 307.4 314.9 321 326.6 331.1 336.2 341.6 346.2 349.6 353.2 353.8 357.2 362.7 366.4 369 370.6 371.9 370.4 365.6 359.5 352.2 345.7 337.2 329 323.5 317.5 310.6 303.6 296.9 290.3 283.7 279.5 273.3
301.1 293 289.5 285.5 280.9 276.3 271.1 267.1 262.8 260.1 255.9 250.5 244.6 237.1 231.1 227.5 226.2 226.5 226.6 227.3 225.6 225 226.1 228.2 230.1 231.3 235.1 241.5 247.6 250.8 252.2 253.8 253.9 254.9 259 261.5 264.8 270.4 276.3 283.3 286 290.5 294.6 298.7 301.9 304.5 308.9 317.5 324.5 330.8 335.8 338.9 343.8 347.9 353.7 358.8 362.1 364.1 367.5 370.3 372.9 374.5 376.2 375.2 369.5 364.1 357.2 350.7 342.7 335.7 329.2 323.2 316.6 309.7 303.4 296.6 291 286.8 278.7
292.1 287.3 283.3 279.6 275.6 270.5 266.9 263.1 257.9 255.2 251.6 245.5 239.6 233.7 229.7 224.9 223.1 225.9 227.6 228.7 229.3 227.3 228.7 231.3 235.2 234.3 237.5 245.9 253.8 254.7 256.6 257.3 261.4 261.7 258.7 262.3 267.2 272 278.3 288.5 289.6 293.5 299.8 304.3 307.7 310.4 314.8 322.4 328.8 335.2 338 340.4 343.9 350.5 357.6 364.2 367.2 369.5 372.3 374.4 376.7 378.3 379.9 378.4 373.3 368 362.1 355.5 348.2 341.5 334.9 328.6 322.7 316.3 309.8 303 298.1 292.8 281.9
285.5 282.6 276.8 273.3 269.7 266.3 262.7 259.1 253.5 249.4 245.7 240.3 235.3 230.6 227.2 223.1 223.1 226 227.9 229.7 231.1 232.8 233.3 233.4 238.4 237.5 239 246.1 253.7 258.1 261.7 264.5 265.5 267.4 269.7 269.9 267.6 273.6 279.8 287.9 292 297.5 303.9 309.1 313 317.7 321.3 327.4 333.4 337.6 338.3 341.2 347 353.2 360.9 368.4 372.2 374.4 376.7 378.8 380.2 381.8 383.3 380.5 375.4 370.4 365.5 359.3 352.6 346.3 340 333.6 327.5 322.1 315.6 308.9 303.8 298.3 290.6
279.8 277.1 271.9 266.9 263.3 259.8 256.4 252.6 247.9 243.4 240.2 235.7 231.8 229.5 223.1 223.1 223.1 224.4 228 230.4 232.5 236.5 234.7 234.9 241.1 243.2 245.5 247.7 254.9 259.5 264.4 268.6 274.2 280.3 279.4 277.7 268.5 278 284.2 289.8 294.8 301.5 307.9 313.2 318.4 321.5 325.2 330.4 334.2 338.1 340.4 340.6 350.6 357.5 364.9 372.5 376.5 378.6 380.9 382.9 382.4 383.7 385.2 382.5 377.5 372.5 367.9 362.3 355.8 350 344.2 337.8 331 324.3 319.3 314.1 309.6 304.1 297.4
272.8 272.7 267.4 261.8 257.5 253 248.9 245.7 242.6 239.1 235.4 230.2 227.4 227.1 223.1 223.1 223.1 223.1 227.8 231.3 234.3 240.4 237.8 237 245.4 247.9 250.7 255.6 254.5 259.4 266.7 272.5 284.4 291.5 290.8 285.2 277.1 279.3 287.2 292.8 298.1 304.5 310.8 317.5 328.2 325.9 329.7 332.2 334.6 340.9 344 342 351.7 360.7 368.6 377.6 380.9 381.5 385 386.6 386 385.7 386.8 383.6 379.6 374.6 370.2 365.3 359.4 353.6 347.8 342 334.8 329 324.5 320.5 316.4 311 312.2
265.5 263.8 262.3 257 251.8 248.2 244.2 240.5 238.1 236.7 231.7 226.8 223.1 223.1 223.1 223.1 223.1 229.4 231 233.3 238.3 241.8 242.6 238.5 245.9 251.8 255.8 258.2 259.4 265.8 270.5 277 289.8 296.4 294.6 289.7 282.1 279.8 289.5 294.9 300.3 305.7 312 321.7 328.6 330.2 331.1 333.1 336.1 342.6 344.1 351.2 357.3 363.2 371.9 379.1 383.4 384.5 388.3 390 389.5 389 387.8 384.6 381.4 376.9 372.4 367.8 363.1 357.3 351.6 346 340 335.5 331.2 327.1 322.5 317.7 318.3
258.4 256.4 257.3 253.8 247.1 243.8 241.1 236.4 236.5 233 225.7 223.1 223.1 223.1 223.1 223.1 225.5 232.3 235.6 237.5 240.2 243.8 247.6 245 250.4 253.9 260 261.9 265.2 270.6 273 283.3 297.4 299.7 297.6 293.9 286.6 282.9 289.8 299.4 303.2 307.7 311.3 322 330.4 332.4 333.2 335.1 340.2 345 350.6 356.8 358.7 366.9 374.1 379.9 386.3 388.6 391.6 392.7 392 390.4 388.5 385.4 382.3 379 374.3 369.6 365 360.4 355.1 349.5 343.9 340 335.4 331.3 327 324.3 324.6
251.7 250.2 250 252.5 244.5 238.2 238.8 234.4 234.6 231.3 223.1 223.1 223.1 223.1 223.1 227.6 230.8 236.3 239.9 241.7 243.9 246.7 250 251.6 254.1 257.1 259.9 264.4 267.5 273 278 288.1 294 299.8 299.8 296.7 293.7 292 293.8 302 306.2 309 314.3 323.1 330.3 335 335.6 337.8 346.5 351 355.1 357 362 372.2 377.8 383.6 388.5 392.7 394.5 394.3 392.4 390.6 388.7 386.3 383.8 381.2 376.4 371.6 366.9 362.6 358 352.9 348.4 343.9 340.1 336.2 331.4 333.6 332.1
247.8 247 244.8 242.2 242.1 233.6 235.5 233.9 223.5 226.9 227.5 223.1 223.1 223.1 224.3 230.4 233.3 237.3 241.6 243.5 245.9 249 252.6 254.4 255.2 257.8 261.1 266.2 272.5 277.2 283.2 291.6 298 306.2 300.7 296.6 299.2 299.7 300.1 299.3 307.3 310.7 314.8 323.7 331.1 338.5 342.1 345.5 348.7 355 359.4 361.8 367.4 373.5 380.3 386.5 391.2 395.3 397.7 396.2 394.4 392.5 390.4 388 385.2 382.7 378.6 373.8 369.3 365 360.7 356.7 352.5 348.5 344.7 342.5 335.9 339.9 337.9
245.8 245.1 244.4 241 239 232.9 230.2 231.4 223.1 224.7 231.2 223.1 223.1 227.4 228.1 231.1 235.4 238.7 242.5 245 247.5 250.6 253.6 257.1 262 266.9 266.9 269.3 277.6 282.7 290.6 295.1 298.6 301.9 301.3 299.9 303.5 305.4 305 300.3 308.2 314 318.6 324.2 333.3 342.1 343 345 349.5 357.7 362.3 366.3 370.3 374.4 380.7 387.5 394.1 397.1 398.2 397.3 396.5 394.4 392.2 390 387 384.1 380.8 376.1 371.8 367.8 363.9 360.2 356.6 352.9 349.9 347.1 345.8 345.8 342.6
242.7 242 241.5 240.4 235.8 230.8 228.2 225.4 223.1 223.1 223.5 223.2 224.2 230 232.3 234.3 237.8 242.2 245.1 247.1 249.1 251.9 254.9 258.7 267.7 272.2 272.1 272.8 279.3 286.2 292.4 296.4 299.8 301 301.8 302.4 304.7 312.4 309.8 305.7 311 315.7 321.4 327.8 333.8 342.1 342.4 344.5 349 358 363.4 369.3 372.4 375.5 381.2 386.3 394.1 397.6 400.2 399.2 397.7 395.8 393.9 391.7 389 386 383.1 378.8 374.9 371 367.1 363.4 359.8 356.3 354.3 350.3 352.9 350.8 347
239.5 238.8 238.4 237.4 235.2 230.5 226.7 224.4 226.8 224.7 226.1 228.9 229.9 231.6 234.6 237.6 242.1 245.4 248.1 249.1 251 253.4 256.1 262.4 271.1 276.7 277.8 278.6 284 290.8 295.9 299.7 304.4 304.4 303.7 304.9 308.2 319.4 315.2 310.9 310.5 314.7 322.5 329.8 335.7 340 342.7 345.4 350.2 356.8 364.2 370.7 374.9 378 381.9 387.7 392.9 397.5 399.9 403.1 398.7 396.9 395.1 393.3 391 388.3 385.4 382 378 374.1 370.3 366.7 363.2 359.8 358.2 356.2 356 354.7 351.4
235.8 235.6 235.4 235.7 233.5 231.1 227.4 226.5 227.9 227 229.2 230.8 231.1 233.1 235.4 240.3 247.7 250.4 251.2 252.6 252.9 255 259.1 266.6 274.9 279.9 282 283.1 289.2 295.5 300.1 306.8 310.1 309.1 309.5 311.2 312.6 320.1 318.9 316.7 314.3 316.7 317.9 328.8 335.3 339 342.4 346.4 352.4 358.9 365.3 373 377.4 379.1 383.5 388.9 393.6 397.8 400 400.7 399.6 398 396.4 394.8 393.9 391.3 388.1 384.6 381.2 377.3 373.6 370.1 366.7 363.6 362 360.2 359.7 358.5 354.4
232.7 234.1 234.1 234.1 234.2 231.7 228 226.7 227.9 229.8 231.4 232.9 232.9 234.8 238.2 240.6 252 253.5 253.8 256 256 256.3 261.1 269.9 277.7 283.5 285.9 286.1 291.8 298 304.9 309 310.8 310.7 319.2 317.6 318.7 321.4 323.4 320.6 317.9 320.3 329 329.5 333.6 339.5 343.8 350.4 355.1 360 366.5 373.8 375.4 377 384.6 389.7 394.4 398.2 400.8 400.8 400.9 399.8 398.3 397.1 396.2 394.1 390.7 387.3 383.9 380.4 376.9 373.6 370.2 367.4 365.7 363.6 362.4 362.1 361.8
232.4 235.2 234.5 233.8 232.2 229.9 231.8 230.4 229.9 233.3 234 235.4 235.8 235.7 240.1 245.1 250.9 254.4 255 257.8 258.4 259.3 261.4 270.7 280.9 287.1 285.7 287.2 294.1 300 308.5 309.4 311.5 314.3 319.8 322.7 322.5 322.1 327.7 326 322.1 322.9 330.7 335.5 339.9 343.8 348.4 353.1 356.6 360.2 365.8 372.2 376.8 378.1 384.2 390.1 394.9 399.5 401.3 401.1 401.4 401 400.2 399 397.8 396 392.6 389.1 385.5 382.2 379.2 376.3 373.3 371 368.9 366.9 366.6 366.2 366.2
233 235.1 234.8 234.4 232.4 233.7 234.4 234.4 233.8 235.1 236.7 238.3 240 239.3 242.9 249.7 253.7 254.3 256.2 259.4 260.6 261.9 264.5 274.8 284.9 287.4 286.4 288.5 294.6 299 303.7 308.8 314.9 321.3 322.5 326.3 325.8 323.8 331.3 332.6 328.5 325.6 333.4 338.5 343.2 348.2 352 354.6 358.6 363.4 366.2 372.5 376.8 379.1 383.9 389.4 394.3 399.3 401.4 401.6 401.6 403.4 403 400.4 398.6 396.7 394 390.5 386.9 384 381 378.1 375.8 374.2 372.2 370.9 370.5 370.8 370.7
233.3 236.2 237.1 236.6 236.1 236.3 236.2 235.9 235.8 237.2 239.8 241.3 242.9 243.9 247.8 254 257.2 258.5 257.5 260.6 264.1 265.4 270 279.5 286.5 288.6 287.1 289.4 293.2 298 300.9 309.4 318.3 326.6 330.9 330.2 330.2 329.2 331.5 338.9 335.5 328.7 335.6 341.3 347.5 353 356.5 358.4 361.3 366.7 368.3 372.4 376.7 379.4 383.9 388.5 393.1 398.2 400.5 401.1 401.4 401.4 401.5 400.9 399.3 397.4 395.4 391.9 388.7 385.8 382.8 380.3 378.8 377.2 375.6 374.9 374.9 375.4 375.3
233.7 238.5 239.3 238.5 237.8 237.6 237.5 237.9 238.3 239.5 243.3 243.3 245.5 248.1 251 254.8 258.1 261.2 259 262.2 265.2 268.3 274.9 282.1 286.5 289.7 288.3 288.9 290.4 301.5 304 316.6 325.4 334.6 340.7 338 335.3 334.2 340.7 342.9 340.1 335.8 335.9 342.6 349.8 355.7 359.5 362.2 363.2 367.7 369.3 372.4 375.5 374.9 382.3 386.4 390.8 395.6 398.3 399.8 399.8 399.8 400.3 401.2 400 398.2 396.3 393.4 390.5 387.6 384.9 383.1 381.1 379.1 377.3 378.9 379.5 380 379.8
234.7 245.4 241.3 239.9 239 238.8 238.9 239.5 240.7 241.1 245.1 246.6 247.7 250.9 255.4 258.8 267.7 267 263.8 263.6 267.4 270.8 276.9 284.3 286 289.6 290.4 291.8 294.5 303 311.4 326.7 331.9 337.3 346.9 347.2 341.5 337.8 345.5 347 344.3 341.2 336.6 343.8 351.5 358.1 363.4 366.3 367.6 371.8 370.2 372 375 374.9 382.3 386.2 388.5 392.8 397 398.1 398.2 398.7 399.1 400 400.7 398.9 396.8 395.5 393 390.3 387.6 385.4 383.2 381 381.9 382.6 383.1 383.1 382.9
234.2 244.8 241.5 241.6 241 240.1 240.6 241.8 243.8 246.5 248.2 251.8 251 251.5 260.6 266.3 272.4 273 271.3 269.8 273.2 276.3 278.1 280.1 284.9 289.5 293.8 298.5 302.7 307.1 319 336.2 340.4 342.7 351.9 354.6 346.3 347.5 349.8 350.6 349.3 346.2 343.1 345.4 353.6 363.8 370.1 372.4 373 374.1 372.8 373 376.5 374.9 382.6 385.4 386 390.7 395.9 396.6 397.1 397.5 398 398.7 399.3 398.5 397.8 396.7 395 393.1 390.6 388.1 386 385.9 386 385.7 385.7 385.6 385.9
232.5 237.1 241.4 242.2 241.6 240.9 242.6 244.7 248.4 251.9 252.1 258.6 254.5 256.1 260.7 265.7 271.4 276.7 275.3 274.7 277.5 280.1 281.9 283.5 287.9 290.6 294.6 302 307.7 316.5 332.4 343.9 348.1 348.3 356.3 356.8 354.7 350 353.9 354.6 354.3 351.2 348.1 347.4 355.7 366.2 376.2 380.9 380.2 379 375.2 374.3 375.3 378.8 387.3 385.9 383.8 388.6 394.1 395.2 395.9 396.4 396.8 397.4 397.3 397.6 397.4 397 396.6 395.1 393.5 391 389.9 389.4 388.9 388.6 388.4 389 389.6
234.8 240.2 243 243.1 242 242.7 243.6 246.2 254.4 254.6 253.4 253.9 256.7 259.6 266 269.2 272.5 275.6 275.9 277.7 278.9 282.4 285.9 289.9 295.3 300.1 300.9 305.2 312 325.5 337.4 348 354.1 354.4 361.4 361.7 359.6 357 359 358.8 360.2 357.4 354.1 348.7 359.4 368.5 380.1 389.4 387 383.2 379.5 375.3 377.3 382.9 384.8 382.8 382.7 387.3 391.5 393.8 394.3 394.8 395.4 396.1 396.4 396.7 396.7 396.4 397.2 396.9 395.9 393.5 392.7 392.2 391.8 391.4 391.7 392.8 393.8
237.6 241.5 243.8 244.9 243.4 247 251.5 255.2 257.1 256.4 256.6 257.2 257.8 264.1 269.6 272.1 274 277 280 280.7 281.2 284.1 288.8 296.3 302.6 306.2 304 308 316.4 329.1 341.1 350.4 359.4 359.5 364.2 365.9 364.6 364.9 365.3 365 365.2 363.6 360.2 354.5 360.8 369.3 381.3 389.4 389.2 385.5 383.1 378.5 379 382.2 382.7 381.1 384.9 389.7 392.1 393.9 395.5 396.5 396.1 395.7 395.7 395.8 396.1 397 397.7 397.4 397.1 396 395.2 395.1 394.6 394.3 395.1 396.2 397.2
239.9 242.2 246.4 246.5 247.6 251.2 254.4 256.7 258.4 259.3 262.2 262.7 261 264 269.4 271.8 273 276.6 280.4 284.6 285.7 287.2 294.2 301.4 306.9 310.3 308.8 312 323 334.6 345.7 354.9 364.7 364.3 367.1 374.3 372.1 371.2 370.9 371 369.3 369.6 366.1 363.3 364.5 369.4 379.6 389.3 389 386.6 384.7 383 382.9 381.7 381.3 380.4 387.8 393.7 394.9 395.8 397 397.7 397.7 396.8 396.1 396.2 396.3 397.5 398.1 397.8 397.5 397.4 397.7 397.6 397.5 397.5 398.5 399.6 401
241.2 244.5 247.6 248.5 251.1 253.7 254.9 257.3 259.4 262.4 268 265.5 264.6 268.3 271.8 273.3 273.9 277.1 280.1 287.6 290.7 292.8 299.8 306.6 311.4 314.9 314 319.6 329.9 338.9 350.8 359.4 370.4 367.5 372 379.8 380.8 379.4 378.1 376.7 373.8 375.1 372.1 371.6 370.6 370.7 379.4 388.2 392.2 391.2 389.4 388.2 389.1 386.3 383.5 391.3 399.5 400.9 395.9 396.1 401.5 400 399.2 397.7 396.8 397 396.9 396.7 397.7 397.5 397.8 399.1 399 399 399.4 400.3 401.4 403.1 405.1
244.7 247.6 250 251.6 253.4 254.5 255.9 258.3 261.1 267.6 270.1 269.2 269.7 272.6 275.5 276 276.9 282 287.2 293.1 295.3 298.2 303.6 311.8 317.8 320.2 320.2 334.2 338 344.2 353.3 362.7 373.9 373.1 376.3 382.2 386.8 386.3 384.7 382 380.4 380 378.6 378.1 375.6 374.9 380.4 387.1 393.5 394.7 392.5 390.3 393.6 392.2 388.6 398.1 402 402.8 399.3 404.2 406.4 404.7 402 397.7 397.6 397.7 397.5 397.3 397.3 397.7 398.1 399 400 401 401.7 402.7 403.1 405.1 407.8
249.7 252.3 252.6 253.7 255.1 256.5 258.2 261 264.8 270.5 271.8 273.8 274.3 277 279.2 280.4 282.1 289.2 295.8 299.4 301.6 304.9 309.4 319.1 323.2 323.7 331.6 342.5 349.3 355.5 360.1 368.3 375.7 380.3 381.1 386.4 389.7 389.9 388.9 386.1 383.1 384.8 383 382.7 380.3 379.2 379.9 386.1 397.8 397.3 395.5 396.7 397.4 398.5 398.8 400.2 402.6 404.2 407.9 411.6 412.5 414.6 403.3 403.2 399.9 398.5 398.4 398.3 398 398 398.4 399.1 400.1 402.3 404 404.5 404.7 407 409.9
253.5 255.1 256.5 257.1 258.5 260.7 261.8 264.2 267.2 271.7 274 277.3 278.8 280.9 282.4 284.2 287.7 296 302.4 306 311 313.3 318 325.1 328 334.1 342.6 350.1 364.4 369.6 370.7 376.1 378.2 389 386.9 393.6 394.8 394.9 393 390 387.3 389.1 389.3 387.2 384.9 382.7 381.5 385.4 400.4 397.7 399.4 400.1 398.5 404 404.4 403.1 404.5 408.8 414.8 423.9 423.2 417.2 409.8 408.9 404.2 401.4 399.4 399.2 399 398.8 398.4 399.2 400.1 402.3 404.8 406.2 406.3 408.9 411.3
257.2 257.9 259.7 259.7 263.3 264.5 265.6 267.2 269.8 271.5 275.2 278.5 281.6 283.6 285.3 287.3 292.4 301 308.3 313.6 319.6 325.3 330.1 332.8 336.7 342 354.2 361 375.7 383.3 387.1 385.6 385.1 395.4 394.6 400.4 401.3 399.8 397.4 395.4 393.3 393.6 393.9 392 389.3 387.3 385.3 385.9 400.1 400.2 402.2 402.9 401.3 406.7 407.7 408 406.3 415.7 420.7 424.5 428.3 418.4 413.5 410.8 405.9 403 401.3 399.7 399.4 399 398.3 399.3 400.1 402.4 405.4 408.2 408.8 409.2 411.9
261.1 261.8 262.5 263 267.2 268.3 269.3 270.6 272.6 275.1 277.5 279.6 282.5 285.7 288.1 291.9 298.5 306.9 314.4 319.8 330.1 342 342.8 343.3 346.3 352 365.4 369.3 382.8 391.6 397.7 396.3 395.4 402.1 403.9 407.6 408.6 406.3 403.9 402.8 401 399.1 399.4 396.8 393.9 391.9 390.7 389.9 396.9 403.7 405.9 404.5 404.3 406.7 409.3 411.7 418.4 422.9 423.9 427.3 427.9 421.7 416.7 412.8 406.9 404.4 402.4 401 399.5 399.1 398.3 399.2 400.2 402.7 405.4 407.7 408.6 410 412.7
266 266.7 267.5 267.8 271.7 273.3 274.9 276.1 277.8 279.9 281.6 283.1 284.8 286.9 289.8 297.3 304.9 313.7 321.3 330.4 345.1 356.2 347.6 352.6 360.4 367.8 370.9 379.9 389.9 398.5 406.5 407.1 401.9 408.1 412.8 416.5 416.4 413.5 408.5 407.1 406.6 405 403.7 401.1 398.7 396.5 395.3 392.6 395.9 404.4 403.6 406 403.7 406.5 410 411.3 423.2 425.4 426.1 428.5 429.9 424.8 420.5 417 408.3 405.1 403.7 402.4 400.6 399.3 397.8 396.5 399 402.4 405.2 406.9 408.5 410.1 412.7
