public/OST50/NH05.asc
ncols 200
nrows 200
xllcorner 200000
yllcorner 850000
cellsize 50
[rows 0 to 34 of 200, columns 0 to 78 of 200]
371.8 359.5 350.3 341.5 332.4 323.3 316.8 311.6 308.1 305.9 304.7 303.3 300.7 297.1 296.5 290 271.2 259.4 249.3 239.6 228.4 219.6 212.9 202.7 189.9 182.5 172.1 164.1 155.8 149 144.3 139.8 135.4 127.7 121.8 116.4 110.8 100.9 92.8 87.3 80.2 72.5 67.9 64.3 61.2 55.2 58 54.7 52.8 70.3 73.7 77.5 79 78.6 80.6 99.5 101.7 116.8 129.7 140.5 149.5 162.5 174.6 184.3 162 193.4 217.2 233.5 242.7 252.3 256 270.6 291.7 310 314.4 318.8 324.2 329.5 331.2
363.6 351.5 340.4 333.2 323.2 315.9 310.2 306.6 304.1 301.4 297.2 296.3 294.2 289.7 284.7 277.3 265 254.7 245.3 235.6 225.8 217.2 206.8 196.1 186.3 177.7 169.6 161.6 153.8 149.1 144 139.4 133.8 128.6 119.2 113.2 107.7 101.6 93.5 86.5 79.6 73.2 67.8 64 60.9 59.5 58.8 56.4 55.1 73.8 77.4 81.7 79.2 82.3 88.3 102.7 109.1 121.3 134.8 148.1 159.8 171.9 188.7 197.4 207.7 204.1 196.1 238.3 249.3 267.8 283.8 293.1 303.7 308.1 311.3 318.5 328.5 329.5 333.6
350.9 339.1 328.2 320.1 313.3 307.5 303.3 300.9 298.2 293.5 289.1 287.4 285.6 280.6 275.2 266.7 256.1 247 237.7 228.6 219.5 208.2 197.7 188.5 181 175.3 167.2 158.9 154.4 146.6 141.9 136.5 130.8 126.5 117.4 112.4 107.5 98.6 89 82.8 77.2 72 67.6 63.7 60.7 58 55.9 53.6 70.3 77.7 79.1 78.7 82.6 94.6 99 95.5 111.8 124.6 138.9 152.5 168.3 183.8 198.7 212.7 223.6 233.7 224.2 232.2 260.2 278.2 290.5 300.8 309.7 315.5 318.9 320.3 328.1 328.5 332.3
339.6 329.1 317.7 312.4 305.6 300.5 296.9 294.6 290.8 286.4 282.4 279.7 276.7 272.4 267.7 259.1 247.7 238.5 229.7 221.2 212.1 202.2 192.4 183.9 175.1 169.1 163.5 157.6 150.4 144.2 138.1 133.2 127.2 121.2 115.4 110.1 104.8 96.6 87.2 81 75.5 70.5 66.2 63 60.5 57.5 55 61.6 75.9 78.4 80.9 82.3 93.3 99.3 103.8 102.1 112.5 129.4 144.6 160 179.1 197.1 212.1 226 239.4 244.4 246.5 237.6 269.8 286.7 297.4 308.2 316.8 326.4 326.7 330 327.1 327.2 330.1
330.4 320.7 311.8 306.2 300.1 296.1 291.9 288 283.8 279.6 275.6 272.9 269.6 265.2 260.7 250.1 239.4 230.1 222 213.8 205.7 195.9 186.9 178.9 175.2 166.8 160.9 154.2 146.4 138.6 135.1 129.9 123.9 118.5 114.1 109.8 104.5 94.8 85.5 79.6 74.1 69 65 62.3 59.6 54.8 60 74.8 75.3 76.7 82.3 88.8 96.5 102.7 108.1 108 117.1 134.1 151.1 166.8 187.4 207.7 223.5 237.7 248 254.5 258 266.3 264.8 280.8 299.7 313.3 320.2 326.4 328.8 331.7 327.1 327.1 327.2
318.9 310.9 304.4 299.8 296.3 293 285.2 281 277 272.8 268.8 265.8 262.4 258 251.1 241.1 229.9 222.2 214 205.9 198.9 190.2 182.4 177.6 171 164.7 159 151.9 144.9 138.3 131.6 127.3 121.5 117.4 112.2 108.1 103.3 93.9 84.4 78.4 73.2 67.8 64.8 61.1 57.9 59.6 74.4 78.5 80.9 82.9 86 92.8 100.3 107.9 114.6 121.9 111.5 134.1 154 172.3 193.3 212.2 226.9 240.2 250.5 261.7 270.4 277.6 284.7 293.1 295.8 306.1 316.7 327.7 329.1 329.8 327.3 327.1 329.9
308.7 301.6 295.7 292.9 291.6 285.4 278 274 270 266 261.4 258.2 255 249 239.4 230.3 222 215.2 206.8 198.7 192.3 185.9 179.8 173.7 167.9 162.6 155.5 148.3 141.3 134.9 128.1 123.8 117.9 113.9 110.1 106.1 100.6 90.1 84.2 78.1 73.2 68.3 65.4 61.1 55.5 65.2 72.9 79.4 84.3 87 92 97.2 102.8 113.5 120.6 126.9 133.5 120.4 142.1 164.9 197.2 216.4 231.6 243.9 254.7 267.5 277.4 285.1 292.3 300.9 308.9 311.3 309.3 322.1 326.2 326.1 327.8 331.4 332.8
300.9 292.2 285.5 285.2 281.3 276.2 272 267.9 263.7 259.6 255 250.4 245.4 238 229.3 221.7 213.8 208.1 199.6 193 186.7 180.9 174.9 168.8 164 158.8 151.9 144.8 137.7 131.1 125.9 122.4 117.8 112.4 106.2 105 97.7 89.2 83.3 77.9 72.7 67.9 64 60.2 60.8 69.2 75.9 78.3 85.3 90.9 99.4 103.1 108.1 119.2 129.3 138.2 144.6 147 138.6 159.5 197.4 220 237.4 250.2 260.2 268.4 278.2 289.5 297.7 305.4 312.2 317.9 317.2 318.5 324.7 325.3 332 334.7 335.5
291.7 284 278.5 277.1 272.9 269 265.9 262.1 257.3 252.9 248.1 243.2 236.6 227.8 220.1 213.4 205.9 198.9 192.6 187.2 181.3 176 169.9 164.9 159.8 154.2 148.1 141.2 134.1 128 124.1 118.9 114.3 109.2 104.4 99.7 93.9 87.6 81.4 75.2 69.9 65.2 62.4 57.6 64 73.2 81.2 85.1 84.2 93.1 105.6 111 115.7 125.3 135.4 146.5 155.7 163.5 155.3 158 185.5 219.3 236.2 248.1 258.9 269.6 281.5 292.8 300.8 307.1 313.8 319.9 324.3 325.8 321.1 326.9 330.5 332.1 335.4
284 276.3 273.3 270.7 265.3 261.9 260.1 257.1 251.3 246.3 241.6 234.8 227.1 218.7 210.6 204.8 200.7 194 186.6 179.6 176 171 165.5 159.9 154.4 148.8 143.1 137.3 130.5 125.5 120.1 115.4 110.8 106 101.2 96.1 90.6 83.9 77.8 72.6 68 63.1 58.3 61.7 67.5 75.8 83.5 87.7 88.6 101.6 111.5 115.3 122.3 131.2 142.9 155.1 165.5 176.4 182.1 179.5 185.9 217 229.3 245.2 257.9 270.3 283.8 296.7 304.6 311.4 317.7 323.8 324.3 329.8 329.3 329.5 329.2 330.2 334.7
275.8 270.4 265.3 265.3 259 255.7 253.3 250.3 245.4 239.7 234.3 226.4 219.2 212.3 203.2 197.1 193.6 187.3 181.4 175.3 169.7 163.7 157.7 151.4 146.9 142.3 136.3 130.8 126.5 121.4 116.6 111.9 107.3 102.6 98.1 93.6 87.4 80.6 75.3 71.1 66.8 58.9 62.6 65.1 70.6 79.9 86.8 92.8 101.7 110.5 118.4 120.7 126.1 137.3 150.3 163.5 174.2 185.9 196 203.7 198.7 208.9 225.4 237.4 253.9 270.8 283.9 301.7 307.2 313.9 321.6 327.4 327.7 330.7 332 333.2 335 331.7 334.4
268.2 263.4 259.1 257.9 252.9 250.6 248.1 244.3 239.7 234.6 226.4 217.7 212.8 207.3 198.5 190 185.9 180.5 175.2 170.9 165.7 159 150.3 145.4 140.9 136 130.3 126.2 122 117.8 113.5 108.9 104.2 99.6 96.3 92.2 86.2 79.8 73.7 68.8 65.2 64.5 65.2 68.9 75.6 84.2 91.7 99.3 107.7 116.3 123.2 126.8 131.6 144.1 158 170.8 181.9 194.9 205.9 213.8 215.6 223.7 233.4 249.4 260.7 270.6 288.8 303.3 309.3 316.1 323.8 330.3 332.3 332.6 334.2 337.3 340.4 340.9 339.4
264.6 259.5 255.7 250.7 247.4 245.6 243 239 235.7 231.6 222.4 212.5 207.2 201 192.7 184.4 178.5 173.6 169.1 162.8 157.1 153.2 146.4 140.6 135.7 130.9 126 122.6 118.4 114.2 110 105.9 101.7 98 95.6 91.1 84 78.4 72 66.7 62.5 66.7 68 71.4 83.4 89.7 97.3 102.9 112 121.5 128.4 132 137.6 150.3 163.7 176.5 189.9 202.5 214.3 222.2 226.5 222.2 241.9 259.4 269.4 282.5 294.8 305.8 312.5 318.4 325.5 331.3 334.6 335 335.9 340.6 343.3 343.5 342.5
260.7 257.3 251.6 247.8 244.5 241.5 238.5 237.1 235.9 234.7 221.7 209.5 202.5 195.2 186 180 174.5 169.8 162.5 158 153.4 147.7 142.3 136.9 130.7 126.6 121.8 118.6 114.8 110.5 106.8 102.7 98.8 94.9 90.6 85.8 80.8 75.4 69.8 62.7 67.5 69.1 71 76.8 90.7 90.9 101.5 107.6 116.4 126.4 132.6 138.1 145.7 158.2 171 184.2 197.9 211.1 222.5 231.6 240.5 239.8 247 265.9 276.1 289.3 301.3 309.6 315.9 321.9 328.1 331.6 335.3 336.7 338 341.8 344.5 344.2 346.5
260.7 263.7 252.7 252.3 250.6 247.8 247 247.7 244.7 235.7 220 207.2 200.4 191.4 182.9 175.3 170.1 164.1 160.3 155.8 149.2 144.1 139 133.5 129.5 123.5 119.6 111.3 110.9 106.7 104.5 100.3 96.2 91.9 86.1 80.7 75.9 71.3 63.5 69.1 70.6 72 75 78.9 90.6 96.6 104.5 109.2 120.5 128.7 135 142.4 154.4 166.6 179.6 191.7 205.5 219.2 232.5 242.1 251.3 253.7 246.4 266.4 279.8 295.4 305.3 312.6 318.8 325 330.7 332.3 335 339 341.2 341.5 343.2 342.7 350.1
264.9 264.3 256 252.4 252 251.5 253.4 254.2 246.7 230 214.5 205.7 197.1 187.7 179.6 172.1 164.2 157.1 151.8 150.5 143 138.6 133.6 128.6 124.4 120.4 117.3 112 104.3 104.2 101.8 97.7 93 88.4 81.9 76.7 72.2 65.6 70.3 72.8 75.1 76.3 81.5 82.6 93.6 103.5 107.5 111.6 121.7 129.3 136.8 147.8 161.1 174.7 187.8 199.1 213 226.9 240.9 250.4 259.2 265.2 264.4 267.8 280.7 297.8 308.9 315.4 321.2 327.2 332.5 334.5 336 340.4 341.2 342.7 342.2 345 349
269.7 262.5 258.4 255 255 256 260.9 253.7 239 222.4 210.2 201.4 192.3 183.5 175 166.1 159.1 151.4 144 142.7 140.5 131.3 128.1 123.8 119.9 115.9 111.5 108.4 105.4 101.8 92.6 97.3 88 83.4 79.6 74.7 70.5 68.3 71.3 77.7 77.5 79.5 86.6 91 96.8 105.7 114 120.6 124.1 130.9 140.7 153.5 166.5 179.5 193 206.4 218.5 232.3 245.7 255.3 263.7 269.7 272.5 270.2 283.3 301.5 311.4 317.9 324.9 330.5 334.8 337.7 339.9 339.1 340.5 344.9 343.8 345.4 348.1
272 267.6 260.6 257.5 256.6 255.4 254.7 242.2 228.7 215.7 204.6 194.9 185.2 176.4 167.1 159.4 152.2 144.9 137.9 134.3 133.9 127.2 123.2 119.6 115.8 108.4 103.5 101.2 99.1 96.1 90.1 84.6 82.3 79.9 77.5 73.5 71.9 72.2 73.5 77.5 81 82.5 88.1 94.3 101.9 105.6 116.2 124.7 128.7 135.2 145.6 158.9 171.9 185.2 199.3 211.6 224.2 237.5 251.1 263.7 269.9 273.2 276.3 273.6 286.2 302 312.5 319.9 327 334.7 338.4 340.7 342.9 341.7 343.1 348 345.9 344.6 347.6
271.1 264.4 258.5 255.2 251.8 248.3 241.9 229.8 217.7 207.7 197.7 187.1 177.4 167.9 161 153.3 146.3 139 132.8 126.1 125.3 122.5 118.3 114.8 105.9 98.8 97.6 94.9 90.9 88.2 83.9 81.4 79.6 77.9 76.1 73.2 72.2 75.2 77 79.2 81 87.9 93.2 98.3 106 108.2 119.5 127.2 132.7 140.2 150.8 163.8 177.6 192.2 206.7 219.1 230.5 244.8 259.4 270.3 277.2 280.7 283.7 282.5 287.1 301.6 310.6 318.6 326.9 336.4 340.2 342.6 344.5 344.4 344.2 346.7 347.3 345.4 345.8
268 261.9 256.3 250.9 243.2 236.5 227.1 216.5 207.5 200.3 190.6 179.6 171.1 163.2 157.3 147.4 139.9 133.6 127 120.8 117 114.4 110.4 106.4 99.1 97.3 96 93.7 85.7 82.5 80.2 78.9 76.9 78.7 74.4 72.3 75.3 78.4 81 83.4 84.5 87.6 95.2 98.7 103.1 111.6 121.8 126.8 134.2 144.3 155.7 170.4 184.7 199 212 224 236.2 252.2 266.2 275.1 283.8 288.5 293.9 295.4 290.6 306.5 316.2 319.6 326.6 335.9 341.3 344 345.8 346.8 346.1 346.2 346.8 348.5 349.9
266.5 259.5 253.3 244.8 235.5 225.7 216 206.4 199.5 192.6 183.2 173.1 166.2 158.3 148.1 140.7 134.7 128.8 121.5 115.6 111.8 106.8 102.9 101.5 99.9 96.3 94.1 88.1 83.9 80.7 77.9 78.8 74.2 72.5 74.8 76.7 79.2 82.8 85.2 87.6 89.6 89.8 100 102.2 107.1 113.9 121.4 126.7 136 149.5 162.6 175.9 186 202.9 216.5 228.9 242.9 258.5 273.2 283.2 291.1 295.6 303.6 305.2 297.4 311.6 319.9 323.7 329 335.7 342.4 345.5 347.5 348.4 347.9 347.4 350 353.6 352.2
263.8 256 249.1 239.1 227.6 218.1 208.7 199.5 191.7 184.4 175.6 167.1 159.5 149.1 142 135.6 129.5 123.8 116.9 111.7 108.6 104.2 107.2 99.2 92 97.9 93.5 86.4 81.9 77.8 73.9 75.2 76.9 78.1 78.7 80.6 82.2 85.3 89.8 93.8 96 96.2 96.7 101.2 113.4 117.8 124.8 129.9 140.3 155.5 170 182 193.8 206.2 220.8 235.2 249.3 264.6 282.9 290.2 297.1 302.6 310.1 310.4 306.2 313.1 320.9 323.6 330.8 336.4 343 347.4 349.5 350.1 349.8 349.5 349.5 352.4 351.4
259.9 251.2 243.9 232.6 220 211 201.9 191.9 184.9 176.3 167.2 161.6 150.5 142.8 136.8 130.5 124.4 119.4 113.7 110.8 108.3 106.1 104.8 101.3 97.1 87.8 88.7 81.5 76.8 77.3 79.3 81.1 82.3 82.8 83 84.9 87.6 89.8 95 99.7 102.5 101.8 103.4 111.8 114.2 121.3 127.7 133.7 145.6 160.6 173.3 187.8 199.3 212.8 226.9 241.1 255.6 270.5 286.5 295.9 302.3 308.3 314.2 315.7 311.4 312.5 318 326.2 331.1 336.4 345.6 351.2 353.6 353 352.4 351.9 353.1 355.3 354.4
256.9 248.6 241.4 227.1 214.8 204.9 195.6 185.2 176.3 165.2 160 151.3 142.9 136.8 130.8 124.4 119.6 116 113.1 110.5 108 105.4 102.9 95 89.9 87.7 86.7 78.1 78.1 81.7 83.9 84.4 85.8 87.1 87.6 90.3 93.7 96.9 99.7 103 108.2 106.9 103.1 118.1 120.7 124.8 129.2 138.2 151.6 166.5 184.2 194.4 207 220.7 234.7 248.4 262.5 275.7 289.9 299.7 306.2 312.8 319.3 322.2 318.3 315.5 319.2 330.1 329.9 336.5 345.8 352.8 356.2 354.7 353.9 353.5 359.2 361.7 359.6
256.3 247.3 238.4 223.3 209.3 198.7 189.4 177.1 163.9 156.8 150.7 143.7 139.1 131.3 122.6 117.2 116.1 115.1 112.2 109.3 106.4 103.7 101.4 93.8 84.4 82.5 80.9 77.5 82 85.4 86.9 88 90.2 91.4 92.3 96.5 100.8 103.7 106.3 108.3 111.9 112.1 110.1 123.4 128.1 133.8 134.1 144.7 157.1 171.7 190.2 206.2 215.5 229.2 242.9 256.4 271.2 284.4 296.5 302.5 308.3 314.9 322.9 325.3 323.1 318 326.4 332.9 333.3 335.9 344.9 353.2 356.9 356.4 355.6 356.6 360.5 361.2 359.3
251 244.9 233.9 217.1 204.4 190 180.2 168.1 157.6 150.6 144.2 139.6 133.8 123.8 115.1 109.4 111.3 110.8 106.8 105.1 103.2 101.6 96.2 85.8 83.1 82.1 79 82.9 87.6 90.4 91.2 92.1 95.3 96 99.5 104.3 110.7 112.2 113.6 117.7 117.4 117.8 116 126.1 131.9 136.6 138.7 152.9 166.3 181 196 208 221.8 235.2 249 264.1 279.9 291.6 300.7 305.4 308.8 316.9 324.5 326.7 326.6 326.6 331.3 334.7 333.4 334.7 342.8 353.2 357.3 357 357.4 359.3 360.1 359.9 358.4
244.9 236.8 226.2 212.1 199.8 183.8 172.2 162.2 152.4 143.5 137.1 132.7 124.6 116.5 109.4 104.3 105.6 105.7 105 103.2 102 102.4 87.7 83.4 81.2 81.3 84.9 88.1 93 98.7 99.1 98.8 101 102.1 107.8 112.9 119.1 120.1 122.4 123.9 123.7 123.3 118.9 128.2 134.6 140.6 147.3 160.5 174.6 189.2 204.1 217 228.4 241.6 256.4 270.1 283.6 295 303.5 306.6 310.5 315 324.9 330.4 331.7 330.9 333.9 333.3 334.6 339 346.2 352.5 354.3 356.2 358.4 359.3 359.3 359.3 358.3
237.3 229.4 218.2 203.1 191.9 178.6 165.5 154.8 145.1 135.3 129 123.4 116.2 110 103.4 99.7 100.3 103.1 104 101.7 99.1 96.3 84.4 80.3 82.1 84.9 88.8 92.2 98.4 104.1 107.6 108.6 109.2 113.4 117.3 120.8 124.4 127.5 129.4 130.2 129.9 129.5 129.5 127.4 136.9 144.8 154.2 168 182.2 195.6 209.7 222.5 235.9 246 259.8 272.9 285.7 298.4 304.6 308.2 314.1 320.5 327.9 332.6 338.2 334.8 338.7 337.6 336.4 340.2 348.7 351.6 352.3 356.4 359.9 360.5 359.3 359.2 359.2
228.2 222.7 210.4 194.1 183.1 170.8 155.6 145.6 135.3 126 120.3 115.5 110.3 105.3 101.8 98.3 97.3 101.8 99 97 94.8 87.3 82.2 82.3 85 88.1 92.4 96.5 103.4 109.3 114.7 118.4 120.7 125 127.6 130 131.6 132.7 135.1 136 136 129.2 134.8 132.6 140.8 146.5 162.6 175.6 189 202.5 215.9 228.5 238.9 250.3 263.6 276.5 289.3 300.6 305.2 308.5 314.3 321 332.4 337.1 339.2 340.6 345.8 341.6 336.8 340.3 346.3 349.9 352.3 357 361 363 362.7 362.2 360.7
221.3 220.1 199.6 186.2 173.8 161.6 147.1 136.2 126.7 118.7 114.4 111.2 108.1 103.6 101.5 99.3 95.7 93.2 93 91.5 88.5 84.2 81.3 85.8 87.8 92.8 97.1 101.8 110.2 115.1 121.6 127.5 130.4 135.6 137.5 140 141.7 140.5 139.6 142.3 142.4 141.6 142.4 140.9 148.7 153.6 170.6 182.9 195.4 208.4 221.3 233 243.2 254.9 267.2 280.1 293 301.6 307.4 312.9 321.6 331.9 336.3 340.5 343.6 341.9 346.7 343.6 338.2 342.8 345.1 349.3 353.7 356.4 359.9 365.4 368.3 369.6 364.9
212 207.4 192.4 180.4 165.1 153.3 139.6 129.5 120.7 114.6 110.1 108.2 104.8 100.3 98.5 97.6 93.6 89.1 87.2 86.2 83.2 82.3 85 88.3 93.1 98.2 103.6 108.3 119.7 123.3 129.8 136.5 140 143.5 147.4 149.9 151.3 150 147.3 151.5 148.4 148.5 149.4 150.7 152.3 164.2 177.7 190.7 202.9 214.9 226.8 238.2 247.2 258.7 269.7 281.9 293.6 303.9 311.6 320 328.8 334.7 338.2 342.4 347.4 344 340.8 347 341.3 346.9 355.3 355.1 357.8 359.7 363.3 372.5 378.2 378.3 370.3
200.8 195.9 189.6 176 157.1 143.3 132.5 123.2 115.9 110.2 105.9 103.5 101 98.5 96.2 95.2 90.3 85.3 83.7 84.2 85.4 86.7 90 94 101.6 107 112.4 116.4 124 132.4 141.4 147.4 151.5 155.7 159.9 162.2 161.9 160.4 157.6 162.8 160 158.4 157.9 157.7 153.8 169 185.9 196.8 207.4 219.6 233.1 243.4 251.7 261.4 271.4 282.5 294.8 307 316.3 324.9 331.8 337.4 340.1 344.9 349.9 347.6 340.9 343.8 346.5 354.7 367.3 364.5 367.3 368.7 372.8 375.5 379 379.1 374.6
191.9 194.7 178.3 162.3 146.5 134 123.8 116.1 111.3 106 101.2 98.8 96.9 95.3 94 91.5 86.2 87.3 87.7 88.2 89.1 91.7 95.9 103.4 112.3 118.3 122.9 125.9 131.1 142.6 153.7 161.1 164.9 168.5 171.9 174.8 173.2 170.1 167.9 169.6 169.2 167.1 168.8 167.6 165.5 176.4 192.7 204 214.6 226 236.5 246.6 255.5 263.8 273.5 284.8 297.8 310.2 320.2 327.8 334.4 340.1 342.4 349.3 360 351.9 344.7 343 347.2 359.4 364.9 370.3 376.4 388.6 380.1 381.1 380.8 379.5 378.9
177.6 174.5 161.4 146.9 138.2 126.6 117.4 110.4 105.3 100.6 96.5 93.8 94.3 92.9 91.5 88.3 89.1 88.8 89.2 91.8 93.2 97.6 103.5 114.6 125.9 132.1 137.1 140.1 141.5 154 165.8 172.8 178.2 180.5 183.4 184.9 182.8 179.9 176.3 179.7 178.1 176.8 179.4 178.2 174.4 179.4 199.6 210.9 221 232 239.8 246.1 258.9 268.4 277.6 288.5 301 313.4 323.8 330.6 336.9 342.3 345.6 351.8 356.9 353.4 350.8 351.6 353.3 359.5 365.6 371.3 381.3 382.8 383.5 382.7 381 379.9 378.5
160.4 155.5 143.3 135 126.9 119.4 111.3 105.8 100.6 95.5 92.4 90.9 91.4 90.7 89.3 88.3 89.5 90.3 90.8 94.1 97.2 103.6 113.6 128.7 141.5 149.6 153.1 161.3 162 162 178.2 185 190 193 195.9 194.6 191.7 187.9 188.4 189.4 188.9 188 189.2 189.3 187.5 184.3 206.8 216.4 226 237 245.5 246.9 259.3 272.2 281 292.2 303.1 315.8 325.9 332.6 338.4 343.6 347.4 351.5 353.9 353.8 353.7 353.3 353.3 358 369.3 378.9 386.8 388 383.4 380.8 382.3 381.6 382.9
