public/OST50/NH11.asc
ncols 200
nrows 200
xllcorner 210000
yllcorner 810000
cellsize 50
[rows 105 to 139 of 200, columns 78 to 155 of 200]
896.2 910.8 913.6 915.4 902.9 901.4 900.7 879.8 854.8 831.8 814.5 798 780.7 769.7 756.6 747.5 739.2 732.1 732.2 732.6 735.4 739.9 743.4 747.9 752.7 754.9 753.3 757.6 759.1 757.8 754.2 752.8 752.1 748.5 742.5 731.2 722.5 717.1 715.9 713.5 707.4 700.2 693.6 688.8 685.2 678.3 670.1 662.5 654.1 644.2 629.4 616 601 590.8 581.8 566.3 547.2 526.1 506.9 486.6 465.5 443.7 422.7 409.4 396.7 383.1 370.1 361.2 353.3 344.3 335.9 333.3 329.1 326.2 324.4 322.4 313.8 309.9
862.6 878.2 887 876.1 868.5 871 874.6 883.5 865 835.8 817.4 801.8 789.6 771.6 751.6 740 728.5 721.1 719 721.4 724.6 728.1 729.1 730.8 731 728.1 725.9 725.7 725.4 726.2 727 726.9 725.8 718.7 713.9 702.2 696 690.6 688.5 684.3 675.4 669.5 668.1 667.3 663.3 658.8 653.3 648.5 643.7 635.7 627.8 622.7 614.2 600.9 586.8 573.3 551.2 528.5 504.4 481.4 461.3 441.2 426.3 410.8 396.9 383.6 371.5 358.9 353.4 344.4 336.9 332.8 330 321.6 319 312.7 308.1 304.7
841.9 850.8 856.9 843.9 841.7 837.8 833.6 830.9 839.9 835.1 824.3 808.4 789.7 768.7 749.5 735.8 724.5 714.6 710.7 710.3 711.9 712.4 712.4 712 706.8 703.6 701.7 699 698.3 697.2 692.4 690.2 686 680.9 678 675.3 667.5 661.8 654.2 649.4 648.1 647.6 646.3 644 641.9 638.3 634.1 630.6 628.6 625.6 621.7 615.9 604.3 589 571.1 556.7 539.2 519.1 494.9 478.6 458.4 439.5 418.4 398.9 386.1 374.4 363.2 352.5 349.3 346.5 341.4 331 326.7 320.9 315.4 311.8 306.1 303.9
823.3 822.3 823.1 817.1 818.5 823.3 806.1 796.6 800.5 803.1 802.1 797.9 775.6 759.1 741 729.7 719.1 707 701.9 700.5 698.8 696.9 695.5 693.7 689.1 683.6 681.2 676.7 673.9 670.7 665.7 663.1 659.2 655.1 649.9 643.4 639.6 636.5 632.5 630.9 629.3 626.4 623.9 620.6 619.6 619.1 618.4 616.7 613.2 609.3 604.2 599.1 586.6 567.1 547.2 533.6 524.1 497.6 477.5 460.8 443.6 421.8 402 386.6 374.8 368.1 358.4 350.2 344.5 339.9 335.8 334.1 328.5 320.6 314.5 308 309 314.1
784.5 790 793.3 794.5 802.4 797.9 793.8 788.2 781.4 771.4 764.5 759.7 751.2 739 727 717.3 706.1 697.2 689.1 685 680.3 676.8 673.3 668.2 664.8 659.8 654.9 655.4 650 642.6 640.8 636.5 635.9 631.9 627 620.8 615.5 612.6 611.1 609.6 606.8 603.3 601 598.8 599.9 599.9 597.1 593.9 589.9 587.1 583 573.5 559.7 538.4 523.6 507.8 497.2 476.5 454.9 439.1 424.9 405.8 388.9 376.7 366.3 361.6 352.6 344.2 339.5 336.7 333.4 331.8 329.9 325.8 309.3 318 324.3 325
770.1 766.9 762.7 774.3 784.1 784.7 786.4 780.2 767.5 751.2 732.3 733.4 719.2 709.8 701.9 692.5 682.9 676.2 665.4 656.6 654.2 649.8 641.7 635.3 634 629 629.2 625.7 621.1 618.4 618.8 614 609.8 607.8 603.2 598.1 594 590.4 588.5 587 583.4 580.4 578.6 577.3 575.6 573.9 571.1 566.5 561 555.9 549.2 540.4 526.7 507.9 494.5 478.5 468.8 455 435.7 420.7 409.1 394.1 377.9 368 359 352 347.9 341.3 338.4 333.1 332.7 328.4 333.4 316.2 317.8 324.9 326.5 326.1
745.7 741.1 747.3 761.7 766.4 768.4 760.6 743 726.9 713 704.3 701.8 696.3 686.2 679.3 666.5 653.2 643.2 636 625.7 621 617.3 612.5 607.2 604.7 602.8 601.4 599.3 597.1 595.5 592.9 590.8 585.3 584.1 580.1 575 570.8 565.8 564.2 561 559.3 557.5 553.4 548.5 545.4 543.8 538.6 533.9 527.6 518.7 509.9 500.4 488 475.1 464.3 450.8 441.3 429.6 415 403.2 395 379.2 364.7 355.5 348.3 344.2 341.2 339.3 336 331.8 326.4 323.6 325.8 317.4 324 327.7 328.7 328.1
718 713.8 730.4 743.7 738.1 730.6 714 700.2 688.5 681.5 681 681.1 670.3 664.2 656.3 644.5 630 613.2 609.6 600.2 593 588.7 588.1 583.4 583.6 582.5 579 578 577.2 575.1 570.4 567.4 564.5 561.3 555.5 551.2 549.2 543.9 541.1 536.6 532.4 528.7 524 520 515.9 510.2 504.5 499.3 493.8 488.2 479.3 470.3 461.6 452 440.7 426.8 415.9 404.5 394.2 383.8 375.3 363.6 351.4 345.8 339.6 337.3 337.3 332.4 332.3 326.8 324.9 323.5 331.8 330.8 338 335.6 334.4 332.4
693.2 704.7 714 712.3 709 698.7 671.7 663 655.1 650.2 653 654.9 645.3 635.3 629.9 618 606 594.1 584 584.2 581 572.4 571.5 568.2 564 564.6 559.4 556.9 553.9 556.1 549.6 543.7 543.1 538.5 533.9 528.9 526.8 521.2 518.7 514 508.2 503.4 498.7 494.8 489 483.1 475.3 468.4 463.6 459.9 453 443.1 435.9 425.7 414.5 404.7 395 385.2 376.9 369.2 360.1 352.9 346.7 342.6 334 329.8 328.9 327.4 326.9 326.2 324.7 332 338.3 339.8 340.8 340.8 339.7 339.3
670.3 679.2 680.5 682.6 678.2 658.9 642.9 632.8 633.2 628.5 628.1 627.3 619.9 608 602.2 591 586.1 578.9 574.2 573.1 573.5 565.7 557.3 551.2 547.6 544.3 541.5 537.9 537.6 535.1 528.2 521.6 520.8 516.2 513.9 507.8 504.8 500.5 496.9 493.2 488.2 481 475.9 468 463.3 459.7 450.9 442.2 436.1 431.8 426.6 417.6 408.2 400.8 392 384.5 375.8 368.5 361.5 357.1 350.7 349.2 338.7 335.8 332.1 331.4 329 328.2 327.1 333.4 332.4 337.9 343.7 347.3 349.1 348.6 347.5 347.8
635.7 640.4 638.9 641 635.7 624.4 614.7 606.3 613.5 612.1 611.7 609.6 601.4 593.5 582.6 575.6 571.6 568.5 565.4 560.7 553.8 549.1 541.2 533.8 528.7 527.4 524.2 523.4 519 516.7 511.9 507 499.4 496.3 492.1 483.1 483.2 477.4 474.3 469.9 466.7 461 453.3 446.6 441.5 436.6 429.8 420.9 415.5 412 408.6 399.9 389.1 381.4 375.9 371.9 366 362.1 357.2 347.5 345.5 339.7 335.2 334.2 333.2 331.8 331.2 329.7 331.9 337.8 343 350.3 355.4 357.1 361.2 361.3 360 358.1
593.6 595.6 601.3 601.6 602.9 596.5 592.7 590.9 591.4 593.1 591.1 591.1 586.7 577.8 569.5 565.4 562.2 554.8 549.1 545.1 537.7 532.7 524.7 520.9 512.8 510.6 508.5 503.8 501.3 498.4 496.8 490.1 478.1 474.7 470.6 461 458.7 458 451.2 447.7 445.7 442.6 436.4 427.1 421.6 414.9 410.3 403.8 399.9 397.1 392.6 387 377.7 373.4 367.1 361.7 359 357.1 348.7 344.9 342.8 340.3 338.2 338.4 337.1 337.4 338.7 337.1 340.4 343.3 351.2 358.9 369.5 370.3 370.9 370.8 369.6 369.8
574.7 577.6 579.2 581.9 582.5 580.8 577.7 575.5 573.4 572.7 569.8 567.1 560.9 557 556.1 551.2 543 536.7 528.9 522.3 517.6 512.7 506.4 499.2 496.2 490.2 487.5 482.1 478.7 475.7 474.6 466.6 462.4 453.7 444.7 440.1 437 437.4 430.9 429.2 427.5 424.1 420.5 412.9 406.1 401.3 396.5 393.7 391 386.7 383.9 377.6 368.3 361.7 357.9 355.2 351.4 349.7 354.7 350.1 351.7 349.5 345.2 344.1 343.4 344.8 344.7 344 349.3 355.7 361.5 367.3 376.1 380.3 381.7 381.7 380.6 382.5
563.2 560.5 565.1 567.4 568 567.6 565.5 558.9 554.7 556.6 552.4 543.5 537 535.2 533.6 528.3 521.3 514.5 509.5 503.6 501.3 494.3 488.7 481.4 475.8 471.5 467.3 463.4 458.6 455.4 452.6 445.5 440.1 430.9 427 422.6 419 417.4 415.1 411.5 407.4 405.7 404.5 400.5 393.3 391.4 389.5 384.6 378.4 376.4 371.7 367.2 363.2 358.1 356 356.1 357.8 355.8 360.2 357.4 358.8 354.8 353.1 352.5 353.6 354.5 353 355 361.9 369.3 377.7 379.3 382.1 389.2 392.8 394.4 395.2 397.4
569.1 562.6 557.2 554.4 553.5 553.6 549.5 544.2 539.6 536.5 529.4 524.2 518.4 513.7 512.1 506.4 501.9 495.6 488.5 484.3 478 476.1 470.8 465 459.7 455.8 450.4 446.6 444.8 441.9 435.7 432.3 429 421.1 415 412.9 407.4 401.6 401.5 398.1 394.5 392.4 388 387.8 382.6 381.5 376.5 375.1 372.4 368.1 364.5 361.6 361.2 364.9 365.6 363.9 368.4 366.1 368.7 364.5 362.9 365.8 362.5 362.7 365.4 366.9 365.1 367.6 375 383.2 387.1 390.1 395.9 399.1 405.7 404.4 406.9 412.7
580.1 573.3 569 560.1 549.3 538.5 534.7 530 524.9 519.7 512.3 505.6 499.4 494.3 491 484.7 479.3 476.1 471.1 467.8 465.1 458.2 454.7 450.8 448.3 442.3 439.9 437.4 437 432.4 427.5 427.6 419.5 413 407.9 402.1 397.9 395.3 392.1 389.9 387.1 383 377.1 376.1 374.2 372.6 370.4 369.2 367.3 370 371.4 369.6 371.6 374.2 377.4 374.7 374.7 376.6 376.1 375.4 376.2 375.1 374.1 375.3 376.2 377.3 379.3 384.7 393.3 397.9 400.5 399.8 406.1 411 413.8 415.9 419.8 423.7
593.9 592.6 587.5 573.5 561.6 549.8 534.5 522.3 510.4 506.9 497.6 489.5 486.3 479 475.2 467.2 463.4 462.9 456.9 452.5 453.6 448.8 443.5 440.3 437.3 437.7 435.5 433.9 433.2 428.9 426.1 422.9 412.1 408.3 403.1 394.2 393 390.6 385.6 386.1 383.1 379.4 381 376.9 377.7 376.8 377.4 376.9 377.5 380.3 383.4 388.3 390.2 392.3 388.8 387.5 384.6 384.1 385.7 384.9 383.7 386.4 389.2 388.4 390.2 393.7 394.9 400.7 404.9 407.2 411.6 411.9 418.2 421.2 421 426.8 430.2 430.8
633.5 631.7 624.1 602.6 582 561.3 541.6 520.4 508.5 498.4 488.8 480.1 472.7 467.1 464 455.6 453.2 449.6 448.9 445.4 444.3 441.8 438.1 437.9 435.8 437 436.1 429.3 422 421.8 419.5 411.4 407.7 404.6 399.1 395.1 391.3 391.6 390.3 384.2 387 385.3 383.4 382.4 382.2 383.2 387.4 394.2 399 404.3 410 412.6 410.7 413.3 410.6 403.7 393.9 407.7 399.5 401.8 404.1 407.9 409.6 409.2 409.6 410.7 408.6 409.9 411.2 415.3 420 426 428.3 428.8 430.3 432.9 435.9 437.4
651.9 642.2 630.3 622.8 609.5 587.1 555.4 523.3 507.8 495.8 486.3 474.7 469.6 465.6 459.6 455 451.8 447.7 445.1 443.1 441 439.6 437.9 433.5 431.2 430.4 427.9 435.4 430.3 431.8 430.8 420.3 415.5 405.5 408.7 402.1 401 397.7 396.9 396.2 399.2 397 393.5 395.8 397.6 404.3 413.4 420.7 425.3 430.5 434.1 434.2 435.5 432.8 428 419.2 408.5 419.1 413.7 415.3 426.4 425.3 426 424.7 423.6 421.9 421.6 421.2 423.3 426.1 431.4 435.5 436.2 437.3 438.4 438.1 440.1 441.2
674.7 671.3 666.8 661.3 652.2 620.6 567 540.3 513.2 497.4 487.6 479.8 476.3 471.5 468.4 463.6 460.4 454.6 450.2 444.4 440.3 438.3 436 433.2 433.4 436.8 438.6 442.2 442 439.5 428.4 425.1 423.2 420.1 419.7 416.9 415.6 417.7 417 418.8 419.9 420 419.3 421.8 425.3 429.2 433.2 438.1 441.8 446.7 448.1 444.3 444.9 442.1 437 420.4 429.1 432.3 416 431.4 435.4 436.3 437.1 435.1 431 429.7 427.7 428.3 435.2 435.1 438.4 440.1 440.8 442.9 441.1 441.1 443 444.1
704.4 707.8 710.5 702.1 689.3 662.1 626 579.7 512.4 495.4 484.7 477.3 473.7 469.4 465.9 461.2 456.5 449.8 447.5 443.6 440 436.7 438.7 440.4 443.1 444 447.6 454.1 456.5 453.4 446.6 442.4 433.1 433.6 433.5 430.7 431.4 433.8 434.4 435.3 436.7 441 441.4 441 443.6 447.3 450.2 452.1 454.7 457.9 455.9 448 446 446.1 443.6 437.3 438.8 434.7 427 433.6 434.9 438.3 442 444.1 441.3 439.9 436.4 435.2 440.1 442.3 443.2 442.2 442.7 443 444.1 446.8 447.5 448.1
728.3 721.2 716.8 711.6 682.7 654.3 623.7 593.8 541.4 496.4 479 471.2 466.9 464.1 460.8 460.7 456.5 453.1 448.8 446.2 446.1 447.9 452.2 455.6 460.6 459.8 458.5 459 459.6 456.5 454.8 460.5 452.8 447.2 447.8 449.9 452.7 453.6 452.7 454.1 456.8 459.7 461 461.6 462.8 464.5 468.6 468.1 464.4 463.8 454.4 451.4 451.9 451.3 447.8 439.6 443.9 437.9 433.4 434.1 434.6 436.2 438.9 444.2 444.8 448.9 447.5 444.1 444.3 447.8 447.9 446.5 445.8 450.2 452.2 451.5 452.6 452.4
760.9 755.1 728.9 699.2 675.3 645.4 610.1 582.3 560.3 507.9 479.8 468.4 463.5 464.9 464.2 462.9 461 457.5 456.1 456.8 459.1 462.5 466.1 470.9 470.5 471 469.5 468.5 468.9 469.6 464.9 475.1 473.7 470.3 468.9 476.1 478.1 481.2 486.1 483.1 483.8 487.3 487.4 486.3 485.3 485.3 481.3 481 473.4 464.6 459.1 458.7 453.8 450.4 447.1 446.3 454.2 447.3 437.2 440.6 443.5 441.8 442 443.7 444.9 446.4 455.7 454.2 452.5 450.8 450.4 451.7 454.2 457 456.6 456.4 458.6 457.3
793.3 775.5 745.2 697.2 664.7 632.8 597.2 563.4 549.3 524.4 492.2 472.6 465.7 467.5 466 467 467.6 466.4 467.6 468.2 470.8 474.5 478 478.4 476.4 479.8 482.6 484.9 483.7 485.5 486.7 490.8 495.9 494.5 492.2 496.3 499.5 500.2 506.9 511.3 512.5 515.3 516.2 512.3 509.8 510.3 509 503 488.4 475.8 466.7 464.1 456.2 450.8 448 451.4 451.8 445.6 446.3 445.6 449.3 447.2 450.6 451.9 454.9 455.2 457.8 462.9 458.9 455.4 458 460.3 461.3 461.7 460.4 460.5 461.1 461
806.4 781.8 742.7 691.9 672.4 622.8 585.9 555.1 535.8 520.2 495.4 473.6 468.9 471.9 475 474.9 476.1 475.9 477.1 480.5 483.7 486.4 486.4 491.7 493.8 497.4 498.8 500.1 497.8 501.2 501.9 501.2 507.4 508.2 510.5 508.1 510.5 516.2 522 524.9 527.7 532.9 538.6 536.6 529.2 523 528.4 523.6 500.4 485.3 473.2 463.8 458.7 452 449.7 449.5 449.8 451.5 453.3 452.2 451.6 452.3 455.6 457.6 462.4 463.9 462.9 464.2 465.9 464.6 465.9 467.6 466.1 466.4 465.6 465 464 465
803.6 753.8 730.2 678.7 659.5 618.3 578.3 550.1 525.8 508.3 491.1 477.2 475 482.7 486.2 486.8 487.5 489.3 491.3 494.8 496.7 498.7 504.2 508.3 512.7 514.2 513.1 509.5 505.8 509.2 510.5 513 515.8 515.1 515.9 518.6 524.4 527.7 531.9 538.2 551 554.4 558.7 563.8 553.9 547.1 553.9 539.6 507.9 492.8 478.6 469.6 461.3 456.8 453.4 451.8 452 453.5 455.7 456.5 455.4 455 457.8 462.1 466.1 469.1 468.5 469.4 474.9 474.5 473.7 474.9 475.1 473 471.9 469.9 468.4 469
792.9 746.6 703 679.5 647.3 641.5 606.8 567.7 526.1 504.7 493.7 486.4 489.6 494.8 497.3 499.7 502.1 504.3 507.6 511.3 514.1 526.8 533.6 536.6 538 538.1 535.5 531.3 526.8 526.6 527.5 531.7 529.6 526.3 525.1 530.5 537.8 541.2 547.2 556.9 567.3 578.4 587.3 580.8 574 567.7 564.5 551.4 518.1 496.4 483.2 466 464.1 461.8 459.2 456.8 454.1 455.9 456.1 458.3 459.3 458 465.5 466.7 471.6 472.5 474.2 474.6 475.9 481.8 483.4 485.4 486 483.3 478.3 476.3 474.1 478.1
772.9 742.2 702.8 671.9 643.9 625.4 603.2 572.5 541.3 520 501.6 494.9 499.9 507.2 509.9 513.3 517.4 522 528.7 535.2 543.9 556.6 565 563.4 562.8 559.9 561.2 556.7 551.9 550.4 545.9 543.3 539.9 540.6 537.9 543.8 549.2 555.4 569 585.4 601.7 616.3 615 605.1 597 582.2 570.4 546.3 523 502.9 487.7 471.3 465.5 467 464.1 462.4 458.7 460.6 460.3 462.3 461.9 465.4 469.2 470.7 474.5 476.7 478.3 479 483 484.5 487.8 490 488.2 487.2 485.6 483.6 478.3 484.3
817.9 783.6 733.7 686.8 682.8 645.6 606 565 537.4 518.1 504.8 503.7 513 518.3 522.4 527.3 532.5 542.2 555.1 562.6 573.6 583.8 587.4 596.7 593 594.6 594.7 582.4 573.8 571.6 564.6 556.8 553.6 550.7 553.4 559.1 568.4 579.1 593.3 616.9 648.6 667.5 665 660 647.7 622 605.7 573.4 540.4 515 497.6 476.4 470.9 470.4 467.8 465.2 463.4 463.2 465.8 467.2 466.9 470.3 473.2 474.8 476.7 478.2 480.7 483 485.5 488.2 491.9 493.7 489.5 489.2 487.7 487.5 485.3 489
862.5 823.5 773.6 745.9 735.8 698.6 628.8 584.3 556.9 527.5 516.6 516.8 521.2 528 534.2 540.3 547.5 562.4 578.6 589.5 603.7 622.5 630.6 635.9 637.3 645.2 634.6 636.3 630.7 630.4 630.5 607.2 578.4 573.9 572.6 579.1 588.8 603.5 626.1 652.2 680 707.2 710.5 699.4 657.8 620.5 591.7 568.9 544.3 522.5 500.9 481.2 475.7 472.9 470 468.2 468 467.3 469.6 470.2 472.8 474.8 475.9 478.9 480.7 481.3 483.6 485.5 487.2 490.8 493.6 496.1 494.6 494.6 492.8 496.2 493.6 494.2
885.9 857.8 817.4 798.4 784 724.4 651.1 621.6 593.1 554.3 539.8 535.9 533.9 538.7 545.8 555 571.6 589.9 608 629.3 647.6 667.5 676.7 687.4 695.2 700 709.4 709.6 698.2 679 658.3 627.4 613 612.6 622 623 620 630.8 646.4 680.3 706.1 711.2 706.3 672.5 635.4 606.9 585.4 555.2 534 511.6 495.6 482.2 477.9 474.9 470.9 469 467.3 469.3 471.7 472.2 472.8 473.5 474.3 478.8 482.7 484.9 487.9 491.1 494.3 494.8 497.4 499.7 500.6 500.6 499.7 501.6 499.6 502
875.4 842 807 785.9 766.3 731.2 695.6 678.2 643.6 596.4 566.9 553.5 549.7 555.7 567 578.8 598.2 618.1 645 666.6 686.3 714.1 728.3 731.8 743.8 753.1 758.2 744.2 729.2 705.6 687.7 665 672.8 669.3 648.5 662.3 653.8 664.6 678 705.1 712.6 713.9 701.2 675.3 633.8 597.6 579.2 552.4 523.3 509.8 495.4 486.6 478.5 475.2 472.5 470.2 469.8 470.8 473.3 474 474.6 475.9 479.9 483.7 489.3 492.8 495.3 496.5 499.1 501.7 503.6 505.5 506.4 504.7 505.7 506.9 510.8 514.8
869 839.3 797.4 760.9 743.4 730.1 726.6 720.3 695.1 633.3 602.6 582.7 568.4 576.4 588 601 627.7 663.3 700.8 718.2 739.9 765.7 778.7 785.2 786 770.8 751.8 731 720.6 708.5 698.2 690.8 680.9 673 675.4 680.8 688.4 695.1 711.5 715.6 709.4 703.8 687.5 659.9 626.3 589.6 564.9 547.7 523.1 505.3 493 485 478.4 474.8 472.7 470.1 469.8 472.2 474.6 476.4 476.8 479.4 486.9 492.2 496.2 499.4 502.1 505.2 509.5 510.9 512 512.3 512.2 512.6 516.7 518.4 520.6 525.1
852.8 822.7 789.9 756.1 739.6 730.9 724.7 715.3 710.2 668.1 637.6 610.4 596.7 607.8 618.5 643 674.2 711 735 764.2 793.5 806.2 809.3 804.3 783.3 757.4 737.2 727.9 728.6 705.4 700.2 686.9 674.4 674.8 678.5 681.4 685.6 700 717.6 720.9 701.3 686.9 667.1 648.9 632.5 591.6 559.4 536.5 517.8 504.6 492.1 484.7 478.5 474.8 472.1 471.3 471.5 474.6 478.4 479.9 483.4 488.3 495.2 498.7 500.8 506.1 511.3 516.7 518.9 522.8 523.6 524.8 523.9 524.5 526.4 529.4 532.5 541.2
854.6 807.1 774.7 748 731.2 724.5 705.8 696.3 688.6 675.5 643.3 623 621.8 649.1 671.4 695.3 716.8 733.6 758.1 784.6 800.8 809.9 810.6 801.8 774.1 754.6 742 730.6 721.8 710.7 700.1 697 686.9 681.3 685 682.2 690.3 709.3 727.7 726.7 709.4 671.3 642.7 629.9 611.5 594 573.7 537.8 515.3 502.7 491.9 485.3 479 475.4 474.5 474.1 475.3 480.1 482.4 487.5 491.8 496.2 500.7 503.6 509.3 515.7 520.4 525 528.6 532.3 533 534.7 539 542.3 552.5 553.8 552.1 560.1
