public/OST50/NH11.asc
ncols 200
nrows 200
xllcorner 210000
yllcorner 810000
cellsize 50
[rows 0 to 34 of 200, columns 78 to 155 of 200]
510.3 535.7 559.6 579.8 599.7 620 635.1 652.9 671.2 679.5 679.7 678.5 672.9 668 663.5 659.7 655.9 652.7 646.3 641.8 643.9 647.8 648.1 655.9 664.7 677.4 691 699.7 706.7 713.1 720 726 730.3 734 739 744.2 748.1 751.6 755.3 755.9 752.9 740.7 727.6 715.6 703.6 691.4 677.9 663.8 658.3 649.1 635.6 625 613 597.2 582.8 575.5 568.7 560.7 550.7 547.3 536.8 524.8 521.5 517.4 510.7 507.8 503.2 495.9 489.9 481.2 473.6 471.8 467.2 459.4 455.8 450.5 442.8 437.3
541.8 566.2 586 608 630.5 651.9 667.3 683.1 696.5 701.7 702.2 694.6 686.7 674 670.5 671.5 668.6 661.9 654.6 652.3 653.6 654.9 659.3 671.4 686.1 698.6 704.3 710.4 717.7 725.1 730.5 734.1 737.3 741 744.7 746.6 747.8 748.3 744.8 734.5 721.6 710.4 699.3 689.6 675.9 660.3 648.5 636.8 633.2 621.6 606.6 595.8 584.5 574.4 566 559.7 554 546.8 538.9 533.4 526 516.3 510.5 506.4 503 501.7 496.5 488.9 482.2 473.2 467.4 464.6 461.1 452.8 447.6 441.8 436.5 433.2
568.7 595.8 615.4 643.8 661 680.9 697.3 714 721.7 719.5 710.4 703.6 697 689.2 678.7 673.8 668.9 666.8 663.2 662.7 664.8 668.8 676.3 687.3 698.7 707.9 714.9 720.9 726.5 731.1 733.9 736.5 739.5 741.2 743.7 743 741.4 737.9 728.5 715.6 700.3 689.4 677.7 666.9 653 637.2 622.4 610.4 605 594.7 583.5 571.9 564.5 556.5 550.4 546.1 540.8 532.8 529 520.9 514 507.9 502 498.1 492.3 486.9 479.5 474.4 470.6 465.7 461.1 456.5 451.2 447.2 441 435.3 432.7 424.7
600.4 621.1 645 668.3 689.5 712.7 727.7 731.7 728.3 722.2 719 717.2 707.3 696.8 686.9 679.8 676 672.5 666.8 669.2 673.1 680.7 690.7 699.3 707.2 714.6 720.2 725 729.4 731.5 734.9 737.2 738.7 740.1 740.9 738.3 732.3 719.3 702.5 689.6 682.4 671.9 658.8 644 629.7 614.7 599.2 589.7 582.4 573.3 564.8 555.5 548.8 542.9 533.9 530 526.7 521.2 515.6 509.2 504.8 500.5 493.3 485 478.8 473.7 466.6 461.5 463.3 457.1 451.3 446 443.4 437.4 435.5 430.7 426.9 423
626.2 648.3 670.3 697.3 720.4 737.3 743.3 744.4 742.1 740.1 731.9 718.9 709.3 703.8 694.6 686.1 680.7 675.4 673.1 676.4 683.6 690.1 698.3 705.1 711 715.1 719.4 723.8 728.2 731.4 733.8 734.5 733.3 728.8 722 712.7 703.4 686.4 671.9 661.7 652.4 642.8 630.8 616.8 604.1 591.4 579.2 567.6 563.1 556.5 548.7 540.7 533.5 528.1 522 517.4 512 507.9 504.7 501.2 498.3 495.2 486.6 479.8 474 472 463.4 457 451.5 448.9 443.3 438.6 438.6 432.7 430.1 429.7 426 429.7
650.3 677 700.5 728.9 750.2 761.7 765.4 763.1 763.1 754.2 741.8 729.4 719.8 708.4 696.5 690.7 686.7 685.7 686.6 688.1 692.8 697.9 701.8 703.7 706.6 710 714.3 719.4 722 723.4 723.1 719.1 713.5 705.9 695.8 679.1 669.3 659.1 651.2 639.8 632.9 620.5 605.6 592.8 579.5 568.7 558.7 550.7 545.5 538 532.2 525 519.5 513.7 510.8 506.2 499.3 492 488.4 484 484.8 482.6 477.5 469.5 469.9 465.2 455.5 450.8 444.9 440.7 436.9 435.3 432.7 430.5 429.3 430.1 432.7 437.9
676.3 699.4 730.2 753.4 771.4 779.6 783.3 779.2 775.8 765.5 750.5 734.3 721.7 710.2 703.7 701.8 697.3 695.2 695.4 697.3 699.2 701.7 704.3 705.4 705.9 706.8 708.4 710.7 706.5 703.6 698.8 689.7 683 675.3 664.2 651.8 644.7 636.7 629.5 619.2 607.4 593.5 581.6 569.4 560 551.4 541.3 535.5 530.6 523.9 517.9 512.8 507.4 499.3 493.7 490.5 487 481 476.1 472.9 470.6 470.5 465.4 458.3 453.4 448.5 444 439.7 436.9 435.8 433.3 434.1 432.3 434.1 432.8 431.3 439.9 447.5
703.8 728 748.8 768.6 781.5 790.3 794.3 788.4 777.7 763.2 746.5 735.7 732.1 725.7 721.8 717.7 710.3 704.4 704 705.8 706.7 707.2 707.9 707.8 705.6 700.8 694.4 687.5 682 679.8 674.3 665.4 659 649.4 641.7 633.3 624.9 616.4 606.9 594.7 583.4 572.6 563.6 552.5 545 535.3 526.3 521.4 515.2 510 505.2 500.3 493.2 488.9 482.2 480.4 476 471.4 472.1 466.9 461.1 454 451.7 446.8 444.8 440.1 437.4 434.8 433.6 434 431.5 431.9 437.2 435 435.8 438.5 452.2 459.3
732.7 749.2 766.9 779 790.4 793.1 788.2 782.2 771.6 760.6 756.8 752.7 746.7 739 734.5 729.2 722 717.5 715.1 714.2 712.7 708.7 704.7 697.7 691.3 686.1 682.4 671 661.8 652.6 648.3 640.2 633 624.8 619.3 611.7 603.5 595 584.3 576.1 565.4 555.7 549.4 540 531.4 521.4 510.7 505.8 502.9 498.7 489.5 484.5 481.4 475.3 469.6 466.9 463.7 458.3 454 449.7 444.6 441.2 439.6 437.4 437.6 434.2 430.6 430.6 430.6 430.6 433.7 436.9 437.3 441.2 449.9 453.3 461.9 465.5
754.8 768 780.8 794.5 800.5 800.4 796.8 786.8 777.8 774.1 767.8 761.2 754.2 747.3 740.4 734.5 727.2 723.8 720.1 713.6 706.3 697.8 691.5 683.3 675 668.7 660 648.8 637.3 629.8 628.1 621.5 613.5 607.5 602 595.3 586.4 576 568.1 560.1 552.6 544 534.4 524.4 517.1 508.4 500.1 493.3 489.6 481.5 476.9 471.4 466.1 462 458.1 453.7 448.1 443.3 440.3 436.9 434.5 431.1 430.6 430.6 430.8 430.6 430.6 430.6 434 439.3 442 442.2 448.7 455.7 461.4 463.3 462.5 468.8
781.6 789.9 796.7 809.1 807.2 804.5 800 794 789.2 780.8 771 764.4 759.9 751.6 742 735.8 730.2 721.9 712.2 701.8 691.3 682.5 675.7 667.5 660.3 650.7 639.7 630.1 613.4 612.7 606.4 600.3 596.6 593.9 584.8 577.4 572.6 563.9 553.9 546 535.1 528.1 519.1 510.4 501.7 494.4 486.1 479.9 476.4 470.8 464.3 459.2 455.5 451.1 445.2 441.7 439.2 437.6 436.2 433.1 431.2 430.9 430.6 430.7 430.6 432.2 433.7 436.3 441 442.3 446.4 456.1 455.3 462.4 467.2 466.2 463.1 469.7
799.1 804.7 809.8 811.4 810.1 807.6 805.2 798.8 790.7 781 771.8 763.1 754.4 748.4 740.8 731.9 721.9 710.2 698.1 686.9 672.2 665.9 653.7 643.1 634.6 627.1 619.2 605.6 597.9 594 592.2 588.1 583.9 576.4 573.5 563.2 557.4 550 540.1 533.9 523.9 513.8 504.4 497.1 490 484.7 475.4 470.9 467 463.2 458.8 453 448.7 443.3 439.6 436.6 434.4 433.1 432 430.8 430.6 430.6 430.2 430.6 433.8 440.7 440.8 444.2 444.4 450.3 452.7 458 463.9 470.4 471.2 470.1 474 477.1
806.5 810.3 813.3 813.5 813.2 808.5 802 794.8 785.9 775.6 767.6 759.4 750.6 742.3 730.6 717.1 701.6 688.9 674.4 662.9 655.8 642.1 627.4 620.1 612.3 605.6 598.4 592.2 586.6 583.5 580.8 573.7 568.5 562.9 555.5 549.4 542.6 532.1 524.2 517.5 507.5 500.3 492.2 486.7 479 474.6 467.2 460.6 457.6 453.2 448.6 445.4 440.5 439 437.4 434.8 432.6 431.5 430.9 431.5 431.2 431.1 431.8 440.1 445.5 444.9 446.8 448.9 451.8 457.4 461.1 468.7 472.8 475.9 478.3 480 481.4 474.3
820.3 821.5 819.3 816.4 810.7 803.7 795.8 789.2 780.4 771.2 763.3 753.8 745.6 730.6 712.8 696.9 680.2 666.3 656.5 641.7 629.9 618 607.3 601.1 597.7 586.6 583.6 580.7 582.6 570.2 562.9 560 557.5 549.5 543.1 535.6 529.7 520.8 512.6 505.4 497.4 489.4 481.9 476.1 469.3 465.1 461.1 455.9 452.6 446.5 442.6 440.5 436.2 436.6 438.6 432.9 432.3 432 430.9 431.9 432 436 439.7 442.9 446.2 451.5 454.8 456.4 464.6 469.3 473.3 474.2 480.3 483.9 485.6 486.8 486.9 485.8
820.7 824.1 821.2 811.7 804.3 796 791.2 783.1 774.6 765.8 755.6 742.4 728.2 710.4 695.4 679.2 662.7 650.1 634.3 620.9 610.6 600.3 591.2 585.8 578.7 574.8 571.3 569.6 566.9 558.1 552.9 547 541.9 537.7 531.5 524.5 519.5 511.8 504.6 496.5 486.2 478.9 472.9 467.9 463.4 459 461.1 455.7 447.6 442.7 438.2 436.1 433.7 432 431.3 430.9 431.4 431.9 431 432.5 437.2 440.9 446.7 453.4 458 462.5 464.6 467.8 473.1 478.7 482.7 483.5 487.9 492.2 493 489.9 491.3 495.7
828.6 827.2 818 809.6 799.5 790.1 782.5 774.9 764.4 753.2 741.6 727 714.9 699.7 682.4 666.3 649 629.4 617.6 607.9 595.5 584.3 573.7 569.2 569.1 565.6 561.2 554.9 551.8 549 542.6 537.8 532.7 527 519.8 513.8 505.9 497.3 489.6 482.5 476.5 469.5 463.6 458.6 454.4 450.7 446.5 443 437.2 434.1 432.6 432.1 432.5 431.8 431.2 431.6 431 432 435.9 441.5 451.5 457 461.3 467.8 472.8 477.1 482 483.2 486.6 493.6 499.7 501.7 501.4 503.1 502.3 503.1 506.1 503.7
827.5 820.4 811.5 802.8 791.9 779.7 772.6 763.1 749.9 735.7 726.9 717.2 704.9 680.9 664.2 648.5 632.1 617.8 601.4 590.2 577.2 569 565.1 563.3 559.1 554.2 551.6 546.8 542.3 538.6 532.6 527.8 520.6 515.8 507.3 499.5 493.6 486.8 479.9 472.7 464.5 458.5 452.4 447.4 442.3 438.3 436.4 435 430.8 432.2 432.2 430.6 431.7 430.6 430.4 432.1 433.3 440.3 449.7 459.5 464.1 470.4 474.4 482.3 488 490.3 497.3 504.4 506.6 511.8 516 519.2 520.5 517.5 520.3 523.5 524.3 517.6
825.6 816.3 804.4 794.5 783.2 769.1 758 748.3 738.4 727.7 716.1 698.2 682.4 670.4 654 632 614.3 599.4 581.3 571.1 566.2 560.4 558.6 552.9 550.3 546.8 543.1 538.4 532.4 529.9 523.9 516 508.4 501.9 497.3 491 486.3 475.8 469.1 461.9 455.9 450.6 445.8 441.4 437.4 439.5 438.7 437.1 436.3 433.2 432.6 431.6 431.5 432 432.3 435.1 443.5 460.5 467.5 474.1 479.8 485.1 492.5 499.5 506.4 512.3 522.6 527.9 531.3 535.8 536.7 539.6 540.3 539.4 540.3 539.5 532.2 527.7
818 810 800 783.1 769.4 755.8 742.1 738 729.2 716.4 706.4 689 668.7 651.5 633.2 613.5 600.2 583 574 567.9 558.2 552.2 546.5 541.8 539.8 540.4 534.8 530.5 524 516.7 508.9 504.5 499 492.4 488.3 482.1 474.1 468.7 461.4 456.2 452.8 446 445.2 444.7 443.3 442.5 440.8 440.7 438.5 433.5 433.5 434.1 433.9 433.6 439 447.8 460.4 471.8 484 492.5 501.1 510.2 515.9 522.7 530.7 539.8 549.5 552.4 554.7 554.2 554.1 552.8 550.8 547 544.1 542.8 539.5 535.7
811.1 796.8 785.2 775.1 768.4 755.4 744.9 730.7 720.3 705 684.5 666.6 649.8 635.2 617.1 598.3 585.1 575.2 566.8 558.6 551.1 544.7 540.8 537.6 531 528.4 523.6 521.1 512.7 505.1 498.9 493.2 490.1 482.8 477.8 473.7 466.4 462.2 457.3 451.7 447.5 455.8 452.4 451 449.6 446.3 442.7 440.2 438.4 440.5 440.2 440.9 440.6 447.8 457.3 467.9 478.5 490.1 501.9 513.4 524.5 537.1 544.3 552.3 565.4 570.5 570.5 567.8 567.3 564.4 561.4 559.2 551.6 545.7 546.2 546.8 544.3 541.1
803.5 788.8 776.3 768 755.7 746.4 739.2 729.2 716 698.1 677.3 658.3 632.1 615.6 600.2 587.1 578.9 564.7 555.3 549.8 545.8 540.9 535.4 532.4 526.4 519.3 515.4 512.1 504.2 497.2 491.1 488.1 482 477.9 470.9 461.7 458 458.8 455.2 452.6 456.2 456.2 457.4 454.3 451.6 446.4 443.7 439.1 441.3 445.3 447.8 452 458.5 472.9 482.8 491.9 502.6 512.1 523.4 534.3 547.1 560.8 568 580.5 584.2 582.2 576.8 571.1 571 569.2 565.1 560.6 551.8 546.3 547.6 548 546.4 545.6
817.3 797.2 777.7 766.4 757.6 746.6 739.2 727.8 710.7 692.6 672.8 647.5 624.2 606 592.7 576.8 565.8 555.5 548.4 542.9 540.4 535.4 531.9 526.1 518.7 512.6 502.5 498 494.6 490.2 485.2 484.2 478.5 469.9 466.3 463.7 460.6 464.6 467.1 463.4 460.4 456.5 453.7 451 448.7 447 447.2 448.2 447.3 449.3 458.1 466.6 478.9 491.1 501.6 512.4 525 532.6 545.6 557.5 574.7 580.8 586.7 598.3 597.8 586.3 579.7 576.9 572.5 572.3 567.3 561 556.2 551.3 551.2 551 551.6 551.5
809.6 800.1 790.5 774.4 761 751.8 736.3 720.6 698.4 677.6 655.7 633 612.4 592.8 578.9 567.3 559.6 549.8 543.3 539.3 534.2 528.9 524.3 517.1 508.9 502.7 496.1 492.8 490.3 488.2 483.4 476.7 475.3 472.8 471.6 473.5 475.8 473.9 473.4 470.1 465.3 459.1 457.1 456.2 456.3 453.3 456.7 457.6 459.8 466.5 476.7 486.1 498 508.8 522.2 533.1 550.4 563.1 573.4 591.2 597.1 597.8 602.4 603.6 600.6 592.1 586.6 587.5 582.9 578.6 573.1 566.3 560.4 556.9 556.6 554.5 557 556.1
808.3 797.7 782.5 767.6 759.7 751.8 734.5 713.7 687 661.7 632 613.6 596.6 581.4 570.3 562.3 553 545.9 537.3 530.6 526.3 520.7 515.1 510.6 504.7 499.3 494.3 491 486.1 485.7 485.1 483.4 480.3 480.8 487 482.1 482 478.1 475.6 472.9 471.4 467.1 464.8 465.2 464.3 463.5 465.4 469.2 479.7 485 495.8 505.4 518.8 532 547.9 565.4 583.2 596.1 603.7 610.3 616.4 614.8 612.1 611.9 609.8 604.6 599.5 596.4 592.8 588.9 581.1 575.1 568.8 564.3 562 559 559.9 560.6
796.1 788.9 780.3 769.9 759.5 744.3 727.6 695.6 664.2 638.9 619.1 599 589 575.8 563.8 556.2 548 538.5 529.1 524.4 518.2 514.2 509.7 503.6 496.9 496.4 494 488.4 490 491.6 492.2 495.1 496.9 500.7 497.9 493 489.6 485.3 482.7 481.8 481.2 481.1 478.7 475.2 474 476.3 478.6 489.4 502.3 513.5 526.5 537.3 551.5 568.2 584.6 599.2 615.9 629.6 645.8 648.4 641.3 632.9 629.2 629 626.5 620.9 612.9 606.2 600.4 598.6 593 585 576.8 572.9 567.1 568.5 566.4 573.3
789.8 784 780 766.6 749.2 725.2 697.6 670.6 647.1 627.1 610.5 593.3 580.2 566.5 552.5 543.6 536 529 521.6 517.6 513.3 508.3 505 498.7 495.7 492.8 494 495.5 495.4 502.3 507.6 513.5 513.4 512.1 506.8 500.4 496.8 496.8 501.1 493.3 488.5 491.5 491.3 489.2 490.4 494.2 501.1 513.1 527 540.8 554.7 570.1 584.9 599.5 614 629.7 646.9 661 667.8 663.3 655 646.8 647.7 644.4 641.3 632.6 621.9 614 610.3 606.7 601.4 598.3 593.4 584.5 577.2 576.4 573.7 574.9
797 786.4 773.2 753.3 731.4 705.6 682.1 658.2 635.1 615.4 596.4 581.6 567.1 555.8 544 536.7 527.9 521 517.2 515 508.6 504.2 501.9 497.8 496.6 499.2 502.4 507.3 512.4 518.8 526.9 534.3 530.9 527.3 517.6 513.1 514.3 516.4 514.5 507.4 503.8 502.7 502.1 504.4 509.9 515.7 527.6 541.8 556.1 571.7 585.3 597.4 611.7 625.2 641.8 656 671.6 687.2 693.2 682.8 667.1 662.5 659.6 655.3 646.4 636.5 628.2 622.9 618.5 620.7 621.3 609.6 604.5 596.7 589.7 583.4 579.2 578
793.1 781.3 762.4 741.9 715.2 690.7 669.3 647.7 623.3 603.8 588.2 573.7 556.6 548.3 543 529.7 521 516.4 514.2 510.1 504.2 500.9 499.8 498.5 501.5 507.6 514.6 522.5 530.8 536.3 539.6 541.6 541.7 537.8 534.2 528.5 526.8 523.4 520.6 521.2 514.5 512.8 514.5 521.4 529.8 538.8 554.2 569.2 583.5 596.9 609.2 624.4 639.9 655.1 669 683 705.2 719.6 720.2 701 680.5 671.8 665.2 658.4 651.5 645.1 635.6 630.2 626.9 632.9 634.6 620.3 616.4 612.3 610.2 595.4 586.4 583.7
782.6 771.1 753.3 724.3 699.1 677.5 659.6 633.9 613 587.4 574.4 561.8 552.2 540.1 529.7 523.7 517.4 513.4 511.3 507.3 501.7 500.1 500.9 503.1 511.1 519.5 529 538.9 544.8 549.2 551.8 554.9 559.2 560.6 559.1 555.6 552.1 544.8 540.9 538.2 531 529.6 534.5 540 548.8 562.2 580.5 594.3 607.9 622.3 637.9 652.2 667.8 684.2 697.4 719.7 741.4 751.2 740.5 716.4 693.6 680.6 675.6 673.9 673 666.7 659.2 649.2 641.2 641.4 640.4 638.4 628.1 620.9 612.4 600.2 592.7 587.3
775.2 760.5 738.6 716.4 691.9 673.2 650.8 623.5 602.6 582.8 576.2 560.1 549.1 537.6 529.1 522.1 517.2 512.3 504.9 503.5 501.9 504.6 510.7 520 526.3 535.8 542.5 552.2 560.6 567.4 572.4 578.1 584.3 585.1 582.3 574.1 561.5 553.7 551.5 549.1 549.8 551.3 554.8 560.3 570.1 585 601.5 613.8 628.4 647.1 662.2 675.7 692.2 709.6 729.8 748.4 770.2 778.2 760.1 730.3 711.8 706.8 694.9 687.1 682.8 679 676.7 668.3 660.9 654.4 649.5 642.2 635.6 628 618.5 611.8 602.7 593.8
764.3 746.6 725 703.6 682.6 657.6 639.5 618.1 591.5 581 568 550.8 541.3 532.5 525.1 519.3 514.7 506.9 506.3 509.2 508.7 515.5 524.1 532.8 542.8 551.6 560 570.5 580.7 589.2 596.8 606 607.1 604.5 600.6 592.8 581.2 574.2 568.4 566.2 566.1 570.6 574.3 581.2 591.3 605.2 620.6 636.4 654.4 669 684 699.5 718.1 742.1 762.9 782.7 795.6 794.9 770.7 744.7 731.5 723.3 715.2 711.7 704.7 699.5 700.9 691.7 684.3 675.7 667.6 660.2 648.7 641.5 631.1 629.6 619.2 606.9
764.5 742.2 713.9 686.4 662.4 643.2 621.2 598 583.5 568.2 554.8 541.5 535.3 527 520.1 515.9 511.8 510.7 511.9 512.9 519 530.6 538.2 549 560.5 570.1 579.7 588.3 597 607.3 613.2 617.1 619.8 621.7 620.2 612.8 599.9 590.2 589.6 586 583.3 590.1 592.9 600.3 608.9 626.8 646.6 663 677 690.7 706 727.4 747.7 768 786.4 804.2 812.7 812.8 792.1 762.3 746.8 742.6 741.2 733.6 725.3 721.2 717.5 712.2 702 692 685.7 674.9 663.5 654.5 644.6 634.6 626.1 617.5
741.8 717.2 694.2 672.9 655.2 632.5 612.2 589.1 571.9 557.8 548.2 537.3 528.2 521.3 516.1 512.4 511 514.5 518.3 525.4 533.9 543.3 554.2 564.4 577.8 587.8 596.8 605.8 614.2 621.1 625.6 630.8 637.3 639.4 630.1 624.4 618.5 609.9 603.6 599 603 607 611.2 616.2 626.5 646.4 664.2 676.3 693.2 708.9 732.7 753.4 775 795.3 810.5 820.4 830.9 833.1 816.5 789 769.7 759.4 747.7 736.5 730.8 729.3 727.3 719.7 711.7 710.3 706.2 696.9 685.4 671.7 663.1 653.1 639.7 625.6
729.4 710.7 691.3 668.8 645.4 622.9 605.9 586.2 564.2 549.6 539.9 530.1 523.5 517.9 514.3 513.3 516.3 518.1 528.2 537.6 548.7 558.8 569.5 581.1 592.8 603.7 612.1 620.5 627.7 632.9 638.8 645.6 646.7 645.3 644.2 638.7 632.5 629.3 624.1 614.6 618.3 622.1 627.3 634.9 650.1 661.2 680 697.7 714.2 728 757.6 778.9 796 813.3 822.5 830.1 843.1 840.8 823.6 794.4 778.1 767.8 759.2 748.8 742.9 744.7 741 734.9 728.6 727.8 728.8 720.5 711.3 697.5 677.8 665.1 656.1 644.5
726 706.6 683.5 655.4 632.9 612 595 572.9 558.6 545.9 535.2 525.1 520.1 519.6 520.1 520.6 524.6 532.8 543.7 551.5 564.3 576.7 589.2 600.9 611.5 620 626.5 634.2 641.5 647.5 653.7 660 660.7 656 656.7 657.2 649.1 640.6 635.8 629.5 636.1 642.1 646.3 653.1 665.4 680.4 696.6 714.3 735.4 756.2 773.2 790 801.6 816.8 830.5 848.3 857 854.9 839.8 822.1 798.1 783 770.7 761.3 758.6 760.3 763.4 757.9 756.6 759.5 753.2 750.7 738 714.1 689.1 676.8 676.3 670.5
