public/OST50/NH12.asc
ncols 200
nrows 200
xllcorner 210000
yllcorner 820000
cellsize 50
[rows 70 to 104 of 200, columns 78 to 155 of 200]
965.3 971.7 976.4 997.4 1017.4 1037.2 1049.3 1063.8 1052.1 1042.6 1041.2 1049.8 1042.8 1044.4 1036 1018.8 984.5 960.6 941.7 928.7 922.9 904.4 902.6 902.6 891.7 879.9 870 862.1 856.7 848.4 838.4 806.3 785.2 741 729.7 714.3 710 709.3 716.5 726.8 718.4 724.5 729.5 729.8 736.9 742.4 744.8 750.9 760.5 770.5 780.6 792.1 804.9 816.9 828.9 842.4 856.2 866.7 878.6 893.9 908.5 917 928.1 941.9 944.5 945.4 942.8 910.2 879.1 860.8 833.7 819.4 805.6 795.2 782.1 764.5 741.8 722.6
982.8 991.3 1001.1 1023.4 1040.1 1057.3 1069.1 1086.4 1097.9 1087.4 1097.4 1094.4 1092 1088.8 1054.7 1004.3 973.6 955.3 938.7 921.4 903.7 891.4 893.4 892.1 888.4 873.9 863.3 858 852.2 843 832 797.3 767.6 743.3 717.4 706.8 697.4 694.4 693.9 697.5 699.9 701.4 707.8 711 713 719.9 726.4 723.2 735.8 746.4 756.3 766 776.1 787.3 799.9 811 815.4 826.2 844.7 858.2 869.2 874.9 889.1 907.5 912.5 916.8 917.9 917.2 899.7 882.2 858.9 842.4 829.8 817.9 802.6 783.4 760.8 744.7
1001.2 1009.8 1026.4 1048.9 1064.1 1077.5 1089.6 1101.8 1111.9 1118.4 1125.1 1127.1 1121.1 1097.9 1043.5 1000.5 971.6 955.9 936.5 912.2 888.9 877.8 883.8 886 883 872.2 863.5 856.5 848.6 837.9 824.6 797 760.9 737.4 709.4 696.5 688.9 683.7 679.4 679.1 681.1 685 688.3 692.3 691.8 698.5 701 705.7 702.4 719 730.1 738.7 746.8 755.1 763.5 771.5 779.3 787 802.5 820.7 830.6 836 851.3 865.3 867.5 878.7 882.3 883.6 873.7 862.7 849.4 827.2 814.8 798.8 777.1 753.6 730.2 709
1037.5 1040.2 1056.1 1073.4 1085.8 1098.2 1108.2 1116.5 1113.2 1114 1115.9 1117.9 1113.1 1091.3 1039 996.2 972.4 954.3 933.8 912.7 888.6 873.6 873.9 874.7 872.9 865.6 853 852.8 846.2 834.3 820.8 799.7 767.1 738.6 714.9 696.7 683.4 674.1 671.1 666.8 665.1 667.3 668.1 669.7 671 675.6 678.7 678.7 680.1 689.1 697.8 705.4 712.1 717.8 726.2 733.1 742.6 752.7 764.4 775.1 787 796.3 809.9 817.5 824.9 830.3 836.9 842.3 841.3 827 800.4 797.3 779.7 761.8 734.8 717.4 697 670.2
1077.5 1075.1 1086.2 1094.7 1103.4 1112.2 1120.2 1119.2 1108.5 1102.6 1104.9 1109.3 1104.5 1067.6 1029.6 994 970.4 954.2 928.1 903.3 889.3 879.2 871.7 867.4 859.8 852.4 843.9 838.8 838.6 831.9 822 807.9 781.7 749 720 702.4 686.4 675 665.1 660 654.6 653.1 650.4 648.3 646.8 652.6 653 654.7 652.5 655.8 664.2 672.3 676.5 681.9 689.1 698.6 710.1 720.5 725.8 732.4 744.9 754.5 766 774.3 776.4 780.6 790.8 794.2 795 770.4 757.7 749.3 732.1 709.8 698.6 677.3 659 641.3
1111.7 1110.3 1106.2 1110.1 1111.1 1102 1102.5 1101.8 1086.5 1081 1087.1 1092.3 1090.1 1076 1016.3 984.2 958.8 938.9 922.8 910 903.9 889.5 870.6 860.4 851.4 846.1 840 836.7 833.4 827.5 819.9 806.9 789.3 751.5 724.5 702.5 690 678.5 669 657.6 652.8 641.2 633.4 628.3 622.9 626.5 625.4 625.6 621.8 626.4 632.9 636 642.2 646.3 653.6 665.8 674.1 683.5 689.4 695.8 700.4 710.9 716.3 720.6 727 736.4 741.9 748.7 750 728 712.8 695.5 680.8 672.3 665 657.3 637.4 617.8
1124.4 1109.1 1098.6 1098.9 1083.7 1079.6 1078.3 1076.7 1069.2 1067.4 1071.4 1074.6 1074.4 1068.6 1025.5 986.4 960.3 937.6 916.5 904.6 894.5 879.7 867.4 852.1 840.7 839.6 832.1 826.4 818.4 821.1 816.1 805.1 790.2 769.1 733.5 710 688 675.4 665.7 656.7 654.1 642.1 625 616 610.7 603.6 600.6 600.6 600.6 602.7 604.1 608.2 613.4 617.1 625.4 635.4 640.7 647.8 652.7 659 664.8 671.2 675.9 682.2 686.7 691.2 694.7 698.6 697.1 677.5 667.4 664 651.7 644.4 634.2 626.3 616.2 599.4
1086.9 1086.4 1072.9 1072.7 1060.9 1061.2 1058.6 1058.1 1055.1 1052 1056.8 1057.8 1053.7 1049.1 1039.5 1000.9 970.8 944.3 918.3 899.6 883.7 866.9 853.8 843.8 842.6 833.5 820.1 809.4 804.1 793.1 785.5 779.7 770 755.8 733.7 711.5 686 667 658.6 649.5 637.6 637 628.6 615.7 606.3 594.9 588.3 588.3 583.1 580.9 580.6 583.4 588.7 590.1 598.3 606.4 609.8 615.8 620.6 626 632 634.9 640.2 645.7 649.1 654.8 651.3 648.9 648.2 641.2 635.5 635.2 626 614.9 610.9 603.5 596.9 584
1049.8 1060.1 1048.7 1045.1 1041.2 1040.5 1039 1039.4 1038.9 1036.6 1039.8 1038.7 1033.8 1027.5 1025.7 1013.7 980.2 950.2 924.6 901.6 881.5 867.2 855.4 846.1 834.4 804.6 803.7 787.7 781.8 763.8 742.8 737.3 735.4 727.4 719.3 699.1 678.1 662 650.1 638.6 628.6 616.5 613.6 610.5 594.3 588.9 577 576.5 568.6 566.3 563.3 561.5 559.8 566 572.5 578.2 580.5 587.9 593.1 598.2 602.9 606.5 611.1 615.2 615.5 615.3 614.8 616 616.4 612.5 607.4 607.8 599.5 595.7 587.9 579.9 572 565.1
1018.2 1029.3 1022.8 1009.7 1012.9 1018.8 1017.3 1019.1 1016.4 1012.6 1014.7 1014.6 1013.7 1006.7 1004.7 997.5 980.7 958.3 933.2 906.7 884.6 864.5 849.1 828.1 803.4 786.9 769 746.9 724.5 721 708.7 701.6 698.1 688.7 681.9 673 658 645.2 635.3 618.6 608.5 599.1 591.6 590.5 579.8 570.7 564.9 565.9 562.3 554.4 550.6 548.7 547.7 546.7 550.2 553.4 554.9 565.1 570.6 575 578.3 586 588.2 587.8 589 589 590 591.7 590.7 586.6 582.2 580.7 578.6 573.6 565.9 557.4 550.1 545.8
979 984.7 988.7 976.2 979.9 998.6 1002 989.4 980.5 976.4 979.2 979.5 982.1 980.9 978.7 973.5 952.4 922.8 906.3 887.8 869.4 848.7 825.6 805.4 789 777.2 760.7 737 714.4 693 685.4 674.8 665.5 655.9 646.9 638.6 629.9 620.1 612.6 604 593.8 585.1 580.2 576.8 568.8 563.1 558.8 555.2 548.9 553.1 549.2 536.4 535.4 536.9 537.4 538.2 540.4 546.3 548.7 553.6 558.8 565.4 566.9 563.2 565.4 564.7 562.8 563.5 565.7 560.1 557.1 556.5 553.7 550.1 542.6 536.5 531.1 526.6
941.3 946.2 951.2 949.4 950.4 963.4 965.4 956.9 944.5 940 941 945.1 947.8 947.9 949 948.3 926.3 886 867.9 859.1 848.5 837.7 823 799.6 787 772.3 749.4 719.5 702 686 669.4 646.5 638.8 631.2 624.5 616.4 609.6 603.4 597.2 591.8 583.8 577.7 575 569 563.5 558.8 557.4 555.7 555.4 555 547.9 542.7 541.5 537.7 534.7 533 531.7 526.3 533 536.8 541.5 543.9 544 541.1 540 542 541.6 539.9 539.1 537.2 534.3 533.9 531.2 527.1 522.8 518.2 512.8 506.9
909.8 914.7 918.2 922.1 919 928.4 929 924.9 912.2 908.7 910.3 911.6 913.5 913.8 917 912.9 896.3 862.6 837.2 816.7 810.8 797.9 784.3 767.3 750 732.4 709.3 693.8 684.9 677.1 663.6 642.4 627.4 618 610 603.9 599 595.3 589.8 582.5 578.6 573.6 570 566.7 563 560.4 560.4 560 555.4 550.4 548.7 544 543 542.2 542 543.2 545.9 534.7 524.4 525.5 522.9 523.1 522.6 522.2 520.5 521.5 523.1 518.9 519.7 517.5 515 514.1 510.3 507.8 506.4 503.2 496.1 491.2
889.4 891.5 894 894.7 894.5 902.2 902.1 894.8 886.2 883.4 885 888.9 887.6 887 884.4 878.5 859.1 828 799.5 785.7 768.6 760.2 749 742.1 731.3 716.3 701.5 680.8 667 658.7 648.3 634 618 611.7 606.4 601.6 598.6 596.3 589.4 585.6 579 574.1 571 568.2 569.5 567.3 566.6 565.3 562.5 560.5 557.6 552.9 551.3 550.1 551.1 548.5 544.3 536.5 533.6 520.5 524.5 517.7 514.2 513.3 508.6 505.4 503.4 503.5 500.5 499.2 501.8 501.4 499.2 496.9 494.2 491.8 486.3 482.7
861.9 866.1 867.4 874.4 869.3 875 874 867.3 861.2 861.2 862.2 864.2 862 853 848.5 844.2 826.8 808.1 786.7 762.8 745.8 727.9 718 712.4 703.6 697.8 686 667.9 652.8 641.9 632.4 625.1 615.7 610.4 606.5 604.9 596.5 590.8 586.1 578 574.9 579 579.7 576.5 577.4 575.8 574.4 572 570.9 569.5 564.6 563 562 562.1 561.1 555.4 550.1 546.7 540.5 540.4 538.2 533.4 528.2 525.1 524.1 520.7 509.3 502.5 500 498.8 491.5 490.6 487 484.9 484.1 480.1 477.2 476.7
836 841.1 843.1 842.6 842.9 847.6 849.8 845.5 846.5 846.8 845.7 838.7 828.1 820.6 815.6 812.2 795.2 781.5 763 742.1 725.4 712.2 698.8 687.8 683.3 675.3 665.9 651.3 637.6 633.3 627.2 618.5 610.7 608.8 600.9 599.5 598.2 592.9 586 592 589.2 587.3 587.8 586.8 584.6 582.4 580.9 579 576.9 575.8 573.1 573.8 572.6 571.2 565.9 561.5 559.7 553.9 551.3 549.3 546.2 543.6 540 534.8 528.7 518.2 511 507.8 504.8 501.1 496.7 491.8 489.1 487.2 485.1 483.5 482.9 481.3
811.9 817 818.7 819.9 817.2 822.1 824.6 818.9 827.2 821.9 818 809.9 798.1 786.8 775.1 767.5 761.9 741.7 734.6 712.1 701.5 690.5 680.4 671.8 663 654.7 645.5 636.9 627.1 620.4 613.7 609.7 607.5 606.6 599.4 598.5 590.2 592.7 598.4 597.6 597.3 595.1 594.9 593 590.6 587.5 585.7 584.5 583.9 583.2 582.3 584.3 580.1 574 568.5 566.7 562.2 561.3 562.1 557.9 555.8 548.7 543.9 535.8 528.3 519.8 512.2 510.3 507 504.1 503.5 501 494.7 493.9 491 490 488.7 489.7
780 783 788.1 786.7 788.2 791.6 791.5 789 791.9 788.3 783.5 775.8 763 750.4 739 729 717.5 705.3 697.2 688.5 679.4 668.6 661.4 653.7 647 636.4 629.1 622.9 617 609 606.4 601.4 602.3 600.5 604.5 604.7 605.6 606.8 606.1 605.2 604.5 603.3 601 598.9 596.5 593.8 591.4 589.9 589.8 588.9 585.5 585.2 580.7 577.6 573.1 573.3 573.6 571.3 569.3 560.9 557.4 551.6 539.5 530.4 524.3 520.1 518.9 514.8 509 507.6 503.8 501.5 499.2 496.3 496.6 497.6 494.5 498.5
755.4 756.4 754.6 759.5 761.4 759.2 759.1 758.2 758.3 753.6 746.7 737.3 726.1 718 710.1 701.6 691.8 684.1 674.2 666.4 658.2 650.2 645.3 638.8 631.2 625.6 618.2 613.7 610.5 606.8 603.7 609.7 609.3 610.6 613.1 613.8 614.8 615.4 614.9 613.4 611.7 609.6 607.5 605.2 602 599.7 598.2 596.8 597.9 593.1 586.5 585.7 584.6 583 576.9 579.2 576.9 571.2 566.1 558.7 552.6 543.8 535.2 532.4 528.1 524.7 519.9 518.1 514.6 511 510.4 510 504.7 506.5 509 507.7 503.9 505.7
739.1 735.7 736.7 741.6 741.9 739.7 733.6 732.9 728.6 725.4 719.2 712 705.1 698.2 689.9 682.1 672.9 664.2 656.5 648.8 642.9 637.4 635.7 628.8 622.1 619.3 614.5 608.7 608.8 608.4 608.8 615.3 617.4 619.8 622.4 623.8 624.8 624.9 624 623.4 622 620.4 618.5 615.4 613.5 613.1 610.6 613.6 611.8 610 606.5 595.4 588.9 586.9 581.9 578.4 574.4 567.2 561.6 558.2 552.1 543 542.2 538 535.4 530.1 526.4 522.8 520.7 516.6 518.1 517.6 511.9 514.1 513.8 514 511.3 512
718.2 719.2 720 720.9 719.3 718.5 716.3 712.2 707.9 700.8 695 690.6 685 678.2 672.6 667.2 659.6 650.9 643.8 637.8 633.1 629 629.4 625.7 619.7 614.6 612.6 612.6 613.6 613.7 614.8 622 626.7 630.5 633 634.5 636.1 636.3 636.4 635.7 634.6 633.2 631 628.6 625.8 621.8 622.3 619 615.1 611.4 610.4 607.4 610.8 601.6 589.2 583.5 572.4 565.6 560.9 558.7 553.6 553.6 550.3 544.2 539.7 536.3 531.5 524.8 522.8 521.6 520.6 519.5 516.9 514.7 513.6 512.7 513.9 513.7
699.5 703.2 703.4 702.8 700 699.3 696.7 695.4 689.9 683.9 678.2 672.7 668.8 662.1 656.7 651 645.7 641.5 634.9 629.1 626.9 624.2 621.1 617.4 616.8 615 618.5 620.8 620.4 624.1 626.5 633 637.6 642.8 645 647.2 648.7 648.9 649.7 649.9 648 646.5 643.8 640.6 637.1 633.6 629.8 626.7 625.9 618.7 611.3 607.9 603.7 597.7 598.2 589 581.3 569.4 562.6 561 557.8 555.4 548.6 543.9 539.9 537.4 534 527.7 524 521.9 521.6 518.8 516.9 514.6 513 512.5 512.9 513.3
689.7 690.3 690.9 689.8 687.4 686.2 682.2 679.6 676.5 673.1 666.6 661 656.1 649.8 644.9 641.3 638.3 636.9 635.9 629.9 629.1 628.9 628.2 624.1 625.7 625.5 628 629 631.5 634.5 636.8 642 648.5 654.1 656.7 659.1 660.2 661.6 662.5 661.5 659.8 658.4 654.9 650.1 646 640.8 637 634.2 630.3 622 613.4 609 603.4 602.6 599 586.1 582.1 576.4 573.2 563.8 556.4 553.8 550 544.1 540.3 537.9 532 528.7 523.6 520.3 519 517.2 516.4 514.4 512.5 512.4 511.5 511.9
683.1 684.5 685.3 683 681 677.7 673.1 671.3 668.2 666 658.8 653.3 647.9 643 640.4 637.8 636.4 635.3 640.5 639.2 633.9 635.8 634.2 634 636.3 637.1 641.5 642.2 645.2 645.3 649.1 654.8 660.3 664.8 667.8 670.1 671.7 672.8 673.2 672.2 670.8 668.5 664.7 659.2 652.9 646.7 640.9 638.1 633.5 627.2 619 616.9 613.3 607.6 596.8 587.1 579.1 579.1 579.3 575.3 563.7 555.3 548.5 544.7 542.6 539.2 535.1 530.5 526.5 521.7 519.6 519 520.2 518.4 515.6 514.5 513.4 512.6
684.8 683.5 680.4 677.8 676.9 671.4 667.7 664.2 662.2 657.4 656.8 653.1 647.8 645 645.5 643 643.1 646.9 647.2 647 643.2 645.4 640.7 642.4 647 651.4 654.8 655.8 656.7 659.3 663.1 667.8 672.1 675.4 678.2 680.8 682.5 682.9 682.8 682.3 680.3 677.9 673.9 668.4 661.6 654.6 647.9 642.4 636.8 630.7 624.6 623.8 619.2 611.9 600.5 588.3 580.2 579.8 577.4 573.3 568 561 553.9 548.6 544.4 540.3 536.1 532.5 529.1 523.6 521 524.2 524.6 522.7 521.9 518.5 518.8 519.3
688.9 688.7 686.8 685.6 684.4 680.6 674.6 673.5 671 668.3 666 661.8 660.5 658.4 656.6 654.2 657.1 657.4 654.9 656.8 653.6 655.8 653.9 655.6 661.6 663.1 667.6 669.7 669.8 673 675.5 678.6 682 685.2 688.5 690.3 691.3 692.2 692.3 692.1 690.1 687.3 682.6 676.4 669 661.6 654.1 647 641.2 636.3 632.4 630.3 620.6 615.5 606.6 594.6 585.6 586.7 579.4 574.9 569.8 562.6 556.3 550.7 544.6 540.8 535.9 532.5 529.3 523.4 525.4 529.5 527.8 524.4 521.9 521.8 522.2 523
694.4 695.8 696 695.4 694.1 690.4 686.4 681.9 679 677.2 676.5 673.4 669.3 667.2 665.4 667.6 666.3 661.1 663.7 663.4 664.3 666.8 668.3 670.1 674.9 677.7 681.1 682 683.5 685.3 686.7 688.6 692.1 695.1 698.4 699.6 700.3 700.9 702.2 701.6 699.9 696 691 685 677.9 670 661.3 653.2 645.8 642.9 637.4 631.3 626 617.4 608 596.2 587.8 587.2 581 571.5 565.9 561.2 555.7 550.1 543.7 537.9 533.5 532.9 532.8 527.8 528.6 528 526.5 529.3 530.3 529 527 524.6
709.1 707.2 709.1 711.1 707.2 701.4 697.1 694.3 692.3 687.8 684.8 681.5 678.3 677.4 677.5 676.6 669.5 669.5 672 675.5 677 681.4 683.2 687.4 691.2 693.5 694.9 695.2 696.1 697.1 698.5 700.9 704.2 706.7 708.4 710.2 711.6 712.5 711.8 711.8 712 709.3 703.2 696 687.9 679 669.5 659.7 650.2 643.2 636.5 630.1 622.1 612 601.2 592.2 586.5 583.8 577.3 570.2 565.4 561.9 556.4 549.8 541.5 535.9 535.2 534 533.9 529.4 529.6 531.6 530.6 532.9 532.4 530.5 530.6 526.6
726.8 724.3 725.5 723.6 715.9 710.1 710.9 709.4 703.5 698.4 695 691.8 690.7 691.6 691.5 689.4 683.1 684.3 687.2 691.5 695.6 698.2 701.7 703.3 704.8 706.6 708.3 708.9 708.8 709.2 710.8 713.1 715.5 717.7 722.6 724.8 725.6 725.8 726.8 728.7 726.9 722.6 714.3 706.7 697.6 687.2 676.7 666.4 657.1 646.9 637.1 629 620.6 609.8 597.3 587.1 580.8 579.7 576 570.5 564.7 559.3 555.2 548.6 540.6 538 536.9 535.3 534.5 530.7 532.4 536.5 536 535.5 533.3 532.1 531.9 529.9
748.6 743.4 737.8 730.9 728.1 723.3 723.7 720 714.2 710.2 708.6 705.1 705.2 705.7 705.4 702.9 702.1 702.9 705.7 710.6 711.9 713 715 716.6 717 718.2 718.6 718.7 717.7 718.5 719.9 722.1 727.1 732.2 735.7 737.2 738.4 740.2 743.8 746 744.5 736.8 726.5 717.1 707.9 696.4 684.8 672.7 661.2 648.6 642.9 631.8 618.7 605.7 595.4 586.6 578.2 576.3 575.1 573.3 567 562 555.8 551.8 545.7 543.2 537.1 536 534.2 532.4 537.4 539 537.5 536.8 535.4 534.6 534.1 532
759.8 753.7 746.6 743.7 738 734.9 731.9 729.1 726.5 724 720.6 721.6 723.1 724.6 720.5 718.8 719.8 719.3 720.4 720.1 719.8 721 722.6 723.5 724.9 725.9 725.8 726.1 726.6 726.8 729.1 732.8 739 745.7 750 750.9 752 755.5 759.3 760 755 746 736.1 727.8 720.9 712 695.5 679.5 669.1 654.8 641.6 629.4 616 603.1 595.8 585.4 577.6 573.1 571.6 570.5 567.9 562.7 559.1 552.1 547.1 546.1 541.9 538.2 536.4 537 542 542.7 541 539.3 540.3 537.2 536.5 535.2
778.4 771.7 768.9 757.1 752.5 746.6 742.9 743 742.7 741 740.2 739.2 738.2 737.6 734.6 733.7 736.1 737.2 733.5 732 731.9 732.1 731.4 730.9 731.4 732.5 734 734.8 734 735.3 739 745.4 752.3 758.6 765.8 769.9 771.6 772.6 776 773.3 764.1 751.2 739.1 730.4 722.5 715 702.2 685.1 671.6 659.1 646.3 631.2 618.3 603.6 594.7 585.5 577.6 571.8 566.2 566.7 565.3 562.5 559.4 553.7 548.9 546.8 543.6 541.4 542.7 542.5 546.7 547.3 547.4 543.7 542.9 540.9 538.3 534.3
796.9 789 782.2 774.1 771.7 766.5 761.7 761.7 762.1 764.2 764.4 758.6 757.7 754 752.1 749.2 750.6 752.8 746.5 741.8 740 738 739.4 742.9 742.9 743.3 744.1 745.4 745.7 747.5 752.4 760.9 769.9 780.2 785.7 789.9 790.5 792.6 794.3 787.7 772.7 755 742.2 731.5 721.3 711.9 702.8 689.1 674.1 660.4 651.3 641 621 605.9 593.8 587 579.7 572.1 567.2 564.6 562.6 560.3 556.7 554.2 551 548.3 546.5 545.8 546.4 546.5 547.7 548.1 547.8 545.4 543.6 540.7 537.3 535.7
813.3 811.4 806.8 797.1 797.3 786.8 780.1 782.2 780.9 781.6 779.1 776.4 780.3 772.1 767.7 758.2 761.7 761.5 755.7 751 745.7 748.6 755.6 756.9 758.8 759.7 760.6 761.8 765.7 771.1 778.3 787.9 795.8 807.1 815.5 814.8 811.8 809.2 802.9 790.2 775.2 761.9 750.4 738.2 728.7 723.7 718.1 706.1 690.5 668.7 651.4 636.4 620 604.3 594.6 585.9 578.1 572.3 567 563.9 560.3 557.3 554.9 552.1 549.1 546.4 549.1 549.5 548.6 549.1 548.7 548.7 548.3 545 543.6 541.8 539.7 537
841.2 843.6 839.1 826.7 828.4 816 812 808.6 795.5 794.5 799.1 792.5 800.4 787.5 785.7 782.2 779.5 781.2 768.5 762.3 761.8 767.2 774.1 778.6 777.4 782.3 786.3 791.1 792.1 798.7 806.5 816 826.9 838.5 837.2 835.1 829.2 820.8 815 799.1 783.6 771.6 761.2 750.7 743.3 736.4 728.3 716 701.6 684.8 666.2 642.5 623.2 606.3 601 590.1 577.7 572.7 568.1 563.4 561.7 558 556.5 554.3 553.3 551.6 551.5 551.1 550.4 550 550.6 549.5 546.2 545.1 544.9 543.6 540.8 539.5
