public/OST50/NH12.asc
ncols 200
nrows 200
xllcorner 210000
yllcorner 820000
cellsize 50
[rows 105 to 139 of 200, columns 78 to 155 of 200]
889.6 880.8 879.7 868.7 864.8 871.2 855.5 839.9 826 823.2 821.3 815.4 819.7 802.9 803 803.6 800.9 798.3 787.3 783.9 789.5 795.2 800.3 805.5 807.4 810.5 815.5 819.4 824 829 838.9 852.3 861 862.2 854.9 838.4 824.1 813.6 806.8 797.3 787.4 776.7 767.1 758.8 752.2 741.4 728.8 716.1 698.5 681.9 665.5 647.1 627.4 610.9 600.5 593 581 576.3 570.1 566.2 564.4 559.1 556.3 554.5 554.3 553.9 553.6 551.8 551.2 550.9 550.7 548.8 548.5 545.7 543.2 541.5 540.7 543.4
951.4 940.3 941.8 918.3 908.2 922 906.9 890.1 866.1 860.6 844.5 843.8 845.4 835.4 834.5 829.8 828.8 825.7 821.8 825.2 828.1 832.6 833.4 844.2 851.4 850.9 850.8 856.2 861.6 867.4 878.5 885.5 885.3 869.3 848.1 826.7 811.9 804.9 802.7 795.4 787.7 777.5 768.3 764.2 758.8 746 731.3 716 706.3 687.5 667 648.2 634.3 616 602.3 590.3 583.1 578 573.6 566.8 561.6 558.2 556 555.2 554.5 554.2 553.6 552.3 552.3 551.2 550.9 549 550 544.1 543.1 542.4 543.7 546
988.9 986.5 988 965.8 956.3 970.1 961.3 934.2 907.7 890.7 871.1 863.5 871.5 873.5 872.7 865.6 866.5 861.9 859.2 865.6 877.4 885.8 884.8 886.9 891 891.1 893.7 894.7 903.8 910.7 918.2 913.7 888.3 857.9 835.7 818.2 810.4 812.4 805.3 792.6 786.5 774.4 764.5 758.8 754.6 746 731.5 717.8 700.8 683.6 665.8 650 638.9 621.9 604.7 593.3 584.9 576.7 574.1 566.8 559.2 554.7 552.1 552.9 552.3 552.8 552 551.5 550.8 550.1 549.2 547.5 545.6 543.2 543.1 544.1 547.2 549.3
982.4 987.2 986.3 983.2 978.4 971.5 964.4 958.4 941.5 918.3 894.7 882.3 897.2 899.9 907.8 907.1 908.9 904.8 906.7 911.4 915.6 922.3 921.2 923.1 925 926.7 931.4 937.4 942.9 951.1 956.5 935.3 891.6 855.6 829.5 816 810.5 811.3 807.2 792.7 792.6 788.2 771.5 755.8 745.8 739.2 725.7 714.4 698.9 679 664 649.5 641.9 624.4 608 596.9 590.2 580 578.5 571.1 561.9 554.1 550.1 548.1 548.7 549.6 550.8 549.3 549.1 548.3 548.3 545.4 544.6 543.1 543 543.8 545.6 547.7
959.6 966.3 967.8 966.2 962.7 960.4 958.4 951.3 945.9 940.1 928.2 915.7 925.8 914 938.2 951.5 945.1 941.3 948.2 957.4 953.4 960.3 958 959.2 962.2 962 966.7 971.5 976 982.8 982.6 947.6 900.4 860 835 820.5 814.9 819.8 814.4 801.3 795.4 790.5 773.3 754 737.1 724.1 711.8 691.3 675.7 665.9 654.6 641.7 633.5 624.2 614.5 605.5 595.8 581.2 574.1 568.9 561.3 553.9 549.6 545.4 546 548 548.1 547.1 546.9 546.7 547.4 544.6 543 542.8 542.7 543.1 544.4 547.3
929 939.5 944.2 944 942.6 941.5 940 936.8 935.1 931.2 926.8 921.9 923 932.5 943.5 954 959 962 975 983.6 991.1 993.7 996.6 997.4 998.5 997.4 998.2 1003 1006.9 1006.8 1001.4 983.5 931 882.4 846.8 837.2 827.6 840 823 808.9 796 784.3 766.3 752.5 732.8 709.6 689.4 676.7 665.2 656 647.1 641.3 636 629.2 622.3 608.5 595.9 584.3 572.8 572.3 563.3 555.7 550.8 545.9 545 546.1 546.6 545.3 544.7 543.2 542.6 542 541.8 542 542.6 543.4 543.7 547.2
896.6 903.2 907.8 914.2 917.7 919.7 921 920 919.9 916 911.2 903.1 908.6 922.4 939.3 951.5 959.3 964.7 976.6 987.1 995.4 1001.3 1005.9 1009.1 1012.3 1014.1 1016.8 1020 1022.6 1023.6 1024.3 1020.5 971.5 918 883.6 866.2 844 841.6 830.8 819.8 801.9 783.2 760.1 743.9 732.5 711.9 685.9 675.7 665.4 653.8 644.8 638.5 636.6 626.6 618.2 608.6 597.4 586.2 576.6 570 564.8 555.6 550.3 546.3 544.8 546.4 548.3 544 542.8 542.1 540.9 540.6 541.1 541.5 542.1 543.2 542.4 542.8
866.3 873.5 878.1 881.9 888.1 894 899.1 900.5 901.6 897.6 887.4 880 890.5 907.7 929.1 944.4 957.7 973.1 985.4 993.3 999.1 1003.9 1008.1 1009.4 1013.6 1015.2 1016.3 1024.1 1032.7 1035.7 1034.9 1030.9 987.3 944 920.2 898.8 874.1 858.3 836 815.8 797.9 780.4 760.5 744.3 729.8 714.9 686.8 668.8 659.9 651.4 643.6 637.4 630.3 622.3 614.4 608 597.5 585.4 581.3 571.1 564.3 557.6 551.4 548.1 545.6 542.2 543.6 542.9 541.5 540.9 539.3 539 539.1 539.5 541.4 541 540.8 542
831.8 836.6 845.9 852.3 859.8 870.2 874.4 879.4 880.5 872.3 861.6 858.3 873.7 893.8 916 936.9 951.7 968.2 980.4 989.5 995.6 1000.8 1004.7 1008.6 1010.5 1012.4 1015.9 1020.3 1023.5 1027.1 1029.6 1029.4 1020.3 1002.7 949.7 922.1 908 885.3 852.7 820.7 800.2 778.2 755 739.3 717.8 701.6 683.3 669.3 660.1 653 645.2 638.4 629.5 620.6 614.4 608.7 603.3 595.2 590.5 574.9 565.8 561.3 555.5 549.3 545.4 540.3 538.4 538.2 539.1 538.6 537.3 537.6 537.4 537.9 543.1 542.6 542.8 539.5
794.3 801.8 808.9 815.9 828 841.8 848.6 858.6 857.4 843.3 837.8 839.6 860.2 884.6 906.9 929.1 945.4 960.4 971.1 977.9 984 988.9 992 995.5 998.3 1000.5 1004 1007.2 1009.5 1013.2 1016.9 1018.9 1022.5 1022.6 1010.4 986.5 949.7 905.8 865.5 821 794 774.3 754.9 734.1 717.3 702.7 688.6 675.8 668.8 667 657.6 646.6 633.2 622.2 614 608 603.1 598.6 592.6 580.1 572.3 565.5 557.8 548.8 541.9 537.8 535 535 534.4 533.7 534.6 537.1 536.5 537.3 537.8 535.3 534.2 535.2
746.7 756 768.2 779.2 797.1 809.9 818.1 830.3 831.2 817.9 813.7 825.8 850.1 875.6 901.8 920.6 935.6 949.6 957.2 963.3 968.3 972.6 976.8 980.1 981.4 984 986.6 989.2 992 996.3 999.4 1002.5 1009.5 1008.1 1001.8 978.2 940.3 892 858.3 827.4 794.3 766.9 747.8 730.4 719.7 707.4 692.6 685.4 686.3 680.7 670.9 657.6 643.8 625 613.9 606.9 602.3 597 588.7 584 574.5 569.4 562.4 549.4 541.5 536.1 534.6 534.1 532.7 532.8 535.1 537.4 534.6 537.8 533.3 532.4 533.2 532.7
706.6 715.4 726.9 743.3 757.1 772.7 785.3 801.7 803 791.6 791.3 809.8 836.1 862.9 889.6 909.7 923.2 933.2 940.5 945 949.9 955.5 958.9 960.3 963.5 965.8 967.8 970.3 974.3 978.4 982.4 987.4 991.5 992.1 989.3 973.3 922.6 884.3 852.6 823.6 796.2 766 744.7 732.9 721.2 712.6 703.2 700 696.7 688.5 679.8 660 639.3 622.7 615.1 608.3 602.9 597.6 594.6 590.7 578.8 575.7 565.9 552.3 544.1 540 538.3 535.6 532.4 531.5 532.4 532.8 534.1 540.4 533.9 530.9 530.4 529.2
664.9 679.7 685.4 699.1 721.5 736.6 753.6 767.3 773 767.1 772.3 794.2 819.2 845.9 870.8 892.3 907 916.3 920.6 925.3 930.3 935.2 938.9 941.6 943 944.4 947 950.2 954.3 956.8 961.9 969.1 973.8 974.3 972.7 963.5 935.1 884.7 858.4 833.9 807.3 781.7 756.5 742.8 729.8 721.5 716.5 712.4 703.8 693.6 677.7 656.9 633.9 621.5 615.9 610.8 607 604.2 608.4 597.8 580.9 574.6 569.9 557.9 549.6 542 540.5 536.3 532.7 533.6 532.3 531.3 530.9 533.7 528.6 525.2 524.4 525.2
629.1 643.4 649 662.1 677.8 700.2 717.4 735.7 740.8 737.3 752.7 774.9 797.8 826.5 852.2 869.6 885.6 896.2 901.3 905.6 909.8 913.9 917.1 920.3 920.9 923.1 926.1 928.7 932.5 936.8 940.4 945.1 949.3 948.3 948.8 944.7 934.4 908.4 881.2 838.2 818 800.7 782.9 752.9 737.4 738.8 727.5 715.4 700.9 682.3 662.9 640.5 629.6 619.6 613.3 609.9 612.2 608.3 604 593.9 580.2 571.4 567.9 559.9 556.2 543.8 541.2 533.7 532.7 531 528.6 526.9 527.8 528.7 523.7 517.4 519.6 519.9
600.1 612.5 618.9 629.4 643.3 664.1 682.4 697.8 711.3 710.5 727.8 751.3 777.9 808.1 833.8 850.4 862.4 871.7 879 883.8 888.5 891.3 894.1 896.4 898.2 901.2 904.6 907.5 910.3 912.9 917.5 921.3 923.4 924.1 920.6 922.2 917 905.1 892.1 855.5 831.3 814.1 789.8 760.8 759.2 751.7 739 725.2 703 680.4 657.7 634.6 630 621.1 611.8 607.9 607.1 601 597.9 589.4 580.2 571.7 566.5 560.4 555.2 541.8 534.9 528.3 526 525.8 523.9 525.4 528.4 523.9 513.8 512.4 512.1 506
575.9 583.4 595.2 601.7 603.6 622.8 639.5 656.6 672.4 678.3 703.3 726.6 752.1 787.1 811.8 829.7 842.3 849.2 855.7 861.3 865.2 867.4 868.8 872.2 874 876.9 880.4 884.4 886.8 889.6 892.4 894.1 898.1 896.9 886.3 893.5 903.4 898.2 882.8 867 845.3 821.1 788.1 781.2 771.5 758.4 743.2 722.7 694.1 666.5 642.4 629 620.8 616 611.2 604.5 601 597.2 593.3 587.8 582 575.4 568.8 559.6 555.3 539.3 529.4 523.4 520 517.8 518.3 518.6 517.5 506.4 498 497.7 501 504.8
552 554.7 564.4 570.5 570.5 587.5 603.1 621.2 637.6 654.7 677.2 701.9 729.5 763.6 790.6 807.2 818.4 827.6 834.3 838.5 842.3 844.9 847.2 850.3 848.9 854 857.4 861.9 863.4 864.8 868.9 872 876.3 875.8 870.6 872.1 885.9 885 872.4 853.7 837.9 818.9 801 787.8 774.3 758 734.3 706.9 682.1 656.6 644.7 633 622 615.1 609.5 603.4 599.4 595.7 590 586.2 582.9 578.4 572 560.2 554.8 537.5 523.2 516.2 513.1 511.6 515.7 505.8 506.2 492.8 483.9 481.6 486.8 478.5
541.5 533.8 535.2 539.3 540.6 556.5 574 588.8 603.8 625 651.1 676.1 702.4 737.4 768.7 784.6 795.7 803.7 811.5 816.7 821.1 823.3 825.2 827.1 828 833.4 836.7 839.6 839.2 841.8 846 849.6 856 857.9 865.9 870.7 864.3 858.2 843.6 831.4 817.5 815.4 808.2 782.2 753.7 737 716.8 695.8 674.3 657 648.7 634.6 622.6 616.4 610.9 605.1 600.1 593.6 589.3 584.8 581.9 580.9 575 561 549.3 538.2 523.1 511.4 499.8 502.2 504.7 491.2 490.1 483.6 475.4 471.9 471.7 471.4
548.8 530.1 511.8 512.5 510.9 520.5 535.1 552.2 571.4 596.4 622.3 647.2 676 712.5 743.7 762.6 773.5 780.8 787.2 795.2 800.4 802.2 804.6 806 807.7 814.3 813.3 816.3 815.9 818.4 822 826.7 832.2 834.8 835.6 834.4 835 823.3 818.1 808.3 790.5 794.3 790.5 772.1 758.1 742.3 716.4 688.1 667.5 655.8 644.2 631.9 621.4 615.4 609.9 608 601.1 592.6 587.2 581.5 580.4 576.9 570.8 555.1 547.2 536.6 517.5 506.6 499.1 490.2 487.9 486.2 485.7 483.3 467.7 462.1 467.8 467.4
550.2 537.9 518.5 499.9 483.9 490.8 505.3 525.3 541.5 563.8 590.5 617.2 651.6 690.2 718.8 738.2 753 762.7 769.2 776.1 779.7 782.1 784.8 783.8 786.7 793.2 793.1 795 794.5 797 802 805.4 803.5 803.9 804 801.7 788.3 784.3 777.2 771.3 758 753.1 758.6 763.3 763 747.5 721.6 691.1 668.6 654.4 642.1 632.2 621.2 616.4 616.3 606.6 592.7 585.7 581.3 576.8 576.5 571.9 563.1 552.9 548.1 530.2 522.2 514 509.2 504.8 488.5 475.8 481.6 472.9 459 451.2 452.9 452.6
551.6 531 512.8 500.2 481.4 473.8 485.6 501.4 516.3 535.3 564.5 590.1 629.2 662.8 697.1 718.1 732.1 741.5 750.5 756.6 760.4 763.1 764.6 764.4 766.5 772 771.9 773.2 774.8 776.1 779.7 781.7 784.3 776.9 765.5 757.8 750.7 743.2 733.2 723.6 720.9 717.4 725.4 732.7 729.9 723.6 700.4 681.4 665.3 651.2 636.9 620 617 616.3 604.9 596.3 593.7 590.5 581.9 580.2 573.1 567.5 563 552.4 546.3 539.2 537.7 523.8 512.6 499.1 475.6 469 465.8 458.5 449.8 441.5 434 431.6
553 526.3 510.7 496.3 482.8 465.5 470.3 480.2 493.6 509.4 534 562.5 603.4 635.4 667.9 690.9 703.8 715.5 725.5 733.8 739.1 742.4 743.2 742.7 746.4 750.1 752 755 758.6 760.1 759.7 757.9 753 742.4 727.5 714.3 712.7 705.6 700.6 695.5 687 682.5 687.3 693.4 691.6 686.8 680.5 667.4 654.3 639.8 627.5 607.6 599.8 599.6 590.4 591.9 586.7 585.8 587.3 580.7 570.1 562 558.9 553.8 551.5 551.1 529.7 507.7 497.2 466.4 454.2 448.8 441.4 441.1 438.6 431.1 416.3 408.2
557.6 527.1 511.6 497.7 483.5 462.4 459.1 461.9 471.1 489.6 510.4 537 570.3 610.2 639.8 660.8 679.3 690.4 701.2 709.1 716.3 718.5 719.7 718.9 726.7 732.8 736.1 734.6 736.1 737.1 732.8 724.5 719.3 710.1 695.1 681 671.4 668.6 667.9 663.3 655.3 647.7 659.1 663.6 667.7 670.3 664.2 654.7 651.6 639.4 619.2 597.1 585.3 568 565.9 566 567.2 569.2 572.1 568.7 559.8 553.7 548.4 547.2 549.2 535.2 508.5 480.2 467.3 450.1 432 422.6 418.8 426.2 426.2 412.6 399.6 388
560.7 535.9 519 506.6 492.6 472.5 454.5 450.9 452.5 469.2 489.6 515.2 539.4 576.5 603.5 630.2 650.1 664.6 676.3 684 690.8 697.6 699.9 701 709.6 715.5 718.1 717.6 715.8 711.1 704.5 693 685.8 673.6 663.6 653.5 641.6 636.4 629.6 626 626.7 619.2 628 633.5 642.1 656 651.4 647.4 642.8 622.2 602.4 591.9 566.5 555.5 551.5 555.5 552.7 551.9 551.9 550.9 547.6 542.7 525.9 526.9 524.7 510.5 484 454.6 445.6 428.2 415.1 399.7 400.5 405.3 402.4 387.3 376 358.3
564.5 542.5 526 513 501.6 485 466.5 445.3 441.3 448.9 470.6 495.6 506.2 526.5 572.4 595.8 619.2 640.2 650.9 660.8 675 674.6 675.9 679.4 686.2 690.4 694.2 693 691.6 684.8 670.6 665.9 657 645.4 638.2 623.7 617.4 605.4 593.8 591.8 595 590.4 603 614.5 613.8 621.7 618.4 611.5 605.3 591.1 587.1 558.4 551.4 540.4 536.7 535 531.8 532.4 527.8 523.6 519.7 510.2 494.8 500.1 492.4 479.1 456.7 433.4 417.6 407.7 398.1 392 381.6 391.1 371.2 360.9 348.7 335.8
568.1 552.5 532.4 518.4 507.3 494.1 472.8 454.9 439.4 433.9 449.6 466.9 471.1 490.6 538.9 566.7 592.5 622.7 633.8 647.7 653.6 648.6 648.9 654.2 659.3 664.7 669.6 660.1 654.1 649.9 646.1 635.7 619.3 612.4 609.4 602.7 594.2 577.6 576.1 571.4 571.1 575.4 587.9 592.7 584.7 574.1 575.7 564.6 567.6 557 554 534.3 524.6 509.7 505.4 499.5 504.1 510.3 500.1 493.5 485.8 477.7 463.6 462.3 458.5 447.8 428.4 407.5 393.6 383.8 374.1 368 362.4 358.7 341.5 333.4 322 319.7
578.9 558.6 536.9 523.2 511.4 495.7 482.5 463.5 446 429.1 429.5 436.8 442.3 456 499.7 535.7 561.4 594.5 613.4 625.8 623.1 619.4 623.4 625.4 628.5 634.8 631.3 625.1 620.4 624.2 615.8 597.1 588.5 578.7 569.7 569.9 555.3 549.8 551.3 548.1 552 565.5 568.8 555.8 534.3 523.8 527.2 524.2 526.9 521 517.5 504.5 494.5 478.8 477.4 475.1 472 470.9 467 462 454 451.2 434.5 431.5 421.6 416.6 397.2 379.3 366.9 356.1 348.3 340.2 333.1 323.9 317 310.3 306.6 304.4
589.4 558.4 538.2 525.3 511.1 495.4 484.6 469.5 455.5 435.7 415.8 417.9 419.3 429.3 453.3 499.5 530.7 554.1 584.8 596.9 595.7 593.3 595.8 602.2 598.5 596.5 596.9 598.2 596.2 601.4 585.4 565 556.2 547.3 534.8 527.8 516.4 518.2 523.4 529.7 540.8 539.8 532.9 523.7 512.5 489.9 483.7 482.7 479.6 478.9 474.1 468 459.2 450.3 446.2 446.4 442.1 440 433.5 427.9 416.5 412 397.6 394.7 387.4 377.1 359.6 347.3 342 334.7 329.1 322.7 318.3 312.2 307 302.5 297 293.2
595.8 561.5 543.3 531.1 512.6 493.4 484 470.6 461 447.7 425.9 404 405.4 409.5 427.9 461.6 497 522.5 545.9 559 555.8 559.4 558.5 563.6 568.1 565.8 564.8 563.4 565.6 567.4 546.4 530.6 527.2 511.1 504.9 492.6 489.1 495 496.3 504.4 504.1 507.3 494 493.7 490.6 469.3 461.8 455.1 445.9 445.3 442.3 434.4 429.1 426.9 422.4 417.2 409.7 404.4 395.5 387.6 377.4 368.9 365.5 358.6 354.4 352 346.8 338.7 326.7 321.4 317.5 312.2 307 304.4 298 291.7 286.2 281.2
601.4 567.8 546.2 526.2 507.7 489.9 479.1 469 456.2 445.1 430.3 410.6 393.3 400.4 410.9 433.9 460.8 487.7 507 512.1 512.9 517.3 515.1 526.9 534.7 531.3 532.1 525.9 530.5 530.1 519.2 499.9 496.4 483.1 475.3 469.9 468.6 471.6 467.8 471.7 470.4 465.8 466 457.4 447.4 442.2 429.9 423.8 422.1 417.5 413 408.5 405.4 396.7 386.4 377.2 369.5 364.4 360 356.2 352.4 349.8 345.9 343.1 342.1 338.2 329.5 320 311.1 307.7 301.5 298.4 301.5 289 285.9 280.7 274.3 271.4
602.4 567.9 550.6 526 502.7 487.6 474.7 461.1 447 436.9 425.7 412.8 397.1 388 395.3 412.3 431.9 456.3 469.2 471.4 472.2 473.7 481.1 491.9 499.8 488 490.1 486.2 490.1 492 479.5 467.2 462.9 455 448.4 449.1 442.7 438 436.3 436.6 437.5 433.2 435.1 433.2 418.6 408.8 402.4 400.2 395.8 387.4 381.2 377.8 376.7 370.8 364.6 355 357.4 349.5 344.7 340.9 337.3 331.9 331.1 327.6 325.3 320 308.5 299.2 297.6 296.4 289 285.7 283.9 275.7 272.6 267.8 266.2 262.6
600.9 568.8 552.6 521.9 496.5 480.8 472.2 449.5 437.7 427 415.9 408 394.3 378.6 383.2 392.5 406.9 426.3 439.9 443.8 435.7 437 443.5 453.8 462.3 452.2 451.7 458.3 459.1 458.6 448.3 438.4 433.3 429.2 423.8 424.9 417.3 410.2 404.2 406.3 403.3 402.9 398.6 395.5 386.8 380.7 378.8 372.3 369.8 362.4 361 363 359.8 349.7 338.8 340.9 338 333.4 334 328.2 324.2 321.6 316.9 317.7 311.2 302.8 291 282.2 278.7 275.9 273.6 272.3 269 268.8 267.9 265.1 262.5 259.9
588.7 573.5 541.3 522.7 495.7 483 465.5 445 432.6 415.9 404.6 397.9 389.2 364.2 369.4 377.4 386.9 397.8 410.9 405.8 404 406.8 416.6 422.3 424.2 422.8 424.8 426 429.6 425.7 415 404 402.9 400.3 392.8 393.2 390.1 382.1 377.6 377.1 375.5 375.5 377.2 377.4 374.2 365.8 359.9 352.8 348.4 343.6 340.4 336.4 335.3 327.4 320.8 323.2 321.7 318.8 321.2 314.2 310.5 307.1 306.7 305.7 289.9 279.9 276.8 272.4 268.2 266 268 268.8 268.7 264.2 264.4 263.5 262 259.7
568.6 556.8 534.5 515.1 498.7 483.2 456.9 437.3 421.8 406.8 391.5 385.4 377.5 361.2 359 367.4 371.9 377.5 379.8 377.4 381.5 383 389.1 391.2 390.5 393.2 396 393.9 393.3 387.9 381.9 378.1 377.7 371 366 363.6 357.4 358.2 360.9 364.9 361.6 354.9 357.3 360.2 356.3 347.5 339.9 336.7 330.4 322.7 320.2 316.3 314 311 306.4 305.4 303.2 303.1 301.3 293.9 290.8 290.1 288.2 286.4 280.2 279 271.3 267.1 266.7 265.1 262.4 266.6 266 261.7 261 260 258.7 257.5
546.9 534.4 526.6 504.7 491.1 474.7 450.2 425.2 405.7 394 381.6 373.4 366.5 354 350.4 357.9 360.8 362.3 360.3 362.3 367.2 367.6 366.9 366.6 369.4 373.5 371.9 371.2 373 370.1 369.3 362.4 360.2 351.8 347.8 344.3 338.9 341.3 342.8 340.1 336.8 339.2 338.3 338.1 337.4 328.6 320.2 312 308.7 305.6 301.4 298.7 297.2 298.5 295.5 287.5 286.5 288.5 288.1 287.2 290 290.7 288.3 285.6 271.8 266 259.6 259.6 257.4 255.5 260.3 267.1 266.5 259.4 257.1 255.8 252.7 251.3
