public/OST50/NH15.asc
ncols 200
nrows 200
xllcorner 210000
yllcorner 850000
cellsize 50
[rows 140 to 174 of 200, columns 78 to 155 of 200]
322.7 323.7 322.7 325.4 324.8 325.5 324.7 323.5 325.5 322.9 320.7 319.1 316.6 315.6 316.7 314.9 315.7 313.8 310.7 308 308 303.5 300.4 299.7 299.4 299.7 300.1 299.9 299.7 300.4 301.2 300 300.2 301.4 300.5 300.7 300.7 300.1 299.5 298.5 297.3 295.8 295.3 299.9 298.8 300.4 299.1 298.5 298.2 299.3 300.7 303 305.4 309 309.9 311.2 311.9 313 314.2 315.5 317.7 319.9 323.1 326.3 328.7 331.2 335.6 337.9 340.2 343.9 347.1 349.1 353.9 356 358.2 362.2 366.4 370
332.1 329 328.3 330.4 331 331.7 330.7 328.8 327.7 327.4 325.8 324.4 324.5 324.4 320.1 319.5 318.9 318.9 314.2 312.9 310.9 306.5 303 300.3 299.7 300 300.6 300.4 300.2 300.8 301.6 302.1 302.9 301.6 301.9 302.1 302.1 301.3 300.5 298.9 296.8 296.2 295.5 296.2 296.7 299.2 297.8 296.5 296.6 298.5 301.3 303.2 303.1 304.5 308.4 309.6 310.7 311.6 312.3 313 314.5 316.9 319.2 321.5 323.5 326.9 329.5 334.6 336.9 337.6 342.6 345.6 349.6 355.3 357 359.9 365.1 368.7
338.6 338 341.4 339.6 339.2 342 339 335.2 336.3 335.6 333.7 334 336.6 331.8 328.5 327.8 324.1 323.2 319.8 319.7 314.1 311.9 305.5 302.3 301 301.1 301.7 301.6 301.5 301.3 302.7 303.4 305.1 306.3 304.3 303.7 302.9 302.1 301.1 299.3 298.8 297.3 296.4 295.8 295.6 296.9 296.2 296 295.7 297.1 300.6 302.6 301.8 302.7 303.9 305.9 308.4 309.8 311 310.8 311.6 313.3 315.1 316.7 319.7 323.5 326.4 328.5 329.8 334.3 336.9 341 346 351.1 355.4 359.2 363.7 366.7
346 347.8 350.4 349.3 348.5 350.3 349.8 349.2 345.8 346.8 346.9 346.6 349.1 344.9 342.4 337.7 332.1 330.2 325.5 322.3 319.1 318.2 310.5 306.9 303.2 303.6 304 305.6 303.9 303.6 303.9 304.9 307.5 307.7 306.2 305.7 305.5 304.1 302 300.5 303.5 304.5 298.5 296.5 295.9 297.5 297.1 297.2 295.7 295.8 298.3 301.9 301.2 300.6 300.9 302.6 306.2 308.2 308.6 307.8 309.1 311 313 315.5 318.5 321.8 322.1 325.4 328.8 332.1 335.5 337.8 342.5 347.3 352.3 356.6 360.7 363.1
357.8 356.1 359.7 360.8 362.2 360.2 361.4 360.8 362.2 362.6 359.4 360.1 359.8 359.3 354.2 352.4 341.5 341.4 335.3 328.6 324 320.9 316 312.6 308.6 308 306.5 307.8 307.5 306.2 306.3 306.9 309.9 309.6 308.5 308.4 306.6 304.3 303.9 304 304.6 306.1 301.1 297.6 303.4 301.2 298.3 298.3 296.2 295.8 299.1 300.3 300.4 299.1 299.4 300.4 304 306.1 306.2 306.3 308 310.3 312 314.2 316.7 319 318.5 322.2 326.6 330.5 332 334.8 338.2 343.4 351.3 353.1 356.5 360.5
368.1 367 371.1 372.9 374.6 373.7 377.3 379.7 381.1 382.1 377 373 379.3 379.3 381.5 366.7 354.7 351.7 345 339.4 333.4 329.3 325.4 320.5 314.8 313.2 312.1 312.2 310.6 308.6 308.6 309.3 310.7 311.1 312.2 309.7 308.9 306.4 309.6 306.9 309.1 305.2 302.8 299.2 299.4 299.9 298.8 299.2 295.8 295.1 293.9 300.3 293.9 295.7 297.6 299.1 301 302.7 302.7 305.7 307.8 309.7 311.3 312.9 313.6 314.7 317.3 319.3 322.4 327.1 329.2 331.7 335.2 340.1 345.1 349.2 353.8 356.9
379.1 382.6 383 385 389.8 390.9 390.8 394.1 396.6 397.7 393.2 393.4 394.6 398.6 397 385.3 372 363.4 356.9 349.9 347 340.9 334.7 328.5 324.5 320.9 319.7 316.2 317.4 316.5 314.4 312.4 314.9 317 314.6 311.2 310.1 313.3 316.7 314.2 311.2 306.1 303.6 302.6 301.9 300.7 300.1 304 297.3 294.3 293.9 293.9 293.9 293.9 293.9 298 299 299.3 301.9 305 306.9 308.7 309.9 311 311.7 313.4 314.5 316.9 318.1 321.8 326.6 328 331.8 336 340.4 345 349.3 352.3
392 396 398.8 402.2 403.8 406.2 407.9 413.6 411.8 412.3 412.7 409.7 411.7 417.5 411 405.2 393.7 378 367.7 362.7 358.5 352.4 344.7 338.2 334.4 331.1 328.1 328.1 323.5 322.9 321.4 317.1 319.7 318.8 316 314 313.7 313.3 319.2 318.2 315.5 310.6 307 308.8 307.6 303.6 302 300 297.5 295.5 293.9 293.9 293.9 293.9 293.9 295.8 298.9 299.4 300.6 303 304.9 306.8 308 309.4 309.8 312 312.3 313.2 314.4 317.2 321.4 324.7 329.1 334.8 336.6 340.5 345.4 348.4
405.6 408.7 413.1 416.6 418.9 422.9 425.7 429.5 428.8 429.7 426.2 425 426.3 428 419.3 411.5 402 387.7 378.4 374.8 367.7 361.4 356.9 352.4 349.7 345.5 343.5 340.7 334.8 331 326.1 322.5 321.2 319.8 318.3 318 318.7 316.7 321.2 324.4 320.3 316.1 314.4 311.2 307.9 305.6 302.1 300.4 298.8 297.4 295.4 293.9 293.9 293.9 293.9 293.9 298.5 298.4 298.5 299.9 302.5 306.4 307.3 306.7 308 308.5 310.6 310.9 312.9 315.1 317.1 321.9 324.9 328.4 332.3 335.2 340 343.7
420.9 423.2 428 431.9 435.5 439.2 441.7 443 446.4 446.8 441.1 440.5 438.6 433.1 429.8 420.4 413.4 400.2 393.5 390.6 383.7 376.6 371.4 368.1 362.9 360.5 359.7 352.2 345 339.5 333.9 334.8 333.6 327.3 326.4 325.9 320.6 321.3 323.3 325 324.5 319.5 316.6 312.7 309.4 305.7 304.6 301.9 299 297.7 295.6 295 293.9 293.9 293.9 298.4 298.9 297.7 296.9 298.9 303.2 305.6 306.7 304.4 305.6 308.1 309.6 310.9 312.1 313.2 314.4 316.7 321.5 324.1 328.5 330.1 333.6 339.2
435 439 443.2 447.2 450.9 453.7 457.5 459 460.1 459.4 456.6 455.3 453.6 444.2 439 432.4 426.2 416 417.3 411.5 400.9 392.5 386.6 386.2 377.5 373.5 370.8 363.1 355.9 348.4 344.6 341.7 342.6 338 335 333.7 330.8 328.3 334.2 330.2 329.8 323.2 320.3 316.9 311.7 309.2 308.2 304.8 300.6 297.8 296.5 295.9 294.2 293.9 293.9 296.1 297.8 296.4 296.5 297.5 300.2 302.1 302.4 303.1 304.4 306.6 309.2 311.2 311.8 312.2 313.4 316.1 319.6 320.3 323.3 327.3 329.5 333.4
450 453.6 457.5 461.1 465 467.4 470.8 472 472.7 472.2 470.7 469.7 465.1 459.2 454.1 448.6 445 446.5 448.4 445.9 433.2 419.1 407.8 401 392.4 390.1 381.6 373 365.6 356.7 356 355.2 357 355.5 354.2 343.9 338.1 338.5 337.4 335.2 334.5 327.3 325.8 320.1 317.2 313.1 309.8 306.6 304.9 301.8 298.8 297.4 296.5 295.4 295.2 296.1 296.6 296.6 297.5 298 298.7 299.7 301.1 304.1 305 306.6 308.2 309.6 310.7 311.9 312.8 314.4 315.7 317 319.6 323.9 326 329.2
462.9 466.4 470.2 473.9 476.5 479.6 483 483.8 485.4 486.4 487.2 484.9 481.1 476.6 473.8 470.9 467.4 474.9 476.9 466.8 462 452.2 431.5 414.6 404.4 403.1 394.8 383.6 375.8 372.5 368.4 371.9 369 368.4 363.2 351.4 343.2 349.1 344.9 342.5 342.8 343 334.8 328.9 323.9 316.6 312.8 309.8 308.9 307.7 305.5 301.5 299.6 298.7 297 297 297 298.3 298.9 301.4 298.9 299.2 299.8 302.8 303.1 304.6 306.5 307.3 308.7 311 311.7 312.9 314 314.3 316 319.5 323.3 326
475.9 478.4 481.7 486.9 490 492.5 494.5 496.2 499.1 501.5 503.4 501.3 498 495.1 496 497.2 498.9 497.7 491.8 480.7 479.3 462.8 447.5 427.6 416.9 417.4 407.8 395.1 386.2 386.5 386.2 388 384.8 381.6 373.9 362.1 350.6 369.8 362.8 357.9 360.5 360.6 349.9 338.3 331.8 330.2 322.3 316 314.8 313.3 311.5 310.5 303 302.6 300.6 298.2 297.6 299.1 300.2 299.6 299.4 298.9 299.5 300.4 301.2 301.8 303.5 304.8 307.2 309.4 310.8 312.4 312.9 312.3 313.9 316.9 320.4 321.7
486.2 489.8 494.7 498.4 501.6 504.1 507.8 509.7 512.9 517.7 518.4 518.1 516.7 517.2 518.7 520.4 517.8 514.7 507.8 501.6 486.4 476.4 465 438.4 433.9 431.7 417.3 404.7 396.2 400.4 400.9 401.4 397.7 387 381 369 373.6 386.7 394.4 385.7 386.9 393 384.6 365.5 358 347.8 336.5 323.4 320.7 320.1 315.9 313.7 307.8 305.4 302.5 299.8 300 301.1 301.4 301.2 299.6 300.3 300.4 299.6 301.4 302.4 302.1 302.3 303.7 306.3 309.7 311.5 311.7 311.2 312.2 314.2 317 318.7
494.6 500.8 505.3 509.4 512.3 517.1 521.5 524.3 528.1 531.2 532.9 534.4 535.2 535.4 536.6 534.8 530.7 524.8 518.7 508.3 496.6 489.8 475.7 450.1 452.7 442.4 427.3 416.7 411.4 414.9 416.8 418.7 411.9 400 381.4 377.8 394.3 408.3 418.4 411 419.4 421.6 418.1 392.7 385.4 369 360.5 343 338.9 331.8 322.1 318.3 315.6 308.9 306.1 305.8 305.2 303.3 302.1 302.2 300.9 301 299.3 299.2 306.8 308.1 304.6 304 303.1 304.7 306.5 308.2 310.5 310.6 311.5 312.5 313.2 315.4
506 511.1 514.9 519.3 524.1 529.2 533.2 537.2 541.4 545.1 548.6 550.6 552 550.8 550.4 547.3 541 535.5 526.4 516.6 507.9 496.2 476.7 466.7 462.3 449.4 435.1 431 428.5 430.1 429.6 429.6 422.3 414.7 391.6 407.4 416.5 423.8 434 447.2 452.3 438.3 432.9 416.6 407.6 394.1 384 363.8 355 341.7 336.9 327.5 325.6 318 311.7 310.1 307.2 306.2 303.8 302.9 303.2 303.9 299.2 299.8 301.4 302.8 304.4 307.6 303.1 304 308.2 308.1 309.8 310.7 311.2 312.1 310.9 312
515.4 520 525 528.7 534.2 538.8 544.1 549.8 554.9 559 562.3 564.8 565.5 563.4 560.2 557 551.2 543.9 535.6 526.9 515.9 505.3 485.4 477.4 469.5 457.6 447.7 444.9 441 444.1 441.7 438.5 432.2 427.4 414.5 425.3 433.4 440.7 452.5 460.6 463 453.8 449.4 437.7 433 427.2 408.3 383 370.6 367.5 354.7 344 336 323.4 316.2 311.9 310.2 309.1 306.5 303.2 303 301.8 299.7 298.6 299.3 300.1 302 304.1 305.5 303.9 305 306.2 308.4 309.7 310.3 311.3 310.9 310.4
523 527.8 533.1 537.7 542.5 547.9 555.4 561.8 566.2 570.7 573.8 574.4 574.5 572.5 568.5 565.1 559.2 552.5 544.3 534.8 521.5 508.3 490.2 485.6 476.9 468 462.4 454.5 457.7 456.7 451.1 446.7 439.3 434.4 437.8 438.3 443.3 451.5 460.6 471.8 478.4 475.6 467.3 464.5 460.9 451.2 418.8 400.2 387.3 386.5 368 356.1 345 336.9 325.7 318.4 315.2 314 316.1 308.1 305.4 303.9 300.8 299.3 298.7 300.5 302.2 305.5 306.3 304.4 303.1 303.8 304.5 306.8 308.6 310.1 309.1 307.8
531.5 537.3 540.1 545.7 550.9 558.9 565.5 570.5 576.2 581.1 583.2 583.5 582.3 580.5 577 572.6 566.3 560.4 550.4 540.2 528.1 513.4 500 494.5 485.1 480 474.3 470.1 468.7 467.6 460.7 452.2 444.8 440.9 447.6 448.1 449.4 461.1 472.6 482.4 488.5 497.5 501.9 492.3 484.4 481.5 461.2 424.2 414.7 403.7 383.5 371.3 354.8 345.5 331.1 324 321.4 318.7 320.5 313 308.8 305.4 302.1 299.6 298.4 299.6 301.2 308.6 305.7 303 302.3 302.3 302.5 305 305.9 307.5 308.1 307.4
540.4 545.1 548.6 554.4 561.8 567.1 572.8 579.3 585.5 589.6 590.9 590.8 590 587.4 584.3 579.8 572.7 566.5 557.5 545 533 518.9 508.2 502.2 496.9 494.4 489.9 486.3 479.3 476.6 468.4 459 450.1 449.6 451.6 453.1 457.4 469.6 483.1 489.2 497.6 509.5 511 507.4 514.7 521.2 486.7 458.7 435.6 417 402.5 388.3 370 354.8 340.8 335.4 328.2 323.9 321.7 315.8 312.8 309.3 304.5 300.6 297.5 297.5 299.3 301.7 303.7 301.6 300.9 299.9 299.7 300.9 304.2 303.6 304.9 304.3
547.8 551.2 556.9 561.8 569.4 576.5 580.8 587.5 593.9 597.9 598.7 599 598.2 595.5 591.8 587.5 579.4 571.1 559.4 549.4 533.7 521.3 514.8 513.2 508.9 506.9 502 495.6 489.3 483.5 473.4 462.5 459.1 459.3 457.3 460.7 471.4 478.9 486.5 494.3 504.1 510.5 516.5 528.1 539.2 537.6 513.3 476.6 458 436.9 420.2 401.8 387.7 370.5 355.8 338.8 337.5 329.7 327.6 325.2 323.8 318.3 310.4 301.6 298.7 297.3 297.1 297.8 299.8 299.8 300.7 301.2 297.5 297.8 299.2 299.9 301.8 300.7
553.3 557.3 562.2 568.9 575 581.9 587.4 594.6 600.5 604.5 605.8 607.2 605.2 602.3 598.9 594.3 584.7 574.3 563.3 550 538.6 529.1 526.6 525.7 522.5 519.8 511.7 501.6 496.4 486.2 476.4 465.8 464.4 466.7 466 472.1 480 484.4 494.1 509.3 514.2 519.8 524.9 540.3 554.3 558.7 539 506.9 477.4 465.8 443.8 433.9 408.1 390.4 367.2 349.1 345.9 339.6 335.5 330.5 327.1 323.5 317.8 304.6 301.9 300.7 297.4 296.8 298.2 301.1 306.8 303.9 295.3 294.8 294.9 294.5 297.8 297.8
556.7 562.6 568.8 575.4 580.5 585.8 593.8 601 606.4 610.6 613.2 614.1 612.2 609 606.2 598.8 589.8 578.1 567.2 555 545.1 541.2 536.1 535.3 529.8 524.3 514.6 506.7 500.1 489.6 480.5 472.4 474.7 475.5 475.8 484 486.5 489.7 496 508.9 520.6 526.7 536.6 552.2 567.5 568.9 558.8 535.1 524.8 498.4 470.2 449.5 435.4 404.4 383.6 366.6 354.9 350.9 342.8 335.9 331.8 328.9 322.8 313.1 306.3 304.1 301.3 298.6 296.5 295.2 297 297.6 294.7 293.3 291.1 289.8 291.4 296.4
553.4 561.8 572.9 578.6 584.1 590.6 597.2 604.6 611.2 616.4 619.4 619.3 619.4 619.6 616.1 606.9 591.6 581 570.7 558.8 548.5 549.9 544.6 542.5 536.7 528.3 520.5 512 504.8 494.3 485.5 479.6 478.9 481.5 481.4 487.7 492 498.3 507.7 515.1 521.5 531.4 543.6 558.4 574.4 584.5 585.8 586.5 576.1 538.4 501 478.9 453.9 426.7 398.9 382.3 373.5 364.7 360.8 348.1 340.6 333.8 328.6 322.9 315.2 308.1 304.6 300.2 298.2 296 294.2 296.4 294.5 294.4 291.7 289.8 287.8 287.6
566.9 568.3 578.5 584.8 589.7 595.2 599.4 604.3 613 618.8 621.9 623.3 625.7 626.9 622.1 608.8 595.6 583.7 571 560.8 558.9 557.4 553.7 549.9 541.9 533.8 525.6 518.8 509.5 497.2 490.6 486.7 487 486.3 490.1 493.7 500.4 508 516.4 524.5 526.5 537.8 548.2 564.5 578.2 596.1 601.6 614.5 611.7 590.3 539.3 498 470.6 433.6 423.1 407.8 390.1 382.4 376.8 365.4 354.9 340.2 339.1 331 320.3 311.6 308 303.9 298.8 296.9 294.5 295.9 295.1 293.6 294.9 291.9 287.5 286.7
574.8 581.3 587.6 589.7 595.4 599.1 603 609.3 614.3 620.1 623.8 627.1 630.1 629.9 624.2 612.3 598.9 590.6 576.5 568.9 566.1 563.3 558.5 552.6 544.6 537.1 529.9 521.9 509.4 500.1 496 491.9 489.7 493.3 500 503.5 511.1 523.5 526.5 532.3 537.9 543.7 553.2 565.5 581.9 597.4 610.7 620.7 626.2 610.5 569.7 516.6 476.8 457.2 445.9 431.4 407.3 399.8 392.8 389.9 370.3 362.3 345.7 338.4 333 320.7 314.3 310.1 302.6 297.4 293.6 295.2 293.6 293.6 291.9 293 289.1 287.2
585.6 589.9 593.4 600 602.2 604.2 608.2 611.6 616.8 620.4 625.8 629.4 631.6 631.5 625.3 616.1 603.5 593.1 581.7 572 571.3 566.8 562.9 555.2 549.2 542.3 533.8 523.2 512.8 505.4 499.3 497.6 495.4 501.6 508.9 512.7 522 530.7 534.8 545.8 546.1 551.5 559.8 568.3 583.2 597.2 611 620.7 625.6 618 576.6 529.3 519.5 498.1 476.8 444.1 438 420.2 408.5 405.4 392.5 377.7 359.7 345.2 340.9 333.4 323.5 318.1 308.9 299.3 295.9 292 290.7 290.3 289.9 290.1 287.1 288.3
595.7 596.7 599.7 604.6 607.5 611.1 613.4 617.6 620.3 624.4 630.3 634.8 636.8 631.8 628.1 618 606.4 593.7 582.4 576.8 572.5 570.5 565.8 557.2 551.3 543.8 535.5 525.9 518.2 512 503.6 501.9 503.5 509.9 515.5 519.5 525.4 533.1 538.8 555 554.8 559.1 564.9 572 585 596.1 608.8 617.8 621.1 620.8 592.6 575.4 577.2 533.6 498.6 484.1 496.6 477.6 432 419.2 414.7 387.9 379.1 363.4 355.1 352.5 337 327.9 321.3 310 302.6 302.5 298 296.7 290.3 287.7 287.5 289.2
602.4 603.3 605.8 609.3 613.2 616.4 620.8 624.1 627.4 630 636.1 638.7 639.8 633.9 625.8 613.4 600.6 593.9 585.1 582.3 577.2 571.9 568.6 560 552.4 545.7 538.4 529.1 521.2 514.9 507.7 505 512 517 521.6 526.3 531.9 535.9 547.9 564.6 564.5 564.1 569.9 576.5 588.2 596.2 606.3 614.6 618.3 618 610 618.3 594.5 565.3 535.2 534.7 545.4 517.7 467.1 441.3 426.3 403.4 412.1 395.9 378.1 367 356.3 339.8 333.2 320.9 312.6 316.4 308.1 302.9 299.5 294.2 289.9 289.5
608.7 610.3 614.5 619.6 620.3 620.3 625.9 630 632.6 634.6 640.4 641.8 641.9 636.8 627.8 614.5 601.5 594.1 585.1 579.4 575.5 573.3 571.7 562.8 556.8 548.6 540.8 533.3 524 516.7 511.8 512.8 518.1 523.7 529.2 532.7 541.8 551.7 563.1 574.7 578.2 574.4 573.4 579.7 586.4 596 603.8 610.7 618.1 620.2 624.9 624.9 603.7 610.5 586.2 573.5 575.4 528.4 493.7 459.2 435.8 438.5 440.9 426 406.2 398.9 372.9 357.4 344 332.1 322.5 321.4 317.8 315 315 302.5 294.1 291.4
616.2 616.3 622.5 626.4 624.6 627.2 629.7 634.8 635.6 641.4 646.4 645.8 644.3 638.7 627.9 617.5 603.6 597.4 584.2 578.7 577.3 575.7 572.6 561.6 554.6 548.4 541.3 532.5 524 520.1 515.3 518.7 524.5 528.2 534.1 539.6 556.3 566.7 572.4 583.5 591.3 585.5 581.8 585 591.9 599.1 603.3 609.8 617 622.1 623.6 623.4 626.3 625.7 631.1 613.3 581.2 545.6 508.5 476.4 460.9 465.8 469.5 452 425.2 415.4 401.2 388.3 371.4 351.4 346.7 334.6 329.6 328.1 325.4 312.6 301.1 296
622.4 623.1 626.5 629.6 632.9 632.4 630.9 636.7 643.4 648.4 652.9 650.8 645.8 641.2 628 619.8 608.9 598.1 588 582.9 579.7 576 570.5 559.8 554.2 546.8 538.2 531.7 525.9 521.9 518.3 523.2 527.2 532.7 536.8 544.7 557.4 574.7 580.4 594.8 601.8 601.9 596.1 593.8 597.5 603.6 608 609.7 617 621.9 624.2 627.6 631.7 639 635.5 631.8 599.9 554.4 527.2 490.9 491.8 495.2 492.1 473.3 450.4 447 465.4 437.9 415.8 380.4 364.7 351.5 347.4 344.6 334.4 320 313.5 302.7
625.2 628.8 630.9 635.8 638.3 636.8 639.4 641.5 647.9 656.4 655.8 658.4 658 645 635 623.4 609.7 599.1 599 587.3 581.4 575.8 567.3 561.1 556.6 550.3 542.9 536.7 529.9 525.3 521.9 530.1 532.6 537.2 540.5 547.5 560.1 571.3 591.9 600.2 610.4 613.6 612.7 605.5 602.7 608.6 612.9 612.5 615.9 620.7 624.4 629.6 636.2 640.5 640.3 634.7 603.4 557.4 527.4 519.4 525.9 525.3 524.8 505.9 492.4 515.6 528.8 521.9 475.5 428.6 386.7 373 364.2 363.4 346.1 335.8 324.6 312
634.8 637.5 638.2 644.8 648.5 646.3 643 644.1 652.5 664.4 662.2 662.3 660.9 650.4 636.8 626.2 613.8 603.4 598.3 590.6 586.7 579.4 573.6 563.5 558.2 555 546.5 547.9 541.1 534.3 528.3 533.5 537.3 540.6 547.9 555.8 567.7 589.6 613.2 622.3 629.4 636.3 630.1 621.3 612.2 611.8 615.5 614.7 617.9 622.5 627 634.2 639.5 641.1 640.1 618.4 602.7 583.9 566 558.5 579.4 584.5 570.2 559.1 585.7 576.5 577.2 547.9 508.4 460.3 417.2 398.7 384.5 377.8 365.4 346.9 338.5 324.6
