public/OST50/NH15.asc
ncols 200
nrows 200
xllcorner 210000
yllcorner 850000
cellsize 50
[rows 35 to 69 of 200, columns 78 to 155 of 200]
152.4 152.4 152.4 152.4 152.4 152.4 152.4 152.4 152.4 152.4 152.4 152.4 152.4 152.4 158.9 158.3 160 159.8 160.1 162.4 163.7 163.5 167.9 180.3 182.8 182.9 181.4 161.5 159.9 158.2 157.2 173.9 178.6 177.1 169.5 160.7 160.5 159.1 157.6 156.1 155.1 155.6 152.2 151.6 150.4 154.3 155.4 154.8 154.2 153.4 151.8 150.9 150.7 150.2 150.2 149.6 144.9 143.5 141.9 140.8 140.7 140.2 145.4 152.5 158.3 165.9 168.9 175.3 180.2 184.6 190.3 193.5 197.4 189.9 195.5 191.3 187.5 187.8
152.4 152.4 152.4 152.4 152.4 152.4 152.4 152.4 152.4 152.4 152.4 152.4 155.3 159.5 159.7 159.6 162.2 161.6 161.2 162.6 163.8 163.9 170.3 184.3 183.2 181.4 182.8 161.7 160.6 158.6 165.5 179.1 178.9 177.7 175 171.2 164.3 167.6 158.6 157.3 156.8 156.3 153.6 152.7 153.1 154.6 154.7 154.8 154.5 153.4 152.1 151.7 151.5 151.3 150.2 149 145.7 144.8 143.5 147.9 150.7 160.4 157.3 163.8 170.2 177.4 180.4 185 189.7 196.1 199.9 202.9 205.3 200 201.3 199.2 196.9 200.3
152.4 152.4 152.4 152.4 152.4 152.4 152.4 152.4 152.4 152.4 155.5 156.5 159.7 160.5 160.1 161.1 162.3 163.5 161.7 162 163.2 164.4 175.7 184.5 182.5 181.5 182.8 181.4 168.6 169.3 181 180.1 179.2 177.9 172.4 171.8 171.3 171.7 159.3 158.6 157.6 156.7 153.7 152.4 155.5 155.2 155.1 155 154.6 153.3 152.6 152.4 152.2 151.1 148.3 149.7 149.9 150.1 154.2 157.8 165 172.7 169.4 173.3 180.9 188.3 190.6 193.6 200.1 205.1 209.2 212 211.5 210.2 211.2 208.1 207.7 203.2
152.4 152.4 152.4 152.4 152.4 152.4 152.4 152.4 154.3 157.9 160.3 161.6 161.6 161.8 161.3 162.5 162.5 163.2 164.5 165 166.3 173.1 185.9 179.8 182.7 182.4 183.2 181.8 181.7 181.4 181 180.1 178.9 175.5 175.4 175 173 171.5 161.3 159.8 157.1 156.5 150.2 155.9 155.3 156.1 156 155.2 154.4 153.2 153 152.6 151.5 151.1 151.1 153.2 156 158 162.1 167.7 176.9 182.4 179.2 182.3 190.6 198.6 199.2 202.4 208.6 213.1 218.8 220.6 220.3 218 215.3 214 214.1 206.5
152.4 152.4 152.4 152.4 158.3 159 161.2 167.3 166.4 168.2 167.3 167.6 165.7 164.5 164.7 165 163.8 165.4 165.5 167.2 170.3 169.8 180.1 178.7 183.6 184.3 183.9 183.1 182.3 181.8 180.9 179.7 176.9 177.6 177 174.6 173.6 168.8 164.4 160.7 157.8 154.7 154.6 155.9 156.8 156.8 156.1 155.2 154.9 154.2 154.4 153 152 152.2 155.4 159.6 163.6 166.6 171.9 178.8 185 189.9 191.3 193.6 196.4 200.9 205.5 210.4 218.5 219.5 223.4 224.9 221.7 220.9 220.9 221.6 219.2 211.1
158.7 158.3 161.5 164.5 168.3 171 173.6 175.1 175.4 173.3 173.8 173.8 170.8 169.9 169.3 169.3 168.9 169.6 170.7 172 174.9 174 181.3 185.1 184.9 184.8 184.3 183.6 182.8 181.5 179.8 179.3 183.9 182.8 177.5 175.2 174.5 172.8 165.9 161.9 158.3 151.9 156.2 156.9 157.8 159 160.4 155.2 156 156.4 156.4 156.3 155.2 156 162.2 166.4 173.1 175.3 178.9 185.8 192.2 195 201.5 203.7 203.8 208.2 213.4 219.8 226.9 228 229.3 231.4 226.9 223.6 224 223.7 223.1 212.1
173.1 175.4 179.4 178.8 180.2 183.2 188.6 189.3 192.5 193.8 192 192.3 191.2 191.9 185.1 187.1 193.7 183.4 182.5 182.4 183.5 182.6 187.6 188.7 186.8 186.4 184.9 184 183.4 181.9 181.1 186.7 188.3 186 178.9 176.3 175.4 173.7 167.8 160.6 154.9 157.6 157.7 158 172.6 173.7 176.3 173.9 172 158.7 165.5 167.4 170.6 170.5 172.3 177.2 182.6 182.9 186.6 194.4 197.9 202.8 207.9 211.3 210.4 215 219.5 225.9 231 234.3 235.6 240.2 234.9 225.7 224.1 219.4 217 212.6
191.2 192.8 196.8 196.4 194 197.3 201.4 207.7 208.7 209.9 213.6 217.4 224.6 214.2 206.1 211 207.8 206.1 193.5 190.3 198.9 193.4 201.5 200.5 191.7 195.2 198.7 185.7 184.2 182.9 184.2 188.6 189.5 185.3 179.6 178.3 177.3 171.7 168.6 159.9 152.4 158.8 158.5 165.9 174.5 176.4 176.5 175.6 175.5 164.5 161.8 173.3 172.3 175.5 180.5 184.4 190.7 191.9 194.8 199.6 204.9 210.5 214.4 215.9 217.3 221.4 226.1 229.2 233.8 237.2 238.3 240.7 237.3 228.3 223.7 218.1 217.5 212.1
211.1 212 209.9 210.1 210.1 210.6 214.8 217.2 224.7 230.6 237.2 238.7 242 229 227.5 233.5 222.2 218.2 210.1 205.3 202.6 203.3 207.3 205.4 206.9 211.6 211.3 201.4 198.8 192.4 194 200.7 193.3 190.5 184.6 179.8 176.9 172.5 167.2 160.1 151 159.2 158.9 168.6 175.7 178.2 177.1 176.9 177.1 169 163.5 177 176.6 178.4 187.6 190.8 196.5 200.3 202 207.1 212.5 215.9 219.4 222.5 226 227.6 231.8 233.1 235.1 237.3 238.4 238.8 235.6 225.5 219.4 215.2 213.9 210.2
235.2 233.9 238.8 235.2 241.9 234.3 233.9 246.8 248.1 252.3 252.4 252.8 252.5 247.6 247.2 249.6 238 235.8 231.7 221.7 216.8 213.3 210.3 216.4 220.7 229.2 230.9 219.3 211.4 215.5 208.9 205.2 202.7 198.9 192.8 186.2 180 175.5 170.7 161.4 157.3 159.3 159.8 169.7 177.1 179.6 178.6 178.2 177.7 172.9 168.7 177.7 180.7 185 192 196.9 203.1 205.8 209.6 214.2 219.2 222.6 223.6 227.8 231.7 232.9 235.2 237.1 236.8 237.3 236.5 235.3 231.6 224 220.4 217.9 214.6 206.8
262.4 268.3 262.6 262.5 260.8 261.3 261.7 267 267.3 269.9 267.4 266.2 268.8 266.8 265.4 257.4 257.8 261.5 250.1 237.4 227.9 226 228.3 236.9 235.3 242.3 244.5 228.7 228.2 225.5 219.7 217.4 211.7 203.7 196.3 189.5 184.2 179.4 173.4 162 158.1 160.4 160.7 177.9 179.6 180.5 180 179.1 170.7 175.4 173 179.4 184.3 190.3 196.2 202.7 206.9 210 216.7 219.2 226.8 227.8 228.9 232.2 234.6 235.8 237.9 238 237.8 236.9 236.4 233.2 227.3 220.6 221.5 220.4 215 212.1
306.2 293.3 300.9 292.4 286.1 290.8 288.7 293.8 292.2 295.9 292.4 290.4 288.1 286.6 282.6 283.2 279.6 276.9 263.3 253.7 247.7 245.5 249.6 252.4 246 249.2 246.5 245.2 241.5 232.3 229.6 225.6 217.1 211.6 203.1 200 188.3 181.8 173.5 161 155.9 161 164.3 180.2 181.1 181.3 180.6 179 178.2 179 178.8 182.2 190.1 193.8 203.7 208.6 211.2 215.4 221.1 226.5 230.9 231.2 232.7 234.9 237.2 238.5 238.9 238.8 239.1 235.7 232.8 230.4 222.8 222.6 222.3 218.9 219.1 213.6
331.9 325.4 322.2 323.9 319.7 319.5 321.4 317.4 315.8 315.5 315 312.5 313.8 306.9 309.6 309.2 304.7 289.4 277.2 276 269.2 267.1 272 262.4 256 256.8 256.8 256.2 251.2 243.9 237.8 227.7 222.3 215.5 209.9 198.1 188.7 181.4 172.7 159.7 159.7 161.7 181.2 181.8 181.9 182 181.2 179.1 179.2 180.1 180.6 187.1 195.4 202.2 211.9 217.1 220.9 220.5 225.7 230.3 232 233.9 236.6 238 239.3 239.8 239.7 239.6 239.5 233.6 227.6 223.8 221.8 222 219.2 213.6 212.4 211.9
358.1 356.4 356.9 356.3 350.4 351.7 349 346.1 339.2 337.2 338.8 338.8 334.7 335 331.2 322.9 316 308.6 303.3 303 289.8 290.7 282.3 276.5 269.8 271.7 273.3 266 260 246.6 237.1 232.2 225.6 217.9 210.4 201.8 192.4 180 168.7 158.1 161.8 177.8 183 183.2 183 182.8 181.3 179.6 180.7 181.8 185.5 190.7 198.5 207 215.6 220.6 224.7 227.2 232.5 233 235.7 237.8 238.5 239.2 240.4 240.1 239.1 237.4 234.9 230.7 224.7 222.2 221.8 222.6 222.4 217.5 211.5 208.7
391.1 391.2 384.8 380.9 379.1 377.6 375.3 366.9 361.2 357.7 358.8 358.7 358.7 358.7 351.2 350.9 342.9 332.8 324.3 320.7 306.9 300.7 292.4 289.8 293.5 284.8 279.4 273.2 264.4 246.9 243.7 238 223.2 215.6 207.7 197.1 188.9 176.4 166 156.1 162.6 184.2 184.1 184 183.6 183.4 182 181.1 181.9 184.2 191.3 197.6 204 212.1 215.6 224.1 226.8 231.7 233.9 236.4 240 240.6 240.9 241.3 240.7 240 238.4 236.6 233.7 230 225 222.5 222.7 222.8 224.1 223.5 214.6 210.9
417.4 412.9 412.3 404.6 401.1 398.6 391 384 382.1 378.5 376.7 381 382.3 381.6 375 373.3 367.4 365 352.4 335.7 321.9 324.2 319.7 309.8 301.6 291 286.8 279.7 260.7 243.5 240.3 238.3 223.7 215.8 202.7 198.5 187.2 170.5 161.2 161 166.4 184.6 184.7 184.6 184.3 184 182.8 182.8 183.4 189.6 195.8 202.3 208.4 214 219 226.6 230.1 236.7 237.2 239.1 241.6 243.4 243.7 243.4 241.8 240 239.1 239.6 235.1 228.7 223 224.3 227.1 228.6 231.3 224 219.9 209.8
437.5 436.4 430.8 422.7 420.4 414.4 407 403.6 399.9 397.2 396.6 398.5 401.1 401.6 401.5 399.1 396.3 392.5 383.2 377 363.3 345.7 331.7 318.1 303.9 294.3 287.2 281.8 260.3 239.5 234.8 229.8 216.8 207.5 208.5 199.9 183.9 166.2 157.1 163.7 171.6 185 185.1 185.1 184.9 184.6 183.8 184 186.4 193.5 200.7 208.7 216.3 219 222.7 228.9 234.8 238.2 240.8 243 244 246.2 246.6 245 244.3 242.7 242.4 237.7 236.4 236.5 229.3 230 232.8 237.9 232.4 223.9 217.9 211.8
454.6 452 445.5 440.9 435.1 427.3 424.2 418.7 416.1 414.5 416.7 418.2 421.3 420.3 421.3 418.5 413.4 406.9 400.1 388.4 372.1 349.7 335.7 316.6 306.1 294.7 283.1 273.2 263.1 237.1 222.8 215.7 206.4 201.6 196.3 193.2 176.1 162 163.9 164.7 181.6 184.9 185.1 185.1 185.6 185.1 184.3 185.4 192.5 197.5 204.9 210.3 217.7 225.7 226.9 232 237.4 241.7 243.6 246.2 248.4 249.2 249.9 250.2 250.1 246.9 241.5 237.9 240.4 241.3 233.4 230.4 232.3 232.2 226.4 222.2 217.1 213.8
468.3 466.6 462.9 455.4 448.7 442.8 440.2 435.4 433.3 432.3 431.3 431.3 430.5 431.5 430.8 429.5 423.9 414.2 403.1 387.4 366.6 350 334 316.5 306.3 292.7 278.3 261 248 230 212.8 206.3 201.2 196.2 188.7 180.4 165.1 159.7 165.2 165.5 178.5 185.5 186.2 186.5 186.3 185.5 184.5 188.9 196.2 203.6 206.7 213.8 219.6 226.7 229.2 237.7 239.4 244.5 247 250.8 251.9 253.4 254 253.6 251.7 247 242.8 240.7 238.6 236.6 232 231.8 231.9 231.7 227.8 224.1 220.7 217.5
477.8 476.6 472.6 466.6 460.3 456.4 454.5 452 446.8 445.8 444.1 442.3 442.2 439.6 437.3 433.4 424.3 411 399 384.4 364.7 350 334.6 309.5 298.9 283.1 268.4 252.6 233.9 217.2 208.7 200.6 196.5 189.9 182.7 172 157.4 165.3 165.6 165.9 166.8 175.7 186.4 186.8 186.8 185.8 186.1 197.9 200.7 210.4 210 219.3 223.9 228.7 233.5 239.5 241 248.1 251.9 255.7 256.6 257.6 259.2 257.9 253.5 249.3 246.7 242.9 241.7 240.4 239.6 237.9 235.9 236.1 232.1 227.3 224.3 226.9
482.5 480.6 478.5 474.4 471.8 470.9 467 463 460 459.3 456.7 454.3 451.4 446.4 439.7 432.3 420.8 407.1 390.6 373.3 358.8 337.6 322 303.4 286.4 275.7 257.9 242.3 224.4 211.9 204.7 196 189.8 183.2 175.9 164.4 162.2 164.8 165.8 165.5 166.3 174 187.3 187 186.9 185.9 192.4 199.8 209.9 213.4 215.7 222.8 229.4 233.5 239.5 244 247.1 251.4 256.6 260.1 262.1 262.3 261.4 259.9 257.3 255 248.7 250.7 249.4 249.2 244.2 241.4 238.9 234.5 232.4 228 229.4 229.8
484 481.8 480.1 479.7 478.9 477.8 474.7 473.5 470.7 467.8 466.7 463.9 459.2 451.5 443.6 435.7 422.9 398.5 380.9 363.8 346.6 325.9 311.4 296.1 287.3 265.8 247.2 229.7 216.2 209.6 200.2 188 180.8 174.4 165.2 163 161.8 165.6 165.9 165.3 166.2 173.3 175.9 186 189 187.6 197.2 203.9 211.2 218.8 225.1 228.8 237.8 239.9 245.7 249.3 253.7 257.6 260.3 264.4 266.5 267.8 266.9 265.2 259.4 254.6 256 260.6 257.9 252.3 245 241.5 236.9 232.4 230 231.4 235 232.4
479.9 480.6 480.1 480.7 480.9 480.4 477.8 476.5 474.8 474.5 473.1 471.2 467.1 458.1 448 436.5 415.1 389.8 375.3 359.9 340.4 317.3 307.2 291.5 274.7 253.8 235.8 219.8 214.2 203.8 193.1 180.3 171 166.2 164 160.5 161.4 164.5 164 164.8 168.1 170.6 175.2 180 190 189.2 195.7 209.6 213.7 219.8 229.2 229.6 238.3 246.2 250.7 253.3 258.4 263.4 265.1 268.3 270.2 272.1 271.7 263.3 260.5 261.1 268.8 263.8 257.2 248.5 242.6 239.5 237.8 235.2 235.3 240.9 240.4 242.3
475.8 477.3 477.3 478.2 478.9 478.4 479.5 478.6 476.4 476.2 476.7 473.8 468.6 459.7 445.8 426 401.4 379 364.9 351.3 332.9 309.5 288.2 277 260.7 245 228.2 214.5 205.6 201.8 186.1 174.6 167.9 165.5 162 160.8 158.9 162 164.2 164.4 170.7 168.7 175.4 182.8 190 194.1 197.8 208.6 217.6 222.6 232.5 238.9 240.2 250.7 254.6 259.3 264.7 267.7 269.5 272.1 272.7 272.2 266.7 265.1 267.1 267.2 272.7 261.2 252.5 244.8 245.8 243.9 240.8 239.2 241.3 241.1 244.3 250.4
468.9 470.8 472.5 474.3 474.9 475.7 476.9 476.8 476.7 475.7 473.9 471.5 464.6 447 427 406.4 384.4 368 351.7 331.3 315.5 294.3 276.5 262.8 247.5 238.8 224 207.2 197.4 188.7 178.2 171.3 167.5 164.1 163.3 162 160.7 161.3 164.4 166.6 167 172.6 180.6 187.9 193.8 199.1 204.4 214.3 217.7 226.8 237 244.1 247.7 254 260.7 265 269.7 271.9 273.5 274 274.2 273.6 270.4 269.4 270.1 273 272.8 260.2 249.3 244.5 246.9 246.3 245.7 246.8 245.6 243.5 248.2 252.6
459.1 462.9 466.2 468.4 468.6 469.8 471.8 472.5 472.3 471.4 469.7 464.9 450.4 432 411.3 391 369.2 352.6 333.5 316.6 299.4 282.8 264.9 246.7 238.5 230.9 211.1 198.1 189.1 178.9 172.6 167.2 164.4 163.7 163 161.4 158.9 161.7 164.9 166.4 171.2 177.8 184 192.6 196.5 204.5 212 218.7 224.2 233 240.6 246.8 253.6 259.5 264.4 268.7 272.2 275.2 277 279.4 284.1 276.9 273 276.4 268.8 267.7 261.1 256.2 249 245.5 248.8 249.4 251 245.5 244.2 246.6 251.3 253
446.1 449.7 453.7 457.5 457.8 459.9 461.6 463.7 463.8 463.9 461.1 455.3 443.1 421.3 401 378.7 364.7 338.7 317.7 305.5 288.5 271.8 255.8 237.6 226.1 215.8 202.5 189.7 179.3 171.7 167.6 165.8 163 162.9 162.3 159.6 160.6 163.2 165.5 169.5 176.3 182.5 189.2 195.2 202 210.9 218.9 225.8 231.6 237.7 246.1 251.4 257.9 262.4 266.8 271.1 276.3 280.7 284.4 285.3 286 280.7 273.4 270.7 265.8 261.4 255 252 249.1 250 253.6 249.4 245.1 244.7 246.2 250.3 255.6 255.9
433.4 433.8 436 441.3 444 447.1 449.4 451.7 450.7 448.5 444.1 437.2 425.6 402.5 383.1 364.8 348.6 324.1 306.5 294.8 274.9 256.2 243.5 230 211.2 203.4 192.3 182.9 173.5 168.2 167 162.4 161.6 162.1 160.9 160 164.2 166 166.8 172.9 180.1 188.8 193.6 201.2 208.9 216.9 223.9 230.4 235.6 243.6 252.3 256.4 262.6 267.2 271.2 274.9 279.6 284.9 287.1 287.4 288.3 279.2 273.9 269.2 265.3 261 254.6 250.6 249.9 248.1 246.4 245.2 244.6 247.2 253.2 253.4 256.3 259.6
421.3 421.8 422.1 427.1 430.4 432.4 433.9 434.3 431 426.9 422.7 415 399.5 383.5 365.7 351 337.4 313.7 294.3 277.3 255.3 241.5 230.1 214.4 198.4 192.9 183.4 177 171.8 166.1 161.3 160.1 160.1 160.8 159.5 161.8 164.5 167.1 171.2 179.8 185.2 195.3 199.3 205.1 214.9 222.4 229.9 234.7 240.8 249 256.4 259.7 266 271.1 275.1 278.5 284.1 288.1 287.6 287.1 282.8 276.7 275.9 270.2 266.4 259.2 254.1 250.9 247 246.6 247.1 247.4 245.3 249.6 255.6 254.3 260.1 260.3
410.6 410.3 410.9 413.3 414.6 413.9 414.6 412.9 409.2 405.7 400.9 392.2 382.2 367.7 350.7 333.8 318.3 299.7 279 261.2 242.2 229.4 215.4 201.1 188.4 181.9 177.4 173.1 167.2 161.7 160.1 160.1 160.1 159.5 161.6 167.3 166.5 168.9 176.4 183.2 193.6 198.9 203.8 210.4 220 227.2 235.9 238.9 246.6 254.2 258.8 262.9 269.8 273.7 279.9 283.2 285.1 288.2 286.7 281.1 278.5 277.3 276.7 271.3 264.6 259.9 253.6 250.6 246.1 246.9 247.8 247.7 246.3 253 255.2 257.1 258.9 260.8
398.7 401.2 401.2 399.7 397.2 396.6 394.5 390.7 389.3 384.6 379.9 374.7 364.9 350.1 333.9 315.3 302.4 289.4 264.5 248.4 236.1 223.1 208.5 198 185.8 178.7 170.2 167.1 162.9 160.1 160.1 160.1 160.1 160.4 166.7 166.7 167.3 174.8 181.2 190.9 197.1 202.9 209.2 217 224.7 232.1 239 244.2 252.2 256.1 261.9 267.7 271.7 277.1 283.8 285.1 286.3 287 284 281.1 278.8 278.7 274.6 269 265.5 259 254.5 248.3 247.8 248.2 248.7 248.5 246.5 248.7 252 258.3 260.2 262.5
389.2 390.7 388.5 386 383.3 380.1 374.5 371.6 366.7 364.7 359.1 353.2 341.9 328.4 314.7 298.1 282.8 267.9 251.6 236.5 225.5 212 199.1 189.4 181.3 173.8 166.9 162.3 160.1 160.1 160.1 160.1 160.1 162.7 167 167.4 170.9 179.7 187.2 193.9 199.3 207.2 214.7 221.6 228.2 237.8 243.3 251.2 256.2 258.3 263.1 269.4 274.6 280.3 283.6 285.7 286.8 285.7 285.9 282.2 280 277.3 273 268.8 263.9 257 251.5 247.8 248.9 251.3 251.7 249.3 248.5 251.9 253 257.5 260.9 266.7
377 377.5 376.9 372.8 369.4 368.1 360.4 356.5 352.4 347.4 338.9 329.9 321.5 308.7 296 281.5 267.9 251.9 239.8 226.1 208.3 197.3 187.4 176.7 172 167.5 165.5 160.1 160.1 160.1 160.1 160.1 160.9 165.4 167.5 171.2 178.6 185.2 193.2 197.9 204.9 211.2 219.3 228.9 237.4 240.2 246.9 254.6 257.6 261.1 266.7 274 276.9 280.4 283.1 285.8 286.1 286.8 286.9 286.4 288 281.4 274 266.7 261 253.8 249.8 254.1 258.3 253.7 253 252.7 254.1 252.9 254.2 259.2 265.5 269.7
365.7 364 362.7 359.9 355.6 354 348.8 341.7 335.8 332.6 322.5 313.9 306.3 291.9 278.4 268.9 255.1 241.7 229.5 213.5 196.7 184.7 175.3 171 167.6 164.8 160.1 160.1 160.1 160.1 160.1 160.1 161 165.5 169.2 178.6 185.9 191.3 197.1 204.8 211.7 217 224.8 233.2 243.1 247.1 249.1 257.5 261.2 267.3 271.1 275.8 279 281.5 285.5 287 288.2 289.4 289 293.4 289.1 281.2 274.7 266.1 257.4 252.1 250.5 257.6 258.1 259.8 259.7 256.1 254.2 256.4 259 265.2 269.3 272.5
352 350.1 346 344.4 341 336.2 334.9 327 319.8 314.7 307.7 298.1 285.2 274.7 267.3 258.3 245.9 235.2 220.4 203 188.6 177.9 171.1 167.1 164.6 160.7 160.1 160.1 160.1 160.1 160.1 160.1 163.4 169.1 176.3 184.5 190.9 194.9 203 211 218.1 222.7 229.8 235.6 244 249.9 254.2 261.2 266.2 271.7 274.9 277.8 281.1 285 287.4 288.5 289.5 289.2 288.9 288.2 284.6 277.6 270.1 263.6 257.6 253 257.2 258.7 264.3 262.8 261.2 259.4 261 260.7 262.3 269.2 277.5 281.3
