public/OST50/NH16.asc
ncols 200
nrows 200
xllcorner 210000
yllcorner 860000
cellsize 50
[rows 0 to 34 of 200, columns 78 to 155 of 200]
505.1 489.8 473.1 458.2 444.8 429.4 411.9 398.9 389.8 378.8 367.8 359.2 354.2 348.3 345.4 348.1 353.3 356.1 359.3 361.5 366.4 373.1 379.2 384.7 390.8 401.6 412.7 428.1 440.5 452.8 463.6 472.2 472.5 478.4 486.6 498.3 502.5 512.3 527.5 539.1 555 575.9 591.4 604.5 616.1 623.9 629.3 632.4 641.7 641.7 619.2 598.6 583.8 565.2 559.5 543.3 512.7 504.7 480.2 466 455.6 446.4 431.1 429.1 424.3 425.1 428.6 434.9 448.5 465.6 490.1 517.8 546.5 577.8 587.2 604.4 617.1 632.2
516.7 501.5 486.1 469 456 442.1 427.1 412.1 398.9 386.9 375.9 366.2 357 350.4 343.7 338.8 343.1 346.1 349.8 351.4 356.6 364 368.8 373.9 377.6 382.7 390.9 404.1 418.9 427 437.1 447.2 451 456.2 462.1 469.5 479.3 487 500 515.7 536.1 559.3 574.8 582.6 588.2 591.9 593.1 595.4 608.2 609.6 583 566.6 558.4 545.4 533.2 529.4 509.9 482.5 463.4 451.4 448 439.2 423.4 422.1 419.6 421.4 426.3 436.8 454 471.1 498.8 530 571.1 595.6 602.5 612.6 624.6 635.2
526.5 516 503.2 487.1 469.4 453.3 437.3 427.7 408.5 395.9 384.9 372.9 362.9 354.5 346.8 340.5 335.4 337.3 341.3 345.3 347.5 354.9 362.5 365.8 366.3 369.5 375 381.7 391.6 405.4 416.1 426 432 440 447 454.6 461.2 463.7 473.1 498.5 515.3 532.6 548.3 557.3 561.3 561.8 558.6 562.1 562 563.6 547.4 535.4 529.7 528.3 505.5 476.4 471.4 462.4 447.6 441.4 438.4 428.8 421.3 418.4 416.8 422.3 427.1 439.5 464.4 486 515.6 561.7 612.5 625.7 623 626.2 627.7 637.9
535.6 524.3 516.2 503.5 488.8 467.8 452.5 443.6 425.7 410.5 397.4 383.4 369.2 359.3 349.3 342.9 334.6 332.4 333.8 333.8 335.5 345.1 354.5 356.3 357.2 358.8 361.6 367.7 376.5 385.2 394.4 410 418.4 423.6 431.3 437.2 438.1 441.6 470.3 479.3 492.6 505.1 517.7 530.7 536 537.1 536.9 532.3 530.9 527.3 525 507 493.1 481.3 471.4 467 455 448.9 441.4 433.7 428.5 419.3 417.5 415.5 414 421.2 430.6 450.2 472.9 501 530.7 585.5 636.9 645.6 642 640.8 639.5 644.9
543.6 536.9 528.1 518 503.4 486.7 469.9 455.4 443.6 425.9 407.7 398.4 382 370.3 356.4 345.2 341 336.2 330.2 325.8 327.8 332.7 340.1 345.1 349 350.2 352.2 355.8 363.9 372.1 377.4 390.7 404.3 412.3 416.8 419.1 416.1 442.2 450.3 462.6 470.3 481 491.6 503.2 510.1 512.8 520 516.3 516 513.3 502.9 489.3 474.3 471.8 454 450.1 447.2 440.2 434.8 428.5 420.9 412.7 414.6 412.6 414.7 420 440.5 461.3 487.3 519.3 554.1 599.2 650.4 666.2 664.4 659.1 657.1 658
555.7 548.1 539.1 528.5 519.3 507.7 491 470.6 457.5 442.8 427.8 411.5 398.1 385.5 369.5 356.4 346.8 342.6 339.6 332.2 322.8 321.7 329.2 332.3 339.9 341.5 343.8 348.1 356.1 361.4 363.8 371.9 386 396 401.5 394.3 419 422.2 431.9 444.2 446.9 455.7 465.1 477.8 485.4 494.3 501.3 501.4 497 498 491.3 478.3 466.4 455.8 450.3 446.9 437.1 431 426 423.9 416.4 409.3 410.7 408.1 414.4 430.7 453.3 473.6 501.1 533.9 569.7 612.8 654.6 691 688.1 679.3 675 672.1
564.9 557.1 547.6 538.1 531.5 523.9 514.3 490.4 472.4 459.7 447.4 433.1 419.3 404.9 385.2 369.9 358.1 348.2 341.2 337 329 321.1 322.1 326 328.6 333.2 337.5 340.7 345.5 351.8 357 360.5 364.4 371.9 389.4 386.2 399.8 413 412.2 422.1 428.2 438.1 446.2 455.8 465 474.8 486.9 488.8 485.5 483.4 477.6 467.7 456.6 449.1 441.4 440 431.2 422.4 417 417 411.4 405.4 405.5 415.1 427.8 443.3 463.8 491 519.2 552.4 587.6 633.1 677.5 714.6 712 704.3 697 696.4
573.6 566 557.6 548.4 541.9 535 519.8 504.8 491.9 477.4 462.7 449.9 434 417.6 401.1 385.8 370 359.7 350.1 342.1 331.9 329.9 316.9 314.5 320.7 324.3 328 334.4 337.7 343.2 349 351.1 354.4 355.5 364.1 375.1 381.4 386.2 395.9 405.2 412.4 420.3 423.7 433.2 445.9 457.8 468.6 474.3 473.7 473.2 468.2 459.1 450.7 445.4 440.9 434.1 426.1 415.2 408.6 404.9 401.5 405 410.8 424.3 441.9 457.7 477 501 532.2 564.9 604.7 652.9 699.3 727.4 731.5 726.7 721.2 719
581.9 576.6 568.6 558.3 549.7 539.7 530.9 519.3 507.8 495.6 481 464.1 449.6 431.8 416.8 398.5 386.3 372.5 358 344.1 335.9 332.8 325.7 313.5 307 308.8 323.6 327.8 331.1 336.9 339.9 344.5 344.1 346.8 353.1 358.4 365.1 372 379 386 395 401.2 407.4 417.2 427.1 437.9 449.9 457.6 459.6 457.8 453.5 447.3 442.7 439.2 435.4 428.5 416.2 405.4 397.9 394.5 403.8 407.9 419.5 434.6 451.4 469.3 491.5 515.8 545.5 580.6 621.5 662.3 709.7 736 741.3 740.3 736.9 736.5
590.9 587.2 579.4 571.1 561.4 551 539.3 529.6 520.2 511.4 497.4 480.5 462.7 448.7 431.9 416.5 400 385.3 369.9 356.1 342 332.2 326.4 321.9 316.4 303.5 311.3 319.8 326.8 330.6 334.5 336.6 335.3 338 340.3 341.7 348.4 353.5 360 365.7 377 386.2 392.4 401.3 408.1 419.4 430.7 439.9 443.9 441.6 438.3 437.8 433.2 427.3 421.3 417 408.2 395.6 387.4 393.7 399.3 409.9 426.8 445.1 463.7 484.9 503.6 527 558.4 596 636.2 678.2 715 737 743.5 747 745.2 744.1
597.4 595.9 589.9 579.3 569.7 559 543.7 535.6 528.3 517.2 505.1 492.8 478 461.3 445.8 434.6 418.5 401.4 385.5 370.8 357.8 343.9 328.6 321 317.1 308 300.8 312.2 318.3 323.7 328.2 326.7 326.6 328.2 329.3 330.9 332.7 341.4 343.1 350.8 360.1 369.8 375.1 385.1 394.6 405.2 416.9 423.9 429.8 428.3 425.9 424.5 420.6 414.6 406.9 405.4 399.8 387.7 382.7 389.9 399.3 419.7 436.2 454.6 474.3 492.4 514.8 545.1 581.6 618.2 653.5 682.7 712.3 732.6 743.5 747.9 749.4 751.4
607.7 603.3 595.9 585.5 573.7 563.4 553.1 542.4 534.2 524.1 512.5 501.1 488.7 476.5 460 445.5 433.4 416.8 401.8 384.5 371 357.5 343.4 329.3 320.4 311.6 297.3 299.6 306.6 315.1 316.3 316 320.2 318.4 319.3 317.1 320.2 328.1 331.4 337.2 345.2 352 359 368 380.2 390.2 401.6 410.7 415.5 418 416.8 412.4 408.9 401.5 397.9 392.6 386.1 379.3 380.2 393 413.1 431.2 448.4 472.3 481.1 503.1 530 560.8 591.8 625.6 657.1 682.8 709.9 727.3 739.2 745.6 747.8 750.3
618.7 610.2 600.1 587.4 575.9 568.4 558.1 548.5 538.8 529.2 519.1 507.3 495.1 484.3 470.9 457.2 443.6 431.2 416.5 401 382 367.8 355.4 340.3 324.5 313.2 304.5 291.7 299.6 302.8 307 307.8 312.4 309.3 311.2 309.3 313.8 313.9 318.6 326.9 329.5 339.6 347.9 352.8 362.3 374.8 384.8 396.9 401.5 405.1 405.3 400.9 399.4 394.2 389 378.3 370.2 375 387.4 402.6 420.8 439 457.8 476.8 497.9 520.7 549.1 577.3 609.9 637.6 663 685.8 710 723 732.2 737.5 740.9 744.7
623.8 614.1 604.7 595 581.5 571 562.1 553 542.5 533.5 523.4 512 502.3 490.8 479.3 469.9 458.8 444.4 431.4 414.9 399.3 380 362.6 346.5 334.7 322.5 310.2 300.7 290.7 287.9 291.7 299.4 301.5 302.4 303.9 301.7 306.5 307 308.3 314.9 316.3 325.5 331.5 338.3 347.9 357.9 370.2 381.4 387.4 389.7 391.7 390.3 389.2 393 382 371.3 363.9 377.6 395.5 411.2 428.4 446.8 468.9 491.8 519.5 547.7 575.7 591.9 615.7 643.7 668.3 687 701.8 713.8 723.4 729.5 734.3 737.5
630.9 618.1 607.1 597.4 587.5 576.9 565.3 557.1 547.5 537.2 527.6 517.1 507.1 496.9 484.5 476.7 468.9 456.5 442.2 428.4 411.5 392 375.5 358.1 344.7 330.1 317.3 305.2 295.6 287.9 283.1 288 291.1 294.7 294.6 293.8 296 298 299.3 303.2 306.8 312.5 316.5 325.5 334.9 343.3 354.7 365.9 373.5 376.4 377.3 383.8 380.6 382.2 378.6 363.1 367.5 387.7 404.7 419.8 439.8 460.5 484.8 515.5 549.5 579.1 606.6 622.1 625.2 645.6 663.3 674.4 689.1 709.2 720.9 729.3 734 736.3
643.8 629.1 611.3 600.5 591.3 581.6 571.2 561.3 550.8 541.5 530.7 520.7 512.6 503.6 491.7 483.7 475.1 466.5 454.8 441.1 424.8 405.7 386 369.6 352.8 337.3 321 308.2 297.9 289.7 283 277.5 283 288.1 288.5 288.2 287.8 290.6 291.6 294.2 298.9 303.5 306 315.2 321.6 330.4 340.9 349.8 359.8 362.9 361.8 369 373.9 366 364.8 356.3 375.2 395.6 412.2 428.9 449.8 475.6 502.4 532.9 566.2 596.2 618.6 637.7 648.4 658.4 669.4 686.8 702.6 716.1 727.2 733.4 737.6 739.3
669.4 639.4 623 605.2 596.2 585.7 574.8 566.3 554.9 543.5 534.5 527.4 518 508.3 498.2 488.7 479.5 469.5 460.3 450.9 439.9 423 405.2 380.7 364.9 342.9 325.7 314 304.2 293.9 283.4 277.9 278 282.3 283.5 282.8 280 283.8 285.5 285.9 292.4 293.6 299.3 303.6 312 318 331.4 340.5 347.2 351 352.1 357.3 367.9 356.4 351.7 362.7 382 402.7 419.9 439.1 462.9 491.6 526 556.2 573.9 600.7 627.3 656.7 667.6 673.4 685.8 699.7 713.3 723.8 734.4 740.6 744 745
687.5 659 632.7 613.8 602.4 588.8 575.7 569.3 560.3 550.9 540.9 532.1 524.9 516.2 506.8 496.3 486.4 475.4 467.1 458.6 452.4 440.4 419 399.8 376.6 354.2 334.6 319.3 306.7 295.9 286.5 278.4 275.2 276.4 278.1 278.4 276.2 278.3 280.8 279.9 285.1 291.7 291.5 296.7 303.3 312.6 318.6 326.2 335.1 338.8 343.6 346.4 353.2 347.3 348.5 367.8 387.2 405.6 425.6 446.8 473.8 505.5 545.1 577.5 601.3 619.3 646.1 679.4 689.6 694.8 703 713.8 726.5 736 743.9 750 752.7 752.2
708.8 671.3 639.2 620 607.3 592.3 580.8 571.5 564.2 556.8 548.4 539.1 530.1 524.1 516.6 507.1 494.3 484.8 475.4 464.9 460 453.1 443.4 425.4 388.7 366.7 345 325.7 312 299.3 288.2 280.4 274.3 269.9 272.5 274.4 273.8 273.6 274.9 275.6 279.4 282.3 284.5 287.7 293.5 299.3 306.3 316.4 323.5 330 335.5 339.2 340.7 338.3 352.7 371.6 390.4 408.3 433.2 456 486.3 526.3 566.4 591.9 622.5 649.5 680.9 703 713.1 716.2 722.3 730.8 740.8 749.2 756.2 760.6 761.2 755.7
724.2 686.1 651 624.5 609.1 597.6 588 578.1 570.2 562.7 554.4 546.3 536.7 531.3 525.8 517 509.2 494.7 483.2 472.9 466.7 460.8 454.7 443 419.4 380.7 356.4 336.1 316.7 302.1 291 283.2 277 271.3 267.7 269.6 271.6 269 269.8 268.7 273.3 275.2 279 283.1 287.9 293 298.8 308 315.5 322.2 327.3 331.9 332.9 339.5 355.6 372.6 391.9 411 434.7 465.7 500.4 533 571.5 608 637.6 666.4 695.2 715 727 734.5 740.3 747.6 758.2 765.9 769.5 771 770.3 760.8
703.4 701.4 668.4 640 619.2 606.3 593 584.6 575.8 565.5 558.4 554.1 545.1 539.9 534 524.8 517.7 505.9 493.1 483.5 476.8 470.1 463.1 450.8 438.1 398.7 371.9 347.5 328.4 308.5 296.6 285.9 278.1 272.3 267.5 265.1 268.8 266.5 268.1 266.7 268.8 270 272.6 276 281.8 287 295 299.1 310 315.1 320.2 330 331.7 341.4 356.2 373 392.4 412.4 437.6 470.7 504.7 541.9 580.1 616 640.7 670.9 703.1 723.7 739.2 748.5 755.2 762.5 772.5 777.8 781.6 779.9 775.5 759.8
680.6 682.1 680.1 658.4 634.3 619.4 606.9 597.8 593.5 581.6 571.9 574.3 559.4 559.3 553.7 548.5 538.9 522.7 507.7 504.9 494.2 485.4 473.5 462.4 448.2 429.5 389.2 358.7 335.2 317.2 305.6 294.6 284.7 279.6 268.8 264.7 267.3 266.9 263.9 262.2 264.2 267.6 265.6 272 274.9 280.1 288 294.3 303.5 308 314.3 315.2 331.2 340 354.8 372.9 392.1 410.8 438.4 468.7 507.3 550.5 590.4 616.2 646.3 679.4 708.4 729.8 744.6 755.8 766.2 770.7 778.6 781 778.7 777.3 774 760.9
658.7 661.2 662.4 662.5 662.4 652.1 639.8 633.8 631.7 619.7 604.9 600.6 596.9 591.8 587.5 580.9 571.9 563 545.7 527.2 520.2 515.4 494.2 478.9 465.6 448.4 407.3 376.5 350.7 326.3 311.3 297.8 286 281 272.1 264.1 265.4 264.9 262.7 260.1 259.4 260.9 264.2 269.6 269.8 275.5 285.8 291.8 296.6 299.8 304.7 318 328.3 338.8 354.8 372.6 390.4 411 437.6 470.6 507.6 551.4 591.3 618.9 651.5 683.2 711.5 728.8 743.8 757.7 768.7 772.8 779 778 773 763 755.7 753.4
633.7 638.2 641.5 644.3 648.9 650.5 651.9 651.3 647.1 645.1 626.2 613.4 611.7 609.8 600.2 596.3 585.9 580.6 567.5 553.8 542.8 531.4 513 497.3 484.5 465.8 451.6 412.6 366.5 336.5 317.5 300.4 288.5 278.2 270.7 264.1 261.6 263.8 261.4 260 257.8 258.5 259.6 264.8 268.7 273.5 278.7 282.2 287.7 300 306.4 317.6 325.1 337.8 352.9 369.9 389 409.2 436.8 468.1 505.4 544.3 581 619.3 655.6 685.6 711.5 728.5 742.2 754.5 765.6 772.9 775.5 772 761.7 742.2 727.4 725.5
621.4 620.3 622.3 626 630.1 635.3 638.5 638.9 635.3 628.9 622.6 617.1 610.9 609.1 605.8 600.7 593.9 587 580.5 571.6 562 546.3 526.8 511.9 499 485.1 469 452.3 388 351.3 327.5 308.8 292.3 279.3 271.1 264.4 260.8 259.8 259.9 258.6 257.3 257 258.9 264.5 267 270.4 274.4 280.4 285.9 293.9 301.9 313.7 321.8 335.8 350.6 367.6 386.9 406.2 434 464 499.1 539 584.2 621.2 657.5 693.1 713.1 727.8 740.8 752.1 760 766.1 769.3 765.6 743.3 729.5 713.1 698.8
604.1 603.6 605.5 610.7 613.7 618.5 620.5 622.8 623 621.5 616.7 612.9 607.6 608.9 608.6 602.6 598.2 595.8 590.7 581 572.8 564 551.1 528.9 516.4 503.1 487.7 470.6 425.5 367.5 336.9 315.5 297.3 284 273.8 265.9 262.9 260.6 258.5 258.6 258.2 257.1 257.9 261.5 264.3 266.9 269.6 274.4 281.7 289.7 300.3 310.1 319.9 334 347.7 364 383.7 402.8 429.6 460.8 499 536.9 581.1 617.4 656.9 692.5 712.4 726.2 738.4 750.2 754.9 758.4 760.3 757.7 741.3 725 705.6 695
590.4 591.3 591 593.2 598.2 601.4 605.4 607 608.3 609 609.4 607.9 604.6 602.9 607.2 607.9 602.8 598.9 593.8 587.5 579.4 572.5 562.6 547.7 526.5 513.3 496.4 480 453.3 384.9 350.6 325.1 302 287.5 274.8 266.4 261.8 259.4 257.5 257.7 257.4 256.4 257 258.5 260.6 264 271.3 275.2 280 290.6 297.9 306.1 316.9 330.9 343.1 360.6 378.9 397.6 423.6 454.3 491.3 527.1 566.8 604.6 647.8 678.1 699.2 718.9 730.8 745 750.8 752.8 753.3 751.1 738.4 719.5 705.3 690
575.8 577.6 578.6 579 581.5 584.4 587.8 590.9 591.5 593.2 594.2 595.6 596.6 598.8 599.3 600.6 601.7 599.5 594.6 589.1 583.9 576.6 568.9 553.8 535.8 517.9 502.8 488.3 468.9 402.8 360.1 330.9 309.5 291.2 275.5 264.8 260.5 258 256.3 257.4 255.1 251.7 255.9 257.1 260.4 263.3 267.4 273.2 277.9 285.8 294.4 304.7 314.2 326 339.7 356.1 373.1 393.7 414.4 444.1 478.3 510 546.9 596 633.3 664.2 684.5 704 719.4 731.9 742.7 747.5 748 743.6 731.7 716.2 705.9 690.7
558 560.3 561.6 561.3 563.6 568.4 570 572.9 574.5 575.4 576.1 579.6 582 584.2 586 588.1 590.7 591.9 589.1 585.9 582.5 576.8 569.8 560 544.7 527.3 513.4 500 478.6 429.5 376.8 341.7 317.2 295.7 279.5 267 261 257.2 256.1 256.8 255 250.7 252.8 250.8 258.9 261.1 264 272.3 278.3 284.7 293.8 300.8 310.3 323.2 336.6 352.5 368.3 386.8 406.7 433.7 463.3 492.3 538.3 581.3 616 645.7 670 687.8 703.4 721.4 737.8 745 739.3 734.2 729 719 707.1 698.4
534.1 539 542.4 544.8 547.6 549.1 549.6 551.1 555.9 557.1 558.5 560 561.1 563.5 568 571.3 572.9 575.4 577.1 576.2 573.9 570.5 565.2 558.8 547 533.2 520 505.1 483.1 464.6 404.2 354.5 326.2 302.6 283.3 270.1 262.4 257.6 252.2 250.7 250.7 250.7 250.7 250.7 258.1 259.6 260.9 269.5 277.5 284.7 289.2 298.6 308.5 319 329.3 345 362 378.7 397.8 422.8 450.7 481.2 522.5 561.5 589.7 617.9 643.2 665.4 683 705.9 723.1 732.6 728.5 720.5 718 712.3 708.8 696.8
510.1 518.8 521.1 524.3 528.9 529.5 532 533.1 534.9 537.2 539.1 541.8 541.5 542.3 545.6 547.6 550.9 552.1 553.7 556 558 555.3 546 542.9 543.8 533.2 518.9 501.2 485.4 446.3 427.7 370.9 337.9 306.8 288.1 272.2 262.9 258 251.1 250.7 250.7 250.7 250.7 250.7 252.3 255.8 261 267.9 276.6 281.7 287.3 297.8 304.7 318.5 327.6 338.7 353.9 371.3 389 408.6 437.1 469.9 506.7 548.1 569.5 594.4 622 641.1 662.6 685.9 702.8 713 711.8 701.9 704 706.3 703.3 695.1
491.4 496.8 501.6 503.2 505.2 507.3 509.9 511 513.4 516.8 517 518.6 519.2 516.2 519.1 522.6 524.1 524 524.9 525.4 526.1 526.1 522.9 512.2 513.5 507.4 502.2 486.2 461 432.2 412.8 376.2 343.8 317 291.6 274.2 261.6 255.6 250.7 250.7 250.7 250.7 250.7 250.7 250.7 254.3 261.2 269.2 276 283.3 285.1 295.9 302.9 311.7 323.8 336.2 353.2 368 383 400.4 421.5 451.5 488.5 531.7 551 572.8 596.4 616.9 639.6 662 682.6 689.2 688.5 687.9 687.7 690.3 693.7 684.8
474.3 478.7 481.2 482.4 482.9 483.5 486.6 489.4 491 492.8 493.3 493.7 494.5 491.8 491.5 490.6 494.6 496.9 495.7 493.5 492.2 490 488.5 482.2 476.6 477.7 477.3 467.4 446.9 426.8 402.9 385.8 355.1 320 297 280.3 265.4 256.7 251.2 250.7 250.7 250.7 250.7 250.7 250.7 250.7 261.9 269.6 275.5 279.1 284.9 291.7 300.5 309.4 320.9 332.9 347.1 362.4 375.1 391.7 411.8 435.3 465.7 504.4 535.3 557.3 576 592.9 613.8 634 650.3 663.9 674.3 674.9 674.7 672 672.4 673.5
448.5 455.2 457.2 456.9 457.9 460.3 461.3 462.1 463.5 464.9 464.5 464.5 467.6 470.8 468.2 464.9 463.2 463.4 461.5 461.9 458.9 455.1 455.1 451.2 444 440.3 433.9 431.9 416.3 398.1 386.9 379.2 356.8 322.9 300 284.1 270.1 257.6 250.7 250.7 250.7 250.7 250.7 250.7 250.7 250.7 259.8 266.5 275.3 279.1 284.4 293.6 298.7 308.3 316.1 329.1 343 356.1 371.4 384.8 403 422.5 452.3 485.9 511.2 530.9 555.1 574.8 591.3 614.5 628.5 645.9 662.9 665.8 652.7 653.4 650.5 650.6
419.2 426.6 430.1 431.4 432 433.2 434.8 436.8 439.4 439.3 439 436.6 439.1 439.5 439.5 442.5 433.9 436.9 433.5 435.9 432.4 429.9 428.2 422.4 417.1 411.1 406.2 395.8 389.7 377.2 372.3 366.7 354.2 323.2 303.7 287.5 273.3 262.7 250.7 250.7 250.7 250.7 250.7 250.7 250.7 250.7 260.9 266.4 271.8 276.9 282.7 289.3 295.7 302.3 313.6 326 337.9 352.7 367.5 380.7 393.6 411.6 437.8 469 492.6 509.9 530.6 551.8 573.9 588.9 605.6 624.7 636.9 637 632.8 631.8 629.2 625.8
