public/OST50/NH16.asc
ncols 200
nrows 200
xllcorner 210000
yllcorner 860000
cellsize 50
[rows 70 to 104 of 200, columns 78 to 155 of 200]
647.9 644.8 641.8 637.6 633.6 629.6 625.3 620.4 619 615.4 609.5 602.5 595.9 591.4 588.6 586 581.7 571.4 562.5 559.8 552.5 545.1 536.5 525.8 518.7 511.4 504.8 504.5 497.6 494.2 491.8 488.1 476.1 461.4 439.3 412.7 394.4 377.8 361.3 349 332.9 323.2 315.5 310.3 308.9 307.2 306.5 303.1 298.3 294.5 290.6 290.1 286 281.8 273.9 272.4 267.1 262.6 260.9 257.3 250.7 250.7 250.7 250.7 250.7 250.7 250.7 250.7 250.7 250.7 250.7 250.7 250.7 250.7 250.7 250.7 250.7 250.7
660.2 657 652.4 647.7 641.8 636.6 630.7 627.5 626.2 621.6 615.3 608.5 602.6 599.4 595.5 591.8 586.6 578.8 572.5 569 559.9 552.7 543.7 537.6 529.1 524.3 516.8 513.8 509.2 505.7 502.7 497.1 482.4 465 449 428.5 412.7 396.3 382.1 371.2 359.3 356.5 332.6 323.5 317.6 316.1 313.8 310.5 307.8 303.2 299.8 296.3 289.5 287.7 282.4 279.3 275.8 270.5 266.8 262.8 260.5 260.2 250.7 250.7 250.7 250.7 250.7 250.7 250.7 250.7 250.7 250.7 250.7 250.7 250.7 250.7 250.7 250.7
673 669.2 666.5 660.3 652.5 647.7 642 637.6 633.8 628.5 623.6 617.9 611.8 606.4 601.6 596.1 592 586.4 581.7 577.5 571.3 566.9 559.2 553.9 549.1 538 531 528.9 521.6 517.9 513.8 506.2 490.3 470.7 451.9 433.6 419.4 404 396.3 385.7 375.3 360.9 350.8 340.4 331 329.7 325.4 318.8 317 311.7 310.1 302.9 296.9 294.5 289.3 286.7 282.1 280.4 275.1 272.5 267.7 265.4 260 257.6 250.7 250.7 250.7 250.7 250.7 250.7 250.7 250.7 250.7 250.7 250.7 250.7 250.7 250.7
685.2 682.4 680.4 676.4 667.6 660.3 654.3 647.9 641.8 636 631.6 626.3 620.5 616.4 610.7 605.3 600.4 593.3 589.6 585.7 585 580.6 576.1 572.5 569.3 556.9 550 545 537.8 533.7 523 509.9 482.8 467 450.4 435.2 422.5 412 403.4 389.7 380.5 369.4 361 356.4 351.9 344.3 336.8 329.8 326.1 322 317.6 311.2 307.1 302.4 298.8 295.5 291 286.2 282.2 281.8 276.1 272.6 268.3 263.9 261.3 250.7 250.7 250.7 250.7 250.7 250.7 250.7 250.7 250.7 250.7 250.7 250.7 250.7
696.9 694 692.1 687.9 680 672.6 666 657.2 650.3 643.8 639.5 634.5 630.4 625.2 619.7 613.7 608.8 604.9 601.5 598.9 596.9 593.5 592.1 588.8 583.6 579.9 578.1 568.6 559.6 557 541.1 520.2 482 457.7 446 441.3 434.9 423.8 403.7 394.8 390.1 386.1 380.2 375.1 372.4 363.5 351.1 342 336 331.7 328.2 324.4 320.6 313.8 309.6 304.9 297.9 294.6 289.5 293.1 287.7 279.7 275 270.9 267.7 265.5 263.9 250.7 250.7 250.7 250.7 250.7 250.7 250.7 250.7 250.7 250.7 250.7
706.4 703.8 701.2 697.2 690.9 684.4 676.8 668.6 660 651.7 646.1 641.5 638 633.4 630.8 625.5 620.3 617.7 614.7 613.1 611.4 610.5 608.2 605.7 604.3 603.7 600 594 586.3 576.1 553.9 514.9 495.3 460.8 447.4 436.9 425.4 420.6 413.9 405.7 402.7 401.4 395.9 393.2 387.4 376 364.8 354.9 348.1 342.3 339.1 336.2 329.5 325.9 319.6 312.8 306.8 302.4 296.7 295 288.7 285.9 282.9 280.6 276.6 271.9 267.1 263.8 262 251.4 250.7 250.7 250.7 250.7 250.7 250.7 250.7 250.7
710.2 710.4 706.2 701.2 696.6 691.4 684.7 676.5 668.2 660 653.5 650.1 646.5 642.8 639.1 635.8 631.6 629.5 627.3 625.7 623.8 624.5 624.5 623.7 621.9 620 618.1 612.8 605 584.2 549.1 519.8 501.6 474.8 462.3 445.4 431.7 428.6 421.3 414.1 414.5 411.4 409 404.6 400.3 391.7 379.3 369.3 358.1 352.2 350.2 345.9 342.2 337.3 333.4 327.1 319.2 314.1 307.9 302.4 297.3 296.6 292.4 287.3 286.1 278 274.4 270.8 267 261.6 261.4 259.4 250.7 250.7 250.7 250.7 250.7 250.7
708.8 709.9 706.3 702.5 698.1 693.6 687.8 681.9 674.4 668 661.4 657.1 654 650.6 646.9 643.5 641.2 639.4 637.3 636 634 634.4 635.6 636.1 634.5 634.1 632.5 628.1 615.8 579.9 551.5 525.9 500.8 484.4 474.8 457.4 444.3 439.5 435.3 431.1 431.2 426.2 423 418.4 413.2 404.9 394.8 385.3 375.4 370 365.9 361.9 358.7 352.1 346.3 340.2 335.3 326.5 319.4 315.7 308.4 303.8 299 295.6 289.7 287.3 283.1 279.2 272.9 269.2 271.1 261.8 253.4 250.7 250.7 250.7 250.7 250.7
702.8 706 704.9 701.4 697.5 694.6 690.7 685.4 678.9 672.7 668.9 665.2 661.4 657.9 654.4 651 648.8 647.7 646.7 645.5 644.3 644.4 645.8 646.1 645.7 647.2 646.2 640.5 621.3 586.7 549.2 524.1 507.2 488.6 476.3 464.1 454.6 451.7 449.7 446.7 445.5 440.6 434.7 430 424.8 416.2 404.8 398.3 391 387.4 388.3 383.8 377 367.4 358.6 354.8 353.6 345.4 333.8 327 317.7 313.5 308.4 302.3 297.5 294.1 293.2 287 281.2 276.2 268.7 267.8 266 262.5 250.7 250.7 250.7 250.7
694.5 699.7 701.3 700.2 697.7 694.7 691 686.9 683 678.5 675.6 673.1 669.6 667 663.9 660.9 658.6 658.5 656.9 656.2 655.5 654.8 655.4 655.8 655.9 658.3 657.1 654.6 649.6 605.3 560.9 537.5 522.8 508 495.7 484.2 474.3 474.1 473.3 467 459.7 454.4 449 442.7 435.3 426 417.3 410.4 405.3 405.2 409.2 406.1 396.6 383.1 373 367.8 364.2 355.9 348.5 341.3 329.5 323.9 320.1 313.4 308.5 303.1 298.1 294.8 291.7 281.1 276.3 275.3 272.9 265.7 261.8 256.7 250.7 250.7
684.6 692.1 696.7 698.1 697.8 694.4 691.5 688.8 686.2 683.3 680.2 679 676.9 676 674.1 670.9 669.8 668.1 666.4 665 664.2 664.3 664.8 665.5 665.2 666.2 667.9 666.8 663 618.6 575.8 558.7 543.8 528.1 514.3 502.1 497.1 496.7 492.3 486.9 479.6 474.3 469.4 459.3 451.3 440.8 431.2 425.8 422.7 427.6 421.5 414.6 407.1 396.9 388 379.6 375.8 366.2 364.7 354.6 343.4 337.2 332.2 325 319.8 314 307 300.7 293 288.8 284 281 276.4 270.4 265.7 258.8 250.7 250.7
672.2 681.6 688.5 691.9 694 693.8 692.2 690.8 687.6 686.5 685 684.3 683.3 682.3 681 679.1 677.2 675.8 673.7 672.1 670.8 671.8 673.9 676.2 674.2 673 675.3 672.7 671.2 635.3 596.2 579 568.4 551.2 534.6 521.9 526.3 518.3 513.6 509.7 505.6 502.1 493.3 481.6 469.4 459.4 452.1 446.3 444.8 448.9 443.1 432.7 417.7 412.4 406.2 394.3 388.8 383.1 376.5 367.5 358.7 354.6 348.4 342.3 334.2 325.2 315.6 311.2 302 295.9 293.9 286.3 281.9 274.7 271.7 263.2 263.2 263.4
657.5 668 676.7 682.8 687.3 690.1 690.6 689.5 688.1 686.7 686.8 686.3 686.7 685.1 683.5 682.7 681.1 679.5 678.6 678.1 676.4 676.5 678.3 682.9 681.1 677 674.4 672.7 671.1 664.3 643.8 613.6 595.8 582.8 567.8 562 562.6 555.5 554.4 548.1 544.1 536.2 523.6 509.7 495.9 483 476.3 471.8 468.3 467.7 460.1 449.4 440.7 435.5 428.3 416.5 401 398.1 387.5 379.7 375.7 367.6 362.4 357 351.8 342.2 331.2 322.6 313.6 306.8 300.9 291.3 283.9 278.8 273.1 270.7 266.9 262.9
640.4 650.6 660.9 668.9 675.8 678.9 680.3 680.5 681.7 682.7 681.9 681.3 681.5 682.1 681.5 681.7 680.1 679.6 681.3 682.2 680.2 678.9 680.4 682 679.1 674.5 670.3 665.9 661.5 655.7 647 638.6 633.6 626.3 619.7 612.4 604.2 597.8 590.7 582.3 578.2 569 553.9 538 527.3 516.7 509.5 504.1 499.1 495.9 487.2 476.5 468.3 463.3 457.6 446.3 430.6 418.4 414.4 404.1 397.5 391.8 384.2 375 369.4 358.5 347.3 337.2 322.8 318 311.2 303.5 292.8 285.2 281.5 278.6 271.7 268.2
623.1 633 641.2 649.2 656.4 661.7 665.2 666.2 666.5 666.4 666 667.3 668.5 671.7 674.6 674.5 674.7 676 678.4 678.2 676.3 675.1 673.4 671.3 667.8 663.9 659.1 652.1 642.8 634.4 628.1 623.8 618.5 615.8 615.1 615.5 614.9 608.9 603.6 597.1 594.1 590.9 583.3 567.4 555.7 548.5 539.3 531.4 527.5 517.8 508.7 501.5 491 485.7 483.2 470.9 455.8 448 434.3 427.4 423.1 415.8 409.3 396.1 382.6 371.1 360.3 347.8 333.5 323.6 318.3 310.3 299.7 290.9 287.4 279.2 274.7 272.6
605.8 614.1 621.1 626.3 632.1 637.8 640.7 643.5 643 643 644.4 646.5 648.8 653.4 659.5 659.6 658.8 660.5 661.6 663.6 664 662.6 658.4 651.9 646.5 641.8 638.1 632.2 624.6 615.6 606.5 602.8 599.2 597.1 599.3 600 602.4 603.6 605.8 601 593.8 590.6 586.7 577.8 570.7 567.5 561.9 553.8 549.2 538.1 526.9 520.3 513 507.1 497.9 487 472.5 465.9 451 445.4 441 433 419 406.4 391.2 383.7 376.6 363.7 345.7 335.5 324.8 315.2 305.9 295.7 289.8 279.9 276.7 268.2
586.4 593.7 600.9 605.7 608.9 611.1 610.9 615.6 616.6 617.2 617.8 620.4 624.6 628.3 634.8 633.8 630.1 628.6 630 630.5 635.6 633.6 629.7 624.9 620.3 616.2 612 607.5 600.8 596.2 586.5 579.8 578.9 574 578 578 578.6 580.9 583 586.2 584.1 580.3 576.9 576.7 575.4 576.6 572.9 567.8 564.2 551.9 544.1 538.5 534.3 529.1 517.2 507.7 489.4 475.2 463.6 456 450 437.7 426.9 409.6 400 393.6 387 375.5 355.8 344.5 337.5 326.1 312.5 300.5 292.5 283.7 278 270.9
565.4 573.7 580.4 584.6 587.1 588.8 589.5 592 593.3 593 592.4 595.1 597.8 599.7 604.5 602.9 599.8 593.8 591.2 591.1 593 598.8 599.2 597.3 595.7 592 588.3 584.6 578.6 572.7 567.6 564.7 559.1 556.3 553.6 555.5 555.2 557.8 559.1 562.1 562.4 560.7 561.5 562.2 564.9 566.7 568.7 571.5 567.5 563.4 560.5 555 546.9 540.3 531.6 519.3 502.7 489 474.9 463.9 442.5 432.7 417 411.2 402.2 393.5 391.5 374.2 358.8 348.7 341.1 331.5 319.2 308.1 295 286.4 279.5 274.2
546.1 552.9 559.9 563.8 566.3 567.9 569.4 570.5 571.5 570 569.2 569.6 568.5 568.3 570.2 571.4 567.7 564 558 554.7 551.4 557 562.8 565.7 568.3 567.3 562.6 560 555 549.1 542.9 539.2 539.7 536.3 533.3 533.1 532.7 535.5 536.4 535 537.7 541 541.5 542.3 543.8 547.5 552.9 565.8 566.8 565.4 564.5 562.9 559.2 554.8 544.7 533 517.5 498.7 475.9 456.1 440.7 423 405.8 404 386 372.6 363.4 360.9 351.3 340.8 334.1 326.7 319 308.8 301 291.8 281.2 274.5
528.6 534.5 540.7 545.1 548.9 550.8 549.2 550.2 549.9 548.1 545.7 543 541.3 539.8 535.9 536.6 536.4 532.4 525.6 516.1 513.7 515.2 520.8 526.2 530.7 535.8 532.4 524 523.2 520.2 511 507.9 512.3 512.3 509.5 506 504.4 510.6 513.7 513.4 515.2 519.2 518.9 518.9 520.1 522.8 529.4 541.7 549.1 551 555.7 561.1 565.1 563.5 555.4 542.9 524.8 499.9 472.1 452.6 431.1 405.2 384.8 377.2 368.7 354.5 347.5 343.5 338.3 328.6 319.5 316.1 312.3 305.4 296.4 288.8 279.7 271.6
512.6 517 523.8 526.9 531.6 533.8 533.5 533.2 531.6 527.8 522.6 518.9 515.5 512 505.8 500.2 502.4 499.8 496.3 487 481.8 478.5 483.8 489.1 494.2 497.5 496.8 493.4 488.6 483.8 479.4 477.7 480.7 483.7 486.9 486.3 481.8 483.8 486.3 492.5 492.8 492.9 494.7 495.6 495.3 498.4 506.4 510 520 525 532.5 541.7 547.6 551.4 551.8 538.2 513.9 496.6 475.4 448.4 422.1 397.3 369 348.6 346.6 340 331.9 333.6 328.5 317 308 303.1 296.1 293.7 289.8 287.2 278.7 272.8
498.2 501.3 507.2 512.2 515.1 517.2 517.2 517 514.3 510.3 505.8 499 490.5 482.1 474.6 466.8 463.4 465.4 462.5 458.6 456.9 449.6 449 453.8 459.5 465.1 463.7 461.4 458.7 455.3 453.7 449.4 450.4 453 457.8 460.5 461.3 458.3 462.3 466 469.1 468.5 471 474.7 476.4 476.3 481.7 486.2 491.7 497.2 504.2 514.2 524.1 529.2 526.5 522.1 503.4 483.3 463.9 438.2 407.8 390.6 362.6 339.1 322.1 322.7 320.2 319.7 314.2 301.8 296.4 287 281.3 278.1 280 275.8 267.8 264.7
485.3 488.5 493.3 497.2 499.9 499.9 500.3 500.8 496.2 491 484.9 474.8 462.8 452.4 444.2 437.9 429.5 428.5 428.3 425 423.7 425.1 427.1 422.8 424.4 431.4 435.5 436.4 435 430.6 425.2 424.5 423 424.2 429.6 435.6 439.9 438.9 438.6 442.5 444 445 447 451.4 453.9 455 460 465.2 468.2 472.9 479.1 487.8 498.7 507.8 510.9 493.2 482.4 463.1 446.1 426 406.6 377.3 346.9 327.8 312 302.5 302.9 304.7 301.8 293.9 282.2 278.9 275.7 275.2 274.8 268.6 263.8 260.6
471.7 475.5 478.6 483.1 483.6 481.4 480.9 481 476.9 470.5 462.7 450.4 440 431.2 420.2 409.7 403.4 399 399.1 399.3 396.5 396.5 392.3 388.5 389.9 393.8 397.4 403 407.3 406 403.6 399.8 395.2 396.4 398.1 405.6 415.1 417.8 414.7 417.5 420.5 424.9 423.7 426.4 430.2 433.2 435.7 439.4 445.6 451.4 457.6 462.7 470.5 480.2 489.1 479 455.2 436.3 425.2 411.9 396.3 372.1 337.4 318.3 301.2 294 287.6 290.4 290.6 288.9 281.9 279.1 276.8 279.9 276.6 272.7 267.6 263.4
456.9 460.8 463.7 467.4 467.5 465.6 461.3 459.1 455.8 446.6 437 425.8 418.7 407.7 395.8 387 380.7 377 374.1 372.1 371.9 365.8 362.4 363.3 361.1 362.8 366.1 369.9 375.3 382.1 380.1 375.9 372.6 372.7 373.8 377.7 386.5 396.7 397.2 396.1 398.9 404.1 404.4 406.1 408.3 409.6 412.6 414.4 418.3 426.2 432.3 439.7 447.4 450.7 452.4 444.1 435.9 426.8 408.7 394.4 385.2 353.2 328.5 316.2 297.9 287.4 285.5 285.6 285.6 284.8 281.9 279.6 279.9 285.5 280.5 275.5 269.5 265.4
441.1 444.8 446.7 449.6 451.2 448.5 442.3 435.6 432.3 427 417 404.3 396.4 385 376.3 368.9 363.9 357.7 354.4 350.8 349.4 347.4 343.4 344.2 343 344 345.8 348.2 350.9 349.7 351.3 352.1 352.7 354.2 356.9 357.8 361.1 368.6 375.3 376.9 378.3 380.9 383 385.5 388 389.4 392.6 393.4 396.3 401.2 407.3 414.3 420.6 423 424.6 427.2 427.2 419.4 403 382.6 364.4 348.4 319.2 306 297.5 285.8 284.7 284.6 285.1 282 280.2 280.7 282.2 284.6 281.5 277.1 269.8 268.5
423.3 426.9 428.6 429.6 431.9 427.5 423.1 415.7 410 405.1 395.8 384.5 376.7 367 359.4 351.5 343.1 340.1 334.7 331.8 331.4 328.7 326.3 327.5 326.1 325.6 327.9 327.9 329.2 331 332.8 333.2 332 333.4 336.6 338.9 341.6 348.2 354.2 357.8 360.6 363.2 364.2 366.2 369.2 372.1 375.1 377.5 378 380.9 384.3 391 395.2 399.6 401.3 402.8 408.1 404.8 394.1 374.8 353 332.4 315.7 306.7 294.6 286.2 283.1 282.7 285.4 284.8 282.5 282.3 282.3 282.2 280.7 277.9 272.5 270.7
403.9 407.1 408.7 409 409 406.7 401.7 397.1 390.5 383.6 374.7 364.7 357.1 351.2 343.8 336.4 330.2 320.8 317 315.3 314.1 313.5 312.5 311.4 311.6 309.2 310.7 313.3 315.4 316.9 318.1 317.6 320.2 318.6 323.2 324.5 327.1 327.4 334.4 339.1 339.4 343.1 346.9 348.4 351.4 355 358 362.4 362 364 366.3 370.4 374.2 378.6 381.8 380.7 380 377.8 373.9 357.3 339 335.9 323.2 307.6 296 288.4 283.7 284.1 283.4 283.7 282.1 281.6 281.1 281.6 281.2 281 275.6 274.2
384.4 385.3 386.7 387.6 387.8 384.8 381.1 377.5 371.7 363.5 355.9 347 341.2 335.5 328.2 321 314.7 308 300.9 298.5 300.4 297.5 294.6 296.9 294.5 296.7 297.7 300 300.9 303.3 303.7 305.1 305.9 304.5 310.6 309.8 316.6 317.3 318.2 320 324.5 326.2 328.3 329.1 334.6 338.3 340.6 345.6 344.5 346.3 347.7 349.6 351.5 355.5 358.7 359.1 358.3 357.6 355.6 350.6 339.7 331.1 322.8 307.2 296.7 289 282.6 282 281.5 281.8 282.3 281.9 280 279.6 279.8 276.4 276.5 275.4
360.4 362.9 363.4 362.8 364.1 362.1 359.8 355.3 349.3 344.7 339.1 332.4 325.3 319.4 311.5 306.3 301 293.4 288.2 284.8 284.1 282.7 280.9 281.6 284.9 284.6 285.6 285.3 286.9 288.8 289.1 288.9 292.8 293.5 292.5 294.6 296.3 298.7 300.8 305.2 306.5 311 308.8 313.5 318.6 320.3 321.9 326.4 326.5 326.6 331.1 331.1 331.6 335.2 339 339.2 340.6 338.6 343.8 341.2 333.1 317.4 312.5 297.6 291.1 286.6 281 278 280.3 280.9 282.4 282.2 280.5 279.3 277.9 276.1 272.8 275.5
337 337.9 339.4 340.2 337.3 337.2 334.5 332.2 329.6 326 321.9 318.5 313.5 307.5 299.3 293.7 288.1 281.8 279 274.8 272.6 270.3 268.9 269 267.6 268.7 271.3 270.2 274.2 274.8 276.1 278.8 282.1 281.2 282.4 283.6 286.1 285.6 288.1 290.4 293.4 297.1 296 301.6 305.4 307.5 304.6 306 311.1 309.6 310.5 312.7 313.1 312.3 320.9 321.5 325.4 319.6 319 320.1 317.2 300.8 298.1 291.6 287.2 282.4 278.4 276.6 277 278.3 280 283.4 279.3 277.9 275.1 276.3 276.4 275.8
314.5 316.7 317.8 318.1 318.4 314.9 315.1 315 311.8 310 306.8 303.3 302.3 299.3 290.5 280.2 278.4 272.2 272.5 269.6 265.7 262.9 262.8 262.8 260.2 258.7 259.2 259 258.4 261.4 261.2 265.7 268.7 270.2 270.2 269.1 272.4 275.2 273.8 279.5 281.5 284.7 285.5 287.4 292.1 294 292.6 292.1 297.1 297.5 298.2 297 297.7 294.9 305 306.1 305.8 302.1 300.7 295.9 293.4 287 288.2 288.2 288.1 283.9 278.9 276.7 276 276.4 278.6 278.8 277.7 275.8 276.9 277.1 276.8 277.8
296.2 297 297.9 298.5 298.7 296.7 297.1 296.9 295.1 292 292.1 288.7 287.9 288.5 276.5 269.6 271.3 268.8 265.4 262.2 257.8 256.5 257.1 256.3 255.6 252.9 254.2 251.5 249.5 250.5 251.7 257.3 255.8 256.5 260.7 262.2 262 262 264.2 269.4 270.8 274.5 273.4 275 277 281.8 281 279.3 283.6 285.7 284 283.7 282.9 283.6 288.1 293.9 290.7 289.6 290.2 285.7 281.1 281 283.3 285.8 288 283.6 279.4 276.8 274.9 275.1 276.9 276.2 278.7 278.3 277.8 278.5 278.8 278.2
279.5 280.2 280.8 279.8 279.2 279.2 279.3 281.8 280.4 278.3 276.5 274.5 272.1 269.9 263.4 257.9 259.5 260 258.3 255.8 252.5 249.1 248.2 247.8 247.5 247.4 248.9 249 246.6 245.5 246.2 246.3 246.4 247.1 250.1 249.4 252.2 253.9 255.6 261.3 260.9 263.4 262.6 265.5 269.8 272.9 271 269.7 270.5 272.7 273.6 273.6 275.2 278.3 280.7 281.8 285.9 282.7 283.1 278.4 275.6 278.6 283.4 285.6 284.6 282 279.6 277 275 274.8 277.8 280.3 279.7 279.5 279.7 279.9 281.3 282.2
263.2 263.8 264.4 265.7 265.1 263.5 264.2 264.4 265.6 262.9 260 257.9 255.5 257.6 249 251 245.8 248 247.9 245.9 244.3 240.2 241.7 240.7 240.4 240.9 244.6 244.3 243.2 241.7 243.5 241.7 240 240.2 243.4 243.8 245 248 250.3 253.7 253.5 255.3 254.9 258.5 264.1 265.4 264 262.9 262.3 263.8 268.2 269.6 270.1 276.5 274 276.7 276.4 276.8 276.8 273.1 269.9 275.3 283.4 284.9 285.4 281.8 278.5 277.5 274.8 275.7 280.7 281.5 280.7 280.3 280.5 280.8 282.6 284.6
