public/OST50/NH17.asc
ncols 200
nrows 200
xllcorner 210000
yllcorner 870000
cellsize 50
[rows 105 to 139 of 200, columns 78 to 155 of 200]
246.6 246.6 246.6 246.6 246.6 246.6 246.6 246.6 246.6 246.6 246.6 246.6 246.6 246.6 246.6 246.6 246.6 246.6 246.6 246.6 248.6 254.8 257.9 263.4 266.2 267.4 268.7 266.2 265.9 268.2 267.9 268.6 273.3 271.2 273.6 273 279 282.2 283.2 288.1 283.9 278.8 274.1 270.9 266.3 260.9 258.3 255.2 262.2 266 269 260.4 265.3 270.6 277.9 286.7 301.5 304.3 306.5 317.3 325.3 332.3 342.9 355.3 365.1 377.5 386.6 396.5 404.1 411.4 423.2 432 438.2 446.2 454.8 460.4 463.8 467.1
246.6 246.6 246.6 246.6 246.6 246.6 246.6 246.6 246.6 246.6 246.6 246.6 246.6 246.6 246.6 246.6 246.6 246.6 246.6 246.6 256.1 261.1 264.1 269.9 271.5 272.7 271.3 271.8 272.2 275.4 271.6 275.4 279.2 279.5 282.6 283.9 288.9 287.5 291.7 294.2 290.4 286.7 284.3 277.8 274.3 274.4 267.8 255 263.4 265.1 264 261.9 267.3 273.9 281.3 290.3 301.6 311.9 312.6 322.7 330.7 340.1 349.3 359.3 371.3 386.9 393.6 403.5 411.3 422.4 431.2 440.6 452.4 460.4 464.3 470.5 474.6 474.8
246.6 246.6 246.6 246.6 246.6 246.6 246.6 246.6 246.6 246.6 246.6 246.6 246.6 246.6 246.6 246.6 246.6 247.2 247.6 258.7 264.4 266.8 272.3 276.5 275.4 277.5 277.2 277.9 279.8 283.2 276.2 279.6 284.8 287.3 292.5 292.7 296.2 295.4 299.9 296.7 294 292.5 288.5 278.3 270.3 268.6 267.2 258.1 260.1 264.5 262.8 267.2 267.8 275.7 283.1 295.7 303.8 313.2 319.4 328.2 336.9 346.1 359.2 371.7 381.1 392.2 405 418.3 423 429.9 439.6 448.7 462.2 471.5 476.2 476.1 479.6 479
246.6 246.6 246.6 246.6 246.6 246.6 246.6 246.6 246.6 246.6 246.6 246.6 246.6 246.6 246.6 252.1 251.6 251 257.3 264.9 269.3 269.8 276.4 278.8 280.6 284.1 285 285.9 287.7 291.8 291.4 289.5 293.6 296.1 299.4 301.4 306.1 308 306.5 304.8 296.8 293.9 289.6 281.2 271.9 260.4 259.2 259.8 263.2 267.2 264.4 270.4 273.2 278 286.8 299.5 305.4 314.6 322.8 331 345.8 358.8 370.6 382.9 393.7 404.7 415 432.5 437.5 441.3 449.1 455 470.6 478.1 480.2 481.6 486.5 489.2
246.6 246.6 246.6 246.6 246.6 246.6 246.6 246.6 250 253.7 251.2 246.6 246.6 246.6 249.5 254.4 256.9 259 263.1 271 274.1 278.2 278.9 283.3 286.5 287.6 291.8 291.5 293.9 298.4 300.3 301.7 303.3 305.6 308.2 312.8 316.1 315.4 311.8 306.5 298.8 295 289.6 280 275.8 263.5 266.4 264.4 267.4 265.8 268 272.6 276.6 284 296.1 305.8 314.9 316.5 330.1 343.8 353.6 367.1 380.6 393.8 406.8 419.2 428 440.3 449.7 452.2 455.2 462.7 475 485.9 490.5 493 493.5 493.4
248 248.3 248.2 246.6 246.6 246.6 247.8 251.2 252.4 254.7 253.2 247.6 246.6 254.4 253.2 257.5 264.3 271 271 276.3 282.1 285.6 287.3 290.9 292.8 295.6 296.5 299.3 302.2 307 312 313.1 315.4 319.2 324.2 325.1 327 325.3 315.6 312 301.2 293.3 291.1 287.1 272.7 267.1 266.8 264.8 269.3 267.8 271.7 279.9 282 290.4 301 310.3 319.5 326.6 338.7 347.3 359.4 370.2 384.9 400.4 417.5 428.9 433.7 446.3 453.5 457.1 458.7 471.9 482.9 492.5 491.7 495.9 497.4 500.1
249.8 250.8 251 251.4 249.8 252.4 253.8 252.4 255.5 257.4 254.8 252.6 257.3 262.9 261.5 264.5 272.5 280.4 283 285.9 289.9 295.1 294.4 299.4 305.1 306.6 306.1 307.8 313.3 319.5 323.9 326.2 330.2 336.1 341 341.4 340.4 330.5 321.4 313.5 303.3 296 290.7 283.2 275.2 268.4 270.8 273.1 271.3 272.3 283.6 288.5 287.6 294.6 306.4 314.9 323.3 335.2 341.6 350.6 366.4 384.1 391.9 406.7 422.1 433.2 440.7 451.1 457.7 464.1 471.3 479.1 488.9 498 498.4 499.6 499.9 502.7
252.3 252.9 252.9 253.8 254.9 255.8 255.7 256.2 260.9 265.4 255.8 261.1 265 266.8 270.2 275.2 279.6 287.3 293.6 294.5 300.1 308.9 312.7 318.1 325.5 327.4 328.8 325.7 325.3 329.2 334 335.9 345.6 350.1 353 356 354.1 338.5 330.1 313.5 302.9 294.3 286.5 283.8 274.7 273.9 274.5 274.9 275.3 281.8 287.6 289 290.4 299.4 309.5 318.8 329 334.4 346.6 359.9 374 388.6 397.9 411.1 424 434.1 444 454.5 462.3 475.6 484 489.4 494 500.1 503.3 506.4 508.5 508.1
254.6 254.7 255.2 256.7 258 258.5 259.4 260.1 266.1 264.1 265.1 269.4 272.4 275.8 281.2 286.2 291.4 296.2 307.8 314.4 324 334.4 351.6 350 354 351.2 352.1 357.5 352 349.8 349.2 352.3 361.9 364.8 371.5 372.5 362 352.1 337.3 311.3 305.7 297.4 285.3 279.1 275.2 272.5 279.6 278.9 282.3 284.4 286.1 288 291.3 300.9 312 321.8 328.7 336.7 349.4 365.2 378.3 391.8 402.6 415.5 428.1 435.3 450.3 459.7 473.2 485.3 492.7 496.9 502.4 504.7 507.8 512.8 511.6 512.6
257.9 257.3 257.6 260.6 261.9 263.4 262.4 265.4 268.2 266.8 273.8 278.5 282.1 285.3 289.9 296.5 304.9 315.6 324.3 335.5 361.2 379 382.9 380.1 381.5 384.8 385.9 396.4 390.9 384.7 379 375.3 385.4 391.7 393.8 383 363.9 355.2 333.4 315.3 306.2 296.3 284.8 280.1 275.4 273.1 277.3 281 287.8 289.2 287.1 286.9 291.6 301.7 310.1 318 329.5 333.7 350.8 367.4 379.8 393.2 409 422.3 435.7 446.4 460 470.3 481.9 492.4 501.3 505.1 510.9 517.1 519.1 519.9 517.8 519.2
260.7 260.3 261.3 264.6 265.7 266.4 267.7 271.2 272.8 275.5 281.7 286.2 291.7 295.5 305.7 316.5 327.6 336 345.6 358.7 375.7 391.7 393.5 402.3 411.4 414.3 424.4 423.1 423.7 430.5 436.2 422.2 417.6 425.5 421.1 386.4 369 355.5 342.8 321.8 308.4 296.8 286.5 281.2 278.9 276.1 282 285.9 289.6 292.2 289.8 287.7 294.3 301.4 311 316.7 328 342.6 352.3 366.8 382.9 400.7 418.1 433.3 447.3 458.7 469.2 479.5 491.3 501.7 510.3 516.4 521.5 528.3 531.1 530.1 528 529
264.3 262.5 265.4 267.3 269.4 272.1 276.9 277.8 280 286.1 293 298 306.3 322.4 334.5 342.2 351 363.4 374.3 384.1 391.7 403.6 415.2 420 433.7 438.5 444.1 442.9 446.5 453.6 462.8 468.9 464.6 458.1 429.7 396.7 371.7 356.5 343.7 323.8 307 300 288.7 285.2 277.1 277.6 281.7 291.3 295.6 295.3 294.1 292.4 299 306 320.1 331.2 343 349.9 358.8 373.8 392.3 411.1 431.9 442.5 454.8 470.7 484.4 489.3 499.4 508.1 514.2 523.5 530.8 543.5 549.8 550.8 549.8 555.6
265.4 266.4 268.9 271 275.2 279.3 284.4 285.5 292.5 298.9 303.4 317.6 330.4 341 356.1 364.5 378.3 402 412.8 417.8 420.9 427.8 450.2 465.8 466.5 470.7 471.5 468.8 471.5 477.6 487.3 489.6 481.4 472.5 440.7 407.2 377.5 354.1 341.4 325.8 308.3 295 285.3 285.8 277.2 275.7 278.2 287.7 294.3 297.7 296.8 298.4 308.5 313.7 321.8 333.7 353.8 357.6 368.3 383.4 404.9 428 441.1 453.4 465.2 483.1 490.4 497.3 507.4 514.6 525.1 534.2 547.3 567.9 576.7 578.6 579.7 585.2
269 270.5 272.3 277.1 283.8 289.6 289.8 294.5 304.5 311 317.7 331.1 345.2 358.4 377.6 399.1 420.6 433.7 437.7 442.6 452.2 457 485.9 509.7 522.9 520.5 514.8 507.8 507.4 509.7 512.4 518.3 508.5 487.1 461.1 430.4 388.8 361.6 339.2 325 313 294.1 289.4 284.5 279.6 277.1 278.2 283.1 294.8 299.3 300.2 303.7 315.1 320.2 328 335.9 354.2 365.3 376.6 391.8 410.5 432.7 449.1 460.4 474.6 489.8 496.8 506 517.5 526.6 539.4 548.5 566.3 582.1 591.8 597.9 602 603.9
274.5 275.4 277.5 282.4 289.7 295.8 301.1 304.6 313.5 323.9 334.8 347.3 364.8 385.4 407.2 425.4 445 451.4 455.1 475.2 484.4 492.8 517.2 536.5 544.9 552.8 555.4 560.3 553 553.8 558.7 543.4 515.2 491.9 469.4 435.1 392.7 366.1 344.1 325.5 310.9 296.7 291.7 289.8 280.7 276.5 279.7 288.3 293.9 301.5 304.7 308.3 317.2 322.1 332.2 337.6 356.4 368.3 383.8 399.8 416.7 436.2 455.1 466.3 481.2 494 505.8 519.9 536.5 549 564.6 574.6 587.2 601.1 617.9 635.4 637.7 638.1
281.4 277.9 286 290.2 296.7 303.8 311.6 315.3 327.6 340.8 356.3 372.9 393.2 412 430.4 444.2 455.6 462.1 478.8 496.6 506.7 517.3 535.2 552.3 566.3 574.1 581.3 584.2 589.9 591 595.3 571.1 527.4 490.7 465.4 427.6 392.1 366.6 346.8 325.5 310.7 299.4 293.5 289.6 282.3 278.5 281.9 291.2 291.3 301 307.7 312.1 319.7 328.4 334.6 343.9 359 370.3 387.8 402.1 421.5 444.2 460.4 473.7 491 504.1 521.2 541.6 557.2 584.4 600.2 605.5 631.3 644.3 662.1 676.2 673.2 677.3
287 291.6 295.3 298.8 306 312.8 321.4 330.3 341.3 357.5 373.7 391.5 409.1 427 439.4 450.5 463.1 473.5 490.2 508.9 527.2 538.1 550.3 565.4 574.1 580.2 585.2 590.8 596.6 600.8 603.2 584.6 538.5 491 463.7 419.1 391 370.2 345.7 325.5 314.6 307.1 298.3 292.7 285.9 281.8 285.8 289.8 295.4 299.4 305.7 312.9 321.4 331.6 340 346.3 359.6 372 387.1 411.9 425.7 449.5 467 481.6 503.2 516.6 541 563.4 587.3 613.1 626.2 651 666 680.7 691.1 698.4 705.8 712.9
293.4 299.3 306.7 307.6 315.4 323.6 334.8 346.2 358 375.2 393.4 409.3 423.7 435 448.1 462 475.6 487.9 508.2 527.4 539.4 550.5 564.1 574.9 583.5 589.3 594.8 598.4 602.7 604.7 600.7 565.2 527.5 486.5 454 418.4 389.9 371.5 347.9 326.3 320.3 311.7 300.9 294.4 287.1 280.8 287 297.2 297.9 298.8 305.9 313.8 321.3 332.7 341.5 350.4 364 376.8 394 416.3 432.2 458.2 476.3 492.6 512.7 534.5 558.7 591.5 612.6 635.8 650.5 673.1 689.9 711.5 714.8 719.6 728.4 738.8
300.7 304.5 312.6 316.5 325 337.9 348.3 360.4 372.7 391 407.4 422.4 438.9 453.8 465.6 483.9 492.3 504.2 522.4 538.7 550.9 562.7 576.7 586.1 594.5 599.7 604.8 607.4 608.4 608.4 599.5 556 515.9 485.7 454.7 420.6 392.1 372.6 349.4 330.3 319.9 308.1 302.1 295.8 288.7 283 291 301.1 300.6 300.1 306.2 315.5 322.7 333.3 341.5 352.1 366.3 380.2 405.6 418.5 438.8 467.6 485.1 501.8 530.5 550 580.3 605.9 631.4 651.7 663.6 680.5 704.9 716.1 721.9 730.5 739.1 755.6
306.9 309.9 317.8 325.6 335.3 350.6 360.6 372.5 385.1 402.2 419.1 433.2 456.7 471.3 483.3 496.4 510.8 527 541.4 554.1 566.3 576.5 587.1 596 604.3 611 615.4 616.4 614 611.4 593.2 549.1 518.6 483.6 460.6 437.1 401.4 377.6 355 334.5 319.1 308.9 303.1 295.4 289.6 284.3 291.6 301.8 303.7 300.4 308.5 314.8 326.1 334.8 344.3 351.3 369.3 385.1 401 419.4 444.4 476.5 490.8 508.4 544.9 563.8 591.9 625.4 648.6 662.9 670.7 687.6 706.6 714.9 731.3 741 742.3 759.9
314.6 319.2 322.5 336 346.8 357.5 370.4 382.5 396.1 413.4 430.4 448.2 467.9 481.5 496 506 522.8 539.3 555.1 570.3 579.2 588.3 596 603.4 610.3 615.3 621.2 621.5 618.2 613.4 592.5 572.2 520.6 486.5 456.6 428.5 402.3 383.7 360.3 339.2 322.1 311.6 303.5 296.8 294.3 293.2 295.5 303.9 305.6 304.9 310.9 316.9 326.8 335.8 346.3 360.6 369.8 384.3 396.9 420.5 447.7 479 497.9 519.2 548.9 575.2 603.5 631.4 650.7 661 671.2 702 720.6 727.2 739.2 751.3 758.3 772.3
324 326.8 336.1 338.3 355.3 368.1 379.8 391.5 405.4 423.9 441.4 459.6 477 493.1 504.3 516.9 529.8 546.9 564 579.1 587.3 596.6 603.5 609.4 614.9 619.8 624 624 621.7 617.7 610.5 591.2 535.6 498.1 465.7 436.2 407.7 391.1 366.2 344.8 326 315.5 305.1 299.3 300.2 296.7 297.3 304 306.3 306.2 312.8 318.4 328.3 338 348.7 361.3 373.4 385.9 400.3 424.6 452.4 485.9 504.3 527 556.2 582 610.9 632.1 645.2 658.7 680.8 710.1 727.6 731.7 742 757.1 769.8 781.2
330.4 335 346.3 356 361.5 374.5 388 400 413.6 429.8 447.3 465.1 479.8 491 505.2 520.3 534.1 551.8 569 583.2 596.8 605.5 612.7 620.1 623.9 624.2 625.5 625.2 621.8 620.5 614.2 601.6 545.8 505.3 475.3 448 421.4 399.2 375.4 355.9 330.8 318 308 302.3 301 294.2 301.2 305.1 307.4 309.9 313.9 319.6 329.2 340.4 351.9 363.7 376.2 387.5 403.8 424.7 452.2 481 505.8 534.3 561.6 588.2 611.8 632.7 646.3 667.6 691.9 707 715 722.9 736.3 750.5 762.2 775.9
336.3 345.8 353.3 366.3 376.8 382.5 397.3 406.9 420.4 434.5 450 469.1 482.5 493.6 509.1 527.1 541.5 560.5 578.1 596.7 613 621 629.6 631.4 628.1 628.6 627.7 624.7 621.1 619.2 613 598.9 576.7 546.2 496.8 468.3 438.1 419.8 405.1 395.2 362 325.6 313.1 304.4 301.4 296.9 303.1 305 309 311.8 315.1 320.9 330.8 340.9 351.3 360.6 377.1 387.5 406.3 423.6 455.1 481.1 506.5 535.1 562.8 592.3 614.3 634.1 648.9 673.2 685.1 695.1 700.4 711.4 727.4 739.9 753.3 766.9
344.3 355.3 365.7 374.4 389.8 395.7 401.1 411.9 422.8 438 454.2 468.5 485.3 499.8 516.6 535.9 553.8 573.5 594.4 616.2 632.4 639.7 644.7 641.6 633.2 631.4 628.8 625.6 620.5 616.1 612.7 606.1 597.2 585.5 562.7 495.6 472.7 451.1 422.6 404.7 387.1 341.2 320.9 308.3 302.4 300.4 299.4 303.5 307.8 310.7 315.2 321.7 331 341.4 351.8 363 376.2 387.7 403.5 424.8 453.7 475.4 505.2 537.1 564.5 589.2 611.1 634.7 646.8 668.2 676.2 682.1 686.5 701 714.7 730 741.8 756.3
357.8 369.2 380.8 393.3 402.6 406.1 411.5 413.8 428.3 442.6 454.6 468 483.8 500.9 520.9 541.9 563.5 587 613.2 637.9 649.5 655.2 656.7 651.3 642.1 635.1 630.9 628.3 622.8 616.2 611 604.6 596.4 587.9 576 517.1 517.2 499.8 447.7 409.8 387.5 356.5 329.2 315.5 307.1 303.7 299.3 300.3 306.8 313.9 318.3 322.5 328.3 338.1 350.2 359.8 370.3 385.5 400.6 422.1 442.1 468.4 498.3 533.4 561.1 584.4 604.8 627.8 638.7 654.2 663 668.7 672.9 687.2 701.6 715.8 732.7 748
374.9 385.8 397.9 406.1 410.9 417.7 421.6 426.2 428 444.4 457.3 470.7 484.4 498.7 524.3 547.6 573.7 604.3 631 650.7 661.2 666.7 667.7 662.8 650.9 641.3 634.2 632.4 625.5 616.9 608.3 601.3 593.4 585 571.4 547.8 531.1 512.6 477.4 430.4 391.4 372.3 339.2 328.6 316 312.4 304.1 301.4 304.6 310.5 318.4 325.7 327.6 338.6 348.1 359.3 371.9 385.6 400.2 416.6 438.8 467.8 496.6 526.5 554.2 578.2 594.9 615.8 630.5 640.9 650.4 656.1 662 674.4 688.6 705 720.8 736.9
394.9 405.5 412.9 417 419.7 427 432.9 435.4 431.9 452 463 473.4 485.6 498 523.4 551.4 582.3 616.2 639.6 659.2 673.1 677.9 677.9 673.2 666.4 650.9 640.3 637.7 627.9 615.7 605.3 596.7 590 581.9 573.5 558.3 543.6 521.4 499.8 455.9 422.9 382 363.4 350.4 335 319.3 313.4 309.3 303.4 308.4 316.9 325.2 330 338.4 348.2 363 373.3 385.1 403 416 436 456.5 486.4 518.9 547.3 568.9 585 603.2 619.6 629.8 638.4 646 652.7 666.7 680.5 695.3 710.8 728.1
413.5 423.8 428.9 429 431.4 435.2 440.4 444.7 446.9 452.7 465.6 479.4 488.1 498.1 519.6 552.4 588.4 623.1 645.8 666.9 680.8 688.6 686.7 682.3 674.7 657.9 648 639.4 626.5 614.5 602.4 593.9 586.5 581 572.8 558.9 548.7 531.7 507.2 487.4 444.6 413.6 385.4 368.8 353.5 333.1 319.9 319.7 306.8 303.7 312.6 322 329.2 338.2 346.8 358.9 373.3 384.2 399.1 412.8 434.2 453.9 480.6 511.8 538.7 557.1 573.4 593.1 610 619.1 627.2 637.3 646.1 660.6 674.1 689.2 701.1 718.6
435.9 441.9 443.1 442.2 441.5 443.6 446.7 453.8 459.1 457.8 471.4 482 490.8 500.5 518.8 554.9 596.6 627.3 649.8 672.3 691 697.8 694.3 691.3 681.7 668.5 657.7 643.4 628.3 612.6 601.6 594.6 587.1 580.6 571.3 555.9 544.7 529.5 507.9 488.5 463.8 439.3 402.5 376 355.8 342.8 328.8 326.1 322.7 312.4 308.7 314.2 324.8 337.7 346.2 356.6 368 380.9 393.5 407.7 428.5 448.2 474.6 505.4 532.4 550 567.1 587.4 603.3 613.5 619.8 631.2 643.4 654.7 667.4 679.4 692.3 707.5
449.6 454.3 453.6 453 454.7 454.3 458.3 462 466.6 471.5 471.5 490.2 494.7 504.3 519.8 548.9 596.8 628.8 651.2 675.6 699 701.1 700.4 696.1 688.3 674.9 661.7 647.8 629.7 613.8 604 598.1 589 580.8 570.4 555.9 546.2 536.3 527.1 506.2 487.1 460.4 417.1 390.4 370.8 360.4 358.2 340.4 327.4 329.3 322.2 320.6 311.5 333.2 347.3 357.3 370.2 380.4 393.1 406 421.3 448.2 470.9 497.7 524 542.2 558.8 581.3 597.3 606.9 614.2 625.4 637.8 645.9 656.9 673.9 690 704.8
464.8 465 464.5 462.8 464.3 465.3 466.7 470.6 475.9 481.4 484.3 494.3 500.9 510.9 522.5 550 598.8 628.2 652.6 678.6 699 706.8 705.2 698.7 691.6 680.5 663.9 649 633.6 620.9 608.9 601.8 591.1 582.3 570.8 558.9 551.8 545 537.8 518.1 495.6 468.6 439.8 401.4 384 370.3 370.7 352.7 337.9 336.8 334.2 335.7 331.3 330.1 340.7 355.7 369.2 381.5 390 403.7 416.3 443.9 464.5 491.4 515.1 534.5 556 575.3 590.3 600.6 607.4 616.7 626.3 638.4 650.8 666 683.2 702.1
477.1 477.3 474.4 472 473.4 476.8 479.7 482.4 486.3 494.2 499.6 497.3 511.4 520.3 534.9 561.9 601.1 627 652.8 678.8 700.9 712.2 709 703.3 695.7 684 667.3 651.9 640.1 627.1 615.1 602 592.4 583 572.5 559.6 552.2 545.8 535.2 522 516.2 495.6 469.2 426.6 396.1 379.8 370.2 359 342.8 343 339.5 340.1 329.8 341.8 346.7 353 363.7 378 388.6 403.3 417.7 438.9 460.9 486.6 509 528.5 554.2 569.4 582.8 593.7 601.7 611 622.8 635.8 648.6 659.3 675.9 694.6
495.2 494.4 486.7 485.4 485.9 489.1 492.5 495.3 498.7 505.2 508.5 515.9 516.3 533 564.8 580.2 606.7 628.1 650.5 680.1 704.5 714.6 712.3 706.8 698.5 687.4 671.1 656.3 646.1 631.9 619.3 607.2 593.2 585.3 573.3 563.2 554 546.9 536.9 527.4 519.3 504.7 484.7 441.4 405.7 385.5 372.5 357.8 348.4 343.9 339.7 334.2 337.4 342.1 349 353.9 363.8 372.2 388 399.5 413.1 429.3 450.9 478.1 502.1 524.9 549.8 563.5 574.4 585.8 597.4 610.8 618.6 633.3 643.1 656.8 668.4 684.9
517.3 512.3 505.3 500.6 499.7 503.7 506.6 510.9 515.8 521 525 534.5 542.9 549.8 574.2 592.3 612.2 635.4 653.4 681 708.4 717.1 717.8 713 703.9 691.5 677 662.7 651.4 634.3 624 612.5 595.9 586.4 576.4 566.6 558.4 548.1 540 530.4 523.3 519.2 507 472.5 415.5 387.2 371.2 358.9 347.9 345.9 339.1 336.6 341.3 344.6 354.7 357.9 363.9 371.1 385.2 398.1 414.3 427.9 451.9 471.9 493.8 520 537.5 555.6 568.6 581.7 594.5 605.9 615.6 627.3 637 651 663.3 678.6
