public/OST50/NH17.asc
ncols 200
nrows 200
xllcorner 210000
yllcorner 870000
cellsize 50
[rows 105 to 139 of 200, columns 0 to 77 of 200]
718.4 724.6 731.2 733.8 743.4 747.3 743.9 743.7 742.1 735.3 722.1 709.9 707.1 707 705.3 698.9 691.6 683.6 672.8 661.4 650.8 641.4 634.2 625.9 614.6 609 594.8 582.7 577.7 571.1 555 545 538.2 529.5 519.7 505.6 496.1 488.8 480.7 475.9 468.5 456.8 444.7 425.8 415.5 406.5 394.2 390.2 385.6 377.4 367.6 360.9 353 347.8 341.8 334.1 325.8 320.7 312.9 310.8 306.2 301.1 291.4 284.6 277.8 271.3 266.7 257.4 246.7 246.6 246.6 246.6 246.6 246.6 246.6 246.6 246.6 246.6
714.5 717.2 720.9 725 735.6 738.8 738.2 737.6 735.3 727.4 716.1 710.4 711.6 707 700.7 692.8 686.3 677 664.7 652.8 640.8 633.8 626.8 619.7 608.5 601.9 592.4 573.9 572.9 563.6 548.3 536.3 528.8 521.1 512.6 501.6 488.3 481.4 476.9 469.7 457.6 453.2 436.6 421.5 407.9 399.5 392.5 383.5 378.5 369.8 361.7 355.2 347.2 339.9 334.1 327.9 324.4 317 311.7 305.6 299.4 295 285.8 278.8 270.7 267.6 256.3 249.4 246.6 246.6 246.6 246.6 246.6 246.6 246.6 246.6 246.6 246.6
710.3 706.8 711.5 715.6 721 725.4 725.1 725.6 723.7 719.6 715 709.6 707.9 704.1 696.9 692.4 682.9 670.9 656.2 642.8 632.9 626 618.5 611.5 601.9 595.5 581.7 571.2 564.1 556.5 545.1 531.3 519.7 508.5 502.2 492.4 480.1 471.3 469.3 460 454.5 439.3 426.7 409.8 398.8 393.2 388.3 377.1 364.6 359.6 354.6 350.1 343.4 336.2 330 323.6 319.5 310.2 306.4 300.9 294 288 281 274 267.3 259 250.2 246.6 246.6 246.6 246.6 246.6 246.6 246.6 246.6 246.6 246.6 246.6
704.7 699.8 700.3 702.8 705.5 709.4 712.9 712.6 712.9 711.9 709.4 710.7 704.7 698.9 693.8 686.8 676.1 662.7 649.9 638.9 626.7 617.8 607 599.6 593 581.7 575.1 569 559.5 552.1 536.8 522.9 514.1 502.9 494.3 484.1 472 468.9 460.2 456.1 442.9 426.1 414.6 403 390.5 382.3 374.3 366.3 359.9 353.4 346 339.1 336.1 328.8 326.2 318.9 312.2 304.7 301.6 295.9 287.8 281.3 275.5 268.2 261.2 250.2 246.6 246.6 246.6 246.6 246.6 246.6 246.6 246.6 246.6 246.6 246.6 246.6
694.8 692.5 689.6 689.8 691.4 694.5 699.5 701.8 704.2 703.8 705.3 704.6 700.6 693.5 685.3 678 666.6 655.2 646.3 633.5 623.4 611.9 598.7 588.2 579.5 571.4 567.4 561 550.8 542.6 530.6 514.6 505.1 491.7 480.3 473.7 467 461.1 450.7 437.7 426.9 417.8 405.8 396.9 384 374 367.5 363.3 358.4 351.7 344 336.3 327.6 319.5 319 312.7 310.2 305.4 296.8 289.1 283.5 276.6 266.2 264.5 255.5 246.6 246.6 246.6 246.6 246.6 246.6 246.6 246.6 246.6 246.6 246.6 246.6 246.6
686.6 681.9 680.7 679.6 681.3 682 683.6 688 692.8 694.5 696.9 695.8 691.5 684.5 675.1 666.4 657.2 648.5 640.6 626.4 616.2 604.4 590.2 575.8 569.2 561.3 557.3 551.9 544.6 531.5 520.5 507.1 495.1 487.8 473 464.9 459.5 450.6 439.3 428.6 414.2 408.9 395.4 387.8 378.3 369 362.1 360.6 355.4 346.8 341.5 333.8 328.2 323.9 311.9 309 307.9 301.4 296.1 287.9 281.8 275.3 266.2 256.9 251.8 246.6 246.6 246.6 246.6 246.6 246.6 246.6 246.6 246.6 246.6 246.6 246.6 246.6
675.4 672.2 670.1 670.7 671.1 670.2 670.7 677.3 681.8 685.6 685.8 682.3 678.3 673.2 665.1 656.1 649.6 641.7 631.4 619.1 607.4 594 580.3 566.6 558.8 553.4 548.2 538 531.6 522.2 511.8 496.9 486.3 479.6 469.5 460.9 452.8 439.4 430.8 418.3 407.1 396 386.5 378.8 369.3 361.7 357.2 354.5 346.9 340.9 335 327.8 322.4 315.9 309.9 301 296.3 293 288.9 281.5 276.7 268.5 259.9 253.2 249.4 246.6 246.6 246.6 246.6 246.6 246.6 246.6 246.6 246.6 246.6 246.6 246.6 249.3
664 659.5 658.2 658.3 659.8 660.7 661.5 667.7 672.7 674.2 671.8 667.6 663.9 660.4 654 646.8 640 631.1 622.3 612.3 601.5 585.1 572.4 558.6 553.6 546.5 538.7 528.4 520.6 511.8 503.8 490.1 476.9 466.6 459.5 447.7 438.2 429.1 416.6 405.5 398.2 389.2 378.7 366.6 362 358.1 351.3 346.2 337.3 334.4 330.7 323.3 315.7 309.8 305.4 300.9 291.2 284.4 282.9 275.8 268.5 263.1 252.3 246.6 246.6 246.6 246.6 246.6 246.6 246.6 246.6 246.6 246.6 246.6 246.6 246.9 250 251.6
651.5 648 645.3 645.9 647.4 649 651.8 659.1 663.4 662.5 659.8 654.9 650.4 647.7 642.1 636.3 628.9 618.1 610.5 601.7 589.8 572.7 559.5 551.3 546.8 539.9 527.4 519 511.7 500.7 490.7 478.9 468 456.1 445.6 438.1 427 413.5 404.4 396.4 388.8 379.7 369.3 358 353.5 351.5 342.9 338.5 330.9 327.6 324.1 314.5 309.9 305.5 297.6 292.8 288.1 280 274.3 268.8 260.3 249.6 246.6 246.6 246.6 246.6 246.6 246.6 246.6 246.6 246.6 246.6 246.6 246.6 250.5 252.7 252.9 253.8
640 635.8 632.3 633.2 634.7 632.8 640.9 649.1 651.7 651.3 647.8 643.1 639 634.7 628.9 624.1 616.6 603.9 596.3 590 575.9 560.5 550.3 542.4 537.2 529.4 516.4 509 502 492.5 479.7 467.1 462.6 452.9 441.3 429 413.7 405.6 402.8 393.2 380.7 371.9 361.7 353.8 340.1 340.7 336.4 330.6 325.9 319.2 314.8 309.7 305.2 298.8 291.3 284.7 280 274.4 265.4 259.1 252.5 246.6 246.6 246.6 246.6 246.6 246.6 246.6 246.6 246.6 246.6 246.6 246.6 251.7 252.9 254.8 259.7 257.5
627 623 620 620.3 620.6 623.9 632.6 638.1 639.7 639 636.6 632.6 627.9 623.3 617.9 611.4 602.9 593.3 588.8 584.7 574.3 554.8 541.8 531.9 526.1 516.1 508.5 498.9 490.2 480.6 467.3 461 446.9 438.5 433.4 416.9 407.7 399.8 391.7 382 371.5 366.1 356.2 345.3 337.5 330.4 329.9 322.3 316.3 312.8 308.4 304.3 298.3 290.6 285.8 282.9 273.5 267.1 259.5 254 248.3 246.6 246.6 246.6 246.6 246.6 246.6 246.6 246.6 246.6 246.6 246.6 251.2 253.8 255.2 257.4 259.3 259.9
612.1 609.8 606.2 608 609.6 616.7 622.9 625.3 628.1 627.7 625 622.2 619.5 613.3 606.3 598.6 591.6 584.3 578.3 569.4 559.8 552.7 533.9 520.5 513.8 506.3 496.5 486.7 480.2 471 459.2 444.2 437.6 428.4 416.6 409.4 402.5 391.7 382.1 372.5 363.4 355.8 346.6 336.1 334 327.2 318.5 310.6 308.1 307.2 301.6 295.6 289.7 281.9 276.7 272.8 264.5 256.7 251.5 249.3 246.6 246.6 246.6 246.6 246.6 246.6 246.6 246.6 246.6 246.6 246.6 251.5 255.4 257.5 257.6 258.7 261.7 268.1
595.9 594.6 590 594.4 598.8 607 612.3 614 615.3 615.4 612.7 609.1 606.8 601.6 594.4 586.6 580 575.4 563.2 554.4 545.7 530.4 517.7 509.8 500.8 491.6 483.5 473.3 462.8 451.2 440.9 428.6 422 414 403.9 398.5 391 381 373.3 364.5 355.1 345.4 339.8 333.4 324.1 318.9 313.9 307.4 304.7 295 296.1 287.9 283 274.5 270.1 264.6 257.5 246.8 246.6 246.6 246.6 246.6 246.6 246.6 246.6 246.6 246.6 246.6 246.6 248.9 253.5 255.4 258.7 259.7 260.6 261.9 265.8 268.5
577.9 576.8 573.2 577.4 589.1 596.8 602 603.6 602.2 601.2 599 595 592.5 587 581.2 576 569.3 563.6 548.7 538.2 526.7 515.2 505.9 496.5 485.3 475.2 466.3 458.5 446.5 434.6 423.8 418.3 407.3 401.2 394.1 389.7 381.1 372.8 361.2 353.9 346.3 335.7 331.8 327.4 315.7 307.9 304.5 302.3 295.2 288.7 282.1 279 272.3 267.1 262.1 256 247.5 246.6 246.6 246.6 246.6 246.6 246.6 246.6 246.6 246.6 246.6 246.6 250.4 253.4 255.8 258.3 261.4 263.1 264.9 269.3 270.1 271
559.5 558.6 553.7 566.3 578.9 586.4 591.3 592.8 591.1 588.2 584.4 581.4 578.6 572.9 566.4 560.6 554.1 543.9 534.1 520.2 509.6 500 491.6 482.9 473.5 458.3 447 438.4 432.6 418.3 410.4 403.5 398.5 386.1 387.4 376.5 367.7 358.6 348.6 340.3 335.1 326.8 323.2 317 306.6 301.1 300 293.7 287.9 284.3 276.8 270.9 267 262 255.5 249.2 246.6 246.6 246.6 246.6 246.6 246.6 246.6 246.6 246.6 246.6 246.6 246.6 256 256.9 259.4 264.6 267.2 267.7 269.3 272.2 273.4 274.8
542.9 543.6 537.2 550.9 567.5 576.6 581.5 581.6 578.9 575.6 572.5 570 565.3 559.4 553.2 546.6 538.8 527.6 518.4 510.1 495.9 486 476.4 468.3 458.2 446.4 438.6 424.8 414.9 405.4 397.3 390.1 381 374.2 373.9 364.6 358.8 349.2 338.3 332.1 324 318.6 310.8 303.8 299.4 295.5 288.2 285.5 280.9 277.5 272.7 263.6 262.5 257.4 250.4 246.6 246.6 246.6 246.6 246.6 246.6 246.6 246.6 246.6 246.6 246.6 246.6 250.1 259.2 262 263.9 270.8 271.7 272.4 274.7 275.1 279.1 281.1
523.3 523 514 537 558.2 565.2 568.9 569.4 567.9 564.6 560.9 557.3 553.1 546.1 539.1 530.3 521.8 512.1 501.7 492 481.7 472.7 464 454.5 441.7 432.6 422.1 408.7 397.2 391.9 385.7 377.2 373.3 365.7 362.7 354.6 344.4 338 330.8 322.1 312.8 307.6 302.3 299.3 292.6 287.5 285.4 279.4 273.9 268.1 263.4 260.4 254.9 251.5 246.6 246.6 246.6 246.6 246.6 246.6 246.6 246.6 246.6 246.6 246.6 246.6 249.3 255.8 260.4 265.9 269.1 274 278.2 279.8 280.9 281 285.3 287.6
500.7 499.2 500.3 532.8 547 552.9 556.3 557.5 555.9 552.6 548.1 543.1 537.5 531.4 524.3 516.3 507.8 499.6 490 480.7 470 461.7 451.2 443.4 427 414.8 405.7 395.1 386 377.4 374 367.4 358.1 354.8 343.9 341 332.7 327.4 321.8 313.1 304.7 299 297.3 291.6 286.2 281.2 276.9 271.4 264.9 260.2 257.2 253.5 250.2 248.3 246.6 246.6 246.6 246.6 246.6 246.6 246.6 246.6 246.6 246.6 246.6 247.4 254.9 258.7 267.3 272.8 272.8 279 284.5 287.1 284.3 286.6 290.9 294.6
471.5 470.5 503.6 529.7 538.2 542.7 544.9 545.1 543.7 539.8 535.3 529.7 524.7 517.7 510.2 504.4 494.8 486.3 477.9 468.7 459 450.2 438.1 424.8 413.1 401.7 390.4 383.6 377 370.9 362.4 354.8 352.1 340.8 333.8 329.2 320.4 314.9 312.1 304.3 297 293.1 287.2 284.7 278.9 274.1 267.6 264.5 258.7 252.6 248.7 246.6 246.6 246.6 246.6 246.6 246.6 246.6 246.6 246.6 246.6 246.6 246.6 246.6 247.4 255 259.8 262.4 272.1 274.6 278.5 284.4 288.7 289.8 289.7 293.7 295.3 300.7
474.4 495.2 512.1 524.3 529.9 532.6 533.4 533.3 530.4 526.7 521.4 517.1 512.1 506 498 492.1 483.7 474.9 466.2 454.6 445.3 432.5 422.4 410.5 400.5 384.7 378.3 372.1 364.7 357.6 349.6 342.9 337.2 332.6 325.5 317.9 310 305.1 301.1 296.5 289 283.9 278.4 275.8 268.6 264.6 258.6 251.2 246.6 246.6 246.6 246.6 246.6 246.6 246.6 246.6 246.6 246.6 246.6 246.6 246.6 246.6 246.6 250.2 254 260 263.4 267.6 272.4 278 282.4 287.9 292.5 293.5 295.9 300 301.3 306.2
488.9 500.5 509.3 516.7 520.2 523.1 522.3 521 518.1 514.5 509.3 505.8 500.9 494.2 487 478.8 470.4 460.8 451.2 439.2 430.4 423.2 408.5 398.3 388.4 374.5 363.6 360.8 352.3 343 338.4 333.3 327.1 322 315 304.1 299.2 294.8 291.5 286.5 282.7 278.1 274.2 269.3 261 254.9 248.9 246.6 246.6 246.6 246.6 246.6 246.6 246.6 246.6 246.6 246.6 246.6 246.6 246.6 246.6 247.5 251.9 254.2 257.1 263.5 268.1 273.6 278.2 283 286.7 291.1 295.8 299.7 301.6 304.3 306.3 311.4
485.6 496.2 504.1 509.2 512.3 513.2 512.3 510.8 507 503.1 498.3 494.6 489.5 481.9 473 465.2 457 448.5 438.5 426.6 415.8 403.5 392.3 380.6 372.9 361.7 352.8 343.5 338.8 331.7 326.9 320 314.6 306.9 301.3 295.7 294 286.3 281.1 278.5 273.6 270.9 264.7 259.3 256.1 249.1 246.6 246.6 246.6 246.6 246.6 246.6 246.6 246.6 246.6 246.6 246.6 246.6 246.6 246.6 251.6 252.4 255.6 259.9 262 268.6 273.9 278.8 284.9 289.2 292 295.3 300.6 304.2 306.1 308.5 311.8 317.3
479.8 490 494.9 499.8 502.4 503.4 502.6 499.9 495.6 491.5 486.2 482.7 477 470.9 462.1 452.5 444.7 434.1 421.9 412.9 399.8 386.9 375.6 365.9 357.4 349.2 342.4 337.3 329.7 320.4 314.6 310 301.4 296.9 291.5 285.7 282.8 277.3 276.2 274.6 267.1 264 257.5 250.6 248.1 246.6 246.6 246.6 246.6 246.6 246.6 246.6 246.6 246.6 246.6 246.6 246.6 246.6 253.5 251.7 255.8 256.4 262 262.6 268.1 275.2 280 285.2 289.5 292.2 296.9 298.3 304.5 308.9 311.2 313.5 317.9 324.6
471.1 480.2 484.3 488.9 491.6 492.1 491.4 488.5 486.3 479.6 474.4 471.6 465 457.3 448.7 440.1 429.6 417.3 404.9 392.2 382 373 360.9 353.2 345.8 339.9 334.2 327.9 322.3 314.7 310.7 297.5 295.1 290.7 285.1 281.9 274.6 269.4 268.6 263.5 258.7 253.7 246.7 246.6 246.6 246.6 246.6 246.6 246.6 246.6 246.6 246.6 246.6 246.6 246.6 246.6 246.6 247.6 254 257.7 260.3 260.2 265.4 267.6 273.5 281.6 285.6 292.7 296 299.5 303.7 306 310 313.8 316.5 319.8 322 327.5
460.9 470.3 475.8 478.2 480.6 480 478.8 476 472.3 467.9 461.7 457.8 451.5 443.2 436.7 423.9 413.4 402.5 390.2 379.8 368.8 359.3 349.2 341.3 335.2 331.1 325.3 315.6 311.9 305.9 297.5 292.7 285 283.7 279.8 278.5 272.9 267.3 262.4 257.2 254.6 250.2 246.6 246.6 246.6 246.6 246.6 246.6 246.6 246.6 246.6 246.6 246.6 246.6 246.6 246.6 249.5 252.7 258.3 258.5 264.5 265.9 268.9 273.5 280.4 285.2 289.6 297.8 303.2 305.4 310.3 314.4 318.8 321.6 327.3 332.3 331.4 334.8
449.6 458.5 462.1 465.5 466.7 466.2 464.5 461.1 458.1 453.9 447.5 442.9 434.5 426.2 417.9 405.8 396.9 388.3 376.2 366.8 354.6 347 338.3 329.8 324.1 317.9 314.1 307.9 301.1 296.3 290.6 285.5 282.7 277.4 273.8 270.2 265.7 263.5 260.6 254.3 251.7 248.7 246.6 246.6 246.6 246.6 246.6 246.6 246.6 246.6 246.6 246.6 246.6 246.6 246.6 249.3 251.9 258.7 259.5 263.2 266.2 269.7 273.7 280.5 286.9 290.1 294.9 301.9 307.6 310.7 316.2 322.7 326.4 332.4 339.3 346.1 346.6 349.4
436.1 444.8 449.3 451.3 451 448.6 446.6 443.9 440.8 435.5 430.5 424.8 416 409.8 397.9 388.3 377 368.3 357.8 349.2 339.7 331.6 325.7 317 314.5 307.4 302.5 297.9 293.7 287.7 282.4 279.4 280.3 271.8 266.9 263.1 261 261.3 255.7 249.3 248.7 246.6 246.6 246.6 246.6 246.6 246.6 246.6 246.6 246.6 246.6 246.6 248 249.9 249.8 254.1 255.9 260.6 264.5 266 271.8 274.3 279.4 286.6 290.7 295.2 301.6 308.2 314.7 319.5 323.8 329.9 336.5 342.2 351.2 357.6 359.7 366.4
421.6 428.7 432.8 434.6 433.2 430.2 428.2 424.3 421.5 417.7 412.7 404.7 395.6 388.6 380.6 369.9 357.6 351.1 346.7 337 324.6 321.4 314.2 304.5 300.8 297.4 293 288.1 285.2 280 275.7 273.8 274.5 266.7 260.8 257.8 254 251.4 249.3 248.1 246.6 246.6 246.6 246.6 246.6 246.6 246.6 246.6 246.6 246.6 247.5 250.1 251.1 253.1 255 259.7 260.7 263.5 266.9 271.3 275 281.1 287.4 291.5 298.4 305.1 309 315.5 323 328.1 332.6 341.1 348.8 355 361 369.4 376.9 386.7
406.5 412.2 415.4 415.1 413.8 410.5 407.7 405.9 402.1 397.2 392.2 384.5 374.7 367.9 357.1 348.1 339.7 331.9 325.4 316.4 312 309.5 300.1 295.8 290.2 286.5 284.4 280.4 276.4 273.3 270.2 268 264.7 261 255.1 254 252.6 250.3 248.6 247.7 247.2 247.1 247 246.6 246.6 246.6 246.6 246.6 246.6 246.6 250.4 251.9 254.7 257 261.1 263.5 267 271.2 272 275.5 281.3 287.9 296.1 299.5 306.1 311.6 318.4 323.3 335.8 338.1 346.6 353.9 362.4 371.9 380.1 389.2 396.7 404.9
391.1 395 393.9 392.1 391.4 390.2 388.7 384.1 382.4 378.4 374 367 356.4 350.2 341 331.8 322.1 314.5 309.6 301.5 296.9 298.6 291.9 287.6 282.5 279.9 275 274.9 269.6 265.6 264 261.8 259.3 252.3 251.3 251 250.4 250 248.9 248.4 247.9 247.1 246.6 246.6 246.6 246.6 246.6 246.6 246.6 247.8 252.4 255.8 257.9 260.8 265.6 269.7 272 276.3 278.1 284.8 289.3 294.5 301 307.1 314.6 320.4 327.5 336.9 344.1 352.6 361 371 382.1 391.5 403.6 407.9 414.7 423.4
373.8 374.7 373.1 370.4 368.6 369.4 366.8 365.3 363.2 361.7 352.3 345.9 338.7 329.6 324.7 316.7 309.1 301.6 295.1 289.7 284.9 284 283.3 277.5 272.7 270.4 264.5 263.9 261.7 258.6 256.3 254.7 251.6 250.4 249.6 249.4 250.1 250.2 249.1 248.6 248.1 247.1 246.6 246.6 246.6 246.6 247.2 247.6 251.5 254 257.7 261.3 264.1 268.1 271.2 279.5 277.5 281.7 286 293.6 299.6 303 309.1 317.1 323.7 332.3 340 347.7 357.2 367.1 378 390.5 401.1 412.5 419.2 426.7 432 440.7
354.1 355.5 352.6 351.8 350.5 348.8 348.6 346.3 342.9 339.8 333 327.4 322.8 316.4 308.7 303.3 294.6 289.9 284.1 280.1 275.4 273.8 272.8 271 266.4 262 259.4 259.3 257.7 254.7 253 252.3 251.7 250.9 250.3 250.1 249.8 249.9 249.4 248.9 248.1 248.5 247.5 246.6 246.6 249.6 249.9 250.6 258.3 260.4 263.2 266.1 269.2 274.2 277.3 281.1 284.7 289.1 295 304.3 308 311.4 319.8 330.2 338.7 344 349.7 360.6 372.9 383.7 395.6 409.9 421.4 429.4 435.4 443.3 451.8 458.8
334.9 335.4 334.5 335.6 336.5 333 330.6 329.8 328 320.9 318.7 312.4 310.3 305.4 296.9 295 286.5 281.8 275.7 271.7 268.5 269.5 270.8 268.8 267.7 261.8 258.4 256.9 255.2 254.1 253 252.4 251.9 251.3 250.6 250.2 250.3 249.7 249.3 249.7 249.9 250.5 250.1 250.3 252.3 253.9 253 256 263.9 265.4 269.1 273.5 276.6 282.2 285.9 288.2 292.9 297 305.5 312.6 318.6 321.8 333.8 343 346.9 353.2 361.6 375.9 390.6 402.6 416.6 426.7 436.6 445.5 452.9 462.6 472.4 476.3
319.3 319.8 320.6 320.2 321.5 318.6 315.6 313.5 313.8 312.1 305.3 299.2 294.5 291.7 289.6 283.8 279.4 276.1 272.7 268.1 267.7 270.9 263.7 268.5 270.4 259.7 259.2 260.1 255.3 253.9 253.5 252.7 252.1 251.6 250.8 250.8 250.6 250.1 250.2 251.6 251.9 252 252 253.2 257.7 261.2 257.1 261.5 270.7 271.1 274.8 279.7 282.5 288.7 292.3 297.4 300.9 308.5 316.7 322.5 326.7 333.3 342.6 353.1 358.8 366.8 379.4 394.1 409.6 422.8 437.8 449.5 455.9 464.8 472 483.3 490.9 494
306.4 307.8 307.3 307.3 308.4 305.5 305.1 301.9 299.1 303.1 295.5 291.5 285.9 282.8 281.8 276.6 275.1 272.5 265.8 262.6 261.4 259.7 259.6 258.3 257.8 257 256.8 255.4 254.4 254.4 254 253.3 252.4 251.8 251.4 251.1 250.9 250.9 251.2 251.9 254.6 254.4 255.8 255.7 262.9 260.4 263.5 266.3 277.9 279.1 283.8 287 289.8 295.9 301 305.4 310.3 317.9 323 330 336.8 343.3 353.1 364.3 372.7 382.4 397.3 412.1 429.8 449.7 464.2 470 481.5 488.6 496.5 508.9 512.4 514.8
