public/OST50/NH18.asc
ncols 200
nrows 200
xllcorner 210000
yllcorner 880000
cellsize 50
[rows 108 to 143 of 200, columns 80 to 159 of 200]
222.4 247.1 280 291.1 302.2 303.2 304 306.1 309.1 315.1 325.1 333 341.2 354.5 361.1 370.5 393.2 394.5 394.1 392.4 392.2 387.6 379.2 374.6 378.1 389.1 393.7 391.9 389.7 391.5 398.1 395.8 397 405 414.4 418.5 421.4 426.3 423.2 418.7 414.7 408.8 405.6 405.3 404.5 399.4 396.3 388.4 387.1 388.6 386.3 379.7 376.6 371.7 353.8 328.8 297.6 268.8 241.2 224.2 210.1 190.2 175.7 159.2 143.2 140 124.5 124.6 110.3 87.3 58.8 36.2 22.6 9.4 1.9 2.1 2.1 2.4 2.7 3
254.4 222.1 243.8 273.4 293.6 295.6 298.6 305.2 307 316.5 324.3 328.9 337.2 348 356.9 383.1 387.1 388.4 391.6 389.8 387.1 385.7 376.9 374.2 386.3 396.2 398.8 396.2 393.1 400.8 408.3 404.2 400.1 418.5 425 424.4 423.4 424 422 419.7 416.3 412.8 409.5 409.7 408.8 400.6 392.9 386.5 387.1 386.6 381.3 379.9 382.3 375.2 356.1 333.9 296.1 260.5 237.8 216.8 201.5 199 186.3 178.3 171.8 165.8 154.4 136.9 117.4 95.6 66.2 43.7 24.6 11.3 2.4 2.1 2.4 2.6 2.8 3
300.6 277.4 247 222.2 264.2 289.4 294.6 299.7 305.6 315.1 321.2 326.8 336.6 342.3 360.8 379.5 384 385.3 387.4 387.9 382.2 380.1 375.7 376.1 387.7 395.4 397.8 393 400.5 411.7 413.7 410.3 405.2 424.8 429.5 424.4 423.5 423.4 423.6 422.8 419.6 418.9 416.7 414.2 407.5 399.2 390.7 383.9 382.9 380.7 380.5 385.1 387.5 381.5 369.8 341.1 300.2 270.8 252.4 238.1 225.9 210.3 198.4 192.1 176.1 178.8 166.1 144 121.9 101.7 76.1 50.5 32.8 19.3 4.1 2.5 2.8 2.9 3.1 3.3
326.3 309.8 295.7 266.9 239.3 255.4 271.3 297.1 305.8 313.8 317.9 326.9 338.2 347.1 357.4 376.7 380.8 388 385.2 384.7 377.2 371.8 374.3 375.9 382.4 389.9 394.2 389.7 409.9 419.2 415.3 411.2 408.7 424.9 434.2 433.9 425.8 425.8 427.7 428.5 426.2 428.5 423.4 414.9 405.9 400.5 389.3 386.3 386.6 380.7 380.5 391.6 391.1 388 378.8 358.8 325 289.9 276.7 265.8 250.4 231.3 213.7 197.5 198.2 195.9 176.8 152.9 132.3 109.7 81.9 59.7 42.8 26.5 7.5 2.9 3.1 3.2 3.4 3.6
358.4 334.5 315.1 298.5 277.7 243.1 237.8 292.6 301.9 310.8 316.3 327 352.3 366.3 370.3 377.4 386 389.8 384.6 381.5 373.4 367.5 370.5 368.3 376.2 383 385.4 389.3 415.7 420 414.1 410.4 407.6 423.6 438.7 443.2 439.6 432.9 433.9 435.2 432.7 432.8 423 414.5 408.6 402.1 395.7 394 388.5 380.7 388.7 393.3 393.4 393.6 381.5 371.2 345 325.1 305.3 287.7 278.6 246.4 224.1 211.5 211.7 211.7 189.4 165.4 140.5 113.3 89.8 67.2 45.5 26.4 10.3 2.1 3 3.5 3.7 3.8
370.1 353.3 336.2 323.5 317.2 301 272.4 250.6 264.8 304.1 315.5 340.5 353.8 360.8 375.5 381.2 387 386.5 383.8 379.4 369.3 364.6 365.5 366.1 368.3 374.9 379.3 396.2 417.3 416.2 409 404.9 407.1 427.4 441.1 443 445.8 436.2 433.7 433.4 432.5 428.1 422 419.3 410 403.7 401.1 396 390.2 380.3 390 393.9 395.6 398.1 387.3 374.3 361.4 340.7 318.7 298.4 279.7 265.8 235 230.1 228.4 228 195.8 167.5 148.6 126.5 95.8 72.1 47.2 25.6 9 2.3 2.9 3.5 3.8 3.9
407.3 391.7 377.1 350.1 339.5 325.8 311.4 278.5 252.2 265.4 302.5 326.3 349.2 357 369.3 379.1 378.6 381.9 380.8 376.1 367 362.3 361.4 361.8 362.3 367 375.8 404.1 414.2 411.5 405.2 402.3 405.6 427.4 439.3 442.1 443.7 436.2 432.9 431.6 433.6 427.9 427.1 421.7 413.2 406.1 403.6 397.3 392.6 386 390.8 411.3 411.9 403.6 389.8 374.6 372.8 355.2 336.4 323.5 301 268.2 261 255.4 247 229 211.5 193 165.8 143.1 106.7 83 55.5 30.8 12.2 2.3 2.9 3.3 3.6 3.8
420.4 402.6 385.5 368.4 353.4 346.2 329.2 314.4 304.4 286.2 250.7 298.1 324.5 346.4 358.4 370.3 371.3 373.1 375.6 371.5 363.2 356.9 357.3 358.6 358.1 359.9 375.1 399 404.2 404 401.1 398.5 403.6 421.3 435.1 439.2 437.7 434.5 428.7 429.7 431.2 431.6 430.6 425.7 416.3 411.3 408.7 400.5 390.9 391.2 413.3 430.1 424.6 410.9 390 377 376.9 364.9 354.4 345.2 316.6 301 299.3 277.7 267 270.2 260.5 237.8 198.7 155.7 117.4 92.5 63.8 37.2 20 2.5 2.8 3.2 3.4 3.6
424.6 407.7 393.8 382.8 369.6 358.2 344.1 334.7 322.6 314.1 301 278.5 258.4 302 322.5 347.6 360.1 359.7 364.7 363.1 355.5 351.4 352.6 352.3 351.3 354.5 368.5 388 398.7 393.4 391.8 393 403 414.8 428 431.6 430.1 429.1 427.1 428.6 431.5 435 433.4 427.1 415.9 416.5 414 401.1 396.4 409.6 430.6 432.1 425.5 412.8 389.8 382.7 375.4 370.1 368 354 325.7 327.2 312.5 311.4 302.6 298.7 288.5 270.6 234 171.8 123.8 99.3 71.8 43.9 21.7 4.2 2.7 3 3.3 3.6
427.6 412.8 397.4 391.5 389.4 379.5 368.5 351.8 338.9 329.8 323.3 319 308.7 282.5 297.8 308.1 342.1 347.7 353.3 352.6 348.3 345.8 347.3 347.9 338.4 349.6 361.1 376 388 385.8 385.2 389.1 398.8 406.1 418.4 426.6 423.2 425 425.2 428 435.3 441 434.5 426.7 418.4 425.9 418.9 413.5 414.5 431.8 431.1 429.6 425.2 412 401.1 401.2 383.4 370.3 369.9 355.3 334.7 330.7 321.5 317.8 312.3 298.9 289.5 273.7 243.2 189.3 134.1 105 77.9 51.7 24.5 7.1 3 3.1 3.4 3.7
464.4 442.1 415.8 419.3 413.2 417.5 415.5 399.4 363 349.1 341.3 334.4 328.9 328.1 317.5 296.5 292.3 324.3 339.6 341.4 339.8 339.1 341.9 341.2 337.2 344.6 353.7 366.3 378.2 378.7 378.5 382.9 392.2 395.2 408.9 419.7 419 420.9 422.7 430.8 433.2 444 438.2 427.3 424.4 426.7 423.6 423.3 423.6 432.3 425.8 425.1 423.5 409.5 407.5 413.1 394.8 381.4 369.8 355.8 342.8 339.1 325.4 317.6 310.1 295.8 290.1 278.2 242.5 199.3 136.7 111.7 81.8 55.6 29.8 7.5 3.6 3.2 3.5 3.7
469.3 457.6 442 430.8 432.9 431.1 422 413.4 394.9 374.8 361.9 370.5 364.1 348.8 353.9 342.5 330 301.1 300.3 322.6 326.7 330.7 335.8 334.4 332.4 339.1 349.4 363.4 370.4 372.5 371.6 375 382.6 386.2 399.5 410.4 414.6 417.8 419.8 429.8 434.7 440.3 439.6 426.1 430.2 434.8 447.3 439 425.5 434.8 422.7 421.3 417.7 411.9 424.3 420.3 402.4 381 377 366.1 347.7 339.7 325.2 317.2 306.4 291.4 284.1 277 250.2 203.2 146.8 117.6 85.8 57.7 32.5 11.1 5.3 4.2 3.6 3.8
473.4 462.6 454.2 451.9 443.8 435.9 432.6 426.6 413.6 395.1 391.4 384.4 371.4 366.8 358.6 355.2 353.3 344.6 333.7 305.2 297 321.2 327 326 334.8 337.9 345.7 355.6 362.6 363.7 364.4 368 376.7 380.7 390.9 406.2 409.6 414.1 417.1 427.8 438.2 443.4 434.8 432.5 438.1 443.7 452 450.6 433.8 434.9 425 416 416.7 428.1 431.9 425.5 406.7 382.9 376.9 363 354 346.7 329.5 317.7 305.7 285.5 275.4 266.7 252.1 208.2 152.8 123.3 94.4 64.7 39.3 15.7 9.2 11.1 8.9 7
478 470.8 465.4 458.4 450.3 446.9 440.6 431.3 422.8 411 406.9 404.6 392.4 373.6 366.2 359.1 360.5 353 344.6 337 326.8 298.6 305.4 314.9 330.2 335.1 336.3 345.1 353.1 353.1 358.3 362.9 371.9 375.6 383.9 400.4 403.8 410 415.5 430.4 432.3 438.1 434.2 437.3 455.1 451 449.3 451.4 435.8 430.8 427.9 416.5 418.5 434 436.6 425.9 412.2 387.9 371.5 362.9 359.8 349.1 332.9 317.1 302.9 285.2 271.9 262.1 248.4 214.1 162.2 129.3 100.8 73.6 43 19.4 11.8 14.5 14.1 13
477.5 474.2 466.1 465.4 457.4 451.3 449.8 437.5 434 426.3 425.1 415.6 404.4 392.4 380 368.4 361.7 356.4 348.8 343.3 334.6 327.1 311.7 304.9 319.1 322.2 326 335.9 341.1 346.5 350.5 356 366.5 370.6 378.2 392.4 399.1 404.6 413.9 425.4 424.3 429.9 437.3 450.3 448.9 452.1 454.7 449.4 437.5 431.8 435.1 418.3 423.4 437.5 434.6 427.6 413.6 386.6 367.3 372.8 361.5 350.5 335.1 322.6 308.7 287.7 271.6 255.2 240 217.1 171.3 138.7 106.6 72.1 47.3 19.7 15 16.7 16.2 14.8
478.1 474 472.2 471 465.8 462.5 456.5 454.3 454.9 445.1 435.1 428.2 415.7 403.2 415 402.4 374.6 366.9 358.4 358.2 346.5 338.3 330 326.4 324.5 324 319.7 327 336.2 341.5 345.3 349.9 359.6 363.7 372.8 386.1 391.8 404.5 412 414.3 420.7 428.4 441.4 444.1 446 447.6 449.3 447.4 440.9 432 434.9 422.1 441.6 437.5 432.2 425.3 412.9 386.4 377.6 367.9 373 361.1 349.3 329.9 310.7 291.3 272.5 249.5 230.5 215 171.7 141.2 110.5 74.9 46.4 20.5 19.2 19.2 17.7 16
488.7 486.9 484.5 478.6 469.7 468 462.9 458.3 456.9 448.6 441 432.6 421.4 410.5 417.1 415.6 400.6 384.9 378.3 367.5 353 347.9 340.7 337.5 331 330.4 326.4 322.3 332.2 336.1 342 346.7 352.6 357.8 367.1 375.5 384.2 392.9 401.7 407.1 414 429.2 437 437.4 438.9 438.2 441.3 444.1 446.3 434.3 429.6 425.7 438.4 436.5 433.7 423.2 408.7 392.7 384.2 374.9 369 361.7 353.7 333.5 312.1 289.5 271.5 246.5 221.9 207.7 174.7 145 116.9 80.1 47.4 27.5 22.5 22 20.7 19.1
502.3 492.3 485.2 477.5 472.9 466.1 463.2 459.9 457.5 452.2 447.7 435.1 424.7 412.9 408.3 409.1 400.3 383.5 375.1 368.2 354.7 357.6 348.3 343.7 337.9 333.2 331.1 326.1 326.5 331.5 337.7 343.7 349.6 354.8 361.4 369.2 376.7 381.8 387.4 399.3 413.8 424.4 429 429.9 430.4 431.3 435.3 442.7 445.4 434.2 423.8 430 431.5 431.7 427.5 420.5 403.8 393.4 386.9 372.6 359.6 353.9 348 330.7 309.8 286.5 268.4 242.4 214.2 200 177.7 154.1 126.3 84 55.5 31.8 25.7 24.7 23.7 22.1
501.3 490.4 481.7 474.5 470.9 463.9 460.3 458.6 456.7 456.9 447.4 435.5 429.4 418.8 406.1 402.6 397.6 380.4 373.5 365.1 357.9 359.7 368.5 364.5 346.2 339.5 335.2 332.7 333 343.1 344.3 342.6 346.8 351.8 358.8 364 370 375 380.3 389.3 405.4 415.9 422 419.2 422.6 426.8 430.6 437.6 440.3 429.6 421.8 425.2 426.1 424.3 420.1 413.9 398.5 391.8 388.2 372 352.8 343.5 338.1 323.6 305.3 280.8 263.6 236.1 205.8 190.5 178.4 157.2 130.3 89 65.9 35 29.9 28 26.4 25.2
496.7 486.5 474 473.8 467.7 459.3 456.8 453.9 454 454.6 445.5 434.8 428 421.3 404.8 395.9 390.7 377.7 372.5 371.8 362.4 373 390.4 380.7 360.1 344.2 341.6 341.1 335.6 340 344.2 344.4 347 350.9 355.5 360.6 366.4 371.8 376.8 384.3 392 406.6 411.6 407.6 415 419.5 424.2 427.8 433.1 426 422.2 420 419.3 413.9 410.3 405.4 393.7 393.6 385.2 367.7 347.1 333.1 327.8 313.9 292.8 274.1 258.6 228 201.2 184.9 173.1 155.2 124.6 94.4 73.4 40.8 33.6 32.2 30.5 27.9
491.4 479.4 467.3 468.2 465.4 455.2 453.3 446.2 446.6 447 440.7 429.5 425.6 418.8 402 390.8 384.8 376.9 374 372.5 373.1 387.9 404.4 390.9 369.4 350 348.1 352.6 353.8 339.4 341.6 345 348.6 352.4 355.5 360.2 364.9 370.3 374.7 378.8 387.3 398.1 403 401.9 404.1 410.1 415.7 416.5 420.6 419.8 416.3 416.5 412.2 404.9 401.6 395.2 396.4 384.7 375.5 365.1 343.9 324.3 316.8 305.7 285.4 267.6 248 217.2 194.8 175.1 162.5 148.3 121.7 99.8 79.1 48.6 38.6 35.7 33.2 30.3
485.5 471 460.8 461 456.1 452.1 448.7 443.4 439.7 436.7 433.5 424 417.8 409.1 393.2 383.3 380.1 386.5 386.1 380.8 385.8 404.4 408.8 399.1 376.6 352.6 358.9 364.9 361.4 351.3 343.4 344.3 346.4 350 355 360.1 364.1 369.8 374 378.4 385.5 394.1 402.9 400.8 401.7 405.3 409.2 408.7 409.2 411.6 408 409.2 401.7 398.7 393.8 385.4 386 378.1 368 358 337.9 314.9 308.2 298.2 276.8 259.1 232.9 207.5 184.5 164.2 153 139.8 119 99.9 75.2 55.7 43.5 39.6 36.1 32.2
479 468 455.7 452.8 447.6 444.3 442.7 440.9 432.9 427.8 426.2 417.2 408.2 397.9 382.6 380.9 391.4 387 385.2 394.6 400.7 410 409.8 398.6 376.2 359.1 367.9 368.1 366.2 357.7 347.7 346.1 349.8 356.8 361.8 362.4 367 375 377.4 377.5 382.8 393.6 404 401.6 401.8 403.8 406.4 405.9 400.1 398.8 396.9 399.8 395.9 394.3 385.8 378.7 377 369.5 359.4 348.9 331.1 309.2 300.8 289.5 268.7 246 218.8 198.2 173.6 154.4 141.7 129.7 113.1 97.4 72.7 53 46.5 41.1 36.5 32
476.3 466.9 454.3 449.2 441.6 439.5 436.8 436.6 428.5 421.2 419 410.3 399.8 389.3 381.3 380.9 389.9 388.2 397.6 400.3 406.3 406.8 409.4 397.3 378.5 366.2 368.5 370.1 370.3 365.1 350.8 352.4 357.1 361.1 366.6 368 369.5 374.5 383.6 384 389.2 395.1 399.3 401 400.4 401.3 409.3 414.6 409.4 394.9 388.2 385.9 386.9 387.3 382.5 375 370.9 363 351 342.1 324 305.4 292.9 280 257.9 230 207.6 188.3 167.3 141.4 128.2 116.8 101.1 85.3 63.4 51.7 44.8 40.6 36.4 30.1
474.1 463.9 451.4 441.2 437.4 430.3 431.2 430.6 421.6 414.5 409 402 390.6 385.2 383.6 386.5 399.8 396.9 401.3 407.1 407.2 406 407.5 396.1 381.6 372.5 370.2 369.3 372.6 365.2 349.3 358.7 365.9 369.5 372.2 369.4 369 380.7 393.8 397.4 395.2 400.2 398.2 398.4 399.7 399.7 410.1 412.2 408.9 400.2 386.6 380.6 376.2 379.1 378.1 373.3 366.9 358.2 342.7 335.1 319.9 302.8 285.4 266.5 242.8 217.2 195.1 175.5 157 129.5 114.6 99 77.2 60.5 60.8 59.2 52.6 43.7 36 31.3
467.7 457.4 444.7 434.7 429.8 425.7 425.4 421.7 414.7 408 398.9 390.8 381.8 381.9 381.8 392.6 402.9 398.7 403.8 410.6 411.4 404.6 403.1 396.8 382.6 374.4 370.9 370.3 372.1 364.4 353.5 366.4 370.1 373 370.7 367.9 375 386.4 401.3 404.5 403.5 406.7 408 400.5 399.6 403.4 405.9 409.2 403.9 398.4 392 383.5 376.7 374.7 374.4 370.7 360.4 347.7 338.4 329 315.8 295.7 275.4 252.6 230.2 205.5 184 163.8 141.9 120.9 107.4 83 75.2 81.2 75.2 71 53.4 41.9 35.7 30.8
457.5 450.3 440 428.8 424.1 424.1 424.8 418.1 409 401.6 389.7 382.7 381.8 381.8 389.6 391.7 397.9 397.9 402.2 410.4 409.7 402.7 403.9 397.4 384.5 374.9 373.7 369.9 369.6 363.1 357.2 369 370.2 372.7 368.6 367.3 376.9 392.5 399.2 411.5 410.9 408.6 413.1 409.7 406.4 403.9 404.6 405.6 401.7 396.7 392.6 393.7 386 379.2 383 381.1 363.9 343 332.1 325.6 309.5 289 268.3 248 221.8 197.8 170.8 146.9 126.9 110 88.4 82.6 95.4 96.6 85.3 78.1 62.3 47.7 34.4 29.5
449.8 442.9 434.4 424.7 424.1 424.5 424.7 415.6 405.4 394.5 384.1 381.8 381.8 383.4 392.4 391.4 392.6 396 401.1 406.8 405.8 401.1 403 396.1 382.4 376.1 372.6 367.9 366 362.8 361.7 366.6 367.8 370.7 367.2 370.4 382.9 392.5 409 416.6 411.8 409.5 411.4 411.8 417.6 414.3 411 405.8 402.4 402.8 396.2 392.2 383.7 382.5 384.4 387.3 368.5 344.7 326.7 312.8 301.3 282.3 261 236.4 211.4 185 158.2 136.4 111 108.3 83.4 104.7 110.1 114 105.6 94.9 81.4 58.1 36.8 26.9
442 439.2 430.9 424.7 425.2 427.8 419.7 407.7 398.5 390.9 383.7 383.8 383.9 386.6 391.8 391.6 391.3 392.7 402 403.5 404.2 398.4 398.9 391.4 380.3 376.8 372.2 366.7 360.3 357.7 358.1 363.3 363.9 365.7 365.8 381 391.7 406.1 416.9 424.9 421.8 416.6 415.3 414.9 422.2 418.7 419.8 412.5 407.9 404.3 399.4 393.2 386.3 386.6 385.9 389.2 384.6 355.5 326 305.4 293.3 280.3 257.6 228.6 188 160.9 144 140.6 123.6 100.8 108.5 122.6 129.2 136.3 130.2 124.5 107.1 76.4 47.5 27.3
438.5 435.8 432.9 427 424 423.7 413.4 398.9 391.8 391 386.5 388.9 387.7 387.8 394.1 391.3 390 388.3 398.7 399.3 399.3 394.8 392.8 386.8 378.4 377.6 372.6 365 357.7 357.7 357.7 357.8 358.3 363.3 383.2 391.1 401.1 411.7 420.7 423.9 424.6 424.7 434.8 426.9 421.8 424.2 427.7 420.7 416.8 411.1 399.5 392.5 387.9 396.4 391.1 391.6 391.5 374.7 355.6 308.1 285.9 275.7 256.3 221.6 187.6 182.1 164.6 146 125.7 107.5 130.2 144 150.1 156.6 155.5 138.1 114.8 83.3 55.7 32.6
438 437.9 434.3 425.5 416.3 416.1 406 392.4 391.6 395 393 393.9 389.6 389 393.2 389.9 387.8 383 388 391 391.2 390.4 387.3 383.6 378.1 379 371.9 367.4 357.7 357.7 357.7 359.9 357.7 376.4 394.3 398.3 409.3 417.7 421 423.1 430 429.2 447.4 445.8 426.6 430.7 432.9 426.8 421.5 419.6 406.3 398.5 397.7 397.4 397.2 390.8 393.8 383.1 370.2 341.1 295.7 270.9 255.5 218.1 211.7 190.2 170.5 148.5 127.4 115.7 147.6 163.5 175.5 179.1 169.1 144.6 121.7 91.8 62.8 39.2
441.7 435 427.1 417.5 404.6 405.6 400.4 395 392.8 394.8 394.6 393 388.6 388.3 390.9 389.4 384.4 380 378.7 383.4 384 383.9 381.5 379.8 378.3 377.9 369.8 366.3 357.7 357.7 357.7 357.7 359 386.6 396.5 404.7 414.7 420.3 419 420.5 433.3 437.6 460.6 456.7 441.8 429 435 431.9 430.1 430.5 420.2 418.6 415.6 408.1 401.6 392.8 394.4 385.9 370.2 355 313.9 282.5 257.2 241.3 219.3 194.1 173.6 152.1 128.1 135.6 161.2 182.8 202.8 204.8 189.9 156.9 123.1 99.8 74.4 48.2
438.1 425.9 417.8 408.1 394.9 398.7 398.7 393.3 395.4 397 393.5 389.3 387.3 387.3 388 387.5 384.3 381.2 375.9 376.4 378.2 379.3 377.4 375.8 373.7 372.3 367.5 365.6 357.7 357.7 357.7 357.7 378.9 387.2 396.4 413.9 419.1 415.9 417.2 428.8 434 447.5 469.6 470.9 454.7 433.8 442.8 439.7 441.4 439.7 430.4 433.7 427.7 417.8 407.7 398.5 395.5 382.1 369.1 353.6 321.1 293.7 266 245.8 223.2 197.5 176 154.5 126 155.4 178 198.9 228.6 226.8 203.3 164.1 138.1 107 81.7 58.3
428.2 417.7 409.2 396.3 382.9 391 396.9 397.3 398.4 400.4 394.5 387.2 385.4 386.6 386.7 386.9 385 381.2 374.3 373.8 373.9 375.6 374.3 369.8 369 367.7 366.9 363.3 357.7 357.7 357.7 357.7 376.3 385.5 401.1 415 410.1 412.5 421.5 431.8 439 475 496 491.2 477.2 459.2 441.8 442.9 445 445 439.2 442.4 436.5 430.7 416.2 405 394.1 378 366.1 349.8 333.4 308.2 277.1 247.3 220.1 197.4 172.6 157.2 147.3 172.4 192.4 217.6 239.9 239.4 208.2 173.9 146.2 112.4 89.1 67.7
420 409.4 399.7 383 383 388.9 398.5 401.3 401.7 399.2 394.4 386.9 383.6 384.8 386.7 386.5 384.8 382 374.8 373.1 370.2 371 371.2 366.3 366.3 366.3 364.7 360.5 357.7 357.7 357.7 363.9 373.9 381.8 397.9 406.4 407 413.3 423.7 435.2 469.5 495 507.4 503.7 493.4 478.7 456.7 447.7 448.2 449.7 449.2 453.8 444.3 438.4 427.7 412.1 395.5 373.7 363.8 349.3 339 315.7 289.8 257.7 229.7 198.9 181.6 163.4 170.1 187.7 208.9 235.9 240.2 240.5 213.1 184.3 155.9 125 98.9 78
413.8 401.9 392.7 382.9 383 394.6 400.3 405.2 404.3 396.2 393.7 387.1 382.5 380.5 384.5 384.7 382.5 379.4 374.8 372.4 369 367.7 368.7 366.3 368.7 369 366.6 360.3 357.7 357.7 361.2 367.8 370.6 378.7 392.3 401 407.5 424 431.5 458.9 482.5 504.7 516.7 512.6 499.6 490.4 471.1 452.8 448.7 445.8 456 455.8 447.9 440.2 430.6 412.6 401.5 377 362.4 352.4 347.8 319.1 304.1 267.3 234.4 212.3 189.1 164.8 184.6 200.9 227.2 249.4 242.7 238.3 223.7 198.7 178 141.1 108.7 88.1
