public/OST50/NH18.asc
ncols 200
nrows 200
xllcorner 210000
yllcorner 880000
cellsize 50
[rows 72 to 107 of 200, columns 80 to 159 of 200]
367 367 380.5 388.4 382.6 378.7 374.1 368.2 371 363.9 358.7 354.9 347.8 347.3 347.8 347.3 347.2 347.2 347.3 347.4 350.3 352.1 356.4 357.1 371.3 383.9 392.5 394.9 394.9 392 382.6 378.7 373 372.3 363 353.8 347 354.2 351.2 346.4 338.2 329 328.3 331.6 345.1 378.9 367.2 327.6 300.4 269.7 225.1 172.7 135.4 98.6 67.9 44.6 25.4 1.4 -2 -2 -2 -2 -2 -2 -2 -2 -2 -2 -2 -2 -2 -2 -2 -1.3 -0.6 0 0.7 1.4 2.1 14
367 374.3 387.8 393 387.2 380.3 379.5 371.8 371.2 363.5 360.9 356.7 347.3 347.3 347.3 347.3 347.3 346.9 347.3 346.9 350.9 357.3 366.5 370.3 379.6 394 398.3 395.8 395.4 393.8 389.6 386.7 385.3 386.2 381.6 374 361.8 368.6 365.8 354.5 347 340 337.2 339.5 355.9 391.8 379.1 354.6 320 273.4 235.2 186.3 146 118.5 91.8 60.1 36.4 14.3 1.2 -2 -2 -2 -2 -2 -2 -2 -2 -2 -2 -2 -2 -2 -2 -1.6 -0.9 -0.2 0.5 1.2 1.9 6
367 374.4 387.5 393.9 385.7 377.3 373.2 371.2 366.4 364.3 361.3 351.2 347.3 347.3 347.3 347.3 347.3 347.3 347.3 348.4 354.6 367.7 377.3 381.4 391.6 405.1 403.8 398.3 396.7 402.9 407 403.3 397.2 400.9 398.6 390 377.3 386.9 386.3 369.9 354.5 348.9 343.5 350.4 367 400.2 396.3 366.6 340 296.9 265.3 211.7 158.6 132.6 106.9 77.6 51.6 28.7 3.9 -2 -2 -2 -2 -2 -2 -2 -2 -2 -2 -2 -2 -2 -2 -2 -1.2 -0.5 0.2 0.9 1.6 2.4
367 372.3 386.4 386.3 377.7 371.9 369.7 368.8 366.2 363.8 361.1 345.8 347.3 347.3 347.3 347.3 347.3 346.6 347.9 350.4 360.9 379.3 385.6 396.2 405.6 412.8 409.7 407.6 413 419.4 424.1 418.1 411.4 405.7 405.8 394.1 394.6 400.9 400.5 376.6 363 356.4 352.7 368.9 379.7 407.7 407.2 377.6 345.5 307.1 269.8 221.2 176.2 143.3 119.4 88.9 66.3 40.1 20.4 1.7 -2 -2 -2 -2 -2 -2 -2 -2 -2 -2 -2 -2 -2 -2 -1.5 -0.8 -0.1 0.7 1.4 2.2
367.3 367.2 377.4 375.3 370.6 367.6 366.9 366.9 366.6 362.9 357 347.3 347.3 347.3 347.3 347.3 347.3 347.3 351.8 364.8 379.1 394.9 404.8 411.8 418 426.4 426.3 430.2 431.5 430.8 433.2 439.9 425.8 409.9 403.7 400.4 407.2 412 399.1 380.7 374.6 367.9 365.1 378.6 389.3 415 415.5 386.3 350.1 312.5 278.3 237.2 196.2 151.2 128.2 101.9 75.9 50.9 30.8 10.7 1 -2 -2 -2 -2 -2 -2 -2 -2 -2 -2 -2 -2 -2 -2 -1.1 -0.4 0.3 0.9 1.8
365.3 365.5 369.2 368.8 363.3 363.3 363.9 369.2 368.6 358.8 350.4 347.3 347.3 347.3 347.3 347.3 347.3 354.2 370.2 385.5 396.5 413.9 421.3 429.2 434.9 446.1 455.8 455.1 450.8 438.2 439.4 448.5 433.8 411 405.3 408.3 419.6 408 396.9 390.8 383.4 376.8 377.7 379.5 400.5 427.7 411.7 395.3 366.5 321.1 282.3 251 202.4 161.6 133.8 109.7 85.9 62.1 41.9 24.4 4.2 -2 -2 -2 -2 -2 -2 -2 -2 -2 -2 -2 -2 -2 -2 -1.7 -1 -0.4 0.4 1.2
367.2 365.6 365.8 362.4 362.4 362.4 362.5 374.7 374.3 360.6 345.7 346.8 347.3 346.1 347.3 347.9 355.8 372.3 394.2 404.2 427.1 432.6 439.3 449.2 458.4 471 473 464.3 453.5 450.9 441.7 444.7 433.8 413.8 407.4 413.9 419.3 405.8 400.4 395.7 393.3 386.9 381.8 383.5 414 427.2 410.7 400 376.9 337 290.2 255.8 215.2 176.4 147.3 117.3 95.8 72.7 51.4 31.7 11.9 -2 -2 -2 -2 -2 -2 -2 -2 -2 -2 -2 -2 -2 -2 -2 -2 -0.9 0.1 1.5
371 367.4 362.7 362.4 362.4 362.4 367.9 378.4 377.1 363.5 349.3 350.1 347.8 347.1 348.2 361.4 376.2 402.5 414 432.2 444.7 450.9 460.5 470 488.9 485.7 481.3 472.3 457.8 455.5 438.5 439.2 434.8 419 409.9 414.2 417.2 409.1 406.6 407.7 405.8 405.1 390 388.8 412.2 422.2 410.5 398.6 382.8 346.4 311.4 277.5 223.6 189.9 166.7 137.7 115.1 84.7 56.5 43.8 24.5 2.6 -2 -2 -2 -2 -2 -2 -2 -2 -2 -2 -2 -2 -2 -2 -2 -0.7 0.7 2
373.9 369.6 362.1 362.4 362.4 365.9 374 379.3 370.4 357.4 353 352 350 350.6 355.6 379.8 409 418.7 431.5 451.3 457.1 475.2 482.5 494.2 503.9 501.5 484.6 475.5 460.8 452.3 445 428.9 429.1 420.9 411.4 414.7 418.8 417.5 420.1 432.6 423 414.7 397.7 399.7 405.8 410.9 407.5 396.1 383.8 364.7 332.8 286.8 238.6 202.5 173.8 149.6 124.9 98 76.8 54.9 30.4 9.1 -2 -2 -2 -2 -2 -2 -2 -2 -2 -2 -2 -2 -2 -2 -2 0 1.1 2.5
373.5 368.7 362.4 362.4 362.4 369.8 376.5 376.1 365.7 359.1 355.7 355 354.9 354.5 369.1 407.5 418.7 425 440.9 461.6 476.5 491.1 500.6 500.9 505.2 503.2 499.8 483.2 469.2 449.7 445.7 425 422.5 421.4 415.6 419.4 424.3 424.4 433.6 432.9 426.1 413.8 400.8 399.4 398.7 405.5 403.8 395.6 383 369.5 343.6 304 252.5 216.9 187.9 164.6 141.9 117.8 92.6 65.2 40 16.8 -2 -2 -2 -2 -2 -2 -2 -2 -2 -2 -2 -2 -2 -2 -2 2 2.6 3.1
371.6 367.7 362.4 362.4 367.9 377 380.3 376.2 365.4 361.9 360 357.9 359.8 368.8 389.3 419.3 423.7 429 446.8 468.1 484.8 497.3 505.3 503.2 502.6 502.2 496.1 486.3 473 456.1 443.3 428.5 421.2 421.1 419.8 424.4 423.2 430.7 427 428.6 423.4 411.1 400.8 395.9 393.8 398.2 400.4 392.5 380.1 372.1 351.2 314.9 272.3 231.8 206.7 185.1 161.7 137.1 116.7 85.5 59.2 33.7 8.4 -2 -2 -2 -2 -2 -2 -2 -2 -2 -2 -2 -2 -2 2.4 2.3 3.2 3.7
366.5 366.7 362.3 364.1 375.4 380.7 379.6 372.9 366.2 365.1 366.1 365 370.4 388.7 413.3 430.5 429.5 436.6 448 472.3 499.5 502.7 504.5 500.3 495.6 494.3 489.3 484.8 466 459.3 445 432.6 424 423.7 425.1 422.6 422.8 425.4 422.3 417.3 410.7 404.2 397.9 394 391.8 391.8 391.6 386.5 378.4 379.7 365.2 335.2 297.4 259.6 230.4 219.8 225.9 200.7 140.8 109.6 80.1 52.2 32.6 -2 -2 -2 -2 -2 -2 -2 -2 -2 -2 -2 -2 -2 2.5 2.6 3.7 4.5
358.2 362.1 360.3 361.1 375.4 377.4 375 368.8 368.5 370.1 374.3 379.5 393.7 411.4 431.2 436.9 442.8 449.8 457.8 485.2 506.2 500.7 498.2 494.3 488.6 485.3 482.3 476.3 462.1 458.6 443.1 432.9 427 427.1 426.3 423.4 423.2 423 422.2 415.2 408.6 403.1 400.3 392.5 391.6 393.4 390.7 385.8 384.5 386.1 380.8 370 354.4 322.6 304.5 280.9 264.2 230.1 189.4 142.9 94.5 69.2 48 17.5 -2 -2 -2 -2 -2 -2 -2 -2 -2 -2 -2 -2 -2 2.9 4.4 5.1
349.9 357.4 356.9 362.9 366.8 370.9 368.5 367.5 373.5 381.7 406.6 414 415.3 431.6 445.7 451.2 465.4 467.9 460.2 493.3 504.7 496.7 492.3 489.7 483.6 480.3 478.3 469.6 461.7 453.3 442.2 434.2 429.1 427.9 425.9 424.2 423.7 423.4 423.8 416.2 409.1 410.1 412.8 401.2 389.6 390.3 386.2 384 390.2 387.5 380.2 367.3 357.3 342.9 315 287.1 267.7 241.4 198.3 164.7 114.6 76.8 49.9 27 -2 -2 -2 -2 -2 -2 -2 -2 -2 -2 -2 -2 3.1 4.4 5.1 5.8
345.8 353.8 354.7 359.5 359.9 360.9 363.5 367.3 377.5 407.3 416.9 428.9 437.4 454.3 464.3 480.4 480.9 477.5 464.4 484.5 496 492.2 488.2 483.7 478.9 476.5 474.3 463.8 458.9 449.5 440.1 433.1 430.3 427.3 426.3 424.6 424.1 425.6 423.9 419.9 418.6 425.9 415.9 404.8 391.1 386.7 386 391.3 388.6 386.3 380.5 364.6 353.3 343 323.1 286.8 267.2 246.5 214.3 170.9 136.5 95.9 63.2 36.7 15.2 -2 -2 -2 -2 -2 -2 -2 -2 -2 -2 2.4 3.8 4.4 5.3 6.3
344.7 348 349 351.1 354.5 355.6 367 368.1 391.1 407.9 420.7 435.4 451.9 475.2 481.2 485.8 488.4 478.2 471 476.7 485.3 485 481.2 478.7 476 472.2 470.8 461.1 452.5 446.6 437.5 431.3 430.7 429.2 426.2 423.8 424.2 423.9 424 427.3 430.6 425.3 418.7 405.8 392.2 390.1 386.9 390.6 389.4 387.4 378.9 366.3 350.1 343.1 324.9 300.6 268.7 246.8 226.5 194.4 162.9 116.9 77 51.4 22.2 -2 -2 -2 -2 -2 -2 -2 -2 -2 0.4 2.4 3.5 4.3 5.3 6.3
341 340 340.4 344.8 349.7 353.1 360.9 379.5 391.8 403.9 418.5 444.7 462.7 479.7 481.3 483.1 487.3 485.2 473.1 469.8 476 478 474.1 468.5 468.6 467.6 466.4 461.1 454.8 450.2 441.9 431.1 429.8 434.8 424.9 423 423.8 424.3 429.6 449 441.2 427.7 421.2 407.8 392.3 388.9 387.1 390.8 387.3 384 380.4 366.3 348.3 336 323.8 304.9 275.7 247.6 228.3 201.4 173.1 139.9 97.4 64.6 35.4 9.5 -2 -2 -2 -2 -2 -2 -2 -0.4 1.2 2.6 3.5 4.4 5.5 6.6
339.7 336.6 333.5 336.3 343.6 348.6 356.3 380.7 389.3 406.1 422.9 447.2 473.2 477 484.3 476.8 489.9 482.3 475.1 469.2 471.1 471.2 466.9 460.4 456.8 459.7 461 462.2 459.8 454.2 441.5 429.1 427.3 429.9 421.5 422.1 425.1 432.6 448.9 448.5 438.4 427.9 419.2 407.5 393.5 389.7 390.7 391.5 385.5 380.7 383.5 382.1 366.9 348.3 323.6 306.5 282 253.3 226 208.7 178.1 148.6 114.8 78.7 47.9 19.9 -2 -2 -2 -2 -2 -2 -1.2 0.2 1.7 2.8 3.5 4.6 5.7 6.7
338.4 335.2 330.8 329 334 341.5 358.3 378.9 402.6 405.1 434.9 450 464.1 471.7 474.5 478.5 474.7 476.9 473 465.6 464.8 467.8 461.5 456.5 455.8 455.8 460.1 464.8 457.6 451.6 441.5 426.2 421.5 422 421.6 424.9 436.8 441.4 446 442.7 436.4 427.2 417 405.9 393 389.6 390.4 387 382.2 387 390.8 385.6 376.4 359.1 327.8 307.8 293.7 260.7 229.4 202.7 182 155 124.5 89.1 60 29.8 -2 -2 -2 -2 -2 -2 -0.6 0.6 1.9 3.2 3.6 4.6 5.6 6.6
331.1 330.3 326.1 326.8 331.3 340 360 383.8 394.5 414 429.6 448 458.4 468.1 466.3 477.1 473.2 471 465.9 461.1 459.2 464.1 457.3 455.8 455.8 455.8 463.5 461 456.9 448.5 436.4 422.9 418.1 420.1 422.4 435.3 435.2 438.5 439.3 435.6 432.6 425 416.4 402.9 389.4 389.7 388.7 392.9 393.7 396.1 397.4 389 379.4 363.3 346.5 313 295.9 274.2 231.9 197.8 179.7 156.9 130.5 99.2 75.3 41 19 -2 -2 -2 -2 -2 -0.8 0.8 2.5 3.1 3.6 4.5 5.5 6.1
326.6 324.6 321.5 324 329.2 337.8 359.7 373.1 389.8 409 422.2 438.4 448.9 456.8 461.8 464.1 470.3 462 464.2 457.5 452.5 458.1 455.8 456.7 454.9 456.1 461.8 457.3 451.2 443.8 430.2 419.2 415 418.2 423.9 429.9 431.1 434.2 433.7 427.3 427.5 423.7 414.4 400.2 387.8 387.3 389.2 391.6 393.1 394.4 394.4 394.6 382.2 367.7 348.8 328.3 299.1 275.9 246.4 203.6 176.8 154.2 133.8 107.2 83.3 51.5 28.2 -2 -2 -2 -2 -2 -2 -2 -2 -2 3.7 4.5 4.1 6.3
315.5 317.1 316.3 320.4 328.2 331.9 345.5 359.2 381.4 398.2 413 424.6 437.6 444.8 452.4 455.5 461.8 455.6 454.6 450 446.6 452.4 452.3 452.7 451.9 452.4 455.8 451.6 445 437.9 425.5 414.7 411.7 415.5 426.9 427.4 427.5 431.8 430 421.6 418.6 420.1 412.7 396.4 388.6 391.3 394 394.7 394.6 396.2 394.3 398.8 385.9 370.3 351 328 306 282.1 256.1 211.5 177.9 152.1 135.6 114.9 88.6 63.8 39.1 19.7 -2 -2 -2 -2 -2 -2 -2 2.6 2.9 3.3 3.7 5.2
306.8 309.7 313.2 319.3 325.5 333.7 337.4 348.8 371.6 387.8 404.6 418.7 427.7 436.2 444.2 450.1 451.4 453.1 451 445.8 441.3 447.3 443.4 443.2 444.7 447.4 448.1 446.8 440.6 434.4 423.5 413 407.3 411.9 423.9 423.1 424.2 429.3 427.9 417.2 412.6 412.4 405.1 401.7 402.4 395 397.3 401.7 400.9 398.4 394.3 392.9 391.3 371.3 353.5 330.6 311 287.3 266.4 225.8 185.1 154.7 132.2 120.1 94.9 70.5 45.9 28.4 -2 -2 -2 -2 -2 2.5 -2 2.7 2.8 3.2 4 4.6
299.3 304.8 313.6 318 321.8 328.3 335.1 344.6 366.8 378.8 391.1 404.4 417.4 426.3 437.4 449.3 451.9 452.7 454.2 439.6 433.8 439.1 438.2 436.4 437 439 440 442.7 438.3 427.9 419.7 413.3 403.7 406.1 420.4 420.1 417.4 422.4 421.4 411 405.3 405.8 408.1 409.4 405.6 397.9 402.2 404.3 401.2 396.4 394.7 390.9 389.8 374.4 354.5 337 312.4 291.1 265.8 237.4 191.4 162.5 137.3 118 102 78.7 56 34.6 19 -2 -2 -2 -2 -2 2.7 2.8 2.9 3.1 3.5 3.7
294.3 301.9 308.9 316.2 321.2 331.1 343.7 352.7 358.8 372 388.7 413.5 431.1 440.7 444.9 448.2 453.9 446.3 446.5 439.4 429.7 431.3 434.3 430.6 429.5 431.8 435 437.1 431.1 421.3 418.9 411 400.1 404.1 414.5 414.9 411.1 414.1 412.7 405.9 401 404.5 412.3 413.7 407.1 396.6 397.6 400.3 399.7 395.8 390.9 390.7 386.6 373.2 355.8 336.1 318.5 292.6 272.2 238.7 202.8 166.9 142.1 120.5 101.7 85.6 63.7 42.5 27.3 -2 -2 -2 -2 -2 -2 1.9 2.8 2.9 2.8 3.4
296 306 308.6 314.7 322.8 335.2 349.2 356.9 367.2 376.6 398.7 415.3 427 434.5 441 444.5 449.4 445.7 436.5 436.2 425.9 424.8 431.4 427.4 424.7 425.9 425.9 425.8 422.9 415.7 414.2 403.2 394.3 396.6 407.7 409 405 406.5 403.7 403 401.7 411.2 415.4 412.6 406.8 393.7 389.8 394.4 399.1 397.8 392 392.4 383.3 370 355.4 342.2 323.6 294.8 267.2 239.4 217.7 175.8 145.1 124.7 103.9 87.2 65.6 47.4 32.3 11.7 -2 -2 -2 -2 -2 1.5 2.5 2.5 2.5 2.4
302.1 309.7 311.4 319.8 329 340.6 359 361.4 366 375.2 395.7 408.6 419.2 423.1 434.8 440.8 442.1 440.1 432.9 426.8 422.3 417.8 425.7 423 421.9 419.2 415.8 415.7 415.1 410.8 405 395.2 389 389.2 398.8 401.5 399.2 401 399.4 403.2 403.7 409.4 412.1 405.8 403.2 390.6 386.8 390.6 397.3 398.1 390.9 389.7 378.2 367.5 356.1 341.2 326.3 302.4 271.8 244.3 217.4 185.5 153.7 130.1 110.1 92.5 71.9 51.5 34.7 20.1 -2 -2 -2 -2 -2 1.6 2 2.2 2.1 2.1
304.3 308.6 311.7 319.6 331.5 344.4 358.2 362.3 365.1 371.3 386.1 402.3 408.9 416.4 430.7 432.6 434.9 431.1 428.4 421.5 421.1 412.4 419.2 420.4 419.5 411.9 406.1 405 407.4 404.6 397.5 389.6 385.3 384.9 389.7 392.9 393.1 396 395.4 402.7 400.9 405.8 406.1 401.9 398.4 386.8 386.8 386.8 391.5 394 389.9 383.4 374.8 367.4 354.6 340 326 304.6 279.2 259.6 222.2 191.7 162.3 142.9 122.3 100.5 81.8 56.4 35.5 19.9 5.4 -2 1.7 -2 -2 1.6 1.6 1.9 1.9 2.1
303 310 311.8 315.3 329 345.2 354.4 357.6 360.3 367.6 376.7 393.1 399.6 409.4 422.5 424.7 425.8 422.6 420.6 418.1 415.9 410.8 415.5 418.9 419.6 406.4 399.8 395.9 398.1 398.1 391.4 384.5 379.7 379.7 383.8 387.9 393.3 394.9 397.2 398.1 397.8 401.4 401.4 400.8 399.8 387.1 386.8 386.8 386.8 391.3 392.2 383.6 376.6 365.2 357.1 340.3 325.9 300.9 284 263.4 235.4 203.6 180.5 160.4 141.1 112.8 92.1 67.3 46.3 26.3 11 -2 -2 -2 -2 -2 1.1 2.3 2.3 2.2
298.8 309.4 311.9 313.2 322.1 334.6 343.5 348.1 353.4 362.3 371.2 380.5 390.9 398.4 411.6 416.6 417 414.9 410.6 415 411.9 409.2 410 415.1 410.8 399.9 393.6 391.5 391.5 393.1 387.9 383 379.7 379.7 379.7 392.4 399.2 397.4 399.6 401.5 399.2 399.8 402.7 404.2 402.6 396.8 386.8 386.8 397.1 400.7 399.4 383.8 374.8 362.3 359.6 343.2 323.5 299 287.6 278.1 253.1 221.1 201.3 179.9 155.7 129 105.7 82 58.8 35.4 16.8 2.8 -2 -2 -2 -2 -2 2.5 2.3 2.3
294.9 303.5 310.9 312.7 316.1 325.7 333 343.1 346.5 353 364.4 369.7 378.8 388.7 402.9 406.5 408.4 407.3 402.8 409.3 411 402.8 402 406.2 401.7 392.5 388.3 387.6 388.8 389.1 384.2 379.7 379.7 379.7 382.9 396 397.7 398.7 401.6 405.1 404.7 403.9 403.4 404.5 400.9 399.7 387 393.9 396.1 397.5 391.6 381.7 370.9 365.1 360.4 339.9 321 298.7 284.7 270.4 253.5 232.8 211.4 189.8 163.4 141 118.3 93.9 71.2 43 23.3 7.5 1.9 2.5 -2 -2 -2 -2 2.4 2.3
291.2 299.5 307.1 312.3 312.3 315.9 323.9 331.2 336.4 343.2 355.2 359.2 366.9 382.4 389.1 396.6 398.1 398.4 396.1 399.9 406.6 397.8 395.5 397.8 392.2 387 385.1 385 387.1 386.4 379.7 379.7 379.7 379.7 390.5 393.5 394.5 404.2 407.2 407.8 405.5 405 405.8 407.7 403.2 400 389.2 389.5 390.7 390.7 384.2 379.4 367.3 361.4 351.4 338.8 318.8 300.4 281.9 263.5 244.7 230.4 211.2 191.2 175.6 149 133.6 106 80.7 52.7 29.5 16.3 6.6 4.7 -2 -2 -2 -2 2.7 2.6
287.9 294.4 300.1 310.7 311.3 311.1 315.3 321.6 328.2 335.8 344.8 351.6 360.8 372.1 383.6 384.1 386.5 387.7 392 395.3 398.2 397 392.1 394.3 387.1 383.7 383.1 384.1 383.7 379.7 379.7 379.7 379.7 381.1 389.2 395.7 405.2 414.8 416.3 415 410.5 409.6 409.5 409.3 403.8 400.1 390.4 386.8 385.8 385.7 383 378.5 369 361 348.2 333.1 316.2 296 274.8 255 236.3 222.7 207.5 191.2 174.2 156.9 143.2 117.9 90.8 57.3 35.3 21.1 11.8 7.2 4.2 -2 1.3 2.2 5.1 3.8
282 287.2 294.5 302.6 307.4 309.1 309.9 314.5 322.6 331.1 338.5 344.9 353.3 362.9 375.6 377.5 379.9 384.8 394.1 400.3 395.4 393.8 384.9 386.6 382.4 381 380.6 381.9 380.6 379.7 379.7 379.7 384.7 385.9 397.8 412.7 417.8 421 421.2 422.2 418.2 413.7 414.1 406.9 405.5 398.6 390.4 386.1 386 385.1 387.6 381.4 373.3 362.8 352.7 333.3 311.3 290.1 266.8 246.5 230.1 216.1 201.1 185.2 169.2 156.6 142.4 124 91.9 64.9 36.5 21.5 13.8 7.1 4.8 2.2 2.1 2.1 2.4 2.8
272.8 281.6 288.1 295.8 303.4 308.4 308.9 311.2 317 325.1 332.5 339.5 344.7 358.7 369 372.7 379 399.7 400 403.7 394.6 389.2 381.7 379 377.6 380.6 384.3 383.9 381.7 379.7 379.7 386.6 391.7 395 401.7 413.8 422.8 423.7 424 424.9 418.2 412.2 410.9 405.6 402.9 397.8 397 387.1 385.8 386.1 386.8 382.8 372.9 365.6 351.5 327 304.3 284.9 258.4 238.4 225.1 208.9 193.4 176.4 162.6 148.9 135.9 114.7 85.6 55.7 42.5 32.9 23.7 11.5 4.6 2.8 2.6 2.1 2.3 2.6
249.9 266.5 283.7 293.7 303.9 306.4 307.4 307.9 311.8 318.7 327.1 335.9 342.5 357.2 365.1 370.3 392.9 399.3 396.9 397.3 396 386.7 380.7 375.3 375.1 384.2 387.9 386.6 386.4 381.2 386.1 393.3 396.8 400.2 406.9 415.7 422.4 424.4 424.1 422.3 416.2 409.6 406.1 404.3 401.7 401.1 397.5 391 386.1 389 386.9 380.8 372.4 368.6 353.4 325 296.6 279 251 229.1 219.3 199.5 184.8 167 154.6 139.4 114.4 89.7 92.9 78.7 49.7 30.1 23.1 11.8 3.4 2.5 2.3 2.2 2.5 3
