public/OST50/NH20.asc
ncols 200
nrows 200
xllcorner 220000
yllcorner 800000
cellsize 50
[rows 140 to 174 of 200, columns 78 to 155 of 200]
118.5 114.8 112.2 109 107.9 106.3 104 96.7 104.1 105.7 103.9 101.6 101.9 98.4 94.8 100.5 106.1 115.2 123.6 127.6 134.1 130.4 133.3 137.8 144.6 148.3 158.4 163.2 159.7 157.7 161.4 164.3 163.4 162.5 157.4 156.2 151 145.9 141.1 142 143.7 146.2 152.1 154.3 151.4 144.2 136.5 136.8 135.5 141.1 143.3 140.3 148.9 151.1 149.1 144.5 140.7 137.7 144.8 150 151.8 150 142.3 143.3 141.8 143.1 148.6 151.4 157.1 158.8 158.9 161.9 168.9 169.8 168.3 168.6 167.9 165.7
120.6 117.8 112.1 109.4 108.4 105.4 101.6 97.8 95.5 97.6 98 97.5 96.1 94 91.3 93.8 100 107 114.9 122.2 122.9 121.1 126.4 137.6 137.6 136.5 146.4 152.5 151.9 148.8 147 149.3 152.6 151.3 149.3 156.3 149.6 143.3 140 136.1 134.8 138.7 142.7 145.4 142.4 138.1 131 126.5 124.1 126.8 132.2 127 132.7 138.4 139.4 136.7 132.6 129.5 132.2 134.8 141.4 136.8 132.2 129.6 132.5 142.2 143 147.1 152.2 155 156.2 154.8 159.4 164.7 166.7 164.9 164.1 162
121.7 119.2 115.1 109.3 105.7 102.8 99.6 96.7 90.9 94 95.5 96.2 94.3 92.8 90.5 89.9 92 99.5 107.1 112.6 114 116.6 121.2 127.3 127.9 125.8 135.3 140.4 142.5 140.8 138.6 137.9 141.3 143.2 146.4 148.7 146.7 142.3 137.3 134.4 132.5 130 132.1 138 137.3 132.5 125.1 122.8 119 113.8 119.7 114 119.8 125.3 127.2 126.7 122.6 117.9 120.5 126.7 130.9 130.5 129 127.6 128.2 129.1 136.9 141.8 142.8 144.1 149.7 151.6 154.4 156.8 157.1 155.7 156.4 156.2
119 123.5 117.1 105.3 101.2 96.4 93 91.1 88.9 92.3 91.8 91.5 90.3 91.5 91.1 88.1 91.1 94.4 99.4 102.9 105.1 109.1 114.2 118.5 118.3 121.1 121.3 128.3 131.6 132.2 130.4 131.9 135.4 139.1 142.4 144 142.9 140.2 137.1 132 129 126 128.5 133 134.3 131.2 125 119.2 112.9 108.2 103.7 102.4 107.4 109.6 112.3 116.3 116.9 113.8 116 120.5 122.5 123.8 122.4 124.6 127.8 123.2 129.6 136.3 138.5 142.2 146.3 148.3 147.6 146.6 144.7 143.6 145.6 152.6
111.3 110.6 102.7 97.7 93.3 88.3 88.1 86 88.9 90.6 89.8 89.3 88.7 88.6 89.6 86.8 88.4 91.1 94.5 96.3 98.6 99.5 104.3 110.2 112.7 115.3 119.5 119.1 121.5 124.7 124.4 124.3 128.3 131 134.8 137.5 138 137.1 134.8 131.7 128.6 123.8 121.8 127.3 129 126.9 123.7 117.7 111.4 105.8 101.4 95.6 96.9 94.6 98.8 105.6 110.4 106.7 109.9 113.8 113.4 114.2 116.2 115.4 116.6 119.5 124.8 130.7 134.5 137.5 141 142.6 141 136.7 137.1 135.5 141.6 150.7
93.5 94.8 92.2 90 85.9 85 85.4 83.6 84.7 85.5 84.5 85.3 86.5 86 85.1 83.4 83.4 86.5 88.6 90.5 91.8 93.4 96.6 98.3 99.9 99.8 105.5 109.2 112 115.5 118.5 117.7 118.2 119.2 123.5 128.2 130.5 130.6 129.2 126.9 126.6 124.5 121.3 120.2 122.1 120.1 119.7 113.8 107.2 104.2 98.5 94.4 92.2 91.8 90.3 97.2 103.3 101.6 99 109.5 109.8 103.4 102.7 110.1 114.3 115.9 122.2 126.1 129 127.1 132.7 135.3 133.6 131.9 134.8 136.3 138.2 146.6
84.3 85.2 84.5 83.4 83.4 83.4 83.4 83.4 83.4 83.4 83.4 83.4 83.4 83.4 83.4 83.4 83.4 83.4 83.4 85.9 87.7 85.7 85.6 86.2 87 87.9 89.7 94 99.7 104.6 108 110.1 110.6 112.1 111.1 116.8 119.3 120 118.7 120.2 122.5 122.5 121.6 116.6 115 113.2 114.1 108.1 101.9 99.5 96.3 93.7 88.4 83.4 83.4 90.4 99.2 96.9 93.9 103.3 104.3 100.6 97.9 104.9 113.3 112.5 115.7 120.8 129.5 126.1 123.6 125.6 127.9 129 132.2 135.4 139.6 143.7
83.4 83.4 83.4 83.4 83.4 83.4 83.4 83.4 83.4 83.4 83.4 83.4 83.4 83.4 83.4 83.4 83.4 83.4 83.4 83.4 83.4 83.4 83.4 83.4 83.4 83.4 83.4 83.4 83.4 93.7 95 98.2 100.8 101.9 102.5 102.6 104.8 107.7 107.8 108.7 111.4 112.6 112.1 110.4 108.9 106.3 104.9 101 95.1 91.5 91.2 89.3 86 83.4 83.4 83.4 90.2 93.4 92.8 105.7 104.5 101.4 96.1 103.4 110.5 110.2 110.9 113.8 116.9 118.4 117.1 116.8 119.7 121.8 123.4 130.6 137.1 140.4
83.4 83.4 83.4 83.4 83.4 83.4 83.4 83.4 83.4 83.4 83.4 83.4 83.4 83.4 83.4 83.4 83.4 83.4 83.4 83.4 83.4 83.4 83.4 83.4 83.4 83.4 83.4 83.4 83.4 83.4 83.4 83.4 90 93.8 93.4 93.2 92.7 94.6 95.1 93.2 96 98.1 99.2 98.1 98 98.5 97.5 93.8 90.9 84.9 83.5 85 83.4 83.4 83.4 83.4 83.4 89 89.5 97.2 101.8 99.1 94.8 95.3 102.5 105.9 106.6 106.6 105.4 107.6 108.1 108.9 110.3 113.2 119.5 125.2 134.6 137
83.4 83.4 83.4 83.4 83.4 83.4 83.4 83.4 83.4 83.4 83.4 83.4 83.4 83.4 83.4 83.4 83.4 83.4 83.4 83.4 83.4 83.4 83.4 83.4 83.4 83.4 83.4 83.4 83.4 83.4 83.4 83.4 83.4 83.4 83.4 83.4 83.4 83.4 85.1 83.4 84.8 85.9 87.4 89.3 91 91.6 93.5 88 84.5 83.8 83.4 83.4 83.4 83.4 83.4 83.4 83.4 83.4 86.4 88.5 91.8 93.4 94 93 94.4 98.1 98.7 96.7 94.7 95 96 99.8 104.6 111.3 118.2 125.7 132.1 134.9
83.4 83.4 83.4 83.4 83.4 83.4 83.4 83.4 83.4 83.4 83.4 83.4 83.4 83.4 83.4 83.4 83.4 83.4 83.4 83.4 83.4 83.4 83.4 83.4 83.4 83.4 83.4 83.4 83.4 83.4 83.4 83.4 83.4 83.4 83.4 83.4 83.4 83.4 83.4 83.4 83.4 83.4 83.4 83.4 83.4 83.4 83.7 83.4 83.4 83.4 83.4 83.4 83.4 83.4 83.4 83.4 83.4 83.4 83.4 83.4 88.1 92.5 91.2 90.8 90.8 90.6 89.4 84.3 83.4 85.2 86.5 93.2 99.3 106.3 114 121.3 127.9 131.4
83.4 83.4 83.4 83.4 83.4 83.4 83.4 83.4 83.4 83.4 83.4 83.4 83.4 83.4 83.4 83.4 83.4 83.4 83.4 83.4 83.4 83.4 83.4 83.4 83.4 83.4 83.4 83.4 83.4 83.4 83.4 83.4 83.4 83.4 83.4 83.4 83.4 83.4 83.4 83.4 83.4 83.4 83.4 83.4 83.4 83.4 83.4 83.4 83.4 83.4 83.4 83.4 83.4 83.4 83.4 83.4 83.4 83.4 83.4 83.4 83.4 87.1 87.5 83.4 86.3 83.4 83.4 83.4 83.4 83.4 83.4 86.8 94.2 98 103.3 113.5 121 124.8
83.4 83.4 83.4 83.4 83.4 83.4 83.4 83.4 83.4 83.4 83.4 83.4 83.4 83.4 83.4 83.4 83.4 83.4 83.4 83.4 83.4 83.4 83.4 83.4 83.4 83.4 83.4 83.4 83.4 83.4 83.4 83.4 83.4 83.4 83.4 83.4 83.4 83.4 83.4 83.4 83.4 83.4 83.4 83.4 83.4 83.4 83.4 83.4 83.4 83.4 83.4 83.4 83.4 83.4 83.4 83.4 83.4 83.4 83.4 83.4 83.4 83.7 83.4 83.4 83.4 83.4 83.4 83.4 83.4 83.4 83.4 83.4 89.3 93.2 95.9 102.4 112.7 118.4
83.4 83.4 83.4 83.4 83.4 83.4 83.4 83.4 83.4 83.4 83.4 83.4 83.4 83.4 83.4 83.4 83.4 83.4 83.4 83.4 83.4 83.4 83.4 83.4 83.4 83.4 83.4 83.4 83.4 83.4 83.4 83.4 83.4 83.4 83.4 83.4 83.4 83.4 83.4 83.4 83.4 83.4 83.4 83.4 83.4 83.4 83.4 83.4 83.4 83.4 83.4 83.4 83.4 83.4 83.4 83.4 83.4 83.4 83.4 83.4 83.4 83.4 83.4 83.4 83.4 83.4 83.4 83.4 83.4 83.4 83.4 83.4 84.1 87.9 92.9 95.7 103.8 112.2
83.4 83.4 83.4 83.4 83.4 83.4 83.4 83.4 83.4 83.4 83.4 83.4 83.4 83.4 83.4 83.4 83.4 83.4 83.4 83.4 83.4 83.4 83.4 83.4 83.4 83.4 83.4 83.4 83.4 83.4 83.4 83.4 83.4 83.4 83.4 83.4 83.4 83.4 83.4 83.4 83.4 83.4 83.4 83.4 83.4 83.4 83.4 83.4 83.4 83.4 83.4 83.4 83.4 83.4 83.4 83.4 83.4 83.4 83.4 83.4 83.4 83.4 83.4 83.4 83.4 83.4 83.4 83.4 83.4 83.4 83.4 83.4 83.4 84.4 88.9 92.7 96.1 103.4
83.4 83.4 83.4 83.4 83.4 83.4 83.4 83.4 83.4 83.4 83.4 83.4 83.4 83.4 83.4 83.4 83.4 83.4 83.4 83.4 83.4 83.4 83.4 83.4 83.4 83.4 83.4 83.4 83.4 83.4 83.4 83.4 83.4 83.4 83.4 83.4 83.4 83.4 83.4 83.4 83.4 83.4 83.4 83.4 83.4 83.4 83.4 83.4 83.4 83.4 83.6 83.8 83.4 83.4 83.4 83.4 83.4 83.4 83.4 83.4 83.4 83.4 83.4 83.4 83.4 83.4 83.4 83.4 83.4 83.4 83.4 83.4 83.4 83.4 84.7 87.3 87.6 95.7
83.4 83.4 83.4 83.4 83.4 83.4 83.4 83.4 83.4 83.4 83.4 83.4 83.4 83.4 83.4 83.4 83.4 83.4 83.4 83.4 83.4 83.4 83.4 83.4 83.4 83.4 83.4 83.4 83.4 83.4 83.4 83.4 83.4 83.4 83.4 83.4 83.4 83.4 83.4 83.4 83.4 83.4 83.4 83.4 83.4 83.4 83.4 83.4 83.4 83.4 83.4 83.4 83.4 83.4 83.4 83.4 83.4 83.4 83.4 83.4 83.4 83.4 83.4 83.4 83.4 83.4 83.4 83.4 83.4 83.4 83.4 83.4 83.4 83.4 83.4 83.4 86.7 87.2
83.4 83.4 83.4 83.4 83.4 83.4 83.4 83.4 83.4 83.4 83.4 83.4 83.4 83.4 83.4 83.4 83.4 83.4 83.4 83.4 83.4 83.4 83.4 83.4 83.4 83.4 83.4 83.4 83.4 83.4 83.4 83.4 83.4 83.4 83.4 83.4 83.4 83.4 83.4 83.4 83.4 83.4 83.4 83.4 83.4 83.4 83.4 83.4 83.4 83.4 83.4 83.4 83.4 83.4 83.4 83.4 83.4 83.4 83.4 83.4 83.4 83.4 83.4 83.4 83.4 83.4 83.4 83.4 83.4 83.4 84.6 84.8 83.4 83.4 86.2 86.6 90 90.5
83.4 83.4 83.4 83.4 83.4 83.4 83.4 83.4 83.4 83.4 83.4 83.4 83.4 83.4 83.4 83.4 83.4 83.4 83.4 83.4 83.4 83.4 83.4 83.4 83.4 83.4 83.4 83.4 83.4 83.4 83.4 83.4 83.4 83.4 83.4 83.4 83.4 83.4 84.8 83.4 83.4 83.4 83.4 83.4 83.4 83.5 83.4 83.4 83.4 83.4 83.4 83.4 83.4 83.4 83.4 83.4 83.4 83.4 83.4 83.4 83.4 83.4 83.4 83.4 83.4 83.4 83.4 83.4 84.9 85.2 92.7 95.8 86.4 83.4 88.6 87.9 91.1 91.8
83.4 83.4 83.4 83.4 83.4 83.4 83.4 83.4 83.4 83.4 85.3 88.8 90 90.6 86.5 83.4 83.4 83.4 83.4 83.4 83.4 83.4 83.4 83.4 83.4 83.4 83.4 83.4 83.4 83.4 83.4 83.4 83.4 83.4 107.8 107.4 99.8 99.9 98 90.9 83.4 83.4 83.4 83.4 83.4 83.4 83.4 83.4 83.4 83.4 83.4 83.4 83.4 83.4 83.4 83.4 83.4 83.4 83.4 83.4 83.4 83.4 83.4 83.4 83.4 83.4 83.4 88.4 93.5 98.9 109.7 113 106.2 89.2 86.2 86.2 92 92.6
83.4 83.4 83.4 83.4 83.4 83.4 85.2 84.8 86.7 94.3 100.4 105.9 108.4 108.2 104 97.2 91.5 86.6 83.4 83.4 83.4 83.4 83.4 83.4 83.4 83.4 83.4 83.4 83.4 83.4 83.4 83.4 83.4 97.9 113.2 126.4 134.6 115.4 109.8 99.3 85.1 83.4 83.4 83.4 83.4 83.4 83.4 83.4 83.4 83.4 83.4 83.4 83.4 83.4 83.4 83.4 83.4 83.4 83.4 83.4 83.4 83.4 83.4 83.4 83.4 83.4 88.3 104.9 115.1 125.6 132.5 133.6 124.9 106.9 81.5 83.7 92.2 92.1
83.8 83.4 83.6 84.7 86 86.7 92.7 97.3 103.4 109.7 115.3 119.5 121.4 120.3 115.4 108.8 101.6 94.7 93.5 96 97.5 94.8 89.2 83.4 83.4 86.1 86.9 85.3 83.4 83.4 83.4 83.4 85 99.7 111.7 121.2 130.5 123.4 119.6 108.7 93.7 83.4 83.4 83.4 83.4 83.4 83.4 83.4 83.4 83.4 83.4 83.4 83.4 83.4 83.4 83.4 83.4 83.4 83.4 83.4 83.4 83.4 83.4 83.4 83.4 91.7 109.3 124.6 137.6 147 152.5 151.7 142.3 124.1 99.4 78 84.8 91.9
89.6 93.1 94.1 94.2 100.1 104.7 108.2 110.8 113.9 118.2 122.1 125.3 126.5 124.4 119.4 112.7 105.7 98.1 101.3 106.5 110.4 107.6 102.8 98.5 96.6 95.8 94.4 92.2 86.8 85.5 83.4 87.6 92.6 99.6 116 125.4 133.8 133.1 127.5 116.8 104.7 85.8 83.4 83.4 83.4 83.4 83.4 83.4 83.4 83.4 83.4 83.4 83.4 83.4 83.4 83.4 83.4 83.4 83.4 83.4 86.4 88.2 89.7 91.9 101.1 114.3 129.1 143.1 154.9 163.6 167.7 165.6 155.3 136.1 111.2 80.3 76.3 86.4
104.6 108 109.6 112 114.5 116 116.7 116.9 118.2 119.3 121.5 123.6 124.2 122.8 117.7 111 106.1 104.6 106.7 112.2 117.1 114.5 110.3 106 101.6 100.8 100.7 98.8 95.6 90.7 88.6 88.8 91.4 96 108.6 121 129.5 135.3 134.7 122.3 114.5 94.8 85 83.4 83.4 83.4 83.4 83.4 83.4 83.4 83.4 83.4 83.4 83.4 83.4 83.4 83.4 84.3 87.4 93.9 101.6 107.3 109.8 115 122.6 133.2 145.9 157.8 169.2 175.8 177.9 174.5 164.3 143.5 117.6 86.4 74.1 80.3
116.1 118.2 119.9 121.7 122 120.9 119.2 116.7 117.6 117.8 117.5 117 116.9 117.6 113 106.5 113.9 114.9 118.5 122.2 120.9 117 112.7 108.5 104.9 103.2 104.5 104.7 102.4 98.3 94.7 94.1 98 100.5 103.7 112.5 120.6 127.1 132.2 120.8 118.6 102.7 96.1 83.4 83.4 83.4 83.4 83.4 83.4 83.4 83.4 83.4 85 83.4 83.4 83.4 91.9 95.7 99.2 108.1 117.7 124.5 129.1 133 138 146.2 156.4 168.1 178.6 185.1 184.8 179.3 170.4 148.4 120.7 90.1 73 73.2
121 121.7 123.5 124.5 123.5 121 117.6 114.7 113.4 112.3 112.2 109.8 109.4 110.8 108.9 113.7 119.3 122.4 129 129.7 124.6 120.6 114.9 112.9 114.8 110.6 110.1 110.5 111.8 109.4 108.1 107.6 108 105.5 107.3 111.7 119.9 122.6 121.2 119.2 116.3 111.2 105.4 90.8 83.4 83.4 83.4 83.4 83.4 83.4 83.4 84.1 87.1 86 88.1 96.8 103.8 107.5 111.5 121.5 129.9 137.7 143.4 147.1 149.1 153.3 164.6 173.7 184.2 192.3 186.1 180.7 170.1 147.8 120.6 92.7 77 71.6
121.3 122.1 122.8 122.8 120.6 117.2 114.1 111.9 110.9 110.4 110.6 110.8 110.7 110.6 114.8 121.5 126.4 131.1 136.9 138.9 136.8 132.5 127.7 126.6 124 118.8 120.4 120.5 122.6 124 124.5 125.2 123.4 121.2 116.8 117 120.8 126.4 125.8 129.1 124.6 118.2 110.5 99.7 89.4 83.4 83.4 83.4 83.4 83.4 86.1 88.2 89.3 92.6 98.8 108 115.2 118.9 124.1 131.6 140.2 147.8 153.6 157.1 158.3 160.9 169.3 177.2 183.6 186.5 183 179.2 161.9 141.8 117.7 89.8 77.6 73.1
121.8 122.3 122.3 120.7 117 115.6 114.8 112.6 111.2 112.4 115.9 121.4 128.9 128.3 125.6 128.6 131.8 138.3 145.5 148.3 147.2 144.4 141.2 139.1 134.5 126.7 132.6 138.4 141.6 142.1 142.9 141.9 138.5 134.3 124.8 126.3 124.9 130.7 132.5 135.8 133.6 122 117 106.6 97 88.7 84.6 83.4 83.4 83.4 90.7 95.8 96 102.7 108.9 118 125.9 131.2 134.9 143.3 151.9 158.6 161.4 163.8 164.4 163.6 170.5 175.6 179.6 183 181.2 176.1 153.2 134.6 110.9 86.7 76.1 73.2
123.6 122.5 121.6 120.2 117.4 118.1 116.4 114 116.5 119 121.1 131.9 134.8 135.8 136.8 136.1 137.7 144.4 151.8 155.5 154.3 152.2 150.9 147.6 140.7 140.6 145.7 152.8 156.7 159 159.3 157.5 153.2 146.6 136.5 134.6 133.9 136.1 137.8 137.6 128.2 121.2 117.7 109.9 100.6 92.3 88.2 85.1 87.2 95.3 106.8 113.7 116.1 117.5 119 126.8 134.5 141 147.2 155.2 163.1 168.4 170.4 170.8 172 169.1 169.9 171.6 172.3 176.6 176.9 165.9 146.9 128.2 106.1 82 74.2 73.6
125.3 123.9 123.6 121.6 120.1 120.1 121.8 122.5 124.1 121.6 128.9 133.3 136.4 140.3 145 142.2 142.8 146.8 151.9 158.8 158.7 158.4 158 154.9 152 155.1 159.6 164.8 168.8 170.8 171.1 169.1 164.8 158.3 150 146.7 146.9 146.8 146 138.1 124.3 117.8 114.9 108.7 101.5 94.9 91.3 93.7 105.2 115.4 124.9 131.2 132.8 131 131.3 132.9 139.7 146.6 153.6 162.8 171.3 178.2 180.5 179.9 179 173.5 169.5 170.6 168.6 168.5 168.2 159.7 142.6 124.3 104 85.2 79.8 75.1
132.6 129.4 125.6 123.1 120.9 130.9 134.5 132.6 129.6 132.4 142.6 150.5 150 149.5 150.9 150.6 148.8 154 160.6 164.8 166.1 165.7 162.7 162.2 164.4 166.1 169.2 172.3 175.5 177.6 178 176.4 173.1 166.3 156.2 150.7 152.9 151.6 149.9 134.6 122.8 114.3 111.8 109.7 104.8 99.2 101.2 111.7 122.4 132 140.6 147.2 149.2 148 144.5 139.2 142.4 148.3 156.3 167.9 178.4 189.2 188.5 187.6 184.8 176.5 169.6 168.8 166.9 162.2 164.4 151.9 138 122.3 106.1 92.9 85.2 80.7
138.1 133.2 126.8 124.1 126.5 137.4 142.3 145.1 136.6 150.1 167 171.8 170 166.4 160.9 157 157.3 162.8 169.4 174.1 176.2 175.3 170.7 169.2 173.3 175.6 174.7 174.6 178.4 180.7 180.5 178.7 177.1 169.3 158.4 147.8 143.8 137.2 134.6 128 118.3 113.4 112.9 112.7 109.5 107.7 117.3 127.3 136.3 144.2 153.4 161.1 163.9 162.2 155.6 146 146.3 151.5 161.3 174 186.1 190 193.7 193.3 191.9 178.4 168.4 166.8 165.1 158.6 151.7 145.3 133 118.3 106 99.2 93.5 88.2
142.2 135.1 129.9 130.4 133.7 141.4 149.1 153 144.8 153.1 170.9 176 171.3 170 165.4 160.9 159.6 167.7 175.5 180.9 183.6 183 178.7 175.2 179.3 185.6 183.7 185.3 181.6 181.7 180.2 177.5 174.5 169.2 160.4 149.6 141.9 130.7 125.6 121.3 117.1 114.5 115 117 117.9 123.4 131.7 139.4 146.8 154.2 165.5 173.8 177.1 174.5 166.2 153.7 152.2 156.9 169.1 183.2 194.6 197.9 202.3 196.4 196.7 180.9 167.4 164.9 163.7 159.1 150.5 139.7 127.1 113.7 106.3 105.5 103.6 100
144.9 134.1 132.3 133.1 144.1 149.9 151.9 157.9 159 154.3 169.2 172 172.7 177.1 175.4 172.5 168.8 169.5 179.2 184.5 188.5 188.2 183 178.8 183.6 190 195.1 192.6 188.7 192.8 185.9 183 177.1 170.2 163.1 154.2 144.4 133.2 124.9 120.5 118.6 119.4 123.8 130 134.1 136.3 144.6 150.1 156.8 165 177.2 185.8 190 187 176.1 159.7 160.2 165.2 175.8 194.8 204.9 203.9 209.3 201.6 191 180.2 168.8 164.1 160.5 154 144.3 132.1 119.5 112 111.1 110.2 109.3 108.6
144.8 134.6 132.9 137.6 147.7 152.5 159.7 165.9 161.8 156.9 164 171.7 179.8 188.3 186.6 184.4 180.3 175.8 181.3 186.5 192.9 194 188.3 187.6 193.2 197.1 202.3 198.7 191.8 195.8 195.2 194.3 185.8 175.8 168 159 147.1 135.3 124.4 124.3 129.8 133.2 136.6 144.1 148.4 150.6 157 162.5 169.5 178.2 189.4 198.5 201.4 201 185.2 167.3 165.9 174.5 184.2 200.2 209.4 214.1 214.9 201.7 187.8 174.6 164.6 159 153.7 146.4 137 124.9 118.8 120.2 119.2 117.5 117.1 115.6
