public/OST50/NH20.asc
ncols 200
nrows 200
xllcorner 220000
yllcorner 800000
cellsize 50
[rows 35 to 69 of 200, columns 78 to 155 of 200]
593.2 603.2 614.6 630.4 653.4 679.4 705.4 719.7 722.8 722.6 716.2 713.4 705.9 700.6 688.7 676.6 671.2 662.3 659.3 674.2 692.2 701 706 706.2 711.7 710.9 703.1 689.9 682.7 677.2 667.2 657.5 644.1 633.9 623.4 621.6 618.5 612.6 607.7 616.3 621.1 628.4 639.2 646.2 652.4 669.9 684 688.5 692.1 691.6 692.5 694.1 697.8 705.8 704.6 692.7 688.7 683.8 682.2 687.5 683 675.1 664.4 662.2 659 651.4 644.7 638.2 627.8 619.9 615.8 618 613.2 608.3 602.9 597.7 594 588.8
599.1 610.8 623 638.2 663.3 692.7 715.2 727.9 725.3 723.2 721.5 711 712.6 711.5 697.7 691.1 682.9 678.2 678.1 690.4 704.5 713.7 721 728.4 725.3 722.4 717.1 712.6 703.8 695 684.1 672 657.7 643.8 629.2 629.8 623.1 619 618.8 625.7 632.6 638 646.3 654.8 661.6 679 689.3 694.8 695.8 694.3 692.6 695.9 705.8 704.5 694.6 688.6 685.8 686.4 692 689.5 681.8 673.1 669.2 659.4 654.5 650.8 643.3 635.7 630.8 623.9 619.8 619.3 615.2 609.3 605.4 602.2 598.3 594.2
603.4 618.1 629.8 649.5 677.2 699.3 717.8 721.9 717.1 723.1 729.8 727 728.8 723.5 719 705 695.2 692.2 693.9 704.7 712 725.1 735 737.5 735.4 734.9 728.3 719.4 707.7 698.5 690 680.9 665.1 648.1 634.2 634.7 627.5 624.4 627.7 633.2 638.3 644.5 653.8 657 671.4 684.6 696.1 698.1 698.6 697 695.6 697.6 699.5 697.1 694.6 688.8 689.3 697.4 696.7 688.7 683.2 677.3 668.8 660.9 654 646.2 643.3 641.6 635.6 629.5 626.5 622 615.9 610.3 609.1 606.4 604 600.6
610.3 623.7 641.1 661.8 684.4 701.2 712.4 713.7 724.9 737.1 744 743.1 744.3 742.9 731.5 719.5 709.9 702.7 708.9 713.6 722.9 735.2 740.3 741.5 735.2 728.5 717.6 711.2 704.4 697.3 684.9 678.3 668.6 648.4 639 637.3 634.4 632 634.3 634.9 638.6 644.8 653.4 666.7 681 690.3 699.2 703.2 697.1 697.8 699.7 694.8 693.9 695.2 688.2 688.2 692 697.1 694.7 692.1 689.3 682.4 673.5 664.6 657.1 651.3 651.3 647.4 642 637.7 632.9 629.9 624.6 617.7 615.8 611.5 606.4 602.4
616.3 631.4 649.6 667.1 683.8 701.6 710.4 722.4 741.1 746.2 753.2 756.5 757.2 754.1 741.9 731.9 724.1 712.3 722.3 729.1 732.2 735.6 732.3 732.2 727.1 718.6 708.9 699.3 694.1 689.3 682.5 673.9 662 649.2 642.9 640.3 636.8 634.1 634.2 639.1 640.3 643.7 653.4 670.5 684.3 697.9 703.8 696 700.7 699.5 699.5 694.5 693.3 688.2 688.2 688.2 691.4 700.5 699.7 695.5 694.1 687.7 678.8 669.6 665.9 663.3 656.4 653 648.3 643.9 641.1 633.8 628.4 624.1 619.3 614.6 611 605.1
622.6 637.3 655.2 666.6 683.1 696.5 712.6 728 741.7 750.1 760.9 765.5 766.5 765.6 758.6 746.3 735.7 723.3 735.4 739.6 739.3 732.7 730.8 724.2 719 708.3 700.5 692.3 690.7 683.1 672.3 668.1 659.5 647.9 644.6 642.2 638 636.7 637.1 639.5 640.7 648.3 662.6 677.2 689.4 697.7 699.1 690.9 694.9 699.3 694.2 694.5 693.3 693.5 692.4 700.7 708.3 712.8 709.2 704.9 698.3 686.5 679.7 674.3 668.4 658.1 654.4 650.4 645 644.5 644.1 639.7 633.2 630.9 622.6 618.2 611.1 602.3
624 640.4 658.8 672.2 680.1 695.9 711.1 729.4 744.3 757.8 766 775.3 778.1 776.7 771.5 757.3 743.2 734.9 744.3 740.1 735.1 731.4 727.6 718.3 710.9 703.8 697.2 689.4 678.5 675.8 668.3 665.5 655.3 651.4 648.7 646.4 642.4 640.4 641 642.6 648.3 657.5 666.8 678 686.9 690.6 686.6 682.1 688.8 693.6 692 692.4 699.6 696.6 694.4 698.6 705.3 711.1 707.6 700.7 693.1 685.2 677.5 668.7 660.6 649.1 646 646 644.5 642.8 642.2 640 637.4 629 624.1 616.5 607.2 599.2
629.2 646 663.8 674.8 685.4 702.9 716.6 734 748.5 757.1 768.1 777.8 787.3 784.2 777.6 767.9 757.7 747 737.1 730.3 730 727.7 719 706.6 702.2 701.1 693.9 680.4 676 671.6 669 661.5 658 653.2 650.3 650.2 649.9 646 645.5 648.5 657.9 662 667.8 676.9 682.1 685.5 684.8 678.7 687.3 690.2 686 688.1 687.8 686.8 690.1 694.5 702.2 707.6 702.5 698.8 691.7 679.5 666.6 658.2 647.6 637.6 639.7 640.7 639.9 638.6 637.7 634.4 631.8 626.5 619.7 612.9 600 598.5
633.9 649 662.5 678 693.2 703.2 720.2 734.7 742.7 751.2 766.3 773.5 782 782.5 779.3 770.9 762 750.4 740.7 730.3 724.4 721.3 716.9 712.2 707.9 703 695.6 684.1 679.4 678 671.3 667.4 662.8 660.4 662.5 662.1 656.2 652.5 655.6 661.3 662.9 664.8 669.6 672 676.9 678.2 679 673.2 680.7 683 678.8 677.4 677.9 678.7 684.8 691.2 700.8 700 701.2 697.8 684.6 666.8 655 643.6 636.8 631.4 632.5 634 633.5 632.6 631.4 629.1 623.3 620 614.8 606.4 598.7 599.4
636 652.3 669.6 684.3 696.5 707.7 719.8 729.3 740.8 750.2 752.7 765.3 774.2 773.1 776.1 773.6 766.4 752.6 745.3 740.8 728.8 723.1 719 716.3 707.8 703 697.8 691.7 690.2 686 682 680.3 679.4 679 679.5 671.4 660.4 658.6 665.2 665.1 663.4 664 667.3 668 672.6 675.6 672.9 668.9 668 673.3 671.4 669.5 668.2 667.3 676.1 685.1 693.2 693.3 695.6 685.5 668.9 654.1 646.1 636.4 627.3 625 624.7 626.6 625.1 625.8 623.8 617.5 616.6 610.8 603.8 599.4 599.4 597.6
640 654.5 676.8 690.5 703.8 713.8 723.3 729.5 736.8 744.6 750.1 757 761.7 762.1 765 768.4 761.2 749.2 741 738.3 727.5 720.1 715.8 715.8 716.1 714.3 711.8 706.3 702.4 700.6 697.9 696.9 698.5 695.2 685.6 675.9 664 661.4 666 663.3 662.3 663.5 665 666.1 669.1 670.8 665.7 661 659 662.8 662.3 661.8 660.7 660 669.3 681.3 687.8 686.2 681.3 672.1 656.4 644.6 638.6 628.6 621 620.2 617.2 616.4 615.3 616 613.3 605.7 605.7 601.7 597.8 598.6 598 596.3
644.2 657.9 679.7 696 707 717.2 725 727.6 732.8 739 750.2 751.6 751.2 749.6 751.1 758.9 762.9 749.5 738.7 740 741.5 737.6 740.3 739.3 739.5 740.1 735.8 733 725.2 718.7 714.9 714.3 706.8 695.7 686.4 675.7 666.4 664.2 662.6 662.2 662.4 661.7 663.4 663.7 664.1 662 659.7 658.7 653.7 652.1 651.6 655 656.2 655.1 662.9 676.2 675 675.4 667.5 657.6 647.9 633.4 628.4 620 616.6 613.3 606.5 605.3 605.1 605 601.4 597.3 598 594.6 592.6 592.2 593.9 594.6
647.9 663.3 679.8 694.7 708 721.1 722.8 725.7 731.1 733.3 740.5 743.4 748.5 747.2 744.9 752.8 759 753.2 750.2 757.5 762.4 759.6 756.2 750.5 753.8 750.1 746.5 739.2 726.9 720.1 710.2 701 695.2 692.1 684.1 673.2 666.4 665.3 663.6 666.5 663.9 659.1 660.4 660.4 659.7 657.3 656.1 651.5 645.8 645.2 646.1 651.5 649.2 650.2 658.7 667.9 665.8 665 659.5 650.1 641.7 626.6 615.9 614.9 612.8 607.1 599.7 596.4 596.2 597.1 593.5 592.4 592.8 592.4 587.1 587.8 589.4 585.3
649.5 665.6 679.3 696.2 714.3 718.7 720.5 721.5 724.9 729.7 739.1 746.9 746.7 740.9 740.7 745.5 751.3 751 764.3 755.6 753.4 753 755.2 750.9 749.3 746.1 737.8 724.7 713.2 706.5 697.8 690.5 688.3 686.7 682.2 672.4 663.9 664.4 667.9 668.1 660.5 654.6 652.6 654.2 653.9 654.3 650.2 644.3 640 638.5 639 639.2 639.1 641.9 647.6 656.9 655.5 655.3 649.4 643.9 634.1 620.2 609.9 608.7 606 599.3 593.3 592.6 593.7 592.1 586.8 586.2 588.9 584.8 580.8 583.2 581.9 581
654.3 665.3 678.8 696.2 710.8 711 715.3 716.9 723.9 731.7 740.6 743.7 746.6 743.9 740.5 743.3 736.8 739 752.6 749.9 748.7 749.4 746.8 740.4 736.3 731.7 725.8 719.1 713.5 705.2 695 686.2 684.9 684.5 676.9 666.6 662.5 669.4 668.9 664.1 656 652.7 649.1 647.9 645.3 646.6 643.3 638.6 637.4 635.4 635.1 633.4 632.2 630.6 637.1 648.5 647.4 641.8 638.4 633.9 623.2 613.2 602.5 602.6 599.2 593.2 591.1 589.1 587.3 584.4 579.7 581 580.6 579.4 576.7 574.8 574.5 571.4
654.6 665.1 677 692.4 698.6 704.1 712.2 720.4 723.7 733.2 741.3 748.2 740.9 737 736 734.9 728.3 727.9 731 728.2 729.5 731.5 728.6 730.7 727.8 719.4 717.3 714.1 709.5 699.9 687.3 676.8 677.2 674.8 666.7 661.2 658.1 665.8 666.4 660 653.7 648.8 646 640.9 637.7 638.3 636.9 635 633.8 630.9 628.4 629 624 622.9 623.1 633.9 629.7 629 624.4 619.7 611.7 604.6 600.6 597.5 592.9 587.3 585.5 584.4 582.5 577.8 572.6 573 575.2 573.4 568.6 568.2 567.1 563
654.6 663.7 674.1 681.6 696.6 706.4 710.1 714.6 720.4 729.7 737.5 737.7 732.9 733.3 725.2 722.6 720 717.8 714.7 716.6 720.6 718.4 719.5 722.2 715 706.6 708.2 711.8 699.5 690.7 680.5 676.6 672.6 664.1 658 656.2 654.3 655.9 657.1 656 650.9 647 642 637.7 634.8 634.4 633.5 628.4 626.8 624.1 622 620.7 619.9 621.3 621.8 617.7 619.3 613.6 610.7 606.4 601.5 594.1 592.9 590 584.1 578.2 578.3 577.4 575 570.4 567.5 568.4 569.6 566.9 562.7 561.7 557.5 552
650.1 660.1 671.1 682.2 692.1 700.2 702 707.2 718.8 726.6 733.1 732.2 729.2 723.3 716.2 710.9 709.8 711.4 710.7 708.3 712.9 713.2 713 711 704.5 696.9 696.4 695 684.1 679.1 681.6 669.1 661.7 658.2 657.1 654.8 654.3 654.3 653.9 651.8 647.2 643.2 638.6 633.5 634.1 631.5 627 621.3 620.1 621 616.8 614.9 617.7 620.8 620.6 618.6 610.5 603.3 604.4 597.1 590.2 588 584.4 579.6 573.5 574.2 571.1 570.9 566.9 562.5 561.3 562.4 561.5 559.8 556.6 553.6 549.7 544
650.6 657.5 668.1 675.7 682.9 689.9 694.8 701 712.3 725 725.5 725.2 722 718.4 709.8 705.6 705.5 704.5 703.8 701.2 702 704.3 704.8 698.1 696.6 688.1 681.5 681.6 675.1 668.1 664 654 653.2 654.3 657.4 654.3 657 655.9 653.7 647.9 640.7 638.5 632.4 629.8 628.7 623.5 618.8 616.3 616.2 612.6 608.9 612.2 613 615.2 612.1 610.3 603.3 600.9 596.6 589.5 582.1 579.7 575.1 570.3 568.2 567.1 565.9 563.2 559.7 556.2 552.4 554.8 552.4 549.7 547.7 545.1 541.7 536.9
648.8 653.7 663.7 674.3 673.2 677.3 686.6 693.4 701.8 715 721.3 714.7 704.4 702.6 704.3 699.9 698.3 694.3 694.6 694.2 695.3 693.4 689.1 688.5 686.4 677 668.8 667.6 659.5 654.8 653 647.2 649.4 652 653.8 656.2 655.9 654 647.8 640.5 634.1 631.1 625.8 623 619.2 613.7 612.9 609.7 605.7 603.5 602.1 607.1 610.9 608.9 606.5 600.7 595.7 591.4 586.7 581.4 576 571.1 569.3 564.6 563.2 561 559.1 556.4 554.1 549.2 545.9 544.5 543.3 540.5 537.4 538 535.3 529.8
644.7 651.7 662.6 673.2 665.6 665.5 674 679.8 689.9 702 705.8 701.7 695.3 691 694.4 689.1 686.7 682.8 684.4 682.9 683 680.1 676.2 679.8 674.4 665.1 654.8 653.6 649.9 650.2 647.5 645.5 641.4 646.5 650.6 652.6 649.8 647.2 641.1 632.6 630.9 627.7 621.7 613.2 610 605 603.7 603.4 598.8 595.1 599.4 602.1 603.3 601.3 600.3 596 589.1 584.9 580 572.8 568.2 565.2 562.1 559.4 558.5 556 553.9 551.6 548.4 544 540.9 539.1 536.5 534 533.6 531.3 527.7 524.2
649.2 657.9 664.2 663.5 663.5 664.9 670 674.1 684.6 688.9 687.1 680.7 678.4 679 676.7 675.5 673.9 668.6 671.9 672.5 673.5 670.3 667.8 668.1 663.8 651.6 642.2 642.3 638.8 641.8 640.6 641 634.8 640.9 643.6 643.4 642.7 639.7 632.8 626.6 625.5 621.9 613.8 605 599 599.9 595 593 591.1 591.5 590.6 591.2 595.1 595.2 592.7 588.3 582.1 578.2 570.5 565.6 560.7 559.5 556.5 553.5 553.8 552.7 548.4 543.9 541.8 541 535.8 535.1 532.1 528.9 527.6 524.3 521.9 518.7
658.2 666.5 669.7 666.7 664.6 666 667.7 672.1 677.4 678.4 672.7 663.8 660.3 660.7 660 661.7 658.6 655.7 657.5 665.8 668.4 661.2 657.9 653.8 651.8 641.4 630.4 629.4 628.9 630.3 632.5 631.1 626.3 632.1 633.1 632.5 631.6 627.8 622.6 619.8 619.4 613 604.9 596.1 588.2 589.4 584.9 585.8 586.6 583.8 581.9 580.1 583.4 584.6 586.2 580.4 574.2 570.1 564.4 557.9 554.7 553 551.6 552.2 550.5 548 543.7 540.8 538.2 536.1 532.6 532.3 529.7 526 521.3 517.9 514.9 511.4
667.6 683.1 684 678.5 669.9 663.2 663.1 670 675 668.4 655.5 646.7 645.4 645.7 646.8 649.4 647.2 647.2 648.1 656 658.8 649.6 649.5 641.1 637.8 631.7 617.9 617.1 620.8 622.3 621.4 618.2 614.8 621.3 621 619.8 619.7 615.5 612.3 609.3 607.1 603 594 587.4 582.4 575.9 577.3 578 578.4 577.3 574.8 574.6 575.1 575.2 575.2 570.6 565.2 561.7 556.7 552.4 549.8 549.4 549.4 549.7 545.9 542.8 540 536.9 535.6 533 530.4 530.2 526.8 522.6 517.5 511.7 507.9 504.4
671.4 683.6 683.3 677.7 662.3 658.3 656.1 658.3 658.2 652.8 640.9 638.1 632.6 631.2 632.5 631.4 637 638.5 638.8 644.9 645.8 636.8 634.9 626.4 624.1 617.9 608.3 607.8 610.6 609.4 608.1 605.4 604 607.5 608.4 609.3 606.6 604.5 602.1 599.1 596.8 591.5 585.3 582.2 573.9 565.1 570.5 572.2 572.4 571 570.8 568.8 567.3 565.8 564.4 560.4 557.6 553.7 550.5 547.1 547.6 545 544.4 543.6 540.8 538.3 536.3 535.4 532.9 529.6 527.5 526.8 523.9 519.7 512.9 507.8 502.7 500
678.5 677.5 667.2 658.3 648.9 642.5 641.1 642.1 644.5 640.9 630.5 627.4 621.5 620.4 618.8 618.8 626.3 627.4 632.6 633.6 633.1 626.4 621.4 617.2 613 602.7 596.7 596.5 604.2 602.1 596.7 593.8 594.8 595.4 595.6 594.6 595.2 592.1 592.5 588 585.4 580.8 577.6 570.6 564.7 558.3 561.2 568.5 568.3 563.8 562.3 560.5 558.9 557.7 556.4 553.3 550.4 548.4 546.9 543.4 541.6 540.5 540.8 539.4 537.1 535.2 534.3 532.4 529.4 527.3 524.5 523.8 520.8 515 507.5 503.3 498.1 496
664.7 664.1 654.7 648.8 639.7 635.8 631 633.6 635.4 630.8 621 615.9 611.6 609.3 605.6 609.9 613.9 617.6 621.5 623.7 620.4 616.3 613.3 604.8 602 593.1 588.5 587.2 593.4 595.3 588.7 584.2 585.6 586.7 588.5 588.4 585.2 581.9 580.4 580.3 577.7 573.8 569.2 562.3 557 551.7 550.9 557 557.4 556.1 554.9 552.9 548.5 549.9 549.1 548 546.1 542 540.1 538.4 537.9 536.9 538.2 534.5 532.4 531.7 530.8 528.6 527.1 523.9 520.2 519.9 515.5 508.5 503.8 495.7 491.9 488.6
647.4 645 640.9 636.9 632.2 625.6 624.2 628 625.3 618.7 609.8 607.9 601 595 593.9 594.9 598.9 608.2 613.9 616.2 610.7 605.4 601.6 591.8 591.5 583.7 579.9 575.1 579.5 582.5 579.3 576.2 583.6 585.5 582 579.2 574.8 575.5 574.1 571 569 565.2 560.5 556.1 551.4 546 542.4 544.1 546.9 545 545.4 544.1 541 542.1 540.9 543.8 538.4 535.6 535.2 533.2 533.7 533.2 532.8 530.6 528 527.1 527.1 524.9 522.8 519.1 513.2 511.9 508.8 501.9 496.2 491.7 486.2 479.1
631 631.6 628.5 624.5 622.8 617.7 617.9 616.6 612.8 604.2 602.9 598.2 590.2 585.2 581.7 584.1 589.4 600.8 601.6 602.7 601.1 595.1 589 581.8 581.4 576.2 569.4 569.1 569.1 572.4 568.3 569.8 576.8 577.1 569.8 568.5 568.7 568.1 566.5 562.7 559.9 557.5 553.4 548.5 546.3 541 537.8 534.2 535 532.6 534.3 536.3 538.3 537.1 536.8 534.3 530.7 529.9 529.2 528.7 528.9 529.6 528.5 526.6 523.5 523.1 521.6 519.8 517.6 511.6 508.2 504 500.8 497.6 491.3 483.9 477.6 474.3
620.1 622.7 621.9 621 616.8 611.3 610.3 607.4 601.6 593.4 591.7 586.2 582.1 578.2 574.4 576.2 582.4 593.2 594.6 593.3 587.6 585.6 579.1 574.5 571.9 569.5 564.4 560.4 562.2 561.4 561.4 556.2 562.4 559.3 556.7 560.3 559.2 558.2 555.9 553.4 551.1 548.4 547.4 543.1 538.1 534.5 528.5 524.5 524.1 524.1 523.6 528 529.3 528.3 528.5 528.2 523.6 523.8 523.2 523.3 524.3 521.9 521.9 520.4 518.9 516.7 513.6 513 508.7 501.4 499.7 496.1 496.3 490 482.8 477.2 473.7 470
604.7 613.3 618 613.9 611.2 604.8 602 599 591.2 584.8 580.3 577.5 576 571.4 568.6 569.6 574.6 583.2 582.9 581.7 581.5 577.4 571.9 568.8 564.9 560.5 555.7 551.9 551.1 553.5 556.4 547 550.6 548.2 545.5 545.8 547.5 547.6 547 544.8 543.4 539.8 536.2 531.6 530.4 524.3 519.8 515.3 513.3 516.5 516.7 522 524.3 522.9 523.6 519.5 518 517.2 517.3 520.3 517.2 516.1 515.6 514.6 513.7 509.9 506.1 502.3 499.2 493.8 491.2 490.3 484.6 481.8 477.1 473.9 467.9 463.8
594 602.8 609 610.7 608.7 599.9 595.3 591.1 585.7 577.3 572.5 569.9 567.8 565.5 561.3 559.9 566.4 574.8 576.2 578.7 577.9 573.5 567.4 560.4 558.2 552.1 546.9 543.4 539.6 541.6 542.8 538.1 536.5 539.5 538.6 538.2 537.5 537.2 537.4 535.2 532.5 529.5 523.8 519.9 516.5 515.7 512 507.8 509.7 512.3 509.4 513.9 517 514.2 513.2 512.7 511.5 510.1 513 511.9 509.9 508.8 509.7 509.2 504.8 501.5 498.3 494.5 490.3 487 484.4 481.6 476.7 475.1 471.3 466.5 463.6 460.3
585.4 590.6 598.6 607.4 602.1 595.8 591.1 585.7 576.9 571.5 567.4 561.5 560 558.6 553.8 552.5 556.5 562 568 571.4 571.9 566.3 557.7 552.6 548.7 543 538.1 536 532.5 532.9 532.6 531.3 526.8 527 527.9 529.9 531.3 530.4 527.9 526.1 523.2 520.9 516.3 511.9 508.5 506.5 505.6 505.3 504.9 507.3 503.3 507.7 509.8 508.5 506.9 506.5 505.4 501.2 504.9 503.1 502.4 503.1 502.1 499.7 495.2 493.5 489.8 484.6 479.7 478 476.7 472.1 471.1 467 464.2 461.4 458.7 457.4
576.2 583.1 590.3 598.5 592.4 589 583.3 578.7 571.4 565.5 560.6 554.5 552 549.1 547 545.4 547.3 553.4 560.9 563.2 562.7 557.8 550 543.4 539.2 536.5 534.6 528.7 526.3 530.5 528.7 525.3 520.5 521.1 521 519.8 519.9 518 518.3 515.5 516.3 515 509.9 505.7 501.9 501.4 500 500.2 495.1 502.3 496.4 499.2 502.1 501.8 499.4 500.6 497.7 496.7 494.2 495.2 495.5 494.9 492.3 488.9 485.7 483.7 480.6 475.5 472 469 467.2 464.7 463.5 460.3 459.4 458.2 457.7 455.6
569 569.1 578 588.4 587.8 584 574.7 570.3 562.1 558.2 554.7 551.3 548.6 544.7 540.8 538.9 543.2 549.2 549.8 552 553.1 548.6 540.3 534 530.5 532 529.1 522.3 523.3 526.5 522.3 515.3 514.6 516.9 515.5 514.9 512.8 510.3 507.2 505.5 506.6 506.5 502.7 499.7 498.7 494.2 495.4 496.3 492.4 494.6 492.2 491.7 492.3 492 492.6 492 490.8 488.8 486.5 486.5 485.1 482.6 480.6 478.7 476.9 472.9 471.1 465.3 465.1 465.2 464.3 460.6 458.8 458.7 456.1 458.9 456.1 453.4
