public/OST50/NH21.asc
ncols 200
nrows 200
xllcorner 220000
yllcorner 810000
cellsize 50
[rows 35 to 69 of 200, columns 0 to 77 of 200]
629.4 624.2 619.1 614 608.7 604.6 600.1 595.3 586.5 577.8 565.6 554.1 531.3 513.4 501.1 485.1 474.4 466.7 459.3 449.6 439 424.1 434.9 440.3 441.5 446.3 453.9 458.4 452.5 445 437.4 431.8 428.8 430.6 431.9 433.1 432.1 434.5 435.4 432.7 427.5 421.6 411.2 419.9 426.2 433 443.9 456.3 477.2 499.6 522.2 547.9 563.5 573 579.6 589.2 602.7 618.3 631 633.4 653.9 660.7 654.2 647.8 656.3 660.8 665.8 665 663 668.9 672.5 674.2 689.8 695.7 692 700.3 698.1 686.6
630.5 626 620.2 614.3 608.3 602.1 597.4 590.5 582 569.5 554.6 536.1 516.9 503.4 489.7 477 468.2 462 455.7 448.1 434.7 433.7 444 444.9 449.8 456.2 465.4 464.3 456.8 449.3 441.8 433.8 432.8 434.4 436.6 436.6 437.1 438.9 438.2 432.7 427.2 424.3 414.8 421.6 428.1 436 445.2 460.5 480.4 504.1 528.8 552 563.5 576.5 583 594.7 606.1 623 632.8 640.4 660.8 668.8 657.4 658.6 660.6 671.3 674.2 670.9 670.9 673.7 679.2 691.9 698.4 701 688.8 691.6 685.1 676.9
635.5 629.1 621.7 613.9 607.1 600.7 593.5 587.3 572.2 556.7 540.2 525.3 509.4 496.3 483.9 468.4 461.3 456.7 449 443.8 432.2 443.5 447.8 452.5 459 466 470.9 466.2 459 452.4 444.9 438.5 437.4 440.4 441.1 440.8 442.2 443.6 441.2 433.6 427.4 421.2 414.9 423.6 430.9 438.4 450.8 463.9 483.7 508.5 530.5 549.7 561.6 575.4 587.7 598.6 610.3 622.1 630.7 639.6 653.3 661.7 662.9 664.5 674.9 682 682.3 678.5 672.5 676.9 683 688.8 691.8 684.5 679.6 678.7 676.2 674
634.2 629.4 620.3 612.7 604.3 596.3 586.4 573.4 559.4 543.7 530.9 516.3 500.2 490.7 474.9 467.2 456.9 447.4 442.3 435.8 437.8 444.5 454.8 464.3 468.2 471.6 471 465.1 460.8 456.3 448.1 443.1 441.4 443.4 444.1 446.5 447.3 448.9 443 435.4 427 418.7 421.5 427.6 434.3 440.5 450.6 466.2 486.8 512.2 534.6 547.5 561.8 573.1 588.9 598 609.4 623.9 629.9 641 651 659.3 662.4 664.9 675.5 683.8 682.5 681.6 680.7 678.7 680.5 684.6 685.2 682.9 676.4 675.7 674.9 673.8
628.3 622.3 613.3 604.9 596.3 586.4 573.4 559.4 547.1 535.4 522.8 505.8 492.4 479.9 470.7 460.2 448.4 442.5 439.1 436.5 444.9 450.9 463.6 473.8 477 475.8 471.9 466.6 463.8 460.4 454.1 447.9 443.4 444.8 450.7 451.8 450.6 451.6 444.7 436.3 426.9 419.7 423.3 428.3 436.7 442.4 455.1 474.8 492.8 514.8 534.3 550.9 565.1 576.4 588.1 599.5 612.7 623.8 632.6 642.7 650.3 656.3 661.6 663.9 669.8 674 677.4 682.9 682.6 687.3 686.6 689.4 689.5 683.9 677 674.6 674.3 671.6
621.5 612.3 604.6 595.5 587 574.7 560.8 548.3 536.2 525.3 508.6 493 483.5 472.9 462.5 450 443.1 443.6 443.5 446.4 451.3 463.5 473.2 478.7 483.2 483.2 480.3 470.5 470.2 465.2 460.6 456 454.1 450 457.3 456.8 454.8 453.1 445.5 437 428 423 424.8 430.6 437.4 445.3 461 478.2 499.7 518.8 537 554 567.9 579.4 594.2 609.9 619.7 625.9 635.3 644.9 650.7 655.5 658.3 661.2 666.7 673 678.9 682.4 689.1 692.9 693.5 693.2 689.6 682.2 672.3 671.3 671.6 672.9
610.3 604 596.1 586.6 576.8 565 551.2 536.5 523.1 508.8 496.4 487.9 480.2 467.2 457.1 445.8 445.9 447.4 449.9 455.1 463.9 477.7 489.6 490.5 491.5 487.9 481.4 483.4 478.9 472.3 467.6 462.7 459.1 459.3 462.9 462.5 458.9 454.7 446.8 437.1 430.5 425.7 427.5 432.7 439.5 448.6 464.3 484 502.5 520.3 538.7 554.7 568 577.8 593.8 609.9 618.2 623 634.3 645.9 651.3 654.6 656.6 662.4 667.4 674.3 682.7 687 691.4 694.2 690.5 688.1 685.5 676.6 667 671 667.6 664.2
599 593 587.4 583.9 567 553.8 540.8 527.7 516 505.1 492.4 487.2 475.1 462.1 451.6 445.8 449.8 454.1 457.7 465.1 476.7 490.6 500.8 499.5 500 494.9 495.1 492.6 484.7 479 474.2 467.6 464 464.6 466.7 466.7 462.9 457.1 445.4 437.7 431.1 428.8 430.2 437.5 443 455.8 468.8 484.3 504.2 523.1 540.1 556 569.8 581.1 591.4 605 612.5 622.8 635.5 645.8 648.1 651.9 656 662.5 666.5 678.8 683.6 684.9 689.9 693.2 699.3 695.7 689.8 679.8 667.1 659.1 659 654.8
585.7 581.1 574.2 565.6 554.7 541.8 533.8 525.5 514.3 503 490.6 483 468.7 456.4 451.4 449.9 458.3 463.4 469.3 478.3 490.4 502.6 511.3 510.6 506.6 508.9 507.9 499.5 489.4 483.2 478.7 473.5 470.1 468.6 470.8 468.5 464.6 458.8 454.5 442.1 433.3 431.7 432.7 439.7 446.2 460.6 472.7 487.2 507.3 524.1 541.9 557.4 571.7 583.1 592.6 600.6 607.7 620.6 632.6 642.9 647.5 651.3 654.1 662.8 668.4 677.6 680.1 683.7 689.4 700.3 703.2 697.6 688.6 680.4 663.2 653.9 644.2 642.9
572.2 565.4 557.7 550.1 541.5 537.3 529.5 521.7 511.4 496.7 483.7 472.6 461.1 453.1 451.3 460.6 467.6 474.6 483.8 494.2 504.6 516 522.3 519.1 521.8 525.3 518.3 507.3 497 491 486 481.7 475.4 473.8 475 469 466.2 460 450.2 447.4 440.4 434.4 433.7 442.5 451.3 460.1 473.8 491.5 508.9 527.7 546.8 561.6 574.3 585.1 591.4 597.2 606.4 613.9 629.8 639.3 644.4 649.8 651.9 659.5 667.3 671.7 677.5 684.8 692.5 702.1 702.9 691.6 680.8 673 658.7 646.6 639.9 637.8
557.8 549.5 545 536.6 533.2 529.4 524 515.3 503.6 485.6 476.9 466.6 457.8 456.7 465.6 469.9 478.4 489.3 503.1 515.1 521.6 528 532.4 535.7 542.5 541.1 526.8 513.4 506.6 498.5 492.2 482.7 478 478.3 477.2 476.8 468.8 464.2 445.6 435 434.6 434.3 445.6 447.9 452.5 460.7 475.4 495.4 511.8 531.6 547.5 563.9 577.2 585.2 588 594.4 602.8 609.7 622.9 632.4 639 645.1 649.1 657.9 662.8 669.2 677.2 685 686.8 691.9 694 684 675 660.7 649.3 641.9 641.6 637
541.1 534.9 529.9 523.6 524.2 519.4 516.4 508 490.9 479 472 462.4 461.1 470.3 473.3 481 492.7 505.9 518.4 526.9 532.3 537.5 548.4 556.6 556.2 549.7 535.7 527.8 515.9 504.2 500.9 490.3 484.1 482.4 478.9 476.4 472.2 460.3 443.7 433 431.6 433.5 436.8 446.1 452.2 463.6 477.4 495.8 514.7 532.9 549.4 563.4 574.4 580.8 585.7 594.8 601.8 605.4 616.6 625.1 633.2 640.7 646.2 652.1 660.9 667.2 672.8 679.6 679.5 679.9 681.9 678.9 662.2 650.5 645.4 642.6 640.4 635.8
533.1 526.6 517.5 514.9 509.9 511 507.6 497.6 483.5 472.5 465.2 469 474.3 478 486.1 494.8 507.1 519.4 530.1 539.8 543.1 551.5 560.1 569.9 562.6 554.6 545.5 536.9 526 515.6 510.9 500.5 490.8 487.4 482.2 473.4 464.4 453 441.5 430.2 431.9 432.4 435.3 442.7 453.3 466.6 482.5 499.4 519.1 539.5 552.1 563 570.9 576.8 584 592.4 596.9 601.8 610.3 620 628.5 636.3 642.6 651.2 658.3 665.3 668.6 671.3 672.2 670 669.6 665.9 653 643.1 649 641.4 638.3 632.4
530.9 522.3 511.6 506.9 504.4 501.5 498.9 490.5 479.9 467.3 476.5 479.9 484 489.8 497 506.6 520.6 531.9 539.3 547.5 553.6 564 570.9 571.6 565 562.3 557.1 545 535.4 525.2 517.5 505.6 496.2 492 484.7 474.8 459.5 446.4 436.1 432.6 431.2 432.9 435.5 443.6 455 468.7 485.3 503.8 522.9 541.8 555.5 563.9 568.7 575.2 581.4 588.6 593.2 598.4 606.3 617.3 623.5 631.4 641 648.4 655.2 659.7 662.7 664.5 663.7 660.1 655 652.9 643.9 640.5 641.5 640.4 631.3 625.2
529.2 519.6 508.3 501 498.6 500.3 493.6 486 479.5 475.1 484.2 488.5 495.5 501.8 509.3 519.5 531.1 541.4 548.8 556 565.4 575.6 581.5 580.8 576.9 577 565.1 551.9 541.9 531.6 522.9 510.5 501.1 494.8 482.7 467.5 453.9 445.5 435.4 433 431.8 434.2 437.1 445.6 457.4 471.5 488.4 505.4 523.8 537.8 550.6 560.5 566.4 571.8 578.2 585.7 589.7 596 603.2 612.9 621.4 629.4 639.1 645 650.7 653.5 655.6 652.7 649.7 648.1 644.5 637.2 632.9 635.4 639.4 638.1 626.3 618.5
524.1 512.1 503.7 499.1 493.1 491 489.6 483.8 475.7 481.5 490.2 497.4 505.2 513.4 522 532.2 542.4 551.1 557.8 564.7 574.9 585.6 588.8 590.1 585.9 582.4 570.1 556.6 544.6 534.6 527.3 513.7 503.2 494 478.1 464.9 453.4 443.3 434.7 433.2 431.9 434.8 437.8 446.5 459.4 473.7 490.4 506.8 522.4 535.5 548.1 555.7 565.1 569.2 576.1 580.9 587.2 593.2 600.6 609 617.7 624.2 631.8 636.3 639.6 641.9 642.2 641.6 639.5 633.8 632.3 625.7 625.7 631 629.7 625.2 613.4 607.8
516.2 505.2 497.6 494.2 491.4 486.9 481.8 479.8 476.5 487.8 495.3 504.3 512.8 521.6 532.9 544.4 555 562.1 567.9 574.7 583.4 591.6 596.4 595.4 592.2 587.9 571.8 557.9 547 540.3 527 514.1 503.5 490.9 478.9 466.9 453.2 442.9 435.9 433.4 432.2 434.5 438.7 446.5 459.2 475 491.1 505.8 520.1 533.3 544.8 551.9 559.3 566.6 573.7 577.5 581.3 587.9 597 606.4 613.5 617.6 622.9 628.1 633.6 635.8 635 634.6 629.2 624.5 620.4 613.7 619.8 622.4 617.7 609.7 600.7 597.1
509.3 500.1 493.4 487 485.5 484.8 483.5 479 485.3 493.2 500.7 510.2 520.5 530.3 543.1 555.4 565.2 571.8 576 583.4 592.2 598.7 603.5 604.7 598.7 587.6 570.8 559.2 552.5 540.8 526.3 516.9 506.5 495.2 483.6 468.1 451.9 441.1 436.5 433.7 433.7 435.2 439.3 447.1 460.3 475.6 490.3 504.6 516.8 529.2 539.4 547.9 556.5 562.9 569.1 572.9 576 582.8 593.2 601.3 607.5 611.9 616.5 622.7 631.9 629.5 627.7 624.5 620.8 615.2 609.9 607.9 614.3 613.8 607.1 600.6 593.4 587.4
501.7 495.2 488.3 484 482.9 482.5 482.3 484.1 489.8 498 505.5 515 525.9 539.3 552.7 563.2 571.6 577.6 584.9 593 599.8 605.1 609.5 609.7 599.3 584.2 571.8 562.1 553.1 540.3 527.6 518.9 505.7 496.4 484.3 467.1 450.9 440.5 436.7 433.8 433.9 435.4 439.1 448.4 460.3 474.5 488.6 501.8 514.8 526.5 535.9 544.6 551.6 558.8 564.1 568.3 572.4 581.3 590.5 596.6 602.3 607.8 613.9 620.5 623.8 621.7 618.8 616.9 611.8 605.5 603.6 602 604.6 603.3 596.4 587.7 583 579.9
499.1 490.2 485.1 481.8 480.4 480.5 482.2 486.3 493.4 501 508.7 519.1 532.1 545.6 558.5 568 576.2 584 591.7 599.5 606.3 609.8 610.9 607.6 595.8 584.1 572.5 563.6 552.1 541.2 528.1 516.4 505.3 491.7 477.8 462.4 449 440.2 436.1 434 433.8 435.4 439.8 449.6 460.6 473.7 487 498.6 510.4 522.1 530.9 538.7 544.9 551.4 559.9 564.5 569.8 579.2 587.1 592.5 598.6 605.3 610.5 613.3 615.2 614.4 610.4 604.3 598.1 595.7 595.9 593 590.7 587.6 583.9 579.6 578.2 576.1
495.6 490.3 484.8 479.2 477.1 479.7 483.2 488.7 495.2 502.4 510.4 522.1 536.2 550 560.9 570.4 579 587.8 596.6 603.6 608 609.5 607.2 603.3 595 584.4 573.5 563.1 553.1 542.1 528.1 516.9 504.5 490.2 474.3 461.1 449.7 442.8 437.7 434.6 434.2 435.9 440.1 450.1 461.4 473.8 484.7 495.4 506.2 517.5 527.2 534.4 541.1 547.6 552.9 559.2 567.3 575.5 582.3 588.8 595.2 600 601.7 602 602.8 603.1 601.1 593.9 587.8 587.6 588.9 587.2 582 579.8 575.2 579.4 572.8 573.2
494 488 481.9 477.1 475.1 478.5 484.1 489.8 495.8 503.4 511.5 523.8 536 549.2 560.6 571.2 580.8 589.6 597.3 603 606.6 606.1 603.6 599.7 593 582.7 572.1 562.4 552.6 540.1 530.6 515.2 499.8 488.2 471.8 458.2 449.9 444.5 437.5 435.4 434.5 437 439.9 448 459.8 470.6 481.4 491.9 501.8 513.7 523.6 530.4 537.2 543.2 549.1 555.7 563.8 570.7 577.7 583.7 590 593.8 594.9 594.1 592.7 593.2 592.7 586.9 581.7 585 585.6 579.6 573.9 571.1 571.6 572.8 567 570.4
489.6 483.3 478 474.3 475.3 479.5 483.4 488.4 494.4 501.7 510.8 522.9 534.6 545.9 557.4 568.5 577.8 587.4 595.6 600.9 603.4 603.1 600 595.7 588.2 578.7 570.6 561.4 550.3 538.5 526.7 508 492.9 481.6 467.5 455.9 449.2 444 437.3 435.5 434.7 437.2 439.1 449.8 458.8 469.7 480 489.5 498.2 508 517.7 525.7 532.2 538.2 544.4 552.1 560.1 567.7 573.7 579.1 584.7 588.2 588.6 590.1 589.3 590.9 585.8 581.2 577.9 578.9 577.6 570.6 566.5 566.1 567.5 563.2 560.4 560.8
483.4 478.4 475.2 472.5 474.7 478.7 483 487.1 492.7 500.5 509.8 522.6 531.3 541.7 552.9 563.3 573 583.2 590.7 596.5 599.2 598.1 593.1 587.3 580.7 573.5 566.7 557.6 546.7 534.5 516.4 499.9 486 474.3 464.6 454.7 448.5 442.7 437.8 436.4 435 435.8 437 446 459.6 470.9 479.9 487.2 494.1 502.6 510.6 517.6 526.5 532.7 539.6 547.4 555.8 563.3 569.5 575.1 579.5 581.1 582.7 584.3 584.3 581.4 579.2 577.8 574.8 571.3 567.4 561.9 558.2 558.1 558.8 554.4 553.1 557
476.5 474.1 472.3 472.2 475.3 478 481 484.6 490.4 498.9 509.3 519.7 528 536.5 546 557.7 566.8 576.1 583.9 590.6 592.5 590.3 585.5 579.9 574.5 568 560.9 552.2 540.7 524.7 506.9 491.5 479.6 469.7 460.7 455.4 450.2 441.8 437.9 436.4 435 435.2 436.7 446.6 458.7 469.8 477.3 483.2 490.3 497.7 504.9 511.3 521 528.6 535.9 544.5 552.8 559.4 566.1 572.2 575.9 578.6 580.3 580.1 579.6 577.2 577.9 576.6 571.7 564.9 558.4 554 551.9 551.5 550.7 548.3 548.9 547.8
472.8 470.3 469.5 471.1 473.6 475.2 477.8 481.1 488.5 496.1 507.2 515.7 523.7 531.4 541.3 550.8 559.2 568.4 576 581 583.1 582.1 578.3 574.4 569 562.5 554.6 544.8 530.1 516.4 500.3 486 474.9 465.7 458.8 453.8 448.3 441.8 437.9 436.1 435.4 435.4 437 445.9 458.3 465.4 470 474.6 483.2 494.9 500.2 507.9 516.5 525.2 533.4 541.8 549.6 555.7 563.2 570.2 574.6 577.4 580.2 580.4 576.6 575.7 576 574.2 569.7 563.1 554.1 548.8 545.4 545.8 543.6 540.8 540.3 538.9
469.9 468 468 467.9 470.1 470.6 472.6 477.7 486.5 495.7 503.6 510.6 518.2 526.4 535.9 545 552.7 560.7 567.1 571.2 573.9 575.3 573.4 568.4 562.4 556.5 547.8 534.9 521.7 508.3 494.7 481.9 472.1 463.9 457.1 451.6 447.4 442.7 437.5 435.1 435.7 436.5 438 444.7 454.7 461.4 464.6 470.2 480.2 489.5 499.2 505.6 514 523 531.8 539.2 546.7 553.6 561.7 568.8 574.8 577.3 578.7 576.5 572.6 573.1 574.3 573.8 569 560.6 553.7 547.6 544.6 540.3 535.4 535 532.8 530.6
466.8 466.1 465.4 464.3 466.1 467.1 470.6 476.6 485.2 492.1 498.5 505.4 512.9 520.4 529.4 539 545.9 553.1 558.8 562.7 565.9 568.5 567.2 561.6 556.4 550.5 541.9 531.6 517 501.9 488.1 479.4 471.3 463 458.4 452 445.8 442.8 437.8 436.2 436.6 437.7 439.6 447.6 454.9 457.7 462.5 468.6 479.5 486.1 493.3 502.4 510.8 520.5 528.2 536.8 544.4 552.7 560 566.3 571.4 573.5 573 570.7 572.6 575.8 575.4 571.6 566.6 560.9 552.5 548.1 542.9 537.5 533.3 528.7 525 523
462.7 463.6 463.3 461.7 463.4 465.8 468.3 474.5 481.2 487.3 493.4 500.2 507 515.1 523.3 531.8 538.4 544.4 550.7 554.4 558.8 560 559.2 555.6 550.6 543.6 534.8 525.2 511.8 495.7 486.4 476.6 469.2 462 456.4 450.7 445.4 440.1 437.4 436.1 435.9 437.7 439.8 447.9 453.2 459.8 468.4 473.9 477.8 481.3 489.4 498.6 508.8 517.8 526.5 534.4 542.3 549.9 557.2 562.7 565.6 566.7 566 570.1 576.9 578.5 573.1 566.1 562.5 556.8 551.8 544.5 540 534.1 530 526.4 521.8 519.5
461.2 461.5 461 460.7 462.1 463.9 467.5 471.2 476.3 482.3 488.2 494.8 502.3 510.1 518 525.5 531.6 537.8 543.3 547.8 551 552.1 551.7 548.7 542.7 536.3 529 518.2 506.3 493.3 481.7 474.1 467.5 460 453.4 447.7 441.6 436.9 435.6 434.7 436.1 438.1 443.6 448.6 452.8 458.3 465.3 468.8 472.4 477.7 487.3 496.1 505.8 514.7 522.6 530.9 539 546.4 553 558.9 561.4 561.4 564 573.3 579 573.7 567.3 563.7 562.6 558.1 549.4 541.8 535.3 530.3 528 526.2 524.2 522
460.6 459.3 458.9 460.2 461.4 462.8 464.6 468.5 472.6 476.9 482.5 489.1 496.8 504.5 511.9 520.4 526.4 532 536.3 539.9 542.5 545.1 544.3 540.2 534.4 529.3 522.3 511.7 499.7 487.1 478.9 470.9 463.1 456.2 449.4 444.4 439 436.1 434.9 433.4 434.9 437.9 442.6 447.8 452 455.7 458.9 463.3 468 473.8 482.5 492.2 501.5 509.8 518.3 526.8 535.2 542.1 548.1 553 556.6 559.5 564.6 569.5 569.4 567.3 564.8 563.1 561.3 554 548 540.6 532.3 527.9 529 528.3 525.8 518.7
460.8 459.8 458.7 458.3 458.9 460.6 461.5 463.7 467.8 471.9 478.1 484.5 491.6 499.2 507 512.4 519.8 524.9 528.8 532.3 535.7 538.1 536 531.1 525.8 521.9 516 507.1 496.3 483.3 475.1 467.7 459.2 452.3 446.3 442.3 439.5 436 434.8 432.6 434.5 436.9 440.2 445.6 449.3 452.5 455 458.9 463.4 469 479.1 489.6 497.4 505.7 513.5 521.4 529.8 537.4 543.4 548 553.1 557.7 562.9 564.8 564.3 565.4 559.3 555.9 550.8 546.6 542.9 535.8 528.4 528.3 531.7 530.6 521.7 510.8
461.8 460.3 460 459.5 458.2 458.3 460.1 461.8 465.7 467.6 472.9 479.1 487.7 494.1 503 510.1 514 516.8 520.8 524.5 526.1 527.6 525.2 521.2 516.8 513.9 509.9 502.5 491.6 480.6 473.2 464.3 456.3 450.8 447 443 439.2 436.7 435 433.1 431.9 435.1 438.6 443.4 446.3 448.5 451.2 455.6 460.8 465.1 474.9 484.4 492.6 500.4 506.6 514.8 524.9 533.5 540.7 547.6 554.2 555.2 561.2 559 559.2 555.5 551.2 550.8 546.6 541.6 536.9 530.8 526.3 527.7 527.2 522.5 513.9 504.9
462.3 460.9 459.6 458.5 457.3 459.5 461.8 462.4 463.3 464.4 469.7 477.1 483.4 489.6 495.6 501.2 505.6 511 514.1 516.7 517.2 516.9 514.8 511.8 508.5 505.2 502.8 497.3 489.6 479.1 469.4 460.8 453.5 449 445.5 441.8 439.2 436.1 435.6 433.2 429.4 432.6 436.6 440.3 442.5 444.1 447 451.2 456.3 460.9 469.3 480.2 486.9 493.9 499.1 506.5 517.7 528.8 536.9 543.9 545.6 546.9 551.1 552.7 552.3 551.2 550.6 546.9 543.2 537.8 533 527.3 524.5 523 518 513.1 506 497.7
465.2 462.8 461.1 459.5 459.2 456.5 462.1 463.2 464.1 466.4 468.1 473 480.2 486.8 492.1 495.4 499.1 502.4 507.4 508.9 508.4 508.4 507.2 504.8 502.2 497.3 495.4 491.7 485.1 475.9 466.2 458.3 451.1 446.1 443 439.4 437.5 436.1 436.5 435.6 428.8 430.6 434.3 437.3 438.7 440.1 443 447.4 452.3 457.2 465.4 476.6 480.9 486.6 493.5 498 507.8 518.9 527 533.4 538.1 540.9 544.2 546.9 550.1 552 543.6 537.5 535.9 534.1 526.9 523.7 522.2 516.5 510 504.4 497.1 489.6
