public/OST50/NH21.asc
ncols 200
nrows 200
xllcorner 220000
yllcorner 810000
cellsize 50
[rows 70 to 104 of 200, columns 0 to 77 of 200]
467.3 465.5 467.4 462.9 461.9 460 453.2 459.9 462.5 463.1 464.8 470.1 476.8 483.1 486.7 489.4 493 494.3 495.8 500.1 501.1 504.1 502.4 496.2 488.7 488.1 486.5 485.3 480.3 471.1 462.9 455.7 449.5 445 442.3 440 437.1 436.7 437.2 436.1 432.3 428 432.3 433.9 435 436.1 439 442.7 447.5 453.5 459.2 468.2 476.2 481.5 489.7 495 496.6 506.5 514.3 521.4 527.4 532.6 540.3 541.1 545.3 543.1 537.1 532.4 527.6 522.6 519.3 520.4 518.1 511.1 501.6 493.7 485.5 481.2
469.3 468.9 471.1 470.2 465 460.7 457.3 455.1 458 458.5 463.1 467.5 471.5 470.8 476.2 480.9 484.5 486.4 488.8 491.5 494 492 487.4 483.7 480.8 480.8 478.5 475.5 471.5 463.7 458.4 454.1 448.5 444.8 441.3 440 437.9 437.8 437.5 435.7 432.4 426.5 430.4 431.3 431.6 434 436.5 438.9 442.8 448.4 453.9 459.8 466.9 476.7 484.6 491.2 496.4 497.6 491.6 509.1 516.6 523.4 533.1 534.7 535.1 537.4 530.8 523.5 517.9 514.4 515.9 511.5 507.2 498.5 489.6 482.7 479.9 475.2
474.7 475.2 476.7 472.9 466.6 460.2 455.8 449.3 456.8 457.6 460.2 463.3 462.4 464.3 468.5 472.2 475.7 478.5 481.2 482.9 482.7 481.8 480.3 475.6 473.9 470.6 467.6 462.9 460.1 457.6 454.3 450.8 447.6 443.7 440.1 438 437.8 436.7 436.7 434.2 430.3 426.1 427.5 428.3 427.5 431.3 434.3 436.7 439.3 443.3 449.2 454.9 460.8 468.7 476.9 481 485.7 491.6 489.5 497.2 504.5 512.2 519.4 524.1 525.2 524.4 521.3 513.9 508.7 507.6 508.5 501.1 493.4 486.9 480.2 475.1 472.4 465.3
478.6 476.5 474 470.2 466.4 459.3 454 447.1 452.4 454.6 455.5 456.8 455.9 458.9 462.6 466.3 468 470.5 472.5 472.8 474.1 473.8 472.1 471.8 467.2 463.2 459.8 457 449.9 452.1 451.2 450.3 446.2 442.7 440.4 438.4 436.5 435.4 434.8 431.9 428.6 424.9 425.3 424 425.8 429.6 433.3 435.1 436.4 439.8 443.9 450.2 454.7 460.8 467.8 475.1 477.7 480 476.3 485.5 494 499.8 505.5 510.9 514.7 509.6 504.6 501.1 497.7 497.6 494 486.2 482 473.9 468.5 466.8 464 461.5
475.2 472.2 467.8 463.6 461.3 456.2 452.2 445.3 446.2 450.1 448.1 448.1 448.9 453.9 457.3 460.3 460.7 460.7 464.8 465.1 466 466.3 464.8 463.4 461.2 457.9 452.8 447.6 446.7 448 449 449.7 446.4 445.2 443.3 441.8 437.7 434.6 431.1 429.3 426.9 424.7 421.3 421.5 422 426 428.2 433.5 434.2 436 440.4 445.5 451.1 455.3 460.5 465.8 472 475.7 472.2 479.7 485.9 490.2 494.2 498.4 497.2 492.1 490 489 484.4 482.1 477.2 475 471.5 465.8 461.1 458.5 457 454.6
469.8 466.5 463.7 459.8 456.6 454 450.4 445.6 440.4 444.4 442 439.9 444.1 448.9 451.3 452.8 452.3 455.1 457.6 459 461.1 461.6 458.4 455.9 455.7 452.1 445.9 445.6 445 445.2 445.2 445.4 446.4 447 446.7 445 439.6 432.7 429 427 425 424.7 420.4 417.5 415.8 418.5 421.7 426.3 428 431 435 438.9 443.6 448.3 453.7 458.3 462.4 465.9 468.1 473.8 475.3 479 481.5 484.1 483.2 482.3 479.4 478.1 475.5 472.7 470.2 467.2 464.6 460.8 455.7 452.6 452.3 450.3
467 463.4 461.1 457.1 453.4 451.3 448 444.6 441.7 437.3 437.4 436.8 439.3 441.6 443.1 442.7 445.6 449.5 452.8 453.5 453.6 453.4 452.2 450.4 449.8 446.8 445.2 445.1 443 442.4 443 443.1 444.2 446.2 444.9 442.9 438.3 434.1 430 425.9 421.8 422.5 419.2 415.7 416 414.6 416.1 419.4 423.2 427 430.2 432.8 436.3 440.8 444.5 449.4 454.3 455.5 462.8 463 463.7 466.6 471 474.3 473.5 473.5 470.8 470.5 470.9 468.6 463.5 459.6 457.5 452.8 450.1 447 447.2 444.5
466.3 460.5 457.9 453.6 450 447.3 443.8 442 440.4 436.9 433.6 435.2 435.2 436 436.7 438.5 439 444.5 449 448.5 447.6 449.6 448 446.5 445 441.9 444.5 444.3 440.5 440.4 440.9 441.5 441.1 441 439.9 438.2 436.7 434.4 430.4 426.7 420.8 417.6 414.9 412.1 414.9 413.8 412.5 412.6 415.8 419.3 423.3 427.3 430.2 434.5 438.3 442.1 450.4 453 454 453.2 454.6 459.2 466.7 466.4 464.7 463.5 463.2 459 459.6 458.6 455.3 451.8 451.2 449.9 447.1 443.6 438.9 438.6
463.7 458.9 454.4 450.6 447.3 443.4 441.6 439.8 438.3 435.2 432.9 430.1 432.4 432.4 432.6 434 433.7 439.2 444.1 447.6 444.3 443.4 445.2 441 438.7 436.3 439 439.2 437.1 437.5 438.1 438.6 438 437.1 435.8 435.1 433.5 431.7 429.1 425.8 420 416.8 413.8 408.3 407.2 406.8 407.6 410.4 411.9 411.2 415.9 420.1 424.3 429.8 433.6 437.3 441.4 449.6 449.1 449 447.7 451.4 452.4 454.7 454.1 454 455.4 452.5 450.1 448.9 447.6 445.3 445 443.7 440.6 437.4 436.2 434.1
462.2 457 448.7 445.1 442.9 440.9 439.6 436.4 434.6 433.3 431.2 428.7 430.5 430 428.7 427.8 429.5 434.5 438.1 439.4 440.6 439.7 439.1 436.5 434.9 432.5 433.3 433.7 434.5 434.5 435.4 435.1 434.8 433.6 432.9 431.8 430.2 428.6 426.5 424.1 419.2 416.1 413.7 409 407.8 403.8 404.2 408.5 410.9 408.8 411.2 413.7 417.4 422.9 431.4 434.8 436.8 440.8 443.6 443.2 442.2 443.2 443.7 443.5 442.7 441.5 442.1 443 440.7 441.3 442.1 440.2 438.4 437.8 436.6 436.2 435.8 434.6
459.7 452.1 445 441.9 441.3 439.3 437.1 434.3 432.8 432.1 429.7 427.5 428.9 428.9 425.3 424.4 427.8 430.4 432.9 434.3 436.9 434.5 432.9 433 432.4 430.8 430.2 430.7 432.1 432.4 432.8 432 431.2 429.7 429 427.6 426.1 425.2 423.2 420.6 417.3 414.4 410.2 406.7 405.6 403.5 401.7 405.8 402.6 407.1 412.9 412.5 413 416.9 423.5 429 431.7 433.6 438.7 438.6 439.5 440 439.5 440.4 439.7 439.1 439.4 440.4 439.2 437.4 436.2 435.1 434.1 433.7 433.1 432.2 432.4 432.6
454.5 447.5 442.5 439.6 438.5 436.8 432.9 431.9 431.3 430.9 428.6 427 427.2 428 424.9 423.4 425.4 427.5 429.4 431.3 433.8 429.7 429.6 429.9 429.7 428.9 428.4 428.4 429.4 430 429.5 428.6 426.3 425.7 424.9 423.2 421.3 421.3 419.2 417 415.6 411.9 405.9 402.5 400 398.2 400.4 399 404.6 406.2 411.7 414.4 415 417.8 419.2 422.9 428.1 431.2 433.7 434.6 436 436.8 437.8 439.4 441.7 442.8 444.7 444.9 443.9 444.2 436.9 436.9 437 436.4 434.6 433 431.4 430.8
449.3 444.6 441 437.6 434.9 432.6 430.3 430.3 430.2 430.1 428.8 426.7 424.6 425.1 424.5 422.5 422.6 424.6 428 427.3 425.5 424.1 426.6 426 426.3 426.1 425.3 425.7 426.4 426.6 424.6 422.7 421.6 420.2 419.8 418.1 415.9 415 412.7 412.3 411.8 406.6 401.2 399.7 398.6 397.3 399.9 399.7 401.9 406.7 408.9 412 414.3 419.1 422.1 423.2 425.6 428 429.1 432.1 434.8 436.4 438.3 439.3 441.3 441.7 440.1 437.9 437.5 436.5 435.9 435.4 435.9 435.9 434.7 434.7 434.9 432.8
447.2 443.5 439.9 436 432.3 430.8 429.2 428.7 429.3 429 427.9 426.6 424.6 423.2 422.9 422.3 422 422.9 424 423.6 422.2 421.8 422.9 421.9 421.9 422 422 421.8 421.7 420.2 417.9 416.7 415.9 414 413.5 411.6 409.3 408.2 405.8 405.6 402.6 399.4 398.5 398.1 396.9 399 403.5 402.9 405.9 409.9 412.4 414.7 415.9 419.1 423 426.1 429.2 429.4 432.3 433.7 435.2 437.7 440.1 441.6 440.5 440.4 439.7 438.5 437.4 437.5 438.6 439.2 440.5 440.8 439.2 438.2 437.9 437.1
445.5 441.6 438.9 434 430.8 429.4 428.4 427.5 428.6 428.4 427.8 426.4 424.7 423.4 422 421 422.5 421.8 421.3 421.1 419.5 420 420.4 419 418 418.7 417.8 417.3 415.8 413.5 410.8 410.3 409.3 407.7 405.6 405.3 402 399.7 398.2 398.3 395.3 396.9 395.7 397 397.6 399.1 402.1 405.8 408.9 412.7 415.4 418.7 419.9 421.9 422.7 426.3 430.9 430.9 434.5 434.2 434.2 438.3 440.2 442.2 441.7 442.1 441.9 440.9 439.8 441.6 443.3 445.5 446.7 446.2 445.2 442.3 441.6 440.9
441.7 438.4 435.3 432.1 429.4 427.5 427.9 426.8 427.5 427.5 427.3 425.6 424.6 423.5 422.2 421.5 418.4 419 418.1 417.4 417 417.7 417.6 415.9 414.6 414.4 411.9 410.3 409 407.3 405.8 405.9 404.6 402.4 401.3 399.3 397.8 394.6 396.9 397.1 396.6 396.7 397.8 399 401.4 403.1 406.1 409.5 412.9 415.2 418.2 423.1 424.5 424.3 423.5 424.8 428.4 431.1 434.6 434.2 434.2 439.1 441.8 443.8 443.5 442.8 442.8 442.4 442.4 444.4 446.8 450.4 451.4 451.4 450.3 447.9 446.9 446.5
438.7 435.4 432.7 430.4 427.8 425 424.9 425.6 426.4 426.3 425.9 425.2 423.7 423.1 422.2 420.8 419.3 417.9 414 414.5 414.2 412.2 413.3 411 409.6 408.8 406.2 404.6 403.2 403.5 402.9 402.3 400.2 399.3 399.3 397.8 396.9 397.3 398.3 397.9 397.6 397 398.5 400.9 404.1 406.5 409.6 412.3 414.5 416.9 421.4 425.1 427.6 427.8 427.7 427.5 427.4 429.5 433.2 435.4 436.8 439.9 445.5 445.2 443.6 442.8 443.4 444.8 445.7 447.7 450.5 452.1 453.3 454.3 453.3 451.3 450 449.1
435.9 433.8 430.8 427.7 425.7 423.7 422.9 422.4 424.5 424.9 424.9 424.3 422.9 422.3 420.7 418.8 416.8 415.2 411.3 412 409.3 407.6 406.4 405 404.9 403.7 403.4 401.5 400.5 400.8 402 401.7 399.3 398.1 397.6 397 397.7 399 400.8 400.8 399.3 396.2 399.8 403.4 406.9 409.1 411.8 413.8 416.3 418.2 421.4 426 428.9 430 430 430.1 431 430.8 431.2 434.1 437.5 440.6 444.1 443.7 443.9 445.5 447 448.8 449.4 450.5 451.6 452.6 454.7 455.3 454.6 452.3 451.1 451.7
435.2 431.3 427.7 425.3 423.9 422.1 421 420.5 422.6 423.4 423.6 422.4 421.9 420.7 417.7 415.5 414 411.2 408 404.4 404.6 404.6 403.1 402.5 401.7 401.7 401.7 401.7 400.5 398.9 398.6 398.3 398.1 396.7 397.1 398.1 399.8 402.3 404.5 403.4 400.1 394.2 400.1 403.7 407.8 410.5 412.6 415.6 417.3 419.1 420.7 425.3 429.2 430.4 432.5 434.2 435.6 433.8 434.1 434.6 437.4 439.2 441.8 443.8 444.6 447.7 450.4 451.7 451.4 451.1 453.6 456.8 458 457.4 457.8 454.2 452.5 453.2
430.6 426.6 426.2 422.4 421.1 419.9 417.4 419.9 422.5 421.5 420.8 420.1 419.5 416.7 414.3 411.2 407.1 405.8 404.2 403 403 403 402.4 401.2 400.3 399.8 400.2 400.3 400.1 398.2 397.5 397.1 396.9 400.5 397.5 399.5 402.6 405.4 405.4 403.6 401.9 392.8 398.4 403.1 407.7 410.6 413.2 416.1 418.2 419.1 421 423.8 426.8 432.2 435 436.8 437.4 435.8 436.8 438 439.1 439.6 440.5 443 445.7 449.3 452 452.8 452.2 453.1 453.6 453.8 455.9 457.6 457.7 451.6 449.5 454.6
425.6 423.5 422.8 419.9 419.9 418.5 416.3 418 419.9 419.4 417.4 416.6 416.1 411.8 408.9 405.6 404.2 403 401.9 401.7 401.2 401 401.3 399.9 399.8 399.1 399.6 399.5 399.3 398.7 398.2 397.9 399.8 398.7 400.4 402 406.5 407.6 405.3 403 400.9 395.4 395.7 402.2 407.4 410.4 412.8 415.4 417.7 418.9 421.5 423.6 425.7 432.6 435.8 437.4 438 438 439.4 442.5 445.8 445.8 444.8 446.6 448.6 451 452.6 453.2 452.4 452.7 448.9 452.4 452.5 456.2 455.2 447.9 449.9 452.7
423.1 420 419.8 419.3 418 416.9 414.9 415.7 416.6 415.4 414.7 413.4 407.2 405.6 405.2 403.7 403.6 405 403.2 403.4 402.3 399.9 398.3 398.3 398.5 398.1 399.2 399.4 399.1 398.2 399.7 399.9 402.8 403 404.6 406.8 409.1 407.6 405.5 402.9 399.7 395.4 392.6 400 406.1 408.9 412.3 414.4 416.6 419 421.4 422.6 425.2 430.6 434.3 438.8 443.2 444.5 447.6 452.4 454.1 450.7 451.1 454.8 457.4 455.7 455.9 453.6 451 448.9 449 450.4 450.2 449.7 447.2 447.1 447.2 451.3
420.3 418.4 417.9 416.9 415.2 414.3 411.6 411.4 412.1 410.4 409.7 407.9 405.5 406 404.9 404.3 405.3 404.7 405.7 405.7 404.2 403.3 403.3 402.3 400 398.5 398 399.2 398.6 400.6 402.7 405.3 407.5 408.2 410.2 410.4 410.4 407.8 405.7 402.5 399.3 395.7 388.8 396.9 403.2 406 409.4 411.6 414.4 416.5 418.9 422.1 424.9 429.4 436.6 445.3 453.2 452.9 452.2 454.9 456.8 457.9 456.1 460.6 466 464.6 459.5 451.6 448.9 452 449.8 449.2 449.1 448.1 447.5 447.2 446.7 446.9
418.3 416 415.9 414 413.1 410 408 407.4 408.7 409 408.4 406.8 405.9 407.2 406.3 405.8 406.2 404.9 408 407.6 406.8 407.4 407 405.8 404.2 402 401.5 403.8 403.1 404.9 408.2 411.5 413.8 413.2 413.4 412.7 410.6 408.1 406.2 402.9 400.8 397.3 387.1 392.1 397.7 401.9 406 408.4 411.4 413.9 418.2 422.1 425.7 432.2 440.7 451.7 459.1 459.8 461.4 464.2 467.7 468.1 463.1 464 469 467.7 458.3 451.4 451.3 449.5 443.9 447.8 449.9 448.4 451.3 451.1 449.2 446.3
415.2 414.7 410.8 408.8 407.9 406.9 406.6 407.5 408.4 408.3 407.6 406.7 408.5 409 407.9 408.7 410 406.6 407.9 409.5 409.9 410.4 410.1 410.5 410.4 407.3 407.6 408.2 408.8 410.3 413.2 418.2 419.7 417.6 415.2 413.5 411 408.4 406.2 405.5 403.2 398.8 391.7 385.5 391.5 396.8 402.3 405 407.6 412.3 416.9 422.6 428.3 435.5 445.5 454.2 463.3 470 477.3 476.9 478.7 479.2 477.9 471.4 468.3 469.8 460.6 451.1 443.9 443.9 443.9 443.9 449.3 454 459.1 460.2 453.3 441.3
408.7 408.8 406.2 405.1 405.2 405.3 405.8 407.3 408.1 407.7 406.9 406.7 407.6 409.7 410.6 410.9 409.9 407.6 409.7 411.7 413.4 412.8 412.9 413.4 412.8 413 414.2 415.4 413.5 414.8 418.6 423.9 423.5 419.8 416 414 412.4 410 407.7 405.8 404.4 397.9 393.4 385.4 388.2 391.6 396.5 401.1 405.4 411.1 416.7 424 431.3 440.2 449.2 456.8 466.9 474.7 481.4 482.2 484.5 486.2 485.5 477.1 469.9 470.3 460.6 451.1 443.9 443.9 443.9 445.1 458.4 465 466.9 462.2 451.8 437.8
402.1 402.3 402.3 403 403.1 405.9 407.7 408.9 408.7 408 408 409.5 408.7 414.4 412.9 412.4 410.1 409.9 411.3 414.8 415.4 415.8 416.5 416.8 417.9 419.8 420.5 420.5 418.8 420.4 422.3 423.9 425.5 421.3 417.1 414.7 412.7 411.4 409.4 406.6 403.3 399 394.1 386.8 384.1 387.6 392.4 398 403.9 410.1 417.8 425.4 433.3 442.6 451.8 459 467.2 476 483.2 489.5 492.9 495.9 489.3 485.8 475.6 469.9 464.8 455.4 443.9 443.9 443.9 443.9 455.8 462 460.4 454.3 441.3 434.4
401.6 402.6 402.4 403.6 405.4 408.3 409.6 412.1 412.1 411.2 411.1 411.4 413.9 416.2 417.9 418.8 414.7 416.9 417.2 417 418 418.4 419.3 421.1 422.6 423.3 425.3 425.8 422 423.4 423.4 424.1 424.4 421.5 418.8 416.4 413.9 411.1 409.3 405.6 401 398.5 394.6 389 379.5 384 390.3 396.3 403.1 409.8 419 427.9 434.8 444.2 454.1 460.7 467.8 475.9 488.6 496.6 500.1 498.6 493.9 489.8 477.7 472.7 463.9 454.1 447.4 446.8 443.9 444.5 443.9 455.3 447.7 440.6 436.8 433.3
402.6 402.1 402.1 402.7 404.3 408.3 412.5 419.7 420.6 419 420.6 420.1 421.8 423.1 423.3 423.7 425.5 428.6 426.7 423.6 421.4 421.2 423.5 425.3 426 426.7 426.9 425 425.3 425.7 424.8 423.3 421.5 421.9 420.7 418.3 413.3 410.5 409 401.3 399.6 397.9 393.7 387.6 379 381.9 388.9 395 402.1 409.4 419 426.8 434.7 444.5 453.4 460 468.1 477.4 487.8 496.8 499.2 504 499.4 486.6 481.5 477.2 465.7 453.6 453 452 456.8 456.1 450.6 440.1 438.4 434.2 438.8 426.8
405.2 403.1 402.9 403.1 408.6 412.8 418 426.6 431.9 435.5 436 435.1 430.4 432.1 432.4 433.8 436 437 436.1 432.4 429.4 428.3 429.5 429.9 428.8 428 426.8 426.3 427.1 426.2 424.9 421.3 419.1 421 422.2 419.2 412.1 407.8 403.4 399.3 398.4 395.8 389.6 384.9 380 375.2 386.5 393 400.9 408.7 415.1 423.1 430.8 440 448.9 457.3 466.2 474.4 482.3 492.1 496.9 502.7 499.5 495.8 487.4 481.3 467.9 459.1 458.3 461.4 466.7 463.7 454.9 442.8 430.4 429.2 426.2 417.1
406 406.2 406.3 406.4 410 414.5 424.2 432.8 439.8 445.9 450.9 443.3 438.1 440 442 443.6 443.7 443.1 441.5 439.6 438.9 435.7 435.9 433.5 432.9 430.6 429.9 426.4 422.2 420.9 420.4 417.7 416.6 419.2 420.8 417.6 410.5 403.8 399.1 397.2 395.2 392.7 388.1 383.3 379.5 374 384.5 391 398.5 404.5 410.1 418.1 425.8 434.1 443 452.5 461.8 469.5 477.1 486.6 495.6 502.2 504.4 498.7 488.2 482.1 475.2 468.9 467.8 469.1 469.6 465.9 457.2 446.6 434.3 423.9 414.6 407.7
409.7 410.5 410.7 410.2 413.1 421.1 432.1 440.3 444.8 451.2 455.3 455.5 455.2 449.4 451.7 450.8 450.3 449.8 447.6 445.1 444.8 445.2 440.3 437.6 435.8 434.9 433.2 428.4 422.8 419.5 418.2 417.1 416.2 416.9 416.5 413 407.7 401.5 395.3 392.4 390.4 388.4 385.5 381.2 377.4 372 381.3 388.1 394.7 400.5 405.9 412.5 420.3 428.4 437.4 447.1 455 461.7 468.8 478.6 489.6 495.4 494.4 490.9 489.5 489.5 486 480.5 480.1 473.6 467.9 461.7 456.6 448.5 433.9 417.8 404 398.4
409.3 410.2 413.7 415.5 421.2 430.1 439.1 444.3 452.8 463.4 471.6 477.9 470.7 464.1 459.9 457.5 456.6 458 455.9 450.5 450.2 450 445.6 440.3 438.5 438.7 435.9 430.1 424.2 418.8 415.9 414 412.6 411.4 411.8 407.5 402.7 398 391.9 387.6 385.7 383.7 380.7 377.2 373.3 370.3 376.1 382.7 389.7 395.3 401 406.7 414.8 423 431.9 440.3 447.2 453.5 460.8 469.4 475.9 479.3 481.8 485.8 490.2 490.3 489.7 489.6 490.6 481.8 471.4 463.6 454.9 441.8 426.7 410.8 396.9 381.2
408.7 412.9 417.5 427.2 434 439.2 444.6 451 463.3 473.3 482.1 486.8 483.2 482 472.5 467.4 465.7 461.8 458.9 456 450.2 449.5 450.5 445.9 441.2 440.5 436.9 431.3 425.1 418.6 414.5 410.6 408.5 405.8 404.7 400.4 396.2 391.5 386.8 382.3 380.5 379.1 377.2 374.4 371.5 368.3 372.9 377.9 384.7 390.1 394.7 399.6 407.3 415.5 424.3 431.8 439.2 445.8 451.8 458.6 463.9 468.1 474 483 493.5 494.3 489.3 489.5 490 482.6 470.3 459.5 447 432.9 418.6 405.7 388.8 375.7
409 414.7 421.8 432.7 437.1 442.3 447.5 455.2 459.8 467.6 477 485.1 491.1 488.4 480.9 479.8 471.7 466.6 462 460.4 456 451.5 452 449.2 443.5 440.3 434.9 429.2 422.9 415.3 411.2 406.7 403.1 400.3 396.7 396.1 390.7 384.5 379.8 376.6 374.7 373.8 372.9 372 370.3 364.1 370.6 375.4 379.5 384.9 390.2 392.4 399.2 407.7 414.2 421.6 428.2 436.3 442.2 448.6 453.9 459.1 469.4 477.9 485.2 485.8 482.6 482.2 485 476.2 462.7 449.5 435.4 423.2 408.2 393.4 380.3 367.9
