public/OST50/NH22.asc
ncols 200
nrows 200
xllcorner 220000
yllcorner 820000
cellsize 50
[rows 70 to 104 of 200, columns 0 to 77 of 200]
666.6 665.2 660.6 652.8 645.2 638.5 627.7 617.4 599.4 583.3 559.3 552.5 541 525.4 500.2 473.7 458.5 440.9 434.3 428.3 418.7 409.6 407.9 397.7 390.3 383.8 379.3 375.8 370.7 369.8 367.1 370.5 372.4 371.2 367 363.5 362.8 362.6 362.4 362.8 362.4 361.8 363.1 365.8 363.5 361.9 364.9 373.2 378.4 375.2 368.7 359.3 348.1 344.8 345.3 346.2 346.1 347.5 349.1 344.2 340.7 336.2 332.5 330.4 327.9 330 331.7 332.7 333.4 337.4 339.1 337.7 336.2 334.9 330.9 330.5 324.5 314.4
653.3 651.9 649.6 644.6 638.6 632.4 623.1 614.8 593.7 568.7 552.7 551.2 537.9 519.7 490.3 456.6 434.5 421 410.3 404.7 397.8 392.7 387.5 384 378.5 377.5 374.9 372.2 369.1 366.5 365.4 366.9 371 368.2 364.3 360.2 359.7 359 359.2 360.4 360 357.6 359.4 358.8 356.5 355.7 361.4 369.2 367.3 355.4 352.3 349.6 346.6 346.7 348.5 346 343.7 342.1 337.8 342.6 345 343 346.6 350.7 350.2 354.1 353.8 349.7 345.6 345.4 343.1 342 340 335.6 330 326.7 321.3 314.4
642.9 641.1 636.9 634.3 627.1 620.9 611.8 600.7 581.2 557.2 542.6 525.4 510.3 497.8 476 439.1 422.5 406.9 398.9 395.2 390.9 383.9 381.2 380.1 377.1 374.2 373.7 372.4 370.2 365.9 364.8 363.4 361.4 361.2 361.5 363 362.7 361.5 358.3 358.2 358.2 356.7 356 355.4 355.7 355.9 353.8 352.8 354.2 355.6 354.1 352.9 353.6 355 353.4 355 357.2 355.9 357.7 357.7 358.4 356.5 355.7 356.9 358.2 359.2 358.4 356.9 353.6 352.9 349.5 347.3 345.4 339.7 333 326.9 321.4 318.6
625.9 624.1 625.1 619.9 614.5 605.2 593 579.8 567.2 553.4 535.4 517 500.8 482.1 451.9 423.7 405.2 396.2 387.2 383.5 382 377 376.5 375.3 373.4 372 372 371.4 370.9 366.7 364.4 362.7 363.1 364.3 365.1 365.1 363.8 360.6 358.3 358.9 358.2 356.6 357.1 359.9 361.4 360.7 361.5 366.5 370.3 369.7 368.2 371 369.2 371.2 370.2 369.3 368.7 364.9 362.9 361.6 360.4 361.1 364.8 363.4 363.1 365.4 364.5 365.3 363 359.3 355.9 353.6 349 343.8 338.2 334.2 327.8 322.3
604.4 605.9 607.6 606.6 603.3 596.8 586.9 575.9 558.5 551.7 538.1 517 493.9 463.2 429.7 404.6 391 383 379.5 376.7 374.6 373.8 372.6 372 371.2 369 369.3 368.7 369.7 365.8 363.5 360.1 365.9 367.2 365.4 363.8 361.5 363.8 365.1 362.4 362.4 367.1 368.1 370.7 376.5 377 376.6 380.8 385.1 386.9 387.9 388 390.7 388.5 386.6 386.8 386.9 385.7 384.3 382.2 377 376 375.3 369.4 368.1 369.3 372.9 373.6 372.3 365.7 361.5 355 348.4 344.1 340 337.2 333.7 324.8
588 593.4 598.3 598.3 597.8 592.1 582.5 568.2 548 535 519 499.5 474.3 444.5 416.9 388.2 379.1 374.7 373.1 372.5 371.8 370.8 370.6 370.7 370.3 368.8 365.8 366.2 367.1 366.7 363.2 364.9 366.3 365.8 364 362.3 365.5 370.3 370 369.4 372.4 379 386.4 384.2 388.2 390.8 390.4 390.4 393.7 400 404.6 409.7 414 416.7 415.1 412.8 412.8 408.7 405.5 400.1 395.2 393.7 392.7 387.2 381.1 380 378 375.9 371.1 367.1 360.2 354.3 349.8 346.8 344.1 340.7 335.2 327.3
561.3 576 587.3 584.1 586.2 581.4 569.9 555.2 536.9 511.2 489.3 467.3 446.1 421.1 401 382.2 372.8 369.9 369.4 369.1 368.8 369.1 369.3 369.6 369.1 368.2 366.5 365.4 365.1 365.1 367.1 369.2 370 366.9 365.1 367.9 372.4 373.5 374.3 378.7 384.3 391.3 397 398.8 400 398.5 401.2 406.4 409.5 414 420.3 425.4 429.7 436.6 438.1 434.9 430.2 425.4 420.5 416.3 410.7 410.7 407 400.7 393.4 389.2 384.2 376.4 373.7 366.8 357.6 353.2 349.3 347.3 342.9 339.3 334.4 328.7
522.2 538.7 553.2 559 565.6 561.9 552.6 528.6 516.9 484.3 455.1 434.3 420.7 404.5 387.1 376.5 370.4 369.3 368 368 367.9 367.7 368.1 368.4 368.3 367.7 366.6 365 363.3 365.5 367.1 370.9 371.6 371.2 374 377.4 377 380.3 386 392.9 398.9 402 403.3 408.1 412.8 416.4 417.9 422.4 426.1 429.8 434.9 438.5 442.6 446.2 448.3 451.3 452.3 452 448.4 440.8 431.7 425.2 416.8 407 401.1 397.9 394.4 388.2 384 378.1 368 357.6 352.2 346.4 341.7 337.7 332.7 326.7
484.6 494.6 507.6 521.4 527.8 533.4 527.1 506.3 482.6 453.3 430.5 415.5 400.6 387.6 378.8 373.6 371.3 368.7 366.7 367.1 367.2 366.8 367 366.8 366.6 365.6 364.8 365.1 366.2 368.5 370.7 373.6 377 379.4 381.7 382.9 383 389.1 395.6 403 409.3 410.3 413.5 420.9 425.8 430.2 435.7 439.7 448.9 448.5 450.8 456.8 458.4 460.2 461.9 465 465.2 462.9 456.8 445.8 437.3 428.1 418.2 412.4 410.4 409.9 406 403 396.9 391.1 380.2 368.6 357.3 348.8 342.6 336.1 330.6 322.1
453.6 459.9 466.6 477.1 485.6 486.2 486.9 476 454.5 430 414.3 399.8 387.2 378.2 374.7 372.8 370.8 368.3 367.3 366.6 366.6 366.1 365.9 365.9 365.4 365.3 365.9 367.7 370.9 375.2 379.9 387.9 391.5 390.6 385.4 386.2 392.8 401.2 408.3 413.7 420.2 426.9 430.6 435.7 441.1 447 453.8 458.4 461.6 467.2 474.2 479.9 480.5 483.8 482.2 481 480.1 478.5 468.1 451.9 442.2 435.1 429.9 424.5 421.1 419.7 415.9 413.6 405.2 400.6 390.3 374.2 363.2 352.3 343.4 336.8 327.2 316.6
431.5 434.9 438.7 441.8 444.4 451.4 453.3 440.6 431.2 413.5 396.3 388 380.7 375.3 374 371.8 370.2 368.8 368.2 366.7 366.3 366.2 364.5 364.7 365.8 367.3 369.7 375.4 382.7 390 393.7 399.3 400.3 402.7 399.2 400.4 408.3 415.7 421.9 429.1 436 442.1 448 454.7 457.7 460.9 469.5 471.6 477.2 481.6 487.5 496.3 507.6 512.3 513.9 509 501.2 497.1 491.4 478.4 458.6 443.4 439.1 435.7 437.3 436.5 431.6 427.4 419.1 411.6 396.9 387.9 374.5 356.7 343.5 332.4 320.7 309.6
412.4 413.6 415.2 417.7 418.3 422.4 419.3 412.2 408.3 397.6 389.5 381 376.9 374.6 372.8 371.4 370.3 369.4 368.4 366.5 366.4 366.7 366.4 367.8 371.1 373.9 379.1 385.9 394 402.3 411.4 418 423.3 421.5 423 420.6 425.7 431.5 439.4 448.6 455.2 458.1 469.7 479.4 480.8 478.1 480 489 497 498.6 508 516.9 519.7 523.7 534.1 539.8 530.9 514.9 506.8 499.1 480.5 459.5 450.7 444.8 444 441 434.2 425.5 414.4 401.4 383.7 377.1 367.7 350.8 336.5 324.2 314.1 304.7
397.2 397.1 396 397.6 398.6 396.4 395.5 393.5 388.7 383.8 378.2 374.1 372.1 372.1 371.7 371.2 369.8 369.1 368.4 368.7 368 368.5 370.3 374.5 378.6 382.5 390.9 401.9 413.2 425 435.2 442.3 448.5 446.1 449.4 450.1 446.6 453.1 459.1 467.5 475.2 479 484.7 493.6 497.4 495.1 499.3 504.9 510.8 519.6 523.1 527.4 526.7 527.6 525.5 524.7 523.6 511.5 495.8 484.1 477.7 464.9 453.9 448.4 445.3 437 426.5 412.6 397.2 381.4 364.3 355.5 348.6 335.1 320.1 310.1 303.3 295
384.9 386.9 388 390 388.8 388.3 387.3 384.8 384 381.8 378 375.7 370.3 368.4 369.9 369.6 369.7 369.4 369.5 369.8 370.6 373.5 376.5 381 385.9 394.2 409.6 425.3 436.9 450.6 459.7 467.1 481.2 485.1 479.7 473.2 469.3 473.3 476.6 485.1 489.9 492.3 500.3 509 513.3 516.3 515.6 518.2 520.2 529.1 533 535 541.7 542.8 535 524.4 510.4 501.8 489.7 466.6 460.3 455.1 446.1 443.3 436.9 424 412.3 398.9 384.8 369.8 352.8 338.2 327.1 316.9 305 297.3 290.1 282.5
374.7 373.8 371.9 381.6 381.9 374.5 376.1 380.1 381.6 378 375.9 371.9 369.5 366.6 367.8 368.9 369.6 369.2 369.5 370.7 374 375.8 381.3 392.4 402 413.4 427.7 443.4 456.8 474.9 486.1 497.5 521.5 533 529.5 514 499.4 495.2 496.3 502.8 511.2 519.4 525.5 528.1 533.3 534.7 532.4 532 530.2 533.7 545.1 551.7 549.3 541.3 536.3 531.3 522.5 505.1 488.5 471 452.6 439.1 431.6 425.1 419.6 412.2 400.6 388.9 380.8 364.4 342.1 325.9 315.5 306.1 295.2 285.3 275.7 270.2
368.4 367.6 365.9 365.7 365.8 366.4 368.6 370.9 374.6 372.9 370.5 369.9 368.9 366.4 366.9 366.6 367.6 369.2 369.4 372.1 377 384.2 393.4 406.2 416.8 432.9 448.9 468.6 488 504.1 521.9 535.9 553.3 559.4 556.2 548.7 541.1 523.5 528.3 532.2 537.9 542.5 542.6 545.3 546.1 543.7 539.6 532.8 538.9 541.7 542.5 547 546.3 539.3 532.4 525.6 518.8 508.8 491.7 473.7 462 443 428.8 416.8 407.4 398.2 386.5 378 359.8 344.2 332.8 323.5 312.6 304.9 296.5 285.1 274.7 269.3
374.4 365.6 357.1 359.1 358 357.8 360 361.9 366.8 368.1 368.4 368.5 367.3 364.9 366.7 368.1 368 367.4 370.1 376.2 387.8 398.7 407 419.2 433.2 450.7 472.7 496.1 525.5 544.7 558.9 567.4 577.9 581.8 585 579.1 572.6 560.9 557.9 553.4 555.6 554.1 551.3 549.3 548.7 544.1 542.7 550.2 547.7 542 539.3 538.9 537.1 531.7 525.1 517.4 510.8 501.5 490.2 478.5 454.6 432.6 421.5 407.8 393.6 384.4 374.4 362.4 349 337.7 340 331 317.6 306.6 299.4 289.1 279.7 269.7
374.5 372.9 365 360 355.9 355.2 352.2 356.5 359.7 362.7 363.7 362.9 361.3 364.3 366.5 368.8 372.3 375.6 374.2 384.7 396.9 409.3 422.7 436.4 452.7 466.4 493.3 524.2 547.7 564.3 575.5 583.8 589.2 594.8 598.7 593.5 587.9 579.3 571.3 566.6 562.1 556 554.7 551.4 549.6 552.3 550.8 547.5 542.7 538.9 534.5 527.5 521.2 518 514.2 502.3 492.7 481.9 470.8 460.8 448.8 435.6 415.8 395.3 378.9 369.7 360.6 350.1 339.1 331.6 327.4 322.1 314.9 306.9 297.9 290.1 280.5 269.4
373.1 371.7 369.7 360.9 358 355.4 352.8 349.2 350.8 354.7 354.9 357.5 361.1 362 366.7 370.6 376.2 381 380 391.4 405.6 419.1 437.8 457.2 469.9 488.2 512 534.1 553.7 568.7 580.9 585.3 583.7 585.1 593.9 607.1 604.9 605.7 597.8 581.7 570.5 563.8 561.3 560.7 558.3 553.6 545.4 538.2 534 532.9 526.7 517.5 506.6 500.8 493 482.9 474.6 466.6 457.7 449.2 436.3 429.8 418.1 399.8 377 357.2 344.5 335.3 325 318.7 313.5 307.1 300.4 295.6 289.4 284 278.1 268.2
375.2 371 369.2 367.5 364.2 357.4 355.1 352.1 345.2 346.4 351.1 352.3 358.3 359.6 367.9 374.9 377.1 383.1 389.5 399.1 412.6 429.1 449.1 470.7 485.1 506 523.2 532.5 547.3 562.9 571.8 571.8 576.2 594.6 604.4 598.7 605.5 606.3 598.4 587.3 577.5 572.7 564.3 558.6 553.5 547.6 537.8 528.9 525.6 522.2 513 503.5 493.2 480.8 472 460.3 457.3 448.9 439 430.3 425.5 418.8 413.4 397.6 377.6 358.1 340.2 325.7 312.4 306.1 299.9 292.9 286.5 282.5 277 271.5 265.5 261.1
381.7 375.2 370.3 366 363.9 359.7 358.4 360.3 358.5 355.3 342.9 346.9 351.2 356 367.7 373.3 380.4 390.8 401.8 410.6 425.5 443 462.3 474.5 490.8 508.4 518.5 531.1 544.6 554.3 559.6 562 579.1 584.4 588.1 584.7 586.1 590.2 584.9 578.3 569.6 561.6 553.4 547.3 541.9 533.4 523.6 522.7 512.9 503.4 497.5 491.3 483.9 469 454.2 443.7 438.8 430.1 421.1 416 410.1 400.2 388.4 380.4 368.5 353 339.6 326.3 312.3 300.8 291.7 283.8 276.8 269.4 266.5 268.2 270.2 261.8
383.8 380.2 375.8 369.1 366.9 363.1 360.3 361.1 361.4 359.9 342.8 338.9 343.9 353.1 364.1 374.2 383 396.7 409.5 422.3 439.4 459.4 475.6 484.5 493.5 500.7 508.7 520.7 534 545.2 548.9 560.5 566.5 569.4 571.3 569.2 565.6 568.2 570.9 565.5 556.1 546 540 533.2 525.1 517.4 508.2 505.9 502.3 498.6 482 474.9 467.3 458.1 440.4 427.1 422.7 415.5 409.1 400.4 392.3 381.4 373.4 365.1 356.1 344 331.9 320.5 307.6 297.9 292.7 284.6 275 265.6 258.9 256.8 255.2 247.8
390.7 388.1 381.9 373.2 368.7 366.1 362 362.4 363.1 361.5 353.7 335.9 337.6 352.1 361.6 373.9 385.2 401.1 419 437.2 447.7 475.5 488.8 492.4 497.6 498 504.1 512.7 522.7 529.6 539.3 549.3 555.1 557.9 557.2 554 550 545 541.9 545.6 539.1 535.4 526.8 521.2 511.2 500 491.1 487.5 490.9 488.5 468.7 455.3 446.9 436.2 417.8 403.7 395.8 391.1 385.8 380.3 374.3 366.2 361.3 350.6 341 328.7 316 306.6 295.4 286.8 281.7 274.7 266.6 262.5 258.5 254.2 244.6 232.7
393.3 389.2 386.3 377 370.9 368.7 364.8 364 363.4 362.2 355.4 339.2 333.8 348.7 363 377.4 387.4 400.9 418.5 439.5 455.7 474.8 481.1 486.3 490.8 493 497.7 505.6 514 523.4 531.6 538.5 545.2 543.8 537.9 533.2 528.5 528.2 524.1 527.5 525.6 513.7 510.3 505.1 496.7 484.9 474 469.2 470.3 464.2 448.3 435.7 426.7 411.6 402.6 395 384.1 374.2 368.2 363.3 357.2 350.5 345 339.9 327.7 313.9 304.1 295.2 283.8 276.9 268.1 264.2 259.1 258.3 257 250.3 240.5 227.6
398.4 393.2 385.2 379.1 373.1 371.3 367.4 365.2 364.2 361.5 354.4 336.5 331 346.4 361.9 377 386.2 403.4 418.7 435.3 450.4 468.8 475.7 480.5 487.4 491.7 493.9 500.1 505.8 518.3 523.7 526 527.8 527.8 519.8 511.6 506.6 503 502.4 505.8 502.4 499.7 496.3 489.2 479.5 463.6 460.9 451.5 442.2 441.6 438.9 425.9 410.4 395.8 390.8 378.7 370.9 356.7 348.7 344.6 340.4 334.8 328.6 321.4 314.9 305.6 296 286.8 276.1 264.3 255.1 251.5 248.3 251.6 249.7 233.9 225 217.1
402.1 397.6 388.2 378.3 371.9 368.7 367.9 366 364.2 361.1 352.5 341.2 318.7 342.8 361.6 374.3 385.4 403.8 418.1 433 454.3 467.4 472.3 475.5 481.8 486.1 490.5 497.1 503.7 509.4 519.4 526.7 530.8 526.2 516.9 508.8 498.9 493.1 489.2 488 483.1 480.8 475.5 466.8 459.9 451.4 444.7 434.5 433.9 435.9 426.1 409.8 397.7 385.1 372.7 364.2 356.1 346.8 337.6 329.5 327.5 322.3 314.3 308.6 303.6 295.4 286.8 279.9 267.3 255.3 245.3 236.4 235 232.7 230.5 217.1 217.1 217.1
402.7 396.8 388.6 379.3 372.1 366.3 366.6 365.5 363.5 359.3 352.7 342.5 320.6 337.5 357.1 370.7 384.4 402.6 416.7 430.6 456.8 461.5 463.3 469.2 474.6 480.3 486.2 491.3 494.5 504.2 518.8 520.8 521.7 513.2 504.7 497.3 488.7 483 480.4 480.6 474.6 468.8 462.7 457.3 448.1 433.3 430.8 427.2 420.1 414.7 406.5 392.3 381.9 372.2 356.6 346.7 340.6 334.1 326.6 316.4 310.8 304.8 299.5 297 292.9 285.9 279.8 273.6 260.4 248.9 239.4 231.4 217.3 217.1 217.1 217.1 217.1 217.1
403.3 396.2 388.9 380 372.4 365.7 365.6 365.4 363.3 359.6 351.3 342.1 318.7 335.8 354.1 369.9 384.4 401.5 413.7 430.3 446.7 452.1 456.4 463.5 467.4 477.6 483.2 484.2 485.3 494.2 500.4 503.4 500.1 493 488.7 483.1 475.3 467.8 466.5 467.8 465.7 463.7 454.6 446.5 437.9 429.7 423.2 416.5 409.9 399.5 386.6 379.3 369.6 356.8 345.6 333.6 327.5 318.8 310 303.7 297.6 289 287 285.1 280.8 275.6 269.6 262.7 249.2 235.6 218 217.1 217.1 217.1 217.1 217.1 217.1 217.1
405 396.6 391.9 384.1 372.1 365.1 362.6 364.3 362.2 352.2 347.1 338.3 318.4 333.2 351.7 362.8 381 396.3 409 427.2 435.4 442.3 447.4 452.6 459.9 466.8 470.8 474.6 479.4 484.6 487.8 486.3 480.8 476.7 472.3 466.2 460.8 454.2 452.6 455.6 457.3 454.4 448.7 443.7 440.8 434.1 417.4 401.6 391.4 381.8 367.8 363.1 358 348 334.9 322.9 313.9 305.4 298.8 292.7 284.1 275.3 270.9 269.5 266.3 260.8 252.9 245.1 230.2 217.1 217.1 217.1 217.1 217.1 220.7 217.1 217.1 217.1
405.4 394.8 389.9 383.4 374.3 365.1 360.8 360.4 358.5 355.7 347.6 335.3 309.4 330.7 347.2 357.8 374.2 389 403.2 415.6 423.5 432.1 436.5 441.4 447.4 456.1 463 472.1 479.5 481.1 480.6 477.2 467.4 457.7 452.2 449.3 448.3 440.9 440.6 444 443.8 442.3 441.1 431.7 430.3 424.6 407.7 390.2 372.5 362.1 351.1 346.7 341.6 334.4 321.5 309.1 298.6 291.6 285.4 279 269.8 258.2 252.1 248.9 240.6 232.2 225.7 217.1 217.1 217.1 217.1 221.5 235.3 230.6 217.1 217.1 217.1 217.1
407.3 397.4 387.5 378.3 370 363.3 357.2 356.2 355.4 350.7 343.2 331 307.2 326.4 341 353.9 367.6 381 394.1 402.4 410.5 419.6 424.7 430.2 438.7 446.3 460.1 466.1 473.4 473.2 470.7 464.8 450.9 443.9 443.2 438.8 440.4 428 423.7 424 421.7 424.5 423.7 410 399.8 393 376.7 361.1 347.5 339.2 327.9 322.2 316.8 309.7 303.2 298.1 293.6 286.6 281.8 275.7 264.2 256.5 244.1 229.6 217.1 217.1 217.1 217.1 217.1 217.1 217.1 217.1 220.6 217.1 217.1 217.1 217.1 217.1
403 393.7 385.5 378 370.8 363.1 358 352.2 348.6 344.2 335.1 324.4 311.7 323.3 336.3 350.5 362.2 373.8 387.3 394.7 400.7 408.3 411.9 420 427.2 436.3 441.3 445.3 449.2 449.8 449 443.2 434.8 424.7 426.2 429.4 425.9 412 407.6 405 400.3 395.6 391.3 378.8 371.6 359.6 345.6 331.2 320.2 313.5 307.1 303.9 301.4 300 296.6 292.1 286.7 280.2 274.3 265.1 251.9 241.6 231.4 222.7 217.1 217.1 217.1 217.1 217.1 217.1 217.1 217.1 217.1 217.1 217.1 217.1 217.1 217.1
400.3 394.7 382.8 376.6 371.9 364.7 360.9 352.7 347.7 336.6 332.6 326.6 309.4 320.5 332 343.9 355.9 368.3 381.8 387.6 394.6 392.3 398.1 407.4 414.7 425.2 429.9 431.3 431 425.6 423.9 421.8 415 404.2 404.4 406.7 401.7 396.6 388.4 385.8 381.4 374.6 365.2 360.8 352.2 340.7 329.6 320.1 309.5 302.9 297.4 293.7 291.5 287.6 286.3 280.5 274.8 267.8 260 251.4 239.2 229.1 225.6 218.6 217.1 217.1 217.1 217.1 217.1 217.1 217.1 217.1 217.1 217.1 217.1 217.1 217.1 217.1
400.8 391.3 382.2 376.8 373.3 369.2 359.1 352.8 343.9 336.6 327.7 323.8 310.7 313 327.9 339.2 349.3 360.2 370.2 372.4 379.2 383 385.4 390.9 398.5 411.2 411.8 408.8 410.5 404.2 403.1 400 392.7 381.8 380.2 378.6 378.2 376.5 368.9 365.5 359.7 358.5 354.7 350.6 338.9 328.6 318.9 310.9 300 290 286.2 284.4 278.4 276.2 275.6 270.6 264.7 257.4 246 238.4 231 228.3 226.5 217.1 217.1 217.1 217.1 217.1 217.1 217.1 217.1 217.1 217.1 217.1 217.1 217.1 217.1 217.1
395.7 387.7 378.8 372.5 371.5 364.7 356.4 348.5 344 331.5 322.5 316.2 310.3 306.8 325 335.3 346.9 353.8 360.5 366.2 369.5 371.4 370.3 375 380.7 389.9 391.4 389.5 393.1 386.1 379.6 376.3 363.2 355.5 356 356 354.4 351.3 348.5 345.3 342.8 340.9 336.5 334.6 325.3 315 306.2 298.4 284.2 273.2 271.7 270.9 268.2 265.8 263.9 259.7 251.6 242.4 241.4 238.6 228.4 217.1 217.1 217.1 217.1 217.1 217.1 217.1 217.1 217.1 217.1 217.1 217.1 217.1 217.1 217.1 217.1 217.1
