public/OST50/NH22.asc
ncols 200
nrows 200
xllcorner 220000
yllcorner 820000
cellsize 50
[rows 0 to 34 of 200, columns 0 to 77 of 200]
506.8 515.5 530.2 541.4 552.4 562.7 566.1 571.7 581.2 592.3 594.8 589.2 582.3 569.1 553 533.4 527.4 530.5 527 512.4 499.2 485.1 480.6 477.9 470.8 459.8 449.9 437 424.3 413.6 407 403 397.4 390.4 393.7 394.5 396.9 405.8 418.2 433.9 451.7 470.9 483.3 490.2 497.5 514.6 531.1 541.5 555.7 570.6 589.9 605.1 619.1 626.8 629.8 622 608.8 588.9 571.2 552.2 536.4 526.6 516.8 505.7 501.7 498.6 505.2 517.4 529.8 543.8 561.2 578.1 595.3 614 631.6 645.8 655.5 657.7
528.7 535.3 540.9 550.9 561.2 569.9 574.7 586.3 597.7 605 610.3 609.2 604.6 611.9 593.5 558.1 547 539.9 530.2 523.6 519.6 511.9 507.5 500.9 489.2 470.4 456.2 437.9 426.2 418 414.8 411.3 405.7 400.4 403.8 406.1 408.9 415.5 428.7 446.5 468 482.5 495 512.3 521.3 535.6 548.7 560.2 571.4 584 601 618.1 625.5 632 631.5 624 611.2 596.8 580.1 565.8 544.9 534 522.5 510.6 504.4 506 513.7 522.3 535.8 548.4 565.8 584.6 597.8 615.1 632.8 645.3 656.8 660.7
551.3 557.5 561.9 563.4 568.5 576.5 586.5 600.4 611.2 615.8 625.3 637.6 648.5 636.5 617.8 601.9 576.8 567.4 554.8 553.8 554.7 549.6 537.3 521.8 504.2 480 461.9 449.6 437.3 425.3 420.1 413.4 408.9 408.9 411.7 415.2 419.9 429.7 444 466.2 486.1 501.5 516 530.5 546.6 559.9 574.1 583.8 593.5 605.1 615 623.1 623.2 618.9 617.5 610.3 600.4 593.3 583.8 569.1 549.2 539.3 527.3 516.3 512.3 511.3 519.9 529.9 544 556.4 572.6 591.2 600 611.9 628.8 642.6 653.6 658.5
562.1 568.3 575.4 574.1 576.9 587.7 599.6 612.3 621.2 628.2 639.4 653.2 660.5 662.9 646.4 620.4 604.2 592.3 587.4 586.8 580.9 564 539.1 517.3 504.2 488.7 473.9 460.5 448.7 436 427.5 419.5 417.4 419.4 420.4 423.6 431.3 443.3 461.6 483.8 509.4 525.1 538.3 553.1 569.4 582.4 593 601.2 613.1 624.9 632.8 636.3 634.5 626.8 625.6 614.9 599.2 592.9 583.9 569.3 559.6 547.2 533.3 520.7 519.9 518.2 522.1 533.6 547.3 562 574.9 584.9 594 605.1 618.9 633.6 648.4 662.6
575.1 579.1 579.7 585.8 592.9 599.4 607 619.7 630.7 641.1 657.1 671.8 682.6 689.2 680.6 651.4 638.2 630.7 629.5 620.6 604.5 579.3 553.3 524.7 500.9 485.4 471.3 459.4 450.7 441 433.1 431.1 427 430.7 434 438 443 455.6 474.2 497.8 522.3 541.2 553.5 568.9 584.3 596.1 607.5 619.7 633.2 647.3 656.2 655.9 649.9 638.1 631.7 627.1 616.7 606.3 591 573.7 562.3 553.6 539.4 528.4 522.6 525.7 526.3 534.3 548.4 560.6 572.3 579.2 588.2 596 609 622.8 638.2 657.2
585.7 591.1 596.7 603.3 609.9 613.3 620.4 630.4 640 651.3 667 682.2 695.3 702.8 707.3 697.8 683.9 670.9 653 627.5 599.3 578.9 554.6 527.4 507.8 489 473.6 463.4 453 444.4 435.8 438.2 436.6 440.2 442.4 446.8 453.6 466.2 486.3 512 534.2 552.1 565.4 583.4 597.4 609.3 625.1 642.6 653.5 662.3 673.1 672.7 665.4 652.3 636.5 624.6 623 612.9 602.8 585.6 568.5 553.5 541.3 533.8 526.3 531.6 534 538.7 547.9 558.4 567.8 574.8 582.6 590.7 600.1 615.1 630.6 647.2
601.3 610.4 617.3 621.7 623 625.5 631.4 638.5 646.7 658 673.2 689.5 706.7 718.3 723.5 718.5 711.2 691.4 663.8 628.4 588.7 563.7 543.3 526 508.6 489.9 475.4 465.8 457.8 448.2 449.1 445.9 444.5 446.9 449.4 454.9 463 479.7 501.8 524.5 546.1 562.6 578.4 596.2 609.7 625.2 647 657.6 666.4 672.8 682.6 684 675.8 655.8 645.3 630.3 619.3 616.6 606.6 592.4 577.8 562.2 547.4 540.9 537 536.2 541.6 542.9 548.9 556.1 563.6 570.6 577.5 585 594.1 607.5 621.2 635
617.8 625.8 630.4 631.5 633.2 635.7 639.9 646.3 651.4 663.6 680.6 699.1 715.8 729.5 737 734.8 729.5 717 680.7 628.1 584.5 551 531.3 517.2 505.4 488.4 474.7 465.3 454.9 455.2 452.7 451.6 452.6 455.3 458 466.2 476.3 493.4 517.7 540.5 559.5 572.1 586.7 605.8 623.5 642.8 660 672.1 678.5 680 687.5 685.3 681.1 667.6 648.6 638.9 625.5 615.6 606.2 590.9 575.1 562.9 552.6 547.2 544.6 539.6 545.5 549.1 552.7 560.1 567.5 571.7 576.7 582.2 591.9 602.4 614.9 625.3
635.7 640.3 641.7 642.7 643.4 646.5 650.9 653.4 658 672.6 688.2 703.3 722.2 734 741.8 742.3 737.2 723.1 687 626.3 586.4 563.3 526.3 511.7 499.9 485.6 473.7 466.8 463.1 462.2 459.3 456.6 460.2 463.2 469.6 480.5 491.9 509.2 532.9 553.1 567.8 579.7 596.4 616 639 658.9 675.7 687.4 695.7 699.8 690.5 687.2 687.4 673.3 654.4 640.9 622.7 609.8 599.8 586 573.1 564.9 557.8 550.5 548.5 544.3 550.1 556.3 561.8 568.9 577 580.2 583.2 587.3 593.7 604.6 618.4 626
649.7 652.3 650.4 652.1 655.8 656.9 656.6 661 667.8 682.7 697.9 709.9 721 728 724.6 719.2 708.1 698.2 676.9 631.5 595.3 572.5 526.9 506.3 496 488.2 477.5 476.8 471.2 468 465.9 466 469.7 473.4 481.4 493.2 507.5 525.8 547.8 563.8 577.6 591.7 609.5 627.7 649.6 672.8 689.2 702.7 711.7 715.6 710.2 704.4 686.7 668.2 659.3 645.9 629.2 610.5 596 586.5 576.2 566.6 559.9 554.6 551.3 553 557.6 566.4 573 579.5 587.8 590.8 594.7 597.2 601.1 608.8 621.5 631.8
663.9 665.4 662.5 663.9 665 664.5 667 674.7 683 695 702.6 706.9 709.1 708.9 702.1 687.9 675.6 663.5 647.4 625 599.5 571.9 545.3 518.4 506.5 493.6 486.2 485.9 481.6 478.6 479.2 478.9 482.8 486 493.9 506.2 521.9 541.3 558.7 573.3 589.4 607.3 623.6 640.2 660.4 681.9 698.5 711.7 719 718.9 714.3 706.2 683.4 663 652.1 640.9 629.2 610.6 599.8 591.8 580.8 566.5 558.1 559.2 562 564.5 570.3 579 585.8 590.9 598.2 603.5 608 610.7 611.9 616.6 627.1 636.3
675.9 674.8 673.4 677.7 675.5 675.9 683.4 690.5 698.1 706 708.2 705.1 696.6 678.4 668.2 657.9 641.5 631.5 623.7 609.1 589.9 559.7 544.1 520.9 507.3 501.6 498.2 493.5 487.7 492.2 491.6 493.8 497.6 499.1 507.8 520.2 537.5 555.3 570.4 585.2 602.5 618.6 635.4 651.3 670.7 689.5 706.1 716.1 724.4 723.2 713.8 701.6 680.7 662.1 651.5 642.7 628.8 614.2 600.4 596 586.2 572.7 565.8 570.3 576.3 577.6 586.3 594.2 601.2 606.6 613.1 616.8 622.5 626.1 627.2 627 634.3 643.7
685.5 684.6 686.2 686.2 689 692.7 700.2 706.1 709.2 714.8 716.5 714.5 705.4 677 640.1 624.9 615.5 607.5 593.2 579.9 562.7 546.5 532.3 520.3 510.3 508.7 505.7 500.2 500.1 502.5 505.1 508 511.3 512.9 521.5 534.8 551.5 568.2 583.9 598.9 615 630.8 647.4 661.8 680.6 698.5 710.6 719.8 725.4 721.5 711.3 696.6 678.1 654.4 645.5 638.2 629.7 617.5 605.4 598 591 582.7 575.8 584.6 592.6 599.6 605.9 610.1 617.1 623.2 626.9 631.8 638.2 640.1 639.2 638.3 643.9 654.2
696.6 701 698.6 702 707 711.5 716.4 717.7 719.9 724.5 725.4 723.5 713.1 674.1 630.9 602.6 589.8 579.6 570.3 557.6 547.1 538 528.2 524.3 523.1 518.5 515.1 511.7 511.9 515.2 517.5 519.5 523.2 528.8 536 548.2 563.2 580.4 595.4 609.8 625.4 642.4 658.1 673.2 689.4 702.4 711.6 718 718.1 712.9 701.5 688.9 674.8 654.7 646.4 633.1 626.2 618.6 610.8 603.1 596.5 586.8 591.6 601.1 609.3 615.6 620.7 625.3 631.9 640.5 643 640.4 648.2 652.6 651.8 651.6 656 664.5
706.4 709.7 714.2 718.3 725.4 729.7 731.1 730.1 731.8 730.7 726.2 720.8 702.2 653.3 607.1 581.8 569.8 562.1 555.6 547.9 541.5 532.7 527.8 528 529.7 528.9 523.6 521.8 524.2 525.8 530.6 533 537.1 542.7 550.7 561.8 577.6 592.1 607.6 622 636.1 650.9 666.4 682.4 698 711 719.7 717.8 711.2 702.2 690.4 676.4 667.7 653.9 646.9 633.9 629.9 622.3 615.1 608.5 601.2 599.6 606.4 616.4 622.9 629.5 635.2 640.1 646.4 652.2 656.8 654.5 658.9 665.6 666.7 664.9 667.9 675.8
716.2 724 731 737 742.3 744.1 743.2 739.8 736.1 736.2 715.6 700.2 659.2 611.6 584.3 569.6 558.5 552.2 546.3 540 538.6 530.8 529 528.2 529.5 531.4 533.5 536.1 538.4 540.4 544.8 548.1 550.4 555.5 564.1 576 591.9 605.4 619.9 634.3 645.2 658.7 674.8 690.6 707.2 719 726.2 722.7 710.2 697.7 683.9 673.8 663.7 651 640.5 631.9 628.3 624.2 619.6 613 610.8 615.3 623 630 638.5 646 651.1 655.6 658.9 664.9 669.4 669.6 671.1 677.3 679.4 677.7 681.4 687.8
729.9 740.4 748.1 753.8 756.5 756.7 757.1 755.6 747.6 733.5 698.9 669 623.4 598.2 582.8 562.5 550 545.8 540.3 536.3 537.5 532.5 537.3 533.4 536.1 539.1 537.7 539.7 543.7 548.5 554 561.2 563.3 568.7 576.8 590.6 605.3 618.8 631.6 644 655.9 670.1 685.7 700.2 712.6 724.6 727.6 723 716.2 698.8 684 676.6 666.5 656.6 648.5 640.8 634.3 630.9 626.4 622 625.2 630.5 636.8 646 652.5 658.5 663.6 667.5 672.3 678.4 684.7 686 687.2 689.2 689.8 688.7 693.6 701.3
750.1 758 765.9 770.8 773.3 774 773.6 770.6 754.3 726.9 687.8 650.4 615.9 595.5 579.4 556.3 543.6 538.5 536.3 538.4 539.7 539.9 544.2 542.3 545.6 548 551 554.4 556.9 558.2 561.5 567 574.1 581 590.4 602.3 617.8 630.7 641.5 652.1 666.1 681.2 694.1 707 716.7 723.2 722.4 714.8 708.4 696.8 692.6 678.9 670.2 664.5 655.9 648.9 642.7 641 633.2 630.6 636.1 643 650.8 658.6 664 670.3 676.1 681.4 686.8 692.5 698.2 701.2 701.1 701 700 701.1 707.8 715.2
767.4 774.7 780.3 784.8 788.8 790.5 788.4 783.2 744.7 709 676.7 647.7 605.8 597.3 577.1 553.4 545.7 537.8 537 539.5 542.1 549 549.4 553.3 558.6 562.4 565.9 566.4 569.5 572.5 577.8 580.2 584 593.6 602.9 613.7 628.7 641 651.9 663.5 677.6 691 703.9 717.2 724.7 726.2 719.1 716.8 707.5 700.7 694.7 681.1 673.6 668.1 664 660.3 652.9 648.3 641.3 643 649.2 655.8 662.8 670.7 678 684.2 690 696.6 701 705.8 711.7 715 714.6 715.8 713.8 714.3 719.7 726.3
784.1 790.2 794.4 798.3 801.9 802.7 799.4 787.5 727.5 696.5 663.6 636.7 606.1 597.1 564.5 550 544.3 541.5 539.1 542.7 546 556 564.6 567.1 571.5 575.1 577.1 578.7 582.4 585.8 590.2 592.4 596 605.3 613.8 624.9 637.7 649.2 661.5 673.1 686.3 699 711.8 721.1 727.8 727.4 728.5 728.4 721.6 717.7 708.3 695.3 691.1 685 673.7 667.9 664 659.1 647.2 656.6 662.5 667.7 674.1 682.1 689.5 695.1 700.6 707.1 712.6 715.7 721.1 727.6 726 725.1 722.2 723.5 728.7 734.8
799.8 805.8 810.5 812.4 812.4 811.1 805.6 780.2 720.8 688.3 654.9 631.9 609 600.2 566 553.1 549.2 547.1 548.5 553.3 561.1 568.8 574.8 580.4 586.3 590.5 590 591.1 593.3 598 602.1 606.6 610 617.6 625.6 636.9 648.4 659.5 672.6 683.2 695.5 708.3 722.6 734 741.9 746.2 746.8 745.4 741.8 732.9 723.7 711 707.3 697.8 690.4 682.5 675.7 669.4 666.6 670.8 675.8 680.9 685.9 691.9 698.5 706.3 712.8 715.3 716.8 719.5 725.5 732.6 731.9 729.7 728 727.8 732.8 736.7
824.6 826.9 824.8 824.7 823.1 819.9 812.2 781.8 735.4 694.2 656 637.1 613.3 591 568.7 559.7 559.4 561.8 560.6 567.5 577.4 586.5 592.2 596.6 599.8 601.4 602.6 603.3 605.9 609.7 612.5 619.2 626.1 634.6 643.7 652.2 662 673.6 683.3 693 703.6 716.7 732 745.2 753.1 757.6 760.8 758 753.5 747.8 742.7 731.2 725 720 714.7 704.6 692.4 684.2 681 685.8 689.7 693.9 697.2 702.7 708.9 715.9 720 720.2 719.8 719.5 725.7 732.5 733.3 729.7 730.7 727.7 730.2 733.5
850.1 846.1 842.7 838.5 834 827.4 814.4 786.6 741.8 689.8 660.7 645 629.3 606.9 579.5 573.1 575.2 578.3 580.4 585 594.8 602 605.9 610.6 612.4 611.5 612.2 616.3 618.5 619.3 624.1 633.6 641.4 653.5 659.4 666.4 675.5 685 694.1 702.7 713 725.8 740.4 754.5 766.7 769.4 773.6 773.2 772.9 769.1 761.9 741.6 739.1 735.1 731.4 716.9 705.2 696 697.3 703 706.1 706.7 709.3 712.2 717.1 722.1 724.3 720.7 716.1 718.3 724.6 731.5 728.9 726.5 724.8 722.8 725.6 729.9
874.6 866.2 859.2 852.7 845.1 836 817.9 781.7 738.3 698.4 673.3 651 631.2 622.8 593.9 584.6 586.3 590.4 594.3 604.7 610.6 614.6 618.5 619.9 621.9 622.4 625 625.7 626.3 630 639.5 646.7 655.9 662.2 672 681.1 690.5 700.5 707.5 714.6 724.5 734.2 748.1 763.4 776.2 786.4 790.8 790.6 790.9 782.7 772.9 756.8 755.2 752.9 746.5 733 721.9 716.5 716.5 719.8 722.3 725.9 723.3 721.5 724.3 727.7 726.4 721.7 715.8 714.6 719.9 726 722.5 717.2 719.1 721.7 721.4 727.2
893.4 882.8 872.1 863.1 852.5 837.3 811.9 776.3 754.7 714.3 672.7 649.3 636.2 617.1 601.7 598.3 598.8 603.1 609.1 621.6 623.4 626.1 628.5 631.6 634.2 634.5 636.2 639.5 645.3 651 658 666 673.8 681 689.3 696.3 704.8 712.9 720.3 729.1 737.2 745.1 757.3 771.9 785.5 796.3 802.7 799.6 796.8 791.2 778.9 775 771.4 768.9 761.8 748.5 735.7 734.8 734 735.1 735.6 732 727.6 726.8 728.8 729.8 726.3 720.1 715.9 712.9 714.1 717.9 714.5 708.8 710.2 713.7 717.9 719.3
909.6 899.1 885.8 871.4 857.6 830.4 792.4 764.4 746.4 717.9 681.7 646.7 640.2 628.6 614 612 611.2 616.7 625.8 634.9 634.7 637.5 638.9 641.8 643.9 646.3 650.7 652.3 661 670.5 678.4 685.9 692.9 699.7 707 713.8 719.8 725.8 734.1 741.9 749.9 757.4 766.3 780.3 793.4 806.4 812.4 812.6 807.4 801.9 794.1 793.4 785.2 778.2 768.6 760.4 752.6 750.1 748 746.7 745.4 741.5 736.6 740.2 742.9 735.8 726.7 719.7 714.8 710.4 709.2 708.4 704.5 700.9 700.2 703.9 707.5 710.8
920.7 908.2 891.4 872.5 840.3 815.2 785.4 751.2 718.5 689.6 670.2 639.5 631.1 623.3 624.5 623.6 625.7 634 642 644.6 646.9 647.5 649 650.8 654.7 658.3 664 673.8 682.6 691.5 699.4 706.8 711.2 718.6 724.7 729.5 734.1 738.4 745.5 752.9 761 768.9 777.4 789.5 804.2 818 828.7 829.9 824 819.3 817.8 814.6 810.5 803.4 786.6 773.3 768.4 767.6 768.8 766.5 764.4 763.3 760.9 758.2 754.4 745.4 732 722.1 712.8 707.3 703.6 700.2 696.5 693.8 693.7 696 700.2 701.6
926.6 912 883.8 853.8 825 798.1 769.1 738.8 704.3 669.2 650.6 637.1 631.4 629.7 632.3 637.9 644 651.4 653.5 655 656.6 657.1 659.5 664.8 668.4 673.8 682.6 692.4 702.1 710 717 722.5 728.8 734.9 740.2 746.2 750.4 752.2 758 765.7 774.6 781.9 791.2 802 813 827.2 834.5 840.5 840.6 834.9 832.9 828.1 824.2 820.5 813.8 796.7 792.5 794.9 792.8 791.4 788.5 784.4 778.2 771.5 764.8 748.9 736.3 724.2 713.9 707.1 702.2 695.9 691.2 689.4 686.7 686.8 691.8 694.1
925.3 891.9 862.3 835.9 801.7 772.9 734.6 708.4 688.5 672.3 656.6 638.2 632.8 634.4 647.6 653.8 658.4 662.3 661.5 663.2 664.2 664.9 667.5 671.7 676.5 683.8 697.8 710.6 719.7 725.2 731.3 738.7 745 751.1 756.5 760.6 764.3 767.4 770.7 777.9 786.1 794.1 802.4 810.9 821.6 835 847.9 852.9 853.7 851.9 845.3 837.7 834.2 831.5 829.1 826.1 820 815.6 811.5 808.3 803 796.2 788.7 777.2 766 752.3 737.5 725 714.8 706.6 699.8 692.5 686.5 683.8 681.8 679.6 683.7 685.4
919.9 885.3 849.5 818 784.6 755 723.1 695.6 685.3 664 643.6 638.9 637.9 644.7 656.4 666.7 670.4 669.7 669.4 668.1 669.4 672.6 678.4 682.2 687.9 700.7 718.7 730.1 736.1 739.7 747 754 760.1 764.9 768.9 773.2 778 782.2 785.3 789.5 797 805 812.7 820 832.1 845.4 858.8 865.1 868.1 863.8 855.8 846 841.1 838.3 835.1 833.6 833.4 831.4 828.3 823 817.3 808.6 795 782.5 765.1 748.9 736.5 722.6 713.2 705.3 697.4 689.1 681.5 680.3 678.5 676.2 674.5 675
910.5 873.9 845.5 813.2 782.7 749.6 720.1 695.2 691.7 669.4 648.7 642.7 647.1 655.8 665.3 676.7 679.2 677.1 677.2 675.9 677.8 684.5 692.9 694.5 706.8 723.3 736.8 745.6 749 753.2 759.4 767.3 774.3 779.1 784.2 789 793.6 796.4 799.1 803.4 808.5 816.7 825.5 835 846.9 858.7 866.4 872.7 876.2 871.4 864.4 856.4 853.3 842.1 838.2 839.4 837 834.1 829.8 823.9 816.7 806.2 793.7 779.8 764.9 751.5 740.6 728 716.5 706.2 698.1 686.9 678.5 674.5 673.1 671.5 668.2 667.6
904.1 872.7 848.6 822.9 786.7 754 728.9 709.3 692.3 677.8 659.2 658.6 665.9 675.9 679.9 685.9 687.5 686.4 686.8 686.1 691.8 699.6 704.7 709.6 723.2 737.2 749.3 757 762.1 767.5 773 781 787.5 793.8 799 803.4 810 814 816.9 820.2 825.1 832.2 842.4 853.6 861.2 868.1 872.4 876.2 872.8 866.4 857.9 849.3 843.3 837.3 836.1 834.6 830.1 826 821.6 817 811.3 801.7 789.2 775.8 763.2 751.6 742.8 732.3 721.4 709.2 696.1 685.1 675.3 669.3 665.3 662.3 661 658.9
906 872.9 850.2 826.1 793.9 769.2 742.6 723.5 702.9 685.8 678.4 682.2 688 690.4 694.6 697.9 699.9 699.6 697.5 696.6 701.9 707 712.9 719.7 733.9 747.5 757.1 765.9 774.8 781 786.4 793.8 801.6 808.4 817.7 824.4 830.7 835.6 839.8 842.8 847.2 853.6 859.6 865.3 869.7 872.6 872 869.9 864.3 854.3 845.3 839.3 832.9 830.9 829.3 826.4 823.2 819.2 815.3 810.4 803.7 793 779.8 772.3 765.3 752.8 739.9 730 719.2 706.5 695 682.3 672.2 663.9 658 655.1 653.2 650.3
906.2 873.9 850.2 828.3 801.1 778.9 749.1 732.6 718.1 699.9 699.4 703.8 701.3 706.5 710.3 711.9 712.1 712.3 709.4 705.7 711.3 718.8 723.4 729.8 743.2 755.1 766.9 776.4 786.6 794.8 801.9 810 819.5 827 836.9 844.5 850.6 854.1 856.8 860 863.7 867.1 870.3 873.9 874.8 871.4 868.8 862.9 853.6 845 840.5 837.7 833.5 830.6 827.7 821.6 816.1 812.2 807.7 802.1 792.4 784.4 777.2 770.1 761 752 742.7 729.2 714.7 701.4 689.5 679.9 668.1 660.5 653.8 649.6 648 645
913 882.3 856.2 830.4 804.5 779.8 754.1 736.9 721.3 721.4 723.8 718.8 719.8 725.7 727.2 727 726.5 726.9 725.9 720.9 719.6 728.4 733.9 741.3 756 770.3 779.9 787.6 795.7 805.2 815.3 825.3 836 845.7 855.1 863.3 869.6 872 875.2 876.9 877.1 877.6 877.2 875.2 871 865.8 857.5 848.1 843.4 840.5 838 834 829.6 825.1 820.2 815 811 806.1 799 789.6 782.1 776.3 770.5 765.9 762 754.7 741.3 724.3 709 698.7 686.7 675.3 663.5 654.7 649.6 646.2 641.7 639
