public/OST50/NH25.asc
ncols 200
nrows 200
xllcorner 220000
yllcorner 850000
cellsize 50
[rows 0 to 34 of 200, columns 0 to 77 of 200]
137 132.1 129 125.6 121.9 122.1 123.6 122.5 122.8 122.9 123.5 123.3 123.8 123.7 125.8 126.8 125.2 125.2 126.3 126.6 126.7 126.1 125.4 125 126.2 129.4 128.9 130.4 131.4 129.5 133.9 134.1 135 137 141.2 144.8 146.8 148 147.7 149.1 149.3 147.7 146 145.9 147.4 145 145.8 147.8 150 153.3 153 152.6 152.4 152 151 150.2 148.3 146.7 146.1 144.6 143.7 144.2 145.1 144.9 143.1 141.9 141.9 141.1 139.3 139.7 139.4 142.6 145.1 144.5 143.3 137.8 136.4 137.4
133.6 129.2 125.4 122.5 121.8 123.7 125.6 124.7 125.1 125.2 125.4 125.7 125.9 125.1 126.6 126.8 126.6 126.6 127.3 127.2 127.5 128.3 128.4 129.6 130 136.2 134.2 135.4 135.2 137.8 139.3 140.2 141.3 144 147.9 151.7 154.3 155.3 154.6 155.3 153.7 151.3 149.7 149 148.8 150.1 151.9 153.3 154.2 156.5 155.9 155.4 154.8 153.5 152 150.7 149.9 149.3 148.6 147.1 146.4 146.4 146.5 146.3 145.8 145.1 144.4 143 140.4 141.2 144 147.6 146.5 143.7 141.8 140 139 140.8
129.7 126.8 122.7 122.3 125.2 125.8 126.9 126.8 127.5 128 128.4 128.5 128 127.2 128.7 128.5 127.8 129.1 129.1 128.9 129.3 131.9 132.1 132.5 134.8 139.1 138 139 138.3 143.3 142.8 147.4 148.2 150.9 154.5 158.3 161.8 162.8 160.9 158.3 155.7 153.6 152.3 153.3 154.4 155.6 156.9 157.9 158.8 159.4 158.5 157.5 156.4 154.9 153.4 152.2 151.8 152 151 150.1 149.2 149 148.9 148.8 148.3 147.9 147.2 146 144.9 146.7 148.3 148.8 146.9 144.1 142.6 142.5 141.4 142.4
128.2 123.6 122.8 126 127.3 128 128.5 128.6 129.3 130.3 130.7 130.6 130.3 129.1 131.2 130.8 131.1 132.8 132.3 131.3 133.9 136.4 133.8 135 141.2 146.2 147.2 144.4 143.9 146.2 149.3 154.5 156 158.4 161.8 165.4 169 167.7 164 160.6 157.7 156.6 157.7 158.6 159.7 160.8 161.9 162.8 163.1 162 161 160.1 158.6 156.8 155.5 153.8 153.7 154.4 154.3 153.4 152.1 150.8 150.6 151 150.1 149.6 148.5 147.2 149.8 150.4 151.3 150.1 147.5 146 145.3 143.5 144.4 149.2
126.6 120.3 126.2 128.3 129.4 130.2 130.5 132.3 132.8 132.7 132.5 134.1 131.3 131.5 132.5 132.6 135 135.6 134.7 137.1 141.6 141.8 141.2 142.4 153.2 153.2 151.1 147.5 148 150.8 157.9 160.8 163.8 166.1 169.1 172.3 172.5 169.7 166.4 163.1 160.4 162.1 162.8 163.3 164.3 165.8 167 167 166.5 165.5 164.2 163.6 162.2 161.6 158.6 156.9 157.5 157.7 157.5 156 154.5 153.1 152.7 153.2 152.3 151.5 150.5 149.7 152.3 153 152.8 151 148.4 146.2 143.5 146.1 148 152.1
121.1 125.4 129.2 129.9 131.3 132.6 133.4 134.7 135.7 134.9 133.3 131.3 131.9 134.6 136.1 136.8 138.5 138.7 138.6 145.3 145.3 145.7 146.1 148.3 156.4 157 151 149.1 150.5 160.6 163.6 166.5 170.5 172.1 174.3 174.6 172.7 170.1 167.8 165 165.7 166.6 167.4 167.9 168.9 170 170.3 170.4 169.8 168.8 168.3 167.1 164.1 161.6 160.6 159.8 160.3 160.1 159 158.6 157.2 156.8 155.8 155.5 155 154.3 153.4 154.1 154.1 153.5 152.1 150 148.3 147.5 147.2 148.4 151 156
125.3 128.5 131.7 133.3 136.2 136.3 135.7 138.5 137.8 136.7 134.6 133.8 135.9 137.3 138.2 140.1 140.8 142 145.4 148.6 147.8 149.9 152 154.1 157.2 153.7 152.3 151.6 163.4 167.8 168.5 172.1 174.9 176.3 177 175.4 173.3 171.3 169.9 168.8 169.9 170.6 171.2 172.1 172.7 173.4 173.3 173.4 172.4 171.3 170.6 167.3 165.2 162.8 162.2 162.2 161.9 161.7 161.5 161.4 161.2 160.8 160.1 158.8 159.3 158.5 157.2 156.2 152.8 152.8 151.5 150.1 149.4 149.3 149.6 151.4 153.5 156.9
129.5 132 135.1 137.8 138.6 139.4 140.1 139.8 139 137.4 133.7 137.9 138.4 139.6 142.2 143.8 145 147.2 150 150.2 152.5 156.9 158.3 161.1 158.2 156 159.2 164.9 170.2 172.7 174.5 177.4 179.4 180 178.4 176.7 174.9 174 172.7 173.3 174 174.6 175.2 175.8 176.3 176.6 176.4 176.1 175 173.8 170.3 168 165.7 165.8 165.4 165.3 165.1 165.1 164.8 165 164.8 164.6 164.3 165 164.3 163.9 161.6 158.4 155.5 153.9 152.3 151.2 150.6 151.2 155.2 157.8 153.6 163.4
133 136.6 139.7 141.4 142 144 143.4 141.2 138.9 137.5 139.7 142.7 141.3 144.7 146.3 148.6 148.9 153.4 152.7 156.4 164.1 164.9 162.6 162.1 158.7 162.1 168 172 174.7 177.2 179.8 181.7 184.2 182.7 180.3 178.6 177.8 177 176.9 177.3 177.8 178.3 178.9 179.5 179.8 179.4 179.1 178.4 177.3 176.2 171.8 169.6 167.9 169.1 169.3 169.5 169.5 169.4 169.1 168.5 168.4 168.5 168.7 171 172.4 168.7 164.2 160.3 157.1 155.1 153.3 153.4 156.9 154.6 157 156.3 158.5 164.6
138.5 142.1 144.3 144.3 146.5 147.6 145.1 142.6 139.3 136.7 145.8 143.3 144.4 148 149.1 150.5 152.1 155.1 157 165.1 170.1 167.4 164.9 160.1 165.7 169.3 174.5 176.2 179.2 181.9 184.6 186.3 187.1 184.3 182.2 181.1 180.2 179.8 180.3 181 181.5 182 182.5 183 182.6 182.2 181.8 180.1 178.3 176.9 173.6 169.9 171 172.8 173.2 173.5 173.7 173.7 173.6 172.7 172.6 172.7 174.5 177.7 173.6 168.3 163.9 160.9 158.2 156.3 155.1 162.2 162.8 158.2 157.1 162.7 162.7 166.3
144.4 146.8 147.9 148.8 151 147.6 146.2 143.2 137.2 145.1 146.4 144.7 148.3 151.4 152.3 153.4 156.7 160.4 163.8 170 171.3 168 163.5 168.8 169.6 177.4 180.2 180.9 184.4 187.7 190.3 189.8 187.4 184.8 183.2 182.5 182.3 182.6 183.4 184.2 184.8 185.3 185.8 186.6 186.7 185.4 184 181.7 179.4 177.5 175.1 172.9 175 176.5 176.8 176.9 177.3 177 176.7 176.1 175.8 176.1 177.6 174.7 171.1 166.9 163.5 161.1 160.1 158.7 162 162.7 159.5 158.9 161.3 165.4 168.5 172.8
148.1 149.3 151.4 151.6 150.7 148.3 147 143.8 144.4 146.4 146.7 148.3 152.5 153.2 154 155.4 158.2 162.7 169.1 174.1 171.3 165.2 171.4 172.7 176.6 182.6 183.2 184.3 188.8 190.4 191.8 189.8 187.2 186 184.7 184.7 184.9 185.8 186.6 187.4 188 188.7 189.2 190.4 191 188.8 185.4 183 180.9 177.3 175.1 176.5 178.6 180.2 180.2 179.7 179.6 179.8 178.2 177.5 177.2 176.5 174.7 171.4 167.5 165.3 164.1 163.9 162.7 161.1 160.8 160.1 160.3 161.8 169.4 171.7 176.8 178.9
151 152.5 152.3 151.5 150.7 149.1 147 146.8 147.3 148.4 149.4 153.3 154.2 154.9 155.8 159.5 161.5 167.2 175.3 173.9 168.9 175.5 174.4 176.4 181 183.7 185.7 186.9 189.3 192.2 193.8 189.1 188.6 187.6 187 187.4 187.8 188.7 189.7 190.5 191.2 191.9 192.5 194.4 194.9 190.6 187 184 181.3 179 179.3 180.8 182.3 183.4 183.1 181.6 181.3 181.9 180.6 178.8 177.8 176 173.6 168.7 165.4 165.3 165.1 164.4 164.8 164.8 164.6 168.5 170.7 175.4 175.9 181.9 183.2 185.3
153.3 153.7 153.2 152.3 151.4 149.5 148.9 149.1 147.4 151.8 153.1 155.6 156.1 156.9 161.9 162.9 165.4 173.4 178.5 172.1 173.5 176 176.3 181.1 184.1 186.5 187.4 188.6 191.3 195.5 195.5 193.1 190.5 189.3 190.5 190.3 191.9 191.6 192.6 193.7 194.1 193.8 193.5 194.6 195.3 190.1 187.5 181.2 181.9 182.7 184.2 185.5 187 186.8 186 185.6 185.6 185.2 183.6 181.3 179.3 176.4 172.9 170 170.6 173.4 171.2 167.2 168.4 170.6 173.9 180.8 180.9 182.2 181.4 186.2 189.4 195.3
154.8 155.1 154.4 153.6 152.2 151.5 152.2 152.2 149.6 154.1 156 156.6 158.4 161.1 165.5 165.9 170.4 177.4 174.8 173.3 176.6 176.6 180.5 184.2 186.1 188.3 189.6 194.5 194.9 197.5 196.1 194.4 191.5 193.3 194.9 195 196.8 196.6 195.9 196 195.4 195.1 194.4 192.7 191 189.1 184.7 185.5 186.2 188 190.2 190.5 191.3 191.5 192.4 193 191.6 190.5 187.5 184.6 181.7 176.8 179.2 177.7 178.4 176.2 171.6 173.8 179.3 182.2 187.3 188.5 186.3 182.1 187.9 194.4 200.7 204
156.4 156.4 155.5 155.4 155 154.9 153.9 152.5 153.7 156.4 157.1 158.1 160.4 165.1 167.5 170.5 174.3 175.9 176.7 176.8 177.4 176.9 184.8 187 189.4 192.6 195.6 197.7 200.4 198.9 197 195.9 196.5 198.9 200.4 201.1 202.3 201.8 200.2 199.4 197.9 195.8 193.5 192 190.3 188.5 188.9 191.1 191.8 194.1 196.2 195.8 198.2 199.8 201.3 202.9 200.9 196.6 190.8 189.3 186.7 180.3 180.8 180.6 176.2 177.8 181.8 185.2 189.3 193.5 194.9 188.6 192 192.7 197.5 205.7 208.6 211.5
158.9 159.1 158.9 157.6 158.3 158.2 156.5 154.4 155.7 157.6 158.5 160.3 164.5 168.7 169 173 176.4 177.5 178.3 178.4 179 183.2 188.2 190.5 193.7 197.6 200.6 203.6 203.1 201.2 199.1 199.9 201.3 203.5 204.4 204.7 206.1 206.6 203.6 202.6 199.1 196.6 195 193.7 192.8 193.6 195.8 197 198.5 200.9 203.4 205.2 207 208.8 209.4 207.8 203.2 199.2 193.7 188.9 183.6 183.2 187 181 183.9 188.2 196.3 198.8 201.3 197.4 197.1 200 198.9 207.1 210.3 215.9 218.4 220.7
162.1 162.7 159.9 159.8 160.8 160.3 158.9 155.2 156.8 159.5 160.4 162 164.6 166.5 170.7 174.8 178.2 179.4 180.3 180.6 181.8 189.1 192.9 194.8 198.4 202.8 206 206.1 205.9 204.8 203.4 203.5 205.1 206.8 207.1 208 208.8 207.1 205.4 203.7 200.3 198.2 196.7 196.2 199.3 203 201.5 202.6 204.3 208.5 212 214.6 216.1 215.9 214.6 209.7 202.5 199.2 188.3 186.9 191.5 190.7 190 190 195.2 202.2 205 207.6 202.1 206.9 208.8 210.8 216 219.3 222.1 225.6 228.6 228.3
164.9 163 163.3 164.6 164.9 162.5 158.7 158.3 159.2 161.4 162.9 163.5 166.8 169.4 173.6 176.7 179.8 180.9 183.2 184.1 190.2 193.6 198.2 202.1 204.5 207.8 209.3 208.8 208.3 208.2 208.4 208.3 209 209.7 210.8 211.7 211.4 210.4 209.4 205.6 204 201.8 200.1 205 207.7 206.5 208.1 209 213.9 217.8 220.5 222.1 222.6 218.1 210.4 207.7 200.7 196 194.5 197 199.7 200.7 202.7 204.4 207.8 211.6 213.5 212.6 214.4 218 220.8 223.9 229.1 233.9 234.2 235.8 235.5 235.3
164.4 164.6 168.4 168.5 165 161.6 161.1 160.4 159.5 163.1 164.4 167.6 170.6 172.4 176.2 180.5 181.5 185 186.5 192.7 196.7 199.9 203.6 206.8 209.1 212.7 212.7 212.6 213.3 213.8 212.8 213.6 213.1 212.9 213.7 213.8 214.2 212.6 209.5 209.1 208.5 208.5 210 212.1 214.2 216.5 219.2 220.8 221.9 221.8 220.9 220.3 214.4 211.7 208.5 200.8 203.2 201.5 204 206.2 207 210.6 216 219.5 219.5 220.2 221.8 224.3 227.1 230.4 234.7 236.8 238.3 240 240.5 239.9 238.5 237.7
165.2 167.9 171.2 167.3 164.2 163.1 162.4 161.8 161 163 165.4 170 173 175.8 183.2 183.7 183.7 187.6 192.8 199 202.6 205.4 209 212.1 214.7 216.4 216.7 217.3 217.4 216.5 217.6 217.7 217.1 216.7 218.3 216.4 216.6 214.3 211.4 211.6 213.1 216.2 218.3 219.1 221.9 225.6 224.6 222.9 223.3 222.6 219.4 215.8 211 212.2 210.4 209.8 208.1 209.6 213.6 218.1 222.1 224.6 228.4 229.5 229.4 230.1 233.1 237.1 239.8 240.9 243.4 244.9 245.2 244.4 243.9 243.6 243 241.7
168.4 172.2 170.5 166.7 165.2 163.9 166.4 165.3 163.1 166.6 169.1 171.3 175.1 182.2 186.1 185.2 187.2 190.2 200 204.4 207.8 211.1 215.4 217.4 219.1 219.1 219.9 219.8 219.7 221.3 221.2 220.2 219.8 222 221 220.3 219.6 215.6 214.8 216.7 221 224.3 224.9 227.5 229.3 230.4 227.4 227.1 224.3 223.1 220.1 215.9 213.6 212.3 216.7 218.5 219 222 226 231.6 235.5 234.9 235.7 237.2 238.8 240.3 243.2 245.1 247.5 248.9 249.6 248.1 248 246.7 249.1 247.8 245.3 247.6
171.3 172.2 169.7 168 166.8 166.5 168.1 167.1 166.5 170.3 172.9 175.6 179 187 188.3 187.9 191 198.8 205.6 209.1 211.8 214.9 219.1 221.3 221 222.1 222.9 223.7 223.6 224.6 224 223.6 226.7 227.6 227 225.6 222.7 220.3 219.8 222.3 225.6 228.3 229.7 232.8 234.4 233.9 231.7 232.7 229.9 224.5 218.3 222.1 219.6 228.5 227.9 229.2 231.3 233.3 237.4 240.1 240.7 240.6 242.6 245 246.1 248.8 251.1 253.5 255.6 257.5 259 258.8 259.3 258.3 258.2 255.9 254.3 253.5
173.2 172.4 171.1 171.6 168.9 170.4 170.7 171.8 171.9 174.4 177.1 180.3 186.9 189.8 190.9 192.1 197.7 204.7 208.5 211.8 215.8 219.8 223.5 222.9 224.1 225.4 226.2 227 227.9 228.3 229.8 231.4 232.5 232.8 230.8 229 226.1 224.2 225.1 227.7 230.2 231.5 233.9 236.3 238.4 233.2 235 232 226 223.2 229.7 229.3 232 237.1 236.7 238.4 241.4 243.3 243.6 243.9 245.7 248.1 250.8 253 255.5 258 262 264.5 266.4 267.5 268.1 267.9 266.8 264.8 262.3 260.9 259.5 257.1
174.2 173.7 173.7 173.5 171.6 171.8 172.6 174.5 178.7 180.2 183.5 186.6 190.6 193.6 193.8 195.8 204 207.8 215.3 217.4 219.6 224.5 225.3 225.6 226.9 229.4 230.7 232 232 232.3 235.4 235.9 235.5 235.4 233.5 228.1 227.8 228.3 229 231.3 233 234 239 237 236.6 236.2 233.3 230 227.2 237.3 236.7 235.1 241.8 242.1 244.7 247.6 249.5 249.3 249.6 250.9 254.6 259.3 262.9 265.8 268.2 270.2 272.8 274.4 275.2 274.3 274 272.5 270.9 269.3 266.2 264 260.8 257.8
176 175.7 175.5 175.3 172.5 177.9 178.3 182.6 184.3 185 189.7 194.5 195.4 196.9 197.1 202.4 207.3 211.9 218.4 220.6 224.3 226.3 227.3 229 232.1 233.7 235.6 236.8 236.8 238.1 239.8 239.5 239.7 238 234.6 231.4 230.5 231 232.4 233.4 234.8 236.2 238.4 239 239.3 236.7 234.4 233 248.4 245.3 238.4 245.5 248.3 250.7 253.3 255 255.5 256.9 258.6 265.2 267.9 271.1 273.7 276.2 278.2 280 281.3 282.1 281.1 280.1 280.6 278 275.5 272.2 269.6 266.4 261.9 261.3
179.1 178.3 179.3 179.4 178.8 181.7 185.5 187.3 188.2 189.9 196 198.2 197.1 200.2 202.6 208.5 211 216.7 221.1 225.2 226.8 228.3 231.8 234.7 236.8 238.6 241.2 240.8 241.3 242.2 242 241.4 239.8 238 235.2 235.6 233.2 233.7 234.9 235.8 237.3 239.7 244 242.6 239.3 238.6 243.9 253.8 250.6 241.2 250.4 254.6 255.7 257.2 260.7 261.8 265.7 269.3 272.2 275.5 279.1 281.6 283.8 286 287.7 288.8 288.4 287.3 286.5 286 286.1 284 280 275.9 272.4 268.2 268.6 264.4
183.5 183.7 184.8 182.6 183.2 185.7 191.5 190.7 191.4 195.3 199.3 201 200 203.1 209.2 215.1 217.9 222 225.6 229.2 230.8 233.8 237.2 240.1 241.8 243.1 245 244.3 243.5 243.2 243 241.1 239.4 237.4 237.8 237.4 236.1 237.3 237.9 238.8 241.5 244.3 245.5 243.9 245.5 247.4 256 247.7 247.3 256.2 257.4 258.8 261.4 266.9 269.8 272.6 275.9 280 283.8 287.2 289.9 292.1 293.9 295.5 296.2 296.7 295.6 295.1 293.3 292.8 290.8 287.6 285 281.5 278.5 274.8 272.6 267.4
187.3 187.3 187.2 186 189.2 191.5 193.6 193.4 195.5 200.8 202.8 204.1 205.3 205.1 212.8 220 224.6 226.8 229.6 234 235 237.8 241.4 244.4 244.7 245.1 246 244.8 243.8 242.8 242 241 239.3 237.7 241.7 238.1 239.4 241.4 245.2 243.1 243.8 246.5 247.8 246.8 248.4 248.6 248.3 255 258.6 260.9 264.3 268.4 272.9 275.5 278.6 282.1 287.7 292.2 294.9 297.9 301.6 302.4 304.3 305.8 305.1 305.6 303.7 303 302.1 303.1 300.8 298.5 296.4 292.7 286.7 284.3 280.7 272
189.6 186.5 188.6 190.2 195.1 196.8 196.9 196.2 199.7 204.3 205.3 207.1 210.7 213.7 218.1 224.2 228.3 232.1 235.1 236.5 237.7 241.4 244.4 246.3 246.3 246.6 245.9 245.2 244.2 243.4 242.6 241.5 241.1 240.2 244.6 242.7 242.9 244.3 248.2 247.8 248.5 250.2 252.9 250.2 251.2 254.4 259.3 263.5 268.2 271.4 274.2 277.3 280.7 285.1 289.1 294.6 299.4 302.7 306.8 310 313.8 316.5 317.2 318.2 315.1 314 313.6 315.2 315.8 316 312 309.4 304.7 302.7 298.5 291.9 283.6 277.1
189.2 187.5 190.8 196.7 201 200.8 200.1 200 204.2 207.1 208.5 213.1 218.5 219.9 222.5 227.1 232.5 236.8 237.8 238.6 241.5 244.6 246.1 246.8 249.3 247.6 246.9 246 244.9 244.1 243.3 244.9 245.3 242 244.8 248.6 246.9 247.5 250.5 250.6 251.3 252.6 251.8 253.9 258.5 263.1 266.2 271.2 276.2 279.1 281.8 286.1 291.4 296.2 300.6 305.9 310.3 314.5 319.9 325 330.4 329 325.5 324.5 323.6 323.8 325.5 329.8 329.8 326 320.9 321.9 316.9 311.3 307.4 294.1 285.5 277.8
192.2 193.6 196.8 203.3 204.5 203.6 202.3 203.5 207.5 210.1 213.4 220.8 223.8 225.2 229.6 226.4 236.3 241.4 241.8 242.2 244.6 247.1 247.5 253 256.5 253 248.4 247.3 246.4 245.6 244.7 248.9 248.8 243.3 245.8 252.6 252.6 253.6 253.6 253.9 256.7 256.6 257.6 265.2 268.1 273 274.8 279.6 283.7 287.2 292.4 296.2 301.6 307.4 311.8 316.5 321.2 327.1 331.2 332.3 333.1 333.7 333.5 333.9 334.3 334.5 341.6 343.3 337.1 334.7 340.9 332 320.3 316.8 304.1 294 284.4 276.6
195.1 199.2 203.2 206.5 206.4 205.4 205.8 205.2 211 214.6 220.4 225.5 227.8 230.2 234.4 231.8 238.6 243.5 246.2 247.6 247.8 248.5 249.5 257.5 260.7 257.6 251 248.5 247.6 247.3 245.7 253.7 256.7 248.3 248.3 253.1 256.8 259.1 259.5 260.4 261 261.9 268.8 273.4 275.7 278.9 283.1 287.9 292.6 296.6 302.3 307.1 312.3 316.2 320.4 325.4 330.7 334.2 336.3 338 339.8 341.4 343.2 343.5 342.9 343.7 345.1 343.2 340.8 337.8 335 329.7 316.7 305.8 302.4 289.3 276 282.5
199.8 200.6 206 208.1 208.8 208.3 209.7 212.4 212.1 218.5 225.8 229.1 231.2 233.9 238 235.2 240.1 244.5 249.7 251.1 250.4 250.4 252.3 259.9 260.2 257.8 253.2 250 249.8 249.2 249.2 254.6 260.9 252.3 252.8 253.4 255.5 258.3 264.7 268 265.3 269 275.6 279.1 283.4 287.4 291.5 296.5 301.3 305.3 311.2 314.7 320.6 324.5 329.3 334.6 338.2 340.4 343.4 345.3 347.1 348.7 350 350.4 350.2 349.7 348.1 345.3 341 336.9 330.5 320 308.8 300.3 291.5 283.1 284.7 289.9
204.3 201.4 208.9 210.9 211.2 212.2 214.4 218.8 218.2 223.3 228.4 231.7 233.8 238.4 242.9 242.6 239.3 245.9 249.9 250.9 251.7 252.8 254.8 261.6 260.9 254.3 251 250.3 248.8 252.2 260.9 255.6 256.8 258.4 256.3 258.5 260.4 265.2 269.4 276.8 277.1 278.3 281.7 285.7 291.3 296 300.2 305.5 310.2 314.5 318.9 322.8 327.7 332.9 337.6 341.1 344.3 347.2 349.4 351.6 353.3 354.6 355.5 355.5 354.4 353.2 350.3 346.7 341.8 336.2 326.2 314.9 305 298.4 293.3 295.2 293 302.2
