public/OST50/NH25.asc
ncols 200
nrows 200
xllcorner 220000
yllcorner 850000
cellsize 50
[rows 70 to 104 of 200, columns 78 to 155 of 200]
631.4 650.8 677.4 704.2 724.4 744.8 770.9 797.1 817.2 830.2 825.6 811 791.5 767.5 751.3 729.8 716.6 715.5 711.8 708.7 706.3 698.4 696.3 689.7 684.5 686.7 692.1 693.1 689.6 691 690.5 670.8 664.1 654.9 640.1 636.7 635.7 637.8 635.9 635.6 637.3 636.8 632.8 633.2 635.2 632 632 634.3 633.4 629.1 623.6 616.3 612.7 609.9 605 603.2 604.2 606.1 606.9 606.1 604.7 605.7 605.2 601.9 598.3 593.5 587.5 580.8 576.8 568.4 556.7 548.9 540.9 532.7 524.8 515.4 502.2 491.3
646 668.2 693.1 715.9 729.5 759.9 788.5 812.2 838.8 842.4 828.6 807.6 783.4 763.4 743.7 724 708.5 706.7 707 708.9 713.2 716.3 715.6 710.3 713.9 711.4 715.6 717 714.4 711.2 709.1 706.5 687.5 676.1 663.5 652.4 651.4 650.2 652.6 653.4 652 652.1 648.2 646.2 648 650.9 648.3 648.8 646.1 643.4 637.2 628.4 621.4 618 614.7 612.4 612.2 612.4 614.7 615.1 612 611.3 611.6 609.7 606.9 604.7 599.9 593.8 589.9 584.7 577.9 566.9 559.8 553.2 543.9 535.7 524 510.1
656.5 680.4 706.2 722.4 741.4 770.5 796.4 811.4 831.5 836 823.9 807.3 779.7 753.1 730.4 713.9 703.8 703 704.2 708.6 713.7 725.3 732.6 736.3 733.9 740.3 744.4 739.3 743.4 741.9 740.6 732 721 706.9 690.9 679.2 672.1 668.7 668.6 668.8 666.1 665 664.5 662.8 661.6 662.9 662.3 660.2 657.5 656 651.5 639.2 633.5 629.3 624 621.9 619.9 617.7 620.3 619.9 617.6 616.3 617 617.2 616.4 613.8 611.3 606.9 601.8 597.4 591.2 583.7 574.7 566.8 557.8 547 537.3 523.6
666.8 692.5 705.1 723.7 750.2 775 793.8 804.3 821.1 821 811.4 791.7 769.7 744.8 723.2 709.1 701.5 698 702.7 707.9 715.7 723 731.3 738.6 747.8 754.7 767.7 775.1 783.7 785.5 775.5 765.1 754.3 743.2 728.5 717.6 706.4 699 689 686.6 683 679.6 677.5 677.9 676.6 676.7 676.6 675.4 669.2 666.6 664.2 654.8 645.5 640.1 635.7 632.3 626.5 622 623.2 623.3 621.7 620.4 621.1 624 625.5 623.8 620.5 616.5 612.2 609 604.3 595.9 586.7 578.4 567.6 556.3 545.9 534
674.4 693.9 709.3 726.6 751.7 773.8 787.6 798.1 812.2 802.4 793.8 779.6 759.1 735.2 716.5 703.7 693.1 693.4 697.6 701.9 709.6 719.1 730 737.8 745.2 756.8 770.4 783.3 794.3 796 792.6 792.1 790.9 783.5 763.2 750.2 737 725 715.5 705.5 702 700.1 696.7 693.5 693.2 693.3 691 689.6 685.9 681.1 674.1 664.6 657.6 651.8 645.8 640.9 634.1 627.7 626.5 626.4 628.4 626.7 625.1 629.7 631.1 631.3 627.7 624.6 620.3 617.8 613.1 605.4 595.1 586.3 573.8 562.4 552.4 540.3
675.9 694.7 711.2 727.9 750.6 770.6 782.5 787.7 792.3 785.2 778.7 770.9 752.6 730.7 716.7 699.5 687.5 688.7 689.9 697.7 705.2 713.9 724.5 736.2 746.2 755.9 764.8 777.3 788.9 796.2 794.8 792.1 792.1 792.9 801.3 787.6 768.6 752.6 744.1 736.8 730.4 724.4 718.5 714.2 711.2 711.2 710.5 707.6 706.2 700.2 692.1 676.6 670.2 664.4 656.5 649.5 643.1 634.3 631.5 631.5 633.6 634.3 632.7 634.7 636.2 638.6 636.8 633.8 628.9 623.9 617.3 609.8 601.9 590.9 578.6 566.3 553.7 541.4
675.7 694.2 709.7 726.4 747.1 765.4 776.4 776.5 771.3 764.4 758 752.9 738.8 725.4 712.3 695.5 682.7 682.7 686 692.8 700 709.4 720.8 732.2 743.2 755.9 765.5 775.1 785.3 794.6 803.7 805.9 798.4 792.1 799.3 806.2 807.2 793.3 784.9 774.2 766.6 757.4 744.2 736.7 736.1 737.6 733.5 730.9 727 719.2 703.4 690.2 682.2 675.2 666 655.6 647.5 642.1 637.5 634.5 637.2 640.5 639.4 640.7 643.1 646 645.5 643.1 637 628.2 619.8 610.4 601.5 593.6 581.9 568.7 555.5 541.5
672.2 689.8 705.7 720.4 738.7 753.7 763.5 766 758.1 747.4 738.6 732.4 726.8 718.8 705.1 688.5 677.2 677.3 680.5 686.1 692.1 702.5 714.8 727.8 738.6 751.4 762.8 773.2 783.7 792.7 796.6 798.3 795.7 794.4 799.6 803.1 806.5 808.5 809.5 803.9 790.3 779 770.7 763.2 759.7 760.6 759.6 755.2 747 737.5 723.2 705.5 699.2 687.2 673 659.6 650.4 647.1 644.6 640.8 639.4 642.9 644 645.5 646.9 651.4 652.5 649.3 643.5 632.4 621.6 612.6 601.9 592.2 583.1 571.6 560.5 543.9
666.2 683.3 697.9 713 729.7 743.1 751.8 750.2 741.6 731.4 724.4 719.7 714.2 703.1 689.9 679 673 671.6 674.5 678.7 687.3 699.5 711.9 722.8 735.4 749 761.2 771.1 780.7 789.7 792.4 787 786.9 791.4 795.6 801.3 807.5 814.1 819.8 820.9 812.7 798.1 789.5 787.8 786.3 783 780 778.1 772.2 759.7 745.7 731.6 718.7 702.4 682.5 668 656.7 652.6 650.4 648.8 647.5 649.4 650 649.5 650.7 653.8 655.7 653.5 646.8 637.7 627.1 615.7 603.6 591.9 583.1 573.7 561.9 545.4
660.3 673.1 686.9 701.3 717 729.2 732.9 729.5 724.7 717.9 718.6 715.7 704.6 692.8 679.6 669.7 667.3 667.2 672 677.6 685.5 695.7 707.2 719 730.9 744.4 755.4 766.2 774.4 777 774.8 770.7 772.7 782.3 790.9 800.2 812 823.5 830.2 832.9 834.7 826.3 812.1 811.4 815.5 810.6 807.2 801.7 792.6 782.4 772.8 759.1 739.3 716.8 696.1 681.4 670.7 662.6 658.8 657.4 655.7 654.2 653.1 652 650.9 654.7 654.3 654.6 650.2 640.9 629.4 615.6 604.4 594.1 583.1 571.8 559.6 545
652.9 666.9 678.6 691.8 705.5 713.3 718.2 716.6 712.4 708.1 707.2 703.4 694.8 683.8 672.3 664.1 659.4 664.2 668.3 674.6 683.4 693.1 705.1 717.4 730.3 741.2 748 752.8 757.1 762 763.4 761.2 762 775.2 787.5 797.2 810.8 821.5 829.8 836.4 839.8 841.9 838.6 835.2 837.4 838.8 837.8 832.8 824.3 811.9 798.7 779.2 759.7 739.2 715.8 693.8 680.6 675.3 668.8 660.5 657.4 657.8 655.2 652.3 652.4 650.2 650.7 653.2 650.5 642.6 632.7 618.7 606.1 595.2 585.5 575.4 563.8 549.7
646.1 657.7 668.5 680.3 691.1 699.7 701.9 703.4 702 698.7 695.2 689.7 681.4 671.5 663.9 656 655.5 657.4 664.4 670.8 680 690.2 702.6 714.1 726 734.9 739.5 742 741.7 744.6 752.4 757.6 758.6 770.2 784.9 796.3 808.8 819.6 827.3 834.4 840.5 844.2 847.5 849.9 852.7 855.7 857.7 858.5 853.6 842.5 828.1 805.9 783.9 761.5 733.5 707.9 691.5 681.7 675.1 666.2 661.7 660.5 655.4 649.9 647 646.6 644.5 645.7 645.9 639.1 629.1 616.2 603.7 593.6 588.4 580.2 569.1 555.5
638.1 649.6 660.9 672.5 681 688.2 691 691.7 690.7 688.7 685.3 678.7 669.3 661.6 655.1 641.6 650.5 652.5 658.8 666.6 675.1 686.1 698.5 708.9 718 726.1 731.3 731.2 727.8 728.1 733.7 743.3 754.2 766.8 779.2 791.4 804.2 815.7 825.2 834.3 841.7 847.5 852.1 859.2 867.4 873.6 867 866.5 865.8 861.4 850.9 831.3 809.8 783.7 758.5 733.5 704 689.7 680.2 670.4 668.7 658.2 654.8 650.1 642.5 639.5 638.6 638.3 636.8 633.6 624.9 612.8 599.9 593.1 589.5 582 571.5 561.1
632.4 643.7 654.5 663.9 671 676.7 678.8 678.3 677.3 675.8 673.5 665.2 658.7 652.4 648.1 639.6 637.9 648.5 656.8 665.3 672.1 681.2 691.5 699.9 708.4 714.5 718 717.3 714.9 715.5 722.9 733.2 745.9 759.9 774.9 787.7 799.6 812.1 823.5 836.1 846.6 857.2 862.4 868 869.1 872.1 868.5 869.5 873.7 872.3 868 860 840.4 811.4 789.1 757.2 730.7 702.8 686.7 676.6 669.3 661.4 655.4 649.1 640.2 635.4 632.9 630 627 623.3 616.7 607.5 598.8 593.1 588.2 583.4 574.2 564.6
627.5 637.4 646.6 653.4 659.4 663.5 664.8 664.2 661.4 659 655.9 651.7 647.7 643.7 638.6 634 635.9 646.3 656.5 665.5 672 678.5 685.7 692.3 698.5 703.3 706.7 706.5 704.8 705.1 712.5 723.4 738.2 753.9 771 785.3 798.5 811 823.2 836.1 848.8 859 859.4 858.4 858.9 866.8 869.5 862.1 861.2 869.6 876.2 870.7 859.9 844.4 818 785 750.2 725.2 700.4 681.3 671 663.7 656 651.4 644.3 635.4 627.8 624.8 621.7 618.7 613.6 607.2 601.8 595.9 590.3 584.8 578.2 569.7
621.2 630.9 637.7 643.5 648.7 651.8 652.7 651.6 649 646.2 643.6 640.3 637.5 634.3 630.7 628.6 634.1 646.8 657.4 666.2 674.2 677.4 678.9 683.1 687.6 689.8 692.8 693 694.2 695.9 706.6 717.7 732.5 751.7 768.4 783.8 797.7 811.1 821 832.3 845.6 847.5 842.2 842.4 843.6 848.9 848.8 846.7 846.4 854.7 864.5 873.4 872 859.7 843.2 809.7 777.6 744.8 720.7 691.8 675.9 663.6 660.1 652.7 649.4 638.8 628 621.2 617.8 615.4 611.7 606.9 602.3 597.8 591.7 587.5 581.4 574.6
612.2 622 628.1 631.6 637.8 641 640.5 638.3 635.5 632.6 631.5 628.7 626 623.8 620.5 624.4 638.4 649.7 658.4 665.3 669.5 672.5 672 672.8 675.4 676.4 676.5 678.1 680.6 688.6 701 714.4 729.9 748.4 764.2 779.5 793.5 806.7 817.7 826 834.7 836.6 827.3 822.8 826.1 832.5 833 832.3 833 839.1 845.8 857 865.8 871.3 857.3 838.3 809.2 771.8 739.1 712.9 682.1 665.8 658.8 656.3 650.8 644.2 631.5 622.1 617 614.1 609.8 605.4 600.8 596.9 593.2 588.6 582.8 575.6
603.1 612.5 617.6 620.3 626.6 629.1 628.5 624.9 621.9 620.1 618.5 617.4 617.1 612.2 622.5 633 642.6 650.5 657.2 662.2 664.8 666.1 664.7 663.1 663.6 663.5 662.7 665.8 671.9 684.5 696.2 710.4 725.3 742.2 757.8 771.5 784.9 796.7 807 815.9 820.6 819.9 815.3 811 814.3 817.2 819.7 822 826.1 829.7 834.7 841.6 851.9 859.5 862.4 839.7 818.7 795.3 762.4 720.8 696.4 676.4 661 655.6 653.2 648.3 635.4 623.3 615 611.8 607.3 602.2 597.7 593.8 590.1 586.6 581.2 575
597.1 604 607.6 608.1 614.5 617.5 615.3 610.7 606.9 604.6 605.8 605.5 603.7 615.8 630.6 639 643.4 648.4 652.3 656.6 658.6 658.7 657.1 654.7 653.8 654.3 654.7 656.8 667.2 678.4 690.5 704.3 718.5 733.5 750.2 762 772.7 785 792.7 800.5 807.9 807.2 808 804.5 805.1 805.6 807.6 810.4 816.2 818.9 822.9 830.1 841.2 842.8 839.1 832.3 816 799.5 778 740.9 709.5 688.3 668.2 653.5 651.6 647 636.6 623.9 615.5 609.1 605.6 599.1 593 588.1 585.2 582.3 578.3 572.2
589 596 600.5 601.1 602.1 603.3 599.8 594.8 589.2 586.9 599 605.8 613.5 626.1 638.1 643.6 646 645.5 647.2 648.8 651.1 652.2 652.1 649.4 649.5 649.2 648.3 651.1 659.5 670.9 683.4 697.4 711.2 724.2 738.5 749.6 758.6 769.9 779.3 786.4 796.2 798.5 796 795.8 791 789.1 791.5 795.6 801.1 805.6 808.9 813.7 824 832.7 822.2 812.3 797.8 784.9 778.5 762.1 724 698.4 678.5 655 643.3 641.8 635.3 628 614.6 606.7 599.3 593.4 587.7 579.8 578.2 575.7 572.3 568.3
584.2 588.9 593.9 594.2 591.8 587.9 581 573.1 587 598.2 608.5 615.9 626 634.9 642 645.9 646.8 644.2 641.8 641.4 643 643.4 642.1 641.9 642.4 641.1 639 645.1 653.9 666.1 676.9 688.7 701.9 714.5 727.1 738.3 747.1 756.9 766.5 774.2 779.5 784.9 781.2 780.4 774.4 766.5 771.5 776.7 783.1 790.5 796.1 799 805.8 811.4 807 790.4 773.4 763.4 756.6 748 733.6 713.9 683.1 663.6 641.3 631.8 624.3 618.2 604 596.7 589.9 581.3 575.2 568.8 568.5 567.5 565.4 561.9
577.2 580.7 583.8 584 578.3 575.2 562.3 583.3 593.7 606.9 617.7 626.6 633.2 638.7 643.8 644.1 643.9 642.1 638.6 634 630.9 630.1 628.1 629.4 631.2 631.5 633 642.6 652.5 662.7 672.4 681.1 692.5 705.1 715.8 726.9 737.3 745.8 752.5 760.4 764.9 763.9 761 759.4 755.9 746.3 749.1 756.5 763 771.6 779.4 784.3 788.2 791.5 786 764.2 751.9 737.7 726 721.6 715.4 716.3 694.7 661.2 640.3 623.5 603.8 597.1 588.1 579 572 565.5 558.6 553.7 554.2 555.9 556.1 552.6
569.5 566.8 567.4 567.1 560.6 553.5 572.4 588.7 601.4 612.9 623.6 634 638.9 640.4 644.2 645.9 642.5 634.6 630 625.5 619.8 617.2 616.7 617.1 620.5 620.9 632.8 642.5 650.9 658.6 668.8 677.5 687.2 696.9 706.5 717.2 726.9 734 741.4 747.2 751 747.2 737.6 734.5 730.2 721.4 722.6 732.7 740.9 750.3 758.8 766.5 770.1 768.5 750.2 732.6 726.2 716.2 694.2 687.3 681.1 683.3 677.3 662.8 630.4 610 589.7 577.1 566.8 558 551.4 546.1 542.6 538.8 543 544.5 544.9 544
559.2 546.7 538.8 538.1 552.3 566.1 579.9 592 604.2 616.3 626.7 632.8 637.8 639.2 640.4 643.4 641.4 636 629.2 623.6 613.2 607.1 605.1 607.2 607.5 621.8 632.8 642.8 650.3 656.9 666.3 674.3 683.3 691.9 699.7 710.3 719.9 725.9 729.7 732.7 730.9 729.2 718 700.7 699.2 690.5 694.3 706.2 717.5 727.5 738.5 746.2 745.9 741.9 719 702.1 695.3 689.1 663.8 655.8 650.4 646.5 644.1 632.1 619.2 599.6 580.3 565.2 555.2 547.3 538.8 531.4 528.1 528.7 533.7 534.3 535.8 535.9
545.9 522.6 535.2 552.3 561.1 570.9 581.4 593.3 603.7 615 626.5 634.5 635 636.1 636.8 636.7 638.3 634.7 626.6 616 609 599.3 592 605.2 614.6 624.7 635.2 643.7 651.1 658.2 665.7 672.4 679 686.6 693.5 701.4 709.8 712.7 713.4 710.3 704.7 702.3 685.8 669.9 663.9 663.7 669.9 682.6 695.3 705.8 714.2 721.3 717.1 711.1 688.5 677.8 663.8 650.3 634 626.7 620.6 619.2 613.4 616.4 602.5 592.2 569.5 555.8 545.1 535.6 529.9 523 517.1 519.1 520.7 524.2 525.3 526.4
527.3 508.1 536.1 554.3 563.8 570.9 579.1 589.3 600.3 612.4 625 633.1 636.3 633.6 633.5 634.8 634.1 629.7 622.3 606 598.2 592.3 588.4 600.5 610.2 621.2 634.9 646.4 654.6 662.1 669.2 676.6 681.7 687.2 695.8 699.7 697.2 698.1 694.8 687.9 681.1 673.4 656.4 642.8 641.3 642.3 646.6 656 671.9 680.4 689.3 695.7 687.4 671.7 659.2 652.3 639.3 629.5 613.5 605.2 600.3 589.9 585.7 578.8 581 563.9 555 543.9 534.6 526.9 521.2 515.2 510.4 512.6 512.3 514.3 516.4 516.5
502.1 506.7 538.7 550.1 561 569.2 577.8 586.9 597.4 610.3 623 631.2 633.5 632 631.3 629.7 624.6 621.2 610.3 596.6 587.1 580 583.1 591.1 600.8 613.6 628.1 640.4 651.5 661.7 672.6 681.6 688.7 695.3 707.2 711.7 703.5 694.8 682.8 668.4 651.2 646.9 633.7 620.6 621 622.2 626.3 633.8 642 654 662.5 668 658.8 648.2 641.6 632.2 617.7 602.9 592.9 577.7 570.4 574 561.4 550.7 548.4 548 535.3 530.1 524.8 518 513.3 509.4 506.7 506.7 506 507 508.6 509.6
482.8 503.2 525 531.2 553.9 566.3 576.2 584.7 595.1 607 618.8 627.5 633.7 633.6 631.5 626.7 617.6 608.9 598.9 589 576.9 566.9 572 578.4 588.2 602.2 616.7 630.6 644.2 655.6 668.8 681.3 693.5 701.6 710.1 711.8 706.3 697.5 687.3 674.9 657.2 639.8 620.9 606.4 606 608.7 605.5 611.7 620.9 629.9 639.5 647.6 647.4 641.7 627.8 609.4 598.4 584 569.7 561.9 551.7 546 539.2 535.6 530.5 524.6 521 515.9 511 507.1 503.1 501.6 499.9 500 499.2 500.1 501.7 502.6
450.2 470 489.4 503.8 536.8 561.2 575.4 584.8 592.6 604.4 615.4 625.8 634 636.8 635.1 627.5 616.3 601.8 594.2 581.6 570 560.8 562.2 565.3 573.4 585.1 599.5 615 631.2 646.6 660.9 672.9 686.6 700.4 709.8 712.9 712.6 701 689.7 678.4 658.7 642.2 626 612 601.3 600.6 600.6 600.6 603.6 610.6 619.8 626.7 625.5 622.8 613.5 600 581.2 568.7 557 548.8 541.7 535.6 530.4 525.7 520.8 516.3 510.4 506.2 503.6 500.8 498.8 496.4 495.5 494.7 494.1 493.2 494.4 495
429.1 426.1 449.3 507.2 533.3 558.7 575.4 586.1 594 604.1 613.9 625.2 636.8 643.6 644.1 636.2 622.4 600.5 584.9 572.5 564.4 554.7 551.8 555.8 560.7 568.9 580.8 596.8 614 630.6 647.1 661.3 673.1 689.6 699.4 703.4 710.8 704.6 690 671.9 658.7 644.2 637.8 629.9 617.2 600.5 600.6 600.6 600.6 600.6 601.1 602.1 600.3 595.7 594.5 581.9 567.8 559.5 551 543.1 535.7 530.4 525.1 520.8 515.8 510.3 505.1 501.7 499.5 496.6 494.1 492 491.9 490 490.4 488.7 487.4 486.7
381.3 429.3 470.8 501.2 524.9 549 563.4 581.8 596.3 608 617.8 628.9 640.8 650.4 651 641.7 625.3 606.1 584.9 565.6 556 549.4 543.4 547.4 549.2 554.6 565.5 579.4 595.3 612.1 629.4 644.5 656.6 668 679.9 685.5 689.2 688.2 682.4 677.6 670.8 659.2 654.4 646.7 636.9 625.4 611.4 600.6 600.6 606.1 604.5 605.5 602.4 584.9 567.4 562.9 557.6 548.9 541.2 535.3 529.7 525.4 520.5 516.2 511.6 505.7 500.8 498.7 495 493 491.5 490.1 488.5 487.3 486.1 484.5 483.7 481.8
383.7 418.6 443.6 477 504.9 521.1 543.2 570.2 594.1 611.9 625 635.5 645.4 654.3 656.4 647 628.5 609.4 582.4 560.9 553.1 544.9 538.5 540.3 540.4 543.2 550.8 563.7 578.8 594.3 610.4 625.7 639 649 657.4 667.2 675.6 681.7 686.4 687.3 685.7 681.5 674.9 669 657.2 643.1 632.2 616.9 606.4 600.6 612 618.3 613.4 602 584.8 570.9 561.5 552.5 544.4 538.3 532.5 523.1 516.5 509.5 507.5 503.3 498 495.4 492 489.5 488.9 488 486.7 485.4 484.2 482.8 482.5 479.8
366.4 390.3 420.7 445.1 474.2 492.3 516.1 552.1 582 611.8 630.6 644.7 652.6 658.1 658.5 649.6 635.8 611.2 577.8 555.6 550.1 543 535.6 531.6 532.3 534.4 538.6 548 562.3 577.4 593.6 610.3 623.1 634.2 647.8 663.1 675.8 681.5 688.9 694.1 697.6 697.1 689.2 679 666.2 656.5 644.1 632 621.5 608.9 609.1 622.5 625.9 617.2 609.3 596.9 581.1 572.1 558 551.2 542.4 529.9 517.9 509.6 501.6 498.1 493.1 489.7 487.1 485 485.1 485.4 484.8 483.4 482.2 481.8 481.2 479.2
340.5 365.7 391.4 414.3 432.5 458.6 487.8 528.2 550.2 590.2 623.2 650.3 663.1 665.3 661.1 646.8 626.8 610 570.8 549.1 542.6 539.5 534.3 523.5 519.1 523.4 528 535.2 549 565.2 579.9 599.6 614.1 625.4 638.5 654.8 670 680.5 689.3 695.5 699.9 701.1 700.5 695.2 680.7 672.4 661.2 645.3 634.8 627 627.3 634.2 636.9 642 633.7 623.1 607.5 594 583.5 574.5 562.3 551.1 532.8 520.8 511.5 503.4 495.1 489.8 483.1 481.5 481.1 482.2 482.8 481.3 480.7 480.7 480.4 478.2
317 335.2 357.2 379.6 400.9 436.4 454 487.6 514.3 552.3 597.7 638.3 666.8 679.9 671.2 645.3 623.9 602.5 565.5 545.5 539.5 535.9 531.8 525.9 515.5 506.6 515.6 525.6 537.4 553 568.8 586.7 602.6 615.2 628.1 645.7 662.2 676 685.9 691.5 695.8 703.8 713.7 721 710.7 696.9 682.2 669.7 655.7 654.4 657.3 672.4 667.1 658.1 656.9 654.5 641.7 620.7 607.1 597.9 587.5 571.8 555.4 540.5 526.7 517.5 510 495.8 487.3 481.1 477.7 478.9 479.4 478.6 478.7 478.6 477.1 475.7
