public/OST50/NH26.asc
ncols 200
nrows 200
xllcorner 220000
yllcorner 860000
cellsize 50
[rows 68 to 101 of 200, columns 78 to 155 of 200]
494.7 496.3 495.4 492.8 491.3 493.7 499.9 514.7 525.5 536.2 548.5 554.8 560.7 564 568.6 572.4 575.8 589.2 601.8 612.6 622.9 610.5 592.9 571.9 554.6 548.5 544.1 539 526 493.4 457.9 422.2 387.1 350.6 324.6 305.3 292.6 284.8 280.5 274.4 272.4 270.5 270.6 272.9 273.5 271.7 270.4 268.9 266.9 266.3 264.1 260.6 257.1 253.8 253.9 250.5 249.3 248.7 250.1 250.6 250.9 251.3 250.3 250.1 249 248.7 247.6 246.5 246.3 244.9 244.3 243.7 243.2 244.2 244.9 245.6 243.3 246.7
477 481 480.3 481.3 477 482.8 493.4 508.5 518.6 528.5 539.1 546.8 550.5 553.5 559.8 560.4 563.6 567.5 574.5 581.9 588.1 580.8 567.4 550.3 530.8 526 523.7 519.3 510.2 476.5 439.1 402.3 367.5 332.4 307.2 291.6 281.5 277.8 274.8 269.3 267.9 267.3 266.2 268.1 269.2 267.8 266.1 265.4 264.1 262.3 259.9 256 253.5 253.1 250.9 249.3 248.7 248 249.3 249.3 249.6 249.7 249.5 248.5 247.5 247.2 246.2 246.2 245.6 245.2 244.6 243.8 242.7 243.8 244.7 244.7 244.3 242.5
462.1 462.8 462.9 469.1 462.3 477.4 487.3 500.5 511.3 520.5 530.9 537.7 541.8 545.7 550.3 553.3 553.1 562.2 561.8 559 563.5 552.5 543.5 524.9 510.8 508.4 507.5 498.6 487.5 455.8 418.1 379.3 354.2 319.5 283.8 280.7 275.6 271.3 268.5 265.8 265.8 262.2 262.3 263.6 264.8 263.7 263.8 261.4 260.4 258.1 254.2 253.3 251.6 249.8 249.7 249.9 249.5 247.1 247.1 247.7 248.7 249.3 248.1 247.8 246 245.7 244.5 244.5 244.8 244.7 244.5 243.2 241.8 243.5 244.2 244.1 243.7 242.4
444.4 446.5 448.2 451.6 454.1 469.4 481 492.8 503.5 512.4 519.5 526.4 533.9 537.9 540.4 545.8 545 554.6 558.3 553.1 549.6 536.5 525.4 509.7 497.3 491.7 489.2 475.6 462.1 430.9 396.9 360.6 332.9 300.2 282.4 273.1 268.3 266.3 265.4 261.6 262.3 259.6 260.5 260.1 261.1 262.2 261.2 258.2 256.8 254.5 252.4 251.8 251 249.5 248.8 249.1 248.4 247.7 250 247.4 247.5 248.9 247.8 247 247.3 246.4 245.5 243.7 243.6 243 244 243.2 241.7 242.7 243.2 243.1 242.4 240.2
430.1 432.6 434 436.8 448 461.4 472.7 483.5 494.4 504.6 510.6 519.2 525.9 527.7 531.3 538.7 540.3 547.6 555.5 554.1 552 528.5 517.3 501.4 484.8 471.9 463 447.3 429.1 405.4 375.8 343.1 316.1 288.3 272.4 269.2 263.3 262.3 260 257.6 255.8 250.7 250.7 258.2 250.7 255.6 256.9 256.9 254.5 252.8 251.2 251.3 250.6 249 248.1 248.4 248.6 247.5 251.2 250.3 247.4 247.3 246.4 248.4 249.4 246.2 244.6 243.4 242.6 242.5 242.4 241.4 240.3 239.3 242.5 241.8 240.5 239.4
417.7 419.1 421 425.6 439.5 453.1 465.4 476.6 486.6 494.5 500.1 511.2 515.1 517.9 525.8 532.9 533.5 543.3 552 559.1 561.8 541.8 517 501.3 481.7 461 438.4 419.1 399.3 383.4 353.4 324.7 300.6 281.3 266.9 265.2 260 257.8 254.9 250.7 250.7 250.7 250.7 250.7 250.7 250.7 255.1 254.5 253.6 252.9 251.8 250.1 248.7 248.8 250 249.1 247.3 248.4 250.1 250.6 250.5 249.9 249.6 249.3 247.8 245.3 244.2 243.7 242.2 243.6 241.9 240.4 240.8 240 238.2 239 238.6 238
404.7 407.3 410.9 416.1 429.6 445.1 456.6 467.3 476.9 481 490.7 498.5 502.4 509.4 521.5 524.9 531.3 539.3 549.6 559.8 567.6 555.1 526.5 511.7 491.5 460.7 430.8 404.4 385.1 366.3 339.2 309.3 290.9 276.2 264.1 260.7 256.9 250.7 250.7 250.7 250.7 250.7 250.7 250.7 250.7 250.7 250.9 252.1 253.6 253.2 252.5 251.3 250.5 250.1 248.4 247.4 247.7 249.5 250.9 251.4 251.5 251.1 250.3 248.6 247 245.3 245.1 245.4 245.7 245.5 245.7 244.2 241.6 241 241.6 238.2 236.8 236.7
390.7 396.6 400.4 408 418.3 433.5 445.6 455.9 461.2 465.4 474.2 483.6 492.7 503.3 508.7 513.1 520.9 527.2 537.9 550.4 561.9 551.1 517.7 496.3 474.7 447.8 426 398.6 381.2 359.7 327.5 300.2 284.5 271.7 260.6 253.8 250.7 250.7 250.7 250.7 250.7 250.7 250.7 250.7 250.7 250.7 250.2 249.9 252.3 252.6 251.5 251.2 251.1 249.4 247.5 249 250.6 251.3 253.4 252.9 252.5 251.9 249.8 249.2 248.8 249.1 249.9 250.5 249.2 247.7 246.5 244.6 243.4 243.7 242.7 241.5 239.6 238.1
379.1 381.1 386.6 395 405.4 415.9 428.6 437.3 445.2 449.1 452.5 463.6 477 487.7 492.5 493.3 501.8 511 515 528.7 525.2 511.4 495.2 475.5 452.9 432.8 419.6 399.7 388.3 374.7 342.1 307.5 283.7 265.7 257.6 250.7 250.7 250.7 250.7 250.7 250.7 250.7 250.7 250.7 250.7 250.7 250.7 248.8 249.8 251.1 250.2 247.8 248.1 250.8 250.8 251.5 252.2 254.8 255.1 254.7 254.4 253.1 252.7 253.5 255.5 256.4 256 253.9 252.4 250.2 249.3 247.4 245.3 244.5 243.6 241.5 240 240.3
365 363.8 370.9 377.7 385.9 394.9 403.7 414.5 422.9 422.3 427.4 435.9 450.3 463.7 469.5 473.6 477 483.6 492 493 483 475.2 467.5 453.7 430.3 414.4 408.7 405.7 401.8 375.8 344.4 307.8 281.9 262.4 258.1 255.9 250.7 250.7 250.7 250.7 250.7 250.7 250.7 250.7 250.7 250.7 250.7 253.2 252.7 250.6 251 250.7 250.5 251.9 252.6 253.8 257.5 257.8 258.5 257.9 256.5 255.2 258.5 261.4 263.5 262.1 261.6 261 260.1 258.5 256 252 249.1 247 245.8 247.7 247.8 245.9
349.8 350.4 354.7 359.6 364.6 370.1 378.8 385.6 394.5 395.1 399.1 408.4 421.9 428.6 433.3 438.7 441.8 447.3 451.8 454.6 451.8 445.7 435.7 419.8 402.7 396.1 392.1 395.1 394 373.5 341.2 305.1 280.8 261.4 258.8 255.6 250.7 250.7 250.7 250.7 250.7 250.7 250.7 250.7 250.7 250.7 250.7 254.3 253.6 253.8 252.7 251.2 250.4 253.9 256 258.7 260.7 262.1 262.8 261.8 261.4 264.1 265.7 267 268.2 270.7 271.5 273.2 270.7 268.9 265.2 260.8 256.7 252.7 247.8 247.8 248.3 246.6
334.3 335.1 337 342.8 347.4 351.8 354.7 360.6 365.1 368.3 373.5 380.3 390.8 393.4 397.6 402.8 403 410.5 412.6 418.8 420.7 414.7 404.4 393.3 378.3 376.8 378 382.5 367.5 353.4 334.1 307.6 284.2 265.7 259.5 252.5 250.7 250.7 250.7 250.7 250.7 250.7 250.7 250.7 250.7 250.7 250.7 250.7 253.4 254.3 253 251.3 250.7 254.2 260.7 262.8 263.6 266.1 267.5 269.5 269.9 271.9 273 275.2 277.8 281.3 285.3 290.3 287.2 284.9 284.6 276.5 268 259.8 252.5 249.1 246.9 245.3
320.6 319.8 322.9 326.4 327.6 332.9 336 338.4 341.6 345.4 350.7 355.6 359.9 364.4 368.5 369.7 373.1 373 378.5 381.7 385.5 382.4 378.2 366.6 360.8 357.2 359.5 360.6 349.1 331.5 319 304.5 289.9 271.6 262.2 251.9 250.7 250.7 250.7 250.7 250.7 250.7 250.7 250.7 250.7 250.7 250.7 250.7 250.7 254.6 252.7 250 252.9 258.4 262.8 265.3 268.1 270.6 273.7 275.7 277.4 279.4 281.5 284.4 287.9 293.2 297.6 302 305.5 307.5 300.1 289.1 279.8 268.6 256 249.4 244.9 244.3
309.1 308.4 309.7 312.9 313.3 314.2 316.4 320.7 321.3 325.8 330.1 335.7 338.5 340.1 342.9 344.7 346.9 349.8 349.5 350.7 352.6 353.9 352.1 345.2 341.9 338.4 339.2 337.2 332.1 320.5 309.7 302 288.9 274.1 263.4 250.7 250.7 250.7 250.7 250.7 250.7 250.7 250.7 250.7 250.7 250.7 250.7 250.7 250.7 254.4 252.4 248.7 254.4 261.2 265.5 268.6 271.1 274.7 277.6 280.6 282.8 285.7 290.1 295.1 300.6 306.5 314.1 319.5 324.4 327.8 325.7 312.7 300.1 281.7 265.1 256.3 246.2 243
295.8 298.5 296.4 299.8 300.7 302.1 302.7 304.7 307 308.6 311.8 314.9 319.5 320.7 321.5 322.8 323.5 325.3 327.1 327.6 328.8 329.8 329.2 325.1 323.9 321.6 321.9 320.8 314.7 311.8 300.5 295.5 284 270.7 261.9 250.7 250.7 250.7 250.7 250.7 250.7 250.7 250.7 250.7 250.7 250.7 250.7 250.7 250.7 250.7 250.5 249.5 256.7 263.8 268.4 271.1 273.8 277.7 281.5 284.2 288.7 292.5 297.9 303.1 311.2 318.8 327.3 338.2 345.4 345.8 339.4 331 315.3 294 275.2 261 247 242.6
284.3 284.5 283.3 286.1 287.8 289.6 289.2 292.4 291.8 293.5 295.6 298.3 301 302.4 303.3 304.3 305.5 307.9 307.8 307.7 308.6 310.6 310.8 308.5 308.9 306.6 306.7 304.2 301 297.7 290.2 283.8 275.7 266.3 257.6 250.7 250.7 250.7 250.7 250.7 250.7 250.7 250.7 250.7 250.7 250.7 250.7 250.7 250.7 250.7 250.7 249.8 258.9 266.2 270.7 273.5 277.3 281.6 285 289.4 294.3 299.5 304.9 312.9 321.3 331.1 340.9 348.7 351.9 347.9 340.9 328.3 312.5 292.3 276 263.6 251.7 241.8
274.2 274.4 274.5 275.5 276 278.9 278 278.6 280.6 282 282.2 284.7 286.5 287.1 287.6 288.7 289.1 290.9 291.8 292.2 292.6 294.7 295.1 296.5 295.2 293.1 292.7 291.9 288.6 285 280.8 273.5 266.4 259.7 250.7 250.7 250.7 250.7 250.7 250.7 250.7 250.7 250.7 250.7 250.7 250.7 250.7 250.7 250.7 250.7 250.7 250.7 259.5 267.1 272.6 276.4 281.4 285.9 289.8 295.1 300.5 306.6 312.8 322.1 334.3 345.5 351.4 355.5 352.9 345.3 335.3 322.8 302.5 288.1 271.8 259.7 249.4 239.6
268 264.9 265.5 266.3 266.1 268.2 267.1 269 270.1 272.3 271 273.5 275.4 274.1 274.7 275 276.8 277.4 277.5 280 281.6 282.2 282.8 282.2 282.8 282.4 282.5 281.8 277.2 275.1 272.5 268 260.9 250.7 250.7 250.7 250.7 250.7 250.7 250.7 250.7 250.7 250.7 250.7 250.7 250.7 250.7 250.7 250.7 250.7 250.7 250.7 260.2 268.5 274.4 278.8 284.9 290.2 294.9 300.8 307.3 313.5 320.2 330.5 343.7 356.5 356.5 358.2 355.4 346.9 334.9 319.6 301.8 283.3 268.9 257.3 246.5 238.2
258 257.7 257.9 255.2 254.1 257.3 260.7 258.8 256.9 261.5 262.1 262.3 260.8 261.4 264.3 265.2 265 266.2 267.7 268.7 270 268.7 270.7 271.5 271.2 271.9 272.5 271.8 269.8 271.6 268.5 261.1 250.7 250.7 250.7 250.7 250.7 250.7 250.7 250.7 250.7 250.7 250.7 250.7 250.7 250.7 250.7 250.7 250.7 250.7 250.7 256 260.4 269.8 276 281.7 287 292.9 299.1 305.1 311.4 319 326.4 336.4 349.8 356.3 357.9 358.4 356.7 349.8 338.4 321.2 302.4 283.5 268 255.8 244.7 234.8
250.7 250.7 250.7 250.7 250.7 250.7 250.7 250.7 250.7 250.7 250.7 250.7 250.7 250.7 250.7 250.7 250.7 250.7 255.7 255.5 250.7 250.7 254.8 256.2 258.8 261 264.1 263.4 265.7 269.7 263.3 252.2 250.7 250.7 250.7 250.7 250.7 250.7 250.7 250.7 250.7 250.7 250.7 250.7 250.7 250.7 250.7 250.7 250.7 250.7 250.7 257.9 266.4 270.1 277.7 283.5 288.6 296.1 302.2 310.1 319.3 324.2 332.1 339.3 344.7 353.4 358 361.7 360.5 356.3 347.9 332.6 309.6 294.1 278.3 261.4 248.6 238.4
250.7 250.7 250.7 250.7 250.7 250.7 250.7 250.7 250.7 250.7 250.7 250.7 250.7 250.7 250.7 250.7 250.7 250.7 250.7 250.7 250.7 250.7 250.7 250.7 250.7 250.7 250.7 257.6 260.9 260.7 257.5 250.7 250.7 250.7 250.7 250.7 250.7 250.7 250.7 250.7 250.7 250.7 250.7 250.7 250.7 250.7 250.7 250.7 250.7 250.7 250.7 259.4 268.1 273.9 279.2 286.2 292 299.1 304.7 315.2 324.6 332.7 341.7 345.4 347 348.7 349.9 352.2 356.7 358.1 353 344 327.1 311 298 277.3 265.9 248.3
250.7 250.7 250.7 250.7 250.7 250.7 250.7 250.7 250.7 250.7 250.7 250.7 250.7 250.7 250.7 250.7 250.7 250.7 250.7 250.7 250.7 250.7 250.7 250.7 250.7 250.7 250.7 250.7 258 250.7 250.7 250.7 250.7 250.7 250.7 250.7 250.7 250.7 250.7 250.7 250.7 250.7 250.7 250.7 250.7 250.7 250.7 250.7 250.7 250.7 250.7 261.3 269.7 275.4 280.3 288.7 296.2 301.6 308.1 318.4 329.3 338.6 348 349.9 350.6 350.2 349.8 349.5 346.4 342 339.1 333.6 333.5 329.9 316.8 295.6 280.6 260.4
250.7 250.7 250.7 250.7 250.7 250.7 250.7 250.7 250.7 250.7 250.7 250.7 250.7 250.7 250.7 250.7 250.7 250.7 250.7 250.7 250.7 250.7 250.7 250.7 250.7 250.7 250.7 250.7 250.7 250.7 250.7 250.7 250.7 250.7 250.7 250.7 250.7 250.7 250.7 250.7 250.7 250.7 250.7 250.7 250.7 250.7 250.7 250.7 250.7 250.7 254 261.2 267.4 273.6 280.8 288.6 295.4 303.3 310.9 319.4 327.5 338.8 345.7 350.3 354.8 351.3 350.1 351.2 352.3 351.7 349.8 344.5 338.7 329 317.1 310.7 291.1 264.3
250.7 250.7 250.7 250.7 250.7 250.7 250.7 250.7 250.7 250.7 250.7 250.7 250.7 250.7 250.7 250.7 250.7 250.7 250.7 250.7 250.7 250.7 250.7 250.7 250.7 250.7 250.7 250.7 250.7 250.7 250.7 250.7 250.7 250.7 250.7 250.7 250.7 250.7 250.7 250.7 250.7 250.7 250.7 250.7 250.7 250.7 250.7 256.4 258.5 259.8 261.4 262.4 267.5 275.3 282.5 289.1 295.7 304 310.9 318.4 326.4 333.4 339.6 344 346.1 350.5 354.7 362.4 371.8 374.3 366.9 363.1 356.9 345.8 332.9 311.6 288.7 275
250.7 250.7 250.7 250.7 250.7 250.7 250.7 250.7 250.7 250.7 250.7 250.7 250.7 250.7 250.7 250.7 250.7 250.7 250.7 250.7 250.7 250.7 250.7 250.7 250.7 250.7 250.7 250.7 250.7 250.7 250.7 250.7 250.7 250.7 250.7 250.7 250.7 250.7 250.7 250.7 250.7 250.7 250.7 250.7 250.7 254.8 257.9 258.6 260.5 262.4 262.4 264.8 268.5 274.7 280.1 287.5 296.9 304.4 309.5 317.1 325 331.4 337.6 342.3 344.3 350.4 354.7 360 369.8 372.7 374.6 376.3 372.7 371.1 364.7 330.3 301.6 284.4
250.7 250.7 250.7 250.7 250.7 250.7 250.7 250.7 250.7 250.7 250.7 250.7 250.7 250.7 250.7 250.7 250.7 250.7 250.7 250.7 250.7 250.7 250.7 250.7 250.7 250.7 250.7 250.7 250.7 250.7 250.7 250.7 250.7 250.7 250.7 250.7 250.7 250.7 250.7 250.7 250.7 250.7 250.7 250.7 252.1 258.6 259.4 261.1 262.9 264.3 264 265.5 268.5 272.6 279.7 287.1 296.9 303.7 309.1 316.3 322.5 329.2 336.2 341 342.7 352.6 357.3 365 373.2 376.6 381.4 390.3 390 383.5 374.3 346.3 318.5 296.3
250.7 250.7 250.7 250.7 250.7 250.7 250.7 250.7 250.7 250.7 250.7 250.7 250.7 250.7 250.7 250.7 250.7 250.7 250.7 250.7 250.7 250.7 250.7 250.7 250.7 250.7 250.7 250.7 250.7 250.7 250.7 250.7 250.7 250.7 250.7 250.7 250.7 250.7 250.7 250.7 250.7 250.7 250.7 250.7 256.6 259.2 261.6 263.2 264 264.7 265.6 267 268.2 272 280 287.6 295.2 301.8 306.9 313.9 321.6 331.2 339.1 344.8 346.3 351.7 359.9 369.2 375.2 381.9 382.9 383.4 382.5 375.1 364.2 349.5 335.8 319.7
250.7 250.7 250.7 250.7 250.7 250.7 250.7 250.7 250.7 250.7 250.7 250.7 250.7 250.7 250.7 250.7 250.7 250.7 250.7 250.7 250.7 250.7 250.7 250.7 250.7 250.7 250.7 250.7 250.7 250.7 250.7 250.7 250.7 250.7 250.7 250.7 250.7 250.7 250.7 250.7 250.7 250.7 250.7 250.7 257.8 259.7 261.8 262.7 262.9 262.7 265.5 266.3 267.9 270.9 279.1 287.4 293.9 299.7 305.6 313 322.5 332.4 343.2 345.1 345.8 349 354.9 359.7 367.6 377.2 380.4 384 389.9 384.4 385.7 379.2 365.2 345.3
250.7 250.7 250.7 250.7 250.7 250.7 250.7 250.7 250.7 250.7 250.7 250.7 250.7 250.7 250.7 250.7 250.7 250.7 250.7 250.7 250.7 250.7 250.7 250.7 250.7 250.7 250.7 250.7 250.7 250.7 250.7 250.7 250.7 250.7 250.7 250.7 250.7 250.7 250.7 250.7 250.7 250.7 250.7 257.1 257.6 258.5 259.8 264 265.1 265.2 265.9 265.2 267.3 271.4 278.4 285.7 291.9 299 305.1 313.4 321.1 331.3 338.6 341.2 342 346.4 351.8 355 365.1 374.3 386.2 388.4 392.8 395.8 400.5 399.7 400.6 389.5
250.7 250.7 250.7 250.7 250.7 250.7 250.7 250.7 250.7 250.7 250.7 250.7 250.7 250.7 250.7 250.7 250.7 250.7 250.7 250.7 250.7 250.7 250.7 250.7 250.7 250.7 250.7 250.7 250.7 250.7 250.7 250.7 250.7 250.7 250.7 250.7 250.7 250.7 250.7 250.7 250.7 250.7 257.8 258.2 259.7 262.1 265.7 265.9 266.7 267.2 267.2 267.2 269 272.7 277.2 282.4 290.1 298 303.7 309.3 317.5 324.7 331.2 334.9 337.4 340.2 344.2 352.1 362.5 372.6 379.2 385.9 395.5 399.9 407.4 410.5 412 414.2
250.7 250.7 250.7 250.7 250.7 250.7 250.7 250.7 250.7 250.7 250.7 250.7 250.7 250.7 250.7 250.7 250.7 250.7 250.7 250.7 250.7 250.7 250.7 250.7 250.7 250.7 250.7 250.7 250.7 250.7 250.7 250.7 250.7 250.7 250.7 250.7 250.7 250.7 250.7 250.7 253.3 260.4 262.8 266.6 267.5 268.2 268.8 269.1 269.2 268.8 268.4 268.5 270.3 273.8 279.8 285.1 291.1 296.4 303.1 308.8 313.2 319.3 323.6 328.2 332.9 336.3 342.1 349.1 358.1 367.9 374.9 381.9 393.6 402.3 405.1 413.1 418.4 420.7
250.7 250.7 250.7 250.7 250.7 250.7 250.7 250.7 250.7 250.7 250.7 250.7 250.7 250.7 250.7 250.7 250.7 250.7 250.7 250.7 250.7 250.7 250.7 250.7 250.7 250.7 250.7 250.7 250.7 250.7 250.7 250.7 250.7 250.7 250.7 254.1 258.6 258.9 258.4 260.5 262.2 266.8 270.3 274.6 275.4 275.6 276.5 275.6 273.4 271.9 273.7 272.6 272.7 275.1 281 285.9 291.9 297.5 303 310.6 315.4 319.3 323 326.8 330.3 334 340.2 348.3 355.8 363.1 371.3 378.7 390.3 397.6 404.3 416.4 421.7 426.8
250.7 250.7 250.7 250.7 250.7 250.7 250.7 250.7 250.7 250.7 250.7 250.7 250.7 250.7 250.7 250.7 250.7 250.7 250.7 250.7 250.7 250.7 250.7 250.7 250.7 250.7 250.7 250.7 250.7 250.7 250.7 250.7 250.7 254.8 258.8 262.2 264.9 265.7 266.2 271.1 276.1 283.9 292.2 293.4 288.6 285.9 283.3 280.8 278.5 277.1 278.2 277.4 275.8 278.5 283.9 288.6 293.4 299.4 305 310.9 316.5 319.8 322.7 328 331.5 335.2 339.3 347.8 354.3 364.5 373.5 378.6 386.8 395.7 404.6 417.1 425.9 432.8
250.7 250.7 250.7 250.7 250.7 250.7 250.7 250.7 250.7 250.7 250.7 250.7 250.7 250.7 250.7 250.7 250.7 250.7 250.7 250.7 250.7 250.7 250.7 250.7 250.7 250.7 250.7 250.7 250.7 257.2 259 260.1 262.3 263.4 267.2 271.3 276 278.7 280.6 282.6 292.4 306.1 310.9 305.4 299 295 292.6 288.8 284.5 284.5 284.1 281.7 281.1 283.5 288.3 293.2 299 304.7 310.1 313.5 318.3 321.2 324.2 328.3 332.6 336.1 342.2 349 355.3 364.8 374.3 380.6 388.2 396.8 406 419.9 430.5 440.2
