public/OST50/NH26.asc
ncols 200
nrows 200
xllcorner 220000
yllcorner 860000
cellsize 50
[rows 102 to 135 of 200, columns 0 to 77 of 200]
250.7 250.7 250.7 250.7 250.7 250.7 250.7 250.7 250.7 250.7 250.7 250.7 250.7 250.7 250.7 250.7 250.7 250.7 250.7 250.7 250.7 250.7 250.7 250.7 250.7 250.7 250.7 250.7 250.7 250.7 250.7 250.7 250.7 250.7 250.7 250.7 250.7 250.7 250.7 250.7 250.7 250.7 250.7 250.7 250.7 250.7 250.7 250.7 250.7 250.7 250.7 250.7 250.7 250.7 250.7 250.7 250.7 250.7 250.7 250.7 250.7 250.7 250.7 250.7 250.7 250.7 250.7 250.7 250.7 250.7 250.7 250.7 250.7 250.7 250.7 250.7 250.7 250.7
250.7 250.7 250.7 250.7 250.7 250.7 250.7 250.7 250.7 250.7 250.7 250.7 250.7 250.7 250.7 250.7 250.7 250.7 250.7 250.7 250.7 250.7 250.7 250.7 250.7 253.8 256.3 253.2 251.1 250.7 250.7 250.7 250.7 250.7 250.7 250.7 250.7 250.7 250.7 250.7 250.7 250.7 250.7 250.7 250.7 250.7 250.7 250.7 250.7 250.7 250.7 250.7 250.7 250.7 250.7 250.7 250.7 250.7 250.7 250.7 250.7 250.7 250.7 250.7 250.7 250.7 250.7 250.7 250.7 250.7 250.7 250.7 250.7 250.7 250.7 250.7 250.7 250.7
250.7 250.7 250.7 250.7 250.7 250.7 250.7 250.7 250.7 250.7 250.7 250.7 250.7 250.7 250.7 250.7 250.7 250.7 250.7 250.7 250.7 250.7 250.7 254.8 259.1 259.2 257.9 257.7 257.2 256.9 258.1 258 257.4 250.7 251.8 253.3 251.9 251.2 251.3 250.7 250.7 250.7 250.7 250.7 250.7 250.7 250.7 250.7 250.7 250.7 250.7 250.7 250.7 250.7 250.7 250.7 250.7 250.7 250.7 250.7 250.7 250.7 250.7 250.7 250.7 250.7 250.7 250.7 250.7 250.7 250.7 250.7 250.7 250.7 250.7 250.7 250.7 250.7
250.7 250.7 250.7 250.7 250.7 250.7 250.7 250.7 250.7 250.7 250.7 250.7 250.7 250.7 250.7 250.7 250.7 250.7 250.7 250.7 250.7 250.7 251.7 260.7 262.3 262.6 262.2 261.6 263.9 265.5 264.1 262.9 260.7 259.8 258.7 258 258.3 257.8 259.2 258.1 257.8 257.5 254.6 253.9 253.9 256.2 250.7 250.7 250.7 250.8 250.7 250.7 250.7 250.7 250.7 250.7 250.7 250.7 250.7 250.7 250.7 250.7 250.7 250.7 250.7 250.7 250.7 250.7 250.7 250.7 250.7 250.7 250.7 250.7 250.7 250.7 250.7 250.7
250.7 250.7 251.8 256.6 252.2 250.7 250.7 250.7 250.7 250.7 250.7 250.7 250.7 250.7 250.7 250.7 250.7 250.7 250.7 250.7 250.7 253.2 257 261 263.2 264.8 265.6 266.1 267.9 269.4 269.1 269.5 266.7 268.1 265.4 264.5 264 264.4 265.3 263 262.3 263.6 264.2 264.8 264 261.2 260.2 261.4 262.6 259.1 257.8 260.1 256.4 260.1 256.9 255 252.7 256.4 255.2 252.4 250.7 250.7 250.7 250.7 250.7 250.7 250.7 250.7 250.7 250.7 250.7 250.7 250.7 250.7 250.7 250.7 250.7 250.7
254.3 252.9 259.7 259.3 256.2 250.7 250.7 250.7 253.7 256.2 250.7 250.7 250.7 250.7 250.7 250.7 250.7 250.7 250.7 255.7 258.4 260.5 264.1 265.6 265.9 266.9 268 273.4 273.4 271.8 272 271.5 270.9 271.8 270.3 270.6 270.7 268.2 269.3 268.6 271.8 270.9 268 267 267.2 266.6 267.2 265.9 264.8 264.3 264.4 264.7 264.6 263.4 263.6 264 264.8 264 262.4 261 259.9 258.5 254 256.7 253.2 250.7 250.7 251.2 252 253.6 251.8 250.7 250.7 250.7 250.7 250.7 250.7 250.7
257.7 257.6 260.6 259.9 257.9 257.9 256.1 252.7 261.3 256.3 256.9 256.2 255 250.9 250.7 251.4 255 257.1 259 261.5 264.6 267.4 270.9 270.6 271 271.5 275.7 276.1 276.7 275.4 275.7 275.2 275.3 275.1 275.3 275.2 274 273.1 273.1 272.7 275.5 275 274.4 272.6 273.3 274.3 276.2 273.4 271.8 270 268.7 269 269.4 269.3 269.9 269.9 270.6 269.5 269.3 267.2 269.2 268.9 266.4 269.6 269.4 266.1 267.4 267.2 266.5 266.8 266.1 263.7 260.2 256.6 256.2 253.6 255 250.7
260.2 260.4 261 260.8 260.1 258.8 256.1 257.5 260.4 259.3 259.5 259.5 258.3 257.8 254.6 256.8 259.1 263.4 265.5 268.7 271.9 275.7 277.4 275 277.4 278.5 281.6 281.2 281.7 282.3 283 278.7 278.5 279 280.6 279.9 278.5 277.4 278.5 278.4 278.7 281.3 281.2 279.7 279 279.4 280.8 282 279.8 279.7 280.1 281.7 279.5 280.4 280.8 279.6 279.3 277.1 277.1 278.4 278.3 277.6 278.9 279.9 279.3 278.1 277.9 279.9 278.1 278.2 277.5 276 271 268.3 270.5 272.9 272.7 268.1
263.1 262 261.6 261.6 260.4 258.6 257.2 260.3 260.8 259.1 261.2 261 260 260.9 260.1 260.8 262.3 266.8 271.5 275.4 276.2 280.2 280.4 281.6 282.1 284.4 286.6 286.9 286.5 288 287.7 287 283.6 286.6 285.9 285.6 284.9 284.4 286 285.7 285.4 287.3 286.6 285.6 286.3 287.9 287.5 288.1 287.7 288.5 292 290.9 288.4 289 289 288.8 289.4 288.2 287.5 288.6 289.6 288.2 290.9 292.2 292.3 293.4 294.5 296.6 297.7 296.9 294.7 293.4 287 285.4 289.1 292.9 292.2 287.3
264.5 263.2 262.2 259.4 258.4 258.4 260 261.4 261 260.9 262.5 264.4 263.4 262.5 262.9 264.7 266.6 273 278.3 278.8 279.7 283.8 286.1 288.5 290.4 291.8 292.2 293.4 293.1 293.6 292.9 291.8 291.4 290 291.8 290.9 288.7 290.8 294.3 292.2 290.2 290.9 291.1 290.9 292.4 293.1 293 294.3 294.9 297.9 297.8 297.2 296.6 296.4 297.7 298.3 299.1 299.1 298.5 299.1 300 299 301 301.5 303.9 306.6 309.5 312.5 315.7 314.6 312.2 308.7 301.9 300.2 300.8 306.6 307.1 303.5
265.4 264.6 261.6 260.3 260.6 258 260.3 261.3 261.7 262.7 264.6 264.7 264.5 264.4 265.5 266.8 270.7 278.3 284.3 284.5 285.8 289.5 290.3 293.3 296.6 296.4 296.8 298.3 299.3 299.7 300.6 300.2 298.3 297.7 298 295.8 295.7 297.9 298.1 296.3 297 295.2 298.9 297.5 296.3 297.9 298.6 299.5 304.5 304.1 301.9 303.3 301.5 303.2 305.9 305.3 307.2 308.5 309.3 310.2 310.2 309.6 311.5 311.3 314.6 317.8 320.8 324.9 329.5 330.8 329 322.2 314.9 314.3 314.7 321 321.2 318
267.1 265.2 261.6 261.7 262.2 260.7 260.3 262 263.8 268.4 266.5 267 267.6 268.7 269.8 271.6 276.2 283.7 286.8 290.6 291.9 294.4 296 298.7 302.5 302.6 305.7 306.7 306.4 307.1 307.8 306.8 304.7 303.4 301.7 301.4 303.2 303 303.7 302.6 301.2 300.7 300.8 302.1 300.4 302.6 304.2 305.3 307.4 308.7 307.9 308.3 309.4 310 311.3 313.9 315.3 316 317.6 318.7 319.6 319.5 322.1 322.6 325.6 328.7 333.3 337.1 341.4 344.8 344.9 337.3 328.7 327.2 328.5 333.9 332.9 330.2
267.2 267.2 264.6 264.4 266.2 262.8 261.8 263.2 269.1 272.8 270 269.7 270.6 273.2 275.8 277.5 281.2 286.9 290.6 293.4 296.6 300.3 302.2 304.6 307.2 310.2 310.3 312.4 314.9 314.9 315 314.8 311.2 311.1 312.3 310.6 309.3 308.5 307.9 307.6 307.9 306.3 310.1 307.7 306.5 307.9 308.4 310.1 310.8 312.4 312.4 316 316.2 317.3 318.4 319.1 322.6 324.3 325.7 327.1 328.2 329 330.8 331.8 335 338.8 345.5 351.5 356 357.4 357.3 349.9 345.3 342 341.8 347.6 344.5 347.6
270.5 268.2 268.3 269.1 270 269.1 266.3 271 273.4 271.8 272.8 274.7 276.7 278.5 280 281.2 285.4 290.6 297 297.6 300.2 303.3 306.2 308.3 312.3 316 316.1 317.8 318.9 320.4 321.1 320.9 319.5 321.7 321.6 318.8 316.2 316.1 316.6 316.6 316.7 315.6 314.3 312.9 311.5 311.8 314.5 314.9 315.5 318.2 318.5 320.6 322.2 324.6 324.8 326.9 328.2 330.7 332.1 334.9 336.4 337.7 339.5 340.6 344.6 349.4 357.4 363.9 367.9 370.6 367.1 360.7 359.9 356.1 352.4 356.7 356.6 359.2
271.8 270 271.6 273.2 274.8 269.1 271 274.8 274.5 274.6 276.8 279.7 281.4 281.6 283.3 292 293.2 296.8 302.8 302.1 305 309 311.4 314.2 318.3 320.1 321.7 323.3 325.7 327.7 327.5 326.7 326.3 328 328.7 325.7 321.6 322.8 328 326.1 323.7 320.8 318.3 319.4 318.4 316.7 318.4 319.4 319 322.4 323.7 327.3 327.4 330.3 330.7 332.9 335 337.4 339.7 341.6 343.4 345.8 347.9 349.1 353.2 358.5 366.7 374.8 378.9 378.9 375.3 371.6 371.4 366.5 360.1 364.1 367.9 370.9
272.1 273.6 276.9 276.1 272.6 275.1 280.2 278.8 278.1 280.4 282.8 285.1 286.3 287.8 290.8 296.2 300 302.4 307.6 307.1 309.4 314.9 316.3 319.7 323.1 324.7 326.2 327.9 330.1 330.9 331.4 331.1 329.5 328.6 327.9 328.3 327.3 331.4 333.8 334.4 332.5 329 328.1 326.4 325.7 323.1 323.8 323.2 327.3 328 331.5 332.5 333.7 335.4 337 337 338.6 343.7 346.1 348 349.3 353.9 355.6 356.5 361.7 366.5 374.2 382 386.1 384.7 379.4 378.3 377.8 373.3 367.5 370 377.9 380.5
274.1 278.3 279.8 276.8 279.2 282 280.4 281.4 283.3 286.7 289.4 291.1 291.2 295 298.6 303.3 306.7 310.3 311.2 312.2 316.2 318.7 321.7 325.9 327.3 328.4 331.1 332.4 334.9 335.4 334.7 336.3 332.8 331.4 329.3 328.9 330.2 333 335 335.9 335.4 333.8 332.6 333 331.8 331.6 329.9 330.1 331.8 333.3 334.9 337.8 339.7 341.8 342.1 342.4 342.7 345.2 349.6 352 354.5 359.6 361.6 365.7 368.7 371.9 378.9 386.2 389 387.6 383.5 384.1 382.7 377 370 370.3 376.5 384.5
276.3 279.5 279.5 280.4 282.7 285.5 284.7 286.7 292.4 292.8 294.9 294.8 298.2 302 306.2 308.1 311.1 313.8 316.6 315.2 318.3 322.7 327.4 329.6 331.6 334.2 335.4 337.5 340.6 342.1 339.2 341.6 340.9 335.6 333.4 329.6 329.1 333.3 337.6 340.9 340.8 337.8 337.6 337.9 338 337.9 336.6 337.6 337 339.1 339.7 341.9 346.7 348.7 348.3 348.2 348.4 351 353.2 354.2 357.6 362.2 364.8 369.6 373.2 374.2 378.7 383 386.3 386.8 385.4 384.3 383.7 379.4 372.6 372.5 378.9 389.1
279.2 280.6 280.7 284 287.2 288 288.9 292.8 295.9 298.5 300 303.9 304.9 308.9 311.4 314.4 318.6 322.6 321.1 325 327.5 329.2 330.7 332.9 336.2 337.7 341 342.4 343.9 345.9 344.5 343.5 343 343.4 338.7 335.8 332 335.7 348.9 354.6 352.4 348.3 346.1 345.2 344 343.6 342.8 344.4 342.2 344.2 345.4 346.8 350.3 352.4 353.2 353.8 354.9 356.1 357.3 359.8 360.4 362.5 367 369.7 373.2 375 377.6 380.9 383.4 384.8 384.9 383.8 382.5 379.4 375.8 374.7 380 391.8
281.8 282.4 286.3 289.7 293.8 295.1 298 300.2 305.7 305.6 308.1 312.2 315.7 319.3 321.6 322.7 326.5 328.9 330.3 332 332.8 335.8 337.8 340.4 342.6 343.6 345.3 347.7 349.4 350.5 350 349.1 346.3 346 345 341.7 340.1 337.7 342.1 360 359.8 360.3 357.8 354.8 352.2 349.8 349 348.7 347 350.4 355.2 355.6 355.7 357.4 357.3 359.3 359.7 359.6 361.4 365.2 365.3 365.4 367 369.7 371.3 374.3 375.3 378 379.8 384 383.6 382.3 380 378.7 376.7 376.9 381.6 391.3
285.4 287.3 292.7 295.2 299.2 302.5 303.7 310.8 315.8 315.9 317.7 323.1 324.9 329.2 334 333.6 336 337.2 340.2 340.4 341.6 343.3 345.2 345.9 347.4 349.1 349.6 351.9 352.9 353.3 353.8 352.8 350.4 347.7 346.9 344.6 343.8 342.8 340 350.8 357.7 357.3 357.1 358.2 358.1 358.1 355.9 355.2 355.2 357.5 364 366 365.9 363.8 361.9 366.2 367.3 365.3 369 374.3 372.6 371.1 371 370.9 372.7 373.3 375 375 376.1 378.8 381 379.8 377.8 376.5 376.9 377.7 381.7 390.7
290.8 295.4 300 302.1 306.3 310.4 314.5 319.3 323.7 326.2 329.7 333.5 336.2 339.5 342.2 343.9 346.7 346.6 349.1 350 350.2 352.7 352.3 352.5 354.4 354.4 354.6 357.8 360.6 358.5 357.9 357 354.2 349.6 347.7 345.5 346.7 346.7 345.6 345.8 354.3 355 355.6 356.9 360.2 362 360.7 361.4 362.3 365 372 373.2 372.6 371.5 368.2 368.4 370.1 368.7 373.4 378.9 378.2 376.8 375.5 374.1 374.1 375 375.2 374.1 372.5 371.6 374.1 375.8 373.8 372.1 374.7 376.7 379.5 390.6
295.4 300.7 305.4 310 314.6 320 324.2 328 332.9 336.8 339.5 344 347.8 350.6 353.1 355.4 356.6 358.7 361.4 361.8 360.6 362.2 362.6 362 361.2 359.7 360.2 362.2 363.2 366.1 366.3 365.6 360.2 354.3 350.3 347.5 350.4 354.5 353.5 352.9 354.4 355.5 354.9 356.4 362.5 363.9 364.9 369.4 374 378 382.7 383 381.5 379.3 377 372.7 372 371.8 375.9 382.2 382.8 381.8 380.5 378.4 377.6 375.5 374.5 374.8 372.5 372.5 372.5 372.5 372.5 372.5 372.5 374.7 378.8 387.5
302.1 306.2 310.8 316.7 321.4 328.5 333.1 338.2 342.5 346.8 350.5 356.1 359.5 361.6 364.2 367.4 370.3 372 373.5 373 371 372.4 373.5 373 369 366.2 365.2 365.5 366.5 367.7 367.7 366 362.8 360.4 357.5 353.9 353.8 356.3 356.1 355.2 359.5 359.6 357.6 359.7 363.1 366.2 372.4 382.4 390.2 394 395.3 390.6 387.2 384.6 381.7 377.6 374.7 374.2 379.1 385.9 387.1 386.3 385.9 384.2 382 379.4 376.9 374.9 373 372.5 372.5 372.5 372.5 372.5 372.5 371.9 378.3 384.3
307.6 311 316.9 322.8 329 334.9 341.3 348 354.7 359 363 366.6 370 374.1 376.8 381.2 384.9 385.6 384.7 383.2 382.3 384 382.3 380.4 376 372.9 369.9 370.3 369.4 370.4 369.2 367.5 365.9 365.7 363.7 362.2 360.1 359.6 356.8 356.7 362 364.4 363.2 365.1 366.1 372.4 383.6 399 404.4 406.7 402.1 398.4 394.2 391.8 387.2 382.2 382 381.2 382.7 389.5 391 393.5 394.4 391.4 388.6 384.6 382 379.2 375.2 373.8 372.5 372.5 372.5 372.5 372.5 372.5 374 380.4
313.5 318 322.3 330 335.7 344 351.5 357.9 364.4 370.5 375.7 380.1 383 387.5 391.6 395.5 399 400 398.1 396.1 395.3 393.9 391.4 388.2 383.2 378.3 380.2 380.8 377.4 376.9 373.4 371.9 371.8 370.2 369.5 368 366.7 366.3 363.1 364.3 368 370.8 370.5 372.2 375.2 377.2 388.2 398 408 407.1 404 400.2 396.9 394.6 391.5 389.6 386.9 387.4 390.9 396.4 395.7 398.7 400.4 397.6 394.9 391.3 387.8 384.8 382.6 380.4 378.5 375.2 372.5 372.5 372.5 372.5 372.4 376.9
320.2 324.9 329.8 336.5 343.2 351.6 360.8 369.9 379 385.5 390.3 393.2 399.1 403.6 406.9 410.6 412.8 411.3 410 408.8 405.3 402.5 397.5 395.3 393.9 390.5 390.3 388.2 385.7 383.4 380.6 379.3 381.1 378.6 377.2 373.5 372.7 373.8 371.8 373.3 374.5 375.4 378.1 383.4 386.9 387.8 393.7 400.5 402.1 402.3 400.8 399.3 396 394.8 393.8 394.7 393.1 395.5 398.2 403.4 404.4 407.3 406.8 406.6 402.7 399.9 395.5 389.4 388 386.1 383.8 379.6 374.1 372.5 373.1 373.7 372.5 373.7
328.5 333.3 338.3 343.4 351.6 363.3 374.9 384 391 397.8 402.3 408.9 414.4 418.6 422.6 424.4 426.3 422.6 419.3 418 413.3 409.7 406.8 408.9 405.3 401.6 395.4 392.6 390.5 388.5 387.7 386.7 385.4 382.8 380.5 379 378.6 379.8 380.5 380 380.8 383 386.2 392.4 395.1 400.9 409.2 407.4 402.7 399.5 398.2 396.3 396 399 398.3 403.5 401.6 404.3 409.6 413 415.5 418.7 417.4 418.1 414.9 407.3 401.4 396.2 392.9 391.3 386.7 380.2 374.1 372.5 372.5 374 372.5 372.5
334 340.9 346.3 353.4 363.8 376.3 387.5 397 404.7 410.6 416.9 423.1 429 434.9 437.2 436.8 435.7 432.8 429.3 424.8 418.2 419.8 420.6 418.2 415.9 408.4 401.1 397.5 395.6 395.4 395.2 392.3 387.8 386.2 384.3 385.4 387.1 389.5 388.1 385.9 386.6 391 394.3 401.1 407.5 412.7 418.3 415.6 408.2 406.3 403.5 397.7 400.2 404.8 406 412 412.6 413.6 420.2 421.7 425.3 426.4 427.4 426.9 423.5 415.8 409.4 406.5 401.2 395.9 391.1 383.8 375 372.6 372.5 372.7 372.5 372.5
339.1 346 353.2 364.4 376.9 390 401.2 409.8 418.1 426 433.8 440.5 443.7 447.1 448.8 451 446.9 443 437.6 429.4 429.8 432.4 430.8 427.2 422.4 415.7 406.7 403 400.9 400.3 396.7 393.6 391.1 387.1 387.2 389.7 391.2 391.7 391.6 390.4 390.3 394 399.3 406.7 418.5 424.7 420.6 420.9 416.2 415.1 411.8 405 403.7 409 411.8 419.1 418.3 424.1 429.2 428.2 433.5 435.8 437.6 434.2 430.4 423.6 418.5 413.7 409.7 403.7 396 387.3 379.9 375.3 375.5 375.7 373 372.5
343.1 352.5 360.8 373.7 387.6 399.9 413.2 422.9 430.5 441.8 449 454 457.4 458.3 457.8 458.2 457.5 449 447 451.5 445 443.5 439.9 433.3 428.7 422.4 413.4 409.3 402.3 399.7 396.3 394 393 391.2 390.8 390.7 392.7 393.9 393.3 392.3 393.5 396.6 402.1 410.4 420.7 423.2 420.7 419.4 417.2 414.9 412.3 411 407.2 410 415.2 422.4 422.9 427.3 432.2 433.6 441 443.3 443.8 441.8 437 432.1 427.4 422.6 416.8 410.4 402.6 392.3 385 381.4 379.1 378.7 374.8 372.5
345.5 355.1 366 382.2 397.3 408.1 421.5 430 441.6 454.3 463.4 467.1 468.2 468.4 465.3 463.5 461.1 461.9 465.3 459.6 454.1 450.7 444.6 439.2 430.1 425.9 416.2 411.5 403.5 395.5 391.8 388.1 389 393.6 393.1 391.9 391.6 392.6 392.9 394.6 393.9 397.3 402 409.9 417.5 418 416.6 416.1 414.9 413.1 411.6 410.3 409.8 410.8 418.5 426.3 425.9 430.1 435.8 438.9 449.3 448.2 451.1 449 444.4 441.1 435.9 429.4 425.1 417.6 408.1 398.2 394.3 390.5 385.8 382.4 376 373.2
345.5 355.8 368.4 386 401.3 412.5 422.8 433.2 448.7 463 471.8 477.7 481.9 484.4 473.2 466.3 468.4 470.9 472 467.7 461.5 456.8 445.3 439.4 429.8 422.9 416.2 407.6 397.3 390.4 386.1 383.4 381 386.9 389 390.6 390.1 389.3 390 392.9 393.9 396.9 400.4 404 411.1 411.9 410.7 410.3 409.6 410.2 409.8 408.1 409 410.5 420 427.1 427.1 432.1 439.2 444.2 453.1 455.6 456.1 455.2 452.2 451.5 442.1 439.5 433.6 426.8 416.3 407.9 403.3 399.2 393.5 390.8 380.7 376
347 356.5 367.6 383.3 400.5 411.8 421.3 435.2 451.2 465.5 476.6 482.2 486.7 484.2 477.1 475 478.1 481.9 480.6 471.4 462.1 452.4 447.6 436.5 428.4 422.2 414.2 403.4 393.5 385.1 381.7 375.7 372.6 378 385 387.7 387.2 386.5 386.3 387.4 390.6 391.8 393.8 395.7 398.6 400.5 402.4 403.3 403.3 405.5 405.5 406 408.2 410.5 413.2 422.1 424.5 432.2 440.3 447 455.6 458 460 461.6 460.6 459.5 449.5 445.7 443.5 438.7 430.7 419.7 415.4 409.9 403.6 395.5 388.1 382.2
