public/OST50/NH27.asc
ncols 200
nrows 200
xllcorner 220000
yllcorner 870000
cellsize 50
[rows 0 to 34 of 200, columns 79 to 157 of 200]
558.2 544.9 530.3 514.7 501.8 484.4 477.5 474.4 471.2 471.7 470.7 471 470.2 473.3 483.7 492.4 504 515.4 533.5 559.6 589.4 622.9 657 694 721.5 740.2 749 752.7 751.5 748.7 737.3 717.5 693.2 681.6 668.9 667.6 667.8 670.9 676.7 688 698.7 715.8 731.5 747.3 760.7 773.8 788.9 802 813.1 824.3 834 847.2 864.2 875.3 882.9 882.3 831.2 767.1 713.7 663.7 634.3 606.3 583.1 571.4 568.9 562.9 558.9 560.3 553.1 550.5 545.5 539.6 532.1 520.4 504.3 489.2 462.6 439.5 427.5
569 555.2 539.7 523.6 506.9 491.7 482.9 478.1 470.6 471.2 470.6 471.1 470 471.4 479.8 485.9 496.1 505.8 521.2 547.7 575.2 597.5 622.9 653.6 693.4 723.9 733.8 744.7 744.3 738.6 724.6 703.9 686.3 677.5 669.1 663.4 663.4 665.3 673.3 682.7 696.6 712.6 730.4 747.2 760.5 774.8 791.1 806.9 818.5 831.8 839.9 854.3 871.5 880.4 885.7 881.8 839.8 779 716.8 665.4 627.7 597 581.5 575 567.9 560.3 558.3 563.2 558.2 545.6 529.5 519.1 509.9 498.3 486.1 472.5 453.8 435.9 412.2
577.4 564.1 549.4 534.8 517.2 503.1 489.6 477.9 473 472.1 471.5 471.1 470.8 472.9 476.6 480.8 490.3 500.6 511.3 533.9 556.5 581.3 610.6 647.6 697.2 716.1 725.4 733.7 731.9 726.8 704.1 686.6 674.6 667.1 658.9 655.9 656.1 662.1 668.8 679.2 693.5 711.5 729.3 745.9 758.2 775.2 791 810.1 822.8 836.8 844.2 863 874.3 879.7 879.1 871.2 838 791.7 734.4 673.5 631.6 599 584.9 570 568 563.1 561.1 559.4 553.6 544.2 527.8 505.1 480.7 471.1 460.9 450 435.3 418 401.9
592.6 575.9 559.7 545.3 529.8 514 497.5 486.3 478.2 474.2 472.1 471.7 470.2 470.2 477.4 476 485.3 493.2 503.7 523.7 543.8 566.5 598.7 635.3 685.8 705.6 713.2 711.9 710.4 697.4 680.9 666.3 660.7 655.4 647.7 649.5 651 658 665.5 677.9 691.5 710.5 726.3 743 756.8 773.7 794.5 811.7 825.4 840 849 862.9 868.9 870 866.8 855.3 828.5 801.3 749.3 689.2 638 607.3 585.3 571 569.6 565.1 566.4 564.9 556.7 542 530.4 511.8 482.1 448.2 434.7 425.6 412.8 397.3 382.4
595.6 581.3 568 554 540.6 525.9 511 498.1 483.4 477.2 476.3 472.2 471.4 470.6 475.9 471.3 478.2 486.5 495.1 512.4 529.8 549.7 579.3 609.5 650.1 683.2 678.1 673.6 673.9 668.3 659.1 647.1 646.6 646 642.9 644.7 646.8 654 666.6 679.9 693.5 708.9 726.4 741 756.3 776.3 797.5 814 828.4 839.7 848.1 853.9 856.3 855.6 851.2 839.2 817.1 797.4 750.8 694.2 644.7 616.5 592.5 578.6 572.9 570.2 570.4 567.5 554.8 545.7 532.4 511 483.3 451.8 424.4 401 391.3 374.6 367.9
597.6 590.8 573.6 560.8 548.1 536.4 523.1 508.2 497.3 484.4 477 473 472.8 470.1 471 468.9 476.2 478 487.5 501.4 515.2 529.7 554.4 576.3 602.2 626 637.5 642.5 644.6 643.6 639.3 635.1 632.5 636.9 637.4 636.1 644 655.6 669.7 682.2 696.9 713.2 727.3 741.9 756.8 776.5 800.3 817 827.6 836.6 842.2 840.1 841 838.8 831.2 820.3 799.8 788.6 749 696.4 648.3 615.1 593 579.9 576.4 576.7 578.1 574 561.4 548.9 542.5 515.9 486.5 453.6 422.3 398.6 381 370.3 361.4
600.1 592.4 577 565.8 554.5 544.4 533.4 521.5 506.7 498.2 481 475.7 472.3 471 472.2 470.5 473.7 475.2 477.2 489.1 504.4 514.2 529.5 542.2 556.6 581.6 598.2 611.6 618.8 621 622.4 620.3 625 629.8 631 633.6 647.8 661.1 672 684.9 699.2 717 732.7 742.3 758.4 778.3 799.2 815 824.9 828.1 825.9 827.1 826 821.3 811.1 800.2 788.7 769.9 745.9 693.2 647.1 615.1 593.6 586 580.9 582.3 584.7 577.5 566.1 560 545.1 523.1 496.4 459 426.8 402.1 383.7 370.7 356.5
599.5 595 585.8 573 562.4 551.7 541.6 531.1 518.3 506.1 496.6 483.1 475.7 471.7 473.8 469.7 470.6 471.8 471.5 485.5 493 502.4 508.4 511.9 524.4 540.5 557.5 574.8 589.1 598.8 606.7 610.8 617.3 619.5 621.4 639.3 655.1 666 675.2 691 705.2 720.8 736.3 749.4 762.2 781.9 798.5 810 817.4 816.3 809.7 808.8 805.1 801.5 791.8 779.4 769.8 755.2 742.1 690.8 645.8 612 595.2 590.8 586.4 589.8 588.5 583.8 577 573.2 549.4 523.9 498 464.3 434.2 406.2 386.9 373.1 360.4
606.6 598.9 588.4 578.6 569.1 559.3 548.6 538.8 528.8 516.2 504.4 493.3 483.2 476 472.4 470.6 469.3 470.6 469.8 480.9 486.2 492.6 492.1 496.9 499.2 508.9 526.3 547.5 568.9 582.5 590.8 598.6 604.6 610 630.4 648.3 665 674.1 684 698.1 713.5 729 744.9 759.4 773.3 787.4 798.4 805.4 808.3 806 796.7 792.8 789.1 783.5 772.7 760.5 748.1 736.5 730.7 686.4 641.7 611.3 599 597 591.3 590.1 595.1 588.6 588 586.1 562 530.5 502.7 470 437.1 415.1 390 373.2 361.2
612.4 606.1 597.2 587.1 576.1 565.7 554.4 543.3 534.5 524.5 513.8 501.8 491.2 481.9 475.4 471.2 472.8 471.2 467.8 475.3 478.9 482.2 482.6 485.9 489.7 497.1 511.8 530.5 546.2 561.4 573 582.4 592.7 620.5 642.1 660.3 674.6 685.7 695.2 709.2 726.6 741.3 755.6 769.3 781.2 792.5 801.1 807.5 805.9 794.8 786.1 778.1 774.9 765.3 749.6 733.1 723.1 718.1 698.8 668.2 635.8 609.5 594.3 586.3 593.7 591.3 601.6 598 600.8 597 570.6 540.9 508.5 473.6 440.2 421.2 394.3 375.5 362.3
611.7 611.2 606.1 594.7 582.5 572.9 561.2 548.7 539 529.9 519.3 509.6 500.1 488.7 481.9 474.9 471.3 471.2 469.6 473.6 474.8 478.1 475.4 478.7 481.4 486.8 497.4 512.7 526.1 540.8 551.9 572.2 599.2 628.6 652.2 671.5 685 698.3 708.4 721.6 737.9 750.8 764.2 775.4 788.1 797 805.4 808.3 803.6 793 774.9 763 758.8 742.5 721.4 703.7 690.6 682.9 667.9 646.6 624.2 599.4 583.7 585.8 597 592.4 597.3 609 609.7 604.8 588 551.9 515.2 478.4 449.9 423.4 396.8 377.2 362.6
610.3 618.7 614.5 603.3 591 581 569.6 555.2 543.6 533.5 524.3 514.9 505.4 496.1 487.5 478.8 472.6 472 468.5 471.6 474.4 473.3 469.2 471.3 473.3 476.9 486.4 498.5 509 521.8 537.1 565.5 598.6 630.5 658.2 679.5 693.3 709 719.7 731.2 744.1 758.5 769.3 779.5 790.5 798.5 805.9 807 802.9 793.2 776.8 752.2 738.3 721.9 696.9 676.5 655.4 643 636.4 623.7 604.7 589.3 581.9 581.4 589.4 596 603.2 610.9 612.4 614 594.6 555.6 521 484.8 457.9 427.5 400 378.8 361.6
608 619 614.8 608.8 598.6 590.5 577.6 563.5 550.4 537.7 528.4 519.4 509.8 501.2 492.7 484.5 476.6 471 466.6 470.5 470.7 467.9 464.3 465.9 466.3 469.9 477.5 486.8 496.4 503.2 523.9 553.9 590.5 627.1 657.3 681.3 697.8 713.7 725.9 736.3 746.6 758.1 769.2 779 787.5 795.1 802.1 802.6 800.4 794.3 773.4 749.8 723.2 703.6 676.9 654.4 632.6 612.6 609.9 604.5 587.9 579.7 579.7 579.7 587.1 596.7 606.2 614.7 617.7 619.2 596.1 562.9 525.1 498.8 462 431.5 402.6 379.9 362
602.7 612.9 614.8 611.9 607.4 601 583.5 569.8 557.2 544.4 532.5 522.8 514.6 505.1 498.3 489.3 480 472 469.8 466.1 465 465.1 461.7 461.6 461.2 465.2 470.9 477.2 485.2 493.1 510.6 537.5 571 609.5 640.3 671.5 693 709.8 715.1 729 742.4 753.6 764.4 772.1 778.3 784.4 789.3 791.8 795.1 791.8 777 747.4 714.3 687.9 663.7 643.4 616.5 597.5 593 589.6 579.7 579.7 579.7 581 585.1 599.4 604.9 613.6 617.5 625.5 599.9 564.3 533.1 503.8 467 436 405.2 381 361.3
604.4 614.9 619.4 617.4 615.8 613.4 597.4 581.3 565 551.4 538 526.3 518 509.3 501.6 494.2 484.6 475.9 468.3 464 463.8 462.9 459.2 458.2 459 461 465.6 472.5 475.6 482.1 495.4 519.6 545.5 574.1 603.8 629.1 645.7 661.7 670.4 689.4 723 741.9 751.1 758 762.6 768.3 772.4 778.4 786.6 786.8 773.8 748.1 708.7 676.1 649.6 628 603.8 590.5 587.2 582.7 579.7 579.7 579.7 583 590.5 600.6 608.9 615.1 626.4 621.8 594 568.7 538.7 502.8 467.5 438.3 410.4 381.6 360.8
599.3 611.4 614.3 616.1 619.8 616.8 608 593.5 574 558.6 545.4 533.4 521.7 511.8 505.1 496.6 487.2 479.1 470.2 466.3 462.1 458.5 455.9 456.2 456.4 458.8 461.8 465.8 469.2 472.1 481.7 499.9 520.2 539.8 560.1 584 604.3 619.4 633.3 656.1 683.2 707 727.6 737 741.5 747.9 754.7 764.5 772.7 776.2 766.3 746.4 706 671.2 642.4 612.3 594.5 588.3 586.4 585.9 579.7 579.7 579.7 584.7 594.6 605.6 611.9 622 627.8 621 599.2 573.3 533.9 499.9 471.4 437.6 408.5 382.9 360.4
595.8 606.8 612.5 617 621.8 621.5 613.8 606.3 586.8 566.8 554.9 540 526.8 515.1 505.6 497.9 488.8 480.6 473 465.6 459.6 455.4 454 452.9 453.2 455 456.7 458.9 462.6 464.1 470.3 481.7 494.8 511.3 529.7 553.5 571.1 582.8 601.4 623.5 646.1 668.9 692.1 708.6 715.9 724.5 732.4 744.8 756.4 761.2 755.2 734.1 702 672.6 642 618 601.3 592.5 591.4 585.3 579.7 579.7 579.7 588.9 597.6 607.5 617.8 627 628.3 626.1 606.3 575.6 539 506.6 469.7 429.4 403.2 383.6 360.6
601.2 608.1 612.5 620.8 625 628.1 621.2 614.4 597.7 579.8 559.6 547.6 533.1 519.8 510.4 500.5 491.6 478.7 473.1 468.2 460.4 454.4 451.6 450.9 452.1 451.4 452.2 453.2 455 454.8 458.9 466.6 474 488.8 503.9 521.4 535.6 549.3 568.1 590.9 611.7 635.1 658.2 678.7 692.3 701.6 710.3 725.9 737.8 743.1 738.4 719.2 694.2 669.7 639.1 618.8 600.5 593.1 591.4 585 579.7 579.7 583.7 590.9 600.3 610.4 620.4 630.2 633.8 636.5 609.8 576.2 540.8 499.2 456.6 425.4 402.7 381.8 362.1
600.5 611.3 610.2 621.4 629.6 636.8 631.1 621.8 608.8 594 569 554.8 540.4 527.8 515.4 504.3 495.8 483.6 474.1 468.5 461.9 455.6 450.6 447.8 446.8 448.5 449.2 450 449.3 448.4 449.1 451.8 459.8 469.3 478 492 502.4 516.3 536.1 558.2 580.3 603.6 625.5 646.2 667 680.5 693.4 706.4 716 723.4 719.8 702.7 684.7 661.4 634.8 615.8 599.3 593 589.3 584.4 579.7 581.3 584.8 592.3 601 612.3 622.6 632.4 641.6 640.3 608.2 576.1 526.7 487.9 455.1 423.6 400 382 362.4
598.6 605 607.5 611.6 619.3 626.6 627.1 618.6 612.8 600.7 580.8 562.6 548.4 535.6 521.6 509.5 500.1 490.8 477.2 468.5 464.5 459.3 454 448.1 445.3 445.4 446.8 446.3 444.2 442.8 441.8 443.3 445.9 452.1 459 467.2 475.4 488.7 508.2 527.4 551 573.8 595.7 613.4 632.5 654.5 672.5 686.1 695.1 703.8 700.7 686.5 664.4 650.8 630.8 611.9 599 593.8 590.7 581.7 579.7 580.6 582.8 591.5 602.1 613 624.5 635.7 646.3 625.6 595.1 560.7 521.3 486.3 453.1 420.9 393.5 381.2 362.5
590.3 598.5 601.9 607.9 610.8 616.8 618 620.3 614.4 610.1 595.2 573 555.1 541.1 527.5 515.7 504.2 494.1 484.2 475.4 462.7 460.6 457.2 453.9 445.9 444.9 443.9 442.3 440 437.2 435.8 434.6 435.8 440.7 444.4 450 454.6 466.2 482.1 500.2 518.7 542.3 563.1 577 590 616.6 647.4 661.2 669 672.2 675.1 663.6 639.1 627.6 618 604 596.1 594.1 589.4 580.7 578.6 578.2 581.6 592.3 602.7 616.3 626 637.5 644.6 620 587.7 552.7 512.7 477.6 445.8 413.3 392.8 377.9 359.9
581.2 585.5 591.1 598.9 603.9 604.5 607.8 613.1 615.7 614.8 605.4 586.7 570.5 550.8 535.1 520.2 509.5 498.6 488.7 479.5 469.4 458.9 457 454.3 452.1 445.4 441 439.5 438.8 434.8 432.5 434.5 431.4 431.5 436.8 440.9 441.3 449.2 461.4 472.3 486 503.9 526.8 542.3 559.3 578.6 604.5 623.6 635.7 642.6 648.4 638.1 620.6 611.8 606.3 598.2 593.4 589.8 584.1 576.4 577.2 577.9 582 591.6 603 617.3 628 646.4 642.2 614.7 579 541.1 507.6 473.4 440.8 410.9 393.6 371.4 360.7
574.5 576.4 581 590.4 595.6 598.5 603.9 608.4 621.2 618.4 611.8 607.7 590.6 563.9 542.1 526.7 514.8 502.5 491.5 482.6 473.8 464.5 453.8 452.3 450.6 449.2 443.1 439.8 435 433.6 432.6 428.1 427.1 429.9 431 433.5 432.2 438.4 445.1 452.2 459.5 476 493.9 510.9 526.9 542.3 562.7 584.6 600.7 614.8 613.8 613.7 608.2 600.3 601.2 592.3 589.3 586 577.9 573.7 575 577.5 584.1 592.8 604.2 618.7 631.8 649.8 640 601 565.5 536.8 505.3 471.7 437.6 411.5 391.2 367.5 358
560 565.1 567.2 575.9 585.6 590.7 595.3 604.1 617 611.1 612.7 612.1 598.6 577.3 553.2 534.7 520 507.1 494.8 485.2 476.1 465.5 458.1 450.1 448.3 446.8 446.4 439.3 434.8 430.4 430.7 427.5 423.9 423.7 424.7 426 424.9 427.7 432.4 436.6 442.2 452.2 468.3 483.8 499.8 512 524.8 540.9 565.5 590.7 586.6 587.5 596.9 595.3 593.5 587.3 583.4 579.4 571.7 570.8 577.2 579.5 586.1 593.2 608.7 622.8 636.5 651.1 624.6 588.6 554.7 525.5 493 460.8 428.1 411.6 389.1 368.1 350.4
548.1 551.7 555.2 565 572.8 580.5 586.1 600.6 605.8 610 608.3 609.9 603.1 588.8 566.5 542.9 525.5 511.6 498 487.3 477.3 467 459.3 453.8 446.2 443.9 442.3 440.4 440.8 432.1 429.3 426 421.6 422 420.5 419.7 417.2 419.9 423.5 425.7 429.9 435.7 448.1 462.1 476.8 485.7 495.4 510.6 533.9 558.9 569.4 572 582.2 579.2 581.7 581.1 576.5 572.2 565.8 572.6 578.3 581.5 588 595.5 612 626 641.4 649 610.7 580.6 549.8 518.3 486.1 453.1 425.3 406 386.6 370.1 346.4
538.5 542.3 544.5 553 563.7 571.3 581 594.5 600.8 603.8 601.5 600.8 601.8 587 573.5 553.6 534.2 518.3 503.4 488 477.7 467.2 460.1 453.3 446.8 442.4 440.8 437.6 436.8 432.7 430.9 428.8 426.1 421 413.4 415.2 413.2 412.4 416.7 417.5 419 425.6 433.4 444.1 455.3 467.2 477.4 494.3 510.8 534.1 543.5 550.9 564.6 570.2 572.2 571.7 567.7 565.5 563.2 570.2 575.7 584.8 591.8 601.4 614.8 627.3 643 636.5 610.8 577.1 539.3 509.2 478.9 446.6 423.4 406.2 390.1 368.1 348.4
534.1 537.8 539.3 544.1 552.3 563.4 572.2 587.6 595.7 599.4 596.7 596.7 598.2 594.7 587.5 569.4 548.3 529.2 509.6 493.3 481.9 470.7 461.8 455.4 448.1 442.5 436 435.3 430 429.6 426.2 426 424.6 422.1 415.8 410.2 407.9 407.7 411.1 411.6 413.1 414.2 422.2 430.6 439.7 450.8 464.4 476.5 488.5 508.9 519.6 525.1 540.4 553.9 558.1 560.5 557.6 555.2 557.3 566.7 575.8 588.4 596.7 607.7 617.8 629.3 641.6 632.9 603.5 565.6 529.1 504.4 475.2 444.2 418.8 399.8 392 369.4 347.9
530.7 534.2 535.3 535.9 542.5 554.2 563.6 578.7 588.5 594 594.2 598.7 603.8 601.8 600.4 580.4 557 537.4 516.8 500.8 487.9 476.3 467 458 450.7 444.7 436 430.5 426.2 423.2 421.3 420.6 419.7 417.3 414.7 410.6 405 403.8 405.9 407.5 408.9 406.7 411.4 419.1 428.5 437.8 449.5 459.4 468 485.4 498.3 508.8 518 532.7 545.2 547.4 546.7 544.9 554.7 564.8 578.1 593.1 602.2 608.7 619.9 631.4 644.9 632.8 592.2 558.3 525.5 497 465.6 437.8 420.3 399.8 383.4 367.4 346.8
527.3 527.7 529.8 530.9 533.7 544.3 553 571.9 583.7 588.9 591.3 591.1 596.3 606.3 602 589.3 566.8 544.8 523.9 507.5 496.8 483.4 472.4 462.2 451.9 446.4 438.8 432.9 425.4 421.8 418.5 416.3 413.9 412.8 412.9 409 404 401.6 398.9 399 399.9 400.1 404.1 408.2 419.3 426.4 437.6 446.2 453.2 468 480.2 489.2 501.8 518.5 528.8 533.9 536.2 542.3 554.7 567.5 583.1 595.3 603.9 609.1 621.3 636.7 647.6 622.8 591.6 557.6 519.6 494.4 463.2 431.9 410.4 393.3 375.2 359.6 341.8
522.8 520.9 523 523.4 527.8 531.1 544.2 560.6 571.5 581.6 582.1 588.8 599.3 602 603.2 592.1 573.1 553.7 531.1 514.2 502.3 489 477.9 466.8 456.9 449.1 442.1 433.7 427.6 425.7 422.9 415.3 412.7 412.1 410.1 405.8 403.8 399.2 400.7 396.3 397.3 395.8 396.9 403.3 410.8 417.7 426.6 434.2 442.2 453 463.6 474.1 487.3 500.1 513.1 518.9 532 542.9 556.2 570.9 585.3 596.6 604.7 610.8 625.7 638.1 648 620 587.5 548.1 518.9 495.9 470.1 440.5 408.6 390.7 379.9 362.2 345.4
514.4 513.4 513.8 514.8 519 523.5 530.8 550.6 562.7 565.6 575.1 585.7 596 605.5 606.9 598.7 579.4 559 540.4 523.8 508.7 494.6 483.2 474.3 461 452.6 444.3 436.6 431.3 427.9 425.4 423.2 417.1 410.4 408.2 406.8 402.8 400.2 394.6 393.8 396.6 397.3 398.6 403 405.2 410.7 417.9 422.9 434.7 441.8 452.9 463.1 474 482.5 495.9 508.8 527.4 542.8 558.5 570.6 585 595.7 605.2 615.1 630.3 640.1 644.7 614.1 583.5 549.4 522.3 502.6 472 443.4 410.8 393.7 385.1 362.1 343.5
504.4 505.3 504.6 506.6 512.2 517.4 521.6 536.5 548.4 558.3 567.8 572.1 586.4 597.8 608.6 602.3 584.8 565.9 548.3 532.1 515 500.6 490.1 480.7 467.1 456.8 448 440.2 434.2 429.7 425.4 418.8 417.2 413.4 406.3 402 400.2 399.2 399.1 392.7 394.9 396.5 398.1 400 401.7 405.7 411.7 417.1 424.8 429.8 442.3 451.3 460.2 469 486.4 504.4 519 541.8 558 568.3 583.2 592.4 605.1 618.5 632.8 641.4 638.6 613.7 586.7 552.1 527.4 505.6 474.2 444.8 415.9 392.9 380.4 363.8 341.6
497.6 497.5 497.9 500.1 506.6 511 517.1 523.6 537.3 551.5 560.3 570.3 576.8 592.4 608.1 606.1 592.6 572.1 557.4 539.6 525.1 507.2 497.4 486.5 474.9 463.6 454.4 446 438.3 431.5 424.6 417.7 412.2 409.9 407.2 401.2 399.4 398.1 397.4 391.6 393.2 393.6 394.5 394.1 397.4 403.7 405.4 411.5 419.4 422.4 434.1 441.6 448.1 459.7 480.2 496.1 513.5 537.9 554.2 567.6 581.3 590.3 601.9 617.8 629.1 642.6 637.7 606.7 573.3 547.9 530 504.5 474.3 447.8 419.7 387.6 375.5 357.9 342.7
493.4 491.6 493.4 496.7 500.5 506.7 513.5 520.6 529.7 546.9 554.9 567.5 578.7 593.2 606.4 611.8 600.4 581.5 562.8 548 533.6 519.3 505.8 493.3 482.5 470.1 459.5 449.8 443.4 435.6 427.6 419 412.7 410.2 407.1 405.5 401.4 398.5 396.3 393.5 390.2 392 393.3 393.3 395.2 399.3 402.8 409 415.3 416.2 421.7 431.3 438.3 449.9 469 485 505.6 527.4 551.9 564.2 577.3 588.5 600.8 615.7 625 637.3 631.4 600.5 568.8 542.9 521.7 500.2 471.8 445.9 416.9 392 370.2 357 344.3
492.4 489.4 489.3 491.5 493.7 500.7 505.3 512 530 541.1 546.3 559.3 570.4 597 612.7 613.8 604.3 587.1 570.4 556.4 542.6 530.2 515.8 501.5 489.8 477.4 466.4 456.2 448.3 437.6 429 422 419.5 413 408.2 405.6 406.4 401.3 399.9 398.8 392.2 389.4 392.4 394 394.8 398.3 399.1 403.7 409.8 411.9 415.3 423.2 429.7 438.3 456.6 474.8 498 515.3 545 557.2 569 580.9 593 612 621.4 628.9 620.3 592.4 561.9 537.7 513.2 488.7 458.8 438.2 419 391.5 370.2 355.1 344
