public/OST50/NH27.asc
ncols 200
nrows 200
xllcorner 220000
yllcorner 870000
cellsize 50
[rows 70 to 104 of 200, columns 79 to 157 of 200]
484.3 503.1 517.6 530.9 534.7 534.1 531.7 525.7 525 522.6 514.6 514.4 513.3 504.9 498.7 486.9 481 476.5 465.4 460.5 456.4 450.6 446.7 444.7 444.6 438.9 435.1 430.8 425.4 422.2 418.8 414.3 407.6 401.5 402.8 400.5 400.1 397.9 401 405.4 406.6 408.9 408.9 420.8 424.6 427.9 434.8 441.1 453.8 461.8 467 477.4 486 494.7 500.8 508.3 515.5 513.2 503.9 486.2 472.2 450 428.5 398.4 378.7 356.6 345.6 332.3 318.9 304.5 290.9 284 280.1 279.5 279.1 278.5 278.2 278.3 278
465.9 480.2 498.5 509.2 514.2 509.3 503.1 499.7 494.9 488.4 483 486.2 490.5 480.5 473.4 465.8 462.8 455.1 449.2 443.8 440.5 438 435.1 435.3 435.1 431.4 428.5 424.2 423 419.6 416.5 411.8 402.9 396.2 401.1 396.1 395.6 395.8 398 400.4 402.3 401.9 402.6 411.6 417.7 424.6 429.6 433 447.9 459.9 463.2 480.2 487 485.9 492.2 501.4 503.1 507.9 506.5 496.8 475.3 457.3 434.6 405.5 382.2 364.4 348 334.3 317.9 309.3 298.6 287.1 282.4 279 278.4 278.2 277.9 277.8 277.3
442.9 461.6 477.3 487.1 485 476.6 468.9 457.7 454.3 452.4 448.9 448.1 450.8 448.2 447 438.7 434.7 432.1 433.5 427.8 425 422.4 422 422.6 422.1 421.9 420.3 417.8 417.7 413.3 411.9 408.4 396.3 392.7 396.8 392.2 390.9 392.4 392.1 393.7 397.6 394.9 398.3 406.1 412.8 418.1 423 432.6 441.8 452.6 459.4 471.6 474.9 473 480.3 490.7 496.5 497.6 503.4 493.3 482.1 464.8 443 417 393.5 372.2 356.6 339 320.3 306.9 297.6 287.6 283.2 278.3 277.8 277.9 277.8 277.4 277.2
420.2 437.3 455.5 454.3 452.5 443.1 435.2 427.2 423.7 420.2 418.4 418.5 418.4 417.3 416.8 410.1 409.8 409.5 410.2 411.4 409.5 408.3 406.7 409.4 411.6 411.7 410 408.2 409.5 406 405.6 399.6 386.7 390.7 390.8 389.6 387.5 388.9 389.2 391.3 392.4 388.5 392.7 398.4 403.9 411.1 418.7 431 438.9 450.5 447.8 450.4 458 463.8 471.9 481.6 487.9 492.9 501.3 497 487.9 471.5 449.7 427.5 406.5 385.5 361.8 344.6 326.6 312.8 299.6 287.5 284.4 278.8 278.1 277.9 277.7 276.9 276.9
399.4 420.9 430.7 429 418 409.4 404.4 400.7 395.5 393.6 391.5 389.7 390 391.2 390.1 387.5 387.6 387.3 390.1 392.3 391.6 391 392 395.5 399.2 400.9 398.9 399.2 400.4 397 396.3 392.5 384.9 385.4 386.5 387.1 385.4 387.8 387.1 389.5 387.7 386.1 388.6 393.4 396.4 400.8 415.4 422.7 431.8 437.9 443.3 447 454.4 461.3 467.4 473 476.2 486.1 493.3 485.9 483.4 475.4 455.3 434 412.5 389.9 367.8 351.3 335.2 319.5 306.9 291 285.4 281.5 278.4 277.8 274.8 274.5 274.5
368.9 389.8 407.3 402.6 387.6 381.6 377.9 376.2 373.4 371.6 370.7 370.2 370.3 371.3 369.9 368.8 368.7 368.6 371.9 374.6 375.9 376.1 377 380.1 386.7 387.1 385.3 387.9 385.9 386 387.6 381.9 377.7 378.9 378.9 381.5 380.8 380.4 381.6 383.5 382.9 384.2 387.1 391.2 392.1 395.6 409.1 412 418 423.8 431.8 439.4 449.6 455 460.1 467.7 475 481.7 488.1 485.1 483.4 478.2 460.4 441.2 417.7 396 375.7 357.8 341.5 328.5 309.5 295.1 287.1 281.3 277.7 275.3 274.5 274.5 274.5
340 356.7 375.1 373.7 361.6 361.1 360.7 358.2 357.6 357.3 355.3 356 355.5 355.9 356.7 355.6 356.4 355.6 355.9 357.9 359.3 360.7 362.4 365.6 371.8 374.3 372.4 372.4 371.6 373.4 375.8 374.3 370.3 373.8 371 371.1 373.1 376 377 378.6 379.8 380 382.9 388.8 388.3 388.9 396.3 398 404.1 411.6 420.1 427.6 437.2 447.2 451.2 459.5 473.8 480.7 479.5 477.1 476.2 472.6 466.9 446.1 427.9 411.3 390.9 363.8 348.6 333.7 314.5 296.5 288.7 282.4 277.9 274.5 274.5 274.5 274.5
324 332.4 344.4 346.8 343.5 342.6 343 343.4 342.4 342 340.8 341.9 342.1 343.5 342.9 343.1 343.7 343.7 344.6 346.4 347.2 348.2 350.4 353.6 357.5 360.1 360.4 360.3 360.3 362.7 366.1 364.2 366.3 367.4 367 365.8 366.5 368.8 370.4 374.7 375.3 372.3 376.1 382 383.2 380.8 387 393.3 394.7 398.2 407.8 413.5 416.8 430.8 437.3 448.5 464.7 476.8 475.3 472.3 474.9 480.7 470.2 456.5 440.8 422 399.7 373 357.2 339 322.3 300.3 291.5 285.5 279.8 276 274.5 274.5 274.5
308.8 314.8 324.5 325 324.7 324.3 326.3 326.6 325.5 327 327.1 328.4 330.4 330.8 330.6 331.9 332.7 332.5 335.1 336.2 337.2 338 339.8 343.6 347.3 349.1 349.2 351 351 356.7 357.2 353.4 363.1 363.9 365.6 364.4 364.5 361.3 360.7 365 368.1 367.2 370.2 376 376.8 374.3 383.3 387.7 386.1 388.8 400.3 401.4 400.2 407.6 419.2 431.7 452.1 464 469.6 469.1 476 482.5 477.8 469.2 448.9 429.5 404.9 381.3 360.1 338.8 328.2 306.4 295.3 287.9 282.6 279.2 274.5 274.5 274.5
296.5 299.2 305.6 306.5 309.1 309.7 311 313.4 313.5 316 315.2 316.9 319.7 320.1 320.4 322 323.3 323.8 324.8 327.3 328.3 330.2 332.4 334.9 337.7 339.2 339.5 342 344 346.3 346.9 343.9 354 353.6 359.2 359.8 360.8 360 358.4 359.9 360.7 364.8 366.8 370 370.2 368.8 376.6 378.4 380.2 387.7 394.5 388.2 385.5 392.2 398.2 413.9 435.5 458.5 458.7 462.9 480.6 488.5 486 474.3 452.1 436.7 412.9 392 363.4 347.8 332.1 314 297.7 290.4 285.8 280.9 277.9 274.5 274.5
284.5 286.5 290.4 292.4 295.9 297.5 299.1 299.8 303.3 305 305.6 307.9 308.4 310.4 312.9 313.9 314.6 316.2 317.5 320.2 321.3 322 325.3 326.6 327.9 329.7 331.3 332.7 333.7 337.1 330.8 339.9 342.6 343.2 348.5 350.8 353.3 352.6 353.7 356.4 357.9 358.1 361.7 363 362.4 366.2 370.2 370.1 368.7 381.8 381.8 374.8 372.4 375.2 383.6 397.1 420.3 437.5 450.7 461.2 479.4 489.7 495.2 484 461.4 440.4 419.1 396.1 372.6 349.4 334.5 315.5 304.5 292.8 288.7 282.9 279.7 276.7 274.5
274.8 278.5 281.1 283 286.6 286.5 288.8 291.6 294.6 296.8 298.9 300.5 302.9 305 304.9 306.5 307.2 308.8 310.7 313.3 313.6 315.1 316.8 317.6 319.7 321.3 321.4 323 325.5 328.2 323.1 328.2 331.9 334.2 338.2 341 343.5 343.1 343.8 347.7 351.7 353.5 354.1 356 355.8 357.1 364.8 363.4 360.8 367.2 370.3 363 365.2 367.8 371.3 381.2 399.6 417.7 433.9 456.5 471.8 483.5 496.7 487.7 469.4 450.8 426.2 402.2 378.5 352.6 337.2 321 310.8 299.1 292.6 286.3 280.8 278.5 274.5
269.2 274.2 274.9 275.9 278.6 279.7 282.1 285.1 287.7 290.2 292 293.8 296.4 299.2 300.4 300.5 301.3 302.9 304 306.8 307.2 308.2 310.3 311.4 312.4 313.5 313.8 316 319.3 321.8 320.6 319.2 322.1 324.4 327.6 331.1 333.8 333.5 335 341 344.4 347.5 348.2 351.8 352.7 351.2 358.4 357.1 357.1 357.6 358.4 357.8 358.5 358.4 362.9 373.4 385.9 400.2 420.5 438.6 457.7 472.4 486 485.9 470 458.9 441.5 412.1 381.9 358.6 337.5 328.2 311.2 301.5 294.1 288.2 281.2 280.3 276.6
266.3 270 270.9 272.1 273.6 275.7 277.8 278.7 281.2 284.3 286.2 288 290.1 292.7 294.5 295.5 296.4 297.8 299.2 300.4 301.7 303.4 303.4 306 306.3 308 307.1 309.8 313.6 312.5 314.7 313.4 315.1 317.6 318.7 321.4 325.2 324.8 326 332.1 335.5 337.9 343.1 346.3 348.6 346.8 347.5 350.1 348.1 346.9 351.1 351.9 356 352.6 354.9 363.4 375 386 402.5 418.2 427.3 444.7 468.1 470.5 464 461.5 446 421 389.8 362.6 340.3 322.3 309 302.2 296 291.5 287.1 282.3 279.9
264.6 266.9 267.5 267.2 268.4 271.8 273 274.5 275.3 279.3 281.4 283.2 284.8 287.4 289 289.1 289.9 292 293.9 295.8 296.8 295.2 299.1 300.8 300 300.6 303 304.6 304.7 304.2 305.4 307.2 307.6 309 311.8 313.5 316.5 316.6 315.8 324.5 325.9 328.9 334.7 339.5 342.6 339.1 343.6 347.2 344.8 340 345.3 346.5 350.9 343.7 350.2 353.1 366.1 377.2 390.2 401.5 409 414.7 424.6 437.8 436.2 454.2 449.6 424.5 393.4 366.5 341.6 322.4 312.4 305.4 299.8 293.9 288.5 284.3 281.9
264.2 265.3 265.1 265.4 265.5 266.9 269.1 270.6 271.6 275.2 276.1 277.6 279.9 282 283.3 284.1 284.8 286.5 288.2 290.2 290.5 290.7 294.1 294.1 294 295.9 296.8 298.5 296.6 288.3 296 297.6 295.8 299.3 304.5 302.6 306.7 303.8 309 316.3 319.4 321 324.1 332.5 337.6 332.4 337.8 339.6 337.7 338 342 342.3 343.4 344 346.7 350.3 357.2 367.7 380.8 391.3 397.3 402.9 405 419.5 423.4 426.8 442.4 421.5 389.7 366.9 343.1 326 312.9 307.4 301.9 295.6 288.5 283.8 283.2
264.8 262.6 265.4 265.5 264.6 265.3 266.8 267.4 268.8 269.2 271.6 272.8 275.3 278 278 278.4 279.3 281.9 283.1 284 284.5 285.9 287.5 286.9 289.1 289.7 290.6 289 291.9 288.1 287.9 290.7 285.8 291 298.1 294.5 297.8 299.6 303.1 309.7 313.9 313.2 320.3 328.6 331.9 327.4 330.6 334.9 329.8 332.2 336.8 334.4 335.1 343.3 343.5 347.5 351 359.3 369 381.3 386.7 387.8 395.7 409.5 413.3 405.5 409.8 415.5 395.3 366 347.7 333.4 320.3 309.1 301.1 296.4 289.8 284.5 281.8
263 264.1 264.2 264.2 264.3 266.9 266.8 267.6 266.4 266.1 267.7 270 271.5 273.6 274.1 275.2 276.7 278 278.7 280 279.8 279.8 281.6 283.3 285.2 284.6 284.6 285.5 287.6 282.3 282.4 284 280.7 284.1 288.6 288.4 291.1 293.8 299.3 300.2 305.6 308.7 313.9 318.5 320.7 318.9 325.1 323.5 321.8 321.7 328.8 333 336.5 334.4 340.1 344.9 347 355.4 360.4 371.5 373.5 373.7 383.9 397.5 404.6 386.2 390.5 401.5 393.5 373.2 352.9 335.6 325.9 317.9 306 298.8 291.4 286.8 281.8
263.8 265 265.3 265 264.1 266.7 266.6 267.4 266.5 265.6 266.8 267.5 267.8 269.9 270.4 271.7 272.3 273.6 275.3 277.4 277.1 278 277.7 279.2 279.7 279.2 280.5 280.4 280.8 277.4 278.3 278.6 276.8 281 285.4 284.4 284.7 288 291.3 292.8 297.3 300.6 305 307.9 311 313.2 316.5 312 314.8 321.1 325.8 330 339.3 335 334 337.8 347 350.7 358.7 363.8 363.4 365.7 369.5 383.2 389.5 376.7 376.8 389 390.1 374.3 352.6 336.5 326.2 319.5 314.5 301.7 292.1 286.3 282.8
264.4 265.4 265.7 265.8 264.8 266.6 266.3 266.2 266.4 266.9 267.2 266.9 266.5 266.9 267.6 269.2 270.4 271.7 273 274.2 274 273.5 273.6 273.8 275.2 276 274.2 272.6 274.1 274.5 274.8 275 274.4 277.9 279 279.1 281 283.6 285.6 287.1 290.5 293.4 293.7 297.8 304.4 306.9 310.1 307.4 310.2 316.9 322.5 327.8 331.3 334.4 335.7 336.3 340.3 347.1 351.8 355 353.8 358.9 362.2 369.5 376.8 369.7 369.7 380.4 384.9 371.5 348.8 335.7 327.2 320.6 317.4 305.5 295 283.7 281.3
265 265.5 266 265.5 266.3 264.3 264.1 264.8 265.9 266.8 267.1 266.8 266.4 266 266.7 267.6 267.9 269.8 270.3 270.3 268.5 269.9 271.4 272.5 269.4 270.5 270.4 271.1 272.5 272.9 273.3 273.1 272.9 274.7 276.1 274.8 276.4 279.6 278.5 282.4 280.5 278.4 280 290.9 297.3 300.2 300.4 301.1 308.7 310.6 318.5 323.1 325.2 325.6 327.9 333.7 336 343.8 343.9 347.5 352 354 360 365.6 369.2 364 362.9 369.8 370.3 365 343.7 334.5 327.4 320.6 317.3 307.1 297.2 286.7 279.6
267.7 267.6 267.8 266.6 265.6 265.2 266.4 265.1 265.8 266.3 265.9 265.5 265.5 265.4 265.6 265.9 267.4 267.9 267.8 267.6 268.4 271.2 268.7 267 266.9 267.1 269.2 271.6 271 271.4 272 271.9 271.6 270.9 271.5 270.7 270.6 273.2 273.6 272.4 272.2 274.3 276.9 284.4 288.7 291.7 296 300.4 303 303.6 312.8 316.8 324.2 322 323.6 330.6 333 339.6 343 345.1 344 349.3 354.4 360.6 363 360.4 356.7 352.6 350.9 348.3 340.2 332 327.2 320.2 316 306.2 296 288.4 280.2
269.1 269 269.2 268.6 267.9 267.1 266.6 266 265.2 265.1 266.3 265.6 265.8 265.8 266 265.8 267.5 268.5 267.3 265.6 265.6 265.4 265.2 265.2 265.3 265.2 267.3 270 270 270 270.9 271 270.5 269 270 270 270 270.3 271 271.2 271.9 272.5 273.6 276.2 282 285.6 289.9 298 294.9 298.1 305.1 311.3 314.8 314.7 319.8 325.4 329.3 332.3 333.9 336.1 336.8 339.8 344.7 353.8 360.1 355.2 350.8 348.1 345.9 341.8 338.7 332.1 328.2 325.4 317.6 307.4 296.1 289 283.9
273.3 271.4 271.1 273.7 271 268.4 267.7 268.7 267.2 266.3 267.2 266.4 265.5 266.6 267.5 266 265.1 265.1 266.1 267.1 267.3 267.6 267.9 269.9 269.5 267.4 268.5 270 270 270 268.9 270 270 270 270 270 270 270 270 270 270 270.9 270.9 271.6 274.9 278.6 287.8 293 290.6 293.5 298.9 306.3 307 309.4 318.2 322.3 325.3 328.4 329.3 332.5 332.5 336.6 340.5 340.1 346.1 347 348.6 348.2 345.1 342.7 339.4 334.7 329.8 329.9 324.2 311.1 298.1 291.8 282.8
278.4 277 274.3 274.9 274.9 270.9 270.5 271.1 270.6 270.4 269.8 272.8 267.3 267.1 267.8 268.6 266.3 266 266.8 267.6 268.2 269.4 269 270.1 269.8 270.6 268.1 270 270 270 270 270 270 270 270 270 270 270 270 270 270 270 270 270 270 271.9 279.5 280.5 282.7 285.5 293.8 298.5 297.8 301.3 307.9 313.1 317.7 321.9 325.4 328.3 330.2 333.1 337.6 340.6 343.3 346.6 349.6 348.8 347 344.9 340.4 335 333 327.1 325.5 313.5 303.4 293.5 282.7
280.7 281.3 280 277.8 276.2 276.2 274.1 271.8 276.1 274.1 273.4 273.3 271 268.8 269.5 268.6 267.5 267.2 266.5 267.8 269 271.2 271.2 270.5 270.2 269.7 267.5 270 270 270 270 270 270 270 270 270 270 270 270 270 270 270 270 270 270 270 270 270.9 272.9 277.8 282.8 293 296.9 300.1 306.7 308.9 313.6 317.2 321 324.9 327.2 331.5 336.5 340.6 344.1 348.6 351.5 351.1 349 347.2 344.8 338.3 331.5 325.4 321.8 310.7 305.9 293 283.5
285.1 284.1 283.1 282.1 279.2 277.7 272.9 272.2 275.6 275.4 275 274.1 269.9 268.4 270.4 270.4 270.7 271.4 267.1 268.7 269.8 273.6 270.7 269 268.4 270.6 271.2 271.3 270.9 270 270 270 270 270 270 270 270 270 270 270 270 270 270 270 270 270 270 270 270 272.2 278 286.6 293.3 296.8 298.4 302.6 311.1 312.7 317.1 320.5 324.4 327.4 332.4 337.9 342.8 347.7 353.8 354.9 351.3 345.6 342.4 336.7 329.4 325.6 319.8 310.1 302.7 292.2 283.5
291.3 290.5 290.8 287.9 282.1 278.5 273.8 273.7 274.5 275 274.9 274 270.5 271.7 274.8 274.8 272.6 268.8 269.8 269.6 268.9 270.3 272.6 274 276.8 278.3 279.3 278.3 277.2 273.6 269.4 270 272.1 270 270 270 270 270 270 270 270 270 270 270 270 270 270 270 270 270 272.6 278.1 284.6 289.5 292.1 299.5 302.8 304.6 310.7 313.9 318.5 325.2 326.3 331.8 338.3 344.6 351.8 354.1 351.9 345.2 342.1 335.5 328.1 323.7 317.4 309.9 300.3 292.1 288
294.2 295.5 290.6 287.7 284.3 282.2 280.1 277.4 273.7 274.1 276.3 275.8 276.3 278.8 275.9 275.3 276.6 279.4 274.4 273 277.1 282 282.2 284.2 288.1 286.4 287.3 285.5 282.6 280.1 278.5 278 275.1 273.1 270 270 270 270 270 270 270 270 270 270 270 270 270 270 270 270 270 271.8 272.5 282.7 287.2 291.7 294.1 299.7 305 310.7 311.8 316.8 323.6 327.6 333.2 337.4 343.9 347.4 345 344.2 339.8 329.1 320.3 315.6 311.6 305.3 298.4 292.9 288.7
292.4 289.8 288.7 290.1 288.9 284.6 277.3 275.6 275.4 279.8 280.1 281.8 283 288 287.3 289.4 289.8 286.2 286.1 285.9 285.8 288.9 293.5 292.8 295 297 293.3 291.1 287.7 288.7 289.8 284.8 281.6 279 275.1 277.9 272.7 271.4 271.5 271.6 270.7 271.3 270.2 270.9 271 270.3 270 270 270 270 270 270 270 274 281.5 289.2 289.1 293.2 296.7 300.4 307.5 313.3 316.2 320.8 326.9 329 333.7 338.3 343.2 346 339.7 330.2 322.4 315.7 310.3 305.6 298.1 294.6 288.3
298.6 294.3 296.3 294.8 295.6 299.2 300.4 296.6 291.8 293.4 290.9 294.7 296.3 297.7 297.3 298.4 293.5 297.7 297 293.4 294.2 298.7 297 300.8 301 301.3 297.8 295.5 296.5 296 297.9 296.6 291.9 286.3 283.4 280.7 279.5 277 275.1 274.5 273.2 273.2 273.4 273.1 273.1 272 270 270 270 270 270 270 270 270 272.8 278.7 284 290.2 291.7 297.4 301.6 306.9 309.5 312.2 318.3 321.5 326 330.7 331.7 330.1 332.6 329.4 325.1 318 311.9 307 299.8 293.2 288.3
306.4 313.6 310.8 308.2 308.3 306.6 305.6 304.5 305.2 302.7 298.6 301.1 303 304.2 303.4 304.2 306.2 307 300.3 301.1 302.1 301.9 304.5 305.2 306.4 306.5 302.9 304.5 304.9 306.1 304.3 304.4 300.8 296.6 292.1 289.4 286.3 282.5 281.1 279.3 275.2 274.6 274.6 274.4 274.1 273.4 271.2 270 270.7 270 270 270 270 270 270 270 277.7 285.7 288.1 293.3 296.9 300.2 301.5 306.8 312.4 315.9 318.5 323.6 319.7 324.3 323.2 324.7 322.1 318.9 313.6 309 302.7 300.3 294.1
321.8 321 317.4 316.8 315.3 315.5 313.1 313.4 314 310.8 311.8 304.1 304.3 307.9 309.6 310.2 312.1 307.9 307.4 308.2 308.8 309.9 310.7 310.1 310.9 313.2 308.2 309.6 312.2 314.4 314.2 312.3 308.6 304.8 302.9 296.8 292.6 288.1 286.1 282 278.5 276.7 276.7 275.4 275.1 274.4 273.5 272.2 270 270 270 270 270 270 270 270 270 278 283.9 288 290.7 293.9 297.5 301 308.1 311.8 313.6 315.3 314.9 315 318 319.1 317.3 314.8 313.8 309.1 305.2 300.6 294.7
329.1 327.6 326.8 325.7 324.7 326.2 322.3 321.3 320.4 319.9 319.6 314.6 315.2 313.8 313.9 315.1 315.4 314.8 314.1 317.3 315.6 317.8 317.5 318 317.8 317.9 316.9 318.1 319.9 324.4 327.7 323.6 319 317.9 314.4 307.6 300.9 295.4 292.2 286 282.6 282.3 280.5 277.2 275.8 275.6 274.8 271.4 270 270 270 270 270 270 270 270 270 275.3 279.5 282.9 288 289.4 293.6 296 301.7 302.9 306.6 311.2 310.7 314.2 310.5 307.4 312.9 311.7 308.6 307.3 304.1 300.9 296.7
335.6 335.6 334.5 334.3 333.4 333.7 332.1 332.4 330.4 328.5 326.8 324.4 322.5 317.9 319.1 319.9 322.1 322.9 322.3 324.4 325.3 323.6 324.9 326 327.2 326 326.3 326.7 328.9 335.4 336.9 336 335.5 333 331.4 321.7 312.4 304.3 295.5 290.9 286.5 284.7 282.3 278.3 277.9 276.5 275.7 274.4 270.6 270 270 270 270 270 270 270 270 270 275.8 278.8 282.4 284.8 289.7 292.7 294.2 298.1 300.2 303.9 305.4 306.4 302.8 305.8 305.8 306.1 302.9 302.7 303.6 297.5 299.4
