public/OST50/NH28.asc
ncols 200
nrows 200
xllcorner 220000
yllcorner 880000
cellsize 50
[rows 140 to 174 of 200, columns 0 to 77 of 200]
342.4 348.4 351.1 354.3 357.5 363.1 366.8 369.6 374.6 379 377.3 376 381.8 386.8 388.6 391.7 393.6 401 406.4 411 418.1 424 430.3 436.5 445.3 448.9 451.2 454.1 458.5 462.2 465.9 469.8 473.4 476.3 479.8 483.7 488.2 490 496.6 504.8 512.4 519.6 526.7 534.7 541 546.6 549.4 555.4 563.3 569.6 572.8 576.4 586.5 592.2 597.2 609 620.5 629.9 635.3 641.3 643.8 647.9 656.6 660.6 653.2 639.4 620.8 600.3 574.8 553 537.6 519 506.8 500.8 495.1 487.7 479.7 474.8
342.5 347.1 352.4 352.8 356.6 362.1 365.6 367.3 371.1 375.3 373 376.8 381.6 383.1 386 388 390.9 399.5 405 410.5 415.6 422.8 428.2 434.4 439.7 442.4 448.4 452.1 456 462 466.4 470.2 474 477.9 481.3 484.3 489.1 492.8 499.2 504.7 511.5 518.8 526.9 534.8 542.5 548.1 553 557.4 563.8 572.2 577.6 583.1 586.9 599.3 603.8 615.9 635.4 647 653.1 665.5 676.5 689.1 694.1 691 682.4 670.1 655 635.2 612.2 591.9 561.9 538.2 524.5 525 516.8 505.5 497.6 490.5
338.5 344.3 348.9 351.4 356.5 360.9 364.7 366.7 370 372.4 372.3 378.4 382.9 385 392.2 391.8 395.9 400.5 406.3 412.7 416.6 422.5 428.4 433.7 439.3 442.6 446.5 450.6 457.9 464.1 466.5 469.9 473 478 483.1 486.1 491.5 495.3 499 505.2 510.8 519.1 526.9 534.7 542.6 550.1 556.1 562.3 565.6 572.7 580.7 588.8 598.5 605.3 612.6 631.6 649.1 668.7 690.3 704.6 710.5 715.4 719.6 719.6 712.6 702.2 690.9 673.4 650.5 626.3 599.6 587.5 577.8 553 537.4 527.8 516.7 506.7
336 340.5 344.6 348.8 355.6 360.5 363.4 366.2 369.1 369.9 372.2 377 378.5 379.1 381.7 386.3 390.1 398.1 403.3 410 415.2 421.5 426.5 433 439.3 442.5 446 450.5 455.9 462.1 465.6 468.3 472.9 479.9 485.3 489.2 492.6 495 500.4 505.1 511.1 518.2 526.9 534.9 542.5 549.7 556.8 563.4 569.5 576.4 581.7 590.2 600.8 614.7 633.2 642.6 666.5 682.1 701.9 721.8 736.8 740.7 736.2 734.6 731.6 729.2 723.6 710.2 689.1 664.9 637.3 621.9 604.2 587.4 565.7 544.1 531.7 522.2
335.5 339.7 343.2 347.3 353.7 358.1 361.3 366.6 367.9 366.4 370.5 373.8 376.9 382.1 385.1 385.6 388.1 394.2 399 403.8 412.9 422.4 427.3 431.6 435.1 440.8 445.6 449.9 455.7 462.1 465.5 470.4 476.7 481.4 484.8 487.7 490.9 499 503.4 507.5 512.8 519 527 534.3 541.1 547.6 554.6 561.9 573 582.5 589.8 595.8 606.1 618.3 635.1 655.2 670.9 687.1 704.8 721.6 736.7 745.6 749.6 748.8 745.4 744.9 745.3 744.4 731.2 711.2 674 649 624.5 604.4 581.7 554.7 543 531.9
334.6 339 342.6 345.9 351.8 355.9 359.2 363.3 364.2 365.6 368.4 370.3 377.9 386.3 385.8 387.4 394.4 398 399.1 402.5 413.5 419.8 423 430.7 435 440.5 446.1 453.6 458 461.1 465.7 472.5 476 480 484.5 488.7 494.6 500.1 503.9 508.4 514 520.9 527.8 534 539.3 547.8 554.2 561.1 571.5 582.8 595 606.3 612.6 620.3 632.9 653.7 670.8 685.5 701.5 716.3 730.8 739.9 747.1 750.2 752.9 753.6 755.7 759.2 753.3 736 713.1 681.2 656.4 624.4 604 582.7 556 541.3
333.5 338.4 342.2 345.1 350.7 354.4 357.1 360.2 360 363.9 366.6 371 378.5 383.9 382.3 385.7 394.5 395.5 401.5 409.7 411.7 413.1 420.5 426.8 432.2 437.7 442.6 451.1 455.7 461.1 466.5 472.3 477.6 482.3 486.4 490.3 494 498.4 504.7 509.3 515.1 521.4 528.2 532.4 536.2 544.6 553.2 557.8 568.3 580.5 594 607 619.4 624.9 633.6 647.2 661.9 679.4 694.7 707.3 721.3 731.1 738.7 743.8 749.5 753.8 759.2 764.1 762.8 755.3 738 708.6 685.3 651.9 623.9 605.2 585.1 561.1
331.5 337.4 341.8 345.1 349.1 353.8 356.6 357.2 361.7 366.5 369.1 372.7 375.6 378.8 380.1 382.9 387.9 393 398.4 405.3 408.8 411.3 414.5 423 429.6 437.2 445.9 450.6 456.8 461.3 466.6 472.3 477.6 482.4 487.3 493.2 494.5 499.3 504.5 508.9 515.7 521.2 526.4 531.9 534.1 540.9 545 554.7 567 579.4 591 604.3 616.3 626.1 633.3 641.2 653.6 669.6 685.2 696.3 708.8 718.7 727.7 734 740.4 747.2 754.6 761.8 763.3 761.6 755.2 742.3 718.8 690.4 659.1 630.5 611.2 590.4
328 336.2 343.9 345.6 348.7 354.2 353.8 355.4 359 363.4 365.9 370.7 374.8 380 381.7 383.8 389.5 391.5 394.5 400.4 406.3 412.6 418.2 426.7 430.4 439.4 447.7 452.8 457.1 462.9 467.9 471.8 476.9 481 487 491.6 493.6 499.7 504.1 508.6 513.8 521.1 528.7 532.7 535.8 539.2 546.6 556.3 568.3 579 589.1 599.3 612.2 621.3 629.4 637.5 644.4 660.2 673.1 683.3 695 705.1 713.7 721.5 728.9 736.3 744.1 751.9 757.9 759 758 755.3 750 732 697.7 669.8 638.1 613.7
324.5 332.1 341.9 345.6 347.8 350.7 351.4 354.9 356.5 357.7 360.7 366 370.7 374.8 378 380.7 386 388.2 391.1 396.8 406.3 411 415.3 421 425.4 432 444.7 449.9 457.6 462.4 465.3 473.2 477.2 481.2 486.7 491.6 497.3 502.7 507.5 510.8 515.4 521.4 528.4 532.7 537.6 543.3 548.9 555 565.7 577.1 586 595.3 606.4 614.9 622 629.5 637.5 650.3 662.8 672 681.1 690.4 699.7 707.6 715.8 724.1 732.1 740 746.4 752.7 755.3 755.8 754.2 749.3 733.3 702 674.1 643.7
316.3 327.8 337.3 343.7 348.6 350.7 355.1 352.5 350.6 358.5 364.3 367.8 370.2 371.7 374.2 376.5 380.9 389.7 399.2 408.3 415.6 418.3 418.5 428.9 434.2 440.8 439.8 444.1 456.2 462.8 464.9 469.1 475.7 480.9 486.1 491.8 497 503 506.7 510.9 515.4 520.5 528.6 533.9 540.6 543.2 546 551.1 561.5 574.5 582.7 591.2 599.5 606.8 615.2 621.3 628.9 639.5 651.8 661.6 669 677.4 687 694.7 702.6 710.8 719 727.8 736.7 743.9 750.5 753.3 754 752.9 752.4 743.2 715.9 688.6
317.3 332.2 338 344.7 350.4 353.6 357.2 348.8 350.8 356.6 363.2 367.5 368.7 367 367.7 374.3 380.4 391 398.5 408.4 417.7 422 424.2 428.3 431.1 439.9 445.8 452.8 459.8 462.3 465.1 470.6 475.9 480.2 486.1 491.8 496.9 501.4 504.5 512.2 516.2 520.5 522.8 527.3 538.5 546.2 546.9 551.9 560 570.5 579 585.5 592.4 599.4 605.9 613.2 621.3 629.8 641.3 650.9 657.9 666.1 675 683.7 691.4 698.2 705.6 714.2 722.9 732.5 739.6 745.2 749.2 752.8 756.2 755.7 750.3 741.1
318.6 328.2 335.3 342.5 348.5 352 355 346.8 333.7 343.7 356 354.7 358.9 369.1 375.4 381 381.9 388.9 397.6 406.1 412.5 418 424.9 427 428.8 436.9 447.4 455.6 461.3 467.5 472.1 477.6 482.1 486.6 490 488.8 492.8 499.6 506.5 513.6 516.3 520 525.1 532.6 539.2 545.6 548.8 552.2 558.9 564.7 571.6 578.2 585.4 593.4 598.4 604.6 612.1 620.3 629.6 638 646.3 655.2 662.2 670.7 679.6 687.7 693.4 702.2 710.9 718.9 725.7 733.3 742.6 750.5 755 758.9 759.1 756.5
318.6 325.8 332 337.6 343.1 348.9 343 318.5 311.9 346.6 352.6 361.7 366.8 373 379.1 384.9 392.4 395.4 402.3 407.5 407.8 413.9 419.2 421.3 426.4 438.4 447.8 455.1 463.7 468.9 474.2 477.4 481.3 485.3 489.5 495.4 500.5 504 509.4 516.5 519.9 526.8 529.5 531.4 537 539.9 549.3 552.2 558.8 564 571.3 575.1 577.7 587.4 593.1 597.4 603.9 611.5 619.7 626.4 633.1 642.3 650.2 658.7 666.4 674.2 681.4 689.9 698.2 705.5 711.8 720.2 730.5 742.5 752.8 757.7 763.3 764.3
315.3 325 330.2 336 339.5 341.6 319.5 332.3 344 347.8 353 362.3 364.7 370.5 378 385.5 393.9 397.5 404.1 413.3 419.7 419.3 424.3 426 428.1 433.7 444.4 453.8 461.7 468.6 469.4 473.9 477.9 485 491.1 495.2 501.2 504.9 510.3 515.1 518.5 522.9 529.1 533.7 537.1 540.9 544.6 552.8 562.8 563.5 565.9 570.5 576.5 580.4 585.8 590.6 596.6 603.9 611 616.9 621.7 629.2 638.3 646.9 654.6 662.6 669.4 677.8 684.2 691.4 699.1 707.1 719.1 731.5 744.8 752.8 759.3 765.2
313.1 323.8 328.2 334.1 335.6 325.3 308.6 340 344 345 350.4 357.6 365.5 371.5 375.6 385.9 390.5 397.2 405 416.1 420.2 421.6 424.3 426.6 433.7 442.7 447 451.6 460.6 468.6 472.5 478.2 483.4 487.5 489.4 495.1 499.2 503.8 507.7 514 519.8 525.2 530.1 535.7 541.1 543.3 546.1 549.8 560.9 564.5 569.9 574.4 577 581 582.6 586.3 592.1 595.9 603.1 609.6 614.6 621.7 628.3 634.9 643.2 651.6 659 665.8 670.9 679.6 688.5 697.1 707.7 720.3 732.5 743 751.6 760.3
311 317.7 323.5 325.5 321.4 297.6 328.1 340 339.8 347.1 357.5 363.9 368.2 373.4 377.4 382.5 389 397.7 403.4 413.4 416.6 423.3 423.6 428.9 435.4 444.8 452.9 457.8 465.2 469.8 476.1 483.1 485.3 489.1 492.1 495.7 501.2 505.4 511 515 521.5 525.1 527.8 534 540.3 545 545.2 549 561.6 566.8 570.6 575.3 579.1 578.3 581.7 581.4 585.7 592.2 598.3 604.1 610.4 617.9 624.5 629.1 633.3 641.3 648.6 653.8 660.6 668.5 678.6 688.1 698.2 709.3 720.6 731.5 745 756.3
307.1 312.8 316.8 313.5 293.6 311.5 328.1 334.7 337.2 348.4 359.7 365.2 369.9 374.9 383.7 384.8 385.1 394.7 405.2 409.5 413.4 421.5 425.6 429.8 438 446.6 454.4 462.7 465.5 470.7 477.3 482.5 486.6 490 492.2 495.6 501.5 504.3 507.7 514.3 517.5 523.9 529 533.3 537.9 542.1 546 552 560.6 569.3 572.3 576.6 579.8 580.3 581.2 580.5 584.2 590.8 595.9 599.9 604.6 612.4 619 625.9 630.4 634.3 638.7 643.3 649.9 659.4 670.4 679.4 689.2 701.6 711.7 722.2 735.2 749.4
300.8 305.6 306.9 290.2 292.7 310 319.8 323.1 339.8 346.1 354.5 359.1 368.8 376.6 384.6 388.6 395.8 398.6 402.4 407.3 413.9 419.8 432 435.9 440.2 447.8 455.8 463.6 466.9 472.3 475.9 481.3 485.7 489 492.7 495.2 500.6 505.7 509.9 512.8 513.4 522.5 528.3 534.1 539.7 543.7 554.9 568.2 567.1 572.9 576 576.7 581.5 582.9 582.9 587.3 589.8 592.7 598.1 602.9 606 607.6 617.8 622.2 627.8 631.8 633.1 638.7 641 651.5 660.3 671.7 682.8 695.7 705.1 712.1 724.7 736.7
288.3 294.9 287.5 281.6 301 310.5 320.3 328.5 343.1 351.6 355.4 360.4 367.6 376.9 384.5 390 397.7 401 401.9 409.7 418.3 428.5 435.2 439.3 444.8 451.3 458.2 467.4 470.6 474.3 478.8 482.2 484 488.2 491.3 496.1 500.8 506.9 512.7 514.1 515.1 520.8 525.8 532 540.4 545.4 556.4 568.4 578.8 580.7 579.3 582.4 589 587 588.6 591 597.7 603.3 606.5 609.3 615.2 616.2 614.8 618.8 624.2 629.4 629.3 637.5 639.8 653.6 665 673.9 684 693.9 702.6 710.3 720.7 729.2
278.8 279.4 262.7 288.9 301.8 313.6 321.1 328.6 339.3 352.3 356.9 363.4 369.7 377.9 385.1 393.3 400.4 403.6 410 418.4 423.6 432.7 436 438.8 449 452.2 460.1 467.8 472.4 476.3 479.6 481 485.3 488 495.5 499.7 502.3 505.9 511.3 513.6 514.7 521.4 528.6 531.4 542.1 547.1 554.9 565.8 575 581.7 590 594.9 601.1 608.1 605.3 599.4 602.1 612.2 618.8 622.4 627.1 626.2 624.4 623.9 628.7 628.1 632.1 636.7 643 660.9 669.9 689.9 703.2 704.2 709.2 715 721 728.3
268.7 260.1 273.3 287.3 299.5 308.7 321.7 329.3 335.5 346 355.9 361.7 368.5 377 383.1 391.9 401.4 405.3 412.4 421.1 427.7 432.3 437.3 443.1 452.6 455.8 460.4 467.5 476.2 477.3 478.9 480.8 485.1 491.4 496.6 499.6 502.4 505.3 508.4 513 514.9 519.8 525.5 534.9 541.4 546.3 553.1 567.3 574.1 580.3 593.3 606.8 615.5 620 623.8 624.9 614.4 619.2 628.2 639.1 643.6 645.6 641.9 635.6 637.2 634.7 640 641.5 653.9 671.1 680.9 700.7 720 731.2 732.5 731.3 732.7 734.2
248.4 256.1 278.7 290.5 301.1 313.2 324.6 331.4 337.2 348.1 352.9 360.7 366.5 375.5 382 389.3 397.1 404.2 412.5 422.5 431.6 434.6 436 444.1 451.2 457 460.5 465.7 474.4 478.3 481.7 482.5 486 491.5 495.2 499.9 503 506.8 508.6 511.7 514.8 519.4 522.2 529.6 539.1 544.8 552.8 569.1 578.5 588.9 593.9 606.5 619.6 627.5 633.9 636.6 641.2 637.4 636.9 648.6 658.4 663 662.1 654.7 651.3 646.7 651.7 658.3 671.9 678.1 692.1 714.8 736.1 749.4 758.3 765.1 761.8 757.7
219.9 268.2 276 288.1 298.8 309.5 319.9 326.4 337.9 351.6 354.1 360.1 367.4 373.7 380.2 388.1 395.7 402.4 412.8 419.6 425.3 431.9 435.6 442 450.6 461.1 465.9 468.8 475.5 478.8 482.8 488.1 490.8 496.2 497.5 500.3 503.1 506.8 508.6 510.4 516.6 520.3 524.3 526.2 534.9 543.6 555.8 567.4 581.4 597.6 608.6 609.6 621.1 631 638.8 648.5 653.2 658.6 661.2 660.1 666.5 673.5 677.4 679.4 676 673.5 678.6 692.1 697.5 701.2 710.2 728.8 748.5 762.8 780.6 793.5 799.5 797.6
228.1 268.4 273.9 286.8 294.8 307.2 318.6 326 335.4 347.4 354.5 358.7 367.8 371.9 381.2 390.3 395.6 403.3 415.2 425.6 430.8 434.7 438.3 444.8 454.6 460.4 468.2 473.5 476.2 478.3 479.4 484 489 494.7 496.4 498.7 501.5 504.7 509.5 511.2 516.5 518.5 521.6 530.5 535.4 541.2 552.7 569.7 588.3 607.7 615.3 621.5 628.4 638.1 646 655 663.1 665 673.5 679.6 680.2 682.4 685.2 689.7 689 689.9 703.9 718.5 720.9 726.9 735.5 745.3 755.8 773.2 798.2 817.2 826.1 825.5
253.6 268.4 276.3 284.9 290.4 309.1 320.5 327.3 332.1 343.9 348 357.3 364.1 371.9 381.3 388.2 396.9 408.3 416.7 426.9 433.2 440.8 446.8 452.3 457.3 463.8 468.2 476.8 477.8 478.7 479.1 482.8 488 493.5 494.3 495.1 498.2 502 503.9 511 517 521.4 528.5 533.8 541.8 546.2 557.4 570.1 594.8 611.4 619.1 623.8 634.2 643.4 651.3 655.6 663.5 674.9 681.5 687.8 692.8 693.4 691 694.1 697.6 700.6 711.3 725.5 738.1 754.3 766.9 769.8 775.2 788.2 810.4 833 844.9 843.8
259.7 266.5 274.7 280.6 286.6 308.8 318.7 324.1 331.1 339.4 344.2 350.6 359.3 367.9 377.7 385.3 398.7 406 416.6 426.6 435.1 442.9 449.8 453.4 458.7 463.6 468.1 476.5 477.1 479.1 481 484.9 493.2 497.9 496.4 493.7 493.7 498.1 502.2 506.7 519.3 529.9 536 541.5 548.5 553.6 566.9 580 598.6 610.6 618.6 624.2 634.2 649 656 662 669 681.3 685.7 699.1 700.4 697.6 699.8 699.5 705.3 710.4 721 731.7 750.9 764.6 771.4 780.4 792.1 806.2 820.9 842.1 854.2 858.5
253.5 264.1 269.6 274.5 292 308.1 315.8 319.3 327.7 333.8 335.2 342 351 364.2 378.9 392.2 400.1 407 417.5 424 435.5 444.1 448.1 452.9 458.4 462 467 471.9 475.2 478.9 482.1 486.7 490.7 493.6 495.2 493.7 494.8 495.1 499.2 510.4 523.6 533.1 542.4 546.1 550.6 557.7 570 580.8 597 608.9 616.1 620.8 634.5 649.4 660.4 667.6 671.5 682.1 690.7 695 698.5 701.5 702.6 702.9 707.6 719.7 732.9 747.3 757.1 774.3 785.4 794.8 806.4 814.5 826.3 847.1 863.6 870.4
249.3 256.5 265.5 273.5 293.9 303.7 311.9 313.7 321.6 324.2 336.8 353.8 360 359.7 377.7 393.5 400.5 407.3 415.5 424 432.8 437.8 450.4 459.3 462.6 465.3 466.3 467.2 470.9 475.8 481 487 489.9 490.5 492.3 493.9 498.6 501.2 504.4 510.4 520.6 531.6 542.2 550.4 553.9 563.7 575.5 590.3 598.7 605 611 618 628.4 639.7 653.8 664.3 670.5 679.6 686.1 690.2 690.9 696.9 698 700.2 706.8 713.8 728.8 750.8 769.3 775.5 781 791.7 804.7 812.9 821.5 839.6 855.1 867.7
244.6 253.1 261.6 275.5 287.6 299.9 304.3 306.5 314.9 324.6 341.2 357.4 369.6 373.6 386.6 393.3 402.1 405.3 413.7 424.6 434.6 443.6 450.1 458.7 464.9 469.4 471.5 473.8 474 482.2 488.5 484.4 489.5 490.9 493.6 495.7 497.2 499 501.5 512.9 525.5 528.6 537.1 550.5 554.6 561.3 573.7 593.1 600.8 605.5 610.5 612.7 622.3 636.8 647.2 659.2 665.2 671.6 675.8 677.4 681.2 685.2 687.8 690.2 694.6 705 718.5 739 760.8 772.2 772.8 776.5 787.7 798.9 809.5 830.9 848.3 857.8
238.2 249.9 258.1 273.3 289.1 293 298.6 287.5 309.1 320.4 340.5 360.6 370 377.2 384.6 396.6 406.8 412.9 418.2 427.9 436.6 444.5 451.5 455.6 461.7 466 470.2 471.7 474.8 482.4 489.7 490.5 488 489.4 491.7 496.1 495.9 497 499.5 508.7 520.4 526.6 529 541.5 550.4 560.9 570.9 586.6 594.2 601.3 608.2 612.2 621 628.8 637.2 644.4 653.3 656 658.2 662.5 672.1 674.8 675.8 680.5 683.8 691.5 703 722.5 749.8 763.6 758.8 761.1 764.6 775.1 788.3 808.7 834.6 846.7
235 245.2 254.7 267.7 276.5 284.9 287.5 270 297.6 327.2 344.7 356 365.2 379.8 384.1 397.3 406.5 414.5 421.2 429.2 435.2 442.8 452.9 458.1 461.1 466.6 474 478.9 476.4 480.6 484.8 488.2 493.5 491.6 492.4 494.1 495.2 497.5 499.8 504.5 514.1 525.4 530.7 538 548.3 557.3 571.4 576.9 586.6 596.1 603.9 610.2 616.5 626.2 633.5 639.3 641.2 642.5 644.5 652.7 660.1 667.9 668.4 672.5 675.6 681.3 693.2 708.1 736.3 751.8 746.8 744.3 742.3 751 764.2 782.6 807.7 828.7
229.6 238.7 249.2 259.9 271.2 275.8 260.7 284.9 314.6 327.8 348.6 360 372.1 375 382 395.4 406 413.8 421.5 430.4 436.2 448.2 451.3 457.6 466.4 469.6 474.7 480.1 481.4 483.9 488.1 490 497.1 496.6 496.2 497 497.1 499.2 503.8 504.6 514.9 522.5 528.1 533.3 544.5 553.8 567.7 570.5 580.1 589.1 596.9 604.3 611.3 618.9 628.6 636.7 634.9 633.8 636 633.4 638.2 648.5 657.9 663.6 666 668.7 679.7 692.4 719.6 738.5 731.9 726.5 724.7 728.5 742.2 758.1 782.5 814
223.8 234 243.1 254.9 263.8 256.2 267.9 296.9 318 334.4 349.6 360 372.2 385.4 391.8 398 407.7 416.8 428.5 438.8 446.1 453.2 459.3 465.9 473.7 477.3 482.1 482.8 484.3 486.9 490.1 500.7 499.4 501.7 502 501.2 501.1 502.8 505.5 508.4 512.3 517.5 524.2 531 535.3 544.1 554.2 559.4 567.1 578.8 587 595.4 603.3 610.3 621 626 628.4 628.9 623.2 619.8 625.1 635.1 643.9 650.8 658 660.5 671.5 679.3 695.8 718.4 714.3 708.8 704.6 708.1 724.7 737 763.4 797.1
211.6 221.9 228.7 234.6 236.7 270.5 286.3 301.6 318.1 337.5 351.6 363.9 372.9 387.3 399 409.6 419 430.4 445.7 451.6 457.4 461 467.4 470.5 472.4 479.3 486.6 493 497.7 499 497.8 498.4 501.1 505.8 506.1 506.4 509.2 511.7 515.9 518.6 521.4 529.3 543.9 553.9 553.6 548.5 549.3 551.9 558.8 571 577.9 586.1 597.5 603.6 611.6 612.8 616.9 616.2 614.1 613.7 617.1 627.1 635.3 641.7 649.3 657 664.8 669.1 680.9 696.9 697.9 694.1 688.6 684.3 698.6 714.3 739.1 777.5
