public/OST50/NH28.asc
ncols 200
nrows 200
xllcorner 220000
yllcorner 880000
cellsize 50
[rows 35 to 69 of 200, columns 0 to 77 of 200]
378.8 382.1 386.6 393.6 403.5 415.5 427.6 448.3 459.2 471.4 480.3 495.7 512.8 523.5 532.1 537.9 540.5 538.7 538.3 535.3 534.3 534.6 534.3 536.1 538 538.4 538.7 538.4 536.1 537 544.4 550 555.1 559.4 563.4 571.6 581.7 587.8 593.9 599.4 606.2 610.9 615.1 621.6 628.1 629.9 631 629.6 628.1 628.9 628.9 631.7 631.5 629.2 628.1 626.1 622.5 619.3 614.5 610.8 606.2 601.4 596.8 592.7 587.5 581.1 576.2 572 567.1 561.9 557.1 550.5 546.2 541.5 536.7 532.3 528.8 521.8
380.5 382.1 386.4 393.9 401.9 411.9 432.3 440.8 450.6 464.8 477.9 492 507.4 520.3 531.3 537.6 535.1 537.3 536.3 532.7 531.8 531.7 535.8 538.9 543.7 543 541.5 537.2 534.3 536.4 540.9 543.4 545.8 547.1 551 561.9 571.5 575.9 581.2 585.3 593.7 599.6 606.1 610.3 617.1 619.8 619.6 618.4 618.1 619.2 618 619.9 620.4 619.9 619.5 617.9 614.6 612.1 607.3 602.9 600 596.4 592 588.7 584.8 579.4 574 569.3 563.8 559.2 554.6 549.6 545.1 541.2 536.2 532 528.6 521.4
380.9 381.9 386.9 394.1 400.5 417.3 428.7 439.8 453.5 461.7 475.4 491.6 504.1 516.1 529 535.8 538.8 535 535.3 530.2 527.2 531.9 533.8 542.2 542.8 539 539.7 536.1 533.7 535.6 538.2 541.6 543.5 544.4 552 563.3 563.5 570.1 575.7 582.1 587.5 592.9 596.7 599.9 603.5 605.9 607.8 606.9 607.7 608.4 607.2 608.5 609.7 610.3 609.2 605.8 602.6 601.8 598.9 594.7 591.7 589.3 587.3 584.7 580.6 573.9 570 567.4 562.5 557.1 552.1 547.8 545.2 543 537.9 531.1 526.7 518.8
377.9 380.6 387.8 402 415.2 424.2 434.4 446.5 458.2 472.5 494.6 510.3 520.9 524.4 528 532.6 532.7 532.7 528.9 525.8 522.3 525.9 527 530.5 533 532.4 531.9 532.3 531.4 533.4 536.6 539.8 544.3 544.5 549.1 554.8 558.1 563.5 569.9 574.1 579.9 584.5 585.2 590.1 592.3 594.7 595.6 595.4 595.7 596.1 595.7 595.3 595.7 596.6 595.4 593.1 591.6 589.3 587.2 584.7 583.6 582.5 581.3 577.7 573.8 569.5 567.5 564.6 559.9 554.9 547.3 543.9 545.5 542.6 535.8 528.7 522.8 514.5
380.7 384 395.2 403.1 412.1 426 441.9 458.1 482.3 500 510.8 516.4 521.5 520.6 521.1 522.7 523.8 526.7 523.3 520 518.3 518.9 520.3 522.3 525.9 526.5 529.9 530.6 529.2 529.6 533.3 534.7 537.3 540.9 546.6 549.8 551 554.3 559.3 563.1 568.7 571.4 575.9 577.7 579.9 582.1 583.8 584.8 585.7 585.3 585.7 584.7 583.8 583.5 582.7 581.2 578.9 577 574.8 575.8 575.9 574.1 570.9 566.7 565.3 560.9 558.7 555.4 552.2 547.2 541.8 538.2 536.4 533.3 528.3 522.7 517.2 508.8
390.3 394.3 398.6 408.9 423.1 439.3 454.1 475.1 491.8 505.4 514.3 520.3 515.3 514.4 513.8 514 515.7 515.5 515.1 514.9 514 515.9 517.9 520.7 522.2 521.8 523.9 525.1 523.3 524.2 524.9 530 533.6 537 541.8 543.9 544.2 546.4 549.3 555.3 559.3 559.8 562.2 565.5 567.9 570.4 571 572.9 573.2 574.7 574.6 574.3 575.4 574.6 572 569.1 568.4 567.2 567.9 567.3 564.3 562.3 557.6 553.8 551.7 550.5 546.6 544.9 543.8 540.5 535 531 528.2 525 518.9 514.4 509.4 501.7
396.2 401.3 410.7 427.7 442.9 448.8 471.1 483.4 493 499.3 505.7 511.6 510.3 508.8 509.1 508.1 507.9 508.1 509.6 511.3 511.9 513.2 514.3 519.2 519.5 518.6 515.9 516.1 517.3 516.1 518.9 522.8 528.2 531.6 534.9 535 536.4 539.3 539.8 542.5 547 549.1 553.3 553.9 554.4 559.1 561.2 562.1 563.4 564 564.8 567.1 566.1 563.9 562.6 558.9 557.1 560.8 560 557.3 553 550.6 549 546.8 545.3 541.7 538.4 536.7 537 535.1 530.6 523 519.2 516.4 510.9 505.3 500.4 493.6
404 411.6 424.7 440.4 454 465.3 470.6 477.2 486.2 492.7 496.5 502 504 504.7 505.4 504.7 505.3 506.7 507.9 511.2 513.2 512.3 512.3 514.4 516.3 513.3 509.9 508.6 509.4 509.9 512.5 516 519.4 522.3 524.4 525.8 526 529.6 531.3 534.5 537.5 540 542.9 545.8 546.8 550.5 552.9 553.7 555.3 557.1 556.3 556.2 554.6 553.7 554.1 552.2 550.4 551.3 548.4 544.3 544.3 545.1 541.8 539 536.3 532.4 531.1 528.9 527.3 523.7 519 514.7 512.6 511.2 505 498.6 493.2 488.1
406 420.8 434.7 440.6 450.8 459.7 468.7 478.8 481.7 485 489.8 493.3 498.7 501.8 501.4 500.2 504.7 507 510.2 509.1 509.8 509.9 510.3 508.3 508.6 506 502.3 502 502.9 504.1 505.8 507.2 510 514.1 517.5 516.9 517.7 520.2 523.2 527.7 529.8 532 536.1 537.3 540 543.3 546.9 548.1 547.8 549 547.9 547.6 546.8 546.9 547.1 544.5 542.2 541.5 538.8 538.4 539.6 535.4 531.6 530.6 527.8 524.3 522.4 520.1 516.8 514.7 510.4 507.9 506.4 503.4 498.2 493.3 488.7 484.6
417 425.7 433.8 443.7 454.8 464.3 469 472.6 479.9 479.9 482.9 486.2 490.1 498.3 497.6 498.8 502.3 505 504.1 503.4 503 504.7 505.6 504.2 501.5 498.2 496 495.8 496.7 498.1 498.7 500.4 501.2 505.1 508 508.3 510.7 513.7 516.6 517.6 520.2 525.4 527.8 530.9 533.7 535.1 536.5 537.9 538.4 540.2 539.4 537.9 538.1 537.8 538 537.5 535 534.9 534 532.4 529.7 527 523.9 523.3 520.9 519.2 516.8 514.5 511.5 509.3 505.3 502.7 501 498.2 493.5 488.8 486 482.3
439.2 449.3 453.9 462.5 484.5 486.3 481 477.8 479.8 481.7 483.5 485.9 487.6 489.3 491.8 494.6 498 500.8 500.4 499.4 499.7 501.6 501.4 499 496.6 493.1 490.7 490.8 490.3 491.1 492.8 494.8 494.6 495.9 498.1 500.8 503.1 505.8 508.7 511 513.9 519.3 521.4 524.1 526.5 527.8 528.5 528.4 529.8 530.2 529.1 528.7 529.5 530.3 528.7 529 528.3 528.8 527.6 526 522.9 520.1 518.9 518.5 516.7 514.9 513.6 511.1 508.3 505 501.6 498.7 496.1 493.5 490.4 486.5 483.6 480.6
441.8 449.7 462.8 485.9 495.7 498.6 500.6 499.5 495.3 494.7 492.2 493.6 494.4 495.6 499.1 496.8 496.5 498.2 501.1 503.6 500.4 502 499.9 496.4 493.5 490.6 488 486.2 486 486.6 487.9 487.2 489.2 489.1 492.7 496.6 498.1 500.6 503.1 506.2 508.8 511 514.6 517.5 519 520.2 520.2 520.5 520.9 522.1 521.6 522.3 522.7 522.3 521.8 522.6 521.7 521.3 520.8 519.3 517.8 516.1 514.7 514.5 513.1 511.3 510.2 509.1 506.2 502.7 499.2 496.5 494.1 491.6 488.7 485.5 483.7 484.5
441.6 462.8 481.6 498.9 510.3 509.8 514.1 512.8 510.1 505.3 501.8 500.7 501.6 505.9 506.8 501.2 497.2 497.2 497.1 497.9 497.7 497.5 496 493.2 490.6 489 488.5 486.3 484.5 484.7 485.5 484 485.3 487.3 489.6 492.5 494.4 495.7 497.3 500.8 502.8 505.1 508 510.4 511.5 511.9 512.4 513 513.5 514.6 515.6 516.5 516.9 516.5 516.4 516.9 516.7 515.4 515.3 514.8 513.9 513.4 512 510.4 509.5 508.6 507.6 506.2 504.1 500.7 497.3 494.7 492.4 489.7 486.9 488 489.1 489.9
468.4 477.3 488.4 500 509.3 514.8 514.8 517 513 510.8 512.7 508 505.1 508.4 506.4 501.2 497.9 497.2 496.8 495.5 493.5 492.4 491.6 488.8 488 487.8 485.8 485 484 484 483.9 483.7 483.2 484.3 485.3 487.9 489.5 491.9 494.4 495.5 497.1 499.8 501.5 503.7 503.7 504.6 505.8 506.8 507 508.6 510.2 511.4 511.6 511.3 511.7 512.2 513.4 512.5 511.9 511.6 511.3 510.5 509 507.4 507 506.3 504.9 503.5 501.9 498.8 495.6 493.2 490.6 490.8 491.7 492.1 492.6 493.5
469.8 480.2 489.8 502.9 508.6 511.4 513.7 512.8 512.6 512.6 517 517.2 512.9 509.6 507.1 504.3 502.1 500.2 499.8 498.5 497.7 493.5 488.4 486.2 486 484.7 484 484.3 484.7 483 480.6 481.7 482.1 482.3 482 483.3 485.1 486.3 488.2 489.4 491.1 493.1 494.6 496.1 498 499.8 500.5 501 502 504 506.1 506.2 506.4 506.4 506.8 508.6 510.7 510.2 509.5 510 510.3 508.8 506.6 505.1 504.8 503.6 502.2 500.7 499 496.7 493.9 494 494.8 494.5 495.3 495.7 495.8 496.4
472.3 484.7 488.9 493 501 506.8 509 511.5 512.1 514 522.9 523.3 520.5 517.9 515.6 508.3 508.1 508.2 504.6 503.1 500.5 497.2 492.4 487.1 483.7 482.6 482.3 481.3 481.8 480.7 478.9 478.7 479.7 479.4 480.7 481.5 482.5 483.1 484.4 485.2 486.3 487.8 489.2 491.6 494.4 496.4 496.3 496.5 497 499.5 502 502.6 502.6 502.9 503.7 505.5 507.7 507.7 507.2 509 508.7 508.6 507.9 506.2 504.7 503.1 500.7 498.8 497.3 496.2 496 496.5 496.4 496.5 497.4 497.9 498.5 500.4
469 476.6 483.3 488.6 493.7 500.1 506 509.9 511.3 515.6 522 526.4 522.9 521.3 520.5 516.1 511.5 511.5 508.8 505.1 501.5 498.2 495.1 490 484.4 480.7 479 477.8 478 477.5 478.1 478 478.1 479.8 480.8 481 479.6 479.6 480.2 482.5 483.8 484.4 485.9 487.3 488.5 489.6 490.2 491.6 494.2 497.4 498.3 498.7 499.5 499.9 501.2 504 505.3 505.1 506.4 508.1 508.1 507.9 507.5 507.2 505.9 503.1 500.5 498.9 497.7 497.3 497.6 497.9 498.3 498.6 499.2 499.5 501 502.6
470.5 476.9 481.8 486.4 495.6 501.7 505.2 509.9 512.5 516.6 522.4 525.5 526.3 525.4 525.6 519.8 515 511.5 508.8 507.6 505.2 501.2 497.3 492.5 487.1 482.9 480.3 478 477 476.6 477.4 478.2 476.8 475.8 476.9 476.5 475.8 475.8 477.8 480.3 480.4 481.4 482.2 482.9 483.9 485.3 485.7 487.2 487.1 492.2 494 494.7 496.5 498 500.4 501.5 503.3 506.1 507.2 508.3 508.4 508.5 508.4 507.6 505.9 503.9 501.4 499.3 498.5 498.3 498.1 498.3 498.9 500.5 500.9 501.2 502.3 504.4
464.5 475 482.8 488.3 495 502 505.3 508.4 511.4 516.3 522.7 525.3 525.5 524.7 525.4 520.2 515.3 511.1 509.4 507.5 506.3 502.4 499 494.1 490.2 487.1 484.1 481.4 479.1 477.3 476.1 475 473.3 474.1 474.7 473.9 473.5 473.9 475.7 477.5 477.8 478 479.7 480.3 480.8 482.6 482.6 486 490.1 493.4 496.4 497.1 498.6 501.2 503.9 505.4 506.5 508.1 508.8 509.4 508.9 508.9 508.8 507.5 505.8 503.9 501.8 499.6 498.8 498.9 499.5 500 500.7 502.1 503 503.9 505.7 509.3
461.3 470.6 479.4 487.7 496 502.9 511.2 515.2 515.1 516.3 518.9 520.8 519 516.9 516.8 515.1 512.9 510.4 508 505.9 503.1 500.6 497.6 493.8 490.6 488.2 486 483.7 481.2 479.5 477.3 476.2 474.6 472.4 473 472.3 472.2 472.2 474 475.4 475 475.6 477.6 479 479.5 481 483.7 487.5 491.1 495.4 498 498.8 500.8 503.5 506.5 508.5 509.8 510.1 510.4 510.8 509.6 509.4 509.3 507.6 505.8 504.2 502.3 500.5 499.4 500 501.1 501.8 503.4 504.3 505.9 508.2 510.8 514.4
458.4 468.5 478 486.2 495.8 502.7 505.6 506.9 512 514.5 514.8 514.4 511.2 510.2 510.4 509.9 508.6 507.2 504.2 500.9 499.1 497.2 495.4 493.6 490.8 486.8 484.9 483 481.1 478.8 478 475.9 473.6 471.6 471.3 471.1 470.2 470.7 472.8 473.5 473.5 474.7 476.6 477.3 478.4 481.6 484.2 487.2 490.7 493.6 497.1 500 504.2 508.4 510.6 511.3 511.5 512.3 512.6 512.5 511.8 510.6 509.9 508.3 506.5 505.3 503.8 501.9 502.3 501.9 502.7 504 506.3 508.8 510.4 513.1 516.1 519.3
456.6 464.5 475.3 483 491.6 501.3 503.9 500.4 501.6 503.8 504.6 505.1 505 505.7 506.8 506.2 504.6 501.8 500.1 497.1 496.7 495.6 494.8 493.6 491.2 488.1 484.9 484.2 482.3 480.4 478.9 477.9 474.6 472.2 471.4 470.2 469.5 470.2 471.5 471.9 472.9 474.1 475.4 476.6 478.2 480.8 483.4 487.1 489.7 492.9 496.7 501.5 505.7 509.2 511.6 512.2 512.8 513.5 513.8 513.9 514.2 512.7 511.1 509.3 507.7 506.6 505.4 503.6 504.6 504.8 505.2 507.2 510 512.2 513.3 515.4 518.8 522
447.3 457.5 467.8 474.3 484.7 490.1 493.4 493.2 496.1 498.4 495 496 497.7 498.6 497.7 497 493.9 494.2 493.9 494.4 495.3 497.5 499.2 496.6 493.4 490.1 488.7 487.1 484.9 482.3 481 480.3 476.8 474.7 472.4 471 468.4 470.1 470.9 471.8 472.6 474 475.5 476.3 478.5 480.3 482.8 486.2 489.2 493 496.5 500.3 504.2 508 509.8 511.1 513 513.8 514.2 514.3 512.8 512.1 512.4 510.4 508.9 507.8 506.6 505.2 506.8 507.7 508.3 509.3 512.1 515 516 519.1 523.7 526.4
433.5 446.8 456.9 465.3 470 473.1 478.8 481.8 486.6 487.5 484.5 483.8 485.3 487 487.8 487.3 487.2 488.4 490.2 492.6 495.2 496.7 499.1 499.3 497.3 492.8 490.8 489.9 487.6 484 481.6 480.7 478 475.8 473.8 471.8 469.8 465.1 472.7 473 474.4 474.3 475.1 476.3 477.5 479.6 481.9 485.1 488.3 492.1 495 498.3 502.2 505.8 507.9 510.3 512.7 513.8 514.1 514.6 513.9 513.3 513.1 511.7 510.1 508.4 507.3 507.7 509 510.3 510.9 511.2 514.9 517.9 520.7 523.2 527.5 532.1
421 434.1 442.6 450.4 455.5 460.1 465.8 469.2 473.6 475.6 471.1 474.3 475.9 478 480.4 483.4 483 482.7 488.1 491.2 496 497.2 498.3 498.5 498.7 494.3 493.3 491.8 490 485.2 482.3 480.6 477.2 475.8 475 473.9 472.8 461.4 473 474 474.8 475 475.6 476.8 477.9 479.1 481.7 484.4 487.8 491.1 493.1 495.8 498.6 501.5 505.2 506.6 509.7 513 514.1 514.5 515.1 514.5 513.6 512.6 511.5 509.9 509.2 510.3 511.6 512.9 515.1 516.4 520.4 523.5 527.1 531.1 533.8 537.7
410.4 426.7 433.9 441 444.3 448.5 451.3 456.7 457.9 456.8 461.6 466 466.8 467.7 474.2 477.6 479.8 481.7 487.3 491.4 495.5 498.3 499.9 501.6 499.4 496 493.6 492 489.8 486.7 483.1 480.5 478.1 475.3 474.1 472.8 471.1 458.5 471.9 473.3 474.1 474.5 475.7 477.1 478.4 480 482.6 484.7 486.5 489.3 491.4 494.2 496.5 498.6 501.8 503.6 507.6 511.5 513.4 513.7 514.8 515.3 514.7 514.5 513.5 512.4 512.3 513.5 515.2 516.4 519 520.9 523.2 526.6 530.6 536.1 540.6 542.7
397.8 413.3 423.5 430 434.1 439.6 442.6 443.7 446.6 449.6 452.1 455.1 457.6 459.5 465.9 470.2 474.8 480.3 486.1 491.8 498.6 501.9 502 503 502.3 496.7 493.6 490.7 488 484.4 481.6 479.3 477.9 475.6 472.2 470.2 468.2 448.2 469.2 472.5 473.2 474.7 475.9 477.3 479.4 481.3 483.4 485.6 487.5 489.1 490.8 492.5 494.6 496.8 498.6 500.8 504.4 508.8 511.4 513 514.4 515.8 515.8 516.2 515.5 515.1 514.6 515.6 517.6 520.9 522 525 527.8 532.2 535.5 542.2 548.9 553.9
391.9 405.1 414 421.5 427.5 433.1 439 440.6 441.9 444.1 441.6 442.4 446.8 458.2 465.6 469.9 475.6 480.9 487 492.7 496.9 500.6 502 499.8 500.1 496 491.6 488.7 485.5 482.2 479.8 477.6 475.5 473.6 471 467.9 465.9 442.5 466.5 470.4 472.5 474.3 476.1 477.4 480.3 481.7 483.6 485.2 486.7 488.1 490 491.8 494.1 495.8 497.9 500.4 502.4 505.7 508.5 511 513.1 515.2 517.3 518.2 519.5 519.2 519.4 519.3 522.7 526.2 528.3 530.3 532.5 536.5 539.7 544.7 553 559.3
386.7 397.6 409.2 418.1 425.2 428 431.6 432.6 433.6 435 434.2 437.7 445.5 453.6 461.3 468.6 472.6 479.5 484.8 494.1 496.5 495.4 497 497.2 495.2 492.2 488.8 485.3 482.5 479.7 476.5 473.4 470.5 468 466.6 464.7 462 438.6 459.4 466 470.4 472.9 475.5 477.6 479.5 480.5 481.7 483.1 485.5 487 489 491.3 493.2 495.6 497.4 499.8 501.9 504.3 507.2 510 512.7 515.1 518.4 520.9 522.5 523.5 525.9 525.6 527 530.2 533.1 535.6 538.7 541.6 547.3 552.6 556 563.7
382.5 387 398 408.2 414.5 419.6 425.2 427.5 426.8 426.1 430 437.5 443.6 448.1 455.2 463.7 466.8 472.4 480.1 488.7 493.3 492.1 491.4 493.1 491.4 488.3 485.1 481.4 478.6 474.7 472.8 470.4 467.4 465.4 464.6 463.2 458.9 424.1 444.4 461.7 464.6 470 472.8 475.7 477.7 479.4 481.4 483.8 485.1 487.2 489.6 490.8 492.6 494.5 496.4 498.8 501.2 504 506.7 510.6 513.7 517.2 518.9 521.8 524.4 526.6 528.6 530.5 530.8 535.1 538 539.8 544.1 548.3 552.4 557.1 562.9 569.3
372.3 378.6 388.2 396.6 404 410 412.3 419.1 416.7 423.6 428.1 434.9 439.5 443.8 447.5 456.1 463.9 470.3 475.7 482.7 488.1 487.3 486.1 486.2 485.2 481.9 480.3 477.6 473.8 470 468.9 466.9 464.4 463.2 462.5 460.5 446.4 410.6 444.9 455.1 464.4 467.9 471.8 475.3 477.8 479.7 481.3 483.7 485.8 488.1 488.8 489.5 491.6 493.4 495.9 499.2 501.1 502.5 506.7 512 517 519.8 523.8 528.4 530.5 532.7 536 537.5 536.6 538.8 541.2 542.9 549.4 553.5 556.2 561.1 568.7 574.7
369.7 374 380.3 388.3 395.2 400.9 402.7 406.3 409.3 415.4 422.5 427.7 432.9 438.2 444 454.2 460.8 468.6 474.5 477.5 481.2 481.3 480 478.1 478 475 472.4 469.1 467.1 464.9 463.9 462.3 460.3 460.2 457.7 451.4 416.9 396.9 440.2 455.9 460.1 465.8 469.8 473.4 476.1 478.9 480.4 482.7 485 486.1 486.6 488 490.1 493.5 496.9 501.1 505.7 509.7 515.3 520.4 523.6 525.7 529 533.2 535.5 537.3 541.2 542.7 544.8 546.1 546.5 549.5 554.1 559.9 564 568.8 573.7 579.8
368.4 372.1 375.7 381.5 386.1 388.9 392.4 394.8 400.8 405.5 413.5 420.3 427 432.4 439.4 451.4 458 462.5 468.2 471.1 471.4 473.1 472.4 471 470.1 468.6 466 464.2 464.1 461.5 459.8 458.1 456.6 456.4 452.3 431.2 390.7 413.5 427.3 446.7 459 460.1 464.2 469.5 473.3 476.6 479.4 481.4 482.3 483.7 485.9 487.7 490.5 495 499 503.5 508.8 514.8 520 525.1 527.9 530.6 536.4 538.6 538.1 540.1 542.9 545.8 549.2 553.3 555.6 554.7 560.7 563.8 568.6 575.7 580.3 588.4
367.7 371.2 372.1 375.1 379.5 379.5 381 387.4 392.7 398.3 406.5 412.8 420.3 427.7 434.7 444.8 451.3 456.2 459.3 462.3 463.3 463.8 463.5 462.1 461.4 459.7 458.9 459.2 459.9 457.4 456 453.4 451.6 448.7 440.2 422 375.6 393 429.1 451.9 460.6 466.3 469.7 472.8 474.8 476.3 477.7 479.9 480.7 482.6 485.3 487.6 489.9 494.3 499.3 501.9 508.5 513.1 517.3 523.1 527.2 529.9 535.2 539.8 540.7 543.7 546.7 549.7 553.4 557.3 559.5 560.8 565.2 569.4 575.2 580.7 587.8 595.7
367.4 368.9 372.3 365.2 369.4 372.3 372.9 379.9 388.2 394.8 402.8 409.5 414.5 420.1 425.5 435.1 442.2 445 449.5 452.8 455.5 456.1 456.5 454.3 452 450.7 450.4 450.5 451 451.4 451 449.1 445.1 427.4 411.2 394.4 366.5 396.9 434.1 455.6 461.9 468.1 471.2 473.7 475.6 477.5 479.8 481.6 482 482.2 484 487.3 489.9 493 496.6 499.7 504.6 508.4 511.6 516.1 522.3 527.6 532.3 537.8 542.2 547.2 550.1 551.5 554.4 558.6 562.1 567 571.6 576.9 581.2 588 594.6 599.2
