public/OST50/NH30.asc
ncols 200
nrows 200
xllcorner 230000
yllcorner 800000
cellsize 50
[rows 0 to 34 of 200, columns 0 to 79 of 200]
486 485.1 482.5 480.2 479.1 476.8 473.9 470.7 468.1 465.3 463.2 461.6 458.5 454.3 451.1 447.2 443.8 441 423.5 426.7 430.7 429.8 427.9 424 422.7 420.4 418.3 415.3 411.2 412.3 412 410.7 410.2 409.1 409.7 409.6 409.1 409.4 411.2 411.9 414.2 414.9 415.4 417.1 419.5 421.5 423.2 424.9 425.8 427.4 429.4 429.2 431 432.9 433.7 425.1 419.4 410.3 402.4 396.8 391.8 387.1 379.1 372.3 366.4 367.2 369.2 375.4 381.6 384.7 384.8 382.4 379.3 375.1 374.1 374.5 374.1 374 370.9 366
488.3 487.3 485.4 483.1 480.9 478.4 475.5 472.9 470.3 467 464.3 462.1 458.5 453.4 451.1 445.7 441.5 430.3 425.9 435 434.1 430.9 428.4 425.6 424 422 419.8 414.6 414.7 415.4 414.4 413.3 412.8 411.8 412.6 413.8 412.7 415 417 417.6 419 419.9 421.8 423.7 425.9 429.1 431.2 433.6 434.9 435.3 434.8 436.4 437.1 435.6 433.8 426.4 420.1 411.6 403.7 397.2 389.3 387.5 382.3 375.2 367.9 366.4 367 370.5 374.6 375.5 374.5 371.2 369.4 368.4 364.7 364.8 365.4 364 360.5 356.8
490.5 488.6 487 484.4 481.9 478.8 477 474.1 471.5 468.7 465.1 462.6 457.4 453.4 444.2 436.8 440.4 429.6 438.3 438.9 435.2 431.5 430.8 428.3 426.4 423.1 419.4 419.5 418.8 418.3 417.4 417.9 417.2 416.3 416.5 416.9 418 419.9 421.8 423.2 425.3 427.1 429.8 430.8 432.3 434.9 437.7 440.1 440.8 440.9 440.9 441 437.6 434.2 429.7 423.5 418.9 410.4 405.4 399.3 392.3 388.9 385.8 378.6 372.3 368.3 366.5 365 365.4 363.6 361.9 359.6 358.7 360.2 357 353.7 354.5 350.2 344.9 345.2
491.8 490.3 488.3 486 482.8 480 477.1 474.8 471.6 469.1 464.8 461.4 457.7 448.1 442.3 447.1 447.2 444.8 442.1 439.5 437.6 434.8 432.8 430.5 426.5 424 423.8 422.7 422.2 421.1 421.4 422.2 421 421.3 421.7 422.2 423.6 424.4 427.6 429.4 431.5 433.7 436.3 438 440 442.6 444.7 446.3 447.8 451 450 444.3 439.1 436.4 431.4 423.1 415.5 409 404.4 399.6 395.2 391.4 391.2 389.7 380.5 373.1 369.5 368.9 367.8 364.8 363 362.9 362.1 355.1 350.5 347.4 346.3 340.3 339.2 340.8
489.6 490 487.8 486.1 483.3 479.9 477 474.2 470.3 467.4 463.5 459.4 453.8 443.4 450.3 451.5 449.1 446.7 444 440.9 438.2 435.5 432.8 429.9 428.7 427.7 426.4 425.8 425.4 424.9 425.5 426 425.2 425 425.3 427 429.2 430.7 434.4 435.8 437.9 439.7 442.6 445.9 448.8 450.7 452.6 453.2 453.7 456 453.7 448.5 442.3 437.9 432.3 422.7 413.5 408.3 404.5 400.4 396.6 393.8 392.3 392.1 390.4 383.7 377.1 375 373 367.9 366.3 363.4 363.6 359.9 352.6 347.4 343.7 339 335.2 336
493.5 488.1 487 481.8 481.5 479.4 476.6 472.3 468.2 463.8 462.8 460.8 452.9 445.8 451.9 453 450.6 448.4 445.4 441.7 439.3 436 433.6 432.7 432.4 430.9 429.6 429.4 429.6 429.6 430.2 429.7 429.4 429 431.1 432.3 434.2 436.1 439.2 441.7 444.1 446.7 449.5 452.1 455.1 457.6 458.1 460.5 458.6 455.4 453.7 450.1 444.6 436.8 429.6 419 412.5 407.1 402.7 400.2 398 394.8 393.4 391.5 389.6 386.4 383.1 378.6 377.4 372.4 370.6 369.2 367.3 362.6 355.3 344.7 342.6 339.7 334 328.8
494.6 491.3 488.3 484.6 478.4 477.1 473.5 470.3 469.7 468 465.7 461.3 454 448.3 456.7 454.3 452.3 449.4 445.6 443.8 440.7 438.9 437.2 436.2 435.7 435 433.2 433.4 434 433.5 432.5 433.2 433.5 434.3 435.5 436.8 438.9 442.2 445.4 448.1 451.6 454 456.7 459.3 460.7 461.6 462.7 463.7 459.9 454.6 451.6 447.9 441.4 435.9 428.5 420.4 412.2 406.7 403.1 400.3 397.8 394.9 392.2 388.7 386.9 385.5 384 383.6 381.6 375.7 373.3 371.3 368.4 363.6 355.7 344.2 339.9 337.6 330.7 324.1
494.1 491.7 487.9 483.4 480.7 478.7 474.7 471.5 471.5 469.4 467 460.2 455.6 450.4 457.3 455.4 452.7 450.7 446.4 444.4 442.9 441.8 439.9 439.7 438.9 438.1 436.6 437 436.8 437.6 438.4 437.2 439 439.1 440 441.4 445 448.1 451.3 454.1 458.5 460.5 464 467.1 467.2 467.7 468.4 465 461 454.9 450.2 444.4 438.7 433.4 425.7 418.5 411.8 406.6 403.5 401 397 394 390.8 386.9 384.6 384.1 383.3 383.3 383.1 377.1 372.7 370.2 366.7 361.1 353.8 344.7 339.5 333.9 325.1 317.7
493.2 490.2 487.9 486 483.1 479.9 476.3 472.2 469.7 468.8 464.7 459.6 454.3 453.7 457.9 456.1 452.4 451.3 447.9 445.8 444.7 444.2 442.7 442.4 442 441.4 440 440.7 440.7 441.8 442.3 443.9 444.7 445.2 445.2 447.3 451.7 454.4 456.5 460.4 463.8 466.6 469.8 472.1 472.4 474.3 471.4 466.9 462.8 455.9 450.2 443.4 436.4 429.6 422.6 416.1 409.9 405.2 402.9 398.4 395.7 392.8 389 385.4 382.9 380.5 380 378.6 376.6 375.2 368.9 365.9 361.4 355.6 348.1 340.5 335.3 327.5 318.6 310.5
490.4 487.9 485.3 484.2 480 477.6 473.5 470.8 467.7 464.5 462.6 460.6 454.9 460 458.6 456.5 455.2 452.1 449.7 448.9 447.2 446.9 446.1 445.6 445.2 445.5 444.1 444.6 445.3 447.2 447.9 448.2 449.8 450.6 452.6 454.7 457.5 460.2 463 465.4 468.7 471.1 473.3 474 476.5 475.8 469.3 466 462.3 456.6 450.5 443.7 433.9 425.9 419.6 414 408.7 403.9 399.6 396.7 393.4 390.3 386.4 384 381 378.4 375.9 373 371.1 368.8 366.5 361 355 348.4 341.4 334.9 328.8 317 309.8 303.9
493.6 489.8 486.5 485.1 481 478.7 478.5 476.1 471.6 466.2 461.2 458.7 457.8 462.4 459.4 457.3 455.5 454.5 452.7 451 450.4 449.9 449.2 448.5 448.5 448.7 448.8 449.2 451.7 451.9 451.9 452.8 454.3 456.1 458.1 460.8 462.6 465.4 468.7 471.2 474.3 475.3 475.6 478.1 481.1 476.4 469.4 462.9 460.1 452.6 448 440.2 431 423.4 417.6 411.7 406.6 402 397.7 393.5 390.1 386.6 382 379.9 377.6 374.9 370.2 366.8 365.2 362.6 359.4 355 346.8 341.2 334.4 330.1 323.1 314.7 306 296.1
494.9 492.4 489.8 488 485.1 481.7 476.9 471.9 471.3 471.7 467.6 463.5 465.2 462.9 461.3 459.2 457.5 456.2 455 454.3 453.5 453.1 453.1 452.8 453.1 453.3 453 453.2 453.4 455.1 456.6 457.3 459.5 461.7 463.4 465.8 468.6 472.1 475.1 477.5 477.4 478.1 478.3 479.1 479.9 474.8 468.1 460.2 455.1 448.5 442.2 434 427.5 421.2 415.3 409.2 404.2 399.9 395.3 390.6 386.3 382.2 378.9 374.5 372.2 369.4 365.5 360.4 358.3 355.1 351.6 347 342.4 336.5 332.9 326.2 319.1 311.2 301.4 291.6
496.6 493 490 488.7 485.5 482.6 477.3 474.7 475.7 471.5 464 468.1 465.9 464.2 462.2 460.8 459.5 459.1 457.2 456.8 455.9 456.4 456 456.5 456.5 456.5 456.7 457.5 459.3 459.3 460.3 463.2 464.2 467.1 469.1 472 475.6 478.5 480.8 480.9 480.2 479.4 479.1 479.6 478 472.2 465.4 457.7 451.6 442.6 436.3 429.8 424.4 418.3 412.1 406.6 401.7 397.1 392.5 387.8 382.8 376.3 373 371 366 363.1 360.7 355.8 350.7 347.1 345.2 340.3 336.3 332.3 326.8 320 314.8 307.4 298.6 292.1
495.7 493.5 491.1 489.3 486.7 481.5 477.2 478.8 475.9 473.3 464.8 469 466.7 466.2 464.6 462.6 461.9 460.2 459.7 460.1 459.9 459.6 459.8 459.9 460.4 460.6 460.7 461.4 462.5 463.3 465.5 466.9 469.8 471.7 474.6 478.2 481.3 483.3 483.8 483.1 482.5 481.5 481.3 480.3 477 469.6 465 458.4 448.9 438.8 431.3 426.6 420.3 414.6 409.6 404.8 399.4 394.4 389.2 383.6 378.7 372.2 367.3 364.1 360.4 357.5 355 349.4 346.5 341.6 339.1 334.1 330.1 325.4 320.8 314.4 310.2 305.4 299.3 292.7
493.1 493.2 491.5 487.5 483.2 482.3 481.1 478.3 475.6 472.5 468.6 466.8 467.9 467.4 467.3 465.4 463.3 462.3 462.1 462.2 462.6 462.5 463.6 462.8 463.9 464.3 464.2 465.3 466.4 467.2 469.9 472.3 473.2 475.8 479.3 483.4 485.9 487.2 485.9 484.6 484.3 486.2 483.3 483.3 476.6 469.8 463.6 454.1 444.6 435.4 427.4 423 417.1 411.1 406.2 400.6 395.3 389.8 384.5 379.6 374.9 369.1 365 359.1 355.8 351.7 349.1 345.7 341.5 338 334.1 330.2 325.8 321.6 316.5 311.4 308.1 303.6 298.1 291.7
495.7 490.1 488.4 485 484.3 482.9 480.1 477.6 475.5 472.1 468.1 469.6 467.7 467.1 466.8 467.7 465.8 464.3 464.7 464.7 465.4 465.9 466.6 465.7 467 467.4 468.1 469.2 470.1 471.4 473.9 475.5 478.1 482.8 485.4 487.6 488.8 488.9 486.1 485.1 484 483.3 478.9 478.6 471.9 466.4 458.4 449.5 438.8 429.7 423.3 418.6 412.8 406.8 401.2 395.5 390.7 385.2 380.1 375.7 370.3 364.3 358.8 353.1 350 346.7 343.2 340.1 336 332.3 329.7 325 321.1 318.4 314.7 311.7 309.5 304.3 298.3 293.4
495.7 491.5 490.1 487 484.4 481.4 479.7 477.6 475 471.6 469.1 471.2 470 469.7 469.8 469.1 468.3 467.3 467.3 467.4 468.6 468.1 469.3 469.5 469.9 470.6 471.8 472.8 474.2 475.4 478.1 480.8 484.2 487.3 489.1 489.8 490.2 488.5 487.3 486.3 482.6 480.1 476.3 473.9 470.1 464 453.9 443.9 433.3 423.9 419.2 413.4 406.9 400.9 395.4 390.8 385.5 380.3 375.3 369.3 363.5 357.4 351.5 346.7 343.8 341.3 337.6 334 330.3 328.8 325.9 322.4 319.6 317.7 314.7 313.2 311.5 306.9 301.3 294.6
495.5 491.2 490.2 487.3 485.9 481.9 478.6 476.4 473.5 470.3 470.1 472.8 472.6 470.3 471.2 471.2 470.5 469.2 468.5 470.2 470.6 471.6 472.1 472.4 473.5 474 474.8 475.7 477.9 480 482.5 485.4 487.6 489.7 490.2 490.4 490.5 489.5 487.2 486.3 481.6 476.5 473.2 468.8 466.3 460.2 450.9 437.6 426.1 418.7 414 407.6 401.4 396.2 390.5 385.4 380.9 374.9 368.9 362.6 357.2 351.1 346.3 341.7 339.1 335.6 332.4 329.6 326.2 324.6 323 320.9 318.1 316 315 313.3 311.7 310.5 300.7 292.2
495.3 491.2 486.8 483.7 484.1 483.9 479.9 477.5 472.5 468.8 471.7 472.8 473.8 472.6 472.7 472.7 472 471.3 472.8 472.5 473.3 474.4 474.8 475.2 476.4 476.8 477.5 479.4 481.5 483.8 485.6 487.3 489.7 490.8 491.2 490.9 490 488.6 489.5 487.4 481.9 475.6 470.2 464.7 461.6 456.1 447 435.1 419.2 413.7 408.1 402.4 396.2 390.4 385.7 379.7 374.8 368.7 362.6 356.1 350.3 345.1 340.3 336.4 334.4 331.5 328.4 326.8 323.9 321.4 320.4 318.6 316.6 313.7 313.6 312.9 310.7 303.3 293 286.4
496.5 492.3 488.9 484.7 481.7 480.6 478.1 475.6 472.9 471.3 472.7 473.8 474.2 473.9 473.8 473.7 473 473.3 474.8 474.6 475.7 476.6 476.9 477.9 478.7 479.5 481.1 482.9 484.9 486.7 488.2 489.3 490.9 491.9 491.3 491.1 490 489.4 489.3 487 480.2 472.5 466 460 457.1 450.7 440.6 430.5 420.9 410.7 402.3 396.8 391.1 384.9 380.2 374.4 368.4 361.4 355.7 350.8 345 341 337.3 333.8 331.3 328.9 324.9 322.5 320.5 319.2 318.6 316.9 315.9 312.5 309 309 305.7 294.8 283.8 277.6
497.4 492.8 489.6 486.5 484.4 481.1 478.5 474.9 470.8 475.1 474.7 474.3 474.9 474.8 474.9 475.3 475.3 476.2 476.2 476.9 477.3 478.5 479 480.9 481.2 482.2 484.5 485.4 487.8 488.8 490.8 491.6 492.3 493.3 491.5 490.8 489.4 487 486.5 483.7 476.4 467 459.4 455 451.3 444 434 425.6 416.8 408 399.1 391.2 384.8 379 374.2 368.3 363.4 357.3 350.2 346.4 342.2 338.8 334.4 331.8 329.4 325.7 323.7 319.8 319.2 316.8 315.8 314 311.7 308.8 305.4 300 296.9 283.3 277.3 273.9
496.9 493.5 491.5 488 484.3 481.7 479.2 473.2 474.5 475.3 475.1 475.8 475.5 475.7 475.9 476.2 476.5 477.5 477.5 478 479.5 480 481.2 483 484.5 485.2 486.6 488.1 490 491 492.1 493 493.1 493.2 491.3 489.4 486.6 484.5 481.8 478 469.8 460.9 454.7 447.4 445.8 438.5 430.2 419 408.6 403.2 397.1 389.2 380 372.9 368.1 364.2 359.8 353.8 347.4 342.7 339.5 335.6 331.3 329.5 327.3 324.2 320.6 317 315.7 314.4 310.2 307.7 303.1 301.2 296.7 292 285.9 279.6 273.5 271.3
497.2 495.2 491.6 488.7 484.9 481.4 478.6 476.6 473.9 475.7 475.9 475.9 475.9 475.6 476.2 476.7 477.4 478.2 478.3 479.5 481.4 481.9 483.8 485.3 486.9 488.4 490.1 490.7 492 492.5 493.6 494.1 494.2 492.8 489.7 485.9 482.8 479.4 475.2 471 462.5 455.4 450.6 446.8 441.3 433.6 422.8 407.2 394.7 395.7 393 387.4 380 371.6 364.3 358.4 352.8 348.3 343.2 338.4 335.3 332 328.5 326 323 321.7 318.5 314.6 311.9 309.8 306.2 302.7 297.8 295.5 290.6 287 283.4 277.9 272.9 265.9
497.3 495.9 492 488.5 485.5 481.1 478.4 476.4 474.3 474.1 475.8 475.7 475.7 476.1 475.2 475.2 476.9 478.7 479.4 480.9 482.5 484.6 486.1 488.4 489.6 490.9 491.3 492.7 493.2 493.6 493.8 493.9 493.5 491 487.7 484.3 480.8 476.2 470.5 463.3 456.1 450.7 445 441.3 434.9 425 412.3 397.6 391.2 388.2 385.3 381.8 376.1 369.5 359.3 351 347.6 343.8 339 333.6 330.3 327.2 324 321.5 318 316.8 313 311 307.8 304.6 299.8 297.2 293.3 288.4 285 281.3 275.8 273.3 268.3 262.8
498.3 496.5 493.2 490.2 486.6 480.5 478.5 477.5 475.3 474.2 474.8 475.3 474.9 475.2 475.2 475.2 475.2 478.2 479.9 481.5 484.4 486.8 488.2 489.6 490.2 491.2 491.8 492.1 492.3 492.8 493.2 492.7 490.9 488.6 487.3 483.4 480 475.3 467.9 457.3 449.7 442.2 436.1 432.2 424.8 411.9 401.4 392.6 387.7 380.3 375.1 375.1 370.7 364.9 357.5 349.2 343.8 339 334.9 329.4 326.2 323.2 320 316.1 313.4 312.3 309 307.2 304.3 300.3 295.1 291.7 288.5 284.9 278.1 274.6 271.2 268 265.1 258.4
498.5 496.2 493.4 490.1 486.1 481.9 480.3 479.4 478.3 476 475.3 474.9 475.5 475.2 475.2 475.2 475.2 477.3 480.5 482.5 484.6 487.5 489.1 490.6 492 491.7 491.5 491.7 492.2 492.3 490.6 489.9 487.9 487.3 485.7 483.2 479.1 473.5 466.5 455.2 444.8 435.4 427.4 421.1 414.7 404.8 396.8 391.4 384.8 375.5 368.9 368.6 363.6 358.2 350.8 342.9 339.9 335.8 332 326.7 322.7 319.3 315.8 311.8 310.3 308.9 305 302.2 299.1 295.7 290.5 286.5 283.1 278.2 274.5 271.2 269.5 266.3 261.1 249.8
499.4 496.6 493.4 490.3 487.5 485.4 483.3 482.4 479.7 479.6 477.4 476.5 476.9 477.1 477 476.4 477.9 479 480.7 483.1 485.3 486.5 487.9 490.7 492.3 491.7 491.7 492.1 491.4 490.3 488.6 487 485.8 485.7 484 481.3 476.1 469.5 461 449 439.9 433 424.7 413.3 403.8 398 392.8 387.4 381.4 372.7 365.6 362 356.3 348.7 342.2 339 335.6 332 327.7 321.5 316.8 314.2 311 306.9 305.7 304 302.8 297.6 294.6 291.1 286 282.7 278.6 273.8 269.9 266.4 264.2 261.8 256.9 248.4
500.9 498.1 494.7 492.2 490.2 487.8 485 483.3 482 479.3 478.6 478.6 478.6 479.8 480.8 479.3 478.8 481.2 482.5 483.8 484.7 486.9 488.4 490.1 492 491.7 492.1 491.6 490.5 487.8 487 487.2 488.4 489.1 487 481.1 476.9 468.9 458.3 446.1 438 430.5 420.5 408.4 398.3 388.3 383.3 379.6 375.6 368.5 360.6 353.9 345.1 341.7 337.9 334.3 330.5 326.8 322.1 316.4 311 308.1 306 300.8 304.4 299.7 299.7 294.9 290.3 286 280.8 278.4 273.4 269.9 265 260.9 255.5 254.7 250.8 243.3
503.7 499.7 497 494.6 492.1 490.8 486.9 484.9 483.4 481.7 479.2 479.9 481.2 481.2 481.2 479.7 481.5 482.8 483.6 486.4 488.1 487.9 487.8 489.7 490.3 490.2 490.2 490.9 490 491.3 497.1 497.6 495.1 494 489.3 481.6 476.3 467.1 455.5 442.1 432.9 425.5 414.8 404.3 395.1 385.6 376.2 368 367.3 361.4 353.2 344.3 340.8 337 334.2 330.4 324.2 319.9 313.8 311.9 308.2 304 302.4 297.6 300.5 295.5 292.6 291.3 288.5 283.5 277 274.9 272 267 259.3 256.1 249.5 245.6 242.1 233.7
504.1 501 498.8 496.8 495.1 490.9 487.5 485.6 484.2 482.1 478.5 481.2 480.6 481.2 479.3 481.6 483.3 484.1 486.7 488.1 488.1 487.4 487.4 487.9 487.7 489.4 489.5 490.6 492.6 495.6 498 499.3 498.9 497.6 490.4 480.2 473.7 465.2 452 437.7 426.3 420.1 410.8 400.7 390.2 380.3 370.7 363.7 358.4 351.8 342.9 339.7 336.7 333.7 330.3 325.7 319.8 313.3 306.7 304.6 302.3 298.5 295.2 296.3 293.6 292.5 289.5 287.6 285.7 280.1 275.1 272.2 268.5 262.2 253.2 250.7 245.2 240.6 236.3 231.9
506 505.2 504.2 501.5 496.8 494.6 490.4 486.7 484.7 481.3 479.3 479.2 479.2 477.5 479 482.8 483.3 485.4 484.8 484.5 486.1 485.2 484.9 486.1 487.1 489.7 490.4 492.6 493.9 495.2 495.5 499.5 498.6 498.3 490.2 477.2 469.1 460.3 446.5 433.6 422.7 413.7 404 393.2 383.2 372.8 364 358.3 351.5 342.4 338.8 334.4 330.8 328 322.3 316.7 310 308.8 305.4 301.4 298.4 294.8 293.6 294.7 294.3 291.4 284.1 280.9 280.5 276.1 269.4 266.6 262.4 257.3 247.3 244.1 239.4 238.3 234.5 228.2
513.8 510.8 507.6 503.3 498.9 495.8 491.9 486.9 482.7 480 476.5 476.1 476.6 474.7 476.1 479.2 479.9 481.9 481.3 481.9 481.9 482.6 483.5 485 486.4 489.9 490.7 494 493.9 492.9 494 498.1 496.4 493.8 488 475.9 465 455.6 442.2 429.9 419.4 407.3 396.4 386.3 375.4 366.4 358 354.2 346.3 339 336.2 332.2 325.6 320.5 316.3 310.4 310.6 309.2 304.8 298.8 292.6 290.3 290.7 291.9 292.1 289.3 283.2 275 273.2 270.5 266 261.1 256.6 251.3 245.8 241.3 239.7 236.3 231 221.9
518 514 510.1 506.5 502.1 498.9 491.4 485.9 482.4 477.2 474 473.1 472 472.3 473.5 477.2 477.3 477.9 477.9 478 479.2 479.6 482 483.7 486.4 490.1 490.6 491.8 491.3 490.4 491.1 489.9 488.3 487.9 481.6 472.7 460.7 448.2 438.3 426.8 415.4 403.2 390 378.6 368 363.3 357.8 350.8 340.9 335 332.6 328.6 323 316.7 312.7 309.9 309.7 308.6 305 300 294.5 286.5 282.9 284.9 285.8 284.6 279 272.8 263.9 264 261.5 257.5 251 246.6 243.1 239 235.8 233.4 227.4 217.8
520.3 517.7 513.8 509.1 504.5 498.4 489.8 483.1 479.8 476.5 474.4 471.7 469 469.8 470.6 472.3 473.1 473.2 473.5 474.2 474.9 477.8 480.5 482 484.4 490.9 489.8 488.6 486.8 483.5 482.2 479.9 478.6 478.8 473 462.7 453.9 442.4 434.3 424.1 413.1 400.3 387 372.3 362.8 359.3 353.8 345.9 338.4 334.3 330 322.6 318.2 314.9 312.7 307.6 305.3 304.7 302.7 298.6 292.3 284.8 275.1 277.2 277.2 277.8 275.4 269.8 260.8 256.8 254.5 253.1 249.5 244.6 241.6 233.8 230.1 229.5 224.8 217.7
521.5 517.8 513.8 506.5 503.6 496.7 490.3 483.6 479.7 477.5 475.3 472.1 463.8 464.6 466.1 467.7 468.8 469.6 469.1 468.5 470.9 475.3 478.9 479.8 481.3 489.6 486.4 482.4 479 476.4 474.4 470.4 467.3 469.7 463.3 453.5 445.4 437.4 430.4 420.5 409.8 396.8 383.6 369.6 359.5 354.4 347.6 336.1 334.4 332 326.5 318.5 316.1 311.4 310 306.8 302.3 297.4 296.9 292.6 287.4 281.3 274.6 270.4 270.4 270.7 269.6 265 258 252.6 249.7 249.6 247.5 244.7 244.5 238.2 230.4 224.3 220.8 215
