public/OST50/NH31.asc
ncols 200
nrows 200
xllcorner 230000
yllcorner 810000
cellsize 50
[rows 105 to 139 of 200, columns 78 to 155 of 200]
120.3 119.4 119.4 118.7 118.7 120.1 119.8 117.7 117.8 117.8 114.9 110 107.9 107.5 107.5 107.6 107.5 107.5 108.1 114.2 118.8 120.6 125.3 131.1 144.3 151.8 156.8 161 165.5 168.7 170.9 175.7 178.5 183.1 180.5 181.3 181.5 183 180.3 176.4 172.1 168.5 167.6 165.3 161.5 169.2 177.3 176.8 181.6 183.8 191.1 194.9 205.7 220.9 222.4 228.4 229.5 231.1 233.2 239.3 245.5 251.9 258 261.1 267.7 274.8 283.2 290.4 293.4 293.5 295.5 304.5 309.2 314 321.4 328.4 335.2 342.6
117.3 115.5 117.1 117.2 117.5 117.7 117.7 117.7 112.1 108.4 108.3 107.5 107.5 107.5 108.6 109.9 110.4 113.2 116.8 120.9 120.7 123.2 130.4 138.4 146.6 155.1 159.9 163.6 167.7 173.5 180.1 183.7 189.4 189.7 182.8 180.2 183.1 184.1 180.7 176.9 173 169.7 167.3 169.2 176.2 186 192.4 191.8 197 205.8 217.6 218.4 223.8 233.7 233.7 235.6 244.1 244.9 242.7 249.9 257.7 266.2 271 273.9 281 289.4 297 301.3 305.4 309 311.5 313.9 317 320.7 336.3 341.4 347.1 355.6
117.1 116 116.1 117 116.1 115.8 114.9 108.2 111.3 110.2 109.1 107.9 110.3 112.8 115.3 117.4 118.7 121.4 123.7 125.2 120.9 126.9 136.4 145.8 154.9 161.6 165.1 171.9 174.3 180.2 184.4 186.3 189.6 189.3 187.2 185.3 185 183.9 182.4 179.1 177.6 175.3 177.9 187.1 198.1 212.7 217.4 216.5 223.1 231.1 238 249 242.8 253.7 253.1 252.9 256.6 261.2 259.5 258.8 269.5 277.5 283.1 288.8 295.4 302.2 309.2 315.4 318.9 323 323.6 323.1 328.7 333.8 342.5 353.3 359.8 367.7
115.4 115.4 116.8 116.9 114.5 112.1 108.7 110.6 111.1 111.1 109.9 112.8 115.6 118.4 119.4 122.8 124.1 126.2 129.5 129 127 135.4 148.4 155.6 164 170.6 171.4 174.6 182.3 187.8 191.5 193.1 193.8 195.7 194.5 192.5 192.2 189.9 189.2 189.4 191 188.5 197.9 202.2 212.7 235.5 244.3 249 259.7 264.5 272.5 281.7 270.8 270.4 269.8 270.6 271.6 277.2 276.3 276.6 285.9 290.2 296.2 304.8 314 321.1 327.1 332.7 337 337.7 341.9 342.9 344.9 348.6 352.8 364.1 372.7 380.9
113.3 114.2 115.9 112.2 110.4 110.4 110.9 109.7 110.1 112.8 115.6 118.5 118.6 120.5 122.2 125.4 129.5 129.7 130.5 128.7 141.6 156.5 164.5 165.6 170.8 176.5 179.1 182.2 188.1 195.1 198.6 201.8 203.4 204 202.7 201.1 202.1 203.9 203.7 200.3 203.9 208 211.5 215.5 234.3 257 266.3 276.9 288.5 301.1 306.9 305 290.3 280 281.4 285.3 288 291 296.2 297.4 300.5 307.7 313.5 323.4 328.6 335.4 344.2 355.5 360.2 362 363.5 361.3 362.9 363.1 363 370.9 387.3 395.7
111.9 111.8 111.5 110.2 110.6 110.7 112.8 113.5 116.3 118.4 118 119.9 121.9 124.8 125.7 128.1 135.3 135 138.6 149.6 161.8 171.4 173.1 175.2 177.6 183.2 188.9 192.7 197.7 202.5 205.3 207.5 211.5 213.7 213.2 214.2 218.6 219.7 213.4 213.2 218.1 222.6 229.5 242.4 262.1 281.4 301.1 301.8 322.1 323.6 318.5 308.4 299.4 296.7 299.1 301.4 302.3 304.8 313.2 313.4 317.1 326.4 328 344.9 349.1 362 371.3 376.2 380.5 377.5 376.2 375.2 376.5 383 379.7 390.2 398.2 409.7
110.7 108.6 107.8 110.5 109.9 114.6 116.8 117.6 117.7 119.2 120.7 122.7 125.2 128.9 132 137.8 141 145.1 161.8 174.6 181.3 187.1 188.5 187.9 192 194.3 198.9 203.2 206.7 212.5 216.2 220.5 226.4 231.5 234.9 233.8 232.4 221 222.8 229.5 236.7 245.4 257.8 266.3 288.3 314.6 328.6 327 337.3 334.7 326.1 322.9 320.3 309.7 316.2 319.3 320.9 322.6 329.4 329.3 333.2 340.5 351.2 370.6 377.5 386.8 396.4 398.6 398.3 396.4 396.4 394.5 396.1 396.4 396.6 404.5 410.9 420.8
108.9 110.1 111.5 114.8 116.2 116.8 117.4 119 120.7 122.1 123.5 125.7 129.3 134.5 139.7 143.8 148.5 163.2 182.1 191.2 193.3 199.9 208.9 217 221.8 214.6 213.3 217.4 220.3 228 236.3 240.4 248.9 260.5 262.5 249.7 240.3 232.5 240.4 246.5 257.5 265.7 276.1 289.2 304.5 326 336.3 337.5 339.1 340.2 340.5 331.3 325.2 321.6 325.5 332.7 335.6 337.5 341 342.8 347.3 360.2 373.8 386.3 397.1 411.2 418.1 420.2 416.5 422.1 420.8 419 415.8 414.7 415 416.6 424.7 435.4
109.5 115.1 117.6 115.7 116.5 118.8 119.3 120.4 122.8 123.6 126.3 130.2 138.6 138.6 145.6 150.7 159.5 179.2 192.4 200.8 208.7 220.4 238.8 256.2 264.3 253.8 249.5 250.8 258.7 269.3 271.6 267.9 262.7 266.2 267.5 257.3 249.3 248.5 258.2 271.6 279.3 287.3 298.5 306.8 315.6 327.8 337.2 346.7 348.7 349.7 356 350.3 334.3 333.3 340.5 347.8 348.3 352 356 355 363.4 374.3 391.9 405.7 421.7 433 439.7 442.4 446 442.2 435.3 432.3 429.9 426.9 426.6 429.4 439.4 446.5
118.8 117.8 117.7 118.4 119.7 121.3 122.6 121.8 127.5 126.7 131.4 139.2 143 146.4 154.1 164.3 182.4 194.7 204 220.7 239.4 259.9 274.7 293.8 304.1 300.8 300.3 306.4 312.1 318.9 316.5 304.5 283.5 270.6 271.5 272.1 259.7 269.4 277.4 290.8 296.6 304.7 312.2 317.5 323.7 330.1 338.8 349.8 356.6 360.3 359.3 357.2 341.3 344.2 350.7 359.5 358.4 361.2 365.2 367.8 375.2 392.1 415.2 433.5 446.2 451 453.8 466.4 470.1 462.2 458.5 452.7 442.6 439.2 440.1 447.2 451.7 462.7
121.5 119.1 118.3 121.3 122.5 124 126.3 128 128.2 133.5 138.9 143.6 148.3 155.5 167.5 182.6 194.5 213.2 227.8 252.1 267.3 288.3 307.9 325.4 330.1 331.6 331.9 333.8 341.2 346.5 345.8 334.1 321.2 298.1 293.1 286 271.1 279.9 289.6 297.9 303.3 311.8 320.3 324 328.3 335.2 343.5 351.5 358.8 361.8 361.4 359.7 346.4 360.1 361.9 363.5 367.4 374.1 380.7 383.3 392.6 410.4 427.4 447.8 456.1 464.4 472.7 493.8 493.4 474.2 469 464.5 455.8 458.7 461.9 464.5 469.7 482.1
123.1 121.3 123 124.9 125.8 128.9 129.6 133.2 139.7 141.7 145.5 150 159.5 174.6 192.6 203.3 223.1 244.8 265.9 282.8 305.5 319.8 336 346.8 351.9 354.2 351.4 360.9 370.9 372.1 364.7 357.6 343.6 321.2 310.8 300.2 287.8 290 300 309.1 309.9 316.9 323.6 326 332.2 340.2 347.9 359 364 366.7 369.2 362.8 355 370.6 374.4 372.8 378.6 391.3 393.8 400.4 410.2 425.1 437.7 455.5 469.7 480 487.8 501.6 500.1 486.3 474.7 468.6 469.4 473.5 476.2 480.1 484.9 499.4
125.5 128 130.8 128.5 129.4 135.3 141.6 147.8 151.8 154.5 161 166.4 176.2 194.7 210.5 224.9 249 271 284.4 297.4 317 328.1 344 357.6 368.5 369.4 365.9 369.5 372.1 375.9 370.3 362.2 348.5 339.4 330.3 320.8 309.8 308.8 311.9 314.4 313.2 319.2 326.3 329.4 337.3 344.9 353.5 361.9 366.7 368.9 369.9 367.7 362.4 373.1 379.4 380.3 388.8 401 405.3 415.4 429.2 434.4 444 459 479.2 489 493.9 499.7 504.6 490.6 478.6 478 487.1 485 486.4 490.3 498.4 511.3
130.2 134.5 137.3 133.5 136.3 142.4 149.2 155.4 162.7 168.7 174 180.9 201.5 217.7 231.1 240.7 258.5 278.7 290.1 301.6 319.7 337.9 346 357.8 367.7 369.8 370.5 371.4 374.5 375.6 371.5 363.9 355.7 346.6 342.2 332 319.1 319.1 319.3 318.8 318.9 327.4 329.8 335.7 343.5 348.7 356.7 365.4 370.1 369.4 370.6 368.5 372.1 380.6 380.2 384.9 394.6 408 415.6 425.3 434.3 440.2 451.5 462.6 473.7 486.3 494 499 502.2 497.8 488.3 502.3 511 505.9 497.8 503.4 511.3 519.6
134.6 138.2 139.2 139.7 143.4 149.1 158.7 165.8 174 177.6 187.2 208.3 225 232.6 246.6 251.1 264.6 279.2 300.9 319.1 342.7 350.9 359.2 361 362.6 366.1 366.1 369.3 370.3 370.3 367.1 363.4 360.9 351.9 343.9 336.4 328.7 325.2 330 328.2 325.9 330.9 336.2 342.8 347.9 352.5 361.5 369.9 370.9 369.7 371.6 373.2 378.7 384.8 385.2 391.7 403.4 413.6 424 431.3 437.7 444.6 456.1 464.5 473.3 486.6 500.2 500 511.5 507.9 504.1 515.3 523.7 522.3 522.3 522.7 530.4 536.3
137.6 140.1 142.7 145.5 151.1 162.7 171.4 178.3 182.6 194.2 208.3 227.4 249.9 255.4 268.2 266.8 275.2 287.6 309.4 326.5 345.3 356.6 367.6 371.1 368.1 362.1 359.6 359 364.5 363.4 357.9 359.8 355 349.1 341.6 335.6 329.5 330.4 332.3 330.5 330.8 334.3 341.3 347 350.3 354.7 363 370 370.3 372.4 374 376.3 383.6 389.1 389.1 400.1 409 417.8 426.6 434.9 442.7 450.2 458.4 467.3 477.6 500.7 510.9 510 515.2 518.8 525.2 535.1 538.7 542.3 543.7 537.2 539.1 543.6
143.2 146.3 152.1 155.8 164.3 177.9 190.5 196.3 201.7 208.1 225.7 244.5 256.4 266 280.1 288.7 290.9 299.1 322.9 336.6 353 362.8 368.1 369.1 361.6 359.6 352.3 359.8 359.9 360.3 349 348.9 347.2 342.4 338.7 335.7 332.6 333.4 335.5 334.7 334.4 336.7 339.4 345.9 350.2 354.6 361.6 366.5 370.7 372.7 374.5 381.5 391.1 395.3 400.2 406 413.6 422.7 431.5 438.8 446.4 454.4 462.4 471.5 485.7 499.5 509.8 513.5 519.6 527.6 539.3 547.8 551.4 559.7 561.1 553.2 549.2 551.5
149.6 150.2 162.9 174.5 184 196.4 210.6 220.4 221.9 224.6 233.1 245.4 259.8 273.2 285.6 296.2 302.5 307.6 329.3 339.1 350.7 359 364.4 362.2 352.5 348.5 349 348.7 350.7 350.5 348.1 344.7 342.3 339.2 338 338 336.3 336.9 338.5 337.7 339.7 342.5 344.6 345.8 350 356.5 362 366.6 368.9 371 378.3 390.1 395.5 399.3 404.5 411.4 420.2 428.1 435.1 441.4 449.5 457.4 465.1 473.7 485.4 496.3 507.6 518 523.9 534.6 548.8 557.4 560.8 569.4 570.6 571.6 563 560
161.4 168.3 175.3 184.9 191.8 204.2 222.9 230.5 238.5 236.9 244.1 253.8 263.7 275.1 284.6 296.8 303.4 310.4 325.8 335.1 340.4 347.6 353.4 354.5 350 344.9 346.6 345.4 348.2 349.2 347.4 342.8 338.7 337.2 337.2 337.2 338.6 340.9 344 344 347.5 351.7 350.8 350.9 354.7 359.2 364.9 368.9 373.4 377.9 385.7 393.1 398 403.5 409.3 415.9 424 431.5 437.7 443.8 450.8 458.6 466.5 476.1 488.4 504 519.7 523.7 529.7 549.1 558.6 563.4 568 571.4 577.8 573.4 565.8 565
175.2 181.3 184.9 190.2 197.1 212.1 228.6 237.8 248.9 247.8 253.4 263.7 274.4 279.5 286.9 297.3 305.9 312.6 321.7 326.4 330.8 336.4 343.3 347.2 349 341.5 340.8 341.7 344.2 346.3 344.6 342 338.7 337.5 338 339.6 342.3 346.6 349.2 351.5 356 359.5 356.7 356 360.7 365.2 370.2 374.5 379.7 385.2 390.7 396.1 402.6 408.2 414 420.1 426.9 434.6 441 446.2 453.2 461 469.5 480.1 493 506.2 514.2 523 533.5 544.5 556.2 566.9 570.6 572.9 572 566.4 562.3 561.5
189 194.7 199.1 197.5 203.9 220 234.3 240.4 250.9 256.8 262.3 274.7 281 284.8 294.3 306.7 312.1 317 322.2 323.7 325.7 330.1 337.2 340.6 341.9 337.3 338.4 339.8 341.6 342.1 341.9 340.5 340.6 340.4 343 343.9 348.1 350.7 352.9 356 359.5 360.8 359.1 363.3 368.4 371.7 376.4 380.6 385.1 391.5 396.7 399.6 404.5 411.5 417.6 423 429.8 437.7 443.6 449.4 458.3 466.8 477.6 489 504 511.8 517.4 531.2 539.9 544.1 549 559.2 569 570.2 565.6 558.3 555.1 554.8
202.9 208.5 212.1 214 209.9 228.4 239.8 245.8 254.2 262 267.9 275.2 282.7 287.5 298.2 310 314.6 318.6 321 320.7 322.5 329.5 330.6 334 335.1 337.5 338.8 339.8 340 341.5 342.6 343.4 344.6 346.4 348.3 348.5 349.4 349.7 354.3 358.3 360.9 363.3 368 370.5 372.9 375.7 379.9 384.3 390 396.4 401.5 404.6 407.8 412.4 418.7 424.5 430.2 437.2 443.8 452.4 463.6 474.8 486.5 495.6 503 513.1 521.2 535.6 548.1 555.2 555.6 560.3 560.5 561.2 555.5 549.6 547 544.6
211.9 218.4 223.6 224 224.5 226.5 238.8 248.4 252.5 262.7 271 276.4 281.3 288 299.8 307.3 310.5 316.8 319.9 319.7 319.8 326.8 330.1 329.4 331.8 334.9 338.3 340.5 340.1 341.4 342.6 342.8 345.6 348.8 349 349.7 350 352.5 355.6 358.5 362 367.5 371.6 373 375.2 379.4 383.8 387.9 393.3 400.1 404.1 407.6 411.4 414 418.5 423.8 430.7 437.9 445.7 458.6 471.5 483.7 491.9 496.9 505.6 515.2 529.8 547.2 556.9 559.1 558.8 559.7 559.3 555.2 550.5 541.8 538.7 537.8
224.7 231.8 232.8 233 236.9 237.6 244.8 250.4 255.9 264.1 272.9 278.5 283.5 288.6 296.8 304.1 308.2 313.4 317 317.9 319.3 320.6 324.4 328.9 329.8 332.3 338.4 340.7 340.2 341.4 341.8 341.9 344 349.3 349.1 351.3 352.2 354.7 358.2 359.8 362.8 369.5 373.3 373.5 376.8 381 388.8 390.9 397.2 404.9 408.9 411.4 415.1 418.2 421.4 427.7 435.5 443.1 448.3 461.9 478.2 492.6 495.9 498.4 510.6 525.9 539.9 554.4 561.1 561.1 558.5 558.5 565.4 568.6 558.5 546 533.1 527.2
235.9 243.3 242.5 246.4 251.1 250.7 256.7 261.2 265 267.8 273.6 279.4 280.6 287.6 294.5 301.5 307.7 311.8 315.2 317.9 320.8 321.5 323 324.6 327.8 330.8 339.6 340.8 340.3 340.9 341 341.1 345.9 350.8 352 354.6 355.2 356.4 359.2 361.3 363 370.7 377.6 378.9 381.3 385.8 393.6 397.1 404.7 412 415.2 417.1 420.5 424.6 427.9 435.5 445 450.5 457 465.8 481.4 494.4 500.6 505.5 523.5 535.3 550.4 565.2 571.9 571.2 564.3 560.3 564.5 574.6 570.2 554.8 537.6 525.9
247.9 253.6 253.4 259.1 265.4 267.7 274.4 277.7 274.4 276.2 279.4 280 282.8 289.9 295.8 303.8 310.5 316.5 320.6 323 322 328.8 329.4 325.5 328.5 332.1 337.3 340.1 339.6 339.7 341.5 346.1 349.7 359.6 360.9 359.1 359.1 360 363.5 366.4 369.2 375.5 381 382.2 388.5 394.5 398.8 406.6 413.1 420.7 425.8 429.3 432.4 437.1 441.3 448 461.4 463.2 473.4 482.9 490 498.8 504.7 512 527.4 546.9 555.6 568.2 572.3 573.6 579.3 587.8 580.5 581.5 567.3 554.4 541.7 532.7
256.4 262.6 264 271.5 277.4 280.2 286.5 290.5 285.7 289.1 291.1 290.8 287.6 289.5 299.6 307.7 314 319.9 324.8 324.1 324.4 330.2 330.6 329.9 329.9 331.4 333.7 336.6 338.4 342.4 345.8 350.6 355.4 360.7 362.3 363.4 362.6 364.9 369.1 372.8 377.1 383.5 388.1 391.6 399.9 406.2 414 416.9 424.6 431.5 441.2 443.3 445.8 449.6 453.4 465 473.1 478.1 488.9 495.6 497.8 502.7 511.2 531.4 540.4 567.6 576.2 578.8 586.2 581.7 581.5 573.2 574 572.6 559.1 549.3 536.5 525.4
262.9 267.6 272.5 282.7 288.7 292.5 297.9 300.6 302.5 304.9 302.9 299.7 298.6 298.9 303.8 310.9 315.8 321 323.5 324.4 326.6 331.7 333.6 331.9 329.2 330.5 331.4 334.8 341.7 346.2 350 353.6 357 361.7 366.8 369 370.5 370.4 374.3 380.7 385.3 393.4 396.4 403.5 412.1 420.6 425.3 428.8 437.6 447.8 453.5 456.2 462.8 465.5 469.6 479.6 493.6 505.9 505.9 503.8 504.7 509 522.8 532.8 547.4 576.1 584.5 588.1 589.6 589.6 580.2 563.6 561.9 557.9 547.9 536.9 528.8 521.3
281.8 280.9 284.9 291.1 299.3 300.7 306.7 317.5 313.9 312.1 312.4 306.8 304.4 303.9 310.2 313.8 318.4 321.5 324.2 326.5 330.9 339.5 338 332.9 329.7 331 335.4 338.7 343.7 351.7 356.9 358.6 362.3 366.2 371.9 376 376.6 380.3 382 386.6 393.6 402.8 411.1 416.6 424 432.8 438.7 442.8 454.4 461.4 462.5 467.6 474.1 475.7 487.4 504.5 519 523.1 514.7 509.4 510.2 519.6 525.5 536.3 559 577.2 580.6 583.5 586 590.6 570 554.8 546.7 546.7 535.9 527.5 522.1 517.1
294.6 294.4 297.6 304.4 311.2 315.1 323 326.1 322.3 320.1 316.7 312.1 312 311.3 317.1 319.9 321.5 323.4 326.7 329.4 333 339 339.9 335.3 333.2 334.1 336.6 338.9 347 355.7 360.4 361.2 369.6 372.4 380.8 386.1 384.8 386.4 389.7 395.4 401.5 414.8 422.7 426.8 433.2 443.8 452.3 459.4 466.6 472.7 482.6 487.5 484.3 485.2 505.6 526.3 534.6 529.8 521.4 516.5 517.3 521.1 526 534.8 568.2 574.8 574.8 571.7 571.8 568.8 559.9 557.9 541.5 539.9 527.6 520.8 516.5 511.1
304.7 306.8 310.7 317.8 323.2 332 333.5 335.5 332.8 327.8 321.5 321.5 320.5 317.8 319 323.7 326.8 328.5 328.4 332.6 336.1 339.9 340.6 339.2 338.2 340 341.7 342.6 350.4 356.5 364.3 373.4 380 383.4 387.8 393.9 394.6 398.8 399.1 406.5 414.8 421.2 429.2 437.2 450.9 459.3 462.7 474.6 486.1 500.6 496 491.8 489.8 495.8 513.4 529.4 538.5 538.4 530.3 524.9 523.9 523.4 529.2 548.5 573.2 579.7 572.5 579.4 572.6 569.2 564.1 552.6 536.9 526.1 519.4 513.1 509.9 505.3
315.8 320.2 325.5 327.6 334.8 342.1 341.6 340.5 338.7 333.7 330.8 330 331.3 324.9 325.8 330.6 334.4 337.9 339.6 339.6 340.8 340.7 342.1 342 344.1 346.5 348.8 350.8 354.5 362.1 374.6 382.8 387.1 394 402.5 403.5 405.6 411.7 412.6 419.7 428.1 434.9 442.7 453.6 463.2 468.3 475.7 488.3 499 501.9 500.1 496.1 496.3 510.9 521.7 527.1 539.1 540.2 537.9 532.4 529.8 531.6 543.5 562.3 577.7 576.8 574.3 580.4 577.5 563.9 554.6 544.5 528.1 520.8 512 506.1 503 499.5
327.3 331.5 334.4 338.1 348.7 347.9 346 347.3 345.3 343.1 341.6 338.3 335.8 333.3 333.9 338.2 346.2 350.4 350.3 347.9 348.4 349.1 351.1 350.2 351.6 353.9 356.2 358.9 362.4 374.7 387.3 392.4 398.9 407.7 415.7 416.7 418.3 419.1 423.5 431.7 440.2 446 454.9 463.7 473.5 482.8 484 499 506.9 500.8 499.4 498.1 504.7 520.7 523 525.3 532.5 534 537.8 536.5 538.6 540.4 552.8 560.4 566.4 571.4 570.6 573 574.1 560.1 548.7 540 525.3 515.3 509.5 502.6 497.3 493.3
337.4 341.3 344.3 347.6 351.8 352.5 354.7 359.6 356.2 349.4 347.6 348.8 348.7 347.5 347 350.3 359.6 363.4 362.2 359.8 357.3 358.3 361 358.6 360.7 363.5 364.9 368.7 370.9 385 396.3 406.9 424 432.1 431.3 426.5 423.6 430.2 433.5 437.6 443.9 450.2 461.2 473.6 483.4 486.3 490 497.3 499.4 497.3 496.2 494.7 506 520.5 520.6 519.9 518.5 526.4 528.6 531.4 537.5 555 566.6 564.4 562.6 571 571.8 573.5 578.2 561.6 549 541 526.9 513.4 506.4 501.3 495.5 490.2
355.8 357.6 354.3 355.4 364.1 367.4 363.6 363.4 359.2 354.4 359.5 359.9 356.9 354.4 353.8 358.9 368.1 373.9 371.1 368.3 365.8 366.3 368.5 371.4 374.8 379.4 382 381.7 384.2 396 410.4 418.5 440.9 440.9 439.7 432.5 430.6 437.4 441 443.4 449.2 462.4 479.2 481.3 486 487.4 490.3 490.7 490.4 489.8 490.5 491.5 499.1 514.4 520 515.5 518.7 521.9 524.3 528.5 544.9 565.1 571.5 569.1 573.1 580 580.4 580.8 575.6 564.8 551.9 542.8 526.5 512.2 503.1 497.7 491.9 486
