public/OST50/NH31.asc
ncols 200
nrows 200
xllcorner 230000
yllcorner 810000
cellsize 50
[rows 70 to 104 of 200, columns 0 to 77 of 200]
400.7 399.1 396.7 391.1 387.8 386.3 385.2 390.1 391 390 389.1 392.6 393.7 395.5 397.2 402.1 405.8 408.8 412 420.5 426.9 437 444.5 443.1 442.8 442.4 443.2 443.5 445.9 448.5 447.9 444.4 441.1 437.4 435.1 431.7 428.3 427.4 430.4 434.3 436.7 439.3 438.1 431.6 429.7 428.7 428.8 433.8 434.1 431.5 436.3 440.7 439.9 442.1 443.4 435.9 435.3 430.8 429.4 429.8 424.7 411.7 397.5 379.7 371.4 362.3 348.1 335.9 327.4 323.5 318.6 314.6 310.5 302.4 294.8 288.4 285.3 279.9
391.1 385.4 384.4 381.1 381.2 382.9 382.7 384.5 381.7 381.4 381 385.7 388.1 389 390.8 396.4 398.3 400.2 405.6 412.6 420.6 427.9 434.2 436.8 437.1 437.5 436.3 436.2 436 437.6 439.7 441.3 439.3 437.9 436.8 436.2 428.7 429 436.5 442.3 446.9 441.5 442.2 442.7 435.1 433.3 434.2 436.8 438.7 436.4 438.1 441.4 443.6 443.3 440.7 435.7 433.5 431.2 426.1 422.5 419.1 409.6 403.1 393.5 379.2 364.9 349.6 338.5 332.7 327.2 327.8 326.6 322.7 315.3 301 289.7 282.7 279.9
383.4 380.7 378 374.7 375.4 377 377.1 374.9 374.3 371.6 374.7 380.1 381.7 381.3 384.4 388.6 390.4 392.8 399.6 406.4 412.8 419.8 427.3 430.4 429.4 427.6 428.1 428.8 431.7 437.1 441.4 449.2 449.9 450.5 448.4 441.6 433.3 431.7 441.6 445.4 447.4 450.9 452.4 454 445 436.9 440.4 442.6 443.5 439.9 434.9 433.6 437.5 441.6 437.9 432.3 426.2 417.7 413 409.3 408 408.8 408.3 401.1 386.6 370 355.4 341.9 339 337.8 341.8 342.5 331.8 313.8 296.3 286.8 281.7 278.7
375.3 371.8 371.3 370.3 367.8 366.5 367.8 367.6 365.9 366.9 368 373 374.6 375.2 377.2 380.1 382.6 387.2 392.1 398.4 404.9 412 417.8 416.9 417.8 419.9 423.4 429.1 432.3 440.4 451.7 462.9 460.9 459.8 454.8 446.3 441.2 434.4 436.4 438.1 442 452.2 451 451.1 443.4 436.1 435.4 437.4 434.7 433.6 430.6 425.1 422.2 423.6 428.4 425.5 419.7 411.9 405.8 403.7 401.4 404.7 404.9 400.1 389.7 375.3 371.5 356.1 349.4 347.4 344.2 336 322.5 312.2 311.5 301.7 293.3 292.9
363 364.6 364.7 365.6 361 358.1 357.1 359.9 361 358.7 361.2 366 367.8 365.9 369.4 373 375.9 381 385 390.4 396.7 400.2 402.6 408.2 415.2 419.9 424.4 425.5 431.5 438.5 449 456 463 456.8 446.6 441.1 441 436.9 435.3 434.5 433.4 439 442 434.8 435.7 428.9 427.3 424 424.5 427.6 427.3 420.5 416.1 411.6 410.9 411.3 413.3 405.7 403.1 399.1 397 398.8 404.7 400 396.7 397 385.1 364.9 356.9 349.2 340.1 329.8 328.8 327.8 322.1 315.8 307.7 308
353.5 356.8 357.8 358.1 356.1 350.5 349.7 349.1 351.9 350 351 355.9 358.6 356.3 360.1 365.3 368.1 374 377.5 382 385.9 393 400.9 409.7 417.5 417.7 422.2 423.4 428.8 436.8 444.1 451.4 456 448.5 438.9 437 442.2 444 437.4 435.6 433.4 431.3 426.8 420.1 419.4 414.6 407.4 407.4 411.1 415.5 413.2 409.4 405.2 403 399.7 397.7 397.7 397.5 397.7 395.8 391.6 391.4 395.3 401.4 402.7 394.9 382.7 369.6 363.6 354.4 340.3 345.2 343.8 343.9 338.9 334.3 332.7 328.4
343.1 348 350.6 350.3 348.2 344.8 343.2 341.1 342.4 341.1 339.8 345.2 348 349.7 353.7 353.6 361.3 366.5 370.7 373.7 383.9 391.6 399.2 406 411.4 416.4 421.5 419.9 423.7 431.7 434.2 436.8 442 439 437.2 436.6 438.8 442.3 441.8 437 433.5 428.7 422 412.9 408.9 402.6 398.6 394.1 395.5 399.4 403.2 399.7 395.1 391 389.5 385.9 382.7 386.9 393.3 388.3 386.9 387.7 393.4 398.3 398.7 392.3 385.3 376.7 362.2 366.6 363.7 364.5 369.7 370.9 357.5 355.9 350.6 339.8
336.4 337.6 341.9 342.3 341.3 338.3 335.3 332.9 331.3 330.1 332.8 336.2 339.9 337.9 347.4 351.7 355.4 359.4 361.6 369.8 378.4 389.2 399.5 403.7 409.2 420.7 420.3 413.8 413.1 423.7 426.8 421.7 423.2 431 430.2 432.5 434.7 434.6 436.1 435.3 432.3 430 424.4 414.1 405.9 398.4 391.4 388.3 387.8 387.3 385.9 384 384.4 383 381.8 375.8 373.8 372.2 376.6 379.9 380.9 384.9 389.7 398.6 397.2 387 374.9 374.3 392.4 393.5 392.6 396.1 402.2 380.3 371.5 373.2 358.8 338.1
330.4 327.9 332.2 332.4 330.8 328.8 325.4 321.6 319.2 319.9 318 325.9 334.2 336.1 337.8 344.7 348.6 350.3 361.3 366 373.1 384.4 391.4 400.5 404.4 413.1 412.8 409.9 406.8 412.7 410 405.9 408.2 413 419 423.5 425.5 422.8 422.5 424.2 427.5 427.4 421.1 414.9 407.3 398.4 389.4 382.9 379.5 375.8 372.4 369.5 368.3 372.1 371.9 369.4 365.4 362.7 362 360.6 369.2 383.1 389.4 382.2 378.4 374.5 381.1 405.2 419.3 426.2 433.3 421.9 399.5 383.3 384.6 372.3 350.2 335.6
327.8 326.7 326.2 325.8 323.3 321.6 322.3 322.7 325.2 329.2 327.2 317.5 319.7 324.7 334 338 338.3 350.3 356.1 360.7 368.9 377.4 382.5 388.7 393.4 398.7 401.8 402.1 399.7 400.4 398.9 397.9 398.8 398.1 401.8 409.3 411.8 410.6 409 409.4 410 412.8 410.6 409.7 403.4 394.1 387 380.7 372.7 367.6 362.9 360.1 358.4 354.7 359.4 363 357.8 354.5 352.4 352.2 359.9 363.4 362.4 366 375.8 388 409.4 426.4 433 433.7 427.2 420.7 410.8 389.7 393.3 365 342 329.4
327.9 327.4 327.1 325.9 322.7 326.6 327.9 327.8 328 331.1 331 326.5 321.7 314.5 323.5 326.9 337.1 345 351.2 354.3 361.6 370.6 375 383.7 385.5 385 385.6 396.1 395.7 393.2 391.4 392.9 393.6 393.4 392.4 393.5 398 402.1 402.2 397.3 395.8 394.5 395.6 389.7 387.3 388 383.3 375.7 369.5 364 358.4 354.7 352.2 348.4 354 357.6 353.3 349.7 345.5 343.9 345.4 347.3 351.7 357.2 383 393.7 405.9 404.3 410.2 415.3 423.9 420.1 407.8 398.8 381.7 359.2 338.2 325.7
324.8 325 323.3 325.1 331 338 334 330.9 329.5 328.8 331 325.6 322.6 318.2 311.7 321 325.9 335.2 341.9 346.7 354.6 360.1 366.9 374 379.3 378.1 376.4 380.7 383.4 384.9 384.3 386.4 389.9 390.3 387.2 385.9 385.8 393.7 396.9 392.8 386.7 382.1 378.7 376.3 374.7 371.3 366.9 365.8 364.6 361.3 357.7 354.9 349.3 346.4 342.2 348.9 349.2 341.4 338.6 334 337.3 340.3 347.1 347.7 366.2 380.9 389 389.7 386.2 377.3 376.4 391.4 396.4 383 367.4 351.7 333.6 323.4
326.8 325.5 327.5 333.3 337.8 343.5 339 333.5 329.1 327.3 327.7 325.2 322.8 319.9 317.5 309 315.5 326.7 333.1 339.2 347.1 352 356.4 362.4 367.7 368.6 367.8 370.7 375.2 374.7 373.8 376.6 381 379.4 376.4 377.1 378 380.7 384.7 384.2 380.3 375.3 371.6 367.7 365.7 364.7 362.8 359.2 358.5 360.5 358.7 352.6 349.5 348.3 343.8 339.3 338.2 337.3 338.4 334 325.9 329.8 338.8 343.2 350.7 366.4 375.1 380.2 372.3 360.7 355.5 359.8 368.5 364.5 353.1 339.3 327.4 318.9
327.2 327.7 331.3 333.6 338.4 342.4 339.5 333.5 327.8 327.4 327.8 327.8 323.7 319.1 315.9 315.2 310.4 318.3 326.4 333.1 338.1 342.8 346.6 348.4 353.2 355.4 356.7 363.7 366.2 364.4 363.3 363 364.4 363.6 364 369.5 371.2 370.5 373.2 373.7 372.2 369.1 365.5 363.6 362.5 360.9 359.5 357.5 354.2 353.4 353.3 349.5 349.7 348.8 342.1 337.4 335.8 335.2 341.7 337.7 327 320.9 329.3 334.1 347.9 349.1 361.3 367.1 362.2 352.3 341.7 337.8 335.7 331.8 328.6 330.3 318 307.3
327.3 332.8 336.9 336.2 337.1 344 343.1 335.4 326.6 328.8 331.2 328.4 324.1 319.2 313.4 313.4 312.1 301.5 317.6 324.6 327.6 330.2 335.3 337.3 338.7 340.1 341.8 349.3 354.4 354.8 357.6 358.3 356.9 353.8 352.1 354.7 358.6 360.7 364 362.8 361.9 359.5 360.6 361.8 361.1 358.2 355.5 356.2 353.4 350.8 348.5 348.2 348.2 344.3 349.3 349.6 341 333.1 336.5 336.7 328.3 321.2 321.1 325.5 330 334.6 340.9 344.8 345 343.8 335.1 326.5 324 318.2 313.6 314.2 310.8 303.3
328.9 341.2 342.4 341.8 342.2 347.6 347 338.4 332 323.7 327.1 327 324 318.6 311.4 307.3 309.9 303.3 293 318.6 317.7 319.5 321.7 324.1 326.1 328.1 329.9 335.5 340.8 343.1 344.9 345.7 343.9 340.5 340 340.8 345.1 350.3 353.3 353.2 352.9 352.4 357.1 359.4 356.3 352.5 350.5 350.4 351.5 347.6 346.8 347.8 350.4 352.3 356.6 354.7 346.1 335.6 332.7 330.4 325.3 323.1 313.8 316 320 319.4 324.1 323.5 321.7 321.4 321.1 314.5 312.9 307.8 301.8 301.4 300 294.4
338.3 346.5 348.1 346.9 348.2 349.6 350.8 345.9 338.5 330 319.4 319.6 318.3 315.2 309.7 304.1 300.6 297.3 291.2 310.3 310.4 311.6 313.8 314.9 315.9 317 318.6 323.7 328 330.2 329.2 329.3 329.4 329.3 329.2 330.5 333.6 338 341.3 345.2 344.6 344.1 350.2 351.1 347 348.6 346.3 343.5 343.5 344.9 353.5 353.8 354.5 356.2 361.9 355.3 351.8 343.2 336.7 338.1 331 322.2 313.1 306.8 305.7 307.7 309.5 309.4 307.9 306.9 310.3 308.9 307.3 304.2 297.5 290.9 286.8 285.4
346.5 349.3 352.6 356 358.8 359 355.8 352.8 348 338.3 328.8 317.6 314.7 310 304.8 298.8 297.2 290.1 291.1 301.6 303.7 304.1 304.3 304.6 305.3 307.2 309.4 310.6 316.3 317.9 317.8 317.3 317.9 319.6 319.2 320.9 321.7 326.9 330.1 333.4 335.5 335.6 338.7 337.9 336.9 340.2 335.4 335.1 342.6 352.3 358.8 357.5 360.5 361.7 357.5 354.9 356.8 349.4 339.5 330.7 327.2 320.9 315.9 306.4 298.7 301.4 305.9 302 300.8 297.4 297.5 297.9 300.2 297.1 289.1 281.4 275.3 273.6
355.8 359.8 361 367.1 366.2 363.2 360 355.9 350.9 345.6 335.5 325.9 314.6 306.2 300.2 295.8 293.2 281.9 296.2 296.7 297 297 296.4 296.2 297.8 299 299.6 300.3 301.1 305.9 308.2 309.7 310.1 309.6 310.6 310.3 311.2 318.7 323 322.7 326.4 324.9 329.3 328.6 326 323.2 331.1 335.7 343.8 351.7 354.9 361.7 365.9 363 359.6 354.3 353 349.5 335.7 322 315.8 315 310 299.1 291 296.6 297.5 300 295.2 287.8 285.1 285.1 286.9 285 278.4 269.9 263.1 267.6
364.5 364.2 367.9 373 376.6 369.4 362.8 357.1 354.3 349.8 338.7 330.6 321.3 310 300.2 290.7 284.3 278.7 280.5 286.4 291.1 290.9 292.2 293.3 295.2 293.7 292.8 293.6 293.7 294.2 296.3 297.3 300.3 300.9 301 301.5 303 306.2 309.6 311.1 312 315.6 320.1 318.7 316.6 319.5 326.7 332 339.2 346 352.6 362.7 367.7 365.7 354.2 350.4 347.2 335.5 327.2 322.1 311.3 303.4 297.4 290.3 282.6 287.8 285.1 283.5 279.9 276.3 272.1 272.6 275 272.7 267.5 261.4 252.6 249
365.7 366.3 368.3 374.5 379.3 374.1 365.8 359.3 356.1 351.1 344.6 334.1 325.5 315.3 304.7 294.4 285.9 277 272.7 271.3 273.7 280.7 283.2 280.6 283.7 285.3 285.5 286.2 287.7 289.3 288.7 288.1 292.3 294.4 294.1 294 297.4 296 299.7 302 303.3 304.8 308.8 310.8 310.3 313.7 318.8 322.3 329.8 338.6 347.3 353.6 372.9 369.3 354.3 340.1 325.4 316.3 308.4 307 304.7 296.1 288.1 279.9 274.4 277.4 272.6 271.2 266.4 261.3 259.2 255.8 260.5 258.3 253.2 248.3 241.3 235.2
365.3 365.9 367.3 370.4 375.4 377 369.1 362.9 356.4 350.8 342.9 335.1 327.1 319.8 310.1 298.4 286.6 275.9 274.7 268.2 267.8 264.8 265.3 270.7 271.7 273.7 274.9 276.4 277.6 281 281.6 281.6 284 285.9 286.8 288.6 290.7 291.5 292.5 292.7 294.3 298.1 299.6 306.3 306.5 306.1 308.2 311.3 320 326.4 330.8 333.3 339.9 343.9 348 333.5 314 299.2 292.4 290.7 288.4 281.2 275 267.4 262.6 260.3 257.5 254.8 254.6 253.4 249.6 247.5 250.7 250.5 243.8 238.3 236 229.4
365.4 366 367.6 369 371.3 372.3 375.4 370.3 363.7 354.2 342.7 333.9 323.8 317.4 309.1 295.6 286.9 279.1 273.5 279.1 271.1 267.8 263.6 258.9 259.9 263.1 264.8 267.5 265.5 268.8 273 274.4 281.7 283.5 280.9 283.1 282.8 285.2 290.6 291.3 291.3 290.7 291.3 295.5 295.6 295.2 296.6 299 306.5 313.4 315.7 318.9 316.4 314.8 312.3 307.6 304.1 294.8 286.6 275.6 270.2 267.2 263.5 256.7 253.4 252 246.6 243.6 243.4 244.5 245.1 241.8 241 240.4 234.5 229.6 227.1 228.3
366.1 367.2 369.5 368.2 366.1 364.9 368.1 366.8 357.9 348.1 342.4 332.8 324.3 315.8 306.8 294.5 286.2 278.4 272.9 275 271.6 271.2 266.8 260.7 252.5 255.4 256.6 255.7 255.9 254.5 257.8 264.5 270.8 277 280.6 270.4 271.3 275.3 280.2 281.3 282.3 280.4 279.4 281.6 285.8 291.3 290.5 289.5 292.3 294.8 302.1 299.6 302.2 299.5 295.2 287.5 281.7 280.3 275.7 271.6 263.5 258.6 253.3 250.2 248.8 245.9 240.9 235.5 234.3 236.7 234.9 233 232.4 231.1 227.3 222.4 222.8 224.3
368.5 367.6 365.5 365 362.7 358.7 356.6 353.5 349 340.8 335.5 329.5 322.5 314.3 304 292.4 283.4 276.9 271.7 270.4 269.4 267.8 264.3 261.3 258 254.5 249.4 249.3 248.6 248.8 251.1 255.9 259.3 263.2 265.9 263.7 257.5 262.5 267.7 268.7 271.6 273.7 274.4 278.5 277.1 282.2 283.3 279.8 277.8 276.4 280.3 282.4 281.9 283.1 278.2 272.3 267.2 262.2 258.5 257.7 255.5 248.5 243.8 240.3 243.5 240.3 233.9 227.7 224.6 225.8 226.5 226.8 223.3 224.6 223 218.9 219.5 215.5
367.3 366 364 359.5 355.3 351.2 346.7 342.7 339.2 333.2 328.7 321.4 313.2 307.1 298.7 286 278.6 274.3 271.2 269.8 268.4 265 262.2 258.4 255.4 251.9 249 247.7 249.2 245.7 247 250.2 252.8 253.8 253.6 253 247.3 249.7 253 258.6 262.8 262.3 269.2 272.8 273 271.2 273.7 273 272.4 266.8 263.3 264 263.9 265.3 264.9 259.8 258 253.4 247.1 245.4 245 238.1 232.5 231.4 224.1 225.4 224.1 222.3 219 218 219.2 217.9 214.8 216.8 213.4 208.6 208 203.8
365.7 364.5 364.4 363.7 358.7 349 341.9 337.3 331 327 318.3 309.7 303 293.2 287.3 280.7 276.9 271.2 270 269.6 268.8 264.3 260.9 258 255.2 252.3 249.7 245.2 240.8 243 242.1 245.8 247.9 246.8 247.3 247.8 247.3 243.4 240.2 246.9 249.8 255 260.4 268.9 267.5 261.4 259.6 260.5 259.9 258.1 255.8 252.5 253.6 251.9 251.2 249.8 243 239.2 228.5 227.7 226.5 224.8 222.4 216.6 212.9 215 213.8 212.1 211.8 210.6 211.2 210.3 209.5 206.7 200.6 189.8 192.4 187.5
363 363.4 364.1 365.8 359.9 351.4 342 331.2 322.2 317.3 309.6 303.2 298.3 289.6 281.9 278.4 272.7 264.2 263.8 268.2 268.5 264.6 261.6 257.9 253.9 252.1 250 243.3 240.2 238.3 235.9 243.4 245.7 245.5 245.5 245.2 241.6 238.4 233.8 226.6 237.2 245.5 252.3 254 255.4 249.4 247.9 247.5 245.1 244.8 244.2 242.3 240.2 240.5 236.3 236.4 230.9 225.9 216.4 211.2 210.7 208.8 208.6 205 202.3 200.9 198.8 204.4 205.9 199.6 200.2 194.3 196.7 194.5 182.6 183.7 177.5 172.9
362.8 360.9 364.3 362.5 355.3 346.1 334.6 327.6 321 311.2 304.9 300 295.1 283.2 279.3 275 268.3 260.9 261.6 268.4 266.9 264.3 262.1 255.3 251.3 249.4 248.8 242 239.3 240.2 239.7 232.2 238.7 240.2 241 238.7 236.5 232.6 230.2 225.3 224 231.2 236.4 240.2 241.3 239.4 237.2 239.9 237.5 235.7 229.7 225.5 223.7 222.5 222.5 221 217.5 215.3 210.5 204.2 199.2 196.7 192.8 190.5 190.1 187.3 187.5 186.8 188.9 187.9 185.4 177.9 183.9 176.8 171 168.8 166.2 162.4
358.6 357.6 360.9 356.4 350.6 343.8 333.1 324.7 319.3 313.5 306.2 301.5 291.6 283.8 279.8 272.3 265.9 261.3 259.9 264 263.3 259 255.3 249.8 246.8 245 242.1 241.2 237.7 241.8 241.8 239.3 231.4 233 236.3 236.3 235.2 231.8 226.6 222.7 214.2 218.8 228 229.6 230 229.6 228.8 230.7 226.1 227.4 224.9 217.4 213.6 207.9 207.3 206.6 204.1 203.2 199.6 196.4 188.1 190.6 182.2 179.7 180.2 176.4 176.7 174.1 173.7 171.3 170 170.5 162.5 158.3 158.3 154.9 151.7 147.6
350.8 352.2 353.6 353.8 350.8 337 327.9 323.8 321.1 320 313 304.7 295.7 285.9 281.1 276.1 269.8 263.3 258.9 260 257.7 254.6 251 247.7 244.6 242 239.7 239.9 236.6 238 239.6 236.1 231.9 229.1 227.7 229.8 229.1 225.9 222.5 221.1 218.3 211.2 204.9 213.9 219.2 220.5 223.5 219.6 218.4 218.6 213.7 210.6 205.9 202.1 196.2 192.4 192.3 190.8 188.7 184.8 180.3 177.3 172.8 171 170 165.4 163.9 167 164.3 160.8 160 154.8 153.8 151 152.4 150.1 146.4 141.8
342 346.8 348 348.1 338.5 329.7 324.1 322.1 319.8 318.6 312.2 305.7 295.5 288.1 281 274.4 269.1 262.9 260.7 257.3 254.4 251.8 249.7 248.3 244.8 241.3 238.4 238.2 237.3 231.8 236.4 233.8 230.9 223 212.7 217.9 220.6 218.6 213.5 213.9 211.6 206.7 201.7 195.8 202 212.8 212.3 214.4 212 210.9 201 203 199.7 193.5 187.7 185.7 183.2 182.1 178.5 176.7 173 170.3 169.5 159.5 159.5 157.9 153.9 153.1 147.7 146.6 144.2 141.3 140.5 143.4 141.9 137.5 135.9 134.3
335.4 340.2 343 340.7 333 324.9 319.6 319 316.1 310.7 306 300.8 293.7 284.9 277.9 272.2 271.2 267.6 263.4 257.9 255.3 252.7 251.8 249.5 245.4 240 237.2 236.2 237 229 230.5 231.5 223.2 214.4 214 209.8 210.4 209.6 204.9 200 202.3 200.2 197.4 192.3 184.3 194.3 203.6 202.4 199.8 201.8 193.7 185.5 186.2 182.6 179.5 173.7 172.6 169.9 166.6 166.3 163.9 161.5 160.1 153.4 146.1 144.2 140.5 142 137 134.5 132.8 131.2 129.7 129.8 127.5 126.3 125.8 125.5
326.5 332.3 338.5 338.6 329.8 321.3 316.4 314 312.5 309.8 305.1 298.9 294.8 283 282.7 283 280.3 272.8 267.9 264.4 261.9 259.4 256.6 251.5 245.1 238.7 237.5 236.4 233.7 227.4 222.8 220.5 215 211.7 214.1 204.6 199.1 195.1 194.1 191.3 190.4 190.6 190.7 184.8 178.1 173.5 184.7 189.5 185.9 186.4 185.5 179.9 170.3 167.5 171.4 166.1 165.2 164.1 161.3 159.2 156.4 154 149.8 147.7 131.8 130.1 131.5 130 127.7 125.9 125 124.1 123.3 122.5 122.6 122.5 122.3 122.8
319.7 322.7 329.2 332 328.4 318.5 314.5 313.7 316 316.7 310.2 302.9 292.1 284 289.8 290.1 286.7 279.5 270.5 271.9 269.5 266.3 263.6 254.1 245.2 238.3 235.9 232.4 228.4 219.9 211.4 212.3 211.8 207.6 202.1 198.4 192.3 186.6 183.3 183.5 178.9 176 176.3 173.1 169.8 166.7 163.3 171.9 173.4 169.8 172.9 167.7 168.2 159.4 157.4 157.2 157.8 155.5 148.1 150.8 151.9 149.3 145.4 139.1 132.8 128.4 125.8 124.4 123.2 122.3 121.5 121.6 122 121.6 121.7 121.9 122.2 121.9
