public/OST50/NH32.asc
ncols 200
nrows 200
xllcorner 230000
yllcorner 820000
cellsize 50
[rows 70 to 104 of 200, columns 78 to 155 of 200]
368.4 369.9 370.4 371 372.8 375.7 376.8 379.1 378.4 378.2 377.9 376 375.7 375.4 376.6 374.2 371.4 368.6 368.4 364.2 357.8 349 339.7 336.2 331 327.6 323.6 312.4 305.7 304 298.7 293.8 294.7 295.2 294.3 291.8 299.6 307.8 309.9 310.8 318.1 330 335.6 335.6 333 333.2 337.7 354.9 366.5 377.5 385.7 393.4 401.7 410.4 416 420.9 424.6 423.9 421.5 419.6 417.7 415.8 414.7 414.4 419.1 421 425.8 429.7 436.6 444 451.2 460 469.5 480.3 488.5 498.2 506.5 511.8
368.6 370.5 371 371.8 373.8 374.3 375.5 377.2 378.2 378 377.6 377.1 375.2 373.1 371.2 368.2 366.2 362.8 360.8 354.5 348.7 342 334 330.7 328.1 325.4 311 306.3 302.9 300.7 297.6 297.9 299.7 297.6 295.8 293.3 296.8 306.5 312.1 318.1 330.9 336.6 338.3 335.5 334.5 337 343.1 354.5 367.7 380.7 387.1 403.4 411.1 415.3 422.1 425.1 425.3 423.6 421.2 419.6 418 416.2 415.2 417.3 419.6 423.4 428.8 435.4 442.6 450.2 457.9 466.4 475 483.6 492.8 501.1 508 514.9
369.2 370.2 370.9 372.8 373.7 373 373.5 375.8 377.7 377.8 376.9 375 371.5 370.2 366.9 366.6 363 356.6 354.1 348.8 341.7 334.3 328.8 325.8 323.1 316.2 307.2 303.8 299.6 297.4 301.8 304.2 300.3 298 300.8 307 304.2 312.9 316 331.1 339.2 340.1 337.8 339 339.6 347.7 357 373.3 385.3 393.2 404.2 411.6 415.5 420.2 424.4 426 425.8 424.5 422.9 420.5 418.5 416.5 418 420 424.2 428.5 434.5 441.9 448.6 456 462.8 470 477.2 486.7 496.1 503.1 512.1 520.7
368.5 369.1 369.9 372.2 373.3 371.1 370.3 372.9 375.1 375.4 373 372.5 367.1 363.5 362 362.1 355.8 350.5 347.1 343 337 331 323.7 319.4 313.4 306.1 302.7 299.6 301.7 307.2 309 305.4 300.8 301.5 307.5 313.4 310.6 316.9 326.8 335.5 341.6 341.1 342.8 345.1 347.4 356.6 371.1 384.8 391.7 401.6 410.4 416.2 417.1 422.4 426.7 426.5 426.1 425.4 424 421.5 419.6 418.3 422.2 425.1 429.1 433.7 440.1 447.3 454.2 459.3 465.2 474.4 484.7 492 497.8 506.5 516.4 525.2
367.1 367.9 369.5 370.6 369.3 367.9 367.3 368.2 369.2 369.1 367.9 365.5 361.4 356 353 349.5 347.5 344.9 341 336.8 332.1 326 318.8 312.6 307.6 301.8 300.7 303.2 311 314.3 311.1 303.7 302.9 308.3 314 320.8 320.9 324 332.8 340.1 343.1 343.7 348 352.3 355.9 370.9 382.3 391.6 400.7 410.3 415.7 417.7 419.1 424.8 427 426.4 426.1 425 424.4 422.7 420.2 421.9 427.1 430.2 434.2 438.8 445.2 452.5 458.8 464 472.8 483.5 490.4 495.7 501.9 511.6 521.2 530.4
365.7 367 369.6 369.6 367.6 366.3 364.7 364 363.7 364.2 360.6 359 354.7 351.1 346.1 340.4 339.2 337.5 334.2 329.5 324.1 317.8 311.6 306.6 303.4 301.6 304.4 310.6 318.3 313.9 306.9 304.4 306.4 311.9 318.8 324.1 328.2 330.5 339.5 344.4 349.2 348.5 356.7 359.7 367.6 380.5 390.8 398.2 408.8 415.5 418.5 417.9 421.3 425.6 426.5 425.9 425.4 425.9 425.1 423 422 426.5 430.8 434.6 438.8 443.2 451 457.1 463.1 471.4 482.1 488.5 493.4 499 506.7 516.4 526.8 536
364.9 365.7 368 367.2 366.2 364.3 362.3 361 358.4 356.8 356.1 353.1 347.8 344.1 340.8 337.7 333.8 330.4 326.4 320.3 314.7 309.2 306.5 304 302.1 304.9 306.9 315.5 317 310 307 308.5 309 316.3 324.6 330.5 334.6 339.6 345.4 350.6 351.7 359.6 362 371.8 380.4 389.2 397.2 407.3 414.2 418.5 420 419.4 423 427.2 426.3 426.5 425.9 427 425.8 424.7 424.4 429.6 435.8 438.9 443.2 449.3 456.1 462 469.3 479.2 486 491.4 497 503.9 512.4 522.6 532.6 543.1
364.1 364.5 364.4 364.2 363.8 361.5 360.4 356.9 354.5 352.3 349.5 346.2 340.9 337 335.1 331.6 330.3 324 317.8 312.4 308 305.4 302.2 303.6 303.3 306.2 307 310.6 313 311.1 313.5 314 312.3 321.9 331.6 338.3 344.5 345 351.1 353.4 355.6 366.3 374.1 381.9 389.6 394.5 405.5 413.9 418.7 421.1 420.6 420 425.5 426.5 426.3 426.4 426.8 427 427 427.4 429.7 435.6 439.5 443 450.1 456.4 462.5 467.9 476.6 483.9 489.7 495 501.9 508.7 518.6 529.7 539.7 549.3
362.4 362.7 362.2 360.4 359.5 356.1 353.5 350.3 347.6 345.6 343.3 338.5 333 331.6 328.6 324.8 321.5 316.5 309.8 307.8 306.1 304.5 303.8 302.5 305.1 307.6 311.2 315.4 317.1 318.2 319.9 319.6 325.3 334.9 339.5 348.5 345.9 350.6 355.9 358.9 365.5 374.2 385.4 391 393.2 404 412.8 418.4 422.2 421.5 421.4 422.9 424.9 426.6 427.2 428.6 430.1 428.7 428.6 431.7 436.7 439.1 441.5 449.3 455.8 462.7 468.7 476.6 483.7 488.3 493.5 500.5 506.5 514.6 526.6 536.3 546.1 554
360.8 360 357 354.3 352.1 349.3 346.1 343 340.1 337.9 335.1 332 327.2 324.4 320 319 315.7 312.5 308.5 307 305.3 306 306.5 307.8 308.9 313.7 317.8 320.5 323.8 324.7 323.9 331.6 338.8 342.3 344.9 353 345.5 354.7 360.9 365.6 375.9 386.5 388.9 393.7 404 411.3 416.3 421.2 422 421.7 423.2 423.9 426.5 428.4 429.1 430.9 429.8 429.4 431.3 438.1 440.7 442.7 449.3 455.4 457.5 468.2 475.7 482.9 487.2 492.2 499.1 504.4 512.4 522.9 532.6 543.4 551.5 557.8
357.2 355 351.6 346.5 348.3 343.8 340.8 337.5 331.9 328.2 326.7 325.1 321.4 316.9 315.3 314 312 309.9 308.4 306.9 309.5 312.2 309 309.5 316 320 323.8 326.4 328.8 328.5 333.5 341.8 348.1 347.8 354.1 352.5 351.1 360 365.1 373.1 384.2 390 393 402.5 411.1 415.4 420.9 421.1 421.6 423.2 425.5 427.7 428.1 429.8 431.3 430.2 429.9 430.7 434.8 440.9 442.7 448.8 455.3 459.2 460.9 474.7 481.3 485.6 490.7 496.5 502.1 511 518.9 529.2 540.2 548.9 555.9 560.1
351.1 349.6 346.3 340.3 343.9 340.7 336.8 332.5 326.6 322.5 320.7 317.5 314.2 313.7 312.1 310.5 310 310.6 311.9 313.8 315.2 313.6 314.9 320.1 323.1 326.1 332 334.6 335.2 336.1 343.5 353 353.1 351.1 357.5 350.7 352.4 359.3 368 381.8 388.4 393.5 400.9 410 413.6 418.3 420.4 421.4 422.2 425.5 426.2 425.9 428 433 432.3 430.3 432 433 440.5 443.2 449.4 455.6 459.6 463.2 473.1 479.8 485.3 489.6 495.8 500.9 511.2 518.3 526.6 538.6 546.9 554.5 558.2 561.6
345.1 342.5 338.5 336 338.2 337 331.5 325.8 320.8 316.5 315.2 315.1 313.3 315.3 315.5 315 314.7 315.9 321.3 322.4 318.6 321.4 324.2 327.8 331.5 333.6 337.8 341.4 345.1 346.3 355.7 358.7 355.6 355.7 356.8 356.9 361 352.5 378.7 385.8 392 397.8 407.2 412.6 415.2 418.7 420.7 421.6 422.7 427 426.1 429.5 435.9 437.4 432.1 433.1 434.4 440.5 443.5 448.5 456.3 460.7 465 471.9 478.7 484.5 489.5 494.8 499.5 509.8 517.3 526.5 537.9 546 554.1 557.5 561.4 565.9
339.4 335.6 332.7 336.2 330 324.3 319.2 316.4 315.8 314.4 313.9 314.1 314.8 317.9 317.9 318.9 320 325.2 323.2 322.9 328.1 331.4 337.4 338.7 341.3 345 346.9 351.9 357.4 353.4 361.1 362.3 358.7 359 359.6 363 355.4 372.8 382.2 389.8 395.9 402.5 410.3 413.1 416.8 419.7 420.8 422 427.1 427.5 427.3 439.6 438.4 434.6 431.8 436.5 440.4 444.2 448.3 454.9 460.5 464.1 470.9 478.2 484.1 487.6 494.2 498.2 507.3 516.8 525.8 536.6 545.8 553.7 557.5 565 572.1 570.1
332.3 331.3 328.2 323.6 318.6 315.2 313.9 313.9 313.7 313.3 315.7 316.6 317.5 317.4 320 323.5 323.9 324 327.4 334.8 338.8 341.5 346.1 346.7 353.1 354.3 361 367.3 361.5 356.9 364.2 365.5 361.5 362.7 363 366.4 371.8 378.6 384.2 391.6 398.5 406.8 409.7 412.3 417.3 419.6 421.6 425.5 428.6 428.9 441.6 441.4 437.5 433.5 435.5 441.7 445 448.5 453.5 460.1 461.7 470 476.8 482.8 486.5 493.3 498.6 504.4 515 523.6 533.3 544.1 552.8 557.4 561.9 569.4 572.5 574
327.9 325.7 322 316.5 315.4 314.7 314.5 315.1 316 317.5 320 319.9 321.1 323.1 329.1 329.5 329.2 329.5 337.2 341.9 344.5 348 353.9 362.5 362.8 368.9 375.4 372.9 365.9 364.1 370 368.2 365.2 366.5 369.3 369.2 373.9 382.2 387.5 395 401.5 407.4 410.8 413.9 417.3 421.2 424.3 428 429.1 440.6 441.5 438.4 436.9 435.5 440.9 447.5 451.1 454.3 457 459.5 468 474.8 480.5 485.4 490.8 496 501.7 509.7 519.9 531.9 541.3 549.5 556 559.4 571.1 573.3 578.4 579.9
324.3 320.2 317.9 315.8 314.6 314.8 315.7 318.6 320.9 322.6 323.9 325.9 328 334.6 335.4 335 334.8 340.5 346.2 350.6 352.8 359 369.7 373.3 377.2 380 381 376.1 371.5 373.4 374.5 371.7 369.1 370.9 372 372.3 378.2 383.9 391.7 397.4 404.6 409.4 412.8 415.8 419.3 421.8 425.6 428.9 438.2 440 438.9 438.8 436.6 439.9 447 451.3 455.2 458.1 460.3 467.5 473.7 479.1 483.1 487 492.6 501.1 508.4 518.7 530.1 540.1 549.4 557.8 564.1 578.1 580.3 578.4 580.5 580.8
318.6 317.8 316 315.2 315.7 315.9 318.5 323.3 325.1 327.1 328.9 335.2 336.5 339.8 339 338.7 345.5 350.1 355.7 359.9 363.6 375.7 384.3 385.3 386.4 386.9 385.3 380 377.6 378.9 377.4 372.7 375.3 374.2 370.6 378.3 381.8 390 394.8 401.2 408.1 410.6 416.4 418.1 422.2 423.2 428.6 435.5 439.2 438.4 439.2 440.6 439.8 446.1 450.6 455.4 459.3 461.5 467.8 473.3 477.6 481.3 484.9 489.3 498.2 506 516.4 527.8 538.8 549.6 558.6 570.4 584.9 586.7 580.7 579.1 580.4 579
319.2 317 315.3 317.3 318.3 319 323.5 328 330.9 334 335.7 342.6 344.2 345.5 345.7 349.4 354.3 359.6 364.8 369 376.7 393.1 398.2 393.5 391.7 391.4 389 384.7 385 383.5 377.1 375 377.8 378.1 378.3 380.9 384.4 390.7 397.8 404.5 408.7 417.1 418.3 421.2 423.7 428.5 433.3 438.6 438.5 438.9 440.9 439.2 444.1 448.9 453.6 457.5 461.8 464.3 470.4 476 479.3 483.8 488.2 495.9 505.7 513.9 524.4 537.2 548.7 559.4 574.3 589.2 593.5 589.5 580.6 578.5 577.5 574.2
316.1 316.1 319.5 321.1 323.4 326.5 331.9 335.2 338.5 341.8 344.8 351 350 350.6 353.8 357.6 362 368.4 373.9 382.9 402.3 406.6 400.1 397.1 394.9 394.2 391.8 389 389.2 384.5 377.5 379.2 381.5 382.5 384.2 383.2 387.9 397.2 401.2 406.4 411.6 416 419.1 421.9 428.4 433.1 437 436.8 438.1 439.4 440.2 441.2 444.9 450.7 454.3 457.2 462.4 469.8 474.4 477.3 481.5 487.8 494.8 504.3 513.4 521.4 534.3 547.8 560.7 575.3 591 599.2 595.7 589.4 580.6 575 571.5 568.8
317.4 320.8 324.4 327.6 329.9 335.6 338.5 341.5 345.5 349 352.4 355.5 355.4 360 362.3 364.9 372.3 379.3 388 405.6 409.8 404.8 402.6 401.1 399.1 398 393.1 392.5 390.9 382.1 382.6 384.3 386 386.9 387.7 376.3 391.6 397.9 404.2 409.3 413.9 418.5 422.6 426.7 432.8 431.9 433.1 435.7 438.7 440.5 441 445.8 450.4 453.4 455.7 460.9 470.4 474.3 477.3 479.7 485.8 491.9 500.7 511.1 520.9 531.4 547.6 562.4 576.9 591.1 598.4 599.3 594.4 588.8 579.2 572.8 567.6 561.5
325 329.3 331.2 333.9 337.8 344.2 345.8 349.3 351.6 355.4 359.7 360.1 366.3 368.3 370.4 374 382.5 392 403.3 411.4 410.1 406.6 406.8 404.8 401.7 396.2 390.6 388.3 384.6 385.4 387 388.2 389.4 390.4 392 386.2 396.4 398.7 407 413.2 418.9 423.6 426.3 432.2 433.3 432.7 433.6 438.5 441.3 442.6 445.2 450.8 454.7 455.8 459.7 467.1 472.1 476.6 478.4 484.5 488.6 498 507.1 518.5 528.3 545 560.8 578.2 588.9 596 599.5 598.9 594.1 585 579.3 573 563.6 556.7
334.6 333.8 338.1 342.2 345.1 348.4 352.4 356.1 358.6 364.7 365.1 365.4 370.5 377.9 379 384.9 396.1 405.1 413.2 415.7 414.3 418.8 415.1 410.8 405.9 397.2 392.3 389.3 390 390.5 390.9 391 392.5 393.6 394.9 397.3 399.3 402.3 411.5 418.6 424.2 425.3 430 432.5 433.4 433.6 435.9 439.1 443.5 445.7 449.9 455.5 456.1 458.9 462.5 467.9 473.6 476 481.7 485.9 496.1 504.6 514.4 524.7 539 558.7 580.3 589.6 596 597.5 598.6 599.3 590.1 583.8 581.4 568.8 560.4 555.9
337.8 339.5 343.4 347.6 351.1 353.9 358.9 362.6 365.1 368.4 368.4 371 376.2 383.3 388 399 407.5 412.5 418.8 424 428 426.6 420.9 413.6 407.5 396.4 395.7 394 393.4 393.1 394.4 394.9 394.8 397.2 393 400.1 400.1 408.7 417.1 423.3 425.4 428.8 429.6 430.9 432.7 433.4 437.6 442.4 446 449.3 456.5 456.7 460.9 462.7 465.8 469.6 473.9 480.4 483.7 493.4 501.5 509.5 520 533.4 554.3 578.5 588.7 596.4 594.2 593.3 594.3 593.4 585.1 580.8 575 565.9 558.9 553.7
345.7 348.7 351 355.4 358.1 360.9 365.3 367.8 371.1 372.3 376.5 379 385.5 392.7 401.6 412 417.2 422.7 431.1 437.1 435.8 431.7 421.9 414.2 405.6 399.9 399.8 397.7 394.7 395.2 395.6 397 400.2 399.9 392.1 393.4 406.3 415.4 421.2 425.4 428 428.4 429.1 431 433.7 437.7 440.8 445.6 448.8 455.9 458.1 460.9 462.8 464.4 468.5 473.3 479.8 482.8 489.5 498.9 505.7 517 528.6 546.9 572.7 586.1 594.6 589.9 588.5 589.6 588.9 585.7 581.7 580.3 576 568.6 560.6 555.4
353.7 354.5 356.8 360.3 363.3 366.9 369.1 372.7 377.1 379.9 383.9 389.3 397.3 403.6 413 421.8 426.2 435.4 444 444 443.1 431.5 421.6 412.1 404.6 402.7 401.3 397.8 397.9 397.4 398.6 402.5 402.4 400.2 401 400.9 409.8 418.2 423.8 427.5 428.9 428 430.5 433.9 437.9 441 443.7 447.6 452.2 457.6 459.1 462.2 463.6 465.8 470.1 475.6 481.3 486.8 494.1 502 512.5 525 538.7 558.6 578.6 583.7 583.7 579.8 583.4 585.5 585.3 583.6 583.8 582.9 577.9 570.4 561.1 554.9
356.7 359.7 362.1 365.9 368 371.6 375.5 379.8 384.2 386.6 393.3 401.4 407.7 417.3 425 431 438.2 446.9 449.6 451.1 440.9 429.6 420.9 411.6 405.9 403.8 401.7 401.2 401 400.7 403.3 403.5 403.3 403.1 404 403.3 413.8 420.8 426 428.9 427.7 428.8 431.8 435.8 439.4 441.4 446.1 450 455.3 457.6 461.6 463.3 464.6 468.7 474.8 480 485.7 492.9 498.5 508.3 521.5 533.9 546.7 563.8 566.8 573.5 574.9 575 576.9 580.3 582.9 584.2 589.1 584.8 577.2 568.1 559.9 549.4
362.2 365.1 366.9 370 374 378.5 382.8 386.4 390.6 396.4 405 411.7 420.3 428.5 434.8 441 446.1 448 447.5 445.7 435.7 428.7 421.3 412.4 407.4 405.6 404.3 404.1 404.2 405.4 404.1 405.6 406 407.6 403.6 411.2 417.2 422.3 427.7 425.5 428.1 431.9 435.1 437.6 438.8 442.7 448.3 452.1 456.6 460.3 462.5 463.9 468.4 475.1 479.7 485.4 491.8 498.3 504.8 512.8 527.4 538 553.8 558.2 559.9 565.2 569.7 571.6 575.1 579 582.9 588.2 590.1 582 574.5 566.1 557.6 540.9
368.2 369.2 372.6 376.9 380 382.9 385.9 392.3 395.6 405.2 414.3 422.4 431.1 436 440.7 444.7 446.8 447.3 446.1 439.1 432.1 427.9 420.6 413.8 410.3 408.8 407.5 407.5 407.2 406.3 407.9 410 409.4 402.3 408.6 415.1 418.5 422.8 423.1 426.9 432.5 435 435.6 436.8 440.7 446.5 450.7 456.2 460.5 460.9 463.5 467 474.3 479.3 486 491 497.5 504.8 512.1 525.9 532 539.5 555.4 556 559 563.8 566.5 569.9 573.1 577.1 576.8 577.9 578.5 575.5 566.7 555.9 544.7 531.6
371.8 374.6 378.4 382.4 385.2 387.8 391.1 395.9 405 417.3 426.1 435.4 438.5 445.6 446.4 446.6 448.2 448.6 446.8 440.8 433.4 426.4 417.4 413.8 413.1 411.9 410.3 408.1 407.8 407.5 412.4 410.4 404.1 407.7 412.1 414.7 423.2 424.5 426.2 432.6 436.1 437.4 436.6 439 443.5 449.5 454.7 459.6 460.5 462.1 465.8 471 476.6 483.7 490.8 497.6 503.6 511.1 521.9 533.3 541.7 549.9 552.9 555.8 560.7 563.2 565.4 569.1 571.2 575.7 585.3 587.7 583.6 577.7 569.1 556.2 541.5 528.2
375 379.1 383.2 388.5 391.1 392.6 398.6 408.6 420.6 428.6 436 442.3 448.3 451.9 451.5 451.2 452.8 450.9 450 445.6 434.6 423.9 419.5 417.3 414.9 413.5 409.8 407.4 408.3 414.2 414.7 409.2 404.5 411.2 413.4 418.7 424 426.4 433.2 436.4 437.9 438.5 439.4 442.4 448.1 452.8 456.2 459.1 461.5 464.8 469.3 474 479.9 487.9 496.4 503.1 509.9 519 530.9 543.1 551.7 556.4 559.6 559.3 562.1 566.1 569.4 572.9 582.1 595.2 595.3 591.3 587.1 579.4 567 550.4 538.4 534.9
379.4 384.3 389.2 396.6 396.4 400.4 408.1 420.7 432.1 438.7 445 448 452.9 456.5 456.5 457.7 457.4 455 454.3 445.4 432.3 426.9 423.9 419.1 414.8 410.1 408.5 411.7 418.9 420 412.1 406.6 410.1 412.7 416.7 421.6 426.5 434.2 435 436.6 438.2 439.9 442 447.1 451.2 453.7 457.8 460.2 463.5 467.6 473.1 479.1 487.1 495.3 503.2 507.8 517.3 528 543 554.1 560.5 563.4 562.9 560.8 564.3 566.8 572.7 575.3 589.3 591 588.6 585.3 577.7 570.7 560.2 551 545.1 537.2
384.9 390.8 397.4 400.6 401.4 405.5 419.9 429.3 437.6 444.7 451 453.7 460.8 461.5 461.7 460.5 457.5 455.8 451.1 440.7 433.1 430.2 425.9 419.3 410.2 409.6 410.7 421 423.1 413.8 407.4 410.2 413.9 416.3 421 426.4 431.4 433.3 433.5 435.4 440 444.4 446.6 448.3 451.2 456 459.1 461.5 466.1 471.9 478.5 484.4 494.2 502.3 506.6 516.8 526.6 542.4 556 564.5 566.5 565.3 564.3 562 563.1 567.2 570.9 573.8 577.9 578 578.2 571.5 571.3 566.7 562.1 553.2 548.4 542.8
388.8 399.7 400.2 402.5 405.8 417.5 426 435.5 444.7 452.1 455.6 462.2 463 463.1 462.5 460.3 457.2 454.1 447.4 439.1 434.9 431.2 426.9 415 410.7 412.8 418.4 426 417.6 410.1 408.9 414.3 416 420.3 425.2 431.6 430.9 431.3 432.7 437.8 443.3 445.6 447.2 448.8 453.3 456.8 460.1 464.9 470.2 477.9 483.9 490.1 501.3 505.7 515.9 523 535.1 552.9 568.2 567.8 566.4 566.1 565.6 564.6 567.5 569.8 570.9 572.3 574.1 576.7 587 592.5 585.7 581.5 578.5 575.7 563.6 551.1
398.1 403 403.7 406.8 418.1 426.3 434.8 442 448.6 454 459.4 461.8 462.4 462.3 461.7 460.3 455.6 451.4 445.2 440.1 435.1 428.1 421.8 417.1 418.1 420.3 428.2 421.1 415.9 410.2 412.2 415.8 419.5 425.8 429.3 430.3 430.2 431.5 434.7 437 443.6 444.6 446.5 449.4 453.9 457.7 461.2 468 475.6 483.8 488.7 500.1 505.6 514.5 521.7 530.1 544.2 567.8 572.3 567.8 566.2 566.1 566 570.5 571.8 572 571.6 573.4 583.5 597.5 601.6 595.4 591.7 587.1 589.6 583 566.9 553.5
