public/OST50/NH32.asc
ncols 200
nrows 200
xllcorner 230000
yllcorner 820000
cellsize 50
[rows 35 to 69 of 200, columns 78 to 155 of 200]
269.2 263 262.8 261.9 263.6 267 266.4 274.7 278.2 281.5 283.6 287.3 286.9 285.5 285.8 293.4 308.4 308.9 313.2 323.8 329 331.3 330.7 336.4 341.1 343.5 351 351.8 353.7 353.6 355.1 359 360.2 368 367.6 361.4 360.2 351.5 343.9 341.6 333.2 325.6 319.6 314.2 306 299.9 303 294.6 293.6 288.3 282.8 280.6 280.7 278.8 278.4 270.7 263.3 259.5 252.7 251.1 250 251.6 259.2 265.7 270.2 277 279.5 285.6 290.6 289.3 292.7 295.7 296.5 299.2 302 304.6 307.5 318.6
267.6 266.9 267.6 262.9 266.1 271.2 272.8 275.7 281.9 283.8 288.4 289.2 286.1 285.6 288.9 303.5 310.1 309.7 315.9 327.6 334 331.7 337.5 342.3 346 347.4 351.3 352.8 354.4 354.8 356.8 357.5 364.3 366.4 361.2 356.8 353.2 348.4 344.3 341.6 332.8 324.8 314.5 304.9 301.2 296.9 295.6 294.4 291.5 284.2 281.1 280.3 277.1 277.1 274.6 268 261.4 259.5 252.9 251.7 254 256.7 265.2 272.8 276.7 279.5 286.5 293 297.8 300.6 304.3 305 305.6 302.2 302.7 308.6 324 335.8
271.1 269.3 269.9 264.2 276.2 273.2 276.1 281.6 284.2 286.9 290.5 286.3 285.9 291 299.9 309.7 309.5 310.2 319.8 330.2 333.6 333.3 339.5 346.1 347.8 347.8 353 354.3 355.8 355.8 356.6 362.4 367.5 363.7 367.1 365.3 356.4 354.3 352.1 342.2 333.8 322.9 310.4 304.7 297.3 295.1 294.8 296.3 286.9 280.8 280.8 279.6 273.5 272.9 269.7 265.4 260.9 257.5 252.8 253.1 256.1 266.7 273.4 278.6 280.2 283.6 292.5 299.3 303.2 307.1 308.1 310 309.8 304.1 309.6 320.9 334.8 338.4
272.6 272.5 268.5 269.2 276.6 275.6 283 283.7 284.3 288.1 288.1 286.5 290.4 302.3 312.1 311.3 309.6 311.7 321.2 328.3 332.1 335.9 344.5 348.7 348.8 348.7 352.7 354.7 356 356.4 359.3 365.2 363.7 363.1 364.2 357.8 352.5 352.9 347.5 331.6 323.1 311.7 307.3 298.4 294.3 293.3 295.5 292 279.7 282 280.4 273.1 270.6 268.1 264.9 262.1 260.5 259.6 253.6 254.5 259.1 271.1 278.2 281.6 284.8 291.5 299.6 303.8 309.7 313.7 312.3 312.6 308.1 312.6 315.5 328.9 340.1 343.6
273.6 273.9 266 270.7 276.2 280.7 283.5 283.9 286.4 287.2 288.1 289.1 303.9 313.4 312.5 310.6 310 315.2 323.5 329.2 333 341.1 347.5 349.6 348.9 349.5 353.5 354.4 355.4 357.7 358.2 359.7 356.4 359.6 355.7 352.4 346.4 343.9 334.7 319.9 311.3 306.9 304 293.4 292.1 290.8 292.9 282.5 278.3 277.1 275.1 271.3 267.2 265.5 264.9 266 266.7 263.1 255 255.6 268.5 275.7 280.1 284 291.1 297.4 303.6 307.7 317.6 319.9 312.8 310.5 312.2 315.3 322.5 336.6 340.7 343.2
272.4 268.2 267.2 273.5 276.6 281.5 284.2 283.8 287.5 287.8 293.4 300.2 314.3 314.1 313 310.4 309.8 314.6 323.8 333.6 341 346.3 347.8 348.6 348.8 349.6 352.3 352.7 351.6 354.1 352.3 349.9 345.9 348.6 347.8 344.8 339 332.9 324.3 313.5 306.5 301.6 292.7 292.6 290.2 289.4 285.8 275.6 274.3 273.9 272.7 267.4 268.1 271 272.1 273.8 268.7 262.8 255.9 258.4 274.1 279.1 283.8 290.6 295.6 302 307 314.9 325.4 320 312 310.6 313.8 318.4 331.6 341.2 340.4 339.5
272.9 268.4 272.8 278 277.9 284.4 285.5 286 288.5 290.3 300.5 305.3 313.1 314.1 312.6 310.7 311.9 322.9 331.9 337.1 343.9 346.8 347.6 348.2 348.7 350 353.3 352 351 348.4 342.3 340.6 339.6 337 335.3 331.7 326.9 322.9 315.4 305.6 298 292.5 293.6 293 288.6 285 280.3 270.8 270.8 270.4 267.8 268.3 271.9 277.2 279.5 276.6 269.4 261.5 257 266.3 278.5 283.2 288.6 291.8 298.5 304.7 310.7 328 329.7 315.7 312.2 312.6 318.5 322.6 334.4 339.3 340.2 335.7
273 274 279.4 279.3 285.1 286 286.6 291.6 292 298.1 302.5 309.5 313.1 313.2 312 311.6 322.3 328.9 334.4 340.3 343.8 346.2 347.6 347.6 347.5 350.5 353.5 349.9 347.2 343.7 340.3 340.5 341 341.1 334.1 327.8 326.5 319.7 307.5 300.8 296.6 291.5 291.9 288.2 285.2 279.5 271.4 270.8 270.8 269.2 268.2 273.8 279.2 283.5 282.8 275.4 267.2 259.4 257.8 273.5 283.6 288.2 291.2 295.7 301.9 310.3 325.1 331.4 321.8 313.7 312.2 314 319.4 330.1 337.9 339 336.2 334.3
276.4 283 281.6 282.4 286 286.8 294.6 292.3 298.8 300.1 307.2 312.4 313.8 313.4 313.5 321.8 330.1 332.4 335.8 339.6 342.8 344.7 345.8 346.3 347.3 349.8 350.6 345.1 343.6 341.1 336.9 335.5 333.1 330.4 328.1 322.3 319.8 310.9 303.7 299.9 294.1 289.7 288.1 282.5 278 271.2 270.8 270.8 271.4 269.8 271.9 281.6 286.1 285.8 282.7 272.8 262.8 258.8 265.2 282.2 290.7 290.4 293.4 301.2 310.3 320.3 328.8 326.9 317.2 314.2 313.2 315.2 320.1 330.8 335.3 337.1 335.6 336.9
283.8 286.6 284.4 286.6 287.5 292.4 297.2 296.9 300.3 303 309.5 311.8 313.7 315.2 319.8 325.7 330.7 334 337.1 339.8 342.2 344.4 345.5 347 349.2 348.6 344.9 344.1 342.8 336 331 326.6 324.9 323.1 322.1 318.4 315.3 308.9 301.7 296 287.1 284.5 279.8 275 270.8 270.8 270.8 270.8 272 272 284.6 288.4 288.1 287.6 278 266.2 260.2 263 281.1 284.6 289.3 291.9 299 309.5 316.5 322 329.1 322.4 315.3 314.6 315.3 316.2 328 338.6 339.9 338.3 338.8 340.3
284.4 287.7 289.4 290.8 293.2 295.9 297.7 300.8 303.1 311 313.9 315.5 316.1 318.7 324.2 329.2 333.2 336.3 339.1 342.4 346.9 347.9 348.1 350.9 349.1 345.4 343.1 342.5 337.9 331.4 326 322.2 321.5 321.7 323 315.6 315.4 306.6 293.9 289.2 283.6 278.1 274.2 270.8 270.8 270.8 270.8 272.2 274 286.3 291 290 288.5 285.4 271.9 262 261.2 271.6 283.8 287.2 290.4 297.8 306.6 311.2 315.6 322.2 323.5 317.2 315.4 315.4 317.2 321.5 333.4 339.8 340.4 338.8 340.4 346.9
289.5 291.9 294.6 293.2 293.1 299.1 300.6 306.8 312.5 316.6 317.5 319.2 321.6 326.1 328.6 331.7 334.1 340 342.7 349 347.5 346 346.6 347.6 344.9 343.8 338.7 335.4 331 326.2 321.4 320.5 320.3 320.7 319.9 315.4 312.6 298.9 289.6 281.2 279.2 271.3 270.8 270.8 270.8 270.8 274.5 276.2 282.8 293.7 291 290.3 287.6 277.3 265.8 262 263.7 284.1 291.9 289.4 297.9 302.6 306.1 311 315.6 322.2 321.6 317.2 317.6 318.8 322.8 328.6 339.4 342.9 344.5 341.7 343.2 354.5
292.6 294.1 296.1 297.4 303.6 303.5 307.5 316.2 323.1 324 321.4 326.1 333.3 336.1 333.7 335.3 337.3 342 342.9 345.9 345.1 345.3 344.3 343.8 340 337.4 331.1 329.1 327.5 322.9 320.6 319.7 318.4 315.9 313.1 315.5 306.8 293.1 283.8 278 272.6 270.8 270.8 270.8 272.4 277.6 278.2 283.1 293.1 291 288.8 287.5 278.8 269.3 263.2 264.2 270.5 286 291.6 296.1 300.2 303 308.4 316 322.5 322.5 319.2 320.2 322.8 325.9 328.6 339.7 345.3 348.2 346 343.3 350.2 358.5
294 295.1 299.7 302.2 305.7 308.4 314.1 324.3 327.9 322.8 328.2 335.3 337.5 337.4 338.9 339.2 340.7 343.7 343.4 344.2 345.2 344.5 342.5 339.9 335.6 331 329.6 328.4 326.4 321.9 321.2 318.8 316 312.8 308.7 304.9 292.2 286 278.3 274.5 271.4 270.8 270.8 273.2 278.7 279.5 281.8 289.1 293.4 285.1 283.9 280.2 268.8 264.3 267.3 279.2 283.5 289.5 295.8 299.2 302.2 306.6 314.8 321.7 323.8 321.1 320.3 326.1 329 329.7 335.5 345.3 348.7 349.6 345.3 346.2 354.8 363.6
295.2 298.3 304.2 307.2 309 314.6 322.1 331.5 326.4 327.7 334.4 337 342 338.7 341.1 341.6 343.2 343.5 344.1 345.5 345.3 345 341.7 338.1 334.5 330.1 329.1 328 325.8 322.9 321.3 317.2 314.8 310.8 308.5 300.8 292.3 282.2 276.9 275.4 273.6 270.8 270.8 277.6 280.9 281.3 283.3 291.2 288.4 278 273.8 268.9 265.3 264.5 281.1 282.6 284.8 295.2 299.5 303.9 308.6 312.2 320.7 326.2 325.1 321.4 328.6 331.3 331.3 333.4 342 351.6 352.8 349.2 348.5 349.8 361.2 372
297.8 303.4 310.4 313.6 313.7 321.6 330 333 328.6 333.9 334.9 335.3 340.5 342 345.9 346.8 345.8 345.6 345.9 345.3 344.8 344.4 339.3 337.2 331.3 329.5 328.8 329.6 325.9 323.6 320.3 315.9 312.5 308.7 305.2 296.2 288.3 281 282.8 279.2 272.8 271 274.4 281.6 281.4 282 288.2 287.7 279.9 271.2 267.5 267.4 267.9 281.1 285.2 287.8 292.3 300.1 308 310.9 312.8 318.8 328.5 329.3 325.3 323.4 328 332.7 335.3 342.9 354.3 358.1 353.3 351.6 356.1 362.9 371.3 382.6
301.7 309.5 316.9 315.7 319.7 328 333.7 331.6 330.5 332.2 333.4 338.4 341.9 347.9 348.2 347.9 348 346.9 346.8 345.5 344.8 342.9 336.9 334 330.5 330 330.7 330.2 326.9 321 317.7 314.7 311.8 311.7 303.3 295.8 284 289.8 283.9 276.8 274.9 276.9 281.8 282.9 280.8 283.3 286.1 279.9 271.2 269.1 278.9 280.2 284.5 285.9 289.9 297.9 302.7 310.8 312.8 314.7 320.2 327.8 333.2 330.2 327.6 329.3 334.7 338.8 340.5 353.4 360.6 357.7 356.7 357.4 369.6 377.6 380.6 390.8
309.5 314.8 318.3 319 326.2 332.5 333.4 332.2 331.2 332.8 338 342.9 346.5 348.8 349.2 349.9 349.1 349.4 346.4 346.9 345.3 340.2 334.9 334.1 333.7 336.7 337.1 335.1 327.3 320.5 317.4 314.4 308.9 303 296.9 291.8 294.2 289.8 280.3 278.5 282.9 283.6 285.8 281.2 278.5 279.2 278.6 271.6 269 279.3 283.1 285.3 287.5 292.4 300.9 305.6 309.5 314.9 317.5 321.7 330.2 339.2 334.6 330.9 331 339.1 343.6 345.1 355.7 362.2 362.9 361 361.6 367.2 377.4 378.6 390.2 394.3
310.4 314.9 317.3 321.6 330.4 334.9 334 333.2 332.3 333.4 339.8 344 344.9 346.9 352.1 351.6 353.1 351.7 349.2 350.4 344.8 340.6 339.3 339.1 341.1 341.4 340.3 332 324.6 320.1 317.2 308.2 298.6 296.8 292.7 290.6 292.8 285.9 281 280.7 288.2 287 283.3 279.4 277.2 274.7 272.2 270.3 273.4 284.2 286.9 289.9 292.7 299.1 304.5 310.3 316.2 320.8 322.2 333.9 342.4 339.8 333.6 332.6 337.7 347.3 350.9 354.5 363.5 367 367.4 364 367.4 373.1 376.6 387.4 393.1 400.2
309.4 315.4 317.8 328 336.2 333.1 333 333.2 337.4 339.5 348.9 347 351.3 356.3 355.5 357.1 356.9 354.7 352.8 349.2 346.7 345.5 344.7 345.9 343.5 342 335.8 330.2 325.1 319.2 312.9 304.1 297.1 297.3 297.1 292.1 291.1 288.3 281.1 283.8 286.5 284 279.2 277.3 274.9 272.6 272.7 273.1 284 290.6 291.3 293.5 297.6 301.9 308.2 317.4 324.6 325.9 333.3 341.8 344.8 338.4 335.2 336.9 346 354.2 362 363.1 368.7 372.9 367.4 367.2 370.9 377.8 379.7 388.2 394.9 398.8
311.6 316.7 322.1 326.9 331.7 331.8 331.8 338.8 344.3 349.7 351.1 355.1 360.6 358.8 362 363 360 357.6 354.1 355.8 352.1 350.6 352.5 347.8 342.8 340.8 336.6 330.7 322.2 317.8 310 303.1 298.8 297.9 294.7 293.1 291.3 287.2 281.6 290.1 286.2 281.8 278 276.1 274.2 273.5 276.7 284.5 288.8 291.9 293.8 296.6 300.8 305.9 318.7 325.8 331.3 331.6 339 345.2 342.8 338 338.1 340.9 351.4 361.7 366.1 367.5 373.7 371.1 366.2 371.8 377.9 381.9 387.4 396.1 400.1 401.8
315.7 325.2 329.6 331.6 330.9 331.6 339 350.5 351.9 352.6 365.6 364.5 364.3 367.2 368.8 365.9 364.3 360.7 361.6 358.6 357.6 357.7 352.8 348.6 343.1 341.1 334.5 327.8 320.9 315.4 309.1 305.2 302 298.7 296.9 295.7 290.5 285.6 290.1 289.3 286 280.9 277.6 276.4 275.6 279 287.5 290.1 291.6 293.9 297.1 299.9 303.7 313.2 325.8 332.1 335 335.6 342.3 343.1 340.4 339.8 341.7 350.8 365.1 368.1 370.7 379 379.1 373.1 371.4 376.8 383.6 389.6 398 401.3 404.6 408.9
321.6 329.2 330.2 333.6 333.9 343.3 346.6 354.1 354.6 365.4 367.5 369.5 372 373.5 369.9 368.8 365.4 366.7 364.2 364.8 364.1 359.9 354.3 349.2 344.7 339.5 332.9 327.1 320.3 315.7 311.9 307.2 304.7 301.3 298.7 296.6 288.5 291.3 292.9 290.4 285.6 278.6 277.9 274.8 279.4 287.9 288.9 293.3 295.1 298 301 302.9 307.4 321.8 328 334.5 337.1 342.4 344.4 343.4 342.2 344.6 348.6 362.4 368.6 372.1 382.3 384.1 380.5 374 377.5 383.7 390.6 397.7 401.9 405.6 410.4 418.5
318.1 328.1 335.8 336.4 342.4 347.4 352.2 354.9 364.2 366.7 370.4 371.5 375.8 374.6 373.6 370.6 369.2 368.5 367.4 367.4 367.4 359.8 353.6 350.8 345.2 339.5 335.1 327 324.3 318.7 312.5 309.5 307.5 307.1 301.9 294 289 294.4 295.6 288 280.2 278.7 275.4 282.1 288.9 290.3 292.5 296.4 299 302.1 304.5 307 313.8 328 333.3 337.8 343.5 345.2 345.3 345.3 348.5 351.5 358 369.7 371.2 382.3 388.3 384.2 379.4 377.4 383.8 389.8 397.8 402.9 405.9 411.5 420.1 426.9
320 332.5 340 339.5 347.5 351 355.2 360.1 365.8 372.1 372.6 375.2 380.8 377 376.4 374.6 371.2 370.4 369.2 374.2 366.4 358.8 354.6 351.4 346.6 339.5 334.6 332.9 325.4 318 315.3 312.9 313 305.7 298.6 293.2 293.6 297.6 293.4 282.9 280.3 279.5 281.9 290.6 294.6 293.7 296.4 300.1 303.3 306.1 307.8 312.2 322 330.3 336.1 342 344.9 347 351.6 354.3 357.1 361.7 369.1 374 380.1 388.4 386.4 383.9 378.5 383.2 388.4 396.3 403.4 407.3 410.5 420.1 427.8 434.3
328.4 334.4 340.3 344.7 350 353.8 358.9 363.9 371.9 374.2 377.1 382.6 381.7 377.9 380.5 373.8 372.2 371.5 376.6 372.9 361.7 357.9 355.8 355.3 346.7 341.5 342.4 332.6 322.9 320.1 318.3 319.7 309.5 303.5 298.3 295.1 296.7 296 291 281.6 281.2 280.3 287.5 293.9 295 298.7 299.6 305.3 307.3 308.7 312.5 318.5 325.3 332.4 341.2 350.4 351 358.9 361.3 362.7 368.7 378.9 389.1 389.1 390.7 387.8 385.2 381.5 381 385.5 393 400.6 408.1 411.1 420 430.9 438.6 447
331.9 335.4 342.1 348.1 350.5 357.4 361.9 370.3 374.4 380 384.3 384.3 379.8 383.4 376.8 374.3 373 372.7 373.8 367 360.9 358.8 359.7 353.5 347.7 351.5 338.6 328.6 324.5 325.7 318.9 312.4 307.7 304.2 300.5 299.7 296.8 295.7 288 282.1 280.7 279.9 289.8 294.7 299.2 303.8 303.5 305.8 309.7 310.4 315.8 321.6 330.5 345.1 359 356.8 363.6 367.3 369.8 378 390.8 399.5 398.9 399.9 398.1 393.8 388.5 383.2 385.8 394.8 399 404.2 411 419.8 430.2 440.3 448.9 453.6
337.2 341.8 341.9 349.1 353.1 361.6 370 371.7 379.7 379.9 382.1 379.5 379 378.2 376.9 375.3 373.6 372.7 370.2 366.1 363.1 364.2 360.4 351.8 347.2 344.1 335.3 328.4 328.2 323 315.2 311.2 308.5 307.5 304.8 300.3 297.8 291.6 284.3 280.8 280.9 287.4 292.5 299.9 304.5 310.4 308.7 309.3 311.9 315.4 320 327.7 340.8 355.1 359.4 364.7 371.8 374.1 382.5 395.6 406.2 408.1 405.3 406 403.9 397.9 394.4 388.1 391 398.1 401.3 411.2 418 428.6 437.7 447.7 454.3 468.8
346.9 345.3 346.4 351.6 360.1 365.9 369 372.2 375.8 377.4 379 379.3 379.1 378.6 378.3 378.1 376.2 373.6 371.8 368.6 367.4 367.2 361.3 352 346.2 338.8 331.3 327.9 324.1 317.9 313.5 310.7 312.6 311.8 300.5 297.3 293 288.5 282.9 281.9 284.5 292.5 296.4 302.2 311.2 315 312.1 313 318.1 321.3 324.6 337.1 349.5 357.8 364.1 375.2 378.9 383.8 395.4 408.3 417.3 411.5 409.3 412.1 406.8 405.4 399.2 392.9 397.8 402.5 414.4 418.4 426.5 438.9 446 452.9 466.5 479.4
347.3 348.1 352.4 361.4 364.6 367.9 369.3 373.3 376.4 378 381.7 381.8 379.6 379.6 379.3 379.1 377.7 374.5 372.4 370.9 370.5 366.6 358.5 352 345.9 336.4 335 327.5 322 318.1 314.2 319 317.4 305.7 295.5 294.8 290.1 284.3 283.9 285.6 288.6 295.8 299.6 310.3 315.8 315.3 315.2 315.9 322.8 325.5 331.5 345.8 354.5 362.1 374.1 380.7 387.9 399.2 410.9 423.5 421.4 415.3 413.3 414.1 411.1 408 399.2 398.3 403.8 415 419.5 423.3 434 442.9 449.7 461 473.4 485
349.8 352.7 359.4 365.6 366.8 368.3 369.5 375 377.2 378.8 381.2 380.8 380.5 380.1 379.9 380 378.2 375.2 372.4 371.5 368.7 362.8 358.3 354.4 342.4 336.7 333.4 326.6 322.6 317.8 321.3 321.8 310.1 297.5 294.2 291.5 285.5 285.9 286.3 289.3 297.1 299.6 302.3 312.4 316.9 317.3 318.4 319.6 325.9 329.7 340.5 352.2 362.6 373.3 381 388.9 401 409.5 416 423.7 419.8 416 415.4 415.4 413.1 406.8 400.9 404.3 412.7 420.4 422.1 429.9 440.2 447.1 457 465.7 479.7 494.9
352 357.9 364.5 367.6 369 369.4 372.4 376.3 377.7 380.7 381.1 380.5 380.1 380.1 380 379.9 376.8 375.9 373 371.4 368.6 363.9 359.6 352.5 338.7 334.2 330.4 324.7 319.5 323.7 326.9 314.4 301.1 295.4 292.3 287.7 285.7 288.2 287.8 296.1 301.8 304.1 305.2 313.3 320.1 320.9 322.7 322.1 329.6 339.3 349.5 362.3 372.6 382.3 389.3 399.2 407.5 413.3 418.9 424.6 420.5 416.5 416.1 414.9 413.8 408.9 405 412.1 421.1 423.6 427.7 436.1 445 453.6 464.5 474.8 490 509
355.9 363.1 367.3 369.7 370 373.7 377.2 378.1 379.5 380 380.5 379.9 379.6 379.7 379.7 378.1 376.1 374.3 373.2 372 368.4 362.8 355.8 345.9 337.9 333.1 328 322.7 323 327.6 318.2 305.9 296.2 293.5 290.8 286.4 287.1 288.8 293.9 300.7 305.8 307.7 309 316.3 320.7 324.7 324.9 328 339.8 349.7 361.5 372 381.8 390.1 398.5 406.9 412.1 419.4 424.4 425.5 421.1 416.9 416.3 415.4 415.1 408.3 413.3 420.1 423.8 427.4 434.6 442.1 450 459.2 469 483.6 501.4 513.9
359.7 368.2 369.9 370.2 370.5 376.5 377.7 378.6 379.2 379.6 378.9 377 379.2 379.2 379.1 377.5 375.8 373.2 373.1 371.5 366.1 360.1 351 340.8 335.8 332.1 326.1 322.9 324 318.8 309.2 300.4 295.3 292.3 290 289.6 289.3 295.1 301.4 304.5 307.5 310.4 316.1 325.2 329.8 328 327.3 334.5 349.8 360.9 371.2 380.9 390.7 399 408.2 413.8 419.8 422.9 426.3 425.1 420.8 416.8 416.2 415 414.1 415.4 420.1 423.5 428.5 433.5 441 448.6 456.1 464.2 476.9 492.2 505 516
369.1 369.5 370 370.3 372.3 376.4 377.7 378.5 379 378.9 376.5 376 377 377.7 377.3 378.3 373.1 372.4 371.4 369.6 363.9 356.8 345.9 338.4 333.4 329 326.6 322.5 315.1 309.6 302.6 298.1 295.5 293.2 292.3 292 290.9 307.4 308.6 308.4 309.7 316.7 328.2 332.8 332.2 329.1 331.6 345.9 359.8 370.6 381.3 389.3 398.4 407.2 413 418.8 422 424.4 424 422.4 418.4 416.2 415.1 414.3 415.7 420.7 423.5 426.2 431.6 438.1 445.8 452.8 459.9 471.5 483.1 493.8 505.9 513.4
