public/OST50/NH35.asc
ncols 200
nrows 200
xllcorner 230000
yllcorner 850000
cellsize 50
[rows 105 to 139 of 200, columns 0 to 77 of 200]
130.7 126.1 121.5 117.7 115.8 114.3 113.4 113.2 117 120.9 123 125.3 128.4 133.6 132.1 127.7 127.1 129.3 130.1 129.2 133.8 137.7 142.3 143.8 145.8 148.9 160.3 157 140.9 126.8 121.9 119.5 117.6 112.2 109.9 109 112.4 111.5 112.3 114.6 115.9 121.6 125.8 129.1 131.4 139.7 152.9 161 161.3 163.3 170.5 161 168.2 177.6 180.9 181.6 173.6 162 150.5 139.6 130.4 123.4 115.2 110.3 105.8 103.2 104.6 102.8 107.1 109.2 115.7 115.3 116 118.7 116.5 110.2 104.2 102.6
142.4 134.9 124.7 118.7 115.6 115.3 115.3 121.1 126.9 130.1 127.5 127 131.7 140.5 141.5 138.7 142.4 147.5 150.5 150.6 150.5 143.4 143.7 144.2 144.3 148.7 153.4 153.8 149.8 134.7 129.9 127.7 126.2 122.3 123.9 125.3 127.9 132.9 128.2 127.3 121.3 126.1 136.9 143.1 145.2 147.7 150.2 161 164.7 168.6 174 170.8 170.5 181.6 186.2 187.9 172.2 155.4 148.2 140.3 134.4 127.5 120.1 115.4 114.9 113 110.8 108 114.2 112.5 114.7 116.7 119.1 123 127.2 122.9 117 113.3
141 130.3 120.4 117.9 118.5 117.8 123.5 129 134.1 133.5 133.7 133.5 144.8 145.8 147.2 148 150.5 161.7 164.6 170.5 167.2 155.9 150.9 147.2 146.6 148.6 149.3 150.8 151.1 138.3 133.6 134.4 135 134 137.8 141.4 150.5 152.8 153.5 140.2 136 140.8 151.9 159.4 160.7 152.2 148.8 157.4 165.4 173.7 179.5 176.2 178.7 189.4 188 177 166.7 157.2 159.2 157.4 148.6 137.6 133.2 133 127 127.3 123.1 120.3 123 127.9 128.3 130.4 135.4 136 134.8 135.4 135.1 139.8
135.1 123.5 119.9 120.2 121 122.8 131.1 137 137.6 138.2 133.2 141.3 149.6 151 154.3 160 164.2 174.2 181.1 184.9 180 167.9 163.3 160.4 155.1 150.6 148.5 149.5 149.3 140.6 139.9 142.7 143.6 146.9 152.2 159.8 165.2 165.6 161.5 152.1 154.1 160.4 166.8 171.6 177.9 163.5 155.5 156.9 165 175.2 180.9 180.6 179.2 180.7 177.9 170.4 164.2 168.9 175.9 172.9 163.6 150 147.8 144.2 142.1 136.9 136.1 138.5 140.4 143.6 148.5 147.7 150.1 148.8 145.5 143.8 149.8 163.5
127.8 122.1 121.9 123.1 124.9 128.4 136.9 142.1 142.4 138.7 140.5 144.4 150.7 154.7 158.6 167.4 175 179.4 186 191.6 179.3 170.6 164.9 161.4 159.6 155.4 149.6 148.9 147.1 144 146.2 153.3 162.1 166.2 163.3 160.9 172.7 170.5 160.4 155.6 165.7 177.2 178.3 183.5 186.8 179.6 171.9 162.9 162.3 168.1 177.1 178.6 179.8 179 177.9 176.4 174.7 184.4 190.4 189.7 180.5 167.8 160.3 155.7 155.1 159 158.9 148.6 153.4 154.7 158 153.2 155.9 158 154.3 157.3 165 170
124.8 122.9 124.4 128.1 130.4 135.8 143.6 151.2 147.5 141.4 142.4 148.9 156.4 163.9 166.9 172.7 178 185.4 188.7 191 187.6 176.9 170.3 172.7 170.8 160.4 155.1 152.1 149.4 149.3 151.5 159 168.5 173.4 168.9 166.4 177.1 170.8 166.5 162.3 173.4 188.1 185.4 188.3 185.8 182.6 178.2 170.3 164.5 166.2 169.3 172.5 176.2 178.8 186 192.9 199 201.5 198.4 195.8 189.2 181.3 173.8 168.5 166.5 171.1 168.6 167.2 171.9 173.5 171.2 160.4 164.6 164.4 167.9 173.9 179 184.4
124.3 124.3 128 133.5 136.5 142.3 150.3 154.1 147.3 148.6 153.6 159.4 159.8 170.6 173.1 178.5 183.7 185.1 186 193.8 192.1 186.2 179.5 176.4 173.8 169.9 162.5 160.7 166.9 159.1 161 167.6 175.7 184.2 188 184.6 175.7 174.7 169.8 166 178.6 186.3 188.3 187.6 183.8 181.3 177.8 174.1 166.8 167.5 171.1 173.8 177.9 183.2 192.9 199.1 207.7 209.6 199.3 194.1 190 186.5 181.3 177.7 181.9 183.1 184.6 183.8 180.8 177.9 174.8 168.7 172.6 177.4 178.7 185.3 186.7 185.1
128.7 134.1 136.7 139.6 142.8 148.2 152.9 153.2 151.6 155.1 161.7 167.4 170.5 170.1 174.1 183.7 184.3 185.2 186.1 188.6 192.2 190.8 185.2 187.2 179.4 177.1 171.2 170 173 168.7 172.9 174.2 182.4 189.4 191.5 187.3 188.3 184.3 183.7 173.9 184.9 188.8 188.5 195.5 189.7 183.3 177.4 172.1 169.2 172.1 174.1 178 180.9 187 196 200.1 201.2 201 198.8 193.9 189.9 190.2 187.5 187.1 189.2 191.4 194.1 191.7 189.5 186.7 182.8 179.6 179.5 185.3 188.7 192.7 195.9 195.3
137.9 141.3 142.7 146.7 150.5 149.8 150.8 154.2 155 159.3 166.5 173.3 171.5 170.5 175.3 181.4 184.7 185.4 187.3 185.7 184.8 184 182.8 185 188.8 183.4 179.6 183.5 184.3 181.5 172.2 177 184.6 190.5 195.9 200 206.5 202 183.7 179.9 181.1 185 188.5 194.3 191.4 187.4 175.4 175.4 183.3 185 182.9 181 183.9 190.6 199.1 202.4 201.9 200.8 199.1 195.8 195.2 196 192.5 193.5 195.2 198.9 201.3 201.3 199.2 195.9 192.1 191.8 193.8 198 195.1 200.9 201.6 203.8
145.2 147.8 154.6 159.6 162.9 161.4 160.1 157.6 157.7 162.5 168.7 174.8 174.1 174.3 182.6 181.7 186.4 187.2 185.5 188 183.6 182.6 182.6 182.7 186.3 185 185 182.5 181 178.9 178.9 182.2 191 197.5 205.9 210.3 212.6 208.7 198.4 183.8 184.6 185.6 186.9 185.7 186.3 186.1 173.8 181.5 190.7 192.4 185.5 185.4 188.7 196.7 202.8 205.2 205.6 204.3 200.9 198.4 203.8 199.5 200.1 202.4 201.8 205.3 207 207.1 204.8 200.4 200.8 204.1 205.2 203.6 205.8 206.5 205.7 209.8
152.3 159.4 170.1 175.7 179.5 178.2 171.4 160.6 163.8 167.8 172 177.4 181.8 181 181.9 181.6 182.3 183.4 183.3 183.7 182.2 182.9 185.1 188 191.9 193.2 185.7 183.5 185.3 190.6 192.3 195.1 193.5 195.2 199.5 204.7 205 203.7 200.5 194 188.6 188.6 186.2 183.9 182.6 180.3 176.1 182.4 188.7 193.8 187 193.9 202.7 204.6 207.6 209.5 208.9 207.5 203.4 201.3 208.6 209.1 209.7 212.7 211.6 210.9 210 208.6 207.7 206.9 212.1 211.9 209.6 209 209.8 209.6 212 216
160.1 176.6 186.8 192 197.9 195.5 182.5 170.3 165.7 170.4 176.3 178.8 182 183.9 184.1 187.9 182.9 182.2 182.5 182.7 184.3 189 190.6 191.8 191.2 188.7 186.9 190.5 197.3 198.5 198.1 197.5 199.3 200.7 204.6 206.6 206.9 204.6 201.1 197.1 195 190.9 188.3 185.8 186.8 188 187.1 190.4 196.2 194.7 190.6 197.4 205.6 209.3 209.8 211.2 210.4 207.8 204.2 207.6 211.7 210.3 214.8 218.5 216.9 213.5 211.3 209 209.5 213.8 217.2 216.6 215.6 215.5 216.9 217 219 222.9
179.3 197.7 204.4 209.6 212.7 206.4 189.8 174.6 170.5 179.8 182.6 184.3 187.9 189.9 191.1 194.9 190.2 185.2 188 191.4 196.3 200.2 199.2 195.3 196.8 198.4 201.3 202.4 203.4 203.3 201.8 201.8 202.2 204.8 206.9 207.7 208.3 206.9 206 207.9 205 196.1 195.6 193 195.1 194.9 194.7 195 196.4 196.2 197.1 198.9 206.2 210.7 212.2 213.6 211.7 208.8 209.3 210.3 218.3 218.6 219 223.6 219.9 217.8 215 214.3 217.4 220.2 218.3 218.3 221.6 222.3 223.8 224.9 225.9 228.8
198.4 211.5 217.9 224.2 224.7 212 192.7 174.4 175.9 190.7 187.8 189.1 190.8 192.9 193.4 194.6 194.4 193.4 197.4 204.3 204.7 210 212.5 211.4 214.6 215.1 216.3 217.5 212.7 206.3 205.6 206 206.2 207.8 209 209.8 211.4 211.3 210.5 209.6 207 201.8 199.3 198.2 197.9 199.1 199.9 200.1 201.5 198.8 199.5 204.3 210.7 214.3 217.6 217.4 216.4 213.6 215.6 217.5 224.1 221.4 220.8 227.3 224.4 221 219.3 222.1 227.3 225.3 223.2 224.2 227.7 228.3 229.8 231.9 233 236.1
217.2 227.2 231.9 235.2 232 214.6 194.8 185.6 192 196.2 199.2 195.6 198 199.1 203.5 202 205.2 211.2 215.3 218.2 223.5 229.6 239 240 228.6 222.3 222.1 225 233.1 221.4 213.9 209.4 208.8 210.3 211.4 212.4 213.8 214.5 215.3 219.2 217.2 211.5 200.9 203.5 204.2 204 205.5 207.5 209.3 208.5 208.9 216.2 219.4 220.1 222.1 222.8 222.9 223.1 229 228.3 227.1 227.3 227.3 229.6 229 226.9 227.7 229.9 232.3 229.4 230.7 230.8 232.1 236.7 237.1 238.5 238.7 243.1
233.8 240.5 244.1 244.8 237 217.9 200.5 197.4 205 201.1 207.9 208.9 211.4 217 223.2 223 224.8 227.3 233.7 239.6 245.8 249.5 251.2 250.3 245.3 232.4 228.9 230 229.2 226.4 222.5 218.1 216.3 214.6 213.8 215.1 216.5 218.7 218.9 222.2 220.3 217.1 207.4 211.3 211.3 210.8 214.7 220.1 221.5 224.2 224.4 221.5 224 225.9 226.1 227.5 232 238.6 238.7 232.9 231 232.3 231.9 232.8 232 232.3 234.1 235.9 237.5 236.4 236.6 237.9 240.8 244.3 247.6 248 248.9 248.5
249.4 252.6 254.3 248.4 234.3 221.3 205.5 209.4 220.1 218.2 223.9 227.8 229.9 235.5 241.8 245.7 251.8 253.1 253.4 261.1 270.1 276.9 274.4 268.7 259.3 248.1 240.7 236.2 232.4 229.6 228.8 223.9 222.2 221.5 221.3 219 220.2 222.1 222.9 223.2 223 221.9 218.6 215.9 217.8 220.1 229.3 229.7 229.2 236.2 238.4 232.7 231.7 233.5 234 236.3 240 246.3 245.4 238.7 237.1 239.1 237.9 236.7 235.3 236.8 239.7 241.5 244.4 241.4 242.7 246.2 249.5 252.3 253.1 255 256.6 256.3
265.8 266.5 264 255.1 236.6 225.4 221.2 228.9 234.5 237.1 242.6 249.6 254.3 260.3 265.4 273 280.3 281.4 285.9 289.3 292.8 297.3 302.3 288.2 278.7 265 259.3 253 246.4 239.8 235.9 231.2 230 231.3 228.3 228.2 227.6 226.8 226.9 230.1 230.8 228.2 226.5 226.2 224.6 231.7 238 234.6 241.2 243.9 247 245.7 242.2 241.6 243.3 249.6 254.9 258.9 255.7 248.1 245.1 247.9 245.3 241.2 240 241.3 246.5 248.6 251.7 248.2 246.4 250.4 255.2 259.7 261.2 262.7 263.3 261.8
282.8 280.9 276.8 268.5 251.9 245.2 246.6 248.1 248.9 259.7 263.5 269.6 273.5 284 290 302.7 314.7 309.5 312.9 317.7 327.4 339.1 339.3 335.5 308.9 290.2 274.6 268.1 260.4 257.8 250.5 245.7 240.7 238.5 237.3 234.3 234.8 235 233.6 233.1 236.8 237.9 238 240.9 240.2 241 248 250.7 251.4 252.7 252.3 251.5 258.4 258.2 263.3 269.9 268.4 267.7 263 256.4 252.6 253.4 250.1 248.2 247.3 249.1 254 258.1 254.6 254 255.1 260.8 262.8 264.5 269.8 271.6 270.2 269.5
299.8 297.4 293 288.8 277.2 266.6 260.8 272.2 270.3 278.1 285.3 287.2 294.1 301.7 312.9 319.2 330 335.5 341.7 348.8 355.2 363.5 363.6 360.6 344.6 327.5 310.7 298.8 282.4 269.9 257.7 255.4 252.2 247.4 241.9 239.8 241.6 244.2 241.7 241.5 248.5 251.6 252.9 255.3 256.4 248.1 253.2 257.8 261.4 257.9 257.5 260.5 266.6 268.3 270 272 273.3 278.6 271.1 260.6 263.3 262.7 257.5 256.1 254.6 256.1 260.3 264.1 264.2 262.2 263.8 271.4 273.5 276.2 277.8 278.2 278.5 284.5
313.5 310.1 312.6 309 301.5 288.3 283.9 295.4 297.5 295.4 299.7 301.5 307.2 317.9 330.3 340.3 348.8 365.2 374.3 379.7 380.2 392.1 402.3 395.2 375.3 358.9 336.4 323.7 314.5 293.6 277.4 266.5 260.8 255.6 249.8 246.6 246.3 248.1 247.6 246.7 249.8 253.2 257.5 260.5 264.2 257.8 256.3 262.4 267.1 265.5 269.6 269 269.5 272.1 273.5 280.5 281.3 278.6 276.5 276 276.2 279.9 272.2 262.8 261.2 263.9 264.4 268.4 271.2 271.8 275.4 280.3 283.3 286.9 288.8 292.2 294.3 300.7
320.4 323.2 325.5 324.3 323.8 312.1 313 313.8 310.8 315.8 318.7 319.3 320.8 328.5 338.7 345.9 358.4 375.1 390.5 404.3 416.7 419.5 426.7 423.5 413.4 382.8 365.9 357.4 340.5 318.9 296.4 281.7 270.6 266.8 260.9 256.2 252.4 252.7 253.6 253.4 255.4 257.7 260.9 262 265.2 266.5 263.8 266.1 270.9 268.6 271.6 273.9 275.8 280.5 283.5 286.5 284.9 284.8 288.4 288.9 285.9 283.2 278.9 273.5 276.2 275.1 277.1 280.6 283.8 284.7 289.5 293.1 293 298 300 302.7 304.6 311
337.7 331.4 331.8 332.2 330.9 323.9 317 317.7 317.5 325.4 325.8 328.7 331.7 333 341.7 349.6 361.3 374.8 393.9 411.5 426.3 436.7 439.7 442.1 437.4 423.3 387.2 367.1 354.2 336 316.4 299.7 284 274.6 270.3 266 261.9 259.7 259.6 260.8 263.1 266.8 269 270.2 270.5 274.1 272.6 268.1 272.3 275.1 279 286.8 286.5 284.5 289.3 292.8 293.7 293.7 291 291.4 290.8 287.2 286.8 285.9 289.1 291.1 291.4 295.1 297 297.6 299.7 304.6 307.8 311.6 311 317 320.4 324.4
339.7 335 330 327.1 329.2 321.1 318.7 323.4 323.7 329.5 331 332 332.6 339 353 370 377.3 387.9 401.7 409.8 421.4 439.7 451.5 449.8 451.5 451.8 436.4 390.8 366.3 349 335 318.3 305.9 288.8 279.1 276 272.6 270.5 268.2 268 271 274.1 275.9 276.3 278.2 281 280.8 282.6 282 287.7 289.8 292.4 295.2 295.9 294.5 298.1 300.4 300.4 300 302.4 297.1 295.9 296.8 296.5 299.8 303.1 301.1 307.4 309.8 313.7 314.6 320.1 321 323.6 321 323.7 327.2 332.8
341 340.5 329.6 324.4 321.9 319.1 322.1 328.9 338 343.1 344.5 337.4 338 346.5 357.9 369.3 380.6 396.4 410.4 419.8 434.7 440.8 451.4 456.9 460.8 461.6 455.4 438 393.9 364.4 351.8 338.8 321.1 309.8 292.5 288.5 285.4 281.4 278.9 276 278.9 280.4 285.4 287.2 288.4 291.6 293.2 294.6 295.9 298.2 301.8 300.9 301 307.5 309.9 305.9 308.2 308.5 307.9 310.4 308.5 308.8 308.7 308.8 314.7 315.7 313.5 313.7 318.5 321.9 326.6 331.5 334.2 330.8 329.2 331.7 338.1 342.3
342.6 344.4 340.1 330.6 328.4 325.9 325.9 334.6 342.2 349.3 347.9 345.6 350.4 357.1 369 377.2 385.8 396.4 410.3 428.2 444.5 453.4 457.7 468.2 476.8 485.1 478.6 449.9 426.3 389.9 365.3 348 331.8 319.5 309.6 304.8 299 294.3 291.1 284.2 289.4 288.1 293.5 296.6 298.5 300.3 302.9 306.6 308.4 308.6 312.2 312.1 314.9 320.4 322.5 320.8 323.7 326.5 327.4 326.7 329 328.3 324.9 325.6 330.3 331.6 325.9 320 320.7 325.4 334.5 338.9 342.8 339.6 340 339.7 344.5 349.2
337.7 345.5 343.6 340.2 335.8 330.7 330.4 335.6 345.7 354.2 350.1 349.3 356.8 365.8 380.7 390.7 401.2 408.5 418.4 431.5 446.6 456.2 464.2 474.3 491.8 509.3 497.8 475.7 454.7 413.8 383.3 361.6 346.2 334.5 327.7 318.7 310.6 305.8 301.4 293.3 300.4 298.7 299.1 304.8 306.9 309.3 312.1 315.4 316.8 319.4 321.7 325.9 330.9 332.6 334.6 335.8 340.3 341.4 342 349.2 354.7 357.8 354.1 348.3 343.7 345.7 342.2 336.2 333.8 341.4 341.2 342.6 344.3 344.8 345.5 353.2 352.5 361.3
335.6 339.1 336.3 334.2 332.9 330.3 330.9 335.2 342.3 350.8 357.2 361.8 370.2 375.6 385.4 396 405.3 421.1 433.6 442.3 456.2 466.5 473.6 483.7 494.4 509.1 506.1 497.9 467.2 442 409.9 380 361.9 349.9 341.9 330.2 323 317.8 310.7 308.1 309.2 309.6 304.6 315.9 317.1 319.1 321.9 324.6 329.2 328.2 333.6 335.7 342.6 344.9 347.6 347.5 351.5 358.4 364.8 369.8 376.2 380.1 375.1 365.6 365.6 369.6 365.5 355.4 355.1 353.8 350.7 349.4 350.3 351.6 349.4 358.8 360 368.9
330.8 337.3 336.4 335.4 338.6 336 334.2 337.7 346.4 354.8 362.6 366.8 372.3 380.2 389.2 400.7 417 433.2 446.9 454.9 464.5 471.7 483.8 495.3 501.1 510 513.6 508.5 495.9 478.4 450.5 423.7 391.6 371.9 355.2 346 338.1 327.9 317 319.1 320.2 319.7 314.1 323.8 328.7 330.2 332.4 336.2 339.6 339.2 344.6 348.1 353.7 356.4 361.1 359.9 365 369.8 376 385.4 396.3 401.4 411.6 414.1 400.6 395.7 394.7 393.2 380.5 374.2 371.5 364 364.8 362.4 358.2 361.7 369.1 377
329.5 336.4 337.4 338.5 350.9 348.6 345.9 351.9 358.7 364.9 366 370.6 377.3 386.3 396.8 407.4 422.4 435.4 445.6 460.2 472.8 483.9 500.2 510.7 512.8 516 514.3 511.7 508.9 499.9 485.5 471 432.7 412.2 381.8 356 349.8 340.1 329.4 328.7 328.8 329.6 327 322.5 335.8 338 341.5 345 350.3 353.3 357.1 360.3 364.1 368.2 372.1 374.6 375.6 380 388.9 398.4 405.1 412.2 422.1 434.5 432.1 417.1 418.9 408.9 395.1 386.8 385.1 380.2 379 374.2 374.9 373.5 373.1 382.3
327.3 336.9 347.9 351.7 361.1 364.1 363.2 365.9 372.9 378 383.4 384.8 389.4 396.1 404.9 414.4 424.6 438 451.9 468.6 479.4 491.7 510.7 527.1 531.9 530.8 527.6 520.6 511.4 502.9 489.6 471.2 460.5 443.5 404.8 377.7 363.3 350.4 345.7 340.7 339.8 342.3 339.9 332.4 343.8 348.1 350.4 353.9 359.7 364.6 369.3 374.9 377.5 382.3 384 386.9 385.7 391 397.5 405.9 413.8 422.3 428.1 437.1 430.5 420.7 416.4 410.4 399.8 397 394.2 389.6 385.3 384.6 384.1 386.5 387.3 392.2
333.5 346.6 357.2 372.5 391.8 396.3 405.6 407.4 415.2 410.5 411.6 406.5 410.4 419.6 419.4 423.6 431.9 445 460.2 475.6 491.3 501.6 517.8 534.8 550.7 560.1 563.5 551.9 541 501.5 477.9 466 449.8 441.3 414.2 393.4 377.3 366.5 362.3 359.9 357.8 355.3 353.3 346.2 356.1 363.1 366.3 369.1 373.7 378.7 382.6 386.5 387 392.2 395.1 397.7 397.4 400.9 405.3 409.5 418.4 425.6 425.7 421.6 417.3 410.8 409.4 406.5 402 400 399.7 397 399.5 400.7 403.2 406.9 409 414
332 347.2 365.7 391.5 413.3 432.6 443.2 456 463.9 465.1 442.8 428.2 422.4 424.3 429.4 437.3 444.4 448.9 462.6 479.2 495.8 515.3 531.9 548 559.7 571.1 574.7 569.4 546.8 526.5 493.9 460.4 449.6 441 418.4 404.7 388.9 380.1 376.1 374.1 372.3 369.3 367.7 362.8 364.1 377 381.6 386.4 388.7 395.9 398.9 401.2 403.2 406.4 407.4 409.6 408.8 410.9 413.5 417.9 421.7 425.8 422.2 418.7 413.7 413.2 412.1 411.4 410.1 412.1 412.7 413.8 415.7 418 419 422.1 424.8 427.2
333.7 349.6 377.8 395 421.3 439.1 462.2 475.3 495.6 491.2 461.6 445.5 435.8 438.9 444.9 454.6 465.5 473.6 477.3 486.6 503.4 523.2 544.1 554.4 565.6 569.9 572 575 559.8 527.4 491 464.2 448.2 437.4 420 408.6 398 389.5 390.9 388.6 385.8 381.9 381.5 378.6 381.4 388.8 396 401.3 410.8 418.2 421.7 424.9 424.5 424.4 421 419.6 418.7 420.1 422.6 426.6 427.1 430.4 430.2 427.2 426.6 428.1 428.5 428.6 429.5 429.3 425.9 426.7 428.5 431.5 432.9 433.8 434.8 436.4
339.8 353.9 382.3 402 423.8 442.3 456.2 478.2 490.1 500.6 487.3 468.8 461.1 458.6 468.8 483 495.9 499.1 507.6 519.3 517.3 533 543.3 554.2 564.6 565.6 561.3 563.2 557.5 525.5 502.8 474.5 448.6 436.1 428.5 420.2 412.7 406.2 402.5 401.7 402.2 404.1 402 395.9 398.2 401.3 411.3 417.3 430.3 436.3 442 446.6 449.8 451.3 446.2 438.5 433.9 432.2 435.3 437.1 437 440.1 441.8 444.9 450.5 450.9 457.8 459.7 457.2 456 445 442.8 441.8 442.9 445.2 447.3 447.4 445.6
