public/OST50/NH35.asc
ncols 200
nrows 200
xllcorner 230000
yllcorner 850000
cellsize 50
[rows 70 to 104 of 200, columns 78 to 155 of 200]
449 459.5 461.7 438.6 419.2 418.8 421.4 423 423 417.2 421.1 428.5 432.7 440.9 451.7 449.5 427.8 398.5 389 384.9 390.3 384.3 381.2 374.2 365.7 364.6 366.1 371.6 379.9 381.3 375.3 366.4 357.3 345 333.6 330.5 324 326.9 331 331.1 330.2 330.8 326.3 326.3 314.1 303.8 291.7 293.4 285.1 288.2 271.7 278.4 281.2 286.5 276.5 266.5 261.4 256.7 246.9 236.7 225 229.6 232.9 233.1 225.8 218.3 212.9 212.5 200.5 193.8 197.5 199.1 188.3 178.9 170.6 165.6 153 142.6
438.5 442 440.5 429.3 418.6 415.5 413.6 413 409.5 401.3 400.6 398.3 402.4 408.8 419.4 429.6 427.4 409 389.7 380.6 377.1 372.7 367.4 364.9 356.5 352.3 350.8 347.7 350.7 352.1 353.1 348 341.7 334 329.4 321.5 316 323.3 328 328.2 325.8 323.6 311.4 299.5 282.6 267.8 259.2 255.9 253.3 249.7 246.7 253.3 253.6 251.6 247.2 243 234.9 220.1 214.7 210.6 208.4 210.7 210.1 204.7 201.5 199.6 198.6 193.7 186.2 188.8 196.2 197.1 192.6 188.3 175.1 161 145.1 137.2
433.2 431.1 431.2 428.5 415.7 412.6 414.4 407.4 394.2 383.2 378.5 379.6 385.2 387.8 392.9 397.3 401.4 399.4 388.3 375 368.1 361.3 357.5 354.3 348.3 340.7 335.2 331.2 329 332.1 335.4 336.8 332.8 326.2 320.2 311.4 312 315 320.9 326.7 324.3 315.1 306 289.8 260.4 246.5 238.9 232.9 225.5 222.6 226.6 233.6 228.7 221.5 220.3 214.2 207.3 200.6 196.7 196.5 194.4 194.5 193.3 193.6 189.1 182.9 174 179 180.2 181.8 182.5 181.1 173.7 169.2 158.2 145 133.4 132.7
426.5 423.5 435.5 429.6 410 403.6 399.8 389.6 370.9 360.2 356.3 360.7 364.2 366 373.2 377.5 378.3 378.4 375.3 367.2 354.4 353.4 346.2 341.4 333.4 324.1 318.9 318.6 318.8 319.2 314.7 312.8 312.2 303.3 307.9 302.5 301.4 304.2 302.6 305.9 303.4 298 287.8 271.2 247.3 229.2 219.9 213.9 208.6 204.5 204.7 207.4 208 204.2 197.2 195.3 189.5 185.3 183.2 180.7 181.4 178.2 175.4 173.7 171.1 169 168.9 172.5 172.1 167.3 167.5 164.2 159.2 149.8 138.6 134.3 129.7 127.1
410.4 407.3 424.7 419.1 414.3 401.2 385.2 380.9 361.9 345.2 337.2 336.1 340.2 342 338.9 346.3 344 348.3 350.3 344.8 338.3 328.9 337.2 330.5 320.6 313.9 311.8 309.2 304.7 304.4 302.5 298.4 293.1 288 292.6 289.9 285.7 287.2 290.2 287.6 278.7 269.2 255.1 242.7 232.4 215.1 211.3 208.9 203.7 200.2 192.8 190.8 191.5 190.7 187 181.3 175.1 168.2 166 163.6 165.7 166 162.6 160.9 163.6 164.6 165.2 159.5 154.1 150.9 146.6 148.8 150.9 144.7 131.3 124.9 123.9 120.6
400.3 390.4 397.3 402.5 405.6 393.3 375.2 360.7 347.2 338.1 334.7 319 312.6 313.3 313.1 308.6 313.7 314.2 318.7 323.1 314.2 317.2 314.1 315.7 311.9 306.5 300.5 294.1 292.2 287.7 286.2 283.7 282.1 277.4 277.8 274.6 273.3 270.4 265.3 254.1 247.8 245 226.4 216.6 207.5 202.7 205.7 202.6 196.6 186.5 179.7 176.3 178.5 174.2 168.4 168.1 162.2 157.2 158.6 159.2 152.4 147.7 152.4 155 148.4 142.8 134.3 133.9 134.3 140.2 148.5 148.4 149.8 137.4 125.4 117.9 119.4 119.8
400.2 383.6 379.1 382.2 384.7 382.9 366 349.9 336.4 330.2 322.2 311.3 296.5 286.9 288.6 285.4 285.1 289 289.5 295.3 293.7 296.4 300.4 302.2 293.6 296.7 292 284.7 275.7 270 267.8 270.2 267.5 262.8 256.7 256.5 253.9 252.3 247.9 236.5 222.8 219.7 211.7 197.6 192.4 190.5 188.2 186 183.5 176.7 169.1 168.6 172.6 167.9 162.5 157.2 152.6 146.6 140.1 144.3 145.5 138.7 133.4 124.3 118.5 117 117.3 123.4 127.5 137.9 138.4 140.9 132.3 120.2 113.9 114 112.8 103.6
398.4 376.1 365.7 363 361.8 360 354.7 346.5 337.5 322.4 309 301.4 282.9 274.7 267.7 265.6 266.1 262.9 267.7 268.2 273.7 278.2 280.3 276.7 277.5 274.2 276.5 273 265 252.5 250.6 251.6 251.6 251.6 234.3 228 225.7 222.7 221.9 212.9 208 207.4 195.8 179 177.3 173.7 168.3 165.9 166.1 157.5 148.6 148.4 146.9 151.2 153.1 144.4 131.2 122.9 122.1 118.3 110.7 105.8 101.7 108.7 109.7 107.5 103.7 110.4 115 117.3 117.4 113.8 109.6 105.9 101.9 98 90.9 82.4
386.4 372.9 365.4 358.7 352.1 347.3 348.5 341.6 338.5 332.7 314.8 295.9 279.2 262.5 252.5 242.8 241 239.7 237.8 241.6 247.7 250.6 253.8 254.3 254.1 248 251 250.3 250.6 243.8 229.3 227.2 222.8 216.8 213.9 211.5 205 202.6 199.9 197.9 194.5 183.6 171.4 162.7 160.9 154.8 144.9 142 144.2 137 129.6 129.1 126.2 123.7 117 111.7 107.5 105 102.5 101.1 99.6 95.9 92.9 98.1 100.1 98.8 95.8 96.9 99 100.5 101 99.8 98.6 93.6 87.5 74.8 83 86
388.3 370.2 368.1 358.9 345.1 340.1 333.2 325.4 323.8 319.5 312.3 303.4 284.5 258.4 241.9 233 222.5 218.6 215 219 223.3 223.6 221.9 225.8 227.2 220.5 219.8 223.3 222.7 218.5 210.7 206.4 199.4 192.8 191.4 186.7 177.5 171.1 172.4 181.8 177.3 165 155.5 146 139.3 133.8 125.1 123.8 123.2 115.4 112.8 111.8 102.5 101.1 98.3 95.5 94.3 94.7 94.9 89.9 86.4 86.4 86.4 86.4 86.4 86.4 86.4 88.7 89.7 92.4 86.4 90.1 87.9 74.5 79.9 86.9 87.9 90.2
372.2 367.2 360.7 353 343.6 342.3 334.5 315.2 304.5 299.2 296.1 285.4 273.1 258.2 237.5 220.6 208.7 199.8 197 198.4 196.1 193.7 190.4 193.9 197.6 197.6 193.6 195.2 194.5 193.4 187.9 179.8 182.9 174.1 166.2 159.9 150.5 146.3 149.5 149.2 150.5 148.9 140.5 130.4 121.5 117.7 109.6 103.9 101.7 99.8 96 94.8 90.7 89.8 86.4 86.4 86.4 86.4 86.4 86.4 86.4 86.4 86.4 86.4 86.4 86.4 86.4 86.4 86.4 86.4 86.4 86.4 86.4 82.9 88.5 90 91.7 93.3
362.2 355.4 344.2 337 331 325.5 324.8 318.5 303.9 284.8 269.4 266.3 255.6 245.5 237.5 223.8 206.1 183.4 177.5 177.7 174.6 168.9 162.6 160.7 163.6 161 162.6 164 161.1 155.3 155.4 154.4 157.8 155.9 142.2 139.1 128.6 125.8 123.2 125.6 124.7 125.3 116.1 107.2 103 101.1 95.5 94.6 93 91.9 89.7 88 86.4 86.4 86.4 86.4 86.4 86.4 86.4 86.4 86.4 92.6 93 92.3 91 91 86.4 86.4 86.4 86.4 86.4 86.4 86.4 92.2 93.1 96.2 95.8 97.9
349.9 342.7 332.2 321.5 317.7 307.7 300.1 297.3 291.3 277 263 250.8 242.3 232 221.4 209.5 197.3 179.6 167.5 161.2 153.8 148.2 139 134.3 130.5 128.8 133 127.8 129.7 125 125 124.6 128.1 126.1 115.9 109.6 104.1 101.9 103.5 104.7 102.6 99 94.3 90.7 87.7 86.4 86.4 86.7 86.4 86.4 86.4 86.4 86.4 86.4 86.4 86.4 86.4 86.4 91.2 97.4 99.8 100.3 100.9 100.5 97.7 97.5 95.6 92.1 86.4 92.4 94.1 101.2 110.4 112.3 111.5 109.4 109.6 107.2
339.8 334 331.7 313.7 300.4 292.8 277.5 276.7 275.6 261.4 251.7 243.2 233.9 224.5 208.3 193.1 185.6 172 158.8 147.9 139 131 124 117 110.1 108.1 105.8 104.3 100.9 98.6 99.3 101.1 101.3 96.8 93.2 86.4 86.4 86.4 86.4 86.4 86.4 86.4 86.4 86.4 86.4 86.4 86.4 86.4 86.4 86.4 86.4 86.4 86.4 90 96.7 99.6 102.6 104.1 105.5 110.1 113.6 116.8 120.1 119.7 115.4 112.4 110.3 110.5 104.6 112.2 125.3 130.5 128.7 130.1 119 119 118.7 114.6
332.7 316.2 315.9 303.7 283.9 277.2 262.9 254.6 257.1 247.9 235.4 227.7 216.6 207.1 196.7 187.2 175.9 164.3 151.7 142.4 126.4 118.1 108.6 103.2 98.4 89.9 86.4 86.4 86.4 86.4 86.4 91 87.3 86.4 86.4 86.4 86.4 86.4 86.4 86.4 86.4 86.4 86.4 86.4 86.4 86.4 86.4 86.4 86.4 86.4 86.4 99.4 108 112.3 115.1 117.3 120.7 129.7 140.4 142.6 144.2 154 149.7 143.6 136.9 131.5 125.8 123.8 119.3 129.5 141.4 139.7 138.1 128.8 129.7 125.7 123.9 118.5
315.1 303.9 291 290.8 272.1 262.9 245.4 232.9 233 229.4 218.7 206.4 196.2 183.3 178.6 174.3 168.1 153.4 138.1 126.9 115.7 105.9 100.1 96.1 87.6 86.4 86.4 86.4 86.4 86.4 86.4 86.4 86.4 86.4 86.4 86.4 86.4 86.4 86.4 86.4 86.4 86.4 86.4 86.4 86.4 86.4 86.4 94 106.8 112.9 118.3 125.7 136.2 143.1 148.4 151.6 155.6 163.4 173.3 177.3 170.5 164.4 156 149.9 144.4 139.7 135.4 130.8 130.1 136.1 140.3 143.6 139.1 137 134.8 134.7 135.8 140.5
297.2 289.7 269.2 268.5 260 247.3 228.9 216 208.3 203.9 200.5 187.2 175.6 162.7 151.3 149.7 138.4 131.2 123.2 112.7 105.9 99.6 94.9 90.2 86.4 86.4 86.4 86.4 86.4 86.4 86.4 86.4 86.4 86.4 86.4 86.4 86.4 86.4 86.4 86.4 86.4 86.9 91.8 86.9 86.4 98.2 113.6 127.6 144.9 150.3 157.2 166.1 169.3 174.5 178.3 182.2 191.9 196.6 202.1 198.4 188.6 177.7 172.4 167.3 162.6 154.3 146 140.1 138 135.9 144.1 143 141 137.2 139.7 146.1 145.3 147
278.9 272.3 259.1 247.2 246.8 233.6 213.7 201 190.7 183.4 174.6 169.1 151.7 142.5 129.4 124.5 124.4 107.9 108.7 104.5 100 93.7 86.4 86.4 86.4 86.4 86.4 86.4 86.4 86.4 86.4 86.4 86.4 86.4 86.4 86.4 86.4 86.4 86.4 86.4 86.4 91 95.5 96 107.1 124.6 147.4 163 174.8 184.1 190.9 199.1 196 200.7 208.3 220.1 226.3 231.3 229.7 216.2 210 200.7 191.3 180.6 169.5 158.4 155 149.4 145.2 143.4 150.4 148.4 146.2 147.6 150.9 151.4 156 158.3
266.3 266.7 254.7 238.1 230.1 215.3 198.1 186.5 175.6 168.2 159.9 147.7 134.2 128.2 120.5 110 106 99.7 98.3 95.4 88.9 86.4 86.4 86.4 86.4 86.4 86.4 86.4 86.4 86.4 86.4 86.4 86.4 86.4 86.4 86.4 86.4 93 95.9 93.1 96.5 98.6 104.2 115.8 137.6 154.1 170.7 189.1 202.4 213.6 219.4 218 220.1 230.7 241.5 246 248.5 247.2 232.2 228.3 228.7 217.4 214.1 207.2 191.9 177.6 166.6 158.9 150 147.3 149.9 154.8 161.1 165.2 169 175.4 178.9 177.7
250 251.1 240.6 225.1 209.8 204.1 197.4 178.9 165 156.7 145.8 135 124.3 114.3 112.3 101.5 96.3 92.4 89.3 86.4 86.4 86.4 86.9 87 87.8 87.3 86.3 86.4 86.4 86.4 86.4 86.4 86.4 86.4 86.4 86.4 94.1 104.6 111.3 109.7 118.9 114.4 121.7 142.8 161.6 174.5 193.9 209.1 216.6 223.7 226.9 228 238 247.9 255.3 260.6 255.5 250 240.9 236.7 227.8 231.6 216.7 205.9 195.3 180.3 174.1 167.3 156.1 160 161.3 165.5 172.4 174.7 181.6 184.4 183.6 177.9
236.3 232.5 225.7 218.2 198.5 185.7 182.3 166.8 150.9 134.4 131.4 122.9 112.5 105.2 101.1 94.6 89.6 86.4 86.4 86.4 86.8 88.4 88.6 88.3 88.4 86.4 86.4 86.8 88.2 88.3 87.2 86.4 86.4 86.4 86.4 91.2 110.9 129.2 140.6 141 138.5 131.4 145.8 170 181.6 191.5 205.6 213.4 222.2 228.2 234.2 243.7 244.9 253.5 257.8 256.3 256.9 255.3 248.6 238.8 245.6 241.9 226.1 212.1 197.6 181.9 176 168.3 168.8 170.6 172.8 177.4 182.3 184.4 187.5 191.8 191.7 190.8
221.8 216.2 210.6 207 192.9 177.3 170.9 159.9 136.7 125.3 114.7 113.1 105.9 98.7 92.6 87.4 86.4 86.4 86.4 89.3 89.4 89.4 90.4 91.7 92.5 93.3 95.3 97.6 96.5 97.3 93.6 89.8 90 93.4 95.4 104.3 132.8 148 152.5 146.6 141.5 140.2 159.7 177.3 186.5 191 204.3 213.3 221.3 229.5 240.7 251.4 251.4 255 257.1 257.3 256.7 261.8 256.3 262.5 260.8 261.1 260 236.3 211.3 194.6 178.3 180.4 183.8 187.1 185.7 188.5 191.9 194 195.2 193.9 193.4 194.5
202 200.2 194.3 194.3 189.1 168.4 157.7 150.6 123.5 112.5 107.1 105.7 104.7 90.6 86.4 86.4 86.4 90.5 93.4 96.7 98.8 100.5 103.9 106 106.5 107.5 109.5 111.8 113.4 112.2 110.5 102.7 97.6 100.1 106.1 112.8 133.2 146.9 147.3 145.1 142.8 145.5 160.4 170.5 182.8 190.2 195.3 204.3 213.3 223.7 236.3 240.2 245.8 252.8 259.7 262.1 264.4 276.4 280.4 287.5 292.7 285.5 280.8 248.3 221.3 196.9 193.6 204.6 205.6 206.9 206.8 203.9 203.5 206.2 205.6 203.3 208.1 210.8
176.7 180.7 179.6 179.3 183.6 164.9 144.4 125.2 113.7 105.7 97.9 91.4 87 86 88.7 91.1 95.8 99.1 101.4 104.2 110.1 115.9 126.5 133 131.3 122.4 124 128.1 130.2 128.2 126.9 119.8 106.7 103.3 109.9 119.4 134.9 145.8 144.6 145.1 151.1 166.3 176.8 190.7 196.8 198.5 201.3 203.6 208.4 222.5 227.2 233.2 245.9 255 261.5 270 282.1 290.1 292.2 295.9 295.7 292.3 286.6 254.6 218.8 208.6 211.2 213.2 213.9 215.9 212.8 212.3 222.2 227 225.6 220.3 218.4 218
156.7 159.7 161.8 163.8 162.9 155.9 132.7 117.4 107.7 99.9 93.1 88.6 86.6 88.9 93.4 98.5 101.8 105.3 107.5 112.7 121.2 128.9 135 137 137.5 134 135 137.7 141.7 140 138.4 131.7 115.5 107.4 113.3 122.9 137.3 142.1 153.7 165.6 173.2 186.2 201.6 205.2 209.9 206.2 208.4 213 219.7 227.9 238.1 245.9 253.6 264 272.8 284.3 291.3 295.6 303.7 298.3 297.4 296.8 290.4 243.8 226 221.6 220.7 220.8 225 223.1 221.9 225.5 235.5 238.3 236.8 233.2 229 233
137.3 140.5 138 142.3 148.9 145.9 128.1 118.2 104.9 97.8 90.4 86.3 90 93.5 97.6 104 109 113.3 117.1 124.4 129.5 138.8 148.4 154.6 158.7 150.5 148.2 153.5 153.3 150.8 145.2 131.5 123.4 119.2 117.3 125.3 137.5 148.3 166.9 173.7 186.4 199.7 211.3 211.8 216.9 213.7 214 219.4 227.3 234.9 240.6 247.3 252.6 263 275.1 286.3 293.4 302.7 306.5 299.7 298.3 299.5 282.8 243.8 244.3 238.4 236.2 234.2 237.1 234.5 235.9 239 243.1 249.3 250.8 246.7 244.1 245.8
119.1 120.4 129 132 124.9 122.6 120 106.4 96.8 89.9 86.6 90.4 94.4 98.3 104.9 110.7 117 122.3 129 134.7 139.7 150.9 158.2 166 168 171 171.5 163.1 159.1 152.7 145.2 136.7 131 130.2 130.4 129.7 148.9 164.3 181.1 186.5 189.1 200.8 208.8 216.2 217.2 218.2 222.3 229.5 236.6 240 240.6 243.1 248.7 258.6 271.1 287.5 298.5 305.1 303.5 300.8 291 295.4 263.3 267.6 266.6 261.7 258 253.9 253.6 250.6 251.1 248.7 254.4 258.2 259.6 260.8 263.9 261.8
110.9 116.9 124.3 120.9 111.5 108.4 109.3 100.5 95.3 89 88.1 93.5 98.4 105.7 113.3 120 127.1 131.2 135.4 142.3 146.4 156 169 178.6 180.6 180.1 177 170.6 161.9 151.8 148.6 148 137.2 139 149.8 143.8 167.9 186.2 192.9 202.3 202.8 208 212.9 218 223.5 224.4 228.6 237.3 241.3 242.2 244.4 251.4 258.1 267.5 272.4 285.4 296.1 298.4 295.3 287.5 272.7 271.1 276.7 280.6 286.3 291.7 290.3 285.5 282.3 275.4 267.3 261.4 265.1 268.5 269.2 271.3 270 267.3
107 110.8 113.7 107.1 103.7 99.1 98.7 99.1 94.2 86.2 90.3 99.4 104.1 113.2 123.3 131.7 137.8 142.1 145.3 151.7 160.7 173.7 179.8 187 190.5 185.3 178.1 170.8 165 158.5 153.2 150.2 142.2 141.8 155.1 164.2 180.7 201.6 206.2 210.3 216.5 224 226.2 227.1 231.1 234.8 237.3 246.6 247.3 245.1 246.7 250.6 259.2 268.6 276.6 287.8 292.6 298.3 292.4 274.9 280.6 289.9 298.5 299.1 307.8 314.2 321.3 322.6 306.3 295.1 285.3 274.5 278.7 279.1 276 275.2 274.1 275.8
104.1 106 107.5 104.4 97.8 94.8 91.7 89.5 86.2 89.1 99 103.7 112.6 123.5 133.5 141.2 147.2 152.4 159.6 169.1 176.9 183.4 185.8 189.6 191.5 190.8 183.2 176.4 172.9 169.9 163 156.3 157.7 158.3 169.4 182.3 187.1 202.5 215.2 218.1 226.9 233 243.1 250 255.2 254 251.9 257.1 259.6 252.8 249 249.6 255.4 264 275.4 282.1 288.9 297.6 286.4 289.8 303.8 316.4 324.4 331.1 345 353.8 350.3 349.2 338.3 319.2 306.1 290.8 282.4 284.4 282.8 275.4 271.5 270.5
102.6 102.6 101.5 94.8 91.9 91.1 89.2 86.8 91.2 100.7 105.7 111.4 123.7 134.5 144.1 152.1 157.7 164.2 174.2 182.8 189.3 194.6 193.4 193.3 191 189.9 182.5 181.4 184.6 176.1 169.8 167.6 168.7 172.2 181.7 192 195 204.3 218.5 231.5 245.9 259.4 268.7 272.2 282.5 282.4 275.2 268.7 266 260.6 254.6 252.6 254 261.1 271.3 272.3 275.6 283.4 286.4 293.4 305.2 313.7 327.4 345.1 357.5 362.1 360 363.7 360.9 350.8 335.8 314 299 290.6 287.6 278.6 269.3 267.5
100.7 96.2 95 92.3 91.9 89.7 90.4 90.8 101.3 107.5 112.6 122.6 135.4 144.6 153.7 162.6 171.2 179.7 190.1 198.9 204.3 206.8 207.4 207.3 200.5 190.9 188.8 190.1 188.2 183.3 184 187.1 181.1 192 200.1 198.2 205.2 204.6 223.9 237.6 251 266.7 276.2 282.7 290.2 292.3 289.1 284.3 280.9 275.5 271.9 265.7 262.6 261 275.2 278.9 282.3 290.2 295.3 302.4 313.9 324.3 331 342 353.6 358.3 361.3 359.5 352.7 351.4 348.1 335 316.7 305.9 287.6 281.4 283.6 276.6
92 92 90.6 91.6 91.5 90.8 87.4 100 107.5 115.5 125.1 136.6 147.4 158.6 169.4 176.7 184.8 196 207.1 211.3 212.8 217 216.8 214.4 207.2 195.4 195.2 201.8 202.1 209.7 210.2 209.6 202.3 211.4 215.7 209.4 216.8 215.3 231.7 248 259.5 275.6 284.6 291.5 300.2 299.1 293.2 298.7 300.2 290 289 279.7 274.3 277.6 283.1 295.4 299.7 314.5 325.2 337.4 342.8 345.1 352.2 349.6 351.4 355.9 365.5 367.7 360.7 360 354 336.8 320.5 295.5 289.7 285.8 287.8 280
90.3 90.4 90 90.1 89.9 91.4 103 110.2 119.3 126.3 139.5 151.2 160.6 169.2 178.3 187.3 195.7 205.7 217.7 226.4 229.5 228.4 221 213.7 207.7 200 203 204.6 207.8 217.3 214.7 212.9 214.6 220.9 220 214 225.4 230.7 240.7 252.8 262.2 274.7 285.6 293.5 301.9 305.5 313.3 311.4 303.5 293.1 285.9 284.9 290.1 293.5 296.2 307.7 317.9 329.8 348.5 355.5 360.8 362.9 362.5 363.5 355.9 351.8 359.7 361.1 359.7 352.2 341.7 328.1 304.4 282.1 276.5 279.7 281.2 278.6
96.6 95.5 95.7 99.8 103.2 109.2 118.1 126.6 135.3 141 154.1 166.4 175.3 182.5 188.5 198.4 206.1 213.1 219.1 219.9 219.7 220.9 219.1 210 208.3 210.4 212.6 213.4 217.9 224.5 224.3 222.5 220.1 225.2 222.9 222.2 229.5 241.2 244 254.5 265.9 271.8 279.2 293.4 304.4 309.4 313.5 310.8 298.6 289.9 293.1 295.4 300.6 306.1 308.5 319.5 329.1 339.8 343.7 356.7 370.7 377.1 374.2 372.4 367.2 360.9 358.2 350 340.5 336.2 325.9 312.3 301.3 285.4 276.3 276 275.4 276.2
