public/OST50/NH36.asc
ncols 200
nrows 200
xllcorner 230000
yllcorner 860000
cellsize 50
[rows 105 to 139 of 200, columns 0 to 77 of 200]
282.9 283.3 283.3 286.2 292.5 296.9 304.9 314.8 327.7 346.1 360.7 369.3 376.9 380 376.6 380 405.5 415 412.7 417.9 423.5 424.3 420.2 409.7 401.5 395.7 386.1 375.6 364.1 354.8 351 349.5 349.5 349.5 354.5 358.5 357.9 353.4 355.8 359.6 359.7 355.1 353.2 352.2 347 344.4 346 344.4 341.8 340.2 338 334.1 331.7 329.4 326 323.2 320.2 317.4 310.3 305 295 286.3 279 273.1 262.8 248.6 241.3 253.8 258.5 264.2 261.1 266.3 270.3 272.8 277.2 275.6 277.1 281.2
277.8 277.5 280.3 285.6 290.4 293 300.6 315.2 331.1 344.2 352.2 358.6 365.3 373.7 372.6 381.1 403.9 409.7 408.7 416.1 420.3 418.6 412.9 403.2 397.6 391.4 382.8 373.3 365.1 358.7 354.8 354 352.6 353.8 357.9 360.1 355.9 355.4 358.5 363.2 362.6 358.5 357.2 356.2 353.3 349.4 350.1 350.2 350.5 349.4 346.2 343.6 342 341.2 337.6 334.2 330.8 329.7 319.1 308 294.7 285.7 276.6 268.3 258.5 248.3 234.3 253.4 256.6 260.2 258.3 263.3 265.4 268.1 271.6 272.2 271 273.2
271.6 272.5 275.5 281.1 287.9 289.2 302.1 317.3 330.3 344 349.8 357.5 365.8 374.5 370 382.7 400.4 407.8 408.5 416.9 423.4 421.5 409.8 405.5 410 401.7 387 375 367.2 364 364.6 362.9 362.6 363.7 364.6 366.3 357.9 358.2 361.8 363.2 363.7 361 360.6 359.4 356.5 354.8 353.9 354.2 355.7 355.6 356.6 357.3 354.7 350.4 345.1 340.9 338.1 334.2 326.5 313.4 298.7 288.5 278.5 270.2 261.3 244.4 230.9 251.1 253.5 255.4 256.1 259 260.9 266.7 267.5 264.6 265.5 267.3
274.8 272.9 276.5 279.5 282.1 289.2 301.9 317.7 329.7 341 350 358.9 365.3 363.9 364 379.4 394.4 401.2 402.5 410 416.4 410.1 406.2 407 408.4 399.7 386.2 374.4 367.8 367.9 368.6 369.2 370.7 371.6 372.2 370.1 362.1 363.2 364.5 365.7 366.5 366.1 365.3 362.6 359.1 357.1 358.2 359.9 362.7 370.5 373.8 369.4 361.5 357.6 350.3 347.2 342.7 337.4 329.1 317.4 307.2 294.5 280.5 268.1 256.5 235.1 239.1 242.1 250.4 251 252.7 256.4 258 262.4 261.1 261.1 263.1 262.8
269.3 269.7 273.2 273.4 279.1 291.1 302.2 316.7 326.9 336.7 347.3 355.3 358.8 356.2 357.1 374 388.5 392.8 394 403.2 406 405.5 410.2 423.2 422.6 408.1 390.8 379.7 370.5 368.2 370.7 371.5 373.2 374.4 375.3 368.5 365 367.3 369.5 368.1 367.7 368.4 369.3 364.9 360.8 360.2 363 367.9 372.8 376.9 378.3 374.1 365.4 358.7 353.3 352.8 345.4 339.3 328.8 318.6 308.8 297 279.8 264.3 248.6 225.5 236.3 238.1 243.2 248.9 247.1 251 254.3 255.4 258.6 261.1 263.6 264.6
264.4 267.2 270.8 273.5 282.8 288.7 298.5 311.5 321.6 330 336.6 339.7 344.8 346.1 345.7 356.5 375.6 380.2 384 390 399.2 410.8 415.4 419.6 415.3 407.2 395.9 381.8 369.6 368.1 368.1 370 372.6 374.6 374.5 366.8 365.9 370.6 374.8 371.4 368.5 368.2 368.3 365 364.2 364.8 367.3 372.2 376.1 380.8 382.4 376.7 365.3 355.9 353.5 352.2 348.5 337.8 323.6 314.3 303.5 294.3 271.8 253.7 239.1 219.5 230.6 231.8 239 241.9 244.7 246.9 248.3 251.4 258.6 259.1 262.1 265.8
263.7 265.9 268.8 271.9 279.1 287.2 293.7 303.6 311.7 321.3 329.8 334.2 332 332.9 336.6 343.7 360.9 367 375.8 387 397.5 408.5 419.3 422 420.1 410.6 396.9 381.7 371.1 369.2 370.6 370.5 372.2 374.9 373 365.7 365.9 369.9 370.8 369.2 367.9 367 363.7 358.4 358.4 361.1 365.8 369.8 374.5 380.5 381.9 375.3 363.1 350.9 346.8 344.8 340.1 329.7 316 304.2 293.8 282.6 255.9 243.8 229.1 220 224.7 232.5 235 234.4 240.7 242 244.8 246.7 251.1 253.4 258.5 261.4
255.7 258.9 262 267.7 276.1 287.4 292.2 298.4 312.1 315.7 320.6 324.5 322.9 321.4 325.3 336.8 353.4 362.6 369.7 381.1 394.2 407.5 416.5 417.6 413.9 406.5 394 383.1 377.7 374.6 373.5 372.6 373 374.1 370 363.5 365 369.1 370.5 368 365.2 362.5 357 350.4 350.9 353.6 358.5 363 366.4 371 373.8 367.5 355.3 342.9 332.6 328.3 324 314.2 303.7 289.9 279 265.2 245.7 230.4 217.6 215.3 219.8 225.1 228.6 231.3 236.1 237.1 241 244.6 245.9 246.6 247.4 250.8
250.2 254.4 257 260.8 269.5 280 289.9 295.5 305.5 308.1 313.8 319 313.3 311.1 312.3 327.8 344.5 356.8 367.2 378.5 390.1 403 404.5 404.9 401.8 396.1 385.8 376 372.2 371.8 371.8 370.8 370.4 370.4 363.6 357.4 360.1 363.8 363.2 359.9 358.1 354.6 349 340.8 337.3 340.2 346.8 350.2 352.6 357.8 359 353.9 344.6 331.9 320.9 316.8 312.8 302.6 292.6 277.7 265.5 253 232.4 218.3 215.8 208.1 216.8 221 222.8 227.6 231.5 237.9 243.8 241.8 239.7 238.7 238.2 240.2
242.8 246.1 251.7 254.2 265.7 271.6 280.2 287 293.6 296.5 301.5 306.7 303.9 299.9 305.5 318 333.3 346.8 359.6 367.7 379.1 387.3 389.6 391.4 390.1 384.9 374.4 365.5 362.6 363.7 363.7 363.6 363.4 362.5 355.5 353.8 356 355.9 353.6 351 349.1 345 338.3 331 329.1 330.3 335.9 336.8 338.9 345.2 345 340.1 329.3 318.6 310.7 308 303.1 291.5 278.1 264 249.4 237.2 221.8 212.3 209.7 201.8 209.2 213.5 217.8 219.9 227 235.5 239.3 238.9 237.5 235.4 235.3 236.3
233.8 238.4 242.3 247.3 252.7 259.7 268.4 274.9 281.1 285.2 291.5 293.2 293.6 293.9 302.1 314.4 330 342.1 347.9 357.9 367.1 372.1 373.1 373.9 372.7 367.5 359.4 351.5 349.3 349.3 352.5 351.7 350 348.8 343.4 345.3 348.4 348.4 346.5 344.6 342.5 336 329.2 324.5 322.7 321.8 325.1 325.2 327.8 332.8 334.2 326.9 316.1 306.5 303.6 297 285.1 274.3 262.1 250.7 241.1 230 214.9 206.2 204.3 197.8 202.5 204.7 210.3 215.8 221.9 228.2 234.1 236.6 234 232.9 233.8 234.8
226 228.7 232 240.2 245.3 249.7 256.3 261.3 268.3 273.6 277.3 280.5 281.9 291.1 297.9 307 319.7 328.5 334.7 345.4 351.5 358.4 360.1 358.3 353.7 348.6 342.5 338.3 337.5 336.4 338.5 339.1 339 334.9 331.8 335.6 336.8 336.1 336.9 335.3 331.9 326.2 320.1 316.3 314.1 313.1 314.9 315.8 321.1 324 321.6 315.5 305.1 295.9 289.8 280.9 266.2 259.3 251.8 243.9 232.3 219.4 205.4 196.4 192.7 194.1 196.9 195.1 202.5 209.1 216.8 223.9 225.3 225.1 227.2 230.2 230.2 232.1
219.1 222.2 226.8 232.4 237.9 242.5 247.2 254.4 261 270.3 271.6 274.4 278.1 282.6 290.3 300 308.6 315.2 322.7 327.2 332.2 335.4 339.6 338.7 335.4 331.1 327.3 325.7 324 325.2 325 325.5 326.5 323.3 318.2 322.5 324.8 325.2 323.8 321.3 317.6 314.1 308.9 305.8 304.2 302.1 303.9 303.9 307.7 309.1 305.6 298.8 290.3 279.9 271.8 263.8 259.7 253.8 242.2 233.4 222.5 208.9 197.7 188.3 186.2 188.7 191.1 191 197.4 202.6 209.9 215.8 217.6 217.8 221.4 225.2 225.1 224.5
212.6 216.6 220.4 224.7 228.8 237.3 246.3 253.9 262 266.1 268.7 272 272.3 276.8 284.4 297.5 305 309.2 313.1 317.7 320.3 321.2 321.5 320 318 316.3 313.4 312.7 310.9 312.3 315.6 316.4 317.6 313.8 307.1 311.4 314.3 311.2 309.5 309.3 305.1 300.8 298.6 296.7 292.8 292.8 292.2 291.9 293.3 292.7 288.3 283.1 279 273.3 268 259.7 251.7 243.2 232.4 223.6 214.6 203.3 189.4 184.6 179.2 182.8 184 185.2 190.8 194 200.8 202.7 206.8 210.6 211.4 209.6 209.8 215.9
207.5 210.3 213.4 216.3 218.6 231.2 239.6 249.8 259.4 262.3 266.6 267 268.1 270.5 278.5 294.6 300.6 306.8 309.4 309.9 310.8 309 308.7 306.8 305.5 303.8 301.7 302.2 304.8 305.8 303.6 304.2 301.7 298 296.6 301.6 306.3 305.8 304.5 301.5 298.5 292.9 287.9 284.8 284 285.1 283.8 283.7 285.1 284.9 280.4 275.5 268.5 262.9 256.7 249.5 242.3 233.7 223 215.2 204 194.9 183.1 181.3 176 178.8 179.7 178.9 182.3 185.7 191.1 193.5 199.1 199.4 200 197.8 199.9 196.5
201.7 204.5 205.5 208.4 211.9 224.5 230.9 242.3 250 253.4 257.6 258.1 260.7 263.9 274 286.9 293.7 300 299.8 300.4 297.7 294.7 294.8 294.9 292.8 292.4 290.7 291.9 293.9 296.3 295.1 294 290.5 289.6 292.7 296.4 296.4 295.4 293.5 291.9 287.4 282.5 277.4 272.8 274.6 274 274.3 276 278.6 283.5 276.6 269.3 261.8 258.2 252 247.1 238.3 228.3 219.3 209.9 197.7 187.4 177.1 177.7 173.7 176.1 177.9 172.7 173.3 179.2 182.7 185 190 189.7 187.2 185.4 184.7 181
195.1 197.9 198.7 200.7 205.4 210.9 219.3 229.8 237.3 241.9 245.7 248.6 253.2 258.2 269.3 281 288.2 291.4 290 288.6 285.6 284.1 285.3 285 284 282.1 281.9 281.7 284.3 285.6 289.5 289.2 286.2 284.7 285.4 285.7 285.7 283.4 284.4 280.6 279.3 274.9 268 266.4 265.7 264.5 264.8 267 268.5 269.3 265.8 258.7 255.1 253.4 247.4 241.7 236.2 226.2 216.5 206.6 193 180.6 172 175.7 169.3 181 172.1 171 168 173.3 176.7 176.3 174.8 173.9 172.1 171.1 175 173.6
188.4 193.9 192.9 197.2 202.3 208.9 213.7 221.3 228.4 232.7 235.7 240.2 247.5 252.2 264.8 275.4 283 283.7 280.9 279.3 276.5 274 275.3 276.6 274.3 271.6 272.8 273.6 276.9 280.4 281.3 279.4 276.6 276.8 278 278 277 274 274.7 270.4 269.2 262.8 259.6 256.3 256 255.9 256.2 258 258.3 257.5 253.7 249.6 247.1 246.1 239.6 236 233.9 225.3 216 205.2 188.2 172.6 164.9 165.5 171.5 173 165.9 166.3 165.4 169.3 171.2 169.6 167.3 162.4 162.7 165.4 166.2 168.2
181.7 186.6 186.7 193.2 200.4 206.7 211.7 215.3 223.5 228.8 236 244.7 248.2 251 257.1 261.3 265.9 269.6 269.4 268.4 264.9 266.1 265.5 264.8 265.1 264.7 269.9 271.7 273.9 274.8 276 273.7 268.5 268.2 269.2 265.5 267.5 263.4 263.2 259.2 255.5 250.8 247.8 245.7 247.1 246.4 248 250.5 251.9 250.3 246.4 241.8 239.6 237.1 233.4 229.2 223.7 214.9 207.9 197.1 180.4 167.4 157.9 159.9 165.1 162.9 159.1 159 162.1 167.4 165.4 161.4 159.5 161 161.2 160.3 158.8 160.9
175.6 180 181.8 190.5 197.4 202.6 206 211.6 218.3 225.4 233 244.4 248.3 255.7 265.7 267.8 269.7 269.4 272.8 269.1 265 263.3 262.2 262.3 263.4 266.6 267.5 267.6 269.7 268.6 265.9 265.6 263 263.1 262.4 257.9 253.9 251.6 248.7 244 241.2 238.1 234.9 237.4 238.1 237.4 239.8 243.3 244.5 244.2 240 236.7 233.8 232.4 229.3 224.4 217.2 204.8 198.6 187.8 170.8 160.2 153 157.1 159.7 158.7 155.9 152.5 159.2 162.9 159.1 157.4 157.7 157.4 155.2 153.6 154.9 158.4
170.1 173.9 177.5 185.9 191.2 193.5 198.8 205.9 216.5 221.8 230.6 242.2 247.5 259.8 268.4 273.4 275.1 277.5 279.2 279.1 271.7 265.4 261.8 260.4 259.7 259.3 260.7 262 263 260.8 258.6 254.2 259.9 258.4 257.3 250.8 246.6 241.3 236.5 230.5 228 223.6 225.2 228.2 229.9 228.8 230.7 235 237.8 236.7 231.8 229.3 228.8 228.8 227.4 219.4 210.8 202.3 193.3 180.4 164.1 153.6 146.9 152 154.9 153.8 151.1 145.6 149.4 151.2 150.9 153.4 153 150.9 148.9 150.1 152.6 156
164.6 167.6 171.5 178.4 184.2 189.9 198.4 207.9 214.7 219.2 230.2 242.4 248.8 259.5 264.4 271.7 276.8 279.6 278 276.7 273.3 265.5 263.3 258.7 257 254.1 254.2 253.4 255.6 254.4 253.5 250.8 251.7 252.7 252.7 243.8 236.6 231.8 229.9 226.3 216.1 212.2 214.1 217.9 219.4 217.1 220.3 225.8 227.9 226.8 224.1 223.4 222.3 221.5 220.5 222.1 223.2 206.7 189.4 173.3 157.8 146.1 141.3 144.3 147.5 146.8 141.9 139.5 142.9 142.4 141.9 143.2 144.9 142.6 144.1 146.9 148.8 152.9
160 162.3 165.3 168.2 175.3 185.4 194.8 204.6 211.1 219.2 233.6 240.1 244.3 252.9 257.9 267.4 274.1 277.5 272.5 270 262.7 263.2 261.5 259.2 254.6 251.2 247.6 247.5 245.8 245.9 245.5 243.7 244.4 244.5 243.7 232.9 223.9 222.1 222.8 212.5 206.8 203.5 205.8 208.4 205.5 206.2 209.4 217.1 218.1 217.9 216.3 215.9 216.1 212.9 215.5 218.2 215.8 199.9 180.3 160.7 146.4 137.6 129.3 133.8 138.4 138 132.7 134.5 137.7 134.8 133.1 138.9 140.2 140.3 140.2 142.3 144.6 148.8
154.8 158.2 161.3 163.1 170.2 180.6 190.1 199.8 206.5 214 229.3 235.7 239.8 248.4 252.6 262.6 264.9 264.3 260.2 259.9 261.3 260.8 256.8 255 249 245.8 245 246.5 245 242.2 239.6 238.1 236.5 235.1 231.4 221.9 215.4 207.9 206.6 204.8 194.6 192.5 198.2 195 192.9 193.7 196.8 203.7 208.1 206.2 206.2 207.9 206.4 204 205.5 206.1 204.2 186.7 165.8 147.4 138 128.6 123.8 121.9 128.2 130 126.8 131.6 132.8 129.4 127.3 131.5 134.9 134.2 136 135.2 140.3 145.4
151.5 154.4 157.8 159 164.7 173.5 183.8 192.6 202.1 210.8 223.1 232.1 236 238.3 244.6 251.3 253.4 254.2 254.4 254.5 255.4 252.2 250.3 246.5 244.7 244.5 249.1 250.5 248.2 243.2 238.6 235.8 233.4 228.2 220.4 212.4 211 197.8 197.2 193.7 181.2 178.3 183.1 180.9 179.9 185.7 188.2 194.1 198.8 198.8 201.1 200.4 193.3 192.7 191.1 190.7 183.5 172 154.3 140.9 131.4 121.1 115.4 116.2 120.5 122.8 122.9 122.7 122 122.5 123.2 126.6 129.6 130.7 132.3 132.9 134.5 139.6
148.9 149.9 152.3 154.3 159.6 168 177.2 186.5 196.6 205.8 216.9 225.9 228.8 229.1 233.2 240.3 243.6 246.8 246.7 245.8 246.6 244.9 245.2 243.9 243.2 245.2 248.2 247.5 245.3 242.9 240.3 235.9 234.5 234.3 227.1 219.9 210.9 193.5 191 178.1 172.1 172.2 176.5 173.5 174.9 176.7 182.3 186.5 191.1 184.7 188.2 185.7 183.6 180.8 178.1 173 167.8 158.6 142.6 132.2 124.2 115.3 111 112 115.8 117.3 117.3 115.5 114.4 118.7 121.1 122.9 124.5 127.1 129.8 131.2 133.5 134.8
146.6 145.1 147.1 148.9 155.3 162.7 169.7 178.9 189.7 199.1 208.4 217.1 221.5 222.1 225.5 232.1 235.9 238.9 234.1 236.5 240.5 241.9 239.8 239.4 239.9 242.6 245.2 245.7 246 243.2 243.7 243.5 246.5 241.1 225.3 223.8 218.2 201.3 183.1 173.7 168.3 170.6 171.8 168.2 168.9 170.2 175.7 179.7 180.2 172.8 172.2 173.6 169.5 166.5 165.6 163 158.2 148.7 135.7 125.5 117.4 109 105.1 108.1 116.7 114.9 111.1 107.7 110.1 114.1 116.9 118.9 120.8 122.4 125.9 128 129.4 130.1
144.4 143.6 143.6 142.9 150.3 156.8 161.2 172.4 184.2 193.7 200.9 208.6 211.8 215.2 220.8 225.9 229 229.4 227.2 229.4 233.5 232.7 231.7 230.4 230.9 235.4 237.6 238.5 237.1 234.4 235.9 240.1 241.7 231.5 215.7 211 197 191.3 182.5 176.6 167.3 167.7 166.4 163.8 163.6 165.6 167.8 170.8 171.5 164.4 165.2 162.3 155.7 157.2 158.1 155.9 152.3 144.4 130.7 118.3 110.6 103.7 98.4 107.1 112.1 108.8 103.3 98.8 104 107.4 110.3 111.5 115.1 119.2 123.5 125.9 126.7 125.6
138.6 138.4 138.6 138.5 145.3 150.4 155.7 166.3 176.5 184.9 191.8 200.8 205.3 209 214.7 218.2 221.9 222.8 221.6 223 227.8 226.6 224.9 223 221.6 225.4 231.2 234.1 225.9 223 220.9 223.5 221.7 213.5 201.9 199 184.3 178.7 174.6 174 171.2 163.9 162 160.7 161.5 162.7 162.7 162.8 163 156.9 158.3 151.9 143.5 146.8 147.9 150.1 144.9 137.1 124.5 111 103.1 96.3 93.8 104.8 106.8 100.7 95.9 94.6 95.9 98.1 102 105.6 109.1 113.6 118 121.1 121.4 119.4
136.8 136.4 135.7 135.4 140 144.8 150 159.3 168.2 178 186.9 194.5 199.5 202.8 206.9 210.7 214 215.7 215.8 216.4 218.4 217.2 217.2 215.8 215.2 216.9 217.4 220.3 216 211.2 208.4 206.4 205.4 200.1 192.8 187.8 175.2 167.1 164.8 164.1 167.3 167.3 159.9 158.1 160.8 161.6 161.6 161.1 158.7 156.5 151.9 146.4 139.4 137.8 140.4 139.4 138.4 128.9 117 103.5 94.1 91.2 90.2 100.9 102.8 94.2 91.8 91.4 91.2 94.3 96.7 99.6 102.5 106.1 111.2 114 113.6 111.6
142.1 135.3 132 132.1 134 139.4 144.5 152.4 162.4 170.6 179.3 187.1 192.3 195.7 200.8 205.8 208.8 209.7 211.1 211.3 212.2 211 209.7 206 205 207.6 210 208.1 201.5 199.8 199.2 198 196.2 185.5 185 181 169.7 160.8 154.9 156.7 156.2 155.5 154.6 157 160.8 163.7 162.3 165 164.6 156.7 151.1 143.9 138.9 137.1 136.7 131.7 127.3 120.9 109.3 96.9 90.7 86.3 88.2 91.6 95.2 90.5 85.5 85.5 85.5 87.2 91.6 93.1 93.8 100.8 106.7 108.6 107.1 107.3
148.2 141.6 135.8 132.9 132 134.3 139.9 146 153.4 162.3 171.7 179.4 185.6 190.1 195.7 200.4 201.9 201.3 202 203.9 203.8 203.5 201.1 198 198.3 200 197.9 195.5 192.2 191 187.5 191.3 187.3 178.5 178.9 172.6 162.1 154.1 150.3 148.6 150.7 151.1 152.1 155.1 158.1 159.1 159.9 162.9 160.5 151.3 146.2 143.2 139.5 138.6 137.5 132.3 126.2 118 105.4 96.3 90.8 91.5 85.5 85.5 85.5 85.5 85.5 85.5 85.5 85.5 85.5 86.5 92.2 98 102.4 102.6 102.7 106.7
150.5 143.5 138 134.2 132.7 129.8 135.8 140.3 146.7 155.7 163.8 171.2 178.4 183.3 189.4 193.5 194.1 193.2 192.2 192 193.8 193.7 192.6 192 193 196.2 196.1 191.9 184.9 182.8 180 182.3 176.3 167.7 168 162.6 156.8 147.7 143.3 145 147.2 148.2 149.1 151.9 155.9 156.4 156.9 158.5 153.4 146.2 143.7 142.2 141.5 142.3 138.8 134.1 125.1 115.2 103.6 94.7 91.6 85.5 85.5 85.5 85.5 85.5 85.5 85.5 85.5 85.5 85.5 85.5 88.9 90.8 94.1 96.6 99.4 101.7
149.1 142.6 137.4 132.1 131.7 130.5 131.4 134.4 139.8 147.4 157 164.8 170.2 176.4 181.3 184.3 186.3 186.2 185.4 184 184 185 186 186.1 188.5 192.3 189.7 184 178.5 174.3 173.2 171.4 169 162.1 158.7 154.5 148.5 143.1 138.9 141.6 143.2 144.1 146.8 148.5 152.6 151.7 152.2 152.6 147 145 143.3 141.9 143.4 144.2 141.8 131.3 120.7 110.2 100.8 92 85.5 85.5 85.5 85.5 85.5 85.5 85.5 85.5 85.5 85.5 85.5 85.5 85.5 85.5 86.5 87.4 91.1 92.2
145.5 139.3 133.6 132.9 133.2 131.8 128.7 129.8 133.6 139.9 149.5 157.7 163.2 167.6 172.2 174 177.3 177.4 177.4 175.8 176.7 178.8 180.8 180.8 181 183.8 180.6 173.8 172.4 169.3 171.1 167.5 160.9 157.4 158.7 148.9 145.5 139.5 136 141.5 141.3 140.9 143.5 146 149.8 147.7 150.3 151.2 143.8 141.5 140.6 140.5 142.2 143.8 141.8 124.1 113.5 104.2 97.1 85.5 85.5 85.5 85.5 85.5 85.5 85.5 85.5 85.5 85.5 85.5 85.5 85.5 85.5 85.5 85.5 85.5 85.5 85.5
