public/OST50/NH36.asc
ncols 200
nrows 200
xllcorner 230000
yllcorner 860000
cellsize 50
[rows 0 to 34 of 200, columns 78 to 155 of 200]
323.9 321.8 319.2 317.2 314.6 310.4 307.4 303.3 299.7 295.4 290.6 286.5 283.4 280.6 278.2 273.5 268.9 264.3 262.1 259.7 259 253.7 252.6 243.9 249.7 249.9 248.3 247.9 247.4 247.6 247.9 247.1 245.7 244.8 244.6 245.7 247.2 244.4 241.4 242.3 242.1 244.6 240.7 240.1 242.8 240.8 239.2 233.6 234.7 233.2 231.7 230.1 226.6 231.5 228.3 226.2 226.1 223.4 221.2 222.8 221.3 220.4 221.9 219.1 219 222.1 231.5 237.9 231.5 234.9 237.5 251.6 253.2 247.1 239.2 234.8 230.3 231.2
325.8 324.1 322.3 320.1 317.2 313.7 309.9 304.6 301.3 297.9 292.3 287.5 283.1 280 276.9 274.1 270 268.6 265.5 262.1 260.2 257.4 247.9 247.3 254.4 252.4 251.7 251 250.8 250.5 250.4 250.4 249.6 249.8 250.3 249.2 247.7 247 246.9 248.1 248.1 248.2 245.3 244.6 246 247.5 242.6 243.1 240.2 236.5 233.6 231.1 230.8 234.3 230.6 228 233.4 226.9 224.5 224.9 224.5 222.3 230.7 225.1 220.3 225.7 229.4 233 231.2 232.4 234.7 247.2 244.3 243.4 237.7 233.3 229.7 228.4
328.9 326.9 324.6 322.1 319.7 316.6 312 308 303.6 299.7 294.4 289.5 284.8 280.6 277.1 274.5 271.4 270.3 266.6 264.6 263.6 253.4 257.8 257.9 257 255.6 254.9 254.6 254.2 254 253.3 253.1 253.2 253.1 253.1 253.2 253.7 253.8 252.8 253.8 252.8 253.1 251 250.4 253.1 253.5 247.4 246.8 243.8 240.6 237.7 236.4 238.5 235.7 233.1 234.1 231.6 227.5 228 230.1 231.7 228.6 228.8 221.2 220.6 227.7 227.6 229.1 230.4 231.4 235 240.3 241 240.2 236.5 234.1 230.7 226.5
332 330.4 328.4 325.6 323 319.5 315.3 310.5 306.2 301.5 295.7 290.2 287.2 281.8 275.9 274.2 274.9 271.8 268.4 266.3 262.9 261.9 262 261.2 260.3 260.2 259 258.6 258 258.7 258.5 259.1 257.4 258 258 258.1 257.9 258 258.1 256.4 255.6 254.9 253.8 255.1 259.1 256.7 249.6 252.8 248.3 245 241.7 240.8 239.7 239.3 239.6 236.9 232.9 233 235.5 234.5 228.7 224.4 223.1 222.3 221.7 223 225.4 229.5 231 232.5 232.1 230.4 237.1 235.3 235.3 233.7 229.9 226.2
335.2 333.8 332 328.7 325.5 321.3 316.8 312.4 307.7 301.3 296.1 291.2 287.1 281.1 277.1 276.3 274.4 270.5 267.9 266.1 256.9 264.6 264 263.7 263.3 263 262.1 261.7 262.4 263.9 264.4 265.9 263.6 263.2 263.9 264 264.1 263.5 262.7 261.5 261.5 261.9 262.6 263.8 262.3 257.3 254.5 255.3 251.7 248 245.7 244.3 244.9 243.7 242.1 239.3 238 238.1 237.4 235.4 227.3 226.3 225 224.9 224.2 225 228.5 231.5 230.5 230.5 229.5 227.7 231.5 231.8 232.5 231.7 231 226
338.2 337.7 335.3 332.2 328.3 323.1 318.3 314.5 309.4 304 297.5 293.1 287 281.3 278.2 276.9 273.4 270.3 267.4 263.1 267.1 266 266 266 265.9 265.2 265.1 265.4 266.1 268 267.9 268.9 269.1 269.1 269.7 269.6 269.3 269.4 268.4 267.7 267.4 265.9 266.3 265.3 262.7 259.7 257.5 260.5 255.4 250.7 249.7 249.6 248 246.3 243.9 242.1 242.9 240.1 238.1 234.2 236 236.7 228.6 228.9 232.2 226.9 234.4 232.2 231.1 228.5 228.6 227.4 227.2 226.6 226.8 226.9 226 224.2
341.8 340.9 338.4 334.9 331.3 325.9 321 316.7 310.9 304.7 299.2 294.2 288 284.1 282.1 278.6 273.1 271.2 267.4 265.8 269 268.5 268.1 269.7 268.9 268.3 268 268.2 269.2 271.1 271 271.6 272.5 273.2 273.9 274.2 274.6 275.1 274.1 273.3 272.3 270.8 270.7 270.1 267.8 263.4 263.9 263.7 255.9 253.4 253.9 253.8 251.8 250.6 249.1 245.1 244.7 244.4 240.8 244.1 240.5 235.3 233.1 237.8 235.8 234 239.2 234.4 237.5 230.2 230.7 229 227.9 226.7 225.7 224.5 224.8 222.4
346 343.7 341.5 338.3 333.7 329 323.8 318.2 312.5 306.2 300.6 295.8 290.4 286.5 281.4 278.1 274.2 271.1 265.2 269.5 271 270.2 270.3 270.9 270.6 271.1 271.3 271 271.6 272.6 274.1 276.3 278 277.6 278.7 280.1 280.4 279.6 279.5 279.1 277.8 277.1 275.7 274.5 272.1 269.5 268.3 267.9 258.3 259.4 259.1 257.6 255.9 253.5 251.4 249.4 248.1 248.3 245.8 243.7 239 238.6 237.9 238.4 235.4 238.7 238.8 235.4 236.3 232 232.8 231.1 232.5 232.7 228.5 224.5 223.2 221
349.3 346.6 343.5 341.4 337.4 331.6 326 320.6 314.1 307.6 301.1 297.7 291.4 286.1 281.8 276.7 274.4 272.6 268.8 272.5 273.6 272.7 272.5 272.8 273.5 274.4 274 274.1 274.1 276.2 278.3 280 280.8 282.2 283.2 284.5 285.2 284.7 284.9 284.9 283.9 283.1 281.9 280.1 277.2 274.6 271.3 268.2 264 264.6 262.7 262.9 260.6 258.3 253.7 254.3 252.1 247.8 246.6 244.7 243 244.7 240.5 240.1 238.1 238 239.7 236.9 236 234.9 234.6 235.3 236.3 231.7 228 223.5 221.1 219.5
352.1 349.8 347.9 345.5 341.3 335.3 329.4 323.1 316.7 308.8 302.8 298.7 293.3 286.5 280.5 277.9 276.1 272.6 270.3 274 274.8 274.9 274.8 275.4 276 276.9 277.1 277 278.5 280.3 282.1 283.4 286 287 288.3 290.1 289.9 289.5 289.7 289.4 289.1 287.9 287.9 285.3 280.3 278.3 276.2 275.2 269.7 270 267.6 265.2 264.8 261.5 257 257 251 249.2 247.2 246.8 245.5 244.8 245.7 239.8 239.3 240.9 240.8 240.2 238.3 237.9 235.6 235.4 234.8 232.4 227 221.8 218.3 217.9
355.2 353.3 351.4 349.5 344.7 339.6 332.7 326.1 318.4 311.5 305.8 299.9 293 286 282.7 280.2 277.2 272.4 275.1 275.3 276.1 276.2 277.6 278.3 279.1 280.3 281 281 282.8 283.8 285.3 287.8 290.9 291.9 292.8 294.1 294.5 293.9 294.4 294.5 293.7 292.6 291.9 290.3 286.1 283.5 280.6 275.5 276.3 273.2 273.9 269.5 265.7 262.3 260.9 257.8 254.3 254.2 249.3 251.3 247.2 249.2 242.7 240.3 241.5 242.5 241 240 238 236.4 235 235.8 235.6 235 225.7 218.3 218.6 218.1
357.9 356.9 355.3 352.3 348.9 342.6 335.5 329.1 320.9 313.9 308.2 301 293.7 287.4 285.8 281.6 278.9 274.2 276.7 277.1 277.9 279.4 280.2 281.2 282.3 283.9 284.5 285.3 286.9 288 289.8 292.2 294.7 295.4 297.8 297.7 298.5 297.9 298.4 299 298.1 296.7 295.5 294.9 291.4 290.2 285.5 280 280.1 278.4 275.6 272.3 267.8 265.7 262.9 259.4 258.7 254 252 251.6 250.9 251.3 244.9 242.9 244.2 242.6 240.6 241.9 237.4 235.7 235.9 234.7 233.7 235 225.8 223.2 220.7 218.4
358.2 358.3 357.1 355 350.8 344.9 337.6 330.6 324 317 309.9 303.7 295.3 288.9 286.7 283.3 280 278.1 280 280.6 281.1 282.5 283.4 284.2 285.5 287 287.8 289.4 290.6 292 293.7 295.2 297.8 298.4 299.8 301.6 302.5 302.3 303 303.8 303.4 303.4 302.1 299.1 295.6 295.8 291.6 286.3 284.6 281.3 279.4 273.4 268.8 267.2 265.3 268.1 261.7 259.9 257.4 253.4 251.2 249.3 246.3 245.5 245.4 244.3 242.5 239.5 239.5 240.1 237.3 237.2 236.9 231.9 228.1 223.7 227.7 227.7
357.3 357.6 357.7 355.6 351.8 346.1 338.3 331.9 325.6 319.8 311.8 305.2 296.5 291.2 289.3 286 281.9 280.7 283.4 284.2 284.8 285.3 286.9 287.6 288.4 289.4 291.6 293 294.2 295.2 297 299.7 301.4 302.1 303.3 306 308.4 308.9 308.9 308.8 308.8 309 306.8 305 302.4 300.4 295.9 289.7 285.4 282.9 278.8 273.6 269.8 269.5 268.9 269.7 266.4 262.8 261 257.1 252.8 251.6 248.8 246.1 248.6 247.7 246.3 246.1 245.8 247.7 239.6 238 236.2 234.2 233.3 231.3 233.2 234.5
356.2 356.3 357.1 355 351.7 345.6 339.4 333.7 327.7 321.4 314.9 306.3 296.9 292.8 290.8 288.5 285 282.8 286.4 287.3 288.2 289.2 290.7 292.1 293.1 293.8 295.6 297.1 298.3 300 302.1 303.5 305 306 307.8 310.2 313.9 315.3 313.7 313.8 314.4 313.8 311.8 309.7 307.3 303.7 298.6 292.6 289.8 285.3 279.4 273.3 270.8 270.8 270.6 268.7 273.5 266.6 264.1 256.8 255.1 254.1 251.1 247.9 254.2 254.1 254.3 252.5 249.8 245.8 241.3 238.7 236.4 237.6 238.1 236.9 236.9 238.3
355.8 355 354.7 354.4 350.3 344.3 339.5 335.1 329.7 323.7 316.9 307.8 297.4 294.2 292.5 290.5 285.9 288.2 289.7 290.5 291.6 292.3 295 296.4 297.3 298 299 300.9 302.5 303.9 305.7 307.5 308.5 310.4 312 314.6 316.7 318.3 318.6 317.8 319.1 318.8 317.3 314.6 310.9 306.7 299.9 297.1 293 289 282.7 274.2 271.3 270.4 270.7 270.8 272.3 270.8 263.8 257.1 252.9 251.5 248.9 250.5 258.6 258.1 255.7 252.9 251 247.9 246 244.9 245.8 245 243.2 241.7 241.5 242.6
355.1 354.2 353 351.7 349.3 343.6 340.3 335.8 330.2 325.2 317.8 309.3 299.6 297.1 294.8 292 284 291.3 292.5 293.7 294.3 296 297.9 299.8 300.9 302.8 304.8 305.5 306.4 307.8 309 311 313.1 314.5 316.8 318.7 320.7 321.6 322.7 322.5 324.6 323.5 322.1 319.5 315.5 311.8 308.9 304.8 297.4 292.7 285.9 277 272.2 270.5 268.9 268.7 270.3 268.6 262.7 256.2 252.4 250.5 251.6 253.3 258.4 258 257 256.2 255.8 255.2 252.1 253.1 251.8 249.8 245.8 245.7 245.1 245.5
354.4 352.8 351.2 350 348 343.3 340 335.1 330.5 324.9 317.9 309.6 301.2 298.3 296.2 292.4 288 293.6 295.2 297.1 298.7 300.5 302.4 303.8 305.5 306.9 308.5 309 309.8 311.2 313 314.7 316.8 319 320.8 322.7 323.8 326.2 325.5 326.1 327.5 327.6 326.2 324.2 321.5 317.9 315.8 313.7 302.6 298.2 291.6 281.6 271.3 269.8 267 265.8 266.1 264.6 263.3 260.9 255.3 253.9 253.9 254.2 257.1 258.3 260 262.1 263.5 262.5 260.5 257.9 254.4 252.7 250.6 248.7 247.3 247.6
354.2 352.2 350.8 349 346 342 338.7 334.6 330 324.2 317.7 309.7 301.2 299.1 296.8 293.1 288.9 296.9 299.3 301.6 303.5 305.1 306.6 308.3 308.9 311 312 313.4 314.7 315.7 316.6 318.7 320.7 322.8 325.8 327.1 328.6 329.5 329.4 329.3 330.9 331.5 331.4 328.7 326 322.4 317.1 315.7 308.6 299.7 294.2 285.1 273.9 269.5 265.3 263.7 263.8 263.4 263.8 261.8 258.4 257.8 259.1 259.3 260.3 261.9 263.8 266.6 268.4 269.8 266.8 260.6 258.3 256.5 253.9 252.2 250.5 249.8
353.2 351.5 349.8 347.8 342.9 339.3 337.2 333.4 328.5 323.7 316.6 308.5 301 298.6 296.6 294.9 290.8 299 302.7 305.2 307.2 308.7 310.2 311.3 312.8 315 317 317.4 318.9 319.6 320.8 322.9 324.8 326.5 329.3 331.8 332.6 333.8 333.7 333.1 334.1 335.2 335.2 332.7 329.9 325.8 319.8 314.6 311.6 306.5 300.8 290.7 281.4 273.2 265.5 262.8 262.8 262.4 262.6 261.7 258.6 260.2 262.7 263.3 263.9 265.1 267.6 269.5 274.4 279.8 271.9 264.4 262.1 259.8 257.2 255.7 255 254.4
352.8 350.2 349.1 345.9 341.8 338.6 335 330.6 326.6 323.2 316.2 307.2 302 299.1 299 298.1 292.2 301.2 305.5 308.8 311.5 314 315.6 316.5 318.2 319.9 321.1 322.8 323.2 323.7 325.2 326.1 328.3 330.8 334 336.1 337.5 338.1 338.8 338.5 338.5 339.3 339 337.1 334.2 330.5 324.1 315.5 312.1 310.5 304.4 301.3 288.4 281 273.3 268 262.5 262.5 262.5 261.7 262 263.1 264.5 265.3 267.1 269.1 271.6 275 276.3 279.4 275.7 269.1 264.8 262 260.2 258.2 258.9 260.2
351.7 349.9 348.1 346.2 341.2 337.8 334.5 331.9 326.4 323.8 315.2 307.7 302.9 300.4 301.5 299.8 295.9 303 308.4 313 316.9 320.3 321.3 323.9 323.8 324.5 326 328.2 329.6 329.6 329.5 330.7 331.8 334.6 337.4 341.2 341.2 342.2 343 344.3 343.9 342.6 342.7 342.3 337.9 332.2 327 318.8 315.6 312.1 310.8 302.7 292.4 289 277.8 267 262.7 263.8 264.1 263.7 266 267 267.5 269.1 271.8 274.5 277.4 280.2 278.5 277.8 276.3 272.9 269.4 265.6 263 261.2 261.4 262.4
351.4 348.8 347.3 345.3 340.7 336.8 332.9 329.6 326 323.1 318.1 306.5 304.1 303.9 302.6 297.2 301.5 304.9 312.7 317.9 320.9 324.2 326.5 328 328.7 329.2 330.9 333.2 335.6 336.4 335.6 336.6 336.5 337.5 340.1 343.1 344.4 345.9 347 347.7 347.9 347.1 346.7 346.7 343.1 336.1 329.4 321.9 318.6 314.1 309.2 304 297 288.6 284.1 275.4 270.1 266.9 268.6 267.6 268.3 270.1 271.1 272.6 275.6 278.3 280.6 282.2 280.6 279 277.5 275.5 270.9 268.4 266.7 264.1 263.7 263.8
351.4 348.5 346.9 342.6 338.7 335.2 331.2 327.5 324.3 321.6 317.6 307.3 306.1 305.5 301 299.7 303.5 307 316.4 322.4 325.7 328.1 330.6 332.3 333 333.4 334.6 336.7 340.1 342.1 341.7 340.1 339.4 339.8 341.9 344.8 347 348.1 349.7 351.4 351.4 350.2 350.5 351.8 348.3 342.4 335.3 324.4 318 312.3 307.4 304 297 290.4 289.7 281 273.8 267.8 270.2 270.2 271 273.1 274.3 276.6 278.7 282.7 284.3 283.7 283 281 280 279.6 277.4 274.4 271.4 268.4 265.3 265.1
351.5 348.5 345.4 341.1 336.4 334.1 328 324.7 320.7 317.9 312 308.2 307.7 304.1 302.3 300.1 304 308.9 320.9 330 331.1 332 335.1 336.3 337.2 337.2 337.5 339.3 342.7 346 345.9 344.2 342.7 342 344 348.1 348.6 349.9 351.8 354.2 354.9 354.1 354.6 356.1 357.7 348.2 338.1 328.4 319 311.6 304.3 300.1 295.5 292.3 292.7 285.3 276.2 269.2 272.7 272.6 274.7 276 278 282 284.4 285.9 287.8 287.3 286 284.8 283.3 282.9 281.2 277.6 274 271.8 269.7 268.2
351.8 348.4 343.6 339.2 336.5 334.3 328.5 326.1 320.6 317.5 311.2 307.5 306.9 305.6 304.6 302.4 305.5 309.9 320.2 332.1 334.7 335.9 337.9 340.5 341.5 341.6 341.8 341.7 343.3 347.2 349 347 345 344.4 346.1 349.9 350.6 351.3 352.8 355.1 357.8 358.9 359.2 359.8 360.7 349.4 337.9 328.6 322.1 311.8 304.2 298.8 294.4 288 292 287.1 278 270.2 274.1 275.2 276.6 280.8 284.1 288.9 290 289.9 290.8 290.1 289.1 288 286.9 285.8 283.6 279.4 276.8 274.5 272.5 271.2
351.1 347.5 344.2 341 336.7 334.6 329.7 325.5 320 315.9 310.2 309.4 310.3 308.7 305.5 304.4 308.5 311.7 317.9 329.1 336.3 339.1 341.1 344 346.2 345.9 344.9 344.8 345.8 347 348.7 348.4 346.7 347.2 349.9 350.5 351.2 351.5 352.8 354.7 360.3 362.6 361.2 360.9 355.1 346.1 338.2 326.1 316.9 310.5 301.2 295.6 289.6 286.8 284.5 286.1 278.2 270.8 279.7 279.4 282.3 287.1 290.6 293.8 294.9 294.3 293.6 294.4 293.2 293.1 291.6 290.4 287.2 281.6 279.8 277.8 274.8 274.2
351.3 348.6 345 340.3 337.8 336 331.3 325.4 321.4 316.5 310.8 312.6 312.3 309.2 306.1 306.2 309.3 313.1 318.4 326.7 336.1 340.2 343.9 346.2 348.6 350.3 348 347.1 347.2 347 348.2 348.3 348.4 349.8 350.1 350.4 350.9 351.8 351.7 353.2 360 361.5 360.1 357.7 351.5 342.4 332.7 325.1 313.9 307.5 299.2 292.1 285.2 281.9 280.5 280.8 279.1 275.2 280.3 281.8 287.1 292.8 296.4 298.8 299.4 298.2 297.4 297.8 297.6 297.9 296.5 294.6 290.8 285.4 283.4 280.8 276.2 274.3
350 348.4 342.6 339.8 337 335.9 331.4 326.8 322 315.5 313 314 311.9 309.8 308.9 309.2 310.5 314.3 319.3 326.1 333.8 339.3 348.4 351.8 350.7 352.1 351.4 349.1 348.2 348.8 348.4 349.4 350.3 351.5 351 350.5 350.2 350.8 350.8 352.1 355 357.3 356.1 353.5 348 338.3 328.6 320.9 310.4 303 294.2 289.3 282.2 280 279.2 278.7 277.6 277.4 281 286.3 292.1 296.7 300.6 303.2 303.5 302.6 301.6 300 300.1 300.8 299.8 297.7 293.5 288.7 286.4 283 278.5 274.7
351.6 347.4 345.3 339.7 337.9 333.9 327.8 323.8 320.1 316.5 315.6 314.2 311.5 310.5 310.9 310.8 313.2 318.7 324.5 326.5 334.7 340.5 346 353.2 356.6 353.6 353.5 351.6 349.6 349.9 349.6 350.9 352.4 353.1 352.3 350.9 349.9 349.5 349.3 350.7 353.2 354.6 353.9 349.7 342.5 334.3 326 317 305.6 298 292.5 284.3 279.4 278.4 277.8 277.4 278.1 279.6 285.7 291.5 295.6 299.6 302.8 305.6 307.3 305.7 304.9 303.4 302.5 302.3 301.3 298.8 296 292.8 288.7 285 279.6 276.5
351.5 348.9 347.3 340.5 339.5 335.9 329.5 325.8 320.2 317.5 317.4 314.3 312.9 311.7 312.4 315.2 318.7 324.8 329.7 335.5 339.2 341.9 345.9 351.9 357.7 356.1 353.8 352.7 350.7 351.1 351.1 354 356 357.3 354.6 351.8 349.9 345.9 346.7 347.2 350.3 353.8 355.4 350.9 336.7 330.2 321.9 313.4 303.4 295.5 286.5 282 278.4 277.9 278.7 279.3 280.5 282.8 289.9 295 298.5 302.6 305.4 308.2 310.1 309.2 306.8 306 304.8 303 301.8 300 296.6 293.8 290.3 285.7 280.6 277.1
350.3 348.4 346.4 342.8 339.8 335.4 330 324.9 321.4 319.7 317.9 313.8 313 312.3 317.2 321.1 325.4 330.6 335.4 339.7 342.6 344.5 346 350 355.3 358.8 355.2 353.3 352.3 351.7 352.5 356.8 357.7 357.2 357 355.2 350.6 346.1 343.6 344.6 346.9 346.7 349.3 348.3 337.3 327.6 319.1 308 300.8 291.7 285.6 281.4 278.6 281 282.6 282.9 284.6 287.6 292 296.4 301 305.1 307.7 310.3 311.9 310.9 308.1 307.1 306.6 304.8 302.9 301 297.3 294.5 291.5 285 279.5 277.4
349.2 348.7 346.9 343.5 340.7 336.3 330.9 325.5 324.6 319 320.1 317.6 317 319.2 323.4 328.3 333.2 337 341 344.5 346.8 348.4 349.4 351.3 353.3 356.7 357.2 354.1 353.9 353.4 354 359 357.5 356.6 359.3 358.4 353.5 347.3 341.7 340.6 340.7 342.1 341.8 340.9 336.4 324 316.8 308.9 300.6 292.7 290.7 282.3 280.1 283.3 283.7 284.8 286.1 291.3 294.1 299 303.4 307.1 309.7 312.1 313.3 313 309.9 307.9 307.3 303.8 302 299.8 297.2 295.4 290 284 279.6 279.1
349.2 349.7 349.1 345.6 340.6 337.5 333.2 325.8 323.5 318.6 322.4 319.6 321.2 323.2 328.5 334 341.4 345.9 349 352.5 353.9 354.5 356.1 353.5 353.4 354.8 356.9 356.4 356.1 355 354.6 356.3 356.4 354.4 353.5 355.9 351.7 347.6 341.7 338.9 337 336.2 335.5 333.8 330.4 323.8 314.5 304.9 298.1 290.8 286.3 282 280 283 284.9 286.6 289.6 293.9 296 299.8 304.5 308.3 311.9 313.6 313.9 314.3 312 309.2 306.5 302.7 299.5 297.7 296.8 296.6 289.7 283.4 279.3 274.5
349.5 349.6 352.4 347.6 342.9 338.8 332.9 325.6 321.6 318.9 323.3 322 324.3 329.9 335.5 343.4 348.9 354.9 359 361.6 365.2 366.9 364.6 358.7 355.3 354.3 356.1 357.6 357.1 355.9 355.6 355.3 355.5 353.4 351.5 349.7 350.8 347.2 341.1 336.5 332.7 332 330.2 328.5 323.1 319.5 311.9 301 295.1 288.5 283.9 281.3 280.4 283.3 286 289.3 295.9 296.6 298.5 300.8 304.4 310.3 312.6 313.4 313.7 313.7 313.2 309.4 305.3 302 298.1 296.4 294.5 293.2 290.2 281.6 275.9 273
