public/OST50/NH37.asc
ncols 200
nrows 200
xllcorner 230000
yllcorner 870000
cellsize 50
[rows 0 to 34 of 200, columns 0 to 77 of 200]
847.5 848.7 850.7 853.3 856.5 861.6 864.5 865.2 863.2 859.1 853.6 846 837.3 826.2 817.7 808.4 797.2 787.9 776.5 772.7 768.2 763.8 766.5 775 785.6 801.4 813 831.1 848.9 858.1 866.3 871.2 874.6 878.1 881.8 883.6 888.6 895.5 896 890.2 884.1 878.4 872.5 867.9 862.8 856.2 849.2 824.1 794.6 770.8 748.4 727.5 708.3 690.7 667.8 641 617.2 595.1 567.5 534.8 527.8 527.8 527.8 527.8 529.6 545.8 551.6 553.6 557.7 559.8 557.4 558 556.5 555.6 549.2 538.2 523.4 509.5
856.7 859.2 862.9 866.8 871 874.5 875.9 874.6 869.8 863.5 855.5 846 835.1 821.3 812.4 806 794.9 787.6 784.4 779.6 771 763.7 762.3 771.7 783.5 799.6 814.1 835.3 851.2 861.5 869.9 875.3 878 878.4 879.3 874.3 874.3 879.3 881.1 875.8 871.7 867 862.2 859.6 856.7 850.6 840.2 809.5 780 756.2 733.9 712.1 693.6 674.8 651.6 623.9 598.3 571.3 541 527.8 527.8 527.8 527.8 527.8 527.8 527.8 527.8 533.3 537.5 543.2 541.7 542.8 549.4 546.6 539.7 533.3 517.9 506.5
865.3 869.6 874.9 879.5 883.5 885.4 884.7 881.7 875.7 865.5 855.1 845.1 832.9 821.7 811.4 806.6 800.6 796.5 792.4 786.8 773.6 763.2 755.6 762.8 777.8 788.6 802.5 830.7 844.9 857.3 866 874.8 877.9 874.9 871.8 863.7 859.4 852.3 854.8 849.9 847.1 847.3 845.4 845.2 845.4 841.7 824.9 792.5 763.4 740.7 716.4 695.3 673.6 654.6 634.5 609.3 581.5 553.3 527.8 527.8 527.8 527.8 527.8 527.8 527.8 527.8 527.8 527.8 527.8 527.8 531.1 537.6 542.5 544 538 533 518.7 503.3
873.1 879.1 885.4 890.3 893.6 894.5 892.8 887.9 880.1 867.3 855.3 843 829.8 824.6 821 815.6 810.8 806.9 799.4 788.8 775.8 763.3 750.6 749.8 763.3 772.8 785.2 809.4 827.2 844.1 855.3 866.8 870.8 868.6 863.3 851.8 843.6 833.8 826.3 824.6 820.8 820.6 826.6 827 829.2 828.5 811.7 776.5 744.1 720.7 702.4 682.8 659.9 637.9 615.6 594 566.2 544.2 527.8 527.8 527.8 527.8 527.8 527.8 527.8 527.8 527.8 527.8 527.8 527.8 527.8 535.6 540.7 541.6 536.5 530.4 517.3 501.9
879.7 886.9 893.8 899.4 902.4 902.8 900 893.6 884 870.5 859.2 849.5 843.4 837.4 832.8 828.1 823.2 816.6 806 794.6 774.7 764.1 750.3 745.3 745.2 754.5 765.4 785.2 802.7 817.1 831.8 850.4 858.7 857.7 849.7 838.9 822 816.7 809.4 799.8 800.8 802.1 802.9 804.4 808.9 812.1 794.9 760.9 726 706.7 692.2 669.1 647.9 623.5 596 582.4 558 543.2 530.1 527.8 527.8 527.8 527.8 527.8 527.8 527.8 527.8 527.8 532.6 534.4 529.3 532.8 534.4 534.1 530.6 526 516.5 501.3
884.4 893.9 901.7 907.8 910.9 910.4 906.7 900.1 888.4 879 869.3 862.9 857.3 851.6 846.8 841.6 834.4 825.5 815.2 802.5 774.4 757.7 745.4 735.4 729.8 737 747 762.3 782.7 797.2 809.8 826.5 841 841.8 832.1 822 806.5 797 791.7 783.1 776.7 779.6 780.3 779.9 787.8 794.7 784.8 751.2 717.1 693.1 675.3 655.3 636.9 608.2 584.6 575.6 558.2 546.7 537.9 528.4 527.8 527.8 527.8 527.8 527.8 527.8 527.8 530.3 533.5 534.4 534.6 533.5 534.9 534.7 528.7 522.8 516.6 503.1
887.7 899.2 908.4 915 918.3 918.1 914.1 906.7 896 890.1 883.7 877.3 872.7 868.5 862 855.1 844.3 834.6 821.3 805.1 774.7 754.1 737.2 722.7 722.5 729.8 733.6 744.9 755.5 777.5 790.8 800.7 811.5 813.6 809 800.5 790.5 778.6 772 767.9 764.2 760.3 758.8 756.5 763.7 778.9 775.5 744.3 706.2 681 658.3 640.5 623.5 601.7 586.2 574.4 565.2 557 546.7 539.7 535.8 530.1 527.8 527.8 527.8 527.8 527.8 532 532.1 533.5 533.9 531.9 532 531.9 527.2 518 513.1 504.3
891.2 903.7 913.5 921.2 925.1 925.2 922.7 915.3 907.8 902.1 897.5 893.3 889.1 884.8 878.1 867.9 853.2 842.2 825.2 805.8 774.5 751.5 736.5 727.2 721.1 722.9 728.7 732.4 746.6 754.9 770.3 774.4 786.5 785.6 783.6 778.3 774.7 760.5 752.6 751.1 749 748.8 745.6 747.9 748.2 750.7 753.5 731.6 697.2 671.6 650.3 637.1 623.8 610.6 601.2 591.3 581.4 573.8 568.5 558 554 549.1 544.3 539.5 534 531.8 527.9 527.8 531.5 530.5 531.6 531.6 529.5 527.5 524.6 518.2 508.6 497.8
892.2 905.3 917.4 926.7 931.5 932.7 930.8 926 918.9 915.5 911.1 907.9 905.3 901.7 895.4 877.7 860.9 845.3 828.8 809.8 777.2 755.2 742 732.4 726.8 724.3 719.7 719.6 729.9 733.6 741.5 752.3 760.3 761.9 758.4 756.9 754 743.5 736.7 733.5 732.6 738.9 744.7 744.1 744.5 743.8 744.3 720.6 689.8 669.1 656.1 643.1 636.1 628.6 622.6 615.6 599.4 590.7 584.1 575.7 568 560.1 552.3 546.6 539 533.5 530.1 530.4 528.7 528.3 528.2 528.6 527.4 524.1 521.6 512.7 506.5 496.4
888.5 906.3 919.8 930.8 937.4 939.5 938.4 935.4 931.4 928.3 924.9 921.8 918.6 915.2 909.4 888.2 864.2 845.4 829 806.9 780.8 757.8 745.8 735.6 732.1 726.6 719.8 717.6 721.5 719.8 721 724.1 732.8 736.3 734.3 732.4 730 727.7 718.8 717.7 717.5 726 732.5 734.8 735.7 736.6 735.8 726.4 693.8 678.9 668.2 657.1 649.6 644.4 638.5 627.7 610.8 598.5 591.1 584.1 576.9 565.4 554.9 552.7 544.5 535.9 531.1 528.2 527.2 525.7 527.2 526.8 525.6 520.6 517.5 510.5 504.3 495
883.3 902.5 919.9 932.1 941.8 945.8 945.3 943.4 940.8 938.2 935.9 932.8 929.4 925.2 916.8 891.4 859.1 842.6 824.8 804.4 781 759.5 744.9 739 732.5 726 719 712.9 713.7 711.8 713.1 714.2 715.8 713.7 710.2 705 700.4 696.9 696.4 697.6 704.6 715 722.8 725.1 729.9 729.6 730 723.6 702.9 686.3 680.8 667.4 661 652.9 646 635.7 620.2 605.9 595.7 588.8 579.8 566.5 557 550.3 542.7 537.1 531.1 527.1 525.8 524.3 523.8 524.8 522.7 520 515.2 506.9 497.7 489.6
876.3 898.4 916.9 931.7 943 949.4 950.5 949.9 948 945.3 942.9 939.1 934.8 929.7 919.3 884 858.1 834.3 820 803.4 780.9 759.5 745.7 736.4 730.9 720.3 712.6 706.9 707.1 706.4 702.2 705.2 699.8 695.7 682.9 673.1 664.5 661.9 669.1 680.1 690.4 699.3 710.3 713.1 717.1 723.1 724.5 719.8 708 696.8 688.7 675.4 669.6 658.2 648.7 640.1 626.4 613.9 599.9 594 583 567.3 557.7 550.6 541.5 537.9 529.7 523.5 521.4 520.8 518.3 520.6 520.2 517.3 511.9 505.4 495.7 488.1
868.5 891.4 911.5 928.1 941.5 949.1 952.4 953.3 951.2 946.7 942.5 936.3 931.7 925.8 899.5 869.8 849.1 832.2 816.8 800.2 783.5 761.9 744.6 732.4 724.9 716 703.6 697.4 694 692.3 690.1 694.1 685.8 667.1 646.4 634.5 621.6 629.7 643.7 656.9 677 682.3 691.8 695.5 700 706.6 710.1 710.9 704 698.6 693.8 683 671.5 662.7 651.8 642.3 630.8 617.1 602 593.5 585.1 568.8 556.6 549.7 537.8 530.6 524.5 518.7 515.8 514.4 512 513.6 514.4 512.6 508.8 501 494.7 484.5
862 885.4 905.1 923.8 936.9 945.4 950 950.6 948.1 941.9 935.5 929 921.6 913.8 884.8 853.3 837.2 822.7 814 795.5 775.9 758.1 743.6 726.4 716 707.5 693.3 686.5 677.8 676.6 664 661.5 647.1 628.5 605.3 599.4 596.2 604 621.7 645 654.8 662.2 663.1 672.6 678.1 684 687.7 690.1 691.5 687.3 685.4 678.4 672.5 664.4 653.3 642.5 632.2 617 601.3 589.2 578.1 562.4 549 539.4 530.2 522.1 516.4 509.8 509.2 506.5 504 506.3 508.1 507.4 505.5 499.1 490.9 481.6
857.7 881.1 900.1 918.8 931.3 939.1 943.4 943.6 940.5 932.9 918.7 901.7 894.8 886 866 836.7 817 803.1 794 782.3 768.1 749 733.4 719.3 704.7 693.2 675.2 668.3 651.3 646.4 638.4 630.3 617.8 593.5 576 574.1 578 580.2 592 605.9 616.6 632.8 636.8 642.9 652.8 656.9 660.4 663.3 666.8 666.1 667.6 665.3 665 660.9 654 644.5 628.1 611.8 597.1 584.8 564.6 547 531.4 521.6 520 512.7 508.4 501.9 499.9 500.3 500.2 501.3 502.1 502.3 500.5 493.7 487.6 479.4
853.2 880.5 899 914.4 924.8 931.4 934.3 933.9 929.3 911.6 893 874.9 863.7 856.9 848.3 834.3 804.1 786.2 773.8 765.8 754.5 732.6 719.9 706 692 680.1 663.9 644.2 635 624.8 620.5 608.8 602 578.4 569 565.8 559.6 562.1 569.9 578 585.4 596.3 607.1 617.7 621.6 621.8 631.6 632.6 635.2 635.5 642.8 652.4 652 650.7 647.7 639 624.7 602 580.8 568.2 545 524.9 518.9 508.5 507.9 497.4 498.1 498.9 489.1 489.5 494.6 497.9 499.3 496.5 493.2 488.1 482.9 476.3
855.8 882.3 899.8 911 919.1 923 924.4 922 915.5 893.5 867 856.1 842.9 829.7 824.8 819.5 799.3 773.2 757.6 745.7 738.4 724.5 712.8 698.7 681.6 668.2 656.4 638.5 628.8 616.1 607.3 594.3 587 576.5 567.8 561.7 556.1 553.5 553.5 557.5 562 566.7 575.3 578.8 582.1 588.9 598.4 600.5 598.2 600.9 613.3 624.6 627.5 633.2 630 611.6 595.4 582.9 560.9 541.6 529.2 520.1 508.9 503.2 497.2 492.3 491 490.9 487.7 483.8 487.8 494.8 497.3 490.7 488.6 482.2 479 471.2
872.6 890 901.7 909.5 913.9 915.3 913.9 909.9 892.7 874.5 851.7 838 822.2 811.7 799.6 787.8 774.7 752.6 743.4 738.4 729.4 720.8 713.3 698.9 682.1 665.7 652.9 643.6 633.5 620.9 611.3 594.4 581.2 573 565.1 560.8 558.1 552.6 549.8 547.5 544.8 545.9 551.8 557.6 563.3 566.3 571.1 575 566.8 571.7 576.4 584.9 594 604.5 600.9 585.3 567.1 553.5 540.2 527.5 519.8 511.6 506 502 495.5 491.5 488.2 487.7 484.8 480.3 485.2 491 493.7 484.8 482.2 476.5 476.5 466.8
885.4 897.5 904.9 908.9 910.2 908.3 904.1 896.2 873.4 854.5 835.7 822.9 806.5 787.2 778.9 766.6 750.5 734.6 729.7 726.3 722.3 719.2 716.6 705.6 685.5 667.2 657.2 644.7 632.8 621.6 616.2 606.3 589.4 581.4 570.2 565.8 561.6 554.8 551.3 547.5 542.8 541.5 540.3 539.7 540.9 540.9 547.8 547.3 547 549.1 552 555.7 562.4 568 568.1 561 543.9 534.9 521.2 512.6 505.1 502.8 498 497 494.1 490.5 487.2 484.8 481.2 477.9 479.5 485.7 488.9 481 481.1 471.6 466.1 461.1
896.9 904.5 909.1 910.2 907.9 902.2 890.5 879.1 858.5 840.1 822.2 804 785.3 774.5 765.4 756 743.2 734.5 727.6 723.4 720.9 719.3 717.6 709 695.6 680.3 663.2 651.3 642.9 634.7 623.8 613 601.7 593.3 581.1 573.1 566.9 559 554.8 550.4 545.9 542.2 538.6 537.2 535.9 533.8 534.1 534.3 532.3 531.8 536.9 542.6 543.6 545.2 550.3 545.2 532.3 527.4 518.9 512.6 509 504.9 496.9 493 486.2 487.5 483.9 480.6 477 475.2 472.1 479.9 478.5 470 467.8 464.6 458.3 451.2
906.3 911.2 913.6 911.7 906.1 898.1 874.3 857.5 845.1 826.4 805.1 793 778.6 763.7 755.5 751.9 746.5 740.3 733.8 728.3 725.3 722.4 720.5 717 706.5 686.7 670.8 662.6 654.2 645.6 636.8 626.5 617.1 612.4 597.5 585 578.3 573.1 566.2 559.2 557.3 553.8 551.1 549.4 546.7 542.2 541.1 534.7 530.6 530.4 529.5 529 532.4 534.6 538.1 537.2 527.2 522.4 517.9 512.8 508 504.2 497.8 492.6 487 482.1 474.1 473 473.1 474.4 470.1 473.9 474 463.4 457.1 455.7 451.2 443.7
910.2 913.3 914.2 910.5 904 894 867.4 845.8 832.6 818.9 802.7 785.7 771.9 755.9 747.7 745.9 740.1 736.2 733.7 729.3 725.8 722.9 722 721.5 716.7 704.8 684.6 671.8 663 656 649.4 641.7 632.5 623.4 614.6 598.2 588.1 582.7 573.4 571.9 565.6 560.7 564.3 563 560.9 557.5 553.4 547.4 537 536.4 535 532.7 529.7 523.1 526.8 526.7 521.8 517.9 512.3 509.8 505.6 504 498.3 489.1 483.1 478.9 474.9 473.2 469.1 468.5 466.5 464 468.7 461.9 455 445.3 441.2 435.5
907.8 908.9 908.1 904.8 899.4 889.9 860.7 840.3 823.7 812.6 797.2 782 767.4 757.8 750.3 745.4 742.1 739.4 737.7 735.4 732.4 729.4 727.9 727.5 724.3 716.9 702 685.5 675 668.2 661.6 654.6 646.9 639.3 627.9 617.1 601.3 595 588.6 584.7 575 571.3 573 572.9 572.1 567.3 558.4 552.6 546.4 542.1 539.8 537.6 535.8 532.8 524.7 514.6 515.4 512.7 507.9 502.7 499.4 499.9 493.8 488 482 478.3 475.2 469.4 468.5 461.4 457.5 457.5 460.3 460.5 452.2 443 433.3 427.2
897.7 898.6 897.4 895.2 891 884.1 867.1 836.2 821.1 809.2 796.9 786.1 775.6 768.2 761.1 756.9 752.9 750.7 749.7 746 741.3 737.9 737.1 736.1 732 725.9 716.4 705.6 693.8 684.7 678.5 674.3 668 659.2 649.5 636.8 623.8 608.1 601.8 595.5 584.1 580.8 580.6 581.3 579.1 574.7 566.9 563.9 557.9 551.7 547.5 542.9 539 533.4 524.7 520.2 510.8 503.3 500.5 496.6 496.7 490.6 487.9 482.5 480.3 477.6 475.2 470.1 462.4 458.9 455.7 451.8 453.3 453.1 448.7 438.5 426.2 419.6
885.6 886 884.9 883.6 880.9 875.9 869.6 852.5 832.9 815.4 804.3 797.8 788 783.3 777.5 774.4 772.3 768.3 766.2 760.3 756.3 750.2 748.5 746.1 741.7 734.6 729.5 721 711.1 702.7 698.3 693.8 690.4 680.3 674.3 662.9 653 629.6 614.8 608.2 594.9 587.9 586.1 586.7 586.8 584.1 577.3 574.9 571 563.6 558.3 551.7 547.9 539.5 534.8 528.3 518.5 513.9 503.6 497.5 489.3 484.9 483.1 480 478.2 477 471.9 463.4 460.5 456.5 452.6 446.8 442.7 437.6 433.2 425.2 420.2 414.4
872.3 869.2 868.4 868.3 869.4 869.1 866.2 860.1 847.9 830.1 819.3 811.1 805.9 804.7 798.5 791.7 790.1 783.2 778.6 772.4 763.1 755.6 752.8 752 752.6 743.4 741 730.5 722.4 714.5 711.3 706 700.4 695.8 693.4 677.1 662 649.9 632.6 621.9 607.4 601.9 600.6 596.3 593.5 592.2 589.9 585.4 581.9 574 572.8 565.7 560.6 553.5 547.5 541.1 531.5 523 514.7 505.2 495.8 488.6 479.9 476.2 469.2 467 464.6 457.1 454.9 453.2 450.7 444.3 435.5 431.1 426.5 419 412.2 408.7
856.3 853.5 854.4 856 858.7 859.9 861.4 860.3 855.8 848.6 840.5 833.4 829.6 827.7 826.6 821.4 816.9 809.9 801.3 788.8 776.3 768.2 764 760.5 763.8 756.9 748.9 743.4 736.7 731.7 725.1 722 713.9 710.7 706.4 690.4 683.4 665.6 652.5 642.1 624.6 613.9 609 601.6 601.6 601.1 599.1 596.5 592.5 587 581.6 576.6 570.8 566.1 560.2 554.1 546.7 536.1 525.9 516 507.1 494 490.1 484.3 476 458.7 450.3 447.8 437 435.5 436.6 433.5 430 422.8 420.3 411.9 405 403.6
842.6 841.1 842.2 842.9 846.9 852.3 856.3 857.1 857.5 854.8 851.4 849 847.9 846.8 848 847.7 846.3 842.6 830.2 814.2 798.4 793 784.4 776.4 775.2 770.1 762.7 758.7 753 749.4 741.3 737.2 728.5 727.5 722.7 711.3 700.6 687 673.4 653.9 643.7 627.3 620.3 608.4 607.7 606.7 605.1 602.8 599.6 595.9 591.7 587.3 582.3 576.5 570.6 563.7 558 551.4 542.7 532.1 519.1 506 496.8 490.1 485.1 476.4 470.2 461.9 449.1 434.7 419.9 419.9 414.9 415.7 412.4 410 398.6 390.9
834.9 833.9 831.9 833.8 836.6 842.4 849.8 854.3 856.6 856.4 856.2 856.2 857.3 857.9 861.1 863.4 864.3 863.7 859.9 843 824.4 813.6 801.8 793.2 788.3 783.6 776.8 769.7 765.4 760.3 753.2 747.5 743.6 734.7 733.3 723.7 715.8 701 694.6 676.6 656.6 640.3 628.7 620.8 616.1 612.6 611.3 609.4 605.1 602 598.6 595.3 590.8 585.6 580.1 573.7 567.5 560.7 553.8 545.5 535.1 525.7 515.3 502.9 493.9 488.1 480.4 471.5 463.8 447.7 432.4 417.2 405.6 400.2 396.9 395.8 384.8 374.4
827 822.3 822.5 824.3 827.8 834.1 841.9 848.4 853 854.8 856.6 857.7 860.4 863.6 867.7 872.5 876.9 878.2 874.7 866.3 855.3 836.1 821.1 809.1 803.1 797.9 789.7 783.2 776 767.2 763.2 761.1 758 748.2 742.5 735.5 724 712.4 705.7 694.5 675 661.1 647.2 635.3 624.5 618.6 619.9 617 614.7 612.2 607.6 602.7 597.4 592.6 587.1 581.3 572.9 566.6 560.4 553 545.6 537.9 529.8 520.9 511.4 501.1 492.7 484.1 475.6 463.5 453.2 439.3 423.8 413.7 398.5 391.6 396.7 386.9
821.5 815.4 815.1 817.2 818.9 824.7 832.3 841.5 846.7 849.8 853 854.9 858.6 862.4 867.3 873.5 879.9 884.6 882.4 876.3 868 859.4 842.5 829.2 815.8 809.3 803.1 790.6 784.4 776.6 771.3 770.2 763.7 759.6 752.9 746.1 734.3 724.2 710.9 705.6 690.1 679.1 666.8 659.5 644.4 631.3 630.5 627.9 624.7 621.2 617.3 610.8 604.9 599.9 594.7 586.8 579 571 564.8 557.6 550.9 545.6 540.8 534.1 525.3 518.1 511 502.4 492.2 481.1 469 457.1 441.5 427.2 413.2 402.5 399.2 390.3
816.5 813.5 810.8 811.3 811.7 814.9 822.4 832.5 838.7 843.3 847.2 849.2 853.1 858.2 863.3 868.9 874.5 878.9 880.1 878.8 873.5 866.7 859.1 849 834.2 826.9 823.3 807.7 797.8 789 780.5 776.3 771.3 766.2 760.7 752.3 740.7 727.4 716.7 708.2 696.1 687.4 675.2 671.1 660.9 646.5 644.1 639.3 634.6 629.4 626.2 620.7 615.1 608 601.4 593.9 584.5 576.9 570.3 563 556.9 553 547.9 542.3 535 526.8 520.7 513.5 504.8 495.2 484.3 472.7 458.4 444.7 431.9 414.6 400.3 388.4
817 813 809.1 806.9 806.2 808.4 813 820.8 829.9 835.1 838.9 840.9 844.3 850 856.3 861.7 866.4 870.3 872 872 871.4 868.1 862.8 856.6 850.3 842.9 836.3 825.3 808.7 797.6 785.2 778.3 772.4 766.2 761.4 754 744.1 728.8 717.6 711.7 700.6 689.3 677.5 673 665.8 651 650.1 646.9 640.9 639 634.5 630.6 624 617.6 610.8 600.5 593.9 585.2 576.2 570.5 566.4 561.3 556 549.2 540.8 533.4 525.5 517.4 509.6 501 491.6 480.4 469.5 454.6 440.9 425.4 409.5 392.4
821.3 814.5 808.6 804.4 801.6 800.9 804.8 812.1 818.6 823.9 828.1 830.8 834.9 839.9 846.5 852.5 856.9 860.3 862.1 863.7 864.4 864.4 862.4 859.1 854.7 850.4 844.4 836.5 817.5 802.1 788.2 777.9 768.7 761.1 754.9 748 737.3 723.7 713.1 707 696 685.1 669.6 666.2 661 648.2 648.4 645.7 641 637.5 636 636.5 632.6 627.4 620.8 609.8 600.2 593.4 585.5 577.9 573.4 568 562.3 555.6 546.6 538.5 530.4 522.5 514.5 503.8 494.5 484 473.5 459.3 445.6 429.5 413.1 396.6
825.8 818.5 809 804.8 799.7 794.2 796.9 801.2 808.1 813 817.4 819.6 822.3 829.4 835.3 841.5 846.3 849.2 851.1 853.3 855.2 856.7 858.1 858.1 856.8 853.6 848.6 841.1 824.5 805.4 788.4 774.3 764.1 756.9 747.4 739.6 726.5 715.8 703.2 690.9 681.6 670.4 659.5 650.6 649.6 642.1 641.9 641 638.2 636.3 634.9 634.9 632.7 629.3 623.7 614.1 604.6 602 596 586.6 576.4 569.1 562.3 556.6 547.1 539.5 532.5 524.2 515 506.3 495.7 484.7 473.2 460.1 446.6 432.7 415.9 397.2
