public/OST50/NH37.asc
ncols 200
nrows 200
xllcorner 230000
yllcorner 870000
cellsize 50
[rows 105 to 139 of 200, columns 0 to 77 of 200]
328.9 336.6 344.8 353.2 365.5 376.1 390.5 398.2 405 410.6 416.8 421.7 427.3 431.8 436.2 442.8 447.2 446.6 445 441.5 445.7 453 453.3 458.4 470.3 484.7 497.2 509.8 527.5 545.2 558.2 568.2 578.5 588.4 595 597.1 599.3 607.9 612.8 602.9 596.5 595.6 590.7 587.6 588.1 590.6 595.1 595.5 603.2 609.4 611.4 614.7 619 624.7 632.9 642.1 650.6 657.7 659.3 651.8 640 626.6 613.5 602.2 595.9 586.6 574 564.7 555.5 549.6 543.4 541.7 539.3 535.9 533 524.2 516.4 508.4
318 326.2 333.4 340.3 349.8 358.1 369.9 382.4 389.5 396 403.3 407.3 411.6 415.8 418.7 421.5 428.3 431 428.6 428.9 432.8 441.3 442.7 448.1 459.9 471.8 485.8 496.3 515.4 531.9 545.9 553.9 565.1 569.6 577.1 579.5 580.1 586 596.7 590.8 580.1 574.2 570.9 570.4 569.7 571 573.7 573.6 584.1 592.6 592.5 596.2 601.1 605.9 617.4 628.6 639.6 649.3 651.6 643.7 632.8 620.6 610.5 599.5 590.9 582.3 571.8 564 554.6 547.4 541.1 537.2 536.3 531.5 526.9 521.6 513.3 507.1
306.9 312.8 320.4 328.7 336.2 345.4 354.4 364 371.3 378.4 385.7 393.4 396.4 400.3 404 407.2 411.4 414.9 415.5 416.9 422.6 426.8 430.6 438 449.4 463.7 474.3 485.7 499.2 516.8 530 539.8 548.6 555.7 561.1 564.3 564.4 566.4 572.3 574 564.9 557.3 558.2 557.7 557.3 560.3 558.4 559 568.5 572.9 576.2 576 581.9 589.2 600.7 613.7 628.5 638.4 637.7 631.3 623.6 611.5 605 593.6 585.7 578.3 568.8 561.6 553.7 546.5 540.2 533.7 530.7 527.1 520.9 515.9 509.4 504.6
292.9 300.7 309.8 316.5 324.1 332.4 337.4 346.9 354.4 361.6 368.6 376.5 382.8 386.6 390.7 393.5 397 400.9 404.1 406.5 413 417.3 420.4 427.4 437.7 453.1 464.3 474.5 487.9 499.5 514.6 524.8 534.2 543.2 546.3 551.6 555.5 555 560 563.1 556.2 550.6 547.3 546.9 547.6 546.8 546.4 547.5 555 559.7 560.8 560.7 566.6 573.6 583.6 599.7 614.5 624.2 624.8 618.3 611.4 602.7 594.3 585.6 579.8 572.6 565.2 556.8 550.3 543.9 536.9 530.5 525.1 520.1 514.4 511 506.1 499.4
283.1 290.4 297.6 305.9 311.8 321.5 327 335.6 340.6 348.9 355 361.6 368.1 373.6 377.9 380.7 385.2 389 392.2 395.6 402.9 407.4 410.9 419.3 429.1 442.1 454.7 464.5 474.6 487.4 498.7 509 517.9 528 534.7 538.6 543.8 544.2 550.4 554.3 550.7 541.7 537.8 539 537.2 535 535 538 541 547.9 549.2 549.6 551.7 560.4 567.3 587.6 600.6 607.1 608.3 604.5 602.8 592.4 584 574.9 571 564.3 555.4 547.5 543.4 535.3 528.9 524.7 519.2 511.9 508.7 507.1 503.7 495.2
276.5 279.4 286.3 295.9 303.7 309.4 317.3 324.4 330.8 335.6 342.4 349.3 355 360.1 365.1 370.1 373.9 379.2 383.3 386.4 393.4 397.7 402.7 413.1 422.3 433.1 445.5 457.3 466.4 474.8 485.7 497.1 504.5 513.5 521.6 528.5 533.5 536.3 540 543.9 542.7 537.1 534.5 531.4 528.5 526.8 526 529.5 526.8 535.5 540 537.2 538.9 547.9 556.1 573.5 585.3 591.1 591.6 587.5 585.7 581.2 573.1 565.6 559 552.4 544 541.3 537.9 526.9 517.8 511.1 508.1 505.2 505 505.5 500.3 488.5
269.6 271.8 277 283.5 293.4 299.7 308.1 313.2 321.1 326.4 330.8 336.9 344.3 348.1 353.9 358.4 363.4 369.6 373.8 377.5 385.7 389.6 398.8 408 416.5 425.7 437.2 447.1 456.7 464.8 474.4 485.9 495.4 502.2 510.5 519.7 526.4 529.3 530 532.4 532.1 530 527.2 523.9 521.9 519.3 516.4 518.9 516.7 523.4 529.6 526.5 525.7 533.9 542.8 556.9 570.6 577.7 575.4 575.8 571.9 568.1 562.5 555.4 544.7 540.6 535.1 528.4 525.3 518.3 505.4 499.7 498 500.1 498.3 498.9 494.3 484.1
261 266.1 270.9 275.7 282.1 289.3 297.1 303.1 310.5 317.9 322 327.3 333.5 339.1 343.6 348.9 353.7 358.7 364.1 370.5 378.3 384.6 394.2 402.6 409.9 418.6 429.1 438.3 447.2 454.7 463.9 474.5 483.5 491.6 501.6 509.6 518.2 522.8 525.1 526.1 527.2 525.2 522 519 514.9 513.1 508.4 508 507.1 510.5 515.4 516.6 517.1 526.2 533.1 541.7 555.4 559.7 563.1 559.1 556 554.2 549.6 536 532.9 534.2 526.9 517.2 513.3 507.8 496.8 492.4 489.6 490.3 490.7 490.9 490.2 479
250.1 260.8 264.4 268.6 273.9 278 286.2 293.4 300.5 307.1 312.7 317.4 323.8 330.7 334.5 341.9 346.2 351.7 358.6 362.9 370.1 380.1 388.8 396.5 403.3 411.4 421.2 431.3 439.5 445.9 454 463.9 472.2 479.9 489.9 496.2 507.3 514.9 519.9 522.4 523.7 522.6 518.5 514.1 510 508 503 499.5 498.8 501 506.8 508.3 510.1 515.6 522.1 529.4 539 548.7 550 544.4 541 536.5 531.7 529 528.1 528.4 521.1 512.5 505.5 497.3 492.7 489.9 485.9 484.8 484.9 483.1 481.4 476
244.6 244.6 256.5 258.9 263.8 269.1 276.8 280.9 288.2 297.2 303.9 307.5 315.1 321.3 326.3 332.9 340.2 343.9 350.9 358.4 362.7 374.5 382 390.1 396.7 404.7 413.6 423.8 432.3 439.9 448.7 457 463.7 470.4 476.3 486.4 495.2 507 514.5 517.3 518.5 517.1 513.9 510.1 504 500.7 496.8 491.3 490.6 490.3 495.5 498.1 500.1 504.5 512.9 519.3 526.5 537.4 535.8 532.6 527.7 524.4 523.7 524 520.5 519.3 514.6 505.9 497.9 493.3 490.7 488.3 484.4 481.6 480.2 479.1 475.1 471.1
244.6 244.6 244.6 244.6 255.1 263 268.8 273.7 279.2 286.8 295.3 300.9 306.2 312.1 318 325 330.4 336 343.6 351.3 356.2 367.7 375.6 383.6 390.9 398.9 406.8 415.6 424.7 434 441.1 449.9 456.8 463 468.6 474.4 482.9 497.1 510.2 513.6 514.2 512.7 509 504 500.5 493.6 490.7 487.4 483.6 481.4 487.3 489.2 491.7 496.5 502.2 510.3 522 526.1 524.1 521.5 517.3 514.9 513.5 513.3 507.6 507.9 504.2 497.1 490.9 489.2 488.3 486.1 483.2 481.6 479.3 475.5 473.4 467
244.6 244.6 244.6 244.6 244.6 249.5 260.7 263.4 272.1 278.4 284.5 292.4 297.7 303.8 309.8 316.5 321.7 327.8 334.5 342 349.5 359 367.5 375.7 384.9 393.4 401.4 409.2 417.8 427.2 435.3 443.3 450.6 457 461.9 467.3 474.8 490 506.2 510.5 509.8 508.8 505 500.2 494.7 490.5 484 480.1 477.5 473.6 479.3 481.5 483.4 488.1 494 503.5 513.4 513.8 514 513.3 511.3 507.8 503.6 503.2 498.3 498.4 494.8 489.1 486.7 486.7 485.7 484.4 481.8 480.4 479.1 477 475.1 469.5
244.6 244.6 244.6 244.6 244.6 244.6 244.6 258 264.1 269.8 276.8 284.1 288.6 291.9 300.5 307.7 313.5 320.7 325.2 335.6 343.7 350.9 360.2 368.1 377.9 386.8 395.4 403.8 411.7 419.7 427.8 436.4 444.5 451.3 457.2 463.5 471.4 484.7 503.1 507.5 507.5 506.6 502.6 497.6 492.5 485.7 479.5 474.1 471.6 470.5 470.3 472.5 475.3 479.4 485.5 496.9 504.6 507 507 506 504.4 501.4 496.8 493.6 491.8 489.7 486.4 485.3 484.2 484 483.5 483.1 480.9 479 477.7 476.3 475.2 470.9
244.6 244.6 244.6 244.6 244.6 244.6 244.6 244.6 255.3 260 270.7 272.7 279.3 283.9 288.8 298.1 303.7 312.3 317.2 331.2 337.1 344.7 353.4 361.7 370.4 379.8 389 397 405.4 414.6 422 429.5 437.8 445.4 452.7 460.2 469 484.7 501.9 507.2 506.2 504.8 501.8 496.7 489.2 482.6 476.3 470.6 468.6 466.2 464.6 463.5 469.6 477 484.1 492.7 500.2 502.9 501.1 499.5 495.5 494 489.1 486.6 488.5 483.9 481.7 482.1 481.9 481.1 480.9 481.2 479.5 477.6 476.9 476.7 475.7 472.7
244.6 244.6 244.6 244.6 244.6 244.6 244.6 244.6 244.6 244.6 260.8 264.7 271.5 277.4 283 287.7 295.4 302.3 310 322.4 331.2 338.1 346.5 353.2 362.8 372.2 380.6 390.1 399.8 407.9 416.7 423.5 431.4 440 447.2 455.5 467.9 486.1 501.5 507.5 506.7 504.7 501.5 496.4 488.3 480.3 473 469.7 465.5 462.4 461.4 464.1 469.1 476.6 484.4 488.2 493.2 496.9 495.5 492.4 488.9 484.7 482.6 480.1 480.1 477.5 479.5 478.8 480.7 481.1 478.9 478.4 477.5 476.1 476.8 476.8 476 474.5
244.6 244.6 244.6 244.6 244.6 244.6 244.6 244.6 244.6 244.6 244.6 257.3 263.1 268.8 273.7 278.3 288.6 293.9 303.9 313.5 322.3 330 338.9 346.2 354.3 364.3 371.9 381.9 391.9 401.5 410.2 417.9 425.6 434.8 442.6 451.4 466.6 484.6 499 504.6 506 505.2 503.6 497.3 487.6 478.2 472.4 469 466.2 462 461.5 463.2 468.1 475.3 481.7 486.3 488.3 488.7 487.7 486 481.6 476.2 474.3 471.8 470.6 471.5 474.4 475 476.6 478.2 477.4 475.2 476.7 476.4 476.8 478.2 477.7 476.7
244.6 244.6 244.6 244.6 244.6 244.6 244.6 244.6 244.6 244.6 244.6 244.6 249.4 260.3 266.1 270.8 279.7 286 295 304.1 312.8 321.5 331.1 340.6 348.7 356.6 364.7 374 383 392.8 403.2 411.3 420.7 429.5 438.6 447.9 464.3 481.3 495.5 501.7 501.9 501.1 501.3 496.5 486.3 476.7 472.7 470.1 465.7 462.1 460.3 463.9 468.1 474.6 480.1 482.6 483.8 483.7 481.4 478.7 475.9 469.2 465.8 463.4 464.3 464.2 468.2 470 470.5 472.2 473.1 472.7 474.6 476.7 478.2 479.3 479 477.7
244.6 244.6 244.6 244.6 244.6 244.6 244.6 244.6 244.6 244.6 244.6 244.6 244.6 244.6 259.2 261.9 269.8 276.5 285.2 293.4 303.9 312.1 321.2 332.7 341.1 348.3 357.4 365.9 374.4 383.7 394 404.1 414.4 423.4 433.9 444.9 461.4 477.6 490.8 497.6 497.1 497.3 497 490.7 484.1 476 471.4 469 464.8 462.1 460 464.8 470.9 475.2 478.6 480.7 480.7 479.6 476.5 471.9 468.5 463.3 459.5 456.3 459.1 460.6 461.4 463.3 466.6 468.2 468.5 470.5 472.9 477.1 478.1 480.7 481.3 480.2
244.6 244.6 244.6 244.6 244.6 244.6 244.6 244.6 244.6 244.6 244.6 244.6 244.6 244.6 244.6 252.3 260.7 269.3 275.8 283.7 292.1 302.4 311.4 322.2 331.7 341.5 350.8 358.3 365.8 374.8 385.1 394.3 406.3 416.9 427.2 442.8 457.1 471.5 482.2 490.6 492.4 492.2 493.1 486.6 482.1 474.2 468.2 468 464.1 461.9 459.6 466.3 473.2 477.2 479.9 479.8 479.5 476 472 466.4 462.1 457.1 454.2 450.7 454 456.4 456.6 458.2 460 463.9 465.1 467.9 471.1 476 478 480.8 483.9 484.3
244.6 244.6 244.6 244.6 244.6 244.6 244.6 244.6 244.6 244.6 244.6 244.6 244.6 244.6 244.6 244.6 244.6 261.7 267.9 276.1 284.1 290.3 300.7 313 323.7 333.7 342.1 350.1 358.4 366.5 375.1 384.5 395.2 407.9 418.8 436 450.2 463.8 473.4 481.2 485.3 486.1 488.4 485 479.7 473.5 467.4 465.7 462.6 459.7 462.3 470 477.6 483.5 482.7 480.1 477.3 472.1 466.5 459.9 454.9 451.7 448.4 447.4 450.6 452.2 452.5 453 457 459.1 462.6 465.9 467.5 471.2 475.4 479.2 483.2 486
244.6 244.6 244.6 244.6 244.6 244.6 244.6 244.6 244.6 244.6 244.6 244.6 244.6 244.6 244.6 244.6 244.6 244.6 258.8 267.4 276.2 282.6 291.7 301.2 314.9 324.7 334.5 341.2 348.9 358.4 366.6 375.8 386 397.4 408.6 423.5 439.3 453.7 465.1 470.6 476.7 477.8 481.1 481.9 476 470 464.5 464.8 460 458 464.9 475.8 484.3 488.7 486.7 480.9 475.1 469.5 462.6 454.2 447.9 446.7 444.4 443.7 445.4 449.5 450.7 450.2 452.4 456 458.2 462.7 463.5 466.5 471.6 475.2 480.8 485
244.6 244.6 244.6 244.6 244.6 244.6 244.6 244.6 244.6 244.6 244.6 244.6 244.6 244.6 244.6 244.6 244.6 244.6 244.6 258.7 267 274.2 284 293.5 306.1 315.1 324.7 333.7 340.3 349.3 358.9 367.3 375.8 386.4 397.1 410.1 425.2 441.1 454.2 460.5 464.1 468.4 470.2 474.1 470 465 462.1 461.3 455.6 459.3 468.2 479.3 489.3 493.9 490.1 482.5 475 467.3 460.1 451.1 444 442.6 442.2 441.1 441.7 445.3 447.7 448 449.2 451.6 454.3 458 460.3 462.8 466.6 471 476.7 481.9
244.6 244.6 244.6 244.6 244.6 244.6 244.6 244.6 244.6 244.6 244.6 244.6 244.6 244.6 244.6 244.6 244.6 244.6 244.6 244.6 251.9 265.1 276.7 283.2 296.7 306.2 314.8 325.6 334.2 341.6 349.7 358.7 367.2 376.7 387.1 398 409.7 424.8 440.6 450.2 452.5 455.2 456.8 460.3 461.4 457.6 457.7 456.8 453.3 460.2 470.3 480.9 490.3 494.1 492 484.3 474.9 465.7 458 449.6 441.4 439.7 439.8 438.3 439.1 440.3 442.1 445.5 445.7 448.5 452 455.3 457.9 460 461.5 465.2 472.2 476.9
244.6 244.6 244.6 244.6 244.6 244.6 244.6 244.6 244.6 244.6 244.6 244.6 244.6 244.6 244.6 244.6 244.6 244.6 244.6 244.6 244.6 254.1 265.2 273.7 287 295.9 305.6 314.7 324.4 333.2 341.8 350.7 358.9 367.3 376.4 386.8 397.1 410 422.6 436 442.4 447.1 448.1 451.4 451.8 449.7 449.2 450.5 454.9 462.5 471.8 482.8 490 491.7 490.5 484.4 475 464.4 455 446.6 440.4 436.4 437.2 435.7 434.9 436.4 439.1 441.7 442.9 445.8 448.6 451.9 454.1 455.7 457.1 459.7 466.1 470.6
244.6 244.6 244.6 244.6 244.6 244.6 244.6 244.6 244.6 244.6 244.6 244.6 244.6 244.6 244.6 244.6 244.6 244.6 244.6 244.6 244.6 244.6 245.9 263.1 278.8 286.5 297.4 306.2 314.2 326.8 333.3 342 351.1 360.2 367.8 376.8 385.2 396.4 408.6 419.6 429.6 433.6 439.4 440.6 439.9 442 442.8 447.7 457.5 464.9 476 486 489.2 490.1 487.1 481.8 473 464.2 453 444.4 438.6 436.3 433.9 434.2 433.1 433.7 436.5 439.2 440.7 443.1 444.6 448.6 450.5 451.4 453.6 454.8 459.7 464
244.6 244.6 244.6 244.6 244.6 244.6 244.6 244.6 244.6 244.6 244.6 244.6 244.6 244.6 244.6 244.6 244.6 244.6 244.6 244.6 244.6 244.6 244.6 245.6 265.7 276 287.4 295.9 304.8 318.2 325.2 333.3 341.5 350.5 359 366.9 375.5 384 394.8 403.9 413.8 423.6 428.1 431 433.3 435.6 441.5 449.1 457.1 469.2 479.4 487 490.5 488.4 483.2 478.4 471 461.6 451.8 443.4 437.1 433.9 431.9 430.1 431.7 432.5 434.2 436 437.6 438.8 441.7 445.1 445.9 446.7 449.4 451.3 454.4 457.9
244.6 244.6 244.6 244.6 244.6 244.6 244.6 244.6 244.6 244.6 244.6 244.6 244.6 244.6 244.6 244.6 244.6 244.6 244.6 244.6 244.6 244.6 244.6 244.6 247.6 266.2 274.9 285.2 294.1 304.2 316 324.4 333.7 341.2 350.4 359.5 367.8 374.1 382.5 391.7 401.8 412.2 418.3 423.3 421.5 430.8 440.7 449.3 459 473.2 483 488.8 487.8 485.9 484.4 477 468.6 460.1 450.8 442.1 434.6 431.7 431.3 429.3 430.1 429.9 432.2 433.6 435 436.6 437.6 441 441.5 443.1 444.4 446.5 449.3 451.6
244.6 244.6 244.6 244.6 244.6 244.6 244.6 244.6 244.6 244.6 244.6 244.6 244.6 244.6 244.6 244.6 244.6 244.6 244.6 244.6 244.6 244.6 244.6 244.6 244.6 248 264.1 275.7 284.7 295.8 307.2 316.4 324.3 333.8 343.2 351.1 359.3 365.8 373.8 382 392 403.7 409.9 413 422 431 439.3 449.7 460.1 475.1 488 491.8 489.2 485.3 481.8 476.9 469.9 459.4 449.7 441.8 434.3 430.6 429.5 428.1 427.7 428.1 429.3 430 431.4 431.8 436.5 437.9 439.6 439.2 441.3 443.5 444.7 445.9
250.5 244.6 244.6 244.6 244.6 244.6 244.6 244.6 244.6 244.6 244.6 244.6 244.6 244.6 244.6 244.6 244.6 244.6 244.6 244.6 244.6 244.6 244.6 244.6 244.6 244.6 244.6 267.4 275.1 286.2 297.5 306.5 313.6 325.2 335.2 343.8 351.5 358.3 365.6 374 383.9 394.7 397.6 411.7 422.2 430 439.9 451.8 462.1 478.4 491.1 494.8 492.4 487 482.7 476.3 467.5 460.3 449.6 440.8 435.4 430.1 428 427.2 424.8 426.2 426.8 427.7 427.9 430.9 433.2 434.3 434.7 435 437.1 438.8 439.8 441.6
258.5 258.7 252.5 244.6 244.6 244.6 244.6 244.6 244.6 244.6 244.6 244.6 244.6 244.6 244.6 244.6 244.6 244.6 244.6 244.6 244.6 244.6 244.6 244.6 244.6 244.6 244.6 250 265.2 275.8 288 298.4 306.5 317.9 329.7 336.7 345.6 352.3 359.3 367.8 377.2 384.1 400.1 411.4 422.2 431.7 444.8 458.5 467.1 483.2 495.5 500.2 496.1 491.2 486.9 482 469.6 461.1 452.6 443.3 438 433 429 427.1 425.6 423 422.8 424.4 424.6 427.9 429.3 430.6 432.2 432.6 433.3 432.9 435.2 436.9
254.5 244.6 244.6 244.6 244.6 244.6 244.6 244.6 244.6 244.6 244.6 244.6 244.6 244.6 244.6 244.6 244.6 244.6 244.6 244.6 244.6 244.6 244.6 244.6 244.6 244.6 244.6 244.6 256.2 265.5 277.5 286.7 298.5 307.8 319 329.7 338.9 346.2 353.8 357 367.8 385.2 399.9 412.1 423.4 434.1 450.4 464.7 474.9 491.5 500.5 504.7 501.5 496.7 494.1 488.6 479 466.3 458.6 449 442.7 437.8 433.1 429.5 426.6 423.3 421.8 421.8 421.7 424 425.2 426.7 427.8 428.2 428.7 428.8 430.5 432.2
257.8 246.9 253.6 244.6 244.6 244.6 244.6 244.6 244.6 244.6 244.6 244.6 244.6 244.6 244.6 244.6 244.6 244.6 244.6 244.6 244.6 244.6 244.6 244.6 244.6 244.6 244.6 244.6 244.6 257.6 266.4 277.4 288.5 298.8 309.8 322.2 330.6 339.9 342 360.5 371.5 385.3 400.9 414.5 425.5 440 456.8 471.4 482.4 497 508 511.9 510.2 503.7 499.1 495 489 476.7 464.4 456.8 450.2 443.7 439.5 434.8 431.5 425.8 421.9 419.1 418.4 420.2 420.8 423.1 422.2 424.1 424.5 425.8 425.9 427.7
259.2 258.9 254.9 244.6 244.6 244.6 244.6 244.6 244.6 244.6 244.6 244.6 244.6 244.6 244.6 244.6 244.6 244.6 244.6 244.6 244.6 244.6 244.6 244.6 244.6 244.6 244.6 244.6 244.6 244.6 256.5 267 277 288.3 298.9 313.8 321.3 328.3 347 358.6 370 383.7 400.1 414.5 429.3 442.9 459.9 475 486.1 501.7 515 519.9 518.6 510.1 504.8 499.6 493.1 486.1 471.6 462.4 455.9 448.1 443.8 440 434.9 428.3 422.7 418.4 412.6 415.4 416.8 416.9 417.7 419.6 420.5 421.3 422.8 422.9
261.5 260.6 258.1 255.3 253.8 244.6 244.6 244.6 244.6 244.6 244.6 244.6 244.6 244.6 244.6 244.6 244.6 244.6 244.6 244.6 244.6 244.6 244.6 244.6 244.6 244.6 244.6 244.6 244.6 244.6 244.6 258.4 267.1 278.1 287.9 297.9 309.8 328.8 341.4 354.6 367.8 382.1 398.5 411.6 426.1 442.5 458.9 474.6 487.8 503.6 520.7 522.7 524.7 517.2 507.6 503.5 496.8 487.1 478.3 468.9 461.7 451.8 447 443.1 437.6 429.3 422.4 418.5 413.7 409.7 411.6 411.9 414.9 414.5 416.9 418.8 418.4 419.4
261.6 261.6 261.7 257.8 254.4 248.5 252.8 244.6 244.6 244.6 244.6 244.6 244.6 244.6 244.6 244.6 244.6 244.6 244.6 244.6 244.6 244.6 244.6 244.6 244.6 244.6 244.6 244.6 244.6 244.6 244.6 244.6 257.7 266 275.4 290.3 309.3 320.2 334.5 349.6 364.6 378.6 394.8 409.1 421.4 439.4 454.9 469.6 483.7 496.7 518.9 521.8 522.9 519.4 513 505.4 497.7 491.6 486.8 478.1 465.5 456.1 448.3 442.9 437.6 429.7 422.8 417.7 412.1 406.3 406.8 407.8 409.3 411 412.7 414.2 414.5 415.9
