public/OST50/NH38.asc
ncols 200
nrows 200
xllcorner 230000
yllcorner 880000
cellsize 50
[rows 35 to 69 of 200, columns 78 to 155 of 200]
812.6 815.4 818.2 820.9 819.7 814.6 788.8 764 739.4 715.2 691.6 674.7 660.7 651 641.5 631.9 621.4 610.7 596.8 582.6 571.6 559.2 537 522.6 534.3 536.7 542.6 547.8 551.8 556.1 575.6 604.8 635.5 673.8 711.8 749.3 780.5 786.3 785.4 778 755.5 731 720.3 690.9 666.5 645.1 621.3 595.9 579.5 570.7 568 565.5 564.2 562.1 560.4 556.2 553.5 549.5 545.5 539 532.2 525.1 518 511 506.2 499.6 493.2 486 477.8 468.2 456 442.3 430.8 419.4 405.6 392.1 380.1 367.9
820.5 824.2 826.3 826.8 816.3 791.2 766.8 739.7 720.5 704.7 689.6 674.4 662.4 650.9 638.6 627.3 618.4 604 591.8 584.2 569.1 555.4 536.5 534.4 527 535.8 539.4 547.7 556.9 568.6 590 619.2 663.3 707.2 736.4 771.5 789.8 785.6 773.2 755.3 728.3 709.9 689.6 663 637.4 619 603 587.5 570 561.3 559.2 556.3 557.2 555.3 551.2 545.6 543.2 539.7 535.5 530 523.2 516.7 508.1 500.9 492.9 485.2 476.1 467.4 459.4 447.8 435.3 422.6 411.4 399.5 386.7 374.1 364.7 355.3
825.5 830 831.4 825.5 791.1 762.8 738.6 717.2 702.1 694.8 683.8 670.7 660.4 648.7 635.5 624 610.6 599 592.3 586.2 565.8 551 538.3 531.5 526.7 532.8 540 550.1 561.4 587.7 614.3 649.6 699.3 734.8 763.3 791.9 795.7 774.4 751.4 736.1 712.5 686.9 663.6 635 612.9 597 584.4 577 569.8 564.8 561.1 556.9 555.7 552.5 546.3 539.4 536.3 530.1 524.4 515 506.4 498.5 490.6 483.5 474.8 466.4 458.6 448.2 438.3 428.5 416.6 402.3 390.7 379.7 370.2 360 352 347.1
828.8 833.1 833.4 804.6 774.6 744.4 718.1 703.1 692.2 683 673.4 661.7 651.6 641.5 629.4 616.3 604.4 593.5 587.6 582.3 565.3 549.3 541.6 534.7 530.4 530.8 539.4 551.2 573.5 596.4 634.2 680.4 727.2 758 793.3 803.6 796.1 777.7 749.4 720 699.4 670.5 641.3 617 598.6 588.4 579.8 574.4 570.2 568.1 564.8 559.4 555.2 542.4 539.5 531 522.2 512.3 505.8 497.2 489.5 482 474.8 466.3 457.6 449.9 440.6 431.4 418 408.1 395.9 383.9 373.4 364.7 357.2 350.4 345.7 339
830.5 833.5 832.9 797.4 764.4 735.1 706.9 688.7 676.6 666.5 658.7 647.4 637.4 627.6 614.3 606.3 597 585.8 576.8 571.2 558.4 547.4 541.4 528.9 541.9 543.3 548.8 564.9 591.8 614.9 657.7 700.9 738.4 776.2 808.8 807 795.4 759.4 731.9 699 675.7 654.1 624.5 605.2 587.5 584 579.5 574.1 569.3 565.2 560 550.7 544.9 535.8 517.8 512.5 506.3 497.3 488.9 481.8 472.8 466.6 459.4 451 443.4 434.8 423.3 411.3 402.5 390.8 381.5 372.8 362.2 356.4 350 343.3 338.9 334.6
830.9 833.7 832.2 802.4 766.4 737.8 708.8 684.5 668.2 656.6 645.7 635.3 623.4 616.1 599.2 591.9 586.8 577.2 566.7 559.2 552.1 542.7 538.1 533.9 545.5 553.4 566.7 588 610.6 652.2 696.1 711.6 759.8 788.6 815.4 808.5 784 745.6 717.3 692.3 653.3 628.4 610.7 596.2 584 582 575.5 568.6 562.4 554.2 545.5 535.1 525.8 515.2 504.1 496.9 488.9 480.7 473.6 467 457.8 450.9 444.4 437 429.3 418.6 408.3 398.2 388.3 379.9 370.9 362.3 354.9 350.1 344.6 339.7 335.1 332.8
831.5 834 832.5 810 774.3 748.7 721.2 689.8 661.3 652.7 639.3 623.4 611.1 600.4 587.8 582.3 576 566.4 556.9 547.3 543.9 541.3 533.7 543.4 558 571.4 598.3 626.1 657.5 698.9 735.5 750.3 771.8 810.8 822 810.6 778.8 744.4 712.2 680.4 648.9 610.7 594.6 584.9 577.3 572.6 562.9 554.3 547 539.4 529.2 518.8 506.7 497.5 490.2 482.3 474.1 466.1 459.9 451.7 443.7 436.5 431.5 423.9 415.6 404.9 394.4 385.6 378 369.8 363.5 356.4 349.6 345.6 341.6 336.7 333.6 330.2
832.7 834.7 832.4 826.1 797.9 773.2 749.9 707 677.8 659.5 649.7 618.9 604.4 586.6 576.4 567 567.4 558.8 549.5 544.6 538.4 535.1 536.2 554.3 576.1 595.6 624.6 663 698 764.1 770.8 794.4 800.3 823.9 824.8 810.8 783.1 752.1 713.7 675.1 640.7 600.6 577.1 569.4 562.8 553.7 543 535.7 530.1 525.6 515.3 504.3 493.7 483.6 477.6 466.6 458.3 443.6 439.9 437.5 429.4 422 417.7 410.4 402 394.5 386.1 376.2 370.1 364.3 358 351.2 346.4 341.4 337.4 333.3 330.2 327
835.2 835.1 833.2 828.4 820.4 802.1 768.1 731.8 702.5 675 656.7 620.6 593.5 587.3 569.3 561.9 556.3 550.1 541.6 535.7 534.4 534.6 543.3 563.4 588.3 616.1 655.4 704.5 732.4 791.6 801.7 829.8 831.4 832.5 825.6 812.7 775.8 749.8 712 672.6 635.1 602.2 576.6 558.2 547.3 539.8 529.4 521.9 517.6 513.5 503.8 493.1 484.9 474.5 465.4 454.6 439.2 428.8 424.7 420 413.7 408.8 403.3 398.4 392.1 384.8 379.5 371.4 365.1 359.1 354.3 348.1 341.7 336.4 331.6 329.3 326.8 325.4
837.9 836.1 833.2 827.3 819.7 810.8 777 748 720.8 693.6 655.8 621.6 592.7 576.9 565.3 558 545.9 541.6 542.1 535.2 535.7 546.6 563.1 580.4 610.4 638.9 671.6 708.5 745.4 791.5 828.9 836.4 835.2 830.6 824.6 815.4 786.6 748.8 711.9 674.3 639.3 607.3 579.3 555.5 536.9 525.7 515.3 511.1 503.9 498.2 491.1 489.1 476.3 462.3 452.8 437.6 425.3 417.9 407.4 405.5 401 395.2 391 386.9 382.1 376.7 371.4 365.7 359.4 354.8 349.3 341 336.7 334.3 334.5 334.5 332.8 331
839.2 836.8 833 825.7 818.1 809.3 790.2 758.7 733.7 718.3 677.2 651.8 610.6 585 573.4 554.3 545 551.6 543.4 551.4 570.5 580.9 596.6 621.8 659.1 679.5 710.8 751.9 794.6 816.2 833 834.8 833.1 829.8 823.6 814.1 790.2 748.8 707.4 674.5 642.4 611.1 594 569.9 540.2 517.8 511.1 503.4 497.3 497.5 490.6 474.3 464.3 451.2 435.3 424.3 413.8 405.4 401.1 392 388.5 384.9 382.2 378 373.8 370.1 364.4 357 352.4 349 348.4 347 344.6 342.3 340.5 338.8 338.7 341.9
840.1 837.1 831.8 824.2 816.2 807.1 797.7 778.2 750.2 730.8 710.2 686.9 647.9 612.9 584.9 559.4 558.1 557 573.6 586.1 615 635 648.4 691.4 719.7 734.9 778.3 803.8 816.9 824.8 829.2 830.8 829.7 827.6 821.8 812.1 784.2 753.8 697.4 662.6 634.7 617.9 600.7 577.9 554.3 527.2 506.1 499.8 496.1 488.7 479.2 464.9 448.1 439.7 426.6 413.5 404.2 396.6 390.7 384.7 382.6 378.8 375.6 373 369.4 366.8 364.7 363.3 360.8 357.6 355.5 353.8 351.9 349.7 347.5 346.5 348.2 353
840.9 836.4 829.9 820.2 812.4 803.6 793.9 780.8 762.9 744.8 729.6 701.8 667.4 638.8 599.1 580.5 578.3 587.4 615.3 640.8 671.9 707.2 719.4 739.5 766.4 781.4 792.8 805.4 815.6 822.4 826.6 827.5 826.6 825.4 820.1 809.8 779.3 743.7 703.8 661.9 633.4 613.4 604.1 584 569 537.9 506.7 499.2 491 479.7 465.2 454 440.6 425.6 414.9 405.2 397.7 393.5 391.3 388.8 389 387.7 386.4 382.9 380.3 377.9 374.3 369.8 366.9 362.4 361.8 361.2 359.7 356.4 358 363.2 366.1 370.1
840.4 834.2 825.2 817.4 808.9 798.4 788.9 778.8 762.1 747.8 736.3 729.9 706 666.7 623.7 606.8 620.6 620 659.1 688.4 707.8 717.4 721.5 743.1 763.8 777 789.3 803 812.6 819.5 823.7 824.2 823.1 821.4 817.4 805.9 776.2 746.2 705.7 669.1 635.7 615.3 602.7 584 561.2 539.8 510.4 499.1 488.7 477.4 463.3 448 432.9 423 411.8 407.4 403.1 398.8 400.2 403.3 410.7 416.2 411.6 404.5 395.2 390.4 384.3 379.9 375.7 372.5 371.5 371.2 365.7 372.5 378.6 380.5 380.1 390.4
837.7 830.2 821.8 815 806.8 800 791.2 781 764.8 750 736.4 730 716 703.9 660.3 651.2 653.9 666.9 677.5 704 707.9 713.8 724.3 742.6 758.1 771.5 784.9 799.7 809 816 818.7 818.5 817.7 815.6 813 807.7 776 745.6 710.2 674.7 641 615.9 598.8 584.5 562.8 539.5 513.7 503.1 492.3 479.9 464.9 451.5 437.6 427.1 427.3 426 426.1 427 433.9 451.2 470.8 474.6 454.9 438.1 423.3 415.1 405.5 395.4 389.4 385.1 382.2 377 384.5 391.9 398.8 402.9 397.7 417.2
833 825.1 818.5 811.5 805.6 801.2 795.1 786.1 773.3 754.7 739.4 727.3 717.9 710.9 690.7 693.8 690.9 696.4 703.3 704.4 708 716.4 725.5 739.7 753 768 782.5 796.1 805.5 812 813.5 812.7 811.4 810.3 808.6 805.6 795.6 761.9 722.3 683.8 648.8 617.9 599 583.1 562.3 540.6 522.4 511 498.4 488 474.3 462.9 454.6 454.9 463 468.2 480.1 490.3 497 514 558.6 569.4 550.3 517.4 480.5 457.6 440.9 424.7 408.5 398.2 394.9 398.2 405.8 410.7 418.2 423.7 426 431.8
825.7 820 813.5 809.3 805.4 801.3 796.1 788.4 774.3 759.1 742.2 727 720.7 712 701.6 700.2 695.3 700.7 704.5 704.9 710.8 718.5 727.6 736.3 747.7 765.4 780 793.6 801.6 806.2 806.7 804.3 802.9 803.9 803.2 800.6 794.8 771 743.5 701.1 661.3 628 609.9 592.6 572.7 550.5 534.9 519.4 508.7 499.3 495.1 490.9 490.9 509.8 521.3 531.7 536 542.2 579.1 600 606.1 626.8 619.8 590 563.5 526.2 488.3 465 446.9 433.8 426.3 422.7 427.5 430.6 438.5 447.5 448.1 447.3
820.6 815.9 810.7 806.7 804.5 801 795.2 787.3 775.5 761.8 741 728.5 722.9 710.9 707.2 702 700.7 701.9 705.4 707.4 711.3 717.9 726.2 733.4 744.6 762.1 776.7 789.9 796.4 796.7 796.9 794.7 795.4 796.7 796.7 794.8 788.8 773.4 756 722.3 677.1 645.5 624.6 609.9 595.2 575.3 557.7 542.5 531.1 521.8 522.8 531.9 522.9 522.5 539.9 559.1 566.3 585.9 618.1 629 630 640.5 654.2 648.6 608.8 568.9 545.6 528.4 509.1 488.5 467.9 453.9 455 457.6 460.9 469.6 462.2 465.5
816 810.7 806.4 804.6 802.5 798.8 792.9 785.9 778.1 768.5 750.6 735.5 725.2 714.6 712.7 708 706.5 704 704.3 708 711.4 715.3 724.2 731.6 742.9 758.4 772 784.7 790.1 787.9 786 787 787.4 788.9 791.6 791.5 785.4 770.8 753.9 740 703.4 662.8 635.5 613.5 594.9 579.7 568.8 556.9 559.6 549 541 532.2 533.1 536.7 546.7 559.8 582.8 609.5 621.5 627.7 633.8 644.6 658.4 672.7 676.6 656.7 630.8 591.9 561.9 540.1 523.8 505.9 492.9 486.8 485.7 485.2 473.8 476.9
810.4 806.2 802.6 800.3 798.2 795.7 791.5 786.2 779.2 772 755.1 737.4 725.6 725.6 718.6 715 710.7 707.9 703.5 704.4 708.7 714.2 722.2 730.1 740.5 753.3 767 778.1 782.3 779 776.8 777.5 779.6 782.1 785.6 788 784.2 768.9 752.5 742.5 712.7 672.8 642.3 616.8 600.9 586.4 583.8 587 590.8 585.1 560.9 539.3 545.6 567.5 571.7 581.3 589.1 608.3 620.2 629.6 637.3 647.8 658.8 671.6 683.9 695.8 700.1 662.2 613.2 585.7 565.1 549.7 532.7 527.1 514.7 503.5 482.9 480.6
803.6 799.9 796.3 793.7 792.9 791.5 789 785.2 778.5 772.7 760.7 744.6 733.1 727.4 723.4 717.9 712.8 707.3 701.7 701 704.5 710.6 718.2 726.7 736.7 748.9 761 770.3 773.5 769.7 768.2 769.7 773.2 777.9 782.1 783.7 777.1 765.2 755.1 744.8 727.3 695.1 665.3 640.5 621.5 605.3 612.5 610.1 599.2 577.6 553.4 553.5 566.3 579.4 590.2 591.7 595.2 605.6 618.4 631 640.2 649.4 658.9 671.2 685.9 697 703.3 700.7 662.6 644.8 631.9 611.7 592.6 577.7 555.3 526 501.5 487.3
794 791.5 789.1 786.6 786.6 786 784.9 782.1 778.2 772.4 763.3 753.6 741.6 734.7 727.4 721 713.4 707.4 701.6 696.5 700 705.6 713.3 722.1 732.6 743.3 754.3 761.7 764.5 762.5 762.5 763.8 768.7 773.6 778.3 779.3 774.8 767.1 756.8 746.6 729.5 712.8 693.7 681.7 670.1 650 623.4 612 600.1 583.4 573.6 573.6 570.9 581.3 595.6 597.2 605.6 608.7 619 630.6 641.3 650.6 659.3 669.4 683.6 694.6 701.9 708.2 709.5 704 676.9 663.3 659.9 644.5 614.2 574.8 533.5 507.5
797.6 789.8 783.2 779.8 778.2 778.6 779.2 778.3 775.7 771.7 765.3 757.7 748.2 738.9 730.1 720.9 714.3 707.3 700.3 695.3 694.4 700.2 707.7 717.9 728 738.1 747.7 753.5 756.1 757.2 756.7 758.1 765 770 774 774.3 770.8 763.8 757.5 748.6 738.1 726.2 708.6 695.1 677.1 642.9 619.4 615.3 599.2 590.9 604.7 605.1 590.8 585.2 594.6 599.8 610.3 609.4 618.3 629.5 641.8 650.5 658.4 667.7 680.8 691.9 700.4 706.5 708.8 710.7 717.9 723 725.4 705.2 660 618.5 579.1 544.1
800.8 792.2 784.4 776.6 770.4 771.5 772.6 772.8 772.2 769.5 764.4 757.8 750.2 740.4 729.7 720.4 712.4 705.1 699.6 694.7 691.2 696.8 702.7 710.6 721.5 731.4 741.5 747.2 750.3 751.4 751 756.7 762.2 766.6 769.1 767.8 764 758 754.4 748.6 742 730.5 715.7 702.1 674.6 651.8 654.5 630 616.6 617.6 625 609.6 598.8 588.2 592.2 597.5 604.7 611.5 616.1 629.5 641.1 649.2 656.4 666.5 677.5 689 698 703.8 708.3 714.1 721.2 727.7 730.4 733.7 726.3 674.8 620.3 590.9
806.2 796.4 785.8 778 772 763.6 764.9 764.5 765 764.4 760.4 755.7 749 739.1 729.2 719.1 707.6 698.9 694.4 690.7 687.8 691 696.8 703.8 714.8 725.2 734.2 740.2 743.1 744.5 747 754 759.6 762.8 762.1 758.9 755.5 751.6 748.5 745.9 742.5 735.1 721.8 703.3 683.9 674.1 653.4 636.9 633.4 633.8 618.5 615 596.8 592.9 595.9 601 605.1 610.9 616.3 628.6 638.7 646.1 654.5 664.4 674.4 685.2 694.2 700.5 705.3 711.6 718.8 725.7 732.4 739.5 740.5 699.2 657.6 616.2
810.9 802.4 790.9 782.9 774.9 763.5 755.8 756.1 755.4 755.9 753.1 752.2 747.5 737.5 728 715.4 703.5 695.8 689.8 685.2 683.2 685.4 689.5 696.3 706.2 717.5 726.9 732.3 733.7 736.5 744.5 750.9 755.9 758.7 757.6 754.1 748.4 744.5 743.1 741.9 739.3 735 719.3 707.4 693.3 673.9 653.8 647.2 641.1 636.4 621.1 603.2 598.1 594.1 598.1 599.7 603.3 608.6 616 626.3 635.7 643.7 652.8 663.3 672.9 681.3 689.9 696.4 701.5 709.1 716.3 723.5 732 739.6 740.7 714.6 686.7 662.6
820.2 808.5 796.1 788.1 778.3 764.3 752.7 745.8 746.3 747.1 746.3 745.8 745.4 739 731.6 721 707.3 697.3 686.3 679.8 677.8 678.2 682.9 691.5 699.6 709.7 720.8 725.5 727.6 734.8 742 747.9 752.2 753.6 752.1 748.3 742.7 737.7 736.4 735.2 734.4 728.6 719.2 711.2 693.8 672.9 657.1 649.7 641.9 632.2 611 600 593 598.5 599 599.6 604.4 607.7 615.7 624.7 634.2 641.3 651.5 660.7 669.9 678.3 685.6 691.9 697 705.5 713.8 722.2 730.2 735.2 737.8 735.5 724.5 722.5
824 812.3 800.6 792.3 779.4 762.7 751.7 743.2 735 736.2 738 739.1 738.3 738.5 734.2 724.2 712.5 699.7 687.2 679.1 676.3 675.2 677.4 687 696.3 706.3 715.2 720 723.4 732.3 739.7 745.1 747.1 747.4 744.9 740.9 734.9 729.9 728.6 729 728.4 725.4 718.1 708.3 698.3 689.4 656.4 643.8 632.5 620.6 605.8 596.9 593 593 598.8 599 602.5 606 612.5 623.7 632.2 639.5 648.7 658 666.9 674.7 681.6 686.2 693.5 701 709.9 719.2 726.1 731.1 734.9 738.8 741.9 742.4
825.5 815.7 803.8 793 777.4 761.5 749.8 739.3 733.1 726.4 728.6 730.5 730.2 732 732.5 725.6 716.5 704.3 691.5 681.9 677.1 674.2 674.6 685.1 695.2 703.3 709.4 712.2 721.8 730.9 737.9 741.6 742.1 740.6 736.1 732.2 726.6 722.2 721.9 721.9 720.9 720.9 714.8 701.9 687.8 673.5 648 637.9 625.4 614.5 602.8 593 593 593 593.7 599.1 601.3 605.3 609.5 619.3 629.8 639 647 655.6 664.8 671.8 677.5 683.2 689.6 697.4 706.1 715.2 721.5 726.3 731.4 735.9 741 742.1
828.5 817.9 805.1 791.9 774.3 759.2 747.7 737.9 731.6 726.4 717.9 722.5 721.9 724.3 727.2 722.4 713.2 703 693.2 685.4 680.4 674.6 674.1 683.5 693.1 698.7 701.9 709.9 720.9 729.2 735.9 738.4 737.9 734.9 728.5 724.5 719.4 716.9 716 715.2 713.8 713.9 706.8 695.7 675.2 659.1 638.4 630.3 620.7 612.8 603.2 593 593 593 593 593 593 599.4 607.3 615.7 627.1 638.7 646.7 654.4 662.7 669.5 675.2 681.6 687.2 696.1 705 711.9 717.3 722.6 728.7 733 738.4 742.2
830.5 818.9 805.5 792.8 775.2 760 749.1 740.1 731 723.4 717.5 715 714.2 715.4 718.5 714.8 706.7 697.2 689.5 683.8 680.1 675.6 671.6 681.9 688.4 691.8 698.7 709 721.6 729.2 733.2 734.5 733.1 730.8 722.5 716.9 712.6 708.9 708.8 708.6 707.4 707.7 699.8 688.1 668.1 647.1 630.8 624 619.4 610.4 602.2 593 593 593 593 593 595.9 600.2 607.5 615.3 626.1 637.5 645.7 653.8 660.2 666.9 673.2 679.5 685.6 695 704.9 711.7 717.5 723.5 728.2 731.2 734.6 736.2
829.6 819.4 807.9 794.4 779.4 763.9 751.5 741.1 730.1 722 715.1 705.9 702.9 705.4 707.3 706 699 691.2 685.1 680.5 675.9 672.2 668.6 676.8 680.4 689.3 697.5 709.2 720.9 727.3 730 728.6 726.3 723.9 717.2 712.7 707.7 701.5 701.9 703 701.7 700.6 690.9 680.9 660.7 642.4 628.6 621.6 618.7 608.4 602.6 599.6 600.6 597.6 593 597.1 596.9 602.7 609.4 616.9 626.9 636.9 644.5 653 658.1 663.2 669.2 676.3 684.2 693.5 703.5 711.7 718.9 725.9 730.1 731.7 731.3 729.1
828 819.1 807.8 793 780.7 766.1 750.6 740 729.2 720.3 713.2 706 697.7 697.2 697.5 696.5 692.6 687.3 681.9 675.6 672.3 668.1 666.3 672.5 681.6 688.5 697.5 709.7 720 724.8 725 722.1 720.2 720.1 711 706 700.8 695.6 695.9 696 695.9 693.2 683.6 673.3 656.9 640.3 626.6 619.3 613.7 608.4 606.2 606 605.7 601.4 595 598.6 600.2 604.8 611 618.1 625.9 635.6 643.4 651.4 656.5 661.4 667.5 674.7 682.4 691.8 701.9 711.8 720.3 727.7 730.6 730.5 728.7 724.8
826.6 816.4 803 789 777.2 763.2 749.9 738.2 726.4 717.7 710.2 703.4 696.5 687.6 691.5 689.5 688 682.6 676.9 671.7 668 663.6 662.7 670.8 678.4 688.1 697.4 710.2 717.8 720.1 717.5 715.3 716 715.2 706.5 700.5 696.5 691.1 690.3 689.6 688 684.3 674.2 665.3 646.6 634.8 624.1 617.4 612.5 610.4 611.9 609.3 607.8 602.8 597.3 600.7 602.5 607.7 612 618.2 626.2 634.9 642.6 650 656.4 661 667.1 674.3 682 691.7 702 710.9 720.2 727 728.9 728.5 725.7 722.2
822 813.1 796.7 783.3 770 759.7 749 740 728.5 716.9 707.3 698.9 693.4 688.7 682.3 685 683 677.2 673 667.9 663.4 659 659.7 667.2 675.6 686.1 696.8 709 714.7 716.6 715.3 712.8 710.7 709.6 701.5 694 688.7 684.3 683.3 681.6 678.8 674.5 664.4 652.8 641.5 631.1 622.3 618.3 614.2 611.9 613.7 612.8 610 603.7 604.4 604.3 606.4 610 613.4 618.5 626.6 636.7 643.5 649.9 656.2 662 667.9 674.4 681.9 693.8 702.7 710 717.3 723.1 725.3 725.3 723.2 719.7
