public/OST50/NH38.asc
ncols 200
nrows 200
xllcorner 230000
yllcorner 880000
cellsize 50
[rows 35 to 69 of 200, columns 0 to 77 of 200]
554.8 518.3 479 439.9 404.4 372.7 348.7 328.3 310.5 306.8 301.9 302.2 304.3 307.4 304.1 305.9 304.6 307.9 307.4 303.3 308.4 316.7 325.2 336.6 357 377.9 392.9 408 415 431 452.2 469.9 482.6 488.5 498.8 552.6 604.6 631.8 651.1 676 703.6 732.6 750.7 755.8 757 758.9 761 763.8 748.8 693.4 664.5 629.7 598.7 578.9 563.2 551.3 535.8 517.3 516.1 516.1 516.1 516.1 516.1 516.1 516.1 531.6 557.1 588.9 627.6 669.4 704.1 741.2 770.6 782.3 788.6 793.1 799.1 806.8
576.5 538.4 496.9 455.8 419.4 386.6 357.3 337.5 322.9 313.4 307.3 307.3 312.5 313.5 312 310.2 308.8 309 308 304.9 309.4 313.6 319.9 330.4 358.9 398.6 401.6 391 399.4 423.3 439.2 458.9 465.8 465.9 474.3 526.3 575.6 607.4 627.6 647.7 675.8 705.5 733.2 746.2 749.8 751.5 756.9 762.2 768.6 715.9 684.2 649.6 616.6 591.2 568.2 548.8 531.1 516.1 516.1 516.1 516.1 516.1 516.1 516.1 524.3 561.9 595.1 623.8 665 696.8 728.9 764 787.1 797.8 801 803.5 807.9 814.6
603.5 564.1 524.6 484.7 440.3 410.7 383.8 359.7 342.7 326.2 318.4 316.1 319.6 323 320.6 315 311.7 309.8 307.8 308.7 311.7 313.3 317.1 326.1 358.2 391.2 399.3 401.4 393.8 402.9 424.3 444.8 451.2 451.8 453.5 495.6 545.2 580.5 604.3 619.6 640 671.3 703.4 730.8 738.1 743.3 750.4 758 768 771.9 728.4 679.5 649.6 623.4 595.6 565.7 542.9 524 516.1 516.1 516.1 516.1 516.1 540.6 564.4 596.2 621.3 659.1 696.6 735.8 760.2 784.4 791.2 798.5 801.5 806.1 811.6 819.1
623 596.7 561.1 526.6 482 442.5 409.5 379.7 356.9 342.4 337.2 329.7 328.1 331.1 324.8 318.7 312.2 308 305.5 308.8 310.1 310.4 314.2 320.8 359.5 382.5 389.8 394.9 399.9 395.3 402.6 420.5 434.7 437.8 439.8 465.5 514.6 552.4 580 593 609.8 644.2 672.2 710.1 723.4 732.7 743.8 754.8 764.4 773.1 759.3 739.5 704 682.7 639.2 611.4 581.4 559.9 536.7 530.4 524.7 544.6 570.9 584.3 605.6 639.8 666.1 699.2 733.2 769 785.5 787.9 792.4 796.9 801.7 806.9 813.7 822.5
668.9 610.8 577.9 544.2 506.7 473.2 433.2 408.3 377.3 368.4 361.2 352.2 340.8 339 330.3 321.2 313.2 311.3 307.3 306.5 308.1 310 313.2 321.5 353 372.7 379.2 385.2 391.8 396.4 401.5 402.2 415.8 426 425.8 442.1 482.8 526.2 556.1 568.6 579.8 601.7 644.8 680 701.1 721.5 737.5 751.2 761.5 771 776.9 777.5 760.4 727.1 693.1 653.4 621.8 607.6 579.6 576.5 584.6 602 618.1 624.5 650.6 679.4 706.3 736.1 769.7 781.2 783.3 786.8 791.1 796.2 801.4 807.4 815 824.3
668.3 638.9 604.3 560.5 524.6 505.4 477.6 458.9 426 400.6 391.3 374 352.3 342.7 334.1 321.7 313.7 310.7 309 306.8 309.9 310.2 313.9 323.7 349.8 363.5 371 376.1 382.9 387.2 401 401.9 401.4 410.1 416.4 427.7 452.6 495.5 525 543.2 553 572.7 612.5 648.2 665.8 706.1 729.4 747.1 759.3 768 772.6 773.8 770 761.1 738.2 696.5 654.3 630.7 635.6 630.8 642.8 667.5 670.2 670.5 684.3 712.2 743.2 764.4 772.8 777 781.2 785.6 790.3 795.5 801.2 808.1 816.2 824.1
659.9 625.9 592.6 557.1 531.4 502.1 480 457.4 446.3 424.5 403.9 384.1 363 345.9 335 322.6 314.9 314.1 312.5 307.7 310 312.2 315.3 325.6 342.1 354.9 362.6 367.5 370.9 376.8 386.2 392.6 395.9 396.7 401.1 415.5 435.9 470.8 493.4 514.8 526.9 547.9 577.9 613.9 650.2 687.5 715.2 738.8 752.7 761.3 766.4 768 767.1 764.3 757.3 719.6 706.9 695 690.6 679 706.6 730.9 731.4 726.4 730.6 729.9 753 766.3 772.2 776.5 781.1 785.3 790.4 795.7 803.4 811.1 819.5 826.9
647.4 611.2 576.2 544.6 517.6 489.6 469 450.6 435.4 424.5 407.1 389.9 371.7 351.1 335.9 323.6 316.2 314.8 308.8 308.9 311.8 316.8 322 326.5 337.3 344.6 352.5 353.3 358.5 366.5 373.5 380.3 387.2 391.8 392.7 402.2 418 439.2 463.6 483 505.6 520.4 550.2 577.5 625.2 664.8 696.1 724.7 744.1 753.2 759.9 762.3 761.4 761.1 758.6 757.4 750.8 748.5 746.8 733.8 747.4 746.8 747.1 751.8 756.2 755.9 760 767.7 773.4 779 782.8 786.8 791.6 797.3 805.3 813.6 822.8 829
631.9 595.8 561.9 527.4 499.6 477.2 456.6 440.3 427.7 419.2 406.5 391.8 376.8 357.1 335.3 324.2 321.6 314.7 310.4 310.5 314.3 321.2 324.2 330.3 334.4 339.2 341.6 343 344.9 353.4 361.3 367.5 373.9 380.2 384.5 391.8 404.1 415.5 440.3 464.1 483.5 496 517.4 549.7 592.9 638.1 669.3 698.4 722.2 741.7 750.8 755.6 757.2 757.4 758.2 759.8 759.8 759 756.6 753.3 750.7 748 750 754.4 758.2 761.5 764.9 769.4 774.6 779.5 784.6 788.7 793.8 801.1 809.1 819.3 826.1 832
611.7 581.5 545.5 510.8 482.7 462.3 444.4 428.5 420.2 412.6 403.2 393.2 379.1 361.6 335.1 327.1 327.1 317.3 312.2 311.4 311.9 318.2 323.2 328 334.4 336.4 338.4 339.5 340.6 342.5 347.1 354.6 362.8 368.5 373.3 380.2 389.4 399.4 417.4 440.4 456.9 473.5 488.9 530.1 565.2 604.9 635.8 662.1 692.5 720.5 728.1 748.8 752.9 755.9 757.8 759.4 759.4 758.9 756.8 753 748.8 746.1 749.5 754.3 759.3 763.6 766.2 771.2 776.7 782.2 787.6 792.5 798.6 805.6 815.9 824.4 830.6 835.6
601 564.6 527 493 466.6 450 430.3 418.9 410.1 403.8 397.3 389.8 373.3 356.2 339.2 331.7 328.7 321.7 316.6 313.9 318.5 322.8 325.1 330.3 336.4 338.3 339.8 338.1 337.2 336.4 337.8 342.4 354.4 359.3 366.7 371.1 377.7 386.2 398.5 415.8 433.3 449.8 466 493.9 538.3 572 606.8 629.7 656.1 680.4 704.6 735.1 747.4 754.1 757.3 758.2 757.7 756.6 755 751.6 746.7 743.7 747.3 753.8 760 763.6 766.5 771.2 779.9 786.5 791.9 797.3 803.5 814.7 823.7 829.9 834.5 837.7
583.5 544.4 507.6 477.8 453.4 438.8 422.4 411.7 405.6 400 399.5 390.7 382.3 367.3 347.1 339 336.7 335.1 333.6 330 330.1 335 338.1 334.5 336.3 338.2 338.5 340.8 340.1 339.1 336.6 337.8 340.4 349.9 358.4 364.4 368.9 375.6 383.2 398 414.2 430.6 444.6 474.2 509.6 545.7 572.5 598.9 622.5 638.7 686.9 712.9 736.3 749.6 754.2 755.6 755.5 754.2 752.2 748.9 744.9 740.5 746.1 753.4 759.3 763.5 767.1 774.2 782.8 790.6 797.6 803.4 811.3 821.9 828.9 833.9 838 840.5
569.7 534.2 499.6 469.4 444.6 428.7 416.2 406.9 401.5 395.3 395.6 392.7 383.8 371.5 361.8 351.8 352.2 354.5 352.1 350.5 344.7 346.9 344.5 342 342.8 341.8 341.4 343.6 346 344.1 340.3 338.3 337.5 338.3 341.6 351.8 361.6 365.5 370.4 382.6 397.4 412.1 425.6 447.2 482.4 509.5 542.2 566.6 589.7 617.8 653.6 677.4 711.2 738.9 748.9 751.3 752 750.7 748.6 746.7 742.6 736.4 743.3 751.5 757.2 763 768.4 776.5 784.8 793.3 802.1 810.3 819 826.6 832.1 837.2 841.3 842.5
563.7 528.4 495 467.4 445.4 426.2 413.2 405.9 400 399.4 399.4 391.4 383.1 382 372 369.5 373.1 377 376.4 376 364.1 357 355.9 353.5 351.5 350.9 356 364.4 366.1 362.5 356.2 345.2 341.7 338.7 337.7 341.4 346.8 353.8 361.4 370.2 382.3 393.5 407.2 425.5 456 477.6 512.9 535.7 555.1 585.7 613.5 650.2 678.3 716.3 738.4 744.3 747.1 746.9 746.1 744.1 740.6 731.2 739.7 749 755.9 762.7 769.5 777.8 785.8 796.4 806.5 815.3 822.9 828.8 834.8 840.4 843.8 843.5
565.8 526.6 494.4 466.4 442.9 428.6 413.1 406.1 402.6 401.3 397.8 395.2 392.3 392.4 393.9 397.3 403.4 406.3 405.9 399.1 389 375.7 370.4 363.3 365.3 371.7 395.4 403.4 405.5 393.8 380.5 363.6 352.9 343 338.4 340.3 342.6 345.1 353.3 356.7 366.7 379.3 391 406.9 430.1 455.6 479.1 505.7 528.1 557.6 583.9 615.6 648.6 691.7 718.7 734.4 740.6 742.4 742.3 740.9 737.8 725.6 738.4 747.6 755.7 762.6 770.6 779.8 790.3 801.1 810.6 818.5 824 829.9 835.5 840.5 843.2 841.9
581.2 538.4 502.2 468.1 455.4 441.4 427.4 419.6 413.2 411 408.3 407.3 407.6 413.9 421.9 434.8 439.6 438 428.7 425.4 415 399.7 385.2 377.7 384.2 423 454.2 461.3 442.2 415.7 401.6 382 364.3 349.9 339.4 338.2 339.1 340.7 345.2 349.7 354.5 364.1 375.9 389.2 410.9 433.1 456 480.2 498.4 527.1 559.6 584.8 615.4 665.5 693.7 718.3 732.3 736.6 737.9 736.4 729.5 721.9 737.8 747.4 755.1 762.8 771.4 782.4 795.2 804.6 812.9 818.8 823.7 828.4 833.6 837.3 839.5 837.9
618.5 568.1 526.4 485.8 465.9 455.9 447.3 446 443.4 435.2 436.8 435.6 440.5 446.2 466.8 494 482.4 478.7 477.7 464.7 446.8 427.2 414 434.4 467.9 487.4 497.5 482.2 457.2 437.3 418.1 398.9 381.6 365 347.3 342.3 338.5 339.6 341.3 345.9 350.4 356.7 364.7 375.3 393.2 410.5 430.9 454.9 481.9 506.5 531.8 559.8 585.9 633 668.1 689 717.6 729.1 731.7 728 716.8 720.3 736.8 746.8 754.6 762.4 772.6 784.3 796.1 804.7 811.5 816.9 822.3 826.3 829.8 832.5 833 831.2
639.9 582.7 533.1 514.9 494.6 479.8 477.7 482 483.5 486 504.2 505.6 495.1 505.6 539 561.6 548.8 555.5 538.5 530.1 497.9 481.1 515 531.1 515.4 498.3 487.8 479.9 467.6 451.5 434 414.4 398.1 377.3 356.3 346.6 342.2 340.7 340 342 346.1 351.1 357.7 363.6 376.9 391.8 411.8 429.9 453.8 482.3 509.9 531.8 555.8 599.6 633 662.6 692.1 719.8 720.6 713.9 705.1 720.8 736.6 745.8 753.5 763 772.7 785 795.5 802.8 808.6 813.7 818.8 822.7 825.5 827.2 825.7 823.4
650.6 592.6 585 561.3 534.6 514 527.2 540.7 536.9 568.1 579.6 573.8 539.1 567.3 616.6 611.1 627.4 621.4 605.4 592.3 572.1 568.3 551 529.6 510.7 493.5 482.9 478.6 473.5 459.5 442.6 425.7 403.4 383.8 372 352.7 344.4 342.4 340.6 341.2 342.3 345.1 350.9 357.6 365.3 376.4 392.6 411.6 431.9 453 481.5 500.7 537.6 569.5 604 634.8 667.2 704.9 704.1 694.8 706.9 724.9 736.5 745.1 753.2 762.7 772 783.9 793.5 800.7 805.7 810.7 815 818.6 820.4 821.2 819.8 818.3
671.5 660.6 642.8 606.6 580.4 557.6 594 605.1 629.2 659.6 639.4 605.2 593.7 619.6 673.7 680.4 692.8 681.5 655.6 626 594.8 567.8 545 522.8 502.8 489.2 480.9 473.9 474.3 463.4 445.2 431.1 416.8 400.2 381.3 365.4 352.3 346.7 344.8 341.4 341.7 343.2 344.1 349.7 356.7 366 377.9 394.3 413.8 432.9 454.6 478.4 520.2 543.6 577.3 603.5 641.7 677.9 675.1 684.5 710.6 723.6 734.8 744 752.5 761.4 770 781.5 790.6 797.2 801.7 806.9 811.2 814.4 816.7 817 814.9 812.9
703.6 693.8 672.3 643.5 610.8 613.4 662.9 691.7 720.1 703.1 661 637.2 635.4 674.4 724.1 742.4 738.3 710.3 666.1 626.6 592.1 562.9 536.2 516.9 501.1 488.2 480.2 472.8 471.5 468.5 454 436.9 421.3 408.4 393.1 384.5 373.8 358.6 351.1 345.8 342.4 343.8 343.5 345.7 350.8 356.1 365.5 377.7 396.5 415.7 432.2 456.7 484.8 517.6 544 573 606 643 671.7 696.2 711.1 722.2 729.3 740.7 750.3 759.4 767.9 776.8 786.8 792.9 797.9 802 806.1 810.8 813.1 812.4 808.7 807.1
706.3 700.9 682 667.1 645.8 668.3 739.4 761 765.6 724.8 695.6 679.3 702.6 741.1 768.3 760.9 758.2 723 675.1 632.7 598.6 566.3 536.8 516.4 503 487.3 479.8 477.8 475.7 470.7 457.8 442.6 431.5 422.5 417.4 411.9 397.7 375.9 362 352.7 344.2 343.9 345.2 345.8 347.2 351.8 358.1 368.1 382.5 401.7 418.6 440.3 462.6 495.6 514.2 543.5 576.1 614.1 668.9 696.6 715.1 728.2 737.3 745.6 752.9 759.8 764 774.7 782.1 791 796.9 801.9 808 811.9 814.5 814.3 809.9 804.9
711.1 711.3 697.5 676.7 679.6 711.3 759 766.7 770.6 774.8 734.5 757.8 788.7 778.5 774.1 764.7 760.4 754.8 709.1 648 611.2 579.5 553.1 537.2 520.2 501 489.6 487.1 483.4 480.5 471.9 457.7 452.1 448.4 445.5 434.6 424.1 401.2 376.1 359.7 348.5 345.3 346 346.6 348.4 350.3 354.7 363.7 372.5 385 401 424 445.2 472.1 494.5 517.8 551.1 614.3 654.9 689.9 713.3 727.9 738.2 746.5 755.3 762.9 769.4 777.1 784.8 792.6 799 803.9 809.1 813.4 815.9 816.6 812.4 806.6
711 714.6 710.1 704.1 723.9 750.2 756 768.4 772.4 780.7 790.2 791 784.6 776.8 773.1 766.2 757.8 757.3 731 683.6 643 611.1 588.1 566.8 543.5 530.5 517.2 505.5 504.8 503.9 499.6 489.6 484 482.8 477.2 462.2 452.9 423 393 378.5 360.3 352.2 350.5 350.5 348.3 350.4 352.4 357.9 366.3 375.6 389.1 409.2 427.3 452.6 473.1 499.1 529.5 591.1 637.9 670.1 700.4 721.7 734.4 742.9 751.8 762.1 771.3 778.7 786.1 793.5 800.3 805.2 810.7 815.6 819 819.9 816.5 809.4
714.6 716.4 718.4 734.3 745.8 750.3 754.6 764.6 773.7 782.2 785.1 788.2 784.5 772.6 767.1 763.6 757 755.3 746.7 710.4 668 647.3 624.4 606.9 582.5 569.6 556.8 548.7 549.8 550.9 548.7 543.2 544.9 532.5 520.5 509.4 479.9 447.6 419.7 402.5 378.5 368.1 364.8 358 353.6 351.1 353.4 355.2 356.5 366.8 379.9 395 413.2 432.2 457.2 491.3 515.2 567.7 609.2 646.5 690.1 712.5 727.2 737.2 745.7 758 769.1 776.9 784.9 792.7 800.2 806.4 812.9 818.2 821.7 823.8 822 816.6
721.3 732.6 736.2 742.4 749 749.4 760.8 762.4 772.8 779.6 782.3 783.8 778.3 766.9 761.7 759.7 755.1 754.3 746.7 724.7 702.7 686 664.4 649.1 634.5 615.5 603.8 612 615.3 605.5 619.5 607.8 607.5 590 593.1 570.1 527.4 488.6 450.9 425.4 401.8 387.5 380.6 368.5 361.2 361.3 359.2 360.3 360.7 362.5 372.8 385.3 399.7 421.1 445.4 489 506.6 542.6 590.7 630.6 662.2 694.4 714.3 728.1 740 753.3 765.2 773.9 782.5 790.4 800 807.4 815 820 824.1 826.8 826.1 822.7
741 754.7 748.8 749 749.7 756.3 758.6 763.5 771.2 776.1 780.2 777.5 775 769.8 762.2 758.6 757.2 754.6 747.5 734.4 721.4 723.4 721.4 716.8 689.8 671.5 673.7 673.8 668.8 694.8 700.1 680.9 658.2 649.6 633.1 598.2 561.1 523.2 479.9 457.6 432.7 413.8 398.5 387.5 382.7 374.6 370.9 370.3 372.6 370.2 366.4 378.3 391.2 411.9 437.5 464.9 494 521.1 560.3 607 636.5 662.9 682.8 717.5 734.7 751 762.9 772.1 779.7 787.5 798.1 807.3 814.9 821.1 826.3 829.6 829.8 826.4
757.3 759.4 752.6 749.5 744.7 754.5 757.1 763.8 769.8 774.5 777.1 776.6 773 769.8 760 756.5 752.4 749.5 743.1 732.7 736.4 740.1 744.1 742.9 723.3 725.7 728 727.6 730.5 746.4 728 711.4 695.7 676.7 646.2 620.8 576.5 547.7 524.9 491.7 474.2 461.1 438.9 434.1 412.3 393.8 387.6 389.8 388.1 381.3 374.7 372.1 385.7 402.5 425.8 452.9 480 503.1 536 569 602.8 626.6 657.9 699.1 733.2 748.6 760.4 770.3 778.1 786.4 794.7 804.7 814 821.7 828.6 833.4 833.4 829.7
759.5 753.9 747.5 744 748.7 751.1 756.6 761 767.5 772.3 772 773.2 770.7 760.2 758.1 754.2 748.3 747.5 742.4 738.6 736.1 736.8 747.2 743.1 742.4 741.2 742.6 746.4 760.1 748.7 732.5 721.6 699.4 682.6 664.3 648 625.8 600 583.2 573.1 554.6 531.2 503.1 482.5 441.5 420.4 404.7 417.9 410.5 396.7 386.1 385 379.5 397.3 413.4 438.9 465.7 489.1 514.2 539.9 566.9 603.3 652.5 704.7 731.8 745.3 757 766.5 775.4 783.7 793.6 802.8 813 822.6 830.8 835.8 836.3 833.1
755.1 749.6 743.3 740.6 744.8 749.7 753.1 758.1 761.9 765.8 766.3 768.7 765.4 756.5 754.3 750 747.6 746.4 747.2 745.7 741.7 737.7 738.4 738.2 740 739.5 742.8 745.1 742.2 736.2 724 715.3 696.3 691.3 677.3 665.5 655.3 643.2 617.2 591.9 570.3 546.9 522.5 495.9 461.2 435.1 437.2 442.5 424.9 414 406 396 391.4 390.7 404.7 428 450.8 474.7 490.1 522.7 554.6 598.5 649.1 707.2 727.3 741.4 751.5 761.2 770.1 780.4 792.6 801.7 812 823 832.7 837.8 837.9 834.8
750.2 741 740.4 737.8 741.8 745.1 750.6 754.5 757.2 760.9 761 760.3 758 753.8 752.2 748.4 746.3 749.5 750 749.3 746.6 739.6 735.8 736.8 736.5 736 740.5 734.5 730.5 726.2 718.5 706.3 694.5 689.7 681.9 673 663.2 651.9 627.2 596 577.4 560.4 539.5 510.2 473.1 450.3 483.3 508 475.7 443.9 431.4 412.1 402.1 397.7 405 423.9 442.9 460.3 484.5 511.8 547.5 586.7 642.1 700.2 723.8 738 748.5 758.4 767.5 778.8 789.5 802.4 813.2 825.3 834.4 838.5 838.6 836.2
747.5 738.1 736.2 735.9 741.1 743.6 745.8 749.1 754.2 755.4 758.2 752.3 748.4 749.3 748 746.8 747.1 750.9 750.9 750.5 747.2 737.6 730.8 729.8 734 731.5 733.8 729.5 721.2 714.8 705 701 689.5 687.5 678.6 666.8 662.5 653.6 633.6 605.3 590.1 569.3 545 508.6 474.8 486.3 526.8 524.8 495.4 466.9 444.9 424.8 412.7 407.7 403.7 417.1 437.6 456.3 479.6 509.1 541.9 584.6 635.9 690 725.2 738.1 748.1 757.8 766.6 777.1 789.2 801 813.9 825.7 834.8 838.3 838.2 835.3
741.5 739.5 737.6 734.5 736.4 741.1 742.5 746.2 750 752.9 753.4 747 747.9 745.4 744.3 745.3 745.7 749.2 754.7 751.4 740.8 734 730.2 728.9 725.6 724.4 727 717.6 711.5 702.4 695.4 686.6 681.8 679.7 670.8 666.6 668.7 657.6 652.1 626.1 602.9 581.5 550.3 510.1 516.5 543.4 575.3 577.4 546.2 511.7 463.3 441.6 428.1 420.4 416.7 419.5 437.7 459.7 485.9 510.5 542.6 582.1 643.9 691.9 724.5 736.9 747.5 757.5 766 775.9 789.3 801.5 813.8 824.8 833 837.3 836.1 832.5
737.8 738 738.2 732.9 735.3 737.3 740.1 743.8 747 749.3 748 742.5 742.5 741 740.3 742.6 746.9 753.5 755.3 750.5 741.8 733.6 729.8 725 721.5 718.7 719.2 711.8 707.5 700.5 694.4 687 682.1 678.4 672.6 674.6 674.8 668.8 657.2 640.3 611 585.8 552.7 546.9 573.3 602.9 604.7 579.4 550.6 523.3 497.2 467.4 446.5 438.5 435.1 432.5 445.2 466.6 495.4 525.5 563.4 611.4 662.6 705.3 722.8 734.2 744.6 756.1 765.3 775.9 787.6 799.8 813.1 823.5 830.5 834.1 833.2 830.6
735.4 735 733.2 731.5 733.5 733.6 736.3 740.6 743.8 745.2 741.3 738 738.5 737.5 739.5 741.8 748.6 754.7 749.1 747.3 738.5 734.1 728.1 723.9 713.4 717.9 713.7 708.6 705.3 698.8 697.7 692.6 687.9 685.1 677.3 682.1 682.8 674.5 663.9 638.9 613.6 585 572.8 597.6 618.2 619.5 613.6 592.9 562.9 536.2 512.8 508 507.9 499.6 469.2 455.2 465.6 479.8 494 536.7 585.2 634.2 685.2 711.2 719.3 731.1 743.4 754.9 765.2 777.3 787.9 798 810.6 820.5 827.1 830 830.2 828.4
