public/OST50/NH39.asc
ncols 200
nrows 200
xllcorner 230000
yllcorner 890000
cellsize 50
[rows 70 to 104 of 200, columns 78 to 155 of 200]
164.2 173.6 186.5 202.5 216.2 217.5 219.1 222.1 226.4 232.5 235.2 240.2 244.1 249.8 257.2 262.2 266.2 269.6 271.9 271.3 274.1 278.5 288.9 294.8 297.3 303.5 308.8 317.6 317.8 315.4 312.7 310.9 312 305.7 302.4 296.2 294.7 292.3 292.3 296.5 302.7 306.5 308.6 310.4 310.3 310 311.3 311.1 306.9 304.6 303 302 300.7 297.5 290.9 286.4 283.2 281.6 277.8 274.1 271 266.8 262.4 259 256.3 251.3 248.7 247.7 245.6 241.2 236.8 234.5 230.9 227.2 224.5 222.2 220.9 220.2
166.3 177.6 192.8 208.9 214.4 215.2 220.2 226.4 229.6 234.3 245.8 250.1 248.6 253.4 260.9 269.4 273.2 274.3 273.6 273 275.8 282.4 292.1 297.8 304.2 310.6 317.9 322.4 322.2 321.1 319.1 319.8 319 317.1 315.2 308.8 304.4 297.2 294.1 297.7 305.1 311.4 314.7 314.8 315.9 317.2 316.9 315.8 316.5 318.2 318.6 315.5 311.2 305.4 299.9 290.5 287.5 285.6 282.2 278.8 275.9 272.4 268.9 265.5 261.2 256.9 254.9 253.1 251.2 247.7 242.6 238.6 234.3 230.6 227.7 225.4 223.6 221.7
167.4 181.9 196.9 210.8 214.1 215.7 226.2 230.9 235.2 245.7 252.8 252.3 249.7 256.2 265 272.9 276.8 276.5 276.1 278.5 282.3 288.1 294.2 300.3 307.3 314.3 317.6 321.4 322.5 323.9 328.6 330.6 330.2 326 318 312 305.9 300.4 300.4 310.1 316.3 320.7 324.5 327.3 329.8 331.1 331.4 332.4 330.4 330.5 330.6 327.2 321.8 314.7 309.6 304.5 298.9 293.1 287.9 284.6 281.8 278.2 275 273 268.9 263 258.9 256.3 254 251.1 247.3 242.7 238.3 235.3 232.2 229.5 226.1 223.2
173 188.5 201.6 212 215.9 222.1 230.3 236.9 243.9 250.3 252.9 252.6 258 261.8 264.8 276.1 277.8 276.4 280.1 285.6 286.2 289.3 297.3 305.7 312.4 317.3 319.3 322.1 323.5 325.3 328.9 330.9 330 326.7 322.4 317.1 313 308.5 312.1 323.1 326.8 330 334 338.9 343 347.9 347.6 345.3 343.6 343.4 343.5 340.4 334.2 327.1 317.5 313.1 306.4 300.1 295.9 293.2 289.9 284.7 280.7 278.6 275.3 270.7 264.4 259.4 256.4 253.8 250.8 247.4 243.8 240 236.5 232.8 228.9 225.4
180.5 195.1 206.8 218.1 225.3 234.6 238.4 242.5 249.2 254.9 259 261.7 265.9 267.5 267.9 275 277.5 279.6 286.2 289 289.5 293.7 303.5 309.5 314.2 317.7 321.4 325 327 328.1 330.4 333.3 331.9 329.3 324 323.5 323.3 325.2 326.7 329.4 332.5 340 345.7 350 357.8 363.6 363.3 361.3 358.2 355.3 353.4 347.1 340.6 334.3 327.4 321.1 314 310.1 306 303.1 300.5 296.5 292.9 288 283.7 277.9 271.5 264.6 259.5 256.7 253.4 250.2 246.5 242.6 238.8 235.6 232.2 228.8
184 197.4 210.4 226.1 242.8 244.5 241.8 249.2 258.3 264 265 267.7 272.3 273.8 272.6 275.8 280.5 286.8 289.6 291 294.1 299.9 307.6 312.7 316.8 319.9 323.6 330.8 334.2 338.7 337.6 336.7 336 341.3 345.4 346.5 344.5 343.1 340.9 339 340.8 351.3 357.3 360.7 365.1 369.1 367.1 365 363.6 359.2 355.7 352.3 346.2 340.5 334.9 328 322.6 319.1 315.3 310.6 307.5 304.9 302.7 298.7 293.6 285.7 279.6 271.9 264.9 259.6 255 251.4 248.4 245 241.9 238.7 235.5 231.9
187.6 201.2 213.9 232.5 244 249.9 253 259.7 266.4 269 271 274.9 277 277 277.1 281.2 285.9 290 291.7 293.3 299.8 306 310.7 314.8 318 323.6 329.8 334.8 338.7 341.3 345.5 350.1 355.5 358.7 358.7 355.3 350.7 348.7 347.2 347.2 350 360 366.2 365.5 362.9 362.9 364.2 365.5 364.2 361.4 359.3 355.7 351.5 347 340.5 337.2 332.6 327.8 324.5 320.9 316.3 312.1 308.6 305.6 300.5 293.7 286.4 278.1 270.2 266.5 261.7 257.1 252.8 249 245 241.8 238 234.3
191.2 203.2 218.2 233.4 246.1 255.5 258.3 264.6 271.1 274.9 278.3 280.7 280.8 281 285.7 287.5 288.2 291.9 295.3 299.7 307.7 313.8 317 319.2 322.7 327.8 332.9 337.5 341.8 348.1 354.2 359.6 362.2 363.1 361.5 357.7 355.5 355 353.9 354.8 354.4 355.8 360.8 360 357.3 358.1 359.2 361.9 363.9 365.1 365.5 362.6 359.6 357.9 353 345.9 342.4 339.6 337.1 336.5 334.4 327.9 319.5 314.4 307 301.7 295.9 288.7 282.3 275.4 269.9 264.7 259.5 254.4 248.9 243.9 240.2 235.9
193.1 205.9 221.1 233.7 244.8 253.4 261.5 270.8 276.2 278.9 284.7 284.9 283.6 285.6 288.6 291.5 291.9 296.4 302.3 309.8 314.9 318.2 320.5 321.7 324.5 329.6 335.6 341.4 346.8 354.6 360.3 364.2 366.1 365.2 362.3 361.8 363.6 363.9 361.7 359.3 357.6 354.3 352.5 352.2 352.7 354.2 355.2 357 360.8 364.4 365.8 366 364.9 363.4 360.3 357.4 355.4 355.7 354.3 351.8 345.4 341 336.2 329.9 321.6 308.1 301.5 293 286.1 279.5 274.4 269 262.9 257.2 251 245.5 241.1 236.7
195.5 208.8 221.2 233.8 245.2 252.2 261.1 270.4 273.8 278.2 283.1 285.3 287.4 289.1 293.9 295.4 296.2 300.4 308.1 312.5 317.5 321.1 322.8 325.2 328.8 333.5 341 347.5 352.4 359 363.5 365.7 366.8 368 367.4 367 367.8 367.1 363.1 359.9 356.9 352.3 349.7 348.5 348.1 348.9 350.3 352.5 355.9 359.7 364.4 367.7 370.3 371.2 371.8 371.7 369.9 368 368.8 366 359.7 352.3 344.6 336.6 327.7 315.8 305.7 297.6 289.7 283.3 276.5 270.7 264.9 258.7 251.9 246.2 241.7 238
196.8 209.9 219.9 232.3 241.3 249.1 256.7 263.8 269.9 276.7 283.1 286.8 288.4 291.9 295.9 297.7 300.8 306.5 311.7 315.7 320 323.7 326.2 331.3 334.7 339 345.5 351.6 357.2 361.4 363.9 367 370.4 371.5 370.4 369 367.5 366.9 362.8 359 355 350.6 346.9 344.7 344 345.7 348.1 350.5 353.1 356.6 363.2 370.6 376.7 378.8 380.8 381.9 380.7 380.9 380.1 377.2 369.5 359.8 350.7 341.2 333.9 325 313.8 304.1 295.6 287.8 281.8 275.2 268.9 262.3 254.3 246.7 240.3 238.3
197.7 209.3 220.3 230.3 237.6 245.2 253 260.9 268.8 277.7 282.6 285.5 289 294.2 297.8 301.8 307.1 312.2 315.9 319.3 322.6 328.4 332.3 335.4 340.7 346.9 350.4 355.4 360.7 364.8 368.4 371.5 375.1 375.2 373 370.2 368 365.5 360.5 356.4 354.5 350.5 344.3 339.9 340.5 342.4 345 347.4 350.5 354.8 361.4 369.5 377.3 383.4 387.1 390.3 391.5 392.4 390.7 385.8 377.7 369.1 359.7 350.4 341.5 332.4 324.9 314.1 303.3 292.3 283.4 275.8 269.1 263.1 253.5 252.8 248.5 243.9
198 208.3 218.1 226.2 234.2 241.8 250.2 259.3 267.9 276.2 280.2 284.7 290.9 296.2 299.1 305.1 310.9 314.2 317.6 322.1 327.6 332.5 336.4 341.4 346.4 352.3 357.2 362.1 366.7 370.5 373.1 376.1 378.3 378.3 378.1 375.2 369.4 363.8 358.4 352 349 342 338.8 337.5 337.3 338.6 341.4 343.7 349.9 354.7 359.3 368.3 377.6 386.2 392.4 396.1 400.3 403.7 402.7 396.2 387.8 378.4 368.9 358.9 346.9 333.7 323.6 315.1 305.5 294.3 284.1 276.1 271.2 269.2 265.2 262.2 261.8 262.3
195.7 206.5 215.9 224.9 230.6 238 248.2 256.8 265 271.3 277.8 282.2 290 294.3 298.1 303.8 308.9 313.4 319.9 325.7 331.1 335.9 342.3 347.7 353.8 357 363 367.9 371.9 376.1 378.5 379.4 381 380.8 379 372.9 366.5 360 354.4 346.3 341.6 338.6 336.1 335.7 335.7 335.9 338.4 341.6 347 353.8 360.5 369.6 379.8 389.2 398 404.4 408.4 409.3 406.8 400.1 391.8 383.2 373.7 363 353.4 342.1 327.4 317.2 306.2 298.2 290.2 285.5 283.3 279.8 274.2 266.7 264 262.6
192.8 204 213.9 222.9 227.3 235.1 244.8 254.1 261.2 267.5 272.5 278.5 285.1 291 295.5 301.7 308.2 316.4 324 330.2 336.4 343.4 349.1 353.7 358.7 362.8 366.5 371.8 375.8 379.4 381.1 380.2 379.9 378.5 374.8 369.1 362 352.9 348.1 340.6 336.8 335.8 333.8 334.3 334.5 334.1 337.1 340.6 346.2 353.3 361.5 372.2 382.2 391.6 400.1 406.1 410.1 411 407.6 401.9 397 391.5 385.6 377.9 371.2 361 344.8 329 315 306.2 301.8 299.6 294.1 286.5 277.7 269.3 262.9 256
193.1 202.5 210.7 220.4 227.6 235.6 243.4 252.7 260.3 266.1 270.5 276.8 283 288.7 295.9 303.1 312.1 319.6 326.3 334.6 342.1 348.7 354.9 359.8 364.2 369 373.5 376.6 379.5 381.3 381 381.2 378.8 373.6 368.3 360 354.5 346.8 340.7 335.3 333.2 333.2 332.2 332.8 332.7 333.7 336.2 340.4 345.5 352.9 362.7 372.3 381.2 388.9 395.9 402.1 406 406.6 404.8 401.8 397.9 396.1 392.5 386.3 376.6 366 353.5 337.9 324.9 316.3 311.5 306.5 296.1 287.7 276.6 265.9 258.7 248.3
191.9 201.2 210.5 218.8 227.5 235.3 241.2 250.2 256.3 264.2 269.8 276.2 283.7 291 298.6 306.3 314.4 321.6 330 339 348.3 353.9 360.2 365.4 370.6 376.7 380.3 383.6 385.1 385.4 382.2 378.7 373.2 365.7 359.8 353.5 344.5 337.5 333 331.7 329.8 330.6 330.6 331 330 333.1 335.5 339.5 347 353.3 361.8 369.8 378.1 384.1 388.5 392.3 394.9 397 396.1 394.6 392.5 388.4 382.7 374.5 367.1 353.7 340.7 322.1 309.4 308.1 303.6 297.2 287.3 281.5 273.6 263.8 248.4 241.7
191.3 200.3 208 217 225.3 232.8 239.8 247.6 255.7 262.4 269.5 278.4 286.4 293.2 300.3 309 316.9 325.9 333.6 343.2 351 358.7 365.5 370.8 376.8 382 385.1 385.4 385.7 382.7 376.9 370.3 365.8 359.4 351.3 342.9 336.1 330.2 329.2 328.1 326.5 327.7 328.1 328.1 328.3 331.6 334.7 339 346.1 352.9 358.9 365.6 371.2 375 377.2 378.6 381.8 384.7 385.2 382.5 379.6 374.8 360.9 353.4 338.1 319.4 309.5 297.4 294.5 291.5 287.5 284.8 284.2 281.4 267.6 255 241.2 231
189.6 200.1 208.6 215.9 224.6 232.6 241 250.3 256.9 263.3 270.8 279.7 287.7 295.3 302.7 310 318.8 329 337.3 346.1 354.1 361.5 367.2 371.9 376.8 379.7 379.9 378.5 373.6 366.7 365.8 365.3 358.9 350.3 343.7 334.8 329.6 325 324.7 322.9 321.3 324.6 325.7 323.9 326.1 330.3 334.3 338.9 344 348.8 353.4 358 360.8 363 362.6 364 365.4 366.3 363.4 359.8 356.5 348.1 335.1 321.8 305.4 293.3 287.3 284.8 285.4 282.7 276.7 272.2 271.9 269.3 249.9 239 230.3 227.4
190.3 201.2 210.1 218.5 226.5 234.3 243.8 252.3 260.1 266.1 273.9 282.8 290.4 297.5 305 313.2 322.9 332.1 340.5 348.4 355.3 361.5 367 370.9 373 373.4 372.5 366 361.7 357.4 354.7 352.2 346.9 341.6 333.2 322.6 321.8 320 317.8 316.7 316.2 317.5 318.9 319 322 326.3 330.4 334.4 338.4 341.5 345.7 348.9 350.7 349.9 349.1 349.5 346.4 343.6 340.2 334.7 326.6 317.1 310.7 301 289.3 283.7 274.8 267.5 267.3 265.3 261.6 255 251.5 248.7 237.8 228 221.8 216.7
192.1 203.4 213.8 222.4 230.7 239.3 245.9 253.8 261.5 269.9 278.7 286 293.4 299.9 308.2 317.2 326.5 335.5 343.4 349.4 354.8 359.2 364 366.3 364.3 361.6 358.1 353.7 350.8 349.7 345.4 337.5 331.6 327.9 320.8 316.4 314.5 313.5 311.4 310.9 311.6 311.3 311.8 314.1 317.3 319.9 322.1 325.3 329.6 333.1 336.3 338.9 340.5 335.7 333.5 333.3 328.8 326.4 319.3 313 304.7 294.3 288.7 279.4 271.7 262.8 254.6 252.2 245.9 246.9 240.1 239.2 228.2 227.2 225.7 219.2 207.4 203.1
195.8 207.2 215.3 226.5 236.2 242 249.1 256.2 264.4 273.2 281.4 288.9 296 302.3 310.2 320.2 328.7 336.9 344.6 350.4 352.7 352.9 352.6 351.3 348.1 343.9 341.7 341.3 339.3 338.4 331.8 324.2 318.3 315.5 312.5 310.9 309.1 309.1 307.7 307.4 308.5 307.6 306.5 308.7 311.4 314.5 315.6 316.5 320.9 322.3 322.1 325.4 327.2 324.1 319.7 313.1 306.4 303.7 295.9 293.4 283.1 273.7 267.9 266.5 257.2 243.9 237.3 239.5 234.4 230.3 224.8 220 213.1 208.7 208.5 205 214.6 221.4
200 210.2 219.8 228.8 238.7 245.2 251.7 260.7 268.2 276.2 283.6 290.5 297.3 304.1 312.9 320.9 328.7 336.9 342.6 346.7 344.7 341.1 339.3 335.5 332.6 330.4 327.9 325.8 324.2 321.5 318.5 314.8 311.9 309.2 308.3 306.9 305.8 305.5 303.6 302.9 302.6 303.6 301.4 304 304.9 307 308.4 308.6 309.1 310.8 310.4 311.3 313.8 310.7 306.1 297.1 290.6 281.6 276.9 271.5 263.9 255.4 248.9 245.6 245.8 232.8 225.4 225.1 223.5 216.1 214.6 211.3 211.6 212 220.8 228.7 231.7 237.4
203.4 215.2 225.4 231.6 240.1 249.3 254.6 263.7 271 278.3 285.5 291.5 298 304.9 312.8 320.3 327.6 333.4 337.5 339 339.1 338.3 335.2 331 326.6 323.5 322.1 319.7 316.8 314 311.5 309.8 307.6 305.9 305.1 304 300.8 298.7 298.3 297.5 297.2 296.4 296 298 299.2 297.7 298.8 297.3 295.5 298.1 298.4 297.9 299.7 292.7 291.1 287.2 275.2 267.2 259.5 253.6 249.1 242.4 234.5 236.8 228.3 224.6 219.2 217.1 216.6 213.9 213.2 215.8 220.9 228.4 236.6 242 239.2 240.3
209 218.7 227.2 236.8 243.1 250.6 257.9 266.7 274 281 287.7 293.5 298.9 305.5 312.9 320.4 328.6 333.4 335.2 336.4 336.4 334.2 330.9 325.2 319.9 315.7 315.7 313.8 311.2 308.8 304.8 303.8 303.5 302.2 300.9 299.5 296.2 293.9 292.6 290.6 292 292.9 290.4 289.6 289.7 291 287.5 285.4 285.1 285.1 286.4 282.3 281.9 279.6 275.1 267 259.4 255.3 247.1 240.4 236.7 231.2 227.2 223.6 218.6 218.6 219.7 219.5 221.2 223.3 225.7 232.4 237.6 240.3 246.2 247.1 246.7 247.7
213 221 229.4 239.9 248.1 254.5 262.8 270.8 278.7 284.9 289.5 295 301 307.4 314 321 328.1 330.4 331.7 331.3 329.9 325.2 318.9 313.7 309.1 308 307 305.1 302.6 301.2 297.4 297.5 297.8 296.5 295.2 295.1 291.5 286.4 285.5 284.7 286.4 286 283.1 281.6 281.8 282.3 277.5 274.8 274.9 273.2 274.9 270.7 263.9 268.9 258.3 249.1 245.7 243.8 238.7 233.7 229.6 224.7 221.1 223.4 226.5 230.7 231.9 233.8 236.7 241.5 248.3 258.4 268.5 265 264.2 265.7 265.7 260.9
213.7 222.5 232.3 241.5 251.7 258.9 266.9 275.7 281.4 286.2 291.2 297.5 303.3 309.4 314.6 320.8 324.5 324.5 323.6 321.2 317.8 314.3 309.8 305.6 302.7 301.1 299 296.5 295.8 293.4 290.9 289.4 287.2 286 286.1 286.3 283.9 278.4 277.8 277.6 278.4 277.3 276.9 274.7 274.6 274.2 269.2 264.7 265.6 261.4 261.1 257.6 252.8 249.6 246.2 240.5 237.8 233.2 232.9 227.5 223 224.3 229.1 235.8 242.9 247.6 246.6 252.3 260.7 279.6 287.9 290.7 289.6 286.2 283.6 279.9 277.5 272.9
212.8 222.3 233 242.2 253.5 261.7 269.3 278.3 283.6 288.9 293 298.9 304.5 308.8 314.7 320.5 322.3 322 320.9 318.1 313.9 309.6 304.9 299.1 295.7 294.4 293 293.3 291.8 290.2 288.4 285 281.4 279.7 278.5 276.6 274.8 273.3 272.6 268.9 269.5 268.7 268.8 267.5 266.3 262.1 262.3 256.7 255.3 252.6 248 250.1 243.5 233.3 230.4 228.7 227.6 228.2 225.2 225.3 228.4 232.4 240.9 249.9 259 268.7 282.1 304.2 314.3 319.7 318.1 323.1 317.7 312.3 307.5 300.5 292.9 285.4
214 224.1 232.7 241.9 251.6 261.1 270.6 280.5 287.6 291.2 292.8 297 302 306.8 313.8 319.2 319.9 317.9 317.5 314 309.4 304.5 299.5 293.7 291.5 292.1 291.1 289.3 287.9 287.6 285.6 281.7 278.6 276.3 274.2 271.8 269.4 267.4 265.1 264.5 261.4 260.5 261.2 260.5 257 252.4 250.6 247.1 245.1 244.5 239.9 236.9 233.1 233.3 231 229.2 229.2 229.1 229.1 234.2 240.3 249 256.8 267.6 287 308.1 324.7 336.1 343.8 346.8 343.8 345.4 340.3 331.8 325.2 320.6 313.5 305
213.5 223.2 232.6 243.3 251.6 261.5 271.9 282.1 287.5 289.3 291.5 295 299.7 304.7 309 314.1 315.1 310.9 309.9 306.7 303.8 298.9 293.7 290.1 288.4 290.5 289.7 286.3 284.7 283.5 281.1 276.7 273.8 271.7 268.9 267.3 263.8 262.9 260.1 259.5 256.5 253.7 253.7 250.9 246.1 244.3 241.9 238.5 235.3 236.6 236.6 236.9 235.4 233.7 232.6 232.3 233.3 236.3 242 249.3 257.8 270 283.9 291.7 309.9 326.1 343 353 361.8 362.6 364.7 368.6 360.1 353.5 355.8 350.1 338.6 327.3
212.3 223.7 232 240.2 249.7 258.7 266.3 273.5 280 282.7 287.1 291.2 291.5 295.6 299.7 301.4 302.8 303.8 303.8 301.1 296.9 293.2 289.5 285.7 286.1 288.7 287.2 282.3 281 281.2 275.5 270.4 269 265 264.2 261.5 260.5 256.8 254.6 252.7 249.7 248.2 246.3 245.6 241.3 242.1 239.3 237.9 236.4 237.1 237.3 237.9 236.3 234.8 235.9 241.7 250 262.2 263.4 266.1 271.1 286.5 300.5 316.2 328.5 340 352.1 360.2 366.1 370.4 374.8 375.7 371.9 369 364.7 357 357.7 352.7
209.3 221 228.5 236.5 244.7 253.6 260.6 265.9 271.3 276.4 281.1 284.5 285.8 285.6 288.9 291.2 294.3 297.7 297.4 294.9 292.6 289.1 283.9 280.8 281.8 285.4 282.4 277.1 275.2 273.1 268.9 264.6 261.5 259.1 260.7 257.1 254.9 254.6 250 248.8 242.5 242.2 243.3 239 238.3 238.8 238 237.5 237.4 237.5 238 238.7 237.4 236.1 243.7 255.9 264.7 274.4 273.5 275.8 287.5 294 310.3 324.8 333.9 343.2 351.5 358.3 368.5 375.2 376.6 378.4 377.4 374.5 374.5 375.7 375.2 380.1
197.7 216.7 223.8 230.1 238.4 247.1 253.8 259.8 265.5 269.9 273.2 275 276.5 278.6 279.9 282.6 286.7 289.4 292.2 292.1 287.2 283.7 278.8 275.4 278.1 280.9 276 272 268.9 267.5 264.6 260.2 255 253.7 257.1 251.7 252.9 247.2 250.1 245.3 241 238.2 238.3 237.8 237.4 237.7 237.7 237.9 238.1 238.8 239 240.6 238.8 241.9 253.7 265.9 270 278.7 275.9 283 293.4 301.8 317.9 326.8 336.1 344.6 351.3 358.2 366.1 371.9 374.1 377.1 380.7 382.4 384 388.8 393.5 391.1
204.3 207.3 219.7 225.3 232.7 238.9 245.9 250.8 256.8 260.4 264.4 267.5 269.2 271.3 273.1 273.3 275.7 280.6 283.5 283.7 281.1 276.7 272.6 270 272.5 272.2 268.6 264.7 263 261.5 258 252.7 251.8 249.8 249.6 247.6 248.1 246.2 241.3 241.6 241.8 238.2 236.4 236.6 237.2 237.6 237.2 237.7 238.5 239.1 240.7 242.2 242 241.4 257.4 265.6 274.7 277.9 280.3 289.8 298.2 307.1 323.8 339.4 349.9 358 362.7 365.2 367.6 370.5 376.4 382.6 383.1 382.1 384.3 387.5 385.8 379.9
220.7 201.8 214.2 224 226.7 231.2 237.7 242.5 245.9 249.6 254.5 259 261.9 265.5 266.4 264.8 266.4 270.2 270.6 271.1 270 267.7 264.1 263.8 265.2 263.1 259.5 257.7 255.6 253.2 249.3 247.3 246.1 245.3 247.8 245.1 243.5 241.2 240.3 242.9 237.8 236.7 236.3 236 237 237.3 236.7 238.2 239.2 241.7 245.5 247.4 245.4 244.6 249.9 262.6 268.6 273.7 284.3 294.1 303.1 314.7 332.4 343.7 353.2 359.8 365.4 368.3 369.5 370.9 374.2 377.4 378.8 379.2 378.5 378.9 375.6 368.8
