public/OST50/NH39.asc
ncols 200
nrows 200
xllcorner 230000
yllcorner 890000
cellsize 50
[rows 70 to 104 of 200, columns 0 to 77 of 200]
212.8 209.2 203.9 199.3 192.6 188.8 194.5 196.9 204.4 209.1 214.8 217 224.3 229.9 236.1 245.1 249.6 255.1 258.9 266.2 273.7 276.7 279.8 283.4 287.3 294.1 298.5 306.4 312.6 320 324.8 327 329.7 332.5 334.6 334.6 334.5 333.9 333.4 333.1 331.7 329.4 326.7 322.4 319.5 315.7 312.8 310.9 308.2 305.6 300.5 290.6 280.7 273.4 265.3 259.5 253.8 245.4 237 228.5 221.1 214.1 207.3 202.3 198.6 194.3 190.1 185.9 181.1 175.4 169.4 162.9 156.1 149.1 140.3 129.1 124 144.1
209.1 204.2 199.2 192.2 193.3 195.5 201 205.3 204.9 212.9 219.4 225.4 235.1 239.6 245.9 255.8 262.1 269 272.6 276.1 283.3 287.6 293.9 296.2 303 308.1 312.5 313.4 320.2 323.7 325.7 326.9 328.1 329.9 331.3 332.1 331.3 331.1 331.7 331.1 330 328.7 327.2 323.8 321.3 318.8 316.2 313.7 310.7 306.2 300.5 293.4 284.7 277.3 269.8 263.8 256.3 247.7 238.8 230.1 222.8 215.7 209 203.6 199.4 194.9 190.7 186.5 181.8 176.1 170.2 163.5 156.7 150 141 129 130 146.7
204.1 200 195.4 191 195.8 200 204.8 209.6 214.7 219.3 228.7 240.2 245.9 249.5 259.3 267.7 272.7 279.7 285.3 289.7 295.1 300.3 306.5 310.7 318.6 322.3 322.4 323.8 323.4 325.1 326.4 326.8 326.8 326.9 328 330.3 327.4 327.5 327.7 326.6 325.8 324.7 323.6 320.7 318.8 316.6 314.5 312.8 309.4 304.7 299.6 292.6 285.8 279.8 272.7 264.4 256 248.3 239.7 231 223.6 216.6 210.1 204.9 200.2 195.7 191.2 187 182.5 176.9 170.9 164.2 157.6 150.1 140.9 126.6 132.3 150.3
200.7 196.6 192 193.9 198 203.3 209.6 218.2 224.9 229.8 235.7 244.9 253.6 263.3 270.6 278.2 286.4 292.9 298.7 304.6 306.2 313.2 324.1 325.9 330.2 330.5 328.7 329 324.9 326.8 328.5 326.6 325.9 325.3 325.4 323.4 322.8 323.2 322.4 321.9 321.2 320.8 318.8 316.5 314.9 313.4 311.5 309 305.9 302.3 297.5 291.2 284.7 279.2 272.4 263.9 255 248.2 239.9 231.6 224 217.1 210.6 205.1 200.5 196.1 191.8 187.6 183.2 177.9 171.2 164.5 157.8 150.3 141.2 117.7 137.3 155.8
196.6 194.5 194.3 198.4 204.3 211.3 218.3 225.8 231.4 237.4 246.2 256 259.6 274.2 283.3 291.5 298.5 305.3 311.5 317.6 325 333.7 332.6 333.2 334 331.2 332.7 332.4 326.4 327.5 328.8 327.2 326 325.1 322.9 321 321.7 318.4 319.2 318.6 317.3 316.5 315.1 311.8 310.5 308.5 307 304.5 300.5 296.9 292.8 288.3 282.7 277.4 271.8 261.7 253.6 247.2 240.1 231.5 223.6 216.9 210.3 205.1 200 195.3 190.8 186.7 184 179.2 171.5 164.6 157.6 150.7 139.6 127.1 145 163
194.2 197.8 199.3 204.8 212.7 221 226.5 233.8 237.7 247 255.6 264.7 273.8 287.4 296.7 303.3 312.8 325.6 334.5 342.3 348.1 344.5 338.9 335.5 333.7 332.7 334.2 334.2 329.6 326.8 328.8 328 327.3 325.7 323.2 320.8 322.8 314.6 314.6 314.9 312.8 312.2 310.2 306.9 304.3 303.2 301.2 298.9 294.5 290.9 287.9 284.5 279.6 272.2 267 258.9 251.3 245.3 238.1 230.1 222.5 215.8 209.8 204.3 199 194.3 189.8 185.4 181.2 177.4 171.3 163.4 157.7 149.9 134.4 133.6 151.2 170.4
199.1 203.3 207.4 211.1 220.2 229 233.4 241 248.2 258.1 264.9 278 288 299.8 309.7 319.5 333.5 346.4 353.6 355.6 353.5 349.8 341.5 336.2 333.9 334.3 336.5 338.6 332.9 329.9 329.7 328.7 325.8 325.3 322.7 319.1 318.8 313.4 311.2 310.9 309 307.3 305.9 301.7 300.4 298.2 296 293.2 290.4 286.4 283.2 279.1 275.1 267.3 261.5 254.6 247.8 241.9 235.8 228.3 221.5 215 208.7 203.2 198 192.8 188 184.1 179.3 174.4 166.7 158.1 153.8 146.6 124.6 141.7 157.3 173.3
204.9 209.3 213.4 219.9 226.5 234.7 242.8 249.6 257 269.1 278.9 295 306 311.3 326.1 341.6 351.7 359.1 362.8 361.4 357.3 352.8 344.2 341 335 334.7 336.1 339.6 334.4 331.1 332.4 328.6 326.1 324 321 317.9 314.8 312.2 309.9 309.4 305.9 303.5 301.5 295.8 298.5 293.3 291.4 288.9 285.4 280.6 276.6 272.1 267.3 261.6 255 249.6 244.6 238.1 232.4 225.7 219.1 213.6 207.8 202.3 196.7 191.2 186.3 183.3 177.9 171 163.4 156 150.8 142.7 129.3 147.8 162.4 178.5
210.6 214.6 218.8 229.2 235.5 240.5 253.3 264.4 273.8 288 300 311.5 320.6 328.3 341.4 354.8 360.8 364.8 367.5 367.1 363.5 356.9 348.4 344.4 341.7 339.6 339.6 336 333.9 333.1 333 329.5 326.3 323.2 319.3 315.2 313.7 310.3 309.7 305.8 302.8 300.7 302.3 293.3 292.3 286.7 287.2 286.6 281.1 277.5 274.8 267.3 263.7 256.6 249.6 245.7 240.5 234 228.5 223 217.2 211.6 206.5 201.3 195.6 188.6 182.7 180 174.2 165.5 159.6 154.6 150.1 126.5 137.9 150.8 167.5 181.5
216 219.4 227.7 238.7 245.9 256.5 270.1 281.7 295.1 307.9 319.2 327.2 335.6 344.3 352.3 360.1 365 369.5 372.8 370.7 367.1 361.9 356.7 350.9 348.3 345.6 344 338.9 335.6 334.1 333.4 331.3 327.3 325.5 320.2 318.4 316.8 313.7 311.3 307.9 304.6 302.7 299.9 293.9 291.8 290.4 283.2 277.9 276.7 271.8 270.6 261.5 258.5 252.9 245 244 236 230.1 225 219.6 214.9 209.4 204.7 199.8 194.7 187.2 180.6 173.8 171.8 162.3 156.8 151.9 144.6 123.5 144 154.1 167.9 183.6
226.3 233.4 238.6 254.5 262.3 272.8 284.8 297.2 310.6 323.3 331.5 339.7 347 356 361.7 363.4 367.6 371.1 373.7 372.8 370.9 365.6 359 356.9 352.8 350.6 346.1 340.4 337.3 336.6 335.4 332.4 326.4 322.4 319.9 319.7 318.4 314.7 310.6 309 305.4 302.9 298.8 294 291.7 289.7 283.8 277.1 274.6 267.4 263.9 258.4 253.3 247.1 240.5 239.7 231.6 225.6 220.9 216.2 211.5 207.3 203 197.9 193.1 186.2 179.9 174.7 168.8 160.4 151.6 146.8 138 133.1 147.6 156.5 172.8 184.6
233.3 243 253.6 265.4 274.9 288.5 301.5 317.3 329.8 338.2 345.1 353.4 359.9 364.9 368.1 372.5 375 376.3 375.5 374.3 371.9 369.2 363.9 360.2 355.7 353.5 349.5 344.7 341.1 338.3 337.6 332.1 326.2 324.3 322.5 321.5 320 314.1 309.7 307.8 304.1 301.3 297.1 292.8 290.2 287.4 280.8 272.7 270.8 262.3 261.3 253.6 251.6 241.6 235.5 232.6 225.6 221.7 217.4 212.8 208.1 204.4 201.2 194.4 189.1 181.5 177.5 173 166.3 157.5 148.6 140.7 129.1 141.8 149.1 159.4 173.9 184.9
241.6 253.6 265.4 279.5 289.6 306.8 319.7 332.6 343.3 351 356.5 366.4 370.9 376.6 378.4 380 379.2 378.8 376.9 376.3 372.3 370.7 365.9 362.6 358.1 354.9 350.7 349 344 339 337.1 333 329.2 328.4 325.2 322.5 319.5 314.9 311 306.6 302.5 299.3 295.6 291.2 287.5 281.8 277.8 268.2 261.5 259.1 254.5 250.9 244.7 237.5 231 228.9 221.4 217 213.6 208.7 203.7 199.9 197.3 190.5 183.1 175.8 171.6 166.3 159.9 151.9 141.6 134.2 134.7 144.9 151.6 160 172.8 185.8
254.1 268.4 275.4 294.2 306 321.1 334.2 344 352 359.3 367 375.8 381.7 385.5 386.6 385.9 384.1 382 380.1 377.7 375 372 368 364.4 360.8 354.9 351.6 350.6 341.9 338.7 338.1 339 332.5 328.6 326.7 323.3 320.1 316.5 312.3 306.9 303.5 299.9 293.5 290 284 278.6 274.4 263.8 257.5 252.5 247.5 243.8 242.1 233.3 228.7 219.8 214.5 211.4 205.1 200.1 194.6 190.8 188.5 183.4 175.8 170.3 163.9 157.7 150.6 143 137.9 130.9 132.3 145.8 153.6 161.8 173.2 185.3
266.8 279.7 292.8 307.2 321.5 336 344.4 352.7 363 373.3 380.3 386.8 391.4 393.6 394.9 392.3 387.7 382.7 380.4 378.2 375.7 372.6 368 365.7 365 361.3 357 350.4 344 341 340.6 341.5 338.1 331.7 328 325.4 321.7 317.3 311 307.3 301.8 297.3 290.5 285.9 282.8 275.1 268 263.2 252.6 248.5 239.5 238.6 237.3 227.4 221.8 214.7 209.8 204.2 196.9 191.5 187.6 184.1 180.6 174.4 168.3 161.6 154.8 147.8 140.4 133.1 137.1 149.8 134.4 147.3 154.1 160 170.3 183.6
281.8 295 311.1 322.1 335.2 344.1 352.9 364.9 375.8 385.7 390.7 396.9 400.9 402.7 402 397.6 391.4 386.3 381.7 378.5 374.8 373.2 370.8 369.7 367.2 362.5 357.2 352.1 348.7 345.6 342.6 343.8 342.2 333.8 330 325.7 321.5 315.5 307.7 309.1 303.2 300 286.8 282.3 275.7 269.9 264 257.8 249.3 241.5 238.5 232.8 230.4 220.5 215.9 209.7 204.6 197.8 189.5 185.7 179.4 173.9 168.2 162.4 154.4 147.5 142.5 137 137.6 147.9 152.2 154.5 138.6 148 155.6 161.5 171.8 181.9
301 313.4 326.3 337.1 343.6 352.3 363.8 373.4 385.8 395.2 401 404.7 408.3 409.8 406.9 402.6 394.3 387.3 382.9 378.5 375.5 374.7 372.3 371.7 367.8 363.1 358.5 357.6 351.3 348.8 344.8 345 340.8 335.3 330.7 326.7 321.8 313.6 310.6 306.7 298.9 293 286 279.7 271.9 267.3 262.7 251.8 247.5 238.6 229 224.4 220.9 214 207.9 202.1 195.9 189.1 183.7 176.4 171 163.4 156.3 148 144.3 141.3 137.9 147 155.1 157.3 157.3 158.9 150.7 151.4 158.3 163.1 173 182.8
316 326.8 338.2 345.7 353.2 362.9 375.1 385 392.9 402.9 409.5 412.3 413.7 412.7 408.6 403 393.6 388.6 384.9 380.9 377.7 375.8 374 371.9 367.1 364.4 359.8 358.5 354.8 350.8 347.6 343.1 341.1 334.6 329.8 326.1 320.3 311.2 304.7 300.8 298.3 293.3 283.8 277.1 265.7 261.8 255.6 248.6 242 233.1 226 218.2 209.3 205 199.9 193.8 187.7 182.3 176.1 169.6 161.6 151.3 145.7 142.5 140.2 146.1 152 161.5 163.4 163 161.6 163.8 159.7 152.4 161 164.6 171.8 182.8
329.8 339.4 346.6 355.7 364.5 374.2 385.9 395.4 401.7 409.3 416.8 420.4 419.2 415.1 408.8 403.1 394.6 390 386 384.3 380.7 377 374.9 373.1 370.9 366.4 362.2 358.9 355.7 352.8 348.9 344.8 341.1 332.7 328.1 322.4 317.4 307.9 302.7 298.8 296.3 289.5 280.7 270.5 266.6 256.8 252.5 245.1 237.8 229.3 222.7 214.4 205.8 195.9 193.7 187.6 179.7 175.9 169.1 163.4 150.5 143.1 140.1 151.1 159.7 161.3 165.3 167 165.9 167.4 168.2 168.8 166.6 147.9 156.7 164.2 168.9 180.5
343.8 352.9 360.2 369.3 377.6 386.8 396.8 405.5 411.9 416.7 421.1 422.3 420.2 416.9 409.6 402.3 395.7 390.1 387.5 387.7 382.8 378.4 375.1 376 372.4 369.4 365.2 361 356.7 353.5 348.9 344.4 337.6 329.6 323.3 319.3 313 305.6 300.4 293.4 289.2 279.9 272.4 264.3 259.8 251.5 243.3 236.7 229.9 222.8 215.6 208.2 200.1 191.9 182 180.3 173.3 167.2 157.1 146.8 142.1 145.7 154.7 166.4 167.8 165.8 168.6 170.4 171.9 174.9 176.9 174.7 172.4 172 150.9 158.7 171.8 180.9
355.1 364 373.1 382.2 389.5 396.4 408.1 415.4 422.2 425.5 424.8 424.2 422.4 416.2 410.5 403.8 396.7 390.9 390.3 388.3 384.4 379.2 379.7 378.1 374.1 370.8 367.9 363.7 358.9 353.1 347.2 341.1 333.7 325 320.3 315.9 309.2 301.8 295.5 290.1 282 273.9 269 261.4 255.8 247.9 240.9 232.8 226.4 216.6 209.4 202.2 194 188.1 180.3 163.6 165.9 154.8 147.6 145.1 149.3 162 166.6 169.1 169.4 168.6 171.5 176.3 178.2 180.8 181.8 180.1 177.7 178.5 171.8 154.9 169 181.1
366.1 373 380.6 390.4 399.1 407.6 417.1 425.7 431.2 432.8 430.5 426.2 421.4 416.7 410.1 405 399.5 395.6 391 388.3 385.9 385 383.2 381.9 379 375.4 371.7 366.5 360.5 355.1 349 341.9 333.4 325.2 318.1 313.3 306.3 297.6 289.2 280.8 275.8 269.8 265.5 258.8 250.9 244.2 238.3 229.4 220.1 212.5 207 196.6 189.8 182.6 175 163 153.5 147.7 146.3 147.3 162.6 168.3 170.6 173 174.9 176.9 179.2 180.7 183.5 186.7 187.2 184.8 181.1 182.1 181.1 162.3 165.3 184.7
373.9 380.4 387.2 397.5 406.6 414.5 424.2 431.3 435.9 437.4 434.3 427.9 422.2 416.8 411 407 401 396.4 393 389.1 388.6 386 385.8 383.9 381.1 378.6 375 370.4 364.8 358.9 352.1 342.9 334.3 324.6 315.1 309.1 302.3 294.9 286.8 277.7 271.7 264.3 258.3 253 243.6 238.1 232.4 224.8 214.8 205.8 200.8 191.5 183.3 176.6 167.6 153.4 149.7 148 149.4 164.2 168.2 172.8 173.7 177 181.1 183.7 186.1 188.4 189.9 192.9 194.9 189 187.7 186.5 179.1 159.3 178.2 188.9
381 387.6 394.9 403.2 412 418.9 426.7 434.7 438.9 439.5 435.5 428.6 422 416.4 410 406 403.7 399.9 391.8 392.8 389.1 389 387.7 386.8 385.1 382.5 378.7 372.9 365.4 358.6 350.3 340.7 331.3 323.3 313.7 305 298.5 291.5 283.3 274.4 267.2 258.5 253.2 244.6 237.2 232.5 224.5 216.2 208.7 201.1 192.5 185.3 178 170.8 155.5 152.5 149.6 150.6 166.3 172.5 174.7 177 180.2 182.8 187.6 191.3 191.4 191 194.3 196.1 197 195.2 192.3 190.5 171.6 168.6 186.2 192.7
383.6 391.4 399.2 406 413.7 421.5 428 434.8 440.7 439.9 436 429.9 422.1 416.5 411.6 405.8 403.1 398 398 395.3 391.3 391.7 391 388.7 387 383.3 378.4 372.8 367.3 358.8 350 339.2 327.8 320.2 309.2 298.9 291.3 283.8 276 269.5 263.4 255.4 247.9 238.9 230 224.3 217.7 209.6 202.4 195.8 188.1 178.6 167.4 159 155.4 152 150.9 162.4 174.4 178.5 180.9 183.4 188 191.1 193.9 196.7 196.7 195.6 197.2 200.3 202.2 197.1 194.9 193.6 180.3 173.6 188.6 195.8
386.5 394.5 401.6 408.2 415.7 422.5 427.5 433.5 438.3 438.6 436 430.2 422.9 416 411.9 407.5 404.1 400.9 401.4 400 396.6 394.4 393 392.6 389.4 384.7 378.7 371.4 365.1 356.7 346.6 335.3 325 316 302.4 292.6 286.1 278.8 270.7 263.8 257.5 252.4 242.6 231.6 224.5 217.1 209.9 203.2 196.5 189.7 181.6 172.2 159.9 154.5 153.2 152.9 164.2 176.2 182.4 184.6 185.7 190.3 195.1 198.8 200.2 202.1 201.8 202.2 202.2 204.4 204.3 201.3 197.9 196.5 190.2 173.4 189.7 200.9
386.6 395.3 402.5 410 418 423.2 428.5 433.9 436.7 436.5 434.9 429.8 425.3 419.4 414.7 410.4 405.4 403.2 403.1 403.5 401.4 397.2 395 393 391.5 388.1 378.1 368.3 361 350.6 339.4 328.5 319.7 307.9 295.9 289.1 281.5 272.7 265 258.5 251.6 245.7 236.7 229.5 219.8 211.6 202.8 197.4 191 183.9 175.9 159.6 153.3 155.8 155.2 169.7 178.9 185.3 189.8 191.2 194.7 198.5 202.4 207.7 206.5 208.8 208.9 206.3 206.5 207.4 207.4 206.5 201.6 199.5 195 173.4 187.5 202
388.2 396.3 402.8 411.3 417.8 423.2 428.5 432.8 435.7 434.8 434 431.2 427.3 421.3 418.2 414.3 410.5 405.5 405.8 405.6 403.7 400.5 396.3 393.6 390.4 385.2 375.4 365 354.9 344.9 333.5 320.8 307.3 298.6 289.2 282.6 274.5 266.3 259 253.4 247.2 238.3 230.8 222.7 213.9 205.7 195.4 190.1 184.4 176 159.3 156.1 161.4 166.7 171.9 182.3 187.9 192.5 196.6 198.9 203.8 207.2 212.4 212.8 212.9 213.2 211.9 211.1 210.5 212.5 211.6 210.5 205.7 203.7 196.8 177.8 189.9 203.2
387.3 396.7 401.5 409.9 416.8 422.1 427.1 431.6 434.7 433.7 433.6 432.4 429.8 425.6 423.1 419.5 414.8 410.7 407.9 407.7 405.7 404 399.1 393.7 388.7 379.8 371.2 359 348.4 337.1 325.5 313.9 301.1 292 282.4 274.9 268.7 261 254.9 248.1 240.6 232.7 223.9 215.3 207.3 199.8 191.6 184.4 176.3 161.6 157.9 163 164.8 175.1 181.8 189.9 195.8 199.9 206.6 208.4 209.5 211.6 214.9 216.2 216.7 217.9 217.9 218.4 215.4 217.2 216.7 213.9 209.6 206.3 204.6 185.9 191.4 204.2
387.8 395.8 403 407.1 413.6 420.1 424.6 429.3 432.9 432.9 434 432.8 431.8 428.7 426.6 423.2 418.3 414.9 410.9 408.2 406.9 404.5 399.5 393.1 384.8 376.3 366.2 352.6 340.4 329.1 319.2 307.8 295.9 285.6 276.6 270.2 263.6 256.6 248.7 240.6 233.7 226.6 218.2 209.1 200.3 194.2 187.8 181.3 162.6 161.4 163 170.8 176.9 183.3 189.7 196.5 203.3 207.8 217 215.9 214.2 216.3 219.8 220.5 225.1 224.2 223.1 223.6 220.4 220.9 220.2 217.9 213.2 211.8 209.7 206 189.5 205.2
387.2 395.3 400.1 405.8 412 419.7 422.8 427.7 432.9 434.5 434.3 434.2 432.8 432.5 429.3 425 421.1 416.3 413.7 411.2 407.7 403.5 398.5 391.4 382.3 369.8 357.3 342.9 329.5 320.4 310.2 298.2 289.7 280.1 272.8 265.5 258 250 241.8 234.8 228.4 221.4 211.5 203.3 195.2 189 183.5 170.2 162.7 162.9 171 182.3 186.1 191.1 197.8 204.3 212.4 219 224.8 221.1 218.6 226.5 228.1 234 233.2 229.6 228.5 228.2 225.6 224.6 224.1 222.1 217.3 215.4 213.3 205.7 192.3 201.8
384.6 394.1 399.4 403.8 413.7 417.9 420.6 427.3 432.6 432.6 435.9 435.8 435.4 432.2 429.8 426 422.4 419.2 416 412.1 408.7 403.2 395.7 385.8 372.6 359.3 344.2 333.5 322.8 314.1 304.8 292.4 283.6 275.3 268.4 260 251 244.3 234.9 228.9 221.6 213.7 204.2 197.2 190.8 184.9 180.5 166.8 163.8 175 181.7 188.6 196.1 202.7 210 218.6 227.1 235.5 232.9 228.5 229.1 233.4 242.1 243.3 237.7 234.4 233.3 231.4 231 230.5 227.5 225.4 222.4 219.2 216.9 214.5 199.2 196.6
381.1 391.3 399.4 402.6 410.4 416.5 417.7 426.5 431.9 436.4 436.3 435.8 436.8 434.3 432 429.1 425.2 421.3 417.3 411.9 406.1 400 389.9 377.3 364.5 351.3 338.2 325.5 315.1 306.4 297.5 286.7 278 270.4 262.4 253.2 245.7 236.3 230.1 221.6 214.7 204.4 196.9 191.3 185.5 173.6 164.9 164.2 167.5 183.7 192.8 197.5 205.5 213.1 221 227 234.7 241.2 241.2 235.6 235.8 240.2 246 247 242.5 239 236.4 234.8 235.6 234 231.8 228.8 226.1 222.7 220.3 217.9 214.1 213.2
385.4 390.3 397.6 403.8 408 412.7 419.7 429.2 435.8 439.6 439.9 437 439.2 437.8 432.8 430.3 426.6 422.5 417.2 411.5 402.9 394.5 383 370.3 356.5 344.6 331.1 318.2 308.2 297.8 288.8 279.2 271 264.6 256.7 248.5 238.8 228.9 220 213.6 204.9 197.4 191.9 185.7 172 167.2 168.7 169 182.5 190.9 201.7 205.6 215.6 221.4 228.9 235.3 243.9 248.8 248.7 246.7 243.9 245 249.1 250 246.6 242.2 239.5 238.5 239.4 237 235.3 232.5 229.1 226 223.4 221.3 220.4 219.6
388.6 393.4 395.6 401.4 409.1 412.7 421.5 430.8 438 443 442.3 438 436.5 436.5 434.5 429.9 426.1 421.3 414.1 406.7 399.5 389.3 377 363.5 348.8 336 324.5 313.4 303 294 282.2 275.6 267.3 257.5 250.2 241.4 231.4 222.1 212.7 204.9 197.9 192 187.2 174.1 168 170.5 173.1 180.1 190.4 202 209.4 216.7 226 231.9 239.9 245.9 255.8 267.7 264 257.7 249.3 250.2 250.6 252.2 249.5 245.8 243.1 242.3 242.5 240.8 238 235.2 233.2 231.8 226.8 224.8 223.9 222.7
