public/OST50/NH40.asc
ncols 200
nrows 200
xllcorner 240000
yllcorner 800000
cellsize 50
[rows 0 to 34 of 200, columns 0 to 77 of 200]
15.3 15.3 15.3 29.6 37.8 45 57.5 71.1 92.7 112.8 118.8 126.2 137 147.9 158.8 172.2 190.1 212 227.7 237.5 248.7 265.6 281.3 293.9 305.2 315.7 327.6 341 350 346.9 357.3 362.8 363.1 364.8 367.8 370.6 370.4 362 345.7 322.7 306.3 303.4 295.8 291.7 291.7 291.7 291.7 291.7 291.7 291.7 291.7 291.7 291.7 291.7 302 295.8 291.7 291.7 291.7 294.9 298.1 302.9 311.1 314.2 315.9 316.2 318.4 319 321.5 324.6 326.6 327.3 325.8 325.7 324.7 326.5 327.8 327.4
15.3 15.3 30.5 44.4 46.8 51.3 57.2 79.5 99 113.3 121.7 129.3 139.6 150.5 164.4 177.4 193.3 215.1 231 234.3 245.8 260.6 275.6 289.4 305.6 314.4 322.9 327.1 335.7 344 354.9 359.2 359.3 364.7 375.2 376.6 363.8 348 338.6 310.6 307.3 307.1 293.4 291.7 291.7 291.7 291.7 291.7 291.7 291.7 291.7 291.7 291.7 291.7 297.6 291.7 291.7 291.7 291.7 291.7 291.7 295.4 303.5 308.2 310.6 310.8 309.8 310.5 311.1 314.1 314.7 314.3 314.9 317.1 315.7 316.3 318.9 316.6
18.8 34.1 54.1 58.3 58.8 62.9 63.5 86.1 101.8 113.1 124 126.1 139.1 151.9 166 186.1 196.4 212.8 221.4 227.9 241.2 261.8 275.1 286.6 299.9 309.6 316 325 336.2 345 349.4 356.3 358.6 367.6 373.9 369.2 351.5 330.4 313.9 307.5 301.4 296.3 291.7 291.7 291.7 291.7 291.7 291.7 291.7 291.7 291.7 291.7 291.7 291.7 291.7 291.7 291.7 291.7 291.7 291.7 291.7 291.9 297.3 301.2 303.8 303.9 303.2 302.9 303.8 304.1 305 304.2 305.8 306.6 307.5 308.7 310.4 306.6
46.4 62.2 69 72.2 72.7 84.5 82.8 82.5 94.9 111.4 125 113.1 114.1 147.5 169.2 187.5 200.3 209.2 216.3 226.7 244.8 257.5 275.4 286.2 303.2 318.7 330.7 340.4 350.8 351.9 368.1 381.6 381.3 382.3 377.4 362.6 347.3 327.1 311.7 309.6 301.2 291.9 291.7 291.7 291.7 291.7 291.7 291.7 291.7 291.7 291.7 291.7 291.7 291.7 291.7 291.7 291.7 291.7 291.7 291.7 291.7 293.2 297.5 300.9 299.4 298.4 298.6 298.3 300.5 300 298.8 296.4 296.9 299.1 301.1 302.3 302.9 296.3
54.5 67.3 75.7 84.5 87.5 91.2 93 95.5 97.5 100.4 110.1 105.7 109.4 148.1 169.1 186.6 190.5 204.9 215.2 227.3 244.1 255.7 265.9 283.8 310.3 328.7 337.9 350.1 354.9 363.6 383.3 385.1 384 375.5 362.9 352.7 339.2 321.8 310.3 306.1 297.6 292.1 291.7 291.7 291.7 291.7 291.7 291.7 291.7 291.7 291.7 291.7 291.7 291.7 291.7 291.7 291.7 291.7 291.7 295.3 296.9 297 300.6 301 299.2 298 295.8 293.1 295.6 294.1 291.8 290.6 289.4 292 294.5 296 293.4 288.8
64.2 81.2 97.1 110 116.4 106.7 105.1 106.7 108.6 110.1 112.9 122.6 109.3 147.2 165.4 174.2 184.3 199.8 213.7 226.6 235.8 253.5 265.9 288.1 313.5 333.2 342.4 352.1 357.5 372 379.4 377.2 371.6 370.2 361.4 346.7 328 313 306.4 302.2 298.4 295 292.4 292.3 291.7 291.7 291.7 291.7 291.7 291.7 291.7 291.7 291.7 291.7 291.7 291.7 291.7 291.9 296.1 301.9 302.8 302.1 303.3 303.6 300.3 298.2 292 291 290.1 290.2 289.6 288.1 288.4 289.2 289.4 289.5 288.8 287.8
77.6 97.3 118 131.3 129.3 120.2 117.2 119 131.3 138 141.9 141.8 112.4 136.3 154.4 168 183.8 202.9 218.3 230.1 246.7 262.8 277 304.1 322.9 331.8 346.9 350.8 355.4 368.8 368.8 369.9 370.3 365.8 354.1 334.3 320.5 312.1 307 305.5 300.7 298.3 298.1 297.6 293 291.7 291.7 291.7 291.7 291.7 291.7 291.7 291.7 291.7 291.7 291.7 293.5 300.8 306.2 309.8 310.7 311.4 312.2 313 311.2 301.8 295.8 292.8 290.4 290 289.4 288.4 288.5 289.2 288.2 288.2 288.6 288.6
92.6 110.9 131 140.5 141.3 132.2 130.4 147.2 154.6 159.4 156.4 138.6 132.8 152.2 163.4 177.1 191 208.3 224 242.3 257.2 271.2 290.5 305.2 315.3 334.2 348.3 345.2 341.5 351.5 346.8 358.4 356.4 351.6 330.7 322 317.1 311.8 308.8 308.4 304.7 302.8 300.8 300.2 293.5 291.7 291.7 291.7 291.7 291.7 291.7 291.7 291.7 291.7 291.7 292.7 303.1 311.4 316.3 322.1 326.6 331 332 332.2 329.5 319.6 309.6 301.9 297.5 294.5 292.4 290.3 289.3 288.8 288.8 289.4 290.2 290.7
108.8 123.6 142.4 150 155.6 145.6 151.1 167.6 168.2 166.4 157.1 134 156.9 162 174.3 187.7 200.8 212.6 240.7 254.9 265.3 276.5 291.2 308.1 322.4 340.9 343.7 330.6 320 318.7 327.1 329.1 324.6 317.4 318.2 316.9 313.6 310.7 308.8 308.9 309 306.6 301.5 296.6 291.7 291.7 291.7 291.7 291.7 291.7 291.7 291.7 291.7 293.7 297.4 305.4 315.1 321.8 327.2 333.5 343.4 351.6 353.5 349.6 340.4 329.8 320.5 312.1 306.6 302.3 297 293.9 291.2 289.6 289.9 290.5 291.2 291.1
126.2 137.5 147.6 156.8 161.7 155.5 163.1 175.7 181 165.7 147.9 144.1 156.7 167.4 179.9 198.1 212.1 223.4 246 261.9 270.2 278.5 293.8 313.6 329.8 332.5 325.5 313.6 303.8 309.3 313.5 311.3 308.7 312.5 320.1 318.9 317.1 310.6 310.8 310.6 309 308.9 298.4 291.7 291.7 292.2 291.7 292.9 294.4 295.1 295.7 295.4 299 303.2 310.4 319.9 326.8 333.1 339.5 354.7 363 363.9 362.9 355.6 345.8 337 327.3 321.2 319.9 310.2 301.8 297.2 294.2 291.9 291.1 291.6 292.2 292.7
130.1 140.8 152 166 170.4 163.8 171.9 181.4 180.6 161.2 144 141.5 159.2 171 184.4 207.1 218.3 232.1 251.7 260.2 266.2 286.4 301.2 311.3 318.4 317.6 312.3 304.6 300.4 302.8 309 309 309.1 314.9 313.2 320.7 320.2 311 311 309.7 310.7 300.3 291.7 296.6 295.6 296.5 296.7 296.8 299.8 299.2 299.3 298.9 306.1 316.6 325 334.7 341.5 351 362.2 376 378.6 373.2 368.4 362.4 352.5 343.9 334.4 330 318.6 308.9 308.1 306.6 301.6 297.8 295.7 295.2 295 297.4
138.1 146.4 157.2 169.2 167.3 169 176.4 176.9 167.1 152.9 140.6 146.9 158.9 177.1 193.1 207.9 222.1 237.7 256.7 258.4 265.3 278.8 286.2 299.2 299.7 307.7 307.4 297 292.7 295.7 301.1 303.2 307 308.8 324.7 332.1 314.4 304.4 306.4 305 300 293.8 293.7 295.8 297.4 297.7 298.2 298.9 301.8 302.9 299.1 303.9 316.9 329 339.9 348.5 363.8 382.1 395.3 397.5 393.9 383.5 374.7 369.3 358 346.9 336.1 322.4 319.4 323.2 321.6 318.4 314.5 309.3 307.1 301.1 298.8 305.3
144.1 152.4 158.1 168.6 168.2 167.5 168.9 164.4 156.6 149.5 144.7 145.3 156.8 179.2 193.7 206.7 218.7 233.6 246.1 252.8 260.6 269.2 271.8 280.7 286.2 293.4 298 292.2 288.6 291.4 298 302 310.7 323.5 318.6 313.8 306.1 297.3 294.1 295 290.7 290 290.1 294.4 297.9 298.7 300 303.3 306.5 301 303.2 314.4 327.8 342.4 357.2 371.4 386.5 405.7 410.7 407.1 402.4 388.3 373.1 365.6 351.2 338.1 330.1 330.3 333 332.9 331.4 328 325 323.9 317.9 306.7 305 312.1
157.4 156.7 163 170.5 169.7 165.9 163.4 159.8 157.5 152.1 147.7 145.6 155.5 183.7 199.6 217 229.8 238.3 245.6 252.4 258.4 263 267.6 273.5 284 292.8 299.7 289.7 288.9 295.1 308.8 311.2 313.6 307.8 302.6 301 296.6 289.4 289.2 287.4 287.8 290.1 293 296.8 299.9 300.9 303.3 306 303.9 303.4 312.8 328.1 344 360.7 375.2 389.7 403.2 413.6 409.7 410.6 401 385.8 367 357.7 348 343.3 342.9 340.9 341.8 343.1 342 343.2 343.6 333 320 303.6 317.8 327.2
181.7 178.1 173.3 168.8 169.3 168.6 163.5 160.9 159.1 155.3 149.7 146.6 162.8 186.2 205.8 224.6 236.2 244.9 249.3 255.1 263.5 266.6 271.6 286.6 291.6 299.2 293.2 289.4 301.3 302.9 296.1 293 290.5 289.9 288.9 290.9 285.5 283.9 280.3 279.5 288 293.6 296.7 299.9 302 302.6 306.5 306.8 303.7 314.3 326.4 347.5 362.4 374.9 388.8 395.3 404.8 407.6 407.8 403.8 392.7 379.4 359.9 356.6 353.8 354.5 351.8 351.2 352.9 355.2 357.9 358.4 348.2 334.8 317.7 315.3 331.3 341.5
196.8 192.2 182.6 170 168.2 165.2 163.4 164.4 164.3 159.4 149.5 147.4 172.5 193.2 210.8 228.3 236.1 242.5 251.1 259.1 271 279.6 285.5 287 284.8 285.5 287.4 282.6 291.4 281.6 272.7 275.4 276.4 273.8 275.2 278.8 272.3 277.8 279.6 285.1 292 296.6 299.5 301.9 304.4 309 317.5 309.1 312.2 324.4 339.1 359.1 370.3 380.9 390.1 389.2 393.1 394.7 394.7 389.6 380.6 366.8 360.3 363.7 364.1 365.5 366.5 363.8 365.1 372.4 371.6 368.4 347.7 334.3 310 330.6 339.4 349.1
199.8 195.1 180 179.2 177.4 167.4 170.3 172 171.5 166.7 153.7 148.6 167.8 193.4 217.1 229.2 230.4 238.7 247.4 262 271.8 269 277.3 275 274 269.5 268 272.8 275.8 267.9 260.6 262 260.6 259.6 261.8 265.2 272.6 280.9 283.7 288.9 293.2 297.4 304.8 308 316.3 326.3 327.7 310.3 320.1 334.2 352.1 368.6 376.3 386.8 388.8 389.1 388.7 389.2 390.1 381.4 368.8 369.7 372 375.3 378.5 379 377.5 374.9 375.9 381.4 378.2 365.6 348.7 325 323.1 338.4 346.7 356.6
201.3 191.7 180.5 180.3 175.9 172.1 176.9 177.1 174.3 171.9 165.5 148.4 155.1 188.1 213.8 223.3 230.2 236.7 251.6 264.7 260.4 261.8 267.7 266.7 264.4 258.1 260.8 266.3 263.7 259.1 255.5 251.5 251.8 253.7 259.9 267.6 273.2 279.4 285.7 291.8 294.7 303.2 315.1 330.4 345.2 341.5 326.5 312.5 323.2 342.5 361.5 368.5 380 383.6 382.3 383.9 384.4 379.6 379.1 380.5 383 384.1 389.2 390.1 392.5 389.5 387.1 385.1 389.6 388.8 376.5 359.8 338 318.3 334.5 347.6 358 366.3
196.2 187.9 180.8 179.4 176.6 175.3 178.8 178 176.1 173.9 173.3 150.2 153.8 176.4 204.8 218.7 231 242.4 248.2 249.9 251 250.4 251.6 252.5 249.1 253.8 259.8 260.5 257 253.7 251.7 249.6 249.5 252.3 258.1 265.5 272.6 279.7 287.2 293.5 300.7 318.6 333.1 341.2 343.2 336.8 321.5 323.3 339.4 345.3 355.3 362.4 372.2 376.1 378 380.2 380.2 380 382.7 386.9 390.7 399.9 405.7 409.2 406.3 400.6 398.2 396.2 396.1 394.5 379.3 354.3 327.5 329.2 343.8 362.6 376.3 387.5
192.1 186.8 181.3 177.6 178.7 179.6 179.7 180.3 178.2 173.4 170.9 163.5 153.1 164.5 188.1 206.1 223.3 233.1 239.7 247.8 245 249 246.3 243.5 246.3 250.1 251.9 257.2 256.1 253.5 249.8 246.6 249.6 252.7 257.1 263.2 270.7 279.6 288 298.2 314.7 329 339.7 340 336.7 329.5 319.1 331.5 343.2 348.7 352.5 363.1 370.2 374.1 376.4 380.4 382.6 386 391.1 396.7 407.4 414.3 416.5 417.5 417.8 414.5 410.9 406.7 409.5 401.1 383.5 351.4 324.4 337.8 353 373.6 394.8 401.2
194.1 187 181.2 173.5 183.9 187.1 188.6 186.4 181.8 170.7 169.9 169.4 156.7 155.2 167.9 190.3 213.5 227.5 234.6 246.1 250.2 247.3 242.9 240.9 244.2 249.4 252.2 256.7 259.6 252.3 244.3 245.7 250 252.4 256 261 269.3 278.9 292.1 306.9 321.1 330.8 339.4 339.3 331.8 324 330.3 341.7 351.2 349.7 357.9 368.5 370.4 375.9 378.9 382.7 387.8 393.3 399.5 407.9 415.3 418.8 427.2 428.4 439.1 429.7 416.3 417.4 417.7 395.6 370 346.1 332.4 347.3 357.5 378.4 396 398.8
194.5 190 187.5 183.4 192.6 195.7 197.9 192.6 180.3 174.6 170.5 171.9 166.8 158.2 158.4 174.2 200.9 218.3 233.3 247.6 245.8 242.5 239.5 241.2 248.4 249.8 258.4 261.1 250.5 243.3 239.7 243.6 249.3 250.7 253.9 259.6 269.2 284.9 299.5 315.5 322.3 330.7 341 335.3 327.1 327.3 338.6 349.1 356.3 357.4 359.5 369.9 373.6 380.9 389.8 391.5 396.7 404.1 411.9 419.5 424.1 429.9 444.9 459.2 449.4 432.6 427 429 413.5 389.5 362.6 339 340.8 354.7 365.9 382.4 396.2 399.9
197.1 191.4 189.9 192.1 200.7 200.8 192.2 189.8 194.9 199.4 193.1 186.3 177.7 169.2 159 158.3 180.3 204.7 227 239.8 233.6 237.9 241.5 249.5 251.4 248.3 250.2 245.3 240.2 238.5 239.3 244.3 250.3 251.5 254 258.9 273.1 289.8 305.7 314.3 322 331.2 332.8 326.1 323.5 333.7 349.8 360.7 365.1 364.3 368.8 376.3 383.3 391.4 395.3 399.3 407 420.6 426.9 433.6 439.4 460.9 463.6 459.1 450.7 438 434.3 426.5 407.9 378.7 354.9 332.8 345.3 356.6 375.2 398.5 405.8 411.8
205.9 193.3 191.7 199 201.2 201.1 198 203.9 209.8 208.6 196.7 186.9 183.9 182 176.4 167.4 160.6 185.6 209.2 218.3 219.6 230.4 236.6 240 233.6 231 233.1 235 234.2 237.7 240.1 249.6 252.4 254 257.1 264.1 276.8 295.5 303.3 309.7 318.8 322.5 319.3 319 329 344.7 363 370.4 372.9 373.6 376.7 385.5 399 397.6 400 407.2 422.1 431 437.7 449.5 460.8 476.1 471.1 456.8 449.9 440.3 435.2 417.8 390.7 366.7 346.7 339.2 350.2 362.4 380.3 402.4 411.2 417.7
209.4 198 199.8 204.6 206.7 203.9 204.3 211.2 211.5 207.6 198.4 194.2 194.9 196.5 196.2 182.7 164.4 167.1 186.1 201.7 210.7 213.4 215.3 218.4 215.5 217.8 220 229.9 231.7 239.3 247.2 253.8 258 257.5 261.6 270.9 286.6 299.2 302.8 305.9 309.3 309.1 314.1 322.7 338.1 354.8 368.9 373.5 378.1 378 380.2 388.5 392.1 395.7 404.5 423.8 433.4 441 450.6 462.2 467.3 470 462.4 452.9 445.6 434.6 417.5 404.7 377.6 353.1 337.5 342.6 352.5 367.2 385.7 401.5 409.8 422.9
210.1 203.8 210.8 210.5 210.9 208.8 209.1 210.1 213 213.7 214.3 212.2 213.5 213.7 214.4 206.2 191.4 169.8 171 185.6 188.4 193.6 197.3 200.5 203.1 204.5 213.7 231.4 240.4 248.9 254.2 259 260.7 262.3 266.4 280.2 301.1 307.7 305.7 305.2 308.8 312.5 320.2 329 344.7 360 369.4 370.6 374.6 377.8 379 384.7 388.8 401.5 415.7 430.4 440.2 450.4 458.1 466.8 470.2 463.7 452.6 442.9 429.9 417.4 402.4 382.2 360.1 340.6 339.7 346.4 357.1 374.1 388.6 401.1 413.2 420.6
208.9 208.4 211.3 213.4 215.3 214.8 212.7 220.8 224.9 227.4 233 235.3 231.5 227.2 222.5 221.1 210.3 189.7 170.8 166.8 168.9 186.1 188.2 187.1 196.4 204.7 224.9 237.7 244.9 250.3 258.6 264.2 268.2 272.1 276.1 292.4 307.9 310.1 309 310.7 321.2 327.3 327.6 339.3 349.5 360.4 366.9 369.4 372.7 377.1 379.7 384.8 391.4 408.3 423.8 434.2 445.1 455.7 462 465 462.9 452.8 438.1 423.7 407.9 399 384.5 367.2 350.3 340.2 342.6 351.3 365.7 380.1 393.1 404.8 414 420.6
216.6 216 220.8 223.1 221.5 220 220.7 227.5 234 239.2 246.7 250.8 242.7 231.9 224.5 219.4 210 201.3 196.5 191.5 189.7 181.8 182.6 178.6 195.9 212.9 227.9 238.7 245.6 253.5 262.5 268.6 275 279.6 284 301 309.1 309.6 312.7 318.5 332.8 337.2 336.5 347.6 358.5 368.7 373.7 376.9 378.7 380.2 379.4 387.3 398.4 413.1 426.9 438 450.2 459.3 460.5 458.3 455.5 440.6 419.7 404.7 391.2 378.4 368.3 354.2 341.2 343.5 346.4 356.4 370.4 383.8 397.7 408.5 417.8 425
229.5 226.2 231.7 229.4 226.1 224.2 223.5 229.3 236.1 246.5 255.3 255.9 247.8 239.6 230.6 229.3 225.3 211.4 211.7 213.5 222.8 222.6 208.1 179.1 200.1 220.6 233.7 244.5 250.4 257 262.6 271.9 281.5 287.6 292.6 306.6 311.5 317.1 325.1 336.4 345.7 341.9 347.9 358 371.6 382.4 385.9 388.5 387.5 382 385.1 391.5 405 418 430.6 443.6 455.5 458.9 454.4 449.6 440.9 427.3 409.6 392.3 379.5 366 358.4 348.6 342.3 345.2 349.8 362.1 377.7 388.7 400.8 412.6 427.6 444.7
240.7 249.1 248.6 241.2 236.9 229.8 231.6 231.1 235.1 248.3 260.5 260.7 254.8 253.6 252.9 250.4 241.3 231.3 218.2 226.1 239.8 239.2 227.6 191 197.8 222.3 237.3 250.8 252.3 258.4 269.8 283.9 290.8 293.3 299.7 310.5 319.3 324.5 337 349.4 349.2 350.9 359 370.2 387.2 394 395.8 394.6 387.1 386.4 390.1 399 411 424.1 436.3 449.3 454.4 449 443.3 434.7 424.5 411.4 397.6 383.2 368.6 357.8 351.8 342.9 343.7 346.2 351.7 363.6 378.6 391.2 407.3 429.1 444.2 454.7
258.5 265.7 265.7 258.4 247.6 245.5 240.3 241.8 244.3 252.1 258.6 263.9 261.9 268.1 260.1 253.2 242.6 221.4 221 232.7 244.6 245.5 237.9 225.7 207.2 193 225.4 239.3 258.6 272.8 276.4 283.9 292 298.4 306.7 319.1 326 335.5 349.1 349 350 360.6 370.9 389.6 397.3 397.3 395.8 391.8 387.8 389 394.7 403.5 414.4 427.4 438.5 446.7 443.8 438.7 430.8 422.3 412.3 401.1 388 374.8 363.2 355.7 348.4 343 344.7 346.9 355.4 363.2 376.4 396.2 416.7 433.2 453.1 458.6
277.2 285.9 279.8 266.9 266.5 255.3 246.4 247.6 248.8 249 249.6 251.6 251.8 255.1 247.4 240.3 229.2 221.3 224.5 238.6 251.1 250.8 251 253.4 250.8 231.6 202.2 241.3 264.9 274.5 280 287.2 294.8 303.5 316.5 323.5 329.9 341.3 348.8 349.4 354.1 369.7 385.9 393.6 398 399.4 397.3 393.2 390.5 392 398.4 407.8 417.4 425.5 434.3 433 431.1 425.3 417.8 411.8 402.9 393.7 378.7 368.9 359.9 352.1 344.8 344.2 345.7 351.4 366.2 377.3 387.8 410.3 422.3 443.3 460.9 477.3
301 298.3 289.2 291 278.9 262.2 255.1 254.4 251.5 249.9 259.7 255.2 260.7 258.8 249.8 239.4 233.1 228.6 229.5 239.6 250.1 257.2 265.2 269.5 265.1 253.1 226.6 225.3 258.6 274 282 290.7 298.7 309.9 321.7 326.1 336.2 350.4 351.5 354.1 362 382.8 391.8 397.9 401.1 401.1 400.1 397.3 394.2 395.6 400.9 410.6 416.2 423 425.9 422.9 418.9 414.1 408.2 401 397.7 384.4 371.4 365.5 358.1 347.6 344 344.9 348.4 357.9 374.9 398.6 415.9 416.6 446.2 472.6 500 499.2
300.7 298.9 301.8 299.4 289.6 281.3 272.7 264.1 258.2 260.7 256.9 265.5 271.1 261.7 253.5 246.5 237.2 229.1 242.1 251.7 258.9 268.6 279.3 276.9 268.4 256.3 243.6 222.2 248.8 269.1 281.9 293.2 302.8 312.3 323.5 331.7 343.1 349.4 352.5 358.7 373.5 387.3 396.4 401.2 401.5 401.2 399.5 398.4 397.7 400.8 406.7 412.1 417.5 418.6 421 420 415.9 409.8 403.2 399.2 390 371.9 365.5 360 350.1 345 344.5 345.7 354.5 367.9 386 413.2 425.5 438.7 458.6 481.7 494.2 504.6
308.3 309.2 309.8 308.3 303.1 293.6 282.6 273.6 265.8 261.3 258.6 271.1 269.3 260.4 254.8 248.2 234.8 243.6 254.7 258.3 270.6 283.6 289.6 282.8 268.2 254.4 246.9 219.1 246.2 272.8 287.5 296.6 306.7 315 328.9 332.9 342.2 347.9 352.6 365.8 380.5 391.6 402.1 402.8 400.7 400.7 400 398.7 399.7 406.2 411.8 416.1 417.5 418.2 422.1 418.8 412.4 404.8 395.9 390.9 377.4 365.4 361.1 352.8 347.3 346.7 346.1 349.3 363.4 377.7 407.3 431.6 454 486.6 466.8 481.8 498.5 514.8
