public/OST50/NH40.asc
ncols 200
nrows 200
xllcorner 240000
yllcorner 800000
cellsize 50
[rows 140 to 174 of 200, columns 78 to 155 of 200]
633.1 611.9 600.4 584.2 553 550.2 583 595.4 592.5 587.6 584.5 580.1 576.7 573.7 581.1 589.3 593.1 599.3 601.9 602.3 603.3 608.8 607.4 615.9 621.1 619.7 618.9 618.5 628.8 628.8 628.8 628.8 628.8 628.8 628.8 628.8 628.8 628.8 628.8 631.4 633.7 631.6 628.8 630.1 631 632.4 634.8 636.2 637.5 639.1 640.5 643 645.5 646.3 644.9 644.8 645.2 641.9 642.3 644.6 647.5 653 658 662.7 667.1 671.6 674 673 670.3 667.4 664.1 664.2 665.1 665.1 665.1 662.7 660.1 662
606.4 583.2 565 545.9 528.2 568.4 588.8 584.8 575.6 576.9 573.2 562.4 560.4 576 584 589.3 597.6 600.4 603.2 603.4 604.4 606.3 609.3 615.4 619.9 620.4 619.5 619.2 619.9 628.8 628.8 628.8 628.8 628.8 628.8 628.8 629.9 631.5 631.9 634.2 636.3 631 630.6 632.6 635 635.9 637.9 640 642.2 643.7 645.5 647.3 648.7 649.7 648.8 647.5 647.9 646 644.9 646.9 650.4 655.7 660.7 665.4 669.7 675.6 679.2 679.6 675.1 670.8 669.5 670.2 670.9 670.4 669.1 666.5 664.7 666.6
571.7 548.5 530.2 511.9 551.8 579.1 581.9 563.2 558.8 554.7 553.8 548.5 553.8 557.3 578.4 590.3 594.6 597.9 599.4 601.6 606.8 610.1 612.5 616.6 619.3 620.7 619.6 620.9 623.8 628.9 628.8 629.6 631.6 637.1 636.4 634.7 636.1 636.6 636.9 637.5 634.5 632.2 634.8 637.4 639.7 640.6 641.8 644.5 646.8 648.9 650.8 652.5 652.9 653.1 652.2 651 651.7 649.8 648.5 649.8 652.7 657.9 662.9 667.9 672.8 679 681.6 681.5 680.3 676.8 675.3 676.7 675.8 674.2 672.9 669.8 668.2 670.3
537.6 516.3 490.3 530.8 560.6 561.4 571.5 538.7 538.8 531.9 531.3 525.5 512.1 537.4 569.9 584.3 592.3 595 597.2 600.6 604.9 611.3 612.3 615.2 617.8 619.2 619.8 622.5 628.9 633.4 632.4 635.9 638.6 640.8 641.1 639.9 639.4 640.9 638.3 636.6 633.4 637 639.2 642.5 644.4 645.2 646.2 649.9 651.3 654.1 656.1 657.3 658 658 656.1 654.3 653.4 651.1 649.9 649.9 654.8 660 665.2 669.5 674.6 679.4 681.8 682 681.5 679.6 680.5 683.6 679.9 678.2 676.4 673.8 671.5 673.7
508.4 484.2 490.2 514.6 530.7 527.3 511.8 510.6 514.4 514.4 516.3 511.1 513.2 541.2 568.1 584.5 592.7 593 591.1 592.2 598.9 605.2 612.2 616.3 618.6 622 626 628.4 633 639.1 639.5 639.8 642.2 645 643.5 641.6 641.6 640.1 638.6 637.7 636.1 639.5 643.3 647.4 649.2 648.7 650.9 655.6 658.3 660.6 661.1 662.7 663.3 663.1 660.7 658.1 655.8 653.7 651.6 651.8 657.4 662.4 666.7 671.1 676.4 679.4 682.2 683 682.4 682.4 686.5 688.9 685.5 681.1 679.4 677.4 675.9 677.7
476.8 471.5 472.6 480.5 487.8 493.6 494.4 497.5 497.4 501.4 498.8 523 539.2 551.4 568.4 583.3 591.9 581.1 593.4 603.4 610.8 613.6 609 623.5 624.1 631.3 629.6 630.5 633.6 638.8 641.8 643.7 646 648.5 647.4 643 642.7 638.6 638.7 638.8 638.8 642.1 647.2 651.2 653 653.4 658.4 661.7 665.2 666.4 667.4 668.4 668.5 668.2 665.3 661.5 657.3 654.3 651.6 654.5 660.2 665.1 670.3 673.5 678.4 681.9 684.3 686.3 686.1 688.6 693 693.8 690.1 686.1 682.1 679.4 679.6 681.1
459.8 462.3 479.6 478.9 480 484.2 488.5 489.3 493.3 503.3 514.2 531.8 540.4 550.8 561.2 544.7 572 594.2 598.8 613.9 622.4 626.7 625.5 632.9 631.9 631.2 634.4 633.9 636.1 638.9 643.5 647.6 649.9 651.2 649.5 642.9 642.4 638.6 642.9 643.9 646 646.2 649.8 653.6 655.4 657.7 662.7 668.1 670.3 671.7 673.1 673.6 673.7 673 669.5 665.3 660.3 656.4 655.2 656.5 662.2 667.2 672.1 675.7 680.3 683.3 685 686.6 688.6 692.1 696 696.1 693 688.1 683.6 679.4 680.7 683
464.4 475.9 483.5 492.6 501.2 508.7 505.3 505.6 499 499 505.3 520 532 539.9 532.4 543 583.3 610.2 615.9 621.8 625.9 633.9 628.4 637.4 637.6 635.3 635.2 637.2 637.9 640.4 645.1 650.2 651.3 651.3 647.2 642.5 641 641.5 645.2 648.3 649 651 652.7 656.1 659.3 665.6 670.4 674.1 675.9 677.9 678.7 678.9 679.2 678.3 673.8 669 662 660 657.6 658.9 664.4 669.8 674.7 678.6 682.4 684.2 685.6 687.2 689.6 694.1 698.1 697.3 693.6 689.1 684.4 680.7 681.7 684.4
472.1 483.7 497.2 509.7 518.3 527.6 531.7 529.4 529.6 507.1 503.6 508.6 515.5 517.9 530 571.4 599.4 615.4 625.9 625.8 628.8 629.8 633.3 634.5 638.3 638.4 637.4 639.2 640 642.8 647.2 651.1 650.2 649.8 646.2 643.3 642.7 644.5 648 651.5 653.4 655.7 657.8 660.1 664.9 672.1 677.7 679.1 680.6 683.9 683.2 682.3 681.9 680.6 677.6 669.4 663.2 659.9 655.3 662 667 672.4 677.6 681.5 684.5 687.3 689.1 691.2 693.2 696.7 697.3 696.4 693.4 690.6 685.3 681.9 684.4 686.1
483.2 504.1 516 527.1 535.2 544.7 551.3 544.6 546.7 536.2 540.9 537.8 550.1 562.5 575.8 590.4 603.8 620.1 627.3 628.8 632.8 633.7 637.6 630.4 639.4 639.5 639.3 641.6 643.6 646.9 650.4 650.7 650.4 649.8 646.9 645.5 645.4 647.9 651.5 655.1 657.6 660 663.1 666 672.6 678.6 683 685 687.8 689.6 688.7 686.8 684.6 681.6 679.5 671.4 665.3 659.8 659.5 666 670.9 675.8 680.4 683.9 686.9 689.7 691.4 693.9 696.2 697.2 697.2 696.2 693.8 690 686.3 683.4 685.5 687.6
498.7 522.1 538 542.1 549.5 557.1 562.5 558.6 561 561.3 561.4 563.4 569.9 583.9 600.6 614.3 618.6 625.5 629.3 633.9 637.4 639.4 641.1 642.4 637.1 640.9 642.2 643.2 646.7 649.8 651.6 653.7 653.6 650.5 648.5 647.6 648.6 651.4 654.8 658.5 661.7 664 667.5 670.6 678.3 683.7 687.2 690.3 691.4 692.5 690.5 689.7 687 684 680.9 674.8 667.8 660.6 662.3 669.4 673.8 678.3 682.1 686.4 689 691.4 692.3 694.8 697.3 697.6 697.5 696.5 694.2 690.6 686.9 684.6 686.3 688.1
516.5 538.3 555.5 558.9 566.8 574.5 579.6 577.2 578.7 580.9 586.4 590.7 592.2 605.7 623.3 631.9 629.1 629.3 633.9 639.7 639.7 642.6 644.1 645.7 644.3 639.5 642.2 644.3 648.1 650.9 653.7 655.8 657.6 654.4 649.7 649.7 652.5 655.8 658 661.4 664.5 667.8 670.3 676.4 682.6 687.5 691 695.3 697 695.7 693.1 691 689 686.9 683.1 677.2 670.7 662.7 662.7 670.7 676.1 680.6 683.8 688.2 690.5 692.7 694.4 695.9 697.6 697.1 697.4 696.4 694.2 690.1 687.4 685.3 686.9 689.4
541 556.5 572.7 591.6 612.9 632.4 623.9 626.2 613.8 601.7 614 620.5 634.1 632.5 642.2 641.1 635.7 634 637.5 640.6 643.3 644.4 646 647.6 646.4 643.2 642.3 645.4 649.3 652.7 655.9 658.5 660.4 657.5 651.2 653.7 657.9 661.3 663.6 664.6 666.8 670.3 675.3 680.8 686.7 691 695.3 699.6 701.2 698.1 695.3 693.9 692.2 689.2 684.9 680 672.5 664.8 666.3 671.8 677.3 681.3 686 689.8 692.1 694.4 696.6 698.1 698 697.8 697.7 695.7 693.7 690.6 687.7 685.9 687.5 689.3
570.1 592.8 611.2 637.7 657.5 670.8 669.4 647 651.7 653.1 636 643.8 652.9 658.6 652.7 645.5 639.3 637.7 639.4 643.1 645.5 646.4 647.8 649.2 648.2 643.5 644.8 647.4 650.9 654.3 657.3 660.4 660.1 659 656.7 659.6 663.9 667.9 670.3 669.2 671 673.7 678.3 683.7 689.6 693.4 698.1 702.3 702.1 699.8 698.2 696.9 694.4 690.4 685.9 681.1 674.3 664.9 669.9 674.4 678.6 683.2 686.7 689.9 693.1 696 697.9 698.3 698.6 698.9 697.2 695.2 693.1 690.1 687.4 686.3 687.6 689.3
597.9 622.7 643.5 660.6 676.4 685.7 681.8 676.9 672 667.7 654.9 661 658.3 660.7 659.4 649.4 642.4 640 640 643.5 648.3 648.8 649.5 650.3 649.5 647.2 647.8 649.9 653.2 656.8 660 660.6 659.8 660.5 662.8 665 668.5 672 673.9 674.4 675.4 676.4 681.3 686.8 690.6 694.9 699.5 702.2 703.4 700.7 699 698.3 694.8 691.4 687.2 681.8 674.3 669.9 673.3 677.5 680.5 683.1 686.1 689.4 692.6 695.8 697.5 697.8 697.4 697.7 696.1 694 691.5 688.4 686.2 687.4 688.2 688.9
617.4 649.5 659.1 687.8 696 698.9 693 685.5 680.5 681.3 661.7 678.3 670.2 661.4 659.6 654.3 648.3 645.3 643 644.3 649.3 651 651.4 650.2 649.7 651 649.7 651.7 655.7 659.9 661.2 662.6 663.6 665.8 668.4 671.1 673.8 677 679.1 681 680.1 680.6 683.6 688.7 690.5 695 699.1 702.8 703.3 702.7 700.1 698.1 694.5 691.6 687.7 682.2 673.9 669.8 675.4 679.8 682.6 685.6 687.4 689.2 692.1 694.8 696 696.3 696 695.5 694.4 692 689.1 686.5 687.8 689.1 690.1 692.1
651.8 669.5 687.2 711.4 707.7 706.8 700 693.3 689 680.7 668.6 682.2 678.8 671.4 664.1 658.3 655.3 652 649.5 648.1 649.1 650.8 650.9 651.3 651.2 650.8 652.6 654.6 659 661.5 663.6 665.5 668.8 672.2 676.8 679.6 682.2 684.8 684.8 685.5 685.1 686.2 689.2 689.7 691 694.4 697 699.5 701.3 702.6 702.8 697.6 693.7 690.6 686.5 679.9 671.8 673.8 679.2 681.8 685 687.8 690 691.6 692.7 692.7 693.2 694 694.4 693.7 692.2 690 689.4 688.1 689.3 691 694.4 694.8
686.8 718.7 733.6 722.8 717.3 712.5 707.6 698.2 701.5 690.8 677.1 685.7 681.6 676 669.4 663.5 659 657.5 653.1 649.5 650.9 652.9 653.1 651.6 652.4 655 655.8 658 660.5 663.5 666 668.3 673.3 680.4 684.7 687.3 689.5 692.4 691.2 690.4 690.8 691.2 691.5 690.2 692.5 695.2 697.5 699.5 700.8 700.3 698.6 695.6 691.8 689.2 683.1 676.3 673.8 679.4 681.3 683.9 686.6 690.3 690.9 691.9 693.1 692.7 692.5 692.5 692.3 691.8 689.2 690.8 690.7 690.7 692.3 696.7 698.1 697.2
697.3 737 739.8 729.1 726.2 720.7 712.4 714.5 711.6 696.8 683.3 691 687 680.7 674.4 668.6 660.8 660.3 656.5 652.8 654.9 656.6 657.8 658.5 656.1 658.8 658.9 660.9 663.7 666.2 668.7 673.9 679.8 686.9 692.4 693.9 696.1 697.1 695.9 694.4 694.1 693.1 692.1 692.7 693.1 694.5 696.5 698.2 698.9 698.7 695.7 693.1 690.7 686.5 681.3 674.6 679.3 681.1 682.6 685.4 688.2 690.3 691.2 692.6 693.4 692.8 692.1 692.1 690.3 690.1 692 691.6 694.3 695.5 698 700.7 701.2 699.2
715.8 734.4 739.5 736.8 732.9 727.3 719.6 723.8 716 694.8 687.4 688 685.3 679.5 674.8 670.7 665.3 662.4 660.9 659.4 660.9 659.4 661 659.9 660.6 661.3 663 665.3 668 670.9 675.2 681.8 687.5 694.5 699.3 698.2 700.8 700.5 700.7 698.2 695.5 693.5 692.6 692.8 692.8 693.1 694.7 696.1 696.7 696.8 692.6 690.2 687.1 682.6 675 679.7 682.1 682.1 683.8 686.7 689.5 690.2 691.6 693 693.6 693 692.5 691.8 692.1 693.5 693.8 695 697.1 698.4 700.4 702.5 701.6 699.9
711.8 723.3 733.2 739.9 738.4 731.8 729.2 728.7 717 696.6 691 689.6 687 687.6 682.1 676 671.8 669.2 668.1 665.3 665 663.9 662 660.3 663.6 667.4 668 669.7 672.4 676.6 681.1 687.3 694.5 702.1 703.2 703.5 701.1 700.3 698.7 697.9 695.4 694.2 693.1 692.8 692.7 692.8 692.8 693.9 694.7 693.4 690.1 689.1 683.8 677.1 679.1 680.4 682.8 683.1 685 687.9 689.1 690.9 692.8 693.4 693.8 693.2 692.6 692.8 694.1 694.7 693.9 695.1 698.5 700.2 702.4 705.2 704 702.1
725.9 730.3 729.5 738.1 738.9 736.9 737.5 738.7 719.7 701.5 700.3 700.8 698.8 700.4 692.4 687.9 679.5 676.5 674.9 670.4 668.4 669 666.2 666 668 670.7 670.2 673.2 677 681.8 687.8 694.8 700.8 706.4 707.6 706.7 703.6 701.2 698.4 697.3 696.1 694.9 693.7 692.7 692.7 692.6 692.8 692.8 693.1 690.3 689.2 689 682.5 676.8 679.8 681.3 683.5 685.1 687.1 689.8 690.3 692.3 694.4 695.4 695 694.6 694.3 695.5 695.9 696.9 696.5 697.3 701 705.1 708.1 708.9 708.2 705.3
722.2 731.2 736.7 744.5 740 738.8 738 730.1 717.2 709 708.6 708.8 707.6 708.1 704.9 698.3 687 684.5 680.5 675.8 672.8 671.5 672 671.2 669.2 672.3 673.6 676.9 680.2 686.7 693.9 700.8 707.1 710.2 711.3 709.2 706.1 703 699.3 697.8 696.6 695.5 694.3 693.3 692.6 692.5 692.8 692.8 691.6 689.5 687.4 684.5 679.5 679.8 681.1 681.8 684.3 687.1 689 691 691.2 693.8 695.2 694.9 696.3 696.9 696.5 697.7 699.2 699 698.8 699.9 705.3 710.8 712.6 712.9 710.9 707.2
720.1 734.2 745.8 751.9 749.7 744.3 737.5 728.7 722.2 713.3 717.9 716.4 714 714.8 711.9 705.8 696.8 691 686.4 682.3 678 675.8 674.3 669.5 672.3 675.9 677.1 680.4 684.6 691.6 698.6 705.6 710.6 711.7 711.5 709.3 705.4 702.8 702.4 698.9 697.2 696 694.9 693.8 693 692.4 692.8 692.5 688.7 687.1 683.1 680.2 679.4 680.6 682.6 684.3 687 688.4 689.4 692.6 692.1 693.2 695.3 696.3 697.4 698.6 698.8 699.9 701.1 700.4 701.8 706.3 711.5 716.9 718.6 716.7 712.5 709
726 738.9 749.5 758.6 760.8 757.5 748.2 736.2 727.8 719.8 721.2 721.7 722.6 721.8 718.2 712.6 704.9 696.9 693.5 689.3 685.1 681 677.9 673.8 677.8 680 679.7 683.2 689.1 695.9 703 709.2 711.8 711.3 711.4 708.1 704.3 701.9 700.9 701.4 700.1 696.8 695.4 694.4 693.5 692.7 692.6 690.5 688.2 685.2 681.3 680.2 681.3 683.9 685.9 688.3 690.6 689.5 692.3 693.6 694.4 694.9 696.2 697.7 699.1 701.9 702.4 701.4 702.2 704.4 707.9 712.6 717.7 722.8 724.5 721.3 715 710.1
738 751.3 758.4 765 770.8 768.4 757.2 748.2 735.4 727.5 723.9 729 730.1 728.5 725.1 718.8 712.2 703.8 699.1 694.7 691.8 686.1 681.5 679.6 679.4 680.6 682.6 686.6 693.2 700.1 706.8 710.5 713.8 713.3 711.8 708.6 705 701.3 700.4 700.9 698.3 697 696 694.9 694.1 693.3 691.6 688.9 688.6 686.9 682.8 681.2 683.7 686.5 689.1 691.4 692.9 691.6 693.4 694.3 694.8 695.9 697.4 698.6 700.1 701.2 702 703.6 706 708.4 713.5 720.4 727 732.2 730 725.2 717.9 713
745.8 761.6 771.4 777.1 778.3 776.4 762.4 752.8 744.4 740.5 729.4 733.8 737.4 735 730.5 723.7 717.7 707 702.3 699.3 695.7 690.3 685.8 682.8 679.1 680.9 685.5 690.3 697.3 704.1 710.2 714.9 716.7 715.2 711.6 710.5 706 704.6 702.9 700.8 700.5 698.3 697 695.5 694.4 693.3 692.8 689.4 689.4 688.7 686.1 683.3 686.5 688.7 691.6 693.7 694.7 693.2 694 694.8 695.8 697 698.5 699.9 701.1 702.3 703.9 706.4 709.7 714.6 720.7 729.7 738.5 740.8 736.2 728.5 720.4 715.5
756.8 771.8 783.6 788.8 787 778.9 770.6 764.2 756.5 747.4 737.5 739 741.2 741 735.2 727.8 720.3 709.3 705.2 703.1 700.8 694.6 691.3 688.8 681.3 682.1 688.3 693.5 700.4 707.5 714 719.3 720.8 718.7 715.4 710.4 709 707.7 706.4 705.1 703 699.3 697.5 696.1 695 694 693.1 690.4 690.5 688.8 687.1 685.1 688.9 690.5 693 694.5 695.6 696 694.7 695.7 696.9 698 699.6 701.1 702.4 703.7 705.7 709.4 713.6 720 729.2 742.9 752 748.4 740.3 730.4 721.9 716
769.4 783.3 798.6 798.2 793.4 782.2 777.9 774.4 770.6 760.4 746.7 743.4 743.1 739.6 736.7 731.3 724.2 713.4 706.9 703.6 701.5 697.7 694.3 692.4 680.9 685.9 690.9 696.7 703.5 710.6 718.1 724 725 723.1 719.9 716.7 711.4 708.6 706.7 704.9 702.9 699 697.5 697 696.3 695.4 694.5 693.4 692.9 690.7 687.6 684.8 689.6 690.7 693.3 694.6 695.9 697.2 696.2 696.7 697.9 699.1 700.6 702.2 703.7 705.9 709.2 713.2 718.5 724.9 742.6 755.8 760.1 753.2 745.3 731.3 721 717.3
778.4 797.5 804.3 806.5 802.1 792.6 793.1 787.3 779 770.6 761.9 751.5 748.7 747.4 742.3 735.6 729.8 719.9 709 704.4 702.4 700 696.2 691.4 682.5 689.5 694.2 699.9 706.6 713.8 720.1 726.8 729.6 726.3 721.5 717.7 711.8 708.8 706.5 704.6 701.6 698.7 698.3 697.7 697.1 696.5 695.8 694.5 692.8 691.2 688.5 685.1 690 691.2 693.3 694.7 696 697 698 698.1 698.7 700.2 701.8 703.4 705.7 709.1 713 718.6 725.4 739.6 756 765.6 768.6 759.4 748.2 732.4 723.7 720.4
795.7 807.9 811.7 818 808 806.7 800.6 794.2 786.4 785.9 778.5 766.6 757.9 755.2 746.5 738.8 733.3 724.5 712.4 705.7 703.1 700.8 695.3 683 686.4 692 698.2 702.2 709.2 715.9 722 729 730.2 728.1 723.1 717.6 712.6 708.9 706.3 702.2 699.3 698.9 698.9 698.2 697.6 696.9 696.9 695.7 694 691.4 688.3 685.9 687.2 691.8 693.4 694.5 695.9 697.4 698.3 698.4 699.3 701 702.8 706.1 708.4 713.2 718.6 724.6 732.9 747.3 763.4 774.9 770.4 762.8 749 732 724.6 720.9
808.4 816 820.9 819.7 813.5 812.4 804.6 798.9 795.5 792.6 784.9 772.1 765.2 758.6 748.8 743.2 737.6 729.3 717.6 708.6 703.8 700.3 689.8 687.6 691.6 694.7 699.7 706 711.8 718.1 724.6 730.8 730.1 729.5 724.6 718.3 712.7 708.7 704.9 701.7 701.4 699.9 699.1 698.2 698.2 698.3 698.3 697.1 695.4 693.9 691.3 689.9 689 689.5 693.2 694.7 696.3 697.9 698.6 699.5 700.6 702.6 705 708.5 712.9 718.8 723.1 729.9 739 755.1 776 780.2 773.4 764.5 748.7 730.5 724.7 720.6
814.7 820.3 820.4 819.2 821 813.8 808.5 805.7 803.2 797.8 789.7 774.8 768.3 760 750.6 748.2 740.5 733.1 722.9 712.7 706.2 702.7 689.7 692.6 696.8 700 701.1 708.9 715.5 721.5 727.8 732.2 732.1 730.4 726.1 719.1 713.5 708.7 705.4 702.1 701.1 700.1 699.5 699 699.6 699.7 699.8 698.4 697.8 697 695.5 694.3 692.1 689.7 693.9 695.9 696.9 698.3 699.8 700.8 702.1 704.6 707.3 710.7 717.8 724.7 728.7 737.7 748.3 764 781.4 785.2 776.3 765 747.6 731.2 723.2 720.2
821.7 824.9 819.3 818.8 815.9 809.5 809.2 811 808.7 800.9 791.7 777.4 769.8 762.6 756.2 750.5 741.3 732.5 724.3 713.2 705.6 695 689.9 697.6 699.9 700.3 702.8 710.2 717.3 723.8 730.6 735.3 735.8 733.9 728.2 722 716.6 709.4 706.1 703.1 700.9 700.7 699 699.3 699.9 700.5 700.8 698.7 699.7 700 698.9 700.1 696.6 691.7 695.4 697.6 698.9 700.2 701.8 702.9 704.1 706.6 709.9 714.6 721.8 730.4 732.9 744.6 758.8 774.9 791 788.5 781.9 765.3 745.8 730.9 722 714.2
823.2 825.5 820.3 817.4 810.5 808.5 809 808.6 804.9 797 787.4 776.3 768.7 764.1 758.2 752.2 744.5 736.7 727.1 715.8 705.7 691.3 695.7 700.9 703 701 705.3 711.7 719.6 726.9 732.9 738.6 739.8 736.9 729.2 722.1 716.8 710.8 707.7 705.1 703.7 701.9 699.4 700.5 700.6 699.7 700.8 699 700 700.3 700.9 700.4 693.2 695.8 698.2 699.5 699.6 701.5 704.7 706.4 707.6 708.4 712.3 717.6 725.8 732.6 744.4 755.9 768.2 784.6 792.1 790.8 785.3 761.1 744.4 732.6 723.1 713.5
