public/OST50/NH42.asc
ncols 200
nrows 200
xllcorner 240000
yllcorner 820000
cellsize 50
[rows 0 to 34 of 200, columns 0 to 77 of 200]
143.6 135 134.7 134.3 133.5 131.5 131.1 129.9 136.5 133.9 129.3 127.5 126.7 125.8 124.8 123.3 123.2 123.7 123.8 123 122.1 121.7 121.5 120.9 120.2 119.4 119.1 118.7 118.5 118.2 118 117.7 117.4 117.2 116.8 116.6 116.5 116.7 116.9 116.8 117 117.3 117.2 116.9 116.7 116.6 116.5 115.7 114.9 115.1 115.6 115.9 115.6 115.3 114.1 114.1 113.1 113.1 113.1 113.1 113.1 113.1 113.1 113.1 113.1 113.1 113.1 113.1 113.1 113.1 113.1 113.1 113.1 113.1 113.1 113.1 113.1 114.6
154.2 138.5 133.9 133.7 132.7 130.9 131.2 137.1 137.7 135.2 130.7 128.5 127 125.8 125.2 124.6 124.5 124.4 124.9 123.7 122.6 122.1 121.9 121.2 120.6 119.7 119.1 118.7 118.3 118.1 118 117.6 117.2 117.5 116.6 116.3 116.2 116.5 116.6 116.4 116.4 116.6 116.4 116 115.6 115.4 115.3 114.6 114.6 114.6 114.6 114.5 114.2 113.6 113.1 113.1 113.1 113.1 113.1 113.1 113.1 113.1 113.1 113.1 113.1 113.1 113.1 113.1 113.1 113.1 113.1 113.1 113.1 113.1 113.1 114.9 116.3 117.9
157.6 153.6 141.3 131.2 139.3 147.6 146.3 147 145.7 137.3 130.8 129.7 132.7 126.5 125.6 125.7 124.3 126.4 125.6 124.4 123.4 122.5 122.2 121.6 121 120 119.1 118.6 118.2 118.1 118 117.4 117.3 117.4 116.4 115.9 116 116.2 116.1 116 115.8 115.9 115.6 115.2 114.9 114.5 114.2 114.3 114.3 114.4 114.2 113.7 113.2 113.1 113.1 113.1 113.1 113.1 113.1 113.1 113.1 113.1 113.1 113.1 113.1 113.1 113.1 113.1 113.1 113.1 113.1 113.1 113.1 114.5 116.6 118.3 119.3 120.7
164.2 163.8 162.4 159.5 163 160.6 157.9 155.9 152.8 148.1 140.6 131.5 134.3 133 132.6 130.6 128.2 127.1 126.3 125.2 124.2 123.3 122.6 122 121.3 120.2 119.9 118.8 118.4 118.2 118 117.9 117.8 116.8 116.1 115.5 115.7 115.9 115.7 115.5 115.4 115.1 114.9 114.5 114.2 114.2 114.3 114.3 114.3 114.3 114.4 114.1 113.5 113.6 113.2 113.1 113.1 113.1 113.2 113.1 113.1 113.1 113.1 113.1 113.1 113.1 113.1 113.1 113.1 113.1 113.9 116.5 117.5 119.2 120.8 121.5 122.4 122.5
170.7 170.1 168.9 168.1 167 164.5 162.1 159.2 157.5 151.4 143.5 137.8 132.6 133.5 132.5 130.2 128.9 126.6 126.6 125.7 124.8 123.7 123.1 122.8 121.7 124.6 121.4 120.6 119.7 120.7 120.8 123.2 120 119 118.5 117.8 115.5 116.3 115.7 115.1 114.6 114.3 114.3 114.2 114.2 114.3 114.4 114.5 114.5 114.4 114.4 114.7 114.4 114.1 113.6 113.2 113.4 113.9 113.9 114.4 113.2 113.1 113.1 113.1 113.1 113.1 114.5 117.6 116.8 118.2 119.3 121.1 122.2 123.1 123.9 124.4 125.3 128.7
178.2 177.6 178.5 180.3 175.6 168.6 163.2 159.2 154.2 148.1 141.9 137.8 133.5 133.1 132.5 131.3 130 128.3 127 126.2 125.6 126 126.6 125.7 127.7 126.5 124 123.6 122.9 123.5 123.8 125.2 123.9 122.3 122.2 118.8 117.6 117.8 117.1 116.3 115.4 114.7 114.6 115 114.8 114.3 114.4 114.6 115 114.9 114.6 114.5 114.2 113.8 113.7 113.6 113.9 114.3 114.6 115.7 116.5 116.5 115.5 113.8 114.9 116.9 118.7 119.5 120.2 122.2 123.1 123.9 125.4 126.7 129.4 132.2 133.4 132.5
180.8 179.2 177.4 174 168.1 161.4 158.9 153.9 149.5 148 143.5 138.3 134.9 134.7 133.4 131.7 130.7 129.3 128.6 128.4 128.7 128.7 129.2 128.3 129.4 130.9 130.5 129.3 126.9 126.6 128.4 128.6 127.6 125.7 123.5 120.5 119.2 119.7 119 118.4 119.7 118.5 118 117.8 116.5 115.3 115.1 115.3 115.8 115.5 115.2 114.9 114.7 114.3 114.2 114.5 114.8 115.1 116.3 118.4 120.6 120.1 119.6 120.6 121.8 122.2 122.8 124.1 124.7 125.9 126.5 128.6 132.8 136 137.5 134.9 131.8 129.5
179.8 175.2 170.5 165 162.4 161 160.1 156.2 153.7 150.3 146.1 139.3 136.3 135.7 134.3 132.2 131.9 135.8 136.5 134.3 136 135.2 138.1 138.6 138.4 138.4 137.9 138.3 134.8 129.9 130.5 130.2 129 128.1 126.6 123.8 123 120.7 124 125.4 124.1 122.6 121.6 119.9 118.7 117.7 118.1 117.5 116.8 116.4 116 115.6 115.9 116 116.5 117.3 118 118.7 120.7 122.6 124.3 124 124.3 126.5 127.4 127.6 128 129.8 130.4 133.3 134.2 136 135.6 135.6 133.6 132.9 132.8 134.9
175.9 171.2 167.5 167.2 167.5 166.6 165 161.1 157.9 154.6 148.4 141.9 138.5 137.4 135.7 141.8 143 142.8 140.8 138.4 136.9 135.7 135.7 144.2 146 144.8 142.3 138.4 134.4 134.2 134.7 132.6 131 130 128 127 125.9 122.9 132.1 132 130.2 127.2 125.2 122.2 120.9 120.6 120.2 118.9 118.4 119.1 119 119.1 119.6 120.5 121.4 123.6 124.6 125.9 127.8 128.3 128.7 129.1 130.5 132.3 133.2 132.7 133.6 136.6 136.3 137.1 137.8 137.5 137.3 137.9 140.2 143.7 147.9 153.1
174 172.4 172 173 173.8 172.8 170.7 167 161.1 156.9 150 145.1 140.7 138.5 139.7 148.9 147.8 147 146.6 144 141.7 137.1 135.8 136.2 139.9 139.4 137 137.9 139.7 141.7 140.9 138.2 140.9 143 141 135.8 132.7 127.9 127.3 131.3 132.9 129.9 128.2 125.3 124.2 122.4 121.7 122.4 123 123.6 124.7 125.6 126.8 126.9 128.7 130.7 132 133.8 135.6 136.2 134.1 134.2 136.8 138 139.5 140.3 142 145.8 144.1 144.6 146.1 146.3 148.2 149.8 156.1 163.2 169 174.3
182.4 181.7 180.9 181.1 181 178.6 174.8 170.4 165.5 158 153.1 149.2 138.8 151.8 157.8 157.3 155.5 150.8 148.1 146 144 141.3 138.7 137.7 140.8 142.2 143.2 143.9 146.5 146.2 144.4 144.4 147.1 148.3 147.3 144.8 141.2 135.6 130.6 130.1 132.1 131.9 132.5 129.3 125.1 125.1 126.5 128.1 129.5 130.7 132.2 133.4 134.3 136.8 137.7 137.7 137.8 139.4 142.1 144.7 143.7 141.4 144.3 146 147.8 150.8 153.8 155.2 156 156.8 159.4 161.9 165.4 170.7 176.2 184.1 193.9 196.1
193.5 191.6 190.8 190.5 188.5 184.2 178.9 172.2 167.3 161.5 156.8 141.1 157.1 165.8 169.6 169.3 167.1 159.6 153.4 149.9 147.1 147 147.8 149.7 151.6 152.4 151.7 149.4 149.2 147.9 146.5 149.7 151.2 152.2 151.6 148.7 145 138.8 133.2 132 133 133.2 131.2 129.2 128.2 130.7 132.4 134.4 136.7 139.2 139.5 141.1 142.7 144.9 146 146.9 145.8 148.6 152.2 151.2 152.2 151.1 153.4 154.8 158.6 161.1 164.3 168.3 169.6 173.1 176.9 181.6 186.6 191.4 196.5 202.2 210.3 212.5
202.3 200.7 200.3 197.8 193.9 188.4 181.6 174.1 171.2 168.9 160.2 157.7 172.4 180.8 185.4 185.5 181.7 175.1 163.3 158.4 156 157.2 160.3 162.1 163.2 161.7 159.6 156.8 154 153.3 151.8 153 155.8 157 156.2 153.2 149 143.9 136.9 135.6 136.4 136.2 136 138.7 139.3 139.4 139.5 140.3 144.7 147.8 149.3 151.4 153.1 155.8 157.9 158 154.8 161.7 162.9 162.6 161.7 161.7 164.3 168.5 173 176.6 180.4 184.2 188.3 195.5 202.4 203.9 204 206.5 210.4 215.9 223.7 225
209.2 209 207.2 202.2 197.7 192.9 185.4 180.7 178.7 171.5 158.6 177.2 191.5 198.9 197.7 194.4 191.9 186 176.3 171.3 168.7 170.1 171.5 171.5 170.2 168.9 165.9 163.7 161.7 159.6 157.4 161.9 163.7 165.3 163.6 159.8 156.3 151.5 147.6 146.8 147.1 149 149 148.4 148.9 150.6 153.7 156.2 159.2 162.7 165.3 169 171.7 174.5 177.5 172.8 170.6 173.9 172.6 174.5 175.5 174.8 179.6 183.2 186.8 190.3 195.2 201.4 206.3 212.4 215 215.7 217.1 220 223.7 230.8 237.8 242.6
217.4 217.5 214.5 209 201.8 196 189.6 182.6 169.3 173.6 186.8 201.6 210.3 209 204.7 201.2 196.4 191.7 186.9 184.6 184.5 181.6 181.5 179.2 178.6 176.7 174.3 171.2 169.7 170.4 171.4 171.7 171.4 169.7 167.6 164.8 165.6 164.6 160.4 159.3 157.6 158.4 158.7 161.6 162.6 164.1 170 172.1 175.4 177.4 180.9 183.9 187.9 190.1 190.4 187.1 183.9 184.8 186.1 188.8 190.3 190.3 194.9 200.3 201.7 205.9 212 217 222.8 226 228.2 230.9 232.8 235.6 238.7 244.4 251 256.5
227.5 225.5 219.9 212.1 205.1 196.1 181.9 177.4 185 194 206.3 212.3 218 207.9 204.3 201.7 200.3 196.3 197.2 201.2 199.2 193.2 190.7 188.8 184.8 183.8 183.4 182.2 179.6 179.3 179 178.6 178.1 178.2 177.5 174.8 175.2 175.7 172.7 171.5 170.4 170.2 170.3 172.7 175.2 179.8 182.6 185.6 187.6 188.7 192.4 196.7 200.3 199.6 196.8 196.5 196.7 200.6 203.4 205.8 205.6 207 210.4 212.3 216.1 223.3 228.3 234 238.2 240.2 242.6 244 246.4 250.5 251.6 254.4 260.9 266.9
233.4 224.1 216.1 209.6 197.1 187.5 200.7 204.2 205.5 200.4 211 212.2 210.1 208.4 210.6 208.6 203.1 204.5 202.8 201.9 205.1 203 199.7 197.1 193.6 192.5 191.6 190.9 189.5 188.7 189 190.4 189.8 188.8 186.8 184.8 184.8 184.4 183.8 180.3 183.3 183.5 182.9 185.1 188.1 192.8 195.4 198.4 198.6 200.4 203.2 203.9 205.6 206.6 207.7 213 218.3 221.2 219.6 222.7 220.3 220.7 221.6 226.9 233.4 245.2 250.9 251.1 250.4 252 254.6 256.1 258.9 261.2 264.3 271.6 275.2 277
222.8 218.5 215.5 202.5 197.8 208.1 212.5 213.1 212.5 206.7 213.9 214.5 215.2 218 212.4 216.4 213.5 211.3 212.8 215.9 216.5 210.5 205.9 203.2 204.6 203.3 202.5 201 202.5 207.5 209.8 205.5 201.6 196.3 194 193.3 194.1 193.6 194.3 186.9 194.8 195.9 196.6 198.6 202.1 203.8 209.8 213.5 214.3 213.1 213.4 215.6 218.8 221.1 226.7 229.7 232.4 233.6 233.5 234.8 229.7 239.7 240.8 247.1 253.2 257.2 260.2 259.4 259.4 260.9 265.3 269.3 273.2 275.2 277.5 281.1 283.7 285.7
224.3 219.2 211.1 207.2 212.9 217.1 219.6 217.3 215.5 214.5 216 218.3 220.5 226.8 222.3 219.3 217.5 222.8 226.6 225.4 220.4 216.1 215 213.8 213.9 212.5 212.1 215 218.5 219.3 217.2 213.6 209.2 204.9 203.3 203.1 203.7 206 207.2 193.2 204.9 206.2 208.7 211.8 215.6 219.8 224.2 226.8 227.4 227.2 230.3 232.4 235.8 238.4 241.1 241.6 242.3 247.1 251.8 252.2 251.7 259.9 257.6 262 265.6 266.7 268.5 268.6 271.1 273.4 278.1 281.7 284.9 287.8 289.2 291.2 297 299.8
223.4 213.7 202.6 217.3 222.3 222.8 222.4 217.2 217.1 221.6 229.4 231.9 233.1 232.8 226.4 230.6 236.1 237.7 233.3 230.7 228.9 227.8 225.1 223 223.1 223 224.2 226.2 226.1 223.8 221.1 218 217.1 215.2 215 216.1 216.8 215.5 215.3 208.3 214.8 215.9 219.6 224.1 228.6 231.5 235 237.4 238.9 238.8 241.9 246.3 249.1 250.4 252.7 253.9 255.9 260 263.5 263.7 261.4 266.6 270 273.1 276.2 277.7 278 280.6 284.4 289.7 293.8 294.9 297.8 298.7 301 303.4 307.4 310.8
221.6 209.3 220 225 226 224.2 221.9 225.4 223 235.6 242.8 241.6 234.2 234.1 237.6 244.1 247 245.1 243.7 240.5 239.8 236.9 235.4 232.6 232.6 231.7 232.5 232.1 230.8 229.3 228.9 228.3 227.3 227.1 227.8 228.5 227.4 225.4 220.4 226.5 230.3 232.8 233.9 239.3 241.6 245.1 249.2 249.6 248.8 249.8 253 257 262.2 265.5 267 265.9 267.4 271.9 275.8 277.4 275 280.8 282.3 283.4 285.9 289.3 291.9 296.4 299.9 302.7 307.4 309 308.9 309.2 310.7 313.3 319.5 323.5
231.4 225.5 228.1 229.6 226.6 226.9 228.1 228.2 235.3 246 246.5 247.3 244.1 244.5 251.7 253.5 254.9 254.2 252.6 246.7 247.4 246.7 245.2 242.4 240.7 239.9 240.9 241.3 239 239.6 240.2 239.7 238.9 238.9 239.3 239.4 239.3 234.6 234.1 243.3 243.7 246.2 250 252.6 255.7 257.4 258 260 260.8 261.5 265.5 271.6 276.9 279.3 278 276.8 277.5 282.8 286.3 287.9 292.5 290.8 292 292.9 295.1 299 305.6 310 311.8 313.6 316.1 317.2 317.3 319.3 322.5 325.3 332.3 337.4
230.9 232.6 234.5 232.9 230.3 235 234.3 235.3 243.4 249.9 251.8 251.6 250.9 256.4 261.3 258.6 262.1 259.6 254 255 255 253.2 251.9 250.1 249.9 251.7 252.2 251.5 251.3 250.2 248.1 248.7 250.1 250 249.9 248.7 246.7 238.2 244.2 253.3 256.9 259 262.4 267.5 271.1 268.7 272.2 273 275 273.4 276.3 283.9 287.2 289 286.2 286.8 289.8 292.4 293.4 301.8 301 300.9 302.8 303.6 306.9 313.1 320.1 323.4 324.1 324.9 324.7 328.2 331.6 333.6 333.2 336.4 343.6 350.1
235.3 239.3 239.3 234.2 238.8 236.6 234.6 242.5 250 256.1 259.3 260.4 262.9 266.3 266.2 265.9 265.1 266.5 268.8 267.7 263.2 260 259.9 260.5 259.7 260.6 260.8 260.1 258.4 258.2 257.4 258 258.3 257 254.8 251.6 246.4 249.9 257.7 265.5 269.8 273.3 278.2 281.6 281.1 277.2 282.6 286.6 287.3 286.9 289.7 296 298 296.3 291.8 298.6 297.8 297.5 307.2 309.1 308.7 311.4 314.1 315.6 321.8 329.3 331.1 333.4 336.2 338.5 340.6 341.9 342.4 340.9 343 350.8 358.6 367.9
242.7 245.1 241.6 236.8 238 236.1 242.5 250.4 258.2 264.6 267.1 266.3 269.1 269.3 270 273.7 272 276.2 273.5 269.9 270 269.6 270.9 271.5 271.7 271.1 268.9 267.1 268.1 270.2 271.8 269.5 267.3 267.4 267.6 265.4 262.3 267.1 275.2 281.2 284.1 286.2 290.2 290.8 285.3 285.9 293.8 296.4 296.7 297.2 298.5 300.6 300.8 301.2 306 308.1 309.3 313.6 316.4 316 320.9 325.3 327.6 330.9 336.6 340.1 343.3 346.6 350 350.8 352 351.7 350.6 352.4 359.1 367.1 372.5 380.7
246.3 246.1 241 242.4 240.7 242.6 250.8 260.2 265.4 269.9 272 273.7 271.6 273.8 279.8 280.2 277.1 279.5 278.4 278.4 278.7 279.8 281.2 281.9 280.7 278.8 277.7 275.9 280.7 282.6 279.4 278.8 281.3 281.9 281.4 279.2 281 284.4 290.2 293.1 293.6 294.4 296.3 296.1 291.2 296 303.1 305.4 305.9 305.1 309.3 311.6 314 314.8 317 318.9 319.4 325.2 325.2 335.4 338.2 337.5 343.1 346.1 349.9 352.6 354.9 357.2 358.4 359.7 358.6 359.4 361.1 367.3 372.4 379.1 385.4 383.3
246.1 245.9 248.6 247.8 246.2 250.2 261.5 263.6 269.1 274.3 275.4 277 275.3 282.7 285.9 285.2 286.3 286.3 287.3 288.6 289.4 291 291.7 291.9 288.9 285.7 287.1 287.3 290 292.2 293.5 293.5 291.4 289.7 289.8 291.6 294 295.3 298 298.8 301.1 301.2 302.8 301.7 304.3 307.8 311 314.5 315 318.1 321 319.6 321.2 323.7 328.7 330.3 334.1 336.2 340.8 344.3 338.7 349 352 354.5 360.5 363.7 366.4 371.1 372.7 372.6 371.1 371 373.1 378 383.3 391.1 391.3 386.7
248.5 251.1 250.7 250.7 251.2 259.7 266.4 271 275.2 279.2 282.1 284.3 286.2 290.2 291.8 293.2 294.6 295.2 295.7 297.9 299.8 300.8 300.5 299.6 298.1 296.5 297.8 299.1 303.1 305.5 306.3 304.6 302.2 301.1 302 302.7 303.2 303.5 305.1 306.4 308.8 309.7 309.8 305.7 313.5 317.9 321.3 322.6 324.6 330.4 326.1 324.2 330.1 338.1 346.8 345.3 349.3 352.2 349.1 349.6 350.9 358.4 361.2 367.4 373.2 376.4 380.5 382.4 383.6 381 379.6 378.6 381.8 386.5 395.6 398.7 396.4 393
248.2 251.2 251.5 251.3 260.4 268.5 273.2 276 281.3 284 288.1 291.4 294.6 298 299.8 301 302.6 303.5 305 305.7 307.4 306.6 305.7 305.6 307.5 307.4 309.3 313.2 318 316.4 315.4 312.7 310.4 310.6 311.6 312.3 311.7 312.1 313.3 315.3 317.1 317.6 318.6 318.1 323.5 327.2 330.7 331.4 333.4 337.8 326.7 333.6 343.6 351 354.1 348.3 360.5 351 358.8 360.2 365.2 370.8 377.4 380 384.2 387.9 391.3 391.5 389.6 387.6 386.5 387 389.8 400.2 406.1 403.2 402.6 404.7
248.3 253.5 258.6 261.5 271 273.8 276.1 278.5 282 288.3 293 297 301.3 305.6 307.7 308.8 310.6 312.4 312.5 313.6 315.9 315 316.3 314.9 317.5 316.9 322.4 327.6 328.7 325.1 323.1 322.6 320.7 319.4 319 319.5 320 320.9 322.5 324.4 324.5 325.3 326.2 328.1 333.1 335.8 337.6 338.9 339.8 336.1 339 347.8 353.5 357.7 360.8 356.2 365.9 365.3 371.7 373.1 380.9 384.5 387.2 385.8 391.5 394.4 396.4 397.2 395.9 395.2 396.4 398.4 409.9 415.2 410.6 410.7 411.4 410.3
253.3 260.2 265.2 266.3 272.7 277.1 280.5 282.4 285.3 294 299.4 304 309.4 313.9 314.5 315.8 318.5 321.2 321.1 322.3 325.9 324.8 322.1 320.9 324.1 329.1 335.8 337.2 333.4 330.9 329.6 330.3 328.2 327 327.5 328 326.5 329.5 331.6 332.8 332.1 332.9 335.6 337.5 341.4 344.5 346.6 345.7 342.2 342.9 351.6 357.8 362.2 365.6 361.3 372.5 375.6 378.8 383.6 382.6 389.9 391.4 392.9 396.9 395.1 401.6 402.7 402.1 402.3 404.6 412.2 420.3 419.6 419.8 417.8 419 418 413.8
258.8 269.5 272.1 274.2 277.3 281.5 284.7 286.3 292.2 301.3 307.3 313.2 318.9 320.9 322 327.1 331.7 332.5 330.5 332.7 333.6 332.1 330.6 330.4 334.2 337.9 341.4 341.4 339 336.8 336.3 336.7 335.6 335.5 335.9 334.7 332.8 336.3 340.3 340.8 340.2 341.4 343.4 344.5 346.7 350.6 354 354.1 356.1 356.5 361 367.2 370.6 363.9 378.4 385.1 385.7 390.7 394.1 390.8 395.2 399.1 401.2 405 401.8 407 409.7 405.7 415.8 427.4 429 431.2 428 427.3 427.5 425.5 421.4 416.2
262.6 273.3 275.4 278.2 282.1 286.1 288.6 289.5 301.3 309 316.3 322 324.5 326.5 333.5 339.1 340.4 343.1 340.8 340.6 340.4 338.5 339.3 339.2 341.8 344.8 348.7 347.9 345.9 344.8 343.7 343.6 343.4 344.2 343.3 340.8 339.4 343.7 346.2 350 352 351 351.8 353.9 358 361 362.2 362.7 365.6 367.7 368.8 370.7 377.6 383 389.8 395.1 395.4 393.8 396.5 405.4 401.1 407.9 410 408.3 408.4 414.6 412.6 432.4 437.5 438.5 438.3 438.3 435.9 434.9 434 429.2 427.1 423.5
274.1 273.5 279.9 283.2 287.6 289.9 293.2 302.9 312.4 321 326.3 330.6 332.5 338.8 344.3 347.9 345.8 345.6 345.8 345.7 345.9 346.4 346.8 347.9 347.9 351.9 353.6 354.9 353.3 354.7 352.6 350.1 351.2 350.1 347.7 346.2 347.9 350.7 353.8 356.3 358.5 359 361.3 364.9 369.5 371.8 371.7 371.5 375.3 377.3 379.9 385.1 391.3 395 399.7 403.2 404.5 405 409.1 411.6 408 411.8 412.6 414.3 425.1 426.6 430.3 439.7 443.5 444.6 444.3 441.5 440.4 439.3 437.8 438.6 435.1 431.7
281.1 279.6 285.1 288 290.2 293.7 303.2 315.3 324.2 330.5 334.1 334 341.7 351.1 354.6 353.4 351.5 351.5 350.5 351.1 351.8 354.6 354.4 354.4 351.7 359.6 364 362.9 361.7 361.5 359.7 358.2 355.7 352.4 351.4 354.2 357.4 359.6 361.3 364.4 365.6 366.8 369.6 373.8 377.7 379.1 378.9 378.9 381.3 384 391.1 396.1 400.1 403.8 407.5 406.5 409.9 414.6 416.3 412.3 412.7 418.1 418.3 429.9 437.8 430.1 438.7 447.3 451 449.6 447.4 447.2 448.3 449.5 447.4 444.5 441.6 447.9
