public/OST50/NH42.asc
ncols 200
nrows 200
xllcorner 240000
yllcorner 820000
cellsize 50
[rows 105 to 139 of 200, columns 78 to 155 of 200]
416.1 426 429.6 425.3 424.7 422.6 423.9 424.5 423.1 421.3 413.2 412.4 414.8 419.8 426.9 431.3 446.1 448.8 437.7 429.5 429.5 429.3 432.3 433.4 431 432.1 441.8 445.4 447.2 450.6 450.3 449.6 444.8 441.9 442.4 443.7 444.6 441.2 438.1 436.8 434.2 429.9 426.6 426.3 433.4 443.6 450.5 452.1 455 457.7 454.6 465.2 475.9 470.7 460.9 449.8 439.6 434.7 430.9 427.3 427.3 427.6 426.9 430.3 440.8 447.5 448.2 433.1 412.6 400.8 385.9 373.3 360.9 353.3 348.2 343.4 337.2 334.1
417.5 426.6 425.3 425 423.7 420.6 421.9 420.5 420.2 419.2 414.5 414.9 423.5 424.3 431.8 439.9 454.3 445.9 435.6 431.4 433.4 435.1 436.8 439.1 433.3 442.2 448.5 450.3 454.8 456.9 456.2 455.4 458.6 453.4 449.7 450.4 450.7 449.3 445 441.3 440.3 436.3 435.3 435.9 439.1 451.1 456 458.8 460.8 464 476.4 487.7 483.4 476 462.5 448 440.3 437.8 432.2 431.1 431.2 430.4 431.5 439 449.7 445.6 436.9 424.4 408.6 392.1 377.9 367.1 355.9 350.3 342.5 338.7 334.2 331.4
419.4 425.7 422.2 421.9 422.8 418.1 418.6 419.8 420 418.5 416.9 418.8 428 427.8 436.1 449 451.1 447.5 435.3 434.6 439.8 437.7 441.6 436.4 436.7 445.3 451.9 458.5 463.6 463.1 462.1 465.3 477 468.6 457.5 456.2 457.6 454.8 450.4 445.3 443.5 442 442.2 443.2 444.9 455.7 458.9 463.4 467.4 476.2 494.6 490.3 481.9 471.3 457.3 445.1 441.1 437.9 434.3 434.3 433.3 432.9 438.3 452.8 450.8 444.3 429.2 416.6 401 384.8 373 360.5 352.4 348.2 339.1 338.3 333.8 327.6
414.6 419.5 417.6 419.5 421.1 413 419 419.7 422.8 421.9 423.7 424.6 429.1 435 444.6 454.2 451.4 441.9 439.6 438.2 441.7 441.8 445.6 441.5 444.4 453.7 460.6 469.7 471.9 468.2 476.3 486.6 488.1 476.7 461 462.8 466.3 460.9 455.4 452.2 450.1 449.4 449.4 450.6 453.1 461.4 468 472.1 475.4 499.3 498.5 488.1 473.5 464.1 456.2 449.5 442.7 438.2 436.9 436.7 436.3 440.4 450.4 454 447.2 427.9 420.7 412.3 390.4 377 364.1 353.9 348.8 342.1 337.5 338.5 332.2 326.9
410 412.7 412.2 411.4 413.4 412.1 416.6 422.7 420.6 425.9 429.6 427.2 433 445.7 458.9 461.7 451.5 441.8 440.7 441.7 444 445.3 448.9 448.8 456.1 462.7 470.1 476.7 474 476.8 484.7 495 493.4 482.6 472 470.3 470.6 466.7 465.3 463.1 457.7 455.9 455.4 453.1 457.4 467.3 472.7 482.4 499.9 506.2 496.2 479.7 469.3 463.2 456.3 451 442 440.4 440.7 440.6 443.4 443.4 457.2 448.7 438.4 424.3 418.2 400.6 382.3 367.1 356.7 347.3 342.3 336.7 336.9 332.4 328.5 330.1
407.9 409.7 408.7 409.2 410.4 412.3 420 421 419.4 427.8 433.1 429.7 438.7 451.6 464.6 460.4 450.1 443.2 445 445.4 448.8 451.3 453.8 456.7 463.3 474.3 478.5 479.4 480 486.2 497.2 505.8 501.5 493.1 481 473.9 475.8 473.8 472.9 469.4 466.2 462.7 459.3 459.8 465.2 473.8 480.3 500 511.3 505.2 487.5 475.4 467.9 461 454.3 446.8 442.7 443.9 445.7 445.3 442.4 450.4 452.4 445.2 430 422.8 406 390.6 375.7 364 353.5 343.5 336.8 333.4 333.6 330.8 328.1 331.4
406.9 408 408 408.3 411.4 417.3 421.6 419.5 416.5 424.9 431.8 433.9 442.9 457 470.1 461.6 446.5 444.1 449.2 449 450.9 454.9 459.1 463.8 467.3 475.9 484.8 486.9 492.7 503.6 512.8 514.4 507.3 499 495 486.1 483.5 480.2 477.7 480.6 480.8 480.2 483.8 478.6 477.8 483.7 494.1 508.6 507.8 497.8 482.8 471.5 464.7 458.4 452.4 445.6 446.6 447.8 446.5 444 441.8 453.3 447.7 437.3 425.8 414.6 395.9 382.6 371.5 360.1 348 339.4 331.2 332.2 330.7 329.4 328.1 330.2
412.4 407.5 407.2 407.2 408.6 412.9 418.7 416.5 415.6 422.9 426.9 433.6 442.3 458.9 467.8 456.4 445.2 446.9 450.1 451.2 456.8 462.7 466.5 473.1 480.2 486 488.4 501.1 512.8 522.1 528.5 522.2 514.3 509 509.9 502.6 494.8 500.4 498.1 497.8 500.6 502.4 505.1 493.6 494.7 496 502.5 503.7 496.5 490 482.8 465.1 461.7 456.6 450.4 448.2 449.8 445.5 441.9 440.9 442.1 446.5 435.7 428.1 417.5 400.2 389.6 378.7 368.6 357.2 342.7 331.1 330.6 329.8 328.6 328.4 328.9 331.1
415.5 410.7 409.2 408.4 410 412 414.3 413.7 414.3 419.9 425.3 431.8 438.6 451 454.6 446.9 444.2 447 450.4 452.9 458.3 469 471.4 481.5 488.2 494.3 506.9 515.9 526.5 533 530.8 527 520.8 522.5 525.8 508.8 521.6 519.4 518.7 516.6 513.1 527.8 526.8 522.4 524.4 515.9 500.6 496.2 487.3 487.4 478.7 463.6 459.6 453 448.6 449.6 445 440.7 439 439.3 439.3 432.2 426.9 419.4 404.1 393.6 385.4 376.7 361.5 349.3 335.9 329.8 330.4 330 329.1 328.6 329.1 329.8
419.3 414.2 412.3 411.5 411.2 417.5 420 411.9 411.7 414.5 425.7 428.9 433.4 444.7 448.2 442.6 445.9 448.5 453.1 456.1 465.6 470.8 480.6 487.2 492.7 503.5 515.7 525.6 531.6 533.8 533.9 531 531.4 540.8 528.6 522.4 529.8 533.5 533.3 522.8 525.8 538.5 536 538 522.6 506.8 492.7 485.6 478.9 478.9 465.8 458.6 450.6 446.6 447.3 444 440 438.3 438.2 437.5 434.2 426.1 419.9 407.4 396.6 389.1 381.6 370.8 355 342 333 329.5 328.8 329.4 329.5 328.9 329.6 330.7
432.1 421.4 417.4 416.4 418.8 418.8 422.8 414.7 413.6 414.5 423.1 426.9 432.2 439.7 439.9 441.4 444.7 449.6 457.5 461.1 470.1 477.5 486.2 492.3 497.5 508.4 517.1 525.4 529 532.8 538.2 534.8 542.1 540.3 533 534.1 534.2 539.2 536 531.5 535.7 535.5 534.1 523 510.7 498 486 478.6 478.6 474.5 465.8 452.9 447.3 446.1 442.7 440.2 439.5 439.5 438.5 436.4 429.2 419.5 410.5 396.5 386.5 379.5 376.3 361.2 348.7 339.1 329.9 329.2 328.8 328.9 329.1 329.4 332.8 336.1
442.9 430.1 428.5 427.5 428.2 420.9 424.1 414.3 415.7 418 430 431.9 436.5 440.8 441.2 446 444.6 450.3 457.1 461.3 466.9 477.1 487 493.8 498.8 509.8 517.2 527.8 529.9 536.9 544.6 538.4 541.5 541.5 542.7 539.2 538.7 541 539 538.2 536.5 524.5 518.1 514.2 505.1 497.3 486.7 484.6 487 473.6 460.6 451.1 448.7 445.3 442 441.2 440.4 439.7 437.7 433.1 422.6 410 396.4 390.9 383.8 376.7 364.3 350.6 344.2 334.1 329.5 329.7 329.4 329.6 330 333.1 338 338.7
453.8 436.3 439.9 441.5 439 430.5 424.6 417.6 415.9 416.9 425 433.9 438.2 442 442.8 445.9 445.1 454.5 461.4 467.2 471.9 485.7 491.2 496.9 504.5 510.6 521.5 525.3 532.5 542.8 549 545.1 544.3 547.6 551.9 544 541.5 546.4 543.5 543.9 537.6 525 518.3 512.3 505.1 492.5 490.1 494.6 484.1 469 454.5 450.4 446.8 442.9 441.6 440.9 440.6 438.5 435.6 425.2 412.1 400.5 391.6 388.4 382.4 367.7 355.1 345 337.1 331.3 330.3 330.1 330 330.5 334.5 339.4 339.4 339.6
460.4 448.3 456.6 464.7 450.5 442.1 432.5 424.4 418.5 417.2 427 435 439.3 442.5 444.3 445.8 448.2 458.4 462.9 466.2 476.3 486.3 490.7 496 502.5 509.7 521.6 526.9 533.2 542.8 548.4 544.8 550.8 559.8 560.6 555.2 567.3 563.9 565 558.5 549.5 536.2 524.5 511.8 502.4 490 492.8 486.7 475.4 459.3 454 449.3 444.5 441.2 439.5 439 438.1 435.8 428.2 417.9 406.9 398.6 393.9 386.3 375.7 361.1 350.3 339.4 333.8 332.2 332.3 331 331.6 333.7 340.8 340.8 339.7 339.6
467.7 464.9 477.9 479.1 458.7 451 443.3 432.8 420 419.1 429 434.3 440.7 442.9 447 447.8 454.2 460.4 462.6 468.5 479.1 485.4 487.3 491.5 500.6 512.4 518.2 524.1 532.9 538.8 544.4 544.6 553.7 561.3 559 564.9 574 573.9 570.4 559.6 548.2 538.6 524.7 509 494.2 487.4 486 476.6 467.3 457.7 453.3 446.5 442.6 438.7 437.4 436.5 435.9 431.7 424.9 416.4 405.9 397.6 391.1 381.9 366.7 355.7 346.7 337.7 334.5 334.1 333.6 332.4 333.8 338.2 343.2 342 341.6 343
470.8 475.3 487.6 484.3 471.8 458.7 448.6 438.2 422.4 419.7 427 436.2 441.9 444.3 447.7 449.8 455.5 461.2 462.7 471.4 477.9 481.8 480.3 488.1 501 508.8 516.2 522.1 530.4 531.7 534.8 547 553.8 557.4 558.7 568.9 575.3 580.2 565.8 557.6 547.4 532.8 518.3 512.7 490.5 486.5 476.9 466.8 459.9 455 447 441.5 437.7 436 435.4 434.4 433.5 428.3 421.6 412.1 402.2 395.9 387.1 374.7 362.4 356.9 347.7 341.5 337.4 335.8 334.9 333.9 340.2 346 346 345.4 347.9 350.2
476 482 494.2 496.8 485.2 461 446.3 442.2 426.7 423.8 430.1 437.1 441.7 444.3 448.7 449.9 459.6 461.5 463.8 473.4 478.1 480.8 476.3 486.8 499.4 507.3 509.9 517.8 530.1 527.4 530.7 545.2 552.3 552.3 562 567.6 573 569.7 558.8 553.6 543.6 526.5 513.3 502.9 489.2 479.4 471 461.6 457.6 450.4 441.5 435.6 434.4 434.3 433.7 433 431.1 426 418.2 408.2 401.4 391.9 382.2 369.4 363.9 361.1 354.8 347.4 343.6 338.2 338.6 344.3 351.9 351.3 349.7 350.9 356.7 354.3
482 487.6 499.1 497.6 485.2 461.3 450.6 445.8 435.5 428.2 435.9 435.6 441.4 445.6 448.7 450.9 460.8 464 468.9 475.4 478.8 477.6 476.3 484 498.8 502.7 503.7 512.1 522.1 526.1 530.5 544.8 548.3 549.7 557.6 567.1 567 561.4 552 546 533.9 520.9 508.2 494.3 486.5 473.5 463 458.8 452.7 444.6 435.5 431.6 432.8 432.6 433.1 433.2 431.2 422.5 413.2 404.9 394.6 381.1 373.7 369.8 364.9 362 357.5 350.2 341.9 345.3 351.1 356.9 357.2 354.8 355 361.7 361.2 356.2
490.7 495.3 495.4 493.4 479.2 464.8 461.3 447.4 443.3 434.7 438.2 441.1 439.8 446.9 448.9 453.5 462.5 467.2 472.2 476.3 479.5 477.2 477.2 485 493.7 497.4 500.2 512.8 521.6 526.1 531.1 539.7 543.9 547.1 550.8 562.1 558 550.9 543.3 534.5 526.9 512.3 500.7 488.7 476.7 467.3 458.6 455.6 445.8 436.6 430.2 428.8 431.4 430.8 432.1 432.9 427.5 418.4 409.2 400.3 388.5 381.2 372.9 363.9 358.2 354.3 349.4 346.1 348 351.9 358.9 360 360.1 360 364.1 368.1 360.4 353.9
505.9 508 501 495.8 484.5 473 462.4 447.7 446.8 445.6 438.1 445.7 443.6 447.3 451.5 456.2 464.4 467.7 470 472.2 475.6 476.8 480.4 487.2 489.7 496.9 504.2 510.7 516.9 524.8 529.8 535.4 539.5 543.1 546.5 547.8 545.7 537.6 529.2 522 516 501.7 491.1 477.7 468.2 461.1 457.6 448 439.3 432.7 425.1 426.7 427.4 427.3 429.4 429.2 423.9 412.9 407.5 397.1 381.7 372.2 368.5 368.7 367.1 361.9 356.8 349.4 351.8 360.5 362.8 363.5 364.6 366.2 374.6 365.4 357.5 348.5
526 527.9 514.6 501.3 488.4 487.4 463.3 451.4 449.6 448.4 451.5 452 448.8 448.2 450.3 454.2 458.6 464.8 468.6 476.8 479.9 483.3 485.9 490.2 490.6 496.1 509.9 514.3 518.6 520.5 526.3 528.7 530.1 533.9 533.9 536.6 530.9 523.8 510.7 504.5 497.9 490.2 478.2 468.7 460.3 456.9 448.1 439.6 437.8 429.1 428.1 425.8 421.1 419.1 421.4 419.5 412.2 405.2 399.4 382.7 376.7 382.2 381.1 371.4 365.6 360.7 356.5 354.9 356.9 365.1 366 367.1 369.6 380.9 371.5 363.6 351.9 340
536.1 537.7 529.4 513.7 492 493.1 472.8 457.2 456.9 454.9 462.1 459.8 453.7 450.8 455.5 461.8 467.1 473.4 472.8 479.3 484.3 486.7 488.2 492.8 492.2 497.8 510.9 514.9 519.2 523.5 528.9 531.2 527.6 523.8 521.4 520.3 518.1 510.7 499.6 488.5 485.8 477.7 466.4 458.5 452.4 454.5 449.5 442.8 435.6 430.8 427.6 424 415.5 402.3 406.7 400.9 395.9 388.4 381.1 384.2 385.6 380.6 374.8 369.7 359.5 358.6 357 356.4 360.1 364.6 367.1 369.2 381.8 374.1 366.6 357.5 344.8 330.3
539 541.1 542.5 515.1 500.3 499.2 483.1 460.9 459.7 463.5 466.8 465.2 455.7 458.3 462.4 475.2 480.6 481.9 478.3 484.4 488.8 489.6 493.5 495.9 495.7 501.5 512.7 514.6 518.9 523.4 530.3 533.4 527.4 523 513.7 507.1 500.1 495.4 486.8 481.8 474.1 465.3 459.6 458.8 458.2 453.5 447.3 437.7 433.8 429.7 426.6 420.7 415 408.5 403.5 399 398.4 403.4 398.6 390.9 388.3 381.6 381.1 374.7 357.9 357.1 356.8 359.6 367.2 368.8 368.9 378.1 378.1 369.2 358 348 335.3 323.2
542.2 545.7 542.7 517.4 511.2 505.1 489 464.1 463 473.3 474.4 472.3 462.4 468.4 473.8 488.1 486.8 485.6 481.8 488.7 492.9 493.5 498.8 498.2 498.8 506.3 513 514.4 518.3 522.5 528.6 529.8 527 518.5 507.6 504 498.2 492.7 482.5 477.9 470.3 462.2 463.7 461.4 458.3 452.3 444.5 439 434.9 430.2 424.1 422.2 421.4 418.3 413.2 419.1 420.1 427.6 422.2 411.4 405.1 394.6 382 373.6 365.8 367 367.3 371.2 375.4 376.3 382.7 381.1 374.7 361.9 348.5 337.7 325.9 317.3
543.5 549 542.7 525.7 520.3 511.2 494.3 475.4 476.4 480.7 481 478.2 480.3 480.9 485.8 498.4 495.4 491.8 488.7 494.8 495.9 496.1 497.4 496 500.9 508.1 513.2 516.8 517.7 522.3 526.1 527.2 524.6 519.6 518 509.6 498.8 491 481 471.7 464.7 468.6 466.8 465.7 462 451.3 443 438.8 435.5 430.1 427.8 432.1 432.3 427.2 435.5 433 443.3 441.2 434.2 423 411.5 404.7 396.9 391.3 384.5 385 378.3 380 385.2 390.6 388.3 380 367.7 352.4 340.4 331.8 321.3 311.5
549.6 550.7 544.9 533.5 523.3 515.7 498.1 484.4 493.4 496.6 490.2 484.9 492.1 491.5 496.8 502.6 502 496.3 493.5 494.7 496.5 495.6 494.8 493.6 497.2 506.4 515.6 517.6 518.2 526.8 528.2 533.8 528.3 534.4 518.9 504.7 494.4 487.1 479.7 471.1 476.5 478.9 478.5 476.6 465.4 451.8 441.6 437.8 433.8 433.1 438.9 450.4 444.7 437.4 446 452.2 448.1 444.5 431.3 429.4 421.8 411 404.1 402.3 407.8 397.6 388.4 390.9 400.7 397.4 382.8 373 357.7 343.6 335.5 324.3 320 308.4
554.7 550.3 543.8 533 531.2 521.4 504.3 494.2 501.5 503.5 499.7 496.3 497.1 500.3 501.8 507.9 507.7 499.9 492.1 492.3 497.6 498.1 494.7 492.6 492.7 508.6 519.9 519.9 523.2 527.6 533.8 530.5 525.8 524.2 510.6 498 490 482.9 477.1 483.4 489.4 492.3 498.1 482.6 463.7 450.6 443.1 438.7 436.5 441.1 457.3 451 447 442.4 455.2 460.2 451.6 452.1 444.1 438.7 429.1 421.8 420.9 418 414.7 402.9 399.8 408.4 405 391.9 376.1 360.6 350.1 338.4 329.1 322.8 319 304.4
570.1 564 559.2 554.7 549.1 536.7 517.3 508.4 514 509.2 509 507.9 505.7 508.5 504 513.9 513.5 498.9 492.3 492.3 494.8 494.6 493.2 493.7 498.6 510 522.5 519.9 520.9 529.6 530.6 522.5 520.7 516.5 500.3 494.7 491.5 479.7 489 501.8 513.2 532.7 514.6 483.7 465.6 453.3 445.7 440.4 441.8 455.9 454.7 447.9 451 450.9 459.4 463.9 461.4 453.8 448 445.9 440.9 436.3 434.1 430.5 418.4 413.3 421.4 409.7 395.9 379 365.8 350.5 344.3 339.1 329.4 324.7 315.2 303
602.2 585.3 573.2 566.2 564 551.6 538.5 526.5 526.8 518.1 516.7 524.8 514.1 514 510 519 519.1 501.9 492.3 492.3 494.7 493.8 493.3 497.1 503.3 510.9 521 519.9 521.6 526.7 524.9 515.9 512.1 505.3 499.5 497 486.3 490 511.7 535.1 534.7 532.1 513.9 480.1 469.1 453.5 446.9 444.6 451.6 451.6 452.4 465.1 465.3 462.6 468.8 472.2 470.4 459.8 455.8 453 450.8 446.7 440.1 432 425.2 423.5 422.1 405 383.6 369.8 358.3 349.9 341.3 336.5 327.1 319 313.7 301
608.9 593.7 590.4 579.1 573.2 565.4 554.9 546.4 536 530.5 528.6 533.9 522.4 519.5 516.5 523 516.5 502.1 492.3 492.3 495.8 496.5 493.8 496.7 508.3 512.1 515.3 520 521.2 517.1 514.1 510.6 507.4 504.5 501.3 490.7 493.3 501.7 518.8 529.2 529.8 524.1 504.3 474.4 459.1 451.9 448.2 453.3 460.5 452.1 467.5 477.6 479.4 490.5 483 480.6 480 469.4 468.2 464.8 458.8 450.7 442.6 436.4 429.1 425.4 410.6 391.1 376.4 365.7 355.4 347 339.7 333.7 325.8 314.2 305.3 299.4
619.1 609.2 601.9 591.1 587.5 577.3 563.3 558.6 545.3 540.4 538.7 541 528 524.9 524.6 531.1 521 506.3 494.4 492.3 495.6 495.3 495.2 495.1 506.6 509.3 514.8 517.9 519.7 513.3 510.1 508.6 506.4 504.8 496.7 493.3 506.3 509 511.9 510.4 509.3 507.1 489.6 465.7 458.7 452.2 459.8 468.1 467.8 467.5 481.7 484.8 495.5 502.8 497.1 495.5 484.1 475.9 480.3 474.8 465.8 454.1 446.9 439.7 427.3 410 399.8 381.4 372.4 364.2 353.5 345 339 330.8 321.5 312.7 302.2 294.5
627.1 616.2 615.3 600.3 601.8 580.6 566.5 559.5 554.1 544.5 545.1 543.9 533.1 530.8 529.2 537.2 526.4 512.6 501 496.4 497.9 496.5 496.3 496.4 501.8 506.1 513.6 516 511.1 509.2 508.4 507.5 507.1 503.6 495.1 500.2 506.1 502.6 500.1 496.2 487.9 479.7 470.9 461.4 456.6 458.8 470 474.3 473.1 477 490.4 499.4 507.8 513.9 509.4 507 488.9 483.5 481.1 476.4 464.3 454.2 446.6 441.4 414.6 401.3 384.6 375.9 368.9 360.2 351.3 340.4 335.5 327.2 318.2 306.4 301.2 290.2
634.5 623.8 617 610.2 607.1 581.5 570.4 564 560 548.8 545.8 540.8 537.2 528.7 529.8 538.2 539.2 527.2 507.4 500.9 500.5 497.1 497.1 498.1 501.6 506 511 514.3 510.2 508.5 508.1 508.4 507.1 496.2 503 515.6 521 524.2 518.6 494 484.3 476.2 471 466 463.4 471.7 476.6 483.2 483.4 490.9 503.1 514.2 518.9 520.7 520.7 516 505 487.7 477 471 464.8 451.1 448.8 423.6 407 387.5 376.6 372.2 364.4 355.2 350.1 335 328.3 319.4 311.8 296.9 291.9 289.5
636.2 628.6 618.5 614.2 604.2 582 576.7 567.9 561.3 550.9 547.6 541.7 535.9 530.4 533.1 545.1 547.1 534.4 518 507.9 505.8 503.7 505.1 501.5 503.5 506.1 510.5 513.7 508.3 506.9 506.5 506.7 496.5 493.5 512.8 519.3 533.2 542.1 534.3 507.1 490.9 481.1 474.7 471.1 473.2 479.6 485.9 489.8 497.2 506.3 514.4 521.1 524.2 527.7 527 522.8 511.8 492.1 473.9 464 457.5 445.1 431.3 403 389.7 376.8 373.3 368.1 359.2 350.9 342.9 331.4 320.8 310 303.8 295 286.5 280.7
626.3 621.7 615.9 610.2 596.7 582.9 574 565.3 559.9 549.8 541.1 541.5 538.5 536.5 538.7 552.6 555.6 548.5 543 525.9 518.9 509.1 505.8 503.5 504.1 506.2 514.2 514.3 507 505.7 505 501.3 488.2 493.3 512.8 521 531.2 540.9 540.1 527.3 508.4 491.6 486.3 484.8 484 488.4 495.3 500.9 508.9 521 525.4 527.6 538.9 531.8 531.6 527 507.6 487.6 471.5 459.5 449 432.7 411.7 391 378.4 372.9 370.6 363.4 355.2 343.5 335 327.3 317.6 305.4 299.4 292.1 281.8 276.1
