public/OST50/NH45.asc
ncols 200
nrows 200
xllcorner 240000
yllcorner 850000
cellsize 50
[rows 148 to 184 of 200, columns 0 to 83 of 200]
344.9 346.2 343.9 340.7 343.9 340.7 333.5 335.4 336.1 335.5 338.7 338.9 340 341.8 342.4 342.6 342.2 342.3 342.8 343.6 343.9 345.5 348.2 350.4 352.9 354.6 355.7 357.6 359.6 361.6 363.5 365.7 367.5 368.7 371.7 375.4 378.8 383 387.1 391.9 394.5 397.7 399 401.2 402.6 403.4 403.7 404 406.3 410.6 414.1 418.8 425.2 429.4 434.2 436.7 433.4 425.5 418.1 409.4 400.8 395.7 394.7 397.1 398.8 401.6 403.6 398.6 397.2 395.2 393.7 387.1 381.9 384.3 390.6 389.2 380.5 360.2 344.6 330.8 318 305.3 294 282.7
347.3 341.6 342.1 344.1 342 340.5 333.7 338 337.1 335.8 339.1 340 341.4 342.6 343.8 344.5 345 344.5 345.1 346 347.1 349.6 352.1 355.2 356.7 358.1 359 360.8 363.1 364.4 366 368.1 370.1 371.9 376.6 379.5 382.5 386.5 390.4 394.2 397.5 400 401.7 403.6 405 405.8 405.6 406.8 407.9 410.3 414.3 419.5 425.1 432.9 439.7 444.1 439.7 434.6 425.7 416.3 407.4 400.2 398.1 398 398.6 398.7 398.2 397.8 398.2 402.7 401.4 391.4 385 388 398.7 395.7 379.1 362 345.9 333.1 316.2 305.2 290.5 278.9
347.9 350.4 344 343.3 342.5 342.3 334.9 340.1 338.8 337.6 336.9 338.5 339.7 342.8 343.6 345.1 345.1 345.8 346.7 348 350.6 352.7 355.2 358.2 359.5 361.2 362.7 364.1 365.4 366.1 368.2 370.4 372.6 375.2 378.6 382.8 385.7 389.1 392.7 396.3 399.4 402.2 404 405.8 407 407.8 408.8 408.3 410.6 410.3 414.3 421.4 425.2 432.3 438.9 441.9 440.4 437.9 431.5 422.4 415.5 409.3 402.9 400.4 400.8 400.3 398.5 396.4 395.9 396.2 394 386 386.4 389.6 397.4 393.6 376.1 359.5 348.5 333.1 319.4 301.9 288.2 276.8
351.6 349.2 344.3 346.2 342.5 339.7 337.1 339.5 340 338.8 338.8 338.5 339.9 339.8 342.6 343.5 345.2 346.2 348.9 349.7 352.2 354.9 357.7 360.1 362.5 363.8 364.7 365.7 366.4 367.7 370.4 372.7 375 377.8 380.8 384.7 387.8 392.4 396.6 400.1 403.2 405.3 407.8 409.2 410.2 411 412.9 412.3 412.2 414.2 414.9 419.8 424.9 431.9 440 442.6 441.4 439.2 435 429 423.6 421.7 416.8 405.5 399 397.3 397.2 393.4 392.3 389.7 387.1 378.8 379.3 386 390.2 382.8 367.5 353.9 344.9 331.9 315.7 298.9 290.1 273.7
351.1 347.6 346.4 345 345.2 343.5 343.8 341.5 340.3 339.6 341.7 342.3 344 344.3 344.1 345.1 346.2 346.4 348.1 349.3 352.8 355.8 358.8 361.5 363.8 365.3 366.2 366.5 367.7 368.9 371.6 374.2 376.3 379.7 383.1 386.8 389.9 394.2 398.6 402.7 406.1 410 412.9 415.1 415.8 417.1 417 417.2 416.1 417.7 420 423.4 428.2 435.6 443.1 444.2 442.7 440.3 438.1 438.3 437.6 432.7 431.4 415.9 398.6 396.4 393.6 389.6 385 380.1 376.1 369.2 371.3 376 375.9 370.1 358.5 347.1 339.1 328.7 311.9 307.9 296.1 276.1
352.5 354.3 349.6 352 349.1 345.9 346.2 343 340.5 340.5 342.7 344.7 345.6 346.6 348.2 348.9 348 347.7 346.9 350.3 353.9 356.7 360.4 362.6 364.4 365.8 366.7 367.8 368.9 370.2 372.6 375.5 378.1 381.4 385.2 387.8 392 397.7 402.2 406.9 411.1 415.4 419.7 423.1 425.7 426.8 424.8 422.2 420.7 425.7 425.9 426.9 431.5 435.4 441.8 444.3 445.3 444.3 440.8 442.4 445.8 443.6 444.4 429.5 410.1 399.5 394.8 388.7 381.1 372.6 364.7 358.1 361 363.9 359.7 355.6 347.7 339.5 330 322.8 320.9 313.9 294.4 269.4
354.6 354.7 353.2 350.7 348.8 347.1 345.4 342.6 340.5 342.1 345.1 347 348.3 351.1 350.5 350 349.2 349.6 349.8 349.9 354.3 357.8 360.6 363.1 363.8 366.9 368.1 369.1 370.1 371.6 373.8 376.2 378.7 382.4 385.6 389 396.1 402 407 411.5 416.8 423.1 424.7 422.5 431.9 433.7 433.1 429.6 430.8 433.8 433.4 432.8 434 436.5 442.4 446.4 448.8 446.6 446 447 450.3 451 449.8 435.4 418.8 403.7 393.8 381.8 377 365.9 357.3 347.5 349.1 349.6 345.7 340.8 333.9 328.4 327.3 323.7 319.7 310.7 282.5 262.1
356.8 355.2 352.9 350.9 349.2 347.2 343.8 345.8 346.1 348.4 349.5 350.6 352 352.5 351.7 351.1 350.1 351.6 350.8 350.6 354.1 358.3 360.9 363.6 366.4 367.8 368.7 369.8 372.2 373.5 374.6 377 379.3 382.1 385.5 392.2 399.5 405.9 410.8 414.6 418.8 421.8 421.8 423.8 433 435.6 437 438.4 437.2 438.4 439.6 439.1 437 436.3 447.3 450.7 445.6 441.2 441.1 447.1 451.2 455.2 454.7 444.4 427 409.9 392.5 378.1 366.6 357.3 346.6 339.8 337.3 336.8 334.2 328 327.3 324.7 321.6 320.8 314.5 300.1 271.7 256
357.2 355.3 352.3 351 348 347.2 347.9 350.9 354.8 354.5 352.8 354.6 355 354.5 354.2 353.7 351.2 352.1 352.4 353 356.1 359.7 362.7 365.4 367.2 368.4 369.7 371.1 371.9 373.8 375.5 377.3 379.3 381.4 388.7 392.9 402.3 408.3 412.2 416.1 419.6 421.4 424.2 427 430.9 436.5 440.7 442.7 444 443.4 444.3 444.3 437 435.1 440.1 440.1 437.6 436.9 436.2 441.5 446 453.2 454.6 450.1 438 413.6 391.8 374.5 359 349.9 340 332.3 329.2 326.9 325.6 326.5 327 321.4 313.2 315.2 309.4 286.8 259 257.7
358.4 355.8 352.1 351.1 351.1 351.5 354.9 358.9 360.3 360.2 359.7 358.5 357.7 357.2 356.9 356.8 356.1 354 354 354.4 359.2 361.4 364.3 365.2 367.1 368.7 369.9 371.6 373 374.5 375.1 377.1 379.3 382.7 388.3 395 401.6 407.3 411.2 415.5 417.1 420 423.3 426.2 430.7 434.9 438.4 443.4 444.5 445.9 448.2 446.6 437.7 432.1 431.5 427.9 428.8 430.6 429.1 435.6 440.4 444 448 443.6 429 407.1 382.7 366 352.2 345.5 331.5 324.9 323.6 324.4 322.9 319 313.9 308.6 306 303.7 299.7 271.9 249.9 256.2
358.6 355.6 354.6 354.8 355.6 358.8 360.9 363.7 365 365.7 363.2 361.7 361.4 360.4 359.8 359.2 358.7 359 360.4 357.7 361.9 363.1 364.4 365.5 366.9 368 370.2 372 373.7 374.6 376 377.3 380.1 383.1 387.4 393.4 399.1 405.3 408.5 412.8 415.7 418.9 421.8 425.5 430.8 433.9 436.2 437.8 440.9 441.9 442.9 442.2 435.4 425.7 424.1 419.5 419.5 420 419.6 425.9 431.1 434.1 434.1 432.9 429.1 400.9 373.9 361.1 348 337.7 322.9 320.1 320.4 316.9 304.4 298.7 299.2 296.3 294 295.4 274.2 251.6 236.9 240.8
360.6 360.3 360.3 361.3 362.5 364.9 367.2 369.4 371 369.1 367 365.1 363.7 362.3 361.5 359.9 359.1 358.3 358 357.7 357.2 359.9 362.2 364.5 366.7 368.6 370.5 372.3 373.8 374.5 375.6 377.3 380.6 383.4 387.4 392.1 398.6 403.2 407.4 410.4 413.9 416.2 417.6 421.4 427.1 432 434.2 435.7 437.5 439 439.3 439.5 432.1 419.3 413.6 410.7 409.1 406.5 409.1 415.6 422.4 421.4 416.6 418.5 421.2 383.9 361.9 352.9 338.7 323.7 315.4 313.9 306 299.5 283.7 282.6 286.1 280.7 281.9 274.1 246 227.1 223.2 224.2
364.9 364.8 367 368.7 370.5 373.4 374.8 375 374.1 372.1 368.7 367.2 367.1 365.4 363.2 360.1 359.8 358.9 356.6 356.4 355.5 356.5 357.6 361.4 364.6 366.3 368.9 370.3 371.3 372.4 373.7 376.9 379.4 382.7 386.1 390.7 396.1 401.8 404.6 407.4 411.1 414.1 416.4 418.4 421.3 427.1 431.1 433.6 435.5 436 438 438.5 430.9 416.3 408.1 403 403.3 400.4 401.3 410 413.3 408 402.1 403.1 396.9 364.4 348.8 339.7 330 321.1 310.3 299.9 289.5 284.4 270.6 273.7 268.3 266.5 264.2 252.7 228.6 214.4 212.5 210.7
370.1 371 373 374.9 378 379.4 378.4 377 375.3 373.5 371.1 368.9 366.2 364.1 362.9 359.4 358.5 355.9 353.7 352.5 352.2 352.6 352 355.5 357.2 358 359.7 362.3 364.1 366.2 370.1 373.2 375.7 378.8 383.3 388.3 393.2 397.4 401.2 406.9 411.1 414.1 416.5 418.2 419.8 422.9 428.5 431.3 434.3 432.3 431.8 433.3 425 410.2 401.3 399.1 399.4 394.7 393.8 399.6 399.8 394.7 390.3 389.5 373.7 347.9 336.8 331.6 323.9 307.3 288.3 282 273.1 268.6 257.8 254.9 248.6 246.1 243.4 231.8 212.4 205.4 206.2 206.4
375.3 377.3 379.2 382.1 382.9 381.8 380.4 379.1 376.4 373 371.1 367.2 365.6 360.9 356.8 352.8 352.8 353 349.9 349.9 346.2 343.6 343.9 344.7 349.8 347.5 349.9 350.8 356.1 360.9 363.4 366.5 370.5 374.4 379.5 384.6 389.1 394.3 401.9 407.6 411.6 414.2 416 417.7 419.3 421.8 425.8 428.3 433.5 431.4 426.2 425.6 413.8 400.2 395.2 392.8 394.5 388.2 388.8 388.3 391.8 385.2 378.6 375.4 354.3 331.1 329.6 324.9 315.7 287.8 273.5 265.6 254.1 249.8 245.9 240.5 233.7 227.7 221.2 209.4 198.2 206.4 199.9 193.1
382.7 384.8 386.1 386.1 384.6 383 381.3 379.1 376.2 373.7 368.2 364.7 361.2 356 351.6 350.8 350.2 346.3 345.5 345.4 344.2 337.2 332.8 334.5 335.7 334.2 338.9 346.8 351.6 354.5 357.1 360.7 365.5 370.8 375.8 381.4 386.2 391.2 395.5 400.7 405.9 412.3 416.2 419.8 419.4 420.9 425.2 431.1 432.7 430.2 422.3 414.8 402.6 392.8 388.6 385.9 385.9 378.9 381.4 376.4 376.5 372.9 365.3 357.3 338 325 322.2 316.5 299 275.2 259.7 250.9 243.1 239.8 236.8 232.8 220.9 211.4 207.1 199.2 193.3 186.9 181.7 183.8
388.1 389.7 389.3 388.3 386.3 383.6 381.9 380.5 376.6 369.8 366.3 361.7 358.3 353.6 349 346.4 343.6 341.4 340.1 339.1 337.2 328.3 325 321.2 323.1 325.5 332.2 335.1 344.5 347.8 350.7 357.1 363.8 369.4 372.8 378.3 381.7 383.6 388.2 393 399 407 412.5 417.8 418.4 417.7 424.8 430.5 432.7 430 419.4 410.3 399.4 385 379.8 377.5 374.7 368.6 367.8 364.4 366.7 358.9 350.8 340.9 330.2 318.1 310.5 300.1 279.1 259.5 246.4 239.8 236.3 233.6 232 223.1 214 201.4 191.1 185.5 177.8 181.7 175.1 170.3
390.4 390.2 389.4 388.4 386.9 384.4 383.4 377.5 373.2 368.4 364.5 361.5 361.5 356.6 353.2 344.6 341.7 338 335.2 330.8 327.2 324.8 319.4 316.4 315.5 317.1 314.8 322.2 332.6 338.1 347.2 351.7 357 362.2 367.6 371.2 375.5 378.1 378.7 384 390.7 401.2 409.3 411.7 413 414.1 421.4 424.3 429.6 427.4 415 405.9 392.5 378.2 371.4 365.4 360.7 359.8 350.3 351.9 353.9 349.3 342 339.2 329.3 311.7 299.7 282 263.2 247.4 238.9 232.2 231.2 228.7 225 209.8 189.2 171.4 162.8 159.4 160.3 157.9 160 164.1
390.2 390.1 390.1 391.9 388.1 385 380.2 377.8 372.5 372.4 368.8 364.2 360.4 356.7 350.2 341.4 336.5 334.6 330.7 326.7 323.5 320.2 312.5 310 304.9 303.2 308.8 313.7 323.5 331.5 335.4 339.4 347.5 352.6 358.7 361 366.2 373.8 372.8 377.5 383.5 394.3 401.8 405 408.3 410.9 420.6 424.2 428.7 428.7 416.8 401.3 386.6 374.7 364.5 357.6 347.8 344 333.9 341 345.6 339.5 341.7 340.9 316.4 296.6 289 272.4 255.3 241.1 235.8 229.4 226.6 225.6 216.2 192.8 161.9 161.2 160.2 157.5 155.3 153.7 152.4 151.8
399.9 400.2 396.5 395.3 395 391.1 383.2 376.9 371.3 371.5 366.9 363.2 359.3 353.9 348.5 341.6 337.1 330.7 322.4 320.9 316.6 312 305.8 302.6 299.6 304.4 306.3 306.5 316 321.8 329.8 336.3 338.9 348 351.7 357.3 362.3 366.4 372.3 374.6 382.4 386 392.4 397.3 404.1 410.1 419.4 422.5 428.8 426.2 417.7 399.7 378.5 365.1 352 346.8 336.6 330.4 329.9 332.3 335.1 340.6 340.8 336.7 295.1 285.2 273 258.6 246.2 238.3 232.7 226.5 225.9 226 211.3 182.4 160 164.8 168.2 173.9 172.5 166.6 169.1 172.3
409.4 406.3 404.2 399.6 394.9 391.4 386.7 381.8 374 369.6 367.2 363.5 364.3 359.9 354.6 348.4 342.7 334.8 325.2 319.3 312 313.6 305.4 301.4 298.8 298.8 298.2 302.9 306.7 317.3 326.7 334.9 338.5 342.3 348.5 355.9 362 362.9 371.4 374 377.5 382.9 388.6 393.9 399.3 407.5 417.4 422.7 429.2 426.1 413.4 398.2 370.4 349.8 340.9 335.6 329.7 320.6 324.2 332.7 338.3 340.7 334.7 322.7 286.1 271.5 259.1 248.8 240.1 231.1 227.9 225.3 225.9 218 212.6 186 160.5 166.1 175.5 182.2 183.7 188.2 193.4 192.8
411.1 409 407 406.3 403.6 398.1 393.8 389.3 382.8 375.3 369.7 368 367.3 364.6 359.6 354.8 346.2 335.3 322.8 315.5 310.6 309.3 307.4 299.1 294.9 294.8 295.1 297.7 301.1 311.9 321.8 329.8 327.7 339.3 346.3 354.3 359.5 359.1 365.6 374.7 371.6 379.6 386.2 389 395.1 401.8 411.6 419.5 423.8 423.8 404.7 383 355.9 333.1 330.8 329.6 319.3 315.5 323.8 329.3 333.3 332.2 331.5 310.7 272.8 257.7 246.2 237.8 231.2 227.8 221.3 223.8 219.4 212.1 205.3 192.3 169 165.1 182.5 189.6 198.2 203.7 209.7 209.7
411.3 410 409 406.6 403.9 401.5 397.9 394.6 382.9 376.7 371.9 372.7 368.1 364.5 363.5 359.5 348.9 340.4 327.1 314.7 312.3 311.5 307.2 296.4 290.1 290.8 294.1 296.7 295.9 307.5 309.7 315.7 321.7 334 338.7 348.2 353.4 354.8 355.3 368.3 364.5 368 381.3 386.2 388.8 395.5 406.5 413.9 419.1 416.8 389.2 367.6 345.8 323.1 319.7 315.5 310.7 311.7 320.8 325.9 328.9 324.2 325.5 302.5 262.8 247.5 237.4 228.7 221.9 220.9 221.6 214.1 210.1 206.2 194.9 185.3 170.3 163.6 186.3 204.8 216.9 215.7 222.1 225.5
409.3 409.2 408.1 407.1 405.3 401.5 399.1 394.8 384.6 378.3 369 365 358.6 359 359.7 357.9 347.7 337.1 322.2 317.4 314.3 310.2 308.9 303.8 290.1 281.7 293.2 298 293.9 292.9 303.1 312.2 313.9 323.6 331.6 339.7 347.3 348.1 348.2 358.7 365.3 364.2 376.1 382.2 385.9 393.5 401 407.5 413.2 406 372.4 354.2 338.5 316.7 317.4 312.4 306.4 307.7 315.4 318.4 321.8 318 318.3 306.3 259.2 238.7 226.8 219.6 217 214.9 210.5 208.5 206.1 191.9 176.4 170.1 165.6 170.4 186.7 205.9 219.7 227.5 233 238.2
407.2 406.2 405.2 406.7 407.1 402.4 398 396.1 388.9 378.2 368.5 357.7 350 354.4 353.1 349.8 340.2 329.6 320.1 315.1 313.4 310.9 310.7 308.7 295.4 279 287.9 293.8 283 286.4 296.9 305.4 311.2 315 325.6 330.8 336.3 340.3 341.7 357.3 354.3 356.9 366 376.8 382.1 385.6 397.3 402.8 404.2 395.9 360 343.8 331.7 310.1 308.1 305 300.8 298.9 308.5 311.6 309.2 311.8 308.3 285.1 246.4 227.4 220 214.6 208.6 206.5 207.2 206 196.4 183.1 167.9 167.3 177.1 186.5 201.5 219.4 230.6 239.1 247.2 256.2
403.1 399.7 396.8 399.7 399.1 397.6 394.5 387.5 383.4 374.7 364.2 349.3 340.7 341.4 336.1 333.3 331.7 325.9 318.9 312.6 311.6 311.2 307.8 304.6 288.5 277.2 281.6 279 275.3 288.5 297.6 294.1 305.5 314.7 315.8 323.6 333.1 333.1 334.1 344.9 350.5 346.2 356 370.2 373.4 380 391.2 402.8 399.2 378.3 350.2 340.8 320.1 307.9 302.4 296.2 294.1 286.5 295.1 294.5 301.2 303 292.1 269.8 244.3 223.8 215.5 208.1 206 204.4 204 201.5 191.3 176.5 168 183.4 198.2 209.5 220 232.8 241.8 249.5 257.8 262.2
393.4 389.8 388.2 386.3 382.7 386.4 385.8 381.7 375.2 363.4 349.4 338.9 335 334.3 334.8 339.6 335.5 332.1 325.3 314.8 309.9 304.5 297.1 290.9 277.2 272.6 269.5 273 276.6 283.1 285.2 294 298.2 304.5 309 316.8 320.2 323.6 338.3 341.9 344.4 340 346.7 359.4 360.4 370.8 382.8 395.7 393.1 360.1 342.9 327.8 308.2 301.7 291.2 281.8 277.3 272.1 277 284.8 287.3 286.9 272.9 254.4 234 216.6 208.8 203.3 198 198.7 197.8 193.6 187.1 170.6 176 192.2 210 224 236.3 243.7 250.8 258.2 264.2 270.2
389.4 384.1 383.1 377.6 373 378.2 382.3 379.1 371.5 360.2 344 334.3 335.2 338.5 340.3 341.6 342.5 337.1 330.4 319.9 311.3 303 296.4 281.1 266 271.1 271.5 266.3 268.5 275.1 277.8 289.8 294.1 294.4 295.7 299.4 309.4 314.6 324.7 336.3 338 337.5 339 348.9 356.2 363.4 376.4 381 360.5 337.6 328.9 310.7 295.8 289.3 280.9 269.4 263 264.5 270.8 272.9 271.9 268.6 253.6 238.5 222.2 204.4 188 179.2 177.9 181.2 186.1 185.4 181.7 168.9 189.2 209.3 219.2 234.6 246.6 253.3 258.9 265.5 272.1 279.4
379.7 375.8 375.6 374.2 371.4 371.3 373.2 366.2 357.4 350.5 338.7 343 345.3 342.5 342.1 342.1 343.6 334.5 329.1 319.9 308.1 299.7 292.2 273.3 261.2 270.1 273.7 268.2 262.6 268.1 276.4 287.3 292.1 293.3 291.2 293.3 295.9 308.4 324.8 329.5 331.2 339 340.8 347.8 355.1 364.5 368.2 351 331.5 327.8 320.4 310.2 300.5 286.5 271.8 262.6 257.3 255.8 259.1 265.8 259.7 254.6 240.1 228.6 207.8 180.3 177.6 181 178.1 175.5 170.8 170.4 169.7 175.1 200.9 221.9 233.9 245.7 254.7 258.5 268.6 274 279.6 286.4
374.8 372 371.2 367.3 366.9 366.1 364.6 359.7 352.5 346.4 343.3 344 343.2 342 342 340.7 336.9 333.2 326.1 316.2 303.5 294.2 278.5 263.6 258.1 267.6 262.5 267.4 266.6 257.5 269.6 279.9 286.5 283.8 288.5 296.7 294.8 299.4 313.5 324 331 338.7 345.1 349.6 356.4 352.2 353.8 359.7 356.4 338.5 321.6 315.2 299.6 283.5 267.6 260 254.3 247.2 252 256.2 251.3 244.2 233.1 222.8 200.6 176.1 185.9 190.3 190.9 192.5 192 187.2 188.6 202 217.8 226.5 245.9 255.6 260.8 269.6 275.6 280.2 285.7 293.3
365.1 364.6 362.8 356.7 358.4 355.9 356 355 354.5 351.3 349.4 351.7 347 341.9 341.3 338.3 332.9 327.7 316.2 306.9 295.4 283.1 266.7 254.8 256.4 259.3 250.5 261.7 261.7 257.7 255.6 270.2 281 278.7 290.5 296.8 297 299.6 305.8 320.6 326.4 334.1 345.5 350.1 355.2 367.9 369.7 366.9 358.6 336.7 318.4 308.2 292.8 278.3 267.2 256.4 253.5 242.2 246.5 249.4 245 237.6 225.4 218.4 204.3 179.1 189.4 204.8 213.6 217.7 220.3 211.8 215.1 223.1 232.8 242.6 248.4 263.6 270.5 277.1 282.4 286.5 292.1 298.2
357.4 355.5 354.6 350 349.4 351.2 352.6 361.1 360.5 357.5 354.1 351.7 348.5 342.7 344.6 344.4 334.7 327 316.1 306.2 291.6 282 263.9 251.1 247.7 250.8 244.7 249.6 260.3 251.8 254.7 258 277.4 279 284.5 299.1 305.2 304.2 311 315.9 319.7 329.5 341.4 351.3 363.7 368.3 366.2 362.8 351.9 323.3 309 300 286.2 268.1 259.9 250.9 245.5 235.7 234.7 238.9 236.6 227.4 219.5 213 204.4 182.9 184 202.1 217.6 222.9 229.9 231.8 236.4 236.8 246.5 256.7 263.7 270.1 278 282.6 287.2 291.8 296.1 300
344.9 346.5 344.6 344.3 346.7 357.4 365.2 365.3 363.3 359.9 360 362.4 360.6 355.4 347.6 347.2 346.3 332.4 318.9 307.1 293.7 273.5 258.6 248 241 237.4 236.2 238.1 245.2 243.6 251.9 263.6 276.2 281.7 289.6 296.4 304.1 307 303.6 312.1 318.3 324.4 335.1 346.6 358.2 353.5 356 347.4 336.9 310.7 300.5 293.7 277.9 265 256.6 250.2 240.5 228.7 223.4 229.2 227.8 220.7 214.5 206.4 195.6 179.2 188.5 206.9 225 231.5 238.1 245.4 250.5 248.4 259.4 266 271.8 277.5 282.2 285.9 290.3 293.9 298 301.3
338.2 337.3 340.5 346.1 356.1 356.2 354.7 355.8 355.8 357.3 359.7 361.6 362.7 362.2 354.9 346.8 341.3 327.8 312 297.2 283.7 268.9 255.2 246.2 239.4 233.4 230.8 233 234.1 246.6 257.2 266.2 270.6 279.3 286.6 289.6 300.8 302.3 302.1 299.2 309.3 323.5 327.6 331.9 332.3 327.7 329 331.5 322.6 304.7 292.8 288.9 266.9 258.1 251.8 242.9 231.3 223.6 216.7 215.5 217 211.9 206.5 201.9 189.1 181.5 199.3 219.1 232.8 238.6 246.8 252 256.3 260.2 265.4 271.6 276.7 281.3 285.4 288.1 292.1 294.1 296.8 299.8
333.8 339.9 345.5 356 357.3 352.7 350.7 348.3 352.7 354.8 355.1 354.6 354.2 351.9 346.9 341.3 333.9 322.9 309.3 299.6 284.3 271.9 262.6 248.2 239.6 231.4 228.4 228.8 233.2 243.4 255.2 267.8 267.1 270 280.9 287.3 293.2 294.6 293.7 298 307.5 312.8 317.4 316.3 316.3 320 317.9 316.9 308.1 295.9 282.4 280.6 261.1 253 246.5 234.1 226.1 218.6 214.3 209.5 206 203.4 200.7 193.9 181.1 196.3 214.4 232.9 242.4 249.3 253.1 254.8 259.6 265.8 270.6 274.3 278.5 283.2 286.8 289.6 291.6 294.6 297.2 299.9
332.7 339.2 343.6 345.2 344.6 345.1 343.5 343 352.6 357.6 355 353.2 354.5 357 354.7 342.1 326.1 315.7 306.7 297.9 286.3 274.7 267.5 259.1 246 232.8 227.3 226.7 228.7 236.1 248 258.6 262.2 262.9 277.9 283.2 287.4 288.8 287.9 290 297.4 304.7 311.5 314.6 317 314.2 317.5 311.4 293.3 282.3 277.8 272.2 260.2 250.6 240.2 228.5 220.6 213.3 203.6 194.6 190.1 188.3 186.5 183.1 189.8 213.6 228.8 242.8 248.6 253 255.5 260.8 264.5 268.1 270.9 276.6 280.4 284.6 288.2 292.2 293.5 297.8 302.2 301.4
322.9 327.1 329.8 331.5 336.6 339.9 334.9 343.8 352.2 353.8 350.3 346.2 354.2 351.6 348.3 338.9 322.6 310.8 297 289.1 281.4 273.2 268.5 259.8 246.4 232.9 227.3 225.5 226.1 229.4 235.3 249 255.6 255.6 267.1 268.3 277.5 282.7 279.1 280.1 291.9 302 305.8 308.5 306.3 305.8 311.6 295.1 278.2 272.8 276.5 269.3 261.9 243.5 234.1 222.1 214.9 191 185.9 187.8 187.4 190.3 191 195.7 208.8 230.4 243.2 248.2 251.4 255.9 259.9 263.6 266.5 270.4 273.9 278.5 282.3 286.3 290.9 294.1 295.8 300.5 305.4 308.5
