public/OST50/NH45.asc
ncols 200
nrows 200
xllcorner 240000
yllcorner 850000
cellsize 50
[rows 148 to 184 of 200, columns 84 to 167 of 200]
271.1 256.8 245.9 235.9 225.9 214.6 204.4 194.6 187.3 181.4 176.5 168.2 161.2 155.7 153.4 149.4 143.8 140.4 136.9 132.7 129.5 125.5 123.8 119.4 117.7 117.6 116.1 115.1 114 113.2 112 111.9 109 108.8 113.3 114.8 122.3 127.6 132.8 137.2 139.5 137.3 145.4 152 154 155.4 155.6 154.3 153.2 152.7 151.3 150.1 149.5 148 146.6 144.3 140.7 138.4 136.5 134.1 131.4 129.5 127.6 125.5 124.3 121.9 119.1 117 114.7 112.5 111.1 109 106.9 105.3 102 99.2 95.6 93 90.5 87.9 85.2 82.4 80.2 78.7
267.1 255.2 244.4 234.3 225.1 214.4 202.7 191.9 185 176.9 172.4 167.2 161 156 150.8 146.2 141.2 135.8 131 124 122 118.5 117.8 117.2 116 115.8 115 114.4 111.2 110.7 108.8 107.6 105 104.5 103.5 104.3 104.3 107.8 114.8 126.7 133.5 136.6 145.2 150 152.9 154.5 154.3 154.9 154.8 157.5 155.5 153.9 152.6 150 148.2 145.2 142.4 139.5 137.5 135.2 133.2 131.4 129.5 127.1 125.2 122.1 118.7 117.3 115.4 112 109.7 107.9 107.5 104 101.2 98.3 95.7 92.6 90.1 87.8 84.9 82.1 80.6 77.8
265.5 254.4 243.3 231.5 222.2 211.7 199.8 190.3 182.3 173.5 166.8 163.1 158.2 152.1 146.2 140.4 133.6 125.3 122.8 120.2 116.4 115.9 114.3 113.9 113 113.4 113.7 111.5 109.8 109.4 106.8 107.3 107 105.8 103.3 101.1 102 101.9 102.4 117.6 127 133.8 142.2 148.6 152.8 155.3 154.9 155.6 155.5 157.1 156.5 153.5 153.8 151.7 148.7 146.1 144 141 138.6 136 133.9 131.7 129.6 126.9 124.5 120.8 119.4 117.7 115.3 111.5 109.1 107.1 105.3 102.7 99.8 97.3 94.7 92.8 89.6 86.8 84 81.7 79.5 76.6
263.8 251.9 241.8 229.9 219 207 192.9 183.3 176.9 168.6 161.2 157 152 146.1 139.2 132.7 126.2 123.4 121.8 118.2 119.3 119.3 117.8 117.1 114.8 113.4 112.1 111.4 111 108.2 107.6 108.9 107.8 108.5 107.1 104.5 101.6 99.3 100.3 108.1 119.1 128.5 136.7 144.1 149.7 152.9 154.1 154.1 153.5 154.4 154.6 151.5 150.7 150.7 149.2 147 144.7 141.9 139 136.2 134 131.7 129.1 125.5 122.7 121 119 115.9 114 111 108.7 106.7 104.6 102.3 99.2 97.2 94.7 92.2 88.3 86.8 83 80.5 77.9 76.7
261.7 249.5 239.5 228.1 215 201.8 188.8 175.8 169.2 161.5 155 147.9 142.4 136.6 131.6 127.1 124.3 122.8 121.6 118.6 120.9 118.3 117.3 116.4 115.5 114.5 112.4 109.9 109.1 109.1 110.5 111 113.3 110.7 108.8 107.4 105.8 102.9 100.4 98.6 107 117.8 128.1 137.9 144.1 148.3 149.7 149.4 149.1 148.9 151.3 149.5 148.9 147.5 147.7 144.8 143.2 141.5 138.2 135.7 133.8 130.8 128 124.5 121.8 119 117.2 114.2 113 110.3 106.8 104.8 103 100.9 100.3 96.7 93.4 92.3 87.5 85.9 82.2 80.1 77.5 76.1
258.3 248.5 237.1 224.8 211.5 197.5 183.2 169.1 160.1 152.2 143 133.9 127.4 125.7 123.9 122.4 121.7 121.1 119.9 123.6 124.7 121.6 117.3 115.8 115.4 114.1 112.8 113.4 113 113.3 115.7 120.9 124.1 120 113.8 110 108.5 104.8 102.6 99.7 97.6 102.4 115.7 126.9 136.8 142.6 145.1 147.2 146.1 143.7 146.7 147.4 147.3 144.6 144.2 143.9 142.2 140.1 135.9 134.7 131.8 129.5 125.9 122.6 120.6 118.5 116.1 114 111.2 107 105.3 102.8 100.7 99.7 97.9 93.1 93.2 90.4 86.5 84.8 82.4 79.6 77.8 75.2
254.3 245.2 232.9 218.9 205 190.9 174.8 159.1 148.6 140.2 129.2 127 127.5 127 127.7 127 125.9 125.3 125.4 125.6 124.2 124 122.6 121.1 122.3 125.9 128.3 130.2 130.1 130.7 132.5 135.3 136.8 133 125.6 119.2 115 111.2 109.4 104.3 100.2 95.7 101.8 115 127 135.6 140.7 142.2 140.2 142 144.3 145.2 144 142.9 143.1 143.5 140.6 138.6 135.4 132.5 130 126.4 123.3 121.7 119.5 117.2 114.2 110.8 108.3 105.2 103.5 101.1 99.3 96.6 93.8 92.6 91.1 87.9 86.1 83.8 81.9 79.3 76.6 74.4
248.8 241.1 226.2 210.1 195.1 181.8 163.9 151.5 141.1 134.4 128.1 129.8 130.9 132.7 133.5 132.4 131.9 131.5 131.5 130.1 128 130.1 135.2 137.8 139.2 141.3 144.1 145.8 146.4 148.7 150.6 151 150.3 147.4 140.5 135.8 130.2 124.1 119.9 115.3 108.2 98.7 95.9 102.3 115.6 127.7 134 136 136.1 137.8 141.3 143.5 143.2 142.5 143.4 142.3 138.4 136.1 134.7 132.1 129.3 125.7 123.3 120.8 117 113.8 111.4 109.8 107.8 105.1 102.5 99.4 97.5 95.6 92.2 91.3 89.8 87.3 83.9 80.8 79.5 78.3 77 75.2
249.4 235 217.4 200.9 185.7 172.7 156 146.4 137 133.3 129.6 135.5 139.8 141.5 140.2 139.3 139 141.1 142.1 142.2 141.9 142.9 147.2 150.8 152.6 155.1 158.4 160.8 163.3 163.8 163.4 161.7 162.5 160.3 157 153.6 149.2 143.8 137.2 127.8 116.5 105.6 93.9 95.1 103.9 119.1 126.9 129.1 133 136.7 139.1 142 142.4 141.8 142.3 140.5 136.5 135.2 132.6 130.6 126.8 124.1 122.1 120.1 116.8 114.3 111.9 109.7 106.3 103.9 100.7 97.9 95 93.8 91.2 88.6 87.9 84.5 83.6 81.5 78.9 77.4 75.6 73.3
238.1 222.5 205.8 190.1 181.3 167.6 153.8 142.3 137.4 130.3 138.3 145.6 150.5 152.4 151 151.7 150.9 153.2 153.6 153.6 153.1 153.5 158.4 163.1 165.4 170.9 174.8 179.2 180.6 179.3 180.6 180.3 176.9 174.5 171 168.4 164.4 158.5 151.9 143.3 130 114.4 97.4 93.1 96.8 111.6 119.8 125.4 130.2 134.1 137.2 140.6 140 140.1 140.3 138.2 135.3 132.6 130.1 128.4 125.1 123.4 121.1 118.6 115.5 112.2 109.7 107.3 103.8 101.2 97.5 94.9 93 91.1 89.2 87.5 85.9 83.8 82.1 80 77.7 75.6 73.3 72.6
228.4 210.1 196 185 176.6 162.1 152.1 136.5 133.1 141.7 149.9 157.3 160.5 163 164.1 163.6 162.8 165 165.9 166.1 163.1 165.1 171.2 177.2 180.9 186.5 192.1 195.6 198.5 200.2 201 200.1 196.6 192.3 186.3 179.8 174.8 168.3 164 159.6 143.6 122.3 98.8 94.6 94 105.9 113.1 118 126.9 131.7 134.6 138.5 138.7 136.9 136.7 135.5 132.6 129.8 127.2 126.1 123.3 121.1 118.4 115.8 112.5 108.7 105.8 102.3 99.1 97.5 94.7 93 91.8 89.9 87.4 85.3 84 82.9 81 78.3 76.9 76.1 74.4 74.3
216.5 199.2 188.6 184.7 173.2 159.6 147.5 135.9 142.6 153.5 163 169 171.8 173.7 175.8 176.2 177.9 179.2 181.1 178.8 175.2 178.9 184.4 190.5 194.5 200.1 205.1 209.4 213.2 215.4 217.3 216.3 212 206.5 199.1 189.3 183.4 178.9 173.9 168.8 154.8 129.2 106.6 94.1 93.1 99.4 105.2 114.1 122.5 129.3 132.4 135.3 134.6 133.5 132.9 131.4 126.6 125 124.2 121.8 119.3 119.5 117.6 114.3 109.3 105.7 103.9 101 98.9 97.2 94.2 92.1 89.7 87.6 86.3 86.2 84.5 82.3 81.4 79.5 78.6 77.1 74.8 73.2
202.2 190.4 186.7 182.3 169.7 157 143.1 137.1 148.2 162.9 174.1 181 183.8 186.6 187.4 187.3 190.5 196.5 199.9 195.7 194.9 195.4 199.1 203.2 206.5 209.9 214.1 218.8 223.9 227.5 229.6 228.8 223.3 216.3 209.6 201.3 193.8 187.6 180.8 173.3 163.5 140.6 116 95.1 91.8 94.4 100.8 107.6 118 125.1 129.9 131.5 130.4 129.6 128.5 127.3 123 121.1 121.1 118.9 117.7 114.3 110.3 112.2 105.3 106 104.6 98.3 97.5 95.8 91.2 89.8 87.5 85.9 86 85.7 84 81.8 81.1 78.7 77.8 76.5 74.4 73
193.1 188.5 180.8 175.4 163.8 153.6 140.6 138.9 150.5 171 185.2 193.5 196.8 200.8 206.1 206.8 207.5 215.4 218.9 218.9 217.8 217 214.9 213.3 214.7 215.4 216.4 222.2 229.7 231.5 238.5 238.3 226.3 215.8 213.9 206.9 200.3 193.1 185 176.8 167.4 151.8 128.9 98.7 90.1 93.4 96.7 103.6 110.5 118.1 123.8 125.9 126 124.7 123.2 121.9 120.1 116.8 114.1 112.5 113.4 111.3 109.1 103.4 103.5 103.1 98.5 97.4 93.9 92.6 89.8 88.1 87.2 86.5 86.4 83 81.6 80 79.2 78.1 76.4 76 73.5 72.5
188.5 180.6 174.6 169 157.8 150.4 142.4 140.2 155.2 179.5 195.6 206.4 211.3 219.6 227.5 230.9 233.8 234.6 235.8 237.8 236.6 237.2 234 222.5 220.2 220.3 217.3 214.4 218.5 221.7 223.6 214.9 202.9 192.7 190.1 189 188.7 184.7 179.8 171.8 166.1 159.8 139.9 113.9 94.2 89.1 92.8 97.8 102.8 108.9 113.9 117.6 117.9 116.5 115.7 115.7 113.6 110.4 111.6 108.3 106.9 105.6 103.7 100.3 101.8 97.2 97.8 93.5 92.2 89 88.1 90.8 86.6 85.9 82.8 81.2 79.5 78.3 77.9 76.4 77 76.2 74.6 73.8
178.8 172.7 166 161.1 155 148.7 144.4 140.3 164.4 188.9 207.3 218.3 228.7 241.7 254.5 266.5 272.2 261.8 263.1 264.4 266.5 266.7 259.6 239.2 228 225.1 219.8 210.3 202.2 206.1 201.6 195.1 182.7 173.9 170.2 165.3 164.5 160.7 155 151.2 153.9 147.1 140.2 126.5 109.2 93 88.4 92.1 93.7 94.5 100.8 105.1 106.4 104.5 102.4 103.9 106.5 104.7 103.3 103.7 102.5 98.9 92.6 93.9 96.4 93.2 92.5 91.2 88.7 87.6 87.2 86.4 83.7 81.5 80.3 80.1 78 77 76.3 76.2 76.3 75 74.3 73.9
168.9 165 162 157.3 152.8 146.7 142.3 151.9 176.2 199.4 218.3 229.9 245.5 261.2 285.3 305.5 306.5 290.9 284.8 287.6 291.7 295 289.8 267.5 244.4 228.9 219.5 208.6 194.6 185 188.2 182.9 173.9 165.7 156.8 149.2 144.3 141.8 138.9 133.6 134.4 128.4 126.5 126.1 118.7 109.4 99.3 88.6 87.1 92.4 90.7 90 92.4 91.5 89.1 88.7 89.2 88.1 90.6 99.5 91.5 84.1 80.1 76.3 76 75.1 77 81.9 84.7 87.6 79.8 72.8 68.2 71.9 75.4 76.4 76.1 75.5 75.5 75.5 75.3 74.2 72.8 71.6
162.6 161 158.1 156.8 154 143.7 153.5 169.5 186.9 208.4 226.7 241.3 256.6 277.1 310 335.7 335.1 316.1 309.2 310.5 319.9 321.9 323.8 307.1 266.3 237.7 222.2 209.2 195.6 182.1 174.6 170.6 165 156.2 148.9 141.9 137.9 133.9 131.1 124.1 121.7 119.6 117.8 118.4 120.6 119.3 108.8 103.2 94.7 85.3 83.9 85.2 84.6 84 82.1 80.3 78.2 78.1 77 77.6 76.9 74.4 71.8 70.6 69.4 68.4 67.2 66.6 72.3 72.9 68.8 68.1 66.9 66.7 66.3 70 70.4 69.4 69.4 70.7 71.3 71 69.8 69.9
152.4 152.8 150.6 149.1 145.8 155.6 168.6 182.3 197.8 217.2 234.6 251.5 264.3 286.4 311.3 351.5 361.5 349.6 339.6 337.1 341.1 346.9 340 318.4 280.7 249.5 226.3 209.6 193.6 179 171 162 155.8 147.7 141.9 138.6 134 130.4 126.5 123.8 121.9 119.6 117.8 116.5 123.2 124.9 122.1 113.9 105.5 97.8 91 87 84.6 82.7 78 74.7 72.9 71.7 71.7 71.3 70.1 69.8 70.8 71.6 70.6 69.8 68.6 67.5 66.6 69.1 68.6 67.6 67.9 66.6 65 65.4 62.4 61.9 61.7 61.9 64.3 64.3 62.3 63.6
162.9 149.9 147.8 148.6 162.4 173.7 184.9 195.8 210.2 227 243.6 259.4 275.5 292.3 312.2 353.7 375.5 374.7 367.2 361 358.9 351.2 333.8 299.7 273.5 247.5 227.3 208.1 191.7 179.5 171.3 163.4 157.9 152.3 149.8 147.4 143.3 133.6 127.9 126.5 125.1 123.3 120.1 117 115.5 116.3 119 114.1 112 103 98.4 92.1 89.4 87.6 84.7 80.6 79.5 80 79 76.1 74.5 73.9 73.9 73.6 71.8 70.9 69.8 66.7 65 66.1 64.1 60.8 60.9 63 64.1 63.7 62.4 61.7 61.1 59.4 58.4 61.1 62.1 61.2
182 170.6 164.4 174.4 182.3 189.9 199.9 209 224.9 240.8 252.6 269.7 287.4 303 316.7 360.4 376.9 389.3 385.6 375.7 361.6 336.6 319.1 292.2 269 246.3 229.2 212.1 198.8 192.4 182.3 175.6 170.9 164.4 163.2 160.4 154.6 145 139.3 137.9 135 131.4 126.9 123.4 119.9 115.6 113.8 112.6 112 110 104 99.4 92.3 89.4 86.8 85.1 84.2 82.9 81.5 78.7 75.7 74.5 73.7 72.8 71.3 69.6 67.6 66 63.6 61.9 64.4 66.4 65.8 65.3 62.1 59.6 59.4 59.7 58.5 57.6 56.5 55.6 54.6 52.8
200.4 198.2 191.6 197.5 202.9 207.5 213.1 224.7 239.8 250 265.5 287.5 300.9 312.6 319.4 347.3 386.2 391.2 388.6 377.9 352 324.5 308.5 294.9 273.5 256.2 238.6 226.5 215.6 207.1 200.8 193.2 181.2 175.5 175.4 171.6 165.5 158.5 154.3 153.9 151.2 146.9 141.6 134.3 130.6 125.5 121.2 117.7 113.9 111.4 110.8 108.2 101.8 99 97.2 93.3 91.3 87.8 83.8 81.8 79.7 78.2 77.2 75.1 73.7 71.4 71.3 70.1 68.8 70.3 68.6 68.2 68 66.7 62 62 61.7 60 56.8 56.7 56 54.5 54.7 55.7
221.3 220.7 212.8 218.5 222.6 225 232.3 245.7 257.8 266.3 283.3 300.9 313.1 320.9 326.1 337.5 373.7 389 383.3 373.6 339.7 319.1 305.3 295.7 276.6 261.6 252.2 242.8 230 220 204.8 188.2 188.7 191.5 188.6 185.7 181.1 176.6 172 166.2 162.4 158.9 158.8 151.9 144.5 133.3 129.6 123.7 118.2 114.7 111.2 109.3 106.5 102.9 99.2 95.7 92.7 90.1 87.4 84.5 83.3 81.7 80 79 77.6 75.6 75.1 74.3 72.6 71.3 69.5 69.1 69 64.7 64.1 65.4 66 64.7 62.9 61.8 60.1 57.8 57.2 56.8
242.9 243.7 235 238.1 240.9 243.1 252.8 269.2 276.1 282.8 299.6 308.6 322.3 331.2 333.2 340.3 354.5 367.6 368.2 348.9 330.9 314.8 301.2 284.2 276.6 264.7 254.6 244.4 230.2 207.8 208 212.6 211 209.4 210.6 211.3 209 205.9 197 186.8 179.9 175.2 167.7 161.3 154.6 142.6 133.7 129.1 122.3 116.8 113.5 110.4 107.6 104 99.8 97.1 93.8 90.5 87.7 84 82.8 81.9 80.1 79 78 77 76.2 76.3 74.6 72.7 71.3 70.9 67.2 64.9 66.5 67.9 69.2 67.6 67.1 64.4 60.8 59.6 58.7 57.6
258.1 258.4 255.1 258.2 258.2 268.1 283.1 289 294.5 305.9 312.5 315.2 325.7 335.2 335.7 340.8 339.8 331.4 324.6 313.8 305.2 294.6 287 278.4 270.2 260.4 250.2 234.6 224.1 234.8 238 237.4 238.3 243.1 246.1 245.8 247.1 247.1 233.6 211 203.2 193.2 186.4 176 167.3 151.5 138.7 132.2 125 119 114.9 111.3 108.8 104.7 100.2 96.7 94.6 90.9 86.6 82.4 82.4 80.8 79.5 78.6 77.9 77.4 76.5 76.2 75.3 73.7 72.8 69.6 67.1 67.8 69.4 71.5 70.8 69.3 66.8 66.2 65.5 61 58.7 57.7
267.7 272.9 271.1 276.5 278.7 286 299 305.5 308 321.6 322.1 324.2 327.2 329.3 331.7 331.9 327.7 315.1 306.7 302 296.6 291.1 284.6 277.1 267.9 258.1 252.7 241.1 255.1 257.3 260.2 263.5 269.5 280.8 289.7 296.3 299.3 297.8 281.1 241.7 218.6 203.9 194.2 184.2 172.1 159.3 146.6 138.4 129.7 121.8 116.4 112.5 109.4 106.8 101.5 96.5 95 92.3 87.8 82.4 82.2 80.1 79.3 78.4 78 77.9 76.7 79 78.7 76.3 74.4 71 69.1 70 71.9 72.3 71.6 70.4 69.5 68.1 66.9 65.8 63.7 61.2
280.3 289.1 284.5 288.9 291.9 296.9 304.1 309.9 318.4 328.4 329.1 329.7 333.6 332.1 323.5 320.5 313.8 306.3 298.9 295.7 295.8 291.5 284.1 280.8 270.6 266.9 264.3 270.2 278.3 281.7 284.7 292.1 301.2 308.3 312.7 314.4 316.1 306.7 287.7 254.7 235.2 214.4 199.9 186.2 173.3 161.8 150 141.3 133.7 124.4 119.2 114.3 110.4 107.7 105.9 98.7 95.7 93.1 89.5 87.1 84.7 82.7 81 79.1 78.5 78.6 79.3 81.2 80.4 78.5 76.3 74.1 70.8 73.7 73.7 76.6 76.4 75.1 73.7 72.9 71.9 69.6 66.1 63.7
291.5 297.4 295.3 297.3 300.5 303.1 308.6 313.9 322.6 331 333.7 334.7 337.5 331.3 320 314.3 306.6 301.8 297.2 293.9 291.3 289.7 289.9 281.3 278.1 275.9 280.2 292.9 299.4 310.1 319.4 325.9 328.9 330.9 332 330.2 321.7 311.5 297.4 263.7 242 218 203 190.9 179 166.1 155.7 145.8 136.8 129.5 122.2 115.8 111 107.9 106.2 103.5 99.9 98.4 96.2 93 90.8 90.6 89.3 88.9 88 88.5 86.1 84.7 81.5 80.4 77.6 75.1 73.6 73.1 77.8 82.8 83.7 80.4 78.8 76.4 76.4 78.2 80.2 73.5
295.8 301.3 305.6 305.5 305.4 308.7 312.2 322.1 325.8 329.6 335.8 337.3 332.5 326.8 317.3 315.2 309.9 305.8 300 295.5 297.5 298.2 295.4 288.5 284.1 290.7 300.5 315.5 332.6 341.3 345.2 350.1 354.9 353.6 351.5 342.3 330.1 312.4 288.5 262 240.7 219.7 202.7 192.4 179.5 167.7 159.5 151.1 143.8 136 129.4 126.4 121.4 117.7 114.8 112.5 107.4 105 102.9 102.9 100.9 98.1 96.2 96.3 95.5 94.5 92.7 89.8 87.7 85.8 82.3 77.7 74.5 74.3 79.4 86.7 89 88.8 87.1 83.3 78.6 74.2 72.4 72.7
303.6 306.6 309.7 311.5 310.6 311.5 314 318 322.8 327.9 332.4 332.6 325.2 322.8 324.5 323.3 313.4 306.7 302.3 300.7 302.2 302 300.6 287.8 291.7 303.9 319.6 344.6 354.7 360.9 365.3 371 375.1 371.5 363.1 354.1 338.2 305.5 277.7 255.6 236.7 220.2 205.7 195.1 185.1 176.3 166.2 158.2 156 150.6 142.9 140.6 137 132.3 126.6 120.8 116.4 112.5 108.5 104.4 102.4 101.4 101 100 98.1 97.3 96.9 94.3 93 91.1 87.1 81.3 75.8 77 82.8 89 90.4 90.7 90.6 88.1 84.7 79.9 71.9 71.2
303.7 308 311.9 312.4 314.2 314.4 314.7 317.1 320.9 325.6 328.6 328.7 334.4 332.7 329 321.6 314.6 310.6 305.4 306.7 306.3 305.4 296.4 295.6 309.7 320 347 360.8 367.9 373.9 379.9 383.4 382.2 380 364 344.1 319.8 294 274.9 256.8 238.8 229.4 217.8 203.5 195 187.5 179.8 172.6 167.3 162.9 156.3 150.1 146.6 141.6 135.6 129.5 122.6 117.3 113.3 110.7 107.7 105.1 102.8 101.7 100.1 99.3 98.5 97.6 96 94.4 90.2 83.5 78 78.1 84.1 90.5 90.7 90.7 90.8 87.7 86.2 84.2 80.6 80.2
304 308.9 313 311.3 313.1 314.6 316.4 317.7 320.2 325 329.1 334.8 337 334.4 329.6 323.7 317.1 315.1 311.4 308.8 308.9 303.9 298.3 306.1 323.1 341.9 361.1 370.7 376.9 383.2 386.5 384.9 378.5 367.1 350 327.9 309.5 291.6 276.2 263.4 253.1 242 230.2 219.8 210.5 203.1 195.6 187.7 183.3 176.3 169.5 162.1 155.4 150.6 145.1 140.6 135.1 130.5 126.3 119.2 114.3 111 107.5 105.1 103.1 101.9 101 99.4 97.4 95.5 91.5 83.9 80.1 83.7 88.2 91.4 90.4 90.3 89.5 86.9 86.3 85.7 84.3 82.2
303.5 306.9 308.4 309.9 312.8 316.2 319.7 323.3 326.5 329.9 336.3 338.2 338.2 336.4 335.6 327.2 320.8 317.2 311.3 308.7 307.1 303.6 309.1 321.2 340.2 350.1 363.4 372.6 374.5 377.6 383.1 376.9 362.4 353.1 339.9 324.7 311.9 301.7 291.9 280.5 271.2 258.9 245.3 237.9 228.4 219.7 210.9 203.3 196.3 189.6 184.3 178.5 169.8 164.5 154.9 149.2 145.8 139.9 134.2 128.8 123.7 117.2 110.7 110 108.2 108 106.6 102.6 100.1 98 93 83.8 82.3 88.4 92.4 92 89.4 88.6 88.4 86.6 85.4 84 82.6 81.5
302.2 304.5 307.7 315.3 322.9 330.4 336 337.2 335 336.8 339 339.1 343.5 342 337.4 329.8 322.9 319.1 312.1 309.1 307.9 312.9 322.6 333 350.7 354.4 356.2 358.6 358.2 360.5 368.2 369.5 365.8 356.8 341.4 330.3 320.4 314 307.7 297.2 285.2 275 264.9 254.3 247 238 230.2 219.5 210.3 203.3 195.4 186.7 179.5 172.9 165.3 160 152.1 147.2 141 136.3 130.8 126 121.3 118.9 117.9 115.6 111.2 106.9 102.4 100.6 94.5 86.4 86.1 91.6 94.7 94 92.5 89 87.7 87.6 87.2 85.1 83.8 82.5
302.2 305.5 316.6 327.5 332.7 338.2 339.6 343.3 348.3 345.4 343.7 342 349.8 345.5 338.6 332.3 324 316.6 313.4 310.8 314.3 325.7 333.5 338.4 347.9 351.7 354.8 354.3 354.7 358.6 366.1 370.4 366.2 360.7 351.2 339.1 329.7 323.1 316.4 308.8 298.7 290.1 280.7 271.4 261.5 254.3 244.9 233.9 224.1 212.9 203.7 194 184.9 175.9 169.5 164.5 158.7 155.3 149.9 143.2 138.3 134.5 131.3 128.1 125.3 121.9 117.9 114.4 109.6 104.4 96.3 86.9 87.3 93.2 96.3 96 95.6 92.9 91.3 89.3 87.5 86.2 85 84
305.8 310.3 320.1 327.9 333.8 342.4 346.2 347.6 348.6 348.8 345.9 348.5 352.3 347.5 339.1 329.3 319.9 315.5 313.2 312.5 324.4 332.3 336.1 339.2 343.1 346.5 351.3 356.7 358.1 359.3 355.9 360 361.4 357.3 350.8 339.4 334.9 330 327.8 320.4 312.1 303.3 293.8 281.6 274.1 262.9 253.2 242.3 231.9 223.1 211.5 200.3 190.3 185.3 179.2 174.3 168.8 163.1 158 153.6 147.5 143 138.7 134.4 130 125.7 122 118.7 113.4 106.9 96.5 87.6 88.7 94.7 97.4 97.5 95.9 93.8 92.5 91.4 90.1 89.1 87.8 85.9
312.8 317.6 322.2 333.7 342 346.4 349.7 346.7 348.5 346.7 344.9 343 345.8 339.4 333.8 326.7 320.8 316.6 314.2 326.2 332.1 336.4 337 335.2 342.2 350.5 354.2 353.9 355 349.4 347.1 343.9 346.4 344.2 345.2 340.1 335.6 333.5 333.2 330.9 325.8 312.9 298.2 288.6 280.6 269.5 255.9 244.9 231.5 224.1 215.2 206.5 198.1 195 187.1 180.1 175.3 172.2 167 163.1 153.7 150 146 141.6 135.5 129 122.8 119.6 114.7 107.5 96.5 86.2 89.7 96.7 99.7 99.3 97.1 96.1 93.7 92.5 91 90 89 87.4
