public/OST50/NH47.asc
ncols 200
nrows 200
xllcorner 240000
yllcorner 870000
cellsize 50
[rows 35 to 69 of 200, columns 78 to 155 of 200]
488.9 492.3 493.3 495.3 497.3 498.5 499.1 500.6 501.9 505.3 508.9 513.5 518.3 524.4 530.7 537.9 543.3 548.7 554.8 560.3 564.8 569.9 571.9 574.3 578.7 582.1 579.3 577.1 573.2 568 567.4 573.1 580.1 585.1 593.2 603.7 615.3 618.2 619.4 614.9 613.5 619.5 622.3 619.7 619.4 621.6 622.3 624.1 625.9 625.4 622.9 615.5 610.3 606.5 603 600.8 602.2 600.1 597.4 597.9 585.6 570.3 559.3 551.6 543.1 538.5 529.6 517.6 505.8 498.1 492.3 487.6 488.5 487.9 482.1 474.1 470.8 468.5
495 497.3 498.1 498.9 500.9 501.3 501.1 502 502.4 505.9 509.4 514.3 521 527.4 533.7 540 544.4 548.2 553.1 559.6 563.1 568.8 571.7 578 585.4 585.4 585.2 578.8 570.2 571.5 576 580.5 585.7 598.1 604.4 620.6 627.9 632.8 628.5 619.8 616.1 616.8 621.7 620.1 620.1 620 620.8 621.8 632.1 638.4 634.1 629.4 629.1 621.7 622.2 624 623.9 618.4 605.6 596.8 581.7 571.7 563.3 557.6 549.5 541.5 534.2 526 517.6 509.5 504.2 503.9 501.7 500.1 494.1 488 481.8 477.2
501.2 503.3 503.3 503.8 504.4 504.7 505.2 505.1 505.7 507.9 510.3 514.2 520.6 528.5 536.7 542.8 545.7 548.7 550.9 554.6 558.8 561.2 568.9 575.2 579.6 577.2 574.2 573.3 575.4 578.3 580.5 584.8 591.6 599.7 609.7 622.7 630.3 636.1 632.7 621 615.2 616.4 619.1 617 614.5 613.7 615 623.1 633.2 643.3 635.2 628.5 625.1 623.1 625.3 625.8 623.8 617.8 613 600.1 588.8 579.2 571.8 563.4 552.7 545.6 540.9 537 531.5 524.3 519.3 516.6 511.5 508.1 504.7 496.8 491.1 487.7
507.4 508.2 509.1 509.1 509.5 509.1 510.4 511.7 512.2 513.5 514.3 516.7 523.2 532.2 541.4 550.6 552.7 553 551.9 552.5 551.8 553.1 556.2 561.6 565 568 571.2 574.8 577.1 581 584.1 588.5 593 600.5 610.9 620.4 629.9 637.1 636.4 625.6 616.1 616.1 613.2 610.3 608.1 607.8 613.5 621.2 629.7 634.3 627.1 621.4 616.9 616.2 620 619.9 616.1 615.6 614.9 607.9 599 586.8 575.5 565.9 554.6 547.5 543.4 543.9 542.3 538.6 534.2 530 526 524.2 518 509.9 503.5 495.4
514.1 515 516.1 517.2 517.2 516.9 517.9 519.3 519.9 519 519.1 520.9 526.6 537.3 544.8 551.6 554.6 553.8 552.4 549.3 549.6 549.1 552.9 557.6 564 569 574.4 577.5 579.9 582.4 587.6 591.4 594.9 600.3 608.8 618.4 627.5 635.1 636.2 623.6 614.7 608.3 604.9 602.9 601.1 603.2 611 615.4 622.4 621.7 612 608.7 605.6 607.8 612.8 616.8 617.6 619.6 620.5 615.7 608.2 592.3 576.5 562.3 552.8 546.4 546.7 548 548.2 546 543.7 541.6 540.3 537 533.2 525.8 518.1 510
522.6 523.5 524.7 524 525.2 528.7 529.4 528.4 526.3 524.3 526.2 525.5 530.5 539.3 548.2 552.2 551.5 550.5 549.1 549.1 549.1 549.1 550.2 558.1 567.1 571.5 576.4 581.2 584.2 587.5 589.8 592.4 595 599.9 606.4 614.4 623.6 631.7 630.2 622.7 615.4 606 598.8 594.5 593.8 597.2 601.9 605.7 610.1 606.5 599.3 595.6 593.1 599.5 607.8 615.2 620.4 622.5 621.2 617.8 607 593 577 561.4 550.5 546.1 546.4 548.9 549.7 550.9 551.9 551.6 550.3 549.2 545.4 539.1 531.4 521.5
527.3 528.9 530.5 529.6 531.1 533.7 534.7 533.9 530.9 528.3 527.6 529.8 535.9 541.5 546.2 547.6 548.9 552.3 553.4 549.6 549.1 549.1 553.2 561.3 569.9 576.9 582.9 586.4 588.3 589.4 591.4 590.6 590.9 596.5 601.9 606.8 615.7 623.5 624 624.1 617.1 605.6 593.6 585.8 585.7 589.6 592.2 591.9 589.9 587.4 585.3 582.1 583.9 592.6 601.3 608.7 615.7 618.3 616.7 611.2 600.5 588 573.4 559.6 550.3 548.9 547.9 549.7 551.1 554.2 555.8 556.1 556.9 555.4 549.6 542.6 536.1 526.1
529.7 530.6 532.3 532.5 532.4 532.7 535.5 536.5 532.4 529.5 527.9 530.5 533.7 539.5 545.8 553 558.4 560.4 554.9 550.7 551 554.4 560.1 566.7 574.9 584.7 591.8 594.3 597.2 595.3 590.8 591 590.1 590.1 596.1 600.4 604.6 610.7 615.9 617.2 614.5 599.6 586.8 579.5 573 572.5 579.1 573.3 572.7 571.9 572.8 574.7 577.6 587.1 597.3 603.8 608.7 608.8 606.6 600.3 591.7 580.8 569.3 558.4 550.2 548.4 548 548.8 550.9 554.1 556.2 557.2 557 555.1 549.6 541.3 534.4 525.5
530 532.2 533.6 534.7 534.1 533.3 532.5 531.3 529.3 527.8 526.6 530.1 534.5 541.9 550.9 559.8 560.9 559.6 555.2 557.3 560.9 567.6 572.8 574 577.7 586.2 593.5 602.7 609.4 604.2 598.6 596.2 592.9 589.3 588.6 588.9 591.4 598.5 606.7 608.7 601.4 586.6 574 566.5 556.7 555.7 556.4 557.9 557.1 557.6 560.4 562.1 566.9 580.3 589.4 593.4 595 592 589 584.4 579.5 571.9 562.9 554.3 546.3 544.3 546.2 546.8 548.9 550.5 552.6 554 554.1 552.3 546.8 538.4 530.4 522.8
530.6 532.6 536 539.3 537.3 534 530.8 530.3 527.5 525.5 526 531.4 535.4 542.3 550.2 555.2 557.6 558.3 560.5 563.9 569.7 572 573.8 574.4 578.9 586.9 599 611.8 618.6 614.5 604.2 601.9 596.3 585.7 579.1 580.1 583.4 586.4 590.7 592 586.1 576.9 567 551.4 545.6 543.9 543.4 544.3 544.8 546.3 548.6 551.1 558.1 567.4 576.3 580.7 580.1 576 574.9 574.9 572.4 563.8 556.8 549.2 544.4 541.4 542.7 542.5 542.5 543.9 545 546.1 546.6 545.4 541.3 532.6 524.5 518.8
531.2 530.4 531.6 534.8 533.7 532.4 531.1 528.1 524.8 522.7 527.1 530.7 535.5 541 548.3 553.4 557.5 562.9 567.2 569.3 572.9 572.7 572.3 573.2 579.5 588.7 604 615.9 622 624.6 614.7 603.7 593.4 581.7 575.2 573.6 574.2 575.1 577.7 575.5 573.5 570.4 561.2 545.7 534.3 536.3 532 529.5 532.7 534 536 537 544.1 553 560.4 564.7 563.8 563.3 563.3 563.5 561 556.3 551.3 546.1 541.9 538.7 538.1 537 536 534.8 535.3 535.5 535.2 534.1 532.2 524.5 516 509
526.6 525 526 527.7 528.6 530 528.6 524.4 522.5 523.9 528.6 532.2 537 543.5 550.8 556.8 565.1 569.1 570.7 573.8 574.3 573 572.7 575.3 580.6 589.9 601.3 612 617.6 617.7 609.8 601.1 590.7 579 573.2 570.3 568.8 570.6 571.8 568 564.5 560.2 548.6 536.9 527.9 523.4 518.6 517.6 520.6 522.8 525 527.4 534.3 540.8 546.8 550.2 551.7 552.1 553.3 554.8 551.9 548.2 545.2 540.4 536.4 534 531.4 528.4 527.1 525.1 523 521.5 520.7 519.1 517.3 512.8 503.9 497
524.3 521.8 521.6 523.8 525.6 524.9 523.4 521.9 521.9 526 530.4 533.5 539.3 547.5 555.9 563.6 569.6 572.9 573.3 574.9 577.1 574.9 574.6 576 580.3 589 600.2 609.1 615.7 616.7 608.8 602 593.7 580 570.5 565.3 560.1 559.7 560.8 557.5 556.2 552.4 537.6 527.7 515.6 514.9 514.4 514.2 514.9 517.3 517.6 520.1 526.1 531.5 536 538.9 540.2 542.2 543.1 544.4 542.6 538.7 535.4 531.2 528.4 524.5 520.6 517.7 515.4 513.5 511.6 508.7 504.7 504.3 502.2 499.7 493.7 487.8
522.5 519.9 519.1 519.4 519.1 518.2 518.1 518.2 523.5 527 533 539.1 544.9 551.1 560.4 565.1 570.4 573 574.4 576.9 578.5 578.1 578.2 578.4 582.7 587.4 597.1 604.6 612.8 615.3 612.6 603 594.5 579.2 566.9 557.6 550.1 548.2 549.5 548.9 546.5 538.1 528.1 515.3 513.6 513.8 513.5 513.8 516 515.6 515.4 516 519.2 523.8 527.5 530 531.8 533.7 533.6 534.1 531.5 527.1 524.1 522.1 517.6 513.7 511 506.5 504.2 502 501.3 496.8 494.4 491.3 488.1 486.5 481.7 476.7
520.7 518.9 516 515.6 514.3 514.5 513.9 519.2 524.4 531 536.9 543.3 550 557.5 563.4 567.9 572 573.9 577.9 579.1 580.7 580.3 580.3 581.6 582.9 585.6 592.2 601.3 608.9 614.2 613.1 598.5 581.6 568.7 555.9 544.6 539.8 536.9 534.5 536.5 533.9 527.2 515.7 513.6 513.6 513.8 514.1 514.6 514 512.9 515.2 512.9 514.8 517 520.9 524.2 525.4 524.6 523.8 522.1 520.4 517.8 516.1 511.5 508.1 504.9 500.8 498 495.6 493.9 492.1 490.1 486.8 482.2 480 476.9 473.4 469.8
517.2 516.2 513.1 512.5 512.2 510.7 514.3 520.3 527.2 533.7 540.1 548 555 563 569.6 574.9 577.6 578 578.5 578.8 581 581.2 580.6 581.1 582.9 583.4 587.9 594.8 604.6 610.7 606.2 590 572.9 558.8 545.3 535.1 527.2 525.8 523.1 521.9 519.8 518.2 514.1 514.7 514.1 514.3 515.5 515.8 515.7 514.8 514 511.9 513.2 512.9 514.7 517.8 518.8 518.2 515.1 512.7 510.5 508.9 505.1 502.3 499.3 495.1 491.7 490.6 487.5 485 484.9 483.4 478.7 476.1 472.6 469.6 468.4 466.4
515.4 513.9 512.6 511.3 509.9 510.7 514.4 521.5 529 536.8 544.2 552.6 561.2 568.6 575 579.1 581 580.6 578.6 577.7 579.2 581.6 581.9 580.7 579.3 578.5 583.7 590.4 599.8 604.5 599 584.2 566.8 550.3 537.8 530.5 523.3 520.7 519.7 519.1 518.1 517.1 516.4 514.3 514 513.9 515.1 515.7 516 514.3 514.7 514.5 513.9 511.6 510 511.6 510.1 507.4 505.5 504.6 502.7 500.6 495.5 492.1 490.7 487.7 484.9 483 480.5 479.8 478 476.5 473.7 471.4 469.4 467.5 465.1 462.6
512.2 511.7 510.4 510 507.2 510.4 516.2 524 531.9 540.1 549.4 558 567 573.1 577.4 580.4 582 578.7 575.6 572.7 574.1 579.1 577.7 575.2 572.5 571.9 575.3 586 595 600.8 595.5 580.1 563 549.5 545.4 533.2 524.6 520.4 519.6 519.5 519.5 519 517.9 516.4 515.2 515.3 515.6 515.6 516.5 516.9 516.8 515.5 515.7 512 513.5 511.5 508.5 504.9 500.1 495.2 494.3 490.8 488.2 486.7 485.1 483.6 481.3 479.6 478.1 475.7 474.9 472.1 471.1 469.1 466.6 461.7 459.4 457.7
507.9 508 508.2 507.6 507.4 511 516.2 524.7 533.5 542.5 552.6 561.2 569 574.7 579.1 581.4 579.4 574.5 569.7 567.3 566.7 567.4 568.1 566.4 563.6 564.2 567 578 587.5 594.6 593.7 585.5 573 559.6 553 546.6 536 527.1 522 522.5 521.6 521.8 521.7 521.3 520.9 521.5 520.7 520.3 520.1 521.2 521.6 518.8 517.9 516.9 518.5 516.9 514.3 511.5 507.3 501.4 495.6 489.8 486.2 484.1 481.2 479.9 479.1 476.1 473.7 472.1 470.9 468.4 466.4 463.8 461.5 460.8 459.2 458
504.6 504.2 503.9 503.7 506.4 511 517.1 525.9 534.4 543.4 552.5 560.6 566.9 572.4 577 578.7 575.5 572.1 566.4 562.8 559.1 561.2 561.4 556.1 556.1 556.1 561.9 568.7 580.1 588.8 594.8 588.6 576 565.9 561.1 551.4 539.9 530.4 525.7 527.2 528.1 530.7 534.2 533.6 531.9 532.5 533.2 534.5 531.2 530.9 528 525.2 526 522.3 522.9 522.1 525.4 521 515.1 508.8 500.3 493.2 487.5 484.3 483.2 481.6 479.1 477.5 476.7 476.1 475.5 472.6 471.3 469.9 466.8 465.6 464.5 463
500.9 500.8 499.3 503 507.3 512.3 518.2 525.5 533.9 542.3 551 557.2 562.5 567.5 569.1 569.5 567.3 564.2 556.1 556.1 556.1 556.1 556.1 556.1 556.1 556.1 556.1 560.2 570.9 580 581.2 576.5 572.4 566.8 558 550.2 544 535.8 533 533.1 535.8 542.1 549.7 550.1 549.2 555.4 557.7 551.6 547.2 541 536.9 536.3 534.2 533.4 533.6 531.6 526.3 520.9 517.1 509.2 502.3 494.4 489.3 486.9 486 484.8 483.2 481.9 481.2 477.9 475.9 475.6 474.5 473.6 472.3 470.4 469.3 468.3
496 497.4 501.3 505.6 508.1 512.2 517.2 525.3 531.5 538.3 548.4 555.1 560.6 565.5 569.8 569.1 565.6 562.9 556.1 556.1 556.1 556.1 556.1 556.1 556.1 556.1 556.1 556.1 562.2 567.8 565.7 565.1 564.9 560.9 554.8 551.4 546.1 544.6 541.6 542.9 549.1 551.8 559.3 563.1 565 568.5 570.9 565.5 560 555.5 545.7 548.1 546.6 545.1 543.8 542.2 538.4 532.3 522.4 516 507.6 497.9 495.1 491.9 488.7 487.4 487.3 485.2 485.8 483.9 480.8 481.2 480.8 480.7 478.8 478.5 475.8 473.5
495.4 497.7 501.6 507.4 512.3 513.8 518.1 523 528.7 536 544.6 551.1 555.8 562.6 566.8 567.1 563.5 558.4 556.1 556.1 556.1 556.1 556.1 556.1 556.1 556.1 556.1 556.1 556.1 556.1 556.1 556.1 559.1 559.9 554.9 554 552.7 553 550.8 552.4 557.7 563.7 570.6 576.3 576.7 577 577.8 577.2 571.7 568.2 556.1 558.2 557.9 556.5 554.8 549 545 538.3 529.8 522.3 514.1 506.1 500.6 498.1 496.2 493 492.2 491.1 490.9 489.2 488.3 487.7 487.3 486.4 485.3 483.6 481.4 479.9
496.7 499.9 504 509.5 513.3 515.4 518.7 521.6 527.9 535 542.1 549.4 556.7 562.2 565.6 565.5 564.1 558.8 558.5 556.1 556.1 556.1 556.1 556.1 556.1 556.1 556.1 556.1 556.1 556.1 556.1 556.1 556.1 561.3 560.3 557 558.3 557.8 558.6 561.3 568.6 576.2 580.6 586.1 588.5 588.5 587.5 584.5 579.6 571.8 571.2 569.9 568.6 568.1 567.2 563.9 557.4 549 540.3 531.7 521.5 513.2 509.4 504.7 504.1 501.1 500.4 499.3 499.5 498.4 495.7 495.5 494.3 493.5 491.6 489.3 487.8 487.3
499.7 502.4 507 511.3 515.5 518.3 521.6 525.5 531.8 537.7 543.8 551.5 559.5 565.5 568.7 570 570.4 569.8 568.6 565.7 559.9 556.1 556.1 556.1 556.1 556.1 556.1 556.1 556.1 556.1 556.1 556.1 557.8 564.1 563.5 562.8 565.2 569.3 574 577 581.8 588.4 593.9 597.4 597 595.5 592.5 587.9 583.3 582.3 580.1 578.9 579 579.8 576.3 571.9 565.5 560 552.3 542.5 533.3 523.1 517.1 513.9 511.7 509.4 509.9 507.8 508 506.5 504.4 502.5 502.3 501.4 498.7 498.4 497 496.3
503.4 505.7 509.8 514.6 518.9 522.7 527 530.6 535 539.7 544.4 551.3 561 568.3 574.5 576.5 576.4 575.8 573.9 572 568.7 561.1 556.1 556.1 556.1 556.1 556.1 556.1 556.1 556.1 556.1 556.1 557.9 565.2 568.7 570.9 572.5 576.9 583.6 589.1 593.2 599.9 604.1 605.8 603.2 598.8 595.3 590.7 589.7 589.7 589.4 590.2 589.9 588 587 582.9 576.2 569.4 563.2 553.1 542.4 534.2 527.4 524 522.3 520.6 519.1 517.7 517 515.9 515.8 514.5 513.2 511.7 510.2 507.8 507.8 506.7
509.5 510.7 513.5 517.9 522.1 526.9 531.5 536.4 539.2 541.2 546.1 553.2 560.5 568.7 576.2 580.3 582.8 583.7 582.8 579.5 576.2 571.4 564.5 556.1 556.1 556.1 556.1 556.1 556.1 556.1 556.1 556.1 561.1 565.8 571.1 576.4 581.1 588.3 594.5 599.8 606.6 612.6 613.8 610.1 606.1 600.1 596.7 597 595.7 595.2 594.8 595.8 595.3 594.5 595.1 590.7 584.4 578 572.2 561.9 552.4 545.5 538.5 534.1 531.9 531.8 529.7 528.5 527.1 527.1 527.2 525.5 524.4 523.3 522.3 520.8 520.6 518.8
515.3 516.3 517.9 521.8 528.8 533.5 538.5 542.7 544.5 546.7 550.8 556.6 563.5 570.7 577.7 583.4 587.1 588.4 589.4 586.2 581.4 577.3 570.2 563.9 557.6 556.1 556.1 556.1 556.1 556.1 556.1 559.7 562.9 567.3 573.9 581.7 589.2 597.9 604 610.5 616.8 619 617.7 613.1 607.2 602.5 599.9 599.7 600.1 598.6 598.6 599.4 601.7 604 605.4 600.4 593.6 586.9 579.4 571.1 563.1 555.2 547.9 544.5 543.1 540.9 540.3 538.7 537.5 536.8 536.4 535.3 533.8 535.3 536 535.6 535.1 533.1
519.4 519.7 521.5 525.8 530.5 536.3 543 548.7 551.7 553.7 556 561.5 568.7 575.5 581.4 588.2 591 593 596.5 599 598.2 594 588.5 578.3 571.3 567.4 564 556.1 556.1 556.1 556.1 561.1 563 566.4 575.2 584.8 595.1 603.6 612.4 621.1 626.7 625.2 620.2 616.1 608.8 607.1 606.8 606.8 605.4 603.9 604.5 606.3 609.1 609.8 608.5 605.2 597.7 592.3 585 577.4 569 561.6 556.9 555.1 553.7 551.5 549.3 548.1 546.8 546.5 546.8 545.8 545.5 545.5 546.4 548.3 545.8 541.2
524.1 524.6 527.7 530.7 534.3 540 549 554.6 559.1 561.2 563.6 569.9 573.8 579.3 585.9 589.7 595 599.2 605.1 609.4 610 607.6 602.2 592.7 588.3 582.1 577.7 570.7 560.3 556.1 558.7 562.3 566.2 572.4 580.7 590.7 600.4 609.9 617.3 623 623.8 621.7 620.2 616.2 614 615.1 614.8 613.8 611.1 611.5 612.4 614.3 615.4 614.6 609.6 603.5 596.1 590.5 584 577.9 573.3 570.9 566.8 563.6 562 561 558.9 557.8 556 555.1 556 555.1 555.2 555.7 555 553.7 550.4 548.4
532.7 533.1 533.9 537.7 542.2 548.7 558 565.4 571 574 577.6 578.6 580.1 583 588.6 592.2 599.4 605.8 612 614.5 614.8 612.1 604.8 600.7 596.2 593 585 577.8 569.8 563.3 562.6 568.1 573.4 581.5 591.1 600.7 608.9 616 620.4 621 620.9 620.6 621.2 622.3 623.6 622.3 621.5 619.7 618.7 620.2 623.2 624.7 622.9 620 615.7 607.9 599 592.9 587.9 581.9 578.7 576.2 573.4 570.7 569.5 569.6 568.6 567.3 564.4 564.1 564.7 565.3 565.6 564.6 561.9 558.5 556.3 553.3
541.8 542.4 539.8 546.8 552.2 561.6 568.6 577.5 586.1 592.9 591.9 589.2 589.6 590.7 592.9 597.9 604.8 614.2 619.5 624.5 625.4 620.7 613.2 607.7 602.5 594.9 586.5 579.1 571.5 568.6 570.8 577 583.7 591.6 602.8 611.8 618.9 622 621.8 621.8 620.9 621.3 623.2 625.3 626.7 627.3 627 625.9 627 629.7 633.5 633 631.4 629 624.5 616.8 605.9 598 590.7 585.3 582.8 580.2 577.8 575.5 575.6 575.7 576 574.1 573 572.8 573 574.4 572.3 572.3 569 566.7 563.3 560.9
548.7 549.6 552.5 555.9 566.1 577 583.3 591.7 598.8 601.6 601.1 598.3 597.9 599.3 599.5 602.9 610.6 617.6 622.4 626.5 629.8 627.6 621.2 612.7 603.7 594.7 584.3 581.2 580.8 581 582.9 588.3 595.6 604.1 614 621 625.6 625.8 623.7 622.9 622.4 624.6 626.7 629.9 632.7 633.9 632.4 633.6 635.4 639.3 640.9 641.6 641.6 639.5 633.1 625.3 612.3 603.1 596.2 589.1 585.2 583.8 581.6 580.3 581.1 581.5 581.5 579.5 579.5 578.9 579.5 579.2 579 577.8 575.9 574.1 570.8 567.9
555.1 558 560.9 566.3 578.1 587.9 593.8 600 607.4 611.1 608.8 604.8 602.1 602.4 606.7 609.1 614.6 619.7 623.4 627.7 628.8 627.9 624.9 615.1 603.5 592.8 588 591.7 591.2 592.2 593.4 599.9 607.8 616.1 624 629 632.7 633.6 630 627.3 626.3 627.5 630.8 633.4 638.1 638.5 638.7 640.4 644 647 649.6 650.8 650.4 646.8 640.5 632.1 620.3 609.7 601.5 594 590.9 589.7 587.1 586.9 585 585.4 584.8 583.5 584.1 585.5 586.6 586.6 585 584.4 581.5 578.8 575.2 571.8
564.1 567.9 573 576.4 586.8 595.5 603.4 610.5 615.2 616.1 614.5 610.5 609.4 611 613.4 614.7 617.9 622.5 625.9 627.7 628.7 628.3 627.2 621.8 610.8 603.3 603.2 604.1 601.7 605.7 611 614.7 618.8 623.8 631.1 636.1 641.6 641.3 638.9 633.9 630 629.7 632.8 635.9 638.6 640.9 644.2 647.6 650.8 653.4 655.5 655.8 655.5 653 646.9 638.9 629 621.2 614.1 605.1 599.5 594.8 592.3 591.9 590.6 589.4 588.3 586.8 588.4 589.4 591.4 591.2 591.3 589.4 586.3 583.5 580.5 577.7
