public/OST50/NH47.asc
ncols 200
nrows 200
xllcorner 240000
yllcorner 870000
cellsize 50
[rows 0 to 34 of 200, columns 78 to 155 of 200]
546.7 552.3 557.7 563 569.2 572.6 574.5 577.7 578.8 577.6 574.5 568.7 564.4 555.6 544.5 538.4 528.8 522 517.1 510.7 507.7 502.3 492 484.6 478.3 467.9 457 443.3 428.8 425.6 424 419.4 416.3 407.9 402.5 397.2 394.1 392.3 390.7 389.8 388.8 386.9 385.4 383 385.2 385 386.3 387.7 388.8 389 389.5 391.5 393.7 396 399.3 401 404.5 406.8 411.1 418.6 429.9 439.6 450.5 457.7 464.4 469.2 472.9 473 472.6 465.9 451.6 438.4 437.7 439.3 443.1 446.8 443 437.8
546.4 553.8 559.2 564 567.8 571.2 573.7 575.1 574.9 573 570.6 562.4 556.8 550.5 542.1 531.8 522.1 517.8 515.5 511.1 503.7 498.4 492.5 486.9 477.5 469.2 461.4 448.9 434.8 427.7 424.5 417.4 413.6 405.1 399 394.1 392.3 390.3 389 387.8 387.5 385.8 388 387.5 389 389.7 391.5 393.4 395.2 396.6 397.7 399.5 402.1 403.9 407.1 409.5 412.5 417.4 424.3 433.7 445.2 454 462.1 469.6 475.6 480.2 484.7 488.1 486.3 477.3 461.8 447.7 441.5 441.3 447.4 448.3 442.4 439.5
544.2 550.1 555.4 560.5 564.3 568.2 569.4 570.4 570.5 567.8 563.2 559.7 552.1 546.1 535.6 532.2 521.7 519.5 515.1 509.1 502.3 498 492.8 488.5 482.2 478.5 470.9 456.3 440.9 434.7 423.9 416.2 411 404 397 392.9 391.1 390 389.5 388.3 389.6 390.3 393 393.6 395.1 395.9 398 400.9 403.4 405.6 407.4 409.5 411 414.4 417.3 419.9 424.4 428.5 434.9 445.6 455.8 463.7 471.2 478.9 485.6 490.2 495.6 498.9 497.4 495.4 481.4 458.6 447.4 445 450.4 449.5 444.4 440.7
545.1 550.5 555.2 559.7 563.4 565.3 566.7 566.8 563.7 559 554.5 550.2 545.3 539.5 530.7 523.4 517.1 514.4 511.7 508.6 505.2 501.8 495.5 490 485.3 478.3 469.2 457.7 440.8 430.5 421.2 415.5 408.1 400.9 395.7 392.3 391.3 390.8 394.4 393.8 394.9 395.7 396.8 398 401 402.7 405.5 408.8 412 414.5 416.6 420.2 424.2 426.4 429.1 432.3 435.8 440.7 448.3 454.3 463.3 469.9 477.1 484.8 490.7 497 501.4 505.3 509 504.7 492.7 470.1 451.8 446.9 450.3 448.5 442.1 436.4
543.8 549.2 554.2 558.2 559.6 560.1 560.3 559.3 558.9 555.8 548.8 543.3 538.2 535.2 525.6 519.6 512.1 509.9 508.8 508.4 505.1 500 495.3 486.8 476.4 469.5 463.1 453.2 437.8 428.3 416.7 410.3 404.4 401.3 394.5 392.6 396.2 397.9 399.7 399.5 399 401.8 401.8 404.5 406.9 410.1 414.2 418.9 423.3 427 429.5 431.5 434 436.9 440.2 442 447.4 452.3 457.3 462.2 468.7 476.1 481.6 488.9 495.6 502.5 508.5 513.7 517.5 513.7 499.1 478.3 459.7 448.3 447.7 447.4 441.4 435.7
545 548.7 552 554.3 554.8 554.3 554.1 552.2 550.8 547 543.4 538.2 536.6 535.6 525.5 517.7 509.2 508.8 508.3 508 503.7 497.4 488.8 480.4 471.5 462.4 452.6 442.3 431.3 420.4 413.4 407.3 403.3 397.6 402.4 404.8 408.3 408.7 411 412 410.9 411 411.9 412.6 414.4 417.9 422.7 426.9 431 435 437.1 439 442.3 444.7 447.8 452.8 457.8 462.1 466.3 471.5 476.5 480 485.7 491.3 498.6 507.3 516.3 524.2 528.4 524.2 505.6 486.2 467 451 442.6 439.5 438.3 436.2
544.8 546.6 548.1 548.5 547.6 544.3 543.3 541 539.6 534 530.5 528 531.1 530.4 522.3 514.4 513.3 513.4 511.8 505.8 500.9 495.5 486.2 475.5 462.9 450.2 440.6 431.6 422.6 419.7 414 406.9 402.8 411.5 415.3 417.4 418.5 420.8 423.5 423 420.7 420.6 421.1 421.9 423.6 427.9 431.9 434.5 436.6 439.2 441.2 444.1 448.2 453 457.6 461.6 465.3 471.6 476.1 479.9 483.1 485.5 488.1 493.5 501.3 510.9 520.6 530.5 535.7 527.4 511 494.7 477.6 452.3 436.4 429.5 429 432.9
539.1 539.4 539.5 539 537.8 537.4 533.4 528.5 524.2 522.4 519.6 520.9 521.7 524.4 520.6 514.1 514.5 514.5 514.1 509.8 504.7 498.2 486.7 469.4 452.7 442.8 433.8 427 423.5 418.6 415.6 405.1 419.8 421.9 425 430.4 430.6 430.9 432.1 434.6 431 431.3 431.7 430.3 432.3 434 436.7 438.9 439.6 443.1 445.2 448.2 453.7 457.9 463.1 468.4 475 480.3 483.6 488.1 489.7 490.6 493.1 496.7 501.1 508.2 519.3 532.2 529.2 515.6 498.4 478.7 460.7 445.4 433 424.3 418.9 419.8
535.7 533.2 531.7 528.7 527.1 525.1 519.3 516.3 512.7 510 510.5 512.3 514.1 517 518.1 516 513 512.3 510.6 509.7 507.6 502.9 483.5 464.7 448.1 438.9 432.1 429.9 427.3 422.1 412.4 423.5 436.7 443.3 451.2 448.3 442.9 439.1 441.2 442.8 445.2 444.1 440.7 441.4 445.4 443.9 442.1 443.8 442.7 445.7 449.9 453.5 458 460.8 465.1 471.2 478.1 482.1 483.8 487.3 491.5 494.2 495 496.5 499.4 504 513.5 515.4 504.7 489.8 475 467.4 458.7 445 433.8 422.2 412.2 412.3
529 528.3 526.4 521.3 519.1 513.3 510.1 508.7 506.8 500.9 502.5 503.9 507.6 511 512 510.2 506.4 507.6 507.7 507.5 502.9 496.2 480.2 457.3 444.2 445.9 437.9 433.2 426.9 419.9 424.1 435.3 447.5 455.4 461.6 461.6 458 453.4 448.1 450.3 452 453.6 453 456.6 455.2 453.3 450.4 445.2 444.1 447.2 452.5 456.5 460.5 463.6 466.6 469 473.1 474.9 475.5 476.1 480.6 484.5 488.2 492.9 495.6 501.6 506.5 501.3 493.9 482.9 472.8 460.3 445.6 433.7 425.8 423 411.7 404
522.8 522.3 519.2 514.8 511.3 504 501.7 497.4 498 496.4 495.6 496.8 498.4 500.4 501.6 501.7 498.1 498.7 498.5 498.4 493.4 486.1 474.3 453.9 443.2 440.8 433.8 431 427.5 420.6 442.1 450.6 458.7 464.8 464.9 466 462.6 461.9 462.3 459.1 458.2 458.1 463.3 464.1 460.8 458.7 455.9 452.3 448.8 446.4 447.5 455.3 460.4 460.2 461.6 463.4 465.7 467.7 468.5 469.6 470.9 475.7 483 486.9 489.2 488.2 489 489.7 484.7 472.3 456.9 443 433.2 425.6 423.2 422.7 412.6 404.1
515.7 515.6 511.9 506.3 502.4 497.4 491.9 488 489.9 488.8 486.6 487.4 489.7 490.1 491.4 490.6 486.8 487.5 489.3 488.6 484.5 476.2 465 451.1 441.5 435 434.5 433 430.2 444.1 457.7 463.7 470.5 476.4 476.6 476.5 475.3 473.9 475.5 475.7 476.1 479.4 475.8 476.1 470.3 467.8 460.5 452.3 442.1 439.3 434.6 437.5 444.8 450.4 452.2 456.6 458 460.2 461.8 462.7 464.3 467.6 470.6 471.4 472.8 474.5 476.7 470.5 463.2 456.7 450.1 440.3 432.7 428.1 430.5 429.6 417.2 408
506.3 505.9 501.5 497.7 492.7 488.3 484.8 480.5 480.7 479.2 478.1 478.2 480.8 482.3 482 479.7 478.1 479.2 480.9 480.4 478 471 461.9 449.5 442 435.9 433.1 434.4 447.8 456.8 470.3 479.8 486.6 492.2 495 496.8 496 498 505.1 506.2 495.3 490.3 489.9 486 480.8 471.4 459.9 447.2 437.8 431.5 429.8 429.5 432 439 447.1 453.4 452.9 455.9 459.4 460.9 459.6 457.5 457.1 453.8 450.9 452.6 451.8 450.3 447.4 448 446.3 441.3 435.6 437.3 439.9 435.9 430.2 417
495.7 494.5 493.9 488.4 485.9 478.2 477.3 474.8 474.4 471.6 474.1 474.7 472.8 474.7 473.1 470.9 468 469.5 470 471.4 467.6 466 458.5 446.5 439 433.7 442.5 455.7 468.2 475.4 485.3 492.1 498.8 502.2 505.4 511.1 518.1 523.8 528.2 533.4 519 503.4 497.6 495.1 483.3 468.7 452.4 439.5 431.9 429.6 429.2 429 426.2 426.9 432.7 443 447.5 448.4 452.9 457.7 455.3 451.2 447.9 444.4 439.1 436.5 435.9 435.5 439.1 439.4 439.2 434.8 431.8 431.6 430.2 425 420.3 415
485.7 484.5 482.8 479.6 473.8 471.1 471.4 468.8 465.2 465.1 465.8 465.1 465.9 466.8 464.1 460.8 460.1 455.5 457.9 460.3 455.3 456.5 450 444.2 443.3 447.7 461.8 474.3 488.1 499 502.1 503.2 510.1 512.4 514 518.6 527.5 537.3 541.7 542.5 533.9 518.2 496.9 488.3 470.3 453.3 443.5 433.4 431.8 433 431.5 428 423.8 423.8 423.8 436.5 443.9 443.7 443.7 442.9 443 441.8 441.2 440.9 439.8 438.2 441.3 437.5 432.5 431.5 431.4 428.9 426.8 429.7 428.7 427.4 427.1 419.5
478.6 476.4 472.5 470.9 469.9 466.9 466 462.2 463.4 461 461 459.1 456.6 454.6 452.7 451.7 450.1 449.7 450.3 451.7 449.8 449.3 447.3 443.5 452.8 464.6 479.3 496.8 511.1 513.8 516.1 517.1 517.2 520.1 524.2 526.3 529.2 535.8 543.9 544.6 543.7 532.2 503.8 483.9 465.1 449.3 441.9 435.8 435.4 434.1 427.2 423.8 423.8 423.8 423.8 427.4 429.7 438.4 437.2 437 436.1 436.8 440.5 445 441.6 438.5 437.4 433.3 430.4 427.7 427 427 432.7 436.1 435.3 429.6 420.9 413.6
472.8 469.8 467.4 469.5 466.3 462.2 457.5 456.6 459.4 459.5 457.5 455.2 452.7 452.5 450.6 450.7 449.8 449.8 449.5 448.4 449.4 451.8 453.4 456.1 465.5 481.5 501 516.1 527.7 528.5 528.1 526.5 524.6 527.2 530 529.9 531.3 534.5 541.3 542.8 538.1 521 497.2 481.8 463.1 446.3 433.3 433.4 435.4 430.1 423.8 423.8 423.8 423.8 423.8 423.8 423.8 431 430.4 429 431.5 435.6 440.5 439.5 438 437.7 436.2 432.9 429.7 427.6 427.4 433.9 436.2 435.9 435.3 431.7 425.5 424.8
465 463 460.8 459.4 459.2 451.7 449.8 449.8 451.9 451.5 452.7 450.9 450.5 450.4 450 448.9 449.9 449.6 449.7 452.4 456 458.3 459 472.1 483.4 500.6 517.6 534.5 540.4 537.2 535.2 532.8 529.7 530.6 531.6 532.8 534.4 535.4 535.8 537.1 531 514.6 492.1 476.5 458.8 441.4 427.1 423.8 423.8 423.8 423.8 423.8 423.8 423.8 423.8 423.8 423.8 427.2 426 423.8 427.6 432 433.2 434.6 434.3 436.2 435.2 432.2 429.8 428 427.2 429.2 430.1 432 433.3 433.7 433.5 430.8
460.6 459.5 457.5 453.8 451.2 450.8 449.6 451.3 450.6 450.4 450.7 450.3 450.2 449.9 448.7 450.4 452 453.1 455.7 461.9 463.8 464.8 473.8 488.8 506.5 519.4 530.8 541.7 547.6 544.3 543.1 540.2 537 537.1 537.6 538.7 539.9 539.4 540.5 542.3 538.3 520.4 498.1 479 457.4 438 424.7 423.8 423.8 423.8 423.8 423.8 423.8 423.8 423.8 423.8 423.8 423.8 423.8 423.8 423.8 423.8 423.8 425.3 423.8 428.9 431.7 433 431 429.2 428.7 425.7 427 429.5 430.3 429.9 429.8 427.1
455.8 454.3 453.6 452.5 451.5 450.2 449 451.7 451.9 450.7 449.5 450.6 449.6 450.3 454.8 457.3 460.7 463.4 465.3 469.4 472.7 479.9 492.2 506.2 522.3 532.4 539.7 546.2 551.6 552.8 548.4 547 543.5 541.3 541 543.7 545 543 543.4 545.2 540.4 527.1 497.9 477 450.2 436.9 430.6 423.8 423.8 423.8 423.8 423.8 423.8 423.8 423.8 423.8 423.8 423.8 423.8 423.8 423.8 423.8 423.8 423.8 423.8 423.8 423.8 424.7 423.8 425.6 428.9 425.3 426.8 427.9 428.4 428.2 426.7 425.6
454.2 451.5 452.2 451.1 450.3 450.6 451.2 452.3 451.3 451 449.9 450.1 452.5 454.7 460.1 466.2 470.1 472.7 474.8 479.1 485.1 494.6 507.9 519.9 528.4 536.1 542.1 546.3 550.1 552.6 552.4 550.1 548.6 546.3 548.6 548.4 548.3 547.5 543.4 539.9 535.9 511.9 487.4 462.2 446.9 437.6 430.8 423.8 423.8 423.8 423.8 423.8 423.8 423.8 423.8 423.8 423.8 423.8 423.8 423.8 423.8 423.8 423.8 423.8 423.8 423.8 423.8 423.8 423.8 423.8 425.7 429.8 429.1 424.9 425.8 425.8 422.4 419.4
452.7 451.6 450.3 450.9 452.1 451.3 452 453 453.2 453.6 454.4 455.1 458.6 463.8 467.7 472.7 475.1 479.2 483 488 496.3 505.6 516.6 525.4 531.1 535.4 540.8 544.3 549.5 552.4 556.7 556 552.9 550.7 550.4 551 552.3 546 541.7 527.8 511.8 493.7 474.9 459.8 454.4 444.9 434.2 423.8 423.8 423.8 423.8 423.8 423.8 423.8 423.8 423.8 423.8 423.8 423.8 423.8 423.8 423.8 423.8 423.8 423.8 423.8 423.8 429 430.4 431.6 432.6 433.2 432.7 429.4 427.2 425.8 423.5 419.6
449.8 451.8 451.9 452.1 452.1 452.1 453.2 455 457.5 457.3 458.3 461.5 465.6 469.9 473.8 477.2 480.9 484.5 489.9 496.4 503.3 512.1 520.4 525.5 529.6 533.7 538.7 544.8 552.6 556.5 560.8 559.1 556.9 554.3 552.4 548.9 543.8 534.2 523.5 516.2 505.1 491.5 479.9 482.6 472.4 456.4 444 432.9 423.8 423.8 423.8 423.8 423.8 423.8 423.8 423.8 423.8 423.8 423.8 423.8 423.8 423.8 423.8 423.8 428.1 429.9 432.7 434.1 435.5 437.6 438.7 438.8 437.8 435.8 434.1 432.6 428.8 424.5
451.7 453.9 455.2 457.4 457.6 455.2 458.8 460.9 461 462 464.9 467.7 472.3 475.2 477.6 482 486 491.4 497.3 503.7 510 517 521.7 527 531.5 536.9 541.7 550.4 559.3 562.5 562.2 560.7 558.1 552.7 546.9 540.4 534.3 523.2 510.6 504.3 495 490.5 488.7 482.2 471.2 459.1 446.6 435 424.3 423.8 423.8 423.8 423.8 423.8 423.8 423.8 423.8 423.8 423.8 423.8 423.8 426.8 430.7 431.9 432.9 434.4 437.5 439.4 441.8 443.6 445.7 445.9 446.1 446.2 445.2 442.5 438.2 433
455 457.1 459.5 461.2 460.6 459.9 463.5 465.2 464.7 467.9 470.7 474.1 475.7 479.1 482.5 487.2 491.1 495.4 503.8 515.1 521.5 523.5 527.6 531.7 535.6 541.1 545.6 555.9 562.3 565.3 564.8 562.3 556.4 551.6 543.4 533.4 523.9 512 503.9 499.1 496.6 492.7 486.5 479.5 467.6 454.5 441.2 434 429.1 423.8 423.8 423.8 423.8 423.8 423.8 427.1 431.3 432.1 432.2 433.2 434.5 434.7 436.4 438.2 440.5 443.2 444.5 446.3 449 449.2 452.1 453.8 453.7 454 453.3 451.8 447.7 442
459 460.5 461.9 463.4 463.1 465 467.3 468.1 468.8 471.6 474.9 477.9 479.8 481.9 486.1 492.1 497.9 503.6 509.9 518.8 527.7 530 533.1 536.5 540.1 546.3 552.4 559.7 566.5 568.4 567.5 562.4 555.1 549.3 540.7 531.6 520.3 514.6 509.9 508.7 501.6 491.6 480.3 477.2 474.7 466.1 454.5 439.8 433 430.2 430 430.1 431.2 433.5 436.4 438.1 439.5 441.2 442.7 442.4 443.9 443.5 445.3 446.1 447.1 449.8 453.2 454.3 455.9 456.4 458 459 458.5 458.6 456.8 454.4 451.8 448.4
460.5 461.6 464 464.7 467 468.1 469.7 471.3 472.9 476.6 478.5 480.1 483 485.6 492.9 500.6 505.4 510.1 515 521.4 526.1 531.5 536.2 540.3 544.6 550.3 554.5 562.5 568.5 568.8 567.3 562.1 554.7 548.1 540.1 529.2 526.2 519.3 516.5 508.5 505.8 502.5 498.8 492.5 486 476.4 463.8 453.4 446.3 440.7 440.4 440 440.9 443.5 445.8 448.5 449.9 450.1 451.3 453.4 455 455.2 456.5 458.4 460 462.1 463.9 467.4 467.6 466.5 465.8 462.9 461.8 457.7 455.1 453.1 451.3 450.1
464.1 465 466.4 468.2 469.7 472.2 472.8 475.3 477.7 479.5 481.5 483.4 487.2 493.4 498.6 506.4 512.4 517.8 521.4 525.1 530.1 533.8 539.2 543.3 547.9 555.5 561.4 565.6 569.4 572.5 569.6 566 561 552.2 540.3 532.1 523.3 517.5 516.6 517.3 517.3 514.4 512.4 510 504.9 495.2 487.3 477.5 468.6 458.3 454.7 455.1 457.5 459.2 459.7 461.7 461.2 463.6 465.4 465.7 467.2 468.9 470.9 472.9 474.8 477.5 481.8 482.4 480.9 479.8 474.1 468.9 462.9 457.2 454.4 451.5 450.2 448.7
467.4 468.4 470.8 472.5 473.6 475.5 477.4 479.2 482.1 482.9 485.8 489.3 494.4 499.9 503.7 511.8 519.1 524 527.8 531.5 536.8 539.9 542.7 546.1 551.5 557.9 563.4 568.8 573 573.8 573.3 572 570.4 559.7 539.9 530 525.2 527.9 526.8 529 530.3 528.6 527.3 524.9 519.7 516 512.3 502.1 489.5 479.3 475 474.9 473.8 473.2 472.4 473.6 474.8 476.2 479.6 481.1 482.9 485.6 487 490.5 494.7 497.6 498.2 498.8 494.5 492 485.5 475.6 466.1 458.5 452.1 450 448.7 446.6
471.9 472.8 474.1 475.7 477.2 478.8 482.1 483.2 484.5 487.2 490.2 495.2 501 504.9 510.8 517.3 522.4 528.3 532 535.9 540.5 543.8 547 550.9 554.2 558.9 564.8 572 576 576.6 573.7 571.9 565.5 548.9 539 535.3 538.4 536.2 536.3 540.6 544.4 542.7 541.2 541.6 542.3 543.3 540.5 528.4 512.3 500 492.9 494.9 492.4 489.6 486 484.7 486 487.5 490.9 494.3 499.7 503.7 504.2 507.5 511.9 515.3 515.6 514.2 510.4 503.3 493.3 480 469.6 460.3 452.5 448.7 446.8 444.4
474.8 475.8 476.1 478.3 482 484 485.6 485 487.6 491.9 496.1 501.9 506.6 510.2 514.7 519.9 525.9 531.3 536.8 540.8 545.3 548.1 552.1 556.2 560.9 565.5 571.2 576.3 581.7 584.6 579 574.7 562.5 548.7 544.9 547.4 548.6 545.6 545.5 547.4 551.5 553 556.1 559.5 564.4 571.6 577.6 565.2 545.3 524.9 513.2 512.2 509.2 505.4 499.8 495.9 495.4 498 500.1 503.6 510.7 516.1 522.4 527.9 530.8 532.2 527.1 521.7 515.1 504.3 491.9 479.7 469.5 460.9 452 446.1 444.7 443.6
476.3 477.3 478.9 481.7 484.7 486.3 486.9 489.2 491 494.8 499.9 504.7 510.1 514.5 518.9 523.4 530.5 537 542.8 546.5 550 555.2 559.9 564.9 568.2 573.9 578.9 586 587.2 587.9 586.1 573.6 556.9 552 553.1 555 554.2 552.9 555 558.5 563.9 570.4 572.5 576.5 582.7 592.7 600.4 596.2 571 547.4 534.4 530.9 526.1 521.7 517.3 514.2 512.1 510.9 511.4 514.9 521 526.1 529.7 534.3 539.1 539.6 534.3 525 513.9 499.7 487.5 475.2 466.3 459.8 449.3 446.9 444.3 443.8
478.2 480.5 481.6 484.1 486.3 488.8 490.5 492.9 494.6 497.7 502.5 508 513.6 517 522.7 529.2 535.9 542.9 548 551 556.7 562 566.6 569.6 573.1 576 577.6 582.8 585 585.2 578.8 564.6 558.5 558.4 558.1 558.1 559.4 562.9 568.2 575.4 584 587.9 591.5 600.8 610.5 617.2 623.6 623 602.9 577.9 559.2 551.5 543.9 543.1 541.1 534.1 531.9 527 525.1 528.1 533.7 538.4 540.3 545.5 549.9 539.8 530.9 521.3 507.8 496.4 485 474.1 466.3 460.3 452.4 450.6 446.3 447.1
480.4 482.3 485.5 487.8 489.6 493 493.9 495.4 497.9 500.6 503.8 509.2 515.1 520.7 527.5 533.9 539.1 546 551.5 556.9 562.4 566.8 570.8 575.3 576.6 578.5 578.2 578.6 576.5 573.4 566.8 562.3 559.7 560.2 559.7 564.6 570.8 576.2 583.7 594.7 600.6 604.3 604.6 611.5 622.6 625.7 628.2 634.8 623.2 600.5 582.5 571.8 569.9 568.8 562.4 559.9 553.2 548 546 550.9 549.4 549.6 552.7 554.4 551.9 542 529.4 517.1 504.5 491.9 480 471.8 464.9 460.6 458.1 456.2 455 453.9
484.5 486.9 488.6 491 493.9 495.6 497 498.5 501.1 503.7 506.9 511.1 516.5 521.9 529.1 535.9 542.4 548.1 554.3 559.3 564.7 569 571.1 574.4 575.9 576.7 576.7 575.5 570.3 567.5 563.6 565.2 568.9 572.1 576.2 583.3 590 601.1 606 606.6 610.8 614 614.5 617.2 621.7 623.3 625.3 630.7 625.2 608 598 593 589.3 589.9 581.6 577.5 574.4 572.6 573.4 579.7 573.9 562.9 557.7 551 544.9 535.8 526.4 512.1 502.4 490.8 483.5 476.6 472.8 471.5 470.8 465.5 462 460.9
