public/OST50/NH48.asc
ncols 200
nrows 200
xllcorner 240000
yllcorner 880000
cellsize 50
[rows 0 to 34 of 200, columns 78 to 155 of 200]
245.1 255.1 251.9 240.3 238.7 236.7 235.2 240.9 242.3 244.6 246 246 242.4 241.5 238.9 241 245.3 246.3 247.3 251.1 253.5 256.2 256.3 255.4 255.9 253.3 252.3 253.8 255.6 256.1 255.7 253.1 248.2 243.2 239.4 233.4 229.3 227.8 224.3 217.6 208.8 202.4 200.1 198.1 198.9 200.7 202.4 201.1 195.7 189.7 180.7 174.1 169.7 163 155.7 145.3 138.1 132.4 130.9 128.5 118.4 114.3 111.9 112.1 111.4 107 106.3 100.2 101.9 104.8 113.7 125.2 133.5 141.5 149 155.2 164.8 180.4
239.9 244.7 249.9 239.5 229.9 227.7 228.9 233.2 235.6 237.3 239 240.6 240.2 237.7 235.5 235.3 236.7 238.1 238.6 240.9 245.1 247.6 250.6 251.8 249.4 247.3 250.2 253.4 255.2 254.5 254.2 254.4 250.5 246 241.4 237.2 234.3 230.7 225.1 216.4 206.8 201.4 197.8 197.3 198.9 199.6 198.7 195.4 189.8 181.9 176.5 172.1 167.3 160.8 150.7 143.3 138.2 133.1 128.8 124.1 116.6 113.8 112.4 112.3 112 106.7 106.9 100.4 103.7 107.7 125.1 132.6 139.4 148 155.1 161.4 176.6 186.6
235 233.6 238.3 239 227.7 221.1 222.4 232 236.4 235.6 239 241.2 240.7 237.8 235.7 234.6 234.7 235.5 236.5 239 241.6 242.7 243.1 242.7 241 239.6 242.6 246.7 248.8 249.2 251.1 250.4 247.8 245.4 242.4 239.7 235.9 230.6 222.4 214.5 204.6 200.6 196.8 196.7 196.5 195.2 192.5 190 188 184.9 181.1 176.1 169 159.2 148 144 140.5 135.8 130.7 124.1 115.8 113.8 113.1 113.2 110.5 107.3 105.1 99.6 105.6 114.9 128.8 137.5 145.6 152.9 160 169.8 180 186.5
231.7 225.2 226.5 235.4 223.7 215.5 215.6 225.9 233.7 233.9 235.1 238.1 240.7 240.1 234.8 233.8 237.1 237.4 238 241.3 244.2 245.5 243.1 240.9 237.6 237.5 237.7 240 240.2 240 240.2 240.2 239.9 240.2 238.3 238.1 233.5 226.4 218.5 209.5 202 200.6 197.5 195.8 195.4 194.9 195.2 193.2 190 186.1 181.9 176.2 168.5 159.7 150.8 141.5 137.7 133.8 128.8 122.1 115.6 114.5 114.3 113.8 111.9 107.5 104.1 100.3 111.7 126.7 136.8 141.8 149.3 156.2 162.9 170.2 181 189
227.6 220 216 221.2 213.6 208.4 209.7 219.1 226.3 229.3 230.3 237.2 235.3 233 231.6 232.3 236 235.1 238.6 243.7 246.8 245.6 241.5 238.7 236 235.5 237.8 238.1 237.6 235.3 232.3 230.8 228.5 228.2 229.4 228.6 224.8 219.2 212.8 204.9 200.4 199.1 198.1 198.5 199 201.8 198.4 194.2 187.6 181.6 177.3 171.7 165.2 158.9 150 141.2 133.5 128.1 124.3 117.4 115.3 114.9 115.1 113.8 109.7 107.4 103.9 101.2 118.5 134.8 140.4 145.7 152.1 158.9 164.1 171.8 183.9 193.1
223.1 215.6 207.4 204.7 203.4 199.9 205.2 213.6 218.9 221.6 220.2 225.1 227.5 228.8 227.1 230 231.8 231.4 233.2 239.5 243 243.4 240.9 237.4 235 235.8 236.8 237 235.6 233.4 232 231.6 229.3 227.2 224.7 221.6 217 209.4 204.3 200 194 196 201.8 202.5 201.3 204.2 200 193.6 185.6 177.1 172 164.6 159.7 154.3 147.3 138.7 131.2 126.3 120.4 116.8 117 116 114.9 112.6 109 103.6 101.7 108 128.4 138.7 143.4 149.3 154.7 161 165.3 172.3 183.2 195.3
217.5 210 202.2 195.5 195.9 193.8 194.5 204.4 210.3 212.5 210.9 212.2 216.3 218.2 218.7 222.5 224.7 224.6 225.3 232.1 236.1 236.8 239.8 237.3 234.5 236.9 240.2 238.6 236.3 234.2 233.5 233.1 231.7 228.7 225.7 221.1 215.4 209.5 206.3 199.4 190.3 190 196.6 198.7 199.3 202.5 198.6 193 183.1 172.8 166.2 161.8 156 149.9 144.3 137.8 130 122.4 118.3 117.7 117.1 112.3 108.3 104.5 102 101 105.6 118.1 133 140.4 143.7 149.9 154.5 160.8 163.7 167.4 176.7 189.2
209.6 202.7 194.3 188 186.8 186.5 185.1 194.4 199.7 203.4 203.9 202.5 205.8 205.9 206.8 212.7 215.8 214.4 216.7 225 228 228.9 230.2 230.2 232.1 235.4 240.4 239.1 237 234.4 233.5 234.3 231.7 226.5 222.5 219.1 213.2 210.5 207.1 201.3 192.9 187.6 186.2 191.6 194.5 199.4 201.7 189.7 176.9 164.9 159.7 157.2 153 146.8 140.3 134.3 126.8 120.3 118.6 118 114.3 107.1 105.7 102.9 105.8 105.5 110.7 118.4 128.2 131.9 131.5 137.2 146.6 151.7 158.5 163.1 169.1 171.8
200.9 196.3 190 183.9 180.8 179.9 179.1 181 186.6 193.6 197.6 195.6 195 195.3 196.6 203.8 206.6 206.3 209.1 214.1 218.7 219.6 219.8 222.7 226.7 230.1 231 230.6 229.1 228.9 229.4 227.8 222.4 221.7 220.3 217.3 212.9 208.7 204.6 198 192.4 191.3 174 177.6 182 184.8 184.9 176 167.1 160.2 157.2 154.5 150.6 145.5 138.9 132.6 124.8 119.8 119.3 117.1 112 109.7 106.8 106 106.5 106.7 111.5 108.1 114.5 118 128.5 124.2 126 140.7 153.4 156.2 161.1 160.9
189.4 188.4 184.5 181 178 175.5 175 174.8 174.4 178.9 183.9 183.4 185.8 185.9 189.4 195.2 199.4 199.2 196.9 203.2 208.9 210.9 210.4 214.2 218.6 222.1 221.1 221 220.5 220.9 219.5 219.2 220.6 220 218.1 214.8 209.5 205.5 199.7 192.5 186 180.9 161.9 165.5 167.3 173.2 174.9 166.8 163.4 160.5 155.5 152 148.3 144.2 139.4 132.7 124.6 120.8 118.3 115.4 112 109.8 106 107.6 109.2 110.8 115.5 123 136.5 144.2 144.8 140.7 138.4 131.4 134.7 140.9 147.7 153.4
178.1 178.2 178.5 177.3 173.7 171.2 170.4 170.1 170.4 170.8 170.8 173.4 176.6 178.4 181.5 182.6 188 191.4 189.8 193.1 199.4 202.1 201.3 205.7 211.1 215.3 216.1 210.8 209.8 211.6 214.1 216.5 217.4 217.4 215.5 210.2 204.3 198.2 194.5 186.9 180.9 169.1 155.9 154.9 160.3 163.2 162.1 162.3 161 156.9 152.4 149.1 147.5 144.6 139.4 132.3 124.2 120.5 114.4 114.2 112.4 110.6 105 109.3 110.5 116 129.2 135.1 138.1 146.1 145.7 146 148.6 149.5 146.1 143 141.5 141.4
186.9 182.1 177.6 174.8 173.6 172.7 171.4 170.4 168.2 166 167.3 167.1 167.7 170.2 172 174.7 178.6 180.6 182.8 184.4 189.7 193.1 193.6 196.7 200.7 203.7 205.3 202.3 201.6 204.1 207.8 210.8 213.6 213.9 210.3 204.4 198 194.2 190.1 183.4 175.4 166.1 152.4 154.6 154.2 153.2 155.2 158.4 159.3 151.6 147.5 145.2 144.5 142.1 136.5 129.9 124 119.9 115.3 114.7 113.5 110.8 105.3 109.7 114.6 131.5 132.9 136.9 139.2 144.5 150.7 153.1 156.3 158 161 162.3 159.9 157.7
196.9 191.9 186.7 181.8 176.4 173.9 173.3 172 169.4 165.8 164.7 165 163.9 160.8 163.3 168.2 171.2 172.7 172.6 174.4 177.1 182.5 185.5 186.3 188.8 192.1 194.3 196.1 197.5 199.4 201.5 204.2 205.9 205.1 201.1 195.8 195.5 192.7 186.8 177.8 168.6 158.5 151.2 149.2 149.9 150.7 154.7 158.6 157.3 151.5 143.6 142 140.5 137.1 132.5 126.3 123.3 119.4 115.6 115.1 114 110.1 104.2 111.7 117.9 130.5 129.4 134.1 142.1 151.4 158.4 162.5 164.6 166.2 169.8 174.1 172.3 174.2
209.8 199.5 192.9 187.1 181.1 177.2 176.5 171.9 165.9 169.2 168.8 168.5 168.4 168.2 166.2 158.1 158.6 162.6 161.9 164.4 167.7 173.3 177.1 179.5 183.1 186.2 186.9 189.1 191.5 191.1 192.2 195.2 196.5 195.5 192.6 190.1 190.2 191.5 180 170.6 161.8 152.4 146.6 147 147 147.6 145.3 146.4 146.8 146 142.1 139.5 136.3 133.1 130 126.4 123.1 117.9 116.1 116.1 113.7 109.3 105.3 115.9 122.3 128 136.9 143.8 151.1 156.9 164.5 169.5 173.2 176 179.2 181.3 181 179.6
221.7 213.1 199.8 191.5 184.7 178.6 172.7 170.3 174.7 175.2 173.5 171.6 170.3 169.3 166.1 163.1 160.8 151.6 154.8 158.4 160.9 164.8 168 172.1 175.5 179.6 180.8 181.9 183.6 182.5 181.6 185.1 187.3 189.1 188.5 186.9 187.5 185.8 174.7 163.7 154.8 146.5 143.5 143.6 144.1 143.7 143.8 144 144.1 140 138.1 136.3 134.2 130.8 127.2 125 121.6 117.8 116.3 115.3 112.5 107.7 111.3 127.9 134.4 141.5 146 153.9 157.2 161.6 168.6 174.6 179.4 182.4 185.6 186.2 184.1 183.9
227.1 217.9 201 190.4 183.1 175 181.7 192.3 189.4 184.9 182.6 180.7 174.7 168.9 164.8 162.1 161.1 160 148.1 154.9 156.4 158.7 162.5 165.8 169.2 172.2 174.2 175.3 175.6 175.3 175.9 177.7 181.2 182.3 182.6 182.2 179.7 175.5 167.4 158.3 149 144.2 138.2 139.7 140.6 141.1 144 141.8 136.2 133.1 132.3 131.8 129.3 126.5 122.8 119.4 117.2 114.8 113 111.3 108.8 105.6 121.8 135.3 142.1 147.7 151.3 161 166.6 165.6 172.1 177.6 184.4 187.7 189.4 189.3 187.3 187.2
219.2 212 195.2 183.2 175.6 182.3 204.4 218.1 212.4 206.7 196.8 193.3 186.2 174.1 168.6 162.4 159.1 159.8 157.3 145.8 153.2 153.6 156.8 157.6 160.5 162 164.4 167.4 173.6 169.8 169.5 170 173.9 174.5 175.5 175.5 175.9 165.3 161.9 151.6 146.2 139.7 135.7 134.5 132.6 133.1 131.1 130.9 130.4 129.3 129.2 127.1 124 119.2 112.7 111.4 110.6 109.6 109.2 108.2 107.3 113.5 132.9 140.2 148.2 154.4 161.1 167 172.6 174 179.2 186.1 189 191.3 191.8 191.7 190.1 194.5
208.7 196.6 182.6 185.7 200.4 215.6 226.8 239.2 239.5 233.9 222.8 208.8 196.8 184.4 175.6 168.7 160.5 158.4 158.3 153.6 147.9 150.4 150.2 151.3 152.6 153.3 155.8 158 160.4 162.7 161.8 163.7 164.7 166.3 165.9 164 162.8 159.8 157.8 149.2 141.5 136.3 135.2 133.7 133.2 132.9 132.5 132 131.3 130.5 126.6 122 115.7 115.2 115.9 115 112.9 110.3 112.6 113.7 114.3 126.9 139.2 145.9 154.2 162.3 165.9 171.3 175.2 181.2 187.3 191.1 194.5 197.1 197 197.6 197.6 202.4
192.1 181 187.3 210.6 231.1 246.9 256.9 260.8 257.7 253.2 244.8 231.8 214.4 200.5 191.9 181.8 167 160.2 156.8 155.9 145 146.7 146.2 141.2 140.8 143.8 146.1 149.7 152.1 153.9 154 155.8 156.3 156.4 155.6 152.5 150.7 147.2 145.1 142.6 137.4 136.6 135.4 135.3 134 133.3 132.2 131.2 129.2 126 121.4 116.9 117 119.2 119.4 116.8 113.4 115.2 115.9 115.9 123.1 140.5 144.9 154.1 160.4 168.9 172 177.4 183.6 191 196.2 199.8 202 203.2 204.4 206.1 211.4 211.5
188.6 195.8 214.7 236.9 255.7 265.7 273.8 284.2 285.5 279 268.7 252.3 235.6 222.1 211.1 198.3 181.3 168.5 161.8 156.9 152.4 145.6 143.1 144.9 145.6 146.1 141.1 137.2 138.9 144 145.9 147.7 148.8 149.3 147.8 145.9 144.9 142.6 140.9 138.6 137.8 136.5 135.3 133.7 133.6 131.9 130.1 127.5 124.3 119.7 116.6 118.8 119.8 121.5 120.8 118.5 115.1 114.6 117 121 134.6 143.9 151.7 160.7 166.8 173.8 179 187 193.5 199.5 204.2 207.5 210 211.6 214.6 221.7 218.4 215.4
206.1 214.1 232.4 250.9 267.5 276.2 285.1 292 300.2 304.4 289.7 277 261.5 246.5 231.4 213.7 192.7 180.6 170.2 162.8 156.5 152.7 151.9 151.6 151 150.4 148.1 144.7 144.3 136.9 134.1 137.2 139.6 141.2 141.5 142.5 143.1 143.2 141.7 138.6 136.8 135.9 134.8 133.6 132.4 128.6 125.6 121.4 116.7 120.9 122.4 122.8 123 122.5 122 121.6 118.8 117.1 120.9 135.8 152.2 155.8 158.2 167.1 171 177.6 184.3 192 198.9 204.1 208 212.3 214.9 218.9 224 222.6 218.6 222.5
226.5 229.6 246.4 263.1 276.6 285.6 292.6 298.8 308 312.3 313.6 304.4 287.1 268.5 248.3 226.3 205.3 189.6 180.5 170.9 162.6 157 153.4 151.3 150.5 149.8 149.1 147.7 144.3 143.4 142.3 140.2 137 132.4 132.6 133.3 134.7 136.4 138.6 135.7 134 133.1 132.1 130.4 127 121.5 117.4 121.6 127.3 126.6 126.4 128.6 125.8 123.9 125 122.8 120.3 124.6 136.4 148.9 157 162.8 162.3 170.4 176 180.2 188.8 194.3 200 207.4 213.4 218 219.6 222.5 225.4 228.9 233.7 235
240.5 251.5 262.5 274.3 285.7 291.7 295.3 308.2 317.2 323.7 322.4 317.5 298.3 283.1 263.1 231.8 213.7 201.3 191.5 184 175.6 166 159 152.7 150.8 150.1 148.6 147.9 146.7 146.3 146 145.2 144.4 143.7 140.6 139.1 136.6 129.8 128.1 128.3 128.1 125.9 125.4 123.3 119 125.3 130.5 132.5 131.9 131.6 131.8 130.2 129.4 128.8 129 126.4 123.1 134.8 143.7 156.5 160 166.3 166.2 172.9 178.8 185.7 191.3 198.9 207.5 215 221.2 224.9 229.9 231.9 241.5 248.1 246 243.5
259.8 262 279.5 285.7 292.8 300.8 307.2 316 319.6 323.9 320.4 314.8 306.3 285 258.8 237.5 219.7 209.9 202.9 193 184.1 168.2 154.8 155.7 152.2 150.3 148.9 147.8 147 146.5 145.5 144.3 143.6 142.8 142.7 142.1 140.3 137.9 136.5 132.6 132.7 126.3 125.7 127 131.7 136.1 138.1 137.8 136.4 136.1 136.3 133.8 130.9 130.5 130.1 127.3 138.9 151.7 149.2 159 162.3 167.1 169.8 177.4 183.3 189.5 197.1 203.2 211.4 220.4 226.8 233.1 238.6 245.3 253 255.4 254.3 251.1
275.5 286.9 284.9 298.5 299.4 308.3 316.7 318.9 317.3 318.8 316.9 310.3 301.1 287.4 266.4 241 220.6 209.9 200.8 191.1 178.4 170 166 163.4 160.1 157.1 154.3 154.6 153.3 151.1 149.8 148 145.9 143.6 142.1 138.6 139.9 140.1 137.8 137.5 136.9 133.6 135 136 140.4 144.1 146.3 150.4 146.8 148.6 147.3 142.2 135.7 131.6 127.7 135.4 152.1 159 159.6 160.9 164.1 169.4 174.6 180 185.6 193.6 203.9 212.2 219.4 225 231.7 238.6 246.4 254.1 262.6 262.1 258.7 256.9
286.4 297.4 300.9 309 313.3 308 314.2 315.5 309.2 304 307 304.9 300 288.1 270.5 242.4 218.6 203.7 194.8 186.5 181.9 172.5 175.5 174.5 178.4 176.7 172.6 170.2 167.2 163.3 160.7 156.4 151 146.5 144 141.9 141.1 140.7 140.1 140 138.7 140.8 146.8 148.3 154.4 159.9 162.1 157.2 152.8 153.7 150.8 147.9 140.5 134.1 125.6 145.7 161.2 162.4 163.2 162.9 166.5 171.4 176.9 182.2 188.6 197.7 209.8 218.3 224.7 232.3 240.3 247.1 252.3 260.9 265.3 263.7 259.8 270.9
291.5 307.9 309.5 317.9 316.8 307.8 306.9 310.3 302.6 293 291.8 293.5 294.9 286.8 264.5 241.6 219.3 203.8 196.7 193.3 185.4 182 184.5 189.5 198.2 202.5 197.4 191.3 185.8 183.2 179.5 174 163.6 155 152.8 150.6 150.3 148.9 146.2 149.6 147.8 150.3 161.8 165.7 169.4 173.8 174.8 171.7 164.8 167 161.6 152.6 143.7 136.1 131.3 140.9 159.4 164.5 164.9 165.2 170.1 174.6 182 188.8 199.3 207.8 215.4 223.6 230.4 238.1 247.3 252.8 258.5 264.8 267.9 267.2 273 283.1
304.4 314.1 321.7 329.5 328.2 322.7 316.3 308.4 306.2 285.3 276.8 275.3 277.9 270.3 251.8 237 220.5 205.3 200.3 195 196.5 199.8 204.8 211.2 212 215.4 215.5 214.5 213.9 208.1 194.3 184.1 179.5 171.5 167.7 166.7 164.1 165.3 167 164.1 165.5 170.1 176.6 178.5 180.9 182 182.5 182.2 178.3 175.5 162.3 153.8 144 138.8 135.2 131.1 145.1 167.7 168.7 170.3 174.8 182.3 189 197 207 213.8 219.7 228.8 238.4 245.7 252 257.2 263 268.7 273.3 278.5 287.2 292.3
304.2 316.7 326.8 327.9 322 320.2 317.2 310.1 304.5 282.7 266.8 263 258.9 257.1 250.2 235.3 219.2 209.1 201 207.2 215.5 215 220.5 226.7 232.4 238 238.8 240.5 242.1 236.4 217.6 202.8 197.4 186.7 182.3 179.1 178.5 180.1 183 181.5 175.8 180.9 187.5 189.7 186.7 188.8 188.8 185.7 179.5 172.3 164.7 153.4 145 140.7 137.2 132.1 144.3 166.4 172.3 174.6 179.1 187 195.3 204.5 214.4 220.3 227 235.9 244.2 251.1 254.8 260.9 269.3 275.4 282.1 288.2 293.6 297.2
292.7 302.2 315.7 323 313.7 302.3 296.8 296.5 292 273.7 265.8 257.4 252 247.2 242.3 230.1 217.2 211.2 220.2 227.3 228.9 233 239.2 248.1 257.3 265.7 265.1 264.6 264.4 258.6 245.6 229.9 219.1 206.8 196.2 194.2 189.9 186.2 185.8 186.3 186.4 192.8 197.5 196.4 196.1 194.3 189.9 185.9 183.6 175.7 163.6 155.7 149.8 142.2 135.9 136.2 156.8 171.9 174.6 178.3 183.8 191.3 200.5 212.9 221.6 226.1 230.7 240.4 248.9 254.5 261.7 268.6 276.9 291.4 296.1 300.8 304.4 306.5
287.5 291.8 294.1 299.6 296.7 288.8 284.2 282.7 281.6 275.8 271.9 258.9 248.5 240.2 233.1 223.8 215.4 226.9 229 235 240.3 246.5 256.2 267.5 278.7 284.9 286.7 279.9 274.6 275.2 268.1 256.6 240 225.5 210.8 204.4 202.6 199.7 190.9 189.5 192.9 200.9 201.6 202.2 197.9 194.8 190.8 186.9 182.6 173.3 162.1 156 147 140 134.8 150.5 168 174.3 177.4 181.5 188.5 197.8 208.6 217.6 224.1 230.5 235.1 244.5 253.1 261.1 271.3 280.7 294 305.4 306.8 310 316.7 318.6
286 290.2 287 289.2 284.7 284.9 284.5 283.4 282.4 284.4 282.1 266.8 250 240 231.7 223.8 225.3 234.3 237.5 241.7 245.9 253.1 263.9 276 286.3 292.6 296 301.2 301.8 291.9 280.9 274.8 255.8 241.4 229.1 217.6 213.5 203.5 202.9 202.8 202.9 203.2 202.4 201.3 196 195.1 192.8 186 178.1 169.1 159.9 150.3 142.6 135.4 141.2 154.9 169.6 176.2 179.6 184.9 193.6 202.6 213.2 222.9 228.7 233.5 239.4 251.5 259.8 269.3 279.1 292.1 304.3 312.1 315 325.8 329.5 333.3
283.2 285.6 282.7 281.9 281.3 282.9 284.7 284.6 288.2 281.7 282.8 267.9 249.9 246.8 238.9 225 234.2 239.1 241.1 246.3 251.6 257.2 266 278.8 289.3 297.9 304.8 305 303.4 296 283.3 277.4 265 248.5 238.1 226.9 214.5 213.5 211.9 210.2 208.1 206 204.6 199.4 198.1 196.8 195.4 186.6 181.9 170.2 156.4 148.5 138.4 137.9 140.7 150.7 167.5 177.3 181.8 189.6 197.7 208.5 216.2 222.6 233 238.4 247.8 258.1 267.1 275.8 286.8 297.9 309.2 319.9 327.3 335 340.2 343.6
281.4 282.3 283.4 284.5 280.6 273.9 277.9 281.5 287.2 272.7 267.9 261.5 246.1 245.8 242 227.2 233.8 239.1 244.5 252.3 254.9 261 270.3 281.9 292.2 298.4 298.3 296.3 293.9 288.3 282.1 271.8 261.2 253.7 237.3 228 224.9 222.1 219.9 217.4 214 211.5 205 203.7 203.4 203.2 196.2 187.3 181.4 170.3 156.5 143 138 139.5 141.1 151.5 168.4 179 185.1 193.5 201.3 211.9 222.1 229.9 235.2 244.3 253.7 261.2 271 282.9 293.1 303.5 315.9 327.9 337.4 343.7 348.7 352.3
283.8 285.8 285.6 289.2 291.6 281.7 268.8 261.6 269 264.6 250.7 247.1 239.5 236.9 234.3 230.8 235.7 241.1 245.4 251 255.3 261.8 270.9 280.1 287.1 290.6 289.2 288.8 285.9 280.8 274.4 267.6 257.5 249.5 240.3 235.1 231.7 229.3 225.9 221.5 218.9 216.4 212.2 215.2 213.1 206.1 203.6 191.6 181.6 169.7 152.2 140.2 139 141.2 142.1 155.4 171.4 181.6 188.4 196 206.2 216.9 224 230.6 238.8 249.2 258.9 267.2 277 288 300.1 311.2 323.7 335.5 345.3 351.2 360.4 364.8
