public/OST50/NH48.asc
ncols 200
nrows 200
xllcorner 240000
yllcorner 880000
cellsize 50
[rows 105 to 139 of 200, columns 78 to 155 of 200]
302.2 297.8 301 303.8 308.4 316 324.8 334 341.9 349 363.9 376.1 383.1 394.7 403.7 411 415 419.4 424 431.2 438.2 447.7 457 463.8 469.4 472.1 474.8 477.6 480.5 482.1 482 482.2 482.6 482.4 482.8 488 493.6 497.6 502.8 505.7 503.7 506.9 510.3 512.9 511.2 505.9 492.7 474.6 451.2 430.2 402.6 369.1 332.5 301.2 280 267.1 260.2 259.4 259.1 262.9 271.5 287 308.1 334.4 356.1 375.2 376.6 357.9 338 333.5 338 338.5 349.5 359.2 373 384.9 396.3 408.1
311.5 314.1 318.5 319.6 325.5 334.6 343.7 356.6 369.1 380.6 392.4 402.9 411.4 417.1 422.7 429.5 440.5 448.6 452.7 459.1 465.9 473.8 480.1 484.2 488.1 488.3 491.1 492.2 494.2 493.8 491.4 490.6 489.2 493.2 500.4 503.5 505.7 509.4 513 512.8 511.5 511.3 509 505 498.3 488.8 473.6 453.9 432.6 410 381.4 348.7 321.4 293.6 275.3 263 260.8 261 263.8 268.1 280.9 299.7 325.3 353.6 381.7 402.5 399.4 385 358.2 352.4 353.8 350.3 361.5 373.1 385.5 397.4 408.4 418.7
323 329.4 329.6 337.2 347.9 360.6 367.9 378 395.5 406.8 418.1 425.3 430.6 437.3 442.1 454.8 467.6 475.4 481 484.3 489.1 494.7 498.9 502.8 504.2 503.2 505.3 504.3 503.2 501.9 498.6 501.3 504 509.8 512.8 514.1 514.1 515.7 516.9 514.6 512.1 507.8 501.1 493.5 482.8 469.3 452.8 435.3 417.4 390.9 365.6 335.9 308.1 287 267.7 261.4 261.7 262.8 265.5 275.5 292.3 314.9 344.1 382.2 408.7 426.9 420.5 396.8 373 368.6 369.4 359.7 376.2 387.2 398.8 409.9 422 432.7
339.9 349.8 356.8 360.7 378.1 387.7 399.6 406.9 422.2 432.1 442.9 451.9 460 466.7 473.2 481.8 492.6 499.7 503.8 507.1 509.9 514.5 516 517 516.2 514.9 516.1 514.3 514.2 516 519.5 520.1 520.2 522.2 520.9 520 518.5 517 514 510.5 505.5 494.8 485.9 474.9 461.7 444.9 431 414.3 390.8 365.7 340.4 319.8 299.8 275.5 263.8 261.9 262.4 265.5 271.2 287.3 307.8 335.5 371.2 407.9 439.4 441.9 430.8 404.1 390.5 385.1 385.1 375.3 388.5 402.2 413.2 423.9 436.3 445.9
365.4 374.1 387.1 396.6 408 417.8 429.9 439 447.8 461.2 473.8 482 491.2 498 503.5 508.3 514.8 519.1 521 523.4 527.5 528.6 529.7 528.8 530.5 530.8 529.6 534.4 534.6 535.5 532.8 530.3 526.2 523.4 520.1 517.7 515.1 512 507 499.7 488.7 478.6 465.6 451.6 436.7 420.6 403.5 386.2 366.6 344.8 325.7 305.5 288.3 270.8 262.7 263.3 265.8 270.3 281.9 300.3 325.7 352.2 391.2 429 460.8 457.1 445.4 416.2 406.4 400.8 398 391.4 400.2 414.5 429.1 438.9 450.7 461.5
403.8 410.9 422.9 434.5 441.3 452.3 461.3 466.1 473.5 486.9 499 510.2 516.4 522 526.9 528.8 532.3 536.6 540.1 543.1 545.4 545.9 542.6 542 550.6 552.6 550.9 549.3 552.1 541.7 535.2 528.7 522.5 516.8 510.5 504.5 501.4 496.2 492.1 482 469.7 456.2 441.5 427.4 412.5 397.5 383 366.8 346.5 328.3 308.8 292.7 277.5 268.1 264.8 263.6 268.5 279.3 295.3 316.4 341.9 373.8 412.3 448.9 475.8 476.6 461.1 435.2 419.4 416.1 412.5 406.6 416.5 428.8 438.6 447.7 460.4 473.4
443.1 448.1 457.4 464.8 470.9 480.2 484.3 490.5 498.1 508.2 520.3 530.1 535.6 540.1 543.7 547.1 551.3 555.6 558.3 558.7 559.8 560.4 561 562.6 569 566.3 560.9 556.1 547 536.9 527.4 516.6 508.9 501 490.1 484 479.6 476.5 469.3 456.6 442.5 430.1 417.2 406.5 394.3 380.8 364 344.6 327.8 308.3 293 280.5 270.7 267.1 264.6 264.3 276.5 288.2 308.2 332.4 359.1 392.8 436.3 464.8 483.1 486.2 470.3 449.5 433.7 431.8 425.8 424 425.3 436.5 445.7 457.8 471.4 486
474.2 478 482.7 491.3 497.5 503 506.7 514.6 520.4 530.6 540.1 546.9 552.9 557.3 561 564.1 567.8 571.6 573.3 572.8 571.8 571.6 572.5 573.5 572.7 568.9 561.4 553.5 542.1 526.4 515.3 504.7 493.2 484 473.8 463.3 455.3 449 441 432.9 421.3 411.8 400.6 388.3 375 359.5 343.5 325 307.6 297 287.5 274.9 266.4 266.2 265.5 270.8 282.3 299.5 322 348.3 378.1 409.2 449.2 478.4 488.3 485.7 472.8 456.4 446.5 441.3 437.1 437.1 438.5 443.7 455.7 468.1 483.3 498.7
496.6 500.2 503.4 511.1 518.5 521 530.9 535.3 539.2 548.6 556.1 562.7 568 572.6 576.3 578.7 581.8 582.4 581.6 579.9 578.4 575.9 573.4 570.6 564.4 556.6 549.3 538.7 526.8 509.4 496 482.6 473 463.7 451.3 441.6 435.2 429 421.5 412.5 403 392.5 381.7 370 354.5 336.9 323.1 311.2 299.5 287.9 275.4 267.8 267.6 266.5 269.4 278.3 292.5 312.3 337.4 366 396.8 428.5 463.1 486.3 495.7 492.5 475.5 463.1 455.5 448.7 446.2 445.9 448.7 454.1 465.2 478.9 496.3 513.1
514.9 515.2 521.3 528.5 538.6 542 548.9 555.1 558.3 567.8 571.5 577.6 581.8 584.7 587.1 587.9 589.5 587 582.9 578.8 573.4 570 563.7 555.3 546.6 535.5 526.1 514.9 500.9 485.5 470.5 461.3 451.1 442.6 431.4 423.6 417.4 410.5 403.2 395.1 386 375.3 363 347.6 332.9 320.7 310.8 300 290.2 280.1 272.7 268.8 267.3 270.1 276.1 289.9 304.3 327.2 354.2 382.8 415.6 447 477.6 494.6 500.5 495.2 480.1 471.4 463 453.8 454.4 454.9 457.3 465.5 477.6 493.6 509.2 528.9
532.3 533 540.2 546.5 553.8 560.5 569.1 572.2 574.9 580.5 587.2 592.1 593.2 593.9 592.3 588.9 585.4 579.7 572.1 566.3 559.2 551.4 542.6 535.9 525.9 513.5 499.7 488.1 475 461.1 447.7 439.5 432.3 423.2 415.7 407.6 396.7 392.3 384.9 376.6 368.4 356.6 343.1 328.9 317.3 307.4 301.3 291.4 282 275.9 272 269.4 268.8 274 285.9 299.1 318.8 342.1 370 399.4 431.1 462.4 487 498.6 500.5 498.7 490.9 481.7 475.2 472.4 468.9 470.8 472.2 479 491.6 506.5 524.7 550.1
547.7 552.1 557.6 563.7 570.8 576.1 584.6 589.4 587.6 595.4 601.5 600.3 600.6 594.9 587.4 580.8 573.1 564.1 553.2 544.4 537.2 527.2 518.8 509.5 498.8 486.7 473.6 461.6 449.5 440 429.7 420.9 412.7 404.4 397 388.7 381.7 373.6 365.9 356.5 348 337 325.8 315.8 306.7 299.5 293.2 285.9 276.9 271.4 271 269.4 271 280.1 296.9 312.1 333.2 357.8 386.7 415.6 446.3 476.1 496 503 505.7 505 501.6 496.7 490.7 487.3 486.7 487.7 489.2 497.7 507.5 525 542.8 566.1
563 568.2 572.8 580.7 586.7 593 599 603.9 604.1 603.9 603.6 598.3 591.5 584.5 574.6 563.9 552.8 541.4 531.5 521.5 511.3 502.9 493 483.5 474.4 460.8 449.3 440.2 431.8 423.4 413.9 404.9 394.4 385.1 378.8 374.1 366.7 357.5 350.9 342.2 329.8 322.1 313.6 307.1 299.9 293.5 285.8 280.6 275.2 271.2 271.2 274.5 278.3 289.9 308.4 327.5 349.6 375.5 404 432.7 462.9 488.5 504.7 512.9 516.6 516.5 514 510 507.2 505.9 506.4 511.3 516.4 524.6 530 540.5 558 575.4
578.1 583.3 588.6 596.2 602.1 609.1 613.8 613.5 609.8 601.7 593.9 586.7 578.7 568.4 555.5 542.3 533.1 521.6 508.6 495.4 486.5 476.3 467.7 460.9 451.3 440.4 430.1 421.3 413.2 405.8 396.3 385.4 375.6 371.9 366.5 360 354.3 346.3 339.2 333.2 324.4 313.5 304.6 299.8 294.4 286.6 281.9 276.8 273.9 272.6 273 278.2 285.1 302.9 321.6 343.8 366 392.5 420.7 451.7 479.1 499.9 515.9 526.1 533.4 532.2 528.9 527.2 526.8 527.3 531.3 536.8 543.3 547.8 553.6 557 572.8 587.8
593.5 600.2 606.8 614.1 620.9 620.9 618.6 614.5 605.9 594.1 582.6 571 559.8 544.5 531.8 520 506.4 495.2 484.7 473.5 463.7 455 446.3 437.6 427.4 418.8 411.6 403.1 394.3 387.3 378 366.9 361.1 357 352.8 347.5 341.5 334.6 327.2 321.2 313.1 304.7 298.8 294.3 288 284.2 278.9 276.3 274.2 273.6 276.8 282.1 294.2 318.5 338.6 361.5 384.4 413.4 441.2 468.6 491.8 508.5 526.7 541.4 551.4 551.4 550.2 548.5 552.3 554.7 560 565.3 569.3 572.3 573.3 576.8 586.7 601.3
610.4 614.4 628.9 634.4 635 629.1 620 605.5 592.6 577.3 562.7 547.4 534.9 520.2 510.9 498.4 485.5 473.8 462.5 452.5 443.6 435 426.4 418 409.8 401.9 393.8 385.4 376.7 370.9 364.4 356.1 346.5 342.4 338.4 332.5 322.6 322.5 316.4 310.5 302.3 299.2 293.3 287.3 279.5 279.6 277.3 275.5 276.2 277.2 280.8 290.1 309.6 331.5 358 380.4 404.3 431.3 457.3 483.5 502.2 522.8 541.5 559.8 570.1 574.1 569.5 570.3 573.1 579.9 589.7 596.4 598.7 596 594.4 597.3 602.9 616.2
626.5 635.4 643.2 639 631.7 619.4 604.3 589.7 573.1 559.6 544.8 528.8 516.5 502.9 491.9 477.8 466.2 455.3 445.6 435.3 426.3 415.2 407.7 400.3 392.1 383.2 375.5 367.3 359.8 353.4 348.5 342.9 336.1 330.5 326.7 319.8 316.9 312.7 309.6 302.7 297.8 290.2 284.6 281.9 280.8 278.4 279.1 281.7 280 283.3 289.6 300.7 322.2 346.5 373.5 397.4 423.6 450.7 474.6 496.8 516.2 536.4 554 572.1 584.3 586.2 587.4 594.7 598.4 605 614.7 620.3 623.7 627.6 621 619.7 624.4 635.8
637 639.5 639.7 633.3 625 609.9 593.9 575.5 556.6 542.5 525.3 511.6 497.8 484.9 471 459 448.5 436.8 425.7 416.1 408.1 398.5 389.4 380.3 374.3 365 357.8 352.7 348.7 338.6 333.2 328.7 322.5 315 311.8 311.1 308.7 303.9 302.2 301.4 292.9 287.8 283.6 284.9 282.6 282.7 281.9 286.3 287.9 293.6 300.8 314.5 339.4 366.9 389.9 415.1 442.2 467.5 489 510 530.1 550.4 570 588.3 599.2 607.9 614.4 620.3 625.2 630.5 639.3 646.8 652.5 652.1 650.8 646 646.6 654.7
640.2 633.3 628.1 618.3 604.9 592 575.5 555.3 540.6 522.9 505.6 490.8 477.2 463.4 452.5 441.3 429 416.6 406.8 397.9 389.5 380.8 372.6 365.9 359.1 352.3 345.5 341.3 332.1 327.6 322.4 314.4 313.8 310.4 304.1 302.6 296.9 294.5 290.2 289.9 288.5 287.1 290.2 288.7 288.9 288.2 289.5 290.6 296 303.4 316.7 333.9 354 379.1 405.6 430.7 456.5 479.9 500.2 522.2 542.8 563.9 584.1 602.9 612.2 626.4 637.7 645.1 648.4 654.1 661.5 667.7 675.5 679.7 677.7 672.1 669 672.2
633.5 621.7 614 598.8 581.3 568.9 552.5 537.6 526.2 506.1 488.6 471 457.1 447.5 434.5 425.3 413.2 402.4 393.2 385.2 376.4 368.8 363.1 358.4 351.2 343.1 333.4 332.4 325 317.6 315.6 309.3 306.7 306.6 297.5 294.7 293 293.7 293.1 291.4 291.2 289.9 293.8 294.3 290.9 291 292.9 298 305 311.4 326.6 345.4 367.7 392.3 416.2 440.8 464.1 486.3 506 528.3 549.4 570.8 590.4 607.7 625.2 643.6 656.4 666.6 671.5 676.4 681.4 689.6 693.4 697.6 699.2 694.2 691 691.1
621.3 606.7 594.6 579.4 563.9 551.1 533.5 520.8 503.1 483.7 465.8 452.3 439.4 429.8 421.6 409.1 398.5 388.4 381.3 373.4 366.9 360.3 357.4 348.9 345.6 336.5 327.9 327 317.3 310.1 310 302.6 299 296.6 297.5 296.3 299 303 307.3 308.6 303.1 298.2 297.3 301.1 296.7 298.2 300.5 311.5 315 323.6 334.8 354.1 377 400.6 421.7 444.3 467.3 491.4 505.8 525.6 549.2 572.9 591.7 612.1 635.7 652 667.8 681.7 690.4 698.4 707.1 710.9 714.1 718 716.3 712.4 708.7 705.9
601.2 584.9 575.9 557.6 541.7 529.5 513 496.6 479.2 461.5 447.3 435.9 425.6 415.7 406.2 395.4 384.3 380 370.2 360.5 359.6 356.4 349.1 342.9 333.5 329.7 323.9 319.9 313.8 305.9 302.1 300 301.6 304.1 304.5 304.8 314.5 320.3 324.5 328.5 326.5 321.1 317.6 312.9 307.8 310.4 314.6 321.7 328.2 335.7 347.7 362.8 384.7 404.4 425.6 447.9 468.8 489.7 505.5 529.5 554 576.3 595.3 619.9 639.8 656.9 677.8 691.3 704.7 717.2 722.9 729.7 733.5 734.1 734.1 727.2 723.8 721.4
578.9 563.8 546.2 530.2 519.8 503.7 487.3 474.5 458.6 444.2 431.6 420.9 411.8 402.8 392.8 384.6 376 366.1 359 353.4 349 349.4 342.7 339.9 323.7 319.4 316.5 314.7 308.4 304.6 306 310.4 318.9 323.9 325.1 330.8 337.2 339.8 344.2 348.5 348 341.2 334.6 328.5 319.1 320.9 328.6 338.2 342.4 350.1 357.6 369.5 391.1 410.9 429.8 450.6 471.6 492 514.3 535.7 559.8 581.3 601.8 625.7 644.3 661.9 684.2 701.1 720.5 734.5 744.1 750.9 755.9 754.9 751.6 745.1 737.9 737.9
542.9 528.3 517.5 506.5 492.5 475.8 463.9 454.5 444.9 429.5 418.7 411.5 402 392.7 381.2 374.1 363.4 357.2 353.2 345.1 346.8 346.3 339.5 338.9 324.7 315.9 308 306.7 308.5 313.6 322.1 334.9 348.6 353.2 353.6 361.5 365 370.9 372.4 374 370.6 364.4 360.8 355.4 345 338.7 346.1 356.3 356 364 361.5 375.2 396.6 414.1 432.8 454.4 475.8 496.8 519.7 543.9 566.4 589.7 611.1 630 652.2 671.2 689.2 710.2 727.6 743.7 756.8 766.9 769.7 768.5 768.5 764.3 757.2 753.2
511 501.3 494.1 480.9 466.8 455.8 444.4 435.1 428.3 415 407.4 400.2 395.6 383.5 371.6 362.5 356 352 346.8 341.6 345.8 335.1 332.7 329 315.6 310.4 309.4 313.9 322.8 337.8 349.3 364.8 379.3 383.8 388.6 398.5 399.6 406 407 400.7 395.6 393.9 391.8 385.3 375 367.4 366.5 372.7 370.9 375.6 371.3 378.7 398.8 418.2 437.5 455.6 479.8 503.1 527.2 554.7 574.6 599.9 618.8 638.5 659.6 680.3 698.9 718.2 737.4 752 766.9 775.9 782.6 788.2 783.6 777 769.7 763.3
493.4 481.3 471.4 459.3 447 436 427.1 421.3 414.5 401.8 390.6 386.9 385.4 371.9 358.1 353.1 348.8 346.4 338.4 336.5 333.7 327.6 321.4 315.9 311.9 311.8 315.4 328.9 344.1 366.9 385 402.4 420.5 426.4 425 433.3 435.5 436 440.4 432.7 425.2 424.3 420.1 422.5 409.6 399.4 391.1 387.9 383.5 384.4 378.8 382 400.1 419.1 439.9 457.3 480 506.8 535.7 563.2 585.7 605.9 626.3 649.7 668.7 690.8 709 729.6 746.1 765.6 778.6 791.5 802.5 804.5 793.2 784.7 777.2 769.1
472.4 463.4 451.8 439.5 429.6 420.1 413.4 407.2 400.8 390.3 378.9 377.6 366.2 359.8 353.8 349.5 342.4 338.3 334 331.2 327.6 323.8 318.3 314.5 321 327 336.2 353.9 372.8 394.8 426.3 444.4 458.7 465.1 463.4 468.8 472.4 470 471.7 470.5 469.4 464.9 461.5 455 445 429.9 415.5 407.6 397.6 391 387.6 386.4 405.7 423.7 444.3 460.5 481.7 512.8 542.6 570.3 593.2 614.8 639.5 661.7 680.3 703.9 721.6 741.8 763.2 780.3 795.7 811 819.9 811.5 798.2 788.4 779.3 770.3
455.6 444.2 433.3 423.1 414.8 404.8 397 389.2 384.8 375.6 370.9 368.9 359.5 352.6 349.2 343.8 339.8 334.8 330.1 324.2 322.5 322.7 321.6 326.3 333.4 341.3 359.5 381.6 404.9 428.6 450.8 471.6 485.8 490.1 494.5 500.9 518.8 513.1 512.6 514.3 518.6 517.7 510.2 496.5 488.4 457.8 437.1 421.4 412.8 401.8 398.9 394.4 412.9 428.2 450.4 465.2 486.1 520.2 552.5 578.8 600.9 625.7 650.5 670.6 688.5 715.4 734.1 753.4 774.9 792.4 810.5 825.3 826.7 812.3 797 786.9 776.2 767.6
436.5 425.9 416.6 408 400.6 392.4 385.8 378.3 371.3 366.1 362.3 359.6 351.5 345.8 340.6 339.4 335.9 329.7 329.7 328.2 328.4 328.3 330.3 334.2 345.6 360.7 381.2 408.7 429.9 452.9 477 495.5 510.3 520 526.4 533.9 550.1 554 559.3 558.9 560.8 556.9 549.2 527.8 501.6 470.7 448.2 438 424.7 414.5 411.8 405.8 420.7 435 455.9 470.8 494.6 529 560.2 584.7 610.5 636.4 657.9 676.4 699.2 724.9 747.5 767.2 788.2 804.6 821.9 826.6 816.9 804.2 790 779.5 768.5 759.2
416 411.9 402.6 395.3 388.6 379.7 373 370.2 365.4 362.6 358.4 352.9 345.8 342.1 337.1 334.8 334.5 337.3 333.5 333 336.2 340.5 348.7 350.9 369.7 382.8 404.1 429.6 452.4 474.2 498.7 517 531.3 542.1 549.9 562.3 571.8 578.2 583.2 583.8 577.2 568.5 554.3 528.8 506.5 474.8 461.4 449.1 438.6 427.7 420.6 414.8 425.4 442.4 459.7 479.5 504.9 538.2 568.5 592.2 617.1 643.7 661.4 685.7 707.4 736.5 756.8 776.1 794.3 812.1 825.6 821.6 808.1 792.9 779 764.9 755.7 749.5
397.4 392.3 383.3 378 370.5 366.6 363.3 361.9 361.8 356.7 352.5 346.6 345.4 344.2 346.5 346 339.3 338.1 337 342.7 347.2 350.3 365 371.4 393.5 407.7 419.9 441.4 458.5 478.7 505.3 527.2 540.4 554.1 565.7 577.6 586.3 593.4 600.6 600.4 586.8 572.3 557.2 534.4 511.5 487.3 470.1 457.3 447.3 438.4 430.8 428.6 436 447.6 466.2 488.3 516.4 547.3 575.8 599.8 625.7 646.5 671.9 693.8 717.6 741.5 764.3 778.4 795.3 809 816.3 808.6 797.6 779.5 764 754.2 747.3 739.1
402.6 393.9 390.9 382.6 375.4 369.7 364.4 358.9 354.8 351.6 350.4 352.4 356.3 354.9 352 350.2 346.1 343.2 344.9 354 361.8 369.3 380.9 391.7 411.6 434 439.8 455.6 471.6 488.4 512.4 534.3 549.1 561.8 576 587.1 596.4 603.8 607.1 604.2 591.5 575.3 559.6 539.9 514.7 491.3 478.3 464.6 453.9 447.3 441.7 443.1 440.1 453 474.6 494.8 525 556.6 585.4 610 634.4 652.7 674.9 697.7 722 746.4 762.7 777.6 790.9 803.1 803.5 797.4 784.1 767.1 751.1 742.6 732.5 729.7
410.6 408 402.8 390.7 384.7 377.8 369.8 363.8 360.4 359.4 360.1 362.6 362.3 363 361.1 359.1 359.5 361.9 362.6 368.6 380.2 388.2 399.8 413.7 426.9 441.9 456.5 469.3 484.9 500.7 522.3 539.9 555.1 570 583.5 594.6 603.3 610.3 611 603.5 592 573.6 560.5 543.9 519.9 497.8 483 472.6 465.4 456.6 451 452.3 449.8 462.5 481.9 504.8 535.6 564.8 594.8 617.4 638.8 657.9 681.1 704.6 721.8 743.6 760.3 771.7 783.7 792.8 792.5 783.4 771.6 756.5 740.6 729.2 722.2 719.1
419.4 416.7 412 403.9 394.3 386.8 378.6 371 371.8 371.1 367.2 368.2 368.8 371.2 371.9 371.4 376.5 382.8 384.4 390 398.8 409.5 418.3 433.8 442.9 454.4 474 481.6 496 511.8 530.5 546.3 563.7 577.1 590.4 601.5 610.6 616.5 615.1 606.2 592.6 575.3 560.8 545.3 522.2 501.9 492.8 481.7 474.8 471 467.4 469.5 470.1 472.5 491.9 512.5 543.5 573.7 599.8 622.2 645.6 663.2 683.5 702.7 720.5 738.5 754.4 763.7 772.3 778.8 778 771.3 760.6 746.8 729 714.5 707.5 706.7
432.8 431.7 427.9 420.9 412.1 401.4 389.6 384.4 383.4 382 380.6 378.7 381 384.1 389 389.7 395 401.7 406.9 410.5 419.3 433.3 442.7 450.6 460.8 471.8 485.2 497.1 505.5 522 538.6 556.5 571.1 584 596.2 608.1 616.5 621.7 620.3 610.8 595.4 581.2 566.7 551 529.7 511.3 502.6 491.8 487.2 483 479 486.5 489.1 490 504.5 525.9 552 579.3 605.2 629.5 651.2 669.8 687.9 701.5 716.2 731.2 746.5 754.3 762.5 766.6 768.8 762.9 749.9 732.5 711.4 695.4 691.8 690.8
