public/OST50/NH49.asc
ncols 200
nrows 200
xllcorner 240000
yllcorner 890000
cellsize 50
[rows 35 to 69 of 200, columns 0 to 77 of 200]
322.3 324.6 325.3 325.3 325.6 326.3 327.3 327.4 326.8 324.9 322 318 314.4 311.3 305.8 299.9 294.4 289.5 284.8 282.3 277.2 273.5 266.9 263.5 261.6 259.3 256.7 252.8 246.6 248.6 248.4 245.4 246.9 246.2 247.3 247.7 245 247.5 248.7 247.1 247.4 247.8 250.4 247.9 254.4 256.4 263.8 266 266.3 265.7 265.3 265.6 265.1 262.6 264.3 260.7 261.9 261.7 261.5 258.7 259.9 261.3 259 259.8 259.3 258.2 257.5 260.3 260 260.4 260 260.8 260.9 262.1 261.9 263.6 264.7 264
326.8 329.8 329.7 330 330.2 330.6 330.4 329.7 328.1 325.9 323 318.8 314.6 309.7 304.9 299.1 292.7 286.7 283.2 280.9 277.1 272.1 265.6 264.7 263 256.9 259.5 255.9 254.7 255 253.5 253.1 252.7 252.3 254.8 255.2 253.8 254.8 254.7 253.2 254.9 255.5 257 257.6 261.2 265.2 268.9 272.4 273.1 272.7 273.7 274.2 273.6 273.1 274.2 272.2 270.9 270.3 269.6 268.2 270.4 269.3 268.7 268.2 266.8 267.3 265.9 267.5 269 269.5 269.5 269.3 270.7 272 272.9 273.3 273.8 273.1
329.9 331.8 332.3 333.7 333.8 334.4 334.2 332.7 330.6 328.4 324 319.3 314.1 308.4 304.3 298.2 291.9 285.3 281.9 280 275.9 271 267.4 267 264.6 261.1 262.5 261.7 261.1 260.9 260 259.2 260.3 259.3 261.8 262.8 259.1 261.9 263.4 261.7 262.9 263.8 264.9 264.3 268.6 273.3 274 279.4 279.4 279.5 280.4 281.7 280.9 280.8 280.3 279.5 278.3 277.7 278 277 278.6 278.2 278.5 279.7 278.3 276.5 274.4 276.9 274.7 276.6 277 278.2 279.9 281.2 281.8 282.4 282.5 281.6
330.9 333.7 335.5 337.5 338.8 339.4 338.8 337.7 336.2 334.4 329.1 322.2 317.8 313.1 307.7 301.8 295.5 288.1 282.6 279.3 274.1 270.6 270.2 269.4 263.9 268.3 267.1 266.7 266.8 267 266.4 265 266 267 268.6 268.7 267 268.4 267.6 269 270.4 272.3 271.8 273.5 275.6 278.2 281.5 284.2 285.9 287.3 288.9 290.2 290.1 289.3 287.6 286.3 288 289 288.4 287 289.7 289.4 289.5 291.1 290.5 288.4 288.1 289.2 287.8 284.9 284.4 285.9 288.5 289.5 290.1 290.7 289.6 288.6
330.9 335.1 338 340 341.8 343.2 343.2 342.1 340.4 338.3 333.9 326.9 323.3 319 313.3 308.3 302 295.1 287 283.5 276.4 275 274.2 270.2 271.5 271.9 271.9 271.6 271.7 271.7 272.3 271.4 272.9 273.3 275.3 274.7 273.6 274 275.8 273.6 274.4 279.9 279.4 280.7 281.7 285.1 286.7 289.7 293.3 295 296.7 297.8 298.1 297.8 296.4 296.1 299.2 300.2 300.1 299.8 301.7 302.2 303.8 304.1 303.4 302.4 301.5 302.1 301.1 299.8 298.3 296 297.4 297.8 297.8 297.8 297.3 293.3
342 341.8 342.8 343.8 345.4 347.2 347.5 345.6 343.3 340.4 337 331.2 327.7 324.7 319.2 313.2 307.3 301.2 294.9 288.7 282.1 280.4 277.2 277.2 275.1 276.4 276.5 276.4 276.3 276.2 277.2 276.4 278 278.6 279.1 279.5 279.9 280.1 280.5 280 281.2 283.2 284.7 286.5 287.9 289.9 293.6 295.5 298.2 300.9 303.1 304.2 305.9 305.5 302.6 304 307.4 309.7 310 312 313.8 316.2 318.6 317.4 317.5 317.6 315.6 314.9 314 312.6 311.8 310.6 308.6 308.4 306.5 305.3 303.4 301.5
355.1 354.5 354 352.4 353.3 354.2 353.7 350.6 345.8 343.3 339.8 335.5 330.2 325.6 321.1 316 310.7 304.8 299.1 294 288.5 284.8 281.6 279.1 279.6 279.9 280.2 280.9 280.9 280.8 281.1 280.6 282 282.3 282.7 282.8 283.6 284.3 285.4 285.9 286.8 288.4 290.3 292 294 294.9 297.8 300.6 303.1 305.7 308.2 310.3 312.2 312.3 311.3 312.3 315.3 318.2 320.2 322.9 325.2 326.5 328.8 328.6 330.1 329 327.3 327.7 326.4 325.7 325.1 322.4 320.2 319 317.4 315 313.4 312.3
367.6 365.3 363.2 363.6 365.3 364.1 361.7 358.2 354.2 349.7 344 338.2 332.7 326.7 321 316.5 312.2 307 301.4 296.7 291.5 287.3 282 283.8 283.1 282.2 282.9 283.5 284.1 283.8 283.7 283.5 285.2 285.7 286.3 286.5 287.4 289.1 288.9 289.8 291.8 293.4 295.5 297.8 300.4 301.1 302.7 305 306.2 310.1 312.4 314.6 316.7 317.7 318.9 320.1 321.9 325.4 328.1 331.7 334.7 336.1 338.6 340.4 342.5 343.2 341.8 342.1 340.6 339.2 338.2 335.6 333.1 331.7 329.7 327.2 325.5 322.8
374.7 372.6 373.1 374.6 374.2 372.6 368.8 365.6 363.4 359.4 352.4 346 339.2 331.5 324.9 319 313.1 307.5 302.6 297.6 292.9 288.3 286.4 286.5 285.4 285.3 285.6 285.9 286.1 286.2 286.3 286.5 288.2 289.3 289.8 290.2 291.2 292.9 293.2 293.5 295.5 297.4 299.3 301.3 303.8 305.9 307 309.6 311.2 312.8 315.4 318.1 320.7 323 325.6 326.8 329.6 332 335.1 337.8 340.7 343.6 346.2 349.9 352.9 356.2 357.9 357.7 356.5 355.1 354.5 351.6 347.9 345.2 343 340.1 336.1 332.4
379.5 377.4 375.7 375.5 374.8 374.6 375.3 376.2 372.6 366.3 358.5 350.5 341 333.4 326.7 320.1 313.1 307.4 302.5 297 293.2 290.1 288.8 288.6 288 288.1 288.5 288.7 288.5 288.9 289.3 289.8 291.4 292.8 293.3 293.6 293.8 296.1 296.2 297.8 299.4 301.3 303.1 305 306.9 308.7 310.3 312.2 315.2 316.7 319.5 322.8 325.2 327.7 330.3 332.1 334.9 337.9 340.8 343.5 346.3 349.2 352.9 357 361.6 366.5 369.1 370.1 369.3 367.8 365.5 363 360.6 357.4 353.9 350.7 347.4 343.1
385.4 382.7 377.5 374.5 372.7 371.6 373.8 373.5 367.3 358.3 351.3 345.1 338.3 330.4 323.9 317.7 310.3 305.8 300.5 295.2 293.9 292 292.3 291.9 291.1 291.2 291.3 291.6 291.8 291.8 292.4 293.2 294.8 296.2 296.5 296.6 296.9 298.4 300.4 301.9 303.3 305.2 307 309.2 310.5 311.6 313.2 315.2 318.3 321.7 322.4 325.9 329.5 332.6 335.2 337.3 340.1 343.5 346.6 349.2 352 355.5 360.1 365.3 370.6 376 380.5 382.1 382.2 381.1 378 375 371.5 366.9 362.4 358.9 355.5 352.2
382.2 381.3 376.7 373.1 370.7 367.6 363.2 359.9 354.5 348.8 345 339.7 333.6 327.7 320.4 314.8 309.4 305.9 301 299.9 296.1 294 294.1 293.9 293.8 294.1 294.3 294.5 294.6 295 295.8 297.3 297.9 299.9 300 299.8 301.2 302.4 304.3 306.6 307.7 309.2 311.2 313.3 314.5 315.1 317.1 318.8 321.9 325.7 325.4 329.3 333.8 337.8 340.4 342.7 345 349 352.3 355.1 359 363 367.8 374 380.2 386.4 391.4 394.2 394.6 393.3 390.4 385.1 380.8 376.3 371.8 367.7 364 360.2
376.1 377.2 373.3 371.8 369 364.2 358.3 351.4 345.2 341.9 339.1 334.2 328.6 322.1 320.3 317.4 313 309.5 305.1 301.8 297.9 297.5 297.2 297.2 297.6 298.1 298.9 299.2 299 299.2 300.2 300.9 301.8 303.8 304.8 305.1 306.2 307.5 308.9 310.6 312.4 313.4 315.5 316.8 317.9 318.5 320.9 322.5 324.5 328.5 328.9 333 337.2 341.7 345.1 347.4 349.9 353.3 355.9 360.8 365.8 370.1 375.4 382.3 389.5 396.5 402.7 406 406.1 404.3 400.8 396.7 392.3 387.4 382.5 378 373.8 369.7
368.5 370.2 368.3 363.5 361.7 357.3 350.8 345.9 341.6 338.7 336 331.2 327.5 325.8 323 319.5 315.9 312.4 308.3 305.4 303.6 302.2 301.8 301.5 301.4 302.6 303.6 304 304 304.5 305.1 306.2 307.2 308.1 309.8 310.3 310.5 311.5 312.7 314.5 316.7 318.1 318.9 320.2 321.3 322.2 322.7 325.8 326.3 330.4 332 334.2 339.3 343.2 346.9 350.3 352.5 355.7 361.1 366.1 371.6 377.4 383.4 390.7 399.1 406.9 412.3 415.3 416 415.3 412.7 409.9 405.8 400.6 394.8 390.8 386.1 382.2
364.1 361.4 359.8 356.5 352.3 348.5 346.3 342.4 339.5 337.5 336.2 334.1 331.5 329.3 326.3 322.2 318.8 315.9 312.3 309.5 308.6 307.5 307.7 307.7 307.2 307.1 308.2 308.5 308.2 308.6 308.8 310.4 311.6 312 313.9 314 314.1 315 316.6 318.7 320.2 321 321.7 323 324.3 325.4 326.5 327.8 328.2 332.8 336 339.9 341.8 345.1 349.2 352.6 356.2 361 363.8 371.7 376.3 383.6 391.8 400.4 408.3 414.8 421.1 425.4 427.3 426.9 424.6 421 416.6 411.1 405.2 399.3 393.8 388.7
358 355.9 352 349.4 345.8 344.6 343.5 341.8 340.5 340 340.1 338.3 335.6 332.8 330 326.3 322.6 318.9 316.5 314.4 313.4 313.3 313.3 313.3 312.3 312.3 312.7 312.5 312.3 312.4 312.3 313.9 314.5 315 316.6 317.4 317.3 318.5 319.6 321.2 322.5 322.8 323.9 325.4 326.9 328.2 328.5 329 331.2 335.5 339 342.3 344.6 346.5 351.1 355.4 360.2 364.4 369.4 374.5 381.8 388.5 397.6 406 414.1 421.5 427.9 432 433.1 432.4 430.3 426.8 421.7 415.7 410.1 405.7 399.9 394.2
346.9 348.6 345.8 342.5 341.3 343.1 343.6 343.8 344 343.7 343.7 342.1 339.4 336.6 333.9 330.2 326.5 325 323.4 320.9 319.8 318.9 319.2 318.4 317.4 317.1 317 316.7 315.8 315.9 316.2 317.9 319 319.3 319.9 321.3 321 321.3 322.2 324.2 324.8 325.7 326.6 328 329.5 330.9 332 333 334.9 337 340.5 344.8 347.3 349 350.5 356.3 361.5 365.5 372.4 377.1 384.4 391.7 399.5 407.6 416.5 425 431.6 434.8 435.1 434.1 431 426.6 421.7 416.9 412.5 408.1 404.4 400.2
335.7 339.8 340.7 338.2 338.8 341.3 343.9 346.2 347.8 347.3 346.7 345.8 343.8 341.5 338.9 335.4 332.6 331.1 329.3 326.8 325.3 324.6 323.5 323.2 322.2 321.8 321.3 320.8 320.1 320.7 321.4 322.4 323.7 324.2 323.7 325.1 326.2 325.6 326.1 327.2 328.1 329.1 330 331.3 332.5 333.5 334.2 335.3 337.1 338.7 342 346.2 349.3 350.9 355 358.8 362.7 368.4 373.8 378.8 386.5 393.1 399.4 405.5 412.8 420.5 427 430.5 432.3 431.9 429.9 426.4 422.5 418.3 414.7 410.5 407.1 405.9
327.3 329.6 332.6 334.7 337.2 340.8 344.6 348.3 349.7 350.1 349.4 348.8 348 346.7 344.3 341.4 338.7 336.8 334.8 332.4 330.3 329.2 328 327.5 326.6 326.6 327.1 326.4 325.5 326.3 327.3 327.5 328.3 328.9 328.6 329.5 330.4 330.7 330.9 331.6 332.3 333.1 333.7 334.5 335.4 336.4 337.3 337.9 339.1 341.5 344.2 347.6 351.9 353.2 359.3 362.3 366.6 371.7 378.5 383 389.5 395.5 400.6 405.5 410.6 418.2 425.9 430.1 430.9 431 428.4 425 421.9 419.3 417.7 415.6 414.8 413.5
321.1 323.8 329.9 335.1 337.9 341.9 346.1 349.5 351.4 352.3 352.2 351.7 351.1 350.4 348.7 346.3 344.3 341.9 340.2 338.1 336 335.1 334.8 334.9 332.4 331.7 332.3 332.1 331.9 332.7 332.6 332.4 332.9 333.4 333.9 334.5 335.4 336.1 335.7 336 336.6 337.2 337.8 338.6 339.4 340.3 341.2 342.1 343.3 345.5 346.6 350.8 356.7 357.4 362.6 366.8 373.7 379.1 382.6 387.7 393.7 397.9 402 406.4 412.7 420 426.4 429.5 430.5 431.2 430 427.4 424.4 422.3 420.8 420.1 420.2 419.4
316 321.7 326 333.5 337.6 341.6 346.3 350.7 352.6 353.9 354.7 354.6 354 353.5 352.2 350.1 349 347.9 345.5 344.8 343.4 342.3 342.3 340.5 337.9 337.1 337.6 337.6 337.5 337.7 337.7 337.5 337.7 338.1 338.4 339.1 340.2 340.3 340.1 340.2 340.8 341.4 341.9 342.7 343.6 344.4 345.3 346.2 347.7 349.6 350.4 355.5 361 363.8 366.5 371 379.3 381.5 387.5 393.8 398.1 402.7 407.4 413.4 419.4 425.2 429.3 431.6 432.4 432.4 431.6 429.1 426.5 425 423.4 422.5 422.8 423.6
314.9 319.5 325.2 331.1 335.5 341.4 346.7 351 353.6 355.1 356 356.9 356.7 356.6 356.5 355.4 354.2 352.9 351.1 350.3 349.4 348 347 345.3 343.2 342.3 343 342.8 342.4 342.4 342.3 342.1 341.7 341.8 342.2 342.9 343.9 344.6 344.5 344.5 344.9 345.8 346.7 347.4 347.8 348.7 349.7 351 352.5 353.6 357.5 360.4 364.4 368.4 372.7 376.8 383.6 385.5 392.6 397.8 403.8 410.6 416.1 421.8 427 430.8 434.2 436.2 437.9 436.5 434 431.1 427.6 425.5 424.3 424.1 426.5 429.5
313.4 318.4 323.8 329.1 334.7 341.1 346.8 350.9 354.5 356.3 357.6 358.5 360.1 361.1 361.4 360.5 359.5 358.4 356.9 355.9 355.1 353.7 352.2 350.7 348.3 348 348.4 348.2 347.3 346.9 346.5 346.3 345.7 345.5 345.9 346.8 347.7 348.5 348.6 348.7 349.9 350.7 351.6 352.4 353.2 354.2 355.5 356.1 356.4 359.4 363.4 366.3 365.6 373.9 379.4 383.3 387.2 392 397.4 403.1 410 416.8 423.1 428 433.1 436.4 439.6 443.1 443.9 442.3 438.6 433.7 431 428.8 429.3 431 434.1 437.6
311.1 316.7 322 326.8 333.6 340.4 346.4 350.4 353.9 356.7 358.7 360.8 363.2 365.5 366.1 365.8 364.9 364.6 363.5 362.1 360 358.4 357.2 356.9 353.3 353.5 353.5 354.3 352.8 352.3 351.2 350 349.7 349.6 349.8 351 351.9 352.6 353.3 354.2 355.2 356 356.7 357.6 358.2 360 360.5 361.3 361.8 364.3 368.8 371.8 372.2 378.9 383.3 388.2 392.5 397.1 403.4 409.7 415.4 421.8 428.1 433 439.6 443.2 446 450 450.8 449.7 445.9 440.8 437 435.1 437.5 440.7 445.3 449.4
308.5 314.3 319.2 325.2 332.2 339.7 344.5 349 353.4 356.2 359.2 362 364.4 366.5 368.3 368.3 368.3 369 369.5 368.6 366.3 364.5 363.9 361.8 360 359.3 359.2 361.2 359.5 357.6 355.7 354.6 354.6 354.4 354 354.1 355.6 356.4 357.3 358.7 359.7 361.1 362.3 362.9 363.7 365.6 366.4 367.2 368.1 370.9 373.8 376.6 381.7 385.6 389.4 394.4 398.5 403.2 409.5 416.1 421.7 427.2 433 440 447.7 453.9 458 462.5 464.2 462.5 457.7 453.2 447.9 444.9 447.5 452.3 455.5 458.8
305.9 311 316.8 323.3 330.1 337.5 342.4 346.5 351.1 355 358.3 360.4 362.8 365.3 367.7 369.1 369.5 370.5 371.3 371.7 370.8 369.7 369.1 368.2 367.7 366.7 365.9 366.3 364.7 362.8 360.7 359.6 359.3 359.1 357.8 357.1 358.7 359.8 360.8 362.6 364.3 365.8 367 368.1 369.8 370.6 372.4 373.9 375 376.3 380.7 384.9 389.1 392.6 396.4 401.6 405.4 410.7 415.9 422.2 427.7 433.3 439.2 446.7 455.1 463.8 469.7 477.5 479.7 477.7 473.4 468.7 465.6 462.6 463.8 466.2 467.4 469.5
302.7 309 315 321.1 326.8 332.8 339.5 343.4 346.9 351.2 354.6 357.4 359.9 363 365.4 367.3 369.2 371.1 371.9 373.2 375.4 376.3 374 373.5 375.1 375.6 374.1 372.1 370.1 368.3 365.9 363.8 362.3 361.8 360.9 360.1 361.6 363.2 364.6 366.7 368.6 370.5 371.8 373.3 374.9 376.2 378.8 380.8 382.2 384.9 387.9 392 396.4 400.9 405.2 409.8 415.3 420.4 425 429.4 434.7 440.5 445.8 452.8 461.9 471.7 477.2 481.1 486.5 490.5 487.5 484.7 481.9 479.4 478.9 479.7 481.2 480.9
300 307.5 313.6 319.8 325.1 329.3 333.7 338.5 342 345.9 350.2 353.6 356.7 359.3 361.5 363.6 366.7 369.9 372.1 374.8 377.9 376.8 375 375.9 382.2 383.7 381.5 378.8 376.3 373.3 370.3 368 366 364.1 363.4 364.4 364.5 368 370.8 371.6 372.6 373.8 376.1 378.4 380.3 381.8 384.6 387.5 389.6 392 395.1 398.1 403.5 408.5 413.1 419.2 424.5 430.1 435.5 440 444.3 449.2 453.5 459.2 467.6 476 482.8 487.4 490.3 491.1 491.1 488.4 486.2 483.8 483.1 484.7 488.4 489.2
298.3 305.9 312.3 318.1 322.3 326.1 329.7 334.2 337.8 341.4 344.6 348.6 351.9 354.7 357.4 359.6 361.9 365.6 368.9 370.1 371 370.6 371.6 375.2 379.2 383.2 380.9 378.8 376.5 374.7 375.3 371.1 368.4 367.8 368.1 368.6 368.9 372.6 373.5 374.2 375 377 380.3 383 385 387.2 390.4 393.6 395.8 398.2 400.7 403.5 408.4 414.8 420 427 432.6 438.8 445 450.3 454.2 458.2 461.5 465.4 470.7 477.6 483.5 488.1 490.1 488.9 484.8 481.4 479.5 477.2 476.1 478.9 483.8 487.5
296.1 303.4 310.3 315.1 319.3 322.5 325.8 330.3 334.2 338.2 340.5 343 346.1 348.9 351.6 353.4 355.4 358.4 360.7 361.3 362.1 363.4 367.3 372.2 375.3 377.5 375.1 373.6 371.8 371.9 372.3 370.1 370.5 373 373.5 373.6 374.1 373.8 374.6 375.1 375.6 378.5 382.6 386.1 388.1 391 394.9 398.2 401.7 404.2 406.3 409.6 413.9 420 426.8 433.3 439.2 445.3 451.9 458 462.5 467.4 470.8 473 475 476.8 479.4 481.3 482.6 481.8 478.5 474.5 471.4 468.2 465.9 463.8 472.7 475.3
294 300.7 306.2 311.1 315.3 318.3 321.5 325.8 330.4 335.1 338 339 340.3 343 344.8 345.8 347.4 349.4 350.6 352.2 353.9 356 360.7 366.6 370.5 371.1 369.2 367.6 366.8 367.2 366.6 366.9 369.2 371.6 373.3 373.9 374.2 374 374.5 375 375.5 378.4 382.4 386.8 390.1 393.1 398.2 402.3 405.8 409 411.6 416 420.2 426.6 432.2 438.5 444 449.9 456.5 463.7 470.4 475.1 478.6 479.5 478 477.6 477.5 477.1 477.4 476.8 473.7 469 462.6 458.1 455.3 451.3 458.6 464.4
290.7 296.2 301.1 306.1 310.2 313.4 316.5 321.1 325.6 330.3 334.5 335.1 335.3 336 337.8 338.3 338.9 340 343 345.3 347.7 349.5 350.7 355.4 361.6 363.4 361.9 361.1 362.5 362.4 361.9 364.6 367.8 371.6 372.3 372.5 372.8 372.5 372.3 373.9 375.2 378.7 383.5 386.2 390 393.7 398.3 403.1 407.1 412.5 417 421.6 426.6 431.5 436.6 441.3 446.1 450.9 457.5 464.7 472.2 479.4 483 482.5 479.9 477.3 476.9 474.3 474.6 474.2 470.4 465.2 458.5 451.9 447.3 443.8 447.1 453.8
285.4 290.3 295 299.5 303.6 308.5 311.6 316.1 319.6 322.7 327.3 330 329.9 330.4 330.9 331.8 332.7 333.6 335.6 338 339.4 340.8 342.2 348.4 351.3 352 353.3 354.4 355.4 356 359.3 364.3 367.1 367.9 368.7 370.1 370.9 370.9 370.7 371.8 376 379.6 382.8 385.5 390.5 394.3 396.9 400.9 407.6 414.5 420.4 426.2 430.3 434.3 437.8 442.2 446.2 449.3 455.1 461.1 467 476.6 482.3 481.1 478.7 477.2 476.5 472.4 469.1 468.2 465.8 460.5 453.4 446.1 441.5 439.3 438.7 443
278.6 284 288.4 292.5 296.3 301.6 306.7 310.3 313.4 316.4 319.3 323.2 324.4 324.7 325.1 326.4 327.4 328.3 328.6 329.1 330.7 332.6 334.3 337.7 341 343.2 345.6 347.7 349.6 351.3 356.8 361.2 361.7 362.6 364.6 367.9 369.4 368.3 368.2 371.2 375 377.3 380.6 385.6 391.4 394.4 396.7 400.6 410 418 423.8 429.1 433.6 437.5 440.9 443.6 446.3 449.6 454 458.4 462.6 466.6 470.5 473.3 474.3 472.7 470.4 468.4 465.3 461.9 459 454.5 449.3 444.6 439.1 436 432.5 433.9
271.1 275.6 280.2 284.2 288.4 294.1 299.5 303.4 306.9 309.7 312.3 315.6 318.6 320.3 321.1 321 321.9 322.6 322.8 323.6 324.6 326.2 328.7 332 334.8 337 339.8 343.5 345.6 346.8 350.4 354.2 355.6 356.5 360.2 362.7 363.9 363.9 366.1 370.8 373.5 375.2 380.9 385.8 388.6 393.2 398.9 405.3 415.4 422.5 429.9 435.6 439.2 442.5 444.4 446.4 448.5 450.3 454 456.7 459.2 461.9 463.4 463.8 464.6 465.2 464.9 463.1 459.9 456.1 452.2 447.7 443.3 439.8 436.4 433.9 432.5 432.5
