public/OST50/NH49.asc
ncols 200
nrows 200
xllcorner 240000
yllcorner 890000
cellsize 50
[rows 105 to 139 of 200, columns 78 to 155 of 200]
350.8 354 356.5 358.7 360.5 360 361 364.3 366.4 370.8 375 377.2 379.6 380 383.6 386.4 390.2 393.3 397.3 401.8 403.8 407.4 411.9 416.3 420.6 423.8 426.5 427.8 428.3 428.1 426.8 424.4 420.2 416.3 412.6 408.8 404.4 400.2 395.7 390.7 386.7 383.7 381.5 379.2 377.2 375.3 373.3 371.1 369.2 368.5 366.9 366.3 365.2 363.3 361.9 360.2 359.6 358.3 357.8 357.1 355.5 355.1 354.8 359.8 363.6 364.7 364.8 365 363.8 363.2 363.7 364.1 363.2 362.3 358.8 355.1 350 345.4
343.9 348.1 350.6 353.5 355.2 355.6 358.6 362.5 365.7 369.5 373.8 375.8 377.2 378 380.8 382.9 385 388.4 390.4 394.9 399 404.6 408.5 412.5 415.8 419.1 421.3 422.6 423.5 423.6 422.4 420.7 417.8 414.5 411.1 408.1 404.4 400.1 395.1 391.2 388.2 384.8 382.1 379.5 378 375.4 374.5 373.6 372.1 370.3 369 367.4 366.1 365.6 364 363.3 363.8 363.1 362.5 362.2 360.4 360.2 365.2 371.7 375.7 379.4 380.6 381.3 381.2 381 379.6 378.2 376 375 372.9 367.5 360.9 351.4
336.4 341 344.5 347.6 349 351.8 357 361.1 364.9 368.6 371.4 373.4 374.3 375.3 375.5 376.3 376.2 382.7 386.8 391.8 392.7 397.5 401.8 407 410.8 414.1 415.9 417.4 418.5 418.2 417.1 415.7 413.4 410.4 408 406.2 403.8 400.4 396.4 392.7 389.5 386.9 384.2 381.6 379.1 378.4 377.2 375.2 374.5 372.5 370.7 370.2 368.7 367.9 366.7 367.1 367.4 367.6 366.5 366.9 366.4 371.7 380 385.5 391.9 395.3 400.1 405 405.9 405.5 401.3 396.7 394.2 390.2 386.6 383.3 378.1 369.9
327.5 332.3 336.7 341.4 344.4 348.2 353.9 359.6 363.6 367.2 369.9 372.1 372.7 373 372.3 371.3 374 377.1 382.1 383.3 387.6 391.1 396.8 400.9 404.2 407 408.5 410 411.3 412.5 411.7 410.3 409.4 406.8 405.2 403.6 401.6 399.6 396.1 393.4 390.7 388.2 386.5 383.9 381.5 379.6 378.7 377.2 376.1 374.4 373.9 372.9 372.1 370.8 370.7 370.7 370.7 372.2 374.4 377 379.5 384.2 391 400 407.2 413.8 420 426 428.2 427.3 424.4 420.9 415.8 410.7 404.7 399.2 392.2 385.3
318.4 324.5 330.7 337.2 339.7 344.3 350.7 357.2 361.7 365.3 368.4 370.6 370.6 369.4 368.1 370.3 371 372 373 378.8 380.2 385.2 389.9 393.3 396.6 399.7 400.9 402.4 403.5 404.7 405.2 404.6 404 403.4 401.8 400.2 399 397.2 394.7 392.9 390.5 389.3 388.2 386.2 383.8 381.7 380.6 379.6 377.9 377.2 376.7 376.8 376.6 374.9 375.8 375.7 377.1 379.2 382.1 385.1 388.6 396.4 404.8 414 425.6 435.1 443.5 449.1 450.5 448.7 446.1 441.7 436.7 429.6 420.7 411.7 404.4 398.6
310.1 318.6 325.4 329.7 336.5 342 348.3 355.1 360 363.7 366.3 367.2 368.3 366.7 366.7 367.5 367.4 365.5 366.4 371.8 373.2 379.6 381.8 385.3 387.5 390.5 392.9 394.9 395.8 396.8 397.5 398 398.2 398.1 397.1 396 394.9 393.2 392.9 391.3 390.4 389.3 388.8 388.2 385.9 383.9 383.2 383 381.6 380.9 380.6 380.7 380.6 380.7 381 382.5 383.6 386 389.3 392.2 397.6 406.5 418.2 429.4 443.4 455.3 465.2 472.1 474.9 472.3 467.9 461.4 453.6 447 438.2 428.3 418.1 409.2
306.6 313.7 318.9 325 331.9 338.7 346.7 352.8 358.5 361.8 363.8 365.2 366 365.3 364.1 362.9 361.4 361 362.9 364.4 367 372.6 374.1 378.2 378.8 382.8 384.9 386.5 387.9 389 389.2 390.4 391.3 391.5 391.6 391.3 390.3 388.2 388.1 388 387.4 387.1 387.5 387.3 385.9 385.6 385.9 385.8 385.4 384 384.7 386 387.2 388.8 389.7 389.9 391.3 393.9 397.2 400.3 409.5 422.6 434.9 446.5 459.8 472.7 484.5 491.2 492.1 490.4 486.1 478.4 469.3 461.6 455.2 444.3 431.6 421.2
301.2 306.1 313.2 319.9 326.9 334.4 343.1 349.5 355.2 358.3 361.1 364.4 365.8 364.8 362 359.7 358.1 354.7 354.7 359.8 360.7 364 365.5 369.7 373.9 374.8 375.5 378.8 379.3 379.7 381.4 382.3 383 383.7 384.4 384 383.9 382.3 382.2 381.9 381.8 381.8 382.7 382.8 382.5 383.2 386.7 388 387.7 387.8 388.2 389.6 390.9 393 396.2 398.9 400.4 403.3 408.7 417 426.7 436.4 447.4 458.5 470.7 486.4 496.5 503.1 503.9 501 496.1 489.3 481.9 474.5 466.3 452.1 437.5 424.5
291.3 301.1 309.3 316.6 323 329.5 338 345.4 351.1 354.6 357.5 360.8 363.3 362.7 361.5 359.7 354.7 354.7 354.7 354.7 359.3 360.4 360.8 363.2 363.1 365.1 367.3 369.9 369.9 371.4 372.7 373.9 374.7 375.7 375.8 375.4 374.9 374.5 374.3 374.2 374.9 375.5 376.1 376.4 377.1 378.2 381.5 384.9 387.6 388.6 389.2 390.5 391.9 394.1 396.7 400.4 404 409.6 417 423.4 431.6 440.8 450.8 460.2 471.9 486.7 494.4 500 503.6 501.5 496.4 491.4 488.3 481.3 470.8 455 438.3 419.9
288.2 297.4 304 312.3 319.6 326.9 332.6 339.3 344.4 348.3 351.6 355.4 359.4 362.1 360.6 354.7 354.7 354.7 354.7 354.7 360.4 360.3 358 355.1 355.1 357.8 360.7 362.5 364.6 364.6 364.6 366.2 367 367.5 367.2 366.9 365.9 366.1 366.5 366.6 367 367.7 368.5 369.3 370.3 371.5 374.4 378.7 381.5 383.4 385.3 387.9 389.5 391.5 393.6 396.1 400 405.1 411.9 420 427.6 435.6 444.5 453.2 464 475.2 481.7 486.1 489.4 490.6 489 484.3 484.2 479.7 463.1 446.9 429.1 411.7
284.6 291.4 299.2 306.8 316.1 324.4 330.5 335.8 341.4 345.4 350.5 354.6 357.9 358.9 354.7 354.7 354.7 354.7 354.7 354.7 360.1 359.3 356.6 353.7 352.6 353.2 356.5 356.6 356.9 357.1 358.2 359.2 358.9 359.1 358.8 358.4 357.9 357.1 357.4 358.1 359 359.9 360.8 361.2 362.8 363.6 365.9 370.3 374 376.6 379.5 382.1 384.9 386.9 388.9 390.7 394.9 398.3 404 411.8 418.9 426.5 433 441.3 450.6 461.5 467.5 470.6 474.2 478.2 481 474.6 470.7 466 452.9 432.6 414.8 399.7
280.2 288.8 295.6 303.4 311.9 321.9 329 335.8 342.3 347.2 351.6 353.9 356.5 357.4 354.7 354.7 357.4 359.5 360.5 360.1 359.6 358.3 355.6 352.8 350.4 349.9 349.6 348.8 350.7 351.7 351.5 351.9 351.5 352 350.1 349.8 349.4 349.1 349.2 349.1 349.1 350 351.6 352.5 354 353.4 355.6 360.4 364.4 367.9 370.6 373.6 377.3 379.5 381.5 385 388.3 391.4 396.1 402.4 409.5 417.3 424.1 433.4 441.9 449.7 454.3 458.7 463 464.2 461.7 459.3 452.9 444.1 432.7 416 403.6 387.3
279.1 286.3 292.5 299.6 310.8 319.1 327.2 335.1 341.9 346.6 351.8 355.2 357.7 359.1 358.8 360.1 360.4 361 361.2 360.8 360 358.4 355.4 352.6 351.3 349.3 347.6 347.8 347.5 349.6 347.6 345.7 344.7 343.3 342.5 342 341.2 340.6 339.9 339.8 339.8 341.3 342 343 343.9 342.9 341.6 348.9 353.3 357.2 360.3 362.6 366.5 370.1 374.3 377.9 381.4 384.9 389.1 394 401.2 409.3 417.7 427.1 433.2 438.5 443.3 447.2 450.7 450.8 447.5 445.1 440.2 430.2 416.4 402.2 389.1 374.4
276.7 282.4 290.6 299.9 309 317.7 324.7 332.4 339.2 345.7 351.2 355.6 358.9 360.5 361.6 362.6 362.6 362.4 362 361.4 361 359 356 354.3 353.4 350.8 347.4 346.7 344.5 344.1 341.9 341 341.2 339 338.1 337.8 336.5 335.8 334.3 331.5 330.8 332 332.2 332.4 333.6 332.1 332.8 336.6 339.7 343.5 346.3 350.2 354.3 358.2 363.1 368.9 374.6 379.7 384.3 389.6 394.7 403.6 411.4 417.4 421.8 424.9 428.4 431.3 432.6 432 431.7 430.3 425.6 417.9 407.2 392.9 375.9 362
272.4 280 287.6 297.6 305.2 314.2 322.8 330.8 336.4 343 349.9 355 358.9 362 363.3 364.6 365.5 366.5 366.4 365.3 364.2 361.7 358.7 356.8 355.8 353.7 350.7 348.9 346.2 342 340.2 338.4 337.7 335.9 334.8 333 332.1 331 330.1 327.8 325.3 326.1 324.3 325.3 324.1 323.1 324.9 324.5 326.4 327.2 329.6 336.1 341.5 346.1 351.9 357.7 365.4 370.9 377.2 384.3 392 398.9 404.5 406.6 406.7 408.8 411.6 413 412.8 413 414 412.6 408.6 403 394.1 383.1 375 365.7
270.4 277.4 285.3 293.7 301.8 312.7 321.4 327.2 333.2 340.1 347.4 353.6 358.9 362.9 365.9 367.7 369.3 370.7 370.7 369.2 367 364.9 361.6 359.9 358.4 356.4 353.5 350.7 347.3 344.1 341.1 338.9 337 335.4 332.4 331 328.8 326 324.9 324.2 323.5 321.6 321.3 320.2 319.1 316.8 317.7 315.3 314.2 317.5 319.6 322 325.5 331.4 334.3 341.5 349.8 355.8 362.5 374.9 386.5 390 391.3 391.9 391.9 391 391.5 392.5 392.8 393.2 393.7 393.8 393.2 392.3 392.3 389.2 381.8 373.6
267.6 276 283.4 290.9 298.9 308.4 316.9 322.4 329.4 337.3 344.6 351.4 357.4 363.4 367.7 371.2 373 374.8 374.6 372.4 370.6 368 364.9 363.7 362.2 359.7 355 351.5 347.9 345 341.9 339 336.3 333.6 331.8 331.7 329.9 326.9 323.7 322.4 322.9 321 318 317 314.9 312.3 310.4 310.7 308.8 308.5 312.4 313.3 314.7 315.9 320.2 324.2 327.3 333.6 346.3 360 370.6 373.8 373.2 373.4 374.5 374.2 373.2 374.2 375.7 376.2 375.1 376.3 375.5 376.6 380.5 381.2 378.4 373.6
264.5 272.9 281.2 288.3 297.3 305.3 310.3 316.9 325.4 331.9 340 347.7 354.4 360.9 366.1 370.5 374.4 376.8 378.5 377.8 375 372.4 369.5 366.6 363.4 360 356 352.1 349.5 346 342.5 339.5 335.3 332.3 330.5 331 330.8 326.6 324.6 322.5 320.4 317.9 315.9 313.5 309.9 309.1 307.7 310.2 308.1 305.7 305.3 300.5 300.9 300.7 303.1 301.2 305.5 313.5 325.1 336.8 344 346.2 348.3 352.4 353.9 352.8 354.3 359.5 360.9 357.1 356.6 356.7 357.9 359.5 360 360.6 359.7 360.8
261.1 268.2 275.2 284.3 293.3 300.2 305.8 311.5 318.8 325.9 334.7 342.3 350 357.7 363.1 368.6 374.9 378.1 381 383.5 382 378.9 374.7 370.3 366.3 362.5 358.4 354.4 351.1 348.9 345 340.8 336 331.7 329 327.3 326.5 326.1 325.8 326 324.2 320.6 316.5 310.9 307.7 308.4 308.5 306.1 307.9 308.6 301.8 298.4 295.6 293.8 288.1 287 284.8 286.4 300.1 309.4 312.9 315.4 320.3 326.1 330.3 330.7 331.7 336.1 337.9 336.4 339.6 343.3 346.8 346.1 347.8 348.7 348.7 348.2
256.1 263.6 272.2 278.9 286.2 294.7 300.4 307 314 321.1 329.2 336.6 344.1 351.6 358.5 365.2 370.6 374.4 377.3 379.7 380.2 378.8 377 373.7 372.1 367.3 361.2 356.3 352.8 351.8 348.5 342.4 337.4 332.5 328.3 325.9 324.6 324.3 323.7 324.4 324.6 322.9 319.9 312.5 307.4 304.9 306.9 305.7 307.8 305.2 299.2 304.2 299.8 295.8 291.4 285.3 280.4 271.4 270.8 286.1 289 289.9 296.2 302.3 305.5 308 308.8 313.1 314.5 319.7 325 328.3 332.2 335.5 338.5 340.2 341.7 341.5
250.4 258.3 267.1 273.4 281 288.7 296.3 302.9 309.8 316.7 326.6 332.5 337.5 344.7 353 360.4 366.7 371 374.4 378.3 377.9 376.5 376.2 375.2 376.7 373.8 366.1 359.2 354.3 352.1 349.3 343.6 338.8 333.8 329.8 325.6 323 321.8 320 318.8 321.3 321.2 316.5 310.8 307.7 306.5 304.7 304.2 307.4 302.1 303.1 307.9 306.5 305.8 304.6 298.6 293.5 286.5 261.6 269 273 274.1 278.4 283.3 282.3 286.4 288.9 292.8 295.7 301.5 309.3 315.9 320.4 325.6 329.4 332.5 333.8 333.8
246.6 252.5 260.9 269.1 277 283.4 290.3 297.6 304.7 312.3 321.6 327.5 332.1 339.4 348 354.6 360.5 365.5 369.2 371.7 371.6 372.6 372.3 371.8 372.8 371.4 367.2 361.3 355.6 351 346.7 341.8 337.1 332.8 328.4 324.6 321.5 318.1 316.2 316.9 320.7 321.5 316.6 310.3 309.5 313.1 312.2 304.5 301.9 300.8 306 311.7 313.8 316.4 313.4 307.8 300.1 291.7 283.2 253.8 262.4 262.9 262.2 264.8 266.1 270.3 273.3 278.2 281.1 285.5 292.1 300 305.8 312.5 319.1 323.1 325.3 326.6
244 249.8 255.9 264.9 273.2 280.2 285 292.1 299 305.1 312.1 319.4 326 332.3 340.6 348.8 353.9 358.2 359.6 362.1 366.2 366.9 367 366.2 366.3 365.4 362.9 358.6 353.9 348.8 343.2 338.9 334.8 330.3 327 323.8 320.8 317.4 313.3 315.5 317.8 316.8 313.7 310.4 312.6 315.7 311.9 309.4 306.1 305 311.1 316 319.3 321.3 318.8 314.4 308.2 299.8 286.4 275.2 253.1 253 257 256 258 262.8 263.9 268.4 269.8 274.1 279.5 286.2 291.7 300.3 307.1 312.3 316.2 319.7
237.9 244.7 252.9 261.5 270 276.7 280.9 286.1 292.7 298.4 305.6 312 318.2 325.1 332.9 341.5 348.3 351.5 352.8 354.4 359.4 361.8 362.9 361.1 359.2 357 354.4 350.7 347.3 343 338.7 335 331.9 327.1 324.5 322.1 318.8 315.9 312.5 310.5 312.1 311.7 310.2 310 313.5 313.2 311.9 311.8 311.2 310.9 316 320.5 326.2 328.5 328.7 330.4 325.4 317.5 313.1 304.5 281.4 259.1 245.2 249.3 250.9 254.7 253.6 257.4 260.1 264.5 269.5 274.7 279.8 285.8 293.9 300.8 306.1 310.8
231.5 238.9 247.9 257 266.2 271.6 275.7 280.1 286.3 292.8 300 305.2 311.1 317.7 324.9 332.2 339.6 345.4 347.7 347.8 350.7 353.4 355.1 355.8 353.7 350.8 348.1 345.1 341 337.6 334.1 329.9 326.1 322.7 321.7 317.7 315.3 313.2 310.1 307.5 306.8 308.1 308.7 309.2 308.6 309.7 310.5 311.7 315 316.5 320 325.8 331.2 334.5 338.4 341.3 344.7 344 335.7 326.3 304.6 280.4 257.7 241.2 243.3 243.2 243.8 246.3 252.7 257 259.7 264.5 271.4 276.3 282.3 287 294.4 299.6
225.4 234.1 242.1 252 260.3 265.2 269.1 273.6 279.8 286.7 293.9 299.5 304.6 311.3 317.3 324.8 332.6 337.7 341 342.3 345.6 349 351.7 353.2 350.7 347.6 345.5 342.8 338.7 335.4 331.7 327.8 324 320.9 318.3 314.6 312.4 310.3 307.4 305.4 304.6 309.9 307.8 307.3 308.9 310.3 310.2 313.2 316.8 321 325.1 330.6 336.8 341.6 347.9 354.3 358.2 357.7 350 334.3 311 282.4 262.7 244.6 232.5 234.9 236.1 239 240.1 251 250.3 256.3 262.3 266.9 271.7 277.5 282.2 285.7
218.6 227.1 235.8 246.6 251.2 256.4 262.2 267.7 274.5 280.9 288 293.7 297.9 303.2 308.8 316.2 322.4 328.5 332.7 336.4 340.9 345.6 348.8 349.1 347 343.8 341.8 340.7 341.3 336.2 331.1 327.5 325.2 322.4 319.1 314.2 310.2 306.4 304.7 303.4 304.2 307.7 305.5 308.2 311.5 312.5 313.2 314.3 317.8 322.9 328.6 334.8 341.1 348 356 362.9 368 368.7 362.1 346.5 323.5 296.8 264.2 243.9 234.8 230.2 229.6 231.4 232.6 240.6 242.1 245.7 251.8 257.1 262.4 266.9 270.7 274.6
211.7 218.3 230.3 237 243.2 249.9 256.4 263.6 271.2 277.8 283.1 286.7 291.6 297.5 302.4 307.4 312.7 318.4 324.2 330.5 335.5 340.1 344 346.5 343.7 341.1 338.8 335.2 331.6 327.7 326.4 327.6 327 323 318.7 314.2 309.6 306.1 303.7 302.3 306.4 303 306.2 309 313.7 316 317.6 319 320.7 324.5 329.7 336.1 345.1 355.1 364.8 373.9 378.5 374.3 363.1 347.4 327.2 308.1 269.1 250.2 236.3 229.4 227.5 218.8 225.2 235.2 232.7 236.7 240.9 245.9 251.7 255.4 259.5 264.3
203.4 211.5 221.3 228.7 235.1 244.7 252.7 259.4 267.3 276.9 282.6 282.9 286.3 292.1 295.8 300.4 306.7 311.5 318.1 323.9 329.6 333.3 337.4 339.9 339.7 337.8 335.1 331.8 326.9 323.7 323.6 325.5 323.2 320.4 317 312.5 307.7 305.5 303.7 300.8 303 302.7 307.1 311 315.4 318.1 320.2 322.7 325.3 327.3 330.6 337.7 346.5 358.6 371.4 382.6 389.8 385.2 372.3 352.6 329 298.8 273.9 255.3 238.8 232.4 228.9 225.1 217.5 228.3 226.9 227.7 231.7 237.4 241.8 245.7 249.4 254.1
194.2 204.2 212.1 217.7 225.4 241 245.4 253.4 259.8 269.6 276.7 277.1 282.1 287 290.2 293.3 298 303.5 310.4 317.6 323.1 326.3 330.2 333.4 335.1 334.9 333 328.3 323.5 320 320 323.7 321.1 317.5 313.5 307.9 305.2 304.2 302.7 299.5 299.7 304.1 307.8 311.4 316.1 320 322.3 325.3 328.4 332.1 336.3 341.9 350.5 362.9 376.3 389.8 399.6 397.2 387.2 371.9 345.3 301.1 273.7 256.1 241 233.8 231.9 229.5 218.5 210.5 218.9 222.8 226.9 230 234.5 238 241 244.3
184.1 194.6 203.4 207.5 216.5 231.3 236.5 247.6 254.1 258.6 265.3 270 273.9 279.6 284.2 286.7 289.7 295 300.9 309 314.7 318.5 322.8 327.4 329.4 330.5 329.1 326.1 322.7 318 316.3 315.6 314.1 312.8 308.7 305.3 304.3 302.9 301.1 297.2 299.5 303 306.5 311.8 315.9 320.3 324.5 327.7 331.1 336.3 344.8 352.9 361.5 370.7 381.3 392.9 403 405.1 395.8 378.3 352.4 306 279.6 255 245.2 237.4 233.7 230.6 225 219.6 207.4 213.7 216.7 222.6 227.3 232.4 233 237
174.8 188.7 193.7 197.9 210 221.6 227.6 235.9 241.6 250.1 256.8 261.4 265.4 271.4 276.2 280.3 282.8 287.1 290.6 297.7 304.2 308 315.2 320.6 323.6 324.4 323 325.7 322.4 317.6 314.8 313.3 311.1 309.4 306.4 304 302.5 301 298.6 296.2 298.6 302.4 306.1 311.5 316.7 322.6 327.1 331.7 337.2 344.6 353.5 362.4 370.8 379 387.3 395.9 405 407.3 397.7 381.8 348.2 317.3 285.9 258.3 249.4 244.3 238 233.7 231.3 224.7 220.1 214.8 196.7 204.5 220.3 226.6 225.8 229.5
166.4 176.4 183.1 189.5 205.7 212.5 219.3 228.1 234.4 239.9 246 252.6 258.6 264 268.4 272.1 275.8 277.4 281.7 288.5 295.6 299.8 305 311 317 319.4 318 317.7 315.7 313.3 312.1 311.5 310.8 309.3 307.4 304.9 302.3 299.6 298.3 297.6 296.8 300.4 304.9 310 316.7 323.3 329.8 335.7 342.8 352.8 360.6 370 378.8 386.7 394.1 401.1 407.2 406.7 401.2 386.3 373.7 352.5 307 274 259.5 251.7 243.9 241.1 236.2 233.1 227.9 225 218.4 200.7 198.4 214.3 219.5 223.9
160.1 165.9 171.6 183.4 197.9 201.8 212.4 224.3 229.2 232.7 237.6 244.4 253 257.2 262.8 264.5 267.2 269.4 272.7 280.3 289.7 293.7 296.7 301.7 306.9 309 311.4 311.3 309.5 309 310 311 310.8 309.7 308.1 305 301.9 299.4 297.4 294.9 296 299.4 303.7 310 316.8 324 331.2 338.3 348.1 358.6 368.6 378 387.1 394.9 402.1 407.1 409.8 408 400.7 391.6 380.8 360.9 322.3 294.1 273.2 260.3 252 245.8 242 238.6 236.8 236.1 232.7 223.3 210.4 186.9 205.3 217.3
149.5 151.9 162.5 174.1 182.2 195.9 204.5 216 223.9 228.8 232.6 236.4 244.6 249.4 253.8 256.8 258.7 261.6 265.7 273 280.5 284.4 289.5 294.6 298.9 302.1 305.6 306.5 305.4 307 308.7 309.7 310.5 309.4 306.9 304.5 301.4 299.2 297 294.1 297.8 300.1 304.4 310.9 318.5 325.9 332.2 342 353.7 364.4 375 384.6 394.2 403.1 412.1 413.1 413.4 412.9 403.9 396.4 386.8 372.3 353.3 312.1 285.9 271.3 263.2 256.5 248.4 248.4 248.1 246.2 238.1 228.7 225.5 214.5 186.6 205.9
