public/OST50/NH50.asc
ncols 200
nrows 200
xllcorner 250000
yllcorner 800000
cellsize 50
[rows 0 to 34 of 200, columns 78 to 155 of 200]
577 588.4 600 611.2 623.3 634.2 645.8 657.3 670.7 686 701.1 712.1 723.9 733.1 740.5 745.8 749.4 752.7 755.6 761.4 767.4 773.6 778.4 781.8 784.5 785.5 785.7 786 787.3 788 786.8 785.6 785.3 786.6 788.5 788.4 785.4 783.2 778.7 777.6 777.5 775.7 775 777.5 774.9 771.2 767.7 766 765.5 763.8 764.3 766.7 767.8 768.7 767.9 765.2 760.9 756.3 752 749.1 748.6 749.2 748.4 747.7 745.9 744 742.2 740.9 738 733.7 735.7 737.2 741.2 748.7 752.7 755.4 761.7 766.1
584.3 587.6 597.2 607.3 618.1 629.9 640.7 651.9 666.9 682.7 698.3 710.4 722.6 733.6 740.6 746.2 750.5 754.1 758.1 762.6 769.2 774.1 778.5 781.7 783.2 784 784.8 785.4 786 786.2 785.8 785.8 786.4 787.4 787.9 787.6 785.8 783.2 780.9 782.4 785 785.1 782.8 781.9 777.9 777.1 772.9 769.8 768.1 765.5 766.5 768 768.1 766.7 764.7 761.4 755.8 752.5 749.2 750.6 751.1 750.9 749.8 748.9 747.8 745.1 742.2 738.1 736.5 740.6 740 740.7 750.2 758.2 764.1 767.5 770.9 773.8
597.7 596.4 596.5 605.4 616 627.8 639.6 652.8 669.1 684.7 700.1 712.7 722.1 733 742 747.8 752.3 756.3 759.3 763.7 767.9 772.7 776.7 779 780.3 781.2 781.4 781.7 782.5 783.4 784.1 784.5 785.2 785.8 786.2 785.3 784.1 784.8 787 789.3 790.3 789.1 786 783.5 782.9 781.7 776.7 773.1 771.8 770 770 769.1 767.3 763.7 761 758 753.7 751.1 751.5 751.4 751.9 751.7 751.1 750.6 749.4 746 742.4 743.8 745.9 746.5 745.3 749.7 758.9 770.7 777 779.4 778.3 777.1
613.3 611.5 609.2 614.1 612.4 629.9 641.9 655 673.7 690 702.9 714.7 724.8 732.8 742 749.5 754 757.6 759.7 761.8 765.1 768.8 772.3 774.7 775.2 775.6 776.3 776.7 777.8 779.2 780.3 781.5 781.8 782.7 784 785.6 787.6 790.5 793.3 793.2 792.5 789.5 788 786.5 786 783.3 778.5 777.4 776.5 773.9 771.4 768.5 765.1 760.8 758.4 755.9 751.2 753 753 752.8 752.6 751.8 751 751.2 747.1 747.7 749.5 752.3 752.9 752.6 753.5 758.5 770.7 781.5 787.3 786.8 782.4 777
633.1 629.9 625.2 630.6 638.1 640.9 648.4 658.8 678.6 695 707 718.3 726.2 734.7 743.7 749.1 753.6 756.7 757.7 759.3 761.2 763.5 766.4 768.4 769 769.5 770.7 771.5 772.6 774.3 774.8 779.1 783.3 786.2 785.4 789.8 792.6 793.7 794.3 793.4 791.1 790.4 789.5 788.2 787 785.8 782.8 781.4 778.7 776.2 771.6 766 761.2 757.4 755.3 752.3 753 753.2 753.6 753.5 753.4 752.4 748.8 750.5 754.2 756.3 758.8 759.8 760 759.3 761.9 768 780.4 787.7 790.2 788.3 783.8 778
647.9 648.1 644.4 649.8 653.4 643.6 652.4 662 678.7 696 710.2 721.4 727.6 734.5 741.7 746.5 750.6 752.5 752.9 754 755.6 757.8 760.4 761.6 762.4 763.4 764.3 765.4 767.5 770.3 775.9 782.6 786.1 787.6 788.1 791.6 793.9 792.9 791.9 790.6 790 790.3 789.4 789.4 788.5 787.4 785.7 785.3 780.8 775.7 768.2 761.9 756.5 754.3 751.9 751.8 753.3 752.6 753.1 753.2 755.7 749.7 753.6 757.7 762.8 765.3 767.2 767 767.6 765.9 769.5 778.2 785.9 791.4 791.3 789 782.3 775.8
662.8 664.9 660.3 664.4 662.4 653.6 654.2 664.1 677.5 695 708.8 720 728.7 733 736.6 741.6 744.3 745.6 747.4 749.4 750.4 752.4 754.3 754.2 756.2 757.1 760 762.6 767.4 773.2 779 783.6 786.7 786.5 787.7 790.4 789.4 788.6 789.4 789.6 788.9 788.3 788.5 789.6 789.5 788.2 788.1 784.9 779.4 771.5 763.3 757.9 754.7 752.4 752.1 753.3 752.9 751.3 752 750.5 749.5 754.7 761.3 765.5 769.9 771.4 773.6 772.5 773.1 769.8 775.5 785.3 792.4 795.2 789.5 784.8 777.4 768.9
674.5 670 670.2 672.1 665.4 656.5 653.3 664.7 677.8 691.9 706.4 718 725.3 728.7 732.5 735.3 737.4 738.8 741.5 742.6 746 748.5 749.3 750.8 753 755.1 759 765.2 771.2 775.5 779.5 782.9 785.4 785.7 785.9 786.1 785.6 785.3 785.9 785.8 785 784.9 785.9 788 787.2 788.4 787.8 782 775.3 766.9 760.9 757.6 753.6 752 753.7 754.4 754.6 752.8 750.8 751 754.8 761.9 767.3 770.3 772.7 774.6 775.8 776.1 775.3 773.7 783.6 789.4 794.5 792.3 784.5 778.4 769.2 755.7
675.6 676.7 679.8 675.1 665 661.4 657.3 662.8 675.4 688.2 702.9 713.5 718.9 722 725.8 727.7 728.8 732.1 734.7 738.6 741.9 743.6 745.5 748.4 751.7 754.1 760 767.4 771.9 776.3 780 781.7 782.8 783 782.9 782.5 782.6 783.2 781.7 780.5 779.7 779.9 783.1 785.8 786.6 786.1 782 776.5 771 764.6 760.5 757.5 752.7 755.2 756.3 758.3 756.7 753.4 752 754 761.9 768 772.5 772.5 772.9 774 774.1 774.4 773.9 778.8 787.4 791.4 793 786 778.2 770.9 759.1 750.4
678.9 684 685.8 681.3 672.1 666 662.1 663.5 673 684.6 698.4 707.1 711.9 715.2 717.9 719.9 722.1 725.7 729.9 733.8 737.6 742.6 746.8 749.9 752.8 756 762.4 767.4 771.1 775.6 777.5 779.3 779.7 779.8 780.3 780.2 780 779.4 777.4 777 777.6 779.9 783 784.8 785.1 782.2 776.9 772.6 767.7 763.9 760.3 756.5 757.9 759.6 762.7 763.7 762.1 757.9 758 762.2 767.5 769.2 776 773.2 777.1 776.3 775 775.3 777.6 783.7 792.1 793.1 787.4 779.5 771.2 760.4 751.8 746.5
688 690.1 689.6 687.8 677.6 668.1 668.7 664.5 673.3 681.9 691.6 699.4 704.2 708.3 709.6 713.6 718.8 723 727.1 733.6 740.9 745.8 748.4 750.1 752.5 756.5 760.8 764.1 768.1 771.5 774.1 775.3 776.2 776.8 776.4 775.7 775 773.4 773.1 774.1 778.3 780.7 782 782 780.3 776.3 772.5 768.2 764.5 762.2 760.5 760.7 760.5 766.9 768.8 770.4 768.9 765.1 765.8 767.2 769.7 770.3 772.6 772.9 779.8 776.2 776.7 778.3 780.6 784.5 787.9 785.7 778.8 769.4 760.4 751.9 745.6 740.7
697 698 694.6 689.8 686.4 680.9 677 673.1 672.4 680.2 686 690.6 695.7 701 706.1 713.2 718.7 723.6 729.5 737.4 742.6 745.6 747 748.8 751.4 753.2 757.2 759.8 763.5 766.3 769.4 770.9 771.7 771.6 770.7 769.5 768.1 767.5 770.4 775.7 779.1 781.5 780.4 777.8 774.9 770.9 767.6 766.6 764.1 763.4 764.7 762.4 768.9 777.6 777 776.5 772.9 768.5 768 770 770.1 771.5 772.4 773.3 774.2 774.7 774.6 778.2 782 784.5 783.4 774.8 766 759.6 750.3 743.5 738.3 732.1
700.8 697.1 701.9 703.7 700.7 694.1 684.8 677.7 675.7 680.3 684.5 687.2 691.1 697 704.2 712.4 719 724.4 729.8 735 739.5 742.3 744.4 746 748 749.9 751.8 754.4 758.2 761.9 765 765.9 765.4 765 764.3 763.2 763.1 766.6 773.3 778 778.6 778.7 776.3 773.3 769.7 767.2 766.6 767.1 766.7 766.6 766.1 769.1 776.7 781.1 779.1 776.3 773.5 769.9 769.2 769.6 771.2 772.6 773.2 774.5 778.2 774.5 774.2 781.6 779.7 774.3 769 760.8 754.4 747.2 740.9 735.1 727.9 720.4
701.6 710 716.6 721.1 717.8 705.9 694.5 683.6 679.5 681.1 682.4 684.7 688.9 694.4 701.7 710.6 717.5 722.4 726.3 731.5 734.7 737.5 738.9 740.9 742.1 742.8 743.9 748.8 752.7 755.1 758.1 758.6 757.8 757.2 757.2 758.9 763.1 768.8 775.1 776.6 776.6 775.2 771.8 769.1 767.3 766.1 767.3 769.1 768 767.8 770.3 778.6 781.8 781.1 778 775.6 773 770.5 771.3 771.3 773.2 774.7 776 779.3 778.1 774.3 775.2 776.2 771.6 765.3 755.2 748 742.5 736.3 729.2 722.1 715.7 712.3
718.5 728.9 732.8 731 721.3 717.6 707.8 693.2 683.7 681.4 681.3 684.8 689.1 693.5 700.7 708 713.6 717.1 721.6 725.7 729 731.4 733.1 734 733.6 733.9 737 741.4 743.8 745.7 747.7 750.6 750.7 751.7 753.2 759.4 764.9 770.8 774 774.7 775 771.7 768.1 765.3 764.7 766.4 771.7 769.3 769 771.5 780.8 783 785 782.1 778 775.5 772.8 773.2 774.6 777 779.2 779.8 783 782.8 779 773.7 775.4 771.7 763.6 751.3 741 735.2 728 721.6 716 711.5 706.4 704.9
730.8 731.5 730.2 728.7 730.7 725.5 711.7 695.8 689.6 688.2 686.6 686.3 688.5 694.9 698.8 703.8 707.9 711.3 715.3 719.1 722.2 724.2 725.5 725.9 726.8 728.7 732.4 734.2 737.5 738.8 740.7 743.4 745.3 748.2 755.5 762.1 766.1 769.7 769.7 771.2 770.6 766.9 764.2 762 763.6 766.1 769.6 767.3 770.9 784.3 788.4 787.9 788.2 782.6 777.1 776.5 777.1 780.4 783.8 786.3 787.2 785.7 787.7 785.3 779.8 772.2 772.5 763.2 747.7 737 727.8 718.9 714 710.1 705.1 700.9 695.2 693.2
727.7 730.4 737.4 734 727 716.3 709.4 704.9 703.2 698.7 695.9 692.9 692.2 693.1 697.1 700.5 703.8 707.1 710.4 714 715.7 716 718.1 719.7 721.5 726.4 729.7 731.6 733 734.8 736.2 737.8 743.2 751.1 760.2 763.9 767.3 767.6 766.4 766.1 765 761.2 761.1 760.1 762.3 762.8 764.7 770.1 784.3 790.8 788.4 785.9 783.9 780 775 780.7 782.5 787.5 789.5 788.4 787.2 787 784.4 782 774.4 765 755.5 742.6 730.7 721.8 714.9 710.6 705.6 698.2 690.3 683.3 676.3 672
729.2 735.9 737.8 732.6 726.1 722.4 720 719.3 718.4 712.7 706.9 700.8 699.2 696.3 696.4 698.8 704.9 705.5 708.2 710.8 711.6 712.7 713.6 715.6 719 723.2 727.5 729.6 731.1 734.2 735.7 740.3 748.1 755.6 760.6 764.5 767.2 766.4 764.6 762.8 761.1 758.8 758 757.7 758.8 761 769 782.4 789.6 787.3 783.5 779.3 777.7 774.1 778.2 782.1 784.3 787.3 786.8 787.1 785.5 781.7 778.6 772 761 748.1 734.1 725.2 717.6 709 703.6 697.7 691.6 681.8 672.3 662.5 654.6 647.7
728 736.2 738.9 737.6 739.5 734 729.5 728.8 729.2 726.6 716.5 708.9 703.1 700.3 701.6 705.4 708.4 709.5 709.1 706.8 708.6 709 710.6 713.4 717.2 721.6 726 728.5 731.7 735.5 738.2 745.5 752.5 757.7 758.6 762 766 764.6 762.3 760.2 759.6 756.9 753.9 753.1 756 766.5 777.5 788.1 784.8 778.9 775.6 773.7 772.5 771.3 781.9 781.1 781.3 781.9 781.1 778.3 773.2 767 765.8 758.4 744 730.1 716.9 709 701.2 694.7 688.5 681.8 672.8 658.9 652.8 641.6 632.6 624.9
726.5 736.3 742.9 746.3 743.7 740.9 740.2 737.6 736.7 732.4 722.4 714.8 710.4 707.8 708.7 709.3 710.3 710.1 709 707.5 707.9 708.9 710.3 714.7 718.7 724.3 728.5 731.7 734 736.2 742.5 750.3 754.3 752.1 753.6 758 764.1 762.6 760.5 759.2 757.2 750.4 748.2 751 760.9 773.4 781 779.6 775.7 769.5 767.1 768.1 766.3 772.1 777.5 776 774.6 775.1 771.5 767.2 757.7 753.9 751.6 742.7 726.9 712.5 701.1 690.9 685.2 676.3 669.8 660.7 650.9 640.3 632.2 624.7 614.1 604.5
728.6 741.9 748.4 750.2 753.8 753.6 749.4 744 742.9 737.6 730.1 724.1 719.3 718.6 714.5 711.7 710.7 710 708.4 708.4 708 709.3 712.5 716.6 722.2 727.6 730.6 733.8 737.8 741.2 748.5 749.6 749.4 749.4 749.6 757.4 762.1 761.4 760.2 758 754.3 744.5 746.3 755.7 769.9 777.9 778.5 772.6 764.7 762.6 761.4 762.9 762.2 765.8 768.8 768.1 767.2 764 758.3 751 739.6 740 734.9 722.1 705 690.6 682.5 667.4 662.6 656.1 647.5 637.5 629.7 620.5 610.6 603.7 592.8 585.7
736.8 750.1 755.7 760.7 759.5 758.9 755.9 752.2 749.1 742.6 738.2 731 729.6 727.1 717.6 713.9 710.2 708.8 708.1 709.1 709.7 710 714 721.3 729.7 736.3 739.1 741.1 745.7 749.2 751.5 749.4 749.4 749.4 752.8 761.2 764.9 762.5 759.3 755.1 744.7 741.3 749.9 763.6 773.9 773.8 769.5 765.2 762.5 759.9 759 758.7 757.2 755.1 754.6 753.4 751.8 748.1 743.3 735.4 727.3 725.5 714.7 697.4 677.8 668.1 662.6 651.8 637.6 631.2 623.5 615.4 607.8 598.3 588.5 583.6 577.1 565.9
744 758.6 762.9 764.4 764 763.8 759.4 756.2 753.1 747.1 745.1 740.6 736.6 727.7 718.2 712.9 709.2 709.2 709.7 712.3 714 714.1 720.1 729.8 740.9 747.3 751.3 752.6 754.5 753.4 749.4 749.4 749.4 750.9 760.9 764.1 765.5 761.7 752.6 746.2 740.6 742.8 755.7 765.4 766 764.3 764.9 763.4 759.3 754 754.5 754.3 750.1 743 738.4 736.7 734.8 731.5 724.7 713.9 707.9 699.5 686.1 670.9 657.6 648.3 638.8 628.9 611.6 605.8 599.7 592.3 585.1 579 573 565 559.2 557.4
749.2 759.2 766.1 768.6 764.1 761.5 761.1 762.2 754.4 753.9 757.6 745.8 738 725.5 717.6 713.7 712.5 712.4 714.1 718.1 721.1 721.1 727.4 739.2 750.1 754.9 757.8 758.4 758.6 754.3 749.4 749.4 750.8 759.3 762.1 763.7 764.2 754 745.4 739.5 735.6 743.2 756.1 757.8 761 764.2 762.5 757.7 750.3 748.4 746.7 743.2 738.4 729.6 724 719.1 716.5 712.1 703.4 692 686.9 675.5 657.7 647.2 637.8 627.3 617.4 606.4 597 586.5 579 571 567.7 563.7 549.5 550.5 563.1 581.8
752.6 762.2 767.7 763.4 760.9 761.7 761.7 760.2 760.8 761.2 756.5 747.3 736.3 725.8 721.4 717.6 716.8 717.6 721.4 724.7 727.4 727.2 733.1 747.9 754.6 759.7 762.2 761.5 760.8 756.5 753.4 754.3 760.1 762.1 763.2 762.8 756.5 745.8 738.4 734.7 738.4 746.9 740.6 747.1 756.7 761.5 758.9 748.6 745.2 742 738.2 733.6 727.1 716 707.5 701.8 694.7 688 680 668.3 658.1 645.9 632.8 625.9 619.9 604.7 593.4 585 576.8 572.6 566.3 555.1 550.1 543.8 559.2 578.2 596.2 610.5
752.6 758.1 757.5 758.8 760.1 764 764.8 767.7 765.6 764.8 760.1 749.9 737.9 732.6 726.5 723.4 723.3 724.1 728.7 732.1 732.6 733.1 740.3 749.3 759.3 768.4 768.9 768.1 764.7 757 754.6 758.6 764.3 761.6 760.6 755.6 750.3 738.2 732.3 731.9 744.5 757.6 758.3 748 733.5 735.2 736.2 736.5 735.2 732.1 731 722.7 712 698.2 689 682.7 672.5 663.7 652.4 642.6 630.3 623.5 614.9 607.2 594.4 581.8 575.7 569.4 568.8 559.2 547.9 539.7 546.8 566.8 584.8 601.8 618.8 632.9
741.4 747.4 753 760.1 766.3 768.3 769.2 768.9 767.3 768.3 761.4 750.6 740.4 736.8 732.7 731.8 730.8 732.9 735.1 736.6 736.5 738.5 743.3 754.2 765.9 773.1 773.5 771.2 762 755.9 755.3 757.3 759.1 758.1 755.4 750.1 738.9 732.1 728.4 735 747.8 754.4 755.1 752.4 740.4 728.7 720.3 720.2 721.1 719.5 714.5 706.1 692.5 679.8 669.5 660.8 649.8 637.8 628.7 618.1 606.7 599.6 590.3 580.8 573.2 566.3 560.4 559.5 555 546.2 538.5 551.1 572.8 585.5 601.8 620 635.8 648.8
736.6 747.9 757.8 765.1 765.9 765.7 766.4 766.3 768.5 765.1 757.1 752.3 749.7 743.3 739.7 741 742.2 741.6 740.7 740.4 740.2 742.4 750 760.3 772.6 776.6 774.9 766.9 759.4 755.3 753.3 755.3 755.7 753.9 748.7 738.4 728.8 724.6 722.1 738.5 747.4 752 752.1 746.4 734.9 724.5 718 708.9 702.5 700 695.3 685 671.2 658.6 646.8 634.4 625 615 603.7 591.8 582.1 574.6 568.5 563.1 557.1 556.2 557.7 551.2 540.6 536 548.5 572.5 586.7 601.7 620.2 638 650.3 661.3
739.8 750.7 754.8 760.3 761 759.8 760 761.3 762.2 761 760.4 756.5 752.8 750.7 746.3 751.9 751.6 751.5 751 748.3 746 749.6 756 764.5 772.1 772.9 766.5 761 756.7 753.9 751.1 750.1 749.7 746.5 735.2 727.3 720.6 717.2 722.7 736.5 744 746 743 734.2 725.8 716.7 708.8 698.4 685 675.8 671.8 661.9 649.2 635.8 624.2 613.1 602.3 589.4 579.6 570.1 562 558.2 555.1 552.4 552.7 554.9 542.6 533.9 534 549.3 566.7 587.8 604 620.5 638.7 651.8 664.3 674.8
744.5 749.9 751.7 754.6 757 756.2 757.9 759.5 762.1 762.5 760.8 757.8 759.2 759.8 757.4 760.3 761.7 762.4 759.8 756.5 755.8 757.4 764.1 768.2 771 764.5 760.6 756.7 753.1 752.7 746.6 740.9 738.4 731.4 725 718.4 715.5 710.4 718.4 728.8 734.6 735.7 732.7 725.2 716.5 707.4 696.9 683.3 674.5 660.1 647.9 637.5 628.7 614.6 604.1 593.1 578.7 567.7 559 553.7 551.6 544.3 542.1 545.6 542.8 531.2 529.4 536.6 553.4 576.2 592.7 607.3 623.2 639.6 651.7 664.1 677.1 691.4
744.2 748.2 749.6 752.6 750 753.3 756.1 758.3 760.7 760.9 760.2 761 765.7 765.8 766.6 770.4 772.1 769.2 765.4 761.1 757.2 759.6 764.5 764.1 761.6 757.7 754 749.3 751.1 745.5 738.6 730 721.3 720.1 714 710.8 707.7 697 710.5 722 729.9 732 723.2 716.2 705.4 694.5 678.5 668.4 658.6 644 628.9 617.9 606.7 593.8 581.2 572.7 561.7 549 541.7 536.4 535.8 532.3 531.8 529.2 526.9 533.3 546.5 560 580.2 600.8 607.4 628.5 640.8 653.4 663.1 675.4 689.1 706.3
743.9 745.9 745.1 741.4 742.9 748.5 751.3 755.6 758.3 760.9 762.3 765.2 767.8 772.9 775 777.3 775.1 771.6 766.8 762.7 755.8 755.9 756.7 756.8 753.9 748.7 744.8 744.1 743.1 739.3 730.7 717 710.2 707.3 705.1 704.1 698.3 685.3 704.1 710.7 726.6 722.3 709.2 697.6 686.7 674.7 660.7 648 637.1 624.8 611.4 595.9 586.6 576.9 565.5 553.8 543.7 532.2 525.2 520.3 522.4 525.7 528.7 533.7 540.6 557.8 570.5 586.1 602.2 613.5 626.6 644 653.4 663.3 675.1 686.8 699.6 717.8
739.3 740.9 734.5 736.9 743 746.2 749.6 754.2 759.5 762.7 764.2 769.3 772.6 777.4 777.5 776.2 771.7 767.1 762.2 753.9 748.3 746.2 746.7 746.2 742.7 740 739.8 739.5 736.4 727.6 721.4 712.5 704.2 700.6 697.4 692.2 683.7 677.7 697.5 706.6 711 704.2 689.2 675.6 666.1 654.2 640.3 630 616.8 604.5 591.8 578.4 569.2 560.1 547.5 537 525.5 518.4 521.4 527.4 527.3 529.6 537.4 545.1 560.8 576.3 593.5 607.9 622.6 631.9 645.3 657.3 669.1 677.7 687.1 697.7 712.7 730.5
728.2 724.7 730.1 740.4 744.6 744.7 749.6 758.4 761.8 761.5 766.4 771.4 775.3 776.9 771.9 766.5 763 756.9 748.8 740.8 735.2 733.2 735.6 734 733.7 734.6 733.9 729.9 724.1 719.4 714.2 705.8 699.2 695 692.3 684 668.4 675.6 692.5 686 687.9 679.8 669.1 656.4 644.2 630.8 620.5 608.7 596.5 584.8 573.4 562.6 551.4 545 532.8 526 516.7 526.9 531.5 537.5 537.6 545.1 559.4 566.2 567.4 593.6 607.4 620.1 631.6 646.3 657.1 667.4 677.3 688.8 697.3 710 722.3 736.4
713.4 718.9 731.1 741.4 739.2 742.8 750.4 758.2 757.8 759.6 766.7 770.1 771.9 767.9 761.6 757 750.3 740.5 733.7 725.4 721 720.4 720.3 721 725.5 728.4 725.2 719.9 716.3 713.9 707.5 700.1 692.7 687 680.3 667.7 651.1 670.5 682.9 680.9 668.7 660 650.8 639.7 622.8 609.6 599.4 587.9 576.1 568.5 557.2 550.6 542.6 532.7 525 516.4 521.2 527.7 530.2 537.3 544.1 557.7 570.7 585.2 594 604.3 614.3 631.6 641.8 656 668.9 683 687.7 691.7 704.9 720.5 737.3 747.8
