public/OST50/NH50.asc
ncols 200
nrows 200
xllcorner 250000
yllcorner 800000
cellsize 50
[rows 35 to 69 of 200, columns 78 to 155 of 200]
706.2 714.6 726.7 732.1 734 741.7 746.1 751.3 754.6 757.5 762.9 763.6 759.7 755 749.3 740.5 730.8 724 717.1 709.7 706.4 705.8 706.1 710 714.1 713.7 715.5 713.4 711.2 705.7 700.3 693.4 683.3 673.4 665.1 652.8 630.5 662.5 666.1 662.5 654.9 644.2 632.9 618.5 603.3 586.8 577.9 569.2 559.4 551.2 543.3 535.7 527.7 524.1 520.6 515.4 523.4 526.9 534.8 544.7 556.4 570.5 584.1 598.2 609.9 617.3 619.9 643.3 646.8 660.5 674 686 698.4 700 712.3 725.9 742.2 753.2
698.2 708.6 719 726.7 734.7 744.2 745.1 747.5 750.1 751.8 751 748.7 745.1 738.5 729.7 722.2 715 707.8 700.6 692.5 691.2 693.3 693.2 696.5 701.2 705.9 706.3 708.5 704.7 694.9 690.9 681.6 669 662.1 652.6 630.8 611.3 647.7 649.4 644.8 634.9 622.1 609.8 596.8 582.3 567.2 556.6 548.9 538.1 530.7 525.8 522.8 522.7 518.9 516.2 519.5 527.3 535.4 544.1 557.9 573.1 586.2 601.9 610.8 622.9 635.8 645.6 648.5 656.1 656.5 673.4 688.1 697.1 705.8 716.4 728.8 740.9 752.2
693.8 708.3 716.9 727.3 739.5 744.8 739.7 739.3 738.8 736.3 734.1 729.7 723.8 716.8 710.6 704.6 697.2 690.1 682.3 676.3 675.1 677 679.2 685 693.1 696 702.4 705 697.8 687.6 678 668.4 659.2 649.7 638.4 616.5 593.4 626.3 627.3 621.1 610.7 598.6 585.6 572.4 559.9 547.6 538.3 529 521.6 517.9 516.8 518.2 517.6 512.4 513.7 525.9 536.1 547.2 560.3 576.6 593.4 605.4 616.4 627.1 639.4 647.8 655 660.2 663.7 667.6 674.9 678.2 692.7 703.5 714.5 726.6 737 745.9
689.6 701.1 714 727.3 739.1 739.6 731.2 728.3 722.5 718.3 714.9 709.9 705 698.3 691.7 685 677.9 670.3 665.9 662.1 662.1 665.6 670.1 673 678.9 689.5 700.3 699 690.2 683.9 670.9 656.2 644.2 633.7 622.8 611.6 580.7 606.5 604.2 596.3 586.6 574.7 560.4 546.9 537.7 528.3 521.4 515.5 508.5 510 513.1 512.7 509.6 517.3 527.2 537.6 548.7 562.4 579.6 596.9 609.9 621.1 631.7 643.1 652.1 658.2 666.5 671.8 673.4 669.7 673.7 683.6 681.1 681.7 700.1 715.8 725.8 733.2
676.7 691.7 703.6 717.6 723.8 723 717.7 713.2 705.3 701.8 697.5 692 686 678.7 672.1 665.4 659.2 657.3 655.8 654.3 655.6 657.3 659.3 664.5 672.4 682 691.1 687.6 679.1 672.7 656.7 641.6 630.8 619.7 609.1 599.6 582.8 581.8 579.6 570.1 560.6 548.9 537.8 530.6 521.8 512.4 505.9 502.6 503.6 504.3 506.3 508.9 516 527.9 541.3 552.8 565.9 582.6 598.4 611.2 622 635.2 645.3 653.4 660.4 667.3 675 679.2 680.5 681 678.3 677.8 687.2 693.6 690.6 702.2 713.1 722
672.1 687.1 699.5 707 712.4 712.9 710.6 700.2 693.9 688.2 679.2 672.8 666.1 659.2 654 651.8 649.9 648.7 646.5 647 645.3 647.8 652.9 659.8 668.5 674.8 675.8 671.2 662 651.2 637.1 626.3 615.3 605.6 594.9 583 572.3 554.2 555.7 544.9 536.2 528.7 524.6 516.5 506.1 499.3 500.1 500.3 502.6 507.2 510.4 517.3 528.2 543.1 556.3 567.9 583 598.7 611.2 622.4 634.7 644.3 653 659.9 666.5 673.3 678.9 682.9 684.6 688.2 690.1 686.5 687.1 692.8 697.4 698.7 695.2 702.7
670.8 690.7 700.8 703.3 704.4 701.5 694 685.8 679.6 670.6 661.5 653.5 646.4 643.5 642.8 640.5 639.6 638.3 636.5 635.9 636.8 638.9 645.9 653.5 661.7 666.3 661.9 652.1 642.8 632.1 620.4 611.4 600.5 586.1 575.1 562.2 553.2 539.7 533 524.4 521.8 518.4 511 502.9 497.2 501.3 503.5 506.4 509.8 514.6 524.3 533.8 549 559.7 571.4 585.2 599.4 610.2 620 632.4 643.1 651.6 659.2 664 670 675 681.3 685 688 691.7 694.5 696.4 695.3 694.9 695.5 699.9 704.4 708.8
668.1 687.3 696.7 694.4 684.5 679.5 673.6 666.1 660.3 652.2 645.6 639.2 634.7 632.4 629.4 626.1 625.5 625.4 626.5 625.4 626.9 630.7 637.2 645.6 651 647.1 640.2 631 622.4 614.9 604.2 594 580.4 566.3 556.5 546 535.8 527.8 521.5 513.9 507.6 504.7 501 496.1 497.3 503 508.8 511.6 520 530.3 540.4 551 564.3 575.8 587.8 602.1 613 620.7 629.9 640.8 652 659 664.5 669.2 675 679.5 683.6 687.3 691.3 694.8 696.7 698 700.8 701.2 699.7 700.5 699.8 704.3
651.4 673.1 681.4 674 666.1 659.7 650.5 650.6 644.4 636.2 630.3 627.5 623.2 618.4 616.7 616.2 614.9 615.7 616.9 616.5 618 621.7 627.6 631.9 629.4 623.5 618.1 610.6 604 595.6 584 571.7 559.3 545.8 534.7 527.4 520 513.5 511.7 505.3 498.9 496 495.7 496.5 499.6 507.6 514.8 525.4 533.3 544.7 558.7 569.4 581.3 593.4 604.6 616 626.3 633.9 643.4 653 660.4 667.2 671.9 675.1 680 684.3 686.5 690.6 694.6 698 698 699.5 702.8 706.9 707.3 707.6 708.3 710.1
634.1 655.7 656.1 652.8 647.1 644.4 635.2 633.9 626.8 620.4 618.4 615 609.7 610.1 607.6 607.4 604.7 605.6 606.1 604.5 608.2 611.7 614.1 613.8 610 605.1 599.8 591.8 583.6 573.7 561.8 550 536.9 528.7 519.7 510.9 504.6 502.1 503 499 493.3 494.3 497 501.7 509.8 519.6 534.9 546.5 557.2 564.1 575.7 589.2 600.2 612.6 621.5 633 640.1 647.9 655.3 662.3 668.8 674.2 680.5 685.3 688.3 690.2 695.3 697.3 702.1 706.3 709.4 713.4 718.3 718 718.6 719.4 718.3 716
616.8 630.3 633.1 634.5 634.5 629.8 619.1 616 613.1 609.8 605.3 606.1 601.9 599 596.1 598.1 595.2 593.7 590.2 590 593.3 595.2 595.3 593.4 590 585.2 577.9 569.9 560.6 549.5 538.7 528.3 520.4 511.6 504.8 501.1 495.6 496.9 496.5 493 497.6 502.1 508.4 517.8 526.5 535.1 545.7 559.4 571.8 579.5 593.5 609.7 619.3 628.8 637.3 647 654.2 662.3 669.9 675.8 683.3 687.9 692.3 695.1 700 704.5 708.8 712.6 715.9 720.3 730.8 736.2 741.6 739.6 741.5 738.9 736.7 733
597.6 610.3 618.3 619.6 613.3 609.5 607.7 605.2 601.7 596.7 597.2 594.5 590.1 587.6 586 582.3 580 574.8 570.5 569 573.4 575.3 575.3 573 568.9 561.8 554.5 547.3 538.9 529.5 521.6 512.5 505.6 501.3 497.9 492 492 491.4 491.7 498.4 505.7 514.5 524.8 532.4 539.6 549 558.5 579.2 594.6 604.4 614.9 623.6 636.3 642.5 650.2 659.8 667.8 676.2 681.7 690.9 699.4 709.8 712.1 711.9 715.1 719.9 728.5 734.3 738 753.9 760.2 766.7 761 756.9 758.9 767 760.3 746.7
583.6 593.6 596.9 600.4 600.3 597.9 595.7 591.7 590 588.3 588.9 581.4 576.4 572.3 568.3 562.4 557.4 551.9 549 544.6 550.1 553.3 552 548.9 542.7 538.7 532.8 525.3 517.3 509.1 503.3 498.7 496.1 494 490.4 489.4 493.1 496.9 502.2 510.9 517.8 527.8 537 545.9 556.8 568.8 581.5 598.4 610.7 621.4 630.5 640.2 650 655.4 665.9 675.3 686.2 692.8 700.4 707.6 711.7 718.7 725.1 727.9 732 744.2 751.3 756.4 759.5 771.7 779.4 778.9 778.3 774.9 776.1 775.3 769.2 757.4
568.8 579 587 589.9 587 582.1 581.1 579.1 580.8 576.2 570.4 562.6 557.7 552.5 547.5 541.8 534.9 529.6 529.2 526.2 531.1 532.9 535.1 529.8 523.9 519.4 513.6 507.6 501.3 497.2 493.5 492.1 491.1 489.8 489.1 492 500.6 506.9 515.6 523.5 532.3 541.6 550.9 563.9 574.5 587.7 601.9 614.5 625.8 636.2 645.4 654 659.4 667.3 676.1 687.4 697.7 702.9 712.3 719.3 722.8 731.6 737.4 742.7 747.9 754.5 760.8 769.1 774.2 777.7 784.2 787 787 784.7 784.7 782.4 777.5 764.2
554.9 568.2 574.6 575.8 571.6 570.5 569.8 571 565.4 557.2 552 544.7 540.2 532.2 526.9 520.8 512.9 509.9 509.4 503.9 511.7 514.9 514.7 507.8 500.2 501.3 497.1 495.2 491.6 490.9 489.9 489.4 487.1 487.3 490.3 500.9 511.2 519.1 529.5 538 547.3 558.1 569.2 581.1 592.8 608 617.1 627.9 641 653.8 661.1 663.6 672.4 682.4 693.2 701.1 711 717.9 727.4 731.8 736.2 741.9 746.8 751.3 756.1 762.3 768.9 775.9 781.6 783.6 789.3 791 793.3 792.5 790.2 787.5 782 769.9
534.9 549 557.5 562.3 561.9 560.9 557.5 551.6 546.9 539.7 534.9 528.1 521.7 515.1 508.3 497.3 492.2 488.2 490.1 485.5 490.2 491 488.2 487.2 484.1 485.6 486.8 487.6 487.1 487.9 488.9 486.7 486.6 495.5 503.2 511.6 522.9 532.9 542.8 552.6 563.2 574.1 586.3 598.6 608.8 620.9 631.3 642.4 656.3 659.6 666.7 673.3 682.7 691.4 703.2 712.3 719.3 725.2 733.5 739.1 746.7 752.6 755.1 757.9 762.6 769.8 772.3 777 780.2 786 790 794.1 799.2 800 794.8 791.3 785.2 766.9
524.8 532.6 540.2 542.4 544.9 542.9 540.6 534.4 528.3 522 514.8 510.1 502.8 492.2 484.7 478.5 474.3 473.2 469.5 471.3 470.3 472.8 477.5 480.3 482.2 482.7 483.8 485.2 485.8 487.5 486.4 488 496.9 508.3 515.7 526.3 536.1 547.2 558.2 568.6 580.1 592.1 601.6 612.2 622.4 634.8 644 655.9 660.8 668.3 676.2 681.9 689.7 699 710 717.6 726.5 733.1 741.5 747.3 754.2 759.2 760.9 762.7 765.8 769 771.6 773.7 775.6 780.2 785.2 794.3 799.1 798.4 794 786.9 776 757.7
512.3 523.2 526.3 527 527.6 525.8 519.8 513.6 509 501.4 493.3 486 476.9 473.2 468.4 462.4 461.9 455.9 457.7 463.6 462.2 467 469.9 474.2 479.2 479.5 481.5 482.2 482.3 482.3 492.1 500.5 509.9 518.6 529.1 540 551.3 562.6 574.1 585.5 595.7 607.1 614.9 625.4 638.6 647.6 657.9 662.1 668.3 675.2 684.7 689.6 699.6 711.9 719.5 727.4 733.3 740.9 747.9 752.3 756.5 759.7 763.5 763.1 762.7 764.2 767.2 769.5 771.5 774.7 779.5 782.9 786.8 787.4 783.2 775.6 766.1 753.2
497.8 506 510.8 512 506.6 504.8 496.8 487.9 482.3 477.9 470.6 464 462.4 457 451.8 446.7 449.7 450.4 463.7 457.6 473 473.8 476.7 472.8 470.7 473.1 476.1 479.1 490.7 499.7 508 513.6 522.8 531.9 543.8 554.5 566.8 578.6 588.5 599.7 612.2 618.9 628.2 639.2 649.9 658 666.3 670.2 675.1 682 691.2 699 711.3 719.4 725.8 730.2 737.5 746.2 751.8 756.1 758.3 758.8 760.1 761 760.4 759.6 760.1 762.1 764.5 766.9 770.6 775.5 779 778.3 774.1 768.3 759.6 745.9
482.9 488.9 489.8 490 484.7 477.3 473.1 464.6 457.2 455.7 451.8 450.6 447.5 440.3 446.4 449.9 452.5 455.6 455.5 466.7 474.4 479.7 480.3 481 481.7 484.2 488.7 495.5 503.2 511.2 518 525.2 534.1 546.4 556.1 569.8 581.5 592.1 601.9 611.7 618.3 627.5 637.8 649.6 655.3 662.2 671.7 675.3 678.9 689.9 698 703.9 713.7 722.4 726.4 730.6 738.8 746.1 751.7 756.5 759.2 758.3 758.1 758.2 756.8 755.3 755.5 756.6 758.1 758.7 760.8 763.8 766.7 769.5 768.3 762 751.3 738.1
464.5 470.1 471.6 469 461.7 456.4 450.3 447.6 445.9 443.9 437.6 432.7 439.8 448.7 448.4 455.7 458.1 460.6 462.6 467.1 471.1 476.1 483.2 485.2 488.7 492.4 499.3 507.9 514.9 521.9 529.9 539.2 547.9 559.9 572.7 583.1 593.5 602.8 611.3 621.2 631.1 639.8 649.5 656.5 661.1 667.9 673.4 678.8 683.9 694.4 701.8 707 715.8 722.2 727.1 732.4 738.9 745 750.6 754.7 756.3 755.7 755.2 754.5 752.4 750.2 749.5 748.6 749.1 751.3 754.3 756.4 756.1 757.1 755.8 751.1 740.9 730.7
442.8 449.4 450.3 449 444.5 441.3 439.2 433.5 429.4 435.9 441.5 444.9 447.6 451 456.1 458.9 462.8 467.6 469.1 461.6 472.7 477.6 484 489.7 495.3 501.8 508.9 516.8 525.5 534.2 542.1 552.9 565.2 576.6 585 594.1 602.9 612.4 621.9 634.1 643.4 648.7 657.1 664.1 669.8 674.3 679.2 683.4 691.5 697.9 705.1 711.4 718.3 724.8 730.9 736.2 741.1 745.7 748.2 750.9 752.2 751.8 751.1 749.3 745.9 745.5 744.1 743.5 744.1 744.8 744.7 745.3 747.1 747.7 746 740 731.4 724.7
422.4 429.5 433.4 434.3 432.4 432.8 421.9 434.2 438.4 441.6 445 448.2 452.1 455.7 460.3 466.7 475.2 479.9 479.9 476.5 477.8 480.9 486.8 494.7 501.8 508.9 517.3 525.9 535.5 543.7 553.7 567.8 578.3 587.3 594.8 604.8 615.9 625.9 635.8 648.2 651.1 655.2 660.7 667.9 673.7 678.1 682.3 686.7 694.7 702.8 709.7 715.8 721.5 726.5 731.9 738.3 742.7 745.6 746 746.6 746.3 745.6 744.5 742.5 740.1 738.8 738.3 739 739.4 740 740.4 740.1 739.6 737.7 735.5 731.5 723.2 718.8
409.1 417.4 420.5 423.2 424.2 418.3 430.9 436.4 441.4 446.6 452.3 456.3 461.8 464.7 475.3 472 486.3 489.4 491.1 482.8 481.1 486.2 491.9 498.4 506.3 515.5 524.4 532.5 543.2 553 564.8 576.6 587.4 597 608.6 620 628 636.7 648.5 654 657.3 662.4 664.5 668.8 673.8 680.7 686.6 691.1 699.7 706.6 712.6 719.2 725.2 729.9 734.2 736.6 740 742.3 742.6 741.7 740.8 738.8 736.8 735.3 734.2 733.4 732.4 732.6 732.8 734 734.9 734.1 731.8 729.7 725.8 720.3 717.5 713.5
390.5 393.9 400.6 399.6 423.8 430 436.8 445.4 452.8 462.3 469.5 472.9 478.6 478.8 490 496 501.4 500.6 496 483.5 473.4 492.9 498.4 504.1 511.2 522 532.2 543.2 553.1 564.6 576.6 588.4 598.4 608.2 621.6 632.2 638.6 647.4 652.1 655.6 659.3 667.1 671 673.4 676.6 682.8 689.4 696.7 706.6 712.5 716.3 722 727.9 732.4 735.2 737 737.3 737.3 736.4 734.1 733.6 732.4 730.8 729.2 728.5 727.3 726.7 727.4 728.2 728.6 728.6 727.1 724.8 720.9 717.9 714.9 712.4 708.8
402.7 412.4 416.7 423.3 431.8 440.8 449.8 459.3 469 479 485.9 489.9 493.2 504 498.5 518.6 503.7 512.6 482.7 477.9 492.9 498.7 503.2 511.3 519.3 529.7 542.2 552.7 564.1 576.3 586.8 598.3 607.9 618.9 629.8 639.3 644.3 649.5 652.9 656.4 661.8 670.3 673.8 674.8 680.6 686.5 692.4 701.3 708.5 715.4 721.9 728.8 732.5 733.8 733.5 733.3 732.2 730.3 729 728.2 728.4 726.6 724.9 722.9 721.7 720.7 719.8 720.1 720.2 719.4 718.8 718.1 716.1 714.4 711.1 709 706.4 704.4
413.9 424.5 431.9 438.7 446.6 456.1 464.9 476.4 488.3 497.7 506.7 512.8 517 520.3 510.4 538 514.9 516.1 480.7 486 499.1 507.4 512.9 519.2 527.4 540.6 551.6 564.4 576.5 588.6 599.1 609.5 621 629.9 640.4 644 646.8 650.6 654.2 658.9 666.4 669.2 674.6 675.9 679.5 685.1 691.2 694.6 700.1 711.8 717.5 723.6 727.6 728.8 729.4 727.2 725.6 724.9 724.1 722.9 722.6 720.7 718.5 716.8 715.5 713.6 713.1 711.9 711.8 711.7 711.6 709.9 709.1 707.3 704.5 703 701.8 701.4
423.7 435.7 446.8 455.8 463.4 473.1 481.5 497.5 511.5 518.1 526.3 535.3 537.5 543.4 521.9 525.9 537.3 507.4 512 506.3 494.3 516.9 524.2 532.2 538 552.9 564.8 576.5 588.1 597.7 609.1 617.3 626.5 635.1 643.8 645.9 648.1 650.8 654.7 660.5 663.8 666.9 671.3 675.8 680.3 685.3 693.8 698.8 702.1 709.7 716.2 717.7 720.7 721 721.3 720.8 720.6 719 718.7 716.8 715.8 714.6 712 709.3 707.6 707.1 706.5 705.6 705.2 704.5 704.3 703.1 702 700.8 698.8 699.4 699.2 699.8
435.1 447.1 462.9 473.5 482.6 494 507.2 519.1 530.3 537.7 541.5 550.9 559.1 560.6 538.4 529.5 530.8 545 544.2 545.1 529.9 525.1 537.7 545.3 553.9 562.3 576 588.2 598.2 605.9 614.1 622.7 630.2 636.8 642.5 645.1 646.8 648.5 651.5 655.3 659.4 663.9 667.9 672.4 677.4 684.2 692 697.2 702 706.1 713.9 715.6 715 714.9 714.9 714.4 713.6 712.6 711.7 711 709.3 706.4 704.6 702.1 700.8 699.1 699.7 699.2 699.4 699 699.3 697.9 697.4 697.1 697.1 698 697.6 698.9
439.7 458.7 471.1 484.2 500.3 513.9 524.5 539.1 549.3 552.9 563.8 566.7 572 572.4 564 560.8 570.6 568.9 563.6 559.2 548.5 530.9 546.4 555.8 564.3 575.6 584.2 592.3 600 607.5 614.5 623.6 630.7 633.8 635.6 639 640.3 642.5 644 647.3 652.1 657.7 663.1 668.8 674.4 679.1 684.4 691.8 695.3 700.8 707.6 709.7 708.3 707.7 707.5 706.3 704.8 705.9 704.8 705.4 702.8 700.7 698.3 697.1 694.9 684.2 685.3 685.7 692.6 694.4 694.6 695.1 695 696 695.6 694.4 695.5 696.1
447.6 468.9 482.6 496.9 510.7 524.9 539.6 547.5 558.6 566.3 573 576.4 575.6 580.4 581.4 582 581.1 578.1 573.7 570.2 563 546.8 544.9 559.2 568.7 578.2 586.3 593.2 598.7 605.1 611.7 618.8 623.2 625.4 626.3 627.3 626.7 620.5 622.6 634.2 643.5 648.9 653.4 659.8 666.2 672.5 679.1 683 688.3 694.1 697.7 699.8 700.9 699.5 699.2 697.3 699.2 699.3 699.7 696.3 695.7 695.7 693.1 691.7 689.5 683.8 687.4 688.3 687 691.4 692.5 692.4 691.7 691.8 693.3 695.5 698.3 699.1
451.2 470.2 489.7 503.9 517.5 529.5 545.4 557.9 564.8 572.4 578.3 581.4 582.1 585.2 586.2 587.8 587.1 584.4 582.5 579.9 573.7 560.9 541.9 550.2 566.1 576.6 584.5 590.8 596.1 601.7 605.9 611 613.7 615.9 614.4 613.4 619.6 626 629.8 633.4 633.9 630.9 635.8 650.1 656.4 664.3 670.3 676 681 685.6 688.8 689.6 688.7 685.6 687.8 689.2 692.5 692.3 691.2 692.1 690.1 690.6 688.2 683.1 682.3 684.4 689.1 690.3 690.7 691 692.7 693 695.5 697.6 699.1 701.6 703.7 703.5
452.1 471 493.4 508.7 521.7 538.1 550.8 562.9 569.7 575.3 580.4 584.4 587.1 588.6 590.9 592 591.6 589.1 586.7 585.4 573.8 566.9 563.7 568.8 567.4 569.3 576.7 581.4 589.1 595.3 602.4 600.8 603.2 601 612.1 619.1 629.3 636.8 640.1 643 644.5 641.9 643.5 641.9 646.1 653.2 659.8 665.8 669.2 672.4 674.4 673.8 676.5 677.4 681 683.6 685.2 686.3 686 684.8 684.3 683.7 680.2 679.7 685.3 686.1 689.5 691 692.7 694.5 697 699.6 703.3 705.4 706.8 709.4 711.3 712.6
453 475 496.5 513.2 528.8 542.5 555.9 564.8 567.8 575.9 581.6 587.5 589.2 591.1 593 594.4 593.9 592.4 591.2 588.2 584 586.5 586 583.2 582.7 578.8 580.8 586.8 585.1 589.3 595.1 602.7 609.9 619.2 623 629 635.3 640.3 646.6 649.8 651 652.9 653.5 653.5 650.6 645.5 651.3 653.5 656.9 659.5 661.3 662.5 665.9 671.2 674.4 670.3 671.6 673.8 676.3 678.1 676.4 677.7 680.1 682.5 685.9 687.9 690.4 693.1 696.2 698.9 702.7 709.2 716.2 717.9 719.7 722.5 723.9 727.1
449.7 473.2 498.1 513.5 528.1 545.1 556.5 562 571.8 576.4 582.2 587.2 590.5 592.8 594.8 595.8 595.8 595.7 595.4 590.6 588.9 595.3 594.5 595.2 592.2 592.9 595.2 598.6 600.7 604.3 607.6 610.6 616 620.1 626.5 634.2 641.2 646.5 651.2 654.5 656.6 659.4 662.2 661.9 661.2 661.9 660.1 661.4 659.4 654.8 657.9 661.1 663.1 664.7 665.4 667.6 669.7 672.1 673.9 675 674.5 679.4 682.4 684.3 686.6 689.6 692.4 695.7 699.2 704 712.2 719 725.5 731.9 734.7 740 740.3 745.2
