public/OST50/NH58.asc
ncols 200
nrows 200
xllcorner 250000
yllcorner 880000
cellsize 50
[rows 70 to 104 of 200, columns 78 to 155 of 200]
451 448.6 446.9 443.3 444.7 444.2 438.9 432.2 427 422.8 422.6 423.7 424.3 425.8 426.1 425.9 425.8 425.4 424.1 422.9 420.8 417.5 414.4 409 406.5 401.7 393.7 390.3 386.3 383.4 381 380.3 379 377 374.6 370.6 365.7 362 356.7 352.3 346.7 340.3 337 332.7 325.5 321.3 316.1 311.7 304.9 297.7 289.7 282.1 276.9 276.7 275.1 271.9 266.7 261.6 258.8 253.8 247.2 245.7 243.5 240.4 236.3 235.8 241.7 243.8 246.6 247.7 249.7 252.3 253.5 252.7 252.9 256 258.7 259.9
440.9 439.7 437 437.9 437.5 433.8 429.1 424.6 422.1 419.6 417.5 418.4 419.6 420.2 423.6 424.2 425.5 425 423.1 423 420 420.2 412.6 404.8 400.9 395.9 390.2 387.7 384.3 380.5 379.8 378.2 377.2 375.1 372.6 369.8 364.1 362 359.7 354.9 350.9 345.2 341.3 336.9 332.1 327.7 322.9 319.7 312.1 304.4 296.3 288.1 280.5 277.7 278 276.3 271.6 264.2 258.5 255.6 253.5 250.8 246.7 242 237.2 236.8 244.7 249.4 251.4 251.4 251.3 254.8 257.3 258.3 257.7 257.8 259.7 262.4
430.6 430.8 430.9 429.9 428.8 425.7 420.3 421.9 419.7 417.2 415.5 414.5 413.9 419.6 421.9 424.5 423.9 422.8 420.8 420 421.5 416.9 407.8 401.1 395 390.7 386.6 383.8 381 378.2 378.9 376.3 373.9 371.7 368.7 365.2 361.8 360.8 359 356.6 353.7 350.3 346.8 344 338.5 332.9 328 324.1 317 309.1 301.9 293.3 286.1 280.2 279.1 277.6 272.9 267 261.9 255.7 255.6 252.6 247.5 240.7 234.9 239.3 245.6 251.3 253.2 253.1 253.9 255.1 256.7 259 261.9 264.1 266 267.2
425.6 423.9 421.4 421.5 419.3 415.5 420 418.6 415.8 413 409.8 406.9 413.9 417.6 420 420.8 421.4 419.4 418.1 416.8 411.4 408.4 400.9 398.1 395.6 391.2 388.1 384.3 380.9 377.8 373.9 373.3 369.9 367.4 364.4 361.3 357.7 359.1 357.5 355.8 354.4 353.5 352.4 350.7 346.2 340.5 334 327.1 321.3 313.5 306 297.9 288.9 284.4 280.9 276.9 273.2 272 266.6 257.8 255 252.6 247.1 238.1 237.7 244.3 248.1 252.5 253.3 253.4 255.9 257.1 259.2 259.6 260.6 265.6 267.1 267.2
421.2 418 413.6 412.6 411.7 413.1 411.6 411 405.7 405 402.4 408.2 412 414.8 415.9 416.4 416.5 416.6 414.7 410.5 405.5 402.5 398.3 396.9 394.5 390.5 386.7 382.8 378.8 375.2 371.4 368.4 367.4 363.5 361.3 358.1 355.9 355 354.4 353.3 353.5 352.3 353.3 353 348.5 343.4 336.6 330.8 324.7 318 311.6 304.1 294.8 287.8 283.4 278.9 276.5 274.5 269.4 261.7 252.5 250.7 245.6 237.3 241.5 247.7 251.9 253.5 252.7 254.4 256.7 257.4 260.4 262.8 264.1 266.8 267.3 266.7
413.9 409.9 408.8 408.9 407.9 405.2 403.3 400.7 400 398.7 402.9 405.7 407.9 410.3 411.4 410.9 410.5 409.9 407.6 405.6 402.9 400.3 397.8 396.5 393.3 389.1 384.3 382.2 377.6 375.1 368.7 364.1 363.7 359.5 356.4 352.7 351.4 349.5 349 349.2 349.3 348.3 350.9 351 347.2 342.2 337.5 332.8 327.7 321.8 315.3 308.8 300.7 292.5 286.5 282.7 276.5 274.7 270.6 263.5 252.8 248.9 243.9 238.5 241 248.3 252.4 252.8 253.8 257.7 260.1 259.5 259.7 263.5 265 267.1 266.9 264.7
404.3 405 405.9 404.5 403.4 399.9 398.7 397.2 396.7 396.6 399.4 401 402.4 404.9 406.3 405.8 405.1 404.1 403.5 402.7 400.6 398.3 396.5 395 390.3 386.5 382.1 379 373.8 369.3 361.9 360.5 356.6 355.4 351.1 346.1 344.5 343 341.7 340.7 341.4 339.2 342 342.2 341.9 341.5 338.6 333.6 326.5 320.7 315.8 310.3 304 296.8 290.8 283.4 279.5 274.6 269.8 263.7 254.7 247.1 243.8 241.4 246.1 250 251.7 252.2 256 259.2 261.5 262.2 262.8 263.7 265.1 266 265.3 265.1
398.7 399.4 399.7 398.7 396.6 393.8 393.9 393 394.2 392.2 393.8 395.1 395.4 396.9 397.8 399.6 398.7 398.3 399.1 399.7 398.9 396.5 392.2 389.1 386 380.6 373.7 370.4 368.5 366.7 364.1 360 355.8 348.2 344.7 339.1 336.6 334.5 333.7 331.4 332.2 329.3 332.9 335.1 337.5 339.4 340.6 334.7 325.1 319 315.9 312.2 307.3 300.7 292.4 284.8 279.1 272.1 266.9 262.4 255.8 247.7 246.8 245.3 250.6 253.9 253.9 254.7 257.1 257.7 260.6 262.2 261.3 260.8 261.8 263.4 264.9 265.3
396.5 396.5 395.8 392.3 391.7 391.3 389.9 388.5 388.7 387.2 388.7 389.9 390.5 391.2 391.6 390.7 391.2 391.7 393.9 394.2 393.3 390.5 387.3 383.6 381.2 381 375.8 370.8 367.8 363.6 356.5 353.6 351.2 344.3 337.7 333.6 331.3 328.4 327 324.4 324.1 323 323.9 326.2 329.1 329.4 329.2 326.2 319.1 317 315.5 312.6 308.2 298.9 289.3 283 275.1 269.5 263.8 261.4 258.2 252.4 249.1 250.4 254.6 257.1 255.9 257.6 259.4 259.4 259.6 259.9 260.9 261.6 262 263 265.1 265.6
390 391.2 390.9 390.6 390 389.7 388.1 385.2 386 384.7 386.5 386.6 386.4 387.1 386.5 386.5 386.2 384.9 385.9 385.2 385.5 385.4 383.2 384 382.5 378.7 372.7 365.7 362.3 357.7 353.6 349.7 346.4 342 339 330.2 325.3 324.3 321.7 320.9 320.3 319.1 317.3 318.3 319.3 321.1 319.1 317.1 313.8 313.3 312 311 305.8 295.7 286.9 280.3 272.8 271.7 267.6 262.4 258.5 254.8 250.6 253.9 255.9 258.2 257.6 257.9 258.4 259.2 260.4 261.1 261.3 261.5 261.8 262.2 264.6 265.6
386.7 388 389.2 389.4 388 387.2 386 384.2 383.6 383.1 384.5 383.4 384 382.7 384.7 384.4 382.9 382.6 381.6 381.5 381.8 379.3 378.9 377.9 376.8 370.5 363.2 358.1 356.2 349.3 343.6 339 334.6 332.8 326.4 322.9 319.2 314.8 309.6 318 316 315.4 313.4 311.9 310.1 309.2 309.5 306.2 305.7 303.6 302.1 303.9 300 292.7 280.8 275.2 270.3 271.4 268.8 265.2 260.5 256.5 253.4 257.6 259.1 259 259.4 260.2 260.8 260 260.9 261.4 261 261.4 264 264 261.8 265.3
386.2 387.1 388.1 389.1 388 387.5 386 383.8 383.1 383 383.5 383.5 383 381.1 382.6 380.9 377.8 379.8 382 379.7 381 382.2 379 377.7 375.4 374.4 369.4 367 365.7 357.3 352.2 349.6 344.8 338.4 333.3 330 326.7 323 306.5 313.6 311.8 312.4 310 306.9 304.7 300.8 298.6 296.2 294.5 293.7 293.3 293.9 292 288.1 276.9 270.9 268.8 268.2 265.9 263.5 261.3 258.7 258 260.6 261.5 261 260.7 260.5 260.4 260.8 261.3 261.5 261 262 264.7 264.6 261.9 262
385.8 386.3 386.8 387.6 387.9 388.2 384.7 383.4 381.7 379.3 381.7 379.1 379.4 380.3 378.5 381.1 383.1 383.7 383.4 383.5 383.3 383.9 382.8 382.9 381.5 376 374.4 371.8 365.9 360.5 349.9 351.1 347 339.6 334 328.5 324.1 318.7 309.6 301.5 300.7 309.1 306.7 304.5 298.7 297.2 293.7 290.6 288.4 283.7 283.4 283.7 280.9 274.6 271.7 269.1 269 263.6 261.1 260.2 259.2 258.5 260.3 262.2 262.1 261.1 260.9 260.7 260.7 260.7 261.1 261.2 261 261.6 264.7 264.5 261.2 261.2
383.4 384.9 385.5 385 384.7 381.5 381.7 381.5 383.4 383.3 383 382.7 382.8 382 380.2 383.3 385 386 385.4 385.2 385.1 385.8 386.3 384.6 386.6 388.8 383.6 375.7 374.8 368.3 357.5 350 340.3 334.1 328.6 322.1 319.8 316.4 313.4 310 303.8 295.6 296.2 297.3 297.4 297.1 293.6 284.6 282.3 278.6 274.9 270.7 272 271.5 269.1 265.7 265.5 263.7 263.3 262.4 261.3 260.1 261.5 261.7 262.1 261.2 260.7 260.7 260.6 260.7 260.7 260.3 260.5 260.9 264.4 264.4 261.3 261.3
384.5 385 381.9 383.6 384.5 385.1 385 382.7 384.7 384.6 383.9 383.1 382.4 381.1 383.6 384.8 387.1 388.3 388.2 387.2 387.9 389.7 389.9 392.3 392.3 394.4 391.4 390.9 386.3 378.8 367.1 360.3 353 345.8 341.3 333.6 322 315 311.6 306.5 304.2 299.5 294.8 290 289.7 286 286.3 281.9 285.4 281 276.8 273 268.9 267.9 270.6 269.5 265.9 264.7 263 262.1 261.2 261.9 261.5 261.3 261.4 261.6 260.6 260.6 260.6 260.1 259.8 259.7 259.5 260.1 262.6 262.9 260.2 259.7
383.5 381.5 385.6 386.3 386.2 385.7 385.3 384.9 384.3 383.7 383.1 383 382.3 382.9 385.3 388.9 390.9 392.8 392.5 391.2 395 398.5 401.7 407.1 406 408.4 407.4 405 398.7 391.6 381 368.3 358.5 355 346.9 340.1 331.3 322.8 311.6 308.9 308.9 308.9 306.5 300.6 288.4 302.7 297.2 295.1 294 289.1 284.8 276.1 272.2 267.6 265.3 263.6 261.9 264 263.3 261.1 260.5 262.2 262.6 260.9 260.4 260.5 260.8 260.6 260.7 259.7 259.6 259.2 259.2 258.6 259.3 258.5 258.2 259.7
382.8 384.2 386.4 387.1 387.1 386.5 387.1 385.9 385 384.3 385 384.8 384.2 384.5 387.8 391.3 393 394.1 394.5 394.9 399.4 408.8 413.2 415.6 415.4 418.1 415.9 414 408.5 403.5 394.6 382.5 371.2 360.6 355.5 345.8 333.9 328.8 319.2 318.6 317.4 316.6 315.9 315 312.9 309.4 305.6 301.7 296.9 293.2 288.3 283.2 278.8 272.6 265 261.1 260.8 259.8 257.5 258 259.9 261.5 262.5 260.9 260.2 259.7 260.5 260.2 259.7 260 258.6 258.2 258.8 259.4 257.8 257.4 257.9 259.1
385.9 387 386.6 388.8 388.6 393.1 391.8 387.6 389.1 390.3 390.1 389.7 391.3 392.5 392.2 399.4 404.1 401.5 403.5 406.2 408.7 418.8 421.9 422.8 426.1 427.7 425.5 422.6 418.3 411.2 404.4 393.4 381.2 370.7 360.7 357.6 343 335.7 329.2 326.8 328.6 329.2 327.2 322.6 319.3 313.9 310.2 304.5 300.9 294.9 288.3 283.3 280.6 278.3 273.3 268.7 261.2 257.6 256.8 256.4 256.9 259 260.5 260.2 260.1 259.9 258.8 259 259.2 259.9 257.7 257.3 258.3 259.3 259.4 257.8 256.1 256.7
390.7 392.5 392.3 390.7 389.8 393.2 390.5 391.1 391.6 396.5 398.3 398.2 400.6 402.8 402.4 407.3 409.3 408 412 416.8 421 427.3 431.5 435.1 436.8 439.3 438.5 435 429.1 423 414.5 405.2 395.4 383.9 379.8 366.9 352.6 346.5 341.6 339.5 341.6 336.9 332 329.2 323.1 320 314.5 308.6 303.2 298.1 288.5 287.1 286.3 282.7 275.2 272.2 266.7 259.9 257.6 255.2 254.7 254.5 254.7 255.7 259.2 258.5 258.5 257.9 257.9 257.8 257.4 257.2 258.7 259.1 259.7 258.7 255.9 255.3
393 393.9 394.5 392.4 392.2 393.1 396 398.4 399.9 400.5 403 405.3 407.4 408.3 407.9 408.7 412.3 416.7 419.4 423.4 428.5 434.3 439.4 443 447.9 452.9 453.8 452.2 449.2 441.2 432.2 421 414.6 403.3 389.7 371.1 362.9 356.9 353.5 353 350.6 344.9 340.1 334.4 328.9 321.3 315.4 310.8 303.9 299 294.6 291.8 291.7 284.2 278.7 273.5 269.5 264.4 259.6 256.9 256 256.5 254.7 252.3 256.8 257.5 257 256.9 257 257 257.2 257.8 258.8 257.8 257.7 257 253.8 254.5
398.1 396.5 395.7 395.5 395.4 397 398.8 403.4 405.6 406.4 408.6 410 411.1 414.5 415.6 416.4 418.5 420.5 425.4 431.7 437.7 444.2 450.8 456.8 461.8 465.9 469.1 469.4 464.9 455.4 448.5 437.8 423.2 407.9 391.5 382.8 373 369.3 363.9 362.1 358.4 354.6 348.4 342.3 336.3 326.6 320.6 309.3 307 301 298.4 294.6 289.1 284.1 280.5 277.5 272.9 265.4 260.6 257.7 257.6 259.2 260.1 251.1 257.2 256.7 256.6 256.2 257.4 257.8 257.3 253.7 255.3 255.1 253.9 253.9 252.8 253.2
399.8 399 398.5 398.6 401 402 405 405.6 409.5 412.3 412.6 415.4 420.3 424.1 425.1 423.7 425.8 428.4 435.1 439.7 444.8 452.4 460.8 466.3 471.6 477.2 480.9 479.6 474.8 466.3 456.8 443.5 429.5 414.4 403.4 391.8 387.2 382.2 376.1 373 369.5 362.5 355.2 347.5 340.2 332.9 325.6 318.6 313.1 309.3 304.3 299.4 294.1 289.9 283.1 278.8 274.7 270.8 266.4 262.4 257.6 255.2 254.7 250.4 257.9 257.6 255.9 256.3 255.9 257.8 257.6 256 252.3 252.2 252.4 252.2 251.3 251.5
400 400 399.8 404.9 407.7 409.9 410 413.6 417.7 420.7 422.1 423.9 428.4 429 433.4 431.9 435.5 437.9 440.1 446.4 450.9 456.9 465.8 472.3 478.4 483.1 486.2 489.4 488.1 483.9 468.7 450 434.8 424.7 412.6 403.4 398.1 391.9 386 381.5 377.8 370.6 360.4 352.9 345.3 338.8 330.8 326 322.6 316.9 309.1 300.8 300 293.6 287.3 281.8 277 274.4 266.8 263.8 259.8 256.2 253.5 248.8 251.3 254.7 254.1 255 253 253.1 255 256.6 254.8 253.7 251.9 251.3 250.9 250.7
400.9 401.9 403.8 407.3 413.8 419 420.3 424.1 430.6 430.9 432.7 435.8 437.5 439 438.4 437.6 437.4 440.8 446.8 450.9 455.4 462.8 469.8 475.9 481.5 487.5 495.4 501.9 497.8 484.4 469.4 454.7 443 431.3 422.3 419.8 410.3 401 395.6 388.2 383.4 372.6 364.8 358.2 351.9 343.7 336 333.5 328.9 316.1 312.7 309.2 301.7 298.6 292.1 286.1 281.8 272.5 269.8 267.5 262.7 258 253.8 249.1 249.3 251.6 253.4 253.9 253.5 252.1 250.9 253.2 254.3 254.2 250.2 249.8 251.5 251
404.4 409.4 413.7 419.6 422.4 425.6 431.4 435.8 439.8 441.9 445.4 447.3 446.5 444.6 443.1 440.2 443.3 443.8 449.5 451.8 456.5 464.3 470.9 477.2 486 493.9 502.4 503.8 497.2 485.6 472.8 457.7 445.1 440.1 433.4 425.1 417.2 411.4 405.5 394 385.6 376.3 369.1 364.2 357.8 350.5 344.1 339.3 331.8 324.2 317.4 309.7 306.7 300.4 294.1 287.1 277.7 277.5 272.7 266.9 263.9 260 256.5 250.6 247.6 247.4 250.6 250.2 250.6 250.1 249.1 246 249.4 250.9 251.6 250.8 250.8 251.2
412.6 416.1 421.2 427.5 430.3 432.5 439.6 443.6 447.5 451.5 455 455 455.8 451 447.8 444.6 445.5 447.8 451.8 454.9 459.9 465.8 473.5 482.6 491.7 500.4 505.9 507.4 500.8 488 475.7 471.2 466.2 456.4 443.7 435.1 427.4 417.8 409.7 399.3 390.6 383.8 376.9 370.8 366.7 359.2 352.3 345.1 337.9 328.1 321.8 313.1 307.2 299.9 290.7 285.6 282.5 277.1 271.6 268.1 267 262.8 258.7 256.3 253.6 252.5 245.9 245.8 246.3 248.7 248.2 245 243.7 246.5 248.1 247.5 248 249.1
423.5 428.3 430.9 433.5 437.2 443.3 447.6 450.1 453.6 458 459.5 460.7 459.2 455.1 449.8 448.8 450.5 452.1 454.5 458.2 463.1 469.8 479.1 488.8 497.4 506.1 512.7 514.2 509.6 493.9 484.7 477.6 470.6 462.4 453.8 443.2 434.1 425.2 413.7 405 397.8 392.4 383.8 377.9 372.2 366.7 359.6 351.1 340.6 332.2 325.5 316.1 308.5 297.8 291.2 291.1 289.3 284.6 279.3 277.3 272 267.5 264.3 260.3 256.5 255.6 253.7 248.5 246.2 244 244.6 243.2 242.2 240.7 244.3 245.7 245.6 244.7
434.4 440.5 443.1 444.2 445.2 449.5 455 458.9 461.4 464.9 466.1 465.3 462.6 458.1 453.6 452.6 455.1 456.9 458.8 462.9 466.3 472 482.7 492.7 501.6 510.8 514.5 512.7 506 497.3 490.1 481.6 475.3 470.7 459.2 446.7 438.2 427 418.6 410.6 405.1 397.2 390.3 385.7 380.2 372.1 362.7 353.7 343.9 335.2 328.6 317.1 309.1 299.3 304.3 302 299.8 292.9 284.7 285 277 273.9 271.3 264.9 260 257.8 255.8 251.9 248.6 246.1 243.3 242.5 244.8 243.7 240.3 240.2 242.3 242
447.9 451.5 454.7 458.4 462.3 465.1 468.7 467.9 466.4 468 466.9 466.9 466.7 462.2 459.4 457.3 457.3 459.3 462.3 466.2 470.9 476.1 482.2 489.7 498.9 505.1 507.5 509.7 506.8 497.1 488.5 481.7 477.1 470.5 459.8 451 442.3 433.1 426.2 418 410.1 403.2 395.7 392.4 385.1 376.2 367.4 357.9 348.9 341.7 331.6 318.7 308.6 317.4 316.5 313.4 307.1 301.2 300.2 297 287.9 281.1 274.9 267.8 263.4 259.2 258 255.8 250.9 249.5 248.2 246.5 244.5 243.5 240.4 239.6 240.2 237.7
453.3 457.1 461.4 466.4 470.8 472.8 473.1 474.8 474.4 472.1 471.1 470.8 467.1 464.2 461.4 459.9 457.1 458.4 461.3 465.1 470 476.5 480.3 482.6 487.3 496.1 500.2 497.5 494.5 490.8 485.9 478.9 475.7 469.2 460.3 453.8 446 439.5 432 423.6 416.2 409.2 403.1 396.8 389.8 379.5 371.2 362.3 353.5 345.8 332 324.4 325.8 328.3 327.4 324.2 321.1 318.7 315.5 307.6 299.7 286.6 279.3 270.5 264 261.9 259.7 257.8 253.3 251.3 249.7 247.3 244.8 242.6 243.2 242.7 241.2 245
455.9 458.9 463.6 467.7 471.9 475.6 477.8 478.1 478.6 479.7 479.5 472.7 467 463.3 459.9 458.4 455 455.3 459 463.4 467.9 472.5 474.5 476.5 480.7 484.3 487.8 488 487.9 485.7 478.4 471.6 468.9 464.9 460.6 455.1 448.6 444 436.5 428.7 421.2 415.8 409 402.2 395.1 384.6 375.7 365.5 359.3 349.9 339.6 336.2 335.7 334 330.4 327.1 328.7 326.7 320.6 314.8 303.1 294.3 283.2 276.2 269.4 264.1 261.5 259.9 254.7 253 250.5 247.2 244.3 246.7 246.9 247.7 248.2 248.2
456.7 459.8 461.9 467.2 471.6 475.3 475.9 474.9 473.5 472 469.9 465 461.3 458 456.7 453.3 451.3 450.9 453.5 458.1 462.9 467.2 468.6 470.2 472.3 476.1 479.7 481.8 479.8 473.5 467.3 464.5 464.9 460.7 459.5 453.9 449.2 444.7 438 430.8 423.6 418.7 411.4 405.5 396.5 387.7 378.7 372.6 361.1 357.3 351.2 347 344.1 341.2 340.4 338.9 332.7 332.3 326.4 319.3 308.5 300.8 288.6 279.4 272.8 267.6 266.2 259.5 256 254.3 252 246 247.3 249.7 249.3 249.4 249.3 249.2
461.1 462 463.4 466.7 469.2 470.9 471.1 471.3 469.8 467 463.4 459.5 457.2 456.2 453.9 450.6 446 444.4 444.7 448.8 454.8 457.5 459.6 463 465 466.7 469.9 471.5 469.1 463.7 459.3 458.4 459.4 455.7 454.8 450 447.4 442.1 437.2 430.3 424.9 419.4 413.8 406.1 397.6 393.7 386.2 378.7 366.8 367.2 362.3 359.1 357.1 349.9 350 350.3 344.4 345.1 339.1 331.2 318.7 304.7 290.7 281.3 274.5 270.3 264.9 259.9 256.6 254.3 251 247.2 250.6 250.6 250.5 250.8 250.2 249.2
463.1 463 464.7 465.7 467.3 467.9 467.7 468.7 467.2 464.4 460.3 455.6 452.7 449.4 445.7 442.7 440.4 438.7 441.3 443.1 446.8 451.6 455.5 457.6 460.3 460.9 461.9 461.2 458.8 455.5 451.8 450.5 450 449.2 448.2 445.1 443.1 439.3 434.2 428 423.4 419.7 414.9 408.7 402.2 397.6 391.2 381.7 379.2 375.1 370.9 366.8 362.6 358 356.7 357.2 352.1 347.6 342.7 330.6 319 304.4 292.3 282.7 277 269.7 265 260.4 257.5 252.6 251.1 250.8 251.7 251.9 251.9 251.4 250.9 250
463 463.7 464.3 463.8 464.6 463.7 463.7 462.2 460.8 458.5 455.6 451.8 447.1 443.6 440.6 437.9 436.2 435.6 436.1 440.6 444.6 449.1 451.5 453.8 454.3 453.9 453.6 453.5 452.6 450.3 447.3 444 442.1 441.7 441.3 438.9 437.2 434.3 429.9 425.1 421.7 418.7 414.9 410.3 406 402.3 398.4 392.2 387.8 383.4 381.2 377.7 375.3 370.1 359.8 357.8 349.3 342.8 334.7 323.8 313.1 303.6 291.9 281.3 276.4 270.6 264.3 259.7 256.2 254.6 255.5 250.9 254.1 253.5 252.3 251.7 250.9 249.8
