public/OST50/NH58.asc
ncols 200
nrows 200
xllcorner 250000
yllcorner 880000
cellsize 50
[rows 105 to 139 of 200, columns 78 to 155 of 200]
463.6 463 462.6 461.9 461.7 460.8 457.8 456.7 455.4 453.9 449.8 443.8 441.2 438.1 436.1 434.7 432.6 433 433.2 437.2 441.4 445 448.7 449.9 452 452.8 452.7 452.2 450 446.1 440.6 437.7 437.6 436.4 435.2 432.6 430.9 429 425.5 422.4 419.3 417.4 415 411.7 408.8 407.6 402.3 398.2 396.4 394.9 391.6 389.3 384.1 374.5 363.7 354.3 347.9 338.7 331.1 326.5 313 303 290.6 283.8 279.2 270.5 266.3 262.8 259.1 259.5 255 252.8 253.3 252.6 251.9 250.7 248.8 248.2
464.8 461.4 460 459.3 457.6 455.7 452.8 451.4 448.8 446.9 445.2 443.4 440 436.8 434.8 432.4 432.4 431.5 434.3 438 442 444.4 449 451.4 453.2 452.9 452.2 449.3 445.2 439 434.2 430.8 431.4 431 429.2 427.4 425.6 423.8 420.9 418 416.6 415.9 413.6 411.4 409.6 408.8 406.7 406 405.2 401.3 394.4 388.3 381.6 372.9 363.2 353.1 346.1 335.4 326.4 319.8 308.7 298.4 290.4 286.7 275.5 273.2 267.6 265.3 262.4 259.8 257 255.4 254.1 253.3 252.8 252 251.3 249.2
465.5 463.9 463.5 461.7 459.8 456 454.3 453.2 451.5 449.6 446.2 442.5 439.6 438.1 436.2 434.8 433.7 431.8 434.5 437.7 440.5 445.6 449 450.7 451.3 451 450.6 447.9 442.5 437.1 430.3 425.6 425.2 425.4 424.1 422.8 421.1 418.7 416.9 416.3 415.6 412.7 410.6 409.3 408.9 408.7 409.2 408 405.8 400.3 392 382.7 375 367.1 359.1 349.1 340.1 329.8 324.4 315.8 305.7 297.2 288.4 283.8 279.3 271.2 268.5 265.5 263.2 263.6 260 257.8 254.9 254 253.3 253 250.4 247.2
465.9 465.3 465 463.5 460.7 456.9 456.2 454.9 452.4 449.6 445.8 441.2 438.6 438.3 437.1 434.7 433.3 431.2 433.5 436.1 438.7 444.6 447.4 449 449.6 450 449.5 445.5 440.4 434.5 427.7 423 420.7 419.6 419.1 418 416.3 413.4 414.4 413.5 412.7 410.1 407.5 406.6 406.2 405.8 404.7 402.5 400.2 395.1 386.5 376.7 367.8 360.3 352.5 344 334 324.9 320 310.5 304.6 295.8 289.8 283.5 277.1 272.1 270.5 266.5 264.9 262.5 260.2 257.1 254.7 254.1 255.3 251.9 249.3 246.8
467.4 468.7 465.8 462.8 461.4 461.8 460.4 456.8 452.5 448.9 446 442.7 439.8 437.4 434.5 432.3 431.2 428.9 431.5 433.6 437.7 441.9 444.6 446.9 448.7 448.4 446.4 441.8 435.9 429 423.7 421.1 417 414.3 414.6 413.2 411.8 410.8 411 411.2 409.3 405.7 404.5 403 402.5 401 398 394.5 390.7 385.8 379.1 368.8 361.1 353.8 342.5 334.2 328.1 320.6 315.5 310.5 303.9 296.9 288 282 278 273.1 270.4 268.3 265.6 262.9 261.3 259.2 256.2 253.2 252.5 250.5 249.5 248.3
468.4 466.3 463.4 463.7 464.5 461.9 460.3 456.3 453.5 450.2 447.4 446 442.8 439.5 436.3 432.2 428.8 425.6 426.9 430.9 434.3 438.6 442.4 444.6 445.3 443.9 442 437.9 432.6 426.9 421.9 417.9 415.4 410.5 411.4 410 408.8 408.2 407.6 406.7 406.1 404.4 400.1 399 396.9 395.4 392.2 386.3 381.9 377 369.6 360.8 355 345.8 340.6 335 329.1 321.4 318.3 310.6 303.6 295.4 288.3 282.1 277.9 275 271.4 270.1 267 263.6 261.7 259.5 256.2 252.7 252.3 251.5 251 247.2
466.2 463.6 461 460.1 460.3 459.3 457 456.5 454.7 452.4 448.3 445.8 443.5 439.1 435.1 430.8 428.1 425.6 425.2 427.8 430.9 436.2 440.4 442.3 443.2 442.2 439.8 434.7 431.7 427.1 421.4 417.3 410.5 409.2 409.3 408.4 407.2 406 404.5 404.7 403 401.5 398.6 396.3 393.1 389.8 385.4 380.4 374.2 367.5 359.8 352 345.6 341.3 336.4 330.7 325.2 320.6 315.2 308.2 301 295.1 286.8 282.7 279.4 276.2 273.2 271.3 267.5 264.1 261.9 259.4 254.5 252.5 252.2 253.2 247.6 250.8
459.8 459.8 459.3 458.3 457.7 457.4 456.1 454.8 453.3 451.7 448.7 444 440.7 436.5 431.6 427.9 425.4 423.4 422.2 425.8 429.9 433.8 437.9 439.4 440.2 440.1 438 435.2 431.3 425.5 420.4 414 410.2 406 407.1 406.1 404 403 401.8 402.5 401.2 398.2 395.9 393.1 389.9 383.7 378.7 372.7 367.1 361.6 355.9 348.2 341.3 337.1 334.4 330.1 324.5 318.6 313.5 306.8 300.1 293.2 288 284.5 280.3 278.3 275.2 272 268.5 265.2 261.6 257.9 254.3 253.7 250.8 251.2 248.6 253
456 458.3 458.5 458.9 456.3 452.5 451.5 450.6 448.7 447.1 444.1 439.8 436.1 432 428.3 425.5 424 421.5 422.2 423.5 426.8 430.9 433.8 435.7 437.5 437.6 438 433.4 427.3 422.9 417.6 412.4 408.3 405.8 401.4 403.5 402 399.6 398.9 399.3 397.9 394.4 392.5 391.1 387.5 382.3 370.9 367.2 362.9 357.6 350.2 343.4 338.9 334.9 332.2 327.9 322.6 316.2 310.8 305.2 298.5 293.6 290 286.6 282 279.6 276.8 273.1 268.6 265.5 262 258.6 255.6 256.1 251 254.1 253.6 254.2
456.1 457.5 457.2 455.1 450.7 447.9 448.4 448.6 444.9 441.9 438.3 434.5 429.8 426.9 423.8 422.6 421.2 418.4 420.2 422.2 423.5 426.3 428.8 432.1 434.9 435.9 432.7 428.7 424.5 420.9 417.2 413.9 409.3 406 403.6 399.1 399.9 398.3 396 396 394.5 391.7 390.3 387.7 383.9 379.5 371.8 365.7 358 352.5 349 343.2 338.6 333 330 326.2 320.7 313.3 308.4 303.5 299.1 294.2 291 287.5 284.2 281.2 278.9 273.4 269.8 266.4 262.8 258.7 258.5 256.2 252.6 252.8 256.3 255.6
456.1 458.7 455.9 450.8 447 443.9 441.7 440.6 438.2 434.8 431.7 429.3 425.7 423.6 421.4 420.3 419.5 417.7 419.5 420.4 422.3 424.1 426.9 429.3 430.9 430.5 428.3 426.1 424.3 421.3 418.3 413.3 408.9 405.5 403.7 400.6 398.8 394 390.9 392.3 390.6 387.8 386.4 383.9 378.6 374.7 367.1 360.6 353.5 349.3 345.7 341.1 335.5 331.1 327.2 323.2 317.9 311.6 307.8 303.6 300.4 295.1 292 288.7 285.6 280.9 275.5 271.6 267.4 263.6 260.9 259.1 257.5 256.9 254 253 256 256.1
459.6 458.3 452.9 447.5 443 439 436.5 435.8 433.4 431.3 429.4 427.3 424.3 421.9 420.2 418.4 418.7 417 418.6 419.4 421.1 421 422.4 423.6 424.6 425.6 425.5 423.9 422.2 420.4 418 412.4 408.6 406 402.9 401.2 399 396.5 392.1 385.5 386.5 385.1 383.3 379.8 374.9 367.1 359.8 352.9 348.4 344.9 340.2 336.4 332 327.2 323.8 319.8 314.7 310.9 307.1 303 299 293.9 289.5 284.8 283.2 275.5 274.2 271.3 265.4 260.7 259.8 259.1 256.4 255.6 254 253.5 256 257.4
456.6 453.1 447.5 443.3 440.3 436.7 434.9 433 431 429.5 426.5 424.9 421.7 419.8 418.3 418 418.2 417.7 417 417.5 419.8 419.7 419 418.8 420.6 421.8 421.7 420.1 417.4 416.7 413.3 410.2 407.5 405.2 402.7 400.5 398.1 394.6 390.5 385.9 380.4 381.9 379.7 376.8 372.1 366.4 357.4 349.4 344.6 341 336.8 332.7 328.1 322.5 320.5 316.5 312.3 308.4 303.7 300.5 296.1 289.4 284.8 280.9 275.8 274.8 272.7 267.1 261.9 260.7 260.5 258.2 255.2 255.1 254.2 254.2 259.3 260.8
450.4 447.9 445.9 442.8 439 436.4 433.8 431.9 428.7 425.8 423.5 422 420.3 419.6 420.8 419.6 419.7 419.3 418.6 416.3 418.7 417.9 416.3 416.8 416.5 415.6 415.8 412.7 410.8 410.1 408.1 406.9 405.2 403.7 402 399.6 396.1 393.1 388.1 382.6 380 377.9 377.1 373.5 368.2 362.7 354.4 347.6 341.8 336.7 332.8 327.7 321.9 317.8 315.1 311.5 308.6 303.8 298.8 296 291.8 286.2 283 279.8 277.4 272.1 269.2 264.6 262.1 261.4 260.7 255.8 255.4 254.9 254.1 257.7 260.6 266.7
448.3 447.5 444.1 441.6 438.3 436.3 434.7 432.3 429.7 426.6 424.9 421.8 422.1 422.3 421.1 421 421.2 420.1 419.3 418.2 413.8 414.4 413.4 414.1 412.5 410.6 409.2 407.6 407.3 406.7 405.7 404.2 402.9 402.6 400.3 396.8 394.3 390.2 383.9 379.9 378.1 373.8 374.4 370.9 366.8 359.3 352.9 345.7 338.3 332 326.2 321.6 315.9 313.3 309.9 306.4 303.1 299.4 296.3 292.8 288.9 284.7 282.1 279.2 276 269.7 267.8 265 263 261 259.4 256.5 255.9 256.4 254.1 258.8 261.7 268.1
448.7 448 445.8 443.7 440.8 438.1 434.8 431.2 427.3 424.5 425.9 426.2 425.2 424.2 423.8 423.2 423 422.1 420.1 418.1 416.7 412.8 407.9 409.1 407.2 405.7 404.4 403.7 404.5 405 403.4 403.4 402.8 401 398.9 395.5 390.7 387.5 379.9 376.6 375.8 373.5 369.3 368.2 365.1 358.6 351 343.2 335.1 328 321.9 316.4 311.9 308.6 305.7 302.4 299 296.3 292.9 289.6 286.9 283.4 280.1 276.1 271.6 268.6 265.2 262.7 260.9 259.9 258.8 257.6 256.7 257.1 258.1 261 264.9 267.1
450.9 449.3 447.9 445.5 442.4 438.3 434.3 433.7 431.5 429.4 429.3 430 428.6 426.8 426.9 426.2 426.2 424.3 422.8 421 418.8 415.7 411.7 405.4 402.9 403.3 401.7 401.7 402.3 402.6 401 400.7 400.5 399.4 397.3 392.9 388.8 382.8 376.5 373.4 371.8 371.4 368.8 362.4 361.9 350.1 342.7 335.5 329.4 325.3 318.9 313.9 310.1 305.5 301.8 298.9 296.4 293.4 290.1 287.4 284.2 281.4 277 273.5 270.5 266.7 263.4 261.1 260.7 259.6 258.2 257.6 256.8 258.6 259 261.3 267.1 269.2
451.5 449.9 448.6 447.2 444.3 439.6 439.3 436.8 434.1 432.9 433.8 433.5 430.8 431 431.5 430.4 429.5 428.2 425.5 422.8 420.6 415.7 410.8 406.6 402.7 400.9 399.9 397.7 398.5 397.8 397.3 397.1 397.2 397.4 394.7 388.6 385 380.9 376.2 373.7 371.2 368.1 366.1 364.6 360.7 355.1 348.9 341.8 334 324.9 319.2 313.8 307.3 301 297.4 295.4 293.7 291 288.6 285.8 282.8 279 275 270.2 267.4 265.1 263.6 261.5 260.1 258.9 259 259.3 259.2 259.4 262.2 264.2 269.8 271.7
450.3 449.4 448.4 447.4 446.7 444.7 442.5 440.6 440.7 439.7 439.7 437.6 436.5 435.7 436.3 434.7 433.7 433.2 430.2 425.6 420.6 416.1 411.5 406 402.2 399.5 397.1 395.6 395.5 395.2 394.4 394.3 394.7 394.1 391.4 387.2 382.8 379.2 375.4 372.7 370.4 368.6 366 362.6 358.4 353.9 348 341.8 335.3 326.4 319.7 311.9 304.8 300.9 297 293.7 290.2 288.5 286.9 284.6 282.4 279.1 275.4 270.9 266.7 267.1 262.7 262.9 262.1 261.7 260.1 261 261.2 260 262.7 266.1 269.7 273.9
449 449.2 448.4 449.2 449.4 449 448.6 449.4 448.7 447.5 447.4 444.8 443.5 443.7 444 442.6 440.7 438.2 434.8 428.8 423 419.1 413.8 406.3 400 397.8 396.2 391.6 393.3 391.6 392.3 392.8 393.2 392.3 390.4 386.1 381.3 378 375 372.2 369.6 367.1 364.7 361.6 358.4 353.7 347.9 342.5 334.3 325.3 318.3 309.2 305 301.4 296.1 293.9 290.8 288.6 283.2 280.1 278 274.2 272.2 268.4 268.1 263.8 263.9 265.9 264.6 263.3 261.5 261.7 262 262.5 262.5 267.9 269.8 275
448.8 449.5 450.3 452 453.4 454.8 455.5 456.5 455.8 454.8 454.3 454.1 454.4 455.4 455.1 453.8 451 445.6 440.4 434.5 428.3 421 412.2 403.7 399.4 397.6 395.9 393.9 388.8 390.5 389.8 390.4 391.3 389.6 387.6 384.6 380.2 375.1 372.7 370.9 368.4 366 363.8 360.7 358.9 353.8 347.9 340.2 331.5 322.9 316.6 311.2 303.8 299.1 296.1 293.4 290.6 288.3 285.6 282.2 279 275.2 271.1 273.3 268.4 269.2 267.9 268.4 266.6 266.3 265 264.3 264.4 263.3 264.7 266.3 271.3 276
449.5 450.7 454.2 456.1 457.1 459.5 460.4 460.8 461 462.1 463 462.8 464.7 466.4 467.6 465.3 462 456.4 449.8 443.4 435 425.5 415.8 405 400.2 397.6 394.9 392.6 390.1 387 385.7 384.2 386.1 386.3 383.5 380 376.7 372.6 369.9 368.7 366.2 364 360.8 357.4 354.2 349.6 344.1 337.5 329.5 324.4 318.4 310.7 303.5 298.2 295.1 293.4 290.8 287.9 283.5 279.8 276.8 277.1 276.1 272.6 273.8 272.3 271.8 270.8 269.1 269.5 267.2 266.7 265.9 264.2 265.8 269.1 269.6 276.4
452.1 454.4 456.6 460.1 462 463.5 465.4 467.3 470.2 472.5 474.7 475.8 476.7 479.3 479.5 478 474.9 469.6 461.8 452.2 440 429.9 418.9 408.8 403.6 401.2 397.8 393.7 388.8 389.1 390.8 390.2 387.6 377.8 378.7 374.7 371.5 365.5 364.8 361 356.6 354.6 351.3 349.6 345.6 340 337.6 331.6 326.9 321.4 314.4 308.6 302.2 297.8 295.2 293 290.4 287.7 281.9 283.3 281.5 279 274.7 277.4 276.8 275.7 275.5 275.2 274.3 273.8 272.6 269.8 268.7 267.7 267 269.5 272.1 273.1
454.4 456.9 459 462.9 466 468.6 471.6 475.3 478.5 480.9 483.6 487 489 491 491.9 491.1 485.8 479 469.3 458.1 446.2 436.1 426.3 415.2 413.6 409.1 401.8 394.5 394 390.9 391.8 391.3 390.4 387.6 382.4 382.4 377.5 376.6 374 371.2 365.6 359.6 358.8 356.5 352.9 348 340.2 333.8 325.5 321.5 312 302.5 300 296.8 294.6 292.1 289.1 284.4 285.1 285 282.4 277.5 280.5 280.1 279.4 278.9 280.3 279.5 277.5 277.9 276.5 273.9 268.9 266.6 268.3 270.1 274.1 277.5
456.8 459.3 463.1 465.3 469.9 473 476.3 481.7 484.9 488.6 492.2 495.7 499.4 503.9 504.5 503 496.4 487 477.1 464 452.1 442.3 431 419.8 413.1 408.9 404.8 402.7 398.5 394.1 393.1 395.4 393.8 391.5 388.7 385.8 383.6 379.9 376.5 372.9 370.3 366.4 359.1 352 345.8 341.6 334.9 333.5 329.6 323 317.7 309.7 299.8 295.8 292.8 290.3 287.6 288.8 288 286.1 282.4 283.4 282.7 283 282.4 282.5 283.4 282.9 282 280.9 278 273.9 269.8 267.7 270.5 273.1 275.8 278.6
458.6 461.6 465.7 469.5 473.2 475.9 481.2 486 490.7 495.6 500.7 507.1 513 516.8 515.8 514.4 507 496.8 482.3 467.2 456.2 446.6 434.7 430.1 423.2 417.6 409.9 405.3 398.1 395.3 398.3 399.4 398 395.1 392.1 389.3 385.5 382.4 378.4 374.9 371.6 367.8 360 359.3 356 348.6 338.8 328.6 325.3 320.5 312.2 303.4 299.7 298.3 295.8 292.4 291.5 290.3 289 284.8 283.1 286.8 285.9 286.7 286.6 286.4 286.4 287 285.9 285.3 281.6 275.1 270.7 270.6 272.4 275.1 278 280.4
459 463.2 467.4 471.3 475.2 478 484.2 490.2 494.8 503.4 511.8 516.4 522.8 525.4 524.9 519.8 512.3 501.9 488.7 473.7 463.4 451.7 442.1 438.6 432.5 422.7 416.7 406.7 397.6 401.5 404.5 403.3 402.8 399.4 396.2 393 388.8 385.4 382.2 378.6 374.7 371.2 367.4 364.1 358.4 352 343.1 334.4 321.4 316.9 312 307.4 303.9 299 295.7 294.6 293.8 291.8 289 288.5 288.4 290 289 290.1 290.1 290 289.7 288.7 288.3 287.3 283.7 277 274 271 274.1 275.5 279 282
461.1 465.8 469.9 474.6 478.3 479.4 486.1 491.5 498.3 509.1 517.1 524.1 527.7 529.3 530.4 527.4 520 510.4 496.9 485.1 471.5 458.3 451.9 446.1 439.9 430.7 420.2 409.5 405.7 411.5 411.7 408.6 405.9 402.9 400.9 397.5 392.3 388.6 385.3 381.1 376.6 375 372.4 369 362 354.5 346.5 338.2 330.5 323.3 313.9 308.1 304.1 299.2 297.3 296.8 294.4 293 292.4 290.2 292.6 292.6 293.7 293.5 294.3 295.7 296.4 294.6 290.9 287.7 284.6 280 276.7 273.6 274.2 277 279.5 282
462.2 466.9 471.6 475.7 479.9 481.2 484.9 491 498 508.7 516.7 524.2 526.4 528.1 530.1 530.8 527.8 516.9 508.2 495.1 480.3 466.4 460.8 452.2 442.7 432.2 428.8 417.4 416.7 420.2 419.5 417.1 412.8 406.5 403.1 400.8 396.6 392 387.2 384.3 383.4 380.2 380.2 374.7 366.2 358.5 351.8 346.6 336.2 327.1 320.3 312.2 306.4 301.2 299.6 297.8 296.5 295.8 294.9 292.7 295.6 296.1 296.6 297.4 298.3 301 299.2 298.2 295.9 289.7 286.7 281.7 278.5 275.8 274.4 276.8 280.3 283.5
463 467.8 471.6 475.8 478.7 480.7 484.6 490.3 496.9 501.6 509.9 517.1 520.2 522.4 525.8 529.1 527.7 522.2 511.2 498 482.2 472.2 466.3 458 449.7 441.9 433.8 425.7 428.1 429.4 427 423.7 419.5 414.9 408.2 404.1 398.8 395.1 391.2 390.2 391.1 386.5 388.5 381.9 374.3 367 360.1 351 341 331.8 325.3 315.4 308.8 304.2 302.3 298.7 298.8 297.8 299.3 294.1 299.1 300 300.4 300.7 303.6 303.4 303.5 300.1 295.9 292.4 287.2 283.8 279.7 277.6 276.2 277.9 281.8 285.3
464.2 469.7 472.8 475 476.8 478 481.1 487.2 492.9 496.6 499.2 505.6 510 516.9 522.3 527.1 528.5 526.7 515.9 500 486.1 476.2 470.3 464.8 456.7 449.5 439.8 439.2 440.6 438.6 435.3 430.9 423.8 418.7 416.9 411 410 402.4 399.4 399.2 396.9 396.7 395.8 390.1 380.9 372.8 362.9 354 344.4 336.4 325.8 317.3 312.5 308.8 304.7 300.9 300.3 301.3 301.5 297.9 301.9 303 303.1 304.3 305.7 307.2 304.4 301.4 297.3 294.3 290.3 286.4 282.2 278.4 278.8 281.5 283.2 286.6
464.9 470.2 472.4 473.7 474.3 474.7 478.3 481.3 485.9 489.1 493.6 498.5 504.1 509.8 517.1 523.6 527.7 526.1 517.6 505.4 494.4 482.8 475 470.1 464.4 454.8 451.7 452.8 452.1 447.5 442.7 435.8 428.8 422.4 418.2 417.2 412.2 410.7 407.5 403 402.3 402.4 400.5 395.3 385.9 378.8 368.4 361.2 351.3 339.4 327.6 321.4 318.3 311 305.9 303.1 304.4 304.6 303.6 299.4 304.6 305.5 306.3 307.1 307.8 308.4 307 303.2 299.8 296.1 292.4 288 285.3 281.8 282.7 282.7 287 288
463.5 468.3 470.7 472.4 473.3 474.5 476.4 478.6 480.6 484.1 489 494.3 499.1 504.7 511.6 518.2 523 524.3 518.3 510.9 502.2 492.1 484.5 479.3 473.4 469.2 467.6 465 461.1 455.6 449.6 443.1 435.6 428.5 423.5 421.2 415.8 416.4 412.8 407.5 405.4 405.3 402.8 396.4 387.7 377.9 370.9 361.7 352.3 339.6 331 327.2 319.5 312.1 307.3 305.2 305.7 307 306.4 302.3 306.7 308 309.5 311.4 311.5 312.2 309.5 306 302.4 298.3 294.2 291.5 288.9 285.3 287 283.9 288.5 291.2
463.1 466.3 469.1 470.7 470.4 472.8 473.3 475.6 478 481.7 486.6 491.7 496.7 501.1 507.8 513.7 517.3 519 516.9 512.4 503.7 495.3 490.1 488.2 484.3 480.6 477.9 474.4 468.3 460.9 455.2 448 442 434.8 428.7 424.6 421.5 420.2 417.1 413.1 409.2 403.5 402.2 396 387.8 377.5 368.2 361.1 350.8 341.1 336.4 328.9 320.9 313.3 309.8 307.2 308.1 309.1 308.4 305.4 309.4 310.9 312.7 314.3 315.3 313.5 311.5 307.8 304.7 301.4 296.7 294.5 291.4 287.4 289.1 290.6 290.7 292.6
460.7 464.8 466 468.8 469 470.8 471.6 474.1 476.9 482.1 485.8 489.7 494.1 498.1 503.5 508.1 510.4 512 512.1 509.3 503.3 499.3 494.8 492.6 492.6 490.7 486.7 480.2 472.8 464.1 457.4 450.6 445.2 438.5 433 427.9 424.8 422.4 419 414.6 410.1 404.1 399.2 394.8 386.3 375.7 366.2 359.8 351.8 345.4 337.9 331.5 324.7 317.7 312.4 310.3 310.8 311.2 309 307.5 310.7 313 314.7 316.2 317.1 315.8 313 310.6 307.8 302.1 301.1 297.4 294 289.6 290.3 292.6 293 296
