public/OST50/NH59.asc
ncols 200
nrows 200
xllcorner 250000
yllcorner 890000
cellsize 50
[rows 140 to 174 of 200, columns 0 to 79 of 200]
107.8 102.2 98.7 91.9 87.4 83.1 79.2 79.5 77.2 75 73.6 72.5 71.3 71.1 71.8 71.1 71.9 74.4 75.3 75.5 73 76 78.9 78.9 79.5 81.4 80.3 81.4 82.7 84.6 84.4 83.9 86.7 86.7 86.8 85.5 86.5 88.5 91.2 93.1 92 94.6 99.2 102.1 102.8 106.5 111.2 118.1 123.5 129 133.3 138.9 145.1 152 158.7 166.5 168.9 172.1 173.1 172.9 173.2 175.6 178.4 178 178.5 176.4 174.5 164.7 144.9 144.4 155.6 163.5 167.8 170.6 176.4 180.9 184 184.6 184.6 185.7
100.7 95.1 90.9 86.6 83.9 78.1 75 74.5 73.9 72.6 70.8 69.2 67.9 67.5 67.2 68.2 68.4 68.4 68.4 67.1 67.4 68.6 70.9 71.2 71.1 73.9 74.4 72.9 75.1 75.9 75.8 76.7 81 80.1 79.4 80.2 79.2 82.1 85.8 85.6 84 89.8 91.9 90.7 92.3 96.1 98 104.7 109 113.5 118.3 123.9 130.3 136.8 143.1 149.1 153 159.1 163.2 166.2 168.8 170.1 168.6 167.5 169.9 170.8 173.5 172.7 170 146.3 135.1 148.6 162.3 163.2 163.8 166.2 172 175.9 176.9 178.4
91.9 87.5 82.6 81.2 77.7 75.4 71.9 68.7 69.2 68.2 66.9 64.4 63.6 63.2 62.2 61.9 63.9 63.5 63.9 63.1 63.2 63.5 65.1 66.1 65.6 64.9 65.5 64.6 65.3 66.7 69.2 69.4 74.4 75.7 72.3 73.9 73.5 76.8 78.3 76.9 77 82.7 81.9 80.6 83.9 85.5 87.6 89.5 94.2 100 106.1 111.2 115.9 121.2 127.5 134.2 140.9 146.9 151.7 156.1 159.5 160.1 162.3 163.2 165.1 164.4 164.2 166.1 166.2 155.4 132 157 163.4 161.5 160 159.3 159.3 163.4 166.9 169.7
84.6 80.8 77.6 76.2 73.2 71.1 69.2 65 65.3 63.6 62.2 60.6 59.9 59.8 60 59.1 58.8 59.4 60.1 59.7 60 60.1 60.9 61.7 61.4 60.3 59.8 59.5 59.1 58.5 60.1 61.7 63.9 67.3 65.2 64.9 65.8 66.2 67.1 67.7 70.9 72.5 70.3 71.2 75.9 74.6 78.2 82.3 85 87.3 93.3 98.1 101.9 106.1 112.3 119.8 127.5 133.9 139.2 144.9 147.3 149.3 152.9 154.8 159.5 161 161.1 161.2 159.1 147.2 121.9 158 160.7 159.9 159.2 158.5 158.4 157.9 158.8 162.9
77.9 76.5 75.8 73.6 70.9 69.6 67.7 65.8 59.9 56.6 57.4 56.2 56.2 56.2 56.2 54.4 54.4 55.7 57.1 58.3 59.3 59.8 59.1 59.7 58.9 58.4 58.2 57.7 57.8 57.2 56.8 56.4 55.8 57.9 57.6 59.3 59.2 59.5 57.9 59.4 62.1 62.2 60 61.2 65.8 64.9 69.9 72.7 73.4 77.7 81.9 86.2 89.6 94.4 99.4 103.5 109.5 116.5 123.8 130.6 134.2 138.2 141.3 146.8 150.6 152.9 154.2 150.4 139.3 136.6 127.4 154.8 156.6 157.9 158 158 157.3 157.2 157 157.8
74.5 74.5 73 70.9 69.2 68.9 66.2 57.5 62.3 63.6 63.5 62.8 62.4 61.9 60.9 58.9 58.2 57 53.3 55.2 57.1 58.2 58.3 58.2 57.2 56.6 56.5 55.4 55.2 55.9 55.1 55.5 54.8 53 53.1 53.9 53.6 52.1 51.5 51 51.8 52 51.4 52.6 54.8 56.7 61.6 63.7 62.7 69.1 74.5 78.3 82 83.3 87.6 91.3 95.4 100.9 108 114.6 120.7 123.9 131.5 138.4 141.7 143.2 139.2 128.2 114 111.4 129.7 151.6 155.7 153.4 154.1 153.9 154.4 155.1 155 156
72.7 71.9 70.5 68.9 67.5 58.7 64.2 66.9 66.2 65.1 64.5 64.1 63.3 62.8 61.5 60.7 59.2 57.6 57 51.3 55.9 56.6 56.6 56.2 55.3 55 55.4 54.8 53.1 52.5 52.4 51.7 51 50.5 50.8 51.8 49.8 49 48.8 48.7 48.5 48.2 47.7 47.5 47.9 49.4 52.3 56.4 53.2 62.2 64.7 69.9 71.3 73.8 76.8 83.6 87.2 90.4 96.6 103.8 109.6 110.9 120.5 126.9 130 129.6 117.7 101.4 119.1 133.1 140.2 143.9 147.7 149.9 150.7 151.2 151.8 152.7 153.5 155
71.5 70.5 68.1 65.1 64.4 69.1 67.8 67.1 66.6 66.1 65.5 65 63.8 63 62.6 61.4 60.4 58.6 57.4 56 52 54.1 54.7 55.1 53.9 45.9 49.4 50.6 51 50.4 49.5 48.9 49.1 49.5 49.5 49.5 49.2 48.8 48.6 48.4 48.2 46.9 46.2 45.4 44.8 45.4 46.6 48.6 49.1 52.3 56.2 60.1 63.8 66.2 68.3 74.2 77.7 82.9 88.9 91.4 93.8 98.4 106 113 117.9 115.3 96.3 117.3 130.4 134.1 137.8 140.9 145.1 148.5 150.5 150.9 151.5 152.9 154.5 155.7
69.3 61.5 67 67 70.2 70.1 68.1 67.5 66.9 66.5 65.9 64.9 63.9 64.2 64.3 63 61.4 59.9 58.9 57.3 55.5 50.7 51.1 48.5 50.4 50.4 50.2 43.9 41.7 40 39.3 38.4 37.1 38.7 46.8 43.4 48.8 48.5 47.4 46.2 46.9 45.4 45.6 44.4 41.4 44.6 44.6 44.9 47.4 47.9 50.2 52.9 53.7 56 59.9 62.9 66.1 74.4 79.2 80.3 74 83 92.5 102.3 105.9 93.7 105.6 119.3 125.1 129.9 132.8 135.8 140.6 145.8 149.6 151.2 152.4 153.7 154.7 155.5
70.4 72.2 70.9 70.3 70.4 70 68.5 67.9 67.2 66.4 66.5 66.3 66.2 66.3 65.6 65.2 64.3 63.9 62.8 61.7 60.4 59.3 57.4 56.4 56.4 55.6 53.9 52.9 52.1 49.2 50.6 48.6 47 46 35.6 36.5 38.2 40.5 40.2 39.6 39.8 40.1 42.3 44.1 43.9 44.4 44.3 43.6 43.6 46.5 47.2 47.7 47.5 47.5 50.7 50.4 54.2 65.1 70.5 72.6 67.6 68.7 80 89.1 94.7 83.6 107 112.2 117.9 124.5 128.6 128.9 134.2 140.9 144.6 148 151.7 153.7 154.6 155
71.3 71.6 71.1 70.8 70.5 70.7 70.2 69.5 68.8 68.7 69 69.3 68.5 70.3 69.1 69.5 69.1 68.2 67.3 66.4 64.6 63.5 63.5 61.4 59.2 58.7 57.9 57.2 54.6 52.8 51.9 51 49.9 49.4 47.5 45.5 35.7 35.6 35.6 35.6 35.6 38.1 39 35.3 38.5 43.7 42.3 42 41.4 42.5 45.3 46.2 46.2 46.1 45.8 44.9 45 49.7 59.8 63.3 62.5 61.6 71.9 74.9 70.4 81.9 100.1 104.6 109.6 117.9 123.8 120.4 127.3 131.4 135.8 140.1 143.9 146 148.4 152
72 72.5 71.9 71.7 72 72.9 73.2 71.6 71.9 71.6 71.6 71.8 71.8 72.1 72.1 72.9 71.8 71.3 70.5 68.9 67.6 67.3 66.9 64.9 62.7 60.9 59.1 58.8 57.9 56.1 53.5 52 51.3 51.1 49.3 46.9 46.3 44.5 43.2 42.1 41.9 40.7 39.7 39.3 37.7 35.1 38.4 40.6 40.9 40.6 42.1 43.2 43.6 43.4 39.8 38.5 38.7 44.4 47.8 54 56.6 56.4 60.7 64.8 58.5 77.2 87.3 93.4 101 109.3 112.6 113.3 119.2 122.7 128.3 132.4 136.3 139.1 141.3 143.9
74 75.1 76.3 76.3 76.5 76.6 76.6 76 74.9 74.5 74.3 75 76.4 77.8 77.5 76.5 75 73.8 73.4 72.4 70.8 71 70.6 69.2 65.9 65.2 64.4 62.2 59.1 58.4 59.6 56.7 59.9 58 55.6 51.8 52.5 51 50.2 47.8 44.7 42.9 40.8 40.3 39.5 39.2 36.7 34.1 37.3 38.5 38.9 39.4 38.9 38.7 38.6 38 37.7 37.4 42.7 45.6 49.8 53.2 56.1 59.2 56.5 71.8 77.9 82.7 90.9 98.8 94.5 103.6 109.4 115.2 118.7 123.4 128.3 131.8 134.4 136.9
79.1 79.6 80.4 80.9 80.8 80.5 80.1 79.2 78.8 78.1 77.8 80 80.9 82.3 82.4 81 79.5 78.5 79.5 78 76.6 76.2 75 75.3 73.6 71.5 70.9 69.9 69.2 68.5 67.5 67.3 68.1 64 62.6 61.1 62.7 62.8 62.6 57.5 53.4 48.8 45.4 42.4 41.6 40.4 39.6 37.7 34.1 36.1 36.5 38.1 37.8 38.1 38.5 38.1 37.7 37.3 37.3 41.6 46.7 50.2 52.6 54.5 54.5 57.1 68.5 72.4 80.3 88.6 80.5 93.9 99.8 106.1 110.1 113 118.7 123.8 127.6 129.9
83.9 84.5 84.2 84.4 84.5 84.4 84.3 84 84.7 87.1 86.9 87.3 88.2 88.9 88.6 87.4 86.5 86.6 85.6 85.2 86.7 85.2 81.8 81.5 81 81.7 81.4 80.7 79.3 78.6 77.2 77.6 75.8 73.4 73.7 74.3 71.9 72.9 71.4 67.2 62.8 57.9 53.2 50.1 47.7 45.1 42.6 42 38.4 34.1 34.1 35.3 35.4 36.6 36.7 36.5 37.1 36.8 36.3 35.2 34.9 46.5 49.3 50.8 50.9 47.8 52.4 57.6 68.5 77.6 74.8 84 89.4 95.6 101.9 103.6 108.3 112.1 116.3 121.7
87.9 87.8 88 88.9 89.2 89.6 89.4 92.5 94.7 96.2 95.9 96.9 98.3 96.9 96.6 95.9 95.4 95.5 96.2 99.8 97.7 92.2 93.9 91.5 92.6 93.8 92.4 93.9 90.2 88.3 89.1 91.2 87.7 84.6 87 89.6 85.9 82.9 77 73.1 69.8 65.7 61.1 56.6 53.8 49.8 45 42 40.6 39.1 35.3 34.1 34.1 34.8 34.8 34.9 34.8 34 34 33.9 34.6 35.4 46.3 47.2 46.7 43.7 45.9 49.6 57.1 62.3 67.6 74.3 80.3 87.7 93.1 94.1 98.2 102.9 108 113.1
92.2 92.3 94.1 95.6 95.8 96.3 97.9 100.6 103.5 101.4 101.7 104.2 103.9 103.4 102.5 101.8 104 106.4 106.8 108.1 107.5 99.2 103.6 102.9 104.2 105.2 102.5 102 99.4 99.6 100.3 99.9 99 95.4 95.5 97 94.6 91.8 86.2 81 75.6 71.4 67.8 62.6 58.6 54.8 49.3 45.5 43.2 42.1 39.9 37.1 36.7 36.8 36.8 35.8 35.8 35.9 35.1 34.2 33.2 35 37.2 44.1 44.2 43 43.8 45.9 50.3 54.8 58.2 64.4 72.4 77.9 83.6 84.8 88.5 94.1 99.7 105
96.8 98.1 102.1 103 102.9 103.6 107.1 111.9 110.4 108.7 109.2 109.8 109.7 112.2 110.9 112.4 113.7 115.1 114.6 115.3 115.3 104.9 113.9 113.1 114.1 115 114 113.6 111.5 110.5 109.8 108.3 107.9 108.3 103.5 101.6 98.9 95.2 91.2 87.4 81.9 77 72.3 69.6 63.5 59.2 55.2 50.9 46.9 43.9 40.8 37.7 36.6 36.4 35.7 34.8 34.6 34.6 34.4 34.4 33.7 32.4 36.9 39.3 41.4 40.6 42 43.1 46.8 48.9 51.8 56.7 63.7 69.2 72.7 73.9 80 86.1 92 96.9
104.7 108.4 110.4 110.6 110.8 111.2 112.8 112.9 114.4 114.1 115.9 115.3 118.5 119.9 118.7 121 121.9 121.6 121.3 121.8 122.7 113.6 122.7 122.7 123.5 124.5 124.4 124.2 122.9 120.3 118.3 118.3 119.2 120.4 116 112.1 106.2 101.9 98.1 94.1 89 81.8 78.4 77.2 69.7 64.7 61.7 55.7 51.5 47.9 44.4 40.9 37.5 36.4 35.7 35 34.9 34.3 34.1 33.9 33.5 31.5 35.8 37.2 38.5 40.9 40.2 40.4 42.9 44.9 46.1 49.1 53.6 58.9 64.4 67.9 69.7 78.2 82.8 88.1
113.5 117.2 117.3 118.4 118.9 118.4 118.1 119.4 121.7 123.9 124.3 125.4 122.6 123 124.7 125.7 126.8 127.1 126.8 127.1 127.4 123 129.8 129.9 131.3 132.6 133.9 132.5 130.7 130.5 128.9 127.5 130.3 130.6 125.8 119.5 115.6 112.2 107 102.7 95.8 89.5 85.2 81.6 76 72.4 68.8 62.2 57.3 54 49.8 45.5 41.7 38.2 35.9 35.2 34.9 34 33.8 33.5 33 31.5 34.9 36.2 37.6 38 38.3 38.6 38.7 37.7 39.3 42.5 47.9 50.1 55.6 59.2 60.7 68.4 71.3 77.7
121.1 124.3 127.4 127.5 128.5 126.5 124.6 126.2 131.1 133.4 133.3 132.8 131.4 127 128.9 131 131.4 131.5 132.2 132.5 132.9 132.8 136.1 137.2 138.8 140.4 141 141.4 139.1 138.3 137.5 136.9 136.5 135.5 132 127.9 122.8 119 115.4 109.1 103.1 101.2 96.6 90.5 84.2 81.3 75.6 69.8 64.5 60 55 50.4 45.7 41.3 37 35.5 34.3 33.7 33.4 33.1 32.3 31.9 34.9 35.9 37 36.6 37.4 37.2 37.4 36.7 36.2 35.7 39.5 41.9 47.7 50 55.2 57.8 61.8 68
128.8 131.9 134.3 136.9 136.2 133.1 132.8 132 135.2 138.5 138.6 137.3 136.9 133.2 132.6 135.3 136.1 136.3 137.1 138.2 139.3 137.2 142.4 143.4 144.7 146.4 147.6 148.7 147.6 146.6 146.2 145.1 143.2 141.1 138.5 134.5 130.8 126.5 121.4 115.1 111.8 108.5 105.3 97.5 95.7 90.3 82.5 76.1 73.7 69.9 62.8 57.7 53.1 47 41.1 38.7 35.2 33.3 33 32.9 30.9 33.5 34.8 35.3 34.9 33.8 36.1 36.3 36.4 35.9 35.9 35.5 35 35.5 39.1 43.1 46.2 51 55.6 58.6
134 136.5 137.2 138.3 139.2 137.9 138.5 137.1 137.6 139.8 140.9 141.5 141.2 140.1 137.7 140.5 141.6 142.2 143.7 144.5 144.8 142.9 148.2 149.7 150.6 152.4 153.5 154.2 154.2 154 153.6 153.4 151.3 148.1 145.3 141.1 138.3 133.5 127.6 123.3 120.2 117.1 111.8 107.1 102.6 97.4 90.6 87.6 85.5 81.9 74 66.5 62 57.4 51.4 47.1 43 38.5 34.2 32.9 30.9 33.3 33.9 34.3 33.8 32.6 34 34.2 35.6 35.5 35.5 35.4 35.2 35 34.8 35.2 37.4 39.3 45.4 50.9
141.7 142.6 142.3 141.4 141.3 141.2 141.9 143.5 141.8 143.7 145.7 146.1 145.8 146.1 143.6 146.8 148 148.7 149.6 150.6 151.5 153.3 154.5 156.1 157.4 158.3 159 159.3 159.5 159.8 160.3 159.1 156.8 153.7 150.6 147.9 145.5 140.5 137 136.2 133 131.2 127.1 124 116.7 109.8 101.2 100.6 97 89.7 82.6 77.2 72.7 67.1 62.5 57.4 52.3 49.1 42.8 37.2 32.3 30.9 30.9 33.1 33 32.6 32.8 32.7 32.5 34 35.6 35.5 35.1 34.9 34.8 34.7 34.5 34.3 34.9 40.7
146 145.3 146.1 145.5 145.4 145.2 146.4 148.4 146.8 149.3 150 150.8 150.6 151.5 150.1 151.2 153.4 154.4 155.5 157 158.7 159.8 160.1 161.6 162.9 163.2 163.7 164.3 164.7 165.2 165.5 165.1 163.2 159.8 156.7 155.7 154 148.3 144.6 142.5 142.8 139.8 135 133.4 125.8 119.5 118.6 114.1 109 102.7 95 90.4 86.9 80.4 72.9 69.4 64.5 57.4 52.7 47.1 40.9 37 33.1 30.9 30.9 32.2 32.3 32.1 32.2 32.4 32.1 34.4 34.7 34.7 34.7 34.5 34.3 34 33.9 34
147.4 147.7 148.5 148.9 148.7 149.6 152 154.2 154.1 152.6 153.2 156.6 156.2 157.3 156.9 155.2 159.7 161.5 162.3 163.5 165.2 164.8 165 168.3 168.4 168.5 169.3 169.8 170.2 170.1 169.8 169.6 169.5 167 164.5 163.7 162.5 159.8 155.6 153.8 149.9 146.2 143.4 139.2 127.7 130.5 127 123.9 119.3 113 106.6 102.3 97.6 90.7 83.5 80.2 74.8 67.6 63.1 56.6 50.4 47.6 42 38.5 34.8 30.9 30.9 31.8 32.2 32.4 32 31.8 33.4 33.5 33.7 34.3 34 33.7 33.6 33.3
150 149.8 150.7 152.9 154.9 155.7 156.6 158.2 157 156.7 159.1 162.2 162.4 163.2 164 162.3 166.7 168.7 168.5 169.6 170.9 170.6 171.1 173 174.9 175.7 175.3 175.6 176.2 176.6 176.5 176 175.7 174.2 171.8 169.3 167.8 166.1 163 163.1 157.4 153.3 151.2 144.8 141.8 138.2 133.7 129.1 124.5 120.7 116.4 111 105.3 99.2 93 89.4 84 77.3 73.3 66.5 60.9 56.2 52.9 48.2 41.8 38.7 34.4 29.9 29.5 31 31.3 31 31.5 32.4 31.8 31.5 31.7 31.7 32.9 30.3
153 153 153.5 155.3 158.2 159.5 160.9 161.7 162.2 164.5 165.7 166.9 168.3 169.9 169.3 167.8 171.2 172.5 173.4 173.5 174.2 174.3 174.3 176.9 179.3 180.1 180.5 181.1 182.3 182.5 181.8 181 180.2 179 177.1 175.4 174.1 171.8 169.6 168.9 163.1 161.2 156.4 149.5 149.7 145.8 142.1 136.7 132.7 129 124 119.1 113.3 106.7 101.3 96.9 91.5 85.7 80.6 74.4 71.5 66.3 61.5 56.8 52.4 49.2 41.9 38.1 35.6 32 28 28 30.3 30.7 31 31 30.6 30.5 30.3 29.7
157.2 157.2 158.4 160.2 160.5 161.9 164.5 166.8 169.3 171.1 170.1 171.1 174 176.5 176.3 173.5 174.9 175.5 176.1 177.4 177 176.8 177.5 180.2 181.8 183.3 183.5 184 184.8 185.4 185.7 185.1 183.9 182.7 181.5 180.8 180.3 177.8 174.5 174.7 170.3 169.3 162.6 160.4 157 153.3 149.6 146.2 143.2 137.5 131.6 127.4 122.4 116.6 111.2 106.1 99.8 94.5 89.7 83.7 79.1 74.5 69.2 62.5 58.1 54.1 50.7 45.8 43.8 39.9 35.3 32.6 28 28 28 29.8 29.9 30.3 29.9 29.7
160.6 161.5 163.3 166.5 168.7 170.8 172 175.1 176.4 175.7 175.4 176.7 178.7 182.1 185 180.4 181.7 180.4 181 180.7 181.3 182.3 181.7 183.6 185.6 186.7 186.3 186.6 187.2 187.5 188.3 188.6 186.9 185.7 186.1 185.3 185.3 181.6 178.9 178.4 177.1 172.9 170.8 168.7 165.5 162.2 158.4 156.2 152.1 148.1 142.6 137.7 132.9 128.4 121.5 116.9 110.5 104.5 99.4 93 87.8 82.2 77.8 71 66.1 60.7 57.5 52.4 49.3 44.3 41.3 38.3 34.2 31.9 27.1 27.1 27.1 27.1 29.5 29.7
166.9 168.7 171.7 174.8 176.5 178 181.4 182 183.5 183 181.6 180.9 182.8 186.6 189 184.9 184.7 183.6 183.4 184.2 184.5 185 185.3 186.9 189.3 190.6 190.3 189.3 189.6 189.9 190.5 190.1 189.8 189.1 189.4 189.8 189.3 185.8 184.4 181.6 177.9 180.3 180.2 178.3 173.3 172 168.5 165.6 162.2 159.9 154.2 149 144.6 138.4 133.1 127.8 121.4 114.9 108.2 102.7 97.2 91.6 86.4 79.6 74.9 69.6 64.8 59.2 55.4 50 45.4 41.6 37.4 35.3 32.6 33.3 31.3 29.7 27.8 27.3
173.4 174.9 177.4 179.4 179.8 182.7 185 186.3 187 186.8 186.4 185.1 186.1 188.3 188 187.3 187.9 188.5 188.8 190.7 192 190.7 189.4 190.5 193.1 194.5 194.7 193.6 192.9 193.3 192.9 192.3 192.5 192.6 192.7 193.1 193.4 190.1 188.6 185 186.9 187.7 187.2 183.5 181.5 180.2 177.5 174 170.4 166.9 163 158.8 154.6 149.4 144.7 140 133.9 126.3 119 114.3 108.5 102.6 95.8 89.6 83.7 77.9 72.6 68.5 62.9 58 55.1 49.3 43 38.2 33.7 33.1 32.9 32.7 30.8 30.5
178.5 182.1 183 185.1 186.1 187.6 188.6 190 189.8 190 189.3 188.6 189.3 191 190.5 191 192.4 193.4 193.5 195.7 197.1 195.4 194.2 194 196.4 198.6 199.2 198.8 198.7 197.1 197.1 195 195.1 195.6 195.6 195.9 196.2 192.2 190.2 188.2 191 190 189.3 188.2 187.2 186.6 183.1 181.1 178.8 176.2 172 168.8 164.7 161.3 155.6 152.1 147 138.6 134.1 128.6 122 116 108.7 101.9 95.2 88 81.5 76 71.4 66.7 62.4 57 50.9 47.9 43.4 35.2 33.1 32.8 31.7 31
179.8 184.5 185.8 187.8 189.7 191.2 192.3 193.1 193.4 193.1 192.6 192 192.5 193.9 195.8 197.5 198.1 196.5 196.8 198.1 198.4 199 201.3 203.4 200.5 201.4 202.3 202.6 202.3 201.4 198.6 197.2 197.4 197.3 197.3 197.6 198.8 192.7 190.2 193.6 196.2 193.9 194.1 193.5 192.9 191.6 188.3 187.2 185.5 183.4 180.1 178 175.1 172.6 167.4 163.8 159.7 153.8 148.4 142.5 137 131.4 125.7 117.5 109.9 103.6 95.3 88.4 81.6 74.7 69 63.8 59.5 55.4 51.3 41.7 37.4 37.1 34.3 31
182.1 187.3 188.9 191.5 192.9 194.2 195.1 196.1 196.2 195.9 195 195.4 196.6 198 200.6 203.3 200.1 198.3 199.7 201 202.3 204.2 206.7 205.3 201.9 203.7 205.1 204.5 203.6 202.9 201.1 198.2 198 197.9 198 198.7 200.2 195.2 191.9 196.1 196.3 197.5 197.8 196.4 195.6 194.7 193.8 192.7 190.4 188.8 186.9 185.1 183.4 180 176 173.3 169.9 165.1 160.4 155.8 150.1 144.5 138.2 132.6 125.2 119.3 112 104.7 96.9 88.7 80.5 74.1 68.1 62.3 56.5 46.5 47.2 44.7 43.3 38.8
