public/OST50/NH59.asc
ncols 200
nrows 200
xllcorner 250000
yllcorner 890000
cellsize 50
[rows 35 to 69 of 200, columns 0 to 79 of 200]
57 59.4 60.3 56.1 56.2 56.7 54.8 54.8 55.3 56.7 55.6 56.3 56.1 56.3 56.6 57 56.2 58.5 59.3 59.7 61.1 61.9 68.7 71.4 71.1 70.5 69.9 72.5 75.3 76.6 79.1 80 79.9 78.7 77.3 75.5 73.3 75.9 71.5 69.7 68.9 66.5 64.1 62.6 59.2 61.3 62.3 63.9 65.5 67 67.5 68 68.4 68.6 69 68.6 67.7 67.4 67 67 67 67.1 68.4 70.2 72.6 74.9 77.5 81.2 82.8 87.5 87.4 84.1 85.8 88 90.2 93.2 96.4 98.9 100.4 100
62.2 63.3 61.5 59.7 59.4 58.9 58.4 59 59.6 60 59 59 59.3 59.4 59.6 58 58.4 61 63.4 64.2 64.9 66.8 73.4 75 75.8 76.5 77.6 77.9 78.5 81.7 82.2 83.7 83.1 82 80 78.9 77.5 75.5 75.2 77.7 75 70.6 68.8 66.8 64.9 64.6 65.8 68.9 71.5 70.7 70.2 70.2 70.5 71.1 72.4 73.3 72.6 72.3 73.1 74.1 75.7 73.7 74.8 75.5 75.4 77.7 81.9 85.8 89 93.4 97 95.7 90.8 90.8 93.7 98.4 102.4 104.6 106 105.5
67.1 66.1 63.2 63 62.9 61.6 61.3 62.6 65.1 64.6 62.4 62.3 62.8 62.9 62.2 62.7 68.1 69.7 69.7 69.4 71.6 74.4 77.8 77.8 78.5 81.8 84.1 86.6 86 85.8 86.7 87.2 86.4 84.5 84.6 82.5 80.9 79.8 79.4 78.2 77.2 78.2 72.9 71.3 70.1 69.4 69.3 70.8 75.2 75.7 75.1 74.5 73.6 74.1 75.8 80.3 78.3 78.4 78.4 79.8 80.2 79.5 78.3 77.7 79.1 80.7 83.1 89.6 91.4 93.4 96.2 98.2 96.7 96.2 96.2 97.8 105.3 107.7 108.7 108.9
69.7 67.4 68.1 67.7 67 66.9 68.4 68.4 67.7 67.6 67.9 66.8 65.5 65.4 70.6 70.9 73.5 75.4 78.8 78.2 78.6 80.8 82.8 83 85.9 88.6 90.8 92.7 92.8 92.2 91.4 90.6 89.7 89.4 88 85.9 85.3 82 83.9 82.9 81.8 81.4 77.6 76.4 76.8 75.4 75.3 74.9 78.1 79.9 79.2 78 78 80.1 80.2 82.6 82.7 82.7 82.7 83.5 84.4 85.5 82.8 81.1 81.9 82.7 84.3 87.3 90.6 93.4 94.6 95.8 96.3 97.8 100 102 103.4 106.7 109 112.8
72.3 72.1 72.1 71 70.8 73.5 73.6 72.3 71.7 71.4 71.7 71.8 70.7 72.1 77.3 78.6 80.3 83.7 84.2 85.1 86.9 85.7 86.8 91.2 91.7 94.1 96.3 97.8 96.4 96 95.7 96.2 94.5 92.9 91 89.5 88.3 86.1 87.3 86.6 87.5 88 79.7 81 82.7 83.3 82.3 82.8 82.7 82.6 82.9 81.9 82.9 84.1 84.2 83.8 84.3 84.9 85.6 88.4 91.6 91.4 90 86.8 84 84.3 85.2 87.5 91.1 92.9 94.2 95.2 95.6 97.5 102.2 101.5 102.6 105.8 109.4 112.7
81 79 76.9 75.1 77 77.9 77.4 76.6 75.8 76.1 77.9 76 75.1 79.8 82.9 84.3 86.6 88.8 91.7 93.3 93.1 93 96.7 97.8 98.7 98.5 99.1 99.7 100.4 99.7 99.8 99.3 98.1 96.3 93.5 92.7 91 91.3 92.8 91.4 90.6 91.8 87.9 88.8 91.2 90.2 90 89.7 89.5 86.1 86.5 88.8 87.7 86.6 89 88 87.1 86.6 87.6 91.6 94.6 95.3 93.4 92.2 89.2 86.3 86.6 92.8 92.7 92.4 94.2 94.8 95 96.7 100 101.3 103.7 105.9 109.4 111.4
84.7 82.9 82.3 81.2 79.5 80.7 81.2 79.9 80.3 81.7 82.8 82.1 83.4 87.5 90.4 91.2 91.9 94.2 99 98.2 98.4 101.1 103.2 104.5 106.1 104.4 104.5 105.1 103.8 103 102 101.6 100.1 98.8 98.5 97 94.4 95.4 95.4 96.6 94.5 94.1 90 94.5 97.4 95.7 94.1 94.5 94.2 93 97.5 95.7 94.8 92.9 92.3 91.6 91.7 91 89.6 91.9 93.7 96.7 97.4 95.6 93.1 89.6 90.4 91 91.9 93.3 94.6 94.4 94.4 98.1 98.9 100 103.4 104.9 106.2 107.3
88.1 86.4 86.2 84.7 83.9 83.2 83.8 86.5 87.9 90.7 91.9 89.3 92 94.2 96.2 96.1 97.8 102.1 103.8 102.6 104.1 107 108.6 110.8 111.4 110 109.9 110.1 108.2 107.6 106.2 104.1 102.3 102.8 101.2 98.2 97.9 97.9 97.2 97.7 98.4 98.7 96.4 98.8 97.8 97.4 97.9 98.8 99.7 99.6 100.7 99.2 99.2 99.4 98.5 96.5 94.8 94.5 93 91.7 92.3 93.9 96.1 96 95 93.1 90.7 92.6 92 92.9 94.5 94.7 93.7 94.3 94.5 97.1 100.3 101.6 102.4 102.6
91.4 90.7 90.4 90.3 89.5 89 91.6 96.4 99.9 99.2 97.9 96.1 98.3 98.9 99.9 101.8 104.6 107.4 108.2 108.7 111.3 112.3 113.1 114.2 114.6 114.7 114.1 113.3 112.1 110.2 108.9 108.6 107 105.8 102.8 102.8 101.2 101.2 103.8 100.9 100.7 100.2 100.2 101.8 102.3 102.5 105.1 106 106 105.2 103.1 102 104.2 104.3 104.6 101.3 99.3 97.6 96.4 94.4 93.7 94.3 94.6 94.5 94.6 93.7 93.5 92.1 91.6 91 89.9 90 90.3 90.6 90.4 91.9 93.5 95.2 96.8 96.9
95.6 93.7 95 94.9 96.4 94.8 102.3 106.8 104.4 104 102 102.2 102.8 105.1 107.3 108.5 111.4 115.1 114.8 114.9 116.6 117.6 117.8 117.7 117.6 117.3 117.1 116.3 115.2 114.1 113.1 112.5 111.8 108.5 108.9 109.1 106.8 108.6 110.8 107.3 104.4 100.8 104 106.1 106.3 107.1 110.8 114 113.2 114.2 110.6 107.7 106.6 107.7 106.1 104.3 102.6 100.8 98.9 96.8 96.2 96 95.7 95.5 97.9 102.1 102.5 100.8 97 93.1 91.1 88.3 87.7 87.7 87.5 87.7 88.5 88.6 89.5 89.4
96.7 97.6 102 103.2 102 106.5 111.5 108.7 107.8 107 107.5 108.4 109.7 112.1 113.4 115 117.9 120.3 119.5 121.2 122.5 122.1 122.2 122 121.6 120.7 120.2 119.1 118 117 117 116.4 116 113.1 112.9 114.3 111.3 111.2 112.4 111.2 108.8 104.5 107.4 108.7 108.7 109.3 110.5 113.7 117.7 118.3 114.6 111.5 111.6 110.2 107.7 106.2 104.3 102 100.1 99.7 99.2 98.3 97.7 97.3 100.8 104.9 106.7 104.2 101.5 96.6 92.5 89.9 87.7 87 86.2 85.8 85.1 84.4 84.1 83.6
107.6 108.9 113.3 110.4 111.2 114.2 113.6 114.2 113.2 112.9 114 114.7 115.2 115.6 118.5 121 123.4 123.9 124.2 125.3 126.2 126.5 126.5 126.3 125.9 125.4 125.1 123.5 122 121.1 121.2 120.5 118.8 116.8 118.9 119 119.2 115.9 115.2 113.4 110.9 108.8 111.6 111.6 111 110.6 111.2 111.2 111.4 111.2 111.2 111.2 112.8 110.6 109.3 107.5 104.6 102.1 101.3 101.5 101.9 101.8 100.9 100.5 101.3 103 105.2 105.4 102.3 98.7 97.7 94.5 91.5 88 87.1 86.4 85.3 84.4 83.8 82.1
116.2 118.3 120.3 122 122.1 121.7 120.6 120.9 119.9 120.5 120.5 120 120.2 121 123.6 126.4 127.6 127.8 128.2 129.5 130.4 131 130.8 130.8 130.7 130.3 129 127.7 127.3 126.6 124.5 123.2 122.3 121.6 124.5 124.7 123.8 124.6 123 119.4 114 111.6 116.9 116 116.8 113.2 111.2 111.2 111.2 111.2 111.2 111.2 113.3 111.9 110.7 107.9 105.1 104.9 105.7 106.8 107.7 108.9 106.9 104.6 104.7 105.4 106.7 108.4 105.5 103 102.7 102.2 102.2 97 89.9 87.6 87.5 88.8 88.9 85.1
125.2 127.4 132.1 132.1 131 129.6 128 126.7 126 126.3 125.6 125.2 125.3 127.3 129.3 131.8 132.1 132 132.4 133.7 134.1 134.6 135.1 135.4 135.4 134.8 133.3 133.4 134.1 132.5 129.4 127.9 127.6 127.6 126.6 127 129.2 129 127.1 124.1 117.7 118.7 121.7 121.9 123 120.9 118.2 114.9 111.2 111.2 111.2 111.2 111.7 112.7 112 109.7 108.7 108.9 110.2 111.4 112.9 115.3 112.7 110.6 108.4 108.2 110.2 113.9 113.8 108.3 105 104.9 103.7 100.3 95.8 92.5 90.4 92 93.1 91
132.1 134.7 134.9 135.5 136.6 136 134.7 133 133.3 132.9 132.1 132.2 132.5 135.2 137.1 137 137.6 137.6 137.9 138.6 138.8 138.7 138.8 139.4 138.7 138.2 137.4 138.1 139.3 138 134.1 131.6 130.7 131.2 128.1 129.6 131.3 130.6 128.9 126.5 121 125.4 125.6 125.9 131.5 132.8 128.5 122.9 117.6 114.2 113.5 113.6 111.5 112.5 112.8 113.3 112.8 113 113.3 114.9 117.4 118.9 117.6 115 113 111.6 112.1 114.5 116.2 114.4 111.1 107.8 105 102.4 101.5 100.3 95.1 93.9 94.2 94.8
140.7 143.7 141.6 141.7 141.7 140.8 140.4 140.3 140.1 139.4 139.4 139.7 140.2 140.9 142.6 142.2 142.5 143.8 143.5 142.9 142.8 142.6 142.7 142.7 142.3 141.7 141.3 141.6 141.5 139.7 138 135.6 134.9 133.6 132.9 133.3 132.7 131.9 130.7 128 127.3 128.6 127.9 128.6 131.9 133.2 131.4 129.7 123.1 120.1 116.9 115.6 115.3 114.9 115.2 115.8 116.7 116.9 117.1 118.1 120.3 121.1 120.4 119.1 117.2 115.7 115.5 115.6 115.9 117 115.2 113.6 109.9 107 108.2 105.3 101.9 100.5 100.5 100.2
151.5 151 149.7 148.9 148.6 148.1 146.7 145.3 145.4 146 146.2 146.2 146.8 147.7 147.7 147 147.7 149.6 147.9 146.2 146.2 147 146.9 145.9 145.3 144.9 144.5 144.1 143.3 141.6 139.5 138.2 137.7 136.2 136.9 135.6 134.8 133.4 132.3 131.1 131 130.9 130.3 130.2 131.1 132.6 131 129 129.2 126.8 126.8 122.7 120.4 120.2 120.1 120.8 121.5 121 120.8 121.5 123.1 123 122.1 121 120.6 120 119.5 119 118.1 118.2 118 116.8 115.9 118.4 124 120.6 117.2 113 110.1 109.6
158.3 157.7 156.8 156.2 154.9 153.6 152.8 151.9 151.1 150.6 150.9 151.5 152.4 154.1 154.1 153.9 154.3 154.7 152.5 150.8 152.4 151.9 151 149.5 148.4 148 147.6 146.7 144.8 142.6 141 139.7 139 138 138.4 137.4 136.7 135.6 135.4 134.6 133.5 133.2 133 132.9 132.8 132.7 131.7 130.2 129 131 133.9 131.7 128 126 126.1 126.6 126.7 126 125.3 125.1 124.8 124.2 123.5 123 123.3 123.1 122.7 121.8 121.1 119.7 119.6 121.7 123.4 129.8 133.6 135.1 135.5 129.8 125.1 120.3
165.9 164.9 163.1 162.1 160.9 159.1 157.9 157.9 157.2 156.6 155.9 156.8 157.5 159.5 159.9 160.6 160.3 160.5 158.3 156.5 156.4 155.1 154.1 152.8 151.4 151.1 152 150.4 147.7 144.8 142.9 142.3 141.2 140.4 140.4 139.3 138.5 138 137.9 137.1 137.6 137.2 136.4 136.1 135.6 134.4 133.4 132.4 131.6 133.8 134.4 134.7 133.3 131.9 132 132 131.5 130.8 130 129.6 128 127.2 126.3 126.2 126.2 126.1 126.1 125.8 125.2 123.3 125.5 132.7 136.1 141.2 144.1 146.8 148.2 146 140.5 138.7
171.6 170.3 169.1 168.4 166.3 164.6 164.3 163.2 161.9 161.1 162.3 163.1 164.6 166 166.1 166.8 167.4 166.9 165.5 163 161.2 158.4 156.7 155.4 154.8 154.5 153.4 152.5 150.6 148.6 146.8 146.6 143.7 142.9 142.5 140.9 140.2 140.9 140.4 139.8 140.3 140.6 140.4 139.8 138.5 137.5 137.4 137 136.3 139.2 141.1 138.1 136.7 136.4 136 135.6 135.2 134.7 134.1 133.1 131.7 130.7 129.9 129.9 129.6 129.7 129.9 130.3 130.2 129.9 134.7 139.2 143.7 151.1 156.9 157.2 159.2 158.3 158.3 155.3
180.5 178 176.1 173.7 172.4 170.1 169.5 168.6 167.7 168.7 169.5 169.3 169.8 171.6 172.3 172.7 173.8 172.8 172.9 170.4 166.2 162.9 160.9 161.5 159.5 157.6 155.8 155.7 156.3 154.4 152.1 149 147.6 145.9 144.4 142.6 142.5 144 143.5 143 142.8 142.6 143.1 143.4 142.5 141.9 142.1 142 142.2 144.6 144.9 143.4 141.3 139.2 138.5 138.2 137.7 137.2 136.5 135.4 134.8 133.9 133.7 133.4 133 132.9 134.2 135.2 136.1 137.3 141.6 145.8 151.3 156.6 163.4 167.6 169.1 169.2 172.8 170.3
186.4 184.4 182.5 180.5 178.8 176.8 177.4 176.1 175.6 174.1 174 174.1 176.4 178 178.5 178.9 178.9 177.8 177 176.5 173.5 168.8 167.4 166.5 164.8 162.3 159.7 158.6 159.3 158.6 156.2 152.3 151.3 148.5 147.4 145.4 145.7 146.3 146 145.6 145.5 147 147.3 147 146.5 148.1 148.4 147.6 147.1 147 148.4 146.9 145.9 143.7 143.7 142.7 141.1 140.9 139.9 138.4 138.1 138 137.5 137.2 136.8 136.4 138.5 139 140.9 144.4 147.5 153.7 162.7 169 173 177.2 176.9 174.5 175.7 176.7
190.7 189.2 188.4 187.3 187.1 185.6 184.2 182.8 180.9 179.5 178.9 179 181.2 181.8 182.9 183.7 183.4 181.6 180.7 179.1 177.4 174.8 175 172.1 170 167.8 164.6 162 161.2 159.2 157.5 156.7 154.4 153.5 152.1 149.7 149.5 148.7 148.5 149.1 150.1 151.2 151.3 150.8 150.4 152.3 152.8 153.6 154.8 153.9 152.7 151.9 151.2 150.9 151.4 151.1 149 146.6 144.2 142.7 141.9 141.9 141.3 141.1 140.9 140.5 143.3 148.3 150 149.2 152.7 159.9 169.6 179.4 186.1 191.6 193.5 185.7 179.6 177.7
196.2 195.3 192.9 192 191.6 190 188.6 187.9 186.4 185.1 184.4 183.9 184.2 185.3 186.1 186.5 185.4 184.1 182.7 181.3 180.1 178.8 176.9 175.1 173.5 170.5 167.8 165.3 164.5 162.3 161.2 158.2 157.1 157.2 156.2 154.1 153.1 151.8 152.6 153.9 154.5 154.6 155.1 155.1 155.7 156.5 157.6 160.4 161.9 161.3 159.3 157.7 157.9 157.8 157.7 157 155.2 152.9 150.1 148.2 146.5 145.8 145.2 144.5 144.3 145.9 149.7 154.2 160.3 158.6 164.4 169.5 175.4 186.3 196.4 201.9 203.4 198.1 194.5 187.3
203.7 201.2 198.4 197.1 195.6 194.7 194.1 193.1 192.2 191.2 190.6 190 189.8 190 189.1 188.9 187.7 186.5 185.5 184.1 182.7 181.5 179.6 176.6 174.9 174.6 171.3 168.2 165.4 165.3 163.9 162.1 160.6 160.4 159.8 159.7 159.9 157 157.8 159 158.7 158.5 159.1 160.8 161.2 162.4 164.5 167.6 169.5 167.6 165.9 164.8 164.5 164.2 163.3 162.7 160.9 158.9 156 153.8 152.8 152.2 151.5 150.1 150 152.5 158.4 162.3 165.3 168.5 175.1 179.8 185.5 192.5 200.5 203.3 206.9 207.7 203.6 198.1
212.3 209.5 206.3 204.6 202.3 200.4 198.8 198.3 198.5 198.2 197.9 197.3 197 194.8 193.7 191.6 190.3 189.3 188.5 187.2 185.7 183.6 182.1 178.9 177.4 176.8 175.1 171.6 169 169.3 167.8 168.1 166.6 165.2 163.5 163.3 163.6 162.8 163.7 163.6 163.6 163.5 164.9 166 167.3 169.8 172.3 174.6 175.9 174.5 173 172.4 171.1 170.5 169.5 168.3 166.6 165.1 162.7 161.6 161.4 162.5 162.6 160.6 157 159.2 165.2 168.4 170.8 174.5 179.5 185.9 189.8 194.3 198.5 202.3 204.2 205 204.5 197.2
216.4 215.1 213.8 211.1 208.8 207.8 207.2 206.5 206.9 206 205.5 204.8 203.3 201.3 199.3 197.5 196.2 195.4 192.9 189.6 187.4 185.2 183.1 183.1 181.7 179.1 176.6 173.5 174.6 173.2 172.1 171.7 171.4 170.2 169.1 169.1 167.2 167.2 167.7 168.1 168.9 169 170.1 170.9 172.3 174.6 176.4 178.5 180.2 179.9 180.2 179.4 178.2 176.9 176 175.1 174.3 173.6 172.4 171.9 171.4 172.3 174.8 172.3 166.8 168.3 172 175.2 177.7 181.6 185.3 187.6 190 192.4 195.6 198.2 199.2 195.5 188.5 182.9
224.9 224.8 220.1 217.4 217.4 217.7 217.7 216.9 215.6 214.2 213.3 212.3 210.3 208.2 206.1 203.9 202.7 201.1 199.6 195.5 191.7 189.3 189.8 188.1 184.8 181.7 178.3 177.7 179 178.6 178.4 177.5 176.7 176.7 175.3 173.5 172.5 171.5 172.2 173 173.9 174.4 174.7 176.7 178.3 179.1 181 182.5 182.3 183.5 184.6 185 184.1 183.3 182.7 181.9 181.5 181.6 181.8 181.6 181 182 184.8 182.6 180.4 180.7 186.7 192 193 189.8 189.4 190.3 191.4 194.4 194.9 195.6 192.8 185.9 176.3 171.4
228.9 227.2 226.7 228.4 230.4 230.8 228.7 226.5 225.2 223.7 221.7 219.2 217.2 215.1 212.9 210.7 208.1 205.4 202.9 199.7 195.8 194.2 195.5 193.4 189.3 185.3 182 182.2 184.1 185.3 183.6 182.8 182.1 181.1 181.1 179.6 179.4 176.7 177.5 177.2 179.2 179.5 181.5 183.4 184.7 185.6 186.6 187.2 187.4 187.7 189.4 190.5 190 189.4 188.9 188.9 189.1 189.2 189.4 189.6 190.1 192.2 193.9 192.3 193 197.5 204.3 210.5 211.5 204.4 197 194 193.1 193.1 193 191 183.6 176 174.4 172.7
230.4 231.2 231 239.3 244 245.1 241.8 237.6 235.6 233.9 230.6 227.6 224.6 221.9 218.8 215.8 212.7 209.5 205.9 202.9 200.3 201 198 196.3 192.8 189.9 188 189.7 191.1 190.3 189.8 188.3 187.1 187.4 185.9 185.5 184.8 183.7 182.6 183.2 184.9 186.9 188.5 190.3 191.4 193.8 195.8 195.1 195.8 195.6 195.9 196 195.9 195.6 195.5 195.7 196.6 196.8 197 197.9 199.7 202.3 205.1 203.9 207.1 216 220.1 221.7 221.4 217 209 200.9 197.3 194.7 191.7 188.7 185.2 182 178.7 176.3
230.6 231.1 233.4 243.8 251.4 253.6 252.5 249.2 246.8 245.6 242.3 237.8 233.4 229.4 225.2 221.5 217.5 213.4 209.9 206.6 204.5 203.2 201.8 199.6 195.9 195.5 194.7 196.1 197.4 198.3 196.6 194.6 192.9 192 191.2 191 190.3 191.3 190.5 190.4 191 191.5 193.2 195.7 199 204.6 208.6 208.8 207.4 205.5 205.6 204.1 202.2 201 201.2 202.8 204.4 205.3 206.9 209.5 212 214.6 218.5 222.2 235.9 237.9 237.5 231.8 226.6 223 217 209.2 203.6 201 195.3 193.5 190.7 186.4 182.8 180.3
232.2 233.9 238.2 248 256.2 261.5 261.9 259 256.2 255.5 253.3 248.3 242.9 237.5 232.9 228.1 223.2 218.8 214.8 211.9 210.8 208.8 206.7 203.9 200.2 202.4 201.3 202.7 202.2 202.9 202.9 202.7 200.5 198 198.3 199 198.5 199.5 197.6 197.9 197.8 198 197.4 198.9 207.3 214.5 221.6 225.8 226.2 223.1 219.7 216 211.8 208.4 208.6 210.8 213 214.3 218.7 223.7 225.1 233.1 241.4 255.7 259.8 256.8 253.4 247.2 236.9 227.5 220.6 214.3 207.8 205.3 202.1 198.7 195.6 191.4 187.7 183.8
238.7 242.5 238.7 243.7 254.2 260.2 263.5 265.2 262.6 260.4 257.9 253.9 250.1 244.8 240.2 235.2 231 226 221.4 218.2 217.1 216.3 211.6 208.7 206.6 206.9 206.7 209 209.3 211.3 211 210.1 209 209.1 209.7 209.2 208.9 209.3 209.5 207.2 206.5 205.8 206.4 209.4 217.1 227.7 237.3 244.3 245.5 241 235 230 223 219 217.9 219.5 222.2 224.3 228.7 236 242.8 253.1 261.1 270 273 271.3 266.9 259.6 249.4 237.4 225.4 216.8 212.1 210.1 207.8 207.3 203.7 199.9 196.2 192.7
240.8 240.8 240.9 244 249.4 258 261.6 263.2 263.3 262.5 260.4 257.2 253.7 250.2 246.4 242.7 239.3 237 232.3 227.9 225.2 223.5 220.3 216.5 213.2 213.2 213.3 215.3 216 216.7 217.3 217.7 219.6 219.7 220.7 221.3 220.6 220.6 220.8 217.8 217.5 217.8 218.4 225.5 236.8 246.6 253.1 258.9 259.6 256.3 250.9 243.8 235.6 230.1 227.8 229.4 233.4 238.1 244.4 253.4 261.5 268.1 276.9 280.5 281.5 281.3 276.8 269.5 260.3 248.3 235.3 226.4 220.9 216.9 216 214.8 213.8 211.1 205.2 202.9
244.9 246.1 245.3 247.2 252.1 257.5 261.2 262.7 263.5 262.4 260.4 258.6 256.3 253.2 250 247.5 244.5 241.5 238.2 237.2 234.2 230.8 227.2 224.9 219.3 220.4 221.3 222.3 223.9 225.5 226 226.7 227.6 229.7 232.2 233.5 233.3 234.1 234 231.2 230.7 231 234.1 242.3 255.5 265.3 271.4 275 274.8 270.6 263.5 256 247.4 241 238.3 239.8 246.3 252.7 260.8 268.3 275.3 282.8 290.9 295.3 291.7 287.8 284.5 274.2 266.4 256.5 245.9 235.7 228.3 224.4 221.9 219.2 216.7 214.9 213.4 210.2
