public/OST50/NH60.asc
ncols 200
nrows 200
xllcorner 260000
yllcorner 800000
cellsize 50
[rows 70 to 104 of 200, columns 78 to 155 of 200]
758.2 759.8 759.8 758.9 758.2 752.4 756 758.6 757.5 757.7 761.7 766.1 769.8 770.8 773.3 777.6 781.7 785.4 788.9 791.7 795.5 798.5 800.2 800.3 799.8 801.3 802 798.9 799 803.8 806.8 808.2 810.4 811.6 814.2 817.8 819.6 824.3 826.2 825.9 823.2 818.5 811.8 803.4 795.8 799.1 806.8 815.8 825 832.1 839.6 845.8 846.4 842.4 835.5 829.8 823.2 810.7 808.7 809.6 815 828.9 837.8 841.6 843.6 849 853.7 859 863 865.9 869.8 874.1 876.9 879.2 880.4 881.1 881.8 880.7
760.7 762.4 762.1 761.5 759.4 757.4 761.2 762.1 760.6 761.5 765.3 770.1 772.7 775.6 777.7 781.9 786.6 788.7 791.5 794.4 799.1 802.4 802.7 802.9 802.1 801.2 799.9 801.8 805.4 807.5 809.2 811.1 812.6 815.1 818.7 821.4 824.8 830.1 831.9 829.2 824.4 818.6 808.1 802.1 798.7 803.1 812 821.8 829.8 837.1 845.7 849.2 848.9 843.1 836.6 830.2 823.1 818.3 823.3 824.1 816.8 814.1 827 833.4 842.1 849.3 854.7 862.3 866.1 870.4 874.7 878.7 881.7 884.5 885.8 886.5 887.6 886.5
762.7 763.8 764.5 764 761.9 761.5 765.4 765.1 764.3 764.7 766.9 772.4 776.7 779 781.9 785.8 788.1 790.3 794.4 797.4 801.2 803.3 804 804.1 804.7 806.8 806.7 807.1 809 810.9 811.7 813.7 816.3 819.4 822.8 825.5 831.8 835.4 835.2 832.7 827 818.3 811.8 802.2 801 806.1 818 829.2 836.4 843.1 850.8 850.4 848.2 842.6 837.8 829.1 823.2 830.5 833.3 834.2 831.5 821.1 817.9 825.6 837.5 847.7 854.7 862.4 867.2 873 878 883.2 885.9 888.4 890.1 891.5 892.5 891.5
765.1 766.5 766.5 766.1 764.6 764.7 768.1 768.7 768.3 767.7 770 774 778.3 781 784.8 786.8 788.1 790.8 794.9 799 802.3 803.8 805 807.6 809.7 809.7 809.5 809.8 811.5 813.4 815.8 817.4 821.5 824.6 827.6 831.6 837.2 839.7 838.1 834.6 827.7 819.4 810.7 806.5 803.5 812.9 825.3 835.4 842.2 849.1 851.7 852.2 847 843 838.5 827.1 833.9 836.4 837.9 838.5 837.8 836 825.4 818.4 831.3 843 851.5 860.1 866.8 873.7 880.4 884.8 887.3 889.6 892.5 894.2 894.9 893.2
767.5 769 768.7 768 767 768 770.7 771.7 771.3 771.1 772.7 775.7 779 782.8 785.9 786.4 787.3 790.5 794.2 798.6 801.9 804.6 806.5 810.8 812.3 810.4 812.2 812.7 814.2 816.1 818.7 819.8 824.7 830.1 834.8 839.6 842.4 842.5 840 836.1 827.1 821.1 816.5 811.6 808.2 818.9 832.7 841.4 848.2 853.6 856.8 853.8 848.4 844.2 838.9 830.9 837.7 840.2 841.7 842 840.9 839.1 837.7 830 822.7 827.6 843.1 855.2 864.6 873.5 879.5 883.6 886.7 889.4 891.9 894 894 891.5
769.5 770.9 769.7 768.5 768.2 770.3 772.4 774.1 775.8 775.5 776.3 777.6 779.5 783.3 785.2 786.7 788.4 790.9 794.1 798.3 802 805.2 808.8 812.5 811.8 814.3 815.5 816.3 817.2 819.1 821.7 826.1 831.1 836.4 841.2 845.1 845.5 844.8 842 836.9 831 827.7 820.9 813.4 812.8 826.8 839.4 848.4 853.8 858.8 858 854 849 845 840 837.7 840.7 843.1 844.7 845.4 845.3 843.1 841.9 843.1 842.6 830.6 833.3 846.8 859.3 871.6 877.9 881.9 884.1 886.6 888.6 890.6 890.4 889.8
771.8 772.6 771.1 769.5 769.7 772.9 774.3 777.5 778.8 778.6 779.3 780.2 782.5 784.3 786.7 789.7 790.4 792.8 796.3 799.4 803.1 806.4 811.3 814.5 815.4 817 818.8 819.7 821.8 823.5 827.7 832.4 837.5 842.4 847.4 849.9 849.6 848.4 844.5 840.3 838.3 834.1 826.3 817.5 816.2 833.2 847.3 855.9 860.4 859.9 857.9 853.7 849.9 845.8 843.3 843.1 844.9 846.3 847.3 849 850 850.4 850.8 850.8 849.4 835.6 827 833.3 852.9 867.5 875.2 880 882.1 883.4 884.8 885.7 885.8 886.5
774 774.8 772.2 770.8 771.5 773.7 776.5 779.6 780.7 782 783.8 784.1 785.2 786.9 788.2 791 793.2 796.4 799.4 802.1 805.4 808.9 814.6 817.9 818.2 820 822.1 824.1 827 829.8 833 840.2 844.6 852.7 855.8 855.1 854.8 853.5 849.6 846.7 847 842.3 832.7 821.7 822.3 841.6 855.1 863.1 866.8 864.4 859.1 854.8 850.7 848.3 847.1 846.9 847.5 849.3 851.2 852.9 854 854.7 855.3 854.7 853.9 849.8 838.8 832.2 845.7 863.7 872.5 876.2 879 880.9 881 880.3 881.5 881.1
777.1 776.8 773.2 772 772.9 775.9 778.6 780.7 783.8 785.9 787.3 787.4 787.6 789.3 791.1 793.4 796.1 800.3 801.8 804.1 807.9 813.3 818.3 820.5 821.8 823 826 829.2 832.4 837.4 842.1 851.3 859 863.3 863.8 862.6 861.1 860.7 859.3 859.3 856.6 848.3 839.5 826.5 829.3 849 862.2 868.6 870.6 865.7 859.9 855.4 852.2 850.8 850.7 850.2 851 852.5 856.3 858.5 859.8 860.1 860.2 860.6 859.7 857.3 845.4 837 844.9 863.1 870.2 874.5 876.7 878.2 878.5 877.3 877.7 875.6
780.7 778.4 774.1 774.9 775.9 777.7 780.5 783.9 786.9 790.1 789.8 790.4 790.4 792.4 794.7 796.6 800.2 803 804.4 807.9 811.9 817.9 822.1 825.1 827 828.4 830.6 834.4 838.6 844.5 852.1 862.7 868.8 871.9 871.8 869.8 870.9 872.2 870.2 868.8 865.6 858.9 845.1 826 837.9 855.5 867.5 873.8 872.8 867.3 861.8 858.4 856.2 855.1 854.8 854.3 854.6 857.6 861.5 863.3 864.8 866.2 867.1 867.9 866.2 861.3 849.7 839.2 851.6 862.7 869.6 873.9 877.1 880 880 878.7 876.7 875.4
783.1 777.9 776.6 777 778 779.8 783 787 791.8 793.3 792.9 792.3 792.6 794.7 797.2 800.3 803 805.1 807 811.9 816.6 822.4 826 829.4 831 833.4 836.5 841 846.8 853.4 862.4 870.2 875.3 879.3 880 881.1 882.1 883.4 881 878.5 873 865.8 849.7 833.1 843.9 862.4 873.8 878.6 876.9 869.5 865.8 862.9 861.2 859.8 859 858.5 859 863 866.7 870.2 873.6 876.1 876.2 874.7 870.7 862.9 845.2 843.5 856.1 864.8 870.8 876.4 881.1 884.7 884.3 881.2 878.7 877.4
784.7 780.2 780.6 780.7 780.4 782.7 786.9 791.4 794.6 795.6 794.9 793.9 795 797.3 800.3 803.8 805.9 807.8 810.1 816.1 822.1 826.7 830.3 834 836.5 838.4 844.5 849.8 853.4 860.3 868.7 875.5 881 884.9 888.4 891.1 893 891.8 888.3 884.4 877.9 869.7 853.9 836.4 848.1 870.5 880.6 883.9 880.3 873.7 870.6 868.7 866.8 864.7 863.4 863.2 864 868.7 873.3 877.7 881.3 882.1 879.7 876.5 872 860.7 842 853.7 859.2 867 873 879.9 886.7 890.8 889.2 884.2 881.1 879.5
787.2 784.6 783.9 783.1 783.4 785.6 789.6 794 796.3 797.1 796.8 795.8 797 800 804 806.3 808.3 811.4 815.4 820.7 827.6 831.7 834.7 838.9 841.3 847.9 853.7 856.9 859.6 866.2 872 879.5 885.4 891.1 895 898.7 900.4 897.5 893.4 888.5 882.6 871.1 854.9 841.5 859.4 878.9 885.8 887.8 884.9 880.1 876.6 873.7 872.7 872.8 874.2 872.1 872.8 876.8 881.1 882.9 884.3 883.4 880.4 876.6 870.6 856.7 844.9 860.1 865.4 869.4 876.5 885.1 892.8 895.8 894 889.1 885.3 883
789.3 788.4 787.3 786.4 785.7 788.1 792.1 796.9 798.8 799.7 800 799.5 800.1 803 806.8 808.8 811.5 814.4 819 826.7 831.6 836.2 839.9 843.9 850.9 857.5 862.3 861.2 864.1 868.7 875 882.3 889.6 895.2 900.3 902.9 903.2 900.7 896.3 891.8 885.7 873.7 860.6 847.3 867.1 885.4 890.3 891.4 890.8 888 887.6 886.8 886 884.9 884.4 882.1 882.4 885.3 885.2 885 884.7 881.7 877.7 872.8 864.2 846 849.7 863.7 866.6 872.5 880.8 889.7 896.9 899.8 898.4 894.2 890.9 888.5
791.9 790.8 790.3 790.1 788 790.8 794.4 798.9 801.6 803.1 804.5 804.8 804.6 806.9 809.8 811.4 814 818.4 824.1 830 835.8 841.3 846.2 854.8 862.6 867.5 868.8 867.9 868 871.3 878.1 885.2 892.6 899.1 903.8 905.6 906.4 902.7 898 892.7 886.9 873 864.6 850.4 875.9 890.9 893.4 894.9 895.7 896.4 897.2 896 893.4 891.6 889.4 887.8 888.3 887.5 885.1 883.6 881.1 877.4 873.4 867.5 859 849.2 857.1 865.9 870.6 876.3 884.8 893.9 900.6 903.2 901.2 899.1 896.8 893.9
797.1 795.1 794.4 793.6 790.9 793.1 796.5 801 804.5 805.9 808.5 809.1 809.1 810 812.6 815 818.5 822.8 828.5 833.7 840.1 846.4 851.9 866.5 872.8 876.1 876.1 874.4 872.8 875.2 881.8 888 895 902 906 906.8 906 902.1 897.6 893.8 887 872.7 862.9 870.2 887.9 894.1 895.6 898.7 901.1 903.9 903.3 900.3 895.8 893.2 890.7 889.8 888.7 886.2 883 879.8 875.5 871.1 866.7 859.6 855.3 851.6 862 868.1 873.2 878.7 886.7 896.5 902.9 904.7 904.8 903.1 900.7 896.2
800.9 800.4 798.7 797.1 794.5 794.8 798.7 803 806.7 809.6 811.4 812.6 812.4 813.9 815.9 818.5 822.8 827.7 833.4 837.8 844.6 853.8 863.6 874.8 881.5 883 881.9 881.9 882.5 881.3 884.9 890.1 897.9 903.7 906.4 906.5 904.5 901 897.3 893.3 882.2 873.7 868 885.4 894.2 895.4 896.8 900.6 907.5 909.3 905.6 901.8 896.9 892.7 889.6 888.1 885.5 881.3 877.7 872.8 866.8 862.8 857.7 853.6 850.5 854.2 863 869 874.1 879.7 887.1 895.1 901.4 905.3 907.2 905.7 901.6 897.6
807.5 806.5 802.8 798.4 796.5 797.5 801.3 805.4 809 812.4 814.1 815.4 815.3 816.1 819.1 822.6 826.3 831.3 836.2 842.1 851.5 861 872.6 881.1 886.2 887.6 888.6 889.3 888.3 887 888.2 893.3 899.4 903.3 905 904.1 902.8 900.7 897.4 891.9 884.2 881.2 880.8 888.1 893.3 894.5 897.2 902.8 909.3 908.1 904.5 900.2 895.5 890.8 885.9 882.7 877.8 872.1 870.5 864.9 858.8 854.8 851.5 850.5 850 853.3 860.9 868 873.6 878.1 884.6 892.7 898.8 903.4 906.4 906.4 902.5 897.9
811.2 808.9 804.3 800 798.6 799.8 802.9 807.3 811.2 814.5 816 816.2 817.2 820.3 823 826.9 830.5 835.7 840 848.8 857.5 867.9 876.4 883.9 889.3 891.9 894.1 894.8 891.8 890.3 889.2 895.5 900 901.9 902 901.1 899.5 899.1 896.8 891.6 886.7 882.5 881.3 885.8 890.4 892.8 897.6 904.3 906.9 905.2 902.4 897.3 892.3 886.6 880.4 875.6 869.5 866.9 862.8 855.4 852.4 851.2 850 848.8 849.1 852.1 857.4 865.5 870.4 875.6 882.2 890.2 896.1 901.1 904.1 904 900.8 896.9
813.8 809.9 805 801.8 800.8 802.1 805 809.4 813 815.6 816.5 817.7 821 824.7 827.5 830.6 834.7 838.1 843.7 853.3 863.8 871.3 879.7 887.1 892.6 896.4 898 898.2 894.7 891 890.2 896.8 898.6 899.3 898 898 897.4 897.1 894.7 889.5 886.9 883.5 881.1 883.8 888 891.9 897.5 903 903.9 902.4 898.7 893.2 888.5 881.7 874.5 868.5 865.3 861.3 856.3 851.6 848.8 847.9 847.2 846.1 847.4 850.1 854.3 862.1 867.8 874.1 880.8 888.2 893 897 899.6 900.6 898.7 894.1
815 811 806.3 802.5 801.9 804 806.6 810 813.9 817.1 819.6 822.8 826.1 828.7 831 834.4 837.5 841.2 848.4 857 864.8 872.1 882.9 890.5 895.7 899.4 900.7 901.1 895.9 891.1 890.5 894 895.2 895.2 896.8 896.9 896.4 894.9 891.1 886.2 884.6 882.2 880 881.9 886 890.6 896.3 900 900.7 898.4 894.8 890 884.8 876.6 869.4 862.9 859.2 854.5 850.7 847.6 845.8 845.6 845.4 844.8 844.4 847.4 850.9 858.3 866.1 873.7 879.8 884.9 888.8 892.7 894.9 894.8 893.1 889.1
817.3 813.6 808.1 803.6 804.2 805.8 807.9 812 816.3 820 824.9 827.2 829.2 832.6 835.5 837.2 840.8 846.5 852.7 858.8 866.7 877.3 886.1 893.1 897.8 899.2 900.2 899.3 895.3 889.4 889.3 890.6 891.4 893 895.2 893.8 893 890.7 885.2 882.4 881.3 880 877.2 878 883 888.7 893 895.9 895.7 894.2 891.8 886.7 880.7 871.5 864 857.5 852.5 847.8 846 844.2 842.9 843.4 842.7 841.6 843.4 846.8 850 856.4 863.2 870.5 876.2 880.5 884.4 888 889.1 889.1 887.1 885.6
818.3 814.4 808.7 806.3 808.8 809.4 810.4 816 820.6 825.5 829.1 831.6 833.6 836.2 838.8 841.5 845.6 850.2 856.7 862.2 871.4 880.7 889.9 895.7 899.4 899.4 900.1 897.5 893.4 889.1 888.6 888.3 890 890.8 890.1 889.3 887.4 883.2 878.9 878.2 878.5 877.8 876.8 876.3 880.2 884.8 889 891.4 892.1 891.9 889 883.2 875.6 867.2 860.1 853.4 847.8 843.8 843.1 841.7 840.9 841.2 840.3 839.1 841.6 845.9 850.3 855.6 861.9 867.2 872.1 876.8 880.6 882.7 882.8 883.7 882 881.6
820.6 815.9 813.4 812.2 815 817.4 820.1 823.8 826.9 830.7 832.7 835.1 836.4 839.9 843.3 846.2 851.7 854.8 860.1 866.4 875.2 886.3 895 900.7 901.8 899.5 897.4 892.5 888.9 886.9 885.4 885 885.9 885.6 885.4 883.6 879.7 872.8 872.2 872.4 873.8 874.8 874.7 875.3 877 880.5 884.5 888.3 890.4 889.7 885.8 879.7 872.4 864.3 857.1 847.7 842.8 841.9 840.3 840.3 838.3 838.5 838.4 837.5 840.6 845.1 849.2 854.6 859.6 864.9 869.8 873.3 877.2 878.9 879.1 878.9 879.7 879.4
824.1 820 817.3 818.8 821.6 825.2 829.4 833 836.1 837.2 836.4 837.9 840.7 844 848.6 854.1 857.9 863.1 867.9 874.6 883.3 892 898 898.8 899 896.2 892.9 886.6 883.5 881.6 880.2 876.9 879.2 879.2 878.5 875.9 870.9 864.4 865.9 867.3 868.7 869.1 871.5 873 874.5 878.2 883.2 886.6 888.8 886.5 881.8 875.5 867.2 860.9 854.4 845.6 842.8 840.5 837.6 837.6 837.3 836 836.3 836.9 839.7 844 850.3 854.2 859.9 862.2 868.1 872.5 874.9 876.9 877.1 878.2 878.4 877
827.8 823.7 822.4 825 828.4 833.1 837.3 840.4 841.9 841.2 841.3 842.7 845.5 850.2 855 861.2 864.8 868.4 875.9 884.9 893.8 899.2 903.1 899.3 896 892.1 887.7 882.8 876.4 874.9 874.6 870.8 869.9 869.8 869.6 867 861.7 858.4 860.7 862.6 863.9 865.7 867.9 869.4 873.8 877.6 881.2 883.5 884.1 881 876.6 870.3 864.9 858.4 853.1 844.7 841 838.4 837.2 835.6 835 834.9 834.6 836.3 839.5 844.2 850 854.8 859.9 863 866.4 870.3 873.5 875 876 876.1 876.2 874.1
829.2 827.2 827.9 830.3 834.8 840.7 845.5 847 847.2 846.8 848.8 849.5 851 857.8 861.6 867.4 872.4 875.8 886.5 894.1 900.6 905.2 899.6 893.3 890.7 886.5 880.4 876.2 870.5 869.7 869.3 866.7 863.9 862.4 861.7 859.8 855.8 854.8 857 858.7 861.2 863.2 864.8 868.3 874.4 876.4 877.9 879.1 877.7 874.6 869.6 866.1 861 856.7 851 844.3 840.6 838.1 836.1 834.7 833.2 833.3 833.3 835.5 840.1 846.1 852.6 856.2 859.1 862.7 866.1 868.1 870.8 873.3 874 874 873.4 870.5
830.6 831.5 832.8 835.2 840.5 847 853.7 855.2 854.3 855.8 854.7 855.8 856.9 861.9 865.8 874.2 878 886.4 895.2 900.7 904.5 904.7 897.2 890.7 883.7 879 874.6 870.7 865.6 863.7 863 861.7 859.1 857.5 856.1 855.1 851.9 852 856.1 859 861.9 863.2 864.6 867.4 873.7 873.5 873.2 872.7 872.3 868.2 865.5 861.8 857.5 853.2 849.6 844.1 841.2 839.2 836 834.6 833.1 832.1 832.8 836.3 842.4 849 854.5 856.7 858.7 861.4 864.5 867.1 869.1 871.4 871.3 871.8 870.2 865.3
833.3 833.2 835.7 839.9 847.3 854.9 860.8 863.8 865.9 865.1 863.3 861.7 863.9 867.8 873.9 880.1 888.1 896.5 903.9 907.7 910.1 903.9 896.6 886.4 877.9 874.7 871.5 867.9 861.5 859.7 857.7 856.3 854.3 852.4 851.3 850.6 848.2 851.8 856.8 860.1 864.2 863.4 863.6 866.3 869.1 869.6 868.1 866.9 866.3 863.7 860.6 856.4 853.2 850 847.9 845 842.5 839.7 836.7 836 832.5 829.7 831.9 836.9 844.1 849.9 854.6 857.2 858.6 861.6 865.2 866.1 868.8 870 870.4 868.8 865.1 859.7
834.9 835.4 838.7 844.6 852.2 860.9 868.9 872 873.7 873.8 872.1 869.8 871.5 874.8 882 888.9 898 904.5 911.1 911.9 911.6 900.4 893.7 882.3 874.7 873.1 869.8 866.1 856.9 854.8 851.6 850.3 848.8 846.8 845.8 846.5 843.7 852.3 857 861.2 866.2 864.1 860.8 863.6 862.5 863.4 861.8 861.6 860.6 858.3 856.3 852.9 849.4 847.4 846.1 844 841.6 839.8 837.9 836.5 832.5 827.8 831.2 837.3 845.8 850.4 853.7 856.5 859.2 862.3 865 866.5 867.4 867.1 866.9 865.2 861.5 856.6
836.5 838.7 842.7 849.8 857.8 865.4 872.5 876.8 880.2 881.1 879.8 881.8 881.9 885.6 890.8 898.8 905 911.5 916.4 913.5 905.9 899.9 888.3 878.8 874.6 871.3 868.4 863.6 855.3 851.9 848.8 845.5 843.7 842.4 841.6 841.8 844 851.6 857.1 861 864.7 859.5 856.7 856.8 855.1 856.2 856.6 856.2 854.3 853.1 850.3 848.1 845.9 844.5 844.4 842.5 841.2 840.1 839.2 838.3 833.7 827.2 830.2 837.6 845.2 850.2 853.2 856.3 859.2 862.2 864 864.9 864.9 863.5 861.2 859.5 855 853.9
838.6 843 848.4 854.8 861.4 869.4 877.3 883.4 888.9 891.3 890.9 892 894.4 898.4 902.1 907.1 910.7 914.4 917 912.8 902.5 897.4 888 878.6 874.9 870.3 866.9 862.1 852.8 849.9 846.9 843.5 839.8 837.5 837.1 832.3 845.4 852.3 856.8 860.9 861.3 855.1 851.2 849.5 849.2 849.2 850.1 849.8 848.6 846.3 843.2 842 841.2 841.5 841.4 839.2 839.6 840 839.7 839.4 833.7 825.7 828.6 836 843.6 848.7 851.7 854.6 858 860.4 861.8 862.2 860.9 856.7 853.6 853 852 851.2
842.6 847.1 852.8 858.6 865.5 873.6 881.9 889.6 894.5 899.2 901.3 903.2 906.8 908.2 910.6 913.2 914.2 915.8 917.7 912.3 903.9 892.6 884.4 877.8 872.4 866.5 862.9 856.4 850.7 848.3 845.7 841.2 836.8 832.7 830.1 833 844.2 849.7 853.3 859.6 858 850.7 846.4 842.6 842.6 842.2 842.2 841 840 838.2 835.2 835.2 837.7 839.4 838 838.4 840.2 841 841.7 839.8 833.8 825.3 825.8 833.3 840.8 846.3 849.7 852.4 855.4 857.4 857.7 856.9 854.4 851.4 847 845.8 844.7 843.4
847.7 851.8 857.2 863.8 871.4 879 886.8 892.9 900.7 904.4 907.8 909.8 911.7 912.8 915.8 915.6 916.5 918.8 914.6 907.5 899.9 888.1 882.6 876.1 868.7 860.9 857.8 852.8 848.4 846.2 843.5 839.8 834.4 828.5 820.3 832 838.9 842.4 849.4 855.7 852.8 845.6 841.8 835.2 835.6 834.2 832.5 830.3 830.5 828.9 828.9 831.4 835 836.5 837.7 838.8 841 842 841.7 838.7 833.6 824.8 821.8 829.7 838.5 843.6 847.6 850.3 852.2 853.7 852.9 851 848 845 841.5 838.9 832.1 824
852.1 856.4 862.2 869.7 876.9 885.1 891.7 897.2 903.4 907.9 911.2 913.2 912.8 914.3 917.1 916.5 917.6 918.3 910.8 903.2 895.2 885 880.6 872.3 863.8 856.2 853.6 848.3 845.5 843.2 840.4 836.9 832.5 823.1 812.4 826.6 834 835.1 844.9 846.9 843 838.8 835 827.9 824.1 823.4 820.1 819.2 819.4 820.5 823.3 827 831.1 835.7 838 840 840.9 841 839.9 837.1 832.2 823.2 817 828.1 836.2 841.7 845.7 848.3 849.5 849.4 848.8 846.1 843.4 839.1 831.9 824.3 817.7 821.1
