public/OST50/NH60.asc
ncols 200
nrows 200
xllcorner 260000
yllcorner 800000
cellsize 50
[rows 105 to 139 of 200, columns 0 to 77 of 200]
850.8 843.3 837.5 833.2 829.3 830.2 834 839.9 844.5 849.1 853.9 861.9 868.7 874.7 876.9 876 873 868 860.6 854.2 848.7 843.4 839.2 834.3 829.9 828.1 826.5 825.1 822.8 819.4 815.5 811.7 807.2 804 801.1 796.8 790.7 783 789.2 787.4 782.7 776.3 768.7 760.2 751.7 735.5 728.6 739.2 744.6 746.8 755.4 766.3 773.5 780.6 782.3 780.6 786.6 791 795.4 799.8 806.9 812.7 818.8 822.8 827.6 829.1 830.3 830.1 833.7 836.6 838.6 839.4 839.9 840.8 842.6 845.2 848.1 852
854.7 847.3 841.2 836.7 832.6 830.3 834.5 840.1 845 849.1 853.4 861.8 866.9 871.7 873.2 872.5 870 865.2 858.6 852.7 849.1 844.4 839.5 834.6 831.4 828.1 825.8 823.3 820.7 817.6 813.9 809.9 806.7 804.3 801.1 795.8 788.6 792.5 791.8 788.9 784.8 775.6 768 759.6 751.8 736.8 737.3 745.5 755.5 762 764.4 775.4 782 786.8 789.2 782.2 788.6 792.5 796.9 801 807.7 814.2 820.6 824.7 828.6 831.5 833.6 830.6 835.6 837.3 838.9 841.1 842.2 844.1 845.7 848.4 852 856.1
859.2 852 846.3 840.9 836.3 833.1 834.6 840.1 844.8 848.6 852.8 860.7 865.9 868.8 870.6 870.4 867.2 861.4 856.4 851.8 848 845.3 840.8 833.1 831.7 828.4 826 823.4 819.7 816.3 812.8 809.5 806.7 802.7 799.8 791.7 796.1 795.7 794.6 791.3 785.6 775.8 767.2 758 751.4 731.5 745.1 755.4 763.8 771.4 773.7 783.2 786.6 791.5 793.1 786.3 787.7 794.7 800 803.7 807.6 812.5 821 826 830.1 833.6 835.8 836.5 835.3 838.5 840.3 842.2 844.8 847.1 848.5 851.4 855.9 860.7
863 857.4 851.4 845.3 839 836.8 836.1 840.5 845.3 847.6 851.9 859.6 864.6 867.5 868.8 868.6 866.1 860.3 852.6 853 847.3 844.1 837.3 836.4 832.6 829.1 825.8 822.7 819.3 816.1 813 809.1 806.2 802.9 794.8 799.9 801.5 800.2 795.7 791.3 784.8 776.5 766.6 758.2 752 734 752.2 765.1 774.2 781.4 781.6 786 792.1 795.5 795.8 789.3 794.4 797.2 802.6 808 812.2 818.5 822.4 825.1 829.5 834.7 836.6 838.6 838.1 838.2 841.5 843 845.9 847.6 850.6 854.8 860.4 865.7
864.8 862.1 858.3 850.4 842.7 840.1 838.4 842.1 844.5 847.9 852 857.9 863.3 865.1 866.5 865.5 860.6 861 858.2 856.3 853 848.9 844.7 838.8 833 829.7 825.3 821.9 818.7 815 811.9 808.8 805.7 799.6 802.9 805.7 806.2 803.6 798.2 792.2 785.3 777.6 766.1 759.5 751.2 746.7 758.8 771.1 779.7 786.5 787.8 790.7 796.7 799 798.5 791.6 797.5 798.5 806.3 811.5 815.8 821.4 825.3 829.2 831.2 834.2 838 839.7 840.9 841.4 840.6 843.2 845.9 848.1 852.1 857.2 864.2 870
865.6 864.5 860.7 853.3 846.4 842.8 841.8 843.6 844.9 848.8 853 858.2 862.6 863.6 863.5 864.9 866 864.8 861 857.4 855.4 850.9 845.7 839.3 833.2 828.3 824.7 820.9 817.6 815.2 811.3 807.7 804 804.7 807.7 809.7 810.1 806.5 800.3 794 785.5 776.2 767 760.8 750.3 751.6 765.6 776.1 784.1 790.2 790.5 793.2 799 801.2 801.1 798.8 797.3 796.8 806.2 813.7 818.5 824 828.2 831.4 833.7 836.7 836.7 840.7 842.8 843.7 844.8 844.8 845.8 848.2 854.2 860.4 867.9 873.3
865.9 865.3 861.8 855.1 848.9 844.8 844.5 844.8 845.2 849 853 858 862.5 864.1 866.1 867 866 865.9 864.8 860.7 855.7 850.7 844.6 836.1 832.4 827.6 824.1 820.6 818.4 815.3 812.2 809.6 806.5 808.7 811.2 813.3 813.2 808.1 801.6 794.3 787 775.7 767.7 758.6 747.1 754.5 770.7 779.5 788.6 793.6 786.3 798.7 802.1 804.2 803.5 803.8 803.3 806.8 802.1 814.5 820.7 825.9 831 833.2 834.8 837.5 840.2 840.8 843.5 845.6 847 848.6 849.3 850.1 856.4 863.2 870.9 876.7
864 864.3 861.5 856.5 850.1 845.8 845.4 845.9 845.9 850.2 853.1 858 861.5 864.6 866.4 868.6 869.4 867.6 864 859.8 854.1 848.3 840.4 833.3 830.5 827.1 822.5 820.8 818.2 816 812.9 809.1 810.8 813.2 815.8 816.4 813.6 807.8 801.9 796.6 785.7 776.4 768 757.4 744.9 760.6 775.4 783.9 792.7 794.2 794.8 802.3 805.4 807.7 806.8 808.1 808.4 808.5 808.1 813.6 819.4 826.3 831.8 834.2 836.9 839.5 841.9 843.2 843.8 845.6 847.8 850.4 853.7 856.8 861.6 867 870.6 877.5
863.5 863.8 861.4 857.7 852 847.7 846.4 846 847.3 850.6 853.3 858.4 862.1 864.7 867.7 869.6 869 865.6 861.8 856.2 850.9 844.4 836.5 830.8 828.6 825.4 822.9 820.5 818.8 816.3 812.4 811.3 814 817.2 819.4 819.9 816.8 809.7 802.2 792.8 783.3 775.8 765.9 759.2 746.9 764.6 777 787 792.1 789.5 800.7 806.2 809.6 811.3 810.4 811 811.7 813.7 811.1 816.7 823.9 829.1 833 835.7 837.9 840.2 843 845.8 846.1 846.8 848.4 852.8 858 863.9 865.2 868.1 873.8 877
862 863.2 861.7 858.8 854.1 848 846.5 847.2 847.7 851.7 855.1 858.5 862.2 865.5 868.3 869.6 867.9 864.7 860.7 853.9 845.1 838.2 833.6 829.1 826.4 824.7 822.4 819.7 818.6 816.9 813.6 815 818 820.5 821.5 821 816.8 808.4 800.2 789.8 782.3 774.4 764.6 758.5 748.1 765 778.4 785.4 793.7 800.5 804.9 809.5 812.8 814.8 814.5 814.2 816.2 816.5 818.2 813 820.1 829.4 833.9 837.9 839.9 842.3 845.7 848.6 849 849.5 851.7 854.7 861.7 865.7 868.3 869 875.8 881
860.2 862.2 862.6 859.6 856.3 850.4 847.7 849.3 849.8 852.5 856.6 858.7 863.3 867.5 869.7 868.9 867 863.5 858 849 841.6 836.9 832.4 828.5 825.5 823.2 822.2 820.1 818 816.9 814.8 817.7 820.9 823.6 822.4 820.5 816.1 807.6 798.2 789.2 779.2 762.9 753.4 760 758.5 767.5 781.5 788.8 797.8 804.2 808.2 812.5 815.4 818.3 817.1 817.8 820.2 820.4 822.2 824.4 823.9 826.5 835.6 838.4 840.9 844.8 848.8 849.9 851.8 852.3 856.5 858.4 860.8 865.2 870.3 873.8 875.5 883.3
859 861.5 862.4 861 857 852.4 850.2 850 851.5 853.6 856.5 859.3 864.3 868.6 870.1 869.1 866.5 861.8 854.5 847.5 841.4 836.2 832.2 829.6 827 824.3 823.2 821.2 818.9 818.9 818.9 820.9 823.1 823.6 822.2 819.8 814.6 804.9 794.2 783.5 766.6 767.7 771.5 771.1 764.7 772.3 784.2 791.2 797.8 806 810.4 814.8 818.1 821.6 821.5 822 823.8 824.1 825.7 828 831.2 829.6 828.7 839.7 842.6 847.5 850.2 852.6 855.3 859.9 863 862.6 866.2 869.9 873.5 875.2 879.4 880.8
858.5 861.2 862.1 861.5 858.3 855.7 851.7 851.1 852.8 854.4 858.3 861.1 865.2 868.6 869 867.9 865.4 860.3 853.2 846.7 840.2 836.5 832.5 830 828.1 825.8 823.6 821.6 821 819.8 819.7 820.7 823 824 822.3 816.7 809.1 790.5 777.1 765.3 774.3 782.9 780.8 780.4 761.9 780.5 790.3 795.1 801.7 808.8 813.2 817.9 821 824 825.1 824.9 827.1 828 829.4 831.8 834.8 836 836 836.5 846.4 849.9 854.8 857.1 858.5 863.7 869 866.4 869.7 874.2 878.9 879.7 881.3 883.3
858.3 860.4 861.8 861.6 859.8 856.5 855.1 853.5 854.3 855.9 858.9 862.2 866.3 868.1 868.6 867.7 864.3 859.4 853.1 847.4 840.5 836.4 832.8 830.6 828.5 826.4 824.2 822.5 821 819 818.1 819.2 821.1 821.3 816.2 808.8 792.1 766.7 780 785.5 790.2 790.1 787.9 783.8 762.8 783.6 792.5 796.1 802.6 811.7 816.1 819.9 824.4 826.6 828.5 828.2 829.5 831 832.6 835 838.2 839.5 841.5 841.3 847.3 853.1 858.8 861.7 865.7 870.3 868.1 867.8 874.3 878.9 880 879.8 886.9 885.2
857.9 860.7 862.7 862.6 861 858.7 858.8 855.9 855.8 856.5 859.5 862.9 866.4 868.1 868.8 866.9 863.4 860.6 854.5 848.1 841.1 836.6 833.3 831.3 829.3 825.3 823.8 821.6 818.8 816.9 815.5 815.6 815.9 814.2 805.2 793.6 769.5 783.4 792.7 794.6 794.5 792.9 791.4 784.7 769.1 788.4 793.2 800.7 807.8 813.5 819 823.2 827.2 831 832 831 833.5 835.9 837.3 839.4 841.3 843.6 844.7 846.6 844.8 854.6 861.2 864.6 867.9 868.8 865.9 870.3 880 882.9 878.9 878.6 887.2 887.4
858 861.8 864.2 864.2 862.1 862 860.5 858.7 856.4 857.4 860.4 863.2 866.4 867.9 868.3 866.7 865.1 860.9 854.4 848.4 840.4 837.8 834.6 832.4 829.5 825.2 822.6 818.7 816.5 813.6 811.1 809.1 807.5 801.3 788.7 774.6 781.4 796.6 799.4 799.9 800.2 797.1 793.1 786.1 772.7 789 799.2 804.8 810.5 817.5 822.8 827.2 830.4 833.3 834.4 835.9 838 839.9 841.1 843.9 845.2 846.8 849 851.5 851.1 858.6 860.5 862.3 869 864.4 865.3 873.2 883.3 882.9 877.1 874.4 878.2 882.9
857.8 862 864.4 863.9 864.7 863.7 861.8 860.8 858 859.4 862.3 864.4 866.5 866.8 866.7 866.1 864.7 859.2 853.9 847.2 841.2 837.8 835.1 832.8 829.6 824.7 820.5 814.6 811.8 809 805.1 800.3 793.7 777.8 782.5 789.2 797.4 801.9 804.1 805 803.9 799.1 793.2 784.9 780.5 787.2 798.2 808 813.2 820 825.8 831.2 833.4 836.2 837.3 839.6 840.9 842.8 845.1 846.6 848.3 850.1 852.3 855.4 858.1 858.9 860.8 864.8 863.3 864 874.1 874 877.5 879.7 873.7 861.7 861.6 863.9
857.6 862.3 864.8 865.2 866.2 865.4 864.1 861.9 859.4 859.7 861.6 863.9 865.3 866 866.1 864.3 863 856.8 851.1 845.4 841.4 837.5 835.2 832.4 828.7 824.5 818.9 813 807.4 801.7 798.9 780.4 783 790.7 794.1 798.3 804.9 806.9 808.5 808.5 806.3 800 793.8 778 788.5 799.5 806.1 808.8 816.1 823.4 828.8 833.6 836.8 839 839.8 842.2 843.8 846.4 849.2 851.9 851.7 853.2 856.5 859.5 862.5 863.2 863.8 862.8 862.8 866.3 871 875.8 875.2 876.7 866.2 853.1 842.5 839
857.7 862.6 865.8 867.6 868.5 867.3 865.3 863.4 860.2 860.2 860.9 862.8 863.7 864.6 865.3 863.4 859.3 854.4 848.9 844.6 840.9 836.9 834.1 830.8 827.4 821.8 816 807.9 804 793.8 783.5 794.8 797.4 799.6 802.4 808.4 809.9 811.9 813.1 810.5 806.2 800 793 786.8 795.3 802.5 809.3 813.4 816.4 822.8 830.7 834 838.3 840.2 843.4 845.5 848.9 852.5 855.8 856.4 856.8 859.1 862.1 864.4 865.8 868.5 868.3 862.8 862.8 865.4 867.9 873.5 876.3 872.9 857.7 842.8 829.8 826
858.9 862.7 866.1 868.4 869.7 867.8 865.8 863.2 860.3 859.2 860.4 861.4 862.1 862.9 862.6 861.4 856.3 850.8 846.8 843.4 838.7 834.7 831.6 827.4 824.1 818.6 811.8 809.7 802.5 786.2 795.9 800 806.3 808.2 810.4 813.5 815.2 815.4 814 811.2 805.8 800 786.8 791.1 799.5 806.3 812.1 817.6 821.5 823.5 829.8 836.1 840.8 843.7 847.4 850.1 854.7 858.6 862.3 865 865.7 866.7 869.7 871.4 872.9 875.7 873.1 871.1 869.5 869.7 871.8 877.5 879.8 873.3 859.8 836.7 825.7 820.4
860.6 863.2 867.1 868.4 869.4 867.8 864.9 862.2 860.2 858.9 859.1 859.9 860.2 860.4 859.3 857.6 853.4 849.1 844.7 839.1 835.2 831.1 829 824.7 820.8 814.1 801.6 800.8 793.6 795 803.1 808.2 811.7 814.6 816 818.3 818.6 818 815.5 810.5 805.7 798.5 799.6 795.8 803.3 811.5 817.7 822.3 827 828.9 835.6 839.1 843.1 848 851.2 855.2 861.4 865.2 869.8 873.1 875.7 877.5 878.8 880.8 883.1 884.5 881 877.5 876.6 878.3 876.5 882.5 880.8 865.8 850.8 827.1 820 813.5
860.8 864.1 867.9 869.5 869.1 867.4 865 863.6 861.8 859.5 859 857.9 858.1 858.6 857.6 854.1 850.1 846.4 842.3 835.7 831.8 829.2 825.7 821.6 814.3 811.8 810.8 810.4 805.9 804.6 808.7 814.7 817.9 819.9 822.1 822.5 822.4 819.7 815.4 811.8 806.6 794.6 804.3 803 807.3 815.6 820.2 824.2 832.6 836.3 840.9 845.6 846.2 851.9 855.8 861.2 867.6 873.3 878.7 881.6 884.8 887.1 889.3 890.9 893.7 889.7 889.6 893.1 894.8 889.9 885.9 886.7 883.4 858.9 843.2 824.9 817.3 811.9
861.8 865.6 868.8 871.5 871.8 869.3 867.6 865.1 863.5 860.7 859.2 857.6 854.9 855.6 853.8 850.7 848.4 844.1 837.6 833.6 829.6 825.8 823.1 818.3 814.1 817.8 817.1 815 802 808.4 814.9 820.5 822.6 826 827.8 827 823.2 820.9 816.1 812.7 808.4 800.6 808.7 810.7 810.6 820.1 823.7 828.6 829.3 840.8 846.1 850.6 851.6 856.3 861.3 867.4 875.3 882.1 887 892.2 895.6 899.3 902 902.6 903.8 900.9 904.7 905.3 907 904.2 897.3 887.8 872.2 859.4 841.2 820.6 809.1 807.2
864.1 868 871 873.1 874.3 873.2 871.4 867.9 865.7 863.5 860.7 858 855.6 853.7 850.6 848.5 845.6 841 835.1 830.4 826.8 823.7 818.5 816.1 822.9 823.1 821.2 816.4 803.6 814.5 822 826 829.3 831.5 830.9 828.8 825.1 820.7 818.1 813.5 808.5 808.7 812.9 815.8 811.6 824.6 827.9 834.4 842.2 843.3 852.5 855.4 857.2 860.8 867 873.3 880.7 887.9 896.2 902.2 906.7 912.1 914.2 917.6 913.4 915.8 913.6 914.8 915.2 908.5 895.5 877.3 869 857.8 830 813.4 805.5 796.3
867 871.8 874.2 875.7 876.9 876.9 875.5 872.7 869.5 865.9 861.9 856.6 854.9 852.6 850.5 846.5 842.7 837.9 832.7 829.5 825.2 817.7 815.7 824.4 828 828.7 823.6 815.1 811.7 821.4 827.9 832.4 835.1 834.8 832.7 830.3 826.5 821.7 820.4 817.2 812.7 814.1 819.3 823.9 813.9 829.4 835.2 842.9 852.9 855.9 858.9 861.4 864.2 866.8 873 879.8 886.8 896.2 904.5 911 916.1 919.8 923 926.5 923.1 923.1 925.8 922.7 917.8 906.7 887.6 878.5 863.1 842.6 826.4 809.3 794.4 783.5
873 875.8 877.7 879.3 881.1 881.4 878.7 875.5 872.3 867.7 862.4 857.3 854.3 851.8 848.8 845.6 841.1 835.1 831.8 828.1 823.3 818.2 827.1 830.3 832.3 831.9 825.9 811 817.9 828.6 834.1 838 839.8 837.8 835.4 830.9 826.8 824 822.9 820 820.5 821.6 828.1 832 825.3 834 843.5 855 862.1 867.3 872.2 870.8 871.9 873.7 879.4 887.2 894.9 902.3 910.8 918.1 923.1 926.3 929.2 928.8 929 931.5 932.8 927.1 915.2 899.3 886.6 870.3 857.8 838.8 822.1 801.2 779 762.3
878 881.3 883.4 884.3 885.4 884.9 880.9 876.8 873.4 868.7 862.8 857.3 853 850.4 847.7 844.7 840 835.6 831.6 826.7 822.5 825.3 831.3 834.4 835.4 833.5 826.4 808.2 824.7 832.6 837.1 843.6 844.3 841.6 837.2 833.3 828.6 827.7 827.4 824.4 826.4 827.9 836.9 841.7 842.1 834.4 852.9 861.7 872.8 876.8 881 879.1 879.2 883.2 886.7 893.3 899.8 908 915.5 923.2 926.8 931.3 931.3 933.4 935.6 934.1 931.1 921.6 905.5 895.1 880.1 868.4 849.1 835.9 801.8 778.4 756.1 741
883 886.8 887.8 887.5 887.6 887.7 883.9 878 874.4 869.8 863.3 857.8 853.5 849.9 846.7 843.2 840.4 837 832.5 827.1 820.7 830.1 834.8 836.4 837.5 837.1 825.7 809.3 828.5 837 841.8 847.7 846.9 843.8 838.2 834.7 831 832.7 830.2 830 831.4 838.5 845.1 848.8 852.1 849.2 860.1 872.9 881.3 884.9 889.7 889.6 890.7 893 894.3 898.5 904.9 912.6 919.5 926.5 930.6 933.7 935.8 939 939 934.7 923.5 917.7 899.5 888.7 868.3 854.1 837.5 804.7 781.2 761.6 737.9 722.1
886.3 890.3 891.9 891.3 891.2 890.5 886.9 881 875.7 870.3 864.8 859.4 855 850 847.1 844.3 839.3 835.8 830.6 825.3 829.2 834.4 837.5 840.4 841.3 837.7 824.9 820.8 832 839.3 845.6 848.7 847.2 843.7 838.1 834.6 835.3 834.4 833.7 833 839.1 847.4 851.3 856.6 861.7 865 859.5 879.3 888.4 894.2 897 899 899.9 899.6 899.1 904 909.5 917.3 924.6 927.8 932.3 935.7 940 938 934.9 933.7 926.2 912.7 898.8 887 860.7 839 809.3 786.7 771.6 748.1 723.9 708
888.6 891.1 893.3 894.4 894.8 893.6 888.5 882.4 876 871.5 867.4 860.3 855.1 850.2 847.3 843.6 839 834.4 828.9 822.1 832.8 837.7 841.2 842.2 843.6 835.8 816.7 827.7 832.6 839.1 845 847 844.1 841.5 841.2 839.5 839.4 837.2 837.6 842.2 849.7 855.1 859.2 866.3 872.5 876.3 880.3 884.9 893.1 898.6 902.5 905.1 905.4 905.2 905.1 909 914.2 921.6 926.5 927.4 930.9 936 937.2 935.9 934.1 927 920.2 912.8 899.5 872.2 841.8 820.6 795.9 778.9 763.2 742.4 718.3 703
889.6 892.4 894.6 896.1 894.8 891.7 887.6 882.5 876.9 872 866.9 861.4 855.5 850.6 847.3 843.1 837.7 832.4 829.6 827.6 834.7 840.5 843.6 845.2 843.8 836.9 832.9 826.4 830.4 837.2 842 843.1 843.6 843.2 844.1 843 841.1 840.1 844.3 850.8 857.3 862.8 869.3 877.1 882.5 885.6 888.1 888.6 892.7 900.9 907.5 910.8 909.9 908.3 909.8 911.1 917.5 923.7 924.2 926.1 929.1 933.2 936.2 938.3 936.2 932.7 920.7 908.9 879 850.1 823.7 800.2 786.7 773.9 756.9 735.6 715.1 699.3
891 893.2 893.2 893.1 891.6 889.4 885.9 882.6 878 872.5 866.4 861.1 855.4 852.3 846.9 842.5 836.7 830.9 828.1 833.2 837.2 843.7 846.1 846.3 843.5 841.9 839.2 838.4 836.2 839.7 840.6 843.2 843.7 845 846.6 845.5 843.3 845.4 853.3 860.6 868.3 873.6 879.9 886.1 892.7 893.9 894.8 897 892.4 903.4 910.5 913.6 913.6 911.2 911.8 913.1 916.7 919.6 922.4 925 927.8 932 937.3 942.4 941.3 933.2 924.1 907.1 872.5 834.7 811.7 789.9 780.4 766.1 755.7 729.5 709.9 700
888.7 889.9 889.4 888.9 888.8 886.5 884.7 882 876.6 870.2 865.2 859.9 855.9 852.1 847 841.8 837 831.8 832.7 836.5 839.7 844.7 846.7 847 846.7 846.6 842.1 842.3 838.9 841.1 842 843.4 845.1 848.8 849.4 847.3 849.4 851.7 861.4 870.2 877.9 884 889.7 894.5 899.1 900 902.8 903.7 901.6 905.3 909.4 912.1 914.1 915.5 916.9 916.8 917.9 920.7 922.6 924.1 926.9 932.5 939.5 940.4 933.6 923.7 915.8 890.9 852.5 822 798.5 787.6 780.9 765.4 747.1 727.8 716.3 705.6
884.3 886.2 886.6 886.3 885.9 884.7 881.8 877.9 873.4 867.7 862.2 857.1 854.5 851.9 846.9 842.1 836.8 831.6 834.4 838.8 842.4 845.2 848.3 850.6 852.7 849.7 848.9 847 839.1 842 842.8 844.2 849.1 851.7 851.3 852.1 856.4 861.3 870.2 877.5 886.7 892.4 897.5 901.3 904.1 907.3 908.8 908.8 907.7 905.4 907.2 909.5 908.6 910.8 914.8 915.6 916 919.3 920.6 922.2 925.1 932.4 939.1 939.3 927.2 912.1 893 871.6 843 816.1 796.8 790 780.5 764.5 747 734 722.9 704.4
880.7 882.6 883.6 883.5 881.9 879.9 876.1 871.8 868 863.8 859.4 855.7 853.3 850.1 845.8 840.9 836.9 830 836.3 840.7 843.3 847.2 852.7 857 858.6 854.3 854.8 850.7 844.4 844 844.5 847.1 852.8 853.3 857 859.6 864.1 868.7 878.6 885.9 894 899 903.6 906.1 908.3 909.6 912.3 912.9 911.1 906.9 904.7 906.5 908.9 911.2 912.8 911.8 914.2 915.7 918.8 919.6 923.8 931.6 936.7 934.1 927.8 907.6 885.7 853.2 833.6 815.1 803.7 794.3 783.6 768.9 750.6 742.6 725.1 691.2
