public/OST50/NH66.asc
ncols 200
nrows 200
xllcorner 260000
yllcorner 860000
cellsize 50
[rows 0 to 37 of 200, columns 0 to 85 of 200]
390 388.4 385.6 381.9 375.8 369.2 364.7 375.6 381.1 392.9 405 413.7 423.5 428.5 428.3 425.1 421.5 417.4 415.4 416.5 421.2 424.2 424.4 424.1 423.4 417.7 411.5 404.6 397 389.5 376.6 362.7 347.5 335.9 329.4 325.9 316.7 298.7 279.6 244.4 233.4 208.8 202.5 190.6 179.4 169.1 161 153.3 146.2 138.4 132.5 128.4 121.9 116.1 112.6 109.3 103.7 99.3 96 94.8 93.8 93.7 93.4 92.1 90.4 84.7 83.8 80.8 76.3 75.8 74 72.5 70.3 67.6 67 67 66.9 65.7 64.1 63.2 60.1 58.4 60.2 60.4 62.9 64.3
385.4 384.1 381.9 378.7 372.3 367.3 374.1 382.4 396 406.1 416.2 425 433.9 437.6 438.4 437.2 433.9 430.1 429.8 430.4 430.9 434.8 436.3 433.7 430.3 424.7 418.2 407.2 397.2 388 378.1 362.1 341.8 317.4 328.4 315.2 294.5 270.4 254.3 230.1 213.5 199.9 186.5 179.8 170.5 161.5 155.1 148.5 142.1 133.8 127.9 121.9 115.9 111.6 108.5 103.8 100.4 97.9 95.1 94.6 93.9 93.5 93.4 91.2 90.4 84.2 83.2 80 75.4 74.8 73.4 71.7 68.6 68.1 65.7 66.1 64.2 62.6 62 61.8 60.8 54.4 62 62.4 62.5 62.7
380.9 379.8 377.6 374.6 372.6 382.2 387.6 395.8 405.4 415 424.5 432.3 441.1 445.4 445.2 443.8 440.4 437.4 438.3 439 441 438.1 434.7 430.6 426.6 421.5 414.5 403.4 392.3 383.9 373.1 352.3 321.9 288.2 296.2 281 258.6 238.1 226.6 210 197.6 187.1 178.5 170.7 162.8 155.5 149.9 142.8 137.1 129.3 123.9 119.3 111.4 106.7 104.1 100.3 99.4 95.2 95.4 94.1 92.9 92.2 91.5 90.9 86.3 84 82.2 78 74.2 73.5 72.5 70.2 68.7 67.5 65.2 64.9 63.2 63 62.4 62.3 60.9 51.7 60.6 62.1 62.1 61.5
375.6 375.4 374.5 375.6 385 387.9 393 401.4 410.1 418.7 428.2 434.2 442.6 447.1 449.4 449.6 447.8 445.4 444.8 442.1 439.1 434.6 430.4 426.6 422.9 416.7 405.9 395.9 385.6 378.4 360.8 328.1 300.4 272.2 261.5 251.2 233.5 215.1 204.7 191.7 182.6 176 168.5 162.3 154.6 147.1 141.5 135.4 127.8 123.9 120.1 114.9 107.9 101.5 99.9 98 96.3 95.7 95.4 94.4 93 92.2 92.3 87.9 85.3 82.7 78.6 75.1 72.2 70.6 69.1 68.4 67.7 65.5 63.2 62.1 63.1 62.4 61.6 61.1 59.1 58.7 50.4 56.8 55.6 55.6
370.2 372.5 372.9 381.3 383.5 377.3 379.3 396.3 407.4 418.1 426.8 431.7 441.3 447.2 451.7 451.7 449.2 445.9 441.9 437.8 434.9 431.6 426.7 421.8 415 404.6 392.9 380.3 370.7 348.6 330.5 296.1 275.7 255.6 227.4 224.7 210.4 198.6 190.1 179.2 172.6 165.6 160.4 154.3 146.2 140 133.5 127.2 121.7 117.4 113.3 107.9 103 99 97.2 96.5 95.8 95.5 94.8 92.9 91.9 91.6 88.9 85.9 83.9 78.6 73.9 72 68.9 67.5 67 66.7 65.9 62.9 60.8 59.9 59.9 58.7 56.6 54.9 53.1 52.5 49.5 51.6 51.1 50.6
364.4 364 369.3 372.6 372.3 358.9 356.4 372.8 391.2 401.1 404.4 415.7 433.8 442.9 447.2 447.4 443.9 440.8 437.2 433.1 428 420.3 413.3 404.8 394.9 383.8 366.4 343.6 329 308.8 286.1 270.3 253.5 238.4 222.5 210.3 198 186.7 178.6 169.8 163.2 158.6 153.2 146.5 138.8 132.6 127.8 121.7 117.4 112.2 108.5 101.6 99.6 97.2 96.6 95.8 95.6 94 90.6 89.4 87.4 84.6 82.7 81 79.2 74.2 70.3 67.6 65.3 64.7 64.8 64.9 61.9 57.5 56.4 55.4 54.3 51.8 50.3 49.8 49.1 48.8 47.1 47 46.8 46.7
356.8 354.9 358.9 361.1 356.4 340.2 333.2 349.5 363.6 371.3 375.2 403.1 422.5 429.4 434.4 435 433 427.3 419.4 410.4 402 390.9 381.2 376 370.8 350 334.7 318 298.3 282.1 265.9 250.6 237.5 224 210.9 197.3 187.2 177.1 167.7 160 155.6 150.3 144.8 138.1 130.9 124.5 120.5 117 112.6 107.9 104.1 98.4 97.8 97 96.7 95.8 94 90.5 86.8 85.8 80.1 78.4 76.6 75.4 73.2 70.4 67.1 63.6 62.2 61.4 62.7 59.5 54.6 51.7 50.8 49.5 48.5 46.9 45.6 45 44.3 44.3 43.4 43.4 41.2 44.7
343.4 337.5 335.2 336.9 332.2 319.7 314.2 327.2 337.9 342.1 366.3 384.9 392.8 398.9 408.5 408.7 413.4 405.8 391.3 379.7 369.4 358.4 346 340 339.7 327.1 308.3 294.9 276.7 260.5 248.5 237.6 223.5 211.1 199.5 186.2 179.5 168.8 159.1 152.4 146.9 140.8 135.1 129.3 123.8 118.8 114.4 110.5 107 104.2 99 98.2 97.5 96.2 94.8 92.6 90.6 88.4 86.3 79.8 77.2 74.7 72.9 71.1 68.7 66.2 63.5 62.4 60 57.9 56.8 52.4 49.3 48.9 45.9 44.8 46.3 44.4 42.8 41.5 40 39.7 40.3 40.7 39.5 41.9
313.7 309.1 314.6 316.2 311.2 301.3 297.2 307 315.1 328.1 347.5 356.8 361.8 366.9 372.8 376.2 383.4 380.7 366 348.9 336.2 327.6 314.2 320.7 317.2 309 286.8 267.4 255.8 240.6 233.8 220.2 209.6 199.1 189.4 175.5 168.6 159.7 150.6 143.3 137.7 132.1 127.4 123.2 119 113.4 109 105 102.1 98.8 97.8 97.5 94.7 90.7 89.1 89.4 86.9 84.5 81.1 77.4 74.1 71.7 68.3 66.4 64.4 62.1 60.6 58.7 56.4 54.3 49.7 46.5 46.1 45 44.3 42.8 41.3 41.1 40.8 40.6 38.3 38.9 38.7 35.6 38.4 37.5
289 285.9 290.6 290.1 285 281.9 279.4 288 294.4 312 323.7 327.1 331.6 336 341.4 346.8 354.2 352.1 339.8 322.9 309 300.6 292.4 308.3 310.1 299.7 284.7 259.4 235.5 235.6 211.9 205.7 197.4 186.1 175 167 159.2 150.3 145.6 140.1 132.8 126.7 121.3 116.9 113 109.1 104.8 101.6 99.3 98.2 95.8 92.5 88.6 88.9 88.3 86 84.7 82 77.3 72.7 69.2 66.7 64.5 63.1 62 58.1 56.6 56 53.7 49.6 47.6 44.6 44.3 43.4 42.5 40.6 40.3 40.5 39.8 39.8 36.8 37.4 35.9 33.3 35.1 36.3
264.2 260.8 263.4 263.9 262.1 260.7 259 265.5 281.4 293.1 299.6 301.5 303 305.9 310.4 319.7 328.5 324.7 315.2 302.9 283.5 279.3 275.4 288.2 285.7 273.8 259.5 243.2 230.5 212.7 202.5 192 183.3 172.3 163.6 155.4 149.1 143.3 137.8 132.2 127.9 121.6 116.3 112.2 108.2 104.9 101.9 99.7 97.4 94.7 92.3 89.1 87.6 86 84.1 82.2 80.4 76.9 73 69.3 67.2 66.3 66.4 58.1 57.1 56.5 54.5 53.5 48.9 45.6 44.6 44.6 42.3 41.3 40.4 40.8 39.7 37.9 36.1 34.9 34.6 33.5 32.8 31.9 32.4 32.7
237.2 235.8 239.1 243.3 242.5 241.6 241.8 250.3 262.1 273.3 278.4 280.2 281.3 281 286.7 295 301 299 289.6 278.7 266.2 255.8 254.9 259.8 256.1 246.9 237.4 227.2 213.6 201.1 188.1 177.1 166.8 162 154.6 147 142 136.5 130.5 126.9 121.9 116.5 112.6 109.1 104.2 101.4 99.4 97.8 93.7 91.1 88.5 86.7 84.8 81.4 78.6 79.3 75.4 71.8 68.1 67.8 64.7 61.9 60.3 54.5 57.6 55.6 51.2 47.2 44.7 42.6 41.5 42.2 42 40.7 39 37.7 35.3 32.9 32.6 32.6 32.3 31.9 31.4 30.6 30 29.7
259.6 240 219.4 218.7 227.3 227.4 227.9 228.7 242.6 248.6 256.5 257.2 258.1 261.4 268.5 277 277.3 272.5 266.2 256.1 249.4 238 233.9 238 232 226.5 216.4 207.8 194.6 182.9 174 166.6 159.7 153.9 147.4 140.4 136.3 130.2 124.8 120.8 115.4 111.2 108.6 104.8 101.5 99.4 96.5 91.1 89 87.6 87.9 86 82.1 77.6 72.9 69.1 68.2 67 64.4 63.2 60.7 56.5 52.5 52.1 52 52 49.4 45.2 42.7 42.2 42 41.8 41.2 37.9 33.4 31.8 30.2 29.6 29.6 29.5 28.6 31.4 33.3 31.2 29.6 27.7
270.1 254.3 236.6 220.9 206.5 211.1 212.6 214.3 217.6 226.7 233.7 235.8 238 244.2 254.2 258.3 257.5 252.8 247.4 239.8 230.6 224.8 213.6 216 211.2 207.8 198.9 189 173.4 163.8 162.5 159.2 152.4 146.9 141.8 136.6 130.6 125.1 120.5 115 110.2 106.8 104.2 101.5 98.8 94.9 90.1 86.6 87.2 88.2 88.4 82.2 77.5 73.8 69.4 66.2 64.7 63.9 62.6 58.1 55.4 53 51.4 50.4 49.1 47.9 46.5 42.7 42.4 42.1 40.8 39.6 37 33.6 30.5 28.9 28 27.8 27.5 27.1 27.8 28.2 29 29.1 27.1 26.7
273.4 258.7 242.9 229.3 214.3 202.4 198.7 204.6 204.3 208.2 210.8 215.2 220.2 230.8 240.4 242.6 240.8 235.4 226.8 222.2 216 210.3 202.8 197.5 196.2 191.7 178.1 167.9 161.4 158 154 148.5 143.1 138.2 134.7 129.7 124.6 120.2 115.6 109.6 105.5 102.3 99.6 96 91.6 88.1 86.3 86.6 86.5 83.7 80.6 75.5 72.3 68.9 65.8 63.1 61.9 61.9 58.3 54.3 51.9 49.5 49.1 50.5 49.5 46.1 44.6 41.7 39.7 37.7 36.9 35.1 34.8 33 30 29 28.4 27 26.5 26 25.4 25 25.9 26.4 25.6 24.8
278.8 264.9 249.1 237.1 225.8 219.5 202.1 187.5 192.2 195.9 196 197.6 201.5 211.1 216 221.5 222.1 219.2 214.1 208.9 203.2 198.8 191.4 184.6 179.6 171.8 163.9 159.6 156 149 143.5 137.8 131.6 127.9 126.7 123.5 119.1 114.9 109.8 104.6 101.2 98.4 94.5 90.7 87.8 86.9 84.7 82.3 80.8 76.7 73.3 71.1 66.7 64.4 62.2 59.9 57.5 55.4 54 51.4 48.5 47.5 45.7 44.9 44.7 43.9 41.9 39.8 38.2 36.3 34.4 31.7 30.8 30.9 29.4 28.5 27.6 27.3 27.2 27.9 26.1 25.5 24.6 24.7 24.8 24.3
284.7 269.7 253.2 245 237 232.6 220.2 205.1 188.8 182.1 182.4 184.4 185.7 191.4 195.6 199.5 201.8 202.7 200.3 196.8 192.3 186.9 182.1 174.9 168.5 161.9 157 151.2 145.4 142.8 138.4 137 135.6 129.1 116.9 116.7 113.8 109.7 105 100.8 96.8 93.9 90.1 86.9 85.4 84 80.7 77.8 75.5 70.7 68.1 65.7 63.2 60.9 58.3 55.8 53.9 53.2 52.2 49.6 48.5 46.2 43.9 43 41.3 40.5 38.7 36.9 34.9 32.9 32.6 30.8 29.7 29 28.7 28.2 27.9 27.7 28.8 30.8 29.8 27.7 26.5 26.4 27 25.8
284.9 274.7 258 247.8 242.3 236.9 228.1 216.1 203.7 193.1 181.5 173.4 169.4 174.4 180 179.8 182.9 185.6 184.5 181 177.5 173.3 168.8 164.8 160.4 155.2 150.4 145.8 144.6 141.8 137.3 133.2 128.2 122.4 112.8 110.1 107.7 105.1 101.4 97.2 93.2 89.5 86.4 83.6 80.9 77.4 74.8 72.7 69.7 66.8 64.2 62.1 59.9 57.7 55.6 53.3 53 52.5 51.2 48.2 45 44 41.9 40 38 37.1 36.2 34.3 32.6 31.1 30.2 29.9 30.9 31 30.8 30.2 29.2 29.7 31 32.5 33.7 32.5 28.9 27.1 26.8 26.1
282 273 257.5 250.5 245.3 239.8 231.6 220 211.1 202 192 183.3 174.4 169.1 163.9 159.6 163.4 168.7 172.3 170.8 167.9 164.1 158.8 155.2 151.7 147.6 144.7 142.6 138.7 133.5 129.7 124.3 118.6 115.1 107.1 105 103.1 102.2 99.2 93.1 89.9 88 84 79.9 76.6 74.2 70.8 69.3 66.7 63 61.3 59.9 58.8 57.9 55.6 53.9 53 50.8 47.5 45.2 42.7 40.1 38.1 36.4 34.7 34.4 34.3 32.7 31 30 30 32.8 32.9 32.5 32.1 31.7 30.5 30.7 31.8 31.8 32.1 31.2 28.9 26.9 26.5 26.1
274.9 265 257.9 251.4 247.1 242.8 233.8 223.2 215.5 207.4 197.8 186.9 178.1 171.8 166.1 160.7 154.3 148.8 154.9 161.9 162.7 160.3 153.6 146.7 143.3 142.7 139.7 134.1 128.9 123.6 120.3 116.4 110.4 107.4 103.9 100.7 102.9 99.3 94.9 89.4 85.9 83.7 79.4 75.6 70.6 68.7 66.6 65.1 63.1 62.1 61.7 59.7 58.1 57.7 55.5 53.6 50.8 47.2 44.1 42.1 40.3 37.4 35.5 33.9 32.8 32.2 32.5 31.1 30.4 30.1 31.2 31.5 32.1 32 32.5 32.9 32.4 30.8 30.9 30.3 30.9 30 29.5 29.1 29.2 29
268.3 261.7 254.7 248.7 245.7 240.7 233.1 225.4 217.2 208.1 197.2 187.1 178.5 172.6 166.5 160.5 154 142.1 134.1 146.4 148.1 148 145.7 139.5 134.9 132 127.1 121.8 117.7 114.5 111.1 107.7 104.4 100.8 98 93.2 95.1 92.7 90.3 84.5 78.9 75.9 72.6 69.3 67.4 66.5 64.6 62.2 63 62.5 61.1 57.7 57.1 56.3 53.1 49.5 45.2 42.2 40.1 41.9 36.8 35 33.7 32.4 31.7 31.5 31.5 31.2 30.7 30.8 32.4 33.2 32.8 32.7 33.3 32.9 32.3 30.4 29.5 29.8 30.1 30.8 32.5 33.1 30.5 26.7
261.8 254 246.9 243.4 239.9 234.8 228.4 220.2 211.5 201.6 193.5 184.6 175.8 168.3 163.1 156.7 149.4 136.3 128.8 132.5 134.6 133.8 131 127.8 127.1 122.9 116.4 113.2 110.3 108 105.1 101.7 98.5 95.6 93.1 89 88.8 86.8 80 75.6 73.6 71.8 71 69.5 67.8 66.7 65.6 64.7 58.7 59.1 57.4 57.2 56 51.9 46.8 43.4 41.3 40.2 45.4 37.3 36.2 35 33.7 32.3 31.5 31.2 31.3 32 32 31.4 32 32.5 32.2 31.9 32.1 31.9 32.1 31.9 31.7 32.9 34.2 33 32.5 29.1 25.9 21.2
249.5 239.6 235.3 233.9 231.4 226.4 221.2 212.6 202.5 194 185.9 177.7 170.4 162.5 157.3 150.2 143.8 135.8 126.6 126.4 125.3 123.1 119.6 118 119.3 116 111.6 108.2 106.2 103.3 99.4 95.4 92.9 90 86.8 83.6 82.9 79.2 76.4 75.3 74.4 73.4 72.5 71.3 67.3 65.6 65.6 64 61.9 56.9 52.6 50.8 49.4 45.2 43.7 42.6 41.8 41.6 42.5 38.5 35.5 34.6 33.5 32.2 31.4 31.4 31.6 32.2 32.5 31.7 31.6 31.2 30.5 29.2 29.3 31.8 34.9 35.3 34.8 33.2 31.9 29.5 25.7 22.3 19.2 16.5
240.4 226.6 221.8 218 213.8 208.4 202.4 198 191.8 185.9 177.4 170.4 164 156 148.5 143.3 138.3 134.2 131.9 128 124.5 122 118.1 112.8 112.1 109.6 107.3 104.5 102.1 98.5 94.4 90.8 87.4 84.3 81.8 79.8 79 78.1 76.7 76.3 75.1 73.7 71.2 69.3 66.3 64.5 62.9 60.9 56.5 53.3 51 48.1 47.5 44.9 44 43.3 43.4 37.4 35.8 34.4 34.7 33.7 32.7 32.2 32.5 32.3 31.9 32.3 32.4 31 29.7 28.7 28.7 27.7 28 31.6 35 33.3 29.9 26.1 22.6 20.4 17.7 16.4 14.6 13.9
228.7 219.3 210.6 205.4 201.2 195.7 189.1 184.3 180.5 175.9 167.8 160.5 155.5 149 142.2 137.1 134.5 132.2 130.9 131.9 123.2 119 114.7 109.4 105.7 104.5 103.3 100.7 98.5 95.5 91.8 87 85 83.5 82.4 80.5 81.1 78.5 76.8 74.9 73.6 71 68.4 67.1 64.4 62 59.2 56.1 52.2 49.3 47.1 45.9 46.1 45.3 44 42.7 40 36 34.7 34.8 33.3 34.2 33.1 32.9 33.1 32.7 31.7 30.9 29.9 28.2 26.7 25.5 24.9 24.8 25.9 26.6 25.5 23.4 21 18.1 15.1 13.4 13.2 13.2 11.8 11.2
218.6 208.8 199.1 192.1 190.6 185.9 179.3 175.2 170.4 166 161.3 156 149.7 140.4 137.3 133.1 131.4 130.2 128.8 128.1 122.8 118.2 112 106.5 99.7 98.7 99.5 98.4 97.1 94.5 90.7 87.7 86.3 84.8 81.5 79.5 82.1 78.1 76.1 74.2 71.1 67.9 65.3 63.3 60.6 56.4 54 50.8 48.3 44.8 43.6 44.3 44.5 44.1 43.2 41.9 41.4 36 35.1 34.2 33.4 32.5 33 32.8 33.1 32.3 30.3 28.6 26.8 25.4 24.7 23.9 22 22 21.4 20.3 18.5 16.5 13.3 12 10.8 9.8 8.8 8.2 8.3 8.8
212.2 206.4 200.8 192 185.2 179 173.1 170.9 168.1 163.9 160.1 154.5 146.1 136.2 132.4 129.8 128.6 127.9 126.9 123.7 118.1 112.5 106.8 103.2 101.1 95.5 96.8 96.5 95.3 93.2 89.9 88.5 86.9 83.8 78.6 79.8 78.5 76.6 74.5 71 66.8 64.5 62.1 58.4 54.2 50.5 48.6 46 43.6 42.1 42.3 43.1 42.9 42.8 42.2 44.1 38.4 36.3 35.2 34.6 34.3 32.1 32.1 32.9 31.8 30 27.2 25.5 24.3 23.7 22.6 21 19.3 17.8 16.7 14.9 13.3 11.9 10.5 8.8 9.3 7.5 7.6 7.9 8.1 8.7
218.7 212 207.1 199.4 189.3 182.4 175.4 170.4 167 163.6 159.9 152.6 145.1 138.8 133.8 127.8 124.7 124.7 124.3 116.7 111.7 106.2 102.6 100 98 92.8 94.8 94.7 93.6 91.4 88.9 88.8 86.4 81.6 77.3 77.8 76.2 73.3 71 66.3 61.8 58.6 56.5 54.5 51.1 48 45.7 43.8 42.1 40.8 41.1 41.7 41.6 41.6 41 39.5 38.2 36.7 35.5 35.4 34.9 33 29.9 29.1 28.1 26.2 24.6 23.6 23 22.9 20.5 17.5 15.2 13.2 12.1 10.9 10.4 9.2 8.5 10.5 7.4 7.5 7.7 7.6 7.7 8.4
233.6 221.3 210.3 202.2 192.7 183.7 176.6 168.1 163.8 159.9 156.4 152.7 146.5 140.4 134.6 127 121.7 120.8 120.6 111.7 106.1 102.7 100 97 95.6 88.6 92.3 94.1 90.8 88.4 85.7 84 81.1 77.4 75.8 75.2 72 69.3 66.2 61.3 56.3 54.3 52.5 50.3 47.4 45.3 43.4 41.8 40.2 39.4 39.5 39.7 40.2 40.3 39.9 38.3 37.6 36.1 35.1 34.8 33.6 31.8 28 25.3 24.4 24.9 23.8 22.8 22.1 20.6 17.4 14.2 11.9 11.9 9.6 8.9 8.9 8.7 8.1 7.3 6.7 6.8 8 8.2 8.2 8.2
237.9 224.3 212.2 202.3 194 185.2 176.7 169.3 163.7 160.3 157.9 153.1 144.6 138.9 132 123.7 119.8 115.6 108.9 107.1 103.6 101.4 98.2 94.5 93.4 85.8 89.2 90.2 87.4 85.5 83.2 81 78 76 74.6 71.5 66.3 63.2 58.6 53.6 51.1 49.7 47.7 46.6 45.2 43 41.3 39.7 39 38.5 38.4 38.5 38.6 39 38.2 37.7 37 35 34.5 33.6 30.7 28 26 24.7 23.2 22.4 22.8 23.1 22.6 17.5 14.2 12 11.1 10.2 8.9 8.5 9.9 7.7 7.9 6.9 6 6.3 6.6 7.3 7 7.2
238.8 224.8 212.2 201.6 192.2 183.3 175.8 168.7 161.3 156.2 149.9 144.7 141.1 136.2 127.5 120.8 119 112.9 108.1 103.9 101.6 99.5 96.3 92.5 92.2 84.5 89.4 88.1 86 83.5 80.8 77.8 75.8 73.1 68.7 64.3 59.3 56.1 52.1 49.4 48 46.7 45.5 44.4 43.4 41.6 40.7 39.4 38.3 38 37.9 37.9 38 38.3 38.1 38 37.6 34.2 33 30 27.6 25.8 25.2 24 23.1 21.5 21.2 22.5 19.9 14.6 12.8 11.4 11.2 10.3 9.1 9.5 7.6 6.9 7.4 6.5 5.5 5 4.6 4.3 4.5 4.7
233.9 220.2 208 196.6 186.7 178.5 170.8 164.2 157.1 150.4 142.8 141.7 138.2 131.1 123.4 120.1 116.2 111.4 107.5 103.6 100.2 97.5 93.3 91.8 91.6 85.1 89.1 86 83.4 80.4 77.7 75.1 71.8 66.7 61.6 56.9 52.8 50.9 49.6 48.3 46.8 45.4 44 42.9 41.9 40.6 39.8 38.8 37.6 37.8 37.9 37.7 38.3 38.7 39.1 37.9 34.7 32.8 29.3 27.7 25.9 23.9 23.4 22.9 22.2 21.4 16.7 21.5 15.9 13.5 11.7 10.6 10 9 8.6 7.6 6.4 7.5 6.7 5.1 5.2 4.7 4.1 3.7 4 4.5
221.3 208.2 196.8 188.7 179.6 172.5 164.8 157.3 150.2 141.3 137.2 135.8 130.8 126.4 118.8 112.7 108 106 103.1 100.1 98.3 94.6 92.3 92 91.1 82.6 83.6 83.9 80.1 75.9 73.7 69.9 64.8 60.3 55.3 51.9 50.1 49.7 48.6 47.1 45.6 44.2 42.7 41.6 40.7 39.5 38.9 38.3 37.3 38.1 38.6 38 38.9 39.4 39.4 34.6 32.2 28.7 27.4 26.2 24.5 22.3 21.5 20.7 20.6 21.5 15 18.2 14.7 12.2 10 9 10.4 8 7.2 5.4 5.5 5.1 5.3 5.1 4.8 4.3 3.8 3.2 3.7 4.3
203.3 195.9 186.2 179.1 171.5 164.6 157 149.2 140.2 137.7 131.7 129.2 128 120.8 121 107.9 106.9 106.4 105.1 102.6 101 97.8 92.7 93.7 91.2 85.8 73.7 76.4 75.2 71.4 66.6 62 57.6 54.1 52.1 50.5 49 48.2 47.5 45.9 44.4 43.2 42.2 41.4 40.4 38.5 37.9 37.4 37.6 38 36.6 36.8 36.3 33.2 32.1 30.3 29.1 27.2 25.7 24.5 23 20.7 19.6 19.6 20.4 17.6 14.4 13.9 11.9 10 9.6 7.6 7.1 7.1 5.7 4.9 4.6 4.6 4.8 3.8 4.6 4.1 3.8 3.2 3.2 3.8
192.9 186.1 176.7 170.6 161 153.7 147 140.8 135.8 131.7 128.9 128 136.8 117.5 114.8 105.9 109.3 105.7 103.2 102.1 100 94.3 90 90.7 86.1 81.2 75.9 63.5 68.5 65 62.5 60.7 55.3 53.4 51.6 49.4 48 47.1 46.5 44.7 43.8 42.8 41.9 39.6 39.9 38.7 39 38.1 36.4 34.9 33.3 32 30.2 29.9 29.8 27.9 26.4 27 23.9 22.3 20.6 19.5 18 19.8 21.9 17.2 17.2 15.5 12.7 10.2 8.3 7.2 6.6 6.1 5.5 5.5 4.7 3.7 3.4 2.8 2.8 3.5 3 2.8 2.6 3
182.1 175.1 166.2 157.7 151.3 145.2 140.3 136.4 133.2 129.7 126.5 123.8 126.7 117.3 111.2 106.4 104.2 103.6 103.3 102.4 96 87.6 83.8 84.6 80.7 75.9 71.5 66 61 62.2 60.2 57.9 55.9 53.1 51.6 49.4 47.2 46 44.9 44.2 43.9 43.4 42.8 42.7 41 44.5 39.4 36.1 33.2 32.1 30.5 29.1 27.8 27.9 27.7 27.3 25.9 24.3 22.3 21 19.8 19 18.1 16.9 22.1 15.3 14.4 13 11.7 9.6 8.6 7.3 7.6 6 5.3 5.1 4.7 3 4.1 4.1 2.5 2.2 2.1 2.1 2.1 2.6
170.3 161.5 155.7 148.2 141.6 138.7 136.1 133.7 130.7 128.5 123.8 121.1 117.8 113.8 110.5 107.4 104.4 103.9 102.6 98.2 90.1 82.3 77.9 78.7 75.4 71 66.6 64.1 61.4 60.6 58.3 56.6 54.9 53.1 51 48.7 46.5 45.5 44.5 44.9 43.3 42.2 40.8 40.2 39.1 37.2 35.3 33.5 31.3 29.6 28.6 27.8 27.1 27.3 27.8 27.2 25.5 23.2 20.9 20 19 18.9 17.6 16.6 14.3 13.7 12.2 9.4 9.4 8.7 8.3 7.9 7.7 6.4 5.8 4.2 3.5 2.5 2.1 2.3 2.2 2.3 2.3 2.3 2.2 2.1
155.9 151 145.3 139.9 135.7 132.4 129 128.9 125 121.7 119.8 118.4 115.5 112.7 111 108.1 104.7 103.6 103.3 94 85.3 78.4 72.7 71.2 68.4 65.3 60.9 61.2 61 58.9 56.4 54.5 53.4 51.9 50.1 47.8 46.6 45.7 45.4 45.2 41.8 40.1 39.5 38.2 36.6 34.4 32.2 29.6 28.5 28.9 28.4 27.7 28.8 26.7 25.7 25.2 24.1 22.8 20 18.6 18.4 19.6 21.2 23.4 14 13.7 10.3 9.3 8.8 8.8 7.9 8.4 8.3 6.3 4.3 3.1 2.6 2.2 2.1 2 1.9 1.9 2 2.1 2.2 2.3
