public/OST50/NH66.asc
ncols 200
nrows 200
xllcorner 260000
yllcorner 860000
cellsize 50
[rows 152 to 189 of 200, columns 86 to 171 of 200]
77.1 78.9 80.9 82.9 85.6 89.1 93.5 98.3 101.8 100.8 107.1 108.4 109.5 111.5 113.2 114.6 116.7 119.5 121.9 123.6 126.5 130.1 132.9 135.1 137 139 139.8 140.4 140.6 140.6 141.1 142.1 143.4 145.6 148.7 150.6 152.8 154.4 155.6 156.6 157 157.4 157.6 157.7 157.3 156.7 155.9 155.1 154 153.2 152.3 150.6 148.9 142.9 130.1 136.8 139.8 139.8 136 134.7 133.9 133.1 132.3 130.8 129.5 128.2 128.8 130 128.6 127.3 126.3 126.3 127.5 127 124.1 126.6 127 127 127.3 128.1 127.9 127.2 128 128.3 127 127.9
79.4 81.6 83.7 86.6 91.7 96.6 100.7 104.2 106.5 107.5 109.8 110.4 111.5 112.9 114.1 116.9 119.6 121.8 124 127 131.2 134.3 137 138.9 140.7 142.3 142.9 143.5 144.3 144.3 144.5 145.4 146.7 149.4 150.9 153.3 155.3 157 158.2 159.2 159.7 159.6 159.4 159.3 158.9 158.3 157 156.2 155 153.7 152.3 151.1 148.2 139.2 131.7 139.9 140.1 140.8 136.7 135.3 135.1 134.6 133.8 132.5 131.7 130.6 131.5 131.4 130.6 129.4 128.5 128.6 128.8 127.4 126.7 129.3 128.9 128.9 128.8 129.1 128.7 128.3 128.6 128.9 129.1 129.2
81.5 84.1 88 93.3 98.6 102.9 106.4 108.7 110.1 110.1 111.8 112.6 113.3 113.9 115.9 119.1 122 124.1 127 130.8 135.1 138.1 140.3 142.2 143.8 145.5 146.2 146.6 147.3 148.2 148.5 149.5 151.2 152 153.8 155.6 157.1 158.9 160.8 161.7 161.7 161.7 161.5 160.1 159.7 159.2 158 156.8 155.5 153.9 152.4 150 142.7 135.6 132.5 140.8 141.8 140.7 137.5 136.2 135.3 135.1 135.4 134.8 134.3 133.7 132.5 132.4 132.3 131.4 130.7 130.7 130.7 129.8 128.2 129.7 130.5 130.4 130.3 130.2 129.5 128.9 129.6 130.1 130.1 130.3
85 89.6 95.1 100.3 104.6 108.1 111.4 112.9 113.4 113.4 113.4 114.5 115.7 116 118.2 121.1 124.5 126.3 130 134.7 138.6 141.4 143.7 145.3 147.3 148.9 150.6 151 151.1 151.3 152.7 153.1 153.5 154.6 156.5 157.5 159.7 161.8 162.8 163.6 163.8 163.4 162.6 161.2 159.8 159.5 158.2 157 155.7 153.8 151.5 144.1 143.8 134.1 134.1 142.9 142.5 141.3 138.8 137.2 136 136 136.3 136.3 135.7 135.1 133.6 133.4 133.3 133 132.1 132.7 133.3 130.2 128.3 131.1 131.5 131.3 131.3 131.3 130.7 130.5 131.2 131.5 131.4 132.2
90.3 96.7 101.8 106.3 109.9 113 114.6 115.7 116.2 116.1 115.5 116.7 118 117.4 120.7 123.5 126.5 129.5 133.3 138.5 141.9 144.6 146.6 149.1 150.7 152.4 154 155.2 155.1 155.2 155.3 155.5 155.9 157.1 159 160.6 162.9 163.3 163.9 164.8 165.1 164.1 162.9 161.8 160.7 159.5 155.6 152.9 150.9 149.2 148.1 148.5 149.1 139.2 135.5 143.2 142.6 141.8 140.3 138.5 137.6 138.3 137.6 137.5 137.2 136.1 134.9 134.6 134.3 134 134 134.9 134.7 131.3 130 132.7 132.5 132.4 132.2 132.1 131.9 132.7 133.2 133.6 133.7 135.1
97.8 103.3 107.6 111.5 114 116.4 116.9 117 117.9 118.1 116.9 118.8 119 120.2 123.2 126.6 130 133.2 137.4 141.7 145.3 147.9 149.5 151.6 154.3 156.3 158.3 159 159.2 159.1 158.7 158.3 158.7 159.8 161.5 163.3 164.5 164.7 165.1 165.3 165.5 164.2 163 161.9 161 161.2 158.1 155.6 153.2 152.6 151.8 152.3 151 148.4 137.2 143.8 143 142.1 141.2 139.3 139.5 140.4 139.7 139.2 138.5 137.3 136.2 136 135.4 135.4 136.5 136.9 135 132 133.1 134.4 133.9 133.6 133.3 133.4 133.7 134.6 135.4 135.3 136.2 137.9
104.7 108.7 112.3 115.1 116.9 119 119.5 118.8 119.1 119.5 118.6 119.9 120.9 123.1 126.9 130.1 133 136.4 141.1 145.1 148.7 151.1 152.3 155.2 158.4 160.7 161.8 162.2 162.8 161.6 161.9 161.9 162.4 163.3 163.9 165 166.2 166.2 165.8 164.8 164.5 164.2 164.2 163.6 163.1 161.8 161.2 160.6 159.1 157.2 154.4 152.6 152.2 149.3 138.5 139.9 143.1 142.6 141.6 140.8 140.8 140.8 140 140.3 140.2 138.6 137.5 137.3 137.3 136.7 136.6 137.2 134.6 134.2 135.9 136 134.8 134.6 134.8 135 135.8 136.6 137.4 138.6 139.3 140.6
110.4 113.7 116 118.3 119.6 120.6 121.1 121.3 120.9 120.6 121 120.7 123.4 127.1 130.1 133.5 135.6 140 145.1 148.4 151.6 153.4 155.7 158.7 161.6 163.3 164.8 165.6 166.1 164.4 165.7 166.3 166.6 166.5 166.4 167.2 167.6 167.1 166.5 166 165.3 164.6 164.2 163.1 162.9 162.7 161.5 159.7 158 156.9 154.7 153.9 152 149.6 139.8 139.5 144.2 143.7 142.6 142.2 141.8 141.5 141.8 142.3 141.9 140.4 139.2 139.7 139 138.1 136.5 135.6 136.8 138.2 137.6 136.8 136.3 136.8 137.3 137.8 138.1 139 140.2 141.8 143.1 143.7
112.6 116 118.5 120.2 121.6 121.4 121.9 121.8 121.9 121.3 121.6 123.7 127.2 131.1 133.2 135.6 138.5 143.3 148.3 152 154.4 157.2 159.8 162.6 165 166.8 168.6 169.4 169.1 168 168.9 169.1 169.4 169 168.9 169.3 168.6 167.8 167.1 166.6 166 165.3 164.3 162.7 162.4 162.1 160.8 158.8 157.6 156.2 154.9 152.6 151.3 149.9 145.8 141 141.3 144.4 143.9 143.5 143.4 143.4 143.5 144.3 143.6 142.3 141.2 140.6 140.2 138.4 136.9 139.1 138.5 138.4 138.3 138.6 138.5 138.9 139.3 139.6 140.3 141.6 143 144.7 146.4 147.7
115.1 117.8 119.9 122.1 122.9 122.2 122.4 122.1 122.7 122.5 123.5 127.1 131 134 135.6 137.7 141.5 145.9 150.9 155.6 157.8 160.7 163.5 166.4 168.5 170.2 171.5 172.1 172.5 173 172.8 172.5 171.7 171.3 170.9 170.3 169.7 168.9 168 167.1 166.5 166 165 163.3 161.9 160.8 159.8 158.4 157.2 155.8 154.3 153.3 151.8 150.4 146.2 142.9 143.4 144 145.3 145.3 145.2 145.1 145 145.4 144.5 143.3 142.6 141.9 140.9 139.4 138.3 140.1 139.1 139.1 139.7 140.1 140.4 140.4 140.7 141.9 142.5 143.9 145.8 147.5 149.4 151.2
117.5 119.8 121.5 123.2 124 123.2 122.8 122.6 123.4 125 127.2 130.9 134 136.5 138.6 140.7 144.4 148.2 154.4 159.1 161.8 164.4 166.9 169.5 171.8 174.5 174.8 174.3 174.7 175.2 175.2 173.9 173.2 172.8 172.1 171.4 170.7 169.9 169.1 168.1 167.2 166.2 165 163.4 161.9 160.7 159.5 158.7 157.2 155.3 153.7 152.3 151 145.9 145.9 145.8 145.9 146.6 146.9 146.8 146.7 146.5 146.3 146.5 145.4 144.6 143.9 143.2 142.2 140.6 140.7 140.5 139.8 140.8 141.9 141.9 141.6 141.6 143.2 144.8 146.8 147.8 148.1 150.3 152.4 154.5
118.6 120.4 122.1 123.7 123.8 123.5 123.6 123.6 125.6 127.6 129.7 133.5 136.4 138.9 140.7 143.6 147.2 151.4 158.2 162.1 164.9 167.3 169.8 172.6 174.1 176.3 176.8 176.4 176 176.2 176 175.1 174.6 174 172.7 171.2 171 170.2 169.5 169 167 165.8 164.6 163.4 161.8 160.7 159.6 159 157.3 155.9 152.9 150.7 150.1 149.6 148.7 148.1 148 148.3 148.4 148.2 148 147.8 147.6 147.5 146.7 146 145.3 144.6 143.6 142.3 141.4 141.4 141.6 142.6 143.1 143.1 143.6 144.9 146.3 148.2 150.4 150.5 150.9 153.3 155.6 157.5
119.1 120.9 122.6 123.6 123.8 123.5 123.7 124.9 127.6 130.3 132.9 136.5 139.3 141.3 142.7 145.8 150 154.6 161.2 165 168 170.4 172.6 174.6 176.5 177.8 178.4 178.3 177.9 177.5 176.3 174.8 174.6 173.6 172.2 170.6 170.5 170.5 169.3 167.7 166.4 165.4 164.2 163.2 161.7 160.7 159.7 158.5 156.6 153.9 153.7 153.5 153 152 151.2 150.3 150.2 150 149.7 149.5 149.3 149.1 148.9 148.6 148.2 147.6 146.9 146.3 145.3 144 143 143.7 144.2 144 144.5 145.3 146.5 147.8 149.2 151.9 153.8 154.3 155.4 157.1 159.3 160
119.5 121.4 122.9 123.6 124.3 124.1 125.3 127.7 130 133.1 136.2 139 141.4 143.4 145 148.3 152.7 157.5 163.2 167.6 170.7 173.2 175.2 176.4 178.5 179.1 179.7 179 178.2 177.4 176.4 175 173.9 173.3 171.4 170.1 169.6 169.2 167.8 166.3 165.8 164.9 163.8 162.8 161.7 160.6 159.6 157.6 156.5 157.1 156.4 155.6 154.9 154 153.2 152.1 152 150.8 150.9 150.8 150.6 150.4 150.2 149.3 149.5 149.4 148.7 148 147.1 146.7 146.4 146.6 146 146.2 147 148 149.2 150.5 152.2 154.9 156.5 157.9 159 160.7 161.4 162.3
120.1 121.9 123.1 123.7 125.1 126.2 127.4 130.2 131.1 134.7 137.3 139.6 142 144.6 147.1 150.5 155.4 160.9 166 170.2 172.9 175.1 176.9 177.9 179.2 179.7 179.8 178.9 178.1 177.1 176 175.5 174.2 172.7 171.1 170.3 168.8 167.8 166.6 165.4 164.6 164.3 163.4 162.4 161.3 160 159.1 159.2 159.2 157.3 157.2 156.4 155.7 155.4 154.4 153.9 153.8 151.8 151.8 152.1 151.9 151.7 151.1 150.2 150.6 150.4 150.2 149.9 149.5 149.1 148.7 147.5 147.7 148.6 149.6 150.7 151.9 153.4 155.1 157.3 158.8 160.3 161.6 163 163.5 164.2
120.1 122.7 123.5 125.1 126.7 127.8 129.7 131.7 133.4 136.4 139.1 141 144.2 147 150 153.2 156.5 163 168.9 172.3 174.4 176.4 177.8 179 179.7 180.1 179.8 178.9 178.1 176.9 175.3 174.7 173.2 171.2 170.8 169.7 168.7 167.6 166.2 165.7 165 164.3 163.7 163.1 162.2 161.3 160.4 159.6 159.8 158.3 157.5 156.9 156.5 156.3 156.1 155.6 155 153.1 152.8 153.1 153.2 152.9 152.3 152.1 151.6 151.7 151.7 151.4 150.9 150.1 149.8 149.5 150.2 151.2 152.4 153.4 154.7 156.3 158.1 159.6 161.1 162.6 164 165.2 165.7 166.2
121.2 123.4 125.1 126.8 128.3 130 132.2 134.4 135.8 136.8 140.1 142.7 146.4 148.6 151.2 154.3 158 165.5 170 173.7 175.6 177.5 178.8 179.9 180.2 180.4 179.8 178.8 177.7 176.5 175.2 173 171.7 171.2 169.9 168.9 167.8 166.8 166.2 165.1 165.1 164.5 164.2 163.9 163.4 162.5 161.6 160.8 160 159.3 158.9 158.6 157.5 157.3 157.3 156.9 156.5 154.6 154 154.2 154.5 154.4 153.9 153.2 152.5 152.2 152 152.7 152.4 152 151.6 152 152.8 154.1 155.2 156.5 158 159.5 161.2 162.9 163.7 165 166.4 166.7 166.9 167.6
123.5 125.6 127.1 128.6 130.3 132.3 134.4 136.4 137.9 139 140.6 144.4 147.3 149.5 152.1 155.3 160.6 168.2 172.1 174.9 176.8 178.6 179.8 180.7 180.9 180.6 179.5 178.4 177.2 176.1 174.9 172.9 170.6 169.8 168.7 167.9 166.8 166.4 165.9 164.9 165.4 165 164.7 164.4 164.1 163.7 162.8 162 161 160.8 160.4 160.1 158.6 158 158.6 158.1 157.7 156 155.4 155.9 155.6 155.3 154.6 153.9 153.4 153.5 153.8 154.4 155.1 154.8 154.5 154.8 156.5 157.1 158.8 160.5 161.7 162.3 163.8 164.7 165.6 167.6 167.8 168 168 167.7
125.3 127.7 129.4 130.9 133 134.3 136.3 138.2 139.7 141.2 142.2 145.7 147.2 150.7 153.7 156.6 163.4 170.6 173.6 174.7 177.7 179.6 180.5 181.4 181.3 180.4 179.1 177.9 176.8 175.1 173.4 172 170.2 168.3 167.5 166.7 166.2 165.9 165.6 165.6 165.8 165.5 165.2 164.9 164.6 164.4 163.5 162.7 162.8 162.7 162.3 161.9 160.3 159.6 160.5 159.9 159.5 157.7 156.7 156.8 156.2 155.7 155.3 155.4 155.5 155.4 155.9 156.6 156.8 156.7 156.7 157 158.6 160.3 161.8 163.2 163.9 164.9 166.5 167.4 168 169.3 169.1 169.1 169.1 168.8
126.9 129.3 131.7 133.3 135.9 137.2 138.5 139.8 141.1 142.2 142.7 144.9 148.1 152 154.9 158.4 166 172.3 175 177.3 179.8 180.5 181 181.5 181.5 180.4 178.5 176.7 175 173.3 171.6 170.2 168.8 167.5 166.7 166.1 165.8 166 166.1 166.4 166.5 166.4 166 165.6 165.3 164.8 164.6 164.5 164.5 164.5 164.1 163.7 162.4 162.4 162.4 161.9 161.3 159.7 158.5 158 157.6 157.2 157.1 157.1 157.6 157.2 157.5 157.8 158.3 158.8 159.2 159.8 160.9 162.5 164.3 165.9 166.6 167.5 169.6 170.3 170.9 170.9 170.6 170.2 170.2 170.7
129.9 130.6 132.9 134.5 137.1 138.6 139.9 140.8 141.8 142.9 144.2 147.2 149.6 153.3 155.9 161.7 168.4 174.4 178.4 181 181.8 181.8 181.7 181.1 180.5 179.2 177.1 175.2 173.4 171.7 170.1 168.9 167.6 167 166.2 166.2 166.1 166.4 167.1 167.7 167.5 167.3 167.1 166.6 166.6 166.6 166.8 166.5 166.3 166.3 165.9 165.6 164.8 164.8 163.9 163.3 162.9 161.4 160.4 160 159.2 159.1 159 159 158.9 159 159.7 160.3 161 161.8 162.5 162.9 163.3 164.8 166.7 168.3 168.9 170.4 171.9 172.5 172.7 172.5 172.1 171.9 172.3 172.8
130.8 134 135.3 136.6 138.3 140 140.3 141.9 143.4 144.2 146 149.1 151.5 154.7 158.2 165.2 171.7 176.6 181.7 182.6 183.4 183.5 182.5 180.4 179 177.8 175.8 173.8 172 170.1 168.8 167.7 166.8 166.3 166.1 166.3 166.8 167.6 168.3 169 168.8 168.6 168.8 168.7 169.1 168.8 169 169 168.4 168.1 167.8 167.5 166.9 166 164.7 164.8 164.5 163.1 162 160.9 160.8 160.8 160.8 160.8 160.9 161.4 162.3 163 163.6 164.5 165.7 166.6 167.3 168.3 168.9 169.8 170.7 173 174.1 174.6 174.3 174.3 174 173.8 174.2 174.8
133.7 136.6 136.8 139 139.8 140.8 141.9 143.3 144.6 146.7 148 150.8 153.6 156.9 162.3 171.1 177.2 180.8 182.2 184 184.6 184.3 182.2 180.4 178.3 176.7 174.6 172.8 170.9 169.3 167.5 166.9 166.7 166.6 166.6 166.9 167.9 168.8 169.6 170.3 170.1 170.2 170.6 170.7 171.1 170.9 170.7 170.6 170.2 169.8 169 168.3 167.5 166.8 166.7 166.4 166.1 163.9 162.8 162.6 162.6 162.6 162.6 162.7 162.9 163.9 164.6 165.4 166.2 167.3 168.6 170 171.3 171.9 172.2 172.9 174 175.3 176.3 176.3 176.3 176.3 176.2 175.7 176.1 176.8
136.7 137.2 138.4 140.5 140.6 141.5 143.2 144.4 145.7 147.9 150.1 152.7 156 160.7 167.2 176.8 181.7 183.4 184.7 185.4 185.6 184.1 182.1 179.5 177.5 175.9 173.4 172 170 168.8 167.6 167.2 166.9 167 167.1 167.8 168.8 169.8 170.8 171.5 171.4 172.2 172.4 172.8 173.1 172.9 172.5 171.8 171.3 170.8 170.2 169.4 168.5 168.1 168 167.9 167.1 165 164.3 164.3 164.3 164.3 164.4 164.5 165.6 166.8 167.9 169.1 169.1 170.3 171.7 173.1 174.3 175.1 176 175.9 175.9 176.7 178 178.4 178.5 178.5 178.3 177.8 178.2 178.9
138.5 139.3 140.7 141.3 142.2 143.9 144.7 145.7 147.5 149.6 152.2 155.3 158.2 164.7 172.2 180 184.2 185.5 186.3 185.8 185.2 183.9 181.3 179.3 177.7 175.8 172.7 170.8 169.8 168.6 167.9 167.5 167.1 167.5 168.1 169.4 170.5 171.2 171.8 172.8 173.2 174.1 174.5 174.8 174.9 174.5 174.2 173.1 172.5 171.9 171.4 170.2 169.5 169.4 169.3 169.1 167.8 166.5 165.3 166.1 166.1 166.1 166.2 167.3 168.5 169.6 170.8 171.5 171.8 173.4 174.8 175.9 176.9 177.7 178.5 177.9 178.2 178.6 179.4 180 180.3 180.5 180.2 179.9 180.3 180.4
140.5 141 142 143.1 143.5 145 146.3 147.4 149.4 151.9 154.9 158.4 162.6 168.5 176.9 182.5 185.7 186.3 186.8 186.5 185.5 182.9 180.6 179.2 177.2 174.9 172 170.1 169.5 168.5 168.3 167.9 167.6 167.9 169.5 171.2 172.3 173.2 174 174.6 175.5 176 176.1 176.3 176.2 176 175.6 174.3 173.7 173.1 171.8 170.8 170.5 170.3 170 169.9 168.5 167.4 166.8 167.6 168 168 168.8 170 171.3 172.7 173.3 173.9 174.6 176.2 177.5 178.5 179.4 180.3 180.4 181.3 180.7 180.9 181.2 181.5 181.7 181.3 181.4 181.2 180.8 180.3
142.8 142.9 142.9 143.3 144.8 146.1 147.5 149.7 152.3 154.9 157.7 161 165.1 172.6 181.2 185 186.8 187 186.9 186.6 185.4 182.6 179.2 178 175.8 173.7 171.5 170 169.2 168.9 168.6 168.7 168.9 169.6 170.7 172.9 173.9 174.9 176 176.9 177.5 177.6 177.7 177.8 177.9 177.9 176.7 175.5 174.9 174.2 173.4 172.7 172 171.4 170.7 170.6 169.1 168.8 169 169.3 169.7 170.4 171.9 173.5 174.4 175 175.6 176.2 177.5 179.1 180.2 180.9 181.8 182.1 181.6 181.3 181.9 182.9 183 182.6 181.9 181.6 181.6 181.6 180.3 178.7
143 144.4 143.5 144.6 146.6 147.6 149.6 152.4 155 156.8 160.6 163.7 168.5 175.6 183.2 186.1 187.9 188.2 187.6 186.9 185.2 182.9 180 177.5 175.3 173.4 172.4 170.2 169.7 169.9 170.2 170.5 171.1 172.3 173.2 175.1 175.9 176.9 178.1 179.3 179.5 179.7 179.9 180 179.9 179.5 177.9 176.4 175.9 175.3 174.7 174 173 172 171.6 170.6 170.9 171.4 171.6 171.9 172.1 173 174.6 176.1 177 177.6 178.2 179.6 180.4 182 182.7 183.3 183.5 183.5 183.5 183.7 184.1 184.6 184.2 183.3 182.3 181.3 181.1 179.8 178.2 178
143.7 145 145.3 146.3 148.4 150.5 152.5 155 156.9 158.3 163.4 166.9 171.7 177.7 185 187.4 188.9 189.2 188.3 186.5 185.7 184.4 181.1 178.8 175.9 174.6 173.6 172 171.3 172.1 172.2 172.9 174.3 175.3 176.4 177.5 178.7 179.4 180.7 181.4 181.6 181.8 182 182 181.7 180.6 179.2 177.7 176.8 176.1 175.5 174.3 173.2 172.6 172.4 171.8 172.8 173.9 174.2 174.3 174.4 175.5 177.1 178.5 179.5 180.3 182.5 182.6 183.2 183.8 183.9 183.4 184.4 185.4 185.7 186 186.2 185.6 185 183.2 181.4 181.1 179.5 178.1 178.5 178.9
144.7 146.7 147.6 148.9 151 153.1 155.3 157.5 158.3 163.5 167 170.9 175.7 181.6 186.8 188.8 189 189.2 189 187.5 185.4 184.1 182.3 180.3 178.7 175.6 174.8 174.3 174.2 174.1 174.9 175.8 177 178.8 180 181 181.8 182.1 183.3 183.5 183.3 183.3 183.2 183.3 183.4 181.9 180.4 179 177.7 177 176.2 174.6 173.8 174 174.2 174.8 175.6 176.5 176.5 176.6 176.7 178.1 179.5 180.9 181.8 182.8 183.6 184.1 184.3 184.2 184.4 185.9 187.1 188 188.2 188.3 187.4 185.4 182.7 181.4 181.3 180.4 178.7 178.6 179.2 179.8
145.5 148 149.7 151.4 153.7 155.7 157.8 160.4 163.5 167.6 170.5 174.6 179.5 184.3 188.3 189.3 189.6 189.9 189.9 188.7 187.5 185 183.6 182.3 180.3 179.7 177.7 176.6 176.3 176.5 178.1 178.8 179.5 181.3 182.7 184.2 184.3 185.1 185.5 185.5 185.1 184.5 184.4 184.5 184.1 182.8 181 179.5 178.5 178.1 177.6 176 175.5 176.2 176.6 177.3 178.6 178.7 178.8 178.8 179.2 180.7 182.1 183.2 184.2 185.2 185.4 186.1 186.3 185.9 187.2 188.5 189 189.9 189.7 187.4 185.4 183 182.1 181.5 180.8 179.8 178.6 178.9 179.6 180.2
146.9 149.5 151.8 153.8 156.1 158.6 161 163.5 167.3 171 174.8 178.4 182.6 186 189.2 190 190.7 190.9 190.9 189.7 189.1 187.4 186.1 185 183.1 181.9 181.1 180.6 179 180.5 181.6 182 182.4 183.9 185 186.2 187 187.7 187.5 187.3 187.1 186.5 185.8 185.3 184.8 183.9 181.8 180.4 179.8 179.2 178.8 177.7 177.3 177.9 178.7 180.7 180.8 180.9 181 181.1 181.8 183.2 184.4 185.5 186.5 187.3 187.4 187.8 188.3 189.2 190.2 190.4 190.5 190.6 188.9 184.1 182.8 182.3 181.6 180.9 180 179.1 179.1 179 179.6 180.1
148.8 151.2 154.2 156.2 158.4 162.2 165.8 168.5 170.8 174.5 178.5 181.5 185 188.1 189.9 190.8 191.5 191.7 192 191.4 190.9 190.1 188.9 188 186.6 185.6 184.6 184.4 184.3 184.7 185 185.2 185.4 186.3 188 189 189.2 189.8 190.2 189.4 188.8 188.3 187.7 186.6 186.1 186 182.8 182 181.3 180.7 180.1 179.5 179.2 179.6 181.2 182.5 182.9 183 183.2 183.7 184.6 185.5 186.7 187.7 188.8 189.5 189.5 189.6 190.9 191.8 192.4 193 190.2 187.3 186.6 183.6 182.5 181.7 180.8 180.2 179.4 180.1 180 179 179.6 180.3
151.9 152.7 155.8 158.5 162.4 166.8 170.4 173.6 176 177.8 181.6 184 186.1 189 190.8 192 192.5 193.3 193.9 193.3 193 193.1 192.3 191.2 190.2 189 188.7 188.1 188.1 188.1 188.8 189 188.4 189.8 190.9 191.3 191.2 191.6 191.6 191.2 190.4 189.7 188.9 188.3 187.8 186.9 184.3 183.5 182.8 182.2 181.6 181 181 181.4 182.8 184.2 185.1 185.8 186.6 187.4 188.2 188.6 189 190.2 191.2 191.6 192.1 192.3 193.2 194 193 190.9 188.8 186 185.2 184.3 183 181.4 180.6 180.1 180.4 180.9 180.1 179.8 180.1 180.6
154.3 155.8 158.2 163 167.3 171.4 174.5 178.2 180.2 181.2 182.7 185.4 188.7 190.7 191.6 193.7 194.6 195.4 195.7 195.2 195.4 195.5 195.1 193.8 194.3 193.9 193.7 193 192.3 190.9 192.2 191.6 190.9 191.6 192.6 193.5 193.9 193.2 193.1 193 192.3 191.2 190.7 189.6 188.9 187.7 186.4 185.1 184.3 183.7 183.1 182.6 182.9 183.4 184.6 185.7 186.7 189.2 190.4 191 191.6 192 192.2 192.8 193.4 193.7 194.1 194.7 195.1 192.9 190.7 188.6 185.8 184.9 184.9 183.7 182.6 181.8 181.5 181 180.8 180.8 180.3 180.5 180.7 180.7
156.9 160 163.8 168 172.2 175.6 176.8 180.9 182.1 183.8 185.3 188.3 191.1 192.6 194.1 195.6 196.7 197.5 197.5 197.6 197.8 197.9 197.5 197.8 198.4 198.5 198.8 198.3 197.6 195.9 194.5 195.7 195.2 194.1 193.8 195 195.9 195.1 194.5 194.3 194.1 193.2 192.1 191.1 190.4 188.7 187.8 186.8 185.9 185.4 184.8 184.6 185 185.5 187.5 189.6 190.3 191.7 191.8 192.3 193.2 194.2 194.7 194.9 195.3 195.7 195.9 194.9 192.8 191.2 189.7 188 185.5 184.2 184.2 183.1 182.5 182.6 182.2 181.6 181.6 181.2 180.8 180.7 180.7 180.7
159.9 163.5 168 172.5 176.1 178.4 180.7 183.2 184.3 186 187.9 191.1 193.3 195.1 196.8 198.1 198.7 199.6 199.8 200 200.1 200.3 201.3 201.9 202.1 203 203.1 203.6 202.5 200.9 199.3 197.7 197.7 197.3 197 196.5 197.1 197.4 195.3 194.9 195.3 194.5 193.1 191.8 191.7 190.4 189.6 188.1 187.5 187.2 186.7 186.1 186.3 187.9 189.8 190.9 191.9 192.5 192.8 193.9 195 196 196.3 196.5 196.1 195.3 194.6 193.3 191.8 190.3 188.7 187.1 184.8 184.1 184.2 183.5 182.9 182.8 182.6 182.4 182 181.4 180.8 180.7 180.7 180.5
163.7 168.2 172.1 176.6 179.8 181.9 184.2 186 187.5 189.2 190.8 193.6 195.4 197.1 198.7 199.9 200.7 201.4 202.1 202.3 202.4 202.9 203.7 205.8 206.6 207.5 207.4 208.1 207.6 205.6 203.9 201.1 199.5 199.2 198.8 198.4 198 197.6 195.6 195.7 196.1 194.9 194.3 193.9 192.9 191.8 190.7 189.4 189.1 189.1 188.6 188.3 188.7 189.7 191.3 191.2 192 193.3 194.1 195.4 196.7 197.2 197 196.9 196 195.1 194.1 192.6 191 189.4 187.8 186.1 184.7 184.7 185.4 184.5 183.2 182.2 182 181.9 181.7 180.7 180.4 180.3 180.2 180.2
