public/OST50/NH67.asc
ncols 200
nrows 200
xllcorner 260000
yllcorner 870000
cellsize 50
[rows 70 to 104 of 200, columns 0 to 77 of 200]
403.4 405.6 407.1 409.1 406.1 406.9 406.6 409.8 417.7 427.6 434.9 441.4 448.2 455.4 457.8 454.9 448.5 438.5 422.9 403.1 383.1 368.1 354.7 344.4 333.1 322.3 312.9 306 301.9 298.2 294.3 288.3 287.9 290.7 293.2 291.2 284.3 280.2 278.4 276.6 274.5 273.8 272.9 270.4 270 269.1 267.5 266.8 265.4 264.2 266.5 276 279 280.6 281.1 281.1 280 278 276.6 276.2 275.8 276.5 279.5 283.4 288.1 291.3 294.2 296.2 297.2 298.7 298.8 299 299.3 299.9 299.2 297.5 295 292.4
387.9 392.1 394.1 396.4 395.1 394.3 396.3 401.5 407.9 413.6 420.2 428.1 433.8 440.5 443.7 442.9 439.3 432.2 421.4 404.5 387.1 372.7 358.6 345.7 333.4 321.1 311 302.6 295.5 294.7 293.4 289 286.3 286.3 289.5 287.7 280.3 275.2 273.8 272.1 269.8 267.9 266.8 265.3 264.2 261.6 260.2 262.2 263 262.9 269.7 274.2 278.3 280.2 280.2 280 279.4 277.2 276.3 276.4 276.3 276.9 282.5 286.9 291.9 294.9 297.3 299 300.4 301.1 301.3 302.1 303 302 301.5 300.4 297.7 294.6
375.1 378 379.6 380.7 380.8 383.3 385.7 391.6 397 400.5 404.8 412.6 419.6 425 429 428.6 427 422.5 414.8 401.4 388.2 374 360 345.4 332 319.5 308.4 299.7 292.8 290.4 290.6 287.5 283.3 283 286 283.9 277 270.2 268.7 267.3 265.1 263.5 262.3 261 260.1 258.9 257.8 258.2 259.4 262.2 265.1 272.1 276 278.3 278.9 278.6 277.3 276 275.9 276.6 277 279.8 285.8 290.7 294.9 297.8 300 301.7 303.3 304.4 305.5 306.2 307 306.7 305.7 304.3 301.4 297.5
364 364.7 365.8 366.3 367.2 372.6 376 380.4 384.8 389.1 393.9 399.8 406.2 411.2 414 414.3 414.5 411.2 404.7 395.4 384 371.6 358.2 343.9 329.6 317.4 305.8 296.8 289.3 284.6 284.9 284 281.8 280.8 282 279.5 273.5 266.6 264.8 262.9 261.5 261.7 260.8 259.1 257.5 256.5 256.4 256.7 257.3 259.4 262.9 268.5 271.5 273.9 275.4 275.9 275 274.8 275.7 277.5 280.8 283.4 288.1 293.2 297.1 300.1 302 304 305.8 307.2 309.3 310.8 311.8 311.3 310 307.6 304.4 300.3
353.8 353.5 353.7 354.3 357.9 363.3 366.4 369.9 373.1 379 383.2 387.9 392.3 396.4 399 401.1 401.2 398.5 393.4 386 375.5 364.4 351.8 337.9 324.8 312.7 302 293.5 284.9 280.1 275.4 276.6 278.8 278.9 277.8 274.9 270.3 263.2 262.1 260.7 259.8 259.7 258.6 258 257 255.2 254.8 255 254.8 256 259.5 263.3 267 268.9 270.9 271.8 272.9 273.8 275.4 278.6 282.2 285.4 291.1 295.4 298.8 301.6 303.4 305.4 307.6 309.6 312.1 314.8 315.8 314.9 312.5 309.9 306.5 302.2
349.7 348.9 347.2 347.5 349.2 352 354.5 357.2 359.3 365.7 370 374 378.7 382 383 385.7 386.7 384.4 379.6 374.1 364.9 354.6 343 329.7 317.3 306.8 297.4 289.1 281.5 276 272.6 270 274.3 274.8 270.4 268.5 267.2 260.7 260.1 259 258.3 257.7 256.7 256.1 254.4 253.1 252.4 252.9 253 254.1 256.8 259.9 263.7 265.8 267 268.9 270.8 273.3 275.4 278.9 283.1 288 291.5 296.8 299.9 302.3 304.5 306.6 308.6 310.9 314.5 317.2 318.3 316.6 314.1 311.1 306.8 302.1
346.1 344.9 343.4 343.1 343 342.9 341.8 344.6 347.8 352.1 356.4 360 363.6 366 369.1 371.2 371.4 369.6 364.8 361.3 352.4 341.4 332.8 320.7 309.1 299.4 292.1 284 278.8 274.6 269.1 264.2 268.8 269.4 261.3 262.8 263.6 259.6 258 257.6 256.6 255.7 254.6 253.4 252.9 251.2 250.1 251.1 251.2 252.4 253.9 257.8 260.7 263 264.7 265.9 268.5 271.6 275.9 279.3 283.8 289.8 293.6 297.1 300 302.2 304.8 306.9 308.9 311.2 315 317.5 318 316.6 313.9 309.9 305.8 300.5
342.4 342.2 341.4 340.2 339.3 337.6 335.3 334.4 337.6 339.9 342.4 345.5 348.5 350.5 353.5 353.7 354 351.3 351.5 346.6 340.1 330.6 322.4 313.1 302 293.4 287.4 280.5 275.6 270.7 263 260 264.3 266.4 264.1 262.5 262.8 258.7 256.2 255.8 254.3 252.9 252.3 251.2 250.1 249 248.5 248.5 249.2 249.7 252 255.7 257.6 259 260.8 262.8 266.4 271.1 277 281.4 285.6 290 293.6 296.5 299.2 301.6 304.3 306.8 308.7 310.9 313.4 314.8 315.2 314 311.5 307.7 304.1 298.4
337.9 339 340 339 337.4 335.4 332.9 329.4 327.4 329.4 330.8 333.2 335.4 336.7 338 337.4 337.3 337.3 337.1 334 327.2 321 313.4 304.8 296.3 289.4 283.1 276.8 273.1 267.3 260.6 257.7 261.6 262.8 261.1 261.7 261.9 258.3 254.8 253.5 252.1 250.8 250.4 248.8 248.1 246.6 246.3 245.7 246.8 248.9 250.3 252.6 254.2 254.7 257.1 259.3 261.9 267.2 273.3 279.2 283.7 287.7 291.6 294.6 297.2 300 302.6 304.9 306.6 308.1 309.8 310.7 310.8 309.9 307.7 304.5 300.2 295.2
340.1 342.8 343 341.8 339.3 337.4 333.7 330 325.4 321.8 321.3 322.5 322 324.4 324.1 323.2 322.5 321.6 320.6 320.3 314.6 310.2 303.6 297.2 290.3 283.6 277.5 273.1 270.4 263.8 258.1 257.8 260 259.4 257.9 257.3 259.5 256.6 252.4 250.6 249.5 248.8 247.9 247.3 246 245 244.8 244.2 245.2 245.6 247.2 249.1 250.3 251.2 253.3 255.6 258.4 262.8 268.2 274.1 279.8 284.6 288.5 291.6 293.6 295.9 299 300.9 302.4 303.6 304.7 305.4 305 304 302.3 299.1 295.3 290.8
338 342.1 343 342.5 340.6 338.4 335 330.9 327.4 322.3 315 312.2 311 310.9 310.4 309.9 309 309.4 307 305.2 300.5 297 292.9 287.4 281.3 275.6 271.9 267.3 267.6 262.6 255 254.4 256.4 254.7 253.4 253.6 255.8 255.4 250.6 249.2 247.8 247.1 246.8 246 244.7 243.2 242.3 241.8 242.2 243.4 243.2 244.9 245.3 245.7 248.4 249.9 252.4 256.6 261.8 268.6 274 278.9 283.8 287.2 289.4 291.6 294.1 295.7 296.9 298.2 298.7 298.7 297.8 296.6 294.9 291.2 287.7 284.9
335.3 339.8 343.3 344.1 342 338.1 334.7 332.9 330.7 325.7 318.1 311.3 305.4 302.4 299.8 298.7 297.7 296.4 295 291.1 287.7 283.8 280.8 276.5 273.5 268.4 264.6 264.2 265.3 261.4 255.7 252.6 250.6 250.8 250.3 251.7 253.8 253.3 250 246.9 245.8 245.6 245.2 244.2 242.9 240.4 241.1 238.5 238.9 240.1 238.9 240.4 241.1 241.9 243.7 244.4 246 248.7 253.5 259.6 265.1 268.7 276 280.2 284.2 287.4 287.8 289.2 290 290.6 291.5 291.2 289.8 288.5 286.3 283.7 281.2 278.6
332.5 337.1 340.2 341.7 340.6 337.9 336.1 335.9 333.6 327.2 319.4 311 304.1 297 292.2 288.9 287.5 285.5 283 280.5 277.7 273.5 269.8 268.8 263.9 259.7 257.1 257.4 261.3 259.6 255.7 251.5 248.1 245.7 247.4 249.1 250 250.6 247.6 245 244 242.9 243.2 242.6 240.4 238.7 237.3 235.6 236.4 236 236 237.1 238.1 239.2 239.4 240.5 242 243.3 246.1 250.6 254.1 258.5 265.7 271.2 275.8 279.6 281 280.7 282.1 282.5 282.9 282.7 281.7 279.9 277.2 275 272.3 269.7
328.3 332.2 334.4 336 336.4 335.9 336.7 335.9 332 326.4 319.5 312.1 303.8 296.4 288.5 281.6 279.3 275.3 271.7 271 268.3 266.6 263.8 260.3 255.1 253.4 250.7 253.7 256.3 254.8 250.4 244.5 244.1 242.8 244.2 245.8 246.5 246.9 246.9 244.3 242.6 240.7 241 240.6 238.9 237.2 234.5 232.7 233 233.7 235.1 235.4 235.9 237.5 238.3 238.7 239.2 239.3 240.2 242.8 245.7 247.7 251.4 257.7 263 270.2 271.7 271.4 273.7 274.5 273.9 272.7 272.1 270.6 268.1 264.3 262.1 259.6
322.1 325.7 328.3 329.5 329.9 330 329.6 328.4 325.4 321.2 315.9 309.6 302 294.5 286.6 279.2 273.8 269.7 265.5 262 260 258.4 257 253.9 249.5 247.7 246.4 249 249.6 246.3 240.8 236 238.3 238 240.1 242.3 243.4 244.1 244 243.3 240.9 239.3 238.4 239.6 239.2 236.6 233.7 231.8 230.9 232.2 234.3 234.9 235.8 236.8 237.3 238 238 238.5 238.4 238.7 238.6 240.3 242.2 245.4 248.9 255.7 260.5 263.6 265 265.1 264.5 263.6 262.3 260.7 256.5 253.3 251.4 248.3
316.1 318.4 320.3 321.3 321.1 320.7 320.1 318.2 315.5 311.1 308.3 303 297.2 290.7 283.9 276.9 270 265.2 261.7 258.5 254.7 250.8 250.3 248.7 246.3 244.7 243 242.3 239.8 233.8 230.2 230.7 232.9 234.2 236 238.2 239.4 240.6 241.1 240.7 240.4 238.3 237.2 236.5 237.5 235.1 232.2 230.7 230.7 231.2 233.4 234.4 235.4 236.2 236.7 237.2 237.2 237.9 237.6 236.3 235.7 235.1 236.5 238.2 240.4 243.3 247 249.5 254.9 256.1 255.5 253.6 253.3 250.7 247.7 244.5 241.8 238.4
308.6 310.1 311 310.8 310.6 309.8 308.6 307.7 304.4 301.4 298.7 294.2 289.4 283.3 277.9 271.4 265.7 261.2 255.5 253.6 249.9 246.4 243.9 243.6 241.1 240.2 237.7 233 229.7 226.9 226.5 225.7 227.6 230.6 231 232.7 233.9 236.5 238 238.4 238.2 237.2 235.5 235.1 234.9 233.7 231.1 230.3 229.7 230.1 231.7 233 233.9 235.1 235.4 236.1 236.9 237.7 237.4 236.7 235.1 233 232.2 231.8 233.4 236.9 238.3 238.8 242.6 243.5 244.1 242.5 242.1 240.2 237.1 232.5 230.3 228.4
300.2 300.7 300.8 299.9 300.8 300.3 298.6 296.4 294.1 291.3 288.6 282.5 279.9 273.7 270.3 264 260.4 255.6 251.2 248.7 244.7 243.8 241.9 237.8 236.1 232.6 230.5 227.8 224.6 224.1 223.7 220.3 222.8 226 227 228.5 229.5 232 234.2 235.9 235.7 235.6 234.4 233.8 232.8 231.7 230.6 229.6 229.2 229.4 230.7 232.3 233.2 234 234.8 235.5 237 238.3 238.2 237.3 236.2 234.2 231.8 228.7 228.8 229.9 231.6 231 231.9 229.1 229.7 228.2 229.3 228.1 227.4 224.8 223.3 221.2
292.7 292.5 291.9 290.7 290 290.4 287.8 285.7 283.7 281 277.4 273.2 269.3 265 260.9 257.5 253.7 249.7 245.7 243.1 242.5 241 237.1 235.1 233.6 226.9 226.4 223.3 220.4 220.9 218.8 216.6 217.9 219.9 223.9 223.7 224.8 228.4 230.3 231.8 232.5 233.3 233.1 232.2 231.1 229.7 229 229.1 228.9 229.2 229.6 230.4 232.4 233.3 234.3 235.3 237.1 239 239.9 239.4 238.3 237.5 235.4 232 228.8 227.2 226.9 226.6 225.8 224.7 222 220.7 219.6 219.6 219.1 218.8 218.2 215
284.5 284.8 284.2 283 281.3 280.4 278.3 275.3 273.8 269.2 266 263.2 259 255.8 250.4 249.4 246.2 242.2 239.2 238.5 239.4 237.3 231.1 227.3 223.2 222.6 221.8 220 216.9 217.8 214.1 212.3 214.2 216.2 219.1 220.3 221.1 224.3 226.9 227.5 229.6 230.7 231.1 230.3 229.1 227.8 228.9 229 228.4 228.4 228.7 229.9 230.4 231.6 235 237.2 240.6 242.3 243.6 244.3 243.3 242.8 240.9 238.4 234.7 231.6 229.5 226.1 224.6 222.2 220.2 219.7 218.4 216.8 215.9 214.9 214.3 213.3
274.8 275 275.4 275.1 273.4 271.4 269.1 266.9 264.2 261.1 257.4 253.2 248.9 247.2 243.5 240.9 238.6 235.1 233.7 231.6 233.2 230.9 224.7 221.1 216.9 215.3 214.5 214.4 212.5 212 210.2 208.9 210.7 211.1 213.3 216.7 220.8 222.1 221.7 225.3 226.8 228 228.4 228.6 227.3 227.5 228.5 227.7 227.8 228.3 228.7 229.7 230.8 233.7 235.3 238.9 243.1 246.2 246.9 248.6 249.6 249.7 248.8 247.3 244.6 242 238.4 234.5 232 228.7 225.8 223.4 221.7 221 220.7 220.3 220 220.5
267.3 266.7 266.3 266.4 265.8 263.8 261.1 258.6 254.9 252.6 249 245.2 242 239.3 236.8 234 230.4 228.4 228.1 226.5 225.5 224 218.2 216.2 215.1 211.2 209.4 209.6 207 207 207.3 206 208.6 207.8 210 211.6 216 220.1 219.3 222.8 224.6 226.1 226.6 227.5 226.4 226.8 227.1 227.4 227.6 228.4 229 230.6 233 235.1 237.9 241.1 246.2 249.9 252.3 254.4 255.3 256 255.8 254.3 251.8 248.4 245 242 239.1 237.2 233.5 230.3 228.5 229.4 229.9 230.5 230.8 231.6
261.7 261.2 259.9 259.1 258.2 255.6 253.6 250.3 248.5 244.7 240.5 238.6 236.1 233.6 231.3 228.7 226.2 224.6 223.5 222 219.2 217.5 213.4 213.7 212.9 208.6 207 204.4 203.9 205.3 205.5 203.1 206.7 205.6 206.5 210.9 210.7 217.1 217.2 219.6 221.9 224 225.8 226.2 226.8 226.8 226.9 228 228.5 231 232.5 233.3 236 237.6 240.6 245.2 249.4 254 257.6 260.2 261.7 262.8 262.4 260 257.6 253.9 249.9 247.1 244.7 244.7 242.3 236.4 236.5 238.3 238.7 239 239.2 238
255.4 255.5 254.4 253 251.3 249.1 246.4 243.8 240.6 238.1 234.3 232.3 231 228.7 225.2 222.9 221.9 220.3 220.1 217.4 215 213.2 210.4 209.7 207.1 205.5 204.5 202.6 203.1 204.1 204 201.7 204.2 203.6 203.4 206.3 208.7 213 214.8 217.2 218.9 221.3 222.6 226.6 228.9 228.8 229 229.8 231.3 233.6 235.1 237.1 238.5 240.3 243.9 248.6 253 257.6 261.8 265.5 268.1 269.3 268.6 265.4 262.1 257.9 253.7 250 248.4 250.7 251 249.5 250.3 250.7 250.3 248.4 245.6 243
247.1 247 246.8 245.8 243.7 241.7 240 236.5 234.5 232.3 229.2 227 224.7 223.5 222.3 220.7 219.8 218.1 217.1 215.4 211.9 210.5 208.1 206.5 204.8 202.8 201.7 201.2 201.7 202.5 202 200.6 201.7 202.2 201.4 202.6 207.4 207.8 212.8 214.7 215.5 220.5 224.4 227.1 229.6 230.2 231.1 231.9 233.4 236.2 237 239.2 240.7 243.9 248.4 252.5 257 263 268.3 271.5 273.6 273.9 272.4 269.2 265.2 259.9 254.4 250.5 249.8 253.6 261.1 264.3 264.7 263.4 260.7 255.3 248.7 246.9
237.2 237.7 237.6 236.9 235 234.3 232.2 229.7 228 226.6 225.2 224.5 223.8 222.9 222.3 220.8 218.6 215.5 214.5 212.3 209.1 208.1 206.2 203.9 203.1 200.8 199.5 199.6 200.3 200.7 200.4 199.8 197.9 200.1 199.5 201 204.1 207.3 210.4 211.8 216.3 221 225.6 227.9 229.8 231.5 232.9 233.8 235.2 238.1 239.5 241.8 243.6 247 251.8 256.3 261.8 267.9 274.1 277.9 277.9 277.3 275.2 271.4 267 260.8 255.2 251.6 253 259.6 269.5 274.6 274.9 272.6 268.1 260.2 254.4 250
229.2 230.1 228.7 228 227.8 227.5 225.9 224.9 223 221.8 221.5 222.1 222.5 221.4 218.8 218.5 215.8 212.5 209 206.1 205.1 205.6 204.2 204 202.6 200.5 198.2 198.5 199.1 199 198.7 198.3 196.7 198 197.9 198.2 200.5 205 206.4 212.2 216 220.3 225.6 228.2 229.5 231.2 232.6 234.7 236.8 239.2 242.1 244.1 246.8 251.9 256 260.2 264.9 271.7 277.6 281.1 280.9 279.7 276.6 273.1 268.6 262.2 256.4 255.2 258.7 268.1 277.8 283.4 283.6 281.2 276 271.7 264.1 257.5
224.3 224 223.6 223.3 222.8 221.5 220.1 219.7 218.3 219 219.3 219.5 218.6 217.4 215.3 212.9 211.4 208 205.1 205.1 205.1 205.1 204.7 204.3 204.1 200.6 198.3 197.8 197.9 197.7 197.5 196.7 195.5 196.1 196.2 197.2 201.4 206.5 208.1 211 215.4 220.2 223.8 227.5 229.7 231.4 232.7 235.3 238.5 240.7 244 246.5 251.3 256.3 260.2 263.6 268.4 274.2 279 281.1 281.3 279.7 277.4 273.9 269.2 262.7 260.2 260.5 263 273.8 284.5 290.3 291.9 290.2 287.2 282.2 275 266.3
218.8 219.2 220.6 220.5 221.2 220.2 218.3 215.5 216.3 216.7 216.7 217.1 216.1 213.3 212.3 211.3 208.9 205.1 205.1 205.1 205.1 205.1 204.4 204.4 203.7 202.5 198.1 197.5 196.7 196.5 196.1 194.7 195.1 194 195.7 196.8 199.5 205.2 205.3 210 214.6 218.9 222.7 226.5 229.5 231.5 234.1 236.6 239 242 245.9 250.1 255.5 259.4 262.8 265.2 269.6 274.1 277 278.4 277.7 276.5 275.1 271.7 266.8 262.2 261.4 263.1 266.6 278.6 289.2 295.6 297.1 295.9 293.9 289.2 280.3 272.8
213.1 214.9 218.5 218.7 217.7 215.9 214.6 213.3 213.3 212.9 213.9 214.8 213.9 212.2 210.5 209 205.5 205.1 205.1 205.1 205.1 205.1 205.3 204.8 204.4 202.9 198.5 199 198.6 195.6 194.2 193.7 193.5 192.8 194.9 198 199.5 202 204.6 209.4 213.8 217.9 221.8 225.7 229.8 233 236.2 238 241.2 243.3 247 251.5 256.9 261.3 264.7 267.3 269 272.3 273.5 272.6 271.2 269.9 269.3 267.4 262.8 261.2 261.6 264.1 271.2 283.5 293.7 299.7 301.4 300.7 298.1 294 287.4 278.3
208.6 211.4 214.6 214.9 212.6 209.2 209 209.1 208.9 209.8 211.9 212.9 211.2 209.3 208.2 205.6 204 204.9 205 205.8 206.2 206.1 205.6 206.9 205.2 203.2 201.7 199.6 199.2 198.5 196 194.2 192.5 191.9 194.2 197.5 198.5 201.7 204.2 207.8 213.7 217.5 221.6 225.7 230.4 233.6 236.7 240.2 242.5 244.9 249.3 253.3 256.8 261.7 265.8 269.5 272 272.2 270.9 269 268.6 267.2 265.3 263.3 261.4 261.2 262.4 268.6 274.9 286 297.1 304.3 308.1 308 306 301.5 293.1 284.5
204.3 206.8 208.5 208.5 205.8 204.8 203.8 204.8 206.5 207.3 208.8 208.9 207.2 205.5 203.7 202.7 203.4 203.6 204.2 205.4 206.5 207.2 207.2 207.5 207 204.2 203.9 203.7 201.3 200.1 197.6 195 194.7 191.8 192.8 196 197.1 199.5 202.8 206.8 212.3 217.9 222.7 227.1 231.4 235.5 239.8 242.7 244.7 247.8 250.5 253.9 256.2 260.3 263.7 268.4 271.1 270.7 268.8 267.3 266.3 265.3 263.4 260.8 259.7 261.8 267.1 274.1 281 289.2 301.1 309.7 313.4 314.3 312.8 308.4 299.9 290.9
200.1 200.4 200 200.1 199 198.8 200.5 202.7 203.1 201.6 202.8 203.1 201.4 201.1 199.8 200.6 202 201.6 205.3 205.1 206.5 207.1 208.2 209 206.8 206.9 206 205.8 204.3 201.4 197.9 194.8 193.8 192 190.7 194.8 194.8 196.9 200.8 205.7 211.5 217.5 222.3 227.8 232.1 236.5 241.4 244.5 247.4 250.8 252.8 255 256.9 258 258.9 262.1 264.6 264.7 264.4 264.6 264.2 263.4 261.5 258.9 259.5 263 270.8 277.7 285.1 293 305.8 313.6 316.7 317.8 316.7 312.7 306 297.2
194.3 194.2 193 193.7 193.6 194.3 197.2 198.7 197.5 196.6 195.1 194.4 196.4 197.4 196 197.3 199.5 198.4 201.5 203.8 204.9 205.9 207.4 208.2 208.2 206.7 205.9 204.9 204.7 201.7 199.6 197.1 196.3 192.2 189.1 191.6 193.1 195.4 199.2 204.3 210.7 217.6 223.6 228.2 233.5 238 242.8 246.3 250.6 253.2 255.1 255.8 256.7 257.1 256.1 256.4 257.3 258 259.1 259.1 260.1 259.8 258.1 257.7 260.2 265.8 273.3 281.8 290.4 301.3 313.2 316.7 318.3 319.1 318 313.9 306.7 296.6
188.7 188.6 189.5 188.3 187.2 188.7 190.3 191.8 192.8 192.6 191.8 191.6 193.1 192.1 191.2 193.3 196.3 196.9 199.1 201.1 202.1 203.6 204.6 205.8 206.5 205.5 204.9 204 203.7 201.2 200 196.1 195.9 194.4 187.4 186.4 187.5 194.3 198.3 203.8 209.7 216.9 223.6 229.3 234.9 240.2 245.2 251.1 254.7 256.2 256.1 256.8 256.1 254.8 253.8 253.7 254.1 254.6 255.5 256 256.8 256.3 255.5 257.1 262.4 269.4 276.4 284.6 295.7 307 315 318.2 318.3 318.6 317.8 313.4 305.2 291.1
