public/OST50/NH67.asc
ncols 200
nrows 200
xllcorner 260000
yllcorner 870000
cellsize 50
[rows 140 to 174 of 200, columns 78 to 155 of 200]
114.8 116.7 118.3 121.9 124.9 126.6 130.3 134 136.7 141 143.9 147.8 151.2 155.1 159 163.3 168 174.5 181.4 189.9 196.9 199.6 200.1 198.8 199 198.3 197.5 199 199.9 199.9 198.7 195.2 191.1 185.2 183.6 181.5 180 177.7 177.5 178.8 180 180.2 181.6 183.2 183.8 187 192 195.8 197.6 199 197.5 194.5 193.4 191.2 187.5 184.3 181.5 180 179.1 176.2 172.9 168 164.9 164 158.4 156.5 153.9 150.3 143.8 143.5 140.9 139.6 139.6 139.7 140.9 142.1 143 144.1
116.4 119 120.3 122.6 124.9 126.9 129 133.3 136.8 141.4 144.5 148.5 151.8 155.7 159.8 164 169.1 175.8 183.3 192.8 202.3 207.6 209.1 208.8 207 204.9 201.3 200.4 200 199.7 197.3 193.9 190.4 187.2 185.2 183.8 182.4 180.5 179.1 178.8 179 181.7 184.2 185.2 190.4 195.8 199.8 202.3 202.5 205.9 205.5 203.8 201.7 198.2 192.1 186.5 184.3 182.6 182.6 181.2 175.7 171.9 168.7 167.3 163 157.9 157.8 155.7 151.2 146 143.4 142.1 141.2 139.8 139.2 141.3 144.1 145.9
118.7 120 122.8 125.4 128.1 130.3 131.6 134.2 136.8 140.7 144.4 147.8 152 156.4 160.7 165 169.5 176.5 184.9 196 205.8 212.2 215 215.6 214.2 211.5 207.7 204.1 201 196.7 195.3 192.1 189.5 188 186.3 185.1 184.9 183.4 183.1 181.9 182.4 184.4 186.6 189.7 197.3 201.7 204.5 207 209.5 211.4 211 208 207 202.4 195.2 191 188.4 187.8 186.9 185.4 181.6 177.7 174.3 171.7 167.7 162.1 159.1 158 154.3 148.9 145.7 143.2 141.8 141.7 143.7 145 145.1 144.2
119.6 121.3 123.5 126.6 130.8 133.1 134.9 137.5 140.3 143 146.2 149.7 153.6 157.7 161.7 166.2 170.4 177.5 187.1 197.6 207.1 213.7 216.9 216.6 215.5 214.6 212.4 209.5 208.1 206.5 201.5 194.3 193.7 193.1 192.3 190.8 189.8 189.2 187.9 187.6 188.1 189.1 192.6 198.2 203.8 209.2 211.2 211.8 212.4 214.6 214.1 213.2 210.2 205.1 198.8 194 194.2 192.8 188.9 186.8 183.5 179.9 176.9 173.5 169.7 164.7 158.8 157 154.3 148.9 147.2 146.1 143.5 147.3 149.8 150.4 150.2 148.8
121.3 122 125.4 128.8 134.2 137.3 138.3 140.8 143.3 146.1 148.9 152.4 155.8 159.4 164 167.6 171.7 177 186.4 196 204 210.8 213.9 213.3 214.9 214.1 214.2 215.6 215.6 215.8 213.5 209.3 202.9 199.6 198.3 197.8 197.4 196.5 195.9 195.9 195.5 195.9 198.6 207.1 214.9 217.3 218 218.3 219 219.7 218.9 216.4 213.3 209.5 204 196.6 195.8 193.8 190.3 185.7 182 179.7 175.9 172.6 168.9 163.3 159.7 156 153.2 149 148 148.1 145.9 150.1 151.7 152.5 151.4 149.2
120.5 120.6 124.6 129.4 133.6 137.4 138.9 141.2 144.7 147.4 150.5 154 157.2 160.3 163.8 167.6 171.8 177.2 182.4 189.3 196.3 204.4 210.1 211.2 212.8 215.8 219.9 222.4 222.8 222.8 222 220.8 217.5 213.2 209.8 207.4 205.7 204.8 204.5 205.2 205.2 203.2 205.5 216.5 221 223.2 224.7 226.2 227.5 227.1 223.6 218.5 214.8 211.5 206.4 199.8 194.5 190.7 185.9 182.2 178.1 174.9 172 170.3 165.6 162 159.2 156 152.1 149.7 150.8 151.8 151.5 152.3 153 152.4 150.1 144.8
117.5 119.3 122.6 126.3 130.1 134 136.8 140.1 144.1 147.5 150.4 153.8 157.3 160.4 163.9 167.9 171.8 176.6 180.4 185.4 191.5 197.5 205.8 211.1 216.1 221 225.1 227 227.3 227.5 228 228.5 227.9 225.6 223.2 221.1 219.5 217.8 217 216.6 214.1 208.7 213 221.2 225.4 230.3 233.3 233.9 232 228.3 224 218.8 214.3 209.8 204.5 199.1 192.7 186.3 182.4 180.2 178.6 175.2 173.3 170.3 166.2 160.7 154.5 153.6 150.9 152.8 153.9 154.2 153.5 152.4 151.5 149.9 145.3 137.4
113.4 116.5 118.5 122.1 127.3 131.6 134.8 139.1 142.6 146.4 149.3 153.2 156.7 160.3 163.7 167.4 172 175.7 180.2 185.6 191.4 196.9 202.6 209.2 217.1 223.6 228.1 229.9 231 230.3 230.5 231.3 230.7 229.9 229 229.4 228.5 227.1 226.5 225.5 222.4 217 217.5 224.2 231.4 236.8 237.6 235.7 232.3 228.3 223.1 219 213.5 208.1 203 195.2 187.1 181.5 179 179.8 178.9 174.5 171.2 168.1 165.4 158.6 152 151.9 153.2 153.3 153.5 152.7 150.8 148.2 147.4 145.1 138.1 130.3
108.1 111.9 114.2 117.9 123.4 128.1 132.1 137.2 141.6 145.8 148.4 152.3 155.8 159 162.1 166 170.2 174.5 178.9 183.4 188.5 193 197.9 205.3 213.8 222.2 228.3 231.1 231.6 231 231.9 231.5 230.7 229.8 229.5 229.8 230.2 230.6 231.8 231.7 228.4 224.2 222.1 228.2 237.4 240 238.9 236.3 231.8 226.5 222.7 217.6 212.7 203.5 195.1 187.9 183 180.5 176.5 175.9 175.8 173.8 170 166.6 165 161.4 157.2 156.3 156.4 153.5 147.7 145.6 142.3 138.7 140.1 137.5 129.9 126.8
97.2 106.6 110 114 119.9 123.5 128.4 134.1 139.9 144.7 150.9 155.5 155.4 157 160.3 164 167.7 172 176 180.2 184.6 189.5 195.4 201.9 207.6 216.8 225.3 231.2 232.2 232.4 232.2 231.5 230.6 229.8 229.9 230.3 230.6 231.8 231.3 232.1 231.2 227.6 226.2 234.5 239.8 240.5 238.2 233.4 228.8 224.7 220.4 213.5 204 196.9 189.2 185.2 182 178.1 173.9 171.3 170.1 171.4 169.7 166.5 164.5 163.9 161.2 158.7 156.5 151.9 144.5 141.4 138.9 137.4 136.2 130.9 126.8 124.8
83.5 95.4 104.1 110.5 114.7 118.9 125.1 130 138.4 147.3 153.9 156.3 155.7 155.3 158.4 161.6 165.4 169.8 174 178.1 183.9 189.1 194.4 199.9 204.3 210 219.4 228.1 232.9 232.7 232.3 231.4 230.5 230 230.4 230.7 231.7 231.3 230.7 231.4 231.8 230.6 230.8 238.2 240.6 238.6 233.7 229.3 225.4 220.5 213.6 205.1 197.8 190.2 184.5 181.7 177.6 171.8 167.3 165.6 163.6 167.3 168.5 167.4 165.8 164 160.2 157.1 153.7 148.3 142.4 137.1 132.9 131.9 131.7 127.1 124.5 122.2
70.5 81.6 91.9 101.8 109.6 113.7 121.2 127.5 136.9 146.5 153.6 156.6 156.1 155.6 157.9 160.7 163.4 168.2 172.7 178.2 185 189.5 193.8 197.9 201.7 205.5 211.8 222.4 231.1 233 232.2 231.3 230.6 230.4 230.8 231.6 231.4 230.8 230.2 230.7 232 231.1 232.7 236.6 235.6 231.1 226.2 222.5 217.9 212.4 204.6 197.7 190.8 183.1 179.8 175.1 169.2 165.1 164.3 162.2 159.5 160.7 164.2 164.6 163.6 160.6 157.1 152.6 148.7 142.2 135.6 130.3 127.6 126 126 124.3 121.4 118.1
63.7 65.6 75 89.9 102.4 113.3 118.2 124.3 132.7 143.4 150.9 154.5 155.3 156.1 157.8 159 160.5 165.3 169.4 176.4 182.8 188.1 192 195.4 198.8 202.2 206.1 213.8 225.2 233 232.1 231.2 230.7 230.9 231.5 231.4 230.9 230.3 229.7 230.1 231.4 231.6 233.3 230.2 226.2 221.6 216.5 213.1 209.4 204.1 197.9 190.2 182.5 177.3 172.5 167.4 163.6 162.7 162.2 159 156.7 154.2 157.1 159.3 158.5 155.5 150.5 146.1 140.2 133.2 128.7 127.3 125.8 123.7 121.7 120.6 117.4 113.5
66 65.5 62.9 75 90.8 101.3 114.7 123.1 129.9 137.4 144.6 148 147.1 151 153.1 155.6 156.6 160.9 167.4 173.4 179.1 184.7 188.8 192.3 195.8 198.9 202.3 207.6 217 227 231.9 231.4 231 231.5 231.4 230.9 230.3 229.8 229.2 229.4 230.7 232 229.3 224.2 217.4 211.1 208.3 204.4 200.8 196.5 189.6 182.9 175.7 170.2 166.4 163.3 161.3 161.3 158.2 156.1 153.6 151 148.7 151.9 152.2 149.3 144.3 135.3 130.1 128.1 126.9 125.2 123.5 121.3 118.5 116.1 112.4 107.7
65.8 64.9 64 62.8 78 95.9 109.3 119.4 125.7 129.7 136.2 139.1 141.9 144.5 147.9 151.2 154.2 158.8 164.3 169.7 175.2 180.3 184.9 188.5 192.2 195.9 199 202.8 207.9 219.4 229.1 231.5 231.4 231.4 231 230.4 229.8 229.2 228.6 228.9 230 230.4 223.9 216.9 208.6 205.4 203 200 195.5 188.5 181.4 174.7 171.4 166.8 163.6 160.5 159.8 158.2 155 152.5 150 146.6 143.8 143.4 144.5 141.5 136.1 129.7 128.5 126.9 125.4 123 120.4 116.8 113.4 109.4 105.1 102.1
70.6 64.4 63.7 63.8 64.6 86.7 103.2 114.5 121.7 125.5 129.5 132.7 138.5 140.8 144.7 148.4 152.5 156.8 161.7 165.9 170.7 175.6 180.3 184.3 188 191.6 195.3 198.7 202.4 210.3 222.4 229.8 231.3 231.1 230.5 229.9 229.3 228.7 228.1 228.4 229.3 223.7 214.7 206.4 203.5 201.1 197.7 193.4 187.2 180.2 174.6 171.1 167.7 163.6 160.9 158.9 157.1 153.7 151.4 148.1 145.4 141.8 139 135.9 135.3 132.4 129 127.6 126 123.8 121.5 117.9 114.5 110 106.3 101.4 97.5 95.9
86.6 74.6 63.2 63.1 61 77 95.1 108.7 117.9 122.5 125.8 129.5 134.6 137.8 142 145.5 149.6 153.4 157.6 161.7 166.4 171.1 174.8 178.6 182.8 186 189.8 193.6 196.8 201.6 214.9 223.9 229.6 230.5 229.9 229.4 228.8 228.2 227.6 227.9 222.7 214.6 205 200.7 198.6 196.2 191.7 186.1 178.8 174.8 171.5 167.8 163.9 160.5 158 156.1 153.5 150.4 147.7 143.8 140.3 136.4 133.5 131.6 129.9 127.9 126.7 125 121.9 119.7 116.4 111.6 109.1 104.2 99.3 95.6 93.2 90.7
99.4 88.9 74.5 62.6 62.4 66.2 89 104.8 114.9 120.2 123.4 128.9 132.8 135.3 138.7 142.6 146 149.7 153.6 157.4 161.9 166.5 170 173.6 177.7 181.7 185.5 188.8 191.7 197.5 207.3 216.1 223 227.2 228.1 227.7 227.2 226.7 224 218 211.4 203.4 198.4 196.5 194.5 190.6 185.4 178.2 174.2 170.4 167.6 163.8 160.7 158.1 155.7 153 149 145.9 142.5 138.3 135.1 133.2 130.1 128.4 126.4 125 123 120.3 117.7 113.3 110.2 104.8 102.4 96.1 92.8 90.6 89 86.7
107.5 98.4 85.7 69.3 61.7 59.4 82.9 100 111.2 119 122.9 126.3 129.6 132.2 134.5 137.4 141 145.1 149.1 153.8 158.1 162.1 166.2 169.6 173.1 178 181.1 184.2 187.2 193.5 199.8 206.5 213.7 217.6 221 221.7 222.4 218.9 212.6 205.4 200.6 195.7 193.7 192.6 188.9 183.8 177.4 172.6 168.1 165.5 163 160.5 157.8 154.9 151.6 148 143.6 139.8 136.6 134.3 131.6 129.3 127 124.8 122.1 120.3 117.4 113.9 110.4 106.6 102.5 98.1 93.4 90.2 88.7 86.9 85.8 84.3
111.7 102.5 92.8 78 61.6 59.6 77.8 94.9 107.1 116.3 121.4 122.6 125.2 127.8 130.3 132 135.9 139.7 143.9 149.6 153.9 158.2 162.1 166.2 169.8 173.3 176.7 179.8 183.9 188.5 192.5 198.9 204.8 208.8 211.5 212.9 211.7 208.3 202.6 196.9 192.8 190.3 188.8 185.9 180.9 174 170.3 165.6 163.4 161.1 158.9 156.5 153.5 149.6 145.7 141 137.8 135.2 132.7 130.1 127.5 125.7 121.8 119.7 116.4 114.2 109.7 105.5 103.8 98.9 93.6 91.1 89.1 87.9 86 83.8 83.5 82.4
113.7 106.8 97.7 85.7 70.5 60.9 71.9 89.6 102.7 110.9 114.6 117.4 120.5 122.7 124.9 127 130.2 133.7 139.5 145.2 150.8 155.2 159.4 163.5 166.9 169.9 173.3 176.5 180.3 182.9 186 190.1 195.3 198.2 201.6 202.5 201 197.5 192.9 188.9 185.8 184.5 181.6 177.4 171 166.8 161.9 158.7 158 156.1 153.1 150.1 146.4 141.6 138.2 135 133.5 130.7 128.5 125.7 123 119.9 116.7 112.9 109.9 105.9 102.7 98.4 95.2 91.7 89.6 88.8 87.5 84.7 82.8 81.6 81.5 80.7
114.6 108 100.3 89.9 77.3 65.1 67.1 85.4 98.2 105.7 107.6 110.6 114.8 117.4 118.1 120.2 121.6 128.6 135.9 141.8 147.4 152.4 156.5 160.3 163.6 167.2 170.7 174.2 175.9 177.6 180.2 182.6 185.7 187.8 189.9 190.6 189.6 187.3 182.6 179.5 178.1 176.6 173.5 167.7 162.8 157.5 154.3 152.3 151.8 149.3 145.8 141.8 138 134.9 132.7 130.5 128.2 125.7 122.8 120.2 117 113.3 108.1 104.5 101.6 98.5 94.9 91.4 89.1 87.9 87 86.7 83.3 81.1 80.4 79.4 78.6 77.1
113.9 107.2 100 89.7 78.4 65.8 61.2 80.5 92.8 102.2 102.8 103.7 107.1 110.7 111.9 112.1 114.5 121.4 129.4 137.3 143.4 147.4 151.9 156.7 161 165.3 168.3 170.2 171.1 173 174.2 176 176.7 177.4 178 178.9 178.6 177.2 173.1 171 169.4 168.1 163.9 158.2 154.1 149.4 148.2 147.3 144 140.7 137.6 134.8 132.3 129.4 127.7 125.1 122.3 119.4 116.3 112.6 108 102.7 97.9 96.3 95.1 92.2 88.5 86.5 84.9 85.3 85.6 83.6 80.1 79.3 78.7 76.2 74.2 72.1
111.1 103.8 98 87 75.8 61.7 62 74.9 84.8 95.1 94.8 95.6 97.6 100.6 102.3 105.7 108 113.5 121.8 130.6 136.4 141.4 147.4 152 157.3 161.4 163.5 164.6 165.9 166.7 167.7 168.6 168.9 169.6 170.6 170.6 170 168.4 165 163 162 159.4 153.3 149.7 145.4 143.6 141.5 138.3 135.5 133.3 130.9 128.4 125.9 123.4 121.4 118.2 114.7 111.1 107 101.4 97.3 95.1 92.9 92 89.1 88.3 84.3 82.5 81.6 82.3 83.8 80.4 76.7 75 73.4 72.5 69 65.6
108.6 104.2 96.3 85.3 71.4 57.8 62.4 68.9 71.8 75.3 73.4 80.1 83.4 86.7 91.4 97.4 99.9 105.8 114.1 121.4 126.3 134.1 140.5 146.6 151.8 155.5 157.2 158.2 159.6 160.4 161.2 161.6 162.2 163.2 163.8 163.8 161.8 159.7 157.3 154 153 149.4 143.8 140.6 137.1 135.2 132.5 130.3 129 126.9 124.4 121.9 119.3 116.4 113.9 110.5 107.4 103.6 99 95.7 93.8 90.7 88.8 87.8 85 85.2 83.1 80.7 79.3 79.2 78.7 75.1 71.9 69.9 67.4 66.9 63.4 62.6
105.6 100.1 91.8 79.3 63.3 57.9 61.3 63 61.4 61.6 61.1 63.1 64.2 68.3 76.1 84.5 90.9 98.5 105.4 111.1 116.7 124.9 132.4 140.3 144.1 147.4 151 153.1 154.6 156.3 157.1 157.5 157.6 158.2 158.7 157.5 154.2 150.4 146.8 145.5 143.3 137.9 134.6 131.3 128.3 126.3 124.9 123.3 121.3 118.7 117 114.6 112.2 109.2 106.5 104 100.4 97.1 94.8 91.9 89.7 86.7 85.2 84.5 82.8 81.5 80.3 75.6 75.1 74.6 73.4 68.7 66.2 65.2 63.4 62.8 62.2 60.9
101.6 93.4 85.4 70.9 55.9 58.7 60.2 60 59.7 58.5 55.9 54.3 53.7 51.6 58.2 69 81.2 92.5 100.5 105.1 109.7 115.2 122.8 131.1 135.7 138.5 142.6 145.1 147.6 150.5 154.3 156 156.3 156.1 154.4 151 145.6 141.1 137.6 136.6 131.4 127.4 123.9 122.2 121.3 119.1 117 114.5 112.2 110.7 110.1 108 105 102.4 100.9 98.5 95.1 92.8 90.5 88.2 86.2 84 81.2 80.4 79.4 77.4 74.4 71.9 70.9 69.7 68.9 66 63.7 63.7 62 60.8 59.5 59.2
105.9 97.3 84.3 67.3 56.3 62 58.1 58.1 56.6 55.8 53.8 52.4 49.7 49.7 49.2 49.4 67.3 87.1 97.4 102 106 110 114.9 122.1 127.2 130.6 134.7 136.2 139.2 143.2 146.4 148.8 150.1 149.5 146.7 141.9 137.1 132.7 129.4 125.9 120.8 117.4 114.7 114.4 112.8 110.8 109 106.7 105.4 105 104.1 101.3 99.4 97.5 94.9 93 91.1 89.5 87.4 85.1 83 80.4 78.8 77.2 75.1 73.7 71.2 68.4 66.5 66 65.8 64 62.9 62.3 60.6 59.6 59.7 58.1
104.6 99.4 89.5 69.7 55.1 55.2 53.9 53.4 53.3 52.2 52 50.5 48.8 48.3 48.6 50.1 64.3 86.7 96.1 100.4 103.5 107.2 111.4 115.5 120 125.2 128.7 130.4 132.4 132.8 135.7 137.5 139.6 137.8 134.1 129.7 125.9 122 119.4 115.4 111.9 108.8 108.2 107.8 106.2 104.7 102.4 101 100.9 99.7 98.2 96.3 94.4 92.5 89.5 89.3 88.6 86.5 84.3 82.3 79.9 76.8 75.2 72.7 70.7 68.8 67.3 65.9 64.8 63.9 63.1 62.5 62 61.1 60 59.4 57.5 57.1
104.9 101.5 97.3 78.7 58.6 54.2 55.1 55.9 56.3 55.4 52.6 48.2 45.2 49.2 59.8 72.3 83.6 92.6 97.2 99.4 102.2 104.9 108.9 112.2 116.5 120.2 123.6 125.5 127.2 127.7 128.4 127.5 126.3 123.2 122.1 119.1 115.5 114.4 111.1 107.3 105 103.5 102.6 101.2 100 98.5 97 96.7 96.5 95.4 93.6 91.7 90.4 88.3 86.5 86.8 85.1 83.2 81.2 78.3 76.1 73.3 71.9 69.3 67.2 66.2 64.6 64.7 64.3 64.4 63.2 62.1 61.1 60 58.7 57.6 55.6 54.2
105.5 100.9 97.8 87.4 75 63.3 62.7 63.5 65.5 61.9 53.7 44.8 47.4 49.1 67.4 85.8 93.3 95.7 98.4 99.6 101.3 102.6 105.1 109.2 112.2 115.8 119 119.9 121.6 122.1 121.8 120.5 117.2 115.8 114.2 111.3 109.2 106.8 104.1 101.9 100 98.6 97.1 96.3 95.2 94.7 94 93.8 92.8 91.3 90.3 88.8 87.7 85.7 83.9 82.3 81.2 79.4 76.5 74.2 71.9 69.4 67.4 66.2 65.5 65 64.9 64.6 64.5 64 62.8 61 60.4 58.8 56 55.1 54.3 51.6
105 102.5 99.7 93.9 87.6 81.5 77.8 76.4 73.8 66.4 52.9 44.4 47.1 52.7 71.7 80.6 86.6 91.1 96.3 97.6 99.2 100.1 101.5 105 108.1 111.4 114.3 114.8 115.9 115.8 114.9 113.1 110.6 109.2 107.7 105.7 104.6 102.8 100.2 98 95.8 94.2 93.2 92.2 92.5 92 91.3 90.9 90.1 88.8 87.4 86 83.8 82.4 80.6 78.4 77.1 74.8 71.9 69.5 67.5 66.6 66 65.1 65.3 65 65.1 64 63.6 62.2 60.7 59.1 57.1 56.1 54.5 51.6 50.7 49.7
104.7 102.9 100.2 97.1 92.9 90.4 87.4 84.1 78.5 69 53.3 44 46.3 54.9 70.5 75 78.2 87.7 93.1 93.5 95.1 95.9 97.3 100.2 103.2 106.7 109.3 109.5 109.9 109.3 107.3 106.3 104.1 103.7 102.3 101.5 100.5 98.8 96.5 93.7 91.7 90.9 90 89 90 88.3 87.4 88 86.6 85.2 83.4 81.8 79.9 76.9 76.1 74 71.7 70.2 67.4 66.2 65.2 65.1 65.4 65.4 64.5 63.8 63.7 62.8 60.6 59.9 57.1 56.3 52.6 51.4 51.1 49.1 47.9 47.2
105 101.9 98.7 95.6 93.9 93.4 91.3 87.1 79.6 68.8 54.5 42.3 45.5 55.1 68.2 70.9 75.7 88.1 90.7 90.2 90.5 91.3 93 95.1 97.8 99.9 101.2 103.1 103.6 103.5 102.9 101.8 101.1 100.8 99.5 98.3 96.6 93.5 91.6 89 88.2 87.5 86.7 86.3 85.9 84.4 84.2 84.4 82.4 81.2 79.1 77.3 75.3 73.5 70.6 68.2 67.5 66.7 65.4 64 63.7 64.4 63.9 63.3 61.9 61.1 60.3 59.2 57.3 55.6 53.6 52.5 49.6 47.7 48.6 47.3 47.6 46.3
105.3 102.7 99 94.9 93.4 93.5 92.1 87.7 78.2 65.6 53.9 44.8 42.3 48.5 61.1 65.4 73.7 86 86.6 86.1 85.8 87 89.4 91.3 93.9 95.5 95.9 96.8 97.5 99.1 99 99.9 99.4 98.9 96 93 91 89.4 87.1 85.6 84.8 83.9 84.1 82 81.1 80.8 80.5 78.8 76.8 76.2 73.6 71.2 69 67.4 66.5 65.3 64.7 64.1 63.6 63.7 63.8 63.8 63.4 63.1 61.4 59.3 57.3 54.7 52.7 50.2 49.5 49.2 49.6 47.3 47.9 46.3 46.3 47.1
