public/OST50/NH68.asc
ncols 200
nrows 200
xllcorner 260000
yllcorner 880000
cellsize 50
[rows 144 to 179 of 200, columns 0 to 78 of 200]
515.7 517.9 517.5 516.2 512.4 509.8 505 502.7 500.8 502.2 502.2 501.3 499.9 497.4 494 490.2 483.3 478.1 473.3 466.6 458.5 453.4 449.7 441.7 424.7 406.1 395.6 393 411 422 427.6 424.7 424 420.5 416.7 414.4 414.7 415.3 411.3 406 398.5 393.1 385.4 378.6 373.2 368.5 362.6 358.1 355.8 355 351.8 342 352 355.1 359.4 366.4 373.4 381.6 388.8 396.9 404.1 412.5 420.8 427.4 430.2 430.1 425.5 426.2 429.4 433.6 439.4 436.3 437.6 437.1 435.5 431.1 431.1 426.3 416.4
520.3 520.3 518.9 518.2 515.3 512.5 508.1 503.3 499.6 494.8 495.6 493.8 492.5 489.6 485.6 481.4 473.5 467.3 463.6 458.3 453.5 448 438.5 415.1 406.1 398.7 402.3 413.1 431.2 440.3 441.5 439.3 438.1 436.6 434.4 433.7 434 432.8 429.7 423.1 413.6 405.6 397.6 388.9 381.7 374.6 368.6 362.3 360.4 359 356.3 346.5 353.4 359.2 362.6 370 377.7 386.1 394.6 402.2 410.5 419.2 428 433 436.5 437.1 439.7 444.1 450 452.9 456 454.3 459.8 460.8 456.6 452 449.2 446.1 435.2
522.7 522.8 523 522.7 518.8 515.2 511.3 505 497.7 491.8 488.3 486.9 484.6 480 476.8 471.2 463.7 457.1 454.6 452.7 446.9 435.8 418.2 408.3 405 417.5 430 440.4 446.3 450.2 450.7 448.4 448.6 447.1 444.9 447.1 446.9 445.9 443.5 437.6 429.4 418.7 408.4 399.4 390.3 382.4 375.8 367.7 364.7 360.9 359.9 355.5 356.9 362.4 366.9 373.4 380.6 390 399.6 408.1 415.5 424.7 431.9 438.1 444.3 447.8 452.2 459.8 468.9 473 471.8 477.8 487.9 486.2 480.2 476.9 473.9 466.4 453.2
527.5 528.2 528.4 526.9 523.7 519.2 513.6 505.8 497.8 490.2 482.2 478.6 475.3 472.4 468.9 460.7 457.5 455.7 452.4 440.9 428.6 419.5 412.5 420 431.8 438.7 453.7 457 459 458.7 457.3 455.4 455.1 453.7 455.1 458.8 460.5 458.4 455.8 449.5 440.8 430.9 420 408.6 398.1 388.1 381.4 374.2 369.2 366.2 362.7 358 359.5 366.1 372.3 378.8 385.7 393.3 402.8 410.9 421.9 428.8 435.9 443.5 451.1 458.3 464 472.1 481.6 486.7 488.3 497.8 506.5 510.2 507.6 505 496.3 485 471.3
532.5 533.6 533.4 531.6 527.7 521.6 513.9 507.5 497.8 489.9 482.2 474.3 467.3 464.3 458.6 455.6 455.2 453 448.7 431.4 418.8 417.8 432 445.4 453.3 459.4 463 465.9 466.5 466.2 464.6 462.4 464.6 465.2 470.7 473.7 476.3 473.9 469.5 460.9 451.4 440.9 430.9 418.5 409.2 397.6 387.1 381 374.5 371.3 367.4 363.1 362 368.5 376.3 383.8 392.6 400.6 408.4 415.1 424.7 432.8 440 448.6 456.6 466.9 474.5 482.1 489.5 495.2 502.1 512.3 520 522.4 526.9 526.8 518.1 503.1 487.2
537.3 539 538 534.5 530.1 524.3 515 504.8 495.2 487.4 479.9 469.8 463.2 455.5 453.5 450.9 449.2 440.7 429.8 424.3 423.3 439.3 449.9 457.2 462.7 469.1 473.1 475.2 475 473.1 470.1 473.7 475.2 479.5 484.4 488.6 492.5 490.9 484.4 473.3 461.8 450.4 440.5 428.6 416.5 405.5 397.2 388.7 379.8 375.7 371.9 369.9 363.7 371.5 380.6 387 397 406 413.6 422.6 425.5 436.1 443.3 451.6 461.2 471.5 481.2 487.9 494.9 501.8 513.6 521.6 529.2 532.4 540.6 540.3 531.4 515.9 498.3
541.6 541 539.3 535.9 531.3 525.8 515.9 506 495.2 487.1 477.3 468.4 459.5 455 450.1 442.5 437.7 430.4 430 438.4 447.9 453.1 457.4 464.1 471 477.2 480.3 482.4 483.4 483.2 483.6 482.6 488.6 493.3 500 505.3 507.1 505.3 499 487.7 473.8 459.4 448.4 437.2 426.7 416.5 408.5 396.1 390.9 383.4 380.3 377.5 368.9 377.5 385.2 391.6 401.3 410.8 420.3 428 434.4 441 446.5 456.8 467.5 477.5 486.6 494.3 500.7 507.4 518.2 526.4 533.6 539.8 544.3 544.1 535.4 521.8 502.9
544.4 542.5 538.9 536.3 532.4 526.3 519.2 506.7 497.3 486.1 473.7 464.4 457.9 454.6 450.4 438.4 433.4 445 449.4 451.1 454 459.7 463.8 470.7 477.8 483.3 486.1 488.5 490.1 490.8 493 495.2 499.9 507.2 514.3 519.8 520.9 518.1 511.3 500.6 486.6 471.6 456.3 445.1 436.7 426.7 416.5 408.6 401.2 394.5 387.8 383.4 373.5 382.5 388 395.4 404.1 414.3 424.4 433.1 440.7 446.4 453.8 463.5 473.5 482.5 490.5 498.1 504.2 510.7 520.6 528.8 534.1 540.4 542.5 540.2 533.5 522.3 505.3
546.1 542.7 539.9 537.6 532.8 526.3 517.7 505.7 494.5 482.5 470.2 461.6 456.3 453.3 446.1 438.3 451.2 453.1 453.3 453.5 459.3 464.4 471.7 477.7 482 487.1 490.2 492.3 494.8 496.1 498.2 501.9 508.3 516.8 523.6 528.9 530.4 527 520.2 509.8 498 482.9 464.5 450.9 441.6 435.3 427.9 419.4 411 404 397.4 394.7 383.9 386.1 391.4 398.8 406.9 417.8 427.8 435.9 443.6 451.8 462.1 470.5 478.8 486.6 492.2 499.2 506.1 513.1 518.8 526.7 532.3 538.7 540.5 534.1 527.4 515.9 505.9
547.1 544.5 541.3 536.7 531.3 524.9 514.8 502.5 491.9 477.3 467.6 460.3 455.9 453.8 445.9 443 454 456.2 458.3 463.4 466.2 471.4 479.5 484.3 488.6 491.6 496.1 498.7 501.4 503.9 506.5 512.5 519.6 525.4 530.8 534.8 536.9 534.2 527 517 505.5 492.2 474 459.3 448.1 442.5 436.2 428.5 421.8 413.5 410 398.8 392.8 385.5 393.2 400.4 408.5 419.7 430.7 440 448.3 458.8 468.3 477.9 486.4 492.5 495.1 500.9 508.2 514.5 518.4 524.9 532 536.4 533.6 527.8 520.9 513.7 502.6
547 544.5 540.3 535.4 529.6 521 507.9 496.4 485.3 473.4 466.4 460.5 456.6 454 448.9 449.8 455.3 459.6 468.1 474.5 477.7 480.7 487.6 490.3 494.7 496.9 500.8 503.6 506.2 509.3 514.2 522.5 528.6 532.5 535.2 537.6 537.9 535.2 529.5 520.7 509.1 496.6 484.3 470.1 456.7 447.7 441.7 436.3 428.6 421.6 413.7 405.3 397.2 392.7 393.6 402.8 410.7 421 432.6 442.5 452.3 462 472 481.8 490.5 496.6 501.7 504.1 510.4 514.6 517.1 522.5 531.2 533.6 529.1 521.5 514.8 509.4 501.3
546.7 542.7 538.6 533 525.2 515.3 502 489.5 478.9 471.9 466.3 461.7 458.5 457.2 447.7 457.1 462.1 467.7 477.7 483.6 486.6 487.9 491 495 497.8 501.4 504.8 507 509.8 515.7 523.7 530.9 535.2 535.9 537.6 537.1 536.1 534.3 530.3 524.1 513.4 501.1 488 478.9 466.9 456.1 448.2 440.5 435.1 429.4 422 413.9 406.2 399.6 398.7 405.8 414.1 421.3 434.5 444.4 455 465 474.6 485.2 493.3 498.2 503.6 508.6 511.2 513.2 516.3 520.5 527.3 528.9 523.4 515.9 509.2 500.6 492.9
544.7 541.5 535.9 529 519.4 508.6 496.9 485.3 475.2 471.9 468.4 464.5 461.3 452.1 456.8 461.8 468.9 476.6 484.3 489.6 492 492.2 494.6 497.2 498.4 504.2 508.3 511.7 513.5 521.4 529 534.8 537.9 537.1 537.1 535.9 534.2 532.5 530.1 525 516.1 504.8 493.6 484.4 475.3 464.5 453 445.6 440.8 433.8 428.2 422 413.5 410.1 405.4 408.6 416 423.7 433.6 445.3 455 464.8 475.4 485.1 492.1 497.8 502.6 507.6 510.2 511.9 513.7 516.1 519.3 520.3 517.2 511.3 504.7 495.3 486
544.4 539.1 533.1 524.3 514.6 504.4 492.4 482.8 473.5 472.1 469.6 465.6 461.2 456.1 461.7 467.7 474.2 481.8 488.9 493.1 493.1 495.5 496.2 498.3 501.8 507.1 512.4 514.4 517 523.8 529.2 533.5 535.8 535.9 535 534.3 532.3 530.7 528.9 524.4 517 507.2 497.6 488.4 481.4 470.9 462.1 451.1 445 438.2 433.6 428.4 422 416.9 412.2 411.3 417.4 424 431.1 442.2 451.8 462.9 472.6 482.6 489.2 495.3 498.6 502.1 503.8 506.3 508.2 509.1 509.1 510.8 511.2 508.2 503.9 496.6 485.7
540.8 536.6 530.5 521.6 511.6 500.8 489.6 479.4 472.2 470.2 468.3 465.1 461 459 460.5 468.3 475.7 484.6 490.6 493.7 495.6 497.9 498.3 500 504.5 511.2 514.7 517.6 520.8 524.1 526.6 530.4 531.7 533.2 532 530.3 529.1 527.4 526.2 522.6 516.4 508.8 500.1 492 485.6 478.2 470 462 453 444 437.5 432.2 429 422.5 421.1 416.6 418.7 422.9 429.3 437 447.4 458.7 468.7 477.7 485.7 490 492.5 495.3 497.4 499.7 502.4 501.6 499.9 502.2 505.9 504.9 501.1 493.6 483
536 531.5 525.5 516.3 506.9 495.3 488.5 482.3 475.2 469.8 467.2 466 464.6 464.6 464.2 466.4 475.5 483.8 490.5 495.7 498 500.1 500.8 503.7 507.6 512.5 515.6 518.3 522.4 525.2 526.5 528 528.5 528.3 527.3 524.4 524 523.3 521.5 519.1 515.2 508 500.7 493.7 488.6 482.9 476.4 467.7 461.6 452.6 443.9 436.9 432.4 429 426.1 421 423.6 424 428 433.1 441.4 453.5 461.5 472.6 478.5 481.9 485.3 488 489 491.3 495.1 495.3 492.7 494.6 497.8 498.3 495.1 487 477.2
528.6 523.4 515.2 509.8 503.9 495.9 489.7 482.6 474.8 475.5 472.2 472.2 470.3 469.3 470.6 466.5 475 484.4 491.6 496 499.4 502.2 505.1 506.8 508.2 510.7 515.8 518.5 522.4 525.4 526.7 528.1 530.6 531.9 531.1 528.2 525.3 522.2 513.4 511.4 509.3 505.7 499.7 494.2 490.6 485 475.9 473.3 466.8 459.6 452.9 444.4 439.5 433.7 431 428.4 428.1 427.4 427.3 429.2 437.3 447.4 456.2 463.9 469.4 472.5 475.3 478.4 479.4 482.6 485.7 488.4 488.3 488.9 490.6 490.1 485.4 477.2 469.2
521 515.1 509 506.1 501.8 495.3 485.6 481.3 481.1 477.8 475.8 476.1 475.1 473.6 473 467.5 475.9 483.1 493 497.4 502.4 504.8 507 507.7 511.7 514.8 517.7 522.7 524.9 527 528.4 529.6 533 534.8 533.4 530.1 527.2 523.9 518.9 510.7 506.3 503.1 498.3 492.9 489.8 487.3 484.1 479.7 472.5 467.8 458.9 454.3 447.9 440.9 432.8 430.7 430.8 429.2 428.1 428.2 432.2 442.4 449 455.2 460 462.5 465.2 468.5 471.3 474.3 477 477.9 479.1 480.2 480.5 480 474.9 468.3 460.8
514.4 509.3 507.3 500.9 496 495.7 495.5 488.2 483.3 480.3 479.5 478.9 477.6 477.1 476.9 475.2 476.4 484.6 493.5 498.4 505.8 506.8 508.8 511.5 515.8 519.7 523.5 527.4 529.2 529.6 530.4 531.1 533.6 534.5 533.9 531.3 528.6 525 520.2 514.4 508.1 503.6 499.7 496.3 493.6 490.3 486.4 484.5 480.5 473.7 469.3 462 452.9 443.2 444.5 440 434 429.3 428.4 426.8 428.2 436.2 441.4 446.3 450.9 453.8 456.5 460.6 463.9 465.9 469.5 470.2 471.5 471.8 470.5 467.4 463.7 458.6 453.2
520.6 514.5 512.8 509.3 504.1 504.9 499.2 495.9 486.9 485 483.6 481.1 480.5 480.4 480.5 480.3 474.4 484 492.2 499.3 505.8 507.5 512.5 516.2 520.6 522.9 526.9 530.2 532.2 531.8 531.8 531.6 531.7 532.5 532.3 529.9 527.7 524.6 520.6 516.2 510.8 504.6 501.8 497.4 495.4 492.3 490.3 487.5 485.1 481.1 478 473.1 468.2 458.9 459.4 451.7 443.4 438 434.8 428.2 423.1 429.1 432.9 437.7 442.1 446.7 449.3 451.8 455.1 457.5 459.9 461.4 463.2 463.9 461.3 455.9 452.4 447.6 444.4
522 521.4 517 515.8 514.3 512.8 508.3 503.4 494.1 493.7 490.8 487.4 484.6 485.1 485.4 484.2 482.5 482.8 491.1 499 505.7 509.6 515.5 518.8 522.4 525.6 529.2 532.2 533.4 533.9 533.4 531.6 529.9 531.2 530.7 527.9 524.8 523.1 520.6 517.8 513.8 508.5 503.4 499.6 496.3 494.9 493 491.3 489.3 486.3 483 481 476.2 472.4 470.4 466.2 459.8 451.8 444.6 438 432.1 420.3 420.5 429 432.8 438.3 440.6 443.1 446.1 448.5 449 450.8 453.9 454.2 452.4 446 441.2 437.7 435.4
534.7 532.2 526 522.2 521.8 517.8 512.1 508.6 503.7 500.1 497.5 494.3 490.3 490.5 490 489.5 487.6 485 489.9 498 505.6 510.2 515.6 519.5 524.2 527.9 529.7 531.1 533.2 532.8 532 530.2 529.1 528.8 526.9 525.5 522.3 520.5 519.4 518.9 515.8 511 506.3 501.7 498.8 496.3 494.4 492.3 491.3 490.7 488.1 486.8 482.3 481.1 480.6 477.2 470 464.7 459.2 454.4 446.6 436.4 424.4 414.8 423.9 427.4 429 431.7 433.5 437.2 439.1 439.1 442.1 444.9 443.1 436.6 429.4 428.4 426.8
545.4 541.6 536.4 530.9 527.1 522 516.7 513.5 509.2 505.4 502 500.8 498.1 496 493.9 493.8 493.1 490.1 490.5 497.5 506.3 510.5 514.5 519.7 524.2 526.3 527.5 528.3 530.8 528.3 527 526.5 525.9 524.7 524 521.7 519.3 518.2 518 517.1 515.2 510.8 508.3 504 501.2 497.9 497.8 496.3 495.4 493.6 493.1 492.2 492 493 491.8 486.9 479.8 473.4 467.1 462.6 455.2 445.7 436.2 425.2 411.2 416.5 415.1 417.9 420.8 424.6 426.3 428.2 429.3 431.8 431.3 426.7 419.5 417.5 416.4
557.4 553.5 548.7 541.3 534.3 529.3 523.6 519.1 515.2 511.3 506.8 505.3 503.5 500.4 498.4 497.4 496.7 495.7 492.8 498.5 504 508.4 513.6 517.9 520.2 521.8 522.9 524.8 518.3 519.7 521.1 521.9 520.7 520.1 519.2 517.6 516.8 516.8 516.9 516.3 515.1 512.5 509.7 505.9 503.4 502.1 500.5 498.4 499 497.7 498.9 499.4 501.9 503.2 502.3 497.5 490.2 484.4 476.2 466.2 459.3 449.6 440.8 432.6 422.7 408.6 405.5 405.4 408 409 412.6 414.4 417 417.9 417.5 414.6 409.8 407.5 407.4
567.4 563.8 560.8 555.9 544.8 539.1 532.4 526.6 522.3 517.7 513.3 510.2 509 506 503.5 502.5 501.1 499.3 499.2 500.3 503.8 509 511.4 514.4 515.7 515.7 517.5 519.1 515.3 514.9 515.5 515.8 514.7 514.8 513.3 511.8 513.9 514.3 514.3 514.7 513.7 513.5 510.2 507.4 505.8 504.4 503.1 502.4 502.1 502.6 502.8 506.1 508.8 510.5 510.9 507 500.2 494.1 483.1 469.7 459.2 448.1 438.8 431.6 422.5 414.8 399.9 384.7 393.7 397.1 399.1 401 402.6 402.9 401.6 399.8 397.5 398.7 398
577.3 573.9 570.6 566.8 559.7 550.3 542.5 536.6 532.4 526.7 520.8 517 513.9 511.6 508 506 505.3 503.6 503 502.5 505.3 509.2 510 512.1 512.3 511.2 512 513.6 513.1 512.5 511.1 508.2 507.3 505.2 505.2 505.9 509.3 511.2 511.4 512.2 512.8 513.3 513.1 510.2 508.2 506.4 505.6 504.9 504.9 504.9 506.4 510 514 516.6 516.5 514.3 509.2 498.5 487.5 474.6 458.4 444.1 437.1 430.1 423 416.1 408.4 398.8 379.5 387.4 390.4 388.4 386.2 386.8 387.4 388 388 388.8 389.6
587.2 586.2 583.4 581.2 575.9 566 557.3 551.9 545 538.3 532.1 525 519.6 516.4 513.1 509.9 508.5 508.3 506.8 503.8 506.6 509.8 510.8 510.8 510.1 510.1 509 508.2 505.8 507 504.6 502.2 501.5 498.6 496 495.5 500.8 504.8 506.9 507.5 511 513.2 514.5 512.2 509.7 507.9 506.5 506.1 505.5 506.6 509.1 512.9 517.5 519.3 519.5 519.2 512.5 501.2 489.6 475.3 461.5 441.1 433.3 431.2 426.2 417.3 409.5 399.7 387.5 372.3 379.7 377 371.1 368.4 371.8 375.4 378.4 378.7 378.9
594.5 594.3 593.3 591.8 589.4 582.8 575.6 564.4 557.6 549.5 542.1 535.6 528.4 524 518.8 517 514.2 512.6 511.1 506.8 509.6 511.3 511.7 512 511.6 511.4 511.8 508.6 506.4 506.5 506.1 504.5 505.3 507.2 505.4 499.1 489.9 491.5 495.7 500.2 505.2 509.3 514.2 513.2 510.6 508.7 507.1 505 506.1 508.2 510.9 514.8 519.5 521.3 523 521.7 513 503.2 489.3 474.1 461.1 440.9 429.9 428.5 425 419.2 414.6 407.2 396.7 373.3 357.6 352.7 345.6 340 350 359.4 366.9 369.2 369
600.1 601.1 603 604.8 601.8 595 587.4 578.2 569.1 560.7 552.6 545.1 538.9 532.2 526.3 522.8 520 517.6 514.4 511.9 512.9 514.6 515.7 514.1 513.6 514.2 515.9 514.6 513.8 511.4 511.4 512.4 513.4 513.4 511.9 507.8 498.6 486.4 477.3 487.2 495.5 504.1 512.2 514.7 510.4 507.9 506.3 504.3 506.2 509.4 513 517.3 521.4 525.4 525.8 520.5 512.1 501.5 484.9 470.1 459.1 440.4 423.6 422.7 422.2 420 416.2 413.5 408.2 400.2 388.1 373.4 360.7 348.2 326.5 337.7 354.2 359.3 359.9
606.7 609.9 614.9 617.4 613.7 605.6 597.1 587.9 578.9 568.4 560 553.1 547.2 539.6 534.4 528.7 524 521.9 517.4 515.7 516.5 517.5 517.4 517.7 519.7 520.2 520.6 520.8 520.6 521 520.6 520.6 519.3 517.9 515.7 511.9 504 488.6 479.6 471.5 484.4 497.1 507 513.2 509.9 506.9 504.3 502.3 504.8 509.6 514.5 518.1 522 524.1 523.8 519.8 511.6 498.8 481.4 470.8 455.7 440.1 418.2 416.3 417.1 417 415.6 413.5 411 406.4 396.2 385.7 373.1 356.5 338.1 319.6 338.1 347.1 350.1
614.7 620.5 626.4 628.3 622.6 614 604.5 594.1 584.3 574.8 566.4 559 552.5 544 537.8 531.7 527.1 523.6 520.6 519.5 520.9 521.4 521.7 522.6 522.6 523.2 524.1 526.2 527.2 527.2 527.3 525.9 523.6 523.1 519 514.5 508.4 497.5 482 466.3 474 484 496.2 505.8 505.4 502.6 500.8 499.8 502.5 508 512.9 516.9 519.8 521 520.2 517.2 508 494.9 482 468.8 456 434.5 423.2 416.1 415.5 414.5 413.1 411.1 408.7 406.9 404.6 393.1 376.7 363.9 347.2 333.3 314.8 332.4 340
622.4 629.9 635 634.9 628.7 620.3 610.1 599.8 589.6 579.8 570.5 564.6 555.3 547.1 540 534 529.7 527 523.4 523.9 524.9 525.3 525 525 525.3 526.1 527.5 530.7 531.8 532.6 532.6 530.4 528.6 524.8 521.3 516.5 509.9 501.9 490 470.8 458.1 465.7 479 490.3 494.7 495.1 495.3 495.7 499.7 505 509.9 514 516 516.7 515.2 511.8 505.1 495.6 480.5 465.6 453.4 436 427.3 416.6 414.5 412.2 409.6 408.1 406.3 405.4 400.8 389.3 377 364.1 352.1 338.8 321.8 314.1 327.6
630.5 638.8 644.5 641.2 634 625.3 615.4 604.7 594.1 583.6 574.1 567.8 558.8 549.3 540.8 535.1 532 529.7 528.5 528.7 528.9 528.6 528.8 528.1 527.4 529.2 531.7 534.4 536.2 538.5 538.7 535.3 532.2 527.7 522.1 517.5 511.4 504.9 494.6 479.1 455.5 450.1 460.1 477.2 484.1 488.5 489.9 490.9 494.6 499.9 505.2 509.5 513.1 513.8 510.7 506.8 502.2 492.3 476.9 465.4 453.4 440.1 429.5 422 418.8 413 408.7 405.2 402 398.6 395 387.2 375.5 363.4 352.1 342.1 329.7 308.4 315.5
637.7 644.9 648.5 645.2 638 629.1 619.8 608.4 597.5 586.2 578.3 570.7 563 549.6 543.2 538.7 534.8 532.2 532 531.7 530.9 530.9 531.5 531.7 531.2 532 533.6 536.4 539.9 543.7 543.4 540.6 535.6 531 525.9 519 511.9 504.2 495 481.3 462.5 443.3 451.8 466.7 477.3 483.4 484.2 483.3 488.3 493.7 499.1 505.3 510 510.9 508.4 503.3 497.2 488.4 476 465.5 454.5 442.4 432.1 429.1 423.1 416.9 410.9 405.9 400.3 393 386.5 383 373.7 364 351.1 341.9 332.8 315.5 303.9
642.6 648.3 650.1 647.1 640.8 632.7 623.2 611 599.7 591.7 585.1 576.2 566.5 556 546.8 540.5 536.9 534.7 534.2 535.4 535 534.1 533.4 531.8 532.5 532.8 534 536.7 540.9 545.5 544.6 542.9 539.5 534.2 528.4 521.4 513.7 504.7 494.3 482.3 466.9 445.4 444.8 456.8 468 475.3 477.6 474.5 482.5 488.5 495.6 502.1 505.7 507.5 505.4 500.8 494.8 484.4 473.8 463.7 454.1 442.1 436.3 432.2 426.5 420.6 417.4 411.6 405.3 399.5 390.8 379.4 364.9 355.6 344.4 336.4 328.3 326.1 315.4
648 651 650.5 647.5 641.4 633.8 624.2 613.4 603.3 597.4 590 582 573 560.9 549.8 543.3 538.9 536.5 536.6 537.7 537 535.9 534.4 533.1 533.3 533.3 533.7 535.7 539.3 542 541.9 542 540.1 535.3 529.1 522.4 513.6 504 492.6 480 470.8 453 435.7 448.3 455.5 464.9 467.9 466.2 476.4 483.7 489.9 497.1 501.9 504.7 503.6 499.1 492.3 482.5 471.4 462.3 454 445.2 437.9 432.9 429 425.1 422 415.3 409.8 403.9 395.9 386.2 375.8 365.1 356.1 349.5 342.3 339.1 333.7
