public/OST50/NH68.asc
ncols 200
nrows 200
xllcorner 260000
yllcorner 880000
cellsize 50
[rows 0 to 35 of 200, columns 0 to 78 of 200]
25.7 23.9 21.5 17.5 14.7 11.4 6.6 1.8 0.7 -0.5 -1.5 -0.3 1 2.2 3.4 4.4 3.4 3 2.7 2.3 2 1.6 1.3 0.9 0.6 0.2 -0.1 -0.5 -0.6 -0.8 -1 -1.2 -1.4 -1.5 -1.5 -1.5 -1.5 -1.5 -1.5 -1.5 -1.5 0.9 1.2 2 6.2 12.9 19.3 25.5 32.7 39 43.5 46.9 50.8 54.8 58.5 62.6 68.6 77 84.9 92.4 98.3 102.5 107.5 112.3 115.9 118.5 120.3 120.4 119.5 119.2 119.6 117.4 118.2 117.3 118.6 118.1 117.4 117.9 116.2
23.6 22.7 20.6 18.8 14.9 12.4 7.8 4.1 1.6 0.5 -1.5 -1.5 1.6 2.7 2.5 2.1 1.8 1.5 1.3 1.1 0.9 0.8 0.6 0.4 0.2 0 -0.2 -0.4 -0.5 -0.7 -0.9 -1.1 -1.5 -1.5 -1.5 -1.5 -1.5 -1.5 -1.5 -1.5 -1.5 -1.5 -0.1 0.7 1.4 2.1 9.1 14.8 21.7 28 32.7 36.1 40.2 44.1 47.2 51.9 56.8 64.9 73.9 82 90 95.7 102.1 107 111.4 115.5 119.9 120.8 120.3 119 117.3 115.8 116 116 117.8 117 116.7 116.8 116.7
25.7 22.9 21 20.2 16.8 12 9.5 7 2.3 2 -1.5 -1.5 2.8 2.3 2.2 2 1.8 1.6 1.5 1.3 1.1 0.9 0.7 0.5 0.3 0.1 -0.1 -0.2 -0.4 -0.6 -0.8 -1.2 -1.5 -1.5 -1.5 -1.5 -1.5 -1.5 -1.5 -1.5 -1.5 -1.5 -1.5 -0.4 0.4 1.3 1.9 3.2 9.2 14.8 19.7 22.9 25.2 29.8 33.2 38 44.7 52.4 61.3 69.5 77.6 86.3 94.2 100.5 105.7 110.6 114.8 119.7 121.2 118.9 117.9 115.9 114.3 113.4 113.8 114.2 114.3 115.9 115.7
30.8 26.5 22.9 22.2 18.6 13.1 9.2 7.9 4 2 -1.5 -1.5 3.5 3 2.3 2.2 2 1.8 1.6 1.4 1.2 1 0.8 0.6 0.4 0.2 0.1 -0.1 -0.3 -0.5 -0.9 -1.3 -1.5 -1.5 -1.5 -1.5 -1.5 -1.5 -1.5 -1.5 -1.5 -1.5 -1.5 -1.5 -0.4 0.4 1 1.4 1.9 2.3 2.9 7.1 8.8 12.7 15.9 21.4 28.5 37 46.1 55.4 64.5 73.9 82.5 89.6 96.2 102.6 108.7 113 113.7 115.5 115.3 114.9 113.9 113.1 109.5 111.1 110.5 111.2 112.3
34.4 29.4 25.6 22.9 18.8 14.7 11.4 8.8 7.8 3.4 3.7 5 3.6 3.2 2.9 2.2 2 1.8 1.6 1.5 1.3 1.1 0.9 0.7 0.5 0.3 0.2 0 -0.2 -0.5 -1 -1.4 -1.5 -1.5 -1.5 -1.5 -1.5 -1.5 -1.5 -1.5 -1.5 -1.5 -1.5 -1.5 -1.5 -0.5 0.1 0.7 1.1 1.5 1.6 1.8 1.9 2.1 2.1 2.1 2.3 16.1 26.5 37.3 48.6 59.2 67.6 74.4 82.4 89.7 97.8 99.2 103.6 105.4 107 110.2 111.2 111.4 108.6 107.2 107.5 107.6 109.1
37 31.1 27.3 23.8 19.9 16 13.3 10.7 10.7 6.9 5.1 4.8 4.3 3.6 3.4 2.3 2.1 1.9 1.7 1.6 1.4 1.2 1 0.8 0.6 0.5 0.3 0.1 -0.2 -0.6 -1 -1.5 -1.5 -1.5 -1.5 -1.5 -1.5 -1.5 -1.5 -1.5 -1.5 -1.5 -1.5 -1.5 -1.5 -1.5 -0.6 -0.1 0.5 0.8 1 1.2 1.4 1.5 1.6 1.6 1.7 2.1 2.3 14.2 28.1 41 51.2 59.3 65.4 72.3 77.6 84.8 89.5 94 97.2 100.4 103.1 106.6 104.3 102.2 106.3 107.1 107.8
38.1 31.2 26.8 23 19.6 17 15 14 10.5 8.8 7.4 5.4 5.2 4.1 3.7 2.3 2.2 2 1.9 1.7 1.5 1.3 1.1 0.9 0.8 0.6 0.4 0.1 -0.3 -0.7 -1.1 -1.5 -1.5 -1.5 -1.5 -1.5 -1.5 -1.5 -1.5 -1.5 -1.5 -1.5 -1.5 -1.5 -1.5 -1.5 -1.5 -0.7 -0.2 0.1 0.5 0.6 0.9 1.1 1.1 1.1 1.2 1.5 1.7 1.9 2.3 19.3 33 43.9 52 59 66.5 72.5 77.1 80.5 84.9 89.2 91.3 94.8 96.6 95.5 98.5 101.3 102.2
39.3 33.2 29 25.6 22.3 17.7 15.5 13.9 10.5 9.6 9.4 6.7 6.5 4.4 3.2 2.3 2.3 2.2 2 1.8 1.6 1.4 1.2 1.1 0.9 0.7 0.4 0 -0.4 -0.8 -1.2 -1.5 -1.5 -1.5 -1.5 -1.5 -1.5 -1.5 -1.5 -1.5 -1.5 -1.5 -1.5 -1.5 -1.5 -1.5 -1.5 -1.5 -0.8 -0.4 -0.1 0.2 0.4 0.6 0.6 0.6 0.6 0.9 1.1 1.3 1.7 2.1 12.4 26.4 36.3 45.7 55.5 64.6 70.9 74.4 76.3 77.6 78.6 83.2 85.9 87.5 89.8 91.3 93.1
39.9 36.3 33.2 28.7 24.7 21.3 16.9 14.6 12.3 11 8.6 9.4 8.7 7.7 2.5 2.3 2.3 2.3 2.1 1.9 1.7 1.5 1.3 1.2 1 0.8 0.3 -0.1 -0.5 -0.9 -1.3 -1.5 -1.5 -1.5 -1.5 -1.5 -1.5 -1.5 -1.5 -1.5 -1.5 -1.5 -1.5 -1.5 -1.5 -1.5 -1.5 -1.5 -1.5 -0.9 -0.6 -0.3 0 0.1 0.1 0.1 0.1 0.3 0.4 0.7 1 1.4 1.9 5 18 29 40.5 53.1 69 72.3 72.2 75 74.4 74.5 74.6 74 80.3 82.9 81.7
40.6 37.1 34.8 30.7 27.9 24.8 20.7 17.4 13.6 12 15 14.6 10.7 14.3 7.5 2.3 2.3 2.3 2.2 2 1.8 1.6 1.5 1.3 1.1 0.7 0.3 -0.2 -0.6 -1 -1.4 -1.5 -1.5 -1.5 -1.5 -1.5 -1.5 -1.5 -1.5 -1.5 -1.5 -1.5 -1.5 -1.5 -1.5 -1.5 -1.5 -1.5 -1.5 -1.5 -1.1 -0.7 -0.5 -0.4 -0.4 -0.5 -0.5 -0.3 -0.2 0.1 0.4 0.8 1.3 1.7 2 6.2 21.4 33.6 47.3 58.9 66.4 66.5 67.7 69.3 64.2 56.8 70.5 72.4 74.7
40.1 38.8 34.5 31.6 29.1 25.1 21.4 17.6 15.1 17.7 16.9 15.2 14.9 9.7 15.3 2.3 2.3 2.3 2.3 2.1 1.9 1.8 1.6 1.4 1 0.6 0.2 -0.2 -0.6 -1.1 -1.5 -1.5 -1.5 -1.5 -1.5 -1.5 -1.5 -1.5 -1.5 -1.5 -1.5 -1.5 -1.5 -1.5 -1.5 -1.5 -1.5 -1.5 -1.5 -1.5 -1.5 -1.5 -0.9 -0.9 -1 -1 -1 -0.9 -0.8 -0.6 -0.3 0.1 0.6 1 1.3 1.7 2.1 12.3 22.6 35.4 46 49.2 53.5 56.9 53.5 56.1 64.3 65.2 66.1
40.5 37.1 32.3 28.8 27.2 23.7 23.1 18.8 19 18.6 17.8 17.1 15.2 13.6 8.5 4.6 2.3 2.3 2.3 2.2 2.1 1.9 1.7 1.3 0.9 0.5 0.1 -0.3 -0.7 -1.1 -1.5 -1.5 -1.5 -1.5 -1.5 -1.5 -1.5 -1.5 -1.5 -1.5 -1.5 -1.5 -1.5 -1.5 -1.5 -1.5 -1.5 -1.5 -1.5 -1.5 -1.5 -1.5 -1.5 -1.5 -1.5 -1.5 -1.5 -1.5 -1.5 -1.5 -1.5 -0.6 -0.1 0.3 0.6 1.1 1.5 2.1 15.7 19.3 26.9 34.2 39.8 43.5 44.3 50.8 56.1 57.8 59.1
41.9 39.9 33.8 30.6 26.8 26.1 23 23.9 22 18.9 17.7 17.2 16.8 16.1 15 12.5 7 2.3 2.3 2.3 2.2 2 1.6 1.2 0.8 0.4 0 -0.4 -0.8 -1.2 -1.5 -1.5 -1.5 -1.5 -1.5 -1.5 -1.5 -1.5 -1.5 -1.5 -1.5 -1.5 -1.5 -1 -1.2 -1.5 -1.5 -1.5 -1.5 -1.5 -1.5 -1.5 -1.5 -1.5 -1.5 -1.5 -1.5 -1.5 -1.5 -1.5 -1.5 -1.5 -0.8 -0.4 0 0.4 1 1.7 6.8 14.8 18.2 23.1 27.2 30.9 34.3 38.5 43.4 48 50.6
39 37.7 33.1 31 30.5 32.3 28.5 28 27.2 23.1 21.3 19.1 21.1 18.8 18.6 16.7 13.4 10.9 7.6 4.3 2.3 2 1.6 1.1 0.7 0.3 -0.1 -0.5 -0.9 -1.3 -1.5 -1.5 -1.5 -1.5 -1.5 -1.5 -1.5 -1.5 -1.5 -1.5 -1.5 -0.4 -0.6 -0.8 -1.1 -1.2 -1.4 -1.5 -1.5 -1.5 -1.5 -1.5 -1.5 -1.5 -1.5 -1.5 -1.5 -1.5 -1.5 -1.5 -1.5 -1.5 -1.5 -1.5 -0.6 -0.1 0.5 1.3 2.2 12.5 15 18.5 22.9 26.6 28.4 29.7 30.2 35.1 37.3
34.4 33.5 35.2 37 36 35.9 35.1 33.9 32.6 29.2 27.3 23.9 22.7 22.8 21 19.9 17.7 16.6 14.1 11.8 9.4 3.7 2 1.5 1 0.5 0 -0.5 -1 -1.5 -1.5 -1.5 -1.5 -1.5 -1.5 -1.5 -1.5 -1.5 -1.5 -1.3 -0.1 -0.3 -0.5 -0.7 -0.9 -1 -1.2 -1.3 -1.5 -1.5 -1.5 -1.5 -1.5 -1.5 -1.5 -1.5 -1.5 -1.5 -1.5 -1.5 -1.5 -1.5 -1.5 -1.5 -1.5 -0.6 0 0.8 1.9 8.9 13.2 16.4 20.2 22.5 23.7 25.4 26.5 28.1 29.8
41.4 40.9 41.8 43.6 40.8 40.2 41 40 36 34 33.2 32.5 29.9 26.7 24.1 25 23.9 19.2 18.9 17.4 15.2 10.5 2.3 2.3 2 1.5 0.7 -0.1 -0.9 -1.5 -1.5 -1.5 -1.5 -1.5 -1.5 -1.5 -1.5 -1.5 0.5 0.3 0.1 -0.1 -0.3 -0.5 -0.7 -0.8 -1 -1.1 -1.3 -1.5 -1.5 -1.5 -1.5 -1.5 -1.5 -1.5 -1.5 -1.5 -1.5 -1.5 -1.5 -1.5 -1.5 -1.5 -1.5 -1.5 -0.6 0.2 1.3 3.9 10.6 12.6 18 19.7 20.2 20.8 22.4 24.7 26.4
47.6 47.6 48 46.9 43 41.4 42.6 42.2 39.6 38.8 37.6 36.5 33.6 32.9 30.6 27.5 26 22.6 22.4 20.2 18 14.4 11.5 8 3 1.6 0.6 -0.4 -1.5 -0.6 -1.2 -1.5 -1.5 -1.5 -1.5 -1.5 0.3 0.9 0.7 0.5 0.2 0 -0.2 -0.3 -0.5 -0.6 -0.8 -1 -1.1 -1.3 -1.5 -1.5 -1.5 -1.5 -1.5 -1.5 -1.5 -1.5 -1.5 -1.5 -1.5 -1.5 -1.5 -1.5 -1.5 -1.5 -1.5 -1.5 0.5 1.7 16.1 16.7 15.7 17.1 18.1 18.1 19.1 20.6 21.5
54.6 52.5 51.8 47.3 45.2 43.2 42.8 41.4 40.8 39.2 41 41.4 40.2 42.4 41.8 36 29.4 28.9 25.7 23.1 21.6 19.3 16.8 14.1 10.2 2.3 1.1 -1.5 -1.5 0 0.9 -1.5 -1.5 -1.5 -1 1.5 1.3 1 0.8 0.6 0.4 0.2 0 -0.2 -0.3 -0.5 -0.6 -0.8 -1 -1.1 -1.3 -1.5 -1.5 -1.5 -1.5 -1.5 -1.5 -1.5 -1.5 -1.5 -1.5 -1.5 -1.5 -1.5 -1.5 -1.5 -1.5 -1.5 -1.5 0.6 3 20.3 19.7 18.6 17.9 17.6 17.6 17.8 18.4
58.8 56.1 54.3 50.1 47.3 45.1 43.9 42.1 40.8 40.1 41.1 41.2 43 48.3 48.9 42.9 37.4 33.4 30.9 29.4 27.7 26.9 23.5 19.4 16.7 12.8 7 -1.5 0.4 1.1 1.7 1.2 -1.5 1.9 1.8 1.6 1.4 1.2 0.9 0.7 0.5 0.3 0.2 0 -0.1 -0.3 -0.5 -0.6 -0.8 -1 -1.1 -1.3 -1.5 -1.5 -1.5 -1.5 -1.5 -1.5 -1.5 -1.5 -1.5 -1.5 -1.5 -1.5 -1.5 -1.5 -1.5 -1.5 -1.5 -1.5 1.4 14.2 22 21.4 20.1 19.4 18.7 17.8 17.4
62.4 60 56.5 53.4 51.8 50 47.5 44.9 44.6 41.9 41.2 42.9 43.2 47.6 45.1 41.8 40.6 38.8 37.5 36.2 35.1 33.4 29.9 28.2 24 18 14.5 10.2 2.3 2.3 2.5 3.4 2.8 2.2 2 1.7 1.5 1.3 1.1 0.9 0.7 0.5 0.4 0.2 0 -0.1 -0.3 -0.5 -0.6 -0.8 -1 -1.3 -1.5 -1.5 -1.5 -1.5 -1.5 -1.5 -1.5 -1.5 -1.5 -1.5 -1.5 -1.5 -1.5 -1.5 -1.5 -1.5 -1.5 -1.5 -1.5 2.2 16.7 18.7 20.8 21.9 21.2 20.7 20.7
65 63 60.2 57.8 55.3 53.1 51.9 51.4 50 48.4 45.8 43 42.6 41.6 40.3 39.1 39.3 40.1 39.5 38.8 39.3 36.6 35.2 33.6 30.5 25.8 21.5 16 11.2 7.4 6.1 4.3 3.7 2.3 2.1 1.9 1.7 1.4 1.2 1 0.9 0.7 0.6 0.4 0.2 0 -0.1 -0.3 -0.5 -0.6 -0.9 -1.2 -1.5 -1.5 -1.5 -1.5 -1.5 -1.5 -1.5 -1.5 -1.5 -1.5 -1.5 -1.5 -1.5 -1.5 -1.5 -1.5 -1.5 -1.5 -1.5 0.8 8 13.6 17.4 19.3 20.4 23.3 26.1
69.9 68.3 66.9 64.1 59.3 57.5 58.6 57.6 54.9 54 50.5 45.8 42.7 41.9 40.1 38.9 38.4 37.2 36.9 36.9 35.2 37.2 36.1 34 31.3 29.7 25.8 21.5 16.1 11.5 9.7 6.5 4.4 2.3 2.2 2 1.8 1.6 1.4 1.2 1 0.9 0.7 0.5 0.4 0.2 0 -0.1 -0.3 -0.5 -0.8 -1.1 -1.4 -1.5 -1.5 -1.5 -1.5 -1.5 -1.5 -1.5 -1.5 -1.5 -1.5 -1.5 -1.5 -1.5 -1.5 -1.5 -1.5 -1.5 -1.5 -1.5 1 5.6 13.4 16.1 17.1 19.8 25.1
74.8 72.9 72.6 70.7 65.4 63.1 64.4 62.4 60.7 59.1 53.9 52.2 49.4 45.9 42.1 39.4 37.5 36.1 35.1 34.9 34.1 33.1 32.5 32.5 31.5 30.6 32.5 26.6 21.2 15.3 11.5 9.4 5.7 2.3 2.3 2.2 1.9 1.7 1.5 1.4 1.2 1.1 0.9 0.7 0.5 0.4 0.2 0.1 -0.1 -0.4 -0.7 -1 -1.3 -1.5 -1.5 -1.5 -1.5 -1.5 -1.5 -1.5 -1.5 -1.5 -1.5 -1.5 -1.5 -1.5 -1.5 -1.5 -1.5 -1.5 -1.5 -1.5 -1.5 1.6 9.4 13.3 14.2 17.1 23.8
83.6 80.4 78.1 76.8 72 66.6 69.3 67.9 65.8 63.3 59.3 58.3 56.7 52.5 48.4 45.6 42.3 40 36.5 35.6 36 35.5 34.1 32.8 31.3 30.1 28.3 25.3 23.6 19.2 16.4 12 8.3 2.3 2.3 2.3 2.1 1.9 1.7 1.6 1.4 1.2 1.1 0.9 0.7 0.6 0.4 0.2 -0.1 -0.4 -0.7 -1 -1.3 -1.5 -1.5 -1.5 -1.5 -1.5 -1.5 -1.5 -1.5 -1.5 -1.5 -1.5 -1.5 -1.5 -1.5 -1.5 -1.5 -1.5 -1.5 -1.5 -1.5 -1.5 7.3 12.6 12.6 16 21.8
89.3 86.7 85.1 82.4 76.4 71.7 74.6 72.2 70.7 67.7 65 63.1 61.2 57.6 54.8 52.5 49.3 46.6 43.9 41.1 39.3 38.1 37.3 35.4 33.7 31.6 29.1 27.3 23.9 21.9 18.9 16.7 13.7 10.5 6.4 2.3 2.2 2.1 1.9 1.7 1.6 1.4 1.2 1.1 0.9 0.7 0.6 0.3 0 -0.3 -0.6 -0.9 -1.2 -1.5 -1.5 -1.5 -1.5 -1.5 -1.5 -1.5 -1.5 -1.5 -1.5 -1.5 -1.5 -1.5 -1.5 -1.5 -1.5 -1.5 -1.5 -1.5 -1.5 -1.5 3 11.1 12.8 15.9 21.4
93.8 91.8 90.6 88.7 80.4 79.2 80.7 77.7 75.6 72.5 71.5 68.9 66.9 63.4 61.3 59.2 55.8 53.3 50.1 47.7 46.6 44.1 42.1 40.8 41.3 39.4 34.6 31.2 28.1 25.5 23.9 20.9 18.1 15 10.7 7 2.3 2.2 2.1 1.9 1.7 1.6 1.4 1.2 1.1 0.9 0.7 0.4 0.1 -0.2 -0.5 -0.8 -1.1 -1.4 -1.5 -1.5 -1.5 -1.5 -1.5 -1.5 -1.5 -1.5 -1.5 -1.5 -1.5 -1.5 -1.5 -1.5 -1.5 -1.5 -1.5 -1.5 -1.5 -1.5 -1.5 2.2 10.1 15.7 21
96.9 95.8 94.4 91.5 84.2 86.8 86.1 83.4 81 79 77.5 75.3 72.3 69.6 67.4 64.6 62.5 60 57.9 55.8 54.2 51.2 50.1 47.9 45.7 46.4 41.3 37.1 34.6 35.1 29.4 26.2 23 18.9 15.1 11.6 7.5 2.3 2.2 2.1 1.9 1.7 1.6 1.4 1.2 1 0.7 0.4 0.1 -0.2 -0.5 -0.8 -1.1 -1.4 -1.5 -1.5 -1.5 -1.5 -1.5 -1.5 -1.5 -1.5 -1.5 -1.5 -1.5 -1.5 -1.5 -1.5 -1.5 -1.5 -1.5 -1.5 -1.5 -1.5 -1.5 0.3 2.3 12 19.8
99.7 98.1 94.9 92 92.8 92.8 91 88.2 86.7 84.4 82.3 80.4 78.3 75.6 73.1 71 69.1 66 64 61.7 60 57.3 55.4 53.8 51.8 52.5 46.4 44 43.1 45 39.9 38.3 27.7 21.3 17.5 14.6 12.4 8.9 4.6 2.2 2.1 1.9 1.7 1.6 1.4 1.1 0.8 0.5 0.2 -0.1 -0.4 -0.7 -1 -1.3 -1.5 -1.5 -1.5 -1.5 -1.5 -1.5 -1.5 -1.5 -1.5 -1.5 -1.5 -1.5 -1.5 -1.5 -1.5 -1.5 -1.5 -1.5 -1.5 -1.5 -1.5 -1.5 0.6 7.4 16.5
102.8 100.3 99.2 98.3 97.1 95.9 94.3 92.9 91.1 88.9 86.6 84.4 82.4 80.5 78.2 76.5 75.3 73.4 71.2 68.9 66.3 63 61.5 60.3 58.1 53.6 48.2 51.1 50.6 51.7 49.6 34.4 22.6 17.2 15.4 15.4 14.4 15.3 11.7 4.9 2.2 2.1 1.9 1.8 1.5 1.2 0.9 0.6 0.3 0 -0.3 -0.6 -0.8 -1 -1.2 -1.1 -0.9 -1 -1.1 -1.2 -1.5 -1.5 -1.5 -1.5 -1.5 -1.5 -1.5 -1.5 -1.5 -1.5 -1.5 -1.5 -1.5 -1.5 -1.5 -1.5 -1.5 2.7 10.6
107.2 104 103.9 102.3 100.6 99.3 97.9 96.5 94.2 93 91.2 89.3 87.3 84.9 82.8 81.3 79.9 78.5 77.6 75.8 72.5 70.7 68.8 66.2 63.4 57.5 57.8 59 58.6 57.4 53 22.3 16.2 15.9 15.5 17.3 22.6 22.8 18.8 12.6 5.9 2.2 2.1 1.9 1.6 1.2 1 0.8 0.5 0.3 0 -0.2 -0.4 -0.6 -0.7 -0.6 -0.5 -0.5 -0.6 -0.7 -0.7 -1 -1.3 -1.5 -1.5 -1.5 -1.5 -1.5 -1.5 -1.5 -1.5 -1.5 -1.5 -1.5 -1.5 -1.5 -1.5 -1.5 2.2
111.6 110.2 108.4 107 105.1 103 101.4 99.6 97.8 96.1 94.3 92.8 90.9 89.5 87.2 85.7 83.8 82.3 81 79.5 78.1 76.5 74.6 71.7 67.8 63.6 64.1 63.5 63.2 62.2 45.8 19.3 15.9 15.7 17.9 30 34.8 31.1 25.9 19.5 14.9 7 2.3 2 1.8 1.5 1.3 1.1 0.9 0.7 0.5 0.3 0 -0.2 -0.3 -0.2 -0.1 0 -0.1 -0.2 -0.2 -0.4 -0.7 -1 -1.5 -1.5 -1.5 -1 -1.5 -1.5 -1.5 -1.5 -1.5 -1.5 -1.5 -1.5 -1.5 -1.5 -1.5
115.3 113.7 112.3 110.9 109.3 107.7 105.9 104 102.1 100.3 98.2 96.1 94.1 92 90.5 88.8 87.4 86.1 84.6 83 81.8 80.3 78.5 75.6 70.8 69.2 69.3 67.8 66.9 67.5 49.1 16.9 15.8 16.8 34.8 49.5 43.6 38.6 34.8 27.5 21.8 18.4 14.4 3.9 2.1 1.9 1.7 1.5 1.3 1.1 0.9 0.7 0.4 0.2 0.1 0.1 0.3 0.5 0.4 0.4 0.4 0.1 -0.2 -0.4 -0.4 -0.3 -0.2 -0.2 -1 -1.5 -1.5 -1.5 -1.5 -1.5 -1.5 -1.5 -1.5 -1.5 -1.5
119.8 118.4 116.7 114.5 112.9 111.5 109.8 108.5 106.5 104.4 102.2 100.3 98 95.8 93.8 92 90.7 89.2 87.7 86.5 85 83.4 81.7 78.8 73.2 75.6 74 70.3 68.9 72.5 55 33.9 20.2 21.1 41.5 50.3 46.1 45.8 41.1 37.5 33.4 28.9 18.6 19.1 10.4 2.8 2.1 1.9 1.7 1.5 1.3 1.1 0.8 0.6 0.6 0.5 0.7 0.9 0.9 0.9 1 0.7 0.5 0.4 0.4 0.5 0.6 0.6 -0.1 -1.5 -1.5 -1.5 -1.5 -1.5 -1.5 -1.5 -1.5 -1.5 -1.5
126.9 125.1 123 120.9 118.7 115.2 113.9 112.3 110.5 108.6 106.4 104.2 101.3 99 97 95.1 93.8 92.3 90.4 88.8 87.7 86.5 83.6 76.3 79.8 79.4 76.9 75.3 71.9 71.9 63.6 49 43.3 45.5 51.1 54.2 54.7 50.6 46.4 42.3 40.6 34.9 29.8 29.6 23.7 17.5 10.9 3.7 2.1 2 1.7 1.5 1.2 1.1 1 1 1.1 1.3 1.4 1.4 1.5 1.3 1.1 1.1 1.1 1.3 1.4 1.4 0.9 -0.5 -1.5 -1.5 -1.5 -1.5 -1.5 -1.5 -1.5 -1.5 -1.5
136.8 133.6 131.2 129.6 126.9 123.1 119.9 116 114.4 112.6 110.5 108 105.2 102.5 100.1 98.3 96.8 95.2 93.2 91.9 91.3 90 84.1 81.7 84.9 84.6 82.4 79.1 76.5 73.8 71.9 70.7 61.2 60 59.8 59.9 57.9 54.8 50.9 47 42.5 39 38 33.7 31.1 24.8 17.3 15 12.7 3.6 2.1 1.8 1.6 1.5 1.5 1.4 1.5 1.7 1.9 1.9 2.1 1.9 1.8 1.8 1.9 2.1 2.2 2.2 1.8 0.4 -0.9 -1.5 -1.5 -1.5 -1.5 -1.5 -1.5 -1.5 -1.5
146.2 145.7 142.2 138.7 135.6 131.5 128.3 124.2 120.3 117.1 114.5 111.8 109.2 106.7 104.2 101.8 99.7 98 96.1 95.1 94.9 92.9 87 87.3 89.5 89 86.4 83.7 80.8 78.2 76.3 73.8 70.1 67.4 65.2 61.9 58.7 56.6 52.9 49.7 46.3 40.9 39.3 36.7 33.3 29 22.3 21.9 18.9 15.2 6.1 2.2 2 2 1.9 1.9 1.8 2 2.3 2.8 3 3.1 3.3 3.4 3.1 2.3 2.3 2.2 2.3 -1.5 -1.5 -1.5 -0.2 -0.5 -0.9 -1.5 -1.5 -1.5 -1.5
