public/OST50/NH69.asc
ncols 200
nrows 200
xllcorner 260000
yllcorner 890000
cellsize 50
[rows 105 to 139 of 200, columns 78 to 155 of 200]
176.3 174.7 172.9 172.1 171.2 171.1 172.6 175.5 179.2 184.2 190.7 197.5 203.8 209.7 213.7 217.3 221 223.3 224.6 225.3 225.6 225.8 225.8 226 226.2 225.9 225 223.9 222.5 220.5 218.4 216.8 215.5 214.6 214 213.8 214.1 215.4 216.7 218.1 219.6 222.1 225.2 230.4 239.2 247.9 253.6 266.5 282.9 296.6 304.6 312.3 309.4 298.5 289.9 278.7 252.3 239.2 230.8 217.6 206.2 191.7 172.4 154.4 144.2 141.2 140.9 136.6 140.2 147.8 156.2 163.7 171.6 180.3 191.1 197 198.9 200
176.8 174.3 172.1 171.4 170.7 170.4 170.7 173.5 178 184.2 191.4 199.2 205.7 214 219 222.7 226.3 230.6 233 234.6 235.1 235.5 235.4 234.5 233.6 232.1 230.8 229 227.6 224.8 222.8 220.9 219 218.2 217.3 217.7 219.3 221.9 224.9 225.7 224.8 226.3 228.3 231.6 240.8 249.3 256 268.8 283.3 296.1 305.6 314.3 312.1 297.1 284 257 238.2 227.5 220.5 212.5 201.4 190 173.3 156.7 146.7 141.3 140 141 136.3 143.1 149.8 157.5 164.3 172.1 179.5 187 193.3 196.1
175.4 172.8 171.7 170.8 170.2 170.4 170.5 173.9 176.5 183.9 191.9 200.9 208.6 217.1 224.2 228.2 232.5 237.2 240.6 243.8 244.8 245.9 246.2 245.6 243.5 241 237.7 234.8 233.3 230.5 227.2 225.2 223.2 222.6 222.3 223 224.9 226.1 227.3 230.6 233.2 234.4 234.4 235.5 239.5 247.7 256 270 278.9 283.3 293.5 303.9 301.7 282.6 267.2 245.8 227.4 217.9 210.3 204 194.7 185.9 173.2 159.3 146.8 141.3 138.9 138.4 133.3 136.8 141.9 148.9 156.1 162.2 168.1 174.4 180.8 187.4
174.1 172 171 170.1 169.3 170.8 171.3 172.3 176.8 184.3 192.8 201.8 210.2 219.5 229 234.4 239 243.6 246.8 250 253.2 255.3 257 256.6 255.5 252.7 248.4 244.4 242.2 238.2 234.8 231.2 228.6 228.3 227.9 228.8 229.8 229.8 229.8 233.5 236.8 240 243.1 242.6 242.3 244.7 249.1 259.8 266.2 272.7 277.6 286.5 285.9 273.8 258.8 239.3 219.8 206.8 199.8 193.7 186.4 184.5 171.7 158.7 147.8 141 137.6 135.4 133.4 133.2 136.4 140.2 147.4 153.5 158.6 162.9 168.3 175.8
173.2 171.9 170.3 168.2 167.8 170.4 169.7 171.8 176.7 183.8 193.6 202.5 211.2 220.6 231.2 240.7 246 249 252.1 254.1 258.3 262.5 263.7 264 264.1 263 260.1 255.8 250.8 246.9 243.2 239.4 236.3 237.5 239.7 241.1 240.5 238.7 239.6 242.4 246.1 249.8 252.6 251.1 249.2 249.6 250.9 254.2 260.5 267.9 271.8 274 273.9 265.4 252.3 238.1 223.4 214.5 200.4 191 181.2 174.1 165.5 158.3 149.3 141.4 136.9 135 132.8 131 133.1 135.4 139.3 144.6 149.9 154.6 159.3 164.6
172.3 171 168.7 166.8 166.9 168 169.4 172.1 177.7 184.2 193.4 202.4 210.9 219.9 230.5 239.9 248.3 254.2 256.1 257.2 259.1 261.9 264.7 266.1 267.4 267 265.6 263.8 260.8 257.3 252.9 248.6 245.4 245.7 248.7 251.2 251.8 251.3 251.1 253 255.4 256.8 258 259 257.5 257.8 256.8 261.9 266.5 272.8 276.8 279.2 279.9 275.2 267.1 257.2 246.3 235.4 219.5 202.2 190.5 176.9 165.5 157 151.2 141.9 136.5 135.4 133.3 131.5 130.4 131.2 134.2 137.5 141.8 146.8 151.6 155.2
171.8 169.2 167.3 166.1 166.6 167.9 168.2 171.2 177 184.7 193.1 201.9 209.7 217.4 227.8 236.6 244.3 252.9 257.1 258.6 259.2 260.7 262.2 265 266.9 268.1 267.7 266.9 266.4 264.8 262.2 258.6 254.6 251.5 254.2 258.3 261.2 261.5 261.3 262.5 265.2 266.1 265.6 265.8 263.1 263.9 264.1 269.5 275.5 279.9 284.1 287.5 288.3 286.9 283.2 276.7 267.7 259.1 243.4 222.8 203.6 185.8 171.2 158.1 148.3 143.2 137.5 135.3 133.2 132.6 131.5 130.3 132.7 133.3 136.4 139.9 142.8 144.9
170.2 168.2 166.9 165.6 165.8 165.5 166.7 171 177 183.8 192.2 200.9 209.2 215.4 225 233.6 241.3 247.9 253.6 257.6 259.6 261.2 262.9 264.6 267.9 272.6 272.1 271.3 270.5 269.5 267.9 265.6 263.1 260.4 259.1 261 264.2 267.7 270.2 272.5 277.3 282.1 287.1 285.6 279 272.7 274.1 277.5 282.7 287.3 291.7 295.2 296.3 295.3 290.5 284.7 277.2 267.6 254.9 240.9 222.1 200.8 178.2 161.8 150.8 143.2 139.1 136.1 133.7 132.8 131.3 129.5 130.3 131.4 132.7 134.1 136.5 138.1
170 167.5 166.2 164.8 162.7 164.5 169.8 174.8 180.3 187.1 194.7 199.7 206.9 214.1 220.8 229.3 237.7 243.4 248.2 253.2 259.4 265.2 272.3 273.4 272.6 278.3 280.6 280.6 279.5 277.5 275 272.3 270 268.5 267.8 267.6 268.2 271.1 274.8 284.1 293.5 299.5 302.2 304 297.5 288.3 290.9 294.9 295.5 298.7 299.8 299.4 299.8 298.4 295 289.8 283.8 274 263.3 250.2 233.7 208 188 171.5 156.9 145.2 140.4 137 135.2 132.8 131.6 130.4 129 129.8 130.3 130.8 131.5 132.8
169.4 165.5 163.8 161.7 162.5 167.4 171.7 179.4 184.9 192.7 199.1 204.2 208.6 213.3 218.5 224.5 231.4 237.4 242.2 247.1 253 261.4 269.9 276.4 277 279.7 288.7 291.6 288.1 285.5 283.6 281.5 279.3 279.7 279.5 278.3 278.9 280.8 286.1 298.9 309.7 315.9 316.3 314 310.1 304.2 303.9 304.6 306.5 311.1 315.4 313.4 310.4 305.9 298.3 292.5 285.3 277.3 266.2 253.6 237.6 216.5 199.7 181.4 167.3 152.6 144.2 139.4 136.4 133.6 132.4 132.1 129.5 127.8 128.6 129 128.9 129.7
166.4 163.3 159.1 158.5 165.3 171.3 177.9 185 193.6 199.8 205 209.3 213.5 215.4 219.1 223.5 227.7 231.2 236.7 242.4 248.6 255.7 261.7 268.4 274.9 279.8 287.4 291.5 293.6 293.7 290.8 287.6 285.7 287.2 288.6 290.4 297 302.8 304.4 312.1 324.4 332.3 332.7 330.2 328.5 325.6 323.4 314.8 316.5 321 330.6 325.5 318.8 313.5 312.3 308.4 294.6 283.1 269.5 251.8 235.2 222.3 208 192.6 180.5 167.7 154.9 144.6 139.3 136 134.2 132.3 130.9 129.7 127.6 127.9 127.1 126.5
164.9 160.4 156.7 159.7 167.9 178.2 188.1 194.5 201.6 208.4 213.8 217 219.8 221.8 223.7 224.7 226.5 228.9 233.4 239.1 243.5 249.9 256.2 263 271.5 279.3 285.7 290.9 294.4 296.4 298.5 297.7 297.1 296.5 299.2 303.5 310 315.4 320.5 322.6 329.5 338.8 341.4 342 342.2 337.2 327.7 317.2 318.6 325.9 330.8 326.8 316.1 315.1 315.1 313.4 304.3 291.4 277.1 258.6 237.8 225.9 214 201.2 188.4 177.2 169.4 159 148.5 140.9 136.6 134.9 132.6 130.8 129.9 127 127.3 127.6
160.6 158.1 154.4 161 171 182.5 192.6 200.2 207.1 214 218.7 224.1 228.7 230.8 232.9 235.2 235.1 232.2 232.1 237.3 243.7 246.7 252.3 258.4 269.9 281.7 290.4 296.4 301.2 308.5 313.2 318.9 319.7 311.8 307.6 313.7 316.2 317.3 325.2 331 336.8 341.7 342.9 341.4 336.8 329 314.1 306.2 311.1 323 325 320.8 308.6 312.4 310.4 312.3 305.2 293.1 274.5 258.6 243.4 228 215.8 201.5 190.6 179.6 171.8 163.5 154.7 148 141.7 138 135.3 133 131.9 130.4 129.5 128.8
156.1 151.8 155.5 162.4 176.2 187.9 196.4 204.6 212 219.7 226.3 231.2 235.2 239.2 243.5 245.7 245.6 242.3 238.3 236.5 237.5 241.6 248.4 257.9 265.7 276.6 287.1 294.8 306.9 319 325.1 328.8 329 326.3 318.5 317.1 317.7 319.4 327.5 333 337.4 344.5 343.8 340.8 334.4 322.4 304.6 298.3 304 309.8 311.8 306.1 299 294 292.2 299.3 297.1 280 270.3 260.6 247.6 230.8 215.5 202 187.5 177.2 168 163.1 157.5 154.9 150 142.8 138.2 135.5 133.8 132.4 131.3 130.3
149.3 152.8 157.7 165.4 179.8 191 199.9 207.7 215.5 224.9 232 236.9 241.5 245.9 247 251.3 250.9 249 245.4 241.2 239.5 239.5 243.1 252.5 263.5 274.3 285.2 297.5 313.1 326.9 336.5 340.3 338.2 334.8 327.3 325.4 328.5 330.8 330.5 327.6 325.4 330.2 333.9 333.3 329.9 311.9 296.9 290 294.7 296.9 295.5 292.5 286 277.5 269.7 269.1 271.6 266 259.5 251.4 241.6 230.6 215.5 200.7 188.9 175.9 166.8 161.5 156.1 155.8 156.3 145.8 142.7 139 136.3 134.6 133.2 132.2
149.7 154.5 162.2 173.5 182.6 192.4 201.5 209.7 218.6 227.4 234.1 239.1 243.2 246.2 251 251.2 251.5 251.6 250 245.9 242.9 241.9 242.9 250.4 260.2 274.6 285 295.7 311 326.8 336.7 343.3 344.8 342.2 338.4 335.3 333.2 330.2 327.9 325.2 319.7 314.7 316.5 314.9 311.7 297.8 286.5 278 281 279.3 275.6 271.8 266.5 260.8 252.9 248.4 247.5 244.6 241.8 237.1 230.4 223 212 201.4 189.7 175.9 167.2 159.8 153.3 149.3 148.1 145.4 147.1 144.1 139.8 135.8 133 131.6
150.8 159.4 170.4 180.5 187.5 194.6 202.7 210.7 219.7 229.1 236.5 241.9 245.7 248.3 249.3 251 251.1 249.9 250 248.6 247.1 245.5 245.8 251 257.3 268.9 282 292 301.4 313.7 327.4 337.9 342.8 345.4 343.1 338.3 332.7 327 323.5 320.9 316.2 310.4 305.5 299.3 289 277.7 274.4 272.5 269.8 265.9 260.5 256 250.8 247 241.1 237.5 235.4 229.8 225.5 222 218.1 213 207.5 202.9 192.9 180.3 166.1 159.6 152 148.3 146.1 144.6 143.8 144.1 139.2 139.2 139.3 140.2
152.9 165.1 174.6 182.9 191.2 198.5 205.7 213.2 221.9 231.4 239.7 246.6 252.2 255 254.8 253.6 251.3 249.4 249.9 249.3 247.8 248.5 249.6 252.9 256.5 262.5 271 280.7 291.3 298.8 307.4 314.3 319.6 332.9 336.3 330.9 317.9 309.3 300.6 299.2 294.7 290.6 282.9 278.1 270.3 268.4 273.4 270.2 265.9 260.5 252.3 248.8 243.6 239.9 233.3 227.2 223.7 219.2 215.1 212.1 207.8 202.6 204.8 203.2 195.9 187 175 165.6 157 149.3 146.4 144.2 142.8 140.2 139.8 141.5 143.6 144.4
150.9 163.4 174.9 183.9 192 200.6 208.6 217.5 227.2 235.5 242.9 250.4 256.8 261 261 258.5 255.2 251.7 250.7 249.5 248.9 250.5 253 255.5 259.4 263 267 271.5 279.3 287.7 292.7 292.7 293 298.6 301.9 287 278.9 275 272.3 273.5 270.4 260.8 253.3 248.7 251 257.9 263.1 263.5 261.4 256.6 248.5 241.3 241.1 237.2 230.7 224.3 218.3 212.7 208 204.7 200.5 197 201.2 203 199.8 190.3 180.1 170.8 163.5 155.7 149 146.1 144.2 143.7 143.1 142.3 142.8 142.8
150.8 161 173.1 183.3 192.5 200.9 210.4 220.5 230.5 239.2 246.6 253.9 260.1 263.5 264.4 263.8 261 255.5 252.1 251.1 250.4 252 254.5 257.8 262.2 265.2 269.7 269.9 266.7 271.7 277.7 279.4 275.9 272.4 260.8 253.2 248.3 248.7 249.8 250.3 243.9 236.4 228.5 227.5 228 239.1 244.1 247.3 247.5 245.4 240.8 236.3 237.3 234.4 228 221.9 215.4 209.5 204.7 200 195.5 192.8 195.5 198.7 198.3 191.1 186.7 179.2 166.8 153.8 151.6 148.4 147.5 146.2 144.9 143.9 143.5 143.2
149.2 156.8 170.5 181.5 190.3 199.4 210 222.3 232.5 240.5 247.2 254.1 260.9 264.2 264.7 263.9 262.6 260.5 256.8 253.3 252 253.8 255.6 259.3 264.4 267 269.9 268.7 264.2 258 250.3 249.6 247.6 244.1 237.7 231 231.3 231.8 229.6 227.5 227.5 227.5 227.5 227.5 227.5 227.5 228.4 231.6 234.9 234.8 232.8 229.2 229.8 227.9 223.4 216.4 211.8 207.5 203.4 199.5 195 192.4 189.6 191.1 190.2 188.4 187.8 183.3 168.2 164 155.9 153.8 149.2 148.1 146.3 144.9 144.4 144
145.4 154.6 164.9 176.4 186.9 195.9 204.1 214.2 230 240 244.8 250.2 256 259.8 262.5 263.3 261.7 259.3 257.3 255.2 252.8 253.3 256.7 260.5 262.7 264.1 265.9 263.9 261.9 256.2 247.6 238.8 231.3 227.5 227.5 227.5 227.5 227.5 227.5 227.5 227.5 227.5 231.4 232.1 230.4 229.4 230.6 230.1 228.4 225.9 223.2 221.1 218.6 215.8 212.5 208.8 206.4 203.6 200.8 198.1 194.9 191.5 188 184.1 181.8 180.7 178.2 180.1 181 178.7 172 160.6 155.7 152.7 149.1 146.8 145.7 145.5
144.2 152.3 161.9 172.7 183.4 191.4 198.7 205.4 214 227.8 238.5 245.3 250.3 254.7 258.1 258.9 258.9 258.2 256 253.8 252.3 251.5 257.7 262.5 263.8 264.8 264.1 261.8 258.1 253 245.7 236.5 227.5 227.5 227.5 227.5 227.5 227.5 227.5 228 229.7 233.9 235.7 236.3 236.8 239.2 240.5 241.3 239.4 236.2 232.7 228.2 222.4 217 210.9 204.8 200.1 197.3 195.1 192.9 190.3 190.2 186.5 185.8 184.6 183.9 183.7 183.4 183.3 180 172.2 162.1 171.9 163 154.5 151.2 148 147.6
143.4 149.8 162.2 174.4 182.7 190.4 197.3 203.8 209.6 215 221.9 229.2 238.1 245.4 252.4 254.6 254.5 254.8 253.9 253.6 251.2 249 251.8 261.8 264.5 267 268.2 262.8 259.1 252.6 244.2 233.7 227.5 227.5 227.5 227.5 227.5 231.3 235.2 237.5 239.8 242.3 244.4 244.4 244.5 246 248.8 250.4 250.4 250.2 247.9 245.4 241.8 238.4 234 228.3 220.3 212.1 205.3 200.4 198.9 197.1 195.5 193 193.3 193.4 190.1 187.9 186.1 179.5 179.7 178.8 177.3 171.3 165.4 160.6 156.5 153.5
143.7 150.4 162.6 174.3 182.3 191 199.5 205.5 210.4 214.7 219.3 224.3 226.7 229.2 233.3 241.9 245.9 246.8 246.1 249.3 249.3 246.7 246.2 252.4 258.4 260.6 263.2 265.2 260.4 252.5 239.3 229.4 227.5 227.5 227.5 227.5 227.5 236 241.9 244.3 246.5 249 251 251.8 252.5 253.3 256 258.6 260 260.5 259.7 258.9 257.3 255 251.5 247.4 241.8 234.6 227.5 221.3 217 211.9 208.6 205.7 204.9 203.1 202.2 201 197.2 192 194.2 192.9 191.9 188 182.6 178.9 172.9 167.1
142.7 148.9 159.4 169.6 179.5 188.6 197.1 205.4 211.8 215.3 217.7 221 223.5 224.5 224.7 225.3 225.2 228.7 232.5 235.4 237.7 238.9 240.1 245.3 250.7 251.5 252.3 252.3 249.7 243.6 233.9 227.5 227.5 227.5 227.5 227.5 231.4 238.1 245.9 251 254 257 257.5 258.6 258.8 260.3 263 266.3 268.5 268.9 268.5 267.6 267.5 266.3 264.2 260.6 256.1 251.2 246.3 239.6 234 228.6 224.6 220.4 218.2 217.7 216.3 214.7 211.2 206 203.5 200.7 201.9 201 201.5 199.1 193.4 186.6
141 145.9 156.2 165.5 174.4 183.5 192.2 200.7 208.2 213.2 217.1 219.6 221.3 223.1 224.3 224.8 225 224.6 224.7 225.4 227.1 228.7 231.8 235 237.6 238 237.2 238 235.9 233.5 232 231.6 233 234.7 234.4 234.8 237.6 242.7 247.6 254.3 259 262.6 264.5 265.4 265.8 266.8 270.1 272.6 273.5 273.5 274.1 274.6 274 273.6 272.4 270 267 263.3 258.6 253.9 248.9 244.5 240.1 235.3 231.8 232.6 232.6 229.9 222.7 219.5 215.6 213 211.3 210.1 208.2 207.2 204.6 202.2
140.9 146.8 154.2 163.8 172.3 179.7 186.9 194.8 204.4 211.2 216.7 220.3 222.4 224.6 225.2 226.1 226.6 226.4 225.6 225.7 226.7 228.5 230.3 232.4 234.5 235.9 235.6 235 234.7 234.7 236.3 239.2 241.5 242.3 243.8 246.4 249.9 253.4 258.5 263.8 267.9 270.2 272.4 272.7 270.6 270.8 272.8 275 275.7 276.2 276.1 276.9 277.2 277.6 278.2 278.2 276.7 273.2 269.5 265 260.7 257.1 252.6 247.9 244.2 242.3 240.7 238.4 230.2 230.5 227.5 224.3 220.8 216.5 213.4 212 210.1 208.3
142.9 148.2 152.2 159.6 169 178 186.1 194.8 202.5 209.9 217.1 222.2 225.7 227 228.4 234.4 237.8 235.4 233.3 232.5 231 231 232.7 235.1 236.7 238 240.1 242.9 247.2 245.7 244 244.1 246.5 248.1 250.2 254.8 259.3 263.4 269.4 274.4 278.4 281.1 281 279.3 277.3 274.1 273.8 274.2 275.1 275.4 276.3 277.4 277.8 278.3 278.7 279.1 279.3 279.2 278.2 273.7 269.4 265.6 262.6 259 254.2 250.2 245.9 242.1 241 238.2 234.4 231.3 229.4 226.8 223.3 218.9 218.1 213.7
143 146.9 154.1 160.2 167.6 176.5 185.8 194.7 201.8 208.5 214.9 221.9 228.6 231.2 231.4 237.9 245.2 246.6 243 237.7 235.7 239.3 243.4 245.7 247.7 246.6 247 250.8 253.8 255.3 255.6 254.4 253.6 254.9 257.7 263 266.1 271.4 276.7 281.6 284.1 285.3 285.6 284.8 282.7 278.9 275.7 274.1 274 273.3 274.3 276.7 277.7 278.3 279 279 279 278.9 277.8 276.2 274.6 271.7 267.8 265.6 261.4 257.8 252 244.4 247.9 244.3 240.1 236.2 234 232.5 229 223.9 220.6 217.1
142.7 146.5 153.2 159 165.6 174.6 184.6 193.1 199.7 206.3 212.4 217.6 222.7 228.1 229.9 234.9 239.6 243 244.1 241.9 241.3 247.5 251 252 256.9 259.4 257.2 253.1 252.9 253.6 253.9 254.8 258 259.6 262.6 266.5 270.7 275 279.4 283.4 285.6 287.1 287.6 286.4 283.8 281 277.9 274.6 273.7 272.7 272.5 273.2 275.9 278 279.4 279.2 278.7 278.5 276.5 273.9 270.8 267.9 265.9 265 263.2 262 259 255.8 252.6 248.8 244.8 240.7 237.4 234.8 232.1 228.4 224.7 220.6
141.3 146.1 154.2 158.2 165.4 173.7 182.7 190.7 197.5 203.9 208.9 213.1 217.1 220.9 225 228.6 232.5 234.7 236.3 238.5 243.3 246.8 251.9 254.2 257.5 260 261.3 260.1 258.3 256.6 255.3 252.7 253 256.4 259.9 266.5 272.1 277.4 284 289.6 290.3 291.5 291.8 290.6 287.8 284.1 280.1 276 273.6 272.5 271.4 271.5 272.6 275.8 278.9 279.9 279.5 277.8 274.3 271.3 269 267.8 268.6 266.9 265.7 265.4 264.9 263 260.3 256.8 252.6 252.7 249.7 243.1 236.9 233 230.6 226.4
141.3 146.4 152.9 158.9 166.6 173.2 180.1 187.6 194.3 200.2 204.7 208.6 212.1 215.7 219 222.5 226.6 229.8 232.8 239 246.1 254.2 257.6 256.6 260.4 260.5 259.9 259.4 258.5 254.8 250.1 247.8 249.8 254.2 262.1 270.5 278.1 285.5 290.9 292.7 293.3 293.7 293.5 293.2 291.3 286.7 282.3 277.9 273.8 272.4 271.2 270.4 270.7 271.1 273 274.6 275.3 273.3 270.7 269.6 270.7 273.9 275.7 275.6 277.3 277.3 274.7 273.2 273 269.8 266.7 262.3 260.2 254.2 245.1 236.3 236 233.3
142.1 147.5 153.3 159.3 166.6 172.4 178.8 184.7 191 196.1 200.4 204.7 208.5 212.2 215.2 218.3 221 227 232.5 237.5 243.7 247.1 251 255.1 257.9 259.3 259.5 256.7 251 245.1 240.2 241.9 246.2 251.8 258.7 268.3 276 284.6 291.5 296 297.5 296.9 295.5 293.7 290.9 288 284.1 279.6 274.8 272.5 271.1 270.3 269.1 267.5 267.4 267.4 267.4 267.4 271.4 276.1 281.4 281.2 279.8 279.3 281.4 281.5 280.4 278.5 277.5 276.2 271.9 268.5 264.1 258.8 251.8 241.8 235.4 233
141.3 146.4 153.2 159.7 165.7 171.6 177.4 183.2 188.2 192.8 197 201.3 205 208.8 212.4 215 216.1 218.1 222.4 228.6 233.8 237.5 240.8 244.8 249.2 251.3 251.2 248.2 242.9 237.7 238 240.6 251.3 259.2 268.6 273.5 281.5 285.9 291.2 297.1 298.9 299.9 298.7 295.3 291.6 287 284.1 279.5 275.3 272.9 271.4 270.8 269.1 267.6 267.4 268.9 270.9 272.3 278.7 281.3 284.4 284.6 283.3 280.9 282.4 281.3 280.8 280.2 279.5 279 275.7 270.6 265.8 259.3 251.1 243.6 236.1 231.6
