public/OST50/NH69.asc
ncols 200
nrows 200
xllcorner 260000
yllcorner 890000
cellsize 50
[rows 140 to 174 of 200, columns 78 to 155 of 200]
139.8 142.5 145.6 155.1 161.2 168.5 172.4 180 185.9 190 194.1 198.1 201.9 205.2 208.9 211.6 213.2 214.9 217.1 219.2 222.9 227.9 231.5 234.7 237.1 239.2 240.2 238.3 235.6 235.7 238.3 248.3 260.3 270.9 281.6 288.8 294.9 297.6 297.6 300.2 303 307 303.5 298.6 294 289 286.3 282.3 277.1 273.9 273.4 273.2 275.3 274.6 272.5 274.6 277.2 279.7 281 282.3 283.3 284 282.7 280.9 279.5 279.4 284.8 282.5 279.3 278.7 276.2 271.4 265.3 257.2 248.8 241.2 234.6 227.8
136.2 144 150.9 159.2 166.5 170.5 176.3 181.5 184.7 187.8 192.8 195.2 199.9 202.6 205.5 208 210.3 212.2 214.9 216.4 218.1 220.4 221.9 224.1 226.7 228.9 231.2 231.5 233.4 236.1 247.6 260.8 275.1 282.4 291.6 301.5 308 310.2 307.9 307.1 311.1 317.4 313.4 305.6 296.3 292.8 290 286.7 281.5 277.3 276.9 278.3 282.3 283.7 280.6 279.1 284 286.7 285.9 282.7 282.6 282.9 281.4 279 276.1 275.5 282.6 286.3 280.1 277.2 274.3 271.1 264.9 256 246.2 237.7 230.7 224.2
133.6 143.2 150.3 158.9 165.9 170.9 176.8 181.9 186.5 190.7 195.3 199.9 204.6 206.6 208.3 210.1 211.7 213.9 216.1 218.1 218.2 219.3 220.8 221.3 222.6 226.4 229.7 235.5 243.1 251.8 260.7 273.8 289.5 299.5 307.3 315.7 322.3 323.4 320.5 313.5 311.2 321 318.3 310.4 303.3 297.1 293.1 289.9 285.8 281.6 280.5 283.9 289.2 293.7 294.6 291.9 288.5 286.7 286.4 283.4 279.2 276.2 273.9 272.2 271.9 271.3 272 273.3 275.3 272.6 268.3 266.5 263 256.3 245.3 234.5 227.5 220.5
134.4 141.6 147.8 156.1 162.8 169.9 175.9 181.6 186.4 192.4 197.9 203.2 207.4 210.4 212.8 215.1 218 219.2 219.4 219.3 219.9 220.8 221.3 222.8 226.9 232.8 240 248.5 257.3 267.5 276.4 284.2 294.3 305.5 315.3 324.1 331.9 334.9 334 325.1 315.3 308.9 307.9 304.4 301.7 296.2 293.7 295.9 295.9 289.7 282.9 287.9 292.3 297.6 300.5 299.8 299.2 295.8 289.3 282.6 277.2 271.5 265.4 267.1 269.4 268.5 265.6 261.5 264.7 264.2 261.3 260.9 257.3 250.8 243.4 234.1 226.3 216.8
134.9 140.6 147.5 155.3 161.8 167 174.2 180.6 187 193.4 199.6 204.9 209.6 213.2 215.6 218 220.3 222.9 224.6 224.8 224.6 225 227.6 230.9 235.5 244.8 252.6 259.6 267.4 275.9 284.1 289.9 297.4 307.3 315.7 323 329.4 331.9 336.8 331.6 318.2 308.5 305.4 301.5 298.8 301 297.1 297.3 303.4 296.1 287.2 286.8 288.8 295.4 299.9 303.1 303.9 299.3 293.2 284.3 275.2 267.2 261.8 266.5 267.6 264.4 261 257.3 256 253.8 249.2 247.5 244.8 242.6 238.4 232.1 224 215.5
133.7 139 145.5 152.9 158.7 164.9 171.8 179.6 187.1 194 200.9 206.3 211.3 214.9 218 220.3 222.6 224.7 226.5 227.8 228.7 229.8 231.4 235 241.3 249.4 256.8 263.2 269.9 277.2 284.9 291.8 297.6 304.8 312.2 319.3 322.9 321 320.8 316.8 310.3 306.2 303 299.5 298.2 298.3 298.7 292.1 299.7 296.3 287.5 284.1 286.5 291.3 297 299.7 300.6 297.5 290.5 282.6 269.7 259 257.7 259 262.9 261.1 258.3 253.2 250.1 249.1 248.3 247.6 247.3 248.5 239.7 233.4 227.1 216.3
132.5 136.3 141.6 148.7 155.2 162.6 168.9 177.4 186 193.4 200.3 207.4 212.5 216.5 220 222.6 225 227.5 229.3 230.9 233 234.3 236.2 240.6 247.1 255.2 260.8 265.3 271.3 276.4 282.1 287.5 292.3 299.8 307.7 315.7 321.4 318.6 309.3 305.9 304.3 302 299.5 298.2 297.4 296.6 295.2 290.8 289.9 290.1 285.1 281.9 284.1 290.6 292.4 296 296.6 293.2 285.3 274.9 260.4 252 251.5 250.6 256 259.6 257.5 253.3 254.3 256.8 260.4 258.5 259.9 257.3 251.3 242.6 234.3 221.7
130.1 132.3 137.9 145.6 152.4 157.2 164.2 174.2 182.8 191.3 199.5 207.1 213.4 218.9 223.1 226.6 229.1 231.4 233.1 234.8 237.1 239.7 243.2 249.3 255 258.9 264.3 270.1 274.4 277.9 282.8 288.3 291.6 298 304.9 311.2 316.1 317 310.1 306.9 305.1 302.6 299.2 298.2 297.4 295.8 293.7 290.4 286.6 282.9 281 280.5 281.7 285.9 288.7 290.9 291.4 288.5 278.9 263.9 246 241.7 238.5 239.1 247.9 255.6 261.4 267.9 268.5 266.1 266.2 271.3 269.8 264.7 259.5 250.9 241.8 229
125.3 130.6 134.3 140.7 148.4 152.2 158.1 167.8 176.9 185.4 194.6 206 213.4 218.7 225.3 230.1 233.3 235.4 236.5 238 240 242.9 246.4 253.9 259.5 262.9 265.1 270.4 275.5 278.1 285.8 291.9 294.8 296.7 302.2 307.9 311.5 314.8 316.1 316.8 314.5 309.9 303.7 298.1 295.9 294.1 291.9 289 284.5 279.9 277.9 277.9 278.3 279.8 283.6 285.3 284.6 282.2 269 251.8 232.5 230.5 230.5 230.6 243.2 259.2 265.6 268.2 269.6 269.4 271.2 274.5 276 273.3 267.5 258.6 244.6 231.1
120.3 129 131.3 136.3 141.4 147.4 154.3 161.8 169.8 178.2 186.2 196.1 207.4 216.4 223.5 228.9 232.9 236.1 238.3 240.2 241.9 244.8 247.8 252.2 258.8 262 265.1 270.3 275.5 277.2 283.8 288.5 292.7 295.4 296 301.2 309.1 316.6 322.8 325.9 325.8 320.8 313.8 304.1 297 292.4 288.5 283.3 279.6 275.9 270.3 269.3 268.9 270.6 275.4 277.6 279.3 274.4 257.1 240.1 230.5 230.5 230.5 230.5 246.6 255.3 264.7 268.6 269.7 271.4 275.5 275.8 275.9 274.6 270.3 262.6 245.6 232.5
118.1 125.7 129.2 131.6 136.2 143.9 150.6 154.7 161.1 168.3 177.5 186.8 196.8 207.3 216.3 222.5 227.1 231.5 235.1 237.9 239.9 243.9 248.4 253 256.6 261.1 263.8 267.4 271.3 273.5 279.2 283.8 286.2 285.8 286.1 295.5 309.2 318.1 322.8 325.6 326.4 322.6 319.5 313.7 306.1 296.2 287.8 278.9 273.8 268.5 264.6 261 257.5 257.3 263.2 266 269.2 264.8 249.9 235.6 230.5 230.5 237 243.6 253.3 262 270.1 272.6 272.3 274.9 277.8 277 276.8 275.2 270.9 261 245.5 233.7
115.7 124.8 128.2 127.6 132.8 138.9 144.5 150 156 162.2 171.6 179.3 188.5 197.7 206.7 214 219.5 223.8 227.5 231.4 236.2 241.6 247.6 253.7 257.9 260.4 262.7 264.7 265.6 266.9 271.4 274.3 274.1 274.4 282 293.3 306.5 315.1 320.3 324.7 328.1 326.5 324.5 320.2 315.3 306 293.4 281.7 271.7 266 261.4 254.9 250.2 250.3 252.8 256.2 257.2 250.2 244.3 234.6 230.5 235.5 240.3 244.5 254.4 265 272.4 278.4 275.5 274.7 271.5 280.6 278.4 274.6 270.5 257.8 243.3 231.7
113.3 119.8 124.9 124.2 129.3 136.3 139.4 145 150 155.5 162.9 170.5 180.1 190.3 196.6 204.3 211 215.6 222 226.9 232.1 237.1 243.4 249.3 254.1 257.8 259.1 258.6 260 260.4 260.2 261.9 264.1 270.2 280.2 294.8 306.3 315 320.7 324.7 327.1 327.5 328.1 329.3 322.6 312.5 301 287 273.1 262.8 256.4 250.2 244.5 241.3 240.3 242.1 241.2 238.8 238.4 234.4 232.6 232.7 235.2 241.3 248.7 258.3 268.7 274.5 272.3 268.6 269.2 282.7 282.7 276.6 266.2 254.5 240 227.2
110.5 114.7 118.2 120.7 126.1 131.6 134.9 139.2 145.7 149.4 155.4 162.2 171 179.1 186 193.5 201.1 210.3 218.1 224.7 233.8 237.6 243.8 250.6 253.8 256.5 256.8 256.1 257.8 256.5 256.6 258.3 261.2 266.1 282.9 295.6 306 315.3 321.9 325 326.1 325.3 326 328.7 323.8 313.4 304.2 289.9 276.7 268.8 257.7 248.1 237.9 232.1 230.9 228 226 229.9 232.6 230.6 230.6 231.5 230.8 234.3 241.1 247.2 258.5 265 266.7 261.6 269.6 278.2 278.3 273.4 264.2 248.5 233.4 221.9
110.9 114.8 116.1 115.6 121 127.7 126.8 133.1 139.2 143.8 148.6 153.5 161.5 168.9 176.7 184.8 193.6 204.6 216.2 223.8 231.8 239.8 243.2 250.4 254.6 257.1 258.1 254.3 252.7 251.6 254.8 259.2 261.1 265.2 279.8 292.9 303.9 314.8 323 325.1 323.8 323.3 324 328.2 324.1 313.5 303.5 290.4 278.4 271.1 261.9 249 236.4 227 220.8 216.2 217.7 223.9 225.3 222.1 227.5 228 227.2 229.4 235.6 241.8 248.9 253.5 258.5 259.4 267.2 270.6 269.3 265.3 257.3 242 228.2 216.3
110.7 113.6 110.6 112.3 118.8 122.8 123.4 125.6 129.7 135 141.6 147 154.5 162.4 168.5 175.7 185 193.8 205.6 217.7 227.2 238.7 248.2 254.2 256.1 258.2 258.4 256.1 251.1 249.9 254.1 261.5 268 272.6 281.6 292.3 301.3 309.2 316.7 319.9 322.2 322.9 321 320.4 320.7 313.8 306.2 292.8 279.5 270.9 261.3 244.5 231.6 221.5 212.4 206.5 213.3 216.6 217.1 215.7 220 222.6 224.5 227 234.8 241.8 244.4 247 250.1 249.4 257.9 259.9 256.9 251.5 245.1 233.4 222.5 212.3
106.3 107.5 107.9 111.9 115.3 117.2 120 123.6 123.5 128.3 133.1 138.4 146.2 154.7 160.6 166 173.8 183.1 192.9 205.1 217 228.7 240.4 250.3 256.3 260.2 260.9 258.8 254.7 248.5 253.2 261.1 272 279.6 285.5 296.8 303.5 308 312.6 321.3 329.1 327.3 324.7 316.2 310.5 307.5 301.3 293 282.3 270.9 258.7 239 230.3 219.8 209.7 203.4 205.1 208.8 208.7 207 211.4 215.8 220.7 224.2 229.7 235 238.5 240 239.5 237.2 246.2 248.8 247.6 240.9 230.9 220.1 212.3 203.9
104.2 103.4 103.8 107.6 110.8 112.9 116.5 120.1 120.4 122.7 126.9 131.1 137.5 146.4 152.7 158.9 163.8 172.4 181.8 191.9 203.1 215 226.6 237 244.7 249 250.6 252.2 249 245.9 253.7 266.9 276.3 281.6 287.3 297.2 303.3 308 312.2 321.5 332.9 332.7 326.8 317.9 305.4 296 290.7 284.8 277.5 264.8 249.2 233.8 223.7 213.9 205.8 201 200.5 200.4 199.7 197.8 201.4 207.3 214.3 220 222.1 226.2 226.5 226.5 226.4 224.8 230.8 238.7 235.1 228.3 218.7 210.9 200.3 189.4
103.1 99.3 100.6 102.7 106.6 109.1 112.4 116.3 120.2 117.6 119.2 123.2 127.4 133.6 142 150.4 156.6 162.6 170.7 179.8 190.7 202.6 213.6 223.1 229.8 235.9 240 241.5 240.4 246.5 260.4 270.7 278.9 287.4 292.7 294.1 295.7 299.5 307.2 318 329.3 330.2 325.6 317.7 307.8 294.1 287.2 278.5 269.3 259.9 242.9 225.2 218.7 208.1 202.2 198.3 197.2 195.3 194 191.7 191.9 195.1 202.4 208 211.8 213.2 214.5 215 215.1 214.7 214.3 221.1 219.8 215.3 209.9 202.7 194.2 185.3
98.4 97.5 98.6 100.2 102.7 104.5 107.7 111.1 113.3 114.1 115.4 117.8 120.5 124.4 130.4 140.2 148.7 155.1 161.8 171.1 180.2 191.5 201.8 212.9 219.8 224.6 226 224.8 240 249.1 261.5 272 275.2 280.8 290.2 294.5 294.7 291.6 299.3 308.4 315.7 315.2 314.2 311.2 303.9 293.3 285.8 282 272.7 258.2 239.2 228 231.3 221.5 206 200.8 195 192.3 191.6 188.9 185.3 185.8 190.6 193.5 198.1 200.3 202.1 203.4 202.6 202.6 201.5 202.2 201.6 201 197.8 193.1 187.4 179.4
97.1 96.4 97.8 99.1 101.1 104 106 106.6 107.4 109.8 111.3 112.7 114.9 118.1 121.6 130.4 140.8 148 155.2 162.2 168.4 179.1 188.1 196.2 202.8 205.3 203.7 220 239.2 248.9 254.1 259.8 263.4 260.1 268.8 281.1 282.2 285 293.4 303.1 307.1 306.7 304.7 301.6 293.4 287.2 284.2 280.5 272.3 260.2 246.8 241.8 246.2 235.1 216.4 209.3 202.3 196.1 192.9 187.4 182.6 180.7 182.7 183 185 187.3 188.2 188.7 190.2 193.2 192.6 191.9 189.7 187.8 184.5 181.1 178.4 173.5
95.2 96.1 97.4 100 99.9 103.4 105.5 105.2 105.9 107.3 108 108.5 109.8 110.9 114.9 120.3 130 138.2 142.7 146.8 152.3 160.5 166.7 175.5 183.3 186 199.1 214.9 232 241 243.8 245.5 242.3 243.7 253.4 263.4 263.9 277.9 292.7 300.8 306.4 303.6 299.5 296 289.1 280.3 277.7 273.9 267.9 261.1 257.2 258.4 258.6 245.2 226.6 216.4 206.9 200.8 195.3 189.7 182.8 178.9 178.1 178.5 178.1 176.5 175.5 179.2 181.9 184.4 183.5 184.2 183.7 180.5 177.2 173.5 171.1 168.3
94.1 95.3 96.5 98.8 99 100.4 101.7 103 104.3 105.6 106.1 106.7 107 107 107.4 111.2 116 123.3 131 134.9 140.1 146.3 151.1 156.8 163.8 172.1 190.6 201.9 209.8 213.8 219.5 222.3 226.1 226.9 238 246.3 248.7 262.2 284.4 295.9 302.7 305.8 299.7 292.6 282.4 267.1 265.4 260.2 262 261.4 256 256.4 254.2 247.2 236.3 226 215.6 205.7 196 189.5 183.3 177.7 175.3 173.9 174.6 172.1 170.4 170.5 172.9 174.8 175.2 175.7 174.4 173 171.1 169 165.6 163.3
94.9 95.5 95.9 97.3 98.5 99.7 101.3 102 102.8 103.9 104.6 105.5 106.7 106.4 104.6 103.7 104.8 108 115.5 121.1 126.7 133.4 137.6 143.3 148.7 157.3 171.8 181 182.1 192.5 198.4 208.2 211.6 209.5 218.6 222.6 229.6 242.7 260.5 275.1 285.3 288.8 292.8 291.1 275.4 259 253.6 254.9 259.8 255.8 254.1 257 251.3 241.3 230.9 221.1 212.5 203.9 195.9 188.5 181 174.2 170.6 167.1 165.4 163.8 161 163.3 163.6 167.8 166.7 165.7 167.2 165.1 163.5 161.8 159.4 158.7
101.4 100.3 99.7 99.3 101.9 102.3 102.9 102.9 103.5 103.6 104.2 104.8 106.2 106.9 105.2 102.5 100.9 101.6 102.8 107.6 114.2 121.1 126.6 130.8 132.3 143.6 151.9 156.1 164.4 172.5 179 189 193.7 193.6 198.4 208.4 219.6 225.9 236.2 246.4 264.1 275.2 279.3 277.7 270.8 259.6 248.4 249.1 250.6 248.1 249.8 250.2 244 235 225.2 214.1 204.5 196 188.8 182.9 178.6 173.4 169.9 165.7 160.6 156.9 152.5 151.3 157.1 163.1 159.2 157.3 158.8 156.6 154.9 153.2 151.4 150
107.1 105.7 107.2 111.3 108.3 104.7 105.1 104.6 104.2 104.2 104.3 104.6 105.2 104.9 103.9 102.9 101.4 99.5 99.3 100.1 104.3 109.6 115.1 119.6 124.7 132.5 136.7 142.4 148.1 155.1 160.7 171.3 174.1 176.5 179.9 190.7 204.3 211.2 222.3 232.3 249.1 265 270.5 270.4 265.3 254.8 242.4 241.1 239.9 237.8 235.1 232.8 227.4 222.9 216.5 207.7 199.1 190.4 183.1 177.1 174 170.3 166.6 161.9 157.7 152.8 147.8 144 146.9 152.5 149.9 148.8 150 147.9 148.8 147.6 145 141.9
109.9 110.1 114.3 119.9 118.3 115.2 109.8 106 105.6 105 105.1 105 105 104.2 103.1 102.1 100.6 99.3 98.2 96.8 97.9 100.5 104.7 109.5 115.1 122.2 125.7 130.6 136.9 142.3 146.7 150.8 157 162.5 162.8 173.7 186.2 199.6 215.1 226.7 240.2 251.7 258.9 257.4 255.6 250.4 243 232.7 229.4 229 224.6 217.2 209.9 206.4 202.4 195.9 188.4 181.7 176.4 172.6 169.9 164.6 162.3 158.1 154.5 148.8 144.7 140.5 138.2 139.6 138.5 135.4 136.7 138.1 138.4 138.1 137.5 130.7
113.5 113.7 116.7 121.3 121.4 121.3 117 113.3 110.8 109.2 108 106.3 105.4 103.7 102.8 102.7 100.8 99.1 98 95.2 93.4 94.9 98.1 100.6 106 110.6 115.3 121.1 126.5 131.7 136 141.5 146 148.2 149 155 163.1 176.2 196.2 210.3 223.7 235.7 243.7 242.4 242.3 246 242.9 230.9 225.7 224.1 221 214.4 213.2 204 195 185.8 178.7 172.5 167.2 163.8 160.6 158.3 155 151.3 148.6 144.7 140.5 138.3 134.8 130.8 129.2 126.2 124.4 125.7 124.9 123.5 121.7 118.8
115.4 114.8 116.9 118.8 120 121.2 120.7 119.3 117.3 115 113 110.9 108.3 106.4 104.5 103.2 102.2 99.5 97.2 94.3 92.1 90.8 92.6 93.1 94.5 98.3 102.7 108.2 113.7 118.3 125.7 131.8 134.5 137 137 138.8 142.5 151.3 164.2 178.7 195.5 213 225.5 231.2 239.1 243.3 239.4 230.2 221.4 216.3 207.6 207.4 209.8 206.2 197.7 186.5 177.3 168.9 163.5 159 154.3 150.3 146.7 143 140.2 136.7 133.8 132.9 131.5 127.9 123.7 120.8 119.4 118.6 116.7 115.5 115.7 116.7
113.4 114.7 113.4 114.6 118.7 119.3 118.3 117.6 117.7 120.5 120.8 117.4 116 114.6 112.7 109.9 108.8 105.9 101.9 96.9 93.9 88.9 89.2 87.8 87.5 89.2 91.5 95.8 99.3 103.9 110.3 117.3 121.4 124.6 124.2 125.4 127.3 131.8 139.5 149.7 165.3 178.7 199.1 216.9 224.4 228 224.7 220 213.7 200.7 192.8 190.3 192.3 193.1 188.4 178.8 171.9 169 164.6 157.5 152.6 147.3 141.7 136.5 132.5 128.7 126.7 125.1 123.4 120.6 119.4 119.1 118.7 118.4 115.3 115.1 118.5 121.2
105.3 106.9 107.4 113.9 118.6 119.5 118.6 118.9 122.4 127.1 127 128.1 125.2 123.3 120.9 117.1 115.5 114.5 111.7 105.1 101.9 97.8 93.6 89.3 84.2 84.1 83.4 84.7 86.4 88.8 92.3 96.5 102.1 105.2 109.3 111.7 112.7 116.1 118.8 126.5 139.4 152 164.5 177 184 193.5 195.4 196.2 193.8 186.9 181.7 177.7 172.4 169.8 166.6 159.2 154.3 157.7 156.8 153.3 148.8 142.3 137.6 133.6 129.6 126.4 122.5 120.1 119.5 119.3 118.5 118.2 120.4 118.9 114.7 117.4 123.8 123.2
96 101.6 108.3 114.2 119.2 119.8 119.6 119.2 126.7 133.4 134.6 135.3 133.3 130.7 128.3 126.1 122 121.5 119.4 114.4 111.2 108.6 105.3 104.9 99.1 95 90.8 86.8 80.3 79.7 80.1 80.9 82.2 87 87.3 90.9 94.7 99.1 105.1 109.1 117.2 127.3 134.9 142.5 150.5 161.9 166.8 170.9 171.4 167.2 162.5 159.6 155.4 151.1 147.1 143.8 143.6 144.6 144.5 143.1 138.9 135.7 132.7 129.5 125.1 122.5 120.1 119.5 119.2 120.1 119 118 117.3 115.2 113.6 117.3 121.2 119
92 99.6 109.2 116.9 120.1 121.5 122.6 122.5 129.4 136.4 142.4 145 142.9 139.6 135.7 133.5 129.3 126.9 125.3 122.1 119.1 117.4 116.8 116.4 111.3 107.1 102.1 97.5 92.3 85.9 80.8 76.8 76 76.7 77.5 78.5 80 83.3 90.3 97.1 103.7 107.5 111.9 118.7 126.4 135.4 139.2 142.6 145.2 144.4 141.8 142.4 140.2 139 139.3 139.3 138.7 137.6 135.9 133.6 132.2 130 127.8 126.5 122.9 121.2 120.4 120.2 122.5 125.1 123.3 120.2 116.9 114.6 112.8 112.6 112.6 112.5
89.2 97.9 107.5 115.4 120 122.9 125.5 129.2 135.1 141 146 149.3 147.5 145.4 141.7 138.5 134.5 132.8 132 129.8 129.7 128.6 128 126.1 123.2 120.5 116.9 113.3 107.6 101.3 94.9 88.9 82.9 76.7 74.2 74.7 74.5 75.4 78.3 85.3 93 98.2 100.8 105.9 112.7 117.6 120.6 125.2 128.1 129.4 132.8 135.2 136.3 137.7 139 139.3 138.8 138 136.4 133.9 131.8 129.5 127.9 126.3 124.5 123.1 124.1 126.7 127.3 127.4 125.6 122.6 119 116.5 115.3 112.5 110.8 110.3
84.4 91.9 100.6 108.8 115.7 120.8 126.6 133.2 139.2 143.8 148.2 151.5 150 147.1 146.3 146 141 144.1 143.7 141.3 143 145.4 144.3 142.9 139.3 137.2 134.7 132.1 124.7 118.2 112.6 109.1 102.6 93.9 82.7 75.6 74.7 73.9 71.5 74.2 81.3 87.5 91.1 96.2 104 107 110.8 114.1 117.5 119.6 123.9 128 133.2 137.3 139.7 141.3 142.6 142.6 142.9 142.3 140.8 139.3 136 134.4 132 129.4 129.1 131.1 130.2 130.7 127.4 124.7 122.2 121.5 118.1 115.5 114.7 113.4
