public/OST50/NH69.asc
ncols 200
nrows 200
xllcorner 260000
yllcorner 890000
cellsize 50
[rows 105 to 139 of 200, columns 0 to 77 of 200]
170.2 170.2 171.4 171.4 173.2 177 179.5 177.6 172.5 167.5 163.7 168.1 174.1 176.1 174.3 175.5 176.5 176.4 181.2 183 189.8 192.1 187.9 185.9 190.2 190.2 196.8 197.3 200.5 202.5 202.5 202.4 205.7 209.5 208.7 206.1 208 215.8 218.3 220.1 220 215.2 210.3 208.5 205.4 200.3 196 192.2 188 187.3 188.5 189.9 188.9 187.9 188.4 191.9 194.8 193.9 192.8 195.2 196 195 192.4 191.3 190.9 190.4 190 189.4 189.2 188.2 187.8 185.4 183.9 182.8 181 179.6 178.5 177.5
170.5 168.9 167.6 167.2 168 170.6 174.1 175.9 175.9 171.3 164.3 159.5 161.8 165 167.7 168.3 170.6 171.1 171.9 178.3 183.4 185.4 184.3 181.5 181.8 184.8 193.6 198.3 202.5 202.8 202.6 201.6 198.6 197.9 198.9 203.6 208.8 214.1 221.9 222 219.6 216.9 212.9 207.3 204.5 201.7 198.4 194 190 185.7 186 185.3 186.9 187.1 185.5 188.7 189.7 190.7 191 190.8 196.2 196.2 195.4 191.9 190.8 190.1 189.8 188.8 189.8 189 187.5 186 184.3 182.6 181.5 180.4 179.1 178
172.8 172.1 168.1 166.3 165.2 166.2 168 172.8 178.9 176.9 169.1 160 151.7 156.8 161 160.2 160.2 163.5 165 166.9 173.3 174.4 176.8 186.9 186 185.8 190.9 197.4 200.8 201.4 201.4 201.1 198.2 195.3 194.7 211.9 221.4 219.6 224.5 222.5 219.2 216.5 212.9 208.5 204.6 201.1 197.9 195.4 193 189.2 183.7 182.9 182.4 184.7 184 183.3 185.8 187.3 187.5 187.4 189.7 191.9 192.7 192.2 192.5 189.1 188 187.8 187.3 187.6 187 185.7 184.7 185.2 184.7 182.7 180.9 178.1
169.6 171.6 169.7 168.5 167.1 163.4 163.4 165.9 170.1 174.6 172.3 164.7 156 146.3 151.7 153.2 152.4 156.8 159.5 161.1 162.8 162.6 174.9 184.1 187.8 186.1 186.5 189.7 193.4 195.2 196.7 200.2 198.5 190.7 196.3 206.8 218.4 223.6 224.4 223.1 220.5 217.3 211.9 207.7 203.8 200.5 196.9 193.5 191.5 189.9 186 182.5 180.7 178.6 178.3 180.4 181.6 182.6 183.9 184.3 184.4 184.9 187 188.9 189.5 190.6 188.2 187.2 186.7 186.3 185.9 185.4 185.5 185.3 182.7 181.9 180 177.1
163.8 165 167.1 164.5 164.4 161.2 159.8 158.6 160.9 165.2 168 167 158.6 150.3 143.7 145.8 149.9 154.1 159.6 157.9 155.2 158.9 169.7 178.9 184.4 185.8 186.6 184.8 186.5 189.4 189.5 192.9 190.7 189.6 199.4 208.5 210.7 217.6 221.2 219.7 218.9 216.1 212.5 209.1 205.4 200.9 197 193.5 189.7 187.1 185 184 179.2 177.2 176.6 179.1 178.7 179.9 178.8 179 180.3 181.4 181 183.3 184.3 186.7 187.3 189.2 188.5 187.3 186.1 185.1 184.5 183.2 181.3 179.8 177.9 175.2
157.3 160.1 159.2 157.3 157.2 158.1 156.9 154.9 156.2 158.4 161.2 162 159 151 144.1 139.6 145.5 151.5 156.9 154.8 149.6 158.1 168.3 174.5 178.7 182.3 182.6 183.2 182 184.3 185.6 187.9 189.4 188.4 200.1 203.6 205.7 206.8 208.1 211.3 212.8 212.1 210.6 208.3 204.3 200.8 196.3 191.8 187.8 185.3 183.7 182 180.1 176.4 175.3 181.1 179 176.6 175.1 174.9 175.1 176.5 178.5 179 179.5 182 183.8 185.4 186 187.2 185.8 184.5 183.9 183.2 180.8 179.2 176.3 173.9
151.6 157.1 158.8 155.6 153.6 153.8 153.5 154.1 154.7 155 155.6 155.4 153.2 147.9 142.7 138 139.7 144.2 149.8 147.2 147.6 157.7 166.5 170.3 171.9 174.5 178.5 179.3 181.1 184.1 184.2 184.3 181.9 191.4 197.2 205.5 204.9 203 201.4 201 201.2 203.2 204.6 204.5 203 199.9 195.6 191.2 186.9 185.3 183.1 181.3 177.9 175.3 173.6 173.2 174.6 176 173.4 172.2 172.3 172.7 173.3 175.4 176.3 178 179 180.3 181.6 181.9 183 184.2 183.6 182.8 180.5 177.9 174.2 172.7
140.9 146.7 152.7 154.6 152.4 152.6 152.6 152.6 153.7 152.6 152.8 151.8 148.6 144.2 139.2 134.8 131.4 132 139.4 131 146.1 154.1 165.4 168.4 168.2 170.1 175.5 175.4 177.6 183.5 182.8 180.3 179.5 183.5 192.5 199.7 202.9 202.2 199.9 197.5 197.2 197 197.4 196.9 197.9 196.7 194.9 190.5 186.4 184.7 181.9 179.8 176.5 175.8 173.5 170.1 168.3 169.3 170.6 171.5 169.8 169.9 171 172.1 173.2 173.8 174.8 174.8 175.8 178.6 180.4 181 180.5 178.7 176.6 176.1 172.4 171.1
129.3 135.9 142.8 144.6 148.8 155.2 159 153.3 149.9 148.7 149.5 148.9 144.6 139.8 135.4 132.3 129.2 123.7 124.5 138.2 146.7 149.7 159.7 164.3 165.6 167.1 169 171.4 173.8 177.2 179.4 177.7 175.5 181.2 184.5 193 195.6 196.9 196.8 195.3 196.3 195.6 194.7 192.4 191.3 191.4 192.4 188.1 183.8 182.3 180.8 178.1 174.5 173 172.4 169.7 166 164.9 165.3 166.9 166.7 167.6 168.4 169 169.3 170.4 170.6 171 175.8 176.8 177.2 177.1 177.3 175.6 174.8 174.1 170.9 170.6
114.7 115.7 126.5 131.1 137.3 150.6 156.2 154.4 151.7 147.8 147.2 145.7 141.7 137 132.8 130 125.3 117.2 126.5 137.6 140.4 144.4 151.6 157.3 159.9 161.9 163.6 165.8 169.9 170.2 172.2 173.9 171.6 171.3 180.6 183 187.2 189.6 190.5 191.2 194.4 193.1 192.3 191.2 188.7 186.2 184.5 184.6 181.7 180.1 178 175.4 173.2 172.3 169.6 167.5 165 162.4 162.2 163.2 163 163.2 163.2 165.2 165.9 165.6 166.4 168 169.7 171.4 173.2 173.5 173.8 172.1 173.4 172.7 169.6 168.7
86.9 93.8 106.3 117.2 126.1 140.9 153.9 158.5 154.8 149.7 145.3 141.9 138.9 136.3 134 128.9 123.4 117.1 118.7 128.2 136.4 140.9 142.4 145.3 149.3 152.6 155.7 158 164.6 166.5 166.6 167.3 166.9 166.7 168.6 174.3 177.3 177 183.2 186.9 191.4 190.9 189 186.8 186.2 184.4 181.9 178 177.3 176 172.9 171 168.7 168.8 167.4 165.5 164.3 162.4 160 159.8 158.2 157.9 158 159.1 160.3 161.8 162.9 163.3 164.8 167.5 168.4 170.1 169.6 169 171 169.8 168 166.4
75 85.5 100.5 113.7 121.4 131.3 141.8 148.4 149.6 147.8 144.6 140.8 137.2 134.7 134.5 129.5 123.3 116.8 115.6 115 121.7 129.2 133.6 137.4 140.5 145.7 148.4 149.9 155.5 159 163.3 162.1 161.7 163.6 167.2 165.9 166.3 171.9 177.4 183.3 186.4 188.3 187.8 185.6 184.5 181 179.5 176.7 173.2 169.9 169.6 167.6 166.5 165.7 163.6 163.1 162.6 161.1 158.8 157.2 156.8 156 156.7 157.6 158.2 158.7 159.5 160.1 160.2 164.8 166.1 167 165.9 167 168.9 166.2 164.5 164.5
71.6 84.3 100.6 112.3 118.9 124 127.8 130.6 135.9 140.5 140.9 138.4 136.5 132.8 130.7 127.5 122.4 119 117.7 112.1 111.5 119.1 122.7 127.9 131.5 136.6 138.1 140 144.3 148.9 153.2 155.3 155.1 158 159.8 162.2 163.3 164.2 165.9 170.5 180 181.6 182.4 186 190.8 183.4 177.6 175 171.9 168.8 166.1 165.1 163.4 163 162.4 162.3 161.3 159.2 157.9 156.6 155.4 154.8 154.8 158.5 157.2 157.2 157.7 158.8 158.3 162.3 163.2 162.9 162.2 163.6 165.2 163.6 162.3 161.6
76.5 89.2 96.1 105.9 113.6 118.7 121.7 124.8 131.3 136 137 136.3 135.2 132.9 129.8 125.6 121.2 118.6 116.1 112.7 110.6 106.9 112.1 115.6 121.2 125.3 127.2 130.4 134.8 139.1 140.7 143.2 145.5 150.6 152.6 155.3 157 157.7 159.7 164.7 170.5 176.2 177.5 179.7 179.5 182.3 179.6 174.7 168.7 165.5 163.7 163.3 161.9 161.9 161.1 160.7 159.8 158.5 157.1 155.9 155 154.2 152.8 155.5 156.2 155.6 155.7 156.5 156.8 159.4 159.4 159.3 160.8 161.6 162.6 160 159 159.6
71.5 83.1 90 96.5 102.3 108.5 115.1 120.9 126.9 130.8 132.5 132.5 131.7 131 128.3 124.5 121 117.6 114.6 111.6 108.7 106.8 105.9 106.2 108 110.5 114.1 118.6 123.1 127.2 130.9 133.6 134.3 137.4 142.4 146.5 149.4 150.6 159.9 164.5 168.5 170.9 170.6 173.3 175.6 174.5 173.7 174.3 169.9 165.4 161 161.2 160.6 160.7 159.4 158 157.6 156.4 155.7 155.2 154.4 153 152.4 151.1 152.2 152.9 153 153.8 153.9 154.3 155.4 156.5 157.8 157.8 156.7 155.6 155.4 153.5
65.5 74.5 85.3 93.2 99.7 107.1 113.8 120 123.9 126.2 128.3 129.1 129.3 128.2 126.8 124.1 121.2 118.1 114.4 111.8 109.4 105.5 104.5 104.2 103.7 102 103.9 109.3 113.9 118.5 120.5 121.6 120.3 124 131.1 135.4 137.1 141.7 147.2 152.7 159.8 166.2 164 168 167.2 166.3 166.2 167.4 167.6 166.5 160.8 158.6 160.6 160.8 159.6 156.9 155.8 154 152.5 153.2 152.9 152.4 150.7 149.3 149.9 149.3 150.1 151.8 150.7 151.1 152.6 153 153.9 152.7 152.5 153.5 151.3 149.1
66.1 74.4 83.1 90.9 98.5 106.6 113 118.5 122.9 126.1 129.2 131 130.3 129.5 128 127.1 124.5 119.3 115.4 112.4 110 107.1 105.5 102.6 102.2 102 101.4 103.4 104.1 107.8 109 110.5 113.1 117.8 123 124.4 129.9 134.7 139 142.2 152.4 156.8 156.2 164.1 164.8 160.9 161.3 162.7 161 160.7 159.1 158.6 157.1 158.4 157.8 155.6 154.4 152.2 150.8 150.4 150.8 150.5 150.2 148.3 146.3 147.7 147.6 147.3 148.2 148.2 149.5 148.4 148.1 148.1 150.9 150.3 147.3 145.3
65.4 71.9 78.2 86 93.4 102.4 109.5 114.7 121.3 126 130 133.2 134.8 134.8 135 134.8 133.5 128.1 120.7 114.8 110.9 107 104.1 102.6 101.4 100.7 99.4 100 99.9 101.4 103.9 106.9 111.6 117.2 119.1 121.8 129.1 134.8 136.3 142.2 148.5 151.4 154.9 154.1 155.7 157.1 157.5 156.9 157.2 156.7 154.4 152.9 153.8 154 153.3 152.7 153.3 151.7 150.2 148.6 147.5 146.9 146.3 146.5 145.4 146.6 144.7 144.3 144.8 144.5 145.3 144.6 144.8 145.2 146.7 145.2 143.6 144.6
63.1 69.9 74.9 80.7 87.8 94.5 101.8 106.9 112.4 118.3 123.9 128.2 132.2 134.8 137.2 139.8 138.9 135.6 129.9 121.7 115 109.8 105.4 103.1 100.6 99.9 99.5 99.3 99.6 103.1 108.5 110.6 110.8 113.9 119.8 121.5 121.7 127.1 130.6 133.6 137.9 141.5 145 148.9 150.6 150.9 152.3 155.1 153.9 153.7 151.5 149.8 153.2 154.1 152.5 150.2 150.1 148.7 148.5 148.7 146.6 145.3 144.4 144.4 143 142.5 143.5 143.2 142.6 142.4 142 141.6 143.2 143.9 142.5 142.1 142.9 145.5
61.8 67.3 72.2 76.5 80.4 87.2 94.5 99.5 104 108.6 113.1 118.5 123.8 127.3 132.3 138.4 139.9 138.9 135.7 128.7 120.7 113.3 108.5 103.8 101.5 100.5 101 101.8 99.3 104.3 108.4 108.5 112.1 120.4 121.9 121.7 120.7 120 122.4 126.1 129.6 133.6 136.2 140.2 143.7 147.6 149.9 148.6 150.1 151.3 148.3 147.7 148.6 148.4 148.3 148.1 147.4 146.2 145.6 144.7 144.6 143.2 143.2 142.7 141 140.1 141 141.3 140.6 140.9 140 139.1 140.2 139.8 139.6 142 143 144.8
56.1 61 65.9 69.8 74.4 80 89.5 95.1 98.1 100.1 102.7 107.6 112 115.2 120.4 126.9 130.7 132.6 131.6 129 123.8 116.6 110.9 106 102.8 99.9 99.4 98.5 97.7 97.9 99.9 101.4 104.5 111.1 117.1 119.2 119.1 117.7 118.1 119.3 125.5 127.4 129.7 130.7 134 138.7 143.7 144.2 145.8 144.3 144.3 143.8 147.1 146.2 145.4 147.1 146.7 145.7 145.4 143.6 141.7 141.2 140.8 140.3 139.1 138 137.9 138.5 138.8 137.5 138.6 137.5 137.4 137.2 139.2 140.1 142.8 144
49.2 54.8 59.6 64.4 68.3 72.1 79.4 87.4 92.3 95.3 97 98.4 100.3 103.7 106.7 111 115.8 119.3 121.1 121.3 120.3 116.5 110.8 107.3 103.2 99.8 97.6 96.2 95.6 93.9 94.6 94.3 95.2 101 109.4 113.4 115.2 113.6 115.5 115.7 119.3 122.6 122.8 124.9 132.4 134.5 139.3 140.8 138.8 140.2 139.9 139.8 142.3 143.5 144.3 145.1 144.9 143.4 142.5 142.2 140.5 140.2 139.8 138.2 137.4 137 136.7 136.5 136.1 136.3 136.2 135.7 134.9 137 137.3 138.4 141.3 142.6
40.2 45.9 51.9 58 63.9 68.5 74.5 79.9 84.5 88.3 90.6 92 92.5 94.4 96.6 99.3 101.6 102.6 104.1 104.8 104.9 106.9 106.2 104.6 102.7 99.7 96.8 95.2 93.9 92.4 92.4 92.2 92.9 92.2 93.6 100.8 104.2 106.9 109.7 112.7 114.1 114.4 116.6 119.9 125.2 127.3 129.5 132.2 134.3 133.7 132.4 136.4 139.5 140.8 139.9 139.7 140 139.6 140.8 139.3 138.5 138 136.6 136.1 136.4 136.6 136.2 134.2 136 135 134.3 133.5 133.4 135.4 135.5 137.1 138.6 140
34.2 41 48.9 55.9 61.7 66.9 71.9 76.5 80.6 82.4 84.5 86.4 89.5 88.2 89 90.5 91.5 91.9 91.7 90.8 90.7 93.7 95.5 97 97.7 96.9 97.9 95.4 92 90.6 89.7 89.4 89.1 89.9 92.5 103.6 106.7 104.8 105.3 106.1 109.5 112 112.5 115.5 119.8 122.2 123.6 125.4 126.1 128.1 130.7 131.7 132.5 135.2 135.7 136.2 135.3 135.5 135.4 134.6 134.6 134.2 133.7 133.6 136.1 136.6 134.7 133.2 134.5 132.8 132.5 131.6 134.1 134.2 134.3 137.3 138.5 139.6
29.6 38.3 45.7 51.7 57.9 63.3 69.2 74.1 77.5 78.4 80.8 82.6 84.2 84.7 86.2 86.2 86.5 86.7 86.6 86.4 86.7 87.3 88.3 90.4 92.3 94 95.8 95.3 91.9 90.3 89.1 88.3 87.9 88.8 95 99.9 104 106.6 104 102.3 101.6 104.9 108.3 109.4 112.5 116.5 118.1 119.1 119.7 120.4 122.6 124.8 127.7 130.1 130.9 131.5 132.1 131.3 131.9 131.4 130.5 129.7 130.3 131.5 132.6 132.5 130.1 133.7 132.2 130.8 130.5 131.6 131.5 131.4 134.3 136.3 137.9 139.1
24.7 34.6 41.1 48.7 53.8 60.8 66.4 71.7 74.7 76.1 79 82.1 83.7 85.6 86.2 85.7 86.2 86.3 86.3 86.8 87.7 88.5 88.9 89.4 90.1 90.9 91.9 92.1 91.1 90.5 89.1 87.7 87.1 87.7 92.6 95.6 96.7 99.1 101.6 101.6 99.5 98.8 99.5 101.1 104 108.5 111.1 113.1 114.5 113.3 116.4 117.7 121.3 125 126 126.5 127 127.9 128.8 128.2 127.6 127 125.5 127.1 127.6 126.3 130.6 130.9 130.7 128.8 130.7 129.4 130.4 132.8 133.8 136.5 137.7 139.2
17 24.3 32.9 44.1 49.6 56.3 62.8 68.5 72.1 75.2 77.7 79.4 82.6 86.5 89 88.9 89.5 90.1 89.9 90.5 91.8 92.1 92.9 93.2 92.5 91.9 91.4 90.4 89.5 89 88.3 87.5 87.1 87.7 90.5 93 94 95.1 97.3 98.2 99.3 99.4 96.7 96.8 98.2 101.2 103.5 106 108.4 109.7 112 112.5 115.9 120.2 121.2 121.4 122.3 122.8 123.7 124.9 124.5 122.6 121.8 121.7 122.3 125.6 127.7 129.2 128.7 127.2 129.8 129.8 127.9 131 132.8 134.9 136.5 140.9
-1.5 16.7 24.2 34.5 41.2 48.5 56.1 62.1 67.2 71.5 75.7 77 80.1 84.4 88.8 92.3 93.4 94.7 96.2 96.3 96.9 98.1 99.4 99.4 100.3 98.7 94.4 91 89.5 89.1 88.3 87.8 87.1 86.7 87.3 89 90.2 90.7 92.5 94 93.8 94.4 94.7 95.2 94.6 94.7 96.8 99.1 102 102.8 104.8 106.7 109.3 112.1 114.2 115.6 115.9 117.7 119.7 120.2 120.8 119 117.6 122.3 122.6 123.8 124.5 125.7 123.7 125.5 127.1 125.3 128.7 131.6 132.8 134.9 135.9 138.4
-1.5 -1.5 13.8 23.2 33.6 42.4 49.3 55.3 60.9 65.9 69.4 72.9 76.5 80.4 84 90.3 93 97.4 99.7 100.7 101.2 101.5 102.3 103.2 106 107.1 102.6 96.8 92.6 92.1 90 88.3 87.3 86.9 86.6 87.4 88.4 87 87.1 88.9 89.9 89.6 89.5 90.5 90.7 92.4 93.4 93.1 94.8 95.9 97.9 100 102.8 104.7 106.8 108.3 110 111.6 113.6 115.2 115.2 114.8 116.1 119.3 119.1 119.5 120.9 120.3 120.7 123.3 120.7 127.7 128.6 130.6 132.5 134.1 135.6 138.1
-1.5 -1.5 -1.5 18.4 29.8 39.6 44.4 50 55.1 61 65.3 69.4 72.5 75.6 80.1 85.8 90.7 95.8 98.9 101.2 102.5 102.6 103.1 102.9 102.9 104.7 105.9 102.4 98 94.8 91.8 89.5 88.5 87.7 87.5 86.5 85.5 85 85.3 85.6 85.2 86 86.5 85.5 85.7 87.4 88.4 89.1 89.4 90 91.1 93.5 95.8 97.8 99.9 101.5 103.3 105.9 108.2 109.6 110.7 110.2 113.7 114.5 116.3 117.3 118.2 117.1 118.6 119.8 122 125.4 128.3 129.6 132.2 134.5 136.1 138.2
-1.5 -1.5 -1.5 11.9 23.1 32.7 39.9 46.1 50.4 55.9 61.3 66.1 69.4 72.5 76.3 82 88.5 94 97.1 99.8 102.4 103.3 103.8 103.1 103.2 103.7 103.6 102.5 100 97.7 94.7 92.5 89.8 88.4 87.9 86.8 86.1 83.2 83.1 80.9 84.1 86.6 83.2 82.8 81.7 82.1 82.5 83.2 85.1 85.2 85.7 86.8 89.3 91.2 93.3 95.1 97.1 99.3 102.6 104.1 105.3 107.6 109.5 112 112.4 113.2 113.7 113.7 116.9 114 121.3 123.5 126.1 128.7 130.7 133.5 135.2 137.9
-1.5 -1.5 -1.5 9.2 18 26.5 33.9 41.5 48.5 52.9 57.4 62.1 66.9 71.2 76.2 82.1 86.4 90.7 95 98.3 101.7 102.3 103 104.6 104.7 103.8 103.1 102 100.4 99.7 99.1 95.8 92.3 89.9 88 87 86.6 85 85.9 84.6 78.8 80.4 80.4 79.1 79 80 80.5 79.7 80.3 80.9 81.7 82.7 84.2 85.5 87.3 88.9 90.5 92.9 95.7 98.2 98.8 103 105.9 107.6 108.9 111 109.4 112.6 111.3 119.4 120.9 124 126.2 127.5 129.5 131.3 134.9 137.6
-1.5 -1.5 -1.5 -1.5 15.3 21.3 29.8 38 45.3 51.2 55.9 61.4 67 71.1 77.1 81.1 84 89.7 94.2 96.8 99.9 101.1 102 105.1 105.5 104.9 103.8 102.2 101.1 99.1 98.7 97.9 94.8 91.6 88.5 87 87 85.6 86.8 83.5 81.9 78.6 74.8 75.3 75.9 76.4 78.2 79.4 77.2 77.4 77.3 78 80 81.8 81.7 83.4 85.4 88.4 89.2 91.4 91.4 98.3 101.7 103.3 104.9 105.3 106.1 111.6 110.7 120.5 124.7 126 127 127.9 130.7 133.6 135.6 137
-1.5 -1.5 -1.5 -1.5 12.5 17.7 25.9 34.6 42.6 49.1 53.1 56.8 60.7 65.4 70.4 75.3 80.8 83.9 88.8 93.5 97.3 99 100.2 101.4 103.7 104.4 104.2 103 102 99.9 98.3 97.1 95.4 92.9 89.7 88.3 86.4 83.9 82.8 81.8 80.5 79 77.6 73 72.6 72.9 74.4 74.6 74.6 74.1 74 73 74.4 75 76.4 78.5 80.2 81.5 83.3 84.1 89.3 92.4 95.7 98.3 99.2 100.2 104.3 103.1 112.7 117.6 120.7 125.2 125.2 130.1 133.1 132.4 134.9 137.7
-1.5 -1.5 -1.5 -1.5 -1.5 15.6 21 30.5 36.6 43 48 52.2 56.1 60.6 64.9 69.9 74.5 78.3 83.2 87.6 92 96.3 98.8 99.6 101 102.7 103.9 103.1 102.9 100.8 99.4 97.2 94.9 92.8 90.7 89.5 88.4 85.2 83.1 79.9 78.4 78.5 77 75.2 72.4 71.4 74.7 72.6 70.8 70.9 71.4 70.7 70.5 69.4 71.3 73.6 75.3 76.8 78.4 76 83.6 86.5 89.5 93.1 93.9 97.5 97.9 105.2 108.5 112.3 117.1 122 123.7 127.8 129.1 129.8 134.6 139.9
