public/OST50/NH76.asc
ncols 200
nrows 200
xllcorner 270000
yllcorner 860000
cellsize 50
[rows 74 to 110 of 200, columns 0 to 82 of 200]
36.2 35.8 34.9 33.7 32.5 31.4 30.5 29.5 28.6 27.7 25.2 23.7 22.3 20.8 18.5 16 12.1 8.9 4.3 2.2 2 1.8 1.6 1.5 1.4 1.2 1.1 0.9 0.7 0.6 0.4 0.2 0.1 -0.1 -0.3 -0.5 -0.7 -0.8 -1 -1.2 -1.3 -1.3 -1.3 -1.3 -1.3 -1.3 -1.3 -1.3 -1.3 -1.3 -1.3 -1.3 -1.3 -1.3 -1.3 -1.3 -1.3 -1.3 -1.3 -1.3 -1.3 -1.3 -1.3 -1.3 -1.3 -1.3 -1.3 -1.3 -1.3 -1.3 -1.3 -1.3 -1.3 -1.3 -1.3 -1.3 -1.3 -1.3 -1.3 -1.3 -1.3 -1.3 -1.3
34.8 33.7 32.9 31.7 30.5 29.5 28.9 28.2 27.4 25.9 23.8 22.3 20.5 18.6 15.8 10.5 8.3 7.8 4.7 2.1 1.9 1.8 1.6 1.4 1.3 1.1 1 0.8 0.7 0.5 0.4 0.2 0.1 -0.1 -0.3 -0.5 -0.7 -0.8 -1 -1.2 -1.3 -1.3 -1.3 -1.3 -1.3 -1.3 -1.3 -1.3 -1.3 -1.3 -1.3 -1.3 -1.3 -1.3 -1.3 -1.3 -1.3 -1.3 -1.3 -1.3 -1.3 -1.3 -1.3 -1.3 -1.3 -1.3 -1.3 -1.3 -1.3 -1.3 -1.3 -1.3 -1.3 -1.3 -1.3 -1.3 -1.3 -1.3 -1.3 -1.3 -1.3 -1.3 -1.3
33.4 32.3 31.3 30.4 29.4 28.5 27.8 27.1 26 24 22.1 20.1 18.2 16.1 13 6.8 6.3 5.2 2.2 2 1.9 1.7 1.5 1.3 1.2 1 0.9 0.7 0.6 0.5 0.3 0.2 0 -0.1 -0.3 -0.5 -0.7 -0.8 -1 -1.2 -1.3 -1.3 -1.3 -1.3 -1.3 -1.3 -1.3 -1.3 -1.3 -1.3 -1.3 -1.3 -1.3 -1.3 -1.3 -1.3 -1.3 -1.3 -1.3 -1.3 -1.3 -1.3 -1.3 -1.3 -1.3 -1.3 -1.3 -1.3 -1.3 -1.3 -1.3 -1.3 -1.3 -1.3 -1.3 -1.3 -1.3 -1.3 -1.3 -1.3 -1.3 -1.3 -1.3
31.9 30.8 30.3 29.4 28.5 27.6 26.7 25.7 24.3 22.2 19.6 17.5 15.7 13.7 10.6 6.5 5.4 2.7 2.1 1.9 1.8 1.6 1.4 1.3 1.1 0.9 0.8 0.6 0.5 0.3 0.2 0.1 -0.1 -0.2 -0.4 -0.5 -0.7 -0.8 -1 -1.2 -1.3 -1.3 -1.3 -1.3 -1.3 -1.3 -1.3 -1.3 -1.3 -1.3 -1.3 -1.3 -1.3 -1.3 -1.3 -1.3 -1.3 -1.3 -1.3 -1.3 -1.3 -1.3 -1.3 -1.3 -1.3 -1.3 -1.3 -1.3 -1.3 -1.3 -1.3 -1.3 -1.3 -1.3 -1.3 -1.3 -1.3 -1.3 -1.3 -1.3 -1.3 -1.3 -1.3
30.5 30.1 29.3 28.4 27.5 26.1 24.5 23.1 22 20.1 17.2 15.5 14.1 10.4 8.6 5.5 3.7 2.2 2.1 1.9 1.7 1.5 1.4 1.2 1 0.9 0.7 0.5 0.4 0.2 0.1 0 -0.2 -0.3 -0.4 -0.6 -0.7 -0.9 -1 -1.2 -1.3 -1.3 -1.3 -1.3 -1.3 -1.3 -1.3 -1.3 -1.3 -1.3 -1.3 -1.3 -1.3 -1.3 -1.3 -1.3 -1.3 -1.3 -1.3 -1.3 -1.3 -1.3 -1.3 -1.3 -1.3 -1.3 -1.3 -1.3 -1.3 -1.3 -1.3 -1.3 -1.3 -1.3 -1.3 -1.3 -1.3 -1.3 -1.3 -1.3 -1.3 -1.3 -1.3
29.7 29 28 27 25.8 24 22.2 20.6 19.4 17.3 15.2 14 11.9 8.1 5.9 3.7 2.3 2.2 2 1.8 1.7 1.5 1.3 1.1 1 0.8 0.6 0.5 0.3 0.1 0 -0.1 -0.3 -0.4 -0.5 -0.7 -0.8 -1 -1.1 -1.3 -1.3 -1.3 -1.3 -1.3 -1.3 -1.3 -1.3 -1.3 -1.3 -1.3 -1.3 -1.3 -1.3 -1.3 -1.3 -1.3 -1.3 -1.3 -1.3 -1.3 -1.3 -1.3 -1.3 -1.3 -1.3 -1.3 -1.3 -1.3 -1.3 -1.3 -1.3 -1.3 -1.3 -1.3 -1.3 -1.3 -1.3 -1.3 -1.3 -1.3 -1.3 -1.3 -1.3
28.5 27.5 26.5 25.4 23.8 22 20.2 18.4 16.7 14.9 13.6 11.7 9.6 7 4.9 3.5 2.2 2.2 2 1.8 1.6 1.4 1.3 1.1 0.9 0.7 0.6 0.4 0.2 0.1 -0.1 -0.3 -0.4 -0.5 -0.7 -0.8 -0.9 -1.1 -1.2 -1.3 -1.3 -1.3 -1.3 -1.3 -1.3 -1.3 -1.3 -1.3 -1.3 -1.3 -1.3 -1.3 -1.3 -1.3 -1.3 -1.3 -1.3 -1.3 -1.3 -1.3 -1.3 -1.3 -1.3 -1.3 -1.3 -1.3 -1.3 -1.3 -1.3 -1.3 -1.3 -1.3 -1.3 -1.3 -1.3 -1.3 -1.3 -1.3 -1.3 -1.3 -1.3 -1.3 -1.3
27 26 25 23.4 21.8 20.1 18.2 16.4 14.7 13.4 12.1 9.5 7.6 6 3.4 2.8 2.2 2.1 1.9 1.7 1.6 1.4 1.2 1 0.9 0.7 0.5 0.3 0.2 0 -0.2 -0.3 -0.5 -0.6 -0.8 -0.9 -1 -1.2 -1.3 -1.3 -1.3 -1.3 -1.3 -1.3 -1.3 -1.3 -1.3 -1.3 -1.3 -1.3 -1.3 -1.3 -1.3 -1.3 -1.3 -1.3 -1.3 -1.3 -1.3 -1.3 -1.3 -1.3 -1.3 -1.3 -1.3 -1.3 -1.3 -1.3 -1.3 -1.3 -1.3 -1.3 -1.3 -1.3 -1.3 -1.3 -1.3 -1.3 -1.3 -1.3 -1.3 -1.3 -1.3
25.5 24.4 23.2 21.5 19.8 18.1 16.2 14.6 13.2 12 10.5 7.9 5.6 4.4 3.2 2.6 2.1 2.1 1.9 1.7 1.5 1.3 1.2 1 0.8 0.6 0.5 0.3 0.1 -0.1 -0.2 -0.4 -0.6 -0.7 -0.9 -1 -1.2 -1.3 -1.3 -1.3 -1.3 -1.3 -1.3 -1.2 -1.2 -1.1 -1.1 -1 -1 -1 -1 -1.1 -1.2 -1.2 -1.3 -1.3 -1.3 -1.3 -1.3 -1.3 -1.3 -1.3 -1.3 -1.3 -1.3 -1.3 -1.3 -1.3 -1.3 -1.3 -1.3 -1.3 -1.3 -1.3 -1.3 -1.3 -1.3 -1.3 -1.3 -1.3 -1.3 -1.3 -1.3
23.7 22.2 21.1 19.6 17.8 16.1 14.5 13.5 12 10.5 8.8 6.4 4.3 3.3 3.2 2.4 2.2 2.1 1.8 1.6 1.5 1.3 1.1 0.9 0.8 0.6 0.4 0.2 0.1 -0.1 -0.3 -0.5 -0.7 -0.8 -1 -1.1 -1.3 -1.3 -1.3 -1.1 -1 -1 -0.9 -0.9 -0.9 -0.8 -0.8 -0.7 -0.7 -0.7 -0.7 -0.8 -0.9 -1 -1.1 -1.3 -1.3 -1.3 -1.3 -1.3 -1.3 -1.3 -1.3 -1.3 -1.3 -1.3 -1.3 -1.3 -1.3 -1.3 -1.3 -1.3 -1.3 -1.3 -1.3 -1.3 -1.3 -1.3 -1.3 -1.3 -1.3 -1.3 -1.3
22 20.4 19.5 18.7 16.7 15.4 14.2 12.1 10.2 7.6 6.3 4.6 3.3 3 2.8 2.2 2.2 2.1 1.9 1.7 1.4 1.2 1 0.9 0.7 0.5 0.3 0.2 0 -0.2 -0.3 -0.5 -0.7 -0.9 -1.1 -1.2 -1.3 -1.3 -0.9 -0.8 -0.7 -0.7 -0.6 -0.6 -0.6 -0.5 -0.5 -0.4 -0.4 -0.5 -0.5 -0.6 -0.6 -0.7 -0.8 -0.9 -1 -1 -0.9 -1 -0.9 -0.9 -1 -1.1 -1.2 -1.3 -1.3 -1.3 -1.3 -1.3 -1.3 -1.3 -1.3 -1.3 -1.3 -1.3 -1.3 -1.3 -1.3 -1.3 -1.3 -1.3 -1.3
21.5 19.7 18.6 17.5 15.3 13.9 12 9.2 6.3 5.5 4.8 4 3.3 2.9 2.5 2.2 2.2 2.1 1.9 1.7 1.5 1.2 1 0.8 0.6 0.4 0.2 0.1 -0.1 -0.2 -0.4 -0.6 -0.8 -0.9 -1.1 -1.3 -1.3 -0.9 -0.6 -0.5 -0.4 -0.4 -0.3 -0.3 -0.2 -0.2 -0.2 -0.1 -0.2 -0.2 -0.2 -0.3 -0.4 -0.5 -0.5 -0.6 -0.6 -0.6 -0.6 -0.7 -0.6 -0.6 -0.7 -0.8 -1 -1.1 -1.3 -1.3 -1.3 -1.3 -1.3 -1.3 -1.3 -1.3 -1.3 -1.3 -1.3 -1.3 -1.3 -1.3 -1.3 -1.3 -1.3
21 18.9 17.6 15.8 14 11.4 9.7 7 5.4 5 4.2 3.5 3.2 2.9 2.6 2.3 2.2 2.2 1.9 1.7 1.5 1.3 1.1 0.8 0.6 0.4 0.2 0 -0.2 -0.4 -0.5 -0.7 -0.9 -1 -1.2 -1.3 -1.1 -0.7 -0.4 -0.1 -0.1 -0.1 0 0 0.1 0.1 0.1 0.1 0 0 0 0 -0.1 -0.2 -0.3 -0.3 -0.3 -0.3 -0.3 -0.3 -0.3 -0.3 -0.4 -0.5 -0.7 -0.9 -1 -1.3 -1.3 -1.3 -1.3 -1.3 -1.3 -1.3 -1.3 -1.3 -1.3 -1.3 -1.3 -1.3 -1.3 -1.3 -1.3
19.3 17.4 16.1 14.3 12.6 10.1 9 6.2 5.2 4.5 4.1 3.7 3.2 2.9 2.6 2.4 2.3 2.2 2 1.8 1.6 1.3 1.1 0.9 0.7 0.4 0.2 0 -0.2 -0.4 -0.6 -0.8 -1 -1.1 -1.3 -1.3 -0.9 -0.5 -0.1 0.1 0.2 0.2 0.3 0.3 0.4 0.4 0.4 0.3 0.3 0.3 0.3 0.2 0.1 0 0 0 0 0 0 0 0 0 -0.1 -0.3 -0.4 -0.6 -0.7 -0.9 -1.1 -1.3 -1.3 -1.3 -1.3 -1.3 -1.3 -1.3 -1.3 -1.3 -1.3 -1.3 -1.3 -1.3 -1.3
16.9 15.8 14.4 12.7 11.1 9.6 8.2 6.1 5 4.8 4.2 3.8 3.4 3 2.7 2.5 2.8 2.2 2.1 1.9 1.6 1.4 1.2 1 0.7 0.5 0.3 0.1 -0.1 -0.4 -0.6 -0.8 -1 -1.3 -1.3 -1 -0.6 -0.3 0.1 0.4 0.5 0.5 0.6 0.6 0.7 0.7 0.6 0.5 0.5 0.5 0.5 0.5 0.4 0.3 0.3 0.3 0.4 0.4 0.3 0.3 0.3 0.3 0.2 0 -0.2 -0.2 -0.3 -0.5 -0.6 -0.8 -1 -1.3 -1.3 -1.3 -1.3 -1.3 -1.3 -1.3 -0.7 -0.7 -1.3 -1.3 -1.3
14.9 14.2 13.1 11.7 10.1 8.4 6.6 5.6 5.2 4.9 4.8 4.1 3.5 3.1 2.7 3.1 3 2.2 2.2 2 1.7 1.5 1.3 1.1 0.8 0.6 0.4 0.2 -0.1 -0.3 -0.5 -0.8 -1 -1.3 -1.3 -0.7 -0.3 0 0.3 0.7 0.8 0.8 0.9 0.9 1 0.9 0.8 0.8 0.8 0.8 0.8 0.7 0.6 0.6 0.6 0.7 0.7 0.7 0.6 0.6 0.6 0.6 0.4 0.3 0.1 0.2 0.1 0 -0.2 -0.3 -0.4 -0.5 -0.5 -0.5 -0.3 0 -0.1 0.3 0.8 0.8 1 1.3 2.2
13.8 12.6 11.5 10.5 9.2 7.8 5.9 5.7 5.5 5.1 5.3 4.7 4 3.2 2.9 2.6 2.4 2.3 2.2 2.1 1.9 1.6 1.4 1.2 1 0.7 0.4 0.2 -0.1 -0.4 -0.7 -0.9 -1.2 -1.3 -1.3 -0.6 0 0.3 0.6 0.9 1.1 1.1 1.2 1.2 1.2 1.1 1.1 1 1 1 1 1 0.9 0.8 0.9 1 1 1 0.9 0.9 0.9 0.9 0.7 0.5 0.5 0.6 0.5 0.4 0.3 0.2 0.1 0.1 0.2 0.2 0.4 1 1.3 2 3.2 4.1 5.4 6.4 10
13 12 10.9 9.8 8.8 7.3 6.4 5.9 5.6 5.3 5.2 5.1 4.2 3.4 2.8 2.6 2.4 2.2 2.2 2.2 1.9 1.6 1.4 1.1 0.8 0.5 0.3 0 -0.3 -0.5 -0.8 -1.1 -1.3 -1.3 -1.3 -0.5 0.1 0.6 0.9 1.1 1.4 1.5 1.5 1.5 1.4 1.4 1.3 1.3 1.3 1.3 1.3 1.2 1.2 1.2 1.2 1.3 1.4 1.4 1.2 1.2 1.2 1.1 1 0.9 1 1 0.9 0.9 0.7 0.7 0.7 0.7 0.9 1 1.1 1.7 3.4 5.9 6.7 8.4 14.4 26.4 23.1
12.7 11.7 10.6 8.5 8.1 6.6 6.1 5.9 5.8 5.2 4.3 3.7 4.3 4 2.9 2.6 2.3 2.2 2.2 2.2 2 1.7 1.3 0.9 0.7 0.4 0.1 -0.2 -0.4 -0.7 -1 -1.2 -1.3 -1.3 -0.7 -0.1 0.3 0.8 1.3 1.5 1.7 1.8 1.8 1.7 1.7 1.6 1.6 1.5 1.5 1.5 1.6 1.5 1.5 1.5 1.6 1.6 1.7 1.7 1.6 1.5 1.5 1.4 1.3 1.3 1.4 1.4 1.3 1.4 1.3 1.3 1.2 1.4 1.6 1.7 1.9 2.9 4.9 7 9.7 20.6 18 32.2 31.9
12.4 11.4 9.5 7.8 7.1 5.9 5.7 5.5 5.4 5.1 4.1 3.1 4.1 4.2 3.2 2.7 2.7 2.5 2.2 2.2 2.2 1.9 1.5 1.2 0.8 0.4 0 -0.3 -0.6 -0.8 -1.1 -1.3 -1.3 -0.5 0.1 0.5 0.9 1.2 1.5 1.9 2.1 2.1 2.1 2 1.9 1.8 1.8 1.8 1.8 1.8 1.8 1.8 1.7 1.8 1.9 2 2 2 1.9 1.8 1.8 1.7 1.6 1.7 1.8 1.8 1.8 1.8 1.8 1.8 1.9 2 2.5 5.3 15 18.8 21.9 27.2 18.5 31.6 32.9 22.1 36.6
11.9 10.4 7.1 6.3 6.5 6 5.3 5.1 4.7 4.5 4.4 3.6 3.6 4.4 3.6 2.9 3.1 2.9 2.3 2.2 2.2 1.9 1.5 1.2 0.8 0.5 0.1 -0.2 -0.6 -1 -1.3 -1.3 -0.2 0.3 0.8 1.2 1.7 2 2.2 4.8 5.1 4.4 3.1 2.2 2.1 2.1 2.1 2.1 2.1 2.1 2.1 2.1 2.1 2.1 2.2 2.3 3.1 2.9 2.2 2.1 2.1 2 2 2.1 2.2 3.3 2.8 3.1 3.4 4.6 7.7 10.3 15.2 18.4 27.8 31.6 33.2 34 24.5 36.6 38.6 33 38.9
11.4 9 7.1 6.3 7 6.2 5.2 4.7 4.1 4 4.5 3.8 3.4 3.3 3.3 3.2 3 2.7 2.3 2.3 -1.3 2.2 1.5 0.3 0.1 -0.3 -0.6 -1 -1.3 -1.3 -1.3 -0.1 0.6 1.2 1.6 2.1 3.5 3.9 5.2 6 5.9 6 6.8 6.9 6.6 3.4 2.2 2.2 2.5 3.5 3.9 4.6 3.9 3 4.3 5.2 4.8 6.7 6.2 8.3 6.1 5.3 5.2 5 6.1 6.6 7.8 10 11.8 15.7 24.8 28 26.9 31.1 28.4 36 37.7 38.9 30.5 39.3 41.5 42.6 38
9.5 8.2 6.9 6.6 7.3 7.3 5.4 4.7 3.6 4 4.4 4.1 3.8 3.5 3.3 3.2 2.8 2.5 2.4 2.3 -1.3 -1.3 2.2 0.4 -1.3 -1.3 -1.3 -1.3 -1.3 -1.3 0 0.9 1.6 2.1 3.3 5.6 6.4 6.8 8.4 8.5 10.1 8.8 7.2 10.1 9.5 8.3 9.7 10 8.2 7.4 8 9 10.5 10.9 10.5 12.3 15.7 15.7 16 21.1 20.2 16 17.2 17.4 19.6 22.3 16.5 26.8 28.2 29 31.2 34.3 34.5 36.7 30.6 39.3 41.4 42.3 37.4 40.8 44.5 44 38
9.2 7.7 8.5 8.1 7.4 8 7.8 7.1 5.5 5.3 5 4.9 4.5 3.8 3.6 4 3.5 2.5 2.3 -1.3 -1.3 -1.3 -1.3 -1.3 -1.3 -1.3 -1.3 -1.3 1.3 1.5 1.6 2.1 3.3 5.7 7.6 9.4 9.7 9.3 9.4 10 11.8 13.2 9 7.8 15.7 17.5 18.1 18.5 19.5 19.8 19.8 18.9 20.8 21.4 22 22.5 22.7 21.5 15 23.4 22.9 24.6 25.1 25.4 26.2 26.1 19.6 30.3 32.6 34.2 36.7 38.2 39.9 41.2 40.9 40.8 44.4 45.5 45.8 40.2 47.6 47.8 44.6
9.3 9.2 8.6 8.1 8.6 8.5 8.2 7.2 6.2 5.9 5.7 5.5 5.6 4.8 4 4.7 3.9 2.7 2.3 -1.3 -1.3 -1.3 3.8 3.7 4.2 4.2 4.4 4.9 5.9 5.5 6 6.4 6 7.6 10.2 11.1 11.1 10.9 12 12.4 13.3 14.4 15.7 13.6 9.6 16.5 19.9 17.2 21.4 22.4 22.9 23.4 24 24.5 24.5 24.8 25.4 25 19.2 25.3 25.6 27.2 27.1 27.7 29.6 29 27.9 35.7 37.5 39 41.2 42.1 43.3 44 44.9 42.8 46.7 48.1 48.5 41.6 49.1 49.4 48.3
9.6 9.7 9.1 8.8 9.2 8.8 8.4 7.5 6.8 6.6 6.4 6.2 6.6 5.9 5.1 5.4 4.4 3.7 4.5 6 6.2 6.9 6.5 6.1 4.8 5 6.1 6.9 9.6 11.1 10 11.2 11.5 11.8 11.9 12.1 12.4 12.9 13.2 14.1 15 16.4 18 20.7 20 13.5 23.8 24.2 23.8 25.5 26 26.5 26.8 26.9 26.9 27.1 27.1 26.3 22.6 27.3 28.2 29.6 29.4 30.8 33.7 34.1 28.8 39.5 41.8 43 44.3 45.3 46 46.7 47.6 48.2 47.4 49 50.1 43.3 51 50.8 50.9
10.6 10.8 10.2 9.9 9.5 9.2 8.9 8.2 7.5 7.3 7.7 8.2 8.1 7.6 6.9 5.6 5.6 6.8 7.7 7.9 9.6 10.5 11.4 11.4 10.4 11 11.7 11.8 12 12.5 12.7 13 13.4 13.8 14.9 15.9 16.8 17.6 18.9 20.2 21.1 22.5 24 24.9 24.4 14.6 24.6 27.1 26.9 28.3 28.5 28.7 28.8 28.2 28.1 28.4 26.5 20.9 28.8 30.7 31.3 31.7 33.1 35.1 38.1 38.7 30.6 41.4 44.5 46.1 47.3 48 48.7 49.4 50.7 50.6 49.8 50.6 51.5 48.7 52.3 52.9 53.6
12.3 11.4 11.3 11 10.6 10.2 9.3 9.1 8.2 8.5 9.2 9.8 9.5 9.4 8.7 7.1 7.1 9.3 10 10.4 11.1 12 12.8 13 13 13 12.8 12.9 13.4 13.9 14.5 15.8 17.5 18.9 20.2 21.4 22.4 23.4 24.8 25.9 26.8 27.3 27.8 28.4 28.4 17.7 26 28.8 28.4 29.5 29.5 29.3 29 28.3 27.6 25.7 27 30 30.8 33.4 35.7 37.1 39.1 40.9 42.7 43.4 41.2 35 46.5 48.4 50.3 50.4 51 51.7 52.3 53.2 53.2 52.7 53.5 54.2 54.1 55 56
14 13.1 12.5 12.1 11.6 11 9.5 10.6 9.6 10.1 10.9 11 10.7 11.5 11.7 11.1 10.6 10.8 11.7 12.2 12.6 13.5 14 14.2 14.2 14.2 14.2 14.8 16.4 17.3 18.7 20.2 21.8 23.4 24.8 26.1 27.2 27.8 28.9 30 30 30.1 30.5 31.3 30.5 18 29.1 29.9 29.8 30 30.1 29.8 29.6 29.7 29.9 28.3 31.6 33.7 35.8 37.4 39.5 41.3 43.3 45 46.3 47.4 47.5 40 47.7 51.4 52.1 52.7 53.3 53.9 54.5 55 55.2 55.3 56.3 53.2 57.2 58.2 58.6
15 14.3 13.6 13.2 12.7 12.1 11.8 11.7 13 13 13.5 13.1 12.4 14.5 14.8 14.4 13.9 13.4 13.5 13.9 14.4 14.7 15.2 15.3 16.1 17.8 19.1 20.2 21 22.5 23.5 24.7 26.3 28 29.3 30.4 30.8 31.8 32.2 32.6 32.8 32.7 32.7 32.6 26.6 19.4 29.6 31.3 31.3 31.2 31.4 31.9 32.4 32.6 32.5 33.3 35.3 36.8 40.4 42 43.8 45.3 46.3 47.3 48.5 50.2 50.7 48 45.1 52.9 54.6 55.3 56 56.6 57.3 57.6 57.3 57.9 59.1 59.4 59.8 61.4 61.4
16.6 15.1 14.8 15.1 15 14.5 14.4 14.3 15.5 15.3 16.2 16.9 15.8 16.5 18.2 17.5 16.8 16.1 15.8 16.2 16.5 16.6 17.4 19.3 21.3 22.9 24 25.1 26.2 27.5 28.4 29.4 30.7 32.3 33.1 34.1 34.7 34.5 34.5 34.6 34.4 34 34 28.7 25.9 29.6 32.7 32.7 32.7 32.7 33.3 33.5 34 34.5 36.5 38.2 37.3 41 45 45.5 47.9 49.4 50.2 51 51.9 52.4 53.2 52.8 50.5 52.7 57 58 58.7 59.4 60.1 60.4 60 60.6 61.9 62.6 62.6 64.5 65.6
17.1 18.3 18.5 18.2 18.1 17.5 16.9 17.2 18 17.7 18.4 19.5 19.1 16.9 21.2 20.7 20.1 19.5 18.9 19 19.6 20.8 22.2 24 26.1 27.9 29 30.2 31.2 32 33.2 34.4 35.3 36.2 36.6 37.3 37.2 36.6 36.4 36.2 36.6 35.2 34 23.6 34.6 33.9 34.1 34.1 34.1 34.3 35.2 35.4 36.5 38.9 40.9 42.8 44.5 46 48.4 49.8 51.2 52.6 53.5 54.4 55.3 56.1 56.6 54.9 56.4 52 57.9 60.8 61.6 62.3 62.7 62.5 63.3 63.8 64.5 65.5 64.5 67.7 68.8
19 21.3 21.2 21.1 21.1 20.6 19.6 19.4 20.1 19.8 20.1 21.2 21.5 20 22.4 23 22.9 22.3 23 23.6 25 26.3 27.6 29.4 31.3 32.5 33.4 34.3 35.2 36 36.7 37.7 38.9 39.3 39.2 39.1 38.8 38.1 37.4 36.6 35.8 35.9 28.4 34.1 35.3 35.8 35.2 35.5 35.5 36.3 37.1 38.1 39.9 41.6 44.6 47.5 48.8 50 51 52.3 53.7 55.7 56.7 57.7 58.6 59.2 58.1 59.1 60 55.6 61.1 63.7 64 64.2 65.4 65.6 66 66.7 68 69.3 69.8 71.3 73
21.6 23.4 23.5 23.2 22.2 21.7 21.8 22.1 22 22.1 22.2 22.8 23.3 21.6 21.8 25.5 26.3 26.6 27.3 28.8 30.7 31.9 33.1 34.4 35.6 36.7 37.8 38.5 39.2 39.9 40.6 41.3 41.8 41.5 40.6 40 39.4 38.3 37.7 36.4 35.1 31.6 30.1 35.6 36.6 37.1 37 37 37.1 38.3 39.9 41.5 44.7 47 48.2 51 52.6 50.4 55 56.6 57.7 58.8 59.9 60.8 61.8 61.8 62.5 63.8 61 57.4 62.7 65.4 66.2 67.1 68.1 68.8 69.5 70.6 72.2 73.8 73.8 77.4 78.5
24.7 26.5 25.6 24.5 23.6 23.6 23.8 24 24.6 24.6 24.7 25.3 25.6 25.7 22.3 27.6 30 31.2 32.1 33.1 35 36.4 37.3 38.4 39.6 40.8 42 42.6 42.4 42.4 43.1 43.7 42.9 42.6 41.2 40.7 39.9 38.7 37.2 35.6 32.8 28.8 34.1 36.6 37.6 38.3 38.4 38.5 39 41 43.4 45.9 49 51.2 52.1 54.9 56.3 57.2 59.4 60.7 61.8 62.8 63.7 64.1 64.9 65.4 66.1 66.1 62.4 63 63.4 68.3 69.5 70.7 71.8 73.1 74.2 74.5 76.5 79.1 78.7 83.7 83.5
27.4 28.5 25.6 25.3 25 25 25.9 27 27.1 27.1 28 29 29.4 30 26.2 32.1 34.5 35.7 36.8 37.9 39.3 40.7 41.5 42.4 43.5 44.7 45.3 46.2 46.1 44.9 45.6 44.8 44 43 41.4 41.1 40.3 37.8 35.7 34.5 32.3 35.5 37.1 38.1 39.1 40 40.2 40.4 42.2 44.6 47 50.3 53.3 55.2 56.4 58.8 60.7 61.8 62.3 64.7 65.8 66.6 67.2 67.3 67.5 66.7 68.9 68.7 64.1 66.9 68.9 71.7 73.1 74.2 75.4 76.8 79.1 78.8 82.1 84.9 85.6 89.7 90.5
29 29.1 28.3 28.3 27.3 27.4 29 29.5 29.5 30.9 31.8 32.8 33.6 33.5 29.2 35.4 39 40.3 41.5 42.6 43.2 44.9 45.6 46.5 47.5 48 48.4 48.3 47.9 47.4 46.2 45.1 44 42.1 40.3 39.9 38.6 35.7 35.4 35.9 36.5 36.6 38.1 39.7 40.9 41.7 42.2 43.4 46 48.4 51.8 54.2 57.1 59.4 60.2 62.3 64.8 66.5 62.2 68.6 68.8 68.9 69.1 69.2 69.3 69.9 70.9 72.4 67.3 69.1 74.4 75.6 77.3 78.6 79.9 82.1 84.4 84.9 88.4 90.8 94.6 95.9 98.5
