public/OST50/NH76.asc
ncols 200
nrows 200
xllcorner 270000
yllcorner 860000
cellsize 50
[rows 111 to 147 of 200, columns 83 to 165 of 200]
105.3 106.7 107.9 109 109.6 110.3 110.6 111 111.9 112.7 113.1 114.5 115.5 116.8 118.3 120 121.9 123.6 124.9 126.2 128.2 128 127.6 127.9 128.8 129.8 130.2 131.2 131.5 131.7 132 132.6 133.8 134.9 135.9 136.8 137.8 138.7 139.7 141 142.5 142.5 142.9 142.7 142.7 142.8 142 141 140.1 139.5 138.7 137.6 136.4 135 134.3 133.1 131.9 130.7 129.4 128 126.5 125.1 124.2 122.8 121.1 119.2 117.5 115.7 113.9 112.1 110.3 108.8 107.4 105.4 103.5 101.7 99.8 97.6 95.5 93.2 90.2 87.6 84.8
109.9 110.7 111.4 110.8 113.2 113.4 112.9 113.3 114.2 115.1 116 117.1 118.6 120.1 121.7 123.4 125.1 126.4 127.5 128.5 130.4 129.7 129.1 129.7 130.6 131.4 132.2 132.8 133 133.3 133.5 134.2 135 136.6 138 139 140.1 141.1 142.1 142.6 142.6 143.1 143.3 143.1 142.9 141.9 140.8 139.7 138.6 138.1 137.6 136.3 134.9 133.4 132.4 131.2 130 128.9 127.7 126.1 124.5 123.1 122.1 120.6 118.9 117.2 116 114.1 112.4 111 109 107.2 105.7 103.8 101.9 99.8 97 94.7 92.8 89.8 87.4 85.5 82.7
113.7 114.3 114.7 113 115.2 115.8 116.3 116.2 117.1 118 119.1 120.6 122.1 123.4 125.1 126.8 127.8 128.8 129.9 131 131.8 132.7 132.5 133 133.2 133.3 133.8 134.5 134.7 135 135.2 136.3 137.1 138.3 140 140.9 141.8 142.6 143.1 143.1 143.4 143.5 143 142.7 142.3 141 139.7 138.5 137.4 136.6 135.9 134.6 133.3 131.9 130.5 129.3 128.1 127 126 124.4 122.5 121.4 120.7 119.1 117.4 115.7 114.3 112.8 111.5 108.2 106.6 105.4 104.1 102.1 100 97 95.6 94 91.7 88 79.7 81.2 79.8
116.9 117.3 117.2 117.1 117.9 118.1 118.9 119.2 120.1 121.2 122.4 124.1 125.6 126.7 128.3 129.5 130.4 131.1 132.2 133.2 133.5 134.4 134.7 134.7 134.9 135.2 136 136.3 136.5 136.6 137.3 138.4 139.3 140.6 141.6 142.3 142.7 143.2 143.6 143.7 143.9 143.1 142.6 142.2 141.6 140.4 139 137.6 136.3 135.1 134.1 132.8 131.5 130.2 128.9 127.6 126.6 125.4 124.3 123.2 122 120.9 119.6 117.8 116.1 114.4 113.5 105.1 95.8 98.5 97.5 99.2 97.7 92.6 88.6 86.8 82.9 85.7 83.9 78 69.6 67.9 71.7
119.3 119.6 119.5 119.5 120.2 120.5 121.4 122.1 123.2 124.5 125.7 127.6 128.9 129.9 131.2 132.1 133 133.5 134.4 135.4 135.5 135.8 136 136.1 136.9 136.7 137.8 138 138.1 138.3 139.4 140.4 141.5 142.5 142.8 143.1 143.4 143.8 144.2 144.2 143.5 142.8 142.2 141.7 140.5 139 137.6 136.3 135.3 134.2 132.8 131.3 130 128.8 127.8 126.8 125.7 124.6 123.4 122.2 121.2 119.9 118.6 117 115 113.1 110.1 100.9 83.7 68.8 67.6 79.9 89.9 65.6 54.8 78 72.3 71.9 70.8 61.7 52.6 57.8 59.1
121.2 121.7 121.7 122 122.5 123.3 124.4 125.5 126.6 128.4 129.4 130.4 131.8 132.9 133.7 134.5 135.4 135.8 136.1 137.1 137 137.6 137.7 138.1 138.7 138.4 139.4 139.6 139.8 140.4 141.4 142.5 143 143.5 143.7 144 144.2 144.5 144.4 144 143.1 142.5 141.4 139.9 138.5 137.8 136.8 135.8 134.8 133.7 132.4 130.8 129.1 127.9 126.8 125.8 124.7 123.8 122.5 121.3 119.8 118.1 116 115.6 114.2 107.6 94.6 84.5 70.7 82.3 72.1 44.4 55.6 41.2 50.7 42.9 38.7 54.9 51.5 24.9 24.8 29.8 46.4
123.3 123.9 124.7 125.1 126 126.8 128 129.1 130.2 131 132.2 133.5 134.5 135.2 135.9 136.7 136.7 137.2 138 138.7 138.8 138.9 139.4 139.9 140.2 140.5 140.9 141.2 141.4 142.4 143 143.5 144.1 144.6 144.8 145.1 144.8 144.4 144.1 143.2 141.7 141.4 140.3 138.2 137.5 137.2 136.3 135.3 134.3 133.1 131.9 130.4 128.9 128 126.2 124.5 123.5 122.8 121.5 119.2 117.8 116.6 111.6 106.5 106 101 78.1 74.1 86.1 94.7 87.2 71.4 54.1 59.9 51.5 56 53.3 41.1 34.5 32.8 30.6 14.6 12.1
126.1 127.1 128.1 129.1 129.7 130.4 131.4 133.1 133.3 133.3 134.5 135.7 136.8 137.5 138.2 138.8 138.3 138.7 139.6 139.8 139.9 139.9 140.4 141.3 141.9 141.9 142.2 142.6 143.3 143.8 144.2 144.6 145.1 145.6 145.3 145 144.6 144.2 143.9 142.2 141 139.8 138.6 137.1 136.5 136.4 135.7 134.8 133.7 132.6 131.4 130 128.6 126.9 123.7 119.8 118.2 120.7 114.9 110.2 106.9 108.4 102.5 93.6 92.2 89.6 78.7 91.7 97.5 101.4 95.2 90.4 83.8 77.7 74.9 79.6 76.4 71 61.1 59 57.9 56.6 21.7
129.3 130.3 131.3 132.3 132.8 133.4 134.3 135.7 136.4 137.1 136.7 137.9 139.1 139.6 140 140.5 140.9 140.5 141.3 140.8 140.9 141 141.5 142.4 143.4 143.9 143.8 144.3 145.1 146.1 146.5 146.3 146.1 145.5 144.8 144.5 144.1 143.7 142.5 141.8 140.6 139.4 139 138.3 136.8 136.1 134.5 134.1 133.2 132.1 130.7 129.2 127.8 125.4 115.7 105.3 104.7 103.2 102 101.3 100.7 97.7 98.7 106.2 107.5 102 95.7 103.3 106.4 104.7 103 99.7 88.9 80 92.5 92.1 87.9 84.3 77.8 64.9 43.7 23.2 6.1
132.5 133.4 134.4 135.3 135.3 136.1 137.2 138.5 139.1 139.8 139.1 140.4 140.8 141.2 141.6 142.2 142.8 142.5 143.3 143.4 143.4 143.5 143.8 144.4 145 145.6 145.9 146.1 146.7 147 146.8 146.6 146.2 145.3 144.3 143.9 143.5 142.6 141.9 141.2 140.4 139.5 139.1 138.2 137.3 136.4 135.1 133.1 131.6 129.7 128.3 125.8 123.6 118.9 109.1 115.4 117.9 116.5 115.5 118.3 114.6 111.3 113.7 114.1 113.3 112.1 110.3 109.6 108.1 105.9 102.4 92.6 86.1 96.2 97.3 79.7 60.1 42.8 47.5 33.1 14.9 2.2 -1.3
135.6 136.5 137.5 138.2 138 138 140.4 140.7 141.8 141.2 141.5 142.4 142.5 142.8 143.3 143.9 144 144.2 144.9 145.1 145.3 145.4 145.8 146.3 146.7 146.4 146.6 146.8 146.5 146.9 146.8 146.2 145.4 145.2 144.1 143.4 142.7 142 141.3 140.6 140 139.6 139.1 138.2 137.2 136.2 135.6 134.6 133.3 131.4 130.1 128 125.1 111.4 109.4 124.2 124.3 123.4 121.5 120.4 119.3 117.9 116.8 115.4 113.4 112.3 111.1 109.1 107.1 101 94.6 93.3 100.4 99.7 96.7 77.6 52.3 22.8 16.3 9.1 2.1 -1.3 -1.3
137.7 139.6 140.5 140.8 140.9 140.9 142.4 141.9 143.1 143.1 143.4 144.3 144.4 144.5 145.4 146 146.3 146.4 146.4 146.6 146.8 147 147.3 147.4 147.1 146.9 147.2 146.5 146 146.4 146.2 145.4 144.6 144.3 144 142.7 142.2 141.7 141 140.4 139.8 139.4 139.1 137.9 136.8 136.4 135.8 134.7 133.4 131.7 128.7 123.7 112.5 114.5 124.6 125.9 125.5 124.3 122.5 120.9 119.5 118.6 116.9 115.5 114.9 114.1 112.8 111.5 109.8 106.6 96.8 104.7 103.7 100.9 81.6 57.8 36.5 15.8 9.5 5.6 1.1 -1.3 -1.3
141.3 142.1 142.8 143.6 144.1 144.3 145 145.3 145.5 145.7 145.8 146.2 146.4 147.3 147.7 147.9 148.3 148.3 147.8 148 148.2 148.4 148.2 147.8 147.6 147.5 147.1 146.2 145.6 146 145.7 144.7 143.8 143.9 143.1 141.9 141.4 140.9 140.5 140 139.1 139.3 138.3 137.4 136.8 136.2 135 134.2 132.8 129.7 125.7 113.4 119.3 127.3 127.7 126.8 125.6 124.4 122.8 121.8 121.2 120.3 119.4 119 118 116.8 115.6 112 109.4 107.2 108.7 109.8 102.5 83.6 71.2 46.7 25.8 11.2 6.7 1.8 -1.3 -1.3 -1.3
144.4 144.2 144.8 145.8 146.2 146.6 147.2 147.5 147.7 147.9 148.1 148.4 149.1 149.8 149.9 150 150.2 150.2 149.6 149.3 149.6 149.5 149 148.4 148 147.8 146.8 145.8 145.2 145.4 144.5 144.4 143.5 142.9 142.1 141.3 140.7 140.2 139.6 138.9 137.9 138.2 137.6 137 136.6 134.5 130.3 124.4 118.8 116.9 115.9 120.5 129.5 129 128.1 127.4 126.6 126.2 125.2 124.7 123.8 123.3 122.5 121.7 120.6 119.4 117.7 112 116.2 116.9 116.1 114.1 89.4 69.3 56.7 28.6 12.6 4.2 1.9 -1.3 -1.3 -1.3 -1.3
146.9 146.5 146.9 148 148.1 148.2 149.2 149.6 150 150.2 150.6 151 151.6 152 152.1 152.3 152.3 151.8 151.5 150.9 150.8 150.3 149.8 149.1 148.4 147.4 146.5 145.5 144.8 144.7 143.6 143.7 142.6 141.7 141 140.1 139.3 138.6 137.9 137.1 136.9 136.7 136.4 135.7 135 130.1 122.6 121.8 124.7 128.9 132.3 132.8 132.1 131.5 130.9 130.2 129.9 129.6 128.4 127.5 127.1 126.6 125.8 123.6 122 120.8 120 120.4 124.5 123.5 121.7 109.5 78.8 53 33 10.3 3 1 -1.3 -1.3 -1.3 -1.3 -1.3
148.8 149 149.1 150.3 150.4 150.4 150.8 151.4 152.3 152.7 153.1 153.6 154.1 154.1 154.1 153.9 153.1 152.5 152.3 152 151.2 150.5 149.8 149.1 147.6 146.5 145.9 145 143.9 143.7 142.8 141.8 141.2 140.4 139.4 138.4 137.6 136.9 136.2 136 135.9 135.7 135.4 133.8 125.9 122.2 126.2 132.4 135.4 135.9 135.9 135.1 134.8 134.5 133.7 133.5 133.2 133 131.8 131.4 130.6 129.7 126.2 123.1 125 125.8 126.7 130.6 131.8 128.3 116.7 93.9 62.9 30.3 13.5 3.4 1.1 -0.2 -1.3 -1.3 -1.3 -1.3 -1.3
151 151.4 151.3 152.6 152.7 152.7 153.3 154.3 154.8 154.9 155.5 156 155.9 155.9 155.5 154.6 153.8 153.3 153 152.1 151.1 150.4 149.7 148.4 146.7 145.7 145 144.4 143.4 142.4 141.5 140.4 139.6 138.9 138.2 136.7 135.9 135.6 135.5 135.4 135.4 135.6 134.6 129.1 124.5 132.9 136.1 136.9 137.3 137.6 137.7 137.4 137.1 136.8 136.5 136.8 136.6 136.4 135.7 133.1 130.6 130.8 131.3 134.1 134.7 134.7 136.7 136.6 116.3 101.1 95.1 74.4 44.5 12.3 6.8 1.8 0.4 -1.3 -1.3 -1.3 -1.3 -1.3 -1.3
153.3 153.7 153.5 154.9 154.7 155.2 155.9 156.8 157.7 158 157.9 158 157.7 157.1 156.2 155.3 154.5 154 153 152.1 151.1 150.4 149.2 147.5 145.9 144.8 144.1 143.5 142.6 141.3 140 138.8 138 137.4 136.7 135.5 135.4 135 135.1 135.1 135.2 135.2 135.4 128.4 125.8 136.8 137.4 138.1 138.4 138.7 138.8 139.7 139.8 139.4 139.7 139.6 139.8 139.3 140.1 139.7 143.4 144 144.6 145.9 144.6 142.8 140.1 134.6 105.4 80.8 62.5 56.6 24.3 5.8 1.7 0.8 -1.3 -1.3 -1.3 -1.3 -1.3 -1.3 -1.3
155 155.2 155.9 157.2 157.2 157.8 158.6 159.3 160.3 160.2 159.9 159.1 158.4 157.7 156.9 156 155.1 153.9 153 152.1 151.1 150 148.3 146.7 145 144 143.2 142 140.9 139.8 138.6 137.3 136.7 136 135.3 135 135 135.2 134.9 134.9 135.5 135.1 129.2 128.1 136.7 138.1 138.7 139.2 140 140.7 141.1 141.7 141.7 142.8 143.8 143.6 145.4 151.8 157.3 161.4 162.2 160 155.4 150 145.6 143.1 137.2 130.3 114.2 96.5 69.8 33.4 15.7 1.9 0.8 -0.3 -1.3 -1.3 -1.3 -1.3 -1.3 -1.3 -1.3
157.2 157.9 158.6 159.6 159.8 160.4 161 161.7 162.1 161.7 160.5 159.8 159 158.2 157.5 156.6 155.2 153.8 152.6 151.7 150.8 149.3 147.5 145.8 144.2 143.2 142 140.4 139.3 138.1 137.1 136.5 136 135.5 135.4 135.2 134.7 135 135.1 134.9 135.2 131.1 126.6 136.2 137.7 139 140.1 140.6 141.5 142.5 143.6 144.1 144.8 146.4 148 155.5 162.9 169.9 172.3 173.3 171.9 169.4 161.9 157.5 151.7 144.9 129.4 117.5 109.4 89.1 56.9 23.4 10.4 1.5 0.2 -1.3 -1.3 -1.3 -1.3 -1.3 -1.3 -1.3 -1.3
159.9 160.6 161.3 162 162.5 163 163.6 163.9 163.3 162.8 161.5 160.4 159.6 158.8 158 156.5 155.4 153.9 152.5 151.3 150.1 148.5 146.9 145.2 143.3 141.4 139.8 139 138.2 137.1 136.6 136.3 135.9 135.1 135.1 135.2 135 134.2 135.6 131.6 128.9 129.2 134.8 137.6 138.2 139.5 140.9 142 142.9 144.2 145.4 147.4 149 149.9 156.8 169.5 176.8 181.3 179.9 177.9 175.2 170.6 165.1 158.7 152.5 146.2 124.9 110.9 96.9 71.1 46.8 17 8.2 1.4 0 -1.3 -1.3 -1.3 -1.3 -1.3 -1.3 -1.3 -1.3
162.5 162.8 163.6 164.3 165 165.6 165.3 165 164.3 163.5 162.6 161.5 160.1 159.3 157.7 156.2 155.2 153.6 152.2 150.7 149.1 147.3 145.6 143.9 142.1 140.7 138.9 137.9 137.1 136.7 136.4 136 135.7 135 134.7 134.9 135.1 133.5 131.2 131.4 134.9 136 137 138.3 139.3 140.5 141.9 143.3 145.3 146.7 148.3 150.5 154.2 157.4 168.1 177.9 183.6 183.7 181.2 178.1 174.4 169.5 164.3 157.8 149.9 139.6 114.3 87.8 76.4 55.4 25.3 10.8 7.5 1.2 -0.3 -1.3 -1.3 -1.3 -1.3 -1.3 -1.3 -1.3 -1.3
165.2 165.8 166.3 166.8 167.1 166.8 166.4 165.7 165.1 164.3 163.1 161.5 160.3 158.7 157.4 155.9 154 152.5 151 149.4 148 146.2 144.4 142.7 141.4 140 138.5 137.7 137.1 136.7 136.3 135.9 135.3 134.2 133.5 133.2 131.4 133.3 134.4 135.2 135.8 137.4 138.2 139.1 140.7 142.1 143.6 145.4 147.6 149.7 151 154.9 159 166.3 176.1 183.5 184.4 184.2 181.2 177 172.3 167.4 161.3 154 145.2 133.4 103.2 72.3 59.9 44.5 24.3 10 7.7 0.7 -1.3 -1.3 -1.3 -1.3 -1.3 -1.3 -1.3 -1.3 -1.3
168.2 168.4 168.5 168.5 168.1 167.7 167 166.3 165.7 164.7 163.6 161.1 159.3 157.6 156.3 154.8 152.9 151.3 149.7 148.1 146.5 145.1 142.9 141.5 140.9 139.6 138.3 137.2 136.5 136 135.3 134.6 133.7 133.2 133.2 133.9 134.5 135.3 135.5 136.6 136.8 138.1 139.3 140.5 142.1 143.9 145.4 147.5 149.7 152.9 157.6 161 165.9 173.7 181.9 183.2 183.8 181.6 178.3 173.9 169.4 163.9 157.7 149 140.1 119.5 96.3 69.1 45.9 29.5 10.4 6.7 1.4 -1.3 -1.3 -1.3 -1.3 -1.3 -1.3 -1.3 -1.3 -1.3 -1.3
170.2 169.9 170 169.4 168.9 168 167.4 166.8 165.7 164.7 163.1 160.9 158.6 156.7 155.1 153.4 151.8 150.3 148.6 146.8 145.1 143.6 142.1 140.8 140.3 139.3 138.1 136.8 135.7 134.8 134.2 133.7 133.5 134.4 134.3 134.8 135.6 136.4 136.9 137.5 138.7 139.9 141.2 142.7 144.2 145.6 147.5 149.6 152.6 158 163.1 169.1 173.5 179 182 183.1 180.8 177.8 174.9 170.5 165.7 159.6 152.6 142.8 135.8 108.8 89.8 77.8 55.3 23.2 8 2 -1.3 -1.3 -1.3 -1.3 -1.3 -1.3 -1.3 -1.3 -1.3 -1.3 -1.3
171.5 171.4 170.8 170.2 169.4 168.2 167.8 166.9 165.7 164.5 162.4 160.3 158.1 156 154.1 152.5 150.9 149.3 147.9 146.2 144.3 143.1 141.7 140.4 139.6 138.6 137.6 136.5 135.2 134.3 134.2 133.9 134.9 134.7 135 135.7 136.5 137.4 138.3 139.3 140.6 141.8 143.1 144.8 146.3 148.4 150.4 153.7 158.2 162.6 168 175.1 178.5 181.1 182.2 180.9 178.6 174.6 171.5 167 161.6 154.2 147.2 137.1 120.7 93.8 70.8 63.4 45.4 13.5 4.3 0.5 -1.3 -1.3 -1.3 -1.3 -1.3 -1.3 -1.3 -1.3 -1.3 -1.3 -1.3
172.6 172.2 171.3 170.5 169.6 168.9 168.2 166.9 165.6 163.8 161.8 159.7 157.6 155.5 153.6 151.8 150 148.4 146.7 145.3 143.5 142.3 141.1 139.9 139 138 137 135.9 134.8 134 134 133.7 134.8 135.6 135.9 136.6 137.4 138.2 139 140.6 142.4 143.7 145.2 146.9 149.2 151.9 156 160 164 168.9 174.6 178.8 180.9 182 180.8 179.2 176 172.1 168 163.1 157.3 149.9 141.7 124.3 101.4 79.3 54.9 46.4 37.9 10.7 1.6 -0.1 -1.3 -1.3 -1.3 -1.3 -1.3 -1.3 -1.3 -1.3 -1.3 -1.3 -1.3
173.7 173 172.1 171 169.7 168.4 167.4 165.9 164.5 162.4 160.4 158.3 156.3 154.3 152.4 150.6 148.8 147.3 145.7 144 142.5 141.2 139.9 138.7 138 137.3 136.3 135.3 134.2 134.5 133.6 134.8 135.3 136.2 136.9 137.6 138.3 139 140.7 142.6 144.4 146.7 147.9 150.2 153.5 157.8 162.1 166.8 170.1 174.8 179.4 181.4 182.2 181.5 179.9 176.8 172.9 169.7 165.5 159.6 153 144.4 134.3 108.5 84.7 63.4 37.6 33.2 32.8 7.9 1.2 -1.3 -1.3 -1.3 -1.3 -1.3 -1.3 -1.3 -1.3 -1.3 -1.3 -1.3 -1.3
174.4 173.3 172.2 171 169.6 168 166.5 164.8 163 160.9 158.8 156.7 154.7 152.7 150.8 149.1 147.4 145.8 144.4 143.1 141.6 140.1 138.7 137.4 136.4 135.9 135.7 134.6 134.6 134.5 134.7 135.5 136 137.1 138.3 139.7 140.4 141.2 143.3 145.5 147.6 150.5 152.2 155.5 159.7 164 168.5 172.8 175.9 178.9 181.4 182.3 181.9 180 178.6 176.6 173.2 168.6 162.8 155.3 146.4 134.7 117.2 87.6 66.2 52.8 28 13.1 6.2 1.8 0.5 -1.1 -1.3 -1.3 -1.3 -1.3 -1.3 -1.3 -1.3 -1.3 -1.3 -1.3 -1.3
174.3 173.3 171.8 170.2 168.6 166.6 164.8 162.9 160.9 159.2 157.2 155.2 153.1 151 149.3 147.6 145.9 144.3 143.1 141.9 140.6 139.1 137.6 136.2 135.1 134.6 134.4 134.6 134.8 135 136.1 137.1 137.8 138.9 140.4 142.1 143.4 145.1 146.9 148.7 152.2 155.1 160.3 164.1 168.2 172.2 175.8 178.6 181.3 182.4 182.6 182.6 182.4 181.8 180.1 176.6 172.5 165.6 158.3 150.1 135.7 119.2 82.8 57.9 41.6 24.6 7.4 2.1 1.3 0.2 -1.3 -1.3 -1.3 -1.3 -1.3 -1.3 -1.3 -1.3 -1.3 -1.3 -1.3 -1.3 -1.3
173.8 172.1 170.5 168.9 166.9 164.9 163 160.8 158.9 157.1 155.4 153.6 151.5 149.6 147.9 146.2 144.5 143 141.8 140.6 139.5 138 136.5 135.7 134.2 133.6 135 135.2 135.4 136.5 137.6 138.7 139.8 141.2 142.8 144.8 146.7 149.2 150.9 154.3 159.1 162.3 166.9 172 176.2 179.7 182 183.8 184.7 185.1 185.4 185.5 185.3 183.1 179.8 174.8 168.2 160.4 150.6 140.4 125.1 88.7 57.7 32.3 9.1 3.8 1.6 0.2 -1.3 -1.3 -1.3 -1.3 -1.3 -1.3 -1.3 -1.3 -1.3 -1.3 -1.3 -1.3 -1.3 -1.3 -1.3
171.6 170.3 168.9 165.8 164.2 163.2 161 158.7 156.9 155 153.3 151.6 150 148.2 146.5 144.8 143 141.7 140.5 139.3 138.2 137 135.5 135 134.3 134.8 135.9 136 136.7 138 139.1 140.6 142 143.6 145.7 148 150 152.3 154.5 160.7 166.2 169.4 173.5 178.4 181.2 184.2 185.8 186.5 186.9 187.7 188.4 188 186.5 182.5 177.1 170.6 162.2 152.2 142.9 127.9 97.2 63.5 35 9.4 2.1 -1.3 -1.3 -1.3 -1.3 -1.3 -1.3 -1.3 -1.3 -1.3 -1.3 -1.3 -1.3 -1.3 -1.3 -1.3 -1.3 -1.3 -1.3
169.5 168.1 166.5 163.3 163.4 161.2 158.9 156.7 154.8 153 151.2 149.5 148.2 146.5 144.8 143 141.9 140.6 139.1 138.8 137.2 135.7 134.8 135.6 135.6 135.6 136.8 136.9 138.3 139.6 140.9 142.7 144.3 146.9 149.5 152.1 154.8 156.9 160.3 166.5 172 176.4 179.5 182.9 184.7 187.4 188.1 188.3 188.7 189.1 188.9 189.1 185.2 179 172 163.8 153.4 145.3 132.2 101.3 70.2 35.3 10.2 1.8 -1.3 -1.3 -1.3 -1.3 -1.3 -1.3 -1.3 -1.3 -1.3 -1.3 -1.3 -1.3 -1.3 -1.3 -1.3 -1.3 -1.3 -1.3 -1.3
167.6 165.9 163.5 161.5 161.1 159 156.9 154.6 152.8 151 149.1 147.8 146.5 144.8 143 142.1 140.9 139.6 138.3 136.7 135.1 134.4 136.6 136.2 136.2 137.1 138.9 138.4 139.9 141.2 143.1 145 147.6 150.4 153.6 157.6 161 163.2 166.1 173.7 179.6 182.7 184.5 186.9 188.1 189.2 189.9 190.1 189.8 189.5 189.4 187.6 181.8 173.7 165.1 155.9 148 135.6 119.6 82.1 47.2 14.3 2.1 0.3 -1.3 -1.3 -1.3 -1.3 -1.3 -1.3 -1.3 -1.3 -1.3 -1.3 -1.3 -1.3 -1.3 -1.3 -1.3 -1.3 -1.3 -1.3 -1.3
165.4 163.6 161.7 159.7 158.7 156.7 154.6 152.7 151 149.2 147.9 146.1 144.8 143.1 142.2 141.1 139.9 138.6 137.5 135.9 135.9 138.2 135.9 136 137 138.6 139.9 139.7 141.4 143.4 145.6 148.7 151.7 155.1 159.6 164.8 168.7 171.8 175 178.6 183.4 186.8 189.5 190.8 191.3 190.8 191.1 191.1 189.9 188.3 188.1 183.2 175.6 166.8 158.7 151 143.7 122.9 93.7 55.1 22.5 2.8 -1.3 -1.3 -1.3 -1.3 -1.3 -1.3 -1.3 -1.3 -1.3 -1.3 -1.3 -1.3 -1.3 -1.3 -1.3 -1.3 -1.3 -1.3 -1.3 -1.3 -1.3
163.2 161.4 159.7 157.9 156.4 154.3 152.6 150.9 149.2 147.6 146.6 144.6 143.3 142.3 141.3 140.1 138.8 137.6 136.5 136.4 136.3 136.1 136 136.5 137.7 138.7 140.4 141.9 144 146.4 149.3 153.1 156.4 161.5 166.7 172.7 177 180.3 182.4 184.4 187.3 190.8 192.8 193.3 192.5 192.2 191.6 190.2 188.7 185.9 181.9 177.7 169.3 162.2 154.3 147.1 140 94.8 55.7 26.6 3.3 -1.3 -1.3 -1.3 -1.3 -1.3 -1.3 -1.3 -1.3 -1.3 -1.3 -1.3 -1.3 -1.3 -1.3 -1.3 -1.3 -1.3 -1.3 -1.3 -1.3 -1.3 -1.3
161 159.2 157.5 155.8 154.2 152.5 150.8 149.1 147.7 146.4 145.2 143.7 142.5 141.5 140.3 139.1 137.8 136.6 135.9 136.1 136.8 136.5 136.4 137.8 139 140.4 142.6 144.5 147.4 150.3 154.2 158.4 163.6 169.1 174.6 180.8 185 187.7 188.9 191.7 193.7 195.3 195.2 194.3 194 193 191.9 191.1 189.1 185.3 180.1 174.2 158.6 134.5 150.2 142.5 114.9 67.8 31.3 4.5 0.7 -1.3 -1.3 -1.3 -1.3 -1.3 -1.3 -1.3 -1.3 -1.3 -1.3 -1.3 -1.3 -1.3 -1.3 -1.3 -1.3 -1.3 -1.3 -1.3 -1.3 -1.3 -1.3
