public/OST50/NH77.asc
ncols 200
nrows 200
xllcorner 270000
yllcorner 870000
cellsize 50
[rows 114 to 151 of 200, columns 0 to 86 of 200]
93.1 92.8 92.6 91.7 93.1 96 97.3 95.1 90.9 90.9 89.7 89.9 89.2 88.1 86.9 84.6 83.7 83 81.5 81 80.1 79.8 79.4 79.6 77.7 76.7 74.3 77 75.3 74 73.2 71.7 69.4 68.8 68.6 66.5 66.8 65.4 63.7 62.7 61.7 63.7 64.3 63.8 63.8 63.1 64.5 66.9 69.5 69.5 68.8 67.6 65.3 66.7 66.5 63.7 63.7 64 64.5 65.3 64.1 62.8 64.1 63.8 65.7 68.4 70.9 72.1 71.5 71.6 70.7 68.9 69.7 72 73.3 73 71.5 71 70.8 70.6 69.2 67.1 62.5 61.4 60.6 60.2 58.6
92.8 92.3 92.6 92.3 93.7 96.7 96.3 92.9 90.1 89.8 89 88.9 87 86.3 84 82.6 81.5 80.5 79.7 79.5 79.2 79.1 79.8 77.4 77.5 75.3 73.4 75.5 74.1 71.3 69.2 69 67.7 68.1 67.7 66.9 67 64.9 63.5 63 63.6 63.9 63.8 63.6 63.7 64.3 64.4 65 67.7 67.2 67 67.5 67.9 69.1 69.5 66.3 64.4 64.6 64.6 65.1 64.7 63.7 63.7 65.9 68 70 72.2 73.6 71.9 71.4 71.8 72.5 73.6 74.5 74.2 72.2 71.9 71.3 72 70.9 67.3 64.8 61.9 61.7 60.6 58.8 55.7
93 92.3 93.9 94.4 92.6 94.9 94.8 90.9 89.6 89.2 88.8 87.1 86.4 84.8 83.2 82 80.7 79.4 78.8 77.6 76.8 77.1 78.6 77.4 75.6 72.4 72.2 73.6 69.2 69.1 68.7 67.8 67.3 65.9 66.8 67 66.1 64.6 63.9 63.5 62.6 62.8 62.8 62.6 62.9 63.8 64.4 64 64.2 65.9 67 68.6 68.7 69.5 70 68.3 65.3 65.6 66.2 66.2 66.3 66.4 66.4 66.3 68.9 70.5 72.5 74.5 72.3 71.1 71.6 71.4 71.9 71.7 71 70.3 70 70.4 69.4 67.3 63.8 62 61.3 60.3 58.2 56.6 53.4
92.7 93.5 96.7 96.7 93.3 93.2 92.9 90.4 89.8 89.8 88.4 86.8 85.8 84.2 82.8 82.3 81.2 79.9 78.6 77.3 75.2 75 75.6 74.6 72 69.7 71.2 69.9 68.9 68.2 67 67.2 66.2 65.9 66.2 65.6 65.2 64.9 63.6 64.9 64.1 62.8 62.9 63.4 63.5 63.5 63.4 63.5 63.1 62.8 65.3 67.5 70.1 70.4 70.6 67.8 68 69.1 70.5 70.6 71.2 70.4 67.4 67.5 68.2 71 71.7 72.4 71.4 70.1 69.8 69.7 68.7 68.3 67.4 67.9 67.9 66.2 63.5 61.6 61.1 60.1 57.5 55.1 54 54.1 52.6
92.9 95.2 97.3 97.3 95.2 91.8 91.5 90.6 90.2 89.3 87.5 85.9 84.4 82.4 81.4 80.7 79.7 78.7 76.8 77 75.8 73.8 72.8 70.4 68.7 68.3 69.6 67.7 66.6 65.7 65.4 66.1 64.7 64.7 65.2 65 65.1 65.2 64 65.4 65.6 63.4 63.8 63.8 63.7 63.2 63.3 62.5 63 62.4 62.6 66.2 70.4 72.4 71.1 69 69.7 73.5 74 74.3 73.6 72.5 70.5 68.9 67.9 67.8 66.2 66.4 65.5 64.5 64.2 63.9 61.7 62.2 61.7 62.1 61.7 60.8 59.9 58.9 57.3 55.2 51.9 50.5 48.9 50.1 49.5
93.4 93 94.2 94.2 95 92.6 91.2 90.8 89.5 87.8 85.5 84.7 82.6 81 80.7 79.1 78.1 77.7 76.8 76.2 74.9 72.6 69.3 68.4 66.9 66.3 65.6 64.8 65 64.6 64.6 65.5 64.5 66 64.6 64.8 65.2 65.4 64.4 64.3 65.2 64.3 64 63.9 63.5 63 63.3 62.8 62.2 63 63.7 64.2 67.2 70.4 69.8 70.1 72.4 74.1 74.2 73.6 70.7 69.4 68.1 65.5 63.4 62.3 61.5 60 57.9 56.1 54.9 54.4 53.4 53 52.4 53.7 55.1 55.9 54.6 53.7 51.5 49.4 48.9 48.1 47.1 46 45.5
92.4 92.5 92.7 92.4 93.6 91.7 90.9 90.3 88.4 86.1 84.2 82.7 81.2 80.6 79.8 79.6 78.3 76.9 76.1 74.2 70.6 68.6 66.5 65.7 64.8 65.1 65.1 64.2 63.6 63.5 63.1 63.3 66.2 66.6 64.5 64.7 65 65.1 64.7 64.3 64.4 65.2 63.8 63.2 63.8 63.8 62.5 62.4 62.8 63.8 64.9 65.4 65.8 67.1 67.5 68.7 69.1 70.8 70.8 69.4 67 64.2 61.5 57.7 55.3 54.5 53.2 50.9 48.6 46.6 46.3 46.7 46.8 46.6 47.2 47.6 46.5 47.4 46.5 46.8 46.4 46.1 46.2 45.6 45.4 45.4 45.3
91.8 91.8 92.2 91.4 91.5 91.2 89 88.2 87 86.7 84.4 82.4 80.4 79.5 79.7 78.8 77.7 75.1 72.6 70.5 69 67.3 65.8 67 64.9 64.3 64.8 63.8 63.4 62.9 62.6 65.1 68 67.9 66.3 65.8 64.6 64.6 64.6 64.5 64.1 66.2 65.3 64.9 64.1 62.2 62.6 63.1 64.3 64.8 64.7 67 67.7 67.5 66.9 66.4 67 66.3 65 62.7 58.7 55.2 51.2 48 48 47.7 46.6 46.2 45.9 45.7 44 44 44.5 44.1 43.9 44.1 44.3 44.2 44.8 46 46.3 46.1 46.2 46.4 45.8 44.7 45.6
91.9 92.1 91.5 90.8 90.4 89.5 87.3 87.2 86.2 84 81.8 81.4 80.7 79.3 78.6 77.5 76.1 73.7 70.3 68.6 66.9 66.1 65.9 64.3 63.6 63.2 64.4 63.5 63 62.9 63.8 66.9 67.9 67.2 66.7 65.2 64.1 64.2 64.1 64 64.3 66.3 65.5 64 63.2 63.2 63.5 64.1 65.9 66.6 66.7 68.4 67.1 66.6 65.8 65.4 63.2 61.6 56.5 51.7 48.4 47.7 47.8 48.4 47.5 45.9 45.1 44.7 44.3 43.1 41.9 42 42.1 41.7 41.7 40.9 41.6 43.1 44 44.9 45.7 46.1 45.7 45 43.9 44.4 44.8
92.8 91.5 90.7 90.6 89.2 87.4 86.2 86 84 81.6 80.9 81.6 79.4 78.4 77.8 76.4 73.3 72 69.3 67.5 67.1 65.3 65.2 64 61.8 61.8 62 62.6 62.3 63.5 65.6 66.6 65.7 66.2 66.9 64.9 64 63.6 64.1 63 64.1 64.9 63.6 62.6 62.8 63.3 63.4 64.5 66.3 66.5 66.7 66.2 65 64.4 62.7 60.1 56.2 51.9 49.1 48.2 48.2 47.9 47 46.5 45.1 44.3 43.6 43.4 42.7 41.6 40.4 40.2 41 41.1 40.4 41 42.6 43.2 43.7 43.6 44.4 44 44.3 44.7 44.4 43.8 43.9
93.3 91.2 89.4 88 87.3 84.7 82.7 81.9 80.9 79.2 79.3 79.2 78.8 77.1 76.1 73.5 70.8 69.5 67.7 66.7 65.4 64.6 63.8 63.5 63.2 61.8 61.8 63.2 64.6 65.7 65.8 65.7 65.3 66.2 67 65.8 65.1 63.8 64.1 62.9 63.2 63.3 62.5 62.4 62.3 62.9 64.1 65.1 65.1 64.3 63.2 62.4 61.4 57 52.9 50.5 49.3 48.6 47.8 47.2 46.6 46 45.6 44.8 44 43.8 43.3 42.3 41.4 40.3 40 39.6 39.8 40.7 41 42.2 42.3 42.4 42.5 42.6 42.9 42.7 42.9 43.2 43.4 43 41.3
93.4 90.9 88.6 87 85.2 83.7 82.4 81.7 80.5 80.2 78.6 78 76 74.2 73 71.6 69.8 68.9 67.4 65.9 65 65.2 64.3 63.2 61.8 61.8 62.8 65.5 66.5 66.3 65.9 65.5 65.4 65.3 66.8 65.7 63.9 63.9 64.2 63.4 62.7 62.5 62.3 63.2 63.2 64.4 64.2 63.5 61.6 59.9 58 55.3 52.2 50.5 49.6 48.4 47.4 46.4 46.5 46.2 45.2 44.7 44.8 44.1 44.6 43.2 42.1 41.6 41.2 40.5 40.2 39.4 40.2 41.1 41.1 41.6 41.6 40.3 40.4 40.5 41.6 42 41.7 41.7 41.5 40.7 39.4
92.3 89.9 87.5 84.7 83.2 83 82.7 81.9 80.7 80.3 78.9 77.3 75.1 73.7 71.4 70.4 70.2 69.2 67.7 65.6 65.6 66.1 65.5 62.3 61.8 63.4 66 67.1 66.4 67.4 67.6 66.2 65.2 64.5 66.3 65.7 64.3 64 63.2 62.3 61.1 62.5 63.2 63.3 63.3 62.6 60.3 58.1 55 51.6 50.8 51.6 51.4 50 48.3 46.8 45.7 46 45.7 45.5 46.3 47.2 46.1 44 44.1 42.6 41.5 41.8 40.7 40.2 39.9 40.4 40.8 40.8 40.1 40.5 40.1 39.1 38.5 39.1 40 40.8 40.5 39.7 39.4 39.6 39.3
88.2 86.1 84.7 84.2 83 82.2 81.8 81.3 80.7 78.6 77.7 75.1 72.5 72 71.3 70.3 70.1 68.1 65.1 64.4 64.1 64.6 64.6 62.3 63 67.1 67.8 67.7 67 67.1 67.3 67.2 65.3 65.3 65.7 66.8 65.5 63.7 61.4 59.6 56.8 60.5 62.2 60.9 59.5 56.3 53.7 51.3 51.8 52.4 52.1 51 49.1 47.8 46.6 45.9 47.2 48.3 47.3 45.6 46.9 47.2 47.6 45.3 43.4 41.7 41.2 41.5 40.8 41.2 41 40.3 39.9 38.5 38 37.7 38.3 38.2 37.9 37.6 38 38.3 38.8 38.8 39.3 39.8 39.1
86.3 85.4 83.9 83.6 83.6 82.9 81.9 81 79 76.7 74.9 74.1 72.1 71.1 70.6 70.2 68.4 64.2 63.1 62.6 63.1 63.6 62.9 63.3 65.2 67.8 67.4 68.5 67 66.7 67 66 65.3 64.3 64.7 65.9 64.5 60.6 58.9 59.2 59.5 54.9 58.6 55.1 51.8 52.2 53.1 52.7 52.3 51.7 50.4 48.3 47.7 47.2 49.3 49.8 48.6 49.2 50.3 48.3 46.7 47.3 47.4 46.7 45 42.8 41.5 41.4 41.5 41.1 39.9 38.7 38 38.1 38.2 37.4 35.7 36.4 35.9 35.9 35.1 34 37 38.8 39.3 39.6 39.1
84.8 85 83.8 83.4 83.5 82 81 79.1 77.5 76.3 74.2 72.9 72.1 71 69.3 69.3 65 63.3 62.4 62.3 61.5 61.8 62.9 63.8 68 68.3 68.5 67.5 67.2 65.5 66 64.6 65 64.9 64.6 63.3 59.4 58 60.1 60.1 58.5 54.5 53.5 51.8 51.9 52.1 52.2 51.6 50.8 50.1 48.6 47.4 50 51.5 53.5 53.5 50.5 51.5 50.3 47.8 45.5 44.7 46.1 46.4 45.2 43 40.7 39.8 39.5 39.7 39.3 39.1 39.6 39.3 39 37.3 36.1 34.9 33.6 36.8 36.6 34.4 31.6 30.8 35.1 38.2 36.9
85.2 84.6 84.1 83.3 81.9 80.6 79.6 77.9 76.6 74.5 73.7 72.3 70.9 70.3 70 67.7 64.5 62.2 62.4 62 61.6 61.6 62.6 67.9 68.6 68.5 67.8 67.1 66 64.8 64.1 64.9 64.9 63.4 60.4 57.1 58.5 59.4 58.3 56.8 54.3 53.6 51.9 50.8 51.3 50.7 49.8 49.3 49.2 49.2 50.1 52.2 53.9 55.1 56.2 56.2 53.8 51.4 48.4 47.1 46 44.1 43.6 42.8 41.4 40.9 41.3 42 41.9 41 40.8 40.4 39.8 39.1 36.7 35.9 35.8 36.9 37 39 39.6 40.1 38.7 31.8 26.7 28.4 33.7
84.7 83.8 81.9 80.7 79.5 78.9 77.8 76.9 75.7 73.7 73.1 72.9 71.5 70.5 68.8 66.2 63 61.5 62.3 62.4 61.1 61 66 68.3 67.7 67 66 65.2 64 64.5 64.2 63.2 61.7 58.7 57.7 59.5 57.9 55.8 54.2 52.4 52 52.2 52 50.1 50.1 49.6 48.5 49.9 50 49.8 52.7 54.9 57.1 56.6 56 56.4 52.4 49.5 45.1 45 44.4 41.5 42.2 42 43 43.7 42.9 42.6 42.7 42.2 41.8 40.6 39.3 36.2 36.3 39.2 40 40.6 40.2 39.7 39.5 39.2 37.8 36.5 29.7 26.4 27.1
83 81.1 79.1 79.3 78 77.2 76.9 75.7 74.2 72.7 72.4 72.2 70.7 70 66.5 62.3 62.3 62.1 61.5 62.1 60.3 65.1 67.3 66.8 66.1 65.7 64.9 63.8 63.3 61.7 61 58.8 57.9 58.8 57.4 55.8 54 52.7 50.4 51.1 51 50.9 50.7 49.7 48.7 49.3 51.4 54.4 53.4 51.2 53 55.7 57 56.3 56 54.3 51.1 51.4 51.4 50.3 47.6 44.7 44.8 44.6 43.9 43.2 43.3 43.4 43.2 42.2 40.9 38.8 37.5 39.7 41.5 41.4 41.5 41.5 40.8 40.2 39.1 38.1 36 34.7 31.8 26.5 25.6
81.3 78.2 77.9 78.3 77.2 76.1 74.9 73.7 72.7 72.6 71.5 70.6 69.9 69.7 66.7 61.5 62.2 60.8 60.8 61.6 65 66.1 66 65.2 64.5 63.3 62.7 62 59.9 58.3 58.5 57.5 57.2 55.3 53.7 52.8 51.9 51.2 50.4 50.3 50.2 49.8 49 48.4 48.1 50.3 54.7 57.1 56.5 54.3 53.9 54.8 55.7 54.3 49.6 51.1 52.1 53.2 53.6 52.7 50.8 46.8 45.2 44 43.7 44.1 44.3 44.1 43 40.5 37.5 40.4 42 42.8 42.9 42.5 42.6 41.6 40.7 39.5 38 36 34.1 33.3 32.5 27.1 24.3
78.4 77.7 78.2 77.4 76.5 74.9 73.4 72.4 71.9 71.3 71.3 69.9 69.5 68.6 65.8 61.4 59.6 58.9 60.6 64.4 65.1 65.4 64.5 63 61.9 61.3 61 59.1 58.9 58.8 57.1 54.8 52.7 52.3 51.4 50.8 50.5 50.3 50.1 49.5 48.4 47.6 47.7 48.9 49.4 49.3 54.8 57.3 54.9 52.3 52.3 52.7 52.1 50.2 47.1 49.7 49.2 50.2 52.2 51.9 50.2 47.5 44.4 44.3 44.5 44.8 43.6 41.5 38.3 39.7 42.9 43.6 44.3 44.1 43.5 42.8 41.9 40.8 39 37.1 35.2 33.3 31.9 30.8 30.9 28.4 24.9
77.2 77.7 78.1 77.4 76 73.7 72.5 71.8 71.5 71.5 71.4 70.1 68.4 67.2 65.4 61 59.3 56.3 61.5 64.4 64.3 63.2 61.8 60.5 59.3 59.2 58.1 58.1 56.8 55.7 54.3 52 51.1 51.1 50.2 50.2 50 49.1 48.3 47.5 46.8 46.8 47.2 47.6 47.3 47.8 54.1 55.7 50.1 48.9 50.2 51 51.4 48.4 45.6 46.9 47.2 47 49.7 50.2 47.8 48 45.6 44.9 44 42.6 39.4 39.3 43.7 44.6 45.2 45.1 44.5 44 43 41.2 40.1 38.4 36.8 34.9 32.5 31.7 29.9 29.4 29.9 28.9 25.4
76.9 77.2 76.5 75.9 74.4 71.4 71.4 72.4 71.8 70.8 70.1 69.1 67.7 65.7 61.7 61.1 64.6 56.2 59.2 63.1 62.1 61.1 59.8 58.8 57.3 57.2 56.1 54.7 53.5 52.5 51.5 51.2 49 49.8 49.6 49.5 47.7 46.6 46.2 45.5 47 47.8 49.1 50 51.9 53.4 54.2 54.3 53.1 51.7 49.7 49.8 48.6 44.9 46.7 47.4 46.9 46.2 47.1 46.2 48.1 48.1 45.8 42.6 40 38 42.8 45.3 46.3 46.2 45.9 45.3 44.3 43.4 41.5 40.1 38.3 36.4 34.5 32.8 30.5 29.9 29.1 28.4 28.7 27.6 25.5
76.9 77.6 74.6 73.4 71.7 71.6 72.2 71.1 70.3 70.7 69.6 68.3 66.8 64.6 62.2 58.8 66.6 56.1 55.7 59.7 60 59.6 57.7 56.3 55.2 54.6 53.4 51.8 51.3 50.1 49.6 48.8 49.3 49.5 48.8 46.8 46.6 46.9 48.2 49 49.5 50.2 51.9 53.2 54.1 54.7 54.5 53.6 51.9 49.2 47.1 45.9 45.6 46.5 46.4 45.9 45 44.8 45.6 45.7 46.2 44.8 42 38.5 40.8 44.5 46.3 46.7 46.7 46.6 45.9 45.1 43.6 41.4 40.3 38.8 36.5 33.9 31.2 30.4 29.7 29 28 27.1 25.8 25 24
75.7 74.9 73.1 72.1 71.7 72.5 70.7 69.9 70.3 69.1 67.6 67.3 65.5 64.2 61.7 58.8 57 53.7 53.2 56.3 57.5 56.2 54.6 53.8 52.6 52.2 51 50.4 49.1 48.7 49.3 49.6 49.3 48.7 47 46.4 48.5 49.6 49.9 50.4 50.9 53.1 54.7 54.6 55.2 54.5 52.6 50.2 46.9 44.5 43.9 44.6 45.1 44.8 44.4 43.6 43.3 44.4 43.5 42.5 41.8 39.1 38.6 42.6 45.1 46.2 46.9 47.4 47.6 46.9 45.4 44 42 40.9 38.6 35.1 32.5 30.6 29.6 29.4 27.9 26.9 25.3 24.3 24 23.3 22.8
74.5 74.7 72.8 71.3 72.2 70.6 70.1 69.9 68.5 67.9 66.8 66.1 65.5 64.9 61.3 56.4 53 51.2 51.4 51.4 51 50 49.5 49.3 49.4 49.7 49.2 49.3 48.4 48.8 49 49.5 48.5 47.4 47.2 48.8 49.8 50.9 49.8 52 53.4 54.9 55 53.6 52.6 50.9 48.2 45.3 42.6 41.4 42.4 43 43.3 43.3 42.9 43.6 42.7 41.7 40.9 39.6 36.8 38.4 42.8 45 46 46.9 47.9 48.2 47.5 46 43.5 42.7 40.5 37.6 34.3 31.7 29.5 28.5 28.2 26.3 24.7 23.7 23.2 22.7 22.6 21.2 20.9
74 73.1 70.4 70.1 71.1 69.7 69.6 68.6 67.9 66.4 67.1 66.1 65 62.7 57.7 51.9 50.3 49.5 49.1 49.9 51 50.7 50.2 49.9 49.2 48.9 48.3 48.6 48.5 47.7 47.9 47.4 46.6 47.8 50.1 51.2 49.9 50.8 52.9 54.2 54.9 54.8 53.8 51.4 47.9 45.3 43.3 41.2 40.4 42 42.3 42.3 42.1 41 40.9 41.6 40.4 39.1 38.2 37 36.7 41.4 44.4 45.8 47.3 48 48.2 47.5 46.3 44.3 42.4 39.3 35.8 33 30.5 29.3 28.1 26.9 25.1 23.5 22.4 21.9 21.3 20.8 20.1 18.8 18.9
73.3 71.2 69.7 70.8 71 68.5 68.5 67.5 67.4 66.5 64.9 63.7 62.8 58.5 52.8 50.9 50.1 49.9 48.7 48.1 49.5 50.1 50.2 50.4 49.8 48.7 48.7 48.9 48.8 48.9 48.6 47.9 47.4 48.6 50.6 50.6 50.7 52.7 54.3 54.7 53.8 51.9 49.4 46.2 43.9 41.1 39.8 40.3 41.6 41.3 41.9 42 41.2 39.5 39.4 38.2 38.4 37.1 36 35.3 38.6 42.6 45.4 46.7 48.1 47.7 47 46 43.8 40.9 37.8 34.3 31.7 30.1 29.2 28.1 26.4 24.5 23.3 22.1 20.9 20.3 18.8 18.8 17.6 17.5 16.9
72 69.5 70 71.7 69.2 68.5 68.4 67.4 66.3 65 63.7 61.8 59.1 53.5 50.6 49.6 49.5 49.8 47.4 47.5 47.4 47.9 48.8 49.8 50 48.9 48.4 48.3 48.9 48.3 47.9 47.1 47.5 47.8 48.5 49.4 52.9 54.2 54.3 51.9 49.6 46.9 44.1 41.9 39.6 38.2 37.7 38.6 38.7 39.8 40.2 40 39.2 38.3 36.4 37.4 37.2 35.2 34 36.4 41 44.3 45.5 46.9 46.8 46.3 45.4 42.5 39.1 36 33.6 31.7 30.2 29.5 28.1 26.2 24.1 23.2 22.1 21.1 19.9 18.5 17.5 17.1 16.1 17.1 18.9
70.4 69.3 69.8 69.4 68.9 68.3 67.7 66.2 64.6 62.1 61 58.5 53.4 51.7 48.5 48.8 47.9 49.3 48.2 46.5 48.1 47.9 49.1 49.1 48.4 47.7 47.4 47.4 46.8 46.5 45.7 45.9 46.4 47.5 50.5 53.2 54.1 52.9 50.5 47.5 44.7 42.8 40.2 38.3 38.4 38.1 36.8 35.7 36.8 38.1 37.8 37.6 36.5 35.6 35.1 34.7 34.3 33.2 33.9 38.4 42.8 45.1 45.4 44.3 43.8 42.8 39.9 37.6 35.4 33.6 31.9 30.9 29.6 27.4 25.4 23.5 22.8 22.8 21.3 20.3 18.7 17.7 16.6 15.9 15.4 16.6 19.4
68.4 69.2 68.6 67.8 67.7 66.4 65.7 63.2 60.7 59.3 55.1 52 49.8 49.3 48.6 47.2 47.6 49 48.1 46.4 48.5 48.6 48.6 47.4 46.3 46.6 45.7 45.6 45 44.9 45.1 44.9 47.9 51.4 53.2 52.5 50.9 48 45 43.5 40.2 38.3 37.3 36.3 37.3 37.2 35.1 34.3 34.9 35.8 34.9 34.2 34.3 33.2 34.4 33.3 32.6 32.6 34.7 39.3 42.4 43.4 43.4 42 40 37.6 36.5 34.6 33.2 32.1 30.9 29 27 24.5 23.6 23.2 22.6 22.5 21.1 20.3 18.5 18.3 18.2 16.9 15.2 13.9 15.4
67.9 68.5 67.5 66.8 65.3 64.2 62.3 59.6 57.3 53.2 50.9 50.7 49.8 49.1 48.5 46.7 48.1 49 46.8 48.3 48.3 47.4 46.6 45.8 45.3 45.2 45 44.4 43.5 44.4 45.1 48.4 50.5 50.9 49.9 47.3 44.9 43 40.5 38.9 37.2 35.3 34.4 35.3 35.7 34.1 34.4 33.5 33.4 33.3 33.3 33.3 32.4 32.3 32.8 32.2 32 33.2 35.2 37.2 40 39 36.7 33.3 33.2 34.3 33.8 33.3 32.1 30.3 28.6 26.8 24.6 23.5 23.3 22.9 22.6 20.6 20.4 20.3 18.9 18.6 17.5 16 14.1 13.6 13.7
67.2 66.9 65 63.8 62 59.6 58.3 53.8 52.7 51.6 48.5 47.5 52.7 49.5 48.1 47.1 46.9 46.4 47.6 48.7 46.6 45.7 44.9 44.3 44.3 44.2 43.5 43 43.5 45.5 48.4 50.2 48.9 46.6 44.4 42.1 40.5 38.3 36.3 35.6 34.6 33.4 33.1 32.9 33 32.2 33.5 33.5 33 32.4 32.2 31.6 30.9 30.8 30.9 31.2 32.6 34.3 33.9 34.5 32.6 29.5 28.1 28.3 27.9 26.9 30 31 30.1 28.1 25.5 24.5 24.2 23.8 23.3 21.7 22.3 22.1 21.4 20.5 19.1 18.3 15.4 13.7 14.1 13.9 13.5
66.3 63.3 61.2 60.3 58.1 54.9 53.7 50.9 49 48.3 46.8 48.4 48.7 47.2 47.2 46.7 46.5 47.4 47.1 45.9 45 44.7 44.3 44 43.9 43.8 42.4 43.1 44.5 47.1 47.4 45.5 43.6 41.8 39.7 38.4 37.6 35.9 34.8 34.6 33.5 32.6 32.3 32.7 32.6 32.7 32.9 33.1 32.6 31.6 30.9 30.8 30 30 30.9 32.2 33 31.6 30.7 28.3 27.7 31.2 33.4 33.6 32.2 27.8 24.7 25.2 26.6 25.5 25 24.5 24.2 22.8 23.1 22.8 22.3 22.3 21.4 20.5 18.9 16.3 14.6 13.8 14.3 13.8 13.2
62.9 61 56.8 53.7 53.6 51.7 49.2 48.8 48.3 46.7 46.1 46.9 46.9 47.2 46.2 46.4 47 46.1 45.2 44.5 43.8 43.8 43.6 43.2 41.7 42.4 41.7 43.5 44.3 43.6 42.4 40.6 39.4 37.8 37.5 36.2 35.2 34.9 34.1 33.9 33.2 33 32.4 32.1 32.9 32.1 34.3 32.6 31.6 30.2 29.3 29.9 29.6 30.1 30.3 30.6 29.8 28.6 27.2 28.7 32.1 32.7 32.9 32.4 31.2 29.6 27 23.8 23.5 24.9 24.5 23.2 23.4 23.3 23.1 22.7 22.5 21.5 21 20 18 17.2 15.2 14.3 13.5 13.2 12.3
57.2 54.7 54.3 52.4 50.6 48.8 48.3 47 46.3 45.8 44.5 44.7 46.3 47.2 46.9 46.7 46.1 45.5 44.6 43.9 43.5 41.5 40.2 41.7 41.1 40.9 41.3 42.9 41.3 40.1 38.4 37.1 37.2 36.9 35.9 35.2 34.2 33.7 33.3 33 32.5 32 32.2 32.9 32.8 33.5 31.3 31.5 30.4 29.2 29.3 30.3 29.4 29.7 29.7 29.4 27.9 27.4 30.5 31.9 32.3 31.9 30.5 29.8 29.1 27.7 26.2 24.6 22.7 23.5 23.8 24 23.9 23.6 23.2 22.9 22.6 21.6 20.6 18.2 17 15.6 14.7 14 12.8 12.7 12.8
53.6 53 50.8 48.1 48.6 47.1 45.6 45.7 45.6 45.9 45 46 46.9 47.5 47.5 46.7 45 45 43.8 42.5 41.3 40.4 40.6 40.2 40.6 40.1 39.9 39.2 37.8 36.5 36.2 35.7 36 36.3 35.9 35.3 34 32.7 32.4 32.2 31.8 33 33.1 34.7 34.9 33.3 31 30.6 29.8 28.7 28 29.2 28.6 28.7 28.2 28.2 27.7 29.9 31.6 31.5 31.2 30.5 29.3 27.6 26.3 25.3 25 23.5 22.5 24.3 24.4 24 23.7 23.3 22.5 22 22.5 21.7 18.8 16.2 14.4 13.9 13.9 12.6 12.3 12.2 12.6
51.2 49.3 48.1 47.1 45.9 46.2 45.3 44.9 45.6 45.7 45.6 46.6 47.5 47.4 46.7 45.5 44.1 43.3 43 40.8 39.3 37 37.5 36.9 37.4 39.3 36.7 36.4 35.6 36.2 35.9 35.3 34.9 35.1 35.4 34.4 33.5 34.2 32.2 31.9 33.5 34.7 36.2 36.1 33.8 31.7 30.3 29.4 29.5 29.1 28.2 28 28.3 28.7 28.4 27.6 30.2 31 30.7 30.6 29.5 28.8 27.6 26.1 25 24.4 23.1 22.2 21.7 24.3 24.1 23.7 23.5 22.6 21.6 21.3 21.8 20.4 16.6 14.4 14.1 13.9 13.7 12.6 12 13.3 15.3
