public/OST50/NH77.asc
ncols 200
nrows 200
xllcorner 270000
yllcorner 870000
cellsize 50
[rows 0 to 37 of 200, columns 87 to 173 of 200]
137.5 137.5 139 146.4 154.6 160.2 164 165.6 166.8 166.7 164.7 161.8 159.6 156.3 154.2 153.1 151.1 147.9 144.4 142.2 140 137.1 134.6 131.3 129.1 125.1 122.1 118.7 119 118.2 115.2 110.2 103.3 98.9 97.9 93.9 91.3 89.7 89.2 88.3 87.1 87.9 87.1 86.1 85.5 84 84.1 83.9 82.7 80.9 80.2 78.1 76.9 75.9 74.9 73.2 71.7 70 68.7 66.7 66.2 60.7 59.3 60.2 59.2 57.7 56.5 54.3 52.9 50.9 47.8 46.1 44 42.1 40.2 39.4 39.1 38.3 36.4 35.7 35.8 33.8 32.8 32.1 31.8 30.3 30.2
136.1 137.4 141.8 151.9 160 165.5 168.1 169.1 168.3 166.9 164.5 162.2 159.7 157.4 155.6 154.6 152.8 149.3 146.7 143.4 140.4 137.4 134.4 131.5 127.6 123.9 119.8 115.5 113.4 112 110 103.1 98.6 98 96.6 93.6 91.2 89.5 88.3 88.1 86.4 87.2 86.1 85.8 85.8 85.8 84.1 83.3 82.1 81 79.7 79.5 77.8 76 74.4 72.6 71.4 70 67.4 66 64.9 63 60.8 56.3 57.5 56.8 54.9 52.8 51.6 49.7 47.3 44.9 43 41.3 40.3 39.1 38.3 37.4 35.4 34.9 34.3 33.7 33.9 32.6 31.7 31.6 33.5
135.6 138.3 145.9 156 163.4 167.8 168.9 168.8 168.8 166.7 164.3 161.6 160.6 158.9 157 155.1 153.4 150.9 147.4 143.6 140.5 137.5 133.3 129.4 126.3 122.4 117.5 114.1 112 109.3 103.6 100 96.8 95 93.1 92.1 90.6 90.7 90.2 89 85 81.9 79.6 78.7 84 85.6 83.7 84.2 84.5 83.6 81.5 80.2 78.2 77.6 75.8 74.1 72.1 70.3 67.5 65.7 63.9 62.3 61.1 58.9 52.9 54.5 54.1 51 49.3 47.5 45.5 44.5 42.6 40.9 39.9 38.5 37.6 36.5 36.2 35.4 34.7 34.4 34.3 33.8 33.1 33 34.4
136.2 140.5 149.1 159.2 165.3 168.6 169.1 169.5 169.1 167 164.2 163.4 162 160.3 158.2 155.8 153.6 151.2 147.3 143.2 139.5 135.7 131.6 128 124.1 119.6 116.2 111.9 110.7 107.4 102.4 99.3 96.3 94.6 94.1 92.5 91.8 91.7 91.4 84.8 75.4 73.7 73.7 70.5 73 79.8 79.6 81.3 83.2 84 81.8 80.5 79.2 77.5 75.9 74.3 72 69.3 67.4 65.3 64.2 62.4 60.7 58.9 54.6 49.5 50.4 49.6 48 46.4 45.3 42.7 41.4 39.9 39.5 38.3 37.6 37.2 36.1 35.4 35.6 35.3 35.3 36 36 36.9 37.2
136.7 144.3 153.3 161.1 166.1 168.7 169.3 169.5 169.1 167.8 165.4 164.1 162.6 161.4 159.5 156.6 153.6 150.2 146 141.8 137.8 133.6 128.9 125.4 122 117.7 115.3 111.7 107.1 104.7 102 99.6 96.9 96.4 95.6 94.1 93.4 92.3 88.9 77.5 75.7 78.6 78.1 72.5 69.5 68.3 68.6 74.1 78.9 82 82.1 80.4 79.2 78.1 74.7 72.3 70.1 68.6 67.1 65.3 64 62.7 60.2 58.7 53.8 49 46.9 46.5 46.3 45.4 42.8 41.9 41 41.1 39.8 39 38.5 38.1 37.5 37.3 37.2 37.8 37.8 38.6 38.9 40 40.3
138.8 145.4 154.7 161.7 166.3 167.6 169.1 168.3 167.2 166.7 165.3 164.3 162.9 161.7 159.3 155.2 151.2 147.7 143.5 139.1 135.6 131.1 126.9 122.1 119.1 116.8 115.1 110.5 106.3 103 101.1 98.9 97.4 96.8 95.2 92.1 88.4 85.7 82.5 76.1 80.8 84 83.6 80.4 76.4 72.2 67.4 67.3 73.1 77.6 78.4 77.3 76.3 74.5 72 68.4 65.7 67.4 63.3 61.3 56.6 54.8 58.7 57.6 48.8 46.7 48.6 49 46.7 45.5 45.1 43.5 42.5 41.9 41.1 40.5 40.7 40.5 39.8 40.7 40.1 40 39.6 40.4 40.2 41.1 41.9
138.6 145.6 154.7 161.4 165.6 166.5 167.2 168.3 168.1 166.4 166.1 164.4 162.1 160.5 157.2 152.3 147.6 143.9 140.6 136.2 132.9 127.5 123.7 119.6 116.7 115.7 113.5 109.1 105.4 102.2 98.7 94.5 93.9 96.3 90 83 82 81 79.8 82.4 87.2 88.2 87.5 85.7 83.6 79.9 72.2 66 66.7 70 70.4 68.8 69.8 68.6 66.2 60.6 57.8 56.9 54.7 53.5 54.1 52.2 50.3 49.2 48.4 52.5 52.6 51.2 48.6 47.7 46.2 45.1 44.7 44.3 43.7 42.9 42.5 42.1 42.8 44.5 43.4 41.1 41.4 41.9 42.3 43 43.2
138.1 145.9 154 160.3 163.6 165 165 164.8 166.4 165.8 163.7 161.9 159.3 155.8 151.6 146.9 143.6 140.2 136.4 132.3 129.2 125.3 121.2 117.4 114.9 112.5 108.7 105.1 101.6 98.5 92.6 92.1 88.8 87.2 84.4 81.8 90 91.6 90 90.9 89.5 89.5 89.1 88 87.2 84.8 78.7 70.7 65.3 64 63.5 61.9 61 59.8 59.3 58 59.4 56 55.9 60 61.1 60.3 56 54.2 55.2 54.5 52.7 51.7 49.4 48.2 47 48.6 45.9 46.6 46.9 45 46.3 45.8 44.1 44.5 42.6 43.6 44.3 44.9 45.5 45.9 45.3
137.7 144.4 151.8 158.3 161.6 162.3 162.2 162.5 163 161.9 159.2 156.4 152.9 148.9 144.5 139.8 137.2 134.9 132.1 128.8 125.4 122.3 118.9 114.1 111.7 108.9 105 101.3 97.7 99.7 99.7 98.5 94.9 90.8 93.1 94.6 94.5 93.3 92.4 91.1 89.9 89.5 89.6 88.6 88 88.3 84.8 79.8 73.6 70.4 69.3 66.9 63.5 62.4 62.9 65.8 66.6 65.6 65.2 65.3 64.6 63.4 62.2 59.8 58.1 55.6 53.9 52 50.4 52.8 52.3 49.5 48.3 48.7 47.4 46.9 46.6 46 45.9 45.5 45.4 46.7 46.7 47 48.2 48.2 47.8
136.7 142.3 149.2 155.2 158.3 158 158.8 159.3 157.3 154.5 151.5 147.3 143.8 139.6 135.1 133.5 131.3 129.3 127.4 124.3 121.6 118.5 116.7 113.2 109.1 105.7 102.8 103.2 104.4 105.2 104.8 102.8 99.5 97.9 96.3 95.5 95.2 94 93.5 92.6 91.1 90.1 89.4 89.7 89.3 88.8 87.5 85.3 82.9 79.7 77 75 73.2 72.1 71.7 71.1 71.3 70 68.6 66.5 65.4 63.9 61.4 59.6 57.9 56.2 54.5 53.2 52.7 53.6 51.1 50.4 50.2 50.5 50 49.4 49 48.6 48.3 48.5 48.5 50.1 50.3 50.5 50.4 50.9 52.2
134.5 139.8 146.4 151.1 153.8 154.5 154.5 152.8 148.9 144.2 141.9 136.5 132.3 130.9 129.8 129 127.5 126.1 122.6 121.6 119.2 115 113.8 112.1 106.1 103.7 104.6 106.8 107.5 106.9 105.8 104 100.5 98.3 97.1 96.4 95.8 95.3 94.9 94.2 93.1 91.8 91.2 91.5 90.9 89.3 87.3 85.3 83.7 81.5 79.8 77.9 77.5 76.6 74.9 73 72.6 70.4 69.6 67.5 66.1 63.7 62.7 60.6 59.2 57.3 55.6 54.3 54.5 54.2 53.7 52.8 52.6 52.3 52.3 52 51.2 51.1 51.1 51.8 52 53.1 54.1 54.3 54.3 54.4 54.7
130.5 136.6 141.6 145.6 147.9 148.6 147.9 144.3 138.6 136.1 132.9 128.9 127.5 127.7 127.6 126.5 125.9 123.2 121.6 119.8 116.2 111.5 110.1 110.9 106.4 103.8 106.2 108.1 107.6 106.3 103.8 102.2 101.2 99.3 98.3 97.9 97.5 97.1 96.1 95.5 94.6 93.8 93 91.9 90.6 89.2 87.4 85.3 83.9 81.2 79.2 77.9 77.9 77.5 76 74.6 73.6 71.6 70.4 68.6 66.8 64 63 60.8 59.5 58.2 57.2 56.3 56 55.4 54.6 54.4 54.6 53.9 53.4 53.3 53.2 53.7 54 55 56 56.4 56.8 57.2 57.5 57.7 56.9
126.8 130.6 133.6 138.1 139.4 140.6 138.6 134.4 130 128.5 126.9 125 124.8 125.5 125.5 125.2 124.9 123.2 120.4 117.7 111.8 109.7 110.6 112.5 111.9 110.4 108.8 107.7 107 106.1 104.2 102.7 101.9 100.4 99.9 99.4 98.9 97.9 96.9 96.4 96 94.7 93.3 91.8 90.4 89.1 87.5 85.3 83.1 81.9 79.3 78.6 77.7 76.6 75.6 75.5 75.4 73 71.3 69.5 66 66.1 64.2 62.2 61 59.7 58.8 58.1 56.9 56.4 55.4 54.9 54.6 55 54.4 54.2 54.6 55.7 57.4 57.3 58.1 59.3 59.6 59.1 58.4 58.3 54.6
122.4 124.8 127.5 130.1 131.2 131.5 129.4 126.5 123.9 121.5 120.6 121.3 121.2 120.4 119.6 120.4 121.1 119.8 117.2 115.1 110.7 113.4 115 113.5 113.4 111.7 109.8 108.9 107.3 106.9 105.6 104.2 102.5 102 101.4 100.6 99.5 98.5 97.8 97.1 96.4 94.9 93.4 91.9 90.6 88.9 86.8 84.4 82.9 81.6 80.2 79 78.2 77.6 77.2 75.3 75.1 73.7 72.6 71.6 66.3 67.7 66.3 64.4 63.8 62.6 60.2 58.9 57.2 56.5 56.9 56 55.6 55.9 56 56.1 56.9 58.1 59.6 60.3 60.7 61.1 60.8 60 59.7 57.7 55.7
119.5 119 119.5 120.6 120.7 120.2 121.1 118.7 119.2 119.2 117.2 116.1 116.5 117.2 116.3 114.4 113.4 113.7 110.9 112.5 115.6 117 116.9 115.9 114.7 113.6 111.9 109.8 108.4 108 106.1 104.2 103 102 101.2 101 100.1 99.1 98.4 97.7 96.6 94.9 93.4 92 90.4 88.4 86.2 84.2 82.8 82.1 81.3 80.7 80.6 79.6 78.8 78.5 76.5 74.2 73 73.1 70.2 66.5 66.9 65.7 64.5 63.8 60.9 60 58.9 57.6 57.6 58.7 56.6 56.4 57.1 58.9 60.4 61.1 62 61.9 61.6 61.2 61.1 59.9 58.3 57 54.6
120.6 120.9 120.9 120.6 121.1 122.4 122.7 123 123.4 124.1 123.6 123.1 123.4 123.7 122.3 120.3 118.4 116.2 113.8 114.6 119.5 120.6 119.8 119 117.3 115.8 113.6 111.2 110 108.7 106.8 105 103.7 102.9 101.9 101.6 101 100.3 99 98 96.5 94.5 92.6 90.9 89.4 87.6 86 84.8 84.2 83.5 82.7 82.4 81.8 81.5 80.3 78.7 77.2 76 72.4 73.4 72.1 69.6 67.8 65.7 64.7 64.1 62.2 60.7 60.1 58.9 58.8 58.3 58.6 58.8 60.4 61.7 63.3 63.2 63.2 63.3 62.3 60.5 59.5 58.9 57.3 56.2 53.9
125.2 124 122.6 123.4 124.5 124.6 125.9 126.7 127.4 127.4 127.3 127.1 127.3 126.6 124.7 123.2 122.5 121.8 121.7 121.5 122.5 123 122 120.8 119.1 117.4 115.1 112.2 109.7 108.8 107.3 106 105.2 104.1 103.4 102.6 102.3 101.3 99.7 98.1 96 94 91.8 90.3 89.1 87.8 86.7 86 85.2 84.9 84.6 84.5 84 82.7 81.3 79.8 78.6 77.7 73.8 71.4 70.1 70 69.2 68.3 63.8 62.9 63.1 61 60.8 60.4 60.2 60.4 60.7 61.3 62.9 63.1 63.8 64.1 63.8 62.1 62.2 60 58.7 56.7 55.3 54 51.8
126.1 125.4 125.1 126.3 129.9 130.8 129.9 129.1 129.7 130.9 130.5 130 128.6 126.9 123.5 124.5 125.4 126.1 126 125.6 124.4 124.9 122.8 121.7 120.3 118.2 115 112.4 110.9 108.7 107.7 106.6 106.1 105.4 104.9 103.6 102 101.3 99.8 98.1 95.7 93.5 92 90.6 89.3 88.2 87.5 87.2 86.9 86.8 86.5 85.7 84.8 83.7 82.3 80.9 78.9 77.3 75.9 73.5 72.1 69.4 68.5 67.6 65.1 63.9 62.1 61.5 61.5 61.9 62.3 63.1 63.2 64.1 64.9 65 64.8 64.3 63.2 61.6 60.1 58.9 57.2 55.4 53.2 50.7 49
124.6 127.5 130.4 133.2 135.9 136.8 135.8 135.7 133.8 132.2 132.1 131.3 129.8 129 127.5 127.7 128.3 129 128.7 127.6 126 125.2 122 121.3 119.7 117.4 115.7 113.6 112.3 110.2 108.9 108 107.3 106.9 105.7 103.5 102 100.5 99.1 97.2 95.3 93.8 92.2 91 89.8 88.6 88.1 88.2 88.2 88.3 88 86.8 85.9 84.8 83.3 81.9 80.4 77.9 77 74.8 72.3 71.4 70.4 66.9 64.5 64 63.4 62.1 62.3 63.9 65 65.3 65.4 65.9 65.8 65.1 64.3 63.1 61.6 60.1 58.3 56.9 54.1 52.7 51 49.3 47.2
131.9 135.5 137.7 139.3 140.7 140.4 139.8 139 139.1 137.8 136.4 134.1 131.7 131.4 131.5 130.3 131.2 131 130.1 128.9 126.4 125 122 120.1 118.5 116.6 116.4 115.2 114 111.3 110.1 109.4 108.9 107.5 106 103.6 101.6 100 98.2 96.7 95.4 94.3 92.7 91.5 90.2 89.5 89.3 89.5 89.7 89.3 88.6 88.3 87.1 85.7 84 81.8 80.1 79 77.8 75.3 72.9 71.3 70.3 67.5 64.7 66.4 66.4 66 65.7 66.1 67.4 66.6 66.1 64.9 64.5 63.7 63.5 61.8 60 57.3 55.4 52.3 50.7 49.8 48.7 47.6 47.3
141 143.3 146.1 146.9 145.9 145.6 145 143.4 141.1 140.8 138.8 136.1 135.2 134.8 134.2 133.1 133.3 132 131.6 129.9 126.9 125.9 122.9 119.6 118 117 116 115.4 114.3 112.8 111.4 110.8 109.4 107.5 105.9 103.8 102 100.1 98 96.4 95.5 94.4 94 92.7 91.5 90.7 91.4 91.5 90.6 90 90 89 87.3 85.8 83.8 81.9 80 79.1 77.7 75.9 73.6 72.8 71.2 68.8 65.3 64.6 66 67.8 69 68.6 67.6 68.5 66.7 64.5 63.5 61.9 60.7 57.9 55.8 53.8 51.3 49.4 48.8 48.6 48.6 48.4 48.2
150.3 152.4 153.8 153.6 150.5 149.3 147.9 145.4 144.3 142.7 140.4 139.7 138.5 137.7 137.7 136.7 135.3 133.6 132.2 130.2 126.9 124.7 123 120.3 120.1 118.7 117.9 117.1 115.9 114.1 112.8 111.6 109.5 107.5 105.4 103.9 101.3 99.7 97.9 96.3 95.2 94.1 93.9 93.8 92.7 92.1 92.6 92 90.8 89.7 88.9 88 85.9 85.7 83.8 81.9 80.1 79.7 78.1 76.7 74.9 72.4 73.1 71.8 69 66 64.9 68.9 69.9 69.5 68.5 66.8 65.1 63 61.6 58.7 55.6 54.1 51.4 49.8 49.2 49.3 49.7 48.7 48.3 49.3 48.2
157.8 157.4 158.2 157.4 154.8 152.6 150.9 150.1 148.6 146.7 144.5 143.6 142.1 140.9 140.7 138.8 136.8 133.8 132.6 129.8 127.7 125.9 123.7 123.6 122.5 119.8 118.4 118.1 116.9 114.6 113.8 112.3 110.2 107.7 105.5 103.1 101 99.3 97.6 96.2 95 94.3 94.2 94 93.8 92.8 93 92.3 91 89.1 88.1 87.5 86.3 85 83.5 81.8 80.6 79.9 78.3 76.6 75 73.8 74.2 73.3 71.3 68 63 67.2 68.7 67.7 66.8 64.7 62.3 60.2 57.3 54.3 51.9 50.6 49.6 49.2 50.9 50.5 50.9 49.4 48.6 47.8 47.1
163.9 162.4 160.6 158.9 158.1 157.3 155.6 154.5 152.6 150.9 148.6 147.2 145.6 143.4 141.8 138.9 136.9 134.1 131.8 129.8 128.2 127.5 126.4 125.5 124.4 121.7 120.5 119.4 117.5 115 113.9 112.7 110.1 107.2 105 102.4 100.9 99.4 97.7 96.2 95 94.5 94.3 94.2 93.7 93 92.8 92.5 91.2 89.8 89.2 88.3 86.7 85.7 83.7 82.1 81.1 79.6 78.7 76.8 75.4 74.8 74.3 73.2 71.7 69.5 62.2 63.8 64.9 64.3 62.5 60.2 58 54.7 52.4 51.8 50.7 50.9 49.9 49.6 49.2 50.2 50.1 49.4 47.6 46.8 45.9
168.1 165.9 164.3 161.6 159.5 159.1 158.5 157.2 155.5 153.3 151.7 149.3 147.9 144.9 142.7 139.2 136.6 134.1 132.7 131.3 130.2 129.4 128.3 126.8 124.6 122.7 120.6 119.9 117.9 115.9 113 111.2 109.1 107.3 105 102.3 100.5 99 97.5 96.5 95.5 94.7 94.6 94.2 93.5 92.9 92.5 92.1 91.1 90.8 89.6 87.9 87.5 85.9 84.1 81 80 79.7 78.6 76.5 74.9 73.4 72.7 71.4 70.7 69.4 65 59.2 59.7 58.8 55.7 54.1 53.1 51.4 51.2 50.2 50.7 50.5 50.1 48.8 49.3 48.7 47.9 46.7 45 44.7 44.2
172.1 169.4 167.9 166.1 165.1 163.6 161.6 159.7 158 155.8 153.3 150.8 149 145.2 142.4 139.8 136.8 135.2 133.2 131.9 130.8 129.9 128.9 126.9 124.5 123 121.4 120.3 118.2 116.2 114.2 111.6 108.7 106.5 104 101.2 99.8 98.4 97.2 96.5 95.9 95.1 94.6 94 93.3 92.7 92.1 91.9 91.4 90 88.7 87.4 86.6 85.2 83.8 82.2 80.2 77.7 77.4 74.5 73.3 72.4 70.4 69.2 67.4 65.1 61.1 57.8 55.2 53.4 52.6 51.9 51.7 52 52.3 50.7 50.6 50.4 49.6 48.4 48.6 48.9 47.4 44.7 44.5 44.3 44.2
175.4 172.3 171.1 170 168.8 167 164.6 161.6 160.1 156.4 153.3 151.2 149.6 145.9 141.7 139.4 137.6 135.7 134.9 133.8 132.1 130.4 129.4 127.2 125.4 124.1 122.6 120.3 118.1 115.6 113.4 110.5 107.2 104.6 102.2 100.8 99.3 97.9 97 96.3 95.7 95.1 94.5 93.7 93 92.3 91.6 91.3 90.5 89.9 88.6 86.4 85.4 83.8 82.7 81.1 79.2 76 74 71.7 69.7 68.6 67.1 64.2 61.2 57.9 54.4 52.9 52.4 52.6 52.4 53.1 52.3 51.9 50.9 50.4 49.3 49.2 48.3 47.3 47.1 48.1 46.8 45.2 45.9 44.8 44.9
180.1 176.9 172.9 172.4 170.3 168.6 166.3 163.7 160.4 157.2 152.6 150.2 148.6 145.7 142.3 140.4 138.8 136.8 134.8 134 133.1 131.2 129.4 127.7 126.3 124.9 122.5 120.1 117.6 115.1 112.6 109 105.8 103.3 101.6 100.4 98.9 97.7 96.7 96 95.4 94.8 94.4 93.6 92.8 91.7 90.7 89.5 88.7 88.3 87 85.1 83.7 82.2 80.8 78.6 76.1 73.5 70.5 67.5 65.1 63.7 60.7 57.2 54.1 52.9 52.8 53.3 53.6 52.5 52.1 52.4 52.2 51.2 50.3 49.5 48.3 48.2 47.3 46.9 47.5 48 47.3 45.5 47 46.4 45.9
184.1 181.3 175.8 172.4 169.6 166.6 166.1 164.9 160 157.1 153 146.3 146 144.7 142.7 140.5 139.2 137.6 135.9 134.8 133.5 131.9 130.1 128.5 127.1 125.2 122.3 119.6 116.9 114 111 107.4 104.4 102.6 101.1 99.6 98.5 97.4 96.5 95.8 95.2 94.5 94.1 92.9 91.7 90.6 89.6 88.6 86.3 84.7 83.7 82.3 81.4 80 78.1 74.9 71.8 67.6 64.8 61.2 59.2 56.2 53.8 53 53.5 54.4 54.9 55.1 54.3 53.3 52.6 51.8 51.2 50.8 49.6 48.6 48 48.3 47.3 46.8 47.4 46.8 46.8 46.7 47.3 46.7 45.1
187.2 184.8 181.2 177.4 173.3 167.2 164.5 163.3 159.5 157 153.6 148.2 143.8 143.9 142.9 141.3 139.2 138.4 137 135.5 133.3 131.9 130.4 128.8 126.7 124.7 121.7 118.9 115.8 112.7 109 105.9 104.1 102.5 100.8 99.5 98.4 97.3 96.2 95.5 94.9 94.2 93.3 92.1 90.7 89.4 87.4 85.7 83.9 82.4 80.8 78.8 76.8 74.7 72.5 68.6 64 60.4 57.8 55.1 53.6 53.6 53.8 54.7 55.3 56.5 56.4 55.9 54.8 53.5 52.5 51.5 51.5 51.1 50.4 49.4 48.6 48.6 48 47.7 48.3 48.2 47.9 47.3 46.4 45.2 44.2
188.1 185.1 182.7 178.3 173.7 168.3 162.7 160.2 159.2 156.3 153.2 149.4 143 140.4 141.4 141.5 139.9 138.5 137.6 135.1 132.2 130.9 129.7 128.1 126.1 123.4 120.5 117.1 113.7 111 107.5 105.1 103.8 102.3 100.6 99.3 97.9 96.9 95.9 95.1 94.4 93.3 92.2 90.6 88.9 86.6 86.1 83.1 81.5 79.6 77.5 75.2 72 68.2 64 59.9 57.1 55 54.7 55.1 55 55.8 56.2 57.3 57.7 57 57.4 57 55.7 54.1 52.9 51.9 51.4 50.9 50.6 50.1 49.4 49.2 49 49.1 49 48.8 47.6 45.9 44.9 43.9 43.9
187.2 183.3 181.2 176.7 171.5 166.9 161.9 159.2 157.8 156.2 153.6 149.6 145.8 141.4 137.5 140.1 140.7 138.5 137.7 135.4 132.6 129.4 129.3 128.2 125.5 122.3 118.3 114.9 112.2 109.1 106.1 104.6 103.2 101.9 100.4 99 97.4 96.4 95.5 94.6 93.4 92.4 90.7 88.7 86.5 84.3 81.9 79.8 77.7 75.2 72.2 68.7 63.5 59.6 56.1 56.2 55.7 55.9 57.4 57.5 57.7 58.6 59.5 60 60.2 59.2 58.4 58 56.9 55.2 54 53.4 52.7 52.1 51.7 51 51 50.8 50 49.6 49.2 47.9 46.3 44.8 44.2 44.4 44
190.1 185.5 180.3 172.2 167.7 164.1 159.8 157 156.6 155 152.1 147.6 145.5 142.9 139.3 137.6 139.4 139.3 137 135.9 132.3 130.4 128.1 126.4 122.9 119.9 115 112.1 109.9 107.9 105.1 104.2 102.5 101.3 100 98.4 96.9 95.8 94.7 93.7 92.3 90.4 88.3 86 83.9 81.5 78.4 75.6 72.7 69.4 65 61 57.8 56.7 56.8 56.8 57.9 58.1 59.1 59.4 59.8 60.7 61.9 62.4 62.3 61.4 60.1 59.1 58.3 57.8 56.4 54.9 54 53.6 53.1 53 52.3 51.4 50.9 49.3 48.2 46.8 45.5 44.3 44.2 44.2 44.4
190.9 185.8 179.5 172.1 167.5 162.6 157.8 154.6 153.9 152.7 150.1 147.4 145.4 144.7 141.7 137.2 137 138 136.6 134.8 132.9 129.5 127.2 122.7 119.4 117.7 113.3 109.6 108.3 107.3 104.8 103.1 101.5 99.8 98.8 97.3 96.1 95 93.6 92 90.1 87.4 85.1 83 80.4 76.8 73 68.5 64.9 62.4 60.4 58.4 58.2 58.3 59.2 58.9 59.7 59.5 59.9 61.5 63.3 63.3 64.2 64.4 64.1 63 61.5 60.5 59.8 59.1 58.4 56.5 55.7 54.9 54.1 54.1 53.1 51.6 50.1 48.4 47 45.1 44.3 44 44 44.4 45.1
186.9 180.9 175.5 169.9 165 161.4 156.9 153.8 150.6 149.8 148.3 146.7 145.6 144.8 143.5 139.2 133.3 135 135.3 132.7 131.9 128.4 126.9 123.1 118.8 114.9 111.9 109 106 105.4 103.5 101.1 100 98.5 97.2 96.1 94.9 93 91.3 89.5 87 83.9 80.8 78.3 75.1 71.6 67.4 65.2 63.1 62.3 61 59.3 60.9 60.9 60.4 60.2 60.2 61.6 62.2 63.1 64.1 65.1 65.9 66 64.5 63.8 63.1 62.5 61.4 59.9 59.5 57.8 55.8 55.3 54.3 53.2 52.3 50.1 47.9 46.2 45.2 44.7 45.4 44.7 45.1 45.9 46.7
183.3 177.3 172.6 168 162.8 158.9 155.8 152.8 149.4 146.8 147 146.5 145.7 144.5 143.2 140.8 134.7 130.1 132 131.5 130.1 126.7 125.4 122 117.1 111.9 110.5 107.7 105.7 102.8 102.5 100.6 98.8 97.3 96 94.8 92.5 90.7 88.9 86.7 83.3 79.5 76.1 72.5 69.2 66.7 65.1 64.2 62.7 61.8 60.4 61.5 61.7 62.1 61.7 61.6 61.6 64.1 64.9 65 65.7 65.7 65.2 66.1 65.7 65.2 64.6 63.3 61.6 60.1 59.1 58 55.7 54.3 53.1 51.1 49.6 47 45.8 45.4 44.8 45 46.4 45.3 45.1 47.2 48.9
179.9 174.1 170 165.7 161 157.7 154.4 152.2 149.6 148.3 147.3 146.4 145.3 144 142.2 139.7 135.2 128.5 126.6 128.3 126.9 123.8 121.5 119 115.3 110.3 108.8 106.5 103.5 102 100.7 98.5 97.6 95.7 94.4 92.6 90.3 88 85.7 82.3 77.9 75.3 72 69.7 67.6 65.7 64.5 63.3 63 61.7 62.1 63.2 63.7 63.3 63.7 64.4 65.6 66.6 66.6 66.9 66.8 66.5 65.7 65.1 65.8 66 65.3 63.5 61.9 59.6 58.6 56.7 54.8 52.7 51.1 48.7 46.7 45.6 45.2 44.7 45.3 46.4 46.5 45.4 45.8 47.5 49
177 171.6 168.2 163.6 158.8 155.4 152.8 150.8 149.5 148 145 144.8 143 140.6 137.2 135.9 132.5 128.4 124 124.9 121.7 120.1 117.3 115.5 112 109.4 106.9 104.7 100.5 99.8 99.9 97.1 95.4 93.8 91.6 89.5 87.1 84.8 81.1 77.1 73.6 72.3 70.2 68.3 66.6 65.4 64.3 63.7 62.6 63.1 64 65.2 65.4 65.2 65.6 66.9 67.5 67.5 68.2 67.5 67.2 66.9 66.4 65.5 65.3 65.4 65 63.3 61.7 59.3 57.3 55.7 52.7 50.4 49.1 47.2 45.1 45.3 44.8 45 45.4 47.5 45.9 46.6 48.9 49.5 49.5
