public/OST50/NH77.asc
ncols 200
nrows 200
xllcorner 270000
yllcorner 870000
cellsize 50
[rows 0 to 37 of 200, columns 0 to 86 of 200]
251.5 247.6 244 241.4 238.9 236.7 239.4 238.9 236.5 234 230.8 228.3 223.2 222.4 223.7 223.9 222.7 220.7 218.6 215.7 212 209 204.8 201.3 197.9 194.4 189.4 184.1 178.8 172.8 168.2 162.1 157.4 153.5 149.2 147.2 145.6 143.4 142.8 141.8 141.2 142.4 147.8 154.2 159.1 164.6 169.6 173.9 178.4 183.1 187.2 190.3 191.5 190.8 186.7 177.2 179 189.8 198.5 205 211.3 217.1 220.8 223.1 224 221.1 216.6 213.3 209.6 205.7 201.3 197.1 193 188.5 184 179.2 174.7 170.7 167.8 166.3 163.4 159.4 154.7 150.3 145.9 141 138.8
258.8 254.7 251.6 248.4 245.4 243.9 246.3 245 242.8 241 237.5 234.4 229.9 229.4 229.5 228.4 227.3 225.3 222.6 219.2 216.4 213.4 210 206.8 202.4 197.8 193.7 186.9 182.6 177.1 173.2 167.8 162.1 157.7 153.5 152.8 148.8 145 143.1 142.5 141.8 141.2 143.4 144.6 153.3 158.8 163.1 166.7 171.4 175.1 177.9 181.2 184.3 184.7 181.6 174.7 171.8 183.6 191.8 198.2 203.6 208.1 211.5 214.6 214.7 212.4 211.3 208.4 204.9 200.5 196.8 192.2 187.6 183.1 178.7 173.7 168.7 164.7 162.3 160.3 157.2 153 149.4 144.6 140.1 137.1 137.3
264.6 260.4 256.8 253.3 250.6 250.3 253.6 253.6 251.4 248.6 246 242.4 236.9 236.6 234.1 234.1 233.9 232.5 228.7 224.9 220.9 217.7 213.6 209.4 206 203.2 198.9 193.6 188.7 182.6 178 173.2 168 163.1 158.3 156.7 153.2 150 146.6 145.4 142.2 141.6 141 142.2 147 152 156.1 159.5 162.6 165.3 168 171.4 175.4 176.5 175.4 171.3 168.9 177.2 182.8 188.7 194.1 196.6 199.8 202.3 204.1 204.3 203.6 201.6 199 195.1 191.1 186.1 181.8 177.6 172.6 167.4 163.4 159.4 157.4 155.3 152.2 148.6 145.6 141 139.4 139.1 138
269.1 264.9 261.5 258.4 255.9 257.1 259.7 258.8 256.4 253.1 252.8 250.8 247.7 244.7 241.1 241 240.2 237.1 232.6 227.7 223.5 219.5 215.7 212.3 210.1 207.8 202.9 200 195.7 190.2 184.4 179 173.5 168.3 164.9 162.2 158.8 156.3 153.5 151.2 148.2 144 142.3 141.6 142.3 145.2 147.1 149 151 154.2 157.1 160.5 164.9 167.2 166.9 166.6 163.8 169.7 175.3 178.8 183.4 184.8 186.8 190.4 192.6 194.1 193.7 192.5 190.6 187.5 183.6 178.9 174.1 170.4 166.2 161.4 157.6 155.2 152.7 149.8 148 144.1 141.7 139.7 139.3 140.3 138.5
274.2 270.1 265.9 262.7 260.5 262.8 265 263.1 260.1 255.9 256.5 255.7 253.7 250.2 245.8 245.5 244 242 239.1 235.6 231.6 229.2 226.1 223.1 220.5 217.5 213.7 209.7 204.6 199 192.1 183.5 175.1 170.1 171.6 168.5 165.9 162.6 159.2 156.6 152.5 147.2 143.9 142.7 142.1 142.3 143.2 144.1 143.8 146.3 148.7 150.4 153.6 157.5 159.7 160 159.7 161.6 165.8 169.5 172.1 173.7 176.4 178.8 181.1 182.1 180.9 180.5 178.9 176.7 173.9 169.9 165.6 162.2 158.7 155 153.6 151 148.9 146.3 144.4 141.7 139.6 137.2 137.5 138.1 137.4
278 274.9 271.4 268.4 265.1 267.5 269.1 268.1 265.5 263.1 261 258 256.2 253.3 249.6 248.3 245.8 246.9 246.6 244.4 240.8 237.7 234.3 230 226.6 223.6 219.2 215.2 210.2 203.7 194.9 186.3 178.4 179.9 178.9 174.9 171.2 168.2 165.3 160.8 157.4 154.3 150.5 146.8 142.7 141.6 142.3 143.1 143.8 144.4 144.7 145.9 146.6 149.2 152.1 154.4 155.8 155.3 155.1 157.4 160.1 162.8 163.2 166.6 168 168.7 167.9 167.7 165.5 164 161.7 158.5 155.4 154.6 153.5 151.5 148.7 146.3 144.2 142.8 141.9 139.8 136.4 133.3 132.9 134.7 135.5
285.6 281.9 278.5 274.9 270.9 273.1 272.4 269.5 268.5 266.8 265.4 263.6 261.2 257.4 251.1 248.4 246.9 251.1 251.4 249.1 244.4 242.6 239 234.8 230.9 227.4 223 218.6 212.7 205.5 196.6 187.7 187.3 188.5 188.5 185.9 181.3 175.7 170 165.9 162 159.2 156.2 154.6 149.9 143.8 142.6 143 143.7 144 144.3 145.7 145.9 146.2 149.2 151.9 152.5 153.8 152.2 150.3 148.8 149 150.5 152.4 155.3 156.2 156.5 155.7 153.4 151.6 150.1 148.4 147.1 146.4 145.7 144.1 141.1 137.7 136.3 137 137.7 136.2 133.5 133 131.3 132.5 134.2
291.3 288.4 285.9 281.9 278.5 280.1 278.6 276.4 273 269.6 265.5 264.7 262.7 260.2 254.1 251.4 251.2 254.2 253.7 251.4 247.5 245.1 241.2 237.4 233.6 229.7 226.1 220.8 213.3 203.5 196.5 194.7 195 197 195.9 193.4 189.7 183.9 176.9 170.5 166.8 163 160.9 159.3 157.5 154.1 150.5 145.8 143.1 143.8 144 144.7 145.5 146.2 146.9 148.7 150 150.8 149.7 147.7 146.4 145.3 143.7 143.3 143.4 144.7 144 144.6 143.6 142.8 142.2 141.7 138.4 136.7 135.7 134.8 134 137 132.5 132 132.6 130.4 131.3 131.4 130.1 132.4 133.4
297.3 295.4 292.7 288.8 285.6 286.6 284.6 281.5 277.9 273.6 269.3 264.9 263.1 263.1 258.1 256.3 256.8 257.6 254.4 253.4 250.5 247.5 242.2 239 234.8 231.6 227 221 211.3 204.1 203.3 201.7 203.2 203.9 201.9 198.6 195.2 190.2 179.4 180 177.1 172.8 169.8 168.5 167.1 165.6 163.3 160.9 157.4 153.4 148.9 146.4 146.2 146.4 147.3 147.7 147.7 148.9 147.6 146.4 145.3 144.8 143.6 142.9 141.9 141.4 140.7 140.2 139.8 139.2 138.9 137.9 139.4 142.9 143.6 143 142.8 142.8 141 138.2 134.4 129.9 127 127.9 129.1 131 133.2
301.6 299.1 296.1 293.6 290.7 290.9 288.7 285.3 281.2 277.1 271.2 267.2 268.5 268 263.3 260.6 262.5 263.5 261 257 253.9 249.9 244.5 241.1 237.5 233.2 227.2 219.4 209.5 210.5 212.4 212.6 211.1 209.4 206.6 203.2 200.6 197.7 192.9 189.8 186.3 181.6 178.7 179.4 178 176.6 174.5 171.9 168.5 166.9 164.5 161.6 160.2 157.8 155.8 153.8 152.1 150.9 150.5 149.8 148.4 147.7 148 146.4 143.9 141.5 140.7 140.5 139.8 139.6 139.5 142.9 145.9 148.6 149.3 148.7 147.7 146.1 143.3 139.3 136 131.8 126.5 125.9 127.5 129 132.5
306.9 303.5 301.1 297.3 294.8 292.6 291.2 287.9 283.7 279.3 273.3 272.6 273.4 271.6 266.8 265.6 267.9 268 265.4 260 256.7 252.1 245.5 243.2 238.5 232.6 226.2 217.6 216.9 219 220.5 219.5 214.9 214.3 210.7 206.8 206.2 203.8 200.4 196.1 190.9 187.7 189.2 188.7 187.6 185.5 184.2 182 178.9 176.9 174.5 172.2 169.7 167 164.8 163.1 158 156.9 156.1 155.7 154.3 153.5 154 153.4 152.5 149.3 147.4 146 145.8 145.8 147 149.4 151 152 151.9 150.2 148.1 145 140.8 136.8 133.5 130.2 127 124.9 126.6 127.2 129.4
311.8 308.5 304.5 300 296.5 293.2 290.2 286 281.4 278.7 274.7 275.5 273.7 273.2 272.2 271.1 272.3 271.6 267.3 261.7 258.1 253.4 246.3 243.3 237.9 227.6 222.8 221.5 223.5 226.1 226.7 225.1 221.4 218.2 214.7 212.9 211 208.5 204.4 199 194.7 196.1 196.9 197 195.7 194.6 192.3 190.6 188 186.3 183.2 179.5 176.7 174 172 170.9 169.1 167.2 162.9 163 161.8 161.4 161 161.3 160.7 158.4 156.1 154.2 152.8 152.3 152.8 154.6 153.9 153.1 151.5 148.5 144.5 139.7 135.1 132.4 129.4 127.7 125.9 123.8 125 125.7 126.1
315.2 310.6 306.4 301 299.5 297.5 293 283.9 280.6 279.7 276.3 278 276.7 275.4 275.6 273.6 274.4 272.4 267.8 260 258.7 254 247.9 242.6 235.1 225.3 222.8 224.9 229.4 231.7 231.5 229.2 225.1 221.4 218.6 215.8 213.6 210.9 206.9 202.4 204.6 205.5 207.1 206.9 204.7 202.8 201.3 198.5 194.7 191.4 189.6 186.6 184.5 181.8 179.6 178.1 176.1 176.6 174.5 173.5 171.8 170.5 169.3 168.6 167.7 166 165 162.9 160.8 159.6 158.6 158.1 155 152 148.8 144.2 139.6 134.3 131.4 128.5 126.3 125.1 123.5 122.5 122.7 123.9 124.2
317.6 313.1 308.1 302.5 301.6 299 292.8 282.8 280.5 282 279.3 279.6 278.7 278.3 277.8 275.1 275.1 273.3 267.9 261.1 258.9 252.3 244.5 239.2 230.1 224.9 225.7 227.4 233.1 235.7 235.1 231.2 228 225 221.6 215.9 213.5 212 209.7 211.3 212.2 212.4 214.6 214.3 210.9 209.2 207.7 206.7 203.3 198.7 196 193 190.4 188.3 186.6 185.4 184.1 182.7 182.3 180.1 179.6 179.6 178.2 177 176.2 174.1 172.1 169 166.1 164.3 161.2 158.6 154.6 149.5 145.5 141 135.5 130.8 127 124.2 124.4 123.6 122.9 121.5 121.2 122.1 121.5
319.5 314.6 309.1 303.5 302.5 299.3 292.5 284.6 283.7 285 283.3 281.1 279.4 281.2 279.5 274.9 274.9 273.5 269 263 259.1 252.1 242.8 235.2 228.4 227.8 228.5 231 236 237 236.2 233.4 230.4 227.1 222.5 216.3 214.8 215.1 216.3 217.2 217.2 218.6 220.4 219.8 216 216.8 215.6 213.4 210.4 206.6 203 199.9 196.6 193.5 191.4 190.4 189.6 190.3 186.6 185.1 184.9 184.4 184 182.6 181.1 178.8 175.3 171.8 167.6 164.3 160.2 156.5 151.6 146.2 141.4 135.7 130.2 126.6 123.9 123.3 122.9 123.4 122.7 121 120.8 119.9 120.2
320.6 315.3 310 304.3 303.6 299.8 292.9 287.5 287.8 287.3 285.2 282.4 281.4 282.4 279.5 273.8 274.3 272.4 267.4 263.1 258.5 250.6 240.2 233.1 230.6 231 233.7 236.2 236.8 236.1 234.9 232.3 229.2 225.8 221.6 218.5 220.4 220.7 221.4 221.7 221.8 223 223.9 223.5 221.1 222.2 220.9 217.8 215.5 213.3 210.5 205.4 201.2 198.1 196.6 195.8 196.8 196.6 193.7 190.4 189.7 187.6 187 184.8 182.9 181 177.6 173 167.6 162.2 156.9 153.1 147.7 141.3 136.5 131.2 126.4 123.8 122.8 122.6 122.1 122.1 122.6 121 120.2 119.6 119.1
319.6 314.2 309.4 304.2 304.1 300.4 292.7 289.5 291 289.6 286.1 283.7 283 283 278.2 273.6 273.1 270.4 266.3 262.6 257.4 248.3 238.1 234.6 234.2 236.3 237.7 237.8 234.9 231.4 232 228 225.5 224.7 226 229.2 231.1 232.4 232.9 231.9 230.4 229.4 228.2 227.7 225.6 224.1 222.3 218.3 215.5 215.5 214.3 210 204.8 203.1 201.3 200.9 201.9 200.6 197.8 195.7 194 191.6 190.3 187.4 183.4 180.9 177.5 172.7 166 159.8 154.2 149.2 142.9 137.7 132.2 126.8 124.4 123 123.1 121.8 121.6 121.6 121 120.2 119.4 120.9 123.7
320.7 315.2 309.7 305 303.7 299.8 292.1 289.8 291.9 290 288.1 283.6 284.4 283.4 277.5 272.9 270.2 269.5 267 263.2 258 248.7 240.6 239.9 239.6 239.1 239.1 237.5 236.7 234.9 233.9 232.9 232.3 231.7 233.9 236.4 238.5 240.5 241.8 241.9 240.7 240.1 238.4 235.7 232 227 222.1 219.2 217.4 217.5 215.9 210.7 208.7 207 205.3 204.5 203.4 200.8 199.1 199 199.2 197.4 193.3 188.8 184.3 180 176.1 170.9 164.3 157.5 151.3 145.5 140 134.4 127.5 124.7 124.2 124.4 125.3 124.7 123.4 121.7 120.1 119.6 122.1 125.1 125.8
320.6 315.8 310.7 305.3 301.6 298.7 292.2 292.2 292.1 291.7 289.2 283.9 284.8 282.8 277.2 272.9 266.8 264.8 263.8 260.8 256.6 249.1 245.8 244.6 242.6 240.6 241.4 241.1 238.5 235.2 235 235.2 234.9 236.8 239.5 240.7 243.1 246 248 248 247.4 246.4 244.7 241.7 237.9 233.3 229.1 224.7 221.4 219 217.7 214.6 212.3 209.2 207 204.9 202.2 202.5 202.2 202.6 202.5 200.2 196.5 190.3 182.5 178.5 173.9 167.8 160.7 154.1 147.5 141.2 136 133.3 129.8 125.3 124.8 125.5 126.6 126.3 125 121 119.8 120.4 122.9 125.2 125.3
320.6 315.4 310.1 305.5 303 298.6 292.6 293.4 292.6 292.6 289.6 284.5 284 281 275.7 271.2 268.3 264.2 259.7 257.1 253.5 251.5 250 248.7 245.5 244.9 246.2 245.6 242.2 237 236.1 233.8 234.5 238.6 243.9 245.7 248.2 250.4 251.9 251.2 249.7 248.7 246.4 242.9 239.2 235.6 231.7 227.8 224.8 221.9 219.6 217.4 213 210 206.8 202.9 202.4 202.1 198.9 201.8 201.8 199.7 196.1 190.8 183.2 176.6 170.7 163.9 156.8 149.8 142.7 135.9 131.5 129.9 128.6 125.1 124.7 124.6 125.1 125.9 125.7 124.6 120.4 120.5 122.9 124.6 127.9
318.4 312.9 307.5 305 303 298.8 293.9 293.8 292.1 291.6 288.1 285.1 282.4 279.7 275.3 272.9 269.5 266.4 262.6 258.5 254.7 253.2 252.6 251.2 246.7 247.5 247.9 246.5 244.6 240.4 238.1 240 243.3 244.9 246.7 249.4 251.3 251.6 249.9 248.2 247.2 246.8 244.8 242 240.9 236.9 234.7 232.2 229.3 226 222.3 216.5 213.1 208.8 204.3 198.5 195.5 193.7 193 197.9 198.1 195.9 192.3 188 180.6 175 167.9 159.6 152.2 144.7 137.3 130.1 127 126.9 126 125.6 125.6 124.7 124.1 125.4 125.3 120.9 121.2 125.7 128.6 132.8 135.8
317.9 312.4 307 303.3 299.8 297.3 294.5 292.2 292 290.9 288.2 286.9 286.1 281 276.3 274.8 271.3 267.3 263.8 258.7 257.4 254.8 252.5 251.7 247.1 249 248.4 247.6 245.7 243.7 241 245.1 249.1 252 251.8 249.6 251.2 250.3 249.4 250.5 251.5 250.8 248.2 245.1 242.6 241.1 238.9 235.7 231.6 227 220.8 214.4 209 207.3 203.3 196.9 189.3 185.6 188.6 192.3 191.5 188.5 183.3 183 178.4 172.2 164.4 155.7 145.5 137.6 131.1 124.8 123.5 124.1 124.5 125.5 125.7 125.1 123.9 122.3 120.4 124.6 129 133.1 137.3 142.6 146.4
321.8 316.6 310.5 307.1 303.4 299.5 297.5 297.4 296.3 294.1 289.8 289.6 287.8 281.5 277.2 274.7 272.5 268.6 263.2 260.7 259.3 256.2 253.9 251 248.4 249.1 249 248.2 247.1 244.9 245.4 247.4 252.8 256 256.7 254.9 251.6 250.6 249.9 251.3 251.3 250.6 247.8 243.7 241.2 240 237.8 234.3 229.9 222.1 215.5 210.2 208.9 206.2 200.9 194.5 191 186.6 186.4 184.9 181.8 181 178.7 177.1 172.5 165.5 157.1 147.9 138.8 130.7 125.9 122.9 122.7 122.6 124.1 125.2 125.4 124.7 121.7 121.1 127.1 132.1 136.7 142.6 148.4 152.8 156.5
324.2 319.1 312.5 309.4 305.9 301.6 299.1 298.7 297.8 295 289.5 290.1 287.2 280.7 278.8 277.5 273.6 267 263.8 262.7 260.1 257 254.6 249.4 247.2 246.8 247.4 246.8 246.3 246 248.8 249.3 254.5 257.4 258.4 257.4 254.5 249.6 250.3 250.1 249.6 247.3 244.7 240.8 237.6 234 230.2 229.2 225.1 217.8 212.8 211.3 207.8 201.8 198.3 194.5 190.3 185.3 180.6 176.9 177.4 176.6 173.2 168.8 163.7 155.7 145.7 137.2 130.4 125 122.8 122 122 122 122.2 124.2 123 120.7 122.7 130 134.3 139.2 145.2 153.9 160.1 163.7 164.8
325.8 319.9 313.5 308.4 304.9 301.9 299.5 297.9 297.1 294.7 290.6 290.4 286.2 281.7 280.5 279.7 273.7 268.1 265.8 262.5 259.1 256.9 254 248.5 249.4 249.2 248.1 249 249.9 250.1 249.6 252.4 254.8 256.1 256.4 255.4 252.9 249.2 246.3 245.2 243.7 239.9 237.6 236.1 231.7 227.7 226.7 224.7 220.5 215.1 212.5 210.4 206.6 200.7 196.1 192 186.4 180.4 175.8 173.2 173.4 170.9 164.5 159.5 152.9 144.4 136.3 130.4 124.8 122 121.4 121.2 121.2 121.1 120.9 120.7 121.3 124.1 131 138.3 143 148.2 157.6 165.7 170.8 171.9 170.4
327.2 320.4 314.7 312.5 309.5 303.9 302.3 301 299.2 295.1 291.8 289.8 285.5 283.9 284.1 281.5 273.1 268.7 266.2 261.6 256.5 254.4 253 249.2 251.9 251.2 248.6 252.5 254.4 254.9 254.2 253.5 254.6 254.9 252.9 248.4 247.3 242.9 238.2 236.7 235.5 232.5 230.9 230.2 228.9 227.1 226.5 224.4 218.4 214.3 208.3 206.6 203.8 197.9 190.8 186.3 180.4 177.3 172.3 166.7 162.8 159.8 154.2 148.5 142.1 135.5 128.8 126 123.4 121.9 121.1 120.9 121.2 121 120.9 122.4 126.3 131.5 139 145.5 152.6 163.7 172.1 176.9 178.8 177.3 175
329.3 321.9 315.6 314.9 311 305.7 305.1 304.3 301.8 295.5 292.8 289.3 286.3 286.3 286.1 282.9 276 267.3 265 259.7 257.1 254.7 252.4 251.1 252.8 252.7 251 254.4 255.1 255.6 256.4 255.9 253.7 251.5 248.2 244.5 239 235 233.3 232.7 232 231.2 230.5 228.9 229 227.8 226.5 220.4 218.6 214.1 205.6 201.7 198.6 191.9 184.3 182.3 177.4 171.4 164.6 156.9 150.9 146.3 142.5 137 132.3 126.5 122.9 122.3 121.9 121.8 121 121.5 121.1 121.5 123.4 127.8 135 140.6 149.5 157.4 168.9 178.3 184.3 186.3 184.8 182.2 178.5
330.6 323.1 316.6 314.3 313 310.4 310 308.8 303.8 294.2 293 291.9 289.8 287.3 286.9 283.8 277.5 269.5 261.4 261.2 260 257 253.1 253 253.6 253.7 254.3 255.6 255.4 255.6 256.1 254.9 251.4 246.9 241.5 238.4 235.7 234.2 233.3 232.5 231.9 231.2 229.9 227.7 227.6 227.6 223.4 218.8 218.2 213.6 205.4 196.1 191.6 187.7 182.9 177.5 170.2 162 154 144.6 137.9 134.5 131 127.9 124.1 122.4 121.6 121.4 121.1 121.6 121.1 121.7 122.1 124.4 129.9 137.1 143.1 150.7 160 173.4 183.8 190.7 194 192.6 189 186.5 182.7
330.9 324.9 319.7 320.4 319.1 314.7 312.6 311.5 305.9 296.1 293.6 293.4 291.8 286.9 286.5 282.7 276.1 266.7 260.6 260.8 260.3 257.4 252.8 252.3 252.6 252.2 253.6 255.5 256.3 256.1 255.2 251.1 246.6 242.9 239.5 238.7 236.3 234.6 234 233 232.5 231.4 229 228.7 227.6 225.1 223.4 220.5 216.7 211.8 204.3 194.7 188.7 183.3 175.9 169 159.9 149.9 140.1 133.2 129.1 126.8 125.3 122.4 121.5 121.2 121.5 121.6 122.4 121.8 122.2 122.7 127.3 134.3 140.3 145.5 153.3 163.5 176.8 188 195.7 200 200.4 196.6 192.8 189.9 187
333.7 327.5 323.1 324.9 322.4 317 314.4 313.6 308.3 299.1 296.2 295.4 291.8 286 284.3 279.5 272.8 262.8 258.5 258.8 258.4 255.1 250.5 249 249.5 247.1 251.2 254.1 255.1 255.3 252.7 247.8 244.6 241.8 239.6 239.2 238.4 238 239.4 238.1 235 233.5 231.5 229.1 227.6 225.2 221.5 217.9 213.1 207.5 200.4 191.6 183.2 175.1 165.7 157.8 146.9 137.9 131.5 126.8 125 123.8 122.9 122.3 121.6 121.9 122.3 123.1 123.3 123.6 125.5 131.5 137.4 144.4 149 155.7 165.9 179.4 191.9 200.4 205.2 206.2 204.2 200.4 196.9 193.4 189.7
335.9 330.5 326.1 327.3 324.4 318.3 315.7 314.1 308.8 300.2 298 295.8 290.6 284 281 275.3 268.3 260.3 256.5 255.6 255 250.4 247.2 245.5 244.9 245.7 248 249.3 250.3 251.3 249.3 245.3 241.5 239.9 239 239.3 239.3 241.1 242.1 240.7 238.2 234.6 231.5 228.1 225.4 221.7 217.5 212.9 206.7 199.6 191.7 183.3 174.8 166.2 157.2 148.2 137 130.5 126 123.9 123.7 123.2 122.2 122 122.7 123.1 123.4 123.8 124.7 129.2 135.2 141.6 147.7 153.5 160.6 169.1 181.8 194.2 204.3 210.4 212.5 210.2 205.8 202.5 199.4 195.3 191.3
335.8 331.4 327.9 328 325.6 318.6 315.6 313.2 308.1 300.4 297.2 293 287 280.6 275.3 268.2 261.6 257.3 255.6 254.3 250.9 250.5 249 246.1 243.3 242.8 244.4 246 246.5 247.6 246.5 242.1 239.7 239.2 239 239.8 241 242.2 241.6 239.3 235.4 231.1 226.6 222.4 218 214 209.7 203.9 196.3 188.4 179.4 171.8 164.6 157.5 149.9 138.1 130.7 125.5 124.5 123 122.6 123.6 124.2 124.1 124.9 125.2 126.2 129.3 133.5 139.3 145.6 151.8 158.4 165.1 175.5 185.3 196.6 206.8 215.5 217.8 215.2 212.2 209.2 206.4 201.7 196.8 191.9
334.6 331 328 327.3 324.9 318.3 314.5 310.4 305.1 298.6 293.2 287.6 282.2 277 271.5 265.1 258.9 255.6 254 252.1 249.2 248.6 249.9 247.1 241.1 240.6 242.9 244.2 244.2 244.5 243.7 240.6 239.1 238.7 239 240.9 241.7 240.1 236.6 232.5 225.6 220.6 215.8 211.1 206.3 201.9 197 190.7 182.7 175 168.6 162.4 155.8 149.8 140.1 129.7 125 123.7 122.9 123.8 125 125.9 127.3 128.4 129.1 131.4 135.1 138.8 143.6 148.9 155.9 162.4 170.2 180.3 189.3 199.8 208.3 217.3 220.2 219.1 216 214 213.2 209.4 204.3 198.9 194.4
335.5 332 329 326.9 322.9 317.8 313.6 310.1 305.3 299.1 292.9 285.9 279.4 273.8 266.4 259.8 255.5 254.5 252.6 252.5 250.2 245.9 247.8 245.9 240.4 237.5 238 237.8 237.1 238.6 239.7 238.3 238.2 238.2 238.6 240.1 237.9 233.6 227.6 220 212 204.2 199.8 194.5 188.4 184.7 180.5 175.1 166.9 160.4 156.1 151.7 147.5 137.6 128.5 124.2 123.7 123.6 124.5 125.1 127.8 128.9 131.6 134.8 138.4 141.3 145.3 149.5 154.1 159.9 168.3 176.5 185.1 192.8 201 208.4 216.3 220.4 220.6 218.4 217.1 217.1 214.6 209.1 204 199.1 195.3
336.3 334.5 331.6 328.9 327 322.4 317.4 312.5 306.2 298.1 288.6 282.5 274.6 269.7 263.1 255.3 254.4 253.9 253.2 253.8 252 246 244.6 242.1 239.3 233.6 231.2 230.7 233.7 235.6 237 237.7 237.8 236.8 235 235.3 231.5 224 214.1 201.8 192.5 187.9 182.1 175.2 169.5 167.3 164 158 152.2 148.9 145.6 142.6 137.5 129.5 125.2 123.5 123.6 125.7 127 128.8 132.9 136.2 139.3 144.4 148.5 152.5 156.8 161 167.6 174.9 183 191.2 198 202.2 207.1 212.4 218.7 220.6 219.3 217.9 218.1 217.9 212.2 207 203.7 199.1 194.1
339.4 336.5 330.9 331.4 329.2 324.2 317.4 310.2 302.7 293.3 283.6 275.6 271.6 266 258.6 253.4 253.7 253.4 254.4 254.9 252.5 245.7 239.3 239.2 236.7 231.2 225.3 227.9 234.1 235.7 237.6 237.8 237.1 236.3 231.9 227.5 221.7 210.7 197.1 181.1 172.4 169.7 162.3 152.9 150.3 147.6 145.5 141 139.7 138.5 137.4 133.4 129.6 126.8 124 123.9 124.9 128.6 133 136.4 140.5 144.5 149.9 154.7 158.9 163.9 170.2 175.7 182.6 189.3 195.7 200.3 204.1 207.5 210.6 216.3 218.5 219 216.7 217.1 217 214.8 208.9 204.7 201.7 198.3 191.5
340.8 337.5 331.6 330.9 328.8 323.5 315.3 303.1 295.8 283.5 278.3 276 269.6 259.5 253.8 253.6 252.6 253 255.3 254.6 251.1 244.8 237.4 233.7 233.1 228 222.4 227.3 233.6 236.6 237.4 236.5 235.1 232.3 226.9 219.3 208.6 194.6 177.5 163.5 156.9 149.5 143.7 138.8 137.5 135.3 132.5 131.7 131.4 130.6 129.3 126.9 125.5 124.6 124.6 125.7 130.2 135.6 140.2 146.1 149.7 156 161.8 166.7 171.1 176.2 182.3 190.1 195.5 199.3 202.2 205.5 208.2 210.8 214.4 217.6 217.4 216.3 215.8 215.2 214.4 211.1 207.3 203.6 200.5 195.6 188.1
340.9 337.6 331.1 328.7 326.6 321 312.6 299.9 288.7 280.5 279.4 274.9 266.5 255.8 253.9 253.3 251.9 254.3 254.8 251.8 246 240.8 235.8 229.8 228.8 224.1 219.7 225.8 232.5 235.6 235.1 233 229.9 225.6 218 207.6 193.9 176.1 160.5 151.2 142.7 135.5 134.1 132 132.7 131.5 131.9 132.3 131 130.4 129.9 129.1 128.2 128.9 130.8 135.6 140.9 146.8 151.5 157.8 162.3 167.3 172.3 176.9 181.7 185.3 193.3 200 202.3 204.4 207 208.9 211 213.6 215.8 216.9 215.9 214.6 213.9 213.3 211.5 209 206.2 202.3 196 191.1 183.2
