public/OST50/NH78.asc
ncols 200
nrows 200
xllcorner 270000
yllcorner 880000
cellsize 50
[rows 0 to 38 of 200, columns 0 to 87 of 200]
115.2 117.8 118.6 116.8 115 114.7 116 115 110.5 104.8 100.7 94 89.7 83.5 79.1 72.8 67.8 65.4 64.3 59.3 53.4 53.3 55.4 59.5 61.5 59.8 58.8 64.2 68.6 71.5 72.6 75.2 75.1 75.1 75.7 77.8 79.2 79.2 80.8 81.5 81.7 80.7 78.9 77 75.5 74.1 74.4 74.7 72.9 70.7 71 67.7 67.6 67.6 67.5 67.8 69.2 68.8 67.9 66.7 65.1 64.2 63.5 61.2 61.5 60.5 59.5 58.8 58 57.1 55.9 55.1 54.1 52.1 51.2 49.6 46.5 44.6 43.6 43.1 42.9 43.7 42.7 42.2 43.4 41 39.4 39.8
113.1 115.2 115.9 115.1 114 112.8 110.8 110 104.8 96.8 93.4 88.4 83.7 80.4 75.9 72 67.9 63.5 59.6 56.3 49.1 46.9 52 56.3 57.5 56 55.9 58.3 62.2 65.1 67.3 69.2 70.2 72.2 69.9 73.5 76.1 76.2 77.8 78.2 78.9 78.9 78.4 77.5 76.5 76.3 76.2 75.5 74.6 73 71.7 70.9 69.2 67.6 67.6 67.6 66.8 67.4 67.1 67.1 65.5 64.9 63.3 62.2 61.5 60.7 60.4 59.2 57.8 56.6 54.7 53.8 52.9 51.6 51.4 50.6 49.5 46.5 44.5 43.6 42.7 41.6 41.4 41.7 42.4 41.5 38.5 39.1
113.9 115.6 116.1 115.7 114 111.6 108.8 104.2 98.4 91.3 87.7 83 80.4 75.1 70.4 67.1 63.8 60.6 57.5 52.3 40.5 45.4 52.6 54.7 52.1 50.4 47.4 49.2 51.3 55.1 57 59.7 64.1 68 66.3 66.7 70.3 72.6 73.6 74.1 75.2 75 74.9 75.7 75.7 75.9 75.6 74.7 74.1 72.5 71.5 70.6 70.5 70.3 68.9 67.8 67.2 66 63.8 63.9 64.7 64.4 64 63 62.4 61 59.7 58.6 56.2 56 55.1 53.2 52.1 51.5 50.7 49.4 49.3 47.1 46.4 45.2 44.5 42.2 40.2 39.8 40.1 41.2 38.1 38.3
116.3 117.3 117.7 116.4 115.2 112.6 107.4 99.9 92.8 79.8 78.3 77.5 75.6 71.3 66.7 63.1 59.7 57.8 53.6 47.3 36.8 40.7 47.3 48.7 45.9 44.4 42.1 41 43 43.4 46.7 50.8 57.8 63.6 65.7 65.5 67.5 68.8 70 69.9 71.1 71.3 71.7 71.6 72.6 73.5 73.8 73.9 72.7 69.9 69.3 68.9 68.5 68.7 69 69 68.3 66.6 65.8 64 62.2 62 62.1 61.7 61.4 61.2 59.9 59 57.4 55.3 54.5 53.5 51.7 52 51.7 49.4 49 47.7 47.1 45.8 43.3 41.7 40.4 38.7 37.4 38 39.1 36.9
118.2 119.1 119.6 118.7 118.5 115.2 108.6 99.6 90.6 79.5 68.1 67.6 70.3 66.7 63.6 58.5 56.9 55.7 50.9 47.7 35.9 35.2 41.2 41.4 42.2 38.4 35.3 33.8 30.7 33.1 36.4 43.3 50.6 56.9 60.8 63.4 64.9 66.2 65.3 67.1 66.7 67.3 68.1 67.6 67.6 69.3 68.8 69.4 69 67.7 66 65.3 66.4 66.2 66.8 66.9 65.4 64.9 64.9 65.3 65.2 63.2 61.1 60.1 58.9 57.9 56.2 56.6 56.5 55.8 55.1 53.5 51.2 51.4 50.3 49 47.8 47.2 46.5 45.8 43.1 42.9 41.7 40.9 38.8 36.5 40.4 36.1
117.9 119.7 120 120.1 120 118.1 111.7 102.4 91 82.8 74.8 64.4 57.4 62.2 58.4 55.3 53.9 49.8 46.3 45.1 38.7 35.5 37.2 38.9 38.7 36.8 33.2 30.1 29.1 26.4 29.4 35.3 41.4 47.4 52.3 56.2 58.7 61 64.1 63 63.6 64.5 65.4 64.7 64.7 65.3 65.2 64 64.5 64.4 63.2 63.4 64 63.7 63.9 63.8 62.8 62.4 62.6 62.6 62.6 63.1 61.6 60.3 60 59.6 57.6 54.6 54.4 54.3 54.1 52.7 51.1 50.9 48.7 48.1 46.6 45.7 44.6 44.9 42.4 43 42 41.2 39.6 35.6 39.8 38
114.3 117.4 119.6 120.3 120.4 119.2 113 103.6 91.3 83.4 77 71 57.1 51.5 52.7 51.5 49.4 45.5 41.2 40.9 38.5 33.1 34.1 35.3 34.1 33 31.4 28.8 27.6 26 25.5 29.1 35.2 38.3 44.8 47 49.1 52.2 56.2 55.3 56.8 58.8 60.1 61.3 61.3 61.9 61.9 60.8 61.7 60.5 61 61.2 60.8 61.1 61 60.6 60.2 59.5 58.9 60 59.2 59.3 58.9 58.5 57.9 57.5 57 54.4 53.6 53.4 52.5 50.8 50.6 48.3 47.1 46.8 45.4 44.7 44.8 44.5 40.5 41.3 41.1 40.3 39.1 35.7 37.9 38.9
108.7 112.6 116 119.3 120.1 117.2 111.2 102.5 91.9 82.7 77 70.2 61.1 54.5 44.7 43.7 42.4 39 37.1 37.3 36 30.3 28.6 30.7 29.8 28.3 29.1 27.1 27.1 24.3 24.3 24.3 27.5 30 34.7 36.6 40.2 42.4 46.7 48.5 48.3 50.9 51.7 53.9 55.7 56.8 56.7 56.3 56.6 56.2 57.1 57.8 57.8 58.1 58 57.7 57.5 56.8 55.9 55.8 56.4 56.3 55.9 55.9 55.1 54.8 54.2 50 53.1 51.6 50.8 49.5 48.5 47.2 47 46.2 44.7 43.8 43.3 41.7 39.5 40.6 39.7 39.1 38 35.6 34.2 34.2
103.6 108.4 111.4 115.2 116 112.8 106.2 97.5 89 79.7 71 64.1 61.3 51.4 43.1 39.1 36.2 33.5 30.8 32.7 31.6 29.5 27.8 26.7 24.8 24.2 25 23.8 23.1 22.5 23.2 22.8 23 23.6 25.5 26.6 32.5 33.4 36.6 38.9 40.4 42.8 43.5 46.3 48.5 49.7 49.7 50.7 52 52 52.5 53.3 53.5 53.7 54.2 54.4 54.3 53.9 54.3 54.2 53.8 54.3 52.9 52.4 52.5 52.4 51.7 49 49.4 48.8 47.5 46.6 45.9 45.1 44.5 44.1 43.6 42.4 41.8 39.1 38.9 38.8 37 38.6 36.7 35.7 32.2 34.9
99.5 104.3 108.2 110.7 109.9 105.7 98.5 89.1 82.6 74.7 66.9 62.1 57.2 47.4 40.8 38.6 35.6 31.1 28.8 26.9 27 26.7 25.2 24.6 23.9 23.4 21.3 21.3 21.3 21.8 22.3 22 20.7 20.2 19.8 19.7 21.5 26.1 27.6 29.9 32.8 35.3 38.7 40.7 42.3 42.8 43.8 46.1 47.4 47.5 49.1 50.9 50.8 49.7 49.5 49.8 51 51.9 52 52.7 52.7 52.3 52.1 50.3 50.8 50.2 48.8 47.8 45.3 45.3 45 43.7 43.9 43.5 43 41.6 41.4 40.4 39.1 37.4 36.5 36.2 35.7 35.7 35.3 34 32.1 34.1
92.2 97.4 101.1 102.2 101 96 88.4 78.9 73.9 68.7 62.9 60.2 56.3 49.5 38.4 36 33 29.5 28.6 26.8 25 24.4 23.4 22.9 22.5 21.5 20.6 19.5 18.9 20.4 21 20.6 19.9 19 18 17.6 17.4 18.3 20.3 22.3 25.8 28.8 36.3 35.3 38.4 41.2 42.9 43.8 44.4 44.3 47 48.1 47.5 46.8 47.4 47.6 49.5 49.8 49 49.3 49.6 49 49.2 49.5 49.4 48.5 47 46.1 43.8 42.5 42.2 41.1 40.8 39.5 38.3 38.4 38.7 38.5 36.5 34.4 34.5 34.5 33.2 33.8 33.3 32.1 31.4 32.9
83.2 87.8 90.6 91.2 89.5 83.9 75.8 70 65.3 60.3 56.7 52.5 49.6 44.5 41.2 41.1 33.1 29.5 26.8 25.6 23.9 23.4 22.3 21.1 20.6 20.1 19.5 18.3 17.6 19.1 19.6 19.3 19.1 18.7 16.5 15.2 16 14.9 13.8 15.8 17.7 19.3 23.9 28.2 33.1 37 38.7 40.1 42.4 41.8 43.9 46.3 47.8 46.7 47 48.2 50.3 49.1 48.9 48.9 47.5 48 46.8 47.4 47.2 46.8 45.2 44.4 42.3 40.2 38.5 38 37.6 36.5 35.8 34 33 35.9 34.9 31.7 31.6 32.1 33.3 32 32 30.7 28.9 31
72.3 74.6 77.4 78.3 76.4 70.9 63.7 59.7 55.4 51.8 49.1 47.3 45.2 43 44.3 37.6 34.4 31.1 28.5 25 23.1 21.8 20.6 19.3 19 18.4 18.1 16.9 17.2 17.3 18.3 18.2 18 17.9 17 14.9 11.8 12 10.8 10.1 10.7 11.4 15.4 18.4 23.1 26.9 30.5 35.8 36.3 38.5 40.9 43 44.6 43.7 45.8 46.9 47.3 47.4 46 46.2 44.8 46 45.9 45.7 45.6 44.2 43 42.9 41.3 39.2 35.6 34.8 35.1 34.2 33.1 32.7 32.3 31.8 30.1 29.9 29.7 28.8 30.7 29.6 30.1 28.5 27.6 28.4
57.4 56.6 59.2 62.3 61.6 57.7 51.8 50 47.3 45.8 43.9 43.6 43.5 41.3 40.5 36.3 35 32.7 31.5 28.1 24.8 23.7 21.2 19 17.9 17 16.6 15.8 16.4 16.3 16.6 16.1 16.5 16.3 14.4 13.1 10.3 9.5 8.4 7.6 7 6.2 7 8.9 13.1 16 20.7 26.5 29.1 32.6 35.9 40.3 40.4 42 42.5 44 44.6 44.5 43.3 43.8 41.7 42.9 43.9 43.7 43.6 42 41.4 40.4 38.7 36.4 34.5 31.3 32.2 31.4 31.5 31.1 31 32.9 28.3 28.2 25.3 25.9 28.9 29.3 27.2 26.6 25.2 25
44.8 47.7 50.8 53.1 54.2 48.1 40.8 39.4 38 39 39.5 39.7 39 37.5 35.7 35.3 33.1 32.2 30.8 28.7 26.8 24.7 22.8 21.4 19.9 18.2 16.7 15.5 15.1 15 13.9 13.4 13.2 11.9 11.6 10.9 9.3 8.3 7.3 6.6 6.4 5.8 5.3 5.2 5.6 7.7 12.9 17.4 20.2 24.2 28 31.1 31 36.3 36.9 38.6 39.2 39.7 39.5 39.8 38.6 38.4 38.7 39.3 39.9 38.7 39.2 37.7 36.3 33.9 32.6 29.7 30.6 30.1 29.7 28.4 29.4 27.6 27.9 26.9 25.8 25.1 27.8 27.5 26.6 25.4 25 23.3
37.7 41 43.1 45.5 46.4 41.4 35.8 33.9 33 35.3 36 35 34.2 34.6 33.8 33.3 33.3 32 31.6 29.8 28.2 27.5 26.9 24.8 23.3 20.6 18.5 17.5 15.3 13.8 13.3 12.8 11.6 11.5 10 9.2 8.3 7.5 6.8 6.3 5.9 5.5 5.6 5.9 5.3 5.5 6.6 10.3 13.8 16.8 18.6 20 23.8 29.4 31.1 31.5 33.1 33.6 33.9 34.1 34.3 34.4 34.1 34.1 33.9 34 34.5 34.3 33.4 31.1 29.8 27 27.7 28.4 28.7 27.4 26.7 26.2 25.4 26.6 24.9 22.9 27.4 26.5 28.1 26.2 24.5 22
31.3 31.4 33.4 34.5 35.5 31.3 27.9 26.3 27.4 31.5 31.2 30.1 31 31.8 31.8 32.2 30.7 31.1 31.1 28.5 26.9 26.5 25.5 24 23.6 21.7 19.8 18.2 16.7 15.2 12.7 12.3 11.9 11.2 9.9 9.5 9 8.4 7.7 7.5 6.9 6.2 5.8 5.6 5.5 4.9 5.2 6.2 7.4 9.4 12.1 13.9 16.9 19.4 23.3 23.4 24.6 26.6 27.3 27.4 28.7 29.4 29.1 29 28.3 27.8 28.4 28.3 28.3 27.5 25.9 25.1 24.2 25 25.1 24.6 23.5 24.8 25.4 25.5 23.8 21.9 23.1 24.4 26.6 26.2 23.2 21.4
27.9 26.3 23.9 22.1 22 20.6 20.4 20.2 21.4 25 26 26.4 28.4 29.5 30.8 30.2 29.4 28.7 27.6 28.2 27 26.6 25.5 26.5 22.9 22.2 20 18.5 17.1 16.6 14.1 13.3 11.1 11.2 10.3 9.9 8.6 8.1 7.5 6.6 6.8 6.1 5.5 4.9 4.7 4.5 4.4 4.5 5.3 6.4 7.3 8.3 9.5 12.3 15.2 16.5 16.6 18 19.3 19.7 21.8 23.3 23.5 22.9 23 22.4 22.2 21.5 21.6 21.8 22 21.9 20.7 21 21 20.9 19.8 21.2 22.1 22.1 19.4 18.3 19.1 20.5 22.2 22.1 21 20.9
25 25.5 22.6 20.7 20.3 19.9 19.5 19.4 19.2 19.3 20.9 23.5 24.7 26.6 27.8 27.6 28.8 29.1 28.3 27.7 27 26.4 24.9 23.8 22.7 21.7 20.3 19 19 17.1 15.3 14.2 12.7 10.9 9.9 8.9 8.5 7.5 6.7 6.5 6.2 5.2 5 5.2 3.8 4.7 4 5.5 4.3 3.8 4.5 4.9 4.7 5.3 6.1 8.2 9.3 8.9 8.2 9 10.5 12.3 13.5 15.7 16.3 16.5 16.5 16.1 15.8 16.2 16.9 15.9 16.2 18.4 18.5 17.9 17.1 17 17.3 15.9 14 14.1 15.5 17.6 18.3 19.3 19.7 19.4
24.4 23.8 21.6 20.7 20.3 19.9 19.5 19.5 19.5 19.1 19.2 20.5 23.1 25.1 25.8 26.1 26.6 27.9 27.9 28.1 28.1 27.3 25.3 24.5 24.1 22.1 21.3 20.7 19.7 20.4 19.5 17.6 15.2 12.3 10.1 8.8 8.3 7.4 6.5 6 6 5.8 6.2 5.9 6.4 5.8 5.7 6.6 4.9 3.5 3.7 3 2.6 2.3 3.7 1.9 4.5 2.8 1.7 2.8 3.7 3.9 4.8 6.1 7.7 8.1 9.6 10 10.4 10.8 10 9.9 11.6 15.5 14.9 14.4 12.9 12.6 12.4 11.4 10.3 11 12.3 13.3 14.8 18.6 19 18
23.8 22.1 21.4 21.2 20.6 19.7 20.3 19.9 19.4 18.8 18.9 18.6 20.8 22.9 24.3 25.4 25.1 26.6 27 27.7 27.5 27.4 25.6 24.8 25.4 21.3 21 22.1 20.4 21.2 21.3 19.9 17.2 13.1 10.4 9.4 8.5 7.8 6.8 6.8 6.2 5.9 6.1 6.2 7.1 5.4 4.8 5.2 4 3.6 3.5 3.8 3.7 2.7 3.6 2.5 1 1 1 1 1.3 1 3.1 4 3.9 5.5 6.8 5.1 5.7 5.9 5.3 5.5 5.8 6 6.4 6.2 7.3 7.9 7.3 7.2 7.3 7.3 8.7 9.1 10 13.6 15.5 16
22.3 21.8 21.9 21.6 21.2 20.8 20.4 20.1 19.1 18.6 18.6 18.3 19.4 20.6 20.8 21.9 20.4 24.1 25.4 26.2 26.2 25.5 23.7 24.5 22.4 21.5 21 20 18.9 20.4 21.1 20.5 17.8 15.3 12.4 11 10.2 9.5 8.5 8 6.5 6.1 6.2 6.1 6.4 5.8 3.4 4.1 3 3.3 3.4 3.7 3.2 4.1 4.3 4.1 3.6 2.7 1 1 1 1 1 1 1 1 1 3.5 3.8 4.2 3.8 4.7 5.4 5.3 5.5 5.6 6.1 6.1 6.5 6.5 6.3 6.4 6.9 6.8 6.8 6.6 9.2 11.7
22.3 22 21.3 21 21.5 20.8 20.6 20.7 19.9 16.7 17.4 17.9 18.3 18.5 18.6 18.3 18.5 19.4 21.2 23.1 24.4 24.2 23.7 22.7 21.9 22.1 23 19.7 19.6 21.1 22.1 21.7 19.1 16.5 14.3 13.1 11 10.1 10.7 9.5 7 6.3 6.4 6.5 6.6 6.3 3.7 5.4 5.7 3.2 3.7 3.6 3.5 3.2 5.1 5.9 5.6 4.6 3 1.7 1 1 1 1 1 1 1 1 1 1 4.4 5.6 5.4 5.5 5.8 5.6 5.5 5.4 5.9 6.2 6.1 5.7 7.5 9 7.8 7 7.6 6.5
22.8 22.4 21.6 21.8 21.3 20.6 20.9 20.3 20.3 18.8 18.4 17.8 17.8 17.7 17.7 17.6 18.2 17.1 17.5 18.8 20 20.6 20.8 20.2 19.7 20.3 19.7 19.4 19.6 21.1 22.5 21.9 18.4 17.2 16.8 14.7 12.2 11.3 11.8 10.8 7.7 6.4 6.3 6 6.1 6.9 6.7 5.5 6 3.4 3.4 3 3.1 5 6.2 6.2 5.7 4.7 4 2.7 2.1 1.1 1 1 1 1 1 1 1 1.4 5.7 5.7 5.7 5.7 6 5.7 5.6 5.6 5.3 5.8 5.8 5.9 7.3 9.1 8 6.6 6.7 6.2
22 20.8 21.8 21.3 20.7 20.4 20.4 19.8 19.7 18.9 18.9 18.2 17.4 17.1 17.4 17.1 17 17.1 16.6 16.7 16.5 17.2 17.7 17 16.8 17.4 17.6 17.7 17.8 18.6 20.5 20 16.2 15.6 15.7 16.2 14.6 11.4 11.1 11.1 9 7 6.1 6.5 6.7 6.7 6.5 6.1 6.5 5.8 5.9 4.9 3.2 5.8 5.7 5.8 5.1 4.4 4.3 3.2 2.6 2.2 1.2 1 1.3 2.3 1.4 1 1 3.8 6 5.6 5.8 5.6 6 6.2 5.9 5.9 6 5.7 5.7 6 7.7 9.3 9.2 8.2 6.6 5.9
19.6 19.3 21.2 21.5 21.1 20.6 19.7 19.7 19.1 18.5 18 17.5 17.5 16.5 17 17.3 17.3 17.1 14.7 12.3 12.7 13.4 14.4 14.4 14.7 14.9 13.8 14.5 15 16.3 17.4 17.6 14.4 12.9 13.8 14.7 13.3 11.6 10.2 9.9 8.6 7.2 6.6 6.2 6.3 6.7 6.6 6.2 6.2 5.9 6 5.7 6.1 6.1 6 5.9 5.5 4.4 4.2 3.7 2.7 2.8 2.5 1.7 2.3 0.3 0.6 -1.5 1.2 4.1 6 5.5 5.8 5.9 6.3 6.3 5.9 5.9 5.2 5.7 5.3 6.2 7.2 6.9 8.1 8.1 5.9 6.2
12.7 15.4 17.9 19.2 19.8 20.2 19.3 19.3 18.7 18 17.8 17.5 16.7 16.7 11.8 16.4 16.2 14.6 8.5 7.4 8.7 9.9 9.8 9.3 11.6 12 11.9 12 12.9 13.4 14.2 14.2 11.8 10.8 11.9 12.1 12.1 11.5 10.7 9.3 8.3 6.9 6.5 6.8 6.5 6.8 7.7 7.5 6.5 5.8 5.7 5.9 5.6 5.8 5.7 5.3 5 4.3 4 3.1 2.8 2.5 2.7 1.5 2.1 -0.3 -1.5 -1.5 0.1 2.1 6 5.4 5.6 6 6 5.9 5.7 5.8 5.1 4.7 5 6.3 7.6 7.8 5.7 5.8 5.2 4.6
2.1 7.9 11.4 14.1 15.9 17.2 18.2 18 18.7 18 17.3 16.9 16 13.8 8.1 8.9 7.2 2.2 2 2.1 2.4 4.8 6.8 7.3 8.7 9.7 9.8 10.8 11.2 12 12.5 11.3 9.2 8.9 9.6 9.9 9.1 9.4 9 8 7.7 6.8 6.5 7 7.1 7.2 8.3 11.4 8.7 6.5 6 5.6 5.1 5.5 4.9 4.6 4.3 3.7 3.8 3 3 2.4 2.1 2.3 1.7 0.6 -1.5 -1.5 -1.5 1.1 5.2 5.4 5.6 5.9 6.1 6 5.7 5.3 4.9 5.9 4.9 5.4 6.1 6.7 6.2 4.8 4.1 4
-1.5 -1.5 2.4 5.7 6.9 10.2 12.2 14 15.2 15.2 13 15.5 16 9.3 6.7 4.5 1.9 1.4 1.2 1.3 1.6 2 3.9 5.2 6.8 7.5 7.2 8.9 10.5 10.9 10.4 9.5 8.4 8.3 8 8.3 7.5 7.4 7.7 7.4 7.5 6.7 6.7 7.1 7.2 7.3 9.5 15.6 17.8 12.6 6.5 5.6 5.1 4.8 4.5 4.3 4 3.9 3.3 2.9 2.9 2.5 2.5 1.9 1.1 0.3 -0.3 -0.9 -1.5 -1.5 2.3 5.4 5.5 5.8 6 6.2 5.9 5.6 5.3 4.9 4.8 4.4 5.1 5.2 5.1 4.4 4 4.1
-1.5 -1.5 -1.5 -1.5 1.6 2.6 4.8 7.1 8 8.3 8 7.5 6.4 5.7 4.1 1.9 0.9 0.6 0.4 0.6 0.9 1.4 2.1 3.9 6.2 7.1 5.8 7.1 9.5 11.3 11.6 10 8.3 7.4 7.6 7.7 7.7 7.1 7.4 7.5 7 6.8 6.6 7 6.5 7.1 10.8 18.4 18.9 18.4 17.1 10.7 5.3 5.2 4.7 4.1 2.9 2.9 2.7 2.9 2.8 2.4 2.2 1.8 1.2 0.6 0 -0.6 -1.2 -1.5 -1.5 4.4 5.4 5.7 5.9 6.2 5.7 5.8 4.7 3.3 2.6 3.7 3.6 3.8 3.7 3.6 3.6 4.9
-1.5 -1.5 -1.5 -1.5 -1.5 -1.5 -1.5 1.2 -1.5 -1.5 -1.5 -1.5 -1.5 -1.5 -1.5 0.5 -0.2 -0.3 -0.4 -0.1 0.3 0.9 1.7 4.3 5.2 7.1 6.7 8 11.2 15.4 17.8 14.6 9.5 7.8 7 6.7 6.5 6.9 6.9 6.6 6.4 6.9 6.3 6.8 7 7.1 8.9 17.4 18.7 18.6 17.8 17.6 14.4 5.8 4.3 4.2 3.3 2.2 2.7 2.7 2.4 2.1 1.9 1.6 1.4 0.9 0.3 -0.3 -0.9 -1.5 -1.5 3.4 5.7 5.6 5.8 5.9 5.7 5.1 3.6 2.4 2.9 3 3.4 4.3 4 3.7 5.1 6.2
-1.5 -1.5 -1.5 -1.5 -1.5 -1.5 -1.5 -1.5 -1.5 -1.5 -1.5 -1.5 -1.5 -1.5 -1.5 -1.5 -1.5 -1.5 -1.5 -0.7 -0.2 0.5 1.3 2.1 4.8 7.2 9.3 12.7 15.3 18.4 18 17.3 14.2 9.9 7.5 7 6.3 6.5 7.1 6.6 6.6 6.6 6.6 6.6 6.4 7.1 9 17 18.5 18.6 13.6 12 18 14.6 5.9 4.7 3.1 2 2.6 2.2 2.1 1.8 1.6 1.4 1.1 0.8 0.5 -0.1 -0.7 -1.3 -1.5 -1.5 5.7 5.5 5.4 5.2 5 4.6 2.9 2.7 2.9 4.4 7.4 8.3 6.3 5.6 6.9 8.3
-1.5 -1.5 -1.5 -1.5 -1.5 -1.5 -1.5 -1.5 -1.5 -1.5 -1.5 -1.5 -1.5 -1.5 -1.5 -1.5 -1.5 -1.5 -1.5 -1.5 -0.7 0.1 0.9 1.8 4.1 6.5 11.3 15 16.5 17.7 18.3 17.4 16.5 12.5 7.6 7.2 6.4 6.8 7.2 6.6 6.7 6.9 6.5 6.5 6.4 6.9 9.8 15.5 19 18.3 13.9 14 18.3 18 14.7 5.6 4 2.1 2.2 2.1 1.8 1.5 1.3 1.1 0.9 0.6 0.3 0 -0.5 -1.1 -1.5 -1.5 5.1 6.2 5.4 4.7 4.3 4.1 1.6 2.6 3.1 4.1 12.6 13.9 11.1 8.4 9.7 14.1
-1.5 -1.5 -1.5 -1.5 -1.5 -1.5 -1.5 -1.5 -1.5 -1.5 -1.5 -1.5 -1.5 -1.5 -1.5 -1.5 -1.5 -1.5 -1.5 -1.5 -1.5 -0.4 0.6 1.6 4.4 5.8 11.7 14.8 13.7 12.5 13.9 13.9 13.7 13.9 10.3 7.3 6.3 6.4 6.8 6.9 6.6 6.6 6.4 6.7 6.8 7.3 11.1 16 18.5 18.5 11.1 17.9 17.9 17.1 18 13 5.9 2.9 2.3 1.8 1.4 1.2 1 0.8 0.6 0.4 0.1 -0.2 -0.5 -0.9 -1.5 -1.5 4.5 5.5 4.1 3.5 3.7 1.7 3.5 2.5 3.8 7.5 13.5 17.3 17.3 14.6 12.8 13.8
-1.5 -1.5 -1.5 -1.5 -1.5 -1.5 -1.5 -1.5 -1.5 -1.5 -1.5 -1.5 -1.5 -1.5 -1.5 -1.5 -1.5 -1.5 -1.5 -1.5 -1.5 -0.7 0.4 1.5 3.5 5.9 12 13.4 10.8 10.1 10.2 9.8 10.3 11.4 10.7 7.6 6.4 7 6.7 6.6 6.9 6.8 6.5 6.9 6.7 7.2 8.6 11 14 10.6 9.1 17.2 18.8 15.3 15.2 14.8 8 3.8 2.3 1.5 1.1 0.8 0.7 0.5 0.3 0.1 -0.1 -0.4 -0.7 -1 -1.5 -1.5 3.5 4 3.7 3 2.2 2.8 3.2 4.7 7 9.7 15.2 20.2 21.4 16.6 15.2 14.6
-1.5 -1.5 -1.5 -1.5 -1.5 -1.5 -1.5 -1.5 -1.5 -1.5 -1.5 -1.5 -1.5 -1.5 -1.5 -1.5 -1.5 -1.5 -1.5 -1.5 -1.5 -1.5 -0.1 1.4 4.1 8.3 13.4 13.9 11.7 11.1 11.5 13 14.1 13.5 12.8 7.9 6.5 6.6 7 6.6 6.3 6.7 6.6 6.9 7.2 7 7.7 10 12.4 8.5 8.9 11.4 12.3 8.2 8.6 9.7 8 3.5 2.2 1.4 0.8 0.4 0.3 0.2 0 -0.2 -0.4 -0.6 -0.9 -1.2 -1.5 1.9 1.5 2.9 3.2 1.8 2.6 4.6 7.2 7.6 7.3 10.9 17.2 21.2 19.2 18.4 16.9 16.4
-1.5 -1.5 -1.5 -1.5 -1.5 -1.5 -1.5 -1.5 -1.5 -1.5 -1.5 -1.5 -1.5 -1.5 -1.5 -1.5 -1.5 -1.5 -1.5 -1.5 -1.5 -1.5 0.2 1.8 7.7 12 14.8 14.3 10.7 8 8.5 10.7 13.4 12.9 11.7 7.1 6.4 6.4 7.1 6.8 6.6 7 6.7 6.9 7.2 7.5 8.9 10.1 9 7.1 6.4 7.4 7.4 7.2 7.3 9.1 9.8 4 2.1 1.3 0.6 0.1 -0.1 -0.2 -0.4 -0.5 -0.7 -0.9 -1.1 -1.5 -1.5 1.8 1.2 2.3 2.1 1.2 4.8 9 10.9 10.6 10.8 14.1 19.2 18.6 16.1 15.6 15.7 15.8
-1.5 -1.5 -1.5 -1.5 -1.5 -1.5 -1.5 -1.5 -1.5 -1.5 -1.5 -1.5 -1.5 -1.5 -1.5 -1.5 -1.5 -1.5 -1.5 -1.5 -1.5 -1.5 0.3 3.2 13.7 11.7 12 11.1 8.8 6.9 7.8 9 11.1 9.9 8 6.3 6.1 6.3 7.1 6.8 7.1 6.6 7.1 6.5 6.7 7.6 7.7 8 7.7 6.7 6.5 6.8 7 7 6.5 9 8.8 6.8 2 1.2 0.5 -0.2 -0.6 -0.6 -0.7 -0.9 -1 -1.2 -1.5 -1.5 0.6 2.2 1.2 1.2 1.2 5.4 9.7 13.1 12.5 13.7 16.1 19.3 20.8 18.4 16.2 16.3 18.6 19.1
-1.5 -1.5 -1.5 -1.5 -1.5 -1.5 -1.5 -1.5 -1.5 -1.5 -1.5 -1.5 -1.5 -1.5 -1.5 -1.5 -1.5 -1.5 -1.5 -1.5 -1.5 -1.5 0.7 6.6 15.1 10.3 8.6 8.4 6.6 6.5 7.1 6.9 8.7 7.3 7.1 7.6 6.8 7.7 6.6 6.8 6.8 6.5 7.1 6.7 6.9 7.3 7.1 7.1 6.9 7.2 6.5 7.2 7.5 8.5 8.8 10.3 9.3 7 2.1 1.2 0.4 -0.4 -1 -1.1 -1.1 -1.2 -1.5 -1.5 -1.5 0 1.4 2.4 2.5 5.2 8.5 12.9 15.7 16.6 14.8 18.3 20.1 21.6 21 18.1 17.1 19 20 20.4
