public/OST50/NH78.asc
ncols 200
nrows 200
xllcorner 270000
yllcorner 880000
cellsize 50
[rows 156 to 194 of 200, columns 0 to 87 of 200]
126.7 125.7 124.4 122.7 121.6 119.4 117.2 113 110.2 102 100 101.3 116.5 119.3 123.6 131.3 142.2 153.3 165.3 178.2 189.7 202.1 212.6 220.7 226.9 230.6 233.4 236.1 240.4 241.7 243.7 244.2 248.4 259.2 268.7 273.9 275.8 278.4 281.9 283.3 282.2 280.2 277 274.7 273.1 271.6 271.6 271.1 269.8 271.6 275.6 280.3 283.8 285.6 284.3 283.2 280.9 281.4 282.6 287.4 289.6 289.7 289.5 291.1 291.3 287.4 285.8 283.6 282.9 283.5 282.3 279 275.2 270.3 264.6 260.4 254.5 249.2 245.6 242.3 239.7 239 238 236.6 234.2 230.7 226.7 221.9
128.5 125.2 123.4 121.9 120.8 118.8 118.6 117.1 114.5 101.3 105.1 112.4 119 121.5 125.6 133.5 144.8 156.5 168 180.4 192.1 203.4 214.2 221.4 226.2 230.3 233.4 237.4 240.7 242.4 244.4 244.4 251.1 261.8 270.1 275.4 280.8 286 287.4 285.5 283.1 279.6 278.6 277.7 274.7 275.6 275.7 274 276.5 282.1 284.9 287.5 288.8 288.2 288.4 285.4 283.3 283.4 283.4 282.9 285.9 288.2 288.4 291.3 289.4 287.4 286.4 286.2 285.7 284.1 279.9 276 270.6 265.6 261.8 257 251.9 248.1 246.4 243.7 243 242.7 241.2 239.1 235.8 232.5 228.9 225.3
129.3 127.8 125.1 123.8 122.4 120.6 120.2 118.8 115.3 102.6 106.4 118.7 120.6 123.1 127.4 135.7 147.4 159.3 170.3 181.9 194.1 204.1 214.4 221.5 225.3 229.1 231.5 236.1 239.2 242.3 243.4 246.6 253 262.3 269.5 276.6 282.4 286.6 287.2 285.9 282.9 279.7 279.3 278.7 277.7 279.9 283.5 288 289.4 291.1 292.5 291.9 290.6 290.3 288 286 285.3 284.5 283.7 283 283 284.6 286.8 289.6 287.9 286.9 287.3 287.9 286.1 281.6 277.4 273.5 268.6 264.1 261.6 257.1 252 249.4 246.8 245.1 244.9 243.6 241.2 238.4 234.8 231.7 228.3 225.4
130.6 128.5 126.4 125.2 123.7 121.8 120.6 117.7 108.2 104.1 115.5 120.3 122 124.7 129 136.5 147.6 160.2 171.2 183.3 193.8 203.6 213.1 220.3 224.4 228 230.4 234.8 238.6 241.2 242.7 246.6 252.1 261.2 269.2 277.5 281.9 284.5 286.5 286.6 284.8 281.1 280 277.7 283.2 291.3 295.3 295.6 296.1 297.2 295.9 293.5 292.1 290.7 287.7 286.3 285.8 285 283.9 283 283 283.3 285.1 287.4 286.8 286.9 286.8 286.8 284.3 281.1 277.4 273 269 265.8 261.6 256.8 252.5 249.8 247.8 246.5 245.1 242.7 239.6 237.3 234.7 231.4 227.8 224.7
131.4 129.2 127.8 126.8 125.7 123.5 120.2 116.2 112.3 108.8 113 121.9 124 126 129.4 136.6 147.3 159.5 171.5 183 193 202.1 211.6 217.6 222.1 225.9 228.3 232.4 235.8 239 241.7 245.8 251.5 259.9 272.7 280.2 283.5 286 287.2 288.3 288.3 286.5 285.3 289.9 296.3 301.3 301.4 300.1 299.8 298.9 296.5 293.8 292.5 290.5 287.5 286.7 286.2 285.3 284.3 284 283.5 283.1 282.2 283.7 284.9 286 285.7 285.1 283.5 280.6 277.1 273.9 270.6 266.9 262.1 258.6 254.3 250.4 247.9 246.7 244.1 241.4 239.2 237.1 235.1 232.2 228.1 224.8
131.5 130.2 129.3 128.4 126.9 124.5 122.5 119.7 116.1 109.9 109.2 110.4 123.9 127.3 130 136.1 145.7 158.6 169.4 180.7 191 199.7 208.5 214.7 219 223 227.5 231.4 235.4 237.9 241 246.5 252.3 264 276.6 284.1 287.2 290.7 292.1 293.8 294.2 294.7 298.1 301.7 306.7 305.8 305.6 302.2 301.2 299.6 296.9 294.2 291.9 290.1 289 287.7 286.6 285.6 285.3 284.4 283.8 283.4 282.7 282.2 282.9 283.9 283.7 283.8 282.9 280.4 277.4 274.8 270.6 265.6 262 258.1 254.8 252.1 248.8 245.9 242.8 240.3 238.3 237.2 234.9 233.4 231.3 226.4
132.6 130.9 129.5 129 127.7 126.7 125.9 123.3 119.5 116.5 114.9 111.9 121.8 127.9 130.1 134.9 144.1 154.9 165.9 176.5 187.3 196.2 205.2 211.6 216.1 220.3 225.8 231.1 235.3 237.8 241.7 247.7 256.9 270.1 281.8 287.9 291.7 295.7 298.9 299.7 300.7 303.7 306.8 310.5 311.2 310 307.4 304.7 303.7 301 297.6 293.1 292.4 291.6 290.3 290.4 289.1 286.9 285.6 284.7 284.5 283.6 283 282.4 281 281.9 281.5 281.5 281.5 279.6 276.4 272.5 268.6 265.5 261.5 256.5 253.7 252.1 248.5 246.8 243.3 239.8 237.6 236.3 234.6 234.1 232.3 230.2
133.3 131.5 130.8 129.8 129.1 129.3 128 126.1 124.1 121.2 119.3 113.6 116.5 124.7 129.8 135 142.7 151.7 161 172.9 184 193.5 201.9 208.3 213.7 218.6 223.7 229.3 234.2 238.9 243.2 250.8 262.9 274.7 283.4 291.2 294.9 298.9 301.6 303.9 307.4 311.4 314.3 316.4 314.5 312.3 310.8 308.1 305.2 300.8 295.3 293 292.3 292.7 293.5 293 290.5 289 286.8 285.1 284.6 283.7 282.7 282.6 279.7 279.6 278.1 278.3 279.1 277.7 274.4 271.1 268.7 265.4 261.6 258.3 254.6 251.9 249.5 247.6 244.6 239.9 239.4 237.8 236.3 236.6 236.4 235.2
134.1 132.6 131.7 131.6 130.6 130.5 129.7 128.2 127.1 125.7 123.8 119.3 115.2 116.1 123.7 134.4 140.9 150 160.1 172 183.1 192.3 199.3 206.6 211.7 217.5 223.8 227.2 232.6 239.9 246.2 257 267.7 277 284 292.7 297.8 301.1 303.9 306.3 310.8 315.3 317.6 319.1 317.5 315.8 313.1 307.7 303.5 298.6 293 293 291.8 294.1 294.6 293 292.2 290.4 287.9 285 284.2 283.6 281.6 281.4 278.4 277.2 275.4 274.6 275 274.6 273.3 271.9 269.9 265.5 261.8 258.9 256.5 252.5 247.9 246 244.5 241.3 242.2 243.7 242.9 241.3 240.3 238.6
135.4 134.2 133.1 131.9 131.6 131.7 131.1 129.9 128.9 128.8 127.8 125.3 123.5 116.9 121 134 140.1 147.9 159.5 171.2 181.8 190.6 198.4 203.6 211.1 218.3 224 226.7 233.3 240.3 250 260.6 270 277.3 284.8 295.1 300.3 303.2 305 306.4 310.6 316.3 319.6 321.1 320.3 318.5 313.2 306.2 301.4 296 294 294.1 294.8 296.2 294.7 293.9 291.7 290.2 287.9 285 283.6 282.4 281.9 280.8 278.2 274 271.2 269.5 269.3 270.2 271.3 271.1 268.9 265 261.9 259.5 257.7 252.4 246.5 244.9 242.8 242.7 245 246.2 246.1 244.7 243 242.3
138 136.8 135.3 133.9 133.2 133.1 132.1 131.4 130.9 129.7 128.5 127.8 127.3 122.6 117.9 132.8 138.2 146 157.3 168.8 179.2 188.1 195.5 201.9 209.2 216.3 222.9 227.1 233.4 240.6 251.2 261.6 270.6 277.8 286.5 296 301.3 304.3 305.4 306.5 308 315.9 318.8 320.6 319.8 318.3 312.6 305.3 300.1 296.2 295.6 295.9 299.2 297.9 296.7 295.2 293.5 291.3 288 286.2 285.9 285.3 283.8 280.5 277.2 268.8 265 263 263.2 266.4 268.1 268.6 265.9 261.6 259.6 258.7 257.2 253.1 246.4 246.2 243.7 245.1 247.8 249 247.8 246.9 246.6 248.4
140.5 139.1 137.6 135.7 133.9 134.2 133.3 132.6 132.4 132.6 130.7 128.6 129 124 119.1 129.4 137 142.4 153.4 165.6 175.4 184.9 193.1 199.6 206.2 212.7 218.5 225.6 232.8 240.5 252.1 261.6 269.9 278.4 286.7 294.9 300.4 304 303.7 305.9 306 312.1 318.2 318.6 318.4 316.8 311.9 304.1 300.8 298.1 297.6 299.9 300.4 299.8 298.2 296.5 295 292 291 291.2 289.9 285.6 280.4 275.4 269.8 263.2 257.7 256.7 257.7 261.2 264.9 265.6 262.5 259.1 257.5 256.8 256.3 253.1 249.2 246.3 246.5 248.8 252 253.2 251.7 253.4 255.6 257.6
142.2 141.1 139.6 137.4 137.5 136 135.9 135.4 134.7 133.6 131.1 130.2 130 125.4 120.4 132.5 136.1 140.6 148.9 161.4 172 180.9 189.7 196.5 202.6 209.6 217.3 224.7 231.6 241.5 252.2 261.4 269.9 277.9 286.6 294.3 298.8 301.6 301.7 303.7 304.5 306.1 312.4 316.4 316.6 315 309.4 302.6 300.5 299.6 301.4 303 302.4 300.8 299.7 297.5 295.9 295.7 294.4 294.8 289.3 282.8 276.3 269.8 263.4 256.2 252.5 252.7 253.4 257.1 260.9 262.4 260.9 258.2 255.7 255.1 254.8 253 249.5 249.1 251.5 254.5 257.1 257.9 260.1 263.2 264.6 264.6
143.7 142.8 140.9 140.2 138.3 139 137.7 137.1 135.3 133.4 133 131.5 131.9 129.7 121 132.6 135.7 139.6 146 156.6 167.5 176.2 185.6 193.4 198.7 206.6 215.1 222.5 231.3 240.5 251.4 261.1 269.4 276.7 284.5 292.6 296.8 299.6 300 302.7 303 303.2 306.9 314.2 315.6 311.7 304.8 302 300.1 300.2 303.3 303.7 304.2 302.7 300.4 298.3 298.9 298 297.6 293.2 285.7 278.7 272.3 265.8 258.2 252.6 252.3 252.3 252.5 252.8 255.6 258.1 258.3 256.4 253.6 254.1 255.2 253.2 252.7 254.5 256.2 259.8 262.8 267.3 269.9 271.1 270.4 268.4
144.1 142.9 142.3 141.1 140.5 139.4 138.7 137.7 136.6 135.7 135.8 133.8 132.6 129.2 122.9 133.5 135.8 139.5 144.4 151.8 162.3 171.5 180.4 187.6 195.4 203.1 211.4 220 229 238.8 249.3 258.9 267 274.9 282.6 290.1 294.7 297.9 298.1 301.4 302.6 303 304.5 309.9 312.3 309.5 303.2 302.3 301.7 302.5 304.4 305.4 305 303.4 299.3 299.7 299.1 299.1 295.2 288.8 281.2 275.3 268.2 261.9 254.9 252.2 252.2 252.2 252.1 251.8 251.8 253.3 254.2 253.8 253.8 253.6 255.8 255.5 258.2 260.4 263.5 267.6 272.4 275.5 276.9 276.2 273.2 270.5
145.9 144.9 143.5 142.5 141.7 140.8 140 138.3 137 136.7 137.2 134.8 133.5 129.7 123 126.8 136.7 138.8 142.4 148.3 157.3 167 175.3 184 190.4 198.8 207.8 216.8 225.9 235.1 245.2 255.1 263.4 270.5 279 286.2 291.3 294.6 296.9 299.2 301.1 302 303.6 305.9 309 307.2 303.6 302.6 302.5 304.6 305.3 304.5 304.2 301.1 298 298.3 297.1 297 291.6 284.2 278.7 271.8 264.8 257.5 255.1 252.3 252.3 252.6 252.6 251.8 251.8 251.8 252.7 253 253.9 256.1 258.3 259.1 263.3 267.9 272.8 276.4 278.9 280.6 280.6 278.4 275.1 271
147.2 146.5 144.7 142.4 141.5 140.5 139.6 138.3 138 137.2 136.9 137.5 137.2 132.6 125 125.2 134.7 137.7 140.7 145.1 151.5 160.8 170.9 179.4 185.9 195.2 203.4 212.4 221 229.1 239.5 249.1 258.6 266.4 271.8 280.5 286.2 289.6 294.2 297.3 299.8 301.1 301.6 305 307.8 305.3 304 303 304.7 306 306 304.3 300.4 297.7 296.4 295.5 294.7 292.6 287 279.7 272.4 267 260.9 257.6 256.6 254.4 254.8 252.8 252.2 251.8 251.8 252.7 253.7 255.8 257.8 260.4 263.1 264.9 271.4 276.6 280.2 283.1 283.2 283 281.7 278.3 273.1 267.4
147.1 145.6 144.3 141.6 139.9 139.5 138.3 138.3 137.9 137.7 137.4 135.8 136.2 134.5 130.5 126.9 131.7 135.3 138.3 142 147.7 155.7 163.7 172.3 181.3 191.3 198.2 207 215.1 223.6 232.1 242.2 251.8 260.3 265.8 272.5 278.4 284.4 290.7 295.3 297.8 300.1 300.3 306.1 308 305.6 305 304.6 306.2 307.5 306.2 302.8 297.7 297.3 293.5 290.4 291.4 287.7 281 274.8 268.4 261.7 258.6 257.7 257.3 257.1 255.5 252.4 251.9 251.8 252.6 253.4 257 260.2 263.3 265.3 268.5 273.4 278.7 282.7 284.2 284.3 283.9 283.2 281 276.6 272.4 266.4
146.3 145 142.6 141 139 138.7 138.3 137.2 135.2 135.2 135.2 135.4 135.3 134.4 132.4 129.3 128.2 129.4 133.9 137.8 143.6 151.6 158.9 165.7 174.1 184.1 192.7 200.1 207.6 216 224.3 233.9 244.2 252.6 260.3 267.7 272.3 278.7 286.4 291.8 296 296.9 299.4 304.9 308 306.7 305.7 305.6 306.9 306.7 304.1 298.9 295.8 294.8 289.9 287.7 286.3 282.1 276.6 270.6 264.2 260 259.3 258.9 259.3 258.6 253.2 252.3 252.1 253.1 253.7 256.8 261.8 265.9 269.6 272.5 275.6 280.2 284 285.5 285.5 285.3 284.3 282.5 278.1 274.5 270.8 266.4
145.9 144.7 142.6 140.7 138.4 137.2 136.3 134.7 133.6 133.9 133.7 132.8 133.6 133.7 134 134 134.7 130.7 132.2 134.7 139.4 146.8 153.9 160 167.9 175.7 184.3 192.8 200.1 207.4 215.6 224.3 235.4 244.9 252.9 261.7 268.3 273.2 281.2 288.3 292.3 293.8 296.7 302.5 307.4 307.2 306.5 306.2 305 303.7 300.3 295.4 291.7 291.2 286.2 283.7 280.3 275.5 272.1 266.4 260.9 260.2 260.1 260.6 260.6 255.5 252.1 252.2 252.8 254.5 257.7 262.7 266.9 270 274.1 277.2 281.2 284.7 286.1 286.5 286.5 285.2 283.3 282.1 277.6 272.5 268.3 263.7
146.4 144.7 141.5 138.7 137.5 137.1 137.4 137.1 136.2 135.8 135.4 133.5 132.3 132.4 131.6 131.5 131.7 133.9 131.5 133.6 135.9 141.4 148.3 155.1 161.5 170.4 177.5 184.2 191.8 199 206.6 214.6 224.2 235.2 245.4 254.7 262.3 267.7 275.5 283.3 288.2 290.4 292.5 299.2 304.9 305.8 304.9 303.4 301.7 298.6 294.3 291 287.3 286.7 282.8 278.4 275.3 271.1 267 262.2 260.2 260 260.7 262 256.9 252.9 251.7 252.1 253.5 257.6 263.8 269 270.7 272.7 276.1 281.3 284.2 285.9 287 287.2 286.1 284.2 281.1 279.7 275.3 269.5 264.9 262
145 141.7 139.5 138.1 138.9 139.5 139 138.4 137.8 137 136.7 135.7 134.9 136.1 141.8 136.9 134.8 137.3 133.8 132.1 134.2 136.8 143.6 149.8 155.6 161.2 171 179 186 191.6 197.5 205.7 214 224.3 236.3 247.3 254.9 261.1 268.4 276.5 283.1 286.1 288.4 294.2 301 302.4 301.6 299 297.6 293.7 288.6 285.6 281.7 280.6 278.4 275 271.9 268.7 263.6 261.6 260.2 259.8 261.7 257.7 253.1 252.2 251.3 252.2 255.7 262.3 269 271.4 272.6 276.7 280 283.3 284.4 286 287.2 286.6 284.7 282.9 279.7 275.9 271.7 268.8 265.2 263.1
140.7 139.3 140.5 141.8 141.2 141.2 140.9 140.7 140.9 139.8 139.5 139.4 138.1 140.1 140.7 140 138.1 140.8 140.3 134.5 133.1 136.1 138.1 142.3 148.5 155.3 161.7 170.7 180.6 187.3 192.7 197.7 206.2 213.9 225.3 238 246.9 255.3 260.8 268.8 276 280.8 283.5 287.8 296.2 299.3 298 295.1 293.8 290 284.2 279.9 278.3 277.2 274.6 271.5 268.7 265.1 261.9 260.3 257.7 258.6 258.3 252.8 250.8 250.6 250.7 253.5 258.9 266.4 271.9 273.2 275.2 278.9 279.7 281.9 283.4 284.3 285.4 284.3 282 279.4 275.4 273.5 272.3 269.5 266.3 262.2
140.6 142 143.3 143.7 143.6 143.9 143.8 144 145.2 144.2 146.3 145.3 144.8 145.1 142.9 142.4 140.7 140.8 141.1 139.1 133.4 133.6 135.5 139.2 141.9 147.2 153.5 160.8 171.8 180.7 187.6 192.7 198.3 205.8 215.5 227.5 238.6 247.5 254.2 261.9 269.5 275.7 278.1 282.2 290.5 294 293 290.1 289.8 285.9 280.1 279.2 277.2 274.1 271.5 268.7 265.9 262.8 260.2 256.9 253.3 253.7 252 247 247.5 248.5 250.8 255.5 262.8 269.8 273.5 275.2 277.6 277.9 276.6 278.2 279.4 280.8 280.6 280 278.2 275 273.4 273.2 271.8 268.8 264 258.6
143.1 143.9 145.1 145.7 146 147 147.2 147.9 148.2 150.2 149.5 148.5 146.1 146.4 145 143.8 143.3 143 143 141.4 137.2 136.1 135.6 138.3 140.2 143.4 145.4 150.5 159.1 171.9 180.9 188.2 192.7 197.5 207.2 217.1 229 239.5 247.5 254.8 262.7 268.7 273 279 285.8 289.4 287.1 285.2 283.6 281.5 277.2 276.4 275 271.7 268.4 266.5 263.6 260.5 256.4 251.7 247.1 246.3 245.1 244 245.6 248.7 254.2 259.8 266.4 271.4 274.5 276.5 277.4 274.7 273.8 276.3 275.9 275.6 274.1 273.9 274.4 272 272.4 272.5 270.6 266.5 259.9 252.8
147.5 147.4 148.8 149.1 148.7 149.4 150.8 150.7 150.9 151.5 149.5 148.8 149.6 149.1 147.1 145.3 144.7 144.4 144.1 143.2 141.1 138.7 136.7 136.2 139.5 140.2 141.4 145.3 150 161.2 172.9 182.4 189.3 193 199.1 208.2 219.4 230.9 240.3 247.8 254.6 261.2 267.3 274.6 279.6 283 281.3 279.3 276.2 276.5 274.1 272.5 271.5 269.2 266.3 263.8 261.4 256.8 251.4 246.3 242.7 241.8 242.9 243.6 246.2 252.2 256.1 262.4 268.9 273.3 274.7 275.8 274.9 270.8 272.3 272 269.9 269.4 269.5 270.3 270.5 270.2 272.2 271.1 267.7 261.5 254.2 247
152 151.4 150.9 152.5 152.7 153.4 154.1 154.2 153.4 152.5 150.2 150.8 151 149.8 148.8 147.2 145.8 145 144.1 143.5 142.9 141.6 139.3 137.8 137.4 138.3 139.4 141.1 144.4 151.2 162.3 174.6 183.7 190.1 193.7 201.3 211.3 222 232.2 240.5 247.8 254.9 260.2 268.7 273.4 276.1 276.1 273.3 270.8 269 269.6 268.9 266.7 266 264 261.2 257.7 252 247.2 242.4 241.1 241.6 242.5 243.1 247.8 251.8 256.4 263 269.7 272.8 273.1 273.1 270 264.1 265.4 265.7 266.2 263.7 264.9 266.1 266.1 269.2 270.4 267.1 261.2 254.6 247.7 245
156.2 155.1 155.1 156.5 157.1 156.9 156.7 157.1 156.1 153.5 151.1 152.5 152.3 151 150.1 149.1 147.4 146 145.4 144.2 143.8 142.4 141.4 140 137 136.8 137.8 138.2 140.3 144.6 152.1 164.4 175.7 184.6 190.2 194 203 213.5 224.8 234.1 242 249.3 254.9 262.8 267 270 270.1 267.1 265.7 264.4 265.8 264 261.9 261.8 261.3 258.9 253.8 248.4 243.4 240.1 240.7 241.4 242.3 244.9 248.8 251.8 257 263.5 269.1 270.4 269.9 268 262.8 258.9 259.4 258.8 260.2 257.6 259.8 261.1 261.2 265.3 264.4 260.6 254.7 248.2 244.5 242.2
160.9 159.5 158.1 158 159.4 158.2 158.7 158.6 158.2 153.9 152.5 154.8 154 152.1 151.1 150.1 148.5 147.2 146.5 145.9 143.7 142.1 141.3 140.4 139.4 138.7 137.5 137.2 138.4 139.6 144.3 152.5 166 177.3 184.9 191.2 194.7 205.7 217.2 228.4 236.4 243 250.7 257.1 261.6 263.8 265.1 262.5 261.3 262.1 262.4 260.8 258 257.1 258.2 256.5 250 244.9 238 238.6 239.6 240.2 243.9 247.1 250.4 251.9 257.3 263.7 267.2 266.9 265 261.9 258.3 256.6 256.3 253.8 252.8 253.2 255.8 253.1 252.7 256.1 254.2 253.2 247.8 243.7 239.5 235.6
161.1 160.1 159.1 157.7 158.2 157 156.3 156.9 155.8 153.3 156.5 155 155 153.7 151.9 150.2 148.5 146.6 144.2 143.2 142.1 141.4 140.1 139.2 138.2 137.8 137.5 137.2 138.5 139.3 139.7 144.6 155.1 168.4 178.5 185.9 191 198.1 211 222.2 230.7 237.5 244.8 251.6 255.9 257.3 259.1 257.3 257.7 258.8 258.8 257.3 254.9 252 253.7 251.9 246.7 240.4 235.1 236.8 239.2 242.1 246.2 249.4 251 252.8 258.4 262.4 262.4 260.3 256.8 255 254.8 253.3 250 250.6 248.7 249 249.9 247.8 247.9 247 246.5 246.7 241.9 237.5 232.1 227.9
166.2 163.8 162.6 162.3 161.8 159.4 157.4 156.5 155.9 157 156.8 155 155 153.9 152.1 150.4 148.8 147.5 146.3 144.8 142.2 141.5 141.6 141.5 140 139.2 139.5 139 137.7 137.5 138.1 141 147.4 158.7 170.1 177.7 183.1 192.1 204.8 215.6 224.4 231.1 239.8 245.7 250.3 251.5 252.1 252.8 253.3 254.9 255.1 253.3 250.5 248.3 249.5 247.4 242.6 235.2 234.3 237.3 241.1 244.8 248 251.1 252.3 254.6 258.1 258.7 257.3 252.7 249.8 250.5 249.3 247.6 245.3 247.3 246.1 246.6 246.2 245.9 244.7 241.4 241.4 240.1 237 232 227.4 223.5
177.1 174.7 174 171.9 168.5 166 164.1 163.6 161.9 160.4 158.9 157.7 156.1 154.8 153.5 151.5 150 148.8 148.1 146.3 144.6 144.6 144.7 144.7 142.1 141.9 141.4 141.7 140.7 140.3 137.6 139.4 143.2 151 160.6 168.9 177 186.8 197.6 208.8 217.8 225.7 233.5 239.3 244.2 245.9 246.3 248.7 249.6 250.6 251 250.4 246.2 246 246.2 243.5 239.1 232.3 231.7 237.3 242.8 246.9 250 252.6 253.6 255.8 255.9 255.3 252.6 247.9 246.4 246.4 244.8 244 244.3 245.3 243.8 244.1 243.8 245.5 241.5 236.8 234.9 233.9 230.3 227.5 223.3 218.6
190.9 188.7 185.6 182.7 179.4 175.6 173.9 170.9 168.4 166 163.1 161.2 159.2 157.2 155.4 154.2 153.1 151.1 150.2 149.7 148.7 147.5 146.8 146.8 145.2 143.9 143.3 143.9 143 141.6 139.7 138.5 142.5 147.4 154.3 162 171.6 180.3 190.5 201.6 211.4 218.9 226.8 232.7 236.6 239.8 241.4 244.6 246.1 246.5 246.8 246 243.5 243.6 243.2 240.2 236 229.2 226 236.1 243.5 248.4 251 253.8 254.9 255.3 253.7 251.7 247.9 245.3 244 242.2 241.7 242 242.1 243.6 242.6 243 241.7 242.6 235.5 227.9 224.7 224.7 224 221.5 217.7 213
203.2 199 195.3 191.3 187.7 184 181.1 177.6 173.6 171.8 168 164.9 163.3 160.6 158.3 157.3 155.7 154.5 154.7 154 153 151 148.9 147.8 146.9 147.6 145.4 145.1 144.5 143 141.2 138.7 142.7 144.8 150.6 156.5 164.6 173.8 183.9 193.8 203.8 212.2 219.5 226.1 229.7 233.6 235.8 240.2 242.4 242.3 242.6 242 241.6 241.2 240.1 237.6 232.4 224.3 219.9 234.6 243.6 249.2 252.9 254.9 255.6 254.2 251.3 247.9 245.5 242.5 241.7 239.2 237.3 237.4 239.5 240.7 240.1 239.6 239.6 236.5 229.6 222.2 217.6 216 215.5 213.7 210.2 205.8
211.3 206.8 202 197.7 193.3 189 185.4 182.7 178.6 176.2 172.8 169 166.9 164.1 162.9 160.1 158.3 157.2 157.1 156.8 155.9 154.8 153.5 151 149.2 148.8 147.9 146.2 144.3 143.4 142.2 140.3 142.3 142.8 146.6 152 158.7 166.5 176.9 186.5 195 204.4 213 219.9 224 227.4 231.5 235.9 238.3 238.8 238 237.7 237.9 238.1 237.2 233.7 227.4 216.4 221.9 234.1 243.2 250.1 254.7 255.9 255.2 251.8 247.5 244.8 242.8 240.8 239.3 237.4 235.2 232 235.1 236.7 237.1 237 234.9 229.8 222.2 214.7 209.9 206.4 205.1 204.5 202 197.9
215.5 211.3 206.5 201.5 197.2 192.6 189.4 188 182.8 180.1 176.6 173.7 171.2 168.5 166.8 164.7 163 161.1 159.8 160.8 160.2 158.9 156.7 154.8 152.3 151.9 149.7 147.8 146.4 144 142.7 140.7 140.5 141.8 143 147.3 153.6 160.4 168.9 179.2 187.4 195.3 205.8 213.9 219.3 221.7 226 231 233.8 234.5 234.7 234.4 234.8 235.4 233.5 229.9 220.7 208.5 221.8 233.3 242 249 253.7 255.2 253.5 249.9 245.6 244.1 242.4 240.1 238.1 236.4 232.6 229.6 232.4 233 232.9 232.1 229.5 223.6 215.8 209.5 204.3 200.1 196.6 194.6 193.6 190.8
218.2 213.5 208.8 204.1 201 196.4 193.3 194.3 190 183.9 179.7 177.1 175.1 173.7 171.6 169.7 168.5 166.4 165.2 166 164.8 162.9 160.9 159.4 156.7 155.4 153.7 150.9 148.2 144.8 143.4 142 141 141 141.7 142.6 148.7 154.3 161.6 172 179.9 188.5 198.7 207.7 213.8 216.6 220.2 225.5 228.9 228.9 230.6 232 233.1 233.7 232.1 226.8 215.7 206.9 220.7 231.7 240.4 247.6 251.7 253.2 251.7 248.2 244.8 243.3 241.8 239.3 236.9 232.2 228.5 226.9 228.6 228.9 227.1 225.7 223.2 217.3 210 204.5 199.7 195.1 189.8 186.6 184.6 182.4
219.5 215.3 211 206.9 203.9 200.4 198.1 200 196.6 188.6 183.5 181.7 180 178.2 176.7 175.6 173.8 170.8 171.1 169.7 168.7 166.1 165.5 164.1 161.5 160.3 156.9 152.8 149.5 146.4 143.7 142.3 141.6 140.3 140.9 141.7 143.5 150 156.2 165.4 174.3 182.8 192 201.5 207.2 210.7 214.2 219.9 223.4 224.6 226.5 229.2 230.6 231.7 229.2 224 211.7 200.1 217.8 229.5 238.3 245.4 249.9 250.8 248.7 246 244.4 242.7 239.8 237.5 233.9 229.9 223.4 221.1 222.8 223.4 219.4 217.3 216.7 211.6 205.3 201 196.1 190.4 184.7 180.2 176.8 174.6
222.5 218.1 214.3 210.9 207.3 203.2 201.9 205.1 202.3 196.4 189.4 185.4 184.9 184.1 182.5 179.7 179 177.8 177 175.8 174.8 173.3 172.1 170.1 167.2 164.2 160.2 156.8 153.3 148.2 145 142.4 141.9 140.9 140.1 140.9 140.9 145.4 152.3 159.2 168.3 176.6 186 193.7 199.7 204.3 207.3 212.7 216.7 219.4 221.8 224.8 227 227.7 224.9 217.7 206.8 200 215.1 226.6 235.5 243.1 247.6 247.8 246.3 244.6 243.2 240.3 236.2 232.7 228.6 224.9 218.4 215 214.8 215.1 212.8 211.4 210.3 206.9 202.4 197 191.2 185.3 179.7 174.5 171.4 166.4
