public/OST50/NH79.asc
ncols 200
nrows 200
xllcorner 270000
yllcorner 890000
cellsize 50
[rows 72 to 107 of 200, columns 81 to 161 of 200]
206.4 205.2 204.2 202.7 201.5 199.3 196.4 192.6 190 186.9 182.5 178 173.2 167.6 161.6 154.1 149.2 143.7 138.6 133.8 128.1 118.5 108.9 98 90.8 90.8 90.8 90.8 92.5 107.1 110.3 117 124.1 130.9 134.9 134.4 124.8 115.3 106.8 98.7 90.9 81.8 74.8 73.1 67.7 57.5 49.3 44.6 41.6 39.6 36.8 32.2 29.6 28.5 25.2 24.1 23.5 22.9 22.4 23 23.5 23.5 20.5 16.9 13.7 9.6 4.1 1.8 1.4 1.1 0.8 0.4 0.1 -0.2 -0.5 -0.8 -1.2 -1.4 -1.4 -1.4 -1.4
213.6 212.5 210.8 208.7 206.7 204.4 201.5 197.6 194.2 190.5 186.9 183.5 180.2 175.5 170.5 163.5 159.4 155.7 151.7 147.1 142.2 133.2 123.1 110.2 97.3 90.8 90.8 90.8 90.8 103.1 106.2 109.9 115.2 119 122.6 122.8 119.3 110.4 102.8 95.2 88 78.3 70.6 66.9 62.6 54.8 45.8 41.6 37.2 34.9 33.3 35.7 33.8 30.8 26.5 23.4 22.5 22 22.1 22.7 22.5 22.4 21.6 18.9 15.8 11.5 4.5 1.9 1.5 1.2 0.9 0.6 0.3 0 -0.3 -0.6 -1 -1.4 -1.4 -1.4 -1.4
220.3 218.4 216.9 215.8 213.9 210.5 206.3 202.2 197.8 193.8 190.5 188.3 187 183.2 179.8 177.4 176.4 174.5 170.5 165.3 160 152.5 145.1 130.8 115.5 99.6 90.8 90.8 90.8 98.4 103.7 107.8 110.5 113.8 116 116.1 112.2 106.9 100.8 94.2 86.5 77.3 68.5 63.2 58.4 50.9 46.1 51 45.7 42.5 43.1 41 38.1 33.6 30.4 27.1 21.6 21.6 21.9 21.7 21.6 21.9 22.6 20 17.2 13.3 5.9 2 1.6 1.4 1.1 0.8 0.6 0.3 -0.1 -0.4 -0.6 -0.8 -0.9 -0.9 -1
229 223.5 220.5 220.1 219.5 217.9 212.7 205.1 200.6 197.4 195 194 196.1 196.8 195.4 196.2 197.3 203.1 200.6 197.5 190.2 182 172 157 139.7 120.9 103.7 91.8 90.8 94.2 101.5 108.3 110.4 111.2 113.3 113.2 110.5 106.4 102.1 96.2 87.9 78.5 69.9 65.1 60.3 52.2 51.6 53.1 49.9 47.6 45.2 43.2 39.7 36 32.5 29.1 24.4 21.2 21 20.7 20.9 21.6 21.8 21.3 18.5 15.1 6.3 3 1.9 1.6 1.3 1.1 0.8 0.5 0.2 0 -0.2 -0.3 -0.4 -0.5 -0.6
238.6 232 223.6 221.5 220.2 217.9 214.4 209.6 203 199.3 199 201.9 205.4 206.9 209 210.2 225.8 238.1 236.7 232.6 225.6 217.3 208.2 193.4 174.8 145.7 123.2 108.5 101 96.9 101.8 108.2 111.8 112.1 112.3 112.2 110.2 107.9 103.9 97 91.4 84.2 77.4 69.3 61.1 54.5 57.6 54.8 53 49.9 47.4 44.4 41.7 37.6 34.3 30.6 27.7 24.8 21.6 20.1 20.2 21 21.5 21.5 19.7 17 9.6 3.6 1.9 1.9 1.6 1.3 1.1 0.8 0.6 0.4 0.2 0.1 0.1 0 -0.1
240 236.3 228.7 221.3 218.3 216.3 213.7 210.6 206.8 202.3 203.9 207.8 213.2 215 217.3 225 246.6 255 252.7 247.5 238.1 227 215.8 203.2 183.3 161.8 135.9 120.8 111.7 105.6 104.4 108.4 111.3 112.1 111.3 111.7 111.6 108.2 103.1 97.6 91.5 87.2 81 67.4 68.7 67.1 63.5 60.2 56.8 52.7 49.4 46.6 44.1 40.5 36.9 33.3 30.5 27.7 24.2 22 20.3 20.2 21.4 21.5 21 18.9 14.1 6.8 4.7 2.6 1.9 1.7 1.4 1.2 1 0.8 0.7 0.6 0.5 0.4 0.3
236.8 234 229.6 223.3 217.6 214.8 212.1 209.1 206.9 206.7 208.1 210.8 214 219.9 226.5 242.1 253.9 260.3 260.5 254.1 244.1 231.1 217.3 198 179.1 156.9 138.3 126.4 117.5 113.3 112.6 111.5 111.5 110.8 110.2 109.6 110.7 107.8 101.9 97.1 92.8 87.1 74.1 77.7 78.4 74.4 69 64.7 62 57 53.6 50.8 47.5 43.7 40 36.5 33.6 29.3 26.5 24.3 23.1 21.2 20.5 19 19.3 20.5 17.6 10.6 6 4.5 2 1.9 1.8 1.6 1.4 1.3 1.2 1.1 1 0.9 0.8
230.2 229.8 228.1 223.3 217.8 213.4 210.8 207 206.7 211.9 210.6 210.3 213.9 222 243.2 258 261.5 259.5 256.8 253.9 241.1 223.5 206.6 189.6 166.4 147.4 129.9 121.1 117.6 118.6 117.6 117.9 115.1 111.9 110.5 110.2 106.2 104 100 95.5 88.9 80.3 85.5 86.9 84.4 78.3 74.2 69.7 65.1 61.8 59.2 56.4 51.6 48.8 45.4 42.3 38.6 34.4 30.8 27.6 25.6 24.5 23.4 23.1 21.9 15.9 13.9 16.8 12.3 6.4 3.8 2.1 2 1.9 1.9 1.8 1.7 1.5 1.4 1.3 1.2
219.2 219.6 219.3 217.5 216.2 212.3 207.8 201.7 198.9 203.6 204.8 202.9 211.5 236.8 267.9 267.2 265.1 259.8 250.8 240.2 221.6 200.6 181.5 164.1 147.2 133.5 126.4 121.1 119.1 119.8 119.7 120.7 118.5 114.1 112.9 110.4 106.8 103 98.4 96.1 96.8 93.1 90.9 89.4 84.9 79.3 77.8 73.2 69.9 66.8 64.5 60.3 57.7 55.2 51.7 47.9 44.2 42.2 39.6 37.7 34.4 31.9 29.8 28 26.6 25.1 24.4 22.8 20.6 16.3 9.4 5.9 5.5 6.3 6.2 5.4 4 2.7 1.9 1.8 1.7
213.8 210.1 209 209.2 210.6 210.2 204.8 199.4 195.8 193.5 193.9 196.6 207.9 246.1 270.7 271 262.4 249.4 231.8 209.3 184.1 166.3 154.5 143.7 134.8 128.5 125.7 121.6 120.1 120.3 120.6 120.6 120.1 116.5 114.5 112.9 109.4 106.6 105.2 104.2 101.4 98.6 94.6 90 86.1 83.2 79.2 76.3 73.5 70.8 67.6 64.8 62.8 59.8 56.5 54.2 51.9 49.7 47.4 44.7 42 39.9 38.1 35.6 34.9 32.2 31 30.3 28.4 26.5 24.9 21.8 19.8 19.4 16 13.2 12 9 5.8 4.4 4
211.3 209.6 208.6 205.8 201.8 201.8 200.6 196.7 193.2 188.5 185.9 189.6 199.2 226.3 255.1 256.4 250.4 213.1 192.2 180.4 172.6 162.2 151.6 141.6 133.9 128.4 125.5 121.9 120.8 120.9 121.2 119.7 119 118.1 117.5 117.5 117.5 111.6 108.9 107.7 103.6 98.1 94.6 92.7 88.7 85.2 81.9 78.7 75.3 72.2 69.9 69.1 67 63.7 61.4 60.6 58.4 56 53.5 51 48.6 47.2 44.9 44 42.5 40 39.5 38.5 36.6 35.1 34.8 33.5 32.5 30.4 29.5 27.5 24.5 21.3 16.2 12.9 10.7
211.5 210.9 211.1 208.5 203.6 198.7 193.7 191.8 189.8 185.9 183.9 183.1 186.1 202.6 231.8 234.9 222.6 194.9 181.7 175.9 169.8 161.4 152.9 143.9 136.4 129.6 123.9 122 121.5 121.5 121.7 120.5 119 117.8 118.1 119.2 123 116.4 111.4 113.2 106.7 102.4 96.4 91.9 90 86.5 84.1 80.5 79.2 74.3 72.6 71.2 69.1 67.5 65.3 64.3 62.8 61.4 59.6 57 54.9 53.4 52.2 51.3 49.4 47.6 46.9 46.9 46.1 43.3 44.4 43.7 42.2 40.6 38.9 37 34.9 33.1 30.4 27.1 22.7
211.8 211.7 213.2 212.4 208.8 204.7 198.7 192.4 187.2 184.6 182.5 180.5 180.7 182.7 193.9 205.2 199.1 180.6 171 162.1 156.5 145 137.2 133.1 129 125.6 123.7 121.9 121.7 122.1 123.3 121.5 120.2 119.2 117.7 118.1 119.3 117.5 112.5 110.2 110.1 106.8 101 96.8 91.1 86.6 86.6 84.1 80.6 77 75.2 73.2 71.2 69.3 67.6 67.4 66.2 64.7 63.2 62.5 61.5 59.8 58.8 57.5 56.2 54.4 53.9 53.7 53.3 51.6 52.5 52.2 50.8 49.5 47.9 46.5 44.8 42.2 38.8 35.3 33.7
214.8 216 217.3 212.5 208.9 205 201.3 194 188.1 184.8 186 184.3 179.7 175.8 177.4 179.8 181.4 172.8 159.7 149.5 142.3 137.7 133.6 130.1 127.2 124.9 123.2 121.9 121.8 122.1 122.7 123.2 125.8 121.5 118.1 116.3 115.6 111.8 108.8 105.7 110.5 108.4 104.1 100.1 95.6 91.7 87.9 84 80.7 79 77.6 75.6 73.8 71.1 70 69.8 69.5 67 66 66.2 65.4 64.5 64.1 63.2 62.2 61.3 60.4 60.2 59.7 59.7 60.2 60 59.6 58.3 56.8 55.3 53.4 50.9 47.5 44.5 41.8
215.9 216.1 217.2 215.2 209.6 205.6 202.7 197 190.5 187.4 182.9 180.6 179.7 175.5 172.4 171.5 169.5 162.9 151.3 144.2 140.5 138.2 136.3 133.7 129.4 124.1 122.4 121.5 121.1 121.7 122.7 124.2 126.1 122.1 116.5 113.6 112 108.7 106.3 101.8 103 106.2 104.5 102.8 99.2 97.1 92.9 87.5 84.5 81.1 80.5 79.2 75.4 73.4 72.9 71.3 70.7 69.5 69.6 68.9 68.9 68.3 70 67.8 67.1 67.1 67.2 66.6 66.4 66.9 68.1 68.5 68.3 67.1 65.2 63.4 61.3 58.7 56.2 53.5 49.8
216.2 215.5 216 214.2 211.9 213 209.6 201 193.3 186.6 181.8 179 176.5 174.3 170.8 165.6 161.7 162.5 153.2 156.3 152 148.5 142.8 137.7 133.7 126.2 121.7 121 119.5 120 121.3 122.1 125.3 123 118.8 111.5 110 108.8 102.9 97.9 94.2 96.4 101.8 101.3 99.7 96.6 93.9 90.3 85.7 83.4 82.3 80.7 76.9 76.2 75 73.3 72.4 71.5 71.3 70.3 70.1 70.1 71.8 70.7 70.9 71.3 72.5 72.4 72.8 74.4 76.2 77 76.6 75.7 74.1 71.7 69.1 66.4 63.8 60.5 57.1
217.8 212.7 216.4 218.3 213.3 208.1 205.2 200.9 194 189.9 185.5 181.6 177.2 174.5 171.6 168 163.8 161.1 161.2 161.2 158.1 153.4 148.8 144.9 143 132.2 123.3 120.2 118.1 117.5 118 116.8 118 119 116.8 110.5 111.4 113.6 107.8 100.7 92 90 96.6 97.3 95.9 95.9 93.3 89.7 91.4 87.1 83.5 81.4 79 77.6 76.4 75 74.9 73.2 72.8 71.7 71.6 72.5 73.1 72.7 74.2 75.1 76.8 77.8 79.7 81.9 83.5 83.8 83.8 82.8 81 78.8 76 73.2 69.8 66.9 63.5
218.4 210.1 204.1 206.5 207.5 204.5 197.4 195 191.8 188.7 182 178.5 180 182.2 176.6 170.8 165.6 163.3 162.1 160.9 156.2 153.5 151.8 149 147.5 137.6 130 122.4 120.6 117.8 116.2 114.9 113.1 110.8 111.8 111.2 96 98.7 95.8 97.9 90.6 87.8 91.7 93.1 92.4 91.5 90.8 90.8 89.8 90.4 87.1 84.6 80.3 79.6 77.2 76.7 76.1 75.5 75.7 73.3 74 73.9 74.1 74.7 75.8 78.4 80.2 82.8 85.5 87.8 88.7 89.4 89 88.6 87.8 85.6 82.9 79.7 76.1 72.4 69.6
217.5 207.8 199 195.9 194 192.9 191.2 188.5 184 181.2 178.5 178.9 179.4 180 180.8 177.5 171.6 166.3 163 162.2 161.4 154.5 151.3 148.4 144.1 140.6 135.3 128.9 126.3 122.7 116.3 113.4 114.4 114 112.5 110.7 106.8 90.9 89.2 86.1 86.8 85.5 87.8 89.8 88 87 86.8 87.4 86.9 87.4 87 85.9 84.4 82.2 79.3 78 76.7 75.6 75.4 74.1 76.2 76.2 75.4 75.2 77.4 80 83 86.7 90.2 91.6 92.9 94 93.8 93.6 93.5 91.5 88.7 84.8 81.1 77.9 74.6
208.6 201.1 193.4 185.6 181.3 179.8 180 178.8 178.2 178.7 176 177.9 179.2 181.1 180.9 179.5 177.2 172.4 166.7 161.7 158.5 155.9 152.1 147.7 142.9 139.1 134.6 133.9 128.3 124.7 121.5 117.3 115.6 114.9 112.9 109.1 106.8 100.1 92.9 86.8 85.1 83.1 84 84.8 85.3 83.4 83.6 83.1 81.7 82.7 83.5 85.2 84.1 82.1 80.2 79.6 78.4 77.9 78.3 76.4 78.2 75.9 75.7 75.9 78.1 82.6 84.9 89.4 93.1 95 96 96.2 96.3 97 96.5 95.4 92.1 88.6 84.9 81.6 78.6
200.7 192.3 184.7 177.1 174.2 173 171.4 170.7 170.9 169.1 170.3 174.3 179.5 185.5 186.9 185.1 181.2 176.9 171.7 166.6 161.8 155.7 152.7 148.4 144.1 140.1 133.9 133.1 127.9 125.9 119.2 117.8 116.4 115.2 111 107.9 106.9 104.1 95.7 88.8 84.9 83.5 81.7 82.9 83.8 83.2 82.5 79.7 79 78.2 78 82.5 82.4 83.2 82.1 78.9 77.1 76.8 76.7 75.7 76.6 76.1 75.9 75.7 79.6 83.4 87.2 90.6 94.4 96.1 96.5 96.9 97.5 98.1 97.7 95.8 92.6 89.9 87.1 83.9 80.1
192.7 182.7 175.9 170.1 167.5 165.9 166 167.2 167.6 166.2 169.7 173.7 180.1 189.9 193.4 191.3 188.8 183.9 178.4 173.5 171.1 165.3 158.6 151 146.6 144.6 136.7 131.7 126.5 123.6 121.6 120.3 117.3 111.4 108.9 104.9 102.3 100.7 97.6 93.1 88.7 86.5 82.9 80.6 80.6 80.9 82.6 79.9 78 77.1 77.2 82.3 78.5 76.6 76.3 73.7 74.4 74.7 74.9 75.4 76 76.5 76 77.7 81.3 85.3 88.9 92 94.4 95.6 95.9 95.6 95 94.4 93.8 92.6 90.8 89 86.6 83.4 79.8
180.3 173.7 168.8 165.3 163.3 160.7 161.8 162 163.2 164.8 169 172 180.7 190.4 195.2 199.1 198.6 196.4 193.5 192.6 190.9 178.9 168.4 159.6 151.8 143.9 138.9 135.3 130.3 124.1 120.9 122.1 118.3 110.2 106.3 103.4 100.7 98.5 97.9 93.6 91 85.9 83.5 81.1 79.8 79.4 79.1 78.6 77.3 76.3 75.3 75.1 74.8 75 74.6 74 72.8 73.6 74.1 74.4 75.8 76.5 77.1 79.2 82.8 87.1 90 92.7 93.7 94.6 94 93.2 92.5 92.4 92.3 90.4 88.4 86.2 83.4 80.5 77.1
171.2 167 163.6 161.2 158.9 157.1 154.9 155.2 158.2 160.8 167.1 172.6 178.9 185.6 191.3 200 203.8 204 203.8 202.7 198.3 191.2 181.1 169.9 158.4 150.7 144.1 136.1 130.5 125.5 120.5 119.3 114.4 108.5 105.4 102.9 100 97.7 98.4 95.7 90.2 85.3 83.3 81.3 79.9 78.5 78 76.4 76.3 76.7 76.1 76 76.1 75.3 75 74.5 72.9 73.4 73.9 74.3 74.7 75.2 76 81.1 86.9 84.7 89.9 90.8 91.8 92 91.4 90.6 90.6 89.8 88.6 87.1 84.5 82.1 79.7 77.2 73.1
169.3 166.8 165.3 163.1 160.2 155.1 152.7 150.5 151.7 156.9 163.2 169.3 175.2 180.5 186.1 192.4 199.5 202.3 202.6 201.4 198.4 192.7 184.5 175.4 164.1 156.5 150 142.2 135.7 128.8 123.9 117.8 113.6 108.2 105.1 102.1 99.2 97.2 96.4 93.6 89.2 86 82.2 80.3 79.3 79.2 79.1 77.8 77.7 77.4 76.6 76.2 76.1 75.4 75.1 75.2 74.5 74.1 75 75.1 75.3 75.5 78.8 83.2 86.6 86.9 89 89.2 89.4 89.3 88.4 87.8 87.3 85.9 84.8 82.2 79.7 77.6 75.5 72.8 68.9
169.5 167.8 166.3 168.3 166.1 157.9 154 149.1 147.4 148.4 154.4 161.7 172.5 175 181 186 192.9 203.3 203.2 200.2 195.1 187.8 182.9 175.9 168.1 160 155.3 147.4 142 137.8 131.4 121.9 117.5 112.8 107.9 102.5 98.8 97.2 95.7 92.7 89.2 87.5 83.5 81.1 80.3 80 79.7 78.8 78.5 77.5 76.7 76.3 75.7 75.1 75.1 76.4 75.7 74.3 77.1 77.7 77.4 78 80.5 84.3 87.2 88.5 89.6 87.1 87.6 86.8 86.2 84.7 83.1 82.2 80.6 77.6 75.4 73.2 71.1 68.3 63.8
169.1 167.8 170.2 173.6 169.4 163.2 158.7 153.6 147 144.3 145.8 154.7 166.1 170.4 176.1 180 183.3 187.6 194.4 194.9 191.4 184.6 177.1 171.1 164.2 157.8 153.2 149.2 143.1 138.4 132.4 128 124.6 119.3 113.5 108.1 103.5 97.4 95.6 93 90.1 87.8 85.7 82.7 81.7 81.2 80.5 79.7 79.9 78.8 78.9 79.2 77.3 76.7 74.2 74.9 75.1 75.5 79 78.4 77.6 78.4 81.9 84.5 85.5 86.2 86.2 85.7 85.3 84.7 83.1 81.7 81.1 78.9 76.4 74.1 72 69.7 67.3 63.4 59.5
168.3 168.2 174.8 181.3 175.8 168.2 164.2 159.6 153.5 146 142.2 142.8 149.2 160.3 165.4 169.8 174.2 177.5 179.7 182.3 182 179.9 174.1 166 159.2 154.1 149 144.5 142.3 138 132.5 128.9 126.5 120.5 115.1 111.3 108.2 102.8 98.3 95.6 91.1 89.2 87.6 84.6 83.2 82 80.8 85.1 83.8 83.1 80.2 80.9 78.4 79.7 77.4 75.2 74.4 71.8 74.9 76.9 77.6 78.2 80.3 81.7 82.2 83.1 83 83.1 82.5 81.5 80.1 79 77.3 75 72.9 70.5 68.5 66.2 63.1 59.9 58.2
167.3 169.7 178.4 181.6 177.7 174.5 170.7 165 158.5 151.8 146.3 140.1 139.5 147.4 154.9 160.8 167.8 170.5 172.9 174 175.4 171.3 167.1 162.5 155.7 150.4 145.4 140.7 136.9 134 130.3 127.6 123.5 119.9 116.7 112.9 107.6 102.9 100.8 100.1 95.2 91.1 89.5 86.4 84.8 83.3 85.6 84.2 82 81 80.3 80.2 78.7 79.1 78.3 77 77.6 75.7 73.1 76.2 76.4 76.1 77.8 79.1 79.1 79.5 79.5 79.6 79 78.3 77.2 76.4 73.5 71.2 70 67.6 65.4 63.3 60.2 57.2 54.7
165.9 171 180.9 181.3 179.2 179.2 170.3 167.1 162.1 155.2 148.8 142.4 138.9 138.3 145.8 152.7 158.9 163.8 164.3 163.9 168.5 165.2 160.9 157.1 152.4 147.9 143.5 140 137.3 130.8 128 124.4 120.8 117.5 114 111 107.6 104.7 100.9 101.6 99.4 93.2 92 86.6 85.2 87.9 87.8 85.8 84.3 83.2 81.9 80.2 79 79.5 78.1 76.3 76.2 75.7 73.1 73.4 75.2 75.1 75.8 76.3 76 76 75.8 75.9 75.4 75 73.7 72.4 70.2 69 68.2 67 66.9 64.1 59.8 56.1 53.9
166.1 173.6 182 188.6 188.5 182.2 173.9 169.5 165.4 158.5 152.9 148.4 140.9 136.9 136.2 142.7 149.7 152.4 152.3 153.5 157.8 158.4 154.6 152.2 150 144.6 140.4 136.6 131.9 128.4 125.2 122.3 120.3 117 113 110 109.2 105.6 99.9 97 96.4 96.2 93.1 86 89.4 89.6 88.5 87 86.4 85.4 83.7 81.7 80.1 78.4 77.7 78.9 77.9 75.6 73.3 72.9 74.5 74.3 73.8 73.8 73.3 72.4 72.5 72.4 72.2 71.8 69.9 68.2 67.6 67.2 66.8 65.8 64.1 61.3 59 56.2 53.4
168.9 176.5 183.4 188.2 186.5 184.3 180.8 174.9 171.4 164.8 156.5 151.4 143.8 139.4 135.5 133.4 135.8 140.6 144.9 146.2 148 147.6 146.2 146.4 142.9 139.5 136.9 134.7 131 127.3 123.8 120.9 118.1 114.8 112.5 110.7 111.2 107.6 102.4 99 96.3 94.1 90 91.8 91.6 88.4 88.2 87.4 86.5 86.4 86.9 85.4 82.9 79.3 79.9 78.7 76.9 74.9 72 71.1 73.6 72.8 72 71.6 70.6 70.1 69.8 68.7 68 66.9 65.8 64.1 62.8 63 64 62.3 60.6 60.5 59.6 56.1 52.6
173.4 181.6 186.7 188.5 184.9 183.3 179 175.3 173.3 166.3 162.7 156.3 146.8 141.8 137 134.2 129.7 131 133.6 138.5 138.3 136.6 136 136.3 136.6 134 134.3 131.3 127.6 125.5 122 119.6 116.8 114.5 113.1 110.6 110.7 106.9 102.9 101.6 98.6 91.8 93.5 96.7 92.6 88.8 88.3 87.7 86.9 85.8 86.2 86.3 83.8 81.2 79.3 77.1 76.3 74.4 71.7 71.1 71.6 71.7 69.1 66 61.9 66.1 64.9 65.1 62.8 61 59.6 58.4 57.4 55.6 53.4 53.6 54.2 55.6 55.2 51.5 46
176 185.4 192.7 190 185.6 183 178.3 174 170.9 168.2 166.4 162.8 157.2 149 140.8 137.3 130.6 127 126.4 126.5 127.2 127.6 127.5 127.4 128.3 127.7 127.2 126.9 126.4 123.8 121.1 118.2 115.8 113.7 111.8 109.5 109 107.5 104.3 103.2 97.2 99.7 98 96.9 95.4 93.7 90.7 88.7 87.9 86.4 85.4 85.2 83 82.9 80.2 77.8 76.8 75.3 72.4 68.6 70.7 66.8 69 66 63.7 60.7 56.3 56.8 53.8 52.1 51.1 51.2 46.9 50.4 46.7 41.6 39.8 40.2 44.6 42 39.8
174.4 186.6 194.7 192.7 189.3 185.8 180.7 176.9 173.3 173.5 173.8 173.6 165.6 159.3 150.3 141.9 134.7 128.6 124.3 123.8 122.1 121 121.2 122.4 122.2 122.4 121.5 120.5 121 121.7 121.1 117.1 114.8 113 110.5 109 108.5 107.2 106 104.4 97.8 102.2 101.9 100.8 102 99.3 97.4 95.7 94.3 92.5 92.5 87 86.2 86.5 85.2 82.1 80.7 78.8 78.7 78.6 77.8 75.4 75 73.2 72.4 69.2 67.7 66.2 66.4 65.4 64.6 59.7 54.8 51.4 48.9 50.5 53.3 53.4 49.7 46 41.6
172.9 186.9 198.5 199.9 194.4 190 185.9 181.8 178.6 179.8 185.4 182.8 177.6 168.8 160.9 152.4 142.7 136.1 129.4 123.8 121.6 120 118.9 118.9 118.2 118.4 117.5 116.9 117.1 118.7 117.7 115.5 113.9 112.3 109.4 108.3 107.8 106.1 105 104.7 99.6 101.2 103.8 103.7 102.3 100.7 100 98.5 98 97.1 94.5 92.7 91.5 90.1 89.9 86.9 85.4 83.9 83.2 83.3 81.9 80.7 80.9 79.8 77.3 77.4 75.3 75 75 73.5 70.4 67.1 66.8 64.2 62 60.7 60.1 59.4 58.3 57.6 55.2
