public/OST50/NH79.asc
ncols 200
nrows 200
xllcorner 270000
yllcorner 890000
cellsize 50
[rows 72 to 107 of 200, columns 0 to 80 of 200]
225.7 227.7 228.1 227.8 226 222.9 220.2 216.3 211.3 206.7 201.9 194 186.6 182.7 179.7 177.7 183.1 183.3 185.4 187.7 194.6 199.2 203.1 206.2 209.4 213.9 219.4 226.1 229.4 231.6 233.6 236.5 239.7 243.2 248.1 251.5 256.6 262.1 272 281.8 287.3 296 303.5 304.8 301.2 296.6 288.6 281.6 276 271.8 269.4 269.6 272.4 275.8 280.7 286 287.4 283.1 276.1 269.2 264.8 262.1 260.9 256.8 254.1 251.6 251.5 250.5 246.1 244.5 239.1 229.6 225.8 223.1 220.6 218.4 214.4 210.8 208.9 207.7 207.5
215.9 217.8 218.3 218.2 217.1 215.8 213.2 210.4 205.4 201.9 197.6 190.3 182.7 180.7 176.8 173.9 178.3 178.2 180.2 181.6 188.8 194.4 199.1 203.3 207.2 212.5 220.9 227.5 231.4 233.6 235.4 237.6 240.8 244.4 250.9 257.5 264.4 271.7 282.3 288.6 290.7 295.8 298.5 300.5 301 297.4 292.7 285.8 278.9 273.7 270.9 271.1 272.4 275.1 281.9 285.4 284.4 282.2 276.9 268.1 259.6 254.4 251 249.5 248.2 246.5 245.3 245.2 246.3 245.7 244 240 231.8 226 224.4 222.4 220.7 218.5 217.1 215.6 214.9
206.4 208.8 209.8 208.1 206.8 206 205.9 203.8 199.1 195.8 191.3 187.5 182.1 178.2 175.7 172.5 172.7 175.5 175.6 177.6 184.9 190.3 195.6 200.5 205.4 211.1 218 224.6 231.7 234.8 236.7 238.9 242.1 246.5 254.2 261.1 270.9 279.6 285.1 288 289.6 290.6 291.2 290.6 290 288.2 285.5 282.7 279.4 274.8 272.4 271.7 270.7 271 276.8 283.3 282.2 276.8 271.2 264.4 256.3 248.2 243 239.2 237.7 235.6 233.6 234.9 238 239.3 240.8 241.8 239.3 233.2 228.8 226.4 225.4 224.3 225.6 225.4 222.5
211.2 206.7 205.8 203.5 202.8 199.8 198 196.7 194.7 190.1 185.8 182.8 179.5 176.6 173.1 171 169.4 173 172.6 174.4 178.8 182.9 189.2 194.7 201.3 208.3 215.5 225.1 231.9 237.8 242.9 249.9 255.1 262.7 269 274.7 280.2 285.1 288.1 290.7 291.5 291.2 291.5 290.9 289.3 288.2 286.8 284.9 282.4 279.8 276.3 274.4 271.7 268.9 272.2 275.9 276.9 273.4 265.8 257.9 250.7 242.9 236.5 231.4 226.3 226.3 226.3 226.3 226.3 226.3 226.3 226.3 231.3 234.6 232.4 231.5 230.3 232.4 236.7 238.2 233.7
217.3 214.7 213.6 211.5 208.5 203.6 195.1 190.3 184 185.9 182.9 175.3 175.3 173.5 170.6 169.2 168.1 169.4 169.5 173 174.8 180 184.3 191.1 198 206.8 214.7 223.6 232.6 239.5 251.8 261.2 268.4 273.8 278.7 283.1 287.6 292.1 295.5 296.7 296.9 296.3 294.9 292.9 290.8 292.5 294.9 295 289.9 285.4 283 281.2 279.7 276.6 265.8 268.3 273.5 267.8 261.7 253.6 244.3 238.6 233.6 228.8 226.3 226.3 226.3 226.3 226.3 226.3 226.3 226.3 226.3 231 233.6 235.7 235.6 236.8 239.1 243.1 242.4
223.4 222.2 220.6 218.5 215.2 210.9 204.7 197.4 191.4 185.8 178.1 176.3 172.4 171.6 168 168.9 168.3 166.2 167.5 168.9 169.9 173.9 179.6 185.1 192.4 202.6 213.9 224.8 233.1 242.9 254.9 264.5 272 278 282.5 286 289.3 295.4 300.9 303.4 302.8 301.3 300.4 300.2 300.4 300.3 298.9 295.6 292.3 291.7 291.5 290.1 286 281.1 275.7 262.2 260.3 260.8 256.3 248.3 240.1 234 226.3 226.3 226.3 226.3 226.3 226.3 226.3 226.3 227.6 231.9 234.1 235.6 237.9 238.7 236.3 237.9 239.6 242.2 242
230.7 227.9 225.8 223.1 220.2 216.6 211.9 206 198.4 190.3 183.8 178.4 173.3 170.9 167.9 168.2 165.9 164.5 163.7 165.4 168.6 173.2 177 181.9 188.4 202.6 217.9 227.1 237.3 247.3 256.2 264.8 270 273.4 277.5 281.5 285.8 292.1 298.7 304.2 305.4 305.1 304 303.6 301.3 298.6 295.6 292.1 293.3 293.8 292.9 292.3 290.2 287.9 281.1 272.8 259.3 248.1 244.5 240.9 235.4 230.2 226.3 226.3 226.3 226.3 230.1 229.9 230.4 232.6 226.3 234 235.9 239.2 241.7 241.4 237.1 232.9 231.9 236.2 238.1
239.3 236.5 233 228.9 224.2 218.8 212.6 208.4 203.7 195.3 186.4 180.8 173.7 168.7 166.2 165.1 164.2 163.3 162.8 163.8 169.4 172.8 174.9 180.9 190.4 202.8 214.9 225.5 237 248 257.9 261.9 265.1 267 268.9 272.4 276.9 281.9 288.2 293.3 299 303.1 304.4 304.2 301.3 296.1 291.2 288.5 288.2 289.3 287.6 284.4 284 282.7 278.2 270.4 262.3 252.1 242.6 234.5 229.6 226.3 226.3 226.3 226.3 233.9 236.8 236.8 238.2 240.6 241.1 232.7 230.7 232.3 234.9 238 236.5 232.9 227.6 225 228.8
248.2 245.9 242.2 237.7 233.5 227.1 220.5 209.5 203.9 197 188.7 180.5 172.4 168.1 163.7 162.4 161.7 160.9 160.6 163.1 167.9 171.3 174.1 181.6 191.9 202.1 212.5 224.2 235.1 245.1 252.3 256.6 258.6 260.1 262 264.5 266.8 271.2 276.1 283.1 292.9 301.2 303.3 299.8 295.1 289 285 282.3 280.8 278.4 276 274.4 269.8 267.3 264.5 260.1 254.6 249.4 243.7 237.3 229.3 226.3 226.3 226.3 226.3 240.2 244.8 245.3 246.7 244.2 242.2 239 234 230.1 228.2 227.7 230.1 230.4 227.5 222.5 218
255.1 253 250.3 248 244.2 241.8 232.5 218.5 206.6 198.2 190.8 183.7 175.5 169.2 164.9 160.8 160.1 159.8 160.1 162.1 166.3 170.6 173.3 180.2 190.2 200.5 209.6 220.8 231.4 239.6 244.2 247.6 251.3 253.2 255.2 257.2 258.7 260.5 265.2 271.4 279.4 285.8 289.7 286.9 281.4 276.3 273.1 271.1 267.4 263.1 261.5 259.8 255.2 250.9 246.6 242.4 240.3 238.3 236.5 232 227.4 226.3 226.3 226.3 232.6 242.1 249.5 250.7 250.8 250.4 254.4 250.1 241.1 232.7 228.6 226.8 224.5 223.7 222.1 220.1 217.6
259.9 258.9 257.1 254.9 252.8 248.3 239.9 229.3 215.5 204.5 199.1 192 182.3 173.6 166.1 160.6 159.5 158.4 158.9 162.9 165.5 168.8 174.3 179.8 189.8 198.3 207.6 215.5 223.1 230.7 235.9 239.7 243.1 245.9 248.1 249.3 250.3 251.9 257.7 261 264.6 268.5 269.5 268.7 266.7 265.8 262.7 257.9 253.9 249.3 243.8 240.2 236.8 234.2 232.4 230.6 229 228.7 226.3 226.3 226.3 226.3 226.3 230.4 238.3 244.5 253.2 254.3 253.4 255 255.8 254.6 249.3 241.8 233.1 231.1 228.5 224.9 221.4 219.3 216
263.5 263.4 264.3 263.1 259.7 253.8 245 235.7 224.3 212.1 206.6 199.2 187.8 178.2 168.4 160 158.5 157.1 158.4 162.2 165.5 171.5 176.5 180.6 188.9 198.4 206.5 214 220.4 225.8 230.1 233 235.7 237.9 239.4 240.9 242.8 244.1 247.2 251.1 252.1 254.6 256.8 256.6 256 254.9 249.9 245.9 241.5 238.5 233.4 230 227.5 226.3 226.3 226.3 226.3 226.3 226.3 226.3 226.3 226.3 226.3 232 239.5 245.6 251.9 256.3 256.1 257.7 257.3 253.3 249.4 245.6 242.8 235.5 232 228.6 226.5 222.1 216.1
268.7 268.6 269.2 271.9 270.3 264.8 254.2 242.2 231.8 221.4 210.4 203.7 192.4 182.2 171.6 162.5 158.4 157.1 155.8 162.4 164.9 171.2 174.9 181.4 187.7 196.7 204.7 212.2 219.6 225.6 229.1 231.3 232.7 232.8 232.7 233 233.4 235.1 236.5 236.4 241.6 244 245.1 246.4 247.7 248.4 244.4 239.2 237.2 234.5 232.4 230.3 230.1 229.9 226.3 226.3 226.3 226.3 226.3 226.3 226.3 226.3 226.3 230.1 239.7 246.7 249.4 252.3 254.7 257.1 256.7 253.2 248.7 244.7 242.6 239.9 236.3 231.7 226.6 224.2 220.1
271.3 269 267.3 269.3 274.3 274.1 260.7 246.8 235.4 223.8 210.3 201.8 192.5 184.1 175.1 166 159.4 155.8 156.3 160.6 163 168 172.6 181.4 186.1 194 201.1 208.8 216.3 223.3 227.7 230.5 231.8 231.3 230 229.2 229.1 229.1 229.1 230.1 233.4 233.9 234.5 236.6 240 241.1 240.9 240.1 239.5 239.9 239.2 238.4 238.5 235.9 229.5 226.3 226.3 226.3 226.3 226.3 226.3 226.3 227.3 235.2 239.9 245.7 249.9 252.3 256.3 263.7 265.2 263.5 258.5 252.8 243.6 238.4 235.4 231.3 227.5 223.2 218.7
274.2 269.4 265.9 260.2 258.5 258.7 255.4 246.7 234.8 222.3 208.8 197.5 189.9 183 175.2 166.2 159.1 154.6 152.8 156.4 160.1 164.4 169.5 176.1 183.8 190.1 197.9 205.1 212.2 218.8 224 228 230.3 231.2 229.8 228.9 228.5 228.5 228.8 229.5 230.9 232.9 234.5 238 240.6 241.1 242.5 245.6 249.2 251.4 253.1 251.9 249.9 243.8 236.9 230.4 227.7 226.8 226.3 226.3 226.3 226.3 233.2 239.6 242.8 246.3 252.4 261.8 272.2 276.9 274.7 275.1 274.2 271.2 266 255.4 244.2 235.3 227.6 222.6 218.8
275.7 271.8 268.1 261.9 251.5 242.8 238.9 235.6 230.2 221.5 209.4 196.9 187.3 178.6 170.5 163.7 158.4 154.4 152.8 152.6 156.1 159.9 167.3 172.7 180.4 187.7 194.3 201.4 207.9 214 219.4 224.2 228.1 230.4 229.1 228.4 228.1 227.8 228.5 229.3 231.8 234.1 237.9 241.9 244.1 246.1 249 253.5 258.6 261 262.5 260.2 258.9 254.9 246.8 236.8 230.9 230.6 226.3 226.3 230.1 235 242.9 249.1 256.5 263.6 269.9 274.7 276.9 279.9 278.3 277.7 278.1 277.1 272.3 265.7 260.1 254.1 242.9 229.5 222.5
275.6 272.1 268.1 263.3 255 244.4 231.9 222.4 218.5 213.1 207.2 196.8 187.3 178.9 170.7 162.5 157.2 153.1 151.8 150 152.6 155.8 162.1 168.3 175.7 182.7 190 197.7 203 209.3 215 219.9 223.8 226 227.2 226.4 226.5 227 228.1 230.1 233.8 245.2 250.9 251.9 252.6 254.3 257.3 262 266.2 268.4 266.5 264.5 261.7 257.4 253.2 245.4 234.9 230.4 227.1 226.3 233.4 240.4 250.4 261.1 264.9 264.8 266.9 271 268.6 268.7 272.1 274 274 275.2 271.1 267.1 263.4 260.5 255 244.1 227.3
274.8 270.2 265.5 263.3 259.9 251.5 237.9 222.7 210.8 202.7 198.8 191.3 184.4 176 168.2 162.1 157.5 152.3 149.4 147.9 149.5 152.1 157.5 163.6 170.9 178.9 187.2 194.4 200.3 205.8 211.2 216 219.1 221.6 223.3 224.7 225.4 226.8 229 232.5 241.8 250.2 256.5 261 264.4 266.9 270.1 273.8 277.9 279.4 277.3 275.2 272.5 268.4 263.6 257.7 246.3 235.1 230.5 226.3 231.8 240.6 244.5 252.2 256.6 257 254.6 254.1 256.4 258.2 258.5 260.4 262.4 260 258.6 259.5 258.6 255.8 250.7 242.5 232
270.7 267 266.3 264.6 260.2 251.9 243.2 221.6 215.9 213 200.6 186.9 178 170.8 164.4 160.1 155.7 150.4 146.7 143.5 146.8 149.8 153 157.7 163.4 172.8 181.2 189.2 197.5 202.8 207.7 212.5 215.7 215.1 220.1 223.2 227.1 231.1 235.1 240.7 248.4 255.4 261.2 266.2 271.9 280.2 284 288.6 289.4 286.9 283.2 282.2 281.2 275.5 269 263.1 254.9 242 232.5 229.2 227.7 227.9 232.5 235.1 238.6 243.7 246.1 244.3 243.4 246.6 247.7 249.1 244.1 240.9 240.3 244 248.3 244.7 237.6 229.5 223
265.7 267.5 267.8 266 262 251.5 239.7 234 232.2 229.4 216.9 194.7 178.4 168.5 160.7 157.9 154.1 151 147.7 142.1 142.9 145.9 146.9 152.3 157.4 167.1 176 184.5 193.7 200.5 200.7 203.9 214.5 219 222.4 225.7 229.8 234.3 238.2 242.7 249 256.5 262.3 267 271.2 279.1 285.5 288.5 288.8 289.8 286.1 281.4 280.3 279.1 274.3 267.8 260.5 249.7 239 229.4 221.7 219.4 223.8 227.8 231.4 238.7 238.9 233.7 230.2 226.4 223.5 226.2 219.2 216 220.3 222.2 229.1 229.7 225.4 221.8 216.9
267.8 270 269 266.2 262 252.6 242.6 247.2 242.1 234.2 223.4 206.5 188.4 172.7 161 154.3 152 149.8 147.1 143.2 138.1 139.1 142.3 149.1 154.6 165.2 173.7 179.1 184.3 198.2 204.5 209.4 214.5 219.6 223.6 227.5 231.5 236 239.6 243.2 248.5 255.4 262.3 267 270.9 273.9 278.2 283.3 284.6 285.4 282.9 279.6 279.4 278 274.7 272 265.3 255.8 244.9 230.6 217.3 206 216.8 221.9 231.6 229 225.9 221.7 218.9 213.8 209.1 202.9 197 201.9 206.2 211 218.8 220.1 216.4 214.7 209.3
269.6 272.3 269.4 265.5 260.3 252.7 249.4 249.9 244.9 237.1 224.1 212.5 195.8 178.1 166.2 157 150.3 144.7 143 141.4 137.6 135.2 137.6 142.8 147.9 161.1 170.6 177.8 187.2 196.2 203.4 210.1 215.3 220 225.5 230 234.1 237.4 241 244.9 250.2 255.7 261.2 267.3 271.3 274.8 276 278.9 279.3 278.7 276 275.7 280.6 274.5 273.1 273.4 271.3 259.9 242.2 229.2 217.8 202.3 209.5 212 218.5 219 215.1 212.1 206.7 203.5 197.5 191.8 191.2 194.1 200.4 205 212.1 212.8 207.3 201.6 200.1
267.6 270.8 269 264.5 257.2 252.6 251.2 249.4 244.8 236.4 226.9 215.8 200.7 185.1 171.4 159.9 150.8 142.5 139.8 138.7 136.2 135 138.8 141.2 147.2 157.8 165.8 175.2 185.9 195.6 206.3 212.4 217.5 221.9 227.4 232.6 235.3 238.3 241.4 245.2 249.9 255.5 260.3 267.2 274 274.9 276.2 279.6 282.2 279.1 274.1 273.2 273.4 272.2 271.1 270.8 268.2 259.2 238.3 225.9 215.3 198 204.4 209.5 209.1 207.4 202.3 198.8 193.4 189.4 187.4 187.4 188.9 192.7 201.9 208.9 215.5 213.2 201.4 190.9 185.3
263.5 264.4 264.8 260.8 253.7 251.8 250.8 248.5 243.3 235.9 228.4 218.4 206.3 190.9 176.7 163 153.6 143.1 138 135.8 133.7 131.5 136.3 138 146.8 156.3 164.3 173.8 184.7 195.1 202.2 208.6 214.9 220.5 225.5 231 234.9 237.3 240.8 243.6 248.4 253 258.1 267.1 274.4 275.1 276.5 279.6 280.5 283.8 277.4 271.3 271.2 274.6 271.2 268.6 265.9 254.2 236 225 213.1 198.9 188.3 196.4 198.6 196 189.8 180.7 176.3 180.9 185.3 186.2 186.9 192.1 205.1 213 215.2 211.2 199.8 188.1 180.8
256.5 257.3 255.5 253.7 251.2 250.7 250.8 249.6 243.4 237.4 230.9 223.1 210.3 194.9 181.3 167.4 155.2 145.2 137.7 133.5 131.2 132.2 134.1 136.2 144.4 152.7 160.4 169.2 179.7 189.8 196.8 203 208.5 214.1 219.6 224.3 228.9 233.6 237.6 241.9 246.1 249.9 254.4 262.2 270.3 274 277.2 276.9 277.3 282.6 278.4 267.9 268.9 281.3 278.6 265.4 255.4 244.8 229.6 220.4 212.3 200.4 186.4 186.3 184.7 184 178 168.5 170.5 183.2 186.2 185.3 184.9 191.1 205.9 215.6 216.6 206.1 197.6 188.8 178.6
249.1 248.4 245.3 244.9 248.4 249.7 250.9 249.7 243 239.7 231.8 220.4 210.5 198 183.6 169.9 156.2 146 138.4 133.9 129.9 130.4 131.1 134.2 138.2 146.4 156.3 165.7 176 182.4 190.9 197.9 202.8 207.6 212.2 216.9 221.3 225.9 231.1 236.5 240.9 245.4 249.8 256.4 266.7 275.4 280.2 276.7 275.1 278.8 273.4 265.7 267.1 276.1 277.2 270.4 250.5 233.4 225.3 218.6 206.7 195.8 190.8 180.2 172.8 172.9 168.7 163.4 165.8 183.6 187.4 184.3 182.7 190.9 206.6 214.2 214.5 204.1 194.5 186.6 176.6
242.4 239.4 235.9 241.5 244.8 246.3 247 244.6 241.8 241.4 233.9 221.8 209.4 199.2 187.7 174.2 159.3 147 139.8 137.7 131.9 128.5 129.1 132 134.9 141.2 153.6 163 170.5 176.9 184.8 191.6 197.4 201.8 205.6 209.6 213.7 217.9 222.3 228.6 234.1 239.2 244.6 250.4 259.8 272.5 274.9 271.7 271.2 274.3 269.6 263.7 266.6 270.2 273.1 265.1 244.3 235.7 228.4 220.3 207.4 201 199.5 186.6 175.2 165 161.9 161.6 163.9 181 183.1 181.4 180.2 188 202.3 213.1 206.8 200.7 192.7 184.7 173.8
236.1 233.4 230.3 234.7 237.2 240.6 236.6 232.1 236.3 237.7 233.3 221.3 209.5 198.7 186.9 176.4 164.7 150.6 142.6 137.8 133 128.5 127.6 130.5 136.2 134.5 146.1 156.5 164.8 171.5 178.7 185.2 191.4 195 198.9 203.3 207 210.1 213.6 218.7 224.7 230.7 236.3 244.3 254.5 264 266 265.7 266.3 272.5 265.3 262.7 270.2 267.7 264.8 257.9 238.8 238.8 233.7 217.1 208.4 213 210.2 194 179.2 166.3 160 159.9 162.4 171.4 175.9 178.2 175.9 182 196.3 202.5 201.2 194.8 186.8 177.1 170.3
224.6 225.3 223.2 227.8 223.7 217.5 216.2 217.2 220.9 225.7 223.5 213.3 202.7 194.7 185.9 176.7 166.7 156.5 145.1 138.7 136.1 132.3 127.8 125.9 129 131 139.4 150 160.7 166 172.2 177.9 183.3 188.1 192.2 196.7 200.4 203.3 206.2 211.5 216.9 221.3 225.1 232.2 242.7 253 256.9 259.3 260.4 264.8 258.8 259.5 267.7 263.6 257.2 251.8 235.2 241.7 233 210.6 209 218.2 214.2 201.3 184.6 170.5 160.3 158.2 163.1 171.9 172.5 173.8 172.4 176.3 188.4 191.1 190.6 186.9 179.3 170.7 167.6
207.7 207.2 207.6 207.5 205.3 202.9 206 212.6 219 223.4 220.2 212.3 206.1 196.8 187 179.5 168.7 157.8 148.6 139.6 134.9 131.7 128.5 123.1 121 124.8 133.5 143.8 153.3 158.6 165.9 171.7 176 181.3 184.8 188.8 192.4 195.1 198.4 202.7 207.9 212.7 216.5 220.8 227.6 237.8 244.6 249.9 253.6 254.7 252.5 255.6 261.8 259.9 253.1 244.6 230.7 239.4 230.2 207.1 208.3 215.6 213.3 203.9 191.1 175.9 165.6 156.7 160.2 164.5 168.1 170.1 168.4 169.6 178.4 181.3 183.4 180.4 172.7 167.4 166
188.6 192.1 194.8 197.1 197.1 199.3 206.4 215.5 222.4 226 223.3 223.9 224.9 220.9 210.9 192 174 162.1 151.8 141.4 134.9 131.5 127.7 124.1 120.6 119.7 124.7 136.6 146.5 154.3 159.4 165.9 170.7 175.1 178.1 180.5 184 186.9 190.7 194.7 199.5 204 208.2 212.3 217.4 224.2 231.1 237.5 243.7 246.9 248.5 257.6 266.4 261.3 251.5 240.3 227.2 231.2 224.9 206.2 203.2 207.3 206.7 200.5 191.8 181 168.4 157.9 155.6 156.4 161.1 163.1 163.1 164.9 170.1 172.1 175.7 176.3 169.2 165.6 165
174.6 180 185.6 189.5 194.3 200 211.3 226.1 235.3 233.3 228 227.2 232.6 231.9 226.8 218.7 190.4 170.5 155.4 145.5 137.4 132.6 127.8 124.2 120.3 115.8 119.9 128 136.5 144.6 152.8 160.3 165.2 168.8 171.5 174 176 179 183.1 187.1 191.4 195.2 199.3 203.6 208.5 214.1 219 226.9 232.3 236 245.8 259.2 263.9 259.5 251.7 238.6 225.1 223 214.7 202 201.6 204.3 198.3 192.7 187.8 179.4 169.5 161.1 155.9 155.3 155.2 154.8 155.1 157 161.9 167.1 168.9 171.7 166.8 164.7 164.2
162.2 168.1 176.2 185.8 194.8 206.5 219.4 234.5 238.2 236.3 232.2 229.8 237.4 238.4 239.5 233.9 208.5 185.2 165 152.1 143.8 135.3 129.8 124.7 120.8 116 116.5 121.1 130.2 139 145.2 153.4 159.1 163.1 165.1 167.3 169.4 171.6 175.7 179 183.2 187.1 191.2 195.6 200.2 205.3 210.3 215.2 221.5 226.2 239.6 256.5 263.1 257.2 247.6 236.9 222.6 214.5 205.8 197.5 201.9 206.5 200.1 188.9 183 177.9 170.4 163 157.5 154 153.8 151.8 151.8 151.8 153.3 163.7 165.8 167.4 164.1 162.7 163.7
152.2 155.4 171.4 181.6 191.8 202.1 215.7 225.3 231.2 233.8 231.3 229.8 238.3 240.7 243.8 240.2 217.1 196.1 176 161.1 151 141 132.9 126.4 121.4 116.5 114.1 117.6 124.6 131.6 138.8 145.6 151.6 157.4 159.9 161.9 163.1 164.7 167.5 171.3 175.4 179.3 183.1 187.5 192.7 198 202.6 206.5 211.2 216.6 231 249 257.7 254.8 243.4 230.5 218.8 209.4 199.1 191.2 193.8 198.9 197.2 190.6 181.1 175.5 168.3 163.1 157.5 153.8 151.8 151.8 151.8 151.8 151.8 164.3 165.3 164.2 162.9 160.5 162.8
140.4 149.9 162.3 172.4 182.8 191.9 201 208.8 216.6 220.2 222.7 227.9 238.2 239.8 242.6 242.5 221.5 202.9 184.1 168.3 155.5 145.8 136.9 128.5 122 115.2 112.9 115.2 122.8 127.1 131.6 138.4 144.3 148.8 152.9 156.4 157.5 159 161.4 164.1 168 171.6 175 180.2 185.6 190.5 194.5 198.6 203.5 209 219.1 234.8 248.1 251.1 238.4 224 212.3 202.2 194.3 187.8 187.8 188.8 185.4 184.1 179.8 175.4 170.4 163.9 158.3 154.6 151.8 151.8 151.8 151.8 151.8 153.3 160.1 164.6 162.4 159.2 161.9
132.7 142.1 154.4 165.5 174.6 182.4 187.9 194 202.6 208.8 215.3 223.9 227.8 233.4 238.1 231.8 221.4 204.7 187 170.5 157.9 147.9 137.8 129.3 120.8 114.2 111.3 114.5 120.3 124.8 126.6 132.1 137.8 141.6 145.6 149.4 152.1 153.8 156.5 158.5 160.9 164.6 168.6 172.6 177.5 182.7 187 191.5 196.9 202.9 208 219.4 228.5 238.4 231.1 221.4 208.2 196.4 188.5 183.1 180.9 181.4 179.9 176.5 173.1 170.4 167.9 165.7 160.7 155.5 151.8 151.8 151.8 151.8 151.8 151.8 151.8 155.7 157.2 156.1 159.8
