public/OST50/NH87.asc
ncols 200
nrows 200
xllcorner 280000
yllcorner 870000
cellsize 50
[rows 0 to 39 of 200, columns 0 to 89 of 200]
24 24.5 24.3 24.2 23.8 23.6 22.2 22 22 21.7 21.8 21.8 21.9 22 22.6 23.6 23.5 23.1 22.9 22.2 22 22.2 23.3 21.5 21.8 21.8 21.8 21.9 22.9 23.1 23.4 23.4 24.3 26.4 26.4 27.2 27.9 28.1 29.3 29.9 29.4 28.6 28.6 27.9 26.4 24.4 21.6 18.5 16.2 14.8 14.8 14.8 14.8 14.8 14.8 14.8 14.8 14.8 14.8 14.8 14.8 14.8 14.8 14.8 14.8 14.8 14.8 14.8 14.8 14.8 14.8 14.8 14.8 14.8 14.8 14.8 14.8 14.8 14.8 14.8 14.8 14.8 14.8 14.8 14.8 14.8 15.2 15.8 16.5 17.4
23.6 23.9 23.9 23.4 22.5 22 21.8 22.2 22.2 22 22.1 22.2 22.3 22.7 23.4 24.2 24.8 24.5 24.7 24.4 23.4 22.6 22.2 21.8 22 22.2 22.3 22.6 23.9 24.4 24.8 24.7 25 25.6 27 27.3 27.7 27.8 29.2 28.9 28.8 28.4 27.8 26.8 24.7 22.5 20.1 16.8 14.8 14.8 14.8 14.8 14.8 14.8 14.8 14.8 14.8 14.8 14.8 14.8 14.8 14.8 14.8 14.8 14.8 14.8 14.8 14.8 14.8 14.8 14.8 14.8 14.8 14.8 14.8 14.8 14.8 14.8 14.8 14.8 14.8 14.8 14.8 14.8 14.8 14.8 15.4 16.5 17.6 18.4
24 23.4 22.6 22.3 22.3 22.3 22.6 23.2 22.8 22.9 23 23.1 23.3 23.6 24.7 25.8 26.6 26.8 27 26.8 26.5 24.8 24 23.5 22.6 22.6 22.2 23 23.7 24 24.5 25.4 24.8 24.7 25.7 26.7 26.8 26.7 26.9 27.1 27 25.5 24.9 24.8 22.6 20.2 17.9 15 14.8 14.8 14.8 14.8 14.8 14.8 14.8 14.8 14.8 14.8 14.8 14.8 14.8 14.8 14.8 14.8 14.8 14.8 14.8 14.8 14.8 14.8 14.8 14.8 14.8 14.8 14.8 14.8 14.8 14.8 14.8 14.8 14.8 14.8 14.8 14.8 14.8 15.4 16.4 17.6 18.1 18.8
23.6 23.4 23 22.9 23.5 23.7 23.8 24 23.7 24.2 24.8 24.6 24.7 25.3 26.4 27.1 27.6 28.2 28.2 27.6 26.9 26 24.7 24.1 23.6 22.4 22.6 23.3 23.6 23 23.2 23.9 24.8 24.4 23.9 24 24.6 24 24.8 24.9 24.7 23 22.5 22.2 20.7 18.7 15.9 14.8 14.8 14.8 14.8 14.8 14.8 14.8 14.8 14.8 14.8 14.8 14.8 14.8 14.8 14.8 14.8 14.8 14.8 14.8 14.8 14.8 14.8 14.8 14.8 14.8 14.8 14.8 14.8 14.8 14.8 14.8 14.8 14.8 14.8 14.8 14.9 15.5 15.6 16.8 17.2 17.5 18 19.4
25.7 25.6 25 24 24.1 24.2 24 24.5 24.6 24.8 25.3 25.8 26.1 26.4 26.8 27.4 27.8 28.2 27.8 26.7 25.5 24.5 24 23.1 22.2 21.2 22.7 22.6 22.2 22.1 21.5 22 22.5 22.7 22.5 22.2 22.4 21.9 22.2 22.4 22.1 21.1 20.5 20.2 18.8 15.7 14.8 14.8 14.8 14.8 14.8 14.8 14.8 14.8 14.8 14.8 14.8 14.8 14.8 14.8 14.8 14.8 14.8 14.8 14.8 14.8 14.8 14.8 14.8 14.8 14.8 14.8 14.8 14.8 14.8 14.8 14.8 14.8 14.8 14.8 14.8 14.8 15.4 16.3 17 16.6 17.2 17.2 18.3 19.6
27.4 26.8 26 24.7 23.5 23.6 24.2 24.2 24.9 25.2 25.7 26.1 26.2 26.8 27.1 27.3 27.5 27.3 26.3 25.1 23.8 22.6 21.6 21.1 20.6 20.2 21.1 21.6 20.7 20.3 19.9 20.7 20.5 20.4 20.3 20.8 20.8 19.6 19.5 19.8 19.8 19.3 18.5 18.4 15.6 14.8 14.8 14.8 14.8 14.8 14.8 14.8 14.8 14.8 14.8 14.8 14.8 14.8 14.8 14.8 14.8 14.8 14.8 14.8 14.8 14.8 14.8 14.8 14.8 14.8 14.8 14.8 14.8 14.8 14.8 14.8 14.8 14.8 14.8 14.8 14.8 15.1 15.2 16.6 16.1 16.6 16.6 17.3 18.2 18.7
27.7 26.5 26.5 25.6 25.4 24.2 23.7 24.1 24.9 25.3 25.3 25.4 25.4 25.5 26.3 26.5 26.1 25.6 24.7 23.2 21.7 20.1 19.2 18.7 18.3 18.1 18.6 18.7 19.2 19.1 18.7 18.6 18.6 18.4 18.3 18.1 18 18.1 17.8 17.5 17.6 17.6 16.8 17 14.8 14.8 14.8 14.8 14.8 14.8 14.8 14.8 14.8 14.8 14.8 14.8 14.8 14.8 14.8 14.8 14.8 14.8 14.8 14.8 14.8 14.8 14.8 14.8 14.8 14.8 14.8 14.8 14.8 14.8 14.8 14.8 14.8 14.8 14.8 14.8 14.8 14.8 15.3 16.2 15.8 16.7 16.6 17.3 17.4 18
26.9 26.5 25.8 26.1 26.3 25.5 23.5 23.7 24.8 24.4 24.6 24.6 24.7 24.8 25 24.4 24 23.6 22.7 20.7 19.1 18.5 17.8 17.5 17.5 17.6 17.7 17.9 18.3 18.3 18.3 18.3 17.9 17.7 17.7 17.9 17.8 17.4 17.6 17.1 16.5 16.6 15.7 16.9 14.8 14.8 14.8 14.8 14.8 14.8 14.8 14.8 14.8 14.8 14.8 14.8 14.8 14.8 14.8 14.8 14.8 14.8 14.8 14.8 14.8 14.8 14.8 14.8 14.8 14.8 14.8 14.8 14.8 14.8 14.8 14.8 14.8 14.8 14.8 14.8 14.8 14.8 15.3 16 15.6 16.2 17.6 16.5 16.8 17.9
27 26.7 25.2 25.3 27.1 26.7 25.1 23.9 24.2 23.5 23.8 23.9 24 23.8 23.6 22.6 21.5 21 20.4 18.4 17.8 17.4 17.5 17.5 17.5 17.6 17.4 17.4 17.7 18.2 18.3 17.9 17.3 17.4 17.7 17.7 17.8 17.2 17.7 17 16.5 16.6 15.8 16.6 15.7 14.8 14.8 14.8 14.8 14.8 14.8 14.8 14.8 14.8 14.8 14.8 14.8 14.8 14.8 14.8 14.8 14.8 14.8 14.8 14.8 14.8 14.8 14.8 14.8 14.8 14.8 14.8 15.2 15.1 15.4 14.8 14.8 15 15.1 14.4 14.7 15 15.9 15.6 15.1 15 16 16.4 16.9 17.9
26.7 25.7 25 24.9 25.6 25.8 25.9 24.5 22.7 22.5 22.9 23.1 22.9 22.5 21.8 20.7 20 19.1 18 17.6 17.4 17.4 17.5 17.5 17.5 17.5 17.4 17.3 17.7 18.6 18.6 18.1 17.8 17.6 17.5 17.6 17.7 18.5 18.6 17.7 17 17.7 16.2 16 14.9 14.8 14.8 14.8 14.8 14.8 14.8 14.8 14.8 14.8 14.8 14.8 14.8 14.8 14.8 14.8 14.8 14.8 14.8 14.8 14.8 14.8 14.8 14.8 14.8 14.8 14.8 14.8 16.7 16.8 17.7 17.3 15.6 18.2 17.2 15.1 14.9 14.6 15.4 15 14.9 14.8 15.2 15.8 17 17.6
26.9 27.4 25.3 24.7 24.8 24.8 25 25.3 23.6 22.6 22.9 22.2 21.5 20.8 20.2 19.7 19.1 18 17.8 17.5 17.2 17.3 17.3 17.4 17.6 17.4 17.3 17.2 17.7 18.4 20.8 18.5 18.3 18.4 18.7 19.1 19.4 20 19.4 18 18 17.6 16.9 16.3 15.2 14.8 14.8 14.8 14.8 14.8 14.8 14.8 14.8 14.8 14.8 14.8 14.8 14.8 14.8 14.8 14.8 14.8 14.8 14.8 14.8 14.8 14.8 16 14.8 14.8 15.2 15.9 17.4 17.3 18.1 18.4 17.5 18.5 17.8 15.9 13.8 14.5 14.8 14.8 14.7 14.6 14.8 15.5 16.7 17.1
30 27.9 27.2 27.6 25.5 25 24.8 25.1 24.4 23.1 21.9 21.3 20.9 20.2 19.4 18.8 18.1 17.7 17.6 17.3 17.1 17.3 17.6 17.8 17.8 17.6 17.3 17.2 17.7 18.3 18.8 19.4 19.9 19.8 20.3 20.8 21.1 21.5 20.3 18.7 17.8 17.6 17 15.5 15.4 14.8 14.8 14.8 14.8 14.8 14.8 14.8 14.8 14.8 14.8 14.8 14.8 14.8 14.8 14.8 14.8 14.8 14.8 14.8 14.8 14.8 15.5 17.3 17.4 17 17.1 17.2 17.5 17.9 17.7 18.2 17.5 18.3 18.4 16.4 16.3 15.6 13.8 14.1 14 14.6 15.4 15.3 16.2 17
29.4 29.4 29.3 27.9 26.2 25 25.1 24.1 23.6 22.9 21.4 20.6 20.3 19.4 18.6 18 17.6 17.6 17.4 17.2 17.2 17.4 17.9 18 17.9 17.7 17.3 17.1 17.7 18.1 19.2 20.7 21.4 21.3 21.9 22.4 22.9 22.3 21.2 18.6 17.1 16.8 16.1 14.8 14.8 14.8 14.8 14.8 14.8 14.8 14.8 14.8 14.8 14.8 14.8 14.8 14.8 14.8 14.8 14.8 14.8 14.8 14.8 17.2 16.1 17 18.3 18.5 19 19.4 19.3 18.9 18.1 18.3 17.9 17.3 17.2 17.5 17.8 15.9 16.6 15 13 13.6 14.3 15 15.3 15.1 16 16.7
31.3 31.8 30.7 28.2 26.4 25.2 24.8 24.1 23 23 21.2 20.4 19.6 19.5 18.4 18.4 17.5 17.4 17.2 17.3 17.3 17.4 17.7 17.8 17.9 17.8 17.5 17.1 17.8 18.9 20.2 21.2 21.5 22.9 23.5 23.1 22.4 21.6 20 18.3 16.7 15.9 15 14.8 14.8 14.8 14.8 14.8 14.8 14.8 14.8 14.8 14.8 14.8 14.8 14.8 14.8 14.8 15.4 16.3 16.6 17.8 19 20.3 19.6 20.5 21.6 21.9 21.8 22.2 19.8 18.9 18.7 19.6 18.2 16.6 16.3 16.2 16.1 15.1 15.1 14.9 12.5 13.3 14.3 14.7 14.7 14.7 15.4 16.4
31.6 32.1 30.5 28 27 25.8 24.4 23.8 22.8 22.3 21.4 20.2 19.5 18.7 18.3 17.9 18.1 17.4 17.6 17.7 17.7 17.6 17.7 17.9 17.8 17.3 17.9 18.2 18.8 19.8 20.7 21.5 21.6 23.3 23.1 22.4 21.7 20.4 18.7 17 16 14.8 14.8 14.8 14.8 14.8 14.8 14.8 14.8 14.8 14.8 14.8 14.8 15.5 15.9 17.2 18.7 19.5 20.8 21.5 22.1 22.6 23.3 23.7 23.1 23.7 25.2 25.4 25.4 25 23.4 22.1 20.6 18.8 17.5 16.3 15.7 15.4 16 14.8 14.6 14.9 12.8 13.2 13.6 14.3 14.3 14.4 14.7 15.4
29.1 30.8 29.4 28.7 26.8 26 24.9 23.2 22.2 21.5 21.8 20.3 19.6 18.9 18 17.5 17.8 18.3 18.2 18 17.7 17.5 17.5 18 18.1 18.3 19.1 19.6 20.2 20.4 20.6 21.3 21.9 23.4 22.4 21.5 20.8 19.1 17.4 16.1 15.3 14.8 14.8 14.8 14.8 14.8 14.8 14.8 14.8 14.8 14.8 15.5 16.8 18.4 20.4 21.2 23.1 25 26.2 27.8 28.3 28.8 29 29.7 28.6 26.6 30.3 29.2 27.5 26.4 25.1 22.2 20.2 18.9 17.1 16 15.4 14.8 15.7 15.4 13.9 13.3 13.2 13.4 13.5 13.7 13.8 14.1 14.6 15.2
27.2 28.5 28.3 27.8 26.4 25.6 24.5 22.8 21.7 20.6 22.4 20.9 19.8 19 18.6 18.7 18.3 18.2 18.1 17.9 17.7 17.5 18.3 19.3 20 20.2 20.2 20.7 21.3 21.4 21.1 21.2 21.5 20.5 21.6 20.2 19.8 18.3 16.4 15.8 15.1 14.8 14.8 14.8 14.8 14.8 14.8 14.8 14.8 14.8 15.5 16.9 19.1 21.3 23.6 26.4 28.4 30.3 32.4 33.5 35.3 35.3 34.9 35.1 33.7 30.8 30.4 30.5 28.8 27.2 24.6 21.8 20.2 18.9 17.7 15.6 14.9 14.7 15.3 14.8 13.6 13.5 13.4 13.3 13.5 13.6 13.8 14 14.5 15
27.3 26.3 26.9 26.4 25.9 25.2 23.4 22.6 21.6 20.6 20.1 20.9 20 18.9 18.8 18.7 18.4 18.2 18 17.8 17.6 18.3 19.4 20.5 21.2 21.8 21.9 21.8 22.4 22.4 22 21.1 20.9 21.8 20.6 19.6 19 17.5 15.8 15.3 15.1 14.8 14.8 14.8 14.8 14.8 14.8 14.8 14.8 14.8 16.6 19.1 21.9 24.9 28.1 31.7 33.8 36.7 37.6 38.1 39 38.1 36.8 36.1 34.5 32.9 28.6 29.5 27.1 24.8 22.8 20.9 19.8 18.5 16.9 15.4 14.6 14.2 14.7 14.5 13.4 13.3 13.2 13.2 13.4 13.6 13.7 14 14.3 14.8
26.3 25.8 25.1 24.9 24 23.3 22.7 22.1 21.4 20.6 19.8 19 19.1 18.9 18.8 18.7 18.5 18.1 17.9 17.9 18.6 19.6 20.6 21.7 23 23.2 23.3 23.4 23.5 23 22 21 20.5 21.2 20.2 19.2 18.2 16.2 15.5 16.1 15.5 15 15 14.8 14.8 14.8 14.8 14.8 14.8 17.4 19.8 22.5 26.2 29.2 32.3 35.9 39.1 40.2 40.2 39.8 39.5 38.1 36.6 34.3 32.2 31.3 26.9 25.3 23.7 22 20.7 20.1 19 17.7 15.7 14.5 14.6 13.8 13.6 13.9 13.3 13.2 13.1 13.1 13.3 13.5 13.7 13.9 14.3 14.9
26.1 25.1 24.1 24.8 23.8 22.6 22 21.4 20.7 20.3 19.8 19.4 19.5 19.6 19.2 18.8 18.6 18.4 18.9 19.5 20.2 21.3 22.4 23.5 24.8 25.8 25.9 25.8 24.8 23.5 22.2 21.2 20.4 20.6 20.2 18.5 16.8 16.6 16 17 16.2 16.7 16.4 15.4 14.8 14.8 15.6 17.6 19.8 21.3 24.1 28.1 31.3 33.9 36.6 39.8 42.4 42.3 41.3 38.5 37.4 36.6 33.8 31.3 29.4 27.5 24.6 22.7 21.2 20.2 19.3 17.9 17 16.6 15.2 14.4 13.6 12.8 13.2 13.2 13.2 13.1 13.1 13.1 13.2 13.4 13.7 14.4 14.7 16
26.1 24.5 23.6 24.4 23.8 22 21.9 21.6 21.4 21.2 20.1 20.1 19.8 19.9 19.9 19.5 19.9 20.3 21.1 22.1 22.7 23.8 24.8 25.8 26.6 27.4 27.2 27.4 25.7 24.6 23.2 20.8 20 19.5 19.3 17.3 17 16.8 16.6 17 17.8 18.7 18.7 18.2 17.7 18.1 19.4 21.9 24.7 26.9 29.2 34.3 36.9 39.2 41.4 42.2 42.8 40.9 39.5 37.2 34.8 33.2 31.3 28.7 26.3 23.9 21.7 20.4 19.7 19.4 17.1 15 14.8 14.8 14.7 13.9 13.1 12.9 12.9 12.9 12.9 13.4 13 13 13.1 13.5 14.2 14.6 14.9 16.8
23.9 23.6 23.5 23.4 22.9 22 21.8 21.7 21.6 21.5 21.1 21.2 21.5 21.1 20.7 21.2 22 22.9 24.3 25.1 26.7 27.5 28.5 29.3 29.7 30 29.4 28 26.8 24.9 22.5 20.7 19.7 18.6 17.7 17.5 17.2 16.9 17.1 17.6 18.2 19.5 20 20.9 21.1 21.7 23.9 26.4 29.3 31.9 36.5 39.9 41.6 42.1 42.5 41.5 41.3 38.9 37.1 34.1 31.7 30 28.2 26 23.5 21.1 19.8 18.9 18.3 17.6 15.3 14.6 14.4 14.3 14.3 13.6 12.8 12.8 12.7 12.5 12.7 13 13 13 13.1 13.6 14.2 14.6 15.4 17
24.7 23.5 23.4 23.2 22.4 21.8 21.5 21.5 21.5 21.5 21.5 22 23 23 22.9 24.5 25.4 26.6 27.8 28.8 30.9 31.7 32.2 32.8 32.8 31.5 29.8 28.1 26.6 23.8 21.5 19.7 18.9 18.4 17.8 17.4 16.9 17.2 17.7 18.2 18.7 19.8 20.8 22.1 24 25.4 27.7 30 32.9 36.4 40.4 42.8 43.9 43.7 41.9 40 38.8 36.1 33.7 31.5 29 26.9 25.1 22.8 20.8 19.5 18.8 18.8 17.4 15.5 14.7 14.4 14.2 14 13.6 13.2 13.1 13 13 12.3 12.6 13 13.2 13.2 14.2 14.5 15 15.5 16 17.3
26.7 24.3 23.9 23.3 22.7 22.3 21.7 22 22.3 22.3 22.7 23.7 24.5 25.6 27.2 29.2 29.5 30.9 32.2 33.5 35 35.7 36.1 35.1 33.6 31.9 30 28.1 25.9 23.2 20.1 18.7 18.2 17.9 17.5 17 17 17.5 18.2 18.8 19.6 21.2 22.4 23.8 25.5 27.8 30.6 32.8 35.7 39.1 41.6 42.5 42.7 41.6 39.6 37.8 35.2 33.2 31.1 28.4 25.9 23.4 21.6 20.3 19.4 18.6 17.9 17.6 17.4 14.9 14.6 14.3 14 13.6 13.3 13.2 14 13.8 13.4 12.5 12.6 13 13.5 13.3 14.7 15.5 16.2 16.8 17.1 18
26.1 25 24.3 23.8 23.2 23.2 23.3 23.8 24.8 24.3 24.9 25.7 27.3 29.2 30.9 32.9 34.1 36.5 37.2 38.7 39 39 38.2 35.3 32.7 30.6 28.6 26.2 23.8 21.3 19.3 17.8 17.1 16.8 17.2 17.1 17.1 17.1 18.3 19.6 21 22.9 24.2 25.7 27.4 29.1 31.8 34.5 37.4 40.1 41.3 40.9 40.1 38.7 36.9 35.1 32.9 30.5 28 25.2 22.8 21.3 20 19 18.2 17.5 16.8 16.4 16.5 15.3 14.6 14.3 13.9 13.6 13.5 13.4 13.6 13.5 13.4 12.8 12.9 12.9 13.5 13.3 14.4 16.4 16.1 17.2 18 18.8
26.3 25.6 25.3 25.5 25.4 25.4 25.1 25.7 27 25.8 27.9 29.2 31.4 33.3 35 37.8 40.1 41.6 42.5 41.6 41.2 39.7 38.2 34.1 31.1 29 26.7 24.3 22 20.1 19.2 18 16.6 16.6 17 17.3 17.3 17.3 18.9 20.7 22.7 24.8 27.2 27.9 29.5 31.1 33.1 35.5 38.2 39.4 39.4 38.5 36.8 35.3 33.6 31.8 29.8 27.1 24.6 22.6 21.1 19.7 18.6 18.3 17.8 17.2 16.6 15.6 15.2 15.7 14.6 14.2 14 14 13.9 13.8 13.7 14 13.2 13 13.1 14 14.6 14.6 14.6 16.1 17.1 17.2 18 19
27.4 27.5 27.4 27.7 28.2 28.1 27.9 28.8 28.8 27.3 30.3 32.5 35.8 37.9 40.4 43 45.1 46 45.7 42.9 40.6 38.5 35.4 31.4 28.9 26.6 24.3 22 19.8 18.5 18 17.6 16.6 16.2 16.7 17.1 17.5 18 20.2 22.7 25.3 27.4 30.3 31.6 31.7 33.4 35.2 35.6 36.5 37 36.4 35.6 34.1 31.4 29.4 27.4 25.6 23.2 21.3 20.2 19.2 18.3 17.6 17.5 17.5 17 16.4 15.3 14.5 15 15.2 14.4 14.4 14.4 14.4 14.3 14.4 14.2 14 13.8 14.3 14.5 14.5 14.9 14.7 16 17.3 17.3 17.8 18.6
33 28.3 28.7 28.8 28.5 28.8 29.1 29 29.4 30.3 30.3 34.6 39.4 43.1 45.7 47.4 48.6 47.6 44.4 40.2 37.4 34.6 30.9 27.5 24.8 22.7 21 19.4 18.4 17.7 17.3 16.9 16.2 16 16.4 16.9 17.4 18.7 21.4 24.6 27.8 29.8 31.9 34.4 33.7 34.6 35.1 35 34.2 34.6 33.6 32.7 30.7 27.9 25.9 23.9 22.2 21.3 19.9 18.5 17.7 17.1 16.5 16.4 16.6 16.7 16.2 15.1 14.9 14.9 15.3 14.6 14.6 14.7 14.7 14.5 14.3 14.1 13.9 13.8 14 14.1 14.5 15.1 15.2 16.6 17.4 18.1 18.6 19.2
28.5 28.5 28.2 28.2 28.7 28.9 28.3 28.2 28.7 29.5 27.7 36.4 41.8 45.8 48 48.4 46.9 43.7 39.2 35.4 31.9 27.7 24 22.5 20.7 18.3 17.3 16.8 15.9 15.7 15.8 16.2 16.4 16.9 16.9 16.9 17.8 19.9 23.2 26.3 29.6 31.5 32.9 34.9 34.1 34.2 34.1 33.8 33 31.4 29.7 28.6 26.9 24.5 22.8 21.1 19.9 19.1 17.9 17.1 16.6 16.1 15.6 15.6 15.7 15.7 15.8 15.8 15.9 15.8 15.6 15.2 14.8 14.8 14.6 14.4 14.2 14.2 14.1 14.4 14.2 13.8 15 15.3 15.7 16.3 17.1 17.6 17.8 18.9
29.7 29.8 29.5 29 28.7 28.7 29 28.7 29.5 29.9 28.9 35 42 45.2 44.7 42.7 40.6 35.9 32.3 27.4 22.9 20.4 17.6 16.2 15.1 14.9 14.4 14.2 14.3 14.8 15.3 15.8 15 17.6 17.6 17.6 18.7 21.6 24.8 28.1 30.8 32.2 33.4 34.2 33.9 33.1 32 31.7 31.2 29.4 27.4 25.1 23.2 22 20.1 19 18.9 17.9 16.7 16.6 16.3 15.8 15.7 16 16.3 16.5 16.1 16.3 16.1 15.8 15.6 15.7 15 14.9 14.9 14.9 14.9 14.8 15.1 15.6 15.6 15 14.5 14.5 15.4 16.1 16.6 16.8 17.1 17.6
32.5 30.6 30.6 30.1 30.1 30.5 30.7 29.7 27.2 30 29.4 29 36 38.9 36.8 34.1 30.2 24.6 21.7 19 15.9 14.5 14.3 13.9 13.5 13.4 13.4 13.4 13.9 14.4 14.7 15.2 16.5 17.7 18 18.8 20.1 22.9 26 29 30.7 32.1 32.8 33.4 32.9 31.9 31.2 30.4 29.2 27.3 25.3 23.1 21.3 19.9 18.6 17.5 17.3 17.9 16.3 16.4 16 16.1 16.7 16.4 17 17.3 16.6 16.6 16.4 16.1 15.9 15.8 16 15.7 15.6 15.6 15.6 15.8 16.3 16.7 17 16.5 15 13.7 14.5 14.9 15.3 15.6 16 16.2
36.1 31.3 31.1 31.2 31.2 31.7 31 28.6 27.9 28.4 27.5 26.3 28.2 28.4 27.9 24.9 19.6 19 16.5 14.7 13.3 13.6 13.6 13.2 12.2 12.6 12.6 13 13.6 13.9 14.6 14.9 16.3 17.6 19.4 20 20.5 23 26.9 29.1 30.7 31.6 32.4 31.3 31.5 30.5 29.4 28.4 26.9 25.1 23.1 21.8 21.3 20.5 18.4 17.4 17.2 17.5 17.4 16.8 16.5 17.3 17.1 16.8 17.2 17.3 17.1 16.9 16.8 16.5 16.7 16.9 17 17 16.5 16.3 16.4 17 17.5 17.9 18.2 18.1 15.5 14.7 14.4 13.5 13.9 14.6 14.8 15
37.6 32.9 30.6 29.3 31.3 30.3 28.6 26.2 25.5 24.9 23.9 22.7 22.1 22.1 21.3 19.4 17.9 16.3 14.4 13 12.4 12.5 12.9 12.5 11.7 11.7 12.1 12.7 13.2 13.4 14.1 13.1 16.4 17.8 19.2 20.5 22.1 24.5 27 29.2 30.5 31.3 30.4 29.6 29 28.5 27.5 26.3 24.6 22.9 21.9 21.5 20.8 19.5 18.2 18.3 17.9 18 17.7 17.4 17.3 17.4 17.1 18 18 17.9 17.5 17.3 17.2 17.6 17.9 18 18.1 18.2 17.8 17.4 17.7 18.2 18.8 19.1 19.2 19.1 17.4 17.2 16.5 14.2 14.9 12.6 13.6 14
36.5 32.7 29.6 30 29.4 27.2 25 23.2 22.2 21.8 20.9 19.4 19.3 19.4 18.6 16.7 15.7 15.3 14 12.4 11.7 11.7 12.2 12.4 11.6 10.8 11.5 12.2 12.8 13.2 14 14.2 15.5 16.9 18.2 19.5 21.1 23.9 26.6 28.6 29.9 30.4 30.2 29 27.7 26.5 25.6 24.2 22.8 22 21.8 21.3 20.3 18.8 18 18 18.4 18.3 17.9 17.6 18.1 17.5 17.9 19.7 19.2 19.3 18.9 18.3 18.4 18.7 18.9 18.8 18.8 19.1 19.2 18.8 19.1 19.6 20 19.9 19.9 19.8 19.4 19 18.2 16.9 16.3 15.2 13.8 12.9
33.8 30.1 28.5 27.9 25.9 23.6 21.9 21.4 20.4 19.4 18.3 17.5 17.3 16.6 16 14.5 14.4 14.5 13.4 12.5 11.7 11.4 11.6 11.6 10.8 9.9 10.6 11.3 12.1 12.8 12.5 15.9 14.8 15.7 17 18.7 20.3 22.3 25.5 27.8 28.5 29.1 29.2 28.4 27.2 25.7 23.7 22.5 21.9 21.6 21.8 20.7 19.6 18.2 18 17.9 18.5 18 17.9 17.7 18.6 18.7 18.4 19.7 20.5 20.7 20.2 19.7 19.7 19.3 19.6 19.3 19.5 19.8 20.4 21.7 22.2 22.4 21.8 21.3 20.9 20.6 20.2 19.7 18.6 17.3 16.6 16.4 14.4 12.7
30.2 28.1 26.5 24.7 22.3 21.5 21 20.6 19.7 18.5 17.4 16.2 15.8 15 14.3 14 14.1 13.2 12.3 11.8 11 10.2 10.2 10.3 9.7 9.4 10.1 10.7 11.4 12.1 11.9 13.9 14.3 15.1 16.3 17.8 19.4 21 23.6 26.6 27.1 27.6 28.1 27.5 26.4 24.9 24.2 22.7 21.4 21.7 21.9 20.9 19.2 18.5 18.2 18 18.6 17.8 17.7 18.1 18.5 19.1 19.6 19.8 22 22 22 20.4 20.4 20.3 20.2 21 21.2 22.4 25.4 25.4 25 24.3 23.6 22.1 21.3 21.3 20.9 20.2 18.8 17.7 16.7 16.3 14.5 12.7
28.2 25.3 23 21.9 21.5 20.9 20.1 19.2 18.2 17.2 16.3 15 14.3 14.3 14 13.8 13.3 12.4 12 11.7 10.6 10 9.9 9.7 9.4 9.8 10.3 10.9 11.4 11.6 11.8 12.6 13.9 14.4 15.7 17.1 18.7 20.3 22.4 25.4 26.1 26.5 26.6 26 26.2 26 24.7 24.4 21.4 21.6 21.8 20.9 19.2 18.9 18.3 17.9 18 17.5 18.4 17.9 17.9 18.4 19 19.8 22.7 23 22.6 21.1 21.1 20.9 20.9 21.5 22.2 24.6 27.2 26.2 25 23.8 22.8 21.7 21.4 21 20.8 20.2 18.8 17.6 15.7 15.3 13.2 12.3
22.8 21.5 21.9 19.7 18.9 18.1 18.1 17.7 16.6 15.3 14.3 13.3 13.5 13.5 13.5 13.4 12.7 12 11.7 11.6 10.8 10.4 9.9 9.5 9.8 10.2 10.6 11.1 11.3 11.4 11.4 11.8 12.3 13.8 15.1 16.5 18 20.6 22.6 24.2 24.8 25.3 25.8 25.4 26.5 26.2 24.8 23.5 21.5 21.5 21.6 20.8 19.1 18.6 18.1 17.8 17.4 16.9 18.4 18 17.8 17.9 18.2 20.4 23.8 23.9 23.1 21.4 21.6 21.8 22 22.6 23.2 24.6 27.9 25.5 23.3 22.4 21.7 21.6 21.2 20.9 20.4 19.6 18.4 16.5 14.6 13.2 12.3 13
19.6 18.7 18.9 17.6 17.3 16.4 16.2 15.5 14 13.3 12.6 12.2 11.8 11.8 11.8 11.9 12.1 11.6 11.3 11.3 11 10.2 9.4 9.1 9.4 9.9 10.5 11 11.2 11 11 11.1 11.2 12.2 14.5 16.6 18.1 20.3 22.7 25.4 26.8 27.2 27.6 26.4 26.4 24.7 22.8 22.2 21.4 22.1 21.7 20.4 18.8 17.7 17.6 17.3 16.9 16.4 17 17.2 17.2 17.2 17.6 20.6 23.4 24.9 24.3 22.5 22.9 23.3 23.5 24.4 25.2 26.1 25.8 23.7 22.1 21.7 21.6 21.4 20.3 19.1 18.3 17.6 16.6 15.2 13.7 12.8 12 12.6
17.9 16.2 16.5 16.7 16.5 15.3 14.5 13.4 12.8 11.8 11.8 12.2 11.8 11.5 10.7 9.8 10.8 11.2 11 11 10.7 9.9 9 9.1 9.1 8.9 9.8 10.8 10.8 10.2 10.8 11 11.1 11.9 13.8 16.6 18.5 21 23.9 26.9 29 29.3 28.5 27.9 25.1 22.7 22.2 21.5 21.1 21.1 20 19 18.3 17.3 16.6 16.1 15.7 15.4 15.5 15.7 16 16.6 17.3 19.4 21.8 26.1 26.2 25.5 26.1 26.1 26.2 26 27.4 26 24.3 22.1 21.8 21.5 21.2 19.5 18 16.9 16 15.2 14.1 13.8 13.6 13.1 12.4 12.7
