public/OST50/NH87.asc
ncols 200
nrows 200
xllcorner 280000
yllcorner 870000
cellsize 50
[rows 40 to 79 of 200, columns 90 to 179 of 200]
12 12.5 12.4 13.1 13.6 13.5 13.6 14.2 15.1 16.2 17.9 19.3 19.5 20.7 20.6 20.4 20.1 18.5 17.2 16.2 15.3 14.7 13.8 13.2 12.9 13.6 13.9 15.2 15.8 16.6 17.3 17.9 18.1 19.3 20.3 22.4 24.5 25.5 26.5 27.4 28.6 29.1 29.6 30.4 30.7 29.9 30.4 31.2 31 30.8 30.5 30 29.5 30.6 31.5 31.3 31.8 33.1 34.2 37.1 39.5 42 44.5 47.1 49 51.4 52.1 52.8 53.4 53.6 53.9 54.1 53.8 53.7 53.9 54.3 53.1 52.1 50.5 49 47.2 45.5 44.8 43.6 42.3 41.2 15.2 5.6 1.8 -1.3
12.1 12.3 13 13.1 14.1 14.7 14.9 14.9 16.5 18 19.7 20.7 20.9 20.1 19.5 19.3 18.3 17.2 16.1 14.9 14 13.1 12.4 12.5 12.5 12.6 13.5 14.3 15 15.8 16.7 17.4 18.3 19.5 20.9 22.7 23.5 25 26.3 27.2 28.5 28.4 28.7 29 28.3 28.1 28.4 29.1 28.2 28 28.7 29.1 28.9 29.2 30.1 30.5 31.9 33 35.1 38.1 40.5 43 45.6 47.7 49.2 50.4 51.4 52 51.4 51.8 52.4 52 52 52.1 51.6 51.7 51.2 50.3 48.6 47 45.2 43.5 41.9 41.6 40.4 16 5.7 2.1 0.4 -1.3
12.7 12.7 13.2 13.6 16.1 17.7 18.1 18.3 19.4 20 21.4 20.9 20.6 19.5 18.6 17.9 16.5 15.3 13.8 13.6 12.7 12 12 12 12 15.4 13.1 13.4 14.2 15 15.7 17.4 19 19.9 21 21.5 21.9 23.9 24.9 25.3 26.3 27.6 27.9 28.2 27.8 27.1 27.7 27.8 26.9 27.5 27.1 27.6 27.7 27.9 28.8 30.3 32.2 33.2 35.5 38.6 41.3 43.8 45.6 47.5 47.9 48.6 49.3 49.5 49.3 49.4 50.5 50.2 50.3 50.4 49.3 49 48.8 47.7 45.7 43.8 43.3 41.6 39.9 39 20.1 5.9 3.2 1.3 -1.3 -1.3
12.8 13.6 14.4 16.4 19.8 20.9 20.6 20.8 21.2 21.8 20.7 19.5 18.9 17.5 16.5 15.4 14 12.5 12.4 12.3 11.6 11.7 11.8 11.9 12.1 11.1 12.2 12.5 13.1 13.8 15.1 17.2 18.6 19.6 20.6 21.2 21.7 22.1 23.1 24 24.2 24.9 25.7 27.4 26.2 26.2 27 26.8 27.5 27.4 25.8 26.9 27.3 27.8 28.6 29.4 31.8 33.4 35.7 38.6 41.6 42.1 43.9 45.3 46 46.1 45.9 46 46.2 46.9 47.6 48.4 48 47.9 47.5 46.9 46.3 44.8 42.9 41.1 40.8 39.8 38.7 38.1 7.5 4.4 1 -1.3 -1.3 -1.3
14.7 16 16.8 20.1 21.9 21.5 21 20.6 20 19.6 18.9 18 16.8 15.1 14 12.8 12 11.5 11.4 11.3 11.4 11.5 11.6 11.6 11.2 11.5 12 12.2 12.3 12.8 13.8 16 17.8 18.8 19.8 20.6 21 21.6 22.2 23 23 23 23.7 23.6 24.1 24.4 25.2 26.6 26.7 26.3 24.6 25.1 26.2 27.4 28.1 28.6 31.3 34.2 36.2 37.7 40.8 41.8 42.5 42.8 43.8 43.6 43.3 43.1 43.1 43.7 43.5 44.6 44.1 43.6 44.3 43.7 43.2 42.3 41.1 39.7 38.9 37.8 36.5 10.8 4.6 1.4 -1.3 -1.3 -1.3 -1.3
17.1 18.3 19.6 21.8 21.7 21.4 21.1 20 18.2 17.1 16.6 15.9 14.4 12.6 11.8 11.6 11.3 11.3 11.3 11.3 11.3 11.3 11.4 11.3 11.4 11.3 11.8 12 12.2 12.6 13 14 15.7 17.5 18.5 19.6 20.3 21 21.6 21.8 21.8 21.9 21.8 21.4 22.4 22.4 23.4 25.5 25 23.3 23.4 23.9 24.2 25.5 26.5 27.5 29.9 32.4 34.7 36.6 38.5 39.4 40.6 41.2 41.4 41.1 40.7 41 41.3 40.6 39.7 39.9 39.7 40 40.5 40.2 39.9 39 38.5 37.3 37.1 36.4 15 3.9 1.3 -0.1 -1.3 -1.3 -1.3 -1.3
19.3 20.5 22 21.7 21.4 21.2 19.8 18.3 17.6 16 14.1 13 12 11.6 11.7 11.4 11.2 11.3 11.3 11.4 11.6 11.8 11.8 11.6 11.5 11.5 11.6 11.8 12.1 12.5 12.7 12.8 13 14.8 16.3 17.6 18.7 19.6 20.3 20.7 20.7 20.9 21.6 23.3 22.5 23.1 22.3 23.2 23.8 24.5 24 24.6 23.8 23.9 24.8 25.9 27 28.2 30.9 34 34.9 36.5 37.9 38.9 39 38.5 38.5 39.1 39 38.3 37.7 37.9 37.1 37.1 37.5 37.6 37.3 37.5 36 35.1 35.3 9.7 4.8 1.5 0 -1.3 -1.3 -1.3 -1.3 -1.3
21.3 21.3 22.3 21.1 20 19.3 18.5 17.3 15.9 14.2 12.5 11.3 11.2 11.3 11.6 11.2 11.1 11.2 11.2 11.6 11.9 11.3 11.1 11.2 11.5 11.3 12 11.7 12 12.2 12.3 12.5 12.7 12.9 14.1 15.1 15.8 16.9 18.1 19 19.7 19.5 20.2 21.8 23.2 23.5 22.1 22.8 23.5 24 24.5 24.6 24.8 24.8 23.1 25 26.3 26.4 26.7 27.6 29 31 33.3 35.3 34.7 34 35.7 36.8 36.7 36.5 36.6 37 36.2 35.3 35.9 36 35.6 35.4 34.3 30 7.1 5.2 1.3 -1.3 -1.3 -1.3 -1.3 -1.3 -1.3 -1.3
21.5 21.5 20.7 19.5 18.5 17.7 17 15.8 14.1 12.2 11.3 10.8 10.8 10.8 10.9 11.1 11 11 11.1 11.2 11.4 11.6 11.1 11.1 11.1 11.1 11.7 11.5 11.7 11.9 12 12.2 12.4 12.6 12.8 13 13.3 13.5 14.9 16 17.9 17.8 17.9 18.2 21.6 24.3 23.9 23.3 23.2 23.4 23.4 24.1 24.4 25 22.7 23.5 24.7 23 24.1 24.8 26.6 27.3 27.1 28.7 30.4 30.4 31.6 32.5 33 35 35.8 36.1 35.4 35.8 35.7 34.6 34.1 34 27.5 7.8 4.7 2.4 0.1 -1.3 -1.3 -1.3 -1.3 -1.3 -1.3 -1.3
20 20 19 17.9 17 15.8 14.3 12.9 11.7 11.3 10.8 10.6 10.6 10.7 11.1 11 10.9 10.9 10.9 11.1 10.7 11.4 11.1 11.1 11.1 11.1 11.6 11.9 12 11.6 11.8 12 12.1 12.4 12.8 12.9 13.1 13.3 13.9 14.1 14.5 15.8 15.7 15.8 16.9 21.8 23.6 23.9 23.4 23.4 23.8 24 22.9 23.6 24.4 24.3 25.2 25.8 24.6 23.8 25.7 26.4 26.1 26 26.6 27.3 28.1 29.1 29.6 31.2 33.8 35.2 35.5 35.8 35 33.9 22.9 13.6 6.5 5.2 1.5 -1.3 -1.3 -1.3 -1.3 -1.3 -1.3 -1.3 -1.3 -1.3
18 18.2 17.5 16.2 14.8 13.4 12.5 11.7 10.9 10.7 10.6 10.6 10.5 10.5 10.6 10.8 10.8 10.8 10.8 10.9 11.1 10.8 11 11 11 11 11.1 11.1 11.4 12.2 11.5 11.7 12.1 12.4 12.7 12.8 13 13.2 13.9 14.2 14 13.8 13.7 14.3 15.2 18.1 21.8 23.4 24.3 24.5 24.2 24.2 23 23.4 24.8 25.8 25.4 25.6 25.8 22.6 24.4 26.2 26.2 26.7 26.8 26.6 27.1 27.5 27.8 28.3 30.4 32.8 33.5 33.3 20.9 10.9 5.7 3.7 3.2 1.5 -1.3 -1.3 -1.3 -1.3 -1.3 -1.3 -1.3 -1.3 -1.3 -1.3
17.1 16.2 15.1 14 12.6 12 11.5 10.8 10.5 10.5 10.7 10.6 10.5 10.6 10.7 10.6 10.7 10.8 10.8 10.8 10.8 11.3 11 11 11 11.1 11.2 11.2 11.5 12.3 12.4 12.2 12 12.4 12.6 12.8 12.9 13.1 13 13.3 13.3 13.1 12.9 13.7 14.6 16.1 19.5 22.8 23.1 23.8 24.4 23.9 24 23.5 24.7 25 25 25.1 25.3 24.2 24.3 26.2 26.7 27 27.5 27 27 27.4 27.5 22 21.2 14 7.4 6.5 4.5 3.1 1.9 0.9 0.1 -0.4 -1.3 -1.3 -1.3 -1.3 -1.3 -1.3 -1.3 -1.3 -1.3 -1.3
14.2 13 12.3 11.7 11.4 11 10.6 10.1 10.2 10.3 10.1 10.7 10.6 10.6 10.5 10.4 10.6 10.7 10.7 10.7 10.8 11.1 11.6 11.2 11.1 11.1 11.2 11.4 11.6 11.9 12.9 12.7 12.7 12.3 12.5 12.7 12.6 12.1 12 12.3 12.6 12.5 12.3 13.1 13.9 14.6 17.5 21.1 22.6 23 23.4 23.3 23.4 23.5 24.5 24.8 24.6 24.6 24.9 25.9 26 26.3 26.6 27.1 27.3 27.2 27.2 28.1 14.2 7.7 5.9 5.1 2.2 2 1.3 0.7 -1.3 -1.3 -1.3 -1.3 -1.3 -1.3 -1.3 -1.3 -1.3 -1.3 -1.3 -1.3 -1.3 -1.3
11.5 10.9 10.5 10.2 10.1 9.9 9.7 9.8 10 10.1 9.9 10 10.5 10.3 10.2 10.3 10.4 10.5 10.7 10.7 10.7 11.7 11.4 11.3 11.2 11.2 11.3 11.4 11.8 11.9 12.8 13 13.1 12.7 12 12 11.5 10.9 11.1 11.4 11.6 11.8 11.7 12.6 13.3 13.9 15.5 18.6 22.3 23.4 23.7 23.9 23.5 23.6 24.4 24.7 24.6 24.3 24.3 24.8 25.4 25.9 26.5 26.6 26.7 27 27.6 8.6 7 5.6 3.2 1.4 -1.3 -1.3 -1.3 -1.3 -1.3 -1.3 -1.3 -1.3 -1.3 -1.3 -1.3 -1.3 -1.3 -1.3 -1.3 -1.3 -1.3 -1.3
10 10 9.9 9.8 9.6 9.5 9.7 9.8 9.9 10 9.9 9.8 10.2 10.1 10 10.1 10.3 10.4 10.6 11.2 10.7 11.3 11.1 11 10.9 11.5 11.7 12.1 12.2 12.4 12.5 12.7 12.7 11.7 11.3 11.8 10.7 10.6 10.8 10.8 10.8 10.9 11.2 11.8 12.3 13 13.8 16 19.6 22.8 23.5 23.3 23.8 23.8 24 24.7 24.2 23.8 23.9 24.3 24.6 25.2 25.3 25.1 25.1 25.7 15.7 6.5 6.1 2.1 -1.3 -1.3 -1.3 -1.3 -1.3 -1.3 -1.3 -1.3 -1.3 -1.3 -1.3 -1.3 -1.3 -1.3 -1.3 -1.3 -1.3 -1.3 -1.3 -1.3
9.4 9.4 9.4 9.3 9.2 9.4 9.6 9.7 9.8 9.9 9.8 9.8 9.8 10.4 9.9 9.9 10 10.1 10.3 10.5 11.1 10.9 10.8 10.6 11.1 11.6 12.1 12.1 12.2 12.3 12.1 11.7 11.4 11.1 10.8 10.7 10.6 10.4 10.5 10.6 10.6 10.6 11 11.4 12.1 12.7 13.3 14.5 17.5 19.9 22.4 23.3 23.7 23.7 23.5 23.6 23.6 23.4 23.6 24.1 24.1 24.5 23.8 20.8 10.3 8.5 6.9 2.7 1.4 -1.3 -1.3 -1.3 -1.3 -1.3 -1.3 -1.3 -1.3 -1.3 -1.3 -1.3 -1.3 -1.3 -1.3 -1.3 -1.3 -1.3 -1.3 -1.3 -1.3 -1.3
9 9 8.9 8.9 9.1 9.3 9.5 9.6 9.7 9.8 9.7 9.7 9.6 10 9.9 9.9 10 10.1 10.3 10.4 10.3 10.5 10.4 10.6 11.3 11.9 12 12.1 12.1 12 11.8 11.6 11.2 10.9 10.5 10.4 10.3 10.6 11 10.3 10.3 10.7 11.1 11.4 11.9 12.5 13.1 13.8 15.2 17.7 20.2 22.4 23.1 22.9 23 23.4 23.6 23.7 23.3 23.7 23.6 23.9 24.4 9.4 7.8 6.6 4 0.7 -1.3 -1.3 -1.3 -1.3 -1.3 -1.3 -1.3 -1.3 -1.3 -1.3 -1.3 -1.3 -1.3 -1.3 -1.3 -1.3 -1.3 -1.3 -1.3 -1.3 -1.3 -1.3
8.9 8.8 8.8 8.9 9 9.2 9.4 9.5 9.6 9.6 9.6 9.6 9.6 9.7 10.2 10 10 10.1 10.3 10.5 10.8 10.8 10.7 11.1 11.6 11.9 12 12 12 11.8 11.6 11.5 11 10.7 10.3 10.3 10.3 10.8 10.5 10.3 10.5 10.9 11.1 10.9 11.6 12.3 11.9 12.8 13.8 15.7 17.9 20.1 22.3 22.7 22.5 22.9 23.9 23.1 23.2 23.7 23.4 23.9 22.9 8.3 8.4 7.1 1.8 -1.3 -1.3 -1.3 -1.3 -1.3 -1.3 -1.3 -1.3 -1.3 -1.3 -1.3 -1.3 -1.3 -1.3 -1.3 -1.3 -1.3 -1.3 -1.3 -1.3 -1.3 -1.3 -1.3
8.8 8.6 8.6 8.9 9 9.2 9.3 9.5 9.5 9.5 9.5 9.5 9.5 9.7 9.9 10 10 10.2 10.4 10.6 11 11 11.2 11.2 11.2 11.7 11.7 11.6 11.7 11.8 11.5 11.3 10.9 10.5 10.7 10.4 10.3 10.5 10.6 11.1 10.9 10.7 10.5 10.6 11.4 11.4 11.6 12.1 13.1 14.4 16.7 19 20.5 21.7 22.3 22.4 23.8 23.1 22.7 23.4 23.4 23.4 20.3 8.5 8.4 6.2 1.3 -1.3 -1.3 -1.3 -1.3 -1.3 -1.3 -1.3 -1.3 -1.3 -1.3 -1.3 -1.3 -1.3 -1.3 -1.3 -1.3 -1.3 -1.3 -1.3 -1.3 -1.3 -1.3 -1.3
8.7 8.5 8.6 8.8 9 9.1 9.3 9.4 9.4 9.4 9.4 9.4 9.5 9.6 9.8 10 10.1 10.3 10.6 10.9 11.1 11.7 11.3 11.2 11 11.3 11.1 11 11.1 11.6 11.7 11.7 10.8 10.8 11 10.5 10.4 10.3 10.9 10.3 10.2 10.3 10.2 10.2 10.7 10.9 11.1 11.4 12.3 13.3 15.5 17.8 20.6 22.3 22.3 22.4 23 22.9 22.6 22.8 23.2 19.7 10.1 8.8 6.2 1.6 -1.3 -1.3 -1.3 -1.3 -1.3 -1.3 -1.3 -1.3 -1.3 -1.3 -1.3 -1.3 -1.3 -1.3 -1.3 -1.3 -1.3 -1.3 -1.3 -1.3 -1.3 -1.3 -1.3 -1.3
8.6 8.3 8.6 8.8 8.9 9 9.2 9.3 9.3 9.3 9.3 9.4 9.4 9.6 9.8 10 10.2 10.5 10.9 11.3 11.6 11.6 11.9 11.2 11.1 10.9 10.5 10.4 10.5 11.4 11.3 10.9 10.7 10.9 10.8 10.8 10.9 11.1 10.6 10.5 10.4 10.3 10 11.1 10.1 10.6 11 10.5 11.4 12.4 14.3 18.2 21.6 22.5 22.5 22.3 23 22.6 22.6 22.6 20.1 9.9 7.3 6.6 2.1 -1.3 -1.3 -1.3 -1.3 -1.3 -1.3 -1.3 -1.3 -1.3 -1.3 -1.3 -1.3 -1.3 -1.3 -1.3 -1.3 -1.3 -1.3 -1.3 -1.3 -1.3 -1.3 -1.3 -1.3 -1.3
8.4 8.5 9 8.8 8.7 8.9 9.1 9.2 9.3 9.4 9.4 9.5 9.5 9.6 9.8 10.2 10.6 10.9 11.2 11.3 11 10.7 11 10.9 10.7 10.6 10.6 10.4 11 10.9 11.3 10.9 10.7 10.7 10.6 10.8 11.4 10.8 11 10.7 10.6 10.5 10.1 9.7 10.3 10.6 10.7 9.5 10.5 11.7 13.9 17.6 21.5 21.7 22.5 16.3 8 8.2 10.6 14.1 9.9 8.2 6.9 3.9 0.4 -1.3 -1.3 -1.3 -1.3 -1.3 -1.3 -1.3 -1.3 -1.3 -1.3 -1.3 -1.3 -1.3 -1.3 -1.3 -1.3 -1.3 -1.3 -1.3 -1.3 -1.3 -1.3 -1.3 -1.3 -1.3
8.1 8.3 8.5 8.6 8.6 8.8 9.1 9.2 9.3 9.5 9.5 9.6 9.6 9.8 10.2 10.6 11 11.3 11.7 11.1 11.1 11.8 11 11.3 10.4 10.7 10.9 10.7 10.9 11.1 11.3 10.9 11.4 10.9 10.5 10.8 11.3 11 11 10.9 10.8 10.6 10.2 9.9 9.8 9.8 10.5 8.5 10.7 11.1 13 16 19.9 21.4 12.1 8.1 7.4 7.2 7.6 8.1 7.7 4.4 1.7 0.5 -1.3 -1.3 -1.3 -1.3 -1.3 -1.3 -1.3 -1.3 -1.3 -1.3 -1.3 -1.3 -1.3 -1.3 -1.3 -1.3 -1.3 -1.3 -1.3 -1.3 -1.3 -1.3 -1.3 -1.3 -1.3 -1.3
8.2 8.3 8.4 8.5 8.7 8.9 9.1 9.3 9.4 9.6 9.6 9.7 9.7 10.1 10.3 10.7 11 10.9 10.9 11.4 11.9 11.3 11.4 12.3 11.4 11.5 11.7 11.6 11.6 11.9 12.3 11.5 10.8 10.8 10.6 10.8 11.1 11 11 11 11 10.7 10.4 10.1 10 10 7.9 7.6 10.5 10.7 11.8 14 16.8 12.6 7.6 7.6 6.9 7.5 6.9 6.2 1.8 0.7 -1.3 -1.3 -1.3 -1.3 -1.3 -1.3 -1.3 -1.3 -1.3 -1.3 -1.3 -1.3 -1.3 -1.3 -1.3 -1.3 -1.3 -1.3 -1.3 -1.3 -1.3 -1.3 -1.3 -1.3 -1.3 -1.3 -1.3 -1.3
8.4 8.5 8.6 8.6 8.8 9 9.2 9.4 9.5 9.6 9.7 9.8 10.3 10.9 10.7 10.9 11.1 10.9 11.7 12.2 12.4 12.2 13.9 14.2 13.9 13.1 12.6 12.5 12.4 12.8 13.2 11.8 11.2 10.7 10.8 11.4 11 10.9 10.9 10.9 10.8 10.7 10.5 10.3 10.1 9.2 10.5 11.2 9.4 10.3 11.6 12.9 14.3 8.5 7.3 7.3 7.5 6.1 4.7 1.4 0.3 -1.3 -1.3 -1.3 -1.3 -1.3 -1.3 -1.3 -1.3 -1.3 -1.3 -1.3 -1.3 -1.3 -1.3 -1.3 -1.3 -1.3 -1.3 -1.3 -1.3 -1.3 -1.3 -1.3 -1.3 -1.3 -1.3 -1.3 -1.3 -1.3
8.5 8.7 8.5 8.7 8.9 9.1 9.3 9.4 9.6 9.7 9.8 10.1 10.5 11.1 11.3 11.6 11.3 11.5 12.1 13.1 14.2 15.7 16.2 16 15.2 15.3 15.3 15 15 14.6 14.2 13.1 12.5 11.8 13 12.6 12.5 12 11.4 10.7 10.6 10.5 10.4 10.2 10.3 10.2 10.1 10.6 10.9 11.2 11.6 12.7 10.9 7.6 7.8 6.6 6.1 2.4 0.8 -0.1 -1.3 -1.3 -1.3 -1.3 -1.3 -1.3 -1.3 -1.3 -1.3 -1.3 -1.3 -1.3 -1.3 -1.3 -1.3 -1.3 -1.3 -1.3 -1.3 -1.3 -1.3 -1.3 -1.3 -1.3 -1.3 -1.3 -1.3 -1.3 -1.3 -1.3
8.7 8.8 8.6 8.8 9 9.2 9.4 9.5 9.6 9.8 10.1 10.5 10.9 11.3 11.7 12.2 12.7 14.1 17.1 17.8 17.6 17.5 17.5 17.2 16.6 17.1 16.7 15.8 15.7 14.5 13.4 12.3 12.1 11.9 11.8 11.7 11.7 11.6 10.7 10.5 10.4 10.4 10.2 10.1 10.3 10.2 10.8 11.6 12 12.3 12.9 14.1 10.3 7.3 7.1 7.6 5.6 0.9 -1.3 -1.3 -1.3 -1.3 -1.3 -1.3 -1.3 -1.3 -1.3 -1.3 -1.3 -1.3 -1.3 -1.3 -1.3 -1.3 -1.3 -1.3 -1.3 -1.3 -1.3 -1.3 -1.3 -1.3 -1.3 -1.3 -1.3 -1.3 -1.3 -1.3 -1.3 -1.3
8.8 8.7 8.7 8.9 9.1 9.3 9.5 9.7 10.2 10.3 10.5 10.8 11.3 11.7 12.9 16.8 17.8 20.1 19.2 18.4 18.6 18.7 16.9 15.4 17.9 16.8 15.8 14.3 13.8 12.8 12 11.3 11.1 11 11.3 11.1 10.9 10.6 10.5 10.2 10.2 10.2 10.1 10.2 10.3 10.8 11.7 12.5 13.1 16.3 17 18.3 15.3 7 7.4 6.5 3.3 -1.3 -1.3 -1.3 -1.3 -1.3 -1.3 -1.3 -1.3 -1.3 -1.3 -1.3 -1.3 -1.3 -1.3 -1.3 -1.3 -1.3 -1.3 -1.3 -1.3 -1.3 -1.3 -1.3 -1.3 -1.3 -1.3 -1.3 -1.3 -1.3 -1.3 -1.3 -1.3 -1.3
8.4 8.5 8.8 9 9.2 9.4 9.5 10.6 10.8 10.7 10.9 11.2 11.5 14.8 20 21.7 21.2 21 20 17 16.5 15.8 15.1 14.3 15 14.4 13.2 12.6 12.4 11.4 10.6 10.2 10.3 10.6 10.8 10.7 10.5 10.4 10.2 10.6 10.7 10.4 10.4 10.6 10.8 11.8 12.7 13.5 17.1 20 20.4 20.5 21.2 7.9 7.2 6.4 3.6 -1.3 -1.3 -1.3 -1.3 -1.3 -1.3 -1.3 -1.3 -1.3 -1.3 -1.3 -1.3 -1.3 -1.3 -1.3 -1.3 -1.3 -1.3 -1.3 -1.3 -1.3 -1.3 -1.3 -1.3 -1.3 -1.3 -1.3 -1.3 -1.3 -1.3 -1.3 -1.3 -1.3
8.6 9.4 8.9 9.1 9.3 9.7 10 10.3 10.7 10.9 11.3 11.7 14.4 20.4 20.3 19.3 17.8 16.4 15.4 14.9 14 12.5 11.9 12.4 12.6 12.3 11.7 11.6 11.2 10.2 9.4 9.6 9.8 10.1 10.3 10.3 10.2 10.1 10.3 10.9 11.4 11.2 11.3 11.5 11.4 12.7 13.7 16 19.7 20.4 20.8 21.2 20.3 9.9 7 5.8 1.8 -1.3 -1.3 -1.3 -1.3 -1.3 -1.3 -1.3 -1.3 -1.3 -1.3 -1.3 -1.3 -1.3 -1.3 -1.3 -1.3 -1.3 -1.3 -1.3 -1.3 -1.3 -1.3 -1.3 -1.3 -1.3 -1.3 -1.3 -1.3 -1.3 -1.3 -1.3 -1.3 -1.3
10 10 9.4 9.4 9.8 10.1 9.8 10.1 10.3 11.3 13.3 17 19.5 19.3 17.6 16 14.8 14.4 13.9 13.6 13.1 11.6 11 11.5 11.6 10.7 10.2 10.5 10.4 10 10.8 10.3 10.3 10.3 10.3 10.2 10.2 10.5 10.9 11.3 11.9 12.1 12.2 12.9 14 15.2 15.8 18.7 19.9 20.6 21.2 21.4 20.5 8.7 6.8 3.7 0.8 -1.3 -1.3 -1.3 -1.3 -1.3 -1.3 -1.3 -1.3 -1.3 -1.3 -1.3 -1.3 -1.3 -1.3 -1.3 -1.3 -1.3 -1.3 -1.3 -1.3 -1.3 -1.3 -1.3 -1.3 -1.3 -1.3 -1.3 -1.3 -1.3 -1.3 -1.3 -1.3 -1.3
10.1 10.8 10.3 9.9 10.2 10.3 9.6 9.9 10.2 13.2 16.2 16.6 18.5 16.6 15 14 13.4 12.8 12.3 12 11.6 11.2 10.6 10.1 9.8 9.6 9.7 10.7 9.6 10.9 11.7 13.4 11.4 11.5 11.4 11 11.2 11.5 11.9 12.2 12.7 13.6 14.3 15.2 16.4 17.1 18.1 19.4 20 20.7 21.4 21 19.6 8.1 5.7 1.8 0.3 -1.3 -1.3 -1.3 -1.3 -1.3 -1.3 -1.3 -1.3 -1.3 -1.3 -1.3 -1.3 -1.3 -1.3 -1.3 -1.3 -1.3 -1.3 -1.3 -1.3 -1.3 -1.3 -1.3 -1.3 -1.3 -1.3 -1.3 -1.3 -1.3 -1.3 -1.3 -1.3 -1.3
9.3 10.2 10.1 10.1 10 9.9 9.4 10 10.5 14.7 17.5 17.1 16.3 14.7 13.4 12.5 11.8 11.2 10.7 10.4 10.1 10.3 9.7 9.4 9.1 9.1 9.7 9.4 10.2 11.2 12.6 15 14.9 12.6 12.1 12.1 12.3 12.7 13.8 14.7 15.2 15.7 16.5 17.4 18.4 19.3 20.1 20.7 20.8 21.5 21 19.8 9.8 6.3 3.3 0.8 -0.4 -1.3 -1.3 -1.3 -1.3 -1.3 -1.3 -1.3 -1.3 -1.3 -1.3 -1.3 -1.3 -1.3 -1.3 -1.3 -1.3 -1.3 -1.3 -1.3 -1.3 -1.3 -1.3 -1.3 -1.3 -1.3 -1.3 -1.3 -1.3 -1.3 -1.3 -1.3 -1.3 -1.3
9.4 9.6 9.8 9.7 9.5 9.3 9.5 9.9 10.6 17.5 17.2 15.9 14.6 12.6 11.5 10.6 10.1 9.6 9.1 9.1 9.3 9.4 9 8.7 8.6 8.8 9.4 9.3 11.2 12.2 15.6 18.5 19.5 17 14 13.5 13.8 14.9 16 17.1 17.7 17.6 18.3 19.6 20.3 21.6 21.5 21.4 21.4 21.5 20.1 18 6.8 3.8 1 -0.6 -1.3 -1.3 -1.3 -1.3 -1.3 -1.3 -1.3 -1.3 -1.3 -1.3 -1.3 -1.3 -1.3 -1.3 -1.3 -1.3 -1.3 -1.3 -1.3 -1.3 -1.3 -1.3 -1.3 -1.3 -1.3 -1.3 -1.3 -1.3 -1.3 -1.3 -1.3 -1.3 -1.3 -1.3
9.4 11 9.6 9.4 9.4 9.4 9.5 9.5 10.4 14 14.6 13.3 12.1 10.5 9.7 9.9 9.4 8.4 8.3 8.4 8.5 8.6 8.9 8.5 8.7 8.9 9.2 9.9 11.6 14.2 18.4 21.3 20.4 19.5 16.1 15.8 16.2 17 18.3 19.5 20.4 21.2 21.4 21.9 21.4 21.5 21.6 21.5 21.7 20.6 19 9.1 4.1 1.8 0 -1.3 -1.3 -1.3 -1.3 -1.3 -1.3 -1.3 -1.3 -1.3 -1.3 -1.3 -1.3 -1.3 -1.3 -1.3 -1.3 -1.3 -1.3 -1.3 -1.3 -1.3 -1.3 -1.3 -1.3 -1.3 -1.3 -1.3 -1.3 -1.3 -1.3 -1.3 -1.3 -1.3 -1.3 -1.3
9.3 9.2 9.3 9.3 9.3 9.3 9.3 9.3 9.4 10.9 11 10.1 9.7 9.5 9.2 8.9 8.3 8.7 8.6 8.7 8.7 8.5 8.5 8.7 8.9 9.1 9.5 10.5 12.4 16.9 19 21.7 20.8 19.6 18.4 18.1 18.6 19.2 20.4 22.1 21.8 21 20.8 20.8 21 21.6 21.5 21.5 20.4 19.3 14.8 5.4 5.1 1.4 0 -1.3 -1.3 -1.3 -1.3 -1.3 -1.3 -1.3 -1.3 -1.3 -1.3 -1.3 -1.3 -1.3 -1.3 -1.3 -1.3 -1.3 -1.3 -1.3 -1.3 -1.3 -1.3 -1.3 -1.3 -1.3 -1.3 -1.3 -1.3 -1.3 -1.3 -1.3 -1.3 -1.3 -1.3 -1.3
9.1 9 8.9 9 9 9 9 8.9 9 9.1 9.3 8.8 8.9 8.7 8.7 8.7 8.3 8.5 8.7 9.6 9.5 9.6 9.5 9.7 9.8 9.8 10.1 11.1 15.2 19.4 20 21.4 22 21.1 20.5 21 20.5 21.2 20.9 20.7 21.4 20.7 20.6 21.3 21.5 22.1 23 21 19.2 15.5 6.8 5.6 1.9 0.6 -1.3 -1.3 -1.3 -1.3 -1.3 -1.3 -1.3 -1.3 -1.3 -1.3 -1.3 -1.3 -1.3 -1.3 -1.3 -1.3 -1.3 -1.3 -1.3 -1.3 -1.3 -1.3 -1.3 -1.3 -1.3 -1.3 -1.3 -1.3 -1.3 -1.3 -1.3 -1.3 -1.3 -1.3 -1.3 -1.3
8.9 8.8 8.7 8.7 8.7 8.7 8.6 8.6 8.5 8.6 8.8 9 8.4 8.2 8.5 8.4 9.2 9 8.9 11.3 10.3 10.8 10.4 10.5 10.5 10.7 10.9 12.7 17.6 19.4 19.8 19.2 20 20.8 20.9 20.8 20.3 20.1 20 20.1 21 19.8 20.1 21.7 20.4 22.2 21.3 20.3 18.1 7.6 6 2.8 0.9 -1.3 -1.3 -1.3 -1.3 -1.3 -1.3 -1.3 -1.3 -1.3 -1.3 -1.3 -1.3 -1.3 -1.3 -1.3 -1.3 -1.3 -1.3 -1.3 -1.3 -1.3 -1.3 -1.3 -1.3 -1.3 -1.3 -1.3 -1.3 -1.3 -1.3 -1.3 -1.3 -1.3 -1.3 -1.3 -1.3 -1.3
8.6 8.6 8.5 8.4 8.4 8.3 8.3 8.2 8.1 8.2 8.7 9 8.5 9 9.5 8.4 8.5 8.7 9.8 11.9 12.1 12 10.3 10.1 11.3 12.5 14 15.2 18.4 19.4 20 19.6 20 20.3 20.1 19.8 19.6 20.4 20.5 20.9 20 18.2 18.7 19.3 20 20.4 19.4 17.9 8.2 6.2 4.4 1.5 0.2 -1.3 -1.3 -1.3 -1.3 -1.3 -1.3 -1.3 -1.3 -1.3 -1.3 -1.3 -1.3 -1.3 -1.3 -1.3 -1.3 -1.3 -1.3 -1.3 -1.3 -1.3 -1.3 -1.3 -1.3 -1.3 -1.3 -1.3 -1.3 -1.3 -1.3 -1.3 -1.3 -1.3 -1.3 -1.3 -1.3 -1.3
8.4 8.3 8.2 8.1 8 8 7.9 8 7.9 8 8.1 8.3 9.3 8.6 8.9 8.3 8.5 8.8 10.5 12.9 13.9 15.7 14.6 15.4 10.8 15.8 16.8 15.7 16.3 18.4 17.5 18.8 18.8 19.8 19.5 20.6 21.4 22.2 22.5 21.1 20.8 19.3 19.8 19.1 19.7 18.5 16 7.2 5.8 4.2 1.6 -0.1 -1.3 -1.3 -1.3 -1.3 -1.3 -1.3 -1.3 -1.3 -1.3 -1.3 -1.3 -1.3 -1.3 -1.3 -1.3 -1.3 -1.3 -1.3 -1.3 -1.3 -1.3 -1.3 -1.3 -1.3 -1.3 -1.3 -1.3 -1.3 -1.3 -1.3 -1.3 -1.3 -1.3 -1.3 -1.3 -1.3 -1.3 -1.3
