public/OST50/NH90.asc
ncols 200
nrows 200
xllcorner 290000
yllcorner 800000
cellsize 50
[rows 70 to 104 of 200, columns 0 to 77 of 200]
436.4 445.6 453 453.6 457.6 454.3 432.8 419.4 411.6 403.2 397.3 394.7 399.2 406.2 413.9 424.2 434.7 448.5 462.6 476.4 490.2 502.7 515.4 526.2 535.4 542.8 544.8 536.1 518.1 495.4 478.1 459.9 439.4 426.7 414.2 402.4 392.6 383.2 374.6 368.9 365.3 363.1 362 358.6 357.5 357 356.9 357.1 358.8 359.3 359.9 363.1 362.4 361.7 360.6 360.5 360.3 346.2 344.1 344.7 342.8 341.2 344.6 349.9 361.5 367.9 372.7 376.9 379.4 381.9 383.1 385.3 388 390.4 392.2 393.1 392.2 388.1
440.8 447.4 454.8 455.3 450.6 445.3 431.4 418.3 411.1 404.3 400.3 400.5 407.6 415.2 423.7 435 445.5 460.2 473.7 487.2 501.9 514.3 526.1 536.5 543.9 547.2 545.6 529.7 511.5 497.3 480.5 463.4 445.1 430 417.7 407.3 397.7 388.6 381.8 375.3 370.9 368.8 366.1 363.9 362.6 362.8 363 363.4 363.7 364.8 365.1 365.8 368.3 366.3 364.3 360.3 363.5 359.4 346.5 345.4 344.5 345 345.6 348 362 370.2 376.8 381.6 384.7 387.5 388.9 390.9 392.5 394.6 396.8 397.1 395.6 393.8
444.8 451.4 456.1 455.8 450.2 442.8 431.8 420.2 412.9 407.2 403.7 409 416.5 424.5 433 443.1 456.4 471 484.3 499.4 513.7 526.4 536.4 544 549 550.5 544.6 526.8 502.1 490.5 475 465.7 449.1 434.5 421.3 411.6 402.6 395.2 388.7 382.6 377.2 373.1 370.9 369.7 368.7 367.4 367.4 367.6 368.1 368.4 368.1 370.1 370.4 368.2 365.4 362.8 366 366.4 353.3 346.8 346.1 348.3 347.5 350.2 364 373.8 381 385.9 390.8 394.4 394.8 395 396.7 398.3 400.4 402.5 402.8 401.3
450 456 458.3 456.7 450.2 445.6 435 423.7 418 413.1 412.7 418.5 425.3 433.7 442.1 453.6 467.1 480.9 495.3 511.6 525.8 538.6 547.8 553.8 557.1 555 543 524.1 503.2 491.1 481.3 469.4 452.7 441.8 428.3 418.1 408.6 400.2 392.5 385.6 380.7 376.1 374.9 373 372.4 372.3 373.2 371 371.3 371.3 372 374.2 374.2 372 367.8 365.9 367.4 368.3 366.9 350.2 348.4 349.8 349.6 355.3 368 377 386.4 394.2 395.6 397.2 398.4 399.7 400.9 402.5 403.8 405.5 405.1 403.7
452.8 458 455.4 453.4 448.8 444.4 434 424.7 420.1 419.9 423.2 428 435.2 442.9 451.3 464.6 478.5 492 507.1 523.4 537.8 551.5 559.3 562.7 564.8 564.8 552.7 533.2 514.3 503.1 493.7 482.3 467 449.3 437.2 427.3 418.3 409.1 398.1 391 386.2 382.8 379.3 380.2 378.1 378.5 378.9 378.1 376.9 375.5 376 377.8 377.8 375.4 371.1 369.6 371 372 371.9 353.9 350 351.1 351.9 363 375.4 382.9 391.9 397.6 399 400.8 403.3 405.4 407.8 407.2 407.7 407.3 406.6 407.8
456.4 457.2 458 453.7 446.4 439.6 430.3 424.3 424.3 427.6 433 437.9 445.7 453.2 464.2 475.6 489.8 503.5 518.3 534.1 548.6 563.2 570.8 576.8 576.9 573.5 567.1 546.5 525.3 518.8 509.5 498.6 484.4 466.9 453.1 437.5 427 417.7 407.1 398.8 392.3 390.7 388.2 386.7 386.8 386.4 386.1 384 382 381.7 382.2 382.5 381.6 378.1 375.3 374.2 377 376.1 374.5 355.9 351.8 354.1 357.2 371.7 383.1 389.4 398.1 400.4 402.4 408.3 408.1 408.6 410.1 409.8 411 411 412.9 414.8
463.7 463.2 463.1 459.6 453 441.7 435.8 431.2 432.2 436 440.9 449.3 455.7 465.1 476.5 488.6 502 515.2 530.3 544.2 558.6 572.9 586.4 595.5 597.4 594 586.4 574 552.7 541.5 533.1 520.9 508.4 490.9 470.6 451.1 436.4 427.2 417.8 408 402.2 397 395.6 391.5 393.5 392.4 391.4 389.1 388.4 387.6 387.6 387.3 386 381.8 379.2 377.8 381.8 379.5 385.7 355.1 354.9 356.8 363 380.5 386.4 396.9 401.3 403.6 409.2 412.9 413.3 412.7 412.3 413.9 415.7 418.7 421.8 420.7
470 469.4 466.1 463.3 455.7 450.5 445 441.4 442.1 445.7 452.2 460.3 466.7 477.3 488.5 500.3 513.4 526.8 541 553.6 569 583.8 598.8 608.8 615.6 616.8 604.7 596.8 581.1 564.8 554.6 544.2 528 511.2 488.3 468.7 452.2 439.2 427.7 418.6 412.1 406.2 401.2 396.4 398 399.9 397.7 395.4 393.5 392.8 393.1 392.4 389.6 385.8 380.9 380.8 383.8 385 387.1 363.1 353.5 358.2 367.9 384.4 392.1 401.9 403.7 405.7 412 415.6 416.7 418.1 421 421.2 424 427.3 427.7 427.1
478.3 474.8 470.9 467.6 465.7 460.7 455.9 454.1 452.6 458.2 464.8 471.3 476.7 487.5 500.4 512.4 526 539.7 554.1 569.1 585.8 600.8 613.7 625.6 631.9 629.6 625.5 616.2 603.6 593.5 576.9 564.2 545.2 526.3 505.8 486 468.2 452.3 438.4 428 420.9 414.7 408.8 400.7 400.3 403.5 402.8 403.7 398.7 398.2 399.3 397.9 395.9 391.4 386.4 385.5 387.4 389.4 390.9 367.5 358.9 356.8 374.1 389.1 398.2 405.5 406.4 410.4 415.9 420 421.5 426.2 429.8 430.7 433.9 436.5 438.4 439.5
491.5 483.7 481.4 479.4 475.8 471.7 467.2 466 465.1 468.9 476 481.8 487.6 497.5 511.5 525.3 539.7 555 572.1 589 605.7 619.6 629.9 639.7 644.7 643.9 645.1 640.1 633.3 622.9 604 586.9 565.9 543.8 524.6 501.9 480.8 464.5 449.3 436.9 429.2 420.9 413.1 406 405.9 408.6 411.5 409.5 405.5 404.4 403.1 403.2 401.7 397.2 394.1 391.1 391.1 394.8 393.3 371 360.8 360 373.9 395.5 406.3 407.1 411.7 416.4 421 425.5 429.7 434.3 438.2 442.1 445.5 449.2 451.8 454.2
508.4 497.8 494.1 490.6 486.1 482.1 479 477.7 478.9 479.6 486.7 491.6 498.2 510.2 523.1 539.3 554.5 572.1 590.7 607.8 625.5 637.1 645.7 652.4 658.1 659.4 660.3 657.4 656.9 649 637.9 617.9 590.2 564 542.8 519.1 498.3 479.8 462.4 447.6 436.4 428.1 420.5 414 411.8 414.7 416.9 414.5 411.4 409.2 407.5 408.4 406.8 403 399.9 397.1 394.9 396.9 394.8 373.4 363.2 362.5 377.9 399 407.2 409.3 416.8 422.3 428.3 437.8 439 444.2 452.4 458.6 459.9 464 467.8 469.4
525.7 512.8 508.2 503.6 498.8 494.4 491.7 490.2 490.6 491.9 497.2 501.9 511.4 523 535.1 551.1 568.1 587.1 606.9 626 641.2 653 660.7 665.2 669.3 671.7 671.3 670 668.2 664.5 657.3 646.6 617.8 584.9 557.2 536.3 514.7 495.6 475.3 459.1 444.9 434.8 428.6 422 418.2 418.7 419.1 418.7 417.4 414 412.9 412.4 410.8 408 404.6 402.8 400.4 398.2 393.9 373.9 365 363.4 385.8 400.4 408.9 414.4 423.2 427.9 435.2 445.9 454.1 459.5 463 467.8 474.1 480.2 485.7 490.1
542 531.8 524.3 518.5 512.9 506.9 505.7 503 502.9 503.6 508 513.6 522.6 532.9 546.3 563.5 580.9 599.5 621.2 640.4 656 667.3 672.7 677.1 679.6 682.1 680.2 677.9 677.3 674.1 669.1 658.9 644 615.7 581.3 553.9 532 509.6 488.5 470.1 454 441.4 437.4 430.8 427.6 423.9 421.8 422.4 421.8 418.8 417.7 416.8 415.2 412.9 409.6 407.5 405.8 404.8 399.4 376.9 366.9 367.6 387.6 401.5 411.8 420.2 428.9 436.4 444.5 457.6 468.2 470.7 475.3 483.7 492 500.5 507.3 510.6
559.1 549.5 540.2 533.2 527.7 522.3 520.7 517.1 513.2 515.9 518.7 524.6 532.9 545.1 560.1 576.2 592.2 611.3 631.5 650.1 667.1 679.6 685.4 687.9 687.4 688.5 686.8 683.3 681.6 679.1 675.3 670.2 659.7 636.2 600.8 572.2 549.1 526 501 482.2 463.1 447.9 443.1 440.5 434.7 433.1 431 429.7 428 424.6 423.7 422.3 420.6 417.5 413.9 412 410.7 410.6 401 376.8 368.5 369.6 383.9 403.7 414.7 425.9 435.8 443.7 453.6 465.6 474.1 480.7 491 501 511.9 523.9 533.5 532.4
572 564.3 554.8 546.6 542.2 536.9 533 530.1 523.8 526.3 530 537 546 558 570.2 586.2 602.9 620 639.6 657.9 674.8 689.1 695.5 695.9 692.6 691.8 688.2 683.8 679.6 678.2 675.7 674.1 664.4 648.9 621.2 592.8 565.7 542.9 514.4 492.1 473 458.2 450.4 446.8 442.3 442.4 441.2 436.7 437 432.7 428.7 427.4 425.2 421.9 417.6 415.5 415.8 413.4 395.4 376.9 368.8 373.3 382.9 405.2 417.3 431 443.9 452.9 463.5 473 483.3 496.3 508.9 521.7 535.9 550.7 560.6 559.2
583.5 578 569.5 560.1 552.4 548.8 544.5 538.9 533.3 538.8 541.4 549.7 557.5 567.2 579.3 595.8 612.9 627.9 645.8 664.2 681.5 695.7 703.3 701.9 695.6 689 682.5 678.4 675.1 670.9 669.6 668.3 665.2 654.7 637.3 613.6 584 558.2 530.6 503.3 482 467.1 459.2 455.6 453.8 451.9 450.1 446.2 439.9 439.6 437.9 432.8 430.2 425 421 422.1 425.3 418.9 389.4 375.4 373.3 375.2 391.6 412.1 425.1 439.6 453.2 462.1 471.3 483.2 497.2 512.2 527.2 546.1 562.2 576.9 584.8 588.4
600 591.9 584.2 574.5 562.7 559.4 554.7 549.1 547.7 550.2 552.9 560.7 568 577.7 592.4 607 621.1 636.1 651.9 669.9 688.5 701.9 708.5 705.2 696.2 684.9 675.8 670.2 666.9 665.2 660.5 660.8 658.6 654.4 645.3 626.4 597.8 569.3 541.5 516.6 493 474.6 468 464 464 458 455.4 453.6 446.5 444.7 443.8 437.1 433.9 429.2 425.5 431.8 436.9 421.3 390.7 375.6 375.8 382.6 403 419.3 433.4 449.5 461.8 471.2 482.5 497 513.2 530.2 546.5 567.8 585.8 597.8 608.9 611.3
619.4 607.5 596.4 584.5 578 570 564.8 558.7 560.3 563.8 566.4 571.9 579.6 589.9 601.3 616.1 630.5 644.2 659.6 679.2 697.3 708.4 710.8 702.7 690.6 679.5 673.8 665.5 658.3 655 653.7 653.6 651.4 647.7 643.3 630.5 604.3 579.7 552.1 525.2 500.6 482.6 473.7 470.9 464.7 460.5 457.2 454.8 451 446.3 443.8 440.7 437.2 432.9 431.4 437.2 435.6 421.8 396.8 379.6 375.7 396 412.8 424.7 441.6 457.4 467.9 477.9 494.7 510.9 531.1 549 569.9 589.7 606.2 617.1 628.4 633.1
633.6 621.8 607.2 595.9 588.1 579.8 574.2 569 572.6 575.5 577.8 585.7 593.4 600.7 611.9 623.9 638.4 652.7 671 689.9 705.3 713.1 709.6 697 685 674.9 668.7 660 651.8 649.1 646.5 644.4 644 640.2 637.1 629.2 608.4 584 555.9 531.9 508.3 490.1 475.5 473.4 470.5 464.9 460.7 458.3 452 450.2 447.7 443.5 439.2 436.7 436.1 437.9 433.7 424.9 405.1 387.9 381.8 403.8 419.1 434 449.3 464.7 475.2 488.5 505.4 526.4 546.7 569.3 591.7 610.9 627.7 638.9 648.6 651.8
642.8 632.5 619.1 610 597.2 588.8 582.5 578.7 582.9 586.3 590.4 596.5 603.9 612.5 622.6 633.5 648.1 665 684.6 701.2 711.5 713.9 705.2 690.9 680.1 671.4 663.5 653.1 647.4 643.6 640.2 637 635.5 630 626.1 620.1 606.5 584.3 558.9 536.2 515.4 498 478.2 474.9 474.2 470.1 466.1 459.7 458.2 456.4 451.1 446.7 442.3 441.4 439.6 443.5 435.4 422.2 408.8 390.1 389.5 412.2 425.7 441.8 457.6 473.3 483.2 498.1 518.3 540.6 563.5 588.8 611.9 631.8 647.9 660.1 669.1 669.3
652 641.8 630.5 618.5 604.6 596.6 592.3 590.8 592.8 595.7 601.6 608.6 614.5 623.4 635.5 646.6 661.4 679.6 697.7 708 715.7 712 697.6 684 674.2 667.3 657.8 649.3 643.3 637.7 632.6 629 624.8 619.1 616.1 609.3 597 577.2 557.5 537.5 520.4 502.3 485.1 479.3 475.3 472.2 468.9 465 465.1 463.6 457.3 451.1 446 444.1 444.4 442.1 424 406.3 392.6 380.8 400.8 418.8 431.9 450.1 465.4 478.8 491.8 507.4 529.5 553.8 580.6 606.4 629.7 650.5 667.1 679.8 689.4 684.7
664 651.1 638.2 623.9 611.1 604.5 600.3 601.1 602.7 607.8 615.4 623.2 632.9 642 651.9 663.1 677.6 696.3 707.2 715.8 716.8 710.1 693.8 679.7 670.7 662.5 653.9 647 639.7 633.2 626.6 620.7 614.6 609.4 604.4 597.4 585.8 573.8 555.8 536.3 519.9 505.2 492.4 484.7 479.8 476 474.9 469.8 468.4 466.5 459.7 453.5 449.1 446 443.1 436.5 411.5 392.3 385.7 388.9 414.7 427.4 437.7 456.9 470.8 483.9 499.4 516.3 539.4 565.7 597.2 621.5 645.3 666.6 684.8 698.7 708.8 698.2
672.5 654.5 642.2 630.5 618.4 610.4 608.7 609.2 613 620 627.4 636.3 647.2 659.1 671.3 684.9 697.5 708.3 716.5 719 714.4 704.7 691.3 679.1 670.5 661 651.6 643.9 636.2 628 620 612.6 605.5 599.1 591.8 585.1 574.8 566.1 556.2 534.7 519.6 506.7 497 490.5 484.5 479.6 476.4 472.8 469.4 466.1 460.6 455.1 450.9 448.5 444.6 423.9 402.3 388.9 387 401.2 422.4 438.2 445.6 462.2 478.6 492.6 507.6 525.6 550.2 578.2 608.6 633.5 658.3 681.5 700.9 717.4 726.2 709.8
668.6 658.8 650.9 638.3 624.6 618.9 616.3 618.1 624.4 633.2 641.7 652.1 664.9 678.1 692.9 705 714 719.3 722.3 720.6 710.5 702.5 691 679.2 670.2 659.3 649.6 641.5 632.4 622.9 613.9 604.8 596.3 588.4 579.5 571.1 565.5 557.1 550.8 535.7 520.8 509.4 502.2 497.3 489.2 484.1 478.7 475.5 471.5 467.1 462.3 456.7 453.9 451.7 443 420.1 395.4 388.7 400.1 413.1 428.2 441.5 457.7 470.9 482.7 499.5 514.3 531.7 557.4 586.9 616.6 640.3 666.2 691.8 711.5 729.6 735.4 718.8
668.5 662.3 650.5 636.2 629.7 625.9 626.6 632.2 640.5 647.9 657.9 671.3 686.1 700.5 714.2 722.1 727.4 729.4 728.9 723.5 712.7 702 692.8 681.4 670.1 660.6 650.3 639.9 629.2 618.3 608.3 598.3 587.7 578.7 570.5 563.7 556.6 547.2 540.7 535.5 523 511.8 509.1 510.4 503.7 491.7 485.3 481.5 475.1 471.4 466.6 459.8 456.2 448.6 432.8 410.5 395.4 390.7 410 420.4 440.7 450.7 463.9 478.1 494.3 504.6 520.9 538.4 562.4 592.2 620 644.3 669.7 693.8 716.9 732.3 735.5 722.1
673.2 661.3 650.7 641.1 634.5 633.8 639.5 649.3 657.8 667.5 679.9 693.9 709.1 722.3 732.3 737 739.9 739.7 736.5 727.4 715.1 704.6 694.6 682.1 671.5 661.1 649.2 638 627 615.1 603.7 591.9 579.6 569.5 561.1 555.4 548.5 537.1 532.1 527.9 522.6 515.6 520.1 523.5 517.7 505.6 493.3 488.5 483.6 476.1 470.2 464.5 447.7 429.6 412.5 397.4 393.9 404.8 427.6 440 443.6 465.7 473.4 487.8 500.3 510.5 522.5 545.2 566 591.3 618.4 643.7 668.4 691.6 712 727.6 731.1 720.1
680.9 668.9 665 653.1 641.6 647.7 655.2 666.4 677.5 689.5 702.9 716.4 730.2 740.6 747.3 750.1 751.2 748.2 742.7 731.8 720 709.4 697.2 685.8 673.9 661.8 649.3 637.1 624.7 612.6 598.9 584.6 571.3 561 552.6 546.7 539.5 531.8 526.7 522 514.8 520.5 523.8 524.9 520.5 512.1 498.8 491.7 490.1 481.4 467.7 452.6 432.5 409.7 400.4 396.7 405.5 425 445 459.1 466.8 475.7 485.4 496.7 505.8 515.1 526.5 548.6 566.9 590.6 616.5 641.1 664.1 686.3 705.4 719.2 726.2 717.7
695.4 684.2 670.5 661.6 654.6 663.1 672.5 683.1 697.6 711.8 724.3 736.8 749.2 756.7 761.2 762.4 760.7 756.8 748.6 736.7 726.1 715.4 701.6 687.8 674.2 659.3 648.4 635.4 622 609.5 594.7 581.6 566.2 555.3 547.5 542.3 535.2 528.6 524.2 519.6 512.5 516.8 520.4 519.2 511.4 502.5 495.4 494.3 485.2 476.2 461.8 439 415.7 400.9 400.8 407.7 425.5 444.2 456.5 467.9 478.3 483.2 491.3 501.6 510.7 517.5 528.2 547 567.6 588 614 637.9 660.8 682.1 699.5 712.5 719.1 713.8
704.7 698.5 681.9 669.8 672.2 678 687.3 701.1 716.8 731.2 744 755 765.5 771.4 774.1 774.4 770.6 764.6 755.5 743.7 732 720.2 705.8 688.8 673.5 658 647.2 635 621.2 607.3 593.1 577.7 563.3 551.8 544 539.4 533.7 527.3 521.6 517.1 510.5 515 513.5 507.1 498.1 491.2 489.5 483.3 477.9 470.2 454.2 432.2 409.5 402.7 406.3 428.3 446.5 454.6 463.3 477.1 492.1 493.8 494.3 503.8 512.6 519.4 528.8 542.8 562.9 585 609.8 635.3 658.1 678.4 696 707.7 713 707.8
708 702.1 691.5 678.2 689.8 694.3 699.3 717.1 734 747.2 761 771 779.8 784.3 786.3 784.8 779.6 772.2 761.8 749.7 737.5 725.2 709.9 692.9 676.2 659.3 647.1 636.7 622.5 608.2 592.2 576.3 562.8 549.3 542.4 536.6 530.9 525 519.9 514.1 507.7 509.2 503.7 499.2 487.1 479.1 474.5 468.3 460.9 450.6 441.6 430.4 410 407.6 407.7 439.9 456.2 461.8 471.3 485 496.9 496.6 497.7 503.4 512.6 520.9 532.6 547.7 564.3 585.5 608 633.7 657.6 677.2 694 704.3 708.3 702.5
712.3 708.7 702.6 700.6 696.6 710.8 714.4 734.3 748.7 763.5 775.8 786.4 793.2 796.6 796.6 792.8 787.6 778.8 767.9 755.4 742.4 729.2 714.2 697.1 680.2 663 648.9 637.7 624.2 608.9 591.6 573.9 560.9 548.5 541.2 533.2 527.9 523.3 518.4 512.3 508.1 501.3 500.3 490.8 478.3 472 465.3 457.7 450.2 443.9 440.2 424 412.6 409.4 413.7 443.3 462.1 469.2 476.8 491.6 497.7 501.2 500.8 505.4 514.1 523.8 534.6 551.9 571.2 590.6 612.7 636.1 658 679 694 703.7 704.7 698.8
713.9 719.8 714 714.5 713.7 719.1 730.4 745.2 762.5 776.6 789.4 800.3 805.1 806.4 804.9 800.3 793.3 784.2 773.1 760.7 747.2 733.8 718.9 702.8 685.3 667.7 651.6 639.4 623.2 607.9 590.2 571.4 558 546.3 539 530.8 523.9 519.7 515.9 510.5 508.5 496.9 493.8 484.5 472.1 464.2 459.4 453.7 445.9 439.1 427.2 415.2 410.9 412.1 431.5 452.5 461.2 470 482.7 492.6 497.6 504 503.2 507.4 515.2 524.6 535.5 557 577.5 599.2 620.7 643.4 664 682.6 696.9 704.7 704.9 698.4
713.6 718.9 725.4 723.8 725.2 724 740.7 755.3 772 787.4 800.2 810.9 815.9 815.7 812.5 806.3 798.6 789 777.4 765.1 752.1 738.3 723.5 707.7 689.7 671.3 654 640.3 622.5 605.6 587.7 568.2 555.8 545.3 536.6 527.7 520.7 515.7 511.8 508.6 504 492 480.8 471.8 465 459.5 454.6 449.6 441.2 429.4 413.9 413.3 423.2 436.5 445.4 457.5 464.6 473.4 486.1 494.7 498.9 502.6 504 507.3 515.2 525.9 539.3 560.4 583.3 608.3 630.5 651 670.8 687.7 700.5 707.4 706.7 700
710.7 720.1 728.3 731.5 733.7 736.5 745.3 762.7 780.9 795.4 808.8 818 823 823.4 820 811.9 803.1 793.3 781.4 769.5 756.3 742 727 710.5 693.9 674.9 656.1 638.9 620.8 603.2 583.3 563.5 552.3 540.8 532.7 525.2 517.5 512.3 507.9 503.3 501.7 488.3 475.2 467 462 457.1 450 442.8 428.3 416 416.8 426 440.5 446.8 453.9 461.6 467.1 474.2 483.5 491.1 496.7 501.2 504.1 507.6 515.6 525.7 542.3 565 590.1 617.1 639.8 659.8 678.8 694.5 705.3 711.3 710.6 703
707.1 718.4 726.8 732.1 737.6 744.1 751.2 766.6 785 800.7 813.5 823.4 830.6 830.4 824.7 816.6 806.8 796.3 784.4 771.5 757.4 744.3 729.7 714.4 694.1 676.4 657.6 637.6 619.1 600.7 579.5 560.3 548.1 537.3 529.4 521.7 515.5 510.7 505.4 497.7 489.5 480.3 470.2 461.9 457.6 450.5 445.6 436.1 421.6 419 427.1 435.8 441.6 445.3 449.3 456.8 468.5 475.9 479.4 486.6 492.1 498.6 501.5 506.8 514.2 525 544.4 570.7 597.7 624 647.9 668.7 685.7 699.6 710.1 714.7 714.6 704.6
