public/OST50/NH90.asc
ncols 200
nrows 200
xllcorner 290000
yllcorner 800000
cellsize 50
[rows 105 to 139 of 200, columns 78 to 155 of 200]
691.7 672.3 651.9 628.8 609.7 596.6 584 571.8 564.2 572.6 575.7 574.8 572 568.9 564 562.5 558.5 554.9 551.6 549.1 546.2 545 558.9 570.6 569.5 543.1 522.8 512.5 506.4 513.7 518.4 523.7 537.9 539.3 542.2 548.5 560.8 581.1 604.3 617.5 634.8 647.8 657.5 657.9 663.1 671.5 681.3 688 693.3 702.6 721.3 737.1 754.9 771.5 785.9 808 826.6 846.4 865.8 879 888.6 893.8 892.4 882.5 865 846.4 829 809.5 792.6 775.9 759.8 740.7 720.2 694.9 678.6 660.8 667.5 673.7
689.9 670.6 648.6 626 608.7 595 581.9 571.7 572.6 578.1 580.8 578.5 575.7 573 571.3 567.9 565.5 563.7 560.3 556 552.7 551.8 567.7 569.8 569.5 552.4 538.5 535.4 531.6 523.4 518 522.1 529.6 538.9 541.5 548.4 558 576.9 599.4 613 631.3 645.4 654.3 658.9 665.3 673.5 683.6 690.8 699.5 714.8 730.9 744.6 759.1 777.5 794.2 814.8 833.7 854.3 872.2 888.8 903.3 915.1 914.6 898.5 878.7 857.4 837.1 816.7 797 779.2 762.5 743.2 722.2 701.5 680.2 665.1 674.8 685.3
686.1 667.1 644.4 623 606.1 592.2 579.4 574.2 574.8 583.5 584.2 581.4 578.7 578.3 577.7 574.3 572 570.8 567.4 563.4 559.6 557 555.4 554.4 553 547.7 547.8 548.1 542 535.1 524.4 539.2 528.4 532.2 544.2 548.2 557.6 571.2 591.4 610.3 626.8 643.7 653.8 661 667.9 676.9 687.8 698.2 711.4 725.8 739.3 750.6 767.3 781.8 802.2 822.4 841.6 861.5 879.1 900.5 919.6 931.7 934.1 914.4 891.7 869 845.3 823.9 805.7 784.9 763.9 744.4 725.4 706.1 684.9 671.2 682.8 693.9
681.9 661.5 639.7 619.4 603.2 589.9 579.2 576.7 576.6 587.2 588.2 585.5 584.5 584.9 584.1 580.8 581.9 580 576.7 572.7 568.2 562.5 561.2 561.5 559.2 556.8 558.1 557.7 551.4 546.1 530.7 542.4 545.3 537 539.8 550 557.3 568.1 587.7 607.2 622.7 639.7 653.9 663.6 670.8 682.1 694.7 706.3 718.7 732.6 746.1 760.1 774.7 788.6 807.2 829.4 849 868.3 889.1 914.1 932.4 946.6 944.5 926 903.4 880.1 855.8 834.5 815.3 795.4 772.4 751.7 732.2 711 693.7 678.6 692.8 705
675.3 656.5 634.9 615.3 600.5 587.2 578.1 576.3 579.4 586.4 589.4 590.6 590.3 592.4 593.4 593.8 593.5 590.7 587.2 584.4 578.4 573.5 573 572.3 570.6 568.8 564.8 565.4 566 547.5 535 550.8 551.9 548.3 541.4 553 557.9 567.2 587 604.8 618.9 635.7 652 666.5 676.3 688 701.6 713.4 726.1 740.9 754.9 768 781.6 796.2 816.6 836.2 858.8 880.7 900.9 922.4 941.5 954.4 955.2 937 913.9 890.2 866.1 843.5 823.5 803.6 781 760 740 719.1 702.6 686.7 703 716.4
668.7 649.1 629.1 611.4 596.8 583.3 578.2 578.7 581.1 583.4 591.2 594.6 596.8 597.9 608 613.2 613.4 607.3 603.8 599.3 592.2 586.4 583.2 583.2 583 581 577.2 572.8 568.7 546.6 549.1 564.5 562.2 557 543.3 555.1 560.6 567.1 584.6 600.2 616.6 633.1 654.9 671.8 685.2 697.5 709.9 722.6 737 751.6 766 779.4 791.7 807.4 827.1 849.3 869.1 891.1 911.1 930.8 949.5 965 967.2 948.8 925.3 898.7 875.5 852 832.1 810.4 789.1 769.5 747.8 727.1 711.1 700.1 713.9 726.2
661.1 642.6 625.2 608 593 581 582.7 582.7 584.2 583.3 590.8 594.4 600.7 611.6 623.9 632 631.7 629.8 625.6 618.4 609.2 602.6 599.3 597.8 597 593.7 588.1 584.3 573.7 551.5 566.7 570.9 566.7 563 546.9 560.1 563.8 569 581 598.1 614.5 634 652.3 675.4 692.3 706.2 718.4 732.1 747.3 761.4 778.3 793.1 809.4 825.2 841.6 860.2 879.3 901.9 923.6 940 958.5 972.9 977.6 957.3 932.5 906.4 884.1 857.1 836.1 815.8 798.3 779.1 756.9 737.2 722.6 711.4 724.6 736.2
652.2 635.2 619.6 603.7 587 583.4 585 584.6 583.7 586.5 592.5 596.7 610.9 625.2 637.3 646.6 651.1 651.2 648.9 641 633.8 626.7 620.4 615.1 610.6 606.1 600.1 594.5 581.4 561.3 568.1 576 571.2 566.9 554.5 563.1 567.6 572.9 580.3 596.2 612.5 632.2 655.9 675.9 696.5 712.7 728.2 742.2 757.9 775.6 793.2 809.6 825.3 843 859.6 876.1 891.8 915.3 935.6 951.5 967.4 980.5 980.2 962.3 936.9 911.3 886.9 860.7 839.6 820.7 802.5 785.5 767.7 749.3 734.6 721 735.4 747.8
644.6 628 612.2 597.1 584.7 586.8 588.7 586.4 587.4 590.7 596 604.7 619.9 634.4 649.1 660.9 667.5 671.6 671.7 667.5 661.4 653.8 643.3 634 623 618.2 611.8 604.5 593.2 577.5 568.6 576.8 573.8 568.4 556.5 567.8 572.2 576.6 583 593.6 613.4 634.9 653 670.7 694.6 717.2 736.6 752.9 770.3 788.3 807 825.4 843.3 861.3 876.6 891.4 908.3 928.7 948.2 963.3 977.6 988.7 981.8 965.6 939.8 912.6 888.3 862.3 844.8 827 810.7 792.2 777.6 761.8 745.7 733.1 747.6 758.1
637 621.1 604.4 588 586.8 587.6 588.8 590.2 592 597.7 604.7 613.7 628.4 643.6 660.1 675.5 685.2 690 690.9 688.7 684.9 676.3 663.7 651.6 638.4 627.2 619.9 612.8 602 587.2 576.8 574.9 571.9 568.3 563.8 575.3 579.1 582.1 585.9 595.9 614.1 629.2 644.3 660.1 689.6 718.4 744.7 764.7 783.2 801.4 822.6 842.4 864 879.5 894.3 909.5 925.2 944 961.1 975.3 986.4 992.2 985.3 967 942.4 917.8 892.5 868.1 849.3 836.8 820.1 803.9 788.5 770.5 757.9 742.2 759.3 769.4
629.9 614.6 597.7 587.4 589.4 591.1 591.7 594.5 599.2 604.6 611.2 623 636.9 653.6 674 691 701.7 707.1 707.8 703.6 698.8 692 677.4 666.6 652.1 637.4 624.8 614.7 597.9 592.6 583.3 575.5 573.8 570 572.3 578 584.6 589 591.3 598.8 612.8 624.4 634.6 658.5 687.5 720 751.3 775.4 796.8 817.5 837.4 858.9 879.2 895.3 910.9 925.9 941.9 958.2 973.4 987.7 996.2 998.9 991.2 969.8 945.6 922.3 899.5 876 862.2 850.7 833.1 813.7 796.6 781.8 767.3 758.1 774.3 784.2
622.7 607.3 588.7 591.9 595.7 595.6 597.2 601.5 604.9 610.3 617.4 631 645.8 667.3 687.1 704.9 715.5 722.1 721.9 713.2 707.1 701.3 691.3 678.2 663.9 648.9 628.4 609.2 614.2 608.3 593 581.1 575.4 572.5 573.6 575.3 588.7 595.5 597.4 603.5 611.4 626.1 633.3 656.6 682.7 715.4 751.9 783.5 809 830.1 850.2 873.1 891.9 909.6 927.7 943.5 957.4 972.7 988.1 998.7 1005.8 1007.4 997.6 974.7 950.8 928.1 907.5 887.1 871.5 861.3 840.7 820.9 804.4 790.2 776.9 775.8 787.4 795.9
615.6 599.2 591.8 605.3 604.6 601.1 605.6 607.6 610.2 615.4 625.1 639.6 658.5 680.2 699.6 714.9 724.8 732.6 728.3 716.9 710.7 707.1 701.8 688.6 675.8 652.5 619.8 621.9 621 611.3 603.7 594.9 586.8 575.9 575.3 577 588 599.8 604.8 614.4 617.7 626.1 635 655.1 680.2 710.7 746.6 785.3 814.6 837.4 861.4 882.7 904.7 924.9 942.3 956.5 970.5 985.5 998.4 1009.4 1013.6 1010.8 1000.2 977.4 956.3 933.8 913.9 894.3 876.6 861.2 843.7 826.3 810.6 799.3 784.8 789.2 797.5 806.1
600.2 595 603.8 613.1 609.5 607.7 614.3 613.7 617.4 622.5 633.3 649 670 691.1 708.6 721.7 726.4 729.9 723.6 715.9 711.6 708.8 707.4 693.2 670.8 643.8 636.6 637.6 628.6 620.4 613.1 604.8 598.9 585.1 576.6 576.8 582.2 607.8 613 624 624.8 627.6 636 652.6 677.6 705.6 738.7 779.7 817.6 841.2 866.9 888.2 910.2 932.5 949.3 965.1 979.8 995.4 1008.1 1015.5 1019.4 1012.3 999.2 980.8 961 940.8 920.8 900.2 879.3 862.1 845.1 833.3 818.6 806.4 793.7 802.7 810.6 822.8
609 613 620.3 616.8 615.7 616.1 615.8 618.2 624.5 630.5 642 660.7 682.2 701.5 715.5 724.5 728.3 725.4 717.9 711 711.4 709.5 695.6 670.8 653.7 643.1 659.1 650.9 636.2 630.4 620 613.1 613.4 602.6 581 578.2 580.6 599.9 622.1 633 631.5 635.2 644.1 653.7 675.6 695.6 728 762.1 807.5 839.5 865.7 886.6 909.4 931.4 949.8 966.8 984.3 1001 1014 1020.9 1020.3 1012.1 999.3 982.2 966.9 947.9 929.9 908.9 887.2 865.1 850.9 839.4 824.8 809.6 810.2 815.4 825.4 838.4
631 627.9 624.5 622.7 618.2 619.5 621.5 625.7 632.4 640.9 654.8 675.2 693.3 708.9 722.5 727.8 731.2 724.8 713.3 709.1 710.8 706.8 681.5 662.7 666.3 668.6 678.7 666.4 648.2 638.1 627.6 619.4 623.5 620.6 593.4 582.4 580.5 585.4 611.8 635.3 636.4 638.2 649.7 653.1 676.6 691.4 716.6 748.9 787.2 831.5 859.9 882.1 904.1 926.5 946.1 964.9 983.6 1002.1 1015.4 1024.6 1020.2 1009.7 998.2 985.8 972.7 955.1 936.6 916.6 895.7 874.4 857.7 842.7 829.7 817.2 823.4 830.1 843 855.2
641.9 636.3 630 624.2 621.1 624.7 628.7 633.7 645.2 655.8 671 688.1 703.3 714.4 725 730.4 730.4 720.8 709.6 707.9 709.5 696.6 670.5 685.9 697.8 696.5 689.5 679.5 661.1 646.5 635.1 625.5 621 614.7 602.3 593.6 585.3 582.4 599.8 624.5 637.6 639.2 641.9 654.3 675.2 684.5 705 736.7 772.1 814.6 846.4 875.3 896.7 919.6 939.8 960.7 980.6 997.9 1013.7 1022.6 1019.2 1009.2 996.4 986.1 976.3 959.1 942.3 920.9 900.3 879.4 862.8 846.3 830.6 830.9 836.5 845 858 870.4
651.3 643.9 636.3 628.5 625.7 631.7 638.4 647.7 660 670.6 686 699 709.6 716 722.3 725.8 726.6 714.3 706.1 706.6 703.7 683 690.2 703.8 706.8 701.1 693.9 687.1 675.9 656.6 643.9 632.6 625.8 623 622.9 602.8 596.7 591.9 585.6 604.2 626.5 641.7 643.8 654.4 666.9 677.1 694.6 725.2 757.8 794.4 829.5 864 890.6 913.3 933.6 955.2 977.9 995.1 1010.4 1018.9 1018.1 1010.2 996.7 984.3 974.3 963.4 945.5 922.6 901.3 881.8 866 850 839.4 844.4 848.1 860.8 873.5 883.2
656.4 648.5 641.5 633.7 632.7 641.6 650.3 661.9 672.6 684.6 697.3 708.4 715 716 719 718 715.1 708.6 704.2 703.1 689.2 697.2 698.7 708.5 708.3 704.8 700.2 692.4 686.1 669 654 641.9 633.4 632.8 628 620.4 605.2 602.9 601.1 590.4 613.3 641.5 646.6 656.5 662.4 675.5 691 712.4 745.6 777.7 814.1 854.7 883.8 908.7 930.9 952.8 973.5 994.2 1008.8 1017.7 1019.3 1011.4 999.4 984.6 973.1 964.2 947.1 924 902 885.1 865.4 852.6 854.5 856.9 862.3 875.7 887.8 895.4
661.6 653.3 645.1 638.4 640.2 650.3 661.9 672.3 683.3 696.6 707.2 714.2 716.5 716.4 714.6 711.6 710 705.5 701.7 696.3 703 705.4 708.8 711.8 715.7 712.2 705.3 699.3 695.1 684.1 667.6 651.4 641.3 642.7 639.2 635.9 624.2 617.3 617.9 603.2 604.2 637.3 643.4 649.3 661.2 670.9 690.3 706.7 728.7 758.7 797.9 843 875.4 905.1 931 951.7 975.1 995.4 1009 1021 1020.1 1012.8 1001.5 986.6 971.1 961.7 945 924.4 904.7 884.1 870.3 863.5 865.5 872.1 880.5 890.8 900.5 904.9
665.3 656.1 647.4 646.1 650.8 659 667.8 680.1 692.7 704.6 714.5 717.8 716.2 717.1 715.2 709.3 707.5 703.4 698.9 698.7 704.2 708.1 711.2 711 715.6 719.8 710.2 704.6 702.2 698.6 684.9 665.9 648.8 640.7 649.3 649.1 640.6 628 636.2 620.9 599.1 629.2 643.7 648 656.2 665.7 683.2 701.4 712.9 741.9 775.4 823.6 867.7 904.2 931.7 953.6 977.3 998 1012.3 1026.8 1023.2 1017.1 1006.6 986.2 973.2 958.1 945 926.1 906.1 889 873.3 878 881.4 886.2 897.6 907.5 913.6 913.8
665.3 659 650.4 652.7 656.6 663.6 673 684.7 697.1 708.9 717.3 718.3 716.6 719.5 716.3 710.1 705 701.7 698.8 698.9 702.2 708.3 711.9 713.3 715 719.5 715.9 710.1 706.8 704.6 698.2 683.9 660.8 650.2 656.9 656.6 650.3 644.9 638 637.4 611.8 619.8 638.1 644.3 654.2 661.5 676.3 696.2 710 727.4 754 805.6 863.4 900.4 929 958.4 981.1 1002.2 1016.7 1028.4 1025.1 1020.5 1009.5 991.6 974 958.5 945 927.5 909.3 894.2 882 889.4 892.4 903.3 915.6 923.6 926.9 923.4
664.7 658.1 657.4 659 664.3 667.8 674 686.2 699.7 708.9 715.8 715.9 718 719.9 716.4 709.6 703.3 700.5 699.1 698.4 699.9 704.3 713.1 715.2 715.6 715.7 715.2 713.7 711.8 706.8 705.8 698.7 681.2 663.7 657.9 663.5 659.5 653.5 645.8 645.4 632.9 615 630.6 642.9 654 662.2 669.8 687.3 704.8 708.3 735.1 775.7 832.7 869.5 920.1 960.6 987.5 1007.9 1018.3 1026.5 1026.7 1021.9 1010.7 994.1 974.3 960.5 946.6 931.5 916.8 901.5 891.2 898.1 907.4 917 928.6 937.1 938.7 933.3
662.6 659.1 661.9 665.4 669.1 671.5 673.2 684.1 697.3 705.5 711.8 714.1 718.1 718.3 715.3 708.2 702.3 700.1 700.6 699.8 697.8 700.4 709.5 715.8 717.2 716 716.9 721.7 720.4 716.2 712.2 708.4 697 684 670.6 668.8 668.2 657.9 652.5 646.5 643.6 636.2 624.7 631.4 647.4 653.1 664.8 680.6 696.6 698.3 723.9 754.6 808.7 870.4 921.2 963.7 993.3 1011.9 1023.4 1027 1026.4 1021.9 1010.9 994.4 977 960.4 948.2 934.2 922.3 909.7 905 911.6 920.7 932.5 942.5 948.7 949.2 939.8
659.6 661.5 665.1 669 671.1 673.3 675.3 680.2 691.7 699.9 704.5 712.6 717.3 717.8 713.5 707.2 701.1 699.6 700.4 699.7 699.2 697.8 705.2 713.8 712.9 714.2 716.2 720.4 725.4 721 720.5 714.4 708.6 702 684.3 678 675 666 660.1 651.9 648.5 639.7 639.2 625.5 636.5 641 650.8 668.2 687.5 695 711.3 741.1 776.4 827.4 893.7 943.5 990.9 1015.7 1028.1 1031.5 1027.9 1021 1008.2 993.7 978.5 961.4 947.8 936.5 927.4 915.6 915.2 924.1 932.8 944.1 957 962.3 959.9 942.2
656.2 661.2 667.7 671.2 673.9 676.6 678.1 681.4 688.3 696.2 700.7 711.5 719.5 720.4 714.6 706.3 700.6 700.4 699.7 697.8 699.7 697.8 701.2 708.8 715.3 717.8 717.5 717.8 725.3 726.8 725 722.8 718.9 711.7 700.8 686.9 686.9 681.7 673.8 663 657.1 646.4 646.3 641 625 630.8 641.1 655.8 683.4 693.3 708.2 734.7 764.5 805.5 873.4 938.1 971.3 1008.6 1029.2 1035.8 1030.3 1019.2 1004.9 991.1 979.2 962.9 949.6 941.8 932 925.9 927.8 935.9 944.7 959 970.1 974.9 969.9 946.7
652.2 659.2 666.3 671.6 674.9 678 679.4 680.1 685.9 691.5 697.2 708.8 721 723.7 718.4 707.2 700.4 699.8 698.9 700.1 700 699.1 700.3 703 710.7 718.5 719.9 719.5 724.7 727.6 726.9 730.8 731.4 721.3 713.6 703.8 697.6 699.4 694.3 683.7 671 659.3 654.5 650.2 646.5 633.9 636.6 649.7 671 696.7 707.2 723.2 751.8 798 855.1 894.2 937.5 983.5 1024.7 1040.3 1031.8 1019.2 1004.7 993.1 979.5 965 953.9 947.7 940.4 937.2 940.5 950.6 961.8 972.9 982.5 985.8 978.1 951.9
649.5 655.9 663.3 669.1 673.9 677.7 680.3 681.4 682.3 687.2 692.5 703.7 715.3 721.2 715.1 706.6 700.3 700.4 698.8 699.4 699.3 700.8 704.5 705.1 710.1 717.5 718.9 719.3 722.3 727.3 727.3 731 740.1 738.2 724.8 713.1 704.3 705.1 704.4 695.8 684.8 672.4 663.9 659.3 652.9 652.5 636.4 649.1 660.7 679.9 698.9 720.7 748.3 784.8 828.8 885.7 943 1000 1037.9 1043.1 1031.9 1018.6 1005.8 992.5 979 967.9 961.7 952.1 946.7 947.7 954.5 964.2 975.1 986.2 994.5 996.5 986.3 958.4
648.5 652.8 659.5 666 670.6 675.5 679 681.4 682.3 683.7 689.8 697.7 707 711.7 707.8 702.8 699.3 699.8 699.2 699.4 699.9 702.6 707.3 709.6 710.3 715.5 721.8 723.7 723.6 726.2 728.9 733.7 742.2 744.8 738 721.3 715.4 711.3 714 710.1 701.3 689 677.8 668 661.9 657.5 653 646.9 660.1 670.8 689.8 714.7 741.9 774.6 818.6 879.2 927.9 982.9 1034 1042.6 1028.7 1015.3 1003.3 991.3 979.2 968.3 962.8 958.1 954.3 958 965 977.8 988.7 999.8 1006.7 1008 993.2 964.6
646.9 650.7 656 662.2 667.6 672.7 676.5 679.7 681.5 682.3 686.8 691.9 696.7 702.1 702.6 700.6 700.5 700.8 701.3 701.8 702.9 705.2 708.5 710.9 712.9 714.6 719.3 724.1 726.6 726.5 730.1 733.8 739.9 744.7 746.3 732.5 730.5 724.6 722.9 723.8 723 711.5 694.6 680.7 671.7 664.4 663.4 646.2 657.7 668.8 682.7 705.9 734.9 766.6 806.3 860.2 919.2 960.4 999.2 1029.8 1020.4 1010.7 998.8 990.9 978.5 973.7 965.2 962.9 960.6 969.4 979.5 990.2 1002.5 1012.5 1020.3 1021.5 999 970.3
645.5 649.5 654.5 659.8 665.2 669.9 674.3 675.7 677.4 680.2 684.9 690 693.7 697.2 699.9 702.6 703.5 703.4 704.3 705.2 706 707.9 712.3 713.3 714.8 715.3 717.4 720.9 724.8 728.4 734.1 738.3 744.8 752.7 747.1 753.7 751.4 743.8 740.2 737.6 734.1 729.4 716.6 700.4 682.7 675.1 669 660.9 658.5 667.9 679.2 697.7 726.6 757 790.4 845.7 895.1 943.8 983.6 1012.6 1010.6 1004.8 996.5 989.5 980.5 973.7 970 966.3 970.9 978.1 990.6 1003.4 1014.1 1024.3 1032.4 1032.3 1007.8 977.3
643.5 648.3 653.1 658 662.1 666.7 669.7 671.4 675 680.3 685 689.7 693.6 697.7 700.6 703.9 706.4 707.6 708.4 709 709.5 711.8 714.5 716 718.8 719 719 721.6 722.3 726.9 733 741.2 748 749.7 759.7 769.8 774.5 775 759.1 750.4 742.5 738.5 735.8 719.9 698 686.2 678 670 654.5 669.3 676.2 693.5 720.3 747 777.5 824.2 879.7 925.5 965.9 998.8 1004.5 1000.1 994.7 988.8 981.6 975.5 973.2 972.7 978.6 989 1003.4 1014 1024.7 1035.7 1042.5 1042.8 1016.4 986
641.9 646.2 650 655.3 658.9 662.8 666.4 669.8 675.2 680.6 685.6 689.8 693.4 696.9 701.1 705 707.5 709.5 712.1 712.7 713.7 714.8 717.4 719.2 721.2 724.8 726.5 727.4 728.1 731.4 738.3 746.3 752.5 760.9 775.8 786.2 794.9 800.3 789.1 775.8 762.4 753.1 748.9 740.1 719.6 699.7 685.8 678.6 665.7 670.6 678.8 687.4 711 738.5 769 806.3 853.9 909.3 951.1 979.1 999.1 997.5 992.8 987.5 981.6 977.6 976.1 981.4 989.4 1002.2 1013.3 1025.3 1036.2 1046.8 1052.3 1053 1028.6 993.9
644.1 647.3 651 655.1 658.2 661.4 665.3 670.7 675.5 680.6 685.3 689.3 692.8 695.9 699.8 704 707.5 710.9 713.8 716.4 718.2 718.9 721.4 723.6 725.1 728.1 730.1 732.3 734.6 737.7 745.2 752.9 759.6 776.7 792.4 803.9 814.6 820.7 819.1 807.2 793.3 777.4 764.5 758.9 741.9 720 699.6 687.1 681.4 663.1 680.7 688.2 706 733.6 762 795.1 841.7 876.2 915.2 951.8 991 996.5 992.7 988.5 984.3 982.3 983.2 988.1 997.8 1012.2 1023.8 1037.3 1047.5 1056.5 1059.9 1059.1 1040.7 1007.3
647.1 650.3 653.6 657 659.8 662.4 666.1 670.5 675.1 680.3 684.6 688.9 691.9 694.6 698.1 702.3 706.4 710.4 714.3 717.9 720.5 722.7 726.3 726.6 729.6 732.4 734.4 737.3 740.4 746.3 755.9 764.2 777.9 791.6 808.2 821.9 832.3 840.3 842.9 840.5 827.4 811.6 787 769 761.5 738.2 713.9 695 687.3 679.7 676 690.4 705.5 732.4 762.2 790.7 829.9 868.8 909.3 953.4 997.5 997.7 994.9 990.7 987.7 986.5 987.1 997.4 1011 1020.8 1031.6 1045.3 1058 1064.3 1065.4 1060.1 1046.5 1023
