public/OST50/NH91.asc
ncols 200
nrows 200
xllcorner 290000
yllcorner 810000
cellsize 50
[rows 35 to 69 of 200, columns 0 to 77 of 200]
451.9 440.5 426.4 413.7 404.7 394.5 380.6 368.5 355 345.5 333.3 322 309.4 301.7 293.8 282.3 272.8 264.1 258 258.2 256.8 254.4 252.6 249.5 246.2 245.8 248.4 244.1 246.6 240.6 239.9 242.5 243.2 242 241.5 238.3 237.5 236.3 236.5 236.4 237.8 238.3 241.9 242 238.8 235.7 239 242.4 244.9 247.6 248 247.2 246.4 245.8 244.5 244 244.2 244.2 242.7 242.9 242.1 241.2 240.6 240.6 240.1 239.9 241.5 245 247.3 247.6 248.8 247 246.3 248.4 250 249.2 244.3 239
461.1 446.5 436 426.4 418.9 405.6 392 374.7 360.5 347.8 336.1 323.8 311.6 303.4 290 281.1 281 269.5 257.5 258.6 256.7 256.4 256.1 251.1 246.7 247.2 246.6 242.2 248.7 243.7 242.2 244 243.4 241.1 239.3 235.2 235.7 241.3 242.7 238.4 238.8 242.8 244 241.7 236 239.1 243.9 243.9 246.1 247.5 247.9 246.9 246.8 245.9 245.1 244.5 244.2 243.9 243 243.2 242.5 241.6 242.1 243 242.2 241.3 242.6 245.7 247.8 246 244.6 243.5 244 244.3 244.4 243.5 238.5 232.9
470.8 457.7 449.6 440.4 427.3 413.9 398.8 381.7 365.3 348.8 337.7 326.2 315.5 303.6 290.9 291.1 282.9 262 259.2 257.2 258.4 256.1 252 247.6 246.7 250.1 244.3 239.1 242.4 241.6 240.2 240.7 242.8 239.3 236.5 234.9 237.6 241.2 245.9 244.6 238.1 238.8 239.9 238.9 235.8 240.9 244.6 246.8 249.2 248.1 247.6 247.1 246.5 245.3 245.3 244.8 244.4 243.9 243.2 242.9 242.7 244.2 243.1 244.5 243.7 243.6 244.3 246.9 245.2 241.3 239.9 239.6 239.5 239.5 240 239.9 235 232.5
481.7 470.6 460.9 447.7 432.6 416.7 401.2 384.5 366.7 353.6 341.2 329.6 318.4 305 293.6 285.9 272.8 259.7 260.5 256 259.1 254.1 248.8 244.5 250.9 247.9 242.5 243.5 242 244.7 242.5 243.9 239.6 239.1 239.4 237 237.7 238.8 240.5 240.4 237.1 237.5 237.7 237.8 238.1 242.6 246.9 249.3 250.4 248.2 248.4 247.7 246.6 245.3 245.2 245.6 245 244 243 243.4 246.6 243.6 245.6 247 246.3 244.6 244.6 245.9 242.1 238.2 236.5 236.4 235.8 235.6 234.3 233.7 232.4 230.8
492.8 481.7 468.6 452.5 436.9 417.7 401.8 385.5 368.7 357.8 344.6 332.8 319 304.7 290.8 283.3 273 262.6 260.4 258.5 256.7 251.6 244.6 244.3 253 245.1 241.4 246.1 246.3 242.4 240.9 245 246.9 245.9 243.2 241.8 238.9 237.4 239.5 236.7 235.2 237.7 237.1 236.9 240.9 246.2 246.3 248.7 249.1 248.1 248.8 247.1 247.2 246 245.7 245.8 245.4 244.3 244.2 244.2 244.3 247.3 248 247.6 246.6 245.1 245.6 242.9 238.9 236.9 235.7 235.3 234.9 234.4 233.8 233.4 230.9 226.3
502.7 488.2 474.1 461 440.9 418.6 402.6 386.3 370.9 358 344.4 332.3 318.5 305.1 293.5 286.5 276.3 266.4 261.3 255.8 252.6 248.5 242.5 238.5 242.1 238.4 241.7 240.7 238.9 233.8 239 248.4 250.2 249.2 247.3 245.4 243.1 242 241.7 238.5 239.5 240.1 240.8 242.1 246.2 245.7 247.8 248.5 248.4 247.5 244.6 247.3 247 247.6 245.6 245.2 245.3 245.5 245 244.4 244.2 247.9 247.7 247.2 245.1 242.2 241.6 239.2 237.8 236.4 235.6 235.2 234.7 233.7 232.7 231.5 225.2 225.7
508.2 492.2 477 462.5 440.9 419.3 403 387.1 371.4 356.8 342.1 332.3 317.6 303.3 295.5 287.3 276.5 266.2 262.3 251.9 246.6 242.5 236.8 236.3 238.5 240.4 242.3 244.9 240.6 237.9 238.8 244.5 240.8 246.7 247.9 248.9 247.1 247.5 245.1 244.7 242.9 243.1 245.1 246.3 244.5 243.3 243.4 245.6 244.1 242.8 241.8 244.3 246.6 246.4 246.1 245.3 245.8 246.1 245.5 244.9 243.5 243.6 245.5 243.2 241.3 240.1 239 237 235.9 234.6 233.9 232.2 231.5 231.1 229.6 224.3 226.5 224.7
505.9 488.6 474.7 459.9 439.2 420.3 405 386.5 370.3 353.6 341.9 332.1 317.5 303.5 295.3 285.5 273.3 263.9 259.1 250.3 242.9 240.2 233.9 233.2 236.3 238.6 241.8 241.3 241.5 240 242.8 234.3 241.8 250.7 249.4 249.3 249.8 248.3 250 250.9 244.9 244 244.3 247.4 245.5 244.6 245.1 243.1 243.6 242.2 241.3 240.6 242.6 244.2 245.3 246.1 246.3 246.2 245.7 243.4 242.9 243 242.5 241.9 239.9 239.7 238.2 235 233.1 232.8 231.3 229 227.1 227.1 224.4 223.5 222 220.1
498.7 483.5 470.2 454.6 435.3 416 396.9 378.3 369.3 360.4 349.7 333.2 316.5 302.1 293 279.4 268.1 262.5 254.5 249.6 243.2 228.6 228.6 232.7 234 242.3 242.8 241.6 241.7 239.6 239.2 234.5 243.2 251 250.4 249.5 248.4 249.4 250.8 249.6 242.2 245.2 245.1 246.5 247.5 248.5 247.4 245.8 242.9 241.7 240.4 240.1 241.4 243.6 244.5 246.5 245.8 245.5 243.7 243.8 243.6 243.4 242.6 240.9 239.4 239.3 235.3 234.3 234.9 232.1 228.6 226.5 225.2 223.1 222.2 220.7 219 216.5
496.6 476.8 461.6 445.7 427.6 408.8 389.6 375.6 374.9 362.5 350.7 330.8 312.5 297.9 286.2 270.9 262.8 264.1 252 249.6 239.5 228.6 237.4 228.6 232.2 243.6 237.2 233.6 235.6 240.1 234 236.2 245.5 250.4 250.2 248.9 248.7 248.9 249.6 246.9 240.8 248.3 246.6 244.8 247.6 252 250.8 248.8 245.1 242.6 241.5 241.2 242.2 246.4 245.5 244.7 244.7 245.8 245 245 244.2 243.1 242.1 240.9 239.6 237.7 233.7 236.1 235.7 229.9 225.8 224.7 222.1 221.4 220.2 217.7 215.8 213.2
493.7 474.1 454.4 435.6 419.2 402.2 385.2 375.1 368.8 355.3 340.5 320.8 306.5 291.5 275.4 264.4 266.3 260.8 251.1 246.1 238.8 231 228.6 228.6 237.7 237.1 236.5 233.2 234.4 231.6 232.4 236.5 243.4 249.6 250.8 249.7 249.1 247.2 244.4 244.4 243 245.7 247.1 244.6 246.1 248.8 248.8 247.8 244.6 241.5 241.5 241.6 242.3 246.7 246.6 246.7 246.5 246 245.2 245.1 244 242.1 241.6 238 237.1 234.9 233.2 232.1 229.4 225.1 225.7 223.1 221.3 220.3 217.5 214.3 211 209.4
489.3 472 455 434.4 410.6 393.3 379 369.7 355.9 342.7 328.4 311.4 294.2 278.8 265.5 268 260.6 253.1 247.6 245.5 240 240.9 233.9 236.4 234.1 232.7 227.7 227.7 232.9 227.7 233 236.2 240.6 246.5 249.3 248.5 247.6 244.6 243 243.2 243.2 243.8 246.7 242.6 244.2 245.8 247.1 243.6 241.1 239.6 238.6 239.7 241.7 242.9 245 246.1 245.8 245.4 245.2 244.5 241.8 239 237.9 235.3 231.8 229.8 228.7 226.3 223.2 221.4 220.6 220.3 220.1 218 214.6 210.6 207.6 211
483 467.9 450.5 422.5 400.2 384.6 369.8 359.6 345.4 331.9 315.4 298.6 281.7 271.6 265.4 268.6 265.5 254.3 246.5 244.1 241 241.9 234.8 236 232.7 231.6 227.7 227.7 227.7 227.7 227.7 227.7 233 241.9 245.8 245.8 245.7 243.6 245.5 242.4 239.5 242.6 242.5 244.8 246.7 243.3 241.9 241.5 239.3 237.8 236.9 239.3 241.1 242 242.4 243.8 244.4 244.7 243.5 240.6 238.2 236.3 234.3 229.8 228.4 227.1 225.2 223.6 220.6 218.3 217.1 218.2 218.2 214.3 211.4 207.5 206.9 209.1
473.1 459.7 438.1 414.8 393 377.9 362.3 348.9 334.1 318.5 304.9 288.4 274.8 266 267.9 268 267 249.7 244.1 243.7 241.6 246.8 234 230.3 227.7 227.7 227.7 227.7 227.7 227.7 227.7 227.7 232.9 239.3 244.3 245.4 245.1 242.6 238.7 237.2 239.8 243.1 242.6 249.5 244.8 243.3 243.3 242.3 239.1 237.8 236.6 238.8 240.7 240 239.6 240.3 241 240.9 238.6 236.6 235.9 234.8 230.6 228.6 229 226.5 223.6 221.6 218.4 215.4 217.6 217.2 212.8 209.3 207.1 206.2 206.2 206.6
459.8 444.8 425.2 403.5 385.1 372.5 357.5 341.1 321.3 308.2 295 279.3 268.6 265.8 267.5 259.2 253.5 249 241.8 241.8 241.4 242.3 232.7 227.7 227.7 227.7 227.7 227.7 227.7 227.7 227.7 227.7 228.4 232.7 243.9 240.1 239 236.9 236.4 237.5 239.3 245.5 242.9 245.1 246.9 244 242.8 242.7 239.3 237.9 237.7 236.9 237.3 236 238.1 238.7 237.9 238.2 235.5 233.8 231.7 228.7 228 229.5 228.3 225.2 222.5 220.2 216.6 214.4 218.1 207.7 206.8 205.5 201.4 201.4 204.3 205
444.5 431.2 415.4 395.8 379.9 367.1 354.5 336.9 318.9 303.6 290.8 275.3 267.9 270.6 260.1 257 250.4 247.7 241.4 240.6 240.6 239.7 228.1 227.7 227.7 227.7 227.7 227.7 227.7 227.7 227.7 227.7 227.7 230.9 236.4 234.4 237 237 235.6 240.3 239 241.2 241.3 244.7 245.2 243.2 242.7 242.2 239.1 238.4 238.4 236.9 235.5 235 239.5 239.5 236.2 235.5 232.5 229.4 228.2 227 226.3 226.2 223.9 224.7 222 216.4 212.5 213.6 211.6 204.6 204.7 201.4 206.1 205 201.4 201.4
428.3 414.4 398.3 384.6 371.3 359.6 350 335.5 318.8 303.6 289.2 274.6 270.5 260.8 257.4 252.3 248.5 252.4 243.3 240.5 239.5 243.5 230.8 227.7 227.7 227.7 227.7 227.7 227.7 227.7 227.7 227.7 227.7 227.7 228.3 237.2 237.3 236.4 234.5 235.3 236.9 239 241.3 243.5 243.6 241.5 240.6 240.3 238.8 237.1 239.3 236.6 234.6 233.4 234.8 235.4 232.9 230.6 229 227.5 226.5 225.3 224.1 221.6 220 220.8 219.5 213 208.4 207 204.5 204.3 203.2 201.4 205.8 204.7 204.9 205.2
411.4 396.7 380.9 368.7 362 353.5 344.4 331.7 313.3 301.6 287.5 274.4 267.3 259.6 253.5 250.6 248.8 248.8 244.7 239.1 239 239.8 228.6 227.7 227.7 227.7 227.7 227.7 227.7 227.7 227.7 227.7 227.7 227.7 234.1 235.3 233.1 232.4 232.9 234.2 234.9 237.3 238.4 240.1 242.3 242.8 240.9 239.1 237.7 235.9 234.6 234.6 232.6 231.6 230.9 230.5 229 226.3 226.1 226.2 224.6 223.7 222.3 218.3 216.9 216 214.8 209.4 205.7 204.5 203.8 204.2 202.5 201.5 204.9 204.2 204.9 205.2
394.2 379.6 368 359.4 350.3 342.6 337.1 324.6 308.9 296.9 282.9 272.7 265.4 256.3 250.3 249.2 251.7 251.7 248.9 238 238.4 235.6 236.6 233.9 227.7 227.7 227.7 227.7 227.7 230.4 229.9 235.1 235 232.4 231.3 230.1 231.6 231.8 234.5 234.9 233.5 235.7 237.4 240 238.5 236.9 236.3 236.7 237.3 233.9 233.9 233.1 230.5 230.2 229.3 227.3 225.1 222.5 222.5 222.4 223.2 223.2 219 215.2 215.1 214.5 212.3 206.8 204.2 203.8 203.5 204.1 202.3 201.6 205 204.2 204.9 205.1
381.3 366.2 354.7 345.1 335.9 331.8 326.1 317.4 305.5 289 292.1 282.1 269.6 252.1 250.1 250.6 251.9 250.5 244.5 240.6 238.8 235.5 238.1 238 234.5 227.7 227.7 229.2 227.7 231.3 231.2 234.8 232.3 232.5 234.5 233.9 233 233.4 236.1 235.8 235.3 235.9 237.7 238.4 238.2 237.5 236.2 236.7 234.8 237.9 240.2 232.5 231.1 230.7 225.4 222.9 221 219.4 218.6 219 220.4 220.4 213.9 213 215.7 218.3 217.4 205.9 203.8 203.7 203.7 203.9 205.1 201.4 205.7 205.1 205.8 205.1
367.4 350.6 340.6 332.4 322.5 320 316.5 311.1 307 294.5 308 290.1 258.7 250.2 250.4 248.9 245.2 244.2 242.2 241.2 231.2 236.4 240.4 243.7 238.9 236 239.6 233.1 231.4 234.7 232.4 232.4 236.5 235.2 237.5 236.5 237 237.4 238.1 238.8 238.3 238.5 239.1 238.6 238.5 237.2 236.5 235.4 235.8 239.2 236.5 233 231.7 227.9 222.2 219.4 216.8 216.3 215.7 216.5 219.5 215 211 210.5 210.5 211.5 212.2 204.6 203.9 203.9 204 204 204.6 201.4 206.3 205.5 206.3 206.9
355.8 342.8 335.3 324.9 317.5 315.7 314.1 316.6 304.2 301.5 291.5 275.4 255.8 251.7 245.4 244.4 244.3 244 248.4 242.5 237 239.5 244.4 243.2 243.4 242.3 242.7 247.2 241.9 241.5 237.3 236.5 238.9 240.9 239.2 238.1 238.1 239 240.8 242.4 241.7 240.3 238.8 238.1 237.5 235.8 235.7 236.2 237.3 238.1 232.9 228.5 226.8 222.8 219.4 216.8 214.9 215.1 214.9 214.9 213.6 210.7 209.2 208.4 208 206.7 205.1 204.5 204 204.1 204.2 204.2 204.3 201.5 206.1 206 206.7 207.4
347.9 337.4 328.5 319.6 314.1 314.1 310 303.2 303.1 297.8 286.5 267.4 253 246.1 243 240.6 242 243.2 245.9 242.5 246.2 240 241.6 240.9 246.6 247.5 250.2 242.9 244.9 237.7 243.2 241.9 244.6 243.9 241.3 238.6 237.7 239.7 241.9 242.8 242.5 240.6 238.6 237.1 235.8 235.4 235.3 235.8 234.9 230.3 227.8 226 223.9 221.6 217.3 215.2 214 214.1 213.3 211.8 210.5 209.6 209 208.6 209.6 209 205.6 204.4 204.1 204.2 204.3 204.4 204.5 205 201.9 206.4 207 207.2
341.7 331.5 321.5 314.5 308.8 306.4 303.1 299.8 295.7 290.5 277.7 254.1 251.3 243.9 240.2 239.4 239.3 239.5 240.7 244 250.8 252.8 246.2 248.1 249.8 251.4 250.1 246.4 248.4 247.5 249.3 244.1 245 239.8 237.8 236.4 238.3 240.3 241.5 242.7 242.6 240.6 238.8 237.1 235.5 235.2 235 233.6 230.6 227.4 228.9 225.8 223.6 220.8 216.1 214.2 213.2 212.8 211.9 210.5 209.7 209.8 209.2 210.1 211.7 210 207.4 204.2 204.2 204.3 204.4 204.8 205.9 205.7 202.5 206.5 206.8 207.2
335.1 326.5 317.6 309 302.2 298.8 296 291.6 285.5 275.5 256.9 249 240.9 239.2 238.9 237.3 236.4 236 238 241.9 252.8 253.2 253.7 254.3 255.9 259.7 254.2 251.9 251.5 251.4 250.9 244.6 239.8 239.3 238.7 237.9 240.8 242.5 243.7 244.9 244.7 242.9 240.9 239.2 237.4 235.5 234.8 234.2 230.6 231.2 226.1 223.2 220.2 216.9 214.5 213.7 212.5 211.5 210.5 209.4 209.6 209.4 209.9 211.4 210.3 209.9 205.5 204.4 204.8 204.8 204.7 205.5 206.4 206.6 202.6 206.7 206.8 207.5
328 321.9 312.9 304.5 297.5 292 286.7 278.3 271.4 261.9 254.2 244.6 241.7 239 239.4 236.8 236.6 235.8 238.9 241.6 248.8 248.5 251.2 256.7 251.7 254.3 258 257 253.8 254.8 251.4 245.3 238.5 236.9 239.3 238.1 242.9 246.5 245.9 247.2 247.3 244.8 244 242.6 240 237.9 236 235.3 233.7 229.5 224.9 221.7 218.7 215.7 215.4 214 213.7 212.2 210.8 210.4 209.7 209.8 211.8 208 207 205.6 204.6 204.9 205 205.2 204.9 205.3 206.4 206.6 202.6 205.9 207.3 208.6
322.5 315.1 306.6 298.7 291.6 285.1 278.3 273.9 265.7 256.3 246.1 243.4 238 236.2 235.8 235.2 235 235.3 239.7 242.4 239 244.9 253.2 254.5 252.8 256.9 259.1 259.7 257.9 258.7 252.6 245.6 237.2 239.9 242.4 245.5 245.2 248.5 243.9 244.5 247.8 247.1 248.1 246.1 243.2 240.2 237.7 236.6 232.8 229.4 228.1 223 219.7 218.9 216.3 213.8 213.6 212.2 211.7 212.1 210.9 212 210.4 205.7 204.8 204.3 204.8 206 205.4 204.9 205.1 205.3 206.1 206.4 204.5 202.6 207.9 212.2
314.4 308.4 300.9 293 286.7 280.7 275.6 268.2 258.2 249.2 243.5 239.3 234.8 232.7 232.3 233.2 234.8 236.2 240.3 240.6 243.1 250.6 255.7 256.3 255.5 258.1 261.1 261.2 261.3 261.6 253 247.6 244.9 249.7 243.8 242.2 245.9 248.2 247.5 247.9 246.2 245 243.9 242.2 240.3 237.8 235.5 231.7 234.9 233.8 228.4 225.2 223 221.2 217.8 215.7 214.6 212.6 212 211.9 213.7 217.9 209.3 206.4 204.7 204.3 205.3 205.5 205.1 205 205.2 205.4 205.8 206.2 206 202.6 206.4 212.4
308.7 301.9 294.2 289.3 283.6 276.6 272.9 264 255.8 243.4 240.7 236.9 233.4 231.5 231.2 232.9 235.6 236.9 238.2 239.6 244.9 251.2 255.3 256 257.4 261.6 263.7 263.1 262.8 258.4 256.1 250.2 244.2 250.4 242 242.7 247.8 248.2 249.8 249.3 247.4 244.4 244.7 244.3 240.2 239.3 237.8 237.9 236.6 236 233.9 228.8 224.5 221.6 220.9 222 221.5 215.3 213 213.6 213.2 209.9 211.3 210.4 205 204.6 205.1 205.4 205.3 205 205.2 205.4 205.4 206.1 205.8 204.1 202.8 209.8
305.6 296.9 290.4 284.1 279.3 273.8 266.6 258.3 247.7 241 237.6 236 235.1 232.8 231.8 232.7 234.9 235 237 238.9 245.2 243.5 252.2 254.7 258.7 262.2 263.1 263.6 261.3 255.8 256.4 253.7 245.7 243.8 241.9 244.4 244.8 246.1 247.8 246.7 246.9 247.5 247 245.6 243.9 243.1 235.8 240.8 235.4 240.7 240.1 236 228.2 223 221.6 220.2 218.8 214.4 215.6 214 209.6 210 212.2 212 209.8 207.5 204.6 204.7 205.5 205.2 205.2 205.3 205.4 207.3 205.8 205.9 202.7 208.4
304.2 296.3 288.8 282.3 274.4 267.8 263 256.6 245.4 238.8 236.5 236.3 241.4 237.6 235.7 234 234.3 235.5 237.2 239 240.1 247.2 243.2 250.3 253.7 257.4 259.6 260.5 259.1 255.8 259.5 255.6 246.3 241.6 240.3 239.7 241.9 242.8 243.2 246.2 246.4 245.8 245.6 244.2 242.5 241.1 238.8 239.7 240.7 240.9 239.8 240.1 237.7 232.7 224 220 218.8 214.8 212.3 211.4 209.5 209.8 211.9 212.2 212.5 210.6 207.6 206.2 205.3 205.5 205.2 205.4 206.5 207.3 206.1 204.6 202.7 208.7
299.8 291 283.7 275.5 269.6 266.5 258.3 251.1 243 242 235.2 237.9 238.2 234.4 232.4 232.4 233.9 234.8 235.6 237.5 238.9 240.3 246.2 244.1 249.8 252.4 254.4 255.6 255.2 256.5 254.9 250.1 244.3 238.4 237.8 239 238.4 237.6 239.7 241.2 242.3 242.6 243.8 242.5 239.4 232.5 235.2 233.7 234.2 235.4 236.2 238.6 238.3 236.8 229.9 223.5 219.6 216.5 215.5 216.2 212.2 209.4 211.6 212 212.1 211.2 211.7 211.6 210.6 211.6 208.2 206.8 207.5 207.1 206.2 203.4 202.7 212.8
294.2 285.5 279.6 274 269.1 265.3 257.9 246.6 242.4 236.8 235.6 236 240.2 236.7 232.6 232.4 232.4 236 236.4 237.4 239.7 240.5 240.9 241.2 247.8 248.7 250.8 248.9 249.9 249.2 243.6 245.3 241.1 236.7 236.1 236.7 235.7 235.6 235.8 235.9 236 236.1 237.9 237.5 235.6 233.1 229 228.5 227.3 229.8 230.5 231.4 235.4 235.7 233.8 226.9 224.3 220.4 218.4 217.7 214.6 208.8 209.5 211.7 211.6 212 212.3 213.2 213.1 212 213.6 207.3 208.2 207.7 206.1 202.9 205.7 215.3
291.7 282.9 277.6 273 268.6 259.7 252.7 244.9 240.4 236.6 234.2 233.3 235.1 232.4 232.4 232.4 232.4 236.9 238.1 236.7 239.2 239.9 240 239.9 240 241.7 241.5 239.3 238.7 239.1 238.1 237.1 237 236.7 236.7 236 235.8 235.6 235.5 235.8 235.8 234.7 233.7 232.9 230.6 226.9 226 224.2 224 223 223.8 226.4 229.1 230.3 231 226.6 224.7 223.7 217.6 215.4 208.5 208.5 208.5 209.3 211.5 212.1 212.6 213.2 213 212 212.7 209.5 209 208.1 205.6 203.1 205.7 219.9
287.7 280.9 275.5 270.2 266 257.8 246.3 244.3 238.8 236.2 232.4 232.4 232.4 232.4 232.4 232.4 232.4 233 235.4 236.8 238.4 239.3 239.6 239.9 239.3 238.9 238.6 240.5 239.8 239.2 239.1 238.6 237.4 236.4 235.5 237 239.2 240 240.6 235 234.6 233.2 232.2 231.9 228 224.9 222.7 221.3 223.2 224.2 221 223.6 225.3 226.9 224.9 225.9 225.2 221.4 217.5 211.6 208.7 208.7 208.6 208.5 210.1 211.7 212.3 212.9 213.2 212.4 213.1 213.7 209.4 208.6 205.5 203.1 207.1 219.8
