public/OST50/NH91.asc
ncols 200
nrows 200
xllcorner 290000
yllcorner 810000
cellsize 50
[rows 140 to 174 of 200, columns 0 to 77 of 200]
211 213.1 214 213.2 214.2 214.1 215.3 213.5 212.2 211.7 209.8 205.7 203.9 204.4 205.5 208.9 209.6 213.7 220.3 220.3 219.9 219.4 220.3 220.1 219.8 218.5 223.2 224 225.9 233 238.7 242.9 240 224.4 210.8 209.7 209.6 210 210 210.1 211 221.4 235.7 266.2 289.8 310.6 321.7 327.5 333.4 337.7 341.4 344.1 347.3 349.4 353.4 361.4 369.5 375.6 381.9 384.3 379.9 378.1 378.2 376.8 376.8 380.8 387.9 390.9 392.8 392.4 394.2 391.5 383.8 369.9 364.4 358.8 354.6 350.8
209.5 210 210 210.6 211.6 210.6 210.8 210.9 209.2 206.7 204.3 203.9 209.6 209.2 209.6 210.5 219.6 222.2 221.7 221.1 219.4 215.9 218.3 217.1 219.6 220.3 221.9 223.9 223.5 227.2 230.6 231.6 229.8 212.8 210.6 210.4 210.2 210.2 210.3 210.4 210.4 226.9 240.9 270.4 292.7 308 318 324.2 328.1 332.1 335.4 338 340.7 342.9 346.1 352.4 359.8 364.8 367 367.8 366.5 365.2 365.1 366.7 370.4 376.9 380.6 385.6 388.9 387.4 385.5 383.4 377.7 373.6 367.3 371 367.4 353.7
208.9 208.9 209.2 209.6 209.8 209.5 209.1 208.7 206.1 204.1 210.6 208.9 209.1 210.8 213.6 223.4 223.6 222.6 223 222.2 221 221.8 221.5 221.2 222.9 223.7 224.1 223.6 222.8 225.2 227.6 226.6 219.5 210.9 210.7 210.5 210.3 210.3 210.4 210.6 210.7 226.2 246.1 271.3 289.3 302.2 311.2 317.8 322 326.1 329.1 331.5 333.7 335.9 340.6 346.2 349.5 353.3 357.2 359.2 358.6 357.4 358.1 360.6 365.3 370.6 375.5 378.9 381.8 380.8 377.1 375.2 372.8 369.3 370.2 372.6 371.5 356.6
209.6 208.8 209.3 208.6 208.7 208.8 208 205 209.1 211.1 210.9 213.3 220.2 220.6 220.9 223.1 222.8 222 222 221.5 221 222.7 223 223 223.8 223.4 224.4 223.2 220.8 223.4 222.2 218 212.3 211.7 210.7 210.5 210.3 210.5 210.6 210.8 211.5 229.3 247.3 269.8 285.4 298.5 306.9 312.3 315.9 319.8 322.7 324.6 326.7 328.9 334.5 339 341.3 343.4 346.9 348.4 348.4 349.4 351.7 353.7 359.1 364 368.9 373.8 374.3 374.5 372.8 368.3 368.6 368.3 370.5 368.4 364.6 358.3
213.7 214.7 214.4 209.7 205.9 205.6 208.7 216.9 221.1 220.6 219.9 220.7 221.6 221.8 221.1 222.4 221.9 221.6 221.3 220.8 221.7 221.4 223.7 223 223.1 223 224.1 224.6 220 220 221.4 219.7 218.8 213.5 211 210.5 210.5 210.7 210.8 211 215 234.3 247.5 266 283.2 295.6 303.1 308.3 311.3 313.4 316 318.1 320.7 323.5 327.8 331.5 333.6 335.7 337.5 338.3 339.2 342.1 345.7 350.1 354.7 358.2 362.5 365.9 368.9 369.9 368.2 366.1 366.9 369.1 366.9 367.6 363.2 365.3
214.2 206.2 206.2 206.8 209.5 209.2 217.4 218.8 221.9 220.1 220.2 220.7 221.5 222 221.7 221.8 220.5 217.9 217.7 220.5 221.6 222.6 223.6 223 222.8 222.8 223.9 223.3 220.9 221.9 223.1 222.3 221.3 214.3 212.4 210.5 210.8 211.1 211.6 212.8 221.9 236.8 243.4 261 279 291.1 298.1 302.7 305.7 307.2 309.7 312.5 315 317.9 320.8 323.6 325.6 327 328.5 329 332.5 335.4 339.6 346 350.7 354 356.9 358.1 360.9 361.9 363.4 366.9 368.2 365.8 365.3 366.6 370 376.5
207.5 206.3 209.9 210.5 215.7 217.3 218.5 221.8 222.4 220.4 219.3 220.1 222.2 222.1 221.5 221.2 220 220.7 221.7 222.4 222.8 223.6 223.5 223.3 222.9 223.5 224.2 222.8 223.4 222.8 223.2 222.2 220.2 212.1 211.5 210.6 211 211.1 211.5 213.6 225.2 236.5 241.8 257.1 272.2 282.5 292 297.5 299.7 302.6 304.8 307.4 310.1 312.5 315.7 318.1 319.7 319.9 321.8 323 325.7 329.8 334.7 341 347.3 350.2 353.2 352.6 354.8 357.2 361.8 367.4 369.1 370.6 371.3 372.3 378.1 385.5
206.2 206.8 219.4 222.4 221.2 220.5 221.4 222.4 222.6 220.5 219.1 222.4 222 221.8 221.7 221.7 222.6 223.7 223.6 223.5 223.7 223.6 223.4 223.2 223.1 223.7 223.8 223.8 222.9 223.5 223.1 222 218.2 211.4 211 211.1 211.2 211.3 212.1 216.4 230.1 238 241.8 251.3 260.1 272.8 286.4 293.7 297 299.4 301.8 304.3 306.9 309.3 312.9 314.5 316.7 318.1 319.2 321.3 323.6 326.4 330.8 338.5 343.9 347.7 348.9 349.7 353.8 354.2 358.9 363.9 369.4 378.1 378.6 377.7 385.4 389.1
215.2 218.6 221.3 221.7 221.2 223.2 224.4 223.6 221.9 222.2 221.1 224.2 223.5 223.2 222.3 222.4 223 224.2 224.6 223.8 223.8 223.2 223.6 223.4 223.2 223.5 223.7 223.9 223.2 223.3 222.4 219.3 211.9 211.5 211.2 211.2 211.4 212.3 215 221.2 234.1 238.7 241.8 257 267.8 268.8 283.6 291.3 294.4 297.2 299.6 302.1 304.5 307.5 311 312 314.3 316.6 318.6 320.6 322.5 325.5 330.6 335.9 339.9 342.1 343.5 347.3 349.8 353.6 357.2 361.7 367.7 373.5 379.5 386.2 387.1 391.2
220.2 222.8 222 220.1 220.7 221.8 222.6 223.3 222.6 221.4 224.4 225.1 225.7 224.5 221.6 221 222.6 223.3 224.7 224.2 223.7 223.8 223.8 223.5 223.3 224.4 224.5 223.7 223.4 222.6 220.3 213.5 212.4 211.8 211.5 212.3 212.8 214.1 220.7 230.3 234.6 238.2 241.3 253.7 263 272.5 286.2 287.6 291.7 295.1 297.5 300 302.8 306.6 309.3 311.7 314.8 316.4 318.4 319.7 321.6 325.1 328.4 329.8 334.4 338.5 342.9 345.3 348.6 352.2 355.9 360.2 366.5 372.3 381.7 388.7 396.9 400.4
221.3 223.9 222.8 220.1 218.8 219.7 222.4 224.6 222.9 222.8 225.2 226.1 225.6 223.5 222.4 221.6 221.9 221.7 224.2 224.4 224.5 223.9 223.9 224 223.7 224.8 224.4 223.6 223 221.9 217.6 212.8 212.6 212.1 211.9 212.7 213.9 216.4 223.3 233.6 235.1 238 239.7 246.1 260.4 270.4 278.7 278.3 290.5 293 295.9 298.7 302.2 307.1 308.5 310.7 314.4 316.2 317.7 319.2 320.1 321.9 324.2 330.6 336.9 339.1 342 344.8 347 350.5 354 358.9 365.5 372.3 381.3 388 397.3 402.1
220.8 222.9 221.9 222.2 222.4 222.6 225.3 224.1 223.9 224 225 224.7 223.5 222.8 221.6 221.7 221.1 221.4 223.9 223.8 223.8 224.7 224.3 223.3 224 224.1 223.5 222.5 221.8 221.1 213.2 212.8 212.5 212.1 212.6 213.7 214.8 217.2 221.2 229.6 235.2 237.3 239 242.1 250 257.1 262.5 278.2 286.5 293.2 295.6 297.7 302.2 307.5 308.4 309.5 313.6 316.5 317.5 318.7 319.2 321 324.8 330.2 335.8 337.9 340.7 343.2 344.8 347.9 352.4 357.7 363.2 370 377.3 387.7 393.5 404.7
220.6 223.1 221.9 222 224 224.3 225.8 226.1 225.6 224.8 224.7 224.2 223.5 223.4 222.9 222.2 218.9 219.5 223.7 223.7 223.5 225.1 224.4 223.6 223.2 223.8 222.3 220.9 220.2 215.9 213.2 213 212.5 212.1 212.6 213.4 214.5 217.3 229.9 238.2 237 240.9 243.5 241.9 244.7 248.1 254.9 268.1 282.5 293.2 295.1 297.9 303.3 307.5 308.3 309.2 313.6 316.8 317.1 317.7 318.3 320.6 323.6 328.6 333.2 336.9 338.3 340.6 342.7 345.8 350.8 356.4 361.5 367.7 374.7 382.9 391.3 403
220.3 223.2 222.1 221.7 224.4 226 226.4 226.9 226.5 225.6 224.1 223.7 223.4 224.1 223.8 221.6 220.5 220.1 222.9 224.2 223.7 224.9 224.5 224 223.5 223.5 222.9 222 221.6 214 213.5 213.7 213 212.5 212.9 213.2 214.7 221.9 233.2 239.1 237.7 244.8 256.7 256.1 256.9 264.6 259.1 266.5 283.4 292.5 295.2 298.8 303.8 306.8 307.9 309.3 312.3 314.9 314.8 315.7 316.6 318.8 322 326.7 330.3 333.3 336 337.9 340.6 344 349.3 355.2 360.2 365.4 370.9 378.1 387.7 399.9
220.9 222.7 221.9 222.6 225.8 226.9 226.8 226.9 226.8 225.4 223.6 223.2 223.7 225 224.3 223.4 222.9 222 222.5 223.8 224.5 224.8 224.6 224.1 223.6 223.4 223.7 223.1 223.9 214.3 213.6 213.5 212.9 213.3 213.4 213.9 217.6 224.8 235.6 240.4 237.8 244.9 259.1 265.4 269.1 274.9 263.5 269.6 283.6 291.6 295.9 300.1 305.6 306.7 307.5 309.5 311.2 313.1 312.5 313.3 314.4 316.7 320.2 324 328 330.4 332.7 335.3 337.9 341.5 347.2 352.7 358.4 363.4 368.6 376.2 384 393.4
217.3 222.2 222.8 224.8 225.5 224.2 225.2 226.5 226.4 225.6 223.8 222.6 223.4 224.2 224.7 224.2 223.6 223.5 223.6 223.2 223 223.4 223.8 223.7 223.5 223.3 223.5 224.3 222.6 214.4 214.2 213.6 213 213.9 214.2 216.4 222.5 229.5 238.4 239.3 238 245.4 260.1 267.4 271.3 276.5 266.1 267.9 281.1 292.1 296.9 301.8 306.8 307.3 307.6 310.1 311.4 312.4 311.1 311.1 312.3 314.7 318.3 322.7 326.3 327.9 330 332.5 335.1 338.9 342.9 348.8 355.5 360.7 366.7 374.6 380 390
212.4 222.2 222.8 225.3 225.5 223.9 224.1 225.1 225.7 224.5 224.1 223.2 223.2 223.7 224.3 224.4 224.2 223.3 223.9 223.7 223 222.6 223.6 224.1 223.5 223.7 224 224.9 219.6 214.7 214.5 214.4 214.9 215 216 220.5 224 232.4 240.5 240 239.1 248.5 259.6 267 272.2 277.2 277.1 266.9 282.3 292.5 298 301.8 306.1 308 309.8 310.3 310.4 309.3 308.4 309.2 310.6 312.6 316.8 321.1 324 325.5 327.4 330.1 333.5 337.4 341.4 345.1 352.1 357.3 363.1 370.1 378.9 388.3
214 221.2 223.2 226 226.3 224.4 224.8 225.5 224.8 224.7 224.6 223.9 223.6 224.2 224.6 224.4 224.3 224.4 224.2 223.7 222.3 219.8 221.9 221.9 222.3 224.6 224.7 225.3 216.5 215.4 215.5 215.5 215.5 217.4 220.1 223.9 226.6 234 243.3 241.4 240.9 249.4 260 267.1 272.5 278.5 280.1 271.8 283.6 291.8 299.8 302.7 305.3 307.4 309.9 310.1 310.1 307.3 306.7 307.9 309.2 310.9 315.5 319.9 322.1 323.5 325.8 329.9 332.2 335.1 339.2 342.9 347.5 353.9 361 368.9 377.3 383.6
216.7 220.7 223.8 226.6 226.2 225.5 226.6 225.3 225 225.1 224.8 224.1 224.4 224.7 224.7 224.6 224.2 224.7 224 223.4 221.8 216.8 220.6 222 222.4 222.9 222.8 222.4 216.5 216 216.2 216.5 217 219.9 223.8 227.3 230.6 237.2 243.4 242.1 241.2 249 260.3 267 272.3 275.2 271.3 275.9 282.6 289 296.9 301.8 307.3 307.7 308.3 307.8 306.9 304.9 305.3 307 308.5 310.8 314.5 317.5 320 321.5 324.3 327.1 330 332.7 336.8 340.6 344.2 351.6 358.8 366.6 374.3 378.3
219.8 222.8 224.9 225.3 225.1 226.2 225.5 225.1 225.1 224.9 224.7 224.5 224.7 224.3 224.5 224.7 224.9 224.9 223.9 223.2 223 218 222.8 223 223.4 222.8 223.1 220.6 217 216.9 217.4 217.5 216.8 220.6 224.5 230.2 233.4 239.1 244 243 242.4 250.5 261.1 266.4 270.6 271.7 277.5 287.6 289.9 293.8 296.1 301.1 304.2 301.7 302.8 304.9 303.8 303.2 304.2 306.1 308.2 310.5 313.1 315.9 317.8 319.5 321.7 324.2 327.3 330.3 334 337.6 341.8 348.3 356.4 364 369.7 372.3
221.4 222.5 223.7 225 223.9 224.2 224.3 225.2 224.9 224.9 224.6 224.7 224.6 224.1 224.2 224.3 224.4 224 223.3 223.2 223.4 223.4 223.8 223.9 223.1 222.7 223.2 222.3 217.3 217.7 218.5 219.3 218.7 222 225.9 231.2 237.4 242.1 245.5 244.2 243.5 254.8 261.8 266.7 269.9 273.7 283.5 290.6 295.8 300.7 304.7 305.5 302.9 302.2 302.3 301.1 301.3 301.5 303 304.8 306.9 309.2 311.5 313 315.4 317.6 319.2 322 324.9 328 331.5 335.1 339.3 344.8 353.6 359.8 363.8 365.4
222.4 222.5 225 225.8 224.9 224 224.2 224.3 224.6 224.6 224.6 224.5 223.8 223.7 223.8 224 223.7 223.4 223.5 223.8 223.9 223.4 224.1 223.8 222.9 222.7 223.7 224.2 218 218.6 219.3 219.8 220 221.5 229.1 232.9 240 245.7 246.2 243.3 247.9 259.2 263.5 267.3 272 275.6 284.7 292.4 299.1 303.5 307.5 307.6 306.6 303.5 303.1 301 299.7 300.2 301.7 303.5 305.6 307.8 309.5 310.9 312 314.6 317.3 320.2 323 326.3 330 333.6 337.4 342.1 350.3 356 358.4 358
223.4 223.2 221.2 217 214.2 214.1 214.3 214.4 214.4 217 221.2 223.2 223.8 223.9 224.1 224.4 223.6 223.5 224.2 224.2 223.9 223.7 223.9 223.8 223.1 223.2 225.5 225 219.2 219.4 219.8 220.3 220.8 221.8 227.6 231.8 235.3 241.5 245.2 243.4 249.4 258.6 264.2 269.2 272.3 276.9 287.9 295.4 300.6 304.9 308.2 306.9 307.2 303.2 301.4 300.4 298.5 299 300.6 301.8 304.2 306.2 307.5 309.1 310.8 313.1 315.8 318.7 321.5 325.1 329.3 331.6 335 340.1 346.9 352.4 352.9 352.3
220.4 213.4 213.7 214.4 214.1 214.3 214.4 214.5 214.5 214.8 214.8 217.1 224.6 225.2 224.6 224.1 223.3 224.2 224 223.8 223.7 223.7 223.8 224 223.5 224.2 226.4 226.6 220.1 219.9 220.5 221 221.6 223.2 224.4 227.3 232.5 232.3 242.4 245.6 255.3 260.6 263.6 270.3 273.1 280.8 289.5 296.9 301.1 303.5 305.5 305.4 307.5 302.6 299.7 297.5 296.4 296.5 299.5 300.7 302.5 305 306.5 308.2 309.7 311.8 314.3 317.1 320.4 323.7 327.7 330.7 333.4 337.8 342.2 347 347.3 346.8
212.9 213 213.6 214.1 214.2 214.4 214.5 214.6 214.7 214.9 215 215.7 216.1 216.5 218.3 222.4 223.4 223.8 224.5 224 224.1 224.3 224.3 224.3 224.4 225.8 226.8 225.3 220.1 220.9 221.2 221.8 225 227.9 227.9 235.4 239.4 241.7 241.9 247.5 256.2 260.4 259.3 272.4 274.6 283.8 290.6 296.7 300.9 302.8 302.7 303 304.5 301.4 298.2 295.2 294.2 294.5 299.5 299.9 301.1 303.4 305.7 307.4 308.7 310.6 312.5 315.7 318.3 321.7 325.6 329.9 332.7 336.4 339.2 339.3 339.3 338.1
212.5 212.7 213 213.6 214.1 214.5 214.7 214.7 214.8 215.1 215.2 215.4 215.4 215.1 215.8 216.7 217.6 223.3 224.9 225.3 225.5 225.3 225 226 226.7 226.8 227.4 221 221.8 224.2 222.7 224.8 227.5 231.9 234.2 237.2 241.3 247.8 236.3 246.7 252.6 260.7 262.9 270.9 276.4 286.3 293.5 297.8 300.8 302.6 301 300.6 298.5 295.2 293 291.4 291.7 292.3 296.1 299.8 300.3 300.9 303.2 306.9 308.9 311.3 313.7 314.8 316.9 320.5 324.6 328.8 331.5 335.4 337.1 336 334.9 333.3
212.2 212.8 213 213.4 213.8 214.3 214.7 214.8 214.9 215.5 215.7 215.9 215.7 215.7 215.8 216.7 217.7 218.6 225 225.8 225.4 226.5 228.2 228.6 228.1 227.7 227.8 222.1 223.9 225.6 224.1 226.1 229.9 234.6 235.6 235.9 240.4 247.9 244.1 240.9 247 262 262.2 272 281.4 288.9 296.1 298.8 299.6 300.8 298.2 296 293.6 291.2 289.2 288.3 289.7 290.6 294.6 296.5 300.4 299.7 301.4 301.7 305.1 308 311.4 316 315.5 319 323.4 325.8 329.6 332.6 334.8 335.3 331.4 330.7
211.7 212.8 212.9 213.5 213.7 214.3 214.6 214.8 214.9 216 216.5 216.8 216.8 216.9 217 217.6 218.3 218.5 219.1 225.4 225.5 226.4 226.3 228.3 228.6 228.6 227.5 223 224.8 227.1 225.3 226.6 230.4 235.4 237.5 237.4 240.7 246.4 248.5 245.1 241.9 253 266.1 268.6 278.1 290.7 298.7 300.6 299.7 298.9 299.1 296.9 292.5 288.8 286.5 286.4 289.5 290.5 293.2 295.9 298 299.3 301.1 302.1 302.9 305.4 310.4 315.5 317 317.7 321.5 324.2 326.2 329.1 331.3 332.3 330.1 329
211.5 212.5 213 213.6 214.2 214.2 214.5 214.7 215.3 216.4 217 217.4 217.6 217.9 218.2 218.4 219.1 219.2 219.5 223.1 227 223.5 225.4 224.3 228 228.5 226.6 224.6 225.1 227.7 227.8 227.4 231.4 235.8 240.3 237.7 242.1 249.6 251.6 250 242.2 248.8 264.2 271.7 276.1 289 296 300 300.4 298.3 296.5 293.2 289.6 286.8 287 286.2 287 289 291.9 293.5 296.2 298.8 300.7 302.5 304.8 307.7 311.3 315.2 317.7 317.6 319.9 322.8 324.9 326.3 327.2 326.8 326.6 326.1
212.3 212.7 213.1 213.7 214.3 214.5 214.6 214.9 215.7 216.8 217.4 217.8 218.1 218.4 218.7 219 219.7 220.2 220.2 220.3 222.3 225.6 226.4 226.4 223.7 227.5 228 226.7 225.6 228.2 230 228.7 233.3 236.8 240.7 238.1 247.6 251.4 252.3 251.5 246.6 245.5 258.2 270.4 274.2 283.6 290.6 291.8 292.9 290.9 290 286.6 285.3 285.6 286.6 287 288.1 289 290.7 293.1 296 299.1 302.1 305.1 308.2 310.1 312.8 314.4 317.1 317.9 319.6 322.3 324 325.4 324.7 324.5 324.4 324.1
212.3 212.9 213.6 213.7 214.4 215 215.2 215.5 216.1 217.1 217.7 218.3 218.6 218.9 219.2 219.6 220.5 221.1 220.9 221.2 224.6 221.6 225.3 226.8 224.3 227.4 228.8 228.3 226.4 229.3 230.1 229.9 232.7 237.9 240 237.6 249.6 253.1 254.2 255.3 254 249.8 250.9 266.8 274.1 278.1 282.7 285.5 286.1 284.1 283.6 283.2 282.8 282.8 283.1 285 288 290.9 292.4 293.6 296.3 299.1 302.3 304.9 307.9 311.5 313.4 315 316.2 317.5 319.8 321.3 323 324.5 324.2 323 322.5 321.7
212.5 213.2 213.8 214 214.5 214.9 215.7 216 216.6 217.4 217.9 218.3 218.7 219.2 219.6 220.2 221.1 221.4 221.8 222.5 226.5 223.7 227.6 227.6 226.4 227.6 229.2 230.3 227.8 231.4 230.7 230.8 231.2 236.3 239.7 239.1 248.7 253.4 256.1 258.5 257 253.9 249.1 260.4 271.6 276.5 278 279.5 280.5 282.2 282.3 281.8 281.2 281.2 282.5 284.2 287.4 288.5 291.7 294.7 297.7 301.2 302.9 304.9 308.2 311.9 313.9 315.1 317.2 319.6 319.9 321.3 322.3 323.5 323.8 322.5 321.7 320.9
212.4 213.4 214 214.7 215 215 215.5 216.4 217 217.5 217.8 218.2 219 219.5 220 220.8 221.6 222.3 222.7 223.2 227.4 227.4 226.7 228.5 229 229.2 229.5 229.8 228 231.4 232.4 232.1 232.3 233.8 239.4 239.6 246.7 253.2 256.3 259.5 261.7 258.6 249.9 258 268.4 274 275.7 276.7 277.9 279.7 278.8 279.3 279.7 280.4 281.7 283.4 286.1 288.2 290.1 293.3 296.6 301 303.6 305.8 309.3 312.1 313.8 315.4 318.1 320.2 321 321.3 322.4 322.9 322.7 322.1 321.2 319
212.7 213.4 214 214.6 215.2 215.2 215.3 216 216.9 217.4 217.9 218.3 218.9 220.1 220.7 221.2 221.9 223.3 224.1 224.2 225.6 228.6 228.7 229.4 229.8 230.1 230.2 229.4 229.8 232.4 232.7 233.2 233.2 234 239.4 240.3 246.1 252.7 255.8 259.9 261.9 261.5 253 259.4 268.2 273.6 275.6 276.5 278.9 279.3 278.5 278.8 279.1 279.4 280.9 282.5 284.7 287 289.7 293.2 296.4 299.4 302.6 306.8 309.9 312.1 313.5 315.4 319.4 321.4 321.5 321.4 322.4 322.8 322.6 321.4 319.1 317.4
213.6 214.1 214.4 215 215.4 215.4 215.3 215.6 216.8 217.4 217.9 218.3 219.1 220.7 221.4 221.9 222.2 222.8 223.7 225 225.7 229.3 229.8 230.3 230.6 231 231.1 231.2 231.8 234.1 234.1 234.5 235.3 236.1 237.8 241.4 246 252.1 255.8 258.6 260.6 258.6 250 258.3 267.6 272.9 274.8 276.5 277.5 277.2 277 277.5 278 278.4 280.5 281.7 284 286.9 289.7 293.2 296.7 299.7 302.7 307.9 309.6 311.1 312.5 313.9 317.5 320.1 320.2 319.9 321.6 322.4 322.2 321.9 319.4 316.5
