public/OST50/NJ00.asc
ncols 200
nrows 200
xllcorner 300000
yllcorner 800000
cellsize 50
[rows 136 to 169 of 200, columns 77 to 153 of 200]
706 698.8 699.6 690.2 689.1 687 688.8 688.1 686.9 685.7 686 687.4 691.3 689.2 687.6 691.7 707.2 716.6 724.4 728.7 728.1 725.1 719 710 702.1 691.4 681 674.9 665.6 652 655.8 666 674.3 675.2 675 683.3 680.2 672.4 660 656 649.3 652.4 643.7 642.8 639.8 641.5 647.4 646.9 651.1 650.4 654 657.5 663.3 674.5 688.3 700.4 714.8 735.8 746 752.3 753.2 740 721 704.4 686.8 666.7 653.7 651.3 648.2 647.5 647.8 661.4 676.7 693.7 708.9 725.1 740.4
706.6 698.2 695 692.3 693.9 689.8 685.3 682.6 684.7 684.4 682.9 682.8 682 685.6 689.2 685.5 683.7 688.1 694.6 695.1 696 693.4 690.5 683.3 674.4 663.2 656.9 662.9 669.8 676.7 681.9 687.4 688.9 689.4 691.3 689.3 681.4 677.7 675.4 669.8 666.2 664.7 662 659.7 657.2 657.8 659.4 661.7 662.8 662.8 669.6 668.7 679.5 689 704.7 719.5 733.7 746 754.1 757.8 758.2 751 732.4 715.9 696.7 673.6 664.4 657.2 654.3 650.4 648.9 657.3 674.2 691.3 707.6 721.2 739.4
702.7 699.2 697.5 690.3 690 690.3 688.6 685.7 681.1 683.4 681.9 681 679.4 677.8 676.5 678.9 682.3 678.4 671.4 670.7 670.2 668.6 662.7 661.9 668.6 675.5 681.5 680.3 691.2 695.8 695.9 697 698.6 700.1 697.7 690.9 690 688.9 685.2 680.4 679.9 679.2 678.7 678.2 675.5 676.8 676.3 680.3 681.3 683 682.1 683.9 700.4 707.8 720.9 733.8 744.3 754.7 760.4 762.8 761.7 757 738.1 725 694.4 687.8 672.9 666.2 658.1 652.9 653 654.7 669.3 687.6 704.9 718.6 738.9
700.8 699.6 696.1 688.6 688.1 686.9 686.7 685.8 684.9 680 678.8 679 680.1 680.5 677 674.9 671.9 673.1 672.3 670.6 667.3 673.6 681.6 686.1 694 695.1 697.8 702.9 708.2 708.3 707.5 711.4 712.3 710.8 703.1 699 698.1 695.5 691.3 689.7 694.6 695.6 694.1 694.3 694.9 694.9 694.7 696.3 696.3 700.5 695.2 708.3 716.8 728.6 735.1 745 754.3 760.9 765.5 767.1 764.2 758.3 745.4 727.3 716.1 698.4 684.7 672.8 661.8 656.7 656.7 655.2 664.6 684.1 701 717.7 736.7
697.9 694.3 689.8 686.9 686.8 685.7 685.3 685.1 684.6 683.3 684.3 682.6 679.1 676.6 675.7 673.3 674.1 670.5 669.6 680.3 690.3 698.2 700.7 706.6 712.7 717.1 718.9 722.4 723 723.3 725 723.9 720.6 715 706.2 710.2 708.2 704.8 703 707.5 710.7 711.5 712.6 713.6 713.9 713.8 711.7 711.4 710.2 711.1 717.3 723 733.8 740.1 746.4 753.3 761 766.7 769.2 770.2 766 759.7 746.2 740.6 727.5 713.2 695.1 680.2 667.4 663 660 656.5 664.6 680.6 699 714.8 734.5
693.9 692.4 688.7 689.4 685.5 684.6 683.6 683.8 682.9 681.9 684.2 681.9 678.7 676.7 675.1 675.7 681.9 687.5 695.3 703.9 711.3 718.4 721.3 725.6 730.6 734.5 739.6 739.9 740 739.5 737.9 730.6 725.4 721 717.4 720.3 718.3 720.4 722.8 724.2 726.7 728.8 730.1 732.3 733 729.7 729 730.3 730.5 732.2 735 731.8 740.5 750.1 755.6 761.1 766.6 770.8 772 770.6 766.5 758.2 757.2 746.9 735.7 719.2 705.5 685 674 667 662 659.7 666.1 679.9 698.7 716.2 735.4
691.3 691.2 686.3 686 684.4 683.7 682.8 682.4 681.9 682.5 681.6 678 676.6 678.8 684.2 693.7 702.3 708 715.3 723 731.7 737.1 740.8 746.3 749.9 754.1 757.3 758.4 754.5 750.1 745.1 736.7 732.9 723.8 728.9 731.3 731.1 735.2 740.4 743.3 743.9 744.6 745.8 748.5 746.4 746 749.7 752.9 749.5 748.7 749.1 747.4 751.7 757 762 766.9 770.7 773 774.2 771 762.3 764.4 760.9 756 743.8 724.9 705.4 692 681 670.6 663.4 663.9 670.8 684.9 698.7 715.8 733
686.9 687.3 689.4 685.8 683.5 682.8 681.4 683.4 679.7 678.8 677.6 684.1 688.5 694.6 703.2 711.6 718.5 725.8 734.5 742.4 751.8 758.9 762.7 764.9 768.2 771.5 771.1 770.8 765 757.7 751.2 743.8 736.6 738.3 741 743.8 746 749.3 755.6 758.9 760 760.5 759.4 762.3 764.5 765.4 765.4 765.3 761.3 759.6 755.5 754.8 756.6 763.1 767.4 771.4 773.6 775.2 775.3 770.5 767.9 766.8 762.9 762.5 750.4 731.2 714.8 695.6 683.5 673.2 667.1 667.3 672.3 685 699.2 716 732.4
687.7 688.3 690.2 684.7 681.6 685.2 683.2 682.1 684.3 689.5 690.8 695.6 703.5 711.2 718.6 727.8 735 745.7 756.1 765.2 773.5 779.2 781.9 783.8 786.5 785.8 782.3 776.6 770.4 764 757 748.3 744.3 749.1 753.3 757.7 759.8 762.9 767.6 770.4 771.3 771.7 771 773.7 774.3 774.3 771.9 771.3 768.4 765.6 761.4 760.3 762.1 767.1 771.8 775 777.4 778.2 776.2 771.5 771.1 768.8 765.7 764 748.9 732.2 717.2 702.1 684 670 672.1 672.3 675.6 685.1 700.9 715.3 733.3
686.8 690.2 691.4 682 685.7 685.5 688.3 690.3 692.8 696.3 704.5 711.6 718.9 726.8 734.5 745.7 757.3 766.6 774.2 785.6 799 803.9 803.2 800.4 801.6 796.9 789.7 783 776.1 768.2 759.7 753 756.4 761.2 766.3 769.3 772 774.6 777.1 778 779.3 779.3 779.7 780.9 781.5 781.5 778.2 776.8 773.2 769.8 764.5 767.3 768.6 771.2 776.1 781.3 781.4 782.1 777.7 770.2 772.9 769.4 767.7 761.4 753.6 739.3 714.2 702.2 684.9 680.1 673.6 676.6 679.6 689.4 701.6 719.3 735.4
683.6 687.5 685.3 681.5 686.5 692.3 695.4 699.5 704.3 712.1 720.3 728.6 736.4 744.9 754.8 766.4 776.6 788 799.4 812.4 825.6 830.5 820.7 817.5 811 804.3 795.6 787 779.7 770.9 762.7 763.7 767.8 772.5 776 779 781.4 782.8 783.9 784.9 785 786.1 786.3 786.8 787.4 787.2 784.9 781.3 777.2 772.9 770.1 771.6 772.8 776.2 780.8 785.6 785.8 783.7 778.6 775.8 772.5 770.9 766.7 761.7 757.2 737.4 716.9 702.1 687.1 683.4 682.5 683.1 685.6 689.9 701.6 718.8 736.2
683.6 686.6 681.4 687.5 694 698.1 705.1 711.7 719.7 729.3 739.8 748 755.4 764.7 774.4 784.4 795.7 807.9 819.5 831.2 841.9 845.6 837.7 827.3 818.7 809.5 798.2 787.3 780.3 772.8 769.3 773.7 778.1 781.6 784.4 788.3 789.3 789.1 791.5 790.9 790.8 792.2 792.8 793.2 793.2 792.9 789.6 784.8 780.1 776.5 776 775.6 777.3 782.1 787.7 789.3 789.8 784.5 778.6 777.1 774.3 770.8 765.1 761.5 752.6 733.8 716.7 699 690.9 687.1 688.1 689.8 691.6 693 705 722.7 738.7
683.6 683.7 688.7 692.9 700.3 709.2 716.6 726.1 736.6 750.3 760.5 767.9 773.9 781.1 789.2 798.7 809.4 820.4 832.5 842.6 853.2 861.6 848.3 835 823.6 812.2 799.5 789.6 781.5 777.1 778.4 783.7 787.8 791.3 794.6 796.5 796.3 794.7 796.4 797.2 794.8 793.4 792.6 792.6 795.3 796.3 793.5 785.5 782.3 780.8 778.5 779.1 781.1 786.9 789.8 790.9 787.5 775.9 781.1 778.9 775.2 770.1 766.2 759.4 743.7 732.4 714.6 701.8 696.6 691.7 694.9 697.6 700.6 699.5 708.3 724.4 741.4
683.6 684.1 694.4 700.8 709 720.3 730.6 743 758.3 772 778.4 784.4 790.8 796.8 804.4 812.2 822 833.3 843.3 854.1 865.5 871.8 856.9 841 826.2 812.1 800.6 791.1 784.6 783.3 788.2 792.2 797.6 800.5 802.3 803 801.8 799 797.2 798.2 798.3 797.6 796.7 796.3 796.1 797.8 793.7 788 784.8 783.7 781.6 781.9 784.3 789.1 791.3 790.1 784.4 784.4 781.9 779.7 776.1 770.1 763.8 755.3 742.1 727.2 711.7 699.1 702.4 699.8 702.1 704.3 711.1 711.1 713.5 730.3 744.4
683.6 689.7 700.9 709.1 719.7 733.7 749 764.5 779.9 787.6 794 798.9 804.4 811.4 818.3 826.1 835.6 845.5 856.2 867.6 877 877.3 862.5 843 826.1 810.6 800.8 793.6 789.6 790.8 796.1 800.7 804.9 807.9 809.6 809.1 806.7 803.2 804.3 803.4 803.8 802.7 800.7 799.7 800.4 798.5 793.3 790.3 788 786.6 784.2 785.1 789.1 792.8 793.7 791 787.3 786.8 785.9 782.2 776.2 769.2 761.1 748.3 739.1 723.3 714.1 711 706.7 705 708.6 712.1 719.5 719.9 715.8 733.6 748.5
685.5 696.6 709.2 718 733.3 749.4 768.9 785.6 796.2 802.9 808.6 812.5 817.3 825 831.6 839.7 849.2 859.1 870.9 880.9 886.9 882.1 862.1 840.6 824.3 812.3 801.6 797.6 794.3 798.5 803.6 807.8 811.2 813.8 815.1 814.7 814.3 811.1 811.1 808.3 808.2 805.1 805 802.8 801.9 797.3 794.1 793.5 792.1 789.5 789.3 791 793.8 796.8 795.5 792.3 789.9 789.4 786.5 780.9 773.6 769.2 759 745.3 733.3 722.7 715.8 715.6 714 714.4 718 722.6 729.9 731.8 728.7 734.2 754.4
688.4 703 716.4 730.1 745.8 765.4 786.7 802.6 811.6 816.6 821.8 827.2 833.5 838.5 846 855.5 865.9 876.7 886.6 894.5 894.1 880.6 859.5 838.5 825 812 806.2 802.4 802.1 807.3 810.9 813.7 817 820 821.1 823.2 823.5 820.5 818.3 816.6 813.7 811.7 809.6 805 802.9 800.5 800 799.3 798.2 795 795.4 797.7 797.9 798.4 797.6 796 792.9 790.9 786.3 780 773.8 765.3 755.8 742.3 730.3 722.2 721.1 721.2 719.2 725.7 726.3 730.1 739.2 741 745.6 747.1 750.5
696.5 710.3 723.1 739.7 757.8 781.6 803.2 815.7 824.2 831.2 836.4 842.5 847.9 854.9 862.6 872.1 882.9 893.2 901.6 903.5 896 877.9 855.7 839.4 823.6 813.9 811.8 809.6 811.9 815.3 817.9 820.2 824.1 827.9 828.9 832.2 834.4 832.5 830.1 827.5 824.8 821.4 816.3 810.3 808.5 807.2 810 806.6 806 801.7 802.2 806.3 803.8 802.4 800.7 799.2 794 790.9 785.7 778.3 773.3 763 750.2 740.4 728.4 727.2 728.3 727.6 728.7 733.6 737.3 741.2 747.1 750.9 754.7 760.2 763.1
702.1 716.9 732.1 749.8 773.1 796.7 815.9 827.6 837.5 844.2 851 856.4 863.1 871.8 879.9 890.4 898.8 907.1 913.3 909.6 894.5 873.6 854.4 838.1 823.4 822.6 818.8 819.8 821 822.9 824.6 827.1 832.2 837.2 841.4 842.7 843.2 843.3 842.5 840.5 834.9 830.9 826 820.8 818.7 818.6 818.4 814.8 815 809.2 809.3 813.5 810.1 807.6 804.3 800.2 794.9 791 785.9 777.8 770 755.8 745.8 733.2 732.4 733.9 733.8 732 738.7 741.8 749.8 751.9 756.2 760.1 763.3 769.6 776.2
708.5 723.1 740.9 761.8 788.9 811.6 827.3 839.2 849.5 857.1 863.7 872.7 880.7 889.7 898.4 906.2 912.7 919 921.8 912.5 891.5 870.8 853.7 837.1 829.4 831.2 831.8 830.9 830.5 829.8 832.1 835.8 842.4 849.4 855.1 856.1 858.4 854.7 855.3 850.4 845.5 841.7 836.9 836.6 832 830.4 828.6 823.6 823.3 817.9 822.1 816.2 815.8 812.3 800.7 800.4 796 790.3 783.2 774.9 766.7 751.2 739.6 738.2 733.9 736.7 737.3 740.9 744.8 751.4 759.7 763.1 766.2 769.7 773.9 779.5 783.3
712.5 731.7 750.9 774.9 801.1 823.3 838.5 851.9 861.7 870.3 880 890.3 898.8 906.9 914.5 921.1 925.8 928 925.9 911.3 888.3 869.1 853.3 837.9 840 842.3 841.4 842.6 839.3 838 841.2 846.8 854.8 862.6 868 870.2 874.1 868.8 869.9 863.2 856 853.7 849.9 846 842.7 841.3 836.8 832.4 829.9 828.7 825.8 823.1 818.8 812.3 802.2 800.4 797.4 789.2 780.3 771.2 758.4 747.4 742.2 743.5 742.3 743.2 746.2 748.1 752.2 762.5 769.3 772 777.7 781.1 783 787.5 791.2
719 741.6 761.3 785.1 812 832.2 849.2 862.4 873.2 884.5 895.4 906.5 915.3 923.6 930.8 934.9 936.8 933.5 926.9 907.2 885.4 867.5 851.1 846.9 851.7 854.6 855.8 851.3 848.2 848.7 852.5 861.1 869.2 875.6 879.9 886.4 889 886.9 884 875.3 868.6 868.7 861.6 856.1 853.2 850.6 844.7 838.6 835.2 832.6 826.6 820.8 819.6 809.5 806.7 800.1 797.2 786.2 776 766 757.2 747.1 748.1 748.1 750.2 749.5 752.8 757.4 764.3 772.1 777.1 781.6 788.4 790.6 792.7 796 798.9
729.5 751.8 772.5 798.4 821.9 842.4 859 871.9 884.9 898.7 910.6 921.6 931 939.8 944.7 947.8 945 939.1 925.9 901.7 882.7 864.9 854.5 857.6 863.7 868.2 866.9 864.8 861.8 862.2 868.1 878.3 883 888.7 894.8 902.4 907.5 903.6 894.5 888 881.1 879.7 871.9 866.2 860.9 857.1 850 844 840 835 828.3 824.1 820.5 809.8 803.9 800.1 794.9 784.3 771.5 763 750.8 747 751.9 754.7 755.3 755.8 762.3 767.2 774.6 779.9 785 791.4 798.6 801.2 801.8 803.4 803.9
737.7 759.6 786.5 811.1 833.6 851.6 867.2 882.2 896.7 910.2 923.4 935.1 946.1 954.1 958.6 958.5 953 942.1 919.6 896.3 878.9 867.1 863.9 868.8 874.1 877.3 876.3 876.5 876.5 881 884.6 893.6 897.6 903.4 910.9 919.4 921.3 924.3 914.3 898.7 895.2 892.5 883.7 874.1 867.1 859.9 851.6 847 843.7 838.6 831 825.1 820.9 808.6 804.6 799.9 791.4 781.7 767.4 756.3 748.8 750 755.3 761.1 765.6 765.4 772.8 777.8 780.7 787.8 793.4 801.1 806.8 810 809 809.4 807
746.8 768.2 795.9 821.6 842 857.9 874.9 891.2 907.1 921.6 934.5 946.9 958.3 967.5 971.3 969.1 960.7 940.8 913.9 893.4 881.1 874.9 873.9 879.5 883.3 885.9 889.5 891.5 894.6 896.1 898.6 907.2 913.7 920.2 926.9 934.7 937.2 940.8 925.9 915.3 909.1 908.5 898 886.3 874.5 862.5 855.8 849.9 845.4 840.4 834.4 823.3 812.8 810.3 804.1 796.6 786.4 775.9 762.6 755.4 749.8 753.4 759.5 766.4 773 776.3 782.7 785.5 788.8 795.7 801.9 808.7 813.9 816 814.8 813.1 808.6
754.1 777.6 804 828.2 847 866.2 883.5 900.2 916.3 930.9 945 958.2 970.3 979.4 981.1 976.5 964 936.3 913.8 899.3 889.9 884.8 886.5 890.6 894.8 901.2 907.6 914.6 917.2 915.6 917.5 922.3 929.3 934 941.5 949.1 956.8 959.9 949.4 934.7 926.4 918.1 907.8 891.2 881.4 867.2 856.1 852.2 847.3 841.9 832 818.3 811.9 809.3 801.4 790.6 780.2 768.5 758.2 752.7 752.7 757.6 760.9 770 779.1 786 791.9 793.6 797.4 802.9 808.5 815.9 820.1 821.1 819.9 815.2 810.7
760.4 785.8 811.6 833.8 852.2 871.7 889.6 906.9 924 939.4 953.4 967.7 980.3 989.4 990.6 984.7 968.4 941.6 920.6 907.2 901.6 898.5 899.5 902.9 907.4 920.6 928.9 936 938.6 938.4 936.2 936.8 940.1 943.2 951.7 960.2 968.2 979.4 981.1 960.7 953.4 929.8 908.5 900.9 890.4 872 865.8 855.2 848.1 842.9 828.7 812.8 813.8 807.6 797.4 785.3 773 761.5 754.9 754.5 757.6 763.3 766.8 774.1 786.8 793.4 798.6 799.8 802.9 808.3 814.7 820.9 825.1 826.2 823.5 819.1 814.6
763 787 815.1 837 856.4 876 893.3 912.8 930 947.3 963.2 977.1 990.5 999.4 997.9 991.2 975.5 950.7 930.1 920.1 916.5 916.1 916 921.1 932 944.4 950.6 955.4 953.8 950.7 946.9 943.7 948.1 952.9 959.5 968.5 982.8 997.6 996.8 980.4 961.1 942.4 928.9 910.7 895.6 879.1 872 858.5 850.1 840.6 825.3 816.3 811.8 802.9 791.8 778.4 769.3 760.3 756.4 757.5 761.6 768.6 772.1 780.7 794.6 799.6 804.8 806.5 808 812.5 818.9 825.3 829.9 830.5 828.7 824.1 819.1
769.8 795.6 820.2 840.9 859.7 877.8 898.5 917.9 935.9 953.6 971.3 987.6 1001.7 1007.9 1005.3 998.9 986.1 964.9 947.3 938.5 936.1 940.6 946.7 954.5 963.4 969.3 970.1 967 960.5 954.2 947 943.7 950.4 955.6 967 982.4 997.8 1006.6 1004.5 986.4 973.9 957.4 938 918.2 903.7 887.3 873.4 863.4 850 836.3 821 813.3 808.4 797.9 786.9 775.8 764.9 761.4 759.4 760.8 767 776.2 775.3 785.7 798.7 805.5 809.3 811.1 812.6 816.2 823 831 835.1 835.6 834.1 829.6 824.9
777 803.5 825.7 845.2 863.5 884.3 906.8 925 942.7 961.6 979.8 998.4 1012.9 1017.7 1015.9 1008.4 997.2 980.5 969.6 965.7 961.8 967 976.4 979.7 981.7 980.9 979.9 973.5 962.1 950.5 943.7 946.1 953.2 958.8 974.6 992.6 1005.8 1014.8 1004.9 997.5 983.2 962.2 942.8 924 910.2 894.4 877.8 864.1 851.6 831.5 819.7 812.8 805.7 795.7 790.5 773.9 764.3 760.5 761.8 765.9 773.8 780 785.1 790.6 803.3 810.9 815 814.9 816.4 822.2 829.1 837.1 840.9 840.8 838.8 835.8 831.6
784.6 812.2 832.9 849.9 871 893.4 915 933.5 952.7 972.5 992.8 1010.9 1023.6 1029 1026.9 1020.9 1014.1 1002.2 998 996.3 996.2 996.4 995.9 993.6 989.4 986.6 983.6 974.9 963.3 947.9 947.5 949.5 957.9 961.8 978.2 995 1009.3 1013.8 1010.5 997.3 982 960.7 941.8 928.2 914.9 895.2 879.8 864.1 845.2 828.6 818.7 813.2 802.7 796.3 789.4 769.5 763.1 762.6 765.2 771.3 779.6 785.8 790.3 796.6 808.8 814.2 816.3 818.8 823.2 829.7 836.5 843.8 845.9 844.6 843.1 841.3 838.6
793.3 820.8 839.2 859.7 882 903.9 925.1 945.9 966 986.5 1005.7 1023.2 1035.4 1041.6 1040.4 1036.6 1031.1 1026.9 1023.6 1023 1018.7 1013.6 1007.5 1000.5 992.5 985.5 980.1 969.4 955.8 951.8 951.9 946.7 955 960.7 974.7 990.7 1003.7 1008.3 1005.6 993.4 975.3 954 938.1 926.5 915.2 895.9 880.5 860.2 838.2 830.6 824.3 810.7 801.7 796.3 779.3 768.7 763.7 765 766.8 776.7 784.9 795 797.2 803.1 811.4 816.8 824.7 825.9 830.5 835.7 842.8 850.1 851.7 850 848.3 847.4 846.1
803.4 827.7 847.8 869.9 891.8 915.9 938.7 961.6 982.7 1000 1018.4 1034.5 1046.9 1053.4 1053.9 1050.6 1046.5 1043 1042.2 1040.2 1034.7 1025 1013.7 1002.1 990.1 982.3 975 965.1 956.5 952.2 949.9 951.5 954.5 961.6 969.3 984.7 993.1 997.6 996.9 986.4 964.4 945.1 933 924.9 914.1 895.5 877.2 856 841.5 832 824.5 804.4 800.3 790.4 778 772.1 766.1 766.4 770.7 781.5 796.1 801.9 797.8 811.7 818.9 825.3 831.8 831.8 836.9 841.2 848 854.6 856.8 855.5 855.3 855.5 855.7
813.5 836 858.1 880.5 905.1 931.3 954.9 978.7 996.3 1013.7 1028.3 1044.8 1057.4 1064.8 1066.6 1063.5 1058.5 1054.5 1051.3 1048.1 1041.6 1030.6 1015.3 1000 984.6 975.3 966.1 957.8 952.1 951.2 947.3 951.8 955.1 961.2 964.9 975.3 982.8 986.8 985.5 974.7 953.3 938.6 929.7 922.3 912.3 895 876.2 860.5 845 832.9 817.8 803.4 797 785.4 783.7 772 768.5 768.1 774.9 788.8 801.9 807.7 805.6 820 828.6 838.3 839.2 836.5 843.6 846.3 852.5 858.1 860.6 862.1 862.8 862.9 863.7
