public/OST50/NJ00.asc
ncols 200
nrows 200
xllcorner 300000
yllcorner 800000
cellsize 50
[rows 34 to 67 of 200, columns 0 to 76 of 200]
482 486.1 486.2 485.9 484.4 484.3 483.8 493.1 509.8 521 534.9 534.8 531.4 539.2 560.2 583.7 601.1 619.9 634.7 650.8 663 659.4 678.2 701.6 713.7 723.4 731.9 736.5 732.1 719.4 697.2 671.8 651.7 639.4 625.8 618.2 609.5 596.8 580.2 573.2 553.8 549.8 546.4 543.4 542 521.6 504.3 501.5 501.3 501.8 503.7 507.1 511 517.2 537.1 559 585.4 610.9 628.7 653.1 676.3 700.5 718.3 735.2 753.1 768.6 779.5 786.2 791.2 794.4 796.6 797.7 798 798.5 800.2 801.7 803.7
486.5 490.1 490.5 491.9 491.4 488.3 485.4 497.7 514.5 525.9 535.4 538.2 531.4 538.3 556 575.3 593.5 611 627.7 642.2 651.9 659.4 679.1 694.8 709.7 721.7 730.8 735.8 735.3 722.9 697.2 670.9 651.4 639.8 629.2 620.3 606.5 591.1 576.3 567.2 553 548.8 548.3 543.6 529.2 507.7 502.9 503.4 501.4 502 506.8 511.9 517.5 523.1 542.1 562 583.3 606 622.3 641.3 662.6 685.7 705.7 723.6 744.8 761.3 774.1 783.2 789.7 793.8 797.1 799.3 800.2 801.7 803.2 804.6 807.9
491.4 493.5 494.9 497.3 495.8 492.2 490.7 493.9 511.3 527.5 536.9 535.2 531.4 538.3 553.5 570.6 586.5 603.3 619.7 634.9 647.8 660 673.1 685.6 703.2 718.7 726.9 733.1 725.9 715.3 698 675.4 656.6 645.5 637.8 624.6 603.4 589.9 585.4 567 554.7 549.5 548 535.8 512.2 503.2 504.7 504.5 502.1 503.3 506.9 512.9 521.2 528.9 535.4 553.8 572.4 591.7 606 621 642.6 666.9 687.8 707.5 728.8 750.4 765.8 776.7 785.1 790.4 794.6 798.6 801.7 803.2 805 807.2 810.2
496.3 498.3 499.1 502 503.5 497.5 494.2 494.9 504.5 522.3 537.6 533.3 532.3 540.4 551.7 566.9 582.4 598.9 611.9 627 640 654 665.9 678.2 693.4 712.5 721.8 715.4 723.3 703.2 679 672.9 664 650.1 635.3 617.1 607.8 599.7 592.5 575.6 555.8 552.3 544.3 525.1 506.9 505.9 505.3 506 505.8 504.6 506.3 518.9 527.8 533.4 540.3 544.5 556.5 568.1 576.9 596 618.6 645.2 666.5 686.6 708.2 732.7 753.7 765.9 776 784 790.4 795.2 798.9 802 804.2 808 812
499.8 503.5 503.5 505.6 509.5 504.4 497.5 497.9 501.4 519.4 535.2 529.4 534.5 541 551.6 566.6 583.7 599.1 608.6 619.6 631.9 647 661.5 674.6 690.3 709.1 723 732.4 716.7 705.8 675.8 658.4 642.3 632.3 619 602.4 596.4 593.6 590.4 582.4 555.4 546.7 527.1 511.6 505.9 507.6 508.3 507.4 504.6 505.8 511.3 529.6 540.1 547.4 553.2 558.8 563.3 568.9 578.7 587.4 595.4 627.1 646.7 667 687.7 710.6 731 743.9 755.2 766.9 775.3 782.8 791.1 797.6 802.4 806.1 810.3
501.2 505.2 507.4 510.6 511.1 511.4 505.7 499.9 504 511.5 517.2 531.6 538.2 543 553.1 567.2 582.1 595.6 605.5 614.7 627 640.8 656.1 673.4 689.7 709.3 724.6 734.6 738.3 726.8 703 678.7 669.3 662.7 646.1 630.4 610.8 593.5 588.8 568.5 549.1 532.7 514.7 509.6 507.5 510.5 510.4 508.6 506.6 508.6 520.7 540.1 551.2 559 566.8 575 581.5 585.5 586 598.4 614.8 606.6 638.6 653 669.5 690.5 706.2 714.3 722 732.4 744 757.9 773.2 786.4 796.6 802.7 807.8
503 507.8 511 513.9 514 518.8 512 509.5 504.9 510.6 527.5 536.6 544.1 549.9 556 568.3 581.8 594.4 603.7 612.3 625.4 640.1 657 675.9 693.4 714.9 730.4 746 753.6 740.6 722.9 696.5 676.7 667.5 661.4 646.4 619.2 594.4 578.8 558.8 540.8 523.4 512.6 509.4 510.1 511.6 510.8 509 508.9 512.4 533.1 553.2 562.4 570.5 579.2 588.2 597.2 602.8 600.6 603.5 619.3 629.5 625.7 639.6 647.9 663.1 677 684.5 687.6 697.7 711.2 728.6 748.1 766.8 784.8 796.6 803.4
508.5 514.4 516.5 516.8 520.2 521.2 526.8 514.5 507.9 511.9 529.9 542 551.9 559.4 564.8 570.2 585.1 596.8 605.2 613.7 629.1 644.8 662.4 682.2 704.9 724.3 741.8 759.7 767.1 756.7 737.9 711.9 692.3 679.8 663.8 649.3 627.8 601.4 580.7 561.6 543.2 523.2 511.9 511.1 512.5 513.5 510.4 510.3 511.4 521.8 544.5 564 575.5 582 591.5 598.9 609.8 616.3 617.7 619.2 622.8 636.3 633.4 636.3 642 649.3 655.9 658.6 662.6 672.3 686.9 707.1 728.7 748.7 770.9 788.2 799.2
515.3 518.8 519.6 521.3 530.4 534.6 529.6 511.4 513.9 519.4 534.9 550.1 561 572.7 579.1 584 585.4 597.9 606.3 619.9 635.1 651.3 670.8 691.6 714.3 730.7 752 771 780.9 776.9 753.6 728.8 707.5 687.1 665 652.8 632.8 611.3 587.7 566.3 545.4 523.7 512.2 512 514.1 515.1 511 512 513.1 531.3 553.4 571.6 584.4 595.2 605.1 614.5 625.1 629.9 630.6 635.5 647 653.9 650.9 648.7 646.3 649.9 658.1 661.8 667.4 673.3 680 692 713.9 736.5 758.8 779.4 794.3
516.5 523.2 525.8 532.1 538.3 541.7 523.8 518.1 520.8 526.1 544.2 558.8 572.5 579.9 587.8 596.6 593.6 600.7 613.2 626.4 640.9 656.9 676.9 700.4 722.4 737.4 760.9 781.6 795.6 800.9 777.3 750.3 725.3 698.8 672.8 655.3 640.9 615.8 589.8 569.4 548.8 527.6 513.9 513.3 515.7 515.3 513.4 514.5 516.2 536.3 558.6 580.7 598.3 612.1 621.7 633.8 641.4 646.4 652.9 655.7 663.7 666.5 664.5 668.3 656.3 658.7 661.9 667.9 672.8 678.6 684.8 687.2 705.6 727.3 748.9 772.7 790.8
525.3 530.1 532 541 542.6 528.2 518.9 522.4 528.6 538.4 552.4 569.9 581.1 587.4 595 599.1 600.5 609.1 617.7 631.6 646.7 662.7 682.1 706.3 727.2 744.4 769.3 793 811.8 820.3 801.6 776.1 746.5 712.3 679.7 658.9 642.9 631.3 602.4 574 553.1 535.1 521.2 518.7 522.2 517.1 515.1 515.5 519 538.3 563.2 588.2 609.7 628.3 639.8 652.4 666 676.1 683.6 684.9 685.1 684.1 678.8 674.8 671.7 669.5 672.8 674.9 681.6 688.1 696.9 700.3 706.6 728.8 751.6 773.8 791.5
530.8 534.6 538.9 537.5 529.1 520.1 523.6 529.4 539.9 546.9 565.6 579 587.8 595.1 600.4 601.9 608.2 621.7 627.2 638 651.9 667.7 686.2 709.8 729.8 749.9 775.8 801.5 823.3 835.5 825.1 799.8 766.6 724.4 689.4 665.9 642.8 632.2 615.1 583.5 561.5 544.1 526.8 524.9 523 518.6 517.2 516.9 520.8 538.6 563.7 592.2 616.7 638.8 656.2 673.6 689.8 702.4 707.2 708.3 708.1 705.4 695.4 692.6 688.7 685.8 690.5 693.2 695.8 702.9 708.2 714.8 707.5 736.7 759.7 778.2 792.9
532.9 530.7 532.6 524.2 521.8 527.9 533.6 542.3 556.1 555 566.6 585.4 593 599.5 604.3 608.5 624.1 633.6 641.2 647 657.5 672.9 689.1 712.1 731.2 753.5 781.9 806 830 849.4 846.7 820 782.1 741.4 699.9 671.9 650.9 633.7 621.1 592.4 565.8 548 530.3 529.3 524.9 518.6 518.7 519.9 519.4 535.9 560.9 589.7 616.5 642.4 666.3 687.7 707.8 722 731.1 732.3 725.8 723.6 719.6 714.4 711.8 707.6 713 715.3 717.4 722.7 727.9 729.3 728.6 741.8 762.9 782.4 795.7
529.6 528.9 526.6 529.7 536.7 544.8 548.9 563.8 575 578.6 561.7 586.8 597.9 602.3 608 619.8 633.1 643 652.9 659.7 664.5 677.1 692.4 713.6 732.8 756 785.2 812.9 836.9 859.5 864.9 835.7 802.5 761.6 714.8 681.4 653.4 636 621.6 605 572.8 547.6 531.6 530.5 522.4 519.3 520.1 521.4 520.9 530.8 557 584.5 611.4 637.4 663.8 690.8 715.5 739.6 754.5 761.5 746.9 743.7 748.6 745.5 739.5 738.5 743.2 744.3 743.8 745.2 751.7 753 753.6 744.5 766.6 786.2 798.4
532 535.5 540.1 543.2 556.5 565.6 566.9 578.1 584.5 593.2 588.7 580.3 596.4 605 613 628.5 640.9 654 665.2 672.9 677.3 682.5 696.7 715.3 736.2 759.7 789.5 816.7 841.1 863.5 876.5 857.6 819.1 784.7 733 691.5 663.1 640.6 623.9 608.7 579.4 549.7 533.4 527.2 521.9 522.5 522.8 522.3 522.6 524.8 550.1 577.2 602.6 627.6 656.5 687.7 716.9 740.7 761.5 775.9 772 767.8 770.2 774.5 772.6 771.7 776.6 778.1 773 772.9 777.2 776.5 771 763.6 767.9 788 800.1
542.8 549.3 556.2 556.2 571.2 579.6 582.2 585.1 590.7 598.1 595 586.3 598.6 609.8 620.6 635.2 649.2 665.1 676.9 684.9 689.3 691.8 701.2 716.7 739.1 763.4 792.3 819.8 841.7 866.8 882.8 869.5 833.4 797.3 752.4 705.8 669.9 648.5 629.2 612.7 588 556.8 535.8 527.2 523.2 525.3 524.8 524.8 525.1 526 542.6 568.7 596.3 621.3 652.6 682.9 699.2 715.4 739.3 764.7 778.9 784.5 790.2 795 801.1 801.9 805 807.4 803.8 800.1 801.7 797.4 785.3 777.2 768.5 785.9 798.7
553.4 560.9 562.8 571.2 582.3 587.7 590.7 593.7 597.5 600.6 592.7 599.6 604.6 613.7 625.4 642.7 656.9 672.9 686.9 695.2 702.4 707.6 711.3 719.6 741.3 765 793.3 821.8 847.1 869.1 887 878.9 852.9 817.5 767.1 720.2 681.6 655.7 640.3 614.5 599 570.1 540.6 529.6 526.1 526.2 529 526.1 528.7 530 540.2 571.8 603.5 626.2 649.8 666.4 689.9 704.2 730.7 755.5 775.3 790.4 801.7 808.2 814.6 819.7 823 829.1 828.3 823.1 822.2 814.4 798 785.1 778.1 783.2 795.4
564.1 571 578.7 586.2 596.2 599.2 601.4 603.8 605.2 604.5 600.8 607.6 609.2 615.7 631.6 648.2 661.2 678.6 693 705.9 715.5 722.5 727.4 731.4 746.2 769.5 797.4 825.6 851.9 873.8 891.2 885.9 862.9 823.2 776.2 730.5 687.9 660.7 644.2 620.3 602.6 579.4 547.8 533.1 529.4 528.9 532.2 528 533.3 535.6 546.4 581.1 615.1 629.8 647 657.1 674.8 694.2 720.4 746.7 767.5 786.3 805.4 817.9 825.3 831.2 837.9 846.8 846.5 848.3 841.2 828.9 808.8 792.6 783.1 782.6 795.4
575.5 582.7 588.8 593.1 601.2 609.3 610.5 610.2 611.1 609.8 609 611.2 614.4 618.6 635.2 651.4 665.7 681.5 697.7 713.7 726.8 735.1 741 742.8 755.1 777.3 804.6 832.4 859.1 880.4 898.4 898 869 833.5 794.5 748.7 703.5 668.7 646.8 630 605.8 588.7 559.2 539.1 531.6 531.8 532.7 531.4 537.3 543.5 553.5 577.8 606.5 625.5 634.5 646.7 665.6 687.4 713.5 735.4 759.1 785.1 809.6 826.8 835.7 841.1 851 863.1 866.4 868.2 857.5 838.4 816.3 801 789.8 784.4 799.2
587.4 595.2 601 602.9 606.2 614.1 616.2 615.3 614.6 615.7 617.3 616.2 619.5 621.5 637 653.7 668 683.9 702 721.7 736.9 749 758.7 766 774.6 794.4 815.3 842.9 868.7 888.2 905 906.7 878.9 847.9 802.3 763.1 719.4 679 652.1 631.4 610.9 596.8 573.7 545.7 533.5 533.5 532.5 532.8 538.8 547.5 557.1 579.5 608 624.1 630.4 651.2 675 693.7 715.4 733.4 762.4 790.2 818.3 836.8 847.3 855 863.6 876.1 883.5 884.4 871.6 844.4 822.5 808.2 798.8 794.2 804.8
598.6 610.2 617.4 619.8 621.8 624.3 624.8 626.3 626 626.7 626.7 623.8 623.6 625.8 637.1 655 671.3 686.5 706.2 727.9 746.6 761.7 775 786.4 800 815.4 835.2 858.7 878.3 895.5 910.2 914.3 888.8 858.1 812.9 775.8 731.7 689.8 661.5 638 617.3 598.6 583.5 552 535.5 535.7 534.3 532.9 538.3 555.2 561.9 575.8 605 626.9 634.9 657.3 678.9 695 712.2 733.7 765.3 794 818.4 842.7 857.9 866.5 875.1 885.8 893.8 895.2 884.2 853.4 832.6 818 806.6 805.2 810.8
607.3 623.4 632.1 633.7 634.5 634.4 634.6 636.9 637.1 636.9 635.3 632 625.6 630.6 641.3 658.6 673.4 688.5 709.9 732.4 753.6 773 790.8 804.3 817.9 834.4 856.6 874.8 891.4 905.9 917.2 919.1 897.1 866.5 829.2 786.6 739.1 706.7 670.7 643 624.2 608.3 594.1 564 542.5 537.3 537 536 543.4 559.6 576.1 579.4 594.4 614.9 636.9 655.6 672.8 692.9 708.4 731.3 760.9 792.1 819.3 849 869.1 876.1 884.2 894.9 903.6 904.7 898.4 867.2 845.2 828.7 817.6 816.2 820.6
609.2 627.8 641.8 646.1 647.2 646.9 647.8 647 646.8 645.8 642.5 641 636.3 636.1 644.2 660.9 674.9 691.3 712.8 736 759.8 783 804.6 820.8 833.5 852.8 873 888.7 905.9 918.6 926.7 926.6 908.1 874.8 835 798.5 751 720.4 685.9 654.9 631.1 617 602.8 575.3 557.5 539.9 539.9 539.2 550.4 570 588.4 603.6 601.8 612.2 621.4 647.3 670.8 693 707.9 733 760.8 784.6 814 846.4 875.5 884.1 892.7 901.4 909.4 911.6 908.1 884.8 860.6 845.4 831 829.7 830.2
601.2 622.9 647.4 659.5 662.4 662.1 661.9 661 661.3 657.9 652.2 650.5 647 640.3 646.1 661.1 676.3 692.9 715.7 739.3 764.4 789.2 813.8 831.2 849.9 867.4 887.4 904.4 918.8 928.8 935.1 933.8 919.9 885.2 846 809.7 766.8 730.2 696.9 665.8 640.4 625.8 611.4 579.3 565.9 542.9 542.4 541.4 545.8 574.2 593.4 604 613.7 638.6 648.5 653 669.4 688.2 705.2 730.8 761.4 779.5 806 842.4 874.7 891.2 900 906 913.8 918.6 919.2 901.7 874.9 860.1 846.8 840.3 839
590.8 612.3 639.4 666.4 678.2 677.7 678.2 677.3 676.2 671.9 665.1 661.8 656.7 649.5 652 662.7 677.9 694.8 715.6 739.8 765.7 791.3 817 836.9 859.9 881.2 898.6 916.7 928.1 937.9 940.9 942 932 895.6 853.8 816.6 778.6 742.4 707.2 674.8 646 630.5 614.4 592.9 567.6 552.4 544.6 543.7 544.5 571.1 594.5 606.6 621.1 640.9 659.6 664.7 668.4 684.1 701.4 728.2 757.6 774.9 804 838.8 878.2 897.1 904.4 911.1 919.7 926.6 929.3 918 893 879 862.7 852.4 846.8
584.8 603.8 633.7 665 691.7 695.1 694.9 692.8 690.4 685 679.4 673.3 667.6 661.6 658.3 667.9 681.1 696 715.9 739.3 764.2 790.4 815 839.7 864.7 887.4 906.8 925.8 937.2 945.2 947.8 948 938.9 896.4 861.8 824.7 790.9 756.7 721.9 686.1 654.6 631.2 616.8 591.3 581 566.1 548 547.3 549 563.2 593.3 617.6 631.2 642.1 663 680.2 681.7 681.6 693.6 720 748.7 769.6 804.3 841.1 878.4 895.1 907 915.1 926.5 934.3 940.2 933.3 912.5 895.2 880.7 867.9 859.1
582.5 597.2 624.8 674 695.8 710.8 712.4 711.5 707.1 700.1 693.1 685.9 678.1 673.8 667.3 671.4 684.7 699.9 719.3 742.5 762.9 785.8 812.5 840.9 868.3 893.9 913.2 931.9 943.6 949.1 952.6 950.6 937.7 902.4 872.5 837 799.5 766.1 730.6 696.4 664.3 635.8 620.4 600.8 582.9 568.5 559.5 548 555.5 566.7 588.2 614.7 638.3 645.8 661.7 688.2 690.6 683 686.2 707.6 733.7 766.2 801.9 837.9 872.3 889.7 907.2 918 931.4 940.9 950.8 947.6 933 911.3 895.2 880.2 872.4
583.8 588.9 618.2 651.4 681.8 712.7 727.1 729.6 725.8 718 709.2 701.4 694.3 686.8 680.8 682.4 690.7 702.4 721.4 741.6 758.8 779 806.6 839 870 896.8 917.5 936.7 947.4 952.5 957.1 954.6 938.9 908.9 878 842.2 806.1 767.5 732 702.5 670.7 641.9 630.2 607.2 583.2 568.5 553.3 554.4 555.4 569.1 588.5 610.2 626.9 645.6 658.4 675.3 685.2 681.7 687.5 698.1 722.4 757.8 788.7 818.3 844.8 871.1 902.8 918.8 933.1 944.3 958.7 959.5 951.2 929.7 908.5 892.3 885.9
590.7 591.7 608.1 635.8 666.9 700.5 730.2 740.6 741.3 734.2 724.9 716.8 706.6 697.8 693 694.1 701.9 714.3 726.1 743.1 758.9 772.4 796.5 830.8 865.5 897.3 919.2 939.5 949.2 955.3 961.2 960 945.6 912.2 882.5 847.1 811.5 774.8 734.1 706.1 678 647.3 630.9 609.9 585.6 572.5 556.2 559.6 559 568.8 586.2 608.6 637.8 648.9 666.3 673.5 674.7 677 685.1 697.9 719.7 754.1 782.8 798.9 825.2 865.4 905.4 918.2 932.3 944.8 962.1 965.6 961.9 942.5 920.3 903.1 897.2
598.7 597.7 604.8 629.6 660.6 693.3 727.5 750.8 757.1 750.1 740.1 730.6 720.5 710.9 706 707.6 715.9 727.9 738.9 746.8 763.6 772.2 788 821.5 855.3 888.1 913.7 935.4 949.2 958.7 966.3 966.9 950.6 920.9 886.6 852 814.9 778.5 742.9 708.4 680.3 652 636.1 609.5 584.4 574.7 564.7 560 562.1 573.8 588.7 615.5 633.5 645.8 660.4 670.3 673.5 676.6 682.5 696.2 710.6 733.5 757 779.7 817.3 854.8 887.4 913.7 928.2 940.5 958.4 967.3 968.2 952.5 930.5 913.6 907.9
611.9 604.1 605.9 627.5 655.9 689.1 722.6 755.7 769.7 765.1 751.4 740.9 731.6 722.4 717 720.7 728 741.1 753.2 763.1 769.2 778.4 785 810.1 841.3 873.4 901.9 927.6 946.3 962.4 976.5 977.9 961.5 930.5 894.1 857.6 820.3 785.2 752.5 709.3 680.4 651.8 636.8 610 586.9 576.3 569.1 562.2 564.7 576.3 586.5 598.3 617.7 643.9 655.4 662.5 667.9 678.9 685.3 694.3 703.7 714.8 732.7 763.4 799.9 847.9 872.3 906.9 921.8 932.6 950.2 960.7 962.8 954.1 938.6 926.6 923.5
624.3 619.9 617.1 625.6 652.5 683.6 717.1 749.9 779.2 778.6 764.5 752.3 743 734.4 732.1 736.9 746 756.5 768.4 775.6 778.8 785.1 794.3 799 824.5 858.3 891.7 919.1 942.5 966 983.9 987.4 972.7 944.4 908.8 871 834.9 792.7 755.5 715.3 685 654.6 642 615.6 591.7 579.2 571.7 565.8 560.4 569 590.3 614 632.2 656.5 668.3 675 677.6 684.3 690.9 696.1 705.1 716 730.7 753.6 792.1 829.4 867.9 903.8 914.7 924.2 939.3 950.7 955.4 952.8 943.6 935.6 935
639.5 636.4 628.9 626 649.1 679.4 713.1 745.6 776.1 778.7 773.8 763.5 754.5 748.9 750.1 756.1 764.4 774.5 785.1 793.8 799 796.7 798.9 805.2 816.7 848.1 883.2 913.6 939.9 966.8 988.2 994.2 982.2 956.1 921.2 876.9 840.4 795.8 756.1 718 689.6 666.6 644.9 616.6 595.7 586.7 582.7 575.2 569.1 565.9 583.2 607.9 633.1 659.3 669.9 685.1 693.6 695.5 697.9 701 708.8 720.4 732.9 757.2 792.3 835.4 872.5 900.6 908.5 917.6 929.5 941.1 948.9 949.7 946.7 944 945.6
653.4 653.1 646.5 632.9 648.6 677.8 709.5 741.8 772.3 788.6 783.1 775.1 767.2 763.9 765.8 772.4 783 794.2 806.8 814.1 816.7 811.9 813 814.5 824.1 845.3 879.2 910.4 939.5 967.6 992.7 1004.2 993.3 965.7 921.2 881.4 843.4 797.7 758.5 723.5 695.2 667.7 648.8 619.6 604.4 595.6 589.2 582.7 568.5 569.3 588.6 613.2 638.9 656.3 674.7 692.6 704.8 709.8 710.4 716 722.9 730.7 746.6 769.6 810.7 853.4 888.9 898.6 905.9 912.6 921.9 931.9 941.6 946.1 947.3 948.8 954.4
