public/OST50/NJ01.asc
ncols 200
nrows 200
xllcorner 300000
yllcorner 810000
cellsize 50
[rows 70 to 104 of 200, columns 0 to 77 of 200]
265.5 266.4 267.8 269.2 270.6 272.1 272.3 272 268.9 267.9 271.1 273.9 280.4 279.1 277.6 275.5 270.5 267.1 267.8 269.3 270.5 271.4 272.3 274.9 277.3 278.4 280.5 283 283 283.3 285.9 288.3 290.5 295.9 305.1 316.7 322.6 322.6 323.4 320.9 315.7 298.4 282.9 281.3 279.9 277.5 277.5 278.1 278.9 279.6 279.7 280.1 280.5 280.9 281.4 282.5 284 287.8 288.4 291.9 299.8 302.4 307.7 308.3 308 308 307.9 308.2 309.2 309.9 310.7 311.4 311 310.7 310.7 310.7 310.7 310.8
267.6 268.8 270.2 270.9 271.4 271.6 272.4 271.7 269.2 268.7 274.2 277.3 278.5 277.9 277.4 275.5 271.2 267.2 268.9 270.2 271.6 272.8 275 277.7 279.7 281.5 282.8 285.2 285.2 284.8 285.2 287 287 288.7 297.7 306.8 321.4 323.1 322.7 317.9 312 301.2 287 281.4 280.1 278 278.7 279.2 279.7 280.3 280.8 281.2 281.6 282.1 282.5 282.8 285.5 294.7 298.7 300.4 297.9 294.4 297.9 297.3 306.6 305.8 306.5 307.6 308.7 310 311.4 312.7 312.6 311.3 310.8 310.9 310.7 311
271.1 270.1 269.8 269.9 270.4 270.7 270.6 271 271.4 275.3 278.6 278 276.9 277.2 275.3 272.4 270.6 269.9 271.4 273.8 275.3 275.9 278 280.3 282.1 283.9 285.7 287.4 287 286.5 286.9 287.1 287.4 287.1 290 298.9 312.3 318.9 318 314 308.7 301.5 285.1 280.5 279.1 279.5 280 280.5 281.1 281.6 281.9 282.2 282.6 283.1 283.4 283.9 288.7 299 301.6 303.9 304.4 305 306 306.1 300.2 302 305.6 306.9 307.5 308.4 310.3 312.4 311.7 313.1 312.6 311.5 311 311.4
273.5 272.2 272.4 272.1 272.7 272.8 270.6 271.9 278.6 281.2 279.2 279.1 275.8 272.6 272.8 272.2 271.6 273.8 278.1 283.8 283.8 280.8 281.1 282.8 284.6 286.3 288.1 289.6 288.7 288.2 288.1 288.3 288.2 288 287.5 295.9 306.1 315.1 315.2 311.8 307.9 301.4 282 280.5 279.5 281 281.9 282.4 282.9 283.4 283.2 283.1 283.6 284 283.8 284 294.1 300.4 303.5 305.6 306.3 306.9 308.3 307.2 306.3 305.3 303.2 305.9 305.9 307 309 309.4 310.6 311.8 312.2 312.4 312.4 312.1
277.9 273.7 275 274.8 275 275.4 275.6 278.3 281.5 282.3 280.3 280.3 276.3 273.1 273.2 274.8 277 282.7 294.1 292.5 285 283 284.3 285.7 287.4 289.3 291.3 292.3 291 290.1 289.3 289.3 289 289 290.7 297.6 307 313 312.4 306.3 298.3 291.7 285.1 281.1 279.8 282.2 283.7 284.2 284.7 285.2 284.5 284.3 284.5 284.4 284 285.4 296.4 301.3 304.5 306.9 307.9 308.8 308.7 308.3 309.3 308.2 307 306 306.5 308.7 308.9 309.1 309.2 309.9 310.6 311 311.7 312.6
276.8 275.9 277.3 279.2 276.7 278.5 280.1 280.7 283.1 284.4 281.1 279.6 278.1 276.9 276.1 280.5 289.3 294.2 296.4 290 285.1 286.1 287.5 288.9 291.2 292.6 294.6 295.1 293.7 293 292.4 291 291.2 291.3 294.1 299.4 306.9 314.1 312.9 298.6 296.7 296.3 289.9 280.3 280.2 282.9 286.3 286 286.5 286.6 285.7 285.6 285.4 284.3 284.9 286.9 296.2 302 305.8 308.2 309 309.8 309.6 309.5 309.8 309.3 308.9 307.7 308.3 308.7 308.8 309 309.1 309.4 309.1 309.9 311 312
275.7 276.9 276.6 276.7 278.8 279.1 281.8 280.5 280.8 277.4 280.7 280.9 280.1 281.5 281.9 280.5 288 292.8 291.6 288.5 288.5 289.2 290.7 292.2 294.5 297.8 298.1 297.4 296.6 296.3 294.7 292.8 293 293.1 294.9 298 304.5 311.3 304.9 297.1 297.8 298.6 291.9 282.8 280.4 283.7 287.4 288.5 288.5 287.8 287.2 287.6 286.8 287 287.1 288.1 294.7 301.9 306.5 309.3 310 310.8 310.8 310.9 310.2 309.6 309.2 308.7 308.8 309 309.3 309.6 309.9 310.4 310 310.2 310.3 311.3
277.8 277.5 277 279 279.9 278.9 278.4 278.7 279.2 280.1 280.7 281.4 282.1 283.9 284.6 284 288.1 293.2 293.6 290.4 291.5 292.5 293.5 296.8 301.7 301.7 299.5 298.5 299.1 299.2 296.6 294.6 294.7 295.1 296 297.2 299.8 306.6 298.1 298.4 298.9 299 293.7 287.1 280.9 284.3 288.3 292.3 297.8 300.8 293 289 288.5 289.9 289.8 288.7 295.2 303 307.5 310.5 310.7 310.8 311.2 311.2 310.5 309.9 309.5 309.4 309.5 309.8 310.1 310.3 310.8 311.5 311.3 311.5 311.6 311.6
276.5 277.9 278.7 281.8 283.1 282.1 281.4 281.6 281.9 282.4 282.9 284.1 285.3 288 291.7 290.1 289.3 288 289.1 291.1 293 295.1 296.7 300.5 301.7 302.3 303.4 303.6 304.7 300.8 299 298.6 298.4 298 298 298.5 299.3 300.8 299.5 299.5 299.6 299.6 294.3 288.8 281.7 285 288 299.6 303.9 300.4 295.3 298.1 298.3 297.1 297.3 293.2 294.5 301.3 308.9 311.4 312.3 312.8 313.3 312.8 311.6 310.3 310.2 310.2 310.4 310.5 310.8 311.2 311.9 312.6 312.6 312.9 312.9 313
280.1 280.8 279 282 285.4 284.6 284.6 285.3 285.5 286 286.9 288.7 289.1 292.4 296.1 293.7 290 289.2 291 293.5 295.7 298 300 302.4 304.7 305.2 306.7 308.6 303.3 303.2 302.1 301.7 301.2 300.9 300.7 301.1 302.7 299.3 299.4 299.5 300 299.9 294.4 289 282.1 285.2 291.8 300.2 297 298.1 307.7 322.9 319.5 313.8 311.3 303.4 296 298.6 307.8 312.9 313.1 314.2 315.9 318.2 316.1 313.6 311 311 311.2 311.3 311.6 312.3 313 313.5 313.9 314.3 314.3 314.4
286.7 285.4 285 285.2 287.2 287.5 287.5 288.2 288.9 289.8 291.5 293.2 295 297.8 297.2 295 292.8 291.5 296.7 300.2 302.5 306.2 311.3 311.7 311.7 312.8 311.5 308.3 307.1 306.9 305.1 304.7 303.9 303.7 303.5 304 304.4 300.8 300 299.5 300 299.9 294.6 287.2 282.8 285.4 292.9 298.6 295.7 301.7 321.1 324 327 325.2 323.4 314.7 303.2 296 307 313.5 315.5 315.6 319 321 319.6 319.1 312.4 312.1 312.5 312.7 312.8 313.4 314.1 314.9 315.2 315.6 315.7 315.7
292.6 291.9 290.9 290 290.2 290.6 290.6 291 291.9 293.8 295.5 297.2 298.8 300.1 299.6 298.6 299.1 299.5 303.7 307.9 312.2 310.6 316.1 317 314.2 311.5 309.9 309.7 310.4 310.9 308.2 307.5 306.8 306.4 306.2 306.5 307.6 303.7 300.9 299.9 299.3 299.2 292.3 284.2 283.6 287 297.7 297.3 298.3 308.8 326.2 327.4 326.2 327.7 326 323 315.5 305.4 298.3 310.5 315.6 317.2 321.5 322.9 321.2 322.4 316.7 313.9 314.1 314.1 314 314.5 314.7 315.7 317 317.1 316.8 316.4
297.9 297.3 296.4 295.4 295.2 293.5 293.6 294 295.2 298 300.3 301.9 302.9 303 304.2 304.6 305 307.3 307.4 311.2 316.5 317.3 315 312.4 311.1 311.7 312.3 312.5 312.5 312.5 311.2 310.4 309.7 309.4 309.4 309.6 309.7 308.8 303.3 300.6 300.4 298.9 290.9 283.7 286.1 288.7 299.8 297.3 305.9 314.2 325.1 324.9 325.8 326.8 326.8 325.8 323.4 317.3 307 302 315.9 319 322.3 322 322.3 323.2 316.6 314.9 315.2 315.4 315.5 316.5 316.7 318.5 320.2 319.8 318.6 317.4
301.7 301.2 300.8 300.3 300.2 296.9 296.6 297.6 300.1 304.1 305.3 306.4 307.3 308.4 309 309.9 311.2 312.9 316.7 318.4 315.7 313.8 311.4 312.6 314.1 314.9 316.2 315.6 314.9 314.8 314.1 313.2 312.6 312.1 312.6 314 312.8 310.6 307 302.6 301.6 298.2 288.9 284.7 288.6 293.5 299.6 300.9 311.3 310.7 318.6 324.9 326 327.1 327.5 327.2 324.8 320.3 314.3 302.8 315.7 321.1 324.3 323.1 323.1 320.5 316.2 316.6 316.2 322 322.8 319 320.1 321.9 323.1 322.4 321.1 319.9
305.5 305.8 306 306.4 305.5 301 301.3 302.7 305.8 308 309.8 311.4 312.1 313.7 314.7 314.8 315.9 317.3 319.5 316.9 314.1 313.8 314.4 315.5 317.7 319 319.4 318.7 318 317.3 316.9 316.1 315.5 315 314.8 315.1 314.4 313.9 311.8 304.5 304.3 294.7 286.2 286.4 289 298 300.1 303.8 315.3 325.4 325.2 325.7 327.1 327.7 328.1 326.8 326.1 323.7 318.8 305.3 313.5 322.1 325.5 324 323.5 322.3 320.3 323.2 321.2 324.6 322.6 322 323.4 325.2 326 325 323.7 322.5
310.4 310.6 311.8 312.8 303.5 307.3 310.8 309.5 312 312.7 315.9 316.8 316.8 319.8 319.4 319.2 320.2 320.8 319.1 317.3 317.4 317.9 318.3 319.8 321.7 323.1 322.5 321.8 321.1 320.4 319.9 318.8 318.3 317.7 319.7 318.1 317.1 316.1 314.1 307.2 305 288.4 285.4 287.5 291.5 299.6 301 308.3 321.9 324.3 325 325.4 326.4 324.1 325.7 324.7 325 324.8 320.3 311.1 309.3 323.2 325.6 325.6 324.7 325.2 325.5 324.7 325.6 326 325 325.7 326.8 328.2 328.8 327.5 326.2 324.8
316 318.7 316 311.4 311.7 316 315.8 316.4 316.9 317.6 320 319.8 321 322.2 323.1 323.8 324.8 324.3 324.2 323.9 323.6 323.3 323.2 325.7 326.9 326.6 326 325.4 324.8 324.3 323.7 322.3 321.7 322.2 321.5 321.3 318.9 316.2 314.4 310.5 300.1 286.9 285.8 287.2 292.9 301.9 304 307.3 317.1 328.3 325.4 320.2 315.6 321.8 325.5 324.8 325.4 325.4 321.4 313.4 312.2 324.4 325.6 325.6 325.6 325.9 325.9 326.7 327 328.6 329.5 330.3 331 331.1 331.4 330.1 328.8 327.2
318.2 317 313.2 314 319.8 322.6 321.7 322.2 321.6 323 325.5 327 328.7 330.7 332.6 334.8 333.8 332.2 332.1 331.8 331.6 331.3 331.1 332.3 332 330.9 329.8 329.2 328.7 328.1 327.6 326.3 325.2 322.8 322.4 322.3 317.2 315.6 315.4 308.2 295.6 289 287.6 288.6 289.2 300.6 301.2 304 312.6 307.6 315 316.3 317.5 327.3 326.4 325.4 326.3 324.9 320.8 312.2 314.7 325.8 325.9 325.9 326.8 327.9 328 328.9 330.7 332.9 334.4 335.6 336.3 336.5 335.8 333.3 331.3 328.9
314.5 315.2 317.4 321.8 326.8 326.9 326.6 325.3 327.6 331.3 334.3 336.5 338.6 341 342.6 344.4 342.6 340.3 340.1 339.8 339.5 339.3 338.5 337 336.6 335.3 333.8 333.1 332.5 332 331.5 329.8 327.9 325.5 324.4 322.8 318.4 318.8 313.2 302 293 291.4 289.8 287.9 289.1 299.4 301.5 302.5 307.2 313.3 319.3 319.7 320.1 328.5 328.7 328.9 326.1 324.1 322.5 310.2 318.9 326.3 326.4 327.1 328.3 329.5 331.1 332.7 334.6 337.5 340.6 341.4 342 342.8 341.7 337.7 334.2 331.1
320.3 325.2 328.6 330 331.5 329 326.3 330.6 335 340.8 343.8 346.2 348.5 351.1 353.1 353.6 351.1 350.8 349.9 349.3 348.7 348.2 345 342.4 341.2 339.5 337.4 335.8 335.6 335.5 334.9 333 330.8 328.3 327.8 322.5 321.6 319.1 305.5 295.4 294 292.9 291.9 289.3 290 298 305.4 307.5 316.4 322.4 325.1 328.3 321.4 329.7 328 328.2 327.9 326.3 323.2 309.5 320.8 326.6 328.5 329 331.3 332.8 335 336.6 339 342.4 345.8 347.1 347.5 347.6 347.1 341.3 337.3 333.7
330.5 327.7 327.5 328.9 331.2 333.4 336.1 339.6 343.5 349 353.3 356.1 359.2 361.9 363.9 364.1 360.6 361.7 361.1 360.2 359.6 357.9 352.8 348.9 345.3 343.4 341.1 338.5 338.2 336.9 336.7 335.2 332.9 330.3 327.1 324.3 323.1 314 299.1 297 295.1 293.7 292.3 290.2 290.7 304.2 307.7 316.4 326.7 324.3 328.4 329.1 329.4 327.7 330.4 328.7 329.1 326.4 316.2 313 322.6 325.8 328 330.2 332.8 336.7 338.9 342.1 346.5 348 351 352.7 353.3 352.3 349.4 344.8 340.4 337.1
336.9 337.4 331.6 335.2 338.9 341.5 344.3 348.3 354 359.3 364.1 367.7 370.9 374.6 375.5 375.8 374.7 372.8 372.3 371.4 370.5 367.7 361.5 355.8 351.2 347.8 344.6 342.3 339.3 337.8 335.6 334.8 334.3 330.8 328.5 324.2 320.9 310.7 299.6 298.3 296.6 295.1 292.3 290.4 290.4 304.1 313.6 321.8 328.2 329.3 323.9 327.3 330.3 329.1 330.2 328.8 329.6 324.2 312.2 315.7 323.8 327.3 330.1 332.9 336.3 340.2 344.2 348.2 351.9 354.6 356.2 358.2 359.3 356.5 351.4 348.3 343.9 340.9
338.8 337.3 338.5 342.7 346.7 352 356.2 360.7 364.5 369.2 374.4 379.3 383.2 385.6 385.7 385.1 383.5 383.6 383.5 382.6 381.1 378.2 371.1 364 357.4 352.8 349.4 347.9 344 340.2 337.4 335.7 335.2 332.9 332.8 329.4 325.6 313.1 300.8 298.9 297.6 293.2 291.4 290.6 293.9 312.6 325.4 328.7 329.5 324.4 322.2 324.3 330.8 331.6 330.1 326.6 323.2 316.2 314.1 321.1 325.9 328.8 331.7 335 340.9 345.5 350.4 355 358.5 361.6 363.4 361.2 359.3 357.4 353.9 351.6 348.1 344.8
340.6 342.4 346.2 350.8 355.7 361.2 365.9 372.3 376.3 380.3 384 387.4 391.2 394.1 395 396.1 395.9 395.7 395.3 394 392.9 389.9 380.3 371.2 364 359 358.2 351.7 346.8 343 339.1 336.4 335.3 333.5 333.6 332 327.6 315.4 303.6 298.5 294.7 292.6 292.9 293 303.8 319.2 324.1 325.4 330.5 323.7 323.6 325 331.7 330.6 329.8 323.7 319.1 315.8 316.3 327 327.7 330.5 334 338.4 345.3 350.8 356.2 361.9 366.1 368.9 369.1 365.5 361.2 358.4 356.3 354.9 352.3 348.7
346.1 348.3 351.8 356.7 362.7 368.7 374.9 381.3 387.7 392.7 394.3 396.8 399.7 402.1 404.4 407 408.9 408.7 409.3 408.4 406.7 403.6 391.7 379.8 371.1 364.3 359.6 355.1 349.7 345.1 341 337.3 335.8 334.5 334.3 333.5 327.4 314.8 304.9 295.9 294.4 293.4 294.3 294.3 312.6 323.1 324.5 322.7 328.6 326.2 327 330.4 331.7 331.9 330.2 324.1 318.2 316.3 327.6 330.6 329.7 332.6 336.9 342.8 349.7 356.3 362.3 372.4 375 376.6 375.8 372 367 363.5 361.1 358.5 357.3 356.8
351.7 353.9 357 361.4 369.3 377.2 384 390 396.4 401.1 403.1 405.9 409.3 411.7 413.9 417.1 420 422.3 424.6 424.1 419.4 412.2 400.8 388 376.6 368.5 363.2 357.3 351.2 346.7 343 338.4 336.7 335.6 334.8 331.6 325.5 313.8 305.9 295.6 294.2 295.4 295.4 298.3 318.4 326.3 326.3 329.5 325.9 331.3 333 331.8 332.4 331.4 330.5 321.8 318.1 318.6 323.8 328.6 330.8 334.9 339.7 345.7 351.9 358.4 366.5 377 383.3 383.7 383 380.2 374.8 371.8 368.9 366.4 364.9 363.3
355.4 358.2 361.3 365.5 374.6 386.2 393 398.3 404.8 409.7 411.7 415.5 418.4 421 423.4 426.3 430.2 432.5 436.3 436.4 431 422 408.1 393.7 381.8 371.3 365.8 359.6 353.4 348.6 344.5 339.6 338.6 336.7 335.7 330.9 326.3 312.5 300 295.2 296.8 297.7 297.5 300.9 317.3 325.3 328.1 326.2 328.1 333 331.5 333 332.5 331.7 324.7 318.7 318.7 324.5 328.4 332.9 333.4 337.3 342.5 348.6 354.6 360.6 370 380.8 390.3 390.8 389.8 387.1 382.8 380.6 378 374.6 371.9 369.4
358.9 359.9 364 372.3 382.2 390.5 399.2 405.1 412 417.7 420.9 422.3 425.4 428.8 431.4 435.7 438.8 442.9 447.1 445.1 440 432.1 415.2 398.8 385 375.4 367.8 362.1 356.1 351 346 342 340 338.4 336.3 332.5 329.9 310.3 297.1 297.9 298.4 298.5 298.7 304.1 315.2 327.6 326.7 328.8 333.1 332.5 335 337.1 333.7 325 320.4 319.6 327.5 329.6 336 342.9 335.5 339.8 345.4 351.4 357.5 363.5 372.4 384.1 394 397.2 396 392.8 390 389.4 387 384.4 381.7 376.6
362.2 365.7 372.8 379 386.2 393.8 403.1 411.3 418.8 425.8 427.1 428.4 432.2 436.3 439.1 443.4 447 454.4 457.6 455.3 448.7 436.9 419.1 402.4 387.8 377.5 369.5 362.6 357.3 352.9 348.5 344.1 342.3 339.4 336 334.5 330.4 306.4 297.4 298.5 299.7 299.4 299.9 308.1 311.9 321.4 327.3 330.1 332.8 334.9 336.8 337.1 334.7 326.2 321 325.9 329.9 332.2 342 345.8 339.1 342.2 348.3 354.4 360.4 365.9 374.5 385.8 396 401.7 403.2 400.6 397.7 398.8 395.9 393.8 391.9 387.9
367.6 372.2 377 383 389.9 397.6 407.4 415.8 423.1 430.3 433.3 434.8 439 443.1 446.8 449.9 455.1 462.4 467.3 464 455.1 439.7 420.8 402.2 388.4 377.9 370.7 364 358.4 353.9 351.5 345.3 344 338.3 336.1 335.4 325.6 303.3 297.8 298.9 300 301.8 308.2 310.8 313.1 319.8 334.6 334.4 334.3 335.6 336.7 336 336.2 326.3 323.9 326.8 331.1 335.1 343.8 345.1 342 344.7 350.5 357.4 363.5 369.1 377.9 387.9 398.6 404 405.5 404.5 406.9 404.7 402.5 402 399 395.1
374.8 379.8 382.5 386.9 393.2 401.5 410.8 418.9 425.5 432.7 438.5 440.6 445.2 449.4 452 454.9 460.8 468.8 471.8 467.6 457.3 438.5 418.5 399.4 388.8 379 371.6 365.8 360.1 356 353.9 346.9 347.2 342.2 337 334.8 326.8 305.7 298.5 299.3 300 309.2 312.2 313.3 315.4 318.8 340 336.6 338.8 343 339.1 336.9 332 328.3 325.7 324.1 334.3 344.7 342.9 343.3 344.5 347.7 352.1 358.1 364.9 372 380.2 390.7 402.2 406.6 410 412.5 414.5 413.5 410.4 410.5 408.9 400.6
379 379.2 383 388.9 394.9 402.6 412.1 419.2 426.9 433.9 440.8 446.4 451 453.4 453.9 455.8 461.6 465.9 469.4 464.2 453.7 436.7 417.7 400.4 388.6 380 373.3 367.5 361.8 357.3 353.4 348.8 347 342.3 337.6 335.8 326.6 305.1 299.1 299.3 308.2 313.4 314.6 315 316.6 317.6 329.8 332.8 340.3 343.1 341.6 330.7 329.8 337.7 327 324.4 332.9 340.6 344.5 346.5 348.5 351.8 355.8 361.6 368.3 374.9 382.5 391.5 400.6 409.3 415.8 423 424.2 422.9 419.3 418.5 419 411.4
379.8 379.5 384.7 390.7 396.7 404.1 412.8 419.8 427.8 435.3 442.3 448.8 452.4 453.1 453.3 453 455.3 458.5 461.3 458 446.7 430.6 415.1 400.2 389.3 380.7 374.7 369.1 363.7 359.3 354.8 350.5 348.3 344.3 340.4 336.2 327.3 304.3 299.3 299.8 306.7 315.9 318.8 317.8 316.2 317.6 328.3 340 342.2 344.5 332.7 331.1 335.7 342.5 331.5 326 331.1 345.8 347.6 349.2 353 356.4 359.9 364.8 370.9 377 384.7 393.5 402.2 411.2 421.8 431.5 435.3 437.5 433.4 428.8 423.6 420.6
383.2 382.3 387.2 392.5 399 406.3 414.2 420.8 428.2 435.9 442 447.4 449.3 449 449.1 448.7 448.6 450 452.1 450.3 439.7 424.8 411.9 398.2 388.7 381.5 375.6 370.5 365.6 361.1 356.5 351.5 350.4 346.5 342.5 338.3 328.4 303.2 301.3 301.1 301.7 319.2 319.2 319.3 317.5 317.7 326.2 338.7 343.7 338.9 335.1 338.9 339.7 343.4 334.2 327.8 334.3 346.4 348.4 351.4 357.5 360.9 363.5 366.8 373.1 379.4 386.7 395 403.6 412.6 423.8 437.2 445.4 446.8 444.7 441.1 434.8 425.9
386.5 387 389.8 394.5 401.4 408.5 416 422.4 428.5 435.1 440.9 444 443.5 442.3 442.3 443 441.9 443.1 442.8 438.8 431.8 420.5 407.3 396.1 389.1 382.4 376.5 371.8 367 362.5 358.4 354.1 351.1 347.1 343.4 339.4 329.8 310 300.7 301.2 302 303.4 304.3 316.4 317.6 317.2 320.8 331.8 340.7 336.5 338.5 338.9 338.5 345 334.9 328.9 335.1 347.7 349.8 355.7 362.1 364 366.5 370.3 375.6 382 389.5 397 405 413.8 426.4 440.3 451.2 454.5 453.3 449.2 443.6 438.7
