public/OST50/NJ01.asc
ncols 200
nrows 200
xllcorner 300000
yllcorner 810000
cellsize 50
[rows 0 to 34 of 200, columns 0 to 77 of 200]
220 222 221.7 222 222.6 223.4 224.2 226.5 227.8 228.1 228.3 228.6 229.6 230.6 231.4 232.3 233.8 236.4 237.4 238 238.5 237.9 237.8 234.5 234.2 234.8 236.7 237 238.8 238.7 239.2 239.6 241 243.5 244.5 244.5 244.7 245.1 245.4 245.7 245.5 246.6 247.8 248.8 249.9 253.1 253.7 251.9 251.3 251 257.7 271.2 276 278.7 279.9 281.1 282.3 283.2 281.6 283.2 285.3 284 283.9 284.3 284.2 283.8 283.1 282.6 283 283.4 283.7 284.5 286.4 287.3 288.3 289.3 290.4 291.4
221.1 221.5 221.9 222.3 222.8 223.6 224.4 225.5 227.3 227.7 228.1 228.6 229.6 230.7 231.5 231.8 234 236.5 237.3 237.9 238.3 238.2 237.3 234.8 233.9 234.4 235.8 236.5 237.9 239.2 239.9 239.9 241.5 242.9 243.5 243.9 244.1 244.4 244.9 245.6 245.9 246.9 248 249 250.7 252.2 252.5 251.4 250.9 251.7 261.6 270.6 274.5 277.5 278.9 279.6 281.6 281.4 281.3 282 283.4 283.7 283.7 283.8 284.4 284.6 283.9 283.4 283.4 283.7 284.1 285.7 286.7 287.7 288.6 289.6 290.6 291.6
221.5 221.9 222.3 222.8 223.4 223.9 224.6 225.8 227 227.6 227.9 228.9 230 231.3 232 232.7 234.3 236.7 237.3 237.7 238.2 238.6 238 235.6 233.7 234.2 235.2 236.2 237.5 239.6 240.8 241.5 241 242.4 242.7 243.1 243.5 244 244.5 245.5 246.6 247.5 248.4 249.6 251.3 251.5 251.8 252 251.7 252.9 261.1 267.7 273.4 276.2 277.7 278 280.3 281.1 281.8 282.5 283.2 283.5 283.4 283.6 284.8 285.4 284.7 284.3 283.9 284.1 284.9 286 287 288 289 289.9 290.9 291.9
221.9 222.3 222.8 223.4 223.9 224.3 224.9 225.8 226.6 227.3 228 229.3 230.7 231.9 233.3 234.3 235.2 236.7 237.1 237.6 238 238.5 238.6 236.7 234.8 234.4 235.5 235.2 238 239.3 242.3 242.6 241.6 242.8 244.6 243.9 243.5 243.7 244.2 245.4 246.4 247.5 248.8 250.1 250.7 251.2 251.8 252.9 253.4 256.7 258.8 266.7 272.3 275.8 276.3 277.8 279.4 281 281.9 282.4 282.7 282.9 283.1 283.3 284.7 285.8 285.5 285.2 284.8 284.5 285.4 286.4 287.3 288.3 289.3 290.2 291.2 292.2
222.5 222.8 223.3 223.9 224.4 224.9 225.5 226.2 227 227.7 228.4 229.8 231.2 232.5 234 235.4 236.3 237 237.3 237.7 238.2 238.6 238.9 237.2 235.7 236.7 236.1 236.4 236.2 236 242.7 241.3 241 242.8 244.9 243.8 243.7 243.6 244.1 245 246 246.9 248.9 250 250.5 251 251.5 253.5 258.8 260.6 256.1 264.2 271.6 274.5 276 277.6 279.1 280.9 281.6 281.8 282.1 282.4 282.6 283.1 284.4 285.7 286.4 285.8 285.1 285 285.7 286.7 287.6 288.6 289.6 290.5 291.5 292.5
222.5 223.3 224.6 225.2 226.1 225.6 226.3 227 227.7 228.4 229.1 230 231.5 233 234.9 236.5 237.1 237.5 237.8 238.1 238.5 238.9 237.7 237.7 235.6 237.2 236.9 237.3 237.5 237.4 236.6 239.9 240.8 242.4 243.3 243.9 244.2 244.1 244.7 245.5 246.2 246.8 248.4 249.8 250.4 251 251.6 255.7 263.3 263.1 258.6 261.8 269.1 273.7 275.7 276.9 278.4 279.8 281 282.1 282.3 282.4 282.6 282.8 283.5 284.7 286.1 285.7 285.6 285.6 286 287 287.9 288.9 289.9 290.8 291.8 292.8
222.4 224 225.6 228.7 227.5 226.6 227 227.7 228.5 229.2 229.9 230.6 231.8 233.3 235.2 236.7 237.2 237.5 237.8 238.2 238.5 238.5 238.5 238.1 234.6 237.2 237.6 238 238.4 238.4 238.1 238.7 240.2 242.4 242.4 243.4 244.3 244.3 245 245.2 245.7 246.9 248.8 249.9 250.6 251.2 251.8 258 264.3 264.2 260.6 260.4 266.4 271.8 274.6 275.9 277.3 278.5 279.8 281.1 282.4 282.8 282.9 283.1 283.5 284.6 286.1 286.3 286.2 286.1 286.5 287.2 288.2 289.2 290.2 291.1 292.1 293.1
223.2 224.7 226.6 228.7 229.1 228.2 227.8 228.5 229.2 229.9 230.6 231.3 232.1 233.5 235.4 236.4 237 237.3 237.6 237.9 238 238.4 238.6 238.4 236.7 237.3 237.9 238.5 239.1 239.3 239.1 237.6 239.1 240.5 240 242.2 243.2 243.7 244.9 247.3 247.5 246.8 248.3 249.8 250.5 251.2 251.9 258.2 264.5 264.9 263.8 260.6 263.2 269.7 273.3 274.9 276.1 277.3 278.6 279.9 281.2 282.5 283.3 283.4 284 285 285.9 286.8 286.7 286.7 287 287.5 288.5 289.5 290.5 291.4 292.4 293.4
223.9 225.8 227.4 228.7 228.8 227.4 228.3 229.1 229.9 230.6 231.3 232 232.7 233.8 235.5 236.1 236.8 237.1 237.4 237.5 237.9 238.3 238.7 238.3 237.2 237.4 238.1 238.8 239.4 240 239.6 239.3 240.1 240.6 240.8 240.2 243 243.5 245.1 247.2 246.8 247.4 247.8 249.3 250.4 251.1 251.8 254.6 263.7 265.3 265.4 263.6 261.1 267.5 272 273.7 274.9 276.1 277.4 278.7 280 281.2 282.5 283.8 284.2 284.6 285.7 287.4 287.3 287.2 287.6 288 288.8 289.8 290.7 291.7 292.7 293.6
224.7 225.4 226.2 227.5 228.2 228 228.6 229.4 230.2 231 231.8 232.7 233.5 234.2 235.2 235.8 236.5 236.8 237.1 237.5 237.9 238.3 238.7 238.3 237.7 238 238.6 239.2 239.9 240.4 240.2 240.3 240.5 241.1 241.4 241.2 243.1 243.5 243.7 245.1 246.8 246.7 248.5 248.9 250.3 251 251.7 252.7 258.1 265.5 265.6 265.6 261.8 266.7 270.6 272.9 273.7 274.9 276.2 277.6 279 280.4 281.8 283.2 283.7 284.1 285.5 287.2 287.8 287.8 288.1 288.6 289.1 290.1 291 292 293 293.9
225.8 226.5 227.3 227.7 228.2 228.4 228.9 229.8 230.6 231.4 232.3 233.1 233.9 234.6 235.1 235.6 236.2 236.6 237 237.4 237.8 238.2 238.6 238.5 238.4 238.6 239.2 239.8 240.4 241 241.1 241.3 241.5 241.6 242 241.8 243.5 242.9 243.4 246 247.2 248 248.7 249.4 250 250.9 251.3 252.4 253.9 260.6 266.2 265.4 263.5 265.9 269.8 272.6 273.3 273.9 275.1 276.5 278 279.4 280.8 282.2 283.3 283.7 285.3 287 288.4 288.3 288.6 289.1 289.6 290.4 291.3 292.3 293.3 294.2
226.6 226.8 226.9 227.6 228.3 228.6 229.4 230.3 231.2 232 232.8 233.5 234.2 234.8 235.2 235.7 236.2 236.9 237.4 237.8 238.2 238.7 239.1 239.3 239.2 239.1 239.5 240 240.4 240.9 241.5 241.8 242.1 242.3 242.4 241.8 243.5 244 244.5 246 247 247.8 248.5 249.3 249.9 250.5 251 252.3 253.8 255.1 262.3 266.1 264.2 265.4 268.8 271.1 272.4 273.2 274.2 275.3 276.7 278.1 279.5 281 282.5 283.4 285.1 286.8 288.4 288.9 289.2 289.6 290.1 290.7 291.6 292.6 293.6 294.5
226 226.2 227 227.7 228.4 228.9 229.8 230.9 231.7 232.4 233.1 233.8 234.5 234.9 235.4 235.8 236.2 237.1 237.9 238.7 239.1 239.5 240 240.2 240.1 238.6 238.8 239.5 240.3 240.9 241.5 242.1 242.5 242.7 242.7 242 243.4 244.9 244.7 245.8 246.4 247.4 248.1 248.7 249.4 250 250.4 252.5 253.9 254.6 260.3 265.2 263.8 263.5 266.9 269.5 270.8 272.2 273.3 274.5 275.6 276.8 278.3 279.9 281.6 283.4 284.9 286.5 288.2 289.4 289.7 290.2 290.6 291.1 291.9 292.9 293.8 294.7
225.6 226.3 227.1 227.8 228.5 229.2 230.1 230.9 231.8 232.6 233.3 234 234.6 235 235.4 235.8 236.3 237.2 238 238.9 239.7 240.4 240.8 241 241.9 239.3 239.1 239.7 240.1 240.6 241.3 241.9 242.6 242.7 241.6 241.7 242.9 243.3 243.4 244.1 244.4 245.3 246.7 248.2 248.9 249.5 250.1 252.5 254.2 254.4 257.1 254.6 254.4 257.9 262.3 268 269.1 270.5 271.9 273 274.3 276.6 278.3 280.1 281.8 283.5 285.6 287.6 288.4 289.7 290.3 290.7 291.2 291.6 292.2 293.2 294.3 295.5
225.8 226.6 227.3 228 228.7 229.3 229.9 230.8 232 232.7 233.5 234 234.6 235 235.4 235.8 236.5 237.3 238.2 239 239.8 240.7 241.5 241.4 242.5 240.5 239.4 239.6 239.9 240.3 241 241.8 242.7 243.4 243.2 242.3 242.1 243.3 244.4 245.5 246.2 246.8 246.9 248.4 248.3 248.3 248.3 250.6 253 253.8 253.2 252.5 254.4 254.1 255.1 260.4 267.5 268.7 270.4 272.5 274.4 276.7 278.5 280.3 282 283.5 285.6 287.7 289.9 289.9 290.8 290.3 290.8 291 291 291.5 292.2 292.2
226.2 226.8 227.5 228.3 229.1 229.9 229.7 230.8 232 232.8 233.3 233.8 234.5 235 235.4 235.8 236.6 237.4 238.3 239.1 240 240.8 241.7 241.6 242.9 241.2 240 240 240.2 240.4 241 241.9 242.8 243.4 244.1 243.7 243.3 244.4 245.5 246.3 246.7 247 247.7 248.9 249.1 249.5 249.8 250.1 252 253.8 252.4 254.2 257.1 258.3 256.2 256.2 258.2 261.7 265.1 271.1 274.5 276.8 278.7 280.5 281.9 283.5 285.6 287.8 288.2 289.3 289.7 289.8 289.9 289.9 289.8 289.6 289.7 289.9
226.9 227 227.8 228.6 229.5 230.3 230.3 232.5 233.5 232.8 233 233.6 234.4 235 235.4 235.9 236.7 237.6 238.4 239.3 240.1 240.9 241.8 241.9 243.3 241.8 240.7 240.4 240.7 241.1 241.5 242.1 242.9 243.5 244.2 244.8 245.3 245.5 245.8 246.3 246.7 247 248 249.2 249.5 249.8 250.1 250.4 251.2 251.6 252.9 255.3 264.4 267.2 264.6 260.1 257.1 257.5 258.4 260 274.2 276.7 278.9 280.7 281.8 283.5 285.1 286.2 287.5 288.5 289.1 289.3 289.4 289.4 289.3 289 288.8 288.9
227.4 227.3 228.1 228.9 229.8 230.6 231.5 234.8 234.5 233.8 233.1 233.5 234.2 235 235.4 236 236.9 237.7 238.5 239.4 240.2 241.1 243.3 243.8 242.8 242.2 241.7 241.6 241.3 241.7 242.1 242.4 242.8 243.3 243.9 244.5 244.9 245.4 245.8 246.3 246.7 247 248.4 249 249.6 250 250.2 250.4 251.5 252.1 255.2 257.7 262.8 265.9 268.6 268.6 268.1 261.3 257.7 260.7 273.9 276.2 278.6 280.9 281.8 283 284.3 285.6 286.8 287.7 288.3 288.8 289 288.9 288.7 288.3 288 288
228.6 228.8 228.3 229 229.9 230.6 233.1 235.7 234.4 233 233.4 233.6 234.1 234.8 235.5 236.1 237 237.8 238.7 239.5 240.6 243.3 246 248.9 245.5 244.2 244.4 243.1 241.8 242.2 242.6 242.8 242.6 243.1 243.7 244.9 245.2 245.4 245.8 246.3 246.7 247 248.3 248.9 249.4 250 250.4 251.1 251.2 254.1 256.3 257.9 264 265.2 267.9 270.4 270.6 269.4 260.6 263.4 273.2 275.7 278.2 280.8 281.8 282.5 283.6 284.9 286.1 286.9 287.5 288.1 288.5 288.3 288 287.7 287.4 287.3
229.7 230 229.8 229.3 229.7 230.7 234.1 235.1 233.1 234.3 233.7 234 234.5 235 235.4 236.3 237.1 238 238.8 239.6 241.2 243 246.1 250.7 247.2 246.6 249.4 244.3 243.3 242.8 243 243.3 242.7 243.2 244.4 245.6 245.9 245.8 245.8 246.3 246.7 247.3 248.2 248.7 249.3 249.8 250.3 250.5 250.4 253.1 255.8 257.7 264.8 267.9 267.9 269.9 271.3 262.6 260.6 267.3 271.8 275.3 277.9 280.6 281.9 282.5 283.1 284.2 285.5 286.1 286.7 287.3 288.7 288 287.8 287.5 286.7 286.6
230.3 231 231.4 231.1 230.1 232.5 235 234.6 234.6 234.6 234 234.4 234.9 235.6 236.2 236.4 237.3 238.1 238.9 239.6 241.7 243.8 245.3 246.6 247.9 250.1 248.1 245.5 244.8 244.1 243.8 244 244.4 244.4 245 246.3 246.2 246.5 246.3 246.3 246.8 247.5 248 248.6 249.3 249.9 250.1 250.4 250.6 250.7 254.8 257.9 263.8 268.4 268.4 269.5 270.8 264 262 260.6 271.3 275.1 277.7 280.3 281.9 282.5 283.1 283.8 284.8 285.4 286.8 288.4 291.3 290.1 287.6 286.6 285.7 284.7
232.8 232.2 232.4 232.5 231.3 231.5 232.9 234.6 234.6 234.6 234.4 234.8 235.9 236.8 236.9 236.6 237.4 238.3 238.9 240.2 242.2 244.3 246.4 245.8 244.3 245.7 244.9 246.2 246.7 246.2 245.5 245.2 247.9 247.4 246.9 247.1 246.8 247.3 247.1 246.9 246.8 247.3 248.1 248.8 249.4 249.7 249.9 250.2 250.4 250.7 252.9 257.9 263 268.6 268.4 269.1 270.9 266.5 262.7 260.2 270.2 274.4 277.6 280.2 281.7 282.3 282.9 283.5 284.1 285.1 286.2 287.6 289.3 288.5 287.1 286.2 285.3 284.3
233.3 232.3 231.7 232.1 231.5 231.5 231.3 234 234.7 234.7 234.8 236.2 237.3 237.6 237.6 237.1 237.6 238.2 238.8 240.7 242.8 244.7 246.8 245.1 244.7 245 246.1 247.4 246.6 247 246.8 251.8 265.3 264.3 254.3 254.7 258.1 250.4 247.6 247.6 247.2 247.6 248.4 249 249.2 249.5 249.7 250.1 250.5 251.1 251.7 253.5 262.1 268.8 268.4 268.9 270.8 270.7 262.2 263.3 270.1 274.5 277.5 280.2 281.2 281.9 282.5 283 283.5 284.5 285.4 286.4 287.1 286.8 286.6 285.9 284.9 283.7
233.2 232.7 232.4 232 232.2 232.9 232.4 231.5 234.1 234.8 235.3 236.8 238.2 238.4 238.3 238 237.6 238.2 239.1 241.2 243.1 245.7 246.8 244.6 245.3 246 251.1 248.6 246.6 246.8 249.8 263.7 270.1 272.2 259.4 268.3 269.9 268.5 266.3 257 247.1 247.5 248.6 248.9 249.4 249.8 250.2 250.6 251.2 251.8 252.1 252.1 259.5 268.4 269.2 269.4 270.9 270.9 262.6 264.2 264.9 274.3 277.4 279.7 280.7 281.5 282 282.5 282.9 283.8 284.8 285.8 285.9 285.7 285.5 285.4 284.6 283.3
233.1 234.5 236.4 234.2 233.2 235 236.8 237.2 233.8 234.5 237.4 236.9 236.8 237.5 238.3 238.3 238.3 238.3 239.6 241.4 244 246.7 246.1 245.5 246.6 248.1 251.3 249.7 247.5 249.8 260.9 269.6 273.7 274 266 269.1 269.5 273.8 273.7 265.8 248.5 248 248.9 249.4 249.8 250.2 250.6 251.3 252 252.2 252.2 252.3 253.3 265 268.4 269 270.4 270.8 268.3 264.1 264.2 273.3 277 279.1 280.1 280.9 281.4 281.9 282.4 283.2 284.2 284.8 284.7 284.6 284.3 284.3 284.2 282.8
233.4 234.8 238 234.8 235.2 235.8 236.5 237.1 235.7 235.3 235.2 235.6 235.9 236.7 237.5 238.1 238 238 239.6 241.8 244.5 247 247.7 246 247.1 247.1 247 247.2 248.9 259.1 269.2 273.8 277.5 267.2 268.2 268.4 269.4 270.8 269 254.8 248.9 248.2 249.1 249.9 250.3 250.7 251.4 252.1 252.3 252.3 252.8 252.9 253.1 261.5 267.8 269.8 271 271 270.9 271.3 266.6 264.2 276.4 277.6 279.1 280.1 280.8 281.3 281.8 282.6 283.5 283.5 283.4 283.3 283.2 283.2 283.1 282.6
234.1 235.2 234.5 235.3 235.7 236.1 236.5 236.9 235.9 235.4 235.4 235.7 236 236.2 236.7 237.5 237.8 237.8 239.5 241.9 244.3 246.7 248.1 247.1 246.8 246.5 246.1 246.9 256.5 267 273.8 275.7 266 265 269.9 271.1 268.6 268.3 257 253.1 247.8 250.2 250.2 250.1 250.7 251.4 252.2 252.4 252.7 252.8 253 253.1 253.3 260.3 267.6 270.7 271.1 271.1 271.5 272.2 272.7 268.1 267.8 276.5 278.4 279.1 279.8 280.5 281.2 282 282.9 283.2 283.4 283.6 283.2 283.1 282.7 282.5
234.5 234.7 235 235.6 236.1 236.5 236.9 237.2 236 235.6 235.5 235.8 236 236.2 236.4 236.7 237.4 237.5 239.6 242 244.1 245.7 246.5 246.3 245.9 245.5 245.3 253.2 263.5 271.6 275.6 271.4 265.6 265.8 270.4 274.7 266.7 258.9 254.1 252.3 248.8 251 252.4 252.1 251.5 252.3 252.6 252.7 252.8 253 253.1 253.2 253.3 259.8 263.3 269.4 271.2 271.6 272.1 272.6 273.1 272.7 264.1 273.3 277.3 278.7 279.5 280.4 281.4 280.7 282.3 283.7 284 283.4 282.9 283.5 282.4 282.5
234.5 234.8 235.3 235.9 236.4 236.9 237.3 237.2 236.3 236 235.6 235.8 236 236.2 236.5 236.7 236.9 237.3 239.4 241.3 243.2 244.4 245.1 245.4 244.9 244.5 245.2 259 268.7 274 275.5 266.3 267.4 267.5 271.8 274.2 263.1 255.7 254.6 253.1 250.2 252 253.9 253.5 252.5 252.9 253 253.1 253.2 253.3 253.5 253.8 253.9 259.4 260.1 263.7 269.4 272 272.5 273 273.5 273.5 266.4 268.6 275.6 278.2 279.6 281 281.2 280.5 280.7 282.6 282.5 282 280.8 280.4 281 281.4
234.4 235.1 235.6 236.1 236.7 237.2 237.6 237.2 236.7 236.3 235.9 236 236.3 236.6 236.9 237.3 237.6 237.8 238.6 240.5 242.3 243 244.2 245.4 244.6 243.7 247.9 261.7 270.6 276.5 268.2 266.3 266.6 268.2 273.1 275.3 261.2 256.4 255.6 253.5 251.1 253.1 254.8 253.8 253.3 253.4 253.5 253.6 253.7 253.9 254.5 255 253.9 256.2 260.9 260.4 267 272.3 272.8 273.4 273.9 273.9 272.2 266.7 272.6 276.8 280.2 281.8 280.5 279.3 279.9 281.3 281 280.5 280.1 280.6 281.3 281.6
234.1 235.2 235.8 236.4 237 237.5 238 237.4 237 237 236.5 236.9 237.3 237.7 238 238.3 238.7 238.9 239 239.6 241 242.2 243.4 244.6 244.6 242.4 247.9 261.6 270.2 270.8 266.3 266.9 267.4 270.4 275.4 273.1 259.9 256.4 255.9 251.9 251 253.3 255.6 255.5 254.2 254 254.1 254.1 254.5 255 255.5 255.7 255 254.4 259.9 261 265.4 271.1 273.3 274.1 274.4 274.8 274.1 267.4 270.2 274.3 280.4 280 280.4 279.6 279.9 280.7 280.9 280.4 280.1 280.9 281.3 281.5
233.9 235.1 235.9 236.5 237.1 237.7 238.4 238.1 238.3 237.3 237.4 237.8 238.3 238.7 239.1 239.4 239.7 239.9 240 240.1 240.8 242 243.1 244.3 245.3 245.4 245.5 260.4 268.3 267.8 266.7 267.4 268 272.8 278.2 271.8 262.5 255 252.5 250.7 253.4 255.1 256.3 256.4 255.3 254.6 254.7 254.7 255.4 256 256.3 256.4 255.9 255 260.2 261.6 265.3 274 274.4 274.4 274.8 275 270.4 268.9 268.8 269.1 269.6 278.2 278.6 279.6 279.8 280.3 282.7 279.8 280.1 280.6 281.2 281.3
236.2 235.3 236 236.6 237.5 238.3 239.1 239.6 238.5 237.8 238.3 238.7 239.2 239.7 240.1 240.4 240.7 240.7 240.9 241 241.5 242.6 243.8 244.9 245.9 246.6 247.7 258.5 268.2 268.3 267.5 268.1 269.1 276.4 283.1 274.5 270.4 261.9 254.3 251.7 252.6 254 256.8 256.9 256.4 255.2 255.2 255.3 256.2 256.9 257 257.1 256.7 256.3 261.5 262.7 264.4 274.6 275 274.9 274.6 274.8 274.5 268.3 270.5 272.2 271.4 270.4 278.1 279.4 280.1 281 284.1 280.2 280.3 280.6 281 280.8
235.6 237 237.1 237.1 237.2 238 238.8 239.6 238.3 238.7 239.2 239.7 240.1 240.6 241.1 241.4 241.7 241.7 241.7 241.8 242.3 243.2 244.4 245.4 246.5 247.5 250.2 258.6 269.1 269.2 269.1 269.2 270.6 276.1 283 280.6 275.9 272.9 259.3 252.6 253 255.1 257.3 257.4 257 256.3 255.8 256.1 256.9 257.2 257.5 257.7 257.7 257 261.4 262.4 263.4 274.5 275 274.9 274.9 274.8 275.1 276.5 274.6 274.5 274.4 268.5 276.6 280.3 280.5 280.6 280.8 280.3 280.8 281.1 280.8 280.4
236.5 235.8 236.2 236.7 237.2 238.1 238.6 239 239.1 239.6 240.1 240.6 241 241.5 242 242.4 242.7 242.6 242.6 242.7 243.1 243.9 245 246 246.9 247.9 249.8 257.5 267.1 268.2 268.2 270.9 272.8 276.5 280.9 284.4 279.3 275.2 262.6 254.5 252.4 254.3 257.8 257.9 257.5 257.1 256.4 256.8 257.2 257.5 257.8 258 257 256.9 257.7 262.1 263.6 273.5 275.2 275 275.3 275.2 276.3 277 275 275.2 274.6 271.6 276.6 279 279.9 280.7 281.1 281.7 282.2 281.6 280.5 280.1
