public/OST50/NJ10.asc
ncols 200
nrows 200
xllcorner 310000
yllcorner 800000
cellsize 50
[rows 35 to 69 of 200, columns 0 to 77 of 200]
715.8 719.5 720.3 720.8 720.9 720.3 718.7 717.5 715.9 715.5 716.5 720.4 723.6 728.2 730.9 732.7 733.2 734.4 733.3 734.1 732 730.8 729.5 725.5 722.7 718.6 714.3 711.2 707.8 703.3 701.6 698.5 695.3 693.6 690.5 690.2 688.8 687.9 685 684.1 680.8 681.5 681.8 682 681.5 680.8 678.9 676.2 674.4 672.1 667.9 664.4 662.6 661.1 657.8 661.1 665.4 670 673 674 673.6 672.6 670.6 669.3 670.3 670.5 669.6 668.1 654.6 657.4 662.8 662.8 664 664.9 665 664.1 661.6 661.5
708 712.1 713 714.5 715.7 715.6 715.8 714.5 713.6 714.4 715.6 719.4 723.7 728.3 731.3 734 735.1 735.4 734.4 733.7 730 727.4 725.2 722.3 719 715.1 711.6 707.3 703.6 699.2 697.4 694.7 691.4 690.8 689.4 688 686.2 684.7 683.6 680.3 678.3 674 671.9 672.8 674.9 675.2 674 672.3 671.4 669.6 666.4 661.6 661.5 660.2 658.3 656.4 659.9 664.1 667.7 669.4 668.9 667.8 666 664.1 664.8 665.5 664.7 660 661.3 668.7 669.7 670.4 671.2 671.8 672.1 672 671.5 671.5
702.2 707 708.4 709.5 710.6 711.6 711.6 711.4 711.9 713.4 715 718.4 723.5 728.4 731.6 734 735.8 735.7 733.6 731.7 730.5 727.8 723.7 720 717.5 712.3 708.9 704 698.7 697.4 693.8 691.6 689.6 689.4 687.5 685.2 683.4 683.2 681.1 678.2 680.5 677.6 677.4 674.7 668.7 666.1 664.1 666 667.4 666.6 664.7 661.5 658.8 657.6 655.6 651.2 654.1 658.1 661.5 663.7 663.9 662.5 660.8 660.9 661.4 661.3 659.3 666.2 670.1 672.8 674.9 675.3 676.8 677.4 677.8 678.3 678.2 678.4
697.5 700.6 703.2 703.8 704.9 706.4 707.7 709.2 711.6 712.1 715.1 717.8 722.7 727.9 730.9 733.7 734.7 734.6 733.6 732.3 729.3 727.7 722.8 717.8 715.7 710.8 706.5 700.6 697.3 695.9 691.4 689.9 687.8 687.7 685.4 683.6 683.3 683.9 683 682.8 682.5 681.9 680.3 676.7 675.2 672.8 667.4 661.9 656.3 659.8 661 659.6 658 654.9 651.9 649.4 648.6 652.6 655.5 657 657.3 656.8 655.6 656.3 658.1 658.5 662 667.8 672.6 676 677.2 678.8 680.3 681.5 682.8 683.5 683.5 683.7
694.1 696.7 699 700.7 701.4 703 705.1 707.5 709.7 711.9 714.5 716.8 721.2 726.7 729 731.7 733.6 734.9 733.2 733 731.3 728.2 724 720.4 715.3 711.9 706.9 702.5 699.2 694.8 693.1 691.3 689.9 690 688.6 686.8 685.9 683.6 684.6 683.3 682.7 683 681.6 679.7 676.9 674.5 672.7 666.8 663.7 659.4 649.1 649.8 653.4 650.2 647 646 643.5 647.7 649.8 651 650.4 649.6 649.3 651.3 655.4 658.6 663.5 668.5 674 677.3 678.6 680.5 682.3 684.1 685.6 686.5 687.8 688.4
692 693.9 696.3 698.9 699.8 702 704 706.8 708.8 711.8 713.7 716.2 721.3 725.8 729.6 731.8 734.1 734.7 734.4 733.4 730.9 727.8 723.8 719.6 716 711.6 707.2 701.7 698.7 696.5 695.2 694.5 694 692.4 690.7 689.5 687 686 685 685.8 684.9 683.3 681.7 680.8 677.9 675.5 673.2 669.2 664.8 661.4 656.6 651.9 643.3 637.6 639.9 639.2 634.3 640.3 643.7 644.9 645.4 644.8 643.9 647.9 652.9 657.9 663.3 668.4 673 677 678.1 679 681.5 682.9 685 687.9 690.2 691.5
689.2 692.3 695.3 696.9 698.5 700.4 702 704.1 708.1 709.5 712.4 715 719.5 723.6 728.2 731.3 733.9 734.9 734.9 733.5 731.6 729.2 724.8 720.6 716.2 712 706.4 703.7 699.9 699.1 697.7 696.4 697.3 696.5 693.8 692.1 689.9 688.5 687.1 686.2 685 685 683.6 681.5 678.6 675.7 673.4 669.5 665.5 662.6 658.9 653.8 643.5 636.4 632.1 628.7 627.2 624.3 630.8 634.8 636.9 637.3 640.5 644.2 650.1 656.4 662 667.4 671.5 673.9 675.5 676.9 678.6 679.6 681.9 685.7 689.5 692.2
688.3 689.7 692.7 695 697.1 699.1 700.6 703.5 706 708.1 712.1 714.8 718.5 722.3 726.4 730.4 733.1 734.8 734.6 733.4 731.3 728.6 724.5 720.3 715 710.5 707.9 703.9 703.3 702.5 702.2 701.6 700.7 700.6 699 696.4 693.6 691 689.4 687.4 686.9 685.8 684.1 682.1 679.7 676.9 672.7 669.3 666 663.8 659.9 654.7 645.1 643.7 644.9 640.5 638.1 635.1 624.8 620 618.7 623.7 635.5 641.3 647.3 653.6 660 665 667.9 670.1 671.4 672.9 674.3 675.1 677.2 681 685.5 689.3
685.1 688.2 691.1 693.4 695.6 698 699.7 702.5 705.2 708.2 711.8 713.5 717 720.5 725 728.8 731.7 734 733.9 733 730.8 727.4 723.9 719.6 715 711.2 707.8 706.1 705 704.9 704.6 704.1 704.1 704.1 703.5 700.8 697.1 694.9 691.3 689.3 688 686.6 684.3 682.5 679.7 676.7 673 670.5 667.6 663.7 660.7 653.6 648.5 652.1 651 649.1 646.8 645.1 642.1 638.6 628.4 614.8 625.9 638.1 644.6 649.9 655.7 660.3 663.3 664.6 666.6 667.5 668.7 669.8 671.9 675.6 680 683.7
687.1 689.3 691.6 692.4 696 698.7 700.4 703.2 705.8 708.1 710.9 713.1 715.7 719.1 723.1 727.2 729.7 731.5 732.1 731.4 729.5 726.5 722.9 719.5 714.7 710.2 708.8 706.8 706.2 706.4 706 706.5 707 707 707 704.6 701.1 698.1 693.7 690.3 689.4 687 684.4 682.6 681 676.7 674.2 670.9 668.5 665.2 661.8 650.8 658.3 657.5 656.2 653.8 650.6 648.2 645.3 641.8 637.6 619.2 614.9 632.1 640.8 646.2 651.1 654.4 657 658.2 659.6 660.9 661.3 662.7 665.3 668.2 671.5 674.7
686.4 689.4 691 693.5 697 699.6 702 704.4 706.5 708.8 710.1 713.2 715.4 717.9 721.2 725.2 727.4 729 729.6 729.1 727.6 725.2 721.9 718 713.7 710.1 709.2 707.6 706.4 706.4 707.2 708 709 709.1 709.1 707.5 704.1 700.3 696.4 692.9 690.7 688.3 686.2 683.6 681.3 678.5 674.7 671.3 667.8 666.5 657.9 662.1 662.8 662.2 660.9 657.9 654.8 650.7 647.8 643.3 639.6 628.7 607.3 625.3 635.6 641.8 646.4 648.7 649.7 649.9 650.1 651.4 652.3 653.8 656.8 660.1 662.7 664.9
688 691.6 693.1 694.2 697 699.5 702.4 704.9 706 708.7 709.5 713 715.3 717.4 719.4 722.3 724.6 726.1 726.7 727.3 725.8 723.7 719.8 716.1 712.6 709.7 708.7 707 707.3 706.4 706.8 708.6 709.7 710.4 710.4 708.8 705.2 701.2 697.8 694.7 691.1 689.1 686.3 683.9 681.7 678.2 675.5 671.3 667.9 665.2 664.9 666.7 666.9 666.8 665.9 662.3 658.7 653.5 650.1 644.5 640.4 635.4 613.9 612.9 627.3 635.1 639.1 640.9 640.7 639.8 638.6 640.4 641.2 644 648.6 651.9 653.7 655.7
691.6 694 695.4 697.1 698.7 700.1 701.7 703.5 706.4 708 709 711.5 714.6 716.7 718.5 719.7 721.3 723 724.3 725.2 724 721.4 718 714.5 710.5 708.7 707.3 706.1 706.1 706.6 706.5 707.8 708.8 710.1 710 708.2 705.6 701.5 698.7 695.1 692 688.1 685.1 683.6 681.5 678.6 675.5 671.7 668.2 664.2 667.5 670.3 670.9 671.5 669.7 666.9 662.5 657.7 651.9 646.2 640.5 636.3 618.7 599.1 609.6 621.2 626.3 628.6 630.6 630.4 628.5 627.8 629 634 639.7 643.1 645 646.6
693.2 694.2 696 699.2 700 701.9 702.6 704.6 707.1 708.5 710.2 711.6 713.1 715.8 717.5 718.6 719 719.7 720.6 721.4 721.1 718.2 714.7 711.5 709.6 708.4 706.3 705.3 703.7 704.3 705.7 706.5 707.5 708.3 708.3 707.1 704.6 701.6 698.8 695.3 692 688.1 685.3 682.8 681.5 677.8 674.3 670.5 666.3 667.7 670.6 672.7 673.6 673.6 672.1 669 664.8 660.1 654.7 647.4 642.2 638 631.8 616.9 595 594.5 600.6 612.9 619.9 621.2 616.4 612.2 607.1 621 628.1 632.4 635.7 637.9
695.4 696.5 698.9 700.5 702.8 703.8 703.2 704.7 707.4 708.8 709.4 712.2 712.8 715.3 716.3 717.3 717.5 718 717.8 717.4 717.1 714.9 712.3 710.1 709 707.3 704.8 702.7 704.4 703.9 703.9 705.1 705.8 706.5 706.1 705.1 703.4 700.8 698.2 693.5 691 687 684.1 682.4 679.3 676.3 672.7 669.2 667.2 670.6 671.7 674.3 675.1 675.1 673.4 670.9 667.7 662.2 655 649 643.9 641.5 639 633.3 619.9 606.8 588.7 586.5 597.6 600.7 598.8 592.4 583.7 594.6 607.7 620.8 625.4 628.4
697 697.6 698.4 701.9 703.4 705.1 705.1 707.1 708 709.8 710.2 711.8 712.9 714.9 715.1 716.9 716.8 715.6 716.3 716 714.7 713.5 711.8 709.6 707.5 706.7 705 703.4 701.5 700.8 702.6 703.4 704.1 704.5 704.4 704.1 702.5 699.9 696.3 693.1 690.6 686.9 684.1 679.5 677.8 674.7 673.5 672 670.8 673.1 674.3 675.3 675.5 675.1 674 671.4 669.9 665 656.6 650.3 647.1 644.6 641.7 639.2 636.3 625.5 612.4 594.6 579.2 577.8 580.3 574.5 565.8 567.1 588.3 604.7 610.8 616.4
698 699.8 701.8 703.1 704.6 705.6 706.8 707.6 709 710.6 711.8 712.5 715 715 715.3 715.3 714.8 715 714.9 713.6 712.9 712.3 710.6 708.3 707.8 705.5 704.6 703.2 700.1 699.4 700.1 701.7 702 702.8 703.7 703.1 701.4 698.1 695.7 691.9 690 687 681.8 680 678.9 677.4 675.5 673.4 672.8 674.7 675.7 676.3 676.4 676.4 674.9 673.3 669.8 667.3 661.9 654 650.2 648.3 645.5 642.4 641.5 638.5 628.7 615.8 601 583.3 571.8 565.4 559.8 555.4 566.4 574.7 582.1 593
700 701.5 703 704 705.7 706.6 708.7 710.7 711.6 712.4 713.1 715.5 715.9 715.4 714.5 714.3 712.5 712.8 711.5 711.5 711.7 710.8 709.8 708.1 707.1 706.2 703.9 700.7 701 697 697.2 699.2 699.9 701.9 702.9 701.9 699.9 697.2 694.5 692.4 688.3 686 683.7 682.2 680.9 679.5 676.9 675.4 675.6 676 676.4 677 677.2 676.8 675.6 674.5 671.1 668.3 665.7 659.7 655.2 651.7 649.6 647.8 646.8 644.4 641.7 634.9 621.6 611 603.5 591.2 586.4 573 553.7 547.9 558.9 579.6
701.8 702.1 703.7 704.8 705.9 708 709.7 712.3 714.1 714.9 716.9 718.1 718.3 716.7 715.5 712.7 711.1 710.5 709.9 710.2 708.9 709.5 709.7 709.5 709 706.2 702.8 700.7 697.3 695.1 693.7 695.4 696.6 699.7 701.4 701.1 699.3 696.9 694 692.1 690.9 688.6 687.8 685 683.5 681.3 678.5 678.6 678 677.5 676.7 677.2 677 676.4 676.5 674.9 672 670.3 667.3 663.8 659.5 655.6 652.2 650.2 648.7 648.6 647.4 644.4 638.3 629.4 619.6 607.3 598.4 587.8 572.2 555.4 547.1 570.4
700.9 702.9 704.2 705.7 707.2 708.9 710.7 713.1 715.5 717.3 718.6 719.8 719.5 717.5 715.2 712.2 709.8 708.4 706.6 706.2 707.2 708.2 709.4 710.5 710.7 707.1 702.4 698.5 695.2 690.2 689 692.9 694 697.1 699.7 700.4 699 696.9 696 694.4 693.2 692.5 689.9 687.8 685.8 683.4 681.7 680.8 680.1 679.1 678.4 677.4 676.9 677.2 676.9 677.1 674.6 672 669 665.6 661.7 658.2 655.4 653.3 652 652.2 652.1 649.1 643.8 636.2 627 617 600.2 576.9 562.5 551.5 541.5 567.1
699.3 701.7 703.6 705.1 707.5 708.7 710.3 711.9 714.9 718.4 719.8 719.9 719 716.1 713.6 710.7 707.6 705.2 703.1 703.3 705.3 706.1 707.9 710.3 709.4 706.1 701 695.2 690.7 684.8 685.1 688.8 693.2 695.3 698.6 699.1 697.2 696.2 696.8 696.2 696.5 695.3 692.3 689.3 686.8 684.3 683.6 683.4 682 679.9 679.1 678 678.8 678.5 679.6 679.5 676.1 672.9 669.6 666.1 662.7 659.4 656.8 655 653.8 655 654.7 651.4 646 639.5 630.6 617.1 585.5 559.7 542.5 535.9 554.7 574
697.8 700.1 702.1 704.4 706.5 707.7 708.9 710.4 713.1 715.5 717.1 717.3 716.7 714.8 711.6 708.4 704.3 702.4 700.6 701.2 702.2 703.2 706.1 708.7 707.5 703.4 697 689.5 679.7 678.1 681.4 686.3 691.4 693.9 698 698.7 697.8 698.3 696.4 697.9 698.2 696.9 694 690.3 688.8 685.6 685.9 685 683.1 681 680 677.9 680.5 682.8 682.9 681.2 677.7 673.3 669.5 666 662.5 659.1 656.9 655.3 655.2 655.6 655.1 651.9 647 640.7 632.6 610.6 574.7 546.2 539.3 558.8 574.6 591.6
695 697.4 699.7 702.6 704.4 705.4 705.6 707.1 708.9 711.5 712.7 712.6 711.9 710.6 707.9 703.9 701.3 698.2 696.6 697.4 698.2 701.3 703.8 705.9 704.2 698.6 690.7 676.3 671.4 672.8 679.3 685.4 691.6 694.6 697.9 697.8 697.9 698.4 697.2 699.6 698.9 697.1 693.9 691.1 689.3 687.3 686.6 686.4 684 681.4 679.5 679.4 682.4 685.8 685.2 682.6 678.9 673.8 669.4 665.6 661.6 657.9 654.9 653.2 653.1 652.7 652.3 650.2 645.4 639.8 631.6 608.8 574.6 545.9 529 550.6 574.8 592.8
692.5 693.9 696.3 698.8 700.8 701.2 702.3 702.7 704.7 706.1 706.9 706.5 705.7 704.2 700 697.9 695.2 693 692.1 692.3 695.4 698.2 700.5 701.1 698.1 691.1 675 666.8 660.9 669 677.6 685.1 692.4 697.3 699.4 699.1 698.5 697.5 697.9 698.1 698 696.5 693.7 691.5 690.1 689.4 688.8 687.9 685.5 680.5 679.6 679.6 682.4 686.4 685.6 682.9 679 674.2 668.3 664.1 659.4 655.3 651.6 648.1 647.4 647.7 648 646.1 642 636.8 627.8 604.6 576.1 550.8 527.7 532.8 562.2 586.6
689.8 690.4 691.8 693.5 695.5 696.2 697.7 698.1 699.6 700.4 700.5 700.1 698.8 696.9 695.6 692.3 689.5 687.2 686.8 687.9 692.2 695.5 696.7 694.8 689.7 680.3 664.1 658.2 655.3 664.1 674.1 684 692.6 698.5 701.6 700.1 699.2 698 698.8 697.9 696.2 695.6 694.4 692.2 691.7 691.1 690.2 689.1 685.6 681.4 680.7 679.2 681.1 683.9 683.9 682.1 678.7 674.1 667.7 661.6 656.3 651.1 646.2 642 639.4 639.5 641.9 639.4 636.5 631.3 620.1 596.5 571.9 552.1 532.7 515.9 550.8 579.7
686.4 687.6 688.1 688.8 690.2 691 692 693.9 695.2 696 695.1 693.4 692.6 690.3 688.7 686.5 683.5 676.6 679.6 683.9 688.1 691.5 691.3 686.3 679.2 667.5 652.7 644.8 650.4 659.2 668.8 679.2 689.7 695.6 699.1 700.3 698.8 697.9 698.2 697.7 696 695.2 693.7 692.3 692.1 690.9 690.8 689.2 685.5 681.2 678.3 678.5 679.7 681 681.6 680.2 677.1 671.5 664.4 658 652.1 646.5 639.8 632.7 628.9 629.4 631.8 632.7 630.7 625.7 615 595.3 570.2 551.6 533.6 512.3 536.9 566.6
682.8 683.6 683.8 684.2 684.5 686.2 688.2 688.6 691 691.3 690 688.8 686.2 684.8 681.7 679.4 674.8 670.5 673.1 678.4 682.8 685.7 686.2 676 667.3 656 643 632.4 641 651.8 662 673.5 685 691.6 695.5 697.5 697.2 696.7 696.6 697.4 696.7 695.5 693.8 692.2 692.9 691.9 692 689.7 685.2 680.4 677.9 677.4 677.6 678.5 678.9 677.6 673.6 667.4 659.8 652.4 647.7 641.6 633.2 626.1 620.1 616.8 620.2 624.4 625.7 620.8 611.9 594.2 573.8 553.8 535.7 509.9 527 546.1
680.5 680.3 679.7 680.4 680.9 681 683.5 684.4 687.3 687.7 686.4 684.3 681.6 677.7 674.1 671.3 664.5 662.4 664.7 671.1 675.9 676.5 672.7 663.6 654.2 644.6 633.6 620.1 630.6 640.6 654.6 665.9 678.1 685.8 689.6 692.2 691.8 692.2 694.3 696.5 698.2 696.9 695.2 692.5 691.7 691.8 692.3 689.3 684.6 678.8 677.3 676 675.4 675.5 675.2 673.3 668.7 662 654.2 646.3 641.9 635 625.8 615.9 601.7 602.9 610.2 616.7 620.9 617.2 609.9 595.9 576.8 556.5 537.3 512.9 510.8 527
677 676.3 674.9 675.8 675.8 676.6 678.2 679.9 683.7 683.9 681.6 679.7 675.9 670.3 664.9 659.1 657.3 655.7 655.9 661.5 666.4 665 657.7 650.3 643 633.5 621.5 608.1 620.5 630.7 643 656 667.3 676 681 684.4 684.7 685.4 689.4 693 695.3 696.1 695.5 695 692.4 691.8 691.8 688.2 682.8 677.1 676 674.2 672.5 672.1 670.8 667.6 662.5 655.7 647.9 639.3 634.3 628 618.4 605.1 590.5 592.3 600.2 609 613.3 614.7 608.4 597.1 581 559.8 540.1 519.9 500.4 507.8
674.2 671.8 671 670.1 671.1 671.3 672.3 676 679.5 679.4 677.1 673.4 668 661.7 656.3 653.1 650.8 646 649.1 651.4 653.7 651.5 643.6 637.7 629.9 622.1 609 600.5 610.2 618.5 630.3 645.8 655.6 662.9 669.5 671.6 675 677.7 682.3 687.3 690.7 693.8 694.5 694.2 693.7 691.5 690.3 685.9 679.9 675.5 673.8 671.8 670.4 668.5 665.9 661.8 656.5 648.7 640.4 632.1 626.4 619.5 608.7 593.2 582.6 583 590.1 599.8 605.6 610.3 607.1 598.8 588.1 570.2 548.4 528.8 509.8 496
671.8 668.6 666.4 664.3 665.5 667.2 667.8 672 674.4 672.4 669.4 664 658.7 653.9 649.7 646 642.3 637.6 641.3 643.3 642.8 638 632 626.4 619.1 611.7 596.2 593 599.4 605.1 618.8 633.5 643 650.2 655.3 659.2 662.2 666.4 674.5 679.8 685.1 689 692.3 692.9 693.1 692.5 688.6 682.8 676.9 673.4 671.3 669.7 667.2 664.8 661.7 657.7 652 643.1 635.9 628.3 620.6 608.8 597.8 582.9 574.4 571.3 577.9 587 596.1 602.7 605.2 601.2 592.3 581.4 561 539.2 519.3 505.1
670.1 665.7 662.4 660.3 660.9 660.9 664.4 666.8 667.4 663.2 657.9 653.1 649.2 645 640.9 636.7 632.4 627.7 633 633.1 630.2 625.9 618.8 612.3 607.5 602.4 591.6 574.7 587.7 592.7 604.4 619.4 629 635.3 642.5 646.4 650.6 656.6 666.9 675 680.7 684.4 688.6 690.1 692.1 692.7 686.8 679.3 675.5 671.7 669.2 666.6 664.2 661 658.8 654.3 648.9 642.3 632.9 618.8 607.7 593.1 581.5 571.8 564.8 557 563.8 574.4 586.5 593.8 597.5 598.1 591.9 582.9 569.8 551.2 529.6 511.8
667.4 661.3 658 655.2 655.5 656.4 660.1 660.8 657.7 652.4 646.2 640.8 635.6 632.3 629.3 624 617.6 616.9 621.8 620.7 615.5 609.8 602.1 598 587.8 589.9 578.3 562.2 571.8 578.4 590.1 602.4 611.4 621.6 626 630.2 638 648.5 659.3 669.1 674.9 679.7 684.4 686.8 689.2 689.3 683.1 676.8 673.2 669.5 667 663 661.7 659.6 657.6 652.8 650.1 643.9 637.3 627.7 618 607.8 595.2 576 561.8 550.7 537.9 560.1 574.2 581.4 584.5 585.9 584.2 578.8 568.7 553.9 536.3 515.1
661 657.6 654.6 651.1 648.5 652.3 655.5 654 648 641.5 633 626.2 621.6 617.3 613.8 608.8 604.3 603.3 607.5 604.6 599.3 591.4 579.9 575.1 564 566.8 554.1 538.1 549.7 561.4 574.7 586.3 595.8 602.8 604.2 612.3 624.6 639.2 652.8 662.6 667.2 672.1 677.5 681.7 683.7 682.7 677.7 672.1 670 666.4 664.3 662 660.7 658.6 656 654.3 651.8 647.5 638.7 628.7 619.2 608.4 595.8 580.3 562.9 549.3 527.4 545.3 555.6 562.7 565 567.1 568.9 567.4 560.2 547.8 528.9 509.6
655.3 651.8 649 645.6 643.5 648.4 649 645.9 637.6 628.2 620.3 611.1 604.1 598.6 595.6 592.3 587.4 590.1 588.5 587.5 581 569.5 559.8 549.3 541.6 539.3 535.4 533.6 535.3 542.7 560.6 571.2 576.5 580.6 585.5 595.3 612.5 630.6 645.6 654.1 659.1 663.5 668.7 673.2 674.6 673.3 670.8 667.4 666.6 663.9 662.4 660.9 660.3 659.5 658.6 655 651.8 645.8 637.2 627.2 616.2 605.5 592.4 576.1 558.3 542.1 528.6 527.3 537.1 541.4 542.7 545.5 547.8 547.4 543.4 530.5 514.1 497.6
