public/OST50/NJ10.asc
ncols 200
nrows 200
xllcorner 310000
yllcorner 800000
cellsize 50
[rows 105 to 139 of 200, columns 0 to 77 of 200]
687 684.2 679.9 675.9 670.3 669 665.1 657.3 654 649 643.8 650.1 654.8 657.6 662.2 659.7 650.3 637.9 622.6 617.1 612.3 607.7 604 603.1 600.6 598.7 595.9 595.5 594.3 593.1 591.4 590.7 591.2 588.2 583.9 581.4 579.7 576.6 569.4 567.1 565.5 563.9 558.9 563.4 565.3 565.9 566.6 547.6 546.6 545.5 555.5 574.6 583.6 586 587 570 578.1 588.4 591.9 598.6 607.1 610.3 613.2 610.8 621.3 631.5 644.8 658.6 668.7 677.4 686.6 699.1 710.2 719.9 732.4 756.4 773.2 784.7
695.5 690.2 687 681.4 677.6 675.8 672.1 665.9 661.1 653.4 646.3 650.2 653.3 650.6 648.3 642.5 633.6 624.6 619.9 614.1 613.6 615.3 612.3 608.6 606.6 602.8 598.8 595.2 593.1 590.8 591.7 590.8 588.8 589.2 590.2 586.9 581 577.6 574.1 570.5 566.7 566 562 572.9 572 565.4 565.4 550.1 551 559.1 549.7 561.3 572.9 587.5 586.9 572.9 582 590.8 596.3 603.7 611.6 617.4 625.2 627.3 623.4 627.3 633.4 645.6 656.9 665.7 676.1 689 702.1 717.6 738.2 761 778.6 790.9
702 697.1 692.3 688.1 684.2 682.7 677.8 670.2 663.3 653.5 648.9 647.3 648.2 642 637.2 635 630.6 627.6 627.7 629.9 629.8 625.9 622.3 620.9 618.6 614.9 606.4 601.4 600.6 599.7 595.5 592.9 592.2 594.8 591.7 586.3 580.6 578.4 574.7 582 576.5 567.1 569.2 579.2 574.2 568.3 565.6 552.8 553 568.7 567.2 555.7 560.3 583.1 581.9 575.9 587.7 592.2 601.3 611 620.2 628.7 635 637.1 638.3 635.7 638.1 642.9 652.8 667.4 683.4 698.3 713.1 727.7 747.5 767.3 784.4 800.2
707.6 702.1 696.8 692.9 689.5 685.6 678.6 671.4 662.2 652 648.9 647.8 642.8 638.5 640.4 643.9 640.3 643.4 646.1 652.1 649.5 645.8 637.2 637 631.9 619.6 612.3 607.8 606.9 602.4 597.8 596.8 598.1 592.7 588.4 583.9 582.1 580 578.4 582.9 584.6 571.5 580.6 583.3 575.5 572.1 568.5 556.4 556.3 571.8 582.9 578.6 561.9 581.1 576.7 582.4 591.6 595 603.7 618.8 627.9 636.8 644.1 647.1 649.5 648.6 650.1 650.3 652.7 668.3 687.4 705.2 721.1 736.9 754.1 770.9 787.8 803
712.2 706.9 701.4 696.6 691.9 685.9 677 668 657.2 647.9 650.2 650.5 648.3 649.5 656.4 656.7 662.2 665.6 666.6 665.7 665 660.9 656.3 651.6 645.9 635.1 622.4 619.6 614.2 607.5 603.7 602.9 599.3 594.9 589.6 587.1 585.3 583.6 581 581.2 582.9 579.8 589.6 584.9 581.4 582.9 572 560.2 560 578.7 597.9 579.5 570.2 593.9 579.1 587.5 593.9 598.6 609.4 626.9 636.2 647.7 653.5 656.6 658.8 661.7 660 658.2 656.4 664.8 686.4 706.9 724.1 739.7 755.4 769.3 785.7 801.1
717.3 712.4 706.2 698.8 693.5 686.6 674.9 665.3 654.2 650.9 652.5 657.3 664 669.9 673.1 673.5 676.2 677.9 678.9 679.3 679.3 675 669.9 665.2 659.8 650.9 640.1 636.1 627.9 616.1 617.7 612.9 604.6 601.1 599 592.7 589.3 586.7 587.2 584.2 586.8 589.9 593.5 586.2 588 592.4 576.4 566.3 562.4 581.2 598.3 572.8 579.8 595.3 580.9 588.7 597.5 606.3 621 637.1 649.5 659 664.3 668.9 673.1 676.3 673.1 668.2 664.1 662.1 679.4 699.2 715.6 728.8 739.7 759.9 781.9 800.1
723.5 717.6 709.8 702.4 695.4 687.3 674.1 662.8 653.5 653.8 655.1 665 673.6 681.3 684.2 683 687.6 689.8 691.8 694 694.5 688.8 685.1 680.6 676.9 673 662.7 652.2 638.5 635.5 637.9 621.9 621.3 614.1 609.9 602.8 596.2 597.2 592.6 590.9 592.8 599.6 596.9 588.2 593.8 599 575.3 572 564.4 584.7 592.7 571.9 595.3 592.3 583 588.8 604.1 612.8 628.3 646.3 661.2 673.2 680.7 685.1 688.7 691.7 692.2 682.8 675.2 670.2 670.5 681.1 695.1 712.6 734.8 757.7 781 801
728.5 722.5 711.4 702.9 693.1 683.7 671.6 660.1 654.2 655.5 660.3 669.6 681.2 691.1 694.8 693.8 698.3 702.8 705.7 711.1 710.5 705.8 699.1 694.8 693.3 687.7 674.9 659.6 644.6 654.8 650.7 643.9 637.4 631.4 622.9 613.5 611.3 613.6 598 594.9 608.4 604.2 598.8 596.3 596.9 594.6 574.1 583.2 568.3 574.4 584 583 599.9 587.5 585.7 588.8 606.2 618 638.5 656.6 673.6 686.4 693.1 699.8 705.4 709.8 707.9 699.1 687.6 680.7 678.7 679.6 693.9 711.6 733 756.8 780.4 801.7
735.5 726.4 715.2 704.2 692.3 677.7 669 659.4 654.8 657.5 665.4 675.8 687.6 697.9 700.6 707.1 710.8 715.4 720.4 724.9 723.3 719.5 711.9 709.5 706.1 698.1 683.4 665.3 663 668.6 658.1 660.3 651 648.7 637.8 627.3 630.1 626.9 604 599.8 614.8 612.1 603.1 601.1 602.8 596 577.2 587 570.6 572.4 593.2 602.6 592.5 590.5 588.2 591.7 603.2 622.9 644.6 666.7 685.4 697.7 705.7 714.6 721.9 727 725.5 716.7 700.8 693.6 690.8 687.1 696.8 711.5 732.9 756.4 781 800.8
740.1 732.4 718.1 703.2 690.5 677.7 667.5 659.6 658.1 660.4 669.8 679.9 694 704 709.6 715.2 720.4 726.5 734.2 737.1 736.2 734.4 728.6 722.7 715.5 704.3 687.8 668.8 680.2 682 679.1 677.6 669.6 666.7 653.2 644.5 638.9 627 606.5 606.1 618.6 617.4 609.3 610.9 610.8 597 580.2 574.2 571.9 587.8 603 598.3 593.2 590.7 590.9 593.2 601.8 626.1 650 673.8 693.7 705.7 717.4 727.1 736.8 743.6 742.9 734.1 717.6 712.2 705.9 701.2 708.3 724.1 741.9 758.7 781.1 801.5
744.3 734.6 716 698.5 689.1 677.6 666.5 663.2 660.7 662.3 672.8 686 695.9 707.5 714.9 722.5 731.8 740.2 747.1 749.4 750 748.8 741.9 732.6 722 708.7 687.6 686.9 696.1 697.9 697.6 695.6 690.5 685 669.1 662.2 647.5 629.7 608.7 616 623.8 622.9 617.2 615.6 618.8 597 583 575.6 586.9 595.9 598.4 597.8 595.2 596.3 592.9 595.6 602.6 627.4 651.7 676.5 701.5 715.8 727.4 739.2 749.2 757.5 758.4 752 736.1 732.1 723.9 721 723.2 739.5 755.3 772.8 787.9 802
745.5 733.8 711.7 696.4 685.2 675.6 666.2 669.2 664.5 666.9 677.4 689.2 698.9 711.4 720.3 733.1 744.1 753.2 759 761.7 763.3 762.8 755.5 743.1 725.7 709.4 696.6 700.7 712.2 713.7 715.5 712.5 708.6 701.7 689.9 678.2 658.6 635.3 612.2 627 628.7 632.6 625.6 622.4 619.4 599.7 579.6 581.1 594.1 598.2 603.5 607.5 609 604.1 596.6 598.3 601.1 625.5 648.9 674.4 702.1 721.4 736.1 749.7 762.1 770.4 772 768.9 765.2 758.4 750 743.6 747.2 754.6 770.6 786.7 802.2 813.6
744.1 730.7 709.4 695.6 683.1 671.6 675.7 676.6 673.8 673 680.4 693.7 705.4 716.9 728.7 742.3 754.5 764.1 770.6 775 777.6 775.1 767 750 728.8 715.6 715.8 719.1 729.1 731.6 733.1 728 726.6 714.2 711.6 697 666.2 641.4 619.6 631.3 635.5 636.6 632.6 629.6 625.1 602.9 584.2 588.3 606.8 610 621 619.3 619.3 613.1 613.4 617.1 613.1 614.5 641.3 666.1 693.3 719.7 739.9 756.1 769.5 780.4 787.1 791.4 790.9 785.4 778 767.3 768.3 770.8 785.6 800.7 815.8 828.2
739.8 724.1 708 695.7 683.3 680 684 683.1 683.9 685.2 690.3 700 710.4 723.5 738.4 751.6 764 774.3 781.1 787 790 787.5 777.5 759.8 740.7 730 734.9 738.2 745.6 749 749.1 745.3 744.6 737.5 731.3 716.1 677.5 647.8 627.9 632 635.4 634.6 629 632.9 624.3 600.4 597.1 606.8 609.2 621.3 631 632.5 626.7 621.8 617.9 618.4 626.5 612 632.7 658.9 681.4 707.2 733.8 756.1 774.2 791.3 805.4 811.1 807.7 801.5 791.2 785.2 786.2 792.3 801 815.5 830.4 842.8
733.5 718.5 703.1 692 683.8 689 692.3 692.7 695.4 697.1 697.9 709.4 718.4 731.4 747.4 759.7 772.4 783.6 791.3 799.2 802.5 799 788 773.8 755.4 749 753.5 758.1 764.7 766.8 766.9 765 762.2 754.6 749.9 725.6 691.4 661.1 639.2 636.7 639.8 632.1 630.3 620.2 616.3 602.8 607.5 612.8 622.5 632.3 637.1 639.5 633.5 629.8 627.7 625.2 628.6 625.1 630.1 654.1 674.2 694.4 717.6 748.6 776.6 797.3 815.5 821.1 818 811 804.6 803.5 803 809 816.5 831.3 845.3 857.5
725.2 711.2 697.5 687.2 694.4 697.3 699.7 701.7 709.6 709.7 705.4 721.3 729 741.9 754.8 765.7 779.3 790.9 801.1 810.1 813 809.2 800.5 786.9 768.5 767.9 772.5 779.1 781.5 785.5 787.8 785.2 781.5 773.2 764 735.9 707.2 685.1 656.9 639.1 637.5 635.1 634 630.8 611.8 605.4 609.7 622.4 626.5 635.9 642.9 645.4 644.5 641.4 629.7 630.3 631.8 635.2 630.5 649.5 665.6 687.5 712.5 742.4 771.1 799.4 819.6 827 823.7 820.4 819.4 819.5 821.4 826 835.9 847.2 861 875.3
716.2 704.1 691.4 698.6 703.1 707.3 713.3 718.5 722 722.6 718.6 731.9 742.9 752.5 763.3 773.4 786.9 799.7 810.1 819 822.8 819.7 811.4 797.9 785.8 788.6 792.5 801.3 804.4 807.1 809.8 807.2 802.3 790.2 771.6 746.7 722.6 695.2 671.8 648.3 640.6 637.9 636.6 631.7 621.2 613.9 615.7 628.7 634.5 640.5 649.1 654.7 658.1 653.6 639.3 628.6 632.3 636.7 629.6 650.9 669.2 684.1 708.6 739.8 771.9 801.1 824.7 833.6 832.3 831.2 832.1 834.9 839.5 843.3 854.6 864.9 876.7 893.3
706.4 694.6 700.5 707.2 712 719.5 727.7 731.5 733.1 738.1 735.6 740.5 755.9 763.6 773.2 782.4 795.5 807.6 819.6 828.1 832.4 830.7 823.4 814.6 807.8 807.9 813.6 824.1 828.4 830.1 833.9 835.3 823.2 804.5 780.3 767.8 741 707.3 682 657.2 647.8 641.8 638 636.5 636.9 618.8 624.7 632.5 638.7 646.7 651.1 658.1 657 654.2 648.9 635.2 633.6 635.2 649.1 647 665.9 681.3 704 735.5 772.6 802.8 829.6 841.9 842 841.1 844.6 848.8 856.5 864.1 873.4 883.7 897.5 909.3
702.1 702.8 707 715.2 721.4 730.1 739.5 742.8 749.2 752.9 754.4 750.8 764.3 775.5 782.7 794.3 804.3 815.8 827.3 836.6 842.7 842.3 837.2 827.9 826.8 829 837.7 847.5 854.1 855.7 862.5 858.8 838.9 814.7 793.1 778.7 750.4 721.8 692.1 667.5 656.8 650.5 646.7 644.1 641.4 624.4 632.5 639.4 645.4 654.7 654 661.2 659.6 664.2 668.2 647.9 647.5 644.5 658.6 667.3 662.1 675.1 700.5 734 770.5 801.7 832.1 849.9 853.5 855.5 857.7 863.4 873.8 883.7 895.7 906.7 920.4 925.5
702.3 709.3 715.7 721.1 730.5 740.1 749.9 754.9 763.4 769.1 770.7 764.2 775 785.2 794.7 803.3 812.8 823.4 835.2 846.9 854.9 856.1 851.5 845.9 846.8 849.6 860.6 872.1 880.2 885.6 888.1 879.3 850.7 824.1 804.7 786.7 761 730.7 705 682.7 670.4 659.7 654.7 650.3 646.6 630.3 639.4 643.6 650.4 657.5 659.1 661 662.3 676.1 682 670.4 662.9 657.2 663.9 670.7 672.6 675.4 697.5 732.8 770.8 803.3 835.3 858.2 866.5 870.1 873.9 881.3 892.3 904.1 917.6 932.8 941.3 942.9
709.6 713.4 722.9 727.5 737.7 750.3 757.9 767.1 777.2 783.1 783.2 781.2 786.4 795.1 805.7 813.5 820.7 833.6 844.7 857.3 867.5 869 866.8 862.9 866.3 871.6 882.3 895.7 904.9 909.4 911.8 894.9 861.5 835.2 814.4 793.7 768.8 739 711.5 701.3 686.3 673.6 664.1 656 649.5 636.3 639 645.7 649.6 657.7 657.9 661.8 671 683.9 703.9 698.6 683.8 671.5 675.9 683.6 684.3 680.2 701.2 732.3 763.9 799.7 834.2 861.3 875.6 882.4 888.7 900.3 911 925.3 939.7 953.4 958.5 956.6
714.7 722.6 728.9 732.7 744.3 756 769.6 780.3 788.6 794.8 795.6 793.6 796.2 807 815.3 823.9 833.6 846.1 856.7 868.4 878.2 882.1 883 881.1 886.2 893 904.1 915.9 924.6 928.8 930.7 906.3 873 844.8 822.3 800.2 776.5 744.9 732.5 718.1 705.2 685.9 671.6 660.5 651.2 641.8 632.3 647.4 651.8 655.6 656.1 666.6 683.4 704.7 728.7 724.8 706.1 687.3 684.2 690.5 686.1 686.7 703 731.3 765.4 800.3 831.5 860.5 881.4 891.5 901.2 915.6 930.4 944.8 960.1 972.3 975.2 970.4
719.9 727.5 732.1 738.7 752 764.6 780.7 793.1 803.1 807.6 806.8 805.5 804.7 816.9 825.3 834.8 847.6 860.2 871 880.2 889.2 897 897.6 897.4 903.9 912.9 921.9 932.6 941.3 946.3 940.9 913.4 882.2 854.9 830.5 808.9 779.9 767.9 751.7 737.5 720.5 702.5 682 664.5 652.5 641.6 636.1 647.7 647.5 654 657.1 668.5 692 725.7 752.8 746 723.1 700.8 692.1 692.6 689 693.3 707.9 729.2 757 790.1 824 856.8 884.4 901 915 931.2 949.9 966.8 981.8 993.6 994.6 982.8
726 733.4 736.5 745.8 760.6 779.8 792.5 806.8 815.9 820.1 818.7 818 812.4 826.4 834.6 846.7 859.6 874.4 884.6 892.1 901.1 909.9 911.3 914.1 920.2 928.1 939.1 946.5 955.4 954.9 944 919.8 888.3 862.3 839.3 816.5 808.1 787.9 770 751.5 732.5 715.9 691.3 668 653.4 646.7 635.4 640 648.9 652.8 658.1 672.4 699.5 750.7 770.9 759 738.2 714.4 704.6 696.8 695.7 697.8 713.1 732.4 763.9 798.3 829 861.2 888.5 912.2 931.7 951.1 970.2 989.2 1004.8 1017.2 1015.1 998.8
730.8 739.7 744.9 761.2 774.1 792.3 806.7 819.3 828.7 831.7 831.8 830 820.4 835.5 847.8 858.3 871 886.7 894.7 901.7 912.4 921.6 925.8 931 934 942.1 952.8 958.6 959 954.3 943 923.1 895.3 870.3 844.7 840.1 824.8 803.4 783.7 763.8 742 719.6 696.7 674.4 657 645.7 636.7 640.4 646.2 649.2 659.1 675.1 708 768.3 779.1 768.9 751.4 725.2 705.6 703.8 706.1 700.3 710.6 733.6 765.5 799.5 829.4 864.2 897.1 927.2 952.2 971.5 991 1009.5 1025.9 1042.5 1037.1 1015.9
740.4 750 760 777.8 788.8 805.8 821.4 833.3 841.2 843.9 843.8 841 834.2 845.1 857.5 869.1 881.1 895.5 904.6 913.9 925.6 934.2 939.7 943.1 947.9 957.3 964.2 967.1 961.3 952.9 938.8 923.5 904.9 880.1 868.1 856 837.5 817.4 795 774.8 745.5 718.8 696.9 675.5 658.3 645.4 640.5 637.7 645 650.8 661.8 678.8 720 779.4 785.2 777.2 761.9 739.4 714.9 708.8 718.1 712.5 718.6 740.4 768.3 800.1 833.6 870.8 905.5 941.9 969.3 990.9 1012.3 1029.2 1044.4 1061.7 1056.4 1029.8
752.7 761 775.6 793.9 806.5 823 834.5 846.6 852 855.2 855.1 850.9 844.4 852.7 865.1 876.1 887.3 900.5 911.9 924.6 935.9 945.6 952.3 955.8 960.7 967.5 974.4 970.3 961.9 948.1 935.8 925.1 913.2 895.6 880.9 864.1 845.6 824.5 806.1 777.6 746.9 718.8 696.7 676.3 657.9 646.8 638 639.7 646.1 654 662.4 681.6 721 776.8 789.6 782.9 769.2 750.3 728.8 723.5 724.3 724.1 727.4 741 765.8 800.1 837.8 877.5 917.8 956.4 984.4 1007.4 1032.1 1049.6 1061.2 1071.2 1065.2 1036
770.2 780.1 795.5 811.1 826.8 838.3 848.6 857 865.9 867.9 867.6 861.2 855.1 859.9 871.2 880.5 891.8 904.2 920.8 934 945 953 958.6 964.2 967.7 975 976.3 971.1 960.1 946.7 938 932.4 925.9 910.8 892.6 869.9 850.2 833 820.9 779.2 748.9 721.7 698.7 677.3 660.2 648.1 638.4 640.1 651.1 656.4 664.8 679.4 718.4 774.7 792.3 784.8 778.1 764.5 743.8 730.2 723.4 738.2 741 746.7 766.5 795.4 827.9 874.3 917.6 957.5 993 1020.1 1046 1064.5 1068 1068.3 1059.5 1037.3
799.6 804.8 817.5 831.5 845.7 855.9 864.2 875.7 881.2 881.7 879.1 871.8 865.8 866.5 876.6 885.6 897 911 929.8 944.6 955.1 959 963.8 968.6 973 977.3 976.6 968.5 957.4 950.4 947.9 945 939.7 923.2 901 876.9 857.4 838.8 813.9 781.7 751.7 724 698.9 679.4 662.1 650.4 639.5 639.2 650.8 656.2 664.9 681 712.8 767.1 793.7 787.9 788.1 773.9 750.9 734.8 730.4 739.7 748 748 762.2 793.1 837.8 871.5 917.8 955.9 995.4 1027.5 1054.9 1074.6 1072.4 1066.4 1053.3 1035.9
823 827.4 842.7 853.2 861.3 869.8 879.7 886.2 889.2 891.9 888.2 883.6 876.4 874.2 883.5 892.6 904.8 920 938.9 954.2 963.9 966.4 969 972.1 974.7 977.6 976.4 968.4 958 955.2 955.9 957.4 949.6 928.7 905.2 882.8 863.2 843.7 820.3 785.2 756.7 726.5 700.2 680.8 664 650.7 639.8 639.2 651 653.6 668.9 685.1 712 763.4 795.9 795.1 795.8 786.8 764.2 740.4 733 737.4 746.2 747.7 764.8 793.1 827.3 866.6 913.6 956.3 992.3 1024.7 1051.2 1066.9 1069.9 1068.6 1056.2 1040.2
839.4 848.7 860 867.2 878 883.7 890.3 895.1 897.5 899.1 897.3 893.7 885.8 882.8 891.6 900.9 912.9 929.7 948.3 961.7 969.8 973.6 974.8 975.4 976.7 977.2 975.1 967.4 962.5 961.6 964.3 967.2 957.1 931.7 906.9 885.2 865.9 847.7 820.1 792.3 759.9 730.3 704.3 683.4 667 652.5 641.8 638.2 649.3 658.1 672.5 686.8 713.2 765.4 799.1 802.3 802 798.3 788.3 762.1 746.2 743 746.5 750.4 764.3 790.2 825.8 863.2 908.5 950.4 983.5 1018.1 1044 1058.8 1065.3 1067.5 1057.7 1045.4
854.5 868 876.9 882.5 892 898.4 904.2 905.8 907.1 906.7 905 901.5 893.9 891.5 900.8 912.5 926.3 940.4 955.3 968.4 976.1 980.8 981.8 981.7 980.6 978.8 976.2 971.4 968.8 970 974.4 977.2 958.2 934.2 910.6 889.2 870.4 849 824.1 792.7 766.9 734.3 709.2 685.6 668.1 653.1 643.5 639.5 648.9 660 676.5 689.5 716.6 764.8 799.1 807.6 809.7 809.8 808.5 790.2 764.6 753.7 752.6 757.8 771.2 792.6 819.5 856.9 897 943.7 979.1 1011.1 1037.1 1054.3 1061.5 1064.6 1059.6 1050.5
873 885 891.6 897.2 905.1 912.2 916.4 918.7 918.5 918.5 917.8 915.1 910.7 901.2 907.2 921.6 936.7 950.3 964.1 975.4 985.8 990.8 993.9 993.2 989.1 984.9 980.4 978.3 976.9 978.6 982.8 982 962.6 940.4 915.9 893.1 872.1 850.6 827.6 797.3 771 740.1 714.2 689.7 672.5 651.7 642.2 638.9 650.3 666.5 676.4 690.9 722.6 764.7 798.6 811.3 817.3 821 825 818.1 790.9 778.9 768 768.6 775.1 794.4 822 857.7 906.6 954 983.7 1010.2 1036.1 1054 1060.8 1064.2 1061.3 1054.5
890.6 896.1 902.7 910.7 919.8 926.7 931.8 932.4 932.5 933.3 932 930.9 927.5 919 913.8 929.7 944.1 958.6 972.1 985.3 997.4 1005.8 1010.6 1009.4 1001.3 992.3 986.1 984.9 985.3 989.7 991.7 984.7 968.4 947.6 922.7 896.8 874.4 853.6 833.5 804.4 777.3 747.4 723.9 697.4 675.1 651.4 640.6 639.3 649.8 666.7 676.8 692.5 723.6 761.5 794.8 815.6 825.5 831.5 838.4 843.3 824.4 806.5 792.2 784.6 787.1 802.8 827.5 863.3 914 961.4 987.1 1010 1032.9 1054.2 1062 1064.1 1063 1059.5
903.5 909.9 916.1 924.8 934.1 940.6 942.7 947.3 948.9 949.3 948.6 945 942.9 934.9 931.8 938.6 950.4 964.9 979.4 994 1008.5 1018.7 1021.4 1023.6 1015 1004 994.5 992.9 991 999.5 998.3 988.1 974.5 955 931.2 908.1 882.5 863.8 842.5 813.5 782.8 751.5 726.1 704.5 681 656.2 640.7 640.1 649.9 673.5 680.3 691.6 722.4 755.4 791.3 817.7 832.2 842.1 853.9 863.9 862.5 842.8 823.9 808.8 807.2 818 835.7 878.9 924.9 962.7 985.1 1006.7 1028.3 1048.4 1058.9 1062.7 1062.5 1063
