public/OST50/NJ11.asc
ncols 200
nrows 200
xllcorner 310000
yllcorner 810000
cellsize 50
[rows 35 to 69 of 200, columns 0 to 77 of 200]
422.6 430.4 438.2 454.1 469.3 481 490.4 500.3 509.1 515.6 517.3 515.3 511.2 505.2 498 492.8 489 485.7 483.6 482.3 482.2 482.8 484.6 483.7 481.2 478.7 474.8 469.3 461.5 452.7 448.4 443.1 438 440.1 439.5 437.4 435.2 431.5 424.7 416.9 408.5 395.2 380.5 365.6 359.2 350.3 347.5 354.8 360.3 360.9 363.7 379.2 390 399.5 411.4 422.1 432.1 441.7 450.3 457.2 461.4 464.1 467.8 469.1 469.4 467.5 464.9 463.2 463.5 464.1 464.2 463.8 465.2 465.9 467.1 467.7 468.8 469.3
422.8 430.5 442.2 459.1 471.3 482.8 492.1 501.3 509.6 515 516.6 513.9 509.6 503.4 495 489.1 484.9 480.9 478.2 476.3 476.3 477.3 477 477 474.2 471.3 467.8 461.3 454.8 446.3 442.3 436.8 434.3 431.4 429.9 430.6 427 422.3 416.3 407.6 397.6 384.5 369.1 360.1 350.6 348.9 353.1 361.4 365.9 369.6 370.3 371.1 389.7 402.1 413.9 425.1 435.9 445.2 454.4 461.9 466.6 473.2 477 478.2 479.9 479.7 477.4 476.5 476.1 476.5 477.8 478.3 477.9 477.8 476.8 477.9 478.3 479.1
418.3 425.6 444 460.8 472.8 483.3 492.4 501.5 509.2 513.4 514.7 512.2 508.3 502.2 494.1 486.2 481.2 476.9 472.9 470.7 469.7 470.7 471.1 470.2 467.8 465.2 459.3 453 447 441.9 438.5 432.6 430.5 428.3 429.1 419.2 416.7 412.3 405.1 394 384.6 375.4 362.9 351.9 351 352.6 362.5 366.5 372.7 374.8 375.7 374.6 386.3 400.7 414 425.4 436.2 445.3 454.4 462 468.9 476.5 481.6 484.4 489.2 489.5 488.7 489.9 490.7 490.3 489.3 489.7 488.5 487 486.5 487.8 487 487.8
407.2 422.5 442.2 463.6 473.9 483.6 492.3 500.6 507.1 510.8 512 510.6 506.6 500.1 492.9 484.5 477.7 472.4 468.1 464.9 463.8 463.6 464.3 463.9 462 458.6 454 448.1 439.5 434.9 431.3 427.3 424.6 422 421.2 419.1 404.8 400.7 393.5 384.2 375.3 370.5 353.4 353.7 352.3 362.9 368.2 373.5 378.3 379.9 380.9 380.6 381.4 398 411.8 423.8 434 442.6 451.4 461 468.9 475.8 482.7 487.9 492.1 494.8 496 500.5 501.3 499.6 499.5 497.8 495.8 494.7 495.5 496.5 496.5 496.8
412.7 427.8 453.3 466.1 475 482.7 491.2 498.5 504.3 507.5 508.3 507.3 502.9 496.9 490.9 483 475.2 468.8 463.3 459.8 457.1 456.6 457.5 456.9 454 451.2 446.6 439.9 433.8 428.9 422 421.9 419.2 416.9 410.9 407.3 401.2 388.8 385.7 377.5 365.6 355 353.9 353.8 363.3 369.6 374.8 381.2 382.1 383.6 383.6 384 383.9 395.4 408.5 420.2 430.4 438.1 447.6 456.1 465.3 472.4 478.9 484.3 488.4 491.8 495.5 499.7 503.1 504.7 504.6 503.4 502.1 502.1 504.1 505.8 506.3 505.9
420 439.3 455.5 466.5 474.3 481.5 488.7 495.4 500.3 503.4 504.5 503.7 500.2 493.4 487.3 480.8 473.6 465.6 459.6 455 451.2 450.6 450.1 448.4 445.9 443.1 437.8 431.5 425.5 420.6 411.5 410.2 410 407.5 403.4 400.1 391.8 385.3 378.7 375.5 356.8 355.7 354.9 364.8 372.4 377.9 381.2 383.1 385.3 387 388.5 389.6 381.4 391.4 403.2 415.4 424.1 432.8 442.1 449.9 458 465.4 471.6 476.7 480.6 484.7 489.7 495 500.9 504.1 506.2 506.8 507.9 510.5 512.8 514.9 515.3 513.8
430.3 445.9 457.3 466 472.8 479.1 485.1 490.9 495.5 499 500.5 499.4 495.7 489.8 484.6 477.7 470.4 462.3 456.3 451.1 445.2 443.3 441.9 439.2 437.1 433.7 429.9 423.6 414.5 409.8 406.3 403.2 404.2 400.1 395.8 392.5 385.8 380.6 377 357.6 357.3 356.6 365.4 375.2 380.8 383.9 384.9 386.7 389.9 392 393.6 393.6 385.2 400.8 400.3 407 417.4 427.4 436.8 445.7 452 458.7 464.6 469.9 474.9 480.1 485.7 490.7 496.7 501 505 508.2 511.7 515.7 518.7 521.7 522.3 522.3
435.2 447.4 455.9 463.1 469.6 475.5 480.5 485.6 490.6 493.7 494.6 494.3 490.2 485.9 480.3 474.4 466.6 460 453.1 447.4 442.6 435.8 434 431.1 429.1 425.7 420.8 415.4 407.5 403 399.8 400.3 399.7 397.2 389.5 385.7 380.7 374.2 360.2 358.1 358.2 363.5 377.2 384.5 386.4 387.1 389.2 392.4 394.7 395.7 395.7 396.8 395.3 404.3 408.6 411.4 411 421.5 434.1 442 449.2 454.8 461 466.8 472.3 477.7 483.3 488.8 494.2 499.6 504.6 508.8 513.4 518.8 523.9 526.1 527.5 530.4
437.9 447.1 454.3 460.1 466.6 471.8 476.8 481.2 485.5 488.9 490.4 489.1 486.7 482.4 476.7 469.9 463.2 456.7 450.1 444.3 438.1 432.2 428.1 424.6 421.1 416.9 412.3 406.6 403.3 400.8 397.2 397.2 395.6 395.9 390.5 384.7 367 360.8 360.3 359.9 360.5 373.8 385.1 389.8 391.6 392.1 393.8 396.3 396.9 397.4 398.1 400.9 401 408.7 412.9 416 421.8 428.4 435.6 439.1 447.7 454.2 460.9 467 471.4 477.3 482.5 488.4 494 499.7 504.9 510.2 514.7 521 526.2 529.7 534 537.9
439.2 445.8 452.6 458.4 462.9 468.2 473.3 477.7 482 484.8 486.1 485.6 482.3 478.4 472.9 466.5 459.4 452.9 446.6 440.9 433.9 427 423.3 418.4 415.1 410.8 406.6 400.6 398.4 396.6 394.4 391.9 390.1 387.6 386.3 378.5 362.7 361.9 362 362 375.2 383.3 389.4 394 395.7 395.8 396.8 397.7 399.8 402.9 405.5 408 409.8 411.9 416.1 419.6 424.3 431.3 439.5 445.5 450.6 455.5 459.7 466.3 471.5 476.5 482.6 489 494.6 500.8 506.4 511.3 517 523.2 528.3 534.3 540.3 545
441.6 447.4 452.1 456.2 460.6 465 470.1 474.7 478 480.9 481.6 481 478.3 474.2 469.1 463.1 456.4 448.8 443.2 436.2 429 422.2 417.8 412.6 410.5 406.4 403 397.2 393.5 391.7 390.1 384 375.3 368.8 368.1 364.4 363.3 363 365.2 380.5 389 393.9 396.8 398.1 398.4 398.3 401 404.5 408 411.1 413.3 414.4 415.2 412.1 419.8 424.2 428.8 436.1 443.3 449 454.4 459.2 463.7 467.5 472.3 477.5 484.4 490.4 496.4 502 508 512.5 519.8 526 532.5 539.2 545.3 549.7
449.2 451.3 454.1 456.6 458.4 462.3 466.8 470.9 474.3 476.7 477.4 476 473.8 470.2 465.3 459.7 453.8 447.4 440.4 431 423.9 419.5 416 413.4 409.5 403.6 396.9 392 386.3 381.9 379.1 371.6 371.8 378.9 366.2 364.4 364.6 365.6 383.1 392.9 400 403.5 404.5 404.5 404.9 406.2 409.3 412.3 415.2 417.3 418.5 419.1 420.5 421.6 423.7 428.6 434.1 441.3 446.9 451.9 456.9 461.3 465.4 469.3 474.1 480.5 486.9 491.9 497.9 503.9 509.6 515.7 523.5 530.3 536 542.8 549.2 554.7
456.9 459.1 460.2 460.6 460.1 460 462.9 466.8 469.8 472.5 473.4 472.3 469.5 465.7 460.9 456.3 450.3 444 437 427.3 420.6 417.1 415.1 412.6 410 405.2 399.9 398.9 392.2 381.1 375.8 385.5 385.3 384.3 383.7 365.8 366.4 380.6 392.6 403.3 409.2 410.7 410.8 410.8 412 413.7 416.1 418.2 420.3 422.4 423.7 424.1 424.9 427.2 428.7 432.2 437.2 444.6 449.9 454.9 459.9 463.7 467.1 471.8 477.1 484 489.4 495.6 503.7 509.4 515.3 520.9 528.5 533.4 540.4 547.6 554 559.6
464.6 466.3 466.2 464.4 462.2 460.7 459.2 462.1 465.2 467.8 469.1 468.4 465.9 462.8 457.6 452.7 446.9 440.3 433.4 424.6 419.2 415.7 414.6 413.4 411.5 405.8 402.1 394.5 381.3 378.7 389.5 396.4 389 392.1 376.7 367.8 369.5 390.3 401.8 415.1 417.1 417.3 417.6 417.5 418.5 419.7 421.1 423.1 425.3 427.5 428.5 430 432.3 434.8 434.2 437.6 442.3 447.4 453.1 458.4 462.2 466.5 469.9 474.8 481.5 488.8 494.7 502.6 510 516.2 520.6 527.6 533.3 539.2 546.1 552.7 559.5 565.8
470.1 471.8 470.3 468.2 464.4 460.7 458.4 456.5 459 462.9 463.8 462.7 459.9 455.6 451.4 447 441.8 435.5 428 423.1 419.1 416.9 416.2 414.8 410.5 394.9 386.3 385.2 387.1 397 402 399.8 396.4 391.2 371.5 368.1 381.2 397.8 411 421.9 425.9 425.6 426.3 426 425.6 425.7 426.1 428.7 430.8 432.8 434.1 436.9 439.4 440.2 439.6 442.7 446.7 451.7 456.8 461.1 465.2 469.3 473.6 478.8 484.9 492.4 501.9 509.7 516.4 522 527.4 534.3 540.4 546 552.3 559.1 565.8 571.3
474.8 475.8 473.7 471 466.7 461.7 458.4 456.2 454 456.4 455.6 452.5 448.7 444.5 441.5 438.1 431.7 424.9 421.3 416.3 410.5 408.7 404.4 414.6 398.8 388.1 389.1 395.3 405.9 413.6 409 405.8 401.1 390.5 370.8 369.6 389.4 405.4 419.4 427.8 434.6 434.5 432.6 432 432.1 432.8 434.1 435.6 437 438.7 440.9 443.9 445.4 445.5 445.7 447.7 451 455.5 460.8 464.6 468.2 472.2 476.9 481.3 488.2 497.2 507.6 515.9 522 528.6 535 541.1 547 552.1 558.3 565.2 571.6 577.1
478 478.6 475.9 472.6 468.7 463 457.4 453.9 451.7 449.1 443.5 441 435.3 431.5 429.6 425.6 419.1 414.2 409.9 404.5 402.6 399.5 399.5 394 392.5 397.2 391.9 415 420.5 417.3 412.8 408 399.9 384.6 372.5 373.6 394 410.9 426.4 434.1 440.1 441.1 440.2 439.2 439.4 440.9 442.6 443.5 444.5 446.8 449.1 449.8 450.4 450.7 451.6 453.5 456.1 459.6 464.9 468.1 471.2 476.5 480.8 483.5 493 502.1 512.6 520.8 528.9 535.7 541.1 547 552.3 557.2 563.3 569.9 575.8 581.2
480.5 481.2 477.8 474.6 470.2 464.6 456.9 452.7 450.1 448 443.7 438 432.6 429.3 418.5 415.3 414.2 415.4 418.6 417.4 410.8 416.3 415.6 413.2 414.4 403.8 409.5 425.8 423.7 420.3 416.5 410.3 402.1 397.2 373.5 376.7 397.1 415.6 431.8 440.9 445.3 448 448.6 448.1 448.1 449.5 451.9 453.6 454.5 456.2 456.2 455.8 456.1 456.6 458.7 459.7 461.6 465.5 469 471.5 476.3 480.9 482.9 489.6 497.1 507 517.4 525.4 533.8 541.5 547 552 556.8 561.7 567.3 572.6 577.7 581.8
482.7 483.2 478.5 474 469.6 462 454.8 450.7 448.4 445.5 443.6 438.2 435.2 428.3 429.5 428.7 426.6 427.9 431.4 414.6 430.6 433.3 434.8 434.2 428.3 409.7 434.5 431.6 427.9 424.5 426.1 420.5 404 391.7 374.7 374.2 390.8 409.7 426.5 439.1 448.9 453.1 455.7 457.2 457.9 458.8 460.9 463.2 465.2 466.2 464.2 462.8 462.2 462.4 463.5 464.5 466.4 469.4 472.4 476 481.4 484.5 488.9 495 503.4 512.3 521.5 530.5 539.1 546.2 552 556 559.1 563.1 566.7 571.4 575.8 579.5
483.7 482.2 474.6 468.5 460.2 454.3 452.8 451.9 448.6 445.3 441.7 441.7 441 438.9 436.8 434.3 433.1 428.7 427.1 423.5 437.3 438 437.5 436.7 416.1 427.1 436.3 434.8 432.3 430.9 427 416.9 404.7 401.4 380.7 375.8 376.3 390.3 408.6 421.3 435.2 450.4 458.4 464.6 464.8 466.5 469.8 472.7 474.6 475.2 472.5 470 469.1 469 468.9 468.2 471.1 474.1 477.2 481.2 484.8 489 493.7 500.4 507.9 517.1 524.8 533.5 541.9 548.9 555.5 556.9 557.9 560.1 563 566.8 570.3 573.8
482.3 473.3 469.2 467.6 465.4 462.2 458.2 454.9 452.7 451.8 448.6 445.3 442.4 441.1 437.8 439.9 437.6 424.4 431.6 436.8 442.5 443.5 441.4 441.1 420.4 439.8 443.5 442.8 439.3 435.8 425.6 418.2 407.2 398.1 387.9 380 379.5 378.8 382.8 404.6 416.7 430.6 443.2 457.1 466 469.9 475 478.5 481.5 483.6 482.2 480.4 478.6 476 475.1 475.4 476.9 479.7 482.6 485.9 489.9 494.7 499.6 506.2 512.4 519.8 527.5 535.4 543.3 548.7 552.2 553.3 554.2 555.4 557.1 560.1 563.4 566.9
477.5 473.3 473.6 471.9 469.2 465.6 459.6 460 458.2 456 453.1 445.9 440.4 437.2 444.5 435.3 429.4 438.1 447.3 449.2 449.5 450.7 447.6 430.2 434.5 445.2 444.1 442.5 439.3 434.5 429.9 425.6 419.1 403.6 390.3 384.2 381.6 378.6 380.2 382.5 399.4 411.2 425 440.5 454.7 466.4 477.8 482.2 486.6 491.1 491.9 492.2 490.1 487.1 484.9 483.4 483.9 486 489.2 492.8 496.7 501.9 506.3 510.8 516.1 523.4 530.4 537.8 543.5 547.1 548.2 548 548.5 548.9 550.5 553 556.3 560
478.2 479.4 477.7 474.7 471.5 466.1 466.3 463.9 461.6 459.6 455.5 448.8 449.8 439.8 438.1 440.1 446 451.9 454.7 455.3 455.5 455.2 440.8 428.5 450.1 451.8 448.3 446.5 442.3 438.2 433.8 427.7 419.8 411.3 399.2 391.2 386.3 386.7 383.5 382.1 383.9 395.3 407.2 422.6 437.7 453.2 469.7 479.9 487.5 496.1 498.4 499.4 498.7 496.7 494.4 492 491.2 492.2 495.5 499.3 502.8 507.1 511.1 515.3 518.9 525.8 532.6 538.4 542.1 543.6 543.4 542.5 541.8 541.9 543.9 546.5 550 553.9
482.9 483.4 481.9 478.3 474.3 472.7 470.4 468.3 465.9 461.8 455.7 445.5 441.4 440.6 447.4 457.7 458.9 459 452.3 448.5 452.9 448.4 431.6 444.3 456.9 456.8 453.5 450.3 446.3 442.2 435.6 430.8 425.2 418.9 408.1 401.9 398.8 398.2 395.5 391.3 384.1 386.4 390 406 420.9 436.6 454.4 469.3 481.8 494.8 502.6 505.9 505.3 503.2 500.9 498.7 497.6 499.6 501.5 504.5 507.5 511.1 514.1 516.8 520.7 526.2 532 536.5 538.9 539 536.9 535.3 534.4 534.9 537.1 540 543.7 547.6
484.4 485.7 484.8 480.5 479.8 476.4 474 472.3 469.5 466.9 450.3 445.1 460.9 460.1 461.6 464.5 464.7 463.6 445.6 454 449.2 438.4 441.9 458.3 463.9 461.2 458.7 455.6 452 445.8 439.5 434.8 430.3 424.1 419.5 412.3 409.1 407.2 404.9 399.6 394.1 386.5 387.8 389.6 401.5 419.6 436.9 453.4 469.8 485.9 499.3 507 509.5 509.5 508 507.5 506.1 506.3 507.1 508.9 510.7 513.5 515.3 517.6 521.4 525.2 529.5 532.5 533.3 534 529.5 527.5 526.7 527.4 529.7 532.9 537.4 542.1
485.6 487.1 485.8 484.4 483.9 480.5 477.8 475.3 474.7 470.1 448.5 460.9 469.9 468.4 467.3 466.3 467.3 458.5 457.8 470.9 471 461.3 457.4 469.6 468.2 466 463 460.8 456.9 451.4 444.3 440 436.1 432.7 427.8 422.7 419.2 417 412.8 409.2 404.1 399.6 391.7 390.2 391.8 401.4 418.6 435.9 452.8 469.7 489.6 502.7 508.9 510.9 513.1 513.4 513.1 511.6 511.5 511.5 511.6 512.6 514.1 516.2 519.2 522.8 525.5 526.6 526.1 523.7 521.4 519.4 519.1 519.9 522.4 525.8 530.9 537.2
486 488.4 489 488.4 487.5 483.2 468.4 466.8 465 455.7 456.5 476.8 475.8 472.9 470.1 467.1 458.4 453.5 462.3 469.8 475.4 476.8 471.5 475.1 474.1 472.7 471.2 467.7 463.3 458.8 452.3 445.9 441.9 440 435.6 432.3 428.8 425.7 422.7 419 415.8 410 402.8 395.9 392 393.4 395.4 413.4 435.2 454.6 475.8 493.8 503.5 508.3 512.1 513.9 515 513.9 513.4 512.1 510.2 509.1 509.4 511 513.4 517.2 519.2 519.4 518.4 516 512.7 510.3 510.5 511.6 514.4 518.3 524.1 531.2
487.3 491.2 492.6 492.4 492 482.7 468.9 484.4 475.4 469.8 474.2 482.8 482 474.3 475.8 459.3 467.3 472.8 474 477.7 480.6 480.9 480.3 481.6 481.7 481.1 478.6 475.8 471.2 466 458.8 451.2 448.1 446.1 442.2 439.3 436.4 433.4 431.3 428.1 424.8 419.4 410.1 404.7 402.5 397.2 396.3 396.8 416.6 439.5 461.5 481.8 494.6 501.7 506.5 510.7 512.3 511.9 511 509.3 506 496.9 488.9 494.4 501.8 509 511.3 510.9 510 506.7 503.5 501.2 501.3 502.8 506.2 511.3 519.8 527.3
487.2 491.3 494.8 496.3 494 474.3 484.5 492 492.4 491 490.9 481.3 477.8 466.5 465.1 470.9 483.4 482.2 482.4 484.9 486.7 487.3 487.7 488.1 489.2 488.2 486.3 483.3 479.9 475.2 465.1 455.6 454.1 451.3 448 445.1 442.3 439.6 437.6 435.1 432 428 419.7 410.3 407.1 404.7 399.5 398.8 403.2 425.8 448.4 469.2 484 492.6 497.8 502.3 505 505 503.7 501.9 498.2 482.6 465.7 477.3 478.6 490.2 497.9 500.4 499.4 497 493.2 491.8 491.4 492.4 498.7 505.2 514.1 523.6
485.4 488.5 496.1 497.9 484.5 492.7 498.4 497.8 499.5 497 488.2 472.2 469.8 470.6 474.5 488 490.3 489.2 489.7 491.8 493.6 494.5 494.3 494.4 495.8 495.7 494.3 491.6 487.4 483.6 476.7 463 459.3 455.9 452.9 449.5 446.6 444.6 442.9 440.4 437.8 433.8 426.8 417.5 411.9 409.2 402.4 401.3 399.9 415.5 436.1 456.2 469.7 480.2 487.5 491.6 494.5 494.1 486.4 480.7 476.2 465 449.4 450.9 456.1 460.8 472.7 485 487.8 486.1 483.6 481.6 478.1 477 492.9 500.5 510 519.7
483.8 487.5 494.6 487.5 491.1 504 506.4 505.3 504.1 487.2 477.3 478.6 490.2 487.9 490.5 496.2 497.4 499.3 501.2 502.8 504 504.4 503 501.3 503 504.4 505 503.6 498.1 491.6 486.8 476.7 466.1 463.3 459.6 455 451.6 449.4 448 445.7 443.2 440.1 432.8 424 415.5 412.2 405 403.9 401.3 404.9 422.6 437.9 451.5 462.5 472.8 478 480.4 476.3 464.4 456.9 451.8 440.6 434.5 433.5 435.4 440.1 448.4 466 473.6 474.5 473.1 469 465.3 479.5 488.9 497.8 506.7 515.9
485.6 488 496.4 485.9 504.3 511.6 511.4 512.3 490.6 494.9 503.8 503.2 503.7 498.4 502.5 506.4 510.2 511 511.9 512.4 513.2 515.3 517.4 517.6 515.2 517.8 517.8 516.8 512 502.7 496.6 491.1 484.9 479.2 472.8 469.5 465.7 461.6 457.2 453.2 448.5 444.8 438.9 430.3 420 408.2 408.2 409 404.2 401.2 406.1 418.2 430.2 441.8 453.1 460.6 460.8 452.9 443.2 433.5 429.4 420.4 421.4 423.7 423.1 426.5 433 445.7 457.5 462.6 462.7 456.6 466.8 475.4 485.3 495.2 504.3 513.7
484.6 487.6 489.5 489.9 513.4 516 516 513.2 495.2 509.6 519.1 515.4 512.3 512.1 513.1 518.5 520 520.8 520.7 521.9 526.1 530.9 533 533.8 533.6 532.7 531.3 527.7 522.7 516.6 506 501.6 498.5 494.3 489.9 484.7 479.7 474.1 467.8 462.4 454.8 449.3 443.3 435.8 423.6 410.2 412.6 414.1 409.4 405.5 403.5 406.1 412.6 420.3 431.9 440.4 439.6 434.8 428.4 419.6 418.5 419.1 426.3 427.5 423.4 424 428.1 434 444.1 450.2 449.7 452.1 462.1 472.5 483.9 493.6 502.1 511.9
483.3 489.8 489.1 496.5 516 519.2 520.1 512.3 516.9 527.6 527.8 525.2 521.7 524.4 526.3 527.6 528.2 527.9 529.7 534.2 541.7 543.8 545.7 546.6 546.1 543.6 541.2 537.3 531.8 525.9 516.4 508.9 505.1 501.6 497.4 493.2 487.7 481.3 474.8 469 460.5 453.7 447.9 439.6 426.4 413.7 420 422.6 419.6 414.5 408.7 406 406.4 409.2 413.8 421 422.3 422.3 416.2 420.7 423 426.9 430.2 430.4 429.6 428.5 427.4 430.4 435 439.6 441.1 450.9 462.4 473.3 484.8 493.4 501.3 512.1
481.9 490.6 490.5 494.6 511.9 517.4 516.8 524.6 532.1 534.6 535.3 533.1 533.6 534.8 534.9 535.4 535.2 538.2 545.7 551.7 553.6 556.1 557 557.3 555.5 553.2 549.4 546.3 541.6 534.3 525.9 520 514.4 509.5 504.1 498.6 493.1 487.4 481 473.8 466 458.7 452.3 444.2 430.3 416.3 427.8 430.2 430 427.4 420.8 413.5 410.3 410.1 410 411.3 413 414.7 420.6 429.3 430.1 429.5 430.6 431.2 431.2 431 426.9 429.2 432.5 438 447.1 458.6 468 476.8 485.9 494.1 502.4 514.3
