public/OST50/NJ11.asc
ncols 200
nrows 200
xllcorner 310000
yllcorner 810000
cellsize 50
[rows 140 to 174 of 200, columns 0 to 77 of 200]
727.8 725.8 721.9 717 710.9 701.4 690.8 675.2 656.1 660.9 652.9 647.6 643.3 640.1 637.3 635.9 634.4 632.5 628.6 620.5 610.6 594.6 584.5 578.5 573.8 572.1 568.7 564.5 560.9 554.7 556.9 558.6 559.8 561.7 561.8 562 562.4 562.9 563.6 564.5 563.9 564.9 567.4 574 582.2 592 602.5 612.2 616.5 615.2 611.5 607.1 600.8 594.1 586.8 578.5 568.8 560 551.9 542.6 531.4 522.6 510 488 459.9 456.8 484.5 509.9 520.8 529.6 543.3 554.3 561.3 564.6 565.8 563 555.8 547.7
736 732.5 728.1 721.8 715.5 707.2 699.4 686.5 683.9 680.1 672.8 660.6 653 648.2 643.3 642 639.9 638.9 636.3 630.4 621 611.7 596.4 583.5 579.9 577.1 572.3 569.7 563.9 559 561.3 563.2 564.2 565.8 566.4 566.8 567.8 569.3 569.2 568.7 568.5 569.5 570.3 575.6 583 591.5 599.4 607.2 610.6 608.4 605 601 595.4 589.2 582.2 573.8 565.7 556.9 548.2 539.3 529.9 516.6 492.1 458.2 458.8 466.3 501.9 520.5 531.7 542 553.2 564.2 571.2 574.5 575.5 573.6 567.8 556.9
742.5 738 732.4 726 719.1 708 696.9 694.7 695.2 692.8 687.4 680.6 672.9 661.2 653.8 647.9 645 642.6 639 634.1 627.2 618.6 609.7 595.4 587.9 582.2 578.9 574.5 566.8 565 566.9 568.6 570.4 571.8 572.4 572.3 573.7 574.9 575.3 574.6 574.5 573.7 573.5 575.6 581.2 586.3 591.5 596.5 599.7 598.5 595.3 591.3 586.7 580.9 574.2 567.1 559.8 552 543.2 535.2 526.7 508.3 471 465.4 466.9 486.9 514.7 531.2 544.2 556.3 565 572.7 579.1 582.5 581.9 579.1 572.6 564.4
749.7 744.5 735.5 728.8 721.3 707.4 705.4 703.8 702.9 701.4 698.6 691.6 686 680.1 670.9 658.9 652.7 646.3 641.3 635.3 629.9 623.7 614.8 605.2 595.8 589.2 584.9 579.5 569.8 572.3 574.5 574.1 576.7 578.3 579.4 580.3 581 581.7 580.8 580.4 580.4 578.9 578.2 577.7 579.5 582.3 584.6 587.3 589 588.2 585.5 581.7 576.8 570.8 564.8 558.1 551.8 545.3 538.6 531.3 520.6 488.9 465.3 467.5 483.1 504 523.9 539.7 555 567.3 576.2 581.2 585.5 587.3 586.3 581.7 576.1 566.8
755.6 749.9 742.5 731.3 716.9 721.3 719.5 717.6 715.4 711.9 709.4 705.8 698.8 692 684.3 675.5 665.2 654.7 644.4 637.7 629.5 620.8 614.1 610.2 605.7 599.4 590.7 584.3 574.8 579.8 579.4 582.1 584.4 585 586.5 587.6 587.9 587.6 587.9 588.5 588.2 586.2 584.8 583.4 580.2 579 578.2 578.4 578.6 578.2 576.5 572.5 567.1 561.5 556.5 550.5 545.7 540.2 534.1 528.2 515.8 486.1 463.1 478 497.5 510 531.2 549 564.6 577.1 584.8 589.2 591.6 591.3 589.8 584.9 578.3 569.8
760.4 754.4 748.6 735.4 731.2 732.4 731.9 728.9 725.5 721.2 717.6 714.4 709.6 701.9 693.7 684.1 675.6 665 650.6 642.5 633.1 629.1 623.2 617.4 612.8 605.9 597.3 589.5 586 589.5 586.4 588 590.8 592.8 594.5 595 593.2 593.5 596 596.6 595.8 594.9 593.6 590.5 585.6 578.6 575.5 571.8 570.6 569.7 567.8 563.7 558.9 554.3 550.3 545.8 541.1 535.4 529.7 523.3 512 480.3 466.9 465.1 496.4 520 539.2 554.3 570.9 585.4 593 596.4 597.5 595.8 591.4 586.6 579.7 572.3
764.7 760.2 755.7 746.9 744.7 743 740.2 738.1 735.5 730.7 725.6 721.6 717.3 710.7 703.1 691.1 681.1 671.7 660.2 646.6 641.2 635.3 628.1 622.6 616.6 607.5 597.6 588.8 600 601.5 604 604.7 605.9 606 605.5 605.7 608 609.9 612.2 614 615.5 616.6 611.1 603.7 595.8 585.2 577 569.9 566.5 563.5 559.9 557.2 553.3 549.2 545.7 541.5 537.1 530.9 525.1 517.4 502.9 485 469.7 465.1 464.6 496.2 521.2 547.3 565.9 584.5 598.9 602.6 603.2 599.6 594.5 586.5 579.5 572.7
772.7 766.2 761.7 754.4 753.7 752.3 750.9 747.6 744.5 739.8 734.3 728.7 722.6 716.2 709 700 689 674.8 666.6 660.9 653.5 643.2 633.7 625.5 618.4 606.3 598.9 603.5 611 618.7 625.7 630.4 632.2 633.1 631.9 630.4 630.4 632.5 631.9 633.2 635 638.4 637.4 628.4 617.4 601.7 584.3 575 568.7 561.9 558.4 554 550.2 546.9 543.2 538.4 530.8 521.1 516.7 509.1 492.9 482.4 470.7 468.2 464 483 506.5 525.6 548.2 569.9 602.5 607.8 605.8 601.9 595.9 587.9 580.2 571.9
777.4 773.9 768.2 763.1 763.5 761.4 759.2 757.4 752.9 746.9 739.5 733.4 726.9 719.5 711.4 703.9 694.9 686.6 678.1 668.7 662.6 651.6 640.9 628.6 616.6 613.1 613.1 610.6 618.6 628.2 635.4 641.1 644.8 646.8 645.6 643.6 642.7 643.6 644.5 647.4 649.3 650.6 650.8 647 636.4 621.5 606.6 589.1 581 571.8 563.6 556.1 552 547.4 543.7 538.4 532.9 522.6 511.5 502.9 498 498.4 482.5 469.1 465.6 482.5 505 523.2 540.3 563.8 595.1 609.3 607.9 603 597 589 579.5 570.8
778.7 776.2 771.8 771.3 770.2 769 766.8 764.6 761.2 755.4 746.8 738.7 731 723.1 714.9 707 701 695.2 688.4 680.7 671.4 661.5 646.4 629 623.3 624.9 624 616.7 627.3 634.7 642.3 647.6 652.3 654.3 654.3 653 651.6 651.5 652.2 654.3 656.8 659.4 658.4 653.3 645.5 635.4 623.8 610.8 598.6 587.2 577.4 567.5 558.1 551.1 546 540.4 536.1 530 522.6 514.8 499.5 500.6 497.3 476.1 464.9 478.3 507.1 535.9 554.8 571.8 595.2 610.6 608.9 603.8 597.8 588.4 577.2 567.7
779.1 777.1 775.8 774.7 775.5 775.2 773.8 771 767.2 762.6 757.3 750.8 740.8 728.2 720.1 712.4 705.7 700.4 694.3 688 678.6 662.4 640.8 638.9 640.2 637 634.6 630 629.9 641.1 649.3 655.8 659.6 660.5 659.7 659 658.2 658.2 658.3 656.9 657 657.7 656.5 652.3 645.7 637 627.2 616.9 606.2 594 581.9 571.5 561.7 553.1 547.3 541.2 536.1 531 524.4 518.2 504.2 500.8 481.2 472.8 465.9 479.9 511.1 540.4 562.8 588.5 605.4 612.6 612.5 605.7 597.4 588.1 575.7 565.4
780.6 779.8 779.7 778.1 777.8 778.6 777.6 775.4 772.3 767.6 762.5 757.2 750.8 741.5 731.1 718.4 712 705.3 698.6 693 684.9 659.5 656.3 661.5 657.2 650.5 645 642.7 643.1 644.4 655.3 662.3 667.2 666.7 666 664.4 663.1 662.6 660.4 656.6 651.2 647.9 647.1 647.1 642 634.3 625.2 615.4 605.5 594.8 581.3 571.9 563.1 555 548.8 542.9 537.6 532.4 526.8 520.1 505.6 498.5 477.2 468.9 468 491.3 513.6 551.5 576.1 593.4 607.3 613.9 615.2 608.4 598.1 586.1 574 563.1
781.9 782.3 781.1 781.4 780.4 779.8 778 775.7 774.6 771.9 766.6 761 754.8 747.7 738.7 729.6 719.1 711.5 702.6 696.2 681.2 669.3 679.1 674.1 671.2 666.7 662.8 658.2 653.7 655.7 660 667.1 671 673.5 674 671.3 667.6 666.2 663.6 658.5 648.4 639.9 636.3 635.2 632.6 627.7 620.4 611.3 602.3 591.9 578.9 570.7 562.8 555.5 549.4 543.3 537.3 532.5 527.3 521.2 503.9 500.4 475 467.8 481.7 502.3 519.2 549.5 577.8 594.8 607.4 614.1 614 608.3 597.9 585.1 572.4 560.6
783.1 782.5 781.6 782.4 781.2 780.1 777.1 774.9 773.7 772.2 768.3 762 757.4 750.8 743.5 735.2 726.1 717.8 709.4 698 675.6 686 689.8 687.7 682.5 676.6 674.1 671.6 669.5 667.5 669.3 671.7 674.4 676.9 678.8 679.4 675.4 670.1 666.5 662.2 654.6 644.2 636.2 629.3 624.3 619.1 611.2 603.6 596.2 586.7 578.2 570.6 563.5 555.8 549 543.3 537.2 529.5 520.8 512.5 500 491.4 468.6 479.9 494 508.1 522.9 548.8 579 596.3 608 613.9 611.7 603.5 593.9 581.6 569 556.8
783.9 783.1 782.1 781.5 780.4 779.2 776.4 774.2 772.2 769.6 765.5 761.4 757.5 751.8 745.7 737.5 729.3 722.3 714.1 703.6 685.3 692.2 697.5 697.3 694.4 690.2 684.3 680.5 678 676 676.7 677.9 679.3 680.1 679.1 678.4 675.8 673.1 668.1 663.6 657.3 648 638.3 630.6 623.4 618.4 613.6 606.7 600.3 593.2 585.4 576.7 568.3 557.3 549.4 544.5 538.4 533.4 523.8 509.5 499.1 475.8 475.5 483.7 504 515 530.6 555.5 580.1 596.3 607.3 612.9 608.4 599.2 588.3 576.3 563.1 550.8
783 782.6 781.3 779.6 778.5 776.3 774.6 772.5 770.9 767.1 763.4 758.7 753.7 749.8 744.3 738.3 731 723.9 717.2 708.5 690.7 699.1 702.3 704.7 703.9 700.9 697.6 694.5 691.5 686.2 684.4 683.2 682.7 681.4 679.6 675.1 671.7 669.1 664.5 658.9 652.1 644.5 637.6 631.2 624.6 619.2 614.8 611.3 608.8 603.4 595.1 586 576.6 567.4 554.3 544.8 539.3 533.7 522.6 508.4 488.4 471.7 491.5 483.2 507.7 519.8 540.5 563.6 581.1 595.2 604.7 608.4 603.6 593.9 583.6 570.5 558.1 543.1
779 779.6 778.5 776.9 775.3 774.7 773.9 771.9 769.6 766.2 761.4 756.6 749.4 745.1 739.9 734.6 728.4 723.4 717.7 707.5 695.8 708 711.2 711.3 711.5 710.9 707.9 704.8 700.6 697.3 692.5 688.5 684.4 682.3 678 671.6 665.2 660.5 654 648.2 642 636.4 631.7 626.8 621.4 616.9 613.1 609.8 606.9 603.1 597.8 588.8 581.3 572.8 564.3 552.6 540 532.4 519.1 501.3 481.9 471.4 499.7 496.5 504.6 522.6 543.3 562.6 577.9 591 598.6 599.8 594.9 586.2 577.1 566.2 552.4 537.4
772.3 773.7 773.2 772.8 772.2 772.4 772.4 771.8 769.7 766.5 761.6 756 749.8 743.7 736.6 728.9 723 719 713.7 705 708.3 713.3 716.9 718.3 719.4 721.3 721.8 717.5 709.6 707.7 704.2 700 690 684.6 677.9 668.4 656.5 647 641.1 636.9 631.8 627.1 622.7 618.8 614.8 609.8 605.5 602.3 599.3 596.3 592 585.4 578.7 571.8 563.7 553.5 541.8 530.5 520.6 492.1 479.4 484.4 510.2 510.5 500.1 524.4 541.8 557.4 571.2 582.6 588.6 588.9 585.1 577.3 568.3 557.4 545.2 531.4
765.5 766.6 766.8 767.1 769.2 769.7 769.9 769.1 767.6 764.9 761.7 755.9 751.5 746 739.8 733.2 727.9 720 715.2 713.4 712.7 717.4 721.7 724.1 726.2 728.7 730.3 730.3 725.6 720.5 711.9 709.6 704 693.1 682.3 672.3 662.9 650.7 638.9 624.7 618.1 618.9 613.1 608.7 603.7 599.7 596 592 588.6 586.4 582.6 578.1 573.1 566.2 557.8 545.4 534.1 522.9 506.2 479.9 479.8 503.7 523.6 524.4 511 508.6 532.8 547.5 560.3 570 575.7 577.4 573.8 568.1 559.5 548.4 537.1 524.7
761.1 760.2 760 759.4 761.2 763.5 765.6 765.7 764.7 762.2 758.9 757.2 751.9 748.2 744.2 737 732.2 728.4 722.9 721.8 720.5 721.9 725.6 728 731.5 733.2 735 735.1 733.5 729.3 724 719 713.3 705.3 695.7 686.5 678.6 666.6 654.4 638.1 624.3 610.3 605.7 604.9 597.2 588.9 583.9 580.1 577.6 574.4 571.9 569 563.4 557.4 537.5 524.1 517.7 505.3 475.6 492.3 509.7 525.7 531.2 532.8 531.9 515.3 514.5 535.6 549.8 556 561.7 564.3 563.3 557.5 550.2 540.3 527.3 520.8
754.8 754.4 754.9 753.4 754.1 755.4 757.6 759.8 760.5 760.5 759 757.3 754.8 750.7 747 743.5 738 736.3 732.7 729.5 727.5 727.5 730.1 732.7 734.8 737.3 737.7 737.7 736.4 733.3 729 724.8 719.5 713.5 707 695.6 687.9 678.4 664.7 650.2 631.6 619 608.8 597.5 589.3 586.7 579.2 569.6 566.3 565.2 562.5 559.3 553.7 541.8 524 498.3 479.8 481.6 476.4 511.5 532.4 539 541.3 542.1 543 533.6 520.3 516.5 539.8 546.7 550.4 552.6 550.8 549 543.7 534.7 524.9 519.2
748.6 749.4 748.7 747.1 748 748.4 750.3 752.4 754.2 755.7 756.3 756.6 755.2 753.7 751.5 747.7 746.1 742.6 740.4 737.8 735.4 735 736.3 736.8 738.3 740.6 740.5 739.7 738.8 736.2 732.6 728.8 724.2 719.1 713 706 696.3 686.6 676 662.8 649.5 633.3 620.6 611.2 600.9 590.2 580 570.3 559.1 542.6 550.3 543.1 538.1 521.7 504.3 480.2 487.9 493.9 502.3 531.1 545.5 548.3 549.6 549.4 547.8 544.5 534 520.9 529.4 538.3 540.4 542.3 541.4 540.5 536.8 529.7 524.9 518.3
742.5 742.1 741.3 740 739.5 741.4 742.6 745.6 747.4 750.5 752.3 754 753.4 753 751.7 751.5 750.1 748.8 748.4 746.1 743.7 741.1 741.5 742.4 743.7 743.8 744.1 743.2 740.4 738.5 734.7 731.6 728.4 723.3 717.7 711.3 703.5 693.5 684.7 671.7 659.1 644.9 630.5 619.2 607.4 593.5 580.5 570 562.1 552.6 539.1 506.7 506.4 482.9 482.5 497.5 506 523.6 542.8 552.2 555.1 557.4 554.9 553.1 549.4 546.7 543.3 531.3 518.5 528.1 532.5 534.6 535 535.2 534.7 530.6 526.2 520.8
732.9 732.6 731.6 731.4 732.3 733.2 737.1 740 742.6 745 747.9 750.2 751.8 752.2 752 752.9 755 754.7 753.3 751.7 749.6 747.6 746.8 747.6 748.4 749 748.8 746.2 743.3 741.2 737.5 735.1 732.1 727 721.8 715.3 708.1 699.2 690.5 679 663.1 651.1 634.4 622.8 609.8 595.2 579.2 566.7 556 548.8 527.7 492.4 497.4 519.2 512.4 521.8 519.7 534.4 549.2 558.1 564.1 566.5 563.4 558.3 555.4 550.7 544.5 538.8 532.7 523.6 525.2 528.2 530.4 533.6 534.2 532 527.6 520.1
723.2 723.4 723 722.2 724.8 728.6 731.8 733.8 738 741.2 743.5 746.3 748.7 749.9 751.6 754.2 756.4 757.5 756.8 756 753.5 752.5 751.5 751.4 752.5 752.6 752.4 750.4 746.8 744 740.3 737.6 735.4 732 725.7 718.5 710.8 703.2 694.2 682 665.7 652.8 638.8 623.1 608.9 591.8 575.6 562.1 548.5 532.9 514.8 508.9 523.9 535.9 520.1 534.8 533.7 544.9 555.1 563.1 568.6 575.6 574.7 568.9 563.6 558 550.9 544.3 540.4 534.2 530.8 531.8 526.1 530.5 531.6 530.9 525 527.8
712.2 712.5 712.3 710 716.4 724.2 728.3 731.7 734.4 737.1 740.7 742.8 745.2 747 748.9 751.9 755.7 757.8 758.4 758.3 757.4 755.6 754.8 754.9 756.9 756.8 755.9 753.6 750.1 747.5 744.3 742.2 739.4 735.5 729.8 722.4 714.1 705 695.3 683.1 668.2 653.9 635.5 620.7 603.9 586.8 570.4 552.1 539 519.3 493.3 522 540.7 538.7 531.8 538.7 542.4 552 561.1 567.3 574.4 578.8 580.9 577.5 569.2 562.3 554.8 548.1 543.1 539.9 538.5 535.6 529.4 529.9 531.3 530.7 527.2 531
701.3 702.9 702.1 700.1 709.6 719 725 729.9 732.8 735.1 737.5 738.2 741 743.5 746.3 749.2 753.1 756.6 757.6 758.4 758.3 757.3 756.7 755.7 756.3 756.6 756.6 755.8 753.1 750.5 748.1 745.5 742.6 738.4 733.1 724.8 715.5 705.9 694.6 682.2 667.9 652.2 634.8 614.8 596.6 579.3 560.1 539.1 518.3 489.4 517.4 536.5 549.9 542.5 541.7 544.9 551.8 559.5 567.7 572.8 577.5 579.5 579.6 577.2 572.2 563.7 556.8 549.5 544.6 541.3 538.6 535.3 530.9 526.8 532.1 531.8 530 531.5
692.6 693.1 692.5 694.1 702.2 714.2 721 726.8 730 732.8 734.7 736.5 739.2 741.4 743.3 746.6 750.4 753.6 756.3 757.1 758.5 757.8 757.8 757 756.6 755.4 755.4 754.6 752.8 751.2 749.5 747.5 744.2 740.1 734.1 725.8 716.6 705.2 692.9 678 657.5 639.2 621.7 603.7 589.9 573 547.1 512.6 491.7 540 548.8 560.4 552.8 548 555.4 556.4 563.1 568 572.1 575.9 578 579.4 579.5 576.7 572.4 565 557.5 550.2 546 542.7 538.9 535.4 532.4 530.1 532.8 533.3 533.2 535.1
683.7 684.8 683.6 688.2 699.5 708.9 715.6 723.3 726.5 729.2 731.4 734.2 736.9 738.9 741.5 745 748.4 751.9 754.4 755.8 756.3 756.9 757.4 757.1 756.4 755 753.9 752 751.5 748.8 747 745.7 743.3 739.2 733.6 726.2 716.5 704.8 688.1 667.9 645.3 626.3 607.9 595.2 581.3 563.5 547.8 513.3 531.7 558.2 568.9 570.5 568.1 568.4 569.3 569.3 571.6 573.5 576.1 578.4 580.2 580.3 578.9 576 572.7 567 559.9 552.3 547.8 543.9 540.4 537.3 534.6 531.3 533.9 535 536.1 537.1
676.9 677.3 676 682.6 692.8 700.2 706.9 713.8 719.7 724 727.4 730.4 733.3 735.6 738.4 743.6 747.3 751.1 754.3 755.5 755.6 757.4 756.7 757.1 755.9 754.3 753 750.9 748.8 744.6 743.3 742.6 740.3 736.4 731.5 724.7 715.3 702.4 678.4 653.9 628.2 617.9 603 589.8 573.3 557.9 535.1 496.7 547.1 568.1 574.3 579.7 580.3 579.7 578.1 578 578.3 579.4 581.4 582.4 582.3 581.7 580.1 577.1 573.8 570.2 563.4 555.7 550.5 545.6 541.9 537.6 534 532 534.9 536.4 538.2 539.5
670.6 671.7 667.2 676.2 683.9 690.6 696.5 702 707.6 713.8 719.2 722.3 726 731.7 736.8 741.9 746.4 750.6 754.2 756.4 757.3 757 756.8 755.9 755.1 753.3 751.1 749 745.3 743.2 740.7 737.1 734.5 733.3 729 722.8 712.5 699 670.5 643.7 626.8 609.2 596.7 580.6 564.3 546.7 520.7 526.6 562.8 573.4 582.4 589.9 590.9 587.3 585.9 584.4 583.7 585 585.3 585.9 586 584.1 581.9 578.7 575.7 571.3 565.8 558.9 553.2 547.9 543.8 539.3 536 532.8 537.1 538.3 541.1 541.7
666.4 666.4 662 668 675.2 680.8 684.3 689 693.3 699.1 702.9 705.7 708.2 725.7 733.3 739.6 745 749.9 754.3 756.6 757.9 758 757.7 756.1 753.6 751.3 749.2 746.4 743.5 740.1 736.7 733.7 731.5 728.4 726.8 722.7 713.3 698.6 666.1 646 626.2 619.4 603.2 589.3 564.4 549.7 529.2 505.4 539.5 575 586.4 596.3 601.2 598.1 593.5 590.1 589.6 589.4 589 588.8 587.7 585.5 583.6 581 577.3 573 567.9 562.3 555.8 550.8 546.3 542.2 538.9 537.1 538.5 540.2 543.4 545
662.3 662.1 660 659 665.9 670.6 673 676.9 681.5 686.2 688.1 689.6 703.8 716.9 728.2 736.1 742.5 748.1 752.9 756.5 758 758 757.6 755.4 753.2 750.8 747.5 743.8 740 735.7 732.4 729 727.5 726.6 725.8 721.7 714.7 700.5 680.7 655.5 634.6 616 610 587.4 568.7 550.3 555.9 531.3 506.4 572.8 588.3 601.2 605.4 603.5 600.2 597 594.5 594.2 592.6 591.2 590 587.8 584.6 581.7 578.4 575.6 570.9 565.1 559.4 554.4 549.9 545.7 542.4 540.1 540.5 544.9 548.7 549.8
656.8 657.9 656.3 651 657.4 660.9 662.6 666.5 671.5 674 677.1 687.3 696.5 707 717 726.8 736 744.4 750.6 755.1 757 757.5 756.9 754.8 752.3 748.3 745.6 741.6 735.6 731.8 727.7 723.8 722.2 721.5 721.6 718.6 711.8 701.2 687.1 666.2 640.3 617.1 604.2 589 575.2 564.5 563.9 538.9 508.2 543.1 582.1 599.1 608.2 606.9 604.5 603 600.5 599.5 598.2 595.3 592.9 589.7 586.9 584.1 581.4 578.3 573.8 568.2 563 558.6 553.3 549.8 546.8 545.1 544.3 548.2 552.1 554.2
653.4 652.4 651.5 648.3 649.6 653 654.4 657.5 660.6 666.3 674.1 682.4 690.4 698.7 706.2 716.3 728 738 746.6 752.4 755.8 756.2 755.5 753.8 750.3 746.8 742.8 738.4 733.9 728.4 722.3 717 715.8 715.7 716 713.6 707.2 698.3 684.6 666.9 644.5 624.1 612.5 599.9 585.6 572 569.5 524.8 540.9 541.3 568.9 597.7 607.7 608.3 608.9 608.9 607.8 606.6 605.9 603.5 601 598.3 593.2 586.9 584.5 581.4 576.8 571.8 567.1 561.6 556.9 553.3 549.8 549.7 548.4 552.6 557.7 560.6
