public/OST50/NJ12.asc
ncols 200
nrows 200
xllcorner 310000
yllcorner 820000
cellsize 50
[rows 105 to 139 of 200, columns 78 to 155 of 200]
262.8 254.6 249.3 246.7 243.3 241.1 240.9 242.3 242.8 241.9 253.7 264.9 276.4 287.8 302.3 313.2 318.4 326.7 334.3 347.6 361.2 372.5 380.6 389.2 401 418 429.2 437.3 439.4 435.8 428.8 419.7 406 393.4 383.6 371.6 359.3 343.7 334.3 326.9 320.7 313.8 305.7 291.7 274.3 287.1 304.1 317.2 329.5 337.7 344.4 347.7 350.3 354.7 358.1 364.5 372 383.6 396.3 406.3 413.1 418.8 424.7 426.8 426.3 422.9 415.1 406.5 404.4 402.4 402.8 405.9 413.1 418.7 421.4 423.2 432 445.9
258.1 252.6 246.9 246.3 243.6 243.3 243.4 242.4 243.2 252.2 262.6 275.7 289.4 298.2 309.5 318.5 326.4 339.9 350.6 360.3 372.6 382.1 392.1 402.5 418.3 430.2 438.5 444 444.6 439.3 430.8 420.5 409.2 398.2 387.8 377.5 363.9 352.1 338.2 329.5 322.6 315.9 307.4 293.8 275.3 282.3 303.4 317.5 329.3 337.8 344.2 347.5 352.4 356.6 362.8 373.4 382.7 397 409.4 419.1 425.5 431.5 430.3 427.8 424.9 419.2 409.9 399.7 396.2 393.3 393.4 396.1 404.4 411.5 410.2 406.1 417.9 426.2
257 249.6 246.5 247.2 247.6 244.4 243.7 241.1 248 260 275.6 292 302.2 310.4 315 322.9 334.7 350 365.7 374.3 381.1 392.8 404 419.5 430.3 439.2 446.8 448.8 445.6 439.4 431.2 421.7 409.4 400.3 391.2 378.5 365.6 354.1 340.7 332 324.1 316.2 306.7 293.4 276.4 285.2 303.4 317 327.4 334.9 341.3 346.7 352.9 359.2 370.3 380.8 392.9 406.9 419.2 428.8 436.7 436.1 430.3 425.5 419.4 412.7 401.3 391.5 386.3 383 382.8 386 396.6 402.2 396.1 390.7 400.4 407.6
254 247.4 246.5 246.5 244.3 244.7 243.9 241.8 262.3 273.2 288.3 299.6 305.1 313.7 319.7 331.4 349.4 359 372.2 382.4 391.8 405.5 418.4 430.8 441.2 450 452.3 450.3 446 439.3 429.9 418.9 407.4 399.2 389 375.4 362.1 352 340.7 332.8 324.2 315.9 306 290.8 276.5 289.6 303.2 315.4 324.9 331.8 339.1 345.6 352.7 362.6 374.4 385.9 402 414.6 428.1 438.2 440.3 433.7 426.6 418.5 411.5 403.3 392.9 384.1 377.8 372.8 371.7 372.1 384.4 391.9 384.1 374.4 384.7 393
250.8 248 246.5 246.7 245.6 245.5 244.6 241.9 266.4 280.8 297.4 303.7 309.1 316.6 327.6 342.2 357 371.4 380.5 391.2 402 416.8 429.7 441.3 450.7 454 453.9 449.8 444.5 436.5 426.3 414.7 405.5 396 382.1 371.5 361.3 351.4 341.2 332.3 323.5 315.1 304.9 287.3 278 290.3 303.5 314.3 322.9 330 337.3 344.1 352 363.6 378 390.1 406.2 421.6 433.7 440.1 437.4 428.7 419.9 411.7 402 393 384.9 376.1 368.2 362.5 359.9 359.7 366.4 370.7 368.8 365.4 370.1 376.1
248.8 246.7 245.4 246.3 245.6 245.5 244.9 245.9 271.7 289.5 298.7 305.3 312.1 321.3 333.1 344.4 362.6 375 386.9 401.6 412.4 425.2 437.3 448 453.4 455.1 452 447 439.6 430.2 418.8 409.2 400.9 391.4 379.7 369.1 360.9 351.2 341.2 332.1 323.3 314.6 303.2 291.7 277.9 290.6 302.8 312.1 320.5 328 335 342.4 349.9 362.8 379.1 393 409.3 426.2 433.9 437.6 431.9 421.4 412.8 403.5 392 384.4 375.9 365.8 357.9 353.3 348.8 348.4 347.6 345.8 351.7 354.8 357.8 360.2
248.8 249.2 249.3 246.7 245.5 245.7 245.1 250.7 274.8 288.2 296 304.2 313.1 322.4 335.4 349.1 362.6 376.8 389.7 404.9 415.1 427.2 438.4 447.6 453.4 452.1 448.6 442.1 432.7 422.9 414.5 406.6 398.1 389.4 378.9 368.9 360.9 351 341.9 332.5 323.4 315.2 304.2 296.4 278.7 286.2 299.2 307.9 316.4 324.6 331.4 337.8 344.6 358.5 377.3 392.7 408.5 421.1 428.8 429.9 423.3 413.6 405.8 392.3 381.4 375.3 365.7 355.9 349 343.6 340 335.2 335.7 348.7 350.6 350.9 353.7 355
250 249.9 249.5 246.5 247.9 246.4 242.7 248.3 271.2 284 293.8 303.3 312 320.5 335.6 347.2 362.4 375.3 389 401.5 414 427.2 436.9 445.6 448.4 446.3 442.1 436 427.7 418.7 411.5 403.9 395.1 387.5 379.2 368.9 358.6 349.6 341 331.9 323.6 315.1 306 297.5 285.1 281.9 291.9 301.2 311.3 319.3 324.2 328.5 336 353.5 372.2 387.8 402.6 411.4 417.7 420.2 413.2 405.5 395 382.9 371.3 366 356.7 347.8 339.9 335 330.1 334.5 338.9 343.7 351 355.1 359.2 362.5
256.3 250.1 249 247.9 247.4 246.4 244.4 252.1 268.2 281.1 287.7 298.2 308.1 319.9 332.2 345.8 359.2 371.8 384.4 397.9 413 425 433.3 440 440.9 438.9 435.8 430.7 423.9 414.8 408.2 401.2 393.7 385.8 377.6 368.5 359 350.2 340.3 331.7 323.8 315.2 307.8 301.8 295.9 281.8 281.1 290.7 305 310.7 314.9 319 327.1 343 361.5 377 389.9 396.9 404.8 407.6 402.8 393.5 384.9 368.5 364.1 357.2 347.6 338.9 332.3 327.8 329.7 339.1 345.8 350 350.1 351.9 355.6 361.2
256.5 249.8 248.6 248.4 247.8 246.2 245.6 252.1 267.7 280.5 286.9 295.6 305.1 316 330.6 343.4 355.3 367.8 379.1 395.4 410.9 420.5 428.5 432.7 433.1 431.9 429.5 425.5 418.6 410.7 404.4 398.9 391.5 384.4 377 368.9 359.2 349.8 340.3 332.5 325 317.7 309.8 303.8 297.6 290.2 285 282.9 289.6 300.7 303.6 306.9 313.8 328.9 344 357.4 369.4 379.6 387.5 393.2 388.5 381.7 372.4 357.5 355.2 348.4 338.6 331.1 323 325.6 334.2 342.4 347.3 351.5 355.7 359.8 362.8 366.2
256.8 248.1 248.9 248.8 249.2 244.1 246.5 252.3 267.2 280.9 288.5 293.9 302.7 313.1 327.1 339.8 351.7 363.8 376.2 391.8 406.1 415.7 422.9 424.6 425.4 425.1 423 419.1 412.8 408.2 402.3 396.2 389.7 383.1 375.8 367.8 359 349.6 341 333.8 325.6 317.5 310.5 305 299.5 294.8 294.4 283.8 284.2 285.1 285.4 291.2 300.9 308.2 320.5 332.4 347 357.4 367 374.9 374.5 368.9 360.3 348.4 345.2 339.4 330.4 318.4 320.6 328.1 336.2 343.4 348.6 353.5 357.7 362.1 366.3 370.9
249.4 249.5 249.7 249.4 247.4 245 246.8 251.5 263.9 278.8 283.7 290.2 300.4 310.4 322.7 333.7 347.4 359.3 372.9 386.9 399 410 415 416.3 417.6 417.8 416.1 412.8 409.4 405 400.7 395.3 388.7 381.5 373.7 366.1 357.7 349.2 341 333.6 326.7 319.5 313.2 307.6 304 299.5 298.9 297.8 292 290 286.4 287.1 287.5 288.2 294.9 303.1 319.2 332.5 344.4 354.6 358.7 355.2 347.8 339.4 334.3 328.1 319.1 315.9 322.6 328.8 336.5 343.7 349.8 354.8 359.6 364.4 369 373.6
248.8 249.9 250.4 248.2 248.8 245.1 247.3 251.1 258.1 268.8 279.5 289.7 297.2 306.6 316.5 330.8 343.4 355.1 367.9 380.6 393.4 402.7 406.7 408.3 409.7 410.1 409 407.4 405.8 402.8 399.2 393.7 387.9 380.4 372.1 364.5 357.2 349.5 340.9 334.2 328.8 322.5 315.9 311.4 310.1 305.5 303.1 302.3 299.7 297.1 287.5 287.7 288.5 288.4 289.1 290 291.8 306.7 320.9 334.2 338.7 339.8 334.5 331.3 325.1 314.4 311.1 317.6 323.5 330.1 337.6 345.1 350.9 356.2 361.6 366.8 371.9 377.9
251.8 250.2 250.6 248.9 248.1 245.3 248.2 250.6 257.3 260 276.4 287.6 295.4 304.7 312.9 326.2 338.8 351.3 363.2 375.3 387.7 394.6 397.4 400.1 401.4 403.4 403.2 403.9 404.3 402.3 398 392.3 387.1 379.3 371.2 364.3 357.1 349.8 341.5 335.2 330.1 324.2 319.6 314.4 311.5 310.5 307.8 306.3 304.5 301.2 300.5 298.7 297.3 293.6 290.4 291.1 291.6 292.3 301.6 308.2 318 322 324.9 321.9 309.2 308.6 314.3 319.9 326.1 332.8 341.6 348.5 353.4 358.7 364.2 369.5 376.2 382
258.3 251.3 250.2 249.3 248.2 246 249.3 249.9 252.1 258.1 266.7 282.4 291.8 301.5 310.9 321.6 335.6 347.3 358.2 372.6 381.8 385.6 389.6 393 395.6 397.6 399.4 401.7 403.3 402 398 393.2 387.3 379.1 371.8 364.4 358 351.1 343.3 337.3 333 327.7 323.2 319.4 316.8 314.7 313.1 311.2 308.8 307.9 306.7 304.9 302.5 301.2 291 291.5 291.8 292.9 295.4 295 298.1 307.7 308.2 303.1 304.8 310.6 316.9 323 329.3 338.4 346.5 351.7 357.4 362.6 367.6 373.2 380.6 386.9
259.2 258.4 250.9 249.4 249.6 247.9 250.1 250.6 252.3 255.3 261 277.7 287.9 297.6 308.6 320.1 330.9 342.6 353.8 367.9 374.5 378.3 381.9 386.2 389.1 392.2 396 399.9 402.8 403.2 399.8 394.8 387.7 379.5 373.3 366.1 359.1 352.3 345.8 340 335.2 330.8 327.8 324.8 323.9 322.1 319.2 316.9 314.5 314.6 314.3 312.9 310.1 308.3 308.3 307 306.4 299.7 293.8 295.9 295 298.1 300.1 302.8 308.9 314.2 320 326.1 333.5 345 351.9 356.9 362.9 367.4 372.7 380.1 386.8 393.6
259.8 259.7 251.6 249.9 249.7 248.8 250.9 252.1 253 253.8 260 275.9 285.4 296.8 306.3 315.2 325.6 337 351.5 361 366.2 370.1 374.4 379.2 382.5 386.9 392.6 398.9 403.3 405.2 402.8 397 391.5 384.7 377.5 369.7 362.1 355.5 349.2 342.8 338 334.4 332.1 330.1 329.7 328.6 326.1 323.9 323.7 324.8 326.3 324.7 322.3 320.4 318.8 316.4 317.3 317 313 301.5 295.9 297.2 300.4 306.4 312.1 318.8 325 330.7 339.3 351.2 357.5 363 368.2 373.9 380.7 387.4 392.7 398.2
262 260 254.2 250.5 249.7 248.8 251.5 252.4 253.4 253.4 258.2 276.7 285.3 295.2 302.7 309.8 321 330.7 344.4 352.8 357.9 362.3 367.1 371.9 376.4 382.2 390.1 398.3 403.4 407 406.8 403.3 396.8 389.9 382.3 374.8 366.8 359.5 352.6 346.1 341.3 338.1 336.3 334.9 335.2 334 333 334.2 335.2 337.3 337.8 336.5 334.1 332.3 333.3 333.9 332.7 326.8 321.8 310.6 296.4 297.2 300.9 309.1 316.5 323.4 331.7 338.3 350.2 358 362.9 369.1 374.9 380 386.3 392.1 397.9 404.4
269.4 265.5 260.8 253.7 250.3 249.7 251.8 252.2 253.6 253.9 256.9 276.9 287.1 293.9 300.8 307.8 320 329.6 338.1 345.2 350.6 355.5 360.1 364.1 370.5 377.5 387.4 395.5 401.6 410.1 415.4 411 408.3 401.3 389.2 380.7 371.6 363.5 356.4 350.3 345.4 342.5 341.6 342.3 341.7 340.1 342.7 346.1 349.8 352.1 351.2 350.1 348.5 350.3 351.3 349.6 342 333.2 325 315.6 297.8 298.1 302.8 311.2 320.2 329.5 340.9 350.2 357.6 364.3 369.9 376.3 381.1 385.9 391.8 397 403.1 409.6
286 280.1 270.2 260.2 251.4 248.5 250.8 252.4 253 254.2 255.3 272 285.8 293.7 302.3 315 326.1 329.1 336.4 341.7 344.5 349.8 354 357.8 364.5 373.4 383.2 391.3 399.6 409.8 420.3 423.3 415.5 404.7 393.7 383.4 375.1 367 359.9 353.8 350.5 348.2 348.4 348.5 348.2 349 351.8 357 362.4 363.9 365.7 365.7 365 366.3 362.5 354.5 346.5 337.7 327.5 317.7 298.5 297.8 305.2 313.7 322.5 333.9 346.8 355.9 362.5 369.1 375.9 381.2 386.8 392.3 397.5 402.9 409.4 415.1
297.3 290.1 279.4 271.5 259.4 248.9 250.2 251.6 253.1 253.7 255.2 261.5 276.7 288.8 300.3 316.3 327.5 335.3 337.5 338 340.6 345.4 348 352.4 359.7 368.9 378.4 386.8 396.9 403 414 418 412 403 394.5 384.1 376.1 368.9 362.2 357.3 355 353.9 355.4 355.1 355.5 357 361 367.4 374.6 376.9 377.8 379.2 378.1 374.3 366.2 356.4 347.5 338.5 327.5 318.2 299 299.5 305.9 315.3 325.2 336.5 349.1 358.5 366.1 373.6 380.7 386.5 392.3 398 403.5 409.1 415.2 421.8
310.3 303.2 295 285.7 274.1 256.7 249.4 251.9 252.2 253.7 254.3 258.7 268.3 286 299.3 318.5 328.4 333.2 334.7 336.2 337.9 339.9 342.5 346.6 354.1 364.2 372.4 380.8 390.3 395.5 405.4 408 404 399.3 390.6 382.9 376 370.3 364.6 361.6 359 359.7 361.5 361.7 363.5 364.9 369.7 377.2 383.9 386.7 388.4 389.9 388.6 379.3 367.4 357.8 348.3 338.4 328.5 319.7 305.2 300.1 306.7 315 325.5 337.8 350.8 360.2 369.2 377.1 385 391.8 397.8 403.6 409.1 414.9 420.4 431
332.5 320.3 308.2 298.6 285.4 271.8 260.9 249.8 250.7 252 254 254.8 261 281.7 300.3 313.3 323.9 329.7 333 334.1 334.1 334.5 338.2 342.7 348.5 357.4 365.7 373.9 382.3 386.7 395.8 397.4 395.1 391.8 386 379.8 374.8 370.6 367.2 365.7 365.3 365.4 365.3 366.9 369.5 372.7 377.9 385.2 392.2 395.1 397.1 399.1 395.9 382.3 368.5 358.5 349.7 339.5 329.4 320.6 310.4 300.8 306.5 314.5 325.8 338.7 351.3 361.3 370.5 379.3 387.5 394.9 401.9 407.6 415 421 430.1 441.5
360.6 344.2 325.2 310 296.3 285.6 278.1 257.3 251.6 252 250.7 251.4 255.3 271 292.5 309.6 320.2 325.1 328.2 328.1 327.6 330.4 335.7 339.3 345.1 351.9 358.5 365.9 372.5 378 384 386.4 386 383.8 379.7 376.5 373.7 371.6 370.6 369.8 370.4 371.3 372.1 372.1 374.4 378.5 385.1 391.7 399.9 403.9 406 406.4 402.4 387.4 369.5 357.7 349.6 339.1 328.4 320 313.4 301.5 306.9 313.7 326.4 339.5 351 361.1 370.8 379.9 389.4 397.4 404.7 412.4 420.7 427.7 437.8 447.3
382.8 362.3 347.4 327.6 310.3 294.2 285 275.1 256.4 252.6 253.5 253.6 251.4 255.8 276.6 297.9 312.5 320.3 321.6 320.5 320.8 325.7 330.4 335 341.5 346.9 353 358 363.6 369.1 374.1 375.5 376.7 375.3 374.4 372.9 372.8 372.3 372.7 374.4 375.7 376.3 376.9 378.3 380.1 385 390.8 398.9 405.4 410.8 412.7 411 405 393.4 372.6 357.7 348.4 338.8 328.9 320.6 312.7 302.5 306.1 313.4 326.2 338.6 350.3 360 370.6 380.6 390.4 399.2 406.6 415.9 424.3 432.2 441.5 449.3
398.7 379 363.8 346.5 326.2 305.5 294.9 282.5 274.6 267.6 253.8 254.4 254.4 253.2 252.8 271.9 294.6 311 312.9 310.8 316.2 322.3 326.1 331.4 337.2 342 347.2 351.8 355.6 360.2 364.8 367.7 368.7 369.2 369.9 370.8 372 372.8 375.6 378.2 379.8 381.1 383.5 384.9 386.6 390.6 396.6 406 412.8 416.5 417.9 415.4 408.1 397.9 377.2 359.6 350.1 339.4 329.5 320.5 308.8 302.6 303 313.1 324.2 337.8 349 359.6 369.9 380.3 390.3 399.8 408.5 416.7 424.8 432.7 440.4 447.8
407.1 392.5 379 361.2 341.4 321.2 306.9 293.5 285.6 277.2 275.7 259.9 254.1 254.5 255.3 252.8 275.8 296.7 301 301.6 310.1 316.2 320.9 326.5 331.9 336.8 341 345.4 349.5 353 356.4 360.5 362.7 364.1 366.1 368.1 371.3 373.8 377.7 381.1 385.1 387.2 389.9 392.6 395.1 398.5 405.5 416.1 420.9 424.1 422.7 418.3 411 401.4 383.2 365.1 351.6 340 330.4 321.8 314.2 303.8 304.1 312 322.7 335.8 347.6 358.4 369.7 379.7 389.2 399.2 407.1 414.6 422.2 429.5 435.8 441.7
415 402.8 391.4 373.8 356.5 333.7 323.3 311 298.9 291.3 282.6 278.6 263.3 257.5 257.1 256.8 253.9 281.7 290.2 298.6 305 310.4 314.9 321.7 326.4 331.4 335.8 339.9 342.7 347 350.2 353.8 357.3 360.3 363.8 367.1 370.8 374.8 379.3 384.5 389.5 392.9 397.2 400.3 404.5 410.2 418.4 425.5 429.7 431.2 429.1 422.4 413.9 405.2 389.3 370.3 353.5 343 332.1 322.1 311.6 304.8 304.8 310.8 320.4 333.9 345.9 356.8 367.7 377.5 387.4 396.1 404.7 411.5 418 424.6 429.9 434.9
429.8 415.6 402.5 386.2 369.8 349.3 335.8 320.1 308.5 298.9 289.8 282.5 267.7 258.4 257.9 257.4 253.7 264.9 280.1 291.4 300 306.9 310.6 317.4 322 327.6 331.6 335.2 338.8 341.9 345.8 349.3 353.1 357.1 361.8 366.7 371 375.7 381.8 388.6 395.7 402.6 407.5 414.6 419.1 422.9 430.1 435.8 439.3 439.7 436.6 429.2 417.6 408.1 395.6 376.6 359 345.9 334.8 324.8 315.5 305.7 306 309.7 318.2 331.8 343.6 354.9 365.5 374.9 384 392.6 399.8 405.9 411.2 417.3 423.1 427.7
440.5 426.3 411.6 395.8 379.4 364.6 345.2 330.2 317.2 308.9 303.7 291.4 274.7 258.2 258.2 255.9 256.6 257.5 277.5 289.1 298.9 304.9 308.2 312.2 319.4 322.8 325.5 330.1 334 338.7 342.6 346.4 350.4 355.6 361 366.5 371.2 378.3 385.7 393.9 405.3 415.2 422.3 427.8 431.6 435.4 441.5 445.8 449.5 449.4 444.3 436 424.8 413.6 401.5 385 366.9 349.7 337.4 325.8 316.5 306.2 306.3 308.9 317 329.8 341.9 352.5 362.9 371.7 379.3 386.5 393.2 399.5 404.8 410.3 415.4 420
450.6 436.9 419.5 402.8 386.1 372.6 356 339.7 326.6 317.3 311.7 301 276 258.2 258.4 254.4 257.3 260.4 274 289.2 296.8 300.9 303.5 307.5 314.3 318.2 321.1 325.8 330.7 334.8 339.3 344.4 349.1 354 360.7 365.2 371.5 379.5 388.8 400.2 414.9 425.8 434.2 439.4 443.4 446.8 450.1 454.5 458.3 458.5 451.7 442 431.2 419.6 408.1 393.9 374.8 355 340 327.5 316.9 306.7 306.8 309.1 316.9 329 340.1 349.9 359.9 367.2 373.4 379.8 385.7 391.7 397.2 402.4 407.9 412.2
456.9 442.7 423.4 407.7 390.5 375.1 359.9 346.1 331.7 322.9 312.5 294.8 271.8 259.3 258.8 254.4 258.9 265.6 272.9 284.9 294.7 297.6 301.3 303.5 309.5 314.5 317.9 322.7 328 331.9 337 343.2 348.3 353.8 360.4 365.8 371.8 381.2 391.9 407.8 421.3 434 442.5 449 452.5 455.5 457.6 460.9 462.9 459.6 453.5 446.4 436.5 426.4 413.8 400.6 380.9 360.4 343.2 329.1 317.9 308 307.7 309.1 316.6 326 336.7 346.9 355.1 362 368 373.5 378.9 384.1 389.6 395.1 400.5 404.4
457.6 442.7 424.5 405.9 389.3 373.9 363 348.3 335.3 324.5 309.7 289.7 266.9 259.8 256.8 258.6 265.7 271.1 271 280 290.4 295 298 302 305.1 309.5 314.6 320.2 324.1 329.9 335.9 342.3 347.5 353.8 360.4 365.8 372.4 382.4 397.3 412.2 426.3 438.9 449.3 456.4 460.7 462.4 460.9 459.5 458.2 454.8 450.4 445.1 436.8 427.2 414.8 399.8 382.2 364.7 347.5 331.5 320.1 308.2 308.5 310.3 316.2 322.8 332.2 342.2 349.6 355.9 362.6 367.8 372.8 377.6 383.1 387.7 392.4 396.8
455.4 435.1 417.2 400.3 385 372 361.5 348.1 334 321.2 305.5 284.4 260.6 260.2 254.6 263.3 271.7 274 277.7 276 284.9 291 294.9 299.8 301.4 305.8 312 319 323.6 329.5 334.7 341.2 347.5 354.4 361.1 366.5 374.5 386.2 401.5 416 430.1 442.3 453.7 462.2 464.5 460.9 456.2 452.2 449.7 446 442.7 437.2 430.7 419.1 407.6 395.7 380.9 365.3 350.6 332.7 322.3 313 309.6 311.3 322 322.9 329.2 336.5 343.1 349.3 356 361.9 367.6 372.6 377.1 381.6 385.5 390.2
446.1 425.5 408.3 391.9 380.5 371.6 356.4 343.3 328.4 315.1 298.1 278.9 260.9 260.6 255.6 270.7 273.9 277.1 280.8 279.1 285.8 287.1 290 295.4 302.2 308.7 313.3 318.5 324 330 335.8 340.8 347.1 353.8 360.9 367.2 376.2 391.4 405 418.4 431.9 444.6 456.3 462.4 460.5 455.1 448.9 443.8 439.9 435.5 430 425.4 418.4 408.5 397.9 389.2 375.9 364 353 339.5 323 312 310.1 310.3 324.1 328.3 329 333.8 339.1 344.4 350 355.6 361.9 367.5 372.3 376.3 380.3 385.3
