public/OST50/NJ12.asc
ncols 200
nrows 200
xllcorner 310000
yllcorner 820000
cellsize 50
[rows 140 to 174 of 200, columns 78 to 155 of 200]
432.7 415.4 396.7 383.1 374.6 364.6 350.9 336.9 324.1 308.5 289.9 269.5 263.4 259 258.1 272.7 275.5 281.6 284.8 285.3 283 285.7 290.5 295 302.1 309.8 314 318.1 323.8 331.2 336.2 340.9 346.8 353 359.1 366.9 379.8 392.8 405.6 418.4 430.6 443.7 456 460.5 456 449.3 442.2 434.4 428.4 422.7 416.9 411.2 403.5 393.4 387 380.2 368.9 360.4 351.3 338.6 325.2 317.7 312.9 311.1 321.3 329.5 331.4 332.3 336.3 340.6 345.8 350.2 355.7 361.7 366.6 371.1 374.7 379
422.8 405.1 388.5 376.2 367.1 356.5 343.6 330 315.3 297.5 277 262.6 263.2 257.9 262.1 273.6 277.1 282.8 286.3 286.9 288.1 289 296.3 299.9 302.6 308.3 312.7 319.1 325.2 332.3 335.9 341 347.1 353.3 360.8 369.1 380.2 391.2 403.3 413.8 426.8 440.7 453.3 457.9 452.5 444.2 433.9 426.8 420.1 412.7 406.2 398.8 390.2 381.3 376.3 368.7 359.9 352.7 343.2 333.5 324.2 320.6 315.7 311.5 320.7 327.6 332.3 332.3 334.7 338 342.1 345.8 351.2 355.9 360.8 365.3 369.5 372.6
409.6 394.6 379.9 368.4 359.2 348.5 337 319.9 305.9 285.8 264.8 263.6 263.4 256.9 265.7 275.3 281.7 285 285.7 287.3 290.6 292.5 300.6 301.2 302.5 308.1 313.2 320.5 326 330.1 334.7 340.4 345.3 354.5 362 369.7 377.6 388 399.8 411.9 424.7 437.8 449 453 449.7 439.8 430.3 422.1 414.9 407.2 398.9 390.5 382.7 375 368.8 361.5 353.3 348.2 338.2 330.2 327.1 322.8 316.9 312.2 325.6 330.6 332.2 332.6 335.3 337.6 341 343.6 348.1 352.8 356.7 359.8 363.6 366.8
401.2 385.2 371.4 361.4 349.8 339.1 323.9 314.1 295.9 272.5 263.7 265 259.9 255.6 267.1 276.4 283.1 286.9 287.3 290.3 298.4 299.7 304.5 302.9 305.2 308.8 313.8 319.4 323.9 328.4 334 338.5 343.4 350.4 358.4 366.8 376.2 386.8 398.6 411.3 424.3 434.3 443.8 448.3 445.1 437.4 428.4 419.9 411.8 403.8 395.2 387 379.5 373.1 366.2 356.1 348 342.3 340.6 336.6 332 327.6 319.5 312.3 321.1 327.5 331.2 334.5 337.8 338.7 340.4 343.3 345.9 349 352 354.3 357.6 359.4
391.6 376.8 363.2 354.6 340.8 330.1 319.1 304.4 285.8 264.1 264.4 258.2 256.9 261.2 270 277.3 282.7 287.2 290.3 301.5 309.3 308.2 305.7 306 307.8 310.1 314 317.9 321.9 327.7 333.1 338.1 342.8 348.4 356.7 364.1 376 387.4 398.5 410.6 422.3 428.9 435.3 440 437.9 433.2 427.3 419.7 410.6 402.4 394.6 387 380 372.7 365.8 360.6 354.7 350 346.9 343.2 336.7 331 316.6 313.6 317.6 323.3 329.4 336.8 341 341.5 341.8 342.4 343.8 345.6 347.1 349.3 352.5 355.6
382 367.6 356.1 348 334.5 322.9 311.6 295.6 276.5 265.6 263.9 257.3 258.1 263.8 272.6 277.9 283.6 291.8 301.7 314 313.9 312.6 309.1 308.4 308.5 310.3 314.2 317.3 321.6 327.2 332.1 337.2 342.7 347.8 355.4 364.2 375.6 387.5 399.3 410 419.1 423.9 425.4 429 429.1 427.5 423.4 418.3 410.6 402.7 396.2 389.5 382.7 375.6 369.8 365.4 362.2 357.6 351.8 345.6 339.1 332.2 322 314.5 316.2 322.6 328 340.4 344.5 344 342.3 340.8 341 341.9 343.2 345.5 348.1 350.4
373.2 359.4 349.5 339.6 328 317.8 305.5 287.3 271.5 265.9 263.6 258.6 258.3 265.3 274.1 281.1 289.1 302.4 319 324 321.3 313.1 310.2 310.9 310.9 311.1 312.9 316.4 320.5 325.1 330.3 336.7 342.3 347.5 355.6 364.6 378.3 391.5 402.3 404.8 414.4 414.7 415.4 417.5 420.8 420.9 419.6 416.7 411.9 406.4 398.9 393.7 388.7 382.6 378 373.8 368.5 361.8 354.3 345.8 338.8 332.2 322.8 315.7 316.2 322 329 340.6 346.6 345.4 341.9 340.3 339.4 339.3 340.5 342.4 344.5 347.7
363.4 352 344.3 334.1 321.7 312 299.4 282.6 267.9 264.1 258 259.4 261.1 266.9 275.6 283.8 296.7 316.5 323.3 323.7 319.4 314 314.7 314.6 311.5 311.5 311.8 315.2 318.6 324.2 329.6 335.1 341 347.4 354.8 368.6 385 396.4 401.7 403.9 405.9 406.8 405.8 407.9 412.4 413.9 415.7 417 415.6 410.5 404.1 399.3 394.1 388.4 383.8 377.9 370.1 362 353.6 345.2 337.8 330.2 322.7 315.9 316.9 323.6 329.9 340.7 349.5 346.3 343 340.7 337.4 336.9 338 339.9 342.9 348.2
359.7 346.1 339.8 327.7 316.6 306.6 295.2 278.7 267 263.9 259.2 260 262.1 269.3 279.6 290.7 309.4 323.8 323.6 320.8 315 312.1 313.6 312.6 310.1 310.1 310.6 315 320.7 323.1 328.1 332.7 338.6 346.2 356.9 371.6 385.9 392.9 395.3 395.6 394.7 394.8 396.6 397.5 403.5 408 414 418.8 419 415.6 411 405.6 397.3 390.9 384.6 377.6 370.4 361.8 352.4 344.2 336.3 326.9 322 316.9 317 325.5 332.5 343.2 348.3 346.2 341.9 337.6 333.9 333.9 334.3 340.6 344.5 348.2
353.8 342.2 334.9 324.2 313.1 301.2 289.8 274.6 266.2 259.7 260.9 260.5 260.9 275.3 289.6 306 320.3 321.6 320.5 316.6 311.5 310.9 310.9 309.5 308.4 308.6 310.4 314.1 317.6 321.1 325.9 331.3 337 346.3 359.5 371.2 379.5 383.6 385.2 384.7 382.5 380.9 380.6 384.5 394.1 404.4 412.7 418.6 420.4 421.6 413.2 404.6 397.2 390.7 384 376.7 369.3 360.4 350.4 342.5 335.2 327.1 322.1 317.9 318.3 322.5 331 338.4 346.1 342.7 337.6 333.4 330.5 330.7 337.5 341.2 343.8 346.9
348.7 338 330.8 320.7 309.6 296.1 281.6 267.7 264.2 259.5 260.7 260.7 265.1 284 302.2 311.2 315.6 314.9 312.5 310.6 309.9 307.9 306.3 304.6 307.2 310.3 311.6 312.9 315.7 319.5 323.9 330.9 339.1 345.2 357.7 366 371.4 373.8 374.3 372.8 367.5 369.1 370.9 375.5 388.5 397.9 403.9 408.1 407.7 412.1 409.3 400.2 394.7 388.1 380.7 374.6 367.2 358.8 348.1 340.8 332.9 327.3 323.4 319 319.2 319.7 324 328.5 332.9 329.8 328.1 327.1 327.9 333.4 337.2 340.2 342.5 345.6
345.2 335.4 326.4 316.3 304.2 290.2 274.4 268.5 259.2 261.3 261.1 261.8 263.7 280.9 296.6 305.6 307.1 307.7 308.1 304.4 305.1 303.5 301.7 302.1 306.2 308.9 310.8 311.7 314 318 324 329.2 335.8 342.6 352.4 358.3 362.4 361.8 360.3 357.9 356.9 358.1 359.7 366.8 377.4 381.7 383.2 383.8 385.2 386.9 387.4 386.1 385.3 380.4 374.6 368.9 363 354.1 346.4 340.1 334.2 329.2 324.8 321.5 320.2 320.1 320.9 321.5 322.2 323 323.9 325.1 327.5 332.1 335.8 339 341.6 344.4
341.9 332.8 323.1 312.2 302.3 284.1 275.6 262.1 266.3 268.1 272.3 262.6 262.9 270.9 288.4 296 298.1 299.2 301.4 302.9 301 301.7 301.7 301 301.2 304.6 306.5 308.1 312.6 317.7 322.1 326.5 331.4 336.3 343.5 348.7 350.8 348.3 348.3 347.3 348.5 349.4 351.7 357.3 359.7 357.7 353.5 351.8 353.5 357.7 362.1 362.5 364.1 365 364.8 362.5 357.7 351.7 346.2 341.3 336.6 331.1 326.7 324.3 324.7 324.7 321.7 321.3 326.8 323.1 327.3 325.5 325.9 329.1 334.4 339 341.3 343.8
342.3 332.2 321.6 310.6 299.2 282.3 273 260.5 268.3 269.3 278.4 270.6 264.8 266.8 270.6 279.4 283.1 286.8 292 297.9 298 296.5 298 294.1 296.7 298.8 301.4 303.4 308.1 315.5 318.4 321.7 325.6 330.3 336.6 340.5 340.4 339 339.1 339.1 340.3 341.3 343.9 341.9 337.3 331.2 326.1 325 323.2 326 333 338.6 344.6 348.4 352.8 354.9 351.8 348.7 345 341.4 336.9 332.6 329.5 328.2 327.5 327.5 328.1 329.5 330.1 331.6 331.8 329.2 326.7 327.1 330.4 337 340 343.5
340.6 331.9 322.2 310.8 296.7 281.6 270.5 261.4 268.6 269.7 279.6 286 280.6 271.6 270.1 263.5 265.8 274.2 283.3 289.2 289 288.6 288.4 286.3 293.3 295.4 298.5 300.7 303.5 308.9 313.1 316.5 318.1 321 326 327.1 330.7 332 332.4 331.9 333.4 335.4 329.3 319.7 311.9 304.5 295.4 288.6 288.1 295.7 309.1 317.7 326.8 337.3 341.6 343.5 344.4 344.2 343.1 340.7 337.2 335 333.8 332.4 330.5 330.7 332.1 332.7 332.7 333.8 334.7 334.2 332.6 329.7 328.6 330.5 338 343.3
340.4 329.8 319.9 307.7 295.7 281.4 272.8 261.7 268.6 271.6 281.3 286.9 286.5 288.4 286.7 278.6 264.5 266.7 276 279.5 282.1 282.4 278.3 279.2 284.9 286.6 287.8 289.2 295.5 298.7 302.9 306.9 310.7 314.7 318.8 323 324.7 325.9 326 325.8 327.4 326.5 310.5 297.8 288.6 284.5 284.9 285.4 285.6 286.1 287.8 302.8 313.5 324.7 330.3 334 336.5 337.9 337.3 336.7 338.8 341.5 339.8 336.8 334.5 334 334.3 334.3 334.4 336.4 338 338 337.1 335 332 329.6 338.2 345.4
338.6 329.1 318.5 309.1 297 282.8 275.5 261.8 268.2 275.5 286.3 290 291.2 293.8 290.7 286.3 271.1 265.4 272.3 270.4 269.4 269.8 270.4 269.3 270.8 272.1 272.7 273.2 278.7 284.4 289.6 298.4 306.6 310.3 314.4 317.9 320 321.1 321.3 319.9 320.5 309 285 284.4 284.5 284.9 284.7 285.3 285.9 286.6 287 287.3 297.7 310.6 320.4 325.7 328.6 330.1 334.5 340.3 345.1 347.8 345.5 342.3 339.1 337.7 337 336.4 337.5 339.7 340.8 341.6 340.6 339.4 336.7 331.2 330.9 343.3
336.9 326.6 316.9 309.2 298.5 287.1 277.7 261.3 267.9 277 289.4 295.3 298.9 296.7 292.6 292.9 287.5 268 271.2 267.7 268.3 269.4 269.8 270.3 271.5 270.8 271.9 272.8 272.5 274.5 274 287.1 297.7 305.6 310.3 312.4 315.4 319.3 317.9 306.9 306.2 289.2 283.3 283.9 284.4 284.4 285.2 285.8 285.3 286.2 287.5 287.7 287.9 300.8 311 317.7 320.7 328.2 335.6 342.7 349.6 351.9 350.8 348.7 345.4 344.1 344.4 344.1 344.3 344.7 345.2 344.9 344.9 343.9 342.1 335.2 332 332.2
335.2 325.3 315.6 308.7 300.8 293.2 279.3 268.6 263.9 273.7 290.2 299.1 302.9 298.4 297.8 294.7 292.3 285.3 277.6 268.1 268.6 269.6 270.4 270.9 271.7 272.2 272.4 273 273.8 274.4 274.9 275.3 286.8 299.6 304.6 308.9 313.4 313.6 309.9 303.5 287.9 282.6 282.6 282.6 283.4 284.8 285.8 296.1 294.9 286.5 288.3 288.2 288.4 289.5 302.5 309.7 317.7 322.7 331.1 338.7 346.3 349.3 353.5 353.6 350.9 351.7 351.9 350.7 350.9 350.5 350.7 350.3 349.8 349.2 346.7 345.1 343.9 336.7
331.4 324 312.6 306.2 299.3 293.3 280 271.8 262.3 271.7 294.9 298.2 302.8 299 301.5 300.9 294.2 287.3 284.9 268.4 268.7 269.5 274.3 271.6 271.9 272.8 281.9 275.5 274.5 275 275.4 275.4 276.3 293.4 298 303.8 306.4 305.8 298.7 285.7 281.9 281.4 282.2 283 282.9 293.8 298.2 301.1 302.2 289.7 287.3 289 289.1 289.1 290 300.5 309.7 314.2 320.2 325.5 333.1 340.8 346.7 353.9 355.2 356.1 359 359.4 356.9 356.1 356 355.5 355.1 354 352 349.5 347.6 345.1
327.9 321.3 314.3 304.6 298.5 289.1 274.2 278.6 274.5 262.4 287.9 301.9 301.2 305.6 304.7 302.2 295.8 292.5 285.1 278 283.3 284.3 284.3 286 288 288 284 285.2 284.8 275.2 275.6 276 275.8 274.9 290.9 297.9 298 291.4 279.7 280.8 281.5 281.4 281.9 283.8 291.1 296.1 300 302.9 304.1 304.4 293.7 287.6 288.8 289.3 289.6 288.8 289.3 290.5 299 301.2 315.2 323.6 333.7 345.5 354.4 358.6 363.9 365.6 364.1 361.6 361.4 360.4 359.6 358.6 356.7 354.3 352.4 350.5
323.9 316.2 308.9 301 292.3 279 283.3 282.8 279.1 264.6 283.2 302.9 305.9 307.9 306.7 302.1 296.1 292.4 288.6 288.6 287.5 288.2 289 287.7 289.4 292.2 288.7 289.2 290 283.1 275.7 276.5 277 277.4 276.5 280.6 277.9 278.2 279.4 279.5 279 280.6 287.8 295.3 299.4 301.4 303.8 306.4 306.8 307 305.1 299.5 297.6 290 290.9 290.9 290.1 290.8 291.5 290.9 291.3 300.6 322.4 331.3 343.5 357.4 362.7 368.8 370.5 368.8 366.6 365.2 364 362.9 361.1 359.3 357.4 355.5
320.5 311.6 304.1 293.7 285.7 283.5 290.3 286.5 283.8 264.7 279.3 299.6 307.2 308.1 308.2 301.5 297.4 291.9 294 296.7 297.4 296.6 295.3 294 292.8 294.7 293 293.2 294.3 292.1 285.9 276.9 277.5 277.9 278.2 277.6 278.9 280 280 282 282.7 292.7 298 299.3 301.5 305.2 308.6 310.7 311.7 311.2 310.5 308.1 305.1 305.1 301.1 301.4 300.5 299.7 292.6 292.5 292.5 293 300.3 318 330.4 343.6 357.6 368.6 374.2 374.6 372.8 369.6 368.1 366.6 365.3 363.5 361.4 359.1
313.2 304.3 295.8 286.6 286.4 291.6 294.2 294.3 286.3 263.5 273.1 286.2 301.1 307.1 302.6 297.6 295.2 296 302.4 304.4 306 305 303.5 299.8 296.8 295.1 296 295.8 296.4 297.5 295.3 288.9 285.1 287.9 286.8 286.8 281.4 283.2 283.5 291.1 294.8 298.9 303.5 305 309.1 310.6 313.1 315.5 315.8 315 314.3 313.5 312.4 310.9 313.7 313.5 312.1 310.4 305.4 301.4 292.7 293.8 294 293.4 313.9 328.1 343.7 360.5 371.2 376.8 377.8 373.9 370.9 369 367.9 366.1 364 362
305.4 296.8 291 290.9 292.9 295.2 297.7 299.2 288.6 263.7 270.8 271.9 285.9 293.9 298.1 294.1 296 304.9 312.8 311.6 314.6 312.1 309.7 305.8 300.8 297.2 296.7 297.4 298.6 300.6 300.9 300.3 300.3 298.9 297.2 296.2 296.8 292.9 296.9 298.7 302.5 306 308 309.4 314 315.3 317.6 319.4 319.1 319.3 319.6 322.3 326.9 327.6 326.1 324 320.6 317.6 312.6 308.5 302.1 294.1 294.1 294 294.3 311.4 329.5 348.6 363.5 372.5 378.3 376.7 373.3 370.5 369 366.7 364.6 362.5
299.7 298.2 294.5 297.3 298.6 299.5 300.8 295.4 289.1 274.7 266.3 268.7 265.2 274.2 283 286.2 296.1 309.8 315.6 315.1 315.4 316.5 315.7 312.4 307.9 303.7 301.2 301.6 301.7 303.7 304.8 305.5 306 305.3 304.1 303.5 302.6 301.2 304.4 307.3 309.9 312.3 313.7 315.4 318.2 320.8 321.9 323.6 323.5 324 330 337.7 345.6 345.7 340.7 336.4 328.7 322.7 319.8 314.6 308.9 299.5 294.4 294.9 294.7 295 311.8 330.7 349.2 363.7 372.3 375.4 373.3 371 368.8 366.5 364.1 361.8
307.6 306 304.2 304.3 304.9 304.5 300.6 294.5 290 285.6 278.6 271.9 265.8 270 272 277.5 300 307 312.5 313.3 314.6 318.1 320.1 319 315.1 312.2 308.4 306.4 305.8 307.3 308.3 308.8 309.7 309.4 309.5 309.3 308.6 307.9 311.3 314.1 317.2 319 319.8 320.5 322.3 324.4 326.9 328.5 330.4 333.8 342.8 355.1 363 361.7 355.8 348.5 339.6 329.8 324.7 320.4 316.3 312.6 306.3 294.8 294.6 295.1 295.8 310.5 334.9 354.3 366.4 370 371 370.9 368 365.8 364.2 362.4
315.8 314.2 313.5 311.9 310 305.6 299.9 294.6 290.3 286.8 280.9 273.3 268.8 270.4 271.4 270.9 288.3 303.2 305.5 310.3 314.4 317.5 319.9 321.9 323.3 319.9 317.8 315.3 313.2 313 313.2 312.9 313.4 313.8 314.8 315.2 314.3 313.7 317.7 320.1 322.9 324.3 323.8 325.7 327 328.9 331.5 333.9 337 344.1 357 370 376.1 374.6 372.9 368.4 360.5 345.1 331.5 326.4 323 320.2 316.9 300.3 295.8 296.2 296.6 295.3 322.9 342.6 357.2 362 365.1 367.7 365.4 366.2 366.1 364.3
322.9 321.6 319.3 313.8 311.8 306.9 301.2 295.5 291.1 285.9 277.9 272.5 269.7 270.7 271.6 271.5 278.5 290 299.4 304.5 311.4 316.4 322.6 326.4 327.3 329.2 327.5 322.5 321.2 321.4 320.2 320.4 320.4 320.2 320.8 321.3 320.3 317.4 322 325.1 326.8 328.2 328.7 331.5 332.3 334.6 337.5 340.2 343.5 352.1 367.9 378.7 385.3 385.9 385.2 383.7 379.4 364.3 342.4 333.7 328.5 324.5 320.7 316.4 312.1 296.6 296.3 296.5 312.8 333.1 345 353.1 358.6 361.3 364.8 368.2 368.7 367.1
331.5 326.9 323.7 317.2 312.4 308.8 303.5 297.2 291.6 284.9 287.1 276.1 267.5 270.2 271.4 272.5 272.4 276.7 287 303.4 308.9 313.6 320.7 328.7 335.6 335.5 335.1 333.1 330.4 329.8 330.3 329.6 328.5 327.4 326.9 326.2 325.5 319.5 325.5 327.9 329.8 332 334.3 335.7 337.6 342 344.3 348.4 353.8 364.2 376.3 385.7 392 393.8 396.7 396.6 394.7 382.5 360.8 342.7 336.5 330.9 324 319.6 315.1 297.5 296.5 297 303.3 319.4 332.8 342.8 351.3 358.7 365.7 370.2 371 370
334.2 329.6 324.6 319.1 315.7 311.8 305.5 297.8 291.7 291.8 292.1 285.1 276.9 268.5 269.7 269.3 270.7 273.3 277.9 289 305 315.9 324 329.7 335.8 341.5 341.6 342.7 342.3 341.4 339.6 336.5 334.4 332.5 331.3 330.7 330 327.8 328.6 331.3 334.4 337.1 340.4 342.3 345.3 349.3 353.3 358.6 366.6 374.9 385.7 394.7 399 403.5 409.7 408.7 404.2 395.7 380.6 359.6 346.1 339.4 330 321 313.1 297.9 297.8 297.9 297.9 311.8 326.1 336.5 347.2 357 366.3 371.8 373.2 373.1
341.4 335.6 329.5 325.1 319.2 313.4 305.6 298.8 294.1 293.3 291.4 289.9 284.2 280.6 267.9 271.5 272 269.8 270.8 279.1 291.6 314.4 323 331.4 340.3 345.5 350.9 353.2 350 347.9 344.1 340.2 337.1 335.5 335 334.9 334.8 333.8 334 335.5 339.2 342.1 345.7 349.7 353.1 357.8 364.5 372.3 378.3 387.8 399.6 407.4 414.9 419.1 418.9 417.1 413.3 405.5 394.4 377.3 358.6 347.8 334.4 319.9 311.2 298 298.6 298.6 302.7 308.7 320.4 333.3 344.8 354.1 365.2 374.8 376 374.4
348.4 341 335.7 330.4 322.7 314.8 306.5 299.8 295.3 294.3 294.2 294.1 289.3 285.1 283.3 271.6 270.4 271.6 272.2 269.9 284.7 306.6 317.9 329.3 338 345.5 356.3 357.2 352.2 349.3 347.6 344.7 343.5 341.6 340.4 340.2 340.9 338.2 338.2 341.4 344.1 347 351.9 356.7 362.9 372 381.3 390 397 403.8 412.7 420.2 426.4 428.8 426.4 424.7 419.1 412.4 403.1 387.8 370.7 352.3 337.3 321.2 312.6 298.7 299 298.7 307.1 313.5 319 330.8 341.7 349.8 362.6 376 377.9 375.5
352.8 345.6 339.1 332.4 325.2 315.5 309.5 301.9 297.4 295.2 295.1 294.8 294.7 291.8 288.2 274.8 273.7 273 272.8 272.7 280.8 303.8 317.3 326.5 335.1 348.3 356.6 357.7 355.9 355.3 355.6 355.2 352.1 349.9 346.5 345.7 345.5 343.5 341.9 344.8 347.8 352.4 359 364.9 374.6 385.9 397 404.3 412 416.7 422.4 430 435.3 436.4 434.1 429.9 425.1 419.3 410.1 397.7 381.4 359 341.9 326.5 316.2 306.3 299.1 299.8 305.5 316.6 321.6 330.9 339.6 347.6 361.1 374.8 378.9 377
361 351.5 343.4 335.9 329 323.2 316.2 305.7 299.7 295.8 294.8 295.3 295.8 295.7 294.6 288.4 275 274.4 273.7 273.2 271.1 298.9 317.2 324.8 334.2 349.3 355.4 357.2 361 364.2 363.9 363.6 362.7 359.9 354.2 350.3 347.8 345.9 345.7 347.8 351.6 359.5 366.7 375.3 387.1 400.6 410.3 418.9 425.6 430.2 432.5 437 440.6 441.2 439 434.4 430.8 427.2 419 408.7 393.2 371.7 353.3 334.9 318.3 305.9 299.6 300.2 299.9 313.3 321.4 330.2 339.3 347.8 362.4 373.9 380.5 379.8
