public/OST50/NJ12.asc
ncols 200
nrows 200
xllcorner 310000
yllcorner 820000
cellsize 50
[rows 70 to 104 of 200, columns 0 to 77 of 200]
387.2 397.4 406.5 419.2 437 450.6 463.7 481.5 494.1 513 525.9 540 552 558.4 563 569.4 577.1 582.3 586.8 588.8 590.8 593.3 594.7 595.7 595 593 589.6 585.3 580.2 574.7 569.3 563.3 555.5 551.4 550.1 547.3 547.7 546.2 545.9 547.2 546.5 543.4 539.7 536.2 530.8 526.5 523 517 511.6 506.5 503.2 502.7 500.8 498.1 494.6 489.6 482.4 472.8 463.6 458.1 453.3 446.7 440.9 434.3 427.5 419.8 412.3 404.4 396.8 387.3 374 362.5 362.1 361.3 360.9 361 362.8 360
388.8 399.1 407.5 421.4 436.1 448.7 465.2 480.7 496 512.9 526.9 545.1 557.7 564.8 571 580.1 587.3 591.3 593.1 593 593.2 593.6 593.7 593.1 591.7 589.5 585.9 582 577.2 571.6 564 562.4 558.7 557.8 555.9 554.7 553.9 554.1 555.4 555.2 552.8 549.9 546.4 543.1 539.1 536 533 527.4 521.4 519.1 517 514.6 513 510.8 505.8 501.5 495 485 474.9 466.3 459 452.4 445.6 437 429.5 420.7 413.9 407.7 399.9 390.9 382.1 373.8 364.5 353.9 347.7 344.4 348.1 348.8
386.6 400.9 408.3 421.6 435.6 448.6 464.1 480 496.2 511.9 528.1 547.7 561.3 569.3 579.1 589.5 595.8 598.2 597.7 596.5 595.7 594.7 593.2 591.7 589.8 586.7 582.8 578.4 573.1 571.6 566.5 564.8 563.8 562.9 559.3 559.8 560.6 561.9 562.5 560.9 558.8 556 552.9 548.7 546.3 544.2 541.4 535.9 532.1 528.9 528.2 526.5 524.2 522.2 518.3 513.3 506.2 497 485.6 475.5 467.6 457.9 451.1 442.5 433.6 424.8 415.7 408.3 400.4 393.9 382.5 374.1 366.3 353.9 335.5 335.8 335.4 337.1
384.4 396.6 407.9 421.8 435.2 445.9 464.6 478.4 496.8 511.5 527.9 548.2 563.3 573.3 587.8 597.6 602 603.4 602.3 599.5 597.7 595.5 594 591.9 588.8 585.1 578.5 577 576.9 573.2 572.1 569.2 567.6 566.4 566.5 566.4 567.4 568.4 567.7 566.4 565.1 563.1 560.4 558.1 555.7 553.1 549 544.6 541.1 538 538.2 536.7 534.9 532.3 528.5 523.1 515.5 508.5 499.1 487.6 476.7 466 457.3 447.2 439.4 430.8 419.2 408.1 399.3 390.5 384 377.6 369 361.4 353.8 339.1 327 327.4
385.1 392.3 405.1 419 432.8 447.6 464 478.2 495.6 510.9 528.7 549.4 564.7 578.6 594.3 602.7 607.8 608.4 607 604.4 600.7 597.2 594.8 592.7 588.9 583.9 579.4 580.2 579 577.7 575.9 574.2 572.5 572.4 572.6 573.5 574.2 574.7 573.5 572.2 570.9 568.9 567.2 565.6 563.2 560.4 556.6 552.8 549.1 546.7 545.5 545.5 544.7 541.5 537.2 531.4 524.5 517.4 508.8 498.6 488.4 476 468.5 458.4 446.3 435.3 424.5 409.5 399.3 390.3 383.5 375.9 369 361.5 354 346.8 341.1 333.9
390.6 399.4 403.2 416 432.9 446.3 463.4 477.7 495.4 510 531.3 549.4 566.2 584.6 600 608.4 613.4 613.9 612 608.9 604.7 600 596.2 593.5 590.1 583.9 582.5 583.2 582.4 581 579.7 577.8 578 577.8 578.9 580.1 580.2 580 579.5 578.5 576.5 575.3 574.3 572.4 569.8 566.9 563.3 559 555.2 552.4 553 552.6 551.2 548.1 543.5 537.8 531.6 525 517.5 508.9 499.9 487.8 475.5 466.1 455.6 442.1 429.6 415.6 400.4 390.9 382.9 374.4 367.2 360.2 353.2 346.9 340.8 336
398 406.5 414.7 417.5 432.3 447.4 463.1 479.2 496.3 513.4 533.1 551.3 570.2 589.3 604.6 614.2 618.7 618.2 615.4 612.6 608.2 602.6 598 594.1 589.3 586.6 586 586.2 585 583.5 582.6 582.3 582.8 583.2 584.5 585.3 585.3 584.8 585.2 584.4 583.1 581.8 581.2 578.4 575.5 572 568.5 564.8 560.5 559.2 558.5 558 556.5 553.1 547.7 542.8 537.8 531.4 523.5 515.3 507.6 497.8 482.4 468.9 458.7 447.9 435 421.9 406.1 393.2 382.1 373.2 365.9 359.4 353.6 347.4 342.4 337.7
404.4 415 423.3 429.8 433.4 448 465.1 481.7 499.3 517.3 535.9 555.7 574.7 593.8 609.2 619.3 623.9 622.8 619.3 615.8 611.2 605.6 601.1 596.9 593.5 590 589.7 589.5 588.6 587.3 585.9 586.3 587.4 588.9 589.6 589.8 589.1 589.8 589.8 589.4 588.9 588.6 587.7 585.6 581.9 578.1 573.3 569.6 565.9 563.2 562.8 562 560.2 556.6 551.5 547.1 542.6 535.6 528.2 520.3 510.2 497.4 483.4 471.9 460.8 450.8 438.1 425.2 411 395.2 384.5 372 366.7 360.1 354.1 348 343.7 339.3
411.4 422.9 431.8 438.9 448.9 455.8 470.2 485.5 503.6 522.1 541.6 561.4 579.4 598.2 613.9 623.8 629.7 627.3 623.3 618 613.3 607.5 603.7 600.1 596.5 594.6 593.6 593.4 592.4 590.7 590 590.7 592.2 593.8 593.9 593.8 594.7 594.5 594.3 595.1 594.6 594.4 593.2 590 586.3 582.5 577.9 573.3 569.5 567.1 565.7 564.4 563 559.7 555 550.7 545.6 539.4 534.2 522 510.2 496.5 483.8 473.5 462.7 451.5 440.4 426.3 413 398.2 384.4 374 366.8 360.7 354.8 349.9 346.1 341.6
422.6 430.1 441.1 448.6 460.9 470.3 481.2 493.8 508.3 527.7 549.1 568.7 586.8 602.2 616.3 627 632.4 630.2 624.9 619.9 614.9 609.8 606 602.2 599.7 598 596.5 596 595 592.4 591.9 592.6 594.6 595.9 597 598.7 599.1 598.3 599.3 599.6 599.8 598.6 596.2 593 589.3 585.1 580.1 575.3 571.3 568.7 567 565.3 563.2 560.3 556.4 552.4 547.4 542 532.9 520.4 507.9 494.9 483 473.8 463.2 451 438.4 425.8 412.8 398 383.9 374.9 366.4 360.7 356.1 351.9 348.2 344
435.6 439.2 451.3 461.7 475.4 485.6 493.9 505.1 520.3 538.5 559.5 576.6 592.3 606 617.6 627.7 632.5 630.3 626.1 620.9 615.5 610.5 606.5 603.2 601 599.6 598.5 597.2 595.3 593.7 592.5 593.5 594.5 595.3 598.2 600.2 600 600.3 601.5 601.9 601.9 599.1 596.3 593 589.7 585.3 580.2 575.7 572 569.4 566.3 563.9 561.1 558.8 556.4 552.8 548 540.8 529.6 517.2 505 492.9 481 471.3 459.6 448.4 432.4 422.4 409.2 398.7 384.5 375.5 366.2 360.7 356.8 353.4 349.8 345.8
449.5 456 465.8 477.9 487.7 499.4 510.8 522.8 536.9 553.5 567.5 583.4 597.4 609.1 617.7 625.7 630.4 629.1 625.1 620.4 614.8 609.9 605.4 602.6 600.5 599.4 597.8 595.6 593.4 591.7 590.3 590 590.3 591.5 593.7 596.3 597.1 597.9 597.9 599.1 598.9 596.5 593.4 590 586.7 582.9 578.4 574.5 571.5 568.4 564.3 560.8 557.8 555.3 553.3 550 545 535.6 524.7 513.3 500.7 488.4 477.4 467.6 453.3 441 426.5 416.4 406.8 396.6 385 376.7 367 360.6 356.5 353 349.4 345.6
463.5 474.3 480 492.2 503.7 515.8 526.2 539.8 553.2 567.2 579.9 591.3 601.7 610.2 617.5 622.2 626.6 626.1 623 617.8 612.2 607 602.6 599.8 598.4 597.2 594.6 591.9 589.1 586.3 583.8 582.4 582 583.8 585.4 588.7 591 592 591.4 592.3 592.5 590.5 587.9 585 582.4 578.4 574.6 570.9 568.3 564.9 560.5 556.3 553.3 549.9 548.3 544.1 538.8 530.4 520.1 509.3 497.8 484.2 473.5 457.9 447 431.7 421.1 412.8 404.7 391.4 384.3 375.7 366.8 360.4 355.6 352.2 347.6 343.7
476.1 487.8 496.1 506.5 519.1 530.9 544 557.1 569.5 580.8 590.9 598.5 606.7 612.3 615.8 618.2 621.4 620.8 617.7 612.7 607.3 602.1 595.4 594.9 593.4 591.9 589.1 586.2 583.2 579.3 574.2 570.9 571.2 572.2 574.8 577.7 580.5 582.2 582.5 583.2 583.6 582.5 581.1 579.2 576.1 571.9 568.1 565.1 562.3 558.5 554.1 550.6 546.6 543.6 541.6 537.8 532.6 525.6 514.9 504.5 492.2 478.6 469.3 451.6 442 427.4 417.8 410.5 402.5 390.1 381.2 373.6 365.6 360 354.7 351.2 346 341.6
489.9 504.9 515.8 521.9 535.2 546.8 559.3 571.7 583.4 593.3 601.6 608.1 613.1 616.5 617.1 616.8 615.6 614.1 610.6 605.7 600.5 593.9 587.7 586.5 584.7 584.4 580.9 578.4 575.4 568.4 560.8 557.4 556.1 557.8 560.9 564.5 567.9 569.3 570 570.9 572.3 573.1 572.7 570.7 567.6 563.6 559.9 556.5 553.7 549.7 546 542.7 540 538.3 535 530.7 526.4 518.8 507.9 497.1 486.4 474.9 465.8 450.2 437.4 423.7 415.1 408.2 399.6 387.2 378.2 370.8 363.5 357.3 354.4 347.5 344.6 338.9
504.7 519.4 528.9 536.7 547.5 560.5 572.9 584.9 595.1 604.4 611.8 618 621 621.4 618.3 615.7 611.2 605.7 601.9 597.9 591.9 584.9 579.5 576.7 574 572 569.4 565 558.9 549.5 544.8 540.5 538.4 539.2 543 548.7 553.1 554.2 554.5 557.7 561.2 562.8 562.9 561.1 557.4 553.7 549.4 546.5 543.4 540.5 538.7 536.1 534 531.9 528.1 522.7 517.9 510.2 499.5 490.3 480.4 473 461.4 446.6 435.1 426.5 415.3 406.2 395.2 385.6 376.7 368.9 361.9 355.3 349.9 344 340 334.3
514.6 530.5 541.4 552.4 561.3 571.8 585.1 596.4 606.5 614.3 621.6 625.7 626.7 624.2 619.3 615.1 608.6 601.3 593.1 588.1 583.2 577.1 570.2 565 559 556 552.7 546.6 538.2 532.2 528.7 524.3 519 520.7 524.5 529.1 533.4 534.7 537.3 542.9 549.9 552.4 553 550.9 546.9 543.2 540.4 537.4 534.3 532.3 530.3 528.1 527.3 524.3 518.7 513.6 508.6 500.9 490 480.8 475.5 468.1 457.4 447.7 438.9 428.3 413.8 404 394.1 384.6 375.2 367.4 359.7 350.7 345.7 339.9 335.8 330.9
524.9 541.4 557 566.6 578.1 587.7 597.2 608.2 616.8 623.7 629.5 633.3 632.4 626.7 619.9 613.1 604.4 596.6 586.6 577.2 573.1 568.5 559.2 550.1 540.2 538.7 533.4 527.7 520.5 513.6 508.9 503.7 499.6 501.6 504 507 510.5 513.2 517.3 529.3 536.5 540.9 542.7 541.1 537.2 532.6 529.1 525.8 523 521.4 519.9 517.3 515.6 511.9 507.9 504.3 498.4 489.5 481.7 474.7 469.1 462 454.8 447 438.9 429 418.3 404 392.8 382.3 373.6 364.9 355.1 345.7 340.9 336.6 333.5 327.1
530.5 551.7 565.5 582.3 594 601.8 609 618.1 625.7 631.5 635.3 636.6 633 626.5 619.9 611.2 600.4 589.2 579.4 571.4 561.1 555.5 547 534.8 521.7 521 514.9 506 498.1 491.4 488.4 483.1 479.1 480.6 482.4 483.4 485.7 488.4 497 512.2 519.3 529.7 532.9 529.2 523.3 520.3 515.7 511.8 509.6 508.1 506.2 505.2 499.6 497 495.7 491.9 486.1 478.9 472 465.7 461.4 455.5 450.6 445.5 437.4 427.9 416.7 404.3 390.1 378.9 370.5 360.4 350.1 342.4 337.8 333 328.3 322.9
534.6 555.9 573.1 592.9 605.4 614.4 620.4 627.5 633.6 636.4 637.4 635.6 631.2 624.8 616.7 606.1 594.4 583.8 573.4 563 550.9 541.6 531.6 520.7 510 501.9 493.5 481.8 472.5 467.2 463.6 459.9 456.2 456.5 458.5 457.2 458.6 462.1 472.8 486.9 499.7 514.1 517.7 517.1 513.9 508.1 502.2 495.6 492.6 490.7 488.4 488.3 485.5 483.9 482.5 479.6 474.8 467.4 460.2 456.7 452.7 448.5 445.4 440.7 434.4 425.1 414.5 403.9 390 376 367.1 355.9 346.3 339.5 334.2 329.1 324.5 316.7
536.9 559.4 580.8 598.2 613.1 623 629.8 635.3 638 638.1 635.8 632 626.3 619.6 610.3 599.2 587.7 577.4 566.9 553.3 540.6 529.1 518.3 507 495.9 480.9 470.6 470 469.1 464.2 458.8 453.1 443 439 434.7 432.1 434 438.7 445.4 458.5 475.6 497.5 509.6 507.6 500 487.9 482.7 479.1 476.7 472.6 473.1 470.4 471.3 469.6 467.8 466.4 461.6 455.5 450.7 446.6 443.7 441.1 438.1 434.2 428.7 420.8 411.6 401.2 388.2 373.5 363.2 353.6 342.2 335.9 329 323.5 319.5 311.5
539.6 563.2 583.3 601.2 616.7 628.9 636.4 639.8 639.5 637.4 632.8 626.6 619.7 612.4 602.9 592.1 580.9 568.6 556.4 541 528.5 516.3 503.9 491.3 479.9 481.2 484.6 482.9 477.6 473.9 467.8 460.7 454 452.6 448 441.6 435.1 423.7 420.8 430.8 448.2 467.4 485.7 481.9 473.4 468.7 466.3 461.4 458.4 456.6 455.9 455.3 454.2 455 453.9 452.7 447.6 442.6 439.5 438.6 436 433 429.4 426.1 421.4 415.4 406.9 396.5 383 370.8 360.7 350.8 337 331.6 324.2 318.1 315.1 308.1
541 565.3 584 602.2 620.1 633 640.4 641.4 639.7 635.4 629.3 621 613.1 604.2 594.3 583.2 570.6 557 541.8 526 510.1 495.3 491.8 492.5 494.4 496.5 494.6 492.1 488.7 483.9 477.5 473.2 468.3 464.9 458.4 451.9 445 435.8 426.9 414.3 422 440.2 457 457.5 455.5 453.2 448.4 445.2 442.2 440.9 441.8 441.3 439.7 439.9 440.1 438.2 434.4 430.5 429.9 428.4 425.9 422.9 419.7 417 413.8 409 401.4 390.2 379.3 367.1 357.5 347.2 335 326.3 319.6 313.8 310.4 303.2
541.4 568.1 586.5 603.8 621.5 635.5 641.2 641.6 638.1 632.3 624.5 615.1 604.9 595.7 585 572.8 559.2 542.5 525.7 509.7 510.1 509.4 507.3 504.6 504.7 504.4 503 501 496 491.1 488.8 484.4 479.4 475.5 469.9 463.2 454.6 443.2 436.7 426 411.4 413.4 428.9 434.9 431.8 432.7 433.2 429.8 426.8 428.3 428.5 428.1 427.6 427.6 426.3 423.5 422.2 421.5 419.6 417.3 412.7 410.7 409.6 408 404.6 400.7 394.5 385.5 373.6 363.2 353 342.7 329.9 321.9 315.7 309.7 304.6 299.3
549.4 573.7 592.8 608.8 623.9 636.5 641.7 640.7 636.4 629 620.2 608.7 597.3 587.7 575.6 562.8 548.4 528.2 525 521.6 525.2 521.8 517.1 515.4 516.6 515 512.4 509 504.7 500.4 499.4 495.7 490.2 485.5 478.5 473.2 466.2 455.2 442.6 433.5 426.2 408.4 404.1 411.8 415.5 416.5 416.9 414.6 415.4 415.8 415.9 416.5 416.1 414.1 412.1 411.8 412 411.5 409.5 407.1 403.8 401.8 400.2 398.2 395.2 392.5 387.7 379.4 367.9 358.5 348.4 335.3 325.2 316.9 311.1 305.8 299.8 294.2
566.7 582.7 601.1 614.8 627.2 637 641.4 639.5 633.9 625.7 614.9 602.6 591.3 580.1 566.5 552.8 537.8 526.3 535.2 535.6 536.6 535.6 533.2 529.1 528.2 526.4 522.8 520.1 516.1 511.9 508.7 504.7 500.8 497.1 492 484.1 478.9 468.7 457.6 443.9 432.5 421.9 408.2 394 398.6 400 399.6 400.9 401.5 401.6 403.2 403.6 404.8 402.6 402 402.5 402.2 401.1 399.5 396.7 393.1 392.1 390.4 388.7 386.4 383.4 379.5 372.9 362.3 353.3 343.2 329.9 322.3 313.3 307.3 303.7 297.8 290.9
582.6 596.4 609.5 620.1 631 637.6 640.3 636.7 630.3 620.5 608.5 596.5 586.1 574 557.8 541.7 537.1 541.7 546.9 549.5 549.5 548.9 547.4 543.5 542.8 539.7 538.2 533.8 526.6 522.2 517.9 514.7 509.7 508.8 505.8 498.3 490.9 483.6 473.5 458.7 444.2 430 416.9 405.4 388.7 387.9 388.5 387.8 388.1 389.1 390.1 391.3 391.1 392 392.8 393.4 392.1 390.5 389.2 386.8 385.3 384 381.9 379 376.1 373.4 369.5 363.5 358.2 347.4 336.6 325.3 317.4 311.6 302.2 299.7 294.4 288
597.5 609 619 627.8 635 638.7 639.1 633.3 626 613.8 603 592.6 581.5 568.2 548.6 543.2 549.1 554.1 558.5 561.4 563.5 563.2 560.5 558.2 556.6 554.8 551 546.4 539.6 534.3 532.2 530.6 528.7 525.5 523.5 517.2 508.8 496.3 485.5 471.2 455.9 441.1 423.7 410.3 399.4 387.4 377.1 377.4 378.5 377.6 378.8 379.8 379.6 381.7 381.4 381.6 380.9 380.6 379.4 378.2 376.7 374.9 372.2 369.2 366.1 363.9 362.3 356.7 349.9 341.2 329.5 320.8 312.9 307.5 300.5 295.4 291.1 284.2
612.3 621.3 628.9 635 639.5 640.7 637.8 631.1 622.7 608.7 599.2 589.5 577 561.6 546.1 554.5 561.2 564.9 569.5 574 575.9 575 573.2 572.7 569.8 566.5 564 559.8 555.5 550.5 547.8 547.3 550.1 551.2 546.4 538.2 526 511.8 495.2 483.7 464.5 450.7 433 417.7 407.7 397.5 384.9 376.8 370.5 369.9 366.3 367.6 369.5 369.8 370.1 370.2 371.3 371.4 371.2 370 367.6 365 362.5 361.2 358.6 356.5 354.7 349.9 342 333.9 324.3 317.1 311.8 302.6 293.4 288.8 281.9 279.8
626.1 633.3 638.7 641.7 642.5 641.3 636.2 628.1 617.9 606 596.5 586.7 571 554.1 561.3 566.6 572 577.7 582.1 587 589.6 588.6 587.1 585.2 582.8 580 578.2 574.9 569.7 568.7 567.1 572.2 573.6 570.1 564.2 554.4 542.8 526.9 508.5 491.1 475.3 461.3 443.6 430.7 420.9 407.1 394.4 385.1 375.5 369.7 364.2 360.8 359.4 358.8 359.1 357.7 358.2 360.5 360.3 360 358.5 356.2 354.1 352.2 351.4 348.6 345.5 341.4 334.8 327.9 320.5 315.1 309.2 303.7 294.2 286.6 282.3 279
637.5 643.4 647.1 647.2 644.8 641.4 635 625.5 615.5 604.7 594.4 581.6 563.6 566.4 570.5 577.1 584 590.3 595.5 599.2 601 602.4 599.7 597.4 595.3 593.1 591.6 586.9 583.6 583.5 590.3 593.5 591.1 586.5 580.9 570.5 558.3 541.6 522.5 507.8 487 473.1 454.6 440.5 431.1 420 406.6 395.2 389.1 381.7 374.3 367.3 353 348.9 348.7 347.6 346.8 348.2 348.4 348 348.3 347.1 346.1 344.3 341.9 339.5 336.8 334 329 322 317.8 312.1 307.4 301 294.6 284.2 281.5 276.4
646.3 652.9 653.9 652.5 648.1 642.4 635.1 624.2 615.5 605.9 594 578.7 579.1 577.1 582.3 589.5 596.3 602.8 607.7 612.1 614.7 612.2 610.3 609.3 607.8 606.3 603.2 600.2 598 603.5 611.2 609.9 607.7 603.5 593.1 584.3 571.4 552.9 537.2 520 503.1 487.3 471.6 459.1 446.3 433.2 418.9 411.1 403.3 395.3 386.1 377.5 369.5 363.3 355.7 345.2 338.2 335.7 335.6 333.1 336.1 336.9 336.5 334 333.2 332.5 329.8 326.5 323.4 318.7 314.2 308.7 305 297.6 291.7 282.9 278.6 273
652 660.3 660.4 656.8 650.9 644.3 637.1 628.8 618.6 608.4 597.4 592.7 589.3 587 593.8 599.8 607.2 613.5 619.7 626.2 625.4 623.3 622.2 620.9 620.4 618.7 615.4 612.2 615.5 627.1 627.2 624.6 620.2 615 603.6 592.8 583.2 566.1 550 536.3 519 504.3 488.5 476.6 461.9 448.8 437.7 423.8 411.7 402.9 394 385.9 379.2 373.3 367.6 360.6 352.9 344.4 338.2 326.1 324.9 323.9 322.8 320.8 320 322.2 320.6 318.3 316.3 312.9 308.3 304 298.7 292.5 285.1 277.6 273.3 270.2
656.3 665.6 665.3 660.6 654.2 647.3 640.8 632 622.7 615 608.2 603.6 599.4 598.1 602.6 609 615.9 623.7 632.8 636.3 635.8 635 633.7 633.2 632.2 629.8 627.3 627.1 638.3 646.4 641.4 635.9 629.8 625.4 615.6 603.9 591.6 578.4 564.7 551.4 535.3 519.6 505.6 492.9 478 465.4 452.2 438.4 426.4 413.7 401 391.9 382.2 377.9 372.2 366.7 358.7 349.9 345 340 332.8 325.7 318.6 312.2 311 305.7 303.2 304 301 301 297 292.3 294.6 288.9 281.3 272.9 269.4 263.9
657.3 668.3 667.9 663.4 657.5 651.2 644.3 637.6 627.6 623.4 616.7 614.3 608.6 608.3 611.4 618.7 626 635.8 643.5 644.7 645.5 644.8 645.2 644.7 642.3 639.3 639.2 647 657.7 660.1 652 646 636.5 630.7 622.4 610 597.8 586.4 576.1 562.3 549.6 535.8 520.5 507.9 494.4 481.2 468.9 453.5 438.4 423.8 409 398.1 388.8 381.5 375.4 368.1 360.2 352.7 346.7 341.9 333.6 332.7 330.2 326.3 322.7 318 315.3 300.2 303 297.8 300 295.2 284.1 278 273.2 270.4 266.4 262.3
