public/OST50/NJ20.asc
ncols 200
nrows 200
xllcorner 320000
yllcorner 800000
cellsize 50
[rows 0 to 34 of 200, columns 78 to 155 of 200]
557.1 558.4 560.3 560.9 561.4 565.7 569.1 565.1 554.6 537 518.3 502.4 486.3 476.6 464.6 451.3 431.4 439.2 463.6 483.7 502.1 518.3 531.2 540.2 545.2 547.8 548.5 548.3 548.3 548.2 547.8 547 548.7 551 553.9 555.8 556.9 555.5 553.9 550.1 545.8 540 533.2 528.3 513.5 502.3 493.7 483.7 474.5 462.5 451.8 439.5 422.5 416 425 444.8 460.4 473.8 484.2 494 502.1 510.3 515 517.6 517.9 514.7 510.9 509.1 521.4 528.7 533.7 536.7 536.1 531.2 526.6 522.8 516.1 510.4
539.7 541.1 540 540.4 542.1 546.4 551.1 551.8 547.4 532.5 517.4 500.9 486.8 474.6 461 448.9 432.7 435.6 456.5 479.6 497.6 514.8 527.4 537.6 542.6 544.6 544.8 544.6 544 543.3 543.2 543.4 546 548.2 550.8 552.9 553 553.5 553 551 548 544 538.4 534.1 518.6 507.6 502.3 491.5 481 469.7 456 439.5 424.8 414.1 418.5 436.8 453.9 467.8 477.6 488.5 498.9 505.2 510.4 511.9 510.9 509.3 506.2 508.7 519.4 527.3 532.2 536.7 539.2 533.4 528.1 523.6 517.3 511.9
516.6 518.6 520.5 520.6 523.8 527.1 529.9 533 530.8 524 515.3 498 483.9 470.8 457.6 440.4 427.4 430.6 453.5 474.4 494.8 508.8 522.5 532.8 537.8 539.4 539.5 539 538.2 537.7 538.2 538.9 541.2 543.6 545.6 546.7 546.9 545.8 545.2 543.9 541.9 538.2 536.4 529.5 520.5 511.4 503.5 494.1 483 471.8 457.2 441.7 430.8 413 413 430.7 450.6 464.6 473.2 484.1 495.1 502.4 506.3 507.4 507 504.5 500.1 507.1 516.2 524.7 530.7 535.5 539.8 534.7 530.1 525.6 518.6 513.5
497.5 499.4 501.3 503.4 505.8 508.1 513.2 515.6 514.1 511.9 503.8 491 476.7 463 448 433 426.3 432.3 451.8 470.9 490 505 516.4 526 531 532.4 532.8 532.8 531.7 530.7 530.5 533.6 534.8 536.6 538.3 537.9 536.3 534.8 534.4 533.1 531 527.2 527.5 522.8 517.4 510.8 496.6 492.8 482.4 469.7 453 439 427.4 415.6 409.2 431.5 449.9 465.1 474.9 483.6 493.6 497.5 503 503.6 503.5 501.9 492.6 503.4 512.1 520.8 528.1 533.4 539.2 535.8 531.5 527.6 520 514.6
485.5 485.5 487.1 488.7 489 490.8 494.5 497.6 498 495.6 487 474.4 462.4 452.9 439.8 430.4 424.5 432.1 450.6 467.6 484.2 498.4 509.7 518.2 522.3 523.9 523.6 523.3 522.4 522.2 523.2 525.6 527.2 526.8 526.4 526.3 522.6 521.2 518.5 517.2 514.5 513.6 510.5 507 503.2 499.1 492.2 487.6 477.2 463.4 444.9 432.7 422.4 410.5 412.3 434.2 450.9 465.9 476.4 485.8 495.3 500.9 504.9 504.6 502.3 499.3 490.8 499.2 508.3 516.1 523.4 530.2 534.9 535.6 532.3 529.7 522.3 516.5
474.2 467.5 471.2 471.9 470.8 472.9 477.3 480.1 482 478.8 468.6 458.4 452.2 443.6 436.8 428.9 421.1 430.1 448.1 464.4 479.7 492 500.8 506.4 510 510.6 510.1 510.9 511.9 511.6 513.2 515.2 515.3 514 511.5 507.6 505.8 503.6 500.9 497.3 495.5 494.9 491.4 488.9 484.8 482.1 478.4 477 467.5 454.7 439 425.4 415.3 406.7 420.4 439 454.9 468.3 479.7 488.8 497.5 503.4 506.7 506.5 503.6 498.4 489.9 495 503.1 513.7 519.2 526.4 530.5 532.3 531.1 529.1 522.3 518.1
459.4 457.2 459 455 454.9 456.4 460.1 461.5 461.7 458 449.7 446.7 441.9 438 431.7 425.8 419.8 430.4 443.8 458.7 471.8 482.3 488.4 492.1 493.4 495.2 497.7 498.5 501.1 502.1 503 504 502.8 499.2 492.8 490.8 490.2 487.6 485.1 482.1 478.7 476.8 476.1 471.5 464.8 461.7 462.2 456.3 451.1 448.8 435.4 418.5 405.4 406.3 424.5 443.7 457.7 471.8 485.7 494.2 501.7 506.6 508.1 507.2 503.6 498.6 487 490.1 498.9 508.5 515.6 521.7 526.9 528.8 528.6 526.9 522.8 518.5
450.1 448.3 446.5 446 444.6 444.4 443.4 443.9 442.8 439.6 439 435.9 434.1 432.1 429 422.9 418.2 425 440 451.7 462.1 469.7 475.4 478.3 481.1 483.1 484.6 487.4 490.1 491.6 490.9 489.9 486 482.8 481.3 481.6 477.9 474.9 472 469.2 466.3 462.9 460.3 454.8 450 449.1 446.7 444.5 441.5 436.4 424.6 409.7 402.4 410.1 429.5 446.6 460.3 479.2 491.8 500.1 505.7 509.4 510.5 507.1 502.7 497.6 488.5 479.9 495.6 504.8 513 518 523.5 525.5 526.2 525.4 522.5 519.3
438.3 436.7 434.3 433.4 432.1 429.2 428.9 428.5 428.8 427.9 427.6 427.1 427.1 426.7 425.2 421.1 416.9 418.2 434.2 443 452.6 457.9 461.9 465 468.8 469.7 472.5 474.6 477.6 479.6 480.6 480 476.3 473.3 472.3 469.4 467 463.3 460.8 459.6 455.2 451.3 446.7 437.9 436.9 434.9 434.4 433.2 431.4 427 416.9 402.6 403.8 416.4 431.4 449.7 466.2 485.3 497.9 506 510.1 513.7 513 506.8 501.7 496.6 486.9 472.2 490.8 503.6 512.8 517.9 521 523.7 524.2 523.6 521.8 519.2
428.9 427.2 424.2 421 417.9 416.1 414.4 415.2 415.3 417.1 419.6 421.2 422.7 422.8 421.8 419 414.7 414.8 429.5 436.1 441.9 447.8 450.8 453 454.7 459.7 461.7 465.6 468.1 470.4 471.3 471.9 470.1 467.2 464 461.4 454.8 454.5 451.4 448.4 445.7 438.6 433.6 429 423.7 423.4 423.5 423 422 418.3 410.3 399.2 408.5 418.7 432.2 451.2 471.5 488.6 503.1 511.1 515.3 516.4 512.2 506.8 501 494 479.3 468.5 486.8 504 512.7 518.8 521.3 522.8 522.8 521.5 519.7 517.2
419.6 417 412.9 410 409.3 409.7 409.5 409.1 408.7 408.9 412.3 416.7 419.7 420.7 419.8 417.3 413 415.9 425.4 429.9 434.9 439.1 442.1 444.2 447.2 450.6 452.7 455.2 459.3 460.4 463.8 465.1 462.5 460 456.6 453.6 449.8 448.2 444.4 439.6 433.9 430.6 426.1 421.2 415.5 414.2 413.7 414.4 412.5 410.6 400.1 400.9 410.4 421.6 435.6 451.8 470.7 490.1 505.6 513.7 518.5 516.6 511.6 506.4 498.8 484.7 471 467.7 489.3 504.7 513.4 519.4 522.2 522.1 521.4 519.2 516.6 514.1
411.8 410.4 409.3 408.3 409.3 409 408.6 408 407.7 407.6 407.9 411.3 414.4 417.7 416.7 414.4 411.4 413.9 420.2 424.2 426.8 431 434.1 437 440 443 445.1 446.5 449.1 452.2 455 455.2 454.7 453.9 449.3 446.6 446.3 442.1 437.9 432 426.6 423 417.7 412 406.5 404 401.2 402 403.9 403.9 397 401.6 413.1 424.5 437.7 450.8 465.9 483.4 497.4 509.7 515.1 514.1 510 504.2 491.4 473.9 458.4 474.2 490.5 505.7 514.4 519.6 521.8 520.7 518.6 515.4 512.9 510.3
410.5 410 408.9 408.5 408.7 408.4 408.2 408 407.8 407.3 406.9 407.2 407.6 407.7 411.1 409.5 409.9 413.1 415.7 419.6 422 424.4 428.1 430.4 433.4 435.5 437 438.8 441 443.7 447.1 447.6 445.6 444.7 441.4 438.1 437 433 428.5 423.4 419.2 413.8 406.6 396.8 393.9 393.9 394.1 393.2 394.1 395.7 400.8 405.8 415.4 425.5 438 447.8 460.1 474.2 487.8 499.7 506.3 508.6 506.3 497.5 480.6 466.1 454.9 475 491.5 506.4 515.8 518.8 519.6 516.6 513.8 510.8 508.3 505.1
410.3 409.5 408.7 406.8 408.3 408.2 407.8 407.7 407.5 406.3 405.9 406.5 406.4 406.7 408.1 408.4 412.1 410.4 411 416 418.4 420.4 423 424.3 425.3 428.5 429.6 430.2 431.4 434.7 437.9 439.1 438.2 437.4 434.1 434.7 428 424.5 421.7 415.4 408.9 403.9 395.2 395 394.3 393.6 393.9 393.2 391.8 393.8 395.7 407.1 414.4 424.1 432.4 442.5 453.1 465.5 477.6 489.9 495.7 500.1 497.8 487 471.3 457.1 456.1 476.2 493.7 506.3 514.8 517.2 515.9 512.9 509.5 506.1 502.4 498.7
409.7 417.4 419.5 419 415.1 407.3 407.3 407.5 407 405.2 405.9 405.2 404.9 405.9 406.8 406.5 406.5 405.9 406.8 414.4 416 416.9 417.2 416.4 417.4 418.6 419.4 419.6 422.7 426.2 426.2 433.6 434.8 430.4 428.3 424.6 420 416.9 412.4 406.7 399.9 394.2 395.1 395.4 394.2 394.3 393.3 391.7 392.3 392.6 393.7 406.6 411.4 419.7 429 436.6 446.9 456.4 467.6 475.7 484.2 489.2 488.7 477.3 462.3 447.2 458.1 476.9 494 506.9 514 516.3 512.5 507.8 502.1 497.1 492.5 488.6
418.5 425.1 426.4 424.9 420.6 415.1 406 407.3 406.6 405.6 404.8 404 403.8 404.5 405.5 405.4 405.3 404.5 405.2 408.8 408.6 407.3 407.8 408.5 409.2 409.4 409.2 410.2 411.8 412.2 413 414.6 417.4 417 416.8 414.2 410.5 406.3 402.2 396.1 394.9 395.3 395.6 402 401.5 400.9 391 392 391.6 391.7 391.4 399.4 407.2 416.1 421.5 430.4 439.6 448.3 454.8 461.1 470.1 475.5 475.7 467.6 455.4 439.6 457.1 476.3 491.2 504.9 512.6 515.5 510 501 493.5 487 481.3 476
427.3 433 432.5 432.2 428.1 421.7 413.9 411 406.5 405.7 404.8 404.9 405.3 404 404.8 404 403.6 403.1 402.8 401.4 400.8 400.9 400.6 401 400.4 400.1 399.9 399.4 399.6 399.7 400.4 403.4 405 405.6 405.2 405.4 403.6 397.2 396.1 395.4 396.1 395.9 403.2 408.6 405.8 403.1 392.1 391.5 391 391.1 389.6 388.2 403.1 410.5 416.4 424.1 430.8 439.1 447.2 450.1 457.1 461.7 464 457.3 448.1 436 453.9 473.2 487.4 502.2 510.8 512 505 493.3 484.7 477.9 471.3 465.7
435 440.4 442.4 442.8 440.2 431.6 421.6 416.1 413 405.6 405.2 406.2 402.8 403.6 404 403.5 403.2 402.6 401.4 402 401.4 401.1 401.4 400.4 400.7 399.8 399.3 398.9 399.3 398.7 398.5 398.6 397.8 397.9 397.6 397.6 398.4 397.6 398.8 396.8 395.8 399.6 412.1 416.4 411.7 405.3 399.1 390.9 390.6 390 390 389.3 397.3 405.7 412 418.2 424.5 430.4 436.8 442.2 447.4 452 452.6 448.7 442.2 432.7 448.3 466.2 483.9 494.1 503.4 503.5 495 482.8 476 470.4 463.2 456.2
443.1 449.2 450.9 451.9 452.2 446.5 437.9 426 420.6 415.1 408.8 406 405 404.7 402.4 403.1 402.9 403.3 402.9 402.5 401.9 401.7 401.6 400.9 400.6 400.3 399.7 399.9 399.5 399.3 399 398.6 398.3 396.5 398.6 398.5 398.6 398.6 398.4 398.3 400.3 409.6 423.1 423.3 418.7 411.6 402.7 398.7 391.3 390.2 390.1 389.1 388.8 403.2 406.6 415.1 417.8 423.3 429 433.7 437.4 442.3 443.6 442.2 436.4 428.6 443.2 457.7 472.5 483.2 491.4 492.7 484.7 477.2 468.3 461.8 452.9 445.1
452.4 455.3 458.9 461.9 460 457 450.2 439.2 430.7 423.6 418.5 413.1 406 405.1 406.2 405.8 405.6 404.6 403.4 403.4 402.2 401.9 402 400.9 400.5 400.3 400.3 400.4 399.3 399.3 398.6 398.7 396.8 399.4 399.9 400.2 399.2 399.1 403.4 407.4 415.6 423 428.1 425.2 422.2 415.6 406.1 397.7 391.6 389.5 388.5 388.2 388.1 391.5 400 406.4 412.1 416.3 420.6 424.9 428.9 433 436.1 436.3 432.2 423.7 437.4 449.1 460.3 469.5 477.3 478.7 474.1 468.5 461.1 452.8 446.6 439.6
458.2 460.8 467.1 470.8 471.7 467.9 463 452.5 442.2 435.5 427.4 423.6 420 413.1 410.8 409.2 409.2 418.6 417.9 417 412.9 410.7 411.7 411.3 413.7 414.6 405.8 401.8 400.5 401.1 401 403.4 401.5 400.6 400.5 400.9 400.6 400.9 406.2 415.6 421.1 426.6 432.7 431 425.9 420.3 413.6 402 393.1 388.9 388.1 386.8 387.7 387.6 392.9 401.1 407.2 411.6 413.8 418.4 421.3 424.9 427.7 429.3 426.7 421.2 434.9 444.7 450.1 458.1 461.3 460.8 460.6 457.2 451.7 445.7 439.1 433.1
463.4 471.2 477.6 479.7 481 482.1 475.1 466.8 456.6 449.5 443.1 434.7 430.8 423 419.8 413.3 416 420.3 420.3 422.9 424.8 428.2 423.8 426.6 428.5 426.8 410.9 408.4 404.5 405.8 404.2 405.5 406.7 407.1 402.8 401.9 401.4 401 401.4 413.9 419.1 421.5 424 425.2 424.9 423.7 420.1 410.3 395.7 388.5 387.2 387.4 387.5 387.5 388.3 394.7 399.6 404.7 408.7 410.1 413.6 415.7 418.9 421.6 420.7 419.1 432.4 438.8 443.9 447 450.3 450.7 450.8 449.4 444.4 438.3 432.8 426.5
475.3 479.3 485.4 489.6 492.6 495.4 488.6 479.7 471.2 461.9 453.1 445.9 438.5 432.3 428 417.6 423 427.4 428.7 428.3 429.2 432.3 436.2 433.6 434 430.5 421.8 420.7 411.2 409.9 407.6 409.6 411.3 409.6 407.4 406.8 401.2 403.5 401.5 407.8 414.6 416.7 417.3 418.1 418.3 417.6 414.5 411.2 406 395.3 387.4 386.4 386.5 386.9 387.6 387.6 390.8 394.4 399.5 403.1 406.9 409.8 412.3 413.3 412.7 418.1 426.2 431.2 436.6 439.9 440.2 441.7 442.5 442.2 437.8 432.6 427.3 421.1
488.6 494 498.5 500.7 503.2 503.6 498.2 489.7 479.8 467.3 459.5 451.1 443.1 436 431.5 420.2 432.1 433.9 437.2 438.2 441.4 442.7 443.8 444.3 443.8 441.4 433.1 424.8 420.5 418.8 414.1 415.2 415.5 414.1 412.1 411.6 402.7 402.7 404.4 405.1 409.9 412.6 413.9 414.8 413.8 413.3 412.7 410.2 406.4 402.7 394.1 384.9 387.5 387.2 387.2 388 389.2 391.9 393.3 396.9 399.9 402.9 404.8 408.4 410.9 413.5 419.3 422.7 426.8 429.3 430.5 431.8 432.6 435.6 432.2 427.7 421.6 415.9
500.4 506.7 510.1 511.6 509.8 510.2 503.8 494.8 483.9 471.3 461.9 454 444.7 438.2 429.6 434.2 441.3 442.9 444.3 446.9 450 450.3 451 452.4 451.7 449.5 443.4 434.9 430.1 424 422 420.9 419.2 416.8 414 409.5 403.2 403.3 403.3 406.7 407.8 409.5 410.7 411.2 410.2 411.4 411.5 409.5 405.9 400.6 396.2 388 385.6 386.2 386.1 385.4 388.5 391.1 393.4 398.5 400.2 403.8 406.1 407.9 409.7 411.9 414.1 414.8 418 420.9 421.9 424.2 426.5 429.3 426.1 421.5 415.5 411.5
514.5 518.5 521.6 521.2 518.8 513.7 505.6 496.8 484.8 473.7 464.4 453.3 444.9 434.5 436.3 444.4 447.6 450.8 450.5 452.7 453.5 454 456.7 457.9 454.1 453.3 448.2 441.6 435.3 428 427.8 424.6 421 418.1 408.7 404 403.8 403.7 404.8 409.3 408.6 408.5 408.2 407.2 408.7 408.8 408.9 406.5 404.4 402.1 395.5 386.4 384.9 384.9 385.1 386 388.5 390.8 395.1 399.1 403.2 405.7 408.2 409 408.3 409.7 409.9 408.6 411.2 414.1 416.2 418 419.5 425 423.4 418.5 411.8 407
529.8 532.3 531.8 530.6 524.6 515.3 506.6 496.2 484.6 474.2 463.4 451.7 442.8 446.7 448.6 450.6 453.3 455 454.8 457 458.7 459.3 460.7 462.4 460.6 454.6 451.5 445.4 438.7 433.9 432.8 430 423.3 411 405.7 405.1 405.9 411.6 410.4 409.6 408.9 408.5 407.1 406.2 405.4 405.5 406.3 404 401.4 403.3 396.3 391.9 384.9 383.2 384.9 386.2 386.7 396.8 399.8 404.4 408.3 408.9 409 411.9 409.2 407.6 407.3 407.1 406.4 407.7 410.1 411.5 412.5 415.6 415.8 415 407.4 404.1
543 542.3 539.9 534.9 529 517.3 506 495.2 482.1 472.9 462.2 450.5 454.9 454.2 454.9 456.4 456.9 458.6 460 459.7 463.2 464.2 465 466.8 462 455.6 452.1 447.3 441.5 437.8 432.9 426.1 414.3 406.2 406.3 411.3 417.4 415.8 411.3 410.3 410.3 410.6 408.3 407.2 405.3 404.3 403.3 400.5 399.8 397 391.8 394.5 386.3 384.7 383.8 384.8 385.1 399.6 404.9 407.7 413.4 415 412.7 411.3 410.8 410.5 407.8 407 406.2 405.4 406.6 407 408 408.1 408.8 407.9 404.3 398.9
553.5 550.3 544.5 538.1 530.6 517.8 505 491.4 481.2 472.6 463.8 458.9 461.3 459.9 461.8 461.4 460.4 463.5 464.5 466.9 467.4 470 471.3 470.9 463.1 455.5 450.8 448 443.9 440.3 433 415.2 406.6 408.3 413.9 423 424.3 420.6 419.5 418.7 420 417.7 413.2 411.8 408 404.9 401 398.5 396.6 393.4 390.3 391.8 386.8 383.4 384.4 384.5 384.9 397.6 410.2 416.9 414.6 417.8 416.2 413.7 414.9 411.6 407.9 407.1 405.7 404.7 403.8 404 403.8 402.2 400.5 399.8 397.2 393
560.4 555.5 546.4 538.7 529 517.8 502.6 492.4 481.7 473.3 464.2 466.2 468.9 469.1 467.8 468.7 467.9 469.4 470.6 471.8 472.8 473.5 472.5 468.6 461.1 457.4 450.5 447.5 444.3 438.7 427.9 410.9 410.5 420.3 428 433 436.2 435.9 432.1 430.8 431.6 427.3 422.2 417.7 411.7 407.7 403.5 400.8 400.3 395.4 390.4 387.6 383.4 383.9 383.6 384.3 386.9 399.9 412.5 419.4 420.2 416.6 419.2 418 417.1 414.3 411.1 407.5 405.7 403.3 402.3 402.7 400.7 398.8 397.6 395.9 393.4 390.7
563.4 556.3 546.5 538.2 528.7 517.5 504.4 495.4 485 475.9 466 473.5 478.1 478.7 476.5 476.7 475.3 474.4 475.4 476.1 476.7 475.4 473 467.2 461.4 457.6 453.1 448 442.7 435.9 423.3 408.9 421.2 430.5 435.8 441 447.5 450.1 449.2 448.8 446.4 441.3 432.3 424.1 414.7 410.7 405.8 404.8 403.2 398.1 389.5 383.8 382.9 383.4 383.8 384.1 397.4 407.8 412.4 419.5 422.7 420.2 418.7 418.8 413.7 412.1 409.3 405.3 402.7 400.5 400.3 398.4 396.9 395.5 394 392.8 391.3 389.2
563.5 554.9 545.9 537.4 527 515.4 506 496.9 487.6 478.7 474.9 479.3 485.8 487.1 484.4 483.5 480.7 477.8 480.3 479 478.1 476.1 471.8 465.1 461.2 456 449.9 444.7 438.9 429.2 418.8 409.8 425 436.6 443.9 449.1 455.6 463.8 465.3 465.9 462.1 457.7 446 432.5 420.2 415.1 409.3 405.6 400.6 393 386.5 382.8 382.8 384.8 387.2 396.2 406.2 411.9 414.6 418.6 421.1 424 420.1 415.2 414.3 410.8 408.6 405.7 403.8 402.5 401.1 398.3 395 392.7 390.7 389.6 388.2 386.4
563.3 554.2 545 536.7 526.3 516.5 508.5 499.7 489.4 482.6 480.5 488.5 490.1 492.5 488.9 488.8 487.4 485.8 484.3 481.8 479.5 475.8 470.2 463.3 458.7 453 446.9 441.9 438.4 433.3 416.6 410.1 429.5 442.1 451.8 458.9 465.5 474.5 480.1 480.8 478.7 470.4 457.5 441.5 426.4 418.7 411.3 406.8 402.1 393.6 382.6 381.4 382.4 387 401.5 409.2 410 414.8 416.6 418.5 418.6 421.3 422.7 420.1 419 414.1 410.7 406.7 402.4 401.2 400.6 396.8 393.9 391.8 391.3 389.8 387.8 387
564.6 551.5 544.6 538.9 530.4 519.3 510.8 502.8 492.3 487.1 488.9 493.5 495.1 495.8 494.6 493.7 492.3 490.1 487.2 484.4 482.4 477.5 468 461.2 456.7 450 444.6 438.6 433.6 424.1 415.4 411.9 433.5 445.4 457.5 469.8 479.1 488.2 491.6 490.6 486.5 477.6 464.8 449.5 433.1 422.6 414.7 408.8 402.9 393.4 380.3 381.8 382 387.3 401.3 409.5 412.6 415.3 415.9 417.4 417.8 417.5 418.1 418.1 418.1 416.9 412.1 407.5 404.3 401.8 399.4 395 395.1 393.3 391.7 390.8 389.7 387.9
565 552.8 546.4 541.1 532.8 523.3 515.2 507.4 497.6 492.7 494.9 499.7 500.8 501 500.9 497 497.2 494.6 490.1 485.7 483.6 475.9 466.7 459.6 454.1 448.9 442.3 442.1 437.3 432.5 418.3 413.4 431.4 446.8 458.4 471.3 485.7 496.2 500.1 499.6 492.4 482.6 468.9 453 437 426 418.3 410.5 402.5 396 380.3 381.5 381.5 388.3 401.9 412 416.4 411.8 411.6 412.8 413.5 414.9 417 413.8 413.3 415 414 412.6 405.3 398.7 398.2 400.8 397.7 396.2 394.6 391.7 390.3 389.1
