public/OST50/NJ20.asc
ncols 200
nrows 200
xllcorner 320000
yllcorner 800000
cellsize 50
[rows 105 to 139 of 200, columns 78 to 155 of 200]
734.5 729.9 725.7 721.1 717.4 712.3 705.7 698.1 705.4 711.2 715.3 717.2 715 711.8 711.3 707.4 696.4 676.2 657 644.5 631.7 623.7 616.9 606.3 595.2 583.9 573.7 566.2 570.9 574 579.6 580.7 589 593.4 598.8 601.7 608.1 616.2 622.9 622.1 623.8 628.7 632.4 632.7 632.7 636.5 639.8 640.7 644.4 649.4 653.2 658.1 660.2 661.6 660.1 656.7 653.7 650.5 649 647.3 648.9 650.6 655.4 660.9 666.4 671.4 675 676.2 675.6 673 666 660.4 655.5 651.6 649.4 647.7 645.8 644.4
742.4 738 734.1 730.6 724.9 719 713 711.8 716.7 723.2 727.4 729.2 729.2 728.3 725.5 718.8 704.3 684.3 666.5 651.8 633.4 620.9 612.4 600 588.9 578.4 569.1 562.2 562.1 564.3 568.2 572.5 578.9 584.5 590.9 596.9 601.3 607.2 613.7 614.7 619.1 622.1 623.4 624.1 624.4 625.5 627.7 631.1 635.9 641.7 645.7 650 652.5 653.5 651.5 646.6 644.4 641.8 641 640.4 642.7 646.5 653.9 663.9 670.9 675.5 680.4 682.7 681 678.4 674.1 670.3 665.6 660.3 657.2 655 650.6 648
743 737.7 735.1 733.1 728.7 724.6 719.2 721.1 726.4 731 735.1 738.1 739.5 737.9 734.3 725 711.6 689.6 673.5 654.7 634.5 618 606.4 593.8 583.8 572.6 564.6 558.2 556 558.7 562.5 569.2 575.7 581.1 587 591.8 596.5 601.5 605.6 608.2 611.7 614.8 614.3 615.6 617 620 622 625.2 629.7 634.9 639.3 642.1 644.6 643.9 641.3 634.9 632.8 631.7 631.7 633 635.3 641.8 652.9 666.9 675.6 681.4 686.5 689.1 688.6 683.4 677.4 673.8 667 662.8 661.3 658.7 654.5 652.8
738.4 736.1 733.6 731.1 727.6 724.7 724 725.5 731.3 735 739.8 743.5 746 743.1 739.2 727.3 712.1 693 672.9 653 631.7 614.4 599.5 588.4 577.3 568.9 562.1 554.5 548.5 554.2 557.9 565 571.9 576.9 582.8 587.3 591.8 595.7 598.8 602.5 605.7 607.9 609.1 611 612 614.8 616.3 621.5 625.8 628.9 631.8 632.8 634.3 632.9 629.1 625.8 620.9 615.6 616 619.8 625.2 635.7 649.4 667.3 677.4 686.8 691.2 691.4 690.5 683.5 677.6 670.2 664.4 660.1 658.7 657.6 657.1 654.8
732.8 730.7 728.2 726.8 725.2 724.4 723.6 727.2 731.3 735.9 739.9 743.3 743.1 738.3 730.7 723.4 709.1 693.1 673.6 649.3 625.8 605.4 590.5 580.5 572.1 563.6 555.7 547.1 544.7 548.3 551.5 559.5 565.8 572.2 578 582.9 588.2 591.4 593.5 597.9 602.7 605.6 605.3 606.6 606.3 609 612.9 617.2 622.5 625.9 627.2 627 625.7 623.5 617.6 609.3 605.1 603.2 603.8 610 620.2 630.2 643.4 660.8 672.8 681.7 688.8 685.9 681.2 676.4 670.6 664.1 658.2 655.5 654.6 653.8 652.5 650.7
724.3 722.4 720.9 719.7 719.3 718.5 720 723.8 727.6 731.4 734.5 735.1 732.7 728 721.9 715.1 702.9 689.3 670.3 646.5 620.6 596.1 582.6 572.8 563.6 557.3 548.5 543.8 538.7 543.2 547.9 552.6 559.3 566.9 572.8 578.4 583.4 587.5 589.4 594 599.1 601.1 601.8 601.5 601.8 604 607.3 612.8 617.8 620.2 622.2 622.2 619.8 613 606.8 601.6 595.8 595.5 599.1 604.7 614.1 625.9 639.4 651.9 663.3 674 677.1 674 670.2 665.9 659.9 653.6 648.8 647.2 648.1 648.1 647 645.5
714.4 711.8 710.8 709.8 709.9 710.9 713.1 716.8 720.6 724.8 726.2 723.4 720.4 716.4 711.4 704.6 694.9 683.1 666.7 641.4 619.3 597 577.4 564.4 558 549.7 543.8 540.2 534.7 538.4 542.4 547.7 553.1 561.1 567.5 573.7 578.2 582.3 585.4 590.1 593.9 595.8 595.8 595.6 595.3 597.1 600.2 605 610.8 613.7 614.6 611.7 608.8 604.5 599.9 593.2 590.5 588.5 594.8 601.5 609.1 619.6 631.6 644 652.3 658.8 661.1 659.9 656.4 651.3 642.5 635.8 634.7 636.7 639.2 640 640.3 642.1
701.8 699.9 698.1 698 698.4 699.1 702 706.4 711.3 714.4 714.7 712.9 709 704.9 699.2 693.6 685.6 674 658.9 635.6 616 591.1 572 558.8 550.8 543.3 539.6 535.9 531.6 533.8 536.1 541.1 548.5 556.2 562.3 569 573.6 577.1 579.3 583.1 586.5 588.2 588.3 588.5 590.1 591.1 592.8 596.9 601.6 605.2 604.2 604 601.1 597.3 593 585.9 585 584.9 589.6 596 602.9 611.9 623 634.7 641.7 645.8 646.7 644.4 640.1 632.1 622.9 618.9 618.5 620.6 626.9 631.8 635.8 638.9
690.7 683.6 681.4 682.9 683.7 684.8 687.4 695.7 698.8 700.8 701.9 700.4 697.1 691.6 685.1 681.1 673.3 663.9 648.5 628.8 610.2 585.4 565.5 553.3 545.7 540.1 535.3 530.6 527.3 530.5 533.3 537.5 543.8 551.2 558.8 565.8 569.9 572 573.2 575.7 578.5 580.7 581 580.4 582.7 584.5 586.2 588.5 592.6 594.5 595.7 595.7 592.5 590.1 585.1 580.8 578.2 580 583.5 589.1 595.4 603.5 614.3 623.5 629 631.1 629.9 626.1 620.5 614.5 610.9 608.7 609.6 612.8 618.3 626.1 631.8 637.2
670.9 669 668.4 668.5 668.7 670.3 672.5 676.6 684.7 687.2 686.7 686.3 683.6 678.9 671.6 666.8 661.2 652.8 639.5 623.8 603.8 578.7 558.8 548 541.2 536 531.1 526.7 524.1 527 529.3 534.1 540 546.4 553.1 560.6 566 568.3 569.4 570.9 571.5 572.1 573.8 573.1 572.7 573 575.9 579.4 582.7 583.6 584.5 582.9 583.1 580.7 577.5 574.8 571.5 572.5 575.8 582.3 588.1 594.9 603.4 611 614.3 613.7 612.6 611.4 607.1 602.6 601 600.8 603 608.7 615.8 622.7 629.5 636.3
661.8 650.4 647.9 651.2 653.2 655.5 657.4 661.1 665.4 669.2 669.7 666.7 666.7 661.3 655 651 648.9 641.7 630.1 614.2 593.7 569.7 552.1 542.4 536.3 531.6 527.6 524.5 520.4 523.8 525.5 529.4 535 541.4 549.2 557.1 562.2 564.3 566.1 566 565.5 565.4 565.6 565.1 564.8 565.7 567.6 569.3 570.2 570.7 572 572.2 573.3 573.2 570.7 567.4 563.2 565.4 568 573.7 580.7 587.5 593.9 598.7 603.1 604.2 603.7 598 596.2 594.8 593.7 594.4 597.9 604.4 612.9 620.4 628.8 637
653.4 640 635.8 635.3 632.4 631.7 639.2 644.2 645.6 648.8 648.4 646.8 646.5 644.8 641.6 639.2 636.3 629.8 619.8 604.5 585.8 561.1 546.6 536.4 531.7 526.8 523.6 521.2 515.2 520.8 522.9 527.5 532.4 538.5 546.5 552.8 558 560.6 562.5 562 560.8 559.6 559.8 560.2 558.9 560.2 560.7 560.9 560.9 561.7 562.8 563.4 564 562.8 559.4 556.9 554.3 556.8 561.6 565.7 571.3 578.7 585.2 590.5 593.6 595.7 593.3 591.4 589.7 588.2 587.5 587.3 591.9 598.8 608.8 618.2 631.3 639.2
641.9 629.8 623.6 621 618 618.5 620.4 624.1 626.7 628.6 628.4 629 627.9 624.2 622.9 622.1 620.6 615.8 607.1 592.8 573.1 551.7 540.2 531.5 526.7 522.5 519 516.7 513.2 517.8 520.5 525.5 530.9 535.9 543 549.8 553.5 557.1 558.6 558 557 556.7 556.4 556.6 554.6 554.3 553.4 551.4 551.4 551.6 552.8 552.3 552.3 548.6 547.7 544.7 544.9 548.2 554.3 558 564 569.3 575.9 581.5 586.5 588.3 586.6 585.3 583.6 581.3 580.6 581.1 586.4 594.3 605.6 617.3 631.6 641
633 619.8 610.8 605.6 604.8 606.2 606.2 606.8 609.3 609.3 609.2 607.7 602.2 602.5 604.5 604.7 603.7 600.6 592.4 579.3 560.3 542.8 532.5 526.6 522 518.2 514.6 512.5 512.4 515.8 519.1 524.7 530.1 534.2 538.6 544.4 549.7 553.4 554.7 554.2 554.2 554.5 554.8 553.6 551.9 548.3 546.1 543.4 541.2 537.7 537.1 537.6 536.9 537.9 536.6 535.4 535.5 538.1 544.3 548.8 553.3 559.7 564.6 570.9 577.8 579.2 579.6 578.4 576.2 574.4 573.7 576.3 581.4 590.1 602.1 615.6 629.8 641
622.8 611.3 601.2 587.7 592.6 591.7 589.8 591.2 592.1 591.9 591 584.8 584.2 586.5 588.1 587.7 586.1 581.8 574.6 563 546.3 534.1 525.7 520.8 517.4 513.2 511.2 508.9 509.5 513.8 517.4 522.9 528.9 532.9 536.4 540.5 545.4 549.2 549.7 551.3 552.5 553.5 554.2 552.9 550.1 545.8 535.9 533.8 530.8 529 527 524.8 525 524.7 525.9 526.6 527.4 531.1 536.1 541.6 545.9 552.2 556.8 562.4 567 570.4 571.9 570.6 569.1 567.8 567.6 571.9 577.7 585.7 597.6 612.5 626.7 639
611.6 601.3 592.2 585.4 574.4 575.9 577.1 578.3 577.2 573.7 570.4 570.1 571.3 572.8 572.8 572.7 570.9 565.2 555.9 545.7 533.8 524.3 518.4 515 511.2 510.1 508.2 504.7 507.5 511.2 515.2 522 528.2 532.4 535.2 538 542 545 547.2 547.8 550.7 552.9 554.2 553.7 552.2 547.9 542.1 531.5 522.8 521.8 520.7 519.3 519.5 519.3 519.1 518.9 517.6 522.9 526.8 531.2 536.5 540.6 547.8 553.4 556.8 561.7 562.7 563 559.5 560 562.1 567.7 574.3 583.6 595 607 621.9 630.1
601.7 592.3 585 576 566.3 565.3 566 564 560.1 559 560.4 560.1 560.1 560.5 559.5 557.9 554.7 547.6 540 530.6 523.5 518.3 512.8 510.5 508.8 507.7 505 501.6 505.4 508.6 513.3 521.4 527.5 532.4 535.8 538.9 541.3 543.9 545.4 545.8 550.3 553.6 555.3 556.6 557 551.9 545.2 536.8 528.3 522.1 512.6 512 512.4 512.6 512 511.2 512.2 515.5 519.7 523.8 527.9 530.1 534.8 541.2 546.3 549.5 552.3 553.6 552.2 553.2 557.9 564.6 572 581.5 592.1 602.9 615.7 618.1
591.3 582.5 572.9 563.6 557.7 554.1 553.6 552.2 551.7 551.4 550.6 551 550.2 549.3 547.6 544.4 541.5 534.9 527.2 523.1 518.9 513.5 509.9 506.4 504.4 501.7 500.6 499.4 504.1 508 513.9 522.7 528.6 532.5 536.2 538.9 541.4 543.2 545.4 547.2 551.2 554.8 558.2 560.9 561.4 557.9 551.4 541.3 532.8 524.1 516 506.9 501.6 504.1 504.6 503.8 505.5 507.9 511.6 516.1 519.3 522.4 526 531.1 536 540.2 542.2 543.6 544.5 546.6 553 560 568 577.6 588.5 599.1 606.7 606
578.3 570.4 561.7 555.2 549.9 546.5 544.8 544.6 543.9 543.8 543 542.1 539.2 538.1 535.4 533.2 529.7 525.2 521.9 517 512.4 508.3 504.8 501.6 499.3 498.1 495.4 500.3 503.6 508.9 515.3 525 529.7 534.7 537.5 538.6 541.9 543.5 545.3 547.2 552.5 557.7 561.9 565.5 566 563 558 549.9 537.1 526 518.3 511.2 501.5 496 496.5 497.1 498.8 501.1 503.4 507 511.1 515.7 518.8 521 523.9 527.7 531 530.7 533.9 538.1 546.6 553.2 562.3 572.7 583.8 592.3 597.7 595.2
568.7 560.4 554.3 548.5 544.9 540.6 538.5 537.2 536.7 536.5 535.7 533.2 533.4 531.8 529.2 526.4 523.2 519.9 515.2 510.1 506.8 502.7 499.3 497.6 495.9 494.9 494 499.6 503.4 509.1 518.6 526.5 531.8 536 538 540.7 542.6 544 545.4 548.3 554.3 560.8 565.7 569.2 570.4 567.9 564.2 556.9 546.4 531.9 523.2 515.5 507.4 497.9 490.9 492.4 491.6 493.4 496.4 498.8 502.3 506 509.2 511.7 514.6 516.6 519.8 521.6 523.5 531.5 538.6 545.6 555 564.5 575.9 584.8 589.4 585.1
557 551.9 547.3 543.5 541.2 536.7 533.5 532.7 532.4 531.8 529.2 528.2 527.4 524.9 521.4 518.4 515.3 513.2 509.4 505.3 501 497.3 493.6 492.4 492.4 490.5 494.6 497.9 503.8 511.6 520.6 529.4 534.2 536.8 538.6 541.2 542.8 543.6 545.5 549.6 556.4 562.9 569.1 572.2 573.5 572 569.1 563.3 553.6 540.2 527.4 518.8 511.3 504.6 496.5 485.8 485 484.2 487.5 489.8 493.6 496.5 498.9 503 505.7 508.4 510 511.1 516.3 524.2 530.5 538.9 546.7 554.8 564.9 574.5 579.9 577.9
552.2 546.3 541.1 537 533.3 531.3 528.6 527.5 527.5 525.8 523.5 522 521 518.5 516.5 513.7 510.1 506.7 502.3 500 496 492.4 489.4 489.8 489.6 490.7 494.3 497.9 504.5 514.5 525.1 532.5 535.4 536.6 537.7 539.7 541.4 543 546.6 551 558.1 564.7 570.4 574.4 577.1 576.4 572.9 567.5 558.6 548.4 535.3 523.7 516 510.2 503.2 496 487 478.7 478.5 481.9 483.8 483.5 486.3 490.6 492.1 493.1 497.3 500.5 509.4 516 523.2 532.3 537.8 546 554.6 564.2 570.9 572.2
550.3 542.7 537.4 532.8 529.6 527.5 524.6 522.9 522.3 520.8 518.6 517.1 516.2 514 510.8 507.3 503.8 501 498.5 495 491.3 488.8 487.7 487.7 486.4 489.1 492.2 497.6 507.1 519.6 529.6 533.5 534.7 535.5 536.4 537.4 539.8 543.4 547.7 552.9 558.9 565.4 571.3 575.4 579.4 579.3 575.6 569.7 561.8 553 543.4 532.8 521.3 515.3 508.2 501.7 494.1 485.9 473.5 472.5 475.4 476.3 478.1 479.4 481.5 484.5 488.3 495.6 503.2 510.2 517.1 524 529.2 536.6 543.3 552.1 561 565.2
546.4 538.3 532.9 528.8 525.7 522.2 521.1 518.2 517.5 515.7 513.2 511.5 510 507.3 504.3 501.8 499.4 496.1 492.9 489.5 487.7 485.8 484.1 485.2 484.4 488.6 492.5 500.5 511.7 523.3 530.6 532.5 531.8 532 534.3 535.5 538.4 542.4 547.3 553.6 560 565.5 571.2 576.4 579.6 580.7 576.6 569.9 562 553.9 546.5 538 528 517.7 510.4 503.7 497.3 490.4 482 467.8 469.9 471 471.9 473.7 474.9 477.5 481.3 489.8 496.4 504.2 510.1 516.6 522.3 526.4 534.8 542.3 549.7 554.5
536.5 532.9 527.5 525.8 523.2 520.3 518.3 516.4 513.1 511.6 509.6 507.8 505 502 500.2 498.1 495.4 492.6 488.6 485.6 483.9 483 482.2 482.8 484.4 487.7 493.8 504.8 513.5 522.4 527.2 528.9 528.6 529.4 531.3 532.8 536.2 539.9 546.2 553.8 560.1 564.5 569.4 574.9 578.5 579.2 575.7 568.2 560.9 553.1 546 537.3 529.1 520.7 512.4 503.8 497.4 491.4 484 475.2 461.2 464.6 465.8 466.7 469.4 472.2 475.7 483.9 489.9 496.9 504.1 509 516.6 520.3 526 532.1 535 539.7
532.1 529.4 525.9 522.5 520 518 516 514.2 510.6 508.3 506.9 504.3 501.7 499 496.2 494.4 492.5 490 486.6 483 481.2 480.7 480.7 479.7 483 487.9 494.1 503.9 511.3 519.6 523.7 524.8 526.2 526.5 528.4 529.3 532.2 537.3 543.5 550.9 557.6 562 566.6 571.7 575.1 575.2 571.7 566.1 558.8 550.7 543.1 534.1 527.5 520.1 511.1 501 496 490 482.7 475.5 465.2 457 459.7 461.5 463.8 466.6 470.8 478.6 485.3 491.2 496.8 503 510.1 514.4 518.9 521.9 523.8 525.9
535.3 532 527.9 524.1 520.8 517.6 514.1 509.4 510.1 507.9 503.1 501.7 498.3 496.4 494.1 491.3 489.5 486.5 483.6 481.1 478 477.5 478.3 477.8 481.9 486.8 492.9 501.5 509.1 514.7 518.6 521 523 524 525.3 526.6 529.3 534.2 540.1 547 553.4 558.5 563.6 568.6 571.6 570.3 566.5 560.4 553.8 546.3 538.1 530.6 523.8 516.4 506.2 498.4 491.6 485.1 478.1 472.7 464.8 458.3 451.3 456.8 459.3 461.2 465.8 472.6 480 486.8 492.9 498.2 503.6 508.4 512 515 516.7 518.5
538.2 535.2 531.7 526.7 522 518.4 513.8 510.1 505.6 506.1 503.4 499.8 497 494.8 492.6 489.1 486.1 484.6 481.8 478.8 476.3 475.7 476.1 474.6 478.8 484.1 490.5 497.6 505 510.8 513.7 516.4 517.9 519.3 521.7 522.6 523.9 528.8 535.5 542 547.6 553 559.2 564.9 566.1 563.4 559.1 553.4 546.8 539.9 531.1 524.3 517.6 508.7 498.3 489.7 483.8 480 476.6 469.6 463 456.7 446.8 451.2 455 456.3 462 467.8 475.8 482.2 487.8 492.4 498.6 502 506.5 508.6 511.1 512.3
542.2 538.2 534.7 531.3 527 523 515.9 512 509.1 505.2 501 495.8 496 494.2 491.5 488.2 485.3 482.3 480.8 477.3 474.8 473.7 473.6 474.6 477.5 481.8 489.2 494.8 500.6 505.3 509.8 512.4 514.4 516.1 516.9 518.9 520.6 522.2 529.6 536.9 541.4 547 553.1 558.6 558 554.3 549.6 544.2 536.9 527.7 520.9 515.7 508.2 497.4 490.2 485.2 479.2 474.9 469 466.8 460.6 454.6 449.5 442.7 450.5 453.5 457.6 464.8 472.4 477.8 483.9 488.8 493 496.5 499.8 502.6 505.4 506.4
545.5 542 537.2 533 530.7 526.4 516.7 512.1 509.7 507.4 504 499.9 496.4 492.3 488 484.6 484.3 480.9 477.9 475 472.9 471.3 471.9 473.4 475.5 480.1 487.1 490.9 495.4 500.3 503.9 507.8 509.2 510.6 512.4 514.8 516.7 518.8 524.3 530.5 536.1 540.3 545.9 550.3 548.5 544.6 539.4 534.6 526.8 518.8 514.3 508.6 501.3 488.5 479.8 476.3 472.1 468.3 465.5 461.7 457.1 452.2 446.7 440.6 446.3 451.2 455.3 460.9 467.8 473.7 479.7 485.5 488.2 491.7 494.6 496.8 498.3 499.4
546.8 542.9 538.6 533.6 531.2 527.9 518.9 511.7 509.8 508.5 504.4 499.9 496.6 493.9 490.2 485.9 481.9 478.8 475.7 471.7 470.6 469.5 467.8 472 474.4 477.2 481.7 487.4 492.1 496.7 500 503.2 504.7 505.9 507.7 509.6 511.7 514 518.1 524.1 528.6 532.7 537.9 538.9 538.2 534.5 529.8 525.5 519.6 515.2 508.8 501.2 491.2 481.7 475.1 470.5 466.6 463.3 460.2 456.7 453.9 449.9 443.4 437.5 440.9 447.4 452.4 457.6 463.6 469.2 475.2 480.6 484.7 488.3 490.7 492.6 493.7 495.4
546.6 542.4 537.7 533.2 529 526.1 519.5 512.3 510.3 508.4 503.9 500.2 497.2 493.5 489.4 485 479.9 476.4 474.3 471.4 466.8 463.3 468.9 470.9 472.9 475.8 480 485.1 490.2 493.7 496.9 500.2 501.5 501.9 503.2 506.3 508.6 509.1 512.2 519 523.8 526.9 529.6 530.1 528.5 526.6 523.5 520 516.1 511.5 502 496.1 487.9 476.5 469.1 464.8 461.3 458.2 454.6 451.2 449.8 446.7 439.9 431.7 437.4 443.3 449.2 453.8 458.6 464.2 470 475.3 480 483.9 486.7 488.9 489.7 491.4
544.6 540.5 535.6 531 526.6 522.2 517.2 512.5 510.1 507.5 503.8 500.8 497.4 493.1 488.6 483.3 478.8 475.9 474 470.9 466.3 461.3 467.4 468.4 471.2 474.4 479.2 483.5 488.6 492.2 495.8 498.2 498.9 498.6 499.3 502.3 503.4 505.1 507.5 514 517.9 520.3 522.8 522 522.1 520.5 518.5 516.4 513.7 508.2 500.6 492.4 485.5 474.1 465.5 461.8 455.8 452.7 449.7 446.8 444.5 442.5 438 432.4 433.3 440.7 446 449.7 456.5 460.9 466.2 471.4 476.1 480.3 482.4 485.4 485.8 487
541.1 537.2 532.6 528.8 524.7 520.2 515.4 512 509.3 506.4 503.6 500.8 497.5 492.7 487.6 482.6 478.5 475.4 472.6 470.4 460.6 460.6 465.5 466.9 469.7 474.1 478.2 482.9 488 492.4 495 495.4 495.5 495.8 495.9 497.2 498.8 501.4 502.9 507.8 511.8 514.5 515.7 516.6 516.8 516.3 516.1 515.3 512.4 506.8 500.6 491.3 482.9 470.4 460.2 454.7 450.5 447.6 444.7 441.8 439.1 437.1 434.4 430.1 426.3 438 442.4 446 452.9 458.8 462.4 467 471 475.3 477.9 473.7 477.3 480.8
537.7 533.8 530.1 526.6 522.7 518.3 512.8 510.4 508.4 505.2 502.4 499.9 496.8 490.9 486.1 482 478 475 471.3 468.7 459.5 459.1 463.9 465.4 468.3 472.1 478.6 483.5 488.7 492.2 493.4 493.4 492.6 492.8 493.8 494 494.7 497.5 498.3 502 506.5 509.3 510.6 511.2 512.1 512.8 513.7 514.5 511.7 506.5 498.5 487.3 476.6 464.2 456.2 450.2 446.4 442.6 439.7 436.9 434.1 430.6 428 424.3 428.3 433.7 438.3 443.1 449.5 454.4 458.7 462.5 465.9 470 467 476.7 484.3 489.1
