public/OST50/NJ21.asc
ncols 200
nrows 200
xllcorner 320000
yllcorner 810000
cellsize 50
[rows 0 to 34 of 200, columns 78 to 155 of 200]
378 376.9 376.5 375.7 375.7 375.6 375.5 374.8 374.9 375 375.1 376.5 377.5 377.1 376.4 375.5 373.3 370.2 368.8 372 374.2 376.2 378.1 379.9 381.7 384.3 386.7 388.9 391.4 394.5 400.8 407.9 414.7 421 427.9 434.8 442.5 451.1 458.1 465.5 473.9 481 487.8 496.6 510.8 518.3 522.9 522.1 507.5 491.5 474.1 455.4 443.6 463.4 475.1 489 504.4 518.8 524.7 530.8 536.3 542.4 547.9 553.9 560.1 560.8 555.3 546.5 531 508.2 484.9 481.9 500.9 523.1 543.5 562.8 584 604.2
381.3 379.8 379.2 378.2 377.5 377.5 376.8 376.2 376.2 376.2 376.9 377.5 378.4 378.2 378 377 373.3 370.4 371.4 373.8 375.8 377.7 379.5 381.2 382.8 384.4 386.8 389.4 392.4 396.3 402.4 409.3 416.2 423.4 430.3 437.6 446 454.2 461.3 468.6 477.5 485.3 491.5 499.9 516 521.5 525.9 521.3 505.8 483.7 470.8 454.3 455.5 474.2 485.2 499.7 518.2 532.6 540.2 548.8 552.6 559.5 563.2 570.3 575.8 576.4 571.7 560.4 541.9 519.4 499.3 484.2 499 521.8 542.6 562 582.5 602.7
384.4 383 381.7 380.5 379.7 378.7 378 378.1 377.5 378.2 378.7 379.2 379.1 378.7 378.1 378 372.6 372.2 373.4 375.3 377.6 379.1 380.6 382.4 384 385.6 387.9 390.8 393.9 398.9 403.7 410.7 417.5 424.6 431.9 439.4 448.4 455.9 463.4 471.5 481 488.9 495.6 506.6 517.8 524 523.7 517.9 499.5 485.7 465.8 455 465.6 479.9 494.2 512.2 528.9 542.7 554.1 564.2 571 575.9 580.3 585.2 590.1 591.5 586.1 573.8 552.6 532.8 513.7 498.9 493.6 516.6 539.1 559.5 579.2 599.3
387.7 386.2 384 382.3 381.2 380 379.1 378.4 379.9 380.1 380.3 381.1 380.5 379 377.8 376.6 373.4 373.9 375.3 376.8 378.7 380.1 381.5 383.3 385.1 387 389.5 392.3 395.6 400.5 405.7 411.8 418.4 425.5 432.7 440.6 448.6 456.9 465.1 474.1 483.3 491.4 499.1 507.8 518.8 524.4 522.6 514.4 498.2 482.2 463.7 458 475.5 490.1 507.1 521.4 537.8 552.3 565.2 575.1 585.6 591.1 595.3 599.4 603.8 604.9 600 587 564.9 546.5 531 520 502.8 506 530.1 550.8 571.5 592.5
390.9 388.9 386.3 384.1 382.5 382.1 381.9 382.3 382.3 382.4 382 381.7 381.1 379.3 377.8 374.4 374.7 376 377 377.8 379.8 381.2 382.5 384.4 386.2 388.5 391.2 394.3 397.3 402.1 406.9 412.3 418 426 433 440.7 448.6 457.9 467 476.2 485.3 493.2 500.8 512.4 521.8 525.7 523.6 512.1 499.7 483.4 465.9 464.7 483.4 499.2 514.8 531.3 545.9 561.5 575.6 589.5 600.5 605.2 609.5 614.5 618.3 619.4 614.3 602.6 582.1 565.5 554.2 541.5 524.5 506.4 515.4 538 561.6 582.5
394.2 391.4 389 387 385.1 384.3 384.7 384 383.5 383.7 383.2 382.7 381.6 380.1 376.5 375.5 376.1 377.6 378.6 379.9 380.8 382.4 384.3 385.5 387.4 390 392.8 396.2 399.8 403.7 408.2 414 420 426.5 433.5 440.5 448.9 457.6 466.5 473.5 485.4 495.7 506.3 516.6 524.5 527.5 527.5 513 499.9 486.1 471.8 470.1 487.8 505 521.7 538.8 553.7 572 588.6 602.8 614.5 619.1 623.6 629.7 633.5 634.9 630.8 619.1 602.1 590.2 576.5 561.6 544.9 527.4 512.6 524 549.8 571.9
397.4 394.4 392.5 391 389 387.4 387 386.3 385.2 384.5 384.3 383.4 382.2 381 377 377.1 377.8 378.4 380.1 381.4 382.6 383.6 384.8 386.7 388.7 391.6 394.9 398.6 402.2 405.8 409.7 415.4 421.8 428 434.4 441.2 449.3 458.8 466.5 473 488.2 499.3 510.9 520.5 528.1 531.4 530.5 519 503.8 491.9 480.4 471.7 491.6 510.3 528 546.6 563.2 581.9 598.8 614.3 624.9 631.2 637.4 644.6 649.3 651.2 647.1 638.9 627.3 614.7 599.2 582.2 565.1 547.7 531.2 517.6 536.4 559.5
400.6 398.2 396.7 395.4 393.7 393.3 392.7 391.3 388.1 385.8 386.4 384.6 383.2 381.8 378 378.5 379.4 380.1 380.8 383.6 384 385.1 386.8 388.2 390.7 393.6 397.3 401 404.7 408.6 412.5 417.1 422.6 429.8 437.2 444.8 453.1 461.9 469.2 477.4 489.6 503.1 516.1 527.3 534.8 536.9 536 526.4 512.2 500.8 491.6 477.2 491.4 512.4 532.7 551.6 572.1 590.2 607.3 623.1 633.8 642.7 651.2 659 664.3 667.5 664.9 660.2 653.2 638.6 621.1 603.1 584.1 566.1 550.3 536 529.2 551.4
404.4 402.6 401.3 401 401.6 402 401.1 399.2 396.1 391.8 388.5 386.5 384.1 379 379.2 379.8 380.8 382.4 384.3 384.5 386.1 387.9 389.5 390.8 393 395.7 399.2 403 406.6 410.5 415 420.3 426.6 432 440.4 448.1 457 466.3 474.8 486.5 498.2 509.4 523.5 534.8 541.8 544.7 545.8 542.4 530.5 515.6 504.8 489.2 489.3 512.2 534.2 556.5 577.9 597.3 615 630.4 641.8 653.7 663.7 673.1 678.5 681.8 685 684.7 676.8 662.3 643 622.8 604 585.4 570 558 545.2 554.7
409.2 408.7 408.9 409.4 411.4 412.9 412.4 408.2 406.3 399.7 393.4 389.1 386 379.8 380.7 381.3 383 385 386.6 385.3 388.6 389.9 391.5 393.1 394.9 397.8 401.1 404.9 408 412.8 417.8 424.5 430.5 436.3 443.4 452.6 462.4 471.1 484.7 497.1 508.8 519.5 533.1 542.7 549.2 556 558.2 555.5 545.6 530.9 519 502 487.8 511.2 534.9 558.9 580.8 601.6 620.2 635.3 650.1 664.9 677.1 686.8 690.7 695.8 705.7 707.6 698.7 683.3 662.7 642.6 623.5 605.1 590.1 578.3 565.7 552.5
415.3 415.7 418 419.7 423.6 427.1 424.4 421 416.1 408.1 399.8 393.1 388 381.9 381.8 383.6 385.6 387.6 388.5 389.1 390.3 391.7 393.9 395 396.5 399.9 403.8 407.9 412.1 416.2 421.5 428.9 436.5 443.1 448.8 457.8 470.2 482.9 495.5 507.8 519.8 532.2 543.8 551.8 560.3 567.2 571.6 569.6 562.2 548.8 532.4 514.6 492.6 511.4 536.4 561.3 584.2 605.8 624.6 640.8 659.3 675.6 689.2 698.5 704.9 712.6 720.8 724.1 718.2 701.8 683.3 663.6 643.1 625.1 611.3 599 582.8 574.9
423.5 424.5 426.8 430.1 434.7 436.9 435.2 430 423.2 414.1 404.7 397.5 390.4 382.8 382.3 384.5 387.8 389.4 390.4 391.4 390.3 393.9 395.3 395.9 398.9 402.8 407.8 412.1 418 422.5 427.4 434.3 442.6 450.8 457.9 470.2 481.4 493.5 505.9 517.9 529.7 544.8 555.5 564.5 573.1 581.5 584.2 583.6 577.2 563.3 545 526.8 507.7 511.7 539.4 564.7 588.1 610.1 628.6 647.1 667.9 686 699.2 707.9 716.5 724.5 733.7 737.8 732.4 717.4 700.7 681.7 663.4 647.3 632.3 617.8 604.7 598.4
434.6 435 435.7 438.1 442.8 443.8 443.6 437.1 427.2 417.3 407.5 400.4 392.8 384.6 384.5 385.7 388.2 391 392.2 393.1 391.6 394.8 396.1 398.4 402.6 407.1 413.4 418.1 422.6 427.9 433.2 440.4 449.7 458.9 468.4 478.4 491.5 504.7 516.7 529.8 543.6 556.7 567.4 576.6 584.5 591.8 595.7 596.8 591.4 578.3 559.1 539.9 519.5 513.6 542.2 567.6 591.5 614 633.7 654.7 677.1 694.8 707.2 716.7 726.3 735.1 743.6 748 743.1 731.6 716.1 698.9 683.5 668.4 652.4 636.3 626.8 619.8
443.9 442.7 442.6 445.2 448.8 450.1 447.3 439.7 430.8 420 410 401.8 394 386.7 385.1 386.9 388.6 391.7 393.9 394.9 395.1 394.9 398.6 403.3 407.2 412.5 418.2 422.4 427.5 432.2 438.4 446.5 457.6 468.3 477 486.9 501.5 515.3 528.3 542.1 555.8 568 579.4 588.5 595.3 606.7 614 613 606.6 592.3 572.3 550.3 528.3 517.6 544 568.9 594.4 617.8 639.7 663 685.1 702.5 715.7 727 735.4 742.8 750.3 755.2 753.1 744.2 730 715 701.3 686.2 668.6 656.7 647.3 635.4
449.5 447.5 446.4 448.2 448.3 447.7 444.4 438.8 430.6 421 411.3 402.1 394.2 387.9 385.7 387.9 390.1 391 394.1 395.9 396.8 397.8 401.6 406.6 410.3 415.5 421.2 425.8 431.6 437.1 444 452.6 464.1 475.1 486.2 499.5 513.4 525.5 538.2 551.9 566.4 579.1 592.7 600.8 610.8 623.2 629.4 626.9 620.1 604.2 584.1 561.1 534.1 524 547.1 572.4 598.8 623.4 646.4 670.7 691.4 709.9 723.9 734.7 742.1 749.2 757.7 762.5 762 753.7 740.6 727.6 714.9 699.9 686.1 675.8 663.3 642.1
453.6 450.5 448.3 447 445.7 443 440 434.4 427.7 418.5 408.6 400.4 392.9 388.6 386.8 390.2 392.4 393.3 394.3 395.7 397.7 397.9 404.9 409 412.9 417.7 423.6 429 434.8 441.4 448.5 457.5 469.9 481.3 493.9 506.5 520.5 532.8 547.2 561.5 576.1 591.7 605 614.6 628.8 641.4 644.2 641.6 631.6 613.2 591.4 566.5 538.4 532.1 554.5 579.6 604.7 628.8 652.8 676 697.4 717.4 731 741.7 748.8 756.8 764.1 766.9 766.3 761 748.2 736.3 724.6 712.9 701.7 692 677 650.6
455.9 451.3 448.2 445 441.9 439 435.2 430.1 422.5 412.2 403.8 396.1 390.7 390.6 391.1 391.5 394.5 395.8 396.6 397.4 398.4 400.8 405.4 410.2 414.2 419.5 425.4 431.6 437.4 444.9 453.1 463.5 473.9 485.8 498.6 512.6 525.8 539.5 553.4 568.5 584.7 600.9 615 627.7 644.6 655.4 659.7 655.7 640.8 619.7 596 571.3 544.1 540.4 562.7 587.9 611 635.1 658.9 680.5 704.3 724.1 738.3 749 756.9 763.6 767.4 769.1 768.9 764.7 754.8 742.5 730.9 722.5 714 704.5 687.9 680.5
457.3 451.9 447.1 442.8 439.2 434.9 431.1 425 415.5 407.9 400 393.3 393 394.2 393.6 392.9 395.7 398.4 399.2 400.2 400.8 401.5 404.2 409.4 414.5 421.1 426.9 433.2 439.8 447.6 456 466.8 479.5 491.1 503.7 517.5 530.4 544.7 558 574.6 592.2 608.6 623.2 639.1 655.5 668.2 675.6 666.9 649.7 625.2 601.4 575.5 550.1 549.7 572 596.1 619.4 643.9 665.7 689.3 712.6 731.4 744.9 755.8 763.3 767.5 770.3 770.9 770.1 766.7 758.4 744.5 737.7 730.5 723.8 715.2 700.9 705.8
458.1 452 446.7 441.5 436.3 431.5 427.1 420.1 410.8 404.1 395.5 395.9 397.7 397 396.6 395.5 396 399.8 401.4 403.1 403.6 404.1 404.2 408.2 412.9 420.2 427.8 434.6 441.9 450 459.1 469.2 483.4 496.4 509 521.6 536.8 550.1 562.5 582.9 599.8 616.3 631.2 648.1 664.3 675.5 680.2 676.1 653.4 631.1 608.3 582.7 556.7 560.2 583.6 606.8 630.2 652.8 676.1 697.3 719.4 738.5 752.3 762.4 767.7 770.4 771.2 771 770 767 759.7 750.2 743.7 739 731.5 723.7 718 721.5
458.5 451.9 445.5 440.7 434.8 429.4 423.3 415.6 407 401.1 396.1 401 400.8 401.1 400.6 399.7 397.4 400.6 402.9 404.9 406.1 406.9 407.6 409.3 412.6 419 427.5 435.8 443.9 452.9 461 472.5 488 499 515.5 528.9 543.7 555 574.5 592.5 607.7 624.4 640 657.6 672.7 686 691.6 680.4 658.7 637.6 615.4 591.7 563.8 574.9 597.4 618.7 640.3 662.3 684.8 705.8 727 745.2 759.2 767.3 770.6 771.4 771 769.9 767.7 764.9 757 750.9 748 743.6 737.7 727 730.6 730.4
458.2 452.4 445.3 439.4 433.8 428.1 421.9 413.2 405.9 399.6 401.7 404.5 405 405.7 405.3 403.7 401.4 401.7 404.8 406.7 408 408.9 410 411.4 413.2 418.6 430.8 438.3 445.9 454.5 462.4 477.3 491.6 505.5 520.6 535 550.3 563.8 583.4 600.7 618.3 634.3 650.5 667 682.6 694.3 696.8 687.2 665.2 645.7 624 601.2 577.9 591.7 611.1 630 648 670.6 693.1 715.6 736.4 752.8 765.4 770.4 770.6 770.2 768 766.3 764.6 760.6 754.8 750.7 747.4 744 739.6 737.1 737.8 738.9
460.6 453.2 444.6 438.7 433.9 428.3 422.1 412.9 404.2 400 405.6 409 410.1 410.5 409.9 407.4 405.4 402.9 406 408.3 410.1 411.3 412.5 413.4 414.4 418.2 431 437.5 447.8 457.7 468.2 481.6 495.1 509.5 525.5 541.6 557.4 571.9 592.1 610.5 628.4 644 660.2 676.7 690.5 700.9 703.6 694.7 674.2 655.7 635.9 615.2 592.5 611.1 627.8 641.4 659.3 681.1 703.6 725.9 744.5 760.4 770 771 769.3 767.2 764.4 760.3 756.6 751.4 749.1 748.8 747.1 743 738.5 741.6 744.2 744.4
461.9 452.7 443.1 437.2 432.5 426.3 418.2 410.7 402.1 406.7 410.2 412 414.4 414.1 412.3 410.2 408.6 406.5 407.6 409.5 411.7 413.7 415.5 417.1 417.9 419 426 436.3 448.5 460.5 472.1 483.6 496.3 514.8 531 546.2 563.7 580 600.1 619 636.8 653.5 670.2 686.4 699.6 707.1 706.3 697.2 683.2 668.1 649.5 629.3 615.6 630.5 644.5 659.7 675.7 695.7 717.4 735.8 752.5 765.3 769.8 769.6 766.7 762.5 758.9 754.7 748.5 745.4 743.3 742.2 742.2 739.8 738.1 743.8 745.8 748.3
459.7 449.5 440.9 434.7 427.3 421.3 415 407.3 405.2 410.1 413.1 415.1 417.2 416.8 415 412.7 411 410.5 411 411.2 413.3 415.5 417.8 419.9 422 420.6 423.7 435.5 449.3 461.8 474 485.7 500.1 519.9 535.1 552.9 569.3 587.8 606.2 624.1 643.1 659.6 677.6 693.4 702.7 708.3 708.4 704.6 694.5 680.7 664.3 645.2 639.3 648.2 660.5 674.6 691.3 709.9 730.2 745.9 758.8 767.1 768.8 766.7 761.8 757.1 751.8 745.7 740.1 734.9 733.5 733.7 735.6 735.6 738.2 743 745.7 747.9
454.7 444.8 436.1 429.1 423.3 417.1 411.9 407.4 410.9 415.2 417.5 419.6 420.6 419.2 417.7 415.4 413.7 413.8 414.2 414.6 415.5 418.7 420.1 422.2 424.4 424.4 425.1 430.7 445.3 461.9 476.8 489 504.8 523.3 539.7 556.9 573.3 590.7 608.7 627.8 645.4 663.1 680.3 691.9 702.9 709.6 713.1 712.7 703.4 690.3 677.2 660.6 660.7 666.2 676 690.5 706.3 725.3 742.5 755.3 764.4 768.7 768 763.2 756.5 748.7 741.3 733.8 728.6 723.4 721.5 722.5 724.2 727 733.8 738.7 742.4 745.6
447.5 439 432 426.3 420.8 415.6 411.2 413.5 415.8 419.8 423.5 424.3 423.3 422.3 420.8 418.6 417.9 418.5 418.8 418.8 418.8 420.8 422.5 424.8 426.5 428 429.4 430.9 432.2 450.2 472.4 487.5 504.7 523.6 541.3 555.6 572.4 590.6 608.5 626.9 642.7 659.7 674.3 687.8 700.6 710.9 718.5 717.9 710 702.2 692.2 682.4 679.1 683.8 692.4 706.3 723.5 742.5 755.2 765.3 770.7 770.6 767.3 759.3 748.1 739.5 733.7 727.2 720.1 713.3 706.8 707.9 711.6 716.8 724.8 731.6 735.8 740.5
446.4 440.9 436.1 430.8 424.3 414.2 415.7 417.4 420.8 424.6 425.8 426.8 426.5 425.9 423.4 422.8 423.1 423.7 423.4 422.6 422.6 422.4 424.1 426.3 429.7 431.6 433.9 436.8 439.3 438.7 453.9 475.8 496.6 514.4 529.7 547.8 565.1 585.6 603.9 619.3 633.7 650.5 665.6 680.7 694.5 710.7 719.5 719 716.9 711.9 708.7 703.4 698.8 702.5 711.7 726 744.2 757 767.1 773.9 775.7 772.1 765.2 755.1 743.2 735.3 725.7 717.7 708.4 695.3 686.6 690.5 697.1 702.7 712.7 720.7 726.3 733.4
453.2 447.6 441.3 434.2 424.6 417.4 420.2 422.2 424.8 427.7 429.4 429.8 430.2 429.3 428 427.8 428.2 427.9 427.5 427 426.8 425.8 426.4 429.5 432.8 435.7 440.1 444.3 447.3 448.1 442.6 459.8 474 490.1 506.1 526.8 544 563.9 584 602.3 618.7 637.1 653.3 670.1 687.2 703.4 714.8 718.7 720.1 721 724.3 726.7 728.2 730.8 738.1 751.1 762.9 772.4 779.1 784.4 780.5 772.7 760.9 751.2 738.1 729.9 716.9 710 697.2 679.8 665.4 671.6 678.4 688.3 699.2 707.3 715.2 723.9
458 450.4 442.2 430.6 419.8 423.7 425.2 427.1 429.2 431.6 433.4 434.1 434.1 433.4 432.4 432.5 432.4 432.6 431.8 431.3 431 429.7 431.9 435.8 437.5 439.2 442.3 446.8 450.3 450.7 448.8 453.1 460.9 471.6 480.7 498.3 517.7 538.8 559.6 578.8 599.3 619.9 640.4 659.7 677.4 693 705.8 716.3 725.1 733.7 742.1 748.7 753.2 756.5 762.5 770.1 777.6 784.1 786.6 789.3 781.4 770.9 757.2 746.9 737.1 727.9 715.8 707.7 695.4 678.4 660 651.9 663.6 674.3 685.7 693.9 704.8 713.9
457.2 446 434.9 421.9 428.7 430.2 432 433.2 434.6 437 439 439.7 440.2 438.3 437.3 437.6 437.4 437.2 436.8 436.4 437.1 438.9 444.3 446.2 445.2 445.8 446.8 450.2 453.3 455.6 451.7 454.2 469 479.4 492 497 497.7 511.7 534.7 558.1 580.6 603.1 626.7 647.2 666.1 683.4 701.6 717.5 730.9 746 757.4 765.9 770.9 774.3 778.2 783 785.7 788.3 789.3 787.1 776.8 766.3 753.4 743.9 734.9 724.6 716.6 707.9 695.9 681.6 665 642.5 647.4 660.1 672 681.9 693.8 704.6
447.6 436 427.5 431.8 435.7 436.8 437.5 439.3 440.2 442.5 444.4 445.4 445.8 443.5 442.8 442.9 442.7 442.9 442.7 442.5 445.4 452.9 456.2 456.3 455.7 453.8 453.2 455.1 457.7 459.6 455.7 455.2 471.6 484.3 498.3 508.5 516.2 520.3 521.9 537.7 563.9 588.9 612.2 636.8 658.9 679.4 700.2 719.9 738.9 756.5 770.4 780 785.6 788.8 790.1 790.1 789.9 789.2 787.1 779.2 769.4 758.2 746.5 740.3 731.3 722.4 715.7 706.8 696.1 683.6 668.4 647 630.3 645.6 659.1 670.6 683.8 696.6
439.5 430.9 433.7 441.6 443.2 443.9 444.7 445.8 447.3 448.6 450.3 451.4 451.6 449.4 449.4 450.1 449.9 450.6 452.3 453 460.9 468.7 470.4 469.2 466.3 463.2 460.9 460.7 461.8 463.9 461.3 459.6 477 490.4 503.9 516.4 526.2 535.9 542.3 547.8 551 579.6 606.9 631.9 655 676.4 697.2 719.8 743.2 763.5 779.7 790.5 795 798.8 798.8 796.1 791.9 787.3 778.6 769.9 759.2 747 739 732.2 724.7 718.7 713.7 706.2 695.5 683.1 668.8 653.5 631.8 628.7 645.7 661 675.5 689.8
435.1 435.4 446.1 450.4 451.1 452.1 453.1 453.9 455 457.5 458.5 459 459 456.7 456 457.1 458.3 461.5 464.9 471.8 475.6 482.5 485.5 483.4 478.3 472.5 469.3 467.5 467 467.6 466.8 461 475 493.1 507 519.1 532.7 545.1 557 567.6 575.8 582.1 604.6 628.5 652.4 674.8 697 720.5 745.2 767.1 785.3 795.8 801 802.4 802.2 799.2 792 781 770.1 758.5 748 736.3 728.2 721.6 714.3 711.7 707.9 701.4 692.6 680.2 667.4 654.2 638.4 611.5 632.9 652.6 669.4 685
439.4 449.7 456.1 458.6 459.9 461.5 462.1 462.7 464 465.7 467 467.5 466.9 466.4 464.1 466.5 470.9 476.4 483.8 491.4 496.9 501.2 498.6 495.7 489.8 480.5 476.7 473.9 472.8 471.7 469.9 468.4 466.4 491.1 506.1 520.3 536.8 552.1 566 577.9 589.8 601.9 609.5 631.6 654.4 675.1 698 723.2 748.4 769.8 787.1 799.8 803 803.5 802.2 798.1 788.2 774.7 762.8 750.8 740.3 725.6 714.5 707.1 701.8 699.8 697.6 692.6 685.6 674.6 662.6 649.9 632.9 608.7 622 645.8 664.8 681.8
449 460 465 466.9 468.8 470.3 470.7 471.3 472.4 472.4 475 477.6 476.5 476.9 474.3 476.9 483.1 493.1 504.5 509.9 516.5 516.6 512.8 504.5 498.8 489.3 483.1 480.5 478.4 476.7 474.2 470.5 467 485.6 500.4 517.9 537.5 554.6 570.4 584.9 599.2 613.3 627.8 640.8 660 679.8 702.9 729.2 752.9 772.1 788.2 798.8 802.3 801.9 799.5 792.9 783.7 770.2 757.9 746.7 731.7 713.7 698.7 691.2 685 684 684.1 682.1 675.5 665 652.9 640.7 622.7 604 613.7 641.4 663 680
