public/OST50/NJ21.asc
ncols 200
nrows 200
xllcorner 320000
yllcorner 810000
cellsize 50
[rows 70 to 104 of 200, columns 0 to 77 of 200]
383.6 389.8 396.8 403.7 409.7 415.8 422.2 425.6 428.3 427.7 427.3 428 428.7 426.6 418.8 412.1 406.9 392.8 401.7 408.4 413.3 420.6 425.9 428 428 428.1 426.9 427.9 429.8 433.2 434.9 437.7 439.9 439.3 440.9 442.3 445.8 449.1 453.3 456.4 462.2 467.9 473.7 479.4 486.1 492.1 498.4 505.4 513.4 522.2 528.6 534.9 542.1 550.7 560 569.1 579.1 591.6 607.4 621.9 635.4 647.1 655 660.2 661.8 660.7 657.1 653.5 647.6 638.2 625.2 612.7 602.2 592.1 582.5 568.5 555.3 543.8
370.3 372 380.1 388.7 396.2 402.5 409.6 414.3 416 415.4 415.4 417.8 418.7 413.2 404.7 396.7 393.6 403.2 417.6 424.2 428.4 432.2 433.8 435.1 436.1 435.6 434.7 434.4 436.5 438.5 440.9 443.3 445.4 447 448 449 449.8 451.8 454.7 456.8 460.6 465.7 473.1 478.7 485.2 491.3 497.9 505 512.8 521.4 528.1 535.4 543.7 552.1 561.2 571.1 581.7 595.6 612.1 626 637.7 648.9 656.9 661.4 662.4 660.3 656.5 651.8 644.9 635.2 622 610.1 599.4 589.3 578.4 562.5 549.6 536.7
370 370.3 370.9 371 372.2 386.4 394.3 401.5 403.3 402.3 401.7 403.1 401.3 395.7 384.9 398.2 407.3 416.3 424.5 430.9 435.3 439.3 441.6 442.6 443.4 442.5 441.4 440.3 441.4 443.2 445.4 447.6 449.7 451.7 453.2 454.8 457.1 459.5 461.7 464.6 466.4 466.9 471.5 477.9 484.3 491.1 497.8 505.5 513.5 520.7 528.5 536 544.8 553.8 562.7 572.6 584.4 602.7 616.1 628.8 639.9 650.5 658.5 661.9 662.3 659.8 655.4 649.5 641.6 631.3 619.6 606.7 596 585.4 572.8 557.8 543.8 528.6
377.1 372.4 371.8 372.3 373.1 373.5 377.3 384.1 389.7 387.6 383.6 383.1 386.1 398.3 401.9 408.7 414.6 425.2 433 438.7 443.1 447.2 449.9 451.1 450.6 449.2 447.9 446.8 447 448.3 449.8 451.8 453.9 455.8 457.6 460 462 465.3 467.9 470.1 471.6 473.6 475.7 481 485.8 491.7 498.8 505.8 513.8 521 529.1 537.3 545.8 554.5 563.3 574.3 588.1 605.4 618.1 630.6 642.6 652 659.5 662.7 662.8 658.9 652.6 645.4 636.7 626.1 614.4 601.4 592 579.7 565.5 551 536 520.9
383.3 382.4 379.9 375.9 372.9 374 374.4 375.7 377.8 378.8 386.4 393.6 402 406.9 412 418.8 427.4 436 441.6 446.9 452.3 456.3 458.4 458.9 457.9 456.6 454.8 453.5 452.8 453.8 454.7 455.9 457.9 459.9 462.4 464.3 466.8 469.3 472.3 475.3 476 478.4 481.3 483.4 487.7 493.7 500.4 506.9 514.2 521.8 530 538.6 547.3 555.9 565.6 578.2 593.3 608.5 620.8 633.3 644.8 654.3 660 662.8 661.5 656.7 648.4 639.9 630.9 619.8 607.2 596.3 585.5 571.4 556.6 543.5 529.3 514.8
388 387.3 386.4 382.7 379.7 378.7 375 375.2 375.4 385.4 391.5 403.4 409.8 414.8 420.8 429.1 436.2 442.2 448.4 455 460.6 464.3 466.5 466.7 465.8 463.7 461.6 459.4 458.7 459.2 459.8 460.7 462.2 464.8 467.3 470.2 472.7 475.3 478.4 480.5 481.3 483.6 485.9 488.6 491.7 497.2 503 509.7 516.8 524.2 531.4 540.2 548.8 559.1 569.1 581.1 595.8 610.5 623.1 636.1 646.8 654.9 659.7 661.9 659.4 653.5 645.3 635.3 625.4 613.4 600.5 589.3 576.3 561.2 547.4 534.2 521.2 506.4
390.9 390.3 390.2 388.6 385.9 386.1 383.6 375.8 376.5 382 392.7 404.1 412.5 419.1 426.9 436 443.1 448.9 455.7 463.1 468.5 472.4 474.1 474 472.6 470.5 468.3 465.9 464.6 464.9 465 465.9 467.5 469.3 472 475 477.9 480.7 483.4 485.8 486.7 488 489.8 492 495.4 500 506 513.1 519.8 527.1 534.6 543.2 551.1 562.2 572.4 583.5 598.8 612.5 626.2 638.5 648.8 655.2 659.3 660 655.9 649.7 641.4 631.7 620.3 605.8 592.9 581.3 566.5 550.4 537 523.3 510.5 497
393.4 393 393.2 393.1 390.7 390.7 389.7 384.2 377.6 377.6 390.6 401.6 413.8 421.7 430.2 440.4 447.7 454.3 460.9 468.3 474.8 481 481.4 480.8 479.2 477.2 474.7 472 470.4 470.6 470.6 471.5 473.1 474.9 477.2 480.1 483.1 486.1 488.1 490.6 491.4 491.7 493.1 495.7 500 505.3 512 518.3 524.7 530.6 539.5 548 556.8 567.9 577.1 589.9 603.4 615.7 629.9 642.5 651.3 655.4 657.2 655.9 651.1 644.1 635.3 625.2 613.6 600.4 586.2 573.8 558.4 540.4 524.3 511.3 499.8 487.7
396.1 396.1 396.4 396.2 396.4 395.6 394.2 388.7 378 378.5 385.6 399.4 413.4 423 431.9 442.1 450.2 456.6 463.6 470.1 478 484.9 487.6 487.1 486.3 483 480.2 477.2 475.9 476 476.3 477.3 478.7 480.4 482.5 485.7 489 491.8 493.5 495.3 496.4 497.2 498.7 502.2 507.9 513.1 518.9 524.7 531.2 539.1 546.4 553.4 563.9 574.8 584.5 597.5 608.8 621.8 635.1 646.6 653.8 656.5 655.4 651.9 644.5 637.2 626.9 616.2 605.5 594.2 579.2 569.5 553.7 534.2 515.6 495.7 486.8 477.6
401.2 399.4 399.2 399.3 398.7 397.6 396.2 393.9 388.8 379.2 380.7 396.2 411.5 421.3 430.6 441.8 450 456.7 463.6 470.2 477.8 485.7 491 492.5 491.7 487.3 484.1 481.4 480.3 480.7 481.5 482.5 483.8 485.5 487.8 491.4 494.9 498 499.7 501.3 503.1 505.2 508.8 512.3 515.7 520.9 525.3 531.3 538.8 546.2 554.1 562.8 571.9 581.5 589.8 604.9 616.8 627.8 641.5 650.4 656.6 657.2 654 647.2 638.5 629 616 607.1 598.4 587.6 573.9 562.1 545.5 526.2 506.8 484.5 480.6 487.9
405.7 404.9 403.5 401.5 401.1 400.1 397.7 396 393.4 380 379.5 389.6 405.4 417.1 426.4 439 446.9 453.7 461 467.9 475.4 483.1 488.6 490.6 491.3 489 486.2 484.3 484 484.6 485.6 486.1 487.4 489.4 492.5 496.2 500.5 503.7 506 508.3 510.9 515 518.9 521.8 524.4 527.3 531.4 536.6 544.1 551.7 560.2 569.5 579.6 589.5 599.3 613.4 623.7 636 647.8 655.1 657.8 656.9 651.7 642.4 631.6 619.7 607.6 600.3 591.8 579.9 566 552.6 535.6 517 494.9 475.5 495.3 500.3
409.2 409.5 408.3 406.6 404.3 402.1 399.7 398.3 395.5 386.5 381.8 380.5 395.4 409.5 419.9 432.6 441 447.7 455.4 463.6 470.5 477.5 483.1 487 488.4 487.7 486.4 485.2 485.6 486.3 487.1 488.1 489.9 492.4 496.4 501.1 505.8 509 512.2 514.9 518.7 523.6 527.1 529.1 531.1 533.1 535.9 541.1 548.3 556.7 566.1 574.7 586.1 597.3 608.4 620.1 630.2 641.5 651.5 655.6 656.9 654 646.1 636.4 623.6 609.3 600.7 594 584.8 572.4 557.2 542.4 525.7 507.7 485 477.4 495.6 500.6
412.8 413.1 411.9 410.2 408.2 405.4 402.3 400 398.1 391.3 389.8 391.8 382.3 396.6 412 423.7 432.7 440.4 449.2 457.3 464.3 470.9 476.5 481.3 484 484.9 485.7 485.5 485.8 486.6 487.5 489.1 491.4 494.9 499.7 505.3 510.4 514.2 517.3 520.8 525.7 530.7 534.1 535.9 536.4 536.6 538.6 543.2 550.5 559.7 569.4 578.9 588.8 601.5 613.1 624.8 634.6 644.1 651.3 654.6 654.3 649.3 640.7 628.8 612.8 600.4 593.7 587 578.4 564.9 548.4 532.4 516.7 498.1 474 481.7 490.1 500.7
416.4 416 415.2 413.7 412.4 409.8 406 402.7 400.4 396 395.8 398.6 392.7 382 397.8 414.5 422.8 431.2 440.5 448.9 456.4 464.1 469.4 473.8 477.5 480.3 482.3 483.8 484.7 485.4 486.9 489.2 492.2 496.2 502 509.1 514.6 519.2 522.7 526.4 531.5 536.3 539.3 539.7 539 538.6 539.9 544.3 550.9 560 570.3 579.7 590.5 602.5 614.9 625.4 635 642.8 647.9 650.8 649.5 643.6 633.9 620.3 603.2 593.3 586.5 579.3 570.2 556.2 540.6 523.1 507.5 487.8 468.2 479.3 487.4 498.9
422.2 419.4 418.7 417.6 416.1 414.1 411.3 407.5 403.5 399 398.7 402.4 402.7 392.9 385.2 403.6 412.6 421.8 431.5 439.8 447.8 456.6 461.8 466.1 470.3 474.9 477.6 479.7 481.1 483.3 485.7 488.5 491.4 496.2 503.1 510.7 516.2 521.6 526.2 529.7 534.5 539.1 540.7 539.5 538.3 537.2 538.8 543.4 549.6 558.2 567.5 577.8 589.6 601.2 612.7 622.5 630.9 637.7 642.2 644.3 643 637.1 626.1 611.9 595.1 587.2 579.4 570.9 560.4 547.2 532.1 515.8 499 474.3 468.2 472.8 482.6 496.6
427.4 425.2 423 422.2 419.4 417.2 414.6 411.6 407.7 404 402 405.7 406.9 405.6 392 386.1 397.2 411.6 422.4 429.8 438.2 447.5 453.1 457.3 462.2 468.4 472 474.7 476.3 478.3 480.9 484.1 488.4 494 501.3 508.4 514.8 520.2 524.9 528.5 532.3 536.4 536.8 535.4 533.7 533.1 535.7 539.8 546.8 554.8 563.8 573.6 587 597.4 607.5 616.8 624 630.4 634.3 635.8 634.2 627.9 616.8 604.2 591.3 582.2 572.8 563.7 551.8 537 523.2 506.8 487.6 465.4 470.9 475 477.4 491.1
431.7 429.9 427.6 425.6 423 420.7 418 415.2 411 408.1 406.7 406.3 407.9 408.1 401.4 390.7 387.8 392.9 411.5 419.3 427.7 437.2 443 447.8 454.1 462 467.4 470 470.6 471.7 473.8 477 482.5 488.7 496 502.9 509.3 515.1 520.7 524.3 527.1 529.5 529 528.1 526.9 527 529.3 533.9 541.6 549.7 558 569.1 582.8 592.5 600.5 607.7 614.3 620 623.9 624.9 623.6 617.1 607.3 597.4 588.2 579.3 567.9 557.6 545.1 528.1 512.5 497.4 472.6 464.7 472.4 477 481.5 484.7
436.2 434 432.5 430.3 426.4 424.5 421.2 418.3 414.8 413 412.2 412 411 409.7 406.3 399.8 394 390.1 389.7 403 415.6 425.4 431.4 435.6 443.8 453.3 460.2 462.8 463 463.7 465.4 469.2 474.6 481.2 488.7 495.8 502.1 508.2 512.3 516.3 519.5 520.9 519.8 518.3 517.1 517.2 520.2 526.7 534.5 542.8 551.1 564.6 576.1 584.4 591 597 602.5 607.6 611.4 612.5 611.6 605 596.4 589.7 583.5 573.5 561.8 552.4 540 523.2 504.9 482.6 462.3 471.3 476.3 479.5 483.9 487
440.8 438.3 435.8 433.1 430.7 427.9 424.6 421.8 417.2 417.6 415.9 415.6 414 412.3 410.5 407.6 402.7 400.1 398.5 390.9 399.2 413.7 419.1 423.6 432.2 441.5 449.1 453.4 454 454.3 453.8 459 465.5 472.8 480.8 487.6 493.8 499.3 503.2 506.3 508.8 510 505.8 503.9 504.1 507 510.6 519.1 527.3 535.3 544.3 559 568.1 574.9 580.6 585.1 589.9 594.4 597.9 599.3 597.7 590.9 585 580.3 575.3 565.7 554.5 545.5 534.1 518.8 496.5 472.2 460.4 473.7 478 484.1 491.6 496
444.4 441.9 439.7 436.6 434.1 431.2 428.5 426.5 423.9 422.3 420.4 418.8 416.9 414.9 412.7 409.4 408.2 407.7 405.9 401.3 393.3 392.6 405.4 411.7 420.6 429.1 437.3 440.6 442.6 442.2 442.5 449.1 455.7 464.1 471.5 478.3 484.8 489.5 492.9 494 494.9 493.8 487 487.5 491.8 494.8 500.7 510.6 520.1 527.8 540.3 552.7 560.1 564.7 568.7 572.6 576.8 581.2 584.2 585.7 582.5 576.3 572.6 569.6 564.8 555.5 545.6 536.8 526.4 507.2 483 461.6 459.3 476.4 482.7 490.9 498 502.2
450.5 446.5 443 440.4 437.6 434.7 432.3 430.5 428.7 426.9 424.6 422.2 419.4 418.7 416.3 413.8 412.5 411.8 410.6 407.7 402.8 397.2 394.7 396.6 405.7 415.8 422.1 425.9 429.8 430 431 437.8 446.4 454.6 460.9 467.3 473 477.1 476 476.4 476.5 474.5 470.9 474.6 478.8 482.8 489.9 501.9 512.4 521.2 534.3 546.2 551.5 554.7 557.5 559.6 563.4 567.8 570.5 571.4 567.9 561.8 558.6 556.8 551.5 544.2 535.7 527 514.1 493 470.7 458 470.6 478.5 486.9 498.3 506.5 510.2
455.5 450.7 447.4 444.4 441.6 438.7 435.6 435 433.4 431.2 428.8 425 424.3 422.4 419.6 418.2 416.6 415.7 414.3 411.1 406.8 401.4 398.2 401.9 396.6 397.3 400.6 407 413.4 415.2 418.8 425.7 433.2 440 446.8 454 456.4 459 453.7 454.6 455.8 454.8 455.7 461.2 465.8 469.9 478.9 491.7 503.8 514.8 528.5 538.1 543.5 544.4 543.8 545.5 549.1 553.3 556.7 557.2 553 547.2 544.6 543.6 539.6 533.1 526.5 519.3 501.5 479.4 460.1 457 472.5 480.4 489.7 503.9 515 520.6
460.2 455.6 451.6 448.7 446 442.9 439.7 438.9 437.9 435.6 433.3 428.7 427.8 425.8 423.7 422.4 420.9 419.5 417 413.1 408.9 406.3 397.6 403.7 408.1 408.7 406.1 400.8 401.9 401.7 403.9 411.5 415.7 421.3 427.3 434.6 436.4 432.3 426.8 426.7 431.3 433.4 438.6 445.3 451.7 456.7 467.2 480 494.3 506.9 520.1 527.6 531.4 530.8 529.3 529.2 533.8 538.2 542.4 542.6 538 531.6 528.4 528.5 525.6 520.8 515.6 506.8 489.3 467.7 453.6 461.5 473.9 481.5 493 509.4 522.8 530
464.5 460.9 457.4 454.3 451.3 447 444 442.9 442.3 439.8 437.2 434.3 431.7 428.8 427.6 426 424.1 421.7 418.4 413.4 410.7 410.6 402.8 400.4 411.8 414.7 416.1 414.6 410.3 408.1 407.8 403.7 404.8 406.4 407.8 410 410.4 412 412.5 414.2 414.2 415.9 418.5 427.5 434.9 441.9 452.6 465.4 483 495.2 507.1 513.1 516.8 515.7 515.3 515.7 519.2 524 527.5 527.2 521.6 514.1 509.8 511.1 509.5 504.4 494.2 488.7 473.8 451.6 453.2 461.6 474.4 483.6 497.3 515.3 529 538.5
469.6 464.7 463.5 459.9 457 454.1 451.5 450.2 447.6 444.7 441 439.3 436.2 433.1 431.4 429.4 427.3 423.9 420.3 415.5 413 410.9 403.9 400.6 410.4 417.1 420.7 422.8 421.6 418.4 415.2 415.4 415 413.5 414.4 416.2 418.9 420.5 420.5 418.7 417.5 418.9 418.2 419.3 421 424.4 433.3 449 468.4 479.7 491.1 495 500.1 499.1 498.6 499 501.8 507.2 510 509.5 503.7 494.4 485.3 487.4 485.8 482 471.1 467.9 452.4 451.6 453.9 461 473.5 485.1 501.1 520.1 534.5 545.6
474.9 472 468.4 464.8 462.7 461.6 459.9 457.5 453.9 450.1 446.6 443.6 440.3 437.8 435.1 432.3 429 425.7 422.3 417.2 412.3 405.1 411.4 402.9 403.4 416.2 423 427.1 427.9 427.7 427.1 426.7 426.9 426.9 427.7 428.6 430 431.6 432.5 434.3 436.4 435.1 432.6 428.8 423.1 423 424 430.8 448.3 457.1 469.7 472 481.6 480.5 479.3 478.1 482.6 488.3 490.6 490.6 483.6 473.6 466.5 464.2 462.8 456.9 462 451.4 450.7 460.7 457.7 456.4 472 486.6 505 523.2 538.9 551.1
479.9 476.9 473.1 470.2 468.5 467.1 465.7 463.4 460.1 456.4 451.9 448.5 445.7 442.4 439 435.5 431.4 426.7 422.9 416.5 412.7 415.2 415.2 412.6 403.2 410.3 422.5 429.5 432.6 433.5 434.4 436 437 438.2 438.6 439.5 441.1 443.7 447.7 450.6 451.1 450.3 449.8 447.5 441.6 428.3 423.8 424.9 429 433.4 448.9 452.4 456 457.1 460 458.5 461.9 469.6 470 467.9 461.7 457.4 452.9 449.5 448.4 447.7 448.4 455.3 464.7 469.4 464.1 459.5 469.1 488.4 506.3 525.7 542.3 555.3
485.1 481.2 477.8 475.7 473.7 472 470.4 468.2 465.4 461.9 457.6 453.5 449.9 446.5 443 439 434.5 428 423.2 416.6 413.1 419.4 419.2 417.8 411.6 405.9 420.3 429.5 435.2 438 440.3 442.9 444.7 447 448.6 451.1 454.2 457.4 459 459.7 459.1 458 456.1 454.5 452 446.9 434.8 427.3 426.8 426.5 429.5 432 437.7 435.9 439.5 440.1 444.2 450.1 448.6 447 443 442.4 444.2 449.8 455.8 461.8 470 478.6 483.8 481.3 472.6 461.5 462.7 485.9 507.5 527 544.8 557.9
490.7 486.2 483.5 481.5 479.5 478.1 476.2 473.3 470.3 467.2 462.9 457.7 454.1 450.1 446 441.9 437.4 429.2 422.3 416.4 418.6 423.7 424 422.5 418.6 407.5 414.8 427.4 435.3 440.5 444.3 447.9 451 453.9 456.3 459.3 462.2 464.9 466.4 466.1 465 463.8 461.6 459.7 457.6 453.5 446.6 429.3 437.3 437.9 435.8 432.7 432 432.3 433.9 434.8 435.9 437.1 437.7 439.8 444.6 453.9 462.5 472.1 479.2 485.2 493.4 499.8 500.2 494.6 482 465.2 462.6 483.2 507.2 527 546.2 562
497.4 493.4 490.4 488 485.6 483.8 481.3 478.4 475.5 472.3 468.2 461.8 457.7 453.2 449 444 437.2 429.1 423 419.8 425.2 428.4 429.1 427.9 424.1 415.9 409.8 422.7 433.5 441.1 446.7 451.7 455.5 459.8 462.8 466.3 469.8 472 472.8 472.3 471 469.5 467.4 465.1 461.7 457 450 433.1 443.4 453.3 454.2 453.5 452 450 448.4 446.8 446.5 448 450.8 455.2 461.2 468 480.3 492 502.1 510.4 518.6 519.1 513.1 505.9 492.2 474.6 465 480.5 503.4 525 545.8 564.2
502.5 499.4 496.5 494.5 492 489.3 486.2 483.3 480.3 476.5 472.5 465.4 460.9 456 450.5 443.3 436.4 431.7 424.6 421.3 430.7 433.9 434.9 433.5 429.6 422 409.6 415.7 429.8 439.5 447.5 454.1 459.7 464.2 468.1 472.2 475.9 478.8 479.6 478.6 477.2 475.4 472.8 469.8 465.9 460.8 452.4 434 444.8 461.6 467.2 466.9 467.9 469 469.2 468.7 468.6 469.4 472.9 476.2 480.1 491.2 502.9 513.8 527.4 537.2 539.9 536 526.2 516.9 503.1 483.8 466.8 476.4 496.9 521.6 543.6 564.4
507.6 505 503.1 500.3 497.5 494.7 491.4 488 484.7 481.2 476.2 469.7 463.1 457.1 450.8 442.7 433.7 430.6 425.9 427.8 435.1 438.8 440.2 438.8 435.3 430.4 421.8 412 424.5 437 446 454.4 461 466.2 470.7 476.4 481.2 484.2 484.8 483.9 482.7 481.1 478.8 474.6 469.8 464 454 436.9 447.8 464.4 471.5 476.9 480.3 483.5 487 488.7 489.8 491.8 494.6 498.1 503.2 513.3 526.7 539.5 550.6 552.6 552.8 549.1 539.7 527.8 512.6 496.8 477.9 468.8 492.8 516.5 540 562.2
513.2 511 508.4 505.9 503 500 496.5 492.5 488.6 484.7 479.7 473.3 465.3 458.4 451.1 441 436.5 435.5 430.2 431.9 439.5 443.9 445.3 444 440.9 437.1 430.1 413.8 419.3 431.5 442 451.2 459.4 466.2 472.5 478.6 484 487.2 488.6 488.5 487.8 486.9 484.7 480.4 474.7 467.3 457.3 442.3 447.8 463.6 472.1 479.8 487.2 494.9 501.8 506.3 509.8 512.3 516.3 521.9 529.1 539.6 550.2 561.5 565 564.4 562.2 559 552.8 543.3 528.4 508.8 490.2 471.2 489.4 511.8 534.8 557.6
518.1 516.9 513.8 511.1 508 504.9 501.1 497.2 492.5 488.1 482.3 475.6 467.4 460.1 451.1 444.4 443.1 440.2 434 434.6 443.5 448.9 450.5 449.3 446 441.9 435.5 420.1 415.7 425.9 436.9 446.7 457 464.5 471.2 478.1 484.5 488.1 490.9 491.6 492.4 492.2 490.9 487.6 482.5 474.1 464.4 450.8 443.2 459.9 470.9 480.9 489.7 499 507.8 514.5 521.1 527.5 534.6 542.2 551.7 560.6 568.6 575.5 576.7 574.7 571.9 568.7 563.2 557.5 544.5 526.6 502 479.4 482.3 507 528.6 551.7
524.8 522.2 519.1 516 513 509.2 505.2 500.7 496.1 490.5 484 477 469.4 460.8 449.5 449 448.1 443.2 439.1 436.6 446.7 453.3 455.3 454 451.2 446.2 440.6 431.5 419.5 418.5 432.6 442 452.9 461.5 468.8 476.5 482.8 487 490.2 493.8 496.8 497.7 496.8 494.4 490 483.5 473.5 459.1 444.5 454.7 467.8 479.3 489.1 498.7 508.3 517.3 526.3 534.1 543.7 553.4 563.3 570.3 577.8 581.5 582.8 580.8 577.9 576.3 572.8 567.1 556.4 539.2 516.7 491.1 474.5 500.4 522.3 544.5
