public/OST50/NJ30.asc
ncols 200
nrows 200
xllcorner 330000
yllcorner 800000
cellsize 50
[rows 140 to 174 of 200, columns 78 to 155 of 200]
415.5 413.7 411.7 409.1 409 408.8 408.2 407.2 406.7 406.5 406.5 403.6 401.6 402.8 409.4 412.7 416 419.2 421.8 425.3 427.3 428.7 430.6 434.6 439.6 445.4 452.3 459.4 466.8 474.7 480.8 485.6 490.2 498.7 510.9 520.6 528.4 533.8 535.5 537.9 540.9 542.9 544.4 546.8 548.4 550.6 550.3 554.4 558.9 563.8 570.7 577.6 581.1 580.4 578.5 571.6 563.6 548.8 530.3 541.3 552.7 558.9 562.8 574.7 585.2 587.8 593.3 595.2 597.9 594.9 592.9 594.2 598.1 597.4 596.7 597.1 600.3 607.7
412.7 411.2 410.2 408.9 407.6 406 405.9 405.1 404.4 404.5 404.3 401.3 400.9 407.3 408.9 412.2 416.6 420.5 423.4 427 430.5 432.4 434.5 437.1 441.3 446.8 453.8 459.3 467 476.4 483.6 488.9 494.7 502.3 514.5 525.6 532.8 536.2 535.6 532.9 535.6 535.1 538.2 539 541.7 543.9 546.6 543.4 551.9 553.6 555.2 559.7 563.1 566.1 562.1 559.4 551.9 542.9 531.4 527.2 539.4 546.8 553.5 567.3 573.6 576.7 577.7 583.2 583.6 582.5 581.7 583.2 582.5 587.2 590.8 589.7 588.9 596.2
409 409.1 408.2 407.1 406.2 404.2 403.5 402.4 402.4 402.1 398.9 399.7 404.7 407.1 408.8 412.1 417.4 421.9 425.2 427.4 430.4 433 435.7 440.8 444.9 448.9 453.4 461 467.1 476.9 485.4 491.5 496.9 505.3 514.2 523.7 531.3 533.5 532.3 528.2 525.6 526.6 527 529.8 532.8 532.9 534.9 536 539.8 542.3 542.1 544.7 546.5 549.2 547.8 545.9 540.3 530.9 523.8 513.2 529.6 538.1 548.5 557.7 562.2 566 567 567.5 568.2 569.6 569.6 569.7 575.6 580.5 582.3 580 581.4 587.3
407.4 407 406.2 405.3 403.7 403.2 399.5 400.2 400 399.8 397 402 404.9 406.9 409 412.4 418.5 423.3 426.2 428 430.8 434.8 437.4 440.7 446.1 449.1 453.1 459.4 466.4 474.8 484.6 491 497.3 505.6 512.3 519.6 524.6 525.1 524.8 519.9 518.9 517.6 520.8 521.4 522.9 524.8 525.7 527.1 530.6 531.5 533.2 535.3 537.4 535.6 533.5 530.7 526.4 523.4 518.3 507.2 518 528.8 538 542.8 545.8 548.3 552.8 556.4 555.1 555.4 555.1 563.4 571.7 574.6 575.7 574.2 575.8 577.5
405.9 406.5 406 404.5 402.3 401.2 400 396 395.8 396 394.8 401.9 404.5 407 409.8 413.2 419.9 423.3 426 428.6 431.1 435.6 439 441.7 445.1 449.2 453.7 458.7 465.2 472.4 481 488.4 495.4 499.8 507.7 512.8 515.5 517.9 516.7 513.5 512.7 512.9 514.8 516.9 517.9 519.3 521.4 522 522.4 523.6 525 525.4 525.1 525.2 523.2 520.6 517 517.2 512.8 506.1 507.2 519 525.8 528.6 531.7 536.4 539.7 542.3 542.9 541.9 550.3 559.6 562.6 563.7 564.3 566.9 570 571.9
403.9 405.6 405.1 402.4 400.6 399.5 398.7 395.6 391.6 394.5 399.3 401.4 403.9 406.9 410.2 415.7 420.1 422.5 424.8 427.8 430.6 434.6 438.7 441.8 444.8 448.4 453.1 458.4 463.4 469.6 477.1 483.3 490.1 493.7 498.3 502.4 507.3 506.7 507.1 505.1 506.8 509.5 508.5 513.5 514.9 514.8 515.5 516 516.6 515.5 512.7 515.2 515.4 514.3 510.9 509.7 508.3 507.7 505.4 499.6 498.2 509.6 515.1 517.4 519.8 523.9 527 527.6 528.3 534 543.8 549.1 551.5 552.2 555.3 560.2 562.3 563.6
399.9 402 403.1 401.2 398.9 397.6 396.9 394.8 390.7 395.3 397.9 400.4 403.1 406.8 412.1 418.8 420.9 421.8 423.4 426.5 430.4 434 437.7 441.4 444.3 447.8 451.9 456.6 462 467.5 472.7 476.9 480.4 485.2 486.6 491.8 493.8 495.9 499 499.7 503.4 505.5 507.4 506.9 510 509.6 508.8 509.4 508.2 507.4 506.8 503 502.3 502.3 501 500.2 499.3 499.2 499.3 494.3 488 499.9 503 506.2 508.2 511.3 515.6 516.3 516.8 529 534.8 537.6 539.8 542.5 546.5 551.7 554.5 556.2
395.9 396.7 398.7 397.7 396.5 395.2 394.4 392.9 389.7 393.7 396.8 399.7 403.3 408.4 416.7 419 419.8 421 423.2 426.2 429.7 432.8 437 440.3 443.8 447.3 452 455.6 459.7 464.5 468.3 472.4 474.9 479 480.3 483.5 486.1 489.4 493 495.6 499.9 500.8 502 502.2 502.1 502.5 500.7 500 499.8 498.4 495.8 492.8 491.8 491 491.4 491 492.3 492.3 492.8 486.1 479.2 488.3 489.8 494.1 497 500.8 503.8 504.9 510.6 519.5 524.6 527.6 528.9 530.6 536.9 542.7 547.2 546.8
392.9 393.8 394 393.9 393.4 393.1 391.7 389.9 388.8 391.7 396.5 399.9 405.4 412.6 417.9 418.8 419.6 420.5 422.3 424.1 427.1 430.7 434.1 438.6 441.4 445.3 449.1 453.5 457.8 462.9 467 469.4 472 474.2 477.5 479.8 483.7 486.5 490.5 492.7 494.1 496.1 491.9 493 493.2 494.9 492.6 492.7 492.8 492.1 490.3 485.7 484.1 482.9 482.9 484.5 485.5 485.1 483.5 476.3 475.7 477.7 478.8 482.2 485.2 488.9 492.7 493.9 502.6 508.8 512.2 514.5 516 520.6 526.4 533.3 536.9 536.5
391.5 391.7 391.9 391.8 391.6 391.3 390.1 387.4 388.4 394.1 398 405.9 409.5 415.4 417.1 418.8 419.5 420.3 421.3 422.5 424.8 427.8 431.2 434.9 439.1 442.8 446.1 450.9 455 461.3 466.6 469.6 470.3 472.8 475.4 478.8 481.9 484.9 489 489.9 488 488.8 485.4 481.6 476.8 482.2 481.6 482.7 480.2 483.5 481.9 478.8 477.4 476 475.8 477.5 477.4 477.1 474.1 471.1 470.1 472.1 474.3 477 477.1 478.8 482.6 487 493 497.8 499.9 504.5 506.3 511.3 516 521 523.3 523
390 390.1 390.2 390.2 390.1 389.5 386.4 387.1 391.9 396.2 401.8 408.5 412.7 415.7 417.3 419 420.2 419.9 420.3 421.3 422.7 425.2 428.2 431.4 434.9 439.6 442.7 447.3 451 455.7 460.3 464.8 469 472 475 478.3 482.1 486 491.2 494.8 498.7 499.9 499.6 493.1 487.3 478.2 467.2 471.3 472.7 469.2 467.1 466.7 466.8 468 469.6 470.1 468.9 467 467.4 465.5 466.2 468.9 468.7 471 471.6 473.3 476.2 481.2 484.9 488.3 489.5 492.2 495.2 499.8 504.5 508.6 508.8 512.2
388.6 388.6 388.5 388.3 388.1 386.7 385.9 385.4 393.3 398.3 405.7 412.7 415.2 416.9 418 418.5 419 419.1 419.8 420.8 422.1 423 424.8 427 430.5 434.9 439.6 444.1 447.2 452.6 456.1 462 469.2 472.6 475.9 479.7 485.4 490.9 493.6 498.9 505 507.6 505.3 501.8 492.9 483.2 475.4 457.5 461.9 459.9 462.5 462.2 462.2 463.7 465.6 465.9 464.6 462.8 462.5 460.8 461.9 463.2 465.1 466.7 467.9 469.7 472.3 476.2 479.1 480.4 482.1 482.9 485.4 487.2 490.7 495.8 501.8 504
387.4 387 386.6 386 385.3 384.8 384.1 388.9 394.7 400.2 405.9 412.6 414.9 416.8 418 418.3 418.5 418.9 419.5 420.4 421.3 421.8 422.6 424.4 427.6 430.3 434.9 440.8 445.2 450 454.2 460.7 466.9 473.3 478.3 481.8 487.3 492.9 499.7 504.3 508.8 509.7 508.6 506.4 501.8 492.4 481.5 472.1 459.1 450.2 445.8 445 449.7 454.4 460.1 461.2 458 457.2 457.6 456.2 457.9 459.6 461.7 463.7 464.2 466 467.6 471.6 473.9 475 474.4 475.9 478 481 484.1 488.8 493.4 496.9
387.5 386.2 385.2 383.9 384 382.8 381.7 388.8 395.3 400.8 406.1 411.5 413.6 416.1 416.9 416.5 417 417.4 418.1 418.1 418.6 420 420.9 422.4 424.8 427.1 431.1 437.1 445 449.7 455.1 460.8 466.5 473.1 479.9 485.7 490.3 497.1 505.7 508.8 512.1 511.1 510.6 510.7 505.6 497.3 488.7 479.5 470.6 464.4 458.9 452.8 443.7 448.2 452.8 453 453.4 453.2 453.1 452 452.6 456.1 458.3 460.1 460 461.4 463.4 465.2 465.9 466.5 467.4 469.5 471.4 475.6 478.5 484.5 486.9 489.3
387.5 386.4 385.2 384.7 383.3 381.5 382 390.1 396 403.1 405.8 408.9 412.2 412.9 413.4 414.3 414.9 415.7 416.4 416.6 416.8 416.9 418.4 420 421.2 425.3 430.4 436.6 442 447.7 453.2 462 467.9 472.2 480.3 487.6 493.2 498.7 505.8 512.4 511.9 509.1 509.6 511.7 504 499.4 492.3 484.2 475.2 466.7 460.7 455.3 448 440.7 442.4 444.9 446.5 447.8 448.4 449.7 450.8 452.6 454.5 456.1 456.4 457.5 458.4 459 459.5 460.1 461.7 462.4 465.8 470.7 474.8 477.7 480.2 484.2
387.4 386.2 385.1 384.2 382.2 380 383 390.9 399.2 403 406 409.6 411 412 412.3 412.7 413 413.8 414.8 415.2 415.2 415.2 416 417.1 422 426.1 429.4 436.5 441.9 447.3 453.6 460.4 469.1 473.9 479.7 486.1 493.6 500.4 503.7 509.8 509.1 505.8 505.7 504.4 502.1 497.7 489.3 483.7 476 468.1 461.8 456.7 450.7 444.1 439.9 439.1 441.4 443.6 444.6 445.4 448.4 450.6 452.2 452.3 452.8 453.6 455.4 455.3 455.1 456.1 457.5 457.4 461.4 465.5 469.5 473.1 476.5 481.1
387.2 385.8 384.6 384.2 382.2 377.6 385.2 394.9 399.7 402.6 405.2 408.7 408.9 409.3 409.3 409.6 410 409.8 410.6 410.9 411.5 411.7 414.1 418.5 421.9 426.2 430.3 437.1 442.6 447.7 452.8 460.1 473.7 475.3 480.7 485.6 492.2 499.8 503.5 504.1 504.6 501.7 499.7 497.8 495.3 490.1 483.9 475.5 473.3 467.9 461.5 456.9 451.9 446.1 444.4 440 439.2 441 441.3 442.8 443.8 445.9 448.5 448.3 449 450 451.4 451 451.3 452 452.8 453 457.7 461.2 464.7 468.5 473.7 477.9
386.9 385.5 384 383 380.9 376.3 384 396.4 400.6 402.4 404.5 405.7 406.7 406.8 406.9 407.1 407.1 407 407 407.3 406.8 412.9 417.4 421.2 424.7 429.2 434 438.8 443.4 447 454.9 463.5 470.1 476.4 482.1 489.7 495.1 499.2 502.9 503.4 501.7 500 495.6 492 488.3 484.4 481.2 475.8 472.8 467.2 462.5 457.9 454.5 450.7 447.3 443.7 440.3 436.7 437.6 439.4 439.5 441.4 442.6 443.9 444.2 446.2 447.4 447 447.2 446.8 447.7 451.3 453.6 455.7 459.4 464.9 470.3 473.9
387 385.3 383.3 381.4 378.8 375.7 381.2 391.3 399 400.2 402.2 403.1 403.4 404 404.4 404.4 404.2 403.7 403 404.7 410.2 415.6 420.6 425.3 429 432.5 436.3 440.4 445.6 449.6 455.6 463 471 477.7 485.2 492.1 499.3 501.8 503.4 504.5 503.8 499.5 495.6 491.7 487.4 484.3 480.8 476.6 473.9 472.8 466.2 461.3 457.3 453.3 449.7 445.4 441 435.5 434.7 433.7 433.5 434 435.7 438.5 438.9 442 442.7 442.8 442.7 443.1 444.4 448 450.5 451.7 456 460.7 466 472.7
387.5 384.8 382.7 380.5 378 375.1 378.7 385.6 392.8 396.2 397.8 398.7 399.6 400.3 401.1 401.5 400.9 400.7 402.9 408.2 414.6 420.7 426.7 431.6 436.2 437.6 440.5 444.4 449 452.5 456.8 463.8 471.1 478.6 486.9 496.9 504.5 507.1 506.7 508.3 505.7 501.8 497 491.9 488.2 484.7 481 477.4 474.6 472.4 469.4 462.4 458.2 455.2 451.2 447.6 444.7 441 439.9 438.4 435.5 430.4 429.8 432.4 430.7 435.6 437.1 437.7 438.4 438.1 440.4 443.2 446.7 448.2 453.6 457.2 461.8 468.5
387.2 384.7 382.3 379.8 377.3 373.8 375.2 382.1 390.3 394.3 395.4 395.8 396.5 396.8 397.8 398.1 397.7 399.7 405.7 413 420.9 428.2 433.8 439.4 444.3 445.8 446.8 448.9 452.7 457.3 460.8 466.1 473.6 481.1 491.8 503.9 511 515.5 512.8 510.9 509.7 504.6 500 495.7 490 485.8 482.1 478.6 475.7 472.6 469 466.6 462.3 458.8 456 452.3 449.3 445.6 442.3 438.9 436.9 433.8 428.8 426.9 428.4 423.6 430.9 433.1 433.3 434.1 436.4 439 444.1 444.7 449.2 454.5 459.6 462.7
386.5 383.9 381.4 378.9 376.3 372.3 372.5 380.8 385.5 390.2 391.4 391.3 391 392.7 394.2 394.6 397.1 403.1 411.8 420.5 427.6 434.2 440.6 446.7 453.9 457.2 457.3 458.3 459.2 462.6 464.9 470.7 477.9 486.5 496.9 510.1 518.8 522.5 522.8 516.7 511.6 508.4 503.5 499.9 494 490 486.4 482.4 478 475.1 471.8 469 466.1 464.8 462.6 457.2 453.7 448.6 444.2 440.3 437.8 435.6 432 430.2 431.4 428.5 421.4 431 430 430.7 432.6 434.8 437.4 440.4 444.9 449.3 453.5 455.5
386 383.3 380.8 377.9 375.9 371.7 371.5 382.4 384.4 386.7 387.4 386.2 387.2 389.4 388 394.4 402.2 410.4 420 428 435.4 441.1 448.2 456.2 463.9 470.5 469.4 467.8 467.1 469.7 472 475.5 482.5 490.5 502.5 516.4 526.7 531.4 531.8 521.9 516.6 511.7 507.3 502 497.7 494.9 491.1 487.4 483.7 480.9 475.7 472.8 468.7 465.3 462.5 458.2 454 450.3 445.7 440.7 437.4 435.3 433.2 431.9 430.2 428.1 419.8 426.6 427.1 427.3 428.3 429.4 431.5 436 440.5 444.7 446.5 444.9
386.1 383.6 380.9 378 375.8 370.6 371.4 375.9 380.6 381.8 381.2 380.3 380.9 381 389.9 396.9 407.1 418.1 426.5 436 444.6 453.7 463.9 470.5 479.2 483.7 486.4 486.9 481.8 479.4 479.6 480.3 487.5 499.7 511.9 520 531.3 539.9 542.3 537.1 525 514.8 511.7 509.4 501.8 497.5 493.8 489.8 486.9 485 480 477.5 473.1 468.7 463.5 459.2 454.8 450.5 445.8 441.6 438 435 433.4 432.3 429.6 427.2 419.1 422.4 424.3 424.8 424 425.5 427.6 428.2 432.6 433.8 434.2 434.4
386.8 383.4 381.3 378.9 376.3 370.7 367 371.8 375.1 376.4 373.8 372.7 374.3 385.3 392.8 401.3 412.6 423.5 436.8 449.3 461.2 470.9 476.8 482.4 491.4 497.7 506.3 512.1 506.5 497.2 492.7 490.6 495.7 507.8 517.4 528.2 539.7 544.1 541.7 534.8 528.1 514 511.4 510.2 505.7 499.7 495.1 492.1 490 488.7 486.2 484.9 480.6 475.6 468.5 462.9 458.3 454 446.8 442 438.1 435 433.1 431 429.3 426.6 420.6 423.6 422.9 420.9 420.1 421.6 424 421.9 422.9 425.6 426.2 426.8
387 384.6 382.2 379.5 377.4 376.3 366.7 367 369.6 370.9 367.7 365.8 376.5 385.7 395.3 405.1 415.5 428.1 442.1 456.4 470.9 480.4 487.7 494.5 501.9 510.2 517.7 525.4 527.7 519.9 509.6 507.3 507.6 516.1 524.3 533.7 542.7 549.5 543.7 537.5 529.5 522.8 515 510.5 504.1 500.4 495.8 492.9 493 490.4 489.9 489.3 485.2 481.3 475.3 468.5 462.9 457.1 450.8 445.4 440 435.9 432.9 431.1 429.1 426.4 421.4 420.1 421.2 420.8 416.6 414.5 416.3 415.4 416.6 418.5 419.7 418.5
387.8 385.5 383.1 380.7 380.6 379.4 377.9 364.2 361.5 361.3 364 362.5 374.3 386.9 396.1 407.5 418.3 430.4 444.2 458.9 472.9 484.8 496.2 505.5 510.5 519 526.7 532.6 534.8 532.5 523.2 520.4 522.6 527 536 537.4 543.3 547.8 552.4 541.8 531.9 526.3 514.7 508.5 505.9 503.6 497.3 492.3 491.8 489 487.8 487.1 486 482.9 478.9 473.9 467.7 461.5 455.2 449 442.9 438 434.4 431.8 426.1 425.3 424.8 420.3 413.9 411.1 410.6 409.1 407.9 406 406.7 411.2 408.9 408.7
388.5 386.2 384.1 383.6 382.6 381.2 379 376.2 370.8 361.8 358.2 362.6 372.3 384.9 396.9 407.1 417.3 429 444.6 457.8 473.6 485.8 498.9 508.4 515.4 524.9 532.5 539.3 542.3 538.6 534.7 529.6 529.4 533.6 544.3 547.3 544.4 541.7 544.3 542.1 533.8 521.4 518.1 512.1 505.3 499.3 497.5 493 490.3 487.9 486.7 486.3 485.3 482.1 478.9 473.2 468.2 463 457.7 452.1 446.1 441.9 437.5 434.1 429.7 431.1 429.3 427 424.8 423.7 422.5 421 419.4 417.1 413.2 403.3 400.2 407
390 387.3 385.4 384.3 383.9 382.5 380 377 372.2 363.4 358.4 356.8 369.2 379.8 391.9 404.7 416.1 428 441.5 453.8 468.6 483.7 494.7 506.3 516 526.7 535.1 542.2 546.5 545.9 543.6 538.5 539.2 542.7 551.9 554.1 548.6 540.3 536.8 537.5 531.1 524.8 516.9 510.8 504.6 499.3 495.9 493.1 490 486.9 483.7 484.5 482.8 480.1 476.9 472.2 468.6 465.1 459.5 456.2 451.6 447 442.3 438.1 436.1 434.6 432.4 431.1 429.5 428.5 426.3 425 423.8 422.7 421 414.2 399.1 412.2
392 389.2 386.8 386.9 385.4 384.3 382.1 379.4 375.7 369 358.2 355.7 364.8 375.9 388.2 399.9 412.9 425.1 437.7 452.2 465 478.4 491.2 501.9 512.2 524.3 532.5 538.4 545.1 547.7 546.6 545 548.3 548.1 551.3 557 556.3 545.8 536.1 530.6 526.7 521.5 514.4 509.4 505.1 500.4 497 492.9 490.4 487.2 483.7 481.1 480.5 477.8 475 472.8 470.3 466 462.9 459.4 454.9 450.6 446.5 443.7 440.9 437.8 436.5 435.3 433.6 431.8 429 428.1 428.2 426.1 423.3 410 398.7 415.1
395.4 392.2 390.8 389.9 387.7 386 383.9 380.8 376.8 372.2 364.8 355.2 357.5 371 381.1 394.6 406.9 419.6 432.7 448.6 460.6 470.6 484.5 495.2 505.5 516.3 527.8 534.4 539.3 542.3 543 549.4 552.7 551.9 549.7 557 559.2 552.9 542.1 531.6 524.4 517.3 512.4 508.9 504.5 501.2 497.8 494.2 489.4 485.4 482.8 478.8 475.3 471.3 469.1 469.4 464.9 461.6 460.7 456.6 455 452.1 450.3 449.9 446.2 443.8 441.6 440 437.6 436.2 433.6 432.6 432.2 428.8 424.2 414.5 400.8 412.4
399.4 396.2 395.1 391.5 389.7 387.7 385.3 381.7 378.2 373.2 367.8 358.4 353 365.8 374.6 386.3 398.4 412.3 426.9 441.3 455.9 466.8 476.2 488 498.3 509.7 520 526.5 531.1 533.8 536.8 542.6 549.8 550.3 552.7 552.6 556.7 556.1 550.7 538.4 526.6 517.2 511.4 506.4 503.1 500 497.2 494.7 492.7 488.5 483.4 479.9 477.4 474.8 471.8 470 466.8 464.8 462.4 459.7 457 454.8 453.3 450.8 448.7 446.3 444.4 442.9 441.7 440.8 439.5 437.5 434.5 430.2 423.1 412.4 398.7 409
403.3 400.2 398.5 394.9 391.5 388.4 386.1 382.8 379.6 375.6 370 365.2 352.4 357.2 368.4 379.1 390.3 402.8 418.6 432 448.6 461.6 471.5 479.8 489.2 498.3 508.7 516.6 520.1 524.6 529.4 537 539.8 547.2 553.2 555.1 551.4 552.8 552.4 542.8 530.6 521 512.2 506.4 502.5 500.3 497.9 496.1 493.2 490.1 486.3 481.4 478.1 475 472.2 469.6 467.1 465.3 463.4 461.4 460 457.9 455.8 453.6 451.6 449.1 446.5 446.3 447.5 446.5 444.3 440.9 436.3 429.9 420.5 406 389 406.4
408.7 404.4 401.7 397.6 393.8 390.6 387.5 384.9 381.3 377.9 374.2 368.1 361.4 350.5 358.5 371.6 383.1 394.2 407.6 423.4 439 455.7 467.9 476.4 482.6 487.9 494.3 501.9 510.5 515.9 521.9 530.1 537.9 543.9 552.6 556.9 553.9 549.2 546 543.1 531.7 522.4 514 507.3 503.1 501.9 499.8 497.4 493.8 490.2 487.4 483.7 479.4 476.1 473.2 470.3 467.8 465.4 463.7 462.7 461.8 461.7 460.8 459.5 457.1 454.6 451.4 449.6 449.9 448.3 446.1 442.4 436.5 428.8 420.4 403.2 386.6 413.4
414.5 409.7 406.2 401.3 397.5 393 389.9 387.1 384 380.4 377 370.6 362.7 348.9 349 361 374.7 387.2 399.9 415.9 431 445 459.9 469.7 474.4 478.4 482.6 490 496.5 506.6 515.8 524.9 533.7 540.6 548.2 553.8 553.8 550.4 544.5 540.8 534.6 523.9 513.8 508.5 505.8 502.2 500.2 498.1 494.9 490.6 486.8 483.9 480.6 477.3 475 471 468.2 465.8 464.1 462.7 461.6 461.4 462.3 461 459.3 456.7 454.2 452.1 450.9 448.6 446.4 442.9 439 431.2 419.9 397.1 389.1 418.3
