public/OST50/NJ30.asc
ncols 200
nrows 200
xllcorner 330000
yllcorner 800000
cellsize 50
[rows 35 to 69 of 200, columns 78 to 155 of 200]
503 505.4 504.7 500 492.5 481.5 467.8 455.1 443.2 432.4 423 412.3 401.1 379.9 378.4 374.9 378.7 377.5 376.8 382.8 388.4 392.6 397.3 402.4 406.9 411.6 416.6 421 424.5 427.2 429.2 429.3 427.8 428.2 430 435 437.8 442.9 445.5 444.9 444.9 444.7 441.4 436.9 432.3 428.3 423.4 418.9 415.7 412.8 409.3 404.9 403.6 402.4 401.1 399.6 400.2 402.8 400.5 401.6 403.2 406.7 412.7 417.5 422.2 426.8 431.1 435 438.1 439.4 439 436.1 433.8 431.6 429.1 425.9 421.6 417.3
503.6 503.9 500.5 494.9 486.1 473.7 459.4 448.6 438.6 427.5 418.8 408.6 398 385.2 376.8 375.4 379.4 378.8 381.3 388.2 394 399.1 403.8 409.5 413.7 418.2 421.4 427.2 431.6 434.4 436.5 437.2 436.4 438 439.3 443.9 445.1 446.6 447.2 446.9 445.6 443.9 441.7 439.4 436 431.5 427.1 422.8 419.7 416 412.6 408.7 406.4 405.9 404.8 404.1 403 405.7 403.6 403.3 406.1 409.7 414.9 419.3 424.1 428.1 431.8 436.6 440.2 440.5 437.8 434.7 431.2 427.5 423.9 420 416 412.3
503.2 501.3 497.4 489.5 478.1 462.2 453.1 443 432.9 424.3 415.1 404.7 394 380.2 377.8 378 380.1 382.3 385.2 393.4 399.5 404.7 409.8 415.3 420.6 425.6 429.6 433.9 437.7 440.8 443.2 444.4 445 447.4 448.5 451.2 453.8 450.7 448.3 447.6 447.2 445.4 443.3 440.5 436.8 433.4 430.8 427.5 424.2 421 417.1 413.3 409.3 408.5 408.7 407.8 405.6 405.5 405.6 406.2 409.6 412.5 416.6 420.9 425.7 429.2 432.5 436.8 441.3 442.3 438.5 432.6 428.2 423.2 418.6 414.1 410.5 407.3
502.8 499.6 494.6 485.2 473 458.7 448.4 438.2 429.2 421 412.3 401.9 387.6 380 378.8 381.1 383.2 385.6 391.5 398.8 405.6 411.3 416.2 421.6 427.9 434.8 444.2 448.7 451.4 454.1 456.5 457.8 457.2 456.7 456.1 455.7 455.7 453.7 451.3 449.6 447.8 445.6 444.9 441.9 437.7 435 432.7 430.2 427.6 425.2 421.7 418.1 414.4 411.7 411.2 407.8 407.4 408.1 407.7 409.5 412.2 414.7 417.8 421.8 425.6 429.3 433.2 437.4 442.2 443 440.4 431.8 424.7 419.7 414.5 409 404.8 403.5
503.1 499.1 493.1 484.6 474 459.9 446.7 436.1 428.3 419.8 411.7 397.1 385.6 381.4 380.6 385.5 385.4 389 396.3 403.5 410.2 416.7 423.2 429.9 439.4 447 456.4 461 464.1 468.6 473.2 471.6 470.2 469.3 467.3 466.1 463 459 454.5 451.8 448.4 445.5 443.6 440.3 437.1 435 433.3 430.9 429.6 426.9 423.7 420.9 416.9 413.7 410.6 409.3 410.1 409.7 410 412.3 414 416 418.4 422 425.6 429.3 432.8 437.1 441.7 443.4 439.4 429.8 422 417.9 413.6 407.9 402.3 398.6
504.7 500.8 494.6 486.8 474.7 459.9 449.3 438.8 428.2 420 410.1 399.7 389.7 384.8 385.8 389.4 388.5 394.6 401 408.7 416.3 423.7 430.3 437.9 447.3 459.1 467.2 472.1 477.4 482.8 485.2 484.9 480 479.1 479.4 476.5 470.6 463.5 456.1 453.2 448.9 445.7 442.8 439.8 436.6 434.8 433.3 431.1 429.6 427.6 425.3 422.7 418.9 416.6 412.2 410.5 412.3 411.8 411.9 413.3 415.8 418.5 420 421.9 425.5 429 432.5 436.6 440.2 443.6 439 428 420.7 416.1 411.1 406.1 401.6 397.4
507.6 503.4 497.5 490.4 479.4 463.7 452.9 441.8 430.7 421.5 413.9 405.5 389.1 387.9 384.2 392.7 398.8 404.8 410.1 417.7 423.5 428.9 436.3 444.5 457.1 467.4 475.9 482.8 489 493.4 496.4 492.7 488.2 486.3 486.6 481.4 477.5 467.2 459 453.7 449.3 446 442.1 439.3 436.7 435.3 433.7 431.8 429.6 427.7 425.7 423 420 417.4 415.2 411.7 412.8 414.3 415.4 416.3 418.2 419.3 420.8 423 425.4 428.2 431.3 434.9 438.5 441.1 437.5 427.7 420.9 414.9 409.8 405.7 400.8 396
511.7 507.7 502.8 494.3 484.7 469.7 458.2 445.4 433.1 425.1 416.5 402.9 390 392.8 385.6 400.2 409.4 415.3 421.2 426.7 430.3 435.4 442.5 451.1 462.2 474.3 484.3 493 500.2 505.5 505.5 502.6 500.5 494.3 495 486.5 478.1 468.5 461.2 455.5 452.1 446.4 442.5 440 437.8 435.8 434.2 432.5 429.6 428.6 426.9 424.6 421.9 419.6 418.6 416.8 413.8 416.7 418.5 419.4 419.5 420.9 421.9 423.7 425.4 427.8 430.1 433.4 437.1 439.9 435.5 428.7 420.5 413.8 409.3 405.1 400.8 395
518.1 514.2 508.8 501.7 490.4 478.7 466.6 450.4 436 426.6 417.9 406.5 392.6 389.8 391.4 408.5 418.3 424.8 430.3 436.4 442.7 447.5 451.9 459.1 469.8 480.3 490.4 499.2 507.4 513.8 514.3 514 510.6 501.7 499 491.7 481.2 470.2 462.2 456.6 451.2 446.6 443.6 441.2 439.4 437 435.1 433.4 432 430.5 428.9 427 424.8 422.8 421.7 420.1 418.7 416.2 417.4 419.4 421.7 421.7 422.3 423.8 425.9 428.1 430 432.4 435.7 438 435.1 428.2 419.8 412.8 408.4 404.3 400.4 395
523.9 519.4 513.9 507.2 496.2 484.4 472.8 455.3 440.6 432.2 419.1 407.3 395.1 390.7 396 415.1 425.7 433.7 443.4 450.1 455.5 459.5 464.4 470.3 478.4 487.6 495.5 504.4 514.2 521.6 522.9 522.8 518.5 512.5 504 492.9 482 472.3 465.4 457.7 451.1 448 446.2 444.5 441.3 437.7 436.3 435.4 434.2 432.7 431.1 429.2 427.1 425.6 423.5 421.7 420.2 417.6 417.7 420 421.7 421.4 422.9 424.7 426.7 428.5 430.9 433.6 437.3 438.2 436.4 428.8 420.8 413.7 408.3 404 400 395.3
528.3 523.8 518.2 510.4 497.9 487.1 474.8 459 445.1 431.8 419.9 405.5 396.8 399.8 402.2 421 431.1 442.7 453.4 461.8 468.8 472.4 476.4 480.8 488.7 496.7 503 512.6 520.5 526.5 531.4 530.1 525.2 519.5 508.7 496.2 484.7 474.1 465.5 457.7 454.8 451.9 449.7 447 443.7 439.9 438.5 437.4 436.4 434.9 433.2 431 428.8 426.6 424.7 423.2 421.8 420.5 418.4 420 421.5 422.2 422.9 424.9 427.3 429.5 431.5 435.6 439.7 441.2 438.1 430.4 423.3 415.2 409.8 405 400.7 398
532.4 527.3 519.7 510.7 498.1 486.9 473.8 459.6 446 432.6 419.4 408.3 402.2 398.2 411 424.6 435.8 449.3 461.2 472.2 480.2 483.4 487.6 493 499.3 504.8 509.8 516.4 525.5 534 539.9 537.3 532.8 521.9 512.6 502 488.1 475.7 466.8 461.2 459.2 455.8 452.3 448.8 445.2 442.6 440.6 439.7 438.1 436.5 434.4 431.9 429.2 427.5 425.6 424.2 422.8 422 420.4 419.3 420.7 421.5 422.3 424 426.8 429.4 432.7 436.9 441.9 442.9 438.6 431.5 424.2 416.1 410.7 405.6 401.8 400.3
535.3 528.9 520.4 510.1 497.9 485.8 471.5 459.2 447.2 433.1 421.6 410.7 399.6 408.6 422 427.8 439.4 454.3 467.8 482.1 488.4 494.1 499.4 505 509.8 514.1 517.5 526.9 533.2 540.6 545 544.6 542.8 532 520.4 507.1 490.3 477.7 469.4 464.7 461.7 457.9 453.5 450.1 447.2 444.7 442.4 440.6 439.4 437.6 435.5 433.2 430.2 428.8 426.7 424.8 423.5 422.3 421.8 419.2 418.4 419.7 420.6 422.7 425.7 429.2 432.2 435.8 439.8 440.6 436.7 430.1 423.3 416.4 410.3 405.9 402 400.2
536.6 529.5 519.9 508.3 495.7 483.2 469.8 458.6 448.5 436.2 426.1 416.3 402.8 414.3 428.7 432.3 443.3 459 477.2 487.6 495.5 503.9 510.5 514.7 519.1 523.4 529.4 535.4 540.6 546.4 552.1 552.8 552.8 543.4 528.5 509.3 493.6 479.7 473.1 469.4 464.8 459.5 455.2 451.7 449.2 446.2 444.5 442.3 440.7 438.3 436.1 433.8 431.2 429.6 427.3 425.3 423.8 422.2 421.4 419.4 417 417.8 418.3 421 424.3 427.2 428.8 432.9 436.7 437.4 434.3 428.4 422 415.2 409.2 405.3 401 398.4
539.6 528.7 518.3 504.9 492.9 483 470.4 461.1 450.8 439.5 430 418.1 407 417.3 431 435.3 446.3 464 480.2 491.7 501.2 512.4 521.6 527 530.5 533.5 538.7 543.8 549.7 555.8 560.3 562 558.7 547.8 532.1 513 495.7 482 479.4 474.7 467.8 461.6 457.2 453.7 450.3 448 447.1 445.2 442.3 439.2 436.5 434.2 431.7 429.3 426.9 425.2 423.4 421.7 420.7 418.5 416.2 416.2 417.1 416.9 421 424 425.7 427.6 431 432.5 429.8 425.1 419.4 412.9 407.3 402.7 398.1 395
542.4 530.7 517.2 505.6 493.5 482.4 469.9 461.7 452.4 441.8 431.3 421.7 416.3 415.7 430.7 437.4 448.1 464.5 479.4 493.9 505.9 518.7 529.5 536.6 540.4 543.7 547.7 552.5 559.5 564.2 568.2 568.3 564.2 549.2 535.4 517.7 497.4 486.8 485.5 478.2 471.3 465 459.7 455.7 452.9 451 449.5 446.7 443 440.2 437.1 434.3 432.1 430.1 427.1 424.6 422.7 420.9 419.5 417.6 416.3 415.4 415 415.1 416.7 419.9 421.5 423.5 425.6 425.9 423.5 419.4 414.4 408.9 403.9 399.5 395.2 391.4
542.4 531.1 517.8 505.6 494.2 482.5 472 463.8 454.5 445 435.8 427.2 428.9 411.3 430.3 438.4 449.8 465.1 480.3 494 507.8 521.7 533.9 542.9 548.4 551.3 555.2 561.3 569.7 573.6 577.2 575.8 569.2 553.1 538.6 523.3 503.5 492 491.9 483.1 475.1 468.2 462.6 458.6 456.7 454.1 451.5 448.6 444.1 441.7 438.8 435.8 433.1 431.4 428.1 424.9 422.9 420.6 419 417.2 415.8 414.1 413.6 413.3 413.4 415 416.9 418.4 419.3 419.2 417.1 413.6 408.9 404.6 400.7 396.7 392.3 388.6
540 528.2 517.1 506.5 495.6 484.9 475 466 457.3 449.4 441 432.4 429.5 414.3 428.4 437.9 450.5 465.5 479.6 491.5 506.6 522.3 533.2 543.4 551.5 556.8 561.4 569.1 576.1 580.7 584.3 582.1 573.6 557.7 542 526.9 507.5 502.8 496 486.8 478.8 472.4 466.3 461.7 459 456.6 455.3 452.8 449.8 447.1 443.9 440.3 436.2 432.9 429.4 425.9 423.3 420.8 418.8 416.9 415.1 413.6 412.1 411.6 411.6 411.4 412.3 413.9 414.7 414.5 412.2 409.1 405.3 401.9 398.4 394.7 390 386.7
538.3 526.5 515.6 507.2 497.3 486.5 476.6 468.1 459.4 451.4 440.8 437.4 428.8 418.9 427.3 437.9 449.9 464.6 478.2 489.8 504.1 518.9 531.6 542.8 552.8 559.4 565.8 573.5 580.8 586.2 589.3 587.4 580.5 564.5 548.7 530.9 515 506.1 499.3 491.2 483.1 477 470 465.8 462.7 462 460.7 459.8 457 453.1 450.9 444.9 439.4 434.9 431 427.3 424.5 421.2 419.9 417.5 414.9 414 412.5 411.2 410.7 410.1 409.8 409.9 410.8 410.6 408.8 405.8 402.8 399.5 396.2 391.9 387.5 385.2
534.4 524.3 515 506.3 496.2 485.5 476.3 468.3 460.5 450.7 445.4 440.2 444.5 424.8 424 438.4 450.7 463 478 489.4 501.5 516.1 529.3 541.8 553.6 561 567.1 576.2 584.2 592.4 595.7 593 586.8 573.6 558.1 540.4 522.8 510.8 503.6 495.8 487.5 481.1 474.9 474 472.5 470.9 468.8 466 462.9 458.8 455.6 449.5 441.6 435.3 433.2 429.5 425.3 422.4 419.7 416.9 416 414.3 412.8 411.6 410.6 409.7 408.6 408 406.8 406.2 404.9 402.8 400.5 397.7 394.6 390.1 387.2 384.8
530.2 521.7 511.5 503.8 494.1 483.9 475.6 468.7 461.1 456.6 451.9 446.5 446.4 430 423.9 438.5 452.3 463.8 477.1 488.2 499.9 513.2 527.6 540.9 551.9 561.4 570 578.2 587.4 597.7 603 599.7 594 582.8 568 550.1 532.3 520.3 511.7 503.4 494.2 486.3 481.4 481.5 482.6 481.5 477.8 471.9 468.1 462.8 458.9 452.1 444.4 437.5 435.2 432.1 426.9 422.9 420.1 418.3 416.4 414.7 413.2 412 410.8 409.5 408.3 406.9 405.2 404.1 401.9 400.2 398.6 396.2 392.8 389.2 387.2 384.8
528.1 518.7 509.6 501.9 493.6 485 477.5 471.6 467.8 462.6 457.3 451.3 448.5 443.1 423.8 432.4 449 464.2 477.3 488.7 497.9 511.9 527.7 540.7 552 562.5 572.2 579.1 590.5 602.8 609.6 608.4 602.7 592.2 577.6 560.6 543 530.6 520.3 512.5 502.6 494.7 492.4 492.6 493.5 492.3 486.6 478.7 471.2 464.7 460.2 454.1 446.1 440.4 436.4 432.9 427.9 423.1 419.2 418.2 416.1 415.4 413.1 411.6 410.7 409.3 408.3 406.6 405.3 403.6 401 399.5 397 394.5 391.7 389.8 388.1 385.7
528.6 522.5 513.1 504.8 496.4 488.4 482 477.5 472.6 467.8 461.4 455.7 450.4 447.5 431.2 431.5 451 467 478.9 489.4 498.9 511.8 531.2 545.2 555.7 566.9 575.7 584.8 599 610.4 616.5 615.8 609.4 598.1 585.7 570.2 552.7 539.9 527.5 518.8 509 499.3 506.2 508 505 503 494.6 483.3 474 468.1 464.9 455.8 447.6 442 437.3 433.7 429.1 424.3 420.2 418.8 418.3 416.8 414.3 412.1 410.3 409.2 407.8 406.2 404.8 403.2 401.3 399.1 397.4 394.6 392.5 388 382.9 377.8
533.6 527.1 519 510.8 501.4 493.8 488.6 484.3 478.3 472.1 465.6 459.1 453 445.7 429.1 438.8 452.4 468.2 481.1 492.7 504 518.7 537.9 554.2 563.4 576 586.3 595.2 604.9 614.6 620.5 620.8 612.8 604.6 592.4 577.5 561.7 548.1 534.5 524.9 515.6 515.2 519.7 520.8 517.8 510.4 500 485.5 476.3 470.9 467.3 456.5 449.8 443.6 438.9 435 431.3 427 422.9 421.5 420 418.3 415.5 413.2 410.8 408.6 407.4 405.6 404.2 402.6 400.7 398.8 397.2 395.1 393.4 391.6 389.2 388.3
542.5 531.2 525.2 517.8 509.6 501.6 495.6 490.8 484.6 475.9 468.1 462.4 456.4 447.8 436.3 438.1 453.9 469.7 483.5 496.6 510.4 527.4 546.2 560.7 571.8 583.5 593.3 600.3 612.6 620.4 623.8 624.3 617.7 610.3 598 583.1 568.1 554.6 541.8 530.5 524.1 527.5 533 530.6 523.2 514.5 501.7 485.9 480 471.2 468.6 458.4 451 445.5 442.3 438.8 434.2 430.2 427.1 424.4 422.1 419.7 417 414.5 412.2 409.1 408 405.8 403.8 401.7 399.6 398.3 396.6 394.9 392.6 391.3 390.4 387.7
550.4 539.6 532.9 524.2 516.6 509.3 501.9 495.7 489 479.7 472.9 466.2 459.2 450.5 435.6 440.3 453 472.3 484.8 499.1 515.8 533.4 551.8 564.5 576.1 589.6 600.4 607.5 615.7 623 626.6 626.7 621.6 615.2 605.3 589 574.7 561.6 548.3 535.3 538 542.2 544.6 541.1 532.5 519.8 503.4 487.9 484 478 471.1 462.8 454.1 448.7 444.8 442.5 438.9 434.5 430.7 427.8 425.3 422.2 418.9 416.2 413.7 411.4 408.8 406.2 403.7 401.6 399.6 397.9 396.5 395.1 392.9 392 390.4 380.9
557.2 546.8 538.5 531 523.7 515.6 506.9 500.4 493.6 485.7 478.7 470.1 462.6 454.3 439.4 442 447.8 464.1 484.8 501.7 517.4 536.4 554 565.7 576.9 594 604.1 611.8 618.3 625.6 630.1 631.5 627.7 621.5 611.1 596.9 580.6 568 554.3 547.7 552.1 556.8 557.6 550.7 539.2 525.2 507.6 494 487.4 478.8 473.1 463.4 458 452.3 449.3 445.6 442.8 438.4 433.8 431.2 427.9 424.6 421.2 418.8 415.5 412.7 410 406.7 403.9 401.3 399.8 397.6 396 394.5 393.3 392.1 390.7 387.8
563 552.6 543.9 537.2 529.6 520.8 511.9 504.2 497 490.2 482.7 473.7 464.4 457.9 441.4 444.2 446 458 484.1 503.6 520.3 540.7 556.4 568 578.8 594.9 607.2 615.7 620.9 628.9 636.6 640.4 639 630.6 617.2 604.2 589.7 575.3 561.6 559.5 563.5 567.4 568.1 559.9 544.4 530.8 515.3 503.2 492.6 485.3 476.1 469.4 463 457.5 453.3 449.5 446.2 442.5 438.2 434.5 431.2 427.9 424.4 421.3 418.4 414.5 411.9 408 405.2 402.8 400.5 398.2 395.3 394.4 392.8 391.5 389 386.7
568.7 558.6 549.8 542.7 534.4 525.9 516.2 508.9 501.8 494.1 485.7 475.2 466.3 463.6 443.3 447.5 449.5 457.3 473.3 500.9 522.1 539.1 556.5 568.6 579.6 595.9 607.7 616 623.9 634 643.5 650.7 648.4 636.5 623.8 609.1 596.8 582.4 571 570.5 574 576.2 575.2 568.6 549.3 537.5 525.9 512.7 498 490.1 481.7 475.8 469.5 463 456.7 453 450.3 446.2 441.7 438.6 434.8 430.3 428.1 424.1 421.1 417.4 414.1 411.2 408 405 402.4 399.6 396.6 394.4 392.7 391.1 390.2 389
577.9 567.6 556 547.4 538.7 530.5 521 513.4 507.2 499 491.2 482.2 469.7 460.3 444.8 446.2 449.3 475.3 472.2 498.1 521.8 539.4 555.8 568.1 581.6 595.2 606.4 616 624.4 639.9 651.6 658 652.6 639.2 628.4 611.5 601.9 591.8 580.6 580.7 582.8 583.2 582.5 574.4 561 543.1 534.6 519.9 506.2 495.6 487.7 481 475.9 470.9 461.3 457.4 453.7 450.8 446.5 443.2 438.7 434.9 431.4 427.9 424.6 423.2 419.3 415.5 412.1 409.6 406.2 402.4 398.6 395.1 392.9 391.2 390.3 389
592.4 579 563.9 552.5 543.8 534.7 525.6 518.6 512.3 505.8 496.6 487 473.3 458.7 465.7 449.5 462.5 476.6 481 492.5 520.3 537.1 554.3 567.6 580.3 593.4 604.3 613.2 626.5 643.6 655.5 660.6 656.1 643.7 632.2 620 610.7 600.1 592.3 595.8 598 597.2 595.2 588.9 574.4 561 541.7 528.3 514.1 502.7 495 488.8 480.7 474.5 467.8 461.4 458.4 455.7 453.4 451.5 447.7 442.3 437.2 433.3 432.2 432.4 430.3 427.6 421.8 417 411.7 406.5 401.2 396.1 393.5 392.5 391.3 390.2
611.4 596.7 581.5 561.7 547.4 538.3 529 523.8 517.6 511.2 503.1 491.8 474.7 464.3 467.3 455.6 465.9 477.4 495.8 498.4 520.2 537 554 568 579.3 592.2 602.9 612.5 629.7 641.8 651.7 657.7 655.1 647.3 637.9 630.4 620.4 610.9 602.9 605.1 607.3 607.1 604.6 600.2 589.7 572.7 559.6 541.5 520.3 509.6 501.2 494.4 486.9 480.9 474.6 469.8 465.6 461.1 459.8 456.9 453.1 449 445 442.8 439.1 440.9 443 438.9 433.8 426.5 421.5 414.8 406.6 400.1 395.7 393.9 392.8 391.6
627.6 613.5 595.2 576.7 562.9 545.6 534.8 529.5 523.8 515.2 506.5 496.5 483.2 464.5 466.2 455.8 468.8 480.6 493.1 508.5 520.2 535.5 549.3 565.2 578.5 592.1 602.5 614.7 626.8 638.1 650.1 657.5 656.6 650.1 642.9 637.4 631 615.7 614.6 617.3 619.1 620.1 618.2 613.3 602 586.4 571.5 552.6 531.8 517.5 508.3 499.7 492.1 487.5 480.8 475.9 471.3 467.9 466.3 462.6 458.4 455.1 453.5 451.4 451.4 452.3 452 449.9 445 438.4 431.1 422.4 412.9 405 399.6 396.4 395.6 394.9
641.9 625.8 606 585.8 572.1 554.4 541.8 536 529 520.2 510.1 499.2 486.5 468.8 472.6 463.6 460.3 480.2 488.3 508.6 520.4 535.1 550.2 564.6 578.4 593.2 603 615.7 626.9 638.6 650.9 658.8 657.9 653.3 646.4 642.7 638.2 626.3 627.4 629.1 631.8 633.5 636.2 634.5 617.9 600.4 587.1 565.6 547.4 530.1 521.4 508 498.4 493.5 488.8 483.7 478.8 475.1 473.2 470.3 466.4 466.2 464.2 463.2 463.1 461.9 459.2 455.9 452.3 447.1 438.1 428 417.8 409.1 402.3 402 401.9 400.3
651.3 635.9 611.6 595.8 577.4 565.2 553.7 544.4 536 525.8 514.6 500.9 489.7 479.7 476.4 464.4 466.4 470.7 494.2 507.8 520.7 534.7 551.2 566.1 578.1 592 603.4 615.5 627.1 641.2 652.8 660.3 660.9 656.3 651.5 647.7 643.3 635.3 638.5 637.5 640.9 643.9 645.5 642.8 631.9 615 599 580.9 559.1 538.5 528.9 516.2 504.2 503.2 496.7 490.6 486.7 481.9 480.2 478.2 476.6 475.3 473.1 472.5 471.3 468.7 465.3 461.4 455.7 450.1 441.3 430.5 421.1 413 411.3 411.1 410.5 406.7
