public/OST50/NJ31.asc
ncols 200
nrows 200
xllcorner 330000
yllcorner 810000
cellsize 50
[rows 35 to 69 of 200, columns 0 to 77 of 200]
491.6 499.4 508.5 517.6 524.5 527.2 532.1 539.8 546.2 546.9 548.2 544.3 532.6 522.7 514.9 524.1 547.6 564.6 581.5 593 601.9 607.1 607.4 605.8 601.5 597.3 591.5 585.2 577.1 566.1 559.9 555.6 550.3 544.8 539.5 538.1 536.7 541.6 543.8 543.1 540 534 524.7 502 505.1 497.4 487.7 478.3 461.7 459.7 469.2 476.5 484.2 491.3 499 506 508.5 504.9 495.2 488.5 479.8 467.5 453.8 444.6 435 427.4 419.4 412.7 409.4 390.2 379.4 379.4 384.7 405.5 418.3 432.7 445.1 456.5
481.6 491.5 497.5 502.4 510.4 515.3 520.1 525.2 530 534.2 535.4 527 516.7 507.1 505.6 528.8 549.1 567.6 583.2 595.6 605.8 612.4 613.8 610.3 607.4 603.4 597.1 590.4 580.8 572.7 566 561.6 556.1 552.2 548.4 547.3 546.5 548.3 550.8 550.5 546.8 540.5 527.3 520.9 521 517.2 509.1 493.7 469.8 475.6 487 493.9 498.3 506.9 515.7 519.7 520.6 514.5 503.7 495.8 484.9 468.4 456.7 447.9 436.3 428.3 420.4 413.4 406.5 394.4 381.4 382 394 407.9 419.8 433.8 446.2 457.8
468.3 479.4 485.1 487.2 491.6 496.7 502.5 510.1 516.7 521 519.2 507.1 500 489.7 507.6 531.8 552.6 569.8 587.2 599.2 611.2 618.3 621.1 617.9 613.2 608.8 601.9 596.1 589.1 578.3 572.6 567.5 563.5 559.9 557.5 558.4 557.2 558.4 559.6 557.5 552.8 544.6 538.1 535.4 533.5 529.7 523.3 503.3 485.6 490.5 502.2 507.7 514.8 523.7 531.2 531.2 528 521.2 510.5 502.3 488.8 472.4 458.4 448.7 437.5 429.3 421.5 413 403.5 397 384.4 384.5 398.7 410.8 421.9 435.1 448.1 459
453.3 460.7 467.5 470 472.5 477.9 488.4 496.3 503.2 506.1 497.6 491.6 480.9 493.5 515.6 538.3 557.8 576.5 591.1 603.3 615.4 624 630.1 624.5 619.7 615 609.2 600.2 596.1 589.4 581.9 576 572 568.1 568 568.3 566.9 565.9 565.5 562.4 558 553.6 549.4 544.4 542.8 539.3 532.5 514.3 495 502.6 514.3 520.8 529.4 542.1 542.2 540.4 534.7 525.5 514.7 504.7 489.6 473.7 460.5 448 436.4 429.6 421.1 413.9 408.1 400.3 391.2 383.2 397.2 411.2 422.5 435.5 448.3 460.5
464.5 450.8 449.6 447.1 453.1 460.4 470.9 482.2 489.1 491.5 479.9 470.2 483.8 504.6 525.3 546 564.6 582.3 595.6 607.8 619.9 629.3 633.9 632 627 620.4 614.9 609.7 603.8 598.3 593.4 588.7 583.4 579.6 578.3 577.3 574.6 572.6 570.6 567.4 563.9 561 557.7 553.4 551.9 547.6 541.1 523.4 499.9 515.6 526.7 536.5 549.6 554.2 551.7 548.3 540.3 529.2 519.3 507.3 492 475.7 458.7 447.9 437.7 431.1 424.2 417.9 412.7 406.7 402.7 384.1 394.3 411.6 422.1 434.9 448.4 461.7
480 471.6 465.5 459.8 447.7 443.2 449.2 461.6 473.3 477.7 461.5 471.3 491.7 511.7 532 552.1 570.5 586.9 599 610.4 621.7 630.7 635.8 635.9 630.8 625.1 621.5 616.4 611.1 607.9 603.8 600 595.7 591.9 589.4 587.1 583.5 580.8 577 574.5 571.8 568.4 565.3 562.6 559.7 555.9 550.1 534.9 518.4 529.8 539.4 552.8 560.3 563.2 560.2 556.9 545.6 532.9 523.6 510.1 494 476.8 459.3 448.7 440.3 433.6 429.1 429.6 417.7 409.8 404.6 387.9 386.1 408.5 422 434.7 448.7 462.4
496.4 489.8 481.5 471.9 463.8 453.3 440.1 441.9 453 461 452 475.2 496.1 517 537.1 556.5 575.3 589.1 599.8 610.3 621.2 630.7 636.3 639 634.2 628.9 625.9 622.1 618.3 615.4 612.5 609.7 606.4 602.9 599.4 595.1 591.9 588.2 584.5 582.1 578.4 576.3 572.4 570.4 567.7 564.7 558.4 538.5 538 546.1 557.2 563.7 568.4 570.7 569.2 563.5 551.3 537.1 528 513.1 495.1 480 463.6 451.3 444 438.4 432.9 428.1 420.5 413.4 407.9 401.7 391.1 400.2 421.7 433.8 448 461.8
507.6 501.4 492.6 485.5 473.7 464.8 456 437 437.9 441.6 456.4 478.3 499.8 519.6 539 558.1 575.5 587.3 596.8 606.3 617.4 626.8 636.5 638 634.6 631.4 629.1 626 624.1 621.9 620.4 617.2 614 610.7 606.7 603.9 598.9 594.8 591.6 588.5 585.4 582.4 580 577.2 574.4 571 566.6 559.5 562.3 565.5 568.8 572.6 576.2 579.3 576.2 568.9 556.5 543.1 532.2 517 498.1 482.9 468.5 455.8 449.2 442.6 438.6 435.7 426.4 418.6 411 398.8 388.8 401.7 421.7 433.4 445.8 457.9
522.1 515 504.8 496.3 486.4 473.4 466.4 457.9 433.9 436.1 451.4 477.5 499.5 518.4 536 554.3 570.2 580.6 590.3 599.6 609.7 619.6 628.9 632.5 632.4 631.6 630.7 630 628.9 628.2 627.3 624.8 621.1 617.6 613.4 608.9 604.8 600.5 596.6 593.7 591.1 588.3 586.1 582.9 579.7 576.3 567.1 572.9 573.5 575.8 577.8 579.9 582.2 584.2 582.2 573 559.1 549 535.4 520.1 499.9 486.9 471.1 460.9 454.1 451.3 447.9 440.3 432.7 421.9 407.2 392.8 393.5 409.8 423.9 434.2 445.5 456.4
536.5 526.2 516.5 503.9 497.3 482.1 472.5 463.4 444.7 433.2 441.8 472 493.8 513.1 528.9 545.5 561.1 571.3 579.5 588.8 599.1 609.1 618.6 624.8 628.1 629.4 630.9 632.2 632.9 633.2 631.9 631.5 627.7 623.4 618.9 614.1 609.5 604.7 601.4 597.7 595.6 593.2 590.9 588 584.1 579.9 579.1 579.6 580.9 582.8 584.8 586.5 588.6 589.7 587.2 577.7 562.7 552.7 539.4 523.7 504.9 491.6 477 468.3 462.1 458.5 454.1 446 439.1 428.2 409.5 393.2 405.7 419.3 428.1 437.4 446.4 456.3
548.4 538.2 525.7 516.2 503.7 494.9 480.4 465.9 443.8 429.9 436.1 458.5 482 500.5 515.8 533.7 549.2 559.5 568 576.3 584.2 593 604.4 614.3 620.8 625.2 629.1 632.6 635.5 636.8 636.6 635.2 633 627.2 623.4 617.8 612.5 607.9 603.4 599.8 598.1 596.3 594.1 590.5 587.2 581.8 584.5 585.2 586.8 589.9 592.1 592.8 594.8 593.6 588.6 578.2 568.5 557.5 544.7 527.8 510.1 498.9 484.1 475.7 468 463.4 458.3 449.1 441.9 431.8 408 396.2 413.9 421.5 428.4 436.3 444.1 453.4
558.3 548.8 535.9 525.3 512.7 501.2 489.1 465.5 446.4 428.1 433.3 442.9 463.8 478.8 497 518.3 532.6 541.8 547.9 556.1 567.7 578.8 590.3 600.1 609.1 617.4 626.9 632.9 637.6 640.5 641.6 640.8 637.2 632.1 627.2 621.3 614.9 609.3 604.6 600 598 595.8 593.5 590.7 587.5 586.9 588.6 589.9 592.1 595.3 597.8 599.2 600.1 598.3 588.9 578.3 571.2 561.6 548.2 531.8 515.6 505 493.3 483 470.5 464.6 462.4 453.5 446.4 435.6 410.1 402.9 415.4 421.8 428.2 434.4 442.5 452.9
567.5 555.5 546.4 532.7 519.8 507.9 495.5 471.6 452.1 432.6 426.1 431.5 437.9 452.9 476.9 499.9 511.1 518.1 526 537.5 550.6 564.1 577.2 588.9 601.5 613.8 623.7 632.7 639.2 643 645.2 645.6 642.4 636.5 630.9 624.3 616.9 609.5 602.3 597.8 595.5 592.1 590.2 588.6 587.9 589.8 591.1 593.5 595.9 600.4 602.5 603.6 603.7 601.3 588.6 579.4 573.1 564 549.6 531.7 518.9 508.2 497.5 483.1 472.3 470.9 465.6 457.7 448.8 439.2 420.7 401 409 418.6 427.4 433.9 442.1 451.1
573.1 563.9 552.3 540.4 527.3 515.7 501.3 480.2 461.4 441.8 424.2 425.4 426.2 438.9 466.2 475.3 483 490.2 500.8 515.6 531.2 547.7 562.6 581.3 597 611.7 621.4 631.5 642.2 646.4 648.7 648.7 645.7 640.9 634.6 627.7 619.2 609.5 600.5 592.9 589.7 588.1 586.2 585.1 585.3 587.8 589.8 595.1 598.3 601.6 604.5 605.5 604.6 599.6 589.1 581 573.4 562.7 549.3 532 521.6 510.3 500.8 489.2 474.8 475.3 466.2 459.2 451.2 441.3 430.7 415.8 402.7 410 423.1 434.5 443.4 454.6
578.5 569.9 555.5 545.9 534.2 522.4 505.9 489.2 468.5 451.7 433.4 421.5 423.5 430.3 443.1 448.7 468.4 486.8 501.5 513.2 526.5 539.4 553.6 575.8 594.6 611.5 621.8 635 644.7 650.5 652.8 653 649.8 645.1 638.3 629.7 622 611.8 600.4 589.4 577.5 580.5 579.1 577.8 581.2 584 587.8 592 596.8 600.3 603.9 606.2 603.6 597.7 589 581.6 572.8 560.7 546.8 532.9 523.2 512.1 500.6 493 475.7 474.5 466.1 459.2 450.6 441 431.7 419.6 405.2 408 422.2 435.8 445.7 453.4
578.7 572.7 559.3 548 537.6 526.1 512.9 490.3 472.3 455.2 436.7 423 422.6 429.3 453.2 473.8 491.2 508.8 521.4 533.3 544.8 557.5 568.8 581.7 600.3 615.7 627.3 639.3 649.6 653.8 656.3 656.3 653.5 648.7 641.1 633.2 625.4 616.6 604.7 593 575.6 566 567.6 570.1 574.2 577.8 582.2 587.1 592.2 596.2 601.2 604.4 603.3 596.9 588.3 581.2 571 558 542 531 523.5 512.2 499.3 490.5 479.8 473.2 464.9 459.4 448.2 437.7 429.2 413.8 408.5 410 427 436.7 448.7 459.5
573.9 567.5 557.2 550.7 540 525.7 514.5 491.9 473.4 453.1 435.8 421.5 419.7 433.5 464.7 488.5 510.5 529.2 541 551.3 562 573.5 584.4 595 609.2 623.2 633.4 642.9 651.3 656 658.2 658.5 656.5 651.7 644.8 637.3 629.2 620.4 609.8 598.2 578.9 563.3 554.8 558.9 564.7 568.8 573.6 578.9 584.4 590 595.8 602.1 602.2 596.5 587.4 579.4 568.4 554.9 538.3 527.1 519.9 507.1 494.9 486 477.2 466.1 463.1 455.1 444.2 432.5 418.6 408.8 408.9 418.2 430.7 438.1 452.5 462.3
559.1 558.5 551.7 549.4 536.7 524.8 513.8 490.5 470.9 448.1 429.9 415 417.9 444.5 475.2 501.4 524.3 541.3 554.1 568 579.6 592.4 601.5 611.7 620.5 629.2 637.6 644.8 651.1 655.1 657.8 658.3 656.6 652.7 646.5 639.4 632.4 623.8 614.5 603.8 587 569.7 554.6 543 549.9 554.7 560.6 566.1 573.6 581.4 589.3 598.2 602 593.2 583.2 575.6 564.8 550.9 534.1 519.9 510.9 496 488.3 480.1 470.6 464.8 457.8 449.1 438.2 424.7 409.1 408.6 413.8 425 432.9 440.7 452.3 465.4
542.6 542.2 543.1 541.3 531.2 522.9 510.4 487.1 463.7 444.1 424.8 413.5 426 453.2 484.2 508.7 531.5 548.6 563.4 577.9 591.1 602 611.3 619.4 626.3 632.6 639.2 645.3 650.5 653.2 656.1 656.3 654.1 650.6 646.6 641.6 634.9 627.3 618.6 609.6 597.4 577.7 562.3 547.2 533.2 537.8 543.5 553 561.8 570.3 580.3 592.1 591.9 582.9 577.4 570.6 560.5 543.6 524 510.1 495.7 485.3 477.9 472 465.6 458.7 451.6 443.3 433.9 415.5 407 412.3 421 427.7 433 441.6 453.5 466.5
527.7 525.4 526.8 528.9 524.3 518.3 505.3 480 459.4 438.7 421.9 412.6 432.2 461.5 490.1 514.5 537.2 555.4 570.2 586 597.8 608.1 617.2 624.7 630.4 635.8 640.6 644.6 648.9 651 651.9 651.3 649.9 648.2 646.1 641.8 635.2 629.5 621.3 613.3 604 590.5 573.9 557.7 542.9 521.2 525.5 536.5 547 556.8 566.9 575.6 574 572.5 568.7 562.9 550.6 533.1 513.6 499 483.1 475.9 466.3 462.7 458.4 452.1 444.1 432.8 428.6 412.9 406.4 413.1 421.4 427.2 433.2 443.1 453.6 467
508.5 512.2 515.5 515.3 515.2 511.7 500.3 476.2 453.5 434.5 416.5 416.5 438.3 467.6 494 518.5 541.3 560.5 576.1 591 602.2 612.4 620.8 627.2 632.5 636.9 640.8 644.2 646.6 647.1 646.5 645.3 644.5 644.6 643.1 639.5 634.3 628.3 623.5 616 608 597.9 586 569.4 552 533.1 502.8 518.6 530.3 539.8 547.7 551.7 553.8 557.8 557.1 549.4 538 521.1 505 484.3 475.8 460.5 457.8 455.4 450.5 444.6 434 427.9 423.4 415.5 405.7 411.6 420.4 426.9 434.6 443.7 455 468.3
493.1 497.8 500.3 503.5 505.1 502.7 494.8 469.7 451 430.7 409.8 419.8 444 472.5 496.8 522.8 546.5 565.4 581.9 595.5 606.7 615.3 622.7 628.3 633.1 637.1 639.7 641.9 642.7 642.1 641.1 638.5 637.6 638.5 637.5 635.1 631.5 627.8 623.4 617.9 609.5 601 590.7 578.5 562.9 542.6 516.9 494.5 512.7 522.8 528.4 533.1 537.3 542.1 543.1 537.6 525.7 511.1 492.4 476 463.7 456.7 452.8 447.7 443.3 436.1 428.1 423.5 418.8 413.5 403.9 410.6 419.3 426.1 432.7 443.2 452.8 466.9
475.6 480.7 487.1 489.6 489.9 490.8 484.8 463.8 441.5 426.2 407.7 422.8 449 475 499.4 526.4 551.6 570.8 586.2 600.2 610.4 617.5 623.2 628.3 633 636.4 638.2 638.6 638.9 636.7 634.7 632.1 631.3 631 630.4 629 627.3 625.7 622.2 617.4 610.9 602.9 593.5 582.1 568.1 547.7 524.1 499.8 488.7 506.1 514 518.4 524.7 528.8 529.9 526 513.6 499.2 480.9 467.9 458.2 452.5 446.6 439.6 432.9 426.8 423.1 419.7 410.8 405.2 402.7 412.6 419.7 426.4 434.5 444.1 456.4 470.6
468.6 460.7 469.8 474.7 476.2 477 473.5 455 436.5 423.5 405.9 425.8 452.7 479 505.6 531.1 555.3 574 590.8 603.5 612.5 619.2 624.3 627.8 632.4 635.1 635.6 635.8 634.5 631.3 627.9 625.7 624.2 623.7 622.6 622.2 622 620.9 618.8 616.1 612.1 605.2 595.1 582 569.7 553.3 531.2 507.5 478.4 484.3 496.9 503.6 512.2 518 515.7 505.3 495.5 486.1 473.1 463.3 454.6 446.2 438.6 430.5 423.6 420.7 416.4 410.1 405.3 395.4 406.4 413.7 420 426.9 434.8 445.1 458 473
474.9 455.4 451.2 458.2 461.9 462.9 459.4 447.2 432.4 417.3 404.7 428.3 456.4 481.1 507.7 535.3 558.2 578.5 594.2 606 614.6 620.2 625.3 629.3 632.1 633.3 632.6 631 629.4 625.8 622.3 618.6 616.6 615.2 614.9 614.7 615.1 615 613.8 613.3 611.1 605.3 594.5 582.5 570.6 556 536.3 510.9 482.9 464 478.7 489.6 498.6 501.7 497.7 490.9 483.2 475 467 456.8 446.9 437.9 428.1 422.3 418.2 411.8 406.2 400.2 396.3 392.4 400.9 409.6 417.1 425.9 435.7 446.8 459.4 474.1
471.8 459 435.6 440.1 445.8 448 447.5 439.9 426.4 412.2 403.5 431.3 457.9 482.6 509.7 538.2 562.1 580.9 596.2 607.7 616.1 621.1 625.4 628.8 631.2 631.3 629.4 627 622.8 619.5 614.8 610.5 606.7 605 603.7 605.9 607.4 607.4 607.6 607.6 606.9 602.8 593.9 582.7 570.1 555.1 536.1 509 487.8 463.7 457.1 471.5 480.8 481.7 479.9 476.7 470.2 463.2 453.8 447 436.3 428.9 420.6 414.9 411 406.6 402 390.5 388.7 386.9 394.9 402.8 413.3 424.4 434.3 447.4 459.9 475.6
464.6 449.6 437.2 425.2 431 436.7 436.1 431.4 424.8 407.5 407 431.6 460.6 485.3 513 540.6 563 581.6 596.7 607.5 614.7 620.6 624.2 627.1 627.5 626.4 624.5 619.9 616.2 611.8 607 601.4 597 593.4 592.8 595.8 598.1 598.8 599.4 599.4 598.6 598.1 591.2 580.5 567.2 549.7 530.7 510.5 488.6 472.8 453 450.4 462.2 466.1 466.4 461.9 458.3 452.2 443.3 435.9 426.6 420.4 415 408.8 403 401.7 396.7 385.7 380.9 384 389.9 398.2 410.4 423.2 433.5 446.5 460.7 475.7
453 439.9 430.5 419.3 419 426.1 425.4 423.5 419.4 399.4 405.1 432.8 460.8 488.3 515 541 563.1 580.8 594.9 605 612.3 615.8 618.7 620.5 620.1 617.7 615.2 612.1 607.9 603.2 597.7 591.8 586.6 582.2 583.7 585.3 587.2 588.1 588 588.2 588 587.1 581.4 576 559.9 541.3 526.5 508 488.9 473.6 457.3 436.8 443.5 450.5 450.9 447.2 445.2 442.2 431.5 423.2 416.5 412.6 407.2 401.4 397.2 395.5 390.4 381.4 378.8 382.8 387.6 397 409.6 421.6 431.2 444.3 458.9 475.7
442.5 429.7 422.2 413 410.2 415.7 417.9 417.1 413.2 396.6 406.8 435.4 460.3 488.4 515.7 541 560.9 577.8 591.6 600.5 606.9 609.2 610.1 610.9 609.3 606.8 604.6 600.2 596.5 591.3 585.6 576.2 569.6 568 574.9 574.5 573.8 574.4 574.4 574.1 574.6 574.3 570.7 563.1 549.1 536.9 523 506.2 490 474.2 457.4 443.2 427.2 431.3 431.7 434.1 431.1 424.5 417.7 414.3 408.6 403.7 399.4 395 391.4 389.5 382.3 376.5 376.9 382.6 389.5 399.7 411.7 422.1 433.1 445.5 460.1 476.7
427.6 417.8 409 404.9 404.1 409.9 412 411.3 404.3 395.6 411 436.2 460.6 488.2 515.2 539.4 558.6 574 585.7 593.7 597.8 598.6 597.9 597.1 593.9 592 590.1 585.6 582.5 576.4 563.2 553.9 547.3 560 567.9 566 563.3 561.4 557.1 556.5 556.9 557.8 555.8 550.9 541.1 529.5 516.4 502.1 487.4 474.7 462.8 444.4 430.1 416.5 419.9 419.9 418 414.4 408.2 403.6 399.2 396.1 392.3 389.7 386.7 380.9 377.2 372.7 376.7 382.8 390 399.8 411.5 422.2 433.5 445.5 460.6 477.7
413.1 401.2 395.7 397.9 397.6 402.8 404.6 404.4 397.7 395.1 416.6 438.7 462 487 512.3 537.2 554.5 567.1 577.3 583.1 585.7 584.3 584 581.9 576.7 576.4 573.3 569.8 566.1 551.5 538.6 529.7 544.9 560.6 562.9 558.5 552.9 547.5 542.9 540.1 538.4 536.7 537 535.4 530.1 520.2 510.3 498.6 486.8 473.4 461.8 444.8 432.3 421.5 404.5 405.5 406.1 402.8 398.4 394.1 390.7 388.2 386 383.6 381.3 376.2 371.5 369.5 375.8 379.8 386.1 395.8 410.3 421 433.9 447.1 463 478.3
396.7 392.1 391.1 392 392 392.6 396.5 397.1 391.3 401.1 423.8 444.2 461.6 486.4 509.8 532.3 546.8 558.6 565 570 570.8 569.5 569.1 566.7 564 561.8 556.6 551.6 537.5 527.6 515 527.9 548.5 555.1 554.5 549.9 542.7 532.1 524.2 516.7 515.5 518.4 522.3 521.6 517.7 512.6 503.6 494.1 485.3 472 461.1 445.7 435.4 424.4 412.6 401.6 393.9 392 390 386.6 383.7 381.2 379.4 377.4 375.6 370.5 365.4 366.9 373.3 379.4 387.3 398.8 411.4 422.2 435 448.4 463.7 480.6
393.5 393.6 394.6 389.9 388.1 389.3 390 389.9 393.9 413.1 429.5 445.3 465.4 485.4 508.7 527.2 537.5 547.9 552.5 554.7 554.6 555 554.5 552.4 549.9 546.1 539.9 528.4 512.9 502.3 505.5 526.6 544.3 548.3 546.2 540.8 532.3 521.7 509.7 500.4 499.3 503.9 509.8 511.3 509.3 502 494.1 487.3 480.1 469.6 459 444.2 433.9 420.5 410.6 399.7 391.7 385.1 382.2 379.9 377.5 375.4 373.9 372.4 370.4 364.2 361.2 363.9 370.1 378 389.5 399.3 411.8 423.9 437.7 452.6 469 485.8
406.3 424.5 423.7 410.5 389.4 386.6 387.3 391.6 408.5 419.8 432.4 448.1 467.4 485.2 504.6 521.7 530 536.2 539.5 540.7 541.3 541.5 540.4 537.9 534.1 528.5 520.5 506.5 489.5 485.5 504.9 523.4 540 542.6 540.6 533.7 524.5 513.2 501.9 489.1 484.3 489 496.6 500.5 497.7 492.8 483.7 478 470.9 462.9 451.6 440.3 429.9 416.3 406.5 395.5 388.8 383.8 379.8 376.8 373.3 370.8 368.9 367.2 364.2 360.6 358.8 363.1 372.4 382.2 392.7 403.4 415.2 425.4 441.8 455.6 472.3 489.6
427.9 440 433.4 414 393.6 386.8 384.7 394 409.1 422.5 431.7 448.8 467.6 483.7 500.3 512.8 520.2 523.4 524.8 525.9 526.4 526.9 525.7 522.9 519.3 514.6 505.3 489.5 475.1 485.3 503.2 522.4 533.7 536.6 536 528 516.3 506.4 496.1 487.3 474 475.5 482.3 487.7 488.4 482.2 476 468.2 461.5 452.4 442.1 432.3 419.5 410.9 402 394.4 386.5 381.2 378.4 374.4 371.4 367.9 365.6 362.5 360.1 357.4 354.9 366.1 376.8 388.9 400.8 413.1 424.3 435.8 448.2 462.5 477.9 493.9
