public/OST50/NJ31.asc
ncols 200
nrows 200
xllcorner 330000
yllcorner 810000
cellsize 50
[rows 140 to 174 of 200, columns 0 to 77 of 200]
428.7 422.8 411.6 424.7 443.1 455.9 464 464.1 459.2 449.9 439.3 430.9 422.5 419.1 416.5 416.5 419.3 423.7 428.4 429.7 427 421.6 415.2 410.3 406.5 405.7 401.9 387.8 394.4 413.7 435.4 454.2 467.7 480.1 488.4 495.7 499.4 505.1 509.7 516.8 524.6 530.9 533.5 530.8 523.3 517.7 508.2 494.4 478.5 459.1 443.4 429.1 405.9 391.7 403.5 416 428.9 441.6 454.6 469 481.4 493.8 501.6 499.6 489.1 474.7 460.3 448.3 438.8 429.9 422.7 416.5 407.5 402.1 395.9 388 379.4 371.2
423 413.3 417.8 434 441.5 448.5 455 453.7 446.8 438 430.3 421.1 414.9 411.1 409.1 406.6 408.7 412.3 417.7 421.6 421.4 417.6 412.2 407.8 403.3 401.7 397.5 383.1 391 407.5 425.8 443.9 458.9 473.1 483.2 492.4 498.9 504.4 509.3 516.7 524.2 527.3 525.9 521.3 515.5 510.2 502.1 492.3 479 460.8 444.7 430.2 409.9 399.1 391.3 406.1 419.4 431.8 444.9 459 473.1 484.5 493.3 494.6 485.6 472.3 458.6 446.3 435.1 427 420.3 413.6 404.5 399.1 391.8 383.4 375.4 369.4
417.2 403.5 417.7 428.5 436.6 442.9 444.8 442.7 436.1 429.5 421.2 413.5 407.2 403.5 400.5 393.5 398.2 402 406.7 410.9 413.9 413.5 409.5 404.3 401.3 397.5 391.6 377.8 384.9 398.5 414.7 429.4 443.8 458.1 471.4 482.8 493.5 500.5 506.5 513.9 519.3 519 515.9 510.7 504.4 499.4 493.7 485.5 474.6 459.4 443.6 428.6 411.1 400.8 385.1 396.6 411 422.8 435.5 449.7 464.8 476.1 483 486 481.5 471.2 459.3 446.5 434.2 425.6 418.3 409.6 402.4 392.9 387.3 380.7 372.5 367.5
413.2 400.1 411.7 422 429.8 436.3 436.8 432.7 427 420.8 413.1 405.8 400.2 397 393.3 387.4 387.2 390.8 394.4 399.9 405.2 408.1 404.5 400.5 397.5 392.5 385.6 372.7 379.2 387.3 401 415.1 428.4 442.4 456.5 471.3 483.3 490.9 501 508.2 511.1 508.1 504.2 498 492 487.5 483.4 477.4 467.4 455 439.7 423.3 408.9 399.2 389.7 384.9 401.6 413.8 427.3 440.6 455.5 467 474.5 478.5 478.2 470.5 460.2 447.5 435.2 426.4 419.8 407.6 401.2 390.5 383.4 383.6 370.9 364.8
409.7 396 403.1 414.4 421.6 428.3 427.6 423.7 418.9 413.1 404.2 398.5 394.4 390.3 386.5 380.4 376.1 377.7 381.6 387.9 395.6 398.5 396.8 394.7 391.9 387.3 381.2 370.9 373.6 381.2 388.7 401.1 414.7 427.8 441.6 456.6 469.8 477.5 487.7 495.1 497.5 495.6 490.2 483.3 477.2 474.1 471.7 467.3 459.1 448.5 433.1 414 405.2 398.3 390 377.1 392.5 404.5 417.5 431.6 445.7 456.8 464.9 470.3 474.5 471.6 461.5 450.3 438.3 429.5 423.7 410.2 401.7 391.9 381.6 376.1 367.6 361.4
406.5 398.1 395.8 407.3 412.6 416.6 420.5 417 411.4 403.4 397.4 392.4 386.6 381.1 375.6 371.3 369.2 366.6 364.4 373.8 380.4 385 387 387.4 384.8 380.7 376.4 370.8 363.4 373 378.7 387 399.9 412.9 427.6 441 455.2 462.6 469.5 475.4 478.6 477.6 473.2 467.8 463.5 462.1 460.9 458 450.9 440.8 426.4 411.8 403.7 397.2 389.8 378.8 383 395.3 408.1 421.9 434.7 444.6 453.7 460.2 466.8 469.8 463.9 453.6 442.1 435.2 428.1 416.2 404 394.6 382.1 372.8 365.6 359.4
403.6 398 391 401.3 405 407.2 410.2 407.4 404.3 396.2 390.3 384.6 376.3 370.4 368.4 367.2 365.7 364.7 364.1 363 361.2 366.5 374.6 379.2 378.3 376 371.5 367.5 360.2 364.4 370.4 375.6 383.5 395.5 409.9 425.5 438.3 447.5 454 456.7 458.5 458 455.4 452.6 450.2 449.2 449.8 448.4 442.8 432.7 420.5 410.2 402.6 395.6 388.5 380 371.5 386.3 399.7 411.2 422.9 434.4 442.8 449.9 457.2 464.7 462.4 455 446.2 440.1 432 419.7 408.1 397.4 386 375.2 366.4 358.2
398.3 393.9 386.5 392.7 395.8 397.8 398.4 397.2 395.4 384.7 380.8 371.9 370 368.2 367.9 379.2 380.2 371.5 364 363.5 361.7 360.6 358.9 369.2 370.7 371.2 367.5 363.8 359.9 358.3 361.9 366 372.3 381.1 389.6 404.3 418.1 428.3 435.6 438.9 440.3 440.5 438.8 437 437 437.3 439.2 438.2 434.8 427.2 417.4 407.7 400.2 393.1 386.1 378.8 366.4 377.8 391.1 401.9 412.8 424.2 432.4 441.4 448.6 455.2 457.4 456.1 451.4 442.6 432.7 418.1 408.3 398.4 388.4 378.2 366.8 357.6
391.2 388.1 384.7 384 384.4 386 385.5 383 375 373.1 373 369.7 378.1 387.1 395.2 397.3 392.1 385.3 378.9 374.8 368.7 363.8 359.1 356.4 356.9 357.8 355.9 353.4 353.2 353.8 353.8 355.5 356.9 362.7 372.2 385.3 396.1 405.8 413.5 418.4 421 422.9 422.9 423.3 424.3 425.1 426 427.4 426 421.5 414.2 406.2 397.8 390.5 383.1 377.4 369.1 369.2 381.2 393.1 403.4 415.4 424.4 431.8 439.7 445.8 449.2 447.9 442.8 437.1 424.3 413.1 404.8 398.1 387 379.4 367.2 355.3
384.9 383.9 381.5 380.4 379.5 377.8 378.2 376.2 375.2 374.1 371.1 389.4 399.5 406.7 412 407.8 401.1 394.2 388.7 384.1 376.3 370.4 364.8 357.3 356.6 355.5 353.3 353 352.3 351.2 349.8 348.9 347.7 347.3 345 361.8 376.4 384.2 392.8 399.9 403.1 406.8 408.1 410.1 411 411.6 414.4 416.6 417.3 414 409.5 402.2 392.6 385.6 380.2 376.5 369.3 360.1 373.1 383.1 394.7 407.2 415.3 423.8 429.9 436.9 439 436.5 431.3 424.7 412.3 405.4 402.4 394.7 386.1 377.9 366.7 352.3
387.5 388.4 389.7 389 389.7 389.5 388.3 387.5 389.4 393.3 399.9 409.5 418.1 423.2 421.9 416.4 408.2 400.2 394.1 388.3 383.3 378.1 369.9 362.2 364.2 362.5 362.1 359.7 355.9 353.8 349.2 348.5 347.5 347.2 346.5 344.7 350.6 360.1 370 382 387.1 389.1 392.9 395.8 396.9 399.7 401.9 403.2 403.9 404.5 403.3 395.6 388.1 381.6 376.6 372.4 366.8 357.6 367.8 378.1 388.6 399.5 407.5 415.6 422.8 428.8 430.3 425.7 417.1 412.6 405.7 400.9 395 388.1 382.9 376.1 364 351.1
400.1 399.7 403.2 404 405.9 400.9 402.9 404.4 406.4 410.4 417.2 426.7 433.6 434.4 430.3 423.3 413.7 406.1 400.1 393.8 388.1 382.9 372.2 377.7 377.2 375.3 374.2 373.8 373 370.1 366.2 362.3 358.3 355.3 347.8 344 342.8 342 349.9 361.1 371.1 375.2 378.6 382.4 383.5 386.4 387.6 388.2 391.1 393.9 393.7 388.9 382.7 376.2 371.6 367.8 363.1 356.6 362.7 373.3 382.8 391.4 400.1 408.6 416.5 421.6 423.9 420.5 415.4 406.4 397.4 386.7 385 380.7 376.2 369.3 358.7 349
410.9 410.3 411 411.2 412.6 413.6 418 420.7 423.5 426.7 433.9 441.5 444.3 442.9 436.9 428.2 419.8 412.2 405.2 399.1 392.3 384.2 384.2 393.3 396.8 394.9 388.8 388.1 387.5 385.8 379.5 371.5 365.7 362.8 358 353.9 343.6 341.6 339.6 340.9 356.8 362.3 365.1 367.3 369.9 373.1 375.5 377 379.6 383.1 383.9 381.2 376.1 370.2 366.2 362.3 358.8 354.7 357.4 369 377.3 385.8 394 402.1 409.2 414.7 418.4 417.6 414.3 403.4 395.3 386.3 381.1 374 367.3 361 352.9 346
415.6 417.8 419.3 419.6 422.8 426.4 433.1 437.5 440.3 445 449.7 453.9 453.7 451.7 447.4 440.1 425.2 417.5 410.4 403.5 396.4 386.4 399 406.9 413.7 415.5 409.1 407.8 405.8 400.4 397.9 390.1 378.4 369.4 365.1 361.4 356.4 350.6 342.3 339.2 339.6 351.2 355.4 356.4 359.4 361.6 364.1 366.6 368.9 371 373.1 370.9 366.7 362.5 359.6 356.3 353.7 350.3 354.3 364.5 372.9 380.5 388.5 397.2 403.8 408.2 414.4 413.6 411.5 403.9 394.4 381.9 376.8 367.3 360.5 353.9 348 342.7
429.3 432 432.9 434.8 435.9 440 447.6 454 459.8 467.6 472.6 473 473.8 471.5 463.6 450.9 437.9 424 416 408.5 400.9 398.6 410.4 419.1 428.2 430.2 429 429.9 428.6 426.5 417.7 407.5 395.7 383.5 373.3 367.7 363.3 358.5 351.6 341.9 338 338.3 344.1 346.7 350.6 353.3 355.5 357 359 359.9 360.6 360 358.6 356.8 354.4 351.7 349.5 347.1 350 359.6 367.7 375.6 384 392.8 400.1 404.8 405.8 406.1 400.9 394.9 381.3 364.3 360.8 353.6 349.4 346.1 341.9 336.3
445.4 448.9 451.9 453.2 451.8 455 461.2 473 482.9 492 498.3 499.4 497.8 494 483.5 466.6 449.3 434.7 420.8 412.9 400 409.5 420.7 430.6 441.8 447.5 449.1 448.9 447.4 450.1 447.7 431.7 418.6 404.9 389.6 381.3 369.1 364.9 358.3 347.9 336.9 336.4 337.2 340 342.3 344 345.7 348.1 349 351.2 352.6 352.3 352.1 350.2 350.6 347.5 345.9 342.9 346.6 354.5 363.2 372.1 380.8 389.6 397.6 405.1 410.8 412.8 411.6 405.7 396 380.3 364.3 353.5 348.2 343.9 340.8 333.5
462.8 466 468.9 473 474.9 476.8 481.6 493.4 505.2 515.5 523.8 526.6 523.2 516.4 502.5 481 459.4 443.5 428.2 417.4 408.5 419.8 431.4 442.1 453.9 461.1 464.8 469.5 472 474.5 470.8 458.1 444.4 429.8 412.8 400.6 385.4 377.3 369.1 359.3 346.8 336.3 334.6 335.1 335.2 335.2 337.3 340.4 341.7 343.7 345.4 346.5 346.6 346.7 346.7 343.7 342.6 340.1 342.6 351.3 360.1 368.5 377.6 387.5 397.8 406.1 413.8 416.8 416.7 411.3 398.3 384.4 370.8 359.5 352.8 346.1 340.2 333.3
478.6 484.1 488.5 492.3 496.4 501.1 507.1 515.5 528.1 540.1 547.2 552 550.8 539.8 514.3 486.1 467.1 448.6 434 421.3 415.7 427.7 440.3 452.7 463.7 473.9 480.5 486.2 492.1 497.2 492.2 480.3 465.4 448.6 433.7 419.6 404.2 393.3 381.2 370.9 361 350.2 337.3 333.5 333.1 332.3 331.7 332.3 333.8 335.5 338.1 340 341.4 341.4 339.7 339.3 338.6 337 339.8 348.8 357.3 366.9 376.2 387.4 398.5 409 417.1 423 423.6 418.9 406.9 391.2 377.2 363.9 353.3 345.9 340 334
491.4 499.5 505.8 510.6 515.4 520.3 528.3 538.1 548.8 558.4 563.5 564.5 561.3 542.8 515.4 489.2 470.6 455.4 439.7 427 425.2 432.4 446.8 460.2 472.2 483.9 491.4 498.5 505.6 512.6 514 500.4 485.4 467.3 453.2 438.1 424.5 410.3 397.2 383.5 372.2 362.3 352.3 346.4 331.8 332 330.9 330.4 329.4 328.6 329.3 333.3 335 335.2 336.5 335.9 334.9 334.1 339.2 347.3 356.6 366.1 376.6 388.1 399.8 411.5 420.6 428 432.1 429.4 418 401.8 386.1 369 356.5 345.6 339.9 333.5
501.4 512 520.4 527.9 534.5 540.9 550 558.1 566.7 574.5 580.2 576 566.1 542 516.3 494.7 474 458 444.8 433.4 434.1 439.4 451.6 465.8 478.5 491.2 499.3 507.5 516 525 528.5 519.6 502.7 485.8 468.3 452.9 439.3 426.5 413.3 396.9 381 371.3 363.5 355.3 346.3 333.7 333.7 329.8 329.1 328 327.7 327.1 328.4 330 331.4 331.9 331.2 332 340.8 348.8 356.2 366.2 375.7 387.6 399.7 410.6 421.8 432.1 440.9 440.6 430.3 415.1 398.3 381.2 363.1 350.4 340.6 332.4
510.2 521.8 532.5 542 550.4 558.3 566.1 571.9 577.9 583.3 584.6 579.4 568 543.3 517 498 480.2 462.2 449.2 441.8 440.9 448.1 458.6 471.4 485 496.4 506.9 515.1 523.8 531.2 537 534.1 522.4 504.3 486.2 470.2 455.9 439.7 426 411.7 396.4 383.8 371.2 363.7 355 351.1 345.9 342.8 337.4 327.6 327.4 326.4 325.7 325.6 325.6 327.2 328.1 330.1 340.1 347.1 354.6 364.9 375.1 387.2 399 410.4 422 433.5 443.1 446.7 438.1 424.2 404 388.3 367.7 351.7 341.7 331.9
517.9 530.5 542.4 552.5 561.7 570.3 578.1 582.8 586.7 587.3 584.7 577.6 567.6 550.3 523.3 502.4 485.1 467.4 457.2 450.4 449.8 455.8 464 475.8 489.8 503 514.5 525.1 531.9 538.3 543.1 544.6 535.8 522.5 505.2 487.7 470.5 450.7 440.6 424.9 410.6 397 383 374.3 366.7 361.2 356.7 353.1 348.2 337.8 332.5 324.8 324.9 324.5 324 325.1 326.2 331.2 338.7 345.2 353.5 363.7 373.9 385.3 397.2 409.3 422.4 435.2 444.1 446.3 438.6 428.5 410.1 392.1 371.6 354.4 342.3 333.5
525.9 538.9 550.8 561.5 570.7 579.3 586.9 591.1 592.6 591.1 586.2 577.5 568.3 554.6 531.6 508.1 489.3 477.7 468.1 460 456.9 461.7 471 480.6 494.8 509.3 522.5 535.2 544.5 547.6 551.2 552.5 547 537.4 522 505.3 487.1 468.3 453.8 437.2 423.4 410 397.2 387 380.1 372.9 369.5 365.1 358.1 346.4 338.3 333.9 323.5 323.8 322.7 323.1 324 328.2 335.3 342.6 352.1 362.3 372.2 383.9 396.6 410.7 424.3 435.5 441.1 440.1 434.8 427.4 412.7 394.5 373.9 357.7 344.7 333.5
535.8 548 558.6 568.9 578 585.9 592 595.9 595.6 591.8 586.6 579 569.7 557.6 538.1 515.4 504.9 496.1 481.9 472.2 466 468.5 475.5 483 498.8 513.2 527.8 542.7 554 565 563.2 562.5 559.3 547.8 536 519.7 502.9 483.9 466.4 449.6 435.7 421.5 409.7 401.9 392.7 384.9 385.6 378.1 369.1 356.1 342.7 336.6 330.8 322.1 322.5 321.8 322.5 325.4 330.8 338.8 348.9 360.7 373.5 385.2 399.5 413.9 425.4 431.8 433.3 432.6 427.4 423.1 412.4 395.4 377.3 362.7 346 333.6
547.4 557.8 565.6 574.2 582.2 589.1 595 597.7 596.3 592 586.9 579.4 572.3 563 550.6 537.5 527.2 514.9 501.3 488.2 481.4 477.9 482.8 487.5 502.2 516.2 530.2 544.3 557.6 567.2 573.9 573.5 572.4 563.7 549.6 535.4 516.7 498.8 480.4 463.7 449.9 435.6 424 414.4 404.3 393.5 390.6 385 375.5 362.8 347.5 339.7 335.8 329.5 322.5 319.8 320.3 320.6 325.4 334 345.3 359.3 372.1 386.6 402.4 414.1 420.6 423.9 424.6 422.6 420.7 415.7 407.9 395.8 381.3 363.4 345.2 332
556.6 565.2 570.6 577.6 584.2 590.4 595.3 597.5 595.9 592.5 587.1 581.5 575.3 567.9 559.1 549.6 539.8 528.8 515.7 501.5 492.5 490.2 489.9 491.3 504 515.9 529.6 542.5 555.6 564.6 571.1 574.3 575.9 574.9 560 547.7 531.3 511.8 495.9 477.9 463 449.7 436.8 425 414.4 403.5 396 392 378.8 365.8 352.6 342.2 337.4 331.8 326.7 321.6 320.2 319.4 321.4 329.6 341.3 355.6 370.8 383.4 398.5 405.8 410.4 411.2 410.6 410.7 410.7 409.4 404.5 394.8 382.2 362.4 342.8 329.7
567.5 569.6 573.6 579.2 583.9 588.5 592.5 595.2 595.3 592.6 588.5 584.9 579.6 573.1 566.4 558.3 549.5 539.5 525.6 512.4 503.2 497.8 495.4 497 503.9 513.9 524.3 537 548.3 556.3 561.6 564.1 565.8 566.9 564.6 552.7 539.6 522.7 508.1 494.3 477.2 463.6 449.5 436.8 425.4 414 402.6 391.3 379.9 367.1 353.6 343.4 338.8 334.5 329.8 323.6 319.6 318.5 317.6 326.1 337.2 352.3 366.5 379.9 391.1 397.2 398.6 399.8 399.1 399.7 402.8 404 401.7 396.2 380.5 360.8 342 330.8
571.2 572.1 575.2 578.2 581.4 584.9 587.9 590.9 592.7 592.8 591.8 588.2 584.8 579.7 573.5 566 557.6 547.9 535 519.3 509.1 503.3 498.8 497.5 502.2 508 517.1 527.7 537.3 544.8 549.2 548.8 548.2 551.1 555.9 554.3 545.3 532.3 519.5 506.7 491.9 476 463.9 450.5 437.5 426.2 411 395.2 381 366.9 354.9 345.1 340.3 335.6 331.6 327.3 319.7 317.5 317.7 323.2 334.4 349.2 360.7 374.1 382.5 387 388.6 388.8 389.3 390.1 393.9 396.7 397.7 395.3 381.8 364.2 345.4 333.3
573.9 571.5 574.4 576.1 577.8 579.9 582.1 585.4 588.3 591.3 591.9 591.9 590 587.2 580.7 572.3 563.8 553.9 541.7 525.6 513.5 507.4 500.3 496 497 501.4 507.8 516.3 524.4 531.2 533.3 530.5 531.7 533.9 541.1 544 546.2 541.9 529.8 518.2 504.9 489 478.3 466.4 451.7 436.8 416.5 398.8 380.8 367.9 354.9 346.4 340.4 336.3 332.3 329.1 322.8 316.9 316.8 315.1 332 345.6 356.7 367.5 375.3 377.7 378.5 378.7 379.8 379.2 385.4 389.9 392.4 392.2 384.6 368.8 351.8 336.2
573.8 571.3 571.6 572.4 573.2 574.6 576.8 579.6 583 586.8 591.2 593.6 593.5 591.7 585.9 577.7 568 558 545.8 530.2 513.4 503.9 497.7 492.8 490.8 492 496.3 503.4 510.1 515.2 516.4 514.1 515.4 518.3 523.1 531.5 538.4 541.1 537.6 525.2 515.2 501 492.3 480.1 464 448 425.9 403.9 383.4 368.7 356.9 348.2 341.4 336.3 332 329 325.9 318.5 316.1 315.9 327.3 340.2 351.2 359.6 365.7 368.2 369.2 370.4 372.1 373.9 376.9 382.7 385.9 389.8 387.1 372.3 358.5 342.5
572 569.5 568.2 568 568.2 568.9 571.5 574.3 577.7 581.7 587.8 592.2 594.2 593.7 588.9 580.8 570.4 559.7 548.5 533 515.6 500.8 492.5 486 482.4 480.1 483.4 488.7 494.8 498.2 498.2 498 498.3 502.4 505.5 514.6 527 533.5 536.5 532.3 523.2 511.9 504 492.2 475.7 456.5 436 412.1 390.8 371.3 358.2 349 341.9 336.6 331.8 328.5 325.9 320.7 315.4 314.9 316.8 331.4 342.4 349.8 354.6 356.6 356.8 359.8 362.3 364.9 367.9 374.3 378.2 384.3 385.1 373.3 364 352.2
569 566.1 563.9 563 562.7 563.5 564.8 568.3 571.8 576.1 583.5 589.5 592.6 592.8 588.6 581 570.5 558.7 546.9 532.6 513.7 497.6 485.4 478 474.2 471.7 471.7 474.9 479.2 481.9 481.9 481.3 481.7 488.7 492 496.5 509.3 520.6 527.6 531.4 527.4 519.5 510.7 497.9 483.6 464.9 443.3 420.2 395.8 374.1 362.1 350 341 335.9 331.9 329 325 321.2 315.7 313.8 313.5 324.1 333.2 338 341 342.5 344.1 347.3 349.7 353.5 357.5 365 370.4 377.8 381.2 377.3 368.5 358.6
563.7 561.3 558.8 557 556.6 557.7 559 561.8 565.4 570.2 576.2 583.1 587.9 588.2 584.8 577.4 567.8 555 542.2 527.1 507.7 490.9 476.4 466.1 461.8 459.4 458.2 460.3 463.4 464.6 465.1 466.2 467.5 471.6 478.1 482.4 493.5 504.9 514.5 521.4 523 517 509 500.4 486.9 471.8 449.9 426.8 402.6 381.3 364.2 350.8 340.9 336 332.7 330.6 324.2 319.4 315 313.3 312.2 317.8 322.8 327.3 330 331.1 333.2 335.4 337.6 339.7 346.7 354.6 360.9 367.4 376.1 377.3 372.6 364.1
559.7 554.8 553.1 549.7 549.7 549.9 551.8 554.7 558.7 563.2 568.7 575.1 580.2 581.9 579.1 571.4 561.3 548.6 534.3 517.3 500.6 481.6 463.1 453.8 447.9 443.5 444.3 445.9 448.5 449.7 451.6 452.2 454.6 456.5 461.1 468.2 476 488.3 500.5 506.8 508.4 506.5 503.2 495.7 485.4 473.7 454.2 429.9 410.2 388.1 366.9 352 342.6 336.1 332 328.7 324.3 320.3 316.6 313.7 312.5 310.7 315.5 319 320.7 322.9 324.7 326.3 329.1 331.8 338.2 343.2 350.3 357.9 367.3 373.5 372.4 366.1
554.3 549.8 547.6 545.2 543.3 542.2 541.7 546 550.1 556.3 562.2 567.9 572.4 573.9 571.1 563.5 553.2 540.6 524.8 508.6 488.4 466.9 452.9 443.1 436.4 434.2 433.9 435 436.4 436.5 437 438.1 441.4 443.6 446.3 453.8 461.4 471.8 481 488.4 491.7 489.6 489.3 484.6 478.1 467.6 453.2 434.5 417.1 393.4 370.7 353.7 343.3 336.4 332.9 330.1 328 323.8 320.4 315.9 312.9 310.3 310.7 312.7 313.6 316.2 318.2 319.2 321.9 324.6 329.9 334.7 341.1 347.8 357.2 365.7 368.5 359.2
