public/OST50/NJ34.asc
ncols 200
nrows 200
xllcorner 330000
yllcorner 840000
cellsize 50
[rows 35 to 69 of 200, columns 0 to 77 of 200]
287.2 289.9 291.8 292.1 296 306.4 316.2 329.6 339 346.3 354.6 373.1 385.4 401.2 417 430.3 442.5 451.2 460.3 467.1 469.4 459.1 446.6 435.9 430.4 424.9 419.4 413.4 405.9 398.8 390.9 385.9 378.3 369.6 362.8 355.2 347.6 339.3 331.1 323.3 309.7 300.6 292.1 283.7 277.8 273.2 269.6 266.7 262.2 256.9 251.2 239.4 247.4 249.9 247.5 244.7 241.6 240 239.6 239.7 240.1 240.6 241.2 241.1 240.4 238.3 235.2 231.3 226.1 220.2 211.3 202.6 195.2 188.4 184 183.9 185.2 185.2
287.1 290 289.6 286.1 290.5 301.9 316.1 329.6 340.2 348.5 356.8 374.9 388.4 404.9 418.4 430.3 442.6 456.1 466.8 470.6 469.9 458.3 445.7 435.6 430.2 424.4 418.6 412.1 404.8 396.2 386.4 381.3 373.7 365.4 359.3 351.5 346.4 334.2 327.6 320.5 309.3 299.3 291.1 284.6 278.8 273.1 269.2 266 262.9 258.4 252.5 244.5 250.6 252.1 250.1 247.9 245.4 243 242.7 243 243.3 243.5 244.9 243.9 242.6 240.9 236.7 231.5 226.3 219.5 210.7 202.1 194.3 188.5 184 185.2 186.7 186.4
285.4 284.2 282.6 277.4 283.7 300.6 315.9 327.9 339.9 349 360.2 375.2 388.8 405.4 417.7 428.7 445 458.8 468.5 470.7 467.3 456.1 444.3 433.2 428 423.1 417.3 410.5 403.1 392.8 386 377.3 368.9 360.4 353.2 346.9 340.4 332.1 324.3 316.2 306.7 298.3 290.2 283.8 279.3 274.2 267.9 263.6 261.3 257.3 253.7 248.5 251.7 253.2 252.6 251.1 249 246.6 245.8 246 246.2 246.7 246.7 246.2 244.7 241.9 236.8 231.4 226 218.4 209.4 199.8 192.6 187.4 183.6 186.9 188.3 187.6
281 277.2 274.6 263.3 280.2 300.8 314.6 329.1 339.1 348.7 358.5 374.5 387.3 401.4 416.1 427.4 444 461.6 466.5 465.9 459.2 450.1 440.4 430 426 421 415.8 409.1 400.6 392.4 387.2 377.1 368.2 358.7 349.4 340.4 333.6 328 320.3 313.2 306.7 297.6 289.4 283.2 277.9 273.6 269.1 265.2 262.2 259.3 255.7 252.9 252.9 254.7 255.3 254.1 251.9 249.7 249.3 249.2 248.8 248.4 248.3 247.6 246.2 241.5 235.9 230.3 225.6 217.2 207.4 197.1 189.7 186.7 184.3 187.1 189.4 189.5
273.8 269.3 263.4 255.3 283.4 301.7 314.2 330.3 338.4 343.6 351.4 365.4 383.3 396.9 411.1 425.4 439.7 456.9 458.4 453.8 445.9 439.8 431.8 424.9 421.8 418.3 413.1 407.1 400.6 394.1 387.8 379.3 368.9 360.1 351 342.3 333.9 325.1 317.6 310 302.6 295.8 291.5 283.9 278.6 274.1 269.1 266.5 263.9 261.1 256 254.6 255.5 256.2 255.7 255.2 254.3 252.1 250.5 250.6 250.6 249.8 249.9 248.4 245.6 240.9 235 228.8 222.8 213.4 203.8 195 188.9 186 185.2 188 190.8 190.1
262.5 257.8 251.4 257 284 299.5 309.3 321.5 330.5 337.3 347.3 359.4 374.9 389.3 403.6 418.8 433.1 446.8 445.2 440.2 435.9 431 426 421.4 417.6 415.1 410.3 405.3 401 395.9 389 381.8 374 361.2 351.5 344 336.7 328.6 321.4 314 308.4 299.8 292.8 285.2 277.8 272.6 269.2 267.1 265 261.8 258.8 259.5 258.6 258 256.4 255.4 254.7 254.2 252.3 251.8 251.2 250.9 249.8 247.9 243.9 239.9 234.1 227.8 221 213.3 205.1 196.7 188.4 185.8 186.2 188.7 191.7 193
245.1 240.7 237.1 256.3 279.8 291.9 303.7 310 318.5 328.5 339.7 352 363.1 379.8 393.1 408.5 425.2 436.9 435.1 432.1 429.2 425.8 421.7 418 414.2 411 407.6 404.4 401.1 396.5 390.4 383.3 375 364.1 354.4 346.8 339.3 331.1 322.9 315.2 309.5 302.3 294.6 286.5 278.9 272.7 269.9 267.4 264.9 262.3 262.9 261.8 260.8 260.4 258.6 256.8 255.8 254.9 253.9 253 251.8 250.8 248.3 245.2 241.2 236.8 230.9 225.5 218.5 210.8 202.2 194.3 188.9 186.4 188.1 189.8 192.5 196.3
229.3 224 228.1 246.9 261 269.4 277.5 288.5 300.6 312.5 325.6 340.2 354.1 366.5 380.5 396.7 411.4 426.5 427 425.2 423.4 421.4 417.5 413.9 411 408.8 406.3 403.1 399.6 395.5 390.6 384.6 377.4 367.4 357.4 349.6 340.6 331.4 321.1 315.1 309.2 301.3 293.5 284.9 280 275.4 271.7 268.4 265.8 265.3 264.4 263.9 263 262.8 261 259.2 257.4 256.3 255.3 253.6 251.9 249.8 246.4 242.5 238.6 233.6 228 221.7 215.2 208.6 198.9 191.4 187.7 187 188.3 190.5 194.4 199.1
213.4 211.4 229.6 233.1 237.7 241.8 251 266.7 282.4 298.5 311.6 322 335.8 355.2 370.2 384.2 401.9 417 418.3 418.7 418.1 417.5 413.6 410.8 407.5 405.4 402.8 400.4 397.1 394.3 390.6 385.2 377.3 368 359 349.2 339.7 329 321 313.4 306.9 300.5 293.3 287.1 283.4 279.7 273.9 270.2 265.7 266.6 266.6 266 265.2 265.2 263.4 261.6 259.8 258 256.6 254.2 251.6 248.8 244.4 240.6 236.3 230.5 225.1 217.7 211 204 195.2 189 187.2 187.9 189.7 192.9 195.6 201.7
209.6 227.6 234 238.4 241.2 249.2 260.5 270 278.6 286.7 298.2 309.8 321.2 338.7 362.3 376.4 388 406.6 411.4 412.8 414.8 414.8 411.8 405.6 402.2 399.5 398.1 396.7 394.3 391.3 388.3 384.4 378.5 368.2 357.2 346.8 335.8 324.7 317.5 312.1 305.8 300.7 294.3 289.2 287 281.1 277 272.4 268.7 267.8 267.2 267.2 266.6 267 265.3 263.5 261.6 259.7 257.7 255.2 252.3 247.7 242.1 235.2 229.5 226.3 220.6 213.4 206.6 199.5 192.4 188.9 187.9 188.8 191.8 195.1 199.6 204.8
220.9 228.3 234.6 239.9 246.8 259.3 270.3 280.5 290 299.5 305 314.3 320 326.7 337.4 360.8 378.4 397.8 404.8 409.6 411.6 412.7 411.8 406.3 397.8 391 390.2 388.5 389.1 387 385.6 383.8 377.6 364.2 352.3 341.9 332.4 323.4 316.3 310.7 305.8 301.8 297.4 293.3 288 281.3 276.9 272.5 269.9 268 266.9 266.9 266.9 265.7 265.1 263.7 262.2 260.2 257.5 255.6 252 246.9 240.5 233.9 227.6 221.7 212.9 208.7 203.4 196.3 191.4 189.3 189.2 191.2 194.6 199.3 204 208.2
219.6 227.8 234.7 244.3 253.6 267.1 276.8 287.3 298.7 307.8 315.4 321.7 329.4 342.6 354.8 372.3 388.6 397.9 405.2 410 412.3 413.5 411.9 405.8 399.3 388.4 377.5 378.6 381.2 381 379.7 378 370 357.8 347.1 338 330.4 322.4 315 310.6 307 303.4 298.7 293.8 289.3 282.9 276 272.9 271.1 269.3 267.6 266.4 265.3 264.4 264.1 263.6 262.6 260.7 258.8 255.4 251.2 245.6 239.3 233.3 227.4 219.3 210.9 203.7 201.3 194.7 192.1 189.1 191.1 193.5 197.2 202.7 208.2 212.6
217.2 226.6 236.7 246.9 257.5 270.1 281.8 293.2 302.6 312.5 320.8 328.4 338.3 354.1 368.3 382.4 392.7 400.5 406.3 411.2 413.8 414.4 411.3 406.3 397.4 387.3 376.2 366.1 369.5 369.1 370.6 366.9 358 349.3 342.6 333.7 326.5 320 312.6 309.3 305 301.2 296.7 293.1 287.9 281.5 274.4 272.7 271.2 269.7 268.3 266.8 264.5 263.1 262.8 262.6 261.7 259.8 257.7 253.4 250.1 245.2 239.4 233.4 227 219.1 210.8 202.7 198.2 194.8 191.6 189.6 192.8 195.6 199 205.8 212 216.1
217.5 226 237.2 249.5 261.8 273.5 285.6 297.9 307.6 316.7 326 334.9 345 362.6 377.1 387 395.2 402.6 407.8 411.9 414.8 414.8 411.8 405.4 396.1 385.7 373.8 363 357.8 359.8 360.2 356.9 349.4 342.8 335.9 329.4 322.6 316.2 310.7 307.6 303 297.5 294.2 288.5 284.9 280.7 275.3 271.9 269.2 266.7 264.9 264.4 264.2 262 262.1 261.5 260.6 258.6 256.5 253.7 249.4 244.5 239.2 233.4 226.7 218.9 210 201.2 196.4 193 191.3 190.3 193.3 196.1 202.3 208.6 212.7 218.8
219 228.1 238.8 250.8 261.8 277.1 289.3 301.2 311.5 319.9 331.2 341.6 353.5 371 378.9 388.8 396.1 403.6 408.5 412.6 415 415 411 402.8 393.1 381.6 371.8 362 345 352.4 349.5 346.7 339.8 337 331.8 325.8 318.1 312.2 308.1 304.6 300.3 295.9 291 286.3 282.4 278.6 274.5 270.7 267.9 265 262.2 261.4 261.3 260.1 260.1 259.9 259 257.4 255.4 252.7 249.7 245 240.1 233.8 227.5 219.4 210.8 201.1 196.3 192.7 190.6 190.6 193.4 200.1 208.1 212.3 219.4 221.8
219.4 228.7 238.4 250.5 262 275.5 291 303.6 313.9 323.5 335.7 346.7 358.8 372.6 378.7 388.5 394.6 402.3 408.9 411.8 413.6 412.9 407.8 397.4 387.1 377.2 368.6 361 348.7 338.7 337.9 332.6 327.2 325.4 323.3 318 312.5 308.7 303 298.8 295 291.5 287.8 284.1 280.2 276.3 272.3 268.9 266 263.1 260.9 259.9 259.3 257.5 256.5 257 257.4 255.8 254.1 251.9 249.1 245.6 241.5 236.5 231.2 222.8 211.9 200.4 193.7 192.6 190 191.2 194.4 204.2 213.2 219.3 222.5 224.7
220.2 227.5 236.5 248.9 260.2 274.5 291.3 304.5 315.6 326.6 338.4 349.7 360 370 378.2 388.1 395.2 401.6 406.9 408.5 408.6 406.4 401.4 391 381.2 372.1 363.7 357.8 348.5 336.2 323.3 322.1 316.1 311.5 310.3 307.7 305.9 301.9 296.5 292.6 289.9 286.8 283.2 279.7 276.3 272.7 269.4 266.7 263.9 261 259.7 257.7 255.1 253 253.2 253.6 254.5 253.5 251.9 250.6 248.4 245.3 241.6 237 230.6 220.6 211.2 200.8 193.6 192.4 188.7 192.7 197.7 208.3 217.3 224.3 225.1 229.1
215.7 222.4 233.5 245.8 257.1 272.6 292.2 304.4 315.1 327.5 341.2 352.6 363.3 369.6 376 387.8 395.6 400.9 403.6 404 400.8 396.3 390.6 382.2 375.2 367.9 359.5 352.8 344 333.3 313.6 300.8 295.7 290.9 289.1 296.7 297.9 295.4 290.8 288.1 285.3 282.2 277.7 274.3 272.3 268.9 266.1 263.6 261.2 259.1 257.3 255 251.5 245.3 249.1 250.5 251.4 251.1 249.7 248.5 247.9 245.4 241 236.3 231.5 222 210.6 198.2 193.1 191.6 189.9 193.6 201.5 212.9 221.7 228.3 231.2 232.9
215.5 227.4 236.6 247.2 257 273.6 290.8 305.5 318.1 328.6 343 354.1 362.1 368.6 374.6 387.6 393 396.7 402 398.7 393.6 386.5 380 374.5 367.4 360.4 353.5 346.9 338.5 329.3 316.5 302.4 288.1 277.4 275.2 280.9 289.5 287.4 282.3 278.5 274.1 273.3 274.4 271.5 269.2 265.2 262.8 260.4 258.2 256.5 254.3 252.2 248.2 242.3 243.7 245.5 247.2 247.9 247.7 246.5 246.5 245.4 240.5 235.5 230.6 222.1 210.7 200.2 193 189.9 191.3 194.9 205.8 217.3 226.3 232.9 234.1 235.3
217.7 229.2 239.4 252.4 263.8 279.5 294 304.6 320.7 331.1 340.3 352 360.8 368.3 374.4 385.9 389.3 392.9 393.9 390.8 381.8 376.5 371.7 364.7 358.6 352.4 346.8 341.9 334.2 324.3 314.3 301.7 287.4 273.9 265.4 264.5 281.3 279.9 273.1 266.4 261.6 270.4 270.6 267.5 264.4 261.3 259.5 257.3 255.4 253.7 251.7 249 244.8 239.3 237.9 239.8 242 243 244.1 244.7 245.8 244.4 240.1 234.9 229.4 220.9 209.6 197.9 191.9 190.3 192.8 195.7 205.7 219.5 230.1 235.2 236.5 237.8
217.1 229.5 242.5 256.6 269 285 297.5 306.4 319.5 331.5 339.5 350.8 358.2 365.7 373.2 378.5 384.6 387 386 381 376.5 371.2 364.3 357.2 351.7 345.4 340.2 335.9 328.4 318.4 309.1 297.4 285.1 273.9 263.6 254.5 274.6 273 263.5 253.6 257.9 267.2 265.4 261.9 258.6 256.4 256 253.3 252.5 250.9 249 245.8 241.5 235.9 227.2 234.7 236.8 238.3 239.1 241.1 243.2 242.4 238.2 233.7 228.1 219 205.5 194.1 191.3 192.3 194.5 198.7 210.1 220.9 230.3 236.4 238.9 240.4
213.3 228.2 242.4 258.1 269.7 285.9 295.4 309.1 319.6 331.4 341.3 349.8 356.5 365.1 371 374.3 378.1 378.9 377.3 373.3 368.3 363.2 358.1 351.5 345.1 339.4 333.5 327.9 321 312.7 303.1 290.1 279.3 268.6 251.5 261.2 270.7 265.3 254.4 244.8 254.6 260.6 258.4 256 252.7 251.9 252.8 249.8 249.1 247.3 244.2 240.5 235.9 231.7 219.7 226.5 231.2 232.6 233.3 236 239 239.6 235.3 230.7 224.6 213 199 192.3 191.9 192.9 195 200.1 209.5 220.7 229.6 235.6 239.2 242.5
224.4 232.5 245.2 260.8 274.2 288.4 296.4 309 321.2 331.2 340.4 349 354 361.7 365.1 369 370.9 370.7 367.3 364.6 359.8 355.6 350 344.5 339.2 333.4 327.6 320.7 313.5 305.3 295.7 285.9 276.3 265.1 245.3 260.2 268.1 258.5 247.9 238.9 248.6 252.7 251.7 250.5 246.3 249 251.2 247.1 242.6 240.6 237 233.3 228.9 225.4 216.3 219.7 225.3 226.8 228 230.7 233.4 234.3 230.5 226.2 219.3 205.8 194 191.2 192.2 193.2 195.8 199.6 207.1 217.1 225.7 233.2 238.9 243.7
234.6 241.3 246.6 260.9 276.5 286.5 295.3 307.9 319.8 330.6 338.4 345.9 351.8 357.2 360.7 362.4 363 363.1 359.9 357.2 353 348.7 343.6 338.4 331.8 325.1 322.1 312.9 303.7 296.5 289.9 282.2 272.5 263.5 243.4 250.2 260.9 254.5 244.3 234.9 241.2 246 246.4 242.4 239.7 245.6 248.4 245.2 237.1 232.2 229.3 226.1 222.1 219.4 213.6 213.3 220.6 221.3 222.8 224.9 227.1 227.7 224.4 220.7 213.5 200.8 191.2 191 193 195.9 197.7 203.8 213.2 220.5 226.7 233.2 239 244.8
246.7 254.5 256.2 261.3 276.4 285.6 293.7 306.3 317.2 329.6 335.8 341.5 348.3 353 354.2 354.6 355.3 354 351.2 348.8 345.7 341 336.8 331.8 322.4 317.4 311 304.2 296 289.1 283.2 276.2 267.5 259.6 245.3 234.6 242.8 243.8 240.6 228.4 233.8 240.1 238.5 231.7 241.3 245.6 245.4 240.9 233 222.9 220.9 218.4 216.2 212.4 207.4 208.8 214.5 214.4 216.2 216.5 219.6 220.1 218.5 215.2 208.3 195.4 189.9 191.7 193.8 197.5 200.3 205.6 214.3 223 228.3 232.8 238.8 245.2
259.6 265 267.3 268.2 276.6 286.9 293.1 305.6 317.1 327.2 332.4 337 342.5 347.2 349.1 348.1 347.9 345.8 343.5 340.2 337.7 332.2 327.9 321.7 314.3 306.5 300.2 296.2 288.3 281.7 276.3 271 262.9 256 247 235.6 223.5 219.4 227.9 225.2 229.3 230.3 226.3 230.1 239.6 244.9 241.6 236.5 228.6 220.5 209 210.7 208.9 206.5 201.5 206.4 207.9 209.6 211.3 213.6 213 213.2 212.1 209 204 192.5 190.6 192.6 194.6 197.6 203.4 206.6 212.2 218.9 225.6 232.3 238.6 245.5
269.2 273.2 275.5 275.7 278.3 285.8 296 307.5 317.4 324.4 329.7 334.7 339.4 342.3 342.9 341.8 340.8 338.4 335.2 332.1 329.8 325.8 321.1 313.1 305.3 298 291.8 287.6 280.5 274.7 270.2 265.9 258.7 250.6 242.4 238.4 230.9 218.9 214 214 220.5 216.9 219.3 232.8 240 242.2 237.2 229.6 222.1 213.8 208.7 198.8 201.6 200.5 196.6 200.1 201.6 200.8 204.6 205.7 205.2 206.4 205.9 202.2 197.5 188.8 190.7 193.3 195.6 197.3 203.3 211.5 216.5 219.4 227.9 235 242 249.8
274.8 279.3 280.5 280.2 283.4 290.8 301 310.5 317.7 321.7 327.3 331.7 334.7 335.1 335 334.1 333.1 330 327.1 325.5 322.1 317.5 312.7 305.6 297.1 289.8 281.7 273.4 272.9 269.2 263.9 259.1 252.1 244.5 238.4 233.6 228 219.8 206.4 212.2 214.5 207.6 221.6 231.7 236.7 237.6 229.8 221.5 213.4 206.1 201.5 196.1 194.5 190.6 193.5 194.5 192.6 198.5 199.4 200.1 201.2 197.4 197 194.8 189.9 188.3 189.6 190.9 192.6 196.7 199.5 203.7 212.8 220.9 226.9 234.8 244.3 252
276.2 279.4 281.3 283.5 287.1 293.8 302.9 310.8 315.9 319.4 324.2 326.8 328.1 328.7 327.7 326.6 325.2 321.7 318.1 315 312.1 309.3 302.9 296.8 289.8 282.9 274.7 264.6 258.5 263 256.5 249.4 242.5 238.9 234.3 230.3 225.4 218.9 208.2 199.4 209.4 204 220.2 230.1 233.7 231.6 221.2 212.4 206.6 201.1 196.7 191.1 187.3 187.2 186.8 186 192.1 195.7 197.9 198.5 195 191.1 189.7 189.3 186.1 187.1 187.8 192.8 197.4 199.4 208.3 212.1 209.2 211.6 220.5 232.7 244.7 253.2
273.3 278.6 282.4 285.5 291.2 297.4 303.2 308.6 312 315.8 319.2 320.6 321.7 322.2 320.9 319.7 317.6 314 310.3 306.8 303.8 300.4 296.8 290 282.8 275.8 268.4 260.4 251.5 253.1 249.8 241.3 233.5 234.6 231.4 226.1 221.2 214.9 207.4 194.9 193.3 201.4 219.2 226.6 226.8 221.9 211.4 203.5 201.3 196.7 191.2 188.7 181.8 180.3 179.9 178.3 181.1 184.7 191.5 191.4 187 186.4 184.5 183.6 183.9 184.6 188.5 194 203.1 203 211.1 219.2 222.4 219.9 213.7 221.6 235.9 248.5
270.6 277.3 282.4 286.9 294.3 300.3 302.6 305.9 308.1 310.7 312.6 313.9 315 315.8 314.4 313 310.2 306.7 303.2 299.7 295.8 291.7 287.7 284 276.1 268.8 262.3 255.2 249.3 242 236.9 230.2 226 231.3 227.4 222.2 217.4 210.8 204.4 197 186.6 200.1 215.3 220.1 218.1 209.5 202.2 197 193.1 188.7 184.1 181.2 177.2 176.1 175.4 175 176 177.7 180.6 181.9 180.2 180.7 181.6 182 184.6 188.4 192.1 200.2 206.8 212.7 218 223 226.3 230.1 230.2 221.2 226.2 241.8
269.6 276.2 281.9 287.5 295.5 300.2 302.2 303.3 303.8 305.3 306.7 306.9 307.6 307.9 306.6 305.4 302.8 299.6 296.2 292.5 289.7 287 282.6 277.4 270.5 264.5 258.3 250.1 243.6 233.1 223.2 219.4 219.1 223.9 221.5 216.9 212.6 206.5 200.6 194.2 186.3 200.2 210.6 213.1 207 200.2 191.7 186.3 183.9 179.9 175.4 173.5 172.3 170.2 176.3 183.3 185.4 180.5 175.6 176.5 176.8 179.9 182.5 184.4 188.4 193.3 201 210.1 215.8 220.5 214.9 226.9 229.8 234.8 238.6 237.5 224.8 236.8
270.1 276.1 281.4 287.7 294.8 297.6 299.9 300.9 300.1 301.1 299.4 299.2 300 298.6 296.8 297 293.6 290.3 288.4 286.3 283.6 281.1 276.1 270.7 264.7 259.4 253.4 245.6 238.6 231.1 223.2 215.3 207.3 205.9 205.8 203 201.9 195.7 189.6 187.1 180.6 194.3 203.9 205.7 198.7 190.6 179.1 175.7 170.2 171.3 169.6 169.3 176.8 182.8 188.3 193 196.8 198.5 192.8 189.3 187.8 188.4 189.8 195.1 199.1 205.1 211.5 219.3 224.2 227 227.3 229.6 234.3 238.8 243.2 243.8 237.9 231.4
272.3 277.1 282.3 289.6 293.6 294.2 294.8 296.1 294.8 292.6 291.3 291.3 291.6 289.5 287.8 287.5 285.2 283.2 281.3 278.3 275.8 274.1 269.5 264 257.9 252 246.3 241.8 236.2 230.7 224.7 218.1 212.3 208.6 203.3 197.7 192.7 187.4 181.6 176.5 177.1 190.7 198.3 197.1 191.8 183.9 171 167.7 170 166.8 173.3 182.8 188.9 192.5 195.6 199.5 203.2 204.9 205.3 206.1 202 198.3 205.1 212.3 217.9 218.4 222.1 226.2 230.6 232.7 235.2 235.9 238.3 242.6 246.3 248.7 248.4 239.3
274.7 279.4 283.2 286.9 288.4 286.6 287.5 285.5 284.3 283.7 283.5 282.1 282.3 282.5 280.9 279.1 277.2 276 273.8 270.2 268.1 265.1 260.4 255.2 251 245.4 242.2 238.4 234.6 230.6 226 220.5 217.3 212.6 208.3 203.5 199.2 193.9 188.1 182 171 182.6 188.5 189.2 183.7 176.9 167.4 168.5 171.2 171.4 177.9 185 193.6 196.5 200.3 203.7 207.4 210.6 211 210.6 208.3 211 216 219.8 223.1 225.6 230.1 233.4 236.3 238.6 242.2 243.7 244 246.9 249.6 251.7 252.8 252.3
