public/OST50/NJ34.asc
ncols 200
nrows 200
xllcorner 330000
yllcorner 840000
cellsize 50
[rows 140 to 174 of 200, columns 78 to 155 of 200]
281.3 288.4 294.7 298 300.8 304.9 308.5 309.3 310.7 312.8 315.3 316.6 316.7 314.5 311.9 309.7 307.2 300.5 292.5 284 271.6 261.5 251.3 242.5 235.1 217.6 204.8 192.4 183.5 177 176.4 176.4 180.7 195.8 210.2 209.1 211.6 215.3 219.3 222.5 226.9 233.9 240.9 246.7 253.2 258.3 263 265.8 268.1 267 262.8 255.5 244.8 236.5 231.6 225 213 205 201.7 199 194.7 190.6 190.4 194.7 194 192.5 192.5 192.5 193.3 194 195.2 200.4 206 217.5 231.4 237.7 238.3 237.8
290.9 297.6 302.9 306.4 309.4 311.6 312.8 312.2 312.6 313.6 313.6 313.5 312.1 309.6 307 304.8 301.7 293.5 285.4 274.6 262.6 246.6 237.3 223.4 210.1 198.8 185.8 176.7 176.4 176.4 177.1 189.1 205.2 215 216.9 216.4 218.3 221.5 224.2 229.6 237.2 244.1 249.5 256 261.4 265.2 269.2 271.7 273.8 271.3 266.1 258.2 246.7 237.6 232.3 222.8 210.3 203.7 198 195.1 194 198 198.9 198.4 197.2 195.9 196.1 196.4 196.9 197.4 198.1 200.6 206.5 218.2 232.7 239.7 241.8 242
303.5 307.6 313 316.4 317.3 317.7 316 314.4 313.2 312.4 310.6 308.8 307 304.5 302.3 298.6 294.7 286.7 275.4 259.8 243 222.8 207.3 197.1 186.6 178.6 176.4 176.4 176.4 183.1 196 209.7 219.1 221.3 222.4 223.5 224.9 228.4 234.1 241.9 249.1 256.5 260.4 263.5 268.2 272.1 274.8 275.8 276.8 273.4 268.7 259.5 248.1 237.8 229.9 218.4 208.3 201.7 196.4 202.6 203.8 203.1 203.4 203 201.2 198.8 199.6 200.4 200.8 201 201.3 200.5 206.8 214.1 230 242.1 245.9 248.3
316 321.1 326.6 326.7 327.8 325.4 319.6 314.3 311.5 307.3 304.6 302.8 300.8 299 296 292.5 288.5 279.5 271.4 240.6 218.9 199.7 184.9 177.1 176.4 176.4 176.4 179.3 189.6 202.5 214.2 221.5 224.9 227.1 229.7 231.8 235.5 241.8 248.8 256 261.2 266.7 269.7 271.6 274.8 276.2 277.4 278.2 278.4 275.5 269.6 261.1 249.9 237.9 225.5 214.3 207.3 200.7 202.2 209.4 209.4 208.5 207.7 206.4 204.3 203.1 204 205.3 205.5 205.6 205.5 203.9 207.6 215 227.5 241.9 249.1 250.4
332.4 337.4 339.6 341.1 336.6 332.6 322.5 313.8 305.1 301.5 297.9 294.6 293.2 291.7 289.4 286.3 282.5 274.9 264.9 239 210 186.4 176.4 176.4 176.4 176.4 185 200.4 209.5 217.2 223.7 228.1 231.3 234.4 236.5 242.7 249.1 256.3 263.4 269.9 272.7 275.2 277.1 278.7 280.1 280.1 281 279.8 279.1 275.5 269.1 260.6 249.8 237.6 224.5 212.9 205 201.5 206.5 212 213 212.5 210.5 209.1 207.7 207.6 209 210.7 210.1 209.9 210.1 210 208.9 215.3 224.6 238.7 248.2 250.4
345 349.5 350.6 347.8 343.3 338.4 326.3 307.9 298.2 293.7 287.9 286.7 286.8 284.3 282.7 282.6 279.3 273.9 263.6 237.8 202.6 179.9 176.4 176.4 176.4 185.3 206.5 215.3 221.2 226.7 230.8 233.1 236.9 241.7 246.8 255.3 263.1 270.4 275.6 278.3 279.5 281 284.1 284.9 284.6 284.2 283.7 280.6 277.4 273.9 266.9 258.4 247.8 233.1 219.3 209.9 203.5 205 209.3 214.2 215.7 213.8 211.9 211.4 210.3 212.2 216.5 217.5 215.9 215.9 215.8 215.4 212.2 214.4 224.1 232.5 245.5 249.5
353.1 356.9 355.3 355.3 347.8 337.9 326.9 304.5 291.7 282.5 277.1 277.8 278.7 278.8 278 278.6 277.1 273.5 264.5 239.7 204.1 177.5 176.4 176.4 178.4 199.1 218 223.7 228.1 232.7 235.1 239.7 245.6 252.5 258.3 266.6 271.9 278.5 282 285 286.7 287.8 289.1 288.8 288.5 286 283.3 279 275 270.4 263.9 255.6 244.1 227.9 215.8 207.6 204.9 209.7 214 217.5 217.2 215.2 213.9 212.9 212.9 222.9 229.8 229.6 227 224 222.2 221.1 220.3 217.4 223.3 230.4 238.8 245.8
360.5 362.4 359.7 354.1 345.8 335.4 325.8 310 287.5 274.7 266.9 269.1 270.2 271.3 273.3 274.5 275.2 272.4 261.6 246.4 207.4 180.9 176.4 176.4 186.1 212 223.2 229.1 234.4 238 243.4 248.9 256.8 264.2 271.5 278.1 282.2 286.5 288.8 291.1 291.1 291.9 293.4 293.3 290.9 287.2 283.2 276.5 271.1 267.5 260.1 251.4 241.2 224.7 213 207.3 212.1 213.5 215.7 219.1 218.3 217.5 216.6 215.1 224 236.5 242.9 242.3 239.9 235.9 229.2 226.7 224.4 221.6 226.3 232 237.6 246.3
363.2 363.1 357.6 349.2 340.5 333.1 325.1 306.9 286.6 266.8 257.5 260.3 261.3 264.8 267.3 268.5 267.5 265.1 256.9 241.2 217.3 194.7 179.6 179 192.7 219.2 230.3 234.1 236.3 245.7 253.3 259.7 268.8 276.2 281.8 285.8 288.5 293.3 295.7 296.1 296.1 296.1 297 294.8 291.5 288.3 282.2 274.1 267.8 263.1 255.3 246.6 234.5 221.2 211 207.7 216 217.1 219.4 220.8 220.4 219.5 218.8 226.4 238.6 249 252.2 249.6 246.4 244.8 240.5 233.6 227.4 228.2 231.2 236.1 240.4 252.2
359.1 355.8 349.7 343.7 337.5 330.8 318.2 300.1 281.2 263.5 250.9 251 251 257.8 259.5 257 253.9 251.7 244.4 229.4 216.4 201.4 180.2 179.3 199.1 222.5 233.2 238.3 244.3 252.9 261.9 271.4 279.5 285.4 289.4 293.4 296.1 298.3 300 300.5 299.8 299.1 297 294.2 291.3 286.2 278.2 270 264.4 259.7 250 238.9 227.7 217.9 210.6 213.6 218 219.9 222.6 223.4 223.3 222.8 227.4 239 250.2 257.8 258.4 255.9 253.5 250.5 247.5 242.5 232.7 235.2 244.4 242.4 248.6 259.1
348.5 347.6 343.6 337.8 335.4 325 308.2 290.2 271.1 258.4 244.8 242.2 248.6 252.7 249.3 242.5 236.7 229.6 223.9 216.8 204.4 183.2 178.6 182.6 208.4 228.6 237.1 244.8 251.3 263.9 274.6 283.9 288.6 294.8 298 299.9 301.4 302.2 303.1 303.2 301.5 299.4 295.6 292.7 288.5 282.4 274.8 268.1 261.3 252.5 240.8 231.3 222.7 215.6 210.1 213.7 218.1 221 223.3 225.6 227.2 232.8 240.2 250.5 260.6 265 264.5 261.7 257.6 254.5 252.5 246.8 239 235.6 248.6 250 258.1 268.7
338.5 339.4 337.7 335 327.8 314.4 298.2 283.8 272.4 253 239.9 235.7 245.5 241 237.2 228.5 210.7 204 203.1 202.7 179.8 177.7 181.1 200 226.1 235.4 245.9 254.4 266.5 280.1 287.7 292.2 296.9 300.5 303.8 306.4 306.3 306.8 306 304.1 301.5 298.8 294.2 290.1 285 277.8 271 265.2 256.8 246 234 224.8 219 213.9 211.8 215 219.5 222.6 224.6 228.4 237 247.3 253.8 261.6 267.9 270 269.3 266.7 263.2 260.2 256.2 251.3 244.7 239.6 252.2 260.2 270 280.6
331.5 332.7 329.2 326.2 317.6 302.9 292 279.1 267.6 249.6 233.1 230.6 236.5 230.5 224.4 202.7 191.3 183.9 180 178.3 177.8 183 205.6 224.2 235.6 244.2 258.8 274.3 284.1 291.3 296 299.4 301.8 303.4 305.6 307 307.7 307.8 305.6 303.4 300.4 297.1 293.4 289.1 281.5 273.8 265.1 258.9 250.3 238.6 228.2 223.2 219.4 214.3 216.8 220.1 226.3 232.3 238.1 240.9 248.4 260 266.4 266.7 271.7 273.8 273.1 271.3 267.6 263.7 258.9 254.7 248.7 249.9 261.3 270.2 280.7 292.1
320.2 322.8 321.6 313.4 305.8 294 279.4 270.8 258.3 251.7 231.8 222.2 226.4 217.6 199.4 185 179.3 178.5 178.7 179.5 190.7 207.7 222.1 232.1 251.8 268.8 279.7 287.2 293.2 297 300.5 303.8 305 305.8 306.5 306.7 307 306.5 304.7 301.9 298.9 295.2 290.4 285.7 276.2 267.7 258.7 252.4 242 232 226 222.7 219.6 216 221.5 228.1 235.6 241.9 251.1 253.8 259.5 267.4 271.7 271.5 274.8 276.2 275.8 273.9 270.1 265.6 260.8 258.3 255.5 252.4 267.7 279.4 291.3 303.1
311.1 314.8 311.8 300.4 291.3 276 264.8 257.5 251.5 245.9 236.1 216.6 204 194.2 182.1 179 189.3 192.9 191 197.9 209.6 222.7 233.7 249.2 267.1 280.4 289.7 295.4 301.3 302.3 305.1 306.5 306.9 306.8 306.7 306 305.5 304 302.2 300.1 296.1 291.3 285.6 280.5 272 260.6 251.5 243 235.3 227.6 224.5 222.4 217 217 225 234.3 239.3 244.8 255.5 261.1 266.9 271 272.8 275 276.2 277.1 277.6 274.6 271.5 268.1 264.8 263.6 262.6 259.9 272.5 287.1 299.1 311.5
303.7 302.6 295.3 285.3 272.1 258.9 253.3 241.6 240.2 233.6 225 209.9 189.3 179.7 181.1 196.7 209.6 209.1 206.8 215.3 224.8 237.4 250.9 264.6 279.2 290.5 298.9 304.1 306 308.4 308.9 308.7 308.4 307.7 306.8 305.4 303.2 301 299.1 297.3 292.4 286.9 280.4 274.6 265.6 253.6 243 235.5 229.8 225.4 222.8 219.7 218.6 222.3 230.8 239.5 243.6 249.9 260.2 265.9 273 275.7 277.4 278.7 277.7 277.8 277 274.9 272.2 269.6 268.4 269.1 269 268.7 276.9 294.3 306.8 319
290.9 284.6 273.8 270.7 258.4 248.6 236.6 228.7 224.3 216.9 203.5 190.7 179.6 182.1 200.4 217.3 221.3 220.1 221.2 227.3 241 253.7 266.1 278.4 291.6 300.6 307.6 310.9 313.6 313.1 312 310.3 309.4 308.2 305.9 303.9 301.1 297.7 296.2 292.8 287.9 281.6 274.7 267 256.6 244.3 236.2 231.5 227 224.4 224.1 222.3 221.3 227 235.9 245.4 251.4 258 267.1 274.6 277 279.9 281.9 281.6 279.7 279 277.4 277.4 276.2 276 277.3 277.3 278.5 280.7 281.5 299.2 313.6 325.8
273.4 265.6 258.7 251.7 244.6 237.4 228.7 219.2 211 201.1 188.1 179.4 181.7 200.6 214.3 220.6 222.8 225.5 227.7 242.7 255.8 269.1 279.7 291.6 300.4 309.7 314.4 316.8 317.1 316 314.9 313 310.9 308.2 305.2 301.9 298.5 295.8 292.6 288.6 282.3 275.5 269.1 259.4 247.2 237.3 232.5 228.9 227.7 229.8 228 225.4 223.1 229.8 241.7 251.9 257.6 264 270.8 276.2 279.6 282.8 284.7 284.2 283.1 281.8 280.6 282 285.1 287.5 290.3 294 296.8 296.9 293.1 302.5 317.9 332
257 248.6 241.6 232.5 230.6 223.4 216.3 206.1 194.6 185.2 178.8 181.5 201.1 215.9 219.3 223.5 229.6 232.9 242.1 255.3 266.7 279 291.9 302.6 311.7 318.4 321.2 322.2 321.2 319 317.8 315.7 314 310.4 307.4 302 297.8 295 289.5 283.1 275.7 269.1 262.3 251.9 240.9 235 231.5 229.6 235.5 239.1 234.2 228 225.5 230.1 246.4 256 263 268.3 273.7 277.6 281.6 285.2 284.7 286.8 286.6 285 291 295.4 300.3 304.9 311 314.1 313.2 311.3 307.5 304.8 323.4 338.1
234.7 225.9 220 218.9 215.5 209.7 199.8 188.2 181 178.5 183.9 202.2 212.9 216.8 223.5 230.7 236.6 240.1 250.2 264.6 279 291.1 303.5 315.1 322.5 327.3 329 329.8 327.5 324.9 322.3 320.2 317.2 313.1 309 302.4 297.4 293.1 286.1 277.2 269.1 262.7 255.5 245.5 236.9 234.2 231 235.7 243.9 244.3 234.6 230.1 227.9 234.4 253.9 261.1 267.2 271.5 275.1 278 281.2 284.8 285.8 289.7 292.7 299.3 306.1 313.2 318.8 324.1 327.9 328.3 327.5 325.1 322.8 306.1 329.6 343.6
211 206.1 198.3 196.7 197 190.5 182.7 177.8 177.4 186.9 205.4 210.8 217.3 222.7 229.3 237.4 240 252.2 265.1 278.4 291.9 304.6 317.7 327.1 334.6 337.6 338.3 336.2 333.9 331.3 327.9 323.8 320.2 316.1 310.5 302.8 297.1 290.6 283.5 275.5 265.5 255.7 247.4 240.7 236.3 233.2 234 242.3 248.5 250.3 236.9 232 231.4 243 257.4 264.2 269 273.3 276.8 278.6 281.7 286.6 291.3 298.3 308 314.8 322.9 332.5 338 343.4 346.4 344.1 343.1 340.4 337.3 322.7 335.1 348.5
185.1 182.2 179 177.5 178.7 177 178 181.5 194.5 205.4 210.6 215.8 224.1 229.5 235.7 242 254.5 267.9 280.7 293.1 304.8 319.6 331.4 339.9 345.5 347.7 347.3 344.3 340.6 335.9 331.9 327.8 321.7 315.5 308.3 301.8 295.2 288.1 279.2 271.3 261.6 251.2 243.6 238.6 235.8 233.7 238.3 248.1 254.9 254.6 240.1 233.7 235.9 247.1 260.1 266.4 270.7 275.1 279.2 282.2 286.6 295.3 302.3 311.8 320.6 330.2 339.7 349.7 356.1 359.7 361.1 360.5 357.6 353.3 347.1 334.6 343 355.4
175.3 175.8 175.9 177.6 177.5 183.7 191.8 199.8 204.2 209.5 216.7 224.1 230.2 235.6 243.3 253 266.2 281.4 297 306.9 321.1 337.7 343.8 350.7 355.3 356.3 354.7 350.3 346.4 341.2 335.4 329 320.9 313.5 305.4 299.6 293 284.4 274.6 266.1 257 246.7 240.4 237.9 235.2 236.5 246.2 254.4 257.7 256.5 245.7 236.3 238.5 249.2 260.6 266.9 272.2 277.7 284.9 290.1 298.2 308.2 315.5 324.7 334 345.9 356.9 364.9 369.7 371.4 372.5 372 369.3 365.1 358.4 347.7 351.9 361.8
176.5 180.8 183.5 183.9 192.3 196.9 198.9 204 209.9 215.9 222.5 229.6 235.1 245.5 259 271.5 283.5 295.3 310.9 324.7 337.9 350.2 357.1 361.2 363.4 362.9 360.7 356.2 348.9 342.6 335.6 328 320.9 312.9 305.8 296.7 288.5 280.7 271 261.1 250.2 243 239.6 238.2 237 239.6 246.9 255.3 260 258 245.9 238.1 239.8 248.4 259.5 266.6 275 281.8 290.9 299.1 309.7 319.2 327.3 337.6 348.5 358.9 369.1 375.5 379.4 381 380.6 378.5 378 374.3 368.9 363.4 363.7 371.2
187.2 189.6 192.1 194 198.2 202.6 205.3 209.1 215.9 224.2 229.5 238.4 251 265.2 275.7 286.1 298.2 310.3 324 337 349.1 358.4 366.8 369.4 369.5 367.3 364.2 358 350.1 341.8 334.9 327.9 321.1 314.3 305.9 295.9 287.6 278.5 267.7 257.3 246.8 243 240.1 238.5 239.2 241.9 244.5 248.2 256.2 258.1 245.4 240.1 242 249.2 263.4 273.1 281 288.3 296.6 306.9 316.9 327.3 335.2 348.9 360.7 373.4 381.6 387 389.2 390.2 390 388.3 384.7 380.6 377.7 373.9 374.6 379.6
192.6 194.5 197.9 198.6 202.3 206.8 211.3 215.8 221.4 228.7 240.2 252 262.1 274.2 286.7 297.7 312 325.4 336 345.7 358.2 367 374 375.9 373.6 370 363.9 357.2 349.9 341.7 335.7 328.6 320.9 314.1 306.8 296.7 287.7 276.3 264.6 252.1 246.9 242.2 240.4 240 241.9 244.5 246.4 246.9 249 253 248 244.1 245 254.6 271.2 280 287.8 296 305 314.8 324.4 335.5 344.6 358.5 373.1 382.3 389.5 394.2 396.2 396.7 396.1 394.6 391.3 387.7 383.7 382.1 383.9 384.9
198 201.2 202.8 201.8 206.5 210.9 215.2 218.9 231.3 243 253.4 261 269.4 282.7 296 307.6 322.3 336.5 344.3 358.8 367.8 373.9 379.3 380.4 376.8 371.7 364.1 356.6 349 341.3 333.9 326.7 319.4 312.9 305.7 296.1 285.8 272.5 261.2 251 247.2 241.5 240.9 248.9 258.8 263.7 255.8 249.7 248.9 248.8 247.4 247.5 248.6 262.3 279 287.5 295.7 303.4 313.2 323.4 333.7 343.5 354 366.5 378.4 386.9 393.1 397.4 400.1 400.9 399.6 398.6 396.7 393 391.6 391.3 391.9 393.9
203.3 205.8 206.9 203.6 210 214.1 219.3 230 243 254 261.8 269.8 279.6 293.2 304.3 316.4 330 340.9 354.6 366.4 374.8 380.3 382.5 384.4 378.8 371.4 363.1 354.9 347.4 340.2 332.7 325.3 318.2 311.9 304.2 295.3 283.2 269.3 257.7 251.5 245.9 242.2 249.4 259.4 268.3 274.3 270.5 261.5 253.4 251.6 250.9 251 256.5 272.8 285.1 293.2 301.7 309.6 320.2 332.8 341.5 350.7 360.8 370.5 378.2 387.7 393.4 398.2 401.6 403.7 403.3 402.5 401.4 398.9 399.1 399.3 398.6 398.8
207.8 209.9 209.3 209.1 214.1 220.2 228.7 239.6 251.5 261.1 269.5 276.1 287.9 298.5 312.1 324.2 335.9 348.1 359.7 372.1 381.7 388 391.2 385.8 378.1 370.6 362 353.6 346.3 339 331.6 324.5 317.4 310.5 302.5 291.6 278.1 265.8 257.3 251.2 247 244.2 249.4 262.8 273.5 280.7 279.4 277 266.6 260.4 257.5 255.7 263.3 278.7 289.7 298.2 306.1 315.2 327.8 339.2 348.2 356.9 365.7 374.1 382.1 387.1 392.8 397.2 400.7 403.5 404.1 405.5 404.3 403.7 403.6 403.2 402.6 402.7
211.3 212.7 212.2 213 219.5 228.9 237.6 248.8 256.8 264.7 272.5 281.6 292.3 301.2 316.7 331.1 339.3 352.4 364.5 374.7 386.2 392 389.7 383.8 376.8 369.2 360.9 352.4 345.3 338 330.7 323.7 316.5 310.2 300.4 288.7 276.7 266.3 257.2 251.9 248 245.7 249.3 261.6 276.1 282.5 281.4 276.2 270.8 269.1 264.3 263 266.6 281.5 292.1 301.5 311 322 331.9 343 351.7 360 367.9 374.8 381.2 386.9 391.5 395.2 398.8 402.5 405 406.5 406.4 406.1 406 406.1 405.5 405.5
213.3 214.9 216.5 218.4 225.6 237.1 246.2 255.4 262.8 269.9 277.1 285.9 295.3 306.9 320.3 334.5 343.3 355.1 367.7 378.6 387.8 392.6 388.8 382.9 375.4 367.9 360.2 353 344.9 337 329.8 322.7 316.4 310.3 301.4 291.3 280.2 268.2 257.3 252.8 249.5 246.9 249.2 260 274 283 280.3 275.2 274.5 271.5 270.9 274 271.6 277.2 292.2 303 313.3 324 333.8 343.1 352.6 361 367.1 373.7 379.1 384.5 389.4 393.3 397 401.3 405.1 406.9 408.6 408.2 408.4 408.7 408.4 408.4
213.9 216.8 218.8 224.8 233.4 244.2 253.7 261 267.3 273.8 281 290.5 300.3 313.1 326.3 336.4 346.9 357.5 370.6 380.9 389 391.6 387.6 382 373.6 366.2 358.9 352.6 344.7 336.4 328.9 322.6 316.9 310.3 301.8 293.5 283.7 273.1 261.3 255.4 251.1 247.8 248.9 255.6 269.4 281.6 278.2 275.5 277.7 276 280.2 282 283 279.9 287.4 301.9 312.6 324.1 333.1 340.1 351.6 358.7 364.5 368 374.3 380.2 385.3 391.1 395.9 400 404.2 407.1 409.9 410.7 410.9 411.1 411.3 410.2
214 217.8 225.5 232.1 239.6 249.4 258.8 265.7 271.6 278 286.2 295.7 306 318.8 331.2 339.5 350.1 361.6 372.6 382.3 388.8 388.2 383.9 378.5 371.7 364.2 357 350.7 343.8 336.1 328.3 322.3 316.7 310.2 303.2 295.9 286.3 279 270.9 261.3 255.8 249.2 249.2 253.6 265.3 277.3 275.6 276.7 279.5 283.1 288.5 290.3 291.4 290.8 289.2 296.7 310.6 320 328.8 338.1 348.6 354.5 359.5 363.3 368.7 374.2 381.6 388 394.3 398.8 403.5 407.5 410.3 412 413.1 413.2 412.1 411.1
215.9 223.7 233 240.1 246.1 254.5 263.5 270.3 276.2 283.6 294.6 303.4 313.7 324.7 333.1 342.3 351.6 363.4 374.4 383.1 385.9 384.7 380.3 375 368.1 361.3 354.3 347.6 341.1 334.3 328 321.8 317.4 311.4 303.7 298 291 284.2 275.9 268 258.3 250.8 250.5 254.5 261.9 269.7 274.9 281.7 287.8 293.6 298.1 298.4 299.4 299.5 301.5 300.8 305.2 316.3 326.9 336.7 344.4 349.7 354.1 357.8 364.9 370.8 379.4 385.6 393.2 399 403.3 407.6 410.6 412.4 413.2 413.5 412.8 411.3
219.1 228.5 237.3 247.8 253.9 259.2 267.3 274.4 281.3 291.3 300 308.7 319.8 327.8 336.4 345.9 353.6 363.1 373.4 380.7 382.4 380.7 375.4 369.9 364 356.6 349.6 343.7 337.5 330.9 325.8 320.7 315.2 309.7 304 298.8 292.4 286.7 278.7 269.4 254.9 250.7 252.2 256.6 268 277.3 284.7 293.7 301.6 303.9 306.2 306.3 306.9 308.8 310.9 313.4 312 313 324.4 333.4 339.8 344 349.4 356.2 363 370.6 378 385.2 393.5 399.5 403.4 407.4 410.6 410.8 411 411.3 411.3 409.8
