public/OST50/NJ40.asc
ncols 200
nrows 200
xllcorner 340000
yllcorner 800000
cellsize 50
[rows 35 to 69 of 200, columns 78 to 155 of 200]
295.8 294.3 294.7 298.5 306.3 310 309.5 304.3 298.5 293.5 285.7 276.9 273.6 274.7 281.7 294.4 301.9 305.1 298 298.1 300.7 300.8 302 306.2 310.6 316.1 318 317.3 310.9 303.9 306.4 310.4 315.8 320.3 327.6 335.7 340.8 344.4 346 346.3 344.5 346.5 349.2 352.4 355.1 356.4 357.3 357.4 352.4 343.7 334.8 326.3 316.8 315.6 316.3 317 322.7 330.1 337.7 341.6 343.2 341.5 340.9 340.4 340.9 339.7 337.5 337.8 339 340.6 343.7 343.9 343.9 348.1 351.6 355.3 356.3 355.2
287.8 286.6 285.3 288.3 295.2 301.6 301.1 299.4 295.9 290.7 282.4 273.4 268.7 269.3 272.2 284.3 291.8 293 291.9 293.8 295.2 295.2 296.6 300.7 305 310.4 312.6 312 306.6 299.3 298.8 303.6 308.3 313 320.4 327.4 334.4 338.1 339.8 340.6 339.5 339.9 342.2 345.6 347.6 348.2 350 351.2 347.9 341.4 334.1 325.8 317.9 307.3 309 310.9 316.4 322.5 327.2 330.5 331.4 331.4 332.1 332.4 332.2 331.1 329.4 329.7 331 332.3 334 336.2 337 339.5 342.7 346.1 347.8 346.6
284.9 279.4 279.3 279.3 283.8 289.8 293.3 293.7 290.9 286.2 280.1 274.2 266.4 264.1 265.5 272.4 279.2 281.7 287 291.1 291.8 289.9 291.1 294.1 298.8 303.2 304.9 304.2 300.9 294.3 293.3 297.3 301.4 306.6 313.6 320.6 326.8 332.4 335 335.8 334.8 333.4 335.1 336.4 338.7 340.6 342.9 344.3 342.7 338 331 324.6 316.5 309 302.5 304 309.1 313.6 316.7 319.3 320.8 322.4 323.7 324 323.4 322.5 321.8 322.1 323.4 324.3 325.9 328.1 330.2 331.1 334 337.2 339 338.3
282.8 276.7 274.4 273.4 271.9 275.9 281.2 282.7 283.6 279.4 276.9 272.1 267.5 260.6 261.5 262.6 269 278.2 285.8 288.8 286.4 284.1 283.6 289.3 295.7 300.5 301.7 297.1 293.8 289.4 285.8 290.8 294.2 300.7 307.2 314.4 320.2 326.9 331.9 332.2 330.4 328 328.6 328.8 330.4 333.1 336.3 336.9 335.9 331.6 327.5 321.3 314 306.9 296.7 296.5 299.5 303.8 306.5 308.3 309.7 311.5 314.2 314.6 315.1 315 314.9 315.1 317 316.7 318.7 321 322.1 323.4 325.8 328 329.9 330.9
277.9 273.7 269.6 269 268.6 267 267.6 268.9 270.5 272.6 271.2 268.4 265.6 259.4 254.9 257.3 265.3 275.8 286.2 288.5 284 280.9 278.3 285 292.4 297.4 297.2 291.7 288 284.6 281.6 284.4 288.4 294.2 302 306.6 314.9 322.3 328.9 330.6 328.5 324.6 323.1 323.6 324.3 325.8 327.8 329 328.4 326.5 323.2 317 311 304.1 295.8 290.9 291 294.3 296.9 298.5 300.3 302.3 304.1 306 307.6 307.7 308.1 308.4 310.1 310.5 312.2 313.8 315.2 316 318.2 320.7 322.2 323.7
274.5 271.2 266.4 264.3 264.2 261 258.1 259.1 261.8 264.5 263.8 263.3 261.1 258.1 253.1 253 261.4 272.9 284.9 288.5 282.6 277.2 273.1 278.1 286.8 293.5 294 289 285.4 282.1 278.4 278 281 289.9 294.6 301.4 310.8 320.3 327.6 330 328 324.1 318.8 319 319.6 320.2 321.6 322.9 323.4 322.4 319.6 314.8 308.5 302.3 296.5 287.2 284 288.4 289.5 291.3 292.7 294.8 297.2 299.4 300 302.1 303 302.3 303.3 304.8 306.7 307 307.7 309.3 310.2 311.9 314.2 316.2
270.7 266.8 262.8 258.8 258.9 256.8 254.4 251.2 253 253.5 254.3 255.8 256.4 254.6 252.6 247.9 255.9 267.4 279.3 286 279.3 274.2 269.3 273.3 282.2 289.1 291.1 288.4 286.3 283.7 277 270.7 276.9 281.6 289.3 299.1 308.6 318.1 326.8 331 329 323.4 317.4 315.2 315.7 315.2 316.1 317.8 319 319.2 317.1 312.8 306.5 300.1 294.7 290.7 283.9 279.8 283.1 285.2 287.2 289.2 290.3 293.4 294.5 295.9 297.3 296.8 297.2 297.9 299.8 300.1 301.1 302.3 303 304.9 307.6 309.8
267.5 264.3 260.5 256.8 252.5 253.5 251.1 248 246.2 246.6 248.5 248.6 249.3 250.7 247.4 241.8 249.7 259.6 269.6 274.5 275.1 271.7 266.4 267.7 276.8 284.1 287 288.3 286.1 282.5 272.8 268.2 271.9 279.6 285.1 295.2 306.6 316.1 325.5 330 328.5 322.8 315.9 313.4 310.3 309.8 311.5 313.3 315.6 317.2 316.7 311.9 305.7 299.1 293.5 288.7 284.9 278 276 280.1 282.3 284 285 287.4 288.7 290.1 291.3 291.2 293 294.2 294 294.4 295.3 296.4 297.2 298.5 301.9 305.2
266.5 263 259.7 256.1 250.3 246 247.5 245.5 243.2 239.7 239.1 240.4 241.9 241.7 239.6 235.6 243.5 252.7 261 271.4 273.6 270.7 264.4 261.4 270.1 278.2 282.9 283.6 282.5 277.1 270.4 264 269.5 272.9 282.8 293 304.1 314.2 322.7 325.9 323.7 321.7 316.3 311.5 308 306.5 307.1 309.1 312.2 315.4 315.9 311.4 304.8 297.6 291.6 285.5 282.3 277.9 271.4 274.3 277.4 279.6 280.2 281.5 283.2 284.8 285.4 285.9 287.7 288.8 289.1 289.5 290.1 291.5 292.4 294.4 296.6 299.6
266.3 263.2 260.2 256.5 252.3 248.3 241.8 242.2 240.1 239.2 235.3 233.2 233.8 234.4 233 233 239 251.1 260.8 271.5 272.5 268.5 261.5 256.7 264.2 270.5 275.6 278.2 276.4 273.2 267.4 259.9 264.3 271.8 281.1 291 302.2 312.3 319.5 325.8 326.7 323.7 317.2 312.2 306 303.1 302.9 304.9 308.1 311.8 314 309.6 302.5 295.1 288.5 282.7 278.8 276.9 270.2 268 275 275.5 275.4 276.4 278.3 280.1 280.1 280.7 282.3 283.1 284.6 284.4 286.1 286.6 287.7 289.5 291.7 294.4
268.1 265.8 262.9 258.6 254.4 247.7 240.7 237.4 237.4 234.8 233.3 231.3 229.8 228.8 227.9 230.3 234.8 246.9 256.1 261 262.1 261.9 259.5 252.2 257.4 265.4 271.6 273 273.8 271.4 262.1 256.4 259.4 268 276.9 289.9 300.8 311.2 319.5 326.5 328.4 325.6 319.2 312.9 307.5 302.2 298.1 300.1 303.5 306.4 307.3 303.3 297.2 290.7 283.8 279.3 275.9 274.5 269.7 265.1 271.3 271.5 271 271.6 274 275.3 275.8 276.3 275.9 277.5 279.2 280.4 281.5 282 282.9 284.2 286.9 289.6
268.5 266.8 264.5 259.3 253.1 246.2 241.2 237.5 233.1 231.9 230.1 228.7 227.2 226.3 226.2 227.2 232.1 242.2 249.7 251.8 253 255 251.9 245.9 253.2 261.1 264.9 268.9 270.2 267.3 261.4 252.7 258.3 268.2 277.9 288.3 299.2 310.7 319.3 326.3 329.4 328.2 321.8 313.9 307.4 301.5 295.9 293.7 296.3 299.4 300.2 297.6 292.2 286.3 279.5 274.7 272.7 272.1 267.2 262.1 265.5 266.3 266.4 267 269.3 268.8 271 271.7 272.2 273.3 274.6 276.2 277.1 277.8 278.5 280 281.8 284.5
265.1 262.8 261.1 256.7 249.5 243.3 238.8 238.2 236.7 233.9 231.7 228.6 226.6 224.9 224.5 225.4 226.3 237.3 246.5 248.2 249.1 248.5 245.4 241.1 246.8 255.1 260.7 262.2 261.7 262.6 256.6 251.2 256.1 266.8 280 289.3 300.6 310.9 319.6 326.2 330.5 331.8 324 314.3 307.3 300.8 294.8 287.4 289.8 292.6 293 291.7 286.5 280.1 273.3 270.2 267.9 268.6 264.6 256.4 260 261.4 261.5 263.4 264.1 265.6 266.8 266.9 267.9 269 270.3 271.8 271.9 272.5 273.6 275.5 277.2 280.9
261.5 258.1 254.9 250.6 244.9 242.5 243 242.3 240.1 236.2 232.8 230.9 228.8 226.3 223.7 222.5 222.9 226.1 236.5 240.8 242 240.4 237.8 235.6 242.6 249.9 254 254.9 256.3 253.4 249 243.7 255.4 266.5 280.7 292.6 302.7 311.9 319.6 325.6 332.2 331.8 325.5 315.7 306.3 299.8 292.7 285.4 284 285.4 286.6 285.3 280.4 273.6 268.4 265.5 263.4 263 260.8 255 254.8 256.3 258.4 258.9 259 261.5 261.9 262.9 264.1 264.7 266.1 266.9 266.9 266.6 267.4 269.2 272.8 276.5
257.8 255.7 249.1 247.9 248 247.5 246.5 245.4 243.3 240.4 237.5 235.3 231.8 228.8 225.5 223.8 220.1 221.7 225.4 232.8 234.8 233.9 231.7 234.1 238 243.2 246.6 248.3 247.6 243.7 240.5 245.1 258 271.8 282.4 294.6 304.6 312 318.4 323.5 327.7 328.2 325.3 316.3 308.5 299.3 291.2 284 275.8 279.2 280 279.1 273.8 267.9 263.8 261.1 260 258.9 256.9 254.2 248.6 251.5 255 254.5 254.7 257 257.8 258.7 259.7 260.3 262.1 262.6 261.6 261.8 263.2 264.4 268.2 270.8
253.7 253 254.6 253.8 251.6 250.6 249.7 248.6 246.2 244.1 241.7 239.1 235.6 232.1 228.5 225 222.3 219.3 220.1 224.4 227.1 227.5 226.6 229.1 233.4 237.5 239.4 239.5 237.8 235.9 239.3 248.3 260.4 271.3 281 293.3 303 310.2 314.1 319.8 322.5 323.9 318.3 312.3 308.4 300.1 290.4 282.1 277.1 271.3 273.2 271.7 265.8 262.1 259.2 257.6 256.3 254.9 253.7 251.4 247 245.6 250.2 250.4 250.4 252.4 253.8 255 255.9 256.5 257.1 257.4 258.5 259.8 261.1 262.5 264 265.6
258.7 258.2 258.4 257.9 255.7 254.5 253.9 252.2 250.1 249.3 246.1 243.1 240 236.3 232.1 227.9 223.5 219.4 218.7 218.7 220.4 221.9 223.9 226.1 228.8 230.1 231.2 232.7 232 234.4 238.7 248.8 259.4 268.7 276.4 287.6 297.6 303.2 307.9 313.5 318.6 319.8 315 310.6 306 299.8 291.7 282.4 275.8 269.2 262.5 263.9 260.1 256.9 254.6 253.9 252.1 250.5 250.2 248.1 245 241.5 246.1 246.8 247.9 248.8 250.2 251.3 252.2 252.3 253.6 254.6 256.4 257.5 258.6 259.4 260.2 262
262.9 263.1 262.6 261.3 259.8 258.7 257.7 257 255.9 253.7 250.6 247.1 243.1 239 234.9 231.1 225.5 220.2 216.7 217.1 219.1 219.6 220.4 222.3 224.1 225.8 227.1 229.4 231.4 234.6 238.4 247 255.9 262.6 272.7 282.3 290.2 296.2 301.3 307.9 312.3 311.3 309.1 307.2 303.7 297.7 289.6 281.4 275.1 268.1 262.1 256.3 254.7 252.2 251 250.3 248.3 246.2 246.1 244.8 242.5 238.1 240.8 243 244.2 245.3 246.6 247.7 249 249.8 250.7 251.9 254 254.9 255.5 256 256.4 257.5
269 269.2 267.9 266.2 265.6 263.6 263 262.4 261.8 259.6 255.1 250.5 246.4 241.7 237.1 231.9 226 221.9 216.1 215.6 216.2 216.9 217.8 219.1 220.9 222.9 224.7 227.2 230.6 234.2 238.2 243.6 251.3 260.1 268.7 276.3 283.6 291.8 296.8 301.9 304.7 303.7 302.9 302 299.6 292.7 284.5 278 272.2 265.8 259.6 254.9 250.3 248.5 247 246.1 244.3 241.5 241 240.5 239.5 236 236.2 239.4 240.4 242.1 243.7 245.3 246.4 247.3 248.1 249.3 251.2 252 252.5 252.6 252.7 253.7
275.7 274.7 273.3 272.3 271.2 268.9 267.7 267.9 266.9 263.5 259.6 254.2 249.7 244.7 238.8 233.9 228.6 221.4 215 215.5 214.6 214.9 216.1 217.7 219.4 221 223.7 226.6 229.6 232.7 236.8 242.9 249.7 257.8 267.1 276 284.4 289.6 294.7 296.6 296.7 295.5 296.6 296.2 294 287.6 279.8 272.9 266.6 262.5 257.7 252.7 247.9 245.4 244.5 242.7 241.2 238.5 236.3 235.9 235.2 234.6 232.4 235.5 236.6 239.8 241.2 242.3 243.2 244.4 245 246.2 248 249.1 248.9 248.7 248.9 249.5
280.7 279.1 278.3 276.6 275.7 274.7 273.8 273 271.5 267.4 262.9 257.5 252.5 248.6 240.3 235.4 230.3 221.7 214.7 212.5 213 213.5 214.9 216.1 217.4 219.3 221.1 224.2 226.9 230.7 235.4 242.9 251.5 260.7 270.9 279.2 285.8 289.9 292.7 291 289.6 289.4 289.9 289.6 286.7 281.5 274.4 267.3 262.9 259.8 254.5 249.7 247.4 241.5 241.3 240 238.3 236.5 234.8 233.4 233 232.3 229.8 231.7 233.6 237.2 238.5 239.5 240.4 241.5 241.6 243.5 245.5 245.9 245.8 245.3 244.5 245.2
283.4 282.4 280.9 280.2 279 278.7 278.3 275.8 272.7 268.2 263.7 258.6 253.6 247.8 240.7 236.3 230.1 222.4 216.7 212.9 211.8 212.3 214.1 214.5 215.4 217 218.9 221.9 224.7 229.1 235 247 257.1 265.1 272.5 279.8 286.1 288.5 288.2 285.5 282.8 282.4 282.1 281.2 278.9 274.3 268.2 263.5 260.2 255.7 249.3 248.7 243 240 237.5 236.9 235.3 233.5 232.3 232 231.4 229.5 227 228.5 232.9 234.8 235.7 236.8 238 238.9 239.4 242 243.7 243.9 243.3 242.7 243.7 243.7
284.2 282.8 281.3 281.5 281.1 281.3 281.5 278.5 273.9 268.6 263.4 258.6 253.6 247.6 241.6 236.2 230.6 224.5 218.3 214.5 211.1 211.8 213.5 213.3 213.5 215.3 217.3 220 223.4 227.8 237.4 248.5 256.6 265 272.1 278.8 283.4 284.5 283 279.9 276.6 275.3 274.9 273.8 271.6 265.5 262.6 259.6 256.9 249 249.2 244.2 240.1 237.6 235.5 233.4 232.2 231.2 230 230 229.6 227.3 224.8 228.3 231.8 233 233 233.9 235.6 237.6 238 240.1 241.6 241.7 240.5 239.5 240.5 240.1
283.3 281.5 280.2 281.2 282.7 283.5 283.3 280.7 275.7 270.1 265.2 260.6 255.5 248.4 242.3 236.2 230.4 223.9 219.3 215.5 213.1 208.8 212.1 211.4 211.3 213 214.6 216.9 220.4 226 233.1 245.1 255.9 263 268.7 273.7 276.8 276.6 274.3 271.3 268.8 265.6 267.5 266 262 259.2 257.3 254.8 252.3 248 243.9 240.5 237 235.1 232.9 230.6 229.2 228.4 227.8 228.6 227.2 224.3 222.1 227.3 230.2 230.7 230.5 231.5 234.2 235.9 237.8 238.6 239.4 238.8 237.3 236.8 236.7 235.7
280.5 278.9 278 280.2 282.7 284.3 284.4 283.1 279.7 272.8 267.3 263.1 256.7 250.8 244.8 238.4 230.2 224.7 220.4 215.9 214.8 209.8 207.8 208.1 208.3 209.9 211.4 213.8 217.9 222.3 228.8 237.7 250.3 257.9 264 267.7 268.9 268.5 265.6 264 262.3 259.6 257.9 257.3 254.9 253.5 252.2 249 245.7 243.8 240.2 236.6 233.7 231.9 230.6 228.7 226.3 225.5 225.6 226.2 224.6 221.8 220.5 225.2 227.9 227.7 228.5 230.2 232.7 234.9 236.3 237.4 237.1 235.8 233.5 234 233.5 231.8
276.4 275.6 276.1 279.9 282.9 284.9 285.5 285.1 282.5 275.5 268.1 264.5 258.9 253.1 247.1 239.5 231.1 226 221.3 216.4 214.1 211.1 206.7 205.8 205.5 207.8 209 210.8 214.9 218.1 222.7 231.3 241.3 251.4 257.2 260.1 261.5 261.2 260 258 255.7 253.1 251 249.8 249.2 247.6 245.3 243.6 241.8 239.7 236.6 232.9 231.1 229.2 228.2 227 224.8 222.5 222.9 223.3 221.6 218.8 218.4 222.1 224 225.4 228.1 230.6 232.8 234 235 235.5 234.6 231.8 230.3 230.5 231.4 229.6
270.3 270.1 272.4 277.9 281.3 284.7 285.9 285.7 282.1 274.9 269.7 265.1 260 254.7 248.2 240.5 232.7 226.9 222.4 217.4 214.3 211.1 207.5 204.9 204.1 205.2 207 208.6 211.9 215.1 219.1 224.2 232.8 243.1 251.2 254.7 256.1 255.6 254 252.3 250.2 247.7 244.5 244.2 243.7 242.4 240.2 238.9 237.7 235.3 232.8 230 228.2 227.1 227 225.4 223.3 221.8 219.8 219.9 218.2 216 216.7 222.5 226.3 228.7 229.7 231.5 233.3 234.4 234.8 234.1 231.6 228.5 227.8 227.8 227.9 226.9
263.6 264.8 268.1 274.5 279.6 281.6 282 281.4 278.6 274.8 271 265 261 255.2 247.8 241.1 234.2 229.1 223.6 218.6 213.7 211.5 207.6 205.2 203.4 202 204.5 206.6 209 212 216 220.3 226.1 236 244.9 249 250.6 250.8 249.4 247.9 244.9 241.6 238.8 238.3 237.6 236.4 234.7 234.1 233.9 231.9 229.4 227.3 226.3 225.4 224.9 223 220.8 219.5 216.1 216.7 215.3 213.4 220.3 225.5 228.1 230 231.7 234 235.3 236.1 234.9 233.8 230.6 227 226.2 226 225.8 224.3
258.5 261 263.8 270.1 275.4 278.8 279 278.5 275.9 272.7 269 263.2 258.6 253.2 247.9 240.9 235.1 228.9 223.8 219.6 215.6 210.7 209.6 207.3 203.2 200.3 202.4 203.9 206 208.1 211.4 215.9 221.7 230.6 238.5 243.9 246.1 246.3 245.3 243.7 240.4 236.5 233.5 232.6 231.9 230.3 229.2 229.7 229.7 228.8 227 225.2 224.2 222.7 221.8 220 218.6 217.2 214.3 212.3 211 215.7 222.4 227.2 229.5 232 236.9 238.4 239.2 237.7 235.7 232.7 228.9 225.9 224.5 223.8 223.2 220.5
254.9 257.6 260.2 265.9 268.3 274.3 275.7 275.1 274.4 269.1 264.4 258.9 253.7 248.8 245.2 239.9 234.4 228.9 224.6 220.6 215.4 212.5 211.4 206.9 203.2 201 200.3 201.4 203 204.8 207.3 211.3 216.8 224.7 232.5 238.4 242.4 241.9 241 239.4 235.9 232.1 228.6 226.4 226 225.2 225 226.2 226.6 225.8 224.7 223.3 221.1 219.3 218.2 217.8 216.7 214.8 212.9 210.3 209.6 216.6 223.7 228.6 232.7 237.5 242 241.9 241.5 239 235.9 231.4 227.9 224.9 222.7 221.5 220.6 217.9
251.2 254.2 256.5 259 262.3 268.2 269.6 269.3 266.9 262.3 258.3 253.5 247.6 245.6 243.8 238.4 232.4 228.4 224.1 219.1 215.3 214.8 210.3 206 203 200.8 199.3 199.1 200.3 201.9 203.9 206.9 212.1 218.6 226.2 231.9 237 237.4 236.9 235.7 232.7 228.5 224.1 221.1 220.5 220.2 221.2 222.7 223.4 222.6 221.5 220 218 216.1 215 214.7 214.7 213.2 211 207.8 209.8 217.8 223.3 228 234.1 241.7 247.2 245.3 242.5 238.8 234.1 229.7 226.8 223.8 221.8 219.6 217.3 216.1
248.2 250.4 252.6 254.6 257.9 263.1 264.7 263 260 256.7 252.4 247.6 244.3 245.2 241.8 237.2 232.2 227.9 222.9 217.8 216.3 214.5 210.5 207.2 203.9 200.8 198.9 197.9 197.1 199.2 200.9 203 206.9 213.6 220 225.6 231 233.4 233.2 232 228.6 224.2 219.7 217 215.4 215.3 217.1 218.9 219.1 218.5 218.4 217 215.4 213.8 212.6 213.3 212.6 210.7 208.4 207 208.1 217.4 221 225.6 232.7 242.4 248.7 247.3 242.2 236.4 231.5 227.3 225.1 222.8 221 219 215.2 214.7
244.8 246.8 248.7 250.7 254.1 256.7 258.2 257.2 253.7 251.1 247.1 244 243.6 243.2 240.1 236.6 231.5 227.2 221.3 216.5 217 215.7 212 208.5 205.4 202.5 200.5 198.3 196.4 195.6 198.6 199.9 202.4 208.1 214.2 219.6 224.3 226 227.8 226.6 224 220.1 215.7 213 210.6 211.6 213.1 214.2 214.5 214.2 214.2 214.2 212.8 211.2 210.6 211.4 210.5 208.1 206.1 203.8 207.9 214.1 218.3 222.8 231.2 242.5 245.5 245.3 241 232.1 226.2 224 223.1 221.8 220.1 217.6 212.5 215.6
242.9 243.4 244.3 246.3 248.9 250.3 251.3 250.2 246.7 243.1 242.4 243.5 242.3 240.5 236.6 234.7 230.4 226.3 220.6 217 216 214.9 212.6 209.8 207.2 205.3 203.3 201.6 199.9 196.6 194.3 197.2 199.4 203.8 209.9 214.1 216.8 218.5 219.2 218.7 217 214.4 210.9 208.7 207.6 207.9 208.2 209.1 209.5 209.7 209.4 209 209.1 209 209.7 209.2 207.6 205.5 202.6 201.9 206.4 210.9 216.1 222.2 231.3 238.5 241.2 240.5 235.9 228.2 222.8 220.2 220 219.8 218.1 215.5 208.9 216.7
242.1 240.8 240.3 241.7 243.4 243.4 243.9 243.4 240.8 239 238.3 241.4 240.7 239 236.4 233.6 230.6 226.9 220.3 218.4 217.8 216.3 214 212.5 210.3 208.4 206.5 204.8 202.5 200 197.5 193 195.4 199.1 205.2 208.4 210.7 211.7 212.6 213.1 211.7 209.9 206.9 205.1 204.3 205.1 205 204.9 205 205.4 205.5 205.6 206.7 206.6 206.7 205.5 203.6 201.7 200.3 202.2 204.8 208.1 214.5 222.6 229 233.4 235.5 233.4 228.2 222.1 218.5 215.6 215.4 216.1 214.8 212.1 208.7 218.6
