public/OST50/NJ40.asc
ncols 200
nrows 200
xllcorner 340000
yllcorner 800000
cellsize 50
[rows 105 to 139 of 200, columns 78 to 155 of 200]
188.4 188 187.6 188.8 189.1 189.5 189.6 189.1 189.1 190.9 195.9 201.9 207.9 214.6 219.1 227.3 235.7 242.8 251.6 257.8 262.3 268.2 275 285.1 285.3 281.1 277.6 270.8 263.1 258.1 253.4 249.4 245.1 240.8 240.6 238.8 236.1 235.5 236.3 233.2 234 231.8 227.8 223.7 220.7 218.9 214.9 210.7 205.3 200.6 195.9 192 185.3 179.4 175.2 171.1 167.9 165.3 163.5 160.8 158.1 157.4 156.1 156.8 156.3 155.3 154.1 153.1 153.4 153.5 153.2 152.8 152.1 151.3 151.7 152.3 152.1 151.9
187.2 185.3 185.1 186.6 186.4 187.3 187.3 187.7 188.2 189.8 193.8 199.6 205.7 210.7 215 220.1 226.5 233.4 240.5 247.5 253.1 258.2 267.1 275.7 278.5 277.5 277.7 274.7 270.9 266.8 264.2 262.8 258.4 254.9 252.2 250.1 250.1 248.4 248 247.5 244.7 239.1 233.5 227.5 223.1 217.8 212.9 207.6 202.4 197.1 193.6 189.2 184.2 177.6 172.7 168.9 166.5 163.1 161.5 159.5 157.7 156.3 156 155.5 154.6 154.2 153 152.4 152.9 152.4 151.8 151.4 151.3 151.1 151.4 151.7 151.4 151.2
185.8 184.7 184.8 185.2 184.5 184.9 185.3 187.1 187.9 189.2 192.1 197.2 203.7 208.2 211.8 216.6 221.4 225.2 229.5 235.3 241.8 247.2 256.8 264.6 267.5 270.9 272.9 274.3 277.3 277.2 278.1 281.9 278.3 269.4 266.4 264 262.5 259 256.5 252.9 245.9 239.8 234.2 228.1 221.5 216.6 212.4 207.7 202 197.6 191.5 186.7 181.8 175.1 173.1 168.4 165.7 162.4 161.3 159.2 158.2 157 156.7 155.9 155.3 153.4 153.4 153.3 152.8 151.9 151.6 151.3 150.6 149.7 150.5 150.4 150.6 150.3
185.7 184.7 182.9 183.8 183.2 183.5 184.1 186 187.4 188.2 189.7 194.5 200.6 206.2 209.7 213.4 217.1 220.8 224.8 230.1 235.7 242.8 249 254.9 259.2 262.7 265.2 271.3 277.8 283.7 288.9 292.3 293.9 287.3 281.4 276.8 269.9 264.7 258.3 251.3 242.8 236.2 230.2 223.5 217.5 214.7 213.6 210.5 204.5 199.6 192.8 187.3 181.8 177.8 174 168.6 167.1 164 161.7 159.6 159.1 157.7 156.7 156 155 153.4 153.5 153.7 153.5 152.4 151.8 151.7 150.9 149.8 149.1 150.4 150.6 150.6
184.9 184.2 183.1 182.5 182.6 183.4 184 184.8 186.2 187.7 189.1 192.3 198 203.2 208.3 212.1 215.2 216.8 220.8 224.8 229.1 236 241.8 247.4 251.2 255.9 259.2 266.1 272.5 282.2 286 290.8 292.4 289.7 284.2 280.4 273.7 266.2 258.3 246.7 237.5 229.7 222.9 215.8 215 213.5 213.2 212.7 206.2 199.9 193.9 187.9 182.3 178.5 173.2 168.9 167.2 164.1 162 160 159.4 158.1 156.9 156 155 153.9 153.7 153.7 154 152.8 152.7 151.9 150.7 149.8 149 149.3 149.4 149.6
184.2 183.5 182.3 181.8 183.1 183.4 184.4 184.4 185.5 188.1 189.6 191.9 195.3 199.6 205.3 209.7 212.7 215 218 220 223.9 229.4 236.3 240.7 244.8 249.3 253.7 259.7 265.5 272.8 277.7 280.9 285.3 284.7 281.6 277.8 271.6 265.5 254.3 238 230.4 223.1 216.7 211.6 210.3 209.5 209.4 210.3 203.4 196.6 192 187.1 180.6 177.6 172.3 168.6 166.6 166.2 162.5 161.5 161 158.8 157.9 157.2 155.9 154.6 153.7 154.1 154.4 155.2 153.7 151.9 151.2 151.3 149.9 148.6 148.6 147.8
183.1 182.1 182.6 185 184.9 185.2 187.1 185.6 186.1 187.6 190 191.9 195.3 199 203.4 207.2 210.3 213.1 213.9 216.6 220.5 225.9 229.9 234.2 238.5 243.1 247.7 254.2 260.4 265.7 269.4 272.2 274.6 277.1 274.8 270.9 267.2 261.1 248.6 233.4 227 220.4 213.7 209.6 207.7 206.4 205.2 201.6 196.1 190.3 186.7 182.7 177.5 173.4 170.5 169.8 169.9 168.6 166.8 165.1 163.7 161.9 160.7 159.1 157.7 156 155.6 156 156.9 157.2 156.6 154.1 151.8 151.9 151.4 149.8 146.8 147.8
183.6 180.9 187.6 189.5 190 189 188.1 186.5 186.1 186.8 189 191.9 195.2 198.1 202.6 205.4 208.1 209.6 210.4 212.8 216.5 221.4 225.5 229.1 233.6 237.9 242.7 248.7 254.5 261.4 263.9 264.9 266.9 271.2 273 268.4 264 255.8 242.7 232.6 224.8 217.9 211.2 205.5 203.8 202.5 199.3 195.1 190.1 186.2 181.5 177 175.4 174.7 174.8 175.7 174.6 175.1 171.2 169.3 167.6 164.9 163 161.4 160 158.5 158.4 158.4 159.2 159.8 158.7 157.5 155.2 153.4 152.2 151.1 149.2 147.7
184.4 181.4 189.7 191.4 188.9 188.2 186.7 185.9 185 184.6 187.4 190.6 194.6 197.9 200.4 204.4 206.3 207.5 209.5 211.2 213.9 217.4 221.3 224.6 228.7 232 236.4 241.7 247 251 255.4 258.3 260.1 264.1 267 265 261.2 253.1 241.7 234 226 218.4 211.7 204.7 201.5 198.1 194.7 190.3 186.4 182.7 182.8 180.5 178.6 179 180.5 181.2 181.6 178.5 174.8 172.2 171 167.7 165.4 163.6 162.9 162.5 161.9 161.2 161.8 162.4 161.8 160.2 157.1 154.9 152.7 150.5 149.2 148.5
186.8 184.3 185.3 184.1 183 183.3 184.8 184.2 184.1 184.4 186.9 189.8 194.2 197.8 200.3 202.7 205.3 206.6 208.6 210.5 213.2 215.9 219.2 222.4 225.6 228.3 231.8 237.1 242.4 246.5 249.8 252.6 254.8 256.9 258.2 258.3 256.7 250.4 243.6 235.9 227.6 220 212.6 205.4 200.7 197.5 193 189 184.7 184.7 185 184.2 185.1 187.2 187.1 186.4 186.4 183.1 179 175.7 172.7 169.9 167.3 165.5 165.4 166.5 166 164.5 163.6 164.7 163.2 161.2 157.8 155.3 151.7 149.1 148.5 148.1
188.9 186.2 180.9 180.9 180.9 181.5 183.1 183.5 183.5 185 186.8 189.3 194.1 197.5 199.7 202.1 204.6 205.6 207.5 209.8 212.1 214.6 217.9 220.9 223.9 226.9 231.2 234.8 240.1 243.5 246.5 249 251.1 253.1 253.4 253.6 251 246.9 241.9 235.6 228.3 220.9 213.6 207.3 200.5 196.4 192.5 189.2 186.4 185.7 187.3 187.9 192.2 194.9 194.6 192.8 190.2 187.5 184 180.6 176.2 172.3 169.3 166.6 166.8 170.3 171.5 169.3 166.8 164.5 163.5 161 158.3 154.8 151.8 149.9 148.3 147.8
185.4 182.7 180.9 180.7 180.6 181.6 182 183 184.2 185.3 186.7 189.3 192.5 195.2 197 199.4 201.8 203.9 205.4 207.8 210.3 212.7 216.5 219.7 222.9 225.9 230.2 234 237.8 243.3 244.2 246 248 249 250.2 250.1 248.2 243.6 240.2 234 227.4 220.5 213.5 207 201 196.5 192.3 190.1 188.6 187.4 188 190.4 196.8 199.9 198.4 197.9 194.3 191 188.4 184.8 180.3 175.9 171.7 168.1 168.3 170.5 173.9 172.7 170.5 167.7 163.7 161.5 158.7 154.4 152.3 150.7 149.1 147.6
179.3 179.5 181.7 180.2 180.7 181.3 181.8 182.2 183.6 185.1 186.1 188 190.2 191.6 194.1 196.1 198.9 201.9 203.8 206.7 210.4 212.9 215.9 220.1 223.5 226.8 230.1 233.4 237 239.9 242.7 243 244.3 246.2 247.3 247.8 245.9 241.2 238.2 232.7 226.7 220.4 214.5 207.6 201.9 196.5 192.1 190.3 189.1 188.9 188.9 191.8 197.3 200.2 200.1 200.3 197.9 195.4 193.2 189.2 185.7 181.5 178.4 175.7 172.4 172.2 172.3 171.1 168.7 166.9 164.4 161.7 157.7 154.3 151.6 150 149.1 147
180.5 180.6 180.9 181 181 181.5 181.9 182.5 183 184.9 185.7 187.1 188.6 190 193 194.9 198.9 202.3 205.3 208.8 211.4 214 218.1 221.6 224.1 227.4 230.6 232.8 236.4 238.8 240.6 242.1 243.3 245.4 246.2 246.3 243.9 239.5 237.2 232.2 226.9 221.4 215.4 208.8 202.9 197.3 191.7 189.6 188.8 187.1 187.5 191 196.2 200.1 200.9 201.3 201.3 199.6 197.1 193.9 190 187.1 184.7 186.5 180.4 175.1 173.2 171.2 169.3 167.1 164.9 161.6 157.4 154.3 151.9 149.6 149.5 147.6
187.3 184.8 183.7 183.1 182.4 182.4 182.5 183 182.8 184.5 185.4 187.2 188.1 190.3 192.5 196.3 200.4 203.7 207.2 210.7 213.6 216.1 220.2 224 227.4 230.1 231.9 233.6 236.1 237.9 239.5 240.9 241.7 242.9 244.3 244.5 242.5 239 236.5 232.9 228.4 222.7 216.8 210.9 205.2 199.9 194 188.5 186.3 184.4 185.5 189.6 193.8 197.2 199.7 201.3 203.6 203.6 201.3 198 195.2 194.1 190.1 189.4 185.8 178.9 177.3 172.5 170.7 168.2 165.7 162.6 157.5 155.7 152.6 150.6 148.9 147.9
191.8 188.4 187.1 186.1 184.7 184.2 184.3 184.9 184.7 184.8 184.8 186.5 187.9 189.8 193 197.3 202.7 205.5 210.2 213.3 216.5 220.4 223.6 226.6 229.2 231.6 234.1 235.5 235.7 237.3 238.6 239.1 239.9 241.1 242.4 243.2 243.3 240.9 238.7 234.2 230 223.9 217.8 212.1 207.1 201.4 196.6 190.5 185.6 182.3 183.3 186.6 190 192.9 195.3 197.6 200.5 201 199.2 198.5 197.8 194.2 192.1 189.4 187 182.6 177 174.5 172.6 170.3 167.8 163.6 159.8 156.2 153.4 152 150.2 148.6
192.7 193.7 190.6 190 188.4 187.4 187 186.9 185.9 185.9 186.9 186.8 188.2 190.4 194.3 199.4 203.3 207.4 212.1 216.3 220 223.7 226.6 229.5 231.5 234.9 237.9 237.7 237.8 238.1 238.2 238 238.8 240.1 241.5 243.1 244.5 242.8 240.7 236.1 229.9 223.9 217.9 212.3 206.9 201.8 196.6 190.4 184 181 181.1 183.5 185.9 188.5 190.5 192.8 193.9 195.1 194.5 194.6 193.5 190.6 189.5 186.9 184.9 182.9 178.7 175.2 173.6 171.8 169.9 164.9 160.8 157.1 155 153.6 151.9 150
193.9 194.9 193.8 193.3 192.6 191.6 190 188.3 187.4 187.6 188.6 190.2 191.2 193.1 196.9 200.7 204.3 209.7 214.3 219 223.2 227.1 231.7 236.3 240.5 242.7 244.7 243.4 241 240.1 239.6 238.5 238.5 239.1 240.4 242.9 244.3 242.8 239 234.4 228.4 223.9 217.5 211.2 206.6 202 196.5 190.2 183.9 180.1 179.9 180.6 182.3 184 186 187.8 188.1 188.4 188.5 189.5 189 188.2 186.7 184.7 182.6 182.4 180.2 176.8 175 174.3 171.8 167.3 163.9 160.7 158.2 156.6 155.7 154.6
195.7 195.8 195 193.9 194.1 193.2 192.2 190.6 189.6 189.1 189.4 191 192.7 194.9 198.2 202.4 206.2 212.2 217 222.4 228 234 239.2 243 246.9 248.3 250.1 250.1 247.5 245.2 241.9 239.5 238.8 238.6 239 240.4 242.2 238.5 236 232.8 226.5 221.8 215.3 210.5 205.5 201.3 195.7 189.7 184 180.3 178.5 178.6 180.2 181 181.4 181.7 182.3 182.6 183.1 184.6 184.8 185.8 185 184.1 184.4 184.8 184.1 180.8 178 177 175 172.4 169.2 166.1 163 160.4 160.1 159.7
196.7 196.5 195.6 194.9 194.9 193.8 192.8 191.6 190 189.2 189.1 190.4 193.6 196.6 199.4 205.5 211.4 214.8 220.7 226.4 232.9 239.4 247.8 254.5 258.4 260.4 258.7 255 253.9 248.4 242.9 238.2 236.2 235.4 235.6 237 237 233.9 230.5 227.5 222.6 217.3 212.8 206.6 202.9 199.2 193.6 186.6 181 179.4 177.2 176.5 177.2 177.9 177.3 176.7 177 177.1 177.3 177.5 178.3 179.6 180.8 182.3 184.6 185.8 185.4 181.6 178.9 178.7 178.6 176.3 172.7 169.2 167.2 164.9 165.4 163.7
195.6 194 193.8 193.9 193 192.3 190 188.7 187.4 187.5 187.5 189.9 194.3 199.7 204.3 208.6 212.6 217.5 223.1 228.3 235.1 243.1 252.9 258.3 262.2 262.4 260.5 254.8 251.1 244.9 240 235 231.8 232 233.6 234.6 232.7 230.3 227.1 222.1 217.5 212.8 208.9 205.2 201.7 199.1 192.3 184.8 180.9 178.6 176.1 175.3 174.6 174.4 174.2 173.3 173.9 172.8 172.6 172.8 173.3 173.7 174.9 176.2 178.6 181 180.6 178.9 179.2 179.5 179.2 178.3 177 172.6 168.5 166.3 166.4 165.6
191.8 189.9 189.2 189.6 189.4 188.7 187 186.5 186.1 185.3 185.2 189.9 195 200.4 204.2 208.4 213.6 218.3 223.8 229.2 235.6 242.2 251.7 255.9 258.6 257.7 255.3 250.7 247.3 241.6 236.8 231.7 229.8 229.9 231.1 230.6 228.7 226.9 223.5 219 213.9 210.5 207.5 205 201.3 197.7 192 185.1 181 178.8 176.1 174.5 173.8 172.6 171.7 170.6 171 170.6 170 169.7 169.6 170.1 171.3 172.6 173.6 174.7 175.6 175.1 175.3 176.4 175.9 174.5 173.4 171.5 169 167.5 166.2 165.5
183.9 183.8 184.6 187.1 186.4 185.1 185.6 184.9 186 187.5 190.6 194.2 197.6 201.7 205 210.1 214.6 219.3 224.2 229.2 234.4 239.3 245.4 250.2 252.3 251.9 250.4 246.9 242.9 238.1 233.8 229.5 227 227.6 227 226.5 225.8 224.3 221.3 217.2 213.3 208.6 206.6 203.7 200.5 197.3 193.3 185.7 180.3 178.7 176.5 173.9 172.3 170 168.2 166.7 168.8 168.7 167.5 166.9 166.6 166.5 167.1 167.6 168.6 170 170.1 168.9 168.8 169.8 169.7 169.3 169.2 168.6 167.1 165.7 164.4 163.6
179 180.4 181.3 182.4 181.6 182.8 182.7 183.1 187 189.2 192.5 195.8 198.6 202.2 206.1 210.9 215.3 220 224.4 230.2 233.1 238.1 243.2 248.2 249.6 249.6 248.9 246.1 242.1 238.3 234.1 229.8 226.5 224.9 223.5 222.4 222 220.7 218.3 215.6 211.3 208.3 205.7 202.9 199.9 196.4 192.4 188.8 182 178.2 175.5 172.8 170.8 167.4 165.4 165 165 165.3 165.7 164.9 164.7 164 163.9 164.1 164.4 164.4 165.1 162.9 163.7 163.6 163.7 164.4 164.4 164.7 164 162.6 162.3 161.6
176.9 177.7 177.3 177.3 178.4 181.2 181.3 184.7 187 189.8 193.9 197.3 200.3 204.4 208.6 212.7 217.3 220.3 224.4 230.2 233.6 239.6 245 250.9 252.7 252.8 251.2 247.8 242.4 238.3 233.8 229.6 225.7 222.5 221.2 219.6 219.1 217.8 215.3 212.7 210 207.5 204.3 202.1 199.4 196.7 193.5 189.5 184.5 178.9 175.8 172.1 170 167.2 165.6 165.2 164.4 163.7 164.6 164.6 163.1 162.9 162.7 161.6 162.3 160.7 162.3 161 160.1 158.7 159 158.3 160.5 160.9 160.3 159.5 159 159.6
174.7 175.3 175.2 176.6 185 186.7 185.5 185.6 188.4 190.6 195.2 199.7 203 207.5 211.9 215.5 219.4 222.8 226.3 230.4 234.5 240.5 248.7 255.7 256.8 254.5 252.3 247 241.3 236.7 231.1 226.7 223.5 221.1 220.4 219.3 218.4 216.9 214.7 212.8 210.3 206.4 203.6 201.7 199.6 197.2 194.5 191.4 188 183.8 180.1 176 172 169.1 167 165.2 165 163.5 163.8 163.1 161.8 161.7 161.7 161.7 160.9 160.3 160.2 159.3 158.9 158.3 158.9 157.6 156.9 156.5 157.1 158.5 158.8 158.8
172.8 174.6 174.8 178.8 187.7 188.6 187.1 189.2 191.4 192.2 196.4 200.6 205.7 211.1 217 220.3 223.1 226 228.5 231.6 233.9 239.9 249.7 252.8 251.5 248.4 244.8 240.6 235.3 230.9 227.3 224.2 222.3 221.3 220.3 220.3 219.3 217.1 215.3 213.9 210.9 208.3 205.9 203.8 201.3 198.7 196.1 193.6 191.1 187.4 184.6 180.8 176.4 173 170.4 166.7 164.3 163.4 162.6 161.9 161.4 161.6 161.3 161 160.8 160.4 159.9 159.5 160.4 160.2 159.3 158.4 157.3 157.5 157.5 157.5 157 156.9
173.3 173.8 174.6 178.3 180.2 184.3 186.3 188.6 189.9 191.2 195.4 199.9 205.3 211.1 217.2 220.8 223.4 225.5 227.2 230 232.2 235.2 238.2 242.4 242.2 240 237.5 234.2 231.6 228.7 226 224.8 223.3 222.5 221.9 221.3 219.9 217.5 216.2 213.7 212.4 210.8 208.6 205.9 203.4 201 198.8 196.9 194.5 190.6 187.3 183.9 180.2 175.7 172.3 167.9 165 163.4 162.3 161.7 161.5 161.4 161.6 162.4 164 163 162 161.5 162.8 161.5 160.6 159.4 157.9 158.4 158.6 158.2 157.1 156.4
172.9 172.8 174.5 175.9 179 188 192.1 192.4 191.6 188.4 192.5 196.4 202 208.3 214.4 217.8 221.2 223.6 225.7 227.8 229.7 232.2 233.6 235 236 235.7 234.4 232.3 230.5 229.7 229 228.8 226.2 224.4 222.9 222.3 221.8 218 216 213.7 213.2 212.2 211.5 208.5 205.8 203.5 202 199.8 197.1 194 190.4 186.1 183 178.4 174 169.7 165.4 163.8 162.7 161.7 162.1 161.7 162.1 162.8 165.9 166.3 165.3 164.2 163.3 161.9 160.7 160.2 159.3 159.1 158.9 159.4 158.6 157.8
172.8 172.5 172.6 173.5 182.6 194.1 190.3 190.8 191.7 186.3 189.8 194 200.1 205.7 211.2 215.2 218.9 221.6 223.8 225.9 228.6 229.8 231.2 232.1 233.1 233.9 233.9 233.6 233 233.8 233.8 231.4 229.5 227.5 225.7 224.8 223.5 221 218.8 216.5 214.6 213.3 214.6 213.2 209.2 206.2 204.9 201.7 198.8 195.5 191.7 187.8 184.7 180.7 176.6 172.1 167.2 166.2 164.5 163.5 163 162.5 162.8 163.9 168.7 168.1 167.8 167.4 166 163.2 163.7 163 162.4 161.8 161.2 160.3 159.4 159.6
173 172.5 172.1 174.7 189.8 193.6 193.3 192.1 191.5 184.5 187 191.8 197.5 202.9 208.1 212.1 216.4 220.4 223 225.3 227.5 229 229.9 231.4 232.6 234.7 237 237.9 238.4 236.9 237 237.2 236 235.6 233.6 230.7 228 226.4 223.6 221.3 218.2 216.1 215.7 215.5 213.7 209.3 206.1 203.9 200.4 197.3 192.7 189.4 186.5 183.3 179.5 175.2 173.7 171.1 168.7 167.1 165 163.5 163.2 164.7 170.1 171.1 171.3 171 170.5 167.9 167.2 165.4 163.7 163 162.9 162.9 162.9 163.5
172.9 172.9 175.9 176.1 186.7 194 194.1 194.7 191.7 181.6 184.5 189.5 194.9 199.9 204 209.3 214 219.4 222.4 225.1 227.1 229.2 230.6 232.4 234.3 236.9 241.8 243.5 246.5 245.1 253.4 252.9 248.5 245.7 240.7 234.4 229.3 225.7 223.6 221.9 219.7 217.6 218.5 216.3 217.7 211.8 208.8 205.7 201.6 198 195.6 192.8 189.7 186.7 182.7 178.1 177.4 174.4 171.7 169.7 167.5 164.7 164.8 167 173.1 174.8 174.4 175.5 175 172.6 170.4 168.4 165.4 164.6 164.6 165.4 165.2 166.4
172.3 174.2 179.1 178.2 188.7 193.4 194.3 194.2 187.4 179.3 182.5 188 192.4 198 204.3 209.9 214.6 219.8 225 225.2 227.6 230.5 232 234 237.7 244.6 249.5 253.8 257.4 261.2 264.3 266 261.3 252.2 242.7 233.9 227.5 223.5 222.1 220.7 219.2 216.1 216.2 218.6 218.8 215 208.9 205.8 202 199.9 197.9 195.1 193 189.6 185.8 183 180.1 177.3 174.4 172.1 170.2 165.2 165.6 169.1 175.1 177 176.6 177.4 177.5 175.7 173.6 170 166.9 166 167.1 167.6 167.2 169.2
172.4 175.3 182.1 178.7 193 193.5 192.9 185.9 177.4 177.5 182.1 187.5 192.4 198.2 204.3 209.8 215.2 221.1 224.4 227.1 228.9 230.4 231.6 233.5 237 244.9 255.6 260.5 264.3 266.8 266.5 264.7 260.5 251.9 241.2 230.7 226.4 221.8 219.6 217.9 215.8 213.2 213.5 214.8 214.3 210.9 207.2 204 200.2 198.2 196.1 194.7 191.6 189 185.5 184 180.3 178.7 175.8 173.5 172.7 166.7 167 169.9 174.6 176.9 176.1 176.1 176.9 174.9 173.3 169.6 167.7 164.8 165.5 166.3 167.3 169.9
170.6 171 179.3 178.6 188.8 191.6 189.1 177 175.4 178.3 182.5 187.7 193.5 199.5 205.1 210.7 214.2 218.7 221.6 224.3 226 227.9 229.9 231.8 233.7 238.1 246.8 254.7 260.5 261 258 257 251.8 242.6 234.3 227.9 221.5 217.6 215.4 212.3 210.6 208.3 208.3 208.8 210.8 210.3 203.2 200.2 197.6 195.3 192.7 190.7 189.3 188.7 187.4 185.5 185 182.4 178.9 174.1 169.2 167.1 169.8 171.6 173.4 175.2 174 173.6 173.4 171.7 171 169.1 167.8 163.8 163.5 165.6 166.5 168.7
