public/OST50/NJ41.asc
ncols 200
nrows 200
xllcorner 340000
yllcorner 810000
cellsize 50
[rows 35 to 69 of 200, columns 0 to 77 of 200]
479.2 482.9 485.2 486.3 484.7 480.6 473 461.8 448.8 434.6 418.4 402 386.9 373.6 360.1 370.8 383.3 395.6 404.6 413.1 421.6 429.2 430.2 425.5 418.3 409 398.8 411.2 424.8 438.3 452.2 465.8 481.1 495.9 504.9 506.5 504.2 499.2 490.3 480 466.9 452.8 439.4 428.5 421 415 409.3 405.1 399.8 392.9 387.1 398.7 407.1 414 420.1 426.8 433.7 440.3 446.6 452.5 458.2 464.3 470.8 476.8 482.4 488.2 493.7 498.9 498.7 494.9 489.2 481.2 471.4 462.6 454.5 446.6 439.1 432.4
463.8 467.3 470.4 471.9 472.4 469.8 464.8 456.4 445.6 433.4 420.2 406.4 391.4 377.6 364.6 358.4 373 387.7 398.1 405.7 411.6 418.5 421.1 416.4 407.2 393.3 399.4 413.5 426.8 440.5 453.9 468.2 484.6 499.2 507.5 510.3 507.4 500.9 492.1 480.5 467.7 453.3 438.8 427.3 418.9 410.2 403.9 399.8 397 391.6 383.3 397.7 404.2 411.8 419.6 426.8 434.4 440.8 446.6 451.9 456.5 462.1 468.4 474.9 480.6 485.9 491.1 495.9 497.8 494.5 489.2 481.5 473.2 464.8 457.2 449.6 442.2 434.7
447.9 450.8 453.8 455.9 457.9 457.1 454 447.7 439.7 430.4 419.5 407.8 392.3 377.6 365.8 353.5 363.1 378.9 389.5 398.2 403.5 406.8 410.5 405 390.5 381.2 399.2 413.6 427.8 441.8 455.4 469.9 486.2 500.5 509.5 514.4 510.5 503.4 494.6 483.3 470 454.9 440.2 429.8 421.2 413.4 405.6 397.8 392.6 386.7 380.3 393.8 402.1 410.7 419.7 428 435.5 441.2 446.4 449.8 454.5 459.6 465.6 471.9 477 482.6 487.3 491.6 493.5 492.6 487.9 480.8 473.4 466.8 459.7 452.2 444.6 436.7
432.5 435.1 437.2 439.1 441.5 443 441.5 437.4 432.3 424.7 416.2 406.4 393.5 378 364.8 353.1 351.1 370.5 380.5 389.2 394.9 398.7 398.8 391.8 377.2 379.3 396.9 411.1 425.7 441.7 455.1 469.7 485.9 500 509.6 516.1 512.8 505.4 497.8 487.7 475.1 461.4 447.7 437.4 428.5 418.1 410.4 401.9 395 388.9 377.4 390.1 400.8 411.5 421.4 429.7 436.1 441.6 445.9 449.1 452.1 456.3 462.1 467.8 473.3 478.3 482.3 485.9 487.9 487.3 484.6 478.6 472.4 466.8 462.5 454.1 445.4 435.8
422 423.6 423.8 424.5 426.5 426.1 425.5 425.4 421.9 417.3 410.9 402.1 391.4 377.3 362.5 350.9 346.8 360.9 370.4 380.4 386.9 391.4 390.9 380.8 366.7 378.3 394.8 409.8 425.2 440.4 453.4 468.3 484.4 497.9 507.5 513.7 513.2 507.3 500.6 491.8 480.8 469.3 457.1 445.7 436.5 425.9 416.1 407.9 399 389.1 380.3 385.5 399.9 412.8 422.4 431.3 437.4 440.9 444.5 448.1 451.1 454.7 458.1 463.5 468.4 473 476.9 479.5 481.2 481.7 479.8 475 469.4 464.9 460.2 453.9 445.8 436.4
408.4 410.6 411.1 411.7 413.2 413.3 413 411.8 409.8 406.7 402.5 396.5 388.2 376.7 361.8 347.3 344.2 351.9 363.1 373.2 380.1 384 383.8 371.1 363.5 375.9 391.4 407.4 422.9 438.5 451.9 466.6 481.4 494.7 503.9 508.4 509.6 506.1 502.4 496 487.1 476.1 464.7 453.7 443.1 432.6 422.6 412.5 402.7 391.6 378.2 383.4 399 411.2 422.6 432.3 437 440.8 443 446.1 449 452.3 455 458.9 463.2 466.9 470.1 472.4 473.7 474.3 473.9 471.3 466.1 461.4 457.1 451.4 444.7 437.6
398.2 398.9 400.3 401.5 402.4 401.8 400.7 399.8 397.7 395.1 393.6 389.2 383.5 374.5 363.3 350 340.4 344 355.9 365.7 372.4 375.2 374.4 359.7 361.3 374.7 389.7 406.2 420.7 436 450.2 463.9 477.7 489.9 499.1 501.7 502.8 501.7 501.2 497.2 490.6 480.4 469.9 459.2 448.4 437.4 426.7 415 404.2 392.5 377.3 379.6 396.6 409.6 421.4 431.2 436.1 438.1 440.8 443.9 446.7 449.7 452.5 454.4 457.1 459.2 462.6 463.6 464.6 465.3 466 465.7 462.3 457.7 453.7 448.5 442.5 434.3
389.6 390 391.3 391.5 392.6 391.1 390 388.1 386 383.7 384.1 382.2 377.1 371.8 363.4 352.2 338.2 337.4 349.1 357.5 363.4 366.4 361 351.2 360.6 375 389.1 404.2 418.5 433.2 447.5 461.2 474.2 484.1 491.1 493.8 494.4 494.9 496.2 495.5 491.1 483 472.9 462.1 450.8 439 426 413.4 401.8 391.1 376.2 376.4 393.5 406.6 418.2 426.9 432.5 433.8 436.8 441.4 444.9 448.1 450.7 452.3 453.5 454.6 456.8 456.7 456.4 456.6 456.9 456.8 455.5 452.9 449.5 445.1 443.3 436.5
382.1 382 382.4 383.4 383.5 381.1 379.3 376.9 374.2 371.8 372.4 371.6 371.3 367 360.7 352 341.6 334 341.5 350.7 354.6 357.3 349.3 349.7 361.7 375.7 389 403.3 416.7 430.5 444.1 457.7 469.7 476.7 481.9 484.6 485.1 486.4 488.7 490.6 489.7 483.2 473.3 462.2 450.5 437.5 422.8 409.7 397.8 386.8 373.9 372.6 388.5 401.1 411.6 419.9 425 428.8 432.8 438.5 442.9 444.7 449.2 450.8 451.1 451.4 452.2 452.1 450.9 449.4 449.6 449.4 448.6 447.2 446 445.9 442.7 435.8
373.6 373.4 374 375.1 375.5 373.8 372 367.7 364.9 362.9 362.1 361.6 362 360.2 356.4 350.5 342.4 333.1 331.6 344.3 349.4 350.2 340.8 350.2 364.9 378.2 390.1 403.1 415.5 427.8 439.5 451.3 463.7 469.1 471.4 473.2 474.6 476.8 480.9 484.6 485.1 479.6 470.8 460.1 448.4 434.3 418.7 404 390.8 380.9 369.5 368.8 383.5 394.5 403.2 411.2 416.9 423 430.5 437.6 444.2 447.2 442.2 449 448.6 448.1 448.4 448.1 447 445.6 444.4 443.5 443.2 443.2 443.7 443.8 439.4 426.4
364.3 365.3 366.1 367.1 367.7 367.1 364.7 361.5 358.4 356.6 355.5 355.2 354.9 353.7 350.6 347.2 341.4 333.4 329 337.4 342.2 343.1 337.1 356.6 368.9 380 390.3 402.4 413.7 424.4 434.1 444.8 453.8 459.2 460.5 460.8 462.2 466.6 472.4 477.3 477.3 473.6 466 456.9 445.1 430.8 412 397.7 383.7 375.9 366.2 363.1 376.2 386.4 393.7 398.8 409.5 420.4 431.6 439.3 446.7 449 447.9 436.2 445.5 444.7 444.2 443.5 442.7 441.6 440.2 439.5 439.6 439.7 438 436.1 432.9 425.4
357.5 358 359.3 359 359.9 359.7 358.3 355.8 353.1 351.1 350.5 349.9 349.4 348.7 346.5 343.5 339.9 333.2 326.5 325.2 333.5 332 341.3 359.3 370.1 380.2 390 400.3 410.9 419.9 428.2 437.5 444.6 448.8 449.3 449.4 451.1 457.3 463.3 467.8 469.9 467 461 452.1 441.2 426.2 407.1 391.1 378.4 372.2 365.7 349.7 367.7 375.3 384.8 398.6 411.4 422.6 435.2 445.1 450.8 452.1 449.9 445.4 436.2 441 439.7 438.4 438 436.5 433 435.4 433.9 435.1 435.4 433.4 429.7 422.2
362.4 355.6 351 352.5 352.1 353 351.7 349.9 347.4 345.5 344.2 343.3 343.4 343.9 342.5 339.9 337.4 333.5 324.7 324.7 324.8 327.6 342.6 359.1 369.5 378.6 388 397.5 406.7 415 422.2 429.4 435 438.5 438.8 438.6 441.7 447.7 453.7 458.7 461.6 460.2 455.4 447.1 436.1 421.3 402 384.6 374.5 368.6 362.2 348.7 358.4 374.6 388.9 402.9 415.7 427.5 439.6 450.1 455.1 456.5 453.3 447 441 429.7 435.6 432.3 432.1 421.8 418.6 423.7 422.7 421.3 425.5 418.7 412.3 403
368.9 361.5 354.5 347.3 345.8 343.9 343.2 343 340.8 337.8 336.1 336.7 338.2 339.2 338.8 337.1 335.1 332.3 328.9 321 322.1 328.4 341.6 355.3 365.9 375.2 384.5 393.3 400.9 408.5 414.2 419.2 424.7 427.6 428.7 429.1 431.6 437.4 443.7 449.2 453.2 453.2 448.4 440.8 429.8 413.6 395.2 379.9 369.1 364.3 357.5 343.7 357.5 377 393.8 408.3 421.6 433.9 445.5 454.4 458.8 458.4 455 448.4 442.5 436.1 428.2 427.9 423.7 415.6 424.2 417.2 419.9 425.3 424.6 427.5 419.4 423.2
375 367.7 361.9 351.8 352.2 351.9 346.1 340.5 335.3 331.6 329.6 328 328.2 335.6 336.3 334.7 332.7 330.6 328.1 319.7 320 328 342.7 352.4 360.2 369.4 377.7 387.3 393.8 399.9 404.8 409.2 413.5 415.5 417.2 418.3 421.9 426.5 433 438.8 443.1 444.6 441.6 433.7 422.8 405.2 388.1 374.1 364.2 354.8 351.4 338.9 360.1 381.6 397.6 412.7 426.8 439.6 450.2 458.7 462.4 460.1 455.2 449.2 441.6 433.6 429 424.7 418.9 420.3 424.1 425.3 428.7 430.7 432.6 434.1 434.7 433.4
382.3 374.8 369.5 360.9 361.2 361.9 356.4 350 341.3 343 338.6 332.7 324.4 322.8 330.3 331.5 330.5 328.9 326.1 317.3 317.6 330.9 342 350.4 356.3 362.4 369.9 378.2 386 391.1 394.9 399.3 402.5 405.5 406.8 407.6 411.1 415.1 421.7 428.2 432.7 434.8 432.8 426.1 416.1 399.6 383.1 371.7 360.5 350.4 338.8 343.3 365.1 383.6 399.8 415.2 430.1 443.1 453.9 462.2 463 461.2 454.6 447.4 439.7 431.5 426.6 422.9 421.1 414 419.3 423 427.4 431.5 435.4 438.3 441.1 441.7
388.9 381.1 374.3 368.1 361.7 362.7 357.1 350.7 348.6 347 342.7 337.3 332.9 326.4 319.8 323.7 326 325.8 323.8 318 314.6 333.2 342.2 347.1 352.7 356.7 361.1 368.3 376.5 382.1 385.9 389.9 394.5 397.1 398.1 398.8 400.4 404.7 410.4 416.6 422.1 426 426.4 421.2 411.6 397.3 379.8 369.1 357.8 346.1 331.9 348.6 366.1 382.6 398.9 415 430 443.8 456.4 464.1 464.4 458.7 452.6 444.8 436.4 430.1 425 420.1 417 413 414.7 420.9 428 433.8 440.3 445 448.8 450.4
395.3 385.6 379.1 374.1 367.6 363.8 358.4 358.2 355.5 351 345.5 340.2 335.5 328.9 322.1 316.1 318.7 321.9 319.7 313.1 315.2 328.6 340.3 344.5 348.3 352.3 354.9 359.4 366.4 372.3 377.3 382.7 387.2 389.3 389.2 388.2 389.6 393.6 399 404.7 410.1 415.9 418.5 415.2 407.3 395 378.1 366.4 357 346.5 328 346.2 363.6 380.1 396.5 412.3 427.5 441.4 454.1 461.1 461.5 455.6 447.4 441 434.2 427.1 421.9 417.5 414.2 410.9 409.9 420.7 428.7 436.8 444.3 451 456.3 459.1
401.3 392.5 385.2 378.6 372.9 367.3 370.4 367.5 362.6 355.2 348.4 342.3 337.7 333.2 328.5 321.4 313.5 313.2 316.4 311.1 310.4 331.2 337.9 341.3 343.8 347 348.9 352.6 356.9 362.5 369.2 375.7 378.9 381.1 380.2 377.6 379.5 381.9 387.6 392.6 398 404.5 409.5 408.6 402.2 391 375.4 362.1 353.5 343.7 324.3 343.2 360 375.9 392.4 408.1 423.7 438 450.2 456.2 455.7 450.1 443.6 436.8 430.1 423.4 417.8 413.6 410.4 405.7 405 418.9 428.9 437.4 446.3 453.9 461.2 465.5
408.6 399.8 391.4 384 377.6 374.9 378.7 375.2 368.2 360.6 353.5 348.2 342.9 337.7 332.5 327 318.7 310.4 309.4 309.7 312.6 327.6 333.9 337.9 339.5 341.1 343.3 345.7 349.1 353.3 360.2 366.9 371.1 372.8 372.1 368.9 369.3 369.7 375.5 380.7 387.4 394.7 399.7 400.3 395.5 386 371.3 358.5 348.8 339 319.7 339 354.9 372 387.3 403.3 419.2 434.6 445.5 451.4 450.6 445.5 439.2 432 424.3 417 412.2 407.9 403.8 397.9 405.7 417.3 427.9 437.2 446.4 454.5 461.9 469.1
417.9 404.7 397.1 388.2 381.2 386.1 386.8 380 372.5 365.1 356.8 351 346.1 340.7 335.1 328.3 322 314.9 307.9 306.8 310.5 321.9 327.7 331.4 334.3 336 337.2 339.3 342.5 345.4 350.1 357.4 363.4 365.9 364.4 361 358.5 359.8 363.5 369.1 376.9 384 389.2 389.7 387 378.3 365.7 352.6 342.3 333.5 316.8 329.6 348.6 365.4 380.5 395.8 412.4 428.9 440.1 445.8 444.8 440 433.4 425.7 416.7 410.2 405.6 400.4 394.4 390.7 406.2 416.5 425.7 435 444.1 452.2 460.3 468
423.1 411.4 400.7 390.5 384 393.9 392.3 383.1 375.1 367.4 359.7 353.9 347.3 341.2 335.6 328.5 322.1 316.7 310 305.3 305.1 312.9 319.4 324.7 327.7 330 331.1 333 335 338 341.8 346.6 353.5 357.1 357.1 354.1 344.3 349.7 352.3 357.2 365.1 372 376.5 378.7 376.2 370.1 358.3 346.3 336.5 327.5 315 321.9 341.6 359.7 375.4 391.9 406.8 421.5 431.9 436.9 436.5 432.6 426.8 418 409.2 402.7 397.3 392.4 383.4 393.7 406 415.6 423.7 432.3 440.9 449 457 464.5
424.3 414.8 401.1 390.2 389.6 395 390.8 383.4 375.9 367.7 361 354.7 347.7 341 335.3 327.6 320.2 314.7 309.5 306 303.4 305.3 310.9 316 316.8 322.3 324 325.6 327.8 331.1 334.6 339.4 342.2 346.3 347.5 346.2 340.1 336.4 341.5 346.6 353.4 358.9 363.3 366.1 365.3 360.6 352.2 340.6 332 323.8 313.2 314.9 336.5 354.8 370.4 385.8 401.2 413.2 422.6 427.5 427.5 423.5 417.8 411.1 400.6 392.2 387.1 383.4 375.4 390.9 402.9 413.3 422.3 430.6 438.9 447.2 455 461.5
425.3 417.9 403.8 395 393.8 392.5 388.5 382.4 375.4 368.2 360.5 354.2 347.5 341.3 335.4 328.8 323.4 317.4 312.8 309 304.3 302 300.9 305.1 310.7 314 315.7 317.5 320 322.9 328.8 330.6 333.1 334.9 335.4 334.7 332 323.6 330.7 336.6 341.6 346.1 350.4 352.9 353 350 343.9 336.1 328.8 322.5 306.1 314.4 332.2 348.3 363.7 378.5 392.1 405.3 413.2 417.9 417.5 413.1 404.9 395 387.4 381.5 377.8 373.5 374.3 389.4 403 413.8 422.2 430.7 438.9 447 453.9 459.8
423.1 417.7 408.4 400.7 396.8 392.7 388.2 381.8 375.6 369.6 363.1 355.5 349.9 345.1 340.9 335.3 329.4 324.3 319.2 315.1 311 301.1 299.9 299.2 301.6 305.4 307.1 308.6 310.3 314.3 317.3 321.4 323.5 325.6 325.2 323.7 320.5 314.4 317.8 324.4 329 332.8 336.8 339.3 339.5 337.9 334.9 329.9 324.5 319.4 303 312 327.7 342.3 356.1 371.7 384.3 395.7 404.2 407.5 406.2 398.8 389.5 383.4 377.9 373.4 369.5 364.8 382.5 396.4 407.5 417.5 426 433.1 440.3 446.3 453.8 458.9
418 414.4 409.7 404 400.3 396 389.6 383.4 377.5 372.1 366.5 360.4 355.2 351.3 345.8 340.9 336.9 331.7 326.4 322.1 317.1 310.7 304.2 298.4 297.3 296.4 297.4 300.6 303.1 304.2 305.9 309 312.3 314.5 315.3 314.1 312.8 308.3 309.3 311.7 315.5 319.3 322.8 326.1 327.6 327.3 326 323.4 319.6 315.4 301 306.4 322.2 336.2 349.3 363.5 378.6 388.3 395.1 397.2 393.8 384.5 379.1 374.3 368 362 358.9 374.7 388.1 401 412.3 422.2 431.3 438 444.1 448.4 454.6 460.2
413.5 412.9 410.2 406.7 404 400.8 394.3 386.9 381.3 376 370.1 365.7 361 356.1 352.3 347.2 343.4 339.8 335.9 330 325.1 320.7 317 312.3 304.7 296.8 294.9 293.7 291.9 292.1 294.6 292.9 298.9 302.1 303.8 304.9 304.1 300.6 303.5 306.3 308.8 310.7 313.1 315.3 317.7 318.9 318.1 316.5 314.6 312.1 304.4 299.5 316 330.1 344.1 359.4 371.9 381.5 386 386.1 380.8 374.3 369.7 363.9 355.4 358.8 370.3 382.1 394.3 406 417.7 428.8 438 443.9 449.3 453.2 456.4 460.2
408 409.9 409.1 409.5 409.4 409.3 402.1 394.4 386.3 379.4 374.8 370.8 367.1 363.7 359.9 355.8 353.4 350.8 350.1 343.4 335.6 332.4 327.6 321.4 313.3 307.6 301.6 297.3 296.9 291.5 290.1 289.3 287.2 287.2 289.7 294.3 296.7 294.3 297.1 300.7 301.3 303.2 305.8 308.4 309.4 310.5 311.8 310.6 309.5 308.6 305.8 294.1 312.5 325.4 340.7 353.9 364.3 371.9 375.6 374.1 368.9 363.2 359.2 352.6 348.3 366.6 379 390.9 402.4 412.9 423.3 435.2 444.2 449.1 452.4 456.1 457.5 459
399.1 402.8 407.8 412.5 417.1 416.4 409.9 403.4 396.2 385.3 380.5 376.3 373.2 371 368.1 365.4 363.3 363 360.4 351.7 346.3 342.4 337.5 330.6 323.9 317 311.1 305.9 302.1 297 294.1 290 288.7 287.1 285.7 284.8 284.3 288 290.9 293.4 294.3 295.6 298 300.6 302.9 304.3 305.3 305.2 304.9 304.8 302.1 290.4 308.8 324.8 336.5 347.6 355.9 361.8 361.4 357.6 355.6 352.7 348.3 337.7 356.3 372.8 386.6 400.1 411.5 419.6 429.3 440.9 449 453.2 455 456.4 456 454.9
389.9 396 403.4 410.5 416 415.8 413.1 410.5 405.2 397.1 388.6 383 380.8 378.5 376.5 374.6 373.6 371.4 366.7 360.2 355.4 349.7 343.5 337.1 331.2 325.1 319 311.6 306 303.3 300.3 296.4 292.8 290.2 288 284.7 283.4 282.9 283.7 284.4 286.5 288.5 291 294.1 296 297.6 299 300.1 300.6 301.4 297.9 286.9 305.5 319.1 331.5 340.4 347.1 347.1 344 343.5 342.9 340.1 335.1 340.8 362.4 379.6 395.8 409.2 419.3 427.8 437.7 447.2 453.6 456.7 457.4 456.4 454.8 452.2
382.7 391.6 398.9 405.8 411.3 413.3 414.6 415.9 412.9 407.3 399.7 391.5 387.7 385.8 384.3 382.7 382 376.6 371.1 368.2 362.1 354.4 348.3 343.3 336.2 330.1 323.7 317.5 309.4 308.4 305.6 300.5 297.6 294.2 291.6 287.8 282.7 281.4 281.1 280.3 279.6 278.3 284.5 287.6 289.1 291.3 292.8 294.2 295.8 297.4 291.3 284.2 301.5 314.7 327 331.6 333.8 333.1 332.9 331.8 328.3 324.3 333.7 351.8 371.1 388.5 404.5 419 430 440.1 450.1 456.1 459.8 461.3 460.5 458.3 455.4 451.8
377 386.8 394 398.9 405 410.7 415 418 417.1 414.8 411 402.5 395.5 393.2 391.2 389.6 388.3 383.7 379.1 372.8 367.9 361.2 354.7 347.5 341.1 333.8 326.5 320.5 316.6 312.5 309 305.4 301.2 297.9 294.9 291.8 288.1 285 280 279.7 278.5 277.7 276.9 276.9 282.5 284.8 286.4 289 291 295.2 286.1 282.2 297.5 307.5 316.6 322.6 323.8 322.9 321.2 316.6 318 332.9 349.2 364.6 381.8 398.2 413.2 427.4 440 451.2 459.2 463.8 466.7 467.3 466.1 463.8 459.3 453.5
371.7 380.5 387.9 393.8 401.9 410 415.8 421.6 423.5 422.9 421.4 416.1 404.3 400.2 397.8 395.7 393.3 390.5 388 379.6 373 366.3 360.7 348.8 343.2 337.4 332.2 327.1 322.9 317.2 314.5 309.9 305.1 302.3 299.3 295.4 292.2 289.4 286.1 280 279 277.4 276.9 275.9 275.6 276.5 279.4 282.9 284.9 287.4 282.6 280.7 294.4 301.6 308.8 312.4 309.4 308.4 305.9 316.9 331.7 346.1 361.7 377.4 391.9 406 421.2 437.4 452 460.9 467.1 471.1 473 472.5 470.5 467.9 462.5 456
366.1 374.8 381.7 390.4 399.6 409.9 419.8 429.2 435.2 437.8 437.9 432.6 422.5 411.4 405.2 401.7 397.9 394.2 390.2 384.7 377.8 370.3 363.1 355.7 349.5 343.7 337.8 332.9 328.5 323.4 320.3 315.7 311.8 307.9 304 299.9 296.6 293.8 289.9 286.4 283.7 284 282.4 276.3 275.5 274.4 273.5 274.4 276.3 279.6 277.6 276.7 292 297.8 302.9 302.1 296.8 298.5 313.3 329.2 343.2 357.2 371.3 386.7 401.9 417 432.8 448.9 460.9 468.7 473.4 476.3 478.5 477.9 474.7 470.3 464.9 457.5
362.6 370.5 377.4 387.3 398.9 410 423.2 436.7 447.3 452 452.7 447.4 436.9 424.9 414.5 407.1 401.7 397.6 393 387.5 381.3 375.7 368 362 357.6 352.6 346.6 340 335.5 330.5 325.7 321 318.6 313.1 309.3 304.8 301.8 297.2 293.4 290 288.4 288.4 287.4 283.1 278.9 273.8 272.8 271.9 271.1 272.1 273 273.6 286.2 291.6 287.6 287.5 297.6 312.3 326.7 341.7 355.8 367.3 381.5 397.3 413.6 430.2 443.7 457.4 467.9 474.9 478.4 481.2 483.2 481.2 476.1 471.3 466.3 459.3
