public/OST50/NJ41.asc
ncols 200
nrows 200
xllcorner 340000
yllcorner 810000
cellsize 50
[rows 35 to 69 of 200, columns 78 to 155 of 200]
425.2 419.8 415.7 411.7 407.2 402.8 400.8 402.1 401.5 401.8 400 397.8 394.5 390.5 386.3 378.9 370.7 364.7 348.3 325.7 307.3 297.4 286.5 273.3 265.6 261.9 256.4 250.6 249.3 248.5 243.4 232 231.7 235.8 233.6 230.8 227 219.9 215.9 209.2 205.6 202.9 203 202.9 202.7 203.7 208.3 210.3 212.8 220.4 228.2 237.1 241.4 243.4 240.3 238.8 237.4 235.9 234.5 232.5 229.8 227.2 225.6 214.2 204.3 194.9 197.5 213.3 244.4 256.6 265 271.3 277.8 282.5 285.7 289.2 292.3 295.2
427.5 419.1 411.8 406.2 402.4 401.1 396.2 394.1 394.3 395.2 394.9 393.1 389.6 384.8 382 376.1 370 362.8 351.7 329 309.8 299 286.5 273 265.4 262 258.8 247.3 255.8 248.3 242.4 230 234.7 235.4 233 230.5 226.2 219.2 214.6 212.3 210.4 203.8 204.3 204.5 202.1 201.6 203.6 207 210 216.7 224.9 234.9 239.8 239.1 236.6 235.4 234.6 232.8 231 227.6 225.4 221.6 217 201.8 200.1 194.4 200.6 214.3 234.8 252.1 258.6 265.2 269.4 273.5 277.8 281.7 285.1 288.2
426.6 421.2 415 407.9 402.9 400.4 395.7 390.5 386.8 387.4 389.5 388.5 385.8 382.3 378.6 372.8 365.3 357.8 348.2 330.5 314.3 299.7 288.5 274.8 266.3 262.9 253.3 252.6 253.1 246.5 239 229.4 236.7 234.8 232.5 230 226.1 218.4 215.8 212.2 209.4 205.4 204.4 204.2 203 201.5 202.1 203.1 206.2 210.7 220.1 227.7 232.6 233.1 232.3 231.2 230.8 228.9 225.7 222.9 220 216.2 203.6 194.8 197.4 192 200.9 215 232.6 241.4 247.9 253.1 257.4 262 267.5 271.8 275.2 278.9
428.4 422.8 418.8 405 402.1 398.3 390.6 385.8 380.8 382.3 383.2 383.2 380.5 377 373.1 367.9 361.8 353.7 345.4 330.5 317.3 301.2 289.6 275.2 266.6 260 250.8 255.9 250.3 244.6 233.9 233.3 236.7 233.4 230.7 229.7 225.9 217.1 216.7 211.3 208.4 206.2 206.7 204 202.7 201.5 201.5 201.2 203.2 207.9 215.7 222 223 225.9 226.8 225.2 223.8 221.8 221.7 221 214.8 208.2 201.1 193.3 192.2 191.9 200.9 214.1 227.2 239.2 241.3 244.7 248.5 251.8 255.1 260.1 263.4 266.6
427.1 420.4 415.4 405 402.1 396.3 388.2 379.6 372.6 370.5 374.5 376.4 374.5 371.1 367.1 361.6 355.9 348.1 341.6 329.9 319.4 304.2 291.8 277.3 268 257.5 251.5 257.9 249.5 240 231.5 235.4 236.1 231 231.6 229.5 225.4 217.3 216.2 211.2 208.4 209.6 207.9 204.1 203.8 201.6 201.2 201.1 201.6 205.5 213.1 215.2 216.8 220.3 219.9 219.3 218.5 219.8 220.2 219.4 213.8 203.6 195.4 191.9 189.9 192.7 202.7 208.5 219.3 229.6 236.5 239.5 241.9 244.1 247 249.8 252.4 254.1
426.9 419.9 411.9 408 398.1 393 387.5 377.3 361 356.9 360.8 365.8 367.3 365.3 361.7 356.4 349.9 330.6 330.8 329.7 319 306.4 293.1 273.5 261.1 252.9 259.5 255.3 247.4 235.9 232 238.5 234.6 229.4 231.8 230.7 224.7 217.1 216.2 215.3 213.7 212.5 210 205.9 203.6 202.2 201.9 201.7 201 203.9 211.2 212.7 213.2 215 216.1 215.9 215.2 216.7 218.1 217.2 213 202 195.8 190.9 188.8 192.8 196.2 203.9 216 223 228 232.5 235.7 237.7 240 242.6 244.1 245.5
426.5 421.1 415.5 407.2 396.4 389.6 383.7 373.8 362.8 349.9 349.4 353.8 357.8 358.9 355.6 350.7 344.3 336.2 331.2 319.3 306.6 303.3 293.3 266.4 256 264.8 265.1 254.2 243.7 230.2 236.6 232.5 228.4 229.2 231.2 230.2 223.9 217.5 216.9 216.6 215.2 212.7 208.6 206.1 205.1 203.7 202.9 201.7 201.1 202.5 207.6 209 208.7 210.6 212.3 212.6 212.3 212.6 214.6 215.2 209.2 201.2 194.9 190.1 186.5 186.9 189.9 196.3 209.7 217 222 224.4 228.3 231 233.3 235.1 235.7 237.4
428.7 420.9 413.3 404 394.9 386.6 379 368.5 358.6 350.2 341.2 343.6 346.6 348.6 348.1 344.2 334 337.4 324.7 323.6 312.6 287.3 273.3 262.9 257 266.1 266.2 255.7 243 232.5 228.9 229 228.3 228.6 228.1 223.3 220.4 218.4 217.4 217.1 216.7 214.2 208.8 208.6 207.7 206.4 206 201.5 202.2 201.5 202.5 203 202.1 203.2 205.3 207.5 207.9 208.9 210.5 210.7 206.4 201.9 195.9 189.6 186.2 186.4 190.2 193.6 201.3 208.5 215.2 218.3 222.1 224.6 226.4 227.9 228 229.6
426.8 418.7 410.9 402.4 393.3 384.9 373.9 366 355.8 348.3 342.1 329.5 337 339.2 340.2 338.2 335 334.7 325.1 318 312.2 290.5 296.6 271.4 257.4 265.6 259.3 251.6 243.6 242 237.4 235.4 228.8 227.9 224.6 228.2 219.2 219.8 218 217.7 217.4 215.2 210.4 212.5 211.6 212.6 211.1 205.3 205.8 206 201 200.8 201.8 199.3 200.6 203.5 204.7 205.9 206.5 206.5 201.1 198.7 195.8 188.8 186.2 190.2 193.2 192.7 195 200.6 205.7 210.9 216.6 216.5 218.7 219.1 220.3 221.2
422.7 415.7 410.9 402 392.2 382.5 373.3 362.7 355 345.8 340.4 328.3 326 330.4 332.6 332.3 331.7 329.3 323.5 318.7 310 289.9 296 275.8 256.3 260.6 253 242.5 241.3 238.3 234.3 230.6 230.2 229.5 227.5 222.4 220.9 222.9 219.8 218.2 217.5 216.5 212.4 216.9 215.4 215.6 213.7 209.6 208.2 206.6 202.6 201.9 205.6 204.3 197.4 198 201.3 202.3 203.3 202.9 199.5 194.8 190.6 185.5 185 190.1 195.1 193.5 189.8 192.5 196.8 200.9 206.5 209.1 212.6 212.7 214.4 211.9
417.4 409.8 405.2 400.7 390.5 380.2 368 357.3 347 340.3 328.9 317.9 319.3 315 317.9 322 326 327 323 317.7 310.6 300.2 292 276.2 259.2 252.5 248.2 249.4 237.5 234.5 232.6 231.7 231.1 229.7 222 222.2 225.6 223.6 221.1 218.7 218.1 215.5 214.2 218.8 218.9 217.8 215.3 211.7 210 207.6 205.3 206 206.7 206.4 205.1 199.1 194.8 197.3 198.3 196.8 196.5 192.3 189.9 184.3 184.7 191.4 197.2 196.3 190.7 187.3 188.9 192.6 196.4 199.8 203 203.1 206.2 205.2
413.8 402.3 387.7 381.3 368.6 369.6 344.4 335 331.6 329.1 328.3 327.3 310.1 299 292.4 294.1 306.8 320.7 319.1 316 308.5 300.5 289.8 278.6 266.1 259.3 253.3 249 237 233.4 233.2 233.5 232.9 228.2 220.2 227.6 225.7 222.9 220.3 218.6 218.4 216 215.1 220.3 219.9 219.3 217.9 214.4 212.1 210.4 208.8 207.7 205 204.5 206.9 202.8 197.6 192.7 196.2 195.9 193.5 191.5 184.6 183.7 184.2 191.9 196.3 194.4 191.5 192.6 186.5 184.7 188 190.4 192.7 194.6 195.9 199.8
395.3 387.4 387.8 374.8 356.8 356.1 350.3 357.8 359.2 353.3 345.8 339.8 332.6 327.5 316 301.3 282.1 303.1 313.6 311.6 304.1 297.5 289.8 278.2 265.5 258.3 253.2 248 242.2 235.8 235.3 234.7 232.5 227.8 220.7 223.7 225.6 223 219.1 219 218 216.6 217.7 221.8 221 219.8 218.9 217.1 215.9 214.1 211 208 204 203.5 208.2 208.9 201.9 194.7 193.9 194.3 192.2 189.9 184.4 184.1 183.4 189.8 195.1 192.8 190.1 190.2 187.5 183.5 184.2 186.5 188.5 189.7 188.2 192.8
419.2 411 401.7 391.8 377.9 371.9 377.2 373.5 366.7 359.1 351.4 343.8 335.1 326.2 317.4 307.3 290.6 279.5 297.7 303.2 298.6 291.8 288.1 275.2 263.7 256.4 252.9 247.1 241.6 237.8 236.1 234.7 232.3 230.2 224.4 222.2 223.2 222.2 219.4 218.9 217.8 216.6 219.6 222.2 222 220.4 219.1 217 216.5 215.9 213.9 211.6 204.1 202.7 206.8 206.4 202.2 196.9 192.9 189.9 189.9 186.9 184.9 184.1 183.7 187.2 196.6 193 187.9 186.1 185.3 183.5 184 184.2 183.3 183 182.8 182.6
428.5 421 413.3 408.5 402.2 394.6 389.4 381.2 373.3 364.8 357.2 348.6 339.4 329.6 319.8 310.2 296.8 282.6 274.3 284.3 284.3 286.8 281.2 265.6 260.6 255.7 251.9 245.4 241.2 238.2 236.4 234.3 231.9 229.6 225.4 223.1 222.3 220.8 219.6 218.7 217.7 217.5 219.9 221.9 222.3 221.1 219.3 217.4 216.1 215.6 214.2 213.5 207.4 204.1 204.4 204.1 202.4 199.5 195.1 191 189.2 187.1 185.3 184.2 183.3 184.9 192.8 193.4 187.6 183.6 183.3 182.5 183 182.5 182.6 183.3 183.4 183.4
438 432.8 427.1 421.1 414.2 408.5 400.7 391.1 382.5 374.3 365.6 354.7 343.7 332.8 323.2 312.1 301.1 285.3 266.1 258.6 255.6 265.2 269.9 256.6 250.3 246.5 243.9 242.6 240.1 237.7 235.8 231.9 227.8 225.7 228.7 224.6 222.2 220.2 219.3 218.5 217.7 218.2 219.4 220.9 221.3 220.6 220.1 218.6 216.5 215.6 213.7 213 210.7 208.2 206.2 206.3 205.9 203.1 199.3 195.5 192.9 188.9 185.4 184.3 184.1 183.8 184.5 186.4 184.7 184 183.3 183.4 183.9 183.9 184.2 183.5 183.5 183.6
448.6 444.1 439.1 433.5 426.2 419.2 410.3 401.9 393.6 386.4 375.7 364.3 350.5 338 326.5 316 305.7 297.7 289.1 280.6 270.5 254.8 247.5 246.5 241.4 238.6 236.5 234.6 233.4 231.5 229.4 228.8 231.2 231.3 229.7 226.2 222.8 219.1 218.8 218.6 218.7 218.4 218.5 219.3 219.8 220.2 220 219.5 217.5 215.8 213.4 213.1 213.8 212.6 210.6 209.4 208.2 206.3 202.8 198.6 195.3 189.1 184.2 184.1 183.9 183.7 183.5 184.4 185.9 185.5 183.1 184.2 184.2 183.9 183.9 183.9 184 183.8
458 454.4 449.8 445.1 437.8 429.6 420.4 411.6 404.7 397 386.2 374.1 359.6 345.4 333.5 323.5 316.1 307.9 299.1 290.3 278.8 274.8 256.7 245.9 250.1 238.5 239.5 244 238 234.6 233.4 233.4 231.4 230.7 229.9 226.2 218.9 219.7 220.2 219.2 217.9 217.4 216.9 216.7 217.5 217.9 219 218.4 216.2 213.7 214.9 214.2 215.4 214.9 214.4 213.4 211.9 208.8 205.8 201.9 196.6 189.4 184.4 184.1 183.8 184.1 184.1 187.4 188.6 188.9 185.8 184 184.1 184.2 184.4 184.4 184.3 184.2
466.4 463.2 458.6 455.4 449 441.4 432.4 422 412.3 404.9 394.4 382.9 369.6 357 345.4 335.5 328.1 320.3 312.4 299.8 295.1 286.8 281.7 271.8 266 253.7 243.1 249.2 240.5 236.7 234.5 232.9 231.3 229.8 228.9 221.2 219.5 221.9 220 218.5 217.1 216.3 215.9 215 215.3 215.9 215.7 214 213.6 215.3 214.4 214.8 216.4 216 215 214 212.2 209.4 207.3 204.8 199.8 192.3 184.6 183.8 184 184.4 184 189.7 190.4 190.8 186.2 183.7 183.9 184.5 184.5 184.4 184.3 184.4
471.9 469.8 466.9 464.1 458.2 450.8 442.8 431.9 420.8 412.3 402.6 391.2 377.6 367.3 356.6 347.2 337.9 329.3 320.5 308.7 302.3 297.1 292.4 284.7 279.1 262.5 248.2 251.7 244.1 238 234.4 231.8 230.1 228.3 224.6 218.8 223 221 219.6 217.9 216.4 215.7 215.5 214.7 214.6 214.8 214.7 214.7 214.5 214.2 214.2 214.7 216 216 214.8 213.3 211.7 209.7 207.8 206.4 202.7 195.4 186.9 184 184 184 186.2 190.9 191.1 190.9 189.9 183.8 184.1 184.2 184.1 184.1 184.3 184.4
473.4 474.3 472.2 469.8 465.6 458.7 449.8 439.1 429.2 420.5 410.9 399.3 385.9 375.8 365.3 355.1 344.3 335.3 325.2 315.1 307.8 302.2 296.7 289.3 282.5 264 264.4 257.7 250.6 243.8 236.4 231.6 228.7 225.8 220.3 218.5 221 220 218.6 217.3 216.1 214.4 214.6 214.6 214.3 214.4 214.4 214 213.7 213.4 213.2 213.8 215.4 215.4 214.2 212.7 211.1 209.8 208 205.3 200.8 197.1 191.2 184.3 183.8 184.4 184.8 191.8 191.8 191 184.7 184.5 184.7 184.7 184.6 184.4 184.5 184.5
471.3 474.7 475.4 473.3 469.6 463.9 454.4 446.5 436.6 427.6 417.8 406.1 394 383.2 372 361.2 350 339.4 330.7 315.7 310 303.2 295.8 286.7 278.5 262.7 265.7 258.6 251.8 244.9 238.3 232.3 228.2 224.3 220.4 219.1 219.9 219 217.9 216.7 215.3 213.9 213.9 214 214.1 214.2 213.9 213.6 212.8 212.2 211.9 212.6 214 214.6 213.2 211.5 209.7 208.1 206.4 205.9 204.1 200.5 193.5 184.4 184 184.6 190 193.6 192.6 184.4 184.6 184.5 184.7 184.8 185.2 184.8 184.4 184.1
468.2 473.2 475.5 474.8 471 465.6 458.3 451.4 443.1 433.3 424.7 411.9 399.6 387.8 377.4 365.7 354.5 342.8 332.3 316.8 308.6 301.1 292.5 282.4 269.6 266 263.9 257.6 251.9 245.6 239.7 234.2 228.5 224.1 220.6 219.9 218.8 217.5 216.6 215.5 214 213.5 213.4 213.7 213.6 213.7 213.5 213.1 212.2 211.2 210.6 211.5 212.6 213.1 212.3 210.3 208.4 208.2 208.6 207.6 206 202.9 196.8 188.6 188.8 187.6 192.2 192.2 190.6 184.8 184.7 184.7 184.6 185.1 185 184.8 184.5 183.6
465.2 470.9 474.4 473 469.8 467.2 461.5 455.8 448.7 439 429.1 416.1 404.5 391.6 380.8 367.7 356.6 344.3 331.5 316.1 306.3 296.7 288.8 279.2 269.2 266.4 261.4 255.5 250.6 244.5 238.6 233.1 227.4 224.1 221.2 220.6 219 217.8 216.6 215 214.6 214.1 213.5 212.8 213.5 213.4 212.2 212 211.6 210.8 209.9 209.8 210.2 209.6 207.9 206.9 206.6 207.3 208.1 206.8 205.4 203 198.4 193.8 192.7 190.9 189.7 191.3 185.1 185.1 185 184.7 184.4 184.7 184.9 184.6 183.4 184.5
464.6 468.3 472 470.8 468.5 465.6 462.1 456.9 451 441.6 429.8 419.8 407.5 393.7 383.4 370.8 358.6 344.2 330.6 316.4 301.4 291.3 282.8 275.5 267.5 263.5 258.2 251.6 246.2 241.5 235.9 230.9 226.9 223.6 222.2 223.9 222 219.8 218.1 216.2 214.8 214 213.2 213.1 212 212.8 212.1 210.7 209.9 209.3 207 206.4 206 205.4 204.4 202.8 202.5 203.7 204.9 204.8 204.3 201.2 195.7 192.9 191.6 190.5 188.3 187.7 186.1 184.1 183.6 184.8 184.7 184.8 184.4 183.8 186.7 194.9
463.2 465.4 466.9 467.1 465.4 462 458.9 454.8 448.1 441 431.3 420.3 409.2 396.4 383.9 370.7 357.5 342 325.9 312.4 299.6 287.9 276.6 270.2 265.3 259.3 252.7 246.4 241.5 237.8 234.4 233.7 226 222.3 228.2 226.4 223.7 221.6 219 217.1 215.9 214.6 214 213.4 212.5 209.6 208.9 209.5 208 208.3 205.7 204.3 205.3 203.8 201.3 200.8 199.9 200.4 201.4 201.8 201.1 197.1 194.1 193.3 192.6 190.9 189.6 184.2 185.4 185.3 185.4 184.9 185 182.7 182.7 188.7 194 202.8
463.4 463.2 462.1 461.5 460.3 457.7 454.1 450.5 445.3 440.1 432.1 422 409.8 395.6 382.7 369.6 355.7 341.4 324.2 309.2 296.2 284.4 273.5 265.2 260.8 254.3 250.2 247.9 244.9 242.1 238.9 234.6 223.5 225.6 228.9 226.7 224.4 221.4 218.5 217.2 216.1 214.8 214 213.9 213.2 210 208.2 207.7 207.3 207.2 208.6 209.4 210.5 209.3 205.9 202.3 199.4 198.1 198.6 199.8 198.9 195.1 195.6 201.4 201.5 191.1 185.2 185.5 185.5 185.6 185.6 185.4 185.4 185.2 185.6 196 203.3 208.7
461.1 459.7 457.6 454.7 452.6 450.4 448.3 445.2 441.3 436.5 430.7 421.7 410.5 396.9 381.2 368.7 354.3 339.5 323.2 307.5 293.2 280.6 271.9 266.1 262.3 259.6 256 251.9 248.8 245.3 235.9 225.1 232.1 232 229.2 226.6 223.9 220.7 218.4 217.3 216.6 215.6 215 212.7 211.9 210.2 210 210.4 211.1 211.8 211.8 213 213.4 212.6 209.3 206.2 201.9 198.5 196.9 196.9 196.4 194.8 193.6 193.6 194 190.3 184.9 185.8 185.9 186 185.8 185.7 185.5 185.4 185.7 195.7 203.4 212.1
455 453.7 450.8 447.7 444.8 442.8 440.9 439 436.7 433.3 428.3 420.2 410.7 398.7 385.5 369.9 358.2 343.7 326.7 311.2 296.4 286 277 271.6 268.4 264.1 259.2 255 251.5 247 234.8 237 236.8 232.7 230.7 227 224.3 221.2 218.5 217.6 216.8 215.3 213.8 213.9 212.4 212.4 212.4 212.7 212.9 213.4 213.7 213.9 214.7 213.3 210.5 207.4 203.7 199.8 196.9 195.2 194.4 194.3 193.3 192.7 192.4 190.7 186.1 186.4 186.1 185.9 185.8 185.8 186.9 188.1 190.9 195.4 205.7 215
449.7 446.4 442.8 439.4 436.3 433.9 433.1 431.6 431.1 428.9 425.1 418.4 410 398 384.3 374 360.4 345.1 329.4 315.9 304 289.9 283.6 276.1 273.1 268.1 263 258.1 253.3 244.3 235.9 236.2 235.5 233.7 232.1 228.4 224.6 220.5 217.9 219.5 218 216.8 215.6 215.1 214.5 214.5 214.4 214.5 214.5 214.8 215.5 216.3 216.3 214.4 211.9 208.6 205.1 201.6 199.5 198.3 194.7 192.5 191.8 193.4 192.8 185.5 186.3 186.1 186 186 185.9 186.2 189 192.1 195.3 199.7 206.4 216.8
447.1 441.5 435.4 430.9 426.1 423.3 423.7 425.3 425.8 424.4 420.8 415.6 408 396.9 383.5 376.5 367.5 355 339.2 323.6 312.4 297.6 284.2 280.3 276.5 271.4 266.8 261.9 256.9 251.3 243.4 240 236.4 235.2 232.4 230.7 219.6 221.2 224.5 223.5 221.7 221 220 218.7 217.7 217 216.6 217 217.4 217.9 218.7 219.4 219.3 216.5 213.4 209.7 206.6 203.2 201.3 201.7 198.8 192.2 190.7 192.8 191.7 185.3 186.6 186.4 186.3 186.3 186.6 187.6 190.3 196.3 198 205 212.6 218.9
446 438.6 430.5 422.8 416.9 414.4 415.5 418 419.9 420.3 418.7 414.1 408.4 399.4 391 382.3 372.3 359.7 344.4 327.7 316.6 305.3 291.4 282.3 277.7 273.9 269.8 264.4 259.7 253.3 248.3 243.3 238.7 238.3 239.2 232.8 220.3 226.9 227.3 225.9 224.7 224.2 223.7 223.1 222.2 221.1 220.9 221 220.8 221.1 221.2 221.7 221.7 218.9 215.5 212 208.6 205.3 203 202.2 200.6 197.4 189.7 189.9 186.6 186.4 186.5 186.5 186.8 187.3 187.8 189.4 190.4 194.5 199.7 204.4 213.5 221.4
447.6 438.2 428.7 420.3 410.7 405.5 405.3 409.3 414 417.2 417.4 416 409.7 402.8 395.2 386.7 375.6 362.5 347.3 331.2 320.7 310.7 298.9 288.2 282.1 277.8 273.5 267.3 262.7 255.8 250 243 239.6 237.8 236.7 225.1 223.7 230.2 229.5 228 227.7 227 226 225.3 224.6 224.4 224.8 225.1 224.7 224.2 224.3 224.4 224.3 222.2 217.9 214.1 210.8 207.1 203.9 203.8 203.2 200.3 193.5 191.7 186.3 186.7 186.6 187 187.7 188.4 188.9 189.5 190.6 196.9 201.7 200.8 211.5 221
449.7 440.5 430.4 421 413 405.2 397.1 399.6 406.2 411 414.8 414.3 410.9 404.4 397.3 388.6 376.7 362.4 346.8 332.5 323.4 311.4 299.8 291.3 285.7 280.4 277.6 271.8 265.1 256.9 249.8 243.8 240.3 237.3 224.7 227.4 232 231.8 231.1 230.8 231.1 229.7 228.3 227.4 226.8 226.7 226.7 227.5 227.9 227.3 227.2 227.2 226.5 225.2 220.1 215.5 213.2 209.8 207.1 206.2 205.1 199.8 191.6 187.2 185.5 186.5 186.8 187.5 188.8 189.5 189.5 189.3 190.6 196.6 193.1 205.9 208.5 217.6
451.6 442.8 433.1 423.3 414.9 406.5 398.4 388.6 397.8 403.5 408.4 410.2 408.4 404 397.9 388.3 377 363.7 347 332.9 322.6 310.6 300.2 293.8 286.6 282.6 278.2 272.4 263.9 255.9 248.8 243.3 236.1 225.7 230.3 234.6 233.9 233.2 232.5 232.4 232.3 231.2 230.3 229.6 229 228.9 228.8 229.6 230.1 229.5 229.5 228.9 227.8 226.2 221 215.7 214.1 211.2 207.8 203.7 199.9 192.1 188.6 186.8 185.5 186.5 186.8 187.4 188.8 189.2 189.5 189.5 190.2 191.7 188.7 197.3 213.4 212.9
