public/OST50/NJ43.asc
ncols 200
nrows 200
xllcorner 340000
yllcorner 830000
cellsize 50
[rows 140 to 174 of 200, columns 78 to 155 of 200]
350.1 345.7 341.8 337 330.9 326.7 320.3 318.5 316.7 321.5 323.3 325.6 330.3 330.8 330 325.6 317.3 313.5 305.2 295.8 293.6 293.2 290.9 289.7 288.1 299.7 309.3 315 319.3 320.8 317.1 311.8 307.6 300.6 292.6 287.5 287.1 282.2 276.5 272.4 268.2 265.1 258.8 257.2 256.3 254.4 252.8 251.2 251.8 249.8 253.9 261.1 271.7 278.4 285 292.4 294 288.9 295.7 312.2 324 330.8 335.4 339.5 341.2 340.6 340.4 339.5 338.3 337.1 337.4 338.3 340.9 343.2 345.3 344.1 341.7 339.2
350.4 346.7 343.1 337.3 328.5 323.4 329.6 333.2 334 335.9 336.7 339.8 341.6 342.2 338.1 333 324 319 315.4 311.2 306.3 300.6 303.9 299.1 286.9 284.8 298.1 304.1 308.3 309.5 305.5 300.3 294.9 288.8 281.4 274.4 266.4 264.4 263.9 261.5 261 262.7 262.6 265.3 267.1 264.6 264.2 265 263.1 261.5 260.9 269.4 282.7 290.9 298.4 305.2 305.6 300.7 292.7 307.1 323.1 333.1 339.6 343.1 346.6 347.7 348 347 345.3 345.2 347.8 349.2 351.3 352.9 353.5 352.5 349.2 346.6
349.4 340.5 329.7 327.9 332.1 341.4 345.6 347.7 347.5 346.8 347.3 347.7 347.9 348.2 344.5 338.2 330.8 323.9 320 319.4 317.6 314.2 313.1 309 298 289.6 283.1 291.1 295.5 296.6 291.5 287.9 280.5 273 268.2 266.8 267.3 270 278.4 278.7 277.1 276.3 277.6 281.2 283 282.2 282.2 281.4 278.5 276.6 274.8 277.9 291.1 301.3 308.5 312.6 313 311.7 308.2 309.6 324.6 334.2 341.8 347.5 352.2 354.4 355.8 355.4 356.4 356.8 358.4 360.4 361.2 361 359.8 359.2 355.5 351.6
332.1 339.6 339.9 344.2 351.2 355.6 357.2 359 357.3 356 355.3 354.2 353.9 352.4 348.5 342.7 336.6 331.5 328.7 326.6 324.3 321.3 317.3 313.9 308.2 296.8 281 279.5 278.7 276.8 272.1 272.5 272 277.5 280.4 281.6 282.4 287.4 292.8 294 291.9 291.6 295.1 298.6 299.5 300.6 301.2 299.9 297.2 296.2 293.7 288.9 296.9 308.6 315.6 319.6 321.7 322.6 323.4 322.6 329 337.1 344.3 351.8 356.9 359.9 361.7 364 367.6 369.2 370.5 371.1 370.5 368.4 365.6 362.3 358.1 353.3
345.8 347 354.9 360.5 361.8 364.3 365.2 365.2 364.6 364.3 362.8 360.8 359.1 354.5 351.9 346.9 340.8 335.7 332.7 329.6 326.6 323.8 319.1 315.4 312.2 305.7 294.3 280 283.7 284.3 284.8 288.9 291 294.9 293.8 294.7 295.5 297.2 304.3 304.8 305.1 308 314.1 318.3 318.4 320.4 321.2 320.6 316.8 314.8 310.6 303.9 300.9 313.6 322.1 327.9 330.1 331.6 332.5 332.2 333.3 340.5 348.2 355.2 360.8 364.6 368.7 373.3 376.6 378 378.7 376.8 374.2 370.6 366.6 362.8 357.8 352.7
354.8 360.5 366.5 370.4 371.4 374.2 373.2 372.4 372.1 369.9 366.7 363.5 361.8 357.9 353.5 348.6 341.5 336.8 331.1 327 321.5 319.2 316.9 313.5 310.5 303.9 288.8 289.9 297.7 299.1 299.7 301 303.5 303.9 304.6 306.4 307.9 309.6 312.9 313.4 316.1 323.6 334.8 335.2 337.2 336.5 336 333.9 332 328.8 322.4 313.7 306.4 319.1 328.4 333.7 336.7 338.3 338.8 339.1 341 345.5 350.5 357 365.3 370 374.6 379.4 383.1 382.6 381.6 379.6 374.3 370.3 365.6 359.7 354 348.9
367.3 372.4 376.4 379.6 380.6 380.9 380.7 379.8 378.3 374 369.7 366 362.6 358.6 353.4 346.8 336.6 330.7 321.4 313.4 308.4 305 300.1 296.6 296.6 290.7 298 307.3 311 312.2 311.4 310.6 312.3 312.7 314.3 316.1 319.6 322.7 326.5 329.1 335.4 343.7 353.2 353.6 354 351.8 349.1 346.3 341.3 339.4 334 327 320 325.3 334.9 339.8 342.9 343.6 343.4 344.1 346.2 351.8 357.5 362.8 368.8 373.9 377 380.1 382.6 383.1 383.2 379.9 373.6 367.5 361.5 355.9 350.6 346
378.2 381.4 383 385.1 385.7 385.3 385 384 381.1 377.1 372.3 366.9 361.2 354.7 345.4 332.5 322.7 317.7 313.9 319.3 320.1 318.6 313.8 308.5 304.9 309.8 313.5 323.8 328.5 327.1 322.3 322.9 324.9 328.3 332.1 336.2 338.8 340.7 344.4 350.2 359.4 362.1 364 365.2 364.5 361.9 358.2 354 351.2 347.9 345.8 341 335.9 337.1 342.8 347.2 346.3 348.6 348.8 352 353.8 356 360.1 364.8 369.8 372.7 375.6 377.9 380.3 380.8 378.1 373.2 369.2 363.3 357.8 352.8 347.9 343.3
387.3 389.2 389 391.1 389.2 388.5 387.6 384.4 380.7 376.7 371.5 366.5 357.3 345.8 332.7 330.2 331.4 333.1 335.4 337.8 337.1 334.9 327.1 318.1 315 326.7 335.3 343.4 344.4 341.1 338.5 339.6 344.7 346 348.4 350.9 354 357.2 361.5 365.7 369.1 370.2 371.8 373.2 371 369 365.8 362.3 359.7 356.8 353.6 350.1 349.4 348.5 349.8 351.1 354.6 356.1 359.9 359.4 357.5 359.1 360.6 362.8 364.4 366.5 368.2 368.8 369.7 369.3 367.5 366 363.9 360.3 355.1 350 345.1 340.4
394.5 395.5 396.1 394.9 391.9 390 386.3 383.5 378.6 374 368.3 360.1 347.8 337.4 337.9 339.8 343.5 349.5 353.4 353.4 350 345.5 337.6 325.1 329.1 344 352 355.2 354.9 353.4 353.6 354.9 357.1 359.6 361 363 363.8 367.9 372.6 375.3 377.7 381 382.4 381 377.5 373.9 371.7 369.5 366.6 363.1 359.4 358.3 357.8 355.4 358 361.3 362.3 366.2 365.7 363.3 359.6 357.4 355.2 353.9 353.1 353.1 355.2 357.3 358.7 358.8 359.5 359.3 358.5 357.2 352.3 347.2 342.2 336.3
399.9 400.3 399.6 396.9 392.1 388.1 384.4 380.6 375.7 369.8 361.5 349.9 338.9 345 349.9 355.8 360.3 363.4 364.5 363.1 359.2 355.3 348.3 331.4 343.6 355.7 361 363.6 363.3 363.7 365 367.7 368.7 371.5 373.4 375.9 378.1 378.9 381.8 383.2 385.8 387.9 387.8 385.4 381.5 376.9 374.3 371.6 369.9 367.1 364.9 363.9 362.2 362.2 362.8 365.1 367 368.1 366.2 362.2 357 353.1 349.7 346.7 344.7 343.7 344.2 345.8 347.7 349.2 350.3 351.7 351.8 350.1 346.9 342.5 336.9 330.3
404.3 402.9 400.5 396.5 391.2 386.2 381.8 376.8 370 360.6 352 347.8 352.8 357.8 362 366.4 370.8 372.6 372.5 370.7 366.6 363.1 359.5 341.6 358.1 365.3 369.1 370.3 371.7 373.5 376.8 379.8 381.9 382.7 383.8 383.9 384.4 387.3 388.4 389.5 393.3 391.9 390.2 386.9 382.4 379.6 376.2 373.6 372.3 369.6 367.5 366.1 365.2 364.4 365.7 367.5 368.3 367.7 365.7 359.3 354 348.2 344.6 340.9 337.5 335.3 334.4 334.5 335 335.9 337.6 339.9 340.7 339.9 338 335 329.2 323
406.7 404.4 401.1 396.7 391.3 382.8 375.5 369 361.9 357.3 356.8 355.8 363.8 367.4 371.2 375.4 378.7 379 378 376.6 373.5 371 367.1 361.6 366.7 371.1 375.1 376.1 378.5 381.7 386.7 388.9 388.7 391.5 392.6 394 394.5 395.1 394.9 395.4 394.4 392.8 390.5 386.8 382.2 379 376 373.6 372 369.7 368 366.9 365.5 364.6 365.1 365.6 366.2 364.3 359.7 353.2 347.2 341.1 335.5 326.9 325 322.7 320.9 320.2 320.2 322.3 323.9 325.4 325.8 326.8 325.6 322.3 319 314.7
409.5 406.5 403.2 398.2 392.8 385.2 376.4 368.9 364.7 362.2 362.7 359.6 367.6 374.7 379.4 381.8 383.6 384.7 384 382.9 380.7 377.7 374.2 372.8 373.3 375.7 378.7 380.7 384.1 387.7 391.8 393.9 396.9 399.2 400.8 400.3 399.3 398.4 397.2 395.5 393.6 392.1 388.6 384.5 380.3 376.4 373.9 371.4 369.8 367.5 365.1 363 361.5 359.7 358.5 357.8 356.2 352.4 348.1 342.7 336.2 330 320.9 315.6 308.5 307.4 305.4 304.4 304.9 307.3 310.1 312.5 312.4 313.1 313 312.3 309.3 305.7
411.7 409 405.9 401.4 395.8 388.9 381.6 376.2 372.1 370.2 369.2 370.2 374.9 380 383.2 385.9 388.8 390.9 389.8 387.7 385.6 382.8 380.4 379.3 378.5 377.9 382 384.4 386.5 390.1 393.2 396 398.4 400.2 400.7 400 399.2 398.3 396.1 394.1 392.2 389.6 386.1 381.5 377.4 374 370.7 368.5 366.1 363.2 360.2 357.5 355.3 351.8 349.3 346.3 342.9 340.4 336.6 330.8 323.9 318.2 311.3 303 298.1 295.5 290.6 289.9 292.3 293.3 296.1 299.8 300.5 300.5 300.6 300.3 299.1 296.8
413.3 411.3 408.2 403.8 399.4 394.6 387.7 382.2 379.4 376.9 375.5 377.2 380.6 383.9 387.2 391.5 395.2 398 397 394.3 389.4 386.4 384.8 383.4 382.8 381.4 383.4 384.8 386.2 387.1 388.3 391.4 394.2 396.9 398.8 397.3 395.3 393.5 392.5 389.8 387.4 385.5 382.2 378.5 375.4 371.6 368 364.9 361.9 357.9 353.1 348.8 343.2 339.1 335.5 333.6 330.7 329.3 326.8 321 313.5 304.5 298.5 295.5 293.7 290.5 288.2 285.8 283.4 281.1 283.3 287.2 288.2 288.4 290 289.9 289 287.7
413.4 412.5 410 406.2 402.3 397.4 394 390 386 383.3 382.3 383 384.8 387.4 391 395.1 399.4 401.1 399.1 395.6 392.8 389.9 387.8 386.2 384.9 382.9 380.9 380.8 380.5 381 383 385.1 386.9 388.4 389.1 389.8 389.4 389.2 388.5 386.7 384.3 382.4 379.9 375.9 372.9 368.6 364.7 359.9 353 347.2 341.1 334.2 328.2 326.2 322.5 320.8 320.6 318.4 313.7 306.6 307 310 311.6 311.3 308.1 305.1 301.6 297.8 293.7 288.4 282.7 276 274 277.2 279.6 279.7 279 277.9
412.8 412.6 410.5 407.1 403.6 399.9 397.5 395.7 393.8 390.4 389 388.3 388.4 390.5 392.6 395.4 398.3 399.9 398.8 396.2 393.3 391 388.7 385.9 383.3 380.7 377.7 376.8 376 375.9 377.4 378.8 380.9 382.5 384.7 385.9 386.1 386.1 385.9 384.9 383 381.4 378.5 374.8 371.3 365.8 355.8 347 341.4 335.6 334.9 334 332.3 330.1 327.7 323.9 318.4 317.7 318.8 322.5 325.1 326.3 325.5 325.5 322.7 319.9 315.3 311 306.6 301.4 294.7 287.5 279.3 275.4 271.1 268.2 265.8 263.6
410.1 410.2 408.2 406 403.9 401.3 399.9 398.8 397.2 395.6 394.9 393.3 392.3 393.3 394.5 396 398.3 399 397.6 394.7 391.6 389 385.1 380.8 377 373.1 370.4 369.3 369.2 370.5 372.7 374.1 376 378 380.6 382.7 384.3 385.1 385 383.9 382.7 380.7 377.8 373 367.8 361 355.7 352 345.1 343.7 344.9 345.3 344.9 343.1 340.8 338.6 332.5 335.2 335.8 339.1 340 339.9 339.4 337.9 335.8 333 328.8 324.2 318.4 311.9 305.4 298.1 290.2 284.2 279.4 279.2 277.9 277.2
406 406.1 404.8 404.2 403.1 401.7 401.2 401.2 400.2 399.4 398.4 397.3 396.6 397.1 397.4 397.8 398.5 398.5 396.6 393.5 389.4 384.7 379.5 374.4 370.4 366.9 364.5 362.2 362.8 363.9 365.5 367.3 370.7 373.6 377.7 380.8 384.1 384.9 385.3 385.3 383.7 381.8 379.1 375.8 371.4 367.1 364 358 352.1 349.5 353.3 355.1 355.1 354.1 353.4 352.7 349.8 349 351.5 353.4 354.7 355.1 355 353.5 351.2 348.7 344.5 339.9 332.8 324.9 316.2 308.3 300.9 293.1 288.7 289.3 290.2 293
401.4 401.3 401.1 401.5 401.6 401.4 402.3 402.6 401.9 401.3 400.9 399.8 399.9 399.4 399.6 399.5 399 397.4 395.7 392.3 387.9 379.2 370.1 363.9 360.5 355.9 351.6 350.6 354 356 357.9 360.3 363.5 368.4 375.7 381 384.3 386.1 387.5 388.1 387.1 385.4 383 380.3 377.5 373.6 369.8 364.4 358 357.3 360.4 364.2 366.9 369.5 371.4 372.1 371.4 371 370.7 371.2 371.8 372.1 370.3 371.1 369.7 365.2 360.6 356.9 348.8 340.8 331.5 321.9 313.2 303.1 302.3 303.1 307.2 311.8
397.2 397.4 397.2 397.9 398.9 401.1 403.5 404 403.4 402.8 401.8 401.4 401.6 401.3 401.4 401.5 400.7 399.1 396.9 393.6 389.9 383.8 376.6 366.9 355.7 348.7 342.2 339.8 342.3 345.1 345.6 351.3 360.7 367.3 373.3 380.4 384.5 387.5 390 391.2 391.5 390.8 389.1 386.6 384.5 380.7 377.4 371.8 365.7 370 374.1 378.2 381.7 385.5 387.6 387.2 384.4 383.7 385.5 387.6 391.3 391.1 387.9 387.9 386.7 383.6 378.3 374.8 368.4 359.3 348.5 337.7 327.6 322 321.7 323.6 327.3 326.8
393.2 393 393 393.6 395.5 399.2 402.4 404.3 404.3 403.7 402.5 401.3 402.3 402 402.9 403.6 403.1 401.8 400.3 397.2 393 387.8 380.7 371.6 363.6 354.1 347.2 340.2 332.6 335.7 344.9 351.9 358.7 364.7 370.6 378.3 383.6 387.7 391.2 395.6 400.9 400.8 397 393.1 391.1 389.1 387 383.3 382 385.5 388 392 394.6 397.8 400.2 400.9 399.2 399.4 404.4 410.8 412.9 412.3 411.1 409 406.9 404.6 399.4 392.3 383.2 373.5 361.9 352.7 343.7 339 340.2 340.6 340.3 343
386.8 387 386.5 387.4 391.4 395.3 399.3 402.3 403.7 403.4 403 401.9 402.5 403.2 404.8 406.5 406.4 405.5 403.8 400.2 396.6 390.7 383.5 376.1 367.9 358.3 350.2 342.8 332.8 331 341.1 347.9 354.7 361.2 367.2 375.2 381.4 387.8 393.4 401.4 405.7 406.3 405.5 402.7 401.8 398.6 397.6 394.7 392.2 390.9 393 397.5 402.9 409.6 414.1 416.5 419.6 422.3 426.3 426.1 424.7 422.2 420.9 422.4 424.4 423.7 419.3 409.7 399.2 385.9 372.6 361.2 356.4 351.2 350.5 350.6 352 352.4
379.5 378.7 378.4 380.5 386.6 391.6 396.9 399.7 401.3 402.1 401.6 402 402.4 403.7 405.7 407.8 409 408.3 407 404.1 400.4 393.3 386.5 379.7 372 362.4 354.1 345.3 334.3 324.2 333.8 343.3 349.4 355.7 362.5 370.7 378.3 385.4 394 402.8 409 410.6 410.7 408.8 408.3 407.2 406.5 405.1 402.8 403.7 411.3 417.4 424.1 429.2 432 433.8 436.4 438 436.7 433.5 427.9 423.4 421.7 425.7 428.8 431.9 431.4 421.9 410.2 394.8 381.3 368.6 364.2 361.2 359.6 359 358.4 358.8
370.7 370.2 370.2 372.5 378.4 385.3 391.4 395.8 397.6 399.2 399.9 400.6 401.3 402.9 405.2 407.8 409.8 410.4 411 410 405.5 400.1 391.7 383.5 375.8 366 356.4 347.5 336.1 323.6 327 334.9 342.9 349.7 357.3 365 374.5 382.6 392.4 402 409.1 413.5 415.1 414.8 413.7 412.6 411.3 412 413.3 421 428.1 433.3 436.3 437.2 438.7 439.8 440.4 439.2 436.5 431.3 422.6 417.2 415.3 419.2 423.7 425.5 427.7 421.8 411.3 396.7 383.9 373.3 369.5 367.9 367 365.7 364.5 362.7
360.6 360 359.8 362.7 368.4 377.4 384.7 389.9 394.1 396.5 397.5 398.7 399.8 400.8 403.1 406.1 409.3 412.5 415.5 415.9 413.3 407.7 397.6 388.4 380.1 370.4 359.9 350.4 338.4 326.9 320.3 327.4 336.2 343.9 351.1 358.7 369.4 378.6 389.1 399.6 408.6 415.6 418.5 418.5 417.6 415.1 414.2 415.8 420.1 428 435.1 436.7 436.1 435.6 435.1 436.8 437 436.2 431.3 421.6 413.2 404.9 401.5 403.8 408.9 412.5 415.9 412.4 403.6 390.5 381.3 375.8 373.4 372.6 371.3 369.6 367.7 366.3
350.4 349.2 348.3 352.1 360.4 367.7 376.3 384.1 391.1 394.4 395.9 397.6 398.6 398.6 399.5 402.8 407.1 411.3 416.1 418.5 417.4 414.6 402.9 393.8 385.1 375 364.4 353.3 340.7 328.3 318.2 319.9 328.2 336.8 345 352.9 363.1 373 384.4 395.8 405.5 414.9 418.1 419.4 419.7 417.1 416 417.8 421.6 428 431.7 429.5 427.6 425.9 425.7 427 428.6 426.1 418.9 409.2 399.3 389.3 379.4 381.4 389.8 394.3 398.1 397.7 391.9 382.7 379.8 376.7 374.8 374 373.6 373 370.9 369
342 340.7 339.2 343.3 351.3 360.3 370 380.2 385.8 389.5 390.9 392.2 392.5 392.8 393.8 397.1 402 406.5 411.6 418.5 418.9 415.9 408.1 398.9 391.5 381.4 368.6 357.5 345 331.9 319.8 314.1 321.5 329.8 337.5 346.5 355.8 365.6 377.2 390.6 401.4 410.3 415.4 419.1 419.4 415.9 414.5 416.2 419.8 422.4 421.9 419.4 418 416.4 414 414 413.1 412.2 407.7 398.5 385.9 372.8 355.5 362 370.6 374.1 376.9 378.3 378.6 379 376.3 375.1 373.2 373 373.1 373.5 372.5 370.1
333.7 333.3 333.4 339.3 347.3 357.9 364.9 372.5 378.3 381.8 383.6 383.9 383.4 384.4 386.5 389.7 394 398.4 404.1 411.4 417.2 418.9 415.7 406.9 398.7 388.2 375.3 362.7 349.9 335 321.4 310.9 315.2 323.9 329.6 338 346.6 357.6 369.2 382.8 393.5 404.2 411.5 417.3 416.5 413.4 412.1 413.1 413.8 413.5 412.2 410.5 407.3 404.9 402.5 402.3 400.8 399.8 394.7 384.6 372.1 356.7 334.3 342.6 353.6 357.2 363.8 368.3 371.7 373 372.1 369.7 366.8 367.3 368.7 372 370.6 368.1
327.5 327.5 327.8 333.9 340.1 347.6 354.3 363.3 367.4 371.5 374.1 374.3 373.9 373 374.4 375.8 381.1 388.6 394.3 402.7 411.7 419.6 418.2 414.4 405.8 394.8 382.5 369.2 355 338.5 323.5 312.8 307.9 315.4 323.6 331.2 338.7 348.7 362.1 374.3 384.3 395.2 403.5 407.1 408 406.9 407.4 406.4 405.8 404.6 402.8 400.8 398.2 395.5 392.7 389.9 387.7 386.5 381.3 371 363.2 345.1 322.5 325.7 336.8 345.8 352 359.2 365 367.1 365.3 362.3 359.7 360.2 361.8 366.3 367.6 364.4
322.7 322.6 323.7 326.4 330 335.7 342.9 349.3 354.1 358.5 360.4 361.5 361.6 361.2 361.8 364.6 369.4 376.8 386.3 394.9 405.6 415.7 417.9 415.3 408.5 399.5 389.1 376.7 360.8 343.2 327.3 315 305.7 308.1 315.5 323.4 332.3 341.7 352.5 364 375 384.3 391.4 395.2 395.9 396.9 399.4 398.9 398.7 397.1 395.7 393.3 390.4 386.7 379.7 376.8 376 372.8 368 363.2 351.7 338.5 319.8 306.9 321.8 331 338.7 347 352.9 353.6 352.4 350.9 347.8 348.3 352.1 354.9 357.6 356.7
316.5 317.7 317.9 317.3 315.8 322.6 328.8 333.1 338.1 341 342.2 344.6 346.2 347.3 347.9 351.1 357.1 366.1 374.7 386.2 397.3 406.8 413.4 414.7 410.3 402.1 394 383.2 367.1 349 332.1 317.8 308.2 303 307.3 315.9 325.6 334.9 344.2 354.2 364.6 374.4 379.5 383.4 386.3 388.4 391.6 392.3 392.3 390.7 388.5 384.3 379.2 372.1 363.3 363 363.6 360.2 358.6 352.9 342.3 334.2 323.3 304.3 305.4 314.5 326.5 332.5 338.8 338.8 338.6 335.4 333.7 332.1 335.5 339.9 342.1 342.6
318.6 317.2 320.8 319.5 314.1 314 312.9 312.7 321.3 323.5 326.6 330.3 333.4 332.8 334.7 338.8 345.4 353 362 375 388.3 397.4 405.2 409.6 409.9 404.8 397.7 387.9 372.4 354.1 337.6 321.9 311 303 302.1 308.7 317.8 328.3 337.5 345 351.7 358.2 363.9 366.5 372.5 376.8 380.2 383.5 383.4 381.7 379.2 374.2 368.2 361.5 349.9 349.5 352.9 352.8 350.3 342.9 335.8 329.7 318.8 305.8 293.3 305.4 314.1 320.9 325.4 325.5 324.1 322.4 318.3 316.8 322.6 325.8 328.7 331.2
329.7 327.6 329.2 328 326.2 321.9 313.3 311.9 311.4 311.3 313.9 310.7 319.9 320 322 326.9 332.7 339.9 349.8 363.1 379.4 387.6 395.6 405.6 408.6 405.1 399.4 390 377 360.7 344.9 327.6 315.5 307.4 299.1 300.4 309.6 318.9 328.7 334.8 340.8 345.8 349.3 354.5 359.8 363.7 366.7 371.2 371.8 371.2 370.3 368.5 365 359.6 350.2 336.6 340 340.7 339.5 334.6 330.1 321.1 312.4 303.4 289.4 294.6 305.1 310.7 313.5 314.2 313 310.9 304.1 301 310 313.8 317.2 320.5
