public/OST50/NJ43.asc
ncols 200
nrows 200
xllcorner 340000
yllcorner 830000
cellsize 50
[rows 140 to 174 of 200, columns 0 to 77 of 200]
241.1 242.8 243.4 250.2 256.9 264.7 272.4 279.3 286.4 293.7 300.4 307.3 314.6 321.6 327.7 333.6 338.9 344.6 351.4 356.9 362.3 369.4 375.9 382.4 389.5 399 408.3 414.7 421 429 443.2 459.3 467.8 478.3 490 500.5 507.6 512.1 513 509.8 505.1 501.2 498.2 495.3 493.3 491.1 488.4 484.5 477.7 470.9 463.5 454.9 447.1 438.1 429.9 423.6 418.3 412.7 407.7 407.9 413.4 418.2 422.2 424.3 425.3 424.9 420 413.4 407 401.4 395.7 390.5 383.8 376 369.8 363.8 358.5 354.1
243.3 243.4 248.5 254 261.5 267.2 274.1 281.1 287.7 294.7 302.2 309.2 316.5 323.8 330.4 336.2 341.5 348 353.7 361.4 366.1 373.8 379.9 387.8 397.6 408.8 413.4 418.6 423.9 437.4 456.6 467.1 478.9 491.4 502.8 510.5 514.5 515.3 513.1 509.2 505.2 500.8 497.2 493.5 490.7 487.5 485.4 481 475.4 468.7 461.4 453.6 446.1 437.9 429.7 423.2 417.5 412.3 407.3 402.7 408.5 415.4 418.9 421.2 419.3 416.9 411 406.1 401.8 396.2 390.1 385.9 378.8 372.4 366.9 362.7 357.8 354
244.7 246.9 252.4 258.1 266.3 272.1 278 284 289.5 295.8 302.6 310.7 318 325.8 333.1 339.6 345.5 350.6 356.6 364.3 372.2 380 386.7 394.6 405.7 412.5 417.4 422.1 429.1 447.2 463.2 475.9 489.7 503 513.4 517.7 519.8 518.9 513.9 509.4 505 500.2 495.5 491.4 487.1 482.7 479.9 475.4 470.7 465.4 459.1 451.9 445.1 437.6 430.2 423.6 417.8 412.3 407.4 401.9 402.8 410.4 414 414.6 410.1 407.4 403.4 399.3 395 389.7 384.4 379.5 374.8 370.4 366 361.1 356.4 354
247.6 251.9 256.2 262.2 269 275.5 280.7 286.9 292.6 299.4 306.6 313.4 318 328 335.6 342.7 347.8 353.6 360.9 370 377.5 383.7 391.2 399.5 408.9 415.3 420.5 425.8 435.6 453.6 470 484.5 499.7 512.6 520 523.3 522.7 519.9 515.4 510.8 505 499.8 493.2 488.1 482 475.7 473 469.4 466.4 461.5 455.7 449.7 443.1 436.4 429.2 423 417.1 412 407.2 401.8 395.8 404.1 407.4 405.1 402.1 398.6 396 392.4 388 383.6 379.5 374.6 369.8 366.3 362.7 357.8 354.6 344.8
251.4 255.7 260 266.7 272.1 277.2 283 289.2 296.3 303.2 309.8 316.5 324.6 331.9 339 344.7 350.5 357.8 367 373.7 380.1 386.4 395.8 404.1 411.1 417.1 423.4 431.1 444.3 460.6 475.2 492 507.5 517.7 522.4 524.9 523.3 520.5 516.9 512 506.8 501.2 493.3 485.8 476.7 465 460.9 459.7 459.6 456.6 451.8 446.5 440.7 434.5 427.4 421.7 416.1 411.3 407 401.5 395.2 393.1 398.1 396.9 394.4 392.9 391 388.3 384.8 379.6 372.8 355.9 348.7 349.7 355.8 350 337.6 345.2
254.4 258 264.4 269.9 274.8 279.6 285.8 292.3 299.4 306.9 313.8 320.3 327.6 334.8 341 347 354.9 365 371.5 377.7 383.9 390.5 398.4 405.9 412.7 419.8 427.6 438.3 450.2 464.6 480.2 498.7 512.1 519.7 523.5 524.1 522.6 520.5 517.7 514 509.7 503.6 494.1 484.1 472.9 455.9 449.5 448.1 450 449.5 446.3 441.5 436.7 431.1 425.1 419.8 414.8 410.5 406.4 402.2 398 392 388.3 390.1 390.1 389 387.6 385.6 381.7 366 356.9 372.8 369.2 357 340.5 348 351.6 352.9
258.2 260.8 267.5 272.2 276.9 282.4 289.4 295.8 302.2 310 317.4 324.3 330.6 336.8 343.2 351.9 363 371 376 381.2 386.5 392.6 401 407.5 414.9 422.7 431.5 442.8 453.6 469.5 488.4 504.4 515.3 519.2 522.5 522.6 521.3 519.8 517.7 514.7 510.4 505.7 493.9 482.4 472.5 453.9 441.4 435.8 437.5 438.4 437.5 435.4 430.8 426.5 422 417.2 412.9 408.5 405.2 401.3 397.6 392.9 388.6 380.5 386 383.6 384.1 370.7 375.5 382.6 381.3 378.3 374.3 370 366.5 364.3 362.2 362.5
259 262.7 268.1 273.8 279.2 285.5 291.7 298.2 304.7 312.4 320.7 327.1 333.3 339.8 347.6 358.7 371 375.7 379.8 383.9 389.7 395.7 402.7 411.5 418.7 428.3 437.5 449.7 460.6 479.5 496.5 508.1 514.9 517.4 520 520.3 519.3 518.4 516.7 514.6 511.8 505.7 492.7 480.6 470.9 453.1 441.9 432.5 427.3 426.8 427 426.1 424.4 421.6 417.6 414.1 409.9 406.6 402.7 399.3 395.7 392.3 388.5 384.6 378.3 375.6 378.1 386.7 386.7 386.2 385.3 384.1 381.8 379.3 377.3 375.1 373.5 374.2
259.8 264.3 269.2 275.7 281.9 287.8 294 300.5 307.1 316.7 323.8 330.4 336.7 344.4 354.3 368.1 376 379.6 383 387.9 393.3 399.8 406.4 415.8 426 435.8 446.2 456.4 471.6 488.2 501 508.9 514.3 516.9 517.9 517.6 516.8 515.7 514.2 512.6 509.9 501.2 490 479.6 469.6 455.8 442.7 432.2 424.6 416.6 415.8 417 416.2 414.9 412.4 409.6 407.4 404.3 401 397.7 393.7 390 387.3 383.6 378.4 380.8 386.4 388.4 389.4 389.5 390.3 390.3 388.9 387.4 386.8 386.2 385.6 385
261.2 265.1 270.6 277.3 283.8 289.5 295.7 303.1 311.4 318.5 325.7 332.6 340.8 350.3 362.3 372.8 378.8 382.1 386.6 391.9 398.4 404.4 412.8 422 431.9 442.2 452 464.3 481.3 494.6 503.2 507.9 511 514.6 514.5 513.4 512.9 510.7 509.7 508.4 503.2 495.3 487.7 477.9 468.8 458.3 444.7 433.6 424.6 416.1 408.5 405.6 406.4 407.1 405.9 406.1 405 402.1 398.9 395.9 391.8 388.3 385.5 381.4 377.9 380.4 385.6 388.7 391.4 393.3 394.5 395.6 395.8 395.4 395.4 395.3 394.5 393.5
261.6 266.4 271.4 277.9 284.3 290.6 297.8 306.7 314.5 321.1 327.6 335.5 346.5 354.1 366.1 375.2 380.2 384.7 390.9 396.6 402.6 409.5 419.4 428.6 438.4 448 458.2 472.2 487.7 497.8 502.7 506.2 507.1 510.7 511.5 509.8 508.2 505.2 503.4 500.9 495.8 489.8 483.7 476.1 466.3 456.6 446.8 435.2 426.1 417.7 410 400.7 398.7 400.2 401.4 402.1 402 400.8 397.1 393.3 390.5 388.2 385.2 382.6 378.5 376.6 383.8 387.7 391.4 395.9 399.4 401.2 401.9 402.8 403.1 402.9 402 399.9
261.1 267 271.9 278.3 285.3 292.9 301 310.2 316.8 323.7 331 340.1 350 359.3 369.3 376 381.4 387.5 394.5 401.1 406.1 414 424.7 434.8 443.9 452.9 465.2 479.2 492 498.1 501.5 502.6 504.3 506.3 506.5 505.4 502.6 499.9 497 493 488.4 483.4 478.4 471.6 462 453.6 445.4 435.8 426.4 417.1 409.9 404.6 398.3 394 397.6 398.4 398.5 397.4 394.6 393.4 389.5 388 385 382.5 378.3 375.1 381.1 388.4 393.3 399.1 403.1 405.9 407.4 408.5 409.5 408 406.6 405.1
264.4 267.5 272.5 278.7 286.3 294.7 303.3 311.6 318.8 325.6 334 344.4 353.3 361.5 370 376.3 384.9 392.8 402.1 405.5 410.3 418.6 431 439.9 448 457.8 471.6 484.1 492.6 497 498.4 500.5 500.7 501.5 501.9 499.8 494.6 492.1 488.9 485.4 480.8 476.4 471.4 465.2 457.8 450.3 443 434.3 425.9 417 409.7 404.9 399.4 391.3 391.8 396 395.6 395 392.5 391.2 389.5 388.2 385.5 382.3 378.1 374.4 380.6 389 395.5 401.4 406 409.4 411.8 413.8 413.5 413.2 411.2 408.2
269.5 271.1 272.7 279.2 287.3 295.9 304.2 313.1 320.3 328 338.3 349.4 355 362.5 370.8 381.2 392.3 403.3 408.5 410.7 415.1 424.7 438.3 444.3 452.6 462.8 475.7 485.8 490.9 493.4 494.6 495.6 498.2 498.4 498.1 494.4 490.6 486.9 482.8 478.3 473.7 469.1 466.4 460.9 453.5 446.3 439.6 431.8 423.3 416 409.2 402.9 397.6 390.6 386.5 391.3 392.3 392.3 392.8 391.5 390.6 388.8 386.8 383.1 378.7 373.6 381.4 390.4 397.5 404.7 409.2 412.5 415.2 416.1 416.3 415.5 414 411.6
273.7 274.1 274.2 279.6 286.9 295.4 304.7 313.1 321.3 331.9 341.5 348.7 355 362.7 373 387.2 400.7 408.6 412.7 416.6 420.5 435.2 445.6 451.3 458.4 466.6 476.1 482.1 486.2 488.5 492 492.7 495.8 496.1 494.7 491.5 487.7 483.2 478.7 472.9 466.3 461.6 459.4 454.8 448.6 441.8 435.1 428.3 420.6 413.8 406.7 399.4 393.7 388 382.6 383.3 386.8 389.4 391.1 392.2 391.8 390.2 387.4 382.8 377.1 372.8 381.1 390.8 399.8 408.1 413.1 416.1 417.8 417.6 417.5 416.7 415.4 413.8
278.4 278.8 278.9 277.8 285.8 294.4 304.8 314 323.7 333.2 341.1 348.4 355 363.9 377 394.2 404.9 411 417.7 421.4 429.6 442.1 449.5 457.1 463.6 468.7 474.3 479 481.5 485 487.4 489.6 492.9 493.8 492.4 488.7 484.7 479.6 473.8 467.3 460.2 454.6 451.3 447.1 442 438.1 431.5 424.7 417.6 411.5 404.3 395.2 389.3 384.4 380.1 379.5 382.1 387.4 390.2 392.1 391.6 389.4 386.3 381.2 372.9 371.5 382.5 392.3 401.4 410.1 416.2 419.8 419.6 417.9 417.5 416.4 415.4 414.7
283.1 283.6 284.6 284.7 285 294.9 305.3 317.5 328.3 333.3 339.7 349.7 357.1 366.6 381.1 396.5 407.5 414.3 420.1 426.8 435.7 446 454.4 462.5 466.7 470.6 473.1 475.8 477.6 481.8 484.1 488.2 490.8 491.7 489.4 485.6 481.4 476.1 469.2 462.5 455 450.2 445.1 439.6 436.1 433.1 428.3 422 414.7 408.4 401 394.9 387.9 382.9 377.9 375.9 380.2 384.7 388.8 389.9 389.3 386.6 383.7 377.9 368.6 376.7 387.4 396.3 403.7 412.5 418.2 420.2 419.2 417.4 415.3 413.9 413.8 414.4
287.9 288.9 290.3 291 290.9 285.7 307 320.7 329.8 335.1 342.8 351.5 359.4 370.5 386.3 396.2 407.4 415.4 425.1 432.7 440.5 452 461.7 467.2 467.8 468.9 470.6 472.4 474.2 477.3 481 485.6 488.9 489.7 485.9 481.6 477.5 471.5 465.3 459.1 451.9 445.3 438.7 433.4 430.2 427.6 423.4 417.6 411.3 404.9 399.6 393.2 387.3 381.8 378.6 373.4 373.7 379.6 383.9 385.9 385.6 383.4 378.1 369.8 369 382.1 392.9 401.1 408.8 415 418.4 418.8 416.8 414.2 412.2 411.1 411.2 412.5
294.1 296.9 297.7 299.2 301.7 297.7 299.9 317.3 329.8 338.3 347.7 354.2 362.4 375.2 386.5 395.6 406.8 417.9 429.5 439.2 448.5 458.4 465.3 467.7 466.6 466.2 466.2 468.5 471 474.1 477.9 482.7 485.5 485.1 481.7 477.5 472.9 467.4 461.8 455.7 449.2 442.7 435 430.2 425.4 422.9 418.1 412.7 407 401.6 394.9 389.8 383.7 378.6 375.7 373.6 369.5 372.7 377.4 380.6 380.6 379.4 374.6 364.9 372.5 385.2 396.3 403.9 410.8 415.5 416.7 415.7 412.8 409.3 407.2 406.5 407.5 408.8
301.4 303.3 305.2 306.3 310.7 309.2 309.4 310.4 329.1 338.2 346.5 354.5 366.7 377.2 385.7 396.3 409.2 421.8 434.2 444.2 454.3 460.3 464.5 464.7 463.8 462.2 461.5 464.3 467.8 470.7 474.9 478 479.5 478.8 476 472.8 468 464 458.7 451.7 445.4 440.3 434.3 428.1 423.7 418.6 412.9 407.3 400.4 394.2 389.2 386 383.9 380 379.6 378.6 372.8 366.7 367.9 373.7 375.6 375.3 373 363.1 371.4 385.3 396.5 404.9 411.4 415.5 413.7 410.9 407.6 402.9 400.6 399.4 402.1 404.4
307.8 310.9 312.9 313.9 316.5 318.7 318.3 312.3 321.1 333.5 342.4 351.8 366.9 376.9 385.3 398.3 412.2 425.1 436.7 445.9 453.2 457.9 460.5 459.8 457.6 455.7 456.9 459.9 463.5 467.1 470.7 472.9 473.7 472.9 470.6 467.2 463.4 459.8 454.2 447.4 441.7 436.6 431.8 426.6 421.9 417.4 412.2 406.9 400.2 396.9 394.1 395.4 394.8 394.1 392.2 388.1 381.7 374.5 364.1 363.8 370.2 372.7 371.2 361.7 370.7 385 395.6 403.4 409.1 410.3 408.5 405.1 400.6 395.4 389 391 395.9 398.8
316.1 318.1 319.1 320.3 322.6 325.9 327.8 328.2 313.5 325 338.6 349.5 364 373 387.8 400.8 413.1 427.1 437.2 444 449.2 452.2 453.6 451.4 449.4 449.9 452.4 456.5 460.8 463.7 465.9 467.6 467.8 466.9 464.6 461.2 457 453.4 448.7 443.1 437.6 433 428.4 424.5 420.6 416.3 411.9 406.9 404.6 405.1 405.4 405.9 404.2 402.8 399.6 394.6 388 380.5 372.6 361.7 363.2 369.7 369.8 362.8 370.5 384.1 393.9 401.6 404.8 404.8 402.2 398.4 393.8 387.9 375.9 381.7 389.9 394.3
321.8 322.9 324.4 326.5 329.5 332.2 334.5 335.5 333.3 328.9 329.4 345.3 356.9 368 379.9 398.3 411.7 424.2 433.3 437.3 441.1 443.4 440.9 440.3 442.9 446 449.9 453.8 457.9 460.8 462.8 462.9 462.9 461.4 458.7 454.8 451.1 447.5 443.3 437.7 432.9 429.1 425.2 421.6 418.3 415.5 413 411.6 412.9 413.9 414.9 414.9 413.5 410.9 406.5 400.5 393.5 385.6 377.4 368.2 358.7 365.5 367.5 360.5 368 381.7 391.6 398.5 401.1 399.6 396.1 391.7 386.7 378.3 366.7 375.6 384.2 391
327.2 328.3 330.7 332 334.9 337.1 340.4 344.2 345 344.7 327.9 337.5 350 361.3 375.4 393.3 407.4 418.7 426.5 429.1 432.2 433.3 432.7 434.3 439.9 444.5 448.3 452.1 455.8 459.2 460.6 459.8 458.2 455.6 452.7 449.3 445.9 442.1 437.6 432.2 428.8 425.5 421.8 419.4 417.5 415.8 415.2 417.5 419.7 421.8 422.9 422.4 421 418.1 412 405.9 399.3 390.9 382.2 373.6 363 357.5 361.3 355.7 366.3 377.6 387.7 394.5 395.7 393.3 389.1 384.5 378.8 371.2 359 370.9 379.3 385.4
332.9 335.6 336.4 337.6 340.3 342.7 347.4 350.5 351.6 351.8 353.8 337.4 339.5 354.7 367.2 383.6 397.7 408 413.2 417 420.5 421.8 424.1 431.6 438.3 443.1 447.4 451.7 455.2 457.6 457 455.5 453.2 449.9 447.3 444.4 441.4 438 433.4 428.7 425.6 422.5 419.9 419.7 419.2 417.2 418.2 421.9 426.4 428.7 429.4 428.8 426.9 423.5 418.1 411.9 403.7 396.2 387.7 379.5 368.9 359 353 351.1 359 370.7 378.7 385.3 387.4 385.9 382.1 377 371.9 364.4 355.4 366.3 373.8 378.1
340.9 343.4 344.6 346.5 347.3 349.6 352.1 355.2 357.3 362.7 361.4 351.5 340.7 347.6 361.5 376.3 387.5 395.2 400.8 403.7 406.5 412.3 424.5 430.9 436.4 441.7 446.4 450.9 455 456.3 453.8 451 447.8 446 443 439.9 436.6 433.6 429.7 426.4 423.2 420.2 420.1 419.6 418.9 418.9 421.4 426.5 430.9 432.3 432.8 431.6 430.7 427.8 422.9 417.3 410.6 402.9 395.4 387.7 380.4 373.9 368.5 361.7 347.7 360.5 368.1 373.5 376.6 377.4 374.2 369.1 363.8 356.3 349.6 358.9 366.9 369.9
351.5 354.4 354.9 355 355.1 356.3 358.7 360.4 364.8 366.4 364.2 360.9 354.6 345.8 355.3 367.9 377.8 384 390 397.2 408.7 416.9 424.3 429.7 435.1 440.4 445.4 450.2 453.9 453.8 450.8 447.2 444.5 442.3 439.3 435.7 432.4 429.7 426.8 424.1 423.1 421.5 420.2 419.1 418.3 419.3 424.1 429.5 432.5 434.2 435.2 435 433.9 430.3 427.3 422.4 416.7 410.1 403.4 396.4 389.8 384.7 377.8 368.8 357 346.9 353.7 361.5 363.9 365.1 361.8 357.9 353.4 347.3 343.9 351.1 356.5 360.6
359.8 361.5 363.4 362.1 362.7 365.6 366.4 369 370.4 369.4 368.1 368.1 365.8 358.3 356.6 366.5 376.3 383.1 392.2 401.7 410.2 417.3 423.8 428.9 434 439.2 444.6 449.4 450.9 449.4 446.1 442.8 440.7 438.5 435.5 432.5 429.1 427.6 425.4 423.7 422.7 421.4 418.2 417.2 416.4 418.2 424.2 428.9 432.1 434.4 435.9 436.3 434.7 432.5 429 427.1 422.1 416.9 411.4 405.2 398.9 392.2 385.6 377.5 368.1 355 343.9 345.1 348.5 350.4 350.1 348.4 345.6 341.8 339 343 347.8 351.4
368.5 371.3 370.9 371.1 373.7 376.3 378.1 377.5 376.8 375.8 375.1 376.7 374.8 369.5 357.2 370.5 380.4 387.2 394.4 402.2 410.2 417.5 423.8 428.8 433.3 437.6 443 445.5 445.3 442.5 440.2 438.4 436.8 434.1 432.1 430 428.1 426.1 424.9 423.8 422.1 420.3 418 415.5 413.9 416 421.1 426.6 430.8 433.9 436.1 436 434.6 432.8 430.8 428.4 425.5 421.9 417.4 412.6 407 400.3 391.7 383.3 374.6 365 354.1 340.8 339.1 337.3 339.8 339.9 338 335.6 334.9 336.6 339.5 342.1
376.8 378.5 380.1 381.9 386.3 389.3 387 384.2 385.1 387.5 391.8 390.3 384.4 376.3 365.2 372.1 382.7 391.1 396 400.6 410.7 418.8 424.4 428.5 432.2 436.4 438.7 439.5 438.8 437.3 434.9 434.7 433.6 431.2 429.2 428.6 426.9 425.1 424.1 423 421.9 420.6 418.3 416.8 413.7 411.9 420.6 425.2 429.1 431.9 433.6 434 433.2 432 430.3 428.6 426.8 423.8 422.7 420.2 417.2 411.5 403.2 392.7 380.8 371.6 361.8 352.8 344.9 340.2 333.3 332.9 331.6 331.8 331.2 330.6 332.9 333.7
383.3 386.2 389.4 395.1 399.3 398.6 394.3 393.6 397.8 402.4 400.5 395.5 389.7 382 373.1 368.7 383.9 391 395.1 402.2 411.4 419.5 424 427.3 430.3 432.5 432.5 432.7 433.9 432.5 430.5 430.6 429.9 428.4 427.7 426.2 425.6 425.2 425.2 424 423.3 422 420 418.7 415.4 409.2 416.1 421.3 425.4 428.7 430.2 431 430.6 429.9 428.3 427.1 428.3 426 426.9 424.3 421.4 415.9 407.4 395.3 383.7 373.2 363.3 355 347.7 342.3 338.1 333.7 328.4 327.9 328.1 326.8 327.9 328
389.8 394.6 401.1 407.4 408.5 404.7 404.8 404.7 408 409 406.9 400.5 393.4 385.4 378 369.1 382.3 387 387 398.8 407.1 414.7 418.8 416.5 418.9 420.8 423.2 424.5 427.9 429 429.1 429.4 430.8 431.4 429.8 428 428.1 428.1 427.9 426.9 425.7 424.6 423.3 420.1 417.5 412.1 408.1 416.5 421.3 424.7 426.2 427 427.4 427.1 426 426.1 427.2 427.4 427.1 424.7 421.3 415.3 406.8 395 382.8 370.7 361.8 353.1 347 342.2 339.4 337.1 334.6 332 324.9 322.8 322.3 322.5
397.7 404.5 412.4 414.5 413.1 414 417 416.4 417.8 417.1 411.2 404.6 395.6 386.4 380.4 375.3 379.9 386.1 390.1 396.6 406.6 412.3 419.9 424.6 429 432.2 433.4 431.3 433.6 434.6 435.7 435.8 435.2 434.5 432.7 431.5 431.8 431.4 430.8 430.3 428.9 427.3 425.1 422.5 419.2 414.5 404.7 411 417.1 420.6 422.9 423.7 423.9 424 424.3 425.7 428 429.9 429.5 427.3 423.6 416.3 405 394 377.4 364.2 356.4 350.1 344.5 341 338.4 336.9 334.1 330.2 323.7 322.4 317.7 316.7
408.4 415 417.5 419.4 421.9 427.5 428.2 429 427.5 422.4 416.4 409.8 397.2 388.3 382.4 378.9 381.7 390 396.2 403.6 412.5 421.1 426.7 431.5 435.3 437.9 438.2 438.4 438.6 439 440 440.7 439.6 438.4 436.1 434.7 435.2 434.3 433.4 432.2 430.7 428.7 426.4 423 419.1 414.7 407.1 401 411.2 415.8 418.7 419.9 420.5 420.8 421.6 424.3 427.2 429.7 430.8 427.8 424.9 417.4 403.4 384.2 364.7 354.8 349.9 346.4 341.9 338.9 336.5 331.5 328.6 327.9 325.6 326.8 327.7 324.6
414.8 418.9 422.2 427 433.4 437.6 437.7 437.3 432.9 426.9 420.9 413.1 398.5 389.3 384.5 385 386.8 392.3 400.3 408.9 420.2 428.9 435.1 439.1 441.5 443.2 442.9 442.8 443.2 443.1 444 444.5 442.3 440.9 439.5 437.6 436.6 435.5 433.7 432.8 431.5 429.8 427.6 424.5 419.9 415.4 409.7 399.2 404.4 410.6 414.5 415 415.8 416.7 417.5 420.2 423.2 425.6 424.1 423.7 418.1 403.5 385.3 367 350.4 346.4 341.8 338 337 334.8 332.9 334 336.2 337.3 337.7 337.8 335.2 332.8
