public/OST50/NJ50.asc
ncols 200
nrows 200
xllcorner 350000
yllcorner 800000
cellsize 50
[rows 140 to 174 of 200, columns 78 to 155 of 200]
183.2 175.7 169 163.7 160.3 157.1 153.9 150.7 148.1 146.4 145.1 143.4 142.1 140.7 139.3 138.7 138.4 138.5 139.2 139.4 139.5 139.7 143.3 140.8 141 141.2 141.7 142.2 142.6 142.9 143.1 143 144.4 145.4 147 147.3 146.6 144.8 142.6 140 137.8 135.9 133 129.2 126.7 126.1 126 126.1 126.5 128.1 133.2 138.6 142.9 145.6 145.7 145.3 145.1 145.3 144.8 144.7 144.6 143.9 144.9 145.3 143.4 141.4 141.1 138.1 137.7 138.2 138.9 140.3 143.8 148.4 154.2 163.1 169.5 176.1
184.6 176.9 170.5 164.6 160.4 157.1 153.3 150 147.2 145.8 144.4 143.2 141.9 140.6 139.4 138.5 138.4 139.1 141 141 140.1 139.4 140.3 140.3 140.4 140.9 141.3 141.6 142.1 143.1 143.2 142.6 144.5 145.4 145.4 145.1 144 142.9 140.6 137.5 135.8 134.4 131.2 128 126.2 125.9 125.7 126.5 126.8 127 131.4 136.2 140.4 143.2 142.5 141.7 142.8 142.8 142.1 141.9 142 141.2 142.6 142.8 143.4 141.3 140.2 138.5 137.8 137.1 137.9 138.8 141.1 149.2 157.8 165.4 172.8 181.4
185.4 176.8 170 164.7 160.9 157 153.3 150 147 145.2 144.2 142.9 141.5 140.5 139.2 138.5 139.5 141.5 144.3 145 143.7 143.1 141.2 140.4 140.7 141 142.1 142.5 143.4 143.7 143.4 142.7 142.6 143.3 142.4 141.5 139.7 138.1 136.9 133.9 132.4 131 128.7 127.2 126.6 125.9 125.6 125.4 125.8 126.4 129 133.9 138 138.3 137.3 136.7 138.4 138.6 138 137.7 137.5 137.7 138.7 140.3 140.9 140.3 139 137.8 137.8 137.5 137.2 138 141.6 149.7 159.8 168.2 175.5 183.3
186.6 178.6 171.4 165.7 161.3 157.9 154.1 150.1 147.3 144.9 143.5 142 141.2 140.1 139 138.3 139.7 142.5 145.6 147.3 147.1 145.7 143.4 141.1 140.4 141.3 142.7 144.3 145.1 145.4 145.7 144.7 143.6 142.5 141.3 139.5 137.2 135.1 132.6 130.4 129.2 129.1 128.4 127.5 126.8 126.1 125.7 125.9 125.8 125.8 126.8 130.4 133.5 133 132.7 132.4 132.9 135.7 135.3 134.5 134.6 135 135.4 136.9 138.3 138.9 138.6 137.8 137.9 137.4 137 137.5 143 151.4 161.5 170.8 178.2 185.2
190.7 181 174 168.1 162.8 158.2 154 150.6 148.4 146 143.6 142.1 140.8 139.8 138.6 137.8 139.7 142.5 145.4 147.3 147.4 147.3 146 143.3 140.8 140.1 141.5 143.7 145.2 145.8 145.6 145.1 144.2 142.9 141.8 139.7 137.7 134.6 131.7 129.6 128.2 128.1 128.5 127.6 126.7 126.2 125.9 126.1 125.8 126.2 127 127.6 127.9 128.1 128.1 129.6 131.3 134.3 134.6 133.7 133.4 133.8 134.2 135.4 137.7 139.2 140.1 138.6 136.7 136.6 135.9 138.5 146.5 155.9 164 171.9 178.6 185
196 185.6 177.9 171 165.5 159.9 155.3 152.2 149.4 147.3 143.8 141.7 140.3 139.4 138.1 136.8 139.4 141.6 144.1 145.8 146.1 146 145.9 144 142.8 140.8 140.8 143.4 144.3 145 145.2 145.1 144.5 143.4 142.1 139.7 137.3 134.9 132.5 129.9 128.1 128.1 129.3 129 127.3 126.2 125.8 126.3 125.2 125.9 126.8 127 127 127.2 127.6 128.4 130.6 134.2 133.4 132.6 132.6 133 133.5 134.3 137.3 138.9 141.3 140.7 136.7 135.3 137.1 141.5 149.9 158.5 165.8 171.7 178 183.5
202 193 183.2 175.1 168.5 162.2 157.1 153.5 150.2 147.2 143.8 141.9 141 138.7 137.9 136.3 138.3 140.3 142.2 143.4 144.2 144.1 143.6 143.6 142.9 141.6 140.7 142.1 143.5 144.2 144.7 144.8 144 143.1 141.5 139.3 137.2 136.1 134.4 132.4 130 128.1 128.5 128 127 126.4 125.8 125.3 125.4 125.4 125.9 126.2 126.1 126.3 126.6 128.2 129.2 133.5 132.1 131.6 131.5 132 132.8 134.4 137.1 140.6 142 140.8 137 136.3 139.6 145 152.3 159.9 165.7 171.4 176.9 182.4
209.4 200.6 189.6 179.7 172.5 165.6 159.5 154.8 150.3 146.7 144.7 142.1 140 138.2 137.2 136.3 136.6 137.8 139.3 140.4 141.5 141.8 141.6 142.3 141.8 142 141.7 143 144.3 145.5 145.3 145.3 144.8 143.1 142 140 137.7 136.9 135.5 133.5 132.6 131.2 129.7 128.6 127.9 126.6 125.8 125.3 125.2 125.6 125.8 126.1 126.1 126.4 127.3 128.1 129.1 130.7 130.3 130.2 130.6 131.3 132 133 135.4 138 139.9 139.6 137 135 140.8 147.7 153.7 159.1 165.4 170.9 176.1 181.6
215.5 206.7 197 188.5 178.9 166.5 163.2 156.1 152.5 147.9 144.4 141.7 139.2 138 137 136.7 135.1 135.2 136.5 137.3 138.3 138.8 139 140 140.6 142.2 143.7 144.9 146.5 148 147.8 147.4 146.7 145.2 143.5 141.8 139.8 138.8 138.2 137.7 136.1 135.1 133.3 131.9 130.7 128 126.3 125.6 125.8 125.5 125.7 126 126.1 125.9 126.9 128.4 129 129.6 130 130.4 130.7 131.2 131.2 132.3 133.4 135.1 136.5 137.1 135.4 134.5 142.3 147.8 153.4 157.9 164 170.3 174.8 179.6
223.6 213.6 206.6 198.2 187.5 175.9 169.4 163 156.7 152.5 148.7 143.2 139.9 138.4 138.2 136.4 135.5 134.9 135.2 135.4 135.5 135.5 136.5 138 140.2 142.4 144.7 146.5 148.2 149.5 149.4 148.7 148.4 146.9 144.7 142.8 142.1 141.2 140.9 140.3 139.7 138.4 137 135.1 133.3 130.8 128.2 126.4 125.4 125.3 125.2 125.3 125.3 126.8 126.5 128.7 129.2 129.6 130.1 130.5 131 131.4 132.1 131.3 132.5 132.8 133.7 133.6 133.2 135 142.5 147.3 152.3 157.3 164.2 170.1 174.6 180.1
228.6 219.8 213.8 207.9 197.4 186.3 177.1 169.2 162.6 157.8 153.6 148.1 143.9 140.7 137.5 135.8 135 133.9 131.6 131.5 133.9 132.7 133.9 136.4 138.2 140.7 143.8 145.7 147.7 149.1 150.6 149.3 149.2 147.4 146.4 144.5 143 142.5 141.4 140.7 140.1 139.2 138.1 136.8 135.1 133.1 130.1 127.8 126.3 125.3 125.2 125.1 125 126.5 127 128.9 129.4 129.7 130.1 130.6 131 131 131.8 131 131.5 132.3 132.3 132.4 136 139 144.8 149.1 155.7 160 165.3 170.7 177.2 182.6
233.3 225.2 219.3 215.6 206.4 195 186.9 177.8 169.5 163.4 159.1 153.6 149.3 145.1 141.5 138.6 135.6 133.8 133.6 133 132.9 132.3 132.5 133.1 134.3 136.5 139 141.9 144.2 145.8 147.8 146.8 146 145 144.3 143.4 142.7 141.8 140.9 140.4 139.7 139.2 138.8 137.4 136.3 134.5 132 128.6 127.3 126.1 125.5 125.3 125.7 126.1 128 129.4 129.5 129.8 130.1 130.6 131 130.6 131.5 131.2 131.4 131.7 132.1 133.8 139.7 142.9 146.1 151.2 156.7 162.5 168.4 176 181.4 186.9
238.2 227.9 220.7 213.4 205.5 196.5 188.7 180.5 173.9 168.3 162.7 157.9 153.6 149.4 145.5 142 139.1 136.5 134.1 134 133 132.3 132.3 132.2 131.9 132.3 132.6 137.5 139.6 141 141.7 140.7 139.9 140.7 140.2 139.1 138.9 138.5 137.8 138 137.4 137.1 136.6 135.2 134.7 133.1 131.7 129.9 128.2 127 125.5 125.4 125.6 127.5 128.5 129.2 129.5 129.9 130.2 130.5 130.8 130.5 130.7 131 131.6 132.3 134.1 139 144.4 148 149.8 155.3 162.7 168.9 174.6 179.4 184.8 190.5
242.6 231.9 221.2 211.5 203.2 194 186.8 180.7 173.9 168 162.3 157.9 153.7 150.5 146.8 143.9 141.7 139.1 137 134.6 132.9 132.3 132.4 131.7 131.3 131.1 132.8 133.9 135.2 136.1 136.5 136.1 134.2 135.2 134.7 133.5 132.7 133 133.1 133.9 134.3 134.4 134.3 133.7 132.5 131.1 130.6 130.2 128.3 128.3 126 125.6 125.4 127.7 128.1 128.6 129.5 129.5 130 130.3 130.8 131.1 130.9 131.9 133.3 135.3 137.7 143.8 149.3 154.1 156.9 162.7 169.5 174.4 179.8 185.3 190.5 194.3
245.5 234.1 223.2 212.8 203.3 193.8 186.3 180.2 173.6 167.8 162.2 156.8 152.3 147.6 145.1 142.7 141.8 140.2 138 136 134.5 133.1 132.9 131.4 131.1 131.1 131 131.4 132.5 132.9 133.2 132.1 131 130.9 131.8 130.5 129.7 129.4 130 131.8 133.2 133.5 133.1 132 131.1 129.3 128.7 128.2 128.1 128.4 127.2 125.3 127 128.2 127.7 127.8 128.8 129 129.6 130.1 130.6 131 131.8 133.8 135.8 137.4 140.1 146.6 153.6 159 163.2 168.9 173.5 178.1 183.9 189 191.9 194.3
248.5 234.8 223.8 213.6 204.9 195.9 187.4 179.5 174.7 170.3 164.4 160.2 153.2 149.4 145.7 142.4 140.5 140 138.3 136.9 135 133.7 131.8 131.4 131.1 131.1 131.2 131.1 130.7 130.7 130.9 130.9 130.5 130 129.4 129.2 128.9 128.7 128.8 130.1 130.3 131.3 129.8 128.8 128.5 128 127.9 127.8 127.7 127.2 126.6 125.8 126.2 126.9 127.5 127.3 127.9 128.2 128.8 129.1 129.9 131 131.7 134.2 136.6 139 142.2 148.5 155.4 161.4 166.5 171.5 175.1 179.3 185.6 189.4 191.8 194.2
250.7 237.2 229.8 226 217.2 205.6 196 186.8 180 174.7 168.3 163.1 157.7 153 148 144.7 141.1 139 138.1 136.8 135.2 133.7 132.2 132 131.8 131.8 131.4 131.2 130.9 130.5 130.6 130.8 129.8 129.2 128.8 129 128.8 128.3 127.9 127.6 127.6 127.6 127.3 127.1 126.7 126.2 126 125.9 125.8 125.4 125.3 125.5 126 126.3 126.5 127.2 127.3 127.3 128.1 128.8 129.4 130.4 131.7 131.6 135.8 139.9 144 149.9 156.2 162.3 165.1 171.3 172.5 178 184.2 187.7 189.5 190.9
255.6 249.6 243.9 239.1 229.5 218.5 208 197.4 187.6 181.5 174.7 169 164.2 159.8 157.6 152.8 148.3 143.6 141 139 137.2 135.9 134.7 134.4 133.7 132.7 131.8 131.3 130.9 130.4 130.1 130 129.5 129.1 128.9 129 129.1 128.5 127.4 126.6 126.5 126.4 126.3 126 125.9 125.8 125.6 125.5 125.4 125.3 125.3 125.5 126 126.5 126.6 126.5 126.8 127 127.6 128.6 129.7 130.9 131.7 131.6 134.5 139.6 143.5 147.8 152.4 155.9 159.2 165.3 169.9 175 179.8 182.6 182.6 184.1
264.7 258.7 251.4 246.6 238.2 227.7 216 205.7 197.4 188.4 183 178.7 174.1 169 163.9 160.4 156.9 153.2 148.5 146.2 144 141.3 136.9 136.6 136.1 134.9 133.3 132.2 131.2 130.8 130.4 128.6 129.6 129.1 129 129.1 129.1 128.9 128.5 127.1 126.4 126.2 126.1 125.9 126.4 125.7 125.6 125.4 125.5 125.6 125.2 125.6 126 126.4 126.6 126.5 126.4 126.6 127.6 128.8 130.4 130.9 132.1 132.5 136.2 139 141.4 144.7 146.5 149.7 154.4 159.8 164.6 170.1 173.7 173.3 175.3 176.5
270 265.3 257.7 249.3 240.6 231.2 221.7 211.3 201.4 194 188.8 183.6 178.6 173.2 169.7 166.4 162.8 158.9 155.2 150.2 147.1 143.9 139.7 138.1 137 135.3 133.6 132.7 131.9 131 130.4 130.4 129.4 130.6 128.9 128.9 128.5 128.5 128.4 127.4 126.8 126.6 126.3 126.2 125.8 125.6 125.6 125.5 125.9 125.6 125.2 125.7 126 126.1 126.2 126.4 126.4 126.8 127.7 129.4 130.7 131.8 132.7 134.5 136.9 138.4 139.7 140.3 141.8 145.3 149.6 154.2 157.3 161.1 161.4 163.1 163.7 163.3
280.5 272.3 263.2 254.3 244.9 234.9 224.4 215.1 205.1 197.7 190.4 185.3 179.6 175.5 171.6 168.7 165.4 161.7 157.5 153.3 149.2 146.1 143.6 139.8 138 136.1 134.1 132.7 131.9 131.9 131.8 131.4 130.4 128.4 129.1 128.6 128.3 127.8 127.5 128.5 128 127.3 126.9 126.6 126.1 126.2 125.3 125.9 126 125.6 125.5 125.8 125.6 126.4 126.9 126.7 126.4 127.3 127.9 130.2 131.2 132 133.2 134.6 136.4 137.5 137.6 138.3 138.9 141 145.7 147.8 151.3 153.2 151.7 153.5 154.2 151.1
288 278.4 267 256.8 248.4 240.4 229.7 218.8 207.7 200.3 192.1 185.3 181 176.4 172.7 169.5 167.1 163.9 159.9 155.9 151.8 148.2 145.4 142.6 139.6 137.4 135.3 133.7 132.3 131.7 131.4 131.5 130.9 129.6 128.5 128.9 128.3 127.9 127.2 126.8 127.4 127.8 127.6 127.4 126.4 125.9 125.5 125.9 126 125.9 125.6 125.4 125.2 126 126.4 126.5 126.4 127.2 128.4 130.8 132.2 132.4 132.6 132.9 134.8 135.2 136.6 136.8 137 139.6 142.5 142.9 145 145.7 145.1 147.5 148.4 149.8
297.9 286.6 272.2 260 251.3 241.9 231.7 221.7 212.2 202.5 194.6 187.7 182.8 177.6 173 169.9 167.3 164.7 161.3 157.9 154.6 151.2 148.6 145.5 143.2 140.1 138 136.2 135 133.2 131.8 130.8 130.8 130.1 129.4 131.3 127.9 127.9 126.9 126.8 127 127.2 127.4 127 126.7 125.5 125.9 125.6 125.5 125.8 125.5 125.6 125.3 125.8 125.9 125.9 126.2 127.3 128.2 131.3 132.3 133.1 134.1 134.9 135.3 134.9 135.6 136.1 136.3 136.9 138.8 141.3 142 142.4 143.6 144.5 147.6 149.7
304.7 293.2 281.8 267.2 255.4 243.5 233.6 222.8 212.4 202.8 194.2 187.7 182.6 178 173.6 170.2 167.4 165.3 161.8 159.3 156 153.5 150.6 148.2 146.3 144.4 142.2 140.3 138.3 136.3 134.3 133.2 131.8 130.4 130 129.5 129.7 127.5 127.7 127.6 126.8 126.5 126.9 126.6 126.8 125.3 125.7 125.5 125.3 125.7 125.4 125.9 125.5 125.3 125.5 126.1 126.6 127.4 129.9 131 132 132.8 133.7 135.1 135.9 135.4 135.5 136.2 136.9 136.6 137.2 138.5 140.3 143.9 146.5 150 151.2 154.1
307.9 298.9 284.4 270 255.9 244.5 232.7 222.9 211.6 201.7 193.3 186.8 182.3 177.7 173.8 170.9 168 165.8 163 160.2 157.8 155.5 153.2 150.9 150 148.1 146.7 143.8 142.8 141.4 139.7 138.5 136.8 135.7 134.1 132.7 132.2 130.5 130.5 128.5 127.7 127.2 127.4 126.7 125.8 125.3 125.4 126.4 126.4 126.7 126.3 126.2 125.6 125.4 125.3 126.2 127 127.7 129.5 130.6 131.8 132.6 133.8 135.3 136.1 134.8 135.1 135.6 136.6 136.4 137 138.2 142.4 146.1 149.9 152.8 154.3 156.9
307.5 299 281.3 266.2 253.1 241.7 230.5 222 211.6 202.5 194 187 181.9 177.2 173.7 171 168.5 166.5 164.2 161.8 158.5 157.3 155.2 154.7 153 151.5 150.1 147.8 146.3 144.9 143.1 142.2 140.5 139.4 137.7 136.4 134.7 134 132.5 130.5 128.8 128.1 127.3 126.7 126 125.4 125.5 126.8 126.4 126.5 126.6 126.5 126.1 126.2 126.3 126.6 127.2 128.1 130.1 130.3 131.7 133.3 135 136.1 136.7 136.5 135.7 135.9 136.7 136.5 136.9 138.9 144.6 148 151.8 154.7 157.1 161
299 290.5 275.4 259.7 247.1 236.6 226.9 219 208.9 200.7 193.3 187.4 182 177.4 173.4 170.6 168.3 166.7 165.9 164 162.3 159.7 158.6 157.7 158 154.1 153 151.2 149.5 148.1 146.1 145.5 144 142.7 141.8 140 137.9 136.4 135.5 133.3 131.7 130.3 130 127.8 126.6 126.1 126.3 126.7 126.8 126.9 126.9 126.9 126.9 126.6 126.8 127.1 127.7 129.2 131.1 131.1 132 133.5 135 135.8 136.1 135.8 135.5 135.7 136.3 136.2 136.8 140.7 145.7 149.5 154.1 157.2 160.1 164.8
290.7 277.3 262.7 249.8 239.2 232.2 223.1 213.8 204.5 197.2 191.7 186.5 181.8 177.8 174.3 171.8 169.6 169.2 169.2 169 167.8 165.1 163.1 162.1 160.2 159 157.7 155 153.9 151.7 150.3 150.3 147.5 146.4 145.5 143.7 142.4 140.2 138.3 137.9 136 133.3 132.4 130.2 129.8 128.3 127 127.5 127.4 127.3 127.2 127.3 127.3 127.5 127.3 127.5 128.3 131.6 130.9 131.9 133.4 135.2 136.8 137.2 137 135.7 135.7 135.7 135.7 136.4 138.9 143.4 148.4 152.8 156.2 158.8 162.1 167
282.2 266.4 254.3 243.5 234.1 226.6 219.7 211.1 203.8 196.9 190.9 186.2 182.2 178.7 175.6 172.8 171.5 172.2 173 174.9 173.2 170.8 169.1 167.8 165.6 164 163.1 161.6 159.5 157.4 154.6 154.1 151.6 150.8 150 149.9 147 144.7 143.1 141.6 139.6 137.9 136.9 133.9 131 131.7 129.3 129.4 129.4 128.2 127.6 127.9 127.7 127.5 129.7 128.1 131.6 134.4 135.3 135.1 136.4 137.6 138.8 139.4 139 137.5 136.5 136.5 136.4 137.3 140.5 144.4 147.4 152.2 157.2 160 163.9 167.9
272.7 258.4 248.6 238.8 229.5 223.8 218.4 210.5 203.1 197.2 192.1 187.6 184.4 181.1 178.8 176.5 176 175.9 174.9 175.7 174.9 173.5 172.6 172.4 170.2 168.4 165.6 163.4 163.3 162.4 160.9 159.6 157.5 156.3 154.7 154.1 153.1 151.7 149.4 147 144.4 143.4 142.5 140.4 137.2 135.5 133.8 131.2 131 130.8 129.6 129.2 129 128 125.7 132.6 131.9 132.9 137.1 137.9 138.7 139.5 139.4 139.9 141.6 138.6 137 137 136.2 139.3 142.1 145.3 149 153.1 158.3 162.5 165.7 171.7
261.4 251.9 243.3 234.2 226.6 220.8 213.8 208.5 202.3 198.8 194.6 190.7 187.8 185.3 182.6 180.8 180.6 181.2 178.6 177.5 176.1 175.4 175.2 175 173.4 171.8 169.8 168.2 167 166.2 164.5 163.6 161.7 160.8 160.1 159.1 157.5 155.7 153.8 152.6 150.7 149.5 147.5 145.8 143.9 141.3 138.5 136.8 135.3 134.2 133.4 132.6 131.9 130.7 128.4 132.5 132.3 133.6 135.7 137 137.9 138.5 138.1 138.4 137 137 137.9 139.8 140.5 143.3 145.3 148.5 150.1 155.8 160.1 164.2 168.7 175.4
252.5 245.7 237.8 230.9 223.9 217.1 211.8 208.4 204.5 201.4 198.4 195.9 193.8 190 188 185.6 184.5 184.1 184.9 183.7 180.3 178.5 177.4 176.4 174.9 173.7 171.9 171.8 169.9 167.6 165.6 164.5 162.7 162.5 161.5 161.2 157.7 158.1 157 155.7 154.3 153.1 151.5 149.9 148.7 146.7 143.8 142.3 139.9 138.2 137.2 135.6 134.4 133 130.1 130.1 133 134.5 137 137.3 137 136.6 137.1 138.7 140.6 141.7 142.9 144.9 148.5 151.2 153.6 154.8 157.6 161.2 164 168.3 174.2 179
244.5 238.5 234.7 227.3 221.6 217 214.7 212.3 210.3 208.8 208.5 205.2 203.9 202.3 199.5 196.1 191.5 192.6 192.2 190 185.9 184.2 180.8 178.9 176.7 175.1 173.1 172.2 169.8 168.3 166.3 164.7 163.8 161.9 161.3 159.4 158.1 158 156.5 155.8 154.6 152.9 152 151.6 150.9 148.9 147.2 145.3 143.2 142.8 141.1 139.5 136.7 134.3 131.5 130.2 135.4 137.5 138.5 139.1 138.2 138.3 141.2 143.9 146.6 148.2 150.6 152.1 154.2 156.4 158.7 159.9 163.9 168 169.4 174.5 178.8 183.9
236.9 231.5 227.9 225.2 222 221.1 219.2 219 223.6 224 223.2 220.2 216.5 214.9 211.4 205.5 200.9 198.4 194.3 191.6 189.2 186.2 183.4 181.2 178.9 175.7 174.5 172.9 171.3 169 166.8 165.1 163 161.3 160.8 158 156.7 155.5 154.4 155 152.9 151.8 150.4 149.8 150.6 149.3 147.4 145.7 143.1 142.1 140.6 139.2 137 133.1 129.3 132.3 138.5 139.7 141.4 142.3 143.1 145.2 149.9 151.4 154.1 157.7 160 158.4 161.1 160.1 161.7 162.4 166.9 170.7 174.8 178.7 182.6 186.8
230.6 228.3 226.6 227 227.4 227.6 230.8 236.2 237.6 237.9 236.6 233.8 229.8 227.5 221.7 214.8 208.8 203.9 198.8 194.7 190.8 187.3 184.2 180.7 178.5 176.7 173 171.1 169.1 167.4 165.7 163.2 160.5 158.4 155.3 154.2 151.3 150.4 150.1 149 148.5 148.7 148.6 147.9 147.2 146.6 145.8 144.9 143.7 141.2 139 137 134.6 129.9 129.5 139.4 140.7 141.3 142.9 144.6 149.2 152.7 157.5 161.3 163 165.9 168.5 167.4 167.3 168.5 166.8 167.3 171.6 173.1 176.6 181.6 185.2 189
