public/OST50/NJ50.asc
ncols 200
nrows 200
xllcorner 350000
yllcorner 800000
cellsize 50
[rows 0 to 34 of 200, columns 0 to 77 of 200]
432.6 424.4 416 404.4 397 389.2 386.5 385.6 384 383.5 383.2 382.4 379.9 377.1 371 364 355.7 347.1 338.5 329.9 322 313.6 310.3 305 302.1 298.6 302.9 306.9 311 313.7 312.6 311.4 310 307.9 306.2 304.5 303.2 302.4 302.4 304.6 306.2 307.2 309.5 312.4 317 323 326.7 328.1 329.5 330.3 329.3 327.1 324.1 323.3 322.7 323.4 327.3 330.8 334.1 337.2 340.2 342.6 345.5 347.1 348.5 350 351.2 351.8 352.9 352.5 349.6 345.5 340.2 333.1 324.5 316.5 311.6 309.5
439.8 430.5 421.1 409.7 402.1 393.1 390 388.1 386.6 385.4 385.8 384.7 381.7 378.3 375 369.2 359.9 351.6 342.7 333.4 325.4 317.9 310.4 306.3 302.9 300 304.5 308.3 313.8 316.6 316.3 315.8 314.6 311.8 309.7 307 304.9 303.1 301.9 302.8 303.6 304.5 305.9 308.3 311 314.4 317.4 318 320.8 321.5 321 319.1 317.8 317 316.9 317.7 321.3 323.5 325.8 329.1 331.7 335.2 338.9 341.3 342.2 343.2 344.7 346 347 347.1 346.1 343.6 338.8 333.9 324.9 317.8 313.6 309.7
444.7 434.5 424.8 413.4 405 397.3 394 391.6 388.2 385.8 385.6 384.3 382.1 378.1 374.5 370.1 362.2 353.3 344.6 335.3 328 316.9 312.5 306.1 303.4 301.6 304.3 309.4 315.4 319.1 319 318.2 315.6 312.7 310.4 308.5 305.5 303.8 302.3 301.9 302.1 302.1 303 304.2 305.7 307.5 309.2 309.6 313.1 314 313.7 312.4 311.4 310.7 310.3 311.6 313.8 315.4 317.7 320.3 323.9 326.3 329 331 332.4 333.5 335.1 337.3 338.3 339 339.4 338.9 336.1 330.2 321.6 316.6 311.8 306.5
449.7 438.8 428.4 416 406.5 402.3 397.3 391.6 387.3 384.7 382.5 380.7 377.4 373.4 369.5 364.5 358.5 350.7 341 334.2 325.2 319.3 311.8 306.5 304.9 303 303.6 309.8 316 320.9 321.9 322.4 318.8 315.1 312.6 309.9 306.9 304.3 302.5 301.1 300.6 300.5 300.4 300.4 300.8 302 303.3 305.3 306.3 307.3 306.9 306.3 305.1 304.7 303.1 303.7 305.3 306.9 308.7 311.1 313.5 315.7 318.3 321.1 322.3 323.6 325 327.5 329.3 330.1 330.4 329.3 328.5 323 317.9 312.3 306.9 300.9
452.2 442.8 432.2 419 407.4 400.8 396.9 390.8 386.7 383.8 380.1 375.3 370.1 365.1 358.7 353.6 348.7 342 334.3 327.2 320.5 317.6 310 308.3 306.1 304.6 304.7 309.8 315.3 321.2 323.6 324.9 322.4 318.2 314.4 311.6 307.6 305 302.4 300.5 299.6 299 298.2 298.3 298.6 299 299.5 300.4 301.4 302.3 301.8 300.4 299.2 298.4 298 298.9 299.4 300.3 301.1 302.5 304.4 305.9 309.8 312.4 314.1 314.9 314.8 316.4 318.4 319.3 319.9 320.2 318.7 314.5 309.9 304.8 298.6 292.1
455.5 448 433.9 419.4 409.2 400.2 394.1 389 385.4 380.8 374 365.6 358.3 353.3 347.8 343.5 339.6 334.5 328.8 321.5 317.1 314.2 311.6 309.9 307.9 307 306.8 309.7 314.1 319.6 323.8 326.6 324.7 319.9 315.6 311.9 308.3 305.4 302.9 300.3 298.6 297.5 295.8 296.2 296.4 296.7 297.2 297 296.9 297.3 296.9 295.8 294.8 294.2 294.1 294.2 294.6 295.4 296.3 297.1 298.5 300.9 304.1 304.9 306.2 307.5 308 308.8 309.4 309.5 309.4 309 307.2 304.1 300 294.1 287.6 281.4
461.2 448.2 437.8 425.7 415.7 405.2 396.6 389.8 382.9 373.2 364.4 355.3 349.4 345.4 343.5 338.9 336.6 332.3 328 323.9 319.3 315.9 313.8 312 310.6 309.7 309.1 309.2 313.3 318.6 322.3 324.7 324.2 320 316.6 311.9 308.9 306.2 303.4 300.7 298.4 296.5 295.3 294.7 294.7 294.5 294.7 294.2 293.8 293.3 293.1 292.3 291.6 290.9 290.4 289.9 290 290.6 291.1 292.7 293.7 295.7 297.7 298.4 298.7 300.3 300.8 300.2 299.9 299 297.4 296.8 294.5 292 287.3 282.1 277.3 272.1
463.3 449.2 438.4 429.9 419 409.7 401.8 393.8 388.3 382.6 374.2 369 360.4 353.4 349.3 345.3 342.8 338.5 332.8 328.1 324 318.7 316.2 314.2 313.1 312 311 310.3 314 318.4 320.5 321.8 321.1 318.2 315.4 311.9 309 306.3 304.3 301.5 298.7 296.5 295 294.1 293.4 293 292.3 291.7 290.9 290.5 290 289.3 288.9 288.2 287.3 287.1 286.2 286.1 287 288.5 289.3 289.8 291.4 292.2 292.8 292.8 293.2 292.4 291.3 289.3 288.7 287.9 286.5 283.6 279.5 277.1 274.8 270.9
469.4 454.6 439.5 431.7 423.3 414 405.8 399.4 393.9 388.2 384.6 374.3 366.8 361.1 357.6 355.4 349.4 343.3 337.9 332.8 328.2 322 318.2 315.5 314.6 313.2 312.1 312.3 314.8 318.9 321.2 321 320 317.7 314.4 311.4 308.8 306.2 304.9 302.6 299.4 297.3 295.2 294.1 293.3 292.7 291.9 290.4 289.1 288.1 286.8 285.9 285.7 285.2 283.8 283.9 283 282.8 282.7 283.7 284.5 285.1 286.2 286.5 286.5 286.7 286 285.2 283.2 282.4 281.7 282 279.9 279.2 276.4 273.8 271.2 268
476.4 460 444.4 440 430 419.7 413.8 406.6 400.8 397.5 392.6 387.6 382.4 379 371.4 365.2 359.3 351.8 344.3 338.6 333.4 328.4 322.8 318.5 316.2 314.3 313.5 313.5 316.5 320.5 322.8 321.5 319.3 316.8 313.3 311.4 308.5 307 304.4 302 299.7 297.7 295.5 294.4 293.3 292.5 291.4 289.8 288.5 287 285.6 283.8 283.1 282.2 280 279.5 279.5 279.2 279.4 279.3 279.4 279.5 279.9 279.9 279.5 279.1 277.7 277.6 277.8 277.6 277.7 277 275.9 273.4 272 270 268.3 266.5
486.2 470.1 451.2 443.4 435.4 428.7 422.4 414.8 408.9 404.9 401 396.9 392.2 388.1 381.9 376.3 368.7 360 353.8 349.1 341.8 334.2 329.4 324.8 319 316.1 315.1 314.7 317.6 321.7 322.6 320.8 318.2 316.1 312.9 310.3 308.1 305.9 303.2 301 298.9 297.1 295.2 294 293.2 291.7 290.4 289.2 287.2 286.3 284.7 283.4 281.6 279.5 277.4 276.1 277.6 276.1 275.4 275.6 274.5 274.4 273.3 272.7 273.2 273 272.6 273.2 274 273.7 273.4 272.2 272.1 269.9 268.3 266.7 265.1 263.4
495.6 481.1 460.6 443.6 437.4 433.2 426.8 419.9 413.9 410.6 407.8 403.4 399.3 395.2 389.7 381.4 373.6 366.2 359.8 353.2 346.7 340.9 334.9 330.1 325.2 319.1 316.9 316.8 318.1 322.8 323.1 321.3 318.4 316 312.2 308.7 306.4 303.9 301.8 299.8 297.9 296.2 294.9 294.6 293.7 292 290.4 288 286.1 284.9 283.6 281.4 280 278.6 276.3 275.6 273.8 273.5 272.8 271.6 271.5 271.1 270.6 269.9 268.5 268.3 267.7 268 270.2 268.9 268.4 267.5 268.3 266.7 265.3 263.9 261.5 260.1
506.6 494.1 474.3 456 441.8 438.9 431.7 424.9 418.8 414 412.7 408.7 403.3 400.1 394.8 387.2 379.6 371.4 362.9 356.9 349.9 342.7 338.3 333.6 329.2 323.1 319.3 318.5 320.1 324.5 325.1 322.9 319.6 316.7 312.5 308.4 305.1 303 300.9 299 297.4 295.9 295.5 295.6 294.6 293.3 291.4 288.7 287.6 286.6 282.1 282.5 280.5 279.3 278.6 277 275.3 274.4 273.8 273.4 272.8 272.2 272 271.2 270 268.9 268.7 267 265.2 265.3 264.3 263.4 263.3 261.5 261.1 260.6 259.5 259
517.6 506.5 489.4 467.6 454.9 445.6 435.7 430.9 423.2 418.9 415.4 412.7 406.5 401.2 395.8 389.3 382 374.4 366.8 360.1 352.3 345.3 339.9 335.7 332 327.1 322.1 322.5 326.4 328.8 328.1 326 321.4 317.2 312.6 309.2 305.8 302.4 299.3 296.5 296.8 297 297 296.3 294.9 293.6 291.3 290.6 288.5 286.9 284.3 284.2 282.6 280.8 278.7 277.1 275.9 275.1 274.8 274.5 274.1 273.6 273 272.3 271.5 270.6 269.6 268.5 266.9 265.5 264.4 262.9 262.3 261.3 261.2 260.9 260.3 260.5
526.8 516.8 501.4 482.8 464.4 450.1 439.1 434.3 427.3 422.2 416.9 413.1 407.8 400.9 395.2 389.8 379.8 373.6 367.9 361 352.4 346 340.6 336.5 332.9 328.1 326.9 327.9 331.7 333.7 331.8 328.6 324.3 318.5 313.8 308.9 304.4 302 299.1 298 298.1 298.4 298 296.5 295.1 293.6 293.7 293 289.4 285.2 286 284.9 283.4 281.2 278.7 276.7 276.4 275.5 275.1 274.9 274.7 274.3 273.4 272.4 271.5 270.8 269.7 268.5 265.8 264.8 264.9 264.6 263.7 262.5 262.7 262 261.4 261.1
532.6 522.4 509.2 494.4 476.4 461.3 445 437.1 431.1 423.7 417.6 412 406.7 400.1 392.7 385.6 379.6 373.1 366.5 361.5 352.8 345.3 339.9 336.2 334.7 333.3 332.7 334.3 336.9 337.8 335.8 332 326.8 320.7 316.4 310.6 304.4 302.7 299.9 299.9 300.2 299.8 298.6 297.3 296.3 294.4 294.7 293.9 290.2 285.9 286.8 285.9 284.6 280.9 279.5 278 277.1 276.1 275.6 275.3 275.2 274.5 273.6 272.8 271.9 271 269.7 267.8 266.6 266.8 266.8 266.4 265.6 264.8 263.7 262.9 262.3 262
536.4 528.6 513.1 498.8 482.9 463.2 451.3 441.6 432.9 425.2 415.7 410.8 405.5 398.2 390.1 383.3 378.8 373.3 364.7 360.1 350.8 345.1 341.4 339.3 339.1 339 338.6 339.4 341.8 342.6 339.6 335 329.2 323.2 317.3 312.5 308.6 305.4 302.7 301.8 301.3 301.7 300.1 298.9 298.2 295.9 295.6 292.9 293 288.1 286.7 285.4 282.9 281.4 279.7 279 277.8 276.7 276.2 276.1 275.8 275.1 274.3 273.4 272.5 271 269.6 267.6 268.5 268.8 268.4 267.8 267 266.3 265.4 264.9 264.2 264
531.7 528.9 515.3 499.5 486.2 468.1 456.4 442 434.3 425.7 419.1 412.2 404.6 398.1 391.3 384 376.4 366.7 360.9 356.4 351.9 347.9 344.1 342.8 343.1 344.5 344.8 345.4 347 346 342.5 337.7 331.6 325.4 319.9 314.6 312.5 310.5 307.8 306.9 305 303.8 302.8 301.7 300.5 297.5 295.7 294.7 293.9 289.1 287.6 285.6 283.6 282.3 280.9 279.6 278.7 277.5 277.2 277 276.6 275.8 275 274.1 273.2 271 268.6 268.5 270.9 270.4 270.2 269.7 269.4 268.6 267.9 267.4 266.8 266.2
523.8 522.3 513.2 499.2 485.9 471.4 459.7 447.2 437.9 428.5 420.6 412.6 405 398.7 391.8 384.2 376.2 369.9 365.9 361.2 356 350.7 346.8 345.6 346.6 347.9 348.5 349.6 350.5 348.3 345.4 339.7 333.4 327.8 323.5 319.4 316.6 315.3 312.8 311.3 307.7 305.7 304.7 304 302.4 298.8 296.7 296.3 294.2 290.9 288.3 286.2 284.7 283.3 282 281.2 280.7 279.9 279.4 278.8 277.8 276.6 275.6 275 273.4 268.8 270.9 272.3 272.5 272.1 271.8 271.5 271.4 271.2 270.4 269.8 269.1 268
514.6 513.6 508.1 497.9 482.9 472.7 461.5 450.6 441.3 430.8 421.3 413.8 406.1 400.4 395.5 388.9 382.9 377.3 370.5 362 358.9 354.9 351.2 349.3 350 351.3 352.6 353.8 353.4 350.9 346.9 340.4 334.3 329.6 326.2 323.4 321.6 319.5 317.3 313.2 310.1 307.8 307.2 306.5 304.5 301.5 297.9 297.1 294.8 292.9 289.3 287 285.6 284.2 283.5 283.7 283 282.6 281.8 281.3 280.3 279.2 278.5 277.2 274.9 271.2 274.3 274.6 274.3 273.7 273.7 275.1 275.9 275.6 274.2 272.5 270.8 269.3
505.2 503.3 501 492.5 479.7 470.6 461.8 453.2 444.4 433.3 423 415.7 409.4 403.5 400.1 395.4 389.6 382.6 375.7 368.8 363.2 359 356.3 354.2 354.7 356.1 357.1 357.8 357.6 351.6 348.8 343.8 338.9 335.6 333 330.6 328.3 325.1 321.5 316.9 313.4 311.5 309.6 308.6 306.7 303.7 299.4 296.4 297.2 295 290.6 288.3 286.5 285.4 286.2 286.4 286.7 287.1 286.2 285.9 283.8 284.5 282.9 280.5 278.9 277.5 276.5 276.5 276.9 276 277 278.2 278.2 278.2 277.1 275.5 272.9 271.3
494.2 493.5 491.4 482.9 477 467.5 460.1 452.8 444.4 435.2 427 420.6 413.9 408.8 406.5 402.1 395 386.2 379.9 374.9 369.7 363.3 361 358.9 359.1 361 362.4 363.2 363.1 360.7 354 349.6 346.1 342.9 341.2 338.1 334.1 330.2 326.3 321.6 317.5 314.1 312.3 311.2 309.1 306.2 300.2 300 299.5 297 292.7 290 287.6 287.2 288.5 289.3 290.8 291.5 291.6 291.3 291.2 289.4 289.3 288.6 286.6 282.2 280.3 279.3 279.8 280.7 282.2 281.5 280.8 280.2 279.3 277.4 274.9 272.7
482.7 482.9 480.3 475.3 470 463.9 457.1 450 444.2 435.5 427.4 423.4 418.2 413.4 412.9 408.6 400.7 390.7 385.1 380.7 375.4 370.5 366 364.5 365.4 367.3 368.6 369.4 369.9 368.3 362.9 356.9 353.9 351.6 348.7 345.3 340.8 335.8 331.4 326.7 321.7 317.7 315.1 313.8 311.4 308.8 301.5 304.1 301.3 298.5 294.6 292 290.6 290.9 291.7 293.1 295.5 296.5 298.2 300.6 301.5 300.8 298.9 294.8 289.8 286 284 282.6 282 283 284.4 285.2 284.5 283 281.6 279.3 276.7 273.9
473.2 473.5 471.4 466.9 463.1 457.6 451.1 445.8 441 434.9 429 423.6 419 417.1 416.8 414 407.5 396.9 390.7 386.8 381.5 377 373.4 371.5 371.2 373.1 375.3 376.4 376.9 375.5 370.1 363.7 360.4 357.9 355.5 351.4 346.5 340.3 335.9 330.5 326.5 322.3 318.2 316.2 314.7 310.1 308.4 307.5 303.7 300.3 298.2 296 295.4 295.6 296.5 298.3 301.7 306 309 312.5 310.6 307.9 304.5 298.6 293.2 290.5 288 286.1 285.6 285.8 286.3 286.7 285.8 284.4 282.5 280.2 277.9 275.6
464.1 464.3 462.1 459.1 455.5 450.1 445.6 441.2 438.5 434 429.4 424.3 422.5 420.1 419 417.2 412.1 400.5 396.9 392.7 388.2 383.5 381.6 378.8 380.4 380.8 382.2 383.3 383 381.9 377.3 370.8 365.9 364 361.7 357 351.7 346.1 339.8 334.6 331.3 328.7 323.4 319.9 318.1 313.6 314.3 312.5 309.2 306.1 304.3 304.1 304.8 307 308.2 310.1 312 316.7 320.8 320 316.3 312.1 307.3 299.8 298.4 296 295.3 293.5 292.1 291.2 290.1 288.7 287.1 285.6 283.6 281.7 279.3 277.7
456.5 456.1 454.5 453.2 450.8 445.5 440.4 435.6 433.8 431.2 427.7 424.7 422.4 420.9 420.2 418.1 413.3 408.8 404 399 395.1 393 390.1 388.6 387.8 388 389 389.6 388.1 385.7 381 375.1 371 368.1 365.1 360.4 355.5 350.3 344 340.5 337 333.1 327.6 325.3 322.4 321.3 320.6 318.3 314.8 313.3 314.7 315.4 315.2 315.9 317.1 317.4 321.4 325.2 327.5 325.1 319.2 314.9 311.1 304.5 305.8 306.3 305.7 304.4 301.5 299.2 295.7 292.3 289.4 287.3 285.4 283.3 281.9 282.6
448.7 448 447 447 444.8 441.5 437.8 432.8 430.8 427.7 423.9 421.1 420.4 419 419.2 418.5 417.5 414.3 411.8 407.7 401.8 399.7 396.2 394.1 392.7 392.7 394.2 394.6 392 387 380.9 376.3 373 369.9 366.7 362.9 357.9 352.5 348.3 344.1 341.6 336.1 331.7 327.8 322 326.7 326.9 326.3 324.8 323.6 321.8 323 322.8 323.4 324.3 325.6 328.3 330.6 330.5 326.3 321.3 317.7 313.9 312 314.2 316.2 316.2 314.4 311.8 305.8 300.9 296.7 293.5 289.5 286.9 284.9 285.1 286.5
438.5 439.1 439.2 439.7 438.7 436 434.1 430.1 426.4 422.7 420.4 418 416.5 415.8 416.8 418.1 419.6 419.3 418.3 415.3 410.1 403.9 401.7 401.2 398.8 397.3 398.4 398 393.7 387.3 380.9 376.4 372.4 369.4 367.4 364.5 359.6 355.2 351.4 346.8 343 337.6 335.6 332.5 325.7 331.7 332.6 332.5 331.7 331.5 331.2 330.4 330.9 331.6 331.3 332.6 332.5 332.1 330.1 325.1 322.5 319.3 316.9 319.1 321.1 322.5 322.2 320 316.8 311.7 306.6 301.7 296.3 291.9 288.3 286.9 286.9 288.4
427.6 429.6 431.4 432.9 432 430.6 428.7 425.1 420.9 419.4 416.4 412.9 411.5 411.4 413.7 417 419.9 422.3 422.8 421.2 416.6 410.5 407.7 404.5 403.4 403 401.2 400.4 395.1 388.6 381.7 374.8 371 368.6 365.7 363.8 359.6 355.7 351 347.3 343 339.8 337.7 335.6 333.3 334.4 337.5 336.9 338 337.6 337.7 337.9 338.3 339.1 335.8 334.9 333.5 331.3 327.5 324.2 322.6 321.1 320.9 323.1 324.7 326.1 326.2 324.3 320.5 315.9 310.3 305.2 299.4 294.5 290.8 289.6 288.7 289.6
428.6 420.2 421.3 424.4 425.3 425 422.7 419.8 416.8 414.3 411.4 408.8 406.4 407.4 410.5 414.9 419.1 422.3 426.5 427.3 422.7 415.7 412.4 408.9 407.2 404.8 403.6 402.5 397.9 390.3 381.1 372.3 369.1 366.7 363.4 361.3 358.1 353.5 350.2 346.6 342.5 340.5 337.1 335.6 335.9 335.9 338 338.4 338.9 340 340.7 341.8 340.9 339.9 336.7 334.2 331.1 328.4 325.5 323.7 321.8 320.2 323.6 324.9 327.5 330.1 330.2 328.1 325 320.7 314.8 309.7 303.5 297.6 294.7 292.8 291.6 291.8
424.2 413.2 412.6 416.1 417.2 417.3 414.5 413.9 411.8 409.3 406.1 403.5 402.5 403.9 406.8 411.9 416.9 421.6 427.1 429.3 425.3 419.5 415.8 410.9 407.8 405.3 403.7 402.7 396.8 388.8 378.3 371.6 364.9 362.4 358.7 356.5 354.3 350.5 347.8 344.7 340.8 341.1 337.2 338.1 336.8 337.1 337.2 337.5 338.9 340.9 342 340.6 339.2 337.3 334.4 330.7 327.5 325.7 324.4 322.9 321.2 322.4 324 326.2 328.5 332.3 333.8 332.9 330.2 326.4 321.2 314.2 308.4 302.8 298.6 296.2 294.7 295
420.6 414.8 403.9 407.8 408.6 408.3 408.7 407.3 406 403 400.4 399.3 398.7 400.1 402.4 407.3 413.5 418.9 424.9 428.2 426.5 420.5 415 409.4 405.8 403 401.1 397.9 391.8 386.8 379.6 369.1 362.6 356.9 353.7 351.5 348.7 346.5 344.5 340.5 340.9 337.2 337 337.2 336.5 335.9 335.4 335.6 337.1 338.2 339.4 338.3 336.6 334.5 330.7 327.8 325.7 324.4 323.2 321.7 321.2 322.5 323.8 326.2 329.8 334.5 337.2 338.3 335.5 330.9 326.1 319.6 312.8 307.1 302.9 299.7 297.9 298.7
415.1 411 404.1 399.7 401.8 402.3 401.2 400.4 398.5 396.6 395.4 394.3 394.2 395.2 397.8 402.5 409.4 415.3 420 423.1 421.4 415.3 410.2 404.9 400.7 397.6 394.7 390.9 387.1 381.9 375.3 364.8 357.9 352.6 350.4 347.2 344.7 342.2 341.2 338.1 336.6 335.6 335.3 334.5 333.7 332.6 332.4 333.1 334.8 336.6 337.8 336.7 335.4 331.9 329.4 326.9 324.9 323.4 322.1 320.6 320.5 321.8 323.2 326.2 331.8 336.3 339.3 341.3 339.2 334.6 330.5 325.1 319.3 312.4 307.6 303.7 303.1 303.8
412.1 408.2 402.5 392 395 395.8 394.9 393.6 392.1 391.4 390.3 389.7 389.5 390.6 392.2 396.2 404.1 410.9 415.8 415.6 413 406.9 404.6 398.6 393.9 391 387.9 384.5 380.6 375.5 368 358.8 353.7 349 345.8 342.7 340.6 338.5 335.6 334.6 333.7 333 331.8 330.9 330.1 329.7 329.9 330.6 332.5 335.8 337 336.4 334.4 332.1 329.6 326.4 324.1 322.5 320.8 320 319.9 321 322.7 327.2 332.5 336.9 339.7 341.9 341.3 337.5 333.7 329.2 324.2 318.6 314.2 311.3 310.5 310.7
410.2 406.4 397.7 391.8 387.8 389.3 388.3 387.6 385.7 386.3 385.3 384.7 384.7 385.6 387.9 391 397.8 405.6 408.3 406.7 402.6 398.3 395.1 390.7 385.3 382.8 377 373.9 370.2 367.2 359.2 354.2 350.2 346.7 343.3 340.3 337 333.6 331.2 330.1 329.6 329.6 328.3 327.4 327.8 327.7 328.2 329.3 332.4 336 337.3 336.5 334.8 332.9 329.7 326.3 323.4 321.4 319.8 318.8 319.2 320.3 321.8 325.9 331.1 335.5 339.3 342.5 342.4 341 337.4 332.4 328 324 320.7 318.4 317.2 317.2
