public/OST50/NJ50.asc
ncols 200
nrows 200
xllcorner 350000
yllcorner 800000
cellsize 50
[rows 140 to 174 of 200, columns 0 to 77 of 200]
142 139.6 137.1 135.9 135.2 134.8 134.4 134.5 134.5 134.5 134.6 134.6 134.4 134.3 134.5 135.1 133.8 133.6 133.4 133.2 133.5 133.9 134.8 138.4 146.8 152.3 156.8 159.8 162.2 165.2 168.5 172.7 177.7 180.5 182.6 184.9 186.8 189.7 193.2 196.9 199.8 203.8 205.9 210.2 214.9 215.4 213.9 218.4 222.1 229.5 235 239.7 249.2 256.3 266.6 271 275.5 278.1 280.5 282.9 282.7 284.4 284.6 281.1 277.1 272 266.4 261 252.5 247.1 239.3 231.4 224.1 218.5 211 203.8 195.7 189.3
142.8 141.5 139.8 137.4 136.7 135 134.6 134.3 134.3 134.3 134.2 134.6 134.6 134.4 134.3 134.5 134.2 133.7 133.3 133 133.4 133.8 134.8 140.4 148.9 152.2 155.9 162.3 163.6 164.2 169.7 173.4 176 178.2 180.2 182.6 184.5 187.1 190.1 193.1 194.9 196.8 199 200.8 205.8 208.3 205.9 206.6 216.1 224.8 231.5 237.6 244.1 249.9 258.1 264.8 268.4 272.6 277.9 279.4 280.2 281.6 282.8 282.6 278.5 274.8 271.4 267.7 262 256.1 248.5 240.1 234 226.7 217.3 207.9 198.7 190.9
143.5 142 140.9 139.2 136.9 135.7 135.1 134.5 134.3 134.2 134.1 133.9 133.5 134.2 133.8 134.3 134.1 133.1 133.2 133.4 133.6 134.1 135.6 141.9 149.4 152.9 157.1 163.2 166.1 165.6 168.9 172.6 174.6 176.5 178.2 180 181.6 184.4 186.5 189.4 192.3 193.4 194.8 197.5 198.5 200.5 200.4 202.4 211.8 221 228.5 234.5 241.4 245.4 250.7 258.5 261.5 267.5 273.1 276.6 278.5 280.3 281.1 282.2 282 282 276.8 275.9 273.1 268.1 260.1 251.5 242.5 234.2 221.7 211.8 201.8 192
144.4 143 141.4 141.2 139.3 137 135.7 134.7 134.7 134.3 134 133.7 133.4 133.5 132.7 134 134.1 134.5 133.7 133.8 134 134.3 135.1 141.4 148 151.5 156.2 162.7 166.7 165 165.8 171.1 173.1 174.3 176 177.7 179.5 180.7 183.9 187.2 189 191.2 192.3 194.4 195.7 195.8 194.6 197.6 208 217.5 224.3 230.9 235.6 241 243.8 250.3 256.7 262.4 266.9 271.2 275.3 277.7 280.6 282.9 285.9 286.6 286.4 285.8 282.5 277.1 270.6 260.7 250.7 241.6 229.4 218.2 206 195.2
145.1 143.9 142.6 142.3 141.2 139.9 139.1 137.5 136.3 134.1 134.5 133.8 133.6 133.5 133.3 133.6 134 134.2 134.3 133.9 134.3 134.6 136.1 139.1 145.4 149.9 154.3 159.8 166 163.1 162.2 167.7 169.7 171.9 174 175.3 176.1 178.2 180.4 183.5 186.5 188.1 190.6 191.1 192.5 192.5 192.5 196.7 203 210.7 217.8 226.3 232.4 237.6 240 243.4 248.4 255.8 262.5 267.1 271.4 274.5 280.1 283.2 287.8 289.3 290.3 291.8 288.6 284.3 279.4 269.8 259 248.9 237 224.9 211.5 201.5
145.4 144.4 144 143.6 143.7 141.6 140.5 140.9 139.5 137.5 135.9 134.7 134 133.7 133.6 133.3 133.7 134 134.7 134.4 134.7 135.3 137.2 138.5 142 148.8 152.7 156 158.4 159.5 161.7 164.8 165.8 167.2 169.7 170.6 172.2 173.8 176.1 179.6 182.6 185.4 186.9 187.1 188 188.1 189.7 194.9 200 206.5 213 220.6 227.7 231.3 234.7 237.3 242.4 247.5 256.3 262.6 266.8 272.4 277.2 282.5 287.6 293 298.1 300.1 299.7 295.4 288.4 278.1 265.8 256.9 244.5 231.4 217.4 206.6
146.7 144.8 144.7 144.4 145.1 144.6 142.9 142.2 142.2 140.8 138.4 137.7 136.2 135.2 133.9 133.8 133.9 134.3 134.7 135 134.7 136.1 137.2 138.2 139.4 144.5 149.4 153.6 154 154 157.7 161.9 163.9 164.7 166.1 168 169.1 171.3 174.1 176.5 178.7 180.7 183 184.2 183.9 184.8 186.5 192.5 196.4 201.8 208.5 215.2 221.6 227.5 230.8 232.9 236.3 243.9 250.6 257.1 264.7 270.8 275.7 282.6 289.6 297.5 304 306.9 306.8 303.6 296 286 273.7 262.1 250.6 238.3 224.6 212.2
146.7 146.1 145.3 145.7 145.8 145.3 145 143.4 143.1 142.4 140.3 139.2 138.3 136.7 135 135.5 134.1 134.2 134.4 135 135.5 136.4 137.2 137.6 138.7 139.7 143.4 146.3 148.6 150.9 152.1 156.1 159.7 161.4 163 164.3 167.7 168.3 171.8 173.9 175.9 178.5 179.8 180.6 183.1 183.3 184.2 189.9 194.5 197.3 202.4 208.2 215.5 222.9 227 231.1 234.6 237.7 245.6 253.3 262.8 269.9 277.6 284.5 293.7 302.3 310.3 313.8 312.7 308.7 300.8 291.8 280.3 269 256.1 244.8 232 221.2
146.5 145.9 145.6 145.6 144.8 145.3 145 144.9 143.5 143.2 142.2 141.4 140.2 139 137.7 136.6 135.8 134.2 135 134.8 134.8 135.6 136 136.4 138.3 141.7 147.2 150.9 153 154.7 154.6 154.4 157.3 161.5 163.5 166.1 167.7 169 171.3 172.5 174.8 176.7 178.4 181.2 181.8 182.5 183.3 188 192.4 196.1 200.1 202.4 206.8 213.5 219.5 226.8 231.8 234.6 245.4 255.4 263 271.2 279.4 288.7 296.5 304.9 313.3 318.3 321.2 318.8 313.3 302.3 288.4 273.8 264.2 251.6 239.7 227.7
145 144.7 144.6 144.7 144.6 144.7 143.8 143.6 143.5 142.9 142.3 142.1 141.2 140.6 139.4 138.5 137.5 137.2 136.7 136.2 136.1 134.9 136.7 138.3 139.9 143.8 148.7 152.5 156.3 158.5 158.3 159.1 158.8 162.9 165.5 167.9 169.6 171.2 173.2 174.5 176.6 178.6 181.2 182.6 182.7 183.3 184.1 187.1 191.2 195.9 200 203.1 206.1 208.2 215 221 231.4 235.5 245.6 255.5 263.7 272.6 282.4 292.7 301.6 310.8 318.6 326.9 329.6 327.5 321.1 311.6 298.5 283.7 270.9 257.6 246 233.6
144 144.1 143.7 143.5 143.6 144.4 143.8 143.5 143 142.7 142.7 142.4 141.6 141 140.3 139.3 138.4 138 137.8 137.6 136.8 135.4 135.7 139 140.7 146.6 150.2 155.6 160.3 162 162.1 162.4 160.1 165.3 167.5 169.3 171.5 172.9 174.5 175.8 177.9 180.3 182.5 184.8 184.9 185.3 185.7 188.4 192.3 197.3 201.6 204.2 206.1 209.2 211.7 217.7 230.8 236.1 244.6 256.8 265.8 275.7 286.2 296.6 305.6 315.1 326.4 335.7 337.7 335.4 328.2 317.9 305.4 291.4 278 264.6 252.1 240.4
143.7 143.6 143.5 143.4 143.3 143.6 143.8 143.5 143 142.5 142.5 143.1 141.5 141.2 140.9 140 139.1 138.7 138.9 138.7 138.5 136.6 134.4 138.6 143.5 147.2 151.3 156.4 160.6 162.1 162.4 161.9 161.5 164.7 166.5 169 170.4 173.1 174.8 176.9 180.3 182.9 185.3 187.7 188.1 187.8 188 191.3 194.8 199.2 202.8 205.2 206.7 209.7 212.1 218.4 228.8 232.7 242.9 256.9 267 277.4 288.5 300.4 310.9 320.2 332.2 341.7 346.8 342.5 334.2 323.5 310 295.5 281.5 270.5 258.4 246.6
143.8 143.1 143.5 143.3 143.3 143.3 143.3 143.4 142.9 142.7 142.7 143.1 142.1 141.8 141.4 140.5 139.7 139.8 140 139.9 139.8 138.1 135.8 136.9 143 147.4 152.4 156.8 158.4 159.7 160.9 159.4 159.7 162.3 165.5 166.8 168.7 172.7 175.9 179.2 182.5 185.4 188.1 190.7 191.8 191.8 191.1 193.7 196.8 200.3 202.9 206.3 208.8 212 213.7 216 225.6 231.7 241.4 254.3 267.9 279.1 291.7 303.2 313.6 323.8 334.3 344.6 350.7 348.3 340.5 330.5 317.3 303.1 287.5 274.3 263.1 250.2
143.8 144 143.6 143.2 143.4 143.4 143.4 143.6 143.4 143.4 144 143.9 143.1 142.8 142.4 141.6 141.9 141.6 141.3 141.2 140.6 139.1 135.6 135 141.5 147.5 153.9 156.4 156.9 157.4 158.5 157.3 157.9 160.4 163 166.1 169.6 174 178.3 182.1 184.4 186.1 189.8 192.8 193.5 194 196.1 196.5 198.7 201.1 204 207.3 210.8 214 216 213.6 226.3 231.9 240.5 253.4 267.6 279.5 291.7 303.2 314.1 325.4 336 347.1 352.7 352.9 346 335.7 323.6 311.1 295.1 279.6 266.8 254.4
146 145.4 145.3 144.1 144 143.9 143.7 143.5 143.7 143.8 144.6 144.4 143.9 142.3 142.8 142.9 142.9 143.7 142.9 143.5 142.4 141.8 138.4 134.6 143.9 149.3 151.1 152.8 154.5 155.2 155.4 155.4 154.4 156.6 161 165.2 170.8 175.8 180.5 182.9 185.4 187.3 190.5 193.2 193.4 196.1 199.2 201.8 203.8 205.3 206.9 209.9 213.3 215.3 214.1 218.1 224.2 230.8 239.8 254.5 267.3 279.5 291.1 301 312.8 325.4 337.4 348.5 353.9 353 346.5 336.1 325.3 312.9 298 282.5 269.1 256.8
148.1 148.3 148.5 148.2 145.4 145.2 144.4 144.3 144.6 144.7 145.1 144.9 144.8 144.5 144.4 144.1 144.3 144.7 144.2 144.2 144.1 144.2 143.4 139.1 137.6 145.5 147.5 151.4 152.2 153 153.4 153.5 151.9 155.3 159.8 165.1 170.7 175.4 178.9 183 185.4 188 191.2 192.8 195.4 199.1 204.4 207.2 208.2 208.7 210.4 213 214.7 215.5 216.5 216.8 225.3 232.3 241.9 253.4 265.2 279.2 288.5 300.2 311.1 324.7 336.2 346.6 348.4 347.2 342.4 334.7 325.8 313.7 298.8 284.6 271.3 258.8
148 149.6 150.8 151.4 149.1 148 145.4 145.4 145.7 145.9 146 146.1 146 145.6 145.4 145.4 145.6 145.7 145.4 145.8 146 146.7 146.3 145.5 140.2 136.9 137.8 143.7 150.3 151.5 151.2 150.6 151.1 155.3 159 164.4 168.5 173 178.4 182.8 185.9 189.1 191.2 193 197.2 199.9 203.5 205.9 208.1 210.4 212.4 213.4 214.8 215.8 214.4 216.4 224.4 231.1 240.9 252.5 262.3 274.6 286.9 298.2 311 324.3 336 342.8 343.6 341.2 337.9 330.4 324.6 311.6 298.6 284.3 270.8 260.4
146.8 147.6 148.7 149.4 148.3 147.3 145.2 143.9 144.2 144.6 145.1 145.4 144.9 145.4 145.3 145.3 145.7 145.9 146.9 147.2 147.3 147.8 147.9 147.6 147.1 136.6 134.4 134.9 149.1 152.3 151.8 148.2 150.9 153.1 158.6 161.8 164.8 170.4 176.9 181.6 186 188.7 190.6 194.2 196.8 199.7 201.2 204.5 207.2 210.4 211.7 212.4 214.1 215 211.2 219.6 224.4 231.4 237.6 246.8 258.5 270.3 281.8 293.4 306.2 321.3 333.5 338.8 339.4 338.8 334.2 326 317.9 307.4 296 282.2 271.1 261.7
142.4 143.7 144.4 144.5 143.8 143.1 143.8 141.3 140.9 141.5 142.4 142.1 141.9 141.9 142.2 142.4 143.1 143.9 144.5 145.3 145.6 146.2 146.8 147.1 147.1 144.2 138.1 133.2 144.4 150.5 149.8 145.7 148.8 153.3 157.6 160.6 164.6 170.7 176.4 181.3 184.8 188.8 191.8 195 198 199.9 202.6 204.9 206.3 211.5 213.1 213.7 214 214.6 208.5 220.1 225.9 230 231.8 243 253.4 266.1 277.5 289 303.9 318.7 332.6 338.7 340.1 341.5 338.7 331.5 323 311.9 300.5 286.9 277.1 268.9
138 138.7 139.6 138.8 137.8 139 138.6 137.3 137.2 137.4 138.2 137.9 137.6 137.6 137.6 138.7 139.2 140.1 140.9 141.9 142.7 142.4 142.3 143.4 143.7 139.7 137.4 135.3 141.9 149.3 147.8 145.3 148.5 153.4 157.3 161.9 166.1 171.5 176 182.9 185.9 189.4 193.2 196.9 199.1 199.8 202 203.4 206.5 209.9 213.6 213.4 213 213.1 209.4 219.3 224.4 225.2 228.9 239.8 249.7 260.2 272.9 286.4 300.1 316.8 332.3 339.3 344.2 346.7 343 337.7 327.7 318.7 307 293.5 287.1 276.8
134.5 134 134.3 134.3 133.8 135.4 134.7 133.6 133.4 134.1 134.5 134.2 133.5 133.2 133.3 134.3 135.8 136.8 138.1 138.3 139.3 138.6 138.4 138.3 137.5 136.5 135.3 132.1 143 145.3 142.3 145.3 147.4 157.7 161.8 164.8 168.6 174.9 179.1 183.7 187 190.6 193.7 196.3 198.8 200.1 201.8 204.4 207.3 208.1 210 211.5 210.8 212.8 209.3 221 221.4 226.9 230.6 234.8 245.7 257.9 270.2 284.7 300.4 317 333.3 342.5 350 352.9 348.2 341.8 333.8 324.5 315 303.7 298.5 287.5
133.4 133.3 133.5 133.3 133.4 133 133 133 132.9 132.9 133 132.8 132.7 132.7 133 133.2 133.6 134.1 135.7 135.2 135.2 135.2 135.3 135.5 135.1 134.7 134.9 135.9 141.1 141.6 145.5 148.7 158 162.7 165.9 168.7 173.6 177.2 181 184 187.7 190.8 193.9 196.3 198 200.4 201 204.8 206.7 207.7 209 209.7 209.4 212 207.6 216.7 219.6 226.1 230.2 231.3 243.6 255.1 268.2 284.2 300.8 318.2 335.1 346 355.6 361 361.2 353.1 349 342 331.9 318.7 308.3 298.6
133.5 133.6 133.4 133.4 133.8 133.2 132.7 132.7 132.7 132.9 132.9 132.9 132.8 132.6 132.9 133.3 133.3 133.9 133.9 134.5 134.3 134.2 135.4 133.5 131.6 137 140.2 142.2 145 150.6 155.8 160.2 163.6 167 170.4 173.4 176.7 179.4 182.1 184.7 188.4 191.4 194.3 196.3 198.6 199.5 203.2 205.6 206.5 206.5 207.4 207.8 209.5 210.9 206.4 217.5 219.5 223.2 229 228.7 242.7 254.1 267.9 284.9 301.2 319.7 335.3 350.7 362.6 370.3 368.6 367.9 362.8 358.9 346.2 333.8 325.6 310.4
133.6 133.3 133.6 133.3 133.4 133.1 132.8 132.5 132.9 133.1 132.4 133.2 132.9 132.7 132.7 133.3 133.3 134.7 134 133.4 132.3 132.2 132.4 133.1 135.5 141.1 146.2 149.5 154.6 159.2 163.2 165.6 168.3 171.1 173.5 176.4 178.7 180.6 182.2 185.2 188.9 192.6 195.5 197.7 198.3 200.1 202.9 205 205.7 205.9 206.2 206.7 208.8 210.2 205.9 209.4 217.3 222.8 225.6 228.4 242 254.6 268.9 285.8 304.3 320.9 336.7 352.7 364 373.6 378.4 378.5 370.5 361.4 351.9 340.7 329.5 316.5
136.3 135.4 134.4 134.7 134.3 133.5 133.5 134 133.4 133 133.5 133.4 133.1 132.7 132.6 133.3 133.4 134 134.1 132.7 132.3 130.7 136.5 137.9 139.4 145.6 153.5 157.6 161.6 165.5 167.8 170.1 172.2 173.4 176 178.3 181.1 182.5 182.2 186.5 190.7 193.4 197.2 197.3 201.9 205.7 206.8 206.2 206.6 206.8 207.5 207.2 209.2 210.8 213.4 205.5 216 225 222.3 229.8 243.7 255.3 268.4 286.6 305.6 321.6 337.9 353.3 363 371.6 376.5 377.4 373.4 364.3 355.2 342.9 331.1 319.3
140.6 138.4 136.6 136.4 136.5 135.5 134.6 134.9 134.6 134.1 135 134.7 133.9 133.6 133.1 133 132.5 133.3 133.8 131 131.9 137.4 142.3 139.3 138.9 147.9 158.2 161.4 165.6 168.7 171 172.8 174.6 176.5 178.8 181.8 184 185.6 185.6 186.5 192.6 193.7 195.7 202.5 210 211.5 208.4 208.5 208.8 207.4 207.5 208.7 209.4 209.9 213.5 205.6 214.5 224.5 221 229.7 242.6 254.8 268.3 286.9 305 320.1 335 349.1 361.1 371.3 377.1 376.5 368.9 359.6 350.6 338.5 327.7 315.4
142.4 141.9 139 139.1 138.7 138.8 137.8 136.4 136.1 137.5 137.4 135.4 135.4 135.2 135 133.3 132.8 133.4 132.8 130.3 135.2 140.3 143.1 137.6 149.5 156.9 162.4 165.9 168.5 171 173.9 175.6 177.5 179.5 181.6 183.2 185.3 186.6 183.4 189.6 192.8 192.6 199.3 209.1 214.1 214.6 213.5 212.2 210.8 209.5 208.7 208.4 208.9 209.3 212.6 204.9 211.3 222.5 219.3 229.5 239.3 250.2 266.7 285 302.1 317.2 330.3 341.2 354.6 364.7 368.8 364.9 359.8 351.9 343.7 333.3 322.1 309.6
142.7 141.7 141.8 139.8 140.2 141.8 140.5 139.4 138.3 136.9 137.3 136 135.3 134.6 134.2 132.6 133 132.2 131 130.1 134.7 140 137 146.1 155.9 161.4 166.7 169.9 171.7 174.6 176.9 179.3 179.4 181.9 183.2 184.5 186.6 186.1 180.4 190.3 194 193.1 203 212.6 216.4 214.8 211.9 211.5 210.9 208.9 207.5 207.2 207.5 209 210.3 209.6 208.7 218.3 217.7 224.9 234.7 247.4 264.8 281 296.3 311.2 323.1 334.6 344.4 353.3 359.2 360.5 355.4 347.3 337.7 326.2 314.8 303.5
143.1 142 141.4 140.3 140.3 141.2 140.3 139.2 139.1 138.7 137.8 135.8 134.4 134.6 133.3 132.5 131.1 131.1 130.3 129.5 131.3 135.3 139.1 151.6 158.7 165.4 169.9 173.8 176.7 179.5 179.7 181.3 181.9 182.9 184.7 185.5 187.4 187.6 179.3 186.6 186.7 191.2 200.9 209.7 213 210.6 209.3 208.1 207.4 206.7 205.5 203.4 204.4 205.3 207.4 205 207.8 214.6 215.7 222.1 230.9 241.5 258.6 274.3 290.4 303.9 314.4 324.8 334.6 339.8 347.2 350 347.4 339.2 330.2 319.5 306.4 295.2
143.9 142.6 142.1 141.7 141.4 141.1 141.2 142.1 140.3 139.8 138.6 137.1 136.1 134.8 133.4 132.2 130.2 130.3 130.5 129.6 132.1 135.4 143.6 155.3 161.8 168.3 172.3 176.6 181.2 184.9 186.8 186.1 185.7 186.3 186.9 186.7 186.3 185.9 179.3 182.4 184.7 187.1 194.3 201 202.9 202.9 203.9 202.3 201.7 202.3 202 200.7 201.6 203 204.9 204.2 206.6 215.7 213.7 221.4 228.2 238 251.5 267.2 281.6 293.7 305 313.3 319.5 323.8 330.6 331.4 330.5 324.4 315.3 306.6 296.2 284.9
149.2 147.8 146.2 145.1 145.1 143.7 145.5 144.6 143.6 141.5 141.1 138.5 137.3 136.2 133.7 131.9 129.8 130.2 129.8 130.6 136 135.4 143.2 154.4 162.4 169.9 173.1 179 186.7 194 192.2 193.1 192.2 191.6 190.2 188.8 188.5 188.3 183.8 179.3 180.3 181.5 184.6 188.7 192.2 194.5 195 193 192.9 193.3 194.4 193.1 193.4 195.6 200.1 200.7 201.9 210.3 212.9 220.2 225.7 231.3 246 260.5 273.9 284.6 294.8 302.2 305.4 308.8 312.5 315.6 316.1 312.1 304.6 295.5 285.1 274.4
152.2 151.2 150.1 150.4 149.6 150.9 151.4 150.6 148.8 147 145.7 142.7 140.5 138.4 135.5 133 132.1 129.9 129.5 130.6 136.3 134.5 140.7 149.6 160 167.7 171.3 180.4 184.8 190.4 193.2 193.7 192.5 192.4 191.8 191.5 190.7 189.4 189 183.1 179.3 179.3 178.8 179.2 181.6 183.2 184.2 188.7 188.8 188.6 187.5 187.4 186.2 185 185.4 192.4 194.7 200.5 206.4 211.6 220.8 226.8 239.6 253.7 265.1 274 280.6 286.5 291.8 295.4 299 303.7 304.1 299.4 292 283.3 273.1 263.1
154.3 153.7 154.4 155.2 156.9 158.7 158.7 158.1 157.1 154.6 150.6 149.2 147.7 143.5 140.1 136.5 133.1 131.8 130.5 129.1 131.8 134.7 137.4 144.8 156.7 159.1 165.1 172.4 183.1 190.1 192.1 191.3 190 190.6 190.1 189.6 189.4 188.7 187.3 187.6 185.4 183.6 178.9 171.2 174.6 176.9 174.8 180.5 186.1 186.6 185.2 182.8 182.8 183.3 184 190.2 190.8 198.3 203.4 211.2 219 223.2 233 247 256.7 265.3 271.7 276.3 280.8 284.4 286.9 288.7 289.6 285.1 278.7 271 261.3 252.3
157.8 158.3 159.4 160.4 162.2 164.1 165.4 165.9 166.1 164.8 160.2 155.3 153.1 148.7 144 139.3 136.1 135.1 134.6 133.2 129.7 133.6 134.7 138.5 148.3 152 156.5 163.7 170.7 177.5 179.8 180.2 180.9 182.3 183 182.9 182.6 183.3 184.3 184.7 185.6 187.5 184.8 178.7 173.3 170 171.2 178.2 186.1 185.4 184.2 182.9 183.3 182.4 183.8 188.9 191.1 200.9 205.5 210.8 217.5 220.1 230.5 242.1 252.3 260 265.6 269.3 272.4 274.2 275.9 276 274.6 272 265.8 256.9 249.2 244.2
162.2 163.5 165.2 166.3 167.8 171.4 172.6 174.1 174.9 175.6 171.8 162.4 157 154.7 148.9 144.7 141.2 138.9 135 134.5 130.8 129.5 134.6 134.2 138.9 144.4 148.6 154 159.3 162.7 167.8 170.2 172.3 172.1 173.9 174.9 175.8 175.9 176.5 178 179.5 181 182.5 183.1 179.5 164.8 169.8 175.8 183.4 183.2 184 183.3 182.2 183 181.7 187.6 195.3 199.4 205.4 211 215.9 220.4 228.3 238 245.4 250.9 257.8 261.4 263.3 265.9 266.9 266.9 265.4 262.1 256.7 245 239.9 234.6
