public/OST50/NJ51.asc
ncols 200
nrows 200
xllcorner 350000
yllcorner 810000
cellsize 50
[rows 35 to 69 of 200, columns 78 to 155 of 200]
274.6 264 252.4 242 232.6 223.4 216.1 213.5 217.4 220.9 224.8 223.8 220.5 216.6 212.8 211.7 214.6 219.6 223.2 223.9 223.1 221.9 219.1 216.5 213.4 209.9 206.8 202.5 198.9 194.5 190 185.5 180.8 171.3 167.1 169.3 168.6 161.4 162.8 162.5 163 162.8 162.7 162.6 162 162.3 160.9 159.1 157.6 156.9 154.4 153.8 153.5 152.9 152.3 151.8 151.2 150.4 149.6 148.9 148 147.5 147 146.1 145.9 144.7 143.8 143.7 143.8 142.6 147.4 159.8 163.4 165.8 168.6 169.7 170.5 172.1
278.1 269 257.9 247.1 237 226.3 217.1 211.4 208.1 211.4 215.2 214.7 213.2 210.9 208.7 205.4 207.6 211.9 213.8 214.2 213.9 212.6 212.1 210.3 208 204.6 201.2 197.8 193.9 190.9 186.6 180.5 170.1 169.9 174 172.4 170 168.4 168.1 167.1 167 166.4 166.6 167 167.2 166.9 164.9 163.8 162.5 159.9 154.5 153.4 152.7 152.7 151.8 151.4 150.9 150.1 149.6 148 147.8 146.8 151.6 151.7 151.7 148.6 146.9 148.4 148.3 143 141.8 158.5 161.6 163.3 164 164 164.1 164.8
283.1 275 263.9 253.2 243.1 231.2 219.9 212.7 207.7 204.3 206.4 206.8 205.7 204.4 202.4 201.2 202.1 205.7 207.2 207 206.6 206.1 205.5 202.9 200.8 198.9 196.8 194.4 192.1 189.3 183.5 173.3 170.2 177.1 177.1 175.9 175.5 175.9 176.1 175.8 175 173.6 173.9 174.7 175 173.8 171.6 172.1 169.8 166.4 162.5 159.6 157.3 154 153.1 150 150.1 149.8 149.1 148.6 151.6 153.4 155.7 155.5 154.9 153.9 152.8 152 150.6 147.2 141.1 155.9 161.5 163.4 162.7 161.3 161.5 160.9
284.7 278.1 269.6 259.5 247.5 236.1 224.6 215.3 209.5 205.2 199.6 198.7 199.3 198.1 196.7 196.8 197.7 199.9 201.6 201.4 201 200.3 199 197.6 196.4 195 193.9 191.8 184.2 176.2 182.4 183.1 182.3 181.9 181.5 182.1 183.8 184.8 184.8 184.1 182.2 180.3 181 181.2 181.3 179.6 178.8 178.9 178.9 174.4 168.8 165.5 162.8 160.2 157.1 153.9 150.2 149.9 152.6 153.3 153 153.1 154 154.9 154.1 153.5 152.7 151.7 151 148.4 140.6 144.6 160 162.9 163.4 162.5 161 159.8
283.1 277.6 270.8 262.6 253.1 242.4 231 221 214.1 208.2 202.5 196.9 191.5 192.6 192 192.4 193.3 193.8 195.9 195.5 195.4 195.2 194.7 193.4 191.4 189.6 186.1 180.3 183.4 187.8 188.2 188.6 189 189.1 190.1 190.4 190.8 190.7 190.1 189.2 187.5 185.8 185.7 186.2 186.3 183.9 182.2 180.3 178.6 176.5 170.6 168.1 165.9 162.5 160 157.7 155.2 151.5 152.3 152.5 153.1 153.6 153.9 154.2 153.6 152.5 152.1 151.4 150.5 149.5 140 145.1 153.9 157.1 158.5 159 158.9 157.9
278.1 274 269.9 264.2 257.6 248.4 238.2 228.2 219.5 212.2 204.9 199.6 194.9 189.6 185 185.3 188.2 188.6 188.8 188.8 188 186.7 186 185.1 181.7 178.7 179.7 183.5 189.3 191.2 193.6 195.8 197.2 197.5 198.1 197.1 196.4 195.4 195.1 194.2 191.2 189.6 189.2 188.1 186.4 184.6 185.8 182.1 179.4 176.2 173.3 170.3 166.9 163.7 160.5 158.3 156 154.2 152.5 151.6 150.7 150.4 150.4 150.1 149.9 149.2 149.2 149.7 148.9 147.8 144.8 140.1 149.6 152.5 154 155.2 155.8 155.1
271.9 269.4 266.7 265.4 261.3 254.1 243.8 235.2 225.7 215.9 207.2 201.1 196.3 190.4 186.1 181.3 181.2 182.3 184 184.1 184.1 185 185.6 186.5 181.8 183 187.6 190.3 192.6 195.1 198.5 201.2 202.5 203.4 203.4 201.9 199.1 197.2 195.9 193.7 191.9 190 189.1 187.9 185.3 183 181.7 180.3 178.6 176.7 173.9 171.1 168.3 165.2 162.3 159.9 157.4 155 153.3 151.1 149 148 147.6 147.6 147.7 145.3 144.8 145.1 144.8 143.7 144.3 138.7 146.8 148.7 150.5 150.6 149.3 149.8
263 262.3 261.8 262.4 257.8 252.5 244.3 239.2 229.3 218.9 208.5 201.6 196.9 190.9 185.7 181.7 176.8 177.1 178.7 179.8 181.1 183 182.8 180.8 180.2 185.8 190.3 194.9 198.2 199.4 200.4 202 203.2 204.4 203.6 201.3 198.8 196.1 193.4 191.6 190 188.1 185.7 183.7 182.1 179.5 177.9 175.4 174.2 172.4 170.5 169.2 167.7 164.9 162.7 161.4 159.8 157.3 155.6 153.6 152.5 149.8 148 147.4 146.4 143.5 142.1 140.9 140.2 139 138.8 138.4 144.9 146.4 146.9 146.9 144.1 143.4
251.1 252 254.7 254.6 249.7 244.9 240.2 235.3 228.1 219.9 209.3 200.8 195.9 190.6 185.7 180.3 175.5 173.1 173.6 174.8 176.9 178 177.2 176.3 182.3 186.7 192 197.8 201.5 202.7 202.5 201.6 201.2 201.3 199.6 197.2 194.9 191.7 189.6 187.3 186.4 183.3 181.3 179 177.6 175.1 173.3 171 169.2 168 166.2 164.9 163.8 162 161.1 161.1 159.7 158.1 156.5 154.8 153.3 151.5 149.6 147.9 146.3 144.6 142.9 141.5 139.9 137.2 137.4 140.5 143.1 144.6 144.4 144.1 141.7 141.5
239.4 240.5 241.2 241.7 237.9 234 232.7 229.1 224.6 217.7 206.8 198.7 192.6 187.5 183.6 179.4 174.6 170.9 170 169.5 172.7 173.9 173.2 177.6 182.2 187.6 192.7 197.6 201.7 203 203 202 199.5 197.5 195.5 193.3 190 187.2 183.6 180.9 179.7 177.1 174.7 174.1 171.9 170.4 168 166.1 164.9 163.2 162.3 161.3 160.5 158.8 158.7 158.9 158.3 157.2 156.4 155.5 154.5 152.7 151.1 149.4 147.7 146 144.2 142.6 141.1 136.7 136.4 139.6 142.4 142.7 142.2 140.5 140.7 141.2
229.8 228 227.5 226.5 224.4 224.6 224.3 221.6 217.8 210.4 200.9 191.9 186.6 183.1 180.2 178.3 171.5 168.9 167.9 167.1 169.1 169.9 172.8 175.8 179.4 185.4 189.4 195.4 197.7 198.8 199 197.6 196.4 193.9 190.4 187.6 184.3 182.1 178.1 176.1 173.6 170.9 169.3 167.9 167.1 163.3 159.9 160 159.2 157.3 157.8 156.9 155.9 157.4 157.4 156.9 155.8 155 153.5 152.9 152.1 151 150 148.7 147.3 146.3 144.8 142.6 141.7 136.8 135.4 136.3 140 140.6 140.9 140.2 141 145.3
221.5 219.4 217.3 215 214.2 216.1 215.4 213.7 211.9 204.2 192.1 186.8 182.6 179.1 178.3 171.7 168.3 166.8 166.1 165.3 166.6 167.5 170.1 172.9 175.7 179.5 183 187.3 192.8 195.9 194.7 193 191.3 188 185.2 182.8 179.6 176.8 172.8 171.2 168.2 165.2 163.3 161.3 159.3 156.2 153.4 153.7 153.5 152 148.3 148.2 149.4 154.1 149.6 156.8 156.5 155.1 154.3 152.9 151.3 148.9 148.1 147.2 145.2 142.5 141 141.2 138.8 135.5 135.1 134.1 134.2 137.9 139.1 138 136.1 135.6
213 211.2 209.6 207.2 206.3 207 205.1 205.4 208.3 195.2 187.3 184.9 180 175.3 171.2 168.3 166.2 165.4 164.2 163.2 163.8 165 165.5 168.8 170.3 173.2 177.7 182.5 186.9 189.7 189.8 188.5 186.1 183.3 179.9 177.7 174.3 169.8 164.6 160.7 157.8 159 157 156.6 155.3 154.4 154.1 150.1 150.5 149.3 147.1 146 147.7 147.4 147.7 150.4 148.5 146.8 147.9 148.6 147.1 141.6 140.1 142.9 144.2 142.1 141.9 142.1 140.6 139.1 136.4 134.6 133.5 133.7 136.2 135.6 134.2 133.4
204.8 202.9 200.4 198.6 198.2 197.7 195.5 198.6 196.7 192 186.2 182.3 178.3 173.7 170 166.9 164.9 163.7 162.4 161.3 161.5 161.4 161.7 163.1 164.5 166 168.5 171.4 176 181.2 181.3 181.4 179.5 176 173.5 169.4 164.4 158.1 158.3 158.8 159.9 156.8 151.2 153.6 152 152 150.9 146.7 146.1 146.6 145.4 145 145.3 146.3 145.7 145.7 145.5 143.9 144.5 144.5 144 146 143.7 139.5 137.5 136.7 136.4 137.1 137.4 136.5 135.6 135 133.3 132.2 133.2 134 134.3 133.7
196.4 194 193.2 192.3 191.4 190.9 189.4 189.4 188 185.2 181.8 178.5 174.9 171.8 169 165.6 163.6 162 160.9 159.8 159.2 158.8 158.3 158.7 159.4 160 161.7 166 170.1 172 171.9 170.5 169.2 168.4 167.3 168.6 160.3 159.7 152.5 150.6 150.9 150.4 143.8 150 148.4 145.8 145 143.7 142.2 144.2 144.3 143.7 141.8 141.8 142.5 143 142.7 142.1 141.5 142.1 141.5 139.9 137.2 137.1 137.2 135.7 135.2 135.2 135 134.7 134.5 134.3 133.1 132.1 130.3 131.5 131 132.2
188.8 186.9 185.8 184.7 184.6 185.5 184.9 183.6 180.3 177.3 175 173.2 171 169.1 166.8 165 162.8 161.4 159.4 158.2 157.2 156.4 155.8 155.3 156 156.8 157.6 161.9 166.1 167 167.6 166.7 166.4 165.5 165 161.6 160.1 153.2 149.9 154.7 150.7 149.6 141.3 144.1 145.4 142.9 141.9 143.7 141.8 141.2 140.7 140.6 141.3 140.2 139.5 139.7 139.4 138.5 137.9 138.3 138.7 137.6 136 133.4 133.2 132.7 132.4 132 132.4 131.8 131.6 131.5 131.3 130.9 129.3 129.5 129.9 129.7
182.4 180.6 178.9 178.2 177.2 177.4 176.3 176.7 173.3 171.2 169.4 167.6 166.5 165.3 163.5 162.2 160.6 159.7 158 156.6 155.6 154.8 154 153.2 152.9 152.5 154.6 155.8 160.5 163.1 164.4 164.3 163.8 163 161.9 160.1 157.7 149.7 150 152.9 151.6 149.6 146.7 144.9 140.2 140.3 140.3 140.6 140.3 140 139.7 138.4 139.7 137.7 137.7 137.9 137.4 136.3 136.3 136.1 136.1 136.2 134.6 133.3 132.8 133.1 133.3 132.6 132 132.3 131.9 129.8 129.5 131.6 131.6 131.1 130.6 130.9
177.5 175.6 174.1 172.8 171.7 170.8 171.1 171.6 169.1 167.2 165.5 163.6 162.6 161.6 160.3 158.9 156.4 155.7 154.9 154.3 153.8 153.6 153.1 152 150.8 150.1 151.7 152.8 156.4 158.7 159.3 159.6 160.1 159.6 159.1 156.5 151.1 151.1 152.7 151.8 150.6 148.5 146.7 146.7 144.6 140.7 139.5 139.1 138.8 138.5 138.1 137.7 137.6 137.7 137.3 136.7 136.3 136.3 136.2 135.7 135 134.1 133.8 133.8 133.1 133.3 133.2 132.9 132.5 132.5 130.4 131.7 132 132 131.6 131.4 131.3 131
173.8 172.5 170.4 169 167.4 166 164.5 165.4 164.6 162.4 160.7 160.1 159.1 158.3 157.2 156.2 154.5 154.1 153.2 152.5 152.2 151.9 152 151.1 150.2 149.1 148.2 150.3 150.9 153.3 154.1 155 154.8 153.4 151.2 153.5 157.2 155.1 153.4 152.1 151.1 149.3 147.4 145.8 144.2 141.7 139.4 138.6 138.7 138.7 138.2 137.9 137.7 137.7 137.2 136.6 136.4 136.3 136.1 135.4 134.8 134.2 134 133.9 133.6 133.5 133.4 133 132.4 130.8 132.5 132.3 132.2 132 131.7 131.5 131.5 131.1
170.1 168.1 166.6 165.4 163.9 162.4 160.6 159.3 158.1 156.8 156.2 155.7 155.3 154.5 154.3 153.2 152 151.8 151.5 150.9 151 150.6 150.4 149.9 149.1 148.5 147.6 147.5 147.9 148.9 150 151.5 150.8 150 153.1 155.2 158.4 153.1 152 151.5 150.8 149.8 148.4 146.8 144.4 142.5 140.3 139.1 139.2 138.6 138.3 138 137.8 137.5 137.1 136.6 136.5 136.3 135.7 134.9 134.7 134.3 134.3 134.1 134 133.8 133.2 131 133.1 133.1 132.9 133.2 133 132.4 131.8 131.7 131.6 131.3
166.7 164.6 162.8 162.1 160.9 159.3 157.4 156.6 155 153.3 153 152.4 150.9 150.1 150 149.8 149.4 149.2 149.1 149.1 149.1 148.9 148.8 149 148.6 148.1 147.3 146.1 145.7 145.7 146.2 147 146.2 145.9 146.4 147 148.1 146.3 145.5 145.3 144.4 143.5 142.8 142.5 141.9 141 139.7 139.3 139.2 138.3 138.4 138.1 137.9 137.5 136.9 136.4 136.1 135.7 135 134.8 134.6 134.5 134.5 134.4 134.2 133.5 131.8 133.8 134.3 134.4 133.9 134.4 134 133.6 133.1 132.4 131.8 131.4
163.7 162.2 161.2 160.5 159.4 158 156.5 154.9 153.4 152.3 151.5 150.1 148.8 147.6 147.8 147.9 147.9 147.5 147.4 147.5 147.5 147.5 147.5 148.6 147.9 147.5 147 145.8 144.9 144.3 144 141.3 141 140.2 140.1 138.4 138 137.9 137.8 137.5 137 136.8 137.2 136.5 135.2 135.1 135 136.4 137.1 137.3 138 137.6 137.2 136.8 136.2 135.8 135.5 135.3 135.2 134.8 134.6 134.8 134.6 134.6 133.1 132 134.2 134.9 136.2 136.1 135.9 135.5 135.1 134.5 134.2 133.9 132.5 131.8
161 160.1 158.9 158.8 158.4 156.9 155.5 154.9 153.6 153 151.8 149.8 148.9 147.8 146.7 146.6 146.5 146.2 145.9 145.5 145.3 144.4 144.4 146.2 146.2 146.3 145.3 144.5 143.7 142.6 141.7 140.6 139.5 139.2 139.2 138.5 138.5 138.2 137.6 137.5 137.5 137.2 135.7 137.6 137.2 137.1 136.5 136.1 134.7 135.6 136.1 136.6 136.3 136.1 135.9 135.7 135.4 135.2 135.3 134.8 134.5 132.3 132.1 132.1 134.1 134.2 134.8 135.6 136.2 137.1 136.3 136.5 135.8 135.2 135.4 135 133.2 132.5
158.6 157.8 157.1 157 157 155.5 154.9 154.2 153.4 152 150.9 149.2 147.7 146.9 146.6 146.5 145.3 144 143.1 142.4 140.3 141.9 141.7 141.1 139.8 140 143.6 142.9 140.6 139.8 139.9 139.4 139.2 139 138.8 138.6 138.9 137.1 137.1 137.5 137.1 137.4 137.7 137.5 137.2 136.6 136.5 136.2 136 135.9 134.9 135 135.6 135.6 135.7 135.3 135.4 135.7 135.1 132.7 134.3 134.7 135 134.8 135.3 135.3 135.5 135.7 135.9 136 136.2 136.1 136.1 135.4 135 134.3 133.4 133
156.1 155.7 155.4 155.2 155 154.4 153.5 152.8 151.9 150.9 150 148.8 147.6 146.8 146 141.3 140.6 140.3 142.3 142.1 142 141.9 141.7 141.6 141.4 141 139.6 140.5 140.3 140 139.8 139.7 139.2 139.1 138.7 137.5 137.1 137.7 138.7 138.9 138.8 138.7 138.7 138.5 138.5 138 137.7 137.6 137.3 136.9 136.6 135.7 135 134.1 133.8 133.7 133.2 133.1 134.7 136.3 137.1 137.4 136.5 135.8 136.1 136.4 136.1 135.4 135.4 135.2 135.3 135.3 135.1 134.4 133.9 132.7 133.6 132.8
153.9 153.7 153.4 153.3 152.7 152.4 151.9 151.2 150.1 149.3 148.2 141.4 140.9 141.7 143.1 143.4 143.1 143.5 143.4 143.1 142.7 141.8 141.7 141.5 141.3 141.2 140.5 140.4 140.6 140.4 140.1 139.8 139.2 139 138 139.4 140.6 140.6 140.6 140.1 139.5 139.7 139.7 138.7 138.5 139.1 138.6 138.1 137.9 137.5 137.5 137.2 136.7 136.8 136.3 135.8 135.9 136.8 138.1 138.4 138.7 138.3 137.3 136.6 136.5 136.7 136.2 136.2 135.8 135.5 134.7 134.2 133.3 132.6 133.1 133.3 134.2 133.4
150.3 150 150.1 150.4 149.2 148.9 148.8 145.6 144.8 144.1 142.6 144.1 144.7 144.3 144 144 143.9 143.7 143.4 143.1 142.8 142.1 141.7 141.5 141.3 141.1 140.6 140.4 140 140.2 139.7 139.3 138.6 138.3 142.8 142.2 141.8 141.5 141.1 140.4 139.6 139.4 139.6 140.1 139.7 139.3 139.8 139 138.2 138.2 137.5 137.3 137.6 138 138.4 137.9 137.6 137.7 138.1 138.4 138.6 138.3 137.7 136.9 136.5 136.5 136.6 136.7 136.3 136.1 135.6 134 133.3 134.3 134.4 134.8 134.2 133.8
147.5 147.4 147.2 147.5 147.2 146.6 145.5 145 144.2 143.8 145.9 145.3 144.8 144.4 144 143.9 143.8 143.7 143.5 143.1 142.7 142 141.6 141.5 141.3 141 139.8 141.1 140.2 139.6 139.6 139.9 139.6 143.3 142.9 142.5 142.1 141.8 141.5 140.8 140.4 140.2 140 142.4 140.7 140.8 141.2 140.1 139.7 139.6 139.6 139.3 139.3 139.7 139.6 139.2 138.7 138.3 138.4 138.6 138.4 138.1 137.7 137.1 136.7 136.7 136.8 136.9 136.6 136.1 135.6 134.5 134.8 135.3 135.3 135 134.7 134.8
146.4 147.3 146.4 146.3 146.2 145.6 145.1 144.6 143.2 146.1 146 146.3 145.7 144.8 144.3 143.8 143.6 143.5 143.4 143.1 142.4 141.4 141.4 141.7 141 140.1 142.7 143.3 142.6 140.8 140.3 140.9 143.3 143.4 143.4 142.8 142.4 142 141.5 141.5 141.3 141 141.7 141.5 141.6 141.9 142.1 141.3 141 140.9 141.1 141.2 141.2 141.1 140.8 140.3 139.9 139.4 139 139.3 138.8 138 137.8 137.5 136.9 136.4 136.4 136.6 135.4 134.7 134.3 133.4 134.1 135.5 135.8 135.4 135 134.7
150.1 147.1 144 143.9 144.8 145.2 145.4 143.5 145.3 145.7 145.9 146.2 146.2 144.8 144.4 144 143.6 143.4 143 142.7 142 141.4 141 140.7 140.7 143.3 144 143.9 142.9 141.2 141.1 140.7 143.9 143.8 143.8 143.3 143 142.8 142.5 142.2 142.1 142.2 142.5 142.8 142.7 142.6 142.7 142.5 142.2 142.4 142.8 143.8 144.2 144.1 143.9 143.1 142.6 141.8 141.4 141.1 140.9 140.3 139.6 139.2 138.6 137.6 138.1 136.9 136.9 135.3 134.8 135.3 135.7 135.9 135.8 135.3 135.2 134.5
154.1 150.4 150 149.1 147.8 147.4 146.9 145.7 145.4 145.5 145.8 145.8 145.2 144.7 144.2 143.8 143.4 143.1 142.6 142.3 144.4 144.4 144.9 144.8 144.9 144.6 144.5 144.4 144.1 141.9 141.8 141.9 142.2 144.1 144.3 144.4 144.2 144.1 144.1 144 144.3 144.6 144.1 144 144.1 144.4 144.7 145.5 145 145.3 146.1 147.6 148.6 149 148.2 147.9 147.8 147.1 146.4 145.4 144.6 143.1 142.2 140.8 139.8 139.5 139.3 140.7 139.5 138.3 137.2 136.6 135.9 135.7 135.5 135.9 135.9 135.4
157.7 155.4 153.2 151.6 148.5 147.8 147.3 146.4 146.1 146 145.9 145.5 145.1 144.8 144.2 143.6 143.6 143.3 144 145.2 145.6 145.6 145.5 145 145.3 144.8 144.7 144.6 144.8 142.7 142.1 142.6 144.6 144.6 144.8 145.1 145.7 145.9 145.9 145.5 145.5 145.8 145.6 145.6 145.9 146.1 146.7 147.5 148 147.9 149 149.8 152.9 154.5 154 155.3 155.4 154.4 152.6 152 150.5 149 148 145.1 145.3 145 143.8 141.6 139.3 137.8 136.9 136.2 135.9 135.3 135.3 135.5 136.7 135.7
160.1 157.1 155.2 153 149.8 148.3 147.6 147.2 146.8 146.2 145.6 145.2 144.9 144.5 144.2 143.7 142.9 142.6 142.5 145.6 145.5 145.5 145.5 145.3 145.5 145.1 144.8 145 145.1 144 142.3 143 145.1 145.2 145.5 146.2 147.4 147.6 147.9 147.4 147.3 147.3 147.1 147.2 147.4 147.7 148.2 149.2 150.1 151.2 151.8 154.6 158 159.4 159.3 160.2 160.8 159.2 157.7 156.3 154.9 154.2 149.9 150.9 149.9 148.1 146.7 145 143.9 142.6 142.4 141.6 141.5 140.4 138.8 134.2 136 134.4
160.5 157.8 156.2 154.6 152.5 149.8 148.3 147.3 146.6 145.9 145.4 145 144.6 144.3 144.2 143.9 143.3 142.5 142.7 145.7 145.5 145.4 145.8 145.3 145.3 145.1 145.2 145.2 145.3 144.4 143.5 145.1 145.6 145.7 145.9 146.6 147.5 148.5 148.7 148.1 147.4 147.4 147.3 147.8 148 148.8 149.5 150.5 151.3 153.1 156.1 157.8 161.3 163.2 164.9 162.8 162.4 161.7 160.7 159.5 158 156.5 154.7 152.9 151.1 150.4 148.9 147 146.1 145.3 145.2 145.6 145 143.6 142.3 140.7 139 136.8
160.2 158.3 156.6 154.9 151.8 149.4 148.2 147.1 146.4 146.1 145.4 144.7 144.4 144.3 144.2 144 143.5 142.9 145.8 145.9 145.6 145.8 145.7 145.2 145.2 145.4 145.7 145.8 145.7 143.3 142.8 144.4 146.2 146.3 146.5 146.7 147 147.9 147.6 147 147.1 147.1 147.5 148.4 148.3 150.2 151 151.9 153.4 157.2 160.9 163.7 165.6 165.9 165.9 164.9 164.3 163.2 162.6 161.6 161.6 158.6 156.4 154.3 153 151.9 150.9 149.3 148.3 147.2 147.2 147.7 148.1 146.5 144.8 142.8 142.2 141.4
