public/OST50/NJ51.asc
ncols 200
nrows 200
xllcorner 350000
yllcorner 810000
cellsize 50
[rows 0 to 34 of 200, columns 0 to 77 of 200]
383.3 397.9 404.5 412.4 421.1 428 433.4 437.1 439.5 440.4 442 443.2 445.9 447.9 447.3 445.9 446 447.1 449.7 453.9 458 461.7 465.5 471.1 475.8 482.6 488.1 491.6 493.9 496.5 497.7 497.2 493.9 488.8 478.1 465.7 453.2 437.7 421.8 409 399.6 389.5 379.4 369.3 364 357.5 354 352 347 339.9 334.2 333.7 335.6 339.3 342.2 345.4 347.1 347.6 347.2 344.8 338.6 330.3 327.9 324.4 322.4 320.7 318.3 313.7 309.6 325.3 338.5 350.4 358.5 362.3 358.2 350.7 339.5 325.7
376.8 385.9 394.4 403.2 412.1 420.2 425.4 429.7 432.5 435.1 438.5 442.4 446.8 449.6 448.7 447.2 448 449.4 453.2 457.4 461.4 466 471.4 477.8 485 492.9 502.1 503 503.9 503.9 502.9 500 495.2 487.9 475.6 464.7 450.1 433.4 418.9 409.1 400.3 392.8 388.4 386.6 381.8 374.9 370.4 366.6 362.7 359.1 353.6 351.3 353.3 356.9 359.9 364.4 366.3 365.9 364.6 362.3 356 348.4 343.7 341 337.4 337.3 332.6 330.3 326.9 326.7 340.4 353.2 361.2 365.8 364.9 358.2 347 332.8
369.3 377.7 385.8 392.7 401.7 411.1 417.2 421.5 425.3 429.6 434 439.6 445.3 448.8 449.3 448.5 449.7 451.6 455.2 459.5 463.6 468.8 475.1 483.8 493.1 505.9 511.5 512.6 511.1 509.3 506.3 501.5 494.8 484.9 474.5 463.4 450.4 436 423.9 415.2 408.6 404.5 401.3 397.9 393.8 390 386.6 383.1 377.1 372.5 369.9 368.8 370.3 373.7 376.9 382.3 383.1 382.3 380.4 377.6 372.1 367.9 363.4 360.6 356.1 351.5 350.2 346.9 343.9 340.7 345.2 357.6 365.4 369.5 370.5 366.3 357.4 347.2
362.1 370 377.8 384.7 392 401.1 409.2 413.6 417.3 423.2 429.2 435.9 442.6 447 447.1 447.9 449.8 453.2 456.8 461.4 465.7 471.3 477.3 487.2 500.8 512.6 517 516.8 514.5 511.3 506.7 502.1 491.2 481.4 472.4 461.9 452.6 443.2 434.7 426.5 419.9 416.4 414 411.9 407.4 404.4 401.1 397.9 393.8 389.3 387.4 386.2 388.7 391.1 395 397.2 397.1 395.7 393 389.3 385.8 381.4 378.5 374.8 371 366 360.9 360.3 357.4 357.3 358.7 365.1 371 374.9 375.2 373 367.9 360.4
355.1 363.2 370.2 377.8 387 393.8 401.3 405.3 409.8 416.3 422.8 431.1 436.5 439.3 442.5 445.7 449.2 454.5 458.8 463 468.1 474.3 479.1 489 503.5 511.9 516.3 516.4 514.4 509.8 503.9 495.1 486.5 477.2 469.1 462 455.8 449.3 443.6 438.6 434.4 431.4 429 426.7 423.2 420.2 417.6 414.7 413.9 411.4 409.4 406.3 408.2 408 409.3 409.1 409.4 408.8 405.8 401.7 396.2 391.6 388.7 386 383 380.5 373.5 370.1 368.3 367.5 370.1 372.9 376.6 380.2 381.7 381.4 378.7 373.2
350.5 357.7 363.7 369.5 377.5 383 389.8 394.7 401.2 406.7 413.4 418.7 426.8 431.3 437.3 442.8 449.2 455.9 461 465.2 470.1 474.5 479.9 490.4 501.6 510.1 512.9 511.1 507.8 501.8 494.1 484.8 478.1 470.9 466.1 462.7 459.1 455 452.3 450 447.3 444.1 442.3 440.5 437.6 435.7 436.4 434.8 430.7 426.8 423.4 420 418.8 418.8 418.8 417.7 418.7 418.8 416.7 411.7 405.5 400.6 397.1 393.7 390.8 387.7 382.5 378.9 373.9 376.1 378 380.4 383.9 386.7 389.7 390.1 389.1 384.3
343.4 350 355 359.2 364.1 367.7 373.6 382.4 392.1 399.4 403.5 409 415.6 422.9 431.8 441.4 448.5 454.8 461.2 465.7 469.9 473.6 480.3 489.6 497.8 505.7 505.3 502 497 484.8 480.2 472.6 467.2 465.4 463.1 461.1 459.9 459.5 459.1 458 457 455.4 454 452.5 450.2 450.3 449.9 446.9 441.2 434.6 430.4 426.8 425 424.7 423.8 423.1 425.1 425.6 421.8 415.9 410.1 404.9 400.8 397.2 392.6 390.3 387 383.4 380.3 382.5 384.8 388 391.2 394.2 397.9 399.6 399.8 396.4
345.9 339.4 345.4 346.9 350.6 356.7 362.9 372.3 382.8 390.8 394.6 400.6 406.8 414.6 425.9 436.4 443.6 448.8 457.6 463.7 468.8 472.5 479 486.9 494 496.6 493.9 488.8 478.4 469.3 461.7 458.4 457.4 457.3 457 456.5 457.9 459.7 461.6 462.5 463.1 462.9 462 460.9 460.5 461.8 459.6 453.1 445.4 439.2 432.4 428.5 426.8 425.7 424 424.3 425.7 425.2 421.8 415.6 409.2 404.1 400.2 394.3 390.1 386.7 384.6 383.6 381.8 385 389.3 393.8 397.7 403.3 409.5 411.4 411.6 408.9
348 336.8 333.1 337.5 342 347.7 354.9 361.9 370 379.3 385.8 391.9 399.2 406.9 419.6 429.8 437.5 443.5 451.2 457.8 463.5 469.6 475.2 481.2 486.6 485.7 482.6 473.9 461.4 452.2 443.1 443.2 444.3 446.6 446 447.1 451.3 455.1 460.5 463.8 464.8 466 466.8 466.4 467.4 467.5 464.5 454.2 447.3 439.8 431.4 426.7 423.3 421.2 420.4 420.5 420.8 420.1 417.4 412.2 404.4 399.6 394 387.9 382 380 378.8 378.9 379.7 382.7 388.8 395 401 408.3 413.2 416.5 419.1 416
347.2 340.4 327.4 326 332.7 341.1 346.6 352.3 360.8 370.8 377.9 385.1 392.5 399.7 408.6 420.9 429.9 436.4 440.5 446.8 452.4 459.8 467.4 474 475.5 474.5 470 460.8 445.4 435.7 429.9 428.4 430.2 429.4 430.8 434.9 440.8 447.1 453.8 458.2 461.3 464.6 466.7 467.5 468.3 468 461.3 452 443.8 436.5 429.1 423.7 418.5 415.4 413.9 413.7 413.1 412.4 409 403 395.4 389.7 383.7 377.6 373.3 371.6 370.3 370.9 371.9 376.4 382.4 390 399.2 408.1 411.9 415.7 418.9 417.4
343.8 338.5 330.5 317.6 324.1 332.4 339.2 345.4 353.4 363.9 372.7 378.9 385.1 390.4 397.3 409.1 416.6 422.9 427.8 434.8 442.1 450.6 458 462.3 464 461.1 456.2 445.3 432.3 422.5 416.8 415.1 414.2 415.2 418.4 421.5 427.2 434.3 442.2 447.1 452.1 457.7 460.1 460.9 462.7 461.6 455.9 449.8 440.8 433.1 425.3 418.9 413.4 408.9 406.1 406.5 405.7 404.2 399.7 392.3 386 379.5 373.4 368.3 364.9 363.6 361.7 362.9 364.8 368.1 374.5 382.6 391.3 398.7 402.4 407.3 412.1 410.3
338.3 335.1 328.7 318.4 313.8 326 331.9 338.4 348.8 359.5 367.8 373.4 377.9 382.6 387.9 396.2 404.4 411.4 416.2 424.4 432.2 439.3 446.7 451.9 450.4 448.4 444 434.2 422.4 413.2 406.8 401.1 397.9 397.4 400.2 407.7 413.5 420.5 428.4 435.7 442.1 447.5 451.2 452 454.2 452.5 447.9 442.9 436.6 430.4 421 411.4 404.9 401 398.3 397 395.7 394.6 389.9 382.1 376 370.8 366.1 359.5 356.7 354.9 353.1 353.8 356.2 359.1 364.5 371.2 378.4 384 389.1 394.1 398.6 398.3
332.9 330.1 325.5 315.4 306.5 317 324 332.9 343.6 354.5 362.5 369.8 372.9 376.7 381.6 388.3 394.6 399.9 405.8 414.3 422.3 429.4 436.2 438.1 438.3 434.4 429.7 424.1 414.6 405.4 397.1 386.1 382.8 382.3 386.9 393.6 401.4 407.8 416 423.4 431.4 438.4 440.7 441.7 443.7 444.2 439.4 434.9 429 425.2 415.2 405.7 396.4 390.1 388.7 387.3 386.3 383.6 376.8 369.9 365.7 360.7 355.4 350.2 348.1 346.2 340.5 341.4 345.2 347.8 352 357.3 362 366.5 371.7 377.6 383 383.5
326.5 324 319.6 311 303 310 319.8 328.2 339.5 351.1 360.3 366.8 369.9 371.4 374.4 378.7 384.2 389.2 394.8 402.4 411.2 417 420.4 422.3 421.2 420.3 419.5 415.3 406.3 397 387.5 372.9 364.9 366.3 371.7 373.5 386.7 395.5 404.1 411.4 419.9 427.2 429.6 430.4 431.6 430.3 430.3 426.8 421.8 416.2 408.6 399.2 390.6 382.8 378.9 377.3 375.6 370.4 365.1 356.3 353.7 350.2 345.2 340.3 335.5 329.9 324.5 326.7 330.8 335 340.5 344.8 350 353.6 357.5 362.5 366.7 371
319.5 317.4 313.7 305.5 298.1 305.4 314.4 324.2 337.5 348.7 358 364.7 367.2 366 366.7 369.9 373.7 378.2 383.6 390.3 397.1 403.1 408.1 410.3 409.5 410.7 408.9 403.4 394.6 387.5 376.6 359.3 344.4 348.2 353 361.2 371 382.2 391.5 400 407.9 414.2 415.5 416.7 418.1 418.9 419 415.3 412.5 406.2 399.1 390.8 383.7 376.5 371.1 366.6 364.7 362.1 356.7 347.3 342.4 341.1 335.5 330.2 323.2 316.9 314.3 317.1 321.5 324.9 327.1 331.9 334.2 337.5 343.9 347.9 351.8 356.2
310.6 309.6 306.7 300.6 294.1 301.3 310.2 323.4 336.4 346.7 356.3 363.8 364.6 361.1 360.5 361.6 364.8 367.5 372.4 377.7 384.5 390.7 395.3 399 400.3 399.6 395.4 388.7 384 375.6 361.3 345 330.2 331.8 336.5 351.7 358.5 368.7 377.5 385.9 393.6 400.2 400.7 403 405.6 406.5 405.9 403.3 398.6 393.8 388.4 382.2 375.6 370.6 364.6 358.5 353.3 349.6 345.7 343.2 340.1 333.9 329.9 324.2 318.4 310.6 305.2 304 308.4 313.7 317.2 320.3 325.3 328.9 333.4 336.9 339.7 341.3
303.9 298.4 296.6 293 289.7 299.4 310.6 322.6 335.9 346.9 356.3 362.3 361.4 356.4 354 353.2 355.1 357.1 361.8 366.6 371.1 378.4 384.5 387.6 388.6 388.3 384 377.7 370.7 359.9 344.8 332 320 313.4 330 339.7 347.5 356.1 363.9 373 380.8 387.1 389 391.3 394.2 393.2 392.4 390.3 385.6 381.6 378.7 374.1 368.9 365.6 360.6 355.2 351 347.1 344 338.3 333.9 328.4 323.2 319.5 315.5 312.5 309.1 302.1 296.3 300.2 303.1 305.5 309.7 313.6 319.5 323.3 325.6 326.9
307.2 301.6 292.2 287.8 289.1 298.3 310.9 322.7 334.8 346.5 354.9 359.5 356.4 350.4 345.9 345 344.7 345.4 347.1 352 358.2 365 372.1 375.5 377.6 374.8 369.7 362.1 352.8 339.1 329.2 317.6 306.7 304.8 318.5 326.6 335 343.6 352.3 360.6 368.4 373.2 373.6 378.6 380.7 380.2 378.8 376.7 372.9 370.4 368.6 365.3 363.6 363.2 361 356.5 353.9 351.4 347.4 342 337 333.7 330.3 326.8 323.3 320.4 316.3 311.7 303.8 294.5 290.4 295.3 299.6 302.4 305.7 309.2 311.9 316.1
307.7 299.4 291.8 283 286.8 296.1 308.5 321.6 333 345.2 355 356.9 352.3 344.2 339.4 335.3 333.1 333.4 335.3 340.6 347.7 354.2 360.3 364.6 366.3 362.6 355.5 346.5 331.4 321.1 312.1 304.4 295.9 293.7 302.7 314.6 326 334.1 341.2 348.8 355.7 361.1 361.7 365.7 366.6 366.5 362.9 361.3 359.2 357.9 357.9 358 358.3 359.1 358.5 357.7 355.2 352.4 346.7 342.4 339.2 336.4 332.2 330.6 327 323.2 319.2 315.6 311.2 302.7 293.2 284.8 286.3 290.5 294.1 297.5 300.5 301.7
306.5 295.4 288.4 279.8 282.5 292.7 305.3 317.9 329.4 342.9 353.3 353.5 348 340.7 333.9 324.5 323 323.4 324.9 330.2 337.2 343 348.9 352.7 352.6 349 341.5 331 315.1 306.6 299.6 293.6 285.9 285.2 293.1 305.7 315.5 325.3 333.8 340 346.2 349.1 348.1 351.8 352.6 351.6 348.3 348.1 346.2 345.1 345.2 346.5 349.3 352.5 354.5 355.4 353.8 349.7 344.8 341.3 338.4 335.7 333.3 331.1 327.6 323.7 319.9 316.8 313.6 308 301.6 295.7 287.1 275.4 280.5 283.8 287 291
307.2 292.9 285 280 278 288 299 311.5 324.6 337.5 347.6 348.3 344.8 337.8 327 317.5 309.4 309.1 312.7 318.4 324 330.8 336.8 342 343.9 337.5 327.5 317.3 303.9 295.8 289.7 284.1 279.2 278.2 286.2 298.3 310.8 319.9 327.1 332.8 336.7 338.1 336.4 338 338.8 338.8 336 333.3 331.3 333.2 333.9 335.6 339.2 345.2 349.3 350.9 349.8 345.6 341.6 337.7 334 331.2 329.7 328.3 325.4 321 317.4 315 312.9 309.9 305 299.8 293.6 286.2 273.1 269.9 274.4 277.7
304.7 290.8 283.2 278.4 273 281.9 291.7 304.7 317.4 329.7 339.3 343.8 342 332.2 321.3 310.2 301.3 296.7 300.3 305.6 311.5 319.4 326 333 333.5 327.8 316.9 305 294.1 286.6 280.3 276.4 272.8 273 280.7 294.3 304.9 313.7 319.4 323.5 327.2 327.6 326.8 325.2 326.1 325.1 322.6 322.3 320.3 320.9 323 325.9 329.3 337.5 342.4 345 344.1 340.7 335.9 331.6 328 325.8 323.5 320.7 318.4 315.6 312.8 311.2 309.4 307.2 304.3 300.9 294.7 287.1 277.9 267.1 263.4 267.6
301.7 292.8 284.6 278.3 270.6 274.4 284.1 296.6 308 320 330.7 336.7 335.8 329.4 315 305.5 293.8 284.8 286.9 291.2 297 306.8 316.7 323.8 324.9 320.8 309.6 297.1 286.6 278 272.2 268.6 265.5 265.3 276.5 289.8 300.3 308.6 313.7 315.1 318.1 316.1 313.6 313.5 314.4 312.1 311.5 308.9 308 309.7 310.1 313.8 320.5 328.1 335.2 340.2 340.3 336.7 330.1 323.2 320.8 318.4 316.1 313.8 311 309.1 307 304.9 304.1 303.3 302.2 300.5 295 287.3 278.3 270.6 261.8 256.4
303.1 299.3 290.7 281.4 271.7 262.4 276 287.4 299.4 311.7 321.2 326.3 326.1 319.6 309.3 299.8 288.6 277.2 274.6 276.9 284.7 295 307.4 314 317.3 314.7 305.1 292.7 279.8 270.1 263.8 260.1 257.5 258.3 272.2 285.3 296.3 305.7 307.6 306.8 308.9 306.2 303.3 302.9 302.9 301.5 299.1 294.7 295.1 296.5 300.6 304.3 312.1 320.6 328.6 335.3 335.1 329.7 322 314.9 312.9 309.8 307.3 304.9 304.2 302.7 299.8 298.2 298.3 298.9 299.6 298.9 294.8 286.5 278.9 270.9 263.9 258.9
313.3 307.4 296.9 288.3 279 265.1 265.4 278.1 288.9 299.6 307.5 313.6 312.9 309.4 301.3 291.3 282.3 272.1 264.3 266.6 272.6 283.8 296.7 304.9 309.7 309.6 301.1 288.6 275.1 264 255.2 251.6 249.6 254.9 269.6 281.2 293.2 301.4 302.8 301.6 299.6 296.9 293.6 292.8 292.1 290.1 287.8 285.6 286.3 287.2 290.1 296.1 303.8 313.6 322.4 329.8 330.5 325.1 317.7 310.3 305.8 300.6 298.5 297.5 296.6 295.6 292.8 291.9 293.1 294.4 296.1 296.6 293.7 287.2 280.4 271 263.8 259.2
323.9 315.5 301.8 291.6 282.3 269.9 254 265.7 278.2 285.3 290.9 293.1 295.1 293.5 289.9 281.7 274.8 266.9 257.2 256.8 263.6 275.3 287.6 297.4 304.1 305.1 297.7 284.7 270.9 258.5 249.7 245.2 244.7 252 266.7 277.4 289.9 295.8 296.7 295.9 293.9 291.2 288.2 285.4 283 281.1 278.9 276.9 275.5 274.2 279.9 288.3 296.7 306.3 315.9 324.1 326.1 322.7 316.9 309 302 295.4 290.7 289.7 289.1 288.6 287.2 286.4 287.5 290.2 292.6 294 292.5 286.6 280 272.6 264.2 258.8
329.1 322.4 307.3 295 283.5 272 259.9 250.4 261.9 267.5 272.7 274.5 275.6 275.9 273.8 269.3 265.7 259.8 252.3 249.2 255.1 267.2 280.7 289.3 297.4 300.5 294.2 281.1 266.9 255.4 246.4 241.3 240.6 249.3 263.4 274.5 285.9 290.7 291.4 291.7 290.6 287.2 283.3 279.5 275.7 272.5 270 267.8 264.1 264.5 272.3 281.2 290.2 299 308.6 318.1 321.6 320.6 316.9 310.3 301.9 293.5 287.1 283.6 283.2 282.7 282 282.3 283.1 286.1 288.8 290.6 289.5 284.9 278.9 272.3 265.2 258
332 327.8 315.1 300.6 286 275.3 261.7 248.5 247 253.9 257.5 259.4 260.9 261.1 259.5 256.9 253.7 250.1 246.2 242.4 246.9 259.3 273.6 282.4 291.2 293.8 287.9 277 264.1 251.6 243.7 237.6 236.3 245.6 259.6 271.3 280.7 286.6 288.1 289 288.4 284.8 280.4 275.3 272.8 268.7 263.5 258.5 255.8 258 266.9 275.5 284.2 292.9 301.1 310.4 316 315.5 313.1 308.3 300.8 292.6 284.9 278.8 276.6 276.7 277 278.2 279.2 282 285.2 287.6 288.1 285.7 279.3 272.8 265.6 258.5
333.8 330 322 307 290.6 279.1 264.4 250.4 235.5 239.9 242.4 245.1 245.4 244.4 243.8 243 241.1 239.5 237.5 235.9 240.5 252.9 267.3 276.3 284.1 285.8 282 272.3 260.6 247.6 240.9 235 233.5 240.9 256 268 275.8 282.1 284.2 284.8 284.1 280.9 278.6 274.6 270.7 267.1 262.3 255.4 250.5 252.4 260 267.9 277.1 285.6 293.2 301.7 308.4 309.6 309.4 306.4 299.6 291.9 284.7 277.6 271.7 271.4 272.5 273.6 276.1 277.9 281.1 284.4 286.6 286.2 279.9 273.2 266 258.7
331.3 329.1 323.2 311.9 295.8 282.4 268.9 252.8 238.6 224.1 228 230.7 230.2 230.5 230.8 231 230.1 228.3 228.7 228.8 234.6 246.8 260.4 270.3 276.8 277.6 272.1 264.6 254.6 243.1 235.6 232 230.7 236.4 252.3 263.6 271.1 277.2 279.1 278.5 277 274.9 273.1 271.3 268.6 264.6 258.9 252.5 246.4 245.8 252.3 260.2 268.9 277.8 286.2 294.5 302 303.5 305.1 302.5 297.9 291.4 284.6 277 269.8 267 268.3 269.4 271.3 273.6 277.5 281.3 284.4 286.7 280.7 273.8 266.4 258.9
322.1 319.9 313.3 302.9 291.6 279.4 267.2 254.3 239.5 228.5 215.7 218.3 219.1 221.3 221.7 219.7 219 219.5 220 221.5 229.4 241.1 252.3 262.8 268.5 269.4 265.1 258 247.9 238.4 230.5 227.9 227.1 233.8 249.8 260.6 267 271.9 273.5 272.7 271.7 270.3 269 267.4 265.9 263.5 257.8 251.1 244 241.2 246.1 253 260.5 269.6 279.3 287.8 294.1 296.7 297.7 297.4 294.8 290 283.8 277.5 268.5 263.5 263.1 264.1 266.5 269.6 273.4 277.2 280.4 283.5 281.5 274.7 267.6 260.1
305 303.5 298.7 289.7 279 268.3 258.7 247.8 235.9 223.4 218.8 209.6 209.9 213 211.4 210.7 211.1 212.1 212.7 215 222.8 233.4 243.4 252.6 258.2 259.3 256 250.2 239.9 231.6 226.5 224.2 224.2 231.8 246.4 256.7 263.7 266.7 267.2 266.2 264.8 264 263.7 263.1 263.2 262.5 258.7 251.2 242.5 237.6 239.9 246 253.2 262.5 272.2 280.5 287.6 291.3 292.5 292.2 290.4 287.4 282.4 276.5 269.1 263.1 258.6 259.5 261.5 265.4 268.8 272.3 276.6 279.3 279.9 276.2 269.3 261.7
285 284.9 282.9 275.8 266.2 256 246 236.3 227.1 221.6 215.9 207.7 201.6 202.7 203.7 204.3 204.6 204.6 206.2 208.7 216.2 226.2 235.3 243.4 251.4 253.6 250.4 243.6 234.4 225.9 221.7 219.7 220.2 229 243.6 253.3 259.5 262.3 262.5 261.5 259.4 258 258.8 260.2 260.6 260.6 257.4 250.1 239.9 235.3 235.5 241.3 248.1 255.3 265.2 274.8 281.2 286.2 287 285.8 285.6 283.9 280.4 275.2 269.7 264 258.8 255.3 256.7 260.9 264.1 267.2 271.8 276.4 278.5 278 273.6 267.7
264.3 264.9 262.4 256.6 250 241.3 231.4 222.2 214.8 210.2 205.4 201.8 197.5 193 195.6 197.1 198.4 199.3 200.7 202.6 208.6 218.3 226.1 234.2 240.6 244.2 241.8 235.1 228.6 221.1 216.5 214.1 217.6 226.9 240.6 249.5 256 258.8 258.9 257.9 255.9 253.4 253.5 255.4 256.3 256.3 254.3 247.9 238.6 232.3 232.4 235.4 243.3 251.4 260.8 270.3 277.4 281.2 282.8 281.7 281.5 280.9 278.5 273.2 268.2 263.7 258.9 253.9 252.4 256 259.6 262.8 267.7 273.6 277.7 280.3 280.5 275
245.4 244.5 240.5 235.4 227.6 220.7 212.9 208.2 203.3 200.4 197.6 194.8 192.3 186.9 190.7 190.7 191.8 192.4 194.5 196.6 199.8 208.4 215.1 222.8 230.4 233.5 233.8 228.5 221.8 215.5 210.5 211.1 215 224.7 237.9 248 252.9 255.3 255.3 254 251.5 248.5 248.1 249.8 251.7 252.2 250.2 245.4 237.5 229.9 229 231 238.6 248.1 257.1 267 273.9 276.7 278.3 278 278.4 277.9 275.1 271.2 266.5 262.4 257.5 253.1 249.1 250.6 254.4 258.5 264 271.3 277.7 282.9 285 279.5
