public/OST50/NJ60.asc
ncols 200
nrows 200
xllcorner 360000
yllcorner 800000
cellsize 50
[rows 140 to 174 of 200, columns 78 to 155 of 200]
188.5 192 197.5 203.3 208.8 212.5 213.1 218.8 221.5 223.7 224.4 224.9 222.5 220.4 219.4 219.7 225.1 231.1 232.9 234.5 233.8 234.2 233.8 232.7 230.9 230.9 230.2 227.4 219.4 222.5 229.8 235.8 242 248.5 257 264.6 273.6 280.8 286.3 291.4 298.3 305.1 312.4 321.4 329.6 338.2 352.2 365.7 378.3 393.2 407 418.3 426.7 433.8 439.2 446.3 452.7 456.6 460.2 464.2 467.2 468.4 468 469 469 469.3 469 466.4 466.3 465.8 465.1 464.8 464.8 464.2 462.8 461.4 460.1 457.8
188 192.8 197.9 203.5 210.5 214 214.1 213.1 215.3 216.1 216.2 217.4 215.8 215.3 214.1 215.1 220.4 225.6 228.4 230.2 230.2 227.4 226.4 226.5 224.4 224.7 223.7 221.3 219.2 218.9 225.3 231.4 237.9 245.8 254.6 261.7 268 273.9 280.2 288.2 294.8 301.2 306.2 312.5 322.1 334 344.9 355.4 366.3 381.9 394.6 404.8 413 421.1 428.3 436 443.6 449.7 455.7 460.9 464.4 465.5 467.3 468.8 469 470.6 469.8 467.2 467.5 466.4 464.8 465.2 464.7 463.5 462.1 460.7 459.4 457.1
190 193 197.1 201.2 207.7 212.3 212.4 210 209.8 211.2 211.5 212.5 211.8 210.1 210.1 212.3 218 221.2 223.1 224 223 221.4 219.4 219.4 219.5 218.9 218.1 216.6 212.8 217.1 222.9 229.5 235.4 242.6 248.1 256.8 263.1 270.1 276.2 281.3 287.6 294.8 298.7 304.5 315.4 325.7 337 346.3 357.9 369.5 381.1 390.2 396.7 405.5 412.2 420.2 431.3 439.4 447.9 454.6 458.9 462.9 465.5 466.4 468.5 469.7 468.6 468 467.4 466 465.4 464.7 463.6 462.5 461.2 459.7 458 455.1
192.7 194.1 196.4 199 202.5 206.7 207.3 206 205.3 206.5 206.3 204.4 205.1 205.3 206.9 211.2 215.2 218.3 219.1 218.9 218.4 215.6 213.7 213.5 214.2 213 212.6 211.7 211.1 216.1 221.8 228.6 235 241.6 247.8 253.2 259 266 271.7 276.3 281.4 288.2 293.4 299.3 305.2 316.8 328.4 338.8 348.1 357.3 367.1 375.5 384.4 391.7 399.3 408.9 417.7 427.7 439.6 448.1 454.6 458.9 462.6 465 465 468 467.2 468.1 466.2 464.6 464.4 462.8 462.2 461.2 460 458.3 455.4 454.2
193.4 194.4 195.2 195.7 196.9 200.3 202 199.8 200.2 199.5 199.5 200.1 199.9 200 205.5 209.6 213.4 215.2 216.1 215.2 213.2 211 208.4 209.3 209.1 208.5 207.8 205 209.4 215.9 221.4 227.8 233.7 240.1 246 250.5 256.4 262.9 267.3 271.9 275 281.6 286.9 291 299 308.1 319.1 327.6 334.7 346.2 354 363.1 371.4 380.2 388.9 398.8 407.9 420 429.9 441.1 448.9 455.3 458.2 461.3 464.5 467.3 467.4 468.1 466.7 464 463.5 462.5 460.7 459.9 458.3 455 454.7 452
194 195.5 196.9 196.7 195.7 193.9 194.5 194.4 193.5 193.5 192.8 192.7 193.5 197.4 202.6 207.4 210.9 212.3 212.7 211.7 209.6 207 205.3 205.5 204.4 203.6 202.9 202.8 208.5 214.4 220.4 226.3 231.8 239.8 244.1 247.4 252.5 260.5 263.7 266 269 273.7 277.2 284.9 291.7 299.5 308 316 323.9 332.2 339.1 346.4 355.7 368.1 378.2 388.6 400.5 410.2 421.6 433 444.1 450 456.7 459.6 463.2 465.6 467 467.1 465.6 464.7 463.9 460.5 460.4 457.3 455.8 452.3 450.9 449
194.1 196.3 196.9 197.4 197 195.1 193.1 188.7 186.1 186.8 187.9 188.6 188.9 194.6 199.4 204.1 207 208 208 207.5 205.5 203.5 202.2 200.8 200.5 199.5 196 202.3 208 213.9 220.8 228.1 236 240.5 243.4 245.7 249.2 254.2 256.1 257 259.7 263.3 269.7 276.9 284.8 290.5 297.5 305.4 311.3 316.7 328.7 339 352.3 363.4 374 381.7 395.9 406.7 417.7 428.8 439.9 451 455.6 458.9 461.6 464.3 466.1 466.5 465.5 465 463.9 461.7 457.8 455.7 453.2 450.8 448.3 446.3
193.2 196.4 197.8 198.5 197.9 196.3 192.4 189 186.8 182.3 182.3 182.9 185.8 192.5 197 200 202.5 203.8 203.6 202.6 200.6 199 198 196.6 196.6 193.3 196.2 203.5 208.9 214 221.4 230 236.9 240.2 242.5 243.8 244.7 246 247.5 248.4 249.9 254.4 261.1 267.7 273.6 280 285 293 294.6 310.9 322.7 335.4 346.2 357.6 366.4 378.4 392.8 404 414.8 427.4 440.5 449.8 455.6 459 462.2 463.7 464.1 465.3 465.5 465 463.4 460.7 457.2 452.1 450.1 448.5 445.6 442.3
191.4 195.4 198.4 199.8 199.2 195.9 192.4 188.2 184 181.9 178.9 180 184.1 189.3 193.9 196.6 198.3 198.6 198.4 197.6 196 195.1 193.2 193.3 190.3 191.9 196.8 204.6 210 215 222.6 231.2 237.1 240.1 241.5 241.2 241.2 241.4 241.9 241.8 241.8 245 251.5 254 263.7 268.6 275.3 280.6 294.9 305.1 317.6 329 340.5 349 360.6 376.3 389.9 403.5 417.4 430 441.9 450.4 455.5 459.6 462.1 463.1 463.9 465.3 465.1 464.5 462.7 460 457 451.8 446.2 442.7 441.6 437.6
190.1 195.6 198 200.4 199 195.4 191.5 187.4 182.4 179.6 176 176.9 181.6 186.4 189.7 191.8 192.8 193 192.7 192.4 192.7 191.7 188.7 188.2 188.2 192 198.2 205.4 211.1 216.2 223.7 232 237.1 239.8 239.8 238.5 236.4 235.2 235.8 233.5 233.7 239.5 243.8 247.3 255.5 262.4 270.3 277.3 287.7 298.9 309.9 321.2 331.5 347.3 359.8 373 388.8 407.2 421.9 433.4 442.2 449.3 455.3 458.9 460.7 462.4 463.4 464.5 464.5 463.9 461.4 459.2 455.5 450.5 445.3 440.6 436.8 433.9
190 195.6 197.9 200.5 198.8 194.7 190.7 186.2 181 178 174.5 172.6 176.1 180.5 184.3 186.2 187.9 188.6 187.7 188.7 187.9 187.2 186.6 184.5 188.4 193 199.6 205.9 212.2 218.3 225 231.4 235.2 236.5 236 233.8 231.1 228 228.2 225.6 230.8 231.8 233.8 241.3 250.2 256.5 266.7 272.3 282.4 294 307.7 318.1 331.1 343.1 357.4 370.4 391.9 410.7 424.6 436 442.7 448.9 453.3 456.5 459.9 460.9 463.2 463.4 463.4 462 459 457.4 453.2 447.7 441.9 436.4 431.7 431.1
191.7 197 198.5 199 196.8 192.5 188.8 184.4 179.3 175.6 172.4 169.9 171.6 175.1 179 181.5 183.4 183.9 184 184.5 185.3 185.2 184.4 183.9 187.4 191.6 197.1 204.7 212.4 218.2 224.3 229.1 231.6 232.2 229.5 226.7 223.4 221.3 221 219.6 222.9 224.2 231.4 238.9 246 252.8 258 264.3 277 291.2 305.6 318.5 330.2 340.9 354.3 371.5 396.5 416.4 427.5 434.4 443.2 447.8 452.4 455.8 458.2 459.2 460.5 461.4 460.9 458.4 454.3 452.9 448.4 442.7 437.8 431.9 429 426.5
194.8 198.5 198.3 196.7 193.8 190 185.3 181.4 176.7 173.3 170.5 168 168.1 171.2 173.8 177.5 179.8 180.7 181.5 182.4 182.7 182.7 181.7 182.4 184.8 190.8 196.5 202.5 209.7 216.4 220.5 223.8 225.8 225.2 222.2 218.5 216.5 216.3 216 214.8 216.9 223.2 229.6 236.3 240.9 245 252.6 262.7 275.4 289.7 304.1 317 328.5 339.1 352.6 371.7 394.8 414.9 425.9 434.2 441 446 451.4 454.9 457.2 458.1 457.4 458.6 457.2 454.4 450.1 446.8 442.6 438.1 433.6 429.6 426.9 423.5
195.5 198.7 198.2 194.8 191.3 186.3 182.1 177.9 173.7 171 168.4 166.5 166.9 168.1 170.7 173.3 176.2 177.6 178.6 180.7 181 180.8 178.5 180.1 183.3 188 194.8 199.7 206.9 213.3 214.7 217.4 218.1 216.5 213.4 211.9 212 211.8 212.2 206.6 214.2 220.6 226.2 231.4 238.7 244.6 252.6 260.8 275.9 288.8 301.4 314.9 328.3 339.9 352 373.1 392.6 408.1 420.3 433 439.2 445.8 451.9 453.8 455.6 455.8 456.1 455.7 453.2 449.2 445 441.6 437.9 434.6 431.2 427.9 424.2 421.3
192.9 195.7 195.5 191.7 186.9 182.4 178.6 174.5 171.1 168.6 166.3 165.4 166.4 167.7 169.8 171.2 173.6 175.5 176.2 177.5 178.2 177.6 176.1 178.2 181.4 185.8 190.4 196.4 203.1 208 208.3 210.1 209.8 208.7 207.8 207.6 209 207.5 208.7 208.9 213.3 219.1 224.7 231.6 237.1 244.6 252.1 260.1 276.4 287.3 299.9 313.1 325.6 339.8 355.3 372.2 388.1 400.1 413.6 425.5 434.7 443 449 451.9 453.5 454.7 453.6 451.4 448.3 445 442.2 438.8 435.2 432.2 430.1 427.8 423.6 419.3
187.1 191.3 191.3 186.6 181.1 177.2 172.9 170.7 168.3 165.6 164.4 163.6 166 167.3 169.9 174.2 175.7 174.8 174.6 175.1 175.3 175.3 175.1 176.4 178.8 182.4 187.3 192.1 196.3 199.3 201 202.7 202.7 203.5 204.1 204.5 204.2 203.4 201 206.2 213 219.4 225.4 232 238.3 246.3 253.2 260.5 272.8 286 296.7 309.1 323.4 338.6 352.5 368.5 384.5 396.8 407.1 420 430.3 437.8 445.7 449.4 452.4 451.6 448.9 446.1 445.8 444.4 440.8 436.5 434.1 431.9 430.1 427.8 423.4 418.3
180.1 185.2 184.7 181.4 178.3 173.3 171 167.5 165.3 163.3 161.4 163.4 165.4 167.1 170.9 176.8 178.8 175.9 174 173.5 173.4 172.5 173.3 174.3 175.7 178.1 182.3 187.5 190.6 192.5 196.7 196.6 197.7 198.8 199.7 199.2 198.9 197.4 203 208.1 215 220.2 226.4 232.4 239.2 246.2 255.5 264.7 277.1 288 296.6 307 321 335.6 349.5 364.7 378.9 391 403 414.1 426.9 436.3 443 445.7 447.7 448.7 446.4 444 441.8 439.8 437.1 435 433.6 431.7 428.9 424.9 421 416.8
172.8 175 174.2 173.5 171.4 169.2 166.8 163.7 161.5 160.5 157.9 162.5 165.2 168.1 172.9 178.3 179.7 177.3 174.2 172.8 172.1 171.4 171.4 172.1 172.4 174.3 178.8 183.1 186.9 190 190.5 192.2 193.8 194.5 196.4 194.4 193.2 196.6 201.5 207.3 214.3 219.9 226.9 234 239 246.2 255.9 265.9 277.3 287.1 297.3 307.9 319.1 333.4 346.4 360.8 374 385.3 396.5 409.5 425.4 435.9 442.2 444.2 446.3 447.3 445.3 443.6 441.5 439.2 437.6 435.9 433.2 430.1 427.5 423.5 419.8 415.7
165.1 168.5 168 166.4 166 164.7 161.2 158.6 156.5 157 159.2 162.3 165.8 170.4 175.9 179.4 179.5 177.3 173.8 172.5 171.5 170.3 170.1 171 171.8 173.1 174.9 178.7 182.7 184.8 186.3 188.1 189.7 190.4 190.9 191 192 196.4 201.8 209.3 214.2 220.6 226.5 233.6 240.2 247.5 255.8 263.8 276 286 295.5 305.9 313.9 329.9 343.8 357.7 369.5 381 393.9 408.8 421 432.8 440.8 443.4 447.1 446.8 445.8 442.7 440.3 438.9 437 435.6 433.3 430 427 424.2 418.4 412.7
160 161.7 162.2 160.1 159.1 157.4 155.7 155.2 154.2 153.6 158.2 161.7 165.8 171.1 175.4 178.6 178.5 176 172.9 171.3 171.2 170.4 168.6 170.2 171.4 172.6 173.1 175.4 177.4 180 182.5 184.4 185.7 186.2 185.3 185.2 192.2 198.8 201.3 208.3 214.8 221.3 228.1 235.2 242.3 248.6 255.8 263.4 272.7 285.2 295.2 304 315 328.2 340.9 355.4 369.1 382 395.8 405.8 416.7 429.7 437 444.9 447.7 447.6 444.4 442.5 439.6 437.1 435.6 432.5 430.7 428.8 426.2 422.2 417.4 412.6
163.4 160.8 160 158.2 152.5 149.9 151 151.7 149.3 153.9 157 160.6 165.4 170.3 174 176.6 176.6 173.8 170.9 169.8 170 169.6 166.9 168.3 170.2 171.8 173.4 174.5 175.6 177.4 179.7 179.8 181 181 182 188.1 196.8 205 210.2 210.4 213.2 218.8 226.9 234.5 243.1 251.4 259 266 273 284.7 293.9 303.2 311.6 322.4 336.9 356 370.6 382.9 394.1 402.2 414 426.5 436.4 443.7 448.3 447.7 443.7 442.5 440.8 438.4 435 432 430 427.8 426.3 422.1 417 412.1
168.2 165.2 162.5 159.7 155.8 153.7 148.1 146.5 146.5 151.1 155.4 159.6 165.2 170.1 172.7 173.8 174.2 171.6 168.4 167.5 167.6 166.8 165.6 165.7 166 169.5 170.2 170.5 172.6 172.6 174.4 174.8 177.2 178.3 185.3 193.8 202.3 210.2 214.4 216.8 218.9 222.5 227.2 234.7 244.5 253.5 261 268.7 276.7 287.1 294.8 303.2 311.6 322.2 341 359.8 373.7 384 392 401.2 413.6 425.1 436.7 442.2 444.2 443.7 442.8 442.7 440.2 437.7 433.8 431.7 428.7 425.9 422.9 421.1 415.4 409.5
169 166.7 163.7 160.8 156.1 153 149.1 143.6 143.3 148.6 152.7 156.5 162.4 164.6 171.4 172.9 172.6 169.7 166.6 165.3 165.4 163.7 164 162.3 162.1 163.2 165.3 166.9 168.2 170 171.1 175.9 185.2 188.3 197.6 202.4 207.8 213.6 218.7 221.4 223.7 226 230.1 238.5 251.4 258.6 267.3 275 283.1 290.8 299.1 306.8 315.2 332.8 347.8 361.9 373.7 382.2 390.5 397.8 408.9 420.7 430.5 439 440.7 440.2 440.9 441.7 440.8 439.3 439 434.4 427.9 423.4 421.8 419.5 414.4 408.8
168.3 166.1 163.8 160 156 152.1 148.9 143.9 141.4 145.4 149.2 150.8 160.9 162.9 167.1 168.6 168.8 167.3 165 163.3 162.7 161.8 160.7 159 160.7 161.8 162.8 164.6 166.3 172 176.2 183.1 192.3 197.6 201 206.1 211.1 216.3 220.3 223.7 227.4 229.4 233.5 242.8 255.9 263.7 270.4 278.3 286.6 294.2 302.4 312 327 340.2 352.2 363.3 372.4 380.7 388.4 397.8 405.3 414.9 421.5 429.3 432.9 439.6 440.6 438.8 437.5 436.1 434.6 431.9 427.9 423.4 421 419.8 414.6 408.4
165.7 165.1 161.9 159.4 155.4 152.3 148.8 144.2 140.4 141.6 147.1 148.5 154.4 157.8 162 162.9 163 162.9 162.3 161.1 159.8 158.9 153.8 158.6 162 160.5 162.6 164.1 167.5 172.2 177.3 186.6 194.4 200.4 204.9 209.4 214.7 221 224.7 228.1 232.4 236.2 237.4 249.9 259.9 268.3 276.7 284.2 292.5 299.9 307.7 318.4 333.3 344.7 354.5 363.2 368.3 375.7 383 390.8 398.9 403.9 407.9 418 426.3 434.2 439.6 437.6 434.5 431.8 431.7 430 427.5 423.1 418.3 414.6 409.7 404.8
165.1 160.9 159.1 157.8 153.9 151.6 148.8 144.7 139.2 139.4 145.1 148.8 149.1 151.7 154.9 157.6 157.6 157.9 158.5 158.1 156.8 151.2 154.7 161.2 164.2 161.9 162.6 164.4 169.3 174.3 180.4 187.5 196.1 203 210.4 215.8 222.2 228 232.4 235.4 240.1 243.4 248.1 256.2 264.8 275.2 284.7 293.5 301 309.2 318 329.2 339.1 344.7 353 358.9 360.3 364.1 369.7 376.2 383.2 391 399.4 408.5 414.7 424.8 428.8 433 432.3 430.7 428.2 425.6 424.3 418.6 413.5 409.4 406 400.7
158.3 157 155.3 153.1 150.2 149.8 147.1 143.6 139.5 136.3 139.1 142.9 142.4 144.8 146.4 148.8 151.9 152.7 154 154.1 152.4 146.1 155.3 162.4 165.2 163.8 164.7 167.8 171.3 176 182.7 190.5 197.6 206 214.7 222.6 230.3 235.3 239 241.2 244.2 246.8 253.4 263.2 271.6 280.8 291.4 302.1 311.2 318.7 326.4 334.9 338.9 342.6 347.6 351.7 352.3 352.6 358 367.2 373.3 379.9 388.2 398.5 403 408.4 421.6 428.9 431.1 428.2 424 420.4 416.1 412.6 407.5 401.5 397 392.8
150.3 151 150.8 149.5 146.8 145.5 144.9 141.9 139.2 135.6 137.3 138 137.8 138.3 140.2 143 145.6 147.2 148.9 149.1 148.1 147.2 157.2 162.6 166.4 169.5 170.4 170.4 173.2 176.6 182.1 191.2 197.8 206.3 215.6 224.7 233.3 240.1 244.9 245.6 249.1 251.5 256.6 267.2 277.5 288.5 300.1 308.8 318 325.2 332.4 335.7 336.9 336.8 337.4 337 338.7 344.4 348.1 354.5 362.5 368.9 375.7 385.8 396 404.7 412.9 420.2 422 421.7 417.7 413 408.7 405.1 400.1 394.8 388.6 383.7
147.1 147.3 146.9 143.4 141.6 140.5 140 138.3 136.3 133.3 138.3 137.6 136.2 135.8 137.4 138 141.4 142.1 143.3 143.3 141.3 150.3 158.4 164.9 173.2 177.9 179.7 178.3 177.6 179.5 183 189.5 197 206.3 215.7 225 234.3 242.1 247.9 250 253.6 257.8 262.5 269.2 279.6 292.9 305.2 314.7 322.5 329.8 333.1 335 333.6 331.9 329.3 326.2 327.9 330.4 332.6 341.1 349.6 357.2 364.5 376.5 386.8 393.6 398 402.7 405.2 405.8 403.1 400.2 396.2 392.8 388.3 382.6 377.4 372.6
148.3 147.2 146.1 141.5 139.1 137.1 136.2 133.4 132.4 132 137 138.2 136.9 135.6 134.2 134.6 135.2 136.8 137.6 137.2 142.8 152 158.6 165.2 173.6 181.9 185.2 186 184.8 184.5 186 189.1 195.8 204 213 224.9 234.5 241.9 248.4 254.1 257.4 261.5 266.8 275.9 284.4 296 307.1 315.7 322.9 325.8 328.9 328.2 329.4 325.3 322 316.1 313.5 315.1 319.5 329.4 339.3 346.7 353.4 364.1 371.3 378.3 379.6 382.1 383.1 383.7 382.3 386.8 384.6 380.5 375.4 370.7 364.4 359.4
140.6 143.9 143.1 140.6 138.1 134.2 132 131.4 129.8 130.1 131.5 132.8 134.9 136.7 135.1 133.1 132.5 133.8 135.3 138.8 145.9 153.8 158.8 164.1 170.8 177.7 183.8 188.7 191 189.8 189.8 190.9 194.7 200.9 210.4 223.8 232.1 239.9 246.5 253.2 259.9 266.3 271.2 277.9 287.2 298.3 305.9 313.3 317.7 320.5 321.8 324.3 322.3 317.2 311.5 306.2 301.2 299.9 306.9 316 324.5 332.3 339.8 346.9 352.5 361.7 364.7 366.7 367.6 365.4 364.6 363.1 364.6 360.2 355 348.5 344.6 343.5
140.6 142.3 145 142.8 138.1 134.3 131.7 129.7 128.5 128.9 128.5 127.9 129.8 134.7 133.6 132.9 131.5 132.5 135.2 139.5 146.2 152.1 162 165.1 170 174.7 182.9 188.8 195.2 195.7 192.5 192.8 194.5 200.3 209 220.3 228.1 235.4 243.9 251.3 257.9 264.8 272.3 278.7 287 294.3 300.3 307.3 311.1 315.2 319.3 318.9 316.9 309.4 304.1 297.7 290.2 283.8 289.3 298 306.5 314.6 325.1 333.5 339.3 343.5 347.2 347.4 348.4 348 344.7 342 340.1 337.7 334.6 331.5 327 332.6
138.8 140.3 146 143.8 143.4 137.8 132.8 129.3 128.5 128.1 127.9 127.1 126.2 129 130.8 131.2 130.4 131.2 133.4 139.4 146.7 153.1 162.1 167.6 171.1 173.5 176.5 184.1 193.2 194.2 193.8 193.1 194.7 197.7 204.9 211.1 215.8 225.8 235.2 243 249.9 258.2 266 272.9 279.3 286.8 295 299.8 304.8 310.4 315.9 314.6 311.5 303.8 293.7 285.2 276.7 275.4 275.6 282.8 280 299.4 308.1 318.7 321.8 324.7 326.6 327.5 327.8 326.8 324.7 322.9 321.5 319.9 317.6 314.3 313.6 315.7
136.9 139.5 141.7 142.9 143.6 140.5 137.9 132.7 128.6 127.4 127.4 126.9 126.3 127.6 128.2 128.5 130.2 130.8 131.4 139.3 146 152.1 161.9 169.5 171.3 171 172.1 178.5 187.3 192.3 193.2 191.8 191.8 195.6 199.6 203.9 207.5 216.5 223.9 231.7 240.1 246.1 253.6 261.8 271.4 279.9 286.7 293.8 298.6 301.4 304.2 305.7 302.5 291.8 282.6 275.2 270.6 267.4 265.4 268.5 278.2 283.4 294.5 297 301.3 301.4 303.8 305.3 306.6 308.6 309.2 308.2 307.2 305.7 303.1 298.7 300.5 303.9
138.8 140.4 139.8 143 141.6 140.7 138.7 135 131.5 128.3 127.3 126.4 125.8 127.5 127 127.4 129.1 131.4 131 138.6 144.5 150.5 159.7 165.8 167.9 168.8 169.9 173 179.2 184.8 187 186.7 186.6 190.2 194 196.4 199.9 208.5 215.8 220.4 225.4 231.1 240.8 249.6 261.1 271 277.7 285.2 290 294.3 294.7 294.4 289.5 279.6 271.6 265 259.4 260.9 257.6 257.8 265.2 270.4 274.1 281.8 283.9 282.4 283.5 290.5 292.2 295.2 296.5 294.6 292.4 290.5 288.2 283.7 286.5 288.9
