public/OST50/NJ60.asc
ncols 200
nrows 200
xllcorner 360000
yllcorner 800000
cellsize 50
[rows 0 to 34 of 200, columns 78 to 155 of 200]
389.6 374.6 362.4 352.2 342.3 332.4 321.9 311.9 300.1 288.4 279.8 272.7 264.6 256.9 248.2 240.6 234.4 228.5 223.8 213.2 205.6 200.3 194.2 190.4 186.3 180.5 180.1 183 184.8 186.4 191.7 197.9 207 214.7 220.5 223 220.5 214.4 205.9 196.2 190.3 185.5 182.2 179.2 176.1 172.4 169.6 168.2 166.6 165.1 163.3 161.8 159.8 157.6 153.6 148.9 145.1 142.7 139.2 136.1 132.4 128.4 125.6 123.7 119.9 117.4 114.7 113.5 112.4 111.2 111.4 110.9 111 111.1 111.3 111.9 113.4 115
396.1 379.3 365.2 353.8 342.7 332 320.6 310.6 296.9 284.4 278.8 269.1 262.2 256.7 246.7 240.1 233.7 226.6 220.3 213.4 206.9 201.3 195.9 190.6 186.8 181.9 181.9 184.5 186.8 191.9 195.4 202.7 211.9 222.7 227.8 230.5 226.5 222.2 209.7 197.3 193.1 186.5 182.5 179.9 177.1 172.3 169.3 167 164.7 163.6 162.3 161.1 160 157.9 154.7 149 143.9 141.2 138.1 135.4 131.4 127.9 124.4 121.5 117.8 115.1 113.8 113 111.4 111.2 110.5 110.9 111 111.3 111.6 112.5 113.3 115.6
401.3 384.9 369.1 355.1 343 333.4 321.6 311.4 297.4 285.7 277.9 269.4 260.7 253.2 243.8 237.8 232.2 224.1 218.4 212.7 207.2 201.2 196 191.7 186.3 181.6 183 186.2 190.7 195.5 199.7 205.5 217.2 226.5 230.4 231.5 228.3 222.9 214.1 203.2 196.2 191.7 188.5 182.9 177.2 171.9 167.5 165.5 163.2 162.2 161.1 161.6 161.2 157.5 152.4 147.7 143.6 139.9 136.9 133.8 130.1 126.2 122.8 119.9 117.6 113.6 113.9 111.9 111.3 111 110.6 110.5 111.6 111.7 112.2 113 114.4 116.2
406.6 390.3 374 359 344.5 334.2 322.5 310 297.2 285.3 276.9 267.8 258.8 249 240.7 235.5 230.1 222.3 216.6 211.5 205.5 200.3 193.8 190 184.1 182.7 183.4 187.8 195 199 202.8 211.2 221.9 229.6 232.6 232.4 229.3 224.3 216.7 207.5 200.1 193.7 185.9 179.5 174.8 170.1 166.4 163.3 161.8 160.6 160.2 159.7 157.7 154.3 148.5 145.6 143 140.5 135.3 132.3 129 125.1 121.5 119.3 115.8 114 113.4 111.9 111.3 111.4 110.8 111.1 111.1 111.6 111.5 113.4 114.8 116.8
409.7 394.2 377.3 362.1 346.9 334.2 321.3 310.2 298 286.5 275.9 266 257.3 249.1 239.1 232.5 227.3 220.4 216 211.6 204.7 198 193.4 190 189.2 188.2 184.8 189.8 197.5 200.9 204.9 216 225 231.6 234.9 232.7 229.2 224.9 216.1 208.1 202 194 187.3 178.4 172.4 168.6 164.9 162.7 160 158.7 157.9 155.8 153.6 150.5 147 144.4 142.3 138.8 134.7 131.7 128.6 125.1 121.7 118.8 115.8 113.6 112.9 112 111.4 111.7 113 113.8 113.7 113 113.1 113.7 115.1 116.6
412.5 396.3 379.9 364.8 350.1 334.8 320.6 309.9 296.5 285.1 274.8 265.5 255.9 247.3 239.9 230.6 224.2 218 214.8 209.7 202.8 197.4 194.5 194 192 189.5 188.4 191.8 198.8 202.7 209.1 219.8 228.2 233.3 235.6 232 227.2 220.5 211.2 207.8 201.8 193.9 185.5 177.5 171.6 167.7 164.4 161.7 159.3 157.2 154.5 152.9 151.2 149.5 147.3 144.9 140.9 137.4 134.1 131 127.5 125.2 122 118.4 116.4 114.1 113.1 113.8 114.8 115.7 116.9 117.6 117.9 117.8 116.6 113.6 114.5 115.5
412.1 396.6 380.4 365.4 349.5 333.2 319.8 307.7 294.8 284.1 272.3 261.9 252.4 247.2 239.1 232.5 225.4 217 211.2 207.8 203.4 199.1 196.4 195.1 192.7 189.4 191 194.6 199.9 204.3 210.4 222.3 231.3 234 234.4 230.4 224.3 214.1 207.3 203.8 197.2 187.5 180.1 174.5 167.3 164.3 162 160.4 158.3 156.2 154.6 153.3 151.7 149.5 146.9 144 140.1 136.3 133.4 130.5 126.5 123.1 120.7 117.9 116.3 116 117.6 119.6 120.6 120.5 120.7 120.6 120.5 119.7 119 115.7 113.2 114.4
406.3 391.9 377.9 362.8 346.3 330.2 317 304.1 292 279.9 268.6 258.2 249 241.5 235.1 230.5 224.5 218.8 211.3 207.1 204.7 200.9 197.9 195.6 193 192.1 194.2 198.9 202.3 205.9 212.6 223.9 231.7 234 230.9 225.3 217 209 202.4 197.9 190 182.1 175.3 169.9 166.1 163.8 161.1 158.9 157.3 155.8 154.8 153.7 151.5 147.5 144.3 141.5 137.8 133.9 132.3 129.4 125.4 122 119.8 118.5 118.4 119.6 121.8 123.9 123.9 122.8 122.5 121.8 121.4 120.5 119.6 117.6 112.7 111.7
397.2 384.1 369.6 355.5 339.6 324 310.7 298 286.9 273.9 262.6 254 246.5 238.3 234 228.5 223.4 218.5 213.1 212.4 210.2 202.8 198.2 195.4 194.8 196.4 197.4 200.3 204.1 207.5 213.9 225.7 230.5 230.2 224.5 217.9 209.8 201.9 198.2 191.6 184.4 176.6 171.9 168.3 165.6 162.3 160 158.3 156.9 155.3 154.9 152.9 149.8 145.5 140.9 138.4 135.7 132.2 130 126 123.7 121.6 121.7 121 121 123.1 125.6 126 125.5 124.1 122.8 122.6 121.9 120.3 119.4 118 115.9 112.4
387.4 374.1 360.9 346.1 329.4 315 301.2 289.1 275.7 267 259.8 250 243.1 236.8 232.1 227.3 223.3 220.2 218.1 215.1 212.8 203.9 198.6 198.9 198.7 199.5 200.9 203.4 206.1 209.3 215.4 222.2 227.2 224.5 217.3 211.1 203.6 198.2 194.1 187.5 180 173 170.3 167.1 163.4 160.6 158.3 156.8 155.1 153.5 150.8 149.1 145.4 142.4 139.2 136.9 134.8 131.8 128.2 125.7 124.1 123.3 123.5 123.2 123.9 125.9 127.3 127.2 125.6 124.6 123.5 123 122.2 120.6 119.2 118.1 116.5 114.7
376.6 364.5 350.9 334.7 317.6 303 290.4 278.1 268.2 259.9 254.5 247.8 243.1 237.1 232.8 231.6 228.5 224.7 219.6 215.8 211.7 205.9 198.9 201.9 201.4 202.3 203.7 205.2 207.9 211.3 215.2 221.7 223.2 219.4 212.3 205.1 199.1 195.9 190.8 182.7 175.4 171.4 168.7 165.5 161.9 158.9 156.9 155 152.8 150.1 147.5 145.6 142.9 140.2 137.5 134.5 131.5 130.2 127.9 127 126.5 125.3 125.1 125.1 126.3 127.5 128 127.4 125.9 124.9 124.2 123.3 121.8 120.2 119.5 118.3 117 115.4
367.3 354.6 340.8 321.7 306.5 292.5 280.4 271 262.7 256.5 252.1 248 244.7 241.8 241.1 239.6 236.3 229.9 224.6 219.8 211.8 204.3 203.9 203.7 203.2 204.6 205.8 207.1 209.2 212.6 216.2 220.1 220.5 217 210.7 203.9 198.3 194.6 187.2 178.9 173.8 170 167.5 164.3 160.8 158.7 156.2 153.8 151.8 148.9 145.6 143.8 141.2 138.6 136.3 133.8 132.3 130.9 130.1 129.8 128.6 128.7 128.5 128.2 128.7 128.8 128.7 127.2 126.3 125.6 124.2 122.6 121.1 119.9 118.7 117.7 116.6 115
358.6 346.3 327.2 307.5 297.1 286.8 276.3 265.2 261.9 257.4 257.8 258 256.3 251.7 249.7 244.7 242.2 233.6 226.2 218.7 212.9 204.6 206.7 206.6 205.8 206.9 208.3 209.7 212.4 217.6 219.2 221.6 219.3 215.6 209.2 202.4 198.1 191.5 182.7 178 173.7 169.7 167.8 164.6 161.3 157.9 155.2 153.2 150.5 147.3 145.1 142.8 139.4 137.5 136.4 135.1 134.2 133.4 132.4 131.9 131 131.2 131.1 131.1 130.6 129.7 128.8 128 126.8 125.3 123.9 121.8 120.2 118.5 117.5 116.3 114.9 113.4
348.3 338.9 323.2 305.6 297.8 289.2 283.9 272.4 266.5 267.2 268 267 261.3 260 255.7 249.9 244.6 235.9 228.1 220.5 213.7 205.8 209.5 209.3 209.1 209.2 210.7 213.8 219.5 222.3 224 226.2 222.5 215.1 209.1 204.7 195.7 189.9 183.3 178.1 174.5 171.4 166.9 164 160.7 157 153.6 150.6 148.3 146.2 143.7 142.3 140.8 139.6 137.9 136.4 135.8 135.5 134.6 133.6 132.9 132.7 132.5 132.3 131.7 130.7 129.4 128 126.8 125.1 123.4 120.6 118.5 115.7 115.1 113.9 113.6 113.2
346.7 337.4 325.8 314 303.5 293.3 288.8 278.8 273.6 274.7 274.5 272.3 268.8 266.2 259.9 253 245.7 237.7 229.5 222.3 212.1 209.8 211.6 211.3 210.8 211.6 213.1 218.4 221.8 225.8 231.3 230.9 228.5 222.2 213.9 205.7 198.9 192.2 184.5 178.6 175.2 171.3 166.9 163.3 159.2 156 153.3 150.2 148.4 146.2 145.1 143.7 142.4 140.8 139.5 138 137 136 135.2 134.6 133.4 132.7 132.5 132.5 132.9 131.2 129.2 127.9 126.9 124.6 122.4 119.2 115.8 114.1 114.3 114.2 113.8 113.5
346.9 335.5 325.3 316.3 306 299.3 293.4 283.8 280.4 279.1 276.7 275 272.6 267.9 262.3 254.8 246.8 238.4 230.3 222.6 210.7 213.8 213.4 213.2 212.6 213.3 216 221.2 225.4 228.5 233.7 236.2 235 230.6 222.2 212.5 203.5 195.3 187.2 180.8 176.7 172.2 168.4 164.2 159.9 156.5 153.5 151.1 148.5 147.6 146.7 145.2 143.2 141.8 139.9 138 136.4 135.3 134.7 133.9 132.9 131.8 131 130.9 131.8 129.9 128.5 127.1 125.9 123.7 120.4 116.6 117.1 116.9 116.4 115.1 114.7 114.8
346.9 335.8 326.3 315.9 308.6 301.6 295 288.3 283.3 281.1 278.2 276.8 274.3 268.9 263 255.7 246.5 237.5 229.4 223.2 211.6 215.8 215.7 214.8 215.7 216.3 220.4 224.9 230 233 237.3 240.9 240.8 236.4 229.8 220.1 210.3 199.8 191.4 185.1 180.4 174.6 169.6 164.4 159.7 156.1 154 151.6 151 148.8 147.3 145.2 143.1 140.7 139 137.1 135.4 134.1 132.8 132.4 131.4 129.5 128.7 128.1 127.6 126.3 125.2 123.9 123 120.7 117.2 120 120 119.8 118 117.1 116.1 114.8
345.1 334.6 325.4 314.6 309.1 304.1 296.4 290.3 285.4 281 277.9 276.5 273 267.3 262.3 255.6 248.8 239.3 229.6 224.2 217.7 217.4 218.5 217.8 218.8 220.2 225.6 229.9 234 236.9 240.5 244.8 246.5 244.2 238.6 228.7 219 209.9 201 192.7 185.3 176.1 170.6 164.7 159.5 156.8 154.9 153.8 151.6 148.8 146.5 144.9 143 140.5 138.3 135.4 133.9 132.5 131.3 130.1 127.9 127.3 126.9 125.4 126.5 125.8 124.8 124.8 124.8 122.9 123.4 123.3 122.8 122.2 121.4 119.6 118.6 115.8
341.7 332.7 323.6 317.7 311.7 304.6 297.1 290.4 284 279.1 275.9 273.3 270.5 265.4 260.6 254.5 248.3 240.9 227 225.6 220 213.6 219.8 220.9 222 226.5 229.5 233.5 236.9 239.1 243.2 246.9 252.4 250.7 245.2 237.9 229.5 219.7 211 202.9 194.8 183.3 172.9 167.9 161.6 158.6 157 154.1 151.2 148.5 146.8 145.2 142.3 138.9 135.6 134.4 133 131.6 129.6 127.4 127.3 127.9 128.6 128.9 129.5 129 128.9 128.5 127.8 126.8 126.1 125.5 124.9 124.3 123.2 121.8 119.7 116.7
340.9 332.4 325 318.1 308.6 302.2 294.8 287.9 281.3 276.9 271.9 268.4 266.4 261.8 256.3 250.9 245.3 237.3 228.4 223.9 220.8 215.3 222.6 225.7 227.2 229.8 233.1 236.4 238.6 240.9 244.7 249.9 256.5 255.5 252 247.9 240.5 231 219.1 209.6 203 194.4 178.6 172.2 167 162.9 158.6 154.2 149.9 147.8 144.7 143.4 139.7 137.5 135.1 133.5 132 130.5 128.4 128.6 128.1 128.2 129.3 130.8 131.4 131.7 131.5 131.2 130.4 129.4 128.3 127.6 127 125.7 124.4 122.2 120 117.5
340 332.2 323.3 313.9 306.1 299.3 291 284.7 279.3 272.1 267.4 263 259.9 256.7 251.9 247.2 241.1 234.4 229.3 221.4 218.6 220.7 226.7 229.3 231.1 232.6 236.1 238 240.3 242.8 246.1 252.7 258.4 259.8 260.4 260 253.6 243.8 232.2 219.9 209.6 202.5 194.9 179.5 171.4 166.9 162.4 155.1 150.7 147.8 145.1 142.6 139.8 137.4 134.9 133.1 131.4 130.4 128.8 129.4 129.3 129.3 130.5 133.4 134 134.4 134.2 133.9 133.1 132 130.6 129.7 128.4 126.6 124.4 122.5 120.3 118.3
339.4 331.4 323.6 312.1 301.3 292.9 285.1 279.2 272.2 265.8 262 258.1 254.3 250.5 247.2 243 236.8 231.1 225.5 222.7 216.2 222.1 229.5 232.4 233.7 235.4 237.3 239.5 242 244.7 248.6 253.1 258.2 264.4 270.1 270.3 264.5 253.5 245.4 231.9 219.8 210.5 202.4 196.7 184.2 171.2 165.1 158.2 152.7 149.3 146.1 143 139.9 137.6 134.9 134.4 133 131.8 130.2 130.6 130.8 130.3 133.8 136.1 137.1 137 136.6 136.4 135.6 134.6 133.1 131.1 129.3 127 124.1 122.7 120.6 118.4
338.1 330.6 321 307.9 295.7 286.8 279.4 271.4 266.2 262.4 257.4 254.3 249.5 244.4 239.1 238.7 233.1 226.5 219.2 218.1 221.6 227.6 231.7 233.5 236.2 237.1 239.1 241.3 243.8 246.5 249.6 253.7 258.6 265.1 275.4 280.1 275.5 267.3 259.1 249.5 231.4 218.2 206.9 201 193.8 178.6 168.6 158.4 153.5 151.2 147.7 144 141.3 139.8 136.4 135.2 133.9 132 130.8 131.9 132.8 134.1 137.4 139.7 139.7 139.5 138.8 138.1 137.1 135.6 133.3 131.7 129.1 126.7 124.8 123 121.2 117.8
338.2 327.5 316.5 303.3 290.5 284.1 275.3 269.2 264.3 258 253.6 249.4 245 238.3 235.8 232.3 226.7 220.3 226.1 227.4 222.8 230 232.7 235.3 237.5 239.2 240.3 243.8 246.1 248.2 250.7 254.1 258.4 265.2 275.3 284.1 284 279.9 270.6 260 245.9 230.3 217.8 207 196.2 182.5 172.3 162.1 156.2 153.2 149.8 147 144 140.8 138.2 136.5 134.8 133.5 131.7 133.3 135.5 137.3 139.8 141.7 142.1 141.4 139.9 139.6 137.4 135.9 133.8 131.7 129.5 127 125.1 123.3 121.7 118.7
338 327.1 315.7 302.4 297.6 283.9 275.3 267.8 261.7 255.6 250.7 246.1 239.6 234.9 230.4 226 225.3 220.9 228.2 228.4 226.3 231.7 233.6 236 238.4 241 242.4 245.5 248.1 250.2 252.2 254.7 258.2 263.9 273.9 284.8 291.1 290.9 282.1 271.5 260.3 244.2 227.1 211.8 198.1 185.1 175.3 168.6 160.4 156.9 154.4 148.9 144.9 141.6 140.1 138.1 136.1 135.2 132.5 135 137.1 139.2 141.2 142.2 143.6 141.7 140.3 138.6 137.3 135.5 133.9 131.8 130.1 127.8 125.7 123.8 122.4 119.5
340.2 331.7 322.2 312 301.5 288.5 277.4 267.9 260.5 254.9 249 242.6 238 233.9 229.5 227.6 229.2 225.3 229.5 224.8 230.2 233 234.9 236.3 238.9 242.3 246.3 249.1 250.3 251.5 253.2 255.3 258.1 263.5 272.6 285.3 294.2 293.8 288.1 277.1 265.1 248.1 232.4 216.7 201.6 188.4 179.8 171.2 164.7 160.9 155.7 150.7 146.8 144.6 141.8 139.2 137 137.5 133.9 137.4 139.2 140.7 141.7 142.7 142.9 140.4 139.6 138.3 137.1 135.8 134.2 132.8 130.8 128 126 124.6 122.9 119.9
343.1 337.7 328.6 316.7 304.1 291.9 279.9 270 261.9 255.2 248.5 242.9 237.2 233.9 230.5 229.5 229.6 226.3 230.1 227.9 227.4 232.2 234.4 236.5 240 245.2 248.9 251.5 251.3 251.1 251.7 253.4 256.3 262.4 272.8 282.9 291.4 292.1 287.3 276.8 268.3 252.6 235.4 219.7 205 191.4 181.6 173.2 167.5 163.5 157 152.1 149.2 147.2 142.9 141.3 140.6 140 136.1 138.5 141.1 142.4 142.9 143.1 142 140.3 139.7 138.6 137.1 136 134.3 132.7 129.8 127.4 125.1 123.6 121.6 119.1
346.1 339.7 331.6 321.8 307.9 293.5 280.5 265.9 260.1 254.2 248.5 242 237.6 234.4 231.1 229.9 229.3 227.9 230.4 230 226.5 231.4 233 235.6 241.1 245.5 248.8 252 249.4 249 249.7 252.1 255.4 262.2 269.3 278.5 284.6 284.7 281.5 273.5 265.7 256 238.6 222.8 207.1 192.6 183.5 175.8 171 163.8 157.9 154.9 151.2 148.9 146.3 143.3 143.3 142.4 138.5 141.6 142.6 144.2 143.7 143.1 141.6 140.4 139.3 138.2 136.9 134.5 132.5 130.5 127.9 125.8 123.6 121.8 120.1 119.5
348.1 340 331.9 320.9 308.7 296.1 283.2 272.2 262.1 254.2 247.6 242.1 237.9 234.3 230.7 229.4 224.3 229.5 231.4 230.7 227.4 230.1 232.1 235.5 242.3 245.6 248.8 248 246.2 246.6 248 251.2 255 260.9 266.6 272.2 275.5 275.4 270.8 264.2 256.7 248.8 237.5 225.1 209.3 195.7 185.1 177.8 172.7 167 161.2 158.1 153.6 151.5 148.3 146.1 145.6 143.6 140.7 143.4 144.5 145 144.5 142.7 140.8 140.4 138.7 136.6 134.1 131.8 129.9 127.8 125.5 123.6 121.8 119.5 120.1 120.5
347.5 340.5 332.2 321.3 310.1 297.7 283.5 271.7 262.5 253.7 247.8 242.2 237.8 232.7 229.7 226.2 226.1 230.3 231.8 231.2 228 227.1 229.8 234 239.1 242.6 242.6 241.9 242.3 245.2 247.5 250 254.3 258.8 262.5 264.9 265.7 263.3 259.3 253.9 247.1 238.9 232 223.7 211.6 199 186.2 178.6 174.2 169.4 164.5 159.7 156 153.8 150.6 149 145.7 141.2 144.5 145.5 146.1 145.9 144.6 142 140.2 138.1 136.3 133.7 131 128.2 126.1 125.3 124.9 121.3 121.1 121.7 122.5 123
344.3 337.5 329.3 318.7 307.4 294.4 279.7 270.7 263.3 254.6 245.1 241.3 235 233 228.3 226.6 229 230.4 231.3 231.1 229.6 226.7 228.6 231 233.2 234.3 234.6 237.3 239.7 242.2 246.1 248.7 252 255.8 258.5 258 255.9 253.9 249.8 245 240.1 234 228.4 222.1 213.9 202.2 189.4 180.3 176.3 170.4 165 159.9 156.7 154.5 151.9 149 145.3 141.5 146.6 146.5 146.7 145.8 143.7 140.6 137.6 134.6 132.2 130.4 126.9 123.7 124.8 123.5 122.6 122.2 123.5 123.7 124.2 124.4
339.1 332.1 321.2 310.8 298.3 286.3 275.8 268.4 262.8 250.7 244.2 239.6 236.9 230.6 228.7 229.3 229.8 230.1 229.4 229.1 227.6 226.7 227.7 228.2 229.3 230.5 233.5 235.4 237.1 241.4 244.2 247.1 251 253.5 253.9 251.9 249.8 245.2 241.7 238.6 234.8 229.8 225.4 220 213.3 203.5 193.2 185.2 177.4 170.5 165.2 160.9 157.5 153.8 151.1 146.7 148.1 148.6 147.8 146.1 145.3 143.7 139.6 133.1 131.2 129 128.1 129.3 131.2 129.6 128.5 127.7 127.2 126.4 126.4 126.8 126.9 126.7
331.9 322.2 309 298.5 292.3 281.5 271.1 263.3 254.1 245.9 244.4 237.3 236.8 235.3 232.9 230.6 230.4 230.3 229.9 228.1 226.1 225.6 225.4 226.4 227.1 228.8 230.5 233.7 237.1 240.1 243.2 247.5 249.8 250.9 250.2 247.3 243.3 239.4 235 231.9 230.4 226.6 223.2 218.4 211.1 203 193.6 187.6 179.7 172.6 166.8 159.7 157.8 155.2 154.1 153.5 152.4 151.6 149.7 147.8 144.8 139.3 138.6 138.6 137.6 136.7 134.8 134.4 132.6 131.2 130.1 129.6 129.3 129.6 130 130.2 130.8 131.3
315.4 312.3 305.4 296.7 286.6 271.3 267.8 260.9 250.7 242.2 240.7 243.1 241.7 239.1 236.3 233 231.5 230.9 229.7 227 225.2 224.8 225 225 225.9 227.1 228.4 232 235.9 238.9 243.8 248.8 250.7 249.2 246.2 243.2 239.1 233.8 230.4 227.7 225.7 222.6 219.9 213.7 207.1 201.9 195 187.8 181.1 173.3 165 165.9 163.6 160.9 159.3 158.1 156.9 154 151.9 148.9 144.2 142.1 143.8 142.5 140.9 139 137.5 136.4 135.3 134.2 133.3 133.5 133.9 134.3 134.7 134 134.4 134.3
314.7 306.9 298.2 289.5 279.4 267.5 259.7 255 252.6 251.4 250 248.3 246.3 242.5 238.3 233.8 232.3 230.9 229.3 226.9 225.6 224.4 223.8 224 224.5 225.6 227.3 230.6 234.3 237.8 244.3 250.7 251.1 247.9 244.7 241.4 236.5 232.3 227.9 225.1 222 218.2 213.8 208.1 203.2 198.8 192.4 187 176.7 174.9 174.3 172.4 170.2 166.9 165 162.4 159.5 157 154.8 153 149.6 148.7 147.7 146.1 144 141.4 140.8 139.4 139.2 138.2 138.8 138.2 138.3 139.3 138.3 138.6 138.4 137.3
