public/OST50/NJ61.asc
ncols 200
nrows 200
xllcorner 360000
yllcorner 810000
cellsize 50
[rows 35 to 69 of 200, columns 0 to 78 of 200]
130 128.5 127.4 126.6 126.4 126.2 125.9 125.4 124.4 123.2 123.3 123.1 122.4 121.2 121.2 120.1 119.9 120.2 120.4 120.6 113.9 115.3 115.3 115.4 115.9 115.9 116.4 116.1 116.6 116.4 116.7 116.1 116.5 114.9 120.8 121.2 121.3 121.9 122.2 123 124 124.8 125.1 125.5 124.1 125 126.2 129.5 132.5 139.1 157.9 175.6 190.6 203.7 209.1 211.2 209.9 212 211.7 208.4 206 203.7 200.2 199.3 199.5 201.7 207.4 212.9 218.4 224 230.1 237.8 244.8 248 249.7 246.9 243.6 238.9 231.7
130.2 129 127.6 126.7 126.5 126.3 125.3 124.7 123.6 124.2 124.5 124.2 124 123.4 122.9 121.8 121.3 121.1 120.9 120.8 120.4 115.5 115.5 115.9 116.1 116.2 116.2 116.1 116.2 116.4 116.5 116.5 116.6 116.8 116.3 117.7 121.4 121.2 122 122.8 123.9 124.7 125.1 125.5 125.3 125.7 126.9 130.6 133.6 142.1 162.8 180.6 194.7 204.9 207.3 209.9 210.5 210.5 209.3 207.9 207.8 204.4 200.7 200.5 201.6 206.2 211.4 216.9 223 230.6 239.3 246.1 251 252.9 253 249.5 243.4 235.3 225.1
130.8 129.5 128 127.4 126.9 126.5 126.1 125.9 125.9 125.9 126 125.7 125.1 124.9 124.6 123.7 122.9 122.5 122.2 121.9 121 115.6 115.9 115.9 115.9 116 116 116.1 116.4 116.6 116.6 116.7 116.7 116.9 117.2 115.2 121.9 121.6 122.2 122.8 123.7 124.5 125 125.4 124.9 126 127.9 131.3 134.7 145.4 165.1 181.7 196.6 205 204.2 204.8 208.4 207.6 206.7 206.7 206 201.6 200.9 201.6 203.4 208.9 214.8 220.3 227.3 236.6 245.7 252 254.1 255.4 253.6 248.3 240.3 227.2 218.8
130 128.7 128 127 127.4 127.3 126.9 126.8 126.4 125.9 126.4 125.9 125.3 125.1 124.9 124.4 123.8 123.2 122.7 122.3 121.8 120.8 115.5 115.6 115.6 115.8 116.1 116.3 116.6 116.8 117 116.9 116.9 117.2 117.5 117.6 115.6 121.9 122 122.7 123.4 124.3 124.9 125.4 126 126.7 128.9 133.2 136.2 146 164 179.1 192.9 200.7 201 201.8 202.6 203.4 203.3 202.4 200.3 199.5 200.3 202.2 204.4 209.8 217.5 224.3 232.5 241.7 249 254 254.2 253.5 249.7 241.7 232.8 224 219.7
129.2 128.4 127.5 129.5 129.3 129.5 129.3 129 128.7 127.7 126.6 125.9 125.3 125.3 125 124.6 123.8 123.5 123 122.4 121.7 121 120.1 119.7 119 116.5 116.1 116.6 116.8 117 117.2 117.3 117.4 117.6 117.7 117.3 117.2 121.5 122.4 122.8 123.4 124.1 124.8 125.4 126.5 128.3 130.4 134.2 137.3 147.3 161.1 174.1 187.9 194.9 196.7 197.9 197.9 198 198 197.1 196.2 197.9 199.3 201.3 204.6 210.8 219.2 227.4 235.3 242.7 250.1 253.1 251.7 249.7 246.6 239.6 234 228.9 224
128.7 127.5 127.9 129.4 130 130.8 130.6 130.2 130 128.9 128.1 127 126.5 126.3 125.3 124.5 123.5 123.1 123 122.2 121.5 120.9 120.2 119.9 119.1 118.5 116.9 116.8 117 117.2 117.4 117.7 117.7 117.5 118.5 117.9 115.3 120.1 122.1 122.5 123.3 123.7 124.5 125 126.5 128.3 131.1 135 137.9 146.9 158.7 170.2 182.5 189.6 191.9 193.4 192.8 191.6 192.2 192.9 193.9 196.3 198.3 201 204.5 211 220.2 227.9 236.8 243.9 249.9 253.6 253 249.7 246.7 242.5 238.3 232.3 226.2
128 127.8 128.2 129.6 130 131.1 130.3 129.7 129.6 129.1 128.3 127.5 126.6 125.8 124.9 124.4 123.5 122.5 122.2 121.9 121.6 120.9 120.1 119.4 119.3 119 118.7 117.3 117.1 117.3 117.6 117.8 117.5 118.2 115.8 117.2 117.1 119.4 121 121.7 122.3 123.1 123.8 124.8 126.3 128.4 131.6 135.4 139.3 146.4 156.8 166.4 175.1 183.9 186.2 187.3 185.7 185 187.1 190.4 192.8 195.9 197.7 200.5 205.5 213.4 222 231.5 238.3 245.2 250.4 254.6 255 253.5 250.8 245.2 237 236.9 233.6
127.5 128.2 128.2 128.8 129.2 129.3 129.2 129.1 129.5 128.2 127.5 126.8 125.9 125.2 124.6 123.9 123.8 122.6 122.4 121.8 121.8 120.8 120.2 119.7 119.3 118.9 119.4 118.5 117.2 117.6 117.6 117.9 117.5 115.5 117.2 117.1 117.5 118.5 120.3 120.9 121.8 122.8 123.7 125 126.7 129.8 132.6 135.8 139.7 145.8 154.7 163.2 172.3 177 177.9 178.2 180.2 183 185.5 187.9 190.8 193.7 197.3 202 208.8 216.7 226.2 236 241.6 247.2 251.8 256.1 258.3 257.9 254.3 248.9 245.2 244.3 243.6
126.9 127.1 128 128.9 129.1 129.3 129.2 129.7 128.4 127.5 126.8 126.1 125.5 125 124.5 123.8 123.5 122.6 122.7 121.4 121.4 120.5 120.1 119.9 119.5 119.1 119.7 119 118.2 117.7 117.7 117.8 117.5 117.5 117.3 117.6 118.5 119.8 120.6 121.3 122.1 123.2 124.4 125.5 126.9 130.2 132.2 135.9 140.8 145.2 152.9 159.9 165 169.2 172 174.7 178.8 181.3 184.3 187.3 190 194.7 200 206.7 214.6 222.7 231.7 240.5 245.2 250.2 254.7 258.3 259.8 259.9 256.5 252.4 250.1 251.8 251.4
126.3 126.5 127.6 129 129.2 129.4 129.3 129.3 128.2 127.5 126.8 126.1 125.5 125 124.6 123.9 123.6 122.9 122.2 122.5 122 121.3 121 120.8 120.6 120 119.7 119.7 119.1 118.1 116.8 117.9 117.7 117.4 118.9 119.3 119.8 120.5 121.3 122 122.9 123.8 124.9 126.1 127.3 129.8 132.8 136.7 141 145.8 152.7 157.9 162.9 166.2 169.8 173.4 175.7 179.5 183.5 187.9 193.2 198.5 204.2 212.3 221.1 229.5 236.6 245 250 254.3 257.8 260.4 261.4 261.3 257.9 252.7 255.8 258 257.4
126.6 126.4 127.5 128.9 129.4 128.9 129.2 128.5 127.8 127.2 126.7 126.2 125.6 125 124.6 124.1 123.6 122.6 122.7 122.3 122.5 122.2 121.7 121.2 120.3 119.6 120.1 120.5 119.6 118.2 117.1 117.8 117.9 119.3 119.9 120.1 120.3 121.3 122.3 122.8 123.6 124.5 125.7 126.7 128.5 131.4 134.4 137.1 141.1 145.8 152.2 157.1 161.3 164.5 168.9 172.2 174.3 178.3 184.8 190.9 196.1 202.4 208.8 217.7 228.3 237 244.9 250.9 254.6 257.9 260.8 262.7 263.5 263 260.3 254.9 260.6 263.3 262.5
126.5 126.2 126 126.9 127.8 127.9 128 127.3 127.4 127 126.6 126.1 125.6 124.9 124 123.6 123.4 123.3 123.1 122.7 122.6 122.7 121.9 121.7 121.2 120.2 120.6 120.8 120.2 117.1 118 117.8 119.9 120.1 120.4 120.6 120.9 121.7 122.4 123.2 124.4 125.3 126.3 127.3 128.8 132.1 135.9 138.2 140.5 145.4 150.5 156 159.5 163.2 167 169.8 173.3 179.2 186.5 192.7 199 206.1 213.1 223.2 233.9 242.9 250.6 255.4 258.8 261.2 263.7 265.2 266.2 264.9 262.3 257.4 263.7 267.2 267.8
126 125.9 125.6 126 126.3 126.2 125.8 125.9 125.9 126.5 126.1 125.8 124.9 124.4 124.1 123.8 123.3 123.7 123.5 123.2 123.1 123.1 122.4 121.6 121 120.7 120.8 121.1 117.1 118.1 118 118.4 120 120.4 120.9 121.2 121.6 122 122.8 123.6 124.8 125.9 126.9 127.8 129.7 132.3 136.3 140.1 141.8 145.6 149.9 153.2 158.9 163.2 166.3 169.4 172.7 180.3 188 195.1 201.8 209.2 218.6 227.3 237.8 247 254.1 258.7 262 264.2 266.8 268.5 269 267.3 264.2 259.7 264.5 269.5 271.3
125.5 125.4 125.3 125.3 125.4 125.4 125.1 125 125.1 125.4 125 125 124.7 124.3 124.5 124.1 123.9 123.4 123.9 123.7 123.7 123.5 122.9 122.2 121.5 120.8 121 117 118.5 118.1 118.5 120 120.4 120.6 121.5 122.2 122.7 122.9 123.3 124.2 124.6 126.2 127.3 128.4 130.5 133.6 135.3 139.9 142.3 146.5 149.6 153.6 158.6 163 166.4 169.8 173.4 180.7 189 197 203.9 212.2 221 230.1 240.5 250.5 256.6 261.4 265.5 268.2 270 272 272.6 270.7 266.3 262.2 268.4 272.3 274.8
125 124.9 124.8 124.6 124.7 124.6 124.5 124.4 124.6 124.8 124.7 124.7 124.4 124.7 124.3 124.7 124.4 124.1 124.3 124.3 124.2 123.7 123.1 122.5 121.8 121 118.4 118.3 118.3 118.2 119.6 120.6 120.3 120.5 121.2 122.1 122.3 123.4 124.2 124.5 125.3 126.8 127.2 128.7 131.6 134.6 137.3 139.5 142.1 144.6 149.9 154.4 159 163.6 166.7 169.3 173.9 181.7 189.3 197.5 204.9 214.1 222.6 231.7 241 250.9 257.9 264.1 268.3 271.9 273.3 275.6 275.8 273.7 269.1 264.5 271.2 274.8 278.5
124.8 124.4 124.2 123.9 124.2 123.4 122.8 122.6 122.9 124.2 124.3 124.4 124.6 125.1 124.6 123.7 124.4 124.3 124.6 124.5 124.1 123.6 123.1 122.6 121.8 121 117.1 118.5 118.4 119.2 120.9 120.9 120.8 121 121.5 121.8 122.3 123.5 124.3 124.8 125.7 126.6 127.7 129.1 133.6 136.2 138.6 141 144 147.8 152 156.5 160.5 164.3 167.8 170.3 174.3 182.5 189.8 197.6 205.4 214.7 222.3 231.2 238.4 248.5 258.3 265.8 271.8 274.8 277.6 279 279 275.4 271 266.3 273.5 277.9 282.4
124.5 124 123.8 123.4 123.8 123.8 123.1 121.8 121.3 122 122.1 121.4 120.5 119.5 121.7 121.6 118.9 124.1 124.3 124.4 124 123.5 123 122.7 121.3 117.2 118.5 118.6 118.7 121 121.3 121.4 121.3 121.5 121.9 122.2 122.6 123.9 124.4 125.1 126.1 127.1 129.1 132.2 135.6 138 139.9 143 146.3 149.8 152.9 157.7 161.9 166 169.5 172 175.9 183.2 189.7 197.6 205.1 213.2 221.4 227.5 235 245.2 255.7 266.5 274.6 278.9 280.5 282.5 280.9 278.4 274.8 273.2 276.3 280.4 285.3
124.1 123.6 123.4 123 122.7 122.4 121.9 121.9 120.1 121.3 121.3 122.1 123 121.2 121.2 121.1 120.4 119.2 123.5 124 123.6 123.2 122.8 121.8 117.1 118.5 118.7 118.7 121.1 121.4 121.6 121.8 121.9 121.9 121.8 122.3 122.9 124.3 125.2 125.4 126.7 127.8 130.1 133.5 136.8 138.8 141.1 143.7 147.3 152.5 155.7 160.6 163.7 168.2 172.2 176.2 179.2 184 189.8 196.7 203.5 210.7 216.8 224.7 231.6 242.3 252.9 267 276 281.5 283.8 283.8 282.8 280.3 278.3 278.8 276 282.6 287.7
124.6 123.1 122.6 122.3 122.1 121.7 121.6 120.1 121.4 121.2 121.1 121.9 120.6 120.7 120.6 120.7 120.7 120.2 118.8 123.6 123.2 122.6 121.8 119.8 118.6 119.3 119.6 120.9 122.1 122.1 122 121.5 121.7 121.8 121.8 122.3 123.1 124.4 125.7 126.1 126.9 128.3 131.7 135.2 137.9 140.2 142.6 145.2 149.4 154.1 159 163.9 168.1 173.2 175.8 178.4 182.9 187.3 190.4 195.9 201.8 206.5 212.2 220 228.9 239.7 251.7 266.8 277.5 283.1 286.1 286.8 285.5 283.2 282.8 282.4 281.7 283.9 289.2
123.5 122.9 122.6 122.3 121.9 121.9 122.2 121.9 121.5 121.8 122.1 122.9 122 121.8 121.2 120.5 120.5 120.2 118.6 122.1 122.5 121.6 119.9 117.2 118.9 120.8 122.2 122.4 122.3 122.2 121.7 121.7 121.8 121.8 122.3 122.9 123.8 124.9 126 126.4 127.5 128.8 132.2 136.3 139.9 141.8 144 146.9 151.1 156.4 162.6 167.5 173 176.1 179.2 181.2 183.4 186.7 192.8 197.2 201.6 205.6 211.8 219.5 228.6 237.6 250.5 268.2 279.5 286.4 290.1 290.9 289 286.9 286.6 287.9 288.1 285.5 292.5
122.7 122.6 122.8 122.5 122.6 120.2 123.8 122.5 123.2 123.4 122.9 122.6 122.7 121.7 120.9 120.3 120.3 120.4 119.5 120.1 120.1 120 119.9 117.2 122.2 123.2 123 123.2 123.2 122.7 122.7 121.9 122.1 122.2 122.8 123.4 124.3 125.5 126.6 127.2 128 129.4 134.3 137.8 141.4 143.6 146 148.6 153.8 160.2 166.4 172.5 178.3 182.4 184 185.2 187.2 189.8 192.4 199 203.3 207.3 213.1 220.6 230.4 239.5 251.5 270.1 282.7 289.9 294.4 294.3 292.4 290.5 289.3 292.5 293.2 292.5 295.7
122.1 122.2 122.8 120.5 121.7 122.5 122.7 123.4 123.5 123.2 123.1 122.8 122.6 120.5 120.3 121.1 119.8 120 120.1 118.3 119.6 119.4 119.2 117.3 122.7 123.3 123.4 123.9 123.8 123 123 123.2 123 123.3 123.7 124.1 124.9 126.4 127.5 127.8 127.7 129.6 133.7 138.3 142.8 145.4 147.9 150.7 156.8 163.8 170.8 177 183 187.8 190.5 192.5 196.3 198 198.7 201.3 205.5 209.1 215.2 221.5 230.5 239.9 253.1 271.4 286 294.2 298.8 299.7 297.7 295.9 298.1 299.8 300.3 299.1 295.1
123.1 122.9 122.5 125.8 124.9 124.4 123.9 123.7 123.4 123.2 123.2 123 121.9 122 121.8 122.2 121.9 121.1 119.6 119.8 118.5 117.8 117.4 119.3 123 123.9 124.1 124.3 124 123.9 123.6 123.7 124 124.3 124.6 125.4 126.3 127.9 128.1 128.8 128.6 130.7 137.1 140.6 143.9 147.4 150.7 153 159.5 167.3 174.1 181 187.4 193.3 196.9 199.6 202.6 204.8 206.1 207.6 209.1 213.1 218.1 224.3 231.6 241.9 254.4 274.4 290.6 299.1 303.5 305 303.2 302.5 305.6 306.6 307 304.9 303.2
122.5 125.3 126.7 126.4 125.7 125.2 124.7 124 123.4 123.2 123 122.6 122.4 122.3 122.2 122.7 123 122.7 122.8 121.9 122.6 122.7 122.4 119.8 120.5 124.5 124.7 124.5 124.7 124.8 125.1 125 125.8 126.2 126.2 126.9 128.4 129 130.1 130.7 130.6 131 137.6 141.6 145.3 148.3 151.7 155 161 169 176.7 184.4 191.1 197.3 201.5 205.4 208.5 211 212 213.4 215.8 218.1 221.9 227.4 235.8 244.1 257 278 295.2 304.2 309.1 310.2 308.1 309.7 312 312.8 312.8 310.4 308.9
127.1 127.4 127.5 126.8 126.5 126 125.5 124.8 124.1 123.4 123.1 123.2 122.6 122.9 123.5 124.1 124.5 124.5 124.3 124.3 124.3 124.3 124 121.3 120.2 124.9 125.2 125.5 125.2 125.9 126.5 126.5 127.4 128.1 127.8 129 130.4 131.5 131.8 132.2 132.2 135.4 139.1 142.6 146.6 150.5 154.3 158.8 164.2 171.2 179.6 187.1 194.6 200.2 205.3 209.6 213.2 216.1 217.3 217.5 219.3 222.6 225.6 231 239.9 247.1 260.9 281.7 299.6 308.8 313.5 315.1 313.9 315.1 317.7 318.8 318.1 315.4 313.1
127.3 127.6 127.5 126.9 126.8 126.4 126 125.4 124.7 124.2 123.7 123.7 123.3 123.9 124.5 125.1 125.3 125.1 125.1 125.4 125.6 125.6 125.1 121.8 120.7 126.4 125.9 126.6 126.2 126.8 127.6 127.9 129 129.7 129.5 131 132.3 133.5 134.4 133.1 134.8 138.4 141.1 143.9 148.8 154.3 157.5 164.7 170.3 175.8 182.6 189.7 196.4 202.7 208 212.5 216.1 219.9 222.1 223 223.3 225.4 228.4 235.3 243.7 252.2 267.3 287.2 303.4 312.7 317.6 320 319.9 320.4 323 324.3 323.6 322 319.4
127.7 128 127.7 127.1 127 126.6 126.2 126.1 125.3 125.1 124.4 124.2 124.1 124.6 125.2 125.4 125.4 125.4 125.5 125.8 126.1 126.4 125.9 121.6 122.8 127.2 126.5 127.8 126.7 127.6 129 129.1 130.1 131.1 131.8 133 134.2 135.4 136.4 132 137 140.4 142.9 145.8 150.9 158.1 165.1 171.3 176 179.6 185.3 191.9 198.8 204.8 209.7 214.7 218.6 222.5 225.6 227.1 227.2 228.2 232.5 242.3 249.7 259.2 274.3 292.4 307.2 316.9 321.5 323.9 324.3 325.5 328.1 328.7 328 326.6 323.9
128.7 128.5 128 127.3 127.3 126.9 126.5 126.3 125.8 125.7 125.4 125.1 125.2 125.3 125.7 125.5 125.5 125.6 125.9 126.1 126.5 126.9 126.4 122.2 122.2 128.2 127.2 129.6 128.2 129 130.3 130.8 132 133.2 134 135 136.4 137.6 137.9 136.5 140.3 141.6 144 147 153.8 162.4 170.4 176.9 181.4 185.9 190.7 196.7 202 207.3 212.9 216.8 220.9 225.1 228.9 230.8 231.9 234.3 239.5 248.8 256.6 267 281.5 297.9 311 320.4 325.6 327.2 328.3 330.5 331.7 331.8 330.7 328.8 327.3
129.9 129.5 128.9 128.3 128 127.6 127.3 126.8 126.4 126.4 126.4 126.1 126.7 126.6 126.5 126.3 126.2 125.9 126.2 125.9 126 127.1 124.4 122.9 125.7 129.6 128.1 130.6 129.7 131 132.9 132.3 134.5 135.4 136.3 137.4 138.5 139.6 137.7 139 143.6 142.6 145.1 148.4 155.3 162.3 173.5 180.3 186.5 191.6 196.4 201.4 206.9 211.2 216.1 219.7 223.5 227.5 231.8 235.1 236.3 239.3 246.2 255.1 264.9 276.3 289.5 302.6 314.2 323.9 329.3 330.5 332 334 333.9 333.3 332.1 331.2 329.6
131 130.8 130.2 129.5 128.8 128.5 128.1 127.7 127.3 127.2 127.3 127.5 128.3 127.6 127.3 127 126.9 126.6 126.4 126.3 126.9 127.2 127.3 124.4 123.9 129.8 129.3 132.2 131.9 132.2 135.2 135.1 136.8 137.6 138.3 139.3 140.5 141 139.9 140.6 145.1 144.3 146.2 146.4 158 165.6 175.6 183.2 190.1 195.6 201.1 205.9 211.3 215.5 219.3 222.8 226.5 230.6 234.6 238 240.6 243.3 250.4 261.1 272.1 282.5 294.6 306 316.3 326.3 331.7 333 334.4 337.3 336.5 334.8 333.7 333 333.1
132.7 132.3 131.4 131 130.6 129.4 129 128.5 128.1 128.1 128.2 128.4 128.9 128.4 128 127.8 127.5 127.3 127 126.9 127.1 127.2 127.4 127.2 124.4 123.9 128.3 133.3 132.9 133.6 136.1 135.8 137.6 138.7 139.5 140.4 141.8 141.2 141.2 140.6 144.1 145.5 147.5 148 159.4 165.2 177.5 185.3 191.5 198.3 204.1 209.3 214.2 218.5 222.4 226 229.4 232.9 236.6 240.1 243.1 246.6 254 265.4 276.3 286.5 297.3 306.5 316.7 325.4 330.4 333.3 336.1 339.3 338.2 336.6 336.3 337.7 339.2
134.7 133.8 132.8 132.2 131.5 131 130.4 129.7 129.4 129.4 129.4 129.5 129.9 129.2 128.9 128.5 128.2 128 127.7 127.5 127.2 127.3 127.5 128 128.3 124.7 124.5 131.8 133.7 135.4 135.4 136.5 138.3 139.5 140.5 141.2 141.9 142.7 143.6 141 144.9 147.1 148.6 148.5 160.2 168.2 177.9 186.1 193.2 199.5 205.5 210.6 215.1 219.7 224.5 228.4 231.4 234.7 237.6 240.9 244.5 248.2 256.1 267 276.4 285.5 294.8 304.8 315 324.2 328.5 330.9 333.4 336.4 336.8 336.6 339 341.9 343.9
135.1 134.3 133.6 133.1 132.3 132 131.8 130.6 130.6 130.3 130.5 130.5 130.8 130.1 129.5 129.6 129.2 129 128.7 128.2 128 127.8 127.8 128.3 128.8 126.1 124.8 123 134.7 134.4 135.6 137.1 138.3 140 141.1 141.8 142.6 143.3 143.9 141.7 145.9 148.7 149.9 147.9 161.7 171.5 177.8 187.1 194.8 201 206.6 211.3 215.8 220.9 225.5 229.5 232.7 234.8 237.2 240.1 243.5 248.1 255 263.2 271.8 280.8 290.6 301.9 312.2 320.6 325.3 327.1 328.5 332 334.4 336.2 339.1 343 346.1
135.2 134.1 134 133.5 132.8 132.3 131.8 131.2 131.4 131 130.8 131.8 131.7 131.5 130.7 130.9 130 130 130.1 129.5 128.9 128.7 128.8 129.2 129.5 129.4 125.2 125.1 134.5 134.7 135.5 138.1 138.8 140.4 141.7 142.4 143.2 143.9 142.6 142.1 146.8 149.9 150.6 150.5 162.5 170.7 176.5 187.1 195.7 201.7 206.1 211.9 216.8 221.4 225.3 228.6 231.2 233.7 235.7 238.3 241.7 245.4 251.5 258.4 266.1 273.9 284.5 294.7 303.8 313 318.3 320.2 324 326.7 330.3 334.9 340.2 344.2 348.6
135.2 134.8 134.5 133.8 133.1 132.6 132 131.8 131.8 131.6 131.3 131.5 131.5 131.5 131.3 131.2 131.3 131.7 131.4 130.9 130.2 129.7 129.9 130.2 130.3 130.3 129 125.5 125.1 134.7 136.4 138.4 139.6 140.6 141.5 142.4 143.2 142.9 139.5 144 148.2 149.9 149.6 150.1 162 170.8 178.3 186.5 194.8 200.4 205.6 210.7 215.4 219.9 223.2 226.1 227.9 229.8 232.1 234.6 237.6 241.8 246.4 252.4 259.4 266.6 275.6 284 293 301.2 307.5 308.3 313.3 324.1 331.2 335.9 341.8 346.3 350.6
