public/OST50/NJ61.asc
ncols 200
nrows 200
xllcorner 360000
yllcorner 810000
cellsize 50
[rows 70 to 104 of 200, columns 0 to 78 of 200]
136 135.6 134.9 134 133.4 132.9 132.4 132.3 132.3 132.4 132.8 133.3 133.6 133.6 133.4 133.2 133.2 133.3 132.8 132.2 131.6 131.3 131.1 130.9 130.9 130.9 130.9 126.2 125.7 135.1 136.8 138.4 139.5 140.4 141.2 142.1 143 142.7 139.9 144.9 148 149.7 150.9 148.6 159.1 170 177.1 184.2 192.8 198.1 203.4 207.2 211.5 214.4 217.2 220.5 223.2 225.2 227.2 230.3 233.4 236.3 240.5 245.7 251.9 259.1 267.4 275.3 281.4 287.2 290.9 296.3 309.2 320.4 327.9 334.3 339.3 344.3 349.1
136.8 136.3 135.4 134.7 134 133.4 133 133.2 133.6 134.5 135.2 135.5 135.7 135.6 135.5 135.4 135 134.6 134.1 133.6 133.1 132.9 132.6 132.3 132.1 131.8 131.5 126.4 125.7 133.6 135.9 137.1 138.6 139.7 140.7 141.7 143.2 141.9 140.8 145.2 147.7 149.4 150 149.7 157.5 167.8 174.8 182.1 190.2 195.1 199.4 202.8 206 208.3 210.9 214.1 216.5 218.9 221.2 225.3 228.4 230.1 233.8 238.5 244.3 251.7 259.4 264.8 271.2 276 282 291.8 303.5 313.3 322.8 330 334.4 339.7 347.6
138 137.3 136.7 136 135.2 134.7 134.5 134.6 135.1 136 136.9 137.7 137.4 137.2 136.8 136.5 136.1 135.7 135.3 134.8 134.4 134 133.6 133.1 132.6 132.2 131.5 126.9 126.5 132.5 134.5 136.1 137.4 138.7 139.8 140.8 141.7 139.9 140.5 145.1 147.4 148.6 149.5 152.1 157.8 166.1 173.4 177 183.6 189 193.1 196.7 199.5 201.3 203.9 206 208.5 211.1 213.4 216.8 220.9 222.4 225.8 230.2 235.1 242.1 249.3 255.9 264.6 268.8 278.3 287.3 299.2 308.5 319 327.1 331.9 337.9 344.8
139.3 138.5 137.8 137.4 136.8 136.4 136.1 135.9 136.6 137.1 137.8 138.3 138.4 138.1 137.7 137.4 137.1 136.7 136.1 135.4 135 134.8 134.4 133.7 133.2 132.6 131.1 127.7 127 132.7 133.9 135 136.3 137.7 138.8 139.9 140.8 140.4 139.9 143.8 146.3 147.6 148.8 152.3 157.9 164 170.8 173.2 178.1 182.9 186.6 189.9 192.8 194.7 196.4 198.5 200 203.3 205 206.1 209.4 214.6 216.7 225.6 233.6 239.8 242.1 255.1 261.4 270.4 278.6 288.1 298.8 309.7 319.7 326.9 332.1 337.4 343.3
140.5 139.8 139 138.4 138 137.6 137.3 137 137.2 137.5 138 138.6 138.6 138.4 138.1 137.7 137.4 137.1 136.5 136 135.5 135.1 134.5 133.9 133.3 132.4 129.9 127.7 127.1 132.2 133.6 134.2 135.2 136.5 137.9 138.9 139.5 138.7 139.8 143.7 145.2 146.7 148.5 150.4 154.9 160.1 165.9 170.8 173.5 176.7 179.8 184.3 186.8 189.3 191.2 192.9 194.4 196.2 199 201.8 205.2 209 220.3 227.2 233 240.5 247.3 255.1 262.5 272.6 280.9 291.3 302.1 312.1 322.1 330.4 334.1 336.6 340.1
140.8 140.8 140.1 139 138.3 137.9 137.5 137.1 137.1 137.2 137.5 137.7 137.6 137.5 137.5 137.4 137.3 136.9 136.5 136.2 135.7 135 134.4 133.9 133.5 132.8 129.1 128.1 127.5 131.3 133 133.8 134.5 135.5 136.8 137.8 138.5 137 139.8 142.6 144.1 145.1 146.9 149 153.6 158.5 164 169 172.3 175 177.5 178.8 182.2 185.5 186.6 188.4 190.6 192.6 197.4 203.5 207.8 214.1 219.8 227.5 234.1 241.2 247.9 255.8 262.4 273.2 282.3 293.9 304.8 314.3 324 334.4 336.9 336.9 338.1
140.4 140.4 139.9 138.9 138.3 137.9 137.4 137.1 137.2 137 136.9 137.1 137 136.9 136.9 136.8 136.6 136.3 135.9 135.6 135.4 134.9 134.4 134 133.4 132.4 127.4 128.2 129.9 129.3 130.2 130.7 131.6 132.7 133.8 136.5 136.1 137 139.7 141.3 143.2 144.3 146 148.8 153.9 158.9 163.3 167.4 171 173.7 175.9 177.6 179.2 181.8 183.8 185.8 186.6 192.2 196.8 203.6 210.3 216.8 224.3 231.3 236.3 242.8 249 255 262.7 272.8 283.5 296.2 306.4 313.8 324.5 332.5 336.1 336.8 336.5
140 139.8 139.2 138.8 138.3 137.9 137.3 137.2 137.3 137.2 136.9 136.4 136.4 136.3 136.3 136.2 135.9 135.6 135.3 134.9 134.8 134.8 134.3 133.8 133.2 131.8 128.3 129.2 132.4 131.6 132 132.8 133.3 133.7 134 134.7 136.1 137.9 139.6 141.5 142.3 143.8 145.5 148.8 153.2 157.4 161.5 165.5 168.6 171.3 173.6 175.7 177.5 178.4 181.8 184.2 188.3 192.5 195.3 203.2 211 217.5 225.4 232.1 238.2 244.4 250.7 258.7 266.3 274.9 284.5 299.3 309.3 317.2 323.8 332.4 332.4 332.3 332.5
139.4 139.3 138.7 138.1 137.9 137.8 137.5 137.4 137.2 137 136.9 136.2 135.8 135.7 135.7 135.6 135.3 135 134.6 134.3 134.2 134 133.8 133.4 132.6 129.7 128.7 130.9 132.9 133.2 133.3 133.9 134.4 135 135.8 135.7 136.7 138.3 140.1 141.5 142.4 143.5 145.6 148.3 151.1 154.9 158.7 162.5 165.7 168.4 170.6 172.6 172.1 176.8 180.7 183.8 187.8 192.4 195.7 202.4 211.7 219.8 227.2 232.9 238.6 244.4 250.5 257 266.4 276.2 287.4 301 311.6 319.5 325.1 328.9 328.8 329.5 329.4
138.8 138.7 138.3 138.1 137.9 137.4 137.5 137.3 136.9 136.7 136.7 136.5 135.7 135.2 135.1 134.9 134.6 134.3 134 133.7 133.4 133.2 133.1 132.8 131.5 129 128.7 132.8 133.6 133.4 133.9 134.3 134.8 135.4 136.1 137 137.7 138.8 140.4 141.6 142.5 143.6 145.1 147.4 149.9 153.1 156.2 159.7 162.5 165.3 167.2 167.2 171.7 175.5 178.7 182.3 186.2 190.8 197.3 204.7 214.2 221.2 227.1 232 237.7 243.2 249.7 257.4 265.9 274.4 287.1 299.9 309.7 320 324.9 326.4 328.9 328.1 326.3
138.9 138.9 138.2 138 137.8 136.8 136.4 136.5 136.5 136.1 135.8 135.6 135.8 134.9 134.6 134.3 134 133.7 133.4 133.3 132.7 132.6 132.1 131.8 129.3 127.7 131.4 133.6 134 134 134.1 134.6 135.2 135.9 136.5 137.4 138.3 139.5 140.7 141.7 142.5 143.7 145 146.5 148.6 151.6 154.3 156.9 159.9 161.5 163.3 167.5 171.2 174.2 177.4 181 185.4 192.3 199.5 206.2 214.2 220.8 226.1 231.3 236.6 242 248.2 255.5 263.7 273.7 286.1 298.6 309.5 318.1 324.7 325.7 328.2 328.2 324.4
138.6 138.3 137.9 137.3 135.6 136.5 136 135.4 135.2 135.2 135.1 135.5 134.6 134.3 134 133.7 133.5 133.2 133 132.8 132.2 131.7 131.7 129.6 129.5 130.8 133.1 133.6 134 134 134.3 134.8 135.7 136.6 137.4 138 138.8 139.8 141 141.9 143 144.1 146.1 147.7 148.6 150.1 152.5 155.4 157 159.4 163.1 167.1 170.6 173.1 175.7 180.1 185.5 192.9 200.3 206.5 213.7 219.2 224.3 229.3 234.1 239.8 244.9 252.7 260.3 270.5 284 295.7 306.7 314.7 319.2 321.4 323.3 321.9 317.3
138.7 138.7 138.8 138.2 138.3 136.7 136.4 136.6 136.3 135.8 135.3 135 134.8 134.6 134 133.3 133 132.6 132.6 132.3 131.7 131 130 129.6 130 132.1 132.8 133.3 133.8 134.2 134.4 135.2 136 137 138.1 138.9 140 140.8 141.5 142.8 144 145.3 147.3 149.1 150.8 152.1 152.5 153.1 156.3 159.3 163 166.8 169.7 172 174.6 178.7 185.8 193.4 201 207.1 212.7 217.1 221.8 226.5 231.3 236.1 241.2 248.4 255.5 265.7 278.9 291.8 301.2 308.3 312.4 313.1 317.4 317.8 312.3
140.7 140.4 139.7 138.8 137.8 137.9 138 137.2 136.7 136.3 135.8 135.7 135.5 135 134.4 133.5 133 132.9 132.5 131.8 131 130.3 129.7 130.3 132.4 133.1 132.6 133.1 133.7 134.2 134.8 135.6 136.4 137.4 138.4 139.3 140.1 141.2 141.9 143.2 144.4 146.1 148.2 150 152 153.6 154.5 156.5 155.3 158.5 161.9 165.3 168.7 171.8 174.5 179.6 186.8 193.8 200.5 206.4 210.8 214.5 218.5 223.3 227.3 231.9 237.6 243.8 250.3 260.7 271.9 281.5 292.2 300.1 303.9 304 304.4 304.8 302.6
142.3 142 141.4 140.5 139.6 139.2 138.8 137.4 137 136.8 136 135.7 135.5 134.9 134.3 133.7 133.2 133.2 132.5 131.8 130.9 130.1 130.7 132.4 132.9 133.2 133.1 133.7 134.3 134.8 135.5 136.1 136.9 137.7 138.7 139.7 140.8 141.6 142.3 143.4 144.6 146.4 148.6 151 153 154.6 156.3 157.9 159 158.5 161.6 164.1 167.2 170.4 174.6 180.3 185.7 192.1 198.4 203.9 208.1 211.9 215 218.9 223.2 227.8 232.8 238.7 245.1 254.8 264.3 272.3 278.3 284.2 288.6 292.2 293.9 294 294.2
143.6 142.8 142.1 141.3 140.3 139.6 139.5 138.7 138.6 137 136 135.7 135.5 134.9 134.4 134 133.8 133.3 132.7 131.3 130 131.4 132.8 133 133.2 133.3 133.7 134.2 134.9 135.6 136.3 137.2 137.9 138.7 139.5 140.4 141.5 142.7 143.3 144.3 145.5 147.3 149.5 151.7 154.4 156.2 158.3 159.7 160.4 161.9 161.3 163.4 166.1 170 174.2 178.6 182.7 188.2 194.4 200.7 205 208.2 210.8 214.1 218.2 222.7 228.6 234.2 240.3 248.1 256.7 263.5 267.7 274.2 277.7 281.8 284.4 287.8 291.8
144.2 143.6 142.6 141.8 140.7 140 139.6 138.8 138.1 137.7 137.8 136.4 135.6 135.1 134.6 134.2 133.8 133.2 132.6 130.6 131.3 132.4 132.9 133.3 133.5 133.9 134.3 134.9 135.7 137.1 137.5 138.2 139 140.2 141.3 142.2 143 143.6 144.5 145.6 146.8 148.4 150.8 153.3 156 158.4 161 162 163.1 164.2 165.5 167 168.7 169.2 172.3 177.1 180.7 184.1 189.2 195.8 200.4 204 206.7 210.2 214 218.6 223.5 229.4 234.5 242.2 249.3 255.6 261 266.8 272.8 276.7 282.6 288.3 292.4
143.7 143.1 142.3 141.5 140.7 139.9 139.1 138.4 137.8 137.4 137.4 136.5 136.3 135.2 134.8 134.3 133.7 132.9 131.9 130.9 132.1 132.6 132.9 133.4 134.2 134.6 135 135.5 136.9 138.4 139.4 140.3 141.3 142.4 143.5 144.4 145.2 146.1 146.7 147.2 148.2 149.7 151.7 154.5 157.5 160.5 163.6 165.3 166.4 168.2 169.6 170.5 172.2 173.6 174.7 175 177.5 181.7 185.3 190.1 194.8 198.4 202.7 206.7 209.2 214 220 224.4 228.9 236.3 244.2 251 256.5 262.2 268.3 274.4 280.4 286.2 290.9
143.6 142.7 141.8 140.9 140.2 139.4 138.6 138 137.6 137.1 136.9 136.2 135.6 135.4 134.6 134.5 133.7 133 131.6 131.9 132.6 132.8 133.1 133.4 133.9 134.7 135.6 136.6 138 139.5 141 142.3 142.7 144 145.3 146.1 147 148.1 148.7 149.3 149.9 150.9 152.2 155.4 158.6 161.3 164.8 167.8 168.5 169.7 171.9 173.7 175.1 176.4 177.9 179.5 181.5 183.8 187.1 190.3 193 194.5 199.4 200.6 209.7 215.1 219 223.8 227.8 231.6 241.3 247.1 253.1 259.4 266.4 272.5 278.6 285 289.5
143.2 142.3 141.4 140.5 139.6 138.9 138.2 137.7 137.2 136.7 136.5 135.8 135.2 134.7 134 134.2 133.4 132.4 131.9 132.5 132.7 132.9 133.1 133.4 133.7 134.5 135.6 137.5 138.9 140.3 141.7 143.6 143.7 144.8 146.1 147.1 148.1 149.2 149.7 150 150.4 151.4 152.8 155.1 158.6 161.4 165.2 168.9 170.2 171.6 173.6 175.7 177.1 179.1 180.3 181.9 184 186.3 189.9 193.6 196.3 199.7 203.5 208.2 213 219 224.9 229.1 233.8 240.2 246.8 250 254.8 258.9 265.1 271.4 277.6 284.7 288.8
142.4 141.8 140.9 140 139.1 138.4 137.9 137.4 136.9 136.4 136 135.4 134.9 134.3 133.5 133.1 132.6 132.8 132.8 132.7 135.6 132.9 133.2 133.5 134.1 135 136.4 138.3 139.8 141.2 142.5 143.6 144.5 145.9 147.2 148 149 149.6 149.9 150.2 150.7 151.7 153 154.5 157.5 160.5 164.2 166.9 169.4 172.2 173.9 176.6 179 180.6 182.5 184.4 186.4 189.4 192.8 195.7 200.8 206.2 211.8 217.5 221.6 225.9 229.8 233.8 238.1 244.5 250.8 254.5 258.6 263.9 269.4 273.9 279.1 287.6 293.1
140.7 140.7 140.1 139.4 138.7 137.9 137.2 136.8 136.5 136.1 135.5 135.6 135.1 134 133.4 133.2 132.7 132.3 132.9 133.5 133.5 133.4 133.3 133.6 134.7 135.8 137.5 139.1 140.7 142.3 143.7 144.9 145.9 147 147.8 148.7 149.4 150.3 150.7 150.7 151 151.9 153.1 154.8 156.9 160 163.4 166.6 169.3 172.8 175.2 177.8 180.7 182.4 184.4 187.5 190.4 193.7 196.6 200.7 206.9 213.9 220 225 229.2 232.5 235.9 239.9 243.8 249.5 254.2 259 263.9 268 273.2 277.4 284.1 293 299.8
139.3 138.7 138.5 138.1 137.8 137.3 136.6 136.1 135.6 135.4 135.3 135.1 134.8 133.7 133.5 133.4 133 132.6 132.3 133.6 133.4 133.6 133.6 134.4 135 138 138.5 139.8 141.5 143.2 144.7 146 147 147.5 148 148.7 149.5 150.4 150.9 151.1 151.4 152.2 153.3 154.9 156.9 159.7 164 167.6 170.7 174.1 176.7 179.2 181.8 184.6 186.4 189.1 192.2 195.5 199.4 204.7 212.8 219.9 226 230.6 235 238.8 243 247.3 251.2 256.4 261.9 266.1 269.4 272.3 279.7 285.8 291.7 298.6 302.8
138.4 137.6 137.1 136.8 136.6 136.3 135.8 135.3 134.8 134.5 134.4 134.2 134.1 133.4 133.3 133.3 133.6 133 132.2 133.3 133.5 133.5 133.4 134.8 135.4 136.7 138.3 140.7 141.3 142.9 144.2 145.7 146.7 147 147.8 148.7 149.5 150.2 150.9 151.3 151.6 152.1 153.3 154.8 156.7 160.2 164.4 168.1 171.6 174.8 177.7 180 183.6 186.4 190 193.5 196.2 200 205.1 211.1 218.3 225.3 231.9 237.4 242.6 248.9 253.2 258.8 265.1 269.8 272.6 273.9 276.4 280.8 287.2 292 298.3 304.3 307.7
137 136.4 135.9 135.6 135.3 135 134.7 134.4 134 133.7 133.6 133.5 133.5 133 133 132.9 132.8 132.6 132.4 133.4 133.6 133.4 133.7 134.2 134.8 136.1 137.8 139.1 140.5 141.8 141.8 144.7 146 146.4 146.8 147.7 148.6 149.4 150.2 150.5 150.8 151.3 152.8 155 156.9 159.7 163.4 169.8 172.6 175.6 179.8 184.2 188.3 192 195.2 198.9 202 202.9 209.1 214.9 221.6 229.4 237 243.6 250.5 258.4 263.3 269.8 274.4 278.5 280 283.9 285.4 290.4 295 299.5 307.1 311.2 313.6
135.5 135.1 134.7 134.2 134 134.3 133.7 133.5 133.2 132.9 132.9 132.8 132.8 132.7 132.6 132.5 132.4 132 132.7 132.8 133 133.5 133.6 133.8 133.9 134.7 135.9 137.1 139.2 140.6 142.1 143.7 143 145.6 145.7 146.6 147.6 148.6 149.4 149.6 150.1 150.7 152.3 154.6 156.9 159.5 163.7 169.9 173.8 178.1 182.8 188.8 194.3 197.3 200.3 204.2 205.6 207.8 212.2 217.9 224 232.3 240.3 247.6 255.5 263.7 271 277.2 282.6 288.1 291.6 295.1 295.8 297.4 300.7 307.4 315.2 318.5 319.3
134.6 134.2 133.8 133.4 133.3 133.3 132.9 132.8 132.7 132.7 132.6 132.5 132.5 132.4 132 131.6 131.4 132.3 132.3 132.5 132.1 133.5 133.6 133.9 133.6 133.6 134.1 135.3 137.2 139.1 140.6 142.3 143.6 144.5 145.6 145.7 146.6 148.2 148.3 148.8 149.3 150.3 151.9 154.1 156.3 159.4 164 169.9 175.6 181.5 187.4 193.4 197.9 201 203.9 206.3 208.2 211.3 215 220.6 226.2 234.8 241.4 250 258.9 267.1 275.2 282.8 289.4 294.9 299.9 301.5 302.8 306.7 310.3 318 323.6 325.3 327.3
134.1 133.6 133.2 132.8 132.8 133.1 132.5 132.6 132.7 132.7 132.5 132.4 132.3 132.3 132.1 132.1 132 132 132.2 132.1 132 132.7 132.9 133.2 132.4 133.3 133.8 134.5 135.8 137.3 139.2 140.8 142.3 143 143.2 143.6 146.2 146.9 147.1 147.7 148.5 149.9 151.6 153.5 156.3 159.3 164.2 170 175.7 182.5 189.7 195.6 199.2 202.3 204.8 207 209.5 212.3 216.6 221.6 227.9 233.9 241.7 251.2 260.6 269 278.1 287.2 294.4 301.2 305.3 307.7 313.2 320.1 322.3 327.4 329.3 335 337.8
133.9 133.5 133 132.6 132.9 132.9 132.6 131.9 132.9 132.8 132.6 132.4 132.4 131.8 132.4 132.1 131.9 132.4 132.3 132.3 132.1 132.7 133 133.2 134.3 133.6 133.9 134.3 134.9 135.9 137.7 138.7 140 141.1 142 142.5 143.5 145.6 145.6 146.5 148.2 149.8 151 152.8 155.9 159.3 163.7 169.1 175.3 181.8 189.9 195 199.1 202.3 204.6 206.9 210.1 213.2 218.1 222.8 229.1 235.7 243 251 262.1 271.8 280.4 288.6 297.3 303.5 310 313.9 321.7 328.9 331.5 333.5 338 344.1 346.1
133.1 132.8 132.6 132.4 132.6 132.5 132.5 132.8 132.9 133 132.5 132.6 132.3 132 132.4 132.3 132.2 132.3 132.3 132.4 132.5 132.8 133.1 133.3 133.9 133.9 133.5 133.9 134.2 134.8 136.3 137.1 137.8 138.8 140 141.1 141.8 143.7 144.2 145.2 146.9 148.6 150.2 152.4 156 159.2 163.3 168 173.9 180.6 187.6 193.2 197.2 200.5 203.8 206.8 210.4 214.9 219.7 224.7 231.5 238.3 245.1 252.7 263.8 272.4 280.6 289.5 297.8 305.4 312.3 320.8 329 333.8 337.5 339.9 350.1 353.3 353
133.4 132.9 132.7 132.5 133 132.8 132.5 132.7 132.9 132.7 132.6 132.5 132.5 132.4 132.4 132.4 132.6 132.5 132.5 132.6 132.7 133 133.3 133.6 134 134.2 134 133.8 134 134.5 134.9 135.7 136.5 137.2 138.1 139 140.5 141.5 142.9 144.3 145.9 147.7 149.4 151.9 155.6 159.9 163.8 168.3 173.6 179.3 185.5 190.8 195.3 199.6 202.1 206.2 211.1 217.1 222 227.1 233.8 240.6 248.5 256.8 265.4 272.6 280.2 288.9 297.7 306.3 317.7 328.3 334.4 336.5 337 345.7 353.8 356.4 357.6
133.2 133 132.7 133 133 132.6 132.6 132.8 133.1 133 133 133 132.9 132.9 132.9 133.1 133.3 133.1 133.1 133.1 133.2 133.3 133.6 133.9 134.3 134.3 134 134.1 134.3 134.3 134.2 134.7 135.2 136 136.9 137.8 139.1 140.4 141.6 143.2 144.8 146.6 149 152.5 156.6 160.8 164.7 168.8 173.5 179 183.9 190.3 194.7 199 201.9 206.5 212.4 218.5 224 229.7 236.3 243.3 251 258.7 265.8 273.1 280.5 288.8 297.5 308 322 327.5 330.7 332.9 337 346.9 352.4 353.4 353.6
133.7 133 132.9 132.8 132.7 132.6 132.8 133 133.2 133.4 133.4 133.4 133.4 133.3 133.4 133.8 134 133.8 133.7 133.8 133.9 133.9 134 134.3 134.5 134.6 134.3 134.4 134.5 134.4 134.3 135 134.7 135.2 135.9 137.2 138.4 139.6 140.1 141.6 143.2 145.5 148.7 152.7 157.1 161.6 165.3 169 173.8 179.9 184.9 190.2 194.6 198.9 202.6 207 212.7 218.7 225.5 231.9 238.7 245.7 253 259.8 266.1 273 281.9 290.9 298.6 308.6 320.8 323.5 325.4 328.2 334.8 343.3 346 347.2 347.6
133.3 133.2 133.1 132.8 132.7 132.7 133 133.1 133.2 133.6 133.9 133.9 133.9 133.8 133.9 134.2 134.7 134.6 134.4 134.4 134.5 134.5 134.6 134.6 134.8 134.7 134.8 134.7 134.7 134.8 134.8 135 135.3 134.9 135.8 136.5 137.8 138.6 139.3 140.1 141.6 144.4 148.2 152.6 157.4 161.8 165.3 169.2 175 180.8 186 190.7 194.9 199.1 203.1 207.3 212.2 218.5 226.1 233.1 239.8 246.7 253.3 259.7 266.3 273.9 283 292.9 299.3 307.6 313 315.8 318.3 322.1 328.9 332.8 336.4 339.8 340.6
133.3 133.6 133.1 132.3 132.7 132.8 132.9 133.1 133.2 133.6 134 134.3 134.3 134.4 134.5 134.7 135 135.2 134.9 134.9 135 135 134.9 134.9 135 134.5 134.9 135.2 135.2 135.2 135.3 135.5 135.4 135.5 135.8 136.1 136.8 137.4 138 137.7 140.1 143.2 146.8 151.3 156.3 160.8 164.9 170 175.2 181.4 186.1 190.1 194.1 198.7 202.1 206.6 212.2 218.5 225.4 233.1 240 246.4 253.1 259.2 265.8 273.9 284.6 292.2 296.6 303.1 307 309 310.3 317.6 323.3 327.6 330.1 331.4 330.8
