public/OST50/NJ62.asc
ncols 200
nrows 200
xllcorner 360000
yllcorner 820000
cellsize 50
[rows 35 to 69 of 200, columns 78 to 155 of 200]
130 126.8 125 122.4 119.2 114.6 113.4 118.3 125.2 128.7 131.2 134.8 136.6 136.4 135.1 132.9 130.6 128.2 125.7 123.1 120.1 117.3 114.8 112.6 110.4 110.5 109.9 112.8 116.2 117.8 118.3 116.6 114.5 114 114 115.1 116.1 119 123 129.2 133.2 136 138.2 139.9 141.1 144.2 145.8 144.3 143.6 146.6 148.1 148.3 146 142.5 137.4 129.9 123.4 119 114.6 109.7 105.3 102.1 98.7 96.1 94 92.2 89.7 95.1 99.5 102.3 103.5 103.1 105.7 108.1 109.7 111.5 114.3 116.8
126.8 125.5 123.6 121.3 117 113.7 115.8 125.1 129.5 130.4 130.9 133.4 135.5 136 135 133.4 130.9 128.5 125.6 123 119.9 117 114.2 112.4 112.6 112.4 114.4 118.4 122.6 123.7 124 123.2 120.3 120.3 121.7 124.4 126.5 131.9 135.6 139.1 142.1 144 145.2 144.9 145.7 144.6 143.3 142.7 140.7 142.3 142.9 141.1 138.7 134.6 131.5 127.2 122.3 119.5 116.1 110.7 105.9 102.9 99.9 97.1 94.6 92.7 90.2 94.3 100.1 101.9 102.3 104.3 106.7 108.9 110.8 113 115.5 118.4
124.8 123.4 122.2 119.9 115.7 114.2 120 129.3 132.1 132.7 133 133.9 135.1 135.7 135 133.4 131.1 128.9 126.6 124.3 120.9 117.1 115.2 114.2 114.7 116.1 118.7 123.2 127.7 129.9 130.4 130.1 128.6 130.1 132.1 133.6 135.5 138.7 142.9 148.4 152.1 152.6 150.5 149.5 149.5 143.9 140.4 138.1 135.9 136.9 134.6 133.5 131.1 127.9 124.5 121.8 118.9 117.1 114.7 110.4 105.3 102.7 100.1 97.5 95 92.8 90.2 92.2 97.5 100.5 100.6 104 106.7 108.5 111.1 114.5 116.6 118.9
122.2 121.6 120.4 118.8 115 114.8 122.5 130.4 133.7 135 134.9 134.7 135.1 134.7 133.5 132.5 130.9 128.9 126.6 124.3 121 117.9 120 120.7 120.4 121.9 125.5 129.6 133.5 135.8 137.4 138.1 137.9 138.7 139.7 140.5 142.6 145.5 148.8 155.6 160.2 159.3 154.6 152.7 151.3 144.3 138.1 134.8 130.3 127.8 125.6 126.5 126 122.5 118.7 115.7 113.3 112.2 110.7 108.5 103.9 101 99.2 97.7 95.4 93.1 90.1 91.1 94.8 97.7 98.5 101.9 105.3 107.5 109.4 113.3 117.6 119.9
118.9 118.8 118.3 116.2 115.3 115.1 122.1 130.6 134.1 135.7 136 135.8 135.6 134.9 134.1 131.7 129.3 127.2 124.9 123.2 121.2 122.8 126.2 127.8 128.2 129.3 132.2 136.3 140.4 142.6 144.9 146.7 146.8 146.2 146.3 146.6 148.8 151.7 155 158.7 163 162.7 157.4 153.9 152.4 144.9 135.8 131.4 126.5 123 120.2 119.4 120.2 117.7 113.3 109.9 107.1 104.8 103.5 102.5 100.9 99.1 98.7 97.8 96.4 94.7 89.9 90.4 91.9 95.1 96.4 99.8 102.9 105.1 107.1 111.3 117.2 121.4
115.9 116.3 116.5 115.2 116 117 121.4 129.1 133.5 135.8 136.5 136.5 136.6 136.1 134.8 132.8 130.7 127.4 125.4 123.5 123.5 125.8 129.5 132.2 133.8 135.8 138.5 143.1 145.9 148.7 152.2 155.7 155.9 154.8 153.8 152.1 154.5 158 162.7 160.4 161.9 163.3 160 151 149.6 142.1 132 128.2 125.2 121.7 118.1 114.9 113.7 113.2 109 104.8 102.1 99.7 97.9 96.2 95.8 95.4 95.5 95.7 95.9 94.5 92.3 89.7 89.5 93.2 94.4 96.8 100.5 102.7 104.6 109 114.1 120.6
116.1 116.4 115.7 116 116.1 119.2 121 127.2 132.4 135.6 136.9 137.2 137.3 137.1 135.8 134 132.1 128.9 127.2 126.2 126.3 128.8 132.3 135.3 138 140.7 143.6 148.5 153 154.8 157.5 162 163.8 161.1 159.2 158.2 158.3 162.3 165.7 162.5 158.3 158.4 155.6 154.1 139.7 133.8 127.9 124.8 122.1 118.5 114.9 111.6 110.1 107.6 105.2 102.4 100 98.2 96.5 95.3 94.3 93.7 93.2 93 93.4 93 93.6 90.3 89.7 90 93 94.6 98.5 99.3 102.3 105.3 109.2 114.5
118 116.8 116.6 117.1 118 120.5 123 126.9 131.6 135 136.3 137 137.4 137.2 136 134.3 132.5 131.4 130.6 130.1 129.1 130.7 135 138.6 141.7 144.8 148.4 153 157.3 159.5 161.5 165.3 167.5 167.9 168.7 165.3 162.2 161.1 163 160.7 153.7 149.9 145.6 140.1 133.9 128.9 125.1 121.8 118.7 115.4 111.7 109.2 107.3 105.3 104.3 103.2 101.3 98.9 97.3 95.6 94.5 93.6 93.3 93.5 92.9 91.7 91.1 90.7 89.9 88.3 90.9 93.3 94.6 96 98.9 101.2 104.4 109.7
119.5 117.7 117.9 118.6 119.8 121.4 123 126.2 130.6 133.7 135.4 136.7 137.5 137.4 136.1 135.1 134.3 134.6 135.4 135.8 134.9 133.9 137.3 141.3 145.1 148.9 152.3 156 160 162.5 164.1 166.9 169.9 170.6 171.7 169.4 164 159.8 156.9 154.3 149.3 146 142.2 137.1 132 127.3 123.3 119.6 116.2 113.9 112.7 111.7 109.9 107.7 106.2 104.2 102.5 100.1 98.6 97.4 96.1 95 94.4 94.5 94.1 92.8 92.7 92.7 91.2 89.2 88.3 91 92.5 93.5 94.7 97 100.2 103.6
119.5 117.9 119 120.3 121.4 123 125.1 126.6 128.8 131.8 134.5 136.1 137.7 138.1 136.8 136.5 137.9 139.8 142 142.6 141.6 139.4 140.1 144 147.9 152.2 155.5 158.9 162 164.6 166.7 168.8 170.9 171.2 169.7 166.7 164.3 159.4 155.8 153 149.8 144.2 140.4 135.5 131.2 127.5 123.8 120.4 118.2 116.6 115.8 114 111.4 108.9 106.6 104.4 102.8 101.4 100.5 99.2 97.9 96.5 95 94.6 94.3 93.2 92.5 92.3 91.2 89.3 89.1 89.5 90.7 91.1 92.7 94.7 96 97.7
119.4 118.7 120.5 122.2 123.2 124.9 127.9 129.6 130.2 132.9 134.9 137.1 138.5 139.2 138.7 140.2 142.2 145.4 147.1 148 147.6 145.1 143.8 146.2 149.1 153.8 157.6 160.8 163.5 166 168.8 171.3 173 172.7 170 166.9 164.5 160.2 155.9 152.6 149.3 145.2 141.9 136.3 132.9 129.1 125.6 122.5 120.4 118.5 116.7 114.5 113.3 111.3 109.8 107.6 105.7 102.7 101.4 99.6 98.4 97 95.6 94.5 94.5 93.6 92.7 92.2 91.9 89.3 89.3 89.1 89.2 89.6 90.5 92.4 93 94.5
120 119.7 123.3 125.3 125.6 127.8 130.4 132.2 133.1 134.6 136.5 138.1 139.3 140.6 141.3 143.1 145.8 149.4 151.2 151.8 151 148.8 147.3 148.3 150.7 154.5 158 161.8 165.1 167.8 171.1 174.3 176.4 174.8 171.7 167.2 164.1 160.5 156.1 152.4 148.9 145.3 140.5 137 134.6 131.9 127.9 124.3 121.9 120.6 120.1 119 117.7 116.1 114.9 112.1 109.2 105.3 102.2 100 98.8 97.5 96.3 95.1 94.7 93.9 93.1 92.3 92 90.8 89.2 88.9 88.7 88.5 88.9 90 91.1 92.3
120.7 122.5 125.1 127.2 127.9 130.4 133.1 134.7 135.6 136.5 138.7 140.3 141.7 143.1 143.2 144.7 147.8 151.5 153.3 154 153.5 151 150.2 150.9 152 155.2 158.9 162.6 166.5 170.3 174.1 177.5 177.3 174.9 171.4 166.9 163 159.9 156 151.8 149 145.6 141.7 139.5 137.1 134.2 128.1 127.3 127.2 128.9 129.3 127.7 125.3 122.5 118.7 114.9 110.6 106.7 104 101.7 99.7 98.4 97.1 95.8 95 94.2 93.4 92.7 91.9 91.7 89.3 88.9 87.7 88.4 88.3 88.4 89.5 91
121.3 124.4 126.7 127.8 129.4 132.8 135.7 137.2 137.9 138.8 140.6 142.3 143.6 144.9 144.9 146.9 149.2 152.1 154.2 154.3 154.2 153.1 152.8 153 154.2 156.2 159.5 163.5 167.9 172.2 175.8 178.2 176.3 173.7 169.5 165.1 161.1 157.9 154.9 151.1 147.7 145.5 143.9 142.1 140.3 135.4 135 137.5 140.1 139.9 137.6 136.6 134.3 130.2 124.4 118.3 113.4 108.5 105.4 102.7 101.6 102.1 100.8 99.1 95.5 94.3 93.7 93 92.1 90.8 91.6 88.9 88.7 88.3 88.5 88.2 88.1 89.6
121.7 125.2 126.8 128.2 130.5 134.2 137.3 139.4 140.2 140.7 141.9 143.4 144.9 146.6 147.6 150.1 152.4 154.6 155.5 155.5 155.2 154.9 154.9 155.3 156.3 158 160.6 164.6 168.8 172.9 176.9 179.1 176.5 173.2 168.7 164.2 159.6 156.2 153.5 151.5 149.5 147.9 145.9 143.9 141.7 140.3 143 143.8 144.2 144.5 144.8 143.6 140.9 136.4 129.3 124.1 115.8 109.5 106 104.1 104.5 105.4 105.2 101.7 97.4 95.2 94 93.2 92.3 91.6 91 89.1 88.2 88.7 88.6 88.2 88.3 87.5
121.9 124.1 126.3 129.1 131.7 135.3 138.5 140.8 142.2 143.1 143.6 144.4 146.2 148.6 151.6 154.8 155.6 157 157.9 158 157.5 157.2 156.7 157 158.2 159.6 162.5 165.6 169.4 172.8 177.4 179.6 176.3 173.1 168.8 163.2 159.1 156.4 153.9 152.5 151.4 149.8 147.6 146.1 146.5 148.1 149.8 148 148.2 148.3 148.1 147.6 145.9 140.5 133.5 125.6 116.7 109.9 106.7 106.4 106.4 106.9 106.4 103.5 100.8 96.9 94.7 93.7 92.9 92.6 91.9 91.4 88.3 88.4 88.2 87.8 86.2 87
121.7 124.8 126 129 132.1 136 139.5 141.4 143.1 144.3 144.6 145.5 147.3 150.8 154.8 158.4 159.3 159.7 160.4 160.6 160.1 159.6 159.4 159.5 160 161.1 163.5 166.3 170.1 173.4 176.3 178.1 175.7 172.1 168.2 164 160.9 158.1 156 154.7 152.8 151.2 150.3 150.3 152.9 155.2 154.4 150.8 149.9 150.4 149.8 149.8 146.3 141.1 136.1 128.5 118.1 111.4 109.4 109 108.8 107.2 105.1 102.6 100.3 97.7 95.6 94.5 93.9 93.3 92.4 91.7 91.5 90.4 89.1 88.2 87.4 87.2
122.1 125.2 126.4 128 131.4 135.3 139 142.2 145.3 146.3 145.8 146.3 149 152.7 157.1 161 162.3 162.9 163.3 163.2 163 162.6 162.4 162.7 164.1 165.4 167.2 168.2 169.9 172.6 174.3 175.1 173.3 170.5 168.1 165.4 162.4 160.8 159.8 157.7 155.3 154 154.6 157.7 158.1 159.1 156.1 152.5 151.7 152.4 150.8 149.9 145.8 140.5 136.8 129.2 118.8 113 112.5 112 111.2 108.7 104.4 101.7 99.7 97.7 96.4 95.3 94.7 94.3 93.3 92.2 91.5 91.8 90.9 89.1 87.4 87.4
122.9 124.8 125.8 127.5 130.5 134.6 138.3 143 147 147.5 146.4 147.2 150.7 154.5 158.7 161.8 164.1 165.2 165.8 165.7 164.9 164.6 164.9 165.6 167.4 169.9 171.4 171.3 171.6 172.1 172.4 172.4 171.2 170.1 168.4 166.3 165 164.5 164 162.3 160 160 160.9 165.8 168.7 163.2 158.9 154.5 153.7 153.6 150.6 147.3 144.1 139.2 135.1 129.2 120.1 114.8 115.1 115.7 114.3 111.1 106.8 103.5 101.6 100.6 101 101.3 98.1 95.8 94.2 93 91.9 91.4 90.8 90.8 88.6 87.2
123.6 124.1 124.9 127 129.6 133.5 138.4 143.6 147.6 147.9 146.5 147.7 151 156.2 160.5 162.5 164.4 165.6 166.6 166.6 165.8 165.3 166 168.2 170.7 173.4 174.5 173.9 173.1 172 171.6 170.9 170.6 170.1 169.4 168.5 167.9 167.5 167.8 167.5 165.5 166.4 168.9 169.7 171.3 165.4 160.6 157.6 157.2 155.1 152.5 147.9 147.1 138.6 135.4 131.6 122.7 117.8 117.8 118.2 116 113.3 110.3 107 104.6 105 105.8 106 104.3 99.6 96.7 94 92.7 91.8 91.6 91.3 91 89
123.1 124.4 125 127.5 130 134.2 138.9 143.8 146.7 146.8 146.2 146.9 150.3 156.1 161.2 164.1 163.7 164.1 165.4 165.5 165.3 165.3 167.1 169.4 172.5 175.8 176.1 174.8 173.4 171.5 170.4 170 170.3 170.3 170.7 171.3 171.4 171.8 172.7 173.3 172.4 173.5 177.8 181.3 172.6 168 162.7 162.2 161.2 159.2 154.1 147.9 144.6 138.8 135.5 131.6 125.3 121 119.5 119.1 117.3 114.9 112.4 108.6 107.1 107.6 108.4 108.6 108.6 106 101.1 97.7 95.1 92.8 91.9 91.2 90.6 90.1
123.1 123.5 124.4 127.2 130.3 134.2 138.6 142.5 144.8 144.8 144 145 149.2 155.1 159.4 162.6 162.7 162.3 161.8 162.8 163.1 163.8 165.5 168.1 172.3 177 176 173.6 171.1 170 169.1 169 170.7 171.9 172.9 173.8 174.7 176.5 178.2 179.3 179.3 180.9 183.8 183.8 177.2 171 167 164.7 162.8 158.4 152.3 146.8 143.6 138.6 134.6 130.6 126.3 122.8 121.6 120.4 118.2 115.6 113.1 111.1 110.8 110.1 111 111.7 112.2 109.9 105.9 101.8 97.8 94.8 92.6 91.6 91.1 90.7
122.9 123.1 124.4 126.9 130.4 134.3 139.2 141.1 142.9 142 141.3 143.1 148.3 152.9 156.4 158.9 160.1 160.9 159.6 158.5 158.2 158.8 161.8 165.1 170 176.3 173.6 170.3 168.3 167.7 168.9 170.2 172.4 174.3 174.6 175.4 179.2 182.9 184.2 185 186.3 188 188.4 187.2 181.2 173.1 170.3 167.5 162.7 156.2 155.8 146.9 143.9 138.9 136.8 131.6 126.3 123 122 120.7 119.4 116.8 114.2 114.8 114.1 113.8 113.7 114.3 113.6 111.8 109.3 105 100.3 97.7 95.1 93.5 92.5 91.6
122.5 123 123.5 126.2 130.7 135.8 139.5 140.9 140.5 139.4 138.8 141.2 146 149.9 152.7 154.9 156.6 158 157.7 155.8 153.8 153.7 156.7 159.7 162.5 165 166.8 165.6 165.4 168.3 170.9 173.4 175.8 177.5 178.3 179 183.2 187.1 189.3 190.4 191.5 192.8 190.4 185.4 180.1 172.5 168.6 166.1 161 155.4 154.6 149.9 143.4 139.1 139.3 131.2 127.1 123.3 121.7 120.4 118.7 116.6 116.1 117.3 117.1 116.4 115.7 115.1 114.1 112.3 109.9 107.3 103.6 100.6 97.8 96.7 95.1 95.1
123.9 127.6 123.6 126.6 132 138.1 140.7 140.7 139.4 137.3 137.2 139.3 142.7 146.2 148.7 150.3 151.8 153.8 154.2 152.9 150.6 149.9 151.9 155 158 160.6 161.8 161.7 165.2 169.3 172.5 176.7 179.7 181.4 182.1 182.8 185.6 189.7 193.6 194.7 194.4 194.4 190 185 178.2 174.9 169.5 163.5 158.2 152.9 148 144.2 142 138.3 134.1 128.5 125.5 123.3 120.9 118.8 117.9 117.4 117 117.7 118 117.5 116.7 115.5 114.6 112.3 110.3 107.4 104.7 102.2 99.9 98.1 98.2 100.5
124.3 124.4 124.1 125.6 130.6 135.5 137.9 138.1 137.2 135.5 135.6 137.2 139.8 142.6 144.3 145.8 147.9 148.8 148.9 148.4 147.6 147 147.7 150.8 154.9 157.6 158.2 158.8 163.9 169 173.5 178.1 181.5 184.3 184.9 185.1 186.1 190.8 194.9 196.5 196.9 196.1 192.7 184.5 179 175.5 172.5 167.4 161.1 156.9 152.6 145 137.7 133.4 130.1 125.9 124 122.4 120.5 118.8 118.5 118.9 119.1 118.1 118.5 118 117.7 117 114.4 112.2 111.7 111 107.8 104.1 100.8 98.3 99.3 102.2
124.7 124.7 124.8 125.1 127.1 130.9 133.5 134.9 134.3 134 134.2 135.6 137.2 138.9 140.9 142.1 144.2 145.2 144.8 144.4 144.4 144.5 145.3 148.3 152.1 153.8 154.3 156.5 160.6 166 171.9 176.7 181 184.2 185.4 186 186.5 190.3 194.6 199.1 199.4 198.3 194.7 187.7 188.9 184.4 180.3 172.4 164 159 155.1 148.2 140.6 134.1 128.9 126.4 125.1 123.7 121.5 119.6 119.8 120.5 120.9 120 119 118.4 116.9 117.7 115.7 116.8 119.9 118.3 113.8 110.9 104.7 101 100.4 102.6
126.9 126.5 125.6 126.4 128 128.3 128.9 132.6 132.7 132.7 133 133.7 135 136.4 138.1 139.2 140.5 141.6 141.9 141.6 141.9 142.4 143.3 145.3 148.5 150.5 151.9 154.5 158.2 163.2 169.5 173.9 178.5 182.3 184.3 185.1 186.2 189 192.9 199.4 200.2 198.8 193.6 191.3 191.4 188.1 181.8 176.2 166.7 160.5 155.9 150.9 143.1 135.8 130.1 127.8 126.4 124.7 122.6 121.6 121.7 122.3 122.5 122.2 120.8 119.8 118.9 119.9 121.5 124.7 128.2 125.2 119.7 117.7 111 104.4 102.1 104.9
130.9 130.5 128.4 126.8 128.6 129 129.3 131 131.1 132.2 132.2 131.9 132.9 134.7 136 137.5 138.7 139.3 139.8 139.3 139.6 140.6 142 143.3 146.3 148.4 151.5 154.4 157.1 161.5 167.1 170.8 175.2 179.2 181.4 183 185.3 187.5 191.5 197.4 202 198.1 192 191.9 190.6 187 182.3 176.6 169.5 163.5 158.8 152.6 146.6 138.7 132.4 129.7 127.7 125.8 124.6 124.7 124.5 124.2 124.1 123.7 123.3 123.2 124.5 125.6 127.6 131.7 133.3 130.1 124.2 117.5 112.9 107.7 103.9 105.5
135.4 134.8 131.8 129.5 129.7 130.5 131.9 133.6 133.6 131.6 131.5 131.5 131.8 132.6 134.8 136 136.9 137.6 138.4 138 138.2 139.5 141.1 142.9 145.3 147.8 150.4 152.8 155 158.6 163.4 167.2 171.7 175.4 177.8 180.4 182.9 185.3 187.6 191.9 195.3 194.9 193.5 193.4 193.8 191.7 187.6 183.4 177 167 160.7 155.6 151.1 142.4 136.1 133.4 131.1 130.3 129.6 127.7 126.9 125.6 124.9 124.9 125.9 129.6 129.7 128.9 129.6 130.9 134.5 133 125.8 119.5 114.1 109.6 105.2 104.9
139.4 138.6 135.5 132.7 131 131.5 133 134.1 134.5 133.2 132.2 129.1 131.6 132 133.4 134.9 135.4 135.6 136.2 136.5 137.5 139.4 141.1 142.5 144.5 146.9 148.9 150.2 151.9 155.3 159.4 163.6 168.2 171.3 173.6 176.3 179.1 181.6 183.6 186.6 191.5 193.4 196.1 197.9 197.5 195.3 193.4 190.1 181.6 169.3 163.9 158.7 152.2 145 141.1 140.8 140.2 139.3 137.9 134.4 129.8 126.7 125.3 124.6 127.6 130.9 131.6 130.8 130 128.5 130.6 130.8 127.1 122.4 116.2 111.5 107.2 104.5
143.8 142.5 139.4 135.6 133 132.2 133 133.6 133.3 133 133.3 133.2 132.7 130.2 132.4 133.3 134.4 134.5 135.1 135.9 137 138.2 139.9 141.2 142.3 144.9 147.1 148.4 149.6 152.8 155.8 160 164.9 167.7 169.7 172.6 175.7 178.8 180.2 183 187.4 190.5 194.4 198.6 199.7 200.4 196.4 191.9 183.3 173.9 167.8 161.1 154 150.5 151.1 151.4 150.8 149.5 145.8 140.2 133.6 127.7 125.8 124.6 126.7 129.7 130.5 130.9 130.4 128.6 127 128.2 127.6 126 120.8 114 109.5 106.5
148.8 147.9 144.2 139.2 135.6 133.9 133.5 133.7 133.8 134 135.1 135.6 134.1 133.8 132.8 132.7 133.2 133.9 134.7 135.3 135.7 136.4 137.3 138.6 140 142.1 144.8 146.7 147.6 151.1 153.4 155.5 160.7 163.5 165.2 167.7 171.9 176.4 176.6 178.7 183 187.3 192.3 196.5 200.6 205.6 201.1 191.7 185.5 178.7 170.7 162.7 157.6 157.6 159.7 162.6 162.9 156.7 150 141.4 133.9 127.6 124.7 124.5 125.6 128.1 129.2 128.6 129.5 128.2 126 125.7 125.4 124.9 123.3 119.2 113.1 109.8
152.1 152.6 149.8 143.7 139.8 137.1 135.9 135.7 135.1 135.1 136.4 136.7 136.3 137 137.7 134.8 130.3 132.4 133.6 134.8 134.8 134.8 135.7 136.1 137.8 140.2 142.6 143.9 144.6 147.3 149.1 151.1 155.7 158.2 160.5 163.5 167.7 172 172.2 174.5 177.4 184.1 189.7 194 198.1 201.1 197 189 183.4 180.8 171.3 163.4 159.6 162.2 166.4 174.5 171.5 163.6 150.8 139.4 131.9 126.5 123.2 124 124.8 126.6 127.2 126.4 124.6 123.8 122.6 122.2 122 121.3 119.5 116.9 114.1 111
153.7 154.6 153.6 150.5 146.3 142.7 140.2 138.9 137.3 136.6 136.5 136.9 137.7 139.5 138.8 136.8 134.4 132.7 129.8 132.4 132.4 133.5 133.8 134.3 136.1 137.4 140 139.8 140.5 142.2 144.3 147.1 149.9 152.5 155.4 158.4 163.2 167.2 165.9 166.7 169.7 173.4 179.8 185 187.2 190.5 187.4 182.2 178.1 174.1 169.5 163.2 159.5 163.4 170.4 177.3 173.5 165.9 148.1 136.2 129.8 124.6 120.6 121.2 123.1 123.9 124.5 123.2 121.9 120.9 119.6 118.2 117.8 117.5 115.9 114.2 112.4 109.5
