public/OST50/NJ62.asc
ncols 200
nrows 200
xllcorner 360000
yllcorner 820000
cellsize 50
[rows 140 to 174 of 200, columns 0 to 77 of 200]
285.3 277.4 271.4 265.7 260.6 258.8 254.3 252.2 249.9 247.8 248.1 251.4 255.5 260.4 263.5 264.6 262.3 256.8 252.8 251.6 251.5 251 253.4 257.2 259 258.7 257.2 254 248.2 239.9 239.2 240.7 242.1 243 243.1 242.7 243.5 243.2 242.8 242.2 243.9 247.2 250.4 252.8 253.8 253.6 251.5 248.2 243.2 235 225.3 213 208.4 205.2 204.3 215.5 227.1 236.9 245.9 250.7 253.9 254.5 256.2 260.6 265.6 270.1 275.1 277.8 285.7 294.8 302.3 310.3 319.4 329.7 343.4 355.7 367.8 382.8
289.8 281.4 274.6 267.7 262.6 257.7 253.2 250.1 246.7 244.9 243.6 246 250.3 254.3 258.2 258.6 256.5 250.7 247.5 246.9 246.6 248.1 253.6 259.8 264.2 265.5 263.4 261.2 258.2 252.9 252.7 252 252.6 252 250.6 250.8 251.8 251.6 252.2 252.6 254.2 257.1 259.8 261.6 261.7 261.1 258.9 255.3 250.4 242.2 232.6 220.2 213.2 211.4 206.5 216 227.8 239.1 247.9 254.8 259.2 260.8 262.8 268.1 273.2 278.9 282.9 288.3 293.3 299.4 305.8 313.4 322.2 333.4 347.4 360.8 372.9 389
293.4 285.6 278.1 270.5 265.1 260.7 255.6 251.8 247.5 245.3 242.3 239.2 244.3 249.2 252.8 252.9 250.9 245.8 242.9 241.5 242.5 246.7 254.3 262 267.1 269.8 270 268.4 265.5 263.1 261.5 262.1 261.3 259.8 258.6 257.8 258.3 259.4 260.5 262 263.7 266.2 268.1 269.5 269.4 268.3 266 263.1 256.7 249.6 239.6 228.7 219.2 216.6 211.9 216.5 227.1 238.8 248.5 255.7 261.6 266.5 268.4 276 281.9 287.1 292.4 296.8 299.5 304.9 311.3 317.9 327.5 338.8 352.5 363.9 376.3 391.4
296.4 288.9 281.7 275 269.3 264.4 258.2 252.8 251.7 248.8 246.2 241.6 236.1 241.2 245.7 246.4 243.4 239.9 237 235.2 238.9 246.6 255.4 263 268.8 273.4 275.2 274.3 272.9 272.3 271 269.4 267.3 265.1 263.6 262.5 263.3 265.3 267.6 269.3 271 273.6 275.4 277.2 276.8 275.6 272.9 270.2 263.2 255.4 247.5 237.2 228.1 221.6 217.1 220.9 228.6 238.1 247.5 255.8 264.3 272.4 278.1 284.9 290.2 295.2 299.9 303.6 307 312.4 317.3 324.2 332.6 344 356.6 366.8 379 392
298.5 292.3 285.3 278.8 272.6 266 265.4 262.1 258.4 253.8 250 244.4 239.8 234.1 237.8 239.1 235.4 233.5 232.8 230.9 236.9 245.9 254.9 262.5 268.6 273.8 277.9 278.3 277.5 277.6 275.7 273.3 270.6 268.2 266.5 265.9 266.4 269.3 271.5 274.6 275.7 278.5 282.2 282.1 281.3 279.9 277.2 275.1 267.5 262.3 253.9 243.9 237.4 230 224.1 225.9 232.4 239.8 246.9 257.7 268.1 276.8 285.3 291.9 297.5 302.6 307.1 311 315.6 320.7 325.2 330.8 339.5 349.1 360.9 370.3 382.3 393.1
300.3 294.4 288.8 282.3 277.2 275.5 271.9 268.6 264.4 259.2 254.8 248 242.2 237.4 230.8 233.2 230.5 229.4 228.6 229.5 237.6 246.5 254.4 261.3 267.2 272.1 276.1 278.4 280.4 280.5 277.7 274.5 272.2 269.7 268.5 266.5 266.8 269.7 272.8 276.1 279.4 281.8 282.2 281.7 280.7 279.6 277.9 275.2 271.8 267.7 261.5 254 248.5 240.2 230.5 229 236.5 241.2 248.7 258.8 268.6 279.7 288.5 295.8 302.6 308.5 313.8 318.8 323.3 328.1 333.1 338.7 345.5 354.3 364.2 374.5 384.1 393.2
301.3 296.5 290.8 286 282.4 280.4 278.2 274.8 269.4 263.2 257.5 250.1 242.9 238.3 234 228 225.7 225.3 225.6 229.1 235.9 244.8 252.9 259.4 264.7 269.3 273.5 278.9 281.3 280.9 277.7 273.8 270 268.4 267.2 265.2 264.8 267.1 271.1 274.4 276.2 277.5 279 278.5 277.8 277.3 276.9 276.5 276.9 273.4 268.7 265.2 258.2 249.7 239.5 233 239.4 245.9 253.1 260.2 269.4 280.9 291.1 299.2 306 312.6 319 325.3 330.3 334.7 340.4 346.5 352 359.5 368.1 377.3 385.8 394.6
301 297.4 293.2 289.3 285.7 284 282.1 278.1 272.3 265.9 259 251.8 244.4 238.6 234.4 229.8 225 222.8 222.8 227.4 234 242.6 250.2 256.5 261.7 265.9 272.3 278.5 281.5 279.9 276.7 271.5 267.6 265.6 263.8 262.2 261.6 262.9 266.1 269.5 272.2 273.6 274.6 273.9 273.6 273.4 274.2 277.1 277.7 276.5 274.2 271.3 266.7 260.8 253.1 242.7 243 249.1 256.3 263.1 270.8 282.1 292.8 302 309.1 316.8 323.7 330.4 337.1 342 348.3 353.8 358.5 366.3 373.8 382.7 390.2 399
301.5 297.7 293.8 290.7 286.9 284.8 282.7 279.5 274.6 268.3 260.4 253.4 244.8 239.4 234.4 229.6 225.8 221.6 220.3 223.4 231.9 239.7 247.8 253.2 258.3 262.9 270.2 275.9 279.2 277.8 273.4 268.5 265.1 262.6 259.9 258.4 257.5 257.8 260.2 263.6 267.1 268.7 269.5 269.2 269 269.4 270.7 275.1 279.1 278.2 277.9 277.6 274.1 270.8 267.4 259.1 247.7 251.3 259.5 265.8 274.2 283.7 293.8 303.2 311.5 320.1 328.8 336.4 342.1 349.8 356 361.5 368.1 374.9 383.7 390.9 398.6 405.3
300.4 296.2 292 289.6 286.7 284.2 282.1 279.9 276.4 269.9 261.3 254.3 246.3 239 234.1 229.2 225.8 222.8 218.9 220.8 228.9 238 244.7 249.7 254.5 260.2 266.7 272.1 274.1 272.4 269.2 265.5 262.2 258.8 255.4 253.6 251.5 253.1 255.2 257.4 259.4 261 262.3 263.1 264.3 265.6 268.7 272.3 277.5 280.7 281.1 281.2 281.6 280.4 278 272.4 265 251.5 259 267.1 276.1 285.4 294.2 304 313.2 322.6 331.2 339.5 349.7 355.5 362.3 369.4 376.9 386.9 393.7 400 403.4 409.9
299.5 294.6 289.8 285.9 283.1 280.6 279.7 279.7 276.4 270.3 262.3 255.1 246.7 239 234.3 228.9 225.6 222.7 217.7 218.6 225.7 235.5 241.9 246.9 251.4 256.5 262.7 266.9 268 267.3 265.4 261.6 257.4 253.3 250.1 249.7 247.4 248.8 250.1 250.7 251.8 253.5 255.8 258.4 261.8 265.2 269.7 273.5 277.5 281.4 283.9 285 286.5 288.4 286.4 282 277.2 268.3 266.7 269.7 274.8 285.6 294.3 304.4 314.5 324.6 334 344.3 353.5 361.7 370.2 379.5 388 395.7 402.8 407.3 411.6 416.4
298.8 292.6 286.8 280.4 277.9 276.8 276.1 275.7 273.8 269.1 261.4 255 249 239.7 234.1 229.1 225.2 221.6 216.3 217.7 227 234.1 240.8 245.1 249 252.8 258.2 261.6 262.5 261.6 259.8 256.4 252 248.2 245.5 244.1 243.9 244.4 245.6 247.5 251 255 258.6 261.6 265.4 269.4 273.4 276.8 279.5 282.3 284.7 286.9 289.8 292.9 292.5 290.7 285.6 280.7 278.6 279.5 281.7 288.4 293.6 303.4 315.5 328.5 337.5 348 358.4 368.6 379.8 388.8 397 404.3 409.8 413.8 418.3 421.4
298.2 289.8 281.5 277.2 271.7 270.5 270.1 270.4 270 266.3 260.1 255 248.4 240.4 233.6 229.4 225.3 220.5 214.1 220.1 227.5 234.4 239.4 243.7 246.6 249.5 254 255.9 257.1 255.7 253.7 250 246 243.6 241.2 230.3 230.3 242.3 243.7 249.7 255.4 259.5 263.5 267 270 274.5 277.6 280.1 282.1 284.2 285.7 289.9 292.1 295.6 297.8 297.3 294 290.4 288 287.1 289 293.8 300.8 308.6 319 330.9 341.4 351.7 364.4 374.9 385.5 394.8 405 410.7 418.2 420.8 422.5 424.1
298.2 289.1 280.3 272.9 268.7 266.2 263.3 265.1 265 261.5 257.3 254.1 248 240.1 233 228.3 223.2 218.4 212 221.2 228.8 234.3 238.9 243.7 244.6 247.2 249.7 251.4 251.5 250 247.1 244 241.4 239.2 237.1 230.2 230.3 230.3 245.7 253.4 260.8 265.8 270.2 273.7 276.3 279.4 281.7 283.6 285.5 287.2 288.9 291.7 295.4 298.6 300.4 302.3 300.7 298.2 296.3 295.7 297.2 301.2 306.5 314.9 325.9 336.2 347.6 359 369.9 380.5 391.4 401.5 411.6 419.9 423.9 425.1 426 427
298.4 288.8 280 271.6 263.9 258.9 258.1 259.2 258.9 256.7 254.8 252.6 245.8 239 232.3 226.3 221.1 216.4 209.7 221.2 228.6 233.9 237.9 240.8 243.4 246 247.2 247.4 246 243.9 240.9 238.8 237.3 235.6 233.9 233.7 230.3 230.3 247.9 257 264.3 271.4 276 280.6 283 284.9 287 288.6 289.6 291 292.4 295.1 299 301.9 304 306.6 307.7 305.9 305.6 305.7 308.8 313.1 316.3 323.8 333.5 343.7 353.3 364.4 376.5 389.2 400.1 407.3 418.8 424.8 428.4 428.9 428.5 428.4
297.9 289.5 280 270.2 263.3 255 255.8 253.5 253.5 253.3 249 245.3 242 235.6 229.5 224.8 220.6 214 207.8 219.2 226.6 232.8 236.8 240.1 243.1 246 245.6 243.3 241.5 239 236.5 234.6 233.2 231.4 230.9 229.2 240 243.7 251.6 260.4 269.4 276.5 282.2 285.9 289.1 291.6 292.6 293.2 293.8 294.5 295.8 299.7 303.2 305.7 308 311.4 313.6 315.8 317.6 320.6 323.7 326.4 327.5 333.5 340.9 350.5 360.9 372.3 385.1 397.3 404.7 414.5 425.2 429.5 431.3 431.3 429.4 427.4
297.9 290.1 280.1 270.3 262.9 256.2 249.9 243.6 244 243 242.1 239 236.2 231.4 227.4 222.4 218.6 212.4 206.4 216.6 224.5 230.9 234.8 237.4 243.1 246.2 244.6 241.2 238.1 236 233.5 231.2 229.2 227.4 227 225.6 237.2 246.4 254.8 265.1 273.3 281 287 290.7 292.9 294.9 296.4 297 297.4 297.6 298.8 303.3 306.5 309.2 313 316.3 318.7 326 328.8 332.1 334.9 337.3 340.1 345.9 353 361.3 371.2 382.8 394.1 405 411.7 420.2 427.3 431.3 432.1 431.1 428.2 425
297 288.5 279.4 266.6 260.9 255.5 254 248.4 240.4 234.1 231.6 231.4 230.4 229.2 226.7 220 215.8 210.9 204.7 212.7 220.7 227 232 236.2 241.5 244.6 243.3 240.4 236.4 233.8 229.7 227.4 224.7 222.4 220.3 227 238.2 242.3 255.7 265.8 273.5 281.8 288 293.4 296.1 298.2 300.4 301 301.4 302 304.2 307.2 309.5 312.3 316.4 322.1 324.9 331.2 334.4 338.9 341.8 346.1 351.4 358 365 373.2 382.8 391.6 401.6 411.8 418.8 424 429.2 431 431.2 429.5 426.1 422.4
295 281.5 274.6 272.9 265.5 260.5 256.5 251.2 244.4 238.5 232.1 226.7 223.7 224.6 222 216.1 213 210.2 203.5 207.7 215.5 222.3 228.2 233.9 238.7 241.8 241.7 239.5 235.4 231.4 227.1 222.4 219.8 217.9 217.6 227.9 236.8 246.2 255.3 262.2 271.3 280.1 286.6 293.6 300.6 302.9 306 306.4 306.3 306.7 308.6 310.1 312.1 315.4 320.3 325.3 329.9 334.4 340 344.1 347.1 352.2 360.6 367.1 373 381.4 389.2 399.2 409.1 417.9 423.9 425.9 428.5 429.1 428.3 424.9 420.8 417.3
286.3 285.1 280.5 275.4 269.2 264.4 259 253.5 247.8 241.6 235.1 228.2 221.3 217.5 216 212.1 210.4 207.2 202.4 202 211.1 218.1 224.9 230.6 235.9 240.4 240.5 238.7 235.1 229.6 225 220.1 216.8 214.5 215.5 225.9 235 244.3 251.6 259 268.6 277.9 284.8 292.3 299.8 306.4 309.5 312 312.4 311.9 310.7 312.4 314.6 318.5 320.9 324.8 331.7 337.5 343.2 348.4 353 359.5 368 375.3 383.8 391.2 398.1 408.2 416 423.4 427.5 427.6 426.6 426 424.5 418.3 413.4 407.5
285.3 284.6 280.7 275.7 272.5 267.1 261.3 255.8 252.1 245.1 238.5 230.5 223.4 219 211.1 207.8 206 203.2 200.8 197.7 207.1 214.4 221.1 227.3 234.1 238.7 239.1 238.2 234.4 228 223 218.4 214.5 211.2 212.5 222.5 231.4 240.4 248 256 265.9 274.8 282.6 291.1 300 307.6 313.6 316.4 317 314.4 313.4 312.5 313.6 315.3 316 323.1 331.2 338.3 346.4 351.7 357.1 364.1 372.8 382.5 391.2 398.5 406.4 415 421.7 427.4 429.6 428 424.9 422.2 418.9 413.1 406.3 399.4
285.4 283 279.9 277.5 275.2 269.3 262.3 255.6 252.3 246.7 240.5 232.8 226.4 220.1 211.9 206.6 203.1 200.3 198.4 196.5 203 209.7 217.5 224.9 232.2 235.5 237.2 235.8 231.7 225.8 220.6 216.4 212.5 208.5 209.7 218.4 227.3 235.7 244.3 252.3 263.1 273.1 281.7 292.6 302.7 310.5 316.7 319.1 316.2 312.7 310.1 308.2 308.8 311.7 312.5 320.2 328.1 336.6 344.9 352 358.8 366.6 375.8 385.4 395.1 403.3 411.6 419.5 426.4 429.8 430.1 428 423.5 418.7 414.6 408.7 400.7 391.1
281.2 280 279.2 278.1 274.8 267.7 260.5 256 253.2 246.4 241.9 235 229 222 214.1 207.6 203 200.3 197.8 194.6 199.3 205.7 214.4 222.7 228.5 231.2 232.6 231.8 227.2 222.7 217.5 213.7 209.7 205 208.8 216.1 225.3 235 243.5 253.2 261.6 272.8 284.3 294.5 304.1 311.5 315.3 316.4 313.4 308.5 304.6 302.8 303.6 305.9 309.2 317.7 325.2 332.9 341.5 349.9 358.4 367.5 376.9 386 395.7 405.2 414.2 422.7 427.8 430 429.4 426.6 421.7 416.2 411 403.8 392.1 382.9
279.7 276.7 276.8 274.9 270.3 266 264.7 258.7 253.5 248.8 243.3 238.1 232 226.3 218.6 211.3 206.6 201.6 198.1 194.8 195.9 202.3 210.9 219 223.3 225.7 227.2 225.9 222.1 217.8 213.7 209.9 204.5 201.1 210.3 216.9 225.1 233.4 244.5 255.2 265.5 275.3 285.6 296.5 305.7 310.9 312.6 311.5 308 303.2 298 295.4 297.5 300.3 304.6 313.4 321.2 328.9 337.6 346.6 356.1 364.8 375.1 384.2 393.6 403 412.7 422.2 426.6 428.1 426.3 422.4 417.1 410.3 403.5 394.3 382.7 374.5
279 272.7 268.2 266.8 266.4 265.3 263.3 259.7 254.2 248.1 245.4 241.4 236 230.4 224.7 218.2 212 206.3 199.9 194.5 191.5 197.4 205.4 212.5 216.9 219.4 220.6 219.3 215.8 212.1 209 204.1 198.9 204.7 214.8 221.9 229.5 237.1 247.7 258.6 268 278.7 288.8 298.3 304.8 307.9 308.2 305.5 302.1 296.6 290.1 288.6 291.5 295.4 300.5 308 316.7 324.3 333 343.1 352.6 361.6 371.9 380.4 389.4 398.8 409.1 417.2 422.9 424.6 422.3 417.1 410.6 403.4 396.4 383.9 374.3 365.1
277.4 269.4 264.7 262.9 263.1 262.5 261.1 259.6 254.4 248.3 246.6 243.1 239.2 233.9 228.9 223.4 217.5 211.5 204.4 195.9 190.8 191.4 199.1 206.1 211 212.9 213.2 211.7 209 206.1 203.7 198.4 196.3 210.7 219.4 226.5 234.6 243.8 253.7 264.6 274.1 283.1 292.4 298.8 304.1 304.8 303 298.9 294.1 288.5 283.2 283.7 286.9 290.1 295 302.3 310.4 319.1 328.3 339.1 348.8 358.4 368.7 378.2 387.3 395.9 404.8 413.3 418.3 420.6 417.6 411.8 404.8 396.5 387.7 375.3 365.4 356.1
279.4 270.2 265.4 260.6 258 259.4 258.3 255.8 251 248.7 246.7 244.7 241.7 237.3 232.2 227.1 220.3 214.3 207.1 198.6 190.7 187.8 192.5 199.1 203.9 206.2 206.8 205.4 203.4 200.6 196.5 192 205.6 217 225.2 232.8 241.7 250.4 260 269.6 279.2 288.9 297.1 301.9 304.6 302.7 297.4 291.7 285.2 279.4 276.8 279 282.5 286 289.2 297.3 305.8 314.6 322.4 333.9 344.9 355 365.2 375.1 384.2 392.7 400.6 408 413.6 414.2 411.6 405.3 397.3 387.7 375.7 365.7 356.8 347
282.4 273.6 266.5 260.7 254.8 253.9 251.6 250.1 248.3 247.4 246.1 245.2 242.6 238.6 233.8 229.7 222 216.9 209.7 201.5 194.3 188.4 185.7 192.4 197.2 199.6 200.5 199.5 197.5 193.6 189.3 199.4 210.5 220.2 229 236.2 245.8 255.2 265.3 274.7 286.1 295.9 301.9 304.2 302.5 297.1 290.2 283.4 276.5 270.8 271.4 274.1 278.4 282.1 286.3 292.9 300.8 308.9 316.2 329.3 341.8 352.2 362.2 372 381.1 389.6 397.1 403.5 407.8 407.3 404.3 397.7 388.7 378.2 364.9 355 346 338.4
284.5 276 266.7 258.7 252.5 243.7 243.9 243.5 244.3 244.9 245 243.1 242.5 238.9 233.4 230 225.5 218.8 211.9 204.4 197.5 190.4 184 184.9 191 193.8 194 192.9 191.4 186.6 193.7 204.3 213.7 221.8 230.2 238.2 248.1 258.9 269.4 279.2 290.6 299.9 306.4 304.8 299.8 292.5 283.8 274.6 267.5 264.2 265.2 269.3 273.8 278.3 282.1 288.5 296.5 306.3 313.7 326.8 339.8 351 359.2 369.2 378.1 386.7 394.3 400.5 402.3 400.7 395.7 387.6 378.7 368.4 355.3 345.2 336.4 329.3
286.2 277.6 267.7 256.7 250.3 243.1 237.1 238.5 239.7 241.5 242.8 242 238.9 239.1 236.2 231.6 224.8 221.9 216.1 209.6 202.3 195.5 187.9 180.8 182.4 186.7 187.2 186.9 185.3 185.1 196.3 206.2 214.1 221.8 230.3 239 249.7 260.4 271.2 281.2 290.5 299.2 302.4 300.7 294.8 286.8 277.2 266.3 259.6 258.9 261.6 265.6 269.4 273.7 279.3 285 293.8 302.8 311.8 324.7 338.2 350.1 357 366.3 375.4 384 391.4 396.6 397.1 393.8 387.5 379.5 369.4 359.5 347.1 335.5 326.7 320
287.3 279.9 269.9 258.4 249.1 246 240.7 232.5 232.1 236.1 238.9 238.9 240.5 240.9 238.6 235.5 231 224.9 218.3 213.7 206.5 200.4 193.3 187 178.3 178.9 181.1 181.8 181 185.8 195.6 203.6 211.7 219.8 228.3 238.9 249 259 269.4 278.7 286.8 292.9 294.8 293.1 287.9 280.5 270.5 260.7 253.6 253.9 258.1 261.8 265.2 270.7 277 282.9 290.9 301 310.8 322.6 336.5 347.8 356 364.4 373.8 382.1 388.4 392.7 392 387.8 380.6 371.4 360.9 350.7 339.2 327.3 318.9 313.1
287.7 280.8 271.4 262.6 252.8 248.2 243.1 236.5 228.8 227.2 232.2 235.4 238.1 240.1 241.3 239.5 232.5 226.6 219.5 215.7 210.9 204.7 197.6 190.3 185.2 176.7 176.5 177.3 178.3 185 191.9 199 207.4 216.1 226.1 236.4 245.4 255.9 265.1 273.6 281.1 284.4 285.5 282.9 278.8 272.3 263.9 255.2 248.8 251 253.5 258.5 263.8 269.3 275 280.6 289.3 299.5 309.8 321.4 335.3 347.3 355 362.9 372.5 380.2 386.8 389.4 387.1 382.3 374 364.9 355.2 343.4 332.2 321 312.5 305.8
287.4 280.6 273.3 266.7 258.8 249.6 245.5 239.1 230.4 224.1 223.3 228.3 233 239.5 243.1 241.8 236.7 228.5 223.4 216.3 211.7 207.2 200.5 192.8 187 180.8 174.9 175.2 175.9 182.7 189.1 195.1 202.5 211.2 221.2 231.3 240.8 250 259.6 267.3 273.1 275.1 275.1 273 269.8 262.4 253.8 248 242.2 248 253 256.9 261.4 267.5 274.2 281.3 289.3 299.6 309.4 321.4 334.1 345.4 354.1 362.4 371.2 378.8 385.1 386.2 383 377.1 367.7 358.4 347.9 336.1 324.4 313.7 304.8 297.6
290 281.2 276.3 270.4 264 253.3 245.3 238.3 231 225.8 220.5 222.2 230.3 238.6 243.2 242 237.1 229.7 221.8 218.4 213.8 206.8 201 194.5 188.4 181.5 176.6 173.8 173.9 179.4 185.7 191.4 197.3 205.9 215 224.4 235.2 244.6 252.5 259.9 264.5 266.6 266.5 264.9 259.9 251.8 244.8 241.6 241.9 246.5 250.5 254.8 260 265.9 274.2 282.5 291.7 302 311.8 322.1 333.8 343.8 353.4 361.9 370.9 377.1 381.9 382.4 378.8 371.8 362.2 351.2 340.3 328.7 316.3 305.1 296.4 290.4
287.9 282.2 280.6 274 265.9 255.2 243.7 237.1 230.4 225.7 219.8 219.9 228.9 236.5 240.7 238.4 235.6 226.3 224.2 219.9 214 205.4 200.8 196.4 189.2 181.5 176.1 172.1 171 176.9 182.2 187.7 193.3 198.9 208.4 217 228.4 237.8 246.6 253.2 257.1 259.5 259.5 256.7 250.6 242.6 238.3 234.6 239.7 244.5 249.2 253.7 259 265.8 274.4 283.2 292.7 303.6 313.7 322.8 333.9 343.6 354.6 365.2 371 375.4 377.4 376.1 373 366.8 356.5 345.1 332.5 321 307.2 296.8 289 282.2
