public/OST50/NJ65.asc
ncols 200
nrows 200
xllcorner 360000
yllcorner 850000
cellsize 50
[rows 0 to 34 of 200, columns 0 to 78 of 200]
91.8 93.3 94.4 95.1 96.5 99 101.2 102.7 104.4 106 107.5 108.1 108.4 106.5 104.2 99.8 94.3 91.7 91.3 91.9 92.5 93.2 93.9 95.5 97.2 98.4 98.5 98.8 98.4 98.1 97.8 96.9 95.3 93.6 91.8 89.8 86.3 81.2 77 78.5 76.6 79.4 79.8 81 81.9 82.9 83.9 85.1 86.7 87.9 90 92 93.4 93.2 95.4 97.3 101.6 103.7 106.2 109.1 112.1 113.2 114.5 113.9 114.7 114.5 114.1 113.8 112.5 112.5 115.9 119.8 124 128.4 132.8 139.6 146 149.7 151.4
91.8 92.6 93.6 94.8 96.2 98.1 100.3 101.9 103.5 104.9 105.9 106.5 107.1 105.1 103.4 99.6 94.7 92.1 92.5 92.6 93.3 94.3 95.5 97 98.6 100 100.4 100.7 100.3 100 99.5 98.8 96.6 94.9 92.7 89.1 85.6 81 77.6 79.7 78.4 79.7 80.4 81.5 83 83.9 84.8 86.1 87.9 89.8 91.7 93.7 96.2 96.9 98.3 97 100.9 102.5 104.5 106.7 109 110.8 111.7 110.4 111.6 111.2 110.7 110.8 110.9 113.6 117.1 120.8 125.4 130.4 136.1 145 151.5 154.2 155.7
91.7 92.4 93.4 94.2 96 97.8 99.5 101 102.5 103.8 104.7 105.5 105.7 105.2 103 99.3 96.4 93.6 94 93.7 95.3 96.9 97.8 98.8 100.1 101.1 101.6 101.7 102 101.9 101.3 99.7 97.5 95.4 93.4 89.5 85.1 81.6 80.6 80.3 80.8 81.3 81.7 82.2 83.8 85.3 86.1 87.3 88.8 90.7 92.5 94.7 96.6 98.7 100.3 101.7 102 103.5 104 104.9 106.5 108.1 108.7 108.2 108.8 109.7 109.1 109.3 111.2 114.6 117.4 121.3 126.1 132 140.5 150 155.7 159 159.5
91.3 93.4 94.4 95.2 96 97.4 98.8 100.4 102.1 103.3 104.2 104.8 104.8 104.6 102.8 100 96.9 95.6 95 96.8 97.9 98.8 99.5 100.4 101.7 102.4 102.5 102.3 102.5 102.5 101.8 100.7 98.3 96.3 92.5 89.6 85.8 82.8 83.7 82 83.6 83.9 83 83.1 84.6 86.4 87.7 88.9 90 92.1 94.1 96.7 98.9 100.8 102.6 103.8 104.1 104.7 105.7 106.3 106 106 106.6 107.4 107.3 107.7 108 108.6 111.7 113.7 116.5 120.7 126.5 133.3 142.6 153.1 159.1 162.5 161.7
90.4 93.3 94.8 95.8 96.6 97.8 99.2 100.8 102.3 103.3 104.3 105 104.8 104.7 103.6 101 98.4 97.8 97.9 99 100.3 101.3 102.2 101.3 103.4 104.5 104.6 104.5 105 104.5 103.3 101.9 99.6 96.2 92.2 87.8 85.7 86 85.2 84.5 85.4 85 84.7 84.7 85.9 87.5 88.9 90.1 91.5 94.2 96.5 99.3 101.6 103.3 104.8 105.5 105.5 105.7 106.4 106.9 106.8 106.8 106.6 107.1 107 107.9 108.4 109.1 111.4 113.7 117 121 126.9 134.5 147.4 153.7 159.7 163.1 161.9
91.5 93.6 95.2 96.3 97.2 98.2 99.6 101.2 102.2 103.2 104.2 105.2 105.5 105 104.3 102 101 100.3 100.4 101.6 102.8 103.7 104.6 104.4 105 106.4 106.8 106.8 107.5 106.5 104.4 102 99.1 95.6 90.5 87 87.5 87.4 86.5 86 86.2 86.2 86.1 86.5 87.1 88.5 89.9 91.3 93.2 96.3 98.9 101.7 104.2 105.6 106.6 107.2 107.4 107.4 107.4 107.4 107.3 107.2 107 107.3 107.4 108.2 108.9 110 111.5 114.1 117.7 121.3 126.1 135.3 145.9 153 158.9 162.3 161.2
92.4 94 95.5 96.6 97.7 98.7 100 101.1 102.1 103.1 104.1 105.1 106.2 105.9 105.5 105 104 103 103 104.2 105.1 106 106.9 107.5 108.2 108.5 108.5 109.4 108.9 107.1 104.9 102.1 99.2 96.6 88.6 88.9 89.6 88.7 87.6 87.6 87.3 87.3 87.5 88.1 89 90.4 92.2 93.4 96.5 98.2 101.8 104.8 106.4 107.6 108.3 108.9 109.3 109.3 109.1 108.6 107.9 107.6 107.4 107.5 108 108.8 109.6 110.7 112.4 115.1 118.5 121.9 126.6 136.9 145.9 153 158.2 160.6 159.8
93.2 94.6 95.9 96.9 98.1 99.2 100.7 101.8 103 104.2 105.5 106.7 107.9 108.1 107.9 107.4 106.8 106 105.6 106.6 107.5 108.4 109.3 110.1 110.7 111.5 111.5 111.8 109.9 107.6 105.3 102 99 96.1 88.1 89.7 90.8 89.4 89.3 89.1 88.9 88.7 89.2 89.9 91.1 92.3 93.8 95.1 97.2 100.5 105.5 107.8 109.7 110.3 110.3 110.6 111.2 111.1 110.7 110.3 109.6 108.9 108.1 107.9 108.7 109.5 110.3 111.2 113.4 116.2 119.6 123.1 127.9 137.9 145.8 152.3 156.9 158.3 158.3
93.6 95 96.8 97.9 99.1 100.5 102.5 104.3 105 105.9 107.1 108.3 109.5 109.8 110 109.7 109.1 108.5 108.1 108.9 109.7 110.5 111.3 112 112.5 113.2 112.6 112.5 110.3 108.1 105.5 102 99 93.3 88.2 91 91.8 90.8 90.9 90.7 90.6 90.6 91.1 91.8 93.1 94.4 95.6 98.2 101.1 104.8 109.3 112.1 113.7 113.7 113.5 113.5 113.7 113.2 112.7 112.1 111.2 109.5 107.7 108.7 109.5 110.3 111.1 112.3 114.5 117.2 120.7 125.2 132.2 139.9 146.1 152 154.4 156.3 156.7
94.1 95.7 97.6 98.9 100.1 102.1 104.1 106 107.9 108.6 109.3 109.9 111.1 111.6 112.2 112.1 111.7 111.1 110.5 111.1 111.8 112.6 113.4 113.9 114.3 114.5 114 113 110.9 108.8 105.6 102.1 98.1 92 89 90.6 92 92.3 92.4 92.4 92.5 92.5 93 94.4 95.9 97.5 99.1 101 104.4 109.9 114.2 117.3 117.2 117 116.9 116.7 116.4 116 115.5 114.6 112.5 110.5 108.6 109.6 110.3 111.5 112.7 114.5 116.8 118.8 123.7 128.8 134.9 141.1 146.3 150.2 153.3 154.7 154.7
94.9 96.6 98.3 99.9 101.6 103.6 105.6 107.5 109.4 111.3 112.2 112.9 113.5 113.9 114.6 114.4 114 113.6 113 113.5 114.1 114.8 115.4 115.8 116.1 115.9 115.5 114.6 112.4 109.2 105.7 101.9 97.7 91.2 89.6 89.4 93.3 93.9 93.9 93.8 93.8 94.4 95.6 97 98.6 100.2 102.3 104.3 109.2 114.7 120.3 122.1 122.5 121.1 119.9 119.7 119.3 118.8 118 115.9 113.7 111.6 109.9 110.8 112 113.2 114.4 116.6 118.9 121.2 126.4 132.5 138.8 143.9 148.3 150.5 152.2 153.1 152.8
95.6 97.5 99.3 101.6 103.2 105.2 107.2 109.1 111 112.9 114.8 115.8 116.2 116.5 116.9 116.8 116.3 115.9 115.3 115.4 115.9 116.4 116.9 117.4 117.8 117.5 117.1 116.2 113.3 109.5 105.8 101.4 96.8 91.7 89.6 90.4 94.4 95.4 95.3 95.3 95.3 95.3 98.3 99.7 101.1 103.1 105.3 108.4 113.8 119.4 125.4 127.5 127.5 126.1 124.7 123.2 122.3 121.3 119.3 117.3 115.2 112.7 111.1 112.5 113.6 114.8 116.5 118.7 121 123.7 129.1 136.5 142.2 146.6 149.6 151.3 151.5 151.6 150.9
96.5 98.7 101.1 103.9 105.6 107.3 109 110.9 112.9 114.9 116.8 118.5 118.8 119.1 119.2 118.7 118.2 117.6 117 116.5 117.3 118 118.5 119 119.4 119.3 118.9 117.1 113.9 109.9 105.2 101.3 96.6 91.4 90.2 92.8 96.8 97.7 97.8 98.2 98.7 99.4 99.3 102.1 103.9 106.1 108.3 112.3 117.4 125.2 130 132.7 131.5 130.4 129 127.5 126.1 123.4 121 118.9 116.4 113.7 112.2 113.8 115.3 116.5 118.6 120.9 123.2 127.5 133.4 140.4 144.8 148.1 150.4 151.2 151.8 151.5 151.2
98.4 100.6 103.1 105.6 107.7 109.4 111.2 113.3 115.8 117.7 119.7 120.9 121.2 121.4 121 120.5 119.9 119.4 118.6 117.8 118.4 119.1 119.8 120.5 121 121.1 120.7 117.8 114.4 109.3 104.6 100.5 95.9 90 91.3 96.9 98.9 100.5 101.2 101.8 102.3 102.6 102.6 105.3 107.2 109.4 111.9 115.3 121.7 130.3 136.5 137.8 136.1 134.4 133.2 131.7 129.4 125.9 122.7 120 117.4 114.7 113.3 115.7 117 118.3 120.8 123.3 126.5 131.2 137.8 143.1 146.6 149.8 150.9 151.7 151.9 151.4 152
100.1 102.3 105 107.5 109.9 111.6 113.5 115.5 118.3 120.6 122.3 123.2 123.5 123.2 122.7 122.2 121.7 121.1 120.3 119.5 119.5 120.2 120.9 121.7 122.4 122.6 121.4 118.3 114.6 109.5 104.5 96.4 90.4 90.8 93.9 99.2 102.2 103.4 104.3 105.3 105.9 106.1 106.6 105.2 108.9 112.2 115.4 119.2 126.3 135.5 142.6 143.5 141.7 140 138.2 135 132 128.5 123.6 120.5 117.8 115.1 114.9 117.4 118.8 120.1 122.2 125 129.9 135 141 145.1 148.6 150.5 151.4 151.9 151.9 152 152.8
101.8 104.1 106.8 109.4 112 113.8 115.8 117.7 120.5 123.3 124.6 125.6 125.3 124.9 124.5 124 123.4 122.7 121.9 121.1 120.6 121.3 122 122.8 123.4 123.2 121.6 118.5 114.7 110.2 101.7 91.7 92 93.5 99.3 103.1 105.3 106.4 107.2 108 109.1 109.4 109.8 111 111.7 115 118.4 123.1 130.8 140.5 147.5 149.1 146.9 144.9 142.2 138.5 134.7 130.1 124.8 121.1 118.2 115.1 116.5 118.8 120.5 121.9 124.5 127.7 134.4 138.6 144 147.8 149.5 150.5 151.5 151.7 151.8 152.8 153.7
103.3 105.9 108.5 111.2 113.8 115.7 117.3 118.9 121.3 123.9 125.7 126.7 127.1 126.7 126.2 125.8 125.2 124.3 123.5 122.7 121.9 122.4 123.1 123.9 124.4 123.7 121.5 118.2 113.5 105.1 95.9 92.9 96.3 98.2 103.3 107 108.6 109 109.8 110.6 112.1 112.5 112.8 113 113.8 117.3 120.6 126.4 135 145.3 151.9 153.7 151.7 149.4 145.4 141 136.4 130.4 125.9 121.6 118.4 116.6 118.3 120.3 122 124.6 127.4 132.8 139.4 143.5 146.9 149.7 149.8 150.4 151.3 151.3 151.4 152.6 154.5
104.6 107 109.6 112.2 114.4 116.3 118.2 119.8 122.2 124.5 126.6 127.6 128.4 128.3 128 127.5 126.8 126 125.2 124.4 123.6 123.5 124.2 124.8 125.3 123.4 121.2 118.1 113.9 101.5 93.5 97 100.5 103.8 107.5 110.5 112.3 112 112.3 113.3 115.2 115.5 115.6 115.7 115.8 119.4 123.3 129.8 138.8 148.5 154.3 156.6 155.7 153.1 148 142.7 137 130.2 125.4 122.4 119.7 118.5 120.4 122.2 124.6 127.6 131.5 137.7 143.9 148.2 149.9 150.1 150.2 150.4 151.1 151.2 151.1 153 155.5
105.9 108.2 110.6 113 114.9 116.8 118.7 120.6 122.7 125 127.3 128.6 129.6 129.7 129.6 129.2 128.4 127.6 126.8 126 125.2 124.6 125.2 125.6 125.7 123.5 121.3 117.7 111 97.8 94.1 99.3 102.7 107.6 111 113.7 115.6 115.3 115 116.4 118.1 118.2 118.3 118.5 118.8 121.5 125.6 132.2 141.3 149.4 154.3 156.4 157.2 153.7 149 142.6 136.2 130.1 125.6 123 121.3 120.6 122.4 124.7 127.6 132.2 137 143.8 150.4 152.2 151.2 150.6 150.7 150.5 151.1 151.1 151.1 152.8 155.7
106.9 109.2 111.5 113.5 115.5 117.5 119.5 121.3 123.1 125.5 127.9 129.6 130.6 131 131.1 130.4 129.5 128.8 128 127.2 126.5 125.7 125.7 125.9 126.1 123.9 121.6 117.4 104.7 94.4 96.9 102.4 106.3 104.4 103.7 117.2 118.5 118.5 117.7 118.4 119.6 120.5 120.6 120.3 120.3 124 127.5 134.2 141.6 148.2 152.9 152.8 152.6 151.3 147.1 141.2 134.8 128.8 125.5 124.2 122.8 122.5 125 127.4 131.7 136 143.4 150.5 153.9 154.4 153 151.6 151.1 148.9 149.4 150.3 151 152.1 155.8
107.9 110.2 112.3 114.3 116.3 118.3 120.2 121.9 123.6 125.9 128.3 130.6 132.1 132.6 132.6 131.5 130.2 129.4 128.7 128 127.2 126.5 126.4 126.4 126.4 124.2 121.2 112.8 100.7 95.3 98.4 104.2 108.1 111.4 116.7 120 121.3 120.8 120 120.2 121.1 122.1 122.3 121.5 121.2 125 128.7 134.3 141.2 146.9 149.4 149.3 148.9 146.9 144.4 139.7 133.3 128.8 126.6 125.5 125.3 125 127.9 131.8 137.2 143.3 150 155.8 156.5 156.5 155 153.2 151 149 148.1 148.2 149 150.9 154.4
108.9 111 113.1 115.2 117.2 119 120.7 122.4 124.1 126.2 128.6 131.2 133.3 134.3 134.2 132.6 131.3 130.1 129.4 128.7 127.9 127.4 126.9 126.8 126.1 123.9 119.3 109.8 100.3 96.9 100.6 105.8 110.1 114.5 119 122.5 123.3 122.9 122.1 121.4 122.7 123.9 123.9 123.6 122.1 124.9 129.3 133.8 140 144 145.9 145.5 144.5 142.9 140.5 138 133.2 129.4 128.2 127.7 128.1 130.5 134.2 138.8 144 149.2 155.4 159 159.2 157.8 156 153.8 151.5 149.2 146.8 146.2 146.9 149 151.8
109.7 111.6 113.7 115.8 117.6 119.5 121.3 123 124.7 126.6 129.2 131.7 133.2 134.3 134.9 133.8 132.4 131.1 130.1 129.3 128.6 129.1 127 127.1 124.8 122 116.7 109.2 101 97.7 100.9 107.2 111.7 116.2 120.8 123.5 124.6 124.2 123 121.8 122.9 124.1 124.7 124.9 124 124.3 128.7 133.2 137.5 140.6 142 141.7 141.2 140.5 138.7 136.6 133.1 130.4 130.3 130.8 133.5 136.9 140.7 145.3 149.8 154 158.6 160.8 160.9 158.8 156.7 154.4 152.1 149.8 147.4 144.9 145.6 146.8 148.9
110.5 112.2 114.3 116.2 117.6 119.3 121.2 123.1 125.1 127 129.8 131.7 132.9 134.2 134.6 134.3 133.5 132.2 130.9 130 129.8 128.8 125.6 126 124.5 120.5 116.5 110.3 102.1 98.5 102.9 108 112.7 116.5 120.4 123.8 124.7 124.4 123.8 122.6 123 124.3 124.7 125.1 125.1 123.8 127.7 131.1 135 137.9 139 139.1 138.4 137.8 136.8 136 134 132.9 133.2 135.9 138.6 142.9 146.5 149.8 153.7 157.6 159.8 161.5 160.4 158.3 156.6 154.8 152.5 150.2 147.4 144.8 144.3 145.7 147.5
111.2 113.1 114.7 116.3 117.7 119.1 121 122.9 124.9 127.1 129.5 131.5 132.7 133.9 134.4 134.6 133.7 132.6 131.4 130.6 129.4 126.9 128.8 129.6 128.2 125.9 121.7 114.5 103.9 99.3 102.8 106.6 111.6 116.1 120.3 123 124.7 124.6 124.2 123.4 123.4 124.4 124.6 124.7 124.8 124.7 126.5 129.5 132.5 135.5 136.4 136.7 136.2 136.2 135.9 135.8 135.8 136.3 137.5 140.5 143.3 147.2 150.1 153.3 156.8 159.4 160.8 160.8 159.8 158 156.3 154.6 152.9 150.4 148.1 145.8 142.4 144.6 146
112.4 114.1 115.2 116.7 117.7 119.1 120.8 122.7 125 127.2 129.3 131.3 132.5 133.8 134.7 134.9 133.9 132.8 132 131.4 130.3 129 131.2 131.9 130.2 128.3 124.7 115.6 106 100.6 103.2 106.3 110.2 113.3 116.8 121 123.1 123.6 124.3 124.1 123.7 124.6 125.6 126.3 125.9 125.7 125.5 128.7 131 133.1 134.2 134.9 135 135.2 136.4 137.7 138.8 140.2 141.6 144.3 147.3 150.7 153.7 156.4 158.7 160.3 160.7 159.7 158.5 157 155.3 153.6 152.5 150.8 148.7 146.5 142.7 143 144.4
113.3 114.5 115.5 117 118.4 119.3 120.6 122.9 125.2 127.3 129.4 131.2 132.4 133.7 134.9 135.2 134.1 133.3 132.7 132.2 130.8 130.3 131.7 132.9 132.4 130.1 126.5 119.3 108.9 103.7 105.8 109.5 114.1 116.3 118.3 120.4 122.2 122.8 123.3 123.8 124.3 126 127.4 127.9 127.5 127 126.8 127.9 130.5 132.9 133.2 134.1 135.8 136.8 138.1 139.9 141.6 143.1 144.5 146.8 149.7 153.2 155.9 158 160.1 160.3 160.3 158.7 157 155.6 154 153.3 152.6 150.9 148.7 146.4 143.9 140.7 142.5
114.6 116.4 116.7 118.4 120 121.3 121.9 123.1 125.4 127.4 129.5 131.2 132.4 133.6 134.8 135.4 134.5 134 133.3 132.3 132.3 131 132.1 132.6 132.6 130.6 127.3 125 112.7 105.5 108 110.2 115.3 118.6 120.5 122.4 124.3 125.1 125.6 126 126.6 127.7 129.2 129.5 129.1 129.1 129.6 128.9 131.5 132.9 134.1 134.9 137.2 138.5 140.1 142.2 144.3 145.7 147.2 149.6 152.1 155.3 157.7 159.7 160.5 160.6 159.3 157.7 156 154.7 154 153.3 152.6 150.9 148.7 146.2 143.7 141.3 140.6
115.5 117.1 117.5 118.6 119.7 121 122.3 124.2 125.5 127.5 129.6 131.1 132.5 133.6 134.8 135.4 134.5 133.6 132.7 132.6 132.5 132.3 131.3 132.7 132.6 130.7 127.8 120.3 110.5 109.1 111.8 113.9 116.2 120.3 122.5 124.4 126.3 127.1 127.8 128.3 129 130 131.1 131.2 131.1 131.1 131.6 131.9 132.1 133.5 134.9 136.1 138.1 140.2 142.4 144.6 146.8 148.3 150 152.4 154.9 157.4 159.4 160.6 160.9 159.7 158.1 156.5 154.9 154.4 154 153.4 152.7 151 148.6 146.2 144.4 141.6 139.2
115.1 114.9 116.9 118.2 119.6 120.9 122.3 123.8 125.9 127.8 129.7 131.1 132.5 133.7 133.8 134.4 133.9 133 132.5 132.8 132.7 131.4 132.3 132.6 132.6 128.3 116.5 118.7 120.1 111.3 117.3 118.1 118.5 121.6 124.4 126.4 128.3 129.1 130 130.5 131.3 132.4 133.4 133.4 133.2 133.5 133.3 133.6 133.9 134.7 136 137.2 139.4 142.1 144.7 146.9 149.1 150.9 152.8 155.2 157.7 159.4 160.2 161.2 161.1 159.7 158 156.3 154.8 154.2 153.7 153.3 152.8 151 148.8 147.1 144.9 141.9 139.3
117.6 116 116.8 118.4 119.7 121 122.3 123.8 125.3 127.1 129.3 130.3 132 131.6 131.3 131.6 131.7 132.9 132.9 133.1 132.6 130.2 131.4 132 132 118.8 128.7 125 118.7 117.2 120.5 120.9 120.6 122.7 125.6 128.5 130.3 131.1 132 132.8 133.7 135.1 135.6 135.5 135.6 136.2 136.4 136.1 135.8 135.9 137.2 138.4 140.9 143.5 146.2 148.9 151.5 153.6 155.7 158.1 160.1 161 161.8 161.7 160.8 159.4 158 156.3 154.9 154.4 153.9 153.3 152.8 151.5 149.7 148 145.2 142.6 140
118.9 117.9 116.9 118.4 119.7 121.1 122.3 123.8 125.3 126.8 128.4 129 129.9 131.2 131.3 130.4 130.4 130.6 131 132.3 130.5 129.1 128.2 123.9 123.6 129 129.8 127 122.4 118.5 123.3 123.4 122.5 123.6 126.6 129.7 132.3 133.2 134.4 135.4 136.5 137.4 137.8 137.7 138.4 139 139.4 139.1 138.9 138 138.6 139.7 142.3 144.9 147.6 150.3 153 155.8 158.2 160.4 161.5 162.3 162.6 161.9 160.5 159.1 157.7 156.3 155.1 154.6 154.3 154 153.6 152 150.5 148.6 145.7 142.8 139.9
120 118.5 117 118.5 119.9 121.1 122.3 123.8 125.3 126.9 128.8 131.4 133.3 135.8 138.9 134.8 135.5 133.5 131 131.2 130.2 131 130.2 126.5 132.6 131.9 131.3 128.4 124.7 122.8 126.1 126 125 126 128.9 131.9 134.9 136.6 138.2 138.8 139.1 139.6 139.9 140.5 141.1 141.7 142.3 142.1 141.1 140 140.6 141.1 143.5 146.1 148.6 151.6 154.6 157.6 160.2 162.5 163.3 163.4 162.7 162 160.6 159.2 157.7 156.5 155.9 155.5 155.2 154.9 153.9 152.3 150.8 147.9 145.1 142.1 139.2
120.8 119.4 118.5 118.6 120 121.2 122.3 123.8 125.3 127.2 129.5 132.3 134.7 137.4 138.6 137.7 135.8 131.8 130.5 132.4 133.2 133.2 133.3 131.7 133.7 133.2 132.5 130.1 126.1 127.5 129.1 130 128.5 128.7 131.4 134.3 137.4 139.3 140.9 140.8 141.2 141.7 142.2 142.8 143.5 144.1 144.7 144.3 143.2 142.1 142.4 142.9 144.5 147.2 149.5 152.1 155.1 158.4 162.2 164.2 164.9 163.9 162.7 162 160.8 159.3 158.3 157.8 157.1 156.5 156.2 155.8 154.2 152.7 150.1 147.1 144.3 141.4 138.5
121.4 120.5 119.8 119.1 120 121.2 122.4 123.8 125.6 127.9 130.2 133 136.1 138.6 139.2 138 136.6 133 134.3 135.1 135.2 135.3 135.3 135.4 135 134.4 132.5 130.1 128.2 130.2 132.3 134.3 132.4 130.8 135.1 137.7 140 142.2 143.1 142.8 143 143.3 143.8 144.4 144.9 145.7 147.2 146.4 145.3 143.9 144.2 144.7 145.6 148.3 150.5 152.8 155.8 159.9 163.9 165.1 164.9 164.3 163.1 162 160.9 160.1 159.6 159 158.4 157.7 157.1 156.6 154.5 152.5 149.3 146.2 143.5 140.7 137.8
