public/OST50/NJ65.asc
ncols 200
nrows 200
xllcorner 360000
yllcorner 850000
cellsize 50
[rows 35 to 69 of 200, columns 79 to 157 of 200]
134.7 132.6 130.7 129.2 128.8 132.7 135.5 136.8 136.6 135.5 134.5 131.4 128 124.5 122.2 120.9 119.6 118.6 114.9 111.6 111.5 113.2 114.8 116.8 119.1 121.8 124.8 128 129.8 132.6 134.8 135.8 134.2 132.6 131.2 129.9 128.2 126.6 125.5 127.7 129.8 129.8 127.4 124.2 120.4 115.7 111 106.1 101.8 97.8 99.7 101.2 101.4 102 103.3 105 104.6 103.6 103.1 102.8 103.7 104.3 107.3 109.1 109.8 110.8 113.3 115.5 117 117.5 117.8 114 109.9 102.6 96.7 93.1 89.5 83.7 80.7
135.1 133.2 132.3 131.9 130.8 135.8 138.1 139.9 140.3 139.5 136.7 132.5 129 126.1 124.5 123.1 121.8 119.2 116 112.2 112.7 114.9 117 119.1 121.7 124.4 127.4 130.8 133.1 137.5 140.4 141.3 138.9 137 135.7 133.7 131.5 128.8 126.3 128.2 128.8 127.7 125.1 122 117.1 113.3 112.2 109.1 102.4 104 104.7 104.9 104.9 105.4 106.7 108.1 108.4 109.3 109.6 109.8 110.2 111.5 113.5 115 114.5 115.8 118.3 121 122.5 123.4 121.4 117.2 112 105.8 99.1 94.3 90.1 85.8 82.2
136.1 134.4 134.2 133.2 136.2 138.3 140.7 142.6 143.9 142.5 138.2 134 130.2 127.9 127 125.4 123.9 120.8 117.1 113.1 114.1 116.4 119.1 121.9 124.3 127 130.1 133.5 137.4 142.7 146.6 146.6 144.6 141.3 139.1 137 134.7 131.8 128 127 126.8 125.2 122.2 116.7 118.8 119.8 117.4 111.6 107.6 108.2 108.2 108.3 108.4 109 110.6 112.9 113.7 114.6 115.6 116.6 118 120 121 120.2 118.7 120.3 122.5 125.9 128.6 127.8 125 119.8 114.3 106.6 100.3 95.3 91 86.6 82.2
137.3 135.7 135.1 135.6 138.1 140.2 142.8 145 145.6 144.1 139.7 135.2 131.8 130.4 129.4 127.8 125.4 122.4 118.5 114.3 115.4 119.1 122.1 124.8 127.3 129.8 133.5 137.2 141.2 145.3 149.3 151.3 149.1 145.6 142.8 140.5 137.6 134.2 130.4 127.1 124.5 122.2 119.5 119.9 120.4 122.3 116.5 114.4 112.8 112.2 112.2 112.2 112.4 113.8 116.3 118.1 118.9 119.8 120.7 122.5 124.6 126.2 126.3 124.9 123.9 125.1 126.7 130.1 132.1 130.2 127.9 121.8 114 106.6 100.9 96.1 91.7 87.2 82.8
137.6 136.3 134.7 137.5 139.9 142.1 144 145.7 146.2 143.8 140.1 136.2 134 132.8 131.1 129.4 126.6 123.5 119.3 115.5 117.8 121.8 125 127.7 130.2 133.9 137.2 140.9 145 148.9 151.2 153.7 153.3 149.9 146.7 142.6 139.1 135 130.1 125.9 124.8 125 123.7 122.6 122.8 122.9 121.1 119.1 116.8 116.4 116.1 116.1 117 119 122.5 123.9 124.5 125 125.9 127.6 129.2 129.9 129.5 127.8 127.6 128.8 130.6 133.1 134.7 131.3 127 119.5 110.6 104.8 99.5 96.2 91.8 87.4 83.1
138.2 136.7 136 138.2 140.5 143.1 145.6 147.1 145.8 143.4 140.4 137.5 136 134.4 132.2 129.9 127.1 123.6 119.5 116.5 120.5 124.2 127.9 130.7 133.8 137.9 141 144.7 148.2 149.7 152.5 155.3 155.1 152.1 148.3 143.8 139.7 134.9 129.7 127.4 128.2 127.4 126.4 126.2 126 125.5 124.1 122.2 121.1 120.9 120.6 120.8 122.7 125.4 128.4 129.1 129.5 129.5 129.8 131.3 132.9 132.4 131 128.8 130.4 132 133.5 135.4 135.8 130.8 126.2 116.4 108.8 103.1 99.4 96.4 92 87.6 83.5
138.7 136.7 137.3 139.4 141.3 144.1 147 146.8 145.3 143 141.4 140.3 137.5 135.4 133.1 130.4 127.6 124.1 120.2 117.6 122.6 126.7 130.6 133.8 137.9 141.9 145 147.4 149 150.9 153.8 157 156 153.3 148.6 144.5 139.4 134.1 128.9 130.2 131 129.9 128.7 128.2 127.9 127.4 125.8 124.8 127 126.6 126.9 126.9 129.1 132.6 133.5 134 134 134.1 134.1 135.2 135.8 134.3 130.8 127.5 129.7 132.1 134.4 135.8 134.2 128.9 122.7 115.1 108.1 101.9 99.2 96.3 92.1 88 83.9
138.7 137.8 139.8 140.9 142.6 144.8 147.6 146.8 144.9 144.2 143.9 140.3 138.1 135.8 133.3 130.5 127.6 124.1 120.5 120.3 124.7 128.8 132.9 137.5 141.3 144.4 146.2 148.3 149.2 151.3 154.7 156.6 155.5 152.4 148.2 143.6 138.1 132.5 129.9 132.1 133.3 132.1 131.1 130.2 129.5 129 128.3 130.1 132.4 133.8 134.1 134.2 136.3 139 138.7 138.5 138.6 138.6 138.7 139.1 137.6 135.1 131.1 127 129.7 132.6 134.8 134.2 131.4 126.2 120.5 113.8 107 101.3 98.3 95.9 92.5 88.4 84.4
138.7 140.6 141.7 142.4 143.9 145.6 146.7 146.6 146.8 145.4 143.6 140.8 138.3 135.8 133.3 130.7 127.6 124.1 120.4 122.4 126.8 130.9 136.2 141.3 144.9 146.5 145.7 146.6 147.6 149.6 152.7 153.5 151.7 149.1 145.9 142.6 136.9 131.3 132.4 134.5 135.6 134.4 133.5 133.1 132.8 131.4 133.2 135.5 137.7 139.4 140.8 142.4 143.8 144.8 143.7 142.8 142.9 142.9 143 141.2 138.9 136.1 133 130.2 128 132.7 133.8 132.4 128.5 123.3 117.5 111.1 104.5 100.3 97.4 94.6 91.9 88.1 84.3
141.1 142.4 143.3 144.2 145.1 146.4 146.6 146.7 146.6 144.9 143.2 140.7 138.2 135.7 133.3 130.8 127.4 123.7 120.2 124 129 134 139.6 145.1 149 150.1 149.2 147.3 145.7 145.8 148 149.2 146.6 144.6 142.9 140.4 135.8 132.2 134.8 136.2 136.8 136.8 136.2 135.9 136.1 135.4 137.4 140.8 143.1 145 147.6 150.3 149.9 149.1 148.2 147 147.1 146.7 145.1 143.7 140.6 137.6 134.7 131 129.3 131.9 132.3 130.3 125.7 120.4 114.6 108.1 102.7 100 97 94 91.1 87.3 83.7
143.6 144.1 144.5 145 146 146.4 146.3 146.4 146.5 144.8 143.1 140.6 138.1 135.6 133 130.3 127.9 124.6 121.6 125.8 131.2 137.9 144.9 149.3 153 153.8 151.7 149.8 147.9 144.2 144.2 145 142.5 141.4 140.1 137.6 133.9 134.5 136.2 137.1 136.9 136.8 137.4 138.7 139 139.5 141.4 143.5 147.6 150.6 153.4 155.4 154.4 153 152.3 151.6 150.8 150 149.2 146.5 142 139.2 136.3 132.7 129.3 127 130.2 127.3 122.5 117.6 111.6 106 102.7 100.1 97.1 94 90.4 86.5 85.6
145.2 144.9 145.3 145.8 146.7 146.6 146.5 146.4 146.3 144.8 143 140.5 137.8 135.2 132.5 130 127.5 125.1 123.8 128.7 133.7 140.5 148.8 153.2 156.1 155.4 153 150.3 147.8 144.9 140.9 140.8 139.6 138.5 137.2 135.4 134.9 136.5 137.5 138.1 136.6 136.8 137.8 140.1 141.6 142.2 143.7 145.5 150.1 154.2 157.3 159.7 158.4 157.2 156.2 154.7 154.3 154.1 152.4 147.9 143.5 140.7 137.9 134.4 131.9 128.6 124.6 120.1 119.7 114.5 109.7 104.6 102.7 100.2 96.9 93.4 89.8 87.1 85.8
146.3 146 146 146.7 146.9 146.8 146.7 146.8 146.8 145.2 143.1 140 137.3 134.7 132 129.6 127.1 123.6 127.7 130.3 134.8 142.6 150.5 155.5 157.4 156.6 153.5 150.5 147.4 145.1 143.1 141.6 140.3 139 137.9 136.9 137.2 138 138.7 138.9 138.7 136.6 138.8 140.9 143 143.8 145.4 147.3 151.8 156.3 159.7 160.9 160.4 159.8 159 157.3 156.9 156.9 154 149.3 145.1 142.2 139.4 135.9 132.4 128.3 124.2 117.2 115.5 111.8 108.5 105.5 103.3 100.3 96.5 92.7 89.6 88.2 86.1
147.5 147.2 147 147.2 147.2 147.2 147.3 147.3 147.3 145.6 143.6 140.3 137 134.2 131.7 129.1 126.5 124.2 128.9 131.7 136.5 144.2 152.2 156.1 157.4 158 154.9 151.7 148.6 146.3 144.8 143.8 142.5 141.2 140.2 139.5 139.6 140.3 139.8 139.2 138.8 137.5 138.4 140.3 142.7 144.9 146.7 149.2 151.7 155.4 158.1 159.9 160.4 160.3 159.3 158.2 157.2 156.5 154.1 150.9 146.6 143.1 139.4 136 131.9 126.6 120.3 115.5 111.2 110.8 109.1 106.8 104.2 101.1 97.8 94 91.6 89.8 85.4
148.7 148.4 148.1 147.7 147.8 147.8 147.9 147.9 147.7 146.3 144.1 140.8 137.5 134.2 131.4 129 126.6 127.3 130.1 133.4 138.7 146.4 154.3 156.2 157.6 158.7 156 152.6 150 147.4 146.7 145.9 144.7 143.4 142.5 142.1 142 141.7 140.6 140.3 139.8 138.6 138.4 139.5 141.6 143.9 145.8 146.7 149.2 152.9 154.7 156.2 157.2 157.8 158 157.1 155.8 153.8 151.5 148.4 146 143.2 139.4 136 130 123.9 116.7 107.4 111.4 110.6 110.1 107.8 104.8 101.7 98.5 95.6 93.3 90.6 85.9
150.5 149.4 148.9 148.4 148.3 148.4 148.4 148.5 148.1 147 144.7 141.4 137.9 134.5 131.6 129.1 126.8 129.7 131.6 135 140.5 149 157.7 160.7 160.8 159.7 156.8 154.4 151.9 150 148.7 147.7 146.9 145.7 144.8 144.3 144.1 143.8 143.7 143.7 143 140.2 139.4 139.1 139.3 141.9 143.8 144 146.3 148.5 150.8 152.2 153.3 154 153.7 153.3 152.4 150.9 148.9 146.2 144 141.9 139.3 134.2 127.9 121.2 113.1 106.7 111.1 110.9 110.5 108.6 105.3 101.9 98.3 95.8 93.1 90.5 85.6
151.4 149.9 149.5 149.1 148.8 148.9 149 149 148.7 147.7 145.1 141.7 138.2 134.8 131.8 129.2 127.4 131.4 133.5 137.1 143.7 152.4 161.6 164.5 163.9 161.4 158.8 156.5 154.2 152.7 151.4 150.1 148.8 147.9 147.1 146.8 147.1 146.9 147.5 147.1 145.8 142.4 140.9 140.8 137.9 139.4 140.9 141.1 142.6 144.7 146.9 148.1 149.2 149.6 149.3 149 148.7 147.6 146 144.1 141.9 139.6 137.3 131.6 125.5 118.9 111.5 105 109.6 110.9 110.5 108.6 105.2 101.7 98 96.1 93.3 90.3 84.2
152 150.3 149.9 149.4 148.7 148.8 149 149.5 148.7 147.8 145.6 142 138.5 135.1 132 129.4 129.6 132.6 135 139.7 147.1 157.2 165.6 168 166.8 164.4 161.6 158.9 156.7 155.4 154.1 152.8 151.4 150.2 149.4 149.5 149.8 150.5 151.3 150.4 147.9 145.5 142.8 140.7 137.8 136.2 136.7 138.7 139.3 141.5 143.5 144.4 144.7 145.3 145 144.7 144.3 143.7 142.6 140.9 139.2 137.2 134.3 128.7 123.3 117.7 112 107.7 107.8 109.6 110 108.1 105 101.4 98.2 96.4 93.7 91.2 85.4
151.7 150.9 150.2 149.6 149 149.3 149.9 149.8 148.7 148 146.3 142.6 139 135.4 132.2 129.9 131.3 133.7 136.8 141.5 152.5 163.9 170.6 172.5 170 167.3 164.5 161.7 159.8 158.7 157.6 156.5 155.4 154.5 153.7 154 155 160.2 161 158.2 149.7 148.3 144.2 141.5 138.6 136 134.5 135.8 136.1 138.2 140 141.2 140.6 141 140.6 140.3 140 139.2 138.4 138.2 136.5 134.8 131.5 126.1 120.7 115.1 111.8 108.1 107 108.8 109.6 107.4 103.6 100.4 97.9 97.4 95.5 92.5 88.4
151.5 150.8 151 151 150.9 150.7 150.5 149.8 148.6 148.2 147.1 143.3 139.7 136 133 130.9 132.5 135.3 138.8 148.6 160.4 170.5 176.1 177.3 174.5 170.3 167.2 164.4 162.8 162.8 161.6 160.5 159.6 158.8 158 160 160.5 167.1 168.9 166 159.3 155.6 149.4 142.9 142.3 138.4 136.2 132.9 132.8 134.8 136.6 137.9 137.3 136.7 136.3 136 135.5 135 135.6 135.5 134.5 132.5 128.2 123.4 118 113.2 112.2 109.4 103.2 107.5 107.8 106.2 101.9 97.4 95.7 97.7 97 94.7 90.7
152.9 151.2 151.3 151.7 152.3 151.9 151.7 150.1 148.6 148.5 147.5 143.9 140.3 136.4 133.8 132.8 134.2 137.3 142.5 155.8 166.5 175.1 180.6 181.1 178.4 174.1 170.5 167.2 165.8 165.6 165.7 164.8 163.6 162.5 164.2 165.9 166.1 173.1 174.3 172.6 167.8 163.1 158.7 149.4 143.2 140.1 138.4 133.1 130.7 131.3 133.1 135.1 135 134 132.6 131.7 131.7 132.3 132.8 132.6 131.3 129.8 125.1 120.4 116.3 111.6 110.5 109 105.7 105.3 107 105 99.5 97.7 98.7 100.1 99.6 96.6 92.9
153.5 151.6 152.2 152.8 153.4 153.4 153 152.3 150.7 149.5 148.1 145.1 140.5 137.9 135.4 135.5 138.1 139.8 148.6 160.2 172 179 184 183.7 180.7 175.8 171.4 169.3 169.1 169.2 168.8 166.9 165.8 165.7 167 169 170.7 177.3 178 177.5 173.5 168.8 163.7 158.6 151.4 145.3 142.5 138.9 134.8 131.5 130.8 132.6 132.6 131.4 130.9 131 129.6 129.5 130 129.5 128 126.4 122.2 117.6 113.7 110.1 108.6 107.1 104 104.3 105.5 103.8 100.7 101.7 102.6 103.9 102.1 98.4 94.9
153.8 152.6 153.3 153.9 154.5 154.8 154.4 153.9 152.7 151.4 150.6 147.4 144.4 141.1 138.5 138.3 140.1 142.5 154.6 164 174.5 181 184.4 183.7 180.6 175.9 171.9 169.9 171.3 171.6 171.3 169.2 168.5 167.5 168.6 170.6 172.5 179.6 180.9 180.6 177.6 172.7 167.6 162.9 156.7 152.7 143.8 144.1 139.5 135.5 132.1 130.1 130.3 130.1 130.8 130.6 129.1 127.7 127.3 126.2 124.6 123.2 119.5 114.9 111.4 108.8 106.7 105.2 102.1 101.8 103.2 103.8 104.7 105.9 107.6 107 103.9 100.1 96.7
155.1 154.9 154.9 155 155.6 156.2 155.8 155.4 154.6 153.8 152.9 150.4 146.8 143.4 141.5 141.2 142.3 147.3 158 167.6 176.3 181 183.8 181.5 176.9 173.1 170.8 169.2 171.2 172.1 170.6 169.4 167.9 165 167 169.9 173.1 179.2 181.6 182.5 180 175.6 170.9 166 161 156 151.7 147.4 143.1 139.5 135.8 132.4 129.1 129.6 130.3 130 128.5 127.1 125.7 123.5 122.1 119.5 116.7 113 110.2 107.9 105.4 103.2 99.7 100.7 102.6 104.5 106.8 109.5 110.5 109.7 105.8 101.8 98.1
157.3 157.9 158.2 158.2 158.2 158.2 157.7 157.4 156.9 155.9 155 152.5 149.1 146.5 144.6 144 145.4 151.2 160.6 170.3 176.7 182 182.3 177.5 172.7 169.6 167.8 166.1 169.4 170.8 168.5 165.8 164.3 161.9 165.1 167.9 170.8 175.4 179.9 183 182.2 177.8 173.4 168.2 161.8 156.7 153.1 149.6 144.6 141.1 137.8 136.4 133 128.8 128.4 127.8 127.2 126.4 125.1 122 119.7 117 114.2 111.6 109.2 106.9 104.4 101.3 99 99.9 102.1 104.2 107.1 110.3 111.5 109.4 105.8 102.4 98.6
159.8 160.8 161.4 161.4 161.4 160.4 160 159.8 159.1 158.1 157.2 154.5 151.5 149.5 147.5 147.3 149.3 154.8 163.2 171.4 178.1 181.1 178.9 173.6 169.1 167 165.1 163.9 165.2 165.9 164.8 162.1 159.7 159.2 162.2 165.9 169.3 174.3 179.6 183.1 183.6 179.1 174.3 168.7 162.8 158 153.6 150 145.7 141.2 140.5 139.9 137.6 133.5 129.2 126.7 125.2 125.4 126 122.7 118.2 115.3 113.3 111 108.5 106 103.3 100.5 99 99.7 100.5 102.5 105 108.1 108.2 106.5 103.7 100.4 93.8
163.1 163.8 164.6 164.6 163.6 162.7 162.4 162.1 161.4 160.4 159 156.5 154.2 152.4 151.1 151.3 154.4 159.6 166.9 173.6 179.8 180.2 175.5 171 167.9 165.8 163.8 161.9 160.6 161.1 160.4 157.9 155.8 156.3 159.5 163.2 166.6 172.8 178.4 182.4 181.4 178 174 168.8 162.8 157.5 153.2 149.3 146.2 141.9 142 142.7 140.8 138.1 135.4 133.5 133 128.3 127.4 124 119.3 114.3 112.2 110.1 107.9 104.9 103.9 101.8 99.7 98.5 98.8 99.7 102.2 104.6 104 102.3 99.1 92.6 99.7
166.7 167.3 167.9 166.8 165.8 165.1 164.7 164.4 163.5 161.7 159.9 158.3 156.9 155.3 155.2 156.1 159.4 164.5 171.1 177.4 182 182.6 178.4 173.5 169.2 166 163.6 161.4 159.7 158.2 156.6 155.2 153.6 153.9 157 160.5 164 170.1 176.2 179.5 178.1 175.5 171.6 166.3 161.1 155.4 150.1 147.6 145.6 142.8 143.3 143.5 142.7 141.4 139.4 138.6 137.4 132.2 121.4 126.4 120.6 114.4 111.4 109.3 107 105.5 106.3 103.8 100.4 101.2 98.8 95.4 97 99.4 101.1 100.7 90.9 98.5 101.8
171 171.7 172.2 171.8 170.1 169.3 168.9 168.3 165.9 164.1 162.5 160.9 159.5 159.3 159.1 161.5 165.3 169.3 175.4 181.3 184.7 185.4 182 177.8 173.4 168.5 165.2 163 161 159.3 156.4 153.9 152.8 152.3 154.3 157.4 161.3 167 171.5 173.9 172.2 170.2 166.6 161.5 156.3 152.1 147 144.8 143.3 142.8 143.6 143.8 144.1 145 143.6 143.1 141.7 136.2 130.6 118.2 119.1 115.3 110.7 108.3 106.1 106.1 106.9 104.6 107 105.1 102.2 97.4 93 94.6 95.3 91.4 93.6 97.4 100.7
175.5 176.1 176.4 176.8 175.8 174.8 173.9 172.2 169.4 167.2 165.4 163.7 162.6 162.7 163.6 166.3 170.1 173.9 178.8 184.6 188 186.7 184.7 182.1 177.3 172.2 168.1 164.9 163.1 161.2 158.7 154.8 150.8 150.7 150.5 153.4 157.1 160.1 164.1 165.2 163.6 162.4 159.7 155.7 151.2 147.1 143.4 142.8 141.7 142 143.4 144.2 144.9 146.7 148.5 148 145.5 139.9 132.6 124.9 111.5 109 109 105.9 104.5 104.1 105 104.5 111.1 109 105.9 100.5 95.3 90.1 91.1 89.4 91.2 95.1 99
179.5 179.9 180.2 180.6 180.9 180.1 178.1 176.1 173 170.7 168.6 166.7 166.6 166.7 168 171 173.8 177 182 186.5 190.9 187.7 185.7 184.2 180.9 176.2 172 167.7 165.2 163.2 161.1 157 152.7 150.3 147.3 148.4 151.6 154.9 157.2 157.2 156.1 154.8 152.8 150.2 146.7 142.8 139.9 139.6 140.2 141.2 143.8 145.8 147 149.4 152.5 153 149.3 143 135.3 128.8 123 118.5 114.6 112.6 108 105.6 106.8 113.2 113.8 111.7 108.9 103.6 98.5 90.6 86.5 86.5 88.4 91.6 94.8
182.3 182.7 182.9 183.3 183.9 183.9 181.9 179.9 176.9 174.2 172.2 170.3 170.4 171.4 172.8 174.1 177.1 179.7 182.6 186.4 188.9 188.3 188.3 185.6 182.6 179.5 175.1 170.8 168.4 165.9 163.6 158.8 154.4 150.2 146.7 143.9 146.8 149.7 151.6 151.1 149.6 148.2 146.6 144.2 142 138.9 137.2 137.4 138.7 140 143.7 150.3 148 150.6 154.5 154.6 150.9 143.3 136.8 131.2 126 121.8 117.1 114 112.8 112.6 114.6 116.4 116.7 114.5 112 106.7 101.9 94.1 85.5 85 85.5 88.7 91.7
185.3 185.5 185 185.1 185.3 186.3 185.8 183.9 180.7 178.2 176.1 174.5 174 176.1 178.1 179.3 178.8 180.2 181.5 185.2 187.6 187.4 189.3 188.2 185.3 181.9 178.7 174.7 172.3 169.8 166.8 161.6 154.8 150.6 146.7 142.9 142.5 145.5 146.9 146.6 144.9 143.2 141.6 139.7 137.8 136.1 135 135.1 136.1 138.4 141.3 146.5 148 150.8 153.8 153.8 150.2 142.8 137.3 131.7 127.6 123.7 119.9 114.7 114.5 116.5 119.5 120.9 120.4 117.9 114.8 110.1 105.3 98.2 92.2 85.8 84.9 85.4 87.5
187.2 186.6 185.5 185.3 185.7 187.2 187.1 186.3 184.9 182.5 180.1 177.9 178.3 180.5 182.7 182.8 180.1 179.5 180.4 183.2 186 187.1 190.3 190.2 187.7 184 181.2 178.6 175.9 173.2 169.9 164.2 156.7 149.8 145.5 142.5 141.4 141.8 143.7 144.1 142.5 141.2 139.4 137.5 135.8 134.1 132.9 132.2 134.8 137.2 139.5 141.6 144.2 146.5 149.4 148.7 146.3 142.1 136 131.2 127.4 123.4 119.2 117.4 117.3 120.3 123.8 125.4 124.2 121.2 117.9 113.7 107.9 102.1 96.8 91.9 88.6 87.2 83.2
188.4 187.4 185.4 183.5 184.1 185.8 186.8 186.5 186.7 185.3 181.7 179.4 179.8 185.2 186.2 184.8 181.4 178.7 178.8 181.5 184.9 188.8 193.8 192.9 189.9 186.1 183.4 180.4 177.1 175.4 172.7 165.6 157.4 150.8 145.4 142.4 141.9 140.7 140.6 141.7 140.6 139.2 137.3 135.6 134.2 132.9 131.3 130.4 131.6 134 136 137.9 140.5 142.7 145.1 144.3 142 138.4 134.2 130 125.8 122.1 117 117.5 119 123.9 126.9 128.4 127.6 124.5 120.8 116.7 111.8 106 101.5 95.6 92 88.8 84.7
