public/OST50/NJ70.asc
ncols 200
nrows 200
xllcorner 370000
yllcorner 800000
cellsize 50
[rows 0 to 36 of 200, columns 83 to 165 of 200]
120.2 122.3 123.8 125 125.8 127.8 130 132.1 135 137 135.7 133.7 131 128.7 126.9 125.3 122.7 120.5 118.5 116.6 114.3 112.1 110.6 110.2 107.9 105.7 104.9 103.8 102.6 101.6 101.3 100.8 100.3 100 99.8 99.7 101.1 103 105 107.6 112.6 118.2 122.6 127 131.9 135.3 138 140.3 140.8 138.8 137 134.9 133 130 127.9 125.2 123.2 121.6 120.7 119.7 118.8 118.3 118 117.6 117.5 118.1 118.6 118.7 119.1 119.6 120.3 121.3 123.1 125 127.8 133 137.2 139.4 141 142.3 143 143.7 144.2
117.1 118.6 120.4 122.3 122.3 123.5 125.4 128.2 131 132.9 133.1 132.4 130.9 129.6 127.5 126.1 123.5 122 120.1 118.3 116.2 114 112.5 111 109.2 106.9 106.5 105.5 104.7 102.8 102.2 101.6 101.1 100.6 100.3 100 100.5 102.8 104.5 107 110.8 116.9 122.7 126.6 130.1 133.3 137.4 140.2 138.8 136.9 135 132.5 129.9 127.8 125.7 123.8 122 120.1 119.1 118.2 117.3 116.6 116.2 116 115.9 116.5 117.1 117.5 117.8 118.1 118.8 119.5 121.4 123.1 125.4 128.8 132.6 135.3 137 139.4 140.2 141 141.8
112.3 113.6 114.9 116.1 118.3 119.1 121.1 123.2 125.6 126.9 129.3 129.6 128.7 128.2 127 125.7 124 122 120.7 119 117 115 113.1 111.9 110.1 108.4 107.2 105.9 104.7 103.7 102.9 102.3 101.9 101.4 100.9 100.7 99.2 101.3 103.5 106.7 109.8 116 120.6 123.4 126.6 129.3 133.1 135.1 134.1 132.4 130.7 128.7 126.2 124.2 122.9 121.4 119.7 118.9 117.5 116.6 115.6 114.8 114.4 114 113.8 114.4 115 115.7 116.3 116.7 117.3 118.7 120.1 121.8 123.7 125.4 127.5 129.8 131.4 133.3 135.3 137.4 139
109.2 109.8 111.1 111.5 112.8 114.4 115.9 118 120 121.5 123.6 124.4 124.2 124.8 124.7 123.8 122.4 120.7 120 118.6 117.2 115.4 113.6 112.2 110.6 109 107.6 106.3 105.1 104 103.4 102.8 102.4 102 101.6 101.2 99.5 99.4 101.9 105 108.5 115 117.7 121 124 126.3 128.2 130 129.6 127.7 125.6 123.5 122.7 120.7 119.8 118.6 117.3 115.9 114.6 114.4 113.4 112.6 112.2 111.7 111.7 112.1 112.8 113.5 114.2 115.2 116.5 117.5 118.9 120 122 123.7 124.9 126.5 127.8 129.3 130.8 132.5 135.5
104.5 107 107.7 108.4 109.4 110 111.4 112.4 114.5 116.3 117.6 118.8 119 119.8 120.6 120.1 119.4 118.9 118.3 117.7 116.4 115.3 113.9 112.3 110.8 109.4 107.9 107 105.8 104.7 103.7 103.1 102.4 102.1 101.8 100.5 98.5 97.7 100.3 105 109.6 114.5 117.5 121.2 122.8 124 125.2 125 124.4 122.9 121 119.7 118.1 116.9 116.4 114.7 113.9 113.5 111.5 111.5 110.4 110 109.7 109.7 109.9 110.3 110.8 111.6 113.1 113.6 115 116.5 117.6 118.5 119.9 121.1 122.8 124.6 125.9 126.9 128.5 130.3 132.5
103.8 104.4 104.7 105.6 107.3 107.6 108.2 109.1 109.5 111.4 113 114.2 115 115.9 116.2 116.3 116.6 116.8 116.6 116.5 115.8 114.9 113.4 112.2 110.8 109.6 108.8 108.1 107.6 105.6 104.5 103.7 102.8 101.9 100.3 98.7 97.4 97.2 101 107.6 113.4 117.1 119.5 121.5 122.2 121.9 121.5 120.8 119.8 118.6 117.4 116.3 115.8 114.4 113.8 112.6 112 110.3 108.6 108.1 107.5 107.4 107.4 107.6 108.2 108.7 109.2 110.2 111.2 112.1 113.4 114.9 116.1 117.3 118.4 119.4 120.6 122.8 123.9 124.9 126.2 128 129.9
102.7 104.1 103.6 105.4 106.1 106.4 107.5 107.8 107.6 108.2 109.1 109.9 110.7 111.3 111.8 112.7 114 114.9 115.9 116.2 115.2 114.4 113.1 111.9 111.2 110.8 109.7 108.9 107.8 106.8 106.2 105 103.5 101.4 99 97.7 97.2 97.3 103.4 110.8 118.5 121.2 122.2 122.8 122.1 120.3 117.9 117.4 117.1 115.8 114.8 114.2 112.7 111.7 110.6 109.8 107.8 106.3 106 105.5 105.2 105.2 105.2 105.8 106.6 107.2 108 108.7 109.7 110.8 111.7 113.2 114.5 115.6 116.7 117.8 118.9 120.3 121.9 123.4 124.7 125.8 127.4
102.5 102.5 102.7 104.6 104 104.8 106.7 107.9 106.5 106.4 107 108 107.4 107.8 108.6 110.3 111.9 113.9 115.4 115.3 114.5 114 113.4 112.5 112.2 111.6 110.2 108.4 108 107.8 106.4 104.7 103.4 100.9 98 96.6 97.3 101.9 107.5 116.4 122.7 125.3 125.5 124.6 122.7 120.3 118 115.9 115.2 113.4 113.1 112 109.6 109.2 107.4 106.4 105.5 104.1 103.7 103.3 103.2 103.4 103.8 104.9 105.6 106.3 107 107.9 108.9 109.6 110.4 111.8 113.1 114 115.1 116.2 117.5 118.9 120.3 121.5 122.8 124.2 125.8
102.5 101.5 102.1 102.7 102.6 102 102.3 102.5 103.8 104.5 103.9 103.7 105.9 107 107 107.7 110 112.8 113.8 113.7 113.3 113 112.8 112.7 112.6 111.6 109.9 108.4 107.7 107 106 104.4 101.6 98.7 96.9 97 99.6 106.5 112.5 119 128.8 128.3 127.5 125.4 123.2 120.4 118.3 116.3 114.8 113 112 110.4 108.7 106.8 105.2 104.1 103.5 102.6 102.4 102.1 102.2 102.4 102.6 103.5 104.9 105.4 106.1 107.1 108.5 109.2 110.3 111.6 113.1 113.9 114.7 115.6 116.6 117.8 119.1 120.3 121.8 123.3 124.9
104.1 102.9 102.6 102.4 102.9 101 103.8 102.3 102.1 102.4 103.2 103.2 103 105.6 106.1 106.1 106.5 108.4 110.3 111.5 112 112.3 112.1 112.1 111.6 110.3 108.6 107.1 106.7 106.2 105.3 103.1 98.5 98.2 96.5 98.7 105.1 111.9 118.8 124.8 128.5 130 128.3 125.8 123.3 120.7 118.2 116.1 114.4 113.2 110.8 108.2 106.8 105.2 103.4 102 101.6 101.5 101.4 101.2 101.3 101.5 101.4 101.9 102.7 103.9 104.7 106 107.4 108.9 110.4 111.8 112.9 113.9 114.7 115.5 116.2 116.9 118 119.2 120.7 122.1 123.9
104.1 104.3 104.1 103.7 104.3 103.9 103.9 103.1 101.7 101.8 102.9 105.4 105.5 105.2 103.7 104.8 105.5 106.1 107.4 108.8 110.2 110.4 110.2 110.3 109.4 108.5 107 105.9 105.4 105 103.8 100.2 97.2 96.8 98.4 103.6 111.4 118.4 125.2 128.8 131.9 132.7 130.4 127.7 124.6 121.8 118.9 116.9 115.2 112.4 109.4 107.2 105.5 103.7 102 100.9 100.3 100.3 100.3 100.2 100.2 100.2 100.2 100.6 101.6 103.2 103.7 104.3 106.1 107.6 109 110.4 111.6 112.8 113.9 115 115.4 116 117.3 118.1 119.3 120.7 122.5
106.3 106.2 106.2 105.8 106.1 105.1 105.5 103.9 103.9 102.2 102.3 101.9 103.5 102 103.2 104.2 105.2 105.1 105.3 106.2 107.3 107.7 107.7 107.6 107.6 106.7 105.9 104.6 103.6 103 101.6 98.7 97.3 99.3 103.1 107.9 117.4 124.1 128.3 132.1 133.9 133.1 131 128.3 125.3 122.4 119.4 117.3 116 113 110 107.6 105.7 103.5 101.8 100.6 99.8 99.2 99.1 99.1 99.2 99.6 100 100.4 101.3 102.2 103.4 103.8 104.8 106.2 107.6 108.8 109.9 111.1 112.3 113.6 114 114.8 116 117 118.1 119.7 121.4
108.6 107.4 107.8 107.6 107.9 107.6 106.8 105.8 105.1 104 103.8 104.1 103.8 104.5 103.6 104 104.9 104.8 104.4 104.6 104.9 105 104.7 104.8 105.2 105 104.3 102.9 101.9 100.9 99.6 97.3 96.4 99.3 105.8 113.7 122.4 129.2 130.4 132.1 133.4 132.9 131.5 128.4 125.8 122.9 119.8 117.3 115.7 113.5 110.6 108 105.8 103.6 101.8 100.5 99.8 99.1 98.7 98.7 99 99.5 99.9 100.4 101.1 102 102.8 103.9 105.1 106.4 107.6 108.1 109.2 110.2 111.2 112.1 112.6 113.6 114.7 115.8 116.9 118.5 120.6
109.7 109.8 109.2 109.1 109.7 109.2 109.3 108.5 107.8 106.9 105.8 106.2 106.3 104.9 104 103.4 103.6 104.5 103.7 103.4 103.8 104.1 103.8 103.6 103.5 103 102.6 102 100.4 99.1 97.5 96 100.3 106.6 113.5 118.6 127.4 130 130.4 130.8 131.3 132.3 130.3 127.6 125.4 122.3 118.8 117 115.4 113.4 111 108.6 105.7 103.3 101.7 100.4 99.6 98.9 98.2 98.2 98.9 99.4 99.9 100.4 101.3 102 103.2 104.4 106.3 107.7 108.9 109.7 110.7 111.3 112.2 112.4 112.6 113.1 114.1 115.2 116.5 118 119.8
111.9 111 111.2 111.9 113.7 114.7 115.5 113.8 111.4 110.2 107.9 107 106.8 106.2 104.6 103.5 103.5 103.4 103.6 101.8 101 102.1 102.8 102.7 102.4 101.6 100.4 100.7 98.7 96.5 97.5 100.9 106.7 113.5 119.3 123.8 128.6 130 130.7 131.2 131.2 130.8 128.6 125.2 122.7 120.4 117.4 115.7 114.2 112.3 109.3 108 105.3 103.2 101.6 100.3 99.6 98.5 97.3 98.5 99.4 99.9 100.9 101.5 101.9 102.6 103.7 106.2 108.8 110.2 111.1 112 112.5 112.7 113.4 113.2 113.2 112.3 113.2 114.7 116.1 117.8 120.5
113.1 112.5 114.7 118.2 122.1 123.8 122.5 119.7 118.3 116.5 113.2 111.3 109.1 107 105.8 105.1 104 104.1 103.5 100.9 99.8 98.2 99.9 100.6 100.9 101.2 100.3 99.6 96.8 96.2 98.2 103.7 111.7 117 120.1 124.2 127.2 128.5 129.4 129.3 128.4 128 125.7 122 120.3 118.7 116.2 114.4 112.7 111.5 108.5 107.5 105.6 103.1 101.5 100.3 99.2 97.3 96.8 99.7 100.8 102 102.8 103.8 104.9 106.9 108.9 110.8 112.2 113.1 114.2 114.5 115.5 115.2 115.5 114.9 114.6 113.7 112.6 113.8 115.5 117.2 119.3
114.4 116.2 123 128 129.8 130 127.8 125.6 123.1 120.4 117.6 115.8 114 112.7 110.7 108.6 106.1 104.6 104.1 102.3 101.3 100.2 99 98.3 97.3 97.1 97.4 97.1 95.8 98.4 100.8 106.2 112.1 116.9 120.1 123.1 124.9 125.3 125 124.8 123.7 121.6 119.7 118.6 117.4 116.4 114.8 112.9 111.7 109.3 107.5 105.8 103.5 102.4 101.4 100 97.7 95.2 96.1 100 103 105 106.4 108.2 109.8 111.3 113.7 115.3 116.6 118 118.2 119 119.3 118.8 118.5 116.9 115.9 115.4 114.1 111.8 113.4 115.8 116.6
116.1 121.6 131.5 136.7 136.4 134.3 131.7 128.9 126.5 123.9 121.7 120.2 118.1 116.8 114.9 112.6 110.2 107.4 104.8 103.8 103.7 103.1 101.5 100.7 98.6 97.2 96 96 95.5 97.4 101.5 107.7 113.6 117.7 120.3 121.6 121.3 120.5 119.8 118.6 117.4 116.5 115.5 114.8 113.6 112.4 111.3 110.2 109.2 107.6 105.8 104 102.1 101.1 100.2 98.2 95.9 94.2 98.2 103.6 108.1 110.6 112.6 113.5 115.3 116.9 117.8 119.4 120.7 122.1 123.2 123.5 123.3 122.3 120.9 118.8 117.5 116.5 115.6 114.4 112 114.6 114.9
121.2 126.8 137.1 140.4 139.8 136.8 134.4 132.1 129.6 127.3 125.4 123.3 121.2 119.6 117.7 115.9 113.3 111.2 108.6 106.4 104.7 103 101.9 100.9 99.9 98.8 97.1 94.8 94.6 97.8 101.4 109.2 114.5 117.7 119.4 119.2 118 115.7 114.3 113.1 112.5 111.7 111.4 110.6 109.2 108.4 107.6 106.8 105.9 104.5 102.7 101.6 100.7 99.6 98.3 96.7 93.7 94.7 100.9 107.8 113.4 116.5 118.1 118.6 120.5 121 122 123 124.6 125.6 125.4 125.1 124.9 123.6 121.9 119.8 118 116.3 115.1 114.2 111.4 112.6 113.6
125.4 133.5 138.1 139.4 137.2 136.4 134.6 133 131.1 129.3 127 125.1 123 121 118.9 116.9 115.1 113.8 111.6 109.6 107.7 105.3 104.1 102.7 102.2 100.7 98.4 96.1 96.2 97.3 101.7 108.7 113.6 116.9 117.7 116.6 115.2 114 112.6 110.7 109.5 108.4 108.6 106.6 104.8 103.7 102.9 102.6 102.4 100.3 99.9 99 98.4 97.5 96.2 94 93.6 96 101.1 110 116.6 120.2 122.4 123.2 123.5 124.1 124.6 125.8 126.9 127.5 127.2 126.6 125.8 124.2 122.5 120.4 118 116.7 114.4 112.4 107.9 111.4 112.4
130.9 133.2 134.2 133.4 133.9 133.3 132.2 130.9 129.2 127.7 126.3 124.8 123.1 121.3 119.5 117.7 116.3 115.5 113.5 111.1 108.7 106.6 104 103.2 102.8 102 99.2 96.7 96.3 97.6 102.7 108.8 113.7 114.3 113.3 112.3 111.7 111 110 108.8 107.5 105.7 104.6 103.4 102.1 100.5 98.5 97.4 97.7 97.2 96.7 96 95 95 94.5 91.4 91.5 94.1 99.5 105.5 114.9 119.6 123.1 124.4 125.2 126.4 127.5 128.2 128.4 128.6 130.5 127.9 126.7 124.4 122.4 120.6 118.5 116.2 114 110.9 105.3 108 109.9
131.7 131 130.8 131.1 131 130.4 129.6 128.3 126.4 125.2 124.1 122.8 121.7 120 118.4 117.1 116.7 115.8 114.1 111.2 108.3 105.4 106.3 104 102.8 102.3 100.2 97.9 95.8 96.2 99.9 102.6 107.6 107.2 107.4 107.8 107.4 107 106.3 105.1 102.6 101.2 100.7 99.7 99 98.1 96.5 95.8 95.4 95.2 94.8 94.6 92.4 93.1 92.6 90.6 90.2 91.3 96 103.6 114.5 119.7 122.8 124.8 125.4 126.7 127.8 128.1 128.2 128.3 128.8 127.1 125.2 123.1 121.6 120 118.2 115.8 113.3 109.3 103.7 103.8 106.2
132.7 131.4 130.6 130.3 129.7 128.3 127.6 126.5 124.7 123.1 121.9 120.8 119.8 118.7 117.3 116.6 115.6 114.6 113.4 108.8 109.6 110.6 109.1 107.2 104.9 102.9 102 100.2 98.4 96.2 97 99.4 100.5 100.3 100.6 101 101 101.2 99.6 98.8 98 97.5 97.1 96.8 96.6 96.3 95.4 95 94.2 93.7 94.1 93.8 90.1 89.4 90.3 89.3 87.6 90.3 97 106.2 115.3 121.9 127.1 130.5 129 129.1 129.1 128.1 127.4 126.7 126.5 125.3 123.2 121.3 119.6 118.2 116.3 114.2 112.5 110.1 105.4 102 103
135.3 133.5 132.5 131.5 130 128.4 126 124.7 122.7 121.7 120.7 119.8 119 117.7 116.4 115.4 114.3 112.9 111 110.8 112.1 111.9 110.6 109.2 107.9 106.1 103.1 101.4 100.6 98.5 96.4 94.8 99.2 98.8 98.2 96.7 98.1 98.2 97.9 97 96.7 96.8 95.9 94.8 93.5 93 91.5 91.6 90.3 89.9 91 91.8 92.1 91.6 90.9 89.5 87.9 89.7 98.1 104.9 113.6 120.8 125.1 128.5 128.8 129.2 129 128.3 127.3 125.9 124.7 123.3 121.2 119.3 117.5 115.9 114 112.1 110.2 108.6 107.3 104.3 102.6
142.3 139.6 136.7 134.9 132.1 129.8 126.9 124.8 123.1 121.7 120 118.9 118.1 117 115.9 114.6 113.6 112.4 112.3 112.8 112.6 113.1 114 113 112.2 109.5 106 102.2 102.7 100.4 99.1 94.8 94.2 94.2 94.2 94.2 94.5 92.1 95.3 94.3 90.8 89.3 88.8 88.8 89.6 89.6 88.7 87.4 86.9 86.5 86.5 87.1 87.8 88.1 88.6 88.2 87.7 90.4 95.4 102.4 111.1 117.5 121.2 124.4 125.9 126.4 126.6 126.3 125.7 124.4 123 121.3 118.9 116.5 114.9 113.4 111.5 109.7 108.1 106.6 105.4 104.5 101.6
145.6 143 140.2 137.7 135 131.6 129.1 126.9 124.8 122.7 121 119.2 118.1 117 115.9 114.8 113.7 113.8 114.1 114.8 115.3 116 115.6 115.3 114.8 113.2 110.4 106.9 105 102 100.4 96.7 94.5 94.2 94.9 94.2 93.5 91.8 90 90.4 89.7 89.3 88.8 88.3 88.4 88 87.9 87.4 87.3 86.4 86.3 86.1 85.7 86.2 86.9 87.5 87.7 88.5 91.1 99.1 107.3 114.3 118 121.1 123.2 123.6 124.1 123.9 123.3 122.3 120.9 119.3 117.3 115.7 113.8 111.9 110.2 108.4 106.5 104.8 103.6 102.5 101.7
148.2 145.7 141.5 139.1 135.4 132.6 129.9 127.3 125.2 123.4 122.1 120.8 119.7 118.4 117.1 115.3 115.3 115.9 117.7 119.2 118.4 117.5 115.7 115 113.4 111.9 110.7 108.7 106.8 104.6 102.6 100.9 99.4 97.8 97.4 97.1 96.1 94 92.1 91.3 90.8 90.2 89.2 88.8 88.3 87.9 87.7 87 86.7 86.8 86.3 86 85.5 85.8 86.3 86.8 87.1 87.4 89.1 95.2 103.1 111.5 114.7 117.7 120 120.7 121.1 121.2 120.2 119.5 118.2 116.7 115.3 113.7 111.9 110 107.9 106.4 104.8 103.1 101.8 100.9 100.2
150.4 147.1 143.3 140.1 136.9 133.8 130.8 128 126.2 125.4 124.2 122.7 121.1 119.7 118 116.5 117.8 119.3 119.8 119.2 117.7 116.6 114.6 113.1 111.6 109.8 109 108.6 105.2 104.2 102.5 101.2 99.9 98.7 97.6 97.4 97 95.2 94.1 93.1 91.8 90.6 89.1 88.8 88.1 87.7 87.4 87.1 86.7 86.4 86.1 86.6 85.5 85.5 86 86.7 86.4 86.6 87.1 91.3 98.7 105.5 111.3 114.3 116.7 118.3 118.6 118 117.3 116.6 115.5 114.1 112.7 111.1 109.2 107.5 105.7 104.3 102.9 101.5 100.2 99.3 98.5
151.9 148.7 145.5 141.7 138.3 135.6 132.9 130.4 128.3 127.2 126 124.2 122.4 120.5 118.8 118.4 120 120.2 119.2 118.1 115.6 113.7 112.1 110.9 109.8 108.2 107.8 107 104.6 103.2 102 99.9 99.3 99.2 98.3 97.8 96.9 94.7 93.6 92 91 90.4 90 90.4 88.7 87.6 87.1 86.7 86.7 86.5 86.3 86.2 86.4 85.4 85.7 85.9 85.8 85.9 86.3 89 94.7 100.9 107.9 112.3 114.7 116.8 116.6 115.9 115.3 114.2 112.5 111.3 109.8 108.2 106.5 105.1 103.7 102.3 100.9 99.8 98.9 98 97
152.9 149.1 145.6 142.1 139.2 136.4 133.8 131.4 129.4 128.3 127 124.9 123.2 120.9 120.2 120.4 120.6 119.1 117.9 116.6 113.7 111.9 110.3 108.8 107.8 106.6 106.2 105.4 102.9 100.2 99.1 98.8 98.9 98.8 98.5 98.4 95.8 92.6 91.3 93 91.4 92.8 90.9 90.5 89.3 87.9 87.3 87.2 87 86.9 86.4 86.1 85.8 85.2 85.6 85.7 85.3 85.2 85.4 86 90.3 96 102.2 106 108.1 111.2 112.7 112.9 112.6 111.8 111.1 109.3 107.8 106.2 104.5 103.2 102.2 101.2 99.9 98.8 97.8 97 96.5
151.3 148.1 145.4 142.7 139.2 136.1 134.1 131.6 129.8 127.3 125.8 124.3 122.3 121.3 121.3 120.6 118.9 117.3 116.1 114.3 112.8 111.3 109.7 108.1 106.9 106 105.1 103.3 102.8 101.1 98.6 98.1 98.5 98.4 98.3 97.8 94.9 93.3 93.7 97.2 96.3 96.2 94.7 94.9 93.7 93.5 91.2 90.4 90.8 88.5 86.8 86.1 86.8 86.8 86.6 85.1 85.9 85 85.1 85.1 85.8 89.7 94.4 96.8 100.2 103.5 106.2 107.9 109 108.7 108.1 107.1 106.2 104.7 103.3 102 100.6 100 99 97.8 97 96.3 95.7
148.8 146.5 144 141 138.4 135.4 133.6 130.3 127.8 126.2 125 123.4 121.6 120.7 120.6 118.6 116.9 115.6 114.3 113 111.7 110.2 108.9 108.3 106.5 105.5 104.3 103.2 101.8 100.7 99.6 98.3 96.8 97.6 98.1 97.8 92.8 96.9 97.7 97.7 97.1 97 97 97.1 96.1 95.7 94.6 94.3 93.2 92.1 90.3 88.6 88.7 88.3 87.2 85.9 85.9 85.3 85.7 85.1 85.3 86.1 87 89.6 92.7 96.2 99.3 101.7 104.5 105.1 104.4 104.1 103.3 102.7 101.5 100.5 99.5 98.3 97.6 96.7 96 95.6 95.1
147.3 145 142 139.3 137.4 134.8 130.7 127.4 124.8 123.7 122.9 122.1 120.7 119.3 117.1 115.1 114.1 113.1 112.2 111.1 109.8 108.4 107.6 107 106.6 105.3 104.4 103.4 102 100.6 99 96.8 96.2 94.5 95 93.6 96.7 100.1 100.5 101.3 100.6 100.6 101.3 102.3 101 97.4 96.2 95.9 95.6 95 93.5 91.7 90.4 89 87.9 87.4 86.6 86.2 86.5 86.1 85.6 85.4 85.1 86.3 89 93.3 96.5 98 99.1 99.9 100.2 100.2 100.3 100.1 99.1 98.4 97.7 97 95.9 95.7 95.2 94.5 93.9
147.2 144.3 141.8 138.6 136.5 133.5 130.1 126.8 125.1 123.8 121.5 119.5 117.9 117 115.4 113.5 112.1 110.6 109.3 108.4 107.7 106.8 106.3 105.8 105.4 105 104.6 103.7 102.5 99.6 96.2 97.7 95.8 94 95.6 95.3 99.8 105.6 109 109.7 109.3 108.2 108.6 109.1 105.5 102.2 100 97.5 96.3 95.5 95.1 94.3 93.3 91.7 90.2 89.2 87.8 87.4 86.8 85.8 85.5 85.6 84.9 85.1 86.6 89.5 91.8 92.5 93.8 95.1 95.6 95.9 96.7 96.9 95.9 95.8 95.3 94.3 93.6 93.6 93.3 92 92.5
146.5 143.6 140.8 138.1 135.1 130.5 127.6 126.1 124.9 123.5 121.6 119.7 116.5 113 112.8 112.2 110.7 109.1 108.4 107 106.2 105.8 105.5 105 104.8 104.2 103.9 102.9 99.4 98.7 98.7 97.4 95.3 97.7 98.4 95.5 105.6 112.9 117.7 118.1 115.7 114.9 113.6 111.6 109.1 107 104.8 101.6 99.8 97.6 96 95 94.4 93.9 91.9 90.1 88.8 87.6 86.5 85.5 85.4 85.4 84.7 85.6 86.5 87.2 88.2 90 91.3 91.7 92.4 93.2 94.4 93.6 92.8 92.7 92.5 92.2 91.4 90.5 90 90.2 90.7
145.2 143 140.6 138.1 134.5 131.8 129.6 126.7 124.7 123.4 121.9 120.4 118.3 116 113.3 112.2 110.6 109 107.3 106 105.2 104.8 104.6 104.2 104.5 104 102.8 102 101.7 100 98.7 99.1 96.9 97.5 99.5 98.5 107.9 116.3 121 122.1 120.9 118.4 117.7 115.7 113.2 111.1 108.4 105.6 103.1 101.1 99.7 97.2 95.1 94.5 93.8 91.8 89.4 87.4 86.1 85.6 84.9 85 85.2 86 87.5 86.5 86.5 87.9 88.8 89.1 89.9 90.3 91 91.1 90.5 90.3 88.6 88.5 88.6 88.2 88.3 88.3 88.2
144.3 142.6 140.6 138.3 134.9 131.8 129.2 127.1 126 124.6 122.8 120.5 117.8 115.4 113.8 111.8 110.2 108.7 107.1 105.6 104.7 104.2 103.8 103.4 103.2 102.5 102 101.2 101.2 99.4 99.1 99 98.9 99.1 100.6 101.3 109.6 117.7 123.6 125.2 122.9 121.2 120.4 119.1 116.7 113.7 110.8 108 105.5 103.7 102.1 99.5 96.9 95 94 93.1 91.2 89.7 87.6 86 85 85.1 85.5 86 86.2 85.6 84.9 84.8 84.9 86.1 85.5 85.4 87.3 85.5 86 87.2 86.3 86.3 86.6 86.8 86.7 86.9 86.6
