public/OST50/NJ70.asc
ncols 200
nrows 200
xllcorner 370000
yllcorner 800000
cellsize 50
[rows 148 to 184 of 200, columns 0 to 82 of 200]
253.1 249.9 246.3 244.6 242.8 240.1 237.1 234.2 232.2 229.6 227.4 225.6 224.6 224.3 221.5 218.9 224 227.2 230.9 235.9 241.9 247.1 254.4 263.5 271.8 279.4 285.3 290.4 294.8 299.4 303.8 308.1 311.5 314.4 318.1 320.3 321.2 320.9 321.8 323.1 331.6 337.8 343.8 348.8 354.8 358.1 352.7 343.6 334.2 324 312.6 300.5 284.6 274.9 265.5 254.3 242.3 233.5 226.1 217.8 207.1 195.6 185.3 177 171 165 158.4 149.8 141.3 135.3 130.4 125.6 123 118.4 113.5 106.9 102.4 99.1 96.8 94 92.3 91 90.4
248.3 245.2 242 239.7 237.1 234.6 232.2 229 226 223.5 221.9 222.8 221.6 221.1 218.3 216.2 219.9 223.7 229.3 233.8 240.7 247.4 255.7 264.1 270.2 277.4 282.1 286.4 289.1 294.1 297.9 301.9 305.4 309.8 313.7 316.9 318.1 319.6 322.8 324.5 329.4 334.8 339.1 343.8 349.5 353.6 348.6 340.4 329.6 318.5 306.5 292.6 278.6 267.4 256.7 245.1 234.2 226.2 217.7 209.4 200.7 189.7 178.8 170.5 164.2 155.2 147.9 140.3 133.2 126.9 121.5 118 116.4 111.5 106.1 100.7 99.3 96.8 95.1 93.7 93 92.1 92
244.8 242.6 240.2 237.6 234.1 229.7 227.7 223.9 220.7 218 218.3 215.8 216.6 216.2 213.5 212.8 214.5 219.3 225.9 231.6 240.3 248.6 255.5 261.8 267.2 272 277 279.4 280.4 286.2 290.1 293.9 296.8 302.3 305.2 310.5 314.4 316.9 320.4 321.6 327.3 329.2 334.6 336.3 343.3 348.5 344.2 333.3 320.5 310.2 298.4 284.1 270.3 257.3 246.6 233.7 224.1 214.9 207.5 200 192.4 182.3 172.7 165.8 157.3 146.6 139.2 133.2 126.5 121.6 117.6 112.9 108.6 105.8 101.4 99.8 98.5 97 96.5 99 95.8 93.2 91.5
244.8 241.4 238 233.5 230.4 224.4 223.2 222.3 215.8 219.4 215.8 212.9 208.9 208.7 205.6 205.6 209.5 214.6 222 229.6 238.7 246.5 253.7 259.1 263.5 267.2 269.3 270.9 273.3 277.8 281.3 283.7 289.4 294.4 299.4 304.7 309 311.4 314 318.3 322.8 325.6 326.8 328.8 332.6 336.9 333.2 322.4 311.8 303.4 288.4 268.7 255.1 243.5 233.3 222.2 214 205.9 199.8 193.7 185.7 176.7 169.3 158.7 150.2 139.9 133.5 128.1 122.3 117.8 112.5 109.5 106 103.6 101.6 100 99.7 99.5 98.5 96.8 94.2 90.7 88
242.4 238.7 232.5 231.5 231.8 231.4 230.4 228.7 226.7 224 221.2 221.3 224.1 213.2 211.5 207.5 199.7 206.2 217.4 226.7 235.8 241.9 249.5 253.6 258 260.5 262.2 262.7 264.8 268.8 273 275.5 281.6 286.5 291.6 297.1 302.6 305.5 311.3 317.3 318.6 319.1 319.1 321.4 327.1 329 323.2 315 304.8 293.6 276.9 257.7 245.3 231.9 222 214.3 204.4 198 191.8 185.2 178.1 169.5 160.1 151.7 146.3 137.8 131.1 124.8 120 114.8 111 108.5 105.8 103 101.9 101.5 100.7 98.9 96.7 94.8 90.9 87 85
240.6 237.5 238.4 239.4 237.4 235.8 234.9 233.1 230.5 227.7 226.5 225.9 223.8 221.1 225.6 215.9 203.6 200.2 211.8 223.1 231.4 236.4 242.9 246.8 251 253.1 254.6 255.3 256.1 259.2 264.8 267.7 275.4 281 286.3 293.3 297.8 302.2 308.6 312 312.3 312.1 310.7 314.3 318.2 319.7 315.2 305.6 296.1 283.8 265.7 247.6 236.7 226.2 214.9 205.9 196.5 190.2 183.7 176.7 169.8 162.6 154 147.7 141.2 135.1 128.1 120.1 117.4 115.5 112.2 108.1 106.5 105.8 105.1 102.5 99.5 96.3 93.5 91.8 88.5 83.7 82.4
242 242.4 243.2 242.7 241 239.9 238.5 236.3 234 231.9 232.1 231.6 229.2 226.1 221.6 216.2 204 195.2 206.3 216.8 223.7 228.4 232.9 239 242.8 245.3 246.4 247.4 249.4 250.8 255.3 261.6 268.8 275.5 282.3 289 292.5 300.9 304.6 306.2 305.3 304.3 302.6 307.8 311.3 311.8 306.9 297.8 286.3 271.8 254.5 241.4 229.8 218.6 209.9 199.6 191.5 184.3 176.9 169.3 163 158 150.6 146.5 140.2 131.6 124 121.4 120.3 114.8 111.4 112.4 108.5 107.9 105.1 99.1 94 90.9 87.8 85.9 83.7 82.7 82.3
243 243.1 244 244.5 244 246.3 247.2 246.2 245.1 242.2 239.3 239.2 234.7 228.4 224 218.8 210.3 192.2 199.9 209.4 217.9 220.6 224.6 232.1 234.8 236.1 238 239 240.7 243.6 247.4 252.6 260.8 269.2 276 281.5 288 295.3 298.1 299.1 297.5 296.6 295.9 298.9 301.3 302.6 293.5 285.9 272.9 257.4 241.1 232.3 220.9 210.2 202.4 192.7 187.1 178.1 169.7 161.6 156.8 154.2 148.2 145.8 136.5 128.9 124.7 120.7 115.1 117.6 114.5 110.3 107.3 104.2 99 93.1 88.8 86 84.3 83.1 82.7 81.8 80.4
244.6 245 244.6 252.5 254.4 254.7 256 256.1 254.6 251.6 246.6 245.2 239 230.4 224.7 217.7 211.7 195.1 195.6 203.2 212.9 211.6 217.1 222.4 226.5 228.4 229 230.2 232.8 236 239.9 245 252.9 261.3 268.1 273 281.1 286.4 289.7 291.1 291.1 289.1 287.3 290.7 291.3 288 276.8 263.8 256.1 249.4 234 221.1 213.2 201.9 192.7 185.9 178 172.1 164.8 155.2 148.8 145.7 141.9 136.4 130.3 123.5 117.9 116.6 120.8 114.7 107.9 102.4 99.5 94.5 93 90.8 86.6 84.3 83.1 82.1 81.9 81.3 79.5
247.3 247.5 252.9 256.9 260.6 263.5 265 264.1 262.3 258.4 255 249.8 242.4 232.6 224.9 217 208.6 199.1 186.3 196.2 202.8 205.5 210.5 215.9 218.1 219.4 220.5 221.8 224.6 227.2 230.1 237.6 245.1 252.3 258.9 265.4 273.8 279.9 283 285.1 285.4 283.5 281.1 278.4 279.2 278.6 269.8 259.7 251.4 239.5 227.6 216.1 205.9 193.4 185.3 180.3 174.5 171.1 162.2 156.4 145 137.1 132.7 127.8 121.6 120.4 120.3 114.7 108.8 102.5 99.1 95.5 94.6 90.4 89.5 87.8 85.2 83.1 81.7 81.2 81 80.5 79.1
250 251.8 256.9 261.7 267.1 270.5 271.5 270.9 269 265.9 260 251 243.5 232.6 223.7 215.8 207.8 200.5 193.2 186 192.3 198.1 201.9 206.8 210 211.5 212.5 214.1 216.4 218.9 222.2 228.8 235.5 242.9 250.2 258.2 266.3 272.4 275.7 277.3 278.2 278.5 277.8 278.1 276.4 268.6 260.9 249.6 241.3 230.1 218.8 208.8 197.6 186.6 180.9 175.1 171.1 166.6 155.5 148.2 141.1 135 127.5 121.7 117.3 113.7 108.7 104.7 103.8 100.1 99 95.3 90.9 88.1 86.8 84.2 83.6 82.5 81.2 80.3 80 79.6 78.5
255.1 256.1 261.6 266.8 271.3 274.6 276 275.3 273.6 269.6 262.8 253.4 243.8 233.8 225.3 217.1 208.3 200.8 194.3 188.4 186.3 188.8 193.3 196.2 200.3 202.6 204.6 208.2 210.4 212.7 216 220 227 235.1 243.2 252.4 259.1 264.9 268.4 271.8 272.7 271.5 270.3 268.8 266.8 258.6 251.3 239.7 231.2 220.4 210 201.5 190.4 179.7 174.8 165.6 162.1 154.3 149.4 141.2 131.3 127.1 120.6 114.1 109.8 105.5 103 100.9 95.3 94.7 93.6 89.7 87.9 86.2 85.1 84.4 83.5 82.4 81.3 80.3 79.3 78.6 78.5
260 258.9 263.7 268.7 273.6 276.8 278.7 278.6 275.8 270.7 263.2 253 243.8 234 224.6 216.6 210.1 202.8 196 189.9 185.4 181.5 185.9 190 192.5 194.8 197 201 203.7 206.6 210.9 214.6 221.2 227.9 236 245.3 254.5 258.8 261.3 263.8 263.9 261.7 261.4 259 256.4 249.7 240.2 228.6 219 209.4 200.6 192.9 184 174.4 166.1 154.7 150.5 144.9 139 130.4 123.1 118.5 112 109.7 105.2 103.7 97.4 95.8 96.4 90.9 89.4 88.6 87.5 85.9 84.7 84.1 83.4 82.3 81.6 80.7 80 78.7 78.3
263.6 262.6 264.5 269.1 273.6 277.1 279.2 278.5 274.3 268.8 260.7 251 243.4 235.1 226.1 219.1 213.1 206 199.5 193.4 187.5 180 178.4 181.8 185 189 191.9 194.4 197.5 201.9 206.9 211.7 217.1 223.2 228.9 238.7 247.3 250.8 253.6 254.7 253.3 251.1 248.7 246.6 243.8 236.2 226.9 214.4 206.1 199.2 190.5 183.8 171.5 162.5 154.8 143.9 139.4 135.7 130.9 125.9 119.7 112.8 108.8 103.7 100.9 98.2 95 93 92.5 90.3 89.2 88.7 87.5 85.9 84.7 83.8 83.2 82 81.4 81.3 80.6 79.3 78.5
267.3 265.2 265.1 268.5 272 276.7 279.4 277.1 272.5 265.4 258.4 250.1 242.2 235.4 228.5 221.9 215.5 208.6 202 195.4 187.8 188.1 182.4 176.5 178.4 181.2 186.1 189.3 192.9 197.6 202.6 208.4 214.2 219.8 225.5 232.5 238.5 245 247 245.7 243.7 240.4 238.3 234.9 227.6 219.8 212 201.3 194.2 187.9 178.6 169.9 160.8 153 145.3 139.6 132.9 129.9 122.2 117.4 113.4 108.7 103.2 99.7 98.2 95.8 93.1 92.2 91.1 90.3 89.5 88.5 87.5 86 84.7 83.8 83.1 82.4 81.6 81.2 80.7 79.7 78.9
270 267.2 266.4 268.5 271.1 274.3 275.1 274 268.8 262.5 257 250.4 243.5 236.1 231.1 224.8 217.8 211.6 204.7 197.7 194.9 190.2 185 182.3 177.3 173.7 178 183 188 192.8 198.6 204.8 211.8 217.2 222.8 227.6 234.4 239.4 240.9 240.3 238.9 233.5 226 220.1 211.4 203.7 197.5 189.3 181.5 175.3 168.2 158 148.3 142.3 137.7 133.6 125.1 121 113.9 108.8 105.9 104 100.8 98.6 96.8 94 92.2 91.7 91 90.4 89.6 88.2 87 85.9 85 84.3 83.5 82.8 82.1 81.5 81.1 80 79.3
272.2 268.4 267.3 268.6 270 272.4 273.2 272.2 267.8 262.6 255.9 249.6 243.4 237.6 232.4 227.2 220.9 215 208.7 203.7 197.2 192.3 188.2 184.4 180.5 173.3 166.7 174.3 180.5 188.9 195.6 201.7 207.7 214.2 220.2 224.7 231.8 233.6 234.5 231.1 227.6 220.3 212.8 206.7 197.9 191.6 184.1 176.6 170 165.2 160.3 147.9 142.3 136.8 131.8 127.3 122.1 117.7 117.1 114 108.7 104.2 101.2 97.4 95.2 93.3 91.9 91.4 90.9 90.3 89.5 88.5 87.6 86.5 85 84.1 84.1 83.5 82.5 81.6 81 80.3 79.1
274.7 270.3 268.3 269.1 270.2 270.5 270.5 267.6 265.8 261.4 255.4 250.3 243 237.5 233.6 230.4 225.6 220.2 213.1 206.6 200.6 194.6 189.6 184.5 179.5 174.1 159.6 162.1 173.2 185.3 191.6 197.3 205.1 211.8 215.6 217.9 218.7 218.5 220.2 217.8 213.8 207.1 202.3 195.9 187.7 177.7 170.8 164.7 159.7 155.5 146.3 141.2 136.7 133.5 127.7 122.8 118.6 115.5 114.6 110.3 104.6 100.5 99.4 96.3 94.9 93.3 91.8 91.6 91.1 90.6 90.2 89.4 88.2 87.1 86.4 85.2 82.9 82.9 81.9 81.5 81 79.6 79
277.1 272.3 269.3 269.3 269 268.6 267.3 265.1 264.3 260.2 253.3 248.1 242.5 237.4 234.2 233.1 229.6 224.3 217.8 210.9 204.9 198.2 190.7 185.4 179.7 171.7 156.5 164.4 172.5 180.4 189 196 207 215.5 221.6 227 228.3 227.5 219.1 208.8 202.7 198.4 194.1 184 177.6 168.4 164.6 158.3 150.9 146.3 142.4 136.6 133.3 129.7 124.8 120 116.6 114 109.8 105.7 102.9 100.8 99.1 98.9 95.9 93.9 93.5 92.5 94.5 94.3 93.1 91.1 90 88.3 87.5 86.5 83.5 82.5 82.2 81.5 80.5 79 79
280.9 274.3 270 269.4 268.3 266.9 265.2 263.3 261.7 258.2 253.3 247.9 242.5 239.3 239.5 238.2 233.2 227.7 222 214.3 207.5 200.2 192.7 186.5 177.5 166.8 154 164.2 174.4 181.7 189.6 198.8 207.2 215.4 224.6 228.6 226.7 222.2 219.1 210.6 200.2 193.6 187.1 176.4 170.8 164.6 158.7 151.1 145 140.9 139.3 133.8 130.7 127.4 124.3 118.6 112.6 111.3 108.1 105.9 103.6 101.4 99.6 97.7 98.7 96.3 97.6 98.1 97.4 94.9 94.7 93 91.3 88.8 86.7 85.5 83.8 82.7 82.9 81.8 80 79 78.5
286.1 280.8 276.5 272.2 269.8 267.8 266.1 263.2 262 259.8 254.8 248.4 243.2 240.8 238.6 237.1 234.2 228.8 222.3 215.9 208.6 201.4 194.3 186.7 176.4 164 153.6 165.1 173.9 179.7 191.2 199.1 207.2 216.6 226.6 231.1 227 223.8 221 212.4 200.5 190.7 182.8 175.6 170.6 164.3 158.6 152.9 143 137.5 134.7 132 129.2 127.2 124 119.4 113 110.9 109.2 106.9 105.7 103.8 102.2 101.6 104.1 101.1 101.3 100.1 97.6 96.2 94.6 92.7 90.7 88.5 85.9 84.7 84.3 83.9 83.3 81.7 80.6 80.3 79.2
298.1 297.3 292.5 285.9 278.4 272.1 268.1 264.2 262.8 260.1 255.9 249.5 244.2 241.3 239.5 235.6 233.4 228.7 223.8 216.9 209.8 201.9 194.9 188.3 175.5 161.3 152.7 164.8 171.4 180.7 192.1 200.3 209 219 230.5 231.6 229 224.9 218.1 211.8 199.9 189.2 182.3 173.8 169.5 163.1 155.5 149.3 142.1 136.4 133.3 130.4 129.4 128.2 122.7 118.4 116.5 111.5 111.1 108.1 107.7 105.3 104.2 102.8 104.2 100.6 99.6 98.7 97.2 95 93.3 91.5 89.3 87.5 86.1 85.7 85.4 84.9 83.7 81.8 81.1 81.9 80.2
308.4 302.3 297.2 291.8 284.5 283.8 278.3 271.8 264.9 260.3 254.5 250.1 247.2 245.2 242.3 236.5 233.2 229.9 225 218.1 210.8 203.6 195.1 187.9 177.8 161.7 150.9 162.5 171 181.1 192.7 202.6 210.5 222.7 232.5 230.9 230.9 227.9 220.7 210.9 199.9 189.5 181.3 173.1 167.7 161 153.4 145.6 141.1 136.2 131.6 127.4 124.8 122.6 116.8 113.5 114.9 112.6 110.9 109.2 108.2 104.4 105.5 102.1 100.5 98.7 97 96.4 95.2 93.9 92.2 90.1 88.1 86.8 86.7 86 86.1 85.6 83.6 82.2 81.4 81.8 80.9
314.8 309.9 302.4 296 292.4 293.3 287 279.5 272 262.5 258.5 254.6 251.1 248.5 243.4 238 231.9 229.6 224.7 216.4 210.5 202.1 193.1 186.2 176.9 160.7 147.6 156.8 167.5 179.1 192 204.1 213.7 223.9 232.9 231 231.8 230.2 218.4 205.8 197 187.6 179.7 170.8 166 159.2 151.4 143.4 138.7 133.3 129.6 125.2 120.8 116.5 113 111.4 109.2 108.2 106.3 105.6 103.3 101.7 101.2 99.9 98.9 97.7 96.4 95.2 93.7 92.2 90.8 89.4 88 88 87.3 86.3 86.3 85.4 83.4 82.2 81.5 81.9 82.1
318.1 313.2 303 295.9 295.3 292.6 289.8 283.4 275 271.4 269.7 265.8 260.6 253.4 245.9 238.8 229.7 226.8 221.1 213.8 207.8 198.6 190.9 183 173 157.4 143.7 153 163.3 175.2 189.5 199.4 211.4 220.7 229 231.1 230.2 228.7 211.2 199.8 191 182.2 172.6 167.2 161.4 153.4 145.2 139.5 134.6 130.5 127.8 123.6 119.3 117 115.8 113.6 110.3 106.2 104 102.6 100.9 99.8 98.6 98.3 97.6 97 95.4 94 92.3 90.7 89.8 89 88.7 90.8 88.6 87.7 87.5 85.1 83.7 82.5 82 82.4 82.9
316 309.4 303.3 294.6 294 293.6 286 283.1 281.3 281.5 279.1 274.8 267.4 258.8 249.1 240.3 232 223.9 217.7 211.9 202.6 194.3 183.9 178.1 171.6 155.5 140.2 149.3 159.7 171.6 183.1 195.4 206.1 215.8 222.6 225.3 224.8 218.4 202.7 190.9 182.9 174.2 166.3 159.6 154.2 145.7 139.7 135.7 130.6 128.9 126 121.8 117.3 113.2 112.4 111.4 107.7 104.7 102.4 101.2 100.3 99.7 98.5 98 97.3 96.2 94.2 92.8 91.5 90.7 90.4 89.8 90.2 89.2 88.2 87.3 87.2 85.6 84.1 82.9 82.6 83 83.4
312.2 305.1 296.7 291.4 286.2 286.7 288.5 288.6 288.5 285.6 281.8 275.5 267.3 258.6 251 242.6 231.2 222.9 213.8 204.1 196.5 188.5 179.3 171.2 165.5 155.2 137.2 144.4 154.6 162.1 175.2 186.7 201.2 209.2 218.9 221.3 218 205.2 193.4 180.2 173.5 169 161.1 153.7 147.2 140.6 137.5 132.1 127.6 127 123.1 117.8 112.6 109 107.4 108.9 106 103.5 101.9 100.8 101 100.9 98.6 97.6 96.6 95.4 93.4 91.6 92.4 91.7 91.3 91.4 90.5 89.4 88.4 88 87.2 85.7 84.7 83.3 83.1 82.9 82.3
306.8 299.6 293.9 288.5 284.7 286.7 287.3 286.9 284.3 281.4 277.1 270.8 264.8 257.5 250 241.7 232.3 222.3 211.3 199.9 190.7 181.9 174.1 164.5 155.2 147.7 133.5 139.5 148.6 157.4 167.2 179.8 191.4 201.6 209.8 210.3 204.9 191.8 179.7 170.5 165.9 162.3 155.4 147.7 141.9 135.3 130.3 127.7 122.5 118.7 117.4 114.1 108.3 106.3 105.9 105.6 104.8 102.7 101.5 100.5 98.6 97.4 98.2 96.4 95.8 94.5 94.1 95 93.3 92.4 92.1 91.1 90.3 89.1 88.1 88 86.5 85.4 84.5 83.6 83 82.5 80.7
302.4 295.5 289.5 284.3 282.3 283.7 282.6 285.1 282 279.1 275.4 271.3 263.9 258.6 250.4 241.1 232.5 221.9 210.5 198.3 188 178.4 170.1 159.4 150 142.2 131.4 134.5 141.5 151.6 160.8 171.6 183.6 192 192.7 197.5 191.7 178.8 169.5 161.5 158.7 154.1 147.2 139.8 133.2 126.6 124 120.4 117.1 115.1 110.9 110.1 107.3 105.7 104.3 103.2 103.6 101.9 101 99.6 97.9 96.3 96 95.5 94.9 94.3 95 95 93.5 92.9 92.1 91.2 89.8 89 88.6 87.7 86.5 85.7 84.6 82.9 82.3 82.1 80.4
296.8 288.5 281.3 280.6 278.9 279.8 281.4 286.2 283.8 279.7 275.6 270.2 265.8 259.8 251.9 241.4 231 220 208.4 196.4 185.7 175.2 165.1 155.4 146.3 137 128.4 129.1 136.3 145.4 153.9 163.1 174.8 184.7 179.8 185.5 180.6 164.2 154.6 152.2 149 144.9 138.1 131.2 125.7 121 117.7 115 113.2 112.4 108.7 107.3 106.2 105 104.7 104.9 103.9 102.5 101 100 99.7 98.1 97 96.3 95.7 95.5 96.3 94 93.6 92.9 92.1 91.4 90.5 89.8 89.2 87.8 86.4 85.3 84.2 82.2 81.3 81.5 79.2
290 281.6 275.5 273.2 274.3 274.3 276.3 279.6 282 279.2 275.9 273.1 268.3 259.5 251.7 239.6 228.9 217.7 207.7 196.2 187.1 175 164.1 153.7 144.5 136.4 127.6 125.3 131.1 139.3 146.7 153.6 163.9 171.3 170.3 177.7 166.4 150.7 145.1 141.8 139.4 133.4 127.8 123.1 119 116.4 113.4 111.2 110.5 109.8 107.3 104.2 104.5 104.6 105.7 104.1 103.4 102.8 101.9 100.9 99.7 98.7 98.2 97.7 97.6 96.9 95.5 93.9 92.9 92.8 92.1 90.6 89.5 89.4 88.5 87 85.5 84.1 82.9 81.8 80.5 80.9 78.6
283.6 275.5 269.7 266.6 267.7 267.4 271 272.6 276.6 278.1 276.4 273.6 268.6 257.7 247.2 238.6 231.3 221.8 210.4 197.4 187.7 175.2 164 153.7 144.5 135.9 127.2 123.6 126.7 129.8 137.8 144.3 150 156 162.1 162 153.5 144.7 132.8 129.6 126.9 121.9 118.7 116.3 113.1 111.6 109.2 108.9 107.9 107.2 105.1 104.5 105.1 106.5 104.6 103.8 103.6 102.2 101.4 100.6 100 99 98.3 97.9 96.8 95.4 94.7 93.8 92.5 92 90.6 89.5 88.4 88.3 87 85.7 84.4 83.2 82.6 81.6 80.6 80.3 78.7
278.2 268.2 262.5 260.1 257.9 257.9 262.7 268.5 272.6 273.6 273.5 273.9 269.9 262.4 250.9 240.5 232.8 224.1 211.4 196.7 185.5 173.8 165.5 153.3 143 134.3 126.8 122.7 122.1 123.8 129.9 135.2 141.1 145.3 145.1 141.9 134.1 129.8 121.5 117.3 114.3 112.2 110.4 108.6 107.8 107.3 107.6 107.8 105.8 105.7 104.2 105.9 106.5 106.3 105.7 104.5 103.2 102.5 101.7 101.1 100.5 99.2 98.1 96.9 95.9 95.1 94.4 94.1 92.2 90.9 89.7 88.6 87.6 87.1 86 85 83.8 82.8 82.4 81.3 80.4 79.8 78.7
270.4 263.2 257.9 253.3 251.4 252.3 256.6 261.7 266.9 272.8 278.9 278.6 273.3 263 252.5 242.2 232.8 224 211.7 199.9 185.5 173.7 164.6 153.7 144 135.1 126.1 121.9 120.7 120.2 122.8 127.7 130.8 132.3 129.5 121.1 115.7 114.3 113.5 110.4 107.7 107.6 106.2 105.8 105.7 106.1 106.4 106.4 106.7 105.9 104.1 103.6 102.4 102.4 105.1 105.1 103.8 102.7 101.9 100.8 100 98.9 97.6 96.3 94.6 93.5 93.5 92.9 91.7 90.4 88.7 87.6 86.7 85.9 84.9 83.9 83.2 82.6 81.7 80.3 79.7 79 78.4
267.3 258.5 250.7 249.2 247.5 247.9 252.8 258.3 263.7 272.4 280.1 279.9 273.3 260.5 254.9 241.3 230.7 223.4 211 197.8 184.7 174.4 165.4 158.1 148.7 139.3 127.9 121.9 119.4 118.5 117.1 119.8 120.6 120 116.1 112.9 110.7 109.2 107.3 106.6 106.1 105.8 105.9 105.3 105.1 105.1 105.6 106.3 106.6 106.4 104.3 101.7 98.4 96.9 98.7 102.7 103.3 102.6 101.7 100.5 99.3 97.9 96.2 92.9 88.5 86.4 87.1 88.9 89.2 88.2 86.9 86.2 85.9 85.1 83.8 83.3 82.9 82 80.8 79.2 78.4 78 77.6
260.7 252.8 246.9 243.2 242.3 243.1 248.5 255 260.6 269.7 279.6 282.4 275.4 262.6 253.7 238.6 230.4 221.5 208.3 195.2 183.6 171.4 164.9 157.2 149.3 137.9 126.9 123.1 119.1 117.3 116.6 115.9 114.1 113.7 111.5 109.9 109.8 108.4 107.7 106 105.7 106.1 106.1 105.1 105.6 105.6 106 106.2 106.1 107.7 103.3 100.7 102.8 102.1 97.8 95.7 96.5 98.5 99.6 98.6 97.4 95.4 91.9 88.2 88 85.8 84.6 84.4 84.1 84.2 83.1 83.1 83.8 83.7 83.3 82.2 81.8 80.5 79.8 78.2 77.3 76.9 76.2
254.2 247.8 239.5 236.9 236.9 237.8 246.2 253.3 262.1 269.5 277.8 281.1 273.4 259.1 252 238.8 230.1 217.1 204.3 190.8 178.6 168 161.1 153.5 145 134.3 128.2 123.4 117.6 116.4 116.2 115.1 113.5 112.6 111.5 110.3 109.3 108.3 107.5 105.7 105.8 105.4 105.2 104.9 105.6 105.7 105.6 105.3 105.3 106.5 103.2 102.4 104.6 104.5 103.4 101.5 99.2 95 93.4 91.9 90.9 90.3 88.8 89.6 91.9 88.9 84.9 84.8 83.9 82.9 83 82.8 81.1 82.2 81.9 81.3 80.4 79.1 78.4 77.4 76.9 76.7 76.3
