public/OST50/NJ76.asc
ncols 200
nrows 200
xllcorner 370000
yllcorner 860000
cellsize 50
[rows 148 to 184 of 200, columns 85 to 169 of 200]
143.4 139.7 135.4 132.9 130.8 131.8 133.1 134.8 138.3 142.1 147.9 153.2 158.4 163 166.1 168.5 168 166 163.8 161.2 157.1 154 151 150.2 148.6 146.1 144 141.4 138.5 136.9 134.8 132.7 130.7 127.7 125.8 123.2 123.4 124.1 124.2 127.5 135.4 142.4 146.6 150.4 157.7 164.9 167.1 163 159.1 155.8 153.8 152.4 153.2 155 155.8 155.5 155.7 155.4 154.2 153.7 153.8 154.9 159 162.8 166.5 170 172.4 174.7 176.4 177.1 177 175.2 172.5 170.1 168.5 167.8 167 165 164.3 164 163 160.4 157.7 152.9 147.5
144.5 140.3 136.2 132.5 129.9 130.9 132.5 133.8 138 141.2 146.8 153.3 158.6 163.2 167 169.7 169.5 167.4 164.5 161.3 158.6 156.1 153.8 154.6 153.8 151.3 148.5 145.9 143.5 141.5 138.7 136.5 134 130.6 128.3 127.2 127.8 127.7 127.2 128.5 133.7 141.2 145.6 150.4 157.6 164 166.8 164.1 160.5 157.9 156.7 156.5 157.3 159.2 160.4 160.4 160.2 159.3 158.1 156.6 157.4 158.1 160.6 164.9 168.5 172.1 174.4 176.8 179 180.2 179.3 176.9 174 171.5 169.1 167.4 165.8 163 160.6 160.3 157.7 155.2 152.7 147.9 144.1
144.6 140.8 135.8 131.2 128.9 129.3 131.3 133.5 137.2 140.2 145.8 151.5 157.7 163.1 166.8 169 169 167.4 166 163.4 160.8 158.3 158 158.9 158.4 155.6 152.6 150.4 147.8 145.5 142.2 140.5 138 134 133 132.7 133.2 132.3 131.8 131.3 134.2 139.9 144.9 151 159.1 164.9 167.8 166.1 164.5 161.9 161.8 161.9 163.1 164.2 164.7 164.8 164.4 163.1 161.8 161 160.6 160.6 163 166 169.5 173.1 176 178.5 181.4 182.4 180.8 177.9 175 172.6 170.2 167.3 164.8 160.8 157.6 154.7 152.2 150.3 147.6 143.5 141.4
143.4 138.7 135.2 130.2 127.3 127.6 129.7 132.6 135.4 138.8 143.5 149.1 155.6 160.9 163.6 165.6 166.2 165.7 165.6 164.6 162.5 161.2 161.1 161.4 161.3 160.6 157.8 154.5 152.1 149.7 146.5 143.4 140.6 137.2 136 136 136.5 136 135.5 134.8 135.5 140.4 146.7 154.3 160.5 165.7 168.8 168.4 168.7 168.1 167.7 167.6 168.8 169.6 169.1 169.2 168.2 166.3 164.7 163.3 163.1 163.2 164.2 166.6 169.6 173.2 176.4 180.3 182.5 183.3 181 178.2 175.8 173.6 170.4 167.2 164.8 161.8 156.6 152.3 148.4 146.5 143.3 140.2 138.7
141.5 137.9 133.8 128.9 126 125.4 127.8 129.6 133.3 136.1 140.6 146.1 151.7 156.4 158.6 160.1 161.2 162.3 163.3 163.7 163.5 163.8 163.7 163.4 163.2 162.7 160.8 158.6 157.2 154.2 150.8 146.2 142.9 140.2 139.2 139.7 139.9 138.6 138.5 137.7 138.1 141.5 150.2 157.1 162.7 167.8 170.8 174.3 174.5 173.1 173.2 173.5 174.2 173.8 173.5 172.6 170.7 169 166.8 165.9 165.5 164.5 164.8 166.3 169.1 172.9 176.6 180.3 182.3 182.5 180.9 178.5 175.8 174 171.8 167.6 163.5 160.2 155.8 151.6 147.8 143.8 140.8 138.4 135.2
138.2 135.1 131 126.5 124.3 123.7 126.1 127.2 130.2 133.7 137.6 142.9 147.4 150.5 152.2 153.7 156.3 158.6 159.9 161.2 161.9 162.8 163.4 163.6 163.7 163 161.5 160.1 159 157.7 155.3 149.1 145.8 143.7 143.3 143.7 144 143 141.1 141.3 141.1 144.4 152.2 158.7 164.4 169.7 175.7 178.4 178.6 177.5 178.3 178.1 178.4 177.5 176.5 173.7 171.3 170.4 169.3 167.1 166 164.5 164.3 165.5 167.8 171.6 174.8 177.7 179.7 180.8 179.6 178.3 175.7 174 170.9 167.2 162.6 158.2 155.2 150.8 146.5 142.4 139.5 135.3 132.7
134.5 131.1 127.7 124.1 122 122.1 124.6 126.3 128.9 132.1 135.3 139.1 142.4 145.1 146.4 148.6 151.7 154.7 156.5 158.1 159.2 160.8 161.9 162.5 162.3 161.9 161.2 160.4 159.5 157.9 155.2 150.7 148.5 147 147.6 148.7 149.3 148 145 144.9 145.2 147.7 154.1 159.9 165.3 169.7 174.3 178.2 180.5 181.8 182.1 181.5 180.3 179.2 177.6 174.2 171.5 170.1 167.8 165.8 163.6 162.4 162.6 164 165.9 168 170.9 173.5 176.1 177.7 177 176.2 174.2 172.7 169.7 166.2 161.4 156.9 152.8 149.7 145.3 141.2 138.4 133.3 130.5
130.1 127.1 124 121.7 119.9 120.9 123.1 124.9 124 129.3 132.3 135.4 138.2 140 141.4 143.7 147.3 150.3 153 155.2 156.7 158.1 159.6 160.3 160.5 160.2 160 159.5 158.7 157.8 155.2 152 150.4 148.6 154.4 154.3 153.4 152.1 149.9 148.9 150 150.4 156.2 160.8 165.3 169.1 172.8 176.6 179.5 181.7 182.6 182.1 181 179.7 177.4 173.9 170.7 168.3 166.1 164 161.8 160 160.2 162.5 163.7 164.6 166.9 169.2 172 173.7 173.3 173 171.6 170.7 168.8 164.7 160.2 155.6 151 148 144.3 139.6 135.9 133.1 129.5
126.4 124.1 121.9 119.2 118.1 119 120.9 123.7 124.3 126.3 129.8 131.9 134.2 136.1 137.6 140 142.5 144.7 147.8 151.4 153.2 154.7 156.6 157.2 157.8 158.4 158.8 158.7 158.3 157.4 155.3 152.7 151.8 151.8 159.5 160.6 158.5 156.9 155 153.1 154 154.5 157.5 161.2 165 168.5 171.6 174.7 177.5 179.3 180.4 180.5 179.6 178.2 176 172.9 169.3 167.1 164.9 162.5 160.7 158.6 157.9 159.8 160 161.6 162.2 165.2 167.1 168.7 168.8 169 168.5 168.5 166 162.1 158.7 154.2 149.6 146.3 143.4 138.4 135.8 133.1 127.6
123.8 121.8 119.8 117.4 117.2 118.5 120.1 121.8 124 125.2 127.8 129.4 130.8 132.9 135.7 137.4 139 141.3 143.6 147 149.3 151.2 152.1 154.1 155 155.9 156.9 158 158 157 154.9 153.9 153.4 156.4 161.4 165.3 164.6 161.2 158.5 157.4 157.3 157.4 158.7 161.7 163.7 167 169.7 172.3 174.3 175.3 176.5 176.8 176.2 174.7 173.2 170.8 167.5 165.8 163.6 161.7 159.2 156.7 154.3 155 156.9 157.4 159 160.9 162.6 162.8 162.9 164.5 165.4 165.6 164.3 161 156.9 153 147.9 143.1 140.3 137.3 135.2 131.5 126.5
122.1 120.8 118.1 116.3 116.4 117.7 119.3 121.2 123.1 124.4 126.1 127.9 129.1 130.8 133.5 135.3 136.4 138.2 139.9 143.1 145.6 147.1 147.7 149.9 152.1 153.5 155 156.1 156.5 155.5 154 154.9 154.8 156.7 160.6 164.5 169.4 168.3 163 161.6 160 159.5 160.4 161.3 162.9 164.9 166.6 168.3 169.6 170.4 171.7 172.7 171.9 170.6 169.5 168 165.5 163.4 161.8 160 158.1 154.4 151.4 151.7 152.5 152.9 154.5 156.2 158 158.9 157.9 160.5 162 162.8 162.1 159.7 155.2 151.3 145.8 141.9 137.9 136.1 133.3 130.5 125.8
120.2 119.6 116.8 116.1 116.2 116.9 118.9 120.6 121.6 123.2 124.7 126.7 127.4 128.9 130.8 132.9 134.3 136.2 136.9 138.5 140.9 142.3 144 146.6 149.3 151.4 153.1 154 154.3 153.4 153.1 155.1 155.5 156.3 159.7 164.2 167.8 170.3 170.3 165.8 163.3 162.2 161.2 161 161.6 162.4 163.1 163.7 163.6 164.9 166.7 167.7 166.2 165.6 165.4 164.8 164 161.9 159.8 157.7 155.5 151 149 148.5 147.9 148.4 149.9 151.8 153.3 154.7 153.8 156.6 158.4 159.7 158.9 156.8 153.3 149 145.3 140.9 137.3 135.1 132.4 129.3 124.5
118.2 117.7 116.3 116.3 116.5 117.4 118.8 120.2 120 121.2 124.3 125.5 127 128.4 129.8 131.7 132.2 133.9 135.4 136.9 138.1 139.7 141.3 143.8 146.3 148.6 150.4 151.1 151.3 150 151.3 154.3 154.6 155.1 159.5 163 165.8 168.6 169.1 168.8 166.7 163.9 161.8 159.9 158.9 159 159.5 159.6 159.2 159 159.7 161.1 161.2 160.7 160.8 161.3 161.1 159.1 156.8 154.3 151.7 147.9 146.4 146.5 145.4 145.2 145.4 147.1 149.4 150.1 150 153 154.7 156.1 154.8 152.3 150.1 148 144.2 140.4 137.9 135 132.2 127.8 121.9
114.9 117.4 116.9 116.8 117.7 118.6 119.6 118.8 119.8 121.3 123.5 124.8 126.5 128 128.4 129 130.2 132.6 134.2 135.1 136.2 137.8 139.4 141.4 143.8 145.2 145.7 147.6 147.3 146.7 149.5 152.8 153.5 153.2 157.1 160 162.8 165.4 166.6 166.8 167.1 166.8 161.9 159.4 157.3 156.3 155.6 155.6 155.2 154.2 154.4 154.6 155.1 155.7 156 157 157.4 156 154.3 151.9 148.7 145.8 144.2 144 143.8 143.4 142.4 142.4 144.2 144 145.3 148.8 150.6 151.8 151 149.8 148.9 146.8 143.4 140.3 137.5 135 133.2 129.3 121.7
118 118.5 118.2 118.4 119.2 120.3 120.4 119.2 117.7 121.6 123 124.4 126.2 127.6 128.4 128.7 129.1 131 132.8 133.4 134 135.9 137.5 140.1 141.5 141.1 142.1 142.8 142.8 144 148.2 150.4 150.6 149.2 153.9 157 159.8 162 163.4 163.1 164.1 164.9 164.2 159.3 156.8 154.1 152.4 151.9 151.7 151.1 149.7 149.7 150.2 150.8 150.9 152.3 153.7 153 151.9 150 147.6 145.4 143.5 142 142.7 142.1 141 139.5 139.4 139.8 140.8 144.9 146.5 146.8 146.9 147.7 147.5 145.3 142.7 140.6 138.6 136.3 134.1 129.7 121.2
120 120.1 120 120.3 121.4 122.4 122 119.7 118.9 119.3 121.5 124.5 126.1 126.8 127.2 128 128.4 129.2 130.5 131 132.3 134.4 137 139.2 139 139 138.7 139.2 140.5 142.4 145.7 147.2 147.8 146.8 150.2 154.1 156.8 158.3 159.6 160 160.3 161.1 163.1 160.4 157 153.3 150.6 149.1 148.9 148.5 147.5 147.2 146.8 147.1 147.3 148.6 149.3 150.3 149.7 149 147.5 145 143.2 141.7 141.2 140.7 139.4 137.6 136.3 136.6 137 139.3 140 140.2 143.2 145.8 146.1 144.9 142.2 141.4 139.6 136.5 133.9 129.4 119.7
122.1 122.1 122 122.4 123.2 124.5 123.6 120.2 118.7 118.3 120.6 123.3 124.9 126.2 127 127.2 127.8 128 128 129.4 131.7 133.8 135.7 137 137.1 136.9 136.2 136.5 137.7 140.3 142.5 144.5 144.3 143.7 147.6 151.9 153.3 154.6 155.4 155.4 156.5 158 159.5 161 157 153 150 147.3 146.2 145.4 145.7 145.2 144.3 144.5 144.9 145.5 146.4 147.7 148.2 148.2 147.3 146.4 144.6 143.7 143 141 139.2 137.7 135.8 133.5 133.2 133.2 134.2 135.9 140.4 143.9 144.5 143.2 141.5 140.9 138 136.8 133.4 127.8 117.6
124.1 124 124 124.7 125.7 126.1 125.2 121.3 118.9 117.7 119.1 121.6 123.5 124.8 126.4 127.3 126.6 125.3 125.4 127.5 129.8 131.9 133.6 134.7 135.2 134.2 133.9 134.2 135.4 137.6 139.8 141 139.8 140 146.1 149.4 150.2 151.1 151 151.7 153.2 154.4 155.8 157 154.6 152.9 150.3 147.3 144.7 143.3 143.5 143.3 142.1 141.4 142.8 143.4 143.9 145 146.6 147.6 148.1 147.8 146.9 146.2 144.8 142.5 140.3 138.3 136.4 134.3 131.6 129.5 131.1 132.9 138.6 141.4 142.2 140.6 139.1 138.4 136.6 134.2 131.7 126 113.2
125.5 125.7 126 127.2 128 128.5 125.8 122.1 118 115.1 116.7 119.6 120.9 123.1 125.2 126.5 125.1 123.5 123 124.4 127.1 129 130.7 131.4 131.4 131.8 131.6 131.8 133.2 135.5 136.3 136.1 135.6 139.3 144.8 146.2 145.1 146.5 147.6 148.6 150.3 151.5 153 153.7 154.6 152.7 150.1 147.9 145.1 142.6 141.7 140.9 139.5 138.5 139.7 140.8 142.2 144.3 146.5 148.1 149.3 149.4 148.8 148.9 146.7 144.4 141.7 139 136.3 134.1 132.2 128.9 128.2 129.7 135.5 139.4 140.5 139.3 137.8 135.9 134.3 132.5 129.5 123.3 108.7
126.5 126.8 127.6 129.3 129.8 128.9 125.7 122.3 117.6 114.4 114.6 116 118.4 120 122.2 123.6 122.4 120.4 119.8 121.7 124 126.3 128 129 129.5 129 129.1 129.3 131.8 133.5 134.2 133.7 133.6 138.8 141.6 142 143 144.6 145.6 146.5 147.5 148.9 150.7 151 152 152.6 150.1 148 145.3 143.5 142.4 140.9 138.9 137 137.9 140.6 141.2 144.8 146.7 148.4 150.2 150.9 151.4 151.7 149 146.7 144.2 140.8 136.7 133.9 131.7 129 125.7 125.6 131.9 136.9 138.6 137.8 135.8 133.5 131.9 129.7 126.5 118.6 104.9
126.7 127 127.6 128.9 130.2 128.5 125.2 122.5 117 113 112.8 113.5 113.6 115.2 117.9 118.9 118.5 116.3 117.5 119.5 121.8 124.5 126.2 127.7 128 127.3 127.5 127.6 130 130.7 130.9 132.4 134 138.7 140.2 140.7 141.2 142.7 143.7 144.6 146.1 147.3 147.9 149 150.3 150.1 149.5 148.1 145.8 144.5 143.8 142.2 139.6 137.3 136.1 138.8 141.1 144.8 147.1 149.8 151 152.4 154.1 154.2 152.3 149.3 145.4 141.3 136.8 134.6 131.6 128.9 126.6 122.4 128.1 132.8 135.5 135.2 133.3 130.2 127.9 126.1 122.6 114.8 99.6
125 125.4 126.7 128 128.8 126.8 124.3 122 115 111.1 110.5 111 111.3 112.6 113.9 115.6 114 114.4 116.2 118.2 120.1 122.4 125 126 125.4 124.6 125.4 126.7 128.6 128.3 129.9 132.9 134.5 136.4 138.4 139.3 140.4 141 141.8 142.8 144.2 145 145.9 147.4 148.8 149.4 149 148.5 146.9 146 145.2 143.4 141.1 139.1 135 136.5 140.9 145.5 148.1 150.9 153.2 155 157.4 157.1 154.6 151.3 147.4 141.5 137.9 135.3 131.7 128.4 125.2 121.4 124 128.6 131.5 131.4 129.6 126.4 123.5 121.9 117.9 107.8 96.9
121.1 121.9 123.5 125.1 124.9 125.2 123.4 119 113.5 110.1 108.1 108.8 109.3 110.4 111.6 111.8 111.8 112.6 114.7 116.4 119.2 121.5 123.4 123.8 123.2 122.5 124.3 125.7 127.1 126.7 130.2 132.6 134.2 135.8 138 139.5 140.3 139.8 140.1 141.2 142.1 143.2 144.4 145.6 146.7 148.3 148.6 148.3 147.8 147.9 147.3 145.6 143.8 141.2 136.4 133.8 141.4 146 148.6 151.6 154.1 156.4 158.4 157.3 154.6 151.5 148.1 141.9 136.4 134.5 131.1 128.9 124.7 121.5 118.4 124.2 126.5 126.7 124.7 122.7 121.6 117.9 113.3 104.3 92.6
116.3 117.8 118.9 120.4 122.1 124.2 121.6 116.9 111.9 108.6 107.4 107.3 107.7 109.4 110.3 109.9 110.2 111.3 113 115.7 118.4 120.4 121.6 121.6 121.1 122.5 123.4 124.6 123.5 126.9 131 132.4 134 135.5 137.1 138.7 138.9 138.3 138.4 139.2 140.2 141.2 142.4 143.5 145.1 146.6 147.7 148.1 148.9 149.1 149.4 147.3 145.2 142.1 137.3 131.5 139.6 145.6 148.5 150.9 153.6 155.5 156.9 156.3 154.1 150.8 147.1 140.8 133.3 131.3 130.4 128.4 124.6 119.9 116.6 120.6 121.7 121.7 121.6 121.6 120.5 117 107.6 96.1 89.9
111 112.4 113.4 116.2 118.1 119.2 117.1 113.2 109.8 107.1 106.6 105.2 106.1 107.9 108.4 108.2 109.1 110.1 112.2 114.7 117.4 118.8 119 117.9 119.3 121.3 122.2 120.7 123.7 126.9 130.3 132.1 133.6 134.9 136.3 137.7 137.7 136.8 137.6 137.7 138.3 139.4 140.4 141.9 143.5 144.9 146.3 147.7 149.8 150.3 150.3 148.7 146.5 143.5 137.9 128.6 137.2 144.7 148.1 149.4 152.3 154.2 155 153.9 151.5 148.5 144 138.7 130.4 128.5 127.6 126.4 123.7 120.1 116.3 116.2 119.1 120.6 121.7 121.3 120.5 115.6 100.5 90.5 89.5
107.6 108.2 109.3 111 112.6 112.7 111.9 110 108 106.1 105.3 103.8 104.3 105.1 105.5 106.5 106.8 108.5 111.1 114.2 116 116.6 115.6 115.9 119.5 120.1 119.6 120.2 123.2 126.2 129.3 131.2 132.4 134.1 135.3 135.9 136 134.9 135.9 136 136.5 137.3 138.3 139.7 141.6 143.3 144.8 146.6 148.8 149.6 149.5 148.4 146.5 143.7 137 126.5 135.4 144.4 147.5 147.5 149.1 151 152.3 150.9 148.2 144.6 140.2 135 129.6 125.2 122.8 122.4 120.7 118.5 115.2 107.9 117.3 120.2 121.1 120.6 118.6 108.7 88.8 89.2 89.1
105.2 106.3 106.6 107.7 108.1 108.1 108.4 107.2 105.8 104.2 103.9 103 102.8 102.7 103.3 104.2 105.8 107.2 110.9 112.7 114.3 113.9 111.8 114.9 117.1 117.1 117 120 122.3 124.7 127.6 129.9 131.5 131.1 133.3 133.6 133.4 132.8 132.9 133.5 135.1 135.7 136.1 137.8 140.2 142.3 144 145.4 147.1 147.4 147 145.5 144.3 141.5 134.9 125 134.9 142.9 145.4 145.1 145.5 147.4 148.3 147.2 144.1 140.1 135.6 132.7 129.3 124.4 120.9 118 116.7 115.2 111.3 113.9 117.1 120.9 121.7 120 112.6 88.7 88.7 88.6 90.7
102.4 103.5 104.1 105.1 105.7 106.2 106.5 105.3 103.6 102.5 101.9 101.5 101.6 101.3 101.5 102.3 103 104.6 108.8 110.8 111 110 109.6 112 112.1 113.8 117.3 119.7 121.8 124.1 126.4 128 129.4 130.9 130.9 130.6 130.5 130.9 131 131.8 132.7 134.3 135 136.5 138.8 141.3 142.5 143.3 144.4 145.2 144 142.8 141.8 139.4 132.9 125.1 131.8 139.8 142.5 142.6 143.3 144 144.9 143.2 140.5 135.7 131.1 128.2 125.4 121.9 118.9 115.6 112.9 111.5 106.6 113.1 118.5 121.3 120.9 117.5 103.9 88.2 88.4 95.1 108.9
100.3 101.7 102.7 103.4 103.5 104.5 104.5 103.6 102.1 101.1 101 99.8 100.3 100 100.2 100 101.3 103.1 106.3 106.6 106.1 107 106.9 108.5 112.1 116 117.6 119.4 121.4 123 124.9 125.9 127.6 128.2 127.9 127.4 127.8 128.9 129.3 130 130.9 132.2 133.7 135.6 137.9 139.6 141 141.3 142.2 142.6 141.9 140.6 139.4 136.9 130.9 123.7 127.9 136.2 139.4 139.8 140.6 141.5 141.3 139 136.7 132.6 128.2 124.6 121.9 120.2 116.8 113.3 110.8 108.4 107.4 115.2 120.2 121.3 118.9 114.5 88.4 88 93.4 104.6 114.1
99 99.5 101.3 101.5 101.6 102.4 102.9 102 100.4 99.2 98.8 98.3 98.4 98.6 99.1 98.5 101 102 103 103.2 104.3 104.1 106.6 109.3 112.2 115.5 117.8 119.5 120.7 121.5 122.9 124.5 125.5 125.8 125.6 125.5 126 127 127.9 128.1 129.1 130.3 132.3 134.6 136.6 138.2 139.7 139.3 139.5 139.6 138.7 137.4 135.6 132.8 128.2 123.4 124.1 132.6 135.4 136.3 137.6 138.4 138.1 136 133.4 130.1 126.3 122.3 119 116.5 113.7 109.6 106.5 96.5 109.7 115.7 120.1 120 114.4 93.6 87.6 91.6 99.9 108.1 115.9
97.5 98.8 100.3 101 99.7 100.3 100.6 99.6 98.2 97.3 96.9 96.6 97 97.7 96.9 98.1 99.9 100.4 101.2 101.7 102.8 103.4 106.1 108.9 111.7 114.8 116.9 118.7 119.4 120.6 121.4 122.3 124 124.3 124 124.1 124.9 125.3 125.8 126.2 127.3 129.1 131.7 134 135 137.2 137.4 137.3 137 136.2 136.1 133.9 132.1 129.9 126.6 123.3 121.1 127.3 130.5 132.5 133.8 134.7 134.8 133.3 130.9 128.4 123.7 120 117.1 114.1 110.6 108.5 103.9 105.1 109.5 114.6 117.3 115.5 103.4 87.4 87.6 98.5 108.1 109.9 117.1
96.8 98.2 99.6 99.9 98.7 97.9 97.9 96.8 96.1 96 95.3 95.8 96.4 96.3 95.7 96.7 97.3 99.2 100.3 101.7 102.6 103.2 105.9 108.4 111.4 113.8 115.9 117.6 118.2 118.9 119.6 120.7 122.3 122.6 122.8 123.3 123.9 124.2 124.2 124.6 125.8 128.1 131.1 132.8 134.6 136.2 136.1 135.8 135.5 135 134.7 132.6 130.9 127.8 125.5 122.6 117.2 122.3 126.5 130.6 132.2 131.4 131.1 129.8 128.3 125.6 121.9 118.4 114.8 112.8 109.2 103.4 93.6 106.6 109 111.1 111.6 109.8 90.2 87 92.6 104.6 109.7 111.3 117.2
96.1 97.7 99.4 98.4 96.8 96.2 95.3 94.8 94.8 94.5 94.3 94.5 94.7 94.9 95.6 97.6 100 101.1 101.9 103.5 105.4 106.2 106.9 107.1 110.7 113.1 115 116.5 117.4 117 117.5 118.9 120.5 121.2 121.8 122.4 122.5 122.9 122.9 123.5 125.1 127.7 129.7 132.3 134 134.7 134.5 134.6 134.8 134.5 133.8 133.3 130.8 128 124.5 121.5 117.6 121.1 125.2 128.6 129.2 127.6 128 128.3 126.3 123.2 120.1 116.4 113.4 110.5 107.5 102.9 90.8 106 105.8 100.7 99.5 98.9 86.9 86.8 94.5 108.7 109.9 112 116.6
95.5 96.7 97.5 96.3 94.9 94.2 93.6 93.7 93.1 92.3 92.7 93.2 94.2 95.8 97.1 99 100.4 102.9 104.5 106.5 108.7 109.3 109.9 110.1 108.9 111.9 114.2 115.5 116.2 116 116.4 117.7 119.3 120.3 120.8 121 120.9 120.8 121.7 122.8 124.5 127.2 128.5 129.9 131.8 132.8 132.9 133.2 134.1 133.6 133.9 133.1 131.2 128.4 124.8 122.5 119.4 111.5 118.9 125.7 126.2 124.9 124.3 124.5 123.3 119.7 117.1 114.2 110.1 107.3 104.4 99.8 89 102.5 101.3 91.2 86.6 86.8 86.8 86.9 99.5 109.4 110.7 112.3 116.1
94.3 95.3 94.6 93.6 93.3 92.9 91.9 91.3 92 92.4 92.8 93.4 95.6 97 98.5 101.3 103.4 105.9 107.8 109.8 112.4 113.2 113.4 112.7 111 109.8 112.7 113.8 114.8 115.1 116 117.6 119.3 119.2 120 120.1 119.9 120 120.8 122.1 123.8 125.9 126.7 128.3 129.8 130.1 131.3 132 133 133.6 134 132.8 131.4 129 126 122.1 118 109.7 116.7 122.7 123.3 121 120.2 120.3 118.4 115.3 112.7 110.2 106.5 102.9 99.4 95.8 87.9 93 92 86.4 86.6 86.5 86.7 90.2 107.7 109.9 111 113 115.8
92.6 92.5 91.8 91.6 91.1 90.3 91.1 91.5 93.2 93.3 94.3 95.6 96.7 98.4 100.8 104.1 106.6 109 111.2 114 116.2 117.1 117.1 115.7 112.9 111.9 110.9 112.7 114.1 114.7 115.6 117.2 118.5 117.9 118.8 118.8 118.2 118.9 120.1 121.3 122.8 124.6 125.5 125.9 127.3 128.5 128.4 130.6 132.6 133.6 133.9 133.5 131.9 129.6 126.3 122.1 117.4 111.1 112.6 119.8 120 117 115.9 114.6 112.6 109.8 106.6 104.3 102.1 97.4 91.3 84.8 85.6 85.9 85.3 86 86 86.8 90.4 104.4 108.6 110.4 111.1 112.2 116.5
90.3 90.1 89 88.6 89.1 90.2 92.1 93.7 94.3 95.3 96.3 97.3 98.6 100.6 103.7 107.3 109.6 112.5 115.5 117.6 119.9 120.7 120.4 118.6 115.9 113.9 113.1 112.4 112.9 113.5 113.6 114.8 116 116.9 117 117.1 116.4 117.6 119.6 120.9 122.1 123.7 124.8 124.8 125 126.2 127.5 129.6 131.5 132.9 133.7 133.4 132.1 129.7 126.5 121.2 117.2 111.8 106 114.5 116 113 111.2 110.5 107.8 98.8 90.7 85.4 82.7 82.5 82.8 83.3 83.8 84.1 85.5 87.3 95.4 100.6 105.6 105.9 108.7 110.6 111.2 112.8 117.7
