public/OST50/NJ76.asc
ncols 200
nrows 200
xllcorner 370000
yllcorner 860000
cellsize 50
[rows 148 to 184 of 200, columns 0 to 84 of 200]
70.2 71.8 72.1 67.8 63.2 60.6 61.1 64 67.9 73.1 77.8 83 86.6 90 91.6 90.4 88.1 86 84.9 85 85.7 85.4 84.2 83.1 82.9 82.8 82.4 81.9 81.8 80.3 76.3 73.8 71.9 71.3 70.4 70 69.1 67.9 67.4 67.8 66.9 67.3 67.9 68.4 67.9 68.7 69.8 70.7 71.1 72.3 74 75.8 78.4 81.3 84 86.7 87.9 89 90.7 92.4 94.1 97.7 100.6 105.2 110.5 115.6 119.7 122.3 122.5 121.4 120.1 117 114.1 112.6 113 115.1 117.7 123.2 128.9 134.7 140.9 146.8 149.2 148.2 145
72.9 75 72.4 67 61.7 60.6 62.4 65.8 70.6 74.7 79 84.8 89.2 92.8 94.7 93.9 90.9 88 87.1 88 89 88.1 86.8 85.9 86.7 86.9 86.4 85.8 85.5 82.5 78.1 75.8 73.7 72.8 72.5 71.5 70.1 69.3 68.6 67.9 67.7 68.5 69.3 69.6 68.6 69.1 70.4 71 71.5 72.9 74.6 76.6 79.2 82.4 85.3 87.5 88.8 90 91.8 93.4 96.7 99.9 102.5 107.4 113.1 119 122.3 124.5 124.5 123.7 121.2 118.3 115.5 114.7 116.6 116.7 118.9 121.6 127.1 133.3 139.5 145 147.6 147.1 145.9
75.9 77 72.5 65.8 60.8 60.5 64.5 67.9 72.5 76 80.9 86 91.3 95.4 97.2 96.2 92.5 90 89.7 90.9 91.3 90.2 89.7 89.3 90.1 89.8 89.3 89.4 89.5 84.9 80.6 78.3 76.4 75.1 74.4 73.4 71.7 70.9 69.8 68.8 68.9 70.1 70.4 70.3 69 69.7 70.9 71.4 72 73.6 75.3 77.4 80.6 83.7 86.1 88.1 89.5 91.3 92.9 95.2 99 102.3 105.1 109.8 115.5 121.9 125.1 126.3 126.4 125.2 122.6 119.6 117.8 118 118.5 119 120 121.9 125.2 130.6 136.6 142.6 146.5 146.9 146.2
79.2 77.9 72.3 65 60.5 60.9 64.1 69.3 73.2 76.9 82 87.5 93.1 97.2 99.5 98.1 94.2 91.8 92.5 93.1 92.6 92.5 91.8 92.3 92.4 92.1 92.2 92.1 91.8 86.1 83.1 80.5 78.7 77.8 76.9 75.7 72.9 72.4 70.4 69.6 70 71.4 71 70.5 69.7 70.4 71.3 71.9 72.6 74.4 76.2 78.4 81.7 84.2 86.1 88.2 90.1 92.2 94.2 97.3 101.5 104.5 107.3 112.2 118 124.1 127.3 127.8 128.4 126.6 124 121.2 119.8 119.9 120.2 121.2 122.6 124.1 125.7 128.5 133.3 140.6 144.6 146.4 145.4
82 78.2 71.2 64.1 60.5 61.8 65.5 69.9 74.2 78.2 82.5 88 93.8 98.7 100.4 98.4 95 93.4 94.5 93.7 93.6 93.7 93.6 93.9 94.1 93.7 93.3 93.4 85.5 87.8 85.2 82.8 81.1 80.2 79 76.6 74.3 72.5 71.1 70.7 71.6 72.5 72.1 71.2 70.6 71.4 72.1 72.8 73.5 75.1 77.3 79.4 82.4 84.8 86.1 87.8 90 93.1 95.6 100 103.2 106.6 110.2 114.6 121.2 126.7 129.1 129.7 129.6 127.9 126.3 123.8 122.6 121.7 122.9 124.4 125.2 126.8 128.2 130.1 132.7 138.4 142.4 144.1 143.9
82.9 77.9 70.3 63.6 60.9 62.9 66.6 70.3 74.4 78.4 82.3 87.7 92.9 97.3 99 97.7 95 94.7 94.9 94.7 94.8 95.2 95.2 95.1 95.3 94.9 94.2 94.4 91.1 90.3 86.5 84.4 82.9 81.8 80.5 77.2 75 73.3 72.1 72.3 73.2 73.7 72.8 71.5 71.4 72.1 72.8 73.5 75.1 76.4 78.4 80.5 82.8 84.8 86.7 88.1 90.8 93.8 96.6 101 105.1 108.4 112.8 117.4 123.6 127.9 130.6 131.3 130.8 129.1 128.1 126.3 125.3 124.6 125.9 127.5 129.5 131.1 130.9 131.9 134.3 137.4 139.7 140.9 140.2
82.6 76.9 69.3 63.3 61.2 63 66.4 70 73.3 76.7 81.7 86.8 91 94.8 96 94.7 93.4 94.3 94.4 95.8 95.7 95.8 96.1 96.3 96.1 95.7 95.2 95 93.4 90.8 88 85.8 84.8 83.2 80.8 77.7 75.5 74.4 74 74.6 74.7 74.1 72.9 72 71.9 72.8 73.6 74.3 75.9 77.6 78.9 80.8 83.1 85.2 87 88.7 91.5 94.1 97.4 99.1 106.8 110.5 115.3 120.9 126.1 130.2 132.7 133.3 132.3 131.2 130.4 130.1 129.3 129 130.6 133.2 134.4 134.7 134.4 133.8 134.8 136.5 137.5 138.2 136.5
81.5 75.8 67.3 62.9 61.3 63.9 66.1 69 72.4 76.2 80.6 85.1 88.8 91.3 92.7 91.9 92.6 92.9 94.3 95.6 96.9 96.5 97.5 97.5 97.1 96.5 96 95.2 94 90.8 87.9 86 86.3 84.9 81.2 78.8 76.8 75 74.1 75.7 75.9 74.7 73.3 72.7 73.2 73.7 74.2 74.9 76.3 78.1 79.5 81.4 83.7 85.6 87.4 89.5 91.8 95.1 98.6 101 109 112.5 118 123.4 128.1 131.7 134.3 133.9 133.3 133 133.2 133.3 133.6 135 137.1 138.5 139 139.2 137.8 136.6 135.3 135.6 136 134.5 132.6
80.3 74 66.5 62.6 60.5 63.1 65.6 68.2 71.3 75.1 79.8 83.5 86.3 88.4 89.8 89.8 90.9 91.9 93.3 95.5 97.3 97.4 98.3 98.4 98.4 97.3 96.3 95.6 93.7 91.1 88.6 86.6 86.5 85.3 82 79.7 77.5 75.3 75.9 77.2 77 75.5 73.5 73.6 73.9 74.2 74.7 75.7 77.1 78.7 80.5 82.4 84.6 86.6 88.6 90.6 92.7 96.1 99.6 104.5 109.6 115.3 120.9 125.6 129.9 133 134.7 134.3 134.6 135.2 135.2 136.5 137.4 139.2 141.8 143 143.4 142.8 141 137.7 135.4 134.1 133 131.1 128.2
79.7 72.3 65.7 62.3 61 62.6 64.9 67 69.7 73.2 77.8 81.1 84.1 86.2 86.3 87.7 89.9 91.2 93 95.4 96.5 97.1 98.9 99 98.4 97.6 96.7 95.9 93.1 90.8 88.2 87 85.7 83.6 81.8 80.1 77.5 76.6 77.5 78.4 77.8 75.5 74.2 74.6 75.1 75.1 75.2 76.5 78 79.5 81.6 83.6 86.1 88 89.8 91.5 93.2 96.3 101 106.4 111.6 117.6 123.2 127.8 131.2 133.5 135 135.6 136.2 136.6 137.6 139.4 140.9 142.5 144.7 145.8 146.1 145.4 143.4 138.8 136 133.1 130.7 128 125.4
78 70.4 65.1 61.5 59.7 61.6 64.1 66 69.2 72.3 76.4 78.7 81.3 82.8 84.3 86.7 89.6 91.5 94.5 96 96.2 97.1 98.5 98.7 98.4 98.2 97.6 95.5 93.4 90.4 87.9 86.3 84.8 83.4 81.5 79.3 77.2 77.3 78.9 79.3 78.2 75.9 75.5 75.8 75.9 75.3 75.7 77.2 78.8 80.3 82.7 84.8 87.2 89.2 90.9 92.8 95.4 97.9 102 107.6 113.6 120.8 125.5 129.2 131.7 133.8 135 135.5 136.4 137.5 138.7 140.8 142.9 144.4 147.1 147.3 147.9 147.1 144 140 136.1 132.4 129.8 125.8 123.9
75.7 69.3 64.2 60.7 59 60.2 63.4 66.1 68.9 71.9 74.7 76.6 79.5 81.1 83.1 86.8 89.6 92.8 96.4 97.7 97.1 97.1 97.3 98.2 98.5 98.7 97.2 95.3 93 89.9 87.6 86 83.9 82.1 80.9 78.1 76.9 77.1 79.8 80 78.6 76.2 76.6 77 76 74.7 76.2 77.6 79.2 81 82.9 85.2 87.9 90.5 92.5 94.7 96.8 100.1 103.4 109.8 115.9 123.1 126.6 129.6 131.3 133.7 134.5 135 135.7 136.6 139.6 141.6 143.2 145.4 147.2 148.6 147.8 147.1 144.2 140.7 136.7 131.9 128 124.9 122
74.2 68.3 62.4 59.4 58.7 59.2 62.9 64.9 67.6 69.6 71.6 74.6 78.6 81 83.5 87.3 91.2 95.1 98.9 99.5 98.5 97.2 97.8 98.7 99.1 98.2 97.1 95.2 92.4 89.8 87.3 85.6 83 81 79.9 76.8 76.8 78.2 80.2 80.4 78.4 77.4 77.8 77.5 76.2 75.7 76.9 78.4 80.2 82.2 84.7 86.7 88.9 91.6 94.9 97 99.5 102.2 105 111 119.5 124.9 128.8 128.6 130.3 132.1 132.8 132.8 133.4 135.3 138.2 140.7 142.9 144.9 146.5 147.5 147 146.4 143.8 140.2 136.3 130.6 126.3 123 120.5
72 65.7 60.8 58.5 58.6 59.1 62.5 64.3 66.1 69 71.2 74.3 78.4 81.9 84.8 89 94.2 98.3 101.3 100.4 99.1 98.2 98.7 99.7 99.2 98 96 94.8 92.6 89.7 86.9 84.7 82 79.8 78.8 76.7 76.9 78.7 80.7 80.6 78.1 77.2 77.6 77.2 76 75.5 77.5 79.6 81.3 83.5 85.9 88 90.6 93.2 96.8 99.4 102 104.3 107.1 112 118.8 123.5 126.5 126.8 128.5 129.5 129.6 131.1 131.4 134 136.7 139 140.3 142.3 144.7 145.5 145.1 144.4 142.1 138.9 134.7 129.4 125.3 121 118.6
68.8 63.8 59.9 58.1 58.4 59.1 62.3 63.4 65.4 67.8 70.4 74.2 79.8 82.8 86 91.6 97.3 101.4 102.7 101.3 100 99.2 99.2 99.7 97.8 96.1 94.4 93.1 91.6 89.2 86.8 82.8 80.8 78.6 76.5 76.2 78.3 79.9 80.9 80.3 77.7 77.2 77.8 77.3 75.3 76 78.5 80.7 82.5 85 87.4 89.3 92.2 95.3 99 101.6 104.5 106.8 108.5 112.1 118.1 122.3 123.6 124.2 125.8 125.8 126.3 127.8 129.1 131 134.3 136.2 136.9 139.6 141.9 142.8 142.3 140.7 138.6 135.6 131.9 128.4 123.1 117.6 115.5
65.7 61.1 59.3 58.6 58.5 59.1 60.8 62.6 64.7 67.7 71.8 76 80.7 84.2 87.8 94 100.3 103.5 103.9 102.3 100.9 100.3 99.6 98.9 96.5 94.4 92.2 90.9 89.6 88.3 86.5 81.8 79.4 77.3 75.3 76.7 79 80.5 81.3 80.1 77.9 77.4 77.8 76.5 75.7 76.8 79.2 82 84.4 86.7 88.4 90.9 93.9 97.3 101.1 104.5 107 109.2 111.1 114.9 117.4 119.6 120.9 121.9 122.9 123.7 124.4 125 126.6 128.6 131.7 132.1 134.6 136.8 138.6 139 138 136.2 133.7 131 127.6 123.7 116.9 114.4 119.4
63.5 59.5 59.2 58.5 58.6 59.6 60.7 62.5 65.1 68.3 72.8 77.3 80.8 84.6 89.7 96.5 101.4 104 105.1 103.6 102.1 101 98.7 98.3 94.9 92.4 90 88.9 88.1 87.5 85.1 80.8 78.8 76.6 75.1 77.4 79.3 80.6 81.2 79.8 78.1 77.5 77.2 76 75.6 77.1 80.4 83.2 86.2 89 91.1 92.8 96 99.3 103.2 107 109.1 111.2 114.1 117.1 118.1 118.8 119 120.2 121.5 122.2 122.7 123.4 123.9 126.3 128.1 128.1 131.6 133.7 135 134.7 133.9 132.1 128.9 125.4 122 117.7 113.3 119.1 121.7
61.2 58.9 58.9 58.5 58.9 60 61.4 63.3 65.1 69.3 74.1 77.7 81.3 85.6 90.7 97.2 100.9 103.9 104.9 102.6 102.8 100.8 98.4 96.3 94.2 90.7 88.6 87.5 85.9 85.3 82.2 78.9 77.1 75.2 74.8 77.5 79.5 80.4 81.1 80.5 78.2 76.9 76.3 75.7 76.9 78.7 81.9 84.9 87.8 90.9 93.4 94.8 98.5 102.1 105.1 108.4 110.8 113.1 115.8 119.5 119.8 119.5 119.2 120 120.5 120.2 121.4 121.7 122.4 123.6 124.3 126.2 128.4 131 131.8 130.6 129.5 128 124.1 120.1 117 111.6 117.7 121.7 124
58 58.6 58.7 59 59.3 60.2 61.8 63.4 66.2 69.6 73.8 77.4 81.1 85.9 91.3 96.7 100.1 102.3 102.9 102 102.1 99.9 97.7 95.8 92.4 89.5 88.1 86.6 83.7 82.3 79.5 76.9 75.4 74.2 74.9 77.4 79.1 80 80.8 80.7 78.6 77.5 76.1 76.2 76.6 79.8 82.8 86.2 89.3 91.7 94.3 97 101.2 104.3 107.3 109.7 112.7 114.8 118.1 120.4 120.9 120.5 120.2 120 119.6 119.2 120.1 120.9 121.3 121.9 122.2 123.5 126.8 128.8 128.9 128.2 127 124.5 121.3 117.2 112.6 113.7 119.7 124 125
58.8 59.9 60.7 60.8 60.2 60.9 62.3 64.3 67.1 70.3 73.7 77.6 80.8 85.8 91 95.1 97.7 99.3 100.6 101.2 100.8 99.1 97.3 94.8 91.7 89.2 87.9 85.1 81.8 78.9 76.7 74.9 74.5 74.2 74.5 77.1 79.6 80.6 82.6 82.2 80.6 79.1 77.1 76.7 77.4 80.5 83.3 87.3 91 93.7 96.5 98.8 102.8 105.9 108.6 111.2 113.6 115.7 119.5 120.6 122 121.7 121.6 121 119.9 119.3 119.1 119.2 119.6 120.3 120.8 121.5 124.5 126.1 125.9 126 124.8 121.7 118.6 114.2 108.7 115.3 119.9 124.2 125.8
60.9 62.5 62.9 62.6 62.4 62.3 64 65.9 68.8 71.5 74.3 77.7 80.8 85.7 89.9 93.2 94.2 96.4 98.5 99.7 99.6 98.3 96.5 93.9 91 89.5 87.8 84.6 80.7 77.1 75.5 74.1 73.8 73.4 75.2 76.7 79.4 80.9 83.1 82.9 81.4 79.9 78.8 78 79 81.3 84.2 88.4 92.2 95.1 97.9 100.8 103.5 106.9 109.8 112.4 114.1 116.3 119.1 120.9 122.4 122.7 122.3 122 120.3 119.4 118.6 118.4 118.3 118.6 119.6 119.8 122.6 123.5 124.1 124.2 122.6 120.3 116.5 112.8 107.4 114.3 120.1 124.1 125.7
63.8 64.7 64.3 64.3 64.1 64.2 65.3 67.2 69.7 72.6 75.7 78.1 81 85.5 89.2 90.6 91.7 93.2 96.1 98 97.9 97.3 95.5 93 90.9 89.6 88.3 84 80.1 76.3 73.8 73.6 73.1 72.9 75 77.1 79.4 81 83.4 83.7 82.2 81.4 80.7 79.7 79.9 82.2 85.6 89.7 92.7 95.5 98.3 102 105.2 107.8 110.9 113 114 116.6 119.1 121.6 122.8 122.4 123.5 122.3 120.7 119.7 117.4 117.7 117.2 116.7 118 118.2 121.1 122.3 122.7 122.1 120.6 117.7 114.4 110.5 106.4 111.7 118.7 122.6 124.4
67.3 67.1 66.3 66.4 66.1 66.5 66.9 68.8 71.1 73.9 76.4 78.6 81.5 85.3 88.9 90.1 90.9 92.4 94.8 96.5 96.6 96.2 94.6 92.3 91.1 90.8 89 83.8 79.6 76.2 73.6 73.3 72.5 73.2 75.6 76.8 79 80.9 83.6 83.7 83.7 83.5 82.7 81.6 80.3 82.7 86.4 90.3 93 96.2 99.5 103.7 107.1 109.8 111.7 112.3 113.5 116.4 118.5 121 122.1 122.4 123.9 122.4 121.2 119.8 116.8 115.2 115 115.4 115.9 116.9 119 119.6 120.6 120 118.6 115.1 112.6 109.7 105.3 108.4 115.3 120.2 121.3
68.4 68.5 68 67.7 68.3 68.8 69.1 70.6 72.5 75.5 78.2 79.9 82.4 85.8 88.8 90 90.7 92.2 94.1 95.1 94.9 94.3 92.8 91.4 91 90.5 88.9 83.8 79.9 76.3 73.3 72.2 71.8 72.7 75.7 76.7 78.9 80.2 82 83.4 84.5 85.8 85.1 83.2 82.1 83.3 86.7 90 93.4 96.6 99.7 103.6 107.6 109.8 110.6 111.4 113 115.4 118.1 120 121.7 122.9 121.8 122.3 121.2 118.8 115.4 113.7 113 113.9 114 115.3 117.1 117.8 118.5 117.9 115.9 113.2 110.9 109.2 105.3 104.6 110.7 114.9 116.4
68.7 70.1 70.2 70 70.4 70.4 71.5 73 74.7 77.2 79.7 81.4 83.6 86.7 89.5 90.1 91.6 92.9 93.2 93.7 93.2 92.8 91.2 90.2 89.9 89.7 87.8 83.7 79.7 76.3 72.7 71.7 71.6 72.5 75.2 77.1 79.6 81.5 82.5 83.7 85 86.8 87 85 83.7 84 86.7 89.9 92.9 96.1 99.5 103.2 106.6 108.3 109.3 110.4 112.8 115.1 117.7 119.2 120.6 122.1 123.5 121.9 119.9 117.1 114 112.5 111.4 111.8 112.3 113.7 115.2 115.9 116.1 115.6 113.7 111.4 110 108.5 105.2 101.9 105.9 109.4 110.7
71.8 72.1 71.9 71.8 71.8 72.5 73.3 74.7 77 79.5 81.1 83 86.1 89.4 92.7 92.2 92.2 92.3 92.9 93 92.7 91.2 90.1 89.2 89.2 89 87 83.7 79.4 75.8 72.4 71.4 71.5 72.3 75.3 77.6 80.1 81.4 82.4 83.9 85.6 87.5 87.8 85.6 85.2 85.7 87.9 90.5 92.6 95.6 98.8 102.1 104.9 106.6 107.9 109.3 111.5 114.5 117.2 119.2 119.7 121.1 121.5 120 118.1 115.3 112.4 111.5 110.4 110.1 110.6 112.1 113 113.4 113.3 113.2 112 111 109.6 108.1 104.7 100 103.4 105.1 106.7
72.9 73.5 74.6 73.8 72.8 73.1 75.2 76.3 79.7 81.5 83 84.9 88 91.2 93.4 92.9 91.9 92 92.5 91.6 90.6 89.1 88.7 88.4 88.3 87.6 85.7 82.4 79.3 75.4 72.1 71.4 71.5 72.8 75.5 77.2 79.9 81.6 83 84.5 85.9 87.6 88.5 87.1 86.4 87.7 89.1 90.7 93 95.2 98 100.8 102.8 104.5 106.8 107.9 110.3 113.7 117.1 118.2 118.2 118.4 118.4 117.1 114.9 112.9 111.3 110.6 108.9 108.8 109 109.3 109.9 110.8 111.6 111.4 110.5 109.4 107.9 106.3 102.7 98.5 101.3 103.2 103.7
73.7 74.3 75.4 74.8 73.8 75 76.7 78.5 81.9 83.4 85 86.6 89.6 92.1 93 92 91.2 91.6 91.7 90.8 89.5 88.3 87.3 87.6 87.2 86 84.2 81.5 78.8 75 71.5 71 71.3 72.8 75.1 78.3 81 83 83.8 85.4 86.9 89 89.4 88.4 87.9 89.6 90.6 91.8 93 94.9 97.1 99.1 100.4 102.6 105.2 107 109.2 113.4 116.4 116.9 115.4 115.7 114.4 112.5 112.1 111.1 109.9 109.3 107.9 107.2 107.8 107.9 108.5 109.2 109.9 110 109.6 107.6 105.5 103.9 101 97.9 99.3 101 101.2
73.7 74.2 74.9 74.8 74.8 76.3 78.7 81 83.8 85.4 86.6 88.2 89.7 91.6 91.9 90.6 90.7 90.6 89.8 89 88.4 87.6 86.8 86.3 84.5 83.8 81.9 80.3 77.9 74 70.8 70.5 71.6 73.9 75.3 78.2 81.4 82.8 84.1 85.8 87.8 90.2 90.3 89 89.4 91 91.9 92.9 93.7 94.6 96 97.8 99.2 101.7 104 105.6 108.5 112.4 115.8 115.4 113.1 113.2 111.4 109.7 108.9 108.2 108.2 107.3 106.5 105.9 106.5 106.7 107.3 108 108.7 109.4 108.6 106.7 104.3 101.5 99.4 96.7 97 98.8 99.6
73.1 73.7 74.4 75.3 76.2 77.5 79.8 82.2 83.7 85.6 87.5 88.6 89.3 89.8 90.3 89.2 89.1 89.5 89 87.5 86.8 86.6 85.8 84.2 82.7 81.6 80.4 78.8 76.2 72.6 70.6 70.3 71.2 73.8 75.4 78.7 80.8 83.4 84.8 86.5 88.8 91.1 90.7 89.8 90.4 91.8 92.6 93.6 93.4 93.5 94.5 96.5 98.6 101.2 103 105.2 108.2 111.9 115.1 114 110.9 110.1 109.2 107.8 106.7 106.1 105.8 105.3 104.6 104.4 105.3 105.6 106.4 107.2 107.8 108.4 107.7 105.7 103.4 100.8 98.6 95.9 95.9 97.6 98.5
71.2 72.2 74 75.9 77.3 78.9 80.6 82.4 83.4 85 87.6 87.1 87.9 88.1 88.6 87.9 88.2 87.9 86.9 86 85.6 85.9 85.5 83.9 82 80.4 78.9 76.8 74.6 71.9 70.6 70.4 71.7 74 75.5 78.7 81.3 83.2 84.9 87.2 89.3 90.9 90.7 91 91.6 92.1 92.8 93.5 92.5 92.1 93.9 96.1 98.8 100.8 102.2 104.5 107.4 111.1 113.9 112.5 109.7 108.7 108.2 106.8 105.5 104.6 104.1 103.9 103.3 103.6 104.2 104.7 105.5 106.6 107.1 107.7 107.1 105.1 102.1 100 97.7 95.7 93.6 96.5 97.2
69.4 71.2 73.3 75.5 77.4 79.3 80.8 81.8 83 84.3 85.2 85.2 85.8 86.5 86.9 86.7 86 85.9 85.4 84.3 84.2 84.1 84.3 83 81.3 79.6 78.2 76 74 71.6 70.6 70.6 72.1 73.7 75.7 78.4 81.1 83.1 84.7 87.5 89.7 90.6 90.4 91.2 92.4 92.9 92.7 92.3 91.6 91.3 93.5 95.8 98.1 100.3 102.4 104.4 106.8 110 112.4 110.4 109.3 108.1 106.8 104.5 104.1 102.7 102.7 102.7 102.2 103.2 103.6 104.4 105.4 106.4 106.7 107.1 107 104.6 101.1 98.8 97.3 95.2 92.9 94.3 95.7
68.1 70.1 72.3 74.6 76.8 79.1 80.1 80.8 81.8 82.8 83.6 83.5 84 84.4 85 84.8 84.2 83.4 83.3 83.2 83.4 83.3 82.3 80.9 78.7 77.8 76.6 75.2 73.5 71.7 70.9 71.3 72.7 74.2 76 78.2 80.7 82.6 85 87.2 89.4 89.6 90.6 91.5 92.9 92.9 91.7 91.1 90.6 90.9 93.1 95.2 97.3 99.3 101.5 104.2 106.7 108.7 111.1 108.7 108.1 107.1 105.7 103.4 101.4 101.5 101.5 100.7 101.8 102.9 103.1 104.3 105.4 106 106.4 106.7 107.1 103.9 100.7 98.7 96.9 95.1 92.3 92.7 94.8
67.1 69.1 71.2 74 76.3 78.3 79.3 80 80.6 81.2 81.4 81.6 82.1 82.6 82.5 82.5 81.6 80.5 80.4 80.6 81.6 81.4 80.3 78.8 77.5 77 76.3 74.9 73.6 72.2 71.3 71.5 73.2 74.7 76.5 78.2 80.4 82.6 84.8 87.2 88.7 89.3 90.9 92.5 93.1 92.2 90.5 89.8 89.4 89.8 91.5 93.8 95.6 97.8 101.1 103.7 106.2 108.5 109.2 107 106.5 105.8 103.7 100.9 100.3 100.1 100 100 101.4 102.3 102.8 103.9 105.3 105.6 105.9 106.3 106.1 103.4 101 98.3 96.2 94.7 91.8 91.5 93.9
65.9 68.4 70.7 73.7 75.6 77.3 78.2 78.5 79 79.2 79.2 79.5 79.7 79.9 79.9 79.8 78.9 78.1 78.3 78.8 78.8 77.9 77.8 76.7 76.4 75.7 75.6 74.5 73 70.6 70.5 72.5 73.5 74.5 75.9 77.5 79.9 82.1 84.5 86.7 87.5 88.8 90.3 92.2 92.3 90.9 89.3 88.6 88.5 88.6 90.5 92.2 94 96.8 99.5 102.3 104.5 106.7 106.6 105.1 105.6 105 101.7 99 98.3 99.6 98.7 99.1 100.3 101.3 102.4 103.5 104.6 105.4 105.7 105.9 104.7 102.4 100.3 97.8 95.9 93.8 91.3 89.7 92.9
65.7 68.2 70.1 72.4 74.7 76.3 76.5 76.8 76.9 76.9 77 77.5 77.7 77.9 77.8 77.7 76.8 76.5 76.4 76.6 75.7 74.6 74 74.5 74.7 75.2 75.1 74.1 72.7 70.6 70.5 72.1 74 75.5 76.7 77.8 79.2 81.5 83.5 85.8 87.4 88.1 89.2 90.7 91 89.7 88.1 88.4 87.9 87.4 88.7 90 91.9 94.7 97.9 100.7 102.7 104.2 104 103.9 104.2 103.2 99.9 97.2 96.7 97 97.4 98.7 99.2 100.7 102.2 103.4 104.4 105 105.1 104.7 103.4 101.8 99.8 97.6 95.1 93.1 90.9 88.8 90.5
65.2 67 69.4 71.7 73.7 74.9 74.9 74.8 74.6 74.6 74.8 75.3 75.6 75.7 76.2 75.8 75.1 74.9 74.7 74.3 72.9 72 71.1 71.5 72.4 74 74.8 73.8 72.2 69.7 69.7 71.9 73.9 75.3 76.6 78.2 79.5 81.3 83.4 85.8 87.2 88 88.2 89 89.6 88.4 87 88 87.5 86.8 87.4 87.8 89.8 92.8 95.8 98 100.1 102.4 102.3 102.6 102.6 100.9 98.3 96 95.9 96.2 97.1 98 98.2 100 101.8 103.2 104.2 104.1 103.7 103 101.8 100.6 99 96.7 93.8 92.3 90.3 88.6 88.8
