public/OST50/NJ85.asc
ncols 200
nrows 200
xllcorner 380000
yllcorner 850000
cellsize 50
[rows 0 to 34 of 200, columns 78 to 155 of 200]
169.9 167.9 165.9 163.6 161.6 159.3 157 153.5 152 146 140.4 134.7 128.5 127.6 144.4 155.1 156.7 155.6 159.5 162.5 164.7 167.1 168.4 168.1 166.8 164.5 162 160.2 158.4 156 155.8 156.9 156.2 157.4 158.5 158.8 158.5 158.1 157.7 159.1 159.6 159.1 158.6 157.5 156 155.1 153.3 152 150.5 149.2 148.6 148.2 147.6 147.5 147.7 148.4 148.9 147.8 145.7 142.6 139.9 137.6 135.7 134.4 132.8 131.6 129.7 128.6 127.5 126.4 125.4 125.1 123.5 122.4 120.9 119.9 119.5 118.9
170.9 169.3 167.2 165.1 162.7 160.1 157.2 153.2 147.3 149.4 148.3 134.8 130.1 128 133.8 144.3 153.3 158.4 160.7 162.6 164.7 165.6 166.5 165.9 164.7 163.5 161.7 160.2 158.6 155.6 154.1 155.9 154.7 155 154.8 155.5 155.9 156 155.3 156.2 156.6 156.8 156.3 155.3 154 153.6 153.1 151.6 150.7 149.6 149.1 148.7 148.2 148.1 148.6 149.9 148.6 147.3 145.3 143 141.3 139.2 136.5 135.2 133.8 131.9 130.1 128.6 127.3 126.4 125.5 124.5 123.4 122.1 120.9 119.9 119.3 118.7
171.5 170.1 168.5 165.4 162.7 160 153.5 155.8 154.2 152.1 147.6 148 137.9 128.3 128.7 137.6 150 154.8 157.4 158.8 161 162.7 163.7 163.3 162.5 161.4 160.1 158.1 157 155.5 152.5 152.6 153.3 152.8 152.2 151.8 152.5 153.1 152.8 152.9 154.1 154.1 153.7 153.2 152.2 151.8 151.4 151.1 150.5 149.7 149.3 149.1 148.9 149 149.5 149.9 148.2 146.7 144.8 143.3 141.8 139.8 137.3 135.7 133.9 132.2 130.6 129 127.3 126 124.9 123.5 122.1 121 120.3 119.8 119.5 118.8
172.5 171.5 169.5 166.8 164.6 162.5 160 158.1 156.3 154.4 153.4 146.6 145.4 134.9 125.9 132.3 144 148.5 152.2 154.5 157.3 159.5 160.4 160.3 159.9 159.3 157.4 156.3 155.3 154.3 152.2 150.9 151.4 151 149.7 148.7 148.6 149.8 150 149.8 151.4 151.3 151 150.6 149.6 149.6 149.4 149.1 149.2 149.2 149.2 148.8 148.4 148.8 149.5 149.8 148.1 146.5 144.7 143.1 141.2 139.4 137.7 135.8 135.1 134 131.7 129.7 128 126.4 125.6 124.5 123.3 121.8 120.8 120.3 119.4 119.1
176.3 174.5 171.8 169 166.3 163.7 161.3 159.4 157.6 155.9 153.9 151.2 146.3 136 127.8 124.8 128 131 137.2 148 153.5 156.3 157.1 157.4 157 156.7 155.9 154.6 153.5 152.6 151.6 150.3 148.9 148.4 147.2 146.3 145.6 146.9 146.7 147.7 148.9 148.6 148.4 148.2 147 147 146.9 147.2 147.9 148.3 148.4 148.2 147.8 148.5 149.2 150.1 148.8 147.3 145.1 142.9 141.6 140 139 138.7 137.5 135.8 133.5 131 128.8 128.3 127.4 126.2 124.7 123 121.9 121.3 120.4 119.5
178.7 175.9 173.2 170.1 167.5 164.8 162.7 160.9 158.4 156.4 153.8 151.4 148.5 141.5 132.7 127.6 125.9 123.7 123.2 130.8 143.1 151.6 153.5 154.2 153.9 153.6 153.4 152.9 151.8 151.2 150.7 149.3 148.2 147.3 146.5 145.3 144.2 143.8 144.9 145.9 146.2 145.9 145.8 145.6 144.5 145.1 145.6 145.6 146.8 147.6 147.6 147.4 146.7 148.2 149.4 151.1 149.9 147.9 146 144.4 143.1 143.6 142.7 141.3 139.8 137.7 135.6 133.6 132.3 131.3 129.6 127.2 125.5 124.6 123.2 122.3 121.5 120.7
179.5 176.6 173.9 171.3 168.9 166.7 164.2 162 159.3 156.9 154.7 152.5 150.4 145.9 141.5 135 137.8 128.7 121.2 120.9 128.4 143.6 149 150.9 150.6 150.2 150.3 150.9 149.9 150 149.7 148.8 147.9 147 146.1 144.9 143.8 142.4 142.8 143.6 144.1 144 143.4 142.7 142.9 143.3 144.4 144.7 145.8 146.7 146.7 146.4 146.2 147.4 150.2 152.1 150.8 149.1 147.5 146 146.7 146.3 144.9 143.6 142.5 140.9 138.8 136.7 135 133 130.5 128.5 127.3 126 124.4 123.5 122.7 121.9
179.5 178 175.5 173.3 171.2 168.8 165.9 163.5 161.1 157.8 155.8 153.7 150.6 148.9 139 144.1 142.2 139 130.1 120.6 120.6 132.7 144.4 146 147.1 146.7 147.3 147.9 147.9 148.1 148.3 148.6 147.7 146.7 145.7 144.8 143.5 142.7 142.7 140.8 142.1 141.5 140.7 139 140 142 143 143.8 144.8 145.9 146.4 146.3 146.1 148.2 150.7 152.6 151.8 151 149.4 149.2 149.4 148.2 147 145.8 144.5 143.2 141.3 138.7 136.2 134 132.1 130.3 128.5 126.7 125 124 123.9 123.2
182 180.9 178.4 175.5 173.4 170.6 167.5 165.3 163.1 159.5 155.9 154 150.5 144.6 147.8 146.6 144.7 142.4 138.1 126.5 120.6 120.6 131.2 140.8 141.9 143.4 144.1 144.7 145.3 145.9 146.2 146.6 147 145.9 145 144 143.5 142.6 142.3 140.9 140 139.9 137.8 138.9 138.8 140.5 141.6 143 144.2 144.6 145.1 145.5 145.4 148.1 150.6 152.7 152.3 151.6 151.6 151.3 150.3 149 147.4 146 145.6 144.1 142.2 140.2 137.3 134.9 133.1 131.4 129.7 127.9 127 125.6 125 124
184.9 183.4 181.3 178.4 175.3 172.3 169.2 166.7 164.8 161.6 158.1 155.5 152.7 150.1 148.4 146.7 145 142.6 140.8 131.3 124.9 121 118.1 124.6 133.4 137.5 139.9 140.2 141.3 142.9 143.6 144 145.4 144.8 143.7 143 142.6 142.2 141.5 140.7 139.8 138.1 136.4 137.2 137.6 138.9 141 141.8 143.3 142.8 142.8 143.5 144.3 147.4 150.5 152.4 152.5 152.2 151.8 150.7 148.8 147.7 146.5 145 144.8 144 142.7 140.8 138.4 135.9 134.2 132.6 130.8 129.4 128.6 127.6 126.6 125.2
187.8 185.9 182.5 179.2 175.7 173 170.5 168.8 167.7 164.7 161.1 157.8 154.2 150.6 148.4 146.7 145.2 143.9 141.3 139.1 134.7 125.3 120.7 118.5 120.6 127.2 132.5 135.9 137.1 139.1 140.4 141.8 141.5 141.8 142.1 141.8 141.2 140.7 139.9 139.1 138.3 136.8 134.6 135.9 136.9 137.2 138.9 140.1 141.1 141.4 141.3 141.8 143.5 146.6 150 151.6 152.2 151.5 150.9 149.2 147.4 146.2 144.7 142.6 142.3 142.7 142.1 140.8 138.5 136.6 135.3 133.7 132 131 130.2 129.3 128 126.3
190 187.8 184.9 181.7 178.2 175.5 174.1 172.8 170.7 167.5 163.5 159.4 155.7 152.1 149 146.6 145.3 141.7 140.7 131.5 132.7 140.4 133 121.8 118.3 118.3 121.1 125.3 130 135.3 137.5 137.2 137.1 138.3 138.3 140.3 139.7 139 138.3 137.5 136.9 136.2 135.1 134 135.4 136.4 136.1 138.1 139.2 140.3 140.3 140.6 142.8 146.1 149.5 150.6 151.4 150.6 149.4 147.7 146.1 144.4 142.4 140.3 139.2 139.5 139.7 139.9 137.9 136 134.7 133.9 133.2 132.3 131.3 130.6 129.4 127.3
192.6 190.3 187.4 184.1 180.8 179.2 177.2 175.3 173.3 170.1 165.6 160.8 156.4 153.4 150.6 147.1 143.9 141.4 139.5 143.1 145.2 145.1 143.6 138.5 129.6 122.3 118.7 117.5 119.5 125.7 130.2 130.9 132.6 134.5 134.8 138.1 138.3 137 137 136.5 135.8 135.1 134.3 133.7 133.6 134.4 134.3 135.3 136.8 137.5 138 138.9 141.9 145.6 148 149.8 150.4 149.5 147.5 145.7 143.9 142 140 137.9 136.1 136.5 136.9 137.3 136.4 135.1 133.9 133.8 133.3 132.8 132.8 132.2 129.7 127.8
195.2 192.8 189.9 186.7 184.4 182.2 180 177.9 174.9 171.6 168.4 165 160.5 156.3 153.2 149.6 146.4 144.4 144.2 144.4 147.1 147 146.4 145 142.8 138.2 131.4 122.7 118.1 117.5 120.9 122.1 123.5 123.4 125 132.4 135.5 134.7 134.8 134.9 134.8 134.4 133.7 133 133.1 132.4 132.6 132.7 134.3 134.7 136.2 137.6 140.7 144.3 146.8 148.1 148.6 146.3 145 142.5 140.4 138.1 135.7 134.1 133.3 133.7 134.1 134.2 134 133.1 133.3 134.1 134.2 134.1 134.3 132.6 129.7 127.3
197.3 194.9 192.5 189.6 187 185.1 182.9 179.4 178 175.2 171.8 167.9 165 161.1 155.5 151.1 148.6 146.6 145.7 145.7 148.3 148.8 148.6 147.3 145.7 142.6 130.2 139.7 135.8 123.3 116 114.2 113.6 112.5 114 118.2 123.3 133.4 133.1 133.4 132.9 132.7 132.6 132.4 131.9 131 130.9 130.9 131.6 132.7 134.5 137 140 143.3 145.6 146.4 145.6 143.2 140.9 138.7 136.6 134.1 131.9 131 130.5 130.7 130.8 130.9 130.9 131.4 132.9 133.8 134.4 134.8 134.2 132.6 129.7 127
199.6 197.1 194.5 191.9 189.5 187.9 185.5 183.2 180.6 177.9 175 172.1 168.7 164.7 157.9 153 151.1 148.9 148.6 148.8 150 150.7 150.3 148.8 146.5 138 142.2 146.5 145.2 138 133 129.6 125.7 131.9 123.6 110.2 115.6 122.5 129.8 130.9 131.3 131.5 131.4 131.2 131.2 130.1 129.1 129.1 129.7 131.2 133.1 135.9 139 141.3 143.1 142.9 141.9 139.9 137.9 135.8 133.7 131.3 129.1 128.6 128.5 128.6 128.7 128.8 128.5 130.1 131.3 133.4 134.1 134.5 133.5 131.9 129.8 127.1
201.8 199 196.2 193.6 192.7 190.3 187.6 185.6 183.3 180.5 177.7 174.4 171 167.3 160.5 156.5 154.9 153.9 153.2 152.5 151.7 151.4 150.7 148.1 145 144.9 144.4 144.3 140.6 137.6 136.3 135.1 133.4 131.5 130.5 125.2 115.9 114.2 118.9 127.8 130.1 130.5 130 129.9 129.8 128.6 127.4 127.1 128.3 129.9 132.2 134.7 137.8 139.4 140.9 139.1 138.2 137.2 134.8 132.7 130.7 128.6 127.5 127 126.3 126.6 126.7 126.8 126.2 127.5 129.9 132.3 133.5 133.3 132.4 130.8 129 126.2
203.6 200.7 197.9 196 194.5 192.4 190.5 188.1 185.9 183.1 179.7 176.4 173 169.1 164.6 161 158.4 156.5 155.8 153.8 152.6 151.5 149.2 149.5 148.5 146 144.4 142.5 140.1 138.2 136.3 135.5 134 132 130.3 129.4 125.1 112.1 112.7 118.4 127.6 129.1 128.5 127.8 127.9 127.2 126.2 126.3 127 128.9 131.2 133.5 136.5 137.5 138.6 137.5 135.7 134.8 132.4 130 127.6 126.1 125.7 125.2 123.6 123.7 124.3 124.7 124.2 125.8 128.5 130.9 131.3 131.4 130.8 129.9 127.9 125.4
205.6 202.7 200.5 198.9 196.8 195.2 193 190.7 188.3 185.2 181.7 178.4 175.1 171.8 167.8 164 161.7 159.7 157.7 155.2 153.3 152.2 151.7 150.2 149.3 147.2 145.4 143.4 141.2 139.4 137.6 136 135.1 133.2 131 129.5 128.1 121.3 111.7 112.7 119.3 124.6 127.2 125.9 126.3 125.8 125.4 123.9 125.5 128.3 130.4 132.5 134.8 135.7 135.7 134.6 133.8 132.4 130.1 127.7 125.8 124.6 123.8 123.5 122.1 121.6 121.9 122.3 122.6 124.1 127 128.1 128.8 129.4 129 128.1 126.8 124.6
208.2 204.6 202.5 201.2 199.3 197.5 195.4 193.1 190.6 187.9 184.2 180.4 177.6 174.8 170.9 166.5 163.1 160.4 157.3 155.5 154.1 152.9 151.6 150.4 149.6 148.1 146.4 144.4 142.5 140.4 138.2 136 134.8 133.3 131.9 130.1 128.8 125.8 117.2 111.9 112.3 118.2 126 124 123.8 123.9 125.2 124 124.3 127.3 129.9 132.1 132.8 133.5 132.4 130.9 130.2 129.9 127.6 125.8 124.7 123.5 122.3 121.6 120.7 120.4 120.1 120.6 121.3 122 124.1 125.4 126 126.7 127.2 126.6 125.6 123.3
210.7 207.8 205.7 203.6 201.9 199.9 197.8 195.4 193 190 187 183.7 180.2 176.5 172.6 168.3 163.3 159.6 156.6 155.6 154.8 153.3 151.7 150.7 149.8 148.5 147.2 145 142.7 140.5 138.3 136 134.4 133.2 132.2 131.1 129.4 127 124.4 114 112 113 117.3 121.3 118.9 121.2 124.4 124 122.7 126.1 129.1 130.4 131 130.1 129.5 127.5 127.3 126.7 125 124.2 123.2 122.2 121.1 120 119.2 117.2 118.3 118.9 119.5 119.8 121.1 122.7 123.4 124.1 124.8 124.6 123.4 121.2
213.2 210.4 208 205.8 203.8 201.7 200.6 198.2 195.2 191.9 189.2 185.9 181.5 177.4 173.7 170.4 165 159.8 157.7 156.4 155.5 154 152.5 151 149.6 148.2 146.5 144.6 142.8 140.5 138.2 136 134.4 133.3 132.1 131 130 127.9 125.8 121 111.1 112.2 113.5 115.8 117.4 123.3 123.9 123.7 119.8 125.2 127.2 129.3 129.1 128.5 127.1 125.6 124.9 123.8 122.4 122.5 121.8 120.7 119.2 117.7 116.9 117 116.6 116.9 117.3 117.6 117.7 119.1 120.8 121.8 122.5 122.3 120.5 118.3
214.7 212.5 210.1 207.6 205.8 204.2 203.3 200.6 197.2 193.9 190.7 188 183.8 179.6 175 172.3 168.5 163.8 159.8 156 154.5 153.1 151.7 150.4 150.2 148.3 146.5 144.4 142.1 140.2 138.1 135.9 134.3 133.1 131.9 130.7 129.7 128.9 126.8 125 115.9 111.5 113.7 113.6 116.8 122.7 122.6 120 120.4 124.8 125.7 126.5 126.6 126 124.5 123.6 122.5 122.1 121.8 121.4 120.3 119 117.6 116.4 115.9 115.6 115.1 115 115.4 115.3 115.1 116.3 117.7 119 120.1 119.7 117.9 116.3
215.5 213.5 211.3 209 207.8 206.6 204.4 201.9 198.5 195.3 192.2 189.9 185.1 179.7 175.9 172.5 169.1 165.7 160.6 155.7 153.5 152 150.7 150.1 149.8 148.5 146.1 143.6 141.5 139.6 137.7 135.7 134.2 133 131.8 130.5 129.4 128.4 126.9 124 117.7 112.5 111.6 112.2 115.1 120.8 119.2 115.9 122 124.3 123.7 123.5 124 123 121.9 121.4 121.6 121.2 120.8 120.4 119.1 117.7 116.4 115.7 115.2 114.7 113.8 112.5 112.8 112.9 112.7 112.7 115 116.3 117.2 116.6 115.1 113.5
214.5 212.8 211.3 210.3 209.2 208.1 206.1 203.6 200.7 197.5 194.1 191.2 186.2 181.5 176.8 173.3 169.7 166 161.2 156.6 152.3 150.9 150.7 150.9 150.2 147.5 145.4 142.7 141 139.1 137.2 135.4 134.2 132.9 131.6 130.1 127.8 127.4 126.5 124.8 125.9 121.3 109.5 110.7 114.4 120.3 116.3 121.6 124.5 124.3 123 122 122.3 121.7 121.1 121.6 120.9 120.4 120 119.2 117.9 116.5 115.4 114.7 113.8 113.3 112.1 110 109.6 110.3 110.2 110.1 111.4 112.8 113.9 113.3 111.8 110.3
213.2 211.8 210 209.7 209.5 208.7 207.7 205.3 202.7 199.5 196.1 193.7 188.7 182.6 178.3 175.1 170.2 165.1 159.1 151.8 150.1 151.1 151.8 151.8 148.9 145.4 142.7 140.7 140.5 138.7 136.9 135.4 134 132.4 130.7 129.1 126.2 124.8 123 123.1 124.9 124.3 115 110.8 113.1 121.9 119.8 119.8 123.9 124.2 123.3 122.1 121.9 123.1 122.3 121.4 120.6 119.9 118.8 117.7 116.8 115.6 114.4 113.1 112.5 111.6 110.8 108.5 106.2 106 106.6 106.8 106.7 107.7 108.7 108.9 108.4 107.6
209.3 208.7 208.2 208.5 209.4 209.3 208 205.8 203.9 201.1 198.1 194.6 190.2 185.1 180.9 175.2 169 163.2 156.7 148.8 150.1 152.1 152.5 150.8 147.7 144.9 142.1 139.9 139.6 138.3 136.6 134.9 132.9 131.3 129.6 128 126.1 123.1 118.9 119.3 117.4 116.4 113.6 111 110.9 118.5 120.1 115.3 122.9 123.1 122.3 121.8 121.7 121 120.8 120.6 120 119.1 117.5 116.4 115.5 114.5 113.1 112.5 112 110.9 109.1 105.2 101.8 101.8 101.2 101.2 101 101.8 103.9 105.1 105.2 105.6
204.2 204.7 206.2 206.4 208.4 209 208.6 206.4 204.7 202.9 199.7 196.1 192 187.1 181.5 175.2 168.3 161.3 151.7 146.9 149.2 151.7 151.7 149.3 146.5 143.7 141.3 139.7 138.9 137.2 135.5 133.8 131.9 130.4 129.1 127.8 126.6 125.8 124.2 125.3 124.6 123.5 121.2 111.7 110.4 110.5 117.2 115.1 120.2 121.4 120.9 121.5 121.8 119.6 119.8 120 119.7 118.7 116.9 115.7 114.5 113.4 113.4 112.7 111.6 109.1 106.6 102.5 100.7 99.9 99.2 99.9 99.8 99.7 100 102 102.4 102.9
199.9 200.9 202.5 204 206.5 208.4 208.4 207.3 206.3 203.7 201.1 197.3 192.6 186.6 181.1 173.5 165.7 157.9 148.7 145.7 147.4 150.2 150.3 147.9 145.4 143 140.6 139.2 137.8 136.2 134.7 133.1 131.3 130.1 128.8 127.5 126.4 125.3 124.8 124 123.4 122.8 118.8 114 111.2 110.2 110.4 111 113.8 114.8 118.1 118.8 118.8 117.5 117.8 118.2 118.2 117.2 116.4 115.2 113.8 113.4 113 112.5 110.7 105.8 103.1 102.5 105.3 108.1 108.7 105.7 100.4 99 99.2 99.7 100.1 100.8
195.1 196.5 198 200.2 203.5 206.4 207.5 207.8 206.7 204.6 201.9 197.7 193 186.6 179.2 170.7 163 155.5 147.9 144.8 146 148.8 148.6 146.7 144.7 142.3 139.9 138.5 136.9 135.5 134 132.5 130.9 129.8 128.5 127.3 126.1 125 123.9 122.2 119.8 119.4 119.7 121 114.4 110.5 109.9 109 110.3 108.9 109.5 113.3 114.1 116.7 117.7 118.4 117.7 117.2 116 115 114.3 113.1 112.3 110.3 105.5 103 101.7 104.2 109.9 112.7 111.1 110.2 108.6 105.9 99.4 99.5 99.5 98.6
189.7 192 193.8 196.4 199.7 203.1 205.3 206.3 206 204.5 202.1 197.8 192.6 185.4 177.5 168.7 160.7 153.1 147.3 143.9 145.3 147.2 146.8 145 143.1 141.3 139.1 137.6 136.2 134.8 133.3 131.8 130.4 129.4 128.2 127 125.9 125.1 124.4 123.9 123.7 124.1 123.7 121.8 117.5 111 111.9 122 117 113.3 107.2 107.2 108.9 116.8 118 117.9 117.6 117.1 116.3 115 113.7 112.3 110.7 107.6 103.4 102.5 103.2 110.8 114.3 113.8 112.6 111.3 109.7 108.4 106.6 102.8 100.3 99.7
185 187.5 190 192.7 196.2 199.1 201.6 203.6 204.6 203.8 201.6 197.4 191.6 184.7 176.3 167.3 158.9 152.2 146.3 143.4 143.2 144.2 143.4 142.3 140.5 138.8 137.5 136.9 135.5 134.1 132.6 131.4 130.5 129.2 128 127.2 126.5 125.7 124.9 124.5 124.2 122.3 121.4 117.6 112.2 120.8 124.2 123.3 121.7 118.9 115.9 110.7 106.7 110.3 117.5 116.7 116.6 116.9 115.8 114 112.8 111.4 107.6 106.5 102.3 109.3 114 115.7 115.6 114.8 113.7 112.4 110.9 109.3 108.8 108.1 106.8 105.7
180.1 182.7 185.8 188.7 192.2 195.2 197.9 200.3 201.4 201.1 198.9 195.7 189.7 182.8 175.4 166.7 159.2 152.3 146 143.1 142.5 141.6 140.4 139.2 138.1 136.9 135.7 135.7 134.8 133.4 132.3 131.5 130.6 129.1 127.7 126.7 125.5 124.4 123.4 122.4 119.3 117.9 114.6 114.8 120.5 124.1 125 124 122.5 120.6 118.3 115.4 110.5 106.6 111.3 114.9 114.1 113.6 113.3 112 110.1 107.9 106.6 104.6 103 116.9 117.5 116.9 117.1 115.5 114.4 113.1 111.6 110.1 109.4 108.8 108.1 108.7
174.3 178.4 181.6 184.7 187.9 191.1 193.8 196.4 196.8 196.9 195.9 192.9 187.8 180.8 173.1 164.8 157.7 151.3 146 143.1 142.2 141.2 139.9 138.7 137.3 135.6 133.9 133.9 133.1 132.5 131.5 130.7 129.6 127.8 126.1 123.9 122.9 120.1 119.5 120.2 120.5 121.5 122.3 118.8 123.1 125.4 125.5 124.1 122.8 121.8 119.8 117.7 114.9 112 106.3 106.8 108.5 109.2 107.7 106.4 104.7 104.6 104.5 102.9 120 120.8 119.9 118.8 118.1 116.5 115.1 113.7 112.2 110.9 110.1 109.5 108.8 108.9
169.9 174.2 177.8 181 183.9 187 189.8 192 192.7 193 192 189 185 177.8 170.8 164 157.9 151.4 146.4 142.9 141.6 140.6 139.5 138.5 136.9 135.1 133.8 132.7 132.1 130.7 129.9 128.6 127.3 126.6 126.9 126.1 125.5 124.8 124.1 124 123.6 122.4 121.1 122.3 124.7 126.4 125.5 124.2 123 122.2 121.5 119.9 117.6 117.6 116.5 111.8 105.3 105.3 106.1 104.5 107 105.1 105.7 118.9 123 122.5 121.9 120.9 119.1 117.4 115.8 114.4 112.9 111.6 110.8 110.1 109.5 108.8
