public/OST50/NJ85.asc
ncols 200
nrows 200
xllcorner 380000
yllcorner 850000
cellsize 50
[rows 140 to 174 of 200, columns 0 to 77 of 200]
140.6 139.4 138.2 136.4 133.9 130.1 126.3 123.6 120.8 118 115.7 113.8 112.4 111.7 110 108.1 106.6 105.3 103.3 100.5 97.5 95.1 92.7 93.3 94.2 96.8 99.7 101.2 102.8 104 104.1 102.6 99.5 97.6 95.3 91.6 89.4 89.2 92.3 101.3 107.6 111.6 114.1 115.6 116.1 118.7 121.4 124 126.4 128.9 131.4 134.7 137.9 141.6 145.6 149 152.4 154.6 156.4 158.1 160 162.7 165 166.3 166 165.2 164.4 162.8 160.5 154.6 154.5 156.8 159.2 161.4 164.1 166.6 169.1 171.6
140.6 139.2 137.9 136.4 134 130.8 127.5 124.7 122.2 119.4 116.8 115 114.6 113.7 111.9 110 108.9 107.5 105.1 102.1 99.2 95.6 93.9 92.8 92.5 92.8 95.3 96.9 99.2 101.2 101.5 99.5 96.9 94.7 92.4 90.5 89.1 89.4 96 103 109 112 114 114.8 115.3 117.9 120.4 124 127.3 130.1 132.6 135.7 139.6 144.3 148.7 153.1 156.7 159.3 160.8 162.3 163.8 165.8 167.7 168.9 168.4 167.8 166.6 164.7 162.9 158.3 157.9 160.4 162.5 164.3 165.7 168 170.3 172.6
140.6 139.3 137.9 136.2 134 130.9 128.4 125.6 123 120.5 118 117.1 116.3 114.6 113.4 112 110.3 108.5 106.1 103.5 100.3 96.9 94.2 93 92.7 92.4 90.5 94.1 96.6 98.6 99.2 97.2 94.8 93.6 91.2 89.1 88.7 91.5 100.2 105.6 110.4 112.1 113.2 113 114 116.7 119.8 123.7 127.3 130.5 133.7 137.4 141.7 146.8 151.3 155.3 159 162.4 163.9 165.3 166.8 168.5 170.2 170.6 170.5 170.1 168.6 166.9 165.3 162.4 161.6 162.5 164.4 166.4 167.9 169 171.3 173.7
140.6 139.4 137.7 135.8 133.6 131.1 128.7 126.4 123.8 121.4 119.6 118.6 116.8 115 113.8 112.1 110.7 108.7 106.4 104.1 100.9 98.5 95.8 93.3 92.7 91.8 91.3 90.9 93.3 95.8 97.1 95 93.4 92.5 90.1 88.3 87 95.5 102.6 107.1 110.6 111.7 111.6 111.2 112.5 115.8 120 124.2 128.3 131.8 135 139.2 143.7 149 153.6 157.3 160.9 164.2 166.6 168.1 169.3 170.4 171.3 171.8 172 171.5 170 168.5 167.2 165.1 163.9 163.9 165.5 167.3 168.7 170.3 171.8 173.4
140.7 139.3 137.4 135.4 133.4 131.2 128.9 126.5 124.4 122.7 121.2 119.3 117.3 115.4 114.1 112.1 110.6 109.4 107.2 104.5 102 99.5 97.6 95 92.7 92.1 91.5 91.1 90.5 90.4 92.7 92.8 92.2 91.4 89.2 88.3 87 96.8 103.7 108.3 111 110.4 108.7 108.5 110.9 115.7 120.5 124.8 129 133.1 136.8 140.9 146.2 151.7 156.4 160.1 163.1 166.3 168.4 169.1 170.3 171.5 171.8 172.7 172.9 172.6 171.4 170.3 169 167.7 166.4 165.5 166.2 167.7 169 170.2 171.2 173
140.4 138.8 137.2 135.4 133.4 131.3 129.1 127.1 125.2 123.2 120.9 119.2 117.8 115.8 114.1 112.1 110.3 109.2 107.3 105.2 102.8 100.3 97.9 95.8 93.4 92.8 92.6 91.1 90.1 92.1 90.4 90 91.3 90.9 88.7 88 89.2 98.2 104.1 108.4 111 108.2 106 106 110.4 115.7 120.6 125.2 129.7 133.7 137.8 142.6 148.5 154.6 158.9 162.4 165.4 168.3 169.8 170.5 171.2 171.5 171.6 171.9 171.9 171.4 170 169 168.2 168.6 167.1 166.8 166.6 167.8 168.4 169.1 170.2 171.9
140 138.6 137 135.3 134 132.1 130.1 128 125.3 122.7 120.6 118.7 117.3 116 114.1 112 110 108.6 107.1 105 102.7 100.4 98.1 96 94.5 94.4 93.8 91.9 90 92.1 90.6 88.4 88.7 88.8 89.8 87.9 90.5 98.3 104.2 108 109 105.3 103.5 105.8 110.7 115.7 120.7 125.3 129.8 134.2 138.4 144.6 150.5 156.3 160.9 164.2 166.9 169.1 169.9 170.4 170.6 170.6 169.9 169.8 169.9 169.4 168.7 167.4 167.3 168.8 167.9 167.4 166.5 167.3 167.3 167.8 169.2 170.8
139.8 138.7 137.1 135.2 133.2 131.9 129.8 127.1 124.4 121.7 120.2 118.1 117 115.6 113.9 112.2 110.2 108.4 106.9 104.8 102.5 100.2 97.8 95.5 95.2 95.2 94 92 90.1 88.8 88.6 88.3 88.5 88.7 87.3 87.2 91 99.3 103.8 107.1 105.5 102.5 103.3 106.3 111.6 116.9 121.9 126.3 130.6 134.9 140.1 146.4 152.4 157.6 162.1 165.8 168.1 168.8 169.2 168.8 168.6 168.1 167.2 166.8 166.7 166.4 166.1 165.8 166.3 167.4 167.5 167.3 166.3 166.4 166.1 166.8 168.2 169.9
139.3 137.7 136.3 134.1 132.2 130.6 128.6 126.4 124.6 122.4 120.1 118.5 116.9 115.1 113.4 111.7 110 108.2 106.7 104.6 102.3 100.2 97.3 94.7 94.3 94.6 92.2 89.9 89.3 88.3 88.4 88.4 88.4 87.3 87.4 86 91 98.6 101.7 104.3 102.2 100 103.9 108 113.5 118.5 123.5 128 132.3 136.6 141.9 147.9 153.5 157.9 162.5 165.9 167.5 167.6 167.1 166.7 166.5 165.6 164.7 163.9 163.6 163.1 162.6 162 163 164.8 165.9 166 165.8 165.4 164.9 165.8 167.3 169
138.4 136.4 134.8 133 131.1 129.3 128.2 126.6 124.5 122.2 119.9 117.9 116.2 114.5 112.8 111.1 109.4 108.2 106.5 104.4 102.2 99.8 97 94.5 93.1 92 90.6 89.2 89.1 88.2 87.6 86.8 87.2 87.1 87.1 86.2 89.2 93.3 97.7 99.1 97.3 99.3 103.5 109.4 114.9 120 125 129.6 134 138.6 143.8 149.6 154.7 159.1 163.3 165.7 166.6 165.8 165 164.6 164.1 163.1 162.2 161.3 160.2 159.4 158.6 158 159.5 161.3 162.9 164.3 165 163.9 163.7 164.8 166.4 168.2
137.3 134.9 132.9 131.5 130 128.8 127.5 126.3 124.3 122 119.7 117.4 115.5 113.8 112.1 110.4 108.8 107.5 106.3 104.3 102.2 99.6 97.1 94.8 93.4 92.6 91.1 88.9 88.6 88.1 87 86.7 86.7 86.5 86.4 86.9 88.4 90.3 92.2 94 96.6 100.4 104.3 110.1 116 121.5 126.6 131.1 135.7 140.5 145.8 151.1 156.2 160.7 163.7 165.6 166.3 165.1 163.9 162.7 161.6 160.7 159.8 158.9 157.9 156.8 155.8 154.9 155.8 157.6 159.7 161.8 163.3 162 162.2 163.9 165.7 167.6
135.9 133.4 131.3 129.9 128.8 127.5 126.4 125.4 123.9 121.9 119.5 117.1 114.8 113.1 111.6 110.1 108.7 107.6 105.4 104.6 102.5 100.1 97.3 95 94 93.1 91.2 89.1 88.2 87.8 86.3 85.9 85.9 86 84.6 87 88.4 93.3 94.3 95.3 98.2 102 106.2 111.3 117.3 122.8 128 132 136.5 141.6 146.9 152.3 157.6 161.5 164.2 165.8 166.8 165.6 164.4 162.7 160.9 158.4 157.5 156.5 155.5 154.4 153.4 152.8 154 155.1 156.7 160.6 159.6 161.7 162.9 164.1 165.7 167.4
134.5 132 129.7 128.3 127.4 126.4 125.4 124.5 123 121.2 119.3 116.8 114.3 112.7 111.2 109.7 108.2 106.7 104.4 103.1 102.7 100.4 97.3 95.1 94.1 93.1 91.5 89.4 87.8 86.8 85.7 85.4 85.2 84.7 86.9 86.6 91.1 96.7 98.3 97.9 99.7 103.7 108.2 113.1 118.6 124 129.2 133.1 137.2 142.4 147.6 152.9 157.9 161.8 164.6 166.1 167.2 166 164.7 162.7 160.7 157.9 155.3 154.1 153 151.9 151.1 151.6 154.4 157 159.1 160.7 162.1 163.6 164.3 164.8 166.2 167.3
133.5 130.5 128.1 126.4 125.3 124.9 124.7 123.5 122 120.3 118.6 116.5 114 112.1 110.5 109 107.4 106.1 103.8 102 102.3 100.4 97.5 95.3 94.3 93.2 91.7 89.8 88 86.4 85 84.7 84.4 84.2 86.5 86.4 93.1 98.3 101.1 101.3 102.6 105.5 110.1 115 120 125.3 130.2 134.4 138.3 142.9 148.1 153.3 158.1 162.2 165.2 167.3 167.8 166.5 164.8 162.8 160.5 157.6 154.9 152.7 150.8 149.6 149.7 152.4 155.6 158.6 160.6 162.1 163.6 165.3 166.1 166.4 166.9 167.9
132.6 129.5 126.4 124.2 123 122.6 122.9 122.5 121.1 119.4 117.8 116.1 113.6 111.4 109.9 108 106.7 105.2 103 100.5 100.9 99.9 97.3 95.4 94.3 93.1 91.5 89.3 87.3 85 84.7 84.9 84.4 86.5 86.3 86.7 94.2 99.5 102.2 103.6 106 108 112.1 117 121.9 126.6 131 135.1 139.3 143.4 148.2 153 157.6 161.8 165.9 168 168 166.6 164.9 162.7 160.2 157.1 154.3 152.3 150.3 148.6 148.7 152.8 156.1 159 161.1 162.8 164.5 166.3 167.6 167.9 168.4 168.2
131.2 128 125.1 122.3 120.7 120.5 120.9 120.9 120.3 118.5 116.9 115.3 113.4 111 109.3 107.2 105.6 103.4 101.8 99.4 98.4 98.7 96.6 95.4 94.2 92.2 90.8 88.8 87.1 85.2 84.9 84.8 85 86.3 86.4 89.5 97.2 100.3 103.2 105.9 108 110 113.9 118.9 123.7 127.7 130.9 135 139.2 142.8 147.6 152.6 156.7 160.7 165.4 166.8 167.4 166.5 164.8 162.3 159.3 156.3 154 152 149.9 148 148.7 152.9 156.3 158.7 161.1 163.5 165.3 167.1 168.7 169.1 169.1 168.2
129.7 126.6 123.7 120.7 118 117.9 119.3 119.1 119 117.7 116.1 114.5 112.9 110.7 108.2 106 103.7 101.6 100 98.2 95.9 97.3 95.7 94.1 93.2 91.8 90.4 88 85.4 84.9 85 84.9 86.6 87.2 87.8 93.3 98.5 101.4 104.2 107.1 109.9 112 116.2 120.7 124.7 128.1 130.7 134.9 138.5 142 146.5 151.4 155.6 159.7 162.1 165.3 166.3 165.7 164.2 161.4 158.5 155.7 153.7 151.6 149.6 147.5 148.6 152.6 155.6 157.8 160 163 165.4 167.6 169 169.4 168.8 167.7
128.4 125.3 122.2 119.1 116.1 115.5 117.5 117.8 117.5 117 115.4 113.9 113.3 111.1 108.4 105.3 102 99.8 98.1 96.2 94.1 95.1 94.1 93 92.1 91.3 89.6 87.6 85.1 84.3 84.4 84.7 86.2 86.3 91.1 95.5 99.1 102 105 108 111 114.1 118.2 121.9 125.5 128.5 130.8 134.1 137.6 141.2 145.5 150 154.2 158.4 161.1 162.5 164.5 164.6 163.1 160.4 157.9 155 152.5 150 147.8 145.7 147.8 151.7 154.6 156.7 159 162 164.8 167.2 169.4 169.6 168.3 167
127 124 121.2 118.1 115.2 113.1 115.4 116.3 116.2 116 114.9 113.8 113.6 111.3 108.5 105.3 102 99 95.9 93.7 92.5 92.2 91.4 90.6 90.1 89.6 88.8 87.3 84.1 84 84 85.5 85.2 87.5 92.4 96.1 99.6 102.6 105.6 108.5 111.5 115.5 119.5 122.8 126.2 128.7 130.6 132.9 136.5 139.9 143.9 148.3 152.5 156.5 158.9 161.3 163.2 163.6 161.7 159.2 156.8 154.4 151.7 149.3 146.8 144.6 146.8 150.4 153.2 155.2 157.7 160.9 163.9 166.4 168.8 169.4 168.1 166.7
125.7 122.7 119.9 117.1 114.2 110.7 113.5 114.2 115.1 115.1 112.8 113.6 113.5 111.3 108.5 105.3 102.4 99.3 96.1 92.9 91.2 89.6 88.7 88.3 88.1 88 87.6 85.8 84 83.9 83.5 85 85.8 89.7 93.5 96.7 100.1 103.1 106.1 109.1 112 116.8 120.2 123.4 126.3 127.8 129.8 132 134.9 138.6 142.7 146.7 150.6 154.4 157.2 160 162.7 159.7 160.2 157.8 155.4 153 150.5 148.4 146.1 143.9 145.7 148.4 150.9 153.6 156.2 159.7 162.6 165.5 167.9 168 167.2 166.4
124.2 121.3 118.5 114.7 112 109.7 111.4 113.2 113.8 113.6 113.4 112.3 111.9 110 108.5 105.5 102.5 99.3 96.6 93.4 90.3 88.5 86.9 86.7 87.4 86.8 86.2 84.4 84.3 83.9 83.8 84.8 86 89.7 94.5 97.5 100.6 103.6 106.6 109.5 112.8 117 120.7 123.5 125.5 126.4 128.6 130.9 133.6 137.6 141.8 145.9 149.3 152.8 156 158.7 161 160.4 158.7 156.3 153.9 151.3 148.9 146.9 144.8 142.9 144.3 146.8 149.2 151.7 154.7 158.5 161.4 164.3 167.1 166.9 166.8 166.3
123 119.3 116.3 113.9 110.5 108.3 109.2 112.1 112.8 112.7 112.9 112.1 110.8 109.4 108 105.4 102.4 99.1 95.5 93.3 90.6 88.6 86.7 85.7 86 86.5 84.9 83.6 83.8 83 84.2 85.4 86.6 89.9 93.9 97.1 100.4 103.4 106.3 108.3 111.3 115.6 119.6 122.3 123.4 124.6 126.8 129.3 133.1 136.9 140.9 144.8 148.2 151.6 154.6 157.5 159.5 157.8 156.9 154.8 152.2 149.5 147.3 145 143.4 141.8 143.2 145.4 147.7 149.9 153.1 156.7 160 163.2 166.1 167 167.1 167.8
121.3 117.6 114.9 112.1 109.3 106.8 108.2 110.9 111.6 112 112.5 111.8 109.6 108.9 107.5 105.3 102.2 99.1 96.1 93 91.1 89.2 87.3 85.1 84.7 84.5 83.1 83.6 82.5 83.6 84.7 86 87.5 90.1 93.3 96.7 100.1 102.8 104.6 106.4 109.8 114.1 118 119.7 120.9 122.8 125.1 128.7 132.5 136.3 140.2 143.7 147.1 150.3 152.9 155.8 156.9 156 154.7 153 150.3 147.9 145.6 143.3 141.5 141.1 143.8 145.3 147.1 149.1 152.3 155.8 159.5 162.9 165 166.2 168.1 168.9
119.6 116.4 113.4 110.4 107.5 105 106.5 109.2 111 111.7 112.1 111.4 108.7 107.9 106.6 104.6 101.7 98.9 96.1 93 91 89.2 87 85 84.1 83.8 82.7 82.5 82.9 83.9 85.3 86.9 88.6 90.8 93 95.9 98.6 100.8 102.5 104.6 108.4 112.3 115.6 117 118.6 121.2 124.2 127.9 131.7 135.5 139.3 142.6 146 148.9 151.6 153.9 154.6 153.9 153.1 150.7 148.3 146 143.8 141.6 139.9 141.2 144.1 146.2 147.4 149.5 152.4 155.3 159.1 162.1 164.1 166.3 168.2 169.6
118.5 116 113 110.4 107.4 105 104.9 107.3 110 111.1 111.2 110 108.3 107.4 105.8 103.9 101.3 98.6 95.8 93 90.8 88.6 86.5 84.9 83.8 83.4 82.8 82.6 83.4 84.2 85.8 87.6 90.1 92.2 94.2 96.4 97.8 99.5 101.1 103.8 107.2 111.9 114.5 115.9 118.2 120.3 123.4 127.2 130.9 134.7 138.5 141.6 144.8 147.5 149.6 151.8 152.3 152 151 148.7 146.3 144.1 141.8 139.6 139.6 142.2 144.9 147.1 148 149.7 152.3 155.2 158.6 161.3 163.3 166.2 168.1 169.8
117.1 114.7 112.2 109.6 106.8 103 101.2 106 108.9 109.9 110.1 108.5 107.4 106.9 105.2 103.4 101 98.2 95.3 92.4 90.1 88.1 85.9 83.6 82.8 82.9 81.9 82.4 83.3 84.7 86.2 88.8 91.6 93.9 96.2 98.5 99.7 101.5 103.2 105 107.9 112.3 114.3 116.4 117.8 120 122.7 126.4 130.1 133.9 137.6 140.6 143.3 145.4 147.5 149.7 150.3 150.2 149 146.8 144.4 142.1 139.9 138.4 139.7 143.6 146.5 148 148.6 149.7 153.1 155.1 158.3 160.8 162.7 165.2 167.1 168.7
115.8 113.3 110.8 108.3 105.8 101 100.3 104.6 108 108.9 109.1 108.2 107 106 104.3 102.7 100.3 97.4 94.5 91.5 88.8 87.1 85.2 83.1 83.1 82.7 81.9 82.4 83.8 85.7 88.3 91.1 93.8 95.5 97.5 99.1 100.4 102.5 104.7 106.9 109.2 112 113.8 115.6 117.1 119.7 122.3 125.6 129.4 133.5 137 139.8 142.7 144.9 146.8 148.6 149.2 149.2 147.2 145 142.8 140.5 138.1 138.1 140.8 144.7 147.1 148.2 148.3 150.7 153.4 154.1 156.6 158.9 161.1 163.5 165.6 167
114.2 111.9 109.4 106.9 104.7 99.8 99.1 103 106.7 108.5 107.8 106.9 106 105 103.4 101.8 99.4 96.6 93.8 90.7 87.9 86.3 83.4 82.6 82.8 82.9 82 82.4 84.8 87.2 90.8 93.7 95.6 97 97.9 99.7 101.3 103.5 105.3 106.6 108.5 110.8 112.7 114.5 116.8 119.3 121.8 126.1 129.5 133.6 136.4 139.4 141.9 144.7 146.5 147.9 148.3 147.5 145.4 143.2 141.1 138.8 136.8 137.9 141.8 145 146.3 147.1 147.2 152.4 153.5 153 154.2 156.5 158.7 161 163.2 165.3
112.1 110.4 107.9 105.5 103.2 98.1 97.9 102.3 106 107.3 106.1 105.1 104.4 103.6 102.3 100.9 98.4 95.8 92.9 89.7 87.6 85.9 82.1 81.8 82.2 81.8 82 83.1 86.1 88.9 93.3 95.7 96.4 97.1 97.8 99.4 100.9 101.9 103.3 105 107.3 109.6 111.7 113.9 116.8 120.1 123.5 127.2 130.8 133.6 136.2 139.1 141.6 144.3 146.1 146.7 147.2 145.9 143.7 141.6 139.4 137.3 136.2 138.1 142.2 144.4 145 145.4 146.5 152.6 152.5 151.8 151.5 153.8 156.2 158.5 160.6 162.6
110.3 107.9 106.4 104.1 100.1 95.5 96.4 100.8 104.7 105.1 104 103.7 102.9 102.1 101.1 99.6 97.6 94.6 91.6 88.8 87.1 85.1 81.7 81.2 81.6 81.7 82 84.2 87.1 91.1 94.7 95.9 96.7 96.9 97.7 98.6 99 100.5 101.5 103.9 106.5 109.2 111.7 113.9 117.1 120.6 124.7 128.7 132.2 135.4 137.6 139.5 142.1 144.2 145.6 145.7 145.9 144.4 142.4 140.3 138.2 136.2 135.3 138.4 141.8 143.2 143 143.4 144.6 149.7 150.8 150.1 150.1 150.5 152.9 155.5 157.5 159.3
107.3 105.5 104.7 102.4 99.5 94.4 92.9 99.4 102.3 102.9 102.4 102.3 101.7 100.9 99.9 98.3 96.6 93 90 87.6 85.4 83.5 81.4 80.8 82.2 81.6 81.9 85.1 87.7 92.7 94.7 95.9 96.4 96.4 95.8 95.6 95.9 99.4 101.3 104.1 106.7 109.3 111.9 114.3 117.6 121.3 125.2 129.4 133.3 136.5 139.1 141.1 142.6 143.8 144.6 145 145.3 142.6 140.4 138.9 137 135.2 134.6 138.4 140.9 142.5 142 141.5 142.9 146.4 148.6 148 148.1 147.8 149.8 152.2 154.1 155.8
106.2 103.9 102 100.1 96.9 92.5 90 97.5 100.6 101 100.9 100.8 100.2 99.5 98 96.8 94.3 91 88.5 86.3 83.7 81.6 80.7 81.1 80.8 81.5 82.2 85.6 87.6 92.2 93.7 94.1 93.4 93.2 92.9 94.7 97.6 99.9 101.8 104.3 106.9 109.4 112 115.1 118.7 122.9 126.9 130.8 134.8 137.6 140.3 142.5 143.9 145 144.9 144.4 144.6 140.8 138.5 136.4 135.3 134.4 133.8 137.4 140.2 141.2 141.2 141 141.4 142.6 144.9 145.3 144.8 145.4 147.6 149.8 150.7 152.2
104 100.3 98.6 97.3 95.3 90.7 87.7 96.2 99.2 99.6 99.4 99.2 98.8 98.1 96.4 94.4 91.8 88.7 86 84.1 82 81.1 81.2 80.5 81.1 81.3 82.7 84.9 86.7 89.1 90.4 90.7 90.3 90.6 93.1 95.5 98.1 100.1 102.2 104.5 107.1 109.7 113 116.7 120.5 125.3 129.4 133.2 136.9 139.4 141.7 143.9 145.2 146.4 145.7 144.6 142.2 139.8 137.7 135.5 134.1 133.5 133.1 136.1 138.9 139.6 140.3 140.5 139.7 139.4 140.3 141.5 141.7 143.1 145 147.4 148.9 150.5
102.6 98.7 95.2 94 92.5 88 88.1 94.2 97.8 98.1 97.5 96.5 96.5 96.2 94.6 92.1 89.4 86.4 83.5 81.6 80.6 80.9 81.5 82 81 80.9 83.3 84.3 85.3 86.6 87.2 88.6 90.4 92.4 93.8 96.3 98.3 100.3 102.5 104.7 107.5 110.7 114.6 118.2 122.3 127.2 131.8 135.5 139.2 141.6 143.8 145.4 146 146.9 146.4 145 143.4 141 138.6 136.6 135.4 134.7 133.1 134.4 137.1 137.9 138.4 139.1 138.8 137.1 137.1 138.2 139.4 141.3 144.6 145.9 147.3 149.7
102.1 98.4 94.6 90.5 89.2 86.1 88.1 93.2 96.1 96.2 94.7 93.7 93.7 93.1 92.6 90.1 86.9 84 81.1 80.4 80.1 80.3 80.8 79.6 81.4 81.8 82.1 82.7 84 85.3 87.9 89.8 91.7 94.1 95.2 96.8 98.5 100.5 102.6 104.9 108.4 112.3 116.1 120 124.8 129.5 134.2 138.1 141.5 143.7 145.9 147.4 148 148.4 147.5 146.2 144.5 142.1 139.7 138.2 136.9 135.9 133.4 132.4 135.1 136.1 136.4 136.7 136.6 135.6 135.3 137.7 140.5 142.6 144.5 145.3 146.2 149.2
