public/OST50/NJ86.asc
ncols 200
nrows 200
xllcorner 380000
yllcorner 860000
cellsize 50
[rows 111 to 147 of 200, columns 82 to 163 of 200]
93.8 111.1 126.5 134.6 142.8 137.8 135.8 133.5 130 125.4 119.9 111.4 99.1 88.9 70.8 76.2 86.1 111.2 119.2 126.8 125.8 126.7 124.2 122.8 119.8 118.5 115.4 125.3 137.8 138 142.5 147.8 154.9 157.6 161.8 162 159.7 158.4 157.3 155 153.2 148.3 144.1 139 132 127.6 126 123.5 122.1 124.6 130.2 125.7 129.2 130.2 129.2 126.8 125.5 124.5 122.2 120.5 116.5 113.3 110.7 107.7 103.8 103.8 102.6 99.1 99.2 95.2 92.5 89.3 89.8 86.7 83.3 82.2 72.7 66.4 60.7 52.4 52.2 48.4
92.7 109.1 126 134.4 139.8 139.5 138.4 136.2 133.6 131.3 127.1 118.5 107.7 95.5 88.4 79.6 92.6 93.9 118.9 129.7 128.3 130.2 130.9 128.8 125.8 130.1 124.7 122.1 132.7 137.9 142.1 147.4 156.4 160.9 161.5 159.1 156.8 157.6 157.4 155.5 156.3 154.2 149.6 143.6 137.3 134.7 130.9 122.7 122.5 132.2 134.6 133.1 126.7 125.7 128.7 127.8 125.9 126 125.1 124.1 121.4 117.2 113.8 110.9 108.4 107 104.1 101 98.5 97.1 96.4 91.1 88.3 85 80.9 79 74.5 69.7 62.7 58.6 55.4 49.3
91.6 109 126.3 136.1 138.8 139.9 143.2 140.8 139.2 137 132.3 124 113.7 102.6 88.2 89 92 96.7 100.5 125.8 131.2 134.2 135.3 133.6 133.9 133.4 126.4 128.1 134.8 139.7 143.7 149.9 156.7 159.4 160.9 159.9 159.8 159.1 160.2 158.4 156.9 155.2 150.8 145.1 140.2 141.6 136.6 123.3 125.9 134.4 135.9 133.7 129.3 125.8 125.9 125.6 127.1 128.2 127.4 124.7 123 119.9 117.2 113.8 111.6 110.6 107.6 103.4 98.4 97.4 96.4 93.7 90.1 85.4 81.8 76.5 73.2 68.6 67.8 63 59.1 52.6
92.3 109.8 126.1 136.6 140 143.1 148.2 147.2 143.5 140.9 135.2 128.3 119 105.5 101.3 95.6 91.2 97.2 101.5 118.3 135.1 138.3 138.6 137.3 137.4 136 129.3 133.9 137.3 141.7 146.4 152.4 157.1 161.4 162.8 162 157.5 156 159.1 156.8 153.1 151.3 149.7 145.3 147.1 144.1 137.5 124.4 127.8 136.8 138.4 135.8 130.3 128.9 124.6 122.2 127.1 131 129.5 127.3 123.4 121.2 119.2 116.1 114.3 113.6 110.4 106.8 102.1 97.7 96.7 95 90 85.1 81.6 77.3 72.2 71.7 70.6 65.6 61.7 50
92.6 108.1 118.6 130.2 141.5 145.4 147.7 148.9 146.4 142.2 137.4 131.4 123 113.7 107.8 102.1 100.7 100.6 107.2 105.1 133 140.7 141.1 140.7 139.8 138 137.2 138.2 142.1 145 151 155.8 161.1 163.5 163.5 163.3 161.2 155.8 155.1 155.4 150.5 149.5 148.4 145.4 146.1 142.3 134.3 125.9 135.2 139.9 140.4 139.9 132.3 129 123.8 119.7 122.8 129.8 129.1 127.1 125.7 123 120.6 118.5 116.3 115.6 112.5 108.2 103.4 99.3 96.8 94.4 89.4 84.9 81.7 78.8 75.2 74.6 69.8 64.4 61.6 50.2
85 94.8 111.7 126.3 140.8 148.3 150 153.2 151.1 147.6 140.4 134.2 125.8 120.9 114.6 114.6 115.4 108.7 109.6 112.7 107.7 136.5 144.4 144.1 142.4 140.7 140.8 140.3 145.6 150.7 156.1 158.2 163 164.7 165.5 165 162 159.2 156.8 154.6 151.7 151.7 152 148.8 148.1 131 124.8 127.1 143.6 142.9 141.2 140.4 134 131.6 125.7 124.3 118.7 123.9 126.8 125.9 125.2 124.1 121.4 117.9 117.3 115.4 112.4 107.7 105.2 100 97.6 96.3 89.9 85.3 82.7 82.1 79 75.9 72 64.7 58.8 46.4
82.5 93.4 106.3 123.7 139.8 148.6 152.6 151.6 151.8 149.1 143.5 138.1 134 128.8 128.6 125.9 122.6 123.4 113.8 118.9 120.7 114.8 145.4 145.7 144.4 143 144.3 144.1 148.6 153.8 157.4 161.4 163.9 166.8 165.4 163.9 162.3 160.9 159.8 157.5 156 155.9 153.8 152.5 144.1 123.4 128 140.2 145.9 143.4 142.4 138.5 135.4 131 129.4 125.1 123.5 117.6 121.1 125.6 123.7 123.1 121 118 116.3 114 110.6 106.6 105.3 102 97.6 96.1 93.2 89.9 87.3 83.6 82.9 77.2 68.1 60.4 52.4 39.9
82.7 89.3 104.4 122.9 136.1 147.7 153.2 152.7 149.6 146.9 144.9 144.8 143.1 138.4 133.9 127.2 126.1 126.5 124.2 123.8 116.3 128.3 140.9 141.5 143.3 146.6 148.7 149.5 150.9 152.5 156.6 156.8 162.5 165.1 166.5 168 167 163.3 161.2 160.7 158.2 156.7 153.5 148.6 138 125 131.4 145.1 145 142.2 139.9 137.4 133.4 131.1 130.3 127.4 124 122 113.2 118.9 122.1 121.8 119.9 117.4 112.9 110.7 107.8 104.7 103.8 103.5 98.6 95.6 96.3 94.9 89.1 84.2 83.9 77.9 70.6 56.4 48.6 39.5
81 92 105.5 121.9 136.6 146.6 149.3 148.5 152.4 153.2 150.2 150.4 151 148.9 141.7 136.9 134.3 129.6 130.5 126.5 109.6 125.5 132.1 139.7 145.6 149.2 151.1 152.1 156.6 160.9 160.8 155.4 154.7 160.6 165.4 165.3 164.2 161.7 159.6 159 156 154.8 145.1 134.5 129.7 122.3 127.7 146.2 144.5 140.9 139.4 134.9 132.4 132.3 127.1 126.2 123 122.1 117.3 109.9 113.8 117.8 117.4 114.7 108.8 106.5 103.1 103.5 103.5 102.3 100.8 97.7 95.2 94.7 89.7 85.4 82.2 74.3 66.9 54 45.8 37.9
87.2 95 106.9 122.3 138.2 148.7 153.1 156.4 157 156 153.9 151.1 149 149.8 150 151.7 141.9 132.3 129.8 112.2 126.9 125.6 132.4 143.3 148.9 152.6 154.1 157.5 162 161.2 157.1 161.2 161.6 154.5 160.6 164.5 168.7 165.3 161.7 158.7 159.5 158.1 154.2 149 140.5 121.2 126.1 142 140.5 137.1 136.7 134.6 131.2 127.8 122.9 122.2 120.2 118.7 115.9 108.1 106.5 112.3 113.5 109.4 103.8 101.3 96.5 97.9 101.9 101.5 102.3 100.3 97.2 92.5 89.4 83.6 77.6 70.1 64.4 58.1 47.6 29.6
98.2 98.7 108.4 124 141.1 151.3 157.2 160 160 159 157.3 155.6 151.2 147.2 144.7 143.7 139.8 135.4 129.9 113.7 124.4 128.6 136.1 146.2 151.2 155.8 158.7 160.2 159.9 157.9 163.7 167.4 168.1 163.5 156.4 153.4 153.6 167 164.3 161.7 159 157.6 156.3 151.1 145.9 124.4 121.5 132 132.2 129.2 130.7 131.1 125.6 122 119.9 117.3 116.8 112.4 109.3 107.4 104 102.1 104.7 101.2 98 94.7 90.3 89.8 96.1 99.6 103.1 101.9 96.3 91.8 85.8 78.9 74.1 65.2 57.7 43.7 26.5 25.4
108.9 103.8 110.2 123.6 141.8 155.5 159.9 164.2 163.1 162 159.3 157.8 155.8 148.9 143.1 135.7 131 126 123.2 115.1 121.7 129.9 138.7 148.5 154.6 157.5 160.8 162 158 162.9 168.8 170.9 168.9 167.3 169.7 172.1 157.7 152.1 162.9 159.1 157.2 151.5 155.1 152 146.6 129.4 115.7 115.2 116.3 121.3 122 124.5 120.1 117.5 115.9 112.3 110 106.4 103.4 102.1 100.1 96.1 97 93.9 90.8 87.8 83.9 82.4 87.4 95.4 100.3 99.5 94.4 90.1 84.9 77.9 66.5 53 38 28 25.7 38.9
111.3 106.3 112.8 126.8 143.3 157.8 162.3 164.1 165.3 164.1 160.8 157 157.5 155.3 148 140.3 132.7 125.7 119.6 116.9 122.9 132.2 140.9 147 152.9 156.4 157.3 158 161.4 169 172.4 173 169.7 172.3 171.4 168.4 167.8 148.7 143.4 143.8 151.3 149.8 149.4 149.5 144.6 138.1 123.8 109.1 111 112.3 115.1 117.4 115.1 114.2 111.9 109.8 107.6 104.3 101.4 98.9 94.4 91.5 90.6 89.9 84.8 81.4 78.6 77.3 80.8 88.9 98.1 97.4 92.7 87.1 80.9 72.7 61.5 52.2 29.1 36.5 42.6 46.5
98 103.4 113.1 129.5 146.6 159.4 163.6 165.3 165.9 165 161.3 161.6 159.9 156.8 152.3 145.8 137.9 130.4 120 119.9 124.6 130.1 141.9 152 154.9 158.4 162.1 165 166.6 172.9 173.1 173.2 178.7 177.6 173.7 169.8 168.5 164.7 153.2 135.9 134 146.2 139.9 142 141.1 134.8 120 109.9 107.8 106.9 107.8 112.2 111.5 112.2 113.1 114 111.9 107.6 104.3 101.8 98.4 95.7 93 85.3 82.5 76.7 73.1 72.7 73.9 82.5 92.3 94.6 90.7 81.2 77.4 65.5 54.8 37 30.5 43.5 47.4 51.5
91 100.6 112.7 130.9 149.7 163.3 167.8 169.9 169.4 166.4 164.9 162.5 160.8 158.8 154.7 148.3 140.7 131.5 126.9 121.8 127.5 130.8 140.3 154.5 159.9 160.6 163.3 167.4 172 172.8 174.6 177.9 177.6 177.2 175.5 175.4 173.6 168.5 160.1 148.7 131.4 128.3 129.9 128.7 122.9 116.4 112.5 109.9 108 110.9 105 105.5 107.8 108.4 111.8 114.6 113.7 110 105.9 103.3 101.4 99.1 98.9 91.1 85.2 80.1 74.2 67.9 67.9 74.5 82.6 88.9 86.7 75.9 66.6 50.4 37.3 38.7 40.1 50.6 55.1 59.8
86.2 99.1 115.9 132.9 150.7 165 171.9 172.5 172.3 170.8 167.6 165.2 162.8 159.7 155.3 149.3 142.3 134.4 129 121.1 133.6 137.4 140.6 146.9 153.2 159.2 163.7 168.3 172.8 175.1 177.9 179.4 178 176.9 174.4 168.6 167.8 165.5 162.5 156.9 143.5 129.6 126.4 130.2 120.1 122.7 125.6 117.2 106.2 104.1 107.2 104 98 103.8 105.5 108.7 111.4 111.3 108.7 106.3 104.3 101.4 99.7 92.8 86 79.7 75.7 71.4 61.7 66.3 69.7 76.6 77.8 67.5 49.1 36.3 42.8 48 53.6 60.3 66.5 72.5
89.5 108.7 120.9 134.3 154.8 168.2 173.4 174 174.7 173.9 170.4 168.6 165.3 161 156.1 150.5 143 136.5 129.6 124.3 127.1 138.8 145.4 151.3 154.3 159.8 165 169.9 172.8 176.9 178.7 178.5 177.5 174.6 175.1 171.9 166.7 163.8 156.4 139 138.7 141.1 148.5 148.4 143.6 140.9 137.5 131.5 124.8 117.8 109.7 101.7 103.2 95.7 96.5 100.8 102 107.8 106.8 105.2 102.3 99.7 96.5 86.6 79.7 75.3 72.2 68.9 65.8 66 53.1 59.4 60 53.7 39.3 38 51.2 54.3 61 70.5 78.7 85.7
91.8 112 126.5 139.2 161.5 171.8 176.3 178.5 177.6 176.9 175 172 167.7 163.2 157.6 151.6 145.4 139.3 133.6 128.5 125.1 132.5 136.8 143.2 151.3 159.3 165.7 170.7 172.9 177.1 178 180.3 180.6 177.6 170.8 163.1 157.9 148.2 156 158.1 160.8 156.8 154.8 151.1 148.8 145 141.2 137.2 133.4 125.9 120.2 115.4 104.8 103.9 99.7 87.6 96.5 99.7 101 101.7 98.9 94.3 86.8 78 71.8 69.4 67.3 66.5 67 68 65.4 60.7 48.9 38.4 37.9 52.1 54.7 61.5 70 75.4 83.7 91.8
91.7 105.7 119.6 137.2 158.4 173.7 179.8 180.4 182.8 179.9 177.6 173.9 169.7 165.4 160.1 154.2 148.5 142.6 136.4 130.6 127.7 131.2 136.1 144.4 152.2 160.1 166.3 171.5 174.3 174.7 179.3 181 173.7 170.5 164.8 165.3 169.6 169.5 167.9 167 164.3 160.9 158.3 155.2 152.9 149 143.7 140.5 136.9 133.7 128.8 118 117.3 109.4 105.5 101.7 90.7 86.4 97.3 98 93.5 85.4 76.9 71 66.2 62.6 60 58.8 54.3 54.9 54.8 45.6 43 49 44.5 54.3 57.6 68.9 77.2 86.6 90.5 92.2
100.3 106.7 128.4 144.6 163.9 175.9 181.3 184.2 184 181.2 178.9 175.2 171.5 168.9 163.6 157.3 151.8 146.2 139.2 131.2 131.3 136.1 141.5 146.8 154.2 161.5 167.2 172.1 174.3 176.4 178.3 174.3 171.9 180.7 179 177.5 174.3 171.1 170 170.2 168.9 165.5 162.2 158.8 154 149.9 145.1 142.2 132.3 126.7 128.5 128.1 119.6 111 104.3 100.2 94.1 78.7 81.9 87.3 81.4 75.8 71.6 66.8 62.9 58.3 54.9 52.1 47.9 47.3 53 53.3 55.7 56 52.3 49.8 63 76.2 82.3 88.4 92 94.5
123.8 111.6 122.6 142.8 163.4 178.2 184.5 186.7 184.2 180.7 179.2 178.3 175.6 171.8 167 160.6 154.8 149 139.3 132.4 135.3 140.5 146 150.7 156.8 163.8 168.8 173.3 175.7 177.2 177 175.8 177.1 182.1 182.2 180.3 177 173.5 171.7 171.3 170.2 166.6 163.3 159.4 156 152.4 148.2 143.7 140.4 137.5 131.9 124 116.4 108.7 102.3 98.5 94.7 88.7 80.6 69.9 71.3 70.2 66.7 60.3 56.3 54.3 52.6 50.4 59.5 61.8 63.6 62.1 61.6 61 53.5 47.2 64 81.1 87.1 90.9 96.5 98.8
143.2 138.3 126.9 150.1 169.3 181 186.6 187.2 186.7 185.9 185.1 183.1 178.9 174.9 169.7 164.1 157.5 149.9 139.2 137.7 139.1 145.3 150.5 155 160.6 166.6 171 174.8 177.6 180.8 177.4 178.4 179.3 183.7 184.5 182.9 179.8 177 175.8 175.8 173.4 169.6 165.2 161.7 157.2 153.6 148.8 143.9 139.6 134.4 127.6 120.6 112.9 106.2 101.2 97.5 90.6 80.7 77.5 74.2 72.1 67.4 63.4 60.3 57 54.2 59.4 63.1 65.9 67.1 69.4 67.7 65.2 63.2 56.9 45.3 60.8 77.6 88.6 93.3 98.8 100.5
154.9 157.4 143.4 156.8 173.9 184.6 187.5 191.4 190.6 190.3 187.9 184.8 181.6 177.5 171.9 165.5 158.5 146.5 144 146.5 141.5 148.8 153.5 158.6 164.5 169.4 173.7 177.7 180 181.8 183.7 183.5 184.6 187.4 187.7 186.4 182.5 179.5 178.4 177.9 175.7 172.1 167.8 164.1 159.4 156 150.8 145 139.4 132.8 125.9 118.5 110.9 106.4 102.1 99.2 82.7 78.7 71.7 70.1 76.5 74.2 70.3 60.6 64.5 64 63.6 68 74.9 77.2 75.4 71.6 65.5 64.3 63 51.7 63.4 69.3 82 92.9 99.3 99.4
160.5 169 168.9 163.2 174.6 186.6 191.5 193.7 193.4 192.9 190.8 187.2 183.6 179.3 173.1 166.6 157.8 145.7 152.7 153.2 145.7 151.9 158.3 162.6 167.3 172.7 177.1 179.7 183.4 188 188 187.6 188.4 189.6 189.4 188.1 184.3 181.5 180.2 179.6 178 173.7 169.1 165.5 161.4 157.6 152.1 145.6 139.9 131.8 123.8 116.4 111 104.3 98.2 85.2 79.7 84.2 82.2 81.4 78.6 73.7 69.5 68.6 67.7 70.2 71.1 79.9 81.1 83.9 79.9 73.2 67 64.4 64.6 60 55.1 68.8 74.3 90.5 97.6 97.9
163.8 173.7 178.8 179.5 183.3 188.8 193.7 196.8 195.6 195 192.1 189.2 185.9 180.1 173.9 166.9 155.1 154.3 159.9 158.2 154.8 154.5 161.9 166.8 171 176.5 180.2 183.3 187.6 190.3 191.7 191.8 192.3 192.9 192.4 190.4 185.7 183.5 181.6 180.6 178.5 174 169.2 166.6 162.7 158.1 152.8 146.1 140.2 133.7 124.4 114.1 108 100.8 88.8 84.3 90 88.7 86.7 86.3 81.8 71.3 71.1 70.9 74.6 78 79.9 85.2 89.4 89.7 84.9 75.4 69.7 69.4 68.1 58.5 63 68.5 70.1 84.6 92.9 95
164.1 176.7 182.6 185.4 188.5 192.1 195.3 197.9 196.9 196.2 193.7 191.5 188 182.2 174.3 165.7 155.1 161.6 165.3 164.4 160.9 160.3 166.3 171 174.8 179.4 183.7 187.4 191.2 193.9 196.1 196 194.7 194.9 194.3 192.5 187.7 184.9 182.7 182 180.5 175.6 170.2 167 162 157 151.1 144.5 133.4 123 123.6 113.2 102.2 92.1 90 95.6 94.7 92.4 88 87.1 80.5 72.5 75.1 74.5 77.9 81.5 84.4 87.8 92.5 86.3 82 75.9 71.8 70.9 63.1 69.1 64.9 66.1 67.9 73.6 85.7 92
172.9 180.5 184.8 188.4 191.3 193.8 197.1 199.9 199 197.1 194.9 191.9 189.3 184.1 177.7 168.5 160 170.2 171.2 170.2 169 168.8 172.8 175.4 179.1 182.8 187 191.8 198.3 205.2 202.6 199.5 196.9 196.1 194.6 193.1 190.7 186.4 183.9 182.7 180.4 176.2 172.3 166.1 159.7 154.3 148.3 140.9 134.7 127.5 118.6 101.5 94.8 93.7 101.2 99.8 99.9 101.1 96.2 87.1 81.1 76.9 80.3 82.9 83.3 84.2 84.5 86.8 86.9 84.2 80.5 76.9 75 75.3 61.1 71.8 70.8 69.4 71.5 67.7 77.5 86.4
179 183 185.5 188.6 191.5 194.6 198.1 201.2 200.3 198.4 197.5 194.5 191.2 186.4 180.7 170.6 165.5 175.6 177.1 176.4 176.1 177.1 178.4 180.3 182.7 187.3 193.5 199.4 204.1 207.2 202.8 199.2 196.7 196.1 193.6 191.4 189.9 185.5 183.8 180.5 178.4 175.8 171 163.8 156.4 150 143.6 136.3 130.3 122 108.8 93.5 101.7 107.3 105.6 105 107.5 105.7 96 89 77.1 79.8 84.7 87.4 88.1 87.4 86 87 84.5 81.6 77.4 78.1 77.2 62.1 67.7 76.1 78.6 78 76.3 75.8 76.5 76.8
179.7 181.7 184.2 188.6 192 195.7 198.8 201.2 200.1 200.4 198.7 195.5 192.4 188.3 182.6 172.1 172.5 179.1 181.4 181.7 181.8 182.6 183.5 185.7 189.3 194.1 201.3 207.5 211.5 211.4 201.5 200.1 197 195.6 192.7 189.8 187.9 185.9 183.8 180.2 175.6 171.7 164.1 161.6 153.8 148.1 142.9 134.7 122.1 111.8 107.4 108.5 111.7 111.9 111.4 108.8 108.2 107.2 100.1 90.6 83.3 83.3 88.5 90.5 93.3 93.5 90.9 88 86.4 81.9 76.2 75.8 68.9 72 76.8 80.1 84.8 82.5 80.1 79.9 79.8 79.3
157.7 166.8 178.4 186.7 190.9 195.3 198.3 200.2 201.9 201.4 200.6 196.8 193.7 189.3 183.7 176.5 176.7 183 185.5 186.1 186.6 187.5 189.9 193.3 197.1 199.6 206 213.4 216.6 214.2 199.3 197.9 195.7 194.6 191.3 188.4 186.6 183.5 179.5 176.1 172.3 169.2 164.6 156.5 141.5 134 124.4 117.3 106.8 109.5 115.5 118.2 118.9 118.1 113.7 111 108.8 102.1 102 84.7 90.4 88.4 92.3 94.3 96.1 95.7 95 91.6 86.8 82.6 79 73.8 73.8 75.3 78.3 83.2 84.5 84 84.8 85.9 87.2 88.6
159.9 170 178.8 185.9 191.2 194.9 198.2 200.8 201.8 202.8 201.8 198.5 195 191.3 187.7 180.2 181.1 186.6 189.4 190.3 191 194.6 195 200.5 204.2 208.2 210.7 217.7 219.1 209.2 191.3 185.9 185.3 184.6 187.8 183.1 182.7 180 176.8 173 170.2 161.4 150.7 139.6 129.7 122.9 122.2 118.8 119.3 121.5 125.9 127.3 127.5 124.6 117.6 112.4 108.9 102.1 92.8 91.7 90.6 91 94.6 99 99.4 96.7 94.5 91.8 87.1 82.6 82.2 72.8 77.5 78.9 83.6 88.5 89.6 90.8 93.7 93.1 92.3 93.6
171.1 177.2 182.2 186.8 191.1 195 198.3 200.8 201.8 202.8 202.6 200.7 195.4 194.2 190.3 183.3 185.3 190.4 193.3 193.8 198 201.7 203 205.5 211.4 214.7 218.4 219.7 209.5 191.9 187.8 187.7 186.6 184.7 184.5 180.5 180.5 167 160.2 155.4 155.8 145.8 134.8 127.6 125.3 129.5 129.2 130.9 132.9 133.6 133 132.7 131.6 126.9 121.1 113.7 113.2 104.1 101.1 93.2 93.8 95.2 98.4 100.7 101.1 99.8 96 91.6 85.6 83.8 76.5 78.5 81 82.5 88.2 92.3 95.5 96.5 97.6 97.4 96.5 96.9
167.7 177.1 182.4 186.9 191.1 195.3 198.1 200.7 201.9 202.9 202.6 200.6 199.1 196.8 193 187.3 188.9 193.7 195.7 196.8 204.1 207.6 210.4 211.2 215.4 218.7 217.8 206.2 191.2 189.5 189.5 188.7 187.8 187.7 187.6 181.6 175.6 167.4 164.2 155.9 149.2 143.6 129.7 138.8 142.5 143.5 145.1 143.3 141.7 138.7 137.5 134.5 130.7 126.2 121 115.2 109.1 104.9 103 96.1 98.4 98.8 98.2 99.4 102.6 101.6 97.9 92.7 86.6 83.4 79.3 81.4 84.7 88.8 94.8 96.6 100.2 100.2 100.2 99.6 98.8 99.3
165.2 178.9 184.6 188 191.4 194.7 197.3 199.5 201.4 201.9 202.2 203 200.9 199 195.3 190.7 192.2 196.3 198.8 203.1 205.3 208.5 214 212.2 214 214.5 199.2 192.6 195.5 195.7 198.1 195.9 193.5 191.3 183.7 176.8 170.9 162.4 156.7 150 141.6 140.5 148.8 155.3 155 152.8 149.1 145.1 143 136.3 139.3 135.5 131.1 127.1 122 116.8 111.7 106.3 103 102.8 108.1 105.7 105.2 106.8 106.3 103.6 99.8 92.7 88.2 81.4 86.3 86.3 89.7 95.1 99.2 101.8 102.8 102.4 101.4 100.5 100.2 100.8
159.1 164 179 186.3 191.1 194.5 197.1 198.5 201.6 203.7 204.6 204.4 202.4 199.4 196.7 194.2 196.2 198.6 200.6 202.5 203.8 203.8 200.7 198.3 197.5 197 203.9 211.5 208.9 206.3 203.9 200.7 196 189.8 180.7 172.4 166 157.7 149.7 144.1 148.7 162.5 162.5 160 157.3 154.6 151.8 147.7 143.9 143.8 141 136.8 131.7 126.1 121.8 117.9 112.9 107.2 105.9 104.5 109.4 109.7 109.5 110.6 109.4 108 100.5 93.4 89.1 82.1 88.1 88.3 93.1 97.7 100.7 102.1 103.3 102.3 101.6 100.7 99.9 99.1
175.7 175.5 177 182.2 190.3 193.9 196.2 198.7 202 204.7 205.8 204.6 203.4 202.4 199 197 199.3 200.6 203.3 203.4 200.3 199.5 199.7 204.8 207.4 210.4 215 210.6 208.5 206.2 203.4 200.3 195.1 187.4 178.1 169.1 161.6 153.1 150.5 159.2 166.3 167 164.4 162.2 159.4 156.4 153.4 150.4 147.9 146 143.2 138.4 132.7 126.8 121.7 117.5 113.2 108 104.8 104.6 109.1 109.8 110.5 114.2 112.3 111.9 108.3 102.9 90.7 88.5 90.2 91.9 96.2 97.6 100.6 104.1 105.1 103.2 102.4 102.3 101 98.4
181.2 182.6 184.5 187.6 190.6 193.6 196.1 198.9 201.3 204.6 205.1 206.9 205.8 203.9 200.1 199.5 200.2 203.4 200.1 199.8 200.4 203 213.4 217 218.9 218.3 216.2 212.1 209.1 206.8 204.1 200.2 192.3 187 177 167.7 168.4 164.8 154.4 170.3 168.9 168.8 166.6 164.1 161.4 158.7 155.7 153.5 151.2 148.6 145.3 140.2 134 127.6 122.3 117.9 114.1 109.5 104.9 105.5 105.3 113.9 111.8 111.8 116 112.9 111.2 108.5 87 95 95.3 94.2 97 101.2 103.7 106.2 105.6 104.8 103.6 105.8 103.9 100
