public/OST50/NJ86.asc
ncols 200
nrows 200
xllcorner 380000
yllcorner 860000
cellsize 50
[rows 148 to 184 of 200, columns 0 to 81 of 200]
140.2 147.3 152.7 155.8 157 159.2 161.6 163.8 167.1 170 173.6 177.6 181.4 184.5 187.8 192.3 197.1 200.9 203.7 206.7 208.6 207.2 206.1 204.9 203.8 204.7 203.2 201.9 200.3 199.1 195.2 191.7 192.3 190.9 188 183.5 177.3 168.9 156.1 158.5 161.7 168.9 170.8 175.1 174.2 161.4 170.7 174.6 173.6 173.4 172.1 169.1 156.6 165.7 163.2 157.4 143 129 122.5 125.3 128.8 134.8 134.3 126.4 116.3 98.9 75.4 65.8 64.9 84.7 101 113.6 123.5 132 143.8 152.5 159.3 165.3 164.3 164.8 167.4 172.1
149.9 145.3 146.6 152.4 155.1 156.7 158.5 162 165.2 168.4 172.2 176.2 180 184.2 187.5 191.7 196.4 200.1 203.2 206.6 207.9 208.3 207.2 206 204.8 204.3 202.7 202 200.9 199.5 196.6 194.9 194.7 192.4 188.4 185.9 180.4 166 169.6 176.2 180 179.9 178 178.8 177.3 169.5 177 178 176.1 176.5 175.5 168.7 171.4 171 170.4 156.9 136.6 138.7 148 146.3 149.7 149.7 145 133 120.9 93.8 71.2 66.5 69.2 79 93.2 101.2 109.1 117.1 127.5 127.8 132.4 138.3 142 145.7 153.2 162
151.4 152.7 152.2 152.7 151.6 154.2 157.6 160.6 163.3 166.5 171 175 178.6 182.4 186.5 191.6 195.9 199.4 203.2 206.7 207.9 209.8 209 207.9 207.4 206.6 204.5 203.1 202.2 200.8 199.5 197.7 194.6 192.8 191.1 185.8 180.1 176 182.7 185.5 185.9 184.1 183.3 182 177.4 178.4 178 180.2 178.7 176.3 173.4 175.8 175.6 174.9 171.5 151.4 149.8 162.9 162.5 160.4 159.7 157.1 151.2 139.2 116.5 85.6 69.6 64.9 78.4 85.1 87.2 94 96.3 95.1 105.2 109.6 113.1 117.6 122.8 131.2 140.8 151.7
154.1 155.3 155.2 153.3 154.3 152.9 154.9 158.8 161.9 165.6 169.4 173 177 181.3 184.6 190.2 194.4 198.8 202.9 206.9 209.3 210.7 210.3 210.1 208.6 207.3 207.3 206.5 204.6 202.8 201.8 199.8 197.1 194.6 191.3 190.9 186.8 185.4 188.5 189.8 189.2 188.3 187.4 183.4 184 181.9 181.1 181.1 178.3 179.4 179.3 178.5 177.1 174.5 169.7 152.7 165.3 170.7 169.6 167.4 165 161.6 155.2 139.2 112.7 85 70.2 66.2 82.4 94.8 93.5 98.7 106.4 112.1 111.2 114 119.9 126.4 134.1 141.2 144.7 146.4
156.2 157.5 157.9 158.8 158 156.6 156.3 156.8 160.2 163.1 166.7 170.4 175.1 179.4 183.1 188 192.1 197.5 202.5 206.4 208.8 210.3 211.2 211.5 210.2 209.7 209.6 208.7 207.8 205.8 204.1 202 198.6 197.4 195.3 193.2 189 189.4 192.6 192.5 192.1 191.7 191.4 189.8 187.7 184.8 182.4 183.9 183.2 182 180.4 179.7 177.6 175 169.9 162.2 171 173.8 172.6 170.8 168.5 163.3 157.2 140.8 113.9 86.1 70 66.5 88.5 101.7 103 106.5 118.1 128.3 129.9 131.8 136.1 142.8 154.4 161.7 158.5 157.5
158.5 159.3 159.1 161 160.9 159.5 158.7 156.8 158.6 161.3 163.8 168 173.5 177.5 181.5 185.8 190.2 195 200 203.6 206.5 209.4 211.1 211.6 211.9 210.8 210.7 210.4 209.8 208.8 206.3 204 202 200.4 195.1 194.9 194.3 193.7 195.6 195 194.1 193.6 192.7 191.3 188.2 187.7 186.9 185.5 186.2 185.3 183.2 181.5 178.9 176.5 170.7 169.7 174.9 175.1 173.7 172 169.5 161.7 156.3 139.3 112.4 85.8 71 68.9 89.6 104.2 112.7 116.4 122.2 128.5 144.3 152.9 159.3 163.7 172.1 174.5 173.8 173.6
160.6 161.7 161.3 162.6 162.4 160.9 161 160.1 159.2 159.7 162.7 166.6 171.6 175.7 179.8 184.2 189 193.4 197.8 201.9 205.8 208.1 210.1 211.5 211.7 211.5 210.8 210.4 210 209.7 208.2 205.9 204.1 201 200.4 199.7 197.5 197.1 197.8 197 197.4 196.4 195.5 195.1 193.5 191.5 189.2 188.4 188.4 187.5 185.8 182.6 179.9 176.1 171.8 176 176.9 175.3 173.8 172.7 169 160.7 154.7 137.9 109.6 83.8 70.2 68.9 87.5 103 120.3 125.8 135.5 138.1 142.2 150.5 160.8 168.8 174.3 178.4 179.4 181.5
162.4 163.5 164.3 163.7 163.3 163.1 162.9 162.3 162.3 161.2 161.6 165.7 169.9 174 178.4 183.1 188.3 192.1 196.7 201.2 205.3 207.3 210.1 211.3 211.7 211.6 211 210.4 210.7 209.4 208.5 207.4 205.9 204.4 203 202.3 200.7 200.6 199.4 198.6 197.9 198.6 197.7 196.2 194.8 193.1 191.4 189.9 188.5 185.9 185.5 183.8 181 178.1 177.6 178 176.9 175 173.2 169.8 159.4 144.7 140.1 127.8 105 83.5 72 74.7 86.1 100.9 123.9 133.5 146.4 152.9 156.9 160.6 165.9 171.4 177.3 180.2 182.8 185.1
163.9 164.9 166.7 166.2 165.6 165.1 165.2 164.3 164.3 164.3 163.6 164.7 168 171.8 176.1 181.7 186.9 192.1 196.2 201.8 205.3 207.4 209.2 210.8 212.1 212.6 211.7 210.8 210.6 210 209.1 208.2 207.3 205.6 205.1 204.1 202.5 202 200.9 201.1 201 200.3 198.4 197 195.2 194.1 193.6 192.2 189.3 187.5 184.6 182.8 180.9 179.2 177.4 174.8 174.6 173 171.2 164 144.6 131.2 124.6 117.1 102.4 82.8 71.8 80.7 88.5 101 114 128.4 148.9 160.1 165.1 168.3 171.7 174.3 178.4 182.6 185.2 186.9
165.4 167.1 168.6 168.2 167.7 166.9 166.9 166.6 166.4 166.1 166.4 165.9 168 172.8 178.1 182.2 187 192.4 197 204.4 206.6 207.8 208.9 211.5 212.4 212.6 212.4 211.9 210.8 209.9 209.6 208.8 208 207.1 206.1 204.7 203.5 202.6 203 202.4 200.9 200.4 198.4 197.8 196.6 195 193.8 192.4 190.7 189 186.5 183.5 181.5 179.2 175.7 172.6 169.2 166.2 166.5 156.5 132.8 118.8 112 101.2 95.4 81.4 73.8 83.9 92.1 103.2 115.7 135.8 150.1 163.1 169 172.3 174.7 177.2 180 183.9 186.6 187.8
166.7 168.4 170.2 169.8 169.5 169.2 169.5 169.2 169.2 168.9 168.4 168.5 170.2 173.1 178.7 182.6 187.2 192 198.4 205.4 207 208.1 210.1 212.2 212.6 212.7 212.4 210.8 210.5 209.8 209.9 209 208.1 207.2 206.2 204.9 204.2 205 203.7 202.3 201.3 199.7 198.1 196.7 196.4 195.6 194.1 193.2 191.8 189.9 186.8 183.1 179.6 176.8 173.2 168.2 161.7 157.4 158.4 146.6 123.7 111.1 103 95 86.1 76.8 82.4 85.9 95 105.4 123 143.1 156 163.8 170.6 174.2 176.5 179 182 185.4 187.4 188.7
167.8 170 171.3 171.4 172.4 172.2 173.3 173.6 173.2 171.8 171.4 172.1 173.2 175.2 179.3 183.5 187.6 192.1 197.6 202.2 205.9 208.1 210.9 212.2 212.6 212.2 210.8 210.1 209.7 210.3 209.5 208.9 208.1 206.9 206.8 206 206.3 206.2 204.8 202.9 201.1 199.8 198.6 196.5 195.5 194.3 193.6 192.5 190.6 188.3 185.2 181.1 178.2 176.3 173.2 168.6 162.9 147.3 139.2 131.7 114.4 104.4 111.6 118.4 111 82.5 82.3 89 97.6 109.2 126.2 143 152.4 160.6 169.8 175.4 177.3 180.3 182.8 186 187.4 187.6
168.5 171.6 172.8 173.7 175.2 175.8 176.8 177.5 177.3 176.1 175.4 176.4 176.3 178 180 184.1 188.5 192.9 197.3 201.9 205.3 208.8 211.6 211.9 211.7 210.2 209.4 209.4 208.9 208.9 208.4 208.3 207.9 206.7 206.6 206.7 206.7 205.9 204.6 202.7 201 200.2 198.3 196.1 194.6 193.8 191 191.4 190 187.2 182.7 180.7 177.3 171.4 169.8 169.4 167.7 158.8 138.9 120.3 105.9 125.5 132.3 134.3 122 102.1 80.8 90.1 99.5 111.3 121.3 135.1 146.2 156.5 168.7 174.4 177.8 180.4 182.6 185.2 184.4 179.2
169.2 172.4 175.1 176.5 178 179.2 180.3 181.3 180.7 179.9 179.5 179.9 180.2 181.3 182.8 184.6 189 192.9 197.1 201.6 205.3 207.8 210.3 210.3 210.9 209.7 210.1 208.3 208.2 207.9 206.6 205.9 206.5 205.8 205.4 205.8 206.2 205.6 205 203.3 201.5 199.6 197.7 196.6 194.6 193.5 192.4 189.3 185.1 186.6 183.2 179.1 172.5 165 164.7 158 162.7 146.3 125.9 122.4 127.9 142.1 149.1 138.4 116.3 92.1 77.5 92.2 99.1 118.4 125.8 138.3 147 156 168.4 175.2 177.4 178.6 181.1 181.8 178.1 178.8
170.2 173.8 176.3 179 180.7 182.3 183.6 184.9 184.4 184.2 183.5 184 185 185.7 186.8 187.2 189.9 193.1 197.2 201.3 204.9 207.6 210.3 211.6 211.6 210.9 209 208.7 208.5 207.2 206.2 206.1 204.9 203.5 204.2 204 205 204.6 203.5 201.9 200.8 198.8 197.4 196 194.9 193.3 192 189.8 185.8 179.7 172.3 165 158.8 157.9 151.9 143.3 137.9 129.8 131.9 136.6 144.4 156.3 147.4 129.5 119 106.6 81.6 89.5 100.1 108.8 117.8 124.7 139.7 151.9 165.4 173.1 174.8 180.3 182 183.1 178.6 183.6
170.9 175.4 178.4 181.4 183.2 184.9 186.9 188.4 188.7 188.9 188.3 188.1 189 190 191.2 192.2 191.9 194.1 197.8 200.9 204.8 207.6 210.3 212.2 212.1 210.6 208.2 208.1 207.3 206.4 205.3 204.4 204 203 200.8 202.1 203.2 202.6 202 200.8 199.6 197.3 194.9 194.4 193.2 193 191.1 189.2 185.9 182.9 183.3 178.2 173.9 169.7 168.3 159.9 152 151 154.1 157.4 157.7 162.1 152.1 147.3 138.8 109.4 82.2 91.4 100.5 111.7 125.2 139.1 148.1 154.3 163.4 173 179.2 181.3 183.4 184.4 180.4 183.3
172.6 176.6 179.9 182.6 184.6 187.3 189.8 191.7 193 193.4 193.3 193 193.9 194.7 195.5 196.3 196.5 196.4 198.6 201.6 205.6 208.5 211.3 212.3 211.9 208.6 210.1 208.8 207 205.8 204 202 201.1 200.8 199.3 198.7 200.1 200.8 200.8 199.8 198.2 195.7 195 195 193.5 192.7 191.2 190.4 188.9 187 184.3 180.7 177.3 176.3 174.9 173.4 171.2 166.9 167.6 166.5 166.2 164.6 161.1 155.2 138.6 116.8 85.8 87.1 102.4 112.3 128.2 138.1 148.8 160.5 169.8 175.7 179.7 181.9 183.7 185.3 186.1 177.6
172.6 176 180.8 183.4 186.6 189.6 191.8 194.9 196.5 197.1 197.2 197.1 198.2 199.1 199.9 200.6 200.1 198.9 200.3 202.5 206.6 209.3 211.8 212.3 209.3 211.3 210.4 208.4 206.5 205.6 204.6 202.5 199.6 196.2 196.4 194.7 196.3 197.6 197.8 197.4 196.8 195.7 194.5 193.9 193.4 192.2 190.4 188.9 188 186.1 184 182 179.1 176.9 176 174.8 172.9 172 170.7 169.7 168.1 166.6 161.5 148.7 126.5 112.4 90.4 85.7 99.5 112.3 124.8 137.1 149 161.6 170.7 175.9 179.5 182.2 183.9 185.5 186.9 182.5
172.6 176.4 180.5 183.3 187.1 190.8 193.8 197.1 199 199.9 199.9 200.1 201.5 203 203.9 204.2 204.1 201.8 202.5 204.4 207.6 210.3 211.8 210.1 211.3 211.3 210.4 209.5 208.6 206.9 205.2 203.6 201.3 198.5 193.4 187.8 190.9 193.9 195.4 194.6 193.6 193.5 192.8 192.4 190.7 190.4 189 186.9 186.3 185 183.6 182.4 180 177 175.7 175.5 174 173.3 172.3 171.1 170.5 167.1 160.2 142.5 128.2 123 94 85.9 101 113.5 132.8 144.9 155 163.2 170.6 175.8 179.4 182.4 183.5 185 186.5 185.8
172.4 176.1 180.3 183.7 187.8 191.2 194.7 197.9 200 201.3 202.4 203.2 204.1 205.9 206.5 207 206.8 206.2 205.7 206.7 209 210.9 210 212.2 212.1 211.9 211.1 210.2 209.6 208.2 206.1 204.1 202 200.1 197.5 192.7 188.4 185.8 191.1 192.1 191.6 190.8 189.8 190.1 189.5 187.7 185.8 184 183.6 183.5 183.1 182.1 180.2 177.1 175.2 174.3 173.4 172.5 172.4 171.7 170.3 168 162.2 152.1 149.2 129.5 106.2 87.1 101.7 113.1 128.2 139.4 149.3 161 170.4 175.2 179.2 181.5 183.1 184.5 185.4 185.6
172.2 176.8 181 184.6 188.1 191.3 194.9 198 200.7 202.4 203.6 204.6 205.9 207.7 208.9 209.3 209.4 208.7 208 208.6 209.9 208.9 210.9 212 211.9 211.8 211.7 211.2 210 208.3 206.8 204.1 202.3 199.4 196.1 193.3 190.7 184 177.1 187.3 188.2 187.8 187.2 185.9 185.2 183.8 181.9 180 174.4 180.5 180.9 180 179.3 177 174.8 172.6 171.3 170.2 170.2 170 168.9 166.8 164.6 159.1 141.8 118.9 100.5 89.8 101.7 111.4 121.7 137.3 150.2 161.2 169.6 174.7 178.2 180.4 182.3 183.8 183.7 184
173.2 177.3 181.4 184.8 188.1 191.7 195.5 198.1 200.8 203.1 205.2 206.5 207.8 209.1 210.8 211.4 211.4 210.6 210 209.4 207.9 208.3 210.3 211 210.9 211.2 211.5 211.2 210.1 209 207 205.2 203 199.7 196.6 192.9 190.5 188.1 186.3 169.3 177.6 176.8 182.5 182.9 181.1 177.2 173.2 163.2 168.1 173.6 177.4 177.4 177 174.8 173.2 171.6 170.3 168.4 164.5 167.8 167.8 166.1 163.9 158.9 153.2 133.1 97.5 88.8 101.2 110.5 122.4 135.2 150.1 161.5 168.7 173.2 176.6 179.1 181.3 182.4 181.6 178.5
173.8 177.1 180.3 183.7 187.4 192 195.2 197.7 200.3 202.9 205.1 206.5 208 210.1 211.8 212.5 212.3 211.5 210.3 209 207.7 209.2 209.3 209.4 210.1 209.7 210.4 210.5 209.9 208.9 207.1 205.1 203.1 200.7 198.9 195 193 190.7 187.6 184.9 179.2 171.1 161.2 168.1 176.2 169.5 154.4 149.7 145.5 156.6 167 173.2 172.5 170.8 168.3 166.6 168.1 166.6 162.7 160.2 165.2 164.6 161.1 152.9 137 122.3 91.5 89 100.7 110.4 123 135.5 150.4 160.3 167.1 171.7 175 177.7 179.9 181.4 180.9 177.2
173.4 176.7 179.3 182.6 187 190.8 194.1 196.3 199.4 202.2 204.7 206.5 208 209.5 211.5 212.8 212.5 211.4 209.9 209.4 209.1 208.6 208 207.2 207.7 208.6 208.8 209.4 209.4 208.6 207.2 205.7 203.6 202.2 199.5 196.6 194.4 191.9 190.1 187.8 186 181.9 175.8 164.9 152.4 147.1 154.7 154.9 151.6 137.7 143.7 150.6 154 149.2 147 143.2 147.1 150.4 155.9 145.6 155.7 156.3 153.6 140 123.2 98.4 90 94.7 100.9 111.9 123.8 140.9 153.2 159.4 165.4 170.6 174 176.1 177.9 179.6 179.7 164.2
172 175.7 178.6 181.9 185.8 189.4 192.8 195.3 198.4 201.1 203.5 205.1 207 209 210.5 211.5 212 210.3 211.2 210.3 208.4 207.4 206.8 206.3 205.8 206.6 207 206.9 208 208.1 207.1 205.7 204 202.1 200.7 197.9 195.6 193.2 191.5 189.7 185 185.6 183.4 179.3 172.9 166.7 173.9 173.1 168.5 155.7 142.5 134.8 130.3 128.8 126.4 120.1 121.4 126.4 136.6 135.5 140.8 136.1 141.2 136.7 107.4 94.5 105.5 97.2 97.6 110.6 122.6 134.7 149.9 159 165.1 169.6 172.8 174.5 176.2 177.8 175.6 162.1
171.4 173.8 177.2 180.7 184 187.3 190.7 194.2 197.1 199.8 202 203.7 205.4 207.5 209 210.5 211.1 208.7 210.2 209 206.8 205.9 205.1 204.6 204 203.5 205.3 205.4 205.6 206.3 206 204.7 203.5 202.6 200.8 198.2 196.7 194.4 192.5 189.4 189.2 186.7 181.8 173.2 171.1 177.1 178.4 176.9 174.9 170.6 162.8 152.5 146.7 139.1 140.2 141.6 135.1 124.8 111.8 117.6 125.3 122.9 124.4 113.9 95.4 94.5 111.3 113.9 92.8 98.5 122 130.3 147.2 158.4 164.5 168.9 171.3 173 174.7 175.8 170.9 162.4
170 172 174.3 177.9 181.8 185.2 188.7 192.4 195.6 198.1 200.1 201.5 203.5 205.4 207.2 208.1 207.2 207.1 207.5 206.7 205.5 204.2 203.5 203 202.9 202.7 202.5 204 204.7 204.9 204.7 204.6 203.4 202.1 200.8 198.7 196.4 195.9 193.7 191.5 190.1 187.7 185.1 178 180.7 179.8 180.5 178.6 176.3 174.1 171.3 167.1 156.9 152.5 160.5 157.7 152.9 142.2 131.9 123.2 115.1 108.4 101.2 103.6 107.4 113.5 119.5 127 104.4 95.8 114 128.6 148.8 160 164.6 167.7 169.7 171.5 172.6 166.3 152.1 169.8
168.3 169.5 173.2 176.6 180.3 184.3 188 191.5 194 195.8 197.4 199 201 202.5 203.7 203.6 203.8 205.3 205.7 205.4 203.9 202.5 201.6 201.1 201.4 201.4 200.5 201.5 202.3 203 202.7 202.2 202 200.3 199.5 199.4 197.9 195.6 193.8 191.8 190.5 188.8 186.1 182.6 182.9 182 181.6 181 178.1 175.3 172.8 169.4 160.6 167 167.8 165.9 163.3 155.8 153.1 144.1 136.6 130.1 113.7 107.5 116.3 126 133.7 140.7 122.4 99.9 102 125 143.7 157.6 161.4 165 168.1 168.9 158.5 152.1 168.3 168
164 168.4 173 176.7 180.8 184.7 188.2 191 192.9 194 195.4 196.7 197.9 198.6 198.5 199.6 201.2 202.1 201.6 201.9 201.5 200.9 199.6 199.1 198.7 199.2 199.6 199.6 200.3 200.7 201.5 201.6 201 200.7 200.1 199.4 197.8 196.1 194.6 192.8 191.3 189.2 186.4 186.4 185.8 184.5 182.9 181.9 179.8 176.9 172.9 168.3 170 170.4 168.8 167.3 166.6 163.6 161.4 157.1 149.3 135.5 103 115.6 129 141.9 145.7 147.2 136.3 118.3 107 106.6 132.9 146.1 156.3 162.4 166.1 161.7 151.3 168.5 168.1 154.6
164.9 169.1 173.6 178 181.6 185.1 187.7 190 190.8 191.3 192.5 193.2 194.2 195.1 195.5 196.8 197.8 198.4 198.5 199.1 198 197.8 197.2 196.7 195.8 196.7 196.8 197.2 197.9 198.4 199.7 199.6 199.4 200 199.9 199.4 198.3 196.6 194.3 192.8 191.1 189.5 187.8 187.7 187.5 185.1 184.4 183.5 181 178.2 174.8 173.2 172.5 171.3 169.5 168.8 166.3 162.7 156.3 137.2 119.7 106.8 110.3 127.6 144.9 151.1 153 152.2 146.4 128.1 116 106.6 118.6 138.9 151.8 159.5 163.9 148.2 159.6 165.5 155.3 140.5
165.9 170 174.3 178.5 182 184.9 188.1 187.7 188.6 189.2 189.2 189.5 189.4 190.3 190.6 191.6 192.7 194 194.6 195.7 195 195 194.7 193.8 192.6 193.6 195 195.1 194.9 195.6 197.5 198.3 198.5 199 199.1 198.6 197.6 196.2 194.7 193.2 190.7 189.5 188.8 188.7 187.7 186.5 186.1 184.2 181.2 179.2 177.3 175.4 174.5 172.6 170.8 168 156.1 143 128.9 118.5 112.8 118.4 116.7 142.2 152.7 155.5 154.8 152.5 145.3 144.4 135.1 109.6 108.9 132 147.4 156 160.6 137.2 159.4 149 134.4 149.4
166.1 170 174.2 178.4 182.1 184.8 186.6 186.3 185.7 186.2 185.7 184.5 184.9 184.9 185 185.6 186.8 188.2 190.2 191.4 191.5 192.1 192.2 191.3 189.1 191.2 192.9 193.3 193.6 194 194.9 196.8 197.2 198 197.9 197.7 196.4 194.7 193.6 192.8 190.1 188.9 187.9 188 187.1 186.5 185.7 183.1 182.4 181.1 178.6 175.8 173.7 171.4 168.2 157.6 133.9 125.5 116.9 119.6 126.3 140.3 140.1 142.5 159.3 159.3 157.1 153.3 151.6 150.1 144.8 127.3 108.7 121.3 139.8 152.8 147.9 127.5 139.8 133.8 141.7 162.8
166.2 169.6 173.9 178 181.5 183.4 184.8 183.7 183.1 182.8 182.6 181.4 180 179.3 179.2 179.8 181.2 183.4 185.3 186.7 187.9 188.7 189.2 188.8 186 189 190.7 191.2 192.5 193.2 192.7 194.8 195.6 196.7 197 197.1 196.2 195.2 193.4 192.3 190.5 188.8 188.2 187.6 185.5 184.5 185.5 184.1 182.9 181 178.2 174.8 172.9 170.5 154.7 134.3 125.2 123.5 129.7 137 150 156.4 153.6 142.2 161.5 161 157.8 153.9 149.4 142.5 128.7 115.8 118.7 112 127.2 134 125.2 132.5 127.2 147.9 158.4 164.5
166.6 169.4 173.5 177.3 179.7 181.5 182.1 181.2 179.5 178.7 178.1 176.3 175.1 174.5 173.8 174 175.5 177.8 180.1 181.9 183 184.1 185.1 185 182.2 186.2 188.1 189.1 190.1 191.8 192.8 192.1 193.8 195.2 195.8 195.6 194.7 193.7 192.7 191.8 189.5 188.1 187.6 186.2 184.1 183.9 184.7 183.8 182.7 181.3 178.5 175 165.7 154.6 138.4 125.8 130.4 138 149 151.3 161 162 159.6 145 160.5 159.9 158 152.9 145.3 132 127.4 131.2 131.5 121.2 121.6 116.8 119.8 130.7 149.6 159.1 160.7 163.5
165.8 169.2 172.8 176.2 177.8 178.9 178.5 177.2 174.1 171.9 171.7 170.9 167 166.3 165.7 166.9 170.3 172.7 174.6 176.1 177.9 179.1 180 180.4 179.8 184.1 185.3 186.4 187.4 189 191.3 190.9 191.7 193.6 194.6 195.2 194.7 193.8 192.8 191.3 189.1 187.1 185 181.9 179.9 180.8 180.4 181.2 180.5 178.7 171.9 161.3 145.6 129.7 122.5 134.1 150.8 157.3 163.5 163.5 164.6 164.1 161.9 152 160.2 160 157.5 153.4 141.7 125.2 136.1 140.7 146.8 133.8 121.7 134.8 143.8 153.7 161 161.8 162 163.4
164.9 168.4 171.4 174.5 175.8 175.5 174.8 173.4 167.7 162.9 162.8 160.7 155.6 154.5 155.5 157.1 161 165.7 168.3 169.5 172.3 174.5 176.5 175.4 178.5 181 182.2 183.2 185 187.2 188.4 189.2 190.7 192.3 193.7 193.9 193.7 193.5 192.8 192 190.7 188.5 186.5 184.2 179.1 168.9 174.5 177.8 177.7 168 153.5 140.9 128.9 136.9 148 158 168.2 168.4 169 168 166.6 162.4 161.8 162.5 162.8 161.6 158.5 148 136.7 140.4 145.4 151 152.3 144.5 126.5 140.6 154.9 159.5 161.1 162.9 162.7 163
165.9 167.6 169.9 172.1 172.6 173.3 172.3 169 161.1 150.8 149.2 149.2 149.9 150.7 152.3 152.4 156 158.6 161.2 165.3 169.9 173.2 173.2 171.3 175.2 177.3 176.8 180.1 182.8 185 185.4 187.9 189.3 191 191.2 192.5 192.6 192.5 192.3 191.4 190.3 189.3 187.5 184.4 181.3 175.8 166.7 151.5 155.3 143.5 133.1 144.2 151.5 160.1 166.6 173.7 172.6 171.7 170.6 168.5 167.2 165.9 165.8 166.4 165.3 163 158.6 141 146.9 153.3 154.6 155.2 154.4 149.8 130.2 131.6 151 158.5 159.4 162.6 162.1 162.2
