public/OST50/NM68.asc
ncols 200
nrows 200
xllcorner 160000
yllcorner 780000
cellsize 50
[rows 38 to 75 of 200, columns 86 to 171 of 200]
3.3 2.6 4.3 4.6 5.5 5.6 4.7 6.7 7.2 7.5 8.4 9 9.3 10 9.1 7.4 6.1 5 6.1 7.3 11.7 11.7 9.4 8.4 8 7.9 8.3 8.6 9.1 8.1 8.2 8.7 9.1 9.6 9.5 9.2 9.4 8.8 8.4 8.6 8.1 8.9 8.9 8.9 9.2 9.3 9.5 9.7 9.7 13.1 19.6 23.4 18.5 20.8 22.7 15.6 21.5 21.2 35.1 55.9 72.6 93.3 119 126 136.2 149.4 176 196.5 230.5 265.3 290.9 302.7 316.6 332.8 329.9 331.2 328.9 325.1 316.9 316.6 312.8 319.8 322.7 325.4 333.7 348.5
5 5 6.7 8.7 6.5 6 6.5 8.9 10.8 10.2 10.3 10.1 10.3 11.3 9.5 8 7.4 7.2 8.1 10.3 17 15.7 14.6 13.6 14.2 11 10.8 9.3 9.2 9.1 10.9 9.7 11.6 12.8 9.8 9.4 9 8.8 9.3 9.3 9.5 9 9.7 13.1 10.3 10.3 10.4 12.2 14.7 21.1 32.2 38.8 33.8 27.5 34.7 30.3 27.3 29 45.4 68.5 93.3 111.1 139.5 154.7 158.1 185.2 214.4 222.9 249.7 288.7 305.9 320.8 325.2 326.6 327.9 327.9 325.6 321.2 309.5 310.4 312.5 326.6 320.7 327.9 345 336.2
8.7 9.1 13 14 14.6 12.5 10.5 13.7 12.8 12.2 11.9 15 14.1 14.5 13.7 9.9 9.4 9.3 12.1 14.5 20.1 21.6 20.2 20.3 20.4 18.1 12.5 9.9 9.7 9.9 13.2 10.6 11.9 11.6 10.1 9.9 12.1 15.2 16.8 10.9 10.2 10.2 11.2 16.5 12.4 11.8 14.5 19.1 22 30.6 41.4 49.1 43.2 38.5 44.4 46.2 44.9 41.9 49.9 77.3 105.7 131.6 149.6 168.3 180.8 206.4 240.3 248.3 265.1 291.2 309.3 330.8 336.4 328.3 326.9 321.1 319.8 309.6 303 306 315.6 317.9 313.8 328 327.3 320.5
11 10.8 12.3 13.1 12.8 11.2 10.6 10.8 14.2 15.7 18.4 25.5 25.6 19.2 17.6 13.7 14.9 13.8 19 19.7 23.4 24.3 24 24.6 25.9 20.2 13.6 12.2 12.1 10.2 15.6 10.5 14.1 16.7 11.2 14.3 21.1 22.1 22 11.2 10.9 11 14.8 20.2 16.2 16.3 23.9 25.9 33.4 36.6 48.4 56.5 58 54.5 49.9 61.9 68.4 57.6 60.4 81.1 112.5 139.8 156.4 180 197.7 228.7 257.5 266.9 275 302.6 316.1 337.4 341.9 325.6 313.7 310.3 304.8 297.3 301.6 312.4 311.2 306.7 312.5 321.3 314.6 325.5
11.3 12.6 16.3 17.7 16.8 16.3 18.5 16.1 20.9 24.1 29.2 35.3 35.5 30.6 28.6 24.7 21.4 23.7 23.8 24.8 27.1 28.4 29.6 31.3 29.5 20.3 16.6 16.2 17.6 16.7 17 12.2 13.6 15 15.4 25.3 24.4 27.9 27.2 17 14.8 16.3 22.7 27.8 23.3 21.7 30.3 33 45.3 46.1 55.4 64.6 69.6 60.3 61.7 79.4 75.7 73.4 71 89.9 119.1 144.6 165.2 192 223.6 256.8 262.2 265.4 277.8 296.2 318.6 337.3 329.1 316.5 305 298.7 293.3 291.9 299.3 304.3 302.7 303.5 315.4 313 313 329.6
15.6 19.8 20.4 24.6 22.4 23 25.4 23.7 30.9 31.7 37 44.5 41.5 39.4 41.6 34.9 33 31.3 28.4 29.2 35.1 34.8 34.6 35.1 31.7 27.5 22.2 31.7 23.6 27.5 21.6 17.7 13.4 16.4 19.8 23.9 30.3 32.9 28.2 23.7 23.6 24.8 30.9 39 36.2 32.4 36.2 39 47.9 52.5 65.6 75.6 79.1 67.1 72.6 82.4 79.7 81.3 82.9 102.7 130.5 161.1 182.1 210.2 237.9 253.6 253 253.9 266.7 293.8 314.7 322.4 309.6 302 297.2 293.8 286.4 287 302.2 298.9 297.4 306.3 310.8 310.9 314.3 321.4
19.7 23.4 28.2 31.3 33.4 29.8 28.3 31.2 38.6 40.6 40.9 45.9 45.9 45.2 47.5 43.2 38.4 34.7 35.4 39 45.6 45.5 45.7 38.7 35.2 33.2 34.7 36.6 33.2 33.3 26.8 22.2 17.8 21.4 24.4 28 32.4 42.1 38.7 30.5 30.7 33.2 40 50 50 51.1 46.2 49.7 53.5 61 69.7 79.1 82.3 74.2 79.1 86 88.9 95.6 99.3 119.6 148.8 173.7 200.5 224.6 239.4 248.6 244.8 250.5 268 293.3 313 308 302.7 292.3 286.2 283.1 275.8 289.2 292.9 289.7 295.6 303.1 308.5 310.9 316.5 316.3
24.6 29.2 35.7 38.7 39.7 38.8 36.7 37.9 40.8 42.9 42.7 45.4 47.7 45.5 46.5 45.6 44.8 41.4 41 46.4 49.6 48.5 45.7 41.5 38.4 36.7 37.2 41.3 39.6 39 33.6 26.9 25 26.5 28.9 35.4 37.6 43.8 48.3 48.6 38.5 41.9 44.8 55.6 59.4 56.3 58.5 59.4 69 68.4 79.6 91 87.4 82.6 94.4 113.2 123.4 124.2 120 149.7 162.3 185.1 216.1 234.4 236.9 238.2 243.7 250.1 277.1 293.6 305.8 297.3 290.8 281.2 274.7 269.6 271 290.2 284.2 283.1 295 300.3 307.9 314.2 317 307.7
30.2 32.7 38.6 40.9 42.6 42.3 42.6 42.1 46.4 48.4 47.1 46.9 47.7 49.2 48.7 48 47.3 42.5 41.6 44 47.9 46.8 43.6 43.1 40.2 37.7 38.4 41.5 44.5 47.9 37.3 32.3 28.5 31.3 35.8 41.3 42.1 48 56.4 56.4 48.7 48.7 54 61.1 66.8 61.2 61.7 69.3 76 82.4 87.7 101.6 94 89.7 107.6 136.9 145.2 139 140.1 161.2 172.8 197.4 225.3 237.9 232.5 236.4 250.6 262.2 290.1 297 291.6 286 277.2 273 265.2 264.2 272.9 276.9 274.7 287.8 297.6 306.5 310.7 315.9 305.6 288.8
34.3 35.1 41.6 43.4 45.8 47.3 45.3 46 47.3 49.9 53.2 49.6 50.9 52.3 53.1 52.8 51.1 49.8 52.1 43.4 45.5 48.5 50.5 46.8 43.8 40.1 43.3 43 47.2 52.5 49.7 36.7 35 35.2 44 52.1 53.8 50.4 60.4 66 59.7 58.6 62.2 63.5 73.6 73.2 70 87.6 90.9 91.3 92 105.8 106.5 100.2 123.5 144 152.5 149.4 150.3 155.5 171.4 204.6 224.9 227.4 230.6 244.3 257.6 268.6 287.2 288.5 278.6 274.2 266.1 262.9 254.4 259.7 266.3 266.1 269.9 290 299.2 302.6 302.9 305.3 287.3 276.8
36.9 39.5 44.7 47.1 49.5 49.8 49.7 48.7 49.5 53.1 55.8 56.8 58.1 57.4 56.1 55.3 55.8 52.9 50.2 47.3 48.3 52.7 56 56.2 47.9 42.4 44.3 45.2 45.9 53.4 56.9 39.5 44.9 38.7 44.3 57.6 56.6 52.3 64.8 76.3 69.4 70.5 72.4 76.4 78.2 81.4 72.1 87.1 97.2 98.1 96.7 111 125.3 124.1 129 138.4 158.2 162.2 160.7 157.6 182.2 204.5 215.3 225.8 235.6 242.7 254.4 266.4 286.6 274.8 270.4 260.8 257.7 250.7 245.1 250.1 254.9 254 272.6 281.1 290.4 289.9 288.7 283.3 267.5 270.8
38.7 43.4 48.2 50.5 53.3 53 52.7 54.6 56.9 57.5 61.1 58.9 60.6 58.7 56.8 59.4 60.8 58.1 55 53.3 52 55.1 57.6 57.8 47.7 43.8 45 47.4 45.7 54.6 61.5 51.2 47.3 42.1 47.7 60.5 60.1 55.2 64.6 73.6 77.9 77.9 85.6 88.5 85.1 84.5 75.3 91.2 98.9 104.9 107.1 115.6 134 134.4 135.7 140.7 165.6 168.8 170.5 166.6 189.2 207.1 210.3 223.6 232 236.2 245.1 263.1 278.8 263.2 256.9 247.5 242.5 238.6 240.5 250.3 249 258.4 280.2 285.5 286.3 282.6 275.3 265.5 260.5 272.4
44.6 50.4 54.3 55.3 57.2 57 54.6 58.8 63.8 66.6 65.9 63.4 65.5 60.7 61.8 64.6 65.3 61.1 57.2 60.3 58.6 57 58.5 57.6 50.8 45.6 47.3 46.1 46.4 51.8 58.2 58.1 55.1 52.2 48.5 61.4 62.1 59.9 63.2 72.8 83.6 83.5 85.1 92.2 92.6 91.9 82.8 86.7 101 105.9 113.8 115.6 135.7 142.7 143.8 155.1 158.4 163.9 169.6 185.5 204.7 209.1 208.4 217.6 222.9 229.2 234.2 238.9 239.2 239.9 236.9 237.4 240 234.1 241.6 244.1 245.9 270.6 275.2 284.6 282.7 268.9 264.2 258.8 255.2 259.7
46.6 53.7 57.4 60.2 60.6 60.3 58.9 61.1 64 69.4 67.4 66.9 66.3 63.8 66.2 65.8 64.5 62.7 59.7 60.8 59.1 60.3 62 58.7 46.9 47.6 52.3 48.6 45.6 46.9 49.3 60.7 53 59.1 51.3 59.9 60.8 63.2 70.7 79 81.5 84.8 86.7 89.7 95.8 94.2 88.7 92.4 101.7 108 115.8 119.7 139.7 145.7 147.2 154.3 154.8 156.3 181.4 193.8 196.9 198.7 203.9 211.9 220.7 226.2 230.6 231.8 234.8 234 230.7 231.8 233.2 229.9 237.4 233.8 245.9 260.8 263.7 267.1 260.9 258.5 250.2 247.2 241 249.9
49.1 55.8 59.5 65.8 64.7 61.9 63.9 65.9 65.3 66.8 68.5 69.9 69.1 68.1 66.5 65.5 65.9 64.4 65.3 66.1 65.5 61.4 57.3 57.2 46.1 45.3 51.3 49.4 44.8 46 44.8 56.8 49.5 54.3 55.6 54.5 59.6 66 72.3 81.3 80.6 81.8 87.9 90.1 91.9 97.3 90.7 90.9 98.1 107.1 111.5 127.7 135.8 148.1 148.1 153 155.5 168.6 187.1 189.3 185.6 189.2 203.4 209.3 217.5 222.5 224.8 223.5 228 226.1 221.9 225.1 225.8 224.8 225.5 228.5 247.3 249.1 249.9 249.8 245.8 247.2 240.4 233.1 235.7 242.3
47.5 54.2 59.3 66.7 65.5 64.6 67.7 67.9 65.6 66.4 72.6 70.8 71.5 69.1 68.8 65.8 64.7 66.1 67 67.5 65.4 58.1 56.3 53.3 48 45.1 42.8 44.6 44.1 43.5 43.2 55.3 52 53.6 57 54.3 63.1 67.2 67.9 77 79.8 81.8 86 89.5 89.7 91.4 91.5 92.7 97 104.9 115.4 129.5 134.1 140.7 146.5 150.3 156.8 175.3 174 179.3 173.9 176 188 199.3 210.4 214.6 212.4 211.3 215.2 212 212 216.5 213.9 215 213.4 230.4 233.5 238.4 240.7 235.7 239.7 230.4 228.5 225 226.4 237.5
44.3 48.6 51.1 61 62.2 64.5 66.7 68.2 69.4 68.9 73.3 74.3 75.7 70.8 70.7 69.9 61.9 65.2 64.5 61.9 58.6 54.4 55.1 51 52.3 48.4 41.9 43.2 45.6 43.2 42 47.3 53.6 59.5 53.7 54.3 63 64.4 66 69.9 75.1 80.9 85 86.5 86.4 81.8 86.1 88.8 100 107.4 115.1 125.3 132.2 137.3 141.6 146.7 160.9 162.8 164.4 164 166.1 172.5 182.1 198.7 203.7 204.4 200.9 202.7 199.8 200.8 203.2 200.5 204.6 208 212 223.4 226.1 229.4 229.9 220.7 225.1 217.9 217.4 220.6 226.7 239
40.9 44.1 48.3 55 61 62.3 64.7 67.4 67.6 68.1 71.2 71.4 71.2 70.1 67.9 62.9 60.3 61.3 59.7 57 53.7 50.3 50 50.5 49.7 43.8 39 37.8 46.4 42.9 41.7 52.7 55.4 57.9 55.2 50.7 60.4 61.7 63.1 64.9 70.6 72.8 76.2 78.8 80.5 78 78.8 83.9 97 101.4 111.7 117.8 127.2 133.9 136.6 135.2 144.5 145.5 143.4 149.1 156.2 162 176.8 191.4 197.2 193.5 189.5 188.9 185.7 185.6 185.2 185.6 189.4 203.4 214.1 215.7 218.3 221 220.1 216.5 223.7 219.8 215.2 220.7 232.6 239.1
37.3 40.1 42 47.5 53.4 58.3 60.8 63.7 63.2 64.7 65.2 66.7 66.9 65.2 62.2 58.5 57.3 57.4 55.7 54.4 51.5 45.1 45.1 47 47.8 46.4 37.5 33.4 37.3 39.9 40.9 53.1 53.8 56.2 52.8 48.3 60.6 60 63.6 62.6 68.3 74.1 72.2 80.5 79.4 77.2 74.5 78.1 85 95.9 103.6 114.2 119.2 123 128.6 136.2 141.3 142.2 140.4 138 139.4 159.2 173.6 173.4 176.6 177.7 178.9 176.7 179.7 177 173.8 189.2 188.5 200.2 206.2 211.1 215.7 215.7 213.4 209.9 218.2 210.6 218.6 224.8 231.5 239.8
33.4 36.2 39.2 46.8 52.3 57.6 60.3 60.8 59.6 58.2 58.7 59.8 63.4 64.3 61.4 58 55.9 54.1 53.9 54.8 46.9 44.6 41.1 44.3 45.5 39.1 34.3 28.6 27.4 35.8 40 47.9 47.7 50.8 51.7 46.8 58.2 60.6 63.8 60.6 60 64 71.7 75.7 77.8 75.7 72.5 78.3 83.9 96.7 102.6 105.2 108.8 112.8 124.6 129.5 137.5 129.1 136.1 131.1 140.2 160.9 168.1 164.5 163.5 169.4 166.5 167.3 172 169.7 170.9 176.6 179.8 195 199.5 203.6 210.7 207.7 203.2 207 209 196.6 212.3 222.6 229.4 234.9
30.2 31.8 36.3 44.6 48.2 55.1 54.8 55.4 56.9 56.1 60.8 59.7 62.5 63.9 62.4 57.8 52.6 50.7 49.5 48 43.7 41.1 42.1 37 38.9 32.9 29.3 24.3 20.7 30 37.8 36.1 47.3 50.9 48.7 45.5 59 62.9 61 59.3 59.2 59.7 64.5 69.6 70.9 73 71.2 74.9 83 98 101 99.6 96.1 101 116.2 123.7 123.6 120.9 127.1 126.7 137.6 160.4 158.3 152.9 153 156.4 154.2 157.2 160.6 162.6 163.8 165 176.7 187 188.5 196 200.1 196.8 197.6 199 189.8 190.9 203.9 215.8 222.6 226.3
26.4 27.9 33.8 39.6 46.4 51 52.5 52.1 53.2 55.7 61.1 62.1 62.1 62 63 58.3 54.7 46.8 44.4 48.2 39.1 36.1 32.2 28.6 34.9 29 28.1 19.2 15.9 24.2 37 31.7 45.3 49 45.8 44.3 51.4 57.4 58.8 59.2 61.9 59 64.1 67.4 70.2 69.8 71.7 72.9 80.4 85.8 93.7 95 90.6 98.7 109.3 114.8 112.7 114.6 121.5 122 131.4 145 147.6 141.5 141.4 140.8 142.3 140.4 145.2 146 141.3 156.1 169.7 175.1 182.2 188.7 186.5 180.7 188.5 188.3 180.2 189.2 202 208.8 210.5 209.7
19.9 26.7 30.6 35.9 37.7 45 49.3 49.4 54.1 57.8 62.4 62.4 61.8 60.7 57.7 51.9 52 43.3 40.2 42.1 32 34.2 28.8 24.2 26.1 31.8 23.6 13.9 12 16.7 26.8 27.3 37.9 46.3 46.7 43.7 52.2 57.4 59.1 58.7 62.4 57.3 66.7 65.9 68.9 69.9 73.3 68.8 77.5 83.3 87.1 89.4 89.9 96.8 98.2 103 106 106.7 108.5 118.7 123.7 127.5 128.7 124.1 127.8 128.1 131.2 124.7 131.7 134.9 138.3 147.8 161.1 166.8 172.1 173.6 169.2 171.6 179.9 178.5 176.9 186.9 190.5 193.6 197.2 204.2
11.7 18.4 26.8 33.3 35.8 44.5 47.3 50.9 52.1 55.9 61 56.8 56.8 60.4 55.9 51.1 45.4 41.8 38.7 38.4 29.8 34.1 25.6 22.6 23.7 29.3 19.3 9.7 8.7 11.2 13 24.6 28.7 45.3 46.3 44.6 47.8 54.4 55.8 56.3 56.2 57.5 62 59.3 61.4 69.3 67.8 64.8 72.7 77.4 82.2 85.9 87.6 89.9 92.6 93.7 94.8 94.3 94.5 104.7 113.4 108.4 108.3 108.8 111.8 118.3 122 120.4 120.1 128.6 137.3 147.7 155.5 159 161.2 156.6 154.9 167.8 175.8 171.6 174.2 177.9 180.2 190.8 200.4 207.7
7.1 12.5 20.6 26.7 30.2 33.2 39.1 44.4 42.5 50.8 52.6 50.2 49.2 50.7 48.2 42.8 44.1 39.6 37.5 29.5 26.5 29.6 31.2 21.3 22 26.1 15.4 5.4 4.7 6.8 9.3 15 23.1 38.5 41.5 42.6 44.9 53.1 55.2 53.6 55.3 55.5 56.4 54.6 55.9 64.1 62.9 62 66.4 71.1 74.5 82.9 84.5 85.1 84.7 89.5 85.2 81.7 85.7 103.4 107.8 99.8 99.7 98.8 101.5 109.8 111.4 111.2 108 123.4 127.3 142.4 142.9 146.5 144.1 139.9 152.2 166.5 167.7 172.7 173 170.7 177.6 192.9 203.4 216.4
4.7 10.3 14.6 14.7 21.5 26.2 31.8 34.8 34 38.5 39.5 39.5 37.6 38.5 36.9 36.3 38.5 34.1 31.8 22.3 20.8 24.3 23.8 17.8 15.8 15.2 15.8 4.2 2.9 4.6 6.6 9.6 21.3 38.1 42.2 41.5 45.9 52.2 53.5 50.8 53.4 55.1 53.5 52.4 54.8 56.9 59.2 60.1 55.8 62.7 68.5 76.8 78.5 76.3 75.9 78 76.8 67.4 83.5 91.7 97.2 86.8 86.6 83.1 90.1 98.1 99 100.3 93.2 106.3 117.7 128.9 132.9 134.7 134.1 136.3 147 160.5 168.7 175.3 168.2 171.9 184.1 196.6 211.9 228
6.8 10.2 12.6 14.8 19.1 23.9 28.9 30.9 31.6 31.6 31.9 32.6 30.5 32.9 31.7 28.6 29.6 25.6 24.2 18.9 15.8 17.1 11 11.3 8.5 7.4 3.8 2.4 2.4 3.1 5 7.3 21.8 35.8 34.4 39.4 42.4 43.3 44.6 47.3 47.4 50.7 48.1 48.6 47.7 52.9 54.7 57 51.1 61.4 60.5 65.2 67.5 67 70.5 63.6 63.2 58.4 69.2 81.8 72.4 69.4 71.6 70.2 83.9 84.1 82.6 86.8 85.2 97.9 110.1 116.3 125.7 132.7 134.9 137.8 150.9 161.8 167 176.2 162.6 171.4 182.5 193.6 213.4 237.9
5.6 8.4 16.7 20.5 21.9 20.4 19.8 22.7 25.6 27.8 27.6 28 27 25.6 26 24.2 20.4 17.4 18.1 17.9 13.1 10.3 5.2 3.4 5 6.2 2.4 2.4 3 5.3 6.2 11.8 19.8 28.1 30.4 37.4 36.5 38.1 35.7 38.9 39.5 43.6 44.4 44.9 44.3 48.3 44.2 49.6 46 54.3 57.4 57.6 55.7 58.6 59 52.3 51.6 53.7 55.5 62.3 55.4 49.5 53.7 62.2 71.2 68.9 65.9 77.9 81.5 94.9 112 122.3 132 138.6 149.3 144.7 150.8 159 172 175.5 158.2 165.4 181 201.4 223.2 241.6
2.4 6.7 18.3 18.8 21.3 18.2 19.7 21.9 22.8 23 23.9 24.9 21.6 19.1 17.6 16.9 14.1 11.3 12.1 14.1 12.2 8.9 2.4 2.4 3.5 5.6 2.4 2.4 3.9 13.2 11.7 13.1 19.8 26.3 28.8 30 35.1 37.5 32.2 36.8 28.1 38.1 32.4 34.4 36.2 36 37.8 42.1 40.1 44.5 44.6 44.8 45 46.7 44.6 40.4 40.2 45 39.2 38.6 38.1 37.6 44.4 56.6 53.3 46 67.9 77.7 89.2 100.2 113.7 121.2 130.9 146.7 153.2 153.6 154.4 159.8 169.7 161.7 157.7 165 182.2 202.8 223.4 243.7
2.4 6.3 16.7 15.9 18 16 16.7 18.7 19.3 21.1 19 20.8 17.3 13.6 11.7 8.8 5.7 4.6 4.7 5.9 7 6.1 2.4 2.4 2.4 2.4 2.4 2.4 3.8 8.4 13.2 14.4 17.7 21.4 22.2 25.8 27.8 30.1 28.8 27.4 24.7 27.6 26 28.7 27.4 27.9 29.2 33.5 29.9 33.1 35.9 39.3 42.8 40.3 37.7 37.3 37.8 38.8 30.4 31.1 24.5 30.1 36.1 34.2 42.9 57.2 72.4 80.8 92.2 105.9 115.4 124.4 143 149.5 153 155.4 156.2 160.6 168 158.3 156 163.4 184.2 202.6 217.2 234.9
1.9 6.4 10.1 11.9 12.9 8.2 9.5 12.8 15.7 16.7 13.6 15 14.4 11.5 9.1 5.1 2.5 2.4 2 1.8 2.7 4.5 3.5 2.4 1.9 1.7 2.4 2.4 2.1 5.3 8.2 12.9 18.2 20.3 21 22.8 25 25.8 26.6 21.5 21.6 21.5 21.6 22.8 23.6 23.8 24.1 28 24.6 26.8 27.1 30.6 33.6 33.9 34.5 30.5 29.1 26.7 20.6 17.2 17.2 20 30.8 45.1 46.1 58.8 73.1 83.8 93.1 105.8 121.4 135.9 153.2 157.9 157 157 157.4 162.5 173.7 158.9 154 164.1 179.6 192.5 214.1 228.6
-1.7 2.4 3.2 5.2 3.7 2.1 2.9 6.6 7.9 11 6 7.9 8.3 7.9 4.2 4.3 2.4 1.6 0.6 0.2 1.2 2.4 3.9 2 0.8 0.9 1.9 2.4 2.4 2.5 5.1 8.8 17.3 18.4 20.3 21.6 22.7 23.1 22.6 20.8 18.4 17.3 14.5 18.4 20.8 22.8 22.8 23.2 25.4 22.1 23.5 26.1 27.6 23.8 22.6 21.9 17.8 15.1 14.5 13.4 15.2 22.2 37.7 48.3 50.4 67.7 80.5 89.8 103.4 111.8 127.7 147.6 158.5 159.4 163.2 157.9 159.8 177.1 161 152.1 158.2 164 173.1 184.2 197.7 209.7
-1.7 0.3 0.6 -1.7 -1.7 -1.7 -1.7 1.7 2.4 4.1 2.9 3 2.9 4.4 2.4 3.2 2 0.2 -1.7 -1.7 -1.7 1.1 2.4 0.7 -0.3 0 1.1 2.1 3.6 3.3 2.6 12.4 15.8 15.2 19.5 20.7 20.5 19.8 18.5 17.8 16.5 14 9.3 9.1 12.2 20.4 19.1 22.1 22.9 17.6 16.6 17 15.4 15 16 17.2 13.8 12.5 12.3 12.6 13.9 27 37.9 47.4 51.4 71 85.5 91.4 107.1 115.8 129.3 146.2 165.3 174.7 177.6 169.9 158.9 159.5 152.4 144.5 155 159.1 173.4 181.4 198 213.1
-1.7 -1.7 -1.7 -1.7 -1.7 -1.7 -1.7 -1.7 2.2 3.2 2.4 1.7 2.4 2.4 2.3 0.2 -1.7 -1.7 -1.7 -1.7 -1.7 -1.7 -1.7 -1.7 -1.7 -0.8 0.5 2.4 2.5 4.7 2.4 5.1 8.1 13.2 15.5 16.3 15.1 16.9 16 14.1 8.4 11.6 7.5 6.8 9.5 17.9 18.3 19.4 18.1 13.9 9.7 9.2 7.9 8.6 11.6 18.3 12.4 11.1 11.2 11 15.1 31 36.4 52.9 55.8 72.2 82.6 91.6 104 116.3 123.9 145.9 172.3 170.1 163.7 159.9 152.8 144 142.5 143.7 150.3 162.3 183.2 186.9 214.1 228
-1.7 -1.7 -1.7 -1.7 -1.7 -1.7 -1.7 -1.7 1.2 2.6 0.7 -0.1 1.4 2.1 -1.7 -1.7 -1.7 -1.7 -1.7 -1.7 -1.7 -1.7 -1.7 -1.7 -1.7 -1.7 1.2 2.3 2.4 2.3 2.4 2.4 3.4 4.8 6.5 8.7 10.1 12.5 12.9 9.5 6.2 5.7 5.7 6.2 7.1 13.3 17.5 18.1 16 7.5 6.3 6.3 6.6 7.3 8.8 13.1 9.5 9.3 9.6 11.1 19.2 36.1 46 65.1 64.5 73.3 84.9 95.4 101.6 111.1 128.6 140.7 159.2 156.2 153.8 148.1 143.1 137.2 132 133.7 145.7 161.6 182.9 196.8 215.2 225.6
-1.7 -1.7 -1.7 -1.7 -1.7 -1.7 -1.7 -1.7 0.3 1.6 -1.7 -1.7 -1.7 -1.7 -1.7 -1.7 -1.7 -1.7 -1.7 -1.7 -1.7 -1.7 -1.7 -1.7 -1.7 -1.7 -1.7 1.8 1.7 1.5 1.8 2 2.2 2.4 4.2 4.4 8.3 8.4 6.8 6.7 6 6.2 5.3 5.6 6.3 11.3 15.6 13 10.1 6.4 5.8 5.3 5.8 6.5 6.8 12.1 9 8.5 9 12 23 37.9 53.3 67.6 76.4 76.5 97.6 105.2 109.9 113 118.1 118.6 125.5 142.1 138.7 131.8 126.7 135.5 128 130.8 147.6 164.9 182.9 201.3 210.3 228.1
-1.7 -1.7 -1.7 -1.7 -1.7 -1.7 -1.7 -1.7 -1.7 -1.7 -1.7 -1.7 -1.7 -1.7 -1.7 -1.7 -1.7 -1.7 -1.7 -1.7 -1.7 -1.7 -1.7 -1.7 -1.7 -1.7 -1.7 0.5 0.8 0.8 0.9 1.2 1.3 2.3 2.8 3 5.6 4.6 4.5 5.2 5 5.1 5.5 5.7 5.7 5.8 6.7 11 7 5.4 5.1 4.9 5.2 6 6.8 7.6 7.4 7.6 9.2 14.5 24.9 41.2 57.3 72.5 77.9 79.5 94.5 105.7 115.9 109.3 98.5 94.3 103.8 113.2 111.3 117.3 122.5 136.3 121.9 129.9 153.4 174.5 188.2 201.5 207.3 224.6
-1.7 -1.7 -1.7 -1.7 -1.7 -1.7 -1.7 -1.7 -1.7 -1.7 -1.7 -1.7 -1.7 -1.7 -1.7 -1.7 -1.7 -1.7 -1.7 -1.7 -1.7 -1.7 -1.7 -1.7 -1.7 -1.7 -1.7 -0.6 -0.1 0.2 0.1 0.3 0.3 1.5 2.4 2.6 4 3.5 4 3 5.3 6 5.8 5.5 5.3 5.1 5.6 13.2 6.3 4.7 4.5 4.6 4.6 5.4 5.4 8 7.1 7.8 10.1 22.4 31.9 43.1 55.7 75.8 77.3 76.3 87.1 102.6 112 95.6 81.1 83.7 79 90.4 95.5 109.9 116.6 124.9 118 130.7 154.7 176.9 183.9 189.3 200.3 204.6
