public/OST50/NM68.asc
ncols 200
nrows 200
xllcorner 160000
yllcorner 780000
cellsize 50
[rows 76 to 113 of 200, columns 86 to 171 of 200]
-1.7 -1.7 -1.7 -1.7 -1.7 -1.7 -1.7 -1.7 -1.7 -1.7 -1.7 -1.7 -1.7 -1.7 -1.7 -1.7 -1.7 -1.7 -1.7 -1.7 -1.7 -1.7 -1.7 -1.7 -1.7 -1.7 -1.7 -1.7 -1 -0.6 -0.7 -0.5 -0.6 0.1 -1.7 2.5 1 3.3 4.3 4.7 7.3 10.3 10.6 10.8 10.6 8.7 4.9 5.9 6.3 4.7 4.2 4.2 4.3 3.6 7.7 10.1 7.2 7.9 10.8 26.9 36.7 44.6 55.4 66.3 66.1 71.1 82.9 91.8 82.8 79.2 71.8 69.7 65.5 77.2 93.3 107.6 115.2 103.8 130.6 134.7 158.1 169.4 169.4 175.5 187.2 184.5
-1.7 -1.7 -1.7 -1.7 -1.7 -1.7 -1.7 -1.7 -1.7 -1.7 -1.7 -1.7 -1.7 -1.7 -1.7 -1.7 -1.7 -1.7 -1.7 -1.7 -1.7 -1.7 -1.7 -1.7 -1.7 -1.7 -1.7 -1.7 -1.7 -1.5 -1.7 -1.7 -1.7 -1.7 -1.7 2 2.6 4.6 7.8 7.9 14.4 18.5 19.5 18.2 15.5 10.5 6.5 2.3 5.2 3.8 4 4 3.8 4.6 11.5 10.9 9.5 8.1 14.3 30 41 44 50.7 55.1 55.8 62.6 78.1 72.7 71.2 70.9 66.9 59.3 60.1 74.4 90.6 95.1 103.4 114.3 126.5 134.6 148.4 157 163.8 168.3 175.3 173.5
-1.7 -1.7 -1.7 -1.7 -1.7 -1.7 -1.7 -1.7 -1.7 -1.7 -1.7 -1.7 -1.7 -1.7 -1.7 -1.7 -1.7 -1.7 -1.7 -1.7 -1.7 -1.7 -1.7 -1.7 -1.7 -1.7 -1.7 -1.7 -1.7 -1.7 -1.7 0.3 2.1 2.2 2.4 3.1 3.7 8.7 15.6 19.6 24.1 28.5 25.9 21.7 15.5 10.5 6.5 5.1 3.9 2.1 3.5 3.3 3.6 5.3 13.1 8.4 7.6 8.7 22.9 37.7 49.4 51.5 47.4 52.2 53.4 56.7 60.4 67.9 76 70.2 62.9 56.7 59.2 68.3 82.8 81.8 88.2 114.2 121 132.8 144.6 155 163.6 158.9 160.7 161.6
-1.7 -1.7 -1.7 -1.7 -1.7 -1.7 -1.7 -1.7 -1.7 -1.7 -1.7 -1.7 -1.7 -1.7 -1.7 -1.7 -1.7 -1.7 -1.7 -1.7 -1.7 -1.7 -1.7 -1.7 -1.7 -1.7 -1.7 -1.7 -1.7 -1.3 -0.4 0.5 2.3 2.4 2.4 6.8 11.4 21.1 23.9 24.9 28.5 31 31.3 21.7 14.1 8.9 6.3 5.3 2.1 2.1 2.1 3.2 3.8 4.5 6.7 9.1 8 10.5 21.8 39.5 48.4 61 63.2 61.4 62 57.1 56.8 61.1 70.5 80.8 61.7 54.8 60.3 63 70.8 74.7 87.5 108.1 115.7 127.6 144.2 154.8 154.8 152.9 155 147.5
-1.7 -1.7 -1.7 -1.7 -1.7 -1.7 -1.7 -1.7 -1.7 -1.7 -1.7 -1.7 -1.7 -1.7 -1.7 -1.7 -1.7 -1.7 -1.7 -1.7 -1.7 -1.7 -1.7 -1.7 -1.7 -1.7 -1.7 -1.7 -1.7 -0.2 0.7 1.4 2.4 2.4 7.6 16.6 19.1 25.1 27.6 30.7 32.7 33.6 32.6 18.1 9.3 6.5 4.7 2.5 2.1 2.1 2.1 2.1 3.9 5.1 6 9.7 9.4 14.6 22.9 39.2 47.8 62.5 67.7 61.5 64.6 68.9 57.8 56.4 59.9 67.6 53.8 54.6 54.4 61.3 63.9 66.8 82.2 100.9 110.4 118.6 132 144.9 146.6 145.4 141.6 139.2
-1.7 -1.7 -1.7 -1.7 -1.7 -1.7 -1.7 -1.7 -1.7 -1.7 -1.7 -1.7 -1.7 -1.7 -1.7 -1.7 -1.7 -1.7 -1.7 -1.7 -1.7 -1.7 -1.7 -1.7 -1.7 -1.7 -1.7 -1.7 -1.7 0.8 1.9 2.9 7.6 9.6 16.2 21.3 24.2 29.3 35 34.4 36.7 35.6 32.8 21.1 6 4.8 4.1 2.4 2.1 2.1 2.1 2.3 4.2 5.5 11.3 14 11.6 20.5 25.2 36.4 48.7 58.6 63.6 70.9 70.8 63.5 74 59.4 53.4 52.7 53.4 59.3 54.9 56.3 60.9 64.3 80.5 91.1 99.3 111.5 124.4 131.4 135.2 128.1 123.1 126.4
-1.7 -1.7 -1.7 -1.7 -1.7 -1.7 -1.7 -1.7 -1.7 -1.7 -1.7 -1.7 -1.7 -1.7 -1.7 -1.7 -1.7 -1.7 -1.7 -1.7 -1.7 -1.7 -1.7 -1.7 -1.7 -1.7 -1.7 -1.7 0.3 1.9 4.2 7.2 12.7 16.3 19.7 23.8 26.9 30.4 35.3 36.1 35.9 35.1 32.2 20.9 5.9 4.7 4 3.2 2.2 2.1 2.3 2.8 3.6 10 18.3 22.4 21.3 26.5 28 37.8 48.1 54.7 65.7 71.2 78.3 75.2 59.5 65 55.7 53.4 55 58.2 55.6 56.4 58.2 63.8 74.3 86.2 89.1 104.5 115.1 118.2 118.1 111.9 112 121.3
-1.7 -1.7 -1.7 -1.7 -1.7 -1.7 -1.7 -1.7 -1.7 -1.7 -1.7 -1.7 -1.7 -1.7 -1.7 -1.7 -1.7 -1.7 -1.7 -1.7 -1.7 -1.7 -1.7 -1.7 -1.7 -1.7 -1.7 -1.7 1.8 5.4 10.7 15.1 16.4 19.8 23.7 28.9 30.9 32.9 35.2 35.9 35.5 33.8 30.8 21 7.6 5.1 4.4 3.8 3 2.8 2.8 3 3.5 7.7 15.6 24.2 29.3 28.7 30.9 42.4 51.7 52.6 59.6 71.4 74.7 68 59.2 61.1 50.1 65.1 61.3 58.8 58 55.6 56.5 62 72 80.7 85.8 93 107.2 106.9 105.8 103.5 105.9 109
-1.7 -1.7 -1.7 -1.7 -1.7 -1.7 -1.7 -1.7 -1.7 -1.7 -1.7 -1.7 -1.7 -1.7 -1.7 -1.7 -1.7 -1.7 -1.7 -1.7 -1.7 -1.7 -1.7 -1.7 2 2.3 2.7 2.4 5.8 12.4 18 19 21.6 27.5 27.7 38.3 37.9 35.1 36.2 37.2 36.4 29.3 27 20.7 7 5.5 5 4.2 3.9 3.7 3.5 3.3 2.6 7 15 27.6 30.7 31.5 35.4 46.9 52.9 63.3 73.6 66.9 66.8 56.1 49.1 50.2 62.2 63.6 64.3 58 55.8 56.4 55.9 58.1 63.4 72.7 81.6 85.8 93.5 97.1 98.8 100.9 104 105.6
-1.7 -1.7 -1.7 -1.7 -1.7 -1.7 -1.7 -1.7 -1.7 -1.7 -1.7 -1.7 -1.7 -1.7 -1.7 -1.7 -1.7 -1.7 -1.7 -1.7 -1.7 -1.7 -1.7 -1.7 4.6 8.9 12.7 7.7 14.2 19.5 23.4 23.9 27.4 32.7 32 40.4 40 38.1 37.6 38.1 37.9 28.3 24.2 16.1 6.1 5.3 4.7 4.5 4.3 4.4 3.9 2.6 3.5 4.8 14.8 27.5 32 33.8 42.7 55.8 64.3 64.6 71.1 68 64.4 52.6 47.7 47 50.2 59 60.6 58.8 56.6 56.1 57.5 64.1 60.1 62.7 75.1 81.9 90.3 94.9 102.4 95.2 96.8 100
-1.7 -1.7 -1.7 -1.7 -1.7 -1.7 -1.7 -1.7 -1.7 -1.7 -1.7 -1.7 -1.7 -1.7 -1.7 -1.7 -1.7 -1.7 -1.7 -1.7 -1.7 -1.7 2.3 7.3 14.7 14.2 12.9 14.6 21.1 27.9 32.4 33 32.8 40.9 43.1 40.4 41.8 39.5 38.1 38.1 36.9 29.6 22 18.6 6.3 5.2 4.9 4.9 4.8 4.8 4.1 2.7 3.1 4.7 16.4 25.3 31.6 34.2 45.7 50.5 55.1 56.6 56.5 57.1 56.5 50.9 48.4 48.3 50.5 57.2 72.2 62.5 59.6 57.5 57.4 62.7 75.9 65.9 65.5 75.5 85.2 90.6 98.9 88.3 94.1 97.7
-1.7 -1.7 -1.7 -1.7 -1.7 -1.7 -1.7 -1.7 -1.7 -1.7 -1.7 -1.7 -1.7 -1.7 -1.7 -1.7 -1.7 -1.7 -1.7 -1.7 -1.7 -1.7 3.1 7.8 15.3 13.4 12.5 17.6 24.2 30.5 36 39.5 37.1 41.7 47.6 45.4 42.6 40.1 38.1 39.3 34.8 28.4 20.8 14.7 5.9 5.2 4.9 4.8 4.7 5 4.7 2.7 4.3 5.8 20.9 28.8 34.5 40.3 45.3 49.4 51.2 51.3 51.1 54.3 54.3 51 48.3 48.2 50.5 59.1 68.2 65.3 65.7 64.8 61 62.8 83.5 85.8 79.8 73.1 68 80.6 84.7 84.1 92.9 95.7
-1.7 -1.7 -1.7 -1.7 -1.7 -1.7 -1.7 -1.7 -1.7 -1.7 -1.7 -1.7 -1.7 -1.7 -1.7 -1.7 -1.7 -1.7 -1.7 -1.7 -1.7 -1.7 3.9 7.5 12.8 11.4 8.6 13.1 17.6 26.1 28.2 32.9 34.3 34 42.3 42.2 38.6 35.6 36.5 39.2 32.6 21.5 16.2 14.7 6 5.2 4.9 4.7 5.2 8.8 5.6 2.1 4.6 11.5 27.5 37 45.6 52.6 54.1 52.6 51.1 49.3 48.6 54 48.5 50.9 48.4 47.6 50 61.1 73.3 75.4 76.5 62.4 65.1 65.3 82.1 85.3 85.8 91.3 81.4 73.7 73 71.8 77.1 81.8
-1.7 -1.7 -1.7 -1.7 -1.7 -1.7 -1.7 -1.7 -1.7 -1.7 -1.7 -1.7 -1.7 -1.7 -1.7 -1.7 -1.7 -1.7 -1.7 -1.7 -1.7 -1.7 -1.7 3.2 7.9 5.1 2.4 5.1 8.7 16.1 20 20.6 24.1 26.5 31.8 33.8 33.8 30 31.1 34.6 34.8 23.9 14.4 13.5 5.9 5.1 4.8 5.1 5.5 6.4 5.9 5.6 10.2 26.7 42.5 50.9 57.3 62.7 64.5 68.2 65.2 49.5 47.5 48.8 46.9 48.2 49.1 47.6 49.8 61.4 82.4 80 78.9 63.6 66.1 68.4 73.5 86.9 91.2 89.3 88.6 81.1 80.4 79.5 76.4 76.6
-1.7 -1.7 -1.7 -1.7 -1.7 -1.7 -1.7 -1.7 -1.7 -1.7 -1.7 -1.7 -1.7 -1.7 -1.7 -1.7 -1.7 -1.7 -1.7 -1.7 -1.7 -1.7 -1.7 -1.7 -1.7 2.3 0.9 2.4 4.8 12.2 16 16.3 18.6 20.7 21.1 23.3 25.1 23.6 25.3 26.7 28.7 25.6 14.3 13.3 6.1 5.2 5.5 5.7 5.9 6.5 5.6 18.7 37.3 36.9 50.5 57.3 64.2 66.6 71.5 73.4 69.7 57.2 46.8 48.3 47.3 48.3 49.1 48.8 50.6 65.9 75.2 80.2 80.2 70.9 62.8 62.3 71.7 73.9 97.1 86.9 85.4 84 84.9 80.7 87.7 86.2
-1.7 -1.7 -1.7 -1.7 -1.7 -1.7 -1.7 -1.7 -1.7 -1.7 -1.7 -1.7 -1.7 -1.7 -1.7 -1.7 -1.7 -1.7 -1.7 -1.7 -1.7 -1.7 -1.7 -1.7 -1.7 -1.7 -0.4 1.8 4 10.9 15.3 15.9 15.8 16.4 12.6 11.2 11.3 12.3 17.8 17.9 21.6 21.5 12.2 10.6 6.8 5.8 6.1 6.2 6.3 5.2 9.3 21.6 39.3 52.1 58.3 61.5 68 71.6 75.6 76.9 67.2 57.5 47.8 45.4 50.4 49.8 53.6 51 57.6 66.9 73.4 80.8 76.6 60.4 59 57.5 60.5 79.3 76.2 83.2 84.2 84.9 83 82.4 93.3 89.7
1.9 2.8 -1.7 -1.7 -1.7 -1.7 -1.7 -1.7 -1.7 -1.7 -1.7 -1.7 -1.7 -1.7 -1.7 -1.7 -1.7 -1.7 -1.7 -1.7 -1.7 -1.7 -1.7 -1.7 -1.7 -1.7 -0.3 2.8 9.3 15.1 17.2 16 15.7 14.2 9.7 8.6 8.5 8.4 8.1 8.8 10 12 10.2 7 6.5 6.5 6.7 6.7 6.8 11 14.1 24.1 39.2 45.8 51.6 60 67.7 71.2 76.7 73.8 65.7 55.8 50.9 48.5 58.3 49.7 49.5 55.7 56.8 67.1 76.7 74.5 67.3 56 55.2 56.2 57.7 74.6 77.1 83.6 82.8 90.1 82 85.9 89.6 91.1
4.7 5 4.3 -1.7 -1.7 -1.7 1.5 4.3 -1.7 -1.7 -1.7 -1.7 -1.7 -1.7 -1.7 -1.7 -1.7 -1.7 -1.7 -1.7 -1.7 -1.7 -1.7 -1.7 -1.7 -1.7 0.4 7.1 15.9 19.3 22.3 20.5 19.6 17 11.6 8.7 8 7.9 7.6 7.4 7.6 7.7 6.6 6.5 6.6 7.2 7.4 7.3 7.9 14.9 16 20 32.4 41.2 45.4 54.2 60.7 67.9 65 61.4 62.5 57 45.9 54.1 57.7 40.4 50.1 56.2 58.4 63.1 60.5 61.9 57.6 55 55 57.6 58.5 68 70.4 74.6 80.6 83 87.5 92.2 93.4 90.3
13.8 12.6 6.7 3 1.9 4.6 5 5.6 -1.7 -1.7 -1.7 -1.7 2.4 -1.7 -1.7 -1.7 -1.7 -1.7 -1.7 -1.7 -1.7 -1.7 -1.7 -1.7 -1.7 -1.7 1.9 13.5 22.3 25.6 30.3 30.1 29.9 32.1 23.2 13.6 8.6 8.1 7.9 7.4 7.1 7.6 9.9 7.9 8.7 10.7 9.5 7.2 8.7 9.4 9.4 12 19.7 26.2 30.6 35.3 38.5 51.9 51.4 50.4 51.8 48.4 44.1 51.9 48.7 30.2 41.6 56.5 55.2 56.9 52.6 58.7 59.7 54.7 54.7 58.1 57.1 59.8 63.1 61.8 69.6 80.3 87.7 93.6 94.3 89.4
21.3 15.6 13.7 8.4 10.7 13.6 10.9 1.7 -1.7 -1.7 -1.7 3.1 2.6 -1.7 -1.7 -1.7 -1.7 -1.1 -1.3 -1.7 -1.7 -1.7 -1.7 -1.7 -1.7 1.2 5.2 15.1 30.2 31.6 37.8 43.5 43.1 39.1 45.3 35.5 23.3 18.7 9.8 8.2 7.9 8.1 11.9 13.4 9.3 14.2 13.4 16.4 20.8 25.2 28.6 34.8 30.8 25.5 20.2 17.2 19 26 30.1 33.5 32.5 32.6 31.8 39.7 27.7 26.6 33 52.2 50.3 51.9 49.6 51.1 59.5 51.2 58.9 59.1 57.1 49.8 54 51.4 53.7 80.7 89.4 86.9 88.5 88.7
34.6 20.8 17.4 15.6 21.4 21.3 9.6 0.6 -1.7 -1.7 1.9 10 4.5 1.7 -1.7 -1.7 0 0.3 0.2 -0.6 -1.7 1.2 13 7 4.1 6 12.5 21.6 36.4 45.6 51.2 63.2 68.2 69.4 62.5 50.8 47.1 37.9 28.8 16.5 9.9 9.6 14.2 14 10 18.9 22.1 28.2 32.8 33.3 35.3 38.2 36.5 32.6 39.6 43.9 42.8 26.2 23.3 22.4 28.2 27.9 22.8 23 23.2 24.9 35.1 43.2 40.8 45.8 45.4 55.1 51.5 55.4 52.3 54.3 56.1 42.9 50.4 47.7 59.6 68.1 75.7 79.9 87.1 82.1
41.6 24 21.8 22.7 25.1 25.8 4.1 1.2 0 1.5 10.7 11.7 4.7 2.4 1.8 0.7 1.8 1.7 1.2 0.8 0.6 1.9 11.6 11.7 15.2 22.1 24.8 31.9 39.8 60.2 71.9 78.5 83.3 83.1 75.2 66.1 67.6 60.9 45.7 33.5 26.6 12.7 16.3 16.5 14.6 15.5 28.7 38.2 39.5 42.9 49.6 48.2 44.8 38.4 36.9 34.4 46 36.2 30 21 23.8 20.5 24.1 27.5 24.3 26.3 26.8 26.7 27.9 27.3 29.1 31.3 33.2 40 39.6 44.5 36.9 35.5 39.7 44.4 51.7 57.3 69.5 75.8 75.2 74.5
39.1 34.6 26.3 27.6 32.7 19.6 3.2 2.1 2.4 6.9 15.8 14.6 3.4 2.4 2.4 2.4 4.9 2.4 2.4 2.1 2.1 3.2 13.3 14.9 19.9 31.9 38.1 41.3 54 64.1 74.7 87.1 93.7 93.6 84.1 80.6 80.3 79.2 59.6 50.2 49.1 27.7 20.5 19 15.7 26.2 36.4 43.1 49.1 50 53 53.3 41.3 38.5 35.9 34.3 31.6 32 25.5 21.2 21.9 22.3 27.2 37.1 48 44.2 52.8 45.8 43.4 33.6 27.3 28.4 37.4 41.7 35.9 33.9 33.5 33.9 35.5 40.8 55.5 65.2 72.1 75.1 71.8 73.4
39.7 40.9 32.5 27.5 26.4 11.6 5.8 3.7 2.4 5.9 13.7 11.9 2.4 2.4 2.4 2.6 5 2.4 2.4 2.6 10.6 13.3 18.4 21.5 30.7 33.9 47.4 49.5 60 68.7 75.8 81.8 94.2 98.8 90.9 85.8 86.8 90.8 77.6 61.8 61.4 50.4 35.1 24.6 19.3 28.4 38.7 49.7 53.6 57.1 59.5 55.5 46.6 41.4 38.7 27.2 24.4 24.4 20.9 21.1 20.5 29.9 37.3 54.7 57.2 56.6 81.9 77.6 73.8 69.9 38.5 32.4 32.5 31.8 32.9 34.3 34.5 33.2 34.8 47.1 54.4 60.7 71.1 65.7 66.5 68.9
33.1 38 31.1 26.1 18.8 10.1 14.5 13.8 10.9 10 9.9 10 2.4 2.4 2.4 3.3 4.6 5 5.9 9 16.9 16.8 23.7 27.5 37.4 42.7 52.1 56 64.3 75.7 79.5 81.6 89.2 98.4 97 89.2 99.2 105.4 97 75.7 68.5 68.4 54.1 36.1 28.6 36.9 46.6 55.7 60.2 58.5 53.2 50.9 52 45.2 31.3 25.6 23.3 21.8 20.5 20.9 22.1 51 63.5 63.7 58.1 58.2 90.1 92.4 85 85.7 63.6 50.9 50.9 53.6 44.6 39.9 47.3 34 43.8 54.4 62.6 58 59.7 60.9 65.8 65.3
31.4 29.1 24.9 19.8 13.9 16.8 18.2 21.3 14.4 8.6 5.6 2.4 2.4 2.4 3.5 8.4 11.8 18.1 15.7 18.6 22 23.4 29.9 41.6 42.1 45.3 48.3 57.3 66.8 76.3 80.1 82.6 89.7 98.9 100 103.2 108.9 114.5 108.2 91.5 76.9 70.4 64.4 45.4 46.5 47.9 53 62.1 65 60 52.9 51.7 55.4 52.2 38.1 26.1 22.2 20.5 20.5 20.5 32.6 58.3 71.2 65.5 59.6 70 103.6 102.5 96.6 100.7 71.5 62.7 57 53.9 50.9 47 50.1 55.1 59.6 63.5 69 74.6 65.8 66.8 77.2 74.8
37.3 30.5 18.2 15.4 25.6 25.1 23.9 24.4 15.4 10.3 2.4 2.4 2.4 2.4 7.6 15.9 19.9 30.8 23.2 24.5 28.3 28.7 27.4 42.7 45.1 46.6 48 55.1 65.5 77.3 83.6 85.6 90.1 99.6 105.4 106.3 108 117.7 115.2 95.3 82.9 73 70.9 48.8 54 54.5 61.9 67.5 73.9 73.8 56.2 59.2 60.3 53.4 40.9 27 22.1 20.5 20.5 20.5 40.5 54.6 63 61.3 59.1 81.9 104 105.2 101.6 86.5 71.7 67.8 64.5 62.5 56.9 55.7 64.1 69.8 65.4 65.8 72.5 74.8 70.9 67.4 72.5 68.3
33.6 26.7 16 15.2 21.8 28.6 27.6 26.2 6.3 3.2 2.4 2.4 2.4 2.4 7.7 23.8 31.2 37 29.5 30.4 35.7 38.7 30.6 36 45.3 48.7 46.8 51.6 58.6 69.3 79.8 83.1 91.5 97.4 108.8 116.1 113.5 113.5 109.7 94 84.2 76.6 71.8 55.4 57.3 63.3 76.1 81.4 88.8 84.9 75.3 66.6 61.1 46.9 41.1 29 22.7 20.5 20.5 25.1 40.8 51.3 60.2 59.9 70.3 104.6 122.3 110.7 100.1 78.6 71.5 73.8 68.3 64 60.3 69.5 70.4 68.5 63.6 59.6 70.5 69.4 64 66.9 64.9 54.8
30.7 18.7 15.3 15.2 16.9 28.3 35.7 20.6 10.2 2.6 2.4 2.4 2.4 3.5 17.4 23.2 35.7 42.8 40.4 41 41.4 47 35.9 29 44.4 47.7 45.8 46 56.7 69.8 77.5 83.1 94.3 98.4 109.7 113.9 117 111.3 104.4 91.9 85.6 78 76.3 58.8 65.8 76 82.1 84.8 89.6 98.3 86.3 71.9 61.7 44.7 40 31.4 24.8 21.7 21.9 31.4 42.4 52.5 58.9 58.2 85.5 115.9 128.8 120.7 101.6 75.8 75.1 77.1 63.6 62.1 62.4 80.4 85.2 74.7 62 58.2 62.3 60.9 60.5 61.8 64.8 52.5
18.7 15.2 15.2 15.2 20.2 34.4 47.3 35 12.8 3 3.2 2.4 2.4 7 24.3 27.9 42.9 46.4 48.4 49.1 47.6 48.4 49.7 31 37.2 47.1 45 40.7 57.3 67.2 77 84.8 100.1 102.9 107.2 112.1 112.9 114.2 106.6 88.4 85.6 91.4 80 78.2 78.4 80.4 83.7 85.8 92.3 99.8 88.6 70.7 60.1 41.9 38 35.5 29.2 24.4 29.1 36.8 45 52.5 55.1 67.3 97.2 124.1 132.6 129.5 105.7 83.7 82.5 78.6 62.3 62 63 81.4 90.2 84.1 65.8 55.5 58.5 59.1 59.8 60.3 63 49
16.3 15.2 15.2 18.2 31 34.2 47 37.4 14 8.7 3 2.7 4.3 17.8 29.3 32.9 41.5 49 49.8 53.2 55.9 54.7 55.1 48.8 44.7 45.7 39.8 39.8 52.8 64.3 75.1 88.6 98.9 101.4 106.5 108.6 111.1 111 108.9 98.8 88 93.6 79.9 81.3 87.4 87 84.3 88 94 94 88.3 69.6 53.9 40.5 38.9 41.8 38.4 46.7 47 46.8 47.7 51.5 57.2 87.2 111.6 130.6 138.2 131.3 104.9 91.1 84.7 81.7 62.5 61.9 71.8 91.3 96.7 90.7 70.7 57.1 56.9 58.7 58.4 58.2 52.6 44.5
16.1 15.2 15.2 30.5 38 34.5 34.6 41.2 16.5 12.5 7.2 5.8 12.8 22.3 26.5 36.6 38.1 51.5 47.8 48.4 57 59.6 56.9 49.2 36.9 39.9 38.7 39.1 50 61 82.6 92.1 99.2 100.9 105 108 117.4 118.4 113.1 103.5 91.1 93.7 83 85.5 97.9 100.7 94.1 93.5 92.8 88.5 81.9 64.4 48 40.3 39.8 46.2 54.3 61.2 59.9 57 51.9 54 70.2 97 128.6 135.7 140.2 120.6 96.4 83.1 77.6 68.3 60.2 61 79.2 98.7 96.9 90.4 76.8 61.1 56.5 58.7 58.4 54.3 47.5 40
16.9 16.6 25.4 34.4 42.7 34.7 33.5 35.5 21.4 12.1 9.7 11 14.5 22.2 32.5 37.5 39.7 52.1 48.6 49.7 58.5 65.2 62.5 55.1 35.2 38.4 39.3 44.2 47.4 60.8 74 87.4 92.1 100 107.5 110.5 118 122.1 115.9 101.9 94.6 90.1 86.4 91.9 102.3 104.4 99.9 101.1 95.5 87.1 74.1 63 51.6 43.4 42.6 57.6 70.8 74 67.2 56 54.4 69 97.3 103.8 127.5 137.8 134.1 109.7 95 79.7 71.2 63 58 66.5 72.8 88.3 95.9 89.7 77 63.8 55.6 58.2 56.3 54.6 45.5 32.3
16.6 17.2 27.2 35 40.1 36.8 33.8 29.1 21.6 13.4 11.6 15.2 18.3 23.8 30.3 40.6 46 51.4 49.4 46.9 55.1 58.8 59.5 56.4 37 36.3 37.8 41.9 47.4 61.4 70.1 88.6 100.9 106.6 104.8 110.4 118.1 118.6 113 102.6 96 92.7 96.3 100.9 102.8 101.5 100.1 95 93.3 84.6 74.5 59.1 55 50.1 52.1 72.8 77.7 76.3 62.1 53.4 70 82.8 101.5 119.7 133.4 134.9 127.6 99.7 89.7 80.8 66.5 56.7 57.8 69.9 78.9 81.9 93.1 89.6 78 60.5 54.1 57.4 52.5 50.8 33.1 25
22.6 30.8 34.3 38.6 39.9 38.9 32.6 28.7 25.2 15.7 14.1 17.7 21.2 24.8 31 41 43 49.1 46.4 46 48.9 50.5 55 54.3 40 36.9 38.3 43.9 46 61.9 75.5 89.1 103.9 110.3 105.7 109.9 117.8 116.1 110.9 106.4 97.9 95.4 99.5 102.3 102.3 100.3 96 93.7 96.7 81.2 72.3 63.1 57.8 53.7 61.5 80.2 80.3 71.9 52.1 52.2 72.1 82.8 109.4 144.8 143.5 135.4 113.2 95.6 84 79.2 61 55.1 61.3 72.5 70.7 76.3 87.2 86.5 75.4 62.6 52.1 56.7 44.5 34.9 22.6 16.9
43.1 48.8 45.5 40.4 42.8 37.1 30 29.4 27.4 20.2 20.6 19.2 20.1 25.3 40.9 39.9 42.5 48.3 51.2 45.2 46.3 52.4 49.7 48.6 38.6 37.1 41.2 48.8 48.2 60.9 73 93.7 100 109.1 107.9 108.6 110.7 116.2 114.4 104.6 99.8 97.7 99.4 103.6 103 103.7 91.3 94 94.6 79.4 74.9 69.4 57.8 56.7 69 69.7 78.3 58.3 48.6 58.7 80.7 91.1 123.9 151.2 146.7 130.8 99.8 89.9 78.5 70.3 54.1 55.1 67.5 71.3 71.8 69 85 78.2 82.1 65.3 47.3 45 38.1 24.7 13.5 4.8
45.6 51.1 49 45.6 47.1 41.6 29.9 28.8 28 24.4 24.5 22.1 22.1 32.9 37.2 37.3 40.5 47.5 45.3 44 44.2 51.6 47.1 46 38.1 39.2 51 62.8 64.2 66.9 78.3 90.3 102.8 114.5 112.2 110.2 111.9 119.7 112.6 104.5 104.9 100.5 100.6 103.5 103.3 104.5 91.3 93.2 86.8 76.5 71.6 60.8 58.8 60.3 62 56.3 52.2 47.5 49.2 60.4 89.5 102.3 131.6 148.6 140.5 119.6 94.8 86.3 70.2 62.6 53.1 58.1 64.8 77.7 73.3 66.6 69.9 69 75.1 59.4 33.6 29.4 22.9 9.1 2.6 2.4
49.9 45.2 45.2 50.6 52.9 43.2 30.1 29.9 28 22.5 22.3 19.3 25.9 33.6 38.3 43.9 41.4 40.9 41.9 43.3 46.5 53.7 49.6 48.2 39.5 41.2 53.2 63 69.6 68.2 82.4 90.5 102.1 109.9 112.8 113.1 116.2 120.1 105.2 105.8 109 100.3 102.9 103.7 99.8 98.4 92.8 80.2 67.6 75 62 54.3 58.7 52.9 52.3 41.6 37.7 43.5 59.5 72.2 96 108.6 138 142.5 129 103 91.3 75.1 62 49.7 56.2 63 68.9 78.6 72.9 61.4 57.2 60.7 52.7 42.9 25.1 18.2 14.6 2.4 2.4 2.4
