public/OST50/NM69.asc
ncols 200
nrows 200
xllcorner 160000
yllcorner 790000
cellsize 50
[rows 152 to 189 of 200, columns 85 to 169 of 200]
-1.8 -1.8 -1.8 -1.8 -1.8 -1.8 -1.8 -1.8 -1.8 -1.8 -1.8 -1.8 -1.8 -1.8 -1.8 -1.8 -1.8 -1.8 -1.8 -1.8 -1.8 -1.8 -1.8 -1.8 -1.8 -1.8 -1.8 -1.8 -1.8 -1.8 -1.8 -1.8 -1.8 -1.8 -1.8 -1.8 -1.8 -1.8 -1.8 -1.8 0.9 4.3 16.2 13.9 18.2 39.6 61.1 63.5 53.7 41.1 36.7 36.5 51 50.3 38.9 31.5 32.3 29 17.8 5.1 4.4 3.9 4.6 3.7 1.8 -0.1 -1.8 -1.8 0.9 9 30.5 20.1 11 18.6 42.5 37.3 26.6 21.5 14 22.5 31.5 21.7 17 12.7 10.8
-1.8 -1.8 -1.8 -1.8 -1.8 -1.8 -1.8 -1.8 -1.8 -1.8 -1.8 -1.8 -1.8 -1.8 -1.8 -1.8 -1.8 -1.8 -1.8 -1.8 -1.8 -1.8 -1.8 -1.8 -1.8 -1.8 -1.8 -1.8 -1.8 -1.8 -1.8 -1.8 -1.8 -1.8 -1.8 -1.8 -1.8 -1.8 -1.8 -0.1 1.5 3 17.3 24.7 25.1 40.3 64.7 80.8 64.9 43.5 37.5 34 38 49.1 35.1 28.6 28 25.3 19.1 9.4 7 5.8 4.9 6.7 2.3 0.8 -1.8 -1.8 0.1 2.4 27.6 13.5 7.2 9.7 27.9 31.8 28.8 23.1 16.8 14.9 30.8 18.5 15 11.5 10.5
-1.8 -1.8 -1.8 -1.8 -1.8 -1.8 -1.8 -1.8 -1.8 -1.8 -1.8 -1.8 -1.8 -1.8 -1.8 -1.8 -1.8 -1.8 -1.8 -1.8 -1.8 -1.8 -1.8 -1.8 -1.8 -1.8 -1.8 -1.8 -1.8 -1.8 -1.8 -1.8 -1.8 -1.8 -1.8 -1.8 -1.8 -1.8 -1.8 1 2.6 8.4 13.9 34 39.8 41.2 69.2 83.3 76 55.1 37.4 32 32 32.6 30.5 21.6 24.5 23.8 21.2 16.6 17.8 11.5 4.5 10.9 8.4 1.5 -1.8 -1.8 -0.4 1.4 4.8 4 4.2 5.4 14.4 24.6 20.5 14.5 6.3 2.8 3.4 7.3 9.6 9.6 9.6
-1.8 -1.8 -1.8 -1.8 -1.8 -1.8 -1.8 -1.8 -1.8 -1.8 -1.8 -1.8 -1.8 -1.8 -1.8 -1.8 -1.8 -1.8 -1.8 -1.8 -1.8 -1.8 -1.8 -1.8 -1.8 -1.8 -1.8 -1.8 -1.8 -1.8 -1.8 -1.8 -1.8 -1.8 -1.8 -1.8 -1.8 5.4 2.4 2.4 6.3 7.3 8.7 36.4 53.2 48.9 62.1 81.5 81.7 66 50.9 33.9 29 24.3 22.1 15.8 16.1 23.5 27.3 25.6 22 17.9 7.6 8.6 9.5 2.4 0.3 -1.8 -1.8 0.7 1.9 3.3 2.4 -1.8 -1.8 -1.8 -1.8 1.6 5.8 13.8 6.7 27 19.6 20.1 15.9
-1.8 -1.8 -1.8 -1.8 -1.8 -1.8 -1.8 -1.8 -1.8 -1.8 -1.8 -1.8 -1.8 -1.8 -1.8 -1.8 -1.8 -1.8 -1.8 -1.8 -1.8 -1.8 -1.8 -1.8 -1.8 -1.8 -1.8 -1.8 -1.8 -1.8 -1.8 -1.8 -1.8 -1.8 -1.8 -1.8 -1.8 2.5 15.1 9.9 8.1 7.9 9.6 30.2 54.5 62.5 59.4 76.6 75.7 64.8 61.6 46.4 29.8 23.2 17.9 14.8 13.6 17.7 20.9 26.1 31.4 20.3 11.3 8.5 16.5 7.5 2.8 -1.8 -1.8 -0.1 0.3 0.7 -1.8 -1.8 -1.8 -1.8 -1.8 12.9 20.2 26.7 25.5 16.1 22.6 28.4 25.6
-1.8 -1.8 -1.8 -1.8 -1.8 -1.8 -1.8 -1.8 -1.8 -1.8 -1.8 -1.8 -1.8 -1.8 -1.8 -1.8 -1.8 -1.8 -1.8 -1.8 -1.8 -1.8 -1.8 -1.8 -1.8 -1.8 -1.8 -1.8 -1.8 -1.8 -1.8 -1.8 -1.8 -1.8 -1.8 -1.8 -1.8 5.3 20.4 19.7 8.6 8.6 9.2 15.2 39.8 64.1 63.1 67.7 71.3 63.7 59.9 52.3 31.8 21.4 15 13.5 12.2 13.1 22.1 29.4 34.4 27.1 13.8 9.8 13.5 14 11 -1.8 -1.8 -1.2 -1.2 -1.8 -1.8 -1.8 -1.8 -1.8 11.7 19.3 33.2 39.6 35.3 17.4 24.8 35.8 35.1
-1.8 -1.8 -1.8 -1.8 -1.8 -1.8 -1.8 -1.8 -1.8 -1.8 -1.8 -1.8 -1.8 -1.8 -1.8 -1.8 -1.8 -1.8 -1.8 -1.8 -1.8 -1.8 -1.8 -1.8 -1.8 -1.8 -1.8 -1.8 -1.8 -1.8 -1.8 -1.8 -1.8 -1.8 -1.8 -1.8 -1.8 -1.8 19.6 22.2 15.1 7.9 11.6 13.9 22.1 50.9 66.2 64.1 64.4 59.3 49.4 49.2 32.4 19.9 12.8 12 11.9 12.3 27.3 36.7 36.7 27.1 17.9 10.2 11.4 13.8 16.5 4.7 -1.8 -1.8 -1.8 -1.8 1.5 11.1 -1.8 0.9 16.3 30.1 41 45.8 33.8 19.8 23.5 33.1 48.5
-1.8 -1.8 -1.8 -1.8 -1.8 -1.8 -1.8 -1.8 -1.8 -1.8 -1.8 -1.8 -1.8 -1.8 -1.8 -1.8 -1.8 -1.8 -1.8 -1.8 -1.8 -1.8 -1.8 -1.8 -1.8 -1.8 -1.8 -1.8 -1.8 -1.8 -1.8 -1.8 -1.8 -1.8 -1.8 -1.8 -1.8 -1.8 4.7 18.1 18.2 11.6 11.6 13.9 25.2 37.9 57.4 51.6 48.8 50.6 42.1 40.3 28.6 17.7 11.8 11.4 11.5 12 28.1 40.5 41.1 31.3 23.4 13.4 11.5 13.7 20 11.8 2.9 1 0.3 1.6 8.1 11.8 2.4 2.4 19.9 30.9 33.6 34.5 33.2 23.7 26.7 31.7 54.7
-1.8 -1.8 -1.8 -1.8 -1.8 -1.8 -1.8 -1.8 -1.8 -1.8 -1.8 -1.8 -1.8 -1.8 -1.8 -1.8 -1.8 -1.8 -1.8 -1.8 -1.8 -1.8 -1.8 -1.8 -1.8 -1.8 -1.8 -1.8 -1.8 -1.8 -1.8 -1.8 -1.8 -1.8 -1.8 -1.8 -1.8 -1.8 -1.8 7.1 6.9 -1.8 6.9 9.9 25.2 26.6 38.1 27.1 28.1 30.5 32.5 29.8 23.3 17.4 10.9 11 11.2 12.7 29.8 46.5 48.7 39 30.8 17.5 12.5 13.9 26 22.2 15.1 2.9 2.4 4.1 22.9 13.7 2.4 2.4 23.1 45.6 42.5 37.4 32.1 26.4 29.6 31.2 43
-1.8 -1.8 -1.8 -1.8 -1.8 -1.8 -1.8 -1.8 -1.8 -1.8 -1.8 -1.8 -1.8 -1.8 -1.8 -1.8 -1.8 -1.8 -1.8 -1.8 -1.8 -1.8 -1.8 -1.8 -1.8 -1.8 -1.8 -1.8 -1.8 -1.8 -1.8 -1.8 -1.8 -1.8 -1.8 -1.8 -1.8 -0.6 -1.8 2.4 2.5 -1.8 -1.8 6 20.8 22.9 16.5 14 15.1 17.9 20.8 21.1 14.2 11.1 10.8 10.9 10.9 13.3 25.2 50.2 56.3 49.7 36.5 23 14.2 15.4 27 23.7 18.4 14.1 8.6 13 35.2 16.3 9.3 8.4 27.4 55.1 60.5 48 39.1 29.8 30.3 30.8 37.9
-1.8 -1.8 -1.8 -1.8 -1.8 -1.8 -1.8 -1.8 -1.8 -1.8 -1.8 -1.8 -1.8 -1.8 -1.8 -1.8 -1.8 -1.8 -1.8 -1.8 -1.8 -1.8 -1.8 -1.8 -1.8 -1.8 -1.8 -1.8 -1.8 -1.8 -1.8 -1.8 -1.8 -1.8 -1.8 -1.8 -0.2 1 1.8 5.1 4.9 6.5 -1.8 5.3 16.7 23.3 16.2 11.3 9.8 15.9 21.6 15.1 11.2 11 10.9 10.7 10.8 13.3 22.9 50.9 61.2 55.3 41.4 26.7 18.3 21.5 28.2 23.1 16.3 17.9 10.2 17.5 32 18 9.8 9.1 31 54.8 59 56.3 50.2 42.1 32.4 31.7 31.1
-1.8 -1.8 -1.8 -1.8 -1.8 -1.8 -1.8 -1.8 -1.8 -1.8 -1.8 -1.8 -1.8 -1.8 -1.8 -1.8 -1.8 -1.8 -1.8 -1.8 -1.8 -1.8 -1.8 -1.8 -1.8 -1.8 -1.8 -1.8 -1.8 -1.8 -1.8 -1.8 -1.8 -1.8 -1.8 -0.5 0.6 1.8 4.7 17.5 7.9 7.3 4.4 4.1 7.9 21.3 18.3 11.2 10.1 9.9 18.1 10.8 10.4 10.5 10.5 10.5 10.8 11.1 12.1 22.6 45 48.8 43.3 31.2 24.6 28.1 34.8 23.8 17.1 20.4 20.3 30.3 22.1 21 8.3 6.1 22.3 42.4 49.5 54.6 57.5 47.3 41.7 34.1 33.1
-1.8 -1.8 -1.8 -1.8 -1.8 -1.8 -1.8 -1.8 -1.8 -1.8 -1.8 -1.8 -1.8 -1.8 -1.8 -1.8 -1.8 -1.8 -1.8 -1.8 -1.8 -1.8 -1.8 -1.8 -1.8 -1.8 -1.8 1.6 -1.8 -1.8 -1.8 -1.8 -1.8 -1.8 0 0.5 1.4 3.3 15.2 8.4 5.8 12.1 6.1 4.3 9.7 13.1 15.6 14.9 10.5 10.1 9.8 10.3 10.8 10 10 10.3 10.5 10.8 11.5 13.4 32 44.2 40.4 33.1 29.8 32.7 36.1 27.9 18.1 25.6 31.8 33.7 23.9 15.7 7.6 14.1 19.6 36.1 44.9 52.9 55.4 57.8 53.7 40.2 42.6
-1.8 -1.8 -1.8 -1.8 -1.8 -1.8 -1.8 -1.8 -1.8 -1.8 -1.8 -1.8 -1.8 -1.8 -1.8 -1.8 -1.8 -1.8 -1.8 -1.8 -1.8 -1.8 -1.8 -1.8 2.4 -1.8 2.9 2.2 0.6 -1.8 -1.8 -1.8 -1.8 0.5 2.7 2.4 2.4 12.6 10.8 6.5 6 12.2 15.7 1.9 6.6 12.8 14.3 12.8 11.4 10.7 10.3 10.1 9.5 9.8 9.8 10 10.3 10.6 11.4 14 42.2 47.9 41.2 32.8 29.8 28.4 30.6 26.3 20.1 30 42.7 24.5 34 19.1 12.4 21.6 25 27.1 49.8 47.3 49.9 51 50.2 46.5 49.6
-1.8 -1.8 -1.8 -1.8 -1.8 -1.8 -1.8 -1.8 -1.8 -1.8 -1.8 -1.8 -1.8 -1.8 -1.8 -1.8 -1.8 -1.8 -1.8 -1.8 -1.8 -1.8 -1.8 -1.8 -1.8 -1.8 -1.8 -1.8 2.4 1.7 0.8 0.2 0.9 4.4 3.6 3.6 7.6 9.2 8.1 5.6 7.2 8.2 12.4 5.5 6.1 8.7 13.6 13.5 12.7 11.5 10.2 7 8.4 9.3 9.2 9.8 10.1 10.5 10.9 13.8 38.5 51.5 45.5 35 29.9 27.2 28.4 22.5 19.8 29.8 25.2 46 37.4 22.1 14.3 30.6 22.2 27.2 34 41.6 48 52.3 55.1 53.1 51.4
-1.8 -1.8 -1.8 -1.8 -1.8 -1.8 -1.8 -1.8 -1.8 -1.8 -1.8 -1.8 -1.8 -1.8 -1.8 -1.8 -1.8 -1.8 -1.8 -1.8 -1.8 -1.8 -1.8 -1.8 -1.8 -1.8 -1.8 -1.8 3.6 2.4 4 2 2.4 13.2 4.6 5.6 7.8 6 6.8 6.7 7.8 8.8 13.1 16.3 6 4.7 4.9 11.8 12.2 12.8 7.4 10.7 12 10.6 11.4 9.2 9.9 10.5 11.1 13.7 23.7 39 43.1 31.7 30.4 25.6 23.3 17.8 24.4 27.1 47.9 61 46.6 24.3 17.6 33 24.6 27.9 30.2 33.5 40.6 50.7 53.5 54.4 44.3
-1.8 -1.8 -1.8 -1.8 -1.8 -1.8 -1.8 -1.8 -1.8 -1.8 -1.8 -1.8 -1.8 -1.8 -1.8 -1.8 -1.8 -1.8 -1.8 -1.8 -1.8 -1.8 -1.8 -1.8 -1.8 -1.8 -1.8 -1.8 -1.8 -1.8 5.1 3.5 8.4 4.5 5.1 6.8 6.6 6.1 7.2 7.6 8.7 12.3 12.3 20.1 8.1 6.3 5.7 3.4 7.7 7.6 7.2 6 14.1 16 17.3 13.5 10.3 10.7 11.2 13.7 21 38.3 40.1 35 29.5 25.1 23.4 26.3 22 30.2 41.7 49.4 48.9 23 19.4 30.8 27.8 30.5 38.9 30.6 35.3 44 43.1 42.7 38.1
-1.8 -1.8 -1.8 -1.8 -1.8 -1.8 -1.8 -1.8 -1.8 -1.8 -1.8 -1.8 -1.8 -1.8 -1.8 -1.8 -1.8 -1.8 -1.8 -1.8 -1.8 -1.8 -1.8 -1.8 -1.8 -1.8 -1.8 -1.8 -1.8 -1.8 -1.8 2.4 6.2 6.8 7.1 9.8 12.5 8.7 18.7 12.7 11.5 11.5 12.1 19.4 14.1 6.7 6.9 11.1 8.3 5.1 6 5.6 17.8 18.9 19.8 16.3 11 11.1 11.5 14.3 22.3 44.5 50.4 38.4 32.5 28 22.2 20.7 22.5 29.6 54.5 56.1 50.1 21.9 29.2 31.7 30.5 31 37.1 28.3 32.9 34 33.5 37.7 31
-1.8 -1.8 -1.8 -1.8 -1.8 -1.8 -1.8 -1.8 -1.8 -1.8 -1.8 -1.8 -1.8 -1.8 -1.8 -1.8 -1.8 -1.8 -1.8 -1.8 -1.8 -1.8 -1.8 -1.8 -1.8 -1.8 -1.8 -1.8 -1.8 -1.8 -1.8 4.7 7.9 8.7 8.2 16.4 16.5 15 17.6 16.7 13.6 11.4 13.1 16.7 21 10.1 9.4 13.4 14.1 15.3 11.4 7.3 19.4 20.2 21.4 14.8 11.2 11.8 13.3 15.7 30.9 48.5 48 39.4 30.8 25.9 23.8 22.1 22.8 27.7 51.5 54.9 37 22.5 37.6 34.9 33.6 33.3 37.9 27.8 27.8 31.6 30.3 28.8 27.5
-1.8 -1.8 -1.8 -1.8 -1.8 -1.8 -1.8 -1.8 -1.8 -1.8 -1.8 -1.8 -1.8 -1.8 -1.8 -1.8 -1.8 -1.8 -1.8 -1.8 -1.8 -1.8 -1.8 -1.8 -1.8 -1.8 -1.8 -1.8 -1.8 -1.8 -1.8 2.4 6.6 9.4 9.2 10.4 15.6 16.9 18.3 17.9 15.7 13 14.3 19 23 14.1 14.9 15.9 18.6 18.3 14.1 7.5 11.9 16.1 20.9 15.5 12.2 15.1 16.4 20.8 30.8 48.5 37.6 41.2 29.7 26.6 25.6 23.4 23.1 34.9 44.9 46.4 30.4 24.8 41.4 38.1 45.6 35.1 39 27.2 25.7 27.4 29.3 27.7 25.8
-1.8 -1.8 -1.8 -1.8 -1.8 -1.8 -1.8 -1.8 -1.8 -1.8 -1.8 -1.8 -1.8 -1.8 -1.8 -1.8 -1.8 -1.8 -1.8 -1.8 -1.8 -1.8 -1.8 -1.8 -1.8 -1.8 -1.8 -1.8 -1.8 -1.8 -1.8 3.1 13.9 16 10.8 12.2 13.6 16.4 17.4 20.2 19.4 17.5 18.5 22.7 27.4 24.7 21.7 21.6 21.3 18.5 15.7 8.5 6.6 12.1 16.5 15.1 13.3 17.1 24 36.6 39.6 41.1 44.5 42.5 32.8 26.8 25.4 23.6 23.3 41.4 46.5 40.9 24.5 29 49.4 51.7 56.3 35.9 27.7 24 23.9 26.8 27.6 27.1 24.9
-1.8 -1.8 -1.8 -1.8 -1.8 -1.8 -1.8 -1.8 -1.8 -1.8 -1.8 -1.8 -1.8 -1.8 -1.8 -1.8 -1.8 -1.8 -1.8 -1.8 -1.8 -1.8 -1.8 -1.8 -1.8 -1.8 -1.8 -1.8 -1.8 -1.8 -1.8 2 5.7 7.8 9.5 11.6 13.8 14.6 16.7 24 24.8 29.3 30.7 39.8 51.5 43.8 35 42.7 34.7 25.2 16.8 13.3 8 11.9 12.5 13 13.5 18.1 25.9 38.4 45.5 55.3 46.9 37.8 34.1 28.1 25.1 24 26.1 39.2 48.5 34.2 24.1 29.2 54.8 54.2 59 36.3 33.9 23.8 21.9 29.7 26.9 26 23.2
-1.8 -1.8 -1.8 -1.8 -1.8 -1.8 -1.8 3.1 1.9 -0.3 -1.8 -1.8 -1.8 -1.8 -1.8 -1.8 -1.8 -1.8 -1.8 -1.8 -1.8 -1.8 -1.8 -1.8 -1.8 -1.8 -1.8 -1.8 -1.8 -1.8 -1.8 -1.8 2.2 5.5 6 8.8 14.3 11.9 13.9 18.1 29.1 36.5 36.9 52.2 59.7 54.3 36.8 46.3 50.1 43.2 27 21.4 8 7.4 10.2 11.6 14 21.6 30 43 46 58.6 53.3 40.7 32.2 27.7 25.4 24.8 29.3 35.5 36.5 25.8 22.2 30.5 50.7 54 50.1 38.4 29.3 23.6 19.2 20.2 22.5 23.1 20.3
-1.8 -1.8 -1.8 -1.8 -1.8 -1.8 0.8 1.8 2.4 0.8 -1.8 -1.8 -1.8 -1.8 -1.8 -1.8 -1.8 -1.8 -1.8 -1.8 -1.8 -1.8 -1.8 -1.8 -1.8 -1.8 -1.8 -1.8 -1.8 -1.8 -1.8 -1.8 1.6 2.4 4.2 7.1 12.8 9.2 11.7 13.9 21 32.9 35 47.9 55.2 52.4 42.4 45.6 57.3 55.8 41.1 30.5 17.7 9.8 10.2 11.9 14.4 19.4 29 50.6 51.2 60.3 61 46.6 37.9 30.3 32.7 28.8 38.9 41.1 32.2 23.9 22.2 35.8 57.8 56.2 49.7 36.5 25.1 18.8 18.4 18.6 18.7 18.8 19.2
-1.8 -1.8 -1.8 -1.8 -1.8 -1.8 -0.6 0.6 1.9 2 -1.8 -1.8 -1.8 -1.8 -1.8 -1.8 -1.8 -1.8 -1.8 -1.8 -1.8 -1.8 -1.8 -1.8 -1.8 -1.8 -1.8 -1.8 -1.8 -1.8 -1.8 -1.8 1.4 2.7 4 6.8 10 10.2 13.1 16 26 30.5 35.2 37.5 43.8 51.2 48.6 47.4 57.3 61 50.9 42.7 24.4 15.4 11.9 13.7 17.8 25 42.3 54.2 58.9 62.9 63.8 49.5 36.9 31.9 32.7 31.1 36.2 36.6 29.8 25.2 24.2 35.2 46.9 52.9 43.6 31.8 18.3 18 17.9 18.3 18.5 18.5 18.4
-1.8 -1.8 -1.8 -1.8 -1.8 -1.8 -1.8 -1.8 -1.1 -1.8 -1.8 -1.8 -1.8 -1.8 -1.8 -1.8 -1.8 -1.8 -1.8 -1.8 -1.8 -1.8 -1.8 -1.8 -1.8 -1.8 -1.8 -1.8 -1.8 4.3 1.3 1.4 2.4 17 9.2 7.2 16.7 18.2 31.2 36.2 44.3 40.1 39.2 39.7 49.2 60.3 59.6 53.3 57.8 55.6 51.1 40.4 26.8 17.1 15.3 16.9 22.2 29.8 47.7 61.2 62.3 62.5 58.5 46.8 36.6 33.5 33.5 33.2 45.8 50.6 33.8 26.3 29.5 38.5 49.4 45 38.3 28.5 19.7 17.2 17.5 17.9 18.2 18.3 18.5
-1.8 -1.8 -1.8 -1.8 -1.8 -1.8 -1.8 -1.8 -1.8 -1.8 -1.8 -1.8 -1.8 -1.8 -1.8 -1.8 -1.8 -1.8 -1.8 -1.8 -1.8 -1.8 -1.8 -1.8 -1.8 -1.8 -1.8 -1.8 -1.8 2.9 3 2.6 4.4 11.5 18.8 11.9 15.2 20.4 36 39.1 49.8 44.6 46.8 45.2 60.4 70.5 68.8 60.7 66.7 61 58.3 46.1 30.2 21.8 17.1 20.9 27.8 34.2 49.4 52.3 57.5 65.6 68.1 61.2 44.1 35.1 35.7 35 41.5 55.1 35.2 26.8 32.5 41.6 44 45.1 35 22.5 17.6 17.2 17.7 18 18.2 18.4 18.7
-1.8 -1.8 -1.8 -1.8 -1.8 -1.8 -1.8 -1.8 -1.8 -1.8 -1.8 -1.8 -1.8 -1.8 -1.8 -1.8 -1.8 -1.8 -1.8 -1.8 -1.8 -1.8 -1.8 -1.8 -1.8 -1.8 -1.8 -1.8 -1.8 2.4 7 7.4 7.6 12.3 21.8 15.6 15.6 20.1 29.6 29.8 41.9 36.8 42.9 49.3 65 68 74.9 67.5 70.4 69.1 60.9 51.3 35.5 25.2 18.4 22.8 30.1 37.4 55.6 67.7 66.6 72.9 82.1 77.2 60.9 49.4 49.9 47.8 42.3 53.1 33.6 26.7 34.5 44.1 40.9 41.6 32 17.5 17.1 17.4 17.8 18.1 18.2 18.3 18.5
-1.8 -1.8 -1.8 -1.8 -1.8 -1.8 -1.8 -1.8 -1.8 -1.8 -1.8 -1.8 -1.8 -1.8 -1.8 -1.8 -1.8 -1.8 -1.8 -1.8 -1.8 -1.8 -1.8 -1.8 -1.8 -1.8 -1.8 -1.8 -1.8 2 3.9 6.2 6.8 13.6 27.6 20.4 19.3 21.4 26.8 26 25.9 30.6 36.6 42.8 51.4 59.2 76.3 78.1 78.5 73.1 59.7 50.6 36.3 27.2 23.4 26.7 34.9 47 56.7 70.9 73.9 76.4 87.8 84.7 75.3 65.3 58.1 59.8 48 34.6 28.8 25.8 27.5 37.8 39 36.1 29.2 16.6 17.2 17.6 17.9 18.1 18.2 18.3 18.4
-1.8 -1.8 -1.8 -1.8 -1.8 -1.8 -1.8 -1.8 -1.8 -1.8 -1.8 -1.8 -1.8 -1.8 -1.8 -1.8 -1.8 -1.8 -1.8 -1.8 -1.8 -1.8 -1.8 -1.8 -1.8 -1.8 -1.8 -1.8 -1.8 -1.8 2.5 5.7 6.6 9.1 21.7 16.5 21.9 25.7 22.1 22.6 24.1 29.6 37.4 46.7 51.3 57 77.9 76.5 74.6 80.3 70.2 61.2 49.1 31.6 28.6 34.6 37.1 47.9 54.7 72.1 74 78.1 83.9 81.8 89.5 80.1 56.8 56.8 54 33.9 23.8 24.6 25.2 35.9 45.4 41.5 20.5 16.6 17.4 17.7 18 18.1 18.2 18.3 18.4
-1.8 -1.8 -1.8 -1.8 -1.8 -1.8 -1.8 -1.8 -1.8 -1.8 -1.8 -1.8 -1.8 -1.8 -1.8 -1.8 -1.8 -1.8 -1.8 -1.8 -1.8 -1.8 -1.8 -1.8 -1.8 -1.8 -1.8 -1.8 -1.8 -1.8 2.4 3.2 5.5 8.1 13.3 15.3 18.7 20.8 19.9 21.5 21.2 26.8 27.1 32.8 44.2 50.2 59 73.5 75.8 88.2 77.8 69 54.6 37.1 34.8 43.6 47.2 50.2 58.1 71.6 74.8 76.4 78.1 89.1 96.6 89.3 63.1 54.4 53.4 32.7 21.5 25 23.7 28.9 33 34 16 16.7 17.5 17.8 18 18.1 18.2 18.3 18.4
-1.8 -1.8 -1.8 -1.8 -1.8 -1.8 -1.8 -1.8 -1.8 -1.8 -1.8 -1.8 -1.8 -1.8 -1.8 -1.8 -1.8 -1.8 -1.8 -1.8 -1.8 -1.8 -1.8 -1.8 -1.8 -1.8 -1.8 -1.8 -1.8 2.3 2.4 5.8 5.4 8.7 12.9 15.8 22.4 24.9 19.1 19.1 19.2 21 23.2 29.1 33 46.2 58.5 78.2 74.3 86.8 86.3 74.5 61.8 42.5 34.8 52.3 50.8 53.7 62.2 77.1 82.7 79.4 81.3 95.7 103.8 90.6 69.6 49.7 45.9 30 19.1 23.9 21.6 22.4 27.9 20.3 16.4 17 17.6 17.9 18 18.1 18.2 18.3 18.3
-1.8 -1.8 -1.8 -1.8 -1.8 -1.8 -1.8 -1.8 -1.8 -1.8 -1.8 -1.8 -1.8 -1.8 -1.8 -1.8 -1.8 -1.8 -1.8 -1.8 -1.8 -1.8 -1.8 -1.8 -1.8 -1.8 -1.8 -1.8 0.4 3.4 6.2 7.2 16.5 13.3 25.8 25 24.2 20.9 18.2 18.6 18.5 21.1 22.2 26.1 39.6 51.6 53.4 69.9 73.2 89.2 90.5 84.6 65.9 53.5 40.9 56.8 54.6 58.5 58.3 73.2 82.9 82.4 83.7 95.9 104.1 87.7 70.2 45 35.2 26.7 17.5 22.9 19.5 16.9 19.5 15.9 16.3 17.1 17.7 17.8 17.9 18 18.1 18.2 18.3
-1.8 -1.8 -1.8 -1.8 -1.8 -1.8 -1.8 -1.8 -1.8 -1.8 -1.8 -1.8 -1.8 -1.8 -1.8 -1.8 -1.8 -1.8 -1.8 -1.8 -1.8 -1.8 3.2 1.8 -1.8 -1.8 -0.3 1.4 2.4 5.3 15.8 17.2 18.1 17 24.2 23.4 20.5 17.7 17.1 17 17.5 18.9 21.1 28.3 40.6 52.1 52.9 64.5 69.7 77.7 85.3 85.5 71.8 58.8 47.4 58.2 59.2 61.1 63.7 80.4 82.4 82.7 83.8 94.6 95.7 81.5 66.9 45.7 30.9 20.8 15.5 17.4 18.6 16.7 14.6 15.6 16.6 17.4 17.7 17.8 17.9 18 18.1 18.2 18.2
-1.8 -1.8 -1.8 -1.8 -1.8 -1.8 -1.8 -1.8 -1.8 -1.8 -1.8 -1.8 -1.8 -1.8 -1.8 -1.8 -1.8 -1.8 -1.8 -1.8 -1.8 -1.8 -1.8 2 0 -0.3 0.2 1.8 2.9 8.3 15.7 18 13.7 12.5 19.5 21.5 16.6 16.1 16 16 16.6 19.7 23 24.6 36 45 45.9 58 66 66.8 81 86.4 77.9 61.6 54.5 62 63.3 61.6 69.7 83.8 79.3 81.7 85.4 93 93.3 77.6 62.4 49.1 28.6 20.3 15 20.1 19.3 18.4 15.1 16.1 17 17.5 17.7 17.8 17.9 18 18 18.1 18.2
-1.8 -1.8 -1.8 -1.8 -1.8 -1.8 -1.8 -1.8 -1.8 -1.8 -1.8 -1.8 -1.8 -1.8 -1.8 -1.8 -1.8 -1.8 -1.8 -1.8 -1.8 -1.8 -1.8 2.4 1.1 0.9 1.3 2.1 3.6 5.5 7.5 10.9 13.6 9.5 13.2 13.4 13.8 13.8 14.9 15.4 16.3 19.7 22.6 23.1 29.4 34.2 40 51.9 62.1 63.4 77.1 87.8 78 59.6 54.8 63.2 65.5 65 67.8 75.1 76.5 79.9 87.3 96.2 94.1 75.8 59.2 46 29.1 21.7 14.1 16.2 19.2 14.1 15.2 16.3 17.3 17.5 17.7 17.8 17.9 17.9 18 18.1 18.2
-1.8 -1.8 -1.8 -1.8 -1.8 -1.8 -1.8 -1.8 -1.8 -1.8 -1.8 -1.8 -1.8 -1.8 -1.8 -1.8 -1.8 -1.8 -1.8 -1.8 2.4 2.4 3.5 6.9 2.3 2 2.3 4.1 4.2 5.1 6.8 7.5 7.9 9.8 8.9 8 10.7 11.2 15.4 14.9 15.9 17.4 19.5 22.8 30.4 35.8 45.1 52.8 63.3 64.8 68.6 75.2 69.1 60.6 55.4 65.9 64.7 65 66.4 68.1 74.2 84 91.5 96.6 96.3 76.2 59.4 45.1 27.3 25.8 15.9 14.2 15.2 15 16.1 16.9 17.2 17.4 17.6 17.7 17.8 17.9 18 18.1 18.1
-1.8 -1.8 -1.8 -1.8 -1.8 -1.8 -1.8 -1.8 -1.8 -1.8 -1.8 -1.8 -1.8 -1.8 -1.8 -1.8 -1.8 -1.8 -1.8 -1.8 -1.8 1 2.4 6.3 4.9 4.5 5.1 5 4.3 5.5 5.5 6.3 6.5 6.7 7.7 7.3 10 12.7 14.8 15.2 15.8 17.1 18.9 23.6 33.5 43.5 55.5 58.7 68.9 68 68.8 72 71.7 61 56.2 61.9 63.7 64 65.5 72.5 86.2 96.9 100.3 101.8 102.5 80.6 60.9 49 29.7 25.4 13.7 14.3 15.5 15.7 16.4 16.7 17 17.3 17.5 17.7 17.8 17.9 18 18.1 18.2
