public/OST50/NM78.asc
ncols 200
nrows 200
xllcorner 170000
yllcorner 780000
cellsize 50
[rows 72 to 107 of 200, columns 0 to 79 of 200]
279.2 270.2 251.1 238.3 238.8 246.6 244.7 236.4 226.9 212 202 217.8 227.8 236.4 242.2 249.3 264.2 278.5 288.7 286.1 288 290 291 296.9 302.1 318.2 335.3 343.4 352 358.5 366.1 377.7 406.3 420.1 425.3 422.3 427 427.9 428.6 422.1 412.8 415.2 430.8 449.3 458.6 461.9 465.6 486.5 489 492.5 498.6 507.9 520.5 525.4 522.6 520 524.9 532.3 541.3 541.9 533.9 525 514.9 510.2 512 507.4 499.5 498.9 491.3 487 468.6 458.2 440.1 419 410.9 395.4 382.8 385.4 384.4 380.1
277.6 272.5 245.5 238.4 227.3 231.1 230.5 217 206.9 188.7 214.6 224.3 229.8 243 250.6 255.8 261.5 278.8 281.7 283.3 287.4 291 290.9 292.4 307 323 332.3 338.9 347.2 358.5 368.2 374.5 387.3 405.5 419 425.4 426.8 425.9 424.3 416.8 407.1 418.4 426.2 435.1 447.1 445 450.3 458.8 471.9 476.3 474.1 481.5 492 505.2 507.5 512.6 524.1 530.9 533.3 534.4 531.5 518.1 511.9 507.7 510.5 498.7 496 491.4 477.9 476.6 461.8 439.3 423.2 409.2 390.6 379.2 373.8 383.8 387.5 376.7
285.9 281 245.7 234.9 225.6 202.8 210.4 197.1 182.7 207.9 221.8 230.6 239 253.6 259.7 263.1 268.8 281.7 282.3 285.9 294.1 294.5 293.7 297 309.4 322.4 329.8 337.7 348.7 359.7 368 368.5 380.7 393.4 401.8 408.3 417.1 414.3 409.9 405.7 398.3 413.9 426 433.2 435.2 441.5 443.7 443.5 444.3 450.8 456.6 472.3 479.7 487.2 497.6 504.6 517.6 526.4 528.8 527.4 519.9 505.3 502.8 497.1 500.8 491.5 487.6 477.1 468.6 461.5 445.5 419.7 402.9 386.5 371.5 366 367.8 376.5 378.6 369.1
294.2 270.1 245.6 229.8 214.9 200.5 170.7 196.1 210.7 215.2 225.1 233.2 243.8 253 262.8 268.6 274.1 283.9 289.9 291.1 291.3 293.7 295.8 312.1 318.7 323.8 324.7 329 345 352.8 358.8 358.7 371.9 390.1 395.4 398.7 411.6 411.3 403.5 397.6 388.6 405.7 417.8 427.3 430.2 436.9 434.8 428.9 428.7 437.6 451.2 463.4 466.6 477.3 484.9 490.2 507.8 519.3 520.4 509.6 501 490.7 491.1 482.1 480.7 475.9 469.3 468.4 456.5 454.7 437.7 406.6 384.2 367.5 359 357.9 363.3 363.8 356.4 357.2
286.9 250.3 229.8 215.5 200.9 185 190.4 204.7 215.6 220.9 226.1 234.8 240.5 246.1 268.5 271.8 273.7 287.1 301.9 299.5 292.7 295.4 302.6 320 323.2 321.8 326.5 340.6 346.6 353.7 358.1 363.8 367.9 377.1 388.9 395.6 406.9 401.7 394 383.7 375.4 384.1 387.9 394.6 406.5 417.3 413.4 417.7 408.3 419.1 426 433.4 447.3 457.9 472 474.3 502.3 507.3 490.8 483.9 476.4 469.4 477.1 461.2 461 447.5 451.4 452.3 443.7 447 425.3 394.3 368.5 355.6 348 357 351.5 341.4 337.4 335.7
250.3 229.3 214 199 182 175 201.4 206.1 214 220.5 230.5 237.8 242.2 248.2 266.6 271.9 274 284.6 300.5 305.2 301.5 299.2 311.2 331.7 326.4 318.3 323.2 337.9 348.3 360.6 378 375.6 381 385.7 389.4 387.3 392.4 381.1 373.3 364.8 363.2 369.6 369.2 380.7 380 376.3 384.1 384.4 387.2 402.8 406.1 408.8 424.7 436.6 446.1 450 473.4 480.5 466.6 460.6 445 441.3 448.6 436.9 431.1 427.5 437.6 427.6 416.3 411.1 401.6 373.7 357.3 344.5 341.4 340.4 337.4 334.1 321.7 318.1
234.7 207.9 185.1 157.2 161 183.7 195.9 209.3 215.9 212.9 220.2 232.3 240.4 243.8 263.6 269.9 275 278.4 293.9 299.9 300.6 300.1 314 325.1 324.8 318.3 318.3 324.2 333.5 345.2 358.9 363.9 374.7 376 384.3 383.1 372.1 363.1 355.5 347.8 346.3 344.3 348.3 361.1 358.2 355.9 356.5 363.6 361.7 374.4 386.5 390.1 393.9 403.7 408.8 406.8 433.2 447.2 443.3 429.5 415.6 402.5 415.9 414.2 397.6 390.9 398 390.5 388.4 388.7 375.1 349.4 345.7 333.5 329.9 325.8 324.8 320.8 313 306.4
222 186.4 161.9 150 164.6 173.1 181.3 191.1 196 194.9 209.3 220.3 227.2 240.6 260.7 272.7 273.8 284.9 295.7 296.6 292 306.4 323.7 325.5 318.3 318.3 321.1 315.8 316.6 336.4 339.9 351.9 355.6 366.5 359.1 366.5 346.1 338 333.1 323 324.4 327.5 333.5 336.4 342.1 351.6 350 345.6 346.8 351.1 364.8 375.9 368.2 365.6 372.2 384.2 399.1 407.8 403.9 391.3 387.5 385 386 387.9 369.9 365.3 361.5 361 362.4 362.2 344.2 332 330.7 323.6 317.9 313 312.2 307.6 302 290.4
188.7 166.2 139.2 148.6 153.1 158.7 159.6 170.8 179.9 179.8 196.1 208.3 212.5 230.3 250.4 261.3 264.1 283.4 291.7 291.4 286.5 308.4 322.6 326.4 319.7 323 317.2 311.8 316.3 322.5 321.3 326.8 328.6 327 335.3 333 316.5 317 310.3 297.7 304.9 317.6 324.5 322.9 321.4 336 326 333.9 343.1 337.1 340.8 355.8 337.4 340.4 344.4 346.3 363.7 373.8 386 367.2 369.7 369.9 372.1 354.7 347 353.8 347.8 332.9 329.1 330.7 323.8 317.5 313 309.8 299.1 299.6 298.4 291.9 285.1 272.3
162.9 146.9 133.3 138 140.9 147.7 153.1 163.5 169.5 171.4 180 198.9 235.7 246.1 248.2 251 254.5 271.6 276.9 271.6 281.4 298 290.8 290.7 293.7 298.5 301.2 302.1 312.1 309.3 310.4 307.5 305.6 290.4 301.3 299.5 298 301.6 290.1 279.8 277.3 280.6 299.8 300.1 297.6 305.5 301.7 297.3 313.5 320.1 310.8 318.5 305.1 315.3 324 323.9 325.4 342.6 345.5 345.3 348 354.7 345.7 331.6 329.1 326.1 318.4 304.1 298.5 296.7 300.2 291.5 294.7 290.4 274.1 275.3 275.3 272.8 264.8 255.6
138.3 133.9 130.5 125.4 127.6 137.5 158.8 172 174 176.2 177.2 191.3 217.8 243.6 255.6 242 247.8 259.2 253.2 254.6 275.4 281.6 277.1 278.9 285.4 286 281.6 284.7 288.6 294.3 301.9 294.1 276.5 260.2 259.1 270.9 281.9 292.9 272.7 255.9 250.2 261.4 265.6 268.1 269.3 271 272.3 266.2 275.9 285.3 281 283.3 269.8 275.8 294.7 299.3 290.1 300.2 306.9 313.2 332.6 321 314.4 310.1 312.5 293.4 291.4 275 273.6 267.4 268.9 263.3 258 259.2 254.6 250.1 247.7 248.5 241.3 244.8
127.3 129 125.7 120.4 123.3 140.1 159.2 169 172.7 180.6 174.1 171.4 173.8 187.4 210.3 219.7 235.7 229.8 229.1 243.2 258.9 266 260.8 270.5 274.7 272.4 271.7 276.2 282.2 288 294.5 274 246.1 226.8 232.3 249.8 257.7 264.5 246.3 228.2 235.9 249.1 250.6 249 250 236.7 231.2 234.6 240.8 246.4 245.4 243.9 242.7 251.2 266.8 270.1 253.1 271.6 273.9 279.1 288.7 289.8 291.5 281.9 280.3 267.3 258.9 249.4 242.2 240.8 231.6 232.5 237.6 249 236.3 235.9 230.8 226.3 231 235.3
127.7 122.4 119.5 119 116.4 140.6 145.2 148 145.2 145.4 146.9 146.1 148 170.5 190.5 203.2 211.9 207.5 221.6 239.3 242.8 244.9 251.5 261.1 261.4 251.4 255.3 251 259 270.1 263.3 252.7 219.6 204.6 207.4 222.7 229.2 219.9 218.7 201.3 214.8 224.4 231.6 222.8 209.2 210.3 207.2 207.7 210.8 219.6 215.7 208.2 218 221.2 236.5 234.4 213.9 228 235.6 248.7 254.4 250.7 259.5 254.9 252.3 242.9 232.6 221.3 210.6 210 212.7 217.5 223.9 220 222.1 225.6 214.8 219.3 219.8 235.2
124.4 117.1 113.8 109.1 108.5 120.7 120.6 118.9 120 126.6 128.8 129.9 142.8 168 181.6 186.2 188.7 206.9 221.2 230.3 233.7 232.7 238.6 240.1 234.4 230.2 238.8 235 237.3 235.2 226.3 215.1 196.7 185.3 197.8 197.9 196.9 193 184.3 168 187 193.9 195 186.8 176.3 174.2 174.3 178.4 181 184.6 186.5 178.1 195.4 193.5 201.8 202.2 199.1 199.8 205.3 210.7 213.7 229.2 237.6 233.8 227.1 214.4 199 194.4 190.2 191 199 204.8 203.9 206.1 204.9 206.8 207.2 215.8 216.7 227
116.9 111.5 105.1 99.9 105.1 111.4 112.2 109.1 110.7 118.5 119.3 123.9 138.6 154.6 166.4 176.3 202 219 226 228.5 222.7 217.7 223.7 220.9 212.2 214 213.2 213 213.7 205.3 204.9 200.4 194 173 182.1 174.7 164.2 160 161.2 156 160 164.7 169 166.8 165.5 151.6 152.5 156.3 160.1 156 153.4 149.9 164.2 164.5 171.5 172.8 168.5 169.3 181.3 193 202.2 210.8 208.6 203.5 190.8 183.1 173.5 173 169.9 170.5 184 183.1 185.2 187.5 195.9 191.2 198.1 204.3 211.4 210.4
100.5 101.5 98.1 100.9 105.9 116.2 114.6 107.9 107.2 112.8 113.6 120.4 128.9 133.9 153.9 179.1 206.1 217.7 213.8 213 214.5 214.1 228.1 225 208.6 206.9 189.8 186.7 183.1 182.4 185.4 176.8 171.6 159 167.2 156.8 151.3 144.4 140.4 142 142.4 139 142.8 146 143 139.5 136.1 131.8 133.4 135.2 130.7 132.6 133.7 134.6 139.9 147.9 150.6 159.9 170.8 171.6 174.5 177.5 178.7 170.6 164.3 159.6 153.6 153.4 146.7 155 162.7 164.6 174.3 175.7 180.7 180.8 186.7 192 198.5 200.6
94 101.1 106.9 103.1 107.2 111.3 109.1 103.2 105.6 108.1 108.3 111.5 119.8 133.5 153.6 176.3 188.4 202.4 203.4 204.2 205.3 211.8 216.1 207.4 195 185.6 172.9 166.9 167.6 167.7 162.8 162 157.2 147.4 142.3 141.3 136.5 130.9 125.5 119.3 120.3 118.3 119.4 118.5 120.4 116.9 115 110.3 110.4 111.7 113.3 115.7 118.4 119 125.4 130.1 139.1 145.5 150.7 151.8 147.6 150.5 144.3 146.8 141.2 137.7 139.1 135.7 134.1 148.8 153 158.3 163.4 168.8 172.5 174.9 177.9 182.2 201.4 207.7
92.7 100.7 106.8 99.7 101.7 105.5 100.7 100.5 109.3 108.4 102.8 107.4 128.5 142.8 149.2 157.7 175.1 186.2 193.4 197.9 198.8 199.7 195.6 190.3 180.3 169.8 158.4 148.4 150 146.8 143.1 139.2 140.8 134.3 126.2 124.4 119.2 110.9 111.9 109.1 108.9 100.6 97.1 100.7 103.9 98.7 97.9 96.6 97.5 97.7 99.1 103 106.1 108 113.6 115.9 118.8 128.2 128.8 129.7 125.2 122.4 125.1 127.9 126.4 127.3 127.8 125 129.8 150 159.8 168.6 176.1 181 181.5 184.6 193.7 203.8 212.7 226.4
88.5 94.6 95.9 97.3 99.2 103.1 100.3 99.5 106.3 106 96.4 107.9 124.3 137.5 147 153.4 159.8 166.9 175.8 178.3 174.4 172 169.7 161 153.9 146.9 138.1 135.6 139.5 133.3 129.1 132.6 125.2 122 118.6 114.5 108.6 104.2 101.2 100.9 99.2 93.4 85.9 88.1 90 89.5 90.2 87.7 85.1 84.3 85.9 90 95.2 97.4 98.6 100.9 101.4 105.2 108.7 113.8 113.9 109.4 113 115.3 113.5 119.8 115.7 128.4 142 153.3 162.5 175.5 187 200.3 202.3 212.8 223.6 223.1 240.7 256.9
87.6 90.9 94.8 96.5 103.3 109.2 103.3 102.1 99.4 96.6 93.5 100.2 113.6 123.1 125.4 147.8 156.6 161.8 163.8 159.1 155.8 148.9 142 139.2 138.4 134.4 123.7 122.9 124.9 117.1 116.6 119.2 112.7 115.3 107.6 107.1 103.7 93.7 95.5 95.9 93.2 87.3 82.7 86.8 92.1 79.7 78.1 77.7 77.7 78.3 79.2 80.4 84 87.2 89.7 91.5 94 91.4 93.2 94.1 100.2 102.6 100.2 108.1 112.4 118.1 128.1 144.7 161.4 173.7 180.6 193 209.7 213.5 230.1 247.3 243.1 250 265.1 293.5
89.5 95.8 97.4 99.7 107.1 106.7 98.4 92 83 83.4 84.7 88.3 98.1 106.1 121.8 137.6 145.8 149.3 146.7 142.8 141.8 133.4 127.7 130.6 132.1 131.9 120.1 114.4 113.3 110.3 110.2 103 102.6 104.8 95.8 95.1 89.7 90.6 90.7 86.6 85.4 79.9 80.7 83.3 86.1 77.6 74.8 74.6 75.3 76.5 77.3 78.1 79.3 81.7 84.7 86.6 87.4 84.4 94.4 100.7 104.2 107 106.5 108.6 118 133.5 146.4 157.2 170.9 183.3 193.7 212.8 230.4 245.9 259.5 268.7 272.1 285.1 304.8 316.9
95.3 94.8 94.6 102.2 107.8 106.8 90.8 82.6 79.7 81.5 78.2 83.8 93.7 102.3 113.6 123 133.8 139 134.8 128.7 125.8 125.8 121.4 128.4 128.3 122.4 117.5 110.4 106.7 104.3 102.8 102.1 95.7 90.9 81 81.2 79.7 81.9 79.6 76.7 77.2 76.3 80.3 79.5 81.2 75.9 75.7 73.6 74.2 76.8 76.4 77 78.1 79.8 80.9 83.7 89.2 89.3 93.9 95.4 101 100.3 104.6 117.2 130 143.3 151.3 163.4 174.3 196.9 209.7 227.8 245 266.8 285.3 295.5 309.9 319.9 330.8 323.9
90.4 84.2 91.8 100.9 104.6 103.2 92.3 84.9 78.5 78.5 75.4 86.2 92.2 99.3 106.7 118.6 137 138.6 127.2 120 114.8 118.5 116.3 116.4 115.4 111.1 102 91.4 83.9 82.4 81.2 82.3 83.5 79.8 72.2 73.4 71.6 72 69.7 70 68.2 67.6 65.5 69.6 71.4 72.2 70.2 73.5 76.6 81.2 84.1 85.9 85.2 86.7 87.6 90.9 92.8 90.8 90.6 93.2 95.7 101.8 110.2 121 132.1 153.4 174.5 190.9 205.4 227.7 239.2 254.2 267.3 286.2 299.7 309.5 321.1 331 331.1 320.7
76.4 75.4 84.8 101.6 93.8 88.1 84.3 80.2 74.3 73.9 75.4 83.5 86.4 88 97.3 114 128.1 126.3 133.1 126.7 111 107.9 105.8 105 98.2 89.8 80.6 72.1 65.3 61.7 61.6 65.4 68.1 65.6 69 67.2 63.2 60.3 63.6 71.5 74.4 82.1 89.4 92.5 93.6 94 107.5 109.4 107.9 109.4 108.5 110.3 111.2 109.6 110.7 110.7 108 108.7 106.2 103.9 108.6 113.1 124.4 140.3 155.5 170.7 187.3 200.3 208 219 236.4 251.2 272.6 285.1 300.9 321.1 324.1 319.4 311 303.4
68.8 70.4 79.6 82 81.5 76.9 77.4 74.3 69.9 69.8 72.4 80.2 84.1 84.2 96.3 102.8 105.8 108.3 118.6 112.2 103.5 102 99.2 94.2 84 74.6 65.6 58.2 58.2 54.6 52.5 57.9 58.5 55.6 56.2 64.6 74.5 81.4 80.1 88.5 101 109.3 115.1 115.1 119.2 120.8 122.8 115.4 112.3 111.6 113.2 114.5 117.2 127.8 138.6 134.7 137 136.1 139.7 145.7 144.1 156.4 175.6 186 185.1 197.8 208.2 226.3 238.3 241.4 246.8 262.4 270.8 282 291.7 305.6 301.4 297 287.4 274.4
56.6 54.5 63 70 68.9 68.5 71.9 71.9 67 66.7 67.9 78.1 75.9 84.3 88.9 89.9 87.9 87.5 88.2 89.7 92.5 88.6 88.3 78.4 70.2 63.2 61.4 56.8 52 49 50.4 54 52.6 55.6 61.1 68.4 70.1 72.9 75.3 82.1 87.1 98.2 108.2 117.8 125 132.6 141.3 126 121.8 125.4 129 133.3 148.7 168 182 178.1 185.2 193.2 187.9 184.8 190 210.4 216.3 226.5 235.8 239.6 239.9 245.9 250.5 260.3 275.4 300.2 315 324.4 322.5 327.7 329.5 323.3 304 287.3
41.8 46.5 56.6 55.1 61.7 62.3 63.8 65.6 66.3 58 65.3 68.6 63.9 66.7 68.8 69.1 68.7 69.6 71.6 76.2 78.2 72.9 66.8 76.8 81.6 81.2 73.8 60.4 59.4 48.6 49.5 52.1 52.8 56.3 62.6 74.8 91 96.9 111.6 121.6 128 137.3 155.2 163.7 164.9 162.1 158.7 168.2 165.7 177.1 181.1 175.5 182.6 194.9 202.8 205.5 210 219.3 225.2 233.1 232.9 248.7 258.6 271.9 279.9 278.5 284.4 292.3 298.8 295.4 294.7 308.4 324.7 332 335.9 338.4 332.4 316.3 302.1 277.2
33.3 36.2 37.6 38.2 40 42.1 43.1 45.3 46 53 58.9 64.9 79.6 81.7 87.2 82.9 79 72.6 74.2 78.8 87.5 87 94.1 93.9 93.7 86.9 72.6 59.4 48 56.9 51.2 57.5 63.8 69.5 85.6 100.8 124.3 127.3 145.9 153.2 158 162.5 162.7 163.8 156.8 143.2 150.1 153.6 156 177.4 179.5 192 215.3 221.6 223.1 235.5 242.9 238.2 249.1 263.7 257.3 270.1 272 293.8 282.2 283.8 304.3 322.7 323.3 326.2 324.7 331.6 332.2 340.3 341.6 333.2 314.9 295.5 290.5 258.7
32.5 32.9 35.8 39.7 47 53.4 55.1 57.9 53.7 55.7 67.6 91.1 97.7 101.6 102.6 104.4 91.7 81.4 78.4 80.4 87.3 90.1 94.6 98.6 95.5 84.7 62.2 47.5 50.5 54.1 60.5 79.8 90.3 105.5 101.1 112.8 128.6 133.5 144.5 147.4 159.3 166.1 155.1 146.5 130.8 121.5 120.6 121.8 126.1 140 150.6 176.9 208.1 225.2 235.6 243.3 246.6 251.7 259.1 253.9 257.5 261.7 272.4 295.2 297 306.8 318.9 325.1 319.9 313.7 322.3 332.8 326.9 315.3 303 294.3 282.1 263.2 253.1 238.2
43.5 42.8 44.3 49.8 54.9 62.1 63.5 64.3 63.7 71.6 85.4 101.1 116.2 117.4 111.6 112.9 99.4 87.8 82.6 101.4 96.9 96.6 95.9 94.3 86.7 74.1 48 44.4 55.4 63 68.2 78.2 90.9 114.3 119 122.4 127 138.4 139.1 155.7 161.4 159.3 144.8 135.7 116 104.4 94.4 97 101.9 114.7 136.8 156.9 183.3 188.4 195.4 202.4 225.5 242.9 235.6 235.4 253.2 250 289 304.5 311.3 317.3 314.4 302.6 298.1 309.5 312.2 310.3 299.7 287.1 276.8 263.4 248.3 237.6 229.6 217.4
66.2 62.9 68.1 73 65.2 66.6 69.8 71.5 79.8 92.5 113.9 121.8 121.9 115.5 107.7 97.7 89 78.1 86.4 99.8 106.5 108 95.1 96.3 76.9 59.6 37.1 46.3 60.1 69.9 75.4 77.6 91.5 112.2 106.7 113.4 130.5 140.9 136.7 142.9 147.5 140.4 130.1 123.5 109.1 99 83.6 81.3 87.3 96.3 109.9 121.5 134.8 151.2 186.9 202.7 205.2 198.2 204.9 231.3 232.8 255.8 260 267.2 307 299.9 281.9 274.3 288.8 293.2 293.2 293.3 273.5 265.2 252.6 242.8 228.3 215.6 205 195.3
82.1 86.5 87.4 85.4 78.6 76.8 76 77.4 91.6 105.5 120.9 120 114.6 101 83.7 86.8 72.6 72.5 98 107 101.1 95.8 82.5 80.1 70.9 50.9 43 44.1 67.8 82.2 76.2 71.7 76.6 79.8 86 102.9 109 110.5 113.2 118.8 114 114.4 110.8 99.8 95.2 92.3 79.6 67.4 64.7 68.3 76.4 102.2 129.2 144.8 161.1 158.6 160.6 156.6 162 184.6 192.2 190.7 204.4 223.6 243.6 260 242.5 252.6 275.1 269.9 268 253.3 243.4 234.7 233.4 218.2 207.7 192.9 172.9 163.7
83 85.8 90.3 88.4 72.8 73.6 76 90.2 107.7 107.2 109.2 114.2 98.8 77 64.7 69.1 68.8 81.9 93.6 97.1 90.8 82.1 74.5 70.4 64.4 44 36.7 34 58.9 67.3 69.4 55.9 60.2 64.2 72.1 84.1 101.1 106.5 99.3 97.8 100.4 102.6 99.9 90.4 82.1 79 76.2 63.3 56.9 56 65.3 86.1 95.1 106.8 114.9 119.9 124 128.2 132.7 141.2 149.7 165.6 186.9 199.5 202.2 205.7 216.2 223.8 241.3 247.9 231.8 217.9 228.1 217 198.5 182.1 164.8 155.9 152.9 163.8
78.9 91 83.7 68.9 70.3 71.2 80.3 91.6 100 100.4 100.9 99.4 80.7 60.2 55.4 61.3 72.3 89.9 89.9 91.6 83.9 76.5 66.4 55.9 46.3 36.3 30.6 31.7 48.9 62 59.3 55.8 53.3 64.3 69.8 81.4 96.4 91.7 86 84.2 87.1 94.6 85.9 76.1 70.2 63.5 64.9 57.4 43.6 54.3 66.5 68.8 77.3 93.8 93.4 98.1 96.1 96.7 107.9 122.6 130.1 135.9 132.4 138.1 176.2 183.2 207.6 225.2 222 210 198.4 192.8 198.1 182.6 171.9 150.1 139.1 165.4 172.9 167.3
75.8 79 62.8 61.2 73.8 69.2 72.8 72.8 76.2 90.8 89.4 74.8 58.1 52.6 49.4 69 76.8 90.8 86.5 85.3 77.3 68.5 62.8 43.2 32.1 28.4 22.1 28.3 39.1 50.9 61.1 54.5 51 58.9 64.6 78.3 83.9 81.6 73.9 76.7 69.3 73.6 54.1 64.2 66.5 53.1 49 33.7 39.5 56.4 67.1 70 71.8 71.6 75 71.5 85 76.9 88.5 88.5 101.4 99 100.3 115.2 148.2 170 195.9 198.7 196.4 179.9 156.1 145.5 144.1 148 124.7 132.7 151.6 164.7 177.6 149.9
67.6 62 56.4 67.5 70.7 56 49.8 51.7 66.8 99.4 69.2 49.9 40.4 36.1 61.5 87.9 73.7 71 69.6 75 75.1 60.2 47.8 36.2 23.8 22 21.1 31.2 44.7 60.2 54.9 47.1 36.1 45.6 62.6 72.4 79.8 80.3 67.6 66.3 57.3 44.7 45.6 51.3 49.8 35.8 28.8 17 23.4 30.8 45.7 58.5 53.1 47.7 41.7 46.4 58.8 53.9 58.9 62.5 68 75.6 95.4 120.7 145.8 157.6 158.8 153 137.1 134.1 118.4 112.7 106 114.1 133.1 153.2 170.6 174.1 156.9 126.6
