public/OST50/NM78.asc
ncols 200
nrows 200
xllcorner 170000
yllcorner 780000
cellsize 50
[rows 36 to 71 of 200, columns 0 to 79 of 200]
441.4 427.9 427.5 438.9 442.9 437.3 425.2 416.3 411.3 407.2 417.7 438.8 446.7 455.7 465.7 452.7 447.2 447.2 455.4 454 449.5 439.1 424.4 415.5 418.3 415.8 412.9 401.7 403.8 402.6 383.6 390.6 399.3 428.2 431.8 433.4 440.4 455.1 441.8 435.4 437.1 440.9 448.3 456.4 460.8 469.8 479 475.9 452.7 452.4 462 485.4 507.2 531 536.2 545.7 544.2 548.8 550.6 554.7 553.6 548.7 535.5 526.8 517.4 510.4 490.7 482.8 458.7 431.1 398.8 381.4 366 358.5 356.1 360.5 354 377.5 393.3 409.5
431 425 421.8 423.5 419.1 411.3 410.3 404.8 405.6 402.9 419.2 433.5 444.2 454.6 459.5 453.4 460.5 449.2 458.6 450.9 439.4 424.8 417.9 420 428.5 422.9 401.2 393.8 394 383 381.4 394.6 410.1 433.5 447.6 450.5 447.7 439.1 417.8 411.4 413.8 429.1 441 443.3 443 447.4 451.3 435.5 433.3 443 446.8 468.3 487.4 512.7 526.2 538.1 533.9 546 550.4 552 549 545.5 543.2 527.2 520.8 514.7 504.4 494.7 489.7 461.4 431.3 410.7 393.4 387.6 385.8 387.5 396.1 415 448.1 462.2
412.6 421.1 415.9 412.5 402.2 398.5 397.8 397.6 393.4 406.4 427.1 429 437.3 448.2 451.8 460.9 465.5 449.2 449.9 441.2 441.3 435.4 438.2 437.4 426.2 407.5 390.8 378.6 378.3 372.4 385.4 396.4 414.2 435.5 444.8 445 429 407.1 393.7 390.4 407.9 410.9 410 401.2 402.3 410.4 415.6 417.7 426.8 433.2 433.2 451.2 477.4 504 514.2 522.8 530.8 539 544.9 541.9 538.5 537.9 540.2 527.9 524 522.1 511.6 500.2 493.9 483.6 467.7 448.1 427.4 427.1 424.6 422.6 439.5 465.5 470.9 464.5
406.4 412.1 411 403.8 390.9 387.1 390.9 392 386 399.7 403.6 412 424 431.6 429.8 455.2 469.9 450.6 447.4 449 454.5 450.6 447.3 439.7 415.9 391.4 377 363 364.4 368.8 377.1 385.3 402.7 417.3 422.1 414.4 395.9 374.8 367.1 374.7 387.2 386.9 385.3 387.1 398.2 404.3 409.5 417.9 418.2 421.3 422.7 440.7 466.7 486.6 497.3 509.8 524.4 522.2 522.7 522.6 525.2 529.9 532 530.2 528.1 531.5 521.3 508.9 498.7 496.3 487.1 472 453.2 457.2 463.5 459.8 464.6 477 471.4 463
401.7 417.9 418.2 404.9 384.8 381.3 381.5 379 376.6 376.4 383.2 398.4 406.3 406.5 428.8 448.9 448 429.5 436.3 458.2 458.7 452.8 438.9 416 387 376.3 365.5 354.7 355.1 365.3 369.2 376.8 386.5 397.1 396 383 366 362.6 361.7 364.3 371.8 364.1 368.9 377.5 382.7 398.9 399.5 399 399.5 410.1 422.3 441.1 466.4 486.5 508 518.2 517.6 506.3 506.5 506.5 515.3 525.2 527.5 527.9 535 538.4 529.7 518.9 512.3 503.4 495.4 483.4 472.3 475.8 485.9 471.9 469.8 479.3 475.9 465
406.6 410.4 413.5 398.9 378.4 371.8 368.4 367.7 369.3 363.1 372.5 386.7 385.8 403.1 429.3 437.5 418.7 421.2 432.8 437.9 445.8 445.5 429.9 397.8 370.8 365.6 355.9 351.1 353.7 363.9 365.2 365.2 375.5 378.1 375.2 360.8 354.4 351.9 357.2 358.4 353.1 348.3 354 362.4 371.6 381 384.2 385.5 397.5 412.1 431.1 447.6 468.8 500.8 500.2 510.2 510.1 502.5 502.5 502.5 509.1 515.6 524.5 526.8 536.8 543 539.2 529.6 520.9 509.9 505.5 493.3 485 481.3 483.5 476 472.1 474 477.9 469
402.3 402 403.3 389.2 376.5 369 361.6 361.4 363.2 356.3 365 377.1 375.1 393 401.8 406.7 404.6 421.8 422.4 421.3 423 428.7 416.4 385.4 365.5 361.4 355.3 349.3 348.3 351.7 362.1 365.2 368.2 372.7 364.9 346.2 345.6 345.6 345.6 345.6 345.6 345.6 346 353.2 357.4 363.5 372.1 381.1 392.8 400.9 406.3 420.6 453.5 471.1 483.9 487.9 499.7 503.3 502.5 502.5 502.5 508.4 521.6 527.1 537.2 540.6 548 539.9 532.1 529.8 521.1 508.6 495.7 487.3 485.8 478.9 475.4 473.8 473.6 465.5
401.8 395 384 375.3 367.8 362 356.4 357 354.9 345.1 353 365.2 373.9 388 395.3 391.8 400.9 410.5 415.6 412.2 415.3 413.5 399.5 382 365.7 361.2 358.8 350.7 347 346.8 358.9 361.7 365.9 354.4 345.6 345.6 345.6 345.6 345.6 345.6 345.6 345.6 348 352.1 353.2 357.1 367.5 373.8 379.4 386.7 395.6 402.1 425.3 441.8 454.6 462.6 482.2 496.8 502.8 505.6 509.7 514.1 522.3 532.1 535.9 554.5 553.9 552.4 549.2 538.6 529 517.9 503 492.6 488.6 481 483.7 480.3 475.4 465.3
388.8 386.4 370.9 360.8 359.7 358.5 353.2 347.9 343.4 338 342 363.3 370.8 374.4 377.4 383.9 398.7 415.9 408.8 409.9 409.3 401.7 388 376.2 365.4 366.1 365.8 354.9 346.2 345.9 347 353.2 356.2 347.6 345.6 345.6 345.6 345.6 345.6 345.6 345.6 345.6 351.1 355.2 350.4 353.1 358.9 361.7 365.4 375.8 382.5 386.4 398.9 413.3 422.7 441.5 457.1 473.8 493.4 502.7 510.1 517.2 523.3 535.9 540 550 555.4 557.7 545.7 539.7 531.3 521.2 510 498.2 493.1 488.5 489.6 483 475 464
370 370.7 366.2 360.3 355.5 351.2 345.5 339 339.1 337.5 338.7 361 367.4 372.9 372.8 382.1 399.8 415.9 412 413.6 405.2 386.7 379.4 371.2 369.4 365.6 364.5 352.1 345.9 345.2 345.4 347.7 348.3 345.6 345.6 345.6 345.6 345.6 345.6 345.6 345.6 345.6 348.6 350.6 354.5 356.5 362.2 361.5 361.6 365.3 375.5 382.4 394.1 403.2 413 423.9 441.5 465.2 480.7 490.6 503 515.4 525.5 541 542.9 556.1 557.1 555.9 552.5 535.5 528.2 522.4 515.6 504 497.7 496.1 493.3 484.9 474.1 459.4
363.8 361 359.7 357.5 353.8 347.7 341.1 336.1 343.1 339.3 336.3 353.9 360.4 369.3 363.9 373.6 389.2 396.3 402.4 398.4 384.7 374.5 361.5 364 365.7 367.1 368.3 355.4 347.5 344.7 345.1 346.1 345.6 345.6 345.6 345.6 345.6 345.6 345.6 345.6 345.6 347 347.5 349.4 352.5 357 360.8 362.5 364.2 369.8 376.1 387.9 400.9 414.6 420.6 424.4 437.9 460.1 487 497.2 507.8 515.4 532.9 538.1 543.9 550.4 552.8 556 551 546.1 529.5 526 518.7 508.1 502.8 497.9 488.5 482 468.8 455
353 350.2 349.3 353.3 352.5 345.4 338.2 333.2 343.5 339.3 336.7 348.8 354.4 355.7 357.9 372.5 375.4 375.5 376 371.5 365.5 357.2 353.9 355 361.9 364.1 362.5 346.5 343.1 350.6 354.5 349.6 348.1 345.6 345.6 346.2 345.6 345.6 345.6 345.6 345.6 347.6 347.8 350.5 355.3 359.9 366.5 370.6 370.2 379.6 384 390.1 407.5 419.7 432.9 444.5 452.5 464.6 492.3 501.7 510.7 523.3 534.7 536.9 541.2 548 548.9 549.6 547.7 540.9 531.5 526.8 524.3 511 507.2 501.7 482.8 476.5 464.4 450
344.4 341.7 342.4 347.8 349 344.3 336.9 330.5 336.5 337.7 334.6 338.4 341.9 342.9 352.3 360.1 362.9 363.7 360.7 361.8 360.8 353.9 353.9 353.9 356.2 349.8 343.7 345.5 355.6 358.8 358.7 358.6 351 345.6 351 357.5 360 356.3 348.3 345.8 348.6 351.2 353.5 355.8 358.1 364.8 372.3 383 395.6 402.8 406.1 407.7 405.4 411.3 425.2 440.1 460.9 471 486.8 502.1 513 525.2 532.6 538.6 541.8 546.2 546.5 547.3 537 532.6 530.9 524.5 517.9 507.7 502.5 496.5 477.5 468 458.1 443.9
329.7 332.9 334.6 339.8 343.3 342 337 330.4 338.3 336 333.9 340.8 336.5 337.9 352.1 352.4 352.8 355.7 359.7 362 358.6 356.5 355 354.3 350.5 342.2 344.4 352.6 363.9 363.8 366.5 358.4 354 352.2 356.5 366.3 365.8 357.1 362.9 365.2 363.2 370.7 370.4 372.9 373.3 374.7 379.4 393.1 402.3 415.2 421.4 423.2 425.1 428.9 443.3 444.9 447.5 466.4 477.8 488.6 497 506.6 519 532.4 542.4 545 549.9 547.1 540.5 532.5 527.1 518.1 510.4 502.5 494.8 484.5 473.1 461.3 451.1 438.3
320.5 320.9 323.8 330 333.6 335.6 335.5 330.8 336.2 334.3 333.8 342.6 339.3 337.9 342.7 347.3 351.7 358.3 366.3 370.3 377.4 378.9 368.5 352.1 345.5 339 350.1 356.1 364.9 374.8 377 367.4 359.4 358.7 361.3 364 364.6 365.3 372.5 383.4 386.6 390 393.4 394.2 394.1 395.7 393.7 406.7 413.4 424.5 434.3 439.1 438.5 443.4 452.9 459.4 458.8 461.5 465.2 476.9 484.6 501.4 517.2 531.7 549.3 558.6 557.5 551.7 542 535.8 526.3 516.8 509.3 500.2 490.2 480.3 466.7 453.4 440.2 430.7
312.1 315.5 315.3 322.4 325.9 330.8 330.2 334.4 334.1 333.3 333.1 330.8 335.1 336.6 342.3 352 360.8 362.4 367.9 381 380.5 385.4 368.5 354.8 342.4 342 349.6 357.5 365.6 372.2 366.6 363.5 366.7 375.1 373.3 368.3 369 376.8 388.9 403 417.6 420.4 414.5 411.2 413.1 413.4 410.5 424.8 434.8 439 443.4 445.9 452.1 454.5 459.9 471.8 474.1 476.3 476.2 479.5 482.1 496 511.1 521.9 526.2 539.8 542.5 548.1 539.8 533.4 529.7 517.3 509.1 495.1 486.4 476.2 461.7 448.2 435.7 426.2
307.1 307.4 308.2 312.5 314.4 320 322.9 326.3 327.7 328.3 332.6 331.2 326.7 331.4 345.9 355.4 368.8 364.6 374.3 379.2 376.5 382.3 362.9 345.8 332.1 346.5 349.2 352.4 359 353.8 358.7 358.2 372.1 375.5 378.8 376.1 369.3 385.9 404.5 420.3 433.1 437 431.8 433.5 436.2 433.4 430.7 438.8 447.8 453.8 460.1 461.7 459.8 466.8 471.4 472.4 482.1 492.8 493.2 491.7 491.4 503 520 524.8 525 526.1 527.8 528.6 531.9 527 528.8 519 507.3 489.9 479.7 471.7 457.2 446.8 433.7 422.7
302.7 305.7 310.1 313 316 320.2 321.1 323.9 325.8 339.3 335.2 329.8 322.2 344.7 360.9 365 367.3 367.3 370.1 377.2 369.7 361.4 347.2 316.4 338 341 343.6 345.9 348.5 349.6 348.5 354.6 372.9 369.9 370.6 368.4 379.5 396.6 427.6 442.8 451.7 451.2 443.5 455.7 458.7 451.6 449 456.2 463.7 467.6 472 482.5 476.6 475.4 478.3 483.6 493.6 499.8 505.1 506 506.3 507.6 517.7 526.1 524.7 524.6 523.3 522.3 518.6 514.9 514.3 508 500.1 485.6 475.5 463.2 451.9 442.2 431.9 423
303.5 305.8 310.6 313.5 319.4 327.4 321 330.6 332.2 333.9 329.9 318.8 327.6 352.2 365.2 380.4 378.6 373.2 365.4 368.5 358.2 345.6 323.4 330.3 332.4 337.3 335.7 340.6 341.3 344.8 347.6 355.3 366 362 369.2 367.7 384.7 404.3 427.6 455.3 462.7 460.3 462.5 473.5 476.5 470.4 473.1 469.9 476 483.7 486.6 489.9 493.4 497 495 498.3 506.4 509.7 517.2 520.2 518.8 518.4 516.4 518.9 528.3 530.7 525.5 525.3 519.6 510.9 507.5 499.3 489.4 478.4 469.7 459.8 448.3 439 432.1 425.8
300.4 303.4 308.9 311.8 317.1 318 320.9 329.5 319.2 323.6 315.2 314 325.5 343 358.1 372 377.9 382.7 365.4 364.5 348.8 335 307.9 324.9 328 327.8 329.1 333.6 335.7 345.3 352.2 350.7 354.6 355.4 360.8 366.5 391 406.1 426.9 456.7 475.8 477 475.3 487.1 484 478.3 479.1 484.6 487.5 486.5 489.9 496.6 500.8 510 517.3 521.2 516.4 518.2 521.3 526.6 526.8 528.8 529.6 520.5 525.7 535.2 527 523.1 513.8 508.4 505.8 497 488.4 477.2 467.3 457.1 446.4 437.9 431 427.7
301.8 301 303.5 309.9 314.1 319.4 323.7 327.3 317.7 313.3 312.1 317 336 344.4 345.5 367.6 376.6 381.7 364.1 361.1 338.7 326.5 304.1 319.7 321.3 321.4 323.8 330.3 337.9 353.9 353.5 355.9 355 355.1 362.2 383.8 406.5 423.3 429.7 444.3 464.8 488.7 487.1 493.4 489.9 492.1 487.4 494.4 495.4 498 499.9 501.3 507.2 522.6 534.3 542.5 533.6 525.4 525.7 522.6 522 522 525.4 523.2 521.2 518.1 520.1 521 512.8 507.2 503.1 495.9 485.1 475.3 466.8 454.5 444.4 435.9 429.1 427.4
307.1 301 301 306.1 307.4 311.7 319.3 322 320.6 319.3 313.4 327.9 337.1 345.8 342.9 351 364 369.8 360.5 343.3 326.5 311.9 305.4 311.9 314 312.5 321.7 331.6 354.6 357.1 360.6 355.4 352 354.1 379.2 401.1 418.3 439.3 449.2 449.1 458.3 470.7 476.5 484.7 492 495.5 502.8 502 504.3 507.3 513.6 515.9 521.2 530.1 538.2 548.1 546.8 535.8 531.1 530.5 528.2 523.3 522 520.7 513.3 515.1 510 507.5 505.7 504.3 499.6 488 483.6 470.4 462.1 448.1 441 433.4 426.1 425.2
313.5 301 301 301 303.8 308.6 319 322.3 323.2 311.8 309.6 326 341.2 339.5 340.5 343.6 355.7 359.7 346.7 327 309.7 294 295.6 303.2 303.2 307.8 313.8 328.2 342 363 361 354 353.4 378.4 404.7 423.8 427 449.8 461.4 469.2 468.6 462.6 462.5 472.5 489 499.8 510.3 519.3 514.1 514.9 524.4 528.9 535 534.5 539.6 544.2 542.6 538.8 533.6 531.9 532.1 528.9 523.2 520.1 512.8 510.2 508.6 506.8 510.4 512.8 506.9 497.2 487.9 476 462.6 448.1 436.3 426.9 423.7 422.4
321 306.5 301 301 304.4 314.7 322.1 326.4 315 306.8 306.9 324.4 338.2 341.9 338 334.3 340.8 337.2 327.1 305 292.1 279.9 290.5 290.9 293.3 302.3 309.4 325.4 342.2 359.5 349.2 346.8 360 384.3 412.5 434.9 453.1 464.5 473.2 482.1 484.3 469.1 465.9 467 480.6 502.3 513.8 522.5 523.2 528.3 532.7 535.5 542.2 541.7 539.7 540.6 542.9 540.7 545 544.2 533.8 527.8 524.7 521.7 515.4 512 511 514.9 524.4 532.4 513 499.5 489.3 479 464.5 449.2 435.4 421 421.1 420.2
330.2 315.6 307.5 309.4 317.2 326.8 322.9 322.9 310 306.8 306.8 318.7 327.7 332.3 334.8 335.1 333.3 323.4 314.2 294.8 276.6 277.6 283 285.7 283.8 294.5 309.6 318.5 325.2 327.7 336.1 346.4 366.1 384.2 408.3 436.5 456.2 466.6 468.8 478.6 483.2 472 474 476.9 494.8 507.2 510.4 514.9 516.5 519.6 530 535.8 533.8 536.9 533.1 532.9 533.8 534.7 538.6 539.7 536.8 536.4 530.3 527.5 525 525.9 531.9 537.6 536.9 532.1 511 500 488.3 477.7 465.1 449.5 434 420.1 416.4 416.5
328.6 327.7 317.5 314.4 318.5 317.8 317.5 317.1 313.5 306.8 306.8 319.7 324.5 330 333.7 338.4 324.8 313 298.6 282.9 269.6 272.9 273.3 273.3 284.8 293.6 299 306.9 313.5 319.6 333.5 349.6 368.3 380.9 399.7 428.6 448.7 466.4 467.9 472.9 473.5 473.8 483.4 490 506.4 521.9 514.5 516 515.7 514.7 519.9 529 528.9 527.4 525.4 526 527.6 532.3 535.4 538.7 540.6 541 543.6 547.9 549.1 550.9 550.7 544.3 538.4 525.3 510.9 500.2 486.2 474 464.8 447.3 435.1 418 413.3 412.1
330.6 326 320.4 311.6 314.8 315.5 316.7 318.5 310.2 306.8 307.2 318.8 325.7 327.3 329.3 332.9 321.1 301.1 282 268.8 265.2 269.9 269.6 281.2 287.7 290.2 298.9 306.5 310 317.4 331.9 348.5 364.2 378.3 396.4 415.2 437 451 460 464.8 459.5 465.3 487.4 501.6 509.7 509.8 515.6 510.1 504.7 509.5 513 518.1 520.6 519.7 522.9 522.6 524.3 531.2 539.7 547 549.3 554.2 553 557.4 560.4 560.9 558 554.5 538.3 528.8 513.7 497.3 484.3 475.2 462.4 444 430.7 417.1 411.2 408.9
324 312.2 307.1 308.2 312.9 314.4 316.9 316.6 306.8 306.8 318 320.2 320.9 327.6 319.3 316.5 304.3 282.9 266.8 265.8 266.8 270.4 277 286.2 292.4 297.7 297.5 300.6 306.5 318.7 330 343.1 356.1 368 381.7 402 416 425.9 428.5 427 433.2 450.8 477 497.5 506.8 511.3 509.9 502.2 498.3 510.4 516.5 523.6 525.2 519 519 522.5 530.2 543.8 555 556.6 561.8 565.9 568.9 571.9 572.1 568.8 566.3 558.5 539 533.5 517.1 499.2 486.5 476 462.3 444.4 429.1 415.2 409.7 405.9
313.5 304.6 302.6 305 307.7 313.7 311.5 310.4 310.5 310.8 328.7 331.3 325.7 325.9 313.3 301.4 284.7 266.5 263.8 269.3 271.2 278.5 285.9 292.1 299.7 304.4 303.6 302.7 318.1 325.9 335.9 344.7 355.8 365.3 374.5 384.3 394.9 406.6 410.5 410.7 412.9 443.3 469.7 488.9 498.3 500.3 497.9 497.9 500.6 504.9 513 525.8 534 528 522.8 523.1 539.5 554.9 562.4 565.5 569.3 573.9 576.9 578.1 576.8 572.4 571.3 555.7 539.6 530.3 517.3 499.5 488.2 472.4 458.7 443 427.5 414.7 408.9 405
307 302.6 302.6 307.2 302.2 309.2 305.7 304.8 308 318 329.8 333.5 338.5 323 305.5 286.9 267.7 263.5 274.5 273.6 282.9 288.9 292.4 294.2 302.8 309.4 309.7 303.2 321.1 329.9 339.1 347.3 355.6 363.3 372.6 376.2 382.5 391.9 400.7 403.3 412.9 443.4 472.9 494.6 504.2 506.5 505.6 499.6 497.9 500.2 511.5 522.2 529 533.7 533 530.8 546.9 556.9 565 571.9 573.2 576 584 585.9 586.1 581.5 567.6 547.3 532.7 521.4 511.1 498 482.8 471.7 453.7 439.5 427 415.3 409.6 404.8
309.6 305.6 305.5 307.7 303 299.8 300.8 302.2 314.1 321.9 330.8 337.7 329 307.9 289.2 254.5 269.2 279.3 275.8 284.1 295.3 304 304.1 304.2 308.1 315.2 315.6 316.4 314.3 330.3 337.1 347.5 357.1 365.3 367.4 376.9 382.4 394 400.1 399.9 412.4 439.4 461.2 486 508.3 514.4 512.9 512.9 506.2 502.8 512.7 519.5 524.9 530.4 536.3 541.3 558.7 570.5 574.7 581.8 579.3 584.8 588.6 586.5 582.7 568.4 557.3 541.8 525.8 513.1 504.7 487.8 479.8 466.7 450 438.7 427.3 417.1 410.1 409.2
318.8 302.2 305.2 304.7 307.7 302 308 305.4 311.7 314.2 323.2 316.4 301.8 288.8 262.7 267.9 275.5 279.4 281 295 311.8 325.7 318.2 311.9 316.3 321.5 319 322.3 322.9 331.3 340 349.6 360.1 363.3 372.5 385 394.3 408.7 413.1 413.6 414 436.8 454.1 467 488.5 504.8 517.3 519.5 514.3 516.6 517.1 523.8 531.6 535.7 543.5 555.6 576.4 585.5 590.9 586.5 585.6 587.5 580.8 580.2 571.8 562 548.3 533.3 519.4 510.5 498.3 483.8 468.5 459 445.6 435.9 423.5 416.8 411.7 407.1
321.7 297.1 294.2 296.1 304.5 295.7 307.2 308.3 307.6 297.2 292.3 285.9 276 262.3 251.5 264.3 270.7 280.1 291.8 302.1 323.5 330.6 317 320.6 323.3 319.1 317.4 328.7 339.4 342.3 349.4 356.7 370 375.8 378.8 388.7 400.9 410.5 414.7 418.7 417 436.6 454 462.7 475.3 492 504.6 510.2 513.4 518.6 521.7 531.2 541.6 548.9 552.6 558.7 577.6 584.9 582.1 577.7 579.9 572 557.8 559.1 554.1 547.1 534.9 521.6 513.5 506.1 496.1 480.4 463.8 452.8 441.1 432.6 418.4 414.2 410 405.5
310.9 288 280.3 289.4 296.8 279.3 297.8 291.9 281.6 276.3 265 264.7 258.1 231.3 256 263.4 266.1 274.1 286.2 301.6 312.9 321.2 314.7 317.6 321.1 317.4 316.3 339.3 343.8 350.7 366.2 380.8 382.9 383.9 392.3 404.1 403.5 403.9 411.3 414 420.6 432.7 436.2 452.5 472.9 486.6 487.1 493.3 500.8 509.2 520.6 533.8 544.6 550.4 555 562.5 575.8 576.1 570.9 571.1 556.9 551.6 547.7 550.9 539.4 532.5 519.4 512.8 506.9 502.2 491.5 473.3 460.2 447.9 430.9 424.4 411.7 402.7 405 404.9
297 279.9 267.2 272.6 274.9 274 279.4 268.6 259.3 258.6 247.8 247.1 219.9 243.1 254.2 260.9 261.9 279.1 287.8 298.1 300.7 305.4 309.9 315.5 320.7 317 331.5 339.1 346.6 357.7 372.4 388.3 397.1 401.8 400.9 406.4 409.4 409.6 407.2 410.2 420.7 427.1 436.3 460.9 472.5 484.4 484.7 490.8 493.6 498 515 527.9 541.7 547.4 551.7 557 563.3 557.7 556.8 549.6 544.9 538 542.1 532.2 529.2 523.6 517.5 508 499.8 497.7 485.2 469.3 459.7 442.6 427.3 412.4 404.3 393.1 397.6 393.8
289.5 274.6 255.2 247.9 241.2 264.9 263.9 252.4 242.3 235.7 232.8 218.8 226.9 236.2 245.2 253.2 262.6 280 291 294.6 290.7 293.4 297.9 313.5 316.1 315.6 333.7 338.9 348.3 358.8 368.2 392.3 411.5 413.7 410.4 406.9 414.1 417 421.8 418.4 416.8 421.1 436.7 458.7 472.1 475.3 478.6 491.6 493.7 501.8 517.3 531 541.4 548.5 548.4 542.6 545.3 542 546.5 543.7 535.2 526.3 517.7 515.4 520.3 517.6 510 506.7 499.6 490.1 474.2 467.3 452.8 431 420.3 403.9 394.8 388.7 390.3 383.1
