public/OST50/NM79.asc
ncols 200
nrows 200
xllcorner 170000
yllcorner 790000
cellsize 50
[rows 108 to 143 of 200, columns 81 to 161 of 200]
286.5 277.7 273.5 266.5 252.2 242.9 234.6 224.7 217.1 226.2 247.2 275 283.6 263.9 247.5 225.7 208.7 183.3 142.1 110.4 83.1 61.6 40.7 30.3 23.6 -1.8 -1.8 -1.8 -1.8 -1.8 -1.8 -1.8 -1.8 -1.8 -1.8 -0.8 -1.8 -1.8 -1.8 -1.8 -1.8 -1.8 -1.8 -1.8 -1.8 -1.8 -1.8 -1.8 -1.8 -1.8 -1.8 -1.8 -1.8 -1.8 -1.8 -1.8 -1.8 -1.8 -1.8 -1.8 -1.8 -1.8 -1.8 -1.8 -1.8 -1.8 -1.8 -1.8 -1.8 -1.8 -1.8 -1.8 -1.8 -1.8 -1.8 -1.8 -1.8 -1.8 -1.8 -1.8 -1.8
281.4 275.4 275.5 264.2 246.4 240.4 235.1 226 226.9 244.8 274.3 300 288.6 279.3 273.1 253.2 223.9 206 156.5 119.3 92.1 69.5 51.9 41.3 21.7 4.5 -1.8 -1.8 -1.8 -1.8 -1.8 -1.8 -1.8 -1.8 3.9 10.2 -1.8 -1.8 -1.8 -1.8 -1.8 -1.8 -1.8 -1.8 -1.8 -1.8 -1.8 -1.8 -1.8 -1.8 -1.8 -1.8 -1.8 -1.8 -1.8 -1.8 -1.8 -1.8 -1.8 -1.8 -1.8 -1.8 -1.8 -1.8 -1.8 -1.8 -1.8 -1.8 -1.8 -1.8 -1.8 -1.8 -1.8 -1.8 -1.8 -1.8 -1.8 -1.8 -1.8 -1.8 -1.8
268.8 272.7 270.9 253.5 242.7 239.2 232.2 228.6 247.9 260 298.8 301.8 291.6 296.4 298.1 270 238.3 209.7 180.6 150.9 109.5 83.1 65.6 45.6 28.3 9.4 2 -1.8 -1.8 -1.8 -1.8 -1.8 -1.8 2.5 16 10.7 3 -1.8 -1.8 -1.8 -1.8 -1.8 -1.8 -1.8 -1.8 -1.8 -1.8 -1.8 -1.8 -1.8 -1.8 -1.8 -1.8 -1.8 -1.8 -1.8 -1.8 -1.8 -1.8 -1.8 -1.8 -1.8 -1.8 -1.8 -1.8 -1.8 -1.8 -1.8 -1.8 -1.8 -1.8 -1.8 -1.8 -1.8 -1.8 -1.8 -1.8 -1.8 -1.8 -1.8 -1.8
262 265.2 257.2 242.6 240.2 237.3 233.8 237 257.4 268.3 303.2 301.3 291.9 305.2 296.5 269 248.8 224.2 197.8 163.8 133.6 99.4 77.9 52.7 36.3 20.4 6.9 2.9 1.1 0.9 1.1 2.6 7.3 15.4 44.8 30.7 16.6 3.7 -1.8 -1.8 -1.8 -1.8 -1.8 -1.8 -1.8 -1.8 -1.8 -1.8 -1.8 -1.8 -1.8 -1.8 -1.8 -1.8 -1.8 -1.8 -1.8 -1.8 -1.8 -1.8 -1.8 -1.8 -1.8 -1.8 -1.8 -1.8 -1.8 -1.8 -1.8 -1.8 -1.8 -1.8 -1.8 -1.8 -1.8 -1.8 -1.8 -1.8 -1.8 -1.8 -1.8
257.6 255.6 245.4 242.6 240 236.8 237.5 242.2 261 285.5 303.3 295.7 287.2 297.2 291.6 271.2 257.5 234.1 208.2 174.3 146.1 110.7 91.8 70.5 51.9 32.1 21.2 8.1 5 4.1 5 6.7 19.7 24.6 39.6 48.3 30.5 4.6 -1.8 -1.8 -1.8 -1.8 -1.8 -1.8 -1.8 -1.8 -1.8 -1.8 -1.8 -1.8 -1.8 -1.8 -1.8 -1.8 -1.8 -1.8 -1.8 -1.8 -1.8 -1.8 -1.8 -1.8 -1.8 -1.8 -1.8 -1.8 -1.8 -1.8 -1.8 -1.8 -1.8 -1.8 -1.8 -1.8 -1.8 -1.8 -1.8 -1.8 -1.8 -1.8 -1.8
250.8 239.5 239.3 240.4 238.6 232.6 234.4 248.5 272.2 292.7 297 293.5 281.7 281.4 289.7 273.3 255.3 234 216.5 187.2 161.1 126.3 106.7 84.1 62.4 46.8 37.8 22.6 14.4 9.9 11.3 19.2 30.3 27.1 31.1 57.4 36.7 5.2 -1.8 -1.8 -1.8 -1.8 -1.8 -1.8 -1.8 -1.8 -1.8 -1.8 -1.8 -1.8 -1.8 -1.8 -1.8 -1.8 -1.8 -1.8 -1.8 -1.8 -1.8 -1.8 -1.8 -1.8 -1.8 -1.8 -1.8 -1.8 -1.8 -1.8 -1.8 -1.8 -1.8 -1.8 -1.8 -1.8 -1.8 -1.8 -1.8 -1.8 -1.8 -1.8 -1.8
241.7 232 235.1 234.6 227.8 218.9 233 248.6 263.4 284 289.6 292.5 280.9 277.1 279.3 274.2 257 233.1 219.3 202.2 170.4 138.6 116.1 95.5 77.1 61.8 46.6 33.9 25.8 20.4 27.2 32.8 35.7 28.7 29.2 37.1 27.2 7.9 -1.8 -1.8 -1.8 -1.8 -1.8 -1.8 -1.8 -1.8 -1.8 -1.8 -1.8 -1.8 -1.8 -1.8 -1.8 -1.8 -1.8 -1.8 -1.8 -1.8 -1.8 -1.8 -1.8 -1.8 -1.8 -1.8 -1.8 -1.8 -1.8 -1.8 -1.8 -1.8 -1.8 -1.8 -1.8 -1.8 -1.8 -1.8 -1.8 -1.8 -1.8 -1.8 -1.8
233.3 229 233.3 223.6 220.4 213 226.3 239.1 252.2 258.2 270 283.2 278.5 272 269.3 259.3 248.2 232 215.7 200.8 174.8 147.2 126.1 109.8 103.9 83.5 63.3 51.5 37.7 31.4 32 41.2 38.9 31 29.9 30.2 24 25.4 2.9 -1.8 -1.8 -1.8 -1.8 -1.8 -1.8 -1.8 -1.8 -1.8 -1.8 -1.8 -1.8 -1.8 -1.8 -1.8 -1.8 -1.8 -1.8 -1.8 -1.8 -1.8 -1.8 -1.8 -1.8 -1.8 -1.8 -1.8 -1.8 -1.8 -1.8 -1.8 -1.8 -1.8 -1.8 -1.8 -1.8 -1.8 -1.8 -1.8 -1.8 -1.8 -1.8
224.9 220.6 218.4 214 208.4 205.4 211.8 230.1 243.5 258.2 281.5 285.1 277.3 266.5 267.6 265.1 248.9 233 212.8 197.1 181.3 160.5 139.9 137.7 131.5 108.6 86.8 76.1 61.1 44.2 41.8 47 41.5 34.3 35.8 28.2 26.4 29.7 7.6 -1.8 -1.8 -1.8 -1.8 -1.8 -1.8 -1.8 -1.8 -1.8 -1.8 -1.8 -1.8 -1.8 -1.8 -1.8 -1.8 -1.8 -1.8 -1.8 -1.8 -1.8 -1.8 -1.8 -1.8 -1.8 -1.8 -1.8 -1.8 -1.8 -1.8 -1.8 -1.8 -1.8 -1.8 -1.8 -1.8 -1.8 -1.8 -1.8 -1.8 -1.8 -1.8
230.5 219.6 213.4 210.4 206.5 201.3 212.1 229.5 248.6 265.6 284 272.7 270.6 263.8 267.3 265.5 254.9 241.3 217 212.6 196.9 170.8 152.5 148.1 147.1 130.3 107.4 93.9 76.6 59.2 54.6 55 45.9 38.1 35 29 29.4 30.2 22.4 20.3 -1.8 -1.8 -1.8 -1.8 -1.8 -1.8 -1.8 -1.8 -1.8 -1.8 -1.8 -1.8 -1.8 -1.8 -1.8 -1.8 -1.8 -1.8 -1.8 -1.8 -1.8 -1.8 -1.8 -1.8 -1.8 -1.8 -1.8 -1.8 -1.8 -1.8 -1.8 -1.8 -1.8 -1.8 -1.8 -1.8 -1.8 -1.8 -1.8 -1.8 -1.8
234.8 216.8 213.9 210.1 204.2 199 205.6 214.8 234.9 253.2 246.8 243 260.5 256.9 265.4 264.3 260.7 245.9 229.7 219 205.9 178.7 163.9 165.8 180 162.8 126.7 113 91.8 73.6 64.3 62 51.6 42.4 36.5 30.4 30.8 35.9 34.6 37.5 27.6 15.3 6.7 -1.8 -1.8 -1.8 -1.8 -1.8 -1.8 -1.8 -1.8 -1.8 -1.8 -1.8 -1.8 -1.8 -1.8 -1.8 -1.8 -1.8 -1.8 -1.8 -1.8 -1.8 -1.8 -1.8 -1.8 -1.8 -1.8 -1.8 -1.8 -1.8 -1.8 -1.8 -1.8 -1.8 -1.8 -1.8 -1.8 -1.8 -1.8
236.5 223.7 218.7 206.4 195.5 189.6 193.8 202 218.4 236.1 225.8 227 239.8 245.2 264.2 261.9 259 245.1 236.7 225.2 209.2 191 183.2 190.9 190.8 177.2 155.5 135.8 112.7 89.2 75.8 73.8 59.3 48 39.5 34 36.4 49.7 61.1 45.5 40.5 29 22 7.3 -1.8 -1.8 -1.8 -1.8 -1.8 -1.8 -1.8 -1.8 -1.8 -1.8 -1.8 -1.8 -1.8 -1.8 -1.8 -1.8 -1.8 -1.8 -1.8 -1.8 -1.8 -1.8 -1.8 -1.8 -1.8 -1.8 -1.8 -1.8 -1.8 -1.8 -1.8 -1.8 -1.8 -1.8 -1.8 -1.8 -1.8
247.4 227.9 215.8 200.5 194.6 188.1 188 190.8 199.8 212.1 207.9 210.4 226.9 238.7 257.7 253.9 264.1 251.6 242.7 227.5 213.2 198.9 197.9 197.5 200.2 186.3 172.2 155.4 134.3 104.8 86.5 75.9 66.8 54.6 42.2 36.8 39.5 61 85.9 74.6 56.9 42.5 32.4 26.8 -1.8 -1.8 -1.8 -1.8 -1.8 -1.8 -1.8 -1.8 -1.8 -1.8 -1.8 -1.8 -1.8 -1.8 -1.8 -1.8 -1.8 -1.8 -1.8 -1.8 -1.8 -1.8 -1.8 -1.8 -1.8 -1.8 -1.8 -1.8 -1.8 -1.8 -1.8 -1.8 -1.8 -1.8 -1.8 -1.8 -1.8
244 226.3 209.6 205.4 197.8 190 188.2 185.9 187 190.7 191.2 199.9 222.1 227.6 246 257.2 265.3 260.2 243.4 230.9 218.8 211.6 206.1 212.2 210.3 199.1 186.4 168.1 142.6 115.1 99.5 84.2 73.3 64.1 46.7 40.5 47.1 60.3 85.5 94 80.7 55.9 43.2 31.9 15.8 1.7 -1.8 -1.8 -1.8 -1.8 -1.8 -1.8 -1.8 -1.8 -1.8 -1.8 -1.8 -1.8 -1.8 -1.8 -1.8 -1.8 -1.8 -1.8 -1.8 -1.8 -1.8 -1.8 -1.8 -1.8 -1.8 -1.8 -1.8 -1.8 -1.8 -1.8 -1.8 -1.8 -1.8 -1.8 -1.8
238.2 225.9 211.7 205.8 195.3 191.4 193.1 186.3 181.1 175.5 175.5 194 213.2 227 252.3 273.6 266.5 256.4 245.2 232.9 231.2 228.8 220 230.6 219.9 209.7 199.6 177.9 151.1 125.6 109.7 92 77.3 65.4 52.4 48.6 57.4 70.3 82.6 93.5 88 66.8 46.9 38.5 20.3 7.1 10.5 -1.8 -1.8 -1.8 -1.8 -1.8 -1.8 -1.8 -1.8 -1.8 -1.8 -1.8 -1.8 -1.8 -1.8 -1.8 -1.8 -1.8 -1.8 -1.8 -1.8 -1.8 -1.8 -1.8 -1.8 -1.8 -1.8 -1.8 -1.8 -1.8 -1.8 -1.8 -1.8 -1.8 -1.8
228.3 217.4 215.2 204.1 193.8 191.1 189.2 185.3 175.5 175.5 175.5 187.4 206.1 223.9 250 267.9 262.7 247.2 244.5 235.1 240.9 248.1 257.2 248.2 233.7 217.9 205.9 189.4 160 138.8 118 98.6 88.2 75.9 68.9 58.9 69 84.4 92.5 97.6 96.2 75.2 51.2 37.1 25.6 28.6 32 19 -1.8 -1.8 -1.8 -1.8 -1.8 -1.8 -1.8 -1.8 -1.8 -1.8 -1.8 -1.8 -1.8 -1.8 -1.8 -1.8 -1.8 -1.8 -1.8 -1.8 -1.8 -1.8 -1.8 -1.8 -1.8 -1.8 -1.8 -1.8 -1.8 -1.8 -1.8 -1.8 -1.8
220.2 214 202.7 196.6 195.1 189.6 185.2 175.5 175.5 175.5 175.5 186.8 202.5 225.1 243.6 259.4 244.5 243.6 233.8 240.5 252.2 267.5 270.5 258.1 239.3 230.7 223.7 193.6 174 153.1 128.7 114.9 102.3 91.1 81.4 70.1 76.7 90.6 107.9 123.2 118.3 92.6 69.1 45.5 41.3 36.8 37.2 38.3 19.4 -1.8 -1.8 -1.8 -1.8 -1.8 -1.8 -1.8 -1.8 -1.8 -1.8 -1.8 -1.8 -1.8 -1.8 -1.8 -1.8 -1.8 -1.8 -1.8 -1.8 -1.8 -1.8 -1.8 -1.8 -1.8 -1.8 -1.8 -1.8 -1.8 -1.8 -1.8 -1.8
212.8 202.1 198.1 194.1 191 186.3 182.6 175.5 175.5 175.5 175.5 183.5 200 220 230.6 236.1 234.9 231.8 233.6 249.6 262.2 267.8 282.3 272 257 242.6 225.3 204.5 186.2 165.2 151.3 129.8 120.2 106.3 93.9 81 80.1 91.1 105.1 123.8 127.2 103.7 87.3 64.7 55.5 46.8 51.6 59.3 40.7 -1.8 -1.8 -1.8 -1.8 -1.8 -1.8 -1.8 -1.8 -1.8 -1.8 -1.8 -1.8 -1.8 -1.8 -1.8 -1.8 -1.8 -1.8 -1.8 -1.8 -1.8 -1.8 -1.8 -1.8 -1.8 -1.8 -1.8 -1.8 -1.8 -1.8 -1.8 -1.8
212.2 206 209.8 206.9 194 187 181.1 183.6 185.3 175.5 175.5 175.5 195.4 213.2 223.3 229.8 233.2 241.8 249.7 260.1 265.3 275.2 284.3 278 266.2 249.6 230.2 215.3 194.7 180.4 164.1 144.7 135.5 119.9 105.9 96 85.1 92.2 107.9 116 123.5 113 95.5 88.1 73.8 64.1 75.9 73.3 53.1 16.8 -1.8 -1.8 -1.8 -1.8 -1.8 -1.8 -1.8 -1.8 -1.8 -1.8 -1.8 -1.8 -1.8 -1.8 -1.8 -1.8 -1.8 -1.8 -1.8 -1.8 -1.8 -1.8 -1.8 -1.8 -1.8 -1.8 -1.8 -1.8 -1.8 -1.8 -1.8
218.3 216.2 224.4 222.5 205.6 192.7 185.5 190 190.7 175.5 175.5 175.5 175.5 201.4 215.5 227.4 241.8 253.1 260.3 262.5 266.9 273.7 272.2 272.6 264.3 251.1 239 222.3 207.1 201 179.4 161.9 147.5 134.3 119.6 110.3 96.8 101 116.6 118.5 114.9 122.1 113.4 113.3 102.6 93.7 95.3 86.8 70.8 30 4.3 -1.8 -1.8 -1.8 -1.8 -1.8 -1.8 -1.8 -1.8 -1.8 -1.8 -1.8 -1.8 -1.8 -1.8 -1.8 -1.8 -1.8 -1.8 -1.8 -1.8 -1.8 -1.8 -1.8 -1.8 -1.8 -1.8 -1.8 -1.8 -1.8 -1.8
219.1 226.5 230.4 229 213 198.7 188.1 188 186.1 175.5 175.5 175.5 175.5 192.6 214.8 230.6 248 255 262.2 262.3 261 269 267.4 270.3 266.2 258.4 245.4 222 231.6 221.2 191.4 178.4 162.9 149 133.1 123.8 108.7 108.6 119 139.3 124.9 116 121.2 129.7 124.4 122.4 107.8 92.3 68.4 40.4 19 7.6 2.6 -1.8 -1.8 -1.8 -1.8 -1.8 -1.8 -1.8 -1.8 -1.8 -1.8 -1.8 -1.8 -1.8 -1.8 -1.8 -1.8 -1.8 -1.8 -1.8 -1.8 -1.8 -1.8 -1.8 -1.8 -1.8 -1.8 -1.8 -1.8
231 234.5 240.3 228.4 214.6 202.2 193.2 188.6 175.5 175.5 175.5 175.5 175.5 192.4 212.8 237.7 250.8 254.4 266.2 262.9 260.8 271.5 269.3 266.7 262.3 259.6 241.9 239.8 245.8 230.9 204.1 190.4 174.4 164.5 151.3 135.1 125.9 122.8 130.6 143.3 148 125 125.2 142.2 132.8 139.4 120.4 102.5 95.2 69.6 45.1 30.7 31.8 10.5 -1.8 -1.8 -1.8 -1.8 -1.8 -1.8 -1.8 -1.8 -1.8 -1.8 -1.8 -1.8 -1.8 -1.8 -1.8 -1.8 -1.8 -1.8 -1.8 -1.8 -1.8 -1.8 -1.8 -1.8 -1.8 -1.8 -1.8
235 243.4 236.2 229.7 214.2 203.9 197.6 190.9 175.5 175.5 175.5 175.5 175.5 193.4 220.5 235 245.9 253.7 260.5 257.1 261.8 270.5 268.6 263.6 258 248.6 239 259.5 257.7 242.1 221.5 204.4 196.5 185.8 172.9 154.9 139.7 136.2 143.2 157.9 162.7 140.8 131 141.1 138.6 137.1 125.5 118.8 121.8 100.9 75.2 42 57.8 41.2 22.6 11.1 -1.8 -1.8 -1.8 -1.8 -1.8 -1.8 -1.8 -1.8 -1.8 -1.8 -1.8 -1.8 -1.8 -1.8 -1.8 -1.8 -1.8 -1.8 -1.8 -1.8 -1.8 -1.8 -1.8 -1.8 -1.8
228.2 231.2 236.4 228.9 216.9 206.3 198.8 192.7 182.6 175.5 175.5 175.5 175.5 195.6 226.2 242.9 245.4 253 255 251.7 257.1 260.2 256.8 251.9 245 238.4 239.4 266.8 264.5 256 243.7 230.5 216.5 204.5 186.1 173 156.1 144.4 151.8 167.7 169.7 153.5 142.1 136.9 141.4 138.5 133.5 149.2 149.3 123.5 75.6 69.2 71.1 58.3 45 35.6 -1.8 -1.8 -1.8 -1.8 -1.8 -1.8 -1.8 -1.8 -1.8 -1.8 -1.8 -1.8 -1.8 -1.8 -1.8 -1.8 -1.8 -1.8 -1.8 -1.8 -1.8 -1.8 -1.8 -1.8 -1.8
227.6 232.2 244.4 234.6 223.9 208.2 200.1 193.2 185.3 175.5 175.5 175.5 189.3 204.7 228.5 242.8 247.1 262.4 251.3 246.4 245.2 246.2 247 238.8 238.4 238.4 250.1 272.2 274.2 263.8 253.9 247.9 232.7 218.9 200.7 184 166 157.8 156.6 166.8 177.1 172.8 163.5 143.6 144.9 154 153.3 159.8 148.2 115.6 83.2 100.2 96.8 83.2 77.6 60.3 22.1 -1.8 -1.8 -1.8 -1.8 -1.8 -1.8 -1.8 -1.8 -1.8 -1.8 -1.8 -1.8 -1.8 -1.8 -1.8 -1.8 -1.8 -1.8 -1.8 -1.8 -1.8 -1.8 -1.8 -1.8
232.1 239.3 240.8 234.1 221.4 208.9 200.1 193.5 189.7 185.8 175.5 176 199.6 212.8 238.2 243.8 245.3 259.1 259.3 248.2 245.6 242.8 238.8 238.4 244.1 259.4 263.6 271.7 277 269.1 260 259 246.1 224.8 207.5 190.4 173.4 168.2 167.5 169.2 182.9 187.7 173.4 153.1 154.6 169.6 165.1 164 142.6 104.7 120.9 126.2 129.1 116.5 117 95.4 51.6 25.2 12.3 2.8 -1.8 -1.8 -1.8 -1.8 -1.8 -1.8 -1.8 -1.8 -1.8 -1.8 -1.8 -1.8 -1.8 -1.8 -1.8 -1.8 -1.8 -1.8 -1.8 -1.8 -1.8
238.6 241.7 235.7 224.7 212.5 205.6 202.5 196.8 194.9 193.3 179.2 175.5 192.5 215.6 240.2 251.2 247.6 248.2 258.5 249.7 245.3 238.4 238.4 238.4 258.1 272.1 273.8 272.8 272.6 267.2 264.6 257.5 250.9 233.3 209.7 191.8 181 177.1 179.1 179.4 190.4 191.5 173.9 167.4 162.6 174.5 171.3 152.8 123.6 133 145.6 152.7 162.8 153 150 118.7 87.2 68.1 41.5 22.8 24.9 10.5 -1.8 -1.8 -1.8 -1.8 -1.8 -1.8 -1.8 -1.8 -1.8 -1.8 -1.8 -1.8 -1.8 -1.8 -1.8 2.8 7.4 -1.8 -1.8
229.6 236.6 234.6 218.8 204.7 200.7 205.6 200.1 196.7 193.4 181.7 175.5 188.9 212.8 232.4 251.9 254.5 249 250.2 244 238.5 238.4 238.4 242.9 257.1 273.9 278.3 275.2 277.4 269.2 264.1 255.2 243.5 229 212 199.9 191.9 188.2 197.5 197.2 210.5 199.5 186.9 185.6 173.2 168.7 160.3 141.5 144.1 156.5 170.5 169 171.8 164.7 157.8 146.1 123.5 107.4 83.5 57.3 58.8 54.5 49 34.1 6.4 2.5 2.4 4 -1.8 -1.8 -1.8 -1.8 -1.8 -1.8 0.5 2 5.1 9.9 13.9 7.7 7.7
227.1 238.5 221.4 207.4 198.1 196.7 199.2 201.5 199.8 192.8 187.7 181.2 179.4 201 232.9 246.6 253.9 249.4 243.4 241.2 239.8 244.7 253.1 259.5 269.7 273.5 279 276.5 277.6 269.7 260.6 251.4 246.7 232.3 216.5 211.8 200 195.1 206.5 210.2 218.1 203.2 194.6 182.8 168.6 158.5 143.5 143.8 173.9 189.5 188.6 182.4 172 173.6 175 167 148.7 131.4 103.1 92.9 98.4 86.7 64.5 50.6 42.9 22.5 9.8 11.3 13.8 3.7 -1.8 -1.8 -1.8 1.9 3 7.4 14.8 28.9 29.8 29.7 24
225.6 216.5 208.7 205.3 194.9 192.6 204.3 203.3 199.2 191.8 187.9 180.8 175.5 186.7 220.8 240 236.9 244.5 245.2 242.6 247.7 252.2 264.4 269.3 285.3 285.3 282.3 276.6 272.2 266.4 256.4 250.2 243.7 233 221.5 214.8 210.2 200.9 207.6 209.8 216.3 199.3 182.6 173.2 164.8 153 163 161.7 191.5 200.8 194.4 195.9 176.2 188.1 191.1 171.2 161.7 142.1 120.3 112.5 108.2 99.2 93.7 73.9 85.2 70.7 48.9 31.5 20.4 15.1 16.3 14.7 9.6 7.2 15 21.7 29.1 49.7 58.3 50.3 39.3
203.7 201.4 208.1 198.8 187.2 191.2 202.4 201.1 200.1 190 186.9 184.1 175.5 176.3 203.9 222.7 237.2 257.6 252.4 247.1 266.7 270 275.8 274.7 294.4 297.9 284.2 273.9 266.6 261.8 258 253.5 242.9 235.7 225.9 215.5 209.5 209.9 201 197.6 198.1 190.6 175.4 166.3 162.5 166.4 176.9 175.9 192.8 202 195.7 186.4 182.2 185.3 180.7 172.4 177 153 141.2 134.8 119.7 117 112.2 104.8 103 100.8 79.8 53.1 40.1 27.7 37.5 35.5 21.2 19.8 36.2 42 49.8 69 71.8 68.3 56.5
197.8 198.1 196.7 188.1 185.3 193 199.5 200.8 193.6 189.4 186.9 186.8 175.5 175.5 193.4 218 247.9 260.8 252.7 261 278.8 283.8 280 275.4 293 295.5 291.3 284 273.4 262.1 254.3 253.1 247 237.8 226.6 216.9 205.9 202.7 196.8 186.6 182.5 186.3 179.1 177.2 174.7 182.2 192.6 187.5 204.1 208.4 201.7 190.5 189.4 188 180.3 178.3 175.4 166.9 149.1 136.7 128.3 129.9 121.7 137.9 125.7 114 102 75.3 52.3 50.7 44.8 50.1 36.8 38.9 31.2 47.3 59.7 82 90.1 85.6 84.2
196.6 195 189.3 183.5 184.8 198.2 204.2 194.4 187.4 188.6 186.7 184.5 175.5 181.2 189.8 234.8 255.3 242.7 248.7 252.6 280 284.3 285.3 276.5 294.3 291.2 294.3 290.2 293.2 273.7 259.3 252.6 246.9 240.3 228.6 217.8 206.3 197.6 193.1 195.2 191.9 194.1 190.1 190.8 203.7 206.2 196.4 198.8 212.9 210.6 200.9 197.2 195.8 192.8 182.3 183.4 185.1 174.6 162 147.9 141.3 146.1 140.6 149.8 145.3 134.2 111.4 91.8 73.9 72 65.6 65.4 58.7 64.2 51.5 41.8 65.1 93.5 103.2 105.3 105
196.5 185.9 183.5 183.2 186.9 198.8 198.1 184.1 179 186.1 181.3 178.6 183.2 186 196.1 242.7 249 239.8 243.5 243.3 262.4 284.9 288.1 282.4 300 293.3 299.6 294.1 288.4 275.2 263.2 253.6 250.5 242.8 228 212.6 203.4 201.6 207.8 204.5 198.2 197 194.9 206 225.6 225.7 216 210.7 215.7 213.1 205.1 208.2 204.6 194.7 190.8 191.6 205.8 198.8 177.7 173.9 162.2 152.5 150.6 162.5 161.8 143.7 136.2 111.6 91.5 99.9 81 81.7 79.3 74.5 62.8 59.5 68.5 97 112.5 127 124.4
195.3 186.3 183.2 182.8 185.2 188.2 179.3 175.5 175.5 180.8 186.9 193 195.2 196.9 202.9 234.2 240.5 239.6 242.7 245 267.4 279 287.3 288.6 299.8 299.2 301 286.6 277.8 269.1 257.8 246.5 245.9 242.1 229 214.5 205.8 208.7 211.8 203.2 197.1 202.9 204.5 220.8 243.1 244 230.7 232.9 219.2 226.8 223.2 218.7 220.3 207.6 200.9 206.3 207.2 205.2 197.4 197 182.7 165.7 163.1 173.8 175.9 165.7 148.9 124.1 108.7 110.7 103.2 109.5 103.2 81.7 81.6 74.7 83.1 101.8 111.5 135 138.2
193.8 185.4 182.8 182.3 190.2 180.6 175.5 175.5 175.5 186.5 195.6 207.4 224.2 216.5 218.9 232 237.7 241.8 244.9 255 268.4 276.8 292.2 294.9 288.8 310.2 301.6 281.7 274.5 264.8 256.5 245.4 236 234.7 223.5 223.4 220.4 213 220.2 207.7 201.5 208.2 213.7 225.4 253.3 256.2 248.2 241 231.3 234.2 252.8 241.9 231.2 220.8 220.5 214.2 208 206 204.3 199.4 196.1 185.2 171.3 174.4 182.4 167.6 152.9 139.5 134.8 123.9 126.9 128.5 110 94.1 96.1 89.9 85.8 109.5 126 131.2 136.1
