public/OST50/NM79.asc
ncols 200
nrows 200
xllcorner 170000
yllcorner 790000
cellsize 50
[rows 108 to 143 of 200, columns 0 to 80 of 200]
28.1 26.1 37.9 65.1 84.5 105.6 140.4 147.5 162.7 162.1 178.8 219.1 239.6 259.2 262.5 250 239.6 225.3 213.3 215 213.4 216.1 217.1 211.3 210 215.3 217.4 225.4 248.2 263.7 271 285.3 310.9 313.5 321 332.7 337.4 348.2 358.4 372.3 386 384.7 384.4 396.1 423.5 440.3 408.8 389.7 391.3 400.1 403.9 413 421.3 408 382.9 366.5 367.3 355.3 346.8 345.9 339.8 338.1 334.7 342 360.4 365.4 365 360.4 350.8 342.5 343.1 336.3 334.2 346.1 335.2 335.8 321.7 323.4 317.3 307.3 292.1
26.8 28.3 41.9 70.7 88.2 112.8 149 159.4 171.7 167.5 175.9 209.8 231.3 244.3 251.8 249 251.7 240.8 228.7 233.7 212.9 212.5 231.9 232.8 217.2 225.1 230.9 218.2 239.2 254.3 265.3 275.6 284.4 300.7 318.9 326.7 327.5 341.5 353.2 360.8 368 364.2 373.5 374.3 388.3 393.3 391.2 378.3 373.6 382 396.8 398.3 410 399.6 383 368.1 368.3 356.3 341.5 334.4 333.8 335.8 329.6 331.5 353.6 361 360.1 360.7 345.3 341.4 342.4 334.9 341.9 354.3 336.5 333 315.9 310 310.4 311 290.2
25.7 30.6 52.3 75.2 87.3 121.1 155.4 163.4 170.7 171.6 179.2 202.4 234.1 244.6 240.2 239.1 245.9 242.3 233.1 249.9 230.3 223.5 235 242.5 227.8 233.2 240.6 224.6 229.6 243 251.6 262.1 281.5 305.9 313.6 318.5 324.7 328.6 341.1 352 358.5 350.4 362.8 358.1 359.4 364.6 369.3 366.9 357.1 363.8 378.5 374.8 406.4 409.9 397.8 368.3 360.3 356.2 334.8 326.9 323.4 325.4 324.8 327.8 336.4 354.2 352.8 354.9 338.9 334.4 337.5 334 349.1 350.9 338.1 331.7 312.4 304.9 307.5 304.8 283.4
24.2 32.8 62.1 78.4 89.3 138.3 161.3 173.4 174.9 185.3 178.5 193.9 224.5 237.9 238.4 249.3 251.1 248.4 232.7 244.5 235.3 226.9 239.3 249.7 248 241.3 246.4 228.3 223.9 230.4 249.9 265.6 295.6 314.5 327.6 328.8 329.3 340.4 345.5 354.1 355.1 341.7 345.5 346.2 352.1 352.4 352.1 353.1 344.7 348.9 350.9 371 406.4 410.7 391.4 360.1 351.9 344.7 325.6 318.8 314.4 319.1 313.8 326.2 325.4 335.9 340.9 344 326.7 327.2 331.2 333.8 348.6 346 334.6 328.8 308 302 308.3 293.5 279.4
26.8 34.3 59.9 72.8 98 134.1 150.5 168.6 181.4 184.2 186.7 189 212.3 228.8 229 246.9 255.1 249.5 236.2 255.9 241.1 231.7 248.4 248.2 251.8 246.3 243.1 233.5 225.6 229.4 251.2 263 287.9 300.6 316.5 325.6 334.9 349 345.2 342.6 345.6 333.6 330.3 334.2 345.2 342 334.1 334.8 336.4 334.4 338.8 358.2 385 387 371.5 346.1 339.2 335.8 318 308.1 298.8 301.4 306.6 326.6 319.4 324 324.3 327.9 318.8 323.2 336.9 337.2 341.5 345.6 327.8 317 304 300.6 300.8 287.1 269.1
29.4 35.6 54.7 72.8 96.6 118.6 135.1 149.5 165.1 189.3 189.3 184.2 203 209.6 210 228.5 244.8 244.5 231.1 234.9 245.4 242.5 242.9 243.4 248 240.4 240 234.8 230.1 230.5 249 260.6 277.1 294.4 313.7 326.8 338.1 342.7 335.7 338.6 340.5 325.9 312.8 322.9 334.8 334.6 324.9 317.9 330.7 344.4 337.8 347.4 371.4 368.5 352.6 332.4 327.3 317.1 305 300 294.5 293.8 304.6 316.3 305.7 306.6 301.4 308.2 310.6 323.7 344.2 339.4 327.7 335.4 321.1 305.8 295.2 293.2 299.5 279.5 259.2
29.8 35.1 54.5 83 94.9 113.5 114.5 124.3 155.9 179.6 190.9 182.3 191.1 201 195.6 210.3 234 238.2 228.6 219 233.2 233.4 239.7 243.4 238.4 238.6 241.7 241 232.3 237.5 245.5 257.8 267.5 290.4 306.4 311 320.2 322.4 328 341.3 330.9 312.4 302.6 308.1 321.4 324.5 316.2 315.4 319.5 337.2 336.4 338.8 339.5 344.2 325.8 320.3 311.7 298.6 293.2 290.9 283.7 289.1 304.3 302.2 293.4 285.1 286.5 294.4 305.9 315.9 334.9 326.7 326.2 330.2 315.5 298.1 287.9 284.9 290.3 274.3 256.2
30 34.4 56.5 93.9 102.1 107.8 105.3 116.7 142.4 169 177.7 178.7 186.8 189.4 186.6 199 219.9 228.3 228 211.9 218.4 228.2 236.2 234.1 233.6 238.1 245.1 247.5 240.6 230.6 237.8 251.1 264.2 276.6 289.3 296.3 310.7 314.1 317.2 333.7 314.3 301.8 291 294 306.5 317.5 306.8 310 313.2 320.9 324 325.1 322.8 314 305.4 306.9 304.5 291.8 278.6 270.3 272.2 286.2 296.7 296.3 285.1 275.5 275.8 282.4 301.2 313.1 322.6 316.4 327.3 334.1 314.9 293.8 286.3 284.8 286.8 266.7 245
32.2 33.7 58.9 83.8 86.6 95.4 95.6 109.7 147 173.6 187.7 187 184.5 181.6 182.6 191.5 216.7 219.4 220.9 209.2 209.8 224.6 230 230.8 229.5 234.6 239.6 243.8 238.2 226 235.2 234.5 246.1 259.3 273.1 295.1 308.7 309 307 321 298.1 291.2 280.5 283.7 297.3 299.3 294.3 302.4 307.5 313.6 320.5 324.2 319 306.1 302.7 297 295.7 282 274.1 262.1 261.9 277.3 288.4 285.9 274 267.8 266.4 279.5 297.2 304.9 308 306.4 319.3 322.2 303.5 291.7 280.4 275.1 271.1 252.7 237
31.3 32.3 53.1 66.5 78.4 88.5 89.4 109 138.5 167.2 182.3 189.7 184.6 195.9 198.2 210.4 210 204.7 206.1 204.4 204.4 232.9 230.5 226.3 226.3 230.8 242.1 241.6 234 226 226 226.1 236.4 252.8 274.5 291.4 297.7 299.5 295.5 302.3 283.9 277.3 264 275.1 285.8 283.6 279.5 291.1 305.8 314.5 322.4 320 313.4 302.3 298.2 291.1 280.2 273.5 269.9 255.5 253 265.2 277.4 280 266.5 255.2 255.3 270.3 293.5 303.3 300 298.9 313.2 315.3 301.2 285.9 277.2 259.7 254.8 246.7 237.4
29.3 36 45.4 57.8 67.9 75.2 89.5 104.8 132.5 155.6 165.1 177.4 177.6 195.1 210.6 223.3 233.3 231.8 217.5 204.4 204.4 226.7 223.9 218.2 223.2 228.5 234.6 232.7 226 226 226 226 229.4 247.9 263.3 280.3 287.2 280.5 281.2 277.8 266.1 260.6 253.3 264.3 266.8 266.3 272.6 290.8 305.5 319.3 324.9 314.2 307.7 295.2 288.9 282.1 270.8 268 261.7 250.1 243.1 258.1 264.4 273.2 260.4 243.4 244.8 261.4 290.3 305.3 298.3 293.6 300.3 294.8 288.9 276.7 262.6 254.1 260.4 250.8 238.8
33.2 43.5 49.9 52.5 56.7 82 88.1 103.6 120.1 132.1 141.6 162.7 157.7 170.7 204.5 220.1 219.8 231.1 232.4 210.6 207.5 208.6 211.8 218.4 241.6 241 248.6 249.4 235.8 226 226 226 226 226 238 253.1 262 264.9 262.6 253.1 252.2 243.1 245.2 254.2 252.1 256.3 269.5 292.8 306 318.6 318.6 316.1 301.7 286.9 276.4 271.6 265.9 257.7 250.4 247.2 238.5 252.5 263.7 267.4 253.2 234.4 235.9 256.2 288.9 294.9 287.9 281.9 280.8 279.8 270.4 262.3 254.1 254.1 259.3 269.2 244.8
32.3 50.2 52.6 60.9 55.9 71.5 95.4 96.8 121.5 126.8 129 139.7 141.9 159 181.6 190.2 201 217.8 216 209 207.8 204.4 216.7 238 253.7 256.1 264.9 264.8 254.8 235.3 226 226 226 226 236.8 266.3 279.7 287.6 288.7 260.9 248.6 235.2 237.4 244.5 240.6 251.6 270.9 294.2 298 297.8 306.7 310.5 287.5 274.7 266.9 263.7 253.1 244.5 241.3 245.5 235.9 253.9 271.1 267.6 247.3 231.3 230 252 280.5 285.8 280.1 272.7 260.1 262.9 255.1 260.3 256.8 268.9 270.8 262.8 258.8
29.6 48.2 61.4 65.8 66.9 70.7 84.6 95 110.7 108 113.5 141.6 145.8 152.9 165.3 174 192.3 208.9 210.5 200.5 206.5 204.4 218.9 241.5 266.5 263 269.3 261.5 257 236.3 226.6 226 226 226 234.5 262.5 296.2 298.4 298.2 284.8 270.8 241.4 232.6 231.5 235.2 248.2 270.3 294.5 296.5 288.7 301.9 295 272 265.3 258.3 254.1 241.8 233.5 236.4 238.2 234.4 250.4 274.2 261.3 237.6 227.9 226.1 248.7 264.2 264.1 266.8 264.3 249.6 248.8 262.7 262.8 257.6 264.9 259.4 269 263.3
27.6 41.8 56.7 58.4 65.3 67.9 79.6 84.6 93.4 91.1 113.6 148.1 157.4 153.9 171.3 182.9 191.8 197.1 198.9 204 215.8 208.8 213.1 233.9 257.2 263.1 263.5 252.1 246.3 236.6 235.3 226 226 226.4 226 252.2 285.3 302.6 302.4 284.6 266.8 242.9 232.4 233.5 234.6 236.9 263.6 284.8 283.8 283.1 288.6 273.7 257.9 251.3 251.4 249.7 238.6 232.9 233.2 231.1 230.5 251.5 256.4 247.2 234.3 227.2 222.2 236.5 248.4 249.8 255.5 251.9 237.5 255.5 260.4 261.2 248.8 252.4 261.1 272.5 255
26.2 35.6 52.7 48.8 50 52 62.2 66.3 82.8 93.2 117.8 140.3 152.6 155.3 170.3 178.2 184.2 200.8 208 215.4 225.3 221.3 218.6 217.6 244.4 252.4 244.2 243.6 238 231 230.9 229.6 243.4 235.1 231.7 244.7 273.7 304.1 296.8 276.9 256 236.1 230.4 230.3 224.3 237 259.3 263.6 268.9 275 270.7 257.9 249.3 243.7 247.8 245 238 231.4 229.3 229.2 221.8 241.3 243.1 232.9 230.1 226.6 217.1 233.3 240.8 239.3 240.1 235.2 235 245.9 244.2 250.6 240.2 252 264.8 259.3 241.4
20.7 26.1 30.6 33 32 30.2 49.8 74.6 97.5 90.1 109.4 128.7 143 152.3 172.3 178.3 185.3 213.7 219.1 214.8 225.2 234.8 226.8 214.5 225.8 236.6 230.7 222.8 234.3 230 227.6 222.8 226.4 245 235 243.3 262.9 287.1 288 263.4 246.1 232.5 230.4 224.6 218.8 238 259.8 253.1 260.4 259.6 254.9 247.8 244.7 240.4 241.8 239.9 236.4 229.1 225.8 226.3 212.1 228.5 228 224.6 229.7 226 212.6 227.5 226.6 233.1 229.2 232.8 230.7 233.2 234.6 235.7 235.7 247.7 257.7 250.9 228.7
19.3 19.7 20.6 22.1 23.5 32 53.9 86.6 90.6 92.3 103.9 117.2 135 157.5 182.3 192.7 196.2 199.6 208.8 212.7 217.8 235.5 227 212.5 217.9 220.7 219.5 212.2 219.8 229.5 229.7 219 219.9 230.7 241.9 242.7 253.9 273.9 276.9 250 234.2 224.7 222.8 218.6 220.2 241.8 241.7 243.9 254.1 258.4 255 245.7 242.6 236.5 235.5 232.2 230.4 225.5 222.5 213.4 201.8 210.4 215 218.3 230.5 220.4 209.7 220.6 223.6 227.3 225.8 231.1 228.6 237.8 233.7 234.2 242.4 258.6 273.3 252.3 227.7
20.2 25.8 23.9 22.7 24.7 39.8 62 90.5 91.4 90.9 100.5 117.9 131.7 158.8 171.2 189.3 201.7 207.8 208.8 205.4 210.7 227 219.5 213.1 207.9 204.9 203.8 208 213.6 224.4 223.4 211.5 212.5 230.7 250.5 247.2 263.7 259.8 258.1 232.3 225 216 214.8 213.4 222.3 232.9 229.6 238.4 252.4 252.1 247.8 242.1 237.4 234.5 232.4 230 229 220.6 221.1 212.8 195.8 207 208.4 209.9 220.2 216.1 206.8 213.5 227.4 228.8 225.5 223.7 230.9 234.3 229.6 230.5 238.5 259.2 266.9 246.2 223.2
21.4 29.8 27.9 26.3 27.5 50.3 66 73.1 75 80.3 100.3 122 130.8 149.5 174.2 178.7 202.1 208.1 211.1 202.2 208.8 208.7 208.3 208.6 199 194.3 199.4 204.8 206.7 209.5 207.4 213.7 224.3 229.5 239.9 251.9 250.5 259.3 239.5 221.5 218.6 206.9 193.4 198.9 217.3 219 223.4 238 238.2 237.4 239 242.5 247 242.9 230.2 225.1 221.6 215.8 225.7 216.1 194.9 206.2 201.2 204.5 211.3 207.4 202.4 210.9 224.3 223.4 219.2 228.1 242.3 231 223.3 227 242.1 263.7 264.9 241.7 222.2
22.3 29.6 28.7 26.6 30.5 58.2 74.7 77.8 82.5 86.5 94.3 117.2 130.9 153 153 160 179.1 193 213.1 200.7 210.1 213.9 205.6 201.8 195.1 194.3 194.3 197.8 196.9 207.3 222 222.1 226.9 233.9 235.3 248.7 238 245.6 235.4 214.8 204.6 189 177.3 181.8 202.7 215.4 226.4 227.6 234.9 238.8 241.6 245.2 253.3 249.3 230.1 220.3 212.5 213 223.5 213.7 195.5 202.3 198.6 205.5 207.5 201.9 201.7 207.3 216.1 214.2 216.6 236.2 237.4 220.8 217.9 227.1 242.8 252.7 259 240.1 219.5
39.8 32.3 28.8 26.3 36.8 64.4 97 92.4 91.5 92.2 99.3 108.7 124.9 138.4 146.3 146 155.1 182.2 202.5 200.3 202.3 206.4 203.4 198.6 199.4 194.8 194.9 198.6 196.1 207.7 218.3 222.3 236.1 239.5 238.3 229.7 217.8 221.6 217.6 206.8 193.8 173.1 159.6 175.2 191.3 193 201.3 229.5 238.8 244.5 245.3 244.8 244.3 243.4 223.9 212.9 206.2 211.2 217.5 209.5 190.3 192.1 198 201.1 199.4 196.5 203.3 209.6 208.6 212.6 210.3 219.5 222.2 210.1 210.9 227.6 237.6 240.3 247.9 235.1 219.8
53.8 46.7 35.6 30.7 42.8 69.1 84.3 94.5 99.6 95.7 99.9 110.4 119.1 112.9 119.3 120.6 139.4 177.5 202.9 201.7 199 200.3 198.2 187.7 201.7 199.4 196.9 209.7 200.5 217.2 218.6 234.7 241.8 242.2 238.9 225.1 210.9 204.6 191.3 192.3 176.7 157.4 147.9 155 162 166.9 198.5 219.3 233.6 236.8 245.4 243.1 230.6 223.6 211.7 206.8 202.1 208.9 215.6 198.3 185.1 193.7 213.1 197.5 193.7 201.2 208.4 212.6 209.8 212.9 208.5 206.3 208.8 199.8 206.9 225.8 240.6 241.7 251 227.1 220.7
52.4 54.9 46 35.5 40.9 60.7 80.7 87.5 93.1 92.4 94 99.9 98.4 88.1 86.5 106.1 129 173.9 201.5 201.4 200 193.9 195 189.9 198.7 211.6 208.7 206.7 203.4 207.3 224.2 237.2 250.1 248.3 237.7 217.5 202.6 189.6 176.3 172 163.8 146.2 142.7 142.7 144.7 149.7 186.5 221.1 216.6 220.7 234.4 230.8 216.6 205.1 196.5 198 198.1 210.3 204 189.9 174.6 207 205.7 191.2 194.7 210.8 213.4 213 213.4 215.2 215.2 204.7 195.4 195.4 202.7 224.3 236.7 239.1 231 222 218.7
53 49.1 45.7 38.5 42.1 48.7 65 79.9 82.2 79.3 84.7 84.8 84.5 80.6 76.7 96.4 126.3 160.5 196.3 183.6 191 188.8 177.4 183.3 201.5 216.1 206.7 195.7 200.7 201.7 216.2 230.5 245 243.2 242.1 220.8 190.8 177 160.9 157 154.6 142.8 128 139.2 132.1 130.7 163 212.5 212.6 216 221.5 211.1 195 188.1 185.5 192.6 195 206.7 194.6 181.9 178.1 204.9 189.6 190.3 198 217.1 217.6 207.9 214 216.2 215.3 201.5 185.6 188.8 200.4 216.9 225.7 228.7 221.1 217.8 218.5
49.7 38.4 38.9 41 43.1 44.8 55.1 65.9 66 76.3 84.3 84.1 81.1 75.1 70.6 79.3 114.7 146 173.5 170.8 170.3 178.5 163.9 180.5 190.4 201.4 198.1 190.9 179.2 191.3 208.8 217.7 233.2 238 234.7 223 190.6 167.2 152.5 147.6 148.7 147.1 129.6 127.4 119.6 122.1 150 192.6 206.2 208.3 210.3 194.4 184.8 168.3 176.8 184.2 192 194.6 182.5 169.5 183.4 192.9 188.4 190.3 196.5 204.7 206.5 203.4 205.5 218.5 213.7 194.7 181.7 184.7 199.9 208.5 221.4 228 214.8 219 223
44.3 31.7 31 40.3 43.8 41 50.3 60.4 60 70.5 74.5 81.2 75.2 65.4 63 69.6 89.9 113.9 129.4 150 155.6 157.9 163 173 177.9 172 176.6 176.7 161.2 164.3 191.3 203.8 218.3 227.3 218.6 210.2 193.3 168.5 146.4 142.7 142.2 136.1 125.6 120.3 115.1 110.8 132.1 178.6 199.7 196.2 190.1 187.2 169.1 158.9 170.8 172.8 181.6 175.3 168.6 158.8 184.7 183.1 190.2 185.1 187.3 188.9 193.7 190.3 199.3 215.5 205.9 186.2 181.2 183.9 183 194.6 208.6 210.3 213.9 226.6 228
42.2 28 28.7 41.9 53.5 38.4 49.6 51.7 54.4 65.4 64.2 68.5 67 66.5 62 59.1 87.3 92.3 112.7 133.1 153.8 155.5 150.4 156.8 167 164.4 159.2 158.2 145.8 145.1 171.6 187.5 206.4 220.4 213.9 206.1 192.4 165.4 140.3 131.7 124.3 121.1 107.4 111.6 109.7 96.1 119.8 149.1 178 188.5 182.3 173.9 162.1 146.3 157.9 173.5 172.8 149.6 157.7 166.4 172.6 182.8 181.5 177.2 179.6 184.9 188.8 187.6 203.1 204.7 195.1 180.3 175.7 175.4 178.1 185.5 193.2 207.3 216.1 223.9 221.8
33 24.6 25.9 40.1 49.6 34.8 42.7 42.2 44.7 46.8 63.3 74.8 63.4 61.8 54.3 58.5 95.4 92.5 96.5 114.8 125.6 147.2 154.4 164.2 161.5 156.9 154.3 139.3 129.1 134.5 157.3 179.4 189 203.7 206 192.4 184.8 158.2 135.7 119.3 111 103.6 92.1 102.2 106.1 94.5 106.3 128.1 160.4 175.2 175.6 169.6 153.2 140.8 151.9 155.6 150.4 149.9 171.9 169.1 180.4 177.4 170.3 173.4 175.4 180.1 186.5 186.9 194.8 198.5 183.8 177.4 168.9 166.5 181.9 179.1 193.5 218.2 226.9 223.3 216.7
25.7 19 23.4 40.1 45.6 30.1 35 36.2 39.2 45.3 59.9 68.3 53.8 58.1 48 49.3 76.8 95.2 100.3 101.5 106.5 140.4 143.6 149.5 150.3 141.6 131.3 124.3 118 128.3 142.7 166.1 182.4 189.4 190.2 174.1 167.8 144.6 124.8 113.1 95.8 92.9 86 95.9 101.9 96.4 90.1 107.9 129.2 142.4 149.6 151.1 143.8 138.2 145.8 133.4 137.5 158.7 172.1 170 177.2 167.3 165.8 168.5 167.7 172.3 176.1 180 188 187 173.5 176.8 166.5 166.5 173 178.8 199.7 222.9 225.7 221.2 212.8
18.6 15.1 19.5 35.2 41.4 27.5 24.7 29.6 35.5 44 53.7 51.8 46.6 45.7 37.4 37.7 54.2 82.2 88.8 83.3 88.8 96 110.9 123.5 119.9 114 110.7 101.8 105.4 128.1 133.7 160.8 168.7 175.8 178.1 167.2 147.4 125.2 107 98.5 90.5 82.4 78.6 86.4 91.3 86.4 79.2 85.4 100.9 122.8 136.4 140.4 129.1 126.6 137.6 128.2 128.8 141.5 169.2 167 165.3 161.3 162.3 162 161.6 167.7 168.4 178.1 179.6 182.4 172.5 166.8 166.5 166.5 174.1 183.5 204 224.2 221.3 212 209
14.2 13.8 17.1 20.7 28 22 19.5 26 33.3 33.1 34.9 32.8 40.7 33.7 29.9 22.8 35.1 54.4 54.3 61.4 61 72 77.7 94.5 92.2 87.6 87.4 88.2 94.8 112.9 131.2 146.1 158.4 167.4 163.7 154.6 126.9 108 94.5 82.7 79.4 78.2 77.5 70.4 69.6 70.2 77.1 68 78.4 96.5 114.7 120.5 111.5 118.8 128.9 127.1 115.2 144.4 164.1 159.4 159.4 161.4 158.5 159.2 159.3 169.2 164.1 173.6 176.6 181.2 172 167.5 166.5 166.5 166.5 173.5 196 200.4 202.4 205.3 203
13.1 24 22.7 27.8 18.8 18.6 17 16.1 15.7 15.5 18.3 25.2 23.5 23 16 15.1 22.4 25.8 30.3 41.8 48.7 62.1 67 85.9 87.1 83.9 80.3 81.1 85.1 108.4 138.7 137.4 144.9 154.1 146.3 117.6 98.1 92.6 83.3 69.8 66.6 68.7 69.2 51.5 52.6 57.1 67.3 63.1 63.6 75.5 89.7 89.2 108.8 110.4 113.7 93.5 114.2 143 154.1 152.4 157.7 159.8 157.3 153.8 155.4 160.5 161.3 170.4 170.2 170.2 172.7 173 166.5 168.5 166.5 166.5 177.2 183 187.3 193.8 198.4
11.8 28.8 25.1 22.3 9.2 13.4 14.3 13.5 12.3 12.9 16.1 17 11.8 9.2 9.2 9.2 11.6 16.8 22.3 25.8 37.2 55.1 56.5 72.2 76.4 75.7 76.6 79.3 80.2 84.5 100 117 108.2 118.2 116.3 97.8 79.4 72.3 64.8 54.9 51.6 48.8 53.2 46.2 39.5 50.4 59.7 58.3 57.4 64.2 69.5 87.5 90.2 95.4 86.5 96.4 119.4 135.4 136 147.2 147.6 148.3 155.5 149 146.3 155.4 162.2 165.5 167.6 169.3 173 173.3 171.1 167.1 166.5 171.1 182.3 195 207 212.3 202.8
10.3 14.7 18.5 9.2 9.2 9.2 9.2 10.9 11.1 12.9 25.6 34.8 28.5 9.2 9.2 9.2 9.2 11.6 19.5 26.8 40.4 55.5 63.3 59.7 65.6 71.9 74.7 75.6 74.4 76.8 79.5 78.9 77.6 80.4 77.4 72.3 65.1 55.4 49.6 44.6 41 35.6 41.4 37.9 29.6 37.1 54.8 62.6 47.8 50.4 48.4 65.6 65.9 70.3 74.5 89 102.9 118.4 127.1 133.3 138.1 140.8 145.1 136.5 137.6 148.4 156.3 159.2 164.7 164.4 169.6 170.9 168.5 168.7 173.4 180.4 202.9 216.1 231.4 225.9 203.5
9.2 9.2 9.2 9.2 9.2 12.6 11.1 11.2 11 17.3 28.7 46.2 46.8 34.1 9.2 9.2 9.2 9.2 9.2 21.9 43.7 63.5 69.1 75.1 80.8 83 75.1 70.4 72.7 73.1 71.7 66 59.8 57.5 56.4 54.1 47.4 42.6 38.5 33.7 25.6 23.7 28.3 28.6 20.2 22.6 31.4 48.6 46.4 25.3 36.6 40.3 44.5 55.1 51 71 84.5 97.7 112.7 122.8 127.1 131 133.9 126.3 131.3 139.5 144.9 146.7 154.7 161.8 162.7 161.9 168.6 172 178.1 192.6 211.2 223 227 218.4 202.7
