public/OST50/NM88.asc
ncols 200
nrows 200
xllcorner 180000
yllcorner 780000
cellsize 50
[rows 105 to 139 of 200, columns 0 to 79 of 200]
247.9 244.7 239.6 212.3 190.8 179.5 172.6 168.5 159 145 138.5 131.9 124.3 120 120.2 121.9 121.9 109.1 106.4 110.4 116.7 120.6 114.7 117.7 118.4 129.2 146 157.7 155.9 159.2 155.4 142 132.7 129.3 128.8 121.8 123.7 121.6 129.1 122.4 118.4 121.5 144.8 156.3 153.6 155.4 148.7 138.1 133.9 131.8 109.7 101.7 90.5 92.1 96.3 100.1 103.1 106 114.6 122.6 124.8 129.3 144.6 142.4 156.5 149.2 142 132.3 139.5 148.9 156.4 165.1 167.6 158.9 145.5 134.1 129.1 123.3 129.6 134.5
266.8 277.2 269.9 256.4 233.5 222.8 222.8 208 196 180.2 170.6 160.2 152.8 150.9 152 147.1 141.8 128.2 128.2 131.3 132.3 132.7 142.4 146.5 150.4 160.9 170.6 182.8 191.1 195.6 189.4 160 160.2 156.3 151.1 146.5 147.1 140.2 143 142.8 135.9 144.1 164.7 183.9 178.8 167.8 154.9 149.3 147.3 133.7 130.2 122 120.1 128.1 132.3 143.4 138.9 137.7 143.7 150.2 149.1 166.7 170.6 178.6 175.7 182.5 172.7 155.5 159.5 171.7 177.2 189 192.6 191.6 171.6 159.6 148.3 144 151.2 164
266.3 283.9 289.7 286.9 269.8 282.8 268.4 249.3 237.7 227.2 202.9 193.8 194.1 192.1 182 172.2 162.2 154.3 151.1 152.1 154.6 159.7 176 180.2 187 196.1 200.9 220.2 224 224.3 215 184.5 185.9 189.7 182.3 171.9 166.1 164 170.7 174.8 165.3 169.4 186.5 210.5 207.1 186.3 170 160.2 156 152.1 149.8 145.3 148.2 157 177.9 201.2 195.4 191.5 182 175.3 177.4 186.7 190.2 207.9 204 215.7 198.5 174.8 187.8 201.9 206.5 212.3 215.7 212.4 199.3 183.9 175.2 180.4 178.6 184.9
275.5 292.1 301.4 295.7 292.1 307 295.4 280.2 271.3 256.4 240.9 229.5 232.9 233.2 211.1 196.6 186.2 179.3 179.3 176.8 186.5 198.2 207.6 210.7 226.7 245.4 254.5 261.3 259.9 253.3 227.7 213.9 221 227.1 227.3 203.2 197.5 194.8 206.9 198.7 194.2 201.3 225.3 236.8 218.5 197 181.2 173.1 171.7 172.7 174.4 170.5 170.8 187.1 218.8 238.7 232.4 229.4 219.1 211.6 207.8 219 220.8 232.9 240.8 237.6 218.2 207.4 219 225.4 250.9 261 256.9 247.9 235 215 205.8 214.8 207.7 206.9
294.8 306.4 306.8 301.3 310.7 313.2 312.1 303.1 287.7 282.4 283.9 271.8 265.9 259.9 245.8 228.5 211.6 209.1 211.6 209.9 224.6 237.2 240.9 254.4 269.8 284.8 294.7 298.6 297.3 284.9 259.9 252.4 262.3 263.6 263.1 245.5 236.4 243.4 236.3 227.9 236.6 241.9 254 247.5 227 207.1 191.7 188.2 189.8 193.7 198.6 189.3 191.5 218.7 242.8 266.5 262.3 258.4 250.3 249.9 257 258 259.9 270.3 270.4 258.8 244.8 253.3 252.2 293.5 304.8 311.4 293.5 283.4 273.5 248.5 244.8 248.3 248.8 242.6
306.9 312.2 310.8 306.2 313.3 319 313.8 311.4 305.4 297.2 305.3 299.9 293.8 291 280.8 271.1 247.7 243.4 248.8 249.6 254.7 269.6 284.1 291.3 309.3 329.1 329.3 330.2 332.4 306.3 305.8 296.7 290.9 301.5 299.5 296.6 292 279.8 272.4 273.3 275.5 277.1 271 251.8 231.7 218.2 207.7 211.3 213 216.8 215.3 213.4 216.9 247.4 260 274.4 277.2 280.8 281.1 291.3 298.6 294.2 311.4 315.1 305.7 288.7 284.3 285.8 311.9 335.3 338 335.6 318.8 313.4 299.2 290 277.3 293.5 293.2 278.5
308.9 312.4 316.1 311.9 312.3 314.3 315.1 310.7 308.2 298.4 310.8 307.8 304.4 300.8 306.2 303.7 281.8 283.2 286 293.5 287.3 297.5 326.3 331.7 340.9 352.8 355.7 356.1 352.6 338.8 334.3 328.9 323.9 327.7 331.3 337.9 315.6 306.9 321.6 311.4 300.7 293.4 287.1 275.4 256.2 246.3 232.9 243.5 240.9 241.1 231.6 243.1 248 277 291.5 297.6 323.8 330.5 328 327.3 332 337.6 351.3 351.7 327.4 334.8 338.8 361.2 369.5 366.5 371.1 359.5 350 347.5 331.3 326.1 313.6 328.2 327.6 313.3
309.8 321 319 314.8 311.3 312.7 313.9 305.1 295.5 302.7 304.4 310.9 309.4 312.3 315.6 314.3 315.9 317.9 322.4 327 326.7 334.4 364.4 361.8 367.8 366.8 368.6 370.2 361.9 358.7 350.1 345.3 344.9 348.6 365.5 354.9 343.1 350.4 353.5 344.9 328.2 313.2 311.2 300.2 281.4 270.2 258.6 261.1 268 261.9 258.2 272.3 275.6 308.2 336.1 342.9 353.7 355.2 353.3 352.7 362.7 373.9 392.6 376.4 361.5 376.7 390.8 407.3 408.2 412.8 417.1 404.3 394.5 378.3 364.7 369.4 351.2 355.6 356.9 341.4
319.3 327.3 325.1 313.6 299.7 304.2 295.5 295.5 303.5 304.2 305.6 314.3 316.2 321.7 321.5 320.8 327.5 344.4 347.3 346.1 352.1 356.8 356.8 361.2 374.5 377.7 380.3 380.5 368.7 367.2 359 360.3 374.8 377.3 381 377.7 377.1 379.3 380.6 376.1 359.2 342.3 332.3 321.1 308.9 296 286.1 287.4 293.1 284.8 291.2 290.5 301.3 343.9 373.7 377.4 376.1 380.2 383.1 384.9 399.8 405.7 416 399.9 396.3 412.3 430.8 436.5 456.8 450.7 456.6 460.4 435.9 419.8 407 406.5 395.2 391.4 386 369.2
330.4 326.2 321.5 311.8 301.3 295.5 295.5 304.1 309.3 314 310.1 322.9 328.3 329.1 328.4 325.8 333.8 349.8 355.4 356 358.7 366.7 361.1 365.3 372.7 381.8 380.6 387.2 379.1 378.8 370.2 382.8 393.9 386.4 396.9 395.7 401.4 402.2 401.8 404.8 391.2 368.4 359.9 349.1 338 325.9 320.5 317.6 312.9 308.1 312.8 313.6 332.7 378.4 395.8 414.8 413 410.2 411.4 414.3 431.4 440.3 430.6 421.5 431.7 449.4 457.7 474.4 475.5 481.2 488.7 495 487.9 469.1 462.3 441.2 426.6 425.6 417.4 403
328.1 324.3 317.6 308.3 300.4 295.5 295.5 305.7 317.3 318.6 314.4 321 331.7 331.7 331.9 332.6 333.4 346.2 354 357.6 358.6 363.5 361.7 371.4 378.1 383.7 384 393.3 385.6 384.5 379.2 389.6 396.1 399.7 406.6 410.1 409.2 414.6 420.1 415.2 410.2 403.2 387.1 378 364.3 361.8 364.6 357 334.4 329.7 335.6 345.7 368 403.7 437.3 440.2 439 440.4 437.1 438.1 463.5 462.9 453.7 452.3 460.5 477.8 481.1 494.9 494.3 500.1 506.9 510.8 516.6 508.3 499.7 488.5 472.5 462.1 448.7 429.2
320.1 322.6 313.8 305.4 295.5 295.5 299.9 306.7 315.2 316.4 317.1 329.7 335 336.1 339.1 342.4 341.3 347.8 366.9 370.1 365.7 367.9 366.3 386.4 384.5 389 392.3 390.6 394 389.4 393.4 400.1 403.1 408.3 409.4 416.2 413.5 419.8 428.1 421.3 425.3 423.9 413.3 408.1 399.7 404.1 408.9 398 368.5 356.9 365.2 388 412.4 441.5 459.8 459.4 461.6 461.4 456.7 455.8 471.6 473.3 468 463.3 473.2 486.2 491.9 505.1 502.7 501.8 502.6 507.1 511.7 518.3 520.8 514 511.3 502.3 489.8 456.8
316.6 318.5 307.7 299.8 302 295.5 295.5 304.7 305.4 318.1 326.7 333.6 340.9 344.1 354.8 354.2 347.7 353.9 366.8 371.9 370.1 370.5 371.3 384.8 393.2 399.7 400.7 390.7 391.3 395.8 407 407.5 412.7 413.2 414 417.2 414.4 425.9 431.5 424.4 433.3 433.6 425.8 419.7 417.9 423.5 423.8 418.1 406.5 398.2 421.3 440.8 451.6 461.1 468 472.3 477.9 472.9 469.4 475.1 487 473 476 476.6 481.4 485.7 488.7 492 491.8 486.6 491.4 505.4 515 522.4 520.4 530.8 524.6 519.7 505.7 484.7
309.3 310.1 307.4 309.5 301.5 295.5 295.5 305.7 316.1 323.6 331.8 338.9 342.6 350 358.5 357.6 355.3 363.9 369.4 372.8 372.5 374.9 379.2 382.1 393.3 407.8 406 387.1 390 401.9 410.3 413.3 412.8 414.7 413.8 415.7 413.1 424.3 427.7 421.9 426.4 428.2 426.1 425 425.9 434.4 437.6 435.1 430.2 430.2 442 450.1 463.5 468 473.4 481.9 483.9 479.1 484.7 489.9 491.6 475.2 473.6 478.3 480.3 481.2 492.5 482.2 480.4 483.7 493.9 504.6 515.6 519.2 517 528.1 538 535.6 528.5 510.4
313.1 312.7 316.3 309.1 301.8 300 305 313.8 325.2 327.5 340.6 341.3 345.2 351.6 360.9 362.1 364.6 368.1 370.2 371.5 375.9 382.1 384.4 386.9 393.1 407.6 406 383 387.9 407.3 417.3 412.3 413.6 416.3 415 409.2 408.7 421.6 421.1 416 419.4 424.3 425.4 428.8 438.3 440.1 436.5 431.2 431.8 441.4 444.9 452.7 468.2 469.8 476.4 483.4 488.8 490.8 493.1 488.9 486 474.4 473.9 470.3 473.1 480.5 484.4 483.4 479.3 487 499.4 511.1 518.3 519.9 518.3 534.6 547.9 542.5 539 530.3
308.3 317.3 313.2 306.5 302 303.5 308.4 318.7 328.7 337.7 337.6 337.5 342 348.6 365.2 367.4 367.7 371.7 371.6 372.2 380.6 388.6 388.2 389.8 396.7 408 398.6 382.4 387.7 409.2 412.6 411.1 413.6 418.6 412.3 406.3 397.7 412.9 417.8 411.1 415 420.6 425 437.5 440.3 435.2 428.6 430.6 436.6 441.5 455 456.2 461.7 473.6 481.6 487.3 492 494.7 489.3 488.7 492.9 472.8 473.4 462.5 458.5 462.5 478.3 480.4 480.9 484.9 497.3 508.4 522.2 521.4 526.6 540.5 552.6 542.7 540.3 537.4
314.3 311.1 305.4 304 301.8 306 309.9 325.1 330 327.6 329.7 336.7 342.9 352.5 364.6 364.7 366.2 370 372.8 376.4 383.9 392.5 390.9 392.9 401.7 406.2 395.2 382.1 394 405.5 408.6 410.8 416.3 416.6 408.1 401.1 394.4 401.3 408.4 410.9 416.9 420.1 428.2 437 435.4 432.3 423.8 428.1 438.5 442.5 456.2 462.3 464.4 468.5 480.2 491.4 496 495.5 488 491.6 488.3 476.3 468.4 458.5 458.5 458.5 470.2 472.5 480.1 488.2 500.3 513.8 518.5 518.3 525.8 546.2 546.2 549.6 546.5 542.9
309.6 302.4 299.3 305.6 299.9 304.5 313.1 321.2 321.4 320.8 327.6 337 348 358.9 363.2 363.3 367.9 372.9 373.9 378.2 383.5 389.2 390.1 395.1 398.6 398.7 389.3 375.8 391.1 400.8 404.6 409.5 411 408 401 393.7 388.6 398.9 400.9 409.8 413.1 421.6 422.9 419.9 413.7 422.6 426.7 424.6 434.1 439.6 456.2 461.6 468 467.5 472.9 486 490.1 485.1 479.9 485.4 484.4 475.8 469 460.6 462.6 458.5 465.4 470.5 476.7 488.4 505.3 517.1 525.9 523 535.5 534.9 543.3 558.3 548.9 547.3
301.2 296.8 304.6 303.8 297.3 299.5 306.2 318 318.4 318.3 327.4 337.5 355.2 365.9 367.7 367.8 369.4 372 370.3 371.5 375.5 382.9 389.8 397.7 389.1 388.8 383.8 374.7 380.9 390.9 399.9 400 395.9 389.6 390.6 388.1 382.6 391.3 400.5 407.8 405.7 421.8 421.6 416.4 413.9 415.1 415.3 418.2 426.8 441.1 448 459.2 466.9 469.6 468.7 474 476.5 473.6 473.6 480.6 483.1 471.4 466.3 461.4 466.9 458.5 458.5 470.3 482.1 497.2 513.2 522.6 530.8 529 538.1 540 547.4 561.7 553.3 551.6
289.3 296.6 299.5 299.3 291.4 295.5 303.6 311.6 314.3 315.1 325.8 337.6 353.9 359.9 365.7 370.9 370.7 371.6 373.3 373.3 375 383 386.9 385.6 385.3 386.3 384.2 370.2 373.8 383 385.2 384.9 384.6 386 381.1 378.2 371.7 382.5 393.7 401.2 403.5 415.2 414 415.7 413.4 417.1 417.4 418.7 417.2 439.4 454.9 462.2 468.7 471.9 474.1 473.3 474.2 472.1 476.3 477.7 478.3 465.5 458 458.2 457.7 460.6 459.7 476.9 487.8 518.2 533.7 535.4 533.5 528.7 532.5 535.3 542.2 551.4 550.5 551
287.8 288.3 295.8 288.9 283.5 289 296 304 309.7 315.2 322.7 337.4 356.2 367.9 371.3 374.4 375.2 376 375.1 374.9 377.3 378.9 377.2 381.9 379.1 382.9 377.6 363.9 372.9 380.1 379.2 377.4 377 378.3 371 364.6 360.8 377.7 387.4 398.7 401.3 408.4 409.9 410.6 410.4 408.7 414.4 415.4 417.3 435.2 452.5 461.8 471.5 472.4 475.9 477.2 464.7 469.6 472.9 474.2 478.8 465.5 453.4 454.7 461.3 466.6 461.6 475.1 507.2 526.7 541.9 534.5 537.9 534.7 537.4 539.2 547.5 536 537.4 541.1
285.4 287.8 283 277.8 273.2 280.3 281.2 297.3 301.9 308.3 326.5 344.5 361.5 373.2 381 379.6 375.9 372.4 372.7 378.2 377.1 374.8 373.4 372.3 371.2 371.9 364.5 357.3 366.6 368 367.6 366.5 368.4 368.4 364.1 356 357.3 375.1 384.4 390.5 395.5 399.5 411.8 404 411.5 414.5 415.9 424 425.3 426.9 456.3 458.2 466.3 473.4 476.2 481 474.5 459.3 448.3 449.8 453.4 457.7 446.1 446.1 463.7 462 460.9 481.1 511.4 523.2 532.5 529.3 530.2 532.8 538.8 547.2 547.3 536.5 536.4 552.2
285 282.7 272.1 267.8 267.1 266.6 274.7 286.8 294 307.3 331 350.9 367.5 377.8 380.2 380.8 370.7 367.3 371.4 370 365.8 367.2 368.3 367.1 362.8 365.5 350.5 352.7 355.1 350.6 348.5 354.9 356.6 358.1 351.3 348.1 354.6 374.6 379.1 382.6 390.1 394.4 400.1 409.1 409.7 416.3 417.6 420.9 425.2 435.3 446.5 455.6 466.6 470.1 481.4 487.8 480.3 469.5 450.7 446.1 446.1 446.1 446.1 449.4 457.5 456.1 459.1 484.8 508.6 514.1 518.2 521.3 527 532.9 531.5 539.6 544.1 535.8 539.3 556.3
272.3 269.1 261.4 257.4 261.9 255.1 274 280.9 284.7 306 336.5 352.7 361.8 365.1 371.6 371.8 360.7 358.5 360.3 351.7 361.1 363.5 356.6 359.6 351.2 351.4 338.4 340.7 341.9 338.6 340.9 347.2 343.3 343.4 342.9 341.5 350.4 360.2 366.5 382.4 388.9 398 400.5 407.6 411.4 415.8 417.9 421.5 422.8 438.4 440.7 447.2 462.6 474.2 488.4 486.3 481.1 474.4 457.4 458 453.6 454.3 447.4 457.1 453.5 451.8 461 478.4 496.6 508.6 504 511.7 519.5 522.7 531.7 534.9 531.6 534.2 546.2 556.5
263.9 257.8 252 249.5 248.9 249.7 264.5 272.1 278.2 303.3 325.5 336.2 343.1 346.6 356.9 355.5 346.4 343.2 336.2 342 349.9 347.4 340 343.6 339.7 337.9 323.8 328.5 324 328.7 334.7 332.4 332.4 340.6 341.4 340.1 344.2 352.3 370.8 388.9 392 403.8 398.7 404.6 411.4 415.6 418 419.3 420 437.8 437.4 448 461.9 474.4 491.4 483.8 478.1 472.6 455.6 456.4 454.4 451.5 445.3 454 451.4 448.3 456 467.5 486.6 496.8 494.3 497 504.4 509.4 523.9 527.4 532.1 538.5 553.3 555.6
248.6 244.8 245.9 245.1 238.5 255.7 265.1 263.6 271.6 285.9 299 311.4 323.6 328.1 338.6 341 327.8 321.3 323.5 327 329.2 324.4 320 330.9 327.7 314.9 311.4 313.1 313.6 317 324.6 322.4 333 339.2 335.7 340.7 337.8 346.3 373.2 388.9 396.7 392.9 395.7 407 404.6 410.3 415 417.9 428 437.3 445 451.4 465.3 475.8 483.8 481.9 480.6 469.9 452.7 453.7 450.9 445.8 443.2 447.8 445.6 443.5 451.3 456.4 469.5 485.5 483.9 479 489.4 495 513.7 526.9 535.6 545.8 554.5 557.4
234.4 230.2 235.1 234.7 227.2 238.9 244.5 246.8 262.3 271.9 281.2 290.6 298.1 310.5 320.3 322.4 308.7 307.2 312.7 308.5 302.5 297.5 302 311.3 311.6 296.9 298.3 301.6 299.7 307.1 308.9 322.5 331.2 333.1 329 334.1 332.5 340.7 365.3 382.5 391.7 386.5 398.2 402.8 399.2 402.8 407.9 419.9 436 441.2 447.3 453.9 467.6 475.5 477.5 479.6 476.6 464 450.9 450.4 448.7 444.7 437.7 442.9 435.8 442.3 449 455.1 467 475.8 474.3 476.1 479.2 488.7 511.1 523.9 528.6 539.3 549.7 546.8
222.1 217.3 219.1 220.3 213.8 226.7 224.7 242.2 251.9 254.1 263.9 275.7 283.1 294.6 304.4 301 291.1 286.4 287.1 277.2 275.6 279.9 283.2 292.1 292 277.9 286.5 288.2 286 291.9 299.3 315 320.8 323.2 321.8 329.6 326.6 339.6 354.8 369.6 373.2 378.2 387 387 389.5 393.5 408.3 423.5 439.6 444.7 447 455.7 471.3 469.2 470.2 479.6 473 461.2 450.4 447.2 440 441.5 430.3 428.3 424.3 437.5 446.7 451.8 469.2 470.7 468.9 469.2 475.5 481.2 514.5 528.9 535.2 537.8 538.7 522
209.5 206.2 202.7 202.3 199.9 204.4 215.7 239.8 240.8 241 252.1 262.5 275.5 284 289.3 284.3 272.6 264.7 255.3 246.9 244.4 251.4 259.2 263.7 270.2 261.7 274.6 271.1 272.2 275.7 287 294.6 309 312 314.5 320.9 323.3 340.3 349.8 357.5 357 368.1 374.7 377.2 381.1 385.6 401.5 415.4 428 441.1 447.3 454.4 465.3 465.4 470.4 475.2 467.2 456.5 442.2 435.8 434.1 432.1 422.7 414.6 416.1 434.5 444.8 455 464.4 459.3 458.5 465.4 480.4 483.5 502.2 514.6 525 523.9 504.1 502.2
194.6 193.4 189.6 184.3 183.6 185.6 198 213.6 221.6 231.5 241.9 250.9 259.8 269.5 272.4 267.1 253.2 235.8 224.2 217.7 215.3 227.6 240.9 243.6 245.8 239.1 249.9 252.4 255 259.4 267.7 286.5 296 293.8 303.6 309.6 311 329.2 338.2 339.8 349.3 355.5 366.3 367 372.5 374.2 388.2 398.9 417.3 435.1 448.3 455.4 456.2 453.6 459.2 465.9 464.9 448.6 435.2 426.9 424 417.4 413.3 406.8 416.4 438.8 444.1 457.4 457.9 459.5 458.9 467.6 477.4 482.3 493.2 500.3 505 495.5 491.7 508.3
182.9 178.7 173.6 166.5 165.8 177.1 186.1 199.8 212 221.6 225.5 234.7 248.7 253.3 253.9 242.3 224.9 205.2 201 191.7 193.8 204 211.7 215.6 216.2 213.8 228.1 234.7 241 241.7 253.5 273.4 280.1 275.7 281 286.8 293.1 314.3 315.2 317.3 330.6 351.8 356.6 356.6 358.3 362.1 378.1 393.1 409.2 421.9 442.8 440.5 440.9 441.5 449.7 459.2 450.3 439.1 427.3 419.3 409.9 411.7 407.1 396.2 413.1 432.7 435.7 447.9 449.5 460.7 465.7 468 474.5 484.6 489.5 485.7 483.4 485.7 498.8 516
165.7 161.6 152.1 145.9 146.1 163.3 171 189.5 208.9 209.4 207.9 221.2 224.8 225 220 209.2 196 185 181.8 170 179 190.3 193.2 187.4 190.1 190.6 202.1 215.4 223.4 224.6 236.3 249.6 246.9 251 262.3 270.4 275.7 286.7 298.3 300.3 315.5 338.4 345.9 347.5 345.2 355.5 375.7 388.1 397.7 409.8 425.3 423.8 432.2 434.5 440.1 445 435.9 425.9 416.3 407.7 401.5 403.5 397.3 386.8 404 417.5 424.5 429.7 438.7 455.6 464.1 469.1 470.6 473.6 467.8 466.8 471.1 502.3 496.9 501.8
149.9 139.4 134.7 129.5 132.1 143.8 154.8 171.8 183.4 187.9 191.4 199.7 204.2 201.2 194 183.6 174 164.8 159.8 148.8 155.6 161 166.6 165.4 166.6 170.2 184.8 200.7 209.8 210.3 215.4 221.9 219.5 221.9 237.7 258.1 259.8 271.3 280.4 287.7 310.1 320.3 332.6 331.9 340.4 352.5 366.4 378.8 393.1 408.2 419 421.8 427.2 431.6 433.7 426.3 423 410.8 407.4 397.7 392.1 390.3 384.5 375 385.6 401.5 409.3 428.7 437.5 447 458 457.1 451.3 443.9 456.2 471 481.5 496.9 502.1 514.6
135.5 133.5 123.6 113.3 123.1 131.4 138.9 154.7 164.9 176.7 170.5 177.2 188.8 179.8 175.1 173.2 159.3 144.2 132.9 127.7 127.3 140.3 144.3 148.7 156.3 146.8 180.7 195.7 195.4 191.5 190.2 191.1 199.1 203.6 221.2 237.9 246.1 257.4 263.7 279.3 293.6 302.4 311 320 329.6 342.7 356.1 372.3 395.2 408.1 414.1 413.6 408.7 409.8 407.5 409.6 407.9 398.4 400.1 386.7 381.1 374 374.6 359.4 363.5 382.3 403.3 420 437.2 437.3 434.3 424.5 414.3 445.6 461.6 470.9 505.8 512 501.9 496.8
97.5 106.3 107 101.3 110 116.7 120.9 137.9 154.6 161.4 157.1 160.7 165.2 163.7 156.8 152.5 134.3 120.8 117.6 107.5 105.3 113 123.4 130.5 136.9 125.8 159.1 178.8 180.7 177.7 170.3 170.9 182.3 191.7 207.7 230.2 238.1 244.6 254.6 268.1 279.2 290.6 294.6 306.9 317.7 332.1 343.7 369.2 389.3 400.7 400.3 398.1 393.1 390.5 390.9 396.1 397.7 389 384.8 370.3 371.7 361.5 363.2 345.3 344.6 367.8 387 418.5 415.5 412.3 396.5 408.1 433.5 451 463.1 487.3 507.3 507.8 492.7 487.7
