public/OST50/NM88.asc
ncols 200
nrows 200
xllcorner 180000
yllcorner 780000
cellsize 50
[rows 70 to 104 of 200, columns 80 to 159 of 200]
340.6 334.5 334.5 344.3 339.2 334.5 340 343.9 350 346.9 345.5 357.9 364.8 369.8 377.9 373.5 372.5 379.5 398.6 412.8 428.8 443.4 447.2 456.8 466 464.1 466 465.9 477.7 487.3 505.9 525.1 538.9 548.4 558.3 564.4 560.7 555.1 559.7 555.3 561.7 567 589.2 600 609.7 619.8 629 642.2 644.9 636 636.4 655.3 675.4 683.5 700.9 713.8 718.1 747.6 768.9 765.6 767.2 761.3 751.8 735.9 716.7 686.2 661.5 648.8 648 648.3 637.8 630.7 629.9 633.8 617.8 600.2 584.5 574.4 574.5 592.8
342.7 334.5 334.5 334.5 334.5 339.9 342.7 349.7 354.6 355.7 356.3 349.5 354.5 361.8 363.7 360.3 369.1 379 389.5 397.7 409.3 428.4 435.4 439 448.2 446.2 441.5 450 465.5 479.7 488.2 497.3 504.8 513.6 519.5 527.7 532.4 530.2 543.4 546.2 557.9 562.3 566 586 599 606 612.6 622.9 612.8 610.5 626 637.6 647.6 654.2 673.8 703.5 703.3 730.8 741.2 754.3 749.9 759 746.8 728 703.9 669 647.8 631.5 631.6 634.3 628.5 615 605.7 610.1 611.7 598.6 583.8 570.1 566.4 580.8
340.1 334.5 334.5 334.5 340.2 340.5 346.8 353.2 356.6 356.1 357.6 360.8 359.2 357 355.7 361.3 367.1 376.2 381.9 390.5 399.5 422.7 426.5 422.3 431.7 432.1 426.1 433.7 444.7 459.6 468.6 474.8 483.4 490.7 501.7 516.7 514.4 516.7 518.8 535.1 547.7 554.6 555.5 560.5 579.1 594.6 593.2 593 597.7 596.2 600 609.3 627.1 634.1 642.6 668.4 683.5 697.1 711 726.7 741.2 737.3 736.3 719.7 689.6 652.5 629.2 620.4 610.8 604.5 604.4 607.3 596.5 591 588.2 593.7 585 567.7 555.5 557.8
339.3 338.2 334.5 334.5 334.5 334.5 344.3 346.2 349.8 354.2 358.8 364.3 363.2 362.2 361.1 360 364.4 376.7 376.8 381.8 395.7 407.4 411.5 412.4 412.9 417.1 413.5 415.5 430.5 443.4 454.2 463.8 475.5 475.9 483.6 489.2 498 500.5 499.8 514.5 528.1 533.9 540.5 536.3 556.5 562.6 564.7 575.5 575.7 583.3 585.8 595.8 612.7 613.5 623.8 639.9 652.6 683.1 682.5 692.3 710.1 700.9 708.2 695.1 657.3 640.3 624 611.6 607.9 587 579.7 572.8 581.4 583.4 573.8 575.1 578.1 559.2 554.3 560.5
338.9 340.4 334.5 344.1 334.5 338 345.1 347.2 348.3 353.2 360.5 363.2 364.6 367.4 371.8 368.7 360.9 364.3 371.9 380 388.4 398.2 397.7 396.1 395.5 399.8 397.2 397.7 407.7 422.4 427.7 429.9 440 458.9 470.3 484.9 494.1 488.9 475.8 499.7 509.4 521.9 520.5 520.9 528.7 543.5 556.8 558 559.4 570.6 577.5 584.4 591.5 595.7 604 615.7 625.5 645.7 658.6 667.9 667.3 668.2 653.4 628.1 623 629.7 612.3 595.7 595.7 583.4 572.8 558.2 562.3 563.3 569.5 555 560 551.5 551.4 551.4
334.5 334.5 339.9 346.5 341.8 338.9 341.7 350.3 349.1 353.3 359.1 363.2 366.7 372.8 378.3 376.1 370.8 364.7 366.3 370.3 374.3 381.7 383.7 385.4 381.4 383.4 382.1 385.3 387.2 396.4 399.8 409.6 416.1 425.7 442.3 469.6 470.9 470.5 463.1 477.2 487 509.1 513.3 509.3 509.5 522.7 532.5 537.4 543.9 555.3 556 568.2 571.7 572.4 579.8 587.1 603.9 612.2 633.7 633.5 635.2 625 603.7 590.4 598.8 604.3 593.3 577.4 580.7 581.2 564.3 550.3 538.2 542.7 551 544.9 532.9 548.2 547.1 526.1
334.5 334.5 340.3 343.3 342.2 338.8 342.9 344.8 350.8 355.2 360.9 365.7 372.3 380.9 380.6 383 379.3 371.2 360.9 358.3 363.2 369.9 376.7 374.8 367.3 368 370.1 371.6 372.7 378.7 381.6 383.5 393.6 410.9 425.6 447.6 453.8 451.2 451.1 466.1 478.4 500.4 511.4 500.6 492.4 496.9 508.6 512.9 529.1 539.9 542 547.7 554.6 556.4 557.5 564.7 586.9 582.8 599.2 601.8 589.6 578.7 568.7 571.3 578.3 570.9 563.2 556.2 548.3 561.1 560.7 542.7 529.8 517 532 525.4 521 538.8 537.4 519.3
334.5 338 342.4 345.3 343.8 339.4 341.8 349.5 346.6 350.3 358.6 374.1 380.5 387.1 396 390.7 386.5 376.2 367.3 353.6 349.3 352.5 354.9 350.3 350.8 350.9 352.3 355.5 356.7 361.1 364.1 374.6 374.9 387.5 411.7 428.6 435.8 438.2 432.2 443.6 456.1 479 501.6 485.9 475.6 468 478.9 487.5 507.7 516.2 523.9 540.6 535.3 540.4 541 544.3 548.5 543.8 545.3 555.9 550.4 539 548.8 553.7 552.8 543.7 537.9 533.1 520.6 520.2 532.8 538 521 505.5 495.4 499.7 519.2 522.2 516 510.9
337.7 341.2 348.8 344.8 342.2 339.8 341.2 346.6 344.8 349.7 362 377.3 389.7 396 397.5 396.2 391.8 381.3 371.3 361 349.1 349.2 344 339.3 342 346.5 345.8 338.4 342.2 342.7 340.9 354.7 362.5 372.3 393 398.5 406.7 417.7 419.7 436 445.9 453.2 458.9 459.5 448.7 442.9 441.5 453.7 485.6 491.3 498.6 517.5 534.1 522.8 523.4 526.3 520 515.6 501.1 498.6 503.1 508.7 527.2 531.7 524.9 524.5 522.5 513.1 501.1 501.4 494.7 500.4 503.2 499 477.7 504.4 502.8 512.6 506.5 496.9
351.8 346.6 343 344.8 345.2 342.6 341.2 342.5 345.1 352 356.3 366.3 391.1 400.9 401.2 399 394.4 385.8 372.7 362.7 351.3 347.9 340.2 333.3 334.1 336.6 337.2 330.9 333 328.5 330.5 340.1 350 362.2 372.9 382.7 390.5 401.6 402.9 413.9 417 419 417.7 414.7 415.6 418.1 415.6 422.2 452.9 472.1 473.4 483.6 492.9 505.1 487.3 485.1 487.7 474.8 462 455.5 463.9 486.3 489.4 504.3 513.2 495.8 494.1 488.7 482.7 479.2 477.9 476.1 481.3 472.8 468.3 485.2 483.9 487.5 477 470.4
358.5 351 346.1 349.7 348.5 347.4 343.9 343.3 344.6 351.1 359.3 378.9 399.3 414 422.6 416.8 413.1 396.8 382 373.2 360.6 348.9 339.8 330.6 330.2 328.3 327.8 327 322.6 324.1 322.5 327 336.2 346.6 354.8 362.8 376.9 384.9 386.1 393.9 398.4 389 389.2 386.8 386.1 391.1 393.6 392.6 422 446.7 449.6 458.4 469.9 470 456.5 443.9 441.2 431.5 429.6 420.4 434.9 453.9 461.4 468.3 465.3 456.7 433.4 444.4 452.9 435.3 463.6 456.1 456.5 466.8 463.7 461.1 454.2 436.2 426.4 415
358.7 358.4 356.5 355.5 355.5 354 356.2 348.8 353.6 369.1 378.9 394.4 417.3 422.9 430.9 430.5 427.4 413.2 402.4 388.5 373.1 355.3 337.5 330.6 325.3 325 323.5 320.3 316.6 317.1 315 320.1 329.5 332.8 341.9 348 362.7 365.5 366.6 376.1 371.7 368.6 370.7 372.6 368 373.2 375.5 370.5 385.1 410.3 429.6 433.9 444.3 454.8 436 403.3 398.8 393.3 388.9 388.3 405.8 420.4 421.5 428.1 420.6 419.1 413 397.5 406 399.9 402.6 411.2 433.3 461.9 457.3 445.9 431.6 409.9 389.6 375.6
360.8 365.1 366 363.1 364.1 364.9 362.8 363.6 368.8 384.6 411.2 405 434.1 443.8 443.7 448.9 431.7 421.5 416 399.1 383 365.2 351.8 334.4 324.8 320.6 316.5 316.8 308.8 309.1 308.1 316.1 319.6 322.9 329.7 341.2 344 339.6 345.8 354.1 353.8 353.5 355.2 359.3 357 355.5 359.1 355.7 360.4 380 407 410.7 425.5 419 400.5 376.6 363.1 359.2 354.2 352.1 361.8 369.9 375.4 386.9 382.7 377.9 364.4 341 346.5 350.1 350.6 394.9 411.6 447 442.8 442.2 431.2 398.4 367.1 352.1
361.8 369.8 375.4 369.9 370.6 369.2 374.1 377.4 383.6 397.4 417.8 421.8 415.4 419.2 433.1 438 439.1 423.2 414.4 400.9 392.3 378.1 356.8 340.4 327.2 322.2 315.1 308.3 304 300.6 299.7 305.5 306.1 311.3 321 325 329 326 332.3 342.4 345.4 345.4 343.7 341.8 339.9 340.4 346.3 348.1 349.5 362.1 376.9 388.9 398.5 386.5 374 354.9 332.2 333.7 329.2 320.5 317.5 320.6 316.2 306.4 307.5 314.5 304.3 312.5 301.2 301.5 320 363.4 393.6 420.1 418.5 423.3 401.8 378.6 348.9 319.8
363.9 371.3 370.5 363.2 366.5 364.7 367.2 378 384.7 404 410.8 415.3 412.9 406.7 409.4 417.6 419 405.5 398.4 389.3 379.4 367.2 353.4 335.5 323.7 319.5 311.7 304.5 301.9 290.7 289.3 293 294.1 298.8 304 306.8 313.8 319.2 322.3 336 334.3 330.5 331.6 334.8 335.2 337.7 351.4 357.5 351.5 353.4 357.6 368.2 370.5 365 351.5 330.9 307.2 308.5 306 296.2 285.9 284.7 283.2 281.1 270.9 264.4 259.6 266.5 267 269.6 281.8 303.8 351.2 366 398.7 402.2 387.1 358.2 331.6 301.1
345.5 349.8 340.1 338.5 348.6 347.9 349.5 364.6 376.9 378.5 385.7 393.3 390 392.3 392.5 390.2 391.9 387.2 380.1 369.5 357.9 348.3 335 327.7 318.6 311.4 302.6 295.8 293.4 287.7 288.1 283.2 295.9 302.8 310.7 316 318 311.3 313.1 317.3 323.3 322.9 326.8 329.4 331.6 334.6 347.3 351 347 352.4 352.5 350.5 350.1 340.7 327 309.6 286.9 285.2 279.4 271.1 259.2 254.8 249.4 242.1 244.2 238.9 233 233.8 240.1 242.6 252.4 271 303.2 335.5 353 370 347.7 337.1 305 275.2
315 311.1 298.7 304.5 312.2 320.8 343.4 342.2 347.9 340.2 361 380.9 380.4 380.7 389.1 380.8 374.7 369.5 372.3 359.6 344.5 332.5 320.6 314.2 310.1 297.3 288.6 281 273.4 274.8 281.9 282.4 293.9 303.8 316.2 318.3 310.1 304.1 308.8 311.7 315.3 313.3 313.5 316.5 329.1 329 331.9 333.7 331.1 339.4 353.3 343.5 340.5 330.4 310.5 294.2 268.7 260.8 257.8 244.4 235.6 231.4 219.3 208.6 205.1 211.4 207.3 210.1 213.3 218.9 233.1 251.6 280.3 305.4 324.2 343.6 322.8 293.9 274.5 253.9
274 269.3 263.7 266.2 273 296 306.2 298.7 295.6 309.8 342.3 358.5 368.1 369 366.8 359.6 354.8 343.2 340 327.1 322.6 314.7 305.9 296.1 283.9 275.7 269.5 258.7 273.3 278.1 279.3 281.1 293 304.3 308.6 302.2 297 299.1 301 305.3 305.4 300.6 302.5 306.1 304.5 325.9 322.1 328.3 327.9 329.7 333.2 327.2 317.4 310.3 305.4 279.6 265.3 224.2 232.7 219.1 215.1 203.3 193.6 183.4 183.6 185.3 188.4 196 196.1 202.3 217.6 233.9 261.9 286.2 299.8 307.9 293.4 276.4 251.7 235.9
236.7 231.2 227.2 230.1 234.5 257.5 257.1 259.6 264.6 273.3 300.6 333.8 339.7 344.6 336.5 329 322.9 297 294.4 290.7 283.8 285 284.2 272.8 262.5 252.7 245.2 260.5 267.1 267.8 277.8 287.5 278.7 290.2 299 287.8 294.3 292.5 290.6 290.5 287.6 284 283.9 288.7 295.5 316.1 312.2 319 315.7 304.2 306.7 310.4 295.9 284.3 273.7 247.7 237.5 217.3 202.6 198 190.7 184 177.7 171.5 171.4 178.3 181.7 186.4 186.8 192.1 202.7 222.6 240.9 269.5 277.2 267.7 255.6 234.5 229 220.3
204.5 193.4 191.8 192 194.4 205.7 214 231.3 246.4 244.1 263.6 280.7 294.6 302.1 300.5 291.1 281.7 262.1 256.6 255.8 253 253.3 245.1 244.5 233.8 224.7 217.5 219.3 259.3 262.2 260.5 264.3 268.3 280.7 273.6 266.4 273.8 274.7 273.7 280.5 275 269.9 268.3 264.1 276.4 280.5 300 302.7 294.5 290.8 299.3 290.3 267.9 247.6 229.3 218.9 203.9 189.4 182.8 175.7 172.7 170.5 166.4 163.3 165.2 175.7 183.4 186.2 190 192.8 196.9 210.6 225.3 239.5 256.8 241.7 229.2 214.9 221.5 237.4
171.6 161.4 159.1 159.1 157.1 170.3 181.3 191.5 217.8 230.7 232.4 241.7 245 248.2 248.7 245 238.1 226.9 216.3 215.7 215.5 214.5 205.4 202.2 203.7 199.2 188.8 188 213.8 228.6 223.7 238 254.9 252.3 246.2 238.9 226.6 241.7 256.2 255.7 255.1 252.3 249.3 256.4 259.5 274.7 273.8 269.2 281.2 281.2 278.7 263.9 236.9 218.3 205.6 189.4 175.2 164.3 166.5 163.5 161.8 161.5 159.6 161.2 167.7 175.1 183.8 191.1 196.4 204.5 208.4 196 207.1 215.1 230 216.8 207.3 222.2 243.5 258
140.9 134 132.5 131 127.7 137.3 157.6 160 181.6 200.3 215.9 222.3 219.5 224.4 224.2 222.7 215.5 197.1 187.6 180.9 182.1 179 171.8 169.2 173.8 169.9 156.5 156.9 166.8 186.3 190.5 213.9 224.6 219.4 215.1 208.4 195.1 200.5 208.6 223.4 230 231.5 233.9 242.7 240.4 252.5 256.1 267.9 283.1 277.3 239.6 227.3 206.3 192.3 176.6 164.2 152.8 148.9 153.7 155.8 161.9 160.4 162.8 166.7 176.3 182.3 191.2 197.3 211.1 227.6 231.2 220.9 211.8 203.4 203.3 209.8 223.2 238.8 263.3 278.4
115.2 110.7 110.9 112.6 109 106.8 114.4 125.3 131.7 145 170.6 172 166.6 181.1 179 169.2 162.3 154.5 144.3 150.1 152.6 152.8 148.2 144 145.9 141.1 130.1 129 139.5 150.4 154.7 171.6 189.6 191 184.2 172.6 165.7 166 171.7 182.1 194.2 203.4 210.5 226 233.5 234.2 242.2 246.3 249.5 255.3 218.6 194 181.1 167.4 153.1 142.8 151.1 163.3 172.1 182.3 180.6 181.7 180.8 182 189 194.3 200.3 208 220.3 248.7 253.6 244.5 233.9 231 223.2 224.2 233.6 256.5 274.6 301.4
93.4 91 92.5 88.5 85.2 81.2 84 89.1 95.6 98.5 103.4 116.1 118.1 131 132 123.2 115 109.8 111 123.3 130.8 134.7 128.3 122.4 118.9 114.7 110.4 113.4 120.4 126.9 132.7 152 167 163.7 154.1 142.8 138.3 140.5 145.5 154.2 164.6 174.6 188.5 196.8 226.7 215.1 245.1 240.8 229.9 216.2 195.7 174.9 159.5 148.3 138.1 153.3 168.1 187.5 200.1 211.7 211.6 207.7 205.2 206.5 210.7 218.3 222.8 227.4 246.1 266.1 273.5 268.3 257.6 255.8 249.5 250.2 253.1 269.6 289.9 344.3
73.7 73.2 75.9 65 60.8 57.3 60.7 67.6 77.4 77.1 76.2 77.8 83.5 84.3 87.9 87.8 82.8 82.1 88.9 101 116.2 113.7 104.9 98.3 95.3 93 98.2 114.1 121.3 113 110.6 127.7 132 134.3 125.6 117.1 113 117 125.1 127.3 137.8 149.9 181.5 186 192.5 216 228.9 232.3 214.7 184 170 152.7 140.6 135.3 155.8 175.3 224.3 225.7 231.1 242.6 239.3 236.7 236.1 234.2 255.1 255.8 255.4 264.4 274.7 298.2 299.6 290 282.8 286.2 281.6 277.9 277.3 285.5 305.4 349.6
53.1 56.5 54.3 52.2 52.2 52.2 52.2 52.2 66.9 64.3 58.4 52.8 55.5 55.4 61 67.7 65 66.5 73.1 82.4 100.2 96.1 87.1 85.5 78.6 77.1 92.9 110.8 101.1 92.9 94.9 100 102.4 103 99.5 96.5 96.4 100.4 111.6 110.7 121.3 137.7 167.8 170.6 186.4 212.6 207.1 191 171.2 155.2 141.5 124.8 137.8 155.5 170.9 227.3 256.3 262.1 270.4 267.6 269.5 273.7 266.9 261.2 284.8 293.2 291.8 311.8 323 330.1 322.3 315.2 318.9 318.7 314.5 306.9 306 306.5 321.7 360.8
52.2 52.2 52.2 52.2 52.2 52.2 52.2 52.2 52.2 52.2 52.2 52.2 52.2 52.2 52.2 56.5 52.2 57.3 61.6 67.5 73.1 73.6 74.4 71.5 68.4 70.7 84.3 88.3 87.1 80.5 89.2 88.7 83.2 82.6 79.6 80 83.4 86.4 94.8 99.8 109.1 129.8 142.9 170.6 181 190.4 181.9 156.2 142.4 131.9 119.9 146.6 163 177 196.2 245 272.1 290 294.4 289.9 290.3 287.8 279.8 290.9 317.6 326.9 334.2 334.5 343 351.5 355.8 349 352.3 341.9 331.5 340.3 337 338.5 351.3 371.3
52.2 52.2 52.2 52.2 52.2 52.2 52.2 52.2 52.2 52.2 52.2 52.2 52.2 52.2 52.2 52.2 52.2 52.2 52.2 55.8 59 63.2 63.5 62.2 60.9 69.7 83.2 87.6 79 75.6 82.3 81.9 75.9 72.2 65.9 70.2 75.7 77.6 84.1 88.4 100.6 115.1 144.5 169.6 164.1 149.1 140.5 128.6 119.2 125.5 159.8 173.7 185.4 191.7 212.5 257.7 269.4 262.4 283.6 289.6 298.2 291.5 285.2 278.2 315.4 330.2 332.8 324.4 343.8 360.6 372.8 371.7 368.6 353.8 360.5 368.7 365.9 372.3 382.9 384.2
52.2 52.2 52.2 52.2 52.2 52.2 52.2 52.2 52.2 52.2 52.2 52.2 52.2 52.2 52.2 52.2 52.2 52.2 52.2 61.2 52.9 54.7 52.2 56.7 60 79 95.8 78.3 71.2 66.2 67.8 65.8 64.2 64 60.4 66 70.9 70.2 74 84 96.3 115.2 154.5 150.3 131.5 128.4 111.6 103.9 129.2 155.8 182.4 182 183.1 196.8 209.2 227 232.6 236.6 242.3 250 262.5 277.1 272.4 270.4 271.7 283.6 285.1 313.8 329.2 346 368.7 373 375.6 368.2 388.6 388.5 387.5 396.7 396 392.9
52.2 52.2 52.2 52.2 52.2 52.2 52.2 52.2 52.2 52.2 52.2 52.2 52.2 52.2 52.2 52.2 52.2 52.2 52.2 52.2 52.2 52.2 52.2 54.1 55.4 73.4 80 72 67 57.4 56.3 56.4 59.8 57.7 54.6 59.7 67.2 63.4 66.3 76.8 95.2 126 119.4 112.8 105.8 95.6 108.9 135.4 163 181.3 160 150.4 159.6 177.4 179.7 198.2 194.9 217.6 221.3 217.8 222.2 229.1 240.3 247.6 238.2 248.5 258.4 272.5 297.4 318.5 353.5 356.1 374 366.4 380.2 379.3 399.1 405.6 402.1 392.8
52.2 52.2 52.2 52.2 52.2 52.2 52.2 52.2 52.2 52.2 52.2 52.2 52.2 52.2 52.2 52.2 52.2 52.2 52.2 52.2 52.2 52.2 52.2 52.2 53.8 53.3 54.7 54.8 54.7 54.9 55.5 55.3 54 55.9 56.6 56.8 56.5 59.2 62.8 70.9 84.7 90.5 90.5 85 76.1 120.7 125 148 141.5 126.5 121.1 122.7 131.8 156.8 141.6 152.9 161.9 172.7 183.8 186.3 194.1 204.6 212.1 216.6 223.1 233.7 239.9 249.9 274.4 298.3 319.2 329.2 340.9 363.1 358.8 366.4 388.8 390.7 396.4 391
52.2 52.2 52.2 52.2 52.2 52.2 52.2 52.2 52.2 52.2 52.2 52.2 52.2 52.2 52.2 52.2 52.2 58.7 62 62.4 57.9 54.9 53.3 53.3 53.3 56.4 61.8 53.3 54.7 53.3 55.7 56.2 56.5 56.5 56.9 56.4 57.8 58.5 59.2 66 64.4 70.3 68 73.1 95 107.3 106.5 98.4 96.6 97.6 98.6 100.9 105.1 108.8 115 126.8 140.2 155.9 168.6 184.4 189.3 199.5 219 236.7 237.6 232.3 227.8 235.9 249.3 261.9 308.5 322.7 327 346.1 343 341.5 345 351.3 354.2 368.9
62.6 59 52.2 52.2 52.2 52.2 58.9 55.1 52.2 52.2 52.2 52.2 57.6 56.9 56.2 56.2 63.2 70.5 73.3 78.4 80.9 75.1 83.9 73.1 66.6 81.8 77.3 61.4 55.8 56.6 56.5 56.3 56.7 57.5 58.9 61 56.9 56.6 57.1 59.6 64.7 64.1 61.5 65.7 68.1 72.2 75.8 83.7 91.2 95.2 98.9 100.4 105.1 109.9 114.7 117.6 119.3 133.1 152.7 161.5 170.9 188 208.3 223.5 226.2 220 217.7 225.2 235.3 247.2 292.5 307.5 303.1 336.4 338.6 314.8 305.5 305.2 311.9 308.5
83.3 76.1 67.9 66.9 71.3 73.3 72.7 63.5 64.5 65.5 69.2 68.5 72.1 70.4 67.3 66.5 74.9 82 87.8 98.5 102.5 99.5 98.7 91.5 88.6 102 97.8 82.3 70.6 63.6 60.7 58.9 59.2 61.9 65.6 68.2 61.8 61.3 64.2 69.6 77.4 81.8 96.5 113.2 88.9 83.8 79.5 87.5 95.2 101.1 113.1 115.9 125.4 132.8 139.9 140 141.3 146.4 153.1 161.8 165.7 169.1 176.4 185.2 198.9 207.5 208.7 212.6 220.8 232.7 250.2 261.4 263.8 270.5 279.2 278.7 276.3 273.1 274.5 273.3
106.7 94 89.8 91.6 95.1 95.7 89.2 85.7 90.4 93.8 95.8 96.3 86.3 94.6 84.1 82.1 86.8 97.2 110.5 118.3 122.2 116.4 111.9 109.3 119.4 132 125.1 111.1 96.9 80.2 72.6 70.4 71.1 75.4 78.4 73.9 70.1 71.1 75.7 84.7 95.4 97.3 117.3 114 104.1 106.4 101.9 95.5 94.7 102.1 112.5 127.6 141.8 157.7 170.2 170.7 171.9 177.6 193.4 201.2 200.3 205.4 216.1 220.3 221.1 221.3 219.7 220.7 222.7 223.4 233.8 248.2 256.6 262.1 265.6 266.2 272.5 269.7 270.6 272.5
