public/OST50/NM89.asc
ncols 200
nrows 200
xllcorner 180000
yllcorner 790000
cellsize 50
[rows 74 to 110 of 200, columns 83 to 165 of 200]
325.4 318.8 314.1 318.4 319.8 307.5 297.3 299.3 301.2 296.7 290.8 286.5 285.8 295.9 316.6 359.3 371.5 365.5 354.3 346.8 337.6 343.9 342.8 330.7 310.4 282.9 256.8 228.6 202.3 184.6 174.5 165.3 153.5 135.4 104.7 78.1 57.1 41 33.1 28.6 15.9 7.7 4.9 4.7 4.4 3.7 3.6 4.5 5.2 5.9 6.4 6.8 6.9 6.6 6.7 6.5 3.9 7.7 9.3 10 13.8 37.7 60.5 79.2 81.5 85.9 93 103.1 110.7 119.9 130.7 143.1 157.1 170.2 179.7 180 192.5 204.7 220.7 240.4 259 275.5 296.9
312.2 297.6 298.8 295.2 294.6 291.4 279.9 276.9 277.4 271.9 265 259 260.3 272.6 302.6 342.4 349.6 357.7 345.9 339.2 333.5 343 341.1 328.8 314.1 273.8 245.7 216.5 191 170.6 154.9 150.2 138.8 117.3 81.3 67.3 52.4 39.5 33.1 28.4 10.5 3.3 3.9 4 3.6 3.4 2 4.5 5.3 6 6.5 6.9 7.2 7.3 7.2 7.5 8.2 9.2 12.4 15.4 24.1 50.8 81.3 95.9 100.9 111.4 115.9 122.3 132.5 141.8 149.6 164.8 179.8 192.7 201.4 210.5 220.8 236.3 254.6 271.6 285.1 301.7 320.6
295.9 285.7 271.6 262.6 262.6 266.5 254 253.9 249.7 242.2 236 233.7 240.5 249.8 275.1 300.3 323.5 344.8 338.9 339.6 324.7 320.3 330.5 317.6 302.6 266 236.8 214.1 182.2 157.2 135.6 134.6 125.9 100.4 74.7 66 53.9 35.6 31 20 6 -1.8 -1.8 -1.8 -1.8 3.1 3.2 4.6 5 5.7 6 6.4 7 7.4 7.6 7.8 8.8 9.9 14.6 28.1 38.3 66.2 99.1 114.6 122 137 140.4 149.7 158.2 172.4 171 186.8 203.1 221.5 228.6 239.2 252.6 263.1 283.8 299 308.8 326.1 348.7
274.6 267.6 254.9 239.3 232.2 233.6 225.2 224.3 218.8 210.8 211.7 216.3 221.8 230.3 245.5 273.7 287.5 326.6 331.2 322.6 310.8 280.1 307.8 303.5 284.7 249.6 222.9 202 172.7 147.4 126.8 105.2 102.1 88.1 71.1 59.4 45.2 33.2 26 16.9 -1.8 -1.8 -1.8 2.8 -1.8 -1.8 2.8 4.4 4.8 5.2 5.7 6.2 6.7 7 7.6 8.2 10 12.3 23.7 42 58.1 85 124.8 136.3 143.4 160.9 169.5 184.2 189.8 195.9 200.9 208 231.7 245.5 257.6 265 280.4 294 315.6 326.4 336.2 351.3 374.8
258.4 255 242.7 226.7 212.4 210 199.3 194.5 187.7 190.2 196.5 202.4 207.9 210.3 221 241.3 253 301.3 309.9 307.9 286 262.1 260.9 277.6 258.5 232 202.9 176.9 160.8 142.7 120.6 98.1 79.3 71.7 60.5 46 36.7 30.5 24.2 9.7 -1.8 -1.8 2.1 3.3 3.6 -1.8 4.2 4.6 4.9 5.9 6.5 6.7 6.9 7.6 8.8 10.3 12.8 24.1 38 56.5 80.5 107.2 140.4 151.2 171.7 204.6 203.6 214.2 226 230.5 241.1 230.1 255.4 271.4 284 299.5 313.6 325.6 338.9 351.5 360.8 381.3 398.7
234.1 231.1 221.9 211.2 193.7 188.1 178.5 172.2 177.3 174.4 181.9 186.1 186.9 187 196.3 210.6 220.2 251.7 274.5 273.2 257.2 233.3 211.3 243.4 233.1 213.6 185.4 162.6 153 128.8 110.8 96.1 70.8 59.8 48.4 40 34.1 28.4 19 6.4 -1.8 2.4 2.4 2.7 3.7 4 4.3 4.7 5.5 6.1 6.5 6.9 7.3 8.4 12.4 20.7 25.9 41.9 52.2 74.3 106.1 129.3 148.5 168.9 192.4 221.9 236 247.3 260 264.2 273 263.5 283.2 296.5 313.6 330.3 346.8 360.3 371.1 380.2 393.5 406 425.5
216 209.9 202.5 193.2 178.1 166.2 161.5 160.8 161.9 161.5 169.3 169.3 171.2 172.6 178 184.4 187.5 199.8 227.5 240.5 223.9 196.7 180 205.4 199.4 181.2 169.8 143.2 132.1 111.1 98.7 90.4 72.1 53.7 44.3 39.1 33.8 25 14.1 -1.8 -1.8 2.4 2.4 3 2.9 4 4.5 5.1 5.5 6 6.4 6.9 7.6 8.4 25.9 48.1 52.8 65.4 87.2 105.3 139.4 154.1 169.4 186.9 219.7 255.2 268.7 280.1 293.3 293.7 302.1 299.8 308.4 324 342.2 359.7 378.4 386.9 396.7 406.9 418.8 429.7 453.5
197.5 191.7 180.7 169.7 159.9 151.5 146.8 147.6 149.7 151.8 155 158.2 158.6 158.5 162.7 164.5 161.9 163.8 183.1 187.9 178 159 148.8 159.2 162.4 156.5 141.8 124.7 111.9 91.3 75.5 66.7 60.7 43.9 42 43.4 33.9 19.1 -1.8 -1.8 -1.8 2.4 2.4 2.4 3.2 3.8 4.4 4.8 5.2 5.8 6.4 7.1 7.9 12 40.4 67.6 78.8 94.6 114.7 137.1 163.8 173.1 192.2 232.3 262.2 296.4 301.9 315.4 325 327.4 332.3 329.3 336.7 351.4 368.6 385.8 397.4 408.1 419 426.8 439.8 457.5 488.3
182.9 174.7 163.8 153.3 147.2 141.5 138.4 139.2 139.9 137.3 138.4 142 145.7 145 144.5 141.3 135.8 134.1 142 145.5 142.5 133.4 124.7 132.3 135.6 129.1 114.6 105.3 90.9 71.5 53.6 45.7 44.9 35.9 40.1 39.8 28.7 7.3 -1.8 -1.8 2.4 2.4 2.4 2.4 2.4 3.3 4.1 4.5 4.9 5.5 6.4 7.7 9.5 24.3 55.7 89.1 101.7 118.9 137.7 160.9 180 196.3 215.9 263.7 295.6 323.2 334.7 347.5 352.1 358.6 359.2 359.9 358 378 393.2 407.7 415.6 424.8 437 447.9 458.4 483 510.1
162.1 153.2 148.5 143.4 138.9 134.9 128.6 121 117.6 118.2 122.8 128.5 134.3 129.7 124.8 122.2 115.8 112.1 110.2 109.3 112.1 107.9 103.7 104.6 103.8 99 84.1 72.4 62.7 48.6 33.9 27 27.6 30.1 32.7 29.8 18.2 -1.8 -1.8 1.4 2.4 2.4 2.4 2.4 2.4 3.5 4.3 4.5 4.7 5 6 8.1 20.6 42.1 71.7 103.7 122.8 136.6 156.3 177.8 201.3 222.4 239.6 265 307.1 348.4 366.1 372.8 373.6 374.8 377.8 385.3 390.8 394.7 417.6 423.8 427.1 441.1 458.7 469.2 471.3 490.9 528.2
150.3 143.8 141 139.4 134 125.7 114.7 102.4 101.7 102.3 109.7 116.4 118.1 112.1 108.4 103.1 96.8 89.2 83.7 82.1 83.3 84.4 86.3 77.1 76.7 71.1 62.3 46.1 36.7 26.4 18.6 14.3 22.4 24.2 22.9 18.5 -1.8 -1.8 -0.9 1.2 2.4 2.4 2.4 2.4 2.4 3.2 3.8 4.2 4.6 5.3 6.8 18.9 33 56.9 82 109.5 134.6 154.8 174.1 196.5 217.3 238.6 260.3 276.1 323.9 371.8 391.1 387.4 389.6 393.4 400.3 405.6 409.1 415.9 427.6 431.8 438.9 456 475.3 481.5 494.7 517.6 553.2
141.3 138.6 134.1 129 121.5 111.8 102.3 82.7 86.7 85.5 95.1 100.2 99.3 94.3 88.3 84.8 75.6 70.6 67.7 65.2 64 66.4 66.5 60.8 47.2 46.8 43.8 26.4 16.5 8.9 7.8 11 22.4 24.4 8.4 -1.8 -1.8 -1.1 -0.7 1 2.4 2.4 2.4 2.4 2.4 2.5 2.3 3.2 4.3 5.3 12.3 33.1 50.6 77.4 105.2 129.1 154.3 176.5 191.9 215 239.1 266.5 288.4 298.1 345.2 387.5 403.5 400.5 400.1 414.7 418.3 419.5 424.7 431.3 433.9 441.2 449.5 469.8 486.1 496.2 511.6 535.9 568.6
135.4 132.6 125.1 116 105.4 95.1 86.9 70.2 66.6 65.1 69.1 74.5 78.9 76.1 73.7 67.7 59.3 54.8 52.5 52.5 53.8 56.8 58.2 50.4 30.9 29 20.3 8.4 4.3 3.9 5.3 8.3 22.5 16.7 3.7 -1.8 -1.2 -0.5 -0.1 0.8 2.4 2.4 2.4 2.4 2.4 2.6 3.3 3.6 4.6 7.2 33.9 53.5 76.8 103.9 136.5 166.6 181.5 198.8 216.7 243.7 260.5 295.6 312.6 332.3 361.9 393.5 407.9 410.2 410 419.8 427.7 428.9 441.2 447.9 448.3 450 461.3 479.5 492 512.3 515.1 542.5 551.4
128.4 119.4 109.4 98.5 91.4 80.7 68.7 54.8 49.4 43.9 47.7 55.4 59.7 57.8 51.1 44.2 39.8 38.7 40.9 39 37.8 36.7 35.8 30.5 13.3 6.2 2.3 2.4 2.4 2.4 3.6 8.6 18.7 17.4 -1.8 -1.8 -0.6 0 0.6 0.9 2.4 2.4 2.4 2.4 2.4 2.6 3.4 4.4 5.2 16.8 45.5 79.4 99 131.1 161.4 189.3 208.7 225.6 248.9 274.2 288.6 324.1 337.6 360.3 379.9 402.5 411.3 410.7 414.1 421.2 427.8 436.8 452.3 467.4 464 457.6 466.9 478.7 505.9 516.3 517.4 527.2 534.2
110.3 103.1 95.6 84.9 74.5 64.5 55.5 43.1 36.5 36.3 38 43.1 42.4 37.4 31.7 27.7 24.9 21.2 22.1 24.5 24.5 20.3 15.8 5.5 1.1 0.5 0.6 1.3 1.9 2.4 3.4 11.2 14.8 -1.8 -1.8 -0.9 0.1 0.8 1.1 1.5 2.4 2.4 2.4 2.4 2.4 2.6 3.5 8.4 29.5 43.8 62.8 107.3 120.5 154.6 176.1 213 237.1 254 283.1 301.3 319.3 347.4 358.6 368.5 388.1 412.4 412.8 411.7 417.9 416.8 419.4 440.8 462.3 478.4 474.4 466.6 470.4 485.9 507.3 513.9 517.4 519.7 517.6
96.5 88.9 80.6 67.9 56.8 49.5 48.8 35.1 24.8 32.9 36.1 45 38.3 31.5 26.1 20.9 17.8 13.7 13.5 15.8 13.7 9.2 1.8 -1.8 -1.8 -1.8 -0.6 0.1 0.8 1.6 3.3 17.4 9.8 -1.8 -1.2 -0.2 0.7 1.5 1.9 2.3 2.4 2.4 2.4 2.4 2.5 2.9 12 28.4 55.6 84.3 101.6 125.9 140.7 172.7 192.8 224.5 250.3 277.3 303.5 321.4 338.4 359.3 372.6 377.8 391 405.2 405.7 414.6 424.7 416.8 418.2 441.9 464.7 484.3 480.6 470.8 470.6 480 489.9 500.7 504.8 506.4 496.4
79.3 69.8 63.3 51.6 35 29.6 24.9 19.1 17.5 24.9 28.5 38.6 34.3 25.6 20.3 15.4 7 6 6.3 4.4 -1.8 -1.8 -1.8 -1.8 -1.8 -1.8 -1.3 -0.4 0.5 1.4 2.3 7.1 1.3 -1.8 -1 0.2 1.3 2.2 11.3 10.9 2.4 2.4 2.4 2.4 3.2 4.4 30.8 53.1 69.3 95.9 125.3 143.2 159 185.2 198.6 224.6 252 281.4 307.6 321.7 340 355.3 375.7 384.4 386.7 392.9 409.8 423.2 423.3 416.8 424.9 442.9 456.5 466.8 477.7 475.5 470.5 484.5 492.8 494 486 486.3 468
64.4 49.5 40.6 35.6 19.9 11 9.4 9.1 7.9 12.2 16.4 21.6 22.5 14.2 7.6 3.1 1.9 2.3 -1.8 -1.8 -1.8 -1.8 -1.8 -1.8 -1.8 -1.8 -1.3 -0.4 0.4 1.2 1.8 1 -0.1 -1.8 -1.1 0.1 1.4 5.6 18.5 3.5 2.4 2.4 2.5 3.6 7.4 17.5 46.4 89 106.8 127.2 149.3 159.7 167 185.6 191.4 203 234.4 268.9 290.6 310.9 332.9 354.6 361.6 371 381.9 391.5 411.8 421.8 420.8 420.8 426.7 433.4 442.4 443.6 459.4 476.4 472.1 486.2 490.8 476.3 459.8 447.1 434.1
54 37 23.7 6.7 -1.8 -1.8 2.7 3.8 4.8 6.6 8.6 12.9 13.9 10.1 5.1 -1.8 -1.8 -1.8 -1.8 -1.8 -1.8 -1.8 -1.8 -1.8 -1.8 -1.8 -1.8 -0.6 -0.1 0.4 0.7 -0.4 -1.8 -1.8 -0.7 0.2 1.3 8.4 2.7 2.4 2.4 2.6 4.3 10.6 27.3 40.1 85.8 111.7 119 123.6 137.1 154.9 154.7 160.9 175 175.9 197.3 223 255.5 278.5 313.2 339.4 338.4 353.2 362.3 376.9 407.7 413.9 415.4 426 431 427.3 427.3 424.5 427.9 450.8 459.1 469.8 459.7 445.1 424.2 410.6 403.4
35.1 23.6 11.1 -1.8 -1.8 -1.8 -1.8 1.5 0.8 2 4.6 10.4 14.4 10.2 -1.8 -1.8 -1.8 -1.8 -1.8 -1.8 -1.8 -1.8 -1.8 -1.8 -1.8 -1.8 -1.8 -1.4 -0.9 -0.3 -0.3 -1.8 -1.8 -1 0 1 1.6 2.1 2.4 2.4 2.4 3.6 13.4 26.1 50.1 70.5 95.8 97.2 95.8 108 113.3 129.2 139.4 136.3 139.2 147.8 163.7 186.3 210.6 232 273.8 295.3 311.2 329.6 340.4 357.3 390.9 399 396.7 402.8 410 418.2 412.8 404.8 409.8 425.2 438.3 438.2 427.6 409 396.3 392.8 383
25.6 12.6 -1.8 -1.8 -1.8 -1.8 -1.8 -1.8 -1.8 0.4 2.4 7.8 11.2 -1.8 -1.8 -1.8 -1.8 -1.8 -1.8 -1.8 -1.8 -1.8 -1.8 -1.8 -1.8 -1.8 -1.8 -1.8 -1.7 -1.1 -1.3 -1.8 -1.2 -0.5 0.2 0.8 1.5 1.8 2.1 2.3 2.4 10 36.5 33.3 54.4 73.8 75.1 78 81 94.5 92.4 90.5 103.1 113.4 110.1 120.5 133.7 143.4 175 205.1 237.4 263.8 282.9 304 312.7 331.6 359.7 371.2 371.6 379.5 391.7 407.8 404.4 396.6 394.4 411.1 412.1 412.4 399.4 382.1 372.3 368.2 362.7
5.2 -1.8 -1.8 -1.8 -1.8 -1.8 -1.8 -1.8 -1.8 -1.8 -1.8 -1.8 -1.8 -1.8 -1.8 -1.8 -1.8 -1.8 -1.8 -1.8 -1.8 -1.8 -1.8 -1.8 -1.8 -1.8 8.7 0.8 -1.8 -1.8 -1.8 -1.8 -1.3 -0.6 0 0.7 1.1 1.4 1.7 2 2.3 6.9 19.6 13.2 43.8 51.2 52.3 49.3 58.4 77.9 77.8 68.5 80.6 89.9 88.5 99.6 104.9 118.6 148.3 181.6 221.4 252.2 262.4 285.9 291.2 315.3 341.5 350.5 354.2 357.3 363.9 373.9 378.3 378.8 381.5 380.6 379.6 382.3 364.3 351 343.5 343.3 340.9
4.3 -1.8 -1.8 -1.8 -1.8 -1.8 -1.8 -1.8 -1.8 -1.8 -1.8 -1.8 -1.8 -1.8 -1.8 -1.8 -1.8 -1.8 -1.8 -1.8 -1.8 -1.8 -1.8 -1.8 -1.8 11.3 2 -1.8 -1.8 -1.8 -1.8 -1.8 -1.4 -0.8 -0.2 0.5 0.8 1.1 1.4 1.7 1.9 2.2 3.9 2.4 18.4 34.8 32 27.2 37.1 39.6 51.2 41 51.3 59.3 62.4 69.2 68.6 89 107 155.3 185 211.3 223.3 243.3 261.1 308.2 311.6 338.2 340.9 340.1 342.5 339.9 345.3 350 350.2 350.3 354.1 347.7 334.6 322.4 318.2 317.6 325.8
0 -1.8 -1.8 -1.8 -1.8 -1.8 -1.8 -1.8 -1.8 -1.8 -1.8 -1.8 -1.8 -1.8 -1.8 -1.8 -1.8 -1.8 -1.8 -1.8 -1.8 -1.8 -1.8 -1.8 -1.8 3.2 0 -1.8 -1.8 -1.8 -1.8 -1.8 -1.6 -1 -0.3 0.2 0.5 0.8 1 1.2 1.5 1.6 1.8 1.7 1.8 2 2.2 3.8 10.7 21.5 20.9 18 28.8 35.6 38.9 40.7 45.8 56.5 81 109.1 150.2 175.5 186.4 197.3 239.7 267.8 282.8 309.8 321.5 323 324.5 326 319.5 325.7 322.8 323.4 325.5 322.8 314 303 289.2 295.2 307.6
-1.8 -1.8 -1.8 -1.8 -1.8 -1.8 -1.8 -1.8 -1.8 -1.8 -1.8 -1.8 -1.8 -1.8 -1.8 -1.8 -1.8 -1.8 -1.8 -1.8 -1.8 -1.8 -1.8 -1.8 -1.8 -1.8 -1.8 -1.8 -1.8 -1.8 -1.8 -1.8 -1.8 -1.1 -0.5 -0.1 0.1 0.4 0.6 0.8 1 1.1 1.1 1.1 1.1 1.3 1.5 1.6 2 3 5 4.4 5.1 10.9 15.5 22.1 27 32 56.4 73.2 103.4 134 152.4 184 209.2 216 222.3 252.8 290.3 300.2 311.3 313.9 307.1 301.3 298.3 301.3 301.4 294.8 292.1 284.6 303.7 311 309.4
-1.8 -1.8 -1.8 -1.8 -1.8 -1.8 -1.8 -1.8 -1.8 -1.8 -1.8 -1.8 -1.8 -1.8 -1.8 -1.8 -1.8 -1.8 -1.8 -1.8 -1.8 -1.8 -1.8 -1.8 -1.8 -1.8 -1.8 -1.8 -1.8 -1.8 -1.8 -1.8 -1.8 -1.3 -0.8 -0.5 -0.3 -0.1 0.1 0.4 0.5 0.5 0.5 0.4 0.4 0.6 0.7 0.7 1.1 1.6 2 2.3 2.5 2.9 3.7 6.1 9 12.5 29.4 48.6 71.3 98.4 130.8 172.3 174.7 175.4 181.2 193.7 242.2 281.3 296.6 296.9 294.3 294.5 286.4 292.1 290.2 284.3 279.1 289.1 308.6 321.6 329.3
-1.8 -1.8 -1.8 -1.8 -1.8 -1.8 -1.8 -1.8 -1.8 -1.8 -1.8 -1.8 -1.8 -1.8 -1.8 -1.8 -1.8 -1.8 -1.8 -1.8 -1.8 -1.8 -1.8 -1.8 -1.8 -1.8 -1.8 -1.8 -1.8 -1.8 -1.8 -1.8 -1.8 -1.5 -1.1 -0.9 -0.7 -0.5 -0.3 -0.1 0 -0.1 -0.1 -0.3 -0.3 -0.2 -0.1 -0.2 0.2 0.7 1.1 1.5 1.9 2.4 2.4 2.7 4.4 5.1 9 24.9 41.3 75.3 104.9 147 147.4 143 141.7 150.1 205.8 247.9 262.1 279.2 280.2 281.4 275.9 281.4 279.5 283.5 283 287.6 307.1 326.7 337.4
-1.8 -1.8 -1.8 -1.8 -1.8 -1.8 -1.8 -1.8 -1.8 -1.8 -1.8 -1.8 -1.8 -1.8 -1.8 -1.8 -1.8 -1.8 -1.8 -1.8 -1.8 -1.8 -1.8 -1.8 -1.8 -1.8 -1.8 -1.8 -1.8 -1.8 -1.8 -1.8 -1.8 -1.8 -1.6 -1.4 -1.2 -0.9 -0.8 -0.6 -0.5 -0.6 -0.8 -1 -1 -0.9 -0.9 -1 -0.7 -0.2 0.3 0.6 1.2 1.9 2.4 2.4 3.2 4.4 6 12.4 22.6 47.2 66.5 72.8 98.7 108.9 112.4 112.9 157.4 195.9 221.8 242.3 265.4 262.4 250.4 246.7 265.4 273.2 262.7 293.8 308.3 322.3 335.5
-1.8 -1.8 -1.8 -1.8 -1.8 -1.8 -1.8 -1.8 -1.8 -1.8 -1.8 -1.8 -1.8 -1.8 -1.8 -1.8 -1.8 -1.8 -1.8 -1.8 -1.8 -1.8 -1.8 -1.8 -1.8 -1.8 -1.8 -1.8 -1.8 -1.8 -1.8 -1.8 -1.8 -1.8 -1.8 -1.8 -1.8 -1.4 -1.3 -1.1 -1.1 -1.2 -1.4 -1.8 -1.8 -1.7 -1.7 -1.8 -1.8 -1 -0.5 -0.2 0.4 1.2 1.9 2.4 2.8 3.9 5.5 6.1 8.1 12.5 21.9 33.8 50.2 72.8 79.5 81 109.6 138.6 170.2 196.9 214.1 222.9 220.1 211.7 238.1 263.6 250.9 289.9 313.5 316.7 323.7
-1.8 -1.8 -1.8 -1.8 -1.8 -1.8 -1.8 -1.8 -1.8 -1.8 -1.8 -1.8 -1.8 -1.8 -1.8 -1.8 -1.8 -1.8 -1.8 -1.8 -1.8 -1.8 -1.8 -1.8 -1.8 -1.8 -1.8 -1.8 -1.8 -1.8 -1.8 -1.8 -1.8 -1.8 -1.8 -1.8 -1.8 -1.8 -1.8 -1.8 -1.8 -1.8 -1.8 -1.8 -0.9 -1 -1 -1.1 -1.8 -1.8 -1.8 -1 -0.3 0.6 1.9 2.5 2.7 3.3 4.6 5.5 6.3 7.3 9.1 13.6 24.1 29.6 48.3 54.2 65.6 88.5 138 163 172.9 176.1 184.8 190.7 215.8 248.2 237 273.2 293.4 290.7 303.5
-1.8 -1.8 -1.8 -1.8 -1.8 -1.8 -1.8 -1.8 -1.8 -1.8 -1.8 -1.8 -1.8 -1.8 -1.8 -1.8 -1.8 -1.8 -1.8 -1.8 -1.8 -1.8 -1.8 -1.8 -1.8 -1.8 -1.8 -1.8 -1.8 -1.8 -1.8 -1.8 -1.8 -1.8 -1.8 -1.8 -1.8 -1.8 -1.8 -1.8 -1.8 -1.8 -0.1 0.4 0.5 0.3 0.3 0.1 -0.4 -1.8 -1.8 -1.8 -1.8 0 0.2 2.4 2.7 3.4 4.2 4.7 5.6 5.5 7.4 8.3 11.4 16.4 23.2 30.8 37.8 55.7 84.4 123.9 147.7 146 174.5 177 195.4 218.4 224.7 243.4 245.3 274.1 293.7
-1.8 -1.8 -1.8 -1.8 -1.8 -1.8 -1.8 -1.8 -1.8 -1.8 -1.8 -1.8 -1.8 -1.8 -1.8 -1.8 -1.8 -1.8 -1.8 -1.8 -1.8 -1.8 -1.8 -1.8 -1.8 -1.8 -1.8 -1.8 -1.8 -1.8 -1.8 -1.8 -1.8 -1.8 -1.8 -1.8 -1.8 0.5 1.5 2 1.8 2.2 2 2 1.8 1.5 1.5 1.4 1.1 1.3 1.5 -1.8 -1.8 -1.8 -1.8 -1.8 2.4 2.7 4.4 5 9.8 7.6 8.4 9.3 8.8 11.2 14.1 19 27.1 38.2 49.7 61.8 85.6 117.2 124.8 132.1 170 177.4 202 198.5 228.8 250.5 262.7
-1.8 -1.8 -1.8 -1.8 -1.8 -1.8 -1.8 -1.8 -1.8 -1.8 -1.8 -1.8 -1.8 -1.8 -1.8 -1.8 -1.8 -1.8 -1.8 -1.8 -1.8 -1.8 -1.8 -1.8 -1.8 -1.8 -1.8 -1.8 -1.8 -1.8 -1.8 -1.8 -1.8 -1.8 4.6 2.6 7.7 8.1 16.1 16 28.8 30.5 28 17.8 13.9 4.5 2.7 3.1 2.5 5.2 6.6 4.8 -1.8 -1.8 -1.8 -1.8 2.6 3.2 4.2 6.3 14.2 10.6 9.4 10.2 11 12 11.6 16.6 24.4 39.8 61.6 74.5 90.9 96.2 92.5 105.7 138.9 137.7 154.2 169.3 195.5 213.8 244.3
-1.8 -1.8 -1.8 -1.8 -1.8 -1.8 -1.8 -1.8 -1.8 -1.8 -1.8 -1.8 -1.8 -1.8 -1.8 -1.8 -1.8 -1.8 -1.8 -1.8 -1.8 -1.8 -1.8 -1.8 -1.8 -1.8 -1.8 -1.8 -1.8 5.5 6.3 11.6 8.7 19.2 21.3 33.2 36.3 33.6 48.4 46.8 57.9 60.8 55.1 46.2 41.8 29.5 20.4 20.7 21.1 17.6 11 8.1 4.2 -1.8 -1.8 3 3.4 4.1 5.2 7.9 18.5 19.9 10.6 11.4 12.8 13.7 14.2 19.8 31.7 48.1 71.4 81.9 90.3 99.6 98 110.5 111 117 150 155.6 163.3 188.7 230.3
-1.8 -1.8 -1.8 -1.8 -1.8 -1.8 -1.8 -1.8 -1.8 -1.8 -1.8 -1.8 -1.8 -1.8 -1.8 -1.8 -1.8 -1.8 -1.8 -1.8 -1.8 -1.8 -1.8 -1.8 -1.8 -1.8 -1.8 -1.8 15.9 23.4 25.7 32.5 36.6 39 45.2 55.1 56.6 68.4 77.3 80.6 84.8 85.1 79.8 73.6 66.1 55 48 44 38.6 28.6 18 10.9 8.8 8 5.8 5.3 6.4 10.6 7.8 10.6 18.4 22.8 15.8 15.2 15.2 15.6 18.7 21.1 30.9 40.1 55.9 63.4 69.6 76.6 89.8 83.9 105.4 111.9 146.4 155.6 157.1 178.1 196.3
-1.8 -1.8 -1.8 -1.8 -1.8 -1.8 -1.8 -1.8 -1.8 -1.8 -1.8 -1.8 -1.8 -1.8 -1.8 -1.8 -1.8 -1.8 -1.8 -1.8 -1.8 -1.8 -1.8 2.8 11.6 7.1 25.1 41.3 49.6 56.1 58.6 61.4 71 77.2 75.6 88.2 90.9 102.1 115.5 117.7 113.3 113.7 110.2 105 92.5 83.3 73.8 64.2 55.3 47.2 36.3 28.3 23.7 18.3 16.7 16.2 20.5 23.4 16 19.8 24.9 32.8 24.2 21.8 19.1 20.5 25 23.7 34.3 41.7 50.8 57 66.5 66.4 63.2 86.7 82.9 105.4 120.9 139 150.5 160.5 168.4
-1.8 -1.8 -1.8 -1.8 -1.8 -1.8 -1.8 -1.8 -1.8 -1.8 -1.8 -1.8 -1.8 -1.8 -1.8 -1.8 -1.8 -1.8 -1.8 -1.8 -1.8 5.5 12.1 32.8 34.7 37.8 63.5 87 89.2 95.1 102.1 109.2 110.4 114.6 115.7 129.9 136.5 140.6 155.6 159 162.6 164.3 150.2 140.1 128.3 124.9 109.7 100 84.8 71.5 71.9 80.2 56.2 40.3 32.5 33 42.9 41.3 31.3 36.1 40.3 41.6 32.5 30.3 31.2 29 30.5 27.3 35.3 43.8 50.3 54.3 58.8 51 58.1 62.1 87.8 114.8 135.9 140.1 154.4 160.9 159
