public/OST50/NM89.asc
ncols 200
nrows 200
xllcorner 180000
yllcorner 790000
cellsize 50
[rows 0 to 36 of 200, columns 0 to 82 of 200]
196.6 178.6 166.1 154.4 153.1 162.5 165 160.6 154.5 148.8 139.1 129.3 117.3 107.2 99.3 90.9 80.5 71.1 61.3 53.1 54.5 50.1 46.3 46.4 46.6 46.5 48.3 49.7 52.7 54.6 59.1 59.3 59 59.7 60.4 61.7 63.6 70.6 76.4 81.5 90.7 104.1 108.5 112.5 121.4 129.8 140.6 140.8 148 155.7 155.7 157.2 153.3 168.4 169.4 194.1 213.1 230 243.5 252.9 264.1 270.4 280.7 296.4 308.4 324 343.4 354.1 360.8 370.1 385.1 400.4 412.3 421.6 435.5 438.6 446.3 452.9 454.1 459 467.7 457 440.1
182.3 163.2 148.4 142.5 151.2 153.7 152.2 145.4 140.1 131.8 123.9 113.3 103 97.7 90.1 79.9 72 62.9 52.7 48.3 50.9 43.6 49.7 49.9 47.1 45.9 47.3 47.8 48.5 51.5 54.7 57.6 57.6 58.3 58.8 60 62.3 65.6 73.2 79.3 91.4 104 112.3 126.6 142.1 154.7 166 176.9 181.1 182.7 185 188.7 182 199.9 214.1 231.1 244.7 252.9 264.8 272.8 281.9 295.5 307.6 319.1 333 344.2 358.5 368.5 379.2 387.9 404.8 426.6 441.1 451.7 467.4 476.9 478.9 478 478 478.1 480.6 460.8 451.8
175.8 152.9 138.6 135.2 143.8 140.5 137.4 131 123.4 115.6 107.2 98.6 92.9 87.4 78.9 70.2 63.2 54 46.2 45.6 45.5 45.7 54.1 52.3 50 49.1 49.7 50.3 49.9 49.8 51.7 53.6 55.9 56.7 57.3 60.6 67.5 76.6 81 90.1 102.5 117.3 132.9 144.5 159.7 172.5 183 199.5 207.1 211.6 219.5 221.1 219.9 222.7 241 258.1 266.3 274.7 281.7 295.1 307.4 320.4 331.6 344 358.6 371.2 382.7 396.7 406.3 417.5 434.1 452 464.4 477.8 488.5 497.9 503.8 506.4 508.5 508.8 505.8 475.4 467.7
171.3 152.5 132.6 130.8 133.5 128.6 124 117.1 109 100.2 92.9 85.3 81.8 76.8 67.9 61.5 53.5 45.4 44 44.2 44.6 49.9 54.7 52.8 52.1 52.4 52.6 52.8 52.1 52.9 53.8 54.8 54.1 54.7 61 68.3 80.4 90.2 101.6 115.9 130.5 148 170.1 181.9 187.9 195.1 205.1 216 232.2 243.1 252.1 256.5 252.2 252.2 272.2 284.1 295.8 301 310.1 325 337.9 353.4 366.5 379.6 393.4 404.6 418.7 431 440.8 449.8 461.3 471.8 480.2 493.3 501.6 515.4 529.6 538.8 540.9 534.9 534.7 522.7 488.8
164 144.5 127.3 122.4 122.2 116.7 110.5 103.1 95.8 86.9 80.5 75.7 70.3 63.6 57.7 52.9 47 42.4 42.6 45.6 47.5 52.7 54.6 53.2 52.5 54.4 57.9 59.4 60.4 58.5 60.3 60.4 58.9 57.9 67.9 81.3 92.5 105.3 123.2 136.4 169 193.7 205.6 218.4 226.8 225.8 228.2 239.8 259 273.6 274.6 277.8 279.5 288.1 303.9 318.4 328.6 338.8 345.5 353.6 372.5 386 398.1 415.9 431.2 442.9 442.9 454.7 463 469.6 476.2 484.8 492.4 496.7 512.4 531.9 548.7 560.7 556.7 559.3 566.2 564.1 548.5
156.2 130.5 118.5 112.1 110.1 101.9 93.7 87.2 79.6 75.5 70.3 66 59.4 55.9 51.8 49.6 46.9 42.8 44.6 46.1 48 49.7 50.7 50.6 51.3 52.7 56.1 60.2 64.8 72.3 80.8 75.3 72 73 81.7 102.9 113.8 126 142 166.3 201 220.2 230.5 236.6 246.8 249 249.6 269.1 278.9 288.4 290.1 295 301.7 316.8 337.8 351.8 367.4 379.8 385.5 386.5 398.6 407.1 418.7 434.1 448.2 454.9 465.9 471.8 474.7 480.2 486.7 496.3 507.8 518.5 529.4 549.7 564.7 574.2 579.8 588.9 591.9 591 566.8
136.5 116.5 107.2 99.1 93.3 84.7 78 73.8 69.1 65.2 60.3 54 48.4 47.5 49 48.6 48.3 40.1 45.3 45.4 46.7 48.3 48.1 49.4 51.7 58 76.1 82.5 92.6 93.6 96.4 97 95.5 95 104.2 126.3 140.7 153.2 177 197 210.7 228.5 243.6 253.7 262 269.9 282.8 300 302.5 305.2 311.7 317.8 327.8 334.6 367.7 387.5 406 415.2 418.9 423.8 430.6 436.3 443.8 459.1 467.9 477.7 484.7 491.1 497.3 498.8 505.9 522.1 535.5 542.8 549.4 558 571.1 590.1 600.8 602.4 598 596.4 581.5
119.5 100.8 94.6 83 78.4 70.8 62.1 60.8 57.9 55.3 50.6 46 40.9 43.1 45 47.6 47.7 43.2 42.6 46 46.8 47.2 57.1 62.1 68.3 86.7 97.4 105.2 116 111 114.5 114.4 111.1 115.5 127.1 146.1 165 188.6 207.7 220.1 229.4 244.2 254.6 268.2 278.2 289.1 306.7 322.6 327.6 331.2 338.8 350 369.2 381.1 395.8 421.4 436.3 441.4 450.2 457.8 465.3 474.4 485.1 489.9 497.2 505.8 510.7 519.8 527.3 532.7 542.9 560.7 572.3 575.6 577.3 578.9 594.2 610.7 617.9 611.2 605 597.2 577
100.4 91.8 83.6 71.1 64.4 57.5 52.5 48.9 47 45.2 42.9 40 37.1 39.1 40.5 44.5 46.7 42.8 37 48.3 49.8 68.6 73.7 77.4 90.9 102.8 115.1 118.8 123.7 124.7 121.2 122.7 127.4 136 145.5 167.1 193.4 215.6 238.7 246.2 253.5 264 279.8 295.3 307.7 312.4 330.8 346.9 353.4 363.2 374.3 395.3 406.4 408.2 420 442.9 453.5 464.6 474.5 485.2 498.8 509 517.5 521.3 527.7 531.4 541.8 551.3 560 563.9 575.1 586.5 592.1 591.4 599.4 616.1 622.8 631.3 633.2 629 627.8 606.1 570.7
91.1 78.8 63.7 57.2 50.8 45.2 42.5 40.8 39.7 39.5 37.2 35.9 35.3 37.3 38.5 39.6 36.6 35 47.2 50.4 58 73.3 81 100.1 121.2 134.2 134.3 142.6 139.8 129.2 135 143.2 149.6 157.6 171.4 193.9 217.1 245.4 255.3 262.8 279.8 290.6 299.9 311.2 323.6 334.6 348.5 363.4 376.2 387.6 396.3 428.3 436.6 434.2 440.6 462.5 478.6 485.8 497.5 514.5 530.2 541.6 546.1 552.5 560.2 567.2 575.5 583.7 594.7 601.7 606.7 613.4 619 631.3 638.2 640.2 649.1 661.2 656.1 648.1 635.4 602.2 573.4
81.8 65.9 50.7 47.1 42.7 38.6 36.7 35.6 35.2 33.8 32.9 32.3 34.1 34 35 35 31.6 39.1 46.3 54.5 69 87.1 114.1 131.5 143.4 142.3 142 150.4 157.3 155.5 171.6 173.7 176.2 185 202.6 221.8 244.2 264.1 278.1 291.9 301.2 314.9 323.2 333 341.6 354.5 370.3 381.8 402.5 418.4 441.7 457.8 466 461.1 468.4 489 499.5 509.1 525.2 540.9 557.3 569.5 581.6 590.3 596.6 597.8 608.8 622.1 627.8 629.7 636.8 645.7 652.4 656.6 656.9 667.9 684.5 689.8 674.6 668.8 654 614.1 580.6
69.5 53.7 41.2 39.5 37.9 35.4 31.8 32.9 34.3 32 31.2 30.8 29.5 28.2 29.7 32.8 36.5 39.8 49.5 63.2 76.6 101 133.3 148.6 150.3 148.7 157.3 177.1 182.5 188.4 199.9 198.8 204.3 219 234.1 252.1 273.6 292.1 314.2 325.8 331.5 343.6 355.3 358.9 372.9 381.5 399.1 436.9 441.8 451.3 465.7 476.5 481.4 484.4 499.5 512.1 517 533.9 549.3 566.2 586.4 604.3 618.3 627.8 630.5 641.1 651.1 654.7 660.8 665.8 675.8 681.8 685.9 690.8 696.2 715.9 723.2 695.2 677.6 673.2 653.4 624.4 586.3
54.9 41.8 37.4 35.2 33.5 31.4 29.6 32.9 33.3 32 30.6 30.1 29.6 28.7 30.5 34.3 35.7 40.7 51.9 66.9 91.9 134.8 145.7 147.2 150.6 162.8 184 196.2 208.3 213.4 219.4 225.6 238.4 255 272.4 299.6 326.2 341.5 359.2 367.6 378.1 391.8 402.9 420.3 427 432.6 448.2 457.4 464.8 474 485.4 494.8 500.5 506.3 518.7 530.5 548 566.9 578 597.3 620 636.9 647.4 657.6 665.9 674.2 677.5 685.7 697.3 703.8 712 720.5 726.3 735.5 742 744.9 721.2 699.5 688.2 682.2 663.2 634.8 600.5
42.6 37.4 33.6 30.5 29.9 28.4 28.9 31.3 31.7 32.9 30.1 28.9 29.4 26.9 30 34 36.6 41.5 55.2 72.5 103.6 137.1 142.7 144 169.8 188.3 204.9 218.5 237.1 242.3 254.2 270.5 286.1 303.4 324.7 334.8 348.6 364 376.2 385 395.7 405.4 414.9 422.1 429.9 436.5 447.9 458.4 467.6 481.7 490.6 505.4 520.3 530.4 535.1 547.3 564.6 576.3 592.8 613.8 630.9 649.3 662.1 675.3 685.2 693.3 706.3 728 743.5 758.1 761.8 769.1 776.5 780.1 774.8 744.5 716.1 706.8 704.7 706.6 688.5 663.6 626.5
36 33.4 29.1 27.6 27.5 26.9 28 28.9 29.8 29.7 27.3 27.4 28 26.5 31.4 33.9 37.1 44.7 63.6 79.8 101.3 117.4 133.3 159.9 187.9 209.5 224.3 246.1 265.5 276 284.8 295.9 316.1 331.1 333.6 338.3 346.7 360.9 368.5 374.2 380.2 388.9 398 409 417.3 430.6 445.8 457.8 467.4 480.3 487.5 504.2 520.4 533.9 542.1 554.9 567.2 585.4 597.4 615.5 630.5 643.1 664.9 674.2 690.8 700.2 715.6 731.1 743.4 761.5 772.1 780.4 785.8 789.6 779.6 754.3 731.9 721.6 717.4 723.9 706 690.7 669.3
33 29.5 28 27.1 26.7 27.1 28.4 28.4 28 27.1 27.6 27.5 27.8 28.2 29.7 32.8 36.3 47.5 62.5 84.8 101.8 119.4 152.1 181.4 209.2 226.8 246.9 269.1 286.9 299.7 310 319.4 320.5 313 316.6 324.1 333.3 346.8 354.8 358.9 365 368.1 376 391.1 405.5 414.8 430.7 442.4 456.4 471.1 482.4 501.7 519.2 528.3 537.8 556.6 571.7 592.5 613.4 626.7 641.8 650.8 664.3 674.3 687.3 704 715.3 727 736.4 754.3 766.6 777.8 784.6 795.3 803 794.3 764.6 755.1 754.4 756.8 745.3 719.4 695.6
29.6 28.6 27.4 26.3 25.6 26.4 27 27.7 27 27.5 28.2 28.3 27.1 30.4 31.3 31.4 34.2 43.4 61.9 83.9 107 134 163 192.8 215.8 231.6 256.9 271.9 290 302.2 305 299 287.2 283 283.1 297.3 311.1 322.3 331.8 342.1 352.5 358.2 358.5 368 378.6 391.6 407.7 422.5 439.4 457.5 476.2 498.3 511.6 520.7 540.8 561.6 584.6 604.9 622.2 627.1 639.7 655.2 669.1 680 684.9 694 704.1 716.9 726 739.3 753.7 769.4 778.9 794.1 800.4 803.5 798.4 791.1 792.3 799.3 797.4 773 737.6
28.5 28.1 26.9 25 25 26.2 25.4 26.3 27.3 28.5 29.5 29.2 29.1 29.8 30.8 31.9 33.6 45.5 61.3 92.8 107.3 135.7 168.7 198.9 221.7 229.3 244.7 259 282.4 274.4 262.6 254.5 254 254.2 258.5 274.6 292.3 306.5 317.8 326.8 336 342.7 344.4 349.4 359.4 377.4 394 407.6 426.2 444.9 475 498.2 501.5 520.1 537.6 563.6 583.9 603.5 618.6 628 638.7 655.1 669.2 672.3 681.7 691.7 695.4 701.2 713.5 722 735.5 753.7 769.3 783 789.6 795.7 805.8 814 819.9 825.8 817 787.9 748.2
27.7 27.3 27.1 24.8 26.4 27.6 27.3 27.9 28.6 29.4 30 30.5 30.4 30.3 30.9 32.6 33.8 46.2 70.5 84.5 104.7 138.6 176.4 199.4 209.3 213.8 221 244 244.9 236 228 229.2 226.8 222.5 235.2 246.6 259.3 277.7 288.1 299.9 310.2 316.3 325.3 334.8 343.3 359.2 376.9 387.3 408.4 433.3 463.4 483.3 498.3 517.1 539.4 564.2 583.4 595.9 608.7 623.1 633.4 646.2 651.7 665.2 672.4 683 677.7 680.5 696.3 709.1 719.6 741.3 758.2 769.5 773.9 782.8 790.6 800.2 806.9 817.6 818 795.5 756.4
27 26.8 27.2 24.8 26.8 27.5 28 28.3 29 29.4 30 30.6 31.3 31.4 32.4 32.6 35.3 63.7 93 87.3 112 146.2 172.2 189.7 199.3 186.3 199.9 220 215.6 207.5 193.8 194.3 195.4 190.1 201.1 211.2 224.1 241.2 254.9 266.8 278.8 292 303.2 313.3 326.7 342 356.5 370.4 393.5 423.9 451.6 479.1 494.8 521.3 542.9 560.7 577.6 598.5 607.9 613.8 623.3 635 640.6 642.8 655 659.4 664.9 669.8 680.4 693.2 703.5 728.9 742.8 749.6 762.2 766.6 772.3 774.5 782.6 796.1 804.4 788.7 765.8
26.4 26.8 27.5 26.3 24.5 26.7 27.4 28.4 29 29.4 29.9 30.4 31.4 32.5 33.5 34.2 54.6 70.3 83.4 89 122.5 139.7 146.8 154.5 161.5 151.8 164.7 191.5 171 164.4 159.4 157.1 160.6 162.8 173.1 186.5 196.2 210.4 226.6 245.8 258.3 268.1 273.8 290.4 300.8 312.2 336.4 358.6 389 421.6 445.7 464.1 488.9 517.5 537.4 549.3 564.8 584 597.2 612 623.1 621.7 629.4 622.7 623.1 628.9 640 653.1 666.8 677.8 687.9 714.6 735.8 737 744.2 748.3 750.7 755.3 763.4 769.1 770.9 766.4 763.1
26.4 24.5 25.9 25.9 24.5 26.4 27.4 28.3 28.7 29.1 29.6 30.3 31.1 32.9 34.5 43.1 66.2 67 71.1 79.9 98.5 98.1 101.9 110.6 115 113.2 115.1 143 133 131.7 130.2 126.9 130.3 138.2 150.7 163.6 181.4 195.9 209.9 221.9 230.7 239.3 251.3 270.1 276.5 292.3 315.4 350 377.7 405.4 430.9 459.6 490.4 514.1 528.3 538.8 555.9 574.5 587.9 591.5 592.9 589.7 597.5 598.1 602.3 612.8 624.8 634.2 645.6 656.9 673.1 694.2 710.8 717.8 721.9 724.8 730.8 733.4 737.7 733.3 736.3 740.2 742.5
26.8 26.2 25.7 25.7 26.3 27.2 27.7 28.2 28.6 28.7 29 29.7 30.6 33.3 35.3 49.6 62.4 59.5 61.5 69 68 65.4 71.1 76.1 76.4 77.2 80.6 89 97 101.8 106.4 105 111.4 116.5 128.9 149.5 165.2 174.8 191 199.5 205.7 218.2 238.5 250.7 266.2 284.5 298.6 328.8 360.4 392.2 416.4 445.4 470.8 493.5 510.7 524.4 540.4 560.6 566.8 566.7 564.9 562.6 566.2 572.1 575.6 592.2 611.4 620.2 626.6 640.7 658.5 667.9 686.4 689.6 699.1 708.5 711.2 712.3 711.5 709 711.7 713 717.2
28.4 27.7 26.5 24.6 26.3 26.8 27.6 28 28.5 28.2 28.4 29 30.1 30.8 34 38.4 40.9 40.5 39.5 45.9 47.8 51.2 52.5 54.8 56.1 58.9 63.4 69.4 75 80.8 85.4 89.1 95.1 103.8 111 121.7 136 146.7 157.3 171.1 187.1 205.7 228.3 238.6 258.7 274.3 284.6 302.6 331.2 374.6 404.9 422.1 441.5 469.4 486.4 498.4 514.3 525.7 534.4 532.8 529.3 530 530.7 533 544 568.6 586.1 597.3 610.2 625.2 633.6 638.9 651.2 654.7 662.8 677 684.7 692 678.9 677.9 688.2 688.1 688.7
34.1 31.9 28.5 26.8 26.4 26.3 26.8 27.7 27 27.9 28.8 29.3 28.6 29.3 32 35.9 38.3 43.1 49 54.6 61.4 74.3 78.6 87.5 84.5 60.5 57.9 59.6 62.9 69.6 75.6 79.4 83.8 91.1 96.6 107.9 117.7 127 140.9 160.8 179.2 208.4 220.5 230.1 257.1 266.2 278.4 290.5 310.1 347.3 380.6 400.6 424.6 446 461.8 473.7 484.5 494.8 501.8 497.3 492.7 494.7 498.8 506.5 518.4 542.1 561.8 574.9 583.6 599.9 605.3 607.9 614.1 621.1 632.9 645.5 650.3 645.7 642.7 644.6 651.9 655.7 656.9
49.2 43.3 40.5 34.9 30.2 28.7 27.5 27 26.7 28.1 28.8 33.6 35.7 36.7 45 43.2 48.9 59 59.9 70.1 79 81.5 110.5 119.2 99.7 79.1 62.2 59.1 61.2 63.6 66.1 71.8 80.9 85.3 91.5 98.7 105.8 115.8 131.2 152.8 174.5 201.5 203.1 225.9 251.9 262.8 274.7 285.3 296.9 316.7 351.6 384.4 415.1 439.9 447.9 451.3 460.4 466.8 469.5 462.3 457.2 461.3 462.7 476.6 493.2 514.5 537.7 550.3 560.9 574.3 582 586.9 587.1 592.1 605.3 620.3 625.9 621.9 613.8 611.4 619.4 624.3 627.7
74.1 67.4 60 49.4 41.7 35.3 32 30.2 29.2 31.6 37.3 42.5 45.9 47.1 51.6 72.5 81.7 79 78.5 99.1 102.2 98.8 114.3 118.3 103.2 86.2 69.5 61.4 61.4 62.6 64.5 67.2 73.2 79.7 87.8 95.7 101.7 110.8 130.8 152.6 165.7 184.5 190.9 221.5 251.2 259.6 269.5 275.9 290.6 305.4 332.4 373.5 401.3 417.4 420.3 424.4 431.5 436.3 439.1 431.2 425.9 435.1 444.2 457.9 473.2 493.4 511.3 524.5 538 551.6 560.8 564.6 562.9 563.1 574.4 592.1 601.5 584 582.6 579.6 586.5 593 602.4
91.3 81.2 73 61.6 55.1 47.3 41.6 38.2 42.3 52.1 59.7 65.2 74.4 76.2 95.7 112.1 117.1 104.4 106.9 129.7 129.5 130.4 127.7 119.1 109.2 97.6 82.9 66.9 65.2 64 62.5 64.6 67.1 73.7 83.2 92 97.8 105.6 124.1 146.7 156.9 171.8 181.3 197.7 227.3 252.6 262 269.1 271.2 289.4 322.7 347.8 377.9 387.9 387.7 392.3 399.7 404.2 405.2 403.8 402 411.9 420.6 436.1 453.3 474.7 494.9 505.7 517 529.3 536.3 539.1 535.5 531.9 540.7 549.5 555.1 549.7 549.8 551.2 557.7 566.4 580.7
100.1 91.1 82.2 72.8 65.9 60 54 53.5 61.5 69.4 77.8 86 97.6 104.5 125.8 135.1 142.7 129 146.1 154.2 166.9 157.3 144.8 134 123 112.4 96.9 78.5 70 67.3 68.1 69.9 73.7 74.6 79 85.8 93.2 100.7 111.4 125.7 145.5 154.2 169 182.2 204 224.8 236.1 252.2 269.7 277.7 298.9 327.6 347.4 350.7 355.3 360.9 366 369.8 373.4 373.4 378.5 385.6 394.9 410.8 427.7 455.2 475.1 483.1 491.4 503.8 512.4 521.9 514.5 509.6 513.3 516.2 519.3 519.4 520.3 521.8 531.6 546.6 567.5
122.7 109.6 96.7 83.8 75.8 74.7 70.3 74.3 84.9 94.6 103.3 106.9 118.4 126.6 138 147.9 149.6 162.7 186.7 176.8 182.9 174.2 162.7 149.5 136.7 125.6 111 91.6 78.5 75.6 74.8 78.2 81.8 83.1 79.6 86.8 92.5 99.1 109.5 121.9 138.6 151.6 160.5 175.2 195.5 216.8 231.5 243.5 256.9 273.9 282.2 296.1 317.9 319.3 322.6 325.1 329.1 333.1 341.4 350.3 356.3 368.4 378.1 393.7 411.7 432.7 451.5 461.4 477.1 490.9 500.6 500.8 490.9 484.7 487.6 490.6 490.1 494.4 495.3 500 506.1 525.3 541.9
133.4 121.1 108.6 96 87.8 88.9 89.5 100.9 120.1 130.3 135.6 143.2 145.3 147.8 149.7 155 162.3 173.9 179 180.8 183.7 178 174.9 163.8 151.5 141.8 127.1 115.1 98.3 89.7 87.3 89.3 91 92.4 89.8 92.9 98.2 102.4 110.1 121.3 131.5 144.5 156.2 167.4 183.1 203.7 223.8 233 247.3 265.7 272.2 284.1 293 297 302.6 305.6 310.1 315.5 323 330.5 339 348.5 365.4 381.4 398.8 415.6 434.4 453.6 468 480.5 482.8 476.3 472.5 465.4 463.2 461.9 463 470.7 470.5 475.3 486.8 500.9 522.8
145.6 135 122.1 113.5 105.5 105.5 110.9 128.9 153.2 166.2 167.7 166.3 172.9 175.8 174.6 171.9 185.7 198 198.3 193.2 191.4 188.6 188.8 181.2 171 158.5 147.3 137.6 123 109.2 100.6 102.1 106.1 109.1 103.6 99.5 103.3 109 113.6 119.3 128.3 140.1 155.2 171 179.2 194.1 216.3 231.9 244.1 260.3 263.3 265.5 269 279.3 291.3 303.2 306.5 312 314.6 320.4 328.1 340.7 361.7 376.2 390.4 406.4 423.4 441.8 453.3 459.5 460.7 463.6 451.8 443.5 436.6 438.3 443.6 448.8 453.8 460.2 471.8 481.5 494.9
156.6 143.3 132.9 130.8 127.4 126.4 133 151.3 173.8 188.1 188.3 196 202.7 207 206 199.5 212.5 220.7 218.5 215.4 214.7 208.9 203 193.6 187 180.1 173.9 155.3 140.9 129.8 118.2 119.3 128 129.4 123.3 115.2 107.8 113.6 120.8 128.8 135.1 145.8 160.7 173.7 184.1 203.4 215.3 229.4 236.3 239.4 244.9 247.5 256.7 274.4 288.4 296.6 296.8 296.9 300.6 310.9 315.4 338.2 354.8 365.2 383 400.3 407.2 428.8 435.8 438.9 444.6 439.6 426 419.2 416.7 418.8 423 431.3 442.3 443.9 455.1 463.2 470.9
171.5 161.6 154.8 154.5 151.8 151.6 159.8 177.3 196.6 206 202 216 227.2 235.9 234.4 239.4 245.7 239.3 246.3 243.2 238.5 233.3 223.3 210.6 204.1 198.2 186.3 172.6 159.9 148.8 138.2 132.3 137.5 144 143.1 135.1 123.5 119.2 126.6 132.7 140.8 151.7 165.5 177.8 184.7 196.7 206.7 214.6 218 220.9 221.4 234.9 243.9 252.1 277.5 287 288.5 287.1 295 297.7 299.7 318.7 337.3 352.1 364.6 379.1 387.6 400.9 408.8 417.3 411.3 410.9 416.2 409.8 405.6 409.6 413.1 421.2 426.2 430.7 433.9 444 450.8
204.3 194.9 189.1 190.1 184.7 180.9 196.2 204.3 219.6 219 222.7 232.3 245.9 249.6 257.5 266.8 266.8 264.9 263.4 265.3 258.7 261.7 248.4 249.1 238.9 214.3 199.8 194.2 179.3 166.6 155.1 148.7 148.2 160.2 166.3 157.8 143.9 131.2 132.4 139.9 145.8 153.3 164.4 173 182.4 189.5 198 204.6 204.6 209.4 215.2 224.9 233.3 247.7 261.2 275.9 282.8 275.4 279.7 278.9 288.4 297.2 309.6 325.1 340.3 353.6 363.1 373.9 380.8 384.8 386.9 400.2 403.4 407.2 404.7 405.8 404.8 407.4 412 415.8 420.2 426.6 431.9
254.9 256.3 262.3 245.8 236.5 224.3 233.3 241.9 243.3 247.9 258.3 261.7 270.7 276 283.7 295.8 291.7 286 287.9 288 280.5 287.1 286.8 295.4 270.5 245.1 227.5 214.2 200 186.6 175 168.1 159.3 168 183.2 189.2 165.6 146.9 142.9 147.6 151.4 157.6 164.5 172.4 181.5 188.2 193 199.1 200.9 202.1 206.3 216.2 234.5 245.4 256.4 260 260 258.1 262.3 263.7 272.2 277.8 290.3 307.8 321.6 333.5 339.7 348.4 357.5 370.6 371.9 377.1 386.7 392.9 396 399.7 396 394.4 399.6 400.8 405.1 409.3 412
302.2 304.9 299 293.8 284.2 277.8 275.5 275.3 275.5 290.3 300.4 302.9 305.2 306 309.6 309.7 310.1 306.3 321.4 327.2 310 306.3 308.9 304 294.5 286 263.7 245.9 229.1 211.6 198.5 187.7 180.4 176 186.6 191.7 177.7 160.8 151.1 147.3 153.5 160.3 164.6 169.1 174.8 181.7 186.5 189.3 190.6 192 196 207.6 219.2 225.1 230.7 233.8 236.7 240.9 246.4 248.7 256.3 268.7 282.6 301.1 310.7 316.1 317.8 321.3 336.5 349.2 354.9 365.9 375.5 378.7 387.1 389.9 387.8 382.4 381.8 384.8 390.1 392.4 392.2
