public/OST50/NN23.asc
ncols 200
nrows 200
xllcorner 220000
yllcorner 730000
cellsize 50
[rows 35 to 69 of 200, columns 0 to 77 of 200]
517.2 539.6 548.1 551.4 554 561.1 567.4 569.5 579.2 575 567.1 559.3 544.8 530 522.2 504.3 485.3 472 458.8 444.4 429.2 419.6 409.2 398.5 397.4 394.5 396.7 395 396.2 396.7 396.1 401.8 411.5 416.7 420.9 419.1 426.1 432.8 438.2 450.2 454.3 460.7 467.1 467.9 477.8 475.7 470.6 477.4 481 486.4 477.1 463.4 459.1 444.9 430.6 414.8 397.4 377 365.8 347 336.4 332.5 329 321.8 329.8 329.6 335.3 345.3 350.1 358.8 362.9 371 379.9 387.4 397.7 407.1 417.8 421.8
529.7 540.3 544.5 550.4 555.4 565.2 570.1 566.5 571.3 567.1 559.6 548.9 542.5 528.5 512 499.1 485.8 470.1 456.9 440.7 429.2 419 408.1 399 396.1 395.1 398.3 400.7 400.9 400.2 403 406.8 414.7 421.6 437.7 428.2 427.9 438.5 443.4 453.4 458.9 464.7 468.8 468.3 477.6 473.2 476.3 486.7 487.1 482.8 477.1 469.9 454.9 443.7 423.7 420.8 393.3 365.1 352.2 344.1 339.4 329.2 323.7 328.3 337 342 353.2 363.1 367 376.2 381.5 390.1 398.4 411.2 421.1 429.3 433.7 438
528.9 536.4 541.2 545.3 555 563.7 565.3 565.6 566.2 561.9 563.1 552.6 533.7 523 508.3 495.9 483.4 469.1 454.1 438.9 428.1 417.7 416.2 399.6 395.4 394.8 400.9 403 404.3 407 407.8 413.9 419.6 438.7 437 430.8 432.8 442.9 448.2 457.7 460.9 468.8 470.9 476.6 480.5 476.7 483.7 486.9 482.9 479.9 479.7 469.9 450 437.7 415.9 388.7 370 359.9 352.1 341.2 340.6 330.4 336.4 340.6 348.8 359.8 372.2 381.6 383.1 391.7 397.6 412.3 422.4 432 440.1 451.1 452.1 459.3
524.2 530.9 537.8 544.2 552.9 558.3 561.1 561.1 564.6 565 559.2 542.8 527.5 522.4 506.1 494 481.3 469.2 452.1 437.9 427.2 420.1 415.2 398.4 394.9 395.5 398 405.1 409.6 413.8 417.4 430 436.6 436.7 439.1 438.6 442.7 444 452.1 456.3 465.4 474.1 476.2 482.9 485.6 483.3 482.6 483.1 485.8 487 474.1 465 448.2 423.7 384.4 369.8 362.9 355.8 351.4 343.1 338.7 341.8 348.5 357.5 365.9 379.6 390.7 394.2 400.8 408.3 417.1 431.4 443.1 451.3 458.4 462.8 467.1 475.3
521.7 531.9 538.7 545.1 551.3 555.5 556.1 566.6 570.3 565.6 552.4 538.6 528.7 517.8 507 493 477.6 459.7 448.2 435.2 430.7 421.5 416.6 407.4 396.4 397.9 399.2 405.3 410.1 416.9 432.2 436.8 435.5 441 444.3 441.9 446.5 449.6 458.5 465.4 470.3 477.7 483.4 484.3 490.6 490.6 485.1 489 493.2 491.5 476.5 453 411.9 386.5 373.1 362.6 361.3 353.4 353 344.2 351.5 358.4 364.9 372.6 381.7 393.7 405.5 413.1 423.2 428.5 437.7 447.3 460.7 466 472.6 477.9 486.2 499.4
521.1 531.8 538.3 544 549.1 555.1 556.3 559.5 566 556.7 547.7 536.5 518.6 514.7 503.3 483.6 475.3 457.6 449.1 435.5 431.8 422.8 423.2 408.1 397.6 397.2 400.1 404.4 412.5 431.9 437 434.8 439.5 442 442.7 450.5 455.2 465.9 469.8 472.2 481 478.1 488.6 488.3 492.7 493.8 489 479.5 492.6 486.2 455.8 420.8 393.9 375.5 367.5 359.5 358.3 358 356.5 357.1 367.8 375.6 385.2 398.6 407.1 412 422.2 435 442.1 442.5 457.4 465.3 470.9 479.2 484.7 494.6 504.7 513.5
521.7 527.6 538.3 547.2 549.1 553.3 551.9 554.6 556.7 552.5 541.8 531.3 516.9 510 500.9 483.2 472.7 458 444.2 436.4 438 429.8 424.9 411 398.1 398.6 400.6 406.5 413.2 434 432.3 435.3 438 444.6 447.8 455.7 465.4 472.3 480.8 481.6 481.2 488.2 494.2 493.1 493.2 496.7 494.9 473 452.1 445.5 429.1 400.6 385 369.8 362.6 364.1 366.2 364.8 367.4 375.5 386.4 396.9 409.1 424.4 435.5 432.5 440.3 448.9 456.6 462.8 465.7 472.8 477.6 489.4 498.3 507.3 518.5 519.7
521.7 527.7 534.7 541.8 538.4 547.8 547 547.2 550.7 545.1 536.3 526.8 517.3 511 495.4 481 461.9 450.4 443.9 435.7 433.3 428.6 425.3 409.9 399 398.2 404.7 419.8 430.2 434.5 432.5 438.4 442.7 444.5 452.7 466.7 475.5 483 482.8 481.3 487.1 493.6 496.7 495.1 496.4 501.9 487.1 459.1 432.2 416.2 402.5 385.3 373.6 365.8 373.7 370.7 374 378.7 383.9 398.7 409 415.8 422.4 437.8 444 449.2 453.9 460 466.8 468.5 471.6 476.7 486.8 498.1 507.6 522.2 521.3 513.9
521.3 524.5 532.7 533.7 530.4 534.5 540.1 542 542.2 538.3 533.2 524.5 514.5 508.1 493.8 474 461.3 448.6 441.6 434 429.2 430 422.1 409.1 399.2 406.1 425 432 432.9 432.9 436 442.4 444.6 449 456.1 469.5 477.7 485.8 482.2 484.4 491.6 497.6 498.9 502 503 494.8 478.9 446.1 423.7 406.4 390.7 383.9 370.5 372.9 377.6 381.1 388.9 396.2 409.4 417.6 426.8 432.9 440.8 451.6 454.9 463.1 462.3 474.6 479 479.5 480.5 481.6 494.9 506.9 522.1 527.3 510.9 514.4
519.6 527.2 532.8 531.2 527.2 523.6 526.1 530.1 534.4 535.8 533.5 524.2 514.1 501.9 482.8 471.6 458.1 443.4 437.6 434.1 424.3 426.7 415.1 401 405.1 430.9 435 427.8 433.8 438.1 439.7 445.6 454.2 455.8 461 468.3 478.4 486.9 495.3 501.3 506.6 507 503.7 503.7 506.8 488.1 466.8 435.1 415.3 400 385 378.4 381.2 387 391.9 397.7 405.6 413.6 424.3 428.4 437.1 449.9 460.5 463.7 467.3 470.5 476.6 481.2 483 479.2 481.5 485.7 497.5 497.9 521.6 521.6 510.2 513.5
520.6 528 531.3 528.6 522.7 521 521.3 528.5 534.3 534.1 531.2 524 513.2 494.6 478.9 465.4 454.6 446.5 436.2 423.7 419.1 413.4 403.2 405.8 431.7 432.8 431.9 429.1 435.8 444.1 448.3 455.9 460.9 459.3 463.9 473.2 485.5 501.7 508.7 517.7 516.8 511.4 510.6 510.3 494.7 474.9 447.7 422.2 406.8 393.8 385.6 389.4 398.1 402 408.3 413.6 420.3 426 437.5 435.1 450.6 463.3 467.3 475.8 476 477.2 473.7 475.9 481.3 479.6 482.7 492.4 495.8 497.7 508.2 509.5 516 520.5
515.2 525.9 528.6 522.9 517.1 522 511.7 525.4 530 531.7 528.5 523 510.1 488.9 472.2 459.8 445.9 434.2 424.8 415.6 408.1 402.7 402.4 413.2 426.5 436.1 425.7 430.3 437.7 446.9 457.6 463.2 466.9 467.1 473.9 490.3 504.9 515.4 523 522.3 522.5 519.9 512.8 506.2 492.1 459.9 437 416.4 406.7 396.7 399 403.1 408.3 413.8 420.5 423.3 428.7 429.9 438.9 442.8 456.9 472.1 473.9 473.7 479.7 481.2 477.6 482.7 485.9 485.2 496.5 504.5 500.4 495.3 499.7 504.3 517.8 526.1
509.5 512 515 515.1 521 519.3 508.2 519.9 525.1 526.8 524.5 519.2 494.8 474.5 458.3 449.9 435.3 428.3 420.3 408.3 404 404 408.1 413.8 420.1 422.3 426.2 434.5 453.1 455.9 463.4 468.2 471.4 477.5 491 503.9 514.3 528 529.8 528.3 526.8 526.7 520.8 513.8 482.7 454.9 436.2 420.3 410.7 408.1 406.7 412.3 413.4 420.5 420.5 426 426.8 434.4 432.7 436 454.8 465.7 465.2 473.8 481.1 483.8 487.2 490.4 494.7 498.9 504.8 500.7 496.1 494.3 503.4 507.6 509.2 523.2
491.1 496.8 500.9 506.7 515.1 508.3 504.6 509.9 520.8 516.4 509.3 488.3 478.9 465.8 457 450.6 438.8 428.3 416.7 407.6 404 405.5 408.2 415 421.2 428.7 437 453.8 458.4 465.2 473.4 476.5 481.2 489.8 498.4 509 524.7 529.8 533.6 536.3 537.2 535.5 534.4 507.5 468.1 447.8 441.5 430.7 417.1 413.2 413.2 411 412.4 412.9 421.3 420.8 423.4 426.2 428 431 443.1 450.8 460.5 470.6 478.3 489.8 491.2 492.5 495.8 511.7 514.9 506.6 495.4 498 510.3 505.8 513.1 516.6
469 473.9 482.5 488.4 498.5 498.3 501.5 509.7 501.7 494.7 488.4 486.2 481.9 471.9 461.8 446.9 433.2 422.5 412.4 405.5 405.9 411.3 413.8 422.6 427.2 444.9 450.1 464.5 465.5 475.9 482.8 488.5 493.9 498.7 507.5 510.7 522.2 537.8 538.2 542.6 538.6 528.9 502.8 471.5 460.6 455.2 449.1 436.7 423 415.5 413.2 405.3 405.8 405.2 411.7 410.5 413.3 416.3 420.7 427.5 435.3 448.3 463.5 471.8 478.5 487.4 490 496.5 496.8 512.7 518.5 501.8 486 493.7 504 508.2 514 514.2
455.8 470.3 478.8 492.8 495.7 496.7 501.2 513.7 507 504.6 500.8 491.6 485 475.6 459 444.8 426.2 417.6 407.3 406.7 414.9 419.4 425.3 435 443.6 455 468.2 474.7 477.7 487.3 492.6 499.3 505.5 510.3 513.3 522.5 530.2 538.1 544.4 539.1 529.8 505.7 473.7 463.5 460.9 453.4 449.5 442.2 424 410.1 406.2 402.3 398.5 398.2 400.4 401.5 408.4 405.8 412.5 425.4 439.9 450.2 455.8 462.7 466.6 473.2 484.1 500 491.2 494.5 494.7 488.4 481.2 491.7 496 500.4 511.3 511.8
464.5 476.9 490.4 502.7 507.2 509.8 513.4 518 512.3 505.9 502.7 492 479.7 470.6 452.9 437 426.3 407.3 406.8 414.1 431.1 437.4 440.9 449.4 461.9 466.7 478.7 483.9 488.2 497.3 503.8 512.5 519.4 524.1 531.2 538.7 541.9 543.3 538.8 518.7 497.4 475 467.2 460.8 459.4 447.9 444.6 437.9 421.2 408.7 404.5 396.8 394.2 394.9 392.3 394.9 398 402.1 412.1 421.9 427.8 445.7 451.5 453.9 458.1 467.6 477.6 486.7 482.4 482.2 486.7 479.3 482.3 484.7 490.6 493.5 499.9 504.7
464.1 476.4 495.1 503.1 508.4 509.9 516.4 516.4 517.8 506.6 500.2 486.3 473.6 460.6 445 434 418.7 406.9 419.3 432.3 443.2 449.3 458.7 463.9 477.9 484.5 490.9 495.5 502.4 511 524.6 531 534.1 540.7 546.7 555.5 558 550.3 518.6 494.4 477.2 469.4 459.1 460.1 446.3 443.2 439.4 433.6 419.4 411.1 398.7 389.2 390.7 390.1 390.7 394.3 398.2 399.6 405.3 406.8 413 427.5 432.5 435.6 451.5 462.3 472 468.8 476.8 473.6 462.9 459.9 466.1 477 485 483.4 485.5 488.3
459.8 476.7 483.9 492.2 496.4 497.8 508.9 509.8 503.9 495.4 490.7 473.9 468.5 449.7 437 424.7 408.2 415.3 432.1 442.7 455.5 461.7 472.9 483 486.1 493.6 500.3 504.4 514.3 526.1 539.5 546.2 551.3 560.7 565.5 564.2 560.9 534.5 503.2 487.1 476.1 462.9 453.4 448.4 443 442.2 441.1 425 417 409.2 392.9 386.2 385.4 387.1 390.4 392.5 392.5 388.4 388.3 393.7 394.9 407.3 414.6 427.5 439.3 455.3 457.3 458.7 455.5 458.5 449.6 448.4 456.6 466.5 468.7 474 483 474.5
451.9 460 473.9 485.7 489 486.6 485.6 498 499.6 484.4 468.8 466.7 453.6 438.2 425.3 411.7 411.5 422.8 444.8 453.7 468.5 480.7 486.7 493 497.7 502.1 509.9 512.6 523.9 537.6 548.3 549.3 556.9 564.5 555.2 553 538.9 510.4 492.1 483.5 474.2 462.1 445.4 440.3 441.6 446 437 422.3 410.9 400 388.3 383.6 383.7 384.2 382.2 383.8 379.8 379.3 375.1 380.1 385.6 394.3 401.4 410.1 421.4 429 434.2 435.3 443.4 435.7 439.6 427.1 441.5 444.2 452.8 460.8 457.4 460.5
444.2 453.2 471.2 478.1 479.9 472.6 468.1 486.4 483.8 473.9 458.6 455.8 440.7 427.9 410.8 415.3 416.2 428.8 458.1 465.6 482.5 489.6 495.6 503.5 504.6 510.4 518.5 524.5 532.5 539 541.4 549.2 562.9 550.8 542.6 523.5 514.2 500.3 482.3 470.9 465.9 452.7 443.5 435.8 440.2 438.6 428.6 421.5 409.5 401 385.7 380 378.4 371.9 372.8 372 369.9 367.5 367.6 370.6 377 381.1 386.5 395.2 405.8 416.4 413.4 416.7 415.9 422.6 423.7 412.9 422.3 431.1 435.9 441.7 444.8 451.1
435.4 444.4 453.6 458.6 470.1 451.6 452.6 459.9 464.5 457.6 448.7 436.3 424.8 401.2 412.1 412.5 425 442.7 467.1 476.8 491.5 497.5 501.2 504.8 512.1 522.3 528.3 536.2 541.4 541.9 539.2 533.5 533.3 525 505.5 500.9 502.1 484.3 475.7 464.4 458.4 448 435.6 432.8 437.2 432.3 434 422 403.1 392.6 381 373.7 370.3 365.2 365.1 365.4 362.2 362 360.4 361.2 364.5 370.9 374.4 381.4 386.2 397.6 394.4 396.5 401.6 408 397.1 395.9 406.2 415.1 419.3 424.7 431.4 435.1
423.5 442.5 447.5 449.2 449.5 432.6 453.3 460.7 459.9 450.5 439.4 415.1 392.6 399.1 407.9 413.7 427.5 450.1 468.3 481.1 494.6 500.5 504.3 503.9 518.1 528.8 530 530.9 529.6 529.4 518.6 519 505.8 495 488.5 487.1 478.8 476.4 464.6 457.1 448.8 440.1 431 432.6 433.8 424.5 425.8 409.3 398.4 384.8 377 368.3 365.4 361.3 359.4 357 354.6 353.4 354.5 353.8 354.1 358.1 358.8 364.8 371.5 381.6 375.1 376.3 376.3 379.9 375.8 379.5 389.3 398.2 401.9 411.6 418.1 421.3
412.9 427.7 422.6 424.8 418.8 428 450.1 455.2 444 435.5 424.8 391 391.6 400.2 409.1 415.8 428.3 444.7 463.8 483.9 494 495.3 501.4 500.7 511.6 513.8 502.9 503.6 514.1 500.6 500.5 485.5 481 484.9 479 469 470.9 466.1 458.8 452.7 438.8 431.4 430.2 429.9 428.2 418.2 406.3 398.1 393.5 381.7 374 366.9 362.5 359.9 356.7 353 350.6 349 346.5 346.8 344.7 347 345.4 348 352.1 362.4 359.2 358.1 357.6 359 358.7 362.9 374.4 380.1 382.9 392 396.7 407.5
411.3 417.6 410.7 406 404.9 418.1 434.6 433.9 422.3 413.4 389.5 381 401.9 403.5 400.7 405.9 417 433 453.8 472.8 485.4 488.8 496.5 494.3 491.6 485.8 478.6 482.6 480.6 481.6 465.9 462 461.6 466.9 462.5 465.2 462.5 463.7 452.4 444.6 430.5 431.5 432 421.7 421.6 409.3 399.5 393.7 390.5 377.9 371.3 365.4 362.7 358 353.7 350 348.2 344.8 342.1 338.7 337 334.9 336.6 336.6 339.6 343.4 344.9 342.3 341.7 344 342.5 350.2 357.7 363 365 370.9 381.3 391
396.8 396.4 385.7 390.8 393.3 400.3 401.9 401.3 393.6 375.2 361.2 384.7 400.8 393.2 387 394.7 405.7 421.4 441.5 453.9 468 468 460.8 460.9 462 449.3 452.3 448.9 442.8 441.5 440.2 440.9 445.1 451.6 446.8 456.6 457 454.2 444.3 430.9 422.9 426.8 422 416.5 411 402.1 392.5 387.6 381.6 376.4 368.9 366.7 365 364.8 362.5 358 350.6 341.7 334.2 333.2 329.8 326.3 326.6 326.7 324.7 330.7 329.7 327.5 327.1 326.9 334.5 339.8 345 345.1 349 351.8 358.1 367
364.6 361.2 360.5 370.1 373 376.4 377.5 369.4 361.3 340.7 362.1 374 384.2 372.5 369.1 382.5 394.1 407.7 419.9 430.1 429.3 425.9 416.1 415.1 416.9 412.3 410.5 411.2 411.6 420 423 426.2 431.4 431.6 433.5 437.3 434.6 425.9 418.8 421 410.8 418 412.4 405.8 398.8 396.4 386.6 379.5 377.4 373.2 372.1 373.1 375.7 374.7 372.2 365.6 358.2 349 337.5 330.9 324.5 320.7 317 318.3 316.9 318.3 318.1 316.3 317.1 316.1 325.1 332.6 330.9 331.2 334.7 339.6 344.3 349.4
342.1 340.1 344.8 349.8 350.8 346.9 345.3 341 332.6 313.7 349.8 357.6 357.5 350.9 356.5 366.4 377.2 389.3 394.8 396 392.5 385.9 381.7 380.4 377 368.6 368.5 381 384.8 398.7 403 406.7 407.2 405.6 413 412.8 407.3 406.4 404.9 408.9 403 407.6 400.2 395.4 389.9 384.9 378.1 377.1 375.2 374.2 379.4 381.3 388.3 383 378.9 372.1 363.3 354.1 345.5 334.2 323.9 313.8 310.3 306.7 306.8 304.4 306 305.2 304.2 305.6 309.1 314.7 316.3 316.3 319.4 324.5 334.3 334.5
318.3 322.2 324.1 325.6 329.4 320.4 316.2 307 294.1 322.2 327.2 332.2 333.9 336.3 345.6 348.7 355.9 359.6 359.5 359.4 353.9 350.5 346.5 347 346.2 341.6 349.7 355.8 370.7 377 380.2 384.2 389.9 392.5 395.4 394.8 388 386 391.9 397.8 390.9 397.7 385.4 385.7 380.6 377.2 376.9 379.1 378.6 380 382.9 390.9 388.5 385.7 384.9 377.6 369.2 358.3 350.6 339.4 328.1 320.5 309.7 301.3 293.5 294.9 294.4 295 296 293.7 298.6 303.4 308.5 306.2 309.5 314.5 317.6 318.7
301.5 304 306.5 305.1 305.2 296.1 287 263.1 288.5 312.2 312.2 313.2 316.6 319.5 330.7 327.6 326.1 326 320.9 318.1 317.4 318.1 317.5 319.5 324 321.4 335.4 336.8 349.4 350.2 358.9 362.3 369.5 375.4 377.1 375.5 365 378.1 385.6 386.4 385.2 380.2 377.2 376.2 371.3 373.5 381.4 381.6 383.1 387.3 392 401.1 398.7 395.3 391.1 384.6 375 364.8 354 341.9 333.5 324.7 315.8 308.9 296.9 287.9 284.6 291.6 290.7 290.4 290.3 292.6 299.7 298.2 298.7 300.9 304.9 306.3
286.7 290.6 288.8 287.1 282.4 275.1 245.3 259.4 289.7 295.6 292.5 290.1 298.8 303.8 309.6 302.6 298 295.6 291.6 288.7 289.8 294.7 296.2 301.7 303.7 303.5 308 317.6 321.3 334.7 340.7 348.4 348.9 358.5 351.4 349.3 352.5 364.4 370.5 371.1 367.1 366.6 366 362.9 367.8 378.6 387.1 388.5 388.1 396.5 400.6 414.3 413.9 407.2 402.6 389.3 379.4 368.5 358.1 349.1 339.2 329.5 319.1 309.9 302.9 295.6 287.8 278.8 275.5 282.1 285.1 287.3 288.8 288.9 289.9 289.1 293.9 294.6
278.1 273.6 271.4 263.8 261.6 253.2 236.5 253.6 274.4 272 271.2 276.9 277.3 288.3 282.3 275.4 271.5 272 271 270.7 270.7 277.2 278.8 282.7 283.9 288.9 289.3 296.4 306.8 321.7 326.7 328.7 330.6 335.6 330.8 328.3 342.9 347.5 351.6 356.1 353.4 355.2 352.3 365.4 377.8 386.4 395.2 397.3 398.1 402.7 411.1 421.5 425.7 414.9 415.3 393.6 383 371.5 359.7 350.4 341.8 331 321.6 314.1 305.6 297.8 291.9 288.6 282.2 271.5 266.4 267.5 274.9 280.5 277.3 279.5 283.7 284
261.1 252.3 251.1 245.2 239.9 239.2 225 242.4 245.8 253.3 253.4 257.3 263.4 265.1 258.3 250.9 251 250.6 250.4 253.1 251.8 258.5 261.6 261.9 266.6 269.7 276.1 285.3 292.5 302.5 308.7 309.9 312.9 316.9 315.9 314.9 328.2 331.7 338.1 339.3 335.9 353 358.7 370.3 387 392.6 398.8 403 407.4 417.4 419.4 432 436 428.5 422.1 397.7 385.1 373.8 364.4 355 348.6 338.4 328 317.2 307.5 300.4 292.6 288.7 285.3 290.7 286.6 266.1 260.9 257.5 265.5 267.9 273.4 274.8
243.6 236.9 236.2 228 221.6 217 221.9 229.6 233.8 240.8 243 235.2 240.3 241.7 234.3 232.4 231.3 232.7 234 233.6 235.5 240.1 244.9 249.2 250 258.1 263.3 272.5 279.3 286.2 289.2 294.9 299.2 302.9 301.4 308.8 313.2 318.9 310.9 331.2 344 356.6 366.9 375.2 393.3 401.8 405.1 410.9 416.9 422.7 430.6 438.6 446.4 435.4 423.3 402.8 391.5 378.7 367.4 359.4 351.6 341.2 331.4 321 312.5 301.6 294.2 292.2 293.2 290.3 287.6 284 282 273.7 258.6 252.6 256.6 261.4
232.5 225.1 218.4 211.4 205.2 206.4 209.5 215.7 218.9 220.5 222 219.1 220.9 220.5 218.7 217.3 216.7 219.4 220 220.8 222.1 228.2 233.3 239.3 248.4 245.5 239.9 249 262.2 271.7 279.3 285.2 288 292.2 288.8 292.1 294.2 314.7 327.4 336.7 349.4 368.5 379.5 380.6 394.7 402.4 409.1 417.5 422.5 432.9 441.2 444.6 451.1 441.9 432.2 409.8 397.2 382.8 373.2 364.5 354.1 344.3 334.6 327.1 316.8 301.4 300.4 299.6 295.9 292.4 286.6 281.5 281.7 276.5 273.2 266.4 259.1 246.9
