public/OST50/NN23.asc
ncols 200
nrows 200
xllcorner 220000
yllcorner 730000
cellsize 50
[rows 70 to 104 of 200, columns 78 to 155 of 200]
255.8 241.5 244.1 247.6 254.5 255.2 257.1 250.9 250.4 255.4 260.5 265.7 269.2 275.4 281.8 288.3 289.8 290.5 293.4 291.5 291.2 289.7 293.9 287.2 284.6 280.2 270.6 272.2 288.9 299.4 306.7 318.3 324.5 327.8 331.3 332 328.2 320.2 320 310.6 305.5 297.4 298 298.1 292.8 276.5 267.6 261.3 255.5 245.1 238.1 225.9 218.1 202.4 192.6 184.3 175.9 165.5 155.9 144.4 136 130.9 131.8 123.5 120.5 118.5 124.2 125 128.3 129.7 137 138.7 137.2 136.7 139.7 140.9 143.3 143.9
261.6 256.4 236.9 240.3 247.2 250.3 248.6 243.4 239.3 244.2 248.4 253.6 255.8 260.1 269 270.7 272.7 272.1 271.5 273.7 274.5 277.5 276 272.3 268 261.2 250.5 272.2 282.8 285.8 296.5 304.9 307.5 315.7 321.5 318.7 311.7 305.4 302.8 297.2 290.8 284.2 284.4 281.2 270.6 259.8 255.5 247.1 236.7 228.2 215.8 207.6 196.7 187 180.2 175.8 176.3 155.5 146.7 136.8 127.6 126.2 120.9 117.7 120.6 121.1 123.7 127.8 129.7 132.3 136.5 138.4 138.9 138 140.3 141.1 144.8 146.1
259.3 258.3 250.8 235.6 233 232.5 233.9 238.4 231.8 234.5 237.3 241.5 243.9 244.9 251.4 256.6 258.7 255.6 254.7 255.8 258.9 259.2 260.3 256.3 250.6 238.4 248.2 264.4 271.8 274.1 282.1 288.6 295 306.7 311.9 302.2 293.4 285.9 284.3 278.1 272.6 272.6 269.9 259.6 256.9 249.9 240.8 232.2 222 211.4 203.6 193.2 182 176.5 171.8 169.4 159.2 146.1 141.6 132.7 126.3 116.8 121.1 123.4 122.7 123.4 125.4 128.2 131.5 132.2 135.5 138.2 138.4 143.3 140.3 142.3 147.1 147.7
256.5 254.7 254.1 252.3 249.1 224 220.6 224.1 225.9 224.8 231.6 233 233.5 232 231.3 238.1 241.3 242.7 244.2 243.2 245.5 245.4 246.9 239 227.9 227.4 241.5 249.1 255.9 266.9 265.9 273.7 279.7 289.9 287.4 283.7 276.2 271.3 266.8 260.4 255.7 257.4 253.5 243.7 243.7 236.6 225.5 220.2 207.6 200.9 189.1 180.4 173.7 168.6 164.6 154.3 154.7 143.9 134.6 127.6 117.4 121.3 122.9 122.9 122.7 127.9 132.1 128 128.9 131.5 135 135.7 137.9 141 142.3 144.8 148.5 150.6
258.2 256.4 253.4 251.1 247.7 241.9 239.1 220.7 214.3 216.3 221.1 224.7 225.1 224.3 221.6 220.6 221.8 226.4 227.9 228.6 232.9 232.8 231.8 224.1 213 218.8 233.3 241.1 240.8 253.7 256.1 257.1 266.4 266.7 266.3 261.4 257.7 253.3 256.4 249.7 243.4 240.5 235.6 229.7 226.5 218.6 210.9 210.2 196.5 187.1 178.2 167.8 163.5 163.6 155.9 145.6 145.3 142.3 132.8 124.7 120.2 122.6 122.6 123.1 123.8 125.2 127.9 128.6 130 134.9 134.4 138.3 139.2 142.7 144.5 146.3 149.8 153.1
259.6 256.7 254.4 250.9 242 239.2 235.6 232.9 226.4 219.5 209.3 208.1 211.4 213.6 214.6 212.9 207.4 203.5 210.4 210.5 216.8 217.8 216.1 209.5 206.6 213.8 220.1 226.7 233.2 237.7 240.4 244.8 254.7 254 251.2 245.2 241.1 243.2 241.4 237.4 233.9 227.9 222.8 215.3 207.5 202.9 194.7 188.8 179.2 167.4 161.8 157.8 162.2 158.6 145.4 141.6 140 136.4 132.7 122 120.4 122.3 122.2 122.8 123.9 125.3 126.7 129 128.9 133 137.1 140 140 146.5 148.3 148.8 152.2 154.9
261.1 258.6 255.8 251.1 245.9 242.5 236.7 229.4 226.7 228 224.8 212.9 203.2 200.6 200.6 205.2 204.6 201.4 194.3 195.3 202.4 206.1 206.7 205.1 201 204 210.9 216 227.5 226 234.2 234.9 235.5 234.2 233.4 231.6 233.6 232.1 230.2 224.9 220.5 215 207.6 198.8 190 183.7 176.4 166.5 160.2 156.6 150.8 150.9 155.3 148.5 140.6 140.6 141.7 138.8 130.5 116.5 120.8 122.2 122.9 123.8 125.2 126.1 128.5 130.3 127.5 131.4 141.8 142 146.3 147.6 150.5 151.9 154.6 157.2
264.3 260.7 255.8 251.9 247.6 242.8 237.8 233.1 231.4 223.5 212.1 214.3 206.8 201.3 199.7 192.3 193 188.5 190.2 189.2 185.4 199.6 196.9 199.8 196.1 198.3 203.6 208 214.6 215.8 222.1 224.3 225.3 227.7 225.7 223.2 225.9 219.2 218.1 212.3 207.4 198.5 191.4 182.2 175.5 164.9 162.3 152.2 147.7 146.5 146.3 141.5 134.8 140.6 136.6 132.3 138 133.9 122.4 116.7 120.7 121 123.3 123.5 124.1 124.9 125.6 126.2 128.4 132.5 146.5 148.3 145 150.4 153.7 153.4 157.3 158.9
263.2 258.9 257.3 253.9 246.7 241.8 235 231.3 229.6 218.3 221 223 217.8 213.9 209.8 204.7 198.8 193 189 185.6 182.8 182.5 189.4 192.5 192.6 188.4 195.1 200.3 205.7 209 216.8 216.6 216.6 218.1 217.2 214.2 211.9 207.4 205.2 198.6 191 182 176.3 169.3 165.7 156.9 151.5 144.2 139.2 133.6 138.3 133.4 130.5 133 132.8 129.6 124.3 121.2 119.4 115 120.6 121.5 123.2 123.2 124.2 125.6 126.4 129 132.1 136.2 145.6 151.1 150.2 154.3 155.7 156.3 158.8 162
270.5 265.7 259.8 255.5 250.3 245.8 239.9 236.1 231.7 226.7 223.7 219.5 218.9 215.6 212.2 207.6 203.2 202.3 197.6 194.2 186 176.6 180.8 186.6 186.9 184.5 186.7 191.8 199.9 203.5 207.7 208.3 209.3 206.3 204.7 204.5 199.6 193.6 186.3 180.5 172.8 170.1 162.4 155.9 151.5 147.5 140.5 137.7 131.6 129.5 125.8 128.4 126.8 131.6 131.6 127.6 123.7 121.6 120.1 117 120.7 122.6 122.7 121.5 124.6 127.9 129.8 133.2 136.1 140.3 149.6 153 156.8 161 160.1 159.7 161 166.8
280.5 272.5 266.1 259.3 252.9 249 244.8 238 234.6 228.2 226.4 222.9 216.7 211.9 209.7 206.2 198.9 198.9 195.7 190.6 186.4 179.2 176.1 177.6 183.4 184 180.6 188.8 193.4 196.3 200 199 199.5 196.5 193.4 190.7 185.8 182.3 174.1 166.5 160.2 156.4 151.4 145.1 142.5 136.5 134.6 131.8 132.3 125.8 122.7 125.7 125.4 127.1 128.5 121.6 121.2 121.2 119.5 119.6 120.3 121.1 121.1 122.4 124.7 128.4 131.9 135.7 141.4 144.4 150.1 154.9 160.3 167.3 167 163.9 166.3 166.7
291.6 280.7 271.1 264.3 260.4 254 248.1 245.1 235.4 236.4 231.8 227.4 222.7 214 214.2 212.3 209.9 206.2 201 197.2 188.7 183.9 175.4 173.8 173.3 178.1 173.4 185.4 188.1 188.1 188.9 185.4 187.4 185.1 178.9 176 174.1 170.6 162.9 156.1 152.8 146.8 144.5 143.7 136.2 133.3 130.2 128.9 128.3 122.8 123 128.5 125.3 124.1 132 121.2 121 120.9 115.5 120.2 120.5 120.9 121.1 124.9 129.1 131.9 135.9 140.3 145.2 150.2 154.6 157.9 163.6 167.5 168.8 169.1 172.9 175.3
301 288.9 277.7 270.5 263.9 259.5 249.3 247.7 244.7 240.2 236.7 232 226.8 222.7 220.4 219.2 216.2 212.5 208.8 199.6 193.7 189.5 184.3 178.1 171.5 167.3 172 171 181.8 183.3 181.1 176.9 176.6 172.5 168 163.8 164.5 158.3 150.8 146.3 143.9 140.3 139.8 134.8 130.3 128.7 129 125.8 123.5 122.1 118.5 122.4 124.1 128.7 131 121.6 120.3 119.5 115.4 119.5 122.6 124.4 127.1 129.8 133.4 137 139.9 145.7 149.4 156.8 162.9 167.8 170.2 173.8 174.9 178.1 181.8 184
307.2 293.4 284.3 276.5 269.9 262.2 260.3 256 251.2 243.6 240.6 238.1 228.6 229.2 225.9 224.5 223.8 226.4 213.2 207.4 200 195.8 191.6 183.3 172.9 169.9 164.2 163.9 168.8 174 175.1 171.7 167.5 160.3 160 156.8 153 151.9 144.6 138.7 137.8 132.9 132.4 127.9 128.5 125.3 123.9 124.9 121.6 118.7 117.9 120.4 125.4 135.2 127.9 121.5 119.7 117.8 117.8 121.3 128.2 135.2 136.1 138.2 140.6 143 146.7 153.6 159 167.4 171.6 175.1 180.2 180.6 182.9 186.9 191 192.5
313.6 297.3 289.6 281.4 268.6 267 265.4 261.2 254.3 251.5 246.9 239.1 238.1 234.7 232 232.1 236.5 231.5 222.3 213.7 203.1 200.4 194.5 187.3 179.2 171.4 168.9 165.2 159 165.8 169.2 166.8 157.6 154 152.8 149.2 144 143.6 143.1 136.8 130.8 128.1 125.4 124 126.5 122.7 122 124.9 120 118.1 116.8 117.6 122.1 132.9 123.8 119.7 119.1 115.1 122.6 125.3 134.6 140.6 148.3 149.1 146.7 149.8 155.3 161.6 170.9 174.6 174.6 178.4 182.6 186.5 191.6 198.2 202.8 200.9
318.2 302.1 294.3 284.3 280 276.5 271.8 265 261.3 257.9 252.2 247.5 244.4 240.8 238.8 237.6 238 232.6 225.1 217.4 209.7 205.5 197.7 190.5 185.5 178.9 172.1 167.9 163.4 154.8 165 159 153.4 151.3 149.2 145.7 141.7 140.6 138.5 135.1 127.4 124.3 121.9 120.8 120.1 119.8 122.3 121.2 118.5 117.1 116 116.1 116.5 119.5 119.1 118.8 114.8 121.4 129.2 134.5 135.3 139 153.9 164 160.6 159.7 166.8 170.9 179.2 184.7 184.9 189.2 194.5 200.2 207.5 214.7 212.8 209.1
325.3 309.3 294.4 296.1 291.4 286.4 280.9 275.6 270.2 264.7 258.3 253.2 252.5 249.9 245.9 243.2 240.2 233 226.8 223 216.1 208 200.7 200.3 192.1 187.9 179 169.7 166.5 156.6 154.7 154 153.3 151.6 146.3 142 139.4 136.8 135.2 130 124.4 121.3 118.7 118.4 119.2 118.4 117.8 117.6 116.5 116.1 114.7 114.9 112.3 111.8 117 114.8 123.8 133.8 139.1 141.6 141.7 143.9 148.8 157.4 163.7 170 177.8 183.4 190.4 190.2 194.6 196.9 202.1 208 223.7 225.4 221.8 220.5
332.2 318 308 304.7 301.5 297.6 290.7 283.8 279 272.5 264.6 265.1 262 259.2 256.5 250.5 241.4 236.9 233.5 225.5 215.9 207.3 202.9 200.7 196.8 189.1 188.4 174.4 165.2 156.6 151.2 148.6 151.3 152 146.3 138.9 136.2 133.6 129.1 126.2 121.5 119.8 116.9 117.1 118.8 118.7 117.5 114.4 114.4 113.8 116.6 107.9 110.1 113.7 117.5 123 137.5 147.1 150.3 153.2 151.1 151.8 156.3 162.4 166.6 175.5 187.2 196.7 197.7 198.7 202.9 210.3 214.4 217.2 232.4 238 236.9 232.3
335.7 324 318.5 310.6 309.8 306.2 300.8 295.2 287.7 281.1 274.8 274.6 271.6 265.8 257.3 250.8 250.3 245.6 236 225.6 218.7 212.5 206.6 205.6 201.3 196.7 181.5 171.8 163.3 155.2 149.9 143.3 143.5 144.3 142.1 137.8 132.3 130.3 124.6 122.5 118.7 117 114.8 113 115.3 117.2 116.5 114 114.4 113.6 106.5 112.2 114 116.4 123.3 139.6 141.5 142.4 148.8 155.4 153.3 156.8 163.1 167.1 174.7 183.3 190 199.5 205.7 207.5 211.4 229 229.4 228.6 232.4 241.7 247.4 248.8
343.8 337.9 327.5 323.1 323.2 319.4 310.5 305.2 296.1 285.2 284.5 284 282.4 273.3 263.2 256.2 253.9 248.7 237.7 226.6 223.7 221.1 217.3 215.9 204 188.2 176 165.7 158 153.1 147.7 144.7 141 137.4 135.7 132.5 128.4 124.6 123 120.3 118.5 116.7 114.2 112.4 113.1 115.7 115.1 113.5 110.8 109.9 109.9 112.3 115.1 118.4 121.7 125 131.8 141.7 149.6 154.1 165.6 167.5 170 174.6 183.4 195 200.2 203.7 211.3 217.2 234.7 237.8 243.8 245.6 244.7 245.9 251.3 262.3
354 344.8 338.1 334.5 332.6 327.3 323.7 312 299 295.2 292.3 291.9 289.2 280.6 269.7 262.8 263.9 250.7 241.4 234.6 233 234.2 231.5 217.1 196.9 183 172.3 161.6 154.7 150.3 144 141.4 135.6 134.3 128.7 127.6 125.3 123.9 122.2 119.8 116.5 114.5 113.7 111.9 113.6 112.6 113.5 113.7 108.7 106.5 110.8 111.5 115.7 119.9 123.9 132.8 139.7 139.5 149.1 151.1 158.9 164.6 174.6 182.9 196.2 208.1 217.3 215.9 220.3 230.4 249.1 248.7 258.8 259.6 259.1 265.3 267.2 273.8
364.8 357.5 350.5 345.6 341.3 336.7 333.3 318.2 305 307.6 299.8 300.4 295.4 285.3 276.6 270.3 265.7 253.9 248.8 243.1 244.7 246.9 226.3 207.4 187.5 174 167.3 159.2 155.9 155.4 139.1 139.3 135.9 130.2 122.8 122.7 123.6 122.6 119.6 119.5 116.1 115.3 114.6 112.8 110.1 113 118.5 117.8 109.8 106.4 109.9 113.3 116.8 120.8 126 129.4 138.4 142.5 150.3 159.3 167.2 168.8 182.3 197.7 207.6 214.4 224.7 226.9 231.9 239.7 259.5 264.7 268.3 271.3 276 281.9 282.9 288
376.3 364.6 365.1 354.3 349.8 342.1 331.7 318.4 317.4 314.7 310.5 308 300.3 290.4 283 275.7 267.6 260.8 256.3 256 242.8 228.9 214.1 196.3 179.6 169.2 162.4 159.3 156.3 151.9 135.7 134 132.4 128.9 124.3 118.5 121.2 117.7 114.6 115.8 115.4 114.4 112.7 113.7 110.6 112.2 115.3 113.5 109.6 106 110.2 113.4 117.2 121.8 128.1 136.2 141.5 146.2 154.5 162.1 171.3 177.8 190.4 204.2 212.1 220.9 226.7 237.3 244.3 258.7 271.3 273.6 275.7 284 289.4 297.4 299.9 302.3
380 377 373.4 363.8 356.1 346.2 337.5 328.3 328.2 323.5 320.4 313.3 304.2 294 289.5 279.1 272 268.1 262.5 244.2 230.6 213.9 196.5 179.4 168.5 162.7 157.4 156.8 153.8 146.4 135.6 130 127.7 126.4 123.4 120 117 118.7 117.2 115 115.4 114.9 112.8 110.4 108.4 108.1 108.6 106.9 105.4 109.5 112.2 116.2 118.7 123.3 129.3 137.9 146.4 157.8 160.1 171.9 178.8 191.6 202.5 208.5 225.5 230.4 240.5 247.2 261 276.1 282.6 285.6 290.4 300 305.7 311.8 315.4 319
380.8 387.2 381.8 371.9 357 349.5 342.2 339.3 336.1 336 326 317.1 306.5 298.2 289.4 280.4 275.5 270 253.9 227 213.7 199.6 185.3 174 165.9 160 155.2 151.7 149.2 146.5 135.7 129.6 128.8 123.3 122.6 122.1 121.1 123.3 120.1 117 111.9 113.9 112.3 109.4 106.6 104.9 102.8 106.5 107.9 110.9 114.8 118.2 121.6 126.8 134.6 142.3 147.3 159.8 166.1 175.8 187 199.2 211.6 219.9 230 239.7 250.6 259.4 277 289.6 294.6 298.4 305.2 311.6 319.9 323.6 329.6 331.1
394.8 397.7 389.4 378.1 362.1 355.9 348 343.9 343.1 344.8 329.8 318.2 309.1 298.1 289.5 283.4 277.7 261.3 234.8 214.3 199.1 187.4 178.6 169.8 161.3 157.3 153.3 148.4 145.4 140.8 138 127.2 124.6 122.3 121 122.2 120.9 119.7 117.6 115.6 111.6 105.3 110.2 107.9 102.7 102.7 106.2 106.9 109.5 111.4 115.7 119.1 124.4 132.6 138.4 144.5 159.3 161.6 170.5 180.2 193.4 203.1 210.9 225.2 239.3 247.4 258.1 266 282.6 297.3 308.7 313.8 322.9 323.6 332.9 338.5 341 343.3
408 410.5 402.1 382.9 368.4 364.8 357.4 350.4 354.4 343.9 329.9 320.7 310.9 305.2 297.9 286.1 262.3 238.2 218.6 207.2 195 184.2 172.4 167.4 160.6 157 152.7 144.6 140.5 136.2 138.6 125.6 122 119.2 119.8 122.2 121.6 118.6 113.1 110.6 110.7 107.6 104.7 103 105 106.6 107.1 107.9 111 113.4 116.3 122.1 130.1 135.8 144.1 148.2 164.6 170.1 181.4 187.8 197.5 208.6 220.9 229.6 244 255 269.4 282.9 297.1 311.9 323.3 327.1 335.7 339.8 342.7 350.4 352.2 355.9
421.8 420.5 408.2 387.5 376.1 374.3 367 363.8 363.2 350.3 334.7 327.6 320.3 311.1 288.3 264.1 243.8 223.5 211.8 203.4 191.9 182 171.9 165.8 160.2 155.8 152.9 147.3 139.5 132.4 130.1 122.2 120.9 118.4 119.7 122.2 117.8 112.9 110.3 107.3 106.2 106.3 102.7 106.1 106.2 106.5 107.9 109.3 111.9 115.2 118 127 135 141.1 145.2 155.6 169.6 182.6 187.1 195.5 204.6 214.7 224.9 243.5 251.6 267.3 280 297.7 309.4 326.7 339.6 341.6 346.1 350.8 357.8 365.3 373.8 374.6
430.1 416.2 412.2 389.3 385.2 384 377.4 377.8 370.5 355.1 343.3 336.8 320.8 299.9 273.4 252.2 233.2 219 209.5 200.1 190.3 179.6 169.1 163.9 157.3 153.5 147.7 141.9 135 128.8 130.2 120.3 119.7 118.1 119.5 117 113.2 109.4 107.8 106.9 104.8 102.8 102.2 105.6 106.1 107.5 109.1 111.9 113.2 116.4 122 128.1 138.4 144.2 151.5 164 172.4 184.6 189.3 198.6 212.4 224 240.2 252.1 260.6 273.3 285.3 303.5 321.8 340 350.7 357 359.2 362.6 371.4 379.5 396 395.9
430.4 421.3 413.8 396.6 394 392.3 386.5 392.2 378.4 363 348.4 333.9 312.8 283.9 262.3 241.6 226.3 216.2 207.4 198 188.2 177.6 167.2 162.6 158.3 151.5 142.2 137.5 130.9 123.2 126.3 120.1 119.4 118.5 115.9 113.7 106.9 106.9 106.9 106.6 105.4 102.3 104.6 106 107.3 108.8 112.9 114.5 115.4 119.6 125.5 131.7 142.2 150.6 158.4 166 178.3 187.2 194.8 206.9 218.2 230.4 246 256.9 268.3 283.8 298.3 315.2 324.6 344.5 362 367.2 373.6 381.3 388.2 393.6 404.5 416.6
433.8 421.9 416.8 404.4 408.9 399.7 400.4 400.7 384.8 371.8 337.2 325.5 299.4 272.8 250.6 237.7 221 213.7 205.1 195.4 185.7 175.4 166.3 160.7 156.1 149.8 141.9 131.8 130.1 121.2 118.4 120.1 119 118.3 114.4 109.4 105.7 106.4 106.5 105.9 105.5 101.8 104.5 106.9 108.9 110.5 114.5 118 118.7 122.3 129.9 136.4 141.5 151.7 159.1 168.9 181.8 195 204.3 215 228.4 245.2 257.5 270.9 282.6 295.2 309.6 325.2 339.5 357.4 368.7 375.6 384.7 399.3 406.2 408.5 417.1 435
433.2 426.3 420.2 414 408.5 407.8 417.8 401.7 377.5 347.2 332.7 310.3 283.9 262.3 244.2 229.7 217.3 209 200.7 191.7 183.3 173.2 164.9 156.7 147 141 137.8 127.7 125.3 119 117.2 116.1 117 118.6 111.8 105 105.7 106.4 106.7 105.8 104.9 102.7 104.6 108 111.6 112.9 114 120.4 122.6 124.7 131.1 143.4 146.2 159.1 169.5 180.6 192.1 201.4 210.1 226 236.7 253.7 268.2 283.5 300.1 305.5 316.6 338.3 361.3 375.4 384.2 387.1 392 404.3 415.5 422.4 432.7 449.8
439.3 434 421.8 417.4 413.8 419.5 411.1 383.4 360.5 344.6 321.1 294.7 275.6 252.9 236.3 223 213.8 204.3 195.9 187.4 178.8 169.7 161.8 150.5 147.4 140.9 131.9 129.9 120.5 115.6 116.1 115.1 117.1 115.7 111.2 106 105.6 105.9 105.4 105.1 104.9 102.2 104.4 109.9 112.4 115.5 117.4 118.9 126.2 127.8 136.8 143.8 154.5 165.2 179.4 190.6 200.8 219.3 217.2 231.7 247.1 259.2 275 291.7 305.8 313.7 325.1 348.1 374 390.2 396 401.5 402.9 411.2 432.4 445 451.8 464.6
443.4 435.5 431.4 423.3 425.1 414.5 390.8 372.4 354.7 331.9 315.6 287.9 263.6 244.7 230.5 218.9 209.9 200.6 190.8 182.7 173.2 163.2 156.3 145 139.9 134.5 128.3 130.9 117.6 116.6 114.5 114 116 112 109.9 105.2 105.1 105.1 104.9 104.4 105.1 101.4 104.4 109.7 113.1 115.6 120.1 123.3 125.6 131.5 140.9 150.8 162.3 170.4 186 196.2 210.1 224 227.4 240.4 252 266.3 286.5 297.9 309.7 322.4 330.6 355.6 379.4 401.3 406.5 411.2 417.4 425.6 452.9 464.4 470.7 474
445.4 433.4 433.8 430.6 416.8 395.9 377.6 369.5 351.3 323.8 303.3 278.8 254.7 236.9 224.3 214.1 205.4 196.4 185.7 177.3 167.8 158.1 142.5 143.8 133.6 131.8 125.8 125.6 121.7 115.6 113.2 112.1 114.4 108.3 106.4 103.5 105.3 105.2 103.6 103.9 102.6 101.2 106.4 110 112 116.4 120.7 125.7 129 137.5 144.4 156.3 171.2 182.7 191.2 199.1 211.7 224 237.1 245.5 260.9 275.2 292.8 306 320.7 328.6 338.5 359.2 390.9 410.8 423.1 426.7 433.3 442.5 457.8 476.4 485.2 492
