public/OST50/NN24.asc
ncols 200
nrows 200
xllcorner 220000
yllcorner 740000
cellsize 50
[rows 0 to 34 of 200, columns 78 to 155 of 200]
1025.1 989 953.9 927.7 914 901 882.2 864.4 856.6 851.8 850.7 850.2 844 842.9 840.7 837.8 834.9 832.8 833.1 832.3 832.1 832 831.6 832.1 830.1 832.3 836.1 831.7 835.8 837.5 836.5 835.8 836.8 836 833.3 829.2 824.4 818.7 812.9 805 796.5 785.8 769.4 753.7 730.1 709 691 676.2 662.7 648 644.3 640 632.9 623.1 614.7 600.9 595.3 586 577.1 565.6 558 547.7 540.2 528.8 517.7 505.5 493.4 481.7 469 458.6 447.9 438.3 423.9 414.4 409.7 403.5 392.8 386.5
1021.5 985.5 953.9 921.8 894.5 876.4 855.7 833.2 821 816 816.5 811.1 808.3 805.2 804.9 803.1 800.2 794 795.9 793.8 793.8 794.3 794.1 797.3 795.5 796.9 798.6 799.4 802.1 802.5 801.4 802.7 804.3 803.8 801.6 798.5 795.4 792.1 790.1 784.5 777.6 767 757.8 745.4 725.6 703.4 688.9 667.7 654.5 643.6 637.1 631.2 625.3 616.9 611 596.6 583.9 576.9 567.9 555.8 546.4 537.8 529.6 518.9 508.9 495.4 483.7 471.7 462.9 451.5 442 430.6 418.7 407.5 400.6 395.3 386.2 380
1047 985.4 958.4 919.5 880.8 856.6 835.1 807.8 795.6 786.3 780.8 777.8 770.3 765.9 766.2 768.1 766.3 761.1 759.3 757.7 755.8 761.7 758.1 758.6 762.9 760.7 763 764.6 766.8 766.3 767.6 768.3 773.2 771.5 769.4 768.4 770.6 770 771.3 767 760.2 752.1 747.1 735.6 720.5 707 687.8 672 653.5 638.6 629.6 623 615.9 610.5 600.3 591 579 568.6 557.5 544.6 534.2 528.4 519.8 507.2 497.9 487 476.9 465.5 455.4 446 436.7 424.5 412.9 403.1 396.3 388 379.7 375.3
1034.9 987 958.6 921.1 880.9 842 816.8 787.6 776.3 769 757.7 745.8 743.3 735.3 733.2 734.6 730.5 727.1 725.3 722.6 721.3 720.1 720.7 725.9 724.7 725.3 725 733.7 733.1 734.2 733.6 736.9 739.5 739.8 738.3 741.9 745.9 751.5 752.2 749.5 742.9 737.9 733.6 729 721 705.6 688.9 670.3 651.4 635 622.7 618 611.7 604.1 593.4 584.1 575 557.7 545.7 531 523 516.7 507.9 497.1 489.3 477 467.3 456.1 445.4 436.1 427.6 421.6 409.2 397 390.3 381.7 373.7 368.8
1016.4 978 949.5 916.7 873.9 835.8 799.3 777 763.7 754.3 740.2 725.7 715.6 705.5 696.9 702.4 698.2 698.6 695.6 696.6 692.9 690.9 689 692.8 691.2 692.5 696.9 700.5 703.2 706.4 706.3 708.4 713.3 711.4 710.8 716.5 722.5 731.1 732.9 731.4 725.5 722.2 717.9 713.5 711.3 702.1 683.5 666.8 655.9 638.4 622.7 616.9 613.3 600.1 590.6 582.2 570.1 558.3 545.7 526.1 516.3 506.3 497.6 485.4 476.4 464.9 453.9 442.9 431.8 424 416.4 411.5 398.7 391.4 383.8 377.7 369.5 364.6
1006.1 974.3 942.5 905.2 863.3 826.8 797.9 771.7 757.9 746.5 730 708.5 696 684.9 674.8 674.6 674.5 671 669.4 674.2 670 669.2 668.3 663.6 665.1 667.2 675.9 679.2 681.5 682.2 682.9 684.3 689.7 688.8 689 694.9 703.3 711.9 714.8 712.7 708.1 705.1 702 700.9 702.1 693.8 681.6 667 654.8 640.7 623.7 614.8 607.7 595 590.4 581.7 569.3 556.1 541.4 517.4 507.2 498.4 486.3 475.5 467.1 456.6 448.2 436.9 424.3 413.6 407.5 398.8 390 382.7 377.8 372 365.9 362.4
1011.9 963.1 929.8 894.3 857.7 820.9 794.9 772.9 758.5 731.3 716.8 699.9 685.5 675.7 666.5 661.4 659.8 655.9 653 648.4 651 648.9 646.9 644 643.9 646.8 653.7 660.1 659.9 663.2 662.7 664.2 665.8 666.6 670.2 676.8 688 692.3 696 695.1 692.8 689.4 686 689.1 691.9 687.5 675.3 665.7 652.2 638.6 623 615.3 605.9 600.1 590.3 582.4 564.5 545.1 531.2 513.3 500.1 488.2 476.8 467.7 458.7 449.9 441.2 433.3 417.2 408 396.6 391 383.4 376.1 370.4 365.4 360.7 357.4
1014.4 954.8 922.9 891.1 860.6 827.8 796.3 779.2 759.5 733.9 715.3 702.5 689.5 680.8 668.4 659.8 655.8 652.2 644.2 641.6 638.7 637.1 634.2 629.5 628 632.8 638.8 638.7 642.1 643.2 644.8 644.5 644 648.8 652 660.3 669.1 676.5 678.1 678.3 677.5 676.2 673.5 679.8 686.5 684.9 681.5 672.4 658.7 642.4 628.4 619.9 611.6 607.2 596.8 587.2 574.2 561.1 539.3 526.9 504.2 483 467.2 458.5 451 444 431 424.1 414.2 399.2 389.5 386.4 378.9 371.1 366.3 359.5 354.9 352.3
1032.1 978 936.8 906.8 869.5 834.1 805.9 797.8 777.7 765.5 739.7 726.6 711.7 697.1 677.3 663 661.4 660 648.4 642.4 636.2 633.9 628.6 625.8 625.4 625.4 627.3 624.9 626.7 628.2 628.8 629 632.2 633.7 639 647.3 653.5 660.6 666.4 666.8 662.6 662.9 663.4 671 678.2 682.7 685.3 679.3 667.3 651 641.5 636.5 620.8 613.4 601.6 593.2 586.1 569.8 552.8 529.1 506.9 482.3 465.6 453.4 442.7 436.4 424.3 414.9 406.6 393.9 385.1 379.6 374.4 371.1 365.1 357.1 352.8 350.2
1044.4 991.8 952.1 916.8 882.2 868.4 835.2 816.4 802.2 795.4 777.5 761 736 711.4 687.6 680 670.8 670 656.4 647.4 638.7 635 635.2 626.9 627.3 630.3 632.2 620.9 622.6 616.4 616.9 615.8 618.6 622.9 626.8 632 640.3 647.3 652.8 654.9 654 651.7 656.1 663.4 670.6 680.4 684.1 684.4 677.5 665 653.8 651.8 641.9 625.4 616.3 606.3 594.2 573.9 554.5 536.9 513.7 485.9 463.7 447.7 439 432.5 420.7 411.5 398.7 392.8 380.4 372.1 367.6 363.7 359.1 355.7 351.3 350.3
1050.8 1022.4 962.8 932.1 919.4 891.7 868.4 848.1 822.9 822.3 804.6 789.6 767.6 738.3 716.6 712 695.3 684 670.1 660.6 654 641.3 639 641.6 646.7 639.3 640.2 626.6 611.4 605.1 609.4 604.1 608.4 606.6 611.3 619.3 625.4 633.8 639.9 644.3 644.4 642.4 649.1 654.5 662.4 673.3 680.7 686.7 685.4 677.5 672.4 664.2 661 651.8 640.8 620.2 598.7 586.4 572.6 544.6 515.6 485.8 459.2 443.2 434.5 428.2 419.7 411.4 407.3 394 380.9 373.9 364.5 360.2 356 353.7 350.8 347.9
1053.1 1043.8 980.8 960.6 939.3 908.1 892.5 881.2 850.1 842.6 838.7 826.2 801.2 770.7 751.7 745.2 721.5 703.6 697.3 678.7 673.3 656 658.1 664.4 670.5 662.5 648.7 629.2 620.4 603.3 594.6 597 600 597.6 600.1 607.6 612.4 617.9 628 634.3 634.8 634.9 639.3 644.9 655 666.3 677 683.8 689.2 692.4 681.9 679.5 683.3 676.6 661.3 636.9 617.7 602.6 583.7 544.8 515 481.5 454.4 440.2 431.3 426.8 422.3 415.4 410.4 394 380 368.5 361.6 357.7 356.3 354.5 353.3 351.4
1058.4 1064.2 1048.1 1006.7 962.2 935.6 924 904.7 876.3 874.8 870.9 862.6 834.3 807.8 802.1 782.9 747.3 736 719.1 705.8 692.6 683.8 686 686.9 682.8 675.7 662.2 634.6 614.6 595.8 593 590.9 592.3 590.7 591.1 598.7 600.4 605.9 612.1 619.2 623.6 627.5 631.5 637.6 645.8 656.1 665.3 675.5 689.3 695.6 691.7 690.6 694.3 690.8 678.2 661.7 639.3 614 581.3 544.8 514.3 477 449.4 437 433 428.3 421.3 415.7 399.2 390.4 378.4 365.1 358.5 356.4 355.2 354.4 358.5 352.7
1067.6 1085.1 1098.1 1070.7 1034.3 959.9 951.3 932.8 908.8 910.9 904.9 892.6 866.1 842.2 845.3 811.1 780.4 770.6 747.4 733.1 723.5 718.5 711.4 706.1 703.8 690.9 664.2 637.8 604.8 593.7 592.5 592 591.8 587.5 588.6 582.7 584.3 595.4 597.6 606.5 610.8 613 619.6 627.1 635.2 645 658.8 670.5 684.3 691 695.1 698.9 700.7 695.5 692.5 678.8 649.4 614.1 587.7 541.8 509.1 480.9 457.2 438.3 430.8 428.9 421.6 412.5 402.2 383.5 372.1 363.8 358.4 356.2 355 354.5 356 357.3
1076.6 1084.8 1092.3 1093.8 1049.7 992.4 976.2 951.8 946.9 940.5 939 917.2 892.1 877.9 863.5 838.8 815.9 797 780 768.1 765.1 754.3 747.3 735.1 734.5 704.7 685.7 644.1 615.6 600.9 593.6 586.9 579.7 571.6 579.4 568.5 569.9 579.8 582.5 590.2 593.3 598 609.6 614 625.1 636.5 650.5 662.8 676 682.4 687.2 693.4 697.3 694.5 689.1 671.2 646.8 616.6 582.5 544.6 500.7 471 451.8 438 429.3 424.9 414.2 401.3 386.9 379.5 371.2 363.2 359.9 355.1 353.7 352.5 353.7 355.5
1080.5 1083 1084.4 1084.2 1052.5 1025 1001.8 985.6 976.9 993.1 991.1 968.1 929.4 907 887.1 872 852.3 839.2 825.8 803.4 805.7 792.2 788 770.3 753.1 726.2 689.1 654.3 624 611.1 587.8 572.5 563.6 563.2 560.5 555.9 556.9 560.2 564.3 565.7 569.3 582.9 593.7 604.1 611.2 625.8 641.4 652.5 662.7 672.8 675.1 685 686.7 689.4 687.3 672.6 642.1 608.3 563.1 524.5 493 464.2 448.8 438.3 424.8 417.1 404.9 393 382.4 376.8 370 366.4 361.2 358.4 355.3 354.4 352.2 353.3
1077.7 1077.9 1077.7 1075.6 1072 1050.7 1032.4 1033.1 1036.7 1041 1032 1008.9 972 949 924 898.1 884.6 873 860 843.6 840.1 835 819.4 800.3 767.8 734.6 706.3 668.8 643.7 623.1 594.6 576.2 558.8 549.3 548.5 545.1 544.6 542.6 542.1 545.6 557 569.2 580 591.2 600.6 612.2 628 637 649.3 658 657.6 669.2 676.3 680.1 675.4 653.3 608.6 562.9 522.2 503.4 477 459 439.6 433.2 419 409.7 399.8 389.7 381.9 372.8 372.1 367.3 363.1 359.8 356.6 355.6 349.3 346.5
1073.7 1072.3 1069.5 1065.5 1060.2 1055 1050.1 1045.3 1041 1035.4 1028.6 1021.6 1015.1 990.6 974.9 952.5 935.3 935.8 912.1 891.4 884.5 866.1 838.5 814.2 782.6 743.1 716 680.2 665.2 641.3 611.8 582.1 566.4 552.6 537.2 530.5 530.1 528.9 529.2 536.1 545.9 554.9 562.6 572.9 586.9 601.2 609.9 619.8 629.2 635.7 646.1 653.1 657.7 648.4 628.4 602.8 555.3 519.5 502.3 484.5 463.5 446.9 434.7 424.9 417.5 407.5 392.4 386.8 377.2 371.7 367.8 364.7 363.1 358.7 357.8 357 350.5 344.5
1066.5 1062.9 1057.6 1051.8 1046.1 1040.4 1035.6 1030.7 1027.1 1022 1013 1012.3 1014.9 1008.2 1002.8 995.6 987.8 977.4 958.2 935.4 911.9 887.4 854.9 824.3 788.1 755.3 718.8 690 672.3 660.2 617.4 589.2 570.7 549.7 535.6 526.4 519.8 521.9 519.9 527.3 532.2 541 549.5 558.2 572.7 585.4 591.2 601 608.3 611.4 625.6 629 621.7 601.2 568.7 534 508.2 494.4 479.1 461.9 447.5 435.5 425.3 412.3 402.6 399.1 390.2 380.7 373 368.6 363.1 356.9 356.3 356.5 355.4 353.6 347.1 343.8
1052.3 1047.9 1042.4 1036 1031.1 1024.5 1011.2 993.7 983 979 975.9 984.2 977.6 976.7 965.2 958 958.2 956.7 952.8 942.1 925.1 896.1 858.7 827.7 795.8 766.5 735.5 700.8 679.2 650 610.9 591.4 570.3 549.2 535.4 522.9 515 510.5 511.4 513.2 517.5 525.7 535.9 539.3 545 557.6 566.7 572.2 561 566.4 564.4 557 548.8 534.9 516.2 496.5 477.9 466.4 454.7 441.5 430.3 422.4 411.6 399.9 388.9 382.6 379.6 369.7 363.5 360.5 356.9 351.9 348.9 349.9 349.3 347.8 343.8 337.6
1037.4 1032.6 1021.6 1005.1 995.2 989.9 972.9 954.2 941.4 933.9 932.3 933.8 929.2 930.5 923.2 913.4 916.4 917.4 919.3 914.1 910 906.4 875.1 856.9 821.9 789.5 757.7 719 691.1 638.6 617.8 589.5 566.4 549.9 532.8 520 507.5 497.1 497.1 497.7 493.4 498.6 509.8 514.3 510.9 510.2 516 515.3 524.9 517.2 506.2 499.8 492.9 486.8 479.5 466.7 452.9 440 429.8 423.9 416 405.2 401.3 393 382.2 375.1 369.1 368.4 361.6 358.2 353.1 350.3 344.4 342.5 345.4 346.1 341.5 337.6
1013 999.8 982.4 962.6 948.4 950 935.9 917.7 902.7 894.3 892.2 889 882.5 886.1 881.2 872.7 871.7 875.4 878.8 877.2 874.9 879.7 875 873.6 857.8 819.6 773.5 737.6 679.8 643.9 620.8 585.5 564.1 546.9 524.2 508.8 499.8 484.3 476.5 473.4 465.8 473.7 475.5 475.5 473.9 469.9 475.1 475.3 464.4 466.3 465.3 462.4 458.9 454.8 450.1 439.9 431.7 424.6 416.5 408.5 400.3 394 390.3 386.1 378.3 370.1 362.5 362.5 359 354.7 348.6 349 343.3 339.2 342.5 344.9 340.5 337.5
971.9 955.4 937.8 923.6 910.3 911.1 897.6 882.1 868 858.3 852.5 846.6 840.7 842.1 840.4 832.2 830.4 834.1 839.8 838.3 837 848 839.2 836.3 828 819.3 783.2 735 683.4 647.9 614.2 582 559 541.5 511 501 482.2 468.7 457.5 453.5 447.6 451.1 450.4 446.4 445.4 439.6 439.6 437.1 434.6 435.7 433.6 429.7 427.7 427 422.7 418 414.6 410.5 401.7 393.7 389.1 384.5 382.7 377.3 370.4 368.5 358.8 357.2 354.3 346.7 345.2 341.5 339.4 339.1 335.7 338.5 340.6 336.1
929.9 911.9 899.1 889.7 873.5 870.4 860.1 846.5 834 821.7 814.1 807.1 801.5 801.8 800.1 789.8 792 796.2 801.2 800.4 804.5 807.4 800.5 787.9 787 775.5 760 728.7 690.7 651.3 613.2 575.8 548.8 521 497.2 485.2 471.7 456.6 439.2 442.1 431.3 432.9 427.9 428.4 421.2 415.2 416.5 414.6 412.5 407.3 406.1 404.5 403.1 401.3 402.4 400.5 400.6 395.7 386.7 381.3 378.8 373.5 371.6 368.1 362.7 360.7 355.2 352.4 347.5 346.1 340.3 337 337 335 332.7 333.8 334.3 328.9
889.9 874.3 862.8 851.4 837.5 826.6 819.3 807.2 793.8 786.9 778.9 770.3 763 762 760.7 754.1 754.7 758.3 763 762.6 765.7 768.8 758.8 748.6 744 734.4 720.7 693.9 674.1 638.3 594.6 563.2 534.6 508.3 489 470.2 453 443 435.7 425 419.7 415.8 409.7 405.9 403.3 400.7 400.4 396.7 392.5 387.7 386.2 385.6 385.4 385.5 382.1 381.4 382.8 377.8 373.6 370.3 366.2 365.3 367 361.3 356.1 355.8 351.7 345.5 342.9 340.8 338 337.4 334.6 334.2 333.7 329.1 328.1 325.9
849.4 832.2 822.6 814.5 799.6 784.1 785.9 771.9 758.9 749.9 742.7 734.6 728.5 726.2 723.5 718.1 718.9 723.1 724.7 718.4 726.9 722.5 718.4 707.6 704.9 697.5 686.2 660.2 636.6 608.7 581.9 549.3 521.2 500.8 478.9 461 446.1 438.8 430.2 422.1 407.8 405.8 397.3 396.6 391.9 390.6 387.6 384.2 378.6 375.3 372.1 372.8 370.5 370.2 368.2 366.9 363.4 363.3 356.8 355.8 356.7 358.6 360.2 356.5 354.1 352.1 346.5 343.4 341.3 336 334.6 331.9 330.5 330.6 333.3 332.4 328.9 326.4
818.2 799.2 785.8 778.2 763 748.1 746.1 736 726.3 715.4 707.2 700.9 694.9 691.3 689.7 683.4 680.2 683.1 681.7 677.4 678.8 683.3 677 669.5 664.8 656.9 646.4 628.1 604 576.2 552.8 529 504.3 485.9 465.5 452.9 440.5 432.2 426 420.5 411.7 404.2 398.8 393.9 388.4 384 381.1 380.5 370.6 369.5 365.7 364.3 362 359.4 356.6 355.6 354 352 347.7 347.1 348.5 350.4 353.5 352.9 350.9 346.6 343.1 341.3 338.6 335.4 332.8 332.1 330.6 328.7 336.9 337.9 326.7 323.2
791.9 770.9 754.2 743.6 735.7 718.1 710.5 703.2 693.9 682.3 673.5 667.7 661.3 659.8 657.1 649.8 646.2 643.5 638.9 631 638 628 637.4 629.8 624.4 619.5 611.8 585.2 565.7 547.7 524.7 505.1 484.9 467.2 452.9 442.1 432.8 427.1 418.2 412.6 410.6 405.5 400 396.7 391.8 384.5 375.9 368.9 366.4 361.4 360.3 358.5 357.6 355.7 351.3 349.8 348 344.8 342.8 345.4 343.5 345.4 347 349 347.7 343.5 341.1 339.5 335 333.1 331.8 330.8 328.9 327.6 334.2 335.8 327.7 321.6
761.8 739.8 721.8 711.8 703.1 689.2 675.6 669.1 661.9 649.8 640.9 633.5 628.9 624.9 620.3 615.3 609.5 606.6 600.7 595 592.3 589.4 593.1 591.5 587 580.3 581.3 553.8 535 519.3 499.5 483.1 465.3 453.5 441.7 431.5 424 417.8 413.2 407.9 403.5 401.2 398.3 392.6 387.8 381.1 374.1 368.2 360.6 358.3 355.5 352.4 352.4 352.3 349.2 347 344.2 342.4 340.1 340.9 341.9 344.9 343.6 343.5 342.7 340.2 339.4 337.5 332.1 330.8 331.1 328.6 327 325.7 331.4 333.6 326 319.7
736.5 712.5 693.7 681.7 671.5 661.1 646.4 634.5 627.3 617.5 607.6 602.3 596.3 592.1 585.3 579 574.7 570.9 565.1 561 555.3 554 555.5 553.5 548.3 544.8 535.5 525.4 505.5 490.3 474.8 462.1 448.6 438.4 431.2 422.2 415.5 410.6 405.2 400.2 398.8 396.7 390.4 382.3 378 373 366.6 362.5 358.5 356 354.3 352.4 347.6 348.9 346.7 343.2 340.4 338.1 338.5 338.8 340 341.9 341.3 340.1 339.4 337.4 336.1 333.8 331.1 328.4 327.4 326.6 324.9 326.3 328.6 330 324 318.6
709.3 686.6 665.9 648.4 641 632.7 614.2 603.3 597.7 588.8 578.7 571.8 565.8 560.3 552.3 546.3 542.1 539.1 533.9 527.5 524 520.3 517.1 516.6 513.8 508.3 500 489.4 475.2 461.9 453.7 444.6 435.1 428.6 420.3 414.8 407 402.7 396.9 393.3 390.3 387.1 383.9 376 370.1 365.4 360.7 359.3 355.7 353.9 352.3 352.8 345.8 343.6 342.1 341.1 338.8 337.9 336.9 337.2 338.9 340.1 340.1 339.7 338.9 337.4 334.5 332.3 329.3 326.9 325.7 324.8 322.7 324.8 326 321.1 319.5 317.7
678.1 661 643.1 622.1 606.8 599.7 588.7 560.7 568.5 559.4 552.8 543.6 535.7 529.5 522.7 517.7 511.8 506.2 505 498.6 496.1 488.7 485.1 483.7 479.7 474.5 469.2 461.1 452.4 443.6 435.9 430.3 421.9 416.7 411.7 406.5 398.7 395 393.1 389.3 384.6 386.8 376 368.6 362.9 359.1 356.1 354.3 352.3 350.4 348.2 346.1 343 341.7 340.8 339.5 338.4 337.3 336.4 336 337.1 339.1 339.5 338.9 340.4 336.5 333.4 330.9 326.8 324.8 322.4 321.1 321.4 321.5 317.8 314.6 315.7 315.5
651.4 633.9 616.5 599.9 584.7 572.6 560.1 551.2 541.3 533 524.4 516.8 511.3 503.8 497.5 490.6 486.4 481.9 474.6 474.4 468.5 460.9 458.1 456.9 454.4 447.5 443.5 438.8 433.1 425.7 417.8 413.5 409.5 403.8 399.4 394.1 390.3 387.4 386 382.2 378.3 378 369.8 365.1 359.7 356.3 352.4 350 347.9 346.4 343.9 342.8 341.2 340.4 339.6 338.3 337.1 336.1 335.7 335 335.6 335.6 337.2 337.7 335.6 333.7 332.1 329.7 325.2 326.1 325.3 322.7 321.4 319.2 319.2 319.9 317.5 311.4
626.2 608.8 593.5 578.1 564.1 552.3 540.7 529.9 519.4 510 501.4 493.4 486.8 481.7 472.2 466 462.3 456.6 451.4 450.8 445.4 440.9 439.7 435.2 432.8 426.8 422.6 416.3 413.8 408.7 402.2 398.2 395 390.1 386.6 383 381.2 381.4 376.6 374.3 375.7 369.6 362.2 358.5 356.3 354.4 350.4 346.8 344.1 343.2 341.7 340.3 340.4 339.5 338.9 337.3 336.5 335.3 335.6 333.9 333.9 333.9 334.6 330.9 331.5 331.9 329.6 327.9 330.7 330.2 326.8 325.1 323.9 323.7 323.4 321 320 315.2
602.5 586.8 571.9 560.3 548.2 535.2 516.6 508.2 498.3 488.4 479.4 473.4 467 457.3 450.5 446.2 441 436.1 430.6 429.8 425.8 422.6 420.3 414.5 412.1 409.9 404.6 399.6 396.8 393.5 388.5 385.9 382.4 379.7 377.1 375.7 374.1 370.8 370.3 370.1 365.1 360.3 357.2 354.4 353.5 350.5 345.8 344.5 342 340.7 339.6 339.5 338.9 338.2 337.2 336.5 335.9 335.3 334.9 333.9 335.9 337 337.3 336.2 333.9 331.4 332.7 333.5 331.9 332.6 329.3 328.6 331.1 331.3 332 330.2 319.5 315.7
