public/OST50/NN24.asc
ncols 200
nrows 200
xllcorner 220000
yllcorner 740000
cellsize 50
[rows 70 to 104 of 200, columns 78 to 155 of 200]
825.1 798.8 782.5 766.6 773.8 765.9 774.9 770.9 764.4 768.6 747.3 725.1 681 657 618.2 603.7 579.8 563.8 543.6 528 510.6 499.6 488.4 490.8 489.7 492.6 500.8 512.8 526.9 542.5 560.1 579.8 608.6 634.1 650.4 677 700.5 713.7 720.6 724 730.2 731.9 721.5 693 659 623.9 592.5 558 543.7 504 483.1 482.8 486.8 476.1 462.1 466 470 473.4 470.4 473.9 482.4 481.6 481.9 482.3 485 477.8 476.7 474 469.8 463.2 444.1 433.1 417.6 406 394.2 380.6 366.3 361.4
757.6 740.8 730 724.8 728.8 733.8 745.7 742.3 729.9 725.3 705 670.7 637.6 611.6 595.7 575.7 559.3 545.4 528.4 514.1 502.1 492.6 492.9 496.4 502 508.9 521.3 534 547.9 567.6 581.2 609 633.6 660.5 683.9 712 734.5 746.2 754.6 761.8 769.6 779.3 748.9 715.8 679.6 642.3 623.5 596.1 561.2 522.4 506.5 506.4 496.7 487.7 481.3 481.1 489.5 490.6 490.8 495 497.8 500 501.6 500.2 499.3 494.4 490 485.6 478 468.5 450.9 434.9 424.2 413.4 397.6 382 365.7 358.2
711 701.8 695 698.1 705.7 706.1 702.9 703.7 696 674.1 656.9 628.2 610.4 590.7 571.7 555 540.9 527.3 516.5 505.6 499.1 498.1 503.6 511 519.1 530.7 540.8 553.8 571.4 587.8 616.1 641.2 662.7 686 714.2 741.2 761.9 782.4 791.3 798.6 811.8 808.8 757.8 720.9 690.5 668.6 648.4 613.4 570.1 540.9 527 517.7 505.1 490.3 493.9 502.6 510.7 513.8 513.8 516.1 521.4 524.5 520.2 519.2 517.5 514.8 504.6 499.4 485.7 474 460 441.4 429.4 413.1 399.2 391.3 373.4 359.6
685.5 674.2 672.5 677.4 674.4 672.5 671.9 667 657 640.2 631.1 603.5 589.4 570.6 555.9 541.5 531.5 520.7 508.6 506.6 506.2 514.1 519.2 527.6 540.8 553.5 562.2 576.5 594.2 616 640.5 671.8 695.4 720.4 742 767.2 790.8 812 824.8 839.6 844.6 830.1 775.9 745.6 732.5 706.5 662.2 618.5 577.4 554 538.6 522.3 500.6 511.6 516.3 521.1 528.3 532.9 539.4 542 543.7 544.1 546.7 535.9 536.5 532.2 526.2 512.6 496.3 482 469.9 447.1 436.3 424.6 404.1 391.6 377.3 362.8
668.2 664.3 658 648.9 648.1 644.3 635.2 632 622.1 612.2 600.5 583.2 570.5 556.3 545.4 535.1 524.6 514.8 513.7 517.2 515.5 527.1 538.4 551.4 563.1 573.3 586.8 602.5 624.2 643.8 670 694.4 721.4 752.7 771.3 791.8 817.4 838.6 857.5 865.7 858.5 832.4 801 764.2 729.6 692.4 658.8 617.8 582.1 561.4 545.2 528.5 523.8 530.1 539.2 545.1 548.7 557.6 563.2 564.6 567.2 569.8 564.6 557.7 550.7 543.4 540 525.8 508.2 493.8 475.1 462.7 446.5 426.8 414.6 396.7 379.8 365.7
665.5 658.9 644 629.4 624.5 619.6 612.7 608.9 598.6 593.3 580.3 568.4 556.7 547.6 541.9 527.9 518.4 524.9 525.1 529.6 533.6 544.6 558.3 578.7 588 601.4 616.1 634.7 658.6 674.7 694.9 725.5 752 778.3 804.9 821.9 844.4 866.2 885.9 881.4 852.4 819.8 785.7 753.2 727.1 689.7 645.2 613.4 586.7 566.8 550.1 534.2 541.6 551.1 560.6 567.1 572.8 579.9 586.5 589 594.1 594.8 585.4 578.3 569.7 562.5 545.5 531.3 517.7 505.1 489.2 471.9 450.4 435.7 418.8 404.2 385.6 370.9
666.2 654.2 627.6 614.6 608.5 604.5 599.4 594.7 579.5 574.5 569.8 562.5 551.7 541 533.1 533.2 532.7 535.3 541 546 555.1 564.4 580 595.1 609.6 628.7 657.2 669.3 685.1 703.7 722.8 750.7 777.2 803.4 829.9 855.2 873 890.3 894.4 860.8 825.1 795.7 765.8 737.1 706 673.6 634.7 606.3 592.3 570 550.2 551.9 561.6 571.3 580.4 590 596.4 602.6 606.6 610.5 613.4 612 614.8 605.3 583.1 570.7 561.5 544.2 530.9 519.7 499.9 472.6 455.4 439.7 424.5 409.1 390.9 375.5
675.8 656.2 625.8 610.8 601.4 588.2 587.5 582.4 569.7 562.7 557.7 554.2 543.5 543.6 544.7 544.1 547.4 553.9 557.1 567.2 574.4 586.2 600.1 616.2 634.5 652.1 673.1 691.9 708.7 729.2 754.4 774.4 801.4 827.9 856.7 888.3 907.4 916.3 908.4 863.8 816.3 782.8 753.6 727.9 693.5 652.3 625.2 607.6 589.5 570.9 568 572.2 580.9 590.9 599.8 608.6 618.1 623.2 626.4 627 631.7 631.2 622.3 619.3 600.6 580.4 569.8 560.9 545.4 527.3 499.3 482.7 462.7 447.6 432.4 413.7 394.8 379.6
672.4 660.8 637 614.8 604.9 594.8 585.8 583.3 576.6 571.7 566.3 561.1 564.7 565.3 562.4 563.2 562.9 572.1 577.5 588 600.8 612.3 629.4 644.5 665.3 681 699.6 720.9 739.9 757.4 785.6 810 831.9 854.8 894 919.8 933.2 927.8 888.5 850 811.2 773.8 742.7 709.6 674 649.8 624.6 610.9 591 579.7 583.8 591.5 601.8 610 617.5 628.7 639.2 640.4 644.5 647.6 647.9 640.1 632 622.1 609.4 584.9 574.9 566.8 539.5 519.8 504.3 486.7 464.1 452.1 437.6 417.7 400.3 386.2
676.4 664.2 650.5 629 617.6 606.5 602.3 591.5 583.3 585.4 581.1 581.6 590.9 593.3 589.9 587.6 588.3 594.6 605.2 615 629 641.6 659.9 678.4 694.6 713.9 733.9 752.1 770.8 788.2 812.1 846.6 868.9 904.4 916.8 930.9 937.8 921.7 887.8 846.5 797.7 769.4 732.7 704.1 673.8 651.2 637.8 615.2 597.3 594 599 609.4 618.5 626.5 635.4 645.4 653.5 659.6 661.2 658.7 657.1 651.3 633.9 621.2 607.9 582.7 565.3 551 530 514.5 504.7 484.8 476.7 451.4 441.4 424.9 412.3 394.7
690.3 676.3 665.8 658.2 649.1 633.6 620.1 603.9 604.8 603.7 597.9 603.9 609.9 619.8 625.6 614.8 615.1 624.3 632.6 644.1 658.6 675.4 689 710.1 727 745.2 767.3 782.5 803.8 820.1 840.6 866.7 899.5 910.4 920.6 931.3 943.1 924.8 883.1 832.9 791.4 762.2 738.3 701.8 682.5 663.6 641.7 623.3 614.1 612.5 618.2 629.5 635.7 644.3 655.8 660.5 667.4 672.3 674.4 670.7 665.9 652.9 631.4 618.5 606.6 577.3 555.8 541.2 524.6 508.9 504.9 485.1 468.3 453 438.5 428.6 413.7 401.3
713.6 699 699.4 692.8 680.5 661.7 642.2 632.1 631.7 625 618.9 631.1 630.3 648.2 653.2 653.8 651.4 654.4 664.2 677 691 709.6 724.6 742.2 764.1 783.7 807.3 821.3 839.6 861.1 876.3 891.6 903 908.7 915.5 923.9 931.5 915.1 882.9 829.3 790.4 759.6 730.8 714.2 691.2 680.6 657.2 635.7 632.3 631.6 636.6 648.3 659.6 667.2 679.1 683.2 687.5 686.8 684.9 679.8 666.7 648.6 627.1 609.4 588.7 564.1 546.4 532.6 520.4 509.9 498.3 487.9 471.4 454.5 442.5 432.9 420.5 405.9
724.4 724.2 717.2 709.4 694.7 683.6 676.1 669.9 660.5 647.8 648.8 650 657.1 671.3 681.7 691 688.6 688.9 696.1 708.1 724.1 740.2 759 777.7 800.7 825.6 845.3 858.2 870.1 875.9 883.6 890.1 896.8 904.8 909 911.8 907.4 901.2 860.2 823.7 790.5 759.7 734.4 716.4 708.4 695.3 670.4 658.8 655.8 651.3 654.9 665.3 679.4 688.9 701.6 703.2 705.2 701.5 693 684.7 673.8 640.5 611.4 593.6 577.9 554.3 538.3 525.2 516.4 506.3 493.6 482.1 471.4 460.8 450.9 436.4 426 415.8
745.5 729.9 714.3 706.2 704 699.4 695.7 680.9 666.9 660 662.9 672.2 674 677.3 690.1 708.5 711.8 713.4 721.1 726.6 744.5 762 782.9 803.6 819.8 838 847.5 853.1 863.7 870 877.6 883.8 888.5 897.4 897.7 895.4 883.7 878 860.4 826.1 792.5 764.4 741.1 725 715.6 705.1 692.8 686 677.2 674.6 676.9 686.3 697.4 712.5 719.2 718.7 713 707.7 698.9 685.7 664.5 627.6 602 583.4 561.9 543.8 529.5 522.2 512.8 504.4 494.6 479.5 471.1 462 452.9 438.7 430.6 422.9
731.6 718.3 713.5 705.5 694.9 691.2 684.2 675.9 669 670.1 669.2 667.7 668.7 668 679.4 692.5 695.7 700.9 704.7 709.6 729.5 750.5 770.1 791.2 807.8 823 834.5 840.8 849 855.4 863.9 870.2 875.2 877.8 878.2 866.8 860.9 856.3 839.2 816.4 793.7 775.8 758.3 744.3 733.2 723.7 713.2 711.9 705.6 705.7 707.4 713.7 720.8 730.6 735.5 727.1 719 716.1 700.9 672.5 649.5 621.1 587.6 569.8 558.8 533.5 523 512.1 505.6 500.4 492.5 483.1 471.9 463.5 453.9 440.2 435.4 426.7
736.2 726.8 714.4 702.8 691 679.2 670.4 662.4 657.8 657 655.3 656.8 653.9 654.2 664.8 670.2 672.2 672.5 676.8 681.1 696.2 719.7 739.2 759.2 785.5 802.6 818 827.6 835.2 842.6 848.1 852.4 858.5 857.8 853.2 846.9 841.6 835 825.5 813.5 806 795.2 779.7 762.6 755.5 749.3 743.1 734.9 732.8 739.4 738.4 742.2 744.6 750.9 744.6 733.7 723 713 685.3 658.7 641.3 615.5 576.3 559.2 546 527.5 515.6 509.2 499.9 494.7 488.6 480.6 472.9 463.8 457.9 453.4 442.9 432.2
750.4 731.6 718.6 703.8 690 671.7 658.8 650 646.6 638.2 632.9 638.5 641.1 638.8 641.1 645.5 644.2 646.8 644 643.1 661.9 689.6 705.5 730.9 748.7 773.5 796.2 809.3 822.3 830.2 835.5 840 842.7 841.1 835.8 831.1 824.9 818.8 813.9 812.1 808.5 802.8 793.6 782.8 779.8 778.6 775.1 765.9 763 766.8 770.9 769.4 762.6 758.5 748.9 732.5 717.5 690.6 668.1 645.1 626.2 591.9 564.3 548.1 537.1 525.7 508.5 502.5 498.6 490.8 486 479.4 474.3 466.2 460.4 454.3 445.8 435.8
759.1 750.9 733.4 719.5 694.8 674.3 656 635.8 630.6 626.8 619 619.4 624.8 624.1 625.7 623.9 611.3 613.5 614.1 618.7 634.4 654 668.2 696.9 718.8 739.3 770.5 792 806.8 814.2 821.6 826.2 828.9 828.9 819.3 815.1 808.6 805 806.6 806.2 804.9 801.1 801.3 794.6 797.9 801.4 802.7 804.5 796.6 794.8 793.2 786.9 773 761.6 749.8 718 691.9 675.8 647.3 628.2 601.5 577.5 556.5 539.1 532.2 521.1 510 504.3 495.7 491 487.8 481.7 476.7 467.6 459.6 453 445 437.7
791.1 772.3 760.6 741.5 714.4 693.2 663.4 632.7 621.8 615.6 612.9 616.5 616.3 613.5 607.4 597.4 584.5 585.7 590 594 606.2 621.5 639.3 664.5 685 715.3 749.2 766.8 785.9 797.2 805.4 811.3 809.3 807.6 805.2 798.9 795.6 793.4 788 788.7 794.8 798.9 802.2 805.1 810.6 819.1 821.4 821.7 816.6 812.2 797.7 789.8 776.9 762.2 737.4 700 674.5 653.2 628.8 608.2 588.3 571.2 553.9 539 525.7 516.9 509.1 502.1 501.2 491.5 485.2 480.7 473.2 467.9 463.3 457 447.4 440.2
823.8 807.1 786 781.5 759 722.4 671.2 644.9 627.5 617.5 612 610.5 610.7 606.4 598.4 584.7 570.4 563.1 567 573.5 583.1 595.9 615.7 639.1 656.3 682.6 717.8 740.8 763 778.5 788.5 794.5 795.5 794.5 790.9 784.7 783.5 778.9 777.3 779.1 785.2 794.4 802.8 810.2 820.5 825.6 827.5 823.1 818.6 807.5 799.5 791.5 779.6 761.8 731.9 698.3 665 645.5 621.8 600.1 581.4 567.4 553.8 538.1 523.7 517.1 508 499.7 496.8 490.5 486.1 480.2 478.5 469.7 463.2 455.5 449.3 439.6
849 835.7 818 793.5 761.2 725.7 690.6 656.2 637.2 624.6 614.9 612.9 612.8 601.6 585.2 574.6 562.2 550.6 550 559.7 564.3 577.7 593.2 613.9 634.2 656.5 687.4 717 746 761.7 775.4 782.9 783.6 782.7 780.7 773.3 761.4 761.6 764.1 770.8 778.6 789.7 800.9 810.6 822.2 828.4 824.4 821.1 815.4 807.4 797.6 790.3 777.8 748.5 719.2 686.4 652.6 635 612.3 592.8 574.4 562.1 549.1 537.2 525 513.3 505.9 504.1 497.7 490.5 484.2 483 477.8 471.9 463.1 457.1 453 445.9
877.9 850.9 825.4 804.3 774.1 732.5 708.4 673.5 647.7 636.1 626.7 623.4 615.1 605.9 589.1 568 553 543.5 541.8 547.9 554.8 566.1 578.1 592.5 614.6 635.3 665.9 694.8 711.9 752 764.3 769.4 770 770.9 762.8 751.8 737.7 741.4 751.6 761.7 772.2 785.5 795.8 813 823.3 822.6 819.6 819.3 813.7 803.8 793.9 783.7 762.4 732.2 699.7 663.9 639.8 629.1 603.3 581.8 567 556.3 547.9 535.3 527.2 518.4 512.6 503.4 494.9 490.6 486.3 479.8 473 473.3 471.1 465 452.8 444.5
901.8 871.5 839.9 814.8 793 770 747.5 719.6 677.7 660.2 642.9 634.8 629.1 622.1 598.9 577 553.8 539.1 533.1 537.1 546.4 555.7 563.9 574 587.1 614.3 628.7 679.9 720.7 742.1 753.7 754.5 758.1 752.3 740.2 727.2 709.7 720 739.6 751.4 767.8 780 798.1 813 818.9 816.9 816.1 814.8 810.5 803.1 790 773.1 751.3 714.1 677 650.4 625.9 610.2 589 574.6 559.9 549.2 543.4 539.2 529.2 521.2 513.4 505.9 496.4 492.2 486 479.4 475.2 471.4 467.9 460.9 452.6 451.3
909.4 888 865 843.6 823.5 801.1 775.6 754.7 727.1 689.5 665.9 655.4 650.3 637 609.4 583.3 561.4 543.4 531.4 527 534.4 540.1 546.1 557.4 571.2 591.7 627.1 663.6 700.6 727.2 737.1 742.2 738.3 731.1 710.7 696.4 682.1 707.4 728.2 746 764.1 783 800.1 807.8 810.6 811.6 815 812.7 804.5 800 781.2 757.9 732.7 694.6 660.5 633.5 612.3 591.4 579.9 564.9 554.1 545.6 539.1 535.8 526.2 517.9 508 502.2 497.9 495.6 486.5 480.3 475.6 474.7 468.1 458.5 457.1 438.3
897.4 884.9 871.2 857.9 846.7 834.5 816.5 789.1 759.9 728.9 698.1 686.2 673.8 658.4 625.1 598.3 567.9 547.9 534.3 526 522.8 523.8 530.1 535.9 554.4 579.8 609.5 643.8 670.1 698.7 717.1 725.1 717.8 705.7 687.5 677.3 670 697.2 721.3 742.9 761.7 785 793.8 803.5 806.4 810.8 812.4 805.9 799.5 782.6 763.5 745 710.6 682.3 645.6 617 596.8 582.6 569.9 556.8 546.9 540.2 531.3 525.8 520.9 510.8 504.9 498.8 499.5 494.2 485.6 479.7 476.6 471.7 460.5 456.3 439.6 426.3
879.7 867.1 851.8 844.1 834.9 828 815.4 812.7 794.7 755.4 738.4 722 698.2 677.2 652.9 614.8 579 552.2 540.4 524.7 507.7 512 516.6 523.4 538.3 560.8 589.1 607.9 641.4 668.3 689.1 704.7 695.3 676.8 661.6 650.2 659.2 692.5 717.5 739.4 762.1 778 789.5 799.6 804.6 807 805 801 787.4 765.4 746.4 725.6 692 659.9 629.5 605 582.5 570.8 558.8 548.1 539.7 533.3 527.9 519.8 516.7 506.9 502.4 501.3 493.9 487.2 484 482.5 476.7 461.2 451.7 441.6 433.6 417.9
854.8 844.5 833.3 821.6 818.2 811.3 803.5 800.5 792.3 780.1 769.3 753.3 731.9 704.1 661.3 623.7 584.5 561.8 545.5 529.4 514.9 501.4 504.1 508.7 520.9 538.1 559.4 587.2 611.5 641.4 665.3 684.6 670.5 647.8 633.8 619.8 657.3 689 714.8 738.7 756.9 771.5 785.1 796.8 804.4 804.8 799.1 780.8 761.7 746.4 722.9 701 666.8 635.6 613.3 591.3 572.4 559 549.1 538.9 528.4 524.5 519.7 513.1 509.4 501.7 497.5 493.5 486.5 483.2 482.8 478.5 460 449.6 437.5 423.8 411.3 402
827.4 818.7 806.6 797.5 798.1 787 785.4 780.6 777.1 768.1 762.3 759.5 755.3 734.3 667.2 624.1 591.2 562.5 544.7 536 521.6 505.1 496.7 502.3 506.8 516.8 533.6 556.7 587.1 614.1 644.9 659.4 644.2 627.1 606.9 614.3 640.4 676.6 713.6 737.2 753.6 770.3 784.4 794.6 798.6 803.3 779.8 763 744 722.4 700.1 674.4 645.2 617.1 596.3 578.6 563.3 547.6 536.7 530.1 521.2 518.7 514.6 509.2 504.7 495 493.7 487.8 481.6 477 468.6 456.8 440.7 429.2 420.9 412.4 402.9 393.7
780.2 779.4 762.9 761.7 766.2 762.4 761.6 755.8 750.6 747.2 745.1 748.2 749.3 731.3 673.5 626 596.2 563.5 547 538.4 525 508.7 495.7 494.6 497.4 504.4 517.6 540.1 565.4 594.7 617.5 634.7 618.5 601.7 580.2 605.1 645.2 684.8 714.6 736.4 751.9 767.2 781 788 791.3 773.8 759.9 745.1 723.2 693.9 669.7 649.6 623.6 599.6 580 564.6 552 536.2 526.6 520.3 513 509.7 506.5 499.4 491 487.2 484.5 478.3 471.8 462 448.8 436.4 420.8 412.1 407.9 404 395.7 387.7
747.8 737 725.6 728.4 732.4 730.6 728.2 729.3 725.5 722.5 721.9 717.2 719.5 710.9 676.9 624.2 593.7 568.9 554.4 541.8 526.5 509.8 493.3 483.1 484.5 490.8 501 519.9 543.9 572.7 593.2 607.9 590.6 572.9 574.3 615.2 652.6 687.2 716 739.7 757.3 770.4 780.1 780.3 765.3 755 743.4 720.1 695.8 671.9 648 625.7 603.2 584.6 566.4 549.1 540 526.3 518.5 510.5 502.2 497.7 494.8 485.1 481.5 475.5 475.6 467.9 453.1 443.1 432.4 423.3 415.1 404.3 399.3 392.7 385.5 378.1
714.6 706 693.6 698.7 705 700.1 699.4 699.2 695.9 693.3 691.5 687.3 681.4 673.6 660.3 615.9 593.7 573.2 554.8 544.3 532.1 511.1 490.6 475.8 470.6 476.3 484.7 500.9 521.2 543.1 567.2 580 562.2 542 582.4 620.3 657.9 691.9 719.5 742.4 760.2 772 772.4 758.7 746 735.1 717.1 695.1 668.9 647.7 625.5 606.7 585.4 566.9 549.1 538.4 524.8 515.6 506.6 498.1 492.5 487.3 478.5 477 472.5 464 459.5 449.3 437.9 429.2 421.4 414.6 404.3 396.3 390.6 385.5 379.3 369.4
689.6 680.1 671.6 672.6 673 668.5 667.1 665.3 666 667.3 661.9 659.1 649.9 638.1 624.3 608.6 586.9 571.9 559.9 548.2 533.4 507.1 482.9 466.1 456.9 459.7 466.6 479.7 498.8 522 543.2 551.2 530.5 554 589.5 627.5 664.5 698.1 725 745.1 759.1 757.8 752.7 739.9 725.7 712.7 692.7 669.1 644.7 623.5 602.7 586.1 568.1 551.7 539.8 525.9 513.4 505.2 498 490 482.8 473.5 469.1 463.3 460.5 455 442.7 434.7 428.9 419.1 411.5 403.4 395.1 386.1 382.1 376.2 370.8 362.3
676.2 665.5 652.1 648.5 644.2 637.5 635.9 636.9 639.9 635.9 631.9 626.2 618.2 608 600.6 589.2 575.5 565 560.2 547 526.6 505.6 477.7 456.9 439.8 446.5 452.4 463.8 476.2 501 525.2 520.8 519.1 563.5 596.4 636.6 676.1 705.9 730.1 746.4 744.7 736.7 731.7 718.6 701.3 688.3 670.7 645.5 622.9 602.2 582.3 567.8 554.9 538.6 527 514.8 501.5 494.6 486.5 479.4 470.7 463.7 456.6 449.8 448.4 442.4 424.7 416.6 410.4 405.9 400.2 395.3 383.7 378.7 372.5 365.3 362.5 356.8
674.6 646.9 629.7 628.3 618.9 611.9 611.6 612.5 613.4 615.4 607.9 603.3 589.3 585 581.4 569.8 562.5 560.6 560 544.4 529.6 498.2 468.3 446 435.2 430.7 436.9 445.2 457.6 480.3 507.9 494.6 531.7 567.4 604.2 646 684.7 712.7 733.5 727.4 726.1 719.9 709.2 694.8 679.7 666.6 646.9 623.8 601.5 582.5 564.9 551.2 540.3 526.8 517.1 504.6 494.2 484.5 481.2 463.2 457.7 449.5 445.8 439.3 438.3 422 414.8 405.8 400.4 392.7 390.6 382.9 375 373.3 368.9 359.5 355.1 353.1
678.3 651 628.6 608.7 602.6 595 594.7 596 595 592.1 590.1 581.3 576.1 572 567.8 563.9 561.8 557.8 547.2 539.4 518.4 494.8 462 439.2 424.4 413.2 422.2 430 443 467.7 488.8 497.1 532.2 568.9 611.9 655 692.6 717.1 713 712.4 711.4 700.4 687.3 675.4 660.3 641.6 621.4 601.9 579.4 564.5 548.4 536.9 525.5 514.4 506.1 495.2 482.6 473.6 461.6 450.8 445.3 439.4 438.6 429.3 420 412 402.8 395.4 389.4 384 376.3 373.3 367.1 367.7 358.6 352.1 349.3 347.2
