public/OST50/NN25.asc
ncols 200
nrows 200
xllcorner 220000
yllcorner 750000
cellsize 50
[rows 35 to 69 of 200, columns 0 to 77 of 200]
620.7 628.3 640.6 660 673.8 678.5 689 703.6 710.3 710.5 704.4 687.8 666.5 645 625.4 605.2 584.7 563.7 555.3 535.2 522.4 511.4 500.9 488.3 475.9 468.4 464.3 461.1 460.4 461 458.9 459.7 462 458.8 462.7 470.7 481.4 496.5 505.6 521.8 531.3 542 554.2 569.6 577.7 576.2 581.7 577 582.8 576.7 547.5 522.2 503.7 489.4 473.9 460.4 447.3 437.9 431.6 423.7 417.3 411.4 406.9 404 396.3 397.1 389 386.5 388.3 383.9 381.3 381.2 380.1 378.5 375.1 382.7 380 378.8
652.6 655.4 669.8 681.5 699.7 714.7 720.9 729 719.3 709.3 688.4 668.2 648.5 627 607 587.2 567.2 551.5 539.9 528.7 517.1 508 496.7 487 477.4 469.3 465.5 461.5 463.3 462.9 464.5 466.3 468.7 468.2 475.1 483.6 497.9 511.8 518.2 533.6 548.1 558.7 570.2 587.6 586 585.9 594.5 589.4 580.8 562.6 535.9 512.5 496.5 482.5 467.3 454.1 445.2 435.5 431 426 416.5 409.2 402.5 398.9 395.3 397.4 388.3 386.4 385.5 383.5 381.8 382.4 381 375.6 374.8 381.4 382.8 383.1
677.9 683.1 696 713.1 731.9 738.8 735.3 728 713.5 696.9 673 651.8 629.4 608.8 588.5 570 555.2 541.7 529.8 522.3 511.9 500 494.9 488 481 475.1 468 466.1 468.4 468.9 472.9 476.4 477.7 479.3 488.3 500.6 512.5 525.8 534 545.7 560.7 576.1 593.4 599.8 591.2 592.6 595 590.3 575.5 552 525.5 502.4 488 473.1 459.7 447.2 439.5 431.6 428.2 422.8 417 409.6 401.5 398 395 395 387.5 388 385.3 387 382.8 383.1 379.2 376 382.3 387.2 386.7 388.8
704.6 713.8 742.2 751.7 749.5 746.5 737.2 718 700.5 681.3 660.1 638.5 614.4 592 575.9 560 545.3 531.3 522 515.8 512.7 505.5 497.7 491.4 485.3 479.3 476.7 473.4 473.5 477.9 483.3 494.4 490.3 493.9 503.2 514.5 525.1 534.9 549.8 573.7 581.5 592.1 604.6 604.2 597.5 595.1 593.1 582.4 562.4 535.7 511 494.8 477.9 464.5 452.7 440.5 435.4 430.2 426.1 419.4 411.6 408.6 400.6 398.2 394.2 389 387.3 386.7 387.6 389.6 384.8 379.9 375.1 374.7 386 390.4 389.2 391.4
736.7 760.2 761.4 759.8 750.4 742.2 724.9 709.8 691.7 672.5 652.7 628.2 603.1 582.4 564.8 549.2 536 533.3 528.2 522.4 514.7 508.1 501.5 496.5 490.9 486 484.2 482.9 486.8 489.6 493.3 504.3 502.9 509.3 518.5 528.2 534.2 553.8 567.7 584.6 598.7 605.9 606.9 602.7 598.3 594.1 587.4 573.2 542.2 517.5 499.7 483.2 470 456 442.2 437.1 432.8 425.9 422.9 415.4 410.5 403.9 401.8 401.2 394.6 389.4 387.9 390.8 388.2 389 382.8 381.8 378.6 381.9 390.6 387.7 390 392.8
770.2 772.3 766.6 754.8 744 732.7 717.1 699.8 681.7 663.7 644.4 622.2 595.6 576.7 563.7 548.3 545.8 543.8 536.8 528.4 520 514.7 509.2 504.5 499.2 495.5 494.1 493.1 493.2 502.4 505.3 513.4 519.9 523.1 528.5 536.4 553.9 564.1 582.6 596 612.1 613.3 607.4 597.6 592.4 589.5 577.1 558.8 525.2 504.8 486.3 470.6 457.7 445 434.1 432 423.6 418.8 414.5 411 406.7 407.2 401.9 397.7 394.1 390.5 389.9 390.6 389.9 386.3 382.8 382.3 380 387 386.2 388.8 394.2 400.1
783.6 772.7 757.2 744.7 733.4 720.1 706.4 691.9 676.1 660 639.4 618.6 596.3 575.6 563.6 559.7 561.7 555.9 550.1 542.5 534.3 524.5 521 515.1 511 505.3 504.1 503.5 500.4 507.7 517 520.5 528.9 531.1 539.9 547.3 562.8 574.9 590.6 600.7 612.2 607.5 600.9 596.4 585.3 572.6 559 533.8 511.3 489.9 474 458.8 447.6 435.3 426.3 417.8 416.2 418.2 414.4 410.4 404.6 407.2 397.4 395.9 392.4 392 391.6 390.7 389.1 385.9 382.8 382.7 385.4 392.6 391.8 392.2 399.7 407.2
770.1 759.2 745.2 733.2 721.4 709.3 698.2 685.2 671.5 654.6 633.6 614 593.4 580.4 578.4 579.5 579.1 574.3 567.6 559.5 554.6 546.1 538.2 528.1 523.4 518.3 517.7 514.2 510 514.1 520.2 529.9 539.1 544.1 547 557 572 583.2 591.4 603.8 604.1 600.5 598.7 591.7 575.8 552 531.4 511.7 492.5 474.8 461.4 450.2 437.7 425.8 416.2 412 409.9 409.5 410.6 405.7 403.1 403.6 396.8 394 392.9 391.4 393.2 391.3 391.5 385.8 383.5 389.6 391.3 392.8 396.1 398.6 408.7 415.8
754.6 743.7 731.4 720.2 710.5 701.9 691.5 680.1 667.5 650.8 633.3 619.6 610.3 601.5 603.2 602.5 599.9 593.9 587.5 582.7 577.9 570.4 563 547.9 542.7 535.7 529.2 526 524.7 522.9 531.4 537.4 542 552 560.5 571.1 576.7 584.7 588.3 593.9 592.6 590.3 585.8 572.8 547.3 529.8 508.2 493.1 477.4 462.6 449.1 435.8 429 417.9 410.8 409.6 404.1 403.6 404.2 401.4 402.1 399.7 391.2 392 394.6 391.9 393.7 392.7 390.6 385.5 385 392 392.4 392.8 404.3 405 413.8 422.8
739.3 729 717.8 708.6 702.1 693.9 685.7 675.7 665.9 656.3 646.7 640.4 628.1 625.6 628.5 631.4 627.6 624.5 616.5 606.6 599 589.5 580.7 575.1 564 553.3 549.4 542.4 539 533.9 534.5 542.2 546.8 557.3 566 568.6 576.7 578.2 582.5 582.3 582.7 581.6 565.3 543.1 524.9 508 491.9 478.1 465.7 451.4 440.2 431.1 422.7 415.6 411.2 405.6 400.1 394.7 395.4 398 399.6 394.4 387.7 391.8 391.8 392.8 392.1 392.4 394 388.9 387.9 391.6 394.8 396.5 411.1 411.5 421.6 429.7
724 714 705.2 697.7 690.7 684.6 680.6 675.1 670.7 663.9 659.3 653.6 652.1 654.4 660.1 662.5 658.7 652.3 649.4 639.8 623.8 607.1 594.2 585.6 578.4 567.1 560.2 552.7 549 543.8 543.6 543.5 552.6 564.7 565.7 567.4 568.8 570.5 575.2 568.9 568.7 555.7 537.7 523.3 507.3 490.1 476 465.1 453.6 441.6 431.4 423.6 414.3 410.2 407.7 407.5 398.3 390.3 390 396.9 395.6 390.8 386.4 390.1 391.9 392.9 393.2 393.9 394 391.3 393.7 395.7 400.3 406.4 415.9 418.7 428.8 436.4
713 702.7 695 689 684.3 678.9 676.3 673.1 672.8 673.3 669.7 668 670.5 675.7 681.2 683.6 678.3 674.6 668.6 659.5 648.5 637.6 629.4 605.2 589.8 584.2 578 560.9 553.2 550.3 545 546.8 552.8 561.1 559.1 559.6 559.3 559.4 560.4 547.9 542.9 528.4 514.8 503.4 488 473.3 463.8 454.1 442 432.4 423.4 416.1 411 407.1 405.5 402.3 395.4 387.8 390.1 391.6 389.3 386.3 384.8 385.4 393.7 393.3 394.5 395 395.3 397.6 398.8 402.1 404.5 413.5 420.9 425.5 436.1 443.3
699.8 691.4 685.9 680.6 677.5 675.1 673.2 671.9 670.2 670.5 673.6 677.6 682.4 686.6 691.3 698.8 692.9 686.3 679.4 666.8 654 641.8 631.6 622.3 603.4 590 582.7 572 562 554.5 552 547.6 552.7 554 549.7 548.6 546.1 540.1 534.6 524.5 516.3 505.6 493.9 485 472.5 460.6 450.9 441 432.7 427 417.6 411.9 408.4 403.2 402.1 402.4 393.3 392 386.6 386.5 384.3 382.6 382.7 389.6 394.3 394 394.6 398.3 398.3 400.6 404.5 408.5 412.9 417.7 423.6 433.8 442.1 451.1
688.1 681 678.3 673.5 671.1 668.7 669.3 666.7 666.8 668.5 673.8 681.5 687.8 692.7 695.9 700.3 703.3 689.8 672.2 661.8 650.4 638.4 628.3 618.1 608.4 600.5 586.5 576.1 568.1 560.7 554.3 548.2 545.7 543.8 538.8 535 528 517.9 509.8 504.7 492.8 486.5 479.3 468.1 459.3 448.7 440.7 431.2 425.8 419.7 412 408.1 403.4 401.1 398.9 399.5 390.9 388.5 385.1 381.2 382.3 380.8 383.8 392.8 394.6 395.9 402.3 401.6 403.2 405.7 410.4 415.5 421.1 423.4 432.7 442.6 451.6 465
681.3 674.8 672.6 669.1 665.7 661 656.4 657.3 658.1 661.7 664.8 668.8 678.2 689.9 699.9 699.5 700.5 683.6 666.8 653.9 642.6 634.2 625.5 614.6 606.3 598.5 590.2 576.3 565.7 558.6 549.4 541.2 534.1 527.3 524 519.9 511.8 497.3 491.8 486.1 479.7 470.7 462.9 456.6 450.2 442.1 432.9 424.6 418 415.2 411.4 404.7 401.8 398.9 395.3 394.7 387.3 386 381.7 380.3 380.9 381.7 388.6 394.4 398.4 399.9 404.6 406.2 407 413.4 420 424.4 430.5 432.9 441.7 456.3 466.2 482.3
679.5 670.8 667.3 660.2 651.6 650.1 640.9 643.9 644.8 646.1 649 656.3 664.9 671.2 683.6 701.3 695.9 685.4 661.6 645.1 631.9 623.9 619.2 612.1 604.5 594.2 584.9 572.8 559.8 551.7 543.9 536.9 525.4 512.8 505.5 497.5 492.3 485 477.8 471.1 468.5 461 453.5 448.1 442.7 433.3 425.4 419.5 412.6 410.7 407 402 399.2 396.8 394.9 389 385.1 382.3 379.1 379.2 382.4 384.5 390.2 396.3 399.6 404.5 409.8 412.8 415.9 420.9 427.2 434.8 440.7 445 459.3 470.4 480.5 497.5
673.9 664 656.7 648.6 637.6 629.5 621.3 625.9 622.8 627.9 631 638.5 645.4 652 660.7 674.1 690.7 675.6 655.5 637 622.6 613.8 609.9 603.6 598.2 591.1 580.3 568.5 553.5 539.2 529.6 526 512.9 499.3 488.5 479.7 474.6 469.1 465.5 460.9 456.8 450.8 445.3 440.4 432.7 426.8 420.4 412.9 408.8 407.2 405.4 400.2 396.5 396 392.5 389.9 382.3 381.4 378.4 379 382.2 386.3 392.4 401.2 405.2 411.7 413.8 415.8 423.2 430.2 437.9 444.1 452.5 461 472.8 483.1 498.2 513.4
652.9 649.1 642 626 616.5 609.6 603.5 603.1 601.2 607.6 611.9 618.1 623.9 631.6 637.4 647.7 654.6 664.8 638.7 624.6 613.5 604.4 600.1 595.1 588.6 581.4 569.7 557.6 545.1 530.8 515.8 507.9 497.9 485.5 473 467.3 460.7 456.2 452.5 449.9 445 442.2 437.9 431.9 426.5 420.8 413.9 408.5 406 405.9 399.7 395.9 393.8 394.4 389.7 385.7 380.9 380.3 378.4 380.9 384.8 391.2 399.1 404.4 412.3 415.9 418.4 429.5 434.4 442.4 449.8 457.7 462.6 474 489.9 505.2 517.2 535.7
636.2 628.3 615.7 594.2 597.7 591.3 579.2 580.8 583.9 589.6 591.5 601.3 604.1 610.5 613.7 622.9 623.9 626.6 622.8 609.2 601.8 594.9 590.5 583.6 578.9 570.4 556 544.2 530.5 516 504.4 490.8 485 473.4 463 453.9 450.7 446.1 441.9 439.2 435.9 432.4 429.3 424.3 419.5 414.4 409.2 404.6 402.2 402.4 396 392.8 391.2 389.5 384.9 385.8 381.3 378.7 379.6 382 389.7 397.2 404.2 413.8 417.9 421.5 433 443.7 446.7 455 461.9 470.5 477.9 488.6 503.7 522.9 542.1 559
610.8 601.3 589.5 581.3 577.8 568.9 564.1 560.2 562 567.4 571.6 574.2 581 587.6 593.3 600.1 604.3 604.8 601 595 586.6 582.8 579.2 573.7 568.3 558.2 544.2 531.3 517.3 503.9 488.7 477.2 468.2 460 451.9 444.8 439 434.9 432.5 429.6 424.9 423.2 419.4 414.8 411.1 407 402.9 399.9 399.2 397.8 392.7 388.9 386.4 383.6 383.1 386.3 379.4 379.4 383 386.4 393 402.1 406 413.9 422 432.3 445.7 455.4 459.9 466 475.1 483.9 495.2 505.4 517 539.3 568 585.2
577.9 572.5 569.4 558.3 554.7 543.9 539.9 539.3 543.9 543.8 550.9 554.7 564.1 567 573.3 580.3 586 586.3 584.5 578.5 573.8 572.6 566.8 561.5 555.9 544.3 532 519.4 507.2 496.1 478.9 465.5 454 446.4 439 432.5 427.2 421.8 419.4 417.9 416.6 413.7 409.4 405.9 404.1 400.2 398.5 395.5 397 390.4 387.4 385 381.4 379.4 380.9 382.6 378.6 382.2 386.1 392.4 399.5 409 414 421.7 433.3 449.1 456.3 464.5 470.5 480.9 490.9 500.7 511.4 524.8 539.4 554.4 580.3 607
542.4 553.6 546 537.4 534 528.1 517.3 523 526.1 529.3 531.5 535.2 539.2 546.4 557.1 562.3 567.9 567.5 567.9 567.1 566.4 564.5 556 551.4 542.6 533 521.9 508.8 497.3 487.3 473.2 456.1 442.3 431.7 427.8 421.9 416.7 412.1 409.6 407.6 406.6 403.6 400.9 398.5 396.3 394.2 393.9 391.7 389.2 384.3 382.8 378.9 375.5 378.6 381 380 377.4 385.1 389 393.4 406.1 410.6 418.6 434 448.8 458 463.9 478 482.7 497.3 505.6 520.9 528.6 542.2 562.5 583.2 600 616.2
518.6 527.5 520.4 518.5 513.6 506.5 499.7 505.2 511 512 511.7 515.2 521.9 531.5 537.8 542.5 548.7 553.2 556.8 560.5 563.7 555.6 547.8 540.4 533.6 521.9 510.5 496.1 481.7 469.1 459.2 446.7 433.9 424.9 418.6 412.3 407.5 402.7 400.8 396.8 396.7 396.3 393.8 390.8 389.2 388.2 386.9 381.5 382.3 378.5 375.8 373 372.4 376.5 375.3 374.3 380.4 384.5 393.3 398.6 406.5 416.7 428.4 441.5 458.5 470.4 485.2 490.5 499.7 513.6 526.1 536 546.6 564.2 587.3 614.4 632.3 645.8
498 494.4 493.4 495.4 490.3 489.6 483.5 484.4 488.3 491.2 492.9 498.9 509 520.4 521 532.1 538.7 542.1 543.8 541.2 542.2 543.9 544.1 535.7 525.6 513.8 504.5 494.8 476.8 458.7 444.2 433.2 423 416.1 409 405.4 399.4 394.4 389.4 388.4 388.2 388.6 387.4 383.4 383.6 380.7 374.9 374 376.6 374.1 371.1 367.5 371 374.4 372.2 379.8 380.8 388.5 395.5 403.7 414.2 424.7 434.9 453.3 469.4 484.1 502 506.1 517.6 530.8 544.3 555.8 567.9 590.2 614.6 642.8 665.1 677.3
473.1 468.6 471.7 468.3 468.4 472.1 474.2 467.3 472.1 474 474.5 486.7 494.5 503.6 509.2 514 518.5 529.2 532.8 530.1 532.6 536.4 544.7 541.2 532.8 517.8 498.6 489.3 467.6 453.5 436.4 422.6 415.6 411.6 406 395.2 388.2 385.9 383.3 382.9 384.3 383.7 380 377.6 378.3 372.8 366.6 365 372.4 369.1 366.1 366.1 368.9 370.3 369.6 377.4 379.9 388 401.5 411.8 420 434.6 446.2 462.2 484.3 497.2 512.5 524.4 536.9 548.6 564.3 577 592.4 617 652.1 673.8 692.1 708.3
446.9 442.9 445.8 441.6 451.9 454.4 458 454.5 457.4 459 465.9 473 478.7 486.2 494.1 495.4 507.9 514.6 516.9 517 523 536.3 538.2 534.1 526.9 508 486.9 471.6 458.5 439.7 427.1 417.4 409.9 402.9 400.6 390 382.4 378.1 378.3 376.3 376.2 373.5 374 374 375.8 369.3 361.1 359.1 363.6 365 363.3 361.8 363.3 370.8 373.5 375.1 383.8 395.6 406.9 418.8 435.2 444.6 456.2 471.1 496.1 511.8 525.4 541 556.2 570.1 584.1 599.6 616.1 650.5 680.6 696.8 711.8 723.9
421.7 418 423.5 421.8 425.4 431.2 443.2 440.1 443.1 449.4 454.1 459.2 465.2 472.4 477 482.4 495.5 497.8 502.9 506.1 506.8 517.7 511.1 507 505.4 484.6 467 454.1 443.1 431.3 420.7 409.4 401.6 398 390.7 383.1 378.5 374.1 370.5 369 366.1 366.1 367.1 368.3 365.4 364.2 359 353.9 356.7 363.2 361 355.7 368.1 371.4 375.6 381.1 391.8 401.5 414.3 427.5 446.3 457.7 466.9 482.9 508.5 522.6 543 558.2 575.6 591.4 607.4 621.9 649.5 676.4 693 708.7 724.1 734.7
395.5 398.7 404.9 402.4 401.8 408.9 417.6 427.9 434.3 434.4 437.6 449.7 451.9 456.1 462.4 469.9 473.5 482 485.4 486.3 488.8 497 487.3 483.4 483.7 465.3 451.4 440.5 431.6 424.6 412.7 404 395.2 390.8 385.4 377.4 373.9 370.2 365.3 364.9 361.4 361.2 361.8 362.1 359 356.8 351.1 349.6 348.5 355.1 353.2 362.8 370 375.5 379.4 383.3 392.8 405.9 419.1 436.9 460.4 471.9 483.9 500.3 520 537.2 555.5 576.8 595.1 611.9 625.2 644 668.8 688 701 714.7 727 739.8
375.9 383.7 386.6 385.9 387.1 389.7 395.5 406.9 413.8 424.8 427.3 433.8 434.7 437.6 447.3 454.5 458 462.1 465.1 472.7 479.1 470.2 463.6 456.8 458.8 449.4 434.8 428.3 419 415.3 409.8 397.4 389.1 384 380.1 372.3 367.4 367.1 361.2 358.3 357.8 355.4 355.8 356.9 353.3 353 344.7 341.4 340.9 349.7 357.2 366.1 377.3 380.6 387.2 390.2 401.7 419.2 426.6 442 467.7 486.2 504.4 518.4 535.5 551.2 570.5 593.4 611.2 627.8 644.3 662.6 678.5 693.1 704.2 716.4 730.1 742.5
361.2 366.7 369.2 371.1 372.3 376.3 383.3 389.3 396.6 407.9 416.9 417.4 422.5 427.4 434.2 439.2 437.9 440.6 448.3 455.9 458.8 449.9 444 440.7 438.2 431 421.5 412.7 409.2 404.8 406.3 394.8 383.9 379.3 374.2 365.9 362.9 359.8 355.6 350.8 352.2 350.1 351.8 348 345 339.7 336.2 337.3 344.8 352.3 358 369.5 374.3 382.4 395.9 403.4 415.2 428.1 439.6 456.1 479.9 497.2 520 539.4 554.7 566.6 585 605.5 626 646.3 663 667.7 678.2 693.7 704.5 719.9 730.7 741.8
348 350.5 359.5 361.2 361.4 366.4 373.7 378.6 384.6 389.2 401.6 408 407.7 412.2 415.5 417.7 420.9 428.8 434 441 438.5 435 429.5 425.1 418.1 414.2 408.4 398.6 394.9 396.6 397.7 390.6 380.2 373.9 368.7 364.3 354.7 352.9 352.7 347.9 347.7 347.9 345.3 343.2 334.9 331.8 330.1 338.3 345.5 354.4 361.9 364.1 378.6 391.2 403.6 414.6 425.8 442.6 454.9 470.3 494.2 516.4 532.6 558.3 578.4 594.1 603.8 624 640.7 660.2 668.3 668.3 678.1 690.8 702.5 713.8 728.8 735.2
337.7 336.9 344 350.1 351.3 356.1 364.5 368.1 376.3 382.9 392.2 395.5 395.8 403.4 403.2 404.2 410.6 415.2 417.9 424.9 423.1 422.9 417.6 409.1 403.7 401.4 396 392.7 387.9 384 382.4 380.5 374.3 368.3 364.2 362 354.4 346.9 343.5 338.3 342.2 341.2 338.8 333.4 327.1 323.8 329.3 334.7 338.7 347 356.8 372 387.4 399.5 416.6 419.3 430.7 455.3 475 491.7 513.6 536.3 554.6 570.5 597.4 613.9 631.4 642.1 650.7 659.9 665.8 665.7 675.4 684 696.9 706.9 717.6 729.1
327 326.8 329.2 342.3 342.1 344.6 353.5 357.5 366.4 376.7 380.8 379.4 384.4 388.7 395.7 397.8 403.5 403 411.9 411.9 409.4 408.3 402.4 396.6 392.2 390.6 387 384.2 386.2 379.2 371 367.4 363.9 360.7 359.8 359.2 350.9 343.5 339.2 334 332.6 334.6 330 324.8 320.1 322.9 326.2 328.9 339.6 353.9 365.4 380.7 398.1 418.1 430 439.4 453.9 475.3 494.8 515.1 533.8 555 572.5 590.7 602.6 622.2 638.2 641.8 645.6 654.7 658.9 662 663.7 675.5 689.6 699.7 707.4 717.2
321.8 320 324.6 328.3 330.8 332.1 337.4 345 353.3 362.1 362.8 367.9 373.3 378.9 385.5 385.5 386.3 391.4 392 394.8 392.7 390.3 387.7 386.7 383.9 379.8 379.1 378.5 378.9 374.7 363.8 360.2 357.8 356 353.7 348.1 345.3 338 335.4 330.2 325.4 325.4 324.8 314.1 318.2 320.8 327.5 335 348.2 362.3 376.4 392.9 416 428.1 443.4 457.8 474.5 509 522.8 537.6 554.2 567.6 585.4 601.7 613.3 625 628.1 635.1 641.1 648 649.9 653.9 656.1 668 678.8 692.4 700.1 707.7
313.6 316.2 317.8 320.3 320 326.1 329.1 334.2 337 341.6 350.1 355.2 363 369.1 381.5 376.2 375.3 377.2 378.2 381 376.3 375.2 377.9 375.7 372.1 371.2 372.7 372.9 374.5 364.4 358.9 356.5 352.3 349.9 345.2 341.4 339.5 333.1 333.3 329.2 321.3 317 315.1 309 313.9 319.7 327.5 341.6 352.1 369.8 387.4 406.2 427.5 445.7 452.4 473 496 519 532.9 551.7 559.7 578.3 593.1 610 625.3 636.8 627.1 632.8 636.7 634.8 642.4 647.4 652.7 653.7 668.6 678.2 690 695.4
