public/OST50/NN25.asc
ncols 200
nrows 200
xllcorner 220000
yllcorner 750000
cellsize 50
[rows 70 to 104 of 200, columns 0 to 77 of 200]
305 310.4 313.2 314.3 318 319 317.8 324.9 327.4 336.2 339.8 340.8 348.6 362.7 362.8 361.4 361 358.2 364.7 364.6 363.5 366.1 368.1 364.5 361.8 364.3 364.9 363.6 364.3 361.2 356.6 351.4 347.2 345.1 340.8 337.1 333.1 328.7 328 323.2 315.1 305.4 308.3 304.8 312.6 317.5 325.4 343.3 347.6 366.6 387.3 413.3 435.5 450.3 467.1 493.2 508.8 525.3 542.8 560.2 579.1 593.7 604.6 616.4 635.3 637 628.3 627.8 633 628.5 633.8 638.4 643.6 644.3 652.8 666.4 676.4 685.4
302.1 305 306 306.6 310.5 311.3 312 316.4 318 324.5 325.8 330.5 339.9 345.4 345.3 349.1 349 347.2 353.6 356 350.3 354.1 357.3 354.5 359.8 361.7 355.8 356.1 356.3 353.7 350.3 346.3 346.2 339.7 333.3 331.1 331 322.5 318.9 316.4 307.8 298 302.5 300.4 305.3 311.5 325.8 331.8 342.5 352.1 381.8 412.7 430.8 458.3 479.5 499.7 514.5 528.1 546.5 560.9 585.6 603.2 611.6 617.6 630.2 632.2 627 625.6 626.4 621.9 628.7 632.9 631.9 636.2 643.7 650.7 662.4 668.4
299.1 300.1 303.1 305.2 303.3 308.7 305.4 306.6 315.6 317.5 321.3 327.9 332.1 330.3 336.3 340.1 341.7 337.4 336.5 341.9 345.6 343.2 347.2 350.7 352.1 352.9 353.5 353.4 348 345.5 343.6 338.2 337.5 334.9 329.5 324.6 322.7 318.1 314.3 304.3 298.2 294.9 295.3 293.8 296.9 302 310.9 315.9 325.9 344.1 360.3 389.2 409.6 444.7 459.1 476.8 493.7 514.6 524.6 563.7 590.9 592.8 601 613.7 620.4 616.3 619 619 620.5 617.6 620.7 623.6 625 627.4 628.9 642.2 649.8 655.8
297.9 298.4 300 298.8 300.1 299.8 304 305.5 306.7 311.7 315.8 317.9 321.2 330.3 334 334.6 335.1 330.7 325.3 331.2 338.1 337.8 337.8 340.1 344.9 348.2 350.3 350 343.5 342 340.8 333.4 330.4 324.3 322 318.5 313.6 313.2 306.7 294.9 291.3 290.4 289.3 288 290.9 292.7 296.7 303.3 308.8 323.7 336.1 352.2 374.7 396.3 411.1 425.4 440.9 472.8 479 512.5 541.2 554.7 566.9 574.9 572.6 600.6 609.4 609.7 610.7 611 614.6 613.3 614.9 616.7 613.7 628.9 635.8 642.6
296.4 297.2 298.4 297.9 297.8 300.8 301.1 302.6 304.9 310.2 309.9 308.9 314.1 319.3 324.7 325.5 322.6 322.2 324.4 325.5 328.6 331.3 336.4 336.1 339.8 344.2 342.8 341 340.4 341.1 336 331.7 326 321.1 316.2 311.6 306.2 302.4 294.1 287.6 284.8 285.3 285 282.4 286.5 286.3 286.5 289.3 294.5 304.7 313.6 326 345.8 362 371.9 392 399.7 418.2 434.2 447.2 471.1 495.9 512.9 526.4 534.9 549.3 568.8 576.3 588 593.9 599.3 601 603.5 602.9 602.2 610.3 619.7 623.2
294.3 294.8 296.5 297.2 298.4 298.9 301.3 301.1 304.4 307.3 303.9 305.5 310.3 310.1 313.5 310.2 315.6 315 327.5 319.3 322.3 326 331 331.5 340.6 337.1 335.1 336.3 339.1 335.8 333.1 324.1 319.3 317.9 313.9 308.5 301.2 291.9 282 280.6 280.7 281.1 281.7 279.9 281.3 280.3 282.5 283.5 286.8 295.4 299.3 305 316.6 331.1 343.4 356.6 365.7 381.1 393.3 406.1 420.9 441.1 455.6 482.1 486.4 497.5 507.2 524.5 539.3 551.8 561.2 571.7 577.4 577.4 579.5 580.5 593.4 598.2
296.1 297.4 299.4 299.5 298.5 298.8 298.4 300.2 301.6 300.9 304.2 304.5 306.3 306.7 306.1 306.7 308.5 314.4 314 310.2 313.4 318.7 323.6 324.9 329.9 328.8 333 335.7 331.1 328.7 321.5 316 318.3 316.6 312 305.3 296.9 282.9 278.1 277.7 277.7 279.3 278.9 277.2 277.2 276.5 274.6 276.9 280.9 284.2 288.5 292.4 298.9 309.8 316.1 326.4 337.1 350.2 360.7 373.4 387.3 401.4 413 425.1 446.1 456.2 474.7 482.9 492.7 504.2 516 529.7 536.3 547.6 551.9 541.3 559.5 567.3
300.9 304 302.7 302.8 300.2 300.2 301.6 302.5 301.3 302.7 304.2 305.1 305.4 305 305 306.2 305 306.9 308.7 306 309.2 313.8 316.9 320.4 324.2 329.2 330.7 330.6 326.2 325.2 314.7 314.9 316.8 317.5 304.8 300.4 288 278.8 276.4 275.5 276.2 277.7 276.4 275.4 274 272.9 273 271.5 274.6 276.3 279 283.5 288.2 293.1 300 305.5 314.8 322.3 335.3 346 357 367.1 379.2 395.3 410.2 421.5 431 445.3 455.4 468.6 478.6 488.4 500.5 510.1 514.1 516.5 494.2 527.1
306.5 303.4 306.6 304.2 302.8 302.6 304.8 302.6 303.5 305.4 304.8 305.3 305.3 305.6 304.2 304.3 304.4 305.1 305.6 307 308.4 309.2 311.3 314.5 315.1 323.6 327.3 322.9 321.6 317.1 313.8 311.2 308.9 308.9 303 290.8 279.6 276.7 276.6 279 275.7 275 274.6 276.8 275.8 275.1 274 272.8 272.6 275.7 273.8 276 278.6 280.4 289 294.1 296.7 304.1 318.2 322.9 329.9 341.5 352.6 366.3 376.3 388.3 399.5 409.3 420.1 432.5 443.7 456.6 463.7 476.1 477.6 482.6 484 491.7
314.5 312.1 312.3 309.5 308.5 307.9 306.7 307.5 308.6 306.2 305.4 305.1 305.7 304.5 304.3 304.9 303.6 301.6 301.6 301.6 305.7 307.2 307.7 309.6 310.8 311.7 313.9 318.1 314.3 313.9 312.4 309.3 306.5 301.2 293.6 280.2 277.3 276.6 281.7 277.9 276.6 276 276 278 279.5 277.1 277.1 277.9 271.5 271.6 271.6 272.4 272.8 275.3 277.9 282.9 286.9 291.6 300.5 306.3 308.8 317.2 328.3 339.1 350.6 360.6 371 381.9 390.6 399.5 411.1 420.1 431 442.1 446.3 452.3 456.1 445
326.2 325.2 322.2 318 316.8 313.8 314.5 311.9 308.7 308.2 306.8 305.5 305.1 304.5 304.6 305.8 305.2 306.6 303.9 303.7 304.4 304.5 306.3 304.9 310.9 313.5 313 309.3 311 312 311 310.4 302.7 292 283.8 278.6 278.1 280.2 280.3 278.6 277.6 277 278 278.4 278.5 281.3 277.3 276.6 274.1 271.5 271.4 270.8 271.4 271.1 271 276.6 279 284.9 291 291.7 292.9 299.4 308.3 319.3 330.3 339.2 348.9 354.4 363.5 372.6 384.7 392 401.4 409.9 417.6 421.9 427.6 417.4
341.4 335.6 331.7 329.5 324.5 322 316.4 314.1 314.5 315.1 308.8 308.8 305.2 305 305.9 306.7 306.6 306.4 307.2 305.9 303.7 304.8 304.1 305.6 310.4 314.7 313.8 306.9 306.6 306.7 308 307.6 294.9 286.8 279.5 278.6 280.4 283.7 281.4 280.2 280.6 279.9 279.7 279.5 281 278.5 276.7 276.4 273 271.5 270.3 271.8 271.3 270.1 269.6 270.7 275.2 277.2 282.5 282.9 283.8 287.4 295.5 302.4 313.1 321.1 329.4 335.9 341.8 353.2 361.2 370.8 379.2 384.7 392.4 397.8 402.5 403.6
366.4 354.8 346.2 339.4 336.2 328.7 323.5 325.6 321.3 314.8 311.5 309.2 306.5 306.8 306.4 308.1 307.9 307.4 312 306.1 304 303.8 305 305.4 311.3 311.4 309.1 308.4 302.5 305.3 296.9 293.9 288.5 279 280 280.9 285.5 284.4 283.2 282.6 284.2 282.2 281.9 283 281.6 279.7 277.6 274.3 272.6 271.4 269.8 272.2 272.9 271.4 269 269.4 272.1 276.3 276.7 278 277.9 279.8 285.6 291 299.9 308.2 314.1 320.5 328.1 336.9 344.5 351.8 360 364 369 376.3 381.3 382
394.1 385.6 368 355.7 347.8 340.9 338.8 337.8 331.8 322.7 314.4 312 308.5 306.7 307.3 310.2 308.6 307.8 307.9 307 303.7 303.8 304.7 305.7 310.9 307.8 305.7 305 302.1 299.9 298.2 286.8 280.5 281.9 282.1 289.7 286.5 286.5 285.3 291.9 289.1 285.9 284.6 285.7 284.5 281.9 279 276.3 273.7 271.2 270.8 271.1 270.7 271.3 268.7 269.2 272.1 271.6 272 272.6 273.4 275 278.3 283.1 289.4 295.5 302.9 309.7 318.3 325.5 331.3 337 346.1 347.9 351.5 359.9 363 363.6
425.7 411.7 396.4 388.8 373.1 357.7 348 342.3 335.9 326.9 321.5 315.7 311 309.1 308.5 308.9 308.7 306.9 305.5 303.9 305.1 304.6 304.7 305.4 305.9 304.3 296.8 294.3 295.7 297.4 293 280.5 281.8 285 287.6 290.1 289.8 289.2 290.9 294.1 294.1 290.3 289 288.5 287.3 284.6 281.1 277.8 274.5 272.1 270.7 269.8 270.7 270.6 268 270 269.8 269.3 270.3 270.5 269.8 271.7 275.7 278.3 282 285.4 292.3 298.3 306.4 311.3 317.9 322.5 328.5 328.9 334.2 339.6 345.1 347.9
467 448.5 430.4 406.8 390.6 376.5 361.1 350.9 343.2 334.5 328.6 324.5 315.7 311.9 309.4 308.4 307.8 307.8 304.4 304.9 307.8 308.5 303.6 306.9 306.5 303.3 295.9 291.5 292.2 288.3 281.4 282.3 283.6 288.1 291.4 293.7 294.1 295.7 297.3 299 297.4 295.5 292.7 292.9 290.3 286.4 283.9 279.7 275.7 271.4 270.5 269.1 270.3 271.4 267.5 268.3 266.3 267.8 271.4 269.3 268.3 269.1 270.6 273.9 276.4 279.9 285.3 288.8 295 300.3 305.7 305.9 310.7 316.4 322.1 327.4 332.3 333.5
518.5 482.1 460.9 430 413.1 396.1 386.9 367.3 354.4 344.8 335.9 327.9 320.7 316.3 314.5 308.8 309.7 306.2 304.7 305.4 308.1 309.5 304 306.6 301.8 295.2 292.9 288.3 282.8 283.3 283.5 282.7 286.4 292.3 295.1 297.3 297.8 298.7 301.4 305.3 303.6 303.6 300.7 297.1 294.4 289 286.6 281.8 276.3 271.6 269.8 269.9 269.9 271.6 268.9 267.5 268.4 266.6 268.7 268.3 267.7 267.4 267.8 271.5 272.2 275.3 276.2 279.1 285.1 291 292.5 293.9 298.7 306.2 311.3 316.1 319.3 322.4
555.5 546.5 518.4 493.1 450.8 431.4 407.7 385.5 372.3 361.8 344.9 333.6 326.7 322.6 319 314.4 310.2 307.9 305.8 306.1 306.7 308.1 305.8 300.5 300.8 296.9 287.6 284.6 284.3 284 283.8 286.7 296.9 296.8 303.1 303 302.9 303.8 311.2 313.6 306.9 305.5 304.6 301.7 301.4 294.2 290.2 285.6 280 274.7 271.2 269 269 268.6 268.5 270.6 268.9 267.4 267.1 267.6 266.9 266.6 267.1 268.7 269.4 270.9 270.6 274.2 278.7 280.2 279.6 285.1 289.7 297.1 302.2 308.9 308 309
609.1 586.5 551.2 525.7 499.7 456.4 421.5 411.1 399.8 371.4 358.8 347.4 336.6 331 324.9 316.8 308.7 308.1 309.7 307.1 305.8 308.8 302.2 298.6 297.7 295.7 295.2 285.7 285.2 284.9 286 297.1 297.8 299.2 304.1 309.9 311.4 311.2 316.7 323.6 318.5 311.3 308.9 308.9 305.2 301 295.9 291.3 284.2 280.3 274.1 271.2 269.3 268.6 269.7 269.8 270.9 268.7 265.5 266.7 266.1 268.1 266.4 267.8 267.3 266.4 267.6 271 271.4 273.6 273.8 283.1 284.7 290.9 293.3 296.2 298.6 300.8
656.4 636.7 600.3 548.1 510.5 479.7 454 431.7 409.2 386.6 374.3 368.7 358.7 347.4 331 322.8 311 308.5 309.1 304.9 302.2 299.7 298.4 295.9 296.8 299.4 288 286.2 286.1 285.4 299 300.1 302.1 305.8 309.3 316.3 317.6 317.6 323.5 328.3 324.7 319.5 316.1 312.9 312.1 308.7 302.2 294.6 288.8 282.9 280 277.6 272.9 271.4 271.5 273 271.1 268.2 267.9 265.8 265.9 266.7 265.3 265.6 266.5 264.7 264.6 267.7 265.2 266.4 270.1 273.7 280.2 285.8 285.1 289 290.5 291.9
698.5 674.6 621.8 568.3 530.8 511.6 493.4 468.9 420.7 407.4 398.3 384.1 364.6 351.5 337.2 326.8 320 309.2 308.1 304.6 302.1 296.7 298.8 299.4 298.7 287.7 287.2 286.1 290 297.6 301.3 303.8 309.8 316.5 321.4 325.3 327.1 332.8 346.9 335.9 334.7 328.4 325.2 321.9 318.9 316.7 308.1 300.7 294.2 291.8 286.1 282.4 278.4 277.5 275.6 271.9 270.3 268.7 266.6 266.1 265.1 264.7 264.1 264 264.5 264.5 264.9 263.6 263.4 264 266.4 271.7 274.3 279.4 281.2 283.2 283.7 283.8
742.8 711.7 660.5 597 570.3 542.1 501 458.9 446.4 413.5 399.6 378.9 362 347.2 339.3 328.5 324.3 315.9 309.6 305.4 301.5 305 303.7 308.7 298.9 297.4 295.3 296.2 302.1 307.6 308.5 309.3 319.7 327.4 333.1 337.4 339.8 342.4 348.6 348.1 349 339.5 333.8 332.9 327.3 322 315.3 309.2 302.9 297.6 292.5 288.4 285.9 282.7 280.2 275.3 272.4 269.3 267.6 266.2 265.5 264.5 265.8 265.1 263.7 262.3 263.9 263.7 263.6 263.4 265.1 269.8 272.1 274.2 276.4 278 278.3 277.2
748 704.1 650.3 613.8 580.6 540.4 475 451.7 430.7 407.8 389.2 374.1 358.5 346.6 337.5 329.3 329 319.7 310.8 305.3 310.8 309.3 308.3 315.3 313.9 313.1 310.2 313.3 315.5 315.8 314.5 316.6 325.9 326.1 337.2 343.9 346.6 352.6 355.3 360 355.9 352.6 351.7 345.6 337.8 329.1 323.5 318.9 313.2 315.4 301.6 300.8 295.3 290.7 286.4 280 275.9 272.1 270.6 268.5 266.4 268.9 266.3 265.3 264.6 265.2 263.6 262.3 263.5 262.9 262.8 266.7 269.5 271.2 272.4 273.1 273.4 272.3
721.8 670.8 632.4 593.5 542.7 485.5 458.2 434.9 413 394.2 379 366.4 354.3 346.1 338.2 335.2 326.9 316.6 306.5 311.5 314.8 313.6 314.2 328.7 324.5 326.7 326.4 325.9 334 325.7 327.9 327 326.4 336.2 354.4 363.4 366 364.3 368.9 372.4 373 381.8 363.2 354.2 346.3 341.1 333.9 330.4 324.2 317.3 314.1 311.5 303.6 298 292.2 287.1 284.3 280.5 277 273.7 269.6 269.1 269.1 266.5 265.1 264.6 264.4 263.2 262.1 262.9 262.7 263 269.8 264.7 267 268.6 268.9 267.6
681.9 641.6 603.8 561.6 498 464 438.2 415.4 401.3 384.8 369.9 359.1 349.9 339.7 334.9 329.6 318.8 309.8 312.5 317.2 318.7 317.8 323.9 335.7 345.8 341.1 346.1 351.1 352.2 351.4 347.2 342.6 343.2 362.2 369.2 377.6 378.7 383.5 384.1 385.6 402.2 395.3 373.9 367 360.9 353.6 348 342.5 336.3 329.9 329.1 322.2 315.4 307.3 300.1 297.2 292.5 286.8 284.2 279.2 275.5 272.7 271.2 266.2 265.1 264.7 263.5 263.7 263 263 262.6 263.4 262.5 260 260 261 262.2 262.8
647.2 611.3 572.1 518.5 474.1 445.1 421.1 401.8 389 374.2 363.9 350 341.5 335.2 328.1 319.4 309.4 314.7 317.7 325 325.2 327.4 337.6 346 363.3 356.4 364.2 371.6 373 376.1 378.3 375 397.2 399.4 390.1 395.8 395.8 391.4 397.2 398.7 419.2 417.8 390.7 382.5 377.7 369.1 361.9 355.2 350.2 346 341.7 333.9 326.5 321.3 314.3 304.4 301.2 296 295.9 288.3 282.8 276.8 270.3 269.1 265 264.8 264 263.5 263.9 263.5 262.6 261.2 260.9 258.3 257.4 256.2 254.4 252
625.4 581.3 543 496 456.9 428.8 409.3 390 377.4 365.1 353.2 342.2 334 329 321.2 314.5 316.5 320.8 325.9 330.2 334.4 339.5 348.8 358.5 376.2 378.1 382.5 386.6 396.2 399.2 404.4 407.2 422.7 453.9 447.1 428.3 416.2 414.7 417.4 419.2 429 425.2 414.5 405.6 398.1 392.6 380.1 373.1 369.6 364.7 359.4 345.8 337.6 331.2 325 315.8 309 307.2 305.4 297.1 289 284.7 277.8 275.2 268.7 267.7 266.4 265.5 264.9 263.9 263.2 262.1 261.5 261.8 262.1 261.6 257.7 253.8
591 551.8 515.3 488.7 444.4 412.1 394 379 363.3 352 343 333.5 328.1 323.1 316.2 320.4 323.4 329.3 333.8 339.5 345.5 350.2 362.5 376.7 389.5 397.5 405.5 412.6 422.9 438.9 436.9 444.3 499.7 496.5 467.7 445.8 434.6 428.3 428.1 454.5 461.2 447.7 439.3 431.8 428.3 415.4 406.4 399.3 389 385.8 373.5 360.2 353.2 344.7 337.6 332 321.1 318.2 311.6 305 301.5 293.1 287.5 279.7 274.2 271.8 270 268.8 267.1 265.5 264.6 264.3 264.8 264.4 264.1 263 259.3 254.2
556.9 530.6 497 454.4 418.3 399.1 380.4 365.8 352 344.7 335.3 330.9 323.4 318.7 321.5 324.6 329.6 334.1 345.1 350.7 354.9 364.8 378.5 397.6 412.9 422.1 432.1 441.6 451.5 470.4 480.8 553.8 542.3 504.2 486.1 473.3 472.1 464.7 450.7 475 491.8 482.1 467.6 478.5 456 444.1 438.4 429.3 415.1 403.7 389.1 380.9 371.4 364 353.8 344.1 338.5 328.4 318.5 314.1 307.2 301.8 295.9 288.2 281.4 276.1 275.3 271.6 269.2 267.8 268.5 267.4 268.9 266.9 266.5 262.7 258.8 256.2
529.7 496.8 468.1 427.4 403.8 385.1 370.1 357.8 344.7 336.4 330.5 325 320.3 320.2 323.6 329.5 334.2 339.9 349.8 360.5 369 381.1 395 415.8 434.8 450.8 461.6 477.6 493.4 507.5 541.7 563.4 563.4 527.9 520.6 527.9 496.7 469.8 471.2 499.3 512.8 511.5 512.8 520.8 500.4 481.7 481.2 459 439.9 430.1 413.5 402.5 391.1 384.6 371.1 360.7 342.6 339.3 330.4 322.1 316.5 310.5 306.1 296.8 290.6 282.5 277.3 273.9 272.8 271.7 271.3 270.9 271.1 270.9 267.4 263 259.9 260.1
500.2 465.9 443.3 412.1 390.3 372.8 361.2 348 338.6 333.2 327.4 322.9 322 324.8 326.7 332.8 338.3 349.1 360 374 385.5 401 416.8 437.6 466.6 478.7 492.2 516.1 540 567.6 567.6 587 579.7 561.2 587.4 542.2 506 470.2 501.3 515.9 529.6 538.8 545.3 547.8 554.9 546.9 517.3 483.5 475.7 460.6 445.6 426.6 411.8 403.1 391.3 377.3 365.9 353.8 342.9 333.6 325.9 316.4 312.3 306.3 295.2 290 282.9 277.6 276.9 277.1 274.7 273.3 273.2 270.2 267.3 263.3 260 255.2
467.8 445.7 417.1 397.7 379.2 364.1 351.5 343.3 335.5 330.3 325.6 323.7 327.6 328.3 332.3 338.2 346.2 357.7 370.4 386.4 400 416.1 438.2 462.1 487.9 510.1 542.7 571.6 595.9 621.2 625.8 629.1 609.2 610.5 615.3 543.4 510.1 490.8 517.2 534.8 554.1 571.3 578.6 583.6 615.8 599.9 551.4 520.1 510.5 492.2 476.3 456.9 443.5 426.9 409.8 390.7 381.1 368.1 355.8 342.5 333.7 325.9 320.4 313.2 307 298.8 292.4 287.8 283.5 280.7 278.7 276.5 272.2 269.5 265.2 262.1 257.9 254.3
448.5 423.9 400.6 381.9 365.8 353.1 343.6 337.7 332.3 327.7 326.4 327.1 331.1 331.4 338.4 347.2 356.5 370.8 382.8 397.8 417.7 435.2 458.9 483.9 512 551.9 579.7 604.7 635.6 661.2 660.4 653.7 644.8 619.7 601.4 549.1 518.7 520.8 536.6 556.9 579 601.3 615.1 654 650 606.9 567.3 558.8 548.8 530.2 512.3 494.3 479.7 448.6 418.7 411.4 394.5 382.5 368.2 352.8 342.5 333.3 327.4 320 314.4 307.9 301.2 296.9 295.2 287.1 281 277.6 274.2 270 265.1 261.6 259.3 255.1
425.9 405.6 388.3 370.4 359.9 345.6 338.6 333.4 329.5 328.3 334.3 336.8 339.3 340.6 353 358.6 367.1 381.6 395.1 411.1 431.7 450.4 478.9 506.6 540 586.9 612.6 644.1 670.2 681.6 694.9 667.1 644.3 612.7 594.2 553.4 522.7 540.4 560.8 580.9 603.3 633.4 670.3 701 671.2 628.9 612 603.3 591.7 577.2 543.7 535 507.2 461.4 453.6 428.8 414.8 395.9 381.1 363.2 350.4 341 334.4 328.4 322.3 315.5 310.2 303.1 301 294.5 288.7 283.1 276.7 268.9 264.9 259.9 256.2 251.6
416.4 399.6 383.4 364.3 350.1 341.7 336.5 332.6 330 338.6 340.5 344.6 346.9 347.8 362.7 369.3 380.8 392.2 411 428.9 450.5 475.2 499.4 529.6 567.8 608.3 640.3 683.3 694.2 718.2 730.8 699.7 642.8 612.2 584.6 561 551.4 567.2 581.9 605.7 629 673.1 717.3 756.6 703.1 669 660.2 660.9 644.1 632.3 579.3 575.4 522.2 501.3 492.8 457.3 435.3 413.1 395.2 375.7 360.1 351.1 343.4 334.8 330.7 319.4 315.2 308.9 303.9 300.4 295.2 287.2 276.5 269.4 262.9 259.1 255.1 250.7
