public/OST50/NN26.asc
ncols 200
nrows 200
xllcorner 220000
yllcorner 760000
cellsize 50
[rows 0 to 34 of 200, columns 0 to 77 of 200]
770.3 782.2 799.1 809.4 823.5 822.8 809.8 804 794.1 780.7 771 767 748.9 738.1 715.1 683.4 652.1 631 613.4 601.2 591.6 588.2 592.4 596.5 588.2 586.8 581.4 585.7 584.2 583 589.5 601 604.3 607.7 611.1 614.1 614.2 612.4 611.4 607.7 604.7 600.9 596 590.8 581.2 568.6 550.5 542.8 537.5 529.5 518.9 511.7 513.7 510.5 503.5 493.9 483.7 493.6 491.9 489.5 486.6 487.3 480.7 474 467.5 462.3 454.6 449.7 445.1 442.1 437.6 431 428.7 423.1 418.9 413.7 406.6 401
746.4 737.3 762.1 771 774.6 778.6 776 762.6 754.6 748.3 732 722.3 721 715.7 704.3 667 635.6 612.4 594.6 584.7 580 582.2 592.1 588.4 575.1 564.4 561.9 561.3 565.5 572.7 579.1 582 586 588.9 592.7 595.4 595.5 594.6 592.3 590.3 586.4 583.9 577.8 571.2 561 548.1 530.3 522 518.9 513.3 505.7 494.6 500.5 497.7 491 485.9 474.3 478 475.4 474.4 470.8 469.7 465.5 458 453 445.7 439.5 437.8 433 428.7 425.3 421.2 418.6 415.4 410.9 404.8 399.3 396.2
718 701.9 715.1 735.5 739.9 731.4 726 730.8 719.5 713.3 691.7 685.7 690.4 682.9 666.7 646.7 614.3 595.2 581 571.2 569.1 581.2 574.4 565.2 547.4 537.8 541.5 549.7 549.9 556.5 561.2 564.1 566.5 571.6 573.8 574.9 574.4 572.9 568.4 567.3 563.5 558.3 553.2 549.9 540.8 527.1 517.4 506.7 506.5 503 498.7 481 486.2 482.8 477.6 471.1 460.4 462.5 459.9 456.4 453.2 450.4 448.3 444.3 437.4 432.9 427.9 425.9 421.3 417.4 413.7 411.7 410.4 407.5 401.4 396.6 394.4 393.8
683.1 678.7 679.4 685.9 698.8 696.5 688.2 689.1 683.8 672.4 653.6 647 659.5 647.2 639.1 626.5 600.8 580.4 567.2 557.5 560.1 555.6 552.8 537 526.6 528.9 538.7 530.6 536.9 539.3 545.6 548.7 556.1 554.5 554.2 552.5 551 548.4 544.1 540.8 539.6 535.6 530.4 524.2 520.6 515.3 505.7 491.9 489.9 489.6 479.5 468.4 470.7 464.6 460.6 454.2 446 446.2 444.1 441.7 439.5 438.2 435.6 432.7 425.9 420 416.1 414.2 411.3 406.6 405.7 404.6 401.9 397.7 395 393.5 391.4 392.3
675.2 668.8 661.9 656.1 664.5 663.9 660.2 649.4 647 635.2 623.9 620.6 628.8 627 618 600.6 586 565.1 557.4 548.5 545.2 533.9 529.1 514.8 516.6 515.5 511.2 517.5 521.7 525.2 527.6 531.6 533 535.6 532.1 531.9 526.5 526.4 523.7 519.5 515.1 510.8 506.9 504.4 500 493.8 488.4 479.3 474.4 470.2 462.1 454.9 453.7 448.1 445 439 433.1 432.1 430.8 429.5 428 428.2 424.3 419 413.2 409.3 406.9 405 402.4 399.2 399.1 395.5 393.6 393.3 392.7 392.9 391.4 391.3
645.4 648.7 645.6 629.9 624.7 621.4 628.7 626.6 618.6 610.8 597.9 603.3 600.9 597.3 588.7 583.7 573.4 553.3 544 531.3 521.7 518.7 505.8 508.4 501.3 494.5 499.6 509.3 507.8 510.1 512.1 518.3 518.7 519.2 511.5 508 506.5 504.1 497.2 495.6 491.8 490.6 488.4 484.5 478.7 472.7 470.1 462 462.2 450.6 445.3 439.5 439.1 434.6 428.7 425.3 422.3 422.4 421.2 420.8 419.1 416.6 413.1 408.1 403.1 401.2 399.8 396.4 393.9 391.8 390.2 389.2 389.7 392.4 389.5 389.3 385.6 390.5
628.6 631.9 623 609.2 598.1 587.2 592.5 594.7 591.5 582.9 570.7 575.8 576.5 574.3 576.4 565.5 563.6 543.4 525.4 513.4 508.1 498.3 497.9 488.2 482.8 486.6 492.6 494.6 496.4 497.3 502.5 503.6 501.4 497 495.2 493.9 490.5 482.7 480.6 475.6 471 466.5 465.3 463 461.2 456.8 452.6 444.7 438 432.6 427.7 422.4 424.7 419 415.5 417.9 409.6 411.8 412.5 411.1 409.9 408 403.6 398.7 396.5 394.2 392.7 387.5 386.2 385 385.8 385.8 385.1 389.9 383.9 381.6 387.1 395.4
600.1 600.5 589.2 585.5 573.5 561.6 558.5 569.8 564.8 559.3 552.7 556.8 562 562.3 552.1 549.9 542.2 523.6 509.7 503.1 490.6 488.4 476.9 471.2 475.5 481.5 481.5 479.7 485.5 483.8 486.2 486.7 482.6 478.8 478.4 477.7 470.2 463.3 459.2 456.1 452.9 450.7 444.6 440.1 439 435.1 431.8 425.9 418.4 416.2 412.8 410.5 406.8 405.5 404 405.4 403.9 405.3 405.2 405.3 403.4 401.3 397.3 393.9 389.9 386 384.5 380.5 379.5 378.8 380.6 381.4 380.4 382.6 379.4 381.4 387.7 390
564.5 556.4 564 567.2 553.8 547 541.6 548 540.8 540.5 543.9 549.2 541.3 540.8 542.8 534.9 522.6 508.5 498.4 487.8 476 469.3 461.4 464.2 467.6 469.2 471.1 471.4 471.4 467.8 468.6 468.7 468.5 462.3 460.8 453.8 449.2 445 442.4 437.1 434.6 432.6 429.3 425.6 421.7 416.5 413.1 408.9 404.8 403.1 401.3 398.5 393.2 394.2 393.9 396.3 397 399.8 401.5 401.7 398.1 393.2 388.9 387 383.9 379.5 378 375.1 374.6 374.5 375 376.3 376.4 378.7 380.8 384.3 389.8 388.2
554.2 548.4 546.2 548.5 537.1 532.3 529.8 528.3 525.6 520.8 522.9 530.9 535.7 532.9 532 523.3 507 495.6 486.9 479.1 463.8 458.6 452.5 457.5 455.5 457.9 459.2 460.3 457.9 459.3 456.2 453.6 448.2 446.6 442.3 436.4 433 429.2 425.7 424.4 422.1 417.8 414.4 409.8 405.8 400.6 398.9 397.3 392.7 392 389.1 388.2 385.7 385.6 388.6 389.8 393.5 393.4 391.6 391.4 387.4 384.8 382.6 383.4 376.6 374.7 374.9 372.6 374.1 372.7 371.2 370.7 372.7 376.5 381.5 385.6 389.5 392.4
533.6 533.4 530 527.4 519.2 519 520.6 509.4 506 503.8 507.5 517.1 517.1 510.5 507.3 502 493.5 483.2 477.6 470 457.7 443.8 440.8 445.2 448.8 451 450.2 450 447.9 445.9 442.9 441.4 436 431.1 426.6 425.1 420 416.7 415.7 412.5 408 403.7 398.5 396.3 393.5 392.2 389.5 385.3 381.9 379.1 380.3 374.9 378.1 380.1 383.7 384.4 385.6 386.1 383.8 382 379.9 378.1 376.7 371.5 368.1 368.8 370 372 369.9 368.8 367.5 370.3 371.1 376.1 387.5 399.6 394.5 389.8
508.6 504.9 501.2 501.9 501.3 503.7 502.7 487.7 489.9 485.7 490.9 497.2 495.4 494 493.9 489.2 475.1 469.2 462.5 454.3 444.3 434.2 430.2 439.9 439.4 440.4 440.9 440 437.3 435.1 433.1 428.6 424.7 419.2 414.8 412.9 406.4 404.2 402.6 398.7 396.4 392.1 388 387.9 388.1 386.3 384.3 379.9 374.6 370.2 367.5 369.4 373.5 374.9 378.2 376.9 381 379.7 377.3 376.9 375 373.2 366.3 363.1 363.9 364.6 367.4 366.4 361.7 362.1 364.4 365.9 374.6 381.3 391.6 393.5 392 389.3
482 481.2 479.5 477.8 481 482.1 477.1 466.6 461.6 470.9 482.5 481.4 479.4 483.1 475.2 464.5 454.5 451.6 450.4 441 432.5 422.7 428.5 429.3 428.7 428.7 431.7 430.1 425.7 424.5 421.4 416.5 412.3 406.2 405.1 399.4 396.5 394.1 391.3 388.8 386.1 381.8 381.8 383.4 380.3 379.5 375 376 369.9 366.7 362.5 364.3 367.9 371.9 374.4 373.6 374.3 370.9 367.9 367.3 365.7 362.5 356.4 358.5 361.1 357.4 359.6 359.7 361 362.2 362.8 367.9 372.2 376.1 382.9 381.3 377.6 372.7
450.6 455.3 457.7 458.3 462.4 456.3 450.8 449.6 443.1 458.3 461.9 458.8 459 460.3 451.7 445.7 442 443 433.4 424.8 423.1 411.6 419.1 423.2 423.4 425.8 426.7 418.5 419 416.1 410.9 404.2 400 395 392.2 389.3 387.4 385.1 384.9 379.7 377.2 377.4 379.4 382 378.4 373.6 368.6 364 361.6 357.6 358.5 363.8 369.1 368.1 364.5 360.2 359.8 358.5 357.8 354 353.9 355.4 357.4 362 365.9 372.8 373.9 374.9 367.5 366.9 371.6 371.2 365.8 364.8 366.3 367.4 369.1 370.5
406.5 414.1 422.3 423.1 428.5 429.2 432.3 431.2 428.2 431.5 435.5 434.5 436 433.6 433.7 429.2 425.3 422.8 415.9 414.4 409.4 410.9 413.2 412.2 418 414.6 409.2 411 415.5 404 396.9 393 386.8 384.5 383.9 379.8 378.4 379.6 377.4 374.3 370.9 370.7 373.7 373.6 372.9 366.5 359.2 356 353.7 354.3 356.1 359 362.4 359.4 355.9 352.7 352.4 352.9 356.6 358.6 355.8 358.5 364.9 375.8 385.4 387.8 385.6 381 380.3 381.7 383 379.9 375.9 374.9 372.2 367.8 370.4 371.4
376.7 380.6 386.1 390.9 401.3 404.5 405.1 402.3 404.7 412.1 416.6 415.3 412.4 416.1 416 412.2 407.4 411 404.1 398.9 401.4 401.7 401.4 409.3 406.1 405.2 405 410 397 389.7 381.9 378.2 375.8 376 372.5 372.4 374.2 372.3 369 367.3 366.3 365.7 365.4 369 365.7 356.8 350 350.4 348.5 352.9 353.6 352.1 350.2 349.8 350.2 349.9 351.9 354.3 356.6 358.4 361.5 370.7 372.4 382 384.7 388 385.5 387.3 390 395.4 393.8 386.6 387.6 386 375.1 370.4 371 371.7
355.9 359.6 363.6 366.3 371.4 375.6 378.4 381.6 383.6 393.1 392.9 395.4 401.2 398.7 397.5 394.8 396 396 390 394.9 395.5 389.3 395.2 395.3 397 402.6 405.5 389.8 383.1 376.7 370.6 368.9 367.3 367.7 367 367.5 366 364.4 363.4 363.6 359.7 358.4 359.2 361 355.8 347.7 346.5 347.7 347.1 346.9 346.7 347.8 348.3 348.3 353.6 361.5 363.7 359.4 360.4 365.1 372.9 375.2 379.8 387.3 384.2 393.9 392.6 390.3 393.5 393.4 391.5 387.9 388.7 385.8 374 370.5 373.3 373.2
335 337.9 342.5 347.6 350.2 354.6 362.1 370.1 370.6 370.2 371.9 377.2 382.7 382.2 382.6 383.8 385.8 378.3 381.3 382.6 378.8 380.8 378.6 388 389 388.5 378.1 375.8 369.3 363.2 358.8 357.6 361.3 363.5 365 364.3 364.4 358.2 358.7 358 353.7 354.7 352.9 352.1 344.4 343.7 344.2 344.4 344.5 346 346.5 353.7 363.4 377.9 376.3 375.4 381.2 381.7 378.1 376.2 379.4 385.9 390.4 390.9 387.8 394.2 392.5 393 392.4 387.9 387.2 385.9 385.6 380.6 376 373 374.6 376.3
320.3 322.3 324.5 328 331.5 336.1 339.6 347.2 350.5 355.3 357.3 358.6 360 363.9 369.3 368.4 366.3 359.2 363.3 369.3 370.8 369.3 375.3 381.4 374.4 368 361.4 357.6 353.2 346.3 351 355.6 363.1 365.1 362.4 362.8 356.3 356.6 352.4 349.6 348.1 345.8 344.1 345.7 341.9 342.4 343.9 347.5 356.4 368.2 381.8 392.7 400.2 400.5 395.3 394 395.9 402.8 404 398.9 396.7 400.7 400.8 404.8 407.4 400.1 393.9 391.4 389.2 387.9 386.8 385.4 382.6 378.6 376.6 374.3 376.2 384.3
308.9 308.9 313 313.2 319.5 324 326.5 331.7 338.1 341.5 343.3 341 342.5 353.7 358.3 353.6 347.1 348 358.7 360.6 358.6 365 369.3 365.1 364.7 352.7 343.3 340.5 337.3 345.9 351 356.7 351 353.4 355.7 351.6 348.4 344 341.9 340 339.1 340.4 342.5 339.7 340.5 346.9 356.1 365.1 379 385.4 395 401.2 408.2 408.7 406.8 409.7 416.2 422.1 424.2 421.3 418.5 418.3 415 412.9 412.1 410.7 402.4 395.3 389.7 389.9 387.9 385.2 379.9 378.2 375 377.8 379.9 385.5
294.3 292.6 299.2 304.7 309.3 316.6 319.4 319.8 329.9 328.2 325.9 326.3 332.1 340 338.3 332.2 338.5 345.5 348.4 349.1 354.8 356.3 354.1 353 347.9 337.6 327 328.7 333.3 336 338.4 339 343.4 348 344.1 340.6 335.4 337.5 341.9 338.3 338.8 338.2 340.8 350.8 362.9 377.6 374.2 386.6 393.8 401.1 403.1 409.4 419.3 421.8 426.4 434.6 436.8 439.5 435 435.9 433.8 433.6 432.7 435.2 427 421.3 417.3 407.9 395.2 389.6 388.6 385.2 380.8 383.2 383.1 385.6 386.5 390.5
281.2 279.9 282 292.5 299.3 306.9 312.4 314.5 320.1 320.9 319.4 321.3 326.8 331.4 323.4 331.4 337 338.9 341.5 346.4 348.4 346.3 344.5 340.2 331.2 319.9 312.6 317.3 327.6 330 332.3 336.3 341.2 339.1 338.6 334.1 336.9 339.2 341.9 343.2 343.3 348.1 360.7 373.8 383.7 387.9 397.1 403.9 408.8 413.4 416 425.7 432.1 441.5 453.1 449.2 454.4 450.2 447.7 444.6 447 442.9 445 443.8 432.3 429.1 419.5 412.5 402.6 391.4 390.1 381.4 383.2 384.3 385.8 389.4 389.7 391
274.5 274.3 280.9 287.9 293 296.6 303.2 307.7 316.6 315.5 314 317.8 320.8 316.1 322.4 328.8 332.8 334.2 338.6 342.2 338 339.8 333.3 326.4 321.4 313 327.1 317.7 323.1 326 329.9 334.8 335.7 333.9 335.6 339.9 343.7 345.2 348.3 358.4 369 374.9 391.7 394.4 403.2 411.5 413.8 426.6 433.3 434.9 441.8 447 450.9 453.6 462.9 468.7 461 457.5 454.4 455.4 453.2 452.5 448.3 442.6 433.1 426.8 419.7 410.3 400.6 394 385.4 383.5 385.3 385.7 389.1 390.6 390.8 391.3
271.9 273.5 277.2 278.9 282.3 286 292.6 299.1 308.8 312.1 304.6 303 312.7 318.4 324.9 326.5 328.6 331.8 330.6 330 335 328.1 319.5 321.5 315.4 324.6 330.1 322.7 321.1 324.3 332.6 339.1 343.1 345.3 342.6 345.4 352.9 364.3 378.2 404.5 405.5 421.4 426.9 430.7 442.7 441.6 448.7 462 470.2 475.2 471.8 474.2 477.9 474.4 484 484.3 478 468.7 466.6 463.4 455.1 453 447 437.5 431.7 424.9 417.6 406.8 398.5 392.4 384.9 383.6 391 388.4 388.6 390.6 393.8 395
268.8 270.3 271.2 273.7 274.6 278.4 286.4 292.7 298.9 301.8 297.8 305.9 315.1 319.8 323.9 324.2 323.3 324.1 326.5 326.2 323 317.3 315.4 309.7 326.6 330.5 332.1 328 327.7 338.4 347.7 351.6 349.9 351.5 359.7 364.1 372 404 419.8 422.7 426.3 442.1 451.1 460.7 468.6 474.3 482.9 485.6 492.4 504.8 513.7 504 506 507.4 503.1 494.7 481.6 475.6 471.9 469.3 460.2 454.4 446.1 435.6 430.6 423.9 417.9 409.5 398 388.9 386.9 385.9 389.6 388.9 388.4 396 398.3 398.6
281.4 279.3 280.7 278.5 277.3 277.4 286.4 291.8 294.4 294.6 298.3 305.6 312.9 318.3 322.9 322.7 321.9 320.7 323.4 320.2 320.1 311 305.8 321.8 330.6 341.4 336.6 331.6 338.6 340.7 349.2 356.7 367 376.5 384.2 395.2 407.7 419 433.1 440.5 450.3 460.9 475.7 484.3 487.9 493.5 506.1 515.8 516.1 518.7 530.6 529.6 530.8 530.4 518.5 500.1 494.7 482.6 475 470.9 464 454.6 444.1 434.4 430.4 424 418.2 408.8 400.2 390.7 388.7 387.8 388.9 392.6 397.2 401.4 403.9 405.2
300.4 293 290.1 287.4 283.2 277.8 285.9 293.5 299.4 299.9 301.3 316.5 322.4 324.8 324.2 322.6 319.1 318.5 319.4 319.7 308.9 310.4 322.2 332.8 337.5 338.7 339.1 338.8 344.3 350 362.1 377.2 383.5 387.9 399.3 411.9 423.9 439.1 448.8 456.4 465.6 479.4 489.2 498.3 504.3 515.6 522 530.8 534.2 541 536.9 542.6 545 539.4 527.7 509.6 500.5 484.5 477.8 472.3 463.1 453.9 443.5 436.5 430.6 423.6 415.6 406 397.6 393.3 388.7 388.6 391.7 395 404.2 406.5 408 412.4
328.5 314.8 303.4 296.9 290.6 275.6 288.9 295.4 306 308.9 327.5 326.4 329.7 326.5 325.6 321.3 319 318.6 320 309.4 318.4 322.3 331.9 337.1 340.7 343.5 345.4 347 356.8 374.1 396.1 403.7 398.3 403.6 416.5 424.8 434.4 452.5 462.1 469.5 480.6 489.9 501 509.8 522.5 530.5 534.3 541.6 549.4 559.6 554.2 551.6 550.6 543 533.7 518.7 501.3 492 481.8 472.3 462.9 454 443.2 437.9 432.6 424.4 414.9 403.1 398.5 392.5 390.2 391.6 398.3 404 405.2 414.3 412.7 426.5
340.1 327.8 321.1 310.6 301.8 274.4 294.6 302.7 312.1 323.3 320.4 331.6 332.2 331.9 326.4 319.9 321.2 321.3 314 308.4 317.9 330.5 339.4 343.6 347.7 355.4 359.2 366.4 381 397.1 411.3 419.3 429.4 435 447.6 455.1 466.4 469.7 481.3 496.9 505.3 507.9 509.6 520.4 535.5 540.9 547.3 552 559.6 563.5 553.7 552.3 548.8 538 534.8 523.1 503 491.4 482 474 464.6 455.1 444.8 438.3 430.5 422.9 413.3 402.5 396.9 392.3 392 395.7 398.9 409.4 412 422.9 426.4 438.8
339.7 336 331.9 318.6 307.2 295.7 295.8 302 314.1 313 316.8 323.3 322.3 318.7 316 317.1 317.9 309 302.5 312.7 323.3 331.5 345.1 359 372.9 379.2 388.3 406.5 417.2 427.5 428.5 438.5 444.7 455.7 465.9 479.8 490 500.2 505.7 510 521.9 529 539.6 545.7 544 550.6 562.2 573 570.5 567.3 558.7 554.4 552.5 547.1 546.2 523.3 505.9 494.9 482.5 475 464.9 455.6 444.4 435.7 428.3 420.6 411.1 401.5 394 396.7 395.4 402.7 408.2 410 420.8 427.2 439.3 446.6
348.7 343.2 339.1 328.6 319.1 302.6 293.3 300.3 304.6 307.8 308.5 309.1 304.8 300.6 299.1 302.1 301.7 301.9 319.5 326.7 338.9 349.2 376.7 390 401.3 406.7 421 422.9 438.8 448.2 457.6 464.7 468.2 482.9 488.9 496.3 508.7 519.3 524.3 529.7 541.9 554.3 560.8 563.3 562.1 568.5 574.3 589.4 580.6 574.3 567.2 565.6 562.9 557.9 551 525.6 504.9 491.4 482.6 472.2 463.9 454.3 442.2 436.4 427.5 418.4 407.6 400.4 397.3 402 399.3 404.9 412 416.6 422 440.1 451.9 459.9
351.6 350.2 349.4 338.4 327 309.8 297.9 296.3 298.3 300.6 298 300.4 305.5 308.2 311.8 316.7 324.1 328.7 345.4 354.5 371 387.2 403.2 407.2 418.7 430.5 439.6 444.4 457.5 467.5 475.2 487.1 491.7 497.9 506 515.8 523.5 530.4 543.5 545.4 555.9 565 576.2 579.1 584 579.3 584.7 590.1 586.5 584.2 581.7 577.8 562.4 561.6 546.5 527.1 508 491.4 481.7 473.3 463.9 453 442.8 438.4 430.4 419.6 410.6 402.2 399 401.7 403.5 402.6 412.8 420.9 433.1 444.9 457.7 471
369.8 360.8 345.5 335.6 323.4 307.4 299.4 296.5 296.8 300.9 303.8 306.9 309.4 314.1 318.5 328.8 341.8 350.6 366.6 384.3 395.6 408.3 411.3 422.5 439.8 450.5 457.8 461.8 475.2 484.7 491.7 502.6 506.6 508.6 516.9 526.5 535.5 543 548.4 555.4 561.7 572.1 581.7 588.1 595 593.1 592.9 592.8 592.8 591.4 593.8 579.1 565.6 556.8 539.8 530.1 507.2 491 480.6 474.7 463.7 454.4 446 439.2 432.1 421.7 411.8 403.2 403.6 404.6 409.1 405.4 411.2 426.2 439.7 452 467.3 478.2
367.9 360.1 346.2 334 321.3 310.3 301.5 297.2 302.9 304.5 307.9 314.2 320.2 324.4 333.2 345 361 372.6 385.3 397.3 410.4 421.2 427.6 442.9 455.8 465.2 473.2 479.4 489.5 497.7 506.1 512.9 520 533.5 540 548.5 551.3 553.9 564.1 573.8 579.2 584.5 593.8 600.4 604.9 605.9 605.5 601.6 599.9 598.9 587 579.8 566.8 552.7 539.8 531.9 506.3 492.5 481.2 473.3 463.6 455.1 446.9 438.9 427.7 420.8 412.8 410.1 407.4 404 408.4 410.6 414 426 443.4 461.1 475.9 490
376.2 372 350.9 336.2 326.4 309.2 299.6 305.1 307.9 313.5 316.4 321.2 330.6 336.7 351.3 365.3 381.3 389.9 401.6 416.8 426.7 435.5 444.7 455.3 466.7 479.8 486.8 496.3 506.8 512 521.2 533 539.5 547.8 558.2 565.1 573.5 577.8 585.1 592.2 597.2 608.5 617.9 626 629.5 630.1 625.2 617.8 608.5 605.2 593.5 581.4 567.8 553.4 544.4 529.7 506.4 492 481.8 471.5 463 454.2 447.7 437 425.5 418.4 413.9 413.3 410.8 409.6 411.8 417.9 423.3 428 448.3 462.1 484 502.6
