public/OST50/NN26.asc
ncols 200
nrows 200
xllcorner 220000
yllcorner 760000
cellsize 50
[rows 105 to 139 of 200, columns 0 to 77 of 200]
788.7 805 814.9 831.1 866 904.1 921.4 892.8 856.2 824.8 804.2 797.6 796.8 790.7 778.4 772 757.8 741.5 710.5 680.7 652.5 620.4 607.4 595.6 585.1 572.3 572.2 576.4 580.8 584.9 583.4 585.2 598.8 615.2 631 652 674.2 695.3 713.5 728.1 733.7 732 725.4 713.7 702.2 697.1 686.3 669.1 666.6 654.9 637.7 612.7 591.3 577.9 572.7 570.3 568.6 565.6 556.7 544.3 533.8 524.5 515.9 505.8 500.6 490.2 481 469.9 461.1 453.4 445.4 443.2 441.4 434.1 422.1 414.7 410.1 400.5
768.6 779.5 788.6 795.1 827.6 860.4 899.4 892.9 849.8 817.5 796.5 794.8 790.1 782.7 774.9 765.8 757 730 704.3 675.7 639.6 613.7 599.7 589.5 578.8 569.8 557.8 561.8 570 565.4 566.9 570.4 583.1 596.8 613 630.2 647.8 665.1 681.6 693.8 695.9 695 690.2 686.6 683.3 673.3 659.6 651.4 641.2 626.8 609.3 590.3 573.6 566.3 563.2 559.8 557.6 550.1 532.6 527.1 515.1 505.8 494.9 487.7 477.7 471.9 460.4 453.1 443.9 437.6 432.6 428.5 424.6 414.5 405.9 404.9 391 382.7
745.9 758.8 767.1 771.4 786.4 840.2 883.4 899.9 858.3 824.7 794.4 788.9 781.9 779.9 772.3 763.6 747.5 724.1 688.7 659.5 628.6 606.9 589.6 583.1 574.4 564.2 551.8 553.1 550.7 548.3 550.9 555.7 565.5 579.8 594.7 608.8 622.2 637.3 648 655.5 657.5 659.3 659.8 657 649.1 639.5 632.1 621.5 609.7 595 581.8 566.8 555.4 556 550.8 548.9 545.9 528.8 519.4 503 497.4 486.3 476.3 467.7 463.1 453.5 441.9 436 429.4 427.7 421.5 414.4 405.5 401.1 397.2 381.5 375.5 368.5
736.1 748.8 761.7 769 780.8 825.5 872.5 897.9 871.4 829.7 792.7 787.2 781.5 779.2 769 752 746.2 714.8 681.8 645 620.8 598.9 587.3 584.8 579.7 568.4 550.9 533.9 537.8 541.1 540.6 541.1 552.2 565.8 578.3 591.6 599.8 609.4 616.2 617.5 617.9 618.9 617.9 612.6 609.8 606.2 599.2 589.4 578.4 566.7 556.7 549.7 545.3 543.4 541.6 540.1 527.6 515.3 502.2 491.3 475.6 468.5 458.6 452.5 446.8 436.2 427.2 420.2 420.1 416.7 406.4 399.2 393.4 389 376.2 369.6 360.8 353.5
724.4 736.9 755.2 765.9 780.3 817.8 857.3 882.7 880.5 839.9 794.5 789.4 781 774.9 760.1 743.3 733 700.5 672.3 635.6 609.2 593.4 587.9 586.7 579.4 566.5 548.2 532.3 527.2 528.5 531 531.7 545.1 557 563.4 570.1 578.4 583.1 586.3 583.9 582.9 585.5 584.7 584.1 579.9 577.8 574.4 562.2 552.1 547.6 545.1 539.2 536 535.1 532.6 523.4 510.1 496.9 482.2 469.7 459.5 449.8 442.6 439.6 431.3 418.6 411.9 410.7 410.8 403.1 391.8 384 380.2 370.6 363.8 356.6 346.6 340.5
708.4 726.1 747.6 755.4 770.3 803 841.4 870.8 876.2 851.3 807.6 790.2 780.9 775.1 763.4 733.2 721 688.5 657.2 632.9 602.5 594.8 590.7 585.5 575.6 561.7 546.4 531.6 519.1 518.6 520 526.6 535 543.2 547 550.6 556 559.3 564 565.7 566 566.3 565.8 564.1 563.2 560.6 551.7 539 533.9 531.5 531.6 529.2 527.1 527.7 517.4 505.7 490.3 476.9 468.3 454.4 447.2 431.9 430 424.6 412 402.8 401.9 401.9 395.1 386.5 379.1 372.3 364.7 359.3 351.4 341.1 340.4 340.4
722.3 737 742.4 752.3 767 794.3 829.3 857.9 873.3 866.9 834.8 804 789.6 783.1 752.2 718.5 705.7 673.7 646.9 621.7 604.8 596.9 589.2 583.5 565.8 551.7 540.6 528.5 520.5 506.1 515.9 521.6 524.1 527.7 531.5 535.8 541.8 543.3 549.6 551.6 551.7 554 556.2 557.3 546.1 539 531 526.1 524.3 524.7 522.4 521.3 520.7 513 503.1 485 473.6 463.3 449.7 438.7 430.5 423.1 413.7 405.3 396.9 390.9 389 391.4 380 373.5 364.1 357.4 353 345.8 340.4 340.4 340.4 340.4
713.5 727 738.4 751.1 764.7 791 827.2 848.6 862.7 858.7 844.4 823.2 800.1 775.9 746.4 709.8 690.4 663.5 638.5 619.4 604.1 595.2 587.3 572.2 560.3 544.7 535.6 523.8 516.5 512.2 498.3 511 514 511.4 513.6 520.1 524 527.9 527 530.1 532.2 537.8 528 529.9 527 522.9 512.9 518.2 515.4 515 515.7 511.4 503.4 492.3 480.7 467.5 453.2 442.8 432.4 425.9 418.5 410.9 401.2 389.8 384.6 382.6 377.1 373.3 368.6 359.6 352.2 349.3 340.7 340.4 340.4 340.4 340.4 340.4
705.1 725.6 736.6 748.1 764.3 784 810.9 830 830 824.1 813.3 801.5 782.9 768.8 744.4 706.9 679.2 654.6 636.9 619.1 599.6 587 576.4 564.4 547.5 535.9 529.2 519.3 513.4 507.3 494.9 497.8 498.1 497 498.1 499.4 500.6 502.4 501.9 507.1 508.5 510.5 509.6 501.7 504.2 505.4 505.9 502.9 501 502.5 496.7 491.3 479.4 466.7 458.4 444.7 433.9 425.3 422.1 415.8 406.4 394.2 378.8 377 376 372.8 364.7 362.4 352.6 347 340.7 340.4 340.4 340.4 340.4 340.4 340.4 340.4
702.9 720.9 732.9 747.1 752.2 773.4 787.7 795 789.5 784.9 782.7 776.5 771.4 758.7 736.1 703.4 673.2 649.5 632.9 609.8 592.5 575.7 558 550.3 538.8 530.4 522.8 511.6 505.8 499.6 490.2 480.5 488 487.8 483.9 482.5 485.8 483.5 486.2 488 485 489.1 492.2 492.5 492.9 492.2 481.4 482.4 482.9 484.1 476.9 467.2 455.6 446.6 435.5 426.2 416.6 411 409.2 403.7 400.2 383.2 371.6 366.7 368 365.8 354.8 348.9 342.3 340.4 340.4 340.4 340.4 340.4 340.4 340.4 340.4 340.4
698.9 715.4 728.9 748.1 754.4 758.8 759.4 761.3 759.8 758 751.4 753 745.8 732.2 706.4 687.9 664.1 647.6 621.1 594.1 579.9 561.7 545.1 537.6 528.7 522.9 512.3 504.6 496.9 491.1 487.8 476.3 480.3 474.8 472.2 469.3 462.8 464.6 467.4 468.6 476.1 471 470.7 466.8 469.8 465.2 459 459 464.5 456.4 447.9 443 435.8 424 417.1 406.4 402.7 401.8 401.5 392.9 384.5 372 361.6 356.2 360.2 353.6 344.2 341.2 340.4 340.4 340.4 340.4 340.4 340.4 340.4 340.4 340.4 340.4
693 707.3 721.7 726.8 731.2 733.8 733.9 730.9 722.1 716.8 710.5 708.9 703.8 692 678.5 661.9 639.8 622.7 606.8 584 559.8 547.4 535.2 522.8 517.9 511.4 502.9 496.7 488.7 484.3 481.4 469.6 463.9 463 461.8 456.1 452.1 450.7 449.3 451.7 453 450.6 452.4 451.9 452.7 448 446.5 445.3 436.5 436.3 432.9 426.7 411.6 401 395.6 393.8 393.7 391.4 387 384.6 371.6 360.6 355.1 350.7 346.1 341.7 340.4 340.4 340.4 340.4 340.4 340.4 340.4 340.4 340.4 340.4 340.4 340.4
681.9 690.9 696.4 700.8 701.6 698.6 690.6 687.5 685.2 678.5 671.1 666.7 663.8 657.6 641.7 625.8 615.8 600.6 585.5 562.4 541.3 529.5 520.3 512 506.1 499.4 492 484.8 480.8 477.1 474.4 468.9 458 450.9 450.5 450.6 443.6 439.4 437 438.2 439.2 438.1 438.8 438.2 428.1 427.6 420.9 421 423.5 417.8 410.1 402.5 389.1 384 383 383.7 378.7 378.2 374.7 366.4 357.1 352.7 349.3 345 342.3 340.4 340.4 340.4 340.4 340.4 340.4 340.4 340.4 340.4 340.4 340.4 347.1 353.4
660.7 663.8 666.2 663.8 661.9 656.4 653.3 653.4 652.9 651.5 647.9 646.3 635.6 618.5 612.4 604.7 589.6 573.2 554 534.8 522.3 513.6 504 499.7 492.8 488.5 482.4 476.9 473.1 470.7 467.9 461.3 455.4 444.5 441.7 440.7 436.8 431.1 426.7 426.6 426.6 424.1 417.3 414.9 414.6 413.2 411.1 410.7 401.6 398.2 388.7 374.9 372.6 372.1 372.3 371.8 365.9 365.2 361.3 348.9 350 347 340.4 340.4 340.4 340.4 340.4 340.4 340.4 340.4 340.4 340.4 340.4 340.4 344.1 353.3 361.2 366.2
628.4 630.3 626.7 625.1 619 617.6 619.9 623.3 622.4 621.7 611.8 602.8 588.8 583.3 570 567.9 558.7 541.3 521.2 511 504.2 494.3 489 485.4 479.6 475.2 470.9 468.2 470 462.7 459 455.5 449.4 441.2 435.1 428.9 426.5 418.9 413.1 414.9 412.7 404.6 399.9 400.2 402 400.5 396 390.2 389.2 377.3 367.7 361.8 361.6 362.7 364.8 363.5 354.6 350.4 341 340.8 340.4 340.4 340.4 340.4 340.4 340.4 340.4 340.4 340.4 340.4 340.4 340.4 341 351.4 359.8 369.5 371.8 383.8
595.5 592.2 596 594.3 592 588.9 587 581.8 577.5 568.3 563.5 559.7 554.2 540.5 539 534.7 525.4 507.6 497.6 489.3 482.8 478.5 476 471 467.5 464.9 468.3 469.8 462 457.4 452.9 450.8 448.8 439.9 431.5 421.3 419.1 407.9 401.8 397.8 394.2 387.3 387.2 389.2 387.7 387.8 381.6 374.8 365.9 358.6 352.2 352 353 352.3 351.4 345.6 340.4 340.4 340.4 340.4 340.4 340.4 340.4 340.4 340.4 340.4 340.4 340.4 340.4 340.4 340.4 347.6 354.4 364.6 378.8 381.2 393.6 402.2
564 569.2 569.7 565.8 564 558.3 547.2 541.7 536.6 531.1 524.2 520.2 517.6 520.4 506 499.4 490.2 481.4 473.6 470.5 467.2 464 462.1 459.5 457.5 461.4 463.5 463.5 455.2 450.4 446.8 444.1 439.1 434.3 428.7 414 401.7 398.2 390.5 385.9 380.5 377.5 376.1 376.6 378.7 373.5 365.5 357 352.6 344.3 341.1 341.2 344.4 341.9 340.4 340.4 340.4 340.4 340.4 340.4 340.4 340.4 340.4 340.4 340.4 340.4 340.4 340.4 340.4 341 354 360.2 365.7 375.4 379.7 398.3 414.3 428.7
538.1 539.1 535.4 537.1 532.4 519.9 515.9 508.6 506.5 498.7 493.8 496.8 490.4 484 479 471.8 464.4 459 456.8 454.4 454.5 455.8 453.6 453.5 456 460.1 463.3 453.5 443.4 441.1 437.2 432.6 429.1 427.3 419.1 408.9 389.5 383.8 382.3 373.3 369.7 366.8 369 365.1 366.5 358.4 351.8 342.4 340.4 340.4 340.4 340.4 340.4 340.4 340.4 340.4 340.4 340.4 340.4 340.4 340.4 340.4 340.4 340.4 340.4 340.4 340.4 340.4 345.3 353.9 363.1 368.4 375.9 383.3 399.9 417.2 440.2 455.8
509.4 505.1 497.1 492.5 485 484.3 484.4 479.5 477.6 477.3 472.3 465.6 460.4 453.9 450.7 449.6 447.5 445 442.9 445.5 447.5 447.5 446.5 451.9 454.5 454.3 447.7 438.4 434.7 429.9 422.9 416.4 416.1 410.3 406.9 396.7 389.7 373.5 366.6 363.5 361.5 360.8 358.6 357.9 352.8 347.6 340.4 340.4 340.4 340.4 340.4 340.4 340.4 340.4 340.4 340.4 340.4 340.4 340.4 340.4 340.4 340.4 340.4 340.4 340.4 340.4 340.4 349.1 359.5 360.9 373.7 379.9 388.4 404.9 418 438.3 467.9 484.2
481.8 475.4 468.2 463.6 458.9 455.3 454.3 458.5 463.1 449.3 442.3 436.5 432.8 431.1 430.2 431 434 434.2 434 434.6 440.7 444.1 446.5 448.8 446.2 439.3 434.2 431.7 426.5 420.5 413.4 406.7 402.9 393.1 389.6 384.2 379 371.2 358.2 359 355.6 353.9 351.3 347 340.6 340.4 340.4 340.4 340.4 340.4 340.4 340.4 340.4 340.4 340.4 340.4 340.4 340.4 340.4 340.4 340.4 340.4 340.4 340.4 340.4 340.8 351 363.2 380.3 381.3 385.5 391.1 411.2 428.8 443.4 459.4 477.6 498.9
458 454.6 449.4 438.4 434.5 435 440.3 436.3 431.4 421.1 414.6 412 409.8 412.3 415.5 418.5 420.6 424 424.7 431.1 439.6 437.4 435.5 437.9 432.5 428.9 426 422.3 416.3 409.9 402.4 395.1 388.3 376 372.4 367 364.9 357.6 352.3 353.1 347.6 342.8 340.4 340.4 340.4 340.4 340.4 340.4 340.4 340.4 340.4 340.4 340.4 340.4 340.4 340.4 340.4 340.4 340.4 340.4 340.4 340.4 340.4 340.4 348.4 355.2 361.7 378.5 385.5 394.7 398.6 408.8 433.5 446.1 462.2 477.5 498.1 519.5
434.6 430.9 423.2 414.2 418.7 415.6 410.1 410.2 404.1 398.2 391 390.2 395.6 401.4 408.5 406.1 409.8 411.2 420.9 432 434.2 428.3 427.6 429.2 426.2 419.9 414.8 412.9 406.8 400.6 393.1 382.7 369.7 365.1 362.7 358 352.5 350.5 343.9 343.7 340.4 340.4 340.4 340.4 340.4 340.4 340.4 340.4 340.4 340.4 340.4 340.4 340.4 340.4 340.4 340.4 340.4 340.4 340.4 340.4 340.4 340.4 340.4 351.8 358.4 366.4 377.2 387.9 398 406.5 414.4 434.1 449.5 466.4 479.8 493.3 510.6 526.9
417.7 406.9 404.8 405.9 402.5 396.4 390.7 388 381.5 375.7 375 377.7 392.4 404.7 401.3 394.8 392.8 404.5 413.8 419.5 416.8 415.4 421 420 414.3 408.7 402.3 398 395.2 385.4 376.1 367.9 361.7 356.6 352.7 349 344 343.8 342 341.4 340.4 340.4 340.4 340.4 340.4 340.4 340.4 340.4 340.4 340.4 340.4 340.4 340.4 340.4 340.4 340.4 340.4 340.4 340.4 340.4 340.4 343.3 349 356.8 365.3 378.3 387 396 404.6 413.9 432 452.8 465.8 482.6 493.5 510 524.3 529.2
395.2 392 387.9 389 384.4 376.7 371 365.3 362.6 360.9 364.7 381.7 395.5 401.3 387.8 385.6 389.7 397.8 405.1 408.7 404.5 407.1 408.3 409.8 405.6 396.5 394.1 391.2 384.4 373.5 366 361.3 362.2 353 347.5 340.9 340.4 340.4 340.4 340.4 340.4 340.4 340.4 340.4 340.4 340.4 340.4 340.4 340.4 340.4 340.4 340.4 340.4 340.4 340.6 341 340.4 340.4 340.7 341.7 342.9 349.1 357.3 366.4 380.7 386.1 393.3 400.5 411.5 427.3 454 470.3 481.5 493.1 516.1 528.9 540.9 532
378.6 384 374.9 365.9 363.8 355.3 351.2 351.8 352.9 360.3 371.2 381.9 388.2 382.9 374.3 384.9 385.7 391.8 392.3 394 396.1 401.6 404.6 398.4 394.2 389 388.7 378.5 373.5 368.4 364.2 359.3 353.9 347.1 343.2 340.6 340.4 340.4 340.4 340.4 340.4 340.4 340.4 340.4 340.4 340.4 340.4 340.4 340.4 340.4 340.4 342.5 344.9 347.4 349.9 353 352.3 350.1 344.5 345 350 358.3 367.7 378.1 388.1 393.1 400.6 406.8 424.7 444.7 462.4 482.6 493.2 521.8 535.1 546.2 549.5 537.2
371.5 365 356.8 351.7 348.4 344 344.4 349.4 359.7 369.2 377.6 377.6 373.1 369.1 372.2 375.1 382.3 389.9 395.1 393.5 395.4 391.3 392.7 383.4 382.5 380.1 377.3 373.3 371.4 368.3 361.2 357.4 348.4 346.7 343 341 340.4 340.4 340.4 340.4 340.4 340.4 340.4 340.4 340.4 340.4 340.4 340.4 340.4 345.6 349.6 351.4 354.3 357.5 361.3 364.2 362.5 354.2 352 353.6 357.5 366.4 373.3 387.1 395.9 398.9 406.2 420.7 437.1 454.9 476.9 486.2 506.5 530.7 544.3 555.8 547.4 533
350.5 348.9 343.9 342.5 339.7 345.2 349.6 357.1 365.1 371.1 371.8 365.2 366.5 370.9 372.2 373.4 381.5 387.5 390.7 391.8 390.6 388.8 386.8 386.4 384.9 385.4 383 378.8 376.4 369.3 361.2 352.9 346.9 345 343.2 341.6 342.7 340.4 340.4 340.4 340.4 340.4 349.4 349.1 347.8 347.3 346.1 349.4 350.9 357.9 364 366.5 372.4 379.5 382.6 381.7 378.2 372.5 366.3 363.1 365.1 375.6 383.4 389.5 396.9 407.6 417 431.2 443.4 465.7 480.6 500.7 518.5 536.6 548.6 553.4 537.3 522.6
342.7 335.2 333.7 339.9 347.2 350.5 356.5 358.3 360.8 362.7 362.6 369.4 372.2 378.9 382 380.9 384.8 390.8 393.7 396.2 398.5 396.7 401 397.5 395.2 390.6 387 382.8 373.8 364.7 352.5 347.2 345.7 345.1 344.5 347.4 340.9 340.4 340.4 340.4 344 354.9 355.3 355.5 354.4 360.7 358.2 365.7 368.2 372.9 378 389.7 394.7 405 403.8 400.5 396 387.3 380.1 377.5 376 378.8 386.1 391.3 396.7 409.8 422.3 435.4 454.6 471.6 487 513.3 523.6 533.1 537.8 538.1 525.1 515.8
328.8 335.4 340.1 347.2 353.2 352 358 365.4 366 373.2 378 385.6 389.1 396.7 402.9 404.1 403.5 412.9 413.6 413.2 411.4 408.7 409 404.7 398.7 393.5 384.3 379.4 367.8 356.9 349.2 346.5 345.7 345.7 349.7 346.9 344.1 340.4 340.4 345.1 350.2 354.8 362.9 362.6 370.9 377.1 374.6 377.2 382.2 391.2 392.8 398.4 404.8 410.9 414.8 415.3 404.9 399.4 389.8 389.9 388.2 388 386.7 392.3 396 414.7 423.3 437.2 450.6 470.9 489.1 510.9 525.6 530.8 527.9 522.3 511.2 505.1
332.2 338.4 345.8 357.4 345 372.7 376.3 383.2 392 396.3 398.3 405.4 410.4 416.8 420.2 422.2 427.1 427.5 426.7 423.6 418.7 415.6 412.7 408.3 401.6 390.6 381.4 371.4 360.8 352.2 346.7 347 346.1 351.1 349.9 349.2 342.6 340.4 346.9 359 366.2 371.1 373 373.9 387.7 392.1 389.2 391 395.9 403.5 407.3 415.1 417.1 418.9 420.1 421.9 419.1 411.4 401.9 401 395.1 391.4 389.1 394.8 399.7 409 420.6 435.8 451 467.3 484.6 502.2 524.8 515 511.4 503 496.2 493.1
340 351 357.6 338.7 366.7 376.4 385.2 391 396.8 406.5 407 411.7 420.6 428.4 436.1 439.8 440.1 440.7 439.1 430.9 424.3 418.1 413.9 408.9 402.5 388.8 379.2 366.1 356.7 346.5 346.2 343.5 346.6 350.5 343.8 340.4 346.1 354.4 360.5 372.8 383.9 383.7 384.2 393.7 403.7 406.6 408.1 418.2 421.8 431 430.2 435.5 436.6 441.8 443.9 441.5 433.8 423.5 412.3 406.4 401.1 394.3 394.2 397.6 406.6 413.7 422.9 434 451 462.6 476.5 482.3 498.5 500.4 491.9 485.6 480.9 478.5
347.1 346.7 332.8 356 371.6 378.8 390 403.5 408.1 413.5 420.5 425.3 430.3 439.8 444.2 444 442.2 438.6 438.2 437.8 430.6 423 419.4 411 396.3 387.2 369.4 358.6 348.5 342.7 341.5 342.9 342.1 342.7 342.1 345.8 352.2 363.3 373.7 380.4 390.3 390.4 402.4 407.9 415.9 421.3 428 432.8 439.6 449.5 454.6 458.2 462.8 462.2 461.2 455.9 442.8 432.1 424.3 414.2 406.5 401.2 402.7 401.2 411.5 414 419.6 432.7 450.3 458.1 461.4 467.3 470.9 476.5 476 473.4 471.5 469.6
318.2 331.3 354.8 366.8 375.2 386.5 399.1 405.3 412 418.2 422.7 427.6 434.4 439.8 439.4 438.8 438.4 440.7 444.6 445.6 434 427.3 417.1 403.4 394.2 381.4 365.8 354.1 344.3 340.7 343.2 343.8 339 338.3 343.9 355.4 363.3 373.8 379.7 388.8 394.8 407.5 406.3 419.6 426.3 433.1 446.1 462.5 468.2 465.8 472.1 479.8 479.6 476.3 476.3 472.1 456.4 442.9 431.7 425.2 415 411.6 413.3 411.1 412 418.2 422.8 429.2 442.7 448 450 460.9 461 461.7 463.4 463.1 461 461.5
335 348.7 359 372.9 383.8 392.1 399.2 405.3 414.8 419.3 424.9 417.9 423.5 430.5 436.5 436.9 439.5 446.2 447.7 445.7 436.9 421.2 409.7 404.5 386.5 377 356.7 347.5 341.5 340.2 342.4 341.5 336.4 341.9 357.7 362.4 368.2 381.6 394.5 401.8 409.7 411.2 419.3 423.8 436.1 454.5 470.6 483.7 486.6 490.4 490.4 490.6 490.2 487.2 483.7 480.3 465.7 450.4 440.8 432.5 424.1 421.8 419.5 418.3 416.9 422 425.7 430.9 435.4 440 443.9 452.1 456.2 452.8 454.3 453.4 449.9 454.4
340 347.6 362.3 373.8 386 398.4 407.5 410.7 414.5 414.8 411.7 416.8 421.6 429.4 433.9 442.9 447.5 447 443.6 437.1 425.4 413.5 405.9 393.5 381.3 369.6 352.4 347.1 342.1 341.5 337.6 335.9 339.1 350.9 361.7 363.7 371.8 391.4 396.9 408.9 413.6 415.1 426.5 437.9 454.3 469.8 488.4 491 503.1 509.8 509.7 505.7 498.9 498.6 494 484.8 472.5 458 448.9 440.1 432.1 425.7 423.1 421.4 420.2 423.3 425.7 428.5 432.1 436.6 438.1 439.4 442.3 445.4 444.1 443.4 446.7 449.1
