public/OST50/NN32.asc
ncols 200
nrows 200
xllcorner 230000
yllcorner 720000
cellsize 50
[rows 70 to 104 of 200, columns 0 to 77 of 200]
635.3 650.3 667.1 683.4 708 737 760 781 797.8 799.9 789.4 777.3 759.8 733.6 708.3 690.8 683.8 678.8 671.1 662.1 651.9 644.4 641.7 633.2 633.4 627.1 620.6 618.5 624.4 626.9 629.1 622.8 616.8 616.1 616.4 614.6 613.3 606.6 602.7 597 589.2 577.3 563.5 548.8 536 519.3 505 495.7 483.8 468.1 451.3 432.7 413.8 396.9 379.6 367.1 365.4 360.5 352.7 345.8 340.5 336.5 335.2 324.8 333.4 345.7 349.6 350.5 364.9 387.9 410.4 438.1 461.9 484.2 505.5 529.6 544.8 550.6
639.3 653.9 669.6 687.5 710.8 733.9 762.3 792.8 814.1 807.9 792.6 779.8 766.3 738.8 725.7 698 690.3 687.1 684 669.1 658.4 648.2 645.5 641.1 644 638.3 630.5 632.5 633.4 638.2 637.6 635.7 634.7 631.6 630.1 632.1 622 618.3 607.9 601.9 590.9 579.1 557.6 552.4 537.3 514.8 503.7 487.7 474.4 457.5 443.3 426.9 408.2 393.7 380.5 372.8 368 362.8 357.1 352.5 342 337.5 334.2 328.8 339.6 349.4 352.6 357.8 372.9 396.8 423.1 446.5 468.9 492 514.6 531.4 552.8 569.6
644.5 655.2 671.2 689.3 708.2 731.8 767.4 802.6 822.9 815.4 801.6 785.1 766.6 738.9 730.5 707.7 697.4 698.2 689.2 673 661.1 656.2 649.7 647 648.5 643.9 643.5 645.6 649.9 650.2 652.1 652.2 648.3 648.1 652.8 646.1 635.3 624 613.1 602.7 593.2 573.5 556.7 547 532.5 514.4 505.1 488.4 468.3 450.8 435.2 415.8 402.8 391 383.3 376.1 367.7 357.1 349.1 340.9 333.8 327.6 328 328.3 337.7 348.6 354.4 362.7 378.4 403.9 426.1 454.1 478.7 499.1 519.1 536.8 545.3 562.2
648.8 659.8 671.5 687.7 707.5 736.2 774 814.1 832.1 823.7 811.1 794.6 767.3 738.7 727.1 713.4 703.2 701.9 690.2 678.9 668 659.2 653.3 650.5 650.2 653.3 654.1 657.4 660.8 664.9 673.2 674.4 663.8 661.9 663.1 658.4 639.9 626.8 612 608.2 587.4 572 558.8 547.3 534.5 516.9 503.4 486.3 470.8 448.6 430.6 415 399.6 390.9 384 376 360.9 349.7 346.2 335.7 331.8 329.9 330.6 330.9 336 345.4 353.9 363.2 387.7 413.7 440.1 461.6 481.5 501.9 525.1 529.4 535.9 551.3
654.2 667.5 682.4 693.8 712.3 743.3 785.6 834.9 840 831.8 819.3 799.6 772.2 744.3 731.9 720 712.6 704 695.9 686.3 679.9 666.6 660.6 655.6 656.8 661.4 665.2 670.4 675.9 681.8 687.7 683.5 672.6 671.8 663.5 661.3 638.9 624.5 606.6 602.7 586 567 557.5 548 526.3 516.7 499.3 481.7 464.8 450 437.1 423.8 408.3 392.8 385.7 372.8 359.3 359.1 350.2 339.8 334.5 335.1 335.5 335.3 337.6 345.1 355.3 372.7 395.7 419.5 446.8 469 492.5 507.5 524 530.5 541.2 556.1
666.9 678.4 691.3 709.3 728.6 760.9 812 847.9 847.7 839 824.6 803.2 781.6 755.7 733 724.6 717.4 711.9 705 694 687.7 678.3 672.8 668.3 668 671.4 675.4 681.6 688 694.6 694.1 689.1 673.1 672.9 663.2 648.9 639.5 624.3 604.8 598.1 582.6 562.3 556.8 544.7 527.7 517.4 494.9 479.6 463.2 445.9 429 418.9 406.8 391.2 384.3 375.7 364.2 355.6 348.5 341.7 344.4 341.1 340.3 338.7 341.2 347.2 359.1 378.6 403.7 427.4 453.3 480.2 493.2 512 526.6 536.1 547.9 564.1
678 694.7 712.8 729.9 751.8 786.1 842.2 857.6 855.3 848.5 830.4 809.9 784.2 764.8 741.5 728.9 726.4 722.8 717.5 703.3 694.3 694 692.7 682.2 681.8 683.4 688.8 695.2 698.6 702.4 698.1 689.8 669.9 667.3 662.8 652 639.9 622.4 605.8 591.5 569.9 558 550.5 541.1 526.1 516.8 489.5 473.4 456.4 444 428.9 414.6 404.2 394.6 387 378 363.6 358.3 352.2 351.2 349.1 342.5 339.2 339.4 343.1 348.9 366.2 389.3 414 435.3 461.9 478.9 497.6 517.2 539.2 549.4 559.9 572.7
703.2 723.7 738.1 756.6 785.4 817.9 842.9 865.5 863.7 856.9 838.8 816.5 793.8 772.6 747.9 736.7 731.7 732.8 724.7 714.4 708.4 705.5 701.7 694.1 690.8 693.2 699.3 704.6 711.4 716.2 697.4 679.3 661.3 664.4 660 651.6 635.9 618.8 600.9 579.3 553.8 548.1 541.5 536.7 521.5 510.9 484.6 467.3 450.8 440.2 428.9 419.8 408.7 390.6 381.7 376 368.9 359.4 356.6 358 349.3 342.8 338 339.8 348 352.7 372.8 395.7 417.6 443.6 470.1 487.1 504.7 528.9 548.8 557.8 567.8 576.9
741.2 753.6 770.9 794.6 815 842.2 871.7 873.5 868.5 862.9 841.1 818.6 801.9 785.1 779.3 755 740.8 738.1 733.1 724 716.9 714.5 710 704.6 700.6 704.5 708.6 720.8 732.6 717.9 687.1 663.9 653.7 657.2 654.4 645.7 631.9 612 593.9 563.1 551.1 543.7 537 525.8 513.8 496.7 479.9 463.2 448 436.5 425.3 415.3 400.9 388.8 378.4 373.3 367.2 360.9 356.2 348.7 341.4 339.1 339.8 344.6 353 362.1 381.5 399.4 420.3 448.7 475 496.9 513.6 534.2 554.6 560.6 568 574.6
798 814.1 814.4 827 855.9 887.7 891.6 885.3 877.1 866 848.9 825.3 809 796.3 789.1 767.9 755.7 746.1 740.2 732.1 727.1 728.9 728.3 724.4 721.7 727.8 736.3 737.4 746.3 708.5 676.6 663.1 648.2 643.4 637.2 628 612.8 601.9 584.1 556.4 547.1 540.7 538.4 522.5 501.9 485.5 472.6 461.7 447.9 429.7 417.7 406.3 401.2 393.3 373.6 366 359.5 354 351.6 343.3 341.2 341.4 347.9 351.7 355.1 366 384.5 403.7 424.5 456.2 485.5 501.2 522.7 540.6 552 562.4 571 579.2
842.7 863.6 876.8 892.7 901.7 902.4 900.9 894.6 883.8 871.6 853.7 839.7 829.3 809.5 792.7 779.8 768.8 765.1 754.6 762 760.6 766.4 772.5 774.2 771.4 771.2 755.9 750.3 741.6 700 670.9 658.2 644.1 633.9 624.4 613.7 599.7 586.7 566.2 553.5 542.6 540.6 537.6 520.4 496.5 479 461.8 448.8 436 424.7 419.6 400.4 391.8 382.5 375.6 365.4 356.8 351.5 347.9 343.9 346.7 344.4 347.7 353.4 358.1 372.5 395.6 418.1 440.3 464.7 487.5 502.4 526.8 541.5 548.1 563.2 579.8 586.7
852.5 870.4 894.8 908.9 907.6 903.4 903.4 901.2 890.8 881.2 865.3 855.4 843.2 826.7 808.2 798.9 788.2 788 786.2 794.9 793.8 800.1 810.9 811.1 801.7 792 762 748 737.8 694.8 666.7 653.1 639.8 626.6 617.5 607.7 594.1 583.3 567.1 552.6 541.1 535.8 525.7 511 492.7 470.7 459.4 443 429.3 420.7 411.5 400.1 388.6 379.1 367.7 366.9 358.3 349.4 349.1 349.4 350.2 348.6 345.6 350.7 359.1 376.1 401.6 424.5 445.3 470 491.8 509.9 524.1 538.2 551.1 568.1 592.6 600.4
843.9 864.7 889.9 900.3 908.2 907.8 901.4 904.2 897.9 892.1 881.4 870.3 856.6 845.7 833.8 827.7 821.5 816 815 817.2 826.3 835.7 841.9 836.9 831 803.4 761.2 740.2 725.3 692.3 660.3 648.7 637.1 622.8 613.2 603 592.9 581.7 564.7 549.7 536.3 522.4 510.3 493.9 482.8 471.5 453.5 441.1 425.8 418.7 410.6 395.9 382.5 374.4 365.5 366.6 356.2 355.2 354.1 350.2 343.7 343.5 349.2 354.5 365.7 384.7 404.4 425.8 447.7 469.9 491.8 509.3 525.1 539.9 555.1 572 593.4 607.7
827.6 846.2 877.9 896.9 905.7 908.3 901.8 902.3 902.1 905.7 898.7 886.7 877.3 861.9 857.9 852.3 847.9 844.6 842.9 846.2 858.8 858.3 858.8 845.4 839.6 799.7 755.4 731.3 719.1 678.9 653.6 645.1 635 621.2 609.6 602.4 592.1 582.5 563.3 549.1 537.7 520.9 501.1 483.3 473.6 460.2 449.5 431.5 419.8 414.9 405 393.8 379.8 376.6 366.8 353.7 352.3 353.1 350 347.4 344.9 345.4 352 360.1 373.5 390.5 412.1 432.4 450.1 473.6 496.5 513.9 531.2 543.7 562.4 579.6 599 605.1
794.7 817.1 845.4 864.7 894.5 901.9 901.3 905.7 910.6 919.8 915.5 904.7 896.2 886.3 877 870.3 866.9 863.5 864 872.8 878.9 873.5 866.6 856.4 847.9 795.5 749 723.9 704.4 671.8 650 643.9 633.1 621.5 611.8 600.4 593 577 561.7 547 536.9 514.2 497.7 492.3 472.6 456.9 431.8 420.3 413.4 401.9 398.1 387.1 375.6 367 358.3 353.6 352.5 349.2 348.1 349.3 345.3 347.4 350.6 358.4 376.8 397.8 419.6 435.4 455.9 482.8 499.4 523.1 539.9 555.6 576.8 588.8 599.5 606
765.9 778.5 799.1 828.6 869.1 892.5 898.2 902.7 912.5 925.2 934.6 928.9 922.9 912.3 901.6 888.6 883 880.4 883.5 887.4 887.3 879.2 869 858.6 850.3 789 747.8 722.6 695.6 673.3 650.2 642.7 635 623.8 613 601.3 590 579.8 558.8 541.1 528.5 515.6 498.7 485 465.5 450.4 436.1 426.1 407.1 394.4 384.6 377.2 367.7 362.3 357.8 357.7 356 351.8 350.9 347.1 348.1 351.1 354.8 366.4 382.4 405.5 426.1 443.4 465.3 488.1 510 532.6 552.6 568.7 584.1 592.5 601.5 611.3
737.7 752.6 766.3 789.2 832.2 856.4 872.2 889.8 906.2 919.9 944 951.4 947.2 938.8 928.2 913.9 904.2 902.1 899.6 897.9 890.7 880.3 871.7 865.5 839.1 785.2 748.7 719.8 689.4 668.3 649.3 640.7 635.2 624.8 611.5 599.7 587.8 572.6 554.2 541.2 528.7 515 496 478.6 460.4 450.5 440.3 430.1 414.9 406.8 392.8 379.8 377.3 366.6 361.4 361.5 356.9 353.7 351.1 352.5 354.1 355.2 366.8 375.8 392.1 410 430.8 451.5 475.4 497.5 518.9 544.3 568.3 578.6 589.1 601.6 608.6 614.7
707.8 735.9 736.7 758.7 783.8 806.9 838.9 863.1 885.3 913.6 934.3 965.4 962.7 953.1 944.1 931.8 920.5 920.5 918.9 909.1 896.7 886 877.4 866.3 831 783 748.6 720.2 685.3 663.8 649.6 639.7 633.9 625.8 612.6 597.7 583.3 566.6 551 542.8 525.4 509.1 489.7 473.9 463.5 453.2 442 429.7 418.7 408.1 397.2 384.7 381.9 370.7 366.3 364 362.2 356.6 353.7 353.1 358.2 366.6 376.2 386.8 399.8 421.1 440.1 461.8 483.5 509.7 534.6 556.9 572.2 581.8 596.8 603.2 612.7 615.9
688.5 703.7 711.5 729.4 749.3 777.7 806.9 828.9 860.5 894.9 916.1 934.8 960.9 963.9 958.9 951.4 941 939.7 933.1 925 905.4 886.9 874.4 861.9 827.3 784 745.4 713.9 685.7 664.2 647.1 637.8 631.7 622.8 609.4 595.1 580.4 567.5 549.7 534.4 521.7 509.3 488.3 469.2 459.2 455.4 439 426.3 415.5 406 393.4 379.3 372.6 369.9 369.8 367 364.8 360.5 353 359.3 362.1 367.9 379.2 392.6 408.3 430 449.3 468 492.1 529.4 541.9 559.1 572.3 587.2 594.8 604.8 614.6 615.8
666.5 677.7 688.4 702.6 720.3 744.3 766.5 792.5 821.6 867.8 882.2 901.6 937.6 965.4 965.7 971.2 959.7 956.1 944.7 931 906.8 884.8 869.7 853.8 826.8 776.7 741 717.3 688.1 663.3 644.1 633.2 626.8 619.7 606.3 591.2 576.4 561.8 544.7 528.4 519.4 505 487.4 470.3 459.7 449.1 432.5 418.7 408 400.1 386.8 376.9 373.7 376.6 372.6 365.2 357.6 358.1 369.3 370.7 367.5 379.3 388.6 399.5 416.7 434.1 454 477.6 501.8 533.6 551.4 566.2 579.5 587.3 597.1 607 615.2 616.4
643.2 653.3 669.9 684.5 697.3 716.7 739.1 768.3 798.3 836.6 844.6 858.5 905.3 944.7 961.9 977.8 967 964.9 946.4 928.7 914.4 890.3 864.8 845 815.2 768.9 740.4 716.5 691.8 664.9 644.4 632.7 623.5 615.3 604.2 588.9 572.4 556.5 539.5 523.5 509.5 496.2 479 468.5 460.9 447.1 434.9 421.7 410.5 401.4 391.6 386.7 379.3 375.2 370.2 364.2 361.7 367.5 376.3 376.6 373.3 384.5 396.4 411.1 427.6 443.1 463.7 488.1 514.3 535.6 557.4 569.7 582.4 590.1 605.2 609.1 614.3 614.7
636.7 639.9 654 671 680.1 699.8 721.4 753.2 777.3 799.9 809.4 824.8 865.2 893 922.6 944.2 963.1 963.7 950.1 935.2 915.3 892.7 859.1 832.6 799 764.5 737.1 717 693.3 661.7 646 634.5 624.2 612.2 601.5 586.9 569.3 549.7 529.6 520.5 509.7 488.6 479.5 472 460 449.2 438.5 426.2 418 407.7 400.8 396.4 391.5 379.4 372.2 365.2 366.9 371.4 372 378.5 383.7 394.2 408.7 420.3 433 455.2 477.2 496.7 516.4 536.2 558.3 568.8 582.9 595.7 604.6 610.1 612.5 618.9
636.7 638.2 642.3 657.4 665.1 686.6 709.1 729.3 753.5 757.6 777.9 796 832.6 857.5 884 910.8 950.3 967 943.9 928.7 911 883.9 852.2 822.1 797.3 767 737.9 714.2 690.5 662.2 643.2 630.5 616.9 607.3 596.1 583.1 566.2 549 530.5 519.1 504.8 488.3 477.9 470.9 453.3 435.3 425.6 419.8 418 414.6 411.6 403.9 395.8 382.1 376.8 367.4 367.5 373.6 374.8 383.8 394.2 405.7 421.2 436.5 451.9 466.4 482.8 510.5 525.3 544.1 557.8 575 590.9 603.5 610.8 613.9 618.8 626.5
636.7 636.8 636.7 641.6 653.6 673.1 689.2 706.4 715.4 726.4 747 769.5 792.9 829.9 845.3 871.8 910.7 947.5 937.4 918.9 900.7 882.7 842.9 813.2 794.6 770.9 737.9 709.1 685.3 658.2 638.7 626.2 614.5 604.5 593.6 581.3 565.4 546.8 531.2 510.9 495.7 485.4 475.9 466.1 448.7 436.4 429.7 423.3 415.2 407.3 404.5 393.8 390.1 385.4 375.4 373.8 374.9 377.9 382.9 391.3 403.1 417.7 426.9 444.2 463.1 477.6 496.3 518.5 534 549.5 565.5 584.4 599.5 613.9 620.7 623.8 629.9 633.8
636.7 636.7 636.7 636.8 647 663.4 678.1 686.5 693.7 710.4 727.1 746.4 767.9 804.1 812.6 836 875.6 916 920.6 913.8 898.2 873.2 835.3 810 796.6 771.1 740.3 708.6 682.9 656.8 634.3 622.4 612.1 602.4 590.8 575.7 563 547.9 528.4 506.8 492.9 479.8 462.7 455.3 445.2 440.2 434.5 429.1 420.1 409.2 410.2 403.9 402.5 399.7 388.1 379.5 383.9 384.7 391.2 398.7 412 428 440.1 455.3 471.8 490.2 511.9 534.9 549.4 563 580.3 593.7 607.2 619.5 623.5 628.4 637.1 638.9
636.7 636.7 636.7 636.7 644.7 657.2 667.3 675.7 683.8 701 713.8 727.9 745.9 773.6 787.2 806.7 832.4 873.7 893.4 899.7 893.1 860.8 825.2 803.7 793.3 763.7 737 711.2 679 652.3 632.7 620.6 611.9 601.7 587.6 568.6 562.2 546.2 523.4 505.3 497.9 482.9 472.6 468.6 454.4 448.3 441.8 435.4 424.3 424.8 419.7 413.4 410.3 406.2 395.6 384 388.5 392.3 395.8 406.8 418.9 433.8 452.1 470.3 484.8 516.8 535.8 553.7 571.3 589.1 596.1 604.5 613.2 624.7 630.9 633.6 635.1 636.5
636.7 636.7 636.7 636.3 644 654.2 664.5 673.2 681 695.1 703.7 709.9 728.3 748.9 766.7 779.9 801.8 833.8 860 866.5 876.8 848.3 816.1 792.9 776.8 750.5 729.2 708.9 672.4 650.8 630.3 617.6 607.4 602.2 580.9 563 554.9 532 517.6 506.1 498.8 486.6 475.3 463.6 449.5 446.3 437.3 433.8 430.9 427.4 418.4 412.5 409.9 403.5 392.8 388.2 394.3 400.2 399.8 411.6 426.4 447.5 462.1 483.9 498.6 532.9 551.3 571.3 584.2 594.2 604.4 617.4 623.7 632 628.9 629.2 635.6 637.9
636.7 636.7 641.2 637.4 642.9 655.4 664.5 675.7 678.2 685.4 697.5 700.6 713.7 732 741.6 757.6 774.9 802.2 819.5 835.2 836.3 826.6 797.1 772.2 755.5 731 715.5 689.5 663.1 644 629.8 614 598.9 587.6 565.6 551.7 535.1 521.1 519.2 512 495.7 490.2 475 460.9 452.8 449.4 441 432.7 427.2 421.6 415.3 411.2 403.3 397.5 393.1 389.4 397.3 404.1 411.1 421 442.1 460.6 473.9 494.8 516.4 544.8 563.1 580.7 594.6 610.2 621.6 626.3 629 629.6 625.3 627.7 636.9 636.5
636.7 638.6 636.4 637.5 647.8 656.1 664.5 672.3 676.2 684.8 690.1 693.8 702.1 716.4 720.2 736.3 751.6 770.9 788.9 796.7 803.3 793.1 770 747.8 738.1 713.8 689.5 670.6 654.9 640.3 631.3 611.3 589.5 577.9 555.6 543.8 534 522.2 518.1 505.2 490.7 482.4 477.7 465.8 453.1 445.5 437.8 422.6 413.1 411.2 412.5 410.8 402.1 393.8 391.8 390.6 397.6 404.7 412.3 427.4 450.6 469.4 482.2 501.1 525.7 554.5 571 589.6 604.3 616.5 624.8 625.7 624.7 622.3 624.5 624.5 634.3 633.7
639 637.6 637.5 639 647.9 652.7 660.4 671.3 673.3 680 685.4 684.7 692.8 702.7 708.5 721 732.4 745 770.7 773.1 775.5 768.5 746.1 723.4 716.7 698 678.8 663.5 649.8 636.7 618.6 598.2 577.5 558 550.2 541.7 537.5 518.4 515.8 500.4 477.8 468.1 456.8 445.8 433.6 427.8 422.2 412.5 406.9 404.1 403.7 403.2 401.9 397 392.7 396.1 399.6 407.7 415.1 429.7 454.6 473.1 484.3 506.4 534 560.1 578 596 616.6 620.2 624.1 621.9 618.4 621.7 621 618.2 616.4 618.1
642.8 637.9 638.6 641.4 646.8 650.6 654.8 664.5 667 675 677.3 676 686.7 691.8 702 705.6 712.7 722 742.4 746 746.6 745.2 726.9 707 699.3 682.6 666.8 653.3 643 629.6 603.6 581.7 564.4 548.6 546.5 536.5 522.5 491.1 507 480.7 463.9 456.4 443.2 433.1 427.7 419.7 415.9 413.8 414 408.2 404.5 404.2 399.5 397.7 394 402 405.3 411.4 418.7 431.9 461.5 471.8 488.5 510.5 537.8 564.2 581.4 599.6 611.8 615.1 619.3 611.1 614.8 620.1 619.1 603.2 609.4 606.8
638.6 639 638.9 643.3 643.3 647.4 651.8 657.4 661.1 665.2 667.5 676.5 684.3 686.2 691.2 698.8 704 709.3 718 722.5 725.2 721.6 714.1 694.6 686.1 670.1 656 644.6 638.4 609.4 594.9 571.1 548.9 539.3 532.9 520.2 498.4 475.3 466.8 455.2 451 442.3 437.6 433.3 431.6 426.8 416.9 416.2 417.8 418.2 412 412 409.5 401.7 396.2 402.8 407.8 416.1 423.1 433.5 463.3 476.6 485.5 513.8 529 553.6 566.8 585.2 601.5 606.9 613.4 600.3 601 598.9 592.9 588.3 592.7 590.3
635.3 634.1 640.3 644.1 643.8 646.8 651 651.1 655.2 657.4 658.8 668.2 681.5 677.6 680.8 686.2 694.3 697.8 702.3 712.4 712.7 709.2 694.9 682 676.1 664.5 647.9 630.3 606.4 587 571.6 550.9 534 513.9 502.5 493.5 478.8 466.8 463.4 460.4 452 445.4 441.4 439 436.4 431.1 432 422.6 415.4 408.9 405.9 403.1 401.9 400.6 401.7 410.5 413.8 419.2 426.1 438.1 462.3 477.7 484.5 514.7 531.1 538.7 553.4 573.6 578 587.5 589.2 578.9 580 580.6 585.4 584 587.9 584.1
637.6 634.1 638.9 641.9 644.8 646 646.7 648.7 651 654.7 654.5 659.2 658.9 663.2 670.6 677.1 682.6 685.9 687.7 690.8 697.5 693.9 676.7 668.7 667.6 659.7 635 611 590.4 570.5 550.1 532 507.4 500.5 486.5 475.4 470.4 465.2 463.9 460.4 459.1 453.2 449.1 447 444.6 441.3 438.5 434.2 420.3 418.9 414.7 404.5 400.5 404.1 410.7 417.7 422.1 423.2 424.9 441.8 458.7 475.2 483.6 506.4 519.9 529.1 540.1 555.2 561.9 586.7 590.9 565.4 573.7 579 573.5 571.6 567.3 571.5
640.7 632 637.1 636.7 641.9 643.3 645.5 647.3 646.9 650.3 651.1 650.3 652 656 663.7 668.3 669.4 674.4 677.4 683.6 681.6 678.8 664.7 650.7 638.5 619.1 607.3 586.7 569.5 549.1 530.6 511.2 499.5 501.5 486.3 477 471 466.6 465.6 463.4 461 459.2 453.7 451.6 440.1 435.5 430.5 424.4 423.8 418.6 416.9 411.1 401.8 404.4 415.5 428.8 426.5 425.6 430 439.5 454 467.8 479.8 502.6 518 525.4 538.1 547.1 551.3 559.8 557.9 555.5 567.8 565.1 563.1 563.4 558.9 558.4
