public/OST50/NN32.asc
ncols 200
nrows 200
xllcorner 230000
yllcorner 720000
cellsize 50
[rows 105 to 139 of 200, columns 0 to 77 of 200]
634.8 631.1 630.4 635.1 638.2 639.6 641 643.1 642.4 646.9 646.6 649.4 649.3 648.5 658 659.5 657.9 668.3 665.6 660.2 662.4 651.1 640 626.5 613.7 596.6 582.2 553.7 539.4 527.3 518.5 496.8 498.4 492.8 482.1 480.2 476.3 473.1 466.7 464.5 461.3 453 446.1 443 437.2 428.3 421.3 414.1 408.8 406.5 404.5 405.4 406.2 413 415.8 418.3 421 425.4 434.2 446.2 460 466.6 477.9 502.1 514.4 522.9 531.7 542.2 543.8 543 543.4 549 559.7 561 561.8 555.2 549.2 544.3
635.2 627.1 626.8 630.4 634.9 635.8 637.6 637.3 639.6 639.8 642.2 645.1 645.8 646.8 645.7 643.7 639.4 645.4 639.9 637.7 638.5 630.6 623 602.3 589.5 573.5 548.1 536.5 519.7 508.6 497.3 486.3 485.2 478.1 472.1 469.5 470.5 471.9 468.4 465.2 458.2 450.7 445.8 443.3 438.6 429.8 425.4 417.4 410.3 407.4 410.5 412 412.7 416.4 421.4 425.5 422.1 427.5 443.3 454.4 459 460.5 483.7 504.8 514.6 522.1 528.3 538.4 539.7 534.9 532.8 537.6 547.3 548.9 543.9 541.2 532 524.9
628.9 621.3 623.2 626.8 628.5 631.2 631.6 633.2 634.9 633.6 632.3 635.3 633.2 633.3 633.8 628.9 628.7 628.2 625.3 621.4 616.5 608.4 589.7 579.3 566.5 547.6 532.2 515 502.6 495.6 490.9 475.7 473.4 464.8 462.4 464.4 467.9 469.6 469.8 469.3 467.3 457.7 447.6 443.7 439.8 427.3 423.3 420.8 419.8 422.3 409 410.3 412.4 422.2 423.7 426.8 427.5 428.8 444 454.6 454.3 467.1 490.1 509 517.8 522 525.8 530.8 532.2 530.1 524 524.7 531.3 526.9 524.4 518.8 515.9 502.1
621.1 616.2 618.3 624.3 623 626.2 627.3 626.7 627.3 629.6 630.7 628.4 628.2 626.7 622.8 624.5 620.8 618.4 611.6 600.2 595.3 583.2 566.9 554.4 546.5 529.1 514.8 503 493.1 484.6 477.3 464.6 462.8 458.6 461.4 464.7 467.2 473.5 474.3 475.5 473.2 462.3 453.6 444.9 443 439.1 432 422 413.4 412 411 414.2 420.2 426.3 428.5 428.4 436.4 443.6 453.1 454.1 456.3 473 484.2 503.5 518.3 521.4 521.8 525.1 525.8 518.1 513.4 513.6 517.4 513.9 510.8 506.3 500.1 487.8
617.7 607.2 613.7 616.1 617.6 620.5 623 625.6 625.8 626.7 623.6 620.8 618 618.6 617 616 608.6 600.4 591.9 582.9 569.3 560.3 545.9 536.9 524.2 511.3 503.7 495.8 485.6 476 465.6 457.5 454.6 459.2 464.5 467.7 470.6 470 475 476.8 475 465.4 457.2 454.2 457.3 452.1 448.5 439.7 425.7 416.9 419.7 421.8 422.7 420.8 424 425.6 436.1 447.1 456.7 458.2 461.1 473.5 483.3 517.4 535.2 520.8 516.5 519.6 520 508.4 506.9 507.1 506.9 504.6 504.2 501.6 497.3 491.4
616.3 606.4 610.8 612.6 612.6 617.2 620.3 622.1 619.3 614.7 611.3 608.9 607.1 602.7 603.1 605 597.7 588.6 578.4 565.4 555.9 543.5 533.7 524.4 517.3 503.9 493.6 489 475 469.4 456.9 452.3 452.6 459.3 462.3 469.3 476 472.7 470.6 471.9 471.4 467.1 461.9 464.3 461.8 459.8 450 438.1 438.7 434.9 428.1 432 427.6 436.4 436.9 438 442.4 450.3 458.4 459.4 467.9 476.3 480.1 494 518.9 519.6 509.6 519.4 525.4 504.3 502.3 499.7 494.7 494.8 497.6 501.9 498.7 489.2
612.9 605.3 603.8 608.2 609 610.7 611.5 611.6 612.2 609.7 604.8 603.1 601 596.7 595.5 594.3 592.4 582.5 570.9 558.4 543.6 534.4 528 519.4 508.3 498.5 486.1 479.2 463.9 457.7 448.8 447.6 452.4 457.2 462.8 469.4 475.7 477.9 479 481.5 477.5 469.7 466.5 465.1 458.6 457.2 457.5 449.4 442.8 440.6 437 440 437.5 437.3 443.1 451.5 457 465.6 465.2 466.9 483.8 479.7 483.8 485 511 506.8 496.8 510.7 517.1 490.4 495.1 492.4 491.7 491.1 491.9 494.9 487.1 477.6
610.8 604.5 592.1 598.6 601 602.2 603.9 603.7 602.7 602.9 601.7 600.3 598.7 593.7 592.5 587.5 586.6 575.9 560.5 550.8 533.8 522.9 518 509.3 499.7 489.2 478.7 463.6 456.7 447.7 446.2 449.8 453.2 467 467.7 472.8 473.3 480.4 484.3 485.3 484.6 480.9 474.8 471.4 466.4 468.6 469.1 467.8 456.2 454.7 451.1 449.9 451.5 447.2 458.4 464.2 468.4 469.4 471.4 472.2 474.3 475.4 472.3 481.4 489.1 480.3 486.1 490.2 491.4 482.7 483.9 489.4 488.9 487.6 487.5 485.3 472.2 461.2
603.3 598 595.7 586.4 594.1 595.9 598.4 601.7 603.4 600.4 598 596.7 594.1 590.2 587.3 583.7 573.4 567.2 555 543.8 528.3 514.6 505.9 502.9 492.3 481.3 467.2 463.2 449.7 441.5 442.4 443.8 452.3 464.4 464.8 471.7 481.1 483.5 486.5 488.9 488.6 488.7 483.8 481.9 479.9 480.5 475.4 472.1 471.6 468.5 463.7 462.6 454.7 463.2 469.5 477.7 473.2 476.3 482.6 474 468.9 467.4 466.3 476.8 474.6 474.7 478.5 482.7 482.1 480.9 480.9 485.3 483.7 483.9 478.7 474.9 461.7 452.1
594.7 592.2 587.5 580.6 589.5 591.3 592.8 596.6 601.4 599.2 597.3 585.8 583.3 579.7 578.3 574.7 566.9 560.6 548.5 534.8 521 508.2 498.6 491.9 483.5 472.2 461.1 451.5 443.9 432.4 437.5 447.7 456.2 458.5 462.2 471.9 482.6 488.4 489.5 487.2 490.2 494.9 494.3 494.2 493 486.9 481.2 477.1 478.4 479.1 475.8 470.5 463.3 462.7 471.3 479 473 477.5 485.9 472 465.2 464.3 465.2 464.6 466.6 475.4 471.3 480.3 478.2 478.7 480.3 474 468.1 471.8 471.4 467.1 452 444.1
584.5 582 582.4 580.8 584.1 583.2 581.9 581.8 583.3 584.1 583.5 579.7 579.1 576.6 569.1 565.8 560.4 550.8 541.5 528.5 517 502 493.6 479.5 475.6 466.6 450.3 442.5 429.6 428 433.4 447.5 447.1 450.4 461.5 474.5 480.6 486.4 493.9 494 496.6 494.1 495.3 495.4 494.6 490.7 492.5 491.3 489.3 487.4 483.1 475.8 474.2 468.9 471.8 475.3 475.9 477.3 477.4 467 463.2 461.1 462.3 461.2 460.5 464.8 464.6 473.2 472.8 481.7 482.5 476.9 466.4 461.8 463.7 458.1 445.2 441.3
576.3 574.8 574.3 574 578.5 579 579.2 578 579.2 583.1 580 578.4 571.1 573.9 568.7 562.6 555.4 546.9 535.9 524 510.6 500 485.7 476.7 466.8 461.3 448.7 433.4 425.7 418.2 429.7 435.9 438.4 444.7 463.7 476.9 481.1 487.2 500.7 499.2 501.1 498.3 503.9 502.5 504.5 501.8 496.3 499.3 501.2 498.1 495.8 492 489.8 481.1 477.5 480.1 482.6 479.2 473.5 467.9 463.7 461.1 460.7 462.1 466.3 460.4 464 461.2 463.6 467.6 479.7 480.1 464.1 457.6 456.2 448.9 439.3 434.7
571.5 568.8 567.3 570.5 572 573.3 574.1 574.6 578 576.7 574.3 575.1 567.8 565.3 565.2 560.5 551.7 540.7 529.9 518.4 508.7 493.1 477.3 465 453.9 444.3 437.1 429.9 420.5 413.7 423.5 429.2 433.2 442.1 459.1 469.3 482.7 493.3 499.9 502.3 505.8 505.4 510.6 508.7 509.9 508.5 514.9 517.6 514.1 508.3 502.5 495 491.8 487.6 488.3 494.1 491.7 484.5 476 470.8 464.5 462.3 462.8 472.2 464.5 451.5 460.4 459.8 456.9 461 467.6 461.7 457.1 445.6 447.1 440.7 441.6 433.4
567.1 563.9 561.6 563.2 567.4 567.5 568.4 568.2 567.3 569 571 569 565.1 559.9 557.1 553 545.7 533.9 524.2 515 498.4 487.8 472.6 456.1 446.8 439.3 427.8 422.1 413.1 407.6 417.9 422.6 427.3 437.4 453.6 465.3 484.3 493.6 504 505 508.4 512.4 513.5 518.9 517.7 515.4 525.3 530.2 530.5 526.4 510.8 504.9 502.6 502 499.5 499.6 500.1 493.8 486.9 479.6 474.4 466.3 462 462.3 452.9 448.3 454.5 454.2 449.5 451.9 456 450.1 447.2 437.9 433.1 429.5 428.3 428
561.8 559.1 557.3 562.3 564.3 563.4 564.8 565.6 565.7 566.8 566.2 566.4 563.6 554.4 558.2 556.5 541.4 531.3 519.4 506.7 493.5 480.4 464.9 446.6 436.4 433.6 424.8 411.6 406.3 400.9 409.4 415.1 423.3 436.9 445.5 461.9 481.9 491.4 501.8 507.7 511.6 519 519.3 524 526.5 531.3 542.2 542.8 545.5 535.8 519.7 512.3 518.2 515.9 510.6 511.4 511.9 503 510.6 482.1 475.5 470.3 461.5 455.5 456.4 448.8 444.2 445.4 446.5 446.1 445.6 442.9 435 431.8 423.9 418.9 414.1 408.3
563.7 560.7 554.3 557.2 559.4 560 560.7 565 561.5 559 556.1 553.2 549.6 547.3 544.8 546.1 536.4 527.5 515.5 505 487 472.2 458.9 443.4 430.1 422.7 416.9 405.1 399.5 395.7 406.3 418.1 428.1 436.1 442.5 456 474.2 490.2 496.2 504.7 512.3 522.9 523.5 524.3 531.3 549.4 563.8 561.1 567.5 549.2 529.4 528.5 535.9 533.4 522.7 521.6 520.4 509.9 510.5 483.6 478.9 472.1 464.1 455.9 451.8 447.3 444.6 442.9 448.4 447.8 440.8 436 431.8 424.8 419.8 419.8 413.6 407
565.2 562.1 552.7 552.9 552.6 553.1 553.2 554.4 554.4 553.4 550 548.7 544.3 539 535.4 531.9 531.8 524.6 512.7 497.8 483.9 469.4 459.7 447.1 433.6 415.2 406.1 400.7 395.1 394.6 403.9 413.5 421.2 431.2 438.2 451.2 471.1 488.1 496.6 505.3 514.3 523.5 527.8 525.7 533.7 561.8 565.4 574 574.6 553.3 541 542.5 558.7 553 533.7 528.7 523.7 508.8 501 489.9 485.5 486.3 456.1 447.8 446.4 445.3 445.9 443.1 442.5 452.1 444.6 441.1 438 432.4 424.1 418 414.9 410.8
559.1 549.1 547.7 549 550.4 550 549.1 552.3 555 554.9 550 541.9 543.2 541.9 534.2 527.3 523.7 508.8 501.9 489.1 478.2 467.4 453.8 440.5 430.2 410.6 402.1 395.4 391.9 395.4 405.3 407.6 411 423.9 435.3 445.1 465.8 484.9 499.2 508 517.8 526.2 532.7 530.9 537.6 561.2 570.4 573.3 570.4 554.3 552 553.4 572.5 570 545.9 534.4 523.7 515 504.7 495.4 491.9 489.7 464 447.8 446 445.4 443.3 442.3 442.3 447.6 437.9 431.4 427.8 431.6 419.6 413.8 409 407.9
556.6 544.4 543.9 548.7 548.4 549.1 546.2 542.4 541.6 541.7 539.7 539.2 539.4 534.8 528 518.3 510.9 502.5 492.3 481.2 478.8 461.2 444.2 438.8 422.1 407.2 397.2 392.3 384.7 389.3 400.7 403.5 405.2 415.2 430.3 448.2 464.1 482.6 493.4 505.1 519.2 531.1 536.8 533.3 540.7 560.9 570.7 571.8 573.4 560.8 564.6 566.5 573 574.8 554.2 541 528.4 527.7 503.5 496.3 485 473.1 464.2 450.8 447.2 445.9 445.3 444.5 445.5 441.6 433.9 429.2 429 423.5 410.7 406.5 399.9 395.4
544.8 542 544.1 543.9 543.6 541.6 541.2 536.1 535.4 533.9 532.2 530.1 528.3 523.3 520.4 516.9 511.4 505.7 495 486.1 477.9 465.5 446.3 424 419.5 405.2 394.9 389 383.2 383 392.6 395.5 397.2 409.5 431.4 452.3 463.4 481.1 491.4 497.1 513.6 524.6 538.8 534 546.1 559.5 570.7 572.1 573.8 570.8 573.8 570.1 568 569.1 548.4 541.6 528 523.4 502 505.6 488.4 473.1 460.7 457.5 451.4 448.2 449.5 447.9 449.1 442.7 433.4 431.5 425 421 409.2 397.2 392.8 392
546.5 541.1 539.9 537.3 536 536.3 539.6 537.1 528.8 531.6 528.5 522.8 519.2 518.5 514.9 510.6 503.3 494.9 490.7 480.6 467 456.9 444.7 422 417.3 407.9 395.2 385.7 380.7 375.3 380.7 391.8 392.4 409.4 438 453.5 461.7 476.5 489.4 494.6 511.3 517.6 525.6 533.7 547 559.4 569.1 574.9 566.5 569.3 571.3 565.2 562.6 553.1 539.7 532.5 523.3 516.3 501.9 500.5 486.8 479.1 476 469.8 459.8 452.6 451.6 444.2 440.1 433.8 431.3 427.3 425.2 416.1 404.4 396.4 395.1 392.4
547.1 544.5 542.6 541.2 541.3 536.7 536.3 535 525.8 523.4 520.5 519 516.9 513.5 508.9 504.1 495.6 492.3 478.6 470.1 460.1 446.2 432.5 417.3 404.3 397.7 391.4 385.4 378 371.1 374.8 381.1 393.7 410.6 431.4 447.3 456.1 468.8 483.4 492.3 506.8 512.6 521.7 533.4 549 559.9 570.3 573 568 575.8 575.2 563 560.2 549 535.2 525.4 518.8 513.1 505.5 497.4 495.7 492.4 485.6 476.6 468.6 449.5 446.7 438.6 435 434.1 436.5 421 415.8 406.6 404.7 404.7 408.2 407.4
556.9 551.9 545.1 545.1 543.7 536.5 530.8 525.3 523 521.9 517.2 516.9 514.3 510.6 511.5 507.4 501 490.2 479.6 470.5 459.2 443.6 432 421.4 410.7 393.8 386.3 378.8 373.6 371.4 367.1 380.8 392.5 405.4 417.5 440.6 445.5 459.5 473.3 487.8 501.1 507.6 516.7 537.6 551.4 567.5 572.7 571.7 569.5 575.8 571.5 560.6 555 543.8 535.9 524.8 512 511.8 511.5 502.9 497.1 495 489 477.8 467.7 451.3 444.1 438.9 439.3 435.3 427.8 418 413.3 413 412.4 411.9 410.1 406.1
553.6 545.8 539 535.4 533 528.5 519.9 521.4 520.1 514.9 513 510.9 509.2 507.2 505.1 498.2 492.2 483.3 478 465.1 456.5 443.4 426.5 418.4 403 393.1 385.6 373.7 369.6 368.8 367.6 375.2 389 397.5 405.3 427.2 434.4 449 466.6 485.7 498.7 503 513.1 531.7 553.8 570 573.6 570 580.2 581.1 570.9 560.8 550.8 545.5 534.6 527.1 519.2 515.8 510.6 496.1 490.2 486.1 480.5 472.2 466.9 455.8 454.3 450.8 444.6 433.8 428.5 426.9 422.9 420.1 419 416.5 411.7 407.5
535.3 533.6 530.3 527.3 525.8 521.2 521.7 520.1 519 511.9 508.7 509.4 506.3 500.6 496.9 490.7 485.2 481.3 472 464.1 451.6 437.7 420.4 405.2 397 388.5 378.5 370.6 365.7 363.4 364.1 370.7 378.6 388.9 396.5 409.7 421.4 436.6 454.1 475.8 486.7 498.7 507.4 524.9 539 559.8 570.3 569.1 579.4 579.9 572.3 560.5 553.9 553.2 537.3 534.7 530.5 525.2 511.9 506.5 498.6 489.5 480.1 473.6 465.1 466.1 460.4 456.9 451.2 444.2 439.8 435.6 429.8 423.8 418.8 413 411.9 406.6
536.8 532.9 528 528.3 522.3 518.3 517.7 515.3 513.3 512 506 502.9 502.6 499.1 492.6 490.2 490.1 477.7 465.4 455.8 446.6 430.6 417.2 403.1 391.2 383.8 372.3 366 359.1 356.7 357 360.8 369.6 382.4 389.4 398.7 415.2 426.9 443.7 464.7 469.3 486.5 504.3 519.5 529.4 542.9 564.5 571.9 577.3 578.7 579.5 566.6 563.6 554 543.7 543.5 533.4 529.1 523.2 517.4 507.3 494.5 487.9 480.7 470.1 468.6 464.6 459 453.9 446 439.8 432 427.3 425.1 421.5 415.4 409.7 405.6
529 523.7 521.6 519.6 518.8 518.9 519.9 522.9 512.3 507.3 502.7 500.1 496 492.6 484.8 484 478.6 471.8 460 448 437 431.2 416.4 404.1 388.1 375.9 372.8 361.4 353.2 348.9 350.7 357.6 365.1 374.6 382.3 390.3 405.7 415.5 432.5 447 457.6 474.8 499.4 513.3 520.3 540.3 557.4 570.4 577.6 582.5 581.5 569.8 563.2 552.9 552.1 547.8 541.9 528 514.9 504.7 491.1 485.2 478.6 474.1 473.5 470.9 467.1 463.1 455.2 448.4 444.3 438.8 433.3 428 421.1 417.2 410.3 404.7
528.5 522.4 519.7 522.8 523 521 525.1 518.6 518 513.7 510.5 506 501.4 498.4 494.4 487.5 481.2 472 461 445.5 431 418.4 406.1 387.8 369.3 364.8 362.8 356.5 349.7 342.6 344.3 350.6 355.7 364.6 375.5 383.9 397.7 406.5 419.7 436.8 451.7 467.1 491.2 500.9 511.7 533 558.8 569.3 584.1 582.9 581.8 575.8 563.3 550.2 547.1 542.2 530.4 515.6 503.9 497.5 496.2 489.8 482.7 478.7 477 473.3 469.5 465.8 460.3 451.9 445.6 439.9 434.2 430 425.6 419.7 414.7 409.3
526.5 520.8 520.8 525.5 524.5 523.8 521.8 519.8 519.4 516.7 512.4 507.3 503.1 499.4 497.4 490.7 485.3 474.4 463.1 449.4 437.5 416.4 406.6 390.3 375 361.2 356 351.9 344.8 338.2 339 347.8 351.7 354.7 365.6 375.2 390.1 399.5 420.3 432.2 445.3 462.4 472.4 489.6 503.6 533.2 554.8 564.5 574.6 568.6 563.7 559.6 553.7 548.2 543.2 536.7 526.8 519.2 509.2 503.2 498.3 494.5 487.4 483.3 479.9 475.8 472.5 468.3 462.7 456.6 449.6 445.1 438.7 433.7 427.8 423.1 418 411.2
524.2 521.3 520.8 524.8 522.6 523.3 521.5 517.8 515.9 515.2 512.8 509.2 509.1 502.4 495.4 491.9 486.3 476.9 464.9 452.8 436.5 420.5 407.1 395.7 380.1 361.5 344.7 346.7 340.8 333.8 329.8 338.5 341.8 345.1 354.8 367.4 382 392.8 406.4 424.2 437.4 451.2 464.3 475.7 490.3 521.8 542.5 544.5 553.9 555.6 558 555.7 549.7 546 545.1 537.7 532.2 529.3 516.2 518.6 512.3 506.1 495.1 484.3 482.1 476.3 475 471.1 465 459 450.6 445.7 441.6 434.2 428 422.2 418.4 412.5
524.2 529.6 530 529.2 523.5 518.2 517.7 517.1 520.8 519.1 516.7 506.4 502.3 499.6 497.4 494.3 488.1 480.5 466.9 453.5 439.9 423.8 406.8 392.5 380.4 368 349.5 330 333 329.6 324.9 328.7 333.7 337.1 347.2 358.8 370.9 381.7 393.9 410.1 429.3 441.5 455.4 465.9 481.6 508 527.4 541.1 551.2 552.3 554.2 560.9 557 550.7 549.3 540 536.7 534.5 527.3 528 521 509.6 504.7 492 485.4 479.7 475.1 470.9 466 460.2 454.5 448.6 441.5 437.6 428.8 422.7 420 412.9
524.3 525.5 523 520.4 518.1 515.4 518.3 519 520.1 511 507.6 503.4 501 500.3 502.1 492.6 485.5 480.2 468.4 452.3 437.7 419.4 404.3 391.7 380.2 368.2 357.1 341.7 332.9 324.6 317.9 323 327.1 331.4 338.9 348.4 360.5 373.3 386.1 396.2 418.3 430.7 445.6 456.7 469.9 498.3 515.1 524.9 544.4 549 557.6 557.5 554.5 550.9 548.3 552.2 550.4 546.4 536.9 531.5 520.5 511.5 502.3 493 482.5 481.2 475.2 471 466.9 460.8 455.4 449.2 443 436.3 430.2 425.9 419.6 412.3
521.9 519.3 516.3 514.7 514 511.9 511.8 514.2 510.5 511 506.1 503.2 500.7 500.7 494.9 491.7 490.1 486.4 474.3 454.7 438 422.8 413.3 398 383.8 369.8 357.7 346.7 335.7 326.5 320 317.2 321 325.2 328.7 340.3 348.5 360.5 371.8 385.6 403.9 421.8 436 444.3 454.4 482.6 490.2 501.2 529.5 552 560 564.1 551.6 548.7 549.5 549.7 554.1 550.7 540.8 531.8 522.2 512.6 502.3 495.2 482.7 476.8 473.8 472.2 466.5 460.6 455.3 448.9 442.9 436.9 431.6 426.1 419.9 412.9
515.8 515.8 515.7 515.4 514.3 511.8 510.6 511.4 506.8 505.2 501.9 498.4 497 499.3 503.7 495.9 490.2 485.2 475 452.6 439 422.9 414.4 395.2 382.4 367.4 355.2 347.5 338.8 329.9 321.4 315 310 317 322.2 327.1 335.1 348.3 362.2 370.8 391.1 409.3 427.7 437.1 439.6 446.6 468.9 483.5 523.7 546.2 550.3 555.3 547.5 545 544.7 545.8 547.5 542.4 533.7 527.1 512.2 495.5 490.5 482.7 478.5 475.9 472.6 469.6 464.8 459.4 453.9 448.2 442.3 437.6 431.8 426.5 419.8 410.8
516.1 514.8 517.8 515.9 513.9 511.8 510.3 505 503.6 503.5 498.6 494.7 491.6 493.6 492.4 487.9 485.9 474.4 464.8 450.7 441.3 426.7 414.4 399.9 385.6 371.7 356.9 348.3 340.7 331.1 325.3 316.2 309.5 309.5 312 320 325 340.2 347.5 359.9 379.5 396.8 410.5 423.8 418.4 433.5 451 474.5 501.6 526.7 529.2 536.9 534 530.8 534.5 527.5 532.7 523.9 520.1 512 504.2 495.5 490 481.3 477.1 474.8 469.9 467.6 463 457.8 452.7 447.4 441.7 437.1 432.6 426 417.3 408.1
