public/OST50/NN33.asc
ncols 200
nrows 200
xllcorner 230000
yllcorner 730000
cellsize 50
[rows 35 to 69 of 200, columns 78 to 155 of 200]
552.2 527.6 504.4 480.8 464.3 447.3 428.9 412.6 393.5 378 359 341.3 326.3 313.7 299.4 286.3 275.7 267.8 264.4 263.8 258.9 260.3 264.9 276.6 292.6 319.9 344.4 370.8 397.3 424.7 453.4 483.2 510.2 542.4 565.1 594.8 623.2 657.2 683.4 707.3 731 760.1 777.1 793.8 798.9 787.6 765.4 749.1 730.6 715.9 703.9 691.2 679.1 660.3 647 637.6 630.3 622.7 617.4 610.8 605.5 598.3 590.8 580.3 566.3 546.8 527.9 511.8 485.1 468.8 453 432.3 412.9 395.1 381.6 370 358.5 345.9
530.8 504.2 482.7 461.8 446.3 427.4 411.3 393.1 376.1 357.7 339.2 326.1 315.3 300 287.5 276.2 269.9 263.6 260.9 262.5 257.7 262.2 271.3 283.8 301.6 328.3 356.2 388.2 410.5 439.6 468.1 497.1 523.8 550.7 573.4 599.6 620.3 652.2 682.7 703.1 731.5 764.7 784 799.8 798.5 782.3 760.2 738.7 722.9 708 690.3 676.3 657.4 644.7 636.5 628.4 620.7 612.3 607 603.1 597.8 591.3 583.8 573 559.1 544.7 521.6 504.7 481.7 463.8 447.6 430.6 406.5 397.7 385.8 368.8 350.1 343.8
501.7 480.2 460.7 445 427 409.4 392.9 375.9 355.5 340.8 323.9 310.5 297.6 290.8 280.3 271.2 263.1 258.4 257.4 257.7 262.6 269.8 280.5 294.5 319.9 343.4 376.8 405.7 428.5 453.3 478.7 506.5 529.8 552.9 572.6 593.2 613.7 643.1 670.5 699.8 729.2 763.6 786.8 800.3 790.9 776.2 751.2 728.6 716.8 698.5 681.3 666.3 648.5 632.7 623.5 615.5 609.2 602 596.3 592.7 587.5 582.5 577.5 566.7 552.2 538.2 516.3 495.2 475.9 458.9 443.1 423.3 405.2 392.1 379.2 361.2 346.2 345.2
480 458.3 442.8 427 409.1 390.7 375.4 355.7 337.3 322 310.2 298.4 285.4 280.5 273.4 266.4 257.4 256.5 256.8 260.8 267.8 277.9 293 312.9 334 363.3 387.3 417.6 441.7 464.7 485.4 509.9 531.1 552.1 571.1 588.4 609.8 627.1 655.4 689.6 724.4 754.7 783.6 793.6 782.4 764.3 741.2 721.1 708.1 689.6 673 657.8 640.6 623.8 613.1 603.7 596.8 590.6 584.6 581.3 576 571.9 567.3 558.1 546 530.5 509.7 490.3 472.6 453.7 442 418.3 403.1 389.9 375.1 362.1 346.4 345.5
460.8 441.1 424.4 409.2 389.8 372.7 355.7 339.4 320.1 307.8 298 287.2 277.1 269.8 266.1 260.6 256.8 255.5 259.1 267.1 276.4 286.2 304.4 330.2 355 382.3 407.2 432.7 452 474 494.4 509.8 526.8 545.1 559.8 576.5 594.1 614.5 640 676 706.5 741.4 774.8 781.8 768 750.6 730.9 710.2 695.1 677.3 661.7 646.1 627.7 614.6 604 593.6 585.5 578.2 572.1 568.6 563.6 559.4 554.8 548.4 537.9 523 502.9 484.5 468.4 451.4 432.7 412.3 399.4 382.5 372.8 363.4 345.9 345.9
442.1 426.3 407.2 390.1 371.3 353.8 337.2 317.7 302.6 293.9 287.1 280.4 273.1 265.5 262 258.5 255.5 256.9 263.9 274.1 286.1 299.8 320.3 345.4 376.9 408.8 428.8 446.3 463.8 486.4 501.9 516.2 528.5 540.9 555.2 567.9 585.4 604.1 629.9 666.4 694.3 728.2 761.8 766.7 752.2 734.2 710 695 680.9 664 644.6 629.2 617 606.3 594.8 583.7 569.3 565.9 559.8 555.3 550.4 548.7 544.4 539.2 529.1 515.5 494.5 479.6 466.3 449.5 423.7 406.4 389.2 377.5 362.6 348.3 347 346.2
424.6 410.6 391.2 369.7 353.4 335.6 317.7 301.8 287.7 281.6 276.7 274 267.5 258.9 259 256.6 255 262.6 271.4 282.7 299.2 315.5 339.2 365.9 394.2 423.5 442.8 461.8 477.4 496.4 507 520.7 533.9 544 554.4 565.7 576.7 594.2 618.5 649.4 678.3 708.6 740 745.8 732 711.4 689.3 679.3 658.9 643.2 628.4 613.4 604.7 592.1 579.8 569.6 558 552.3 547.2 541.4 541 538.6 536 531.1 520.9 508.3 492.1 473.8 464.3 445.4 417.8 397.5 381.2 366.2 356.1 348 347.3 349.5
403.9 388.4 373 354.4 336.4 318 299.8 286 276.5 272.1 268.5 266.6 260.5 255.7 256 253.7 262.2 269.5 283 298.8 319.2 335.6 360.8 389.9 418.3 441.8 457.7 476 493.6 504.9 514.6 523.1 532.2 542.3 550.1 560 570.4 584.8 609.2 632.6 655.1 683 710.7 720.5 708.4 688.9 682.2 661.7 644.2 624.1 605.6 594.5 584.7 574.3 563.6 552 544.3 539.2 535.6 532.9 536 535 531.4 525.1 514.1 505.1 490.1 475.3 462.4 432.8 409.9 389 374.6 364.9 352.6 348.4 348.8 354.4
388 372.7 353.5 336.8 318.4 300.9 285.2 274.6 266.8 262.3 261.3 260.5 254.3 253.8 252.7 261.7 270.3 281.6 297.6 314.5 336.5 356 382.9 411.3 438.3 459 475.7 490.2 506.6 514.2 520.6 528.3 533.9 539.9 545.1 552.5 563.6 575.7 596.6 616 635.3 655.1 686.5 693.1 685.7 677 655.7 643.7 622.7 608.7 591 576.8 568 555.1 546.6 539.3 532.3 529.2 527.8 529.1 531.3 528.6 523.3 518.8 512.7 502.5 486 470.2 452.2 424.6 401.2 383.4 370.4 360 348.7 349.7 350 357
369.4 354.5 339.9 322.3 304.1 287.8 275.9 266.3 261 257.1 255.3 254.5 252.5 255.2 262 272 281.7 297.1 312.4 336.4 355.8 378.4 404.3 438.2 458.1 476.6 489.3 502.9 516.9 522.8 528.7 532.1 536.8 540.8 545.9 551.2 557.8 566.7 580.4 600.1 616.5 632.5 655.4 664.8 662.2 647.5 634.9 615.2 603.5 588.1 578 563.7 547.5 536.9 531.4 525.3 521.6 518.7 518.9 523.9 521.7 520.1 517 511.9 505.7 495.2 480.5 461.9 439.4 421.2 395.7 382.3 369.9 359.1 350.5 350.1 354.2 362.1
358.4 340.4 323.6 309 290.3 276.4 266.9 261.1 255.1 252.7 251.4 249.4 256.9 261.9 271 282.6 299.4 315.3 335.8 357.8 379.5 404 428.7 460.2 476 490.7 506.3 520.1 527.6 529.5 535.6 537.2 541.1 541.9 545.1 548.9 552.4 558.7 569.6 583.4 599.9 612.8 626.8 644.1 638.4 627.9 609.1 598.2 583 572.7 565.3 546 530.8 523.4 518.7 513.9 511.3 510 513.2 514.7 512.1 511.9 508.3 502.4 495.6 485.5 471.1 450.4 430 413.9 388 374.4 365.1 351.9 350.9 351.2 355.9 365
346.1 329.9 312.5 294.6 281.7 269.9 262.6 255.4 249.2 250.9 253.3 257.7 263.2 271.1 284.1 298 316.4 335.8 357.7 379.7 403.7 429.5 470.4 483.4 501 509.6 523.1 529.8 536.2 536.8 541 542 543.5 544.1 544.6 546.2 549.2 552.5 560.8 571.5 582.7 594.6 611.3 619.8 617.1 610 590.6 579.1 569.6 560.9 548.8 529.9 518.7 514.4 507.6 504.7 504.6 504.1 505.8 505.5 502.6 502.4 501 496.7 490.2 475.2 458.6 440.8 420.5 402.8 380.4 368.6 358.1 351 352.1 352.5 361.4 371.8
334.6 320.4 300.4 284.5 273.1 265 258 253.4 247.1 251 255 262.3 275 283.8 299.8 317.2 337.2 356.8 379.9 403.4 427.8 456.7 497.9 507.3 523.4 533.1 538.3 540.2 542.8 544.8 546.3 547.3 546.4 546 545.2 545.7 546.5 547.3 552.4 559.9 568.8 578.7 586.2 600.2 599.3 593.1 575.5 571.3 560.8 545 527.2 513.8 507.3 503.8 500.4 498.8 499.7 497.9 496.6 496.4 495.7 494.1 491.5 486.4 475.6 461.7 449.2 433.6 412.7 389.6 377.6 367.8 355.5 353 353.5 358.8 365.8 375.3
322.2 304.4 292.7 278.4 268.7 259.9 254.8 251.2 247.2 250.5 257.2 269.8 284.5 299.4 319.5 335.8 355.3 379.8 402.6 426.7 457.4 507.5 521.2 535 546.2 550.9 551 552.9 553.5 552.7 553.2 553 551.4 549.1 546.2 545.2 543.4 542.9 544.1 548.7 554.6 561.1 565.9 581.7 584 580.9 572.6 559.4 549 529.9 519.8 507.5 498.9 496.6 494 495.2 491.7 488.1 485.3 487.1 485.1 482.6 479.4 472.8 464.6 455.7 439.9 426 399.5 385.9 375.3 359.9 354.1 354.4 357.4 363.4 371.9 383
311 295.8 283.9 272.5 262 254 250.6 249.7 246.5 251.2 259.3 273.6 296.4 315.7 334.7 355.1 379.1 403.9 429.5 458 491.3 536.4 545.6 553.9 560.3 562.7 561.4 560.6 561.7 560.8 560 558.8 555.8 552 548.2 545.5 540.9 537.9 536.6 538.6 541.6 545.7 551.3 564.1 567.5 566.5 560 542.4 535.2 520.7 507.7 499.4 496.6 495.7 492.5 487.5 483.1 475.7 464.8 472.2 468.3 469.7 467.4 463.3 456.5 445.3 430.2 410.8 391.5 375.6 367.5 357.1 355.3 357.7 360.1 369.1 379.9 393.9
296.4 288.8 277.4 267.3 258.5 252.1 245.2 245 248.1 258.8 269.5 290.3 312.8 333.9 352.8 372.6 399.7 427.4 454.7 486 539.5 562 570.4 570.4 569.9 570.2 570.7 568.9 570.5 568.8 566.4 563.6 559.6 554.8 551.2 544.6 540.1 534.9 531.9 531.1 531.8 534 539.4 550.4 552.3 551.4 547.4 533.6 524 509 495.4 490.7 491.6 489.5 482.8 472.8 472.5 467.5 452.9 455.6 457.1 458.3 460.7 455.9 451.6 444.2 427.6 404.2 384.8 376 369.8 357.2 355.3 361.6 367 373.9 385.7 403.3
292.4 275 271.2 261.8 254.3 244.6 245.2 247.3 253.6 264.6 280.2 304.7 329.1 354.6 373.8 398.1 420.6 446.9 483.8 531.7 569.9 587.1 591.2 585.6 582.8 581.2 579.3 575.1 576.3 577.2 572.6 567.6 564 558.5 552.5 544 538 531.7 528 526.5 524.6 527.3 530.3 539.8 539.5 538.1 535.1 525.1 507.5 494.9 486.4 487.4 488.2 484.2 473.3 466.1 459.7 457.6 454 449.8 451.7 453.4 452.1 448.2 445.8 436.8 416.7 394.9 385.4 376.2 369 358.7 355.5 364.4 373.9 381.6 395.2 419.3
286 268.4 258 251.9 244.1 244.3 246.4 252.7 261.7 275.7 296.2 323 347.7 371.7 392.7 423.7 441.7 479.1 523.1 580.5 595.1 602.2 605.2 602.4 596.2 594.2 588.1 585.1 583.1 579.9 575.8 572.9 566.6 560.4 552.4 545.6 537.7 529.7 522.8 516.8 519.5 520.8 521.5 528.5 529.2 525.7 523.6 515.2 497.1 488.1 481.8 486.1 480.3 471.2 461.6 455.8 448.5 447.9 448.4 438.2 449.3 445 442.3 438.8 431.3 417 402.3 391.3 381.4 375.8 368 359.1 357.2 365.9 375.7 392.4 406 437.7
278.2 268.9 253.4 245.5 243.3 244 252.2 258.9 274.2 290.8 314.2 341.2 365.3 387.6 414 446 475.7 508 555.5 599.7 611.3 620.5 617.7 612.5 605.1 603.1 599.3 598.6 592.2 586.4 581.6 576.9 569.2 561.8 552.7 545.4 537.7 528.3 518.2 515.5 511.9 511.1 512.6 517 516.1 514.7 512.4 502.7 491.1 477.5 477 472 466.9 461.2 455.5 447.7 443.3 435.5 439.8 443.4 426.6 438 430.1 424.1 414.8 398 385.8 380.1 374.9 366.6 359.9 358.4 359.2 371.4 385.3 397.9 413.3 441.5
269.1 261 254.1 244.6 241.7 245.8 259.7 273.1 291.3 308.8 333.3 362 385.5 406.8 438.6 471.4 520.8 545.4 597.5 623.8 629.2 631.9 629.3 624.6 618.1 616.3 613.9 604.6 598.5 593.9 588.6 581.4 570.8 563 554.8 546.2 535.9 526.5 516.7 510.9 506.4 500.2 502.3 506.2 503.6 505.4 502.1 490.1 476 465.6 467.6 466.6 457.8 452.1 446.8 440.1 434.2 431 426.9 435 416.3 432.3 422 409.1 393.3 382.1 375.9 370.2 365.5 364.3 360.2 358.8 365.8 379.1 392.3 403.4 420.8 442.1
263.2 256.4 243.3 241.1 242.7 256.9 267.9 285.1 309.6 329.5 351.2 381.7 402 433 463.7 508.6 566.3 555.5 603.8 640.1 643.3 641.5 640.2 635.1 628.1 626.4 620.9 614.7 611.5 602.6 599.4 585.3 575.6 564.9 556.1 547.2 537.5 526.1 516.8 507.8 499.8 496.3 490.7 493.8 495.6 495 490.7 479.8 467.2 458 464.9 462.3 449.4 440.5 439.1 431.3 426.2 426.3 425.8 424.1 416.3 401.5 401 390 380.2 372.7 369.4 370.3 363.8 361.4 359.8 359.3 377 386.7 399.5 411.8 429 451.8
255.9 243 239.7 240.4 251.4 262.1 281.1 303.1 323.1 345.2 371.1 398.9 422.7 457.9 500.9 557.3 612.6 611.8 605.1 654.3 655.6 652.1 650.3 647.8 643 638.7 629.3 623.7 618.2 613 601 591 577.6 567.4 557.4 546.2 538.4 526 515.3 505.3 497.3 487.3 483.3 485.4 485.3 483.9 478.8 467.5 456.1 456 453.9 446.6 436.4 431 422.4 423.6 418 420.4 418.9 407.5 406.2 389.9 386.4 381.1 376.1 367.9 365.2 363.7 362.3 361.5 363.1 366.6 376.6 388.6 407.6 420.4 435.7 460.2
250.3 238.3 239.3 241 256.2 274.1 293.4 318.6 341.7 365.9 391 418.4 447.3 475.8 541.5 609.7 649.2 652 651.5 668 667.1 663.9 659.2 658 652.8 644.8 639.4 634.8 625 614.9 609.1 594.3 581.5 567.1 555.2 545.1 535.1 524.9 514.9 504.7 494 486.7 475.4 473 470.6 471.9 467.1 460.2 458.6 449.7 440 434.3 429.9 428.1 422.6 412.1 409.7 407.9 403.8 398.6 394.1 378.8 380.5 373.2 367.4 365.8 364.2 363.8 362.6 362.3 367.1 372 378.2 391 404.4 424.9 444.4 468.3
236.1 237.9 239 246 262.8 284.1 308.5 332.2 356.7 382.1 411.3 439.1 469 510.9 578.9 637.4 677.7 681.6 684.3 680.5 680.4 675.4 672.1 668.2 661.3 655.9 647 644.3 633.1 619.7 607.4 593.3 583 569.4 556 543.8 535.1 522.4 513.7 503.9 490.7 485.2 474.9 464.1 461.1 461.6 460 457.8 449.4 440.2 432.2 429.7 427.4 424.9 419 409.8 402.2 398.4 394.8 394.9 388.6 381.2 370.1 367.6 367.5 364.8 365.8 364.3 364.4 369.8 369.2 378.4 385.1 395.4 411 431.5 453.5 478.9
236.7 237.1 242 256.3 273 295.8 325 347.5 371 402.1 437.4 467.8 499.8 572.9 614.2 655.2 699.9 698.9 698.3 694.9 688.9 686.6 685.4 677.8 672.2 663.7 656.6 650.7 637.9 628.7 610.9 595.1 580.9 570.3 555.4 545.2 532.2 520.4 512.3 502.4 488.6 481.9 473.3 464.5 452.4 454.7 453.2 452.6 449.4 442.2 432.6 428.3 428.3 419.6 412.6 406.6 401.4 395.3 388.9 386.8 381.4 374 369.1 369.8 368.6 367.4 366.8 371 368.6 372.7 378.4 382.7 390.4 400.3 415.9 436.8 460.9 480.5
235.8 236.4 252.7 265.7 286.2 311.8 338.6 365.1 388.4 426 454.4 496.5 538.4 602.9 648.9 699.4 714.4 715.3 710.7 706.8 701.3 698.2 692.6 686.2 678.3 672 664.6 654.8 647.3 636.9 611 600 581.2 569.9 554.2 542.4 528.9 519.8 508.1 497 485.7 475.8 463.9 456.5 450.4 445.6 448.1 440.5 439.9 433.5 430 429.7 427.9 420.4 410.2 405.1 400 397.8 387.3 386.1 377.6 370.2 370.7 371.5 370.9 371.1 370.2 371 374 377.5 381.5 388.2 399.7 408.3 423.1 443.5 465.6 488.2
234.8 245.4 263.8 276.9 298.9 324.8 351.8 382.5 410.6 443.3 480.5 532.3 570.8 647 678.4 728.1 733 728.4 722.6 720 714.2 708.7 703.4 694.7 690.1 679.3 675.1 666.5 654.3 638.9 612.2 597.3 582.9 570.8 554 538.4 525.3 515.7 503.9 494.8 481.5 470.3 463.5 452 443.8 427.2 437 434 431.5 428.4 427.7 425.5 419.9 411.9 405.2 400.1 394.9 386.2 383.4 377.7 372.4 371.5 375.5 373.4 372.7 372.3 373.5 374.5 376.6 382.1 392.4 394.6 407.8 417.5 431.8 454.2 472.8 496.1
234.2 256.1 267.9 286.8 312.9 340.8 369.1 398.1 427.1 464.3 507.2 569.4 622.1 675 725.3 747.9 746 740.4 737.1 733.4 726.7 719.9 712.3 706 695.2 689.1 682.4 674.3 657.5 634.5 612.3 598.5 578.9 565.5 548.6 535.1 525.3 512.7 498.6 489.8 484.4 471 463.3 450.3 438.8 428.4 427.8 428.2 427.8 424.7 424.2 421.4 411.8 402 395.8 393.7 392.4 384.4 379.8 375.8 376.8 373.3 375.8 376 376.3 378.7 377.1 378.1 380.8 388.2 393.8 402 413.8 424.1 439.7 462.6 481.8 503.5
247.4 257.3 272.8 297.8 327.6 355.7 385.9 414.9 446.2 490.4 568.3 618.1 652.2 708.6 753.1 761.3 763.3 758.2 752.8 747.8 741.1 732.9 720.3 713.6 708.7 700.2 693.5 680.3 659.5 631 613.7 596.1 582.9 562 547.9 532.4 520.6 507.5 493.8 484 478.4 466.6 454.7 446.4 431.4 422.6 417.1 415.9 415.1 413.6 414.7 409.8 403.6 396.6 391.1 387.6 388.7 387.1 377.7 376.2 377.9 375.6 378 379.7 381.7 384.2 383.3 385.4 391 391.4 399.5 405.8 421.5 432.4 448.5 469.1 489 511.4
251.2 263.1 280.3 313 341.3 370.3 404.6 433.1 469.3 530.5 622.1 653.4 692.6 730.5 772.1 779.7 780.2 772.5 766 759.9 751.6 744.4 733.6 723.3 717.1 711 705.4 688.2 661.4 631.4 610.5 593.3 580.3 558.1 544.7 530.7 515.5 504.7 492.6 484.4 473 463.1 452.3 435.6 421.4 416.3 407.4 405.7 402.8 403 402.1 400.3 393.5 389.7 389.3 385 383.3 383.7 377.3 378.8 380.5 381.9 379.2 383 393.5 392.7 387.7 395.6 398.6 396.2 407.3 413 426.3 436.8 455 470.5 495.9 519.7
253.1 267.6 292 327.7 354.5 384.8 420.7 453.1 489.8 566.5 646.8 674.9 713.8 757 794.3 798.3 796.6 787.9 780.3 772.6 763.2 756.1 744.2 736.1 726.6 722 708 686.5 666.4 629.6 612.6 592.9 575.7 556.7 540.8 528.3 515.2 503.8 491.7 478.8 467.7 457.5 447.6 434.9 420.8 408.5 403.8 403.7 400.5 395.6 389.1 387.4 392.3 385.4 383.5 381 378.2 377.4 379.3 380.1 382.5 382.9 384.7 388.5 392.5 397.5 397.4 400.8 404 404.4 410.4 420.9 434.4 446.5 457.8 479 503.7 523.5
259.8 280.1 315.2 342.9 369.4 398.3 434.9 469.8 511.4 596.9 662.6 697.9 735.7 773.9 809.8 815.8 813.3 805.6 798 786.4 775.5 765.9 756 747.6 738.2 731 716.1 690.8 658.2 629.7 607.3 589.6 573.8 555.2 537.6 524.2 510.2 494.1 486.2 472.8 459.4 445.1 431.9 420.6 411.5 407.9 398.8 400.3 397 392.5 388.5 389.4 387 386.4 383.3 385.6 384.9 382.3 385.7 389.9 387.5 388.6 384.8 391.6 396.3 401.7 403.9 404.5 408.2 412.4 415.5 425.2 439.9 453.1 468.8 484.2 507.7 525.7
269.5 295.4 326.2 354.5 381.1 416.2 448.1 491.5 543.3 627.2 683.8 723.4 757.3 791.5 826 831.4 825.6 822 813.5 801.3 789.1 778.3 769 760.4 749 733.2 712.4 686.4 648.5 631.3 606 587.5 571.8 550.1 533.6 518.7 506.8 491.8 477.1 465.6 452.9 436.7 423.2 415 409.6 400.5 399.2 395.7 394.9 398.4 399.9 395.3 394 396.5 392 392.4 391.6 388.1 388.6 390 393.1 394.6 391.3 392.7 403.1 406.4 408 410.9 414.3 414.5 420.6 431.4 449 461.2 475.7 491.9 514.6 538.2
281.8 309 339 363.5 387.3 432.1 466.2 513.9 571.6 639.1 682 732.8 773.7 808.2 839.8 846.1 841.1 835.2 825.6 815.5 805.1 793.1 781 769.6 754 733.1 713.8 683.5 641.2 627 607.3 586.9 567.2 547.2 530.7 518.1 503.7 490.2 476 456.8 441 431.2 415.7 408.9 403.6 397.2 398.6 399.5 403.2 411.2 407.6 408.2 413.2 410.2 404.1 404.6 402 398.3 396.5 397.9 400.9 402.6 399.4 396 406.6 412.3 410.2 416.7 418 422.3 427.5 436.5 454.2 467.4 482.1 497.7 523.6 546.5
297.3 323.1 349.9 375.4 403.7 442.8 478.9 524.4 607 652.1 699.2 746.7 782.2 814.8 850.1 860.3 856.6 850.3 841.1 829 818.3 805.3 794.3 779.1 759.4 734.4 707.1 683 642.5 622.1 603.9 583.7 561.5 546.6 527.8 516.7 499.9 483.8 471 455.5 438.4 422.9 412.3 406.4 399 401.2 406.9 406.3 411.9 421.3 426.2 429.6 435.1 431 428.3 425.7 420.7 413.7 407.4 407.4 403 403.4 407 402.3 401.2 415.9 415.8 419 426.5 429.8 434.8 442.8 460.1 473.7 489 505.8 529.1 552.3
