public/OST50/NN33.asc
ncols 200
nrows 200
xllcorner 230000
yllcorner 730000
cellsize 50
[rows 70 to 104 of 200, columns 0 to 77 of 200]
442.5 434.7 425.8 414.5 404.4 393.6 378.3 365.2 353.3 338.6 326.3 313.1 298.2 281.6 264.8 254.9 241.1 225.8 212.3 210.2 201.8 196.5 192.5 186.3 187.4 188.4 189 188.4 189.4 189.2 189.7 190.8 192.3 192.8 194.4 200.4 203.9 208.5 215.2 221.5 230.1 240.8 248.8 260.6 270.9 282.1 292.1 305.6 320.7 337 349.4 362.3 379.6 392.7 406.7 420.6 427.5 409.2 388 370.6 355.2 341.5 326.4 311.1 297.5 281.2 267.7 257.5 246.8 238.2 231.9 230.4 222.7 228.7 235 246.7 261.5 283.3
459.8 449.1 440.7 429 414.9 403.9 388.3 376.4 364.3 354 341.2 320.5 305.5 292.1 277.8 265 248.3 238.8 226.6 216.7 207.4 200.9 198.6 196.5 187.6 186.7 188.9 189 189.2 189.4 190.3 190.8 191.4 191.1 193.1 196.3 198.2 202 207 214.5 220.8 229.2 238.2 247.3 255.8 266.3 277.6 287.6 299.5 311.2 322.5 334.4 348.5 361.1 368.7 375.3 379.1 375.9 360.5 346.8 334.6 317.3 304.1 290 277.7 267 256.5 247.4 239.7 233 228.6 226.6 222 228.8 238.9 249.6 268.1 294.5
475.7 463.9 454.4 442.6 425.8 415.2 401.3 389.2 377.5 364.8 349.7 331.1 319.6 302.5 287.7 273.4 265 246.9 232.1 223.5 214.5 208.2 202.9 196.5 192.6 189.1 188.8 188.2 187.9 190 191.4 192 191.4 190.2 191.5 193 194.1 197.4 204 208.3 213.3 221.1 228.4 235.3 243.6 253.1 264.2 271 282.5 291.7 299.4 308 320 329 335.5 343.4 342.2 333.8 327.6 318.8 307.8 297.7 283.2 274.9 263.3 253.8 245.2 240.3 234.4 228.5 226.2 220.6 224.3 231.7 243.7 256.7 275.9 302.4
487.6 478.3 466.7 453.9 439.6 429.7 415.7 402.1 390.4 378.7 357.7 344.4 331.3 313.9 297.7 287.6 274.6 258.5 246.3 233.3 222.9 213.6 208 204 200.3 193.6 189.1 189 189.1 189 188.3 189.9 189.9 190.4 190.9 191.7 191.9 192.9 198.8 202.9 209 213.9 218.1 226 231.5 238.3 246 255.3 264.6 274.6 282.5 287.9 296.8 303.4 307.3 312.4 311.2 308.5 303.6 295.1 287.2 277.5 266.9 259 251.4 243.7 238.8 233.7 229.6 224.5 219.1 222.2 226.5 237.7 246.9 261.9 286.7 304.5
504.3 491.7 479.2 464.8 454.9 443.5 428.3 414.5 400.2 385.8 370.7 359.8 341.2 326.2 312.8 300.3 283.5 271.6 256.1 246 232.3 222.1 215.6 208.5 202.9 200 195.4 192.6 190 189.7 190.5 190.3 189.9 190.9 191.3 191.5 191.5 194 195.3 198.2 203.9 207.3 211.5 216.6 223.3 229.5 234 241.5 252.2 257.4 264.4 270.9 278.3 281.9 286.4 290.1 289.6 289.1 285 276.8 267.6 259.2 253.4 246.5 239.9 235.4 232.1 229.1 224.9 221.4 218.9 221.7 230.2 238.6 252.6 274.3 295.1 316.4
518 502.8 488.1 479.1 466.4 453.9 441.9 426.3 412.5 394.9 380.3 366.9 347.8 338.2 323.8 309.2 293.8 279.3 268.6 256.3 243.9 229.3 221 214.7 208.8 203.5 198 194.7 191.2 189.7 190.5 189.5 189.8 190.3 190.9 190.7 191.6 191.7 192.6 195.5 198.6 200.8 204.9 210.6 216 218.4 224.5 230.9 237 242.7 249 253.5 260.4 263.1 265.6 271.8 271.5 268 265 259.5 250.7 245.6 239.6 236.1 231.2 227.9 225 222.8 220.5 216.4 219.9 228.6 234.1 243.5 259.2 278.6 297.2 317.2
530.2 514.3 501.7 492.4 478 465.2 452.6 436 419.3 403.9 390.3 372.2 359.8 346.7 334.5 321.4 306 292.8 277.8 266.3 252.2 241.3 228.2 220.4 214.3 206.6 203 197.9 193.9 192.3 190.6 189.1 191.1 191.1 191.5 192 191.7 192.5 192.3 193.1 194.3 196 199.5 202 206.9 211.4 214.8 219.5 225.3 232.7 237.1 242.3 244.9 247.5 248.6 252.2 254.7 250.8 247.7 242.8 237.8 233.7 231.3 227.4 223.8 221.3 220.5 218.4 214 219.3 223.5 229.1 242.9 246.7 259.4 277.5 297.6 317.6
540.7 528 514.6 500.7 488.2 474.5 461.8 444.3 430.5 411.9 398.8 384 367.9 358.3 345.1 332.5 316.2 301.6 283.2 275.1 263.3 250.9 237.9 228.5 221.6 214.7 208.7 202.8 198 195.9 192.5 191.1 190 191.2 191.3 191.9 192.2 192.6 193.1 193.2 192.9 193.8 194.9 196.8 202 204.7 208.3 210.4 217.1 223.6 226.6 231.1 234.6 235.2 235.9 236.4 238.2 237.1 236 232 229.3 224.1 221.7 219.6 218.1 216.9 217.4 215.5 217 222.6 225.1 229.5 237 246.4 260.9 274.1 299.4 318.9
552.8 540.3 526.6 512.7 499.6 484.9 467.3 453.9 437.7 425.9 406.8 392.8 381.4 368.4 354.5 341.1 325.5 308.6 297.7 285.3 273.4 255.4 246.7 235.8 224.8 222.3 213.1 207.1 202.8 198 195.5 193.7 193.1 191.4 190.6 190.6 191.5 192.5 193.5 192.9 193.3 192.5 192.9 194.5 195.3 201.4 205.2 206.6 212.4 212.9 218.7 221.8 224.5 225.7 226.7 228 228.7 227.3 225.8 223 218.5 216.6 215.1 214.1 213.7 214 213.6 211.7 217.2 224.7 225.6 229.2 236 246.1 262.5 273.2 293.4 310.9
566.8 550.5 536.7 523.7 508 491.4 476.8 461.7 447.1 436 417.3 404.6 391.7 378.8 363.8 347.8 334.9 323.1 307.4 290.6 279.7 269.7 253.9 243.1 235.4 226.1 217.4 212.7 207.3 201.6 198.9 196.2 195.5 194 192.5 192.3 191.3 191.6 192.1 191.9 192.5 193.9 193.9 194.4 194.7 197.7 201.6 201.9 207 209.3 214.4 217.3 219.1 218.4 221 224.8 223.9 219.6 218.6 217.5 215 212.6 211.2 210.2 210.2 211.5 209.8 216 217.6 221.9 226 229.9 241.4 248.1 262 276.9 287.8 302.2
577.1 560.1 544.8 530.5 513.5 499.7 488 470.8 457.4 444.1 428.8 416 402.4 388.5 370.6 360.8 343.8 330.6 318.6 300.7 288.4 273.2 261.1 248.9 242.2 233.4 223.2 217.2 212.5 205.7 202.2 199.2 197.7 196.2 194.4 193.4 192.7 192.5 192.3 193.6 193.9 194.6 195 195.2 194.1 194.2 198.4 198.9 199 205.3 208.9 213 216.7 214.4 215.1 215.4 214.2 213.3 213.6 211.5 210.4 208.1 209.2 209.9 209.8 209.9 216.1 217.4 220.6 222 225.5 230.9 238.6 245.3 258.5 271.9 286 297.2
588.5 569.6 552.6 540.1 522.4 508.1 494.1 484 469.7 453.6 439 426.4 411.6 395.8 381.5 366.5 352.9 340.5 327.3 311.8 295.3 281.9 270.8 258.5 248.6 238.5 231.7 224.3 218.1 210.3 206.1 202.1 200.2 197.9 197.2 195 193.1 193.2 193.8 193.9 194.2 194.7 195.1 195.3 195.7 196 196 194.7 197.4 198.8 205.3 207.4 208.2 209.9 210.1 209.7 210.3 208.9 208.6 206.8 206.1 206.8 207.8 205.3 212.5 213.6 217 217.6 220.8 222.6 223.3 229.9 236 249.6 259.1 268.9 281.7 297.5
595.9 578 562.4 548.9 532.5 520 506.3 493.1 481.6 463.5 449.1 433.1 419.9 404.9 391.3 376.7 361.9 347.8 332.3 321.4 305.8 290.3 280.8 267.2 257.5 246.9 235.7 229.4 222.4 215.7 209 204.5 203.1 201.4 199.5 197.4 194.4 194.4 194.6 194.9 195 195.3 195.5 195.2 195.9 196.7 196.4 197.5 195.7 198.4 203.2 203.3 205.7 204.5 204.7 204.7 206.5 206.7 205.5 205.6 205.7 203.6 205.8 208.5 208.7 215.4 217.7 219.9 222.1 222.3 224.1 228.9 236.1 248.9 256.2 264.7 279 291.8
605.3 589 573.9 557.6 543.5 530.3 515.9 504.6 490.1 472.6 457.2 440.6 426.1 414.8 400.6 386.8 369.3 354.3 342.3 330.1 317.3 306.4 291.1 277.2 264.8 253.4 240.7 233.9 225.2 221.1 214.9 210.7 208.5 204.9 202.4 198.7 196.2 195.1 195.5 195.4 195.5 196 196.1 196.1 196.8 196.6 197.3 197.3 198.3 196.5 199.4 201.8 202.4 201.1 201.6 207 207.5 203.9 204.1 202.1 207.5 209.4 211.5 212.8 212.1 216.9 219.2 221.9 222.5 223.6 227.4 233.1 238.3 248.6 256.1 263.7 275.4 289
615.2 598 582.7 566.7 554.1 540 527 513.6 499.6 481.8 464.6 450.3 437.1 424.4 409.7 393.6 376.2 363.6 348.2 338.4 328.8 316.1 304.3 288.3 273.5 260.7 248.8 238.1 232.7 226.5 219.6 216.1 212 209.2 206 202.2 199.1 197.6 196.2 196.1 196.2 196.8 196.8 197.2 197.5 198.1 198.3 197.9 197.9 198.2 196.8 199.1 199.9 200.2 201.1 202.7 201.1 201.2 204.9 205.2 208.4 209.5 211.5 215.9 217.2 215.1 220.2 222.2 223.9 228.8 231.7 236.4 241.3 247.5 253.9 261.5 270.8 286.7
625.4 606.1 591.1 576 562.9 548.8 535.8 522.4 507.6 489.4 474 457.5 444.1 428.3 412.8 401.6 384.4 374.2 365.1 351.2 335.6 323.5 311.6 298.2 284.6 271.3 258.3 245.9 239.9 233.6 225.8 222.1 216.7 213.6 210.2 205.3 199.8 199.8 198 196.9 197 197.4 197.6 197.9 198.5 198.8 198.7 197.9 198.1 198.5 199.3 199.7 199.6 201.2 202.8 201.9 202.5 203.4 204.4 206.5 207.9 209.9 214.7 219.2 221.6 221.3 219.9 225.4 226.9 231.8 233.5 241.2 245.7 251.7 258.5 263.6 267.6 279
636 618.1 601.1 584.3 571.7 556.1 541.4 528.7 514.8 499.5 483.6 465.6 449.7 439.5 425.9 408.4 400.8 386.7 369.6 357.1 348.6 334.5 321.6 306 292.3 277.6 264.8 254.5 245.3 238.5 233.8 228.6 222.1 218.5 213 208.9 203.6 203.8 199.2 199.2 198.5 197.9 198 198.3 199.2 199.9 199.5 199.6 199.3 199.9 199.9 200 200.7 203.4 204.5 205.7 206.3 204.2 205.4 206.9 208.5 212 216.9 221 222.8 223.7 222.9 223.6 228.3 233.3 238.5 241.3 250 255.7 262.2 265.2 268.3 271.5
646.6 630.6 609.1 590.6 574.9 562.2 547.5 536 521.3 504.7 489.1 474.1 461.2 448.5 433.6 422.8 408.8 390.3 380.5 366 356.7 343.4 328.7 314.8 302.2 289.8 271.6 264.4 251.3 244.3 239.8 234.2 228.5 222.5 216 210.8 208.9 204.4 202.5 200.1 200.2 198.6 198.7 199.3 200.3 200.2 200.6 200.4 200.5 200.6 200.7 201.1 202.3 202.8 205.5 208.2 206.9 205.8 207.7 208.6 211.5 213.9 217.9 221 223.8 225.9 226.3 221.9 226.7 233.9 235.8 242.7 247.6 254.7 258.5 261 261.4 264.7
657.8 637.3 616.8 596.3 582 566.4 553.3 541.1 527.3 512.5 496.4 481.4 468.3 451.9 444 430.1 416 403.3 390.1 379 365.4 350.7 336.1 322.9 311.7 297.5 283.4 271.7 261.2 251.4 245.3 238.7 235.3 227.5 220.6 216.4 214.3 207.6 205.7 202.4 201.6 200.1 199.8 200.2 201.1 201.4 201.2 200.9 201 201.1 201.9 202.1 202.8 201.5 205.9 206.6 207.4 209.8 210 212.3 216.3 220 221.7 224.6 226.8 230.2 230.5 226.4 228 230.7 229 230.8 233.5 241.1 245.8 245.8 253.4 259.8
668.5 646.6 623 603.1 585.2 573 561.4 548 533 518 504.4 488.4 474.2 464.9 452 440.1 427 412.4 400.1 386.6 368 358.6 344.6 331.4 320 307.7 293.4 280 271.6 260.2 251.1 246.1 240.2 231.5 226.3 222.8 218.4 212.1 208.4 205.2 206.2 200.7 200.4 200.9 201.6 202.2 202.1 202.2 202.3 201.9 202.6 203.5 203.8 203.2 204.1 207 210.4 212.6 214.2 218.3 221.5 224.3 226.6 228.4 231.7 233.8 237.1 238.3 238.5 240 239.5 239.3 240 240.6 240.8 241.4 243.4 250.2
680.2 656.4 629.9 609.4 592.8 580.9 568.4 555.2 539.6 522.5 508.1 497.3 484.9 475.7 462.7 449.6 437.3 422.4 407.1 392.1 380.7 367.2 353.3 340.8 328.8 314.1 301.1 289.1 279.5 268.9 259.5 253.3 245.8 237.6 230.7 225.3 220.3 214.6 210.2 208.8 211 202.1 201.2 201.6 202.9 203.3 203 203.9 204 203.8 204.3 204.1 205.2 205 205.3 209.6 212.4 215.4 218.4 224.6 228.2 230.5 235.1 237.5 238.9 241.3 244.4 246 248.5 248.5 249 251 250 252 250.5 250.6 248.9 244
689.9 662.2 635.9 617.9 600.5 586.4 573.6 559.2 545 530.5 518.3 507 494.3 482.7 471 457.7 440.9 430.6 415 403.4 390.5 376.5 363.2 350.4 337.4 323.6 311.1 298.5 287.8 277.8 268.4 258.3 249.8 242.7 235.6 229.5 223.1 216 213.5 215.1 209.6 210.2 203.4 202.6 203.4 204.5 204.5 205.2 204.9 205.6 206.2 206.5 206.4 204.9 207.3 211.1 217.1 220.8 224.2 235.2 237.3 239.6 244.4 247.4 248.9 249.9 253.7 255.6 258.1 256.7 257.6 262.2 262.5 264.5 263.6 263.2 262.3 260
694.9 669.8 642.2 622.5 606.8 592.7 579.8 566.3 554.2 541.3 527.7 514.3 505.2 492.2 478.8 467.3 453.1 437.1 425.5 413.3 398.3 386.1 372.6 359.2 346.6 332.4 321.7 308.3 296.7 286.4 276.5 265.3 254.2 247.8 240.7 234.9 225.4 222.5 218.2 216.7 213.4 207.1 204.5 203.2 203.9 204.7 205 205.9 206.5 206.2 206.7 207.1 207.8 206.6 210.9 214.5 221.8 227.1 233.5 245.8 247.8 249.1 254.8 257.2 259.7 263.7 265.4 267.9 269.7 271.6 274.5 276.3 276.9 279.3 279.2 279.1 279 276.7
702.1 673.7 647.7 629.7 614.5 601.9 588.8 576.6 563.4 549.2 536.7 525.2 512.1 497.7 486.5 474.4 462.1 450.2 434.4 419.2 407.6 395.5 383 365.5 354.6 341.5 330.9 321.4 305.7 293.9 283.7 273.6 261.8 252.1 246.1 236 233 227.7 222.8 218.1 212.8 210.5 209.8 203.5 204.8 205.5 206.1 206.7 207.4 207.3 208.5 208.6 207.3 213.8 216.1 221.9 227.8 236.9 240.7 250.6 257.8 261.2 266.6 270.5 274.2 276.1 280 282.6 284.9 289.7 290.7 294.7 295.8 297.3 298.1 298.6 298.7 296
709.4 678.9 655.2 636.7 623.1 608.9 597.8 585.1 571.8 557.7 543.4 532 516.8 505.6 493.3 482.5 468.9 457.2 442.5 428.4 417.5 405 389.9 375.9 363.7 349.3 338.9 326.3 313.9 301 289.9 278.9 267.5 256.7 252 245.8 237 232.9 226 222.9 220.2 213 212 204.9 204.6 207.4 207.6 207.5 208.7 209 209.7 209.8 213.8 221.2 227.7 231.4 237.4 244.4 252.7 260.8 268.3 272.1 278.3 285.3 288 290.7 297.8 299.7 303 310.3 315.3 317.1 322 321.9 323.2 322.1 322.7 319.8
716.6 687.5 662.1 645.2 631.1 618.1 605.5 591.9 577 564.5 549.4 541 526.1 511.4 501.2 489.8 477.6 465 452 438.3 422.6 412.3 399.1 385.5 370.4 358 346.2 334.6 321.8 308.5 296.3 285 273.7 262.9 255.8 248.9 242.3 238.1 232.3 227.4 223.1 218.7 215.5 208.6 205.9 212.3 208.8 208.8 209.4 210 210.7 211.5 215.9 229.7 236.8 243.8 248.5 256.3 266.1 274.4 279.9 285.5 291.9 302.1 304.8 309.9 314.5 319.5 322.1 332.8 340.7 340 345.4 350.5 350.9 351.9 351.5 349.9
725.2 698.2 669.6 652 638.2 624.8 610.8 598.2 583.9 571 558.3 546.8 534 521 508.6 495.8 485.3 472.8 460 446.2 432.9 421 405.7 394.9 379.1 366 354.6 342.6 329.6 315.3 303.2 291.7 277.6 270.7 264 256.7 250.5 244.6 237.4 231.7 226.9 222.9 218.3 212.5 208.1 210.5 209.1 209.9 210.5 211.2 211.9 212.3 226.3 236.7 245.9 253.4 263.1 270.2 279 287.2 296.3 297.7 307.7 315 320.2 331.7 334.8 342.3 346.6 354.3 362.3 364.4 369.2 377.3 381.1 382.4 382.9 381.4
732.7 703.6 676.9 659 644.7 630.7 617.9 604 591.2 577.9 564.3 551.6 540.5 527.5 515.3 503.5 491.8 478.9 466.6 453.4 440.4 426.5 416.3 403.7 388.7 375 362.8 347.7 335.7 322.5 311.9 296.7 287.2 278.4 270.5 261.6 255.5 249.1 241.6 235.7 231.2 227.3 224.1 216 212.7 208.9 211.8 212.6 211.6 212.2 213 218.1 230.1 239.9 250.8 261.1 271.1 282.3 292.4 301.3 311.4 315.8 324.4 330.6 338.1 345.8 356.5 364.3 372.1 378.7 387.2 393.1 398.9 404.6 411.4 416.5 418 424.9
739.4 713.3 686.7 667.1 652.6 637.6 626.1 610.6 597.6 583.3 572 557.1 545.6 533.8 522.4 510.5 498.3 486 473.7 460.9 447.7 436.7 423 410.9 395.4 383.4 369.3 353.1 343.4 327.1 317.1 305.6 292.5 284.4 276.7 270 262.6 254.2 246 240.5 233.4 231.4 224.1 219.6 216 211 218.1 213.9 212.2 214 214 223.2 233 240.7 253.6 266 280 291.4 302.3 314.8 324.9 334.4 338.8 352.4 361.5 373 378.7 386.1 396.3 403.7 411 418.1 430.9 433.8 435.7 449.8 456.5 461
747.2 723.9 699.3 677.5 659.5 645.4 634.1 618.7 603.5 592.8 580.7 564.2 552.1 540.6 529.4 516.1 503.6 494.8 479.9 468.5 454.7 440.4 429 416.3 400.7 386.3 371.7 358.3 343 337.2 328.9 314.6 302.9 294.1 287.2 276.3 267.7 258.8 251.1 243.9 237.9 231.1 228.7 223.3 218.4 214.2 217.9 215.1 213.7 214.6 214.1 229.5 237.8 248.8 259.9 273.3 284.7 299.5 313 324.5 338 351.2 359.2 374.3 387.5 398.6 408.7 415.4 421.4 430.9 439.2 450.5 458.6 463.4 474.7 480.8 488.2 484.7
754.6 735.2 714.2 692.5 675.5 653 639.6 625.2 610.9 599.9 587.1 572.1 558.4 547.5 535.6 525 511.3 499.9 487.5 473.8 459.6 446.5 434.7 419.9 408.4 393.1 378.5 367.5 356.8 346.7 336.3 324.4 313.2 303.4 292.9 282.1 273.7 265.8 256.1 247.8 240.9 234.8 232.3 227.1 222.9 217.3 214.6 215.5 215.3 216.4 215 234.8 244.6 256.6 266.3 278 290.8 308 321.8 336.7 349.5 366.8 379.7 396.3 411.7 423.1 435.8 442.1 450.4 460.1 468.8 478.1 487 501.6 509.7 518.1 517.8 503.2
761.1 745.5 726 707.1 689.2 663.1 646.5 632.7 621.6 607.4 594.3 579 564.5 552.6 543.2 529.9 517.4 505.6 492.6 481.4 465.3 453.7 440 427.9 412.4 399.9 389.3 379.4 365.9 355.8 342.1 334.9 325.4 312.8 300.9 288.6 278.6 271.5 261.7 253 245.2 238.8 234 229.3 224.3 220.5 215.8 217 217.2 218.4 216.4 229 249 259.2 272.2 286.1 298.1 313.5 331.6 345.9 367.9 379.8 401.3 417.7 433.9 447.8 458.1 469.8 479.3 487.9 494 508.4 519 533.9 540 537.7 540.6 526.5
769 755.3 738.7 719.5 700 674.9 654.2 639.5 627.8 614.8 598.6 585.7 571.3 559.5 548.8 536.6 522.5 512.6 499.2 485.5 474 461.6 447.2 432.9 420.5 410.8 398.8 388.2 375.9 363.3 353.3 347.1 335.1 321.6 308.9 296.7 284.8 274.1 268.2 259.2 247.6 242.2 238.1 234.8 229.6 226.2 218.2 218.2 218.5 219.7 217.9 236 249.5 264 276.3 292.9 307.9 324.3 338.9 355 379.8 396.5 419.6 438.4 457.4 470.3 485.4 497.7 508.9 517.2 525.9 540.5 556.7 567.3 573 565.4 554.1 547
779.2 763.3 748.5 727.3 706.3 682.1 662.4 649 633.1 620.7 605 591.7 577.6 567.7 554.9 541.2 528.3 517.1 500 493.4 479.9 468.4 458.2 434.6 435.1 420.7 409.9 399.5 386 372 362.4 352.9 342.9 330.5 317.9 306 292.1 281.3 273.3 261.2 252.6 246.5 241 238.9 233.3 232.2 223.1 220 220.1 221.5 219.5 233.1 252 263.4 281.1 296.1 314.5 331.5 354.2 368.9 393.1 412.7 436.5 460.4 478 495 511.3 524.1 536.1 546.3 559.6 575.2 590.3 598.9 595.8 587.2 570.6 552.8
785.7 772.3 757.2 738.1 715.5 689.2 669.5 655.1 639 626.5 613 596.3 585 571.9 561.3 547.7 534.4 521.9 510.2 496.6 486.6 477.1 460.5 455.1 445.5 433.4 421.9 409.7 392.8 382.8 374.5 364.2 354.4 339.9 324.8 314 301.2 287 279.4 269.5 258.3 251.4 245.9 241.3 238.8 232.7 226.3 221.2 221.5 222.6 221.5 235.5 256.5 268.6 282.8 300.9 319.6 338.4 360.9 378.4 401.2 430 450.4 477.3 501.6 518.7 537.2 551.8 564.9 579 596.5 610.3 620.8 620.2 614.3 601.8 582.3 564.5
