public/OST50/NN34.asc
ncols 200
nrows 200
xllcorner 230000
yllcorner 740000
cellsize 50
[rows 0 to 34 of 200, columns 0 to 77 of 200]
317.9 315.1 313.8 311.3 311.6 311.3 309.2 305.5 308.4 304.4 303.4 310.9 303.7 302.9 301.1 303.5 302.1 300.5 299.6 299.6 298.1 296.9 294.8 293.4 293.4 293.4 293.4 293.4 293.4 294.9 293.4 293.4 293.4 293.4 293.4 293.4 293.4 293.4 293.4 293.4 293.4 293.4 293.4 293.4 293.4 293.4 293.4 293.4 293.4 293.4 293.4 300.2 301.8 303.3 304.3 299.8 298.9 299.7 299.7 299.9 301.1 302.3 303.9 305.7 307.7 310.8 313.7 314.8 314.2 312.7 312.5 311.5 312.1 311.8 311.4 310.8 309.9 307.1
316 314.8 313.7 310.7 310.6 307.8 303.3 303.4 303.7 301 299.7 308.2 308.5 302.8 302.8 300.8 302.1 300.3 299.9 299.1 297.3 298.1 294.5 293.4 293.4 293.4 293.4 293.4 293.2 293.4 293.4 293.4 293.4 293.4 293.4 293.4 293.4 293.4 293.4 293.4 293.4 293.4 293.4 293.4 293.4 293.4 293.4 293.4 293.4 293.4 295.6 300.2 301 303.4 301.1 300.4 299.7 299.9 299.1 299 300.2 304.1 305.3 307.1 309.5 312.3 313.8 315.3 314.3 313.4 312.5 311.9 312 312.6 310.7 310 308.8 307.2
314.8 313.1 313.3 311.6 307.5 308.5 304.3 301.1 298.9 297.8 297.7 298.6 304.2 299.8 295.9 298.6 305.6 302 299.4 298.5 295.4 294.8 293.6 293.4 295.6 293.4 292.9 296.1 293.4 293.4 293.4 293.4 293.4 291.8 293.4 293.4 293.4 293.4 293.4 293.4 293.4 293.4 293.4 293.4 293.4 293.4 293.4 293.4 293.4 293.4 297.5 300.2 300.7 300.5 299.1 299.8 299.3 299.2 299.3 298.8 299.7 302.8 305.9 308.3 311.1 312 313.3 313.8 313.7 314 312.9 312.7 312.9 313 310.7 310 308.4 308.5
311.9 312.4 312 310 306.9 306.1 303 309.1 303.6 297.5 296.4 296.4 297.1 296.6 296.4 295.8 300.2 298.8 298.9 296.8 295.5 295 293.4 293.4 293.4 293.4 294.9 296.8 295.8 293.6 293.3 293.4 293.4 293.4 293.4 293.4 293.4 293.4 293.4 293.4 293.4 293.4 293.4 293.4 293.4 293.4 293.4 293.4 293.4 293.4 296.9 300.2 300.5 300.7 300.5 299.8 299 299 298.2 297.6 300.9 304.5 305.9 308.5 309 312.5 313.2 313.8 314.5 314.3 313 313 312.9 312.3 311.3 310.1 309.1 309.8
311.9 313.9 310.5 308.9 306 306.8 303.4 303.8 307.6 304.9 298.7 297 300.6 295.8 297.3 296.4 297.3 299.3 297.8 297 295.3 294.2 293.4 293.4 293.4 293.4 293.6 296.2 294.9 293.4 293.4 293.4 295.6 293.4 293.4 293.4 293.4 293.4 293.4 293.4 293.4 293.4 293.4 293.4 293.4 293.4 293.4 293.4 293.4 293.4 293.4 300.1 300.2 300.2 299.7 299.1 298.2 297.6 297.4 298.1 302.6 304.6 305.9 308.1 308.7 310.7 312.9 314 314.9 313.9 313.4 313.5 313.1 313.2 312.2 310.9 311.7 312.7
312.6 308.8 309.5 308.8 309 304.4 302.2 298 302.1 304.5 302.7 299.7 297.4 295.2 302.2 300.7 297.6 298.1 298.1 297.1 294.4 293.4 293.4 293.4 293.4 293.4 292.9 293.2 293 293.4 296.7 296.8 295.9 294.3 293.4 293.4 293.4 293.4 293.4 293.4 293.4 293.4 293.4 293.4 297.4 293.4 293.4 293.4 293.4 293.4 293.4 300 300.1 299.4 299 297.7 298 297.9 298.5 299.2 303 304.3 306.6 308.7 309.7 311.7 314 314.6 314.9 314.3 315.3 315.7 314.6 314.2 313.3 313.7 314 317.5
309 308.3 308.8 307 306.3 302.1 302.5 298.5 297.6 296.5 296.7 301.5 303.3 300.9 295.4 296.6 296.9 298.1 301.5 299.7 294.1 293.4 293.4 293.4 293.4 293.4 293.4 294.2 294.8 296.9 297.3 296.2 294.9 293.4 293.4 293.4 293.4 293.4 293.4 293.4 293.4 293.4 293.4 293.4 293.4 293.4 293.4 293.4 293.4 293.4 293.4 297.4 297.2 297.3 297.7 297.8 297.1 297.8 299.1 300.9 303.5 304.2 306.7 306.9 310 319 317 316.2 316 315.5 316.5 317.6 316.7 316 315.6 316.4 319.1 317.1
305.6 306.6 305 305.2 303.9 300 298.9 297.6 295.8 294 295.5 294.4 294 293.9 295.5 295.4 296.3 297.1 298.4 295.4 293.4 293.4 293.4 293.4 293.4 293.9 293.6 294.9 297.2 298.1 299 294.9 293.4 293.4 293.4 293.4 293.4 293.4 293.4 293.4 293.4 293.4 293.4 293.4 293.4 293.4 293.4 293.4 293.4 293.4 293.4 295.7 293.4 294.5 297.6 296.5 297.6 297.8 299.5 302.1 303.5 304.6 304.9 305.9 311 317.1 317.5 317.5 317.2 315.7 317.5 322.8 318.5 318 318.7 318.2 320.2 317.2
303.6 304.4 302.4 301.8 300.7 299.2 297.5 297.8 295.9 293.9 294 294.3 294.4 295.6 295.7 296.1 296.6 297.3 295.6 294.9 293.4 293.4 293.4 293.4 293.7 294.3 293.4 295.2 297.6 298.7 297.8 294.2 293.4 293.4 293.4 293.4 293.4 293.4 293.4 293.4 293.4 293.4 293.4 293.4 293.4 293.4 294.4 293.4 293.4 293.4 293.4 293.4 293.6 293.8 296 295.8 295.8 297.8 300.5 303.1 302 304.2 306.6 308.3 312.7 318.7 318.8 318.6 318.7 317 319.2 320 320.2 320.5 320.5 321.1 320.1 317.2
301.9 300.7 304.8 299.9 298.5 298.5 297.7 297.4 296.6 294 294 294.7 295.5 295.8 295.5 294.6 295.4 295.5 294.6 293.4 293.6 293.4 293.4 293.4 293.4 292.1 293.1 296.3 298.2 298 296.6 293.4 293.4 293.4 293.4 293.4 293.4 293.4 293.4 293.4 293.4 293.4 293.4 293.4 293.4 294.2 293.4 293.4 293.4 293.4 293.4 293.4 293.4 293.4 296.2 295.3 295.3 297.5 298.9 300.9 302 304.5 309.9 310.3 312.8 317.4 320.2 320 317.9 319 322 321.9 322.3 321.7 321.8 321.8 319.7 323.4
302.7 296.5 300.7 297.2 297.5 297.5 296.6 296.4 294 294 294 294.4 293.9 294.7 293.8 294 294 294 293.3 294.1 293.5 293.4 293.4 293.4 293.4 293.4 292.4 294.7 297.1 295.7 295.1 293.4 293.4 293.4 293.4 293.4 293.4 293.4 293.4 293.4 293.4 292.2 293.4 293.4 293.4 294.8 293.4 293.4 293.4 293.4 292.7 293.4 295.4 294.2 294.7 294.2 294.9 299.5 301.7 303.2 303.4 304.1 308.7 310.4 312.8 317.9 319.3 319.4 319.7 320.9 322.6 323.2 323.1 323.5 323.6 321.7 323.4 325.7
297.6 294 294 294 294 296.2 294 294 297.5 298.4 298.5 295.5 294 294 294 294.3 295.2 294 294.4 293.5 293.4 293.4 293.4 293.4 293.4 293.4 293.4 296.5 296 293.4 292.4 293.4 293.4 293.4 293.4 293.4 293.4 293.4 293.4 293.4 293.4 293.4 293.4 293.4 295.6 294.5 293.4 293.4 293.4 293.4 294 296.9 296.8 296.1 295.6 296.1 296.9 297.4 301 303.9 305.1 307.2 309.8 310 312.3 319 320.8 320.8 320.3 323.2 324.2 325.2 325.7 324.7 330.6 324.1 328.1 328.6
294 294 294 294 294 294 294.3 298.4 298.3 299.7 304.5 298.9 295.7 299.6 295.8 295.2 295.4 295.8 296.3 296.6 293.6 293.4 293.4 293.4 293.4 293.4 293.4 293.3 293.4 293.4 293.4 293.2 293.4 293.4 293.3 293.4 293.4 293.4 293.4 293.4 293.4 293.4 293.4 295.5 296.6 293.4 293.4 293.4 293.4 293.4 294.9 296.9 296.5 296.6 296.8 295.9 298.2 297.6 300.8 305.6 309.9 308 311.4 313.2 313.7 318 320.7 320.7 322.8 324.8 326.2 326.9 327.3 326.6 330.3 326.2 334.3 333.9
294 294 294.7 297.5 294 297.9 296.9 297.2 299.1 299.5 299.9 298.1 297.4 296.7 296.3 295.2 295.8 297.4 295.2 293.8 293.4 294.7 293.4 293.4 293.4 293.4 293.4 293.4 293.4 293.4 294.9 293.4 293.4 294.3 294.5 293.4 293.4 293.4 293.4 293.4 293.4 293.5 296.7 296.3 294.9 293.4 293.4 293.4 293.4 295.1 294.6 296.7 297 297.1 297.3 297.7 300.4 300.3 303.7 307.8 313.2 309.5 313.3 315.4 317.1 320.6 321.6 324.3 325.7 327.7 328.6 329.5 331.4 331.5 332.2 333.3 335.8 333.4
294 294 294 294 294 297.8 304.6 300.5 299.2 300.1 298.6 298 297.7 298 296.9 297.4 297.1 297.8 296.4 294.2 293.6 293.4 293.4 293.4 293.4 293.4 293.4 293.4 293.4 293.4 293.4 293.4 295.1 295 298.4 294.1 293.4 293.4 293.4 293.4 293.4 295.1 296.7 295.1 294.6 293.4 293.4 294.7 293.4 296.5 296 294.9 295.4 296.9 298.2 299.6 302.5 301.3 304.6 306.5 310.8 311.4 316 318 321.1 324.5 324.5 327.1 329.1 330.4 331.4 332.3 333.6 334.6 340.5 335.4 334.9 330.8
294.1 294 294 294 294 298.6 298 300.5 299.7 299.4 299.5 300.2 304.9 300.1 297.5 297.8 298.8 297.9 296.2 295.5 296.2 293.4 293.8 293.4 293.4 293.4 293.4 293.4 293.4 293.4 293.4 294.2 296.9 296.8 296.5 295.1 293.6 293.4 293.4 295.2 295.8 292.4 294.4 295.4 295 295.9 295 297.3 293.4 297.1 296.8 297.2 297.9 298.6 299 300.4 303.5 302.2 303.9 309.4 313 315.6 318 320.5 322.9 325.5 328.8 330.2 332.2 331.8 336.7 338.3 335.8 339 337.6 335.7 336 327.7
295.4 294 294 294 294 298.4 294 294.2 294 298.6 300.5 303.5 305.3 307.1 298.5 298.4 297.8 298.3 297.8 297.5 297.5 297.2 296.5 297.7 295.4 293.4 293.4 293.4 293.4 293.4 293.4 297.7 297.3 297.1 295.2 295.3 293.7 294 294.4 295.6 294.9 295 294.6 295.1 295.8 295.7 295.6 295.6 295.5 296.9 297.6 297.8 299.7 299.1 301.1 302.6 303.9 304.4 310.4 313.9 317.5 319.2 321.1 322.7 325.5 330.4 332.2 338.5 336.2 335.1 338.6 342 340.5 341.4 338.2 340.9 336.6 329
294 294 294.4 294 296.5 294 294 294 298.7 298.5 301.4 303.6 303 302.7 299.1 298.5 298.5 299.5 300.1 299.3 300.5 297 297.1 295.5 295 293.9 292.9 293.4 293.4 293.4 293.4 294.9 297.8 298 296.1 295.7 294.3 296 295.1 295.1 295.5 294.7 294.5 295 295.6 295.4 295.6 295.8 296.3 297.8 299.9 301 300.8 300.3 303.1 308.3 306.8 308.6 313.2 319.8 322.4 323.2 325.2 327.2 327.7 332.8 338.3 339.9 344.4 337.4 341.2 347.2 349.6 345.6 342.5 337.4 334.6 331.9
294 296.4 294.7 294.1 294 294 294 294.5 305.4 299.9 302.2 302.2 302.3 301 300.2 300.2 298.4 301.7 301.6 302.2 301.5 300.3 296.5 295.5 294.3 293 294 293.5 293.4 294.4 293.4 293 295.1 296.2 296 295.9 294.5 295.5 295.9 295.1 295.4 296.7 295.9 295.1 295.1 295.7 296.1 295.5 297.9 299.7 301.2 302.7 303 303 304.7 314.5 310.5 312.7 316.2 323.5 323.9 325.5 329.6 336 331.6 336.8 340.1 343.2 350.1 348.1 344.9 348 354.1 345.6 340.1 333.7 327.2 326.5
295.1 295.6 294.9 294 294 294 294 294 303.4 301.4 299.3 300 300.3 300.5 300.7 300.3 300.3 302.2 304.6 302.9 300.3 299.1 297.2 295.7 294.2 293 294.3 296.9 295.5 294.4 293.3 292.2 293.9 295.7 296.5 297.2 294.6 295.1 295.2 295.4 296.2 296.6 294.2 295.4 294.9 294.6 296.2 296.9 297 301.2 302.3 303.9 305.6 305.8 307.3 307.8 310.9 315 319.6 324.5 326.9 328.5 333.1 339.2 340.8 341.2 344.1 346.8 348.8 349.3 352.8 354.5 348.7 342.8 332.8 330.6 332.6 320.6
294.9 295.7 294 294 294 294 294 294 296.6 297.2 297.5 297.7 297.8 301.9 301.4 302.1 305 305.9 306.5 302.5 299.5 298.1 296.5 295.2 294.1 296.1 295.9 294.9 294.2 295 292.3 293.4 295 296.7 300.9 298.2 295.9 294.8 296.3 297 297.2 296.9 295.9 295.4 294.7 296 296.7 297.9 299.2 301.1 303.4 306.3 308.3 307.7 307.9 310.6 312.9 317 322.9 328.1 329.2 332.2 336.9 341.8 349.3 343.2 349.8 351 353.7 356.8 355 351.9 345.7 346 336.2 326.1 322.1 316.8
296.8 295.1 294 295.8 295.3 295.2 295.9 296 294 296.3 297.2 298.9 299.7 301.1 302.6 304.6 305.2 307.7 302.8 299.9 296.9 297.9 298.6 296.6 295.2 296.8 297.3 294.6 294.8 294 294.4 294.3 298.6 303 303.4 298.5 296.9 296.1 298 296.8 296.4 295.5 295.7 295.4 295.7 296.3 298 299.9 301.6 301.6 307.2 307.9 308.7 309.1 310.9 312.2 316.5 320.7 325.4 328.7 335.1 339.8 340.3 347 352.9 351 354.2 356.9 365.4 357.3 356.9 351 342.8 341.3 339 331.2 321.4 314.4
297.4 296.9 294 294.7 295.5 294 296.5 297.9 298.3 294 297.4 298.5 301.7 303.8 307.5 306.4 305.8 303.7 299 299 298.8 298.8 299.2 296.8 297.2 296.8 296.3 295 294 293.6 295.6 296.2 301.7 300.9 300.5 299 297.8 298.3 298.1 296.9 296.3 296 295.4 295.5 296.4 297.9 299.9 302.3 303.3 305.2 305.1 308.1 308.2 311.5 313.7 315.1 317.9 324.9 331 333.3 340.3 346.8 345.5 350.7 352.8 355.2 359.9 361.7 359.3 355.9 355 349.6 341.9 337.8 327.7 323.6 318.9 313
296.9 294 294.1 294 294 294 296.5 298.1 298.4 297.7 297.8 299.2 299.8 302 302.8 305.2 303.5 299.8 298.8 300.3 300 298.5 300.3 297.2 297 297 297 295.5 296.8 296.3 295.7 298.3 302.3 300.6 298.4 298.8 299.3 299.2 298.4 298.3 296.8 297.3 296.1 295.7 296.7 298.9 299.4 302.1 305 304 305.9 307.6 309.7 311.8 316 318.7 321.4 326.5 332.1 336.9 344.2 347.1 348.5 357.2 356.5 361.1 361.2 360.4 357.8 353.7 349 347.2 336.2 334.1 330.5 321.2 318.9 315.4
294.7 296.4 294 294 295.3 294 296.7 297.5 297.6 297.4 298 298.9 299.9 301.2 301.6 301.4 298.5 300.7 299.7 298.6 298.5 298.3 298 297.1 297 296.8 297.8 297.2 297.2 297.2 300.3 299.5 299.5 297.7 297.6 301.7 300.9 299.8 299.3 299.8 297.9 296.6 297 297.4 298.4 298.4 300.2 302.7 304.8 305.9 309 309.7 311.1 315.5 318.8 320.2 324.1 331.5 337.3 341.7 347.5 349.6 352.1 356.7 359.8 360.3 360.3 359.1 356.6 353.7 348.7 343.9 336.9 326.1 326.6 320.3 315.7 313.2
296.8 296.5 296.9 294 297.1 297.4 297 297.7 297.7 298.8 298.5 299.3 300.1 302 300.7 299 297.4 297.1 297.3 297.7 298.1 299.3 297 297.3 298.8 298.9 297.5 298.4 298.3 297.8 296.9 295 297 296.6 297.4 299.5 300.7 300.3 300.4 298.5 298.2 297.6 297.2 297.7 298.7 300 300.4 302.8 304.1 306.3 308.2 310.4 313.3 318.1 325 323.3 332.5 334.1 341.4 345.3 348.2 356.1 357.3 361.5 363.3 361.4 360.5 359.3 358.8 353.6 346 342.5 331.1 333.5 320.8 321 313.7 311.5
298.7 299.4 298.2 297 296.6 297.2 296.8 297.2 297.6 298.5 298.4 299.6 300.4 300.5 299.7 299.5 298.2 297.6 296.9 296.9 297.9 296.2 297.8 296.9 298.3 298.6 299 297.8 298.7 298.8 295.7 296.9 296.4 297.4 297.8 298.2 301.7 303 300.3 298.3 299.7 298.4 297.6 298.4 299.5 300.1 301.6 304.1 307.4 308 310.9 311.8 314.3 320.6 330.4 330.9 336 338 345.7 349.8 354.8 357.6 360.2 362 362.8 362.7 362.1 358.5 354.8 350.7 343.1 338.8 336.8 330.9 325 317.8 319.7 310.8
296.8 297.2 296.9 298.4 297.3 299.5 297.3 296.9 297.2 298.1 299.1 300.9 302.2 301.4 300.8 299.9 299.2 298.6 298.6 297.6 296.3 296 295.7 298.2 298.7 298.5 298.1 296.7 295.7 295.7 298.9 298.2 298.9 298.7 298.6 298.4 299 298.9 298.4 300.9 299.2 298.1 300.3 300.6 302.1 300.6 302.6 305.7 308.5 310.7 311.4 314.8 317.7 323.9 328.7 334.2 338.7 343.3 349.4 352.7 357.8 361.4 362.4 362.8 362.8 362.8 360.9 356.7 354.7 353.1 342.1 338.5 333.9 332.4 330.4 319.2 312.1 310.5
297.9 296.5 297.8 297.8 299.7 300.5 297.9 297.1 296.9 298 298.5 302.1 301.5 300.9 302.4 300.4 299.6 299.4 298.7 297.9 297.5 296.8 295.7 297.8 298.6 297 296.6 295.7 295.7 295.7 297.5 299 299 298.8 298.7 299.8 299.3 298.9 298.3 298.2 299.2 298.4 299.2 301.1 302.8 304.9 305.4 307.6 309.6 312.4 314.6 316.7 326.7 330.5 336.2 334 343.2 347.1 352.5 356 360.6 362.8 363.3 363.8 363.5 363.9 361.2 356.1 354.6 352.7 342.4 342.3 335.1 326.7 321.3 326 317.1 314.5
298.7 296.8 302.9 300 298.8 298.4 298.2 299.8 297.4 297.8 299.6 301.3 302.3 299.2 301.4 299.9 299.5 298.7 298.1 298.2 296.4 295.7 295.7 297.2 297.7 295.7 295.7 295.7 295.7 297.9 297.4 300.7 299.4 298.4 299.9 299.4 299.4 298.5 298.1 297.7 299.4 299.3 301.7 301.6 302.9 305.5 306.7 308.4 310.7 313.3 316.9 319.8 328.3 332.7 341.9 337.8 349.8 350.1 354.6 360.3 363.1 364.4 365.8 366.4 364.3 362.6 360.7 356.5 353.1 356.3 348.3 344.6 343.9 328.8 321.6 322.6 313.9 315.2
300 297.1 298.6 307.9 302.6 299.3 298.2 299.6 303.3 299.3 299.4 302.1 301.2 300.5 299.4 299.3 299.3 298.8 298.1 296.4 295.7 295.7 295.7 295.7 297.5 295.7 295.7 295.7 295.9 298.2 297.6 295.7 298.6 300.1 300.4 299.5 298.7 297.6 298.4 299.7 300.5 300.6 301.8 302.5 304.2 304.8 308.4 312.5 314 316.2 319.5 323.2 329.4 334.1 345.2 345 350.1 356.1 359.1 363.6 366.3 368.1 370.4 369.9 371 361.8 360.9 359.7 356.3 354.3 352.3 343.7 335.8 330.5 322.7 324.9 319.7 312.4
300.5 299.1 300.9 299.2 303.9 303.9 299.2 299.8 301.9 309 301.1 301.6 300.9 300.3 298.6 296.9 297.7 298.4 296.2 295.7 295.7 295.7 295.7 295.7 295.9 295.7 295.7 295.7 295.7 295.7 295.7 295.7 295.7 298.5 296.9 298.7 297.8 297.7 299.3 299 301.1 302.2 303.2 304.2 305.6 306.2 310.8 315.1 315.3 318.6 322.4 327.9 332.4 341.3 342.4 350.9 355.3 359.1 364.2 367.5 370.3 372.4 373.6 370.9 368.8 365.3 366.1 365 362.5 357.9 349.3 342.7 336.8 331.5 325.1 314.6 310.5 307.3
303.3 300.1 298.2 297.4 297.4 301.2 300.7 298.4 301 308.5 303.2 302.5 301.3 298.8 297.9 295.3 295.7 296.3 295.7 295.7 295.7 295.3 295.7 296.1 296.7 295.7 295.7 295.7 295.7 295.7 301.8 295.7 296.2 296.5 297.4 298.8 297.1 297.8 301.6 300.5 304 304.9 304.1 304.6 306.5 308.8 314.5 315.1 316.4 320.2 326.5 329.6 335.3 346.6 347.8 354.1 360.8 365.7 370 373.6 373 373.8 378.3 373.9 372.1 371.7 372.8 370 363.7 358.3 354.9 344.2 336.6 331.6 324.9 313.4 309.1 305.5
302.8 301 301.7 300.2 299.3 299.9 302.2 302.1 302.6 310.8 302.7 304.9 306.3 297.1 295.8 295.7 295.7 295.7 295.7 295.7 295.7 295.7 296.3 298.2 295.4 296.3 295.7 295.7 295.7 295.7 295.7 295.7 295.7 299 297.9 296.9 300.5 299 305.4 302.8 303.8 303.1 304.8 305.3 308.6 310.5 315.6 316.8 319.5 323.3 331 342 340 344.7 354.4 358.5 366.7 369.3 374.1 377.9 377.7 378.1 379.4 377.9 377.8 379.9 379.2 371.1 361.8 357.4 348.9 340.9 334 326.5 321 312.8 308.4 306.3
302 301 303 302.9 300.9 299.9 301.3 304.1 307 306.8 305.1 299.3 301.8 303.6 295.7 295.7 295.7 295.7 295.7 295.7 295.7 295.7 295.7 298 297.8 299.4 295.7 295.7 295.7 295.7 295.7 296 295.7 297.7 296 297.1 298.8 301.8 302 302.3 303.5 304.2 307 307.7 308.4 312.3 317.1 320.8 322.4 326.9 330.4 338 348.5 351.7 357.7 364.2 369.2 375.2 379.9 384.8 383.6 382.5 383.4 382.2 385.1 382.8 376 369.7 359.2 351.5 344.4 339.7 330.7 325.7 318.6 311.7 309.1 308.5
