public/OST50/NN34.asc
ncols 200
nrows 200
xllcorner 230000
yllcorner 740000
cellsize 50
[rows 105 to 139 of 200, columns 78 to 155 of 200]
261.8 266.7 275.9 282.9 289.9 297.6 306.2 313.4 324.6 329.9 339 345.6 352.9 360.4 370.8 378.8 385.3 393.1 399.9 406.1 412.5 420.1 426 427.9 428 438.8 447.7 459.6 472.3 487.3 510.1 529.8 550.6 569.1 586.2 603 620.1 635.9 650.2 666.4 684 702.8 719.1 737.6 753.1 765.7 777.1 786.5 794.5 801.3 799.6 773.5 744.7 723.3 700.7 699.3 699.3 699.3 699.3 699.3 706 713.3 718.1 724.3 733.5 747.3 758.4 774.2 792.2 811.9 839.8 870.1 897.1 916.7 932.8 941 935.6 931.1
274 276.2 284.3 293.2 302 307.8 318.8 325.3 333.7 341 348.3 354.9 363.4 374.4 383.2 390.1 397.8 405.9 411.8 418.7 425.1 432.3 436.4 438.3 436.7 445.5 455.1 466.3 480.6 500.4 524.2 544.1 561.6 583.3 600.5 615.9 632.1 648.1 663.2 681.2 701.2 717.2 733.3 751 766 777.8 788.5 797.3 804.4 808.1 801.7 768.5 740.9 713.3 699.3 699.3 699.3 699.3 699.3 699.3 704.9 711.9 716.6 723.8 733.3 746.2 760.4 775.9 795 818.6 853.1 886.5 918.2 934.2 941.8 937.1 925.8 917.5
284.4 289.7 295.1 302.4 311.3 321.1 329.5 334.7 344.1 351.1 358.4 366.2 377.1 386.2 394.4 403.1 410.5 418.2 424.5 430.9 438.1 442.9 445 447.9 449.6 455.5 461.4 479.6 491.7 513.2 535.4 553.8 577.8 599.2 616.9 631.9 646 658.9 677.6 696.1 715 733.3 748 764.3 779.3 791 800 808.7 817.9 823.9 811.2 776.1 742.8 719.3 699 699.3 699.3 699.3 699.3 699.3 699.3 707.6 711.4 718.3 728.6 741.4 763.1 782.1 804.1 835.1 867.2 905.8 937 953.9 942.6 925.7 910.2 898.7
295.9 301.4 306.9 315.4 321.1 331.4 341.1 345.9 353.2 361.7 372.2 379.5 390.2 399.7 408.2 415.6 424.4 431.4 437.6 444.4 449.5 451.5 453.4 456.6 464.6 473.2 467.7 487.1 502.7 526.2 548.8 570.4 592.4 613.9 632.1 646.9 660.7 675.2 693.4 713.1 730.8 747.3 763.3 777.8 790.7 803.6 814.5 824.5 832.8 839.3 820.3 779.8 765.7 729.9 706.7 699.2 699.3 699.3 699.3 699.3 699.3 701.1 707.3 714.6 730.6 750.3 769.6 793.8 821.4 860.2 901.1 932.7 954.8 950.6 933.1 909.5 892.5 879.5
302.6 309.8 317.1 327.4 329.6 338.5 350 357.1 365.1 374.2 383.2 391.2 402.9 411.5 421.6 430 437.8 444.3 451.4 457.4 460.5 460.6 464.4 475 485.1 493.2 493.7 508 522.5 538.9 560.2 585.3 608.8 630.1 647.6 664 677.1 691.1 704.8 726.5 743.1 758.6 773.8 790 804.2 815.4 826.2 836.5 845 851.6 822.6 819.3 819.5 798.1 736 724.1 720.4 717 708.7 705.5 712 718.6 719.2 727.6 750.4 768.7 783.7 811.3 844 898 928.7 952.7 962.3 936.4 916 896 878.1 863
310.8 321.9 329.3 333.5 340.9 348.1 359.8 367.9 379.1 388 398 409 417.8 425.3 436.2 445.1 451.8 460.8 466.3 470.9 472.4 475.2 484 494.4 504.2 511.5 519.5 523.3 531.5 547.1 570.9 598.5 621.1 642.9 664.6 679.2 695.2 708 725.6 738.9 755.9 772.8 787.4 800.5 815.3 827.2 839.3 852.2 862.4 868.3 857.1 859.8 857.2 842.4 820.1 759.3 753 752.7 749.8 743 750.1 748.3 744.5 759.8 771 800.1 817.7 855.2 898.1 933.8 968.6 979.4 949.8 917.9 892.5 886 873.1 858.1
324.7 333.7 340.2 342.3 353.7 360.8 371.9 381.4 392.5 401.8 410.5 422.7 432.9 442.4 452.7 459.7 470.7 477.6 482.8 486.6 490.2 497.2 506.4 519.6 525.6 527.9 530.3 531.1 540 555 582 608.8 634.1 657.5 678 697.6 713.8 729.6 741.5 755.3 770.1 784.4 799.4 814.9 828.6 841.5 855.8 868.6 880.4 891.3 898.1 907.1 915.5 891.6 860.3 808.5 791.1 786.3 814 820.6 792.5 777.8 773.1 796.3 824.5 845.8 861.7 915.4 947.1 975.3 1001.6 973.3 935.4 902.9 883.2 882.3 872.1 854.7
340.2 344.1 347.8 353.6 367.2 374.4 388 398.2 404.4 415.3 428.7 440.1 449.3 459.8 468.5 480 488.6 497.8 505.5 509.6 512.1 519.4 531.8 540.5 538.7 539.2 538.3 539.2 549.5 565.2 591 615.4 643.9 669 692.5 711.8 729 743.8 757 768.9 783.4 799 814.8 830 843.8 858.1 872.9 888.3 902 914.6 926.2 937.1 946.4 948.5 921.7 871.4 828.2 837.1 873.8 877.5 848.4 808.3 829.2 838 862 890.6 923.7 961.2 991.8 1016.9 998.4 961.4 935.9 897.1 883.2 882.3 872.7 861.1
346.6 350.8 358.7 367.3 378.9 388.7 400.9 414.6 422.8 434.5 448.4 456.9 467.5 477.5 488.4 500.3 507.7 519.8 529.4 538 544.6 551.2 556.6 555 551.4 549.4 544.9 548.3 558.6 573 597.3 621.3 651.2 678.6 703.4 723.2 741.4 756.3 770.3 783.1 798.4 813.7 829.6 844.8 859 874.5 892.1 908.3 923.9 936.5 951.3 959.2 966.7 968.9 961.9 931.9 872.1 895.8 931.3 925.7 879.9 841.6 863.2 887.6 931.6 961.5 980.4 1013.1 1034.2 1020.5 987.7 952.1 939.7 910.4 901.7 894 885.1 865.7
355.5 361.6 371.4 378.7 393.9 405.2 414.9 428.8 438.8 449.8 461.9 477.9 485.5 498.3 510.1 520.7 534.8 547.1 559.2 572.2 576.1 576.2 571.7 567 564.5 560.4 557.2 561 570.3 582.4 602 628.2 656.4 684 710.2 732.2 752.5 768.4 783.5 798.3 814.3 829.5 844.5 860.6 878.7 894.7 911 926.6 941.3 953.8 963.5 971.2 967.9 959.9 953.3 944.1 918.4 931.6 937 937.2 893.2 879.7 907.4 950.5 985.4 1006.6 1028.6 1044.3 1049.9 1016.5 981.9 953.1 930.3 915.2 914 915.5 890.4 864
365.8 373.7 384.5 397.4 409.8 421 432.8 444.2 456 469.5 481.9 492.8 507.5 521.3 534.2 547.6 561.9 578.3 590.1 594.8 594.4 591.4 583.2 577.5 575.3 569.8 567.9 570.1 580.1 592 607.7 633.8 663.9 690.8 717.6 740.7 762.6 780.7 797.8 817.1 833.8 847 862.4 878.4 894.8 911.4 927.7 944.8 957 964.6 969.8 967.5 959 949.3 940.1 931.6 924.6 924 926.4 928.6 923.8 924 942.5 970.5 990.8 1010.7 1031.1 1050.6 1055.9 1021 989.9 964.3 947.1 940.1 941.8 925.6 887.8 854.9
376.3 388.6 401.3 414.2 422.7 438.8 449.6 463.3 474.4 489.2 500.8 515.9 529.4 544.1 560 575.5 593.1 606.1 613.1 613.6 608.9 603.1 599.1 591.1 585.4 580.9 580.1 579.9 588.6 599.7 615.7 637 666.5 695.1 721.9 748.8 772.4 794 814.6 835.7 849.4 863.8 879.2 896.2 915.2 931.3 948.5 959.4 967.7 968.7 967.4 958.3 946.9 934.5 925.1 915.4 908.9 907.9 911.4 915.4 927.3 934.3 953.4 971.3 990.7 1010.7 1031.9 1053.1 1065.6 1031.1 1000.4 977.7 978.5 957.3 947.9 923.1 889.3 859.8
388.8 400.7 416.4 428.7 441.5 455 469.4 482.3 498.6 511.6 524.1 539 554 571 588.1 611.1 625.2 630.6 633.7 629 623.2 617.6 610.5 600.9 594.7 590.2 589.2 590 594.7 606.6 619.9 642.1 668.7 699 727.6 755.7 781.8 804.3 829 845.5 865.9 882.6 898.9 919 934.8 951.7 963.4 968.5 968.5 961.9 954.8 943.7 930.7 917.9 908.4 898.7 893.3 891.9 894.4 905.5 919.7 931.4 948.6 968.3 990.2 1009.4 1032.2 1051.4 1069.5 1056.8 1033.2 1024.6 1001.6 971.1 937.1 912 884.5 849.7
406.8 418.9 432.1 445.1 460.1 473.5 488.2 501.4 517.8 532.4 546.9 564.1 582.1 599.8 623 639.5 647 651.1 653.7 647.6 639.1 630 615.4 609.9 603.5 598.9 596 595.8 598.9 612.4 626.6 645.2 670.9 699.6 732.5 760.2 790 816.6 837.1 858.1 881.1 900.5 918.4 939.6 959.7 968 971.1 969.8 959.2 948.8 938.8 923.2 913 900.2 889.4 880.8 875.7 875.1 880.4 895.3 910.5 924.1 945.4 965.9 987.9 1009.1 1029 1047.4 1068.4 1079 1072 1044.5 1010.4 983.5 946.8 916.9 889.1 861.7
421.9 433.7 448.3 462.3 476.1 492.3 508.3 522.5 538.9 555.7 574.5 593.7 611.2 634.2 650.8 660.4 667.1 669.6 665.7 660.6 652.8 635.8 622.6 616.8 611.6 605.8 602.1 599 602.4 615.1 629.8 649.5 670.3 700.2 731.5 763.8 797 820.9 847.4 875.2 898.9 920 937.3 957.4 968.3 968.4 964.4 954.8 943.6 931.1 918.8 903.6 891.1 879.8 869.7 862.2 858.8 857 865.7 884.1 901.1 918.8 940.2 963.6 986.5 1007.3 1025.7 1045.1 1065.7 1074.8 1060.1 1049.6 1025.5 993.3 967.5 926.3 890.1 861
436.1 450.7 465.6 481.5 497.6 512.4 528.4 547.4 563.6 581 601.1 621.5 643.7 659.6 670.6 678.9 683.6 683 676.9 666.3 655.9 637.7 627.6 621.9 616.6 609.4 604.9 601.1 604.3 616.1 630 649.5 673.4 699.8 729.6 762.3 794.4 828.6 863.4 896.6 921.9 942.5 960.3 968 967.6 958.1 949 936.8 923.9 907.6 893 878.5 865.8 854 846.9 842.8 838.4 836.7 850.4 871.8 892.5 914.2 937.7 959.7 983.6 1003.4 1021.7 1039.7 1056.8 1067.9 1064.3 1034.4 1004.2 979.7 954.6 924.1 896.9 863.4
453.7 469.1 484.7 500.7 515.8 535.8 549 568 589.6 609.5 630.7 652.9 676.8 687.9 692.4 699.2 700 691.8 678.5 670.4 659.8 648.4 633.9 624.9 620.2 612.4 606.1 600.9 603.5 616.3 630.4 650.3 673.3 701.5 729.7 761.8 796.2 839.4 882.7 917.2 945.7 962.8 972.3 968.6 958 945.8 932.8 916.5 899.5 879.3 868.1 854.4 844.8 832.3 824.4 821.3 818.9 818.5 842.2 862.5 885.9 908.8 933.2 954.7 978.4 998.6 1016.2 1032.7 1047 1056 1057.6 1024.4 988.9 958.4 933.5 903.4 887.2 870.4
472 486.4 505 520.3 538.3 557 574.8 594.9 615 637.8 658 691.3 704.9 707.1 717.3 720.9 707.2 691.6 682.5 672.2 663.1 648 636.4 627.4 620.5 613.1 606 601.9 603 618.4 633.3 652.6 674.8 705.5 733.7 763.4 811.4 858.8 899.3 936.9 965.2 975.7 973.5 962.2 949 931.8 913.9 891.7 872.5 858.1 847.9 838.2 824.8 814.2 808.2 804.1 802.6 807.7 833.4 852.4 878.5 903 927.8 951.6 973.4 992.5 1009.7 1024.1 1037.2 1048.4 1051.6 1019 990.3 952.3 921 899.4 877.4 863.3
488.7 506.6 522.8 540.1 560 579.2 597.9 618.9 642.1 663.2 695.6 715 726 735.5 742.8 738.4 734.9 710.6 685.6 674.8 661.8 648.4 635.5 627.5 620 612.2 603.6 603.3 608.8 626.1 640.7 660.5 681.6 708.9 740.5 774.8 812.8 859.4 910.3 954 972.3 974.9 968.4 954.7 928.3 908.4 891.3 865.3 854.9 839.5 832.9 819 804.8 797.6 793.9 789 785.6 798.6 820.8 845.5 872.2 897.6 922.8 945.3 967.9 985.5 1000.1 1013.7 1027.3 1040.5 1046.8 1022.1 981 947.3 916.6 892.8 865.1 867.8
507 523.6 543.1 561 581.7 602.1 623 645.6 667.2 696.7 720.5 736 750.1 762 766.6 768.5 742.8 717.4 701.5 680.9 663.8 646.8 640.2 630.4 619.5 612.8 616.1 619 625.1 633.9 647 663.7 685 715.4 750.5 781.8 829 886.8 929.6 958.4 965.9 965.6 960.8 932.6 906.8 888.8 870.7 852.8 838.4 825.3 816.8 802.8 790.5 785.3 779.3 775.5 773.3 788.9 814.1 836.9 864.5 891 915 937.3 957.6 974.7 987.8 1000.1 1014 1029.4 1037.8 1028.2 992.2 956.6 915.3 892.9 872.5 869.2
524 542.4 564.2 582 604.1 625 646.6 667.4 695.9 723 741.3 760.9 777.9 790.8 818.2 804.9 767.4 733.4 715.4 696.7 667.1 652.1 658.7 643.7 627.4 626.9 636.8 641.2 643.2 653.1 665.1 678.7 698.4 741.7 792.4 808.6 865.4 921.2 943.6 951.1 954.3 956.2 950.8 918 894.4 877.2 859.2 844.5 826.7 813 802.2 790.5 779.8 774.7 767.8 763.3 767.1 779.6 805.2 832 858.4 884.1 906.2 927.3 944.8 959.8 972.4 974.9 993.7 1012.4 1022.7 1025 1001.6 965.6 931.5 902.8 880.9 869.4
542.2 561.5 582.5 601 624 646.1 668.2 691.5 723.5 744.5 765.1 784.3 804.7 830.5 850.9 838.7 801.6 762.1 736.6 716.5 704.7 684.6 674 657.3 644 650.4 664.2 667.1 672.1 681.1 698.5 709.8 764.3 817.1 842.8 886.9 892.9 925.5 934.4 937.7 943.9 946 939.6 906.2 881 866.4 853.3 836.6 818.3 803.4 789 778.3 771.8 765.6 756.8 750.2 756.8 772.3 794.5 823.7 851.1 874.1 895.9 915 931.9 946.4 953 946.7 971.4 994 1004.6 1007.3 997.6 972.8 941 902.2 880 866.3
561.2 580.1 600.4 623 642.2 667.8 689.8 717.6 746.6 767.3 787.8 805.7 829.7 856.7 874.6 854 818.7 790.8 798.7 768.8 736 705 692.7 677.4 673.9 689.7 695 695 704.2 723.3 739.4 772.2 826.4 869.5 895.1 898.6 904.2 914.4 920.8 925.7 932.2 934.5 929.3 901.8 880.8 859.9 847.6 831.8 816.8 799.9 785.3 771.3 766.5 759.8 747.6 736.7 748.5 762.9 789.5 815.3 842.9 865 885.1 902.6 918.1 931.5 923.2 921.7 952.1 971.4 972.6 985 979.8 948 912.8 881.1 849.4 832.7
578.6 599.3 621.1 642.7 665.8 688.9 712.7 742.5 770.2 794.4 811.7 834.1 857.8 882.2 896.8 904.6 886.2 842.2 812.2 786.1 751.8 725.9 712.6 712.8 718.9 720.4 725.3 732.2 785.8 789.4 800.9 826.2 858.9 874.1 881.2 883.1 890.6 900.5 907.4 912.6 919.4 923.2 922.1 896.6 869.4 855.1 841.5 825.7 809.1 791.1 779.3 767.8 757.4 752.3 738.8 723.7 737.4 753.7 780.7 805.9 832.6 854.3 874.2 891.2 905.5 914.1 894.2 893.2 919.2 933.5 933.2 960.1 956 930.1 902.2 869.3 834.7 806.9
598.8 619.7 641.6 664.7 687.6 711.6 737.9 770.6 792.8 816.3 839.5 863 884.4 904 926.8 936.6 896 855.6 825.7 802.8 770.4 751.6 745.7 769.9 750.6 750.1 769.9 813.7 810.8 827.9 839 845 852.4 858.1 864.5 868.7 874.1 883.9 892.5 899.2 907 913.4 913.7 891.9 866.7 850.8 834.1 815.8 799.7 784 771.4 762 753.5 739.7 728.8 712.3 728.1 743.7 769.9 797 821.8 844.9 861.8 879.2 891.9 884.9 863.3 867.6 882 880.8 899.5 931.9 923.7 896.8 873.7 850.9 816.5 794.6
619.7 639.5 663.7 686.2 709.7 731.2 763 789.8 812 835.2 862.7 887.4 907 933.3 970.5 960.3 912.6 876.8 844 813.4 793.6 781.8 802.8 789.2 777.9 800.9 819.3 820.5 814.3 825.7 833.8 833.9 840 843.9 846.7 853.8 857.9 868 876.5 887.3 895.8 903.8 905.1 893.7 867.9 848.8 828.1 808.6 795.9 776 763.4 751.2 740.8 729 718.8 706 718.5 734.8 760 784.6 809.6 832 849.8 867.3 875.4 864.7 840.7 844.9 843.7 853.1 866.8 895.8 889.8 865.3 842.8 820.8 798.6 775.9
636.1 659.6 683.7 707.7 730.3 754.7 785.3 808.4 830.4 857.6 881.3 907.7 938 975.5 1013.9 973.6 928.9 893 869.4 840 824.4 815.6 820.6 814.5 810.7 823.8 823.8 822.2 814.4 819.5 823.1 824.2 825.7 830.8 834.5 839.3 846.1 854.9 863.1 874.9 885.5 893.7 899.7 901.3 868.3 842.5 820.4 795.4 784.5 763.6 751.7 743.1 731.2 724 718.4 699.7 707.9 723.7 743.5 770.5 794.5 815.4 833.3 849.4 855.8 844.5 826.6 824.6 820.6 825.9 834.2 860.3 852.9 834.4 817.8 795.8 775.8 743.6
655.7 680.4 704.2 726.5 750 780.1 806.6 830.8 855.5 886.2 909.2 932.6 971.9 1005.1 1034 1012 974.6 928.5 895.3 880.7 863.5 856.1 871.7 873.1 864.2 837.5 824.4 820.5 810.9 811.9 816.1 810.6 813.5 815 824.2 827.1 832.3 839.9 850.7 862.6 873.4 884 894.8 897 868.6 830.9 810 784 769.4 758.6 739.8 735 730.6 720.7 708.2 697.5 697.2 709.6 729 752.3 777.3 796.3 810.5 823.5 835.3 825.2 808.7 805.1 794.8 804.5 806.7 830.1 826.4 804.8 793.2 766.1 747.3 721.5
677.3 701.4 724.3 747.8 774.3 809.1 831.9 857.7 897.3 920.8 943.2 974.5 1006.6 1031.3 1028.4 1021.7 1001.1 973.9 949 915.8 905 929.6 939.2 919.5 884.4 846.9 827 817.4 808 802.1 804.6 797.9 803.6 807.2 809.7 815.2 819.5 825.7 839 849.5 862 873.9 885.7 882.5 860.4 824.5 797.7 774.8 759.6 747.2 734.4 728.4 724.2 715.2 699.5 686.8 683.7 695.9 708.4 732.5 750.3 773 786.8 791.3 800.3 793.4 789.7 780.4 769.1 782.6 781.7 802.2 793.3 774.6 760.7 747.2 718.6 697.2
699.1 722.6 745.3 770.4 801.9 830.1 864 895 926.9 962.7 994.1 1028.3 1034.1 1026.9 1017.5 1009.4 1001.6 992.8 963.5 972.7 970.4 955.3 938.6 920.1 887.6 852.1 830 815.1 805 800.9 793.8 794.2 795 796.5 798 802 807 810.2 824.4 835.4 848.5 860.4 874.6 861.7 839.1 813.7 786.6 772.1 750.5 736.9 728.7 722.7 718 707.3 692.6 680.7 668.9 681.3 691.4 713 721.4 736.3 748.2 755.3 762.9 765.7 764.3 766.7 757.7 756.8 755 770.5 759.8 740.8 728.3 706.1 685.2 668.6
719 741.5 769.3 800.7 829.2 865.5 888.1 928 965.9 1011.5 1035.8 1034 1024.1 1014.7 1004.8 996.2 989.5 981.3 976.2 973.1 963.2 950.3 932.9 916.4 886.9 847.4 822.4 809.9 801 792.3 786.6 783.7 783.7 780.5 785.1 787.2 788.9 797.5 809.2 820.5 832.1 847.3 854.3 832.6 808.1 787.5 779.1 765.1 744 732.4 724.7 717.7 708.8 694.8 682.2 672.8 666.4 668.4 676.7 688.8 696.9 708.2 720.9 721.5 731.1 737.6 740.8 751.3 745.8 732.2 732.1 734.6 718.1 702.7 694.1 671.1 658.1 642.5
739 763.4 801.5 829.8 865.8 904.3 932.2 965.9 1006.9 1034.3 1033.7 1025.1 1014.5 1002.8 992.9 983.6 976.8 970.4 964.7 960.7 951.3 941.1 925.8 908.5 874.8 844.7 825.2 805.6 797.8 788.6 778.6 772.6 770 770.4 769.4 772.2 776.4 783.6 791.7 805 817.5 827.7 815.8 802.1 784.5 771.3 750.6 743.7 735 729 721.6 714.9 699.6 684.3 674.1 665.1 658.8 653.4 660.4 668.9 678.6 678.2 689.8 696.7 703.2 707.3 711.7 717.6 720.7 712.2 707.9 693.1 682 665.8 654.7 644.7 628.1 614.5
759.7 790.5 831.6 869.5 901.7 936.8 970 1000 1028.8 1032 1025.6 1014.1 1002.5 991.4 980.8 971.8 964.4 957 951.7 945.5 938.5 928.8 912.9 895.1 868.7 845.7 821.3 803.5 792.3 781.6 770 762.2 758.6 759.5 759.5 758.6 761.5 766.1 772.3 782.5 790.7 793.2 787.6 765.5 761.1 745.9 729.2 725.1 725.2 718.4 712.9 705.5 690.2 675.2 664.6 657.2 651.1 646 651.3 653.3 656.7 660.9 667.6 671.7 677.1 681.3 681.6 681.9 683.9 677.5 679.4 666.4 650 641.2 627.5 613.1 600.8 589.4
784.9 824.8 859.5 894 933.4 962.1 991.8 1018.9 1028.1 1024.2 1014.4 1003.1 990.1 979.3 967.8 959.6 951.5 941.2 935.6 928 922.7 913.3 899.2 883.1 857.6 834.6 813.8 799.7 782.8 773.1 762.5 752.9 753.8 748.9 748.5 746.6 746.7 749.6 752.1 755.5 758.3 754.3 751.6 735.8 724.4 715.9 711.8 708.3 708.3 699.3 701.2 690.8 678.6 664.3 656 647.8 643.1 639.3 633.3 641.3 642.5 645.2 646.6 649.7 650.7 653.2 648.4 649.7 646.7 652.5 648.7 637.5 618.7 606.6 593.4 584.4 573.1 564.5
813.7 851.5 887.7 918.2 949.6 977.9 1006.1 1025.7 1019.9 1013.6 1002.6 990.3 977.6 966.9 957.1 945.2 932.6 923.9 914.1 908.3 902.3 892.5 884.8 866.9 843.6 822 806.7 792.7 779 768.4 756.8 748.7 742 735.7 739.2 735.8 734.4 734 733.4 728.5 727.8 726.6 719.8 705 701.6 696.4 690.1 689.2 687.8 686.3 687.4 674 663.4 653.8 644.7 637.8 631.7 629.2 621.1 628.9 629.2 630.7 630 628.8 627.3 629.8 626.7 622 618.3 617.9 616 598.4 586.4 576.1 567.2 555.8 547.5 536.8
