public/OST50/NN34.asc
ncols 200
nrows 200
xllcorner 230000
yllcorner 740000
cellsize 50
[rows 0 to 34 of 200, columns 78 to 155 of 200]
305.5 305.5 304.5 304.1 304.2 302.6 300.6 301.3 303.1 297.8 295.9 297.1 298.7 299.9 295.4 294.4 294.6 296.7 298.8 301.7 308.5 310.7 316.1 323.5 328.2 334.8 344.2 352.3 359 366.5 374.2 382.2 389.5 397.2 401.1 403 405.7 407.4 406.7 407.2 407 400.1 399.2 399.4 399.4 399.1 398.3 397.4 397.4 398.5 399.6 402.4 404.3 408.5 412.2 419.8 422.4 422.3 423.5 427.7 428.6 427.6 424.7 424.7 424.8 428.9 432.9 438.8 436 437.4 441.2 438.5 437.5 435.8 435.6 438.5 434.8 432.5
306.9 306.2 306.1 305.8 304.4 301.8 299.9 299 297.8 297.5 294.9 302.1 302.4 306.6 299.2 297.5 296.5 299 302.8 308.8 311.1 314.6 320 326.3 332.7 341.3 349.3 357.7 364.2 370.8 379.3 389.9 392.8 397.3 404.9 410.5 413.6 417.6 414.9 412 406.2 401.7 400.9 400.3 399.9 400 399.2 398.8 399 400.9 404.9 407.5 410.7 416.2 418.6 426 424.1 424.1 425.1 426.8 427.1 425.1 424.4 424.5 426.4 428.4 432 435.9 436.2 437.6 438.7 439.8 438.7 438.3 437.4 436.8 434.4 432
308.4 308.2 307.5 306.1 303.2 304.6 305.6 299.9 298.6 296.6 294.8 298.4 299.3 299.2 298.6 299.5 302 308.6 313.2 312.2 316.2 321.7 328.4 334.3 339.2 348.1 354.5 361.5 368.5 376.9 385.7 389.9 393.7 399 407.1 412.6 416.9 422.8 416.3 411 407.1 402.7 401.7 400.3 402.3 400.5 402.4 401.7 403.2 405.8 411.2 411.2 415.3 419.4 420.8 424.4 422.4 423.6 425.9 427.4 424.8 423.1 424.1 426.8 430.9 432.4 434 436 436.5 437.3 443.9 444.6 442.3 440.6 439.5 439.2 436.4 434.6
310.3 309.4 309.1 306.2 304.4 305.1 305.9 301.6 299 301.5 296.8 300.3 298.5 299.6 301.6 303.7 304.1 308.3 311.6 316.3 322.9 329.1 334.7 340 346.1 352.9 359.3 364 371.9 379.8 386.4 392.6 399.9 405.8 411.1 414.7 415.9 414.6 411.9 410.9 407.4 402.4 400.3 400.7 402.2 400.2 401.4 402 404.5 406.9 409.3 412.3 415.8 417.5 419.8 419.9 420.3 420.4 421.6 422.5 423.1 424.1 428.3 430.9 437.5 437.7 437.8 436.5 437.1 439.4 447 447.2 441.9 440.6 444.9 440.4 438.1 432.3
312.7 311.3 308.4 307.7 308.7 305.5 313.1 302.7 301.8 308.1 298.3 297.2 298.6 308.1 308.6 309.9 307.1 309.9 315.7 319.3 322.7 332.3 339.3 345.8 350.1 355.5 361.8 368 375.6 382.8 391.2 400.6 411.4 415.2 412.1 411.5 410.3 409.8 413.2 409.1 404.3 401.3 400.9 402.2 398.7 397.6 398.6 399.4 402.4 405.6 408.3 410.8 413.4 417.4 418.5 419 419.7 422.2 423.4 424.6 426.8 429.7 435.9 437.6 441.1 437.5 436.9 436.7 437.4 441.2 444.4 443.6 440.2 443.7 444.5 439 434.1 432.1
314 311 310.2 308.4 308.7 310.1 308.2 302.5 302.5 302.5 296 300 305.4 313.4 311.3 308.9 309.1 312.9 318.3 321.9 328 333.9 340.8 346.4 351.4 358.8 365.6 370.9 377.2 385 394.1 403.4 413.4 411.3 406.5 405.6 405.5 407.3 408 402.1 398.9 396.8 396.1 395.9 396 396.6 397.7 398.4 399.9 403.2 407 409.7 412.5 414.6 417.9 419.5 422 427.5 427.5 429 436.4 437.9 438.3 436.7 436.8 435.9 435.9 436 437 438.3 439 440 441.7 444.1 440.8 436.5 433.3 432.7
313.9 319.5 315.1 308.2 311.5 315.2 306.6 303.1 305.6 302.9 296.2 303.4 306.1 310.3 309 309.2 313.1 318.5 322.8 325.1 329.9 337.4 343.2 347.3 352 359.6 366.3 371.3 377.7 385.2 391.1 396.7 404.6 402.6 401.2 401.2 400.1 401.1 395 394.5 390.8 391.1 392.2 393.1 394.6 395.9 396.5 398.1 399.4 401.4 404.9 408 411.8 416.5 420.5 420.8 422.4 426.7 432.3 436.4 440.6 439.8 437.2 434.5 434.2 434.3 435.3 437.5 437.7 437 438.1 439.5 441 442 440.7 437 436.4 437.8
314.3 322.1 320.3 310.7 309.9 315 309.2 303.3 303.3 300.5 298 300.8 306.3 308.2 308.4 312.8 315.2 320.7 323.8 329.4 335.2 339 344.2 347.8 353.9 360.6 366 371.5 378.3 383.7 388.6 391.6 393.3 396.2 395.2 394.9 394.4 395.1 390.3 387.6 387.3 388 389.5 391.7 394.1 394 395.6 398.1 398.6 400.5 403.6 407.7 413.3 420.6 420.7 422.5 424.4 431.3 437.3 439.9 437.7 435.8 433.9 433.7 433 432.7 433.7 436.7 436.6 436.6 437.3 438.3 442.1 442.3 439.5 437.3 439.1 439.5
318.4 320.1 320.4 320.8 311.5 314.1 313.3 305.9 300.4 298.5 296.9 298.5 300.7 306.4 309 313.9 317 321.4 326.8 331.8 337.3 339.7 345.1 351.6 355.3 362.5 365 371.5 376.6 382 384.5 385.7 389.3 390.7 391.3 389.4 389.8 389.3 387.9 386 385.1 387.3 388.4 389.4 391.1 391.8 395.5 397.8 398.5 400.2 403.7 408.8 414.3 418.1 421.3 424.9 427.3 430.3 434.4 433.5 433.2 434.3 433.6 431.9 430.7 430.3 431.4 432.8 434.4 437 436.9 438.3 440.1 440.5 439 439.6 441.2 439.5
320.7 320.9 321.6 324.3 316.1 311.9 304.8 302.6 302 300.7 296.9 305.1 301.1 305.5 309.4 316 321.5 322.4 327.7 331.3 335.5 341.1 348.1 351.7 355.9 361.2 365 372 375.6 379.5 380.4 384 386.8 384.2 384 385.8 388.2 389.1 384.7 381.4 385.4 386.1 386 387.1 388.6 391.4 393.4 396 398.4 401.6 405.1 410.5 416.2 420 423.3 427.1 426.7 427.5 429.2 430 430.2 431.1 430.6 429.6 428.4 428.1 429.4 431.6 435.2 435.5 437 439.5 440.4 441.6 440.2 440.3 440.8 441.6
324.3 322.5 326.8 321.3 313.8 310.2 306.4 300.9 300.2 297.9 299.7 303.4 303.3 307.6 310.7 316.6 320.4 322.4 329.5 332.2 338.7 342.8 347 351.4 355 359.5 365.1 370.5 376.7 376.8 378 382.5 381.5 378 380.4 383.5 386.5 383.7 381.4 380.1 381.5 382.9 384.2 386.1 389 391.4 392.4 396.5 399.1 402 405 412 414.9 419.3 423.1 425.5 424.6 424.2 425.5 426.2 429 427.9 427 426.3 426.6 427.1 430 432.9 434.7 436.1 437.6 438.7 441.4 441.6 441.7 442 444.7 444.3
328.3 327.3 326.5 314.5 311.2 306.6 312.6 307.1 301.3 297.1 299.7 304.8 308.5 312 317.1 322.2 321.3 321.5 326.6 331.1 337.4 340.9 346.4 350.6 355.7 358.4 361.2 366.7 372.6 373.9 373 376.2 373.6 371.7 374.1 378.2 380.1 380.2 377.3 377.1 378.4 379.6 381.9 384.6 388.7 391 392.1 396 398.7 400.9 406.5 409.7 413.4 420.4 420.1 421.5 421.9 419.8 421.4 425.6 426.7 424.9 424.4 425.6 426 427.3 431.1 435 437.1 436.9 437.5 438.6 441.3 442.5 444.3 445.4 448 448.8
332.5 327.4 322.9 317.5 311.3 316.4 303.1 300 297.8 299.7 301.1 306.5 308.4 312.1 314.9 318.4 322.4 323 325.7 329.5 333.4 337.3 344.3 350 354.6 358.9 360.7 364.4 368.5 368.5 368.1 368.6 367.6 366 370.2 372.4 373.5 373.9 373.7 374 375.3 377.3 378.1 382.4 386.7 389.8 392.9 394.5 396.2 399.5 405.6 409.3 410.5 414.5 417.2 416.6 413.9 415.2 421.1 423.2 422.3 421.3 423.2 424.6 426 427.7 431.2 435 436.7 436.2 437.6 439.8 443.7 445 446 447.6 452.7 454.5
329.7 326.4 321.8 320 309 311.8 307.7 298.2 297.2 302.7 303.1 305 308.5 311.2 311.8 314.2 317.6 320.9 323.9 327.5 332 336.6 343.3 350 353.9 357 359.8 362 364.8 364.8 364 363.7 363.4 363.7 366 367.7 368.1 368.8 369.5 371.2 373.2 371.9 377.4 382.8 385.3 387.8 391.8 392.2 394.4 397.7 404.2 405.5 406.4 410.1 408.8 409.4 409 412.3 415.5 418.4 418.4 421.4 424.1 425.2 426.1 427.4 431.7 435.4 436.6 437.6 439.4 441.6 446.1 447.5 449 451.2 455 461.5
329.8 326.7 320.3 320.3 312.8 304 298.9 302 311.6 303.5 304.5 304.7 306.7 308.4 310 312.7 316.2 323.9 322.8 327 331.9 336.3 342.1 346.1 350.3 353.8 357.6 359.3 361.3 360 357.5 358.1 360 359.4 360.3 360.1 361 364.8 367 367.4 367.8 369.9 376 378.4 381.1 385.8 388.1 389.1 391.3 394.4 401 401.6 402.7 403.2 407 405 407.6 413.5 413.3 414.4 418.4 420.5 425.3 425.8 426.7 428.7 432.9 437.6 441.9 442.7 443.4 446.4 451.4 454.5 453.2 456 462.4 468.9
329.7 328.3 313.5 307.4 306.2 301.3 298.8 301.3 301.7 302.6 304.7 305.7 305.9 307 308.8 312 319 322.2 320.9 326.4 332.3 335.3 339.6 343.8 345.9 349.3 352.1 354 354.4 352 351.4 350.4 351.7 355.1 353.3 353.7 355.5 356.3 360.7 360.9 363 367.9 372.1 375 377.3 380.4 386.1 386.8 386.8 390.3 394.6 400 399.8 400.7 401.1 403.5 406.3 409 410.3 415.5 419.6 423.9 425 426 428.5 431.8 437.2 441.9 445 447.4 447.8 452 455.8 458.7 459.8 467.2 473.2 485.2
327.4 318.2 309.3 304.5 301.6 299 298.8 299.1 299.4 301.8 304.6 307 307.7 308.4 307.5 309.2 310.6 315.9 319 324.7 329.2 332.2 335.2 339 341.6 343.5 344.2 345.2 348 345.7 346 345.8 346.4 348.2 348.1 349.4 350.3 350.7 353.8 357.6 364.4 367.3 370.3 372.6 375.3 377.2 381.1 387 383.9 387.4 390.9 399.3 398.3 397.8 398.7 401.6 405.5 408.4 411.5 414.4 421.3 425 426.2 428 431.8 437.5 443.8 445.9 448.4 451.2 454.1 457 462.4 466.5 471.3 476.3 483.5 491
317.8 314.4 315.2 303.9 301.1 300.4 306.6 299.2 301 301.1 302.9 306.3 309.7 312.2 308.8 310.9 312.5 314.7 318.3 321.7 325.8 328.8 332.1 334.1 335.3 337.7 338.8 339.3 339 340 340.9 342.5 345 345.3 345.6 346.5 346.9 350.8 354.4 357.3 361.6 366 368.9 371.7 373.5 375.3 378.1 385.3 382 385.7 389 393.6 394.7 395.1 397.6 405.9 409.1 410.2 413 416.2 422.1 425.3 427.9 430.8 436.7 441.7 447.1 451 454.4 459.3 460.2 462.2 467.6 471.4 474.9 482.3 489.7 491.7
317.9 308.5 306.9 301.8 300.3 303.7 310.1 301.8 301.4 301.8 303.6 306.3 310.9 310.1 309.7 311.1 312.9 314.3 316.2 320.6 324.7 327.3 329.3 331.1 331.7 333 333.1 334.5 335.1 336.6 336.9 338.8 341.7 342.6 342.6 344.6 347.1 350.1 353.9 357.2 358.3 365.7 367.2 371.8 370.9 372.7 374.3 376.8 379.4 384.2 388.6 390.5 389.4 393.1 400.6 407.9 408.9 411.1 413.2 418 425.2 428.3 431 435.8 440.8 446.5 450.5 455.4 458.1 462.2 462.1 462.3 465 467.9 476.5 481.8 483.4 485.9
313 306.9 302.9 300.6 299.9 300.8 302.3 301.6 301.7 301.7 304.9 305.9 307.6 308.8 310.2 311.4 312.2 315.6 316.8 319.5 323.7 327.4 327.3 328 327.5 329.1 329.9 330.7 332.6 333.6 335.4 337.1 338.2 338.6 341.4 343.6 347.3 347.8 352.7 353.8 356.2 359 362 365.2 368.7 369 370.8 372.6 379 384.4 384.3 384.9 390.4 396.3 402.7 410.8 408.5 410.6 416.6 421 425.1 429.2 433.3 437.3 442.9 448.3 452.7 453.9 456.1 457.5 465.3 462.1 463.9 465.6 469.5 471.7 474.1 476.2
311.1 307.1 302.3 300.4 299.8 300.9 301.4 301.7 302.5 305.5 305.4 305.5 306.1 307.9 309.7 310.7 316.2 315.6 316.4 318.8 323.3 326.1 324.6 323.5 325.3 329 329.6 329.1 330.6 330.6 333.3 334.7 335 336.3 340.8 342.9 344.6 345.3 350.7 352.2 354.4 356.5 359.8 361.2 362.5 363.7 368.5 371.4 374.7 382.1 383.2 386 391.3 397.2 401.2 405.3 407.5 410.6 415.3 420.4 423.8 427.3 431.9 436.7 440.3 447.1 447.4 448.8 450.7 454.4 455 456.8 460.3 463.8 463.2 461.2 460.2 456.1
307.7 305.4 301.5 300 299.9 300.9 302.3 302.6 303.1 303.8 307.3 307.1 310.8 307.3 309.5 311.1 313.8 315.9 315.8 317.9 321.1 321.5 321.5 322.6 328.3 326.9 327.7 328.2 329 328.8 330.6 331.6 333 336.7 339.1 346 344.1 345.7 352.3 350.5 352 354.1 361.5 358.8 358.6 361.4 368.2 370.5 371.6 374.7 380.2 385.5 391.9 397.9 403 407.2 408.6 411.2 414.7 418.3 421.1 424.5 428.4 432.4 435.1 437.9 439.9 442.4 443.3 445.3 447.2 448.7 450 449.8 448.3 446.4 446.6 446
307.4 305.8 303.2 299.9 300.6 302.7 303 303.5 304.8 305.5 307.7 308.4 310.4 313 310.4 311.9 313.7 314.6 315.6 316.6 318.5 318.7 322.5 324 324.8 324.9 326.3 327.1 327.5 327.2 328.3 328.8 333.2 334.4 337.4 341.3 344.7 343.4 345.3 347.9 349.9 351.4 356.3 354.8 355 359.5 364.2 368 371.2 375.8 379.8 385.7 390.8 396.9 403.2 406.7 408.2 412.1 412.3 415.6 417.8 421.2 424 427.5 430.2 432.1 434.6 434.7 436.4 438.9 440.6 438.5 437.9 440 437.7 436.1 435.9 435.3
308 306.1 301.7 300.7 302 311.4 304.8 305.2 307.2 307 307.8 309.3 310.9 313 312.5 311.9 313.6 313.7 314.8 315.4 316.3 318.2 323.7 323.9 323.5 323.6 325.5 325.4 325.4 324.3 325.6 328 330 333.5 334.8 338 341.3 342.3 343.7 344.6 345.3 347.4 354 353.3 356.6 363 363.9 367.6 371.7 375.2 380 384.8 390.4 395.2 402.5 404.3 406.5 408 410.9 413.8 415.8 417.5 419.3 423.5 426.2 426.6 425.7 427.6 428.4 429.3 427.1 426.1 426.7 427.2 425.8 425.8 426.2 425.4
309.2 305.3 303 301.6 309.2 306.6 306.1 306.6 310.7 308.4 308.6 310.2 311.3 312.2 313.5 312.9 312.8 315.3 317.7 317.2 317.4 316.9 321.5 321.5 321.7 322 323.2 322.9 322.3 323.1 325.4 327.5 328.5 330 332.4 335.4 337.4 340.3 338.8 341.1 342.3 344.7 346.2 352.3 357.3 361.1 362.9 366.3 372 374.8 379 384.2 389 393.5 397.9 402.5 403.3 405.8 407.9 409.9 412.4 414.2 414.4 416.3 418.8 417.8 417.7 418 418.4 417.5 415 414.7 415.2 415.4 414.9 415.8 415.7 416.5
308.6 305.1 303.9 307.6 305.3 306.6 307.4 309.3 310 308.8 313.5 310.4 312.7 313.9 314.1 314.5 315.8 316.8 318.1 319.4 320.1 320.4 318.7 319.7 320.5 321 321.1 321.4 320.5 323.2 326.5 330.1 329.3 329.9 330.6 332.4 335.3 337 337.7 339 341.2 343.4 346.7 351.7 361.7 360.7 361.9 365.8 371.2 373.9 379 383.1 386.8 391.4 396.1 397.7 399.1 401.3 403.2 403.8 406.6 409 409.2 410.2 409.9 409.2 408.5 407.6 408 407.4 405 404.4 404.7 405.5 404.3 405.7 407 407.2
308.3 307.3 304.1 311.3 305.8 306.3 305.6 306.4 308.4 308.2 308.8 309.7 310.7 312.3 314.7 315.6 317.5 318.4 320.2 321 322.1 321.4 320.3 318.7 320.3 319.5 319.9 320.6 321.5 323.4 325.5 328.5 334 330.3 330.3 331.1 333.1 335 335.6 341.3 340.4 342.9 346.6 350.7 355.2 357.7 359.8 364.4 370.2 372.4 375.2 380.4 385.1 390.5 392.4 393.1 393.5 396 396.6 397.3 398.4 400.1 399.8 400.4 399.1 398.3 398.3 398.4 398.1 396.2 393.1 392.5 395 395.9 395.9 396.3 395.5 395
313.1 308.9 308.7 303.9 305.6 305.3 304.7 310.8 306.1 307.6 308.3 308.8 310.3 312.6 314.6 318 319.7 321.2 321.1 321.7 321.3 321.1 323.9 324.1 319.5 320.3 320 320.7 321.2 322.9 324.7 327.2 329.7 329.9 329.1 330.3 331.9 333.4 334.6 338.9 342.8 341.3 346.2 350.6 353.4 355.5 358.1 363.6 367.3 369.9 372.9 377.1 380.4 383.8 387.2 388.2 388.2 388.4 389.6 390.9 390.2 391.6 391.7 391 389.6 388.4 387.9 387.5 386.7 385.1 381.3 383.3 384.7 386.3 385.9 386 384.4 386.9
312.2 309.6 304.7 305.3 304 304 307.8 307.1 308.1 308.3 309.1 310.1 311.9 315.1 318.1 318.8 325.5 323.9 321.5 321 320.8 319.5 322.4 326.1 319 319.5 320.2 320.7 321 322.6 323.7 326.5 325.8 326.6 328 329.1 331 333.8 333.2 336.5 337.5 343 345.2 348.3 350.6 353.4 357.5 360.9 361.7 366.4 369.7 375.6 377.5 379.2 381.4 383.2 381.9 382.4 383.9 382.7 382 381.7 383.2 381.5 379.3 377.5 376.9 376.6 374.8 373 371.7 373.5 375.2 375.7 375.1 373.1 372.4 374.9
307.9 306 304.7 304 304 304 304 304 307.8 309.4 310.8 312.5 314.7 316.4 318.9 319.8 321.4 321.8 321.5 320.4 320 319 319 322.8 325.8 319.1 320.1 320.6 320.7 321.3 322.2 323.7 326 326.2 328 329.7 332 338.6 341.9 335.7 337.6 342.3 343.2 346.2 347.5 352.9 355.5 356.9 358 362.3 366 368 371.3 373.5 375.8 375.2 372.9 375.2 374.6 374.5 373.7 372.3 372.3 370.6 368 366 366.2 365.3 364.5 361.8 361.7 363 364.1 365.7 362.5 360.5 358.7 361.7
306.5 305 304.6 304.6 304 304 304 306.6 308.8 310.5 312.9 314.7 316.7 320 320.8 322.2 324.4 322.4 320.9 320.4 319.4 319 319 319 319 319.4 320.2 320.4 320.5 323 325 325.1 324.4 326.1 327.8 330 332.5 334.1 338.8 336 336.5 340 341 343.3 346.3 351.5 350.8 353 353.9 354.9 359.6 360.3 363 366.8 367.1 367.6 367.2 367.2 365.8 366.5 365 361.8 360.9 362.1 357.2 355.7 355.3 354.9 352.8 351.5 352.1 352 352.6 351.2 351 349.2 349.5 350.9
305.4 305.1 304.6 304.2 304 304 304 308.7 311.7 314.1 316.8 327.6 322.6 321.7 322.3 322.3 324.9 324.2 320.9 319.8 319 319 319 319.4 319.4 319.2 319.9 320.6 321.7 324.6 327 328.2 326.1 325.6 328.4 330.9 331.5 332.1 332.8 333.7 335.1 335.3 339 340.6 342.5 345.3 346.3 349.3 349.3 350 351 351.7 353.5 356.2 359.6 358.8 357.4 358.1 357.1 354.9 354.3 351.6 350.3 349.2 348.1 346.4 346.5 343.4 341.3 340.8 342.1 341 340.4 340.5 339.6 337.3 337.9 339.1
305.1 304.5 304.3 304.8 304.3 304.9 308 313.9 316.5 319.4 321 327.2 326.8 324.3 322.1 322.2 322.1 321.3 320 319 319.7 319.7 319 319 319.5 319.7 319.9 320.5 321.7 326.7 326.4 326.8 327.3 328 328.1 329.2 331.4 331.3 332.5 332.4 332.2 332.8 333.6 335.2 341.6 342.4 344.4 344.7 346.3 346.2 345.6 345.5 346.3 347.9 349.1 352 349.4 347.2 346.1 345.7 344.1 339.8 339 340 337.1 335.9 336.5 334.6 333 333.6 332 329.9 331.2 327.9 326.4 326.6 327.5 329.7
305.4 305.2 307.1 305.9 305.2 308.2 311.4 319.6 322.3 324.8 324 324.3 325.3 322.6 322.8 327.7 321.5 319.9 318.1 319.8 321.3 320.7 319.7 319.1 319.1 319.9 320.3 321 321.9 324.6 326.1 327.3 328.3 328.3 329.5 328.9 329.7 330.3 331.9 329.9 331.5 331.6 333.5 334.4 337.6 338.4 345.5 341.6 341.3 341.2 341.1 340.5 340.7 340.6 341.2 339.9 338.3 336 337.3 332.4 332.1 331.2 330.5 330.3 328.1 326.1 324.4 325.1 325.1 322.3 321.1 320.1 320.2 319.4 318 316.2 315.5 316
306.7 304.8 306 305.5 308.3 311.9 315.9 324.2 326 327 329.4 324 322.6 320.6 317.8 317.8 317.8 317.8 322 321.3 323.5 321.3 321.6 319.4 319.2 320.3 321.2 322.2 323.4 324.6 326.1 328.3 329.5 329.5 330 329.4 329.3 328.8 327.8 327.4 328.4 329.1 329.3 332.7 334.8 334.7 337.4 337.4 337.6 336.3 336.4 336.7 336.6 335.3 332.6 331.3 329.2 326.4 325.6 324.3 324.7 322.8 323 322 320.2 318.7 318.2 315.6 314.4 312.2 312.1 311.2 311.6 310.3 310.2 307.4 305.4 307.6
