public/OST50/NN35.asc
ncols 200
nrows 200
xllcorner 230000
yllcorner 750000
cellsize 50
[rows 105 to 139 of 200, columns 0 to 77 of 200]
304.4 306 306.4 306.4 307 306.6 308.4 308.6 308.6 308 308.2 307 305.6 305.4 305.3 305 304.9 304.6 303.4 304.1 303.2 303.5 301 306.1 305.4 306.8 308.2 308.8 309.6 310.1 311.6 309.9 313.6 315.6 315.2 318.2 320.4 318.9 318.4 319.1 318.6 324.5 323.7 321.1 320.8 323.2 322.7 324.5 323.6 321.8 323.4 323.6 324.9 323.2 322.7 322.9 324.5 329.1 320.4 320.8 325.9 330.5 324.9 325.6 327 329.6 334.7 335.5 332.2 332.2 333.2 333.2 333.5 336.2 336.2 335.8 340.9 340.5
304.5 304.2 304.9 306.2 306.9 306.2 307.4 307.3 306.7 307.5 307.5 307.3 305.6 304.8 304 305.3 304.4 304.3 304.6 304.4 302.6 301.9 300 303 303.3 304.7 306 306.7 308 309.8 307.3 314 315 313.1 312.5 312.9 318.3 318.3 316.7 319.8 317.6 318.2 320.5 321.6 320.3 320.3 320.9 322.6 321.7 320.9 322.1 323 320.9 320.5 321.1 317.4 324.1 326.9 319.7 319.1 321.5 322.5 323.6 325.4 323.4 328.6 330.6 328 327.6 327.8 329.3 329.7 328.1 329.8 331.3 331.4 332.1 332.8
304.1 303.5 303.7 306.4 305.4 306.1 305.8 306.4 306.9 306.8 306.5 305.9 307.7 304.5 303.6 302.8 303.3 304.3 303.6 303.9 301.3 300.6 301.7 302 303.4 303 302.2 304.4 305.9 305.8 307.2 311.5 311.5 310.8 310.4 314.4 315 314.2 317.7 320.4 316.7 317.5 317 318.1 319.4 317.8 319.5 320 320.9 319.5 320.5 320.8 319.7 318.3 320.6 319 317.2 325.4 325.2 321.1 321.9 318.7 323 321.6 325.1 326.5 330.6 324.3 324.1 324.8 328 331 323.1 325.8 328 327 327.9 327.5
304.2 301.8 302.7 303.3 303.8 303.7 304.4 306.7 306 307.6 305.5 305.4 305.2 304.5 304.2 301.5 303.4 304.2 303.6 302.3 301 299.5 301.1 300.6 301.8 299.8 300.3 301.4 302.3 306 306.5 307.3 307.7 309.7 308.5 309.4 311.7 313.7 315.4 316.5 316.8 315.1 315.7 316.1 316.3 316.5 315.8 316.9 317.4 318.3 317.5 318.1 315.9 320.8 318.3 317.5 316.7 315 318.8 321.2 325.3 318.5 315.6 321.9 324.1 322.5 328.4 325 319.8 320.7 325 322.9 320.3 321.6 323.5 324.4 322.8 323.9
303.1 301.6 301.7 302 302 302.9 303.9 304.6 304.6 304.9 305.2 305 304.9 304.6 302.9 301 302.4 303.2 302.8 301.3 303.8 300.4 300.7 300.3 299.3 301.6 300.3 301.5 303.6 303.5 303.1 303.5 306.5 308.5 306.6 306.8 309.8 311.6 313.1 313.5 312.9 315.6 314 313 313.8 314.8 316.1 315.1 314.8 315.3 317.2 315.8 315.5 315.3 314.6 315.4 315.9 314.6 312.8 316 320.8 315.6 315.6 319.8 319.8 317.6 322.8 324.2 315.6 316.7 317.2 317.7 321.2 317.9 317.2 317.1 318.6 319.2
302.1 302.2 300.9 301.9 301.3 302.1 301.1 302.8 304.3 304.2 303.7 303.7 305.8 302.8 301.8 300.1 302.5 301.9 302.4 301.1 301.6 299.7 300.5 300.3 300 300.1 300.1 301.6 303.6 303.6 303.7 303.7 303.8 305.5 304.4 306.2 308.3 308.6 309.3 311.3 310.6 311.6 312.1 311.4 312.7 313 310.8 313.6 316.3 314.2 314.6 317.8 315.8 314.7 313.2 312.9 317.4 317.4 311.4 311.5 314.1 313.6 316.2 315.4 314.8 314.6 320.1 321.3 313.5 313.4 316.5 322.2 321.1 312.9 313.7 315.6 316.7 314
302.1 302.4 300.4 299.4 300.6 299 299.6 301.5 302.1 303.1 302.6 303.3 302.8 301.9 299.9 300.4 300.3 300.7 300.4 301.4 301.5 299.3 300.3 299.3 298.5 299.8 300.7 302.1 302.9 304.3 303.7 304.8 304.8 305.3 306 305.6 306.2 307 307.7 308.3 309.2 309.4 309.5 309.8 310.7 310.6 308.8 310.8 310.6 310.3 313.5 312.7 314.1 312.8 310.3 312.2 312.4 308.1 311.1 310.5 312 314.6 310.5 310.3 311.3 312.2 309.7 310.4 311.7 310.2 310.1 316.5 315.8 310.9 312.8 313.6 317.9 311.3
301.4 300.9 299.4 298.1 302.1 298.7 299.8 300.8 301.6 301.7 301.8 301.6 303 300.9 301.9 300.8 301.1 300.3 299.7 299.9 300.8 298.1 298.3 299.1 299.1 300 301 304 304.8 303.6 304.9 304.9 304.6 303.3 303.9 304.5 306.8 305.8 307.7 307.5 308.2 308.7 308.7 309.1 309 308 307.5 308.7 309.3 309.1 309.4 309.8 310.3 310.1 309.3 310.2 311.7 311.1 308.1 309.3 309.2 308.4 308.3 306.8 307.6 308.2 308.3 306.4 306 307.6 308.3 310.1 308 309.7 309.3 311.4 311.1 312.9
302.2 300.4 299.1 298.5 298.4 298.9 299.8 301 300.9 301.3 301.4 301.6 301.5 300.8 299.5 299.5 299.7 298.5 299 299.2 298.9 298 296.9 297.3 300.6 302.4 301.8 302.2 303.8 302.4 302.9 303.6 303.2 302.4 302.7 303.3 303.9 304.6 305.5 306.3 306.8 307 307.4 308.2 308.6 308.1 306.2 307.4 307.6 307.7 308.5 308.8 309.1 309.9 308.5 308.9 309.3 309.5 307.3 306.7 306.4 306 305 304.5 304.5 304.5 304 303.4 303.8 304.6 304.5 305.3 306.3 305.7 305.7 308.1 307.8 307.5
300.2 299.2 298.4 298.4 298.6 299.4 300.1 302.2 300.3 300.6 300.7 300.9 300.9 299.9 298.9 298.3 297.7 297.1 298 298 296.5 295.9 296.8 296.2 296.4 298.2 300.4 300.7 301.8 302.1 302.3 303 303.4 301.6 303.8 303 303.1 304.3 304.9 305.3 306 305.4 304.8 308.4 313.2 307.9 307.2 307.5 307.7 305.2 306.3 307 307.2 308.7 309.2 308.8 308.4 307.9 306.5 306.9 305.1 302.9 302.2 302.8 303.8 303.1 301.4 301.8 303.5 301.5 301.9 302.2 302.5 301.8 303.1 304 304.3 304.4
298.8 298 297.6 297.7 298.7 299.2 300.3 300.6 300.2 300.9 300.2 301.1 300.2 299.3 297.6 298.8 297.3 297.2 297.8 296.9 296.2 296.2 296.9 296 297.4 299.1 299.5 300.2 301.2 301.3 302.2 301.7 301.5 301.1 302.3 303.4 302.9 302.7 304.6 305.4 304 304.2 302.5 302.6 307 307.4 306.4 305.1 304 303.9 304.7 305 305 304.9 307.2 307.5 306.3 306.1 305.6 304.8 300.3 300.5 301.1 299.9 299.6 299.7 299.7 300.6 299.3 300.9 298 299.1 299.7 299.7 302.2 302.1 301.2 303.7
298.8 297.7 297.2 297.3 298.7 299 299.5 299.7 299.9 300.7 300 299.9 297.6 298.9 297.3 298.2 296.7 296.6 297.6 297.3 297.8 295.6 296.4 296.9 298.1 298.6 299.4 299.6 300.4 302.4 301.5 301.2 301.2 299.7 301.1 302.3 302.5 303.2 301 301.2 303 303.8 301.5 301.9 303.5 304.7 304.4 304.3 303.3 302.7 303 303.4 304.1 304.9 305.6 305.4 305.3 304.7 304.4 303.1 301.1 298.6 298.4 298.7 296.8 296.4 295.9 296.5 296.9 296.3 296.9 299.3 297.6 297.8 298.9 298.6 300.2 301.6
297.9 297.2 296.6 297.4 298.3 298.4 299 299.3 300 300.3 299.4 297.8 295.6 294.6 297.1 296.1 297.5 296.8 296.1 296.4 295.3 295.6 296.6 297.2 297.8 298.2 298.6 299.3 300.8 300.8 300.8 300.8 302.9 299.7 301.5 301.3 301 301.6 299.7 299 300.8 305.2 301.2 301.5 303.2 303.9 303.7 303.5 302.9 301.2 302.8 303.4 304.9 309 305.3 303.9 304.5 302.4 300.6 301.3 300.1 298.5 294.5 295.1 293.4 294.1 295.2 293.8 293.7 293.2 296.1 296.2 293.5 294.4 296 296.2 297 295.9
298 297 297.2 297.4 297.9 298.3 298.5 298.8 298.5 300 298.1 295.8 295.3 294.6 294.1 297.4 297.3 295.5 294.6 294.1 295.3 295.6 295.9 297.2 297.7 297.7 298.4 299.6 299.2 299.8 300.2 300.1 299.3 299.2 299.6 299.9 300.1 299.9 299.6 298.7 298.7 302.4 301.4 302.2 304.1 303.8 303.3 303.5 301.4 300.2 301.1 304.3 306.3 305.2 304.1 302.5 302 300.1 298.5 297.5 298 295.8 294.4 292.4 291.6 292.4 292.4 291.6 293.7 291.9 292.1 292.7 292.1 292.3 292.1 292.1 292.6 293.5
296.8 295.9 296.8 297.4 297.7 297.9 297.7 298.2 298.2 298.3 297 295.5 294.1 294.1 295.1 296.3 297.8 296.4 294.2 296.9 297.6 299.2 298.9 298 296.5 296.9 298.4 298.8 298.4 299.4 299.6 299.6 299.9 299 299 299.3 299.8 300.3 299.9 298 300.8 302.2 305.1 307 303.6 303.6 305 302 300.6 299.6 299.4 306.8 303.2 303.3 302.5 301.6 299.9 298.6 297.5 296.4 296.1 295 293.6 293.2 290.7 289.1 291.2 292.7 291.1 291.8 291.2 291.1 289.7 292.3 290.2 289.9 291.2 291.7
296.5 296.5 297.7 297.6 297.7 297.3 301.3 297.5 297 296.6 296.8 294.1 294.1 294.1 295.9 296 295.6 294.1 294.1 294.1 294.1 296.2 296.9 297.4 297.9 298.2 298.2 298.2 297.7 298 299.1 300.2 298.9 299.1 298.3 298.3 298.1 299 300.1 297.5 300.5 298.7 302.2 305.1 303.7 304.4 302.6 302.3 300.4 300.2 299.2 301.9 302.9 301.1 301.1 300.1 299.5 298.2 297.1 296.1 295.9 294.4 293.2 292.8 291.7 290.6 288 291.9 290.9 290.7 289.9 289.7 289.9 289.1 288.3 289 291 289.4
296 297.5 297.5 297.2 298 297.6 297.6 296.9 296.7 296.3 295.3 294.1 294.1 294.1 294.2 295.6 295.3 294.1 294.1 294.1 294.1 294.1 296.3 297.2 297.6 297.9 297.6 297.4 297.1 296.9 296.7 296.6 298.2 298.5 298.7 298 297.2 297.8 298.2 299.5 296.1 297.8 298.5 299.1 299.3 299.9 301.7 300.1 300.1 299.8 301.1 300.6 303.1 301.2 300.2 299.6 298.3 296.8 295.8 295.1 293.8 293.7 291.9 291.4 290.2 289.2 288.3 286.9 287.3 286.6 288.2 287.8 287.7 287.1 286.9 287.8 287.7 288.3
295.7 296.8 297.7 296.8 297.4 297.2 296.6 295.2 295.8 296.2 295.4 294.3 294.9 295.4 295 295.8 294.1 294.1 294.1 294.1 294.1 294.2 296.6 297 297.3 297.2 297.1 296.9 297.1 296.8 296.3 296.1 295.9 295.6 295.5 295.3 295.3 295.2 296.2 296.7 296.8 296.9 297.9 298.1 298.4 299 299.5 298.9 298.9 298.8 300.5 298.6 299.9 300.2 300.2 298.2 297.1 296.1 295 294.6 293.7 293 292.2 290.9 289.4 289.2 288.1 287.2 287 285.3 286.9 286.6 286.4 286.9 286.9 287.2 287.9 287.9
295 294.7 296.6 297.2 296.6 296.1 296 295 295.9 297 295.8 294.5 294.1 294.4 296 294.4 294.1 294.1 294.1 294.1 294.1 296.3 296 296 296.2 297.4 296.6 296.6 296.3 296.3 296 296.1 295.8 295.1 294.4 293.9 294.3 294.7 294.9 294.8 295.3 295.8 296.6 301.4 296.9 298 301 298.8 299.7 299.5 303 297.6 298.9 298.8 298.6 297.5 296.3 296.2 295.1 294.2 293.3 292.7 293.7 291.6 290.2 288.8 288 287.6 285.7 285.8 287.3 285.5 285.4 285.9 286.9 286.7 287.7 287.8
294.6 294.6 294.6 294.6 293.8 294.6 294.6 294.6 294.6 296.1 296.7 294.9 294.1 294.1 295.2 294.1 294.1 294.1 294.1 294.1 296.4 296.7 296.4 297 296 296.4 296.3 295.6 295.4 294.7 294.7 295.2 295 294.2 294.2 293.5 293.1 294.8 294.7 295 294.7 294.9 295.3 295.6 295.7 296.9 296.3 297 297 297.6 298.4 298.2 297.9 297.4 298 297.5 295.5 294.4 296.8 292.4 291.9 290.6 290.4 289.4 288.3 289.7 286.6 286.4 283.9 286 289.8 285.1 285.9 285.9 286.3 286.6 287.2 287.5
294.6 294.6 294.6 294.6 294.6 294.6 294.6 294.6 294.6 301.8 299.4 296 294.8 294.1 294.1 294.1 294.1 294.1 294.1 294.5 296.6 296.9 296.8 296.8 296.2 296.1 296 295.7 295.2 294.9 294.6 294 293.5 294.4 293.9 293.1 292.8 293.6 294.4 295 295.3 295.2 294.7 295.1 294.9 294.5 294.8 295 295 295.5 296.8 296.4 295.1 295.4 295.6 295.6 294 292.3 292.2 290.8 290.2 289.7 289.2 288.4 287.5 288 286.4 284.6 287 285.1 285.8 285 286.4 287.3 287.4 287 287.2 287.5
294.6 294.6 294.6 294.6 294.6 294.6 294.6 294.6 294.6 294.8 298 296.3 296.3 295.5 296.4 294.1 295.5 294.6 294.4 296 297 296.9 297.3 296.6 296.4 296.5 295.6 295.9 295.5 294.4 294.5 294.3 294.3 293.3 292.7 294.4 292.4 293.3 294.1 294.4 294.5 295 294 294.2 294.8 293.4 293.3 294.1 293.9 295.3 295.8 295.5 293 294.4 293.2 293.7 291.6 290.4 290.7 288.7 288.1 288.2 288.1 287.2 286.8 285.9 284.8 284.3 285 285 284.4 284.6 286.7 286.6 289.5 287.5 287.4 287.3
294.6 294.6 294.6 294.6 294.6 294.6 294.6 294.6 294.6 294.6 294.6 296.2 298.6 295.9 296.2 294.3 294.8 298.9 297.1 295.9 296 296.1 296.4 296.3 296.2 294.4 295.6 295.2 295.8 295.2 295.3 294.2 294 294.8 293 293.2 292.3 293.8 294 294.3 294 294.3 295.4 294.1 294.2 294 293.5 292.6 292.8 292.6 293.1 292.2 291.1 291.1 291.2 291.6 289.3 288.9 288.4 287.6 288 288 287.8 287.2 286.5 285.9 286.3 283.7 285.3 285.3 284.8 283.6 284.6 284.2 286.1 286.8 287.1 286.3
294.6 294.6 294.6 294.6 294.6 294.6 294.6 294.6 294.6 294.6 294.6 295.5 296.1 295.8 296.4 294.6 293.9 295.1 296.6 299.1 296.8 296.3 296.4 296.2 297.9 294.3 297.4 295.6 296.2 294.8 293.6 294 293.5 293.4 293.5 291.8 291.8 293.8 294.8 294.7 294.2 294.9 293.8 293.6 293.4 293 292.5 292 292.6 291.5 291.5 291.3 289.7 290 290 290.5 289.5 287.8 286.4 287 287.7 287.6 287.3 287 286.9 286.8 285.4 284.6 284.6 284.7 284.8 284.5 285.6 286.1 287.1 288.8 289.4 285.2
294.6 294.6 294.6 294.6 294.6 294.6 294.6 294.6 294.6 294.6 294.6 295.9 294.2 295.9 294.7 294.2 294.4 294.6 294.8 296.7 296.2 296.4 296 295.6 295.4 294.3 294.8 294.9 296.5 295.1 293.9 295.3 293.4 293.3 292.8 291.9 290.9 296.5 297.3 293.9 293.8 294 294.6 294.2 294.4 294.4 291.3 292.2 291.1 290.3 290.2 290 288.7 288.6 288.6 290.9 288.6 287.1 286 286.6 288.7 288.7 286.9 285.9 286.8 286.1 285.3 285.3 284.3 285.2 284.6 284.4 285.1 286.5 289.5 287.6 287.1 284.7
294.6 294.6 294.6 294.6 294.6 294.6 294.6 294.6 294.6 294.6 294.6 294.6 294.3 295.7 295 294.2 294.7 296.5 296.9 297.1 296.3 296.9 296.5 296.1 295.4 295.1 294.7 293.9 293.7 293.2 293.5 293.9 293 292.5 292.2 291.4 292 290.7 294.3 293.2 291 292.4 293.2 291.4 290.7 291.2 291.1 290.7 290.2 289 288.5 288.6 287.8 287.9 287.5 288.5 288.5 287.8 286.6 286 285.5 285.2 285.2 285.6 286 285.9 285.7 285.3 283.8 285.1 284.4 284.7 285.5 285.8 286.2 286.4 287.4 284.1
294.6 294.6 294.6 294.6 294.6 294.6 294.6 294.6 294.6 294.6 294.6 294.6 294.2 296 296.1 296.5 295.9 302.3 298.9 298.1 295.2 298.5 297.2 296.5 296.4 295.1 294.7 295.1 295.1 294.3 294.6 293.1 292 291.7 291.6 291.3 291.5 291 291 290.4 292.3 290.2 290.6 290.5 291.3 292.1 290.4 291.7 288.7 289.4 289.4 289.7 289.7 289.1 289.2 287.1 288.2 287 287.3 287.3 288.1 291.9 287 287.3 288.4 283.8 287.6 286.2 283.1 285.2 283.6 284.1 286.2 285.4 284.8 284.1 283.1 282.7
295.9 295.4 294.6 294.6 294.6 294.6 294.6 294.6 294.6 294.6 294.6 294.6 294.6 296.2 296.6 296.4 293.8 295.1 295 294.2 293.3 293.3 293.3 295.3 294.7 295.1 295.2 295.2 295.5 295.3 295.5 299.8 294.9 294.6 293.2 291.9 291.9 291.7 291.7 291.3 290.7 291.9 290.7 291.1 291.5 291.6 290.9 289.3 289.5 289.9 290.4 290.3 290.3 289.9 289.7 289.4 289.3 287.9 287.3 287.3 292.2 293.5 290.9 287.4 287.9 287.7 286.7 286.2 285.7 285.2 284.1 283.1 282.7 283.1 282.7 282.7 282.7 284.4
296.6 296 295 294.9 295.6 297 294.6 294.6 294.6 294.6 294.6 294.6 296.5 298.1 297.9 296.6 295.9 295.1 293.3 293.3 293.3 293.3 293.7 295.1 295.7 295.9 295.5 295.6 295.3 294.3 293.6 293.3 292.2 296.2 295.2 294.8 293 292.6 293.4 292.1 291.5 290.8 292.1 291.8 292.2 292.4 292.5 293.2 291.5 291.4 291.1 291.8 290.8 290.9 290.5 289.5 289.3 287.8 285.7 286.1 286.4 286.5 288.2 291.7 290.6 288.8 287.9 288.5 288.5 287.8 285.9 285.1 283.6 284.2 286.5 286.9 285.4 285.9
298.2 297.3 294.8 296 296.1 296.5 296.7 294.6 294.6 296.5 296.4 297.4 298.1 299.1 298 297.7 297.6 295.6 295.1 294.2 293.3 293.3 293.8 295 295.3 295.4 295.4 295.5 294.6 293.9 293.3 292.9 292.5 292.4 291.7 292.2 291.8 291.8 291.6 292 291.8 293 293 293.2 293.8 293.9 293.9 293.3 292.4 291.6 291.8 291.4 291.1 290.8 290.4 289 287.7 288.6 287.1 285.6 286.6 287.7 288.5 289.4 290.3 291.2 292.1 289.4 288.6 287.1 289.5 289.6 284.4 285.7 287.2 287.5 288.1 288.8
296.1 295.3 295.9 295.8 297.6 297.9 299.1 296.6 297.2 298.2 298.9 298.7 298.7 298.6 298.2 297.7 297.2 296.2 295.4 294.9 294.5 293.7 294.1 294.3 294.2 293.2 294.7 295.1 293.6 294.1 293.9 292.4 292.4 292.2 291.8 291.7 292.4 291.9 292.2 292.1 292.8 293.6 294.1 295.5 295.3 293.3 293.5 293.1 292.8 292.2 291.8 291.4 290.9 290.5 290.3 290 288.4 287.1 288.3 285.9 286.4 288.1 289.3 290.2 291.8 292.6 291.8 290.7 288.6 289.9 286.1 285.2 287.2 288.1 288.1 291.9 292.5 293.2
297.5 297.7 297.7 297.8 298.8 299 299.6 299.2 297.5 299.7 301.2 300 300.6 299.6 299.3 298.5 297.6 297.8 295.6 295 294.4 295.2 294.3 293.8 295.4 295.2 292.9 293.9 292.4 292.4 292.4 293.7 292.6 292.7 292.1 294.7 293.3 293.4 292.6 292.7 294 295.3 295.7 295.9 295.8 296 293.7 293.1 293.1 292.4 291.9 291.3 291.8 290.5 290.7 289.8 288.1 287.7 291.2 285.7 292.1 294 290.8 290.8 291.5 291.9 291.1 289.6 289.1 286.8 288.1 287.3 287.5 291.6 291.5 294.3 295.3 294.7
304.8 300.3 298 298.8 301.3 300.6 300.5 303.6 298.7 300.8 302.1 302.4 301.8 301 299.6 300.4 297.9 297.2 295.5 294.3 294.9 295.3 295.3 295.5 295.5 295.4 295 293.6 294.5 294 293.5 294 293.8 292.8 296.1 300.7 296 294.7 294 294.8 296 299.2 296.5 296.5 297.7 296.7 294.8 294 293.2 293.6 294.1 291.7 291.7 290.4 290.6 288.3 287.9 287.3 287.3 288.4 291 296.8 293.5 295.4 291.2 291.8 291.8 289.6 289.7 288.2 288 289.1 289.7 291.7 294.1 295.7 300.7 304.6
305.3 299.8 304.9 301.1 303.8 302.6 302.1 303.1 300.9 301.9 302.2 302.8 302.5 301.3 301 299.9 298.4 297.1 296.6 295.4 295 296.2 296.5 296.4 298.2 296.6 296.3 296.8 296.9 296.6 297.7 295.6 296.3 293.1 292.1 294 295.5 297.1 296.4 296.7 299.5 300.1 298.6 297.8 298.9 299.5 298.9 295.8 295.2 293.4 293.7 292.8 293.2 290.6 289.8 287.6 288.8 287 286.7 286 288.5 290.1 291.8 292 291.1 291.8 291.3 289.8 293.6 290.7 287.9 293.8 300.1 294 297.7 301.4 305.7 311.3
306.5 301.5 307.3 304.8 305.1 304.6 305.8 304 305.3 302.8 303.5 304.7 303 302.8 301 300.3 299.6 298.6 297.9 299.9 295.2 299.7 297.5 297.8 298.2 297.7 297.2 295.8 294.7 296.8 297.8 294.3 293.4 294.7 292.5 294.5 296.7 302.1 298.4 299 303.7 303.8 300.3 300.3 299.1 298.1 297.9 295.2 295.7 294 293.8 291.6 292.4 289.1 288.1 286.5 288.4 286.4 286.2 286 286.4 289.6 290.9 292.3 293 292.4 291.7 291.3 293.8 290.8 288.2 290.7 296 297.8 300.3 307.2 309.6 314.4
