public/OST50/NN35.asc
ncols 200
nrows 200
xllcorner 230000
yllcorner 750000
cellsize 50
[rows 140 to 174 of 200, columns 78 to 155 of 200]
319.3 317.6 317.1 317.1 318.8 323.6 325.4 322.2 321.9 322 319.5 316.7 314.7 311.4 307.4 304.1 301.4 300.8 300 299.1 296.7 295.3 294.1 295.4 296.2 295.7 295.6 295.8 294.8 294.3 292.9 291.2 290.1 288.8 288 287.2 285.8 285.9 285.2 284.9 282.2 284.9 286.4 287.5 287.9 288 285 284.2 282.2 282.2 282.2 282.2 282.2 282.2 282.2 282.2 282.2 282.2 282.2 282.2 282.2 282.2 282.2 284.8 288.4 288.8 289.1 287.6 285.4 283.7 282.7 284 284.5 284.9 285.4 288.7 290.8 291.9
314 315.7 319.2 317.4 322.4 323.3 319.7 318.4 317.3 316.4 313.8 311.6 309.5 307.2 306.7 303.5 302.6 302.7 301.4 300.6 299.4 298.4 298.5 299.1 300.9 304.4 301.5 300.2 299 296.7 295.4 294.7 294.2 291.8 291.1 290.1 288.4 287.9 288 287.1 286 287.8 288.3 289.3 289.4 289.7 288.9 286.9 285 283.9 282.2 282.2 282.2 282.2 282.2 282.2 282.2 282.2 282.2 282.2 282.2 282.2 282.2 286.1 286 286.4 285.4 284.5 283 282.7 284.6 284.4 285.2 285.8 286.8 289.1 290.9 291.6
315.4 315.2 316 317.2 320.7 318.7 316.2 315.2 312.4 310.5 309.8 310.7 307.4 306.1 305.6 305.1 304.5 304.2 303.3 300.4 301.8 301.8 302.8 304.3 306.4 307.6 305.3 302.7 301.7 300.3 298.6 297.8 296.9 295.6 293.8 292.9 290.6 289.5 290.2 289.1 289.5 290 290.9 290.8 291.1 291.1 290.4 289.7 287.8 285.9 282.2 282.2 282.2 282.2 282.2 282.2 282.2 282.2 282.2 282.2 282.2 282.2 282.2 284.5 285.3 284.9 284.3 282.8 282.8 283.5 285.9 285.7 285.5 286.7 288 290.4 291.9 292.2
313.9 315.1 314.5 314.5 313.2 311.9 312 309.1 308.5 308 306.9 305.4 304.7 306.4 306.3 306.1 305.4 305.3 304.6 303.5 303.7 305.3 305.9 306.9 309.8 307.6 306.2 304.8 303.6 302.7 301.9 301.4 300.2 298.7 296.1 294.5 293.4 293.4 291.5 290.4 290.6 292.5 292.6 294 295.6 299 292.2 288.6 286.6 282.6 282.2 282.2 282.2 282.2 282.2 282.2 282.2 282.2 282.2 282.2 282.2 282.2 283.4 283.4 285 284.2 282.3 283 282.4 284 286.6 286.3 286 287.8 291.3 292.5 292.6 292
312.4 314.6 312.7 311.5 310.6 311.5 308 307.2 306.6 305.8 305.4 304.6 304.5 308.1 308.4 306.7 307.3 306.8 306.2 305.9 306.6 306.9 307.4 307.9 307.7 306.8 307.5 306.9 305.7 304.9 304 303.7 301.2 300.9 297.7 297.4 295 293.5 292.8 293.7 291.9 292.5 292.8 293.6 290.2 290.8 286.1 283.8 282.2 282.2 282.2 282.2 282.2 282.2 282.2 282.2 282.2 282.2 282.2 282.6 282.2 282.4 282.3 285.3 284.5 283.9 283.4 283.9 282.7 289.7 287.5 286.5 288.2 291.4 293 297.2 291.1 291.8
309.5 310.7 312.3 311.6 310 307.9 306.8 306.2 305.7 303.9 303.1 302.5 304.6 306.1 307.4 308.6 308 306.5 306.5 305.5 305.8 306 306.7 305.3 307.3 308.5 309.1 308.7 307.9 306.2 305.4 305 302.9 302.1 299 298.1 297.5 295.3 292.5 291.4 290.7 291.1 291.7 285 285 282.2 282.2 282.2 282.2 282.2 282.2 282.2 282.2 282.2 282.2 282.2 282.2 282.2 282.2 285.4 285 284.6 284.8 282.6 283.7 282.9 284.6 284.6 282.5 288.7 289.7 296.5 289 292.6 294.9 297.8 290.5 292
307.3 311.2 314.2 311.1 309.6 306.1 304 303.5 303.1 301.8 301.9 302.8 302.8 303.6 304.8 304.5 304.6 305.2 305.5 305.2 304.8 304.3 304 307 307.1 312.8 312.1 310.8 309.2 307.4 306.2 305.5 303.7 301.5 300.1 299.6 297.3 294.9 293.2 289.7 289.4 286.8 283.2 282.2 282.7 282.2 282.2 282.2 282.2 282.2 282.2 282.2 282.2 282.2 282.2 282.2 282.2 282.2 282.2 285.4 285 283.8 283.4 284.4 284.4 283.5 287 286 290.3 283.3 287.5 292 289.7 288.8 289.1 289.3 292.6 294.4
307 310.4 311.4 309.2 306.5 304.7 303.7 302.2 302 300.8 301.2 301.2 301.2 301.2 303.8 303.4 303.3 303.7 303.5 303.4 308 306.3 305.4 306.9 309.2 312.1 311.6 310.4 310.4 308.1 307.1 305.6 303.7 301.7 300.4 297.4 297.2 294 291.4 289.1 288.1 285.6 282.2 282.2 282.2 282.2 282.2 282.2 282.2 282.2 282.2 282.2 282.2 282.2 282.2 282.2 282.2 283.4 285.2 286 285.2 283.5 285.4 285.4 286.2 291.7 284.7 288 288.1 285.5 285.3 289.6 288.5 288.7 290.7 293.3 298.3 301.5
306.8 304.5 305.3 305.3 304.9 303.8 303.4 303.2 302.9 301.2 301.2 301.2 301.2 301.2 303 302.6 302.1 302.2 301.5 307.3 311.6 307.3 306 307.4 307.9 311.7 311.5 310.7 309 307.1 305.8 306.7 303.4 301.7 299.8 296.3 295 293 291.3 289.5 286.8 284.3 282.2 282.2 282.2 282.2 282.2 282.2 282.2 282.2 282.2 282.2 282.2 282.2 282.2 282.2 287.5 286.6 286.4 287 287 283.6 283.6 285 288.1 291.6 284.7 286.7 285.4 285.7 285.1 287.7 290 292.8 293.7 300.1 303.9 302.8
311.8 306.2 303.4 303.8 303.7 303.8 303.5 302.5 301.8 301.2 301.2 301.2 301.6 302.7 302.5 301.7 301 300.9 301.5 306.4 307.8 309.7 303.8 306.4 308.4 310.9 311.8 310.4 307.4 306.2 304.8 302.8 301.9 299 297.5 295.7 294.3 292.9 291.2 289.6 287 284.8 282.2 282.2 282.2 282.2 282.2 282.2 282.2 282.2 282.2 282.2 282.2 282.2 283.7 288.6 289.1 286.9 287.6 287.3 289.4 287.4 283.4 284.2 287.7 285.6 286 285.7 287.3 287.4 289.6 291 291.3 294 295.5 297.2 302.2 304.6
305.4 303.8 303.1 302.8 303.2 303.4 302.3 303.1 302.2 301.3 300.5 302.7 303.6 301.6 302.2 301 300.5 300.6 300.9 302.2 306.5 302.9 303.1 306.6 308.3 310.2 310.8 310.3 307.2 304.6 303.4 301.1 298.8 297 295.7 293.4 293.9 292.1 290.4 286.9 284.3 282.2 282.4 282.2 282.2 282.2 282.2 282.2 282.2 282.2 282.2 282.2 282.2 282.2 287.7 294.6 288.8 287.5 287.4 287.8 288.3 288.7 287.1 283.5 283.7 285.2 285.8 291.6 289.4 292.3 292.2 292.8 293.2 293.9 295.6 297.4 302.8 306.1
303.3 303.4 303.3 302.9 302.5 304.1 302.9 302.1 302 302.2 302.3 303.6 302.9 301.7 301.1 300.8 300.2 300.4 300.5 300.9 301.1 301.6 304 307.5 309.9 310.4 310.5 309.5 306.9 305.1 303.2 300.1 296.8 294.1 292.5 291.2 291 289.4 287.8 287.9 288 288.3 288.5 285 283.5 282.2 282.2 282.2 282.2 282.2 282.2 282.2 282.2 288.9 288.8 289.1 287.6 287.2 286.4 287.3 289 286.9 285.1 284.4 284.7 290.2 289.9 293.4 294.7 293.2 293.2 293.8 294.3 295.3 296.7 301.1 305.3 307.7
303.4 303.8 304.1 303.5 303.1 302.8 302.7 302 302.3 302.6 303 303.9 302.9 301.6 301.1 300.6 300.5 300.4 300.5 300.5 300.9 301.8 304.5 305.6 307.3 308.1 308.7 308.3 307.2 303.9 300.3 297.3 295 293.4 292.3 291.3 290.7 290.5 291.9 293.9 291.5 288.8 286.7 285.2 283 282.2 282.2 282.2 282.2 282.2 282.2 282.2 287.9 288.5 289.2 289.2 289.2 290.3 284.6 286.8 286.2 291.6 286.9 285 283.9 293.9 289.4 287.9 291 292.2 292.9 294.5 295.5 297.3 301.4 306.2 310.6 312.4
304.2 304.3 304.5 304.3 304.3 303.1 302.3 303 303.4 303.4 302.8 303.3 303.1 301.8 300.7 300.3 300.4 300.3 300.2 300.3 300.9 301.5 302.8 304.6 305.6 306.4 307.8 307.1 304.6 300.9 297.6 295.9 293.9 292.2 292 292.4 292.7 300.7 297 293.8 290.9 287.5 286.8 286.3 283.6 282.2 282.2 282.2 282.2 282.2 282.2 282.2 288.4 289 289.4 289.9 289.6 291.4 284.5 284.7 284.3 284.1 283.9 283.6 283.6 286.2 285.6 285.8 289.3 291.9 294 296.2 298 303.5 306.9 310.5 314.7 318.4
305.7 305.9 305.9 306.3 304.8 304.5 303.7 304.2 305.2 305.1 304.5 304.2 302.6 301.6 300.3 300.3 300.4 300.5 301.3 301.4 301.1 300.6 301.6 303.4 303.6 305.4 304.6 304.7 301.8 298.7 296.4 294.8 292.4 290.8 291 292.3 294.4 294.8 294.4 295.9 290.8 289.6 288.1 286.5 283.8 282.2 282.2 282.2 282.2 282.2 282.2 282.2 288.7 288.6 288.9 289.6 289.4 288 285.3 284.4 284.3 283.9 286.9 284.7 283.5 284.4 285.3 286.4 290.1 294.9 296.5 299.5 301.3 307.2 310 313.5 318.7 325.1
307.4 306.7 306.8 306 307.7 306 306.5 306.7 306.3 305.3 304.3 303.7 302.7 301.8 300.2 300.6 300.3 300.3 300.6 301.4 301.9 301.1 300.4 300.7 301.4 301.5 299.9 300.6 298.9 296.8 295 293 291.7 290.6 291 292.3 293.6 293.8 293.6 292.1 291.2 290.8 288.7 286.4 284.3 282.2 282.2 282.2 282.2 282.2 282.4 288.5 288.9 289.6 290.3 290 288.3 285.8 284.5 284.5 285 286.4 285.8 285.9 285.5 285.5 286.3 288.3 293 295.3 297.2 301.8 304.3 307.9 313.4 318.6 323.5 330
308.1 307.5 306.9 306.8 308.3 310.4 308.4 306.8 305.9 305.3 303.8 303.4 303.4 302.2 301.3 300.6 300.4 300.2 301.2 301.1 300.6 300.5 299.4 299.6 299.2 299.2 299.4 297.8 297.2 295.1 292.5 291.5 291.8 290.7 291.8 292.4 293.1 292.2 293.3 291.2 292.4 290.2 287.8 284.5 282.2 282.2 282.2 282.2 282.2 282.2 286.4 292.1 290.8 290 291.1 289.3 286.7 285.4 284.6 284.7 285 285.9 286.5 286.8 286.6 287.1 288.3 290.3 293.9 297.9 301.4 304.7 309.9 314.3 319.6 324.6 328.3 334.3
308.3 307.9 308.2 309.2 311.2 309 307.9 306.9 305.7 304.9 303.3 302.9 303.3 302.5 301.5 301.1 300.4 300.4 300.6 299.7 300.1 301.9 302 301.4 300.8 299.9 296.7 295.8 294.9 292 290.1 290.2 289.7 287.7 289.8 289.7 292 292.6 292.3 297.9 292.5 289.5 285.6 283.5 282.2 282.2 282.2 282.2 282.2 282.2 282.2 292.7 290.9 287.4 287.7 286.4 285.6 285.2 285.3 284.8 284.8 285.9 286.8 287.5 287.7 289.6 291.8 292.3 298.1 301.8 308.1 311.6 316 322.5 329.4 333.2 336.9 340.6
310.6 309.4 309.3 309.1 309.4 308.1 307 306.8 304.8 304.6 303.3 303.5 303.3 302.6 301.3 301.4 300.5 300.8 301.1 302.2 303.5 304.4 304 304.1 301.5 299.1 299.6 296.4 297.5 291.7 289.3 287.8 286.7 286.9 288.5 292.3 293.8 293.8 294.5 293 292.2 290 283.8 282.2 282.2 282.2 282.2 282.2 282.2 282.8 283.9 288.1 287.9 287 286.6 286.9 286.4 285.9 286.2 286.2 286.7 286.7 287 287.7 289.5 291.2 294.1 297.4 302.9 305.9 312 316.2 321.7 327.9 334.1 338.9 343.1 348.5
310.6 309.7 310 309.6 309.3 308.8 307.3 306.5 306.3 304.5 303.4 302.9 302.8 302.4 302.2 302.1 304.1 301.5 303 307.5 307.3 305 305 302.4 301.4 298 294.6 293.5 293.1 289.2 287.6 286.5 286.3 287.7 290.3 292.8 295.7 296.7 295.1 293 290.4 284.1 282.2 282.2 282.2 282.2 282.2 282.2 285 285 285.6 287.2 290.7 286.6 286.6 286.4 287.1 287.8 287.1 287.1 287 287.8 288.5 289.4 291.6 294.6 299.3 302.6 307.1 313.5 317.6 322.2 328.7 334.2 340.7 346.4 351.2 358.2
308.5 310.9 309.9 308.7 309.6 308.4 305.7 305.8 305.7 304.1 304 302.4 302.7 302.9 303.1 308.5 302.8 304 303 303.1 301.9 302.4 301.9 300.9 296.8 293.9 290.8 289.4 288.5 287.4 286.1 285.9 285.8 288.6 292.5 299.3 303 302.3 299.2 292.1 285.5 282.2 282.2 282.2 282.2 282.2 282.9 287.1 287.3 286.9 287 287.5 286.8 287.9 286.9 287.1 287.7 287.9 288.1 287.6 288.5 289.2 290.7 292.7 295.7 300.3 305 308.4 311.8 318.1 321.6 328.1 336.1 342.6 348.9 353.3 360.4 364.6
306.2 308.1 307.7 306.4 305.1 303.9 303.3 304.6 305.1 305.6 305.1 303.5 300.9 302 302.4 301.1 301.2 300.8 300.4 300.6 297.2 297.2 296.4 291.2 289.4 288.4 286.5 286.4 286 286.6 285.4 285.9 286.3 288.3 293.1 295.3 301.6 302.1 292.8 288.2 282.2 282.2 282.2 282.2 282.5 287.2 288 289.6 289 288.4 288.2 287.9 288.7 289.3 288.6 288.8 288.7 288.9 289.2 290.3 291.2 292 293.6 296.2 298 302.9 309.4 313.8 316.9 324.5 330.8 334.8 342.3 349.3 357.8 361.2 365.1 372.3
301.3 303.5 303.7 304.1 302.1 301.4 301.9 304.7 305.9 306.7 308 302.6 297.9 296.2 296.9 296 295.6 295.1 292.4 292.4 291.6 288.7 287.7 287.6 287.1 287.7 287.5 287.6 287.5 289 287.4 286.6 286.3 285.5 285.9 291 290.5 287.2 283.9 282.2 282.2 282.2 282.9 286.9 290.7 290.7 292.1 289 290 289.8 289.6 289.2 290 290.3 290.2 290.6 290.3 290.7 290.4 291.3 292.9 295.1 298.1 300.7 305.2 306.5 313.1 320.6 328.4 331.9 338.3 344.2 349.9 355.4 361.1 366.2 372.4 377.9
298.6 300.8 300 299.7 300.2 300.3 299.8 301.6 303.8 305.7 300.8 298.6 295.7 293.1 293.3 293.2 292.5 292.4 290.6 289.5 288.3 288 288.3 288.5 288.3 289.5 289.9 289.9 289.8 289.1 288.4 288.2 288.1 287.4 285.7 283.9 283.8 283.1 282.2 282.2 282.2 285.6 289.4 294.5 294.2 294.1 292.8 292.2 292.3 292.4 291.9 291.1 291.6 293.1 293.3 292.9 292.7 292.5 293 294.3 295.7 299.8 301.9 306.7 308.4 313.3 317 326.8 334.6 336.4 347.1 351.6 356 361.5 367.3 372.6 377.6 386.1
294.9 297 296.6 296.6 296.1 297.6 297.7 296.8 294.4 296.7 296.9 295.1 293.7 292.6 291.7 291.5 291 289.8 289.1 288.5 289.7 290.1 290.6 289.8 291.6 291.8 295.2 296.9 293.3 290.6 289.7 288.7 288.5 287.9 287.3 285.7 284.4 283.9 282.2 282.2 288 290.4 294.1 301.9 296 295.7 293.9 295.2 295 294.9 294.4 294.2 295 294.7 295.1 294.6 295 294.7 296.5 297.5 299.6 302.7 307.3 311.6 314.5 319.7 326.4 331.7 336.7 342.1 349.8 358.9 362.6 367.9 372.8 378.6 385.7 393.2
294.2 295.8 294.9 293.4 294.6 293.5 294.7 295.5 295.4 296.2 296.5 294.5 293 292 291.2 290.2 289.5 289 289.3 290.1 291 291.8 292.6 292.8 293.6 293.9 295.4 295.7 293.6 291.3 290.7 290.5 289.4 289.9 289.1 288.9 285.3 283 286.6 292.2 292.9 294.1 296.5 300.8 297.4 296.4 297.2 298.8 299 299.1 297.9 297.2 296.9 296.5 296.2 297.8 298.2 298.6 300 301 304.6 309 313.4 318.3 322.6 326.2 331.3 337.1 344.7 348.2 352.9 360.3 365.9 371.5 379.3 383.9 389.7 395.3
292.4 293.4 293.4 293.4 293.4 293.4 293.4 294.9 294.7 294.9 296.1 294.5 293.3 292.2 291.6 289.9 289.4 289.9 290.5 292.2 292.8 294 294.9 295.4 296.5 295.8 295.9 295 293.7 293 293.5 293.4 294.2 294 292.4 288.6 283.5 295 295.5 297.2 298.4 298.3 298.7 299.8 297.4 300.6 300.2 301.4 301.1 300.3 300.7 298.8 297.1 297.8 300.6 302.3 302 301.5 303.5 307 310 314.3 320.8 325.3 328.9 332.1 338.3 346.3 352.6 353.6 359 364.6 369.2 377.3 383.4 389.3 395.6 401.5
294.3 293.4 293.4 293.4 293.4 293.4 293.4 294.3 295.6 295.6 294.8 294.3 293.3 292.5 291.8 291.1 290.6 291.1 292.3 293.6 295.5 297.3 299.7 302.5 299 297.4 296.8 297.3 297.2 297.8 298.2 297.7 297.4 296 289.7 284.2 289.7 297.5 300.5 302.8 306.1 301.6 300.8 299.8 299.7 299.9 301.4 302.6 301.4 301.4 298.6 298.9 300.1 302.9 305.7 307.3 305.8 306.1 309 312.8 317.2 321.1 330.9 337.7 337.8 338.3 341.9 347.6 354 358.9 364.9 368.7 376 379.6 387.1 392.4 398.7 406.7
293.4 293.4 293.4 293.4 293.4 293.4 293.4 292 294.6 295.1 294.8 294.2 293.5 292.8 292.2 291.7 291.7 292.4 293.3 294.6 296.3 299.1 298.8 299 297.9 296.9 297.4 298.7 299.5 304.8 300 299.6 295.2 284.8 285.5 290.3 298 300.7 304.9 309.6 308.7 304 301.3 299 299.4 300.4 300.9 301.7 301 299.3 300.2 304 305.2 304.2 306.9 310.9 310.3 314.5 316.4 320.3 324.8 328.2 333 340.3 343.1 344.3 347.3 353.1 359 364.2 372.5 376.4 379.5 383.3 390.5 396.5 404 413
293.4 293.4 293.4 293.4 293.4 295.8 295.3 294.9 292.4 294.3 294.4 294.3 293.8 292.8 292.8 293.4 293.6 293.7 293.7 294 295.5 296.8 297 297 297.3 297.8 300.1 301.8 301 303.1 295.2 290.7 284.8 286.3 293.3 296.4 303.9 304 306.7 310 306.8 305.1 302.1 299.5 299.5 300.6 301.4 300.9 307.3 300.2 300.4 303.2 304.2 306.4 309.7 313 316 321.2 324.4 328.1 330.7 333.3 337.2 340.9 345.2 348.1 352.4 356.3 364.5 369.9 378.3 381.8 384.8 390 396.5 401.5 411.5 421
293.4 293.4 294 293.4 296.5 299.3 295.8 294.1 291.6 294.3 293.9 293.4 293.8 294.4 293.6 293.2 295 294.5 293.5 293.4 294.2 295.4 296.3 296.9 296.9 297.4 298.2 296.7 297.3 295 292.2 287.2 284.8 290.3 298.4 303.9 304.8 307.3 307.5 308 305.6 304 301.2 299.1 299.7 303.1 303 301.9 303.6 301.2 302.6 303.1 304.5 309.6 313 319.8 321.1 327.7 330.1 332.9 336.9 336.8 339.5 342.8 346.8 352.1 354.8 361.6 366.7 374.8 381.2 386.7 391.4 394.5 400 408.4 419.2 429.7
295.5 296 298.9 297.2 300.1 297.8 295.7 293.7 291.6 290.7 293.4 293.6 294.7 294.2 294.3 293.7 293.6 293.9 293.5 294.1 294.1 294.5 294.9 299 296 298.2 295.4 296.4 293.2 291.5 289.3 285.4 285.1 297.3 298.3 302.7 305.5 310.4 313.6 309.7 305.1 303.1 300.3 300.7 302.8 302 303.2 302 302.9 301.8 303.1 304.5 307.8 312.3 317.7 322.6 325.5 332.5 337.9 337 338.4 339.5 341.6 345.6 350.3 355.8 363.8 366.4 373.3 378.7 385.3 392.1 399 404.5 411.7 419.8 430.9 441
300.7 300.2 300.1 300.6 301.6 296.9 294.6 293.6 290.3 292.4 292.4 292.5 293.3 293.2 293.9 293.3 294.1 292.6 291.9 292.2 292 291.3 296.2 300.6 293 295.7 291.8 291.5 290.4 288.4 285.8 291.6 290.9 296 299.4 302.2 305.2 308.7 306.5 304.1 302.7 304.4 301.5 300.6 299.4 300 307.1 305.5 303.8 303.9 303.4 306.4 311.6 316.9 323 326.7 328.4 333.2 335.9 338.1 339.6 341.1 342.2 345.9 352.4 361 365.6 374.1 381 387.5 395.4 403.5 409.9 419.4 427.2 434.5 444.2 453.3
305.4 307.1 302.4 299.5 296.9 294.6 293 290 290 291.9 290 290.5 290.3 291.2 291.7 293.7 293.2 291.8 290.7 289.1 288 288 293.8 294.2 289.6 288.9 289.3 288.4 286 287.9 294.5 300.8 295.1 297.3 299.7 301.1 303.7 306.5 307.6 303.3 302.2 301.9 303.4 300.4 299.9 300.2 300.8 302.7 305.2 304.8 304.7 306.6 311.7 317.2 322.5 328.4 329.8 333.7 337.5 338.8 342.1 342.7 346.1 347.5 354.8 362 372.8 383.6 390.3 399 406.5 415.8 427.4 433.2 443.3 454.7 463 474.9
303.3 305.8 300.8 297.5 294.9 292.7 291.4 290 290 290 290 290 290.1 290.1 290.6 291.9 291.4 290.6 290.2 288.5 288.5 289.3 286.9 286.7 286.7 286.8 286.5 286.2 293.9 289.2 292.5 294.6 296.9 297.6 299.4 300.2 300.7 302.7 303.7 302.8 300.2 300.8 304.8 302.9 299.6 300.3 300.5 300.9 304.3 307 307.6 310.3 311.8 315.9 321.1 325 328.3 330.3 335 339.7 342.8 343.9 346.3 352.9 364.2 366.1 375.8 389 398.7 410.5 418.9 428.7 440.6 452.4 460.8 473 483.5 490.8
