public/OST50/NN36.asc
ncols 200
nrows 200
xllcorner 230000
yllcorner 760000
cellsize 50
[rows 70 to 104 of 200, columns 0 to 77 of 200]
567.2 573.3 577.7 583 589.4 596.4 601.1 605.3 611.2 617.7 621.4 622.4 619.6 622.6 622.6 615.4 604.4 584.5 578.8 560.4 548.1 523.6 495 468.5 431.8 407.2 400 398.5 402 404.7 411 414.4 422.6 423.4 426.2 429.7 430.1 434 439.6 444.7 450.4 457.7 463.8 473.9 479.5 483.3 482.7 481.6 481.4 483.6 487.3 495.1 504.2 507.3 511.4 521.3 532.1 541.5 548.3 558.4 568.6 576.3 574.2 575.6 579.4 586.2 596.9 605 601.6 597.4 595.1 592.4 587.1 576.8 564.3 556.4 551.4 545
567.2 575.3 581.5 585.4 593.7 603 607.1 614 615.9 621 624.1 622.8 626.9 626 623.8 610.8 602.4 583.2 570.3 542.5 516.6 497.6 475.1 445 418.9 402.2 399.8 398.7 401.5 406.6 413.4 421 422.7 424.9 427.4 430.4 434.7 437.3 441.6 448.1 451.3 460.1 466.6 471.9 476.2 477.3 477.4 481.1 486.9 490.1 498.5 504.5 511 519.5 526.1 535.2 544.2 552.9 560.3 572.3 580.1 582.3 586.8 593 597.2 607.7 614.6 617.8 612.1 611.9 602.5 587.3 578.8 567.8 557.9 549.6 542.1 533.6
566 573.7 582.1 589.6 596.6 604.2 612.3 617.8 622.4 621.3 625 625.3 630.2 628.4 616.7 610 602 574.9 550 529.8 498.9 475 456 432.1 408.6 402.3 401.2 400.9 402.7 412.5 417 423.7 426.1 426.9 429.4 433.5 436.2 439.8 444.8 449.7 453.2 460.2 468.1 471 474.7 476.9 481.5 488.5 493 499.6 507.3 514.8 520.2 528.5 539.5 549 561.3 572.3 584.3 589.6 591.1 598.3 607.4 614 624.1 630.9 636.4 633.2 629.4 619.1 596.7 583.6 568.6 557.3 546.6 540.2 533.3 523.9
569.7 573.8 583.9 592.9 603.5 606.4 611 619.6 622.7 622.8 625.4 627.5 628.7 620.3 610.6 611.4 597.8 565.2 529.8 503.5 480.3 458.7 434.6 417.2 404.6 400.8 402.6 405 410.3 419.5 422 426.4 430.5 431.6 433.2 436.4 441.9 444.5 448.9 455 457.1 462.7 466.6 468 475.3 480.8 489.3 492 498.9 506.3 516.8 525.5 536.2 542.3 551.9 562.7 574.8 585.6 595.4 600.5 608.8 620.7 628.3 632.3 643 654.9 654.5 647.9 638.1 609.6 589.2 574.4 559.2 546.9 537.7 527.6 518.2 512.9
569.9 573.4 584.9 592.8 600.9 608.8 611.9 617 621.2 620.4 626.1 624 621.9 612.6 605.3 600.5 574.1 541.5 515.1 484.9 462.3 438.2 418.2 407.1 402.7 404 406.2 413.3 420.1 426.1 429.1 435.6 435.2 435.8 438.1 438.4 443.6 450.2 453.8 457.4 458.1 460.4 466.4 472 476.6 485.1 494.8 503.2 511.4 517.4 525.9 540.9 548.5 557.5 567.2 578.4 591.4 599.9 608.3 620.7 632.4 639.5 646 654.6 657.7 669.8 663.7 650.4 628.2 601.2 579.3 564 551.4 536.3 527.4 520.2 510.8 502.9
568.2 574.2 583.6 595.1 600.9 610.7 614.2 615.5 618.5 617.4 621 617.8 608.2 602.2 596.7 586.3 564 534.7 498.4 466.4 445 422.9 409.7 406.4 404.4 405.3 412 417.6 425.3 430.9 432.9 436.8 438 441.9 443.4 444.5 447.9 452 454.8 458.5 458.5 461.2 466.7 477.8 486.5 494.8 502.3 512 522.9 527.7 538.4 551.3 561.1 567.4 576.7 588.5 601.9 612.4 626.2 635.9 644.8 653.3 664.2 669.8 675.7 674.8 665.5 654 623.5 592.5 568.5 553.7 540.9 531.4 519.8 508.2 501.1 495.1
569.2 577.2 584.7 594.7 601.3 606.9 614.3 616.1 618.1 617.5 618 611.8 605.2 596.6 583 565.1 543 515.1 487.1 447.5 426.6 410 402.3 402.1 406 408.3 415.5 423.4 430.5 433.5 437.2 439 442.4 444.8 446.4 447.9 448.5 451.8 454.8 459.7 463.5 470.1 475.2 482.3 493.3 503.6 513.5 524.7 536.1 546.4 549.9 564 571.5 578.2 587.8 596.3 612 625.7 639.2 651.7 659.4 666.3 676.4 684.1 684.8 678.1 663.9 632.8 606.6 581.7 557.1 540 528.2 515.4 505.6 500.1 495.5 492
568.5 578.1 590 597.2 602.5 608.2 611.6 612.3 615.3 614.7 613.1 603.6 598.1 584.9 567.4 541.6 520.1 490 462.8 436.5 412.4 403.8 402.4 401.9 406.2 413.9 425 430.5 435.3 441.1 443.2 445.8 443.4 444.6 445 446.4 449.7 452.5 455.8 462.2 467.7 474.5 483.7 492.4 501.1 511.2 524.8 536.8 548.2 561.3 570.2 576 584.5 592.4 597.2 612.8 627.8 643.7 654.1 662.7 671.7 679.1 688.6 692.3 689.2 674.1 647.5 617.4 591.2 566.4 546 532.8 519.9 508.7 499.3 496.7 492.2 487.8
570.7 579.7 588.3 594.9 602.2 606.7 610.3 614.2 612.8 610.4 606.4 597.5 584.8 569.6 547.4 524.4 501.2 475.2 443.1 424.3 408.3 400.9 401.7 402.5 410.1 417.7 427.1 432.4 442 444.9 444.8 443.7 442.2 442.6 444.1 446.9 450.4 454.1 457.9 465.2 472.9 481.4 490 501.1 512.3 520.6 534.3 545.9 557.4 569.6 577.4 586.8 595.7 602.9 619.1 633.6 648 658.3 670.1 676.9 684.7 689.7 698.5 698.4 689.2 665.3 632.2 601.5 575.5 556 537.2 521.4 510.8 498.9 493.6 490.3 485.8 486.7
572.6 579.3 589.3 598.1 604.6 607.8 611.9 615.4 610 607.1 598.9 585.4 566.4 543.6 523.2 504.6 478.3 457.4 437.2 418.5 404.9 399.5 401.4 406.1 408.9 419.7 425.9 430.8 439.6 442.8 443.7 442 443.3 443 445.8 451.1 454.1 457.4 463.1 471.5 481 492.2 500.6 512 521.9 533.5 542.8 553.1 563.5 576.6 585.5 595.6 611.2 623.6 638.8 652 662.6 672.2 682.4 691.9 698.9 703.7 706.4 700.6 682.1 648.5 613.5 586.3 564.1 546 530.3 517 506.3 497.9 491 485.9 483.2 482.1
576 584.3 593.1 600.1 604.1 607.8 611.6 612.6 607.3 600.3 586.8 568.3 544.9 528.8 501.8 479.9 469.1 450.9 427.8 412.9 399.4 397.2 403.2 407.4 412.5 416.5 420.6 427.1 433.2 434.3 437.4 441.8 446.5 447 448.6 453.3 458.6 463.4 469.6 479.3 489.5 500.7 510.8 523.2 532.4 542.4 553.2 564 575.3 588.8 601.9 616.6 631.5 646.2 657.4 669.5 678 686.9 695.2 703.2 709.2 712.7 711.4 693.5 664.1 631.4 599.6 577.4 557.2 538.3 524.5 513.9 504.1 492.4 488.6 486 483.8 482.6
575.6 585.7 592.8 598.2 601.4 607.2 609.5 606.5 600 592.8 575.7 562.4 537.9 521.9 495.1 475.1 453.9 436.1 421.6 406.9 396.8 395.7 401.2 406.3 416.7 422.5 424.3 427.8 432.2 435.7 439.6 440.4 444.1 447.7 450.7 457.6 464.6 473.3 480.9 491.9 502.3 513 524.2 536 542.7 552.4 563.4 577.2 586.8 606.7 625.1 639.8 652.8 660.1 672.4 684 693.5 701.7 709.3 716.7 720.5 720 711.4 681.2 645.4 616 590.6 568.6 547.9 531.6 519.1 507.6 498.2 490.8 489.9 486.9 484.3 484.5
577.9 586.6 594.3 598.6 604.2 604.7 604.7 602.1 595.8 583.4 569.9 558.9 532.1 510.7 492.3 466.4 444.6 429.6 416.4 403.9 397 395.4 399 404.7 416.6 420.8 425.1 428.1 433.1 438.4 442.6 444.9 445.8 450.6 455.4 465.1 471 484.1 492.1 505.4 518.7 525.9 536.7 546.4 555.2 567.2 580.4 591.4 603.6 625.2 646.5 658.4 665.1 678.4 689.9 699 708.4 715.4 722.4 726.7 728.6 726.1 707.7 669.4 639.5 604.8 578.1 559.2 541.2 524.8 513.1 505.3 496.5 492.1 489.4 486.8 487.2 485.4
581.6 589.5 595 597.4 600.7 605 603.2 598.3 591.1 581.9 565 543.2 520.9 499 473.9 451.4 433.4 418.2 408.5 395.3 394.6 395.3 404 411.2 417.3 421.8 428.1 431 433.7 439.3 443.2 447.9 452.8 457.7 466.4 473.4 481.9 497.2 507.2 519.5 532.2 540.5 552.6 560.1 571.2 585.2 597.7 612.1 624.8 643 663.8 679.5 691 703.3 708.8 715.5 721.1 728.5 732.7 735.6 733.9 726.2 698.8 660.8 624.7 597 571.1 550.8 535.8 522.2 514.7 502.3 495.1 493.6 488.5 487.2 488.1 487
583.1 590.5 593.8 599.4 601.3 602.6 600.7 596.2 584.6 572.4 561.7 541.9 518.6 490.6 462.1 440.8 426.4 412.7 399.9 393.8 393.8 398.9 405.3 412.7 421.1 423.6 430.2 433.5 435.8 439.5 443.9 450.6 457.2 467.2 475.1 486.3 497.1 510 523 536.4 544.7 552 563.8 577.4 590.6 606.2 621.4 632.5 646.1 667 682.7 698.2 711.5 722.8 728 732.7 734.5 737.9 740.8 738.4 733.5 719.8 692.8 663.4 611.5 586.2 566.2 546 531.7 516.7 510 499.6 496.6 493.4 490.7 490 490.6 490.5
582.1 588.5 592.5 596.5 598.4 600.6 598 592.5 587 576.9 552.6 531.4 506.9 481.8 459.8 439.3 418.8 404.9 394.9 393.4 394.5 404 408.1 412 421.1 427 433.5 437.2 439.1 442.5 449 457 466.6 475.2 486.5 499.6 511.2 525.8 539.1 552.5 556.3 568 577.5 591.2 608.7 628.4 637.9 648.7 667.6 681.7 696.2 712.7 726.1 736.5 741.6 744.7 746.5 747.9 746.9 741.8 729.2 705.7 672.8 636.6 604.9 581.6 558.9 543.2 526.4 515.6 507.8 502.1 496.7 494.5 491.4 493.6 495.6 497.7
581.2 587.1 591.5 595.3 596.8 596.9 593.7 588.8 581.1 567 545.1 518.5 491.6 473 452.6 433.6 413.9 398.2 392 393.8 396.5 404.7 408.7 417.7 423.1 428.9 436 440.3 446.2 450.4 458.8 467.2 477 488.1 501.5 512.3 524 541.6 552.4 563.7 573.9 585.8 597.2 610.3 625.9 644.2 656.2 666.8 681.3 694.3 707.9 721.4 733.1 743.1 749.3 753.9 756.1 753.3 751.5 743.5 721.6 688.9 665.3 627.6 602.1 576.9 555 536.8 525.8 514.3 510.1 503.6 498.8 497.7 494.7 498.7 499.7 499
582.4 586.9 590.9 594.5 595.9 594.3 591.6 587.3 585.8 566.4 540.3 518.5 483.1 457.4 441.1 426.9 404.5 392 392.3 394.2 399.1 406.7 413 418.7 425.3 431.5 438.7 443.7 452.1 460.3 469 479.8 491.1 502.9 513.4 528.2 540.8 552.4 564.9 576.9 588.9 603.7 617.2 632.1 645.6 655.9 666.8 681 692.3 705.6 718.3 729.7 742.3 751.8 756.5 760.6 760.6 758.4 749 735.8 711.9 683.9 647.5 621.9 593.9 576.6 554.7 535.3 522.2 518.1 511.3 504.6 498.8 499.2 502.3 503.5 504.7 507.7
582.3 586.6 591.5 595.3 594.9 594.3 589.1 586.2 586.7 565.4 534.9 504.3 477.5 454.1 432.7 413.5 400.6 393.8 392.7 395.1 401.6 409.4 416 421.7 431.4 434.5 442 451.6 459.2 470.6 481.2 492.3 504.6 514.9 530 544.5 555.2 567.1 579.1 592.4 606.1 622 636.7 648.8 661.5 670.4 681.7 692.4 703.6 714.5 726.1 738.3 747.6 757.7 762.8 764.2 764.8 760.7 748.5 721.8 691.4 666.1 640.4 617.1 593.1 571.5 548.7 531.4 525.2 521.2 510.8 503.2 502.5 502.7 504.8 507.8 509.7 511.8
583.4 585.4 589.7 596.4 593 589.8 588.6 586 578.7 557.6 525.5 493 466.6 444.2 426.3 407.6 395.6 391.1 393.4 396.9 400.7 411.2 415.7 420.6 427.9 444.7 451.8 459.5 469.9 480.6 493.1 506 516.8 531.6 543 554.5 567.2 579.6 592.9 608 624.5 639.1 655.6 666.7 672.5 684.9 694 704.6 714.1 725.1 736.5 745.9 753.7 760.3 765.2 767.3 766.5 757.6 736.3 705.1 680.5 660.9 630.5 603.4 581.5 562.8 542.8 533.8 522.4 514.1 507.9 503.8 505.6 508.7 512.3 515 516.8 519.2
578.1 584.2 588.2 590.6 592.2 589.2 587.7 587.2 570 557.1 512.7 487 454.7 430.8 413.6 400.3 392.3 390.1 394.8 398.2 404.1 410.9 424.4 425.5 436.8 446.3 459.3 472.8 481.2 493.5 506.8 519.6 530.4 544.5 554.7 565.4 578.2 592.3 606.1 620.2 639.7 653.2 663.7 673.9 688.5 696.1 706.8 715.5 726.2 735.7 744.9 752.5 759.4 765.9 767.9 766.7 762.8 752.5 726.6 697.1 670.2 648.4 619.8 591.1 570.7 552.7 543.4 529.5 522.2 515.1 512.8 511.7 511.8 516.3 516.4 521.3 525.9 528.4
577.4 585.3 586.6 586.2 590.1 585.9 586.5 585.7 565.1 526.5 497.2 466.9 440.7 426.9 408.8 393.7 389.7 389.3 394.2 398.5 407.9 414.7 426.4 435.2 445.2 454.6 468.1 481.8 496.6 505.8 518.9 531.3 547.5 554.5 566.6 577.6 593.5 607.5 621.9 637.4 652.6 663.5 674.4 685.2 697.6 710.2 717.6 727.8 737.4 745.7 754.4 761.2 767.8 773 771 766.9 757.7 736.9 715.1 687.3 661.3 634.3 603.7 580.8 562.6 548.7 535 526.5 523.8 516.1 510.1 516.7 519 520.8 525.5 530.8 534 539.1
575.9 581.5 591.5 588.1 585.9 584.5 584.1 578.8 558.6 513.4 481.1 450.5 431.2 410 394.9 389.5 388 389.6 395.1 400.7 409.9 419.1 428.4 443.4 455.4 469.9 480.8 495.8 508.5 519.3 533.9 543.8 552.7 564.3 577.3 594.1 607.7 620.2 637.4 653.1 664.7 679.2 691.2 701.2 711.5 722 733.1 741.5 748.3 758.3 765.9 771.4 775.1 775.1 771.6 764.4 750.9 731.1 697.5 672.6 644.6 614.6 594.3 575.7 556.1 544.2 534.6 530.5 523.5 514.4 517.1 522.8 526.5 531.6 535.6 541.3 546.6 549.5
575.4 581.1 586.6 588.9 586.7 584.3 580.3 559.7 533.9 501.8 469 439.5 417.5 402 389.8 387.6 388 389.8 398.3 406.2 414.8 424.6 437.8 450.9 466.7 480.6 495.1 509.4 518.4 534.1 543.8 551.4 563.1 578.1 590.4 608.5 622.8 637.2 653.9 664.8 678.3 692.5 700.7 714.1 723.5 735.5 745 753.6 763.2 769.7 774.7 777.7 778 775.7 768.6 757.9 742.2 720.3 686.9 659.2 630.6 603.8 586.4 567.4 551.8 539.9 533.1 526.2 519 522.7 527.8 533.5 537.4 541.8 547.2 553.4 558.9 560.1
574.1 578.1 579.8 580.8 580.3 580 565.7 546.5 514.1 489.3 463.5 431.8 405.5 395.6 388 386.8 391.6 393.9 400.4 409.5 420.6 433.4 450.2 463.2 478 496.7 512.2 525.1 534.2 540.2 553 566.1 576 590.6 607.5 623 638.3 653.8 665.6 679.6 692.9 704.8 716.5 722.1 736.4 749.6 756.3 766.8 775.3 779.2 781.5 781.5 779.8 774.2 764.7 751.7 730.2 704.1 677 641 616.7 593.3 576.5 560.2 547.4 537.7 528.9 522.5 527 532 537.7 541.2 545.4 553.2 560.7 567.1 572.1 573.5
570.7 576.3 578.4 576 575 568 549.3 522.3 498.6 471.8 441.2 417.8 397.1 386.1 388.6 388.8 394.9 400 407 416.5 430.4 447.7 459.6 477.4 492.1 511.3 524.1 533.5 544.3 555.5 571.1 577.7 590.9 605.6 621.3 640.8 653.7 664.9 679.6 693.3 706.7 718.9 731.7 744.1 753.4 764.7 772 778.9 783.8 786.2 785.9 783.4 777.5 767.6 755 737.4 713.5 688.4 656.5 630.3 603.4 585.2 569.3 554 542.7 534.1 529.1 529.8 532.4 537.7 544.2 552 557.9 567.3 575.7 579.6 583.1 584.8
569 571.8 569.1 568.7 565.2 549.3 528.1 507 480.5 451.6 427.1 403.5 389.2 384 386.5 391.7 400.1 404.9 416 429.8 447.1 457.3 474.1 493.7 512.9 523.7 535 544.9 560.5 574.8 583.8 595.6 606.5 622.4 637.2 652.1 665.2 678.5 692.2 706.7 719.3 729 745.3 756.2 772.2 781.5 785.2 791.4 793.8 790.9 788 782.2 773 760.2 743.6 724.4 705.7 679.5 644.8 619.9 596.6 575.1 557.5 542.9 533.9 531.7 530.5 529.2 535.6 545 553.8 562.4 569.1 576.9 584.5 590.4 596 598.2
569.4 574.8 566.5 560.4 547.4 526.2 504.6 484.4 461.3 435.8 410.9 394.2 383.5 383.3 388 395.1 406.7 415.5 428.2 447.4 461.5 478.7 492.7 511.1 526.6 540 552.1 565.9 579 592.2 598.4 609.8 623.3 637.5 654.8 665 677.7 690.2 706.2 716.4 732.5 744.8 761 775.8 787.1 791.6 798.4 799.4 796.7 793 786.6 778.7 765.4 749.3 730.9 711.3 691.3 666.2 630.8 603.9 582.7 565.4 549.9 538.6 534.4 534.1 530.4 535.8 545.7 555.1 563.7 572.1 584 589.9 597.6 605.8 610 614
567.5 567.2 555.5 550.1 526 506.6 483.6 463.6 440 416.6 397.7 386.5 383.1 390.2 393.5 402.5 415.4 428.8 446 461.1 477.3 495.6 517.4 528.2 542.2 556.2 570.4 583.3 596.6 606.8 613.3 623 637.9 653.8 665.8 678.1 690.1 705.3 719.9 731.3 744.7 760.4 775.6 789.4 797.7 802.6 804.7 801.1 797.5 792.4 784.8 772.9 756.1 739.9 722.4 700.2 667.2 643.9 618.2 594.5 575.2 559.4 548.4 541.8 537.9 533.8 535 544.4 558.7 565.2 572.6 581.6 591.2 600.2 610.3 617.7 623.7 632.3
562.6 557.3 546.4 531.2 508.7 485.5 463.4 441.5 418.7 400.6 390.6 381.2 386.7 392.4 400.1 409.7 425.4 446.5 457.5 477.6 495.4 518 531 548.1 560.5 579.1 593.7 602.6 612.7 620.5 630.3 638.4 651.6 663.2 675.8 688.1 704.4 717.1 730.7 741.8 759.9 775 789.2 800.5 805.4 806.1 805 802.1 795.4 790.1 779.6 767.9 753.3 739.6 724.2 699.5 668.1 637.9 610.8 589.5 571.2 558.4 548.2 542.6 542.2 544 549.5 560.1 568.1 575.7 581.9 592.6 601.7 610.7 623 633.1 643.3 653.5
558.8 546.3 535.5 515.4 488.7 465.8 440.6 421.6 400.9 388.2 380.8 380.2 386.2 394.6 411.2 421.1 437.3 458.8 475.1 492.5 510.2 528.6 546.8 564.8 586.3 602.4 611.3 620.8 630.4 635 646.1 656.4 664 671.7 682.6 698.3 713.8 726.4 740.8 754.1 770.9 784.9 801.7 807.4 810.5 808.8 807.8 802 795.3 789.1 778.3 766.3 751.7 734.4 715.4 689.6 662.2 633.2 610 586.9 566 554.9 548.7 545.3 548.6 553.8 561.6 570.6 577.7 586.1 594.8 603.4 611.2 626.8 640.6 650.2 668.3 677.5
541.2 527 511.8 489.4 462.3 441.9 422.8 402.4 387.5 384.5 378.4 380.6 388.3 401.6 418.2 432.9 453.9 471.7 491.7 511 525.7 547.3 566.1 589.3 607.5 618.1 628.9 636.3 642.4 650.6 664 667.8 676.2 681.6 694.4 707.8 722.1 735.5 749.5 764.6 779.3 794 804.5 810.7 814.3 813.6 811.6 803.9 796.2 786.5 775.5 763.4 747.2 729.6 705.9 684.2 659.2 629.1 605.4 585 567.7 560.7 558.9 561.6 565.8 568.4 571.9 579.4 586.3 593.7 604.3 616 631.7 644.1 657.2 674.5 690.4 705.4
528.2 506.9 483.1 460.7 441.2 417.8 401.2 386.7 379.3 377.4 380.3 385.2 395.5 411.7 428.5 446.3 466.8 490.5 510.4 527.8 546.7 564.5 587.8 604.4 619.6 630.9 645.6 655.9 665.4 670.1 675.6 680.6 687.1 695.4 707 718.8 732.1 744.8 758.2 772.9 786.8 800.8 809.7 816.7 820 821.2 816.3 806.6 797.4 784.4 771.8 759.6 738.5 723.7 702.9 678.6 651.8 626.5 604.8 587.5 579.1 573.9 578.6 579.1 575.2 578.6 581.3 585.1 594.8 606.7 621 636 652.7 667.9 684.1 702 721.1 735.8
500.6 482.4 454.9 432.8 415.9 396.6 386 379 375.7 377.7 383 395.7 407.7 424.1 444.3 464.9 483.3 508.4 532.3 548.8 562.6 584.1 609 628.4 648.1 661.5 664.3 671.6 682.8 688.7 690.8 695.2 699 708 719.8 731.1 741.6 757.5 768 782 794.7 805.6 814.3 821.3 824.8 822.4 815.7 806 794.6 779.9 769.7 752.2 736.7 719.4 696 673 648.1 626.8 612.7 601.7 597.4 590.3 587.6 583.7 582 583.7 589.5 598 607.6 625.8 640.8 657.8 675.2 694.2 712.6 732.2 746.7 757.6
475.4 453.4 434 412.7 395.5 380.2 373.2 374.5 378.1 383.3 395.3 409.9 424.8 443.2 464.9 485.6 505.6 525.8 545.7 563.6 584.6 613.3 628.1 649 665.5 675.7 681.1 688.9 695.8 702.2 706.3 708.4 711.7 722.4 734.8 744.1 756.2 768.2 778.6 791.1 804 812.2 818.9 826 828.3 823.4 815.8 805.4 792.1 777.3 764.5 749.7 732.6 714.6 693.5 670.8 652.4 635 622.8 615.9 607.1 598.3 593.1 588.8 592.1 598.3 604 613.2 627.2 639.9 660.8 684.7 703.7 729.2 754.2 767.1 777.7 787.2
