public/OST50/NN36.asc
ncols 200
nrows 200
xllcorner 230000
yllcorner 760000
cellsize 50
[rows 0 to 34 of 200, columns 0 to 77 of 200]
310.3 316.7 324.7 327 335.5 339.5 344.7 352.4 359.9 367.8 381.2 396.8 413 415.1 414.9 425.8 424.5 416.9 414.1 400.6 385 378.7 377.2 378.7 370.6 373.1 369.2 369 365.3 357.7 357.4 353.3 356.2 354.4 344 332.6 324.4 303.8 276.4 263.1 252.5 236.7 236.7 236.7 236.7 236.7 236.7 236.7 236.7 236.7 236.7 236.7 236.7 236.7 236.7 236.7 236.7 236.7 236.7 236.7 236.7 236.7 236.7 236.7 252.3 264.3 275.3 291.4 306.2 328.3 346.4 362.4 384.2 410.4 437 465.8 484.3 503.1
306.1 308.8 312.9 314.3 320.3 323.1 327.5 334 343.8 351.7 359.5 369.9 377 386.9 390.8 391.4 387.5 376.3 379.3 379.8 363.2 364 373.1 362.2 355.5 359.4 352.6 352.1 348.1 340.2 341.9 342.5 337.3 334.3 330.5 315 302.6 283.9 263.9 243.6 236.7 236.7 236.7 236.7 236.7 236.7 236.7 236.7 236.7 236.7 236.7 236.7 236.7 236.7 236.7 236.7 236.7 236.7 236.7 236.7 236.7 236.7 236.7 236.7 258.5 270.4 287.8 300 318 332.2 352.3 375.5 398.4 426.9 457 471.8 492.5 514
296.2 304.7 308 305.5 307.3 311.4 317.3 323.7 330.9 337 343.8 351.9 360.7 367.3 367.1 362.5 361 353 354.5 355 347.5 355.1 352.7 344.1 344 348.1 343.5 342.6 339.2 330.9 332.8 330.6 323.1 313 313.9 303.1 290.1 265.2 236.7 236.7 236.7 236.7 236.7 236.7 236.7 236.7 236.7 236.7 236.7 236.7 236.7 236.7 236.7 236.7 236.7 236.7 236.7 236.7 236.7 236.7 236.7 236.7 236.7 253 264 276.6 294.2 312.9 327 341.5 363.4 385.2 416.9 445.3 466.6 485 505.7 522.9
292.5 293.2 303.1 301.4 300 301.5 307.2 313.8 320.1 326.8 334.3 343.4 353 367 368 350.6 340.5 331.8 330.8 333.5 331.8 336.4 334 333.5 332.1 329.9 330.3 331.4 329.6 318.2 320.4 316.8 307.1 296.4 300.2 299 278.5 246.9 236.7 236.7 236.7 236.7 236.7 236.7 236.7 236.7 236.7 236.7 236.7 236.7 236.7 236.7 236.7 236.7 236.7 236.7 236.7 236.7 236.7 236.7 236.7 236.7 236.7 261.9 274.1 288 302.9 314 331.1 352.3 374.3 393.9 422.2 449.1 478.4 491.9 515 529.9
292.4 289.8 292.8 295.3 290.9 292.7 297.1 302.9 309.3 316.6 325.6 333.4 342.2 357.7 354.1 337 328 312.4 311.3 312.9 314.7 315.8 318 317.5 318.6 317.9 314.7 317 317 310 305.1 304 287.7 286.1 285.7 270.8 254.3 236.7 236.7 236.7 236.7 236.7 236.7 236.7 236.7 236.7 236.7 236.7 236.7 236.7 236.7 236.7 236.7 236.7 236.7 236.7 236.7 236.7 236.7 236.7 236.7 236.7 257.5 271.1 284.8 299.3 305.8 322.7 345.2 363.7 381.2 408.4 442.4 464.9 484 500.6 517.5 541.4
291.2 289.2 290.3 289.4 288.1 288.3 287.4 291.2 302 307.8 317.2 322.1 329.3 335 333.2 325.7 306.1 299.2 296.6 296.2 297.7 303.7 303.6 302.4 303.3 304.5 301.3 302.3 298.3 291.8 293.2 284.4 281.9 274 255.9 236.7 236.7 236.7 236.7 236.7 236.7 236.7 236.7 236.7 236.7 236.7 236.7 236.7 236.7 236.7 236.7 236.7 236.7 236.7 236.7 236.7 236.7 236.7 236.7 236.7 236.7 251.2 263.4 282.3 291.3 300.2 311.2 330.5 354.2 376.3 397.4 428.1 448.4 469.1 493.9 505.4 526.3 547.7
293 290.2 288 288.2 287.6 286.5 286.5 285.6 292 297.6 305 313.7 316.1 319.9 320.6 309.8 292.7 284.3 285.3 282.7 286.7 287.6 289.2 290.3 290.2 286.8 287.5 279.4 279.4 269.7 271 270.9 273.4 262.5 236.7 236.7 236.7 236.7 236.7 236.7 236.7 236.7 236.7 236.7 236.7 236.7 236.7 236.7 236.7 236.7 236.7 236.7 236.7 236.7 236.7 236.7 236.7 236.7 236.7 236.7 236.7 260.5 271.7 280.8 291.1 305.5 319.5 338.8 363.5 393 414.3 437.9 455.4 474.4 499.1 512.3 533.9 551.6
310.1 304.5 301.8 297.1 290.1 292 288.7 286.8 284.9 291.2 298.3 306.6 309 308.8 315.8 291.2 281.8 276.3 273.4 270.2 270 273.6 274.7 277.1 272.6 272.7 267 264 258.9 259.1 256.1 256.3 257.5 236.7 236.7 236.7 236.7 236.7 236.7 236.7 236.7 236.7 236.7 236.7 236.7 236.7 236.7 236.7 236.7 236.7 236.7 236.7 236.7 236.7 236.7 236.7 236.7 236.7 236.7 236.7 254.5 262.5 271.7 284.5 299.6 313.6 331 351 374.6 399.6 418.1 440.6 461.3 482.1 505 520.1 532.9 550.6
325.3 322.1 318.6 310.7 308.7 309.8 304.9 300.4 289.2 285.4 286.9 294.4 297.9 289 282.9 277.8 272.2 273.1 269.1 263.8 261.9 260.5 262.2 260.7 260.7 257.8 254.9 251.4 246.2 253.7 236.7 236.7 236.7 236.7 236.7 236.7 236.7 236.7 236.7 236.7 236.7 236.7 236.7 236.7 236.7 236.7 236.7 236.7 236.7 236.7 236.7 236.7 236.7 236.7 236.7 236.7 236.7 236.7 236.7 236.7 258.4 264.4 274.8 290.3 306.8 323.2 341 362 384.8 403 429.4 454.2 477.8 490.7 505.7 521.8 543.8 560.2
346.6 340.7 338.5 337.9 335 332.7 326.8 320.1 305.1 296.3 289.4 285.8 288.7 285.4 254.8 269.1 266.7 263.6 263.1 260.8 258.1 254.6 251.7 251.1 244.2 236.7 236.7 236.7 236.7 241.7 253.3 236.7 236.7 236.7 236.7 236.7 236.7 236.7 236.7 236.7 236.7 236.7 236.7 236.7 236.7 236.7 236.7 236.7 236.7 236.7 236.7 236.7 236.7 236.7 236.7 236.7 236.7 236.7 236.7 254.2 261.1 271.7 282.1 295.9 312.2 329.1 353.4 378.3 393.1 412.3 437 456.6 477.3 492.3 509.2 530.5 550.5 562.3
377.1 371.9 370.2 369 367 363 354.8 337.4 327.4 317.8 303.3 293.8 277.3 286.5 269.1 268.9 261.4 262 266.9 265.7 257.7 254.9 251.6 236.7 236.7 236.7 236.7 236.7 236.7 236.7 236.7 236.7 236.7 236.7 236.7 236.7 236.7 236.7 236.7 236.7 236.7 236.7 236.7 236.7 236.7 236.7 236.7 236.7 236.7 236.7 236.7 236.7 236.7 236.7 236.7 236.7 236.7 236.7 240.8 254.3 263.1 274.6 291 304.7 321.6 339.8 361.2 382.7 404.5 424.6 451.2 462.4 483.3 501.6 515.5 531.7 549.2 561.9
423.1 403.6 408.8 407.2 411.6 393.2 375.2 352 338.5 328.5 313.8 311.2 273.5 269.8 266 258.3 259.2 263.4 267 264.9 260.5 258.9 259 236.7 236.7 236.7 236.7 236.7 236.7 236.7 236.7 236.7 236.7 236.7 236.7 236.7 236.7 236.7 236.7 236.7 236.7 236.7 236.7 236.7 236.7 236.7 236.7 236.7 236.7 236.7 236.7 236.7 236.7 236.7 236.7 236.7 236.7 236.7 238.6 257.9 271 284 298 315.1 334.8 355.6 377.4 399 421.8 434 454 473.6 494.5 505.9 520.3 536.4 554.6 570.5
468.4 444.4 428.9 441.8 439.9 415.8 391.5 368.7 354.6 340.2 323.5 310.3 293.6 276.5 263.6 249.9 256.7 255.1 256.6 257.6 258 255.7 249.6 236.7 236.7 236.7 236.7 236.7 236.7 236.7 236.7 236.7 236.7 236.7 236.7 236.7 236.7 236.7 236.7 236.7 236.7 236.7 236.7 236.7 236.7 236.7 236.7 236.7 236.7 236.7 236.7 236.7 236.7 236.7 236.7 236.7 236.7 236.7 252.9 264.9 278.9 293.5 310.7 325.5 347.5 369.5 392.2 410.2 424.7 452.1 457.5 479.5 497.8 516.5 530.2 542.9 560 571.8
488.3 479.1 460.2 467.4 470.6 454.8 412.9 385.8 375.8 359.5 333.9 315.3 286.9 275.6 266.6 257.6 257 246 251 253.9 252.9 236.7 236.7 236.7 236.7 236.7 236.7 236.7 236.7 236.7 236.7 236.7 236.7 236.7 236.7 236.7 236.7 236.7 236.7 236.7 236.7 236.7 236.7 236.7 236.7 236.7 236.7 236.7 236.7 236.7 236.7 236.7 236.7 236.7 236.7 236.7 236.7 252.8 260.2 268.3 283.9 301.9 321.7 339.3 358.7 379.9 400.1 414.1 432.2 451.1 463.9 483.4 505.9 514.4 530.5 545.6 557.1 571.5
518.4 501 499.4 498.9 506.2 475.7 457.9 399 392.9 381.2 359 341.1 287.1 272.1 264.2 259.6 236.7 236.7 236.7 236.7 236.7 236.7 249.2 252.6 236.7 236.7 236.7 236.7 236.7 236.7 236.7 236.7 236.7 236.7 236.7 236.7 236.7 236.7 236.7 236.7 236.7 236.7 236.7 236.7 236.7 236.7 236.7 236.7 236.7 236.7 236.7 236.7 236.7 236.7 236.7 236.7 236.7 255.6 266.4 282 292.2 311.1 328.4 352 371.4 385.7 402.4 419 437.7 454 472.2 487.4 503.7 518.1 534.7 544.3 559.1 577.7
553.9 545.4 534.2 525.3 531.5 517.1 499.8 446.4 412.5 404.6 376.5 336.9 298.8 274.8 260.3 258.3 250.4 236.7 236.7 236.7 236.7 236.7 252.3 251.9 247.5 236.7 236.7 236.7 236.7 236.7 236.7 236.7 236.7 236.7 236.7 236.7 236.7 236.7 236.7 236.7 236.7 236.7 236.7 236.7 236.7 236.7 236.7 236.7 236.7 236.7 236.7 236.7 236.7 236.7 236.7 236.7 252.6 260.4 274.1 284.5 299.2 319.2 342.7 357.3 371.2 389.6 407 424.4 443.2 459.6 474.4 487.5 503.5 522.9 535.1 554.5 567.1 582.8
584.3 581.5 573.2 564.1 553.6 557 528.7 486.5 442.7 397.6 360.7 325.6 295.1 278.5 264.4 257.4 247.2 236.7 236.7 236.7 236.7 250.7 252 252.3 251.7 236.7 236.7 236.7 236.7 236.7 236.7 236.7 236.7 236.7 236.7 236.7 236.7 236.7 236.7 236.7 236.7 236.7 236.7 236.7 236.7 236.7 236.7 236.7 236.7 236.7 236.7 236.7 236.7 236.7 249.1 248.9 258.3 267.3 279.4 292.9 311.4 325.6 344.9 360.7 378.5 394.8 411.7 431.1 445.2 461.6 477.1 493.5 510.2 526.4 539.8 554.7 567.1 584.2
612.8 611.3 601 578 561.9 550.5 499.9 453.5 414.1 374.8 331.9 311.8 285.7 270.2 263.9 259.9 252.7 236.7 236.7 236.7 236.7 236.7 243.7 254.6 236.7 236.7 236.7 236.7 236.7 236.7 236.7 236.7 258.3 236.7 236.7 236.7 236.7 236.7 236.7 236.7 236.7 236.7 236.7 236.7 236.7 236.7 236.7 236.7 236.7 236.7 236.7 236.7 236.7 236.7 253.6 252.6 259.3 273.5 287.7 302.9 314.8 330.1 347.8 365.2 382.9 399.6 417.9 431.9 451.3 467.8 483.8 496.9 513.4 527.7 540.6 556 574.3 590.5
618.3 614.3 602.5 574 547 512.8 471.4 427.7 379.3 345.5 321.2 295.3 274.7 264.4 261.9 258.3 256.4 256.2 236.7 236.7 236.7 236.7 236.7 236.7 236.7 236.7 236.7 236.7 236.7 236.7 255.6 258.9 252.1 236.7 241 236.7 236.7 236.7 236.7 236.7 236.7 236.7 236.7 236.7 236.7 236.7 236.7 236.7 236.7 236.7 236.7 236.7 254.1 255.9 255.6 258.5 271.3 286 293.5 302.5 319.4 335.6 353.7 371 386 408.3 423 436.9 457.4 471.1 484.6 495.6 509.7 528.3 541 560.8 578.8 585.8
615.4 609.4 579.5 554.2 518 474.9 438.8 395.4 355.7 330.3 306 281.1 269.3 263.6 259.6 260 262 253.6 236.7 236.7 236.7 236.7 236.7 236.7 236.7 236.7 236.7 236.7 252.4 260.4 276.1 265.8 254 250.2 244.8 236.7 236.7 236.7 236.7 236.7 236.7 236.7 236.7 236.7 236.7 236.7 236.7 236.7 236.7 236.7 252.3 257.1 258.4 260 261.7 266.6 281.9 287.6 294.4 305.3 323.7 342.5 358.5 375 392.6 412.5 426.9 444 458.3 471.7 489.4 499.9 512.4 525 540.8 563.2 575 587.4
611.2 596.3 570.3 527 478.3 453.6 431.8 367 335.8 314 289.9 273.1 263.3 260.2 258.7 260.5 256.7 254.1 253 251.2 236.7 236.7 253.9 256.4 256.5 236.7 236.7 254.2 269.4 281.7 283 272.7 263.3 258.9 254 236.7 236.7 236.7 236.7 236.7 236.7 236.7 236.7 236.7 236.7 236.7 236.7 236.7 236.7 254 258.6 262.2 263.1 266.5 264.6 271.1 281 289.5 298.1 311.7 325.6 344.8 362.9 381.6 401.2 419.8 435 446.3 461.4 477.3 488.9 500 511.2 530 547 559.4 573.7 581.9
595.5 574.2 554.7 512.9 448.2 426.1 400.6 358.7 322.3 302.8 279.8 264.8 260.6 257.9 257.1 257.1 256.3 252.6 256.2 241.5 244.3 256 260.6 259.9 261.2 245.6 258.9 275.8 285.4 283.9 282.6 275.2 273.4 269.4 258.9 239.2 236.7 236.7 236.7 236.7 236.7 236.7 236.7 236.7 236.7 236.7 236.7 236.7 256.7 264.7 268.9 269.2 272.2 273.2 274.2 274.9 283 289.1 299.2 314.6 331.6 347.4 365.4 386.2 407.1 423.4 442.3 455.4 465.5 478.7 486.5 497.9 512.7 532.3 545.1 562.3 574.8 582.1
573.8 556.1 534 489.7 444.4 400 367.2 342.1 312.4 288.2 271.5 261.7 259.8 257.9 255.4 256 258.7 249.4 250.9 252.4 256.1 256.4 259.9 262.6 256.2 267 278.1 286.2 297.6 295.3 289.2 284.9 279.2 272.5 269.7 261.9 253.6 236.7 236.7 236.7 236.7 236.7 236.7 236.7 236.7 236.7 249.6 254.9 265.6 278.7 277.7 275.7 281.5 282.6 279.7 275.5 282 291.6 302.4 318 336.3 352.2 371.1 393.1 408.9 428.4 441 450.3 464 473 484.2 510.9 520.7 545.1 555.6 564.6 570.2 574.7
543.1 532.9 504.7 463.9 404.8 367.6 351.1 318.9 295.5 278 267.2 260.1 258.9 258.5 255.9 247.7 252.7 256.1 259.1 253.5 255.6 256.7 254 260.1 280.6 292.6 304.5 309.2 313.4 308 308.3 303.5 297.6 286.3 282.7 280.4 271.1 256.5 236.7 236.7 236.7 236.7 243.3 252 253.8 258 259.2 261.1 274.8 286.7 282.4 288.4 293.4 292.4 288.2 280.9 282.2 294.9 304.2 323 338 355.8 368.9 389.3 406.1 423.7 436.2 448.9 459.7 474.7 497.1 515.3 538.2 545.8 551.7 558.6 563 568.8
522.2 497.1 470.9 421.7 372.4 340.1 325.7 303.2 284.8 273.1 267.9 262.6 259 260.4 253.2 257.7 256.3 256.5 255.8 258.3 261.8 255.3 261 282.7 297.8 312.9 326 339.9 327.7 328.4 327.5 328.1 313.4 301.3 295.2 289.8 283.4 267.7 255 249.6 236.7 246.3 254.2 257.2 260.9 266.1 268 270.7 282.4 289.7 296.4 300.6 307.3 304.9 296.7 289.3 281.1 294 307.5 326.2 341.7 357.5 369.9 386.6 408.4 420.4 433.6 445 463.4 482.5 500 518.6 531.8 541.6 546.7 552.7 554.2 559
492.1 458.4 436.8 391.8 354.8 310.9 302.6 293 275.2 268 266.6 260.9 252.2 260 258.8 258.3 263.3 265 263.7 261.3 262.2 268.6 279.4 296.8 313.6 331.2 341.7 345.7 345.8 346.8 340.8 337 332 319.5 310.4 305.5 287.6 272.7 263.4 257.4 252.3 236.7 260 266.2 270.5 278.1 280 281.6 290.5 298.4 306.7 312.2 318 322.6 305.8 295.1 292.1 292.6 310.4 326.9 339.5 354.2 371.2 386.2 404.4 415.9 430 441.8 462.6 483.4 508.2 515.7 526.6 534.8 541.7 542.1 545.9 543.9
455.8 435.3 398.9 372.4 333.8 301.3 284.3 273.2 265.9 265.2 256.9 262.5 262.7 262.2 263.1 265.6 268.5 267.5 264.8 267.1 268.8 283.3 297.1 310.4 325.7 339.1 346.5 351 358.2 358.2 357.9 363 352.8 345 326.1 306.3 292.5 286 273.9 264.1 256.8 256.3 265.4 275.1 283 287.6 286.7 293.7 298.2 308.5 316.6 329.3 340.8 331.8 315.3 302.2 296.9 293.9 308 320.3 334.3 350.6 371.4 386 399.6 412.3 424.3 440.7 466.9 487.6 501.2 510.8 521.1 525.8 531.1 531.7 532.2 529.9
430.7 418.6 384.5 349.4 322.2 300 278 265.4 258.7 258.5 259.6 264.8 267 273.5 272.7 275 271.6 271.3 270 271.4 285.4 299.4 311.3 326.2 331.9 351.4 356 362.3 366.8 366.7 371.5 371.4 361.3 352.9 334.5 316.5 303.6 294.4 280.5 266.8 260 264.3 269.5 279.7 295.3 296.6 297.7 308.1 311.4 318.5 328.8 339.5 357 344.9 321.8 308.4 303.2 294.1 305.7 316.8 333.3 351 369.7 382.2 391.4 407.9 423.9 441.3 464 479.1 491.2 500.3 508.2 513.6 517.1 515.9 515.9 515.7
417.8 395.5 362 331.4 315.4 290 267.7 259.2 261.7 261.9 265.5 272.8 276.8 283.3 275.8 277 280.1 278.5 275.6 284.7 299.3 311.3 322.1 336.6 345.2 359.6 365.1 373.8 375.8 374.5 378.9 377.1 364.3 349.3 338.1 334.3 321 311.4 280.7 263 258.8 271.9 276.7 288.8 301.9 305 308.9 326 330.7 332.2 346.6 356.3 368.8 357.5 328.1 318 308.3 301.5 307 319.2 335.7 348.1 362.7 376.9 391.6 406.8 418.7 437.1 455.4 469.6 484.3 489.6 494.1 499.3 504.7 502.3 504.6 504
409.3 383.3 349.3 324.1 303.9 278.9 265.2 260.7 262.3 263.2 269.3 275 284.5 287.6 285.5 287.9 284.4 279.2 286.7 297.2 310.1 319.1 334.3 343.8 353.1 357.3 367.3 376.5 380.8 384 382 374.8 369.9 353.2 345.2 337.2 317.7 293.3 269 260.7 262.8 282.6 285.3 294.7 305.6 312.9 324.7 347 341.8 344.5 358 378.4 377.1 354 334.9 322.2 314.8 309.9 306.4 322 332.6 344.6 360.1 371.2 386.2 403 420.2 438.8 449.4 462.8 471.9 476.1 482.7 487.1 490.2 492.6 491.3 491.9
388.6 365.6 336.4 324.8 297.2 279 267.1 262 263.5 270.3 272.1 280.3 287.3 293.9 295.9 291.7 286.1 288.1 297.6 309.8 319.3 328.3 342.6 346.8 357.2 361 369.8 377.6 385.2 385.3 377.2 372.1 369.7 347.8 336.3 321.1 302.4 277.9 263.7 262.8 266.4 283 288.9 300.1 312 325.2 343.7 350.1 353 365.9 374.6 382 370.5 356.5 340.6 329.9 321.5 315.7 310.4 320.9 330.3 341 352.2 366.1 381.7 402.1 417.1 430.9 441 451.6 463 470.9 471.6 473.4 475.6 478.3 478.8 476.6
366 343.5 338.6 311.7 290.3 276.2 265.6 262.2 269.9 269.5 275.6 283.3 300.1 298.5 299.3 292.1 292.5 300 311.3 322.9 329.2 339.9 343.3 350 355.6 363.1 368.7 380.9 380.1 377.2 372 371.6 355.7 336.8 319.6 306.8 285.7 269 264 264.8 268.2 283 294.8 306.6 322.9 336.6 346.8 355.3 366.2 382.6 405.1 399.9 377.3 358.1 347.1 338.1 328.8 324.2 316.3 317.6 327.3 335.5 345.9 359.7 373.2 391 405.2 416.5 432.3 441.6 449.7 453.7 458.3 461.5 466.4 467.5 464.8 455.4
345.6 336.3 329.6 299.3 287.8 272 264.1 261.1 269 273.1 279.4 292.7 302.3 298 294.8 294.3 300.2 311.7 324.3 331.9 336.5 345 344.3 351.7 360.5 369.4 368.8 376.3 374.6 370.5 369.2 357.4 340.2 321.2 309.3 290.5 277.5 268.7 265 269.5 278.5 292.7 303.5 315.1 328.7 342.4 353.1 366.8 377.3 400.7 406.1 400.1 382.5 371 358.8 350.4 338.3 325.4 319.9 315.7 321.7 332.8 343.1 355 368.2 381.6 394.2 409.7 422 432 434.9 442 447.1 454 454.4 455.1 450.2 447.3
339.4 340.4 319 299.4 282.2 270.2 265.1 261.4 272.9 275.2 284.1 292.6 296.3 296.7 296.3 305 310 320.7 328 333.7 341.8 341.4 351.9 354.6 365.6 364.6 364.9 368 365 360 357 339.7 325.7 308.5 294.4 280 271.6 266.8 268.7 276.4 287.8 300.6 311.5 324.1 333.7 355 377.6 376.5 384.8 400.3 399.7 397.6 384 376.6 371.8 359.7 342.5 332.4 326.2 319.9 321.8 328.5 341.5 349.1 362 375.9 391.8 400.3 411.8 419.6 425.9 435.4 444.2 445.2 442.5 442.5 438.5 432.4
355.9 350 319 299.1 278.6 270.6 265.4 262.6 272.2 278.6 285.5 291.2 292.8 294.8 302.4 309.8 320.6 328 331 340 341.7 345.6 349.9 356.9 362.1 363 361.2 359.7 353.9 347.6 340 326.6 311.2 297.9 285.5 277.3 271.3 270.7 276 284.9 293.8 308.3 319.2 328.9 356.9 373.2 374.5 380.5 389.3 399.5 396.2 393.5 383.7 378.3 371.3 357.7 348.4 341.8 337 328.3 318.1 329.4 335.3 343.9 355.7 368.6 382.3 393.3 403 408.3 418.1 425.7 430.6 431.6 433.1 425.9 423.4 421.5
