public/OST50/NN38.asc
ncols 200
nrows 200
xllcorner 230000
yllcorner 780000
cellsize 50
[rows 35 to 69 of 200, columns 0 to 77 of 200]
194.8 191.8 190.1 182 178.7 191.3 203.8 217.9 239.4 263.2 288.8 316.7 338.6 360 386 398.5 397.1 388.6 387.8 398.1 408.7 420.6 434.3 457.7 482.2 506.4 526 547.5 569.5 595.4 610.2 611.1 614.4 620.1 623.1 631.6 640.8 645.5 642.7 633.2 612.7 591.4 567.3 549.6 530.5 503.4 486 473.8 454.3 452.2 473.4 496 517.5 539.3 562.3 592.3 619.1 636.8 653.3 667.9 680.5 689.8 697.5 703.1 711.6 718.9 724.9 730.9 732.7 740.4 743.5 740.6 739.1 744.4 743.6 743.7 743.3 745.6
195.8 190 188.6 182.6 177.6 187.8 204.9 218.1 238.5 260.8 288.9 315.1 335 359.9 386.4 396.3 392.7 388.2 398.2 415 423.5 442.7 458.5 482.9 508.9 529.6 549.4 571.6 599.1 616.5 621.3 628.1 635.1 640 645 653.6 657.7 654.6 651.2 635.1 613.9 590.7 570.2 552.7 530.4 504.8 488.5 475 453.6 457.8 478.6 500 520.7 543.1 566.3 594.4 617 633.3 648.8 663.1 677.4 685.5 693.7 701.7 709.4 717.4 724.9 729.8 736.9 740.5 738.7 738.5 739.1 736.7 736.9 734.9 733.5 731.4
195.4 190.7 185.6 181.6 179.3 184.8 201.6 217.8 238.5 261.5 287.1 312.6 334.7 357.3 378.5 391 390 392.1 407.6 428.8 440.8 451.8 478.1 505.2 528.4 550.3 568.4 592.2 611.7 625.5 634.5 643.3 650.4 655.4 657.4 662.9 665 661.1 652.4 635.1 612.7 588.5 570.4 553.5 531.1 505.2 491.2 479.5 458 463.6 483.6 504 524.9 546.8 569.9 593.5 613.4 628.6 643.8 658.2 670.9 681.1 690.6 699 705.3 711.1 718.5 726.1 727.3 729 729.3 727.8 727.4 727.5 729.8 727.5 724.7 725
189.9 186 181.6 179 178.2 181.6 200.3 217.7 238 262.2 286.7 307.1 329.7 351 370.6 384 388.1 394.8 413 431 450.3 466.8 497.7 523.3 543.1 561.8 581.4 601.3 617.4 630.3 641.3 651.5 656.6 661.4 665 669.2 671.1 665.7 653.8 633.9 612.1 588.1 570.8 552.6 531.2 507.1 493.6 481.2 465 468.4 488.2 508 529.5 550.7 573.6 593.6 610.8 626.8 641.6 657.2 670.3 678.2 684.5 690.2 695.2 701.9 709.1 714.2 717.2 717.8 717.8 720.4 721.7 720.7 720.4 718.8 718.8 719.3
191.5 185.4 180.6 181.1 179 181.2 200.4 217.2 234.2 257.3 280 300.4 323.5 342.6 366.4 375 383.4 396.4 415.7 441.7 461.6 479.8 510.6 533.3 554.4 571.3 588.6 605 621.7 632.7 645 655.9 661.6 666 671.8 675.3 674.6 666 652.3 633.1 612.9 589.1 569.6 551.6 530.4 507.4 493.2 484.3 476.6 469.7 491.6 512.6 533.7 556.2 576.8 596.9 612.7 627.5 641.4 656.5 669.1 673.9 678.6 681.9 689.5 697.3 704.1 707.5 709.7 711 711.7 714.2 715.3 713.4 714.1 715 715.1 712.6
198.1 192.6 183.9 179.9 178.3 180.5 196.2 210.8 226.5 243.7 258.9 280.6 304.9 332.6 360.8 371.8 382.7 399.5 421.3 447.3 471.9 492 515.9 542.3 562 575.7 590 607.7 625.3 637.3 648.9 660.1 666.9 671.7 675.8 676.3 672 663.6 650.5 632.5 612.6 589.6 571.1 550.8 530.2 507.3 491.3 485.6 472.2 475.8 494.7 515.9 538.4 560.2 580.7 599.4 614.3 629.3 642.3 654.5 664.2 667.5 670.7 678.4 685.8 692.4 697.4 700.7 701.7 702.7 703.6 706.7 706.2 704.7 708.7 711.1 707.1 704.8
197.7 191.9 180 177.9 177.8 182.8 190.5 207.8 225.4 238.9 260.8 286.4 309.4 331.9 355 369 382.1 403 428.1 455 477.6 502.9 524.6 548.2 566.2 578.1 595.6 615.1 631.3 645.1 657.4 664.2 670.9 676 676.8 674.5 669.1 661.5 648.6 631.3 611.6 588.6 568.6 550.9 531.3 509.4 492 485.3 474.4 483.2 498.9 519.7 542.4 564.2 584.3 599.3 614.3 630.1 638.9 649 657 662.1 668.5 673.4 679.2 685.1 689.8 692.6 693.1 693.3 693.7 695.6 693.4 699.2 703.1 700.9 697.2 696.6
194.6 184.3 178.2 176.7 178.4 189.9 199.1 199 211.5 234.5 258 283.1 307.2 329.3 349.6 368.1 385.5 409.4 433.9 456.1 481.8 510.5 532.9 550.5 570.1 586.5 601.5 621.9 637.6 652.5 662.3 668.2 673.6 675.8 674.7 670.3 665.5 657.4 645.6 630.5 610.6 588.5 568.9 550.8 530.7 510.6 492.9 487.8 479.5 488 504.2 524 546.1 565.4 583.3 598.7 615.3 627.1 637 646.1 653.4 656.3 662.7 666.8 672.5 677.7 681.1 678.4 679 680.2 679.4 678.7 684.7 690 688.4 687 685.1 688.9
184.4 178.6 176.9 174.6 178.3 194.3 201.9 211.1 222.1 236.6 256.4 282.5 307.2 329.6 348.1 365.1 385.5 410.7 434.1 456.1 484.2 511.2 533.1 555.7 574.7 590 607.1 625.9 643.5 657.2 663.7 668 670.9 672.4 669.4 665.5 661 653.4 642.7 627.5 607.7 585.8 567.2 549.3 528.5 509.9 495.7 490.8 484.4 493.2 509.6 529.6 549.8 570 586.2 598.7 613.3 624.4 634.3 644.9 649.5 650.4 656.2 661.2 665.6 666.7 663.2 661.4 662 660.9 662.3 666.7 673.1 673.4 671.5 670.7 673.4 677.6
180.4 175.7 175.3 174.7 173.6 192.7 203.5 214.3 224.1 237 249.8 256.9 279.5 309.3 340.9 359.9 380.1 403.2 425.9 449.4 481 508.2 533.8 557.5 577.8 592.9 609 629 644.9 654.8 661.2 664.1 666.7 666.9 664.4 661 656.6 649.5 639.6 624.3 606 584.2 567.7 548 527.8 509.4 498.7 490.9 495.8 503.4 515.5 534.4 552.9 572 587.7 598.3 611.1 620.7 630.7 640.9 641.9 648.2 652.9 657.4 657.6 651 646.9 644.7 647.1 645.5 649.7 654.6 659.4 656.6 656.3 656.9 658.8 662.7
176.7 173.9 173.2 173.6 169.5 193.9 204.5 215.4 227.9 239.7 259.2 282.9 298.1 300.7 316.7 342.5 352 372.3 399.8 430.1 463.6 493.7 520.8 543.3 568.1 592.5 611 631.8 644.2 652.5 658.2 660.7 662.8 661.7 658.5 655 650.5 645 633 619.3 602 583.4 565.7 547.7 527.6 511.6 501.1 494.9 501.6 510.8 522.1 539.4 556.5 573 588.7 597.7 608.4 617.3 624.8 632.8 640.6 645 648.9 650.9 644.8 636.4 630 630.8 631.1 632.7 638.8 643.3 643.1 642.8 641.6 643.1 645.6 649.6
175.7 172.4 171.1 171.6 172.6 198.6 204.5 215.9 228.1 243.8 264.3 285.7 306.6 328.8 339 349.2 351.9 369.9 388 410.2 432.2 458.3 477.9 502.3 537.1 570.7 604 631.3 643.1 649.2 654.3 657.5 657.3 654.4 650.4 647.6 644.8 639.1 627.3 613.5 598.1 580.2 563.5 544.6 531.7 518.5 506.8 498.3 500.4 512.1 525.8 538.2 555.5 573.7 589.9 600.5 610.4 617.6 625.1 632.7 640 641.4 641.7 637 631 622.1 618 616.3 613.5 620 627.2 626.2 625.9 625.2 622 627.9 632.5 634.2
175.1 169.3 170.3 168.7 183.1 198.7 204.7 215.3 228.4 249.9 270.4 290.9 313.4 336.9 356.2 367.5 375.8 376.4 392.9 418.4 444.2 466.1 498 532.4 562.9 591.2 614.7 631.1 641.3 647.6 649.3 650.8 649.3 647.8 645.7 642.9 639.5 632.1 620.6 608 593.1 576.6 560.9 544.4 532 521 511.2 501.8 504.6 515.8 531 546.7 562.3 577.9 591.1 604 611.9 618.8 626.6 631 635.6 633.3 630 624.3 615.9 610 606.3 603.4 593.6 609.6 611 609.1 608.6 607.1 605.8 609.3 613.5 616.5
172.9 169.2 176.6 188.2 191 195.8 206 216.9 233.3 255.6 277 298.1 321.8 347.5 361 378.9 398.8 410.1 416.2 419.5 447.7 472.5 503.3 543 573.7 601.9 619.3 632.1 641.6 644.6 645.2 645 643.9 642.6 640.9 637.6 631.8 624.5 613.8 601.6 589.4 574.9 558.9 543.4 532.3 522.3 513.7 505.7 508.1 519.8 535.1 551.3 567 581 594.9 605.6 613.7 618.2 624 627.6 626.6 622.7 617.5 608.9 602.6 597.2 592.7 587.9 587.1 593.6 593.9 590.3 590 590.3 587.6 588.2 595.2 598.4
169.3 174 184.3 188.2 191.2 198.6 208.9 221 240.1 261.5 283.5 306.6 331.1 353.7 371.2 390.4 410.1 431.1 445.6 447.7 451.7 477.9 503.5 543.6 579.3 605.9 621.4 631.4 638.6 642 641.2 639.8 639.4 638.7 636.3 633 627.4 620.5 609.4 597.1 584.8 572.9 558.6 544.8 533.4 522.9 514.6 508 511.1 523.1 539.7 555.8 571.8 583.3 598.4 606.8 612.4 615.3 619.2 619.9 615.4 610.4 603.3 597.2 590.5 584.9 580.6 577.3 574.7 577.7 575.1 572.3 572.7 572.6 569.6 568.6 574.1 575
164 172 185.6 192 195.9 201.9 215.2 229.8 248.9 269.7 293 316.2 339.2 361.8 382.7 404.9 427.6 450.1 465.9 468.7 474.9 484.9 507.9 539.1 583.8 608.5 622.2 630.5 634.8 637.2 636.6 636.3 635.9 635.2 632.4 629.3 624.1 616.2 605.1 592.8 581.9 569.6 557 543.9 532 523.6 515.9 510.9 515.1 527.3 543.2 558.7 571.8 584.9 600.5 605.8 608.5 609.8 609.8 607.2 602.5 597.9 592.4 585.9 578.2 571.7 566.8 563.8 555.9 557.9 555 555.5 554.9 552 550.4 551.6 555.2 558.7
170.3 183.9 189.8 194.9 198.7 206.1 218.6 236 257.9 278.4 303.8 325.5 347.4 370.2 394.6 420.4 445.3 469.2 490.8 507.1 508.3 509.8 522.7 542.4 590.3 611.5 623 627.9 629.9 632.7 633.1 633.2 633 631.9 628.6 625.5 619.8 610.6 601 590.2 579.4 568 555.9 543.2 532.1 523.9 517.8 513.5 518.6 530.5 543.4 559.4 572.7 585.7 596.8 601.9 602.5 602.7 599.3 595.6 590.5 585.3 580.3 572.2 561.5 556.5 553.2 544.9 539.5 540.5 539.9 540.1 537.6 535.3 533.5 538.8 542.2 545.9
175.1 185.4 192.3 197.5 201.6 211 223.2 243 264.4 290.2 313 335.3 358.1 382.9 409 436.6 464.7 490.2 512.1 527.4 541.2 542.4 556.8 574.7 593.1 615.5 624.7 628.1 628.3 629.4 631.5 631.2 630.7 630.1 626.9 622.1 615.6 606.4 598 587.5 577.1 566.3 557 542.9 531.1 523.6 518.8 516.5 522.2 534.4 549.4 563.1 576.5 589.4 593.3 595.5 594.4 592.4 588.1 582.6 577.7 572.8 564.6 556.7 546.3 541.6 537.3 533.7 528.5 528.1 527.5 524.9 522.6 523.2 522.8 526.8 530.4 534.4
183 188 194.5 198.7 205 215.3 231.8 249.6 273.7 297.1 322.1 346.1 369 394.3 423.4 453.7 481.4 506.5 527 543.9 558 569.2 580.7 593.7 608.4 620 626.9 627.8 628.5 628.7 631 631.3 630.9 629.5 625.4 619.6 613 606.4 596.6 586.1 575.1 564 551.8 540.8 530 522.9 519.9 518.4 525 541.5 555.1 567.2 580.2 585.6 585 587.1 584.3 580.4 575.8 567.5 563.2 557.7 546.4 538.9 531.8 527.6 524.2 521 517.4 516.8 515.5 512.8 512.3 512.9 513.2 518 521.1 523.6
185.9 192.1 197.4 203.9 210.3 221.7 240.6 262.1 283.9 309 330.8 353.9 379.5 405.3 435.7 464.4 493.2 517.9 539 555.6 569.3 582.1 593.3 603.3 613.9 624 626.7 629.3 630 631.4 632.5 631.7 631.4 631 626.4 621.2 616 607.9 595.6 584.4 573.4 563.5 551 538.5 528.8 522.3 519.2 521.3 531.9 546.4 560.3 569.7 575.6 576 572.7 571.8 571.7 567 561.9 553.4 547.3 538.9 529.9 524.9 519.3 515.7 514.2 511.6 507.5 506.3 505 504.6 504 503.4 506.2 508.9 509.8 511.1
186.5 193.2 198.8 207.8 217.2 230.5 249.6 272.7 297 320.4 342.6 364.8 383.3 401.9 433.8 468.8 499 525.8 547.7 565.6 579.4 591.7 601.2 607.6 615.3 621.1 625.2 628.6 632.1 634.9 635 633.9 632.6 631.3 628.2 623.7 619.4 608 593.3 581.9 571.6 559.1 546.7 535.9 526.9 520.8 519 526.3 539.1 552.4 562.2 565.5 567.2 563.8 560.5 559 557.9 552.5 547.1 539 530.7 523.2 518 514.6 511.7 506.7 505 503.4 500 497.6 497.6 497 496.4 496.2 498.6 501.1 502.1 501.5
188.4 193.9 200 208.4 220.1 236.7 257.3 280.1 306 330.1 353 375.7 397.8 424 447 468.8 502.3 531.6 553.7 573.3 588 599.1 607.8 613.7 618.1 622.2 625.9 630 635.1 637.5 637.5 636.5 635.3 634 632.2 628.8 621.7 605.9 592.5 581.5 569.5 555.3 543.4 532.7 524 519.4 519.2 532.6 545.3 555.6 558.4 556.2 553.2 551.3 549.4 546.6 544 538.4 531.3 523.1 517.5 512.7 508.5 504.4 501.4 498.4 496.8 495.2 492.8 491 490 489.4 489.1 490 491 493.4 494.9 493.2
189.1 194.4 202.4 211.8 226.1 241.6 263.7 285 312.9 336.3 359 381.6 410.4 438.5 466.3 488.8 509 534.4 557 578.2 592.3 604.9 613.3 618.3 622.6 626.3 630 635.8 640.8 634.7 636.5 639 637.5 636.4 637.2 632.4 619.6 603.9 591.2 579.7 564.9 550.2 539.4 529.2 521.6 519.4 520 535.6 543.2 547.4 546.3 544.3 541.5 541.5 539.7 534.5 529.8 523.4 516.7 511.5 505.9 505 501.2 496.5 493.5 490.8 489.4 488 485.4 482.2 482.7 482.4 482.5 483.1 484.5 485.8 487.4 486.3
188.8 196.4 205.3 216.5 230.7 248.2 269.7 296.6 320.5 344.3 367.1 391.3 416.3 448.1 478 497.2 518.8 538 559.3 582.3 597.1 610.2 616.7 622 626.5 629.7 635.1 640.8 636.8 632.3 637.6 637.6 638.7 639.8 642.6 632.5 615.9 601.5 589.8 575.2 559.9 545.6 536 526.5 519.5 518.1 520.4 531.2 535.5 535.8 535.4 534.1 530.4 532.1 528.1 522.3 516.5 511 505.9 501.7 500.1 498 493.9 488.9 485.6 483.5 482.4 480.8 478.7 475 472.8 474 476.4 478.1 479.5 480.3 480.7 482.1
191.7 198.6 208.8 220.5 235.1 254.2 276.5 307 331 356.1 381.1 406.9 436.8 462.2 485.3 505.2 522.7 541.4 566.6 585.7 600.4 611.6 618.8 623.8 627.6 631.1 638.6 639.4 629.9 629.4 632.2 634.1 639.7 647.2 644.4 627.8 610.7 597.6 584.6 570 554.8 542.2 531.8 523 516.4 513.8 517.3 523.8 529.3 526.7 527.1 525 521.7 520.5 516.6 510.9 506.7 501.4 496.2 493.4 491 488.9 484.5 479.3 477 477.2 475.3 473.2 470.5 462.4 469.4 469.5 472.5 474.6 476 479.4 484.6 485.5
193.6 200.7 211.6 225.6 241.1 260.4 282.5 315 341.8 367.4 392.2 417.7 445.2 471.1 490.7 509.2 526.7 546.5 568.5 587.3 602.7 613.9 621.3 621.3 622.4 629.8 633 630.6 624.4 626.9 630.4 631.6 644.9 647.7 639.3 623 606.6 594.2 579.5 564.9 549.2 538.7 528.6 520.4 513.2 508.9 512.2 514.9 517.5 516.9 518.5 512.8 509.9 508 505.5 499.4 494.1 489.8 484.9 483.2 480.7 477.1 473 470.4 467.9 469.1 471.1 466.9 459.3 471 475 476.9 477.9 478.3 480.1 483 485.3 485.2
194.4 203.2 216.5 231.1 249.7 269.2 292.1 322.8 349.3 375.1 400.5 428 454.6 475 492.9 511.7 525.8 546.2 566.6 587 601.3 611.9 616.5 618.7 620.3 627.1 631.3 624.5 620.8 622.7 625.4 630.8 641.2 641.4 632.8 617.1 602.3 586.3 572.3 558.8 543.6 534.2 526.9 518.3 507.2 501.3 503.1 506.1 508.7 507.1 504.2 500.6 497.2 494 489.6 483.4 478.4 476.8 470.6 469.8 469.1 466.4 463.5 460.4 460.1 457.5 453.6 454.5 462.6 472.9 477.4 479.9 481.4 482.9 484.3 484.8 486.1 487.8
193.4 203.5 217.9 236.7 255.2 275.6 301 327.1 355.2 380.6 407.2 434.1 456.4 472.3 492.7 509.3 524.1 542.9 562.6 585.1 597 607.5 611.3 612 618.2 624.3 626.5 619.4 618.1 619.7 618.9 627.8 635 634.1 624.6 608 593.6 580.6 567.9 553 539.9 528.7 521 511.8 501.4 494.5 493.1 495.4 497.5 496.4 492.9 489.9 485.9 482.1 474.1 466.3 467.2 465.5 458.5 460.2 459.6 457 454.2 447.6 448.6 452.3 461.6 469.1 473.2 476.1 478.7 482.3 484.6 486.2 487.7 488.7 491.6 494.4
192.1 204.4 220.9 240.1 261.9 288.6 315.6 339.5 360.5 387 412.1 435.4 455 468.5 490 508.8 524.7 541 559.6 578.4 590.9 601.5 609.2 608.6 614.1 620.9 618.4 613.6 611.8 613.7 616.2 625.3 630.1 625.3 614.7 602.9 590.1 576.6 563.4 549.3 535 524.5 514.7 504.1 493.9 486.6 484.4 485.1 485.8 483.4 480.3 478 475.3 470.7 461.9 454.3 454.5 451.9 449.9 450.6 450.2 449 444.7 456.4 461.8 463.6 468.3 474.7 475 479 482.9 485.5 487.6 489.9 494.8 498.5 500.6 502.6
194.8 206.5 221.4 241.8 266.3 295 322.6 347 367.8 391.4 414.9 435.2 451.7 466 490.5 511.4 526.3 542.6 562 575 586.6 594.4 602.6 601.6 609.7 614.6 610.2 608.3 607.2 609 612.5 620.5 622.8 618.7 609.7 599.6 586.2 572.4 560.6 545.7 531.8 518.1 507.3 496.7 486.6 479 474.8 475 473.3 470.8 466.3 462.9 462.1 458.7 451.9 444.8 441.6 441.1 440.3 439.1 434.5 440.2 445.6 461.5 467.7 473.3 476.6 476.6 476.6 481.8 487.7 492.2 497.9 502.6 504.3 505.8 509.4 513.4
195.9 207.9 228.4 245.7 267.8 300.6 325.7 349.5 370.4 391.8 414.9 429.5 448 465.3 493.6 510.3 525.4 543.3 561.8 572.5 581.3 590.8 594.8 597.1 604.2 605.4 605.4 604.2 603.4 603.5 610.2 618.2 618.8 613.1 606.6 595.5 581.8 572.2 556.4 541.8 527.8 513.4 501.4 490.4 481 472.2 467.7 465.3 460.1 455.6 450.2 447.3 447.3 447.1 442 435.1 427.4 420.1 435.2 444.6 448.4 449.5 457.6 468.4 476.8 480.5 478.8 478.4 478.4 485.8 494.6 503.4 509.5 512.5 514 516.9 520.5 522.8
197.5 210.5 231 250.4 271.3 300.5 324.7 349.1 368.9 390.7 412.6 427.5 444.9 461 489.2 507.4 523.3 544 557.9 566.2 575.2 585 590.6 593.8 597.2 598.8 600.9 600.5 601 599 606.5 613.3 612.3 608.2 603.6 589 581.1 570.2 552.5 539.4 524.5 510.1 497.1 486.2 476.9 467.8 459.6 455.6 451.5 445.3 437.4 432.2 433.9 434.6 431.2 425.9 412.8 430.4 437.8 445.4 449.4 458.1 469.7 481.5 484.8 481.3 478.6 478.8 484.3 495.7 504.7 510.1 514.6 516.5 522.3 525.6 525.8 528.2
208.7 220.9 231.6 250.4 270.6 291.2 316.8 343 367.5 391.4 410.5 427.2 440.6 459.3 485.3 503 520.7 536.4 549 557.6 568.3 575.7 584.3 588.1 591.6 594.4 595.7 593.2 592.9 593.6 602.7 608.5 607.7 602.9 596.5 589.1 580.4 567.1 548.8 534.4 519.8 507.3 494.7 482.6 473.1 464.1 456.5 449.9 444.5 440.8 431.9 423.3 420.5 420.2 416.2 412.8 424.3 431 437.5 445.2 455.6 467.9 480.5 488.9 486.2 480.9 478.4 482.4 489.9 498.5 504.9 512.2 516.3 519.1 525.9 530.8 529.6 534.8
215.5 230.8 244.5 252.7 261.9 277.6 301 329.3 359.5 390.5 407.9 424.6 437.1 456.9 476.9 493.4 511.7 525.3 536.1 545.8 557.5 565.2 573.2 582.9 586.2 589.4 589.9 586.9 585.8 588 600.6 604.9 602.3 599.9 595.4 588.6 577.6 564.4 543 530.2 517.4 504.9 492.4 480 470 462.2 455.2 449.5 441.1 434.8 430 420.7 414.3 410 409.7 409.9 423.3 430.5 439.7 449.1 461.8 474.7 488.1 490.5 486.1 480.8 479 484.6 490.8 497.3 504.1 510.9 515.5 519.8 525.1 529.5 532.3 537.7
221.2 235.8 245.1 252.8 262.8 275.5 291.8 313.5 342.5 374.3 400.8 420.6 435.3 451.1 469.3 485.3 503.8 516.6 526.6 537.1 547.3 555.3 563.7 576.1 581.7 585.7 581.4 578.9 577.7 581.4 595.5 600.1 601.3 600.6 594.9 584.7 573.8 556.5 538.6 527.5 514.8 502.2 489.8 477.9 468.8 463 459.8 454.9 447.6 435.6 422.3 417.3 410.4 405.9 404.3 414.7 422.3 430.6 441.5 449.3 466 485.8 492.6 489.2 482.9 480.1 478.2 482.5 489.7 496.4 503 509.7 514 517.5 521.3 524.4 532.6 535.5
