public/OST50/NN38.asc
ncols 200
nrows 200
xllcorner 230000
yllcorner 780000
cellsize 50
[rows 0 to 34 of 200, columns 78 to 155 of 200]
439.7 459.5 483 509.7 542 574.7 602.7 616.3 621.1 629.1 632.8 629.7 634.4 639.2 644.4 649.2 652.5 667.3 679.2 689.8 698.2 709.9 721.4 719.7 684.5 646.9 609.9 590.9 581 571.4 568.3 551.9 560.6 567.4 571.3 574.6 585 609.3 632.8 648.4 658 658.8 653.7 648.9 644.2 637.5 629.7 621.6 614 603.5 593.8 585 577.2 566.7 554.9 544.4 525.4 507.2 491 473.2 457 440.8 424.1 418.7 413.6 419.4 425.8 437.1 448.9 462.3 475 494.3 511.4 527.1 541.1 556.3 569 579.7
424.7 444 466 489.6 518.1 550.1 583 598.7 609.6 617.7 614.4 613.7 622.5 638.6 642.3 649 660.6 676.2 689.2 702.8 712.4 725.5 739.9 723.6 687.6 647.3 616.2 600.1 591.5 582.2 578.3 562.7 567.5 576.5 580.1 590.2 607.2 633.5 651.7 661.8 663.9 660.9 658.4 652.1 645 639 630.7 622.7 614.7 605.1 595.4 587.6 579.7 571.2 564.3 544.3 524.6 508.1 493.4 475.7 462.2 444.2 427.7 420.9 422.4 414 427.6 437 449.5 460.9 470.9 484.7 504.5 519.9 534 551.6 566.1 578.9
417.8 435.6 454.8 475 498.2 527.5 555.6 579.5 588.9 590.8 589.4 597.6 620.4 635.7 643.3 655.2 671.1 684.8 697.2 712.4 723.5 743.8 755.2 745.3 695.5 655.1 626.9 608.6 601.9 592.8 584.5 571 576.4 586.4 592.1 605.9 629.3 653.1 663 667.6 666.5 663.3 661.1 654.3 645.7 638.8 630.3 621.8 613.9 605.9 596.3 590.6 582.4 570.8 558.1 540.3 525 506.7 492.8 478.1 465.2 448.6 432.8 425.5 424.4 425.6 423.9 439.2 450.8 461.6 469.4 479.3 494.2 510.6 527.9 543.9 560.6 568.6
412.8 428.4 446.5 463.8 484.4 509 532 557.3 566.6 565 571.9 597.1 618.3 635.4 648.3 666.5 682.3 692.1 705.2 721 736.8 749.7 761.7 752.3 706 669.8 641.8 619.1 610.8 602.4 592.7 584.1 585.9 598.7 607.5 627.2 649.2 663.9 668.1 668.9 668.5 664.7 659.5 652 644.3 637.3 628.5 622.2 615.9 607.9 602 592.9 582 569.2 556.6 539 522.3 504 490.8 477 468 454.6 439.2 432.5 429.9 428.1 429.2 433.6 444.5 457.2 465.8 477.3 489.3 506.8 526.7 542 554.9 559.4
424.9 421.7 437 455 472.2 491.5 511.4 530.5 540.8 540.8 571.8 594 616.8 637.2 656.7 673.3 688.9 703.3 715.6 728.5 742.1 753.3 759.6 752.5 723.8 680.3 653.2 632.9 620.6 609.8 600.4 590.5 595.9 608.1 622.2 642.6 664.5 672.4 672.2 670.8 667.4 662.2 656.5 649.4 643.1 636.2 628.8 624.3 619 616.3 605 592 578.3 565.1 550.4 534 517.8 502.3 491.5 480.5 470.7 461.3 446.4 442.4 438.6 436.3 437.5 433.7 441 455 468.2 479.3 493.4 502.2 519.3 533 544 553.5
455 449.2 438.7 448.2 463.5 480.8 496.6 509.8 521.5 549.5 573.2 594.5 618.5 639.4 659.9 677.8 693.1 705.6 717.3 731 743.1 752.5 756.9 756.6 735.7 694.5 662.3 640.6 628.9 617.5 604.9 597.8 603.7 615.1 632.9 655.8 670.8 674.1 672.2 669.9 665.4 659.9 653.9 647.8 641.7 635.6 630.7 628.9 623.9 618.8 603.9 589.2 575.4 564.1 546 530.6 516.8 501.8 493.2 482.9 474.4 464.2 454.4 452.6 448.6 447.5 452.2 451.3 452 450.5 466.8 476.4 486.3 497.7 511.7 524 536 545.5
477 474.5 461.1 456.4 456.9 468.9 483.1 504.3 518.9 540.4 565.3 590.3 618 639.7 664 683.1 701 709.8 724.8 738.7 745.5 748.2 751.1 753.9 741.5 704.5 669.1 647.6 634.5 620.4 610 610.3 614.3 622.9 641.2 661.1 670.4 671.1 669.7 667.2 662.7 657.1 650.2 645 640.5 636 631.3 629.6 621.1 612 598.8 586 573.3 558.3 541.2 526.4 512.5 502.7 494 485.5 478.4 466.8 461.6 463.5 461.2 461.5 461.8 461.2 463 464.1 467.6 473.7 483.8 490.7 504.5 515.8 527.8 535.6
496.2 497.4 487.1 476.6 468.3 470.1 481 496.3 511.3 527.5 554.5 583.5 609.9 636.9 667.9 692.1 707.5 719.2 729.2 737.7 741.9 746.6 750.1 751.1 740.1 714.8 676.7 657 641.1 624.8 625.3 625.7 628.2 639.6 654.9 664.9 669.6 669.8 667.7 663.6 659 652.8 648.2 643.7 639.2 633.6 628.1 623.2 614.5 605.2 593.7 581.8 564.5 549.5 535 522.4 511.8 503.6 495.8 487 478.5 469.6 471.7 471.5 471.4 467.4 467.4 469.4 471.5 472.9 473.1 471.9 477.8 486.3 491.2 503.1 513.6 522.2
524.9 520.8 510.4 497.2 486.5 485.1 483.2 489.1 506.6 522.8 546.2 574.9 604.6 640.5 671.4 693.2 709.8 720.3 728 733.8 738.9 745.3 748.9 747 737.3 709 683.1 669 652.4 636.3 635.6 637.6 641.4 650.7 662.4 665.9 668.2 667.2 663.1 659.3 655.1 650.7 646.4 641.7 636.6 630.2 623.9 616.8 608 598.4 585.7 571.6 554.9 540.4 528.7 520.7 511.8 504.2 497.8 490.6 476.9 476.8 479.6 478.9 475.9 470.7 472.9 475.7 476.8 479.7 479 477.2 476.4 486.7 493.4 499.4 505.9 515
553.4 538 523.8 516.4 500.1 503.2 502.5 505 511.1 528.7 550.2 573.9 605.9 645.3 676.5 694.1 707.7 716.5 724.6 729.7 739.7 742.1 744.5 740.8 726.3 706.3 690.7 675.4 661.7 643.7 646.4 648.3 652.8 660.6 665.8 667.5 667.3 664.8 661 657.1 653.3 648.8 644.3 638.1 631.7 625.8 619.8 611.3 600.4 589.7 575.6 562.1 546.5 534.3 526.2 520.3 512.1 505.5 500.4 489 478.9 482.6 484 483.7 482.1 482.1 481.9 481.5 482.1 485.7 487.2 488.7 483.9 486.6 495.9 502.2 509 510
594.2 568 544.5 523.7 516.6 518.8 522.8 521.8 526.9 540.3 559.8 580.2 608.9 651 687.8 704.7 714.8 720 725.3 729.4 738.7 740.9 736.8 730.7 717.7 705.1 693.2 678.1 666 653.5 653.6 659.3 663 668.4 669.9 669.4 666.3 663.1 659.3 655.1 649.9 644.4 639.1 632.9 626.2 618.8 611 600.8 590.1 579.7 566.3 551.7 540.7 529.9 523.9 519.5 511.8 506 501.1 489.3 484 489.7 489.4 489.1 489.5 491 491.1 490.4 493.1 494.9 496.2 493.8 489.7 486 494.1 508.9 510 515.9
628.7 588.7 563.7 539.9 530.3 535.2 542.7 545.2 544.5 558.8 572.9 590.5 614 650.4 690.9 710.5 719.4 724 727.4 731.6 735 733.2 727.5 718.8 708.8 701.1 687.8 678.1 667.9 661.4 662.2 666.5 671 671.8 670.3 669.1 665.3 660.8 656.4 651.6 645.8 639.6 632 625.5 618.1 610.4 602.9 591.8 580.8 570 557.1 545.4 536.5 530.3 524.7 518.4 510.9 503.7 493.6 490.9 496.4 497.6 497 497.1 499.3 501.2 504 507 509.5 509.3 505.7 501.2 495.5 488.4 492.3 502.8 509.9 516.8
648.9 613.3 577.6 555.3 549.6 548.2 561.2 562.8 561.1 575.3 586.1 601.2 621 650.2 690.5 715.5 723.2 727.3 730.2 732.6 730.6 726.4 718.7 710.5 703.1 698.7 690 682 674.9 669.7 668.6 673.7 676.1 673.7 670.2 668.1 662.9 657.8 652.9 647.7 641.7 634.9 627.2 619.8 611.4 601.8 596.2 585.1 573 561.6 550.7 542.1 535.2 528.4 522.3 515.7 509.6 501.6 497.7 501 504.4 504.3 507.2 509.9 512.5 513.3 517.4 520.8 518 515.8 512.7 508.8 505.4 498.4 490.8 497.5 509 510.7
660.2 640.5 601.2 586.9 570.6 566.9 577 580.3 581.6 585 596.8 613.3 629.6 661.3 694.9 717.5 727 730.9 732.2 730.8 728.8 724.3 718.9 712.3 707.6 700.8 694.2 686.1 681.1 676.9 677.6 680.4 678.5 675.5 671.2 666.7 660.9 654 648.2 643.2 639.6 631.4 622.4 615.1 608.5 599 588.8 578 568.2 557.7 549.6 541.8 534.2 527 522.1 512.1 507.3 501.8 504.7 509.7 513.1 516.9 522.6 525.1 527.3 528.2 528.2 526.5 525.7 521 516.3 512.1 509.2 502.4 495.3 493.1 500 506.3
663.5 649.5 628.3 619.9 598.7 592.4 591.9 593.7 599.9 601.7 609.4 627 646.3 672.3 705.6 724.2 731.8 735.7 736.7 734.9 733.1 728.9 724.9 719.7 713.8 705.6 697.5 693.3 688.7 686.4 684.5 683.3 679.8 675.7 671.3 664.8 656.7 650 643.4 639.4 631.3 625.9 617.9 610.6 603.1 594.3 580.9 569.6 562.9 556.2 548.9 540.3 531.3 522.9 515.2 511.8 513.7 513.3 516.7 521.9 525.1 526 532.3 536.6 540.9 540.7 535.8 535.4 530.8 525 518.8 514.7 510.3 506 498.5 493.2 498.9 504.4
664.6 658 659.5 654.3 645.8 634.9 627 620.2 624.3 626.5 629.9 644.7 666.1 699.6 720.5 730.1 736.9 739.8 741.5 741.1 739 736.2 731.8 726.2 717.6 708.9 703.2 698.9 695.6 691 689.2 684.8 680.4 675.6 669.3 663.6 658.6 654 649.3 641.8 632.2 621.7 613 605.2 595.5 584.8 573.8 564.2 555.4 550.7 542.4 534.4 528.1 520.1 520.1 524 523.5 523.3 527.4 531.7 534.6 538.7 542 541.9 544.5 545 544.7 540.7 534 528.4 520.7 516 512.8 509.5 500.3 497.3 496.4 502
669.4 670.2 675.7 677.4 683.8 689.4 683.9 669.3 658.1 653.6 662.1 672.2 699 723.1 731.6 738.4 743.6 744.8 746.6 747.9 747.1 744.3 739 729.1 722.3 716.5 709.3 704.8 701.3 696.9 691.5 686.4 681.7 676.7 671.3 666 660.5 654.4 646.1 638.3 630.4 624 618 603.9 592.4 582.2 571.7 562.5 551.6 548.6 539.3 531.6 529 527.6 530.5 529.7 528.3 529.9 533.8 540.1 540.6 544 546 547.1 549.3 547.8 547.1 541.2 535 529.5 524.4 519.2 515.6 512.5 510.1 503.9 499.5 499.3
677.3 681.5 689.1 694.3 699.8 712.5 720.2 722.4 711.3 687.8 694.5 710.4 731.3 738.7 746.3 751.8 754 756.4 756.9 755.4 754.3 754 743.9 733.4 726.9 720.6 715.1 709.6 704.4 699.4 693.3 687.9 682.6 677.7 672.3 667.3 662.1 652.9 646.8 645.4 639.6 627.9 621.8 610.3 597.2 587.1 574.9 564.1 553.4 547.4 539.6 534.2 533.5 531.8 533.4 533.4 536.8 538.8 542.8 546.6 548 549.9 554.9 553.9 555.5 549.5 545.7 543.7 543.7 539.7 531.9 527.5 521.4 519 516.9 510.4 503.5 500.9
685.2 695 702.9 710.3 717.3 724.8 731.2 738.3 746.3 732.6 741.2 746.4 750 754.6 760.8 764.6 768.7 771.7 771.3 768.6 761.9 759.3 749.1 739.7 732.1 725.3 718.4 712.6 706.2 700.5 695.1 689.9 684.1 678.7 674.2 669.3 663.6 660.2 653.6 647.5 641.3 634.1 627.2 616.2 599.9 585.8 574.1 561.8 554 546.4 540 539 538 538.5 539.1 541.4 548.4 547.3 552.8 556.1 559.8 561.7 564.2 564.7 559.2 557.8 556.5 558.9 558.7 550.3 539.6 532.3 526.2 520.8 520.5 516.4 507.7 505.2
696.4 705.2 714.3 723.4 731.6 738.1 742.9 749 758.1 760.1 758.8 762.7 764.5 769.5 773.6 778.6 783.1 787.1 784.8 780.4 773.9 763.3 754.3 745.3 737.1 730.3 721.9 713.5 706.8 700.9 696.3 691.3 687.4 681.2 677 671.5 665.9 660.8 656.4 650.5 645.4 642.3 636 620.2 602.4 586.8 571.1 560.5 552.1 549.8 546.5 543.7 540.4 542.2 547.9 550.6 557.2 557.2 559 565.5 567.3 565.6 568.9 571.2 571.8 575.3 573.7 571.8 566 554.8 546.1 539.2 532.4 528 521.1 520 518 508.8
703.9 714.4 726 740.4 747.5 751.9 757.2 762.8 768.2 769.1 770.8 774.6 781.5 785.7 788.4 790 792.6 795.7 793.1 790.4 782.1 766.8 757.4 746.2 740.1 733.3 721.6 713.4 706.7 701.4 697.2 693.2 690 685.8 680.4 676.2 669.8 663.8 658.7 655 657.3 653.3 641.3 622.5 604.4 588.2 569.8 561.7 555.4 552.4 551.3 548.7 547.1 549.4 551.8 557.4 562.9 565.9 569.9 575.8 575.4 577.1 584.7 590.4 591.3 593.1 587.8 578.5 566.4 557.3 549.8 544.5 538 532.8 530.2 526.8 520.8 510.1
713.3 726.2 738.8 748.9 758 766 775.6 778.9 777.8 778.1 781.8 788.4 795.4 799.7 802 802.8 802.8 802.6 799.2 792.9 782.4 769.5 758.3 747.1 740.1 730.4 720.5 713.3 706.5 702 698 694 690.2 688.2 683.1 677.8 670.6 664 664.3 661.4 661.1 661.1 645.7 624.3 607.8 591.1 574.7 568.2 563.2 558.5 555.6 555.3 555.4 558.5 564.5 568.3 571.3 575 582.9 590.9 599.7 611.5 608.7 605.8 607.8 614.4 609.2 595.8 585 569 554.7 546 539.4 536.5 530.9 527.1 522.1 509.8
724.8 738.6 749.4 755.8 766.1 777.6 785.5 786.1 784 786.7 793.9 801.5 807.7 811.4 811.3 812.7 812.1 807.6 801.7 793.5 782.6 768.9 757.1 748.3 735.5 727.4 718.9 712.6 706.6 702.9 699.1 695.1 691.8 689.9 682.3 676.4 671.3 665.2 665.6 666.2 661.1 652.1 638.9 620.7 610.9 600.5 589.2 583.6 574.1 569.4 565.5 566.6 564.9 566.2 574.7 578.3 580.8 586 596.5 615.2 633.8 631.9 627.1 627 630.8 629.2 618.7 608.8 596.8 580.1 565.3 551.7 541.7 538.8 531.1 526.6 521.7 515.2
735.7 748.3 757.6 764.8 774.5 785.5 788.9 790.1 791.5 795 804.1 812.7 816.4 820 818.3 818.6 813.8 809.4 803.3 793.6 779.7 766.2 757.1 742.6 732.5 725.1 718.4 711.6 705.6 701.2 697.8 694.8 692.2 688 679 673.8 670.2 665.3 662.5 661.4 655.4 645.4 631 622.8 618.9 610.1 602.4 595.7 588 583.7 576.4 577.7 577.6 577.6 584 590.7 596.4 610.2 632.3 653 649.9 643.2 643.2 653.5 664.6 654.3 634.1 625.5 605.9 587.2 572.5 560.4 548.1 539.4 532.4 528.1 523.5 518.6
744.8 756.8 765.8 774.7 783.1 788.6 790.7 793.2 796.1 803.8 813.3 821.3 826.1 826.2 823.2 819.3 812.6 805.9 799.8 788.7 776 765.9 750.6 737.5 729.4 721.5 714.8 708.9 703.8 698.8 694.8 693.5 689 682.3 676.4 671.4 668.7 662.4 660 656.6 652.2 644.7 638.1 629.7 625.9 622.6 615.5 609.5 599.2 591.7 595.6 595.7 589.7 590.6 597.8 606.5 624.6 637.5 660 662.5 659.4 663.7 675.1 679.3 672.6 664.5 641.6 619.6 604.9 591.6 576.1 560.7 547.5 539.7 533.8 530.4 526.3 522.1
751.8 761.5 770.4 779.9 786.1 790.6 792.4 795.9 801.2 810.1 819.5 827.8 832.3 829 823.2 815.7 806.9 798.3 789.2 780.4 772.2 757.4 740.4 732 725.3 718.1 711.7 705.7 700.4 694.4 690.1 686.6 680.8 676.4 671.5 669 662.7 660.7 659.4 653 649.8 648.7 643.2 637.9 635.4 629.8 624.8 619.4 610.9 611.1 610.7 608.6 606.5 614.3 631.3 639.4 654.8 667.5 676.8 674.1 681 691.3 697.9 695.7 682.2 661.1 635.4 615.3 601 589.5 577.8 560.9 548.7 539.6 534.2 530.8 526.9 525.4
754 764.7 773.4 779.7 785.1 790.5 793.7 798.1 804.5 814.7 823.4 832.1 828.8 822.7 812.7 803.6 794.6 785.8 778 771.1 762 744.3 732.4 725.8 718.6 711.9 705.8 701 695.1 688.9 683.2 678.4 674.5 670.6 666.6 663 659.2 657.1 653.2 651.2 649.2 648.7 646.6 645.7 643 636.4 625.5 621.3 623.5 625.4 626.5 633.5 643.3 660.3 665.4 674.7 679.2 688.4 692.5 692.5 698.2 699 699.3 689.9 676.7 652.9 627.9 612.2 598.7 587.2 573.8 560.6 548.7 539.9 534.4 530.5 528.4 527.1
756.9 766.6 774.7 780 784.1 788.8 794.2 800 807.7 817.3 826.6 824.7 819.3 809.5 799.2 789.8 779.8 773 767.5 762.2 747.5 734.7 725.8 718.7 711.6 704.6 699.3 695 689.3 682.9 677.3 672.9 668.7 664.7 662 657.8 653.9 649.1 648.7 649.3 648.3 647.2 649.8 650.4 647.7 639.8 633.1 629.8 631.7 643.1 658.2 671.2 678.6 681.1 683.1 684.5 692.5 701.5 705.3 704.2 705.1 700.6 691 684.7 668.5 641.1 620.9 607.6 593.3 581.9 568.4 556.9 546.8 539.9 533.9 529.7 528.4 524.6
759.7 766.2 772.5 778.8 784.8 789.3 795.6 802.7 809.9 820.9 825.3 817.7 808.2 796.4 785.8 775.7 765.2 760.1 756.3 749.1 735.5 725.4 717.6 710.7 703.8 697 691.1 685.2 680.1 676.4 671.8 667.5 663.1 660.1 657.8 653.6 649.3 646.7 643.9 643.4 643.5 648.9 650.9 649.4 642.2 639 636.8 638.7 650.8 667.6 685.3 692.2 697.9 699.1 700 700.4 705.3 710.6 709 706.6 700.9 696.2 688.6 674.7 652.5 629.2 612 599.2 587.2 575 563.3 553.2 544.2 539.2 533.3 529.4 527.7 525.8
759.5 764.8 770.2 777.1 782.3 788.2 796.5 804.9 812.2 821.2 817.7 809.5 796.6 783.7 772.1 762.7 754.4 748.7 741.6 733.9 724.2 715.7 708.4 701.3 694.2 688.5 683.6 677.7 673.3 669.8 666.9 662.6 658.2 656.1 653.6 649.5 646.8 643.7 643.4 642.4 641.8 644 645.1 640.1 638.9 641.1 646.7 663.9 677.1 696.3 705.6 705.9 712.2 710.8 711.8 705 705.3 705 699.7 697 693.7 688.9 678.5 662.7 640.1 620.8 604.6 592.8 581.7 571.3 561.2 553 542.7 538.7 533 529.3 527.5 525.8
757.8 764.5 770.2 775.3 780.9 790.2 797.4 804.5 811.7 816 809.4 797.4 784.8 772.8 761.3 753.3 745.4 737.7 730.6 721.6 713.8 706.8 700 693.2 685.7 680.2 675.9 670.4 666.9 663.9 660.9 658.3 654.7 654.2 654 650.4 646 644 644.9 642.6 641.5 641.2 639.9 638.3 638.5 650.2 658.7 673.7 688 701.8 709.9 709.9 714.7 712.3 706.5 701.3 695.4 693 690 685.2 680.9 677.6 671.3 650.2 625.8 608.6 596 586 576 567.5 558.3 550.7 543.9 538.3 532.9 530 529 528
759.6 765.6 770.1 775.6 781.5 789.2 794.4 800.8 805.3 804.2 796.2 785 773.5 762.7 751.9 744 736.1 728.2 721 712.5 704.7 697.3 690.5 683.8 677.5 671.8 667.6 664.1 661 657.9 654.8 652.4 651.1 651.5 658.6 653.2 650 645.8 644.9 644.8 642.1 640.8 644.1 641.6 649.9 659.6 666.8 678.7 690.9 698.2 698.8 699.3 699.9 699.6 693.7 690.1 682.7 676.8 674.6 672.2 669.8 658.9 647.8 626.9 610.6 599.3 589.3 579.5 571.5 562.9 556.4 550.1 543.4 537.6 533.7 530 529.8 529.7
762.3 765.9 769.3 774.5 779.2 784.7 791.1 795.8 796.1 790.7 782.9 773.3 762.9 752 744.3 738.9 728.7 720.6 712.4 704.9 696.6 687.6 680.4 673.5 667.3 663.5 660.9 658.2 654.4 651.3 650 649 649.5 651.3 650.4 651.1 651.6 647.5 643.6 643.4 648.2 652.8 661.1 662.6 662.5 666.1 670.9 677 681.7 688.5 693.4 693.8 689.5 684 679 674.9 668.7 661.6 658.7 656 650 639.9 625.4 611.7 601.4 592.3 583 575.5 568.3 561.1 554.3 547.5 541 536.3 532.1 530.9 530.6 533.5
761.7 764 764.6 767.8 774 780 787.7 787.4 782.4 776.4 769.7 760.1 749.3 743.1 737.3 730.5 723.6 714.9 705.9 696.2 687.1 678.1 669.8 662.5 658.6 656.5 655.4 652.7 648.8 647 645.7 645.2 642.7 640.1 638.6 637.7 640 640.2 640.5 653.6 659.8 665.6 672.6 669.8 668.9 668.9 669.3 672.7 676.2 678 681.9 682.6 675.9 671.5 665.3 660.1 655.6 649.2 642.7 638.2 629.6 621.9 613.3 603.4 594.9 586.5 578 571.2 565 559.1 552.3 545.5 539.5 536 533.8 532.6 532.1 537
757.1 754.3 755.3 760 763.8 772.9 777.4 773.6 767.3 756.4 746.3 741.7 736.3 734 731 723.9 716.8 707.2 698 687.8 675.4 666.4 657.9 653.7 651.1 649.7 648.5 646.1 643 642.2 639.8 633.6 627.2 629.1 626.6 626.7 630 634.6 641.1 652.7 662.4 669 668.4 667.9 670.4 668.5 664.7 665.2 668.9 669.5 667.7 663.9 660.2 657.7 651.8 647.4 643.4 637.6 630.7 625 616.9 610.8 603.7 597.2 589.8 581.4 574.3 567.7 561.4 555.5 549.6 543.5 539.4 537.6 535.8 535.1 535.6 538.9
