public/OST50/NN39.asc
ncols 200
nrows 200
xllcorner 230000
yllcorner 790000
cellsize 50
[rows 105 to 139 of 200, columns 0 to 77 of 200]
630.9 630.1 629.2 628.8 630.2 632.9 634.7 637.3 637.9 632.7 630.6 626.8 622.5 620.4 612.6 603.4 597.1 593.1 591.2 588.5 584.7 581.7 579.7 576.4 572.9 569 566.4 563.2 559.1 556 552.3 548.8 550.7 551.4 552.1 552.6 554.6 555.5 555.8 555.9 557.1 557.9 557.7 557.5 557.3 557.6 558.7 558.7 556.9 553.2 549.5 546.8 545.4 540.8 535.3 527 514.6 495.9 471.3 452.9 469.4 478.4 492.5 509.4 514.3 518.6 520.2 521 516.7 510.6 503.6 495.7 480.6 472.7 463.6 453.4 441 430.3
630.8 630.8 630.1 630.7 634.7 637.6 639 641 638.4 633.9 629.1 622.8 616.4 611.8 604.1 598.1 593.4 590.7 590.8 589.5 586.7 582.4 580.6 578.5 574.4 570.3 566.8 563.3 560.1 555.8 551.4 549.1 547.8 549.5 549.4 547.4 547.4 549.4 550.2 549.9 550.5 550.9 550.9 550.7 550.7 550.7 551.7 550.8 549.3 547.2 544.8 542.7 539.6 535.3 527.1 515.2 500.7 480.2 462.5 428.3 444.8 458.4 472.7 481.2 488.2 491.7 492.7 487.5 484.7 475.9 469.4 461.3 450.3 444.1 434.8 427.3 415.7 404.5
630.3 630.5 630.8 634.1 637.4 639.8 640.3 635.9 633.2 628.8 622.3 614.9 608 602.7 599 594.5 590.3 590.2 589.9 589.2 587.6 584.6 581.1 580 576.4 571.9 568.2 562.8 559.3 555.8 551.6 548.2 547.7 544.8 544.4 543.6 543.2 540.8 542.8 543 541 543.3 544.1 544 544.2 544.1 544 542.9 544.9 543.3 540.2 537.3 533.6 524.4 512.1 500.1 481.4 464.1 452 424.7 417.6 433.1 445 452.6 459.5 459.9 459.4 455 450.3 443.8 437.8 430.9 422.2 418.1 408.9 401 392.9 379.3
629.8 630 629.7 631.8 634.8 636.7 633.6 628.7 625.1 621.6 614.6 607.1 600.4 595.3 595 594 590.6 591.1 589.5 587.9 586.5 583.9 581 581 579.2 573.9 569.1 565.3 561.1 558.3 554 551.2 549.1 551.2 550.8 548 545.2 541.9 532.2 527.6 529.2 534.5 535 534.8 536.4 537.1 536.1 534.5 536.1 533.2 531.4 528.9 519.9 505.5 489.2 472.9 459 444.4 436.8 421.3 392.4 405.8 416.7 425.9 429.4 429.2 429.1 426 422.1 417.7 412.5 403.1 397.3 393.8 387 377 369.8 384.6
629.3 629 628.6 629.8 629.5 629.9 626.5 621.5 616.1 611.1 606.7 601.3 595.8 592.8 591 591.6 590.5 588.8 587 585.7 584.4 582.9 581 580.9 578.5 574 571.5 569.1 566.5 562 556.8 552.9 549.9 551.5 551 548.7 546.6 541.9 540.3 536.2 518.8 519.2 521.9 520.3 522.8 527.8 526.1 524 522.5 522.4 516.9 511.3 496.3 478.2 460.9 447.1 436.5 425.8 417.4 407.6 391.4 378.1 387.5 399.1 405.1 405.1 401.1 400.9 397.2 388.7 377.8 381.9 374.6 369.4 360.1 370.8 386.3 402.7
627.4 625.9 624.8 625.5 623.9 622.5 619.5 614.3 609.2 605.3 600.7 596.2 592.5 589.9 586.5 588.3 586.8 585 584.3 583.4 582.1 580.8 580.3 578.8 577.3 575.7 575.9 574.4 570 565.7 560.6 557.1 553.9 553 554.8 550.1 546.7 542.3 540 534.7 526.6 514.2 503.6 502.8 512.1 516 514 510.6 509.1 503.8 494.5 481.3 469 454 436.5 422.7 412.8 401.9 393.6 387.2 382.6 361.4 362.4 374.4 378.7 378.7 377 373.1 368.3 360.9 359.8 359.4 353.2 364.2 374 387.8 402.9 420.5
624.8 622.6 620.7 618.7 617.1 614.5 611.4 607.8 603.9 600 596.5 592.8 589.2 586.4 583.9 584.1 582.3 580.8 580.1 580.6 579.8 578.5 576.4 574.9 576.3 577.7 578.5 578.1 573.5 572.6 569.2 566.2 565.6 563.8 561.8 555.1 547.3 540 539.4 532.9 527.6 521.8 507.8 491.6 503.3 503.6 499.8 495.3 490.6 482.7 469 452.9 445.5 427.4 411.9 398.7 391.3 382.9 375.3 373.5 366 348.1 345.3 354.8 354.9 357.2 355 351.2 344.9 346.7 351.2 346.8 365.6 380.8 394.4 407.8 420.5 433.6
618.7 619.7 615.6 610.9 609.7 605.5 603.4 601.8 598.8 595.2 592.2 589.4 586.4 583.3 581.9 579.8 577.8 576.1 574.5 575 574.5 573.4 571.5 571 574.7 577.8 578.9 579.8 579.9 578.8 580.4 577.6 573.7 573.3 572.3 563.5 551.6 542.8 539 532.2 527.2 520.7 515.7 496.7 480.1 491.6 489.1 482.6 472.8 464.6 449.2 431.9 421.1 401.3 391.2 384 375.7 370.1 364 364.4 356.7 339.8 333 342.5 342.8 343 341.4 336.3 331.6 336 349.2 362.8 380 396.5 410.9 422.7 434.1 446.1
611.7 612.7 611 606.1 601.9 598.6 595.7 594.2 593.6 591 587.3 584.9 581.8 579 577.6 575.5 573.5 571.1 570 570.1 569.3 568 567.1 571 577.3 579 578.9 580.5 580.8 582.9 585.7 585.4 580.3 579.6 580.4 572.7 561 550.2 541.4 535.7 529 521.5 514.6 506.5 491.3 471.8 468 467.4 455.3 446.1 429.8 412.1 392.9 380.4 369.6 365.3 365.5 359.6 344.6 346 341.2 324.9 326.8 333.5 335.2 335.2 337.2 328.8 335.3 352.8 367.9 380.2 395.5 410.3 423.4 434.6 445.9 458.7
604.3 605 603.6 599.6 595.3 590.2 587 584.3 585.7 585.8 582.6 580.5 577.3 575.3 573.7 571.8 569.8 567.6 566.7 565.3 564.1 563.1 568.2 571.9 575.9 577.8 577.8 580 583.8 587.5 592 595.4 590.5 588.7 589.9 582.1 572.4 560.1 550 539.1 529.9 525.1 517.7 509.2 502.3 491.8 477 453.5 434 418 404.3 391.5 377.1 363.8 348.7 344.1 339 332.9 328.2 318.1 332.3 318.1 322.2 328.1 332.9 332.5 324.8 327.7 345.9 362.3 378.1 392.4 407.6 421.8 434.4 446.4 456 464.9
597.1 596.5 595.5 588.9 584.1 581.4 579.6 576.9 577.2 577.6 575.4 573.6 573 571.7 570.4 568.4 565.9 563.7 563.2 561.2 560.7 566.3 566.3 567.5 568.5 572.8 577.8 581.2 586.6 592.7 600 604.8 600.7 602.7 599.3 592 586 573.1 557.1 542 531.7 529.4 519.8 511 506.3 500.8 487.7 473.1 451.1 428 399.3 377.5 362.6 363.1 365.5 364.4 358.5 352 342.4 331.1 314.9 311.1 313.7 320.5 329.1 331.1 320.7 335.1 350.2 368.4 385.6 401.5 416.6 430 441.6 453.8 463.9 473.6
587.8 585.5 581.6 577.1 573.1 571.3 570.9 569.9 569.4 569.6 568.1 568.5 567.8 566.9 565.5 563.5 561.1 559 558.2 554.9 557.1 560.1 562.2 564.2 567 572 580.7 582.1 588.5 597.1 605.7 610.7 605.9 609.1 603.4 596.2 591.2 586.3 564.5 545.1 534.5 527.4 520.8 513.3 508.1 502.2 493.2 481.7 465.7 450.1 420.7 398.8 394.1 397.1 394.4 386 376.2 365.7 354.2 342 331.4 322.6 308.2 312.7 319.7 322.8 318.7 333.8 355.2 374.7 390.8 408.2 423.4 437.9 449.6 460.3 471.9 482.5
580.1 576.5 572.3 568.6 565 564.7 562.8 561 561.1 562.3 563.5 563.5 562.6 561 562.1 559.4 555.6 552.1 549.6 548.5 549.9 550.9 556.7 561.7 564.1 569.2 574.9 580.8 587.4 596.2 602.6 606.2 604.2 610.9 608.2 599 590.1 585.3 571.3 552 537.9 528.7 522.3 516.7 511.2 506.4 499.7 487.8 474.5 464.1 448.9 435.2 428.3 419.1 406.2 397.3 380.8 366.8 357.1 347 336.4 328.2 310.1 309.5 311.3 307.1 319.5 337.2 358.7 378.7 396.3 412.4 427.2 441 452.5 465.2 478.3 491.6
570.6 566.8 563 556.2 554.2 554.8 553.3 552.6 554.1 555.7 557.8 557.7 555.1 557 560.8 553.6 546.6 543.6 540.8 540.2 542.7 548.3 552.7 556.7 560.4 565.2 568.2 574.3 582 587.3 594.5 590.5 597 604.7 610.9 604.8 595.2 584.7 573.3 558.6 545.3 534.3 526.5 520.1 514.4 509.8 503.7 494.9 484.6 476.4 464.1 452.4 442.3 429.8 412.1 398.5 381.7 367.7 359.7 348.2 335.1 323.2 310.8 306.7 304.1 310.3 319.8 338.6 360.3 384.6 403 420.1 432.8 445 459.9 475.9 489.9 504.4
559.8 556.6 552.7 546.7 543.8 544.6 545.3 544.1 545.8 547.5 547.6 548.5 546.9 549.4 548 542 537.7 535.8 532.8 535.1 537.5 541.2 545.2 548.9 555.5 561.3 563 568.2 573.8 576.8 581.4 583.8 587.9 593.3 601.4 610.1 598.7 589.9 577.5 566.3 553 538.7 532.5 525.2 518.9 514.2 509.1 502.2 494.7 485.1 474.8 463.3 451.3 436.1 416.6 399.1 384 370 362.4 355 336.8 318.9 309.5 303.5 301.4 309.9 320.9 338.3 362.3 389 409.8 424.5 439.8 454.7 470.3 486.7 503.1 519.5
546.5 543.5 539.6 533.4 533.7 534.5 536 532 533.1 536.2 537.8 532.9 541.1 537.5 534 528.9 524.5 524.3 527.6 528 531.1 533.2 536.2 543.7 550.6 553.5 557.6 563.1 567.7 573.6 575.7 577.5 581.7 586.7 592.6 607.7 611.1 601.1 592 581.7 563.5 548.1 540.4 533 525.4 518.7 514.2 508.6 502.1 492.4 481.7 470.6 458.9 443.1 422 400.6 385.9 374.8 367 352.5 336.4 318.4 307.9 299 302.4 309.1 321.7 338.8 362.8 387.7 411.2 428.9 448.7 465.7 482 498.3 514.3 536.4
532.6 529.3 525.2 519.8 519.2 516.8 516.4 519.5 519.1 521.2 519.8 529.3 526 520.6 516.3 514.2 512.7 516 516.7 520.5 521.6 523 528.4 533.9 539.9 544.3 551.1 558.2 563.6 568.2 569.3 571.3 578.7 583.6 588.5 599.1 609.7 610.4 601.4 589.3 576.7 560.4 550 540.4 532.8 526.1 520.1 514.3 508.3 499.6 490.1 478.7 464.9 449.5 430.5 404.1 387.5 377 370.6 354.5 335.4 315.3 304.2 294.4 303.1 309.7 319.6 339.2 364.7 391.2 415.5 437.5 456.5 474.5 488.6 508.7 529.8 545.9
519.1 515.9 510.4 507.7 500.7 500.2 498.2 498.2 501.1 502.8 501.2 505.3 502.8 500.2 500.8 503.9 505 506.9 507 510.3 512.5 518.4 522.2 527.2 533.5 540.8 543.7 547.1 554.7 561.2 563.7 569.4 577.5 582.4 586.7 592.5 598.3 605.8 604.4 599 591.9 576.1 561.1 549.5 541.4 534.1 527.3 520.4 513.5 506.5 499.2 486.6 471.9 454.5 432.5 406.6 391.5 379.2 369.8 353.7 333.4 314.4 301.4 300.1 301.6 308 319.7 338.2 363.8 394.1 419.9 445.8 470.2 486.9 500.2 517.5 537.1 551.9
506.8 501.1 494.6 490.6 485.3 480.4 476.7 477.8 480.5 475.9 484.9 482.1 483 483.5 487.1 491.7 495.3 495.6 497 498.2 506 513.1 515.3 517.9 524 531 534.8 538.6 544.9 554.1 561.7 568.4 576.9 580.6 584.9 590.8 594.4 600.5 605.7 609.3 600.5 592.3 575.6 562.8 552 543.5 537.4 529.5 522.9 515.5 506.7 494.2 479 460.9 439.8 413.4 394.3 381.3 367.7 350.3 329.7 314.4 299.3 289.1 298.6 305.7 321.4 338.9 362.5 394.7 422 455.9 484.7 497.4 510.6 526.5 537.5 546.4
492.2 486 478.9 474.1 463.3 458.3 455.1 455 454.7 459.6 464.3 461.5 463.1 465.1 473.7 481.1 484.5 482.5 484.7 489.5 496.8 502.5 507.1 510.3 517.4 522.7 532.9 536 539 546.6 557.2 566.3 572.6 577.4 582.8 586.5 588.9 594.9 603.3 610.6 607.3 603.1 600.5 585.1 570 559 550.6 542.5 533.6 524.8 515.2 504.4 488.3 467.1 443.3 417.1 396.8 382 367.3 347.3 326.9 311.2 301 283.2 295.1 305.6 318.1 336.8 365.2 394.8 425.2 459.7 480.3 495.1 515.8 530.7 537.5 546.9
477.8 472.9 464.4 457.2 449.2 442 434.5 431.3 426.9 442.6 442.2 440.2 446.8 455.5 465 470 469.7 468.9 474.8 481.6 486.4 489.3 495.9 501.3 509.6 513.8 524.6 532.3 532.6 537.2 549 559.9 565.4 569.6 576 582.1 582.5 590.9 598.9 607.7 610.8 616.5 618.1 606.9 595.9 583.1 571.3 558.5 545.5 535.3 525.2 514.2 498.1 472.2 445.1 418.4 396.9 382.3 364.5 342.4 324.2 308.3 299 281.9 291.7 301.8 315.7 337.5 363 394.7 424.3 457.1 474.5 490.4 507.9 520 531.6 538.7
459.2 455.3 445 438.4 431.7 422.5 410.5 414.9 410.4 419.2 421.6 421.3 437.2 444.1 450.7 454.2 452.1 457.1 465.7 474.7 480 481 487.6 496.8 505.6 508.2 510.7 518.8 520.6 529 541.5 550.8 556.2 562.7 566.3 573.1 577.9 590.9 596.5 607.4 615.7 626.8 631.3 626.7 615.7 598.4 580.5 567.8 556.7 545.8 535 524.2 506.9 474.6 444.7 417.3 396.8 379.6 358.9 339.5 323.3 305.6 295.1 280.4 290.1 298.3 315.1 338.6 360.5 394 421.3 449.6 467.9 481.3 495.5 506.9 516.3 524.4
435.8 428.5 424.7 418.7 413.3 405.3 393.5 395.5 395.6 404.7 403.5 414.8 418.8 424.6 434.1 436.8 438.6 450.1 457.7 464.5 466.9 475.8 482.9 492 502.4 502.9 503.4 502.1 512.1 519.4 533.6 538.8 542.9 549.5 557.2 563.5 574.2 586.5 594.6 604.1 613.2 625.3 632.2 631.8 620.3 602.1 586.9 574.6 564.2 553.1 542.5 531.4 512.9 477.5 446.5 419 399.6 382.3 365.8 345.1 320.3 303.1 292.2 280 288.2 295.7 312.1 332.3 353.5 386.2 413.5 439.3 462 471.7 482.2 490.2 499.7 511.4
409.4 406.5 402.8 399.7 395.6 391.9 378.3 372.6 371.4 386.4 392.6 399.2 405.9 410.4 419.6 422.3 433.2 441 448.1 451.1 459.1 468.3 474.6 484.3 492.2 493.6 493.9 493.1 506.5 514 520.5 524.2 534.8 539.2 546.6 555.9 570.4 580.8 590.1 597.4 605 615 624.5 629.5 617 602.1 590.1 578.2 567.3 556.3 548.2 537.6 516.7 479.9 450.4 424.1 402.2 385.6 364.7 345.5 321.7 301.4 290.1 278.4 283.4 290.1 305.9 325.3 346.2 369.2 399.4 422.3 441.5 454.6 464.3 473.1 485.1 496.2
392.4 387.5 384.6 381.6 378.7 373.6 369.2 359.7 358.1 370 377.1 383.7 388.8 397.1 403.2 416.1 421.6 430.8 436.9 444 452 458.9 464.8 476.3 478.8 482.2 485.3 489.6 496.2 505 512.7 517.2 519.6 530.5 536.4 551.2 564.5 569 581 589.9 596.6 604.9 612.6 615.6 608.6 598.4 589.8 579.1 568.9 559.5 553.5 541.1 518.9 480.9 453.8 426.2 403.6 385.1 364.4 343.8 318.3 298.5 288 281.5 275.1 286.2 300.1 319.6 335.3 356.4 384.6 405.7 417.9 428.8 441.2 454.7 468.8 481.6
375.7 369.3 367.2 362.7 359.4 356.4 353.3 348.3 342.3 356.2 362.3 367.8 363.6 383.9 396.4 404.6 409.4 418.9 427.9 436.6 444.4 449.9 457.6 461.8 463.6 475.7 478.7 483.3 489.3 497.7 506.4 510.4 516.5 524 528.1 541.7 553.3 557.7 567.7 578.4 588 593.6 601 604.1 602 596.8 588.3 581.5 571.6 563.5 551.6 538.5 517.5 486.6 456.4 429.2 401.1 383.9 362.5 339.7 315.9 297.6 285.6 281 274.5 279.8 293.1 307.4 324.2 344.9 361.4 378.3 390.2 404 418.5 433.5 450.3 465.6
357.2 351.3 346.8 343.6 344.3 341.8 338.8 335.4 335.4 345.2 351.3 351.9 363.4 376.5 382.8 390.4 401.3 416.7 420.9 430.1 437 443.1 452.5 454.2 455.4 465.3 468.7 472.5 481.4 486.3 492.5 502.7 510.6 511.8 522.4 534.6 542.3 548.2 556.1 565.8 577.8 583.1 589.5 592.5 594 593.1 590.3 583.7 573.7 563.7 553.5 538.5 516.1 488.8 460.9 432.8 407.7 386.3 361.2 341.2 311.8 297.4 284.9 279.7 273.5 275.9 286.9 297 306.7 326.6 345.1 357.8 367.4 380.4 394.7 408.2 426.4 441.2
337.7 335.2 331.4 332.5 333.9 329.4 326.8 326.3 330.2 335.4 340.5 338.9 353.4 359.4 376.9 389.5 400.5 407.5 415.1 422.9 430.6 437.7 448.5 445.7 447.4 451.1 461.6 462.3 468.5 474 482.9 491.9 499.6 504.5 514.8 526.8 531.7 538.2 545.3 554.2 564.6 569.8 575.6 580 583.3 585.3 582.8 576.3 572.6 561.2 550.8 533.8 513 488.5 461.4 432.7 406.7 386.2 364.5 340.2 314.1 293.5 282.2 275.5 270 274.1 281.3 287.1 294 308.2 320 337.4 349.2 359.2 370.1 383.2 396.5 414.9
322.6 321.7 319.4 322.2 323.3 321.2 320 321.2 325.2 328.8 329.6 339.9 352.2 360.7 372.7 384.3 394.8 402.6 409.8 418.4 423.6 433 436.6 438.6 441.5 440.3 444.9 453.8 456.9 465.4 474.2 482.5 486.9 497.6 507.9 516.3 521.6 527.7 534.6 542.3 549.7 556.7 562.2 567.1 570.1 572.2 572.4 570.5 565.6 554.4 540.2 523.7 505.5 484.3 457.6 431.7 408.1 383.6 362.1 338 312.6 290.8 278 273.7 270.3 268.8 275.9 280.5 283.6 291.5 296.9 312.4 327.1 341.4 352 363.5 380.6 395.5
313.6 312.9 313.9 314.4 312.7 312.7 312.8 315.6 318.9 322.6 326.6 334.1 342.4 354.1 368.5 379.4 390.5 401.3 408.7 413.5 418.2 427.1 427.7 431.9 431 430.2 429.8 440.9 448.3 456.8 465.9 469.7 478.1 487.3 496.6 504.2 510.6 517.2 522.6 529.8 537 544 550.1 553.4 557.6 561.3 561.5 560.5 552.1 539.3 527.4 511.5 494.6 475.9 455 429.1 408.3 384.7 358.5 334.8 309.4 289.3 276.7 271.5 268.8 267 272.9 274.2 273.9 278.9 283.5 295.7 304.9 318.9 332.7 349 361.1 378.1
305.1 308.6 312.1 310.5 309.3 309.4 310.7 314.5 318.3 320.4 323.7 329.7 337.4 351.6 366.7 375.9 385.1 399.2 407.5 411 411.5 413.2 421.6 420.1 416.2 414.1 419.9 430.4 438.4 445.8 452.1 459.2 467.3 473.9 483 491.5 497.8 501.9 508.4 515.3 522.4 531.2 534.8 536.7 541 544.9 545.6 543.9 533.1 524.4 511.1 496.1 481.7 465.2 445.3 421.7 401.8 385.1 358.2 331.7 306 286.8 276.1 271.3 268.4 265.5 268 267.7 267.3 268.2 272.8 279.5 288 300.6 314 332.9 346.1 360.2
305.3 307.7 308.9 308.9 309.3 309.8 312.2 314.7 317.9 319.5 323.3 330.2 335.9 346.8 360.5 371.8 384.4 395.3 401.8 401.1 400.4 402.6 406.2 403.5 402.1 405.1 412.2 419.8 427.1 434.3 442.1 449.9 454.3 460.1 466.2 475.6 481.3 486.3 493.4 500.3 507.1 512.8 515.3 516.8 522.8 526.3 527.8 523.7 516.6 505 493.4 479.6 466.1 451.9 428.9 412.1 396.2 379.3 357.1 332.2 308.1 290.1 283.3 273.6 265.1 262.8 262.8 262.1 261.5 261.7 265.4 269.9 273.4 284.4 296.6 316.1 331.9 344.9
308.5 309.7 308.8 308.8 311.8 310.9 313.7 314.9 316.9 318.8 323.4 330.6 334.7 342.9 355.1 369.4 377 385.5 388.3 390.8 391.1 393.2 393.9 389.5 388 396.9 401.3 409.1 415.2 421.2 428.4 434 438.8 443.9 449.9 455.6 462.7 469.8 476.7 484.7 491.2 494 494.6 496.4 499.5 504.4 503.8 501.6 493 484.3 472.6 459.6 445.9 427.3 413.6 400.6 386.5 373.8 355.7 333 312 301.2 291.9 279.7 262.7 261.6 259.7 260.1 261.2 261.3 260.8 263 264.4 271.5 281.1 297.1 317.4 329.1
311.5 310.9 310.4 311 315.3 315.9 318.3 319.1 318.6 319.2 322.8 331.6 333.6 340.3 349.9 360.1 368.7 374.9 380.9 383.8 384.8 384.5 381.5 376.3 377.8 382 389.7 395.7 399.6 407.4 409.2 414.8 420 427.1 433.1 436.4 443.3 449.2 455.8 464.3 469 473 474 475.5 476.2 479.8 481.1 475.9 468.2 459.1 448.2 436.3 425.5 410.8 397.8 386.5 376.8 366.3 349.4 332.8 314.6 310.5 301.3 279.6 272.7 268.9 259.6 259.6 261.3 260.9 260.8 261.5 260.8 261.7 270.4 284.9 299.3 316.9
322.3 319.6 319.8 323.4 326.1 325.3 322.2 330.1 332.2 328.5 328 330.8 334.9 339.5 344.3 352.6 358.7 362.5 364.7 370.7 373.3 370 369.4 366.8 365.8 368.8 373.2 379 385.3 390.8 393.9 395.5 401.5 408.2 415 417.1 423.5 429.3 435.3 441 446.4 448.9 450.3 451.4 452 453.5 454.8 449.3 443.5 432.9 424 415.1 405.4 394.9 384.6 375.2 366.9 357.4 343.5 329.4 319.4 321.6 308.5 277.3 271.9 261.2 259.2 260.4 261.2 261.1 261.1 261.1 260.3 261.3 264.2 274.8 288.1 303.9
