public/OST50/NN39.asc
ncols 200
nrows 200
xllcorner 230000
yllcorner 790000
cellsize 50
[rows 105 to 139 of 200, columns 78 to 155 of 200]
421 414.4 411.7 402.7 396.7 409.7 424.3 440.5 458.6 473.9 492.7 511.6 527.5 541.1 558.3 570.8 585 599.5 613.2 626.2 636.7 645.9 654.1 662.2 671.4 679 681.7 686.7 690.6 695.1 700.6 708.2 713.5 720 726.6 731.7 734.3 733.8 729.2 717.2 699.8 685.7 672.4 655.6 639.7 629.5 620.3 616.9 608.1 601.6 595 591.3 586 582.9 585.9 584.3 583.3 582.6 582.4 582 580.4 576.3 571.4 567 563.2 558.5 551.6 547.3 542.9 540.1 534.9 528.3 525.3 520.6 509 512.6 512.4 509.9
397 391.1 387.1 394.6 406.5 418.5 438.4 457.1 472.8 487.6 504.5 522.3 536.9 549.5 565 577.5 589.5 604.1 616.5 628 639.5 647.9 656.4 664.2 669.5 673.5 676.9 680.7 684.6 688.4 693.5 701 707.7 713 719.1 723.1 721.9 719.7 713.6 706.4 695 682.5 670.8 653.6 638.8 628.7 619.8 614.5 610.4 602.6 593.8 590.2 587.5 589.3 589.2 587.5 586.8 586.2 585.5 583.3 581.3 579.6 575.9 570 566.4 558.8 552.6 549 545.1 541 536.6 530.5 525.9 519.7 518.6 520.6 518.3 515.1
387 397.1 404.4 412.1 423.6 439.9 457.4 474.2 490.9 503 516.1 531.6 546.3 558.4 570.5 582.2 595.2 608.4 620.7 632.1 641.4 649.3 657.4 662.4 665.6 668 670.8 674.1 677.9 681.3 686.3 693.1 698.5 703.8 706.8 708.6 708.2 702.1 697.2 690.9 682.7 670.9 659.3 643.4 631.9 626.6 619.3 613.2 606.2 599.9 592.5 591.1 593.2 592 592.1 591.1 590.4 589.8 589.1 585.9 582.5 581 580.7 575.9 567.2 560.3 556.6 550.6 545.6 541 537.4 532 525.8 525.8 526.6 526 522.4 523.2
403.6 413 425.4 434.4 447.5 460.5 476.3 489.8 502.9 514.3 527.5 542.4 554.5 565.8 577.1 587.3 599.4 611.8 624.3 634.2 641.9 649.6 654.1 658.6 660.9 662.6 664.6 667.2 670.4 673.8 677.6 682.5 687.9 690.1 691.7 694.3 693.6 691.7 684.3 678 668.2 657.9 644.7 632.9 625.2 621.2 614.9 609.1 600.8 598.8 600.5 600.1 600.1 597.9 598.1 596.3 594.7 594 591.8 588.4 584.3 579.5 579.6 577.5 569.3 561.7 556.6 552.1 546.9 542 540.3 531.8 527.2 532 533 529.3 531.7 532.8
419.1 430.4 444 455.8 469.3 481.1 491.1 501.6 512.5 523.8 535.9 548.6 560.1 571.4 582.9 593.3 604.7 616.7 625.8 632.4 639.3 646.3 649.5 653.9 654.2 654.2 655.4 655.7 659.5 662 665.8 669.7 675.4 679.5 682.1 680.5 677.2 671.1 665.3 658.5 650.5 642.3 634.6 625.8 620.7 616.3 612 602.7 601.1 605.7 605 606.4 606.3 605 605 601.4 599.1 596.7 593.6 588.9 581.1 577.5 575.7 575 567.9 560.8 552.1 550.9 549.3 540.5 535 536.1 537.3 539.7 541.8 540.9 541.9 543.7
434 447.8 456.8 470.4 485.8 491.2 501.6 512 522.2 533.2 542.9 554.1 565.5 577.8 589.2 598.7 610.6 622.2 628.9 634.1 639.8 644.8 646.7 647.4 646.9 646.7 646.4 644.8 647.5 652 656 657.9 661 663.9 662.3 660.2 658.4 652.8 648.8 641.9 635.3 629 623 619.5 615.3 611.3 606.8 608.5 609.9 610.1 611.1 612.8 612.6 613.1 611 605.9 602.4 599.5 592.5 584.9 579.5 576.1 572.6 570.5 563.9 558.3 554 548.8 543.7 547.8 546.3 544.8 547.1 548.9 548.4 552.2 554.5 557.3
447.2 460.2 470.9 481.2 490.1 500.5 509.8 518.9 528.8 539.3 549.4 559.8 571.7 585.4 598.2 605.9 615.7 626.3 632.4 638.2 641.5 642.9 644.5 643.3 642.6 642 639.7 639 640.2 643.6 646.1 646.8 646.9 647.7 645.4 642.6 640 637.3 633.1 628.4 623.7 619.1 619.4 615.8 612 610 610.9 613.5 618.3 617.2 618.6 621.4 623.2 622.6 618.7 613.2 607 599.6 592.7 586.7 581.5 576 575.5 570.1 566 561 560.8 551.2 551.7 553.2 552.7 553.2 552.5 554.7 557.4 562.4 568.8 574.2
459.6 471.2 480.6 491.3 498.7 509.1 518.6 527.3 536.4 546.9 556.9 567.1 579.5 592.4 604.3 613.4 623.5 633 639.6 641.3 641 641.4 641.7 639.7 638.4 636.5 633.6 633.5 634.8 635.1 636.3 636.3 635.6 635.4 632.7 629.8 627.3 624.2 623.5 623.2 621 620.9 617.5 613.8 611.6 611.9 614.9 616.8 622.5 624.9 629.6 637.2 637.4 634.1 628.8 621.7 613.6 605.4 597 590.9 584.2 579.4 578.6 573.3 568.3 563.5 560.5 557 557 558.2 558.9 558.5 558.9 561.5 566.2 573.5 582.1 591.1
468.8 479.4 488 498.5 509.3 517.6 527.5 535.9 544.6 554.8 565.2 574.5 586.6 598.4 610.4 621.9 631.8 639.8 643.9 642.4 641.5 639.8 637.6 635.6 633.1 631.1 627.9 628.8 628.6 628.4 627.1 627.6 626.8 626.7 625.3 622.1 621.3 621.1 621 619.5 617.5 617.3 615.1 614.8 613.8 616.1 619.1 622.1 630 635.1 641.7 648.2 648.1 645 638.5 631.4 623.4 615.5 605.3 596.8 590.5 582.9 578.1 572 568.1 563.3 560.6 562.3 563.7 564.9 565.4 566.2 569.6 573.5 577.9 584.9 594 598
474.5 485.2 495.1 506.9 517 525.2 534.4 542.1 552.4 562.3 572.7 582.2 593.8 605.2 617.6 628.5 639.7 644.1 644.5 642.9 639.8 636.7 633 631.3 628.1 625.8 622.9 621.8 621.5 620.7 619.2 618.3 618 617.9 617.8 615.8 615.2 615.4 615.8 615.1 612.7 611.3 613.5 615.6 617.5 620 623.9 631.5 637.4 646 656.2 663.2 661.1 656 651 644.6 634.7 624.3 613.6 604.5 596.4 585.8 577.8 573.1 569.2 569.2 568.8 569.5 570.6 571.7 573.7 574.9 580.1 586.7 592.7 598.2 606.6 616.4
484.6 493.8 504.4 516.2 525.3 534.8 543.2 548 556.9 564.5 574.9 587.3 600.2 611.1 622.7 632.5 640.9 642.9 642.8 638.7 635.1 631.6 627.4 622.6 619.6 617.8 616.4 611.1 612.5 611.9 611 610.2 609.3 609.2 610.2 610 609.5 609.7 609.9 610.4 608.8 610.4 614.7 619.2 623.8 627.3 631 637.4 644.7 652.9 664.3 671.6 670.5 666.3 662.5 653.1 642 631.4 619.5 609.5 600.2 590.5 581 575.1 571.6 574.3 574.9 575.7 576.8 579.4 582.3 584.3 591.5 599.4 607.2 614.6 622.2 631
493.4 505 520.6 532 543.3 548.8 554.8 556.9 561.9 570 580.3 591.6 602.6 614.9 626.2 634.4 639.9 639.8 636.9 633.1 627.3 622.2 617.9 614.1 610.7 608.5 607.4 603.1 602.1 603.1 602.6 602.9 601.5 602 603.8 604.6 604.1 604 602.7 602.7 608 611 618 625.2 631.9 639 643.8 647.9 653.2 660.6 671.1 673.4 673.1 677.7 669.1 655.5 645.6 634.3 622.3 610.4 601.4 592.9 585.6 582.2 580.1 581.2 580.7 582.1 583.1 586.4 590.6 593.6 603.3 613.5 621.8 629.4 634.6 639.6
505.4 522.5 541.2 553.2 557.3 562.4 565 565.2 569.7 578.9 587.9 595 603.9 614.9 623.8 628.1 632.3 629.2 625.1 621.5 617 614.9 610.9 606.6 603.4 600.8 599.6 596.5 593 594.2 594.5 595.1 595.4 597 598.5 597.9 597.3 599.9 598.9 603.7 609.8 616.2 624.6 632.8 644.4 649.4 649.8 654.4 658.4 666.2 671.9 670.7 671.9 672.4 665.1 656.3 643.4 633 620.9 612.7 605.5 597.4 592.4 588.4 587.3 585.5 586.1 587.4 589.9 593.4 597.4 606.4 619.7 625.9 632.8 637.5 644.5 646
521.1 542 556.4 567.4 569.6 571.5 572.9 574 578.2 586.3 593.6 598.2 604.4 613.1 618.1 620.9 621.4 619.8 616 612.6 610.2 606.9 603 598.7 595.6 593.3 590 586.8 585.3 586.3 587.5 588.1 588.7 590.9 591.8 590.2 592.2 596.2 601.6 607.8 617 622.9 629.8 637.3 643.3 646.3 649.5 655.1 661.3 664.7 668.4 667.8 668.1 665.6 660.6 654.9 640.1 629.5 621.5 615.6 609.8 602.7 596.8 591.6 590 589.7 589.7 592.6 596.2 600 608.9 617.1 627.4 631.7 636.7 641 642.6 639.8
538.3 553.9 566.7 575.3 580 581.1 580.6 582.4 586.9 590.6 594.7 599.5 602.1 606.2 608.9 609.3 609.9 610.3 606.4 603.3 601.1 597 592.6 589 587 586 583.9 581.3 579.2 580.9 579.8 580.9 580.7 583.6 582.4 588 592.9 597.8 605.2 611.9 621 624.4 629.2 632.1 634 638.5 645.3 651.9 657.9 660.9 661.5 662.3 660.9 660.5 653.5 648.2 632.5 625.4 622.4 617.5 611.9 604.2 596.7 593 593.5 591.6 593 596.1 600.3 605.5 613 622.1 630 629 630 630.7 629.3 628.7
552.9 564 574.5 580 582.9 581 583.3 586.8 589.4 589.7 590.6 594.4 596.5 597.8 599.2 597.4 599.8 599.1 596.9 594.1 590.9 587.4 584.2 580.8 579.6 578.7 576.2 574.8 564.4 572.3 567.7 568 573.8 573.2 580.8 589 592.8 597.9 602.2 609.1 617.6 617.9 619.4 624.5 626.4 631.2 639.7 648.2 654.1 659 657.2 653.1 650.6 648 643 635.4 625 622 621.2 615.9 609.3 602.6 595.6 591.5 591.9 592.8 596 600.5 601.4 606.5 612.6 620 621.9 622.4 619.7 616.4 616.3 609.9
558.7 571.3 577.4 578.6 581 580.9 585.2 589.3 590.5 589.7 589.4 593.1 592 591.4 589.9 590.1 590.2 590.1 589.2 586.5 583.6 580.5 577.1 574.5 572.5 570.4 568.8 567 556.4 559.6 545.4 561.1 569.9 576.4 581.4 586.7 590.5 593.5 596.8 597 600.7 604.3 608.5 614.5 617 622.8 632.4 645.3 656.2 659.3 648.6 643 641.1 640.2 636 629.6 621.3 616.5 615.1 609.5 602.2 599 594.3 591.5 591.4 591.2 591.5 596.9 601.2 601.4 605 609.5 612.7 613.1 609.1 604.8 600.5 593.5
561.1 568.9 575.1 574.9 575.7 579.4 586.4 591.1 591.5 591.3 591.6 590.9 590.3 587.8 585.7 584.4 584 583.1 581.8 579 576.1 573.2 570.4 568.2 566.1 562.3 557.3 557.5 540.5 536.6 556.8 568.4 572.6 576.8 579.5 583.2 585.4 588 588.4 587.6 591.1 595 598.1 601.5 605.3 613.7 625 639.9 651.4 646.3 637.9 633.2 634 629.6 626.8 621.5 613.3 609.7 608.1 603.3 598.1 593.4 589.1 586.7 586.4 587.2 587.1 588.3 587.2 589.1 591.5 596.7 600.3 599.5 596.6 589.9 584.8 582.1
559.3 567.6 569.5 570.2 574 580 588.3 590.5 590.5 590.4 590.1 588.8 588.1 586.3 583 580.3 578.6 576.9 574.3 571.3 568.3 565.2 562.5 560.1 559.1 556.8 551.8 541 522.5 549.6 559.3 565.4 569.3 573 575.6 576.9 576.9 577.1 578.4 579.9 581.9 585.4 588.3 592.1 596.4 606.9 616.6 629.3 634.3 631.5 624.5 626 625.3 617.7 616.1 610.1 603.5 602.3 598.4 595.4 590 584.2 580.5 577.8 576.8 577.4 576.3 575 574.5 575.5 577.1 581.8 586.1 584.2 579.2 572.6 567.5 567.6
557.3 561.7 565.1 569.8 571.4 575.2 583.4 588 589 589.3 588.9 588.1 586.6 584.3 579.3 573.9 573.3 570.4 567.2 563.5 560.2 557.4 554.7 551.9 549 548.4 545.1 534.5 519.7 543.4 547.3 557.4 559.8 560.6 565.5 565.6 567.4 569.9 572.5 571.3 571.5 575.8 581.4 581.9 588.3 596.1 605.8 607.1 613.3 613.4 615.8 615.8 617.6 608.7 602.3 599 593.5 592.4 588.5 585.6 580.2 574.8 574.4 571 569.2 566.7 564.7 562.9 561.8 561.7 560.2 566.5 566 562.5 558.7 551.7 552.2 547.1
545.8 551.2 556.6 560.9 563.8 567.5 575.6 580.6 584.6 587.3 587.3 585.7 583.9 579.8 575.1 570.3 565.9 563.6 559.8 556 551.5 548.6 545.7 541.9 539.3 536.7 528.4 504.8 526.1 532.8 534.8 538.6 546.8 552.1 555 559.8 561.3 561.8 563.6 564.3 563.5 566.1 570.1 572.4 578.5 584.1 588.7 593.2 596.6 603.8 610.9 610.5 609.3 601.9 595.4 590.6 584.7 582.7 580 576.8 571.2 568.5 569.6 565.5 561.5 557.3 554.2 552.9 552.4 549.7 543.3 536.7 533.7 535.7 535 533.1 531.4 529.2
533.5 539 547.7 552.8 557.2 560.2 567.9 573.9 580.2 582.8 582.5 580.5 576.1 571.7 568 564.2 555.5 552.4 549.1 546 541.9 539.3 535.5 531.9 529.5 527.8 509.3 507 517.9 521.7 525.1 528.8 533.9 540.2 548.1 551.6 552.9 553.3 554.6 555.6 553.8 558 562.3 566.3 570.2 574.9 579.7 585.2 592.8 600.4 610.2 611.5 605.6 598.3 591.7 586.6 580.2 575.5 573.2 570.3 568.8 567.7 566.4 561.2 556.8 548.6 544.2 543.3 541.1 538 525.7 517.5 515.7 515.2 517.7 517.9 516 514.3
519.8 527.8 537.6 544.2 549.3 554.9 561.1 567.6 571.2 573.5 570.5 567.3 564 563.8 561.1 554.8 547.6 538 537 534.1 532.2 529.3 525.1 522.8 520.8 516.1 482.6 502.7 508.8 513.9 519.2 522.5 524.6 529.6 533 537.5 540.3 543.8 545.2 545.6 546 550 553.9 558.1 561.8 568.8 574.1 579.5 590 599.1 607.8 611.9 607.4 600 592.9 588.7 582.8 577.1 571.8 569.1 570.6 572 570 561 550.8 540 534.3 531.6 524.4 516.7 509.2 503.8 502.6 501.9 503.5 502.8 500.6 498.7
506.8 516.7 526.1 533.9 539.9 545.1 552 556.6 558.8 557.3 553.5 552.1 552.8 549.8 544.1 540.4 534.5 526.2 523 523.6 522.5 519.3 515.5 512.7 509.7 498.9 462.4 495 498.9 504.9 511.1 512.7 516.6 522 524.7 525.3 527 529.4 529.8 531.9 535.2 539.8 544.8 549.6 555.2 561 569.9 581.9 593 603.4 611.5 614.1 613.3 607.4 602.8 594 581.9 575.5 573.3 576.1 577.8 575 569.6 561.7 551.3 543.8 527 517 502 498.1 493.4 491 489.8 489.1 488.6 487.4 484.6 483.7
492.7 503.5 512.9 518.6 524.8 530.8 536.4 541.5 542.4 539.3 535.8 537.8 534.8 531.7 527.8 524.6 521 515 506.2 510.4 511.6 508.9 504.3 502.5 496.4 477.5 454.7 486.4 493.3 498.7 503.3 506 510.3 513.2 511.3 512.8 513.8 516.2 520 522.2 526.2 530.2 536.8 542.6 550.6 560.7 571.6 582.7 595.1 607.4 617.2 620.6 620.2 606.7 599.7 592.1 583.3 579.4 583.4 586.2 585.8 581.4 574.7 572.9 569.6 557.2 532.2 509.9 489.6 481.8 481.1 480.2 478.3 477.3 477 473 468.8 469.8
476.8 488.2 495.8 501.3 508.9 515.4 518.4 521.4 522.7 520.4 518.7 518.2 516.8 515.1 514.6 511.1 505.6 499.2 492.6 495.2 497.4 495.4 491.4 486.9 483.4 456.4 457.1 479.5 488 493.3 496 498.5 496.4 496.2 497.8 499.7 505.7 508 511.1 515.9 519.7 524.9 530.7 539.8 547.3 558.7 569.8 584.6 596.9 611.4 620.9 621.4 617.5 606.4 599.6 591 588 593.5 599.5 598.6 593.4 589.1 591.2 587.8 578.4 558.1 525.5 504.5 487.2 475.2 471.6 470.9 468.8 468.5 467.5 465.2 460.2 457.7
454.6 465.5 473.5 482.1 491 496.2 497.9 499.6 499.4 501.3 499.5 504.1 501.6 501.1 498.2 494.3 489.1 484.8 484.6 478.8 484.6 484.1 481.4 477.5 471.2 423.9 458.1 473.6 479.1 481.6 482.5 480.5 482.1 484.7 487.4 490.9 495.5 499.6 501.3 508.6 512.8 520.5 529.6 538 546.2 559.3 569.8 587.4 602.4 615.4 621.6 622 617.9 611.4 601 596.3 596 600.7 603.2 601.2 595.3 582.8 584.8 582 571.9 551.6 527.6 508.5 494.4 479.1 467.1 461.8 459.7 457.8 457.7 456.7 452.4 448.3
430.3 443.6 452 461.6 467.9 474.5 478.8 479.9 481.4 480.3 481.4 481 481.3 481.9 480.5 476.5 471.1 471.5 472 459.3 467.3 471.1 471.2 464.9 457.7 418.8 454.5 463.8 466.3 468.9 468.9 467.1 469.1 473.5 478.3 482.8 482.3 494.1 502.9 512.1 519 525.1 531.7 540.5 548.6 563.1 578 595 606.9 618.3 625.7 625.7 618.6 609.3 602.5 601 599.5 603.5 602.1 592.8 578.6 570.1 566.3 566.5 560.7 543.9 523.1 506.1 492 478.6 464.4 456.1 452.7 448.4 450.4 448.8 443.6 439.2
410.6 420.9 426 437.8 444.6 450.2 459.7 462.8 461.3 460.8 462.1 463.2 465.9 464.1 461.5 457.6 452.4 454.7 455.2 448.6 449.7 453.6 453 452.8 444.6 409.8 440.7 451.5 454.7 455.6 455.8 454.8 458.2 463.6 461.1 473 485.8 496.2 504 510.3 518.8 526 533.1 544 553 569.1 580 593.1 608.4 617.2 625.4 625.2 616.7 610.4 607.1 605.5 604 602.3 594 577.5 569.7 561.3 552.4 547.5 538.2 526.7 512.6 497.4 482.2 468.3 459.5 451 445.7 440.5 441.5 436 433.5 429.1
394.1 403.3 412.8 420.7 426.7 426.8 439.8 442.1 442.5 445.6 446.2 447.2 446.9 444.3 444.4 440.1 439.6 442.2 442.3 439.1 435.6 435.7 437.8 436.3 420.7 393.1 432.4 437 438.5 439.7 440.1 438.4 443.2 448.7 463.4 477.8 485.8 494.1 501.8 508.4 517.8 524.4 531.2 540.4 562 580.5 591.2 594.8 607.6 616.8 622.8 622.1 616.8 608.9 608.4 606.5 603.1 595.3 583.1 569 563.2 555.6 548.1 538.2 529 519.4 506.6 491.1 475.4 462.3 453.5 444.5 432.7 433.1 428.6 421.9 418.7 418.1
377.4 386.1 396.6 403.5 408.3 409.1 418.2 422.1 426.3 424.6 431.1 429.5 430.1 430.2 429.4 425.8 426.7 426.5 424.4 422.7 418.9 418.4 415.8 417.4 394.6 408.6 416.4 416.6 420.1 423.1 414.7 423.9 442.7 459.4 470.9 477.3 484.7 492 499.3 506 515.5 520.3 532.8 547.1 566.9 578.5 585.2 588 593.8 604.4 613.1 612 605.4 604.6 604.8 603.4 598.6 590.5 575.5 562 558.5 553.7 543.9 531.9 524.2 515.6 504.4 487.2 467.7 457.1 447.5 438 430.4 420.7 414.1 407.5 404.5 404.7
357.8 368.1 380.2 388.7 391 390.6 398.3 404.5 404.7 410.5 415.7 413.4 415 416.8 411.6 414.9 415.5 413.7 413.2 413.1 408.8 403.7 399.8 397.6 380.5 395.2 405.7 401.3 403.5 395.5 405.3 433.1 449.8 460 469.5 476.8 482.7 489 496 502.6 508 516.5 532.8 544.7 560.8 569.9 579.7 582.6 585.3 591.6 598.7 596.8 598.5 600.9 601.8 600.2 597 587.2 570.9 560.5 553.3 546.5 537.5 526.1 517.6 508.4 498.9 486.5 470.2 453.9 442.4 430.3 423.3 419.7 410.2 403.2 394.8 391.8
341.7 354.6 365.2 369.9 375.2 383.3 385.5 388.4 392 398.5 401 399.8 400 400.1 401.8 403.5 404 402.5 400.9 399.4 399.8 385.4 386.1 388 365.3 381 388.6 388.6 378.3 399.1 422.3 436.6 445.7 453.9 461.8 469.6 475 483.5 490.6 495.3 498 511.4 522.4 531.5 547 559.2 564 572.4 580.2 585.1 585.2 590.1 594.1 599.5 600.2 599.3 594.7 588.2 579.3 565 551.4 541.3 534 527.9 514.4 505.5 501.4 490.1 473.8 462.2 449.9 441.1 429.5 419.8 412.7 404.3 400.3 391.1
331.1 343.4 351 356.5 365.6 372.6 371.2 374 378.9 384.7 386.6 387.9 382.9 386.5 388.4 388.5 388.3 387.1 386.1 383.3 379.2 374.5 374.3 375.5 353.2 369.1 370.1 360.1 381 404.6 420.4 430.4 439.3 448.5 455.7 460.4 467.3 473.8 480.6 487.2 489 501.5 510.6 520.4 534.6 544.3 551.8 562.9 569.8 576.5 581.6 585.9 591.1 594.4 597.8 598.4 594.3 591.7 589.8 578.9 562.1 545 537.5 529 522.9 518.1 504.9 492.7 480.5 465.8 460 448 435.1 423.8 412 401.4 391.5 385.6
318.2 328.7 336.9 345.3 353.3 356.3 358.9 362.6 367.2 371.2 372.6 374.6 373.3 375 373.5 372.6 370.6 370.1 367.7 365.8 362.9 359.2 364.6 362.8 347.2 351.9 337.9 358 382.3 393.4 404.7 419.6 429.9 438.9 445.8 451.3 456.9 460.5 465.1 465.6 477.4 485 495.3 506.9 519.6 532 540.5 551.1 561.6 568.5 572.2 575.1 579.3 584.6 589.7 590.9 592.7 593.3 592.1 589.7 579.2 562 546.6 542.6 539.4 525 509.5 492.2 480 476.9 467.2 452.9 436.7 426 414.8 399.6 387.3 375.7
