public/OST50/NN42.asc
ncols 200
nrows 200
xllcorner 240000
yllcorner 720000
cellsize 50
[rows 35 to 69 of 200, columns 0 to 77 of 200]
477.8 481.9 483.2 486.1 487.7 488.8 490.6 490.3 489.1 486 484.5 484 481.9 480.1 484 483.3 485 485.1 478.6 475.1 476.8 466 462.2 467.2 466 465.4 462.6 460.6 462.2 461.6 463.8 466.5 465.6 467.8 470 464 463 455.1 449 446.2 445.6 444.7 446.2 449.1 453.1 451.4 450.5 451.8 445.2 438.3 433.3 431.7 431.7 434.7 439.2 448.6 456.5 462.7 463.6 461.2 460.7 454.7 447.2 442.3 438.1 431.6 410 387.7 376.1 357.4 333.3 318.5 301.3 292.1 278.6 266.9 256.7 250.2
476.3 480.5 482.9 485.7 487.2 490.6 491.8 491.5 492.6 491.2 493.4 490 490.9 491.9 495.1 495.2 492.8 491.1 490.3 485.2 486.2 478.3 477.8 485.5 477.5 474.2 471.8 474.7 475.3 476.5 476.2 472.7 471.4 471.8 470.6 468 463.4 457.7 453 450.5 446.3 443.7 446.6 455.5 462.1 462.7 458.7 455.5 445 435.8 424.6 423.7 426.1 428.6 437.2 453.2 459.4 456.2 458.4 452.4 449 439.4 430 421 409.6 394.1 379.3 364.4 354.7 337.2 319.1 303.8 289.2 275.7 265.8 261.7 254.1 247.2
475 478.6 481.8 484.1 485.7 490.8 491.8 493.3 493.6 494.7 497.3 496 494.7 497 497.8 497.7 494.7 493.8 499.1 501.8 498.8 494.1 491.4 489.3 487.2 484.4 475.9 476.2 479.9 479.6 482.2 480.9 477.5 475.1 476.3 466.2 460.1 460.8 453.5 445 441.4 440.5 443.9 453.1 456.8 456 452.1 442.6 434.9 424.9 421.7 419.3 420.2 429.4 445.7 448.4 446.3 441.6 435.8 429.6 424.1 414.1 410.7 395.2 380.1 363.6 352.4 342 329.7 312.7 294.4 283.8 276 268 261.4 254.2 248.4 241.8
477 480.4 477.6 478.5 484 487.9 490.6 492.5 493.6 493.5 497.9 498 499.1 502.1 502.1 496.3 498.8 498.5 497.4 497.8 498.6 495.2 492.9 493.1 488.3 486 479.8 481 477.9 481.3 483.6 478.4 468.7 462.8 467.3 459.8 458 453.2 446.3 444.1 441.6 441.3 439.7 441.3 441.3 445.1 440.1 435.2 426.4 424.2 418.7 416.4 418 430.1 435.2 429.7 426.2 420.7 416.6 409.5 396.5 382 373.3 355.4 338.7 331.4 322.9 310.6 302.8 293.7 282.9 271.7 263.1 258.1 252 247.5 240.8 232.7
483.7 484.2 484.1 477.6 477.6 481.5 483.6 487.5 488.7 489.3 493.6 494.4 495.5 494.8 493.3 493.2 492.2 492.4 492.3 493.9 492.6 492.5 493.9 494 487.3 482.8 477.2 477.1 479.1 481.9 470.4 461.2 454.3 450 453.4 451.6 453.1 451.5 440.8 437.5 439.5 434.4 433 434 432.2 432.6 433.1 423.1 420.5 416.6 412.5 409.1 414.9 424.6 423.7 417.2 405.4 397.4 383.3 370.5 351.1 339.9 332.7 324.7 316 309.2 302.2 289.3 283.2 274.2 265.6 261.3 251.1 247.2 243.2 240.4 233.4 225.4
488.2 486.9 478.3 477.6 477.6 477.6 477.6 483.7 484.1 485.1 489.8 490.7 488.6 490.2 492 492.8 492.3 491.1 489.7 488.7 488 487.9 487.8 488.2 486.1 484.6 476 472.1 471.6 464.5 453.7 445.7 445.9 443.6 441.9 443.5 443.8 434.1 430 425.8 425.2 422.7 419 421.4 419.7 416.5 414.5 413.2 415.3 409.2 399.9 398 410.1 408.3 399.7 387 369.9 354.2 339.9 329 323.5 317.1 313.1 306.2 296.3 286.7 279.4 269.1 259.4 252.3 249.5 251.7 241.4 238.7 233.8 229.6 226.9 221
493.9 486.7 477.6 477.7 477.6 477.6 477.6 477.6 482.3 481.7 484 484.6 485.2 489.1 491.3 491.5 491.1 490.1 488 486.8 485.9 485 486.7 486.1 484.7 480.5 476.3 469.1 466.1 450 438.1 434.2 436.2 433.8 427 425.7 425.1 418.9 413.2 408 409.5 407.3 406.1 407.7 402.1 397.5 396.5 395.4 397.1 393 382.9 385.5 383.7 375 362 348.4 332.4 322.7 315.1 308.3 302.5 299.8 293.9 284.4 276 265 258.3 251.2 246.3 240.2 237 245.2 240.1 232.5 231 224.4 220.2 216.8
482.1 478.4 477.6 477.6 477.6 482.4 479.4 477.6 477.6 477.6 483.9 483.8 484.3 489.3 492 492.2 493.1 491.5 489.9 488.1 486.9 483.9 484.9 485.1 482.9 472.3 465.7 456.6 452.1 435.3 429.7 421.1 417.9 415.5 411.5 406.9 401.9 401.1 395.5 394.2 399.2 397.5 391.9 387.4 387.3 386.9 381.9 373.9 371.1 367.5 363.6 356.7 345 334.6 327.5 320.1 313.4 309.7 300.1 292.6 287.3 276.5 267.9 262.9 257.3 253.4 246.1 241.1 238 232.7 228.2 226.5 229.7 225.6 222.3 218.1 214.6 214.2
477.6 477.6 477.6 477.6 477.6 477.6 477.6 477.6 477.6 480.6 485.3 487.5 487.5 491.4 496.3 496.5 495.3 494.4 493.3 492.2 488.2 483.7 482.7 477.2 470.3 466.4 457.3 441.8 425.2 418 417.4 406.9 401.1 400.8 399.8 389.4 382.7 377.2 377.1 378.2 376.4 374.9 369.2 360 361.4 361.4 357.2 353.4 343.5 346.8 334.2 322.3 313.8 306 299.5 294.5 291.5 289.6 280.6 271.8 264.8 259.7 250 247.6 245.8 243.5 235.2 231.3 228.5 226.2 222.8 218.8 215.4 216.1 215.4 214 211.1 212.4
481.6 487.7 480.3 483.5 477.6 477.7 477.6 477.6 477.6 481.4 486 488.9 492 494.1 497.8 500.8 505.6 505.2 499.9 490.3 485.7 479.9 476.8 470 459.5 451.3 436.1 419.7 406.9 402 395.2 393.3 391.9 391.1 385.1 374.8 367.9 363.1 358 357 355.5 351.2 343.8 339 337 334 334.5 324.6 320.2 317.3 302.5 294.5 288.7 283.6 278.3 274.3 270.3 265.7 260 253 243.1 237.2 233 235 226.7 223.6 221 217.9 218.9 215.8 210.2 209.3 210.6 212 213.8 213.2 210.7 206.7
492.7 493 490.4 495.3 490.4 488.1 483.6 480.5 480.2 485.3 494.5 499.7 503.2 500.9 504.7 508 504 499.8 495.8 490.1 485.2 477.4 474.6 464.4 451.3 430.3 412.7 403.9 400.8 397.7 390.4 385.1 378.6 368.2 363.5 358.7 355.1 348.5 340.6 339.3 338.1 333.7 328.2 323.4 318.6 311.9 306.2 303.7 299 293.3 284.8 275.5 267.5 261.7 257.1 254.9 252.1 243.8 241.4 230 228.2 221.2 215.5 216.5 209 205.7 205.4 206.3 206.9 207.8 205.5 206.5 206.9 207.3 207.1 205.4 203.6 203.2
504.2 505 497.5 495.2 490.7 484.2 481.2 481.3 485 495 498.9 501.7 506.1 507.9 507.8 508.8 505.8 501.4 496.7 488.1 476.6 465 462.6 450 435.3 417.9 408.3 399.5 396 392.5 388.2 377.9 362.1 348.4 341.5 342.4 338.8 330.2 324.6 322.2 318.4 311.7 308.7 305.5 299.8 294.4 289.4 287.6 281.9 272.7 266.4 259 249.8 238.8 235.5 236.2 230.4 224.2 219.7 218.6 206.5 207.4 202.5 204.8 200.9 193.8 195.3 196.6 197.7 197.5 197.3 199.9 201.3 198.8 199.6 202.5 202.2 200.1
504.2 501.9 500.9 495.9 493.7 486 486.4 487.4 499.4 505.1 512.8 510.8 508.5 510.9 510.1 508.8 507.9 505.6 505.1 502.1 484.4 462.4 445.1 438.5 424.3 414.8 408 403.7 400.7 396.6 376.4 361.2 347 331.9 325.9 327.3 322.9 311.8 303.9 304 300 292.4 288.9 287.9 282.5 273.3 273.1 269.7 263 254.4 247.3 242 235.7 227 218.1 209.8 214.3 206.7 202.4 195.8 194.8 190.5 188.2 187.2 186.9 183 181.3 180 182.7 184.6 186.1 189.6 191.2 191.5 196.2 194.9 196.2 195.2
505.7 507.6 509.1 502.9 498.6 488.8 490.9 495.8 505.8 512.7 516.6 520.7 519.9 515 516.2 513.4 512.1 510.6 508.6 496.6 471.5 456.8 441.8 427.9 415.4 410.8 406.1 398 388.8 373.6 359.7 345.2 328.8 318.3 315.6 313.9 308.8 299.8 290 284.7 283.5 278.6 271.6 270.2 267.9 262.5 255.9 249.8 241.9 236.1 227.2 223.3 219.7 214.8 209.7 202.7 193 190.7 185.8 180.8 180 176.2 175.8 174.9 171.5 166.6 166.2 168.7 168.1 170.3 172.7 177.5 181.5 184.4 188.1 188.4 189.6 193
512.3 512 509.8 502.3 495.1 487.1 492.8 497.8 509.3 516.9 525.2 529.6 532.2 530.7 526.7 519.3 515.7 511 495.3 476.9 455.5 436.7 429.5 419.6 407 400.7 383.9 373.3 365.5 349 334.1 326.6 319.3 308.2 301.5 297.9 293.9 288.2 283 278.3 275.9 270.2 261.3 253.7 252.3 246.6 237.7 229.4 220.3 215.3 208.3 200.6 202.1 197.6 189.6 183.9 179.5 175.8 171.9 171.5 167.6 165.9 164 163.1 160.1 160.2 160 159.3 159.1 159.1 161.4 164.5 169 174.3 178.4 182 185.3 188.2
507.7 505.5 501.2 498.9 492.8 487 494.8 499 516.5 526.3 529.4 533.8 535.7 536.4 534 528.2 515.9 502.4 475.5 452.5 435.3 416.4 400.1 391.2 380.4 371.9 359.9 344.3 335.9 326.7 313.6 310.1 302.4 301 288.8 282.8 280.4 275.7 272.3 269 264.2 258 249.5 241.6 237.9 230.6 219 212 202 204.8 196 190.2 186.5 186.6 179.6 172.6 168.8 161.7 160.2 157.9 156.2 157.8 157.6 158.6 159.1 159.6 159.3 159.2 159.6 159 159.2 157.6 155.7 162.1 167.1 172.8 175.8 176.5
492.9 493.4 493.9 492.5 489.6 488.9 499.8 508.8 521.3 530.4 533.7 535.8 541.7 544.5 543.2 538.9 519.6 480.2 448.9 425.3 406.3 389.3 380.6 369.5 359.8 347.5 341 330.2 320.8 310.3 303.9 294.5 293.7 288.6 278.4 271.9 266.7 262 259.3 254.2 249 241.5 232.9 230 223.9 215.5 209.3 205.7 194.9 192.8 187.3 182.9 176.8 174.4 169.6 161.4 157.4 157.7 154.4 154.4 154.4 154.4 154.4 154.4 154.4 156.2 158 158.6 158.3 160.7 158.5 155.1 155.1 155.1 158 162.1 162.6 160.8
490.9 492.8 495.4 492.4 490.6 488.4 504 513.8 522.6 527.4 532.5 541.3 547.2 549 552.8 530.9 495.1 455.5 422.9 400.5 383.3 369.1 361.1 352.2 340.3 331.4 324.2 317 308.7 299.6 293.5 287.3 281.3 277.6 270.6 265 255.4 250.7 244.7 238.4 233.2 231.5 223.3 218.8 214.5 206.4 201.3 200.3 192.3 182.5 176.4 169.7 165.6 160.9 157.2 154.4 154.4 154.4 154.4 154.4 154.4 154.4 154.4 154.4 154.4 154.4 157.7 158.2 157.4 158 155.1 155.5 155.1 155.1 155.1 156.9 157.3 156.5
488.8 485.4 485.8 484.4 484.5 490.6 503.2 514 522.4 527.8 535.4 544.5 550.2 553.4 546.8 507.4 468.6 427 399.5 377.9 365.9 353.6 346.5 338.5 330.5 322.6 312.5 303.2 296.5 288.3 282.8 278.9 270 263.2 257.4 251.9 246.4 238.9 232.6 226.5 222.4 219.9 218.3 213.2 209.3 204.9 196.6 191.1 181.8 176.4 167.9 160.6 157.6 155.1 154.4 154.4 154.4 154.4 154.4 154.4 154.4 154.4 154.4 154.4 154.4 154.4 157.4 158.2 155.2 155.1 155.2 159.9 159.1 157 155.1 155.3 155.1 155.1
484.7 483.9 484.4 484.9 484.6 492.4 507.3 516.6 525.2 529.9 535.5 540.9 546.2 543.4 533.5 491.4 445.5 410.2 386.9 367.6 354.9 347.2 343.5 326.7 321 308.8 303.6 297.3 287.3 280.7 275.2 270.3 262.3 256 247.5 243.9 238 233.8 225.4 221.3 218 213.9 213.8 208.5 204.1 198.1 189.9 182.7 174.9 166.3 157.5 154.4 154.4 154.4 154.4 154.4 154.4 154.4 154.4 154.4 154.4 154.4 154.4 154.4 156.5 158.3 157.8 155.2 155.3 155.1 161.1 164.7 163.7 159.4 156 155.1 155.1 155.1
482.1 486.6 485.8 485.5 487.2 496 505.6 517.7 521.7 529.6 537.6 542.6 545.6 542.9 514.5 465.5 422.2 394.4 370.1 354.7 345 336.6 330.1 320.5 312.8 301 294.3 285.4 279.6 271.7 265.5 257.7 252.2 246.3 238.3 233.5 227.6 224.4 222.4 213.8 213 210.6 206.7 203.2 197.2 187.9 182 174.3 164.4 156.7 154.4 154.4 154.4 154.4 154.4 154.4 154.4 154.4 154.4 154.4 154.4 154.4 154.4 158.1 160.6 160.6 158.5 155.1 155.1 155.9 161.4 164.1 162.5 159.6 157.2 156.5 161.5 162.3
480 481.9 483.4 486.5 488.6 495.2 502 510.8 517.6 524.8 534.5 539.9 537.1 518.7 483.7 443.3 410.2 385.3 358.6 344.8 335.9 327.5 317.6 317.6 304.8 293.5 285.8 278.1 268 260.8 253.1 248.9 241.5 233.8 230.3 222.8 219.8 212.9 212.3 210.3 207.3 205.5 198.6 192.6 187.4 181.2 172.6 165.2 157.6 154.6 154.4 154.4 154.4 154.4 154.4 154.4 154.4 154.4 154.4 154.4 154.4 154.4 156.5 159.1 160.3 160.3 157.4 155.1 155.1 156.9 160.1 161.5 164.3 163.1 162.2 160.5 167.9 177
482.3 481.6 483.1 490.6 491.8 490.5 503.6 514 520.2 526.5 525.9 524.6 510.1 487.6 457.7 425.2 393.8 370.3 350.3 335.1 334.7 320.7 311.3 302.9 290.2 280.1 274.7 266.5 257.8 249.2 242.9 237.5 237.1 227 222.2 216.6 210 206.1 199.8 206 204 203.9 197.6 186.7 179.6 174 166.8 160.2 157.2 155.9 154.4 154.4 154.4 154.4 154.4 154.4 154.4 154.4 154.4 154.4 154.4 154.4 156.2 156.4 155.1 156 155.1 155.2 155.1 156 158.4 161.1 165.8 173.7 182.2 173.5 177.1 173.5
488.3 486.4 482.6 483.1 487.3 486.1 497 511.7 522.2 526.5 528.3 518.9 502.8 459 431.5 405.3 379.1 358.2 338.3 332.1 325.8 311.7 299.6 295.5 280.6 270.2 261.1 250.6 250.7 243.4 233 224.7 219.7 216 212.3 207 202.9 200.5 196.9 190.3 195.6 191.2 183.2 178.8 175.7 170.8 163.5 160.7 163.1 155.5 154.4 154.4 154.4 154.4 154.4 154.4 156.5 154.4 154.4 154.4 154.4 154.4 154.4 154.7 155.1 155.1 155.1 155.1 155.5 158.1 161.8 171.6 187.9 202.9 207.4 193.6 188.5 173.8
482.6 482.5 473.1 472.1 474.7 480.3 493.2 510.4 518.5 520.8 512.9 507.3 482 439 412.9 386.4 363.4 345.3 332.2 322.6 313.2 297.6 283.9 277.6 271.3 258.7 249.4 239.5 237.9 228.4 225 218.2 213.9 211.9 211.5 209.6 201.7 195.4 193.4 184.6 180.5 176.5 177.4 171.9 172.1 169.1 165.2 160.5 154.4 154.4 154.4 154.4 154.4 154.4 158.3 160.8 160.2 154.4 154.4 154.4 154.4 154.4 154.4 154.4 157.2 157.4 157.1 157.7 161 169.9 179.8 195.2 207.7 219.8 208.2 193.5 182.7 181.3
481.1 478.1 472.3 466.3 465 472.6 485.9 499 503.2 500 495.6 489.1 457.9 428 398.4 371.7 350.5 338.1 322.6 307.6 296 286.4 274.6 262.9 257.5 246.2 239.5 236.3 232.8 228.4 219.7 217.2 219.4 219.5 217.5 209.9 199.1 198.4 191.8 180.1 175.8 174.4 173.4 178.4 178.5 171.7 162.8 155.9 154.4 154.4 154.4 154.4 157.1 161.9 164.5 165.7 164.2 159 154.4 154.4 154.4 154.4 154.4 159.4 164.9 164.9 164.5 171.7 182.4 194.2 203.7 213.8 225.2 222.5 204.9 200.1 196.5 194.7
467.3 456 453.6 456.1 454.4 462 475.1 484.1 487.3 483.5 470 452.3 436.3 405.8 378.6 358.6 350.9 335.6 324.8 310.9 294.9 280.2 266 253.6 244.9 242.6 233 228 227.4 222.6 217.6 217.3 218.2 218.7 218.1 213.8 202.9 191.9 189.4 188.3 180.7 175.6 176.3 186 192.1 171.7 155.4 154.4 154.4 154.4 154.4 157.4 163.1 166.5 167.3 166.9 166.1 163.6 160.4 157.3 156.6 160 168.3 176.8 183 179.6 185.3 197.2 209.4 218.1 223.9 229.3 222 211.4 207.3 210.5 208.2 210.6
444.4 436.1 437.5 438.4 441.8 449 461.3 465.3 464 454.2 438.3 424.1 403.9 376 357.5 348.7 336.1 329.1 325.9 304.4 285.8 275.4 264.1 251 237.8 228.8 224.5 221.4 216.7 215.6 213.5 216.3 219.3 215.9 214.5 206.3 202 198.8 200.5 195.8 186.8 181.1 178.5 178.6 176.6 163.9 154.4 154.4 154.4 154.4 154.7 161.7 165.6 167.7 168.1 166.9 166.8 166.5 164.3 164.9 170.3 177.6 187.5 194.3 198.3 208.1 220 227.2 230.4 235.6 232.4 225.7 216.1 204.3 213.6 221.9 224.4 224.7
429.7 427.4 417.8 420.9 419.9 431.7 442.9 434.3 424.2 413.6 401 383.8 364.4 352.8 335.1 323.1 313.7 306.4 295.1 283.9 276.3 267.2 257.2 244.9 233.6 223.3 216.8 214.3 209.8 210.6 208.4 212 212.4 211.4 213.2 210.9 211.4 212.7 212.7 201 190.2 181.1 173.8 168.3 163.3 154.4 154.4 154.4 154.4 155.9 160.3 164 166 168.3 170.6 169.4 171.9 174 173.5 181.7 184.6 191.3 200.2 207.3 225 234.5 244.5 253.6 244.1 238.6 231 221.5 210.1 215.7 225.1 232.5 236.5 237.8
402.7 403.1 397.5 394.4 396.4 406.7 402.6 394.5 383.9 374.1 361.4 351.2 339 325.6 313.1 299.5 288.3 280.8 274.7 268.3 262.5 255.4 246.5 236.1 226.4 218.3 205.4 208.7 205.3 204.2 206.6 205.7 209.8 207.3 207.7 217.1 221.2 215.7 209.6 194.3 182.1 171.4 161.4 154.4 154.4 154.4 154.4 154.4 156 159.1 163 165.2 169.4 171.9 177 175.3 182.6 180.5 187.1 196.2 197.3 207.2 218.7 228.5 240.6 254.1 260 256.1 246.5 234.9 225.7 220 223.1 230.7 237.2 242.8 247.9 251.4
379.4 380.3 377.5 371.9 380.3 375.3 370.7 360.8 348.6 341.2 331.1 322.7 312.3 302.1 292.7 283.7 275.7 267.1 258.9 250.2 243.9 238.4 231.1 222.1 213.9 205.3 197.1 195.2 195.7 193.8 194.7 195.8 197.1 195.1 197.1 203.1 206 208.3 195.2 178.8 167 155 154.4 154.4 154.4 154.4 154.4 154.4 156.5 160.5 165.7 168.1 172.5 174.7 181.2 187.5 192 199.7 209.8 215.2 220.9 230.8 243.4 251.5 256.1 261.4 260.8 253.6 240 231.1 228.3 234.7 240.3 245.3 251.4 256.8 263.5 268.6
360.1 360.4 360.8 354.2 365.7 364.3 361.2 351.5 339.1 325.3 315.5 303.2 301.1 291 282.2 271.1 262.7 252.9 240.8 227.4 222.7 216.5 212.8 205.8 200.1 202.1 193.2 185.6 185.1 185.7 177.7 176.7 178.5 176.8 177.2 176.3 177.2 177 170.5 157.5 154.4 154.4 154.4 154.4 154.4 154.4 154.4 154.4 159.4 163.7 169.6 176.1 178.1 180.6 186.9 203.8 211.3 223.9 227.3 235.5 247.1 259.7 267.9 267.7 267.8 266.5 261.6 251.8 241 237.2 245.2 253 255 262 267.7 273.2 280.8 291.2
335.4 338.9 340 336.2 345 340.6 333.2 325.1 320.5 310.5 299.1 284.8 276.9 275.3 269.1 258.4 247.9 235.3 224 213.1 203.6 197.6 195.5 196 193.5 193.6 191.4 185.2 179 177.4 164.7 161.5 160.7 158.7 154.8 154.4 154.4 154.4 154.4 154.4 154.4 154.4 154.4 154.4 154.4 154.4 154.4 158.2 163.5 167.3 174.2 181.8 184.1 190.1 202.5 215 228.6 239.1 249.4 256.4 268.1 273.6 275.5 275.4 273 267.9 260 249 247.9 251.6 258.5 268.1 273.2 278.7 284.1 294.4 303.5 316.7
318 320.2 316.5 316.6 318.7 309.9 309.2 300.5 296.6 288.6 280.9 271.9 263.8 261.2 255.4 246.5 232.8 223.1 217.8 213.6 208.5 204.3 201 196.9 192.2 192.3 191.3 182.9 173.6 169.3 160.8 157.4 154.4 154.4 154.4 154.4 154.4 154.4 154.4 154.4 154.4 154.4 154.4 154.4 154.4 154.4 158.6 164.1 167.7 173.1 182.7 188 197.2 207.9 223.2 233.1 239 249.2 262.4 270.9 275.8 278.6 279.5 278 273 264.6 258.5 261.5 262.3 267.7 276.1 284.2 290.9 297.6 305.8 315.9 329.1 343.3
310.3 308.9 306.9 305.2 302.9 298.5 290.8 286.7 285.7 282.4 276.2 266.5 257.2 252.3 244.8 234.3 223.4 219.7 220.7 218 213.8 208.9 203.8 195.8 189.6 185 185.1 178.1 172.6 160.6 157.6 154.4 154.4 154.4 154.4 154.4 154.4 154.4 154.4 154.4 154.4 154.4 154.4 154.4 154.4 157.2 163.1 170.9 175.7 182.3 193.6 205.8 211.4 221.7 234.5 246.1 257.1 261.9 271.1 277.3 280.4 280.6 278.8 275.5 268.8 267.1 274 278.2 280.7 284.6 292.4 300 309.6 318.8 330 342.1 358.5 373.3
