public/OST50/NN42.asc
ncols 200
nrows 200
xllcorner 240000
yllcorner 720000
cellsize 50
[rows 140 to 174 of 200, columns 0 to 77 of 200]
479.3 469.6 461 473.8 488.3 505.2 529.7 552.1 578 605.6 628.8 659.7 692.6 725.4 761 793.7 821.1 843.2 846.5 830.4 795.3 752.2 725.3 702.8 675.4 665.3 658.9 647.7 635.3 633.8 626.6 610.7 609.4 597.2 586.8 565.1 534.5 502.8 476.9 466.4 454.4 444 434.5 434.4 441.3 457.8 475.5 496.7 518.9 545.2 563.2 587.3 610.9 634.7 666.6 702.3 740.5 768.6 802.4 835.5 866.5 905.6 945.3 977.5 1003.8 1023.6 1045 1064 1081.5 1069.8 1031 1005.3 985.2 961.8 937.3 922.1 909.4 898.7
490 479 467 476.4 492.1 508.3 533.1 556.5 576.6 598.6 619.7 648.3 680.5 711.8 745.6 781.3 812.4 842.7 850.7 831.2 796 755 728 710.5 683.6 667 662 652.9 647.5 644.5 630.8 619.2 616.3 614.3 606.9 581.4 545.6 512.3 482.3 471 458.3 446.2 438.6 439.6 448.2 465.6 491.6 506.3 527.3 551.4 573.2 595.6 623.1 644.3 675.7 712.4 746.6 776.4 808.8 841.9 879.4 914 953.8 988.5 1017.4 1039.3 1059.5 1079.4 1096.4 1086.6 1054.2 1032.4 1010.6 990.2 960.7 950 938.6 914.4
497.8 485.7 473.5 479.9 495.8 512.5 534.2 557 578.5 596.6 614.3 635.7 663.5 695.9 733.8 771.8 802 838.2 850.6 827.9 795.5 760.6 733 717.3 688.9 667.4 665.3 663.4 658 652.2 644.8 631 619.5 623.2 614.6 588.4 555.2 522.9 497.9 481.6 467.5 456.9 448.6 447.4 460.6 473.5 497.8 515.5 539.9 563.7 583.3 604.3 629 658.1 684.7 718 752.3 784.1 815.9 853.4 889.4 919.8 959 992.4 1029.6 1051.7 1073.6 1093.9 1111.5 1108.1 1081.3 1059.5 1037.7 1015.9 996.8 992.5 974.1 933
505.3 493.2 481.5 487.1 501.5 514.8 537.7 560.9 583.1 601.6 617 635.1 659.9 695 732.7 770.1 803.8 836.5 840.8 816.7 792.2 762.3 741.5 720.8 693.1 675.5 671.9 671.4 667 662.9 655.4 639.6 619.9 630.3 615.3 582.5 554.2 530.7 506.8 491.2 478.3 470 460.5 457.7 469.8 485.7 503.6 526.4 553.2 576.4 593.9 615.8 638.9 663 687.6 725.1 762.1 794.9 820 857.2 885.7 914.8 953.7 989.6 1032.3 1061.4 1084.9 1106.8 1125.3 1130.4 1109.2 1085.1 1064.9 1045.6 1031.5 1012.1 983.2 946.5
512.3 499.5 489.9 493.4 506.5 518.9 543.5 563.2 588.6 607.3 625 642.6 666.6 695.9 733.9 767.4 803.1 833.9 829.7 814.7 797 769.9 748 719.4 698.4 687.1 685.4 685.4 678.5 676.8 666.3 649.2 619.8 624.6 606 569.5 544.5 529.6 514.6 499.8 491.6 482.7 473.7 468.2 482.8 500.1 521.3 540.5 559.6 581.5 600.2 630.5 653.4 674.2 695.1 726.7 757.9 793.1 817 843.4 874.5 903 944.1 980.2 1023.3 1063.7 1089.9 1113.6 1135.8 1155.2 1134.4 1108.5 1082.4 1056.3 1031.1 1006.5 985.3 950.2
517.5 506.4 496.9 500.6 511.1 524.1 547.1 567.2 593.8 615.6 634 652.6 672.1 698.2 734.6 767.2 800.2 826.8 824.4 808.9 788.7 763 739.2 719.1 708.6 694.4 690.7 693.1 692.4 686.7 672.9 654.7 624.8 615 591.3 563.5 538.1 529.1 515.8 501.9 497.6 493.6 489.2 484 494.4 514.5 538.3 557.2 572.9 589.9 610.4 635.3 658.1 678.9 702.1 725.3 755.3 782.9 806.7 832.9 861.3 892 933.1 965.2 1009.4 1055.6 1083 1107.3 1135 1161.4 1138.2 1105.2 1071.8 1038 1013.9 989.9 970.2 941.7
520.7 514.4 506.2 509.1 517.9 529.2 550.1 571.7 594.6 618.8 640.6 660.7 680 703.2 734 767 798.3 818.6 819.1 802.4 783 758 737.8 726.7 710.4 707.2 703 702 701.2 702.2 683.7 656.1 624.2 601.7 576.7 558.4 544.1 530.4 514.9 502 501 503 498.6 495.7 507.6 530.6 548.7 566.1 585.8 604.4 628.1 651.6 668.4 683.9 707.4 732.5 760.7 784.7 803.1 829 858.1 884.5 923.2 952.4 994.2 1043.9 1068.4 1092 1120.6 1137.7 1107.9 1074.5 1041.1 1008.3 980.6 963.5 951.6 927.6
525.6 522 512.2 516.7 521.2 535.1 553.5 574.1 593.1 622.9 650 667.8 686.5 708.3 735.6 766.8 796.1 819.1 814.6 798.7 781.2 764.6 746.8 731.2 721.7 716.5 715.9 719.2 715.3 712.1 691.4 666.1 627.4 599.9 576.2 553.9 542.4 529.8 519 506.7 498.6 502.8 503.8 494.6 512.8 541.6 560 580.7 601 622.4 648.7 667.3 687.5 695 722.2 743.7 764.7 783.1 801.8 833.7 859.9 880.9 911.9 941.4 980.6 1021.8 1047.5 1073 1104 1119.2 1086.4 1053.7 1021 989.6 960 936.7 928.7 912.2
532.1 525.6 523.4 525.7 530.2 540.4 558.5 577.9 598.7 623.5 653.7 675 691.6 713.5 739.9 770.4 797.6 817.2 814.9 800.5 794 775.8 758 743.7 739.3 732.5 736.1 734.6 732.4 723.9 702.2 673.6 638.5 607.9 581.9 560.3 539.2 527.6 518.8 507.1 497.9 499.4 500.1 492.7 520.7 546.4 570.5 594.3 621.7 646 665.4 678.5 693.4 710 728.7 750.7 766.7 787.7 815 842.2 864.3 879.9 904.7 929.3 960.2 991.8 1022.8 1053.2 1085.2 1099 1077.1 1046.8 1015.8 987.8 958.7 929.6 912.9 904.5
537.1 533.4 532.3 534.5 541.1 549.8 562.3 582.1 602.3 625 652 678.5 698.4 720.8 745.6 773.4 799.4 823.9 816.6 812.2 802.9 784.5 767.9 757.7 752.7 750.7 750.2 746.2 745.4 740.3 713.5 683 646.9 610.5 588.3 562.8 539.5 527.1 516.3 503.6 494.4 492.7 491.4 488.1 517.3 551.5 577.1 607.1 642.8 668.1 680.7 685.5 707.4 719 735.4 751.7 768.9 794.3 825.1 852.1 868.7 882.5 904 921.1 941.6 966.1 995.7 1033.8 1060.1 1078.6 1072.5 1043.2 1015.3 986.5 957.4 931.4 905.1 893.6
543 538.2 539.2 542.5 549.2 559.9 570 586.8 608.3 625 651.6 677 699.6 721.1 749.9 780.5 806.9 833.5 840 826.3 819.1 802.8 780.8 774 770 766.2 765.8 761.2 761.9 762.1 726.5 688.3 648 610.1 584.4 562.9 541.4 527.1 513.6 500.1 490.7 487.7 483.4 484.1 508 538.8 572.4 607.4 650.5 684.2 685.7 691.6 714.9 731.2 743.1 758.4 777 803.8 834 863.2 875.7 888.7 910.9 912.2 925.2 941 964.9 997.5 1029.4 1062.1 1070.6 1042.7 1014.3 986.6 961.9 935.8 907.8 885.4
547.7 544.6 546.1 548.8 558.3 566 576.4 590.1 612.3 630.4 650.5 672.5 699.9 725.2 752.4 783.5 811.2 844 857.4 844.9 832.5 811 796.7 795.2 789.3 787.5 791 790.3 787 776.5 734 693.8 646.8 610.2 585.5 566.5 545.5 522.5 511.8 496.7 487.3 484.1 480 481.5 499.9 526.6 558.5 597.8 636.4 674.8 668.8 691.4 718 746.8 760.8 772.8 791.1 818.1 848.1 879.6 891.2 896 906.7 902.9 901.9 913.7 941 978.6 1015.6 1041.5 1061.8 1042.1 1017.6 992.5 966.3 940.2 914.1 895.1
551.6 550 549 553.7 564.5 573 582.6 597.5 617.8 636.7 658.2 674.7 693.7 720.9 754.1 781.8 814 848 866.7 867.4 853.5 827.4 822.9 822.7 827.2 822.3 826.3 825.9 801.3 774.1 737.6 698.1 653 611.6 587.8 569.3 551.7 526.5 512 501.5 483.4 479 479.9 477.3 488.3 514.3 540.6 580.4 616.6 645 662.6 686.6 715.9 755.3 772.3 786.6 806.3 831 853.3 880.7 886.3 882.3 886.1 886.6 883 892.5 917.2 953.9 995 1021.1 1037.5 1048.8 1023.1 997.1 972.1 948.2 924.4 912.1
557.8 556 555.9 561.4 569.1 579.9 589 604.4 619.3 639.8 658.7 674.9 691.5 719.1 754 780.8 815.1 849.5 882.4 885 869.2 852.4 853.3 859 857.3 854.7 850.4 836 808.7 774.8 738.3 699 660 620.8 592 573.1 553.8 531.6 513.6 498.8 489.4 476.7 473.4 472.5 483.4 504.4 528.7 563.6 600.7 631.7 659.7 681.6 706.3 738.7 766.5 789.1 811.3 829.2 846.6 856.7 864.8 865.2 869.9 870.6 864.7 865.4 889.4 922.5 958.1 987.5 1007.3 1022.5 1031.6 1009 988.3 967.5 950.7 942.1
565.5 562.8 560.9 566.7 576.2 586.1 597.5 608.5 621.7 642.7 656.7 673 691.1 718 747.8 778.1 810.1 842.6 870.3 885.4 888.4 891.8 886.8 884.7 882 875.7 865.8 841.5 810.5 772.8 735.1 698 659.3 624.6 597.5 573.7 551.7 531 512.4 499.1 489.2 476 472.1 470.6 480.4 497.1 520.3 551.6 589.2 624.4 650.3 676.8 695.1 724.2 758.6 790.2 813 832.3 840.7 836 847.8 845.6 848.2 850 846.2 844.5 861.8 891.5 925.1 951.6 974.9 995.9 1017.2 1023.6 1007.6 992.3 976.2 970.3
569.5 569.1 566 574.2 583.2 590.7 602.6 613.6 626.8 642.5 657.5 673.5 687.7 713.2 739.8 773.8 799.3 829.6 852.6 878 904.6 917.4 918.1 919.4 907.5 905.9 878.6 848.3 813 770.8 729.6 694.2 663.3 632.9 605.3 585 562.5 540.8 519.2 500.7 487.1 475.2 470.8 469.7 474.5 491 512.2 541.8 576.8 609.6 637.9 667.2 684.2 707.8 750 783.5 801.6 823.9 830.8 824 815.8 818.8 820.9 822.3 824.7 826.1 843.9 866.9 895.1 920.1 943.1 972.9 998.1 1027.1 1029.8 1017.8 1007.4 1000.2
578 572.7 573.2 579.2 588.3 598.6 607.4 619 631.4 643.3 660.2 674.7 688.5 708.6 730.7 758.2 780.2 806 827.9 867.3 901.4 936 943.2 934.4 920.3 904.8 883.4 855.7 817.2 775.3 731.5 697.6 672.9 645.3 614.6 590.1 567.9 545.5 527.1 504.5 485.1 476.8 469.4 468.9 470.4 483.3 505.1 531.6 564.3 595.9 633.6 664.6 681.2 703.4 742.3 776.6 785 796.1 806.6 816.1 795.4 791.4 793.6 792.2 800.9 804.7 821.5 844.5 867.6 898.2 921.9 952.9 987.9 1019 1039.8 1044.7 1039.8 1031.3
585.1 581.4 582 586.6 592.3 602 611.4 624 634.3 646.3 662.3 674.5 688.6 703.3 725.3 744.6 765.8 790 815.5 851.1 886.9 927.4 954.8 945.5 927.3 902.5 883.9 861.3 821.3 779.6 738.8 707.3 684.5 656.4 625.5 601.3 576.6 551.5 529.1 509.8 486.9 474.1 467 467.3 470 479.2 500.9 532.6 563.3 595.1 629.8 661.1 681.6 702.5 730.9 760.4 775.4 778.4 793.6 791.3 779.9 777.2 775.1 775.6 783 788.5 799.8 824.6 845.9 876.8 903.3 947.2 985 1012.4 1033.8 1051.8 1058.8 1043.2
591.7 589.9 589.3 589.8 599.4 604.4 614.2 627.4 638.7 648.7 658.8 670.5 686.6 699.7 717 738.9 758.6 775.5 799.7 832 870.9 903.2 930.8 942.9 933.5 908.2 889 861.1 825.5 787.5 757 727.5 700.9 671.7 640.4 615.3 589.1 562.2 537.7 513.8 496.2 474.6 466.7 463.7 466.1 474.6 500.5 530.3 560.1 592.7 627.4 661.2 686.2 703.7 725.5 749.7 767.4 768.7 770 767.2 758.6 769.4 775.1 766.7 773.9 776.1 789.9 809.6 832.2 856.4 888.8 945.7 977.4 1004.3 1028.3 1048.3 1063.6 1049.9
599.3 596.9 597.8 600.9 603 612.7 622.8 633 642.9 651.8 660.2 670.9 683.7 696.4 712.5 731.6 749.2 761.9 787.9 818.3 849.6 881.7 905.8 919.2 922.2 910.9 894.1 872.9 844.5 811.9 781.3 752.4 723.6 693.3 661.1 632.1 608 578 546.3 521.8 500.9 480.7 467.2 463.3 463.4 475.5 497.8 528.2 557.4 590 624.9 655.8 682.5 699.3 724.8 736.6 752.2 758 757.8 751.7 750.9 752.9 759.7 757.6 755.2 763.3 786.3 803.6 820.2 846.7 886.9 927.3 966.1 996.4 1022.2 1043.7 1059.8 1043.7
606.3 605.6 606.9 612.2 611.7 617.9 628 639.7 646.8 655.8 663.4 672.4 681.9 694.7 708.6 724.1 736.6 753.3 771.9 802 830.5 860.6 891.6 908.7 915.9 911.1 900.7 885.8 860.2 829.9 800 770.4 741.1 713.2 684.1 655.1 626.9 595.4 560.8 536.1 513.5 487.8 465.5 462.1 463.2 470.4 492.3 521.6 552.2 585.9 619.2 650.2 675.6 692.3 715.7 731.1 744.5 752.6 755.5 745.4 744 736.6 746.5 741.8 738.5 757.3 777 796.7 811.7 843.4 884.1 919.1 956.7 990 1018.3 1040.6 1052.1 1026.1
615.5 613.6 615.7 623 623.8 621.6 634.4 646.6 654.6 659.9 667.6 676.4 683.6 698.7 709.1 718.7 730 745.9 760.7 785.9 816.6 840.5 879 910.7 915 913.9 906.6 895.5 872.3 838.7 807.6 779.3 750.4 727.2 702 675.4 645.7 612 575.9 548.7 526.5 496.2 471.3 462.3 463.4 472 489.4 516.9 544.1 580.5 614.1 648.3 677.8 687.3 707.6 721.8 734.3 744.3 750.3 736.2 729.5 722.8 730.7 730.5 733.3 745.8 769 789.6 805.4 838 877.4 917 952.9 986.1 1014.1 1036.8 1028.6 998.5
625 621.2 622.7 631.1 632.8 634.8 641.6 653.5 660.7 667 672.4 679.6 688.4 701.9 710.2 718.2 729.3 741 754 770.8 800.2 827.1 862 897.1 914.3 911.8 909.7 904.9 873.8 839.6 808.7 782.9 754.7 736.6 716.9 692.7 663.8 628.6 590.2 559.2 534.4 508.1 481.3 462.8 463.8 472.9 487.3 516.9 547.9 577.9 611.7 645.8 678 686.4 696.9 711.5 724.1 738.2 737.2 732.4 712.8 709.3 712.2 717.5 727.1 739 758.9 777.5 795.4 829.6 868.3 912.6 947.8 981.4 1012 1037.3 1016.5 985.7
635.4 628.2 632.5 637.4 641.2 648 651.9 660.1 669 675.2 682.1 689.1 695.9 704 711.7 724.1 729.8 738.7 756.8 769.3 791.7 819.9 848.6 884.8 902.7 906.6 902.5 893 866 835.8 804.7 785.3 760.8 746.7 729.4 709.5 676.9 642.3 604.5 566.1 544.4 519.4 492.2 464.7 464.2 473.1 484.7 514.4 541.4 570 604.7 640.3 677.5 684.5 691.5 703.8 711.1 723 730.6 721.6 704.3 699.2 703.9 707.2 725.1 735.2 746.2 768 788.6 818 859.5 899 934 972 1008.1 1034.4 1008.9 977.3
645.2 638.4 640.4 642.5 647.6 655.7 663.4 668.9 677.4 683.9 691.2 695.9 703.4 711.1 716.2 722.8 730.5 742.2 756.3 768.6 785.4 814.7 842.8 874.2 906 909.5 902.5 874.6 857.1 828.8 805.7 789.1 770 754.8 736.6 713 684.4 652.6 616.1 578.8 555.8 529.8 499.6 469.1 460.9 467.5 482.5 510.4 533.8 559.6 592.7 626.6 664.1 677.2 680.3 683 693.3 701.8 713.7 708.3 697.7 687.1 695.6 700.4 715.4 730.1 743.8 763.3 782.8 813.2 848.7 884.9 922.6 969.2 1002.1 1027.5 1003.9 968.5
667.3 650.7 649.1 649.8 656.4 664.1 673.2 678.7 685.9 691.5 698.2 703.9 709.6 716.9 722.5 730.4 737.8 747.4 761 768.7 781.3 805.2 832.7 858.1 886.8 912.1 891.4 869.1 847.1 820.2 799.4 791.3 775.3 759.1 739.3 715.7 687.6 659 626.1 593.9 565.4 535.9 504.9 473.5 459.2 456.8 474 500.8 529.1 550.5 575.6 604.4 630.3 656.4 651.7 655.5 666.9 677.9 684 684.3 679.4 671 678.9 696.1 707.1 718.7 736 758.4 783.3 807 842.9 876 911.8 956.8 992.6 1018.5 995.6 960.7
693.4 671.9 662.9 663.3 665.8 673.2 681.5 688.7 695 700.8 705.6 710.5 715.8 720.4 730.2 737.4 746.8 756.5 769.9 778 786.9 796.8 819.9 848.8 871.3 882.7 876.2 858.9 835.2 809.6 800.2 791 776.8 762.5 741.8 714.4 690.4 663.8 633.3 605.2 572.4 539.2 505.6 473.9 453 449.2 467.7 491.7 512.8 534.8 553.8 573.9 589.6 601.9 602.6 621.2 637.6 650.3 658.7 660.9 658.2 653.6 666.1 678.2 692.8 709.8 728.6 751.2 777.2 799.7 836.2 865.9 904.7 945.2 978.5 1002.4 992.6 950.4
719 695.4 681.7 678.5 677.2 684.1 692.1 699.3 706.4 710.8 715.4 720.5 725.8 729 737.3 744.6 757.9 770.6 787.1 795.9 802 803.1 818.3 843.9 861.1 868.4 864.2 850.6 824.7 802 794.2 786.7 774.5 774.5 743.3 713.6 687.7 663.7 635 605.2 573.5 538.8 499.6 467.9 446.3 441 459.1 477.6 493.3 507.9 525.3 544.1 559.4 568.4 573.5 591.3 607.7 619.4 627.8 632.4 634.9 636.7 658.9 666.6 687.5 705.6 718.7 742.4 771.4 791.9 820.3 857.9 897.8 935.4 959.1 984.1 1000.6 954.7
740.8 717.1 698 690.2 688.3 696 703.4 709.9 721 723.9 727.3 735.5 739.8 743.3 749.9 763.7 782.6 794.3 806.2 812.1 812.7 820.1 828.1 843.3 854.4 856.3 852.7 843.9 817.4 796.3 780 779.9 775.8 774.2 738.1 709.7 684.1 659.5 631.7 600.3 567.2 530.9 491.6 462.2 437.7 434.5 449.8 469.6 476.5 483.9 489.5 512.7 530.8 543.9 548.1 559.8 574.5 586.1 597.1 603.7 602.1 621.5 641.3 661 677.2 697.7 716 737.3 761.6 784 815.8 852.4 891 926 949 969.8 998.3 965.8
763.2 747.9 724.1 706.8 701.1 707.3 715.8 722.6 734.1 738.2 743.7 746.4 754.6 759.2 770.1 794.7 812 822.3 833.2 837.5 838 843.7 838 845.3 849.2 844.4 835.4 822.2 804.9 787 770 768.4 761.1 748 725.7 699.6 676.8 651.5 623.2 591.6 559.1 526.1 491 460.9 435.4 427.4 436.5 454.6 460.2 466 476.1 485.2 503.9 522.2 528.9 532.9 541.1 552.8 564.3 574.7 580.9 608.4 631.7 649.8 668.6 692.1 712.2 737.6 753.8 779.6 813.3 849.1 883.5 917.2 936.5 959.4 986.6 977.1
770.2 776.5 755.5 740 732.5 722.8 730 738 745.1 753.5 756.1 772.2 780.9 784.2 803.2 823.5 842.6 854.2 866.3 870.2 864.8 856.7 845.7 854.5 841 829.7 816.4 803.1 796.2 776.1 771.5 758.3 746.2 729.8 711.7 690 665 638.6 610.8 579.1 546.7 516.6 490.4 462.2 436 416.7 424.1 429.3 441 452.6 461.9 473.7 479.6 489.8 500 509.5 514.1 522.3 532.2 550.3 562.8 593.4 617.5 639.2 665.4 688.6 710.6 733.6 750.8 771 804.7 847 883.9 914.1 929.1 948.2 969 987.7
771.5 787.4 784.7 771.8 763.1 751.2 747.4 752.7 762.4 765.8 786.7 800.3 800.3 811.8 838.6 860.3 887.2 895.5 908.2 901 882.3 867.5 855.8 854 826.1 813.3 801.3 797.1 785.5 769.3 763.9 752 727.9 711 695.3 674.7 649.4 621.7 591.8 562.4 532.5 501 476.5 465.9 440 414.9 409.6 411.6 417.4 428.2 437.6 450.3 465.2 472.2 475.9 480 482.8 496.4 510.2 532.7 555.6 581.2 603.6 628.4 662 685 705.4 730.7 747.9 769.6 801.8 840.5 878 910.5 928 944.7 954.2 984.1
768.1 778 789.7 788 783.2 779.1 778.2 773.9 781.5 797.7 817.3 823.5 827.1 843.9 871.7 900.4 920.8 934.1 935.5 922.2 891.3 875.4 867.9 841.6 814.9 802.5 795.4 783.6 767.9 765.2 764 746.2 722 691.4 677.5 657 629.8 597 568.6 541 516.4 491.9 471.6 459.5 442.7 419.7 397.5 399.7 403.1 410.4 413.3 430 456 460.8 468.5 461.3 464.5 476 498.8 525.1 543.6 568.1 592.6 621.4 650.8 674 696.7 716.9 738.8 764.9 797.2 831.4 865.2 904.7 923.1 938.9 945.5 956.9
755 766.5 779 783.5 793.9 806.9 801 803.2 813.8 829.4 843.6 852.1 874.8 890.8 901.5 927.7 957.6 972.2 969.6 944.6 906.4 880.6 855.8 826.3 800.8 789.7 786 772.4 768.5 767.9 763.3 741.8 717.6 688.4 662.9 638.2 607.4 566.5 535.4 509.4 493.4 479.9 465.9 449.6 437.7 424.6 398.3 394.5 393.1 400.5 400.5 407.3 428.2 437 443.9 445.4 453 466.3 488.2 510.5 528.2 554.1 578.2 608.6 637.8 663.9 685.5 705 731.1 763.9 789.4 824.2 855.1 890 917.8 931.9 941.5 941
738.8 750.8 766.1 772.3 788.8 811.5 826.8 838.5 852.9 859.2 870.2 891.4 922.7 935.2 941.7 960.8 983.5 1001.6 1003.5 968.1 927.3 894 859.2 828 801.3 781.5 780.4 774.2 775.4 769.4 758 737.2 711.5 682.3 648.3 619.9 586.7 551.3 516 487.2 470.4 464.1 460.1 444.1 433.3 419.5 402.8 388.8 385.7 387.1 390.3 387.7 404.5 416.6 427.6 439.8 439.8 454.8 472.5 494.8 514.5 533.3 562.5 594.6 623.8 651 676.8 696 721.9 748.4 777 809.5 840.7 865.9 905.2 921.1 929.4 928.7
