public/OST50/NN43.asc
ncols 200
nrows 200
xllcorner 240000
yllcorner 730000
cellsize 50
[rows 105 to 139 of 200, columns 78 to 155 of 200]
283.8 281.3 287 284.3 292.6 299.5 291.2 293.2 297.5 309.1 308.2 319.9 328.5 333.1 336.5 332.6 330.4 336.4 337.5 344.3 347.8 346.5 341.4 338.6 340.3 331 340.4 339.5 345.1 357.9 367.1 377.4 390.1 402.2 418.9 439.3 460.6 488.8 506.4 520.9 531.5 536.8 546.8 551.5 561 554.3 546 533.9 514.8 506.7 496.4 491.9 487 495 496.5 495.2 497.7 509.4 508.7 506.9 507 504.8 519 518.1 525 534.5 542.2 541.2 548.2 557.2 563.2 562.1 562.7 564.4 565.8 564.5 563.4 561.2
303 303.3 304 303 304.5 311.2 309.5 310.1 317.9 326.1 326.2 334.9 341.8 345.5 348.5 350.1 354.6 355.4 369 375.3 380.3 378.8 365.6 355.9 352.7 343.3 349.3 350.9 353.2 363.1 369.8 379 391.2 405.5 420.8 438.6 461.4 484.8 512.5 529.3 531.9 545.4 552.9 560.2 571.4 561.4 556.6 539.1 515.8 511.8 502.4 497.6 491.5 496.4 496.3 498.8 503.2 512.3 514.4 514.6 509.6 508.6 517.5 520.4 531.5 537.9 548.8 546.7 551.9 561.6 563.9 567.2 567.6 572.8 572.6 570.9 571.2 572.2
324.9 320.1 318.1 318.2 319.7 328.3 332.3 332.7 337.7 338.5 345.5 353.4 360.7 365.9 372.6 378.4 386.8 386.1 398.7 408.5 410 399.8 391.6 377.8 366.1 355.6 360.4 361.6 362.9 369.5 375.3 384.2 398.4 410.5 424.3 441.5 467 495.7 512.5 527.6 533.3 545.8 556.2 565.2 573.7 561 556.8 537.2 522.4 518 509.4 505.4 501.6 496.8 499.4 503.1 520 523.9 525 519.6 514.8 510.4 514 527 534 542.3 553.4 552.8 559.4 563.9 566.2 572.2 577 579.7 577.9 576.8 576.2 572.3
333.5 332.1 329.9 331.9 339.2 343 346.9 352.7 355.4 361.3 364.4 376.7 383 389.8 397.2 407.7 410.5 413.6 425.7 431.9 427.6 419.3 409.8 401 382.1 370.8 376.3 371.6 378.8 368.2 379.8 387.4 397.8 409.2 423.5 443.6 467.2 491 509.1 527.6 535.8 551.6 551.5 557.7 569.1 556.7 550.4 531.7 535.9 525.3 513.9 512.5 509 500.6 504.5 515.5 527.5 538.8 537.3 530.8 520.2 516 522.8 534.4 546.5 547.8 551.2 560.3 568.7 569.7 575.5 580.6 582.9 585.4 584.1 581.9 576.2 570.9
342.6 344 348 353.8 358.8 365.6 365.5 372.3 375.4 383.4 386.8 397.7 407.1 415.3 422.5 431.3 439.8 442.2 444.3 451.6 444.5 437.9 429.1 416.5 396.7 385 390.5 388.3 382.5 375.1 383.6 388.4 398.3 410.7 428.8 443.4 464 488.7 515.1 531.9 538.4 554.2 551.4 549.1 552.2 545.8 539.1 542 544.7 539.9 528 521.9 513.2 505.8 516.4 521.2 528.6 535.2 536.3 528.4 521.5 521.2 534.1 542.9 548.1 552.2 560.1 564.9 570.1 578.6 588.6 596.7 600.2 597.2 595.3 587.6 579.7 579.9
354.6 357.8 362.9 366.7 373.9 380 387.4 391.6 396.3 403.3 410.2 418.5 429.1 435.6 446.4 455.3 464.3 471 469.1 475.8 466.8 451.6 440 425 408.2 399 399.4 394.1 391.3 383.2 384.8 390.9 402.7 409.9 427.1 440.7 462.6 484.9 511.7 523 537.7 548.9 551.1 546.3 545.5 544.5 547.8 553.6 556.3 546.4 541.5 527.6 519.2 513.6 522.1 527.2 529.3 537.1 536.4 530.1 528.3 534.1 541.3 552.3 556.8 567.1 572.3 572.7 577.8 585.6 591 597.5 603.2 603.4 601.8 593.1 587.4 586.5
363.5 373.3 380.2 384.1 391.2 399.1 406.9 412.6 420.2 428.3 436.2 442.3 450.8 458.3 467.9 478.3 486.1 495 490.5 492.7 479.9 462.7 448.3 431.5 418 412.4 410.6 401.3 401.9 390.8 390.2 397.5 396.2 409.4 426.1 440.2 460.3 482.7 507.9 523.1 535.9 546.3 544.7 547 548.8 551.8 555.5 563 557.3 552.3 549.9 534.7 531.6 524.5 530.5 531.4 530.6 533.5 537.7 539.9 537.5 543.6 548.6 553 566 573 573.8 577.4 584 588.8 593.7 601.3 608.9 605.6 602 599.5 594.6 589
380.2 383.1 395.3 401.7 406.4 417.9 424.2 432.1 442.1 451.9 457.5 463.1 475.5 485.1 492.7 498.9 503.9 507.9 505.3 504.8 501.1 481.8 461 445.2 435.8 424.1 415.5 409.5 406.2 397.5 397.4 402.3 401.3 410.1 424.7 435 460.8 482 504.1 523 528 535.2 540 547.6 553.7 554.9 558.2 561.7 554.9 552.7 544.5 542.5 540.9 532.4 531.3 535.8 534.1 533.6 538.2 547 544.8 552.3 554.1 561 571.3 574 580.9 584.3 589.7 594.2 600.9 606.8 611.2 610.2 609.5 603.1 593.6 590.8
394.9 400 407.6 414.2 422.8 432.2 442.6 451.5 460.5 469.1 478.6 485.9 496.9 507.5 513 521.3 527.3 519.9 518 518.3 517.9 498.6 478.4 462.2 445.7 431.9 426.9 416.3 406.4 402.7 404.3 405.4 410.7 406.1 418.6 432.5 457.5 476.5 501.5 515.5 522.8 538.3 541.1 551.8 560 556.6 560.2 560.3 556 548.6 550 554.1 548.2 539.1 533.4 540.3 540.6 538.4 546.5 549.5 557.4 558.1 563.3 568.6 574.4 580.1 589.2 594.7 600 604.1 605.2 608.6 611.9 611.7 608.6 600 591.1 587.4
411.1 419.1 423.7 430.3 440.9 449.4 459.6 467.2 476.6 486.9 498.4 508.2 521.6 529.6 540.8 551.5 550.9 544 529.8 524.8 519.5 503.4 488.1 479.6 462.6 448.7 440 425.6 417.4 413 411.2 415.5 417.1 413.4 418.7 431.2 451.5 472.4 496.9 512.1 525.9 539.2 551.2 567.1 568.3 563.1 566.7 564.3 556.6 556.1 553.8 555.6 554.7 545.2 542.7 550.3 544.9 546.8 553.5 557.7 561.3 566.5 568.6 575.8 583.3 587.5 598.1 604.9 609.8 614.6 615.3 615.9 613.4 614.5 610.7 604 593.7 588.6
427.2 431.9 440.2 447.5 456.9 466.1 476.8 486.6 497.6 509.8 519.8 531.6 542.3 548.8 562.6 570.1 563.6 551.5 535 531.2 524.8 515.4 500.3 486.9 471.1 456.7 444.8 439.6 428.6 421.5 417.6 423.7 422.7 420.1 421.4 433.2 448.5 469.2 489 505.7 525.4 547 562.3 571.6 571.9 567.2 571 566.1 563.6 564 557.5 559.2 552.3 547.6 542.7 550.1 555.1 559 560.9 565.6 567 577 574.3 586.2 586.4 593.9 606 613.4 620.9 622.3 630.4 631.9 623.9 618.1 615 608.4 599 596
442.8 446.8 455.7 465.4 474.2 485.6 492.3 503.1 521.1 527.3 540.9 551.4 559.4 569.3 574.6 578.4 579 563.9 553.7 538.4 533.7 528 514.7 500.1 479.4 466.3 459.3 450.3 442.2 435.5 429.4 428.1 434.7 432.3 424.4 437.6 447.2 466.2 481.6 504.8 527.3 548.8 561.6 575.5 575.8 568.3 573 574.2 567.3 563.8 563.1 558.7 554.7 557.4 552 552 560.2 564.6 569.8 571.4 577.1 579.9 581.6 591.6 595.2 604.6 615.1 615.8 622.5 629.1 637.1 637.3 637.3 626.5 620.6 617.8 613.8 607.3
456.3 463.9 475.8 484.8 491.6 505.2 516.5 527.5 538.4 548.3 560.4 569.4 578 584.3 589.2 592.5 588 578.6 567.7 548.3 540.6 535.3 523.7 510.8 496 479.3 472.8 461.6 454.8 456.5 448.5 441.9 442.3 442.1 431.4 436 450.3 464.1 480.7 503.2 525.8 550.2 560.4 574.2 573.6 569.3 583.1 581.7 569.3 572.1 571.3 573.1 566.9 563.3 562 559.3 564 570.4 575.9 579 586.9 588.9 586.9 597.1 611.6 611.8 615.1 623.4 634.2 637.5 648.9 650.8 645.1 636.1 633.6 631 620.8 613.4
471.4 486.4 494.8 506.8 514.9 530.1 539.9 551.5 559.9 570.7 584.8 592.3 600.8 601.6 602.5 604.2 603.5 598 579.7 554 552 540.4 535 521.7 502.9 494.3 489.6 478 475.1 469.5 464.9 463.8 449.4 449.5 447.1 436.3 451.3 462 477.2 500.8 527.1 549.9 563.9 576 576.9 578.9 588.8 581.7 576.6 573.8 574.2 572.3 576.6 575.1 570.2 571.4 564.8 577.4 580.4 588.7 593.2 598.7 593.8 606.8 613.3 615.2 623.4 637 643 652.7 664.9 669.3 663.3 650.8 645.9 638.4 636 627.9
494.2 507.8 515.9 530.6 540.1 552.1 559 573.3 580.7 588.6 602.3 613 617.6 620.1 614.1 612 611.5 604.1 581 561.2 554.9 547.6 537.6 529.3 516.8 511.8 508.1 496.9 490.9 482.7 487.7 477.9 461.8 457.5 454.2 444 455.7 464.7 475.8 496.9 522.6 545.2 565.4 584 595 585.5 596.5 593.7 586.7 584.8 582.8 578.3 581.6 581.6 580.3 579.5 574.9 583.8 591.2 594.9 597.1 601.9 609.6 612 616 622.8 631.9 643.8 653.8 663.2 680.5 689.6 686.1 666.3 659.6 648 642.7 637.4
514.8 527.2 542 553.8 561.8 572.4 581.9 596.4 600.1 607.4 622.8 630.4 634.9 634.8 629.5 624.8 616.1 608.2 586.1 564.4 559.2 550 545.5 537.2 530.6 530 525.7 524.5 508.7 498.4 503.2 488.2 475.4 465.6 461.7 450 457.6 469.4 479.5 492.5 520 546.8 570.1 589.5 604 605.2 607.1 606.4 601.8 596.1 593.6 593.3 584 585.7 586.5 585.9 584 588.5 598.5 599.4 603.8 608.7 614.8 616.5 624.5 635.5 638.9 648.3 661.1 677.8 693.8 701.2 693.2 682.1 670.7 657.3 648 644.9
534.5 546.4 559.2 572.7 579.4 589.3 601 608.7 617.6 630.6 637.1 645.1 647.9 647.7 636.8 632.9 620.6 603.5 586.5 573 559.5 555.1 554.5 548.2 542.7 543.9 542 536.3 521.5 513.4 512.6 496.7 486.6 476.6 464.8 457.5 463.9 474 483.6 493 515.5 542.8 573.5 595 611.4 617.4 621.7 611.3 605.9 605.7 602.2 599.6 594.4 594.5 594.5 594.1 587.2 592.4 601 608.3 611.4 618.6 616.4 624.1 630.3 641.4 649.5 659.6 673.1 692 710.5 727.2 718.4 699.5 681.9 665.5 653.4 646.5
551.9 564.4 577.5 582.5 591.8 602.7 615 627.3 634.9 646.6 655.1 658.7 654.9 653.8 648.1 641 627.7 602.1 586.1 577.8 569 561.6 560.1 556.9 552.2 552.7 552.9 545.5 533.8 524.8 514 507.9 495.8 483.3 477.3 470 473 479.6 486.9 496.1 516 544 575.2 603.2 612.3 625.2 634.3 626.1 620.4 612.9 610.5 608.2 603 603 602.5 596.8 594.1 600.3 607.8 614 616.7 620.9 624.3 631.4 638.9 649.3 660.2 671.3 686.4 701.6 723.3 745.2 739.7 713.2 685.2 669 656.7 650.2
574.2 581.4 586.9 597.1 608.2 624.3 632.9 641.9 651.6 661.6 669.4 669.7 664.7 657.9 653.5 646.9 620.3 606.2 595.4 581.9 575.6 571.6 567.1 567.2 562.1 560.4 559.2 548.9 548.2 533 527.3 516.9 504.9 491.8 484.9 484.2 478.4 489.4 492.1 499.3 514.3 542.3 572.3 606 626.3 631.1 634.9 631.1 628 629.3 628.1 619.6 622 614.1 608 605.4 602.3 608.3 612.5 617.8 623.5 632.5 633.2 637.2 646.3 657.6 668.6 683.2 695.6 712.1 731.9 750.9 764.6 729.5 694.9 682.1 663.5 654.7
587 596.6 604.2 618.9 627.9 634 646.5 659.5 668.5 672.7 677.5 676.1 673.9 669.6 654 645.1 628.3 616.3 605.5 593.2 581.6 580.8 574.2 571.2 570.1 566.6 564.9 552.4 549.1 538.5 531.6 523.3 514.8 510.3 497.1 493.1 482.1 497.3 498.2 503.8 514.4 542.8 574.6 609.3 627.9 639.2 637.9 641.3 642.5 641 636.1 637.4 627.5 623.7 612.2 613.7 613.1 615.5 619.6 625.7 631.4 637 642.2 646.2 654 662.8 675.5 688.5 702 718.9 739.8 755.9 770.3 741.7 711.8 697.1 679.6 659.4
602.5 614.6 621.9 632.3 640.8 647.7 659.6 672.4 677.4 682.9 684.7 679.4 676.5 665.8 656 649.2 633.2 623.4 617.2 603.9 590 585.5 579.6 574.2 575 571.2 567.6 557.6 548.5 542.4 540.7 531.9 531.1 518.4 509.2 502.1 490.6 504.1 505 507.5 519.7 544.7 576.9 609.3 633.3 657.1 654.1 655.3 650.1 657.2 647.2 645.4 634.8 627 624 622.2 622.2 625.5 626.6 630.8 637.5 644.6 650.6 653.7 660.7 669.4 680.1 693.5 707.2 724.2 743.5 759.6 777.4 767.9 735.5 723.8 706 685.8
615.5 625 636.7 649.4 650.6 662.4 668.6 679.4 687.4 693.9 698.1 694 680.9 674 660.6 649.7 640.3 634.8 627 611.3 601 590.7 584.9 579 578 575.6 565.9 558.9 553.9 550.3 546.4 546.7 538.8 531.2 519.3 511.3 501.8 510.6 510.5 514.2 529.1 552.3 582 617.8 646.5 666.4 668 667.6 670.5 659.7 658.1 655.6 645.2 634.3 630.4 625.7 626.8 630.3 632.4 636.8 643.4 650.2 657.1 662.4 670.2 678.9 687.6 698.7 710.5 728.1 746.7 763.8 780.6 792 779.1 759.3 730.7 706.1
628.9 643.8 652.4 656.1 667.4 673.2 679.7 691.6 697.4 705.6 708.3 704.4 699.6 693.4 669.6 658.5 647.5 642.8 633.8 620.6 610.3 596 589.3 584.9 580.7 575.2 567.8 563.8 562 557.9 555.1 554.8 548.3 541.5 529.9 519.2 510.2 518.2 518.3 522.1 535.4 560.7 592.4 630.3 650.2 667.8 674.6 675.7 672.6 667.5 665.4 658.7 650.3 641.1 637.6 630.2 632.2 637.3 638.4 641.2 648.7 655.9 663.9 670 677.6 685.1 692.3 704.2 715.1 730.6 750.9 767.3 785.4 804.2 810.5 785.8 753.2 737.3
641.6 654.7 662.9 672.3 679.8 685.5 696.4 704.5 707.7 714.2 718.9 721.2 712.4 691.3 673.9 665.2 658 649.9 641.3 628.5 611.7 602.1 592.1 587.3 582.2 579.3 578 573.1 572.5 565.2 560.8 558.2 555.9 548.8 537.7 526.4 519.9 524 524.5 531.2 544.2 569 600.7 632.7 658.4 675.2 678.7 683.1 678.7 671.6 665.3 658.8 654.4 653.4 649.7 639.8 642.4 644.1 646.4 648.2 653 661.5 669.7 675.4 681.9 689.6 697.5 708.5 721.1 731 754 773 791.8 811.1 821.4 814.1 789.6 788.9
648.8 662.3 674.5 685.7 689.2 702.4 708.5 714.3 719.9 723.1 730.3 732.4 700.2 695.5 686.2 672.8 666.5 656.9 644.7 634.2 616.3 605.4 596.7 588.1 586 585.2 588.6 585.8 582.7 574.2 568.2 564.6 560.2 553.6 544.1 529.5 529 530.1 533.4 540.3 554.2 582.3 612.7 638.3 662 680.5 690.1 691.9 681.6 673.9 665.1 662.4 660.5 659.2 657 652.9 650.9 650.3 653.4 656.5 659.9 667.1 674.4 680.9 686.3 693.2 701.4 710.9 723 733.5 755.9 776.9 797.9 815.8 828.7 839.2 836.1 830.2
660.7 672.4 680.4 692.5 703.8 714.8 724.5 726.3 729.8 735.4 743.3 740.3 731 707.4 692.1 686.2 670.7 663 651.3 636.1 618.6 605.6 600.9 592.7 593 594.2 595.5 590.5 583.7 579.8 574.3 571.7 564.4 559.1 544.9 542.9 537.3 537.8 542.3 551.1 564.7 594.8 623.9 647.8 674.1 691 696.8 696.9 687.8 682.1 675.5 668.4 667.2 665.6 662.6 662.1 659.9 660.4 661.9 666.7 669.9 674.1 680 684.6 691.2 699 706 714.5 725.8 738.1 759.6 786.2 803.4 821.6 839 852.5 854.3 852.8
673.6 684.6 693.1 708.8 716.5 726.9 734.9 739.5 743.6 748.7 752.3 753.1 750.7 728.4 701.7 695.6 680.4 676.4 663.2 649.7 632.6 616.4 606.5 603.3 601.9 602.4 601.8 595.6 587.7 586.1 578 574.3 566.9 560.9 553.4 550.2 548.4 547.5 554.5 563.4 582.6 612 637.9 659.5 689.5 699.4 700.4 700.6 696.7 683.5 677.3 674.7 673.1 669.9 668.7 667.6 668.3 669.7 670.3 676 678.4 681.6 686 689.2 693.5 701.1 709.3 720.4 732.3 740.4 764.9 792.3 813.6 830.3 848.1 859.5 864.7 859.8
682.4 692.7 704.8 719.7 730.2 736.8 746.8 751.6 753.7 760.7 765.5 768.3 768.8 747.4 727.4 708.3 692.5 685.7 679.9 670.8 648.3 636.1 624.4 617.5 612.1 609.6 609.5 599.6 594.7 587.4 580.4 576.6 568.1 559.6 562.2 557.6 557.2 558.4 566.3 577.1 599.6 626 655.4 676.7 696.5 702.2 704.1 701.1 697.4 688 681.7 679.5 676.9 676.3 674.3 677.9 677.2 677 678.3 682.1 685.1 688.1 691.5 695.2 699.3 704.7 714.3 726.7 736.5 746.5 772.1 799.4 826.5 841.1 854.9 867.1 866.6 861.2
692.3 703.4 715.3 730.9 743.8 753.3 757.6 766.9 768.4 775.8 778.9 782.5 779.7 759.8 739.2 727.8 710.9 698.2 688.6 685.3 671.5 656 639.9 628.5 623 616.6 613.7 601.3 595.9 586.7 582.8 574.5 569 565.8 567.7 565.8 566.2 569.6 579.6 593.1 614.9 640.4 668.1 682.7 698.8 705.1 710.7 707.1 702 701.8 696.7 691.8 685 683.5 682 682.7 685.1 684.6 684.7 688 691.1 696.1 698 700.8 705.1 710.6 720.8 730.9 740.4 757.6 784.8 821.7 839.8 857.9 859 862.2 863.8 859.8
701.9 712.2 724.6 741.1 755.8 765.8 778 786 789.3 790.2 792.9 792.7 791.6 771.7 748 739.5 723.2 713.3 703.9 708.7 691.9 674.6 653.5 638.2 634 616.5 608.3 603.2 597.4 588 579.5 574.5 566.8 571.1 573.1 575 576.1 581.8 593.5 612.4 631.3 657.4 677.8 695.2 705 716.4 718.7 713.6 712.4 710.1 703.6 704 698.6 694.3 687.8 690.9 692.6 692.5 691.4 693.2 697.9 702.4 705.9 708 712.3 718.4 729.9 738.9 746.8 765.9 799.4 839.5 856.5 864.9 866.5 864 859 857
710.8 722.5 734.6 751.3 764 779.5 789.9 802.2 806.5 804 807.6 805.6 804.7 794.5 762.1 752.4 735.2 727.6 725 720.3 703.4 684.8 669.4 645.9 635.8 619.2 610.1 603.2 595 590.3 580.7 571.8 567.9 577.1 576.8 583.1 586.9 595.4 610.5 627.3 652.7 672.5 692.9 708 720.6 723.7 728 723.1 722.7 718.1 711.5 708.9 698.8 695.7 695.1 697.4 700.8 700.5 697.9 699.7 704.2 708.8 712.4 715.3 722.1 727.9 736.2 746 752.9 785.8 820.5 844.4 867.5 879 871.4 856.4 854.9 841.9
720.2 730.1 744.1 758.9 775.2 789 804.1 812.6 818.3 817.9 819.7 820.1 813.3 788.9 776 757.2 740.3 738.7 733.3 727.6 714.8 696.8 674.5 650 634.9 622.6 613.1 608.8 596.8 588.8 580.4 570.8 572.8 578.2 583.2 589 596.4 609.3 625.2 645.5 666.5 691.6 712.3 723.4 730.5 736.2 740.3 737 728.8 721.2 716.7 710.8 703.6 699.2 698.7 699.6 704.6 708.2 705.2 707.5 711.1 715.5 720.1 723.9 730.4 735.7 743.8 751.3 766.8 802.8 834.9 851.3 867.3 872.9 861.1 846.3 838.6 828.9
728.8 738.2 751.8 766.1 783.3 803.7 814.7 821.7 830.5 833.8 835.4 833.2 824.1 802.5 779.9 765.5 755.2 746.5 743.3 741 721.3 705.6 680.8 654.7 637.9 625.4 614.9 607.2 596.4 590.6 579 570.8 576.9 582.4 587.6 594.9 605.1 620.2 636.6 658.1 683.9 712.1 726.7 736.9 745.4 755.9 754.1 746 733.3 729.8 726.4 722.8 713.3 705.1 704 706.7 710.3 713.8 712.5 714.7 719.9 724.3 731.4 737 740.4 744.7 751.5 762.1 788.8 815.8 833.9 856.1 857.6 854.5 842.1 835.9 823.8 813.8
736.1 746.9 758.6 773.2 793.9 810.8 823.2 837 848.6 849 848.7 839.4 826.7 815.9 797.9 770.2 760 753.2 744.8 742.2 726.4 710.7 685.3 664.1 644.4 629.7 617.3 611.2 599.5 590.5 578.5 575.8 580.2 586.6 591.4 601.1 612 629.5 651.7 671.2 703.7 732 741.5 750.2 763 767.1 767 759.1 741.1 734.5 732.8 729.2 723.2 711.2 707.9 710.1 714.4 718.8 720.9 722.5 728.1 736.1 742.5 748.8 751.3 755.6 761.9 785.1 806.8 825 832.4 845.7 852 850.7 841.9 827.9 817.7 804.8
741.6 751.4 765.2 779.9 799.5 816.2 834.8 852.9 865.8 869.6 846.9 838.4 826.6 809.5 794.3 771.3 763.5 754.2 746.3 737.7 734 719.6 696.3 673 652.7 635.2 624.5 613.5 601.9 590.3 581.7 581.3 585.8 590.7 596.4 606.5 619.3 639.8 660.3 681.7 716.1 737.4 750.2 766.3 775 781.4 783 760.9 746.8 742.6 738.1 733.2 726.5 718.4 715.9 715.1 718.4 724.6 728.9 731.6 738.1 747.5 754.4 758.3 762.6 769.7 790.8 818.5 833.3 832.7 837.9 845.2 853.6 852.1 826 809.1 807.1 796.3
