public/OST50/NN43.asc
ncols 200
nrows 200
xllcorner 240000
yllcorner 730000
cellsize 50
[rows 70 to 104 of 200, columns 78 to 155 of 200]
601.1 593.3 586.8 584.2 580 577.2 579.5 575 571.1 566.7 557.9 549.1 536 526.3 519.2 509.3 496.9 486.2 473.1 460.8 448.1 436.2 425.7 415.2 405 395.9 385.2 377.3 367.5 355.8 349.3 338.7 330.1 320 314 308.8 300.5 294.3 289.2 282.5 277.5 275.2 268.6 263.4 260 255.3 251.5 247.1 242.5 236.1 232.9 230.6 232.5 229.2 225.3 222.3 218.4 214.3 207.3 207.6 206.5 203.7 201.7 212.3 210.7 210.8 208.7 206.2 205.9 207 208.4 204.7 203.5 202.1 201.8 208.3 197.3 198.2
574.1 571.9 571 566.8 560.9 561.4 556 556.7 549.3 543.3 537.6 527.4 521.9 508.4 497.3 490 479 466.6 451.8 441.4 429.9 418.5 410.5 400.5 392.2 382.4 372.3 364.1 356 346.5 336.6 329.9 318.3 307.4 302.3 295.9 290.4 284 278.7 272.3 268.1 264.1 259.2 256 251.8 247 243.5 237.6 234 232.1 229.2 225.6 224.7 223.1 220.8 217.9 214.4 212.4 212.2 212.6 204.7 204.4 214.5 214.9 215.1 215 212.5 213.7 209.7 214.1 209.7 208.6 208.2 205.7 205.1 203.1 200.5 205.9
560.6 557.5 554.9 549.1 551.1 545.3 537.1 538.3 529.4 525.3 514.9 511.2 496.7 489.8 478 466.3 457.3 445.6 436.1 425.2 417.4 405.1 393.4 388.3 379.5 369.9 360.5 353.4 341.8 332.1 319 311.4 304.4 296.4 291.9 285.2 279.1 274.8 268.4 264.5 261 260 255.7 250.8 248.4 240.4 234.8 230.8 227.9 229.5 225.9 224.4 220.3 219.1 216.5 213.2 211.7 213.7 219.8 225.9 218.1 216.9 215.7 216.7 219.1 219.7 218.4 219 214.3 216 217.6 216 213.6 210.5 211.3 210 210.3 210.7
540.1 539 536.5 531.1 531.3 528.2 520.4 517.7 509.8 506.4 497.3 488.1 480 470 457.3 445.7 439 429.4 419.5 409.9 401.1 389.8 379.5 373 367.1 357.6 346.4 336.4 326.3 320.3 308.8 301.1 294.9 283.7 279.6 274.1 270.2 267.7 259.2 258.2 257.1 254.2 247.8 243.4 240.2 233.8 228 226.3 224.8 222.7 221.6 220 218.5 215.9 213.3 215.3 217.3 219.6 221 221 218.4 216.9 220.1 224.1 223.7 226 223.5 224.9 220.5 224.2 224.1 225.3 224.3 221.2 222 219.4 220.1 218.2
520 515.8 513.6 513.2 513.6 511.1 501.5 500.9 492.2 487.8 476.9 467.5 454.3 448.7 437.7 430.1 420.9 410.9 400.3 391.2 384.7 376.2 366.4 358 344.6 338.8 331.8 320.8 310 305.3 296.7 289 281.6 274.3 268.7 264.6 266.2 260.4 253.7 253.9 251.6 248 242.3 240.3 232.2 228.3 222 221.6 219.7 219.9 219.2 217.6 214.4 215.5 218.7 219.1 220.8 221.7 220.6 219.3 218.6 220.2 224.2 226.6 228.9 229.7 229.5 230.8 229.1 231.6 230.1 232.2 233 231.9 229.7 228.4 228.5 229.8
501.2 499.1 494.6 495.9 495.7 490.6 483.7 479.9 469.5 464.4 455.2 445.9 438.9 430.7 416.6 412 399.9 391.6 382.9 374.6 367 357.1 345.5 343.5 334.8 323.6 318 313 303.8 292.6 284.7 278.8 275.4 269.5 263.2 257.3 260.9 257.4 250.3 248.9 244.6 241 236.6 232.8 226.3 222.4 218.6 218.3 217.3 217.6 217.6 214.3 216.1 217.4 219.6 221.4 220.7 220.5 220.5 219 221.1 223.3 227.1 232.4 234.3 234.7 236.4 238 238.2 239.7 238 239.7 239.8 240.2 239.9 239.4 240.3 240.8
481 477.6 476.6 474 475.3 469.8 463.2 456.5 450.3 443.2 436 427 416.3 407.7 400.3 390.8 382.8 370.2 363.9 356 350.4 344.7 332.5 324.5 316.3 310.1 304.6 297.5 287.4 285.5 277.1 272.2 265 263.2 257.8 252.6 255 253.7 245.3 241.8 237.8 233.4 231.3 226.2 221.6 219.2 215.9 218 217.1 217.2 215.9 215.6 214.4 216.6 219.3 221.6 220.9 221.1 219.9 221.3 224.3 228.7 231.2 239.1 241.2 243.5 246.5 248.1 245 251.3 250.4 252.3 250.8 250.2 250.6 252.7 253.2 253.3
459 458.9 456.8 453.3 454 449.4 442.6 433.4 429.4 420.3 413.6 406.2 394.5 389.4 381.7 373.4 367.6 357.6 347.5 337 331.3 326.4 319.8 314 304.4 294.2 294.7 286.5 276.8 272.5 266.3 262.4 254.9 259.2 256.8 245.2 244.8 242.8 238 236.5 231.6 228.4 226.2 221.3 217.7 215.9 214.3 216.5 214.6 214.2 215.2 215.1 213.6 216.6 217.6 221.6 221.1 220.5 220.9 224 230.6 237 239.6 247.1 250 252.6 257.4 262.5 261.1 264.6 262.7 263.2 262.1 264.4 264.7 267 265.8 263.3
441.8 440.3 438.8 433.8 434.3 428.3 420.7 415 409.4 399.9 394.9 386.5 378.4 370.9 365 356.4 349 345.2 333.1 321.8 311.6 306.8 299.6 299.6 295 282.5 276.6 271.9 265.5 262 257.9 252.9 248.2 246.3 244.7 239.9 238.8 235.4 232.5 229.7 226.8 224.2 219.5 217.4 216.3 215.4 217.8 218 216.4 217 216.2 216.1 216.4 218.6 218.5 221.8 223.1 225 229.7 233.3 240.2 248.7 252.8 259.1 263.1 263.6 266.9 271.6 272.5 276.3 275.5 276.5 280.5 283.2 283.4 279.5 275.8 276.4
424.2 425.6 423 419.2 414 409.7 404.9 398 388.7 384.9 376.3 368.5 362.3 354.1 350.1 340.8 329.7 323.6 320.9 312.9 302.7 292.1 286.9 282.5 285.4 276.4 267.2 263.1 258.8 255.2 251.3 246.2 243.2 239.4 238.4 236.2 236.2 229.5 228.2 225.2 221.8 218.6 216.6 216.2 215.2 216.3 216 218.2 217.9 219.8 219.8 218.6 217.8 219.7 222.7 223.6 229.6 233.5 242.3 246.2 254.9 262.7 265.4 269.6 274 277.6 281.2 283.9 286 290.7 293.1 297.2 297.6 304.4 303.4 300.8 296.9 294
413.1 411.8 407.7 402.6 393.9 392.7 386.6 381.5 373 368.2 354.7 352.5 344.2 338.9 335.2 322.4 322.4 310 302.7 296.3 293.5 282.9 275.1 269.1 268.4 264.8 259.4 251.4 249.5 244.1 244.1 242.4 237.6 234.9 234 231.7 227.4 224.6 221.4 219.5 217.3 216.6 214.8 217.2 216.2 216 217.2 219.3 220.5 220.9 222.1 222 221.5 225.7 229.2 234 241.5 246.8 256.5 263.4 271.5 278 280.7 283.8 289.7 293.9 301 306 306.3 310.2 319.1 324.5 322.4 326.9 324.8 325.8 324.9 314.6
398.6 395.4 390.8 385.9 380.8 375.9 371.8 363 358.2 348.9 339.3 331.7 328.2 321.4 321 309.3 305.1 301.1 289.3 279.9 281.9 273.2 265.1 262.5 257.4 252.6 247.1 243.2 240.7 238.1 237.7 237.7 233.1 231.5 228.5 227.2 222.7 218.1 217.1 215.3 216 216.8 218.4 218.3 218.5 218.3 218.1 219.8 223.5 225.8 224.3 227.2 233.7 234.7 241 247.5 256.2 265.2 272.5 281.1 288.2 292.8 296.2 301.8 307.3 313.2 317.6 324.4 323.9 331.9 348.8 345.6 342.9 349.8 355 358.7 355.4 340.7
382.6 379.6 375.4 369.3 363.9 356.3 352.8 346.4 338.6 330.8 326.8 316.5 311.6 307.1 301.7 296.4 290.2 285.6 275.9 273.2 264.9 262.1 256.6 251.3 247.1 245.6 240.5 240.9 234.7 237.9 235.4 232.8 230.6 230.1 227.2 222.5 219.3 216.1 216.3 216 217.1 218 219.3 219.9 220.1 219.3 218.6 220.5 227.8 226.3 232.8 234.9 240.8 248.2 256.8 261.3 273.1 281.7 287.8 296.6 305.1 309.9 315.7 319.2 321.6 329.5 334.8 337.5 338 346.9 357.2 367 373.2 383.1 386.5 385 375 367.5
364.9 359.5 357.2 351.4 347.8 342.7 337.5 329.1 326.4 315.4 317.2 312.1 297.9 292.6 289 287.3 280.7 280 273.1 260.3 254.5 250.4 249.6 244.6 240 237.9 235.5 234.6 230.9 232.2 229.6 227.3 228.7 226.4 224.4 220 217 216.9 216.8 217.3 218.6 218.8 220.8 221.8 222.7 220.7 222.7 223.5 230.9 234.5 243.3 247.5 254.4 264.2 272.4 281.5 290 297.9 305.9 315.4 324.4 330.7 336.9 339.5 341 345 349.5 351.9 355.2 364.1 372.4 388.3 398 401.1 404.7 406 400.2 385.9
350.2 346.2 341.4 333.8 332.1 330.1 321.2 314.6 307 299.8 301.1 294.1 291.8 279.9 276.6 268.4 264.4 261.8 255.6 256.7 251.8 245.9 238.5 236.1 234.2 233.9 229.5 230.8 230.1 227.2 226.6 226.1 226.1 222.2 218.5 217.4 215.9 216.8 217.2 217.7 218.4 220.1 221.3 224.4 225.7 224.1 228.1 233.4 239 246.8 255 261.9 268.4 277.3 288 300.2 310 318.2 326.4 335.5 344 356.5 367.9 367.5 366.8 365.4 369.7 377.8 378.3 382.6 390.3 412.6 422 423.7 421 421.5 417.5 425.6
334.9 333.2 328.4 318.9 314.6 314.7 308.4 303 294.7 286.1 282.4 278 275.3 268.9 270 259 256.2 252.2 247.6 242.1 238.5 241.1 236.4 229.6 230.7 227.9 225.5 226.1 226.8 224.9 225.8 221.7 221.6 219 217.5 217.6 216.1 217.1 217.2 217.3 218.9 221.7 226.5 226.3 229 234.8 238 243.5 251.8 259.1 265.5 274.8 282.5 293.9 306.8 318 328 337.5 346.7 358.4 368.9 382.5 391.5 388.8 390.4 384.3 387.9 391.1 391.8 403.1 411 429.1 440.6 443.4 443.4 446.5 443.1 445.6
319 319 314.2 307.3 299.5 296 291.6 294.5 285.7 274.4 271 268 263.7 260.2 257.6 256.1 244.3 249 244 235.4 232 228.5 228.9 226.3 225.1 223.3 225 224.4 223.2 225.2 221.3 218.9 218.1 217.8 217.5 217.6 216.3 217.3 217.3 220.8 227.9 227.3 232.4 233.8 232.2 239.6 244.3 253.8 262.7 269.4 276.7 287 298.5 310.5 324.6 334.4 343.6 354.8 369.4 385 394.7 400.9 412.3 407.4 400.5 402.3 406.5 412.4 407.1 418.4 427.3 440.6 449.2 455.3 461.6 465.3 462.7 464.7
308.8 301 304 296.6 287.4 283.9 277.5 273.9 272.4 270.2 259.2 256.9 252.5 248.7 244.8 245.7 237.2 232.9 231.7 227.7 227.8 226.2 224.9 224.4 229 221.1 220.5 220.2 219.9 218 218.3 217.9 217.4 217.5 217.5 216.5 217.5 217.7 228.1 232.8 238.1 239.6 238.3 245.2 240.1 242.9 245.2 261.2 273.3 282.4 289.5 301.2 314.2 326.8 337.4 348.9 359.7 374.7 390.8 406.2 410.5 414 420.4 418.4 414.3 420.2 430.5 436.2 424.5 442.8 443.2 450.4 453.4 463.2 471.7 468.1 471.7 473.4
296.7 291 288.5 288.6 274.5 272.8 265.3 263.1 262.6 256.7 249 247.2 245.2 239.4 239.6 233.9 229.4 227 226.4 222.7 220.5 223.9 221 220.4 221.2 219.5 217.8 218.6 218.9 218.7 218.5 217.8 217.7 217.9 217.6 217.7 221.1 223.8 241.4 240.9 242.9 247.2 250.2 251.9 249.6 255.9 258.6 268.6 283.2 295.2 306.7 318.6 331.3 342.6 351.3 362.3 379.8 391.1 401.8 411.2 416.6 425.7 440 440.2 439.6 441.9 448.2 454.9 441.6 454.2 453.7 465.5 471 470.9 480 484.1 485.2 476.5
285.8 280.3 282.4 276 262.5 263 256.4 251.6 249.7 245.3 240.3 242.5 242.8 231.3 232.9 226.6 224.3 223.1 221.2 220.3 219.7 220 219.5 219.7 219.5 218.6 219.8 219.5 219.4 219.1 218.6 221.9 219.2 219.9 223.7 226.6 230.3 233.9 245.1 251.9 251.4 257 262.5 262.7 259.5 267.7 275.9 274.6 292.1 310.7 322.7 335 345.5 358.8 369 376.7 390.6 400.8 411.6 420.9 432 441.6 448.7 446.5 454.2 460.1 463.1 457.5 450.6 458.1 468.2 480.5 485.9 486.7 482.8 488.6 491.7 483.2
269.5 266.7 262.1 256.8 254.1 253.9 245.9 240.7 238.5 236.8 232.5 229.7 227.9 226.7 224.8 221.9 222 221 220.7 219.6 220.3 220.3 219.9 219.6 219 220.6 221.5 221.1 220.9 220.9 221.8 228.2 225.2 232.4 236.1 236.7 241.3 249.9 250.9 255.8 262 263.2 267.6 269.4 271.3 283.3 290.6 279.8 297.4 315.4 332.2 345.7 356.8 367.1 375.3 386.7 400.2 406.8 417.7 428.1 440.2 449.9 462 464.3 464.5 466.6 469.1 464.8 458.3 465.5 480.2 487.9 484.2 482.8 485.7 487.1 490.8 492.3
258 254.5 250.5 245.1 243.1 239.9 236.5 235.3 231.9 230 227.7 226.2 224.8 223.4 222.4 221.1 220.7 221 219.6 220.3 220.1 220 219.4 219.3 221.9 222.9 223.2 223.2 228 231.1 232.3 227.6 234.5 244 245 246.5 250.4 256.6 260.8 264.8 270.4 276.9 280.3 286.5 287.1 296.8 304.7 309.9 324.2 333.6 339.7 351.8 364.9 376 384.8 397.5 407.9 414.5 427.8 439.7 449.9 459.6 470.6 470.7 470.3 476.9 478.8 479.6 469.2 473.5 477.8 484 481.1 485 491.1 497.5 496.7 502.7
251.1 244.3 240 235.7 234.5 231.9 229.1 229.1 224.2 225 224.3 223.6 223 221.8 221.3 221.2 220.8 219.8 219.9 220.2 220.1 219.7 219.7 222.1 225.1 226.7 226.3 227 230.4 232.8 239.8 239.4 249.3 249.8 256.4 254.8 263.4 272.2 275.5 285.7 295.2 297.6 302.9 305.6 306.9 310.9 322 332.3 341 354.1 361.3 365.6 368.2 387.1 395.6 408 417.6 427.9 434.8 447.3 460.8 471.7 471.5 477.4 482.7 487.6 487.3 491.7 483.5 485.2 478.6 478.8 484.3 491.7 496.8 501.9 509.9 511.6
238.4 235.2 232.6 229.9 227.2 228.2 226.1 224.5 223.1 222.8 222.8 222.4 222.1 221.6 221.1 219.7 220.8 220.6 220.3 220.9 221.7 220.5 222.2 227 233.1 230.7 230.6 231.6 243.1 246.1 250.7 252.6 261.4 261.6 271.4 272.7 278.7 287.7 304 321.8 319.9 320.3 320.5 327.8 324.1 329.1 339.4 349.4 357.2 366.3 374.5 382.9 382.5 397.2 408.7 417.4 433.6 444.1 443.7 448 461.2 476.8 480.7 481.1 488.1 493.1 494.9 500.1 492 479.9 480.8 486.2 491.5 497.3 503.8 512.3 520.5 518.8
231.1 229.8 229.1 227 224.9 223.4 223 223.1 223 222.2 221.6 222.1 222 221.1 219.9 225.5 221.6 221 224.2 232 228.2 229.5 233.9 242.7 237.5 236.8 233.8 238.8 251.8 255.5 259.7 269.8 280.7 281.3 285.6 295.7 304 317.5 330.7 340.2 343.3 344.5 342.8 342.1 340.6 350 356.5 365.4 373.2 375.7 390.9 395 391.9 405.5 425.1 433.4 438.5 446.7 447.6 456.6 464.4 480.8 491.7 490.4 493.2 495.3 499.9 498.3 482.8 482.2 491.5 496.1 499.2 501.5 517.2 522.3 526.9 522
226.8 225.6 224.5 223.9 223.3 223.8 223.7 223.4 223.2 223 222 221.4 220.6 222.4 223.5 228.7 224.6 222.9 229.2 230.4 229.6 234.9 245.7 249 243.9 242.7 242.3 253.1 259.7 267.4 276 286.7 291.2 297.3 307.8 320.3 332.1 341.2 353 363.1 360.5 365.1 362.6 358.7 357.6 365.3 373.8 387.5 397.7 402.6 408.1 413.2 415.8 409 429.9 437.7 442 444.7 447.5 460.1 470.5 481.3 489.3 493.2 499.9 504.2 499.6 491.3 482.8 490.2 497.9 504.4 508 511.3 517.5 524.8 526.2 523.5
225.8 225.1 223.7 224.6 224.2 224.4 224.3 226 225.5 226.9 223.1 225 227 226.4 229.6 230.3 228.5 231.5 234.2 235.6 239.5 245.3 250 253 250.9 254 251.2 264.6 275.1 278.1 283.5 290.9 300.1 310.6 326.7 339.4 356.3 363.7 371.2 379 380.8 379.8 382.5 385.1 380.8 385.2 395.2 407 417.1 426.3 425.6 427.6 431.2 429.7 433.6 443.6 456.7 456.7 459.6 469.5 469.7 477.8 485.8 495.7 506.5 506.1 494.6 490.6 497.4 503.9 505.6 515.6 522.6 517.4 517.8 522.9 525.5 527
225.7 224.6 225.8 226 226.9 227.3 228.6 228.2 226.8 228.2 229.3 231.2 236.1 233.6 241.4 234.1 234.1 241.4 242.2 244 254.9 254.3 255.6 260.7 264.7 270.3 269.5 275.2 290.5 290.3 294.4 302.7 317.5 329.9 345.2 359.7 377.5 390.3 394.5 401.9 412.3 418.2 413.8 408.9 400.7 407.2 421.6 429 433.1 435.2 439.5 438 444.8 439.2 439.1 453.6 460.7 462.2 471.1 472.5 474.3 482.2 491.7 502.2 508.2 506.7 499.7 498.2 502.7 512.7 516.8 522.4 523.2 525.7 522.5 523.6 527.7 527.9
226.9 228.5 228.4 229.7 229 229.9 231.1 231.4 230.3 230.9 234.2 236.9 239.3 237.9 243.3 240.1 247 249.3 252.5 255.6 263.2 267.6 266.3 276 286.8 292.7 278.3 286.7 295.9 303.4 311.8 320.9 333 348.3 363.9 380.3 398 413.5 428 442 447.5 445.1 436.1 430.1 435 435.6 448.8 450.1 451.6 448.8 443.6 446.2 445 440.1 448.1 459.2 465.5 465.8 472.2 472 478.1 487.8 500.3 504.1 507.9 506.2 498.7 503.2 509.5 513.2 522.6 524.4 525 528.4 532.2 529.7 529.7 528.9
230.6 236.8 235.2 233.1 231.1 231.6 235.3 232.7 237.3 239.6 246.1 240.4 245.4 246.1 246.8 251 253.4 258.1 264.3 270.1 269.3 276.7 283.6 296.4 310.4 301.8 284.2 293.8 303.8 313.9 325 334.6 348.4 365.7 383.2 396.7 413.5 435.7 449.2 464.9 470.1 466.4 460.5 461.5 460.5 462 472.7 467 462 455.8 448.5 449.3 448.7 445.4 448 455.4 465.4 471.6 472.2 475.9 482 491.9 497.2 502.6 506.6 503.5 504.8 511.1 512.4 519 526.4 532 533.1 535.2 539.5 537.7 535 536.4
235.1 234.8 236.5 236 238.3 235.8 238.5 237.7 240.5 253.3 247.2 247.7 251.6 255.6 257 261 265.2 271.8 276.5 282.4 297.1 299.6 297.2 307.7 307 303 290.2 299.4 311.8 322.1 333.5 345.9 360 375.9 392.1 410 426.8 447.8 464.2 476.7 486.3 477.6 480.1 486.9 481.9 490.8 487.3 485.9 474.7 460.3 468.4 467.6 464.5 454.7 454.3 457.5 465.6 472.8 475.1 480.5 478.9 491.3 498 508.3 508.8 506 512.2 515.6 517.9 528.7 540.1 540.9 545.7 546.7 550.4 543 540.3 535.8
239.2 239.1 241.5 243.4 241 242.7 246.1 244.9 250.2 260 259.2 258.6 262.9 270.5 270.9 272.5 276.7 283 290.8 298.8 305 300.9 305 306.7 307.9 307.8 298.1 308.4 320.4 331.3 340.4 353.1 369.8 386.6 402.3 415.6 435.5 458 473.5 487.9 492 490.1 491.1 497.5 499.5 511.6 503.5 499.3 483.3 474.5 482.3 479.8 472.8 456.1 463 464.8 466.7 472.4 477.2 486.4 492.1 492.2 496.7 501 505.8 508.1 513.3 522.2 524.5 534.9 542.1 548.1 551.1 549.6 550 545.8 542.5 537.2
246 246.3 249.2 252.4 248.1 251.8 253.4 257 257.9 268.8 272.3 276 284.1 287.2 286.4 286.7 288.2 292.5 298.7 305.2 307.4 312 308.3 313.7 312.9 315.4 304.3 316.7 326.9 336.2 347.3 361.7 380.7 392 405.6 423.6 447.7 470.4 483.4 496.7 505.2 505.9 507.7 510.3 518.2 527 517.2 512.3 496.5 491.6 498.4 489.1 477.8 468.9 467.2 472.2 477.3 480.8 481.4 483.5 488.9 500.3 502.7 503.5 509.8 511.9 519 525.6 532.7 539.8 547.7 553.2 554.4 554.9 557.6 550.5 550.7 544.6
254 257.7 263.9 255.9 261.1 265 272.2 271.2 269.9 276 283.2 289.9 296.1 302.1 302.2 302.9 305.1 304.6 313.5 316 312.1 318.7 317.9 320.9 318.4 318.3 307.2 324.6 334.1 343.8 357.3 370.7 383.4 396.8 415.8 433.4 456.5 477.5 492.4 511.3 514.9 513.7 523.1 527.1 535.8 533.9 524.6 515.9 500.8 502.5 500.7 489 476.4 469.5 474.6 477 492.9 492.9 491.4 495 494.2 502.5 501.9 505.1 514.7 524 526.8 534 541.2 545.4 549.9 556.3 559.4 557.9 555.1 556.2 558.3 553.8
261.3 265.8 272.3 268.6 277 286.4 281 285.9 282.5 291 294.7 305.1 313.1 315.3 319.9 318.7 316.8 319.9 326.3 324.1 322.3 324.4 327.2 325.2 325.7 322 321.3 327.7 343.3 352.5 363.6 373.4 387.1 401.2 418.2 435.6 462.4 482.1 500.5 516.4 525.6 524.6 538.7 544 546.6 540.4 535.8 526.3 507.6 505.1 494.7 486.6 479.8 482.2 485.3 486 496.3 499.7 498.4 497.5 508.6 503.4 504.2 511.6 523.3 532.4 532.9 537 545.9 550.3 557.3 561.6 561 560.9 564 563.1 556.8 556.7
