public/OST50/NN44.asc
ncols 200
nrows 200
xllcorner 240000
yllcorner 740000
cellsize 50
[rows 0 to 34 of 200, columns 78 to 155 of 200]
425.1 430.3 434.8 437.6 437.8 442 447 452.2 457.6 463.8 467.3 472.5 477.4 480.8 486 491.1 493.9 496 499.1 503.6 507.3 510.2 514.2 518 522.2 524.3 528.2 534.1 535.2 536.4 537.1 542 553.4 554.1 552.4 555.1 554.9 554.9 557.5 561.1 568.5 573.7 576.3 573.5 585 592 587.4 594.9 603.5 602.3 604.2 609.5 610.9 615.7 620.8 618 618 619.9 624.1 625.8 628.3 631.2 633 637.2 642.6 644.3 652 657.5 660.9 665.2 668.4 669 672.4 674.9 676.3 676.9 672.8 669.2
425.3 430.9 435.6 438.3 442 446.9 453.1 459.3 462.8 467 470.6 474.3 479.5 486.3 492 494.2 495.9 497.2 500.5 506.3 510 513 515.8 519.3 524.1 527.4 530.3 533.9 534.1 538.8 540.9 547.2 555.6 553.1 552.3 554.3 555.8 557.3 560.9 563.8 566.8 571.4 579.9 580.1 584.2 588.3 590.4 594.5 598.8 607.8 607.4 609.6 612.4 615.5 620.4 622.3 625.2 624.1 630 633.3 637.4 639.4 642 645.1 651.5 656.4 662.3 665 671.6 671.7 675.3 679.7 679.9 676.2 677.6 677.8 677.8 671.4
424.7 429.9 436.6 443.7 446.3 452.5 458.7 462.7 467.2 470.6 474.4 476.6 481.2 488.1 491.4 495 498.4 502.4 502.8 508.3 515.2 515.6 520.3 522.9 526.2 533 540.9 536.9 536.6 538.4 541.6 545.4 549 550.6 556 556.1 559.4 558.9 561 564.6 570.9 574.7 581.6 583.6 585 594.8 598.7 594.1 597.7 605.4 611.2 611.5 614.3 617.2 620.1 623.3 627.1 630.9 633.4 641.8 647.5 649.4 651.6 658.6 663.8 672.8 676 678.6 682.1 685.2 688.5 687.6 688.4 688.3 685.7 682.6 680.3 676.1
431.1 433.8 440.5 446.4 451.2 457.3 461.2 467 470.7 474.1 477.7 481.8 487.8 491.5 494.1 498.4 504.6 506.2 507.7 515.9 517.8 519.1 520.6 524.5 528.7 534.2 539.4 535 536.3 538.5 541.6 546.6 551.1 552.6 556.6 556.8 558.2 560.3 563.3 567.4 577.2 577.2 583.4 584.6 586.1 595.7 601.4 602.4 600.8 604.8 611.3 615.4 616.3 621.2 623 626.5 631.4 636.2 642.7 648.1 655.5 660.4 664.7 673.1 677.7 684.7 689.4 693.7 697 698.1 702.1 703.9 700.5 697.5 692.8 688.3 682.4 677.6
435.5 441.2 439.6 449.6 454.4 462.1 465.2 470.7 474.8 478.1 480.6 486.5 491.5 494.2 499.2 501.9 506.1 509.1 515 519 519.1 522.9 524.6 524.1 526.5 530.5 536.6 537.3 539.4 542.3 546.5 549.2 553.8 556.2 559.1 559.3 562.5 565.2 569.3 572.7 576 580.3 582.5 585 589.8 596.6 605.4 605.8 604.1 608 614.8 617.8 619.3 624.5 631.3 632.9 637.7 642.4 649.3 656.4 664.2 673.8 677.6 685.2 693.3 701.6 705.1 709.7 712.7 715.1 714.3 711.9 708.4 705.5 699.8 692.9 689.8 682.8
442.4 446 450.1 453.8 456.9 462.6 470 474.5 480 481.3 486.2 490.3 494.6 496.8 500.2 506 507.8 512.4 515.8 516.2 520.3 520.5 522.5 524.7 529.6 532.4 536.5 543 541.5 543.2 546.4 550.8 552.6 556.5 558.4 563.1 569.7 571.3 574.7 576.9 579.8 584 584.7 591.6 592.9 598.7 607.9 608.2 612.1 614.1 615.9 619.6 624.1 627.1 631.2 637 647.8 651.9 657.7 666.6 675.3 682.3 690.2 699.4 708.6 714.4 721.4 723.9 728.5 727.7 725.6 720.8 718 711.2 708.5 699.4 691.5 683
445.5 450.3 456.1 459.4 463.9 466.1 465.2 478.2 484.2 485.6 490.1 491.7 497.2 499.4 500.2 502.4 506.2 505.2 509.3 512.4 516.9 527 527.1 528.4 531.1 535.6 538.3 541.3 541.7 545.6 549.2 552.8 556.9 559.2 559.3 566.9 570.1 574.7 579.2 580.9 582.7 587.4 586.6 591.6 596.2 600.1 608.3 608.8 616.6 621.7 620.6 625.8 627.8 631.6 635 642.6 652.5 659.9 667.3 675.3 685.3 693.8 701.1 710.2 716.7 726.4 730.9 730.3 731.3 733.8 730.3 729.4 724.1 718.2 710 701.3 693.5 681.3
451.5 456.3 461.7 469 474 472.2 476.4 476.7 481.1 485.1 488.5 490 493.5 496.9 500.6 505.1 506.9 510.6 515.4 514.2 522.3 531.6 529.7 532.2 535.4 536.6 540 542.7 544.6 549.7 551.2 558.6 562.5 559.6 565.7 569 571.7 576.9 581.5 583.9 587.9 591.3 590.6 592.9 599.2 603 606.8 610.5 618.9 624.9 624.5 630.6 634.6 637 642 649.4 658.7 666.5 677.8 684.5 692.8 702.5 711.6 721.4 732.8 740.4 742.6 741.7 742 740 737 734.6 729.1 717.6 708.8 699.2 693 681.2
456 462 466.7 473.9 478.3 474.9 480.3 482.5 480.2 485 488.7 495 498.9 501.7 506.4 510.1 511.3 516.1 518.8 518.2 525.2 531.8 531.6 533.6 536.5 539.4 543.3 543.7 546.3 549.9 556.2 564.2 563.3 563.5 570 575.1 578 579.9 582.4 584.6 590.5 594.4 594 595.8 600.8 606.1 608.9 613.1 619.2 622.8 627.4 632.2 638 643 649.3 654.3 664.1 669.8 685.3 691 701.7 711.9 721.9 731 742.8 747.7 749.3 749.8 748.9 746.6 742.1 729.8 720.6 711.5 705.7 697 688.1 680.7
463.4 468.2 471.9 476.4 476.6 478.3 484.9 484.3 487.1 486.6 494.6 498.1 502.1 509.9 509 512.7 515.2 518.3 522.4 523.9 523.8 527.5 530.2 532.7 535.7 540 545 546 549 551.4 556.2 564.3 567.9 566.8 572.6 578.1 582.3 585.3 585.6 587.9 592.6 596.9 597.5 598.6 602.9 606.3 610.7 616.4 620.6 623.9 628.6 636.1 642.2 647 656 663 672.4 681.9 690.6 700.4 709.8 721.1 732.3 741.7 747.6 757.8 762.9 761.5 760.8 752.9 741.9 732.1 720.2 711.8 701.2 694.6 685 680.4
466.6 468.9 473.4 474 477 480.8 485.5 489.7 492 493.5 497 501.5 507.4 510.3 512.4 515.6 520 522.4 523 526.1 528.7 531.7 533.6 533.5 534.7 537.2 540.3 546.2 547.5 554.3 559.7 565.9 568.3 572.4 576.5 580.6 584.4 587.2 588.7 589.6 594 599.3 602.3 600.7 606.4 607.4 612.8 618.8 623.8 626.5 631.7 641.3 646.7 652.6 659.4 671.4 680 689.1 698 707.6 717.5 727 738.3 749.4 761.7 772.1 775.7 772.7 761.4 752.8 740.5 729.6 718.6 707.7 697.5 689.9 682.1 674.6
469.9 471.9 474.6 477.9 482.7 484.1 490 492.4 493.3 494.6 496.7 503 509.4 512.9 516.2 517.5 520.7 523.5 526.2 529.6 533.3 535.9 535.1 536.6 540.6 546.2 542.5 545.8 547.9 554.4 561.6 569.3 572.6 573.6 577.8 581.1 587.1 589.2 589.8 592.3 595.5 600 604.5 606.4 609 612.6 615.5 622.5 628.1 634.1 637.5 645.1 652 658.6 666.6 676.8 686.2 695.1 705 715.5 725.8 735.3 748.7 759 767.8 780.4 786.8 782.8 768.6 752.4 741.7 729.3 717.3 705.8 696.3 685.3 677.4 670.7
473.4 475.5 478.5 482.5 486 489.3 491.5 495.9 498.4 496.9 497.8 504.2 508.5 513.9 516.8 521.3 526.5 527.4 531 532.7 538.3 536.9 537.2 538 544 548.5 545.6 549.8 550.2 556.7 563.6 570.9 572.5 574.6 578.9 583.9 586.5 593.3 595.9 592.9 598.3 602.9 605.2 609.7 612.5 614.4 619.1 623.2 630.2 635.7 639.3 654.6 657.7 664.7 673.2 681.3 692 701 711.3 720.1 732.7 745.1 755.5 762.3 772.7 782 784.2 781.4 769.1 752 738.3 728 715.5 704.6 694.1 684.4 675.5 667.3
476.1 480.1 481.7 484.7 488.1 490.6 493 496.9 497.5 498.4 500.1 503.4 509.9 512.7 517.8 526.6 529 530.5 533.1 537.1 540.7 538 540 541.7 545.2 548.5 548.9 554.3 558.1 557.6 565.2 567 569.5 575.6 579.4 582.4 587.4 593.7 593.8 594 602.3 605.3 607.1 612.1 617.3 621.5 622.7 627.5 634.4 638.5 645.2 657.9 662.3 669.9 678.2 687.4 695.1 707.6 716 728.3 738.6 750.1 758.7 765.7 773.5 778.3 778 773.8 763.3 749.6 735.4 723.2 712.7 701.7 693.4 678.6 675 666.8
482.2 482.5 485.7 488.3 490.4 493.5 497.1 497 498.6 501.5 508.6 507.1 507.7 514.6 519.5 529.3 532.8 529.5 534.1 536.5 539.2 537.9 540.6 542.9 546.9 550.6 556.4 558.5 561.5 564.1 569.6 573.2 570.7 575.7 580.3 585 588.9 593.4 596.7 596.7 604.5 607.3 610.6 615.4 618.4 623.1 626.9 633.1 638.6 645.9 652.5 660.6 667.5 675 683.5 692.4 701.3 711.3 722 732.9 743.8 752.7 761.6 768.4 771.6 774.5 775.1 769.1 758 750.1 735.4 723.7 710.7 701.3 696.8 690.1 682.1 670.5
484.3 487.4 488.2 491.3 493.7 496.1 497.8 504 505.8 509.8 513.5 515.2 515.5 515.4 519.4 528.5 532.3 532.2 538.2 538.2 541.5 540.7 545.9 549.3 551.8 557.1 558.6 562 563.7 565.9 568.8 573 574.6 577.9 580.7 587.7 590.5 595.3 601.8 600.8 604.1 610.1 615.3 618.8 623.5 627.2 632.1 636 642.9 650.3 656.4 665.1 673.6 678.9 687.8 696.3 705 716 726.1 736.8 746.7 756.6 763.8 769 772.8 776.1 773.1 770.3 758.1 746 735.6 724.8 713.3 709.7 701 693 684.6 676.6
488.4 489.9 491.3 494.4 498.1 499.9 504.3 508.9 514.4 515.3 518.7 519.1 518 517.8 527.5 536 535.2 537.7 542.7 537.9 540.8 544.1 549.1 551.3 555.1 557.6 560.6 564.5 568.4 570.4 574.5 575.1 578.8 583.5 583.1 586.5 592.2 599.5 601 603.4 607.7 613.2 617.7 621.3 627.1 630.6 635.6 640.9 649.5 654.5 660.2 668.6 677.1 682.6 691.3 700.2 710.5 721.3 729.7 740.2 749.3 757.8 766.5 772.7 777.4 777.7 771.6 762.7 755.3 743.1 733.8 724.1 715.9 712.1 703.9 695 688.1 681.1
492.5 494.2 496.2 498.9 501.5 506 507.8 510.9 515.1 519.5 521.4 524.4 525.2 520.6 528.4 536.2 538 538.7 538.3 540.4 545.7 548.8 552.3 557.6 558.4 563 565.4 570.6 570.9 572.4 575.6 581.1 579.4 584.7 588.6 590.2 590.1 598.9 601.5 606.9 609.3 613.7 620.1 626.3 628.3 635.4 641.8 646.1 652.3 659 667.7 673.1 681.4 687.1 696.3 705.5 715.8 725.6 734.7 743.5 753.2 762.4 770.4 774.7 778.9 781 777.9 770.7 754.3 741 731.7 725.5 721 714.4 704.7 697.7 690.2 685.6
498.3 498.5 500.9 503.8 506.1 509.7 512.9 516.4 522.1 524.6 524.9 528.4 526.2 524 527.6 538.4 539.2 540.4 544.1 545.5 552.6 554.5 557.4 559.6 560.5 565.7 570.9 573.1 572.8 575.4 580.5 583.5 581.8 589.4 592.3 593.6 597.5 598.8 603.6 608.7 612.5 619 622.9 629.8 633.7 641 645.6 651.9 658.2 668.1 676.9 680.8 686.5 692.7 702.3 709.3 720.5 730.4 739.1 747.8 756.8 766.4 774.8 778.7 780.3 782.6 778.9 770.2 755.2 740.1 730.1 727 723.9 715.5 705.9 698.9 691.4 691.5
501.5 505.2 508.8 510.3 513.2 517.7 518.9 523.6 524.3 529 530.2 533 526.6 529.9 532.1 535 542.9 545.6 550 548.9 554.6 556.7 561.4 564.9 564.7 569.9 572.9 574.3 576.4 579.5 586.8 585.9 585 591.3 593 598 600 600.1 604.1 609.2 616.1 621.9 626.3 630.2 639.2 642.1 649.6 658.7 666.7 673.4 684.2 687.1 691.1 699.3 708 716.5 726.4 735.3 744.3 753.1 761.2 769.3 775 779.4 781.9 782.1 777.5 767.2 753.2 739.1 731.5 728.2 726.1 718.1 709.6 699.5 700.8 697
510.4 512.8 516.1 519.2 521.9 525.2 527.6 530.8 532.7 533.8 536.4 538 529.6 534.9 541 534.6 543.5 549.9 552.4 555.1 559.5 557.5 564 568.5 569.8 571.7 574.9 577.3 579.7 582.1 585.3 585.5 586.3 594.6 595.5 599.6 601 603.6 606.7 609.8 616.4 623.5 629 632.2 638.5 649.6 651.4 664.9 672.3 677.3 686.7 693.9 699.5 704.4 712.4 720.9 730.7 739.9 748.5 756.7 765.1 771.8 775.9 780.9 785.3 785.8 779 766.3 751.8 742.2 734.3 730.5 726.9 719.9 709.3 706.8 704.6 704.7
516.4 521.9 525.3 527.9 530.1 532.4 533.1 534.6 535.8 539 540.7 539.8 534.9 547.3 545.1 537.7 543.1 548.4 556.7 563.6 559.9 562.1 565.3 570.3 573 574.7 577.2 579.7 582.8 583.2 589.9 590.2 588.4 592.8 597.8 600.4 603.4 607.1 611 611.9 617.9 625.4 630.6 635 641.8 651 654.9 665.4 677.3 685.1 690.2 699.2 706.1 710.2 717.1 725.4 735.2 745.3 754.6 761.7 770 775 778.3 785 789 785.8 776.4 764.8 751.1 742.7 735.7 731.2 722.6 719.4 711.7 711.7 711.1 711.1
525.8 528.9 532.5 533.3 535.5 536.2 539.1 540.2 542.5 543.6 545.1 543.3 538.5 551 543.8 546.8 550 552.2 553.8 559 562.4 566.4 568.4 571.6 574.9 578.5 578.8 583.3 584.9 585.9 590.9 589.5 593.2 594.1 600.4 603.2 608 609.7 614.6 614.5 618.4 626.5 628.5 636.6 645.7 652.3 661.3 664.3 676.3 683.3 695.3 704 709.3 715.2 721.1 730.1 740 749.5 758.2 764.9 773.1 778.9 783.2 785.9 786.3 782.8 774.9 762.8 752.1 744.6 737 731.4 724.9 722.1 719.9 718.1 717.4 718.9
532.1 535.9 538.5 539.5 540.3 541.1 544.4 545.7 547.7 550.3 548 544.9 539.8 552.7 546.4 551.9 553.3 559 556.9 562.4 564.5 570.2 571.7 573.8 577.1 582.4 579.7 586.2 586.1 591.4 591.8 592.4 599.2 602 601.3 603.7 608.8 613.4 620.3 620.6 624 628.1 632.7 639.1 645.2 652.5 662.6 667.2 670.5 685.8 695 703.2 710.4 716.9 725 734.2 744.6 752 758.5 768 775.2 782.4 786 786.6 783.9 776.9 771 762.4 754.6 748.3 738.1 731.5 729.2 725.6 724.5 724 722.9 726
539.3 541.3 542.5 545.4 545.6 546.1 549.2 548.5 549 550.7 547.8 548 544.7 553.4 552.9 553.7 559 563.7 564.7 563.7 569.4 573.8 573.6 577.5 580.1 584.4 585.2 589.8 590 593.5 596.2 597.7 600.8 604.9 607.3 609.9 612.3 617.8 622.9 625.8 627.6 633.6 637.9 640 644.8 654.1 659.3 668.1 674 681.7 691.4 700.8 711.3 720.2 726.3 734 743.7 752.7 762.6 769.8 777.5 782.3 784.1 782.5 778.6 773.3 770.4 762 756.3 747.5 740.6 736.5 732.2 731.6 730.2 730.7 731.8 735.1
544.4 547.8 548.3 551.2 551.3 550.7 553.1 550.6 553.4 552.5 553.2 553.2 545.8 557.5 557.9 554.9 566.5 568 567.5 567.1 572.8 577.8 576.2 580 584.1 588.9 588.8 591 596.4 596 599.1 600.5 604.1 606 610.7 614.8 616.7 619.4 623.3 626.6 627.2 634.7 638.7 642.6 647.3 652.1 661.2 663.6 671.2 677.9 690.8 698.6 709.1 715.5 724.7 733.3 742.5 757 765.2 770 774.5 778.6 778.6 775.5 773.4 770.4 769.2 765.2 755 748.2 742 739.6 736.9 735.9 737 738.4 740.8 742.9
552.1 551.5 552 553.8 557 554.4 552.4 553.5 554.2 558.9 559 558.6 552.4 558.4 563.6 555.8 567.9 568.9 569.2 569 573.5 579.4 579.8 584.9 586.2 592.5 591.9 593.8 598.4 600.6 601.3 605.3 609.6 612.2 612.2 616 618.9 619.4 623.4 626.6 632 639.8 642 646.2 647.2 653.6 660.7 659.8 670.6 675.8 682.3 692 705.4 712.6 722.4 734.9 744.9 754.1 760.1 768 770.7 771.8 771.1 768.2 767.6 768.5 765.9 763.9 757.8 748.9 746.1 744.2 743.3 743.4 745.1 746.4 749.5 752.6
553.3 554.6 555.3 555.6 555.6 555.1 556.9 558.4 559.9 559.7 559.7 561.1 559.5 559.2 567.2 559.2 570.2 572.3 573 574.2 577.3 581.8 585.4 587.3 592.2 593.7 596.4 598.7 601.5 604.6 608.8 612.7 611.3 614.2 617.1 618.7 619.1 626 629.3 629.3 636.5 641.7 647 649.7 653.7 651.9 656.3 660.4 668.4 673.9 680.3 691.6 702.4 708.5 714.7 726.7 737.1 745.9 754 759.9 763 763.4 763 763.5 763.8 764.7 761.1 760.9 755.7 752.2 750.4 748.3 749.7 752.3 753.9 755.4 760 764.2
560.4 558 558.1 559.8 559.3 560.1 560.4 563.2 565.4 565.2 563 562.7 561.4 566.8 565.5 564.9 572.9 574.6 576.8 575.7 580.1 583.9 588.5 590.6 595.4 597 601.5 603.6 607.7 611.8 612 614.6 615.9 618.9 623.4 622.8 627.6 629.9 636.3 639 639.2 643.8 648.3 651.7 654.6 662.3 663.9 662.3 668.9 673.4 677.8 684 690.7 704.2 712.6 721.4 729.4 737.8 746.5 749.3 754 757.6 760 760.1 760.9 762.4 759.3 757.1 754.1 754.6 753.2 754 755.5 759.9 762.3 764.6 771.8 775.8
559.7 561.4 563.2 565.4 565.8 562.8 565.4 566.9 569.4 569.4 565.8 563.4 566.6 572.5 567.5 565.1 573.6 575.9 579.9 579.9 585.7 586.8 592.3 597 596.6 602.8 605.6 608.2 614 617.4 618 620.7 621.1 625.7 628.3 630.9 635.3 637.4 638.5 643.9 646.8 648.9 654.2 655.1 658.1 663.4 665 665.7 668 674.3 679.1 680.5 688.7 694.8 708.6 717.1 725.4 731.6 738 743.5 748.1 752.8 755.6 756.5 755.1 756.6 754.6 754.5 755.3 758.1 756.9 759.4 764.8 767.6 772 774.9 781.2 784.6
563.8 566.2 567.9 567.1 568.2 571.1 570.4 570.7 572.1 568.8 566.7 568.1 576 576.1 573.1 573.2 574.5 579.3 581.1 586.1 590.1 592.7 597.7 602.5 598.9 607 609.3 616.6 614.7 618.7 623.4 625.2 627.7 628.5 635 639.7 641.6 643.8 645.6 650.5 652.8 655.7 659.5 660.7 660.8 664.5 668.1 669.3 672.5 675.7 676.6 679.6 683.9 689.5 696.1 708.8 718.4 726.1 732 737.8 743 746.8 750.8 749.7 749.9 749.2 751.1 750.7 755.9 759 762.4 766.6 766.7 772.4 778.8 778.8 782.4 786.6
571.8 570.1 571.3 572.1 574 576.4 576.3 575.1 573.1 572.6 571 574.4 581 581.8 579 580 580.6 581.4 585.4 590.2 586.6 597.3 601.6 606.5 604.4 610.1 613 616.5 619.5 623.7 627.2 631.2 631.8 636.5 639.3 644.5 650.9 654.1 655.9 657.3 659.6 657.7 663.3 665.4 667.7 667.9 670.5 675.2 674.5 679 678.8 681.4 684.7 687.6 691.9 700 712.7 718.4 723.7 729.3 734.1 740 741.9 744 743.4 745.5 747.6 750.4 754 759.4 764.4 766.6 770.4 777.6 781.2 781.7 784.1 790.9
573.5 577.6 578.1 577.8 578.5 579.2 578.6 577.8 576.6 576.5 577.9 582.8 582.6 582.5 581.7 583.4 581.5 584.3 584.1 590.3 600.3 600 604.8 606.6 609.2 613.2 616.2 620.6 623.9 628.8 633.1 637.4 640.1 646.8 649.5 653.6 658.2 659.5 666.1 668.6 669.9 666.5 667.4 670 670.9 674.8 677.6 678.5 678.5 679.8 680.9 685.4 686.4 688.9 689.7 694.2 702.2 711.1 717 722.5 727.9 730.9 733.8 734.9 739.2 739.2 742.9 747.9 753.1 757.6 762.2 765.2 774.2 777.1 779.7 781.9 785.1 793.8
580.2 586.4 584.8 582 581.7 582.4 582.9 583.9 582.5 580.1 582.8 586.3 585.2 585.7 587.2 587.4 587.4 591.1 591.9 592.7 602.4 602.7 606.6 608.2 615.6 617.4 620.1 626.7 628.4 634.3 639.3 646 649.5 654.3 660.1 663.9 668 671.7 673.7 675.6 678 677.5 678 679 680.5 678.6 680.3 682 684.6 685 684.2 685.8 686.9 691.7 688.4 691 696.2 704.6 711.1 713.4 719.8 724.5 725.4 729.7 733.2 734 740.1 745 750.1 755.4 760.6 766.2 772.4 774.2 778.9 782.3 791 793.4
587.1 591.2 589 586.9 587.6 587.1 587.3 586.6 587.2 586.1 586.4 588 588 589.2 590.3 591.4 594.1 595.5 595.8 597.4 603.5 607 609.3 614.2 618.1 622.3 626.5 632.8 635.7 639.1 645.2 652.6 657.9 663.7 668.6 673.1 677 681.3 684.1 684.7 687.5 686.7 686.7 688.3 688.3 688.3 688.8 688.1 689.6 690.4 690.4 689.6 690.9 694.4 690.4 696.3 694.4 700 706.1 710 714.4 717.8 719.6 726 727.4 730.5 736.4 741.8 746.8 753.2 758.6 763.9 769.3 773.7 779.4 784.1 790.7 791.9
