public/OST50/NN44.asc
ncols 200
nrows 200
xllcorner 240000
yllcorner 740000
cellsize 50
[rows 105 to 139 of 200, columns 0 to 77 of 200]
638.5 661.5 669.9 668 680 690.4 699 704.7 709.5 714.1 720.7 728.3 731.5 734.1 736 735.1 736.3 741.1 742.4 750.2 755.8 761.6 761.1 762.2 758.8 752.4 751.5 744.1 734.4 731.1 730.2 718 713.6 712.9 712.3 713.3 719.9 715.2 720.3 728.4 735.8 741.4 750.4 760.4 771.5 782.2 792.7 802.9 813 828.7 841.6 853.4 864.1 872.7 878.9 880.1 875.6 864.4 843.5 818.3 802.3 791.1 779 788.2 797.7 802.3 812 820.9 830 839.6 845.8 853.4 857.1 859.1 846.6 814.8 790.6 770.3
630.3 654 657.4 671.9 684.2 694.5 702.2 707.6 713.6 718.3 726 731.9 734.7 740.1 741.8 744.5 743.6 741.5 748.2 751.7 757.1 763.6 764.7 760.9 761.6 756.1 750.6 739 728.5 719.7 714.5 706.2 698.7 697.2 699 704.4 706.7 707.5 715.6 722.7 728.4 737.7 745.3 757.7 769 780.1 791.7 801.9 812.6 823.9 833.2 843.4 852.3 860.2 866.5 868.5 866.5 855.6 840.6 823.5 798.5 784.6 771.6 768.6 780.9 790 801.3 810.9 821.7 832.6 841.3 845.7 850.1 848.6 837.3 808.7 777.5 753.5
621.1 637.5 657.9 669 687.9 696.7 705.6 712.5 718.5 722.6 727.8 735.4 738 742.9 743.9 744.9 747.2 747.7 749.3 751.2 759.2 761 761.9 760.1 759.8 757.1 752 739.2 722.8 711.6 703.7 696.7 689.9 683.1 689.4 691.2 692.9 703.8 715.4 719.7 725.3 735.5 742.6 752.9 765 777.1 788.8 799.8 810 819.2 827.7 833.1 842.2 848.8 852.6 857.8 856.7 850.8 833 819.9 805.1 781.3 768.1 751.6 758.2 769.9 789.3 801.8 813.2 825.5 836.2 841 841.2 834.4 817.1 797.3 767.4 742.3
609.2 641.3 660.1 673.4 685.1 701.1 709.9 716.3 724.4 727.9 732.5 738.3 743.5 746.8 748.5 750.6 751.9 754.6 755.6 756.6 758.6 763.7 762.9 764.8 762.2 758.5 756.3 746.5 720.3 712.5 699.8 687.2 679.9 679.1 680.7 680 693 696.4 703 712.5 720 731.6 738.3 747.9 759 772 785.2 797 807.2 816.1 822 828.8 830.8 835.7 842.1 844.3 845.3 838.5 824.6 812.6 803.6 785.8 766.1 752.6 741.3 756.2 773.7 792.3 804.5 814.1 827.2 831.9 829.3 817 796.9 774.4 754.4 732.7
616.9 645 662.2 675.5 688.5 700.9 711.9 720.1 727.6 733.1 737.9 741.9 747.8 752.6 754.8 757.5 760.2 758.6 762.4 760.4 758.8 761 767.2 768.8 770.2 762.7 754.7 740.5 725.6 705.8 691 680.4 675.2 670.3 672.5 671.5 675.6 690.4 697.8 709.2 718 725.7 733.7 743.4 756 768.9 781.2 793.2 802.8 810.9 816.4 821.1 822.7 826.5 827.1 831.3 831.9 827.5 818.5 807.6 797 788.4 769.2 752.2 735.4 741.9 767.7 784.1 798.7 808.2 813.3 818.3 817.3 796.3 774 753.9 732 717.9
623.4 648 665.1 677.7 694.7 703.1 712.1 720.7 729.1 738.4 744.9 748.8 753.3 757.7 761 766.6 768.4 768.7 766.4 768.6 768.5 767.5 768.5 771.8 775.4 767 748.1 728.1 715.7 698.4 685.3 679 672 662.2 665.6 660.1 665.6 675.8 687.8 698.6 711.7 720.9 730.9 741 752.3 764.8 776.6 787.5 796.9 804.1 810.1 815 816.9 816.6 816.9 816.1 816.9 814.3 807.4 799.5 787.2 778.6 775.4 754.2 737.6 726.7 750.5 768.4 786.2 799.1 805 806.3 801.2 780.3 751.3 728.3 711 695.7
628 649.8 666.9 679.9 696.9 709.4 717.9 728.2 734.5 742.1 749.4 755.6 761.4 765.6 770.4 774.9 778.1 779.7 779 782.4 781.4 778.2 774.8 778.8 779.6 760.2 743.4 725.4 708.1 697.3 684.9 671 663.6 661.8 651.3 650.7 661.8 672.5 680.2 693.5 704 713.2 722.4 734.1 746.3 759.1 771.4 781.2 789.8 797.1 803.4 807.3 809.5 808.6 806.2 804.9 804.7 801.5 796.5 787.7 778.3 769.1 764.6 755.6 738 719.5 731.9 752.1 771.5 785.6 794.1 788.2 776.3 760.6 737.2 712.9 692.1 679.1
626.2 651.9 669.4 684.4 698.9 710.9 723.2 735 744.2 750.9 758.1 762.5 770.2 775.6 778.7 782.8 787.5 790.4 790.3 793.2 792.7 792.9 787.1 778.1 764.3 746.4 727.2 715.1 706.8 696.1 682.8 664.6 653.4 646.9 640.3 646.5 657.1 661 669.8 679.8 694.7 704.9 716 731.2 741.8 753.2 767.2 776.2 782.7 789.2 795.5 799.7 801.4 801.5 800.1 793.9 791.3 788.8 782.2 776.5 768.2 759.6 753.9 751.8 736.3 721.7 718.8 736.7 759.5 773.8 776.7 771.9 758.2 742.3 722.4 701.8 683.2 667.8
625.7 656 676.5 690.3 704.8 717.6 726.7 738 750.3 759.7 765.5 767.8 776 783.7 788.1 793 796.9 798.4 799.9 803 803.9 800.8 787.8 771.5 738.3 721.9 711.1 708.7 696.5 685.1 671.8 660 644.5 635.4 637.8 643.3 649.1 653.9 665.1 678.1 687.2 696.8 709.2 725.1 737.1 749.1 761.5 769.5 776.8 782.4 788.1 792 793.6 794.8 792.6 787.5 770.5 772.9 771 763.8 756.4 750.3 744 737.7 734.2 720.8 709.6 723.8 748.9 764 765.7 752.6 740.8 729 711.8 691 672.7 660.4
621.6 655.3 682.7 697.4 711.8 724.7 734.9 743.8 751.4 763 770.3 775.8 779.6 787 795.4 801.5 803.7 805.1 808.9 812.3 802.5 784.2 760.8 740.2 722.9 707.1 689.9 685.1 684.8 669.9 659.2 651.1 642.8 635.4 629.1 636.7 638.5 645.7 655.1 666.5 678.9 688 701.6 717.5 729.9 743.7 753.5 761.9 769.6 776.6 783.1 786 787.3 786.3 784.8 779.8 769.1 753.3 755.2 751.8 746.7 739.6 733.6 725.9 721.6 718.9 707.4 712.9 737.7 749.7 751.6 742 724.9 711.1 698.5 683.9 667.1 672.6
620.1 655.7 685.4 704.6 719.4 731.2 739.3 749.5 755.1 764 774.6 783.2 785.9 791.1 798 805.3 810.9 813 813.9 817.4 786 753.2 731.8 716.2 705.5 689.3 678.6 673.6 667.9 657.4 649.7 641.4 633.6 623.9 617.3 623.4 627.1 639.6 651.4 654.3 671.1 677.7 692.3 708.4 723.8 734.7 747.4 756.2 762.7 770.6 775.6 779.9 780.8 780.2 777.8 773.6 763 747.7 737.2 738.5 733.7 728.4 722.2 715.1 711.4 708.3 704 711.3 726.9 734.9 732.9 724.8 710.8 696.9 685.7 675.5 676.5 687.4
614.9 648.5 680.9 705.4 723.7 733.3 741.9 748.7 756.2 764.4 777.4 786.4 792.5 790.5 798.8 806.8 813.9 819.3 817.3 802.4 759.4 730.1 713.3 696.9 685.3 671.7 658.9 658.5 649.6 646.7 640.1 634.3 621.5 615.1 607.8 613.4 618.7 631.5 640.6 652.6 662.1 667.1 684 698.4 713.6 726.8 741.9 751.7 758.8 764.3 769.5 774.7 774.4 771.7 769.4 766.2 756.7 744.6 728.7 720.7 719.3 715.5 710.8 704.7 700.8 693.7 695.8 709.5 720.5 723.9 719.8 708 697.4 685.7 680.2 682.8 692.2 703.1
610.4 638.4 662.9 692.4 716.6 729.3 742.2 750.8 757.9 769.3 777.9 785.9 789.5 792.7 796.8 807.6 815.9 822.2 811.6 777.9 738.2 714.6 695.8 683.1 671 656.6 645 641.8 638.1 635.7 627.8 622.4 614.5 610.4 598.6 599 609.3 615.2 631.1 640.2 647.5 663.3 675.2 688.9 703.1 717.8 733.2 744.3 752.9 760.1 765.7 771.2 770.4 765.7 759.9 755.4 747.1 737 726.4 712.8 701.8 701.5 697.7 691.4 689.7 680.5 692.5 705.2 712 716 707.9 695.1 688.9 686.7 691.3 700.6 712.8 727.7
598.9 629.8 654.8 685.6 717.6 732.1 747.5 751.8 759.6 767.4 774.7 779.2 783.5 790.2 795.9 804.4 814.7 822.7 803.5 762.4 728.7 703.3 684.9 669.3 656.9 643.7 631.4 623.9 628.1 624.9 622.2 615.3 605 597.9 589.4 602.9 598.9 607.7 616.1 627.1 634.6 650.9 663.3 677.1 690.3 709.9 723.3 733.6 742.6 752.1 759.4 766.1 768.8 763.1 755.1 743.9 735.1 726.3 717 707.2 697.4 681.5 678.1 678.2 679.4 669.8 683.9 698.6 705.7 708.1 703.4 693.9 694.6 699.2 713 719.5 734.4 746.8
600.7 628.5 650.9 673.9 703 726.7 742.5 749 754 761.8 766.5 771.2 777.7 786 793.1 802.2 810.9 820.3 801.3 760.9 725 701.3 679.5 661.7 648.4 633.2 620.4 612.1 611.5 608.9 606.9 603.7 600.5 588 582.2 581.7 588.2 606.7 607.2 618.7 632.6 639.2 653.6 665.7 680 695.7 711.2 722.6 732 740.3 750.2 757 761.7 760.9 753.6 740 724.3 711.5 703.8 693.9 686.3 675 663.7 667.5 667.1 654.8 674.9 690.3 701.4 706 706.1 704.6 706.6 717.7 728 735.9 752.1 762.9
600.9 628.6 649.3 668.1 692.2 710.8 731.2 743 744.6 750.9 758.5 764.4 775.2 781.7 789.7 795.8 807 815.5 795.7 757.4 730.9 701.1 673.3 654.4 640.1 627.8 614 604.6 599.7 597.3 599.6 594.4 589.3 581.5 575.2 567.5 578.5 584.3 600 604 618.5 636.6 643.3 653.6 668 686 700 710.3 720.1 729.9 738.8 747 751.4 751.7 749.1 737.4 718.2 694.5 687.2 675.2 669 659.6 652.2 646.6 646 651.1 671.3 684.6 698.5 706.3 710.1 714.9 724.2 731.1 739 750.6 764.7 772.4
598.1 628.8 648.4 669.4 682.6 700.8 718.7 732.5 737.9 745.1 754.1 763.6 773.3 779.7 787.9 794.2 804.8 815 789.7 761.1 732.4 702.1 675.7 656.8 642.9 635.5 627 617.2 598.5 592.5 587.6 584.1 578.4 573.9 568.1 560.2 561.4 568.4 583.1 594.1 606.7 621.6 633 643.4 657.8 674.7 685.1 697.1 707.2 716.9 727 735.8 740.2 740.5 737.2 729 713.2 689.6 675.9 658.6 652.5 646.1 645 631.3 638.9 657.1 675.7 691.7 705.7 717.2 724.7 731.1 734.8 739.2 752.5 765.6 771.9 778.1
593.6 628.6 645.8 667.4 676.8 692.7 707.3 722.1 729.8 739.3 749.2 760.5 771.5 778.3 784.7 793.5 802.3 812.4 793.5 759.7 733.7 711.9 691.9 672.4 657.4 651.6 639 619.4 600 583 578.8 573 568.6 568.6 564.7 553.6 551.2 559.3 568.8 582.2 593.1 607 619.9 633.4 647.3 659.6 672.5 682.5 693.4 704.2 713.2 722.3 727.3 727.8 722 712.3 701.2 684.9 667.1 648 634.2 634.5 622.8 628.3 645.8 663.2 680.3 696.1 717.6 727.7 734.7 736.7 736.7 753.9 762.4 768.1 772.1 776.6
586.9 622.4 641.3 659.3 669.3 686.9 699.6 710.8 724.5 736.3 746.7 758.6 769 777.4 785.3 794.1 802.4 813.5 798 762.2 743.5 732.5 706.3 690.9 675.7 666.5 648.3 618.9 594.4 581.8 573.5 571.6 563.1 558.9 559.5 550.3 542.7 546.6 556.7 568.1 577.8 590.3 604.4 618.1 632.3 644.6 655.4 667 679 689 698.7 707.2 712.1 710.4 704.8 695.4 683.3 668.1 653 640.9 624.3 617.8 615.7 637.9 656.7 674.5 692.6 706.6 720.4 728.7 735.7 732.3 742.7 758.8 768.9 772 776 777.6
575.5 610.2 633 654.4 662.6 679.4 695.6 707.4 721.9 733.5 747.3 758.6 768.2 776.9 787.7 796 806.7 816.3 817.7 785.8 757.8 745.7 726 712.5 701.7 688.6 665.2 631 605.4 590.1 576.3 566.1 556.5 551.9 548.7 548.7 539.3 537 541.8 551.9 564.2 576.6 591 605.1 617.3 627.6 639.2 649.9 662.7 673.2 683.2 690.8 693.2 692.6 685.6 675.3 664.2 652.5 639.5 631.3 614.2 598.5 622.8 649.6 665.6 680.3 697 711.7 722 725.5 723.3 731 747.2 761.1 767.1 768.9 773.5 775.2
564.4 599.1 623.7 644.2 656.6 676.9 691.4 706 720.3 733.1 747.5 756.4 767.8 778.3 788.6 799.4 809.6 818.8 826.4 807.3 778.5 764.5 752.1 741.7 727.8 710.9 684.5 650.6 622.5 606.8 589.8 572.7 560 552.1 546.1 537.5 536.1 528.1 529.7 537.6 550.6 561.4 573.9 587.4 599.7 611.1 621.7 633.1 645.3 657.2 667.4 673.2 675.4 672.3 663 654.4 642.4 635.2 619.3 608.5 596.3 605.7 631.9 654.9 672.5 689 704.2 712.9 715.1 712.2 719.5 734.8 748 757.6 765.2 767.9 767.5 774.6
554.3 585 608.9 625.2 656.6 675.9 690.4 707.6 721.1 733.3 747 756.4 767.7 778.8 788.5 799.1 810.2 819.9 830.4 831.2 814.4 795.3 782.3 773.3 756.8 739.3 708.2 671.1 645.8 630.6 607.5 581.1 563.2 554 548 538.7 535 522.2 522.2 525.5 534.6 544.6 556.9 569.3 579.6 593.7 602.2 611 624.7 638.7 650.5 656.3 659.5 654.6 642.8 634.7 622.3 613.7 598.3 586.7 582.9 613.8 641 658.5 685.7 690.7 699.5 705.7 701.4 711.6 722.9 730.4 744.9 752.1 759.4 763.7 765.3 771.7
549 578.5 607.6 633.6 660.9 676.9 692.3 706.8 722 733.1 744.6 758.7 769 778.2 788.6 799.1 809.2 818.9 829.6 840.1 846.6 827 811.8 809.3 797.1 770.7 736.2 698.5 667.6 647.3 621.1 593.1 577.7 562.2 548.4 542.8 535.1 525.9 515.5 514.7 522.6 532.6 539 551.1 564.3 574.5 583.1 590.6 599.9 615.7 628.2 636.1 639.4 639.1 627.4 609 593.6 585.9 576.2 574.5 602 628.4 648.3 667.9 680.1 688.8 690.2 686.8 696.9 712.5 719.8 725.2 737.6 747.9 757.5 760.4 762.8 768.4
544.3 572.1 603.4 634.2 662.8 677.8 690.2 705 719.2 730.5 745.2 756.9 767.3 778.6 789.2 797.1 807 817.7 830.8 842.1 854.5 857.9 851.9 842.3 833.8 802.7 767.2 730.9 694.9 667 636.7 606.2 584.8 567.9 555.1 546.5 539.2 530.2 520.8 506.9 507.1 515.5 524.1 532.6 545.3 555 565.2 571.8 578.9 590.7 602.1 613.6 619.5 619.9 616.1 589.2 568.5 556.6 565 591.9 617.1 637 659.7 664.6 669.8 673.1 676.7 685.7 700.6 712.3 716.2 723.5 733.4 745.5 754.8 753.5 757.6 761.8
544.9 572 601.9 634.5 663.1 678.5 689.3 703.5 716.2 727.1 742.4 753 766.2 776.2 786.7 795.8 805.6 818.5 828.7 839.8 852 861.4 868.5 867.6 860.1 836.9 800.2 763.3 724 684.4 653.2 624.1 596.6 579 560.1 551.2 540.2 533.4 530.4 514.8 502 499 508.8 516 526.6 537.9 543.4 551.2 557.3 565.9 578.1 586.3 596 598.9 597.1 578.8 549.3 555 584.4 604.8 626.3 644.6 653.9 658.1 659 669.4 675.4 686.4 699.9 709.2 714.8 721.4 731 740 748.7 746.3 749 752.1
540.3 572 601.9 630.9 661.6 679.7 689.2 700.4 711 719.8 739.8 749.4 761.2 776.8 789.8 794.8 802.3 812.8 821.2 832.6 846.3 856.2 867.7 873.2 867.6 865.1 837.9 798.4 753.7 706.6 672.5 644.5 613.1 591 572.1 557.2 547.4 537 526.4 515.1 502.4 493.5 501.3 504.2 510.9 522.2 528.3 533.9 539.8 547.6 555.3 565.5 574.5 577.6 579.8 573.4 540.5 551.5 582.5 611.2 634.6 642.6 645.7 644.9 656.7 668.9 676.5 685 700.2 703 711.7 717.5 726.9 731.3 737.8 736.8 739.5 742
549.2 568.4 596.4 629.3 660.1 676.8 684.3 691.7 702.3 718.2 733.7 746.8 760.4 771.9 784.4 791.9 792.9 802.6 815.7 826.8 837.2 847.9 859.9 867.1 863.5 863.8 864.5 832.3 788.4 742.6 704.8 667.2 633.1 605 585.1 565 551.4 540.3 528.4 519.5 501.7 492.1 490.9 493.9 497.9 507.2 517.8 522.1 527.4 534 541.2 549.8 555.4 557.3 564.4 561.3 533.4 546.9 577.7 610.3 628.5 637.2 633.4 638.9 658 668.8 673.9 683.3 695 700.5 706.8 714.9 720.9 722.1 728.4 730 731 732.9
559.2 579.7 612.2 638.9 662.8 672.9 676.4 683.4 697.1 713.6 727.8 741.8 755.9 765 774 783.4 798.6 802.9 818.1 822.3 828.9 839 848.4 854.1 853.9 851.9 856.7 852.1 822 780.2 736 692.3 651.9 622.8 597 574.6 559.9 546.2 533.2 520.4 507.4 495.9 487.9 477.2 484.4 494.7 504.8 513.6 518.3 523.8 529.9 536.6 540.1 541.9 545.3 541.8 519.7 546.7 579.6 606.3 616.3 613.3 628.3 646.4 653.8 662.4 671.1 686.9 683.7 693.1 702.4 712.9 714.7 714.5 719.9 718.3 720.3 722.2
566.7 591 621.6 637.1 656.3 659 665.1 676.4 691.4 705.1 721.9 740 749.7 762.2 773.1 782.3 794.4 802.6 808.2 814.4 818.6 827.5 835.6 841.3 844.2 840.1 843.5 842.2 833.9 809.8 766 720.7 673.3 643.1 611.9 588 570.3 551.9 537 525.5 515.3 498.8 487.6 481.3 469.9 485.4 493.9 497.7 503.8 511.5 516.4 522.2 522.8 525.1 535.4 518.2 512.3 545.6 576.8 592.6 588 612.5 631.5 641.5 646.2 653.8 668.2 678.5 679 691.1 698.3 707.3 705.4 705 706.9 705.7 709.5 708.6
562.4 590.7 607.8 618.7 638 643.4 652.8 671.6 689 702.6 718.8 734.5 746.8 758.3 770.8 778.3 788.8 796.1 799.4 806.5 808.4 814 821.7 829.3 829.5 829.8 826.7 826.6 820.7 811.1 788.8 741.3 693.7 664.1 633.2 605.6 584.4 563.2 541.4 528.1 518.1 504.7 490.8 483.5 471 476.4 484.5 486.1 491.5 497.9 504.9 508.1 511.6 518.1 524.6 502.9 519.5 551.7 575.5 564.2 587.8 620.1 630.4 634.6 640.7 652.2 670.1 675.5 682.2 688.3 696.6 698.9 695 692.2 695.2 693.6 694.9 696.4
551.5 564.9 577.8 589.7 605.2 628.4 645.8 664.3 687.6 699.2 712.5 726 739.4 756.2 764.1 774 783 790.7 790.5 799.2 800.1 802.8 810.3 816.3 814 815.5 811.5 812.9 806.6 800 784.8 758 715.4 682.5 654.4 629.9 606.1 580.1 552.1 532.2 521.6 509.5 495.4 481.8 470.6 464.6 474.6 471.7 478 487.1 495.4 497.5 503.7 508.7 497 494.1 524.2 549.5 544.5 577.5 605.8 622.2 627.6 634.9 637.4 651.8 660.9 672.1 682.8 688.5 693 689.6 685 685.6 682.5 683.8 682.3 686.7
526.1 535.8 553.1 559.1 588.4 615.7 635.9 655.3 675.3 688.3 704.7 722.3 735.8 751.5 753.4 766.4 775.7 780.8 784.2 788.3 785.7 791.2 797.2 802.3 803.5 800.9 799.2 800.2 791.4 782.2 773.4 759.9 735.7 708.7 682.8 654.7 623.7 589.5 567.3 545.6 527.7 511.9 498.1 483.7 472 456 462.2 462.6 470 474.3 480.1 484.6 491.2 494.9 481.4 500.9 518.4 525.6 560.8 592.6 613.6 623.8 630.2 631.1 633.2 649.4 659.3 662 679.3 686.4 690.5 689.3 683.6 676.4 671.6 668.4 667.6 674
504.7 514.1 521.4 541.3 575.6 605.4 626.9 645.3 665.7 682.9 698.9 709.5 724 740.3 744.2 758.2 768.7 770.8 775.4 775.9 771.2 776.8 783.6 789 789.9 787.6 782.7 783.5 775.1 767.4 761.1 748.3 737.9 725.5 709.2 674.2 641.3 603.1 576.3 561.7 539.6 515.4 500.5 486 474.7 460.1 451 460 459.3 461.7 467.7 470.7 473.8 474.6 479.1 496.7 516.2 540.8 571.4 603.9 614 621.1 627 631.7 627.3 643.2 653.3 655.6 665.8 682.5 685.7 684.9 678.6 669.4 659.6 651.6 656.1 660.2
490.2 492.5 505.7 536.2 568.8 591.6 614.4 631.8 656.2 671.6 687.4 702.6 713.7 730 740.5 745.3 758.2 760.7 760.8 760.6 757 765.1 769.6 775 775.7 773.2 770.4 764.1 760.9 754.1 745.6 736 726.6 718.1 705.1 681.2 645.8 613 590.7 570.5 546.5 518.7 500.9 486.5 476.7 462.2 448.2 451 453.7 460.2 453.7 458.4 458.2 467.8 487.6 511.7 538.2 566.9 593.7 607 607.1 621.3 624.9 623.6 622.7 635.9 644.9 649.3 660.7 671 678.7 678.4 669.3 656.6 647.2 637.4 640.8 649.3
475.5 483.1 507.7 528.7 555.1 581.7 596.4 615.3 639.5 656.4 677.2 695.6 709.1 712.7 731.1 736.8 746.5 749.3 750.4 748.5 746.7 750.6 757.1 760.6 763.3 761.3 754.5 746.6 744.7 738.6 730.7 721.9 714.2 705.6 691.8 672.7 643.2 615.8 601.4 575.3 545.4 518.7 500.6 486.3 476 465.3 451.9 440.4 441.5 444.9 445.2 444.4 464.3 485.8 494.2 515.4 546.1 581.7 599.4 607.8 608.9 609.7 612.2 613.9 623.6 634.9 636.3 641 651.4 658.3 669.4 667.4 659.1 646.9 637.8 629.5 630.3 636.8
