public/OST50/NN45.asc
ncols 200
nrows 200
xllcorner 240000
yllcorner 750000
cellsize 50
[rows 35 to 69 of 200, columns 78 to 155 of 200]
278 277.6 276.6 276 275.2 275.7 275.5 276.2 275.5 276 280.7 282.2 282.7 285.3 286.9 287 287 287.7 287.8 289.4 291.8 293 296.5 292.5 294.6 296.4 294.2 297.5 298.4 298 301 307.7 301.6 301.5 302.3 305.4 306 309.3 309.3 308.9 308.1 304.5 301.5 304.5 307.1 309.2 312 315.6 317.7 321.8 325.5 328 329.3 329.7 328.6 327.2 318.6 319 312.8 314.8 316.3 316.1 316.3 315.7 313 310.6 308.5 308.3 298.6 301.3 297.8 304 306.4 315.3 304.4 292.8 289.4 286.9
277.5 277 276.5 275.3 274.6 274.1 274.2 274.5 273.4 273.5 278.1 279.5 281.3 283.7 283.6 283.7 283.9 284.6 286.1 287.9 286.1 287.6 288.3 287.7 287.4 288.7 290 298.3 298.6 293.7 294.5 299.5 299 297.7 299.3 300 301.6 307.2 307.7 306.8 302.6 300.6 298.1 301.6 301.8 306.5 309 311.5 319.6 323.4 329.3 332.8 331.4 328.2 324 321.8 317.8 309.7 311.8 313.1 315.7 315.7 315.6 312.7 312.7 310.2 307 305.2 294.4 293.3 304.1 304.8 303.5 301 295.3 290.4 287.6 286
276.5 276.3 275.8 274 272.8 272.5 273.2 273.3 272.3 272.1 276.4 277.7 278.3 278.2 279.7 282 280.3 281.4 283.7 284.4 284.7 282.4 284.9 284.3 287.8 286.1 290 293.4 289.6 287.6 290 292.9 292.1 292.2 294.4 296.9 299.4 301.3 301.6 299.3 300 297.1 291.7 292.8 297.9 305.5 306.3 309.8 317.5 321.4 327.1 330 329.3 321.3 316.9 315.7 309 304.3 311 311 313.5 314.5 311.6 308.2 308.9 306 305 299.2 289.3 301.7 306 306 305.2 298.3 291.3 287.2 286.6 289
275.8 276.1 275.2 273.7 272.2 271.3 270.5 271.6 270.7 270.8 275 275.8 275.9 277.1 275.6 277.4 278.2 279.1 280.7 281.9 282.2 281.5 281.9 283.8 283.2 283.3 287.6 288.5 285.9 285.8 287.7 287.8 287.7 287.6 287 286.6 289.4 293.5 293.5 292.7 294.6 293.5 290.6 287.6 295.7 299.6 303.2 307.1 313.2 316.4 319.6 323.3 316.8 312.1 308 305.7 296.9 301.9 308.7 306.8 309.7 312.4 302.7 302.6 306.2 302 295.7 286.6 300.4 304.6 307 310.8 306.6 294.4 285.8 285.3 291.9 287.5
275.1 275.6 275.5 272.4 270.6 269.3 269.8 269.9 269.3 267.9 270.7 272.7 272.4 272 275 276.1 276.4 278.4 280.4 279.4 276.8 276.5 281.9 279.9 281.2 282.3 285 284.6 280.3 285.5 285.7 284.8 285.6 286.2 285.6 285.6 288 289.2 289.1 289.5 298.1 293.2 291.3 284.6 289.9 294.8 296.3 304.7 308.9 311.8 309.9 311.3 309.7 304.4 302.2 301.7 288.7 300 307.9 306 304.3 303.3 298 297.7 298.2 294.9 282.9 296.6 302.7 306.7 308.8 311.1 302.6 290.3 285.4 293 292.9 286.7
273.7 272.5 272.5 270.8 269.7 269.1 266.1 266.9 267.8 267.4 269.9 270.2 268.9 271.1 273.5 274 274.5 272.6 273.1 271.7 272.7 273 277.6 277.9 276.9 282.1 283.7 279.1 276.8 280.9 280.8 282.2 284.2 288.4 284.1 285.8 286.6 287.2 286.3 287.6 291.3 290 286.9 284.2 283.4 287.4 291 295.9 300.5 302.9 301.2 303.9 302.8 299.9 298.5 295.1 284 293.9 302.3 300.4 298 287.5 296.1 292.8 290 285.2 288.6 299.4 303.4 307.4 307.1 304.7 296.1 283.9 277.1 285.8 288.1 281.5
271.4 269.8 268.2 268.5 268.6 268.3 266.7 263.3 266.5 268.3 267.6 266.3 266.3 274 276.4 268.3 269 270 270.4 269.2 267.4 266.9 270.3 272.2 275.7 279.9 283.3 274.7 276.2 279.6 275.6 276.3 282.5 283 282.7 283.5 283.2 284.8 285.2 287 286.8 286.9 286.8 284.9 280.1 280.4 285.2 288.1 292.1 296.8 296.1 297.2 296.3 297.4 297.1 288.9 281.3 289.7 297.1 292.6 289.4 281.9 283.9 281.2 284.6 279.6 292.1 299 307.4 307.5 306.7 299.4 292.1 279.9 269.8 277.3 280.6 278.2
271.6 270.8 268.8 267.3 266.2 267.3 265.5 263.8 261.2 263.9 262.9 264.2 264 263.2 263.6 263.9 265.8 267.3 264.6 264 263.5 262.2 266 269.1 278.2 281.2 280.1 272.1 272.2 273.4 273.7 274.3 281.5 279.7 278.7 281.2 280.8 282.7 284.8 284.6 286.8 285.2 284.1 281 278.9 280.6 281.6 282.3 284.4 286.9 291.2 293 295.2 296.3 292.6 282.6 280.7 287.6 290.1 286.7 283.3 273.9 270.3 273.8 276.2 289.2 298.2 301.4 302.2 301.9 300.5 296.6 283.6 268.2 265 271.1 271.7 272.4
276.5 271.7 269.7 267.5 265.6 264.6 264.1 263 261 259.9 258.8 263.4 261.4 260.8 260.2 260.3 261.7 262.6 263.1 263.9 261.7 262 264.1 267.9 273.6 272.1 271.8 270.3 270.8 271.5 271.3 275.8 275.2 272.1 274.7 274.8 278.4 283.6 285.7 281.8 281.3 283.4 280.4 278.8 277.1 279.9 280.2 280.1 280 282.7 287.3 291.5 292.4 293.8 288.4 281.7 279.9 281.8 281.8 278.9 269.5 269.3 274.2 280.6 292.8 299 305.4 304.2 300.8 301.5 301.6 292 272.8 257.6 258.6 265.2 269.2 268.8
278.2 272.4 269.3 267.6 265.4 262.9 262.6 261.4 260.8 257.9 256.7 259.2 259.4 259.4 258.7 258.4 259.6 260 260.5 259.8 259 260.9 263 266.4 268.6 269.3 268.8 268.2 268.7 269.1 269.7 269.3 270.1 268.8 271.1 273.3 279.7 287.9 282.2 277.5 275.5 280 279.3 276.7 274 273.4 274.9 280.6 277.4 279.6 285.2 288.5 291 292.9 279.7 284.2 276 274.9 272 265.7 264.9 270.7 281 290.2 301 308.1 307.3 292.6 299 292.7 295.8 287 267.1 254.7 245.7 253.2 256.9 262.5
274.5 271.8 268 266.6 264 262.5 260.4 259.5 258.1 259.6 259.6 258 257.9 258.7 256.9 258 259.6 259.6 258.8 258.9 259.6 259.3 261 262.3 267.8 267.1 267.1 264.8 267.2 268.1 267.9 266.6 267.5 269 271.3 273 279.2 279.8 277.5 273.8 275 275.9 277.4 272.2 267.3 264.7 264.5 274.2 274 277.1 284.7 286.4 289.7 290.4 277 280.2 276.9 268.3 264.5 263.1 264.7 277.3 283.6 294.5 300.8 305.9 294.9 283.8 286.5 288 287 275.8 257.8 251.5 235.5 238.9 249.6 256.8
268.6 268.3 266.6 263.8 262.7 261.7 259.9 257.5 259.6 259.6 259.6 259.6 259.6 259.6 259 259.6 259.6 259.6 259.6 259.6 259.6 259.6 259.5 259.6 262.2 262.7 262.8 262.1 264.8 267.3 267.4 266 267.8 269.1 270.2 271.6 271.8 272.5 272.1 271.6 273.3 274 272.9 270.6 265.8 262.9 259.2 265.9 271 279.8 284.9 284.4 287.5 284.6 273.2 275.3 272.2 264.2 261 263.9 266.9 277 285.7 292.7 293.4 283.5 275.5 272.9 270.1 275.5 272.9 261 252.9 242.1 231.5 234.9 249.2 265.2
267.4 268 264.2 262.4 261.3 260.5 259.1 259.6 259.6 259.6 259.6 259.6 259.6 259.6 259.6 259.6 259.6 259.6 259.6 259.6 259.6 259.6 259.6 258.9 263.5 259 262.3 263.7 265.5 266.7 267.5 266.5 267.9 266.9 268.6 268.4 268.6 267.3 266.6 270.1 271.6 271.3 271.4 272.3 265 260.6 256.7 257.5 267.2 273 278.3 286.7 285.5 281.6 270 269.7 262.7 260.3 262.2 264.3 268 277.1 282 283.8 271.6 269.7 266.2 264.7 268.8 263 264.7 250.5 241.1 237.8 229.6 243.9 262.5 262.4
265 262.6 261.9 261.9 260.6 259 259.6 259.6 259.6 259.6 259.6 259.6 259.6 259.6 259.6 259.6 259.6 259.6 259.6 259.6 259.6 259.6 259.6 260.7 259.8 265.3 267.8 267.6 268.6 267.6 269.4 265.9 262.3 264.5 265.6 266.9 267 268.2 272.1 270.1 269.6 268.1 270.9 270.7 267.4 263.7 259.1 256.6 259.6 269.4 275 286.7 279.3 269.6 262.3 258.2 259.6 265.5 264.4 264.5 265.7 273.7 279 274.8 268.3 264.9 256.8 254.6 255.8 257 252.3 243 233.8 232.9 235.6 254.5 260.8 252.1
261.9 261.3 260.2 262.3 258.1 259.6 259.6 259.6 259.6 259.6 259.6 259.6 259.6 259.6 259.6 259.6 259.6 259.6 259.6 259.6 259.6 259.6 259.6 259.6 259.6 264.2 267.9 269.4 268.8 267.6 267.1 266.4 264.8 260.9 266 266 265.1 267.3 268.1 267.8 266.4 266.9 267.5 270.2 275.2 266.5 259.2 258.7 254.2 268 277 280.4 270.6 253.3 254.5 261.5 268 268.4 266.8 264.6 262.2 270.1 275 271 262.3 257.5 250.4 249 252.4 246.5 236 230.9 228.1 228.3 235.8 248.2 250.8 244.7
261.8 260.6 261.6 257.6 259.6 259.6 259.6 259.6 259.6 259.6 259.6 259.6 259.6 259.6 259.6 259.6 259.6 259.6 259.6 259.6 259.6 259.6 259.6 259.6 259.6 261.6 266.5 266.1 266.5 267.9 267.4 266.6 268.1 262.6 259.4 259.6 266.2 266.7 266.4 266.7 265.3 262.6 265.5 274.4 272 268 258.4 255.8 252.8 261.2 271.1 266.2 261.8 253 261 272.8 271.5 270.4 270.7 263.3 259.2 260.9 263.7 261.5 257.2 249.4 243.5 242 244.2 233.2 226.4 226.4 223.2 224.2 231.3 239.9 241.1 240.4
262.3 260 258.2 259.6 259.6 259.6 259.6 259.6 259.6 259.6 259.6 259.6 259.6 259.6 259.6 259.6 259.6 259.6 259.6 259.6 259.6 259.6 259.6 259.6 259.6 260.7 262.4 263.8 265.6 268.6 268.2 265.6 262.7 260.9 259.2 260.9 269.7 265.6 265.4 264.9 265.3 261.2 259.9 263.5 269.3 261.1 255.3 254 252.2 256.8 262.6 257.1 251.4 259.2 264.6 272.7 270.6 275 268.7 264.8 260 254.7 252.8 250.2 250.5 245.8 240 236 233.7 228.5 225.1 222.8 222.2 222.6 226.5 229.1 229.9 232.7
262.4 262.2 260 258.7 257.8 259.6 259.6 259.6 259.6 259.6 259.6 259.6 259.6 259.6 259.6 259.6 259.6 259.6 259.6 259.6 259.6 259.6 259.6 256.4 258.2 260.3 264.1 262.8 263.3 266.1 263.2 262.1 260.9 259.3 259.9 263.1 262.4 262.7 263.2 264.4 263.9 261.2 259.2 259.8 260.6 253.8 253.7 252.3 252.1 257.1 255 252.6 246.3 262.1 268.7 270.5 269.7 270.4 270.1 267.8 262 256.1 251.1 246.2 241 239.7 239.4 233.6 228.1 223.4 222.9 221.9 221.4 222.3 222.4 224.3 223.3 225
263.4 263.7 261.4 260.2 258.5 257.9 259.6 259.6 259.6 259.6 259.6 259.6 259.6 259.6 259.6 259.6 259.6 259.6 259.6 259.6 259.6 260.4 261.7 260.1 259.3 258.2 259.7 260.9 261.3 261.5 260.7 260.4 259.9 258.2 263.3 265.5 265.8 264.3 263.6 264 264.2 262.9 262.4 257.8 257.8 255.9 253.8 252.8 251.7 251.6 250.6 248.1 252.6 261.3 266.7 267.2 268.6 269.8 272.1 268.5 264.7 259.2 252.8 248 239.1 234.2 232.5 225.5 223.4 223.1 221.7 221.4 220.3 220.1 221 220.3 219.9 220.7
266.1 264.1 261.8 260.6 259.6 259.9 259.6 259.6 259.6 259.6 259.6 259.6 259.6 259.6 259.6 259.6 259.6 259.6 259.6 259.6 259.6 259.7 261.4 261.5 259.6 259.6 257.4 259.1 259.6 259.5 259.5 257.1 260 266.1 271.7 268.7 266.1 265.7 265.1 265 263.8 261.4 261.1 261.9 264.4 263.7 256.8 254.2 253.4 253.2 250.9 251.9 251.5 258.2 261.8 265.5 269.4 275.4 271.9 270.2 260.9 254.6 250.5 243 238 230.1 226.7 224.9 223.8 223.5 221.9 220.2 219.5 218.7 218.8 219.2 218.9 219.9
266.9 264.2 262.3 260.8 259.9 258.5 258 259.6 259.6 259.6 259.6 259.6 259.6 259.6 259.6 259.6 259.6 259.6 259.6 259.6 259.6 259.6 259.6 259.6 259.6 259.6 259.6 258.8 259 259.7 259.6 259 260.7 263.4 265.7 265.7 266.4 266.9 266.9 267.5 265.1 262 264.8 266.1 268.1 270.1 263.8 258 255.4 254.1 248.7 243.3 253.2 255.8 259.3 272.8 282.4 273.8 268.6 261.3 251.4 249.6 242 236.2 230 222.3 221.6 222.5 222.7 223.4 222.7 220.4 218.6 219.9 219.9 219.6 220 218
266.6 264.6 262.2 260.9 258.6 256.8 258.1 259.6 259.6 259.6 259.6 259.6 259.6 259.6 259.6 259.6 259.6 259.6 259.6 259.6 259.6 259.6 259.6 259.6 259.6 259.6 259.6 259.6 259.6 259.6 259.6 259.7 261.3 262.5 264.4 266.2 268.2 268.5 268.5 269.9 271.4 272 273.2 269.2 269 269.1 264.8 258.7 256.3 252.1 245.7 239.9 248.9 254.3 255.4 265.8 272.9 265.2 260.7 251.6 246.4 238.7 229.7 225 219.9 220.6 221 218.1 218.9 220 220.1 219.8 219.9 220.2 220.2 220.2 219.6 219
265.2 263.3 262 260.3 258.5 259.6 259.6 259.6 259.6 259.6 259.6 259.6 259.6 259.6 259.6 259.6 259.6 259.6 259.6 259.6 259.6 259.6 259.6 259.6 259.6 259.6 259.6 259.6 259.6 259.6 258.8 259.8 261.4 263.1 265.4 267.3 268.2 269.9 269.7 271.1 272.9 277.1 282.8 287 279.8 270 263 260.5 252.3 247.9 242 237.8 240.5 246.6 251 255.3 258.9 255.8 251.5 242.8 236 227.2 221.7 221.2 223.9 227.4 221.9 222.5 221.1 220.1 220.7 220.3 220.1 220 220.4 219.9 220.1 219.7
261.3 262 262.9 259.6 259.6 259.6 259.6 259.6 259.6 259.6 259.6 259.6 259.6 259.6 259.6 259.6 259.6 259.6 259.6 259.6 259.6 259.6 259.6 259.6 259.6 259.6 259.6 259.6 259.6 259.6 258.6 258.8 261.5 265 268.1 268.4 269.5 269.8 271.8 271.9 273 279.9 283.8 290 285.8 271.6 258.2 252.4 243.9 240.9 239.2 236.6 239.3 240.7 245.5 247 244.8 242.2 240.4 235.9 225.7 223.4 224.4 224.9 224.4 224.8 226.1 224.4 223.1 223 222.5 222.1 222.6 219.9 220.3 219.9 219.7 219.6
259.4 259.4 259 259.6 259.6 259.6 259.6 259.6 259.6 259.6 259.6 259.6 259.6 259.6 259.6 259.6 259.6 259.6 259.6 259.6 259.6 259.6 259.6 259.6 259.6 259.6 259.6 259.6 259.6 259.6 259.6 259.6 264.4 267.4 267.4 264.4 266.8 271.8 271.5 272 272.5 273.8 280.9 285.4 277.9 259.9 250.4 243.9 234.3 235.3 232.1 235.7 236.1 239.5 240.2 238.8 236.8 235.6 233 226.9 225.2 228.1 225.5 225.2 224.3 225.8 232.2 227.3 223.9 223.2 222.8 222.3 222 222.4 222.3 219.8 219.8 220
256.7 258 256.4 259.6 256.7 257.3 259 259.5 259.6 259.6 259.6 259.6 259.6 259.6 259.6 259.6 259.6 259.6 259.6 259.6 259.6 259.6 259.6 259.6 259.6 259.6 259.6 259.6 259.6 259.6 259.6 259.6 259.6 264.6 258.9 259.6 260.1 265.8 267.8 268.3 269.4 270.2 272.9 278.5 268.2 250.9 241.5 235.3 231.5 230.3 230.7 231.9 234.9 239.5 239.1 236.1 235 230.9 226.9 225.3 228.6 226.3 226.1 226.4 226.9 229.3 229.3 226.7 225.4 224 223.2 222.8 222.5 221.7 222.2 220.6 220 220
256.4 258.9 260.1 261.8 263.1 261.5 261.2 261.6 259.6 259.6 259.6 259.6 259.6 259.6 259.6 259.6 259.6 259.6 259.6 259.6 259.6 259.6 259.6 259.6 259.6 259.6 259.6 259.6 259.6 259.6 259.6 259.6 259.6 259.6 259.4 259.6 259.1 262 261.5 263.7 263.8 265.1 263 266.2 252.6 241.1 234.5 234.2 233.3 232.3 229.9 230 231.5 237 236.7 233.6 233.6 229.1 225.5 229.3 230.5 231.9 230.8 228.7 227.8 230.3 229.6 231.3 234.3 233.3 227 225.2 223.5 222.2 221.4 221.2 220.5 220.3
264.5 265.3 266.8 268.7 268.8 267.1 264.8 262.7 260.7 259.1 259.6 259.6 259.6 259.6 259.6 259.6 259.6 259.6 259.6 259.6 259.6 259.6 259.6 259.6 259.6 259.6 259.6 259.6 259.6 259.6 259.6 259.6 259.6 259.6 259.6 259.6 259.6 259.6 259.6 259.6 259.6 259.6 259.6 252.3 244.5 241.7 240.8 236.2 236 234.4 230.6 227.9 228.1 234.2 233 231.5 229.6 226.9 227.8 231.3 233 232.1 231.1 228.9 229.3 231.3 231.9 240.5 248.3 241.6 234.2 230.9 231.3 228.3 222.1 221.4 221 221
267.9 268.9 269.6 269.5 268.4 267.7 265.1 263.5 263.6 260.4 259.6 259.6 259.6 259.6 259.6 259.6 259.6 259.6 259.6 259.6 259.6 259.6 259.6 259.6 259.6 259.6 259.6 259.6 259.6 259.6 259.6 259.6 259.6 259.6 259.6 259.6 259.6 259.6 259.6 259.6 259.6 259.6 259.6 249.9 251 257.6 252.5 244.7 239 234.8 231.9 230.6 227.2 227.4 230 229.4 229.3 226.7 230.7 234.7 236.5 236.1 235.3 234.2 234.1 233 238.2 245.5 246.6 245.2 238 240.6 238.7 238.9 224.5 222.2 222.1 221.7
267.1 268 269.6 269.4 268.5 267.3 264.2 261.4 260.5 259.6 259.6 259.6 259.6 259.6 259.6 259.6 259.6 259.6 259.6 259.6 259.6 259.6 259.6 259.6 259.6 259.6 259.6 259.6 259.6 259.6 259.6 259.6 259.6 259.6 259.6 259.6 259.6 259.6 259.6 259.6 259.6 258.8 260.1 262.8 264.4 263.4 256.9 248.9 239.1 236.9 235.3 231.8 231.1 230.7 228.1 227.7 227.3 228.2 233.7 241.8 237.7 237.2 243.1 238.6 235.5 238.8 250.9 252.4 249.5 246.8 250.4 243.9 244.3 241.5 238.7 231.6 223.1 222.3
264.3 266.9 269.6 269.4 268.5 267.6 262.6 258.9 259.6 259.6 259.6 259.6 259.6 259.6 259.6 259.6 259.6 259.6 259.6 259.6 259.6 259.6 259.6 259.6 259.6 259.6 259.6 259.6 259.6 259.6 259.6 259.6 259.6 259.6 259.6 259.6 259.6 259.6 259.6 259.6 260 267.2 268.2 269 269.6 262.2 258.3 248.1 243.4 243.1 242.2 240.6 235.8 233 231.6 228.1 229.1 233.8 235.5 240.4 240.3 241.4 239 239 239 245.4 255.4 256.1 255.2 254 248.7 247.6 256.2 258.1 249.2 239.5 233.4 228.5
260.3 260.7 265.3 268.1 267.2 264.9 259.9 259.6 258.2 259.1 259.6 259.6 259.6 259.6 259.6 259.6 259.6 259.6 259.6 259.6 259.6 259.6 259.6 259.6 259.6 259.6 259.6 259.6 259.6 259.6 259.6 259.6 259.6 259.6 259.6 259.6 259.6 259.6 259.6 262.7 268.4 272.9 273.1 272.3 270.7 261.6 254.9 248.7 247.2 245.6 243.7 242.7 242.6 233.3 232.7 227.5 232.5 237.4 239.3 242.5 244.8 242.6 240.5 241.1 243.8 249.4 254.9 257.6 258 255.5 253.5 260.4 264.7 264.8 258.5 247.2 242.7 237.2
258.7 257.8 258.9 260.5 259.5 258.5 257.1 260.5 261.5 260.8 260 262.1 260.2 257.4 259.3 259.4 259.6 259.6 259.6 259.6 259.6 259.6 259.6 259.6 259.6 259.6 259.6 259.6 259.6 259.6 259.6 259.6 259.6 259.6 259.6 259.6 259.6 259.5 264.5 269.8 274.3 276.7 275.7 277.4 273.7 261 252.7 251.6 250.5 248.9 246.4 242.7 238.9 234.8 236.2 229.8 238.8 241.8 244.3 245 245.4 244.4 242.6 250.4 247.3 249.7 261.7 265 268.5 261 260.2 265.9 269.4 271.3 266.1 254.9 249.1 241.4
258.1 257.6 258.2 258.3 256.8 259.8 260.3 261.5 265.2 276.8 274.4 266.9 263.9 260.3 263.9 265 267.3 266.6 260.7 259.6 260.5 261.8 260.9 259.6 259.6 259.6 259.6 259.6 259.6 259.9 260.1 259.6 259.6 259.6 259.6 259.6 259.5 264.2 269.8 274.2 276.6 276.7 276.8 275.2 275.6 260.4 253.5 252.9 252.5 249.7 245.7 238.8 236.4 234.5 230.2 234.4 241.4 244.1 246.4 250.7 252.7 254 247.7 252.2 250.8 255.9 272.1 274 274.1 269.8 268.7 273.5 276.6 275.7 270.3 262.4 252.3 246.8
258.4 259.7 260.7 259.2 258.1 260.5 261.5 261.4 263.1 268.3 267.5 264.3 266.1 264.8 266.6 274.7 274.5 272.9 269.5 268.9 269.7 269.1 268 264.6 262.6 261.4 259.3 262.1 263.1 259.8 259.6 259.6 259.6 259.6 259.6 259.6 259.6 264.5 272.1 276.5 276.4 276 275.3 269.8 259.8 254.1 253.2 252.9 252.2 248.6 242.4 237.2 234.5 232.2 229.3 238 243.4 248.6 262.8 259.4 256.9 255.6 253.1 260.5 260.1 267.6 280.2 280.9 283 280.1 275.4 278 276 266.3 262.3 260.7 254.7 251.8
