public/OST50/NN45.asc
ncols 200
nrows 200
xllcorner 240000
yllcorner 750000
cellsize 50
[rows 0 to 34 of 200, columns 78 to 155 of 200]
362.9 363.7 365.3 368.1 371 375.3 383 387.1 391.8 398.2 405.3 413.8 421.7 429 435.3 443.4 449.6 456.9 466.9 474.9 479.9 483.4 484 484.4 480.6 470.3 469.4 462.3 453.3 442.4 426.1 416.9 410 404.9 400.3 394.6 390.7 384.2 378.6 371.7 367.5 364 359.3 356.9 352.8 352 348.9 346.7 348.6 345.8 345.9 346 345.1 342.3 339.9 339.9 340.4 341.6 347.5 346.1 344.5 346.6 348.8 350.7 357.3 363.3 366.3 364.7 365.5 365.2 362.3 359.8 362.8 368.4 374.7 376.6 377.6 380.1
364.2 367.6 371.8 376.9 381 383.1 387 392.8 399.1 406.4 412.8 420 426.8 432.2 440.1 446.9 453.2 458.7 464.8 471.4 476.1 475.7 471 471.7 464.6 454 450.2 441.9 435.5 425.1 414.7 411.1 406.6 404.1 399.8 397.5 389.4 384.5 380.1 374.6 369.4 366 363.1 361.4 359.1 357.2 356.7 352.9 354.5 351.9 351.2 349.2 346.5 345.3 344.5 341.2 339.5 339.6 346.4 345.6 342.3 343.8 347.3 351.6 357.8 363.6 365.4 361.8 362.5 360.4 358.5 357.1 360.4 364.5 366.9 366.8 374.6 377.5
365 369.2 373 379.3 384.3 387.1 393.9 399.4 405.7 410.7 417.2 423.5 429.7 436.1 442.4 448.7 455.4 458.7 462.7 464.8 465.6 461.7 457.4 461.4 451.2 441.9 432.4 427.3 423.1 413.2 403.2 402.3 400.5 399.9 396.9 393.1 387.6 387.8 383.9 379.1 375.9 372.6 369.5 367.5 364.9 365.2 363.8 363.5 358.6 355.7 356.5 352.8 351.7 349.8 348 342.2 340.9 340 343.3 344.2 341.5 339.2 342.5 347.5 356.6 362.3 363.9 361.2 359.9 357.6 355.4 351.9 353.5 356.6 360 363.6 371.5 374.1
368.6 373 377.9 383.7 387.7 392.6 399 404.7 410 415.1 421.5 427.6 434 439.2 444 448.8 451.3 457.5 458 457.5 453.8 449.3 448.1 444.5 438.4 430.2 420.3 414 409.4 404.6 399.3 396.9 396 395.2 393.8 393.7 391.3 389.8 389.1 385.4 383.2 380.9 381.1 376.6 375.8 372.2 371.4 368.1 363.5 364.7 360.1 358.3 354.7 352.1 349.9 345.2 340.8 338.6 341.4 342 339.3 335.9 339.8 347.7 355.3 358.2 360.5 359.4 357.5 355.2 350.4 346 346.1 351.6 357.3 362.4 367.8 369.5
373.7 377.5 384.9 386.2 391 397.7 403.6 409.7 414.9 419.4 424.1 430.5 435.7 440.5 442.8 447.1 448.5 447.8 449.1 449.5 445.9 442.1 436.2 429.5 420.7 414 409.4 406 402.7 400.5 397.7 395.3 394.8 394.4 393.9 394.1 393.5 392.6 392.2 392 391.6 389.3 392.3 386.5 382.7 379.4 375.8 373.6 370.5 369.5 365.8 361.8 357.1 352.8 349.6 345.9 346 343.1 341.7 338.9 337.9 334.5 336.1 345.7 352.7 355.4 354.5 354.8 354.5 350.8 346.7 346 348.1 353.6 357.8 359.7 363.9 368.6
377.9 383.1 387 390.8 397.1 403.5 407.6 411.8 417 421.8 426 431.8 436.2 439.3 440.3 442.4 441.5 439.2 438.2 437.6 436.6 433.1 423.2 415.3 410.1 407.8 404.7 403.1 400.7 398.5 396.1 396.3 395 394.5 394.4 394.9 395.6 396.2 396.6 396.8 396.3 400.2 399.7 393.4 388.5 382.4 382.1 380.8 375.6 372.4 366.2 362.3 357.8 353.8 352.7 352.2 349.6 347.8 344.7 339.6 334 332.7 335.5 343.3 350.4 352 348.7 348.9 350.4 347.8 345.5 345.4 349.7 353.7 356.2 357.4 363.6 368.3
381.2 386 390.8 396.8 401 406.8 411 415.2 419.2 423.2 427.3 431.6 434.7 437 436.3 432.8 429.7 429.2 429.4 426.7 423.8 419.2 414.9 411.5 405.8 403.5 402 401.7 399.8 397.9 397.4 397 396.8 396.7 396 395.5 397.3 399.7 401.2 401.4 399.3 401.5 402.9 395.4 390.8 386.6 384.6 384.5 378 371.7 366.2 362.4 358.8 360.9 357.8 354.1 350.9 347.5 342.7 340 336.5 332.7 332.4 339.5 346.4 347.4 345.1 344.3 343.3 344.8 343.9 344.1 347.3 352.5 354.6 358 363.2 365.4
383.5 388.6 395 400.3 404.7 410.1 414.6 418.8 420.9 423.5 425.7 428.3 430.1 432.2 431 428.6 424.2 420.3 416.8 419.4 416.2 415.3 409.8 404.9 402.2 400.8 400.3 401 400.7 400.5 399.5 398.9 401.2 400.2 398.4 398 402.5 403.8 402.5 401.9 401.2 402.5 401 397.2 394.9 389 386.5 382.7 376.9 372.4 365.9 363.4 365.8 365 359.6 355.4 349.4 345.5 343.3 341.8 339 333.5 331.1 334.8 339.9 342 342.3 340.6 338.2 340.9 339.1 342.6 345.6 350.2 355.5 359.7 361.2 360.7
386.6 392.8 399 404.5 408.5 412.7 417 420.3 422.4 423.2 424.6 425.5 425.9 425.3 425.7 423.2 417.1 412.9 410 413.1 411.3 407.8 405.3 404.1 402.4 401.2 398.8 401.8 403.4 401.6 400.9 402.7 402.7 402.7 402.1 404.4 408.3 406.2 404.7 402.8 402.7 402 399.4 397.3 395 392 387.1 382.2 376.8 370.4 365.6 366.7 369.9 366.4 356.4 352.3 349.2 346.8 344.7 342.1 339.1 337.8 331.1 331.3 335.2 337.8 339.2 337.6 337.8 338.2 337.8 341 345.2 348.8 353.8 358.6 359.2 357.3
390.2 394.8 404 408.3 410.9 416.8 420 421.7 424.3 424.9 424.9 425 424.7 424.2 421.2 416.4 414.4 411.2 406.9 407.9 406.2 403.7 404.7 405.2 402.2 398.9 397 399.1 400.6 400.9 401.8 404.6 404.8 407.1 407.9 407.9 409.7 408.8 406.8 405.6 405.2 402.3 402.5 398.3 392.4 390.2 386.1 381.3 376.8 371.8 367.6 366.4 365.5 361.3 356.5 353.6 350.7 347.4 344.8 342.8 341.3 338.1 337.4 328.6 328.8 333.2 335.2 335.1 333.4 333.7 336.2 340.2 343.6 348.3 352.9 355.6 355.7 354.2
394.5 399.5 407.4 412.4 415.3 419.9 423.8 427.4 430.6 428.8 427 426.6 425.8 425 422.8 418.8 414.3 408.6 399.4 396.8 398.8 400.6 403.6 402.7 400.1 397.7 396.2 397.3 398.9 401.3 403.5 408.3 408 411.1 412.7 414.3 415.6 413.7 415.8 408.4 400.8 397.7 396.8 392.4 390.1 386.2 382.9 381.1 378.5 372.2 368.2 365.7 364.1 362.6 356.9 354.8 350.8 347.8 345.9 344.8 343 339 336.6 332.1 325.4 326.4 330.2 331.4 329.8 331.7 336.1 340.8 343.7 345.6 349.6 352.2 353.5 353.2
395.5 403.5 408.6 414.4 419.3 425.9 430.5 436.8 434.8 431.9 429.3 428.5 429.1 425.7 421.2 416.2 411.8 399.6 395.7 393.5 394.9 396.9 399.8 399.4 397.3 395.6 396.6 397.5 399.1 401.6 405.1 409 412.7 414.3 416.8 417.7 416.9 414.4 409.9 402.5 396.1 392.6 392.5 389.2 386.5 384.2 381 379.1 378.3 370.5 367.5 365.8 364.6 361 355.9 354.6 351 349.1 350.7 347.4 342.9 339.5 335.6 333.3 327.5 324.7 322.1 329.1 327.5 332.7 337.2 340.1 343.4 344.7 346.2 349 351 350.6
396.1 404.9 411.9 420.7 429.3 435.3 435.6 436.8 437.8 438.2 438.2 433.1 428.5 425.6 414.4 408.4 405.7 395 392.4 390.7 390.9 390.9 394.3 393.6 394.3 397.3 398.2 399.3 400 402.8 408.3 412 412.3 414.2 414.3 417.1 414.2 409.1 404.1 396.6 391.6 387.9 387.3 386.1 383.9 380.6 377.7 375.5 373.7 368.5 366.8 365.5 365.8 359.7 355.2 352 350.8 353.5 351.1 349.3 344.3 340.3 334.1 329.8 327.1 325.7 323.5 324.9 327.3 332.4 336.2 338.2 339.2 345.5 346.8 348.1 348.3 348
397.1 406.1 414.2 421.4 425.2 428.2 431.9 435.2 437 436.2 433.9 428.1 419.5 416.3 411 403.7 395.2 390.7 391.7 388.7 388.2 388.1 387.7 387.2 393.4 396.6 398.7 400 400.1 403.9 407 407.5 408 408.8 409.8 411.3 408.6 404.4 399.1 392.8 389.4 385.8 384.1 382.2 380.3 377.7 374.8 371.5 368.9 366.5 364.5 362.8 360.2 356.9 355.4 353.4 353.2 353.8 354.2 347.2 342.4 338.3 334.1 329.9 327 324 321.9 323.4 326.4 331.9 335 337.3 342 346 346.7 346.9 345.9 345.2
395 404.4 410.5 415.4 418.6 426.4 431.3 428.9 427.1 426.6 424.5 417.3 413.2 408.2 399.3 393.8 389.3 392.2 392.8 385.8 386.8 386.5 385.7 384.6 388.5 391.9 394.1 398.8 397.5 399.5 400.8 403.1 402.8 404.1 405.4 405 401.8 397.3 391.6 389.8 389.2 385.1 379.4 374.3 376.1 374.4 372.6 367.9 365.6 363.3 361.9 360.3 359 358.4 360.4 357.6 355.3 355.3 349.7 346 342.8 339.6 335.2 331.3 324.9 321.6 323.8 323.5 326.2 330.7 333.4 336.7 342.2 345.6 345.9 344.1 342.2 340.9
392.3 396.5 402.4 406.9 413.9 420 417.6 415.2 416.6 417.3 414.4 409.7 404.7 400.8 395.8 391 387.1 385.1 384.8 385 384.2 383.8 382.7 385 387 390.5 392.5 392.3 394.8 395.1 396.2 400.1 397.3 397.8 400.2 397.2 393.7 390.3 387.6 385.4 385.1 375.1 372.6 370.9 369.1 369.6 368.8 364.4 361.9 360.7 359.9 358.6 357.7 359.3 359.5 358 355.9 352.9 349.5 348.9 343 340.3 333.3 326.3 323 321.5 324.4 323.6 325.1 329.8 332.5 337.2 338.9 342.3 342 338.7 338 337.1
387.7 392 395 398.1 402.6 406.4 406.5 406.4 409.6 410.7 408.6 405.5 402.2 398.3 393.9 391.2 388.5 391 385.4 379 380 380.9 384.3 385.1 385 385.8 385.1 387.9 391.9 390.8 390.6 390.9 392.1 391 394.1 392.1 389.6 385.9 383.1 379.8 375.1 371.4 368.7 364.4 364 364 364.3 363.7 359.9 359.1 358.6 358.7 356.7 358.3 359.7 356.8 355.1 352.1 350.3 346.8 343.1 335.9 331.3 323 322 322.7 323.5 323.3 325.1 326.6 331.1 333.7 336.2 338.4 336.2 334.5 334.5 333.1
381.9 383.5 386.5 390.9 394.4 395.6 395.3 398.3 402.7 402.4 402.2 402.5 399.6 396.5 393.1 390.9 388 388.7 383.5 375.7 374.6 381.6 380.5 380.9 380.5 381 380.6 385.1 385.1 383.9 383 386.4 385.7 384.6 386.3 385.9 383.8 380 375.3 373.5 370.3 366.6 362.6 359.3 359.3 358.2 357.7 359.7 358 358.2 359.1 357.6 354.5 355.2 357.7 356.1 355.3 352.2 348.5 346.2 338.3 332.5 326.4 322 322.4 321.9 323.3 324 324.1 325.3 329.5 331.8 332.6 334.7 333.7 331.5 331.7 329.3
376.6 377.4 379.2 384.3 384.9 384.1 387.9 392.2 392.6 393.8 395.3 399.4 396.9 395.2 390.4 386.9 385.1 382.2 376 372.3 374.8 378.7 374.4 375.6 376.5 376.9 376.2 375.1 376.6 379.4 377.5 378.2 379.4 378.8 378.3 377.9 376.3 374.6 370 368.2 365.2 362.7 358.8 356.7 356.1 356.9 357.3 357.7 357.2 357.5 357.9 354.3 356.1 359.3 356.9 355.1 354.9 352.8 346.9 342.5 336.4 329.9 327.4 322.8 321.5 321.6 321.9 322.4 323.9 326 328.2 329.1 330.2 330.8 330.5 329.6 329.2 325.9
368.8 372.5 372.3 374.3 375.9 377.8 381 381.6 384.2 388.8 388.6 389.8 389.8 387.4 383.7 381.4 379.7 376 371.8 367.2 369.4 372.4 370.4 372.7 370.5 370.4 370.4 368.9 374.1 372 372.1 373.6 376.6 372.5 371.5 370.3 369.1 366.3 362.2 360 359.1 356.9 355.7 355.6 356.9 357.7 358.7 358.7 357.9 356.2 354.5 351.9 354.4 356.2 353.6 352.3 351.4 349.4 344.5 340.4 334.3 331.3 327.1 322.8 322.1 321.7 321.7 323.7 324.5 325.4 326.1 327.4 327.8 328.3 327.5 326.8 325.4 325.3
359.7 362.6 364.2 367.2 371.6 375.2 375 375.6 375.1 375.3 375.7 378.5 378.4 377.5 375.1 376.4 374.2 370.8 367.8 365.1 364.8 367.8 366.1 364.9 364 363.1 362.7 364.5 367.9 367.2 367 368.6 369.8 366.1 363.9 363.7 362.1 360.8 358.4 357.3 356.1 355.1 356.4 357.9 358.6 358.9 358 358.3 357.5 353 350.4 349.8 352.2 352.3 351 350.2 349.8 347.6 345.1 339.5 334.5 330.8 325.3 322.8 322.1 321.8 322.2 323.4 323.9 324.3 324.6 325.4 327.6 327.5 326.9 325.1 322.3 323
350.9 354.5 356.6 357.6 362.4 368.4 368.1 364.9 367.2 366.4 366.2 366.1 365.9 365 365.2 366.6 367.6 364.6 363.6 361.1 362.9 362.1 359.5 358.7 362.3 359.3 358.3 362.5 363.2 362 361.7 366 364 362.1 360 359.6 359.5 357.8 356 354.8 355.7 356 358.1 360.2 357.4 355.9 355.4 356.4 353 351.1 348.4 348.6 351.4 350.4 349.2 348.5 348.2 347 345.2 337.6 332.5 327.7 325 322.7 324.5 323.7 321.5 321.8 322 321.7 321.8 324.5 326.8 327.2 326.5 324.6 321.1 319.8
344.6 346.8 349.7 355.1 354.8 354.1 355.1 354.8 356.4 357.6 359 363.2 360.4 360.1 359.1 359.1 359.1 360.3 359.4 357.4 356.9 355.7 354.4 354.7 358.2 355.7 353.7 358.4 359.8 358.4 356.9 358.9 358.7 358.7 357 358.5 357.3 353.4 351.5 351.7 352.5 353.7 353.4 352 353.6 352.1 352.5 352.4 353.1 349.6 345 348.9 348.9 348.4 347.7 347.1 346.4 346.2 343.2 334.4 331.1 326.6 324.1 323 325.5 325.1 322.3 321 319.1 319.2 318.3 324.5 324.4 324 324.2 322.5 319.9 317
336.2 339.2 344.1 346.3 345.4 345.6 344.2 345.2 347 347.9 350 350.5 355.4 356.5 355.1 353.2 353 353.1 354 353.3 351.6 350.3 349.4 350.3 351 350 350.4 352.5 356.1 355 354 354.7 354.4 352.2 351.7 354.6 352.5 350.3 349.3 348.1 348.7 348.7 347.8 347.7 345.9 346.4 349.1 349.6 349.5 345.4 342.8 342.6 346.9 346.3 346.1 346.1 345.1 343.2 337.9 331.4 328.8 325.8 323.3 326.4 326.7 325.7 324.5 323.2 321.9 321 318.8 317.6 319.8 320.3 320.7 318.9 315.6 313.7
326.2 332.6 337.2 336.8 335.7 335.5 335.4 336.5 337.4 340.7 343.7 344.3 342.7 344.6 345.3 347 347.6 347.1 347.3 347.6 342.6 344.9 346.2 346.2 346.4 346.7 347.9 349.2 350.2 350.5 353.1 352.6 351.3 349.2 346.4 346.7 350.6 345.6 342.6 344.1 345 345.4 345.4 344.3 342.2 342.6 343.7 344.3 345.2 341.8 339.4 340.3 342.6 343.6 344.2 344.8 342.3 339 335.9 328.5 328.1 326.7 324.6 326.1 328.8 327.2 326.6 324.6 323.2 322.3 319 315.7 315.7 317.9 317.4 314.6 314.9 315.6
322.5 325.2 328.7 327.5 327 326.8 330 329.9 330.6 331.3 336.1 341.4 338.8 336.3 336.4 338.5 339.2 345.7 339.8 339.5 341.2 342.5 342.8 343.9 347.6 346.8 345.3 346 347.1 348.8 352.4 350.1 348.8 345.3 344 341 345.7 342.5 339.9 338.3 340.6 341.9 342.6 342.2 341 339.7 340.7 343 340.9 339.9 338 335.6 338.1 340.3 344.7 341.8 339.8 338.3 335.3 329.5 327.1 327.3 331.7 329.8 332 328.8 327.9 325.5 323.7 321.7 318.2 313.7 314.4 317.3 314.7 313.5 315.3 315.6
314.5 317 320.3 319.7 316 319.6 321.1 322.5 321.7 324.1 326.1 327.4 331.3 329.8 331.4 332.6 331.8 333.7 334.7 335.2 342.4 340.8 338.3 339.9 341.9 342 340.7 341.8 343.7 346 346.2 347.1 344.2 341.8 339.3 337 338 337.6 335 336.5 338.1 339.3 339.8 338.5 336.3 335.6 337.4 338.5 339.1 338.6 336 334.8 335.7 337 339.3 338.6 338.9 339.4 333.6 329.4 329.2 334.2 336.8 335.6 334.8 330.3 328.3 325.2 322.8 320.3 315.6 311.1 319.3 318 312.3 314.3 312.6 314.8
305.1 308 309.2 311.6 309 314.2 312.6 313.1 316.3 317.7 318.6 320.8 321.6 324.3 327.2 328.7 328.3 327.7 331.3 339.3 337.3 333.5 333.3 336.4 338.3 338.6 338.1 339.7 344.8 343.6 343.8 343.6 340.7 338.8 337.9 335.6 333.2 331 335.1 336.1 336.8 337.3 336 333.3 332.1 333.1 335.1 335.8 336.6 335.8 334.1 334.4 335.3 334.6 335.7 336.7 336.3 335.5 333.4 329.7 333.3 338 335 336.2 335.1 333.5 327.5 323.4 322.3 316.9 314 309 313.3 311.3 309.3 310.2 311 311.8
298.3 302.1 301.7 305.8 304.3 304.7 308.4 308 310 314.8 312.8 314.5 315.5 315.5 321.2 328.3 327.7 323.4 326.8 330.9 332.2 329.3 329.3 331.5 333.3 333.4 334.1 340.1 340.5 340.9 340.5 339.2 337.8 337.1 337.6 334.2 331.3 326.8 330.2 329.2 333.5 334.8 331.4 328.2 330.6 331.2 332 335.3 335.5 335.3 332.3 333.5 334.1 332.3 332.9 332.6 334.5 333.5 332.1 332.2 332.6 333.2 334.4 335.4 334.7 330.3 323.2 321.3 317.3 313.1 313 308 311.6 311.3 311.4 308.8 310 312.3
289.6 293.7 294.7 293.8 294.9 295.2 298.9 301.7 302.9 305.8 310.7 306.6 311 315.5 316.7 316.4 316.7 318.1 320.8 324 321.9 323.6 326.2 326.4 328.1 332.3 332.2 334.4 335.2 337 337.5 337.1 337.3 336.5 334.7 332.5 330 327.3 324.1 323.6 331.6 331.7 326 326.7 328.9 327.6 328.4 330.4 336.1 333.4 330.3 332.3 334 330.3 328.7 329.3 332.7 331 326 330.7 331.7 332.6 335.7 334.5 330.7 325.2 321 317.5 314.9 311.3 305.8 311.9 314.9 313.4 310.5 308 309.6 312.7
285.2 286.5 286.7 287.8 289.2 290.6 293.2 295.5 296.1 297.1 299.5 302.1 305.2 310 312.5 314.1 312.3 314.1 314.9 317 320.2 318.8 318.7 321.4 321.9 323.2 327.6 331.5 331.4 332.3 330.7 332.9 334.6 334.9 333.4 330.5 329.2 327.1 323.3 320.7 319.4 321.2 317.7 322.6 322.5 325.2 326.3 327.7 328.1 328.8 329.2 330.3 330.1 327.4 323.9 324.8 326.4 325.5 323.3 327.3 329.7 333.8 328.5 327.8 322.8 319.8 318.4 315.3 312.2 306.6 309.9 314 313.5 310.9 307.3 308.5 312.3 313.9
282.9 282.4 282.8 281.8 284.3 285.7 287.1 288.6 289.1 290.1 292.1 297.4 298.1 301.9 304.2 308.1 315 309.4 311.3 311.1 315.7 312.4 312.8 314.1 316.7 317.6 319.1 324 326.4 327.2 325.6 326.4 328.8 329.4 328.6 327.9 324.8 324.2 322.5 320.1 317 316.2 316.9 322.6 322.8 324.7 322.9 325.5 326.8 327.4 328.1 328.6 328 326.4 323.8 322.9 321.3 319.2 319.8 322.5 327.5 326.3 325.1 321.1 318.7 317.7 315.6 311.8 307.6 303 313.4 312.1 311.3 306.9 314.1 317.9 313.7 311.1
280.4 280.9 279.6 279.5 280.4 281.2 281.1 284.1 284.8 285 287.6 290.4 291.2 294.5 297.6 299.2 301.7 301.3 301.9 304.4 312.5 308.9 307.6 307.8 310.9 310.2 311.8 313.7 318.7 317.8 319.6 321.5 321.7 322 322.8 322.7 321.7 322.7 323 319.4 315.7 311 314.8 319.3 318.8 319.7 320 325.5 326.4 325.6 326.5 327.8 327 326 324.4 323.7 323.5 318.7 317.4 319.6 324.2 322.5 320.7 319.2 317.4 314.6 313.1 307.6 304.8 305.8 310.7 310.2 305.5 312.5 318.7 317.2 308.5 307.4
278.8 278.7 278.2 276.5 277.7 278.5 277.6 280.1 281.9 282.6 284.8 286.4 287.1 289.1 290.6 293.2 294.4 294.5 298.7 298.2 304.2 308.8 304.5 305.4 303.5 305.4 307 308.3 313.5 309.8 315.3 313.5 315 317.6 319.2 318.8 317.8 318.9 322 317.6 313.9 310.6 314.2 315.9 315.4 314.7 320 324.2 325.5 324.5 324.8 325.7 327.6 327.5 327 325.3 322.6 319.4 316.6 319.5 322 319.3 320 319.2 316.1 313.2 309.5 306 302 306.8 307.8 306.2 308.3 318.8 321.6 313.3 304.4 302.9
277.7 277.4 277 276.1 276.2 277.1 277.3 277.6 277.9 279.1 282.6 284.3 284.9 286.3 288 289.6 289 289.6 298.7 296.2 295.7 299.9 300.5 298.7 299.1 301.8 303.3 301 302.1 304.3 311.1 306.9 310 309.4 309.3 310.2 310.2 315.3 319.1 315.6 309.9 307.2 303.9 312.1 313.9 314.6 317.1 321.7 322 321 324.3 326 328.4 329 329.1 325.8 323 321.4 315.4 318.9 318 317.8 317.5 316.5 315.4 311.9 309.1 307.3 300.3 311.8 303.6 301.9 310.8 319.7 315.8 301.7 296.3 293
