public/OST50/NN46.asc
ncols 200
nrows 200
xllcorner 240000
yllcorner 760000
cellsize 50
[rows 105 to 139 of 200, columns 0 to 78 of 200]
485.5 488.3 490.4 495.1 497.9 501.7 503.3 506.1 509.7 513.5 515.9 520.8 523.5 528.2 531 533 536.1 539.8 545.9 552.5 558.4 564.7 571.4 577.4 583.4 590.4 598.7 606.6 614 622.6 630.9 639.5 647.2 657.4 667.8 676.1 687.7 699.4 712.5 729.2 747.7 762.2 778.6 792.5 800.5 788.1 765.7 733.7 706.7 682.5 661.2 646.5 631.4 619.2 609.1 600.4 593 581.9 577.2 570 570 569.4 566.9 567.6 566.4 562.7 568.6 572.1 579.4 584.1 585.5 591.9 599.8 606.9 615.1 624.5 631.5 638.4 647.4
480.3 483.8 487.9 490.9 494.6 498.2 499.2 501.9 505.5 507.9 510.6 515.1 517.4 523.1 525.9 528.1 531.6 537.3 542.3 548.6 554.6 560.5 567.9 573.6 580.6 587 594.1 600.6 607.3 614.8 624 631.3 639.5 646.7 654.7 665.2 676.8 688.6 703.2 718.7 735.1 753.6 771.8 788.4 795.1 791.7 774.1 745.4 712.4 689.8 667.3 648.6 634.3 620 608.9 604.5 588.6 579.3 573.6 565.3 563.6 565 565.3 562.5 563.6 562.6 567.1 572.7 576.7 580.9 585 590.2 599 605.4 613.4 623.2 630.8 640.4 651.1
476.6 478.9 484.1 487.1 489.6 492.4 494.4 497 500.7 503.7 506.8 511 513.9 518.3 523.6 525.5 529.4 534.4 539.8 543.4 550.8 557.5 563.1 569.9 576 583 589.2 594.6 602.4 610 616.9 625.2 632.9 640.4 648.3 660.4 668.8 683.5 699.7 714.9 731.4 748.7 770 784.8 794.1 790.6 774.6 751.5 722.8 691.6 670.5 651.9 635.5 622 607.5 598.7 583.9 574 568.5 563 560.3 557.3 562.5 560.7 557.3 565.3 567.3 569.4 574.7 578.3 583.8 588.2 595.7 605 608.9 621.4 632.1 640.4 651.1
472.8 475.2 478.3 482.8 485.9 490.7 491.6 494.5 496 500 503.5 508.9 511.7 516.6 521.4 521.7 526.8 532.4 537.1 541.7 546.4 553.1 558.1 565.4 570.9 576.6 582.5 590.6 597 603.7 611.9 621 626 636.2 645.4 654.8 667.4 681.7 696.1 710.7 728.9 748.4 768.3 786.4 799.2 799.5 782.2 764.2 729.7 697 672.3 655.1 631.3 620.2 602.3 592.2 580.3 572.7 566.2 561.8 560.5 554.9 555.1 554 560.8 563.7 566.1 569 573 577.8 581.5 586.8 592.9 600.5 608.1 619 627.9 640.3 651.6
469.1 470.4 474.7 478.2 482.8 484.9 488 489.8 494.7 498.2 502 505.8 508.4 512.6 517 519.3 524.1 529.2 533 538.8 544.7 551.3 556.7 561.5 567.6 574.3 579.3 585.7 592.1 599.8 609.1 618.2 627.1 635.2 643.6 653.7 665.2 679.8 694.9 712.6 730.8 750.9 769.3 788.1 801.3 812 796.4 767.1 735 705.4 679.7 654.9 630.2 616.1 598.6 589 579.9 570.3 563.4 556.7 554.5 551.6 553 558.9 562.6 563.3 564.9 567.4 572.6 576.8 579.2 585.5 591.2 597.8 606.3 615.9 626.8 637.6 648.4
466.6 468 471.2 476.1 480.6 482.3 485.3 487.4 490.8 494.1 495.5 501.5 504.7 507.6 512.9 516.7 522.5 526.5 530.8 537.5 543 548 553 558.6 563.9 570.6 577.7 583.3 591.8 599.5 607.7 616.3 623.5 633.1 643.8 654.5 667.4 681.2 697.9 715 736.2 753 771.3 788.3 801.4 812.1 796.9 771.8 744.9 712.1 685.2 658.1 631.3 608.8 595.1 583.2 573.8 567.2 560.3 551.6 551.3 549.7 555 557.6 559 560.8 562.6 566.6 569.5 573.6 578.1 585.1 589.3 595.8 604.1 612.6 621.5 633.4 648
463.7 465.6 468.4 471.9 478.6 480.4 482.5 485.2 487.5 489.8 494.4 500 502.5 504.7 510.8 514.4 516.9 523.8 528.7 533.4 539.8 544.9 550 554.4 561.6 569.9 576.4 581.3 588.3 596.3 604.4 614.8 624.8 634.3 644.4 656.1 668.4 682.7 697.1 717.7 736.1 752.3 771.8 788.2 804.1 812.2 803.5 779.3 752.9 722.5 690.9 659.6 630.4 609.8 593.1 579 567.5 562.9 557.5 551.5 551.5 545.8 552.9 555.3 556.8 558.3 559.4 565.1 568.7 572.8 577.7 584.2 588.2 594.3 604.8 613.9 623.1 633.1 646.9
462.4 462.7 465.5 469.1 477.5 477.6 480.1 483.4 486.4 485.4 491.5 497 500.7 501.8 506.1 510.9 515.4 521.7 524 529.5 534.5 540.5 546.3 554.2 560.8 567.3 574.2 580.8 588.3 596.1 603.3 613.2 623.8 634.1 644 657 669.9 684.2 699.8 718.6 734.4 753.2 767.9 787.8 804.1 817.4 814.8 786.9 765.3 735.9 703.2 670 634.4 609.5 589.8 577.9 564.5 561.1 555.6 553.6 551.7 547.1 551.8 552 553.7 556.6 558.1 562.5 567.1 571 577.5 583.3 587.2 591.9 602.1 611.3 622.7 632.6 644.5
456.5 460.8 462.4 465.5 468.9 473.4 478.7 480.2 483.1 484.9 488 496.2 494 498.4 504.6 508.4 514.7 518.2 523.5 528.4 534.6 539.4 543.9 551 559.1 566.9 573.9 581 589.5 596.3 604.3 613.5 625 634.8 645.4 656.5 671.1 687.4 702.7 719.5 736.1 752.8 767.3 786.1 802.2 813.7 816.3 804.6 781.3 750.1 715.4 680.9 641.8 611.9 593 579 566.7 556.9 552.7 550.4 548.4 542.6 548.2 550.3 550.5 554.6 556.2 560.3 562.8 568.6 574.7 579.3 585.2 589.4 599.5 609.7 617.7 629.1 645.2
453.3 456.3 459.2 462.8 464.5 471.2 473.9 477 479.7 480.2 484.6 490.7 490.6 496.2 500.1 506.5 511.4 515.8 521.2 525.6 532.6 539.2 543.3 550.6 559 567 574.2 582.1 590 597.6 606.3 615.7 626.4 637.3 646.2 658.3 671.8 688.5 703.4 716.6 733.8 748.5 766.2 782.3 797.9 810.8 812.2 807.1 783 752.8 725.1 690.9 652.3 621.5 596 581.6 568.5 557.8 554.4 550.1 546.6 543.5 543.1 545.9 549.5 551.6 554.3 558.7 562.4 567.6 572.2 577.5 582.2 590.5 597.6 607.3 612.6 626.4 643.1
451.2 454 456.5 459.4 464 470.3 473.1 471.8 473.8 480 483.2 487.8 489.4 493.6 498.7 502.9 506.8 512.3 520 527.2 531.4 537 542.5 551.1 559.2 565.6 573.6 580.9 588.4 597.6 607.2 616.4 625.5 635.5 645.6 659.4 672.2 687.2 701.6 714.6 729.3 742.8 761.9 777 792.4 800.6 797.2 786.2 777.7 764.2 736.6 697.7 662.3 627.8 601 581.1 569.7 558.4 554.7 548.6 544.4 542 541.8 542.5 544.9 548.3 553.2 556.1 561.9 566 569.6 576 582.3 586.9 596 600.1 608.3 621.4 641.5
449.8 453 455 457.2 460.2 469.3 472.9 466.1 473.7 476.8 479.1 484 488.2 492.3 495.5 500.3 505.7 513 518.1 523.6 530.1 536 542.2 550.3 556.8 564.2 571.5 580 588.1 596.5 608.2 616.8 624.4 634.4 645.6 660 673.3 683.9 698.5 711.3 723.7 735.6 751.1 765.7 784.3 787.5 788.8 780.7 772.7 760.4 738.3 699.1 662.9 630.3 602 581.7 569.7 559.5 551.8 547.1 543.3 540.1 539.9 541.7 544.1 546.5 550.8 555.1 559.9 564.7 569.5 572.4 579.5 584.9 588.3 595.4 605.6 618.8 638.2
452.2 452.7 453.4 456.1 458.9 465 464.4 462.7 467.2 473 478.1 481.2 487.3 489.7 496.5 499.8 503.3 508.6 515 521.4 528.3 534.2 540.5 547.1 555.3 562.9 569.9 577.1 587.4 596.5 606.6 615.6 622.9 634 645.9 657.9 671.5 682.9 696.4 708.9 721 734 747.6 760.1 773.7 780.2 780.7 775.4 763.9 747.8 721.7 690.7 656.8 624.7 600.8 583.3 568.6 559.2 550.5 544.9 541.3 539.3 539.2 542.6 544 547.3 550.4 553.9 557 560.4 567.6 568.3 573.8 578.1 584.5 595.6 602.4 616.8 634
449.8 453.3 453.6 454.3 456 459.6 459.3 459.7 465.2 470.5 472.8 480 484.5 488 495.5 499 502.7 506.1 512.3 518.4 523.8 530.7 538.2 543.9 551.2 561.9 568.4 574.4 582.8 593.6 603 613.3 621.4 632.6 644 654.6 666.1 677.2 690 701.7 715.2 729.2 741.1 754.2 766 772.4 771.9 762.6 753.4 735.3 708.4 675.6 644.7 621.3 596.7 580.8 567.1 555.8 548.4 544.6 539.4 537.9 539.4 542 544.9 545.8 548.4 552.3 554.2 558.1 561.4 564.9 570.1 576.2 580.4 588.5 597.9 615.3 630.8
453.3 451 454.5 453.1 453.5 454 458 462 463.4 464.6 472.3 478.6 481.7 484.1 494.7 495.4 498.8 502.6 508.6 516.2 521.5 530.5 535.7 541.5 549.1 557.5 565.4 571.5 580 589 598.5 608.5 617 627.4 638.3 648 658 670.7 681.9 694.2 704.6 716.8 733.6 749.2 764.7 763 765.2 757 738 721.2 701.2 674.3 644.7 616 595.2 578 566.1 556.5 548.8 542.6 540.8 537 538.6 541.1 543.7 546 546.6 549.1 551.1 555.7 558.1 563.6 566.6 570.5 576.8 583.5 594.9 608.4 624.8
453.1 452.5 452.2 452.2 454.5 455.9 462.8 462.7 470.6 463.2 467.1 472.3 476.5 481.8 488.8 489.7 493.9 499.4 507.5 514.3 519.1 526.5 530.8 537.6 545.4 552.1 559.6 567.1 576.5 584.5 594.1 602.9 611.7 621.2 630.9 640.1 650.1 662.2 674.8 686.3 698.3 711.4 724.4 741.9 752.6 758.7 758.8 760 751.3 728 700 671.8 644.6 618.7 596.5 579.3 566.3 556 548.5 543.9 540.8 535.6 538.9 539.1 540.5 543.8 543.8 545.4 547.4 550 554.1 561.4 563.4 567.9 572.9 580.5 590.2 604.5 619
451.5 452.7 453.7 453.5 453.9 455.2 463 464.4 469.4 462 466.1 467.6 472.1 477.6 481.6 488.6 493.9 498.1 503.7 511.1 515.5 520.3 527.7 534 540.9 547.1 554 562.3 571.6 580.2 587.9 595.6 604.8 615.1 623.2 633.2 643.8 651.4 665.5 678.8 692.1 705.1 718.8 734.2 749.6 757.6 765.3 760.6 747.9 729.8 700.7 672.4 647.3 620.9 597.4 581.9 567.7 556.1 548.7 544.4 540.2 534.1 538.9 537.8 537 540.8 541.8 542.5 545.3 548.8 550.9 554.9 559.3 564.1 569.7 577.2 587.1 598.6 615.2
448.8 451.6 452.8 454.8 453.7 454.9 457.6 459.9 460.8 458 457.5 464.5 467.8 472.1 478.6 485.6 490.1 495.2 499.2 506 512 516.7 521.7 528.6 533.9 541.4 548.6 557 565.2 573.2 580.8 588.6 597.1 607.2 617.9 626.4 638.3 650.3 662.3 674.2 685.6 701.5 717.1 735.9 750 760.8 760.8 759.7 751.6 729.7 704.1 674.5 650.2 622.7 599.6 580.2 570.8 556.1 549 543.8 537.3 532.7 537.6 536.5 532.4 536.1 538.7 537.7 542.1 544.5 547.6 551.3 553.8 561.6 565.2 573.6 582.7 593.3 605.8
449.1 454.7 457.4 451.6 449.2 454 453.8 456.4 461.6 454.9 456.5 459.7 466.4 473.1 476.4 480.6 485.8 491.6 497.4 502.9 509.8 514.2 519.7 526.1 532.3 538.7 544.2 551.3 559.5 567.3 573.6 582 592 602.2 612.1 621.3 632.9 642.6 656.7 670.1 683 696.5 711.6 728.3 748.6 760.8 758.4 753.6 748 734.5 712.1 680.4 652 623 600.5 583.4 569.7 558.3 552 542.6 537.4 534.7 531.7 532.2 529.3 530.6 533.9 530.6 537 540.3 545 547.5 550.5 556.9 563.6 569.8 576.9 587.4 598.1
446.7 447.1 449.2 448.3 449 451.4 451.2 453 456.9 456.3 460 464.2 465.9 469.5 473.6 477.7 482.6 486.9 492.9 500.3 506.3 510.8 515.7 521.8 528.8 534.8 541.4 547.3 555.1 562.9 572 580.6 590 599.3 607 616.5 626.7 640.4 653.2 665.1 677.9 693.2 706.1 721.5 740.4 748.9 753 754.3 746.6 736.9 714.5 683.2 655.7 628.4 603.6 586.2 571.8 559.4 548 542.6 535.5 534 533.3 526.7 523.6 525.2 528.1 528.2 533.4 535.9 539.5 542.2 545.9 552.5 557.8 562.5 573 584.3 591.3
446.2 444.8 447.4 447.6 448.9 449.5 449.5 454 457.7 455.6 458.1 460.3 464.1 466.4 470.6 475.2 480.7 487.6 490.7 497.2 502.5 508 514.8 521.2 527.4 531.7 537.9 542.8 551.1 560.4 570.1 578.6 587 597.3 605.4 613.8 622.9 637.8 649.2 661.8 675.5 687.1 700.7 714.7 727.8 736.1 745.2 747.9 746 730.7 711.1 682.7 654.9 633.6 610.9 590.1 571.4 556.2 546.7 541.3 534 530.6 528.8 526.7 517.9 520.3 520.8 522.6 527 531 534.2 539.4 544.1 549.8 554.7 563.1 571.7 580.3 586.8
442.7 443.9 446.4 446.8 449.3 448.6 450.8 453.1 453.5 453.5 455.9 459.2 461.2 465.1 468.4 472.8 478.3 485.1 488.9 495.1 499.7 503.9 509.3 516 520.8 527 532 540.2 545.9 553.7 565.6 577.2 585.4 595.1 604.4 611.5 622.9 633.4 645.1 658.2 669.9 682.8 695.7 707.2 717.9 726.1 733.8 736.4 733.8 726.1 710.5 681.4 657.9 633.7 612.7 589 568.7 556.4 545.2 537.1 531 526.4 524.1 522.2 517.2 518.8 518.4 523.4 526.9 527.9 530 536.3 543 548.1 554.6 559.4 568.2 575.8 582.9
442.4 444.1 445 445 446.5 446.8 448.5 450.9 454.1 454.3 452.8 457.7 462 462.6 465.6 471.4 475.7 480.1 485.2 491.5 494.1 497.9 503.7 510.8 516.4 520.2 526.8 535.8 540.3 551.9 563.1 572.3 581.7 589.6 599.2 608.3 619 629.1 640.6 652.4 665.6 679.4 689.6 701.6 711.9 718.4 724.9 725 723.3 714.1 705.6 685.7 660 635.4 614.1 591.2 571.2 557.6 545.2 535.1 529.3 524.3 520.5 518.5 513.5 516.5 515.8 519.3 522 524.2 527.8 533.2 540.9 544.1 551.8 558.5 564.5 574.7 582.5
441.2 441.9 443.2 443.3 443.7 443.2 448.2 449.7 449.1 449.8 448.5 456.1 458 460 462.8 470.1 472.6 475.7 480.5 484.9 489.3 493.2 498.3 505.7 511.2 516.9 523.9 531.7 539.3 548 559.1 566.3 578.2 583.8 594.8 605.3 615.6 625.2 636.1 647.7 661.5 674.7 683.8 694.3 706.5 712.4 718.2 720.6 722.4 713.9 705.2 691 664.7 642.2 619.7 593 573.8 557.9 542.9 534.7 529.1 523.3 518.3 515.6 513 515.1 512 516.3 517.3 518.7 524.2 528.6 540.3 544.8 551.2 554.3 569.2 576.2 582.9
439.1 440.1 441.2 442.6 442.7 441.6 446.9 445.3 447.4 446.7 450.3 452.3 451.6 459.4 461.1 465.1 469.8 473.2 476 479.6 483.5 488.4 496.1 498.5 505.3 512.7 519.3 525.8 534 542.2 554.6 562.1 570.4 581.6 591 599.7 610.6 620.5 632.3 644.5 657.1 669.4 682.4 693.6 702.4 708.8 715.4 722.3 724.1 719.7 703.5 690.2 676.3 650.2 625.8 601.4 576.2 555.9 543.4 536.6 529.5 523.1 518 514.7 513.5 507.7 507.9 510 512.2 514 518.7 525.8 536.1 541.8 549.2 553.4 565.6 572.1 583
439.3 438.7 439.3 445.4 441.4 438.6 442.6 444.4 444 446.1 446.2 449.4 451.8 454.6 456.8 460.3 464.6 468.5 472 476 479.6 482.9 489.2 493.7 500.2 507 513.9 521.9 528.8 535.7 544.4 555.3 564.1 575.8 586.1 596.1 605.9 616.3 629.1 640.9 654.2 665.9 679 689.4 697.9 706.8 714.5 719.7 722.9 721.8 710.2 693.8 680.2 659.1 637.4 608.1 580.2 558.1 545 535.7 529.3 522.7 517.9 514.1 512 509.3 504.2 508.4 508.7 510.4 516 521.8 531.5 537.1 546.5 550.2 560.2 573.4 585.6
439.5 437.8 437.8 441.4 438 436.2 440.9 439.8 439.5 440.7 441.6 445.5 449.2 451.9 453.1 456.7 460.8 464.8 467.5 471.7 475.8 478.1 485.4 494.2 496.1 504.1 510.1 514.8 522.4 530.3 537 548.5 560.2 565.8 578.3 590.3 600.1 612.1 624.2 637 650 663.1 674.2 686.8 697.3 704.9 712.8 720.9 721.2 722.7 723.2 701.9 689.1 670.8 646.8 620 585 562.1 544.3 537 529.1 521.7 517 513.6 511.4 507.1 505.4 506.6 506.3 509.2 512.5 516.4 524.1 532.4 540.6 548.6 562.3 574.1 587.8
441.3 439.2 437.4 437.1 436.7 435 435.7 435.6 433.8 435.9 435.6 438.9 445.3 447.8 451 451.9 458.1 460.3 463.5 467.2 471.3 475.3 482.6 488 490.7 495.7 502.8 509.6 517.1 522.8 533.2 541 548.8 560.7 572.6 582.2 595 606 620.4 633.7 647.2 661.3 676.7 689.6 694.6 701.6 715.8 721.2 727.5 728.3 732.6 715.6 701.5 687.6 656.7 620.5 591.6 565.5 548 536.6 529.4 522.8 517.3 511.6 508.6 504.7 502.5 502.9 503.9 505.7 510.2 512.3 520.1 527.7 537.6 545.3 561 572.8 588.1
441.1 439.5 437.6 437.1 434.7 434.3 433.1 432.1 432.1 433.7 433.9 439.6 441 443.9 449.3 449.7 453.7 456.5 460.2 461.9 466.2 473.7 477.3 480.1 484.2 491 498.3 505.5 509.7 517.3 525.6 533.4 544.2 553.9 564.7 575.8 585 599.6 612.6 625.6 639.4 653.8 667.4 672.1 681.1 694.7 710.5 719.1 726.8 731.6 736.2 723.5 714 706.4 669.4 627.1 594.7 567.5 549 537.8 526.6 520.2 515.8 511.6 506 502.4 499.8 501 501.1 502.9 506.9 509.3 517.1 522.1 534.1 543 557.8 571.6 587.3
442.3 440.4 438 436.4 434.3 432.7 430.9 431.3 429.5 431.8 429.2 435.2 436.5 440.3 444.7 447.6 450 455.4 456.4 458.1 462.3 470.4 474.2 476.4 481.3 484.5 494.2 497.8 504 509.1 518 529.3 537.3 545.7 553.6 566 575.7 589.8 600.8 613.4 626.1 638.8 648.1 657.1 667.4 682.3 696 710 719.4 731.9 733.3 722.4 721.1 714.6 677.6 637.3 602.7 573.9 550.7 538.5 527.6 520.4 516.6 510.2 504.2 502.2 496.9 496.9 498 501.6 504.4 507.1 510.5 521.5 529.5 540.5 555.3 569.9 585.8
442.2 439.8 438.2 435.4 432.8 430.5 429.9 428 427.8 428.8 429.6 430.3 435.9 436.4 439.7 444.3 446.9 450.8 452.6 454.9 460.1 464.5 468.1 471.5 475.8 480.5 486.7 492 498.1 505 511 520.1 527.4 539.3 547.9 558.7 568.9 577.8 591.4 603.4 614.8 623.4 634.5 645.6 656.1 672 683.5 700.3 713.9 724.5 732.2 733.2 726.6 722.2 689.5 646.5 612.1 577.9 554.1 540.4 530.4 520.1 513.3 508.6 502.1 499.4 496.2 494.8 495.1 499 502 505.7 510.6 518.1 527.2 541.6 556.8 570.7 586
439.8 438 436.8 434.7 432.8 429.9 428.1 425.9 426.6 424.5 426.3 426.9 434.9 433.3 436 439.6 443.1 447.6 449.3 450.9 457 460.7 465.3 468.7 472.9 477.9 484.4 488.4 493.4 502.5 508 514.6 522.8 533.1 541.3 548.2 559 570.4 581.3 592.6 604.2 612.5 622.8 633.9 646.3 660.1 671.8 685.8 698.6 711.7 725.9 729.9 724.1 723.3 697.9 658.3 617.1 581.3 557 543.6 532.1 521.2 512.9 507.3 502 498.3 495 493.9 493.6 497.1 499.2 503.8 509.5 516.8 524.1 541.7 554.5 571.9 589.7
439 436.4 435.2 432.4 430.4 428.1 426.4 425 422.7 423.1 423.6 423.8 425.4 431.5 432.8 434.8 440.3 442.7 445.5 448.8 453.5 458.2 461.9 462.9 468.7 473.8 479.4 483.3 489.7 499.2 504.8 512.9 517.8 525 532.4 540.3 548.8 559.8 572 583.7 593.7 602.4 614.4 626.1 636.8 649.8 664 677.2 688.1 700.5 716.3 723.6 724.3 716.4 695.5 665.5 627.2 590.2 564.7 550.3 536.2 522.4 513.5 506.1 500.9 497.9 493.9 491.7 492.8 494.3 496.1 502.3 508.2 516.1 522.9 540 551.6 570.9 590.4
433.8 432.8 431 428.9 427 426 423.7 422 419.7 420 421.2 420.5 422.6 426.4 429.3 431.4 434.4 438.1 443.5 444.9 447.3 452.5 456.6 459.5 465.1 472.9 474.1 478.8 486.3 492.7 500.7 507.1 511.6 516.6 524.6 532.5 539 551.5 559.9 573.4 583.2 592.7 604.7 615.9 628 641.4 654 667 682.4 695.8 706.8 714.9 712.9 706.6 690.2 667.2 636.5 599.3 573.8 555.8 541.1 525.1 514.9 507.4 501.5 495.9 496.5 491.1 491.7 492.1 494.8 499.6 505.1 513.8 524.9 538.8 552.6 567.9 585.6
429 430 427.3 426.1 426 424.2 421 419.3 417.2 417.9 419.1 419.9 420.1 422 425 427.9 430.8 434.1 438.8 441.1 441.9 446.8 452.1 454.9 460.6 467.8 470.4 473.8 480.7 487.9 493.3 501.5 502.8 508.9 521.6 528.7 531.8 543.6 555.2 560.5 573.8 583 595.6 607.9 619 630.5 643.2 657 671.1 687.4 696.4 704.6 708.7 709.3 692.2 674.1 648.1 612.5 580.5 562.3 545.5 529.7 518.8 509.6 502.7 497.2 492.8 489.3 491.4 488.8 492.7 495.9 504.5 512.4 519.7 536.2 547.2 564.5 585.4
