public/OST50/NN46.asc
ncols 200
nrows 200
xllcorner 240000
yllcorner 760000
cellsize 50
[rows 105 to 139 of 200, columns 79 to 157 of 200]
653.6 660.6 671.5 681.3 685.7 686.3 689.7 691.9 698.3 703.6 709.1 717.7 729.3 741.1 754.5 762.1 774.4 788 797.9 804.8 803.1 781.2 756.1 734.6 709.1 683.3 654.9 636.8 618.9 599.5 587.2 571.2 568.6 563.7 564.6 566 565.4 563.6 562.4 563.5 559.8 557.4 556.7 555.3 552.2 552.3 550.9 548.7 550.7 548.8 548.1 546 542.1 538.2 536.6 532.6 527.2 523.6 522.2 516.9 515 508 504.4 496.9 490.2 483.4 474.7 464.7 458.5 450.2 440.3 433.3 422 414.9 409.1 404.4 401 400.2 397.7
659.7 668.3 683.2 694.7 699.7 700.1 700.1 701.9 710.2 715.4 719.7 729.5 738.9 751.7 763.3 770.9 782 796.5 808 805.2 806.3 799.6 772.6 751.9 732.5 712.8 680.4 655.5 631.3 611.2 597.5 582 575.6 571.5 570.3 569.8 568.4 566.3 565.8 564.9 564 561.3 557.5 556.6 556.1 555 553.6 552.4 549.5 550 548.8 546 542.4 540.3 536.8 532.5 529.7 525.7 521 518.3 513.7 510.8 505.7 499.3 488.4 479.7 474.6 465.4 460.5 449.1 439.1 430 421 414.7 408 402.5 400.2 399.1 394.8
665.1 674.1 685.9 697.3 711.1 712.7 715.3 717.1 719.8 726.1 731.8 737.2 748 760.8 770.3 780.7 792.5 803 815.6 815 809.2 809.2 802.8 768.9 754.6 731.1 704.4 677.3 647.5 623.4 608.7 591.5 580.8 580.4 577.3 573.2 574.3 572.6 572.9 573.4 572.2 568.7 564.8 561.7 559.4 555.9 553.2 551.6 550.6 550.3 548.3 546.3 542.6 540.3 535.7 534.4 529.5 527.1 523.6 522.1 517.6 514.9 511.5 498.8 489.5 477.2 470.8 467.5 461 451.2 439.8 430.9 420.3 413 407.2 401.5 398.8 397 395.6
662.2 676.8 688.8 700 713.1 727.4 730.7 736.2 735.2 742.1 747.3 750.4 764.5 768.5 778.3 787.6 795 805.4 816.5 818.1 815.4 817.3 815.8 809.1 783.1 757 727.9 698.8 669.3 641.1 622.5 610.1 596.1 586.7 584 582 583.2 584.4 584 580.4 576 573.7 568.1 562.3 559.4 556.5 553 551 547.8 547.9 548.4 545.2 541.1 539 535.8 533.3 529.2 528.5 524.7 523.7 517.9 513.3 506.2 496.9 490.3 478.1 469.9 463.4 454.5 446.7 438.5 427.3 417.7 410 404.7 401 397.3 391.8 394.8
661.1 674.5 688.9 700.1 713.4 727.3 737.2 751.3 756.8 764.6 768.2 766.8 776.2 784.2 793 797.3 804.6 811.9 822.1 824.1 824.2 824.6 824.1 820.8 810.3 766.4 743.9 719.4 695.2 664.3 640.5 630.7 615.6 603.4 595.9 589.7 595.9 596.8 597.8 588.7 584.6 580.2 574.9 568.1 562.6 557.8 553.1 552.4 548.5 546.4 545.5 543.7 542.3 538.2 536 533.1 531.6 526.3 522.5 520.5 516.7 508.1 500.5 493.7 487.2 477.3 470.8 460.6 452.4 441.8 431.4 421.3 413.3 408.8 403.9 402.3 396.3 390.6 395.3
659.2 672.7 686.3 697.8 713.9 727.1 740.3 752.1 761.3 766.9 777.4 781.3 786 793 796 805.5 811.5 818.3 823 827.6 824.1 827 829.4 828.8 815.4 775.1 764.1 743.1 721 696.8 672.1 652.7 638 623.6 610.3 607.6 605.3 606.6 608.3 600.1 594 590.7 582.3 574.2 566.8 561.6 557 551.5 548.3 545.5 544.4 541.9 538.6 535.2 534.5 532.5 526.7 525.1 522.6 519.3 511.4 501.9 496.3 489.3 482.9 472.7 466.5 457.3 449.9 441 427.9 419.3 412.5 406.9 403.6 398.5 393.5 388.8 389.8
659.2 671.4 684.2 696.8 709.2 722.5 737.6 750.2 761.2 770.4 777.6 785 791.5 799.2 802.8 805.9 810.4 819.3 819.9 818.5 820.2 831.4 839 835.2 825.8 817.3 786.4 765.2 746.7 726.1 705.4 683.8 661.2 646.2 628.3 622.4 621.1 618.3 616.8 612.2 605.4 600.1 594.7 581 571.6 565.5 557.8 552.6 549 545.2 541.8 540.8 538.7 533.8 529.5 528 524.2 520.6 519.3 514 511.5 501.5 494.3 485.3 479.5 471 463.1 457.5 448.6 436.4 426.4 420.2 413.1 407.1 405.2 397.4 393.1 387.1 383.6
660.2 675.1 687.7 700 715.6 729.7 746.3 757.6 772.1 780.8 791.2 792.2 796.7 803.7 804.4 808.9 812.5 813.4 815.4 813.9 816.6 827.2 837.3 836.9 830.4 826.8 813 797.2 767.9 751.1 736.7 714 691.3 670.9 652.6 635.6 626.1 624.3 624 619.3 615.2 608 601 592.5 575.5 570.1 560.9 554.1 550.7 545.1 540.9 538.2 536.1 532.6 529.1 526.2 522.1 515.3 513.5 512.6 506.9 499.6 488.9 482.5 474.5 467 458.5 448.2 439.3 432.3 425.4 417.6 409.1 404.2 401 396.8 392.2 388.4 385.1
660.9 676.5 690.8 702.5 715.4 732.4 749.1 762.2 775.2 788.6 802.5 812.3 813.6 820.3 818.6 815.2 818.4 817.9 813.4 813.2 814.9 817.6 830.1 830.9 833.1 829.8 818.2 809.3 773.3 767.9 761.5 741.6 715.4 695.1 674.9 654.4 640.2 634 631.1 628.7 625.1 613.2 606.2 594.5 583.4 571.7 564.5 553.2 549.8 544.8 541.4 537.2 534.1 530.6 528 523.1 518.4 512.9 509.3 507.3 501.4 495.3 484.4 477 467.7 458.9 450.5 444.1 436.9 433.2 421.7 415.7 412.1 406.6 397.2 395.2 388.9 384.7 383.1
660.5 676.7 694.3 705.8 716.5 731 746.3 764.1 777.6 790.6 805.1 817.7 825.5 834.2 842.6 843 843.2 832 822.9 829.5 822.1 819.1 819.5 826.7 834.5 831.6 824.6 815.3 803.6 781.9 773.6 761.3 741.4 720.7 700.8 676.5 666.3 657.8 650.1 645.5 639.3 626.4 615 601.2 591.3 574.6 567 557.4 548.6 544.3 540.3 536.2 532.6 527.8 522.8 518.6 518.8 512.2 507.4 502.1 494.7 488.4 481.6 472.2 463.8 454.6 449 440.4 435.4 429.5 418 410.1 405.7 401.2 396.5 389.5 385.5 381 377.6
661.7 678.8 697.9 709.2 718.5 727.3 742.9 760.2 776.4 789.3 801.8 817.3 828.8 841.7 851.6 859.3 864.2 863.7 850.6 838 829.7 830.3 830.4 820.5 820.8 820.8 822 823.4 832.1 826.1 801.9 785.6 767.9 748.4 725 702.2 694.9 686.9 673.7 664.1 659.1 637.8 625.6 607.9 594.3 580.7 570.2 563.6 554.2 546.4 539.4 538.4 535.2 526.3 521.8 515.1 515.2 508.3 503.3 496.5 490.7 482.8 476.5 469.9 460.2 452 447.3 440.4 431.5 425.3 417.5 405.5 401.3 398.7 393.8 388.3 382.7 376.3 375
660.7 678.9 698.1 710 719.2 726 735.8 748.6 768.7 781.6 796.9 812.1 825.5 840 851.6 855.8 856.3 864.2 860.4 844.8 835.4 831.4 821.6 820.8 820.8 820.8 824.8 827.2 833.3 834 827 811.1 795 774.2 749.3 733.5 718.4 703.3 696.6 680.7 671.9 648.8 630 614.2 601 585.9 574.5 567.8 559.4 553.4 545.2 539.7 536.6 531.6 524.9 515.9 511.1 504.5 498.7 491.6 486.6 478.8 470.6 463.1 454.2 448.9 442.9 435.7 427.7 421.9 414.5 402.7 394.9 391.2 388.7 384.1 379.6 377.4 372.8
654.2 675.3 692.6 705.7 715.4 725.2 734 743.1 756.7 773.5 787.1 801 815 829.3 843.1 848.3 856.4 859.8 852.9 843.9 833.2 827.7 824 820.2 820.8 820.8 823.2 823 823.5 822.3 817.3 809.6 799.4 793.1 771.8 763.6 741.1 722 716 696.2 682.1 661.3 637 625.3 613.3 597.7 584.9 575.5 567.6 557.2 547.7 543.9 536.6 531.3 522.7 514.7 509.4 500.2 491.5 486.2 480.4 473.8 464.8 457.9 450 442.2 437.8 429.4 425.7 415.2 410.1 401.7 393.5 388.2 385.7 386.8 384.3 377.6 371
650.1 669.1 686.5 700.3 712.7 722.3 730.3 738 747.6 761.8 775.8 788.7 801.1 816.3 830.7 843.1 851.9 848.1 841.1 835.9 830.1 826.9 826.3 825.8 823.9 822.3 824.1 819.8 814 811.2 805.1 801.4 795 787.5 778.2 763.8 746.9 733 718.3 699.4 689.3 672.9 657.7 637.4 625.5 613 597.3 584.7 577.8 565.1 552.9 546.6 540.6 528.5 524.2 515.8 507.7 497.6 487.1 480.4 475.3 467.9 460.4 451.9 444.5 437 429.7 423.3 420.9 409.2 405.2 403 396 388.3 386.1 383 381.5 375.6 371.7
641.3 661.5 678.8 692 703.1 712.3 720.8 728.9 739.6 749.7 763 777.4 789.2 803.1 818 830.6 837.8 839.1 830.1 825.4 825.4 825.3 828.1 829.8 833.8 833.7 832.9 829.8 824.5 807 798.6 790.3 784.6 778 766 750.8 736.2 723 704.4 700.2 690.6 679.4 666.1 643.3 627.4 613.8 597.1 583.4 575.6 561.9 551.5 541 536.9 525.2 514 512.3 504.7 492.3 484.4 476.4 469.1 461.9 453.7 444.6 438.3 430.6 421.2 414.1 407.8 401.7 400 397 390.9 386.2 382.1 381.2 379.5 375.7 370.4
634.8 652.2 669.5 679.9 689.1 700.7 708.7 719 729.4 738.7 750 761.2 774.9 788.5 800.2 811 817.5 818.8 817.6 814.9 818.1 822.7 828 831.9 834.2 836 832.2 829.1 820.8 801 785.4 781.6 770.7 764.2 756.2 740.1 720.7 710.7 703.9 694.6 685 675 657.8 639.7 622.8 607 589.7 578.5 568.6 553.8 542.6 535.3 527.2 519.9 508.9 502.8 496.5 484.8 478.3 468.5 462 454 444.8 438.6 426 420.9 414.8 406.6 400.5 397.7 395.5 392.9 386.7 383.7 380.3 379.4 377.9 374.3 370.5
627 643 658.7 669.1 679.3 688.8 697.4 708.7 718.8 728.6 739 748.8 759.6 770.8 780.1 788 796.7 800.5 808.8 807.1 811.9 818.7 825.6 829.5 832.9 833.9 830.5 825.4 816.4 792.6 781 766.3 758.5 750.8 733.7 715 699.7 699.8 694.8 685.9 674.8 661.5 651.2 634.4 617 599.8 585.8 574.5 564.8 551 539.7 530.7 521.4 511.7 505.8 499 487.6 477.2 469.6 461.2 455 448.7 441.9 434 420.1 412.7 408.9 402.8 397.8 393.2 393.3 391.3 382 381.6 379.1 377.6 375.4 376.1 370.3
619.9 631.3 645.2 658.7 669.4 678.4 688.7 698.9 708.1 719.6 729.3 740 748.6 759 767 775.2 783.6 791.9 798.7 803.8 806.9 812.7 818.9 823.2 826.2 827.7 822.8 811.2 802.7 787.3 773.5 752.6 739.9 731.1 718.3 696.8 694 690.1 680.3 671.9 663.1 653.2 640.7 626.7 609.9 593.2 582.1 571.8 560 546.6 535.5 524.9 512.4 504.6 499.7 492.8 480.3 471.9 460.4 453 449.5 443 432.3 423.4 415 407.3 401.9 401.1 395.9 391.6 387.4 384.4 378.5 377.3 377.1 376.8 375.7 372.4 371
608.2 621.7 633.8 645.4 657.7 669.2 679.4 689.5 698.9 708.8 719.7 729.6 738.1 746.8 756.2 764.5 773.5 783.9 793.1 801.1 804 809.8 815.9 815.9 819.4 819.4 809.2 799.4 788.2 779.5 758.1 736.8 718.6 710.6 698 691.8 686.1 679.3 671.5 663 653.5 643.8 634.5 621.8 607.6 590.4 578 563.1 557.1 540 527.4 517.9 509.2 500.9 494 485.6 477 466.1 453.4 444.7 440 440 435.1 424.8 420.3 410.8 402.2 398.2 394.2 389.4 387 381.4 376.8 374.7 372.5 372.4 371.7 371.1 370.3
600 612.4 625.1 638.1 649.1 660.3 670.1 679.2 689.7 700.9 711.2 721.6 730.2 740.7 747.8 756.9 766 777.8 789.2 800.3 805.4 809.7 811.9 810.4 808.6 803.2 795.9 785.2 777.5 763.6 740.6 724 708.4 697.6 691.9 687 680.8 669.2 664.1 659.6 649.1 639.2 628.5 611.6 597.9 588.5 575.6 562.5 552.9 536.7 525.2 515.7 510.4 496.2 487.8 473.4 468.2 463.7 452.8 445.5 442.2 435.9 429.9 419 415.9 411.9 402.7 399.7 398.5 390 385.8 381.6 377.2 373.3 371.2 369.3 369.3 367.1 368
592.2 606 619.8 630.5 640.6 651 661.4 670.8 681.1 691.9 703.3 713.9 724.9 737.5 744.5 753.7 764.9 775.5 789.6 801.2 811.8 814.7 812 807.4 800.4 789.3 777.5 766.3 755.5 734.7 720.4 702.4 701.4 690 680.8 679.3 673.8 661.5 655.1 649.5 639.3 629.2 619.9 609.3 597 587.4 575.3 566.8 555.1 540 524.4 508.7 500.5 486.3 476.2 471 464.8 456.2 447.1 442.9 433.5 424.3 421.5 414.2 410.8 408.9 403.8 397.7 397.2 388.6 384.3 383.1 376.4 371.9 369.2 366.2 364.2 363.5 364.1
589.3 600.9 612.1 623.9 635.2 644.5 655.8 667 677.1 691.2 703.9 715.8 725 737 746 753.3 765.5 776.4 791.4 803.6 812.8 815.9 814.6 805.3 804.2 781.3 761 749.9 737.2 721.9 709.7 701.1 690.3 687.3 676.8 669.9 663.8 656.3 651.1 641.6 628.6 619.6 609.3 602.2 590.7 579.8 570.9 563.3 550.2 532.6 510.7 501.5 489.4 480.9 477.2 465.3 453.8 447.6 437.4 430.2 422.8 416.1 412.4 409.3 405.1 402.2 397.5 392.5 390.4 389.3 386.6 378.8 374.2 371.2 369.1 367.4 359.2 360.2 361.6
592.2 603.9 616 627.3 638.5 647.7 655.4 668.2 680.1 693.3 704.5 715.6 724.2 737.1 745.5 758.7 766.9 779.6 793 807.5 818.3 827.5 823.5 823.3 809.5 774.2 752.1 732.8 721.1 707.5 704.1 698 690.3 686.2 677.1 669.4 657.3 651.3 645.9 637.1 625.4 616.7 603.8 592.2 583.4 574.4 560.6 552.6 537.1 522.6 506.5 498.7 486.7 472.9 466.1 453.7 443.1 437.3 427.7 422.8 414.2 410.9 404.5 401.6 399.8 395.9 394.7 391.8 390.9 387.7 382.6 378.6 372.7 369.7 366.6 362.1 359.3 358.6 359.4
592.6 604.6 620.7 632.2 642.7 653.9 661.2 670.5 681.2 696.1 706.7 718.7 728.2 736.6 750.9 761.4 768.9 781.6 792 805.7 819.5 827.9 835.3 834.1 810.9 781.3 753 732.9 715.5 701.5 694 688.6 680.3 679.3 668.6 661.6 659.1 653 646.4 637.9 622.6 612.8 601.5 586.3 575.4 564.5 552.2 541.1 529.4 517.1 499.4 489 475.1 468 458 448.3 439.3 426.9 418.8 412.3 409.6 409.1 402.2 398.9 395.6 394.9 390.7 386.9 383.4 380.5 377.4 372.6 370.3 368.4 364.1 362.7 357.9 356.2 357.5
594 608 621.7 634.4 646.5 659.9 668.1 675.6 686.8 702.5 717.1 726.9 737.8 744 754.9 767 775.2 781.9 791.6 800.1 809.9 820 829.5 827.5 810.1 775.4 748.4 730.4 713.3 699.3 689 677.6 670 667.2 663.1 660.1 657.3 653.4 649.6 637.1 621.7 608.8 599.9 585.3 572.7 559.2 544.7 531.6 520 506.1 489 479.9 467.6 462.6 457.2 446.9 435.5 429.4 423.1 416.7 411.7 402.3 398.3 394.4 391.3 390.6 387.9 385.1 382.6 378.4 374.9 371.6 370.8 365.4 360.7 357.7 355.8 354.5 354.7
599.5 611.1 626.7 639.6 653.5 668.2 677.2 684 695.7 709.1 726.7 740.9 748.3 752.4 754.4 770 775.7 784.4 788.9 794.8 800.7 809.5 813 813.3 802.9 773.8 747 729.3 712.3 695.2 681.7 674.2 669.1 665.2 662.5 658.9 657.8 652.3 646 636 619.5 605.2 592.7 579.1 565 550.8 535.6 518.9 506 496.4 481.8 473.9 462.5 455.1 447.9 440.1 426.8 421.7 416.6 410.5 403.1 397.8 394.1 392.2 389.9 386.6 385.8 384.7 381.5 376.2 375.7 371.2 369.2 363.1 359.2 355.7 354.4 356 354.1
600.5 615.1 630 648.6 664 678.3 692.2 697.9 705.8 724.9 740.1 754.4 757.4 759.9 760.9 768.1 777.4 785.3 782.5 787.1 787.6 790.6 796.7 796.1 788.3 771.2 741.2 722.9 704.5 688.2 680.3 674.3 669.3 667.3 667 662.9 655.6 650.2 637.4 628.6 617 601.8 584.4 573.7 558.4 542 529.7 514.5 497.5 483.1 478.1 463.9 451.8 441.4 436.4 431.7 424.6 423 412.1 408.4 401.9 394.4 391.2 390.1 385 383 383.2 383.6 378.3 374.6 371.9 369.4 364.8 360.4 355.4 353.6 353.3 353.8 354.8
601.7 618.8 634.9 655.9 673.6 694.6 704.3 712.4 726.5 741.9 759.3 764.6 770 767 768.3 770.4 773.2 775.5 771.8 774.1 771.1 769.9 772.3 771.7 772.2 762 741.8 716.1 694.4 685.5 678.4 672.8 669.6 670.9 669.2 665.4 655.8 649.9 640.4 629.5 618.7 599 583.4 565 550.3 535.4 520.7 501.9 488 474.4 462.7 456.3 448.1 437.3 427.5 424.7 417.6 413.4 406.1 401.8 400.7 398.4 389.7 386 381.9 379.8 380.2 376.1 375.6 371.8 370 368.3 363.7 360.2 354.5 352.8 353.3 354.4 353.9
603 619.3 640 663.8 686.1 701.3 715 730.4 747.1 762.7 781.1 787 785.7 769.6 769.6 775.3 770.5 764.2 761 757.8 752.8 754.1 752.5 753.5 753.1 753.1 741.1 719.1 690.3 681.1 674.9 673.7 671.2 671.6 672.8 663.9 661.1 653.2 643.9 633 623.9 606.9 589.2 566.6 547.3 525.6 508.1 496.6 486.2 476 455.4 441.4 434.8 426.7 420.2 417.4 412.6 409.9 402.6 399.1 398.3 390.9 387.6 388 386.4 383.1 379.6 376.8 371.2 370.3 364.3 364.4 366.1 361.9 354.8 352.6 354.4 355.6 356.1
602.8 620.7 640.1 663.6 689.7 710.3 725.7 745.9 758.8 779.2 791.9 797.3 791.8 782.4 768.6 771.6 765.3 759.1 751.1 747.9 739.8 737.6 738 734.9 740.3 737 726.8 714 698.5 681.3 675.9 675.3 673.7 673.8 673.8 671.1 669.4 664.2 649.2 639.2 624.8 609.5 590.1 563.6 541.3 526.8 512.5 494.7 482.3 467.3 453.1 438.2 423.3 419 415.3 412.9 406.7 404.1 400.6 396.1 391.5 386.7 386.6 382.5 380.1 378.3 374.8 372.7 372.5 371.4 364 356.2 354.3 352.1 352.5 354.3 357.2 357.9 365.4
603.6 624.1 644.3 663.6 691 712.9 734.3 753.4 767.5 787.4 799.7 801.5 790.6 777.1 772.4 761.1 755 746.1 741.7 732.7 724.2 721.3 721.2 717.5 720.6 725.2 717.1 710.3 695.5 679.7 676.7 675.5 676 677.6 677.5 679.1 676.9 670.8 660.5 647.3 634.7 615.3 590.6 561.3 547.2 530.9 508.3 494.1 482.4 466.3 449.8 433.3 419.9 409.7 406.6 404 401.5 402.5 391.4 393.2 390.8 384.3 384.4 380.8 375.6 375.5 372.5 370.1 367.8 359.5 353.8 352.8 351.7 354.8 364.7 358.4 359.1 362.3 368.6
609.6 627.2 649.2 668.6 685.2 712.3 736.3 755.3 770.8 789.7 800 800.2 784.3 767.2 762 751.1 743 736.5 728.1 722.6 716.3 712.5 709.4 708.1 703.7 705.5 705.4 700.3 693.2 684.8 680.5 678.2 677.7 678.1 682.6 681.3 679.2 678.6 671 666.2 643.3 616.5 589.1 565.8 551.4 530.5 507.3 500.7 489.5 468.5 446.5 433.2 423.8 416.5 406.5 396.4 396.1 391.3 385 387.4 382.5 380.1 379 376.1 372.7 369.7 370.3 361.8 357.5 353.6 352.3 351.8 351.3 351.5 355.3 357.8 360.4 363.8 367.8
609.8 631.1 654.5 674.2 687.5 709.9 731.7 754.9 770.9 790 795.6 791.2 774.9 758.5 751.3 745.1 735.3 731.7 722.6 715.8 712 705.7 698 695.4 690.5 692.8 690.2 685.9 685.5 682.9 684.7 683.5 680.6 674.7 677.4 678.8 677.7 675.8 676.4 671.9 650.9 621.1 595.3 576.6 557.1 534.6 514.5 501 486.5 476.4 454.8 438.4 428.3 416.9 405.8 396.1 393.1 384.5 381.6 381.4 376.8 376.9 377.1 373.5 372.9 368.8 366.4 358.5 356.2 351.1 350.9 350.9 351.1 350.9 351.5 359.9 363.4 364.9 366.4
608.7 632.4 651.9 673.9 686.6 701 724.3 749.4 767.1 787 786.8 778 771.7 763.6 751.4 742.5 732.2 720.5 717.1 710.4 699.8 694.8 686.9 681.9 677.2 680.7 679.5 675.8 678 678.6 681.1 682.5 676.9 672.1 673 675.7 680.7 680 680.1 673.8 657.6 630.1 610.9 593.7 573.4 546.5 523.8 507.3 498.1 489.1 468.2 444.6 431.7 420.8 411.3 399.3 391.8 385.7 384.1 379.4 376 371.3 374 371.4 368.4 365.3 357.7 353.6 352.1 350.8 350.3 350.8 350.8 350.7 355.9 361.5 365.7 365.6 366.4
605.3 631.7 650.4 672.8 687.3 700.7 719.5 745 764.9 777 781.5 780.7 774.7 770.1 756.4 744.5 728.5 718.9 711.8 704.9 697.3 687.7 681.3 674.4 664.9 667.8 670.6 668.7 666.5 668.9 673.4 676.3 671.1 670.7 670.5 672.6 677.8 680 676.2 669.6 661.2 647.8 628.3 617.6 591.6 569.1 544.1 524.8 507.5 493.8 474.6 450.6 439.4 425.1 412.7 400 392.1 387 385.7 378 374.1 370.2 368.9 369.7 369.4 360.3 363.6 354.1 352.2 351 350 350.7 350.2 350.7 354.3 361.6 364.6 366.5 370.9
