public/OST50/NN48.asc
ncols 200
nrows 200
xllcorner 240000
yllcorner 780000
cellsize 50
[rows 140 to 174 of 200, columns 0 to 77 of 200]
379.2 372.2 365.4 360.3 361.7 361.7 361.6 361.6 360.9 360.3 359.7 360.4 361.6 363 365.9 368.5 371 373.2 378.3 384.4 389.8 398.5 407.3 416.8 424.9 434.6 439 419.9 407.2 387.8 364.5 349 336.7 328 321.3 312.8 307.5 305.3 303.8 297.3 301.1 299.6 299.4 307 303 297.7 289 284.4 280.9 274 269.5 266.9 262.3 254.5 248.4 253.1 252.4 251.9 251.1 252.1 251 249.7 244.6 244.6 246.8 250 251.8 253 254.2 258.8 261.2 261.7 262.1 262.3 262.5 262.6 262 262
377.6 370.3 363 357.5 359.2 360.1 360.2 359.9 359.2 358.5 359.5 361.6 361.9 364.1 366.8 371.4 376.1 379.3 384.2 392 398.2 407.4 416.6 430.8 439.1 446.2 456.7 428.7 399.5 373.1 352.3 340.2 329.8 320.3 313.4 307.8 304.4 301.6 298.1 295.2 293.9 293.3 291.5 299.1 294.1 287.9 278.3 281 272.9 269 261.4 257.6 254.9 248.4 250 252.5 252.3 251.5 250.1 244.6 246.7 250.3 251.3 252.3 252.6 252.7 252.1 253.3 254.5 257.7 261.3 261.8 262.5 262.9 263.1 263.1 263 263
373.5 367.3 360.6 355.5 357.1 358.5 358.9 358.5 357.4 357.5 361.1 361.6 361.9 363.7 369.7 376.4 381.1 385.9 390.7 398.3 406 413.7 422.5 432.4 444.4 454.8 457.5 428.4 384.2 353.4 335.9 326.2 319.8 312.5 307.6 304.9 302.3 297.7 293.5 291 288.8 286.2 284.5 287.6 283.5 276.3 274.8 273.4 262.6 258.2 254.7 248.4 248.4 248.4 248.4 248.4 251.7 244.6 249.1 249.6 249.9 251.5 251.4 251.4 251.9 252.7 252.5 253.7 254.6 254.5 258.2 261.8 262.5 262.9 263.6 263.6 263.6 263.7
369.9 362.6 359.3 354.6 354.8 357.3 357.9 357.4 355.8 356.7 360 361.9 362.1 366.3 373.5 380.5 385.7 392.2 397.1 404.5 412.3 417.6 426 436.1 446.5 452.2 451.2 404.7 367.8 340.5 323.7 315.6 310.8 307.3 303.2 300.8 298.4 292.9 289.8 290.1 283 280 279.1 278.7 273.8 267.9 264.1 259.9 255 248.4 248.4 248.4 248.4 248.4 248.8 248.7 248.4 249.6 250.3 250.5 250.9 251.8 251.8 251.6 252 252.6 252.9 254.1 254.3 253.7 253.7 259.6 262.7 263.5 264.1 264 264.1 264.1
368.5 362.9 358.6 354.8 353.6 355.2 356.8 356.4 354.6 355.6 358.5 361 365.1 369.7 378 384.7 389.7 396.7 402.9 409.5 416.7 421.3 427.5 439.9 442.9 445.4 427.5 376.7 351.2 324.5 314.7 310 304.8 302.9 299.3 296.3 295 288.9 286.3 284.3 278 272 272.8 271.3 264.4 262.1 258.9 251.2 248.4 248.4 248.4 248.4 248.4 250.4 248.4 251.7 251.4 250.2 250.1 250.5 251.1 252 251.9 251.7 252.2 252.7 253.3 254.1 252.3 250.9 251.1 252.6 258.8 264.1 264.6 264.5 264.5 264.5
364.3 361.9 357.9 354 350.7 353.6 356.3 356.2 354.5 355.3 359 363.1 368.1 369.9 379.8 385.6 393.3 402.6 407.5 411.7 419.1 420.7 424.6 432.2 435.3 435 387.4 354.5 330.9 312.2 305.2 302.7 300.2 297.8 294.7 293.4 291.1 285.7 281.8 278.5 273.5 271.4 266.4 264 260.6 257.8 252.4 249.5 248.4 248.4 248.4 248.4 251.4 248.4 251.9 251.7 251.2 250 249.4 250.2 250.5 250.9 251.3 251.6 252.1 252.6 253.1 254.5 253.6 251.2 248.5 251.2 252.6 262 264.8 264.9 265 265.1
363.5 360.8 356.9 352.6 345.8 351.5 354.5 355.6 354.3 355.2 362.1 365.7 368.2 370.6 379.3 385.1 393.1 404.1 408.6 410.3 415.8 415.5 416.7 422.5 426.7 407.7 358.5 337.5 320.6 302.7 296.1 297.1 295.9 293.7 289.4 288.3 284.1 280.2 272.9 270.7 266.1 261.9 257.8 253.6 254.6 253.8 251.9 248.4 248.4 248.4 248.4 250.2 248.4 249.8 250.5 251 250.3 250 250 249.7 250 250.4 250.8 251.4 251.9 252.4 253 255.2 254.9 248.5 248.5 248.5 248.7 262.7 264.1 265.4 265.5 265.6
361.5 359.2 355.7 350.9 345.4 348.7 351.9 352.6 354.4 355.8 362.5 366.1 368.4 370.6 376.2 383.9 390.8 399.2 406.5 406.8 404.9 402.1 406.2 408.9 408.5 371.2 338.8 322.8 310.5 294.3 291 293.8 293.4 289.6 283.6 280.5 275.2 270.8 264.7 262.2 259.3 256.6 255.9 254.9 253.4 252.5 250.6 248.5 248.4 248.4 248.4 248.4 249.5 248.4 249.2 250 249.3 249.1 249.2 248.8 248 248.7 250.2 250.6 251.3 252.1 252.8 252.8 252.4 249.6 248.5 251.9 250.2 253.2 264.1 265.4 266.1 266.1
358.4 356.4 353.6 349.1 344.6 346.6 348.9 351.8 355.1 356.3 360.9 364.6 366.4 366.1 374.1 381.1 386 393 401.4 398.3 393.6 390.4 393.1 391 383.9 347.6 321.2 314.5 299.5 290.8 286.3 290.6 288.1 280.8 274.2 270.4 266.2 261.9 262.5 256.9 253.5 253.5 253.4 252.8 252 250.7 249.2 248.4 248.4 248.4 248.4 248.4 248.4 248.4 248.9 249.6 249 248.7 248 250.6 251.3 251.2 248 248 250 250.5 252.3 251.7 251.9 252.4 248.5 252.6 253.3 252.7 256.6 265.2 266 266.5
355.2 352.9 349.6 346 341.4 344.7 348.6 352.7 355.5 356.1 358.6 360.7 361.5 364.8 369.3 376.9 379.9 385 390.4 384.4 378.8 375.6 378.3 371.6 362.1 331.4 311.9 306.5 292.2 280.7 283.8 282.5 280.8 275.4 267.4 262.2 261.1 256.9 251.7 248.4 248.4 250.5 251.1 250.5 250 248.9 248.4 248.4 248.4 248.4 248.4 248.4 248.4 248.4 248.4 249.1 248.7 250 250.6 251.7 252 252 252.1 252.1 251.8 248.5 248.5 248.5 251.2 252.1 248.5 252.4 253.7 251.3 255.1 256.7 264.8 265.4
350.7 348.2 345 342.5 340.8 343.5 348.2 350.4 353.5 356.1 353.1 354.8 356.1 357.1 360.1 366.1 369.7 373.4 372.2 364.7 362.8 359.3 359.6 354.4 343.8 319 306.4 299 286.3 275.4 276.2 274.5 270.9 265.2 261.7 254.1 248.4 248.4 248.4 248.4 248.4 248.5 249 248.4 248.4 248.4 248.4 248.4 248.4 248.4 248.4 248.4 248.4 248.4 248.4 249.1 248.7 250.4 251.8 252.7 252.9 252.8 253.2 253.9 254.5 255 255.7 255.4 254.8 253.1 251.6 254.4 254.4 251.3 255.6 257.9 258.5 265.6
344.4 344.1 340.4 337.2 342.1 346 347.7 347.6 348.3 348.9 347.9 349 349.8 350 351.1 355.2 359.5 363.8 359.8 353.5 346.8 345.9 341.2 337.1 328.7 308.7 302.1 297.5 283.1 269.5 268.9 267.4 260.4 255.7 248.9 248.4 248.4 248.4 248.4 248.4 248.4 248.4 248.4 248.4 248.4 248.4 248.4 248.4 248.4 248.4 248.4 248.4 248.4 248.4 248 246.6 250.6 251.4 252 253 253.4 253.9 255.2 257.7 258.9 260.5 262.5 261.8 261.9 262.2 258 257 256.1 254.6 253.7 257.6 258.8 265.9
340.6 343.6 338.7 338.7 344.3 346.5 347.7 346.7 345.6 343.7 342.5 342.1 342.4 341.4 343.1 346.9 350 354.3 352.1 345.9 337.7 331.4 325.6 321.1 318.7 301.8 297.7 299.3 279.6 256.2 261.7 258.4 249.7 248.4 248.4 248.4 248.4 248.4 248.4 248.4 248.4 248.4 248.4 248.4 248.4 248.4 248.4 248.4 248.4 248.4 248.4 248.4 248.4 248.4 248.4 248.6 249.8 251 252.1 253 254.2 255.4 258.6 261.6 263.5 265.1 266.2 266.6 267.6 268.7 262.8 258.8 257.3 255.8 251.5 256.9 259.4 265.7
336 337.3 335.3 342.1 345.1 347.1 347.3 346.2 343.7 338.5 336.7 336 334.7 333.1 334.7 336.3 338.4 338.7 337.5 333.6 325.7 317.8 311.8 310.7 310.4 297 289.5 281.8 264.3 258.4 256.3 249.9 248.4 248.4 248.4 248.4 248.4 248.4 248.4 248.4 248.4 248.4 248.4 248.4 248.4 248.4 248.4 248.4 248.4 248.4 248.4 248.4 248.4 248.4 248.4 248.4 249.2 250.3 251.6 254.3 256.8 258.6 261.7 265 268 269.6 270.8 273.7 275.7 272 264.4 260.6 258.7 256.8 254.8 255.4 260 266.8
329.4 332.7 341.8 344.2 345.6 347 347.2 345.4 340.4 334.8 329.4 328.8 327.3 324.9 325.5 325.7 325.3 324.4 322.6 318.7 312.9 306.1 298.8 297.8 297 287.8 282.2 271.9 262.2 248.4 248.4 248.4 248.4 248.4 248.4 248.4 248.4 248.4 248.4 248.4 248.4 248.4 248.4 248.4 248.4 248.4 248.4 248.4 248.4 248.4 248.4 248.4 248.4 248.4 248.4 248.4 248.8 250.1 252.4 255.3 258.1 261.6 264.8 267.8 271.6 275.4 278.5 281.7 283.8 277.4 267.9 262.5 260.6 259.7 257.9 252.5 262.3 268.3
324.7 332.3 339.3 344.7 346 346.4 347.3 342.6 334.9 328.6 322.5 319.9 318.8 316.6 317.1 320.4 321.6 322.2 323.9 320.1 314.7 302.8 291.2 287.5 285.2 280 273.3 262.4 252.2 248.4 248.4 248.4 248.4 248.4 248.4 248.4 248.4 248.4 248.4 248.4 248.4 248.4 248.4 248.4 248.4 248.4 248.4 248.4 248.4 248.4 248.4 248.4 248.4 248.4 248.4 248.4 248.9 250.6 253.8 257 259.8 263.4 268.6 273.5 277.7 282.2 286 288.8 288.2 282.5 273 264.6 263.4 262.8 260.9 252.3 263.2 268.7
322.5 327.9 333.8 336.4 339 341.5 340.2 336.2 330.4 325.3 316.9 312.5 312.3 308.9 310.6 313.3 319 322.8 330 320.3 309.7 300.5 288.3 283.3 275.6 268.5 263.3 263.9 248.4 248.4 248.4 248.4 248.4 248.4 248.4 248.4 248.4 248.4 248.4 248.4 248.4 248.4 248.4 248.4 248.4 248.4 248.4 248.4 248.4 248.4 248.4 248.4 248.4 248.4 250 250.7 251.1 251.1 253.1 258.5 262 265.5 272 279.9 285.8 291.6 295 295.6 292.2 286.8 279 268.8 267.1 266.6 263.9 254.8 264.4 268.8
317.3 322.3 325.2 327.3 330.3 334 331.9 329.4 328 319.1 310.9 306.5 305.9 301.7 303 306 312.8 322.1 326.7 311.7 296.8 295.1 277.9 270.1 261.9 262.2 260.4 259.5 248.4 248.4 248.4 248.4 248.4 248.4 248.4 248.4 248.4 248.4 248.4 248.4 248.4 248.4 248.4 248.4 248.4 248.4 248.4 248.4 248.4 248.4 248.4 248.4 248.4 254.1 257.1 256.8 258.5 258.8 260 263.3 268.6 275.9 283.5 291.5 298 302.2 301.8 300.7 298.4 292.6 287.1 275.5 274.1 271.7 266.1 260.9 263.2 266.5
306.7 314 317.1 321.3 325.2 323.2 322.9 322.9 319.6 309.6 303.2 301.4 301.7 297.2 295.8 296.6 303.6 311.9 306.5 293.1 284.2 276.1 261 260.4 250 248.4 248.4 248.4 248.4 248.4 248.4 248.4 248.4 248.4 248.4 248.4 248.4 248.4 248.4 248.4 248.4 248.4 248.4 248.4 248.4 248.4 248.4 248.4 248.4 248.4 248.4 248.9 253.5 258.8 262 266 268.4 271.9 274.5 277.5 283.1 290.9 295.6 301.1 309 310.8 308.4 307.6 307 305.3 299.8 286.9 280.2 277.5 272.7 266.7 262.8 262.8
301.6 305.6 309.6 315.3 314.1 310.6 312.3 308.9 304.6 300.5 296 294.7 294.4 289.2 286.8 287.5 293.3 294.8 285.7 272.5 260.7 258.4 248.4 248.4 248.4 248.4 248.4 248.4 248.4 248.4 248.4 248.4 248.4 248.4 248.4 248.4 248.4 248.4 248.4 248.4 248.4 248.4 248.4 248.4 248.4 248.4 248.4 248.4 248.4 248.4 251.6 256.7 261.3 265.7 268.3 272.8 279.9 285.2 289.1 292.9 298.4 306 310.2 314.3 315.6 313.4 311.5 313.9 315.6 313.4 304.3 292.8 286.1 282.2 275.1 269.6 264.7 263.9
292.2 298 301.7 305.9 306 300.1 300.8 296.9 292.8 291 287.8 284.3 284 275.1 271.7 271.4 269.8 265 252.3 248.4 248.4 248.4 248.4 248.4 248.4 248.4 248.4 248.4 248.4 248.4 248.4 248.4 248.4 248.4 248.4 248.4 248.4 248.4 248.4 248.4 248.4 248.4 248.4 248.4 248.4 248.4 248.4 248.4 248.4 252.3 259 263.5 267.7 271.7 275.5 282.8 290.8 296 299.1 304.7 310.7 319.1 329.3 331 319.2 316.2 314.1 316 322.3 318.6 307 300.8 293.7 288 279 274.3 265.2 266.2
278.3 283.6 287.6 290.6 293.5 285.5 282.7 281.2 274.8 273.6 270.6 267.6 264.5 258.1 254.2 253 249.2 248.4 248.4 248.4 248.4 248.4 248.4 248.4 248.4 248.4 248.4 248.4 248.4 248.4 248.4 248.4 248.4 248.4 248.4 248.4 248.4 248.4 248.4 248.4 248.4 248.4 248.4 248.4 248.4 248.4 248.9 251.6 256.3 265.2 271.2 269.4 274.1 279.3 286.9 293.9 297.8 302.1 307.1 312.9 318.9 328.3 333.8 336.3 316.7 323.7 317.1 324 328.1 321.7 310.4 304.9 297.8 293.3 286.4 273.7 262.4 264.3
261.4 270.5 270.3 270.4 271.1 266.1 262.2 259 257.4 256.1 255 254 252.7 250.8 248.4 248.4 248.4 248.4 248.4 248.4 248.4 248.4 248.4 248.4 248.4 248.4 248.4 248.4 248.4 248.4 248.4 248.4 248.4 248.4 248.4 248.4 248.4 248.4 248.4 248.4 248.4 248.4 248.4 248.4 250.6 256 258.9 265.2 269.7 275.1 279.6 283.4 285 288.8 295.2 302.6 305.6 311 316.2 321.5 329.2 330.6 328.1 313.3 314.5 319.4 319.3 321.2 319.4 306.2 307.6 298.6 294.3 291.5 276.8 262.6 266.6 271.1
266 269 267.2 266.5 265.3 263.9 262.9 261.1 258.8 257.6 257 257.4 257.5 254.2 250.4 248.4 248.4 248.4 248.4 248.4 248.4 248.4 248.4 248.4 258.3 259 248.4 248.4 249.3 248.4 248.4 248.4 248.4 248.4 248.4 248.4 248.4 248.4 248.4 248.4 248.4 248.4 251.3 257.5 263.9 268.3 270.6 275.9 279.1 284.2 288.2 292.4 295.1 298.4 305.6 311.3 315.4 319 324.5 331.4 335 331.6 328.4 320.8 312.5 309.6 317.1 316.7 303.6 301.8 299.1 292 290.8 283.2 272.7 266.1 271.5 273.2
270.2 267.5 268 267.9 266.4 265.8 266.5 263.7 260.9 260.2 259.7 260.6 261 262.4 254.3 248.4 248.4 248.4 248.4 248.4 248.4 258.5 265.5 271.5 275.4 273 252.5 265.2 277.7 275.8 257.7 248.4 248.4 248.4 248.4 248.4 248.4 248.4 248.4 248.4 252.9 257.8 264.3 267.7 272.1 275 279.2 288.1 290.5 292 295.7 299.5 303.3 308 313.3 316.4 322.3 327.5 332.9 337.4 337.3 337.6 350.9 354.3 329.4 313.9 301.9 309.7 298.6 306.8 307.7 292.9 292.2 279.7 263.4 272.1 273.9 278.6
265.3 264.1 268.6 270.1 269.8 267.8 269.5 267.7 263 260.5 262.5 262.9 262.9 264 255.9 248.4 248.4 248.4 248.4 248.4 261.8 277.3 283.7 284.9 274.8 251.9 258.6 280.7 290.4 277.3 264.8 260.1 256.5 249.2 249.1 248.5 252.9 255 256.6 259 260.9 263.8 268.8 273.9 278.5 280.8 285.8 292.9 297.9 300.6 302.5 306.5 310.4 314 319.9 324.1 328.4 333.7 337.5 339.1 343.2 352.5 356.9 355.4 332.6 319.8 303 289.2 295.7 304.4 297.1 289.4 287 276.2 266.6 271.7 276.9 282
256.6 256.9 259.8 263.9 268 269.5 271.2 270.1 264.9 261.1 259.3 262.1 263.9 264.8 260.9 253.7 248.4 248.4 248.4 254.2 280.6 286.6 281.8 271.2 251.2 253.4 267.4 290.8 288.1 271.5 267.9 267.7 270 265.9 259.7 260.2 262.6 264.5 269.8 276.3 278.8 274.7 278.4 278.9 281.2 285 291.1 297.2 303.2 308.4 309.5 311.7 315.3 319.3 325 330.7 334.7 337.6 341 345.6 349.6 356.3 355.4 352 337.9 326 309 296.9 288.1 289.3 286.7 286.9 283.8 277.5 269.5 272.8 278.8 286.3
251.8 251.3 251.7 253.1 256.3 262 267.7 265 258.3 254.9 255 256.7 263 265.9 264.1 252.3 248.4 248.4 248.4 253.1 272.2 277.6 257.4 248.4 252.8 257 265.4 280.8 280.7 273.5 276.3 282.8 285.8 281.4 274.8 271.6 271.2 273.8 279.7 283.5 285.6 286.3 286 285.3 286.4 292.8 297.8 303.1 308.5 311.5 312.4 315.2 320.3 324.6 329.8 334.4 337.5 341.6 346.9 349.9 352.7 356.9 356.6 352.7 340.2 330.3 315.6 302.8 293 288.1 286.2 284 279.6 277.2 271.6 279.1 284.8 287.5
250.6 250 248.6 248.2 249.2 248.4 249.5 248.4 248.4 248.4 248.4 251.4 253.4 250.2 248.4 248.4 248.4 248.4 248.4 248.4 259.2 257.5 248.4 248.4 261.7 266.7 264.6 266.8 273.2 274.5 284.2 290 291.2 288.6 283.1 283.2 281.9 280.1 284.6 288.6 290.3 291.3 292.2 291.9 295.1 298.8 303.4 308.5 311.6 314.6 316.5 319.4 324.6 329.4 333.6 336.8 340.7 345.4 349.4 351.5 354.2 355.9 357.9 352.9 340.8 329.9 316.5 306.8 296.5 288 281.5 277.5 277.7 270.7 284.7 287.8 288.6 291.4
249.1 248.1 248.2 248.4 248.4 248.4 248.4 248.4 248.4 248.4 248.4 248.4 248.4 248.4 248.4 248.4 248.4 248.4 248.4 248.4 248.4 248.4 248.4 258.9 267.4 261 259.7 266.3 274.9 284 292.9 296 295.8 293.1 291 290.2 289 287.4 289.7 292.6 293.8 295 295.8 298.2 302.8 304 306.8 311.6 315.8 317.6 321.1 324.3 328.7 333 335.9 339 342.9 346.8 349.7 351.1 352.3 353.3 350.3 345.2 337 325.3 318.4 309.2 300.8 289.2 280.9 278.7 277.4 278.9 290 294 296 295.6
248.8 248.4 248.4 248.4 248.4 248.4 248.4 248.4 248.4 248.4 248.4 248.4 248.4 248.4 248.4 248.4 248.4 248.4 248.4 248.4 248.4 248.4 248.4 256.1 262.1 256.8 262.5 274.5 281.6 286.4 296.4 298.5 300.4 299.8 298.2 296.2 294.1 292.6 293.6 295.7 297 298.5 301.1 304.1 307.6 309.6 311.1 314.5 317.9 320.6 324 327.6 331.2 333.9 336.5 339.5 342.6 345.3 346.9 348.3 345.5 342.3 342 336.3 331.4 323.1 315.7 309 305.2 296.7 282 279.1 275.3 279.9 287.9 292.2 296.7 298.4
248.4 248.4 248.4 248.4 248.4 248.4 248.4 248.4 248.4 248.4 248.4 248.4 248.4 248.4 248.4 248.4 248.4 248.4 248.4 248.4 248.4 248.4 248.4 248.4 248.4 252.5 262.3 275.1 287.4 288.3 292.5 300.3 306 303.3 300.3 299.2 297.7 296.7 296.8 298.8 300.4 302.7 305 308.7 311.4 313.8 315.6 316.9 319.7 323.2 326.3 329.2 331.1 333.5 336 337.9 339.7 341 341.2 340.9 339.5 336.7 334 330.3 326.1 320 313.5 309.4 305.9 300.3 283.1 275.7 279.3 281.1 281.1 285.2 293.5 299.3
248.4 248.4 248.4 248.4 248.4 248.4 248.4 248.4 248.4 248.4 248.4 248.4 248.4 248.4 248.4 248.4 248.4 248.4 248.4 248.4 248.4 248.4 248.4 248.4 248.4 248.4 256.2 266.3 279.1 285.5 287.4 294.8 298.2 299.2 297.7 296.8 297.2 298.9 300 302.1 304.4 306.8 308.9 311.1 313.9 316.8 318.4 319.1 320.7 323.7 326.2 328.4 330.2 331.5 332.9 334.1 335.5 335.9 334 332.1 330.5 330.7 330.9 327.7 320.7 316.8 312.5 308.9 307.4 297.3 280.1 279.4 285.1 284 284 283.9 286.4 298
248.4 248.4 248.4 248.4 248.4 248.4 248.4 248.4 251 260.6 249.8 248.4 248.4 248.4 248.4 248.4 248.4 248.4 248.4 248.4 248.4 248.4 248.4 248.4 248.9 248.4 253.7 261.1 266.4 272 277.9 283.6 287.9 289.5 290.5 292.5 296 298.9 301.6 303.6 306.9 309.7 311.8 313.1 315.9 318.9 319.8 320.5 321.5 322.5 324.4 325.7 326.9 327.4 328 329.4 329.2 328.8 327.1 325 322 324.6 321.2 318.6 315 312.3 309.3 306.8 304.9 293.3 279.2 280 285.9 289.6 290.8 291.2 291.8 293.7
248.4 248.4 248.4 248.4 248.4 248.4 248.4 249.2 259.1 267 270.4 263.7 248.4 248.4 248.4 250.8 259.7 256.3 253.3 248.6 248.4 248.4 248.4 252 254.1 258.1 261.7 261.8 263.5 264.7 269.8 271.1 275.2 278.9 283.7 290 296.4 300.2 303.7 307 309.2 311.8 314.2 315 317.1 318 319.8 320.8 320.5 319.9 320 320.9 321.6 321.7 321.6 321.6 321.4 321.2 320.6 318.9 316.6 318.1 315.3 314.9 312.9 309.2 306 303.3 299 288.9 279.8 279.5 287.2 291.7 294.4 298 299.5 298.9
