public/OST50/NN48.asc
ncols 200
nrows 200
xllcorner 240000
yllcorner 780000
cellsize 50
[rows 0 to 34 of 200, columns 78 to 155 of 200]
859.9 886.1 905 919.8 932.5 943.1 951.6 957.7 962.9 966.7 963.4 947.1 937.3 938.8 946.7 955 963 970.8 975.2 973.7 968.2 956 941.3 921.1 899.6 877.5 865.5 855.9 847.4 849 850.5 844.5 837.3 829.8 823.8 815.6 809.5 805.8 807.4 806.3 815.9 825.3 832.1 840.8 847.4 849.2 851 849.4 842 853.5 861.2 867.2 873.1 880.2 889.8 899.7 910 922.5 932.1 937.9 941.4 941.6 938.2 931.8 921.6 910.1 897.2 883.8 869.5 855.7 840.8 831.4 825 820.9 813.7 805.6 796.4 787.1
874.6 901.7 920.3 933.4 945.2 952.8 960.2 967.5 972.1 972.8 972.9 968.1 965.2 970.3 969.2 972.6 979.5 988 989.4 986.8 972.4 953.4 931.7 910.5 889.2 871.2 850.8 845.5 842.8 842 831.2 821.3 815.1 809.5 802.1 792.5 787.9 782.9 781.2 789.2 798.5 802.5 808.4 817.1 824.7 821.1 815.8 816.1 816.7 831.9 839 844.9 853.2 862 870.8 881.7 892.8 904.4 916.4 923.2 925.7 924.7 920.8 915.5 906.1 895.9 883.6 867.7 853.5 837 822.8 814.1 809.3 804.4 794.5 783.8 776.5 768.8
896.3 919.5 937.4 949.8 957.4 964.4 970.6 975.5 961.7 946 939.3 942.4 942.7 945.6 950.2 956.7 959.7 965.7 970.9 973.4 967 947.4 923.4 902.1 883.5 866.1 850 840.7 830.8 820.9 809.8 800 792.6 784.6 777.1 767.4 760.2 755.8 759.3 762.9 769.4 774.5 778.8 785.8 793.9 791.2 779.4 783 792.1 806 812.6 819.9 827.8 838.9 849.6 861.9 875.1 888.4 900.5 906.3 908.2 908.2 904.6 899.2 889.7 880.5 869.9 856.6 843.7 827.5 814.3 802.3 795.5 789.1 775 763.6 757.7 751.7
920.5 941.2 955.7 964.8 970.5 973.5 976 957.2 932.2 911 902.3 900.6 903 904.7 912.3 922.8 932 939 931.4 940.2 947.5 936.5 916.7 896.5 880.3 861.4 842.8 827.6 810.9 795.3 785.7 776.4 765.9 757.9 749.3 738.8 732.3 727.5 728.8 730.5 735.5 740.7 743.6 747.7 754.8 759.5 746.2 748 762.5 775.3 783.9 792.4 802.9 814.6 828.1 842.5 858.6 873.2 885 892.1 894.7 894 891.3 885.3 877.4 868.3 855.9 844 830.1 816.7 803.7 792.8 782.5 771.6 758.4 749.3 742.8 737.2
946.1 960.8 970.4 976.9 980.2 966.4 942.1 915.5 894.2 878.6 867.4 861.5 861.6 865.5 874 885.5 900.4 917 898.3 902.5 914.9 917.7 908.8 888.2 870.7 849.9 827.3 807.1 788.8 771.4 758.5 748.7 739 729.3 719.3 710.2 702.1 698.4 698.4 698.5 701.6 703.8 706 710.1 715.5 717.7 712.9 715.1 730.5 740.9 751.8 763 774.8 787.2 804.5 822.6 839.1 855.3 867.3 873.5 877.1 878.3 876.8 871.7 864.8 856 842.4 828.1 816 802.6 789.3 778.5 767.2 756.6 745.1 736.2 730.7 727.2
968.9 977.6 983.7 987.2 980.6 946.9 908.6 884.9 869.7 852 836.6 827.2 824.3 829.1 837 848.4 864.6 878.4 875.3 872.8 880.9 883.3 884.7 867 842.9 823.7 800.7 778 760.1 745.1 729.8 719.1 709.3 698 687.6 679.8 673.1 669.6 669 668.2 668.2 669.6 671 674.1 678.7 679.9 677.7 683.9 696.4 707.4 718.5 730.8 742.6 760.5 779.1 798.3 815.9 830.6 842.6 852 856.6 859.4 859.2 854.9 848 837.9 825.1 812.4 799.5 785.4 773.5 762.7 753.1 744 733.2 725.3 720.2 712.7
984.1 990.1 994 991.4 961 919.9 887.7 864.5 846.4 828.1 808.5 797 791.4 796.8 802.7 814 827 847.4 859.7 856.9 854.2 851.3 845.1 832.7 807.5 788.1 766 743.7 728.4 714.5 701.5 690.8 680 669.9 660.3 652.7 646.8 640.7 640.5 638.5 638.3 638.6 638.5 640.4 642.6 644.4 647 654.2 665.5 675.4 685.7 697.4 712.8 731 748.2 768.3 785.9 803.2 815.8 827.2 833.6 837 838.8 834.1 828.7 822.6 810.3 795.1 780.5 768.8 759 749.6 741.6 732.3 724.9 719.5 708.3 695.6
997.5 1002.4 1004.5 993.6 952.8 906.5 868.6 842.1 820.4 804.8 787.2 774.7 768.3 769.3 774.5 783.8 795.9 816.3 831.6 826.3 822.6 819.2 807.1 793.3 769 749.9 730.5 713.4 700 686.9 674.6 664.9 652.5 642.9 633.6 626.3 620.2 615.2 612.9 610.9 610.3 610.8 611.8 612.6 613.5 615.6 621.3 628.2 636.7 645.8 655.1 667.2 685 699.9 717.9 736.4 753.9 770.7 786 798.4 807.5 815 817.1 815.5 812.1 806.2 793 777.5 766 756.8 746.4 736.8 728.9 723.5 715.1 707.6 695.6 682.2
1010.4 1012.4 1011.1 1004.5 940.8 898 863.6 839.3 813 795.6 772.7 752.7 745.8 745.9 751.6 759.3 767.7 784.6 802.9 802.3 796.8 784.7 771.1 753.3 733.6 719.5 701.2 685.5 672.5 660.7 648.1 638.9 627.1 618.2 609.3 602.4 596.4 590.7 586.4 584.7 584.4 584.8 585.6 586.3 587.6 590.7 597 604 611.8 619.6 626.2 638.5 657 669 686.6 704.7 720.9 739.9 756.7 772.3 783.7 792.4 798 797.4 794.7 788.6 776.1 763.2 753.9 743.2 732.9 724.5 719 711.5 702.5 693.2 681.6 669.6
1020.3 1018.9 986.1 954.1 922.2 882.8 849.6 828.5 809.1 786.1 758.9 740.9 730.5 726.9 733.6 742.1 750.1 756.9 767.1 775.1 768.6 752.1 739.1 722.7 705 689.3 674.5 658.9 648.4 638.1 625.4 614 604.2 595.2 586.3 579.3 573 566.9 563 560.1 558.8 559.7 559.2 559.9 561.4 565.1 570.4 576.7 584.1 590.6 597.1 608.9 620.8 633.3 649.5 666.8 686.5 705.7 723.5 741.4 755.7 767.4 777.6 780 779 774.9 765.4 755 744.8 732.1 721.9 715 705.4 696.5 687.9 680.1 670.4 660.2
1026.6 996.9 959.5 926.9 892.6 862.2 839 819.8 797.3 777.9 751.5 734.9 721.5 712.8 716.4 724.3 731.7 735.3 736.5 739.2 733.4 721.8 709.3 695.7 680.4 664 649.1 635.3 624.3 613.9 603.9 592.3 583.5 574.2 565 558.2 550.8 544.6 542.1 539.9 537 536.6 534.8 533.9 537.5 540.9 545.2 550.3 554.7 561 568.8 577.7 589.5 601.8 616.6 632.2 649.7 671.1 690.7 707.6 723.9 738.8 752.8 757.9 759.5 760.6 755.2 747.9 739.5 726.6 716.2 705.9 694.2 683.4 677.3 669.4 659.8 646.9
1033.5 1012.1 961.2 925.2 892.2 866.5 848.9 828.7 810.6 790.4 761.8 741.9 716.4 695.5 698.6 704.9 710.1 710.3 709.5 707.3 702.3 694.4 685.6 674.3 657.7 641 625.8 612.9 602.8 594.1 583.6 573.7 564.8 555.2 547.3 538.1 530.3 525.4 523.4 522.4 520.4 515.4 516.5 517.3 519.6 522.2 524.4 526 528.3 533.4 540 548.1 559.5 572.1 586.5 601.3 616.7 633.6 652.9 672.3 690 706 723.3 731.9 736.7 742 741.9 737.9 729.6 718.6 707.1 696.6 683.6 672.9 665.8 658.7 647 631.5
1036.8 1003.5 959 931.7 907.1 879.9 852.6 818 799 785.9 765.1 741.4 703.8 684.4 679.7 684.1 687.2 687.9 685.9 682.6 678.2 672.2 663.8 651.9 637.3 622.5 607.9 594.5 584.1 575.1 566.3 556.8 549.2 541.5 532.3 521.3 513 511.2 507.9 505.1 504.3 502.3 507.6 505.9 502.3 503.8 505.7 508 507.2 510.1 516 522.7 532.8 544.2 558.1 571.7 585.5 601.5 619.4 638.6 657.1 672.5 692.1 704.6 712.9 722.4 726.4 720.7 717.3 708.4 696.2 684.5 671.8 662 656 650.9 634 617.9
1039.8 1016.1 979.8 945.9 916.3 888 865.8 824.5 797.6 778.4 751.2 722.5 688.5 671.2 659.6 664.7 667.2 667 664.1 660.5 655.6 649.8 641.7 630.1 616.6 605.6 591.9 577.4 566.2 559 552.5 544.3 532 526.9 521.2 509.3 500.9 496.6 494.8 491.7 493 494.2 490.2 486.9 485.6 485.6 490 494.1 495.9 495.6 500.2 505.8 512.7 520.9 532 544 558.4 574.5 590.6 608.8 623 638.6 658.5 674.2 687.3 699.5 705.5 706 704.6 694.4 683.6 673.5 658.7 650.1 641.7 636.1 621.2 604.9
1026.1 1014 996.5 962.1 932.7 902.4 877.1 839 808.6 775 740.4 707.1 679.2 661.2 648.9 645.7 648.4 647.4 644.7 639.1 632.5 627 620.1 609.3 599 588.9 578.9 566.7 554.3 545.9 541.8 533.4 515.7 510.7 506.7 501.8 498.1 486.4 484.1 485.7 481.7 482.4 479.8 478.1 479.6 478.6 479.9 483.8 487.3 484.8 490.6 494.4 495.6 500.8 510 521.3 536.3 547.5 563 578.7 594.2 610.9 629.7 647.5 663.1 677.2 686.1 691 689.4 685.6 681.9 673.8 654.6 641.2 632.8 624.4 610.8 595.2
999.7 987.5 971.9 952.1 933.7 915.5 891.5 859.3 812.6 769.7 739.8 706 673.6 657 645.1 630.4 630.3 629.2 626.7 620.4 613 606.1 599.4 592.7 585.1 575.7 563.8 553 546.4 540.4 528.9 519.3 507.9 497.5 494.9 495.8 484.5 482 478.8 476.1 474.8 479 472.8 475.9 478.4 475.5 473.1 477.7 478.3 477.7 480.9 484 485 487.3 491 500.5 513.4 523.4 536.7 553.3 567.2 585.3 604.7 621.3 638.8 654.2 666.5 676.7 687.7 685.2 681 671.2 651.4 633.7 623 611 597.8 584.8
972.5 959.2 943.5 921.8 904.3 890.8 868.3 834.2 793.2 756.2 730.4 699.6 671.7 655 642.7 629.5 613 612.8 608.2 600.9 593.3 586.5 580.7 575.5 570.3 561.6 549.8 537.9 529 529.7 527.5 513.1 503.2 491.4 486.9 482.9 479.2 475.5 474.3 471.7 468.2 466.2 472.1 473.8 479.4 468.7 469.3 472.2 470.3 472.6 474.8 476.9 476.2 475.4 478.4 486.8 494 501.1 513.8 527.8 543 560.5 578 596.4 617.1 632.8 649.9 666.2 677.6 680.8 677.3 660.5 642.1 628.2 618.2 605.2 591.3 579.7
945.5 932.7 916.4 895.9 878.5 860.1 834.2 800.6 769.9 739 713.3 689.7 669.2 654.7 640.4 628.2 613.3 592.4 591.1 582.1 573.6 568.7 563.1 559.4 555.2 550.2 545.5 530.3 525.9 512.3 511.2 506.9 500.7 491.6 485.5 489 482.6 483.5 484.7 472.4 471.6 467.7 464.3 471.2 473.2 465.3 475.3 466.1 465.8 468.9 467.3 468 467.2 467.6 473.9 479.7 484.6 486 495.3 506.7 520.5 539.4 560.8 578.5 597.9 618.2 638 659.2 674.1 682.1 678.1 670.3 648.2 629.1 622.1 609.6 600.4 592.9
918.7 905.5 889 871.4 851.5 827.1 802 775.4 749.3 721.7 698.3 677.4 659.4 644 629.8 614.8 600.4 588.4 570.6 564.1 559.7 553.8 550.3 545 543.7 537.4 535.2 527 511.7 511.3 507.1 502.9 493.9 496.8 494.7 491.4 490.8 484.8 480 475.9 476.4 468 464.2 459.6 473.6 459.9 466.2 458.9 463.3 468.4 465.4 465.6 463.8 463.1 464.3 469.7 475.3 476.9 485.6 495.7 505.3 519.2 539.3 562.2 582.2 602.9 623.5 640.6 660.1 676.8 678.3 668 655.1 625.5 611.9 610 607.2 596.5
889.7 875.4 859.2 842.3 822.5 800.1 777 752.2 727 703.5 681 661.3 642.9 628 612.3 594.7 582.7 572.6 560.6 555 548.6 542 540.3 534.5 529.6 530 519.7 526.7 531.9 525 519.7 512.6 509.5 507 506.4 504.1 500.9 497 491.5 486.5 481.7 470.9 474.7 462.6 455.8 456.8 453.2 451.7 450.6 456.5 458 457.9 460.5 462.1 458.4 463.3 466.7 470.7 478.2 486.7 493.4 505.1 520.6 542 565.8 585.7 605.3 620.9 640.1 657.2 661.3 656.5 647.4 620.9 606.2 603 601.3 583.3
858.8 844.2 828.5 812 793.3 773.8 752.4 728.7 705 684.4 663.2 645 627.9 612.7 597.2 580.8 568.9 557.1 550 546.3 539.8 537.8 536.7 532.6 534.7 532.2 535.6 536 534.4 530.8 528.1 524.5 522.1 524.8 522.6 511.9 509.5 504.7 500.2 495.2 488.3 488.5 483.5 471.2 459 459.1 461.7 456.5 446 448.9 448.6 448.6 456.9 457.4 454.4 455.3 460.9 465.8 472.5 479.6 485 494.6 506.6 522.5 541.9 561.1 581.5 601.8 618.1 629.3 632.8 631.2 625.8 610.9 600.5 592 577.8 566.5
827.5 813.5 798.5 782.8 765.2 747.1 727.4 706.9 684.1 664.1 645.1 626.9 611.6 595.6 582.4 570.9 560.9 555.2 547 544.7 542.8 540.9 542 541.1 541.9 541.8 543.2 545.3 544.8 542.3 539.4 537.9 536.5 537.5 534.5 525.7 523.2 516.8 511.7 506.2 500.1 493.7 482.5 474.5 467.9 463.6 469.1 458.8 445.1 438.7 440.5 442 444.6 451.4 440.6 448.1 453.6 459.1 466.1 472.2 479.9 486.7 495 505.8 520.7 538.7 559 579.9 595.9 607.6 610.7 612.4 612.1 612.3 607 593.6 584.2 575.9
800.1 785.2 770.4 755 739.3 722.7 703.3 685.2 664.9 647.3 629.3 611.1 597.4 583.4 573.4 562.7 556.8 554 547.4 548.2 546.3 547.5 549.4 549.8 550.3 551.5 553.8 555.5 555.4 553.9 553.7 551.9 550.5 552.5 551.1 542.3 538.3 532.8 528.3 524.3 517.6 507.8 499.8 491.5 484.1 472.1 464.4 459.7 448.3 440.1 432.1 432.4 436.3 444.1 434.9 446.4 451.1 449.9 458.9 465.6 471.9 480.6 488.4 497.3 508.1 523.1 543.6 563.7 581.1 601 605 609.5 612.9 619.8 621.6 614.4 602.2 583.7
772.3 759 746.2 730.7 715.2 698.3 681.8 665.3 647.5 629.5 613.6 599.5 591 577.8 568.8 561.2 555.6 549.6 555.1 554.1 554.1 558.1 560.3 560.8 561.9 563.4 565.5 569.6 571.3 570.2 570 569.1 569 570.7 567.7 562.8 558.3 553 547.8 544.6 538.6 530.4 522.6 511.3 499.9 488.6 478.8 469.4 456 457.2 448.4 434 428.1 428.4 432.4 436.5 442.1 443.5 451.3 456.7 460.7 469.4 478.9 488 496.8 510.3 527.3 547.3 566.5 583.9 594.5 596.9 601.2 608 616.2 612 608.3 582.2
747 735.8 724.2 709.5 694 677.7 661.4 646.6 631.8 613.9 601 590.3 581.5 573 565.3 558.4 556.5 559.3 561.4 563.2 565.8 569.1 572.1 575.3 577.4 579.6 583.9 589.2 590.4 588.4 587.6 587.5 589 587.9 584.4 580.9 577.5 573.8 568.8 565.2 559 550.8 542.5 532 521.1 507.5 492.3 478.8 469.3 465.1 461.1 442 437.2 427.4 420.8 438.6 439.6 436.3 442 447.2 451.1 457 467.7 477.2 486.4 498.9 515.6 532.7 549.2 564.1 576.7 580.6 583.4 589.6 597.1 600.2 584.9 568
727.8 714.7 702.7 688.5 674.1 657.6 642.5 629 615.8 600.4 586.2 577.7 572.1 565.8 562.7 558.5 564.8 567.7 571.9 576.2 579.6 585.1 589.9 593.5 595.9 597.6 602.5 608.5 608.2 606.5 602.5 608.5 609.2 607.7 604.6 602.5 598.8 595 590 585.5 578.6 570.9 561.7 551.1 538.4 524.8 508.9 492.5 478.8 468.7 459.2 456.2 458.9 446.9 427.1 419.3 428.4 429.6 428 433.2 440 445.8 458.1 466 474.8 486.4 501.7 518.8 533.9 546.9 556.5 558.4 558.5 563.1 566.6 567.2 567.5 555.9
705.8 693.7 681.7 669 654.6 640.3 627 614.1 601.9 588.5 578.3 573 570.1 565.4 561 568.5 575.1 579.4 584.4 590 596.4 603.1 608.5 611.5 612.9 615.9 620.6 626.2 627.2 626 625.4 632 632.2 629.5 626.8 624.5 620.8 616.6 611.5 606.5 598.8 591 581 569.2 557.4 542.7 526 509.1 491 477.1 464.4 458 455.2 448.6 436.9 423.4 414.5 410 414.3 417 429.1 435 447.7 455.9 463.5 473.4 486.7 501.6 516.7 529.1 538 539.7 543 546.1 550.1 553.7 550.8 537.5
684.8 675.3 663.6 651.7 638.7 626.1 613.6 601.2 589.8 580.6 574.2 569.4 568.9 568.3 573.6 580.4 587.2 593.3 598.7 605.8 613.9 621.1 626.4 630.4 631.7 634.9 640.4 645.3 647.6 647.7 650.5 651.9 652.9 651.3 648.6 645.6 642.2 637.6 633.3 628.4 620.4 612.1 602.5 591.4 579.7 564.9 547 526.8 505.2 486.9 473 461.6 456.2 451.8 448.2 441.7 438.1 425.7 406.7 407 419.6 423.6 438 446 452.2 461.8 473.1 485.2 499.8 513.9 518.7 520.5 526 529.2 530.1 529.4 530.9 530.9
669.4 659.6 648.6 636.5 627.7 615.2 603.1 592.5 583.6 576.7 574.4 573.2 574.8 578.9 584.4 590.5 597.7 606.9 615 622.4 630 638 644.2 648.4 653.1 656.1 660.6 667.6 674.2 672.9 672.2 669.7 671.6 672.2 670.1 667 664.4 659.1 653.7 648.1 640.9 632 622.1 610.5 596.3 580.2 563.2 544.4 516.7 493.4 479.2 464.9 456.7 453.3 447.6 441.5 437.8 429.3 408.8 400 405 414 429 436 440.8 450.1 459.8 470.9 483.6 495.8 501.3 504.7 507.5 511.5 513.1 512.6 514.7 510.6
654.6 645.3 635.8 628 618.5 606.7 595.9 586.5 584.3 583.3 581.6 583.9 589.2 592 597.3 605 615.1 624.7 632.9 640.4 647.7 655.2 661.9 667.8 673.5 679 684.4 693.9 699.3 696.7 693.5 693.6 694.9 694.9 693.9 690.5 687.4 681.2 674.9 668.2 660 651.3 641 626 608.9 590.6 572.3 549.5 522.8 502.2 483 468.4 456.5 450.8 445.5 439.1 435.9 430.3 422.3 406.1 394.8 402.3 416.8 426.4 429.9 437 446.1 457.2 468.2 478.7 485.1 491.9 494.7 496.1 496.3 492.5 494.7 495
641.7 635.6 629.1 620.3 611.5 602.3 591.3 594.3 595.5 595.4 598.6 604.4 608.3 608.9 616.1 625.8 634.9 642.5 650.7 658.3 666.1 674.1 682.7 690.6 697 703.7 711 718.9 723.4 718.8 713.9 716.5 719.3 720 718.1 712 705.8 698.3 692.4 686 678.4 669 655.8 637.4 614.4 591.9 568.9 544.7 525 507.5 488.6 472.4 458.9 450 443.9 437.7 432.9 428.5 423 412.9 392.4 390.5 402.8 410.5 419.3 425.5 432.6 442.6 451.9 461 470.3 477.2 480.9 477.2 477 471.8 470 467.8
631.7 628.1 621.8 613.8 606.6 601.5 604.6 606.3 608.6 614.8 619.6 623.7 625.8 629.4 639.5 648 655.6 662.1 668.2 675.6 684.8 696.3 707 715.4 721.6 731 738.3 744.8 744.7 741.6 739.8 744 743.4 741.3 736.9 730.7 725.9 715.1 709.3 703.1 695.7 684.4 669.4 645 616.5 588.7 563.8 544.1 526.5 509.6 492.5 476.2 462.1 451.1 441.6 435.3 428.7 423.4 418 410.5 398.8 385.7 390.6 396.6 407.4 416.1 420.5 429.6 439 445.5 454.1 460.9 462.7 459.8 456 450.3 446 442.3
624.4 621.4 614.7 612.5 612.5 614.7 616.4 621 626.8 632.9 637.7 640.4 647 655.6 661.9 668.4 675.4 680 685.7 694.8 708.5 722.1 733.7 739.7 745 753.6 759.3 763 759.9 756.7 760.1 761.8 761.5 757 752.8 748.9 741.6 734.4 728.7 720.3 712.1 700.7 679.3 646.5 615.3 584.9 564.2 545.4 527.7 510.9 494.3 479.3 464.2 452.6 440.6 431.8 423.1 416.7 410.8 404 396.7 383.6 379.6 386.8 398.4 405.8 411.4 417.8 426.3 433.1 440.4 445.8 443.7 439 435.8 431.8 427.2 422.8
620.3 620.9 613.5 620.7 623.3 626.5 632.1 638.7 643 649.1 653.8 661.3 669.8 676.3 681.9 687.7 693 698.5 707.7 719.8 733.8 745.4 754.4 762.2 770.5 777.9 780.8 778.9 775.1 772.5 769.2 766.3 775 770.9 768.4 766.2 758.7 756 751.8 743.8 732.2 715.9 683.5 646.6 617 588.2 564 544.9 527.9 511.2 494.2 479.5 464.6 451.4 439 426.2 417.2 410.5 405.5 401.9 396 385.3 372.1 380.4 390.2 396.8 403.4 408.9 414.1 419.9 427.5 429.9 425.3 422.9 420.9 416.2 409.7 405.5
616 618 623.5 629.4 636.1 642 647.4 651.8 658.2 665.2 672.7 680.7 689 695.3 701.5 707.2 716.3 725.2 735.6 746.5 759.2 769.9 779.3 789.6 798.8 805.4 808.3 804.4 798.9 794 785.3 778.4 789.1 790.5 789.3 783.6 782.2 781.9 781 773.9 757 723 684.3 647.2 620 594.1 568.4 545.4 528.5 510.5 492.9 478.3 464.3 450.5 437 423.1 413.6 408.3 403.5 399.7 394.9 382.7 367.8 373.3 380.7 387.9 393.1 398.5 403.1 410 413.7 414.3 410.8 411.4 408.5 402.7 395.5 387.5
