public/OST50/NN49.asc
ncols 200
nrows 200
xllcorner 240000
yllcorner 790000
cellsize 50
[rows 0 to 34 of 200, columns 0 to 77 of 200]
586.6 594.3 595.7 589.2 582 574.9 570.3 568.9 566.3 562.4 560.5 558.1 554.4 551.5 547.5 546 545.7 545.9 547.1 548.3 550.1 551.9 554.5 555.5 554.2 552.1 542.9 547.8 554.1 561.5 570.7 579.6 589.6 603.3 619.7 638.8 646.9 655.6 668 677.8 688 699.3 708 718.1 728.3 739.8 751.6 763.4 776.3 790.7 803.6 818.9 830.8 840.8 849.8 851.1 847.6 847.2 833.4 823.8 811.1 799.2 793.5 791.1 789.5 784.7 781.9 782.8 789.6 797.5 806.8 813.4 815.9 812.5 805.9 801.4 796.1 788.4
583.8 590.1 595 589.1 583.4 576.1 572.9 573.4 572.1 563.2 566.5 563.5 561 558.2 555 553.9 552.1 552.9 554.8 556.1 557.1 559.6 561 560.9 559.5 556 545.2 553.1 557.3 564.2 572.4 581.5 591.3 604.5 620.2 631.4 642.4 653.7 665.4 676.7 686.6 697.1 707.4 718.4 729.6 741.5 753.1 764.3 778 791.6 807.2 826 838.2 848.8 856 856.7 853.5 847.3 834.4 827.3 816 806.8 802.1 797.6 793.5 787.2 786.6 792.9 800.8 811.1 822.5 830.1 829.2 820.6 815.8 811.3 802.3 790.4
580.9 587.5 592.4 591.7 585.5 576.9 576.2 576.2 573.4 571.7 571.1 569.9 566.9 564.4 563 561.6 561.1 561.3 562.3 564.4 564.9 567.6 567.3 566.9 563.7 560.7 549.9 556.8 558.5 569.8 575.5 583.3 593.6 603.6 616.4 627.8 638.9 651.3 662.9 673.1 683.2 694.9 706.3 718.8 730 742.2 755.3 767.4 778.7 791.6 812 828 842.4 856.4 863.7 866.7 867.3 852.6 835.8 829.4 818.8 814.3 808.2 801.5 798.8 795.5 799.3 805.5 817.4 829.2 838.5 840.6 835.6 828.3 821.2 813.4 803.9 793.6
578.7 587.3 592.8 586.8 582.2 581 580.4 580.7 577.7 576.2 576.2 575.4 573.9 571.2 569.9 569.3 568.6 568 570.1 572.7 571.9 574.6 574.2 572.2 569.1 566.6 560.7 554.1 565.7 570.6 577 585.9 594.4 603.4 613.1 623.9 635.4 647.4 658.6 670.2 679.7 691.9 704.4 716.1 728.6 742.3 756.9 768.5 778.9 795.4 812.7 828.2 846.5 860.4 869.5 876.2 877 860.6 842.6 835.5 827.9 827.1 821.3 813.9 808.3 807.5 812.6 823.3 836.2 844.4 850.1 850 839.1 829.4 820.3 811.1 802 796.5
576.7 586.2 587.8 583.4 582.2 583.6 585.9 583.9 581.2 581.3 580.5 581.9 581.4 578.8 578.6 578.7 578.5 578.2 581 582.3 579.3 581.4 579.8 577.3 573.5 570.4 561.5 567.3 567.5 573.6 578.5 587.4 595.5 603.6 614 623.2 632.8 643.8 654.1 666.3 676.1 688.2 701.3 712.8 727 742.7 757.3 770.5 783.6 797.4 815.6 831.8 849.2 864.3 873.8 883 886.3 868.1 849.9 845.4 844.7 840 834.1 828.7 827.3 828.9 831.4 840.4 847.1 853.9 854.2 847.2 839.4 830.4 820 806.8 803.4 799.1
572.8 585.6 581.9 583.3 584.8 588.8 588.2 586.2 586.6 589.1 588.9 590.3 590.6 590.5 590.1 592 592.9 591.2 590.1 590.3 589.7 588.3 586.6 582.1 578.9 575.7 572.9 573.3 569.2 575.9 581.3 589.8 596.8 605.8 613.2 622.7 633.4 641.6 652.2 661.5 672.8 685.8 697.2 709.7 726 741.5 756.1 771.2 785.9 800 819.3 833.8 851 866.3 876.4 886.8 888.3 868.9 861 860.7 861.3 859.5 853.6 847.9 849.8 853.4 853 853.8 856.6 859.6 855.5 847.8 838.8 830.6 824 815.7 805.5 796.7
563.5 572.6 579.6 585.1 586.3 589.9 588.9 590 592.7 595.8 598 600.1 601.8 602.6 604 605.8 607.4 606 603.6 601.7 599.6 596.4 593 587.6 584 579.8 579.1 579 579 580.5 584.4 592.2 598.8 607 615.6 625.3 634.1 642.5 652.3 661.6 671.6 683.2 694.3 709.6 726.3 740.1 754.1 771.7 786.1 801.7 819.8 835.7 852.3 865.3 878.7 886.9 885.7 874.4 875.3 876.2 871.8 871.8 864.6 861.9 866.3 862 861.8 862.1 863.6 858.4 855.5 848 845.2 841.5 835.6 823.6 814.9 802.7
556.4 566.1 574.4 580.7 586.5 587.4 591.6 595.3 598.9 602.5 608.1 610.3 613.2 617.9 618.6 621 622.8 620.2 618 615.7 609.6 604.6 598.3 593.6 589.2 585.5 584.3 584.6 586.7 587.1 586.4 595.2 601.4 608.8 618.5 627.8 636.6 643.7 653.8 664 673.2 682.1 693.4 709.3 726.8 741.8 756.9 773.1 789.8 803.9 819.8 837.2 852.9 865.9 877.2 883.3 880.3 882.3 883.1 884.6 878.3 869.5 871.5 873.2 869.8 862.7 863.6 861.5 861.4 859.2 858.8 854.1 856.1 851.1 843.4 828.9 813.7 803.7
547.2 558.5 571.3 578.8 584.9 587.7 593.8 599 603.8 611.1 618.5 621.4 626.1 632.9 632.5 634.3 636.6 634.9 631 627.8 618.6 610.9 604.1 599.3 595.2 591.1 590.1 591.4 591.9 593.8 595.9 593.4 605.4 613.2 622.3 629.1 637 645.8 655.2 665.3 675.5 682.7 693.3 709.4 727.2 741.5 758.8 775.4 793.4 808.5 823.6 840.5 852.8 866.1 874.6 878.7 881.4 885.8 885.3 890.7 876.6 867.2 870.3 875.6 865.7 858.8 857.3 859.9 862.9 861.3 856.4 862.7 863.7 858.1 846.3 828 811.6 802.1
539.5 554.6 566.6 573.6 580.4 587.6 594.1 600.7 609.8 619.8 631.4 632 639.1 643.8 643.9 648.3 652.5 648.3 645.4 639.1 627.5 619.3 610.3 605.1 600.7 598 596.4 596.9 597.9 599.8 601.7 598.2 607.6 615.8 622.3 630.3 638.2 647.7 656 666.5 674 683.9 696.3 710.1 728.4 745 763.5 780 797.6 811.9 827.8 841 854.9 866.3 873.5 878.4 880.2 881.2 880.8 880.6 869.8 862.2 862 861.4 854.6 850.8 851.3 857.1 854.5 854.5 856.6 862.7 862.8 854.6 843.7 826.1 806.4 798.2
533 547.4 559.6 569 576.8 585.4 592.5 602.2 614.2 632.7 638.3 641.6 648.9 653.3 656.7 664 671.3 667.6 658.4 648.5 635.6 626 617.3 609.8 606.3 604.8 603.1 604.3 603.2 607.1 608.3 610.1 608.1 618.2 625.7 632.5 641.1 648.8 656.3 666.5 675.7 686.8 697.8 710.9 729.8 747.7 765.8 782.7 801 816.1 831.6 844.8 855.4 864.6 873.2 876.3 875.8 874.2 871.6 867.1 856.2 851.3 847.9 844.1 841.9 842 842.7 843.2 845.4 848.3 850.8 856 852.4 841.3 826.6 812.9 801.9 795.5
526.3 539 551.7 563.2 575.1 581.2 591.4 602.7 617.5 636.5 647.6 650.9 661.3 663.8 668.5 680.3 688 684.4 667.8 654.9 643.6 633.1 623.2 616.3 613.6 609.6 610 609.7 609.9 612.4 614.1 616.7 617.9 620 629.4 636.6 644.6 650.6 658.8 668.1 677.9 689.1 700.6 714.2 730.8 750.7 771.4 786.6 802.5 821.4 835.6 846.3 855.8 862.3 870.3 872.9 869.3 865.7 861.5 853.3 843.4 837.6 832.1 829 829.7 829.2 829.6 831.1 834.6 839.4 842.9 842.8 833.7 824 816.6 807.9 795.5 781.6
520.7 532.2 544.6 557.5 571 579.4 589.8 602.1 621.1 637.7 654.3 659 671 672.6 681.2 692.9 699.5 694.8 677.3 664.1 650.8 638.7 629.3 622.9 619.7 616.8 615.7 614.2 616 617.8 620.9 623.7 624 622.3 632.8 640.5 647.8 653.4 662.4 671 681 692.5 703.9 718.8 734.1 752.4 774.1 792.3 805.9 824.1 837.6 849 855.8 859.7 864.4 866.1 861.1 856.5 849.6 843.8 830.2 823.3 818.5 816.4 815.8 815.2 814.8 817.3 822.1 825.5 827.6 826.8 819.9 817.6 807.8 794 784.5 789.3
514.5 525.5 538.3 551.8 564.4 577.2 586.5 601.1 617.9 635.7 654 662.9 676.4 679.5 689.5 703.2 708.9 706.6 688.4 667.6 657.1 644.2 635.6 630.3 626 622.5 620.2 620.4 621.7 623.8 627.4 630.2 631.1 635.1 635.3 644.2 650.4 657.4 667 674.7 684.6 696 708.4 722.8 735.7 754.8 778.6 796.4 811.7 825.6 840.1 849.1 855.9 857.2 857.4 855.8 851.6 847.7 841.6 831.6 817.8 809.1 800.8 799.6 799.9 799.7 802.4 803 805.9 807.6 809.5 810.9 809.4 805.4 791 798.1 797.8 799.8
507.7 518.4 531 543.7 558 572.9 583.6 597.1 612.6 627.9 644.3 664.3 675.6 684.2 696.8 712.8 713.8 705.4 693.6 674.9 665.3 651.9 644.1 638.9 633.3 632.1 629.8 628.6 628.6 631.2 636.1 638.7 639.1 640.5 638.6 649 654.4 662.4 671.5 677.8 688.1 698.4 711.4 725.7 739 757.1 780.4 799 815 828.6 841.3 849.2 854.3 853.8 850.2 845.1 840.8 836.7 829.2 816.6 804.3 795 785.1 783 777.6 778.5 783.1 785.7 785.6 787.3 790.6 796.4 794.6 788.8 794.4 801.7 800.8 802.6
502.4 513.6 521.9 536.7 551.4 565.2 579.1 592 606.9 621.1 636.6 657 672.9 686.6 699.9 719.6 715.8 704.8 696.2 682.6 676 663 655.9 647.6 644 645 643.7 640.4 639.5 641.9 643.5 646.3 646.6 646.8 644.1 655.1 660.9 668.2 674.5 682.5 691.4 701.9 714.2 727.1 739.9 758.9 781.4 800.5 817.3 831.1 841.3 849.2 851.6 849.3 841 834.4 829.4 822 808.8 795.6 782.5 773.4 764.4 758.7 757.1 760.6 762.5 765.6 766.1 769.6 774.1 777 775.4 775.9 790.9 797.7 800.2 802.4
506.3 507.6 519.1 528.7 545.2 557.7 571.6 586.9 600.4 614.4 628.6 647 664.6 681.7 697.7 716.8 714.9 708.3 697 689.2 686.2 677.4 670.1 658.9 656.4 657 657.3 656.4 652.7 651.1 652.3 655.2 652.8 654.2 656.9 658.7 666.4 673.8 680.5 686.2 695.9 706.2 718 730 741.9 762.6 782.9 799.9 819.5 832.8 841.7 848 848.7 844.6 833.3 822 812.6 799.1 785.9 772.3 759.8 751.9 744.1 739.5 738 739 741.8 744.2 746 749.7 751.5 753.8 755.2 771.6 784.6 793.8 795.9 799.7
522.4 512.2 511.7 524.4 535.8 549.3 565.6 579.5 593.9 607.4 620.5 636.2 654.4 672.1 689.3 709.4 709.6 705.2 700.2 698.9 695.9 689.6 682.2 671.6 668.5 667.8 670 669.5 665.7 663.1 662.1 664.1 663.1 664 664.6 664.5 672.3 679.6 685.6 694 702.7 711.8 722.3 734.2 745.7 766.1 784.6 801.9 820.8 832.3 839.1 844.9 844.6 840.6 828.2 808.6 791.8 775.8 764.5 751.3 740.7 733.5 728 720.5 716.5 718.7 722.8 723.4 726.5 732 737.1 742.2 755 766.8 775.1 783.4 789.4 790.6
532.9 524.9 512.5 523.5 530.8 539.8 555.4 571.7 584.6 598.4 613.8 626.8 642.7 661.2 679.9 699.3 700.4 702.6 702.3 708.7 704.4 700.4 690.6 684.1 681.5 680.2 680.7 680.1 679.7 677.4 672.6 671.1 672.1 671.1 672.7 672.6 678.6 683.9 690.6 699 709.3 718.5 728.8 739.7 749.5 770.4 789.2 807.1 822.9 831.3 838.9 844.2 845.1 838.3 826.2 800.8 780.5 762.3 744.3 730.3 721.2 713.7 706.7 702.1 702.2 703.5 705.2 707.3 714 722.9 730.6 743.8 753.4 761.9 766.8 773.2 780 782.3
538.7 534.1 523.9 522.7 532.1 539.2 550.2 563.5 577.3 590.4 602.7 616.1 633.6 650.4 669.2 686.2 692.7 699.6 707.5 714.5 716.8 709.3 702.4 692.4 695.3 696.7 693.6 693.9 692.3 689.1 683.9 681.6 680.6 682.7 681.7 682.7 684.7 690.2 696.6 706.3 715 724.4 735.5 746.4 756.1 776.4 794.3 811.7 823.9 833.6 838.2 842.8 842 834.6 818.6 797.2 776.3 751.1 728.5 706.7 700.5 693.7 686.8 679.9 684.7 685.9 691.8 691.7 702.6 714.3 725.3 736.5 747.6 752.1 755.2 760.1 768.2 774.2
546.3 543.4 538 521.4 526.1 539.5 546.3 557.5 569 581.4 593.6 606.3 624.8 641.3 658.6 673 684.9 695.5 708.7 716.1 719.6 712.8 713 709 710.2 712.1 712.7 709.1 707 701.9 698 692.8 690.8 691.7 691.8 692.8 693.2 697 704.2 711.8 720.4 731.5 743.3 753.5 764.5 783.9 800.7 814.1 825.2 833.7 838.7 841.6 838.5 829.1 813.8 790.8 769.3 746.5 719.3 696.6 679.2 675.7 667.5 663 662.3 666.8 676.7 672.1 687.8 698 710.1 728.2 736.1 737.6 739.8 749.7 758.5 764.9
556.2 550.9 543.8 538.5 529.9 535.1 542.1 549.5 559.8 572.6 582.1 595.9 612.6 630.2 646 662.6 675.8 686.8 699.1 708.8 713.5 713 712.3 716.7 722.9 727 731.3 732.4 728.1 721.3 712.7 705.2 702.3 700.5 702.2 701.7 700.3 704.1 708.4 717.4 728.2 739.5 751.1 761.5 773.4 790.9 804 815.2 824.7 830.8 835.8 835.7 831 820.6 809.5 786.7 768.9 740.3 710.6 685.3 666.3 657.2 650.4 648.1 644.3 647.4 650.9 657.1 662.1 673.4 694.1 708.9 717.1 720 723.9 734.8 744.6 750.7
564.7 557.9 550.8 549.1 544.4 532.3 536.1 545.2 550.7 560.6 574.8 590.9 604.5 620.1 636.2 649 664.6 675.5 686.1 697.3 705.5 707.9 711.8 720.4 730.6 740.4 744.2 745.3 746.7 740.2 726.6 718.7 713.4 710.5 709.7 710.2 709.6 711.8 716.1 726.3 736.3 748.2 759.2 768.3 780.7 796.1 807.1 816.7 823.8 829 830.3 830.2 824.3 814.3 802.3 783.3 765.3 731.3 699.7 666.6 651.1 638.9 635.1 633.5 631.8 634.2 636.1 639.4 644.3 654.6 672.8 686.2 694.7 700.3 707.8 717.6 727.8 741
573.4 564.7 558.8 555.1 549.3 539.4 548.9 548 553.5 556.6 567.5 584.5 599.3 615.2 628.8 639.2 651.3 664.2 674.2 684.9 693.6 701.5 711.3 721.2 731.9 743.2 751.6 758.5 757.8 754.1 742.9 732.5 726 721.6 720.7 720.7 719.4 718.6 726.1 735.8 746.5 756.2 766.1 774.5 784.8 797.8 807.7 815.6 822.1 825.3 824.6 819.1 812.3 805.8 794.3 778.3 755.9 719.8 683.4 651.2 632.4 626.5 622.2 619.7 619.4 622.4 623.1 625.8 628.2 638.4 651.2 661.1 671.9 680.4 688.3 698.2 712.9 731
580.7 572 566.8 561.9 556.3 552.6 548.7 555.6 553.6 560.4 567.1 575.6 589.9 607 619.6 632 645.2 657.6 665.2 675.6 683.4 693.4 708.2 721 731.5 743.6 755 761.9 767.2 762.2 758.7 745.2 737.6 734 734.5 734.1 733 731.3 737 745.7 754.8 764.3 771.2 778.3 786.6 796.1 804.4 811.9 818.6 818 815.3 812.3 806.2 797.3 784 769.6 740.2 692.6 658.9 637.6 615.5 613.5 610.5 608.6 609.7 610.7 610 612.3 614 625 636.3 644.3 653.1 662.5 672 684.3 704.4 723.3
588.3 582 575.4 567.8 562.7 559 552.5 562.5 563.7 564.1 568.8 578.2 587 599 608.3 623 638.1 646.1 655.8 663.9 672.5 687.2 701.8 716.5 727.4 738.8 752.7 762.6 769.9 769.1 766.6 758 751.4 747.2 747.3 745.7 745.4 745.7 747.3 754.8 761.6 770.7 777 783.1 789.3 796.7 801 806.9 812.9 809.8 806.6 804.4 795.7 784.6 775.4 750.6 714.4 672.3 647.2 619.9 604.1 603.7 602.2 599.7 603.4 603.9 602.6 606.6 608.9 617.7 627.4 636.8 643.2 652.4 660.9 676.8 696.9 715.2
598.3 593.2 584 575.4 567.7 567.6 566.1 570.2 571 574.9 574.4 582.2 594.4 607.4 619.7 614.8 623.4 635.7 649.5 658.9 668.1 680 691.5 706.1 720.5 733.2 748.3 760.6 768 772.2 772.1 766.8 764 758.7 758.6 758.3 759.4 758.7 759.7 762.3 767.2 774.7 780.1 783.4 788.4 796.2 796.9 800.7 805 800 795.4 790.6 781.9 772.8 756.7 736.5 686.1 652.1 633.9 609 599.7 596.9 596.8 595.2 595.9 597.8 597.5 602.8 597.9 608.9 618.9 627 634.1 635.9 652.1 667.5 687.1 705.7
607.1 600.5 591.1 581.5 575.7 574 574.4 573.8 582.2 582 582.2 591.1 602.7 616.1 629.6 634.8 641.4 643.5 641.5 654 665 677.6 687.7 699.3 713.6 726.5 740.8 754.3 766.9 772.4 773.9 773 769.1 767.4 766.6 767.1 768.6 768.6 767.5 763.3 770.4 773.2 775.4 779.6 782.9 783.9 787.7 789.7 792.3 790.3 785.2 779.4 768.7 756.2 740.3 708.3 669 640.5 621.3 602.5 600.6 592.4 591.6 589.4 593.5 591.8 594.3 591.7 590.9 601.9 609.5 617.3 622 628 642.2 659.2 676.9 698.6
614.1 606.8 596.4 592 585.1 582.9 580.7 583 588.6 588.1 591.4 601.4 613.5 624.3 636.1 643.9 649.3 653.2 653.2 660.8 659.3 678.4 687.1 698.8 711.4 723.9 734.5 749 763.8 772.8 777.5 776.6 768 772.8 770.1 775 779.5 776.5 773.7 770 761.7 764.5 765.3 763.5 769.8 773.5 778.5 777.3 780.7 779.9 774.1 764.5 755.6 742.1 725.3 685.3 654.6 637 612 601.7 596.7 589.6 589.7 591.2 591.8 582.4 585.1 584.9 583.6 595.4 601.2 607.7 610.5 616.9 631.8 648.5 669.6 692.2
622.7 615.1 605.4 599.5 594.8 592.4 587.6 584.3 591.5 594.2 599.2 611.4 623.3 636.9 647.8 655.1 659.3 664.2 667.3 670.3 678.4 677.6 690.8 701.3 713.4 725.5 734.7 747.4 764.1 775.3 780.5 776.9 775.4 781.1 776.8 780.7 784.2 782.9 776.1 769.5 766 748.6 753.1 752.1 753.6 754.3 759.7 761.2 766.8 764.3 758.4 748.6 735.4 724.6 702.1 672.8 651.8 634.6 611.6 599.1 596.6 592.7 591.2 589.4 588.6 584.5 586.6 588.6 579.7 588.4 597.4 597.3 602.2 604.7 619.4 635.5 661 689.4
630.8 623.7 615.2 608.8 604.1 599 596.1 586.7 596.1 602.3 606.6 618 635.5 646.2 654.7 661.1 667.8 674.5 678.6 678.6 688.7 696.3 699.6 707.6 718.2 727 739.3 752.8 765.1 777.1 777.8 786 782.6 783.7 785.3 789.6 787.2 784.3 775.5 771.9 763.3 755.3 749.4 739.2 744.9 745.9 746.6 745.1 748.9 746.7 739.9 732.1 721.4 706.3 684.6 666.8 647.7 630.3 614.5 603.9 598.3 589.6 582.8 581.5 580.5 579.9 578.1 578.9 573.8 583.9 583.9 585.6 589.9 590.7 606.8 623.8 648.4 678
639.9 632 625 618.6 614 606.2 603.2 592.9 601.6 608.2 616.4 627.7 645.3 656.1 662.5 670.4 681 689.6 694.3 693.3 701.5 705.7 709.2 713.6 721.7 731.9 743.8 755.5 765.9 776.3 784.7 782.3 793.3 793.6 794.4 787.6 781.4 776.5 773.9 768.3 761.9 756.8 748.6 733 736.1 738.6 735.6 736.8 732.8 729.1 721.1 711.8 704.6 692.3 677 662 645.6 631.7 618.3 607 596.4 589.3 586 589.6 585 588.3 582.8 579 575.1 581.7 575 578.7 577.7 577 594.6 608.5 630.3 656.1
650.1 642.5 634.4 630.8 623.2 614.7 609.3 603.6 607.7 616.5 626.1 638.6 648.8 664.6 674.1 683.9 691.1 700 706.4 710.2 711.7 714.2 716.9 720.9 727.5 737.5 747.7 758.9 769.6 780.2 790.6 799.3 803.2 806.1 810 804.2 797 788 784.5 778.4 767.3 758.5 750.6 745.1 737.3 726.6 722.1 724.6 719.7 718.1 706 695.6 692 681.9 672.7 659.6 645.5 627.4 613.9 601.8 594.3 589 585.3 582.3 579.7 577.1 574.3 570.4 565 575.5 570 566 571.3 568.3 582.3 594.9 614.9 637.7
661.4 652.4 644 637.6 630.7 623 619 611.8 617 626.9 636.9 647.5 662.9 672 683.5 691.2 701.9 711.9 719.6 721.3 721.9 723.4 725.3 728.3 735.3 743.8 752 764.2 775.1 787.4 803.3 809.5 813.7 819.6 822.2 821.1 815.2 800 790.4 781.6 772.8 765.3 759.4 754.5 747.3 740.1 725.8 717.4 713.3 710.1 701 690.6 679.8 671.6 664.6 660 651.9 640 624.6 606.3 591.9 589 586.2 583.7 583.4 576.8 576.4 578.1 565.7 571.9 564.7 560.3 565.9 561.6 571.2 577.9 598.7 617.5
673.6 663.2 655.7 648.1 639.3 629.2 624.7 618.5 627.3 638.4 652.2 660 669 680.7 691.5 703.7 714 728.1 735.1 734 733.3 732.8 733.3 735.8 741 750.7 759.3 770.1 783.4 801.4 812 817.4 822.3 827.5 829.1 826.8 827.4 813.7 800.6 791.3 785.7 778.4 767.9 760.6 756 747.9 741.2 736.3 724.8 717.9 708.4 701.9 695.2 685 678.3 670.2 663.4 650.8 641.5 621.8 600.1 587.2 585.6 583.3 580.9 575.2 575.3 566.4 571 564.9 554.5 550.6 551 558.2 560.6 564.2 581.8 601.5
