public/OST50/NN49.asc
ncols 200
nrows 200
xllcorner 240000
yllcorner 790000
cellsize 50
[rows 105 to 139 of 200, columns 0 to 77 of 200]
455.5 456.4 458.4 458.5 456.7 453.9 447.2 445.1 445.8 445.1 439.1 429.1 429.1 429.7 424.9 417 417 415.4 412.8 410.7 410.7 409.7 410.5 410.9 408.6 411.2 411.9 410.4 411 413 415.4 414.7 415.2 416.3 417 417.6 418.2 419.1 419.6 421.1 422.4 427 431.4 444.6 444.1 435.2 425 415.1 405.8 396.1 381.4 390.6 386 383.7 382.1 381.2 379.8 378.1 378.6 377.1 378.9 377 371.2 369.4 367.5 359.7 357.6 356 351.7 348.1 345.6 345.3 344.9 344.5 343.7 343.4 343 343
437.2 439.4 440 444.4 441.9 441.1 435.2 439.3 430.1 428.5 427.2 419 412.4 414.3 411.1 407.8 410.1 406.3 403.5 402.9 401.5 400.2 402.7 404.4 403.3 403.7 405.9 405.9 407.1 408 409.1 411.1 413 414.7 415.9 417.7 419.9 422.2 424.7 427.1 427.7 433.1 436 448.5 447.2 445.6 434.8 424.6 413.6 403.7 394.8 386.2 376.5 375.7 378.4 377.7 376.1 375.5 374.8 372.5 371.7 371.3 366.8 363.2 359.6 353.5 352.5 350.7 349.1 346.8 346.5 345.5 344.9 344.5 343.7 343.3 343.5 342.8
423.6 422.6 424.4 423.2 422.2 428.1 423.5 422.3 426.6 412.6 415 414.8 400.9 398.7 397.2 392.9 395.1 394.6 397.8 397.5 395.1 393.7 395 398.7 399.5 397.7 400.3 401.9 403.2 403.6 405.5 407.8 410.6 412.8 415.6 418.4 421.6 424.7 428.1 430.5 431.2 435.7 438.3 448.2 453.4 451.4 440.7 427.8 419.2 408.9 395.6 389.9 382 376.4 372.1 371.7 370.9 369.2 370.7 373.3 369.1 368.1 362.7 358.4 354.4 352 350.6 349.4 348.9 347.7 346.9 346.2 345.1 344.7 344.2 344.1 342.9 343.4
420.8 415.8 408.5 409.2 409.2 410.5 407.9 406.5 413.8 409.5 399 397.4 391.1 386.9 384.6 382.5 384.2 385.5 386.9 388.9 388 389.7 388.9 394.1 396.3 393.3 398.1 399.1 400.3 400.7 402.9 406.1 408.4 411.5 414.5 418.7 423 427.4 432.5 436.6 435.8 437.2 440.2 451.9 455.1 444.9 431.7 423.6 416.6 409.5 398.5 389.4 384.9 376.2 372.5 368.7 366.6 364.7 366.7 369.3 366.1 364.6 360 355.7 352.9 352.1 351.1 349.7 348.5 347.6 347.2 346.4 345.6 344.6 344.4 344 343.9 343.1
408.3 406.5 397.6 397.7 397.5 402 393.8 392 393.8 393.3 384.6 381.3 376.6 368.8 372.9 371 370.7 378.5 381.3 381.4 378.6 383.2 386.4 388.1 389.7 393.6 395.9 396.5 397.3 398.4 401.9 404.1 406.8 410.5 415.2 419.1 423.8 441.4 436.8 435.4 435 438.6 443.4 452.2 447.2 434.7 427.3 421.4 417 411.9 403.7 394.7 387.4 377.8 375.4 371.4 370.4 368.7 368.4 364.9 357.2 356 357.4 355.1 353.2 351.9 350.9 349.7 348.9 347.7 347 345.8 345.3 344.7 344.1 344.2 343.6 344
396.4 398.2 395 387.9 386.7 390.3 382.8 381.9 379.8 376.4 375.8 372.2 366.3 359.1 359.9 360.9 360.9 363.7 367.5 370.9 373.1 374.3 378.8 383.6 386.4 385.5 389.2 394.6 395.1 397.4 399.8 402.4 404.8 409.6 414.2 419.5 425.8 431.4 436.4 433.7 435.1 440.9 451.5 446.9 439.9 432.2 427.4 422.7 418.8 414.6 408.2 400.9 393.3 387 379.2 374.3 378.6 377.2 372.2 370.4 363.3 358.1 356 354.4 353.5 352 350.5 350 349 347.7 346.1 345.7 344.9 344.9 344.3 345.5 346.1 346.4
386.1 388.7 387.5 378.8 378.1 379 372.1 369.6 364.5 366.2 361.4 357.7 353.4 349.4 348.5 349.9 354.3 357.3 360.2 364.4 365.4 369 373.3 375.9 378.8 382.7 383.4 389.2 392.9 394.9 397.8 399.3 403 407.6 412.6 419.1 423.4 425.8 428.2 430.4 434.1 441.8 446.3 441.5 435.7 430.7 431.9 425.1 419.6 416.9 413.8 409.4 403.1 399.6 388.8 382.4 379.8 377.9 376.1 370.2 363.5 357.6 355.5 354 352 352 350.8 349.7 348.3 347.2 346.5 345.3 345.1 345.8 347.1 348.1 347.5 347.1
378.1 378 376.6 372.2 367 364.3 358.9 356.8 352.4 353.2 347.3 347.6 345.6 342.9 342.6 341.5 342.6 349.3 353 354.6 358.8 362.3 364.4 369.3 374.5 381.2 382.6 384.8 387.9 391.8 395.4 397.3 400.7 405.7 410.6 414.3 417.2 421 424.2 427.5 429.7 437.1 435.4 434.1 432.1 431.1 427.3 425.1 422.9 420.1 416.7 415.5 409.8 402.5 395.7 390.3 383.8 379.6 374.9 370.4 363.6 358.2 353.2 353.2 351.8 350.8 349.5 348.4 348.3 346.5 345.7 345.6 349.9 349.9 352.4 353.1 351.1 353.4
368.2 366.7 368.4 360 355.6 350.1 347.3 344.6 341.4 341.5 339.9 339.8 337.6 337.7 338 338.6 344.8 345.7 348.9 351 356.3 357.5 358.9 360.7 366.5 368.4 376.3 382.2 383.6 390.5 392.1 394.4 397.9 401.7 405.7 408.6 410.6 413.6 417.5 419.7 423.5 432.6 433.8 441.3 438.3 433.1 426.9 424.4 421.1 419 417.3 414.4 409.3 402.9 401.3 396.2 391 384.2 376.8 370.6 361.2 356.9 352.7 352.3 351.2 350.2 349.2 348.2 347.4 346.7 345.6 348.1 351.3 353.2 353.8 353.8 356.3 359.9
357.1 356 354.3 352.6 346.6 339 339.1 336 334.6 333 333 333.4 333.9 333.7 335.7 339.6 342 343.7 347.6 351 353 354.7 355.7 355.7 359.1 359.1 365.1 373.7 376.5 385.8 387 389.2 392.7 393.6 394.6 396.5 402.2 405.7 407.7 413.6 423.1 429.6 434 441 436 429 423 421.1 423.5 423.5 417 410.5 406.6 405.5 406.2 403.1 393.8 385.7 375.3 367.4 360.8 352.6 351.4 351.4 350.4 349.7 348.4 348 347.2 345.8 347.4 352.7 353.9 354.5 354.9 357.5 356.8 358.5
346.7 347.6 348.6 345.6 334.4 333.8 334.3 333.6 331.6 330.4 330.1 330.6 331.7 332.2 335.6 339.6 343.3 347.5 353.2 350.7 350.4 351.6 352.7 353.1 353.8 355.2 357.3 366.7 370.6 377.8 382.3 382.8 386 389 392.8 390.1 393.5 398.2 401.9 405.1 410.3 417.7 425.5 432.1 422.1 417.5 417.2 416.2 419.8 422.4 412.7 404.2 400.3 400.3 401.3 399.2 388.5 381.7 370.1 366.7 357.7 350.9 349.9 349.5 349.4 348.3 347.8 347.2 346.8 346.4 351 354.8 359.1 358.5 358.1 358 359.4 359.1
344.3 336.2 334.9 334.9 330.6 330 330.6 330.7 330 329.1 329 329.5 330.4 333.1 335.2 340.3 343.9 345.6 350.2 350.3 350.9 350.4 350.9 351.1 351.6 353.4 356.2 358.8 365.2 369.2 371.8 376.5 380 383.3 384.5 384.6 386.6 389.7 395.8 400.9 403.6 405.9 407 406.6 406.6 406.7 408.6 409.4 407.3 412.7 401.5 397.1 392.4 392.2 391.7 388.6 378.2 371.3 365.5 359.6 354 349.2 348.6 349 347.1 347.5 347.2 346.6 346.9 348.7 352.8 355.6 358.3 362 361.5 360.4 361.3 360.7
335.5 332.9 330.7 329.1 327.9 328.5 329 328.9 328.6 328.2 328.5 329.4 333.6 339.4 350.5 349.4 345.5 345.5 352 354.5 351.4 352.2 350.1 350 350.4 350.5 353.5 356.2 359 363.7 366.7 370.3 372.3 375.4 376.1 376.6 379.4 383.8 389.1 393.7 396.4 396.2 396.2 397.1 398.4 398.8 399.8 398.4 395.7 392.6 388.3 384.9 383.3 381.8 381.3 376.8 367.4 368.1 362.1 355.7 351.7 348.2 347.8 347.8 347.2 347.6 347.2 349 348.1 349.7 353.6 356.1 358.3 361.8 363.8 362 361.5 362.6
331.8 329.2 328.4 328.1 327.2 327.4 327.7 327.4 327.5 328.2 328.8 335.8 338.8 345.8 351.8 348.6 347 348.8 350.5 353 352.4 352.6 352.1 349.7 349.8 349.7 350.6 354.8 358.1 357.9 358.4 362.2 363.3 365.4 368.2 371.2 372.2 382.2 384.1 384 387.6 388.5 387.2 388.1 387.2 388.5 390.2 388.6 386 381.9 377.1 375.8 374.8 371.8 370.6 366.4 360.8 355.4 349.8 347.8 347.7 347.7 348 348.5 348.4 348.4 349 354 355.4 352.5 352.6 355.7 357.6 360.9 363.7 364.9 364.8 364
329.7 327.1 327.7 328.1 327.5 326.4 326.7 327.1 327.5 331.5 335.9 344.1 348.9 349.5 350.1 350.8 350.5 351.4 353.3 354.4 355.3 355.4 353.4 351.5 349.7 349.5 349.5 350.3 353.8 354.6 356.5 355.5 359.6 357.5 359.6 363.9 361.7 365.5 370.7 375.3 373.6 379.7 378.8 379.7 378.1 378.3 377 376.1 375.3 371.9 368.9 372.2 372 366 362.8 358.7 354.9 351.6 348.1 347.9 347.7 348.3 348.2 348.8 349.1 348.9 351.1 359.4 358.4 357.2 355.9 358.2 361 361.6 363.3 364.9 366.1 365.2
327 327.4 327.2 327.4 326.7 326.1 326.8 331.2 344.8 344.1 354.7 357.3 359.3 355.1 357.6 353.9 354.4 356 359.2 360.2 362.3 362.8 361.8 355.4 351.3 349.9 349.8 349.2 349.2 351.4 352.5 352.6 354.3 354.3 355.2 357.6 360.6 359.1 360.7 364.6 366.8 371.2 368.6 366.5 369 368.7 371.6 370.8 358.9 356.8 357.7 361.1 357.6 354.4 354 350.7 348.3 348 347.8 347.9 348.4 348.6 348.9 348.8 349.8 349.8 353.2 358.3 359 360 359.5 359.9 362.6 363.4 364.1 365 366.9 366.3
326 327.2 326.8 326.8 325.7 327 334.7 344.7 357.3 358.1 366.8 368.5 366.4 363.2 359.8 356.9 358.9 368.8 365.9 366.1 368 363.4 364.5 361.9 354.8 355.4 350 349.6 349.1 349 348.6 349.5 349.8 350.5 350.9 351.6 354 354.5 356 359.2 358.9 363.5 363.5 358.9 359.7 358.6 361 359.9 353.8 352.8 351 350.7 349.9 348.1 349 348.2 347.7 348.2 348.2 348.9 349.1 349.3 349.1 349.5 350 355.4 358.3 356.7 363.7 365.2 362.3 362.3 364.4 365.5 365.8 366.7 367.8 368.6
325.3 326.7 326.1 326 328.8 335.6 348.3 359.6 357.3 366.8 367.6 367.6 367.3 365.4 359.7 358.8 361.3 370.3 369.4 369.2 365 363.8 365.2 365.9 355.8 356 355.9 352 350 349.3 349.1 348.7 348.5 348.4 348.9 349.1 349.2 349.4 349.9 353.8 355.5 357.3 354.9 351.9 352 353 352.7 351 350.4 349.8 348.8 348.6 348 348.5 347.9 348.3 348.6 348.5 348.8 349.8 349.8 350.3 351.2 354.6 356.3 358.5 360.6 361.9 365.4 361.4 363.2 366 364.5 364.9 366.8 368.8 370 370.9
325.4 325.2 326.1 331.9 340.8 350 359.3 362.9 366 365.6 367.4 371.5 375 368.3 362 362.9 363.4 369.2 370.7 372.3 370.2 364.2 365.1 367 359 357.2 354.5 352.2 352.4 350 349.9 349.3 348.7 348.2 348.5 348.2 348.6 348.6 348.7 348.7 348.7 351.2 350.9 349.5 348.7 348.6 348.7 349.1 349.8 348.5 348.1 348.3 348.9 349 349 349.1 349.1 349 349.2 350 350.3 352.5 354.2 357.6 359.1 360.6 365.3 365.9 368.8 366.2 364.3 368.1 365.4 367.2 368.4 371.6 372.8 374.4
324.3 326.6 334.7 347 352.1 359.7 368.4 375.9 374 368.8 369.9 375.4 375.2 371.3 368 366 364.8 369.6 371.5 373.1 372.3 370.7 366.9 368.3 361 358.5 355.5 353 351.9 350.4 350.8 350.8 349.8 349.2 348.4 348.7 348.3 348.7 348.7 348.7 348.7 348.7 348.7 348.7 348.7 348.7 348.7 348.7 348.7 348.6 348.9 348.6 348.8 349.7 349.7 349.5 349.7 349.8 352.6 353.8 351.3 355.6 358.9 362.5 364.1 364.5 366.7 369.3 371.6 369.6 367.7 370.4 370.6 370.3 371.3 375.6 376.1 377.2
325.6 329.9 343 359.5 369.4 370.3 375.3 378.8 380.6 376.4 373 374.7 374.9 373.7 370.4 368.6 369.9 372.1 372.5 374.8 375.9 372.3 369.3 366.2 363.3 363.3 356.8 354.6 353 353.1 353.1 354.1 352.5 352.8 350.2 349.4 348.6 348.7 348.7 348.7 348.7 348.7 348.7 348.7 348.7 348.7 348.6 349 348.5 348.7 349.2 349.1 348.9 349.7 349.8 349.8 350 350.9 357.4 357.6 356.4 361 363.1 365.2 366.1 367.5 368.9 371.4 373.1 373.2 373.2 374.5 374.5 376.3 373.9 377.1 380.5 380.2
335.7 346.2 356 370.5 374.2 378 378.1 379.8 380.8 377 373.9 375.1 374.7 376.4 372.1 373.4 374.2 375.9 373.8 373.5 372.6 371.7 370.9 369.8 368.4 360.2 357.4 354.9 354 354.4 354.1 355.7 358.9 355.9 353.2 351.5 349.3 348.7 348.7 348.7 348.7 350.1 351 351.2 351.3 350.9 350.4 350 350.3 349.8 349.5 349.1 348.2 349.6 349.6 350 353.8 364.6 364.4 363.8 362.3 363 366.3 369.2 373.2 370.7 373.1 373.5 374.1 375.5 376 377.3 377.4 378.5 379.2 379.2 380.2 382.5
350.9 359.2 371.2 374.2 373.7 376.9 381.4 381.6 379.8 374.9 374 373.9 374.4 373.1 372.8 372.7 374.5 375.9 376 373.4 372.6 371.6 370.7 368.8 367 365.9 360.1 361.8 358.9 357.6 357.6 358.9 358.4 360 357.9 355.2 352.9 353.9 353.7 351.8 351.9 351.8 351.7 351.6 351.9 352.6 349.6 350.7 350.5 350.3 351.5 349.7 349.1 349.2 350.8 354.8 365.4 373 371.7 368.8 364.2 369.7 371 373 375.2 376.8 376.4 377 378.2 378.9 378.6 378.6 379.2 380.3 383 384 383.9 382.2
366.1 374.4 378 376.3 374.7 377.6 381.4 378.9 376 374.7 374.8 374.6 373.6 373 372.8 373.8 374.7 375.3 374.7 373.4 372.5 371.1 369.9 368.8 368.2 367.8 365.6 366.6 366.1 365.7 367.5 368.7 369.3 365.1 366.1 362.9 360 359.9 358.1 355.5 355.3 354.3 353.3 352.4 352.4 352.6 351.7 354 352.6 351.2 352.2 349.6 348.5 349.6 353.2 363.4 375.2 370.5 369.8 368.1 370.1 374.2 375.3 377.1 378.2 381.1 379.5 379.3 381.6 380.3 379.8 380.1 380.8 382.7 385.5 390.9 390.1 384
371.1 375.7 377.5 376.2 375.4 376.1 377 375.7 375.3 374.7 374.3 373.7 373.4 373.4 374.5 375.3 376.4 375.8 375.7 374.4 372.4 371.2 371 370 369.9 369.7 370.8 370.1 370.7 369.4 369.6 370.2 371.8 372.9 372.1 370.8 370.8 366.3 364 361.8 359.4 357.8 357.1 354.3 352.9 353.1 352.2 352.5 352.4 352.3 351.9 351.5 351.7 351.2 353 363.8 375.6 374.3 371.9 373.5 375.7 377.5 379.6 380.2 382.3 384.2 383 383.8 382.4 381 381.4 381.9 382 382.6 385.8 393.6 393.1 387.5
373.4 376.3 376.2 374.6 375.5 375.5 375.4 375.5 375.2 374.6 374 374.8 375.5 376.7 377.7 377.9 377.9 377.6 377.5 376.4 374.6 373.8 373.2 372.5 372.6 372.5 373.9 375.2 374.1 375.5 373.8 374.4 374.3 374.1 377.2 374.4 375.8 366.6 369.8 367.9 364.8 363.6 361.8 358.9 355.1 353.8 353.5 354.4 354.5 354.4 354.2 357 359.4 358.9 358.1 368.2 374.9 378.8 377.1 377.9 380 381.3 382.9 384.7 385.8 386.3 386.2 384.6 383.9 382.4 381.5 381.9 383.1 384.7 387.6 390.1 394.1 393.1
375.3 375.6 374.7 374.6 374.8 375.7 375.5 375.4 375.4 375.8 375.9 376.9 377.5 380.1 381.6 380.3 380.1 379.3 379.1 378.9 378.3 376.9 376.2 375.4 375.1 376.2 377.8 376.8 377.5 379 377.5 379.8 380.6 382.6 383.2 378.4 377.5 373.6 375.7 374.4 370 366.3 363.7 361.5 358.8 357.9 355.6 357.9 359 362 360.5 363.6 366 363.9 371.3 376.6 377.6 385 379.9 381.8 386.9 386.2 387.6 386.6 388.4 388.4 386.3 385.1 384.5 383.6 382.8 382.6 383.9 386.8 388.6 391.8 393.2 395.8
373.3 372.5 377.7 374.8 378 376.5 375.4 375.3 375.6 377.1 378.3 379 380.6 383.5 383.3 382.2 381.9 381.1 381.1 381.5 382.2 380.3 380.5 380.1 379.7 380.2 381.1 381.3 384.6 385.6 385.2 389.3 395 398.3 397.1 391 385.9 383.9 379.7 376.5 372.3 368.8 367.8 364.6 360.4 360.1 359.9 360.6 362.8 365.8 366.6 366.8 368.3 368.4 376.7 381.5 382.7 387 383.6 385.5 391.4 388.3 388.6 389.1 389.1 388.6 387.1 385.5 385.8 385.4 385 383.8 385.4 388.7 390.7 393.3 397.4 396.6
371.2 370.8 370.7 371.2 372.2 373.5 374.2 375.6 376.5 378.7 379.2 380.8 383.4 385.8 384.8 383.3 383.3 384.1 384.7 385.3 385.7 383.7 384.5 384.7 384.2 385.7 387 390.1 391.3 392.9 394.4 401.3 407 405.1 399.5 392.4 390 385.9 381 378 372.8 370.2 368.9 365.8 361.7 363.6 364 366.5 368.6 369.2 370 372.7 373.4 378.7 379.6 384.6 385.4 386.3 386.2 388.4 392.1 389.8 389.5 389.6 389.9 388.7 387.7 386.9 387.2 386.5 386.4 387.1 386.4 389.4 392.2 396 399.7 397.9
370.3 369.5 369.8 371 373.5 374.2 374.6 375.7 376.8 378.2 379.6 382.3 384.2 385.1 385.8 384.1 384.9 386.8 388 389.3 389.6 390 389.7 390.2 390.3 392.1 394 395.9 397.3 397.9 399.2 404 404.5 397.8 392.1 387.3 385.5 384.3 380.3 381 372.7 370.2 368.5 368 368.8 368.2 366.5 369 370.8 372.3 377.3 380.2 380.3 380.4 382.6 386.6 387.9 387.6 386.5 388.2 389.3 389.3 389.8 390.3 390.3 388.2 389.1 389 388.3 388.8 388.7 389.1 388.3 390.6 394.2 397.4 399.9 399.9
368.5 368.2 370.3 372.9 377.7 375.3 375.7 376.1 377.1 378.6 381.2 383.9 385.8 385.9 386.4 387 388 390.7 391.9 393.5 393.7 394.5 394 394.2 394.7 396.4 398.3 399.8 399.7 401.3 401.9 402.5 398 392.9 388.6 385.2 383.8 380.2 379.9 379.5 372.6 372.6 369.8 371.8 371.5 371 370.9 370.9 374.7 379.7 379.9 383.7 382.4 386 387.4 385.9 387.9 388.6 388.2 388.4 389.9 390.3 390.9 390.8 390.4 389.1 390.4 390.8 391.2 391.1 390.9 391.9 392.5 394 396.4 398.2 400.3 401.4
368.7 370.3 369.8 372.8 373.5 375.3 376.1 376.8 378.7 381 384 386 387.5 387.9 389.7 391.5 392.6 393 393.9 396 396.7 397.1 397.1 397.5 397.8 399.1 399.6 400.5 399 399.3 397.7 396.8 394.7 390.5 387.9 385.8 382.2 379.1 378 377.2 373.7 372 373.2 375.3 376.3 375.7 372.9 375.4 378.4 382.3 386.2 388.9 386.2 386.2 387.9 387.6 388.8 389.1 393.1 390.6 391.4 391.8 391.5 391.9 391.3 391.3 392.8 392.8 392.4 394.2 396.3 394.7 395.7 396.1 398.5 399.3 401.2 404.5
371.6 372.7 372.8 373.4 375.7 376.7 377.8 379.6 380.4 382.8 385.9 387.3 389.6 391.5 391.9 395.5 394.9 395.3 396.9 397.8 398.5 398.8 399.4 400 400.4 400.3 401.1 399.7 398.4 396.8 395.2 394 392.3 391.5 387.4 385.1 381.8 379.4 376.6 378 374.1 375 376.1 378.5 379.9 384.9 376 378.5 384.3 388.5 390.3 393.1 388.2 388.2 390.8 389.6 390.1 391.7 396.8 392.9 392.7 395.6 393.3 393.4 393.7 394.9 395.5 395.6 396 396.8 398.1 397 397.7 399.1 400.9 402.1 405.1 407.5
375 375.3 375.2 375.9 376.5 378.1 379.9 381.5 382.3 383.7 387 389.2 392.2 393.9 395.3 396.9 396.6 398.5 400 400.1 400.6 401.4 404.3 401.8 401.7 401.3 402.8 399.3 397.7 397.1 393.9 392.4 391.3 391.3 389.4 384.1 380.9 379.1 380.4 378.3 378.1 378.9 378.1 382.8 383.6 381.1 379.9 383.3 386.9 388.3 390.2 395.2 390.1 390.1 391.3 391.1 391.3 392.7 394.3 394.4 394.6 395.2 397.4 395.5 395.3 396.9 398.1 397.1 397.7 398.7 399.2 398.9 400.2 401.6 403.7 405.2 409.9 410.1
373.6 378.3 378.1 378.4 378.6 379.7 380.9 382.1 384.7 386.9 388.5 390.1 394.4 396.9 397.9 399.4 399.4 401.1 401.9 401.3 403.2 403.3 402.4 403.2 401 399.1 398.1 396.2 394.5 392.9 392.4 392.7 390.1 390.3 387.3 383.6 382.7 380.1 380.9 380.9 381.9 381.2 382.3 384.5 385.3 383.3 383.2 384.4 388.8 390.8 391.4 398.6 392.3 391.9 392.4 393 391.5 392.6 394.1 395.1 396 396.5 400.6 399 398.7 398.4 399.5 400 400.1 400.9 400.3 400.6 401.4 403.8 405.9 409.2 412.8 412.8
