public/OST50/NN53.asc
ncols 200
nrows 200
xllcorner 250000
yllcorner 730000
cellsize 50
[rows 70 to 104 of 200, columns 0 to 77 of 200]
279.6 277 278.3 276.2 274.4 283.3 271.7 258 246.6 239.6 232.4 235.1 242.3 241.2 242.7 242.3 245.5 245.8 242.4 236.2 245 240.3 238.7 237.7 231.5 228.9 222.5 214.6 217.3 214.3 216.4 208.5 196 195.3 185.2 175.5 178.1 176.6 168.8 159 154.7 148.8 147.3 148 149.8 148.6 150.5 156.2 155.8 163.8 171.6 172.6 171.5 170.1 171.3 172.9 172.5 171.8 167.4 167.7 173.7 177.1 173.9 172.5 189.6 205.2 214.3 225.5 236.9 247.1 257.2 266.6 277.6 288 295.1 305.1 316.4 328
292.6 289.9 286.6 281.9 285 286.5 275.1 266.5 253.5 243.2 238 248.5 245.7 244.5 242.8 245.1 247.8 246.5 249.9 246.9 247.9 251.1 254.3 249.6 250.9 249.7 237.2 232.1 240.9 234.2 230.9 228.5 214 209.6 196.7 198.3 201.6 196 179.9 173.2 167.8 159.5 150.1 148.2 144.1 143.6 144.7 146.6 151.2 160.2 158.9 158.4 159.2 161.7 163.8 163.1 161.9 161.7 158.9 158.2 165.1 164.4 168.3 181.5 189.1 200.4 209.9 221.2 231.8 241.9 252.3 259 268.9 278 288.8 297.2 307.1 319.4
301.9 301.4 295.1 293.4 292.2 288.5 274 262.4 261.7 252.3 249.9 258.9 256.3 251 245.5 248.4 255.7 259.6 260.8 254.9 258.1 262 260.8 257.1 257.1 255.7 246.3 246.7 255.9 255.5 242.6 251 230.3 224.8 218.5 226.4 219.5 204.7 199.7 194.9 185.4 169.4 155.6 152 147 149.1 144.8 144.7 146.8 150 148 147.1 147.6 148.1 150.9 153.4 152.9 150.9 151.7 154.4 158 160.1 169.7 174.7 185.4 195.7 206.6 216.3 226.7 236.7 245.3 253.4 260.7 270.2 278.8 286.7 298.2 309
300.9 299.4 300.6 302.9 302.3 296.6 283.8 272.1 264.5 257.1 265.6 265.3 262.1 258.2 255.6 259.6 259.8 263.2 264.6 259.9 262.4 260.4 259.5 262.3 265.5 256.4 248.1 257.7 263.6 266.1 254.1 251.6 240.6 238 234 237.7 228.2 216.5 210.1 204.8 194.2 177.2 168.7 163.2 159.1 154.4 147 142 139.9 141.2 140.3 140.5 140.9 141.3 143.5 144.1 145.2 146 148.9 151 154.1 159.4 163.5 171.2 177.6 189 201.6 210.5 217.5 228.6 236.8 246.1 251.9 260.5 269.3 281.4 291.6 303
307.4 301.7 302.5 303.5 311.7 302 289 284.8 269.7 266.2 271.4 268.2 263 266.7 272.7 271.3 268 265.1 264 263.1 268.4 269.2 268.1 263.6 263 257.8 255.8 261.9 264.9 261.6 258.4 262.1 254.6 244.6 242.4 236.9 228.5 219.4 223.8 212.9 193.8 192.5 190.6 182.1 176 162.4 154.6 148.2 141.3 139 137.7 138.9 139.4 140.8 141 142.1 143.9 146.2 148 150.4 153 157.9 159.6 164.1 171 180.7 195.1 205.9 210.9 221.3 229.7 236.1 244.9 251.9 263.1 272.1 282 294.1
306.6 302.2 304.8 302.9 309.5 304.7 290.3 285 273 280.5 277.9 273.4 275.2 280.2 284.8 283.5 276.6 271.9 279 273.9 268.2 266.7 263.4 264.2 260.8 259.9 263.3 268.9 266.4 261 259.5 260.6 255.2 246.8 248.8 239.9 232 222.8 228.2 224.3 204.5 207.7 201.9 195.3 187.4 180.3 164.6 152.7 146.4 141.1 140 139.1 139.5 139.9 141.4 141.6 142.7 144.6 145.9 147.9 149.9 155.1 156 159 163 172.9 185 199.9 203.7 209.7 218.4 224.3 233.7 243.7 253.5 263 275.9 286
313.2 301.1 293.9 294.4 303.6 295.8 289 281.9 279 285.7 282.9 282.2 285.6 291.5 286 284.4 282.1 279.9 276.1 270.2 268 270 268 265.4 263 261.7 264.3 269.5 271.7 267.8 259.1 258.1 256.2 258.6 253.7 252.7 245.9 233.8 229.9 227.4 212.9 212.3 206.7 204.4 202.2 197.9 181.8 168.1 156.6 144.8 139.9 137.6 138.8 139.7 140.3 141.5 142.3 142.4 144.4 145.5 145.8 149.2 151.4 155.1 157.7 165.8 177.4 185.4 194.2 199.5 207.3 216.2 225.1 234.3 243.4 257.8 271.1 281.2
321.4 307.3 296.5 291.9 292.1 293.8 285.6 284.8 282.2 287.6 287.5 288 289.5 288.7 287.9 290.6 291 289.6 282.6 275.7 274.6 280 281.7 275.8 267.9 272.8 270.4 269.9 271.7 270.2 266.7 262.8 259.4 260.6 261.8 263.3 259.4 251.1 238.7 229 228 221.6 224.9 218.9 209.3 199.4 190.5 183.6 167.1 150.6 140.2 136.6 138.8 139.7 140.2 140.9 140.5 141.6 142.4 143.2 142.6 148.1 147.3 149.3 158.2 165.4 167.9 174.4 179.8 190.3 199.3 206 214.1 224.3 235.6 247.2 259.8 272.2
320.6 308.4 310.1 295.7 294.5 287.4 286.9 290.2 284.8 289.3 293.2 295.9 292.7 295.2 296.7 298.1 296.8 292.3 285.8 282.6 282.3 279.8 277.3 279.7 276.2 276.7 276.2 278.4 276.3 273.6 271.2 269.3 267.3 268.2 269.2 267.3 259.7 255.8 244.4 240.5 237 227.3 224.9 219.8 208.5 199.4 194.1 191.9 172.7 159.6 146.5 139.5 136.6 139.7 139.8 139.1 140 139.6 140.3 140.8 140.5 141.4 142.5 146.2 156.5 157.5 162.6 165.9 172.2 179.3 189.9 198.8 207.5 218.2 226.1 234.2 247.5 262.6
316.9 315.5 313.2 303.8 305.9 300.6 291.5 288.1 288.1 293.6 301 300.3 300.4 301.5 301 300.6 297.9 296.8 294.5 292.2 292.8 287.5 281.8 282.9 284.5 286.2 285.8 292.6 294.2 288.4 287.2 286.9 284.7 282.7 273.6 273.8 271.7 266.4 253.6 249.2 244.8 232.6 225.1 216.7 215.1 206.5 196 185.3 175 166.9 150.7 141.6 139.2 138.2 138.6 136.7 137.2 136.5 136.1 136.5 138.5 138.5 142 143.7 153.5 157.1 156.7 160.4 166.4 173.5 180.2 187.4 197.1 206.6 216.4 225.6 238.9 253.8
322.9 318.5 319.7 312.4 305.2 300.2 294 290.4 296.5 300.3 302.3 304.7 310.6 310.2 310.3 306.6 302.4 301.6 306.2 309.9 307.7 302.3 296.5 292.4 294.7 297.2 295.6 298.2 299.9 299 298.2 296.3 294.9 288.1 292 291.8 281.9 269.5 269.9 266.4 256.6 248.4 241.7 229.3 228.7 224.1 201.9 187.9 186.1 168.4 153.2 145.4 140.2 137.9 136.7 137.9 139.6 138.7 138.5 138.4 136.6 136.7 137.4 140.9 146.8 151.7 152.1 153.5 163.3 167.1 172.5 176 184.4 195.5 211.6 216.8 228.1 242.7
334.4 326.9 322.2 316.6 307.8 303.4 301.1 296 302.9 302.6 304 312.4 315.7 314.3 310.3 308.2 308.5 312.2 315.8 316.7 318.5 313.2 305.9 310.5 312.3 311 310.2 308.6 311.4 309.3 307.7 298.9 295.6 300.3 302.2 297.8 287.9 286.6 288.7 280.6 268.4 270.9 260.1 240.9 225.5 209.3 201.2 188.7 180.5 167.4 152.9 146.4 140.7 139.9 141 140.5 143.1 152.5 153.2 149.3 140.6 136.4 137.3 137.1 140.8 141.5 144.3 146.5 154.5 159.8 163.1 167.4 170.8 184.7 199.1 210.1 216.1 231.2
343.1 332.2 327.2 328.9 321.6 322.9 312.9 303.1 315.7 319.7 310.8 312.7 318.7 319.6 318.5 322.4 319 317.7 319.6 321.5 321.6 315.8 312.9 321.5 321.5 318 316.7 316.9 317.7 320.1 325 314 309.6 308.6 309.7 307 306.2 295.8 298.2 290.9 291.7 283.1 271.9 254.7 229.2 215.3 206.3 192.9 180.6 178 170.3 157.7 144 141.8 142.4 142.9 146.5 154.5 161.1 154 148.6 141.9 135.4 136.6 138.5 138.7 140.2 139.5 139.9 144.6 155 154.9 164.7 174.4 187.7 199.4 208.2 222.5
344.4 338.5 343.7 340.7 335.9 323.2 311.8 321 327.3 324.9 319 318 323.6 325.8 326.1 326 324.4 326.6 326.5 322.1 318.5 317.2 320 321.2 321.4 324.9 329.6 331.5 326.8 321.1 321.2 325.5 326.9 318.4 312.7 316.9 311.9 318.5 310.4 310.6 314 304 288.5 271.5 249.2 243.8 231.3 209.4 205.5 205.4 203.2 193.2 173.8 154.3 148.3 144.9 147.3 151.9 154.8 152.5 145.7 141.3 135 138.7 138.5 137.2 137.7 137.6 136.9 138.2 140.2 143.8 154.2 161 177.9 193.9 202.6 211.9
350.2 354.6 349.6 344.6 335.7 319 323.5 329.3 334.2 328.3 321.7 323.6 327.9 332.7 332.7 330.9 331.2 331.8 330.5 332.2 327.5 326.7 323 327.4 336.3 333.9 335.3 333 330.4 333.8 335.9 334.3 334.3 332.3 331.8 324.4 317.4 318.5 316.3 325.2 326.6 316.6 303.8 296 266.8 255.6 242.9 220.6 217.2 222.4 223 220.9 195.5 165 156.5 146.6 150.5 153.7 152.1 151.5 147 141.2 134.1 137.4 137 136 136.1 136.1 135.6 135.4 136.4 137.4 143 154.4 173.4 185.9 195.5 203.9
352 351.1 348.3 340.5 341.6 324.7 332 335.1 333.5 331.8 329.3 335.8 339 336.3 340.1 339.8 339.1 338.5 342.6 339.5 338.5 336.4 338.2 341.2 337.6 335.5 334.4 339.2 340.4 339.3 337.6 337.2 339.2 340.4 334.1 331.8 327.6 325.6 329.6 326.9 320.7 312.8 301.9 289.1 272.5 260.8 240 224.5 222.9 221.8 218.6 222 199.1 171.6 160.4 151.3 154.7 158.9 158.8 153.1 145.6 142.9 137.2 135.4 135.9 136.1 136 136.2 135.8 135.4 135.3 136.1 138.8 151.2 171.5 178.8 188.9 198.1
356.5 350.6 346.9 341.1 343.3 332.6 335.5 338.5 337.8 335 343 341.5 348.7 347.7 348.3 350.6 352.2 352.2 351.8 351.6 352.2 349.9 351 350 343.2 343.5 341.4 346.5 355.1 352.5 347.1 345.7 344.5 345.3 339 338.3 336.7 334 338.5 341.6 320.5 301.6 292.3 281.7 270.3 246.7 230.6 225.4 221.8 218.7 214.1 209.4 193.3 181.3 169.7 155.7 162.3 164.2 159.4 150.7 148.5 147.9 148.5 150.3 148.9 143.4 137.7 134.3 134.9 136 135 135 137.4 148.4 162.9 172.2 180.9 192.3
353.6 348.9 345.1 342.4 340.8 333.9 342.6 342.8 344.4 344.3 346.2 352.3 356.2 361.7 363.5 364.9 364.6 366.6 368.8 366.5 360.8 357.4 357.2 352.2 349.1 351 355.8 364.4 372.1 367.9 361.3 360.9 356.3 353.6 355.7 360.8 362.6 351.1 339.8 338.7 327.1 308.5 305.7 301.6 291.6 258.9 240.3 235.3 228 223.1 216.5 206.5 193.1 180.5 167.1 165.5 171.4 167 158.8 153.9 156.8 162.8 169.8 173.8 172.9 162 154 150.6 142.1 133.8 134.3 134.3 136 144.9 154.4 164.7 173.2 186.3
355.4 354 347.7 343.8 346.5 340.2 348.3 349.6 352.3 347.2 355.5 365 370.8 371.3 372 378.2 379.5 382.7 378.5 373.6 372.2 361.7 356.7 360.2 366.2 364.4 374.8 377.9 385.5 385.7 381.3 377.4 375 365.8 372.8 370.1 365 361.3 355.5 339.9 332.5 327.4 316.6 307 291.8 263 250.9 240.9 227.9 219.2 208.9 199.1 188.2 177.9 168.8 179.1 190.8 182.9 161.7 159.8 163.3 172.9 183.8 186.2 188.6 172.9 163.2 156.1 145.8 136.5 134 133.9 133.4 134.7 143.1 154.3 164.5 172.7
359.2 350.8 351 350.5 350.9 347.8 356.4 355.8 352.3 362.4 364.5 367.6 376.1 381.2 384.7 384.8 387 386.2 379.2 376.3 372.8 368.4 370 375.4 377.7 376 381.2 387.3 389.6 392.5 393.1 388.7 383.2 383.1 386.5 388.9 386.3 376.9 362 347.5 336.5 325 311.5 295.4 279.5 263.5 249.7 234.6 223.2 213.2 204 196.5 190.4 181.2 177 192.3 188.6 178.9 164.2 160.5 160.8 161.5 169.7 176.9 176.3 171.5 166 158.6 148.3 138.4 140.2 138.9 137.5 135.8 134.5 141.6 151.8 163.9
356.8 356.3 355.3 358.2 354.7 357.2 361.2 359.5 361.3 370.6 371.3 372.4 381.8 390.1 388.5 386.3 384.5 382.3 382.4 384.9 388.6 388.1 387.3 391 392.4 385.4 392.7 396.7 399.5 399.9 397.9 392.9 396.1 397.4 399.8 399.8 394.3 380.5 368.2 352.4 340 332.2 325.3 307.9 286.7 285.5 271.3 246.4 227.1 216.5 212.4 204.8 196.2 188 188.8 197.8 190.4 186.8 179.9 171.5 162 163 163.7 163.9 164.2 164.8 165.2 160.1 147.4 144.1 146.4 145.8 143.4 138.3 132.8 136.8 144.8 161.8
359.1 360 361.2 359.8 353.8 362.8 363.8 365.6 365.9 370.7 372.3 375.8 379.6 383.7 386.8 387.4 389.9 390.1 393 395.2 396.9 394.1 399.3 401.6 398.9 397.7 398.7 404.9 405.7 401.3 400.1 405.9 407.5 407.3 410.2 410.9 400.9 398.9 394.6 380.4 361.3 342.1 327 313.6 301.7 297.9 284 261.3 243.4 232.6 221.4 218.2 205.1 189.8 194.6 200.3 203.6 205.1 203.3 197.8 189.2 180.3 172.9 168.1 166.8 167.9 167 158.3 146.4 146 151.8 149.2 144.9 137.9 132.2 137.1 146.4 162.3
361.1 365.6 367.2 362.8 362 365.4 370.5 370.2 369.9 373.3 378.7 381.9 386.7 389.8 395.1 401.3 404.5 402.6 403.4 403.7 404.7 402.6 404.6 406.7 402.8 407.3 407.8 408.5 408.8 411.5 413.9 418.9 420.8 419.3 417 413.1 411.4 407.5 402 391.4 380.5 362.5 334.9 315.2 311.6 307.7 289.2 270.5 252.6 243 235.8 227.2 214.6 197.5 206.7 213.9 220.1 223.3 224.7 221.3 211.4 202.1 192.2 186.2 177.9 177.7 170.6 159.6 151.1 152.2 151.8 149.4 144.4 133.1 133.4 134.1 142.7 153.5
371.8 375.7 373.4 370.9 364.4 374.6 374.3 372.9 373.5 382.1 386 390.9 396.4 400.5 405.8 410.6 408.7 413.4 415.7 418.1 418.5 420.7 418 416.9 414.8 413.3 416.9 413 414.7 419.9 427.8 431.6 429.7 429.6 426.8 424.5 425.2 422.7 407.5 393.8 382 361.1 340.9 334.3 319.7 308.1 295.5 277.4 256.3 252 244.3 231.9 215.9 208.2 218.6 226.8 234.6 242.3 247.5 240.3 229.5 221.3 212.6 203.3 191.7 185.5 178.9 174.2 169 164.5 160.1 154.3 144.2 136.3 133.4 133.3 133.5 139.5
379.5 381.7 377.8 375.2 372.3 369.5 372.7 376.9 382.3 388.4 395.4 400.3 405.2 409.3 414.8 416.7 420 424.1 427.8 431.6 430.8 429.1 425.6 426.7 425.9 425.6 426.2 419.5 423.8 426.4 431.2 434.8 435.7 437.1 438.3 437.7 439.3 433.4 424.2 411.4 390 367.7 356.4 352.4 335.6 313.4 294.1 277.9 261.6 253.6 246.1 230 208.7 221.6 230.4 238.5 246.9 256.5 258.5 255.8 250.7 237 228.5 219.9 208.5 199.6 194.1 190.3 183.3 175.9 167.9 159.9 148.2 152.7 146.9 137 131.3 131.8
390.2 384.2 379 379.1 375.2 373 381.3 384.8 388.2 392.9 399.7 409.1 418.8 428.6 430.5 432.8 433.4 434.1 435.2 436.8 437 439.5 437.6 440.2 440 437.2 435.8 431.9 434.9 438.9 440.7 443.7 445.2 452.2 452.6 452.6 449.1 445.4 435.7 419.1 396.7 376.9 370.4 359.7 345.2 322.8 299.2 277.2 258.9 247 237.5 220.1 222.3 232.7 240.4 247.3 258.4 267.4 268.9 267.8 263.4 252.7 243.8 234.6 223.1 214.9 208.9 203.7 196.1 187.8 177.6 165 152.2 163.9 162.6 154.9 142.3 133.4
388 383.9 383.7 382 380.5 386.3 386.8 392.5 396 399 405.5 416.6 431.4 437.8 440.2 441.6 440.4 443.6 446.4 449.1 448.9 449.6 448 452.5 450 442.2 443 446.5 446 445.2 447.9 451.1 459.5 465.6 464.7 463.2 459.1 453.1 439.9 421.8 406.2 381.6 372.4 361.4 350.1 333.3 320.3 294.9 264.7 244.3 227.5 223.7 233.6 241.5 250 257.6 267.8 279.8 284.4 283.3 275.8 263.5 253.7 242.8 231.3 223.8 217.8 212.1 205.1 196.7 184.5 169.1 160.1 163.6 163.3 159 146.7 132.9
394.7 395.5 391 382.8 387.4 396.3 398.6 401.1 409.6 417.7 423.3 427.1 436.1 438.3 443.7 446.9 451 454.1 456 459.9 460.6 462.5 460.2 462 457.6 452.4 454.8 456.8 453.1 452.4 455.8 463 472.2 471.5 470.8 470 468.8 465.2 456.2 431.5 402.8 386.5 374.7 367.8 355 341.2 323.2 297.4 271.5 249.1 223.9 233.8 243.9 251.3 259.3 267.4 277.7 285.6 285.3 279.8 278.6 276.8 261.9 242.6 230.2 226.1 222 216.4 210.8 202.6 189 174.9 167.4 169.6 163.8 152.6 145.5 138.1
406.3 400.7 396.9 388 401 405.1 412 413.6 422.4 427.6 431.3 434.8 439.2 447 453 458.8 462.2 462.8 467.1 471.6 472.9 472 470.2 468.1 461.9 465.5 466.5 469.3 464.1 463.7 471.1 476.9 476.1 480.4 482.6 481.1 476 459.8 439.7 420.7 404 387.5 373.7 366.3 352.8 338.4 320 296.3 271.9 248.1 240.6 245.5 252.6 259.6 267.3 274.6 282.6 288.6 291.7 292.9 291.4 285.1 265.4 241.8 231.2 226.6 225.8 224.5 218.1 207 191 179.3 172.6 169.5 163.8 160.3 158.5 155
413.9 409.6 406.6 406.4 413.1 415.4 420.9 424.2 429.9 436.7 442.6 444.2 454.5 462.5 464.7 466.2 468.9 470.8 477.2 482.5 481.8 477.7 474.8 475.4 476.4 477.8 477.3 472.2 479.2 482.4 479.5 483.4 488.4 495.7 496.7 495.5 486.2 465.7 438.6 418.4 404.6 391.9 380 363.1 349 342.5 332.2 302.6 276.1 251.9 252.9 253.8 261.1 268.4 275.9 282.2 286.4 296.1 301.4 296.2 285.7 272.3 259.8 252.1 247.1 242.8 239.7 235.7 226.5 214.1 202.2 191.4 182.1 178.2 179.8 182.4 180.3 179.1
427.5 424.2 420.4 421 427.3 426 431.4 437.2 446.3 450.1 450.7 453.3 464.6 469.5 476.2 478.6 480.2 486.9 483.4 485 484.5 486.2 485.7 490.4 488 484.5 483.2 487.5 493.1 491.5 487.6 493 498.5 500.5 505.6 496.8 484.8 459.1 436.8 413.3 411.4 398.7 384.7 365.8 351.5 343.1 331.6 311.4 281.6 262.7 265.1 263.2 270.5 275.7 284.1 292.9 296.7 294 296 298.5 286.6 280 275 270.4 267.7 263 256.6 246.7 233.8 222.7 213 200.6 191.9 200.9 198.7 204 198.5 195.9
448.4 437.7 424.7 428 431.3 438.4 442.5 451.4 453.5 456.9 462.5 461.7 471.1 481.7 490.5 494.1 494 495.5 495.8 495 497.9 493.9 492 494.4 495.9 497.1 498.2 498.1 504.8 504.5 498.6 500.1 498.3 497.2 493.4 487.3 473.1 456.8 430 434.3 422.1 408.5 390.8 377 359.3 342.1 327.1 310.1 285.6 275.7 276.7 273.6 279.3 285.8 292.7 301.1 308.1 309.8 306.5 293.3 290 293.3 288.1 285.7 285.3 281 269.8 255.3 240.9 235.4 223.6 215.9 213.2 219.7 217.6 210.7 208.6 209.2
455.5 444.9 431.9 437.2 442.9 448.4 449.8 457.7 462.3 464.8 467.8 471.9 484.3 492.5 501.2 504.1 502.8 503.2 503 506.5 504.6 503.3 507.3 510.8 512.6 512.3 510.9 507.5 511.4 510.5 506.1 507.3 501.6 498.7 489 480.5 474 448.9 456.3 443.1 427.9 415.2 400.7 385.7 371.2 353.9 333.5 314.5 289.8 288.8 288.3 281.8 290.3 296.1 300.6 305 307.9 313.1 315.9 307.1 302.6 303.3 302 301.7 300.7 300.5 282 261.5 257 251.5 239.6 234.4 232.7 233.5 234.1 222.5 214.3 214.1
455.1 447.2 443.6 451 449.6 456.8 461.3 463.5 474 477.4 477.4 484.9 490.8 495.5 503.1 509.4 514.4 514.2 512.7 513.5 514.3 517.7 525.9 536.2 537.9 530.7 519.7 517.6 520.6 520.7 515.1 507.5 505.6 506.2 500.4 483 472 469.1 463 446.2 431.1 418.9 407.5 392.9 376.8 359.7 343.6 318.7 301.9 302.9 300.1 289.8 298.3 305.6 307.9 313 314.1 314.2 316.8 320.2 317.9 318.6 322.3 319.9 316.8 307.4 289.3 281.9 285 272.9 259.7 256.1 251 248.7 245.8 233 219.6 214.4
460.5 451.2 453.7 456.2 457.5 461.1 467.4 468.7 477.5 485.2 485.8 492.2 499.5 503.6 514.7 520.8 526.9 525.7 519.6 522.8 527.3 541.6 547.5 549.3 548.1 544.1 535.9 531.5 527 519.2 518.6 515.7 513.3 509.9 501.7 495.1 495.3 487.4 472.6 453.5 438 424.7 409.1 393.9 378.8 363 346.4 331 321.4 317.5 313.1 305.3 303.3 313 318 323.2 322 324.6 325.7 327.7 329.7 336 340.1 337.7 330.7 316 299.2 309.4 306 293.3 278.1 267.8 260.2 252.4 251.6 239.4 225.7 215.9
