public/OST50/NN53.asc
ncols 200
nrows 200
xllcorner 250000
yllcorner 730000
cellsize 50
[rows 70 to 104 of 200, columns 78 to 155 of 200]
339.6 353.7 368.1 386.4 401.7 418.3 434 449.7 460.7 470.5 485.8 497.3 506.3 519.4 535.1 552.2 560.7 566 562.8 569.7 572.6 577.9 578.4 562.5 552.4 542.8 537.2 531.4 528.4 520 518.8 523.1 530.9 532.3 543.5 555 564.3 571 579.1 588.1 595.8 603.9 614.8 624.9 631 633.9 632.8 638.5 649 658 667.5 662.4 646.2 623.5 598.8 573.9 555.9 542.3 531.5 524.9 520.6 525.7 526 520.2 522.3 521.8 520.9 521 517.9 518.7 516.9 517.1 522.3 524.7 526.2 526.2 527.1 529.1
331 343.8 358.1 378.6 400.1 413.3 422.7 434.2 446.9 463.1 480.8 494.8 508.3 517.7 532.1 538.5 543 547 537.9 534.4 534.4 529.9 529.8 527.1 531.7 529.5 529.4 525.6 516.5 509.2 503.6 510.2 517.8 517.5 529.8 539.3 549.5 562 571.5 578 584.4 593 600.8 608.2 614.1 617.1 619.5 624.1 636.1 646.5 645.5 638.1 620.2 598.8 578.2 558.6 544 533.7 527.4 522.2 517.8 515.7 512.8 510.8 514.1 515.9 512.6 512.5 510 516.4 518.1 518.5 520.1 521.5 521.7 522.5 524.9 526.7
322.1 336.7 354.2 371.3 383.6 398.5 412.5 429.7 445.1 466.8 481.8 492.6 502.9 508.2 509.8 515 518.7 519 513.1 504.7 503.5 507.4 509.8 513.1 521.5 516.3 508.1 507.9 508 505.2 496.2 500 504.2 505.7 518 523.9 538.1 550.7 559.7 568 574.5 581.5 589.2 595.3 599.3 604.5 612.3 622.6 634.6 640.5 634.7 622.9 600.6 578.6 561.4 546 537.6 533.8 529.7 524.7 519.7 514.5 510.7 508.2 504 504.9 502.7 506.9 510.4 510.9 513.1 517.1 517.7 519.2 520.5 522.8 525.2 526.8
314.6 329.8 347.5 364.7 379.6 391.6 402.3 415.8 432.3 451.8 463.4 471 478.4 483.2 482.2 486.9 492.5 493.6 490.5 493.4 498.3 500.2 503.9 505.8 505.4 503 499.5 498.5 499.9 498.7 487.1 492.3 490.5 496.7 501.2 510.6 521.1 533.1 544.2 553.7 561.5 570 576.1 583 591.8 601.1 610.3 621 620.4 616.9 608.9 598.5 579.4 560.5 547.7 537.6 532.9 527.1 519.9 511.7 505.9 502.5 499.5 497.3 495 499.2 501.3 503.9 506.8 510 515.2 516.6 517.4 519.4 520.9 522.5 524.6 526.9
306 320.4 343.4 360.5 371.8 382.6 393.4 402.7 416.8 430.3 445.8 454.5 457 457 453.3 458.9 468.6 478.1 483 479.6 485 489.7 491.2 494.6 496.7 492.9 491.7 488.9 492.5 485 481.5 481.3 481 486.1 491.5 500.3 511 521.9 534 546.3 553.8 563 571.2 577.6 585.7 598.1 605.1 607.7 604.7 601.5 592.3 583 565.6 547 534.8 526.4 518.5 511.4 505.3 500.2 498.8 497.2 493.3 491.5 490.5 495.1 499.5 502.4 506.8 510.1 512.2 514.9 517 518.1 519.1 520.5 522 523.8
299.2 312.6 328.5 344.9 361.4 374.8 387.5 394.2 402.4 413 421.3 426.3 432.9 437.8 439.2 451.2 458.9 469.4 473.4 477.4 486.3 492.2 494.6 492.9 493.5 492.6 487.3 484.6 481 474.6 472.4 474.3 472.7 476.6 484.2 490.4 501.4 515.6 528.1 540.9 550.9 562.4 572.8 580.9 589.2 594.4 593.5 597.9 603.6 597.8 584.7 568.8 548.8 533.6 521.9 516.2 508.2 503.6 498.6 491.9 489.4 489.6 488.2 481.4 490.6 492 497.8 501.3 504.3 506.8 509.1 511.2 512.4 513.7 514 515.7 517.6 520.2
293.6 305.1 317.8 334.3 352.9 364.7 374.6 385 397.6 403 403.3 409.9 418.8 424.4 432.6 439.7 447.9 460.4 463.5 470.2 480.9 486.4 491.5 496.7 501.1 496.3 489.2 478.7 470.4 470.8 463.5 468.2 466.5 471.2 476.1 487.1 498.9 513.4 527.2 536.5 546.6 558.6 570.5 580.3 587.6 591.3 586.5 583.8 583.5 581.4 567 548.4 533.4 522 512.2 503.6 497.5 490.9 488.1 484.8 484.7 483.6 484.1 482 489.1 491.1 493.8 496.8 497.7 500 502.4 504.3 505.8 507.7 509.8 512.1 513.8 516.5
285 297.7 312.6 325.9 337.7 350.5 362.7 371.6 378.4 393.7 402.1 408.5 414.3 419.5 427.2 437.1 445.9 451.9 457.9 464.6 475 487.4 498.7 506.2 507.7 495.3 491.1 477.7 467.9 466.5 454.2 452.6 463.3 459.6 471.5 483 497.5 509.6 520.9 530.9 540.6 551.8 564.2 573.6 582 585.2 582.5 576.6 567.8 556 542.6 531.9 517.3 506.9 501.4 492.6 488.3 485.9 482.6 480 480.5 480.4 475.3 482.8 485.5 487.5 489.5 491.1 492.7 493 495.9 498.4 500.3 502.4 504.2 506.1 509.1 512.2
274.5 288.7 300.4 314.9 327.9 339.2 349.2 359.5 372.9 386.4 400.7 409.1 416.7 425.5 425 428.1 437 445.6 452.5 460.5 474.6 486.1 489 494.6 495.6 488.7 480.8 468.6 463.1 453.3 446.6 439.8 449.8 455.5 465.7 476.7 490.2 501.3 511.1 520.7 530.4 541.7 549.1 558.2 567.1 569.7 568.6 557 551.1 542.2 530 515.7 503.8 495.9 490 485.3 481.7 478.2 476.6 475.3 475.2 475.1 468.5 478.3 480.8 482.3 482.4 483.3 483.6 486.2 488 490.5 492.7 495.4 497.3 500.6 503 505.1
264.4 279.9 294 307.5 318.9 328.8 342.3 356.3 370.5 380.6 391.6 400.9 407.4 417.4 421.1 423.1 429 435 443 450.4 457.9 466.4 470.4 474.8 472.1 472.7 473.3 463.8 462 453.1 451.3 428.4 438.5 446.9 457.2 468.7 480.6 490.9 501.1 508.5 516.7 524 530.1 537.3 542.2 544.3 534.6 531.3 533.2 523.4 511.6 497.4 490.3 485.3 480.3 476.2 473.8 472.6 471.4 471.3 471.4 471 467.1 472.9 473.5 474.1 474.4 475.4 476.4 478 480.4 482.4 485.2 488.5 489.9 491.9 494.6 496.2
253.1 268.1 287.9 301.8 313.4 323.6 335.1 349 360.7 371.2 380.5 389.9 395.3 402.4 407.3 412.4 419.4 426.9 432.8 437.4 443 452 456.4 457.2 459.1 461.8 463 458.9 450.7 453 450.2 422.4 426.5 436.9 448.2 458.8 469 478.5 486.8 494.6 501.6 509 515.1 518.5 519.9 518.2 518.5 524 518.9 505.4 494.4 485.9 480.6 475.2 471.9 469.7 468.3 465.7 465.6 464.7 464.1 463.7 461.6 465.2 466.1 466.7 467.7 467.7 467.9 467.7 469.1 470.7 474.7 476.8 480 483.5 485.5 486.1
244.2 259.4 272.7 289.7 304.4 317.2 328.1 339.5 351.9 360.8 368.9 378.7 384.8 391.2 396.3 400.5 409.3 416.2 420.3 424.7 433.8 439.6 443.6 449.6 446.9 449.9 449.9 439 437.4 447.3 445.7 420.1 423.9 431.1 435.6 444.7 454.3 464.2 475.3 483 491.7 501 506.9 510 509.4 509.7 513.7 509.4 502.9 490.2 486.4 478 471.7 467.9 463.1 461.2 459.5 459 458.3 457.4 457.8 458.2 454.3 458.7 458.6 460 459.8 458.9 458.8 458.7 459.9 462 464.2 466 473 478.1 475.2 474.5
235.4 250.2 265.6 277.7 294.7 307.3 320.4 331.3 342.4 352.9 360.3 368.4 374.9 380.5 386.4 391.4 400.4 406.9 415.9 415.9 424.4 433.3 438 436.8 435.9 440.9 436.3 432.9 434.6 436.4 431.1 417.2 408 420.3 425.2 433.2 443.9 454.3 464.7 473.8 484 492.5 495.7 498.5 500.3 503.3 501.6 495.2 487.5 478.8 475.8 467.1 463.3 459.7 457.1 455 454.2 453.9 453.6 453.8 454.3 454 454.4 454.3 453.9 453.3 452.6 451.6 451.3 450.7 451.1 451.7 453.8 459.4 462.8 461.9 462.2 462.7
227.7 242.1 253.6 268.1 281.7 297.2 311.4 321.3 333.5 343.6 352.7 360.8 367.2 372.1 376.8 382.3 390.9 395.1 400.7 406.4 412.7 410.1 414.8 418.4 424.9 424.6 426.4 432.5 424.1 420.7 410.4 398.3 400.6 410.7 417.2 426.5 436.3 445.8 455.8 463.5 469.6 477.4 485.7 488.9 491.2 491.3 488.5 482.2 472.6 467 462.7 459.2 457 455.1 452.9 451.1 450.4 449.6 449.5 449.6 450 450.2 449.8 448.8 447.8 447 446.1 445.2 446 444.4 445.6 445.3 446.6 454.5 456.4 457.1 456.2 453.1
216.6 231.3 243.8 257.3 270.6 283.8 297.4 309.7 320.2 331.8 340.3 347.8 355 361.5 366.4 371.1 378.3 388.8 391.3 391.5 392.6 397.1 405.2 412.8 416.7 415.2 415.4 422.4 410.4 393.7 389.6 378.4 395.8 401.9 407.9 419.6 428.5 434.9 444.2 449.9 456.5 462 468.6 475.3 482.9 484 478.1 468.2 458.5 455.8 452.5 449.9 448.6 446.8 445.8 444.8 444.9 444.9 445.2 445.6 446.1 446 440.7 443.7 443.2 442.3 441.4 441.5 442.2 437.4 436.9 437 440.8 449 451.6 450.9 448.9 445.6
210.9 224.2 234.9 249.4 259.9 271.6 285.1 295.6 307.1 316.4 325.2 335.4 343.1 349.5 356.5 360.6 366.4 372.5 375.6 380.1 386.4 393 399.5 407.9 408.2 405.1 401.6 400.2 395 391.8 380.1 368.3 385.4 388.6 397.1 409.1 416.9 424.4 429.8 436 443.6 449.6 453.9 455.6 457.9 459 453.7 451.7 446.4 444 444.6 443.1 442 440.4 440.1 439.5 440.3 440.5 441 441.4 441.7 441.6 440.2 440.1 439.3 438.4 435.8 432.9 430.5 428.6 428.3 429.2 433.9 439.4 441.8 444 441.4 437.8
204.4 217.2 223 233.8 246.1 258.2 270.4 281.3 290.8 301 310.3 317.7 325.6 334.1 343.1 348.3 355.6 363.1 367.4 372 380.9 385.8 385.8 385.9 390.3 400.9 396.8 387.5 388.5 385 379.3 361.6 369.3 376.5 387.1 403.1 411.1 414.3 418.8 423.8 428.6 433.6 436.1 436.9 437 440.2 442.7 440.2 434.9 431.8 432.8 432.2 431.8 432.9 434.6 435.2 437.8 436.8 438.7 439.2 439.8 440.1 438.8 435.3 434.1 431.7 430.6 427.1 423.8 421.6 420.1 421.6 424.6 428.7 433.1 433 431.9 429.5
196 203.8 209.4 226.3 237.1 244.4 257 265.5 276.7 286.4 295.7 301.2 312.9 321.9 329 338 347.7 355.9 361.1 362.5 368.4 373.4 374.6 372.2 377 380 380.6 379.8 383.3 383.6 375.2 354.2 358.4 367.6 376.4 388.5 395.6 400.6 404.6 410.9 417.1 421.8 424 425.2 433.2 431.4 435 432.6 434.6 430 425.2 427.1 429.1 429.7 431.3 428.8 433.8 431.9 435.8 437.3 438.2 439.6 438.2 434.9 431.2 422.5 420.9 417.1 412.3 411.8 411.4 413.2 414.5 416.3 421.1 425.4 425.4 424.5
180.3 194.8 206.7 218.8 225.3 234.5 243.5 253.7 264.4 272 281.9 290.9 300.3 311.4 318.6 324.2 337.3 347.6 349.4 353.2 356.5 358.9 360.4 366.9 373.8 373.2 373.9 374.5 377.5 378.5 372.7 350.3 353.1 356.9 361.3 369.5 375.9 386.2 392.6 399.9 402.6 404.9 410.6 423.1 426.1 426.6 431.9 430.3 428.9 423.6 424.1 432.2 432.5 429.5 426 424 429.5 429.2 434.7 435.8 438.6 439 440.2 437.5 433.2 426.3 409.4 406 401.9 399.7 402.1 404.6 403.2 403.5 410.1 415.7 413.1 408.8
176.9 191 204.2 213.3 219.1 224.5 234.3 243.9 253.2 263.9 272.7 279.4 285.6 293.8 302.8 312.3 320 329.1 333 342.6 347.7 352.6 358.9 363.6 366.8 368.2 364.3 366.6 368.9 369.8 358.4 339.8 342.7 346.6 352.1 357.9 364.6 372.4 380.9 388.1 394 393.2 402.3 411.1 413.5 413.2 416.9 422.6 425.6 421.6 419.1 424.5 430.3 428 424.3 413.4 419.1 429.2 431.7 432.6 430.6 433.9 440.9 433.5 430.8 421.1 407.7 391 391.1 390.9 391.6 392.7 391.1 391.8 395.6 398.8 397.9 394.5
175.4 184.8 196.4 209.3 215.5 224.5 236.1 239.1 245.5 255.3 257.7 264.9 265.2 273.5 280.4 288.7 299.7 296.4 319.7 330.1 338.6 345.4 354.9 360.4 362.4 360.7 356.9 352.7 357.5 352.6 337 323.6 331.4 338.2 342.7 348.5 356.1 363.8 372.4 379.8 384 393 397.3 401.2 405.1 410.3 418.1 423.7 422.6 422.5 416.9 420.5 419.8 416.8 411.5 406.6 415.7 424.9 428 428.4 426.8 429.4 436.1 430.6 419.7 408.5 397.9 388.3 374.5 379.4 377.1 376.6 374 372.5 375.3 378 378.5 377.5
178.7 188.7 197.2 210.5 217.2 227.8 232.8 237.6 235.3 237 242.7 244.3 249.4 252.5 258.2 266.6 266 279.9 303 317.5 327.2 332.9 339 337.5 340 349.1 355.6 343.8 332.4 325.3 318.2 313 318.6 325 326.6 333.6 343.2 352 362.2 370.2 374.3 375.6 382.3 388.6 395.6 399.9 409.3 415.9 413 409.8 402.3 410.2 416.7 412.7 405.7 405.3 412.9 425.6 425.1 427.2 422.3 419.8 423.7 415.3 404.1 399.9 394.4 380.3 361.1 369.5 366.8 362.2 355.1 349.3 354 358.4 359.3 360.1
169.8 184.2 195.8 201.4 210 212.8 217.7 221.4 220.3 223.5 222.8 222.7 225.2 229 235.3 237.5 241.8 256 273.3 288.4 291.8 298.9 299.6 302.1 303.2 314 316.5 309.9 315.6 316.7 304.2 289.5 296 301.4 308.9 322.6 330.8 339.6 347.5 355.1 360.9 365.5 370.6 378.7 386.4 389.9 393.7 393.5 398.3 398.7 405.1 410.8 411.5 399.9 387.8 402.1 404.4 416.2 417 417.6 416.4 403.4 402.5 397.3 396.9 395 385 372.5 345.1 349.2 351.4 347.5 340.8 331.4 332.3 339.1 341.7 343.7
154.4 167.5 176.7 180.9 183.7 186.4 193.3 200.4 204.7 208.8 211.8 211.9 211.9 213.9 216.3 214.5 216.9 235 251.8 258.8 267 273.5 276.4 277.8 285 286.2 283.9 292.2 297.6 296.1 287.4 271.5 277.4 285.8 293 305 315.6 325 335.6 344.1 352.1 358.7 360.2 364 369.9 376.9 377 379.6 391.2 394.1 397.9 398.6 391.6 382.3 376.7 390.3 398.8 410.6 411.6 407.3 398.7 386.5 386.5 390 396.5 398.5 390.5 371.9 339.7 332.6 334.8 331.6 323.7 312.7 313.1 320 322.5 326
138.1 146.9 152.6 154.1 153.3 160.7 165.2 177.8 186.3 193.7 198 201.7 202.9 203.2 202.2 191.8 201.1 219.1 231.8 234.8 244.6 250.4 250.4 254.6 262.1 260.7 264.8 276.3 272.5 272.1 265.8 255.6 256.4 269.7 280.7 289.4 299 310.2 320.2 333.4 343.6 344.5 351.3 348.9 344.6 349.3 352.9 363.1 377.2 381.2 381 377.3 367.3 361.6 370.4 383.5 388 401.4 398.3 391.1 378.7 383.4 380.9 386.2 391.2 389.7 384.2 370.3 341.7 311.5 319 314.5 307.4 298.5 293.6 300.8 305.3 308.6
133.9 134.5 131.7 135.3 139.6 146.3 153.1 161.5 170.5 178.8 184.3 187.9 188 185 179.5 173.4 184.2 202.2 209.3 214.3 222 223.8 224.4 236.9 239.9 237.1 242.3 251.7 250.3 247.8 243.5 233.1 233.1 254 266.1 274.1 284.4 294.9 302.1 318.2 331.2 331.5 336.3 325.9 326.3 331.2 333.5 346.7 359.9 366.9 360.5 358.6 347.1 351.2 365.1 375.9 382.2 383.4 378.1 370.1 377.1 380.5 368.2 372 380.1 378.6 368.9 355.6 329.9 303.7 295.6 294.4 291.8 286.6 280.2 284 288.4 290.7
131.6 132.7 132.2 130.8 134.4 137.4 138.9 141.7 151.3 160.8 167.5 170.8 169.3 163.4 155.5 156.2 163.2 175 178.9 180.8 186.2 186.6 195.3 201.9 203.5 206.7 215.5 217.8 220.9 227.2 222.5 215.7 223.9 241.5 251.5 261.7 271.6 280.1 287.4 300.8 310.9 310.6 308.8 309.9 313 309.1 314.4 327.4 340.3 341.2 341.7 343.7 333.8 341.4 347.6 355.1 364.3 356.4 358.9 372.7 372.9 358.1 355.7 358.2 368.2 359.1 344.5 328.9 309.2 287.7 271 274.2 275.6 273.8 267.8 272.3 275.4 276
131.2 133.8 138.1 138 133 130.3 130.6 131.5 133.9 141.9 149.3 151.6 148.4 139.9 139.7 142.2 147 152.2 151.3 156.3 161.1 171.2 175.1 176.3 179.6 183.6 188.7 188.9 196 204 200.8 194.2 208.7 223.5 235.1 247.1 258.4 267.6 275.5 282.6 286 285.1 284.9 283.8 289.1 287.9 294.1 302.7 317.9 315.3 314 317.8 323.2 330.2 332 327.5 330.7 334.6 349.9 355.2 345.2 334.5 329.7 324.1 335.6 328.8 316.8 303 287.1 266.8 259 260.5 259 260.9 257.5 258.4 262.9 265.7
145.9 146.8 150.2 154.6 155.5 153.6 146.5 137.2 125.2 127.8 134 133 130.7 127.9 129.2 130.9 133.5 137.6 137.8 146.6 153.4 158.5 161.9 162.9 164.5 165.1 173.5 180.5 181.6 188.1 184.2 180.5 193.3 208 219.2 232.1 243.7 253.3 263.2 271.9 275.9 269.7 267.9 270.9 268.5 267.8 277.8 282.2 292.7 290.3 283 305.8 317.2 308.7 306.7 300.7 303.5 319.2 333.7 325.5 317.2 308.8 300 288.1 296.2 295.8 288.8 277.2 266.6 252.1 251.6 251.6 248.9 246.9 246.4 248.8 253.6 256.5
171.6 168 171.4 173.7 176.9 174.4 157.5 150.3 130.3 113.3 119.4 118.8 117.7 119.2 121 122.6 123.9 127 136.1 139.5 143.4 147.3 151.6 152.8 151.7 165.6 174.9 180.5 185.3 188 181.6 168.7 179.8 193.7 208 217.2 227.9 238.7 244.8 254.1 261.2 260.8 250.6 246.5 247.3 249 259.5 258.5 259.9 260.2 258.4 275.3 280.7 277.9 280.2 277.8 281.3 290.8 296 294.8 288.7 284.5 278.8 263 264.3 264.2 259.2 253.9 251.4 242 241.1 242.4 238.4 231.2 236.5 239.9 243.2 245
196.7 189.3 190.6 194.7 199.6 185.6 165.2 153.1 138.9 121.6 113.2 113.1 112.5 115.3 117.6 119.2 119.6 119.6 126.5 127.8 134.2 137.5 143.4 142.4 145 160.6 168.8 172.8 176.6 175 168.4 155.8 164.2 179.6 194.3 209.4 211.8 224.6 233.2 235.2 242.9 248.3 240.3 231.7 228.6 226.2 228.7 229.9 227.2 227.8 222.7 236.5 244.1 250.6 258.7 261.8 259.1 264.5 266.6 261.7 259.1 258.1 254.3 246.2 244.4 243.1 238.4 240.3 237.6 232.2 231.3 232.7 229.8 224.6 226 228.5 230.1 232.9
206.8 206.1 208.3 211.9 206.4 191 174.4 158.3 140.6 128 119.1 114.8 110.6 116.8 118.1 117.9 116.4 116.5 120.4 120.8 124.4 130 135.4 136.8 135.5 144.9 150.1 152 159.6 161.1 157.5 150.9 149.7 164.1 175.8 189.2 195.4 206.9 220.7 220.7 220.4 224.4 225.1 218 213.8 205.2 202.8 205.3 201.5 198.3 196.9 211.9 220.8 231.2 237.9 241.8 238.9 240.9 239.1 236.9 236.2 235 231.7 228.6 228.6 227.8 228.7 232.1 232.1 225.9 223.2 221.9 219.8 214.8 215.9 219.3 221 222.2
209.6 209.4 217.6 213.5 210.5 195 173.4 155.9 145.6 132.5 120.2 115.4 111.2 118.5 122.1 118.5 115.1 114.7 116.7 120 121.5 123.6 129.4 128.7 129.2 129 131.4 137.2 144.4 147.5 146.1 140.2 136.9 148.8 158.6 169.5 179.8 191.5 201.2 204.2 204.7 206.5 208.8 199.8 193 181.2 182 185.1 181.9 175.5 178 194.1 199.1 205.4 213 215.5 217.6 217.8 217.6 216.8 216.1 217.1 214.2 215.4 217.2 217.8 219 219.3 221.4 216.8 213.6 210.5 209.5 207.3 207.9 211.1 210.8 211.2
210.6 207.1 205.7 202.2 198.3 184.6 167.7 158.7 148.1 135.1 122.6 117.7 113.1 117.9 117.2 115.8 112.5 110.7 115 119.4 123.9 124 123.6 120.7 120 118.6 120.8 124.5 130.4 133.6 134.6 131.9 129.2 135.9 145.7 154.9 162 171.5 180.3 184.5 184.4 186.9 184.1 176.1 169.1 159.2 159.5 160 158.3 160.7 159.7 167.3 175.9 183.1 193.8 203 206.3 206.4 205.7 206 206.6 204.9 203.6 206 203.8 206.6 208.2 207.8 206.6 204.2 202.6 204.5 205 203.3 202 201.3 199.9 198.3
205.8 197.8 187.7 181.8 175 170.8 163.2 154.5 144.7 132.4 123.4 115.2 111.2 112.9 114.6 112.4 111 111.1 113.5 118.6 121.3 118.4 116.5 116.2 115 115.8 116.4 121.4 125.7 122.9 123 121.9 122.3 121.4 127.4 138 142.4 149.4 159.5 163.4 161.1 159.7 159.3 154.1 145.5 141.6 145 144.3 144.7 147.4 146.2 149.8 157.1 169 181.2 183.5 192.1 193.9 192.4 194.8 200.3 199.9 205.5 203.8 199.4 202.8 200.8 197.5 194.4 193.7 195.9 199 201.5 199.8 195.7 193 190.4 186.5
