public/OST50/NN54.asc
ncols 200
nrows 200
xllcorner 250000
yllcorner 740000
cellsize 50
[rows 140 to 174 of 200, columns 0 to 77 of 200]
687 680.4 656.2 634.7 618.6 605.4 591.5 579.9 571.3 564.7 555.3 551.3 539 529.4 525.9 523.8 522.6 520.6 518 513 508.8 501.4 490 480.5 475.2 467.6 458.9 447.1 436.1 425.8 415.8 405.3 397.4 385.8 375.5 362.2 348.4 334.8 322.5 309.3 298.6 295.2 283.8 271.8 267.9 264.3 261.5 260.6 258.2 257.3 260.5 265.4 270 284.1 295.3 306.7 320.4 331.1 342.8 349.3 357.9 367.6 384.1 396.7 408.8 422.4 437.7 451.7 468.7 483.7 500.9 516.6 532.6 550.6 568 587.9 606.5 623.6
661.8 647.3 631.8 620.1 610.2 594.2 582.5 574.2 570 555.2 545.4 535.7 527.2 522.3 519.5 518 515.5 512.1 510.8 505.3 493.4 482.1 470.3 462.9 458.7 448.6 437.3 428.4 418.8 411.2 399.8 392.6 381.9 374 363.8 351 335.7 320.9 313.9 311.8 301.3 295.3 281.4 270 266.4 263.4 261 261.3 256.6 261.8 265.9 271.2 277.8 292.8 300.1 315.2 329.1 342.4 353.9 363.8 369.1 382.2 396.2 408.1 421.3 435.3 449 465.1 479.8 496.8 514.1 531.7 549.2 563.4 582 602.3 621 639.8
634.9 623.1 612.2 602.2 591.6 580.6 570.7 559.7 547.8 536.4 529.2 521.6 517.4 513.9 510.4 508 505.2 502.7 496.6 485.6 474 463.7 454.3 444.8 437.1 428.5 419.5 411.7 403.8 395.5 387.6 378.8 364.5 358.9 347.2 338.7 330 319.5 314.4 313.3 304.7 288.3 274.3 267.5 266.6 264.1 258.6 257.4 259.1 262.1 268.9 277.2 288.4 303.2 305.2 321 337.9 353.7 365.6 377 381.7 394 408 419.2 433.5 448 461.2 478.7 493.4 512.6 531.8 551.6 566 581.5 599.3 620.4 641.6 658.7
615.8 605.6 595.7 583.7 572.6 560.7 547.2 537.2 527.7 520.9 514.5 509.8 505.3 501.1 497.1 494.4 491.3 486.6 475 465.8 455.6 447.3 437.2 428.4 419.4 411 403.7 395.6 388.8 382.6 372.1 361.3 351.9 342.5 332.4 327 321.5 315.8 315.3 313.6 296.8 283.9 270.2 267 265.8 260.7 258.7 258.7 263.4 269.5 274.7 282.1 293.8 314.4 317.4 331 350.3 361.9 374.7 384.6 394.9 407.2 418.4 430.6 445.2 460.2 475.8 492.2 510.5 530.9 553.6 568.1 587.1 606.1 622.1 637.8 663 676
598.4 584.7 577.1 567.2 550.1 538.1 527.7 518.1 512.1 505.3 499.7 495 490.9 487.5 482.2 477.6 472.4 463.9 455.7 448.6 438.1 429.6 419.8 410.7 403 395.4 388.1 380.7 374.4 365.2 355.9 345.3 333.6 327.2 322 316 315.7 311.3 310.3 300.7 283.8 272 267.8 263.4 261.6 263.4 263.3 264.5 272 279.8 291 295.9 306.3 315 331.1 342.2 358.9 370.4 382.5 393.7 407.4 418.3 429 442 459.2 475.2 491.8 508 527.6 549 568.8 586.3 609.1 626.5 644.8 657.8 677.6 697.6
576.2 563.8 556 540.3 529.6 519.6 509.7 501.8 494.3 489.3 484.3 480.7 476.7 471.9 467 460.4 453.2 447.4 437.3 429 419.8 412.3 402.9 393.8 387.1 379.7 372.8 365.8 360 353.9 344.5 332.9 322.8 314.4 311.3 310 304.7 302.2 294.9 284.7 276.3 267.4 263.3 263.3 265.1 265.9 267.3 276.2 284.7 298.5 304.1 310.5 319.1 328 340.5 351 369.1 377.7 390.4 401.1 414.6 427.3 439.9 453.3 471.1 488.8 506.1 525.3 545.4 566 587.9 607.8 631 651.8 669.2 684.6 696.2 715.7
550.5 539.3 528.8 522 509.7 497.7 490.8 483.5 477.7 473.1 468.2 465.2 460.3 454.5 447.3 440.3 432.5 425.7 417.6 409.3 401.7 393.2 384.9 377.9 370.6 364.3 357.9 350.6 341.4 335.4 328.5 323.8 313.7 303.9 300.1 296.2 292.7 290.7 280.1 276.5 272 263.8 265.1 266.9 268.7 272.5 279 289.5 299.3 312.3 323.6 334.3 335.9 347.4 349.3 364.3 378.7 388.7 398.4 410.8 423.4 434.5 447.7 464.6 483.1 500.7 522.6 542.1 561.3 589 608.9 633.6 655.5 677.5 696.2 709.8 719.9 734.4
523.3 514.6 505.5 495.8 487.9 480.3 472.2 466.5 460.8 457.4 451.8 446.9 441.3 433.5 427.9 419.9 413.4 404.2 398.3 390.8 384 376.3 368.4 361.4 356 349.5 343.9 336.9 329 321.8 317.3 309.2 303.4 295.3 288.4 284.6 282 283 270.9 270 264 265.5 267.6 271.4 274.4 283.1 292.7 301.4 310.4 321.7 334 344.6 349.5 356.1 363.7 375 390.4 398.1 408.7 420.3 431.8 444.3 458 475.1 494.8 515.6 540.3 558.5 583.4 611.2 636.9 662.2 684 704.6 722.3 733.3 745.7 753
499.8 491.9 483.4 475.4 468.8 461.2 455.2 449.8 445.3 439.7 434.2 427.6 421.1 415.1 407.9 399.5 393 385.3 379.4 371.9 366.9 360.9 356.1 350.8 343.7 336.8 325.8 322.6 318.2 311.6 309.7 301.1 295.3 290 283.8 278.2 274.6 275.2 268.9 264.5 266.5 268.8 271.1 276.2 282.1 290.7 302.1 312.6 325.6 337.1 347.4 359 361.3 370.3 381.3 389.7 401.6 409 419.6 430.1 442 453.5 466.5 482.9 505.4 531.2 556.5 579.3 603.9 632.4 661.5 686.8 712.8 728.3 745 758.2 766.6 772.9
478.2 469.5 462.3 453.4 449.6 443.6 438 431.9 425.7 419.8 414.4 407.3 401 394.7 387.1 380.3 374.4 367.9 362.3 356.6 351.7 347.8 341.9 336.9 330.7 325.6 312.9 310.5 306.1 301.2 296.6 294.2 289.7 285.6 278.9 274.8 274.5 272.8 266.1 264.6 269.7 272.4 274.7 282 290.9 303.7 317 328 340 349.6 360.1 369.8 379.5 385.6 395.6 399.6 413.3 419.7 429.7 439.7 448.7 461.2 475.4 490.6 516.2 544.8 572.5 598.5 618.9 653.7 684 711.5 733 750.4 764.5 772.7 779.9 787.4
454.9 448.2 441.9 436.5 428.4 422.5 416.1 410 404.8 398 391 384.7 378.1 374.1 368.9 363.1 357.3 350.9 347.8 343.7 340 332.8 327.9 321.6 316.1 312.8 304.4 300.8 297.5 297.4 292.3 286.6 285.8 280.6 276.2 271.5 270.2 269.3 265.2 269.6 274.6 278 281.1 291.7 303.9 320.1 335.9 344 352.9 364.7 374.7 382.7 391.2 399.4 404.5 405.9 420.5 430.6 442.2 448.7 455.9 469.1 483.8 497.4 522.6 552.6 589.1 616.9 639.8 674.5 706.2 728.2 741.7 756.1 767 778 790.4 793.9
432.8 427.4 420.1 413.4 405.3 399.5 394.3 388.2 383 376 370.7 361.9 360.4 354.4 352.5 348.5 343.4 340.2 335.4 328.9 325.2 319.5 318.9 312.8 314.2 305.9 301.1 294.2 294.9 296.2 290.5 285.2 281.5 277.3 273 271.8 271.2 266.6 268 271.8 277.8 284.9 294.1 307.8 323.1 339.4 348.7 359 370.9 381.1 391.3 397.7 406.7 415.1 415.2 419.2 423.2 438.2 445.9 455.1 464 477.3 489.8 503.7 526.3 554.7 590.1 619.7 659.9 688.5 707.1 727.1 737.3 754.5 767.8 776.2 784.2 788.6
410 404.4 397.2 390.9 383.9 379.2 374.4 368.8 362.3 357.7 352 350.7 345.5 340.5 338.9 336.1 332.3 329.3 326.2 322.5 315.6 312.3 307.4 303.8 304.4 300.3 299.1 293.5 287.6 284.9 280.6 278.5 275.1 274.8 273.8 272.1 267.5 268.4 274.3 276.8 284.4 296.4 310.4 325.2 341.4 354.2 361.7 376.1 384 397.2 407.5 415.1 423.9 428.2 427.4 431.3 432.7 440.9 452.3 460.8 473.4 483.9 495.1 508.9 526 553.1 584.8 621.2 658 682.6 702.8 716.6 727.4 744.8 752.5 760.8 769.4 778.4
388.3 382.7 375.4 369.5 364.9 360.4 355.5 350.5 345 342.9 339 336.4 332.7 329.7 327.4 326.9 326.3 323.1 320.6 310.1 306.5 311.3 304.8 298 296.7 293.9 290.2 290.2 283.7 278.9 276.3 273.6 273.8 272.4 271.1 268.6 269.6 275.4 278.6 284.9 297.7 311.4 326 342.3 358.7 366.6 379.6 391.8 403 416 423.3 429.9 436.6 434.5 439.6 441.1 443.5 447 456 467.3 480.5 493.1 499.9 512.5 527.5 550.3 573.6 611.5 644.1 669.5 691.1 707.7 719.6 734.2 742.6 754.5 764.5 770.9
367.3 361.3 355.3 350.6 347.5 343 339.4 333 331.3 329.6 328.1 324.3 318.6 318.2 317.2 314.7 312.1 311.7 312.6 303.7 300 295.5 292 289.2 286.1 281.8 280.9 284.7 276.9 273.7 272.2 271.1 272.3 270.9 271.2 273.9 275.5 287.2 286.2 300.3 314.9 327.1 343.4 362.7 372.6 385.5 397.2 413.9 423.7 435.2 440 443.4 444.7 446.2 450.3 453.3 452.9 463.2 464.1 473.4 486.3 496.4 504.2 514.7 529.2 546.4 570 601.2 633.8 657.1 682.5 693.8 706.7 722.4 734.7 746.8 757.7 766.6
346.3 342.7 338.3 334.7 332.3 327.5 324.7 320.8 318.4 316.2 315 313.8 309.3 308.1 307.6 308.4 306.3 301.2 297.8 294.1 292.8 290.8 289.5 285.1 282.9 281.3 278 276.2 272.2 273.6 273 275 275.1 275.5 276.8 280.2 283.3 293 306.8 319.9 328.8 347 361.2 377.9 391 402 419.5 432.8 445.1 453.9 459.7 464.3 465.9 465.2 463.8 462.1 467.3 475.3 478.5 478.3 486.8 497.2 508 518.6 530.1 546.3 564.4 591.3 620.1 647 666.1 681.9 695.8 712.2 726.8 738.9 751.1 761.1
328.4 324 321.6 318.6 315.6 313 310.7 308.4 306.9 304.2 305.9 307 301.1 298.9 297.7 296.6 294.6 297.2 294.4 288.4 288 287.4 288 283.2 283.1 281.2 278.3 274.4 278 278.5 276.7 277.8 277.8 278.7 283.7 288.7 296.2 305.3 320.6 333.4 347.2 365 381.8 396.4 413.7 428.4 437.7 450.7 462.9 474.7 479.9 484.4 487.2 486.1 483.8 479.1 482.3 487.3 488.9 489 492.3 500.2 509.9 519.5 531.1 546.1 563 583.4 607.3 633.4 656 670.1 687.5 703.5 718.3 732.2 746.6 758.1
310.5 308.9 308.1 306.5 302.3 299.4 298.1 297.3 297.3 295.6 296.4 297.6 296.8 294.3 293.5 291.5 289.4 288.2 287.3 286.3 285.2 284.6 282.9 280.1 278.1 276.3 274.5 277.7 284.7 283.6 281.6 282.1 283.1 287.4 291 299.2 309.1 322.1 337.3 352 369.6 386.5 405.1 420 435.1 449.1 462.9 473.4 484.9 494.2 500.6 507.2 509.3 508.9 504.3 496.1 499.2 496.7 499.5 501.3 499.5 505.8 512.7 523 534.8 547.6 563.5 581 598.2 618.7 642.6 665.9 686.7 706.8 723.5 738.3 752.4 763.6
298.4 297.9 297 291.6 290.9 291.4 290.4 290 290 290 291 291.5 292 290 290 287.8 286.5 285.1 283.5 284.1 279.9 279.1 279.1 282 283.2 283.6 281.3 284.1 287.5 286.6 287 287.9 298.9 298.7 308.8 315.4 327 343.2 355.8 375.6 393.9 409.2 428.8 443.9 456.8 472.1 483.2 496.1 511.8 521.2 526.5 530.1 535 534.7 530.7 517.1 514.6 509.9 511.7 511.4 511.6 507.6 515.8 524.7 537 548.9 562.2 577 595 616.8 638 661.5 685.5 705.2 724.9 743.3 757.6 770.5
292.9 291.6 290.4 290 290.5 290 290 290 290 290 290 290 290 290 286.4 285.5 283.1 279.1 279.1 279.4 282.1 282.5 282.5 284.1 284.3 283.4 283.2 285.4 288.9 301.2 292.6 296.3 308.9 308.3 325.5 337.5 349.8 365 380.5 398.7 416.3 433 448.2 465.5 480.6 500.4 511.7 525.5 538.4 550.7 554.4 559.6 566.5 565.5 554.2 541.2 537.6 529.9 522.7 521.8 520.7 514.8 516.7 525.7 537.9 548.9 561.2 573.4 591.4 611 633.4 656.9 679.5 704.4 728.7 746.5 762 778.5
290.7 290 290 290 290 290 290 290 290 290 290 290 290 290 285.8 279.1 280.7 283.5 283.3 284 284.3 284.5 284.9 285.6 284.2 285.9 287.7 295.1 296.9 310.7 300 305.9 318.5 329.1 343.6 354.9 366.2 383.6 398.6 417.6 433 450.8 471.3 491.3 509.5 525.4 544.6 557.7 568.6 583.7 589.3 595.5 599 591.8 579.3 565.3 549.1 539.4 535.1 525.9 523.3 518.3 518.8 524.4 536.9 549.7 560.1 573.4 589.8 609 628.7 651.8 675.5 703.8 729 750.1 769.4 784.7
290 290 290 290 290 290 290 290 290 290 290 290 290 290 288.5 284.4 287.5 285.4 285.7 287.7 289.1 289.9 289.1 290.2 291.2 297.3 301.1 303.9 311.1 323.5 309.3 318.7 328 343 359.2 368.3 381.5 400.1 419.7 435 454.3 473.9 495.9 519.3 537.3 557.5 578 594.4 606.2 614.5 627.4 630.6 629.6 618.8 603.1 582.1 566 548.5 538.9 533.5 530.3 527.9 523 528.4 538.6 552.3 562.8 574.4 589.2 608.2 626.7 645.9 669.5 699.7 728.7 753.1 774.1 791.4
290 290 290 290 290 290 291.9 292.6 295.6 291.2 290.3 291 290 290 293.6 291.8 290.9 291.8 292.8 294.4 297.8 300.4 300.2 300.7 302.9 308.1 314.7 320.5 327.9 335.3 325.7 331.2 340.5 359.9 371.7 381.8 398.7 416.6 436.3 455.5 476.9 499.4 524.3 549.5 571.1 592.8 612.1 634.3 647.2 657.7 665.3 669.5 663.4 647.6 624.5 599.1 578.1 560.8 550.4 545 537.1 531.6 532 532.1 538.4 551.8 561.8 572.9 585.7 604 620.5 638.2 664.6 694.6 723 752.9 775 798.7
294 297.7 304.4 307.6 308.2 309.8 310.2 308.9 311.4 306.6 304.7 310.7 301.5 298.2 297.7 301.8 303.8 303.8 301.5 302.8 305.5 311.5 310.5 315.4 318.5 323.4 331.4 339.4 345.5 349.2 341.7 345.5 359.7 369.4 387.3 398.2 413.9 434.2 455.1 479.6 499.4 527.6 553.5 579.3 607.9 630.8 654.8 677.5 693.4 702.5 709 714.6 698.7 672.3 644.8 614.5 589 570.7 561.6 551.4 544 538.6 535.4 540.6 542.1 550 562.8 571.2 583.5 600.2 616.2 630.5 657 687.4 719.2 747.5 778.4 801.4
308.9 314.6 320.5 328.3 329.3 327.7 328.3 324.8 325.2 325.3 326.5 331.8 329 318.7 314 313.5 318.1 312.2 310 311.9 316 321.4 326.7 331.4 339.7 344.5 348.5 360.3 365.5 364.4 355.5 360.4 378.8 390.2 402.9 415.7 430.6 450.7 478.1 504.3 528.1 554.5 583.8 612 645.1 672.3 698.6 721.5 739.2 751.8 759.2 775.7 736.5 692.9 660.1 631.2 602.9 583.4 570.3 562.4 553 548 539.6 544.9 544.7 551.5 558.2 569.5 580.3 594.2 613.1 629.1 649 681.1 713.6 742.3 768.2 795.6
329 334.6 341.3 345 342 340.7 341.1 345.6 346 347.9 348.2 347.3 348.9 346.8 337.1 324.2 329.3 322.9 324.1 326.8 333.3 339 346 354.1 359.5 368.1 371.8 378 376.1 370.3 370.6 376 397.4 405.9 417 428.4 445.9 470.4 498.7 528.2 549.8 576 611.6 647.1 678.3 708.7 742.1 766.5 779.8 793.1 795.5 782.8 770 712.9 674.7 643.4 610.8 591.6 577.9 568.6 560.1 554.1 543.2 542.9 545.8 548.6 557.7 566.1 577.2 593 610.1 625.4 645.4 673.3 707.6 737.1 764.2 785.2
349.1 351.2 353.5 353.6 348.7 350.2 352.1 355.9 359.2 362.3 360 359.8 357.1 353.9 343.2 339 338 339.8 345.1 351.7 355 360 366.1 372.8 380.7 388.1 392 391.1 390.1 386.6 390.5 393.4 408.7 419.2 427.6 441 456.3 481 509 530.8 555.2 585.9 621.1 653.1 683.8 718.9 745.9 770.7 788.7 800.6 802.9 786.2 765.4 725.5 687.2 654.9 621.8 602 586.7 573.7 564.6 555.7 546.6 544.3 546.4 550.4 558.6 566.7 578 592.8 608.1 623.9 642.1 667.5 697.5 729.8 757.3 781.5
356.3 360 360.1 358.7 356 357.5 366.4 369.1 368.5 369.3 366.6 364.2 361.9 354.2 352.3 350.7 356.6 364.3 370.9 372.9 377 382.8 386 393.2 400.5 406.3 409.8 407.3 404.4 411.2 411.9 410.6 422.9 432.4 442.4 453.1 466.6 482.1 500.8 522.9 549.1 580.9 617.4 646.1 675.4 708 737.6 761.2 785.7 797 804.2 798.8 772.9 738.7 701 663 635.7 615.8 597.7 584.2 571 561 552.9 548.9 546.6 552.4 560.1 568.4 576.9 591.3 606.6 622.6 640.9 661.4 688.6 722.6 748 772.1
362.3 364.6 370 363.7 365.1 370.9 376.1 374 375.8 377.6 375.1 375.1 371.1 367.8 372.3 375.9 381.7 389 391.4 397.3 401.5 406.4 410.1 417.3 423.7 427.2 430.3 429.8 430.7 421.5 425.4 427.4 431 443.6 453.4 462.5 473.6 486.3 501.1 521.1 540.3 571.3 604.5 634.5 668.5 695.4 720.7 747 774.1 794.7 797.1 797.5 780.9 745.6 709.5 676 649.6 630.1 612.4 597.5 581.8 567.6 558 554 550.2 553.1 560.6 568.2 577.2 590 606.4 623.9 639.4 657.6 681.8 711.1 739.2 766.1
367.3 372.5 375.7 376.5 380.3 384.5 387.5 386 385 384.6 385.4 385.9 386.8 389.3 394.7 402 404.7 408.3 412.4 419.6 425.4 430.4 436.2 443.3 444.3 448.1 448.9 449 450.4 439.3 438.4 445.7 440.6 451.2 461.2 468.8 477.9 490 501.2 517.6 533.9 561 596.3 626.7 654.1 683.5 706.9 727.6 755 772.4 779.2 784.5 772 752.2 720.4 693.2 663.1 642 623.8 608.2 591.8 577.1 566.1 560.6 554.9 554.3 561 572.2 578.9 591.2 607.2 623.2 639.5 658 676.9 704.5 728.9 754.4
374.3 380.7 381.7 386.6 391.9 393 393.4 393.5 396.7 399.3 399.3 403 404.4 407.8 415.3 420.7 425.1 430.9 436.7 441.5 448.9 455.1 459.7 467.8 469.5 469.1 466.9 467.3 462.9 455 453.4 456 455.1 458.3 465.3 473.5 483.1 492.3 501.5 515 529.4 552.2 580.3 608.2 636.8 666.5 695.5 715.1 735.3 755.7 764 772.5 765 752.8 730.6 704.7 676.4 656.4 632 614.4 598.9 584.1 575.3 567.7 559.8 558.1 563.5 573.2 579.3 591.8 608.5 626.3 640 657.8 677.9 700.3 729.5 758.1
383.3 386 393.2 397.5 401.3 402.9 404.8 407.6 409.3 413.8 415.6 419.8 423.5 426.1 429.7 437.2 444.7 452.3 458.8 465.1 471.9 481 487.9 490.9 491.6 489.9 489.1 485.3 469.9 467.5 466.5 466.1 465.7 465.9 470.2 475 484.9 494.4 503.8 513.9 528.2 545.9 568.2 592.6 619.9 647.6 673 696.6 716.3 737.7 753.7 762.5 757.2 761.3 742.8 720.2 690.3 664.4 642.1 621.9 603.7 591.6 580 572.6 567.6 564.4 564.1 572.3 579.2 590.4 608.5 627.1 642.9 659.8 677.6 700.2 727.4 759.7
389.8 396.3 400.8 404.1 408.9 412.9 416.7 419.9 423.8 428.7 431.1 434.9 439.5 441.1 448 457.3 463.8 473 482.8 488.7 496.1 502.7 507.9 512.5 511.1 513.1 510.6 506.6 496.3 487.6 482.5 479.8 479 477.4 478.9 480.3 486.8 494.7 502.8 513.6 526.4 542.7 562.1 582.8 606 634.1 657.1 679.4 698.4 721 732.6 735.8 740.3 752.9 749.4 733.3 702 676.4 655.4 627.5 608.9 596.5 585.8 578.9 573.3 570.1 568.1 572.6 580.5 590 607.9 627.5 644.4 662.1 678.3 697.6 727.8 760.2
396.4 403.3 411.1 412.1 420.3 424.9 428.5 434.2 437.8 441.1 442.6 449.2 454.7 459.4 467.6 476.1 485.7 494.8 506.4 514.6 525.4 532 537.7 538 541.3 541.4 539.1 531.9 520 510.6 498.7 492 488.5 493.2 490.5 490.9 488.6 497 504.1 513.3 527.1 541.1 558.6 577 599.1 620.8 640.6 663.5 679.1 696.8 706.7 717.5 732.7 748.7 754.5 746.1 719.2 687.1 661.3 635 616.6 602.5 591.3 583.2 577.1 571.5 569.5 573 578.9 589.6 608.3 626.4 645.6 662.9 680.5 699.1 727.9 758.8
407.7 408.6 419.1 421.7 429.6 435.4 439.9 444.9 449.9 453.1 456.7 464.3 469.9 478.5 489 499.1 507.8 520 533.5 543.9 557.7 564.1 567.9 569.9 573.2 567.7 563.2 557.9 550.4 535.3 521.5 510.4 504.8 503 501.4 501.2 498.8 500.8 508.5 514.2 523.6 539.9 555.3 573.7 592.3 611.9 632.5 649.6 663.5 678.9 692.2 713.6 729.1 748.2 755.6 760.4 747 707.3 671.8 644.3 623.8 607.4 597.8 588.9 579.5 573.4 572 574.6 583.9 592.4 609.2 628 649 666.1 681.3 700.5 727.1 765.6
