public/OST50/NN54.asc
ncols 200
nrows 200
xllcorner 250000
yllcorner 740000
cellsize 50
[rows 35 to 69 of 200, columns 78 to 155 of 200]
787.1 792.4 794.2 796.5 803.3 809 811.1 802.8 784.6 761.1 743.3 725.4 709.7 694 677.4 667.9 655.8 645.5 631.1 628 625.9 613.4 609.1 603 602.2 593.2 584 576.1 567.7 558.6 549.7 541.7 535.2 529.4 523.7 516.3 512.3 505.5 498.7 494.2 490.1 488.6 483.7 480.9 478.8 473.2 468.5 468.7 467.9 464.4 465.9 461.5 452.6 451.9 449.2 453.8 446.3 439.2 440.9 436.4 430.4 428.3 424.8 417.7 414.6 409.5 401.5 396.1 386.8 377.7 368.1 358.4 350.9 345.9 328.9 313.4 304.1 294.5
772.9 779.3 783 787.7 794.4 799.7 803.9 805.6 799.4 787.1 766.2 737.6 717 698.7 683.2 674.1 660.8 648.1 639.2 629.2 626.2 619 610.4 606.9 601.8 595.6 587.9 580.9 569.9 560.5 551.6 549.4 545.6 536.6 527.6 518.3 513 507 501.9 497.2 489.4 483.8 477.4 471.5 465.7 460.4 457.1 454 450.7 448.6 442.5 436.8 432.1 424.4 420.8 421.3 420.4 414.3 417.1 414.5 412.2 407.6 401.6 400.1 393 388.7 384.3 377 367 362.2 353.7 343.9 337 328.1 315.5 306.2 295.7 287.8
762.1 767.4 772.5 778 784.6 790.4 794.3 795 797.3 799.2 797.6 772.3 736.2 709 691.2 676.6 663.5 649.1 642.7 634.8 627.6 621 617.3 609.4 607.1 601.6 590.3 578.2 570.5 565.7 562.7 557.9 550 541.1 536.3 528.1 517.4 515.8 510.4 503.1 497.7 493 487.9 479.1 469.6 459.7 454.8 450.1 444.7 437.1 430.2 424.4 418.5 409.2 402 398.4 393.5 388.5 390.3 389.5 386.6 382 378 376 371.3 365.9 362.3 358.7 348.2 343.6 337 330.7 321.7 315.8 308.4 300.5 300.7 299.8
752.3 757.1 762.1 767.6 772.6 779.3 781.9 784.2 786.4 791.7 792.8 786.4 762.8 732.3 701.6 680.6 666.7 654.1 642.9 636.2 631.5 622 618.4 613.1 610.3 601.3 590.8 579.3 577 569.5 562.8 557.9 553.1 548 539.7 531.7 527.9 526.2 519.8 512.9 508.8 504.5 498.7 492.1 484.5 477.9 471.9 464 459.2 454.8 446.5 436.6 427.3 414.4 407.2 398.4 383.7 376.8 373 373.1 369.5 365.4 362.3 359.6 353.3 348.7 346.6 343.8 341.7 331.1 324.8 321.9 312.1 308.9 309.1 312.2 315 313.5
743.5 748.6 753.6 757.4 761.6 766.8 772.6 773.8 777.5 782.2 780 779.6 769 752.7 721.2 689.2 673.1 656.2 646.3 636.4 629 627.3 616.7 611.2 610 601.3 590.6 587 579.6 576.6 570 561.6 556.8 551.1 547 542.1 538.5 535.9 529 522.5 517.7 511.6 504.7 497.9 491.1 486.5 479.2 472.1 465.9 460 450.9 443.2 430.9 423.5 416.6 409.7 400.7 393.4 385.1 372.4 365.9 361.5 358.1 352.1 349.2 344.7 342.5 340.3 329.9 330.8 328.3 327 324.4 323.1 323.8 323.8 323.1 318.9
734.7 739.9 745 749 753.7 756.6 762.1 764.3 768.6 766.5 765 764.8 758.6 748.6 730.5 704.1 671.9 654.9 644.4 635.8 633.5 627.6 619.6 613 603.5 599.3 595.6 587.4 586.7 584.1 576.5 565 559.5 558.2 552.9 550.4 546.6 544.3 534.8 529.3 523.9 517.9 512.2 505.9 500.9 493.6 486.4 478.9 473 464.7 458.7 453.8 439.3 428.5 420.1 412 403.6 394.4 387.3 383 379.7 372.8 367.9 369.6 362.6 357.9 352.6 350.3 345.6 343.4 343.1 340.8 335.8 335.6 335.8 333.3 332.1 329.7
725.3 730.8 734.6 740.4 744 747.1 749.9 752.9 755.3 757 755.3 750.4 746.1 737.9 729.1 709.8 681.7 654.7 645.6 637.2 629.2 624.2 615.5 611.6 611.1 605.1 601.4 592.5 591.7 585.4 579.2 570.5 570.8 568.9 564.3 560.9 553.5 550 543.3 538.9 534.1 527.6 521.4 517.1 509.8 499.4 493.9 487 478.9 470.2 464.7 457.4 450.7 440.2 433.9 424.2 413 405.8 398.7 394.2 388.1 384.2 381.6 377.6 373.6 367.6 362.3 358.3 357.4 355.9 354 354 350.1 348.7 348.2 350.1 346.5 342
716.7 722 727.4 732.2 736.4 741 744.5 747.1 748.5 749 746.8 738.7 732.2 726 719.8 705.5 688.6 662.6 644 634.6 627.5 624.7 621 614.1 613.2 608.8 602.9 596.4 597 589.8 583.2 581 579.1 578.2 575.1 571.2 565.5 562.6 554.1 548.4 543 536.2 531 525.1 521.4 512.7 502.6 493.1 483.4 475.7 471.3 465.2 457.7 449.4 440.4 434.2 426.3 420 413.6 409.2 405.1 398.7 393.5 390.3 385.9 378.2 375.7 374.1 370.5 369.8 368.7 368 365.8 362.5 361.9 360.7 360.3 358.6
708.8 714.2 719.6 724.8 729.8 735.7 741.6 744.1 743.8 743.1 740.1 732.4 726.6 718.6 707.5 694.8 678.1 655 645.1 638.5 632.3 628.6 624.7 620.4 616.7 610.2 606.5 601.6 602.4 594.3 591.2 587.7 586.2 584.1 583.5 578.4 575.8 573.5 567.1 561.1 554.8 549.1 545.9 537.6 532.2 528.4 517 503.7 492.6 484.9 477.2 472.3 465.1 460.2 451.4 445.4 438.8 432 425.8 421.2 416.4 411.9 407.5 403.5 398.1 391.5 390.1 388.8 387 384 383.3 381.6 380.8 379.2 377.4 374.7 375.4 372.7
701.8 707.4 711.8 716.2 723.9 733.7 742.7 746.6 746.7 744.1 740.2 733.6 725 716 703.7 690.2 669.8 654.9 649.7 644.7 638.4 632.2 627.6 621.6 618.5 616.5 611.5 607.9 607 603 598.8 594.6 594.3 592.7 589.1 591.4 588.4 584 579.5 573.8 568.3 563.9 556.6 550.1 546 539.3 526.8 515.9 504.8 498.2 490.5 483.5 477 474.1 466.1 458.9 452.5 442.7 436.7 432.7 430.3 424.7 419.9 415.6 409.6 406.6 405 404 400.7 398.7 396.1 396 395.4 390.9 394.4 393.2 388.3 385
694.9 701 705.9 711.3 718.4 730.5 741 747 747.8 746.2 741.8 736.9 728.6 719.3 710.8 701 686.6 668.7 661.2 647.7 640.4 639.6 634.5 632.1 626.9 623.2 621.8 618.6 617.5 613.1 608.7 607.2 605.9 605.5 605.2 600.5 600.1 597.4 593.7 589.1 583.1 578.4 572.3 566.4 558.8 550.5 540 529.6 520.6 510.3 503.7 498 489.7 484.1 478 470 461.7 455.6 449.3 445.6 440.7 436.9 434.3 430.9 426.5 423.7 421.2 418.7 415.7 414.1 413.6 412.9 413.1 412.5 406.7 406 400.5 394.3
686.9 692.8 698.8 705.9 714.4 724.7 737.2 746.6 751.9 753.5 750.3 742.5 735.1 728.5 720.9 710.2 701.1 689.2 678.9 661.5 656.7 648.8 644.6 642.1 638.1 636.6 632.3 634.7 629.2 628.8 626 623.3 618.4 617.6 618.4 617.1 612.9 614.9 613.2 609.2 603.8 598.8 590.2 582.9 572.3 565.3 555 544.9 536.2 528.5 518.6 511.3 502.5 497.2 488.7 481.3 475.1 470.1 464.3 459.6 454.1 450.4 447.6 443.4 440.9 439.6 436.8 435.4 433.5 433 433.1 429.7 426 425.6 421.3 417.5 412 407.6
679.3 685.1 692 699.8 710.3 719.8 732.6 743.2 750.2 754 754.8 748.3 742.2 736.1 728.8 718.7 709.3 701.5 693.8 683 673.5 664.9 660.2 654 653.5 648.9 645.2 645.2 644.6 643.8 643.2 639.9 636.2 635.1 634.6 634 632 631.3 630.4 626.9 622.7 616.8 610.3 602.9 593.3 585.1 574.8 565.5 554.7 546.6 536.1 530.6 524.9 517 507.2 498.6 492.9 486.7 481.6 475.9 472.1 467.3 461.6 456 456.9 454.1 452.3 450.7 449.6 446.6 446.1 443.9 439.8 437.9 433.2 428.5 427.4 424.1
669.8 676.9 685.7 693.7 702.5 714.5 727.9 739 746.1 749.8 751.5 751 746.4 741.2 735.8 731 720.3 709.3 708.7 705.1 688.4 678 671.9 668.4 664.6 663 658.8 659.8 658.7 657.8 656 653.1 651 649 647.3 646.2 644.9 645.3 645.3 644.3 638.1 632.6 626 619 612.8 604.8 599.2 587.3 579.1 566 555.1 551.2 541.5 532.7 524.1 513.9 511 497.1 498 491 485.7 475.8 470.3 468.9 473.4 470.6 467.3 466.1 464.3 463.5 460.9 458.9 459.2 457.4 448.9 443.5 438.4 435
659.6 667.6 676.4 688.6 697.9 708.4 721.1 734.2 743.5 747.5 748.3 749.8 748.2 745.3 740.5 734.5 724.6 719.6 713.5 704.7 694.2 685.7 677.8 678.1 675.6 671.3 667.8 668.6 668.4 667 663.5 661.4 659.6 657.9 656 652.4 651.9 654.3 654.6 651.8 649.3 646.3 640.2 631.9 624.8 616.8 610.5 602.4 592 582.5 571.7 563.5 552.3 544.8 533.6 526.7 515.8 514.8 507 501.7 493.8 489.9 486.8 484.9 484.5 482.1 480.4 480.2 481.1 480.5 480.5 478.9 478.3 475.8 462.5 454.4 443 438.2
649.7 657 667.9 680.1 689.7 700.4 712.8 725.5 737 741.9 743.7 744.3 745.1 743.8 740.4 734.5 728.7 724.3 714.6 705.3 696.3 690.2 685.1 684.1 680.8 676.2 671.2 672 670.8 669.1 666.3 665.3 663.5 663 660.5 656.4 656.5 659.2 659.7 660 659 655.2 647.3 636.9 629.1 621.3 613.9 604 594.3 585.9 575.7 564.8 555.2 548.3 537.5 534.3 523.3 520.3 516.2 512.2 497.1 503.6 500.4 496.1 493.4 493.6 493.3 494 495.3 497.8 497.7 494.6 489 473.1 463.7 453.2 440.4 432.1
639.3 648.5 659.4 670.2 680.1 691.2 702.8 713.4 726.1 732.6 736.2 737.4 737.9 738.2 736.1 731.2 726.6 720.2 712.5 705.9 701.3 694.3 690.1 684.6 678.8 673.3 670.3 670.2 669.3 667.6 665.8 664.4 663.7 662.9 660.7 657.8 658.6 659 659.5 659.6 657 653 646.8 637.5 628 620.1 609.9 599.4 589.6 580.5 569.7 560.2 552.9 546 537.3 530.1 531 526.6 520 508.1 506.4 509.5 508.1 504.9 503.3 502.6 502.3 502 505.4 505.6 502.7 499 489.6 476.9 456.8 437.9 424.2 413.3
628.5 637.8 648.1 658.9 669.8 680.6 691.2 700.5 711.3 720.7 725.6 727.7 729.6 728.6 727.7 725.5 722.7 716.9 710.1 702.8 696.7 694.1 687.7 682.6 676.8 671 666.7 665.3 662.9 661.4 660.5 659.4 658.7 657.6 655.5 654 653.3 652.9 651.4 650.2 647.3 643.6 636.9 628.2 620.4 612.2 601.1 591 579.9 570 562.5 555.6 549.6 544.5 536.5 536.7 532.9 526.3 519.2 520 517.5 516.3 514 509.7 509.1 507.6 506.9 507.8 505.6 502.7 499.8 496.1 485.5 469.6 437.1 416.2 402.7 391.6
615.9 624.5 635.3 646.7 656.9 667 677.1 687.5 695.4 705.6 713.1 717.2 719.3 719.5 718.5 718.1 715.9 709.1 704.9 698.8 691.7 685.1 679.8 675 670.7 665.7 661.4 660.1 655.3 653.1 651.7 649.6 648.2 647.2 645.1 643.9 644.1 641.7 640.6 638 633.5 630.3 624.7 619.3 611.1 601.7 592.4 582.9 570.2 562.5 555.4 549.6 546.4 542.1 537.8 533.1 528.2 526.1 525.7 523 520.8 518.5 515.7 512.8 510.8 509 505.9 501.5 497.1 493.1 488 477.8 465.3 452.3 419.4 395.8 383.9 370.8
603.5 613 622.2 632 643.5 654 662.3 675.7 682.7 690.4 698 705 707.7 709.6 710.7 708.8 705.5 701.2 695.4 688.7 682.9 675.1 671.4 665.5 659.2 653 649.5 647.6 642.8 640.1 638.5 636.3 633.4 632.6 632 632.6 632 631.1 629 625.5 622.5 617.5 612.6 610.1 604.1 593.8 584.9 573 561 553.3 547.5 543.1 540.4 536.3 532.5 530 527 523.9 520.5 517.3 514.8 513.7 512.2 510 506.2 500.7 495.9 489.2 481.6 473.6 461.7 446.4 439.2 423.3 391.5 373.5 359.2 346.7
594.4 599.5 608.6 617.8 627 638.3 647.9 659.8 668.8 675.4 682.2 687.8 694.6 698.3 702.3 701.8 699 692.5 684 676.7 670.5 664.8 660.7 652.5 646.6 639 636 634.2 632.1 628.3 624.6 621.6 617.3 617.8 615.2 616.8 617.5 616.9 614.5 610.3 605.7 603.2 601.4 598.1 588.1 577.8 569.7 559.9 549.6 543.8 539.1 535.6 532.8 526.8 524.8 520.5 519.7 514.8 510.5 511.5 507.9 505.9 502.7 499.8 496.4 489.1 478 469.3 459.4 445.3 431.4 421 404.7 386.1 363.8 349 332.5 320.4
585.5 588.7 594.9 602.8 612.2 621.1 630.3 640.2 651.6 658.9 664.7 672.1 679.3 681 687.4 692.5 692.2 682.8 670.5 662.9 655 647.7 640.8 635.1 629.8 622.5 623.3 621.7 617.5 613.5 609.6 605.3 603 597.1 596.2 599.3 599.3 598 596.1 593.7 589.3 584.5 583.7 578.5 567.1 562.7 555 546.4 537 532.9 528.2 525.7 519.7 517.4 511.8 509.1 508.7 504.7 506.6 501.6 502.3 502 491.8 488.9 483.4 470.4 453.7 445.4 429.1 415.9 404.3 389.8 372.2 353.4 337.1 323.7 307.3 292.2
574 577.4 581.9 587.7 596.2 606.6 614.1 619.6 631 640.5 650.2 650.1 656.7 668.9 676.3 674.6 673.1 668 656.1 647.3 636.9 629.3 624 616.9 611 605.7 604.2 601.1 598.1 594.3 591.6 587.6 579.8 574.6 578.5 580.9 578.4 575.6 573.1 570.7 568.3 563 560.4 555 542.6 543.1 537.6 526.1 517.8 519.6 513.2 512.7 504.9 503.6 495.7 496.2 493.6 490.2 489.3 488.2 488.7 485.4 472.4 462.8 453.3 442.6 427.4 412.2 398.8 387.5 373 361 343 326.6 312.5 300 285 268.9
561.6 565.8 570.8 575.7 581.8 591.3 598 604.4 610.4 617.5 620.9 625.6 640.6 648.6 661.9 658.6 652.1 648.8 639.1 626.7 622.7 612.7 604.6 598.3 593.5 587.1 583.9 581.7 579 573.6 570.9 562.8 554.3 551.3 559.9 561.9 554 544.1 541.1 542.7 533.9 536.5 533.3 528.3 509.3 514.4 519.6 501.5 493.8 497.3 494.5 491.3 490.1 483 480 476.1 474.1 471 462.2 463.4 464.5 455.5 447.3 431.6 419.9 409.7 396.6 383.2 371.7 359.8 346.1 333.2 317.8 304.2 288.6 277.4 263.1 246.6
550.9 554.5 559.8 564.1 568.5 572.6 580.4 587.3 593.6 594.4 585.8 610 616.5 626.4 634.6 637.2 634.4 626.4 625.2 612.8 601.4 590.5 583.1 578.9 571.7 565.7 555.5 553.3 550.2 547.6 542.5 535.9 527.3 529.5 537 534.4 519 510.8 512.1 509.3 503.5 501.6 503.2 501.2 480.2 479.7 479.6 469.7 467.5 470.7 472.2 466.7 461.9 456.6 449.3 442.8 440.4 439.4 434.1 431.3 431.8 422.5 412.7 404.1 390.7 379.4 367.7 355.2 344.7 333.3 322 307.9 296.8 283.8 268.9 255.8 242 226.6
539.5 543.1 545.9 550.7 555.8 561 564.6 570.3 574 577.9 582.6 591.9 598.8 599.9 608.5 610.2 608.5 604.8 603.7 597 580.9 568.8 562.4 554.5 546.3 537.7 522 523.1 518.4 515.3 514.2 507.5 502.2 501.2 499.7 494 482.8 478.9 479.8 477.9 472.8 471.4 473.7 473.2 451.8 447.6 446.4 440.8 437.6 440.8 442.9 435.6 430.2 427.8 420.1 413 407.9 405.4 400.4 395.9 394.2 386.6 380.2 370.6 360 350.5 339.3 328.6 319.8 311 301.5 289.3 279.7 267.9 254.1 242.5 226.4 211
527.7 530.3 533.5 537.6 541.3 546.7 552.9 556.4 560.8 560.1 573 574 578.7 580.1 580.9 584.5 583.9 583.1 584.6 580.7 557.4 539.7 532.3 525.4 517.4 506.3 493.1 498.9 491.7 486.6 484.5 480 471.7 467.2 461 453.9 449.6 445.4 447.2 443.5 441.5 439.3 438.6 433.3 420.5 415.4 414.3 410.7 404.9 409 405.6 400.4 396.8 392.3 387.9 381.7 376.4 374.6 368.1 362.5 358.9 353 346.4 338.9 329.1 322.1 312.8 304.9 296.3 289.9 281.4 272.8 264.3 255.8 244.6 233.1 217.2 202.2
514.5 519.3 523.1 525.7 529.5 533.1 537.3 541.7 544.8 554.6 561.7 558.6 559.7 558 559.2 561 565.9 560.8 562 550.8 532.6 514.3 502.2 494.1 486.3 477 469.2 467.2 461.4 455.7 453.4 449.1 444.3 433.9 426.3 427.6 423.8 416.8 416.7 412.5 410.4 405.9 402.6 394.8 388 383.2 381.9 380.2 375.9 375.8 373.2 367.9 362.7 358.1 355.9 349.9 345.8 341.3 337.1 332.2 328.9 324.1 317.5 310.8 302.9 296 289.7 282.7 276.4 269.9 263.7 258.2 250.7 241.6 232.9 224.6 212 198.9
505.9 507.8 512.7 515.8 518.6 522 525.5 528 533.7 537.1 543.8 542.2 538.7 538.7 541.6 543.9 540.7 534.4 529.1 517.5 501 485.1 470.4 463.7 454.9 447.9 440.6 436 431.6 420.3 418.5 419.6 414.9 405 401.6 403 399.5 392.6 390.8 385.8 382.4 377.3 367.7 362.3 359.6 354.4 352.7 351.3 347.5 346.3 340.6 336.2 331.2 327 324.8 319.3 316 312.1 309.1 306.1 302.6 297.7 292.4 287.1 280.7 275 269 264 258.5 254.1 250 244.1 236.2 227.1 220.8 214.5 205.4 197.4
493 497.8 500.5 505 507.8 511 513.5 517.3 519.4 521 523.8 528 529.3 520.4 521.7 517.7 511.4 500.6 493.5 483.5 468.8 456.1 444.1 434.3 425.2 419.2 412.7 407.1 402.2 389.7 386.8 392.7 389.5 385 381.3 378.7 374.4 367.7 364.7 361.5 356.6 353.5 343.8 336.7 336.4 333.9 329.4 323.9 319.8 319.3 313.2 309 305 301 298.1 293 289.6 287.4 283.5 280 276.8 273.1 269.3 263.8 258.1 253.1 249 245.3 241.4 238.1 234.4 229.1 219 214.3 209 201.9 196.6 196.3
480.2 484.5 488.6 493.2 496.3 502.5 506.7 509.4 513.4 513.1 512.1 510.4 513.7 506.4 498 490 480.6 467.6 459.5 450.7 439.5 429.9 418.8 405 398.2 393.6 387.8 380.8 375.3 362.6 362.6 367.6 365.8 362.3 358.5 354.8 347.7 341 337.7 333.9 332.1 330.7 322.8 315.3 315.6 313.3 307.3 298.6 298.2 296.2 291.3 285.6 281.2 277.9 274 268.8 266.1 261.9 259.5 255.3 252.5 250.9 248.1 242.7 236.2 234.3 231.6 228.3 225.7 224.1 222.5 217.4 208.8 201.7 201.2 201.3 198.2 197.9
466.1 469.8 475.3 479.4 485.4 491.8 495.5 497 498.9 502.6 500.6 494 489.9 484.5 470.5 463.6 452 439.7 430.3 420.8 411.5 405.8 396 381 374.2 370 365 357.2 352.8 342.3 341.3 343.4 337.6 338.2 335.6 330.8 324.4 317.5 313.1 308.9 309.8 308.8 302.3 296.7 293.1 291.1 284.9 276 277.4 272.5 267.7 263.8 259.1 255.9 252.8 246.8 242.1 239.7 236.1 232.1 229 229.9 227.8 224.1 221.7 220.2 219.4 218.5 217.4 217.2 215.1 212.8 207.4 202.3 203.9 204.6 203.1 203.2
450.7 454.8 460.7 465.6 471.7 477.5 477.2 478.6 479.5 485 491.7 487.3 466.4 456.6 447.5 439.2 426.3 412.1 404.5 397.3 386.4 380.7 373 362.5 352.7 346.2 343.1 338 333 325.2 323.8 323.3 314.3 317.4 315.4 310.2 303.5 295.2 287.6 287.9 290.4 288.4 282.3 276.8 270.1 267.5 260.3 256.8 255.8 253.1 245.8 242.2 237.9 235.5 231.4 228.2 221.9 221.6 221.4 218.2 215.7 217.4 215.1 212.6 213.4 213.9 215.8 215.1 215.2 213.7 211 208.8 207.3 203.3 205.6 206.1 203.3 202.7
435 437.8 443 449 453.1 458.4 458.8 460.7 458.9 460 465 464.4 445.3 428.1 422.4 414.4 405.4 392.3 382.9 376.3 367.4 356.7 350.3 341.9 333.4 327.2 327 322.5 315 306.3 304.7 305.5 301.4 297.4 294.2 288.2 280.8 273.5 265.6 267.8 268.6 266.3 261.1 256.7 250.5 246.7 242.5 241.5 238.1 234.9 229.3 223.8 220.9 218.3 216.7 213.8 214 213.4 212.7 211.7 211.9 209.9 208.6 210 209.8 208.4 210.2 211.1 209.7 209.1 209.2 208.9 209.2 207.2 204.6 208.4 205.5 202.7
409.4 418.4 423.7 429.6 434 438.4 437.9 436.9 429.9 432 430.1 426.9 417.8 407.6 395.6 388.2 385.2 376.4 364.4 356.7 348.6 340.4 332.3 322.9 319 311.9 310.6 307.7 301.2 289.3 286.4 286.1 283.3 277.8 271.3 264.8 256 250.7 248.5 248.3 245.6 243.3 241.2 238.2 235.2 235.1 232.2 231.5 226.9 221.1 216.3 213.7 211.2 210.9 210.7 210.4 210.5 211 210.7 209.1 209.5 209.8 210.9 210.2 210 209.6 208 207.9 207.2 208 208.6 208 207.6 206.4 206.3 210.5 207.1 202.8
