public/OST50/NN54.asc
ncols 200
nrows 200
xllcorner 250000
yllcorner 740000
cellsize 50
[rows 35 to 69 of 200, columns 0 to 77 of 200]
780.2 772.2 760 746.1 738.9 743.3 737.3 727.6 724.8 743.3 753.8 763.2 766.5 763.5 757 750.3 745 737.6 729.7 722.4 714.6 707.4 702.8 697.6 690.4 681.8 679.5 679 679.8 678.6 677.1 679.2 677.9 676.5 675.4 676.5 676.3 675.5 673.3 671 677.7 681.2 679.7 676.8 674.3 674 674.7 679.6 685.9 693.2 701 709.6 716.4 724.8 733.4 741.4 747.5 750.9 751 750.2 741 734.9 730.8 724.7 725.5 725.2 723.1 726.1 728.5 731.1 735.3 739.8 745 750.3 757.2 766.3 774.9 781.4
773.3 765 753.5 738 735.5 735.8 726.1 713.3 713.9 735.4 747.9 759.3 761.3 756.8 749.2 741.1 737.7 731 722.7 713 705.3 698.1 693.3 687.8 679.4 672.1 670 672.2 672.7 672.2 671.1 671.6 669.8 669.6 669.3 672 672.6 671.9 669.1 665.2 672.4 676 675.9 673.3 668.5 668.7 668.5 673.3 679.4 687.5 696.5 704.2 712.2 721.4 729.7 735.7 742 745.6 743.9 743 733.9 727.2 724.2 720 716.5 717.5 716.3 717.4 719 721.8 726.5 730.3 734.9 740.5 747.2 754.1 761.8 768.9
764.9 757.7 743.7 733.2 730.9 726.2 712.8 697.1 709.8 731.7 742.2 754.2 756.2 749.9 739.1 731.4 727.8 721.6 713.4 702.3 694.6 688 684.1 678 669.3 663.8 662.4 663.7 666.1 665.5 663.3 663.9 662.6 662.9 665 665 665 665.8 665 662.4 667.5 669.2 670.4 669.4 664.1 663.6 663 667.2 673 682 690.6 698.7 707.5 716.9 725.5 732.3 738.3 741.8 742.9 736.9 728.3 720.8 718 714.7 710.7 711.1 709 709.2 711.4 713.9 717.5 720.6 726.2 731.3 736.7 744.3 751 757.3
755.9 746.3 735.7 722.9 722.8 716.8 705.5 685 709.5 725.6 742.1 744.6 747.5 743.6 730.7 723.3 719 713 701.8 691.6 684.4 678.2 674.6 668.3 661.4 657.7 656.3 656.4 658.8 657.6 656.3 656.7 657.4 657.9 659.3 660 659.1 658.3 659.7 656.7 660.8 663.1 663.1 661.4 657.9 659.1 660.2 662.2 666.1 674.4 685.1 692.2 703.1 711.9 721 728.3 734.6 738.5 738.7 733.5 722.5 715.7 711.9 709 706.1 703.6 701.1 700.9 703.4 706 708.5 712.4 716.2 721.7 728.1 734.1 741.2 747
745 730.7 718.4 713.7 709.2 700.6 694.9 677 702.6 719.2 736.9 737.1 737.2 728.9 721.2 713.3 707.4 701.9 695.2 682.5 674.7 668.7 664.2 660 654.3 651 651.7 651.8 652.4 652.9 651 651 651.8 652.6 654.1 655.7 655 654.2 655.1 655.3 654.1 655.7 654.6 653.7 651.6 654 656.2 655.4 662 670 679.6 686.9 696.8 705.8 715.8 723.8 731.3 733.8 731.3 725.3 715.9 708.5 707.7 703 700.3 699.8 697.8 692 695.4 697.1 699.3 703.7 707.1 712.9 718 724.6 732.1 738.3
729.6 711.5 702.4 699 701.2 688.7 676.6 667.2 696.2 715.9 731.5 728.4 731.1 720.3 715.1 702.4 694.9 691.7 686.6 673 663.7 657.4 655.4 649.6 647.8 645 646.9 645.7 647.7 647.3 645.7 645.9 646.3 647.8 650.8 651.4 652.3 652.8 652.8 648.6 647 649.1 648.5 648 644.6 646.8 650.2 647.6 657.7 667.4 676.8 683 690.8 701.5 711.1 721.4 729.3 734.9 731.5 722.5 708.4 703.9 701.1 697.8 694.5 693.1 690.4 687.8 687 687.3 690.1 694.3 698.3 704.6 710 716.1 722.6 728.3
713.2 698.7 685.3 681.3 680.5 674.8 663.1 659.4 687 710 726.5 721.4 727.1 715.1 705.2 690.6 683.3 681.6 672.1 659.9 654.4 645.9 647.2 642 637.8 640.6 642.3 640.5 642.3 642.3 641.4 638.2 642.3 644.7 645.6 646.9 647.1 648.5 646.5 641.1 641.6 643.3 641.3 640.5 637.6 638.6 641.8 648 652.3 661.7 669 679.1 685.8 696.3 706.1 715.2 722.8 731.1 730.5 720.7 706.3 698.5 695 692.2 689.6 687.7 683.8 681.7 678.7 680.9 682.3 686.2 691.4 696 702.9 707.7 714 720
689.7 677.2 665.8 664.5 659.6 655.3 647.8 654.4 681.6 706.5 722.1 716.2 720.2 707.7 692.9 676.9 668.7 667.2 659.6 650.9 646.4 636.5 638.8 637.1 632.6 633.3 636.7 635.8 636.2 636.9 636 633.8 638.7 639.8 640.9 641.8 642.4 643.1 640.8 636 634.9 636 633.4 631.3 632.4 631.5 638.1 641 643.7 653.1 663.8 672.7 680.9 689.8 700.2 709.4 718.6 728.1 736.8 723.2 704.3 695.2 689.3 686.8 681.4 680.5 677 676.4 670.9 675.5 676.7 678.6 680.7 688.6 693.7 699.8 705 710.2
666.6 660.3 646.5 646.5 646.3 639.2 627.9 651.8 678.2 701.8 716.4 709.9 710.9 701.9 683.3 667 658.6 656.3 646.7 643.5 637.7 630.4 632.3 630.2 625.6 627.1 629.7 629.1 630.6 630.1 628.9 632.8 632 635.3 635.8 636.6 638.1 637.8 638.9 633.6 629.7 629 626.7 624.2 625.6 628.2 631.1 635 638.8 645.6 654.8 664.7 673.9 683.6 693.2 703 712.6 723.6 731.5 723.6 700.7 689.4 685.6 679.4 677.2 671.8 669.7 670.7 668.8 668.7 671 670.8 674.3 679 685.3 690.7 695.8 702.3
647.8 639.3 631.9 628.1 633.9 622.4 621.6 650.1 674.8 697.7 711.5 704.4 703.1 695.3 677.5 659.3 647.9 645.6 638.6 635.8 627.3 622.4 622.3 623.1 619.5 620.2 623.7 623.5 625.3 622.5 621.9 627.9 624.1 629.3 631.1 631.3 632.2 630.5 632.1 628.5 623.1 621.5 619 617.8 621.5 623.1 625.1 628.6 631.4 638 646.5 657 665.6 677.3 686.1 695.9 706.2 716 718.2 714 698.7 685.2 681.2 675 670.4 665.5 664.1 664.7 664.4 658 663.2 665.7 667.3 670.6 676 680.8 687.7 695.6
628.2 620.5 615 606.7 609.4 602.5 629.4 655.9 676.5 701.7 706.8 694.5 695.9 681.6 672.6 652.5 642.7 633.8 630.8 625.9 621.8 618.1 617.8 618.9 617.5 612 617.6 620.1 619.8 615.3 619.3 621.4 619.4 622.5 623.2 626.1 627.4 624.6 624 623.1 616.2 614.9 613.5 612.5 617.9 619.7 619.9 622.5 625.8 632.4 639.7 647.8 656.2 666.6 677.6 689.6 697.5 703.2 705.1 706.9 696.4 682.7 676.9 669.9 663.9 661.3 658.9 660.6 658.7 653.1 658.5 659.5 660.1 661.7 666.9 671.3 678.6 687
607.8 599.5 592.7 587.3 587.8 615.3 640.2 665.6 680.1 698.5 699.3 686.4 682.2 672.4 663 647.4 636.3 627.1 624.8 622.8 615.6 613.1 615.7 615.6 614 607.4 613.6 615.8 612.5 611.4 613.3 613.9 615 616.6 616 618.8 620.1 617.6 618.5 617 611.3 608.3 606.6 610.6 614.7 616.6 615.3 616.8 621.9 626.8 633 639 648.6 657.6 668.2 681.9 688.2 695.4 699.6 698 697.6 685.6 673 666.5 657 655.4 655.1 655.9 649.3 648.7 651.9 653.5 652.5 653 656.6 661.7 671.8 679.7
587.3 576.2 573 576.2 601.1 625.6 646.9 666.1 677.3 693 686.2 679.5 670 660.5 653.3 641.4 630.1 621.7 620.3 615.7 610.7 610.6 611.8 610.6 608.5 602.8 608 608.9 605.6 608.8 605.5 606.6 609.4 610.3 609.8 612.2 613.5 609.5 610.2 608.4 605.2 601.1 600.4 606.3 610.7 614 612.1 613.9 617.2 622.4 628.4 633.6 639.8 649.4 658.3 670.9 680.7 691.9 693.1 691.3 694.8 689.3 673.9 661.7 651.3 649.3 647.9 647.5 645.8 638.5 644.5 646.3 646.2 645.5 647.3 656.1 664 670.9
566.6 557.9 569.9 597.7 617.3 635.4 652.6 661.7 671 681.6 674.8 670.9 656.5 647.4 645.1 636.2 628.4 621.1 617.2 611.4 610.4 610.1 609.3 607.7 604 599.2 603.4 603.4 600.5 601.9 598.4 601.2 603.9 602.7 603.4 606 606.4 602.6 602.6 601.7 598.5 593.3 596 602.4 608.1 607.9 607.4 608.2 611.9 616 622 627.3 632.8 640.7 650.6 662.2 669.7 678.8 685.6 683.4 685.9 684.2 672.4 661 648.7 643.9 639.2 638.6 637.9 632.9 637.3 639.7 639.4 638.4 638.7 646.6 655.4 662.7
546.9 558.5 584.6 615.4 630.4 635.6 649.9 655.1 659.6 668.3 657.8 655.1 643.9 635.4 632.8 632.8 626.9 623.5 613.4 614.1 610.5 614.8 604.7 605.1 598.6 595.5 597.5 598.6 595.1 595 593.1 594.6 596 594.2 596.5 599.1 600.1 598.3 595.3 596.2 590.8 583.9 590.5 597.9 602.1 603 601.4 602.3 606.2 610.1 615 619.5 624.9 632.6 641.4 652.7 662.5 667.9 672.6 674 671 671.6 662.3 648.7 642.2 636.8 632.7 632.6 631.8 627.7 631.4 634 633.8 632.2 630.3 637.2 645.1 652.1
539.4 568.2 594.4 617.9 619.8 628.1 641.3 646.5 642.1 644.1 638.6 636.8 629.9 624.5 626.7 626.9 625.5 624.2 615.7 613.6 609.6 611.2 602.3 603 596 591.4 590 592 588.7 587.4 586.1 587.2 587.9 587.6 589.3 593.5 593.8 591.8 587 588.4 583.9 579.1 585.5 592.2 596.3 597.7 596.2 598.1 600.4 604.1 608.1 613.1 617.8 624.4 632.8 644.9 653.8 659 664.6 663.5 659.4 655 647.9 639.7 634.1 630.7 627.1 627.3 625.6 624.5 621.2 626.6 626.8 627.1 621.8 627 634.8 641.7
526.3 558.2 585.5 598.2 600.7 617.9 629.1 629.6 624 621 617.1 618.2 616.4 615.7 621.9 622.6 624 622.3 616.1 612.9 610.3 609.8 601.6 601.1 592.3 586.1 583.3 585.8 582.5 579.7 578.5 580.5 580.1 582.5 583 588.1 587.4 582.9 579.7 581 577.5 571.6 580.8 587.4 590.2 593.2 591.3 592.5 595.3 599.9 602 605.9 610.7 617.7 626 636 647.8 651 652.5 650 646.8 641.3 636.6 632.5 629 623.7 622.6 622.2 620.4 620.2 613.3 618.1 619 618.7 610.2 617 622.8 632.7
517.8 546 565.2 573.7 587.5 598.5 610.2 610.7 605.8 602.4 599.5 603.6 603.4 609 615.4 618.1 620.7 620 618.8 615.3 614 609.5 603.6 600.3 586.9 582.4 577.3 578.1 578.4 574.4 571.3 573 572.7 577.5 578.4 582.6 579.7 576.5 572.3 573.2 571.1 566 579.3 583.6 585 587.2 586.6 586.9 590.8 596.1 596.9 600.4 604.9 611.4 620 629.2 638.3 640.1 643.9 642.7 638.3 634.9 627.2 624.9 620.5 618.6 618.9 617.8 615 615.2 606.2 611.8 611.8 609.1 607.5 604.1 612.3 620.5
510.5 529.4 543.1 553.1 567.5 579.4 587.6 582.5 580 583.4 581 589.6 593.5 600 607 610.5 614.9 618.8 618.9 617.8 615.7 610.8 607.8 599.2 583.5 577.8 570.8 573.8 573.4 570.4 564.4 563.7 564.3 568.5 570.5 575.1 571.4 570.4 567.9 567.8 565 563.5 576.9 579.4 579.5 582.2 581.6 582.5 586.9 590.2 592.9 596.5 599.1 605 612.7 620.5 626.7 632.3 636 636 629 623.9 618.7 613.7 612.6 613.5 613.9 612.3 608.6 609.6 600 606.1 604.3 600.5 598.2 589.1 604.7 609.4
500.4 511.4 521.1 532.7 546.9 552.1 548.7 552 550 558.5 566.2 576.5 582.3 585.5 594.6 602.5 605.5 612.2 613.4 613.4 612.8 608.6 606.8 599.8 582.7 573.8 568.2 569.1 566.8 564.1 559.2 556.6 556.5 559.1 564 566.6 563.9 562.5 560.8 561.6 560.8 557 568 572.6 573.4 576 577.3 578.5 581.9 585.7 588.7 594.1 595.4 599.2 606.2 610.5 618.4 626 629.8 625.1 618.9 615.5 609.7 605.5 606.8 608.2 607.5 605.7 603.6 603.6 595.5 596.8 596.2 592.4 579.5 578.6 596.9 600.8
485.8 492.3 502.4 510 517.8 516.5 518.3 528.2 530.3 541.1 550.4 557.3 569.3 570 586.5 591.4 594 599.5 601.9 603.5 605 603.7 601.8 596.7 577.4 568 562.5 563.2 559.3 557.7 553.6 550.2 550.3 550.6 554.1 556.6 554.9 554.1 554.4 552.9 556.2 553.5 561.8 564.5 569.9 571 571.5 574 578.9 581.6 585.6 590.2 592.2 596 600.8 604.3 612.2 618.4 621.6 613 610.8 607.2 602.2 600.5 600 602 601.3 599.5 597.4 596.2 589.8 589.2 589.4 586.6 568.3 564.5 580.2 593.1
472 476 482.1 487 491.5 492.7 499.7 508 514.9 521.5 531.2 540.6 552.6 559.3 574.4 578.4 585.6 589.9 588.2 587.4 592.5 595.7 595.4 588.3 568.4 560.3 557.5 554.9 551 550.1 547.1 543.8 546.3 543.7 546.6 544.9 545.6 547.4 546.7 544.5 549.1 547.3 553.1 559.6 563.4 566.1 568.3 570.1 574.2 578.7 581.2 584.2 588.2 595.2 600.7 607.8 610.1 614.4 609.8 607 605.4 601.2 595.8 594.5 595.6 594.5 594.1 592.6 591.3 588.5 587.6 578.8 580.5 580.1 573.5 548.3 569.6 583.7
457.4 462.2 464.3 467.6 472.7 474.4 482.6 490.1 496.2 506.9 515.4 526.4 538.9 544 559.1 566.3 575.9 576.7 575.1 570.1 574.9 582.6 584.5 575.4 559.3 547 550 546.1 543.3 543.4 541.4 539.2 541.1 536.5 536.9 537.7 538.2 538.6 539.2 539.2 542.6 542.1 548.8 554.3 558.6 562.4 563.3 568.2 571.6 575.2 577.3 583.4 591.8 597.3 606 609.3 611.8 612.1 609.1 605.7 600.2 593.9 590.6 590 589.4 587.8 587.5 585.4 585.2 581.4 580.1 572.3 569.4 572 565.8 542.4 560.6 569.1
446.5 448.1 449.9 453.3 458.1 459.6 467.5 473.7 480.7 491.9 500.5 512.5 522 529.7 542.1 547.3 561 559.4 556.9 553.2 558.5 564.6 570.5 564.7 546.7 534.8 538.2 539.2 535.5 536.2 534.5 532.7 533.4 530.1 530 531.1 532.4 533.2 534.1 534.6 535.8 540.8 546.2 549.6 553 557.1 558 564 568.3 572.3 578.5 585.9 592.5 602.1 609.1 614.5 617.9 620.2 618.7 608.7 605.4 595.2 586.8 585.1 584.6 582.1 582.2 580.3 577.3 575.2 571.3 566.2 562.7 563.1 549.6 529.4 551.6 557.4
437.6 440.5 440.1 441.6 445.2 447.6 452.2 455.7 466.7 473.4 487.1 497.6 503.8 512.2 521.8 530.3 539.7 541.2 537.4 536.7 544 550.5 557.2 547.6 531 517.6 525.4 527.4 525 526.6 528.7 525.1 525.2 523.6 522.3 524.2 525.5 528.1 531.1 531.1 531.8 536.8 543.2 546.6 545.9 548.4 551.8 556.3 564.9 572.2 579.4 583.8 595.1 602.3 609.8 618.6 624.3 625.1 625.2 615.1 608.1 600.7 585.9 583 580.6 579.2 575 574.7 570.5 567.9 563.9 560.1 554 552.2 549 521.9 531.6 546.1
428.2 428.2 431.4 428.2 435.4 438.7 440.3 443.4 449.9 460.4 471.6 481.9 490.9 498.1 507 514.3 521.4 518.6 522 520.7 527.2 535.2 542.8 529.8 515.6 505 508.8 512.2 514 516.3 518.2 517.7 517.4 517.6 517 517.3 519.2 523.7 525.1 528.9 528.3 531.3 534.7 538.8 540.9 543 547.2 554.1 563.6 570 577.8 584.4 594.3 601.3 609.1 618.2 625.5 628.5 624.8 615.6 605.2 601.9 583.7 578.3 576.5 573.9 571.8 568 565.9 560 555.9 552.2 548.2 539.1 540.6 524 512.1 533.7
428.2 428.2 428.2 428.2 428.2 428.2 428.2 428.2 440.1 448.8 457.9 468.8 476.9 483.2 492.5 501.8 503 500.8 505.8 508.5 512.3 521 526.6 513.5 499.6 490.2 493.3 498.9 501.4 505.6 508.6 509.2 507.8 510.3 510.3 509.5 511.2 515.9 518.6 523.6 522.2 526.8 528.6 530.6 533.4 541 547.4 553 559.3 567.7 573.8 583.5 593.6 600.4 606.5 612.9 620.7 623.5 621.3 612.1 600.3 590 578.9 572.1 569.4 567.6 565.2 561.9 556 552.1 546 543.2 538.9 532.7 528.3 522.8 495 520.6
428.2 428.2 428.2 428.2 428.2 428.2 428.2 428.2 428.2 432 447.3 455 464.6 471.3 481.2 488.6 489.3 488.3 490.8 495.2 500.7 508.4 508.5 497 486.6 476.9 484 488.2 491.2 493.8 498.2 500 500.1 501.8 502.3 503.4 506.4 509.5 512.9 512.9 518.2 521.1 526.4 524.4 531.4 541.9 544.2 548.1 555 563.9 573.4 582.3 588.8 598.6 603.8 607.7 611.8 617.1 613.5 606 593.4 576 569.2 565.1 562.8 561.3 557.4 554.3 549.8 543.3 540.7 533.7 531.4 526.1 520.2 509.5 485.2 506.6
428.2 428.2 428.2 428.2 428.2 428.2 428.2 428.2 428.2 428.2 436.3 443.8 456.5 459.7 470.4 479.2 479.2 477.4 478.5 483.5 489.3 498.4 492.9 482.3 475.2 467.6 474.5 480.1 482.8 484.2 488.5 490.1 491.5 493.4 496 499.1 501.3 504.1 510 503.8 507.2 511.9 514.6 523 530.2 535.3 538.2 545.4 552.6 562.4 573.3 577.3 585.6 592.9 597.9 602.6 604.8 608.2 603.9 596.2 578.9 567.9 559.9 557.2 554.7 551.8 550.9 547.4 542.6 537.2 532.9 526.1 522.5 517.5 510.2 505 477.9 494.2
428.2 428.2 428.2 428.2 428.2 428.2 428.2 428.2 428.2 428.2 428.2 434.6 445.6 451.8 460.9 467.1 467.5 465.6 468.2 472 478.4 486.6 481.6 468.6 464.6 458.5 466.1 470.9 474.3 477.2 478.9 478.2 483.2 486.3 488.5 491.5 495.2 496.5 499.9 494.5 500 506.4 512 524.2 526.5 530.2 535 544.5 554.8 561.1 567.1 573.3 579.5 588.1 593 597.4 595.9 598 591.5 581.6 570.9 562.5 552 547.5 546 542 541.3 537.8 534.2 529.2 522.1 519.5 511.7 505.7 501.1 493.8 478.8 476.2
428.2 428.2 428.2 428.2 428.2 428.2 428.2 428.2 428.2 428.2 428.2 428.2 432.9 442.9 453.2 461.9 459 455.6 455.3 460.3 465.9 475 468.7 459.3 454.9 449.5 456.4 460.7 466.6 468.8 471.1 473.8 474 478.1 480.5 484.9 487.5 487.7 488.8 482.6 495.4 503 511 515.5 521.7 525.9 533.7 542.9 551.8 556.8 563.3 569.1 572.3 581.3 588 591.7 588.8 586.8 577.5 570.9 560.9 550.8 541.2 539.4 535.4 534.1 532.2 529 528.5 520.1 515.5 508.2 503.5 493.3 488.4 480 459.9 463.5
428.2 428.2 428.2 428.2 428.2 428.2 428.2 428.2 428.2 428.2 428.2 428.2 428.2 432.7 444.1 451.7 453 445.6 444.9 449.9 455.4 463.2 459.4 449.3 447.7 441.7 447.9 451.7 457.2 459.8 460.1 466.5 468 470.9 474.7 478.5 478.4 479.1 479.7 477.7 490.2 499.2 507.8 510.7 515.8 523.4 532 540.1 547.7 552.6 557.7 563.3 568.6 573 579.9 584.1 581.1 573 568.2 563.5 553.2 544.5 536.4 530.6 526.1 524 521.9 520.2 516.3 508.7 504.5 500.5 490.7 485.3 474.6 458.8 437.1 455.8
428.2 428.2 428.2 428.2 428.2 428.2 428.2 428.2 428.2 428.2 428.2 428.2 428.2 428.2 434.9 442.1 445.6 438.2 436.3 440.9 445.4 450.8 450.4 443.6 438.2 434.4 437.9 443.5 447.4 451.4 453.9 459.2 460.8 465.1 466.4 468.8 469.6 467.9 468.9 474.8 485.7 494 501 506.7 514.2 521.8 529.2 535.6 542.6 549.3 554.3 559.7 564.3 567.7 571.2 576.9 570 566.2 564.4 555.1 544.4 538.2 533 522.9 519.3 515.9 512.3 509.3 505 497.6 493.6 486.6 478.8 471.9 465.3 434.1 420.2 440.9
428.2 428.2 428.2 428.2 428.2 428.2 428.2 428.2 428.2 428.2 428.2 428.2 428.2 428.2 428.2 428.2 437.5 432.5 425.7 433.8 436.7 441.5 442.7 441.8 432.3 428.4 429.9 434.6 437.9 442 445.2 449.3 454.1 457.2 458.9 459.1 461 460.1 461.8 470.7 480.2 489.5 494.6 502.1 510.7 517.3 525.6 532.1 539.8 546.9 552.3 556.6 562.9 564.7 567 566.4 564.1 559.4 555.1 545.8 537.2 532.5 527.6 522 512.2 507.4 503.1 497.5 492.4 487.9 479.6 472.8 466.9 458.8 454.9 436.1 408.4 426.6
428.2 428.2 428.2 428.2 428.2 428.2 428.2 428.2 428.2 428.2 428.2 428.2 428.2 428.2 428.2 428.2 433.3 426 419 426 428.7 431.1 434.4 436.8 426.1 421.1 424.6 426.1 428.4 430.8 437.6 440.6 443.8 448.3 451.9 452.3 450.5 448.6 458.6 465.1 473.5 481.7 489.7 497.9 506.8 512.5 518.1 525.7 535.8 542.6 548.1 552.6 557.3 561.8 563.3 563.6 565.6 554.7 546.9 539.4 533.2 528.5 522.7 515.2 506.9 500.5 494.9 487 476.8 474.2 466.7 460.5 454.4 449.4 444 428.7 406.4 401.9
