public/OST50/NN55.asc
ncols 200
nrows 200
xllcorner 250000
yllcorner 750000
cellsize 50
[rows 0 to 34 of 200, columns 78 to 155 of 200]
406.5 403.2 394 388.7 385.7 379.9 376.2 375 374.2 375.2 370.7 366.4 364.5 364.2 364.8 364.8 364.1 362.1 358.7 356.9 356.4 356.8 354.8 354.5 354.9 355.7 355.6 355.7 355 353.7 351.3 348.7 347.1 345.1 343.2 340.2 341.7 343.4 343.2 339.9 332.6 325.2 332.3 336 340.6 343.6 344.7 344.7 345.4 343.5 340.2 341.4 346.3 348.7 353.2 357.4 359.6 360.8 363.1 364 365 365.3 368.7 370 371.9 376.6 380.6 383.6 387.6 389 387.4 387.7 387.3 386.3 387.1 385.4 383.2 381.4
400.9 390.8 381.9 380.2 380.3 378.2 374.2 369.4 366 366.1 363.5 363.6 362.8 362.4 363.3 363 361.4 358.2 355.4 355.2 354.4 355.5 355.8 355 353.8 354.2 354 353.3 353.8 352.6 349.3 346 343.2 341.6 340.2 337.3 337.4 339.5 337.7 333.9 320.9 328.4 333 336.3 338.6 341.2 343 343.5 343.2 341.9 336.7 339.2 344.1 348.6 352.5 355.3 355.8 356.4 358.5 356.9 359.9 357.4 362.3 363.8 365.6 370 373.2 377.2 377.9 378.8 380.5 381.3 380.3 380.1 379.5 376.2 374.7 372
392.6 383.5 378.6 375.3 372.2 370.6 369 365.1 364.7 363.8 361.3 360 360.3 359.5 359.3 358.7 355.7 352.9 352.4 352 352.2 353.1 353.4 352.1 350.1 348.2 348.9 348.3 348.7 348.2 345.2 342.3 340.5 337.9 337.1 333.5 331.7 336.9 329.5 318.8 325.3 330.4 333.9 333.9 335.8 336.9 339.3 340.6 340 338.8 335.4 336.5 340.4 345.3 346.8 351.6 352.5 351.1 354 352.9 354.9 354.9 356.6 358.5 358.5 362.1 362.7 364.9 367.6 368 370.6 372.4 371.1 369.6 370 369.4 368.7 366.9
395.1 390 385 374.3 369.3 365.1 364.2 362.2 361.1 358.7 357.7 357.8 357.5 356.1 355.1 354.3 348.8 347.4 347.9 347.8 349.3 349.8 349.1 348.3 348.5 345.8 344.2 342.9 342 341.2 341.3 338.9 336 333.9 334.6 329.4 325.8 324.3 316.8 321.7 326.8 330.6 333 332.8 332.6 334.1 336.5 337.3 337.9 334.7 332.7 337.8 340.6 342.2 342.9 346.4 349.1 349.4 352 352.3 351.9 352.1 353.5 353.5 354.6 355.6 357.1 358.5 358.9 358 356.6 357.4 358.7 360.9 363.1 361.6 360.3 358
394.2 386.9 375 367.5 364.2 355.6 356.5 355.6 354.9 352.5 353.4 352.8 353.6 352.3 351.8 350 346.6 344.6 343.8 345.2 346 345.4 346.6 346.4 345.4 344.6 343.2 341.3 339.8 338 338.7 335.4 331.2 332.4 331.8 327.4 321.3 315.8 317.7 322.9 326 328.2 329.5 329.9 328.9 330.9 334.8 336.5 334.8 332 332.5 337.8 339.3 339.1 340.2 342.4 343.8 346.5 347.4 348.9 347.8 348.5 348.2 350.5 351.1 352.2 354.4 354 352.5 352.9 351.8 350.8 349.8 350.9 351.1 350.7 349.7 352.9
376.3 373.5 364.2 357.2 352.5 351.2 352.7 351.6 347.2 345 345.9 347.2 347.9 346.6 346.9 343.9 340.4 339.2 340.7 341.6 341.6 341.1 340 342.2 342.3 341.4 339.6 337.3 336.3 337 336 332.2 326.9 329.3 327.9 322.3 314.7 314.6 318.1 321 321.7 322.2 323 326.3 327.2 328.7 331.9 332.1 330.3 330 333.4 336.2 336.5 336.2 337.1 341.4 342.4 342.8 343.2 344.8 344.8 345.7 346.3 348 350.4 350.5 351.4 352 351.2 350 348.4 347.6 350 347.5 347.6 346.2 345.5 345.3
368.9 361.5 355.5 349.7 344.4 341.5 344.7 342.5 339.9 337.9 337.8 339.8 341.5 341.6 340.5 334.8 337 335.5 335.3 335.7 336.3 337.6 336.5 336 337.3 334.9 332.3 331.3 331.9 331.8 333.1 329.7 322.5 324.5 322.6 316.2 310.5 314.8 316.4 318.2 319.9 319.9 320.5 323 323.3 325.3 326.4 325.8 328.3 332 334 334.5 335 336.7 336.5 339.7 340.2 341.7 341.8 343.8 344.9 346.2 347.9 347.5 348.9 349.4 349.2 351 350.6 348.8 346.3 345.8 344.7 344.7 345.9 342.5 345.9 344.6
361.2 356.4 349.9 344.7 339.8 335.8 335 337.5 336.3 332 330.7 332.1 332.2 331.1 333.2 333.9 335.8 334.9 332.2 331.4 333.1 333.5 332.8 331.9 331.4 329.3 327.2 325.5 325.2 329.7 329.7 326.8 319.6 319.8 317.8 311.9 311.4 316.5 320.1 323.2 324.8 324.5 323.4 323.2 324.7 325.6 326 327.8 332.5 337 338.1 339.2 339.4 338.8 336.7 338.1 338.8 342.5 343.7 344.4 345.2 346.8 348.8 347.4 348 347.6 348 349 348.5 345.5 341.4 341.1 340.8 339.6 337.3 338 339.7 340
353.1 349.5 343.5 338 332.4 329.6 329 329.8 323.6 323.4 326.5 326.6 326.1 328.9 329.7 330.9 332.5 330.5 328.7 326.5 327.1 328.9 329.4 328.3 327.2 324.3 322.6 322 324.3 326.4 326.3 323.8 317.8 315.9 313.9 308.2 315.1 321.2 325.3 326.5 326.5 326 325.5 325.3 325.9 330.7 332.3 335.5 338.5 339.7 339.5 342.2 344.6 345.5 342.9 341.5 340.3 342.6 344.7 345.4 346.8 348.4 347.4 347 347.4 346.1 343.6 343.7 342.6 342.2 340.5 337.9 334.5 333.3 333.3 334.9 334 335.2
345.9 341.7 335 327.3 324.4 322 321.4 316.8 316.1 318.9 320.3 324 327 328.9 328 327 327.6 325.5 323.9 324.7 324.6 322.4 323.7 321.3 321.2 319.9 318.5 317.1 322.4 322.3 321.9 319.2 314.1 311.8 309 309.3 317.4 322.5 325.7 326.3 325.6 325.8 324.8 327.1 331.2 333.8 336 339.6 340.2 339.5 340 343.6 347.4 350.1 350.3 348.8 347.5 348.1 347.7 348.8 347.7 347.6 347.5 347.4 348.2 345.8 343.3 340.5 339.3 339.9 338 335.4 333.1 331.3 332.6 331.1 329.3 331.7
336.8 331.1 328.7 321.6 318.6 318.5 316.9 313.2 312.1 316.5 321.9 326.5 327.9 327.7 325.9 324.6 323 322.4 323.4 324.4 322.4 320.2 318.4 316.2 317 315.8 315.6 318.5 320 318.2 316.8 311.6 301.7 303 307.2 314.4 317.4 321.2 323.3 322.4 323.8 324.7 325.3 329.9 332.9 336.9 340.8 342.6 341.9 339.6 341.6 344.6 347.5 352.2 355.6 352.4 356.9 357.7 358.5 357.6 354.8 353.9 353.1 350.7 349.7 347.5 346.2 342.8 339 336.6 335.3 334.9 332.6 330.2 328.2 327.7 327.1 328.5
332 325.8 321.2 315.4 315.9 314 311.7 308.8 310.8 318.6 326.6 327 327 326 323 323 322.5 322.5 322.7 321.9 318.2 314.9 316 315.3 315.2 315 315.9 316.7 316.1 314.1 310 302 300 307.5 313 318 319.8 320.5 319.8 321.9 325.3 329.6 331 330.7 337.5 342.1 344.7 343.9 341 341 343.9 350.4 352 356.8 361.7 362.6 363.7 365 365.5 364.8 362.3 360.4 359.7 357.7 354.4 350 346.7 342.2 337.1 336.7 336.2 335.5 332.4 329.6 326.6 323.3 323.6 325.4
327.7 320.3 314.3 313.7 312.3 308.9 309 307.9 316.2 322.8 323.9 324.9 325.2 324.5 321.9 320.1 321.2 321.4 319.6 315.9 313.5 312.9 312.9 313.1 312.8 313.9 313.3 311.6 311.4 308.6 302.7 295.8 306.3 312.2 316.5 318.7 320 319.9 321.5 322.9 330.4 334.8 336.2 337 342.2 345.7 346 343.6 343.8 345.8 352.9 357.9 358.1 363.3 367.2 368.8 369.8 370.5 369.5 368.9 366.6 364.1 364.9 364.2 359.8 354.6 347.8 343.5 341.2 340.3 338.6 335.9 330.5 324.7 324.9 321.8 321.2 322
321.2 314.3 308.8 310 308.8 306.4 306.7 311.9 318.1 319.4 320.9 321.8 323.1 321.3 321.4 319.9 317 317 313.6 313.1 311.3 310 307.5 307.8 309.6 309.7 307.1 303.1 304.8 301 292.7 303 310.9 315.1 318.2 318 319.4 322.3 322.8 325.3 332.2 337.5 338.8 342.2 344.5 345.9 348.4 347.8 351 355.7 360.5 363.9 363.5 369.5 372.3 372.6 373.8 375.6 374.6 374.1 371.8 371.1 370.7 368.1 361.8 352.7 347.9 346.1 344.6 341.4 336.7 334.6 329.7 322.7 321.8 319.8 320.2 320
312.7 307.9 305.2 306 304.5 307.9 306.4 308.8 316.1 317.1 318.2 318.1 320.5 320.2 319.2 317.9 314.7 311.6 311 310.1 307.6 304.4 304.5 306.4 306.3 303.7 301.1 300.6 298.4 291.2 299.1 307.7 313.2 316.6 319.1 319.5 320.3 324 325.6 328 333 338.6 341.9 345.8 345.8 346.2 350 352.8 357.1 362.9 365.9 367.8 369.7 373.5 375 376.9 378 378.4 378.1 376.3 374.9 375.2 374.2 370.1 362.9 354.2 346 344.8 342.9 338.8 335.1 332.9 328 323.6 319.8 319.2 318.9 319.5
303.8 303.4 303.7 301.6 300.3 303.9 306.9 310 312.1 314.4 315.4 315.4 316.7 317.3 316.2 314.5 311.9 309.4 307.5 305.1 301.3 300 303.4 303.1 301.1 297.6 297.5 296.2 291.8 293.6 304.6 310.9 314 318 320.6 323 323.6 327.2 327.9 333.3 337.5 341.4 344.8 347.6 349 351.5 356 361.9 365.7 367.5 368 368.6 370.9 375.9 378.2 377.6 377.6 377.9 376 375.2 375.4 375.6 374.1 368.3 359.4 351.3 343.8 342.1 341.6 339.4 335.9 333.2 330.5 327.1 321.2 320.3 320 324.7
297.1 297.8 294.5 293.5 293.9 300.1 305.4 308.4 310.4 313.1 314.1 314.3 313.9 314.4 313.8 312.9 310.7 308.1 304.5 301.6 300.3 300.1 301.5 299.5 297.1 295.7 293 290.2 288.7 299.8 308.3 312.5 314.7 318.3 320.3 323.7 324.2 328.9 332.6 337.6 340.6 343.6 346.9 349.2 351.1 357.2 364.6 369.1 370.3 370.3 371 372.2 374.1 376.8 378.5 378.4 376.2 375.5 375.7 375.5 375.6 375.5 372.5 366.2 354.6 350.1 344 342.3 341.8 340.7 338.2 336.3 333.1 329.3 322.8 322.6 325 327.2
292.6 293.3 289.9 289.2 294.1 298.1 302.3 304.5 310.2 312.8 313.8 312.2 311.3 310.8 310.1 309 306.5 304.6 302.6 299.9 297.9 299.1 299.8 298.3 295.4 291.1 285.8 285.7 295.4 304.6 310.1 313.1 316.6 318.5 320.7 322.8 326.8 332.6 337.1 339.7 342.5 344.7 347.5 349.7 357.9 366.1 370.8 372.9 371.4 374.8 375.4 375.3 374.7 375.7 376.4 376.2 373.6 373.7 375 375.5 375.1 374.4 371.5 365.9 355.4 352.2 349.4 344.1 341.6 339.6 339.1 336.3 333.3 329.7 323.4 324.2 326.4 328.2
286.7 287.3 287.1 286.1 292.4 296.5 299.5 300.7 307.2 310.6 311 307.9 308.4 308.9 307.5 305 302.2 300.7 298.4 295.6 293.4 293.9 295 293.9 290.8 286.5 287.5 295 301.8 307.3 310.3 313.6 318.6 322.2 323.4 325.4 331 336.2 339.4 343 344.3 347.7 349.5 359 366.8 373.3 376.3 375 377.5 380.3 379.2 378.9 376.8 372.8 372.3 372.4 370.4 371.3 374.8 374.1 373.7 373.9 372.5 368 360 354.8 351.1 345 339 339.2 338.5 334.6 331.6 328.9 324.6 325.7 329.1 334.8
279.8 282.1 280.2 286.6 291.6 294.8 296.6 298 302.7 306.9 306.3 303.1 304.2 304.4 301.1 299.2 298 295.7 293.9 291.9 290.4 288.1 287.9 287 284.7 282 286.4 298.3 305.3 309.9 311.8 316.4 320 324.6 326.4 329.1 333.7 338.1 342.8 347.6 349.4 349.9 359.4 368.7 374.9 378.5 380.5 381.1 383.1 383.3 381.6 380.2 378.1 372.7 371.4 369.9 368.2 369.8 372.6 373.7 373.7 373.8 372.4 368.4 361.8 355.9 351.1 346.6 346 346.5 345.3 341.7 338.6 333.6 332.6 335.3 338.8 342.2
275.5 276.8 281.1 285.7 288.4 291.9 293 294.8 300.2 303.2 300.5 298.3 298.6 298.3 296 293.4 292.9 292 289 286.9 285.4 283.9 281.3 275.5 278.8 281.6 292.6 301.2 306.4 310 314.2 318.8 322.6 326.4 329.7 332.3 337 341.9 346.2 349.9 351.8 357.3 367.2 375.2 379.6 381.3 383.2 383.4 383.6 383.4 380.7 379.6 377.5 375.3 372.6 369.9 365.6 360.9 368.6 370.9 372.2 371.4 369.7 367.3 362.1 355.8 353.9 355.6 357.1 357.6 355.7 352.2 348.3 344.9 342.9 343.5 346.1 348.3
271 276.5 278.5 283 286.2 287.8 289.4 294 297 298 295.4 293.7 292.6 290.2 288.7 287.1 287.8 287.3 285.3 282.2 280.3 277.9 272.5 278.1 283.6 289.9 296.5 302 306 309.2 314 319.8 325.7 328.3 329.8 335.8 338.6 341.4 344.5 348.9 352.8 358.8 372 378.5 382 383.8 383.2 382.9 383.2 383 380.2 376.8 374.3 372.5 370.2 366.6 361.7 359.7 364.5 366.9 369.3 366.7 365.5 365.4 360.7 358.4 357.1 363.4 365.6 364.9 362.7 357.4 353.7 349.6 347.2 347.3 348.1 347.5
269.3 273.9 275.9 279.3 280.9 282.9 285.3 290.4 293.3 290.9 288.7 287.3 284.9 284.3 284.3 283.1 282.8 281.5 279.2 276.7 274.7 271.8 270.3 277.8 283.9 290.3 297.8 302.9 305.7 307.5 312.1 318.9 326.5 330.6 333.4 335.3 337.9 341 344.5 347.6 358 367.2 374.7 378.5 382 383.6 383.6 383.2 382.6 379.4 375.2 369.8 365.4 363.7 362.9 361.9 360.3 361 364.9 366.9 365 365 364.4 362.7 359.4 361.7 364.2 364.7 365.7 366.5 366.4 361.2 353.2 348.3 347.1 349.1 359.6 340.7
265.8 269.7 271.6 274.5 276.4 277.8 281.4 283.3 283.9 283.8 283.7 282 279.6 280.9 279.9 279.3 277.2 274 273.3 270.5 268.7 266.8 266.3 272.7 282.6 289.5 297.6 302.3 304.3 307.1 311.6 318.5 324.5 329.6 334 334.9 336.7 340.6 346.6 354.1 363.6 369.8 375.2 378.7 381.2 380.5 382.3 381.3 377.7 370.6 367 362.4 355.3 354.8 355.1 357.9 359.6 361.3 363.2 364.2 363.2 362 359.6 359.1 361.4 365.8 366.2 365.4 365.9 366.5 366.7 360.5 356.1 358.4 357.7 358.1 346.2 329.1
262.5 263.9 268.1 271.6 271.3 274.8 276.4 275.9 275.6 279.4 279.8 278.1 275.5 275.1 273.4 272.2 272.4 270.3 268.9 266.1 263.5 260.6 262.7 272.6 280.5 285.8 296 300.2 304.7 307.1 309.1 315.8 325 329.8 333.2 333.1 335 340 350 358.7 366.5 371.3 375.4 378.3 379.4 377.3 376.7 373.5 368.7 362.3 358.1 353.1 347.8 348.6 353.5 355.8 357 357.6 357.6 357.8 357.4 355.3 355.2 359.7 363.7 366 367.5 366 366 366.6 364.4 358.9 358.5 358 352.2 342.1 328.5 317.2
255.1 259.6 262.9 267.1 265.6 267.2 269.9 271 271.1 272.7 274.8 272.8 270.6 267.6 269 267.9 267.7 265.8 263.5 261.5 259 255.7 262.7 271.5 277.7 289.1 296.5 299.9 303.7 309 316.5 326.3 333.4 332.8 331.6 329.9 329.4 339.2 349.6 359.8 366.6 370.8 372.2 375.4 376.7 373.8 368.9 362.9 357.5 352.7 348.8 344.7 345 346.7 347.8 349 349.9 349.4 348.3 347.8 350.1 352.1 355.4 359.4 361.6 362.3 362.2 362.1 363.6 362.6 358.3 354.6 352.2 345.4 333.6 322 311.7 308.1
251.4 253.1 258 259.6 260.9 262.5 266.7 268.9 268 269 269.4 268.9 267 267.1 267.3 266.7 263.9 263.6 262.3 259.6 255.9 255.1 262.8 271.1 280.4 291.3 299.2 304.2 307.5 311.2 316.9 327.5 331.1 331.7 331.2 329.6 327.5 336.6 347.7 358 365.1 367.8 368.9 372.2 372.5 368 360.7 353.2 348.4 347.7 343.6 340.6 341.5 341.8 339.8 340.7 340.2 341.5 339.1 341.9 344.2 345.6 351.5 355.3 355.8 353.9 354.8 355.9 356.8 355.5 350.6 346.2 340.9 330.1 317.4 314 307.9 301.6
247.7 248.8 249.5 254.2 256.5 258.6 263.2 266.6 266.5 264.7 264 264.8 266.2 265.6 265.3 264.5 261.6 258.2 258 257.2 254.9 253 259.9 269.6 281.5 291.9 299.4 303.8 306.5 311.1 316.3 325.6 329.6 329.8 329.5 328.4 327.2 341.1 356.3 362.5 361.4 362.4 363.8 367.2 367.3 363 354 347.1 346.2 345.8 343.8 341.3 340.3 340.5 340.4 339.6 339.2 338.7 337.2 337.5 338.7 338.5 345.6 347.6 347 344.2 347.3 348.9 348.9 347 341.1 339.8 325.2 314.6 308.6 306.6 301 296.9
244.8 245.8 246.7 248.5 251.3 254 257.8 264.1 263.4 261.9 262.4 263.4 262.4 263 264 262.6 258.7 253 253.6 253.4 254.2 250.8 257.3 269.3 280.5 289.6 297 299.5 302.8 309.9 317.3 323.6 326.7 325.5 324.8 326.2 334 350.5 368.1 363.6 353.5 355.1 357.3 360.1 360.1 356.5 351.2 347 344.1 343 340.9 338.7 337.4 337.6 337.2 336.8 334.9 335.9 335.7 336 336.8 337.6 339.4 339.5 338.9 338.1 340.3 341.6 341.7 339.7 334.2 324.6 311.1 309.3 305.8 299.7 293.2 289.3
244.3 241.5 243.1 243.6 245.5 248.6 254.4 258.3 259.5 259.5 257.7 260.6 259.9 257.9 259.9 258.3 254.4 250.1 250.2 248 247.9 252.4 258.5 268.1 278.3 285.4 291 295.8 301.9 308.6 315.1 319.7 322.6 322.3 322.1 328.9 341.6 353.5 354.4 348.8 349.9 351.1 357.7 360.3 356.8 349.7 344.7 340.4 337.3 336.1 333.1 331.4 330.9 333.3 332.6 334.8 335.3 334.9 334.9 335.7 336.6 335.7 335.8 336.1 333.6 333.2 332 335.6 336.1 332.5 323.9 314.2 304.9 302.7 298.8 293.2 286.7 281
243.6 238.9 238.1 241.1 238.8 241 248.1 252.5 254.8 254.8 256.3 256.2 254.8 253.6 253.4 251.3 250.1 248.9 248.3 248.1 251.7 254.8 258 267.3 276.3 284.7 292.5 290.1 297.7 303.6 309.6 314 314.8 320 325.4 336 340.1 338.2 338 343.8 349.6 353.8 354.4 354.1 349.8 338.8 334.9 329.9 325.8 325.9 326.3 324.4 327.8 330.1 332.1 334.4 334.7 334.4 334.5 335.7 337.4 336.6 335.3 333.5 330.3 329.9 329.6 330.3 329.6 323.8 310.6 304.5 298.6 293.6 288.8 283.7 276.4 270.8
242.9 237.3 236.2 234.9 233.4 233.4 239.1 246.9 251.9 252.1 253.7 251.3 247.7 247.5 247.2 248 247.7 247.4 247.5 248 251 255.3 258 264.1 272.9 280.2 285.1 286.9 291.9 294.6 302.1 305.9 310.6 317.5 324.2 331.7 327.6 328 330.2 334.9 339.7 345.2 341.2 340.5 335.3 326.8 324.2 322 321 320.4 320.3 322.1 325.2 326.8 328.8 330.8 331.7 332 333.3 334.1 334.8 333.7 333.5 331 328.2 327 326 322.1 320.5 308.3 299.8 299.1 293.8 287 282 275 268.5 262.9
239.1 233.7 231.9 231.5 230.8 231 231.8 238.9 245.8 247.4 249.2 246.1 241.8 240.7 241.5 241.8 240 239.1 245.5 247.4 251.1 254.9 256.7 258 266.9 273.5 277.8 280.6 283.5 287.8 295.7 300.7 306.4 312.6 318 320.9 320.5 318.7 321 322.9 326.3 328.3 323.9 320.9 321.4 316 315.6 317.4 317.3 317.7 319.3 321.5 321.5 322.1 321.1 324 327.2 328 328.2 329.3 329.4 329 328.6 325.9 325.6 323.4 319.1 312 305.3 300.9 296.9 295 289.1 280.4 273.7 270.1 265.4 259.8
234 230.9 227.6 229.8 230.6 230.4 228.2 230 236.7 240 241.7 237.7 233.9 231.6 233.6 232.5 232.6 233.9 244.5 248.4 251.9 253.8 254.1 253.7 259.8 266.7 270.2 271 276.6 281.8 288.8 293.8 298.6 303.8 308.1 310.5 311.6 310.9 310.8 312.2 314.4 314.2 307.8 306.7 309.1 310.1 310.3 311.6 312 312.6 314 315 315.2 315.5 315.6 319.4 321.5 321.7 323.6 323.6 323.3 322.6 322.1 320.8 319.1 316.1 310.2 301 298 296.9 294.7 290.4 283.4 277.4 272.9 268.4 261.4 257.5
229.5 227.1 226 227.2 230 230.7 227.9 225.4 226.4 229.1 228.6 228.4 225.3 225.4 226.4 226.4 233.3 241 246.6 251 252.9 253.6 252.9 251.1 255.1 259.9 261.1 266.2 271.1 274.5 279.2 283.7 286.1 291 295.9 297.4 299.7 299.7 301 301.9 301.7 301.1 297.6 299.9 301 303.5 306 304.6 303.5 304.6 304.8 304.5 304.2 305.8 308.6 311.9 314.3 318.4 319.1 314.6 314.3 315.5 315.9 312.4 309.3 307.1 302.5 296.5 292.6 292.4 291.9 285.6 280 274.5 270.5 265.4 260.5 255.5
