public/OST50/NN55.asc
ncols 200
nrows 200
xllcorner 250000
yllcorner 750000
cellsize 50
[rows 140 to 174 of 200, columns 78 to 155 of 200]
433.4 423.6 413 406.6 398.7 393.3 388.3 385.1 380.7 377.1 377 375.3 372.7 372.3 370.9 371.2 370 369.5 367.9 368 369.5 369 370.3 373.3 372.5 373.7 375.5 376 374.8 375.1 376.2 374.7 374.3 379.7 382.8 385.6 386.7 386.4 386.1 386.7 386.7 386.1 386.7 386.9 388.8 391.9 394.1 393.7 392.5 392.9 396.5 398.7 398.4 398.3 395.9 395.8 397.8 396.6 402.1 405.9 407.5 407.5 410 412.1 414 416.7 419 420.7 421.9 421.4 420.8 418.8 418.4 420.7 424.1 427.1 427.4 434.6
456 444.9 434.4 425.2 416.7 408.9 403.5 398.4 394.6 390.3 386.1 381.6 379.3 377.7 376.9 374.4 372.5 373.1 373.2 372.5 372.9 372.3 373.8 374.7 375.5 377.4 378.2 378.2 378 379 379.1 376.8 378.5 383.5 386.3 388.6 389.6 387.7 388.5 389.9 390.2 390.3 390.9 391.3 391.9 394.9 397.2 397.9 397.3 399.5 402.7 404.1 403.4 401.8 401.5 401.8 404.3 401.9 407.4 412.5 414.9 414.7 417.5 419.9 420.3 422.1 424 425.3 425.1 423.7 424.9 424.5 427.2 427.2 430.4 432.7 435.3 441.1
474.9 464.8 456 446.7 436.9 428.1 418.5 412.1 406 400.9 396 392.4 388.5 387.7 388.7 384.3 380.7 381.2 379.1 376.1 377.3 375.5 377.1 376.6 378.5 380.9 380.9 380.5 381.5 381.7 381.1 379.1 381.9 386.8 388.7 391.4 391.9 389.9 392.2 393.6 392.6 393.7 394.9 395.9 396.9 400.2 401 402.6 404.2 405.2 407.7 407.3 403.8 405.5 407.8 409.2 410.6 409.4 411.1 416.1 419.8 421.6 425 426.9 426.4 426.2 426.7 427.5 427 431.6 433.8 434.5 435.1 433.1 437 440.2 445.2 448
493.6 483.3 474 464.8 458.3 448.1 435.5 427.3 419.9 412.9 406.6 401 398.2 394.4 390.3 387.8 389.8 387.8 384.9 383.5 382.9 381.3 381.5 381.2 383.2 384.7 385.5 384.1 384.8 385.2 383.6 381.9 387.3 390.7 391.3 392.7 392.9 393.2 395.7 397.2 395.3 397.6 398.2 401.2 403.5 406.9 409.3 410 407.7 407.3 411.4 409.9 408.9 411.6 412.8 414 415.8 416 414.9 419.4 423.6 427.5 429.8 431.5 430.3 426.6 427.3 427.4 433.5 439.3 442.1 442.5 442.5 442.7 444.8 450.6 453 456.3
520.7 504.2 493.4 486.7 480.1 469.4 456.2 443.6 434.2 425.4 419 413.3 408.4 402.5 397.9 395.4 393.9 391.5 390.4 389.3 387.4 386.5 386.1 386.3 386.7 385.8 386.9 387.4 388.3 387.2 385.7 389.2 392.4 394.1 395.3 394.3 395.6 397.6 400.7 400.4 398.2 400.8 403.3 404.9 407.4 411.8 414.6 415 411.7 410.7 415 415.3 414.8 417.6 417.7 418.6 421.4 420.5 416.5 422 426.2 429.7 432.3 433.5 432 427.6 430.7 437.1 442.7 446.8 449.1 449.4 449.7 450.3 453.2 457.8 460.5 462.8
548.8 529.8 514.9 504.4 495.2 484.2 472.8 462 452.8 441.9 431.1 422.2 416.8 413 408.2 405.5 402.5 398.7 399.1 394.4 391.4 389.3 389 388.3 387.5 388.8 388.4 390.5 391.7 390.1 391 395.2 395.9 398 399.7 399.8 402.1 403.3 406.4 404.5 400.2 402.2 405.4 407.6 409.8 413.5 416.9 418.6 416 414.8 418.8 419.8 421.4 423.5 423.8 424.4 425.6 424.6 422.4 423.3 424.7 426.3 435.1 435.7 434.3 436.1 439.5 446.5 449.8 452.8 455.1 455.2 455.4 457.1 460.4 465.1 468.2 470.7
578.9 556 539.7 524.1 510.1 498.1 490.7 478.2 466.3 456.7 445.1 435.7 427.8 422 415.5 411.5 408.9 406.3 406 403 400 396.2 396 396.1 395.5 394 393.2 396.2 396.3 393.1 396.9 400.5 401.5 403.1 404.2 405.3 408.5 409.8 412.6 411.6 408.2 407.2 408.2 410.4 411.1 412.7 416.2 418.9 418.3 418.4 421.8 423.3 424.6 425.7 426.1 426.6 428.2 427.2 426.8 431.1 434.7 438.7 442 443.1 443.1 447.9 451.3 454.6 455.7 456.6 459.3 460.8 461.3 460.5 467.7 472.9 474.7 478.3
608 582.1 563.9 546.8 526.5 514.9 504.2 492.8 478.7 469.7 457.4 448.5 439.2 432 426.5 423.1 420.1 415.9 415.1 412 407 405.5 404 402.9 402 400.1 400.1 402.2 401.5 399.2 403.9 405.8 407 409.7 408.8 410 412.4 414.4 417.6 417.6 415.2 415.7 415.7 416.4 417.5 419.4 423.2 424.4 423.7 424.3 424.3 424.4 426.9 427.4 428.6 430 432.5 431.1 432.7 439.3 443.6 446.4 448.9 451.6 454.1 456.6 458.3 458.9 461.5 462.3 465.5 466.9 464.9 466.5 474.7 478.7 482.2 485.2
635.5 607.6 582.6 566.1 544.9 529.4 514.7 502.6 491.2 481.7 472.3 463 453.5 444.5 437 430.1 426.6 424.9 422 419.2 414.7 412.8 410 409.2 408.9 406.1 407.1 407.8 406.8 406.1 410.6 411.4 415.4 415.4 415.6 417.1 417.1 419.1 422.1 422.5 421.8 423.3 422.3 421.1 423.9 424.8 430.4 434 435.6 436 436.8 437.7 438.5 438.5 438 436.5 438.1 435.4 438.9 445.6 449.1 450.9 452.8 454.5 457.6 460.3 460.8 460.5 464.7 467.5 470.2 471.2 466.6 477.7 482.2 484.5 488.8 490.5
653.7 630.3 600.8 573.6 558.4 545.6 528.9 514.5 502.3 494.9 486 476.7 468.5 459.6 449.7 441.8 436.5 432.3 428.8 426.2 421.8 419.3 416.6 417 415.6 414.5 415 414.3 412.1 412.9 417.2 420.6 423.2 424.1 424.3 424.8 425.3 427.5 427.4 427.3 428.3 429.8 428.8 428.5 430.1 434.2 438.8 441.8 443.5 444.4 445.2 445.4 446.5 445.2 442.7 445.3 444.5 441 445 450.8 452.1 454.3 454.8 455.6 458.2 460.6 462.7 465.9 468.9 470.9 473.2 477.1 475.7 483.8 487 491.1 493 493.8
667.1 649 621.6 590.7 568.5 558.2 540.3 525.7 514.9 507.5 500.2 489 480.7 471.7 462.9 453.9 445.8 439.7 436.6 432.7 428.9 427 424.4 424.5 423.7 422.5 422 421 416.8 419.7 424.8 426.7 428.6 428.9 429.8 429.6 431.1 434 435.2 434.5 434.3 435.8 435.8 435.1 437.5 441.8 445.4 447.2 449.1 449.8 449.9 450 451.5 451.4 450.2 450.8 451.7 448.4 451.8 459.1 459.4 459.9 461 462.6 464.9 466.3 466.6 472.1 474.9 476.6 479 480.3 480.7 490 493.7 495.1 497.4 498.9
688.5 666.3 639.1 611.6 583.9 567.6 551.1 539.6 528.7 520.4 512.4 503.3 490.6 482.1 473 463.5 455.5 448.2 443.9 440.7 437.5 435.5 432.5 432.2 430.7 429.2 429.9 428.8 421.5 427.2 431 434.1 435.1 436.3 435.6 438.5 441.9 442.8 440.8 442.2 443.1 443.8 445 446.2 447.3 448.4 449.8 451.4 452 451.8 453.1 454.3 454.3 456.7 456.9 457.2 457.8 455.9 456.4 465.6 465.6 466.3 467.3 470.2 472.8 476.4 476.4 476.8 479.7 483.2 484.5 482.4 481.7 493.6 497.6 501.1 506 510.4
701.5 681 662.2 628.4 601.3 580.4 565.2 549.5 541.9 533.6 524 514.4 502.6 491.4 482.3 474.6 464.7 457.6 452.9 448.4 445.9 442.8 439 439.8 438.1 438.9 437.3 434.5 425.8 432.8 439.1 440.3 443.5 444.9 446 447.8 449.7 450 451.7 453.2 454 453.7 454.7 456.4 458.1 458.5 458.9 459.9 459.5 460.8 461.1 460.3 461.1 461.6 462.9 464.3 463 462.3 461.7 472.4 472.3 472.8 473.5 477.9 479.6 481.5 482.5 485.2 488.9 491.6 493.8 493.5 488.2 499.9 503 508.2 512.1 517.5
712 691.9 679 652.7 624 595.6 574.6 562.2 553.7 541.9 533.1 522.5 513.8 500.7 492.4 482.7 472.9 465.5 461.3 457.8 455.3 451.8 447.3 446 444.7 445.8 444.4 441.5 430.1 439.4 443.9 448.2 450.8 453.3 454.7 457.8 459.7 461.3 461.8 464.7 465.2 464.4 465 465.5 466.2 467.2 468.9 469.8 469.4 468.4 468.7 468.1 467.3 468.4 470.5 472.6 472 470 467.8 476.6 479.7 479.4 482 485.1 484.7 488.2 490.9 494.1 496.4 497.9 494.8 493.4 499.9 507 512.1 515.1 520.5 525.3
720.3 707.8 685.5 672.3 641.5 611.7 585.9 572 558.9 550.4 540.2 531 520 512.5 501.8 491.4 481.2 474.4 467.5 464.2 461.8 457.8 454.7 453.8 452.6 450.9 449 443.5 439.1 446.2 450.4 454.6 456.3 461 464.9 467.7 470.8 473.1 475.1 477.9 475.9 477.4 476.5 476.9 477.8 477.4 476.3 477.8 478.2 476.8 476 475 475.2 476.5 479 480.7 480.2 478.7 468.3 482.5 483.5 485.7 489.1 490.4 492.6 496.1 497.9 501.7 502.2 502.6 502.3 499.7 510.8 515.4 518 520.5 527.5 525.8
724.5 712.9 692.8 677.3 657.9 627.7 598.1 577.9 565.8 554.2 545.6 537.1 525.8 517.5 510 499.9 488.8 481.7 475 471.7 466.9 463.6 461.2 459.7 457.7 455.1 452.3 445.4 444.8 454.1 458.9 463.2 465.4 468.5 473.2 477.1 481.7 484.1 484.8 487.8 486.4 485 484.3 484.2 484.8 485.5 484.8 486.8 487.8 487.8 487.7 485.5 485.7 483 487.2 488.5 488.5 485.9 471.3 485.6 489.1 491.4 495.7 496.4 499.4 502 504.8 507.9 509.5 509.5 510.6 515.9 520 522.7 527.7 526.8 527.8 532.8
728.6 717.2 701.3 681 664.4 641.3 614.4 587.2 571.5 558.8 548.1 541.2 530.1 522.6 512.8 505.4 496.2 487.5 481.2 477.3 473.5 471.2 468.2 464.4 462.8 459.7 454 444.4 452.3 460.4 464.6 470 474.7 480.4 484.3 485.9 490.8 493.3 495.3 497.5 499.1 498 497.1 496.1 496.6 497.6 497.6 497.7 496 495.3 493.6 493.7 490.1 494 494.4 491.4 491.8 486.2 476.9 493.8 496.8 500.9 502.4 502.8 505.5 509.6 511 513.6 516.2 519.6 521.3 524 531.4 531.1 530.6 531.8 535.7 543.6
732.6 723.9 704.1 684.5 669.6 651.4 627.8 599.4 577.7 564 551.3 544.4 536 527.7 517.1 506.1 500 494 486.9 481.2 477.6 476.9 473.4 470 466.4 462.9 454.8 449.3 458.2 466.5 470.2 475.8 483.4 486.6 492.5 496 499.3 503.8 506.8 510.1 511.7 510 509 508.8 509.7 510 510.4 507.7 506 503 499.9 497.2 495.2 495.1 495.2 494.2 494.3 492.5 481.3 499.5 503.3 506.7 508.3 509.3 512.8 515.2 517.4 520 523.1 526.7 532.2 531.9 535.6 536.8 538.7 540.4 546.6 553.8
732.6 726.1 706.7 689 674 659.6 637 607.9 586.4 570.5 558.3 547.4 539.7 530.5 521.8 509.2 503 496.5 489.4 484.5 482.4 481.3 477.5 472.6 470.6 466.1 453.9 455.9 462.1 471.6 475.8 485 488.9 492.3 498.4 505.4 510.7 514.9 517.3 520.2 523 523.7 524.2 526.2 526.6 525 522.5 520.9 516.8 512.5 509.3 504.4 503.1 499 496.9 497.1 498.4 497.4 487.7 504.2 508.1 510.8 513.3 516.3 519.7 520.9 522.5 524.6 529.9 532.5 539.4 543.4 546.7 546.3 548.1 554.4 561.1 563.8
726.9 722.9 709.9 689.8 678 664.7 644.5 618 596.4 574.9 562.9 552.1 542.2 533.1 523.1 514.2 507 499.3 491.5 489.5 487.4 485 482.3 477.6 475.5 469.8 456.8 461.2 466 474.2 484.7 488.7 496.1 499.5 507.1 514 518.8 523.3 527.7 531.9 536.9 539.3 540.7 542.7 544.2 544.3 538.9 531.4 524.4 521.1 516.4 513.7 508.3 506 501.6 500.8 499.2 500.3 499.8 508.6 513.4 514.6 517.2 519.6 521.9 523.6 526.4 533.2 533 543.5 550.1 551.1 554 558.2 563.4 566.9 567.4 568.8
714.7 717.6 710 689.1 679.4 665.1 648.2 627.4 602.9 581.2 567.4 554.9 545.2 537 527.6 518.9 509.9 503.7 496.3 495 492.9 489.6 487 483.8 481 473 461 467.4 472.5 479.8 489.6 496.5 502.5 506.3 514.8 521.9 528.3 533.4 538.9 544.1 550.3 558.1 564.1 571.9 575 572.5 563.7 553.4 544 533.8 524.1 519.4 514.4 508.6 506.5 505.2 500.5 503.8 499.4 508.2 514.8 518.5 520.5 524.4 526.9 531 535.7 534 545 551 556.8 563.4 565.4 569 573.2 577.3 581.5 586.9
710.7 713.2 706.9 697.7 679 662.8 651 631.3 608.4 587.3 572 560.3 547.9 539.6 534.3 525.4 516.9 509.2 500.7 499.7 500.4 496.4 491.2 489.9 486.9 475.1 463.9 469.9 480 487.5 496.7 505.9 511.6 514.2 523.2 530.6 537.6 544.7 554.4 564.9 570.2 578.7 589.5 601.4 603.8 594.1 581.8 570.2 559.7 547.2 538 526.1 519.8 514.9 509.5 509.4 506.1 510.7 502 513 520.1 523.5 525.9 529.3 534 537.7 536.6 546.3 554 563.6 567.9 572.5 579.1 584.2 589.8 594.6 599.6 605.3
706.1 705.1 702.1 698.9 680.8 660 647.9 633.7 612.8 593.5 576.2 562.8 550.1 544.3 542.4 537.7 523.2 516 506.5 508.3 506.6 509.1 498.6 494.5 494.5 480.7 469 472.4 488.4 499.2 507 514.7 518.1 523.7 532.5 540.7 548.3 557.5 566.9 579.2 589 602.5 610.4 619.7 626.1 621.8 601.3 584.1 572.3 559.7 539.6 531.2 524.8 520.1 518.1 514.6 514 509.2 507.6 519.8 524.5 528.4 530.1 532.5 534.8 536.9 552.2 556.7 564.6 569.7 579.1 586.1 593.5 600.6 608 615.6 622.1 626.6
699.9 699.8 696 692.5 673.5 656.8 643.5 630.3 614.3 597.2 579.6 563.8 556.7 550.8 546.9 547.9 541.1 526.7 521.3 527.5 529.9 527.6 512.8 501.2 501.8 496.7 476.8 475.6 495.9 512.3 521.3 526 524.9 533.7 540.3 550.4 562.3 575.7 587 601.2 611.1 617.9 624.5 630.6 630.2 629.7 620.5 600.2 579.8 566.4 547.5 535.8 526.4 524 526.3 528.9 525.9 504.7 516.3 526.3 530.7 535 536 537.5 540.1 548.6 554.9 566 570.7 580.3 591.6 602.5 611.9 618.3 624.5 631 638 642.2
689.9 693.1 693.9 686 671.9 647.6 637.7 625.7 614.2 597.9 581.3 565.2 554 548.8 540.5 542.2 539.6 540 537.7 539.2 533.3 523.2 524.3 518.1 517.4 514.5 485.2 479 507.3 519.1 523 528 534.6 543.2 549 558.8 573.6 590.2 605 612.7 624.7 630.8 640.2 644.3 644.4 640.9 623.7 606.4 591.1 573.6 558.1 542 532.5 526.4 526 529.1 518.4 510.4 529.3 535.5 538.5 539.2 541.6 546.4 551.3 553.1 564.7 569.9 580 591.7 605.7 618.3 626.1 632 636.8 641.4 647.9 652.9
682.9 688.7 689.6 681.5 668 643.6 634.5 624.6 611 598.1 582.9 569.3 555.5 546 540.4 535.2 530.5 524.9 522.9 523.5 518.2 511.1 515.1 524.1 525.1 511 482.7 482.1 506.7 516.9 526.2 532.7 543.9 549.4 559.1 569.4 581.9 597.1 610.1 619 630.4 636.4 639.5 646.9 649.4 647.5 631 608.8 590.6 582 562.4 551.2 542.5 531.6 523.3 519.1 514.8 507.2 518.2 528.5 531.4 534.5 538.1 543.5 550.7 558.9 568.6 578.6 590.4 603.3 618.6 629.4 636.7 641.9 649.9 655.1 664 666.3
676.4 681.8 682.9 674.5 661.5 641.8 627.5 619.7 611.6 595.6 585.4 570.8 556.3 544.4 540.1 534.8 529.9 524.2 520.1 515.7 516.1 509.3 506 502 498.3 489.7 479.8 485.8 499.9 513.3 524.8 533.8 541.5 551.1 562.4 574.2 583.1 597.8 611.3 621.2 630.1 636.9 641.1 639.3 642.6 642.5 632.5 615.6 596.5 579.5 564 554.3 546.9 534 526.1 522.4 519.6 508.4 519 528.4 534.4 538.6 543 547.8 555.2 565.2 576.5 588.9 601.4 617 629.7 639.5 647.8 652.9 661.7 669.9 674.9 675.5
669.7 675.5 674.9 669.3 656 636.7 623.5 614 605.9 593.7 582.2 571 556.9 547.2 543.2 537.4 531.7 526.7 521.3 521.5 516.2 508.8 508.3 501.2 502.3 489 482.9 497.7 502.2 513.5 526.1 535.4 543.8 552 565.3 578.8 585.7 594.3 608.8 618.6 625.4 634.4 638.5 640.1 635.2 631.4 626.7 614.4 602.6 578.5 562.8 556.6 544.4 536.4 528.4 522.3 517.7 508.2 519.4 531.3 537.8 543.2 547.3 553.9 562.3 573.4 586.5 601.1 616.5 630.2 640.5 650.9 659 667.8 674.3 681.6 683.2 686.9
663.9 661.7 661.6 661.1 648.3 632.1 619.6 611.7 601.8 592.3 579.8 568.8 558.1 548.9 542.2 536.5 531.6 527.5 521.5 524.1 512.7 510.3 508.3 510 501.5 487.7 492.4 503.9 506.1 516.8 530.9 539.9 549.5 557.7 570.4 579.5 587.3 596.2 612.1 619 622.4 631.6 634.8 632.3 632.9 632.8 623 613.3 602.6 583.1 565 554.5 544.2 532.2 524.1 519.7 510.1 508.4 524.5 534.2 541.9 548.5 553.8 562 572.2 584 599.1 614.9 627.7 639.9 652.8 662.8 671.4 678.9 682.1 686.5 692.5 695.1
657.2 652.7 649.2 648.9 644.3 630.2 618.3 607.8 599.3 590.2 578.7 566.6 556.9 549.1 540.2 534.6 530.5 525.9 527.8 521.3 515 511.3 513.9 510.5 502.8 493.9 506 505.7 508.1 519.3 535 544.9 555.4 565 573.3 582.4 588.5 594.7 606.9 619.1 623.1 624.7 630.6 631.5 628.8 628.1 621.4 609.9 597.7 582.1 566.4 554.1 543.7 528.7 526.5 519.6 509.5 515.3 527.6 536.7 545 552.7 560.1 569.1 580.8 592.9 608.8 622.2 637.6 652.8 665.7 675.5 679.7 684.5 689 694.5 695.6 693.2
646.1 646.6 643 640.5 639 629.8 615.2 604.3 596.8 587.1 578 565.1 556 547.3 539.4 534.4 530.8 529.2 528.2 517.1 512.9 511.3 515.9 511.7 498.7 501.2 509.5 509.9 510.5 520.3 533.6 545.7 555.7 563.9 575.1 582.7 588.5 594.7 602.2 616.8 621.4 621.6 624.1 625.8 625.7 620.5 612.7 606.6 595.4 578.7 568 555.8 543 535.1 533 515.6 510.4 523.8 532.4 540.3 546.6 555.7 565.6 576.2 589.3 602.2 617.4 631.1 647.5 662.4 673.8 679.7 685.1 690.9 697.4 700.4 694.4 690.2
636.2 634.8 632 630.9 633.4 626.3 612.6 601.9 594.3 585.3 576.6 563.1 554.5 545.2 538.7 534.4 529.6 530 518.9 513.7 518.5 517.7 516.2 512.5 499.8 508.1 512.9 514 514.5 523.3 533.6 546.7 553.9 566.8 573.6 581.8 589.7 599.8 601.1 607.1 613.2 618.5 621 617.3 615.3 614 610.2 603.1 594.3 579.7 567.8 554.8 545.9 539.3 533.5 510.7 513.9 526.4 535 542.1 550 560 570.7 582.4 595.4 610.3 624.4 638.6 655.3 668.1 676.5 686.1 693.5 701.2 704.3 701.8 694 691.1
630.2 625.5 621.5 622.8 625.8 619.7 611.4 599.1 591.5 584 573.8 562.2 553.6 545.3 538.5 534 527.9 520.2 517.3 524.4 523.9 521 515.3 504.9 504.9 507.4 513.9 516.7 519.3 527.1 535.7 547.6 555.1 567.4 576.3 581.5 588.1 597.9 603.4 606.7 610.2 616.7 616.3 615.6 612.9 608.4 604.2 597.5 591 578.7 562.6 551.9 549 541.5 529.9 508.1 511 528.8 537.8 546.7 554 564.6 576.3 589.1 603.5 616.8 631.3 646.6 660.7 672.9 684.4 693.9 701.5 706.1 706.5 700.5 695.9 692.5
622.8 620.2 616.9 613.3 617 614 607.9 596.4 587.9 582.3 571 560.7 552.5 544.8 537.3 525.3 525.3 528.6 527.1 526.8 525 521.2 509.5 507.9 516.9 514.2 516.9 520.8 523.1 530.5 537.4 550.4 558.6 567.7 575.6 581 588 594.8 602.8 607.8 612.9 617 618.1 617.4 610.1 603.9 600.3 595.5 586.7 574.9 562.2 547.3 536.4 538.4 528 507.1 512.2 531 540.8 550.7 559.1 570.5 580.9 595.3 611 624.8 639.1 653.9 667.5 679.4 691.4 700 705.6 708.1 707 700.8 698.1 695.9
618.3 618.5 611 609.4 609.5 608.1 604.9 594.1 584.5 581.8 569.1 558.8 549.6 539.8 528.2 532.4 533.6 531.3 530.1 528 526.2 512.5 509.8 519 519.9 518.5 520.2 524 527.3 534.3 540.5 551.3 560.9 568.5 576.5 582.5 589.1 596.8 603.2 609.3 614.7 618.6 620.3 620.5 620 618.6 617.6 612.2 604.8 589 571 552.7 536.3 537.3 525 506.2 514.4 533 543.5 554.4 563.8 574.8 587.1 601.7 617.4 631.6 645.9 661.5 675 685.6 695.4 703.7 709.1 712.3 707.7 703.8 702.5 699.4
