public/OST50/NN56.asc
ncols 200
nrows 200
xllcorner 250000
yllcorner 760000
cellsize 50
[rows 0 to 34 of 200, columns 0 to 78 of 200]
860.3 851.9 841.4 840.3 837.7 821.5 813.9 808.2 810 810.5 807 811.8 814.2 815.2 819.9 824.8 826.5 826.6 827.2 825.5 819.8 807.4 797.2 788.3 771 753.1 716.5 670.4 630.3 592.8 563.9 543.2 526.3 505.1 491.6 475.7 448.9 421.4 399.4 382.1 358.9 356 356 356 356 356 356 356 356 356 356 356 356 356 356 356 356 356 356 356 356 356 356 356 356 376.2 396.3 420.4 444.8 470.1 496.9 525.3 550.4 577.3 611.6 644.4 670 701.9 733.7
844.5 836.2 829.6 828.6 827.1 813 804 795.8 794.5 797.4 797.8 804.2 806.2 810.5 817.4 821.2 822.8 822.4 821.6 813.2 801.1 789 780.1 763.7 747.1 737.9 712.5 668.9 626.2 583.9 545.5 526.2 510.8 487.7 471.8 450.4 425.2 403.7 382.1 360.8 356 356 356 356 356 356 356 356 356 356 356 356 356 356 356 356 356 356 356 356 356 356 356 356 371.8 390.7 414 437.3 460 488.1 516.8 541.2 570.6 597.6 627.8 657.6 688 720.6 755.5
829.4 821.5 818.8 816.1 816.3 807 796.8 786.1 778.5 785.1 791.2 795.8 800.2 808.9 814.2 816.6 817.6 812.8 805.5 795.7 784.7 767.8 757.4 741.7 731 728.3 703.5 659.9 616.5 569.8 528.1 509.7 498.9 481.2 457.7 435.3 416 396.6 373 356 356 356 356 356 356 356 356 356 356 356 356 356 356 356 356 356 356 356 356 356 356 356 356 366 388.9 404.2 424.8 452.1 477.6 507.5 533.3 560 588.5 612.5 642 675.6 710.5 739.8 771.8
813.9 808.8 806.9 805.6 803.6 799.1 786 775.7 775.4 778.5 786.9 791.5 796.7 805.5 810.8 811 807.7 801.7 790.8 778.5 763.7 748 737.4 727.8 714.5 706.6 677.6 649.5 602.4 556.8 523.3 495.8 477.2 464.2 449.3 426.6 401.4 384.2 366 356 356 356 356 356 356 356 356 356 356 356 356 356 356 356 356 356 356 356 356 356 356 356 365.3 384.3 399.8 417.4 440.3 467.5 496 525.6 552.1 577.7 600.4 630.4 662.8 696 730.9 759 787.6
802.9 795.1 793.8 794.7 790.8 787.2 777.9 769.7 770 778 782.3 790.5 795.8 802.6 806.6 803.5 796.8 788.7 781.2 766.1 741.3 736.1 722.6 706.6 701.9 684.8 657.1 627.2 584.5 541.2 510.1 489 461.4 443.3 432.2 413.9 391.5 372.2 356 356 356 356 356 356 356 356 356 356 356 356 356 356 356 356 356 356 356 356 356 356 356 362.7 378.9 395.8 414 434.1 458.8 485.6 518.5 544.3 570.9 588.3 617.7 651.5 682.5 718.8 748.3 777.5 805.3
789.6 781.6 781.6 782.9 781.5 775.7 770.5 764 766.7 774.6 778.2 788 795 799.5 805.6 802.7 801.6 787.1 772.9 758.7 729.7 718.8 705.5 689.2 677.9 657.1 629.8 596.4 561.5 525.2 496 477.7 459.5 432.2 413.2 397.5 380.2 356 356 356 356 356 356 356 356 356 356 356 356 356 356 356 356 356 356 356 356 356 356 356 357.2 377 389.2 408.1 430.5 453 478.1 507.9 535.2 564.4 588.6 606.6 640.1 673.6 705.1 735.9 766.8 797.6 822.8
776.7 770.5 769.8 768.3 770.8 766.8 760.9 760.1 765.7 769.3 775.7 783.5 791 799.1 806 805 801.7 783.7 771 749.9 719.8 713.6 692.3 672.9 654.8 633.1 607.4 578 543.8 510.8 483.6 462.4 444.1 421.8 399.4 383 365.3 356 356 356 356 356 356 356 356 356 356 356 356 356 356 356 356 356 356 356 356 356 356 362 374.3 388.8 405.2 427.1 448.4 470.4 499.1 530.1 557.7 582.1 603.7 630.4 662.8 696.4 726.9 760.4 791.5 814.5 826
764.6 761.2 757.2 754.2 755.2 755.2 754.3 748.7 758 765.7 772.9 781.1 787.8 796.6 805.4 808.1 789.3 773.3 759.6 732.4 717 699 678.6 653.1 630.5 615.1 592.2 559.2 520.9 493.9 469.2 440.2 425.4 407.7 383 369.2 356 356 356 356 356 356 356 356 356 356 356 356 356 356 356 356 356 356 356 356 356 356 356 367.9 381.1 399.6 425.7 447.3 469.8 494.7 526.5 551.9 580.4 599.5 626.6 656.9 688.4 721.8 751.1 786.6 816.8 822.8 820.8
754.3 748.9 742.6 741.3 737.8 738.9 740.2 743.3 751 758.7 767.7 776.1 782.9 793.9 801.5 801.5 790.3 765.2 738.2 725.9 706.8 688.6 668 634.9 610.8 585.7 569.3 535.7 501.7 478.2 451.9 427.6 405.7 385.5 368.7 356 356 356 356 356 356 356 356 356 356 356 356 356 356 356 356 356 356 356 356 356 356 356 358 371.1 389.5 413.4 440.1 462.6 488.8 519.2 547.7 575.4 599.2 621.2 650.8 683.4 718.5 750.3 779.2 809.2 831.6 825.6 814.1
742.6 736.8 734.2 732.2 728.8 729.2 728.4 735.9 743.6 752.9 763.1 769.7 777.8 791.2 793.1 788.2 774.3 761.6 730.2 721.5 696.4 681.7 652 619.7 590.5 550.2 541.6 517.2 487 459.4 436.5 413.6 393.3 371.7 356 356 356 356 356 356 356 356 356 356 356 356 356 356 356 356 356 356 356 356 356 356 356 356 366.4 381.2 404.5 430.2 452.5 481.7 512.6 541.4 567.6 595.5 623.3 649.2 680.3 715.1 749.6 772.8 804.8 833.7 840.7 826.9 814.9
729.6 717.7 720 720.3 721.4 721.2 721.9 730.8 740.6 747.7 757.9 764.7 773.3 788.5 791.6 786.8 772.3 759.8 743.4 725.4 682.8 663.3 631.6 607.8 574.7 538.6 507.2 498.4 470.9 445.6 419.8 400.1 379.9 356 356 356 356 356 356 356 356 356 356 356 356 356 356 356 356 356 356 356 356 356 356 356 356 364.9 376.8 398 422.1 442.9 469.6 502.5 532.8 560 587.3 613.4 643.7 675.7 707.4 744.6 775 797.3 826.3 851.3 846.2 833.4 816.8
719.7 708.4 709.1 709.4 710.3 712.2 715.5 726.1 734.8 743.5 753.6 763.9 768 784.7 779.5 773.9 764.7 757.6 733.5 717.9 676.4 643 612.3 583.7 549.9 516.7 493 464.5 451.3 430.1 405.9 385 367.1 356 356 356 356 356 356 356 356 356 356 356 356 356 356 356 356 356 356 356 356 356 356 356 356 375.5 393.9 418.1 438.9 462.7 493.8 526.5 558.8 587.9 609.1 636 664.4 696.7 729.3 764.6 794.3 813 839 851.6 845 834.8 811.1
706.7 697.4 696.3 697.1 700.5 702.5 712.4 722 729 739.6 751 759.5 766.7 782.7 779 767.8 762.4 744.3 717.8 691.2 657.3 621.8 588.8 557 527.4 501.6 475.2 456.2 428.3 411.1 389.5 367.9 356 356 356 356 356 356 356 356 356 356 356 356 356 356 356 356 356 356 356 356 356 356 356 356 363.4 385.8 408.6 432.7 455.5 482.8 516.8 555.3 589.2 615.5 643 670.7 700.1 726.6 752.9 778.3 804.9 826.2 847.3 848.5 840.5 828.1 811.8
693.6 687.4 682.4 687.4 690.1 696 706.2 714.8 725.2 735.2 747.8 750.2 763.6 766.4 756.3 740.2 734.7 723.1 694 666.1 635 597.6 561.4 540.7 508.8 483.4 459.5 434.4 413.4 391.2 373.4 356 356 356 356 356 356 356 356 356 356 356 356 356 356 356 356 356 356 356 356 356 356 356 356 356 374.1 394.6 419.4 444.9 470.5 505.5 540.3 575 614.9 648.1 680.9 708.2 731.2 754.1 779.8 799.4 817.3 837.7 844.3 842.4 834.6 825.5 813.6
681.1 678.5 673.6 675.9 681.8 689.7 703 712.5 721.4 731.1 744.2 738.1 753 745.7 729.4 709.1 701.4 693.9 671.1 643.3 609.8 575.6 539.2 518.2 491.2 464.1 438.5 416.4 397 377.3 356.5 356 356 356 356 356 356 356 356 356 356 356 356 356 356 356 356 356 356 356 356 356 356 356 356 358.4 384.1 409.5 431.7 459.7 489 524.6 561.9 598 635.3 674.7 710.9 747.8 763.3 777.1 796.9 808.9 823.2 837.4 838.2 837.2 832.9 823.5 813.4
671.3 667.7 663.2 666.4 674.2 688.4 699.5 711.2 723.1 728.1 722.9 725.1 739.6 731.6 710 690 673.6 662.6 648.7 620 585.5 557.3 521.8 494.3 469.7 443.3 422.3 400.2 383.5 359.4 356 356 356 356 356 356 356 356 356 356 356 356 356 356 356 356 356 356 356 356 356 356 356 356 356 371.6 393.8 418.8 448.5 477.9 514.5 553.9 583.7 609.1 650.9 696.3 737.9 767.3 783.3 794.3 804.5 809.3 818 829.5 833 832.6 827.7 819 806.8
657.3 652.9 654.2 659.7 668.5 680.8 693.4 706.4 716.2 712.7 704.8 707.5 720.9 712.4 698.7 675 656.3 641.5 631.7 608.5 571.7 543.3 502.8 471.6 447.1 426.3 406.8 386.3 371.7 356 356 356 356 356 356 356 356 356 356 356 356 356 356 356 356 356 356 356 356 356 356 356 356 356 356.6 384.5 406.9 431 458.6 493.8 535.9 572 601.5 634.2 673 717.6 757 775.4 783.8 790.6 801.6 808.3 817.5 824 827.1 824.9 819.2 810 800.6
643.5 646.8 647.9 653.1 661.9 675.5 686.7 698.6 701.7 690.7 684.4 689.5 694.2 689.8 678.9 663.6 643.7 628.2 619.6 596.5 556.4 517.4 483.4 452.6 429.1 411.1 391.4 372.4 356 356 356 356 356 356 356 356 356 356 356 356 356 356 356 356 356 356 356 356 356 356 356 356 356 356 369.1 395.8 422.3 449.2 477.7 508.6 540.4 575.8 613.4 646.2 686.6 733.9 760.5 772.9 779.6 785.9 793.4 801.1 814.2 821.3 819.7 815.9 811.9 803.3 791.6
636.2 641.2 641.7 649 655.7 667.8 679.7 684.8 684.5 673.3 664.2 666.3 666.2 670.3 662.5 642.7 623.1 610.9 595.5 575.6 539 502.9 468.6 440 415.6 394.7 376.6 357.1 356 356 356 356 356 356 356 356 356 356 356 356 356 356 356 356 356 356 356 356 356 356 356 356 356 356 378.7 409.3 436 465 495.1 531.3 564.5 598.4 627.2 661.3 692.8 741.2 758.6 766.1 774.5 783.6 788.5 793.6 807.6 811.1 812.3 813.3 806.8 796.8 790.7
632.1 632.2 634.1 644.1 652.4 664.1 674.1 679.4 673 661.6 650.8 647.3 647.8 645.5 637.5 616.9 602.9 589.4 570.3 545.7 518.7 493.7 461 427.1 401.3 381.2 367.6 356 356 356 356 356 356 356 356 356 356 356 356 356 356 356 356 356 356 356 356 356 356 356 356 356 356 365.9 394.2 421.7 449.8 479.5 513.5 548.9 586.3 623.7 660.9 696.3 725 746.1 757 765.6 773.5 781 788.3 792.3 800.2 801.4 801.6 803.9 798 794.3 791.3
624 622 628.2 639.3 651.1 658.4 661.1 662.1 658.3 649.4 640.1 633.2 629.7 622.5 615 596.8 588.5 571 551 532 506.7 483.8 454.5 419.1 391.1 373.9 357.1 356 356 356 356 356 356 356 356 356 356 356 356 356 356 356 356 356 356 356 356 356 356 356 356 356 356 379.9 407.3 436 465.6 498.1 533.5 571.5 612.8 656.1 695.1 728.4 742.7 756.2 762.2 771 777 786.8 787.6 793.8 792.3 791.5 792.2 792.6 792.7 790.9 784
614.4 609.5 620.1 632.2 648.7 656 653.5 643.3 635.2 633.7 624 619 615.6 605.4 590.1 581 567.5 550.9 531.2 510.9 489.5 465.3 436.2 408.9 384.5 365.4 356 356 356 356 356 356 356 356 356 356 356 356 356 356 356 356 356 356 356 356 356 356 356 356 356 356 366.6 393.7 424.5 453.7 484.1 517.2 554.1 597.3 640.5 691.4 733.5 741.1 751.6 760.8 768.4 777.1 779.6 787.5 787.8 791.2 788.5 786.1 788.8 787.5 785.8 782.4 777.9
600.9 602.5 613.5 625.4 643.2 651.2 643.5 628.8 616.9 615.7 609.6 607.4 601.4 590.7 582.5 568.7 545.4 523.8 507.8 483.1 462.9 449.6 418.1 390.7 370 356 356 356 356 356 356 356 356 356 356 356 356 356 356 356 356 356 356 356 356 356 356 356 356 356 356 356 383.1 409 440.3 472.2 504.3 540.1 580.6 620.8 667.2 716.6 750.2 754.6 758.5 767.9 772.5 777.4 787 787.9 784.2 785.6 785.2 786.3 784.8 782.6 780.2 778.3 770.1
587.4 592.5 605.4 617.1 630.6 639.1 629.5 616.9 604.5 601.4 596.8 596.8 593.4 584 570.6 553.9 536.4 513.8 490.2 462.5 441.6 425.9 401 379.8 360.7 356 356 356 356 356 356 356 356 356 356 356 356 356 356 356 356 356 356 356 356 356 356 356 356 356 356 369.1 396.7 427.3 456.3 492.3 528.9 562.9 601.9 643.3 686.8 732.7 763.2 769.7 768 776.5 774.7 780 784 777.9 779.2 783.5 784.5 785.6 781.6 778.7 776.4 770.8 761.2
572.5 582.3 595.5 605.9 612.4 620.2 613.1 602.3 591.2 587.4 586.3 586 582.4 578.1 563.9 540.6 525.7 505.1 477.9 451.2 424.5 399.3 380.4 368 356 356 356 356 356 356 356 356 356 356 356 356 356 356 356 356 356 356 356 356 356 356 356 356 356 356 356.5 382.4 409.8 440.4 473.7 508.4 546.5 580.1 615.1 656.4 700.9 739.2 767.5 776.8 774 777.4 778.3 778.4 774.8 776.2 778.7 784.7 782.4 781.5 777 773.1 768.8 761.7 755.2
558.3 571.8 584.4 594.3 597.9 602.4 598.7 588.3 578.5 573.3 572.6 574.2 573 567.1 559.6 537.9 513.1 494.6 470.4 443.8 413.4 393.3 371.5 356 356 356 356 356 356 356 356 356 356 356 356 356 356 356 356 356 356 356 356 356 356 356 356 356 356 356 374.4 397.4 424.2 454.1 489 519.7 549.1 588.3 627.1 667 699.9 737.1 774.1 782.1 782.6 775.4 775.5 774.2 774.4 776.7 780 780.2 780.4 776.5 769.6 763.8 758.3 753 748
548 561 571.9 581.3 586.5 590.4 588.6 578 567.4 557.9 559.5 555.9 552.1 545.1 535.7 518.7 495.9 473.4 451 426.9 404.4 385.1 366.3 356 356 356 356 356 356 356 356 356 356 356 356 356 356 356 356 356 356 356 356 356 356 356 356 356 358.3 375.5 393.1 415.3 442.4 471.2 506.1 536.4 566 601.7 637.8 670.8 709.1 741.4 769.4 783.2 778.6 774 774 773.4 776.5 778.7 776 776.7 774.6 767.5 759.5 754.8 750.8 745.1 739.4
538.2 549.3 560.2 570.4 575.6 581.5 584.4 578.2 556.5 542.6 544.3 542.4 536 522.7 508.6 482.4 464.2 439 418.9 404.5 392.3 378.3 359.5 356 356 356 356 356 356 356 356 356 356 356 356 356 356 356 356 356 356 356 356 356 356 356 356 356 373.7 391.9 413.4 437.7 461.4 490.9 523.3 557 587.4 623.5 658.3 690.9 727.9 757.1 772.5 778.2 774.5 772 771.1 770.9 777.6 776.9 770.7 768 763 758.3 754.3 750.5 743.8 738.9 732.5
527.3 539.6 549.4 558.8 569 578.1 583 566.3 548.3 529.5 531.7 525.1 517.5 505.8 485.6 465.2 435.5 417.5 400.4 388.4 377.3 366.1 356 356 356 356 356 356 356 356 356 356 356 356 356 356 356 356 356 356 356 356 356 356 356 356 356 365.6 386.6 408.1 428.4 451.1 475.2 509.1 544 573.9 604.2 640.7 677.2 712.8 748.2 766.8 774.2 776.8 774.9 772.8 770.2 766.5 766.2 766.4 761.8 756.2 755 751.5 749.8 745.4 738.5 734.1 726.3
517.7 528.3 539.5 550.5 560.9 566.8 557.8 545.4 527.9 515.1 515.4 510.6 502.2 485.4 458.4 437.2 417.9 398 386.6 374.3 360.9 356 356 356 356 356 356 356 356 356 356 356 356 356 356 356 356 356 356 356 356 356 356 356 356 356 356 375.1 399.2 424 445.1 467.7 490.4 523.6 557.2 588.4 620.6 663.9 699.2 735 755.6 767 774.7 774.7 774.1 770.4 771.6 770.8 762.3 759.5 757.4 753 749.9 745.7 743.7 737.7 733.4 729 720.6
509.4 517.9 528.5 539.6 545.9 548.5 535.6 522.5 510 504.4 503.3 499.1 490.4 479 454.1 433.7 413.6 395.3 375.7 363 356 356 356 356 356 356 356 356 356 356 356 356 356 356 356 356 356 356 356 356 356 356 356 356 356 356 356 383.4 409.3 434.4 458 482.2 511.4 538.2 568.4 596.3 631.5 670.9 708.6 736.3 748.3 763.5 771 771.2 770.4 770.4 774.9 771 766.9 761.6 759.1 751.2 745.7 741.9 737.1 732.6 728.1 723.4 717.1
500.8 510.4 517.7 528.3 530.9 531.1 522.7 512.7 499.9 493.8 490.7 484.5 476.2 470.6 447.8 422 405.6 392.2 369.4 360.3 356 356 356 356 356 356 356 356 356 356 356 356 356 356 356 356 356 356 356 356 356 356 356 356 356 356 366.2 396.5 423.4 449.9 476.4 496.7 526 557 587.7 615.3 643.1 677.7 710.5 734.3 745.6 760.4 767.3 769.3 771.7 778.2 780.7 772.3 764.7 758.1 753.4 747.3 743.7 737.9 730 727.7 722.7 716.6 710.8
490.1 501.5 507 514 523 519.7 520.4 507.5 491.6 480.8 477.4 471.6 461 449.9 428.2 404 390.9 378.2 362.6 356 356 356 356 356 356 356 356 356 356 356 356 356 356 356 356 356 356 356 356 356 356 356 356 356 356 356 373.3 407.7 437.4 467.8 491.8 512.9 540.7 574.9 604.6 633.7 656.7 691.8 724.1 741.1 753.3 758.9 764.3 768.6 777 785.9 778 771.8 764.2 755.9 750.2 744.2 738.7 732.9 727.2 717.3 715.1 710 703.1
470.3 479.3 487.5 496.2 506 507.8 508.6 505.6 487.1 470.6 465.7 460.7 448.5 425 406.1 387 374.2 368.4 357.4 356 356 356 356 356 356 356 356 356 356 356 356 356 356 356 356 356 356 356 356 356 356 356 356 356 356 356 381.7 414.7 446.7 474.3 500.2 529 556.6 590.3 620.7 642.6 670.1 696.5 720.2 733.2 753.2 760.6 767.8 769.3 778.9 778.9 774.6 772.6 760 750.2 744 739.3 733.8 727.4 721.4 713 699.5 701 693.5
447.1 455.1 466.2 473.9 483.1 493.3 503.6 496.8 476.6 471.4 471.8 467.3 444.8 418.5 399.3 384.3 369.4 356 356 356 356 356 356 356 356 356 356 356 356 356 356 356 356 356 356 356 356 356 356 356 356 356 356 356 356 362.1 390.7 418.9 453.3 473.9 504.1 538.8 569.7 603.3 630.8 649.7 679.9 705.4 724 737.1 753.3 762.8 769.9 780 778.4 775 768.5 764.6 755.2 742.8 739.2 734.7 728.2 720.8 714.2 704.9 697.6 690 691
