public/OST50/NN56.asc
ncols 200
nrows 200
xllcorner 250000
yllcorner 760000
cellsize 50
[rows 140 to 174 of 200, columns 0 to 78 of 200]
365.2 363 361 361.5 358.3 356 356 356 356 356 356 356 356 356.4 362.9 362.9 366.6 368.8 373.8 371.8 369.6 369.6 370.9 373.1 373.3 375.8 373.5 373.6 374.3 375.7 383.2 385.5 395.9 404.2 414.2 420.6 428.2 433.2 435.2 440.6 443.2 444.8 447.7 447.4 448.5 451.3 452.1 457.4 462.8 466.9 464.6 460.1 460.7 467.1 470.3 471.9 481.1 481.7 479 476.4 475.9 474.3 471.1 467.3 462.4 458.7 456.2 453.6 450.6 448.4 446.1 444.9 443.1 441.7 441.8 442.4 443.6 447.2 447.5
367 364.7 362.8 361.5 362 359.9 356 356 356 356 356 356 357.4 357.5 356 356 356 363.3 366.7 370.1 368.1 365.7 369.6 376.7 370.8 370.5 371.5 371.6 371.7 374.3 384.4 388.7 396.8 407.8 415 424.6 431.2 433.7 437 444.7 447.6 451.3 452 452.6 459.5 463.8 462.9 467.9 472.4 475.8 474.3 469.2 466.9 476.7 477.8 479.4 485.9 484.2 482.5 480.5 478.1 475.8 471.4 466.6 464.5 461.7 459.9 457.9 453.6 450.8 448.4 445.3 445 442.3 444.1 444 445.8 449.9 451.9
368.4 367.2 363.1 362.6 361.1 361.6 361.6 360.9 356 356 356 356 356 356 356 356 356 356 359.7 362.9 364.4 363.9 366.3 373.3 369.7 368.4 369 366.6 368.3 373.6 384.1 389 396.9 409.6 418.2 427.9 432.4 436.1 441.4 447.7 453 454.8 456.5 458.3 462.9 467.8 470 478.3 482.7 488.1 485.1 476.9 472.1 483.8 483.7 482.1 483.4 484.6 483 480.8 478.5 474.2 468.4 466.5 464.4 463.1 461.9 459.2 457.3 451.6 450 447.4 446.4 443.2 444 448.7 450.2 454.8 458.8
372.1 369.4 367.3 364.6 362.4 363 361.3 360 356.2 356 356 356 356 356 356 356 356 356 356.7 360.9 362.6 363.6 365.5 366.9 370.1 367.6 366.5 363.8 367.8 375.6 385.4 393.2 399.7 412 418.7 426.9 434.4 442.5 449.5 454.3 458.1 460.5 464.1 465.9 467.3 470.8 482.5 489.9 491.9 493.6 490.8 484.4 478.2 486.8 487 483.4 486 491.5 490.6 484.7 476.8 471 467.8 466.1 464.9 466.4 464.9 461.7 458.4 453.6 447.7 445.7 444.6 444.3 448.5 451.9 454.1 458.8 466
373.8 370.7 369.7 366 363.5 363.5 360.3 356 356 356 356 356 356 356 356 356 356 356 356.6 357.7 357.7 362 361.8 362 362.7 368.4 365.3 361.8 367.9 377 387.5 393 403.3 414.2 422.3 429.3 444.1 452.3 457.9 459.9 465.6 469 470.5 474.8 476.2 482.1 492.8 498.7 500.5 498.7 495.3 490.4 486.4 485.5 485.1 485.7 488.5 493.2 487 480.9 474.4 470.1 465.1 463.7 464.2 465.8 461.6 456 453 450.7 446.3 444.2 444.1 446.2 450.6 453.4 457.4 464.4 471.5
375.2 372.7 371.3 367.8 365.9 364.1 361 356.1 356 356 356 356 356 356 356 356 356 350.6 352.2 352 356.1 358 357.7 360.5 360.4 361.7 363.3 364.1 367.9 379.2 385 393.4 404.1 415.1 423.7 433.2 447.9 458.8 464.6 469.7 473.3 475.7 478.4 480.7 486.2 492.7 502.1 507 506.2 503.3 499 494.7 491.9 487.9 487.2 486.5 485.8 486.5 485.4 476.3 469.9 465.8 463.4 461.7 460.2 459.8 455.4 451.1 447.9 446.6 445 444.3 445.7 449.6 452.3 456.1 461.7 466.9 474.6
378.1 374.6 373.6 371.1 367.4 366.5 362.6 363.3 360.5 356 356 356 356 356 356 356 353 348.7 349.9 347.4 351.9 353.3 352.7 354.9 358.4 359.2 358.5 361.8 368 380.5 384.7 395.2 405.1 414.9 425.9 434.5 448.8 464.9 471.7 476.9 481.7 482.9 485 485.1 492.6 501.2 511 512.8 511.7 508.9 505 499.4 495.2 489.9 489.9 487.5 483.6 479.9 475.2 469.2 465 462.5 461.1 458.6 455.8 452.6 449.4 447.1 445.9 445 444.7 445.3 447.3 451 454.5 458.7 464.4 471.8 476.7
382.5 381.2 380 377.9 374.3 371.6 369.2 364.7 362.9 360.9 358.6 356 356 356 356 358.2 355.6 354.4 351.9 346.3 348.2 351.2 355 360.2 355 355.4 357.3 361.3 368.8 381.4 389.6 395.6 404.5 414.7 426 438.1 449 464.5 470.3 480.6 488.3 486.9 486.9 488.5 493 501.8 507.6 513 514.2 510.9 507.4 502.6 497.2 492.7 490.8 487.3 481.9 476.7 470.9 467.2 463.3 460.8 458.6 455.9 452.8 448.5 447.5 445.8 445.9 446.5 446.7 446 448.1 452.5 457.3 461.6 468.7 475.4 479.4
384.9 385.4 384.9 383.4 380.7 378 375.5 371.1 368.8 363.8 362.3 361.5 358.4 360.4 359.5 359.2 357.6 353.8 346 347 348.6 350.5 354.9 356.3 359.5 357.3 358.8 360.7 369.4 379.5 389.8 398.4 405.1 415.7 428 439 449.9 463.3 468 476.1 483.8 484.3 485.8 488 489.4 494.9 502.2 507.3 511.3 511.7 506.9 502.9 499.8 494.8 489.2 483.8 479.4 475.4 471 467.6 464 461.2 457 453.6 450.8 448 446.6 446.2 445.9 447.2 448.2 448.4 449.2 453.4 458.9 463.1 471.1 478.4 482.5
388.5 388.4 386.4 386.5 385.2 383.4 380.4 378.5 376.4 372.8 368.7 366.8 366.7 363.3 360.5 357.9 356.6 351.7 345.5 347.1 348.1 348.8 351.6 353.2 356 357.4 360.2 361.3 367.2 378.9 390.9 397.7 408 416.7 431.2 439.5 449.1 456.3 462.2 471.8 477.6 480.1 482.8 485.6 486.5 491 499 502.7 504.3 506.4 505.4 502 496.4 490 486.9 483.8 481.4 476.9 473 469.3 465.5 461.7 458.2 455.2 450.8 447.4 446.5 446.4 446.7 447.3 449.4 450.5 451.3 455.1 461.4 466.1 473.4 480.8 485.5
390.1 391.2 390.5 389.4 390 388 385.5 384.1 381.7 379.2 375 369.9 368.6 364.6 364.2 361.6 354.8 352 347.4 346.4 346.9 348.1 348.9 349.3 351.1 354.3 358.9 361.9 366.7 376.8 388.5 397.5 406.6 417.3 429.4 437.1 445.5 453.5 458.7 465.1 472.3 476.8 480.4 481.4 483.1 487.3 492.2 498.5 497.3 496.1 494.3 491.3 491.6 489.9 488.8 487.4 485.7 481.4 478.1 473.9 469.3 463.4 458.4 455 449.8 447 446.6 446.8 447.4 448.3 450.1 451.7 452.3 459 464.5 469.7 476.4 483.2 489.6
389.3 391.2 392.9 394.6 394 392.8 390.8 388 386.8 383.8 379.4 373.1 369.6 367 366.1 362.2 356.1 355.1 350.2 348.3 343.9 345.7 347.8 347.2 347.2 350.4 355 358.9 368 377.6 386.9 397.4 407.1 416.4 425.5 436.6 446.8 450.3 455.3 460.3 467.4 473.3 478.2 478.8 480.3 483.6 486.8 489.3 489.6 490.5 488.5 487.4 487.1 490.9 491.3 490.5 485.2 485.3 483.5 475.6 466.4 462.2 456.5 454.3 449.5 447.7 446.8 446.9 447.5 448.8 450.7 452.4 455.5 460.7 466.7 472.7 480.4 487.1 493.1
392.6 394.4 393.4 396 396 394.8 394.2 391.6 390.5 386.2 382 376.3 374.4 371.1 367 362.4 359.3 357.4 355.5 352.3 344.5 341.8 341.3 348.3 343.6 349.6 353 355.5 367 377.8 386.2 396.4 406.2 413.9 427.4 434.6 442.2 447.6 453.3 459.4 463.4 469.7 475.9 477 476.7 476 477.9 483.7 483.5 487.2 484.5 483.9 485.1 491.5 491 486.4 482.2 484.7 478.5 469.7 465.8 461.5 455.7 453.4 451.3 448.9 447.3 446.9 447.6 449.1 450.5 452.7 456.9 462.7 468.2 477.2 484.1 490.1 496.2
396.6 396.9 396.5 396.3 394.9 395.6 395.4 394.3 392.7 389.1 382.8 381.1 378 375.6 370.5 365 361.9 360.6 357.3 353.7 352.2 349.2 345.7 342.4 341.4 341.7 348.1 354.2 367.1 376.3 386.4 394.9 403.2 414 426.6 432.7 439.5 446.2 452.5 460.2 462.4 469.9 476 476.2 475.2 474.3 474.1 477.3 477.8 477.9 479.7 482.2 484.5 489.8 487.5 480.8 476.8 475.5 473.5 469.3 465.1 458.7 454.6 452.4 449.4 449.5 447.9 447.3 448 449.1 449.8 452 458.2 464 471.9 479.9 486.6 493.8 500.1
397.3 397.5 396.9 398.1 398.3 397.5 395.9 394.5 393.3 390.3 386.8 385.6 381.3 374.9 372.8 368.4 365.2 361.7 358.6 354.7 351.2 349 350.2 346.7 340.1 340.9 339.1 351.3 363.5 374 384 393.2 401.8 411 423.6 431.4 438.5 446.8 453 457.5 462.5 470 474.8 475.4 473.4 472.3 471.6 472.2 473.6 476.5 478.7 481.9 485.2 486.3 481.6 477 475.2 473.8 472.2 471.6 465.9 460.7 458.1 452.1 451.6 448.6 447.8 448.1 448.2 448.3 450.2 454.3 460.5 467.2 474.8 482.8 490.3 496.4 503.3
399.4 398.8 397.5 398 400.8 400.7 399.2 396.9 393 391.1 390.1 387.7 383.1 375.6 373.5 370 365.9 361.1 357 354.4 352 351.1 352.1 352.1 349.8 346.1 334.7 344.7 359.4 370.2 381.2 391.3 400.9 408.6 420.6 429.1 437.2 446.1 452.3 456.3 461.6 468.9 474.6 474 472.3 471.3 470.9 470.1 471.8 474.2 477.8 486.3 487.4 484.9 481.4 478 475.6 474.1 473.6 469.3 465 458.4 455.4 448.3 451.3 448.5 447.1 447.8 447.8 448.9 450.2 455.4 461.9 469.2 478.8 487.6 493.6 500.4 507
399.3 400 398.3 397.1 398.5 399.8 398.1 398.1 392.2 391.8 390.7 387.6 382.8 374.8 372 368.7 365.3 361.2 357.9 357.7 354.9 352.3 353.4 353.6 351.7 348.6 338.2 340 357.2 369.8 381 389.8 398.7 407.3 416.5 429.2 435.3 443.3 451.1 457 461.6 467.7 473.9 473.4 472.4 470.3 469.5 467.6 468.1 470.2 475.5 482.1 484.9 485.3 482.9 479.7 477.8 475.4 471.5 466.4 460.7 457.2 448.8 447.2 450 448.2 446.5 447.1 448.3 449.7 451.2 456.9 464.4 473.5 482.1 489.5 497.9 503.1 510.8
400.8 401.8 399.7 398.1 397 396.4 395 394.5 393.3 391.8 389 385.4 381.4 375.9 371.3 368.8 363.7 360.6 360 358.3 357 354.2 353.4 353.5 351.4 347.1 338.5 338.5 352.8 366.4 377.1 386 396 403.4 414.6 425.4 433 443.2 448.7 454.7 461.2 473.5 475 474 471.1 469.9 468.4 466 464.3 467.6 476 480.8 483.7 486.2 487.7 484.7 480.1 472.7 467.5 461.5 455 452.7 445.3 442.1 445.3 447.2 445.2 447.4 448.8 450.4 453.1 460.1 467.2 475.9 484 490.4 498.3 503.8 512.5
402.4 403 402 401.8 401 397.7 395.1 393.3 391.4 388.8 386.3 381.2 378.3 374.8 371.2 369.7 365.9 363.4 360.4 357.2 357.8 354.6 352.4 351.8 348.1 343.7 335.1 338.3 357.7 366.7 378.6 386.5 392.9 402.9 411.1 421.7 431.4 442.4 449.5 455.7 463.4 476.6 475.7 473.7 470.7 469 466.4 463.2 462.6 469.3 475.9 481.1 485.6 488.6 490.2 483.7 477.4 470.5 463.5 457.2 451.2 448.7 442.8 440.2 440.2 442 445.5 448.3 449.9 452.8 456.2 463.8 470 479.3 486.4 493.9 500.1 506.9 515.3
403.2 403.4 401.8 404.1 403 400.3 397.8 395.5 392.3 388.3 384.8 380.7 375.3 372.8 368.6 368.4 364.7 361.7 358.9 356.4 357.2 360.3 351.9 349.6 343.9 336.8 330.1 345 361 368.9 375.3 385.3 396.1 404.3 411.3 420.4 431.3 439 450.5 456.8 464.6 475.7 474.5 473.5 470 467.5 464.4 460.9 463.3 471.1 480.9 485.8 487.9 490.3 485.3 478.7 472.8 466.3 460.1 453.5 449.9 445 440.2 440.2 440.2 440.2 444.9 449.1 449.8 453.4 458 465.4 472.6 481.3 489.1 497 502.8 510.2 516.4
404.1 403.1 403.8 405.7 402.4 401.2 398.4 395.4 391.9 387.6 382.8 378.4 373.5 371.3 366.8 363.9 362 360 357.4 355.1 356 358 356.1 348 339.1 329.9 332.5 348.3 360 367.4 379.4 388.1 396.9 403.6 410.4 419.9 430.7 440.3 450.4 456 465.4 473 474.2 472.3 466 464.4 462.1 460.2 464.4 475.7 483.4 487.7 489.4 487.6 482.5 475.7 470 463.9 456.2 450.6 449 444 440.2 440.2 440.2 440.2 444 449.3 450.4 453.3 459.9 465.3 474.9 482.8 489.6 496.4 504.3 510.9 516.3
405.3 404.5 402.6 402.6 401.7 400.1 396.7 394 390.5 386.3 379.8 376.2 371.4 369.8 366.1 363.7 362.6 360.3 356.2 353 352.2 353.1 352.6 346.2 335.6 328.2 335 349.7 362.5 368.2 379.9 387 394.9 403.9 410.6 420.5 430.2 442.4 452.4 456.2 470.7 476.6 471.6 467.1 463.2 462.6 460.6 458.7 464.6 473.3 478.1 486.2 486.3 484.1 480.3 473.8 466.4 460.4 451.8 449.6 448.1 443.8 440.2 440.2 440.2 440.2 444.3 448.5 450.7 452.3 459.8 466.2 475.9 484.8 491.8 498.5 505.2 511.5 517.1
410.7 405 402.7 402.3 399.4 398.6 396.5 392.4 390 384.6 376.2 374.6 369.9 367.1 363 360.4 360.3 357.5 354.2 351.5 350.4 350.6 347.3 344 337.6 327 335.2 352.7 362.1 371.2 376.5 387.8 395 404.1 411.3 421.1 431.3 442.1 449.9 457.1 470.2 470.5 467.3 464 461 460 458 455.9 460.2 467.7 473.4 477.2 482.2 478.8 474.1 468.4 462.3 457 451.5 448.9 447.2 444.5 440.2 440.2 440.2 440.2 445.6 449.1 450.4 453 459.4 464.8 474.7 483 490.4 497.8 504.6 510.4 514.9
414.3 407.7 403.9 402.9 397.3 393.5 394.1 392.7 389.2 383 373.6 372.9 370.6 365.7 360.1 357.2 355.3 355 353.8 351.3 348.2 348.3 344.4 340.1 332.1 326.3 340 352.5 360.6 370.2 380.4 389.7 396.1 404.5 411.9 420.7 431.4 439.7 448.1 456.7 466.8 467.8 464.1 461.6 457.7 455 453.7 451.2 455.2 464.6 470.9 472.5 475.3 471.4 467.5 464.9 460.8 455.8 451.8 450 449.2 444.3 440.9 440.2 440.2 440.2 444.1 447.9 449.6 452.3 458.1 464.5 472.2 480.3 487.9 494.2 501 505.2 510.5
414.9 408.8 404.7 403.5 397.9 391.3 391.2 389.6 386.3 380.4 371.4 372.1 369.5 363.8 356.2 355.6 354.2 353 351.8 351.4 349.7 347.3 342.6 336.2 328.4 323.8 344.3 356.5 362.2 371 380.7 388.1 399.1 404.2 412.3 420.3 430.6 438.2 447.3 455.8 464 463.3 460.3 457.5 454.1 452 450.4 447.4 452.8 458.2 461.4 465.5 467.6 467.2 465.6 463.4 461.9 458.1 452.9 450.2 448.2 446.6 444.1 440.2 440.2 440.2 445.7 447.3 449.2 451.4 456 461.1 468 477.1 484.5 491.5 495.8 500.1 504.4
413.6 409.6 405.3 402.1 398.2 390.7 388.4 385.9 382.1 377.8 369.8 369.3 367.7 361.7 354.2 354.1 354.5 353.6 351.4 348.7 347.9 345.3 338.7 332 326.1 326 346.8 358 364.8 373.1 380.9 390.2 400.6 405.9 414.1 421.6 429.3 438.1 444.9 452.9 457.9 459.6 457.3 454.1 451.3 447.2 447.3 444.8 447.4 452.4 456.3 461.5 464.8 466.3 463.1 462.6 465.1 458.9 453.1 450.5 448.6 446.8 442 440.2 440.2 440.2 444.7 447.6 450 451.3 454.1 458.8 465.5 475.1 482.5 487.3 491.2 492.6 497.4
415.9 409.9 405.8 401.9 396.3 389.7 385.1 381.8 377.6 374.5 368.7 364.6 363.5 358.2 352.8 352.9 353.4 352.6 350.2 348 345.9 343 338 327 320.6 334.2 351.6 362.3 367.9 377.9 387.2 393.5 402.6 408.2 416.5 424.4 431.6 437.4 441.3 449 455.9 458.6 453.7 449.2 447.6 443.6 445.4 443.4 444.1 450.5 452.7 456.9 460 460.6 461 463.1 462.7 458.8 454.2 450.8 447.9 445.6 446.3 440.5 442 442.7 443.8 447.1 451.4 452.6 453.7 456 463.7 472.3 481.9 485 487 488.7 494.4
416.1 410.3 406.3 401.7 397.1 391.8 384.8 377.2 373.9 371.3 366.7 361.1 357.5 352.5 353.5 352.5 351.8 349.3 347.7 345.7 342.8 337.7 335.4 321.1 324.3 340.9 354.7 364.7 372.4 383.9 390.1 395.3 402.1 410.7 421.4 429.5 434 438 441 446.2 454.5 455.8 449.9 445.7 444.4 443 440.5 441.7 443.6 444.4 448.3 453.5 456.7 458 459.9 465.4 463 459.1 453 449.9 446.7 444.2 442.5 440.7 443.3 443.3 445.5 447.7 451.5 453.3 454.8 457.2 463.3 472.5 478.9 482.2 484.2 486.1 491.3
416.2 411.1 407.1 402.9 398 391.2 384.3 376.6 370 365.7 363 357.2 353.3 349.1 353.2 354.3 348.2 346.9 344.8 342.8 339.5 335.8 321.9 322.1 332.2 343.1 354.5 366.3 374.6 384.2 390.4 398.8 405.9 415.1 425 435 437.6 439.7 441.3 446.2 453.5 452.6 447.5 443.8 439.8 439.2 439.4 441.3 443.8 444.5 446.4 451.5 454.6 456.6 470.8 466.3 461.5 455.1 451.2 447.7 444.9 443 441.1 438.3 441.6 443.6 445.6 448.5 451.4 453.6 454.6 457.6 463.3 471.3 475.7 479.1 481 483.5 488.2
412.5 407.3 403.9 399.8 395.4 389.6 383.4 375.4 367 361.1 357.3 353.7 349.7 346.2 348.5 347.8 343.9 342.5 341.1 337.7 332.4 326 317.9 325.3 341.3 348.1 356 367.3 373.9 383 392.3 400.9 407.9 419.2 435.5 438 439.6 442.2 445.3 447.6 451 450 446.1 442.9 438.7 438.6 440.9 439.9 442.7 444.9 447.5 449.4 453.9 464 469 464.7 460.8 454.7 449.9 447.2 443.5 441.3 437.5 437.5 442 445.2 446.8 448.9 452.5 454 455.8 459.8 464.7 470.6 474 476.5 478.2 480.4 484
412.5 406.8 402 398 392.4 385.6 380.8 372.9 365.6 359.5 354.5 351.1 348.9 343.5 344.6 343.3 340.3 338.6 336.6 332.8 325.1 318 320.5 334.6 346.6 352.7 358.6 368.6 375.1 383.8 392.5 402.7 410.3 423.3 437 441.8 448.3 449.1 448.1 448.8 449.9 448 445.3 442.5 437.7 438.5 442.3 441.3 444.5 445.8 446.4 448.7 457.3 465.2 465.8 463.9 460.7 455.1 449.9 444.4 441 437.8 435.7 438.6 442.1 443.5 445.2 447.9 451.5 453.8 457.8 460.1 466.3 472.8 473.2 474.2 476.7 478.5 480.5
415.8 410.3 406.4 400.7 394 386 378.3 368.9 360.7 357.8 351.2 348.6 347.7 343.8 340.5 340.4 336.2 334.6 331.6 329.7 316.5 315.7 327.7 339.7 348.3 355.1 361.7 370.4 377.2 385.6 395.2 407.3 416.1 429.8 442.4 445.3 447.7 447.8 448.2 449 451.2 450.2 444.9 441.5 435.9 436.9 444.9 440.9 442.5 444 445.9 449.9 457.7 468.1 467.9 465 460.5 454.2 448.6 443.3 438.4 433.4 432.6 436.3 438.9 440.5 444.4 448.6 450.6 454.1 458.1 460.1 466.6 466.8 468.4 470.6 474.3 476.6 478.1
420.7 415.9 409.2 400.9 393.4 386.2 377 368.6 362.9 357.7 351.6 342.6 343.9 341.7 337.2 336.8 334.1 331.2 327.2 319.2 312.6 320.9 333.9 341.6 347.3 358.5 363.7 370.8 376.7 385.7 400.6 413 421.8 437 445.4 446.4 446.8 447.2 449.9 452.2 453.3 449.3 443.5 440.1 435.4 434.6 441.2 438.4 438.5 441.6 444.6 449.3 464.2 472.3 467 462.3 455.4 451.3 445.7 440.8 435 430.5 429.2 432.2 437.6 442.5 446.8 452.3 454.2 455 457.3 460.6 462.8 464.2 464.7 469.2 472.2 474.9 476.1
430.5 421.1 412.8 403.2 391.7 383.4 375.7 365.2 360.2 356.3 349.4 344.2 338.6 338.6 335.1 332.5 330.7 327.9 323.3 311.3 316.1 327.2 337.6 346.7 351.6 354.9 361.2 371.2 378.8 386.7 402.6 415.2 426.5 439.8 445.1 445.7 445.6 447.5 451.6 453.8 451.7 446.4 443.1 439.2 434.9 432.1 436 434.4 435.7 441 445.2 454.4 466.6 468.4 461.4 456.1 451.3 447.1 442.5 437 429.5 425.3 428 434.6 440.7 445 449.7 453.7 455.1 456.6 457.4 460.2 461.5 462.3 464.2 466.3 471 472.8 474.5
436.3 425.5 416.5 407.9 395.1 380.9 373 364.9 359.8 354.3 348.4 345.1 339.1 332.9 335.3 327.7 325.4 324.7 318.7 312.1 317.4 331.1 338.7 347.7 349.5 357.8 366.9 370.7 382.5 390.5 403.5 415.9 426.3 437.5 442.6 441 443.4 447.8 452.1 453.1 451.3 447 441.8 436 433.7 430.7 429.9 430 434.8 440.9 445.7 455.2 468.2 464.4 455.4 451.8 446.9 441 435.3 433 426.9 423.9 428.5 434.9 442.3 448 451.8 454.7 457.3 458.1 459.7 463.1 464 464.7 465.2 468.3 470.9 472.2 474.1
