public/OST50/NN58.asc
ncols 200
nrows 200
xllcorner 250000
yllcorner 780000
cellsize 50
[rows 105 to 139 of 200, columns 0 to 77 of 200]
482.7 537.5 572.4 583.6 585.1 587.8 604.9 615.6 627.4 611.6 600.9 589.2 574.5 554.7 540.8 545 548.9 541.1 537.7 539.2 540.1 542.9 540.6 536.8 535.5 531.3 534.3 536 537 537.8 537.2 538.1 540.7 545.2 545.5 546.1 547.7 549.4 551.5 549.9 548.9 545.1 539.5 537.5 533.1 529.8 526.9 521.7 520.8 518.9 516.9 511 504.7 497 488.9 481.4 476.7 471.6 464.1 466.6 469.6 467.5 465.7 464.6 465 463.7 454.2 459.3 465.5 465.1 462.5 463.9 466.3 469.7 474.7 482.4 487.8 492.1
515.3 558.1 576.9 569.6 575.1 585 608.7 616.6 614.1 588 582 574.4 555.4 543.7 535.1 535.6 536.8 533.6 534.6 537.4 538.3 537.9 536.7 534 536.5 537.1 547.9 551.8 557.7 556.5 549.7 549.3 552.7 556.9 555.6 550 550.3 553.3 554.2 554.3 550.4 544.9 539.5 536.1 533.5 530.1 529.4 526.8 524.1 521.4 518.6 512.1 503.9 495.4 487.6 482.2 476.1 473.7 470.9 473.7 473 471.1 469 468.7 469 464.6 462.2 461.7 467.6 466.7 466.3 468.6 472.3 477.4 485.5 492.7 497.6 501.8
533.2 552.9 552 564.9 578.7 585.6 598.6 602.2 577.3 567.4 561.1 549.2 538.4 532.2 531 528.1 528 531.3 536.3 538.8 540.2 548.9 546.5 542 542.6 556.5 563.1 570.2 574.1 568.6 562.3 560.8 561.1 561.7 558.3 555.5 553.6 555.4 555.9 555.6 551.5 545.7 540.1 536.2 533.7 533 532.3 529.9 527 523.9 519.4 512.2 502.6 494.3 488 482.6 473.3 481.5 480.5 478.8 477.6 474.4 471.9 470.9 468.6 469 467.2 463.7 469.3 468.9 470.8 473.9 479.4 487 496 502.5 508.8 512.7
514.7 533.1 543.7 560.1 563.3 579.2 579 585 553.3 541.5 535.1 531.7 527 525.8 526.7 524.5 528 541.7 553.6 548.3 552.6 543.5 544.2 548.2 557.7 564.6 574.1 582.8 581.6 577.7 575.1 575.6 577.8 570.3 563.2 560.2 558.1 557.6 557.6 558 552.6 547 541.5 537.5 537.6 537 536 532.7 530 526.8 521.2 512.3 502.4 494.3 488.6 483 481.5 485.1 485.4 484.6 481.3 478.1 474.7 471.8 470.8 472.8 470.7 469.1 472.1 473.2 475.7 480.6 487.4 496.2 505.5 511.9 518.5 522.5
502.2 518 531.3 538.7 553.5 560.5 562.1 547.2 528.3 524.5 524.5 524.5 524.5 524.5 524.5 526.8 537.2 555.9 560.5 560.1 555.4 555.4 567.5 566.8 581.6 589.9 596.8 596.2 592.6 589 586.7 585.4 584.4 572.8 566.3 564.2 562.2 560.7 561 559.2 553.6 548.5 543.6 542 541.1 540.4 539.9 536.6 533.1 529.3 522 513.7 505.2 497.9 490.2 481.6 487.4 489.7 489.3 488.4 485.7 480.4 476.8 473.3 474.1 474.6 470.2 473.8 476.1 478.4 481.8 487 494.7 502 512.6 519.3 525.2 528.9
489.5 507 518.3 526.5 532.4 531.7 528.8 524.5 524.5 524.5 524.5 524.5 525 525.3 527.8 536.3 547.9 567.1 568.6 567.5 569 574.8 580.8 593 601 613.7 621.9 617.1 608.6 601.1 596.8 593.2 586.1 574.5 571.1 569.8 566.6 563.7 562.1 558.7 554.9 549.1 546.2 545.8 544.7 543.5 542.5 539.7 536.4 531.2 522.8 514.5 506.8 499 488.4 488.4 495.3 493.7 492.9 492.3 489.1 483.4 479.2 475.7 476 474.1 476.1 477.7 480.1 482.6 486.5 493.3 500.2 507.1 517.5 525 531 535.7
490.6 505 514.8 521 520.6 521.7 525.3 530.1 531.9 532.5 531.7 529.5 528.3 531.1 538.7 543.3 554.6 569.3 574.2 576.5 579.8 585.2 598.3 612.7 625.3 644.1 643.1 633.2 624 618.4 612.1 606.4 594.1 583.3 579 577.6 573.5 570.6 567.3 562.8 556.1 550.6 549.9 549.5 547.7 546.1 544.5 542 538.6 532.7 523.8 515.3 507.8 498.2 492.2 499.1 499.1 499.3 497.3 495.9 492.1 486 481.6 478.9 479 478.5 479.9 480.8 483.1 485.9 490.5 496.9 504.3 511.8 519.7 527.5 533.4 540.1
497.2 504.9 513.7 518.3 523 525.6 530.2 534 538.1 540.2 541.4 537.6 535.2 544.9 552.1 556.5 563.3 574.6 584.2 589.7 591.7 598.5 616.4 625.5 651 662.1 661 651.7 641.3 634.4 628.6 616.3 603.7 595.3 588.2 583.1 580.2 576.8 570.8 563.6 558.5 554.2 554.3 553.4 550.7 548.4 546.1 543.3 539.8 533.9 525 515.9 507.1 495.9 504.9 506.9 506 504.7 502.4 500.5 495 488.4 484.1 482 481.6 481.1 482.7 484.4 486.2 490.1 494.7 501.2 509.4 515.7 522.2 529.6 534.9 539.1
497.4 506.2 514.9 522.5 526.2 530.3 535.6 540.8 546.7 547.5 546 543.3 549.1 554.5 560.8 571.3 574.8 581 597.6 598.3 602.4 615.7 627.6 651.3 671.3 678.4 676.3 665.8 656 649.5 637.2 625 619.4 613.3 602.7 592.6 586.2 582 572.9 571.8 565.3 561.2 559.2 556.8 554.4 552 549 544.8 540.8 534.9 527.4 517 507.7 501.7 513.2 514.8 512.6 510.1 507.8 504.5 497.8 491 487 485.2 484.6 483.8 485.3 487.4 490.2 494.4 499.7 507 513.7 518.8 524.5 531.8 536.2 537.4
503.6 514.5 521.7 528.4 529.2 536 541.6 547.5 552.8 552.4 554.3 553.9 558.6 562.3 568.9 576.6 581.6 596.3 612.2 613.5 615 628.8 645.2 671.8 686.4 690.4 684.3 675.4 667.7 659 644.8 638.6 633.2 626 617.3 603.8 592.5 584.3 580 577.5 569.9 567.8 565 562.3 559.4 556.9 552.9 547.5 542.4 537.2 528.8 516.5 509.1 520.1 522.4 523 520.7 516.6 513.4 507.5 500.7 494.3 489.7 488.3 487.8 487 488.9 491 494 498.2 504.2 511.2 517.5 522.2 527.7 532.8 535.3 535.1
510.8 520.9 530.4 536.2 535 540.4 547.9 555.3 557.9 560 561.2 567.3 568.2 573.8 578.3 580.2 585.9 601.9 618.1 623.4 626.3 643.1 666.8 686.2 699.3 699.1 694.3 685 678.7 665 655 650.3 643.7 635 624.3 611 599.3 588.9 585.7 580 576.7 574.9 571.6 568.3 565.3 562.2 557 551.1 544.5 538.5 524.6 516.2 526.9 532 532 531.7 528.6 524.4 519.1 513.4 504.3 497.5 493.3 491.3 489.9 491.7 492.5 494.6 497.8 502.6 508.6 514.5 520.4 525.8 530.1 534.5 535.7 534.4
520.6 531.7 539.7 543.3 543.1 546.6 556.3 561 568 565.2 570 579.9 580.8 585.2 582.7 583.1 588.2 600.8 618.7 627 637 661.9 684 700.9 714 713.1 705.4 693.7 686.3 670.1 660.7 655.8 648.4 638.5 626.5 615 606.3 596.5 588.5 585.3 583.7 582 578.4 574.9 571.8 568.3 562 555.7 547 533.7 524.3 533.1 539.1 539.2 539.2 538.8 534.7 530 529.2 520.1 508.1 504.9 501.4 495 495.5 498.1 497.5 498.6 501.7 507 512.8 518.7 524.2 529.4 533 535.9 535.6 532.7
535.5 541.8 548.4 549.2 553.3 561.6 568.5 575.1 574 573.6 581.3 587 592.5 588.1 585.6 585.3 591.8 605.2 621.9 635.1 654.2 682.5 703 724 732.6 728.8 718.8 705.9 691.3 677 665.3 658.5 650.7 642.7 631.9 621.3 612.8 602.5 592.9 593 591.1 588.6 585.9 582.4 579.6 574.7 567.9 559.9 546.7 528.5 538 543.4 544.3 545.9 545.7 542.6 539.8 536.9 535.7 525.1 510.3 504.2 500.7 497.8 498.8 501.3 501 503.6 506.8 511.4 517 522.9 528.6 532.4 534.9 537.6 536 532
551.5 555.1 555.8 561.6 572.8 582.4 584.5 582.6 579.5 586.6 592.3 599.4 596.5 592.5 589.9 591 599.7 612.9 626.5 643.4 672.6 703.9 729.3 744.2 744.2 737 731.5 715.6 694 682.2 670.9 662.8 655 648.7 637.2 627 617.8 608 602.6 600.5 598.3 595.1 592.1 590 586.2 580.9 572.8 561.6 543.5 541.2 548.4 549.4 551 554.7 552.3 547.9 544.1 541.3 537.3 528.1 514.7 508.6 504.8 501.2 501.7 503.7 505.6 508.1 512 517 522 527.2 533.1 536.5 537.4 538.9 537.4 533.1
565.2 564.5 575.5 584.7 595.4 599.5 598.8 593.1 595 598.7 604.8 606.5 605.5 597.8 597.1 600.3 611 622.3 635.2 659.2 696.2 724.1 747.3 753.9 751.2 744 736.7 715.7 695.5 686.1 677.7 665.4 659.4 652.4 643.9 633.7 623.8 612.5 611.2 608.5 605.4 602.4 599.5 596.5 591.1 583.7 574.4 557.4 541.3 550.2 557.1 557.9 561.1 560.8 557.7 553 548 544.1 539.9 528.8 517.8 513.2 509.1 504.8 506 508 510 512.8 516.9 521.7 526.7 531.8 537 539.5 540.5 540.8 539.2 535.5
577.3 587.4 596.2 607.4 615.4 617.4 609.4 603.3 607.1 612.2 618.3 618.9 610.9 604.2 606.8 615.8 624.9 634.7 649.4 683.9 716.6 743 756.2 758.1 755.5 748.5 737.6 712.1 697.8 689.7 681.5 672.5 664.5 658.2 650.7 641.3 632.5 625.1 620.3 617.1 613.4 610.4 607 601.6 594.4 585.6 574.5 554 551.4 565.2 566.7 567.2 568.3 566.8 563.2 557.3 552.3 547.6 544.1 535.2 521 517 513.1 509 510.4 512.4 514.7 518 521.8 526.5 531.4 536.4 540 541.8 542.9 543.1 541.3 537.8
598.6 609.1 621.2 629.5 631.4 626.3 615.7 616.3 619.6 630.2 632 625.8 619.9 618.6 620.4 628.8 637.8 648.6 672 708.9 735.3 758.6 766.2 765.5 760 750.9 732.8 714.7 700.2 692.4 686.4 680.5 672.9 666 657.3 649 641.3 637.2 632 626 620.4 616.1 611.9 606.6 598.9 589.8 569 553.5 566.3 573.9 575.1 575.8 574.4 572.7 568.4 562.5 555.1 549.3 544.9 534.6 524.3 520.4 516.7 514 515.4 517.4 519.8 523.6 528.5 533.1 536.3 540.7 543.1 544.8 545.2 544.9 543.7 538.3
623.7 637 650.7 650 643.5 626.9 627.3 628 639.2 648.2 642.3 637.7 640.8 635.3 640.2 645.6 649.9 666.5 696.8 730.4 755 768.6 771.8 770.6 763.9 753.5 722.6 714.3 703.9 695.9 691.3 686.2 679.7 672 664.2 657.4 653 649.2 640.8 633.1 626 620.8 616.3 609.1 601.1 592.3 569.5 557.1 578.8 581.7 582.8 582.5 580.5 578.2 573.8 567.2 560.1 554.9 544.2 533.1 528.3 524.5 521 519.1 520.6 522.9 527.1 531.1 535.5 539.4 542.3 544.9 546.6 547.3 547.2 546 542 534.6
668.2 675 676 669.7 650 636.3 635.9 647.6 660.8 658.6 653.5 654.9 653.2 653.7 660.3 652.3 665.8 687.9 720.2 750.5 768.1 776 776.7 775 768.3 753.4 727.1 716.2 708.2 699.3 694.5 691.6 686.9 679.6 672.3 667.1 664 654.8 645.1 637.4 631.5 626.7 619 611.1 602.3 592.5 571.7 565.2 588 589.4 589.9 588.8 586.4 582.3 578.3 571.6 565.1 557.9 548.4 537.9 532.5 528.5 525.2 523.4 526.3 529.8 534.1 537.9 541.4 545 547.1 548.8 549.6 549.7 548.2 544.5 539.8 531.9
697.2 697.5 692.2 678.5 645.8 645.2 658.5 665.4 669.7 664.7 666.4 669.9 664.6 667.8 669.2 662.2 680.2 709.2 740.5 765.2 780.8 783.3 781.4 774.5 765.6 750.5 730.4 718.4 712.2 706.6 702 698.1 694.5 687.8 682.5 677 668.1 658.8 649.4 641.5 636.7 630.8 621.7 611.9 602.7 589.2 569.5 582.2 594.3 594.9 595.3 593.9 590.9 587.1 581.9 576.3 569.2 560.8 551.8 542.5 536.8 532.9 529.9 527.9 531.8 536.1 539.9 542.9 546.3 549.2 550.2 551.2 551.3 550.3 548.5 543.3 536.4 527.8
706.6 708.6 689.9 668.2 652.1 666.7 668.8 673.2 674.9 673.3 679.4 680.7 678.4 678.5 671.4 678.4 697.9 729.4 756 776.3 786.2 786.8 782 774.5 764.2 749.4 733.1 722.1 715.4 711.9 709.3 705.3 699.5 692.9 688.9 681.6 671.6 662 653.4 646.3 641 632.6 622.8 612.5 602.3 590.6 577.6 596.3 598.7 599.4 600 598.8 595.4 591.7 586.9 581.9 573.2 563.2 554.8 548 541.8 537.9 534.8 532.7 536.9 541.1 544 547.2 550 551.9 552.7 553.3 553 550.7 546.2 539.9 532.9 523.8
709.2 703.8 680.3 655.5 668.4 672.7 679.5 684.4 684.5 689.3 692.8 694.1 690.2 688.2 688.2 695.8 718.9 751.4 772 783.9 789 791.4 787.2 777.2 764.2 749.2 737.2 726.2 718.5 714.8 713 709.2 703.5 698.1 693 683.6 674.9 665.9 656.7 650 641.8 633.1 622.4 611.3 602.5 598 581.3 599.7 603.9 604.3 604.7 603.4 600 595.3 592.2 586.1 577 566.6 560.6 554.5 547.1 543.8 539.3 539 541.8 545.4 547.6 550 552.9 554.3 555.1 554.5 553.1 548.7 542.2 536 529.2 520.6
703.1 689 669.4 671.5 676.2 682.5 690.5 699.3 701.7 704.8 708.6 709.1 697.9 696.3 704.1 715.7 738.3 766.4 781.1 791.5 794.1 795.5 790.1 779.9 763.8 748.9 738.5 730 721.7 716.7 715.6 712.9 707.7 703.2 695.8 687.3 678 667.8 658.7 651.7 641.9 631.5 621.2 611.3 606 601.8 586.8 603.1 608.3 609.3 609.6 607.7 602.8 601.4 600.2 591.8 582.4 571.9 567.8 561.9 553.3 547.5 544.6 545.5 546.2 548.6 550.9 553.1 555.3 556.2 555.9 554.3 551.9 545 538.3 532.9 525.5 516.9
687 678.2 683.2 675.5 686 690.4 703.4 713.2 716.7 720.4 728 718.9 705.2 709.8 720.8 734 749.9 777.3 790.1 799.2 801.1 799.7 794.5 780 763.7 749.2 740.4 732.4 724.5 719.4 718.2 714.8 710.4 705.2 697.3 688.9 679.4 669.1 661.3 651.8 640.1 629.9 620.6 612.8 608 591.6 598.9 609.7 613 614.6 614.7 613.5 610.1 610.1 607 598 587.9 579.3 573.8 566.1 559.8 554 553.5 551.5 550.5 551.9 553.9 555.6 556.9 557 555.9 553 547.6 541 534.8 529.1 521.4 513.8
673.3 678 675.3 681.8 692.1 712.8 717.4 727.7 729.9 740.2 741.7 724.9 713.8 723.2 738 751.7 768.2 789.8 798.8 802.4 803.4 805.3 797.2 780.4 763.8 752.4 743.9 735.6 729.3 724.9 721.3 717 712.5 705.8 697.9 689.1 679.9 670.7 661.9 649.4 638.4 629.8 620 613.8 601.7 604.1 610.6 614.7 617.9 620.6 620.7 620.2 618.4 617.6 614.4 604.8 592.4 582.9 575.2 569.2 566.5 566.5 563.5 557.7 556.3 556.3 556.3 557.3 557.3 556.8 554.1 549.1 543.5 537.3 531.1 524.8 518.2 511.2
665.5 669.6 677.8 690 702 711.7 721.8 735.7 749.3 762.6 758.8 733.2 727.5 741.8 758 764.9 777.7 793.6 802.2 803.8 803.9 802.4 793.8 776 764 756.2 748.9 741.2 733.3 729.2 723.2 720.4 713.6 706 698.3 689.2 679.9 670.3 660.2 647.8 637.7 627.4 619.9 612.6 604.6 613.5 615.3 619 622.6 625.4 626.6 626.8 624.5 624.5 620 608.7 599.6 591.5 585.7 581.3 579 576.1 569.2 563.5 562 561.6 561.2 559.9 558 555.5 551.9 545.7 539.6 532.9 527.7 521.8 515.4 508
657.8 668.5 682.9 694 704.2 714.9 729.7 747.7 766.8 778.7 758.7 738.7 742.6 755.5 766.5 775 787.3 799 808.1 808.9 807.4 801.1 792.6 779.8 770.9 762.7 754.6 744.5 737 731.9 725.3 722.3 713.1 705.9 697.9 688.8 678.8 668.9 657.4 645.9 635.2 625.9 620 608.7 616.2 618.8 619.9 623.7 627.2 630.1 632.2 631.9 632.5 631.1 623.4 614.4 608.2 603.1 598.9 594.7 589.4 583.1 577.9 572.9 568.7 567.4 565.6 562.9 557.9 553.9 549.9 542.7 537.1 531.6 525.4 518.4 511.5 503
656.1 671.7 686.1 697.2 710.2 724.7 739.1 761.1 770.6 769.4 758.6 747.1 757.8 763 774.2 783 796.5 811 815.6 818.7 815.7 806.3 797.9 788.4 779.1 770.1 760.3 748.6 740.2 734.3 728 720.6 711.2 704.5 696.9 687.4 677 666.3 654.8 643.3 633.4 626.6 617.5 618.9 621.7 623.1 624.7 628 632.1 635.1 637 639.9 640.5 637.3 629.6 621.6 617.9 613.4 608.2 602.8 597.7 590.7 585.7 580.8 576.6 573.2 570.5 565.1 558.6 553 547.3 541.5 536 529.8 522.4 515.3 505 497.2
660.4 675.5 688.8 703.6 717.8 730.8 751.2 764.5 764.2 766.1 758.3 767.5 778.7 782.2 785.2 792.4 807.5 824.8 828.2 829.2 823.4 814.2 804.9 794.4 784.6 775.2 765.4 754.8 744.6 739.5 732.5 719.7 710 703.8 695.5 686.4 675.4 663.7 652.2 641.6 633.1 627.2 618.8 626.1 626.9 627.1 629.1 633.7 637.2 640.1 644.1 648 647.9 642.5 634.5 630.8 625.2 617.7 612 608.7 604.3 597.7 591.6 587.1 582.4 577.4 572.7 567 560.4 552.9 546.8 541.1 535 527.4 517.5 512.7 498.3 495
664.6 679.2 690.4 706.2 719.6 737.8 752 754.8 756.4 763.7 767.6 778.9 785.5 791 796.2 800.8 811.1 829.9 835.7 835.7 828.3 816.8 806.9 799.4 789.3 779.3 771.6 760.2 748.6 741.7 730.4 719 709.6 700.9 692.1 684.1 674 661.5 650.4 641 635.3 626.1 627.7 630.5 631 631.7 634 639.2 642.4 647.7 652.7 656 653.2 647.3 645.4 641 635.2 630.4 625.5 619.9 614.4 606.5 600.1 593.6 587.4 580.1 574.3 567.5 559.9 553 546.4 541 536.2 529 520.6 512.1 506.3 503
664.3 674.3 689.2 704.2 725.9 740 748.8 749.9 751.3 756.8 763.8 779.1 787.3 792.3 794.9 800.9 813.4 831.5 837.4 837.3 829.3 818.3 809 802.2 791.4 784.9 777.3 762 748.1 740.2 728.8 718.3 708.2 698.8 689.2 682.8 672.5 659.3 649 642.1 637.4 627.4 633.2 634.8 636.1 637 639.7 644.8 650.2 655.5 661.3 662.6 656.2 658.2 657.4 652.8 648.8 645.3 641.4 634.3 627.2 618 609.7 601.6 591.9 583.8 575.7 567.8 559.9 554 548 543.4 538.2 530.2 521.2 516.9 512.3 506.8
663.5 674.5 691.2 710 726.6 740.2 744 745.7 745.8 751.5 767.9 777 784.6 790.2 792.5 799.7 813.4 830 836.7 832.2 825.5 817.1 810.1 802.9 795.4 790.5 781.1 767.5 753.3 738.3 726.5 718.4 708.4 698 689.8 681.5 670.1 657.5 647.4 642.5 637.2 633.3 637.3 639.3 641.3 641.7 647.7 652.7 657.9 664 668.9 668.1 665.5 670.3 668.7 664.4 662.8 660.7 658.9 648.7 638 628.5 618 605.8 594.7 586.4 578.4 570.5 562.5 555.9 550.7 545.6 539.8 532.5 526.9 521.6 515.8 508
661.7 674.7 695.6 709.7 719.4 726.3 731.6 734 736.6 743.5 758.7 767.7 776.1 782.6 787.6 797.9 809.4 824.3 829.5 826.5 820.8 813.5 808.7 802 798.2 794.7 786.9 774.9 757.9 735.8 724.7 717.4 708.6 698.7 690.7 678.1 666.8 656.3 648.5 644 637.7 641 643.5 645.6 647.6 649.6 655.6 660.7 666.9 673.3 676.3 674.1 679.1 680.7 679.5 681.1 682.2 683.4 678.7 665.2 650.4 637.2 622.8 609.4 597.4 589 581.1 573.2 565.5 559.1 553.8 548.4 542.3 535.3 529.9 527.1 521.9 511.3
658.9 676.2 686.9 695.3 701.8 709.9 714.6 720.5 727 737.8 749.2 757.5 765.6 773.3 782.8 793.3 803.8 815.8 821.4 820.8 818.6 814.1 807.5 801.6 799.7 798.1 793.8 776.2 753.1 734.7 722.6 715 706.6 697.4 687.8 675.2 664.1 654.9 648.7 641.3 643.6 646.9 649.7 651.9 654.2 658 663.6 670.6 677 682.2 685.1 686.4 689.9 691.7 697.5 699.4 701.9 703.8 694.3 678.5 658.9 645.1 628.8 612.6 601.3 591.9 584 576.3 568.7 562.5 556.6 550.3 544.2 537.7 533.5 532.5 527.2 514
657.7 669.2 679.8 687 691.4 697.7 703.2 708.7 716.9 731.1 738.9 745.9 756.8 765 776.2 786.6 795.3 805.4 812.5 815.2 815.6 810.6 805.8 801.7 800 797.6 792.1 772.4 751.6 734.8 720.9 711.3 702.2 693.9 683.6 672.8 662.3 654.6 649.5 648.8 651.1 653.1 656.3 658.6 661.5 666.2 673.1 680.2 687 692.1 695 698.4 702.3 709.1 714.4 716 718.3 714.4 702 684.6 667.3 651.1 632.7 617.3 605.9 595.5 587.2 580.3 572.3 565.2 559.3 553.2 547 542.9 541.3 538.6 527.8 512.9
