public/OST50/NN58.asc
ncols 200
nrows 200
xllcorner 250000
yllcorner 780000
cellsize 50
[rows 70 to 104 of 200, columns 78 to 155 of 200]
353.8 354.2 354.1 353.7 354 353.7 353.4 352.1 350.8 351.9 353.1 354.1 351.2 349.1 347.7 339.9 338.1 335.4 332.6 328 329.2 329.1 333.6 333.3 337.4 339.5 341.8 344.5 353.4 362.1 363.9 377.8 386 397.4 414 417.4 419.7 419.8 419.2 419.5 419.9 419.6 419 416.9 410.7 404.5 398.9 400.6 402.5 404.9 407.3 407.3 408.2 410.8 414.5 415.5 416.1 414.4 415.6 419.9 422.4 425.3 425.3 426.2 427.9 426 431.9 431.3 430.4 429.7 426.5 423.8 432.8 437.4 441.8 446.1 450.5 454.9
354.1 354.2 354.2 353.7 354 353.9 353.8 350.8 351.6 352.4 353.5 352.8 350 346.7 341.9 339.1 337.4 335 334 334.9 335 335 334.3 334.4 341.7 341.9 344.1 349.4 355.3 363 368 384.8 394 404.9 415.5 418.8 420.2 420.8 420.5 420 419.2 418.9 417.6 413.4 406.1 401.1 401.2 403.9 406.4 409.4 411.9 411.3 413 415.9 418.1 418.8 418.7 418 423.8 427.6 428 428.1 429.1 431.9 433.9 433 431.7 432.1 431.6 430.3 425.8 428.4 435.5 439.7 442.6 446.6 450.9 455.3
355.3 354.6 354.6 354.3 354.3 354.2 353.8 351.7 352.1 353 352.8 351.6 351.7 350 344.6 338.2 336.5 328.6 336.2 336.6 336.8 336.2 336.2 337.5 343.2 341.8 352.7 353.5 359.7 365.6 374.3 387 399.4 409.8 417.9 421.3 421.5 421.4 420.1 419.4 418.4 417.4 414.4 409 403.1 400.2 405 409.5 411.8 414.3 414.3 415.3 417.4 419.5 421.9 422.2 422.5 427.4 433.2 433.2 432.8 434.7 436.5 438.2 438.4 436.4 435 433.9 432 428.8 426.9 433.6 438 441.1 443.7 447.3 451.6 455.9
356.9 355.4 355.3 355.1 354.9 354.6 353.8 352.2 352.7 353.2 353.4 353.1 351.5 347.4 341.3 337.4 333.2 335.8 338.9 343.5 341 344 345.7 345.9 343.5 341.7 354.5 353.3 363.1 369.2 376.9 386.3 400.2 416.2 423.6 427.7 426.2 422.7 419 417.4 416.6 414.8 409.8 405.5 402.5 404.6 410.2 414.8 417.6 417.9 418.3 418.4 419.7 421.9 424.4 425.2 428.8 436.7 439.1 440.7 440.2 443.6 445.2 443.4 442.6 439.4 438 436.2 434.1 430.2 431.1 436.9 440.7 443.5 445.7 448.5 453.2 457.8
356.8 356.1 356.1 356 355.5 354.8 353.7 352.7 353.4 354 353.4 352.1 350.1 345.2 339.3 334.3 335.7 338.1 340.5 344.5 349.4 350.8 348.4 355.3 348.8 343.2 346.6 355.7 364.4 370.5 378.9 387.4 401 415.7 424.1 428.8 426.7 421.2 417 414.4 412.2 409 405.4 405.6 406.2 410.5 415.3 418.5 421.4 421 421.4 422.1 424.7 426.8 429 432.1 439 445.5 446.1 448.3 448.9 450.1 450.7 448.7 446.7 442.9 440.2 438 435.3 429.9 432 439 442.6 445.7 448.3 451 455.6 460.4
357.4 357.2 356.6 356.2 355 354.3 353.7 353 353.9 354.8 354 352.5 350.3 342.2 337 331 337.4 340 342.5 344.2 345 345.4 346.4 356 355 345.1 351.1 359.7 365.7 370.2 378.9 388.8 401.1 413.2 421.9 426.9 424 418.7 414.3 411.4 408.3 407.3 407.8 409.3 411.8 415.8 419.9 422 422.3 423.2 424 426.7 430.9 433.6 438.5 444.5 449.6 453.7 455.1 455.7 456.4 456.9 456 453.2 449 444.8 441.9 438.7 435.3 433.2 437.2 441.4 444 447.3 450.1 454 458.3 462.6
358.5 357.4 356.6 356.2 355 353.9 353.3 353.6 354.3 354.9 354.5 352.7 350.2 339.8 336.2 337.5 338.9 341.4 343.6 345 345.8 346.3 356.9 352.3 351 348.6 356.3 363.7 367.5 373.1 379.1 389 399.7 411.6 421.6 423.2 419.5 416.2 411.9 409.9 410.4 410.8 410 413 416.9 421.4 425.5 425.5 425.6 427.6 431 434.4 437.4 441.3 447.9 453.6 457.8 460.9 463.7 464 464.2 463.2 458.7 455.5 450.5 445.7 441.6 438.3 436.3 435.1 438.8 443 445.8 448.8 452 457 460.8 464.5
358.4 357.4 356.5 356.1 355.1 354.3 354 354.4 354.8 354.5 354.2 353.7 352.2 341.3 332.4 338.2 340.4 343.2 344.7 345.8 346.6 346.6 353.8 361.8 360.7 350.9 360.1 366 369 373.1 380.4 389.5 398.9 410 418.6 421.6 418.4 415.1 414.8 414.1 412.9 411.8 413.9 417.4 422.2 427 428.3 429 431.3 434.7 439.4 443.6 448.2 453.2 457.5 461.8 466.4 470.5 472.7 472.8 471.7 466.3 460.9 455.8 450 445 441.4 438.7 438.3 436.4 437.9 445.2 448 450.9 455 459.4 463.1 467.3
358.3 357.4 356.1 355.4 353.9 355.1 354.7 355 354.1 353.6 353.3 353.4 354.2 343.1 336.8 338.2 340.3 344.5 346.4 347.4 350.4 351.4 358.7 363.8 363.5 352.1 360.1 365.6 368.4 373.6 380.5 388.5 397.5 406.9 415 418.3 416.1 415.4 414.7 415.8 414.6 414.1 417.2 421.7 426.6 431 433.1 436.3 439.2 443.2 450.6 456.2 459.1 463.3 467.7 472.2 477.1 480.7 481.5 481.5 476.5 469.6 463.5 456.6 450.7 445.6 441.8 440.4 440 437.4 440.5 447.5 449.9 453.7 458.3 462.5 467 472
359.2 358.3 357.2 356.3 355.4 355.3 355.2 354.6 353.4 352.7 352.3 352.7 357.4 344.2 337.5 336.4 341.2 347.9 348.7 349.7 349.3 354.2 363.9 364.9 363.8 353.4 359.2 364.4 369.4 374.9 381 387 396.1 403.1 410.2 412.9 414.4 414.4 415.6 416.8 417.1 417.6 421.6 427.8 432.8 438.1 443.3 447.1 449.5 454.6 462.8 467 469.9 473.4 478.4 483.5 487.1 489.2 490.3 486.4 480.5 472 465.7 459.3 451.5 445.1 443.7 442.5 441.6 438.2 439.9 448.9 452.4 456.2 460.8 465.8 471.8 476.7
360.5 359.4 358.1 356.8 355.7 355.5 354.4 354 352.7 351.9 350.8 349.7 353.5 339.9 340.8 339 336.4 344.5 350.1 354.2 354.6 362.9 364.4 365.5 364.8 362.8 357 364.5 369.6 375.4 382.9 388.3 394.1 399.5 404.5 410.1 411.3 414.6 416.2 417 419.5 422.2 431.8 436.8 442.1 448 454.7 457.4 461.6 468.3 473.4 477.3 481.8 485.8 490.7 493.5 494.3 495.9 494.8 490.5 483.6 474.7 467.2 459.4 451.8 453.9 448.8 444.2 443.7 439.7 440.8 450.1 454.5 458.7 463.9 469 475.5 480.9
361.1 360.1 358.8 357.2 356 355 354.5 353 351.4 351.9 353.2 351.5 346.2 338.6 342 342.1 343.7 340.7 346.5 348.8 356.4 348.4 349.9 365 366.3 365.1 364 363.8 367.9 372.5 380.8 387.2 392.2 396.6 399.8 405 411.8 414.5 417.4 419.7 422 427.8 438 444.9 450.1 455.6 461.9 469.8 477.6 480.2 484.9 488 492.3 496.7 500 501.9 500.6 501.1 497.9 491.7 484.1 476.4 467.3 459 459 454.3 451.4 452 445 442.6 447.9 452.8 457.5 462.2 465.9 471.6 479.5 485
361.3 360.3 358.8 358.4 357.5 356.7 355.6 353.7 353.9 355 355.8 354.1 349.1 344 346.8 344.6 345.5 346.3 342.4 344.3 347.7 348 347.8 351.5 365.6 365.8 364.9 365.5 370.5 373.9 379.1 385.9 389.8 395.8 403.2 412.5 414.9 416.7 419 422.2 426.4 434.5 445 453.7 457.1 462.7 470 482.4 492.2 497 497.8 499.5 502.9 506.8 508.5 509.4 508.2 504.3 500.4 493.8 485.4 475.7 467.4 462.5 458.1 454.7 454.2 453.6 444.2 445.3 452.3 456 460.9 465.4 468.9 475.8 484.7 491.2
363.1 361.4 360.4 359.1 358.1 357.1 356 355.3 355.7 356.7 356.8 354.5 350.4 353.5 359.8 354 348 348.1 347.7 347.2 347.1 346.2 347.7 348.9 362.5 365.4 365.6 366.5 370.3 377.1 380.2 384.9 391.7 396.4 404.1 414.5 417.7 418.6 422.1 426.1 432 441.1 450.9 457.2 463.5 471.2 480.2 492.3 501.8 505.3 508.4 511.4 515.1 517.8 520.6 520.4 516.3 509.7 502.5 495.7 486.9 478.4 471.8 467.9 462.4 459.7 458.3 456.4 445.3 451 455.5 458.8 464.5 468.9 474.8 482.9 491.2 496.7
363.6 362 360.8 359.6 358.4 357.5 356.6 357.1 357.7 358.6 359.2 357.4 351.9 359.5 361.8 358.9 352 350.1 348.8 347.9 348.5 348 348 348.9 353.7 365.3 366.3 366.9 370.7 377.2 382.7 389.6 396.4 398.2 404.4 415 419.7 421.6 425.8 430.4 438.6 446.8 456 463.1 471.5 479.8 490.4 501.2 511.2 516.6 521.6 528.1 531.6 532.2 533.7 530.9 524.4 517.2 508.4 500.4 493 483.9 477.6 472.7 467.4 462.9 461 452.9 448.1 454.8 458.1 461.6 467.6 472.8 481.5 489.8 497.2 502
365.3 362.8 361.2 360.2 359.8 361.4 361.8 360.3 360.6 360.9 360 360.3 354.2 356.8 362.2 359 351.5 350.3 349.6 349.9 349 348.3 348.4 348.6 360 366.3 366.8 367 370.8 380.6 385.3 390.5 398 400.5 405.4 414 421.4 425.8 430.4 435.9 444.4 452.8 462 471.6 480 490.2 501 510.6 521.2 531.8 543.2 546.1 547 548.9 548.2 541.9 533.9 526 515.6 506.5 499.3 491.3 484.6 478.2 472.1 466.1 461.9 450.8 452.5 457.5 460.6 465 470.9 477.5 487.1 496.8 503 506
366.1 366.6 363 362.4 362.6 365.4 363.7 363.6 362.9 362.4 362.3 358.6 354.7 354.9 362.5 361.8 351.9 350.1 350.7 350.9 349.9 349.1 349 348.1 351.3 358 361.6 366.1 372 380.8 386.3 390.6 399.1 404.3 409 414.9 421 428.6 434.2 442.5 451 458.9 470.1 479.9 488.9 500.5 512.7 523.2 535.7 550.4 557.3 563.6 570.8 569.8 563 553.8 544.8 535.3 523.1 515.5 506.5 497.4 490 483.2 476 470.1 463.3 450 454.5 459.2 463 468.1 473.8 482.1 491.6 500.7 506.6 506.9
368.9 369.3 367.1 366.6 366.9 367.3 366.9 367.1 365.9 364.7 363.6 360 356.1 356.4 362.5 362.5 351.6 350.9 351.5 351.9 351.1 349.9 349.6 348 351.1 367.4 360.8 368.6 373.7 381 388 394.6 402.7 407.9 412.5 417.4 424.4 431.8 440.3 448.9 457.4 466.9 478.1 488.2 498.5 509.5 521.8 538.6 553.3 566.3 576.2 585.3 589.7 586.3 576.3 564.6 553.1 543 531.9 521.8 511.9 502.8 494.7 486.8 479.9 475.4 467 457.4 455 461.4 466.1 470.6 476.3 484.6 494 502.7 505.5 504
375.1 373.4 371.1 370.8 372.1 371.9 371.8 371.5 370.1 368.4 365.6 361.5 357.4 360.4 365.3 355 351.6 351.7 352.3 352.9 352.3 351.3 350.1 350.1 351.9 367.3 364.5 371 377 385.4 391.3 397.8 408 412.5 416.2 422.9 429.6 434.8 444.3 455.2 463.7 475.1 486.1 496.7 508.6 521 535.9 554.7 570.6 584.1 596.1 608.4 609.1 599.7 587.4 576.2 561.2 551.6 542.7 530.5 517.4 505.9 497.6 489.9 485.7 479.5 471.6 462.5 457.3 459.1 468.9 473.3 479 489.2 497.7 503 505.5 504.4
379.1 377.9 375.1 377.6 377.5 376.7 376.7 376.3 374.7 372.1 368.5 363.4 358.4 368.1 369.7 358.5 352.9 353 353 353.3 353 352.3 351.1 350.4 349.7 366.9 365.7 372.1 381.8 389 392.9 398.8 409 414.8 420.5 428 434.6 439.8 451.3 461.3 471.6 483.2 493.9 505.6 519.2 534.6 551.1 570 587 604 621.1 622.8 619.3 610.3 597.5 583.5 571.5 564.7 553.9 537.1 522.2 509.2 501.3 495.1 490.4 483.4 475.9 469.3 462.6 458.8 467.2 474.7 483.6 494.1 500.5 505.4 508.2 513.6
383.1 380.7 382.4 383.9 383.6 381.7 381.6 381.2 379.4 375.8 371.1 365.7 360.5 370 371.1 365.3 354.4 354 353.6 353.3 353.4 352.7 351.6 351 351.7 366.9 368 373.4 382 391 395 400.1 409.8 416.4 423.3 430.2 437.3 446.2 458.3 468.8 479 489.8 501.9 514.9 530.5 546.8 562.5 582.6 607.7 627.3 632 632.4 631.5 624.9 607 590.6 584.6 576.1 558.4 540.4 526 514.6 506.3 500.5 494.6 486.7 480.1 475.7 470.5 461.8 466.2 475.1 486.7 497.9 504 508.1 512.4 518.2
387.1 387 387.8 388.1 388.6 388.3 387.4 386 383.4 378.6 374.1 368.1 363.6 369.8 371.8 369.3 355.4 354.7 354.1 353.7 353.7 353 352.1 350.6 353.4 364.5 368.6 373.7 379.6 388.7 395.7 401.2 408.5 419.3 426 432.9 441.5 452.8 465.2 476 486.9 497.8 510.2 523.3 540 556.8 574 598.7 622.4 637.4 642 643.3 644.7 634.6 613.9 592.7 583.9 577 559.8 542.6 529.5 518.9 509.8 503.6 497.4 489.5 485.6 481.6 477.8 469.1 465.8 476.7 488.7 500.8 506 510.3 514.9 522.6
391.8 392.6 393.1 393.5 394.1 394.3 391.8 391.3 387.8 382.2 377.1 369.5 365.9 369.2 372.5 368.6 356.5 355.7 354.7 354.3 353.8 353.4 352.5 351.9 356.3 367 367.8 373.5 380.2 388 396.3 403.6 411.8 422 429.7 437 446.4 458.3 471.2 482.5 493.9 505.7 518.7 532.5 549.6 567.6 587.8 610.6 630.3 644.5 650.9 659.3 649.4 634.4 616.9 593.7 583.5 573.7 562.1 546.5 533.9 523.6 514.3 507.2 500.2 495.5 490.6 485.5 481.6 480.7 466.2 476.7 489 499.9 506.2 511.7 518.4 526.1
396.9 399.1 399.2 399.4 398.9 398.9 397.9 396.3 392 385.8 378.8 371.6 371.3 373.1 373.9 368.9 357.7 355.9 355.1 354.8 354.4 353.8 352 354.3 368.3 367.3 370.3 375 382.1 390.4 399.2 406.5 415.1 423.9 433.3 442.3 452.3 464.7 477.3 489.6 501.7 514 526.4 540.2 559.2 578 598.5 618.5 636 651.4 659.9 657.5 648.1 634 616.7 595.4 585.1 576 562.1 550.6 538 528.4 518.6 510.5 505.8 501.3 495.1 489.7 485.3 485.8 470.9 476.6 486.9 498 506.5 514.6 522.1 529.7
403.2 404.8 404.3 405.6 405.7 404.9 403.9 401.6 395.5 389.3 382 376.3 373.8 373.8 373.5 369.8 357.4 355.6 355.1 355.6 355.1 354.4 352.1 354.9 368.1 367.8 371.8 378.4 384.4 392.5 401.4 409.3 417.7 427.7 437.2 448.2 460.3 472.5 485.2 496.9 509.1 522.2 534.5 549.6 567.6 587.5 607.5 626.5 644.5 656.7 661.7 657.6 652.2 635.1 614.6 599.2 588.3 578.1 563.4 552.8 542.5 532.4 521.7 515.1 512.2 507 500 493.6 492.5 495 475.9 476.5 485.8 496.9 508.5 517.3 526.3 533.8
408.9 410.2 410.7 411.9 412.2 411.3 409.9 406.2 399.7 394.1 386.8 380.8 377.6 374 369 363.6 358.5 357.4 356.9 356.3 355.5 354.8 352.7 355.7 359 368 372.6 381.4 386.6 394.5 403.4 412 423.4 432.7 442.8 454.9 467.7 480.5 492.3 503.4 515.6 530.2 543 558.4 576.4 595.7 614.1 634.7 647.9 656.3 664 665 653.6 635.9 617 602.3 592 576.7 566.4 561.5 548.4 535.2 524.9 520.1 516.6 510.3 503.4 498.3 499.6 501.6 478.2 476.2 484.8 496.8 509.4 520.9 530 536.7
414.8 416.1 417.3 418.6 417.8 417 414.7 412 406.6 399.3 391.3 385.1 381.2 377.7 373.6 369.1 363.4 359.4 358.7 357.2 356.1 355.2 353.4 357.9 361.8 367.6 371.7 379.9 387.6 397.2 406.3 415.8 426.6 437.7 449.1 461.8 474 485.8 497 509.6 522.1 536.9 551.5 567 583.9 602.7 621.6 639.3 650.7 658.7 663.3 661.4 652.9 637.9 621.9 607.3 590.9 578.5 570.3 564.1 550.6 536.7 529.4 524.4 518.9 512.6 506.3 502.3 501.4 498.6 491.3 476.2 484.1 496 510.3 523.8 532.3 538.9
420.7 422.3 424.2 426.2 427.4 422.9 418.7 417.1 413 405.5 394.5 388.8 385.6 381.9 377.3 373.6 371.7 365.3 360.9 358.2 356.8 355.8 353.9 364.6 366.3 370.4 375 382.1 389.5 401 409.9 420.2 431.5 442.6 454.4 468 479.5 490.3 501.5 514.1 529.4 544.4 559 575.8 592.4 609.8 628.4 644.2 657.9 661 660.5 660.4 656.8 643.8 627.4 608.7 591.1 579.9 572.4 560 549.9 537.6 531.7 526.6 521 515.4 510.6 505.9 501.4 496.7 486.8 478.5 482.9 497.7 513.5 525.9 533.5 540.8
427.6 429 431 434.1 433.7 428 425.3 423.5 419.5 408.4 397.5 392.1 389.4 383.7 379.9 377.2 378.9 371.2 361.2 358.8 357.4 356.3 356.1 365.8 370.3 371.5 376.7 384.7 392.1 402.2 413 424.6 437.3 448.3 460.3 473 484.4 495.1 506.1 521.8 537.3 551.8 566 583.5 601 617 634.6 651.6 665 668.4 659.2 659.4 659.9 650.1 631.5 612.8 592.3 578.5 569.6 558.4 548.2 539.1 533.8 528.7 522.7 516.3 513.6 506.5 494.2 488.5 488.5 482.8 487.3 501.9 516.8 528 535.5 542.9
435.2 436.8 439.1 442.3 437.7 434.7 435.5 433.4 424.5 411.2 400.6 394.5 391.8 388.4 384.1 380.9 379.8 373 363.3 359 357.9 355.1 357.4 362.3 368.2 372.4 377.2 387.3 395.7 405.2 416.1 427.8 440.6 452.4 465.4 478.1 489.2 500.7 512.6 529.1 544.5 558.1 572.9 591.6 609.9 625.7 641 656.3 668.2 670.6 656.3 655.7 658.4 648.9 633.3 614.1 592.8 576.6 566.9 557.4 548.7 541.4 536.3 530.2 524.2 517.6 512.2 504 493.1 492.9 491 486.5 495.4 505.8 518.1 530 537.7 544.8
443.1 445 446.6 446.2 444.2 443.6 445.6 440.7 427 414.2 404 397.5 396.6 393.6 389.2 383.9 381.5 376.4 365.5 359.7 358.3 356.5 358.2 363.2 367.9 373.9 379.5 387 397.5 409.1 420.8 432.8 446 456.6 469.7 482.7 495.1 506.8 520.8 536.4 551.4 564.7 580.4 598.5 617.9 634.1 646.9 659.5 669.6 669.1 655.3 653.1 653.8 644.5 630.7 612.8 593.1 575.2 565.5 557.5 550.6 543.9 537.8 531.7 525.5 518.9 510.5 500.5 493.2 495.4 491.9 491 502 510.7 521.7 532.6 540.1 546.6
451.3 453.2 454.8 453.2 455.9 458.2 460.2 447.1 429 416.3 409.6 399.2 400.9 398.1 391 386.1 381.8 374.7 361.9 359.7 357.3 359.2 361.2 365.4 373.4 375.6 381.5 391.4 401.1 412.3 423 435.6 448.7 460.4 473.9 487.7 500.2 513 527.3 543 556.2 570.7 587.2 604.3 624 640.3 652.1 662.3 670.8 670.6 658.1 648.5 646.9 639 623.8 606.6 589.7 574.4 565.2 559.2 553.7 546.8 540.7 534.1 525.8 518.2 505.1 495 496.2 498.3 494.9 494.6 505.9 515.4 526.2 535.8 542.7 549.1
459.8 462.5 465.6 469.7 474.7 477.2 468.6 445.6 426.3 416.4 405.9 403 407.4 400.9 393.7 388.4 383.3 374.5 364.6 359 358.4 360.1 363.2 371.3 373.3 377.1 383.9 393.9 403.7 413.9 424.8 438.1 450.9 464.3 478 492.6 505.2 518.2 533.5 548.1 561.2 576.2 592.3 609.7 626.8 642.7 657.1 665.3 670.3 667.4 654 642.4 636.8 626.7 615.7 602.2 586.9 574 566.7 561.5 556 549.8 543.3 535.1 524.8 513.8 498.1 501.7 503.4 503.7 494.3 497.1 511.8 520.7 530.1 538.7 545.2 551.6
472.3 478.5 482.7 487.5 491.5 487.2 466.1 440.7 426.6 417.1 405.4 407 412.8 402.9 395.3 388.9 382.3 374.8 363.3 359.2 359.6 361.8 364.5 372.2 375.5 380.6 386.6 396.1 405.9 416.1 428 440.3 454.1 468 483.3 497.5 510.3 523.8 538.9 552.8 566.9 580.9 597.8 615 628.5 642 658.8 666.7 668.7 660 646.4 634.2 624.1 615.3 606.7 595.7 584.7 575.6 569.5 563.7 558.3 552.7 545.5 537 523.4 507 502.5 511.4 510.1 507.7 495.8 503.4 515.2 524.2 533 540.9 547.4 553
484.6 493.1 502 507.2 506.5 488.2 460 438.2 426.6 416 406.6 409.1 410.7 401.7 395.4 389.2 383.6 374 359.4 360.8 361.1 363.4 367.9 374.3 377.6 382.4 389 398.2 408.1 418.9 431.5 443.1 457.2 472.2 486.8 501.4 515.5 528.2 543.3 557.7 572 586.8 603 616.5 628.2 639.1 653 662.7 662.5 653 642.4 631.8 622.3 611.9 601.8 593.1 585.4 578.8 572.8 566.7 560.6 554.4 546.9 537.7 518.8 503.9 514.6 516 513.8 512.8 499.2 509.2 519.6 528.5 536.2 542 547.9 553.2
