public/OST50/NN59.asc
ncols 200
nrows 200
xllcorner 250000
yllcorner 790000
cellsize 50
[rows 0 to 34 of 200, columns 0 to 77 of 200]
698.2 694.9 698.8 703.4 706.5 707.1 703.6 705.5 707.1 711.6 715.2 720.8 726.9 734.1 740.5 747.8 755.2 763.3 771.3 780.6 790.1 801.6 809.2 813.6 823.3 828.3 834 841 844.8 851.4 856.4 854.8 848.3 845.3 842.1 836 830 824.5 818.3 814.2 805.8 800.2 797.5 793.1 792.4 791.6 789.1 784.3 776.8 773.1 764.3 758.1 753.4 751.3 743.4 733.2 722.4 716.4 711.4 707.2 705.9 705 704.6 703.6 702.5 702.7 703 703.8 708.6 714.1 719.5 720.1 724.3 723.8 722.7 723 724.2 717.5
698.6 693.6 696.3 700 704.1 704.9 704.8 708.5 713.8 717.2 720.4 727.8 732.6 736.6 743.6 746.7 758.4 762.8 772 781.3 790.4 806.4 812.8 819.9 827.5 830.8 834.6 839.6 847.1 851.8 852.4 850.1 844.5 839.6 834.7 830.3 823.7 816.4 808.7 805.9 798.5 794.9 791.2 789.7 790.5 789.9 785.7 778.9 775.7 770.8 764.7 759.3 759.2 757.7 743.8 731.8 721.5 714 710 706.9 702.3 700 700.1 699.2 699 698.3 696.4 699.1 703.3 709.5 714.9 720 722.3 722.6 723.7 723 717.7 712.9
701.4 697.1 691.2 694.9 696.5 701.3 708.3 713.3 717.8 721.3 726.4 731.6 737.3 739.4 741.9 745.5 754.4 762.7 768.9 783.1 789.5 802.2 810.1 818.3 823.8 829.2 833.5 837.1 846 848.2 846 842.1 839.4 832.6 826.4 818.6 816.4 809.6 800.2 796.4 793.4 790.9 788 787.7 788.8 786.3 780.2 775.3 774.2 771.1 769.6 763.8 762 757.6 745.7 731.9 718.9 711.9 707.5 705.4 700.7 697.2 697.4 698 695.1 693.8 692.5 694 698.5 705.2 713.8 717.6 723.7 721.3 718.9 714.1 710.3 710.6
706.1 700.7 692.8 691 693.9 700.4 712.3 717.3 721.4 725.2 730.9 736.7 740.2 741.2 743.1 746.7 757.1 764.4 767.3 780.7 788.1 798.8 806.2 811.7 818.5 824 829.2 830.7 835.4 836.8 833.8 826.8 822.3 820 813.5 807.7 803.1 798.2 793.9 792.1 789.5 787.4 786.8 786.3 786.2 782.6 779.5 779.1 777.5 776.7 770.9 767.6 761.8 753.3 745.7 729.8 719.2 712.2 706.4 702.8 699.4 697.6 696.9 692.3 691.2 689.3 687.6 687.9 693.2 700.3 706.8 712.2 717.3 709.6 703.7 699.3 703.5 709.8
709.2 703.3 694.2 686.5 689 697.8 715.6 717.7 722.6 728.8 733.5 740.5 740.6 741.6 743.3 746.3 760 762.6 764.8 776.3 783.6 794.3 799.4 804.6 811.4 815.7 817.7 820.1 820.4 821.3 817.9 811.3 805.9 803.3 800.6 793 790.9 790.2 787.6 786.8 783.9 784.3 785.1 786.1 784.4 783.1 782.3 782.3 780.6 779.3 772.2 767.4 760.3 757.9 749.6 734.6 718.8 712.9 703.9 699.5 697.2 696.6 695.9 693.5 684.7 684.9 680.5 681.1 687.3 691.8 696.5 698 697.5 693.6 690.4 693.1 694.8 696.7
714.2 706.9 695.3 688.1 684.4 692 702.8 712.6 722.4 729.3 736.5 738.8 736.7 737.1 744.6 745.8 750.1 755 760 767.5 777.4 785.9 791.3 797.6 805.6 808.2 809.1 804.5 801.3 803.2 797.8 795.6 790.8 789.3 787.3 784.9 783.3 782.1 779.6 779.7 780.4 782.7 782.6 783.9 785 786 785.6 784.8 783 779 774.8 775 769.3 766.4 755.6 733.5 721.4 709 700.7 696.7 696.1 694.7 694.9 691.2 684.1 678.7 675.7 674.7 677.9 681.6 684.3 685.2 684.7 683.4 684.4 688.1 688.7 693.7
712.2 704.6 694.2 683.9 679 685.6 692 702.7 714.5 725.8 728.4 732.2 734.1 733.9 740.7 746.1 749.6 751.2 758.4 769.2 776.8 781.1 786.3 792.8 794.7 799 798.8 793.3 792.5 788.7 788.7 792 788.4 785 782.9 779.3 775.5 775.7 774.8 775.2 779.2 780.6 781.4 782.8 785.7 787.9 789.8 787.8 786 784.5 783.9 776.1 773.6 765.1 751.6 737.6 726.4 706.2 698.6 695.4 693 695.1 690.5 687 680.5 676.5 668.3 670.1 670.9 672 673.4 674.3 674.6 675 678.1 682.7 683.4 686
702.8 697.5 688.9 679.6 673.7 679.4 682.3 689.8 696.6 707.5 717 721.2 725.2 730.2 735.9 740.5 745.7 749.3 756.7 774.8 774.2 774.8 776.3 785.4 782.7 780.4 779.4 779.5 780 779.2 781.5 785.4 786.2 779.8 776.7 775.3 773 767.9 770.4 771.8 777 779.8 779.8 783.2 787.6 794.2 796 795.1 795.8 794.7 789.6 782.1 775.1 764.5 754.1 741.6 728 707.9 697 694.4 691.3 694.3 687.4 683 677.5 670.5 665.2 663.3 664.4 665.5 665.8 667.8 668.3 671.1 675.1 679.7 677 677
697.5 694.3 683.6 674.2 664 671 675.2 678.9 683.4 693.5 702.6 709.6 717.1 724.4 731.7 738.7 742.9 749.9 755.7 762.2 768.3 767 767.9 768.2 767.9 768.6 764.4 761.8 758.7 757.2 764.7 775.4 776.6 774.4 767.5 769.5 772.3 762.1 763 767.3 772.7 777.5 780.3 786.6 795.4 800 803.7 812.2 813.8 806.9 801.8 793.1 785.7 774.2 762.2 744.7 725.2 706.3 696.9 692.8 688.4 686.3 685 678.2 672.6 664.4 661.2 659.7 659.8 660.7 661.8 662.5 665.3 669.1 671 671.6 672.3 672.8
691.2 684.2 675.1 667.2 660.4 663.4 667.8 670.7 675.9 682.9 689.4 701.2 712.8 718.9 724.1 733.6 740.3 748.8 753 758.4 760.9 759.9 759.9 758.9 754.7 751.5 749.3 745.2 744.1 744.3 741.2 751.4 758.6 763.1 760.2 765.4 767.3 754.3 755.1 756 763.2 776.7 787 791.9 800.8 813.7 819 838.3 828.8 819.5 812.6 801.4 794.6 773.3 757.7 746.8 721.4 705.1 700 695.4 685.4 679.5 678.7 672.1 664.2 660.8 656.7 655.3 655.2 657 658 660.9 662.9 665.3 666.2 666.7 667.4 668
691.9 678.8 668.4 661.7 655.1 657.6 659.5 662 666.1 674 681.2 689 700.1 708.3 716.5 725 737.7 744.9 748 746.3 746.5 748.5 747.3 745 736.6 735.9 731.2 726.5 727 731 728.9 728.9 732.1 741.4 746 752.6 755.1 747.8 745.9 749.5 763.4 776.3 789 801.3 817 822.8 825.2 833.1 830 821.5 810.4 793.5 780.8 769 753.7 737 714.9 704.7 700.9 694.8 683.7 676.3 675.2 666.3 660.3 657.1 654.5 650.5 653.4 654 656.4 657.2 659.2 660.3 661.3 661.8 663.9 665.6
684.9 673.9 664.2 656.7 651.8 651.4 654.3 656.5 659.6 668.3 676.4 682.6 690.8 697.9 710 721 733.4 734.4 735.5 732.1 728.9 727 724.6 719.2 714 711.8 707 706.4 703.7 704.1 707 709.6 711.6 717.5 721.9 727 737 733.7 730.9 745.4 761.4 777.3 795.6 810.3 821.7 827.6 833.6 840.2 836.5 820.4 805.1 787.9 772.2 764 748.1 730.6 715.1 705.9 702 695.9 682.5 673.9 668.3 663.3 658.9 655.3 652.1 651.8 650.6 652.2 653.9 653 654.6 655.6 656.9 658.7 661 666.1
673.2 664.7 657.6 652.5 647.6 647.9 649.5 651.8 656.7 663.6 669.2 676.2 682.7 690.3 700.4 711.6 722.6 717.4 717.4 715.7 712.1 706.5 703.3 698.8 696 690.3 686.6 684.7 685.7 685.2 686.3 689.4 692.2 694.9 698.6 704.6 708.6 713.1 727.8 739.1 759.1 775.5 796.5 809.2 820.2 830.8 838.2 841.7 833.9 813.8 796.7 782.5 772.4 763.7 746.2 726.7 716.3 711.9 704.8 692.9 681.1 673.6 668.1 661.1 657.4 653.8 650.6 648.3 644.4 649.4 649.8 650.4 651.5 652.3 651.8 653.4 658.2 663.4
669.5 659.5 655 650.2 645 643.1 645.9 647.3 654 659.3 663.4 669.3 675.6 681.1 685.7 695.6 702.8 701.5 700.2 695.3 695.2 690.5 689.7 686.1 681.2 674.6 670.8 668.8 668 667.8 669.5 674.6 678.8 674.5 678.7 682.1 684.8 706.6 718.2 732.6 754.7 773.1 791 802.7 815.6 829.5 837.7 834.8 822.4 807.6 795 781.5 774.2 762.8 744.2 728.3 719.8 711.3 704.7 693.7 685.3 676.2 668.9 662.1 656.9 653.8 649.7 645.8 643.8 647.5 646.3 646.8 647.9 646.8 647.9 649 653.4 656.6
672 662.8 654.8 649 643.8 638.8 641.2 643.2 648.5 653 657.1 663.1 668.1 674.1 678.1 681.1 685.7 687.5 684.9 677.8 675.8 672.8 673 669.7 664.9 658 656.5 652.4 651 653.1 652.5 654.3 659.4 661.2 661.1 659.7 671.4 690.5 704.9 721.1 742.6 761.4 779.3 791 804.3 816.2 821.6 821.2 814.3 805.2 790.2 780.8 774.9 756.7 740.6 728.1 719.2 710.9 705.2 695.2 686 676.7 674 667.1 657.1 653.6 651 647.7 643.7 642.5 642.3 644.8 642.6 642.3 643.7 644.6 646.6 649
674 663.7 659.4 649 642.8 637.6 637.5 638.3 640.9 644.4 649.4 655.4 660.4 665.2 670.4 673.2 671.3 667 666.3 665.9 663 660.7 658.4 655.6 651.3 645 642.5 637.4 638.1 639.3 636.6 635.2 639.1 641.2 644.7 641.5 652.8 667.6 682 701.9 720.4 742.8 759.4 773.9 785.4 794 800.3 808.6 806.7 799.7 785.6 779.9 774 760.4 739.8 727.5 722.1 714 707.5 698.5 690.9 687.2 681.9 670.7 659.4 655.2 650.7 646.8 642 635.7 637.6 639 636.5 637.5 638.2 638.6 641 644
671.4 664.4 659.5 649.8 639.7 636.4 634.4 634.6 632.3 635.9 639.8 645.7 650.4 654 656.9 659.5 662.7 658 654.7 653.1 650.2 648.2 644.6 641.5 637.8 633.4 630.4 626.2 622.9 626.9 622.5 620.8 623.4 626.8 632.2 625.7 636.6 649.1 664.2 681 701 720 741.1 757.4 768.6 779.6 786.5 791.5 795.1 790.2 784 781.2 776.1 760.3 741.4 731.3 725.7 720 711.2 704.4 702.9 700 690.8 673.8 662.5 657.2 652.4 647.1 640.9 636.4 631.4 633.3 631.9 632.5 633.3 633.9 634.9 638.1
672.2 666.1 659.9 649.9 639.4 634 631 631.1 626.9 627.6 629.3 634.8 639.7 643 645.8 647.5 649.7 650 647.9 641.9 638 634.6 631.7 629 625.1 622 618.9 613.8 614.3 615.8 614.3 610.4 612.1 616.3 617.5 612.8 622.7 635.2 651.8 663 684.3 697.4 718.2 735.1 750.1 762.8 773.1 778.6 781.1 781.5 782.9 782.2 773.7 758.6 740.8 733.8 730.9 726.1 718.5 715.1 711.6 705.9 689.2 671.9 663.5 661.3 653.2 646.4 639.5 634.2 628.9 629.8 628 627.7 628.4 628.4 630 630.6
673.9 666.8 660.7 647.2 636.3 631.9 628.7 625.7 621.9 619 620.5 624.7 629.1 631.4 633.8 635.9 636.6 640 639.5 634.9 630.9 626.1 619.8 616.1 613.6 608.8 610.5 605.4 608.8 600.4 604.6 601.9 602.3 603.6 604.6 599.9 613.9 623.1 635.1 647.4 662 678 696.5 713.8 730.3 743.9 756.2 763.3 768.2 773.6 775.1 773.9 767.3 752.4 742.1 740.4 737.8 733.8 728.3 725.4 718.2 708 687.6 671.1 667 665.2 654.1 645.6 637.5 632.4 626.5 621.7 623.6 624 624.2 622.9 625.8 623
677.5 672.1 659.2 644.7 635 630.2 628.4 621.8 619.4 612.7 610.3 614.4 619.3 622.6 624.9 624.9 626.7 627 631.6 625.5 620.4 615.4 608.3 606.4 601.8 602.8 599.2 598.6 594 591.6 591.8 594.3 594.1 595.2 594 589.9 603.9 608 621.9 633.1 647.7 662.3 676 693.9 710.1 726.7 739.5 748.2 755.9 762 768.7 769.8 762.1 753.7 750.8 751.4 746.8 743.7 736.1 732 723.2 711.9 689.4 673.2 672.6 670.5 653.3 646.3 636.7 629.2 624.7 615.4 619.7 620.1 620.3 619.6 620 619.2
682 673.4 660.5 645.5 636.5 628.6 627 622.9 616.6 609.3 603.7 606.3 609.2 613.4 614.5 615.3 615.7 615.2 617 616 609.8 604.3 599.8 599.4 594.7 597 591.4 588.4 584.8 582.9 584.2 583.5 580.1 586 581.2 581.4 592.8 595.9 609.3 624.4 639.4 651.2 664.5 680.1 693.2 709.6 724.8 736.8 746.2 756.2 763.9 762.2 758.7 754.6 758 761.3 752.6 748.1 744 738.3 731.3 722.6 691.3 675.3 679 673.9 657.7 645.3 635.2 626.4 621.9 616.5 617 617.1 617.8 617.2 612.5 612.8
680.1 672.3 658.1 647.3 636.7 628.9 624.1 620 615.9 607.4 601.3 597.9 601.3 603.5 603.1 604.1 603.3 604.3 603.5 606.9 602.4 597.1 592.8 590.7 588.2 588.7 583.1 580.6 578.2 576.1 577 574.6 571.6 574.6 572.5 572 582.7 586 598.4 610.7 624.1 640.1 654.5 667.1 682.4 697.4 712.5 724.8 737.7 749.2 754.8 757 756.8 755.7 758.7 756.8 752.7 751.1 747.3 742 735.9 720.5 692.5 683.7 682.1 674 660 644.1 634.3 624.7 619.8 617 610.1 614.4 615.6 615.1 610.9 606.3
671.8 663.7 654.6 647.7 638.2 628.8 622.7 617.9 612.2 606.3 595.9 591.5 592.7 593.1 594.5 593.7 592.4 591.7 591.9 594.6 590.2 587.5 583.6 581.4 581.6 579.7 574.4 572.7 569.9 567.7 565.4 563.7 563.3 562.4 563.8 563.3 567.1 576.8 588.3 599.6 611.8 626.3 643 655.4 670.1 687.5 700.7 717.1 730.4 741.7 749.6 751.7 753.7 755.9 756.6 755.9 754.5 753.5 751.6 748.4 741.3 720.8 697.1 689.2 684.2 673.5 662.8 646.3 633.5 623 617.8 614.3 610.7 605.4 612.4 611 609.9 603.8
673.1 663.7 657.4 651.7 640.1 629.6 622.3 616.4 610.8 604 593.7 588.3 586.2 585.1 585.7 585.2 583.6 582.6 581 582 581.9 577.9 574 571.5 571.1 568 565.5 562.1 560.9 556.1 554 553.7 553.4 555.5 554.2 555.2 557.6 566.8 579.4 592.2 602.7 614.3 628.1 641.2 661.6 679.9 693.1 709.3 724.4 735.5 742.8 747.2 754.7 758.9 758.2 755.9 753.8 754.7 757.3 755 748 719.2 698.4 692 684.2 675.5 665.1 648 634.6 621.3 614.6 613 608 603 607.1 607.9 605 600.5
670.6 660.9 659.4 651.9 639.8 630.2 622.5 615.4 608.7 600.9 592.9 588.2 581.6 579.5 578.3 577.9 575.8 573.4 571.8 572.5 574.1 573.8 569.1 566.4 560.8 559.9 561 554.6 549.7 548.9 543.2 544.5 545.6 547.5 546.3 546.9 548.4 560.2 573.1 585.9 596.6 605 616 633.2 653.6 671.2 684.8 700.9 716.2 730.8 737.3 744.7 759.4 759.4 757 754.3 754.9 758.1 757.8 757.9 741.7 709.7 699.5 693.6 684.6 679.3 666.6 650.1 633 620.7 615 611.6 608.8 600 604 602.3 600 597.3
674 662.2 654.9 647.6 637.9 629.7 620.5 614.4 608.2 598.7 592.9 588 583.3 578.9 573.9 572.9 571.5 567.1 562.5 562.8 569.7 566.4 563.5 559.4 553.9 552.5 551.2 545.2 536.7 536.9 534.6 534 538.8 535.8 539 537.3 541.3 552.1 564.5 577.1 589.9 597.3 608.5 622.5 643.3 661.9 677.1 693.3 707.8 721.3 730.6 740.7 749.6 753.5 753.4 750 756.8 756 755.1 746.3 720.7 704.4 701.3 693.4 686.1 682 661.7 650.8 632.3 620.4 614.5 610.3 607.3 602.6 595.5 600.4 598.6 592.3
678.1 666.7 657.1 647.6 635.8 626.2 620 613.2 606.9 601.5 595.3 590.4 586.4 580.6 576.6 573.6 570 568 565.9 555.4 558.2 560.4 556.6 552.4 545.2 547.3 542.5 533.4 530.6 528.7 526.5 522.4 529.7 532.1 530.8 528.9 534.3 543.4 555.6 568.4 580.1 591.7 600.7 616.4 632.5 652.6 668.8 684.3 700.2 711.5 722.1 733.3 738.4 741.7 744.2 747.6 751.2 750.5 744.3 729.9 711.5 705.6 703 691 684.4 671.4 658 644.5 630.6 620.7 613.8 609.1 605.1 601.1 596.1 596.3 594.6 590.6
674.1 670 659.2 646.6 635.7 625.7 619.7 614.4 609.5 603.7 597.7 592.6 587.3 583.2 577.3 574.5 569.7 565.5 562.6 560.7 555.1 544.7 552.8 548.9 543.8 531.4 527.4 527.1 525 518.7 516.8 512.5 515.6 522.7 524.3 524.8 533.8 536.5 549 561.2 574.4 585.8 596.2 611.5 628 643.6 662.3 677.8 692 701.3 710.4 721 729.4 735.5 737.7 739.5 743.3 741.3 731.7 715.5 709.6 705.2 696.8 689.7 680.2 669.2 659.1 645.3 630.3 620.9 615.1 609.6 604 600.4 596.1 591.6 590.7 588.3
670.5 668.6 667.9 649.8 638.7 627.8 621.7 616.4 612.3 606.2 599.5 594.7 589 584.4 577.4 573.9 569.6 564.7 561.9 559.4 557.3 548.6 537.4 533.4 526.9 519.2 511.9 510.1 517.1 515.4 511.2 502.7 510.8 517.3 516.5 519.5 528.5 531.7 540.6 553.1 566.7 578.9 593.4 606.7 623.3 635.7 654.1 670.4 683.3 691.9 700.5 713.3 725.2 729.2 729.9 730.5 732 729.9 719.6 711.3 708.1 701.6 696.2 696.4 690.7 675.5 660.5 644.9 633.3 624.2 615.6 608.5 603.8 599 594.5 592.4 589.6 584.3
663 663.2 656 652.7 646 633.5 625.2 619.3 614.8 609.5 602.8 597 590.9 584.8 578.9 573.8 568 565.5 562 560.1 557.3 551.5 547 541 533.9 526 518.5 502.4 504.9 513 512.2 495.5 506.4 509.7 507.5 518.6 521.3 524.8 538.4 550.3 560.6 574.8 586.4 601.9 617.3 630.2 642.6 660.8 674 682.4 692.9 705.5 714.5 717 717.5 718.1 716.8 714.3 712.1 710.9 707.8 701.7 699.6 696.6 692.2 673.6 659.7 646.7 635.5 626.3 617.3 608.2 601.1 596.8 593.1 589.7 588.8 586.5
655 655.1 652.5 651.8 643 636.9 628.2 621.7 617.6 612.2 605.6 600.2 592.5 587.2 581.2 573.4 567.1 562.8 561.2 559.2 555.7 551.5 545 536.9 531.2 524.1 514.1 508.9 491.5 492.4 501.5 497.5 499.4 503.4 499.5 511.6 510.7 520.1 531 541.1 554.8 568.9 582 599.3 613.6 626.6 637.8 652.1 664.4 673.8 681.3 690.8 696.5 698 700.9 706.4 707 708.8 710.3 709 702.5 700.3 698.5 694.7 687.8 678.7 664.3 653.1 636.8 626.3 615.9 607.2 598.8 593.1 591.4 588.1 584.9 584.3
647.2 648.5 649.3 648.8 647.5 639.4 630.8 625.4 620 613.4 608.4 602.6 595.2 586.9 582 576.4 570.6 564.7 557.8 555 551.9 548.4 543.4 536.4 526.9 518 512.5 502.7 498.3 482.6 483.2 481.8 492.2 489.9 497 504.9 501.9 508.8 519.8 535.7 552.4 564.5 575.9 593.1 607.9 622.1 633.1 644.3 655.2 664.1 672 678.7 685.9 685.6 691.3 696.5 700.7 704 705.8 701.2 698.9 698.3 696.7 696.5 691.1 680.9 667.7 652.6 637.2 626.6 615.8 605.2 598.1 592.4 589 585.4 582.1 581
639.7 641.7 644.5 646.2 646.6 640.2 635.2 629.9 621.5 614.2 609.3 603.9 597.6 591.4 584.9 577.5 571.7 565.6 555 550.5 548.7 544.8 537.6 531.6 525.3 518.1 512.6 502.5 493.2 483.6 474.6 473.2 489.2 480.1 497 500 502.2 500.1 513.4 528.1 543 556 570.7 587.5 603.1 616.8 628.1 637.4 649.9 659.6 666.9 675.7 678.4 679.8 682.9 687.3 692.6 696.2 694.5 694.7 696 696.5 696.7 696.4 690.4 682.2 664.7 646.1 636.7 628.7 616.2 603.3 595.4 590.5 585.8 582.4 579.8 576.4
630 633.3 636.5 642.8 644.1 644.5 641.8 635.1 624.6 616.4 609.8 605.2 599.4 593 585.5 574.5 571.6 563.3 558.2 547.2 545.4 542.3 534.9 530.5 522.5 515.5 506.6 502.1 491.2 481.5 472.9 467.7 477.1 476.7 488.4 491.6 489.3 497 508 522.2 537.2 552.5 565.1 581 596.1 611.6 624 635.8 647.9 652.6 660.6 674.3 672.8 674.2 677 680 683.1 684.4 687.8 690.4 692.2 693.3 694.1 692 685.3 674.2 655.3 640.8 635.5 629.5 613.6 601.4 592.7 588.1 583.6 579.8 575.8 571.3
620.1 624.9 627.1 632 637.9 647.9 650.1 639.3 626.9 616.7 611.4 605.9 600.2 593.4 586.1 578.2 570.4 564.4 556.8 546 540.1 538.4 529 524.3 518 511.5 507.3 498.3 491.9 480.5 470.1 463.6 466.7 468.3 479.3 479.3 478.4 488.9 498.6 514.1 530.7 545 559.5 575 589.5 604.5 620.1 628.6 641.9 648.7 653.3 661.6 662.9 663.6 666.8 669.1 672 675 680.4 683.7 686.3 689.7 688 683.4 672.4 656.1 644.1 638.6 633.8 628.1 615.9 602.3 591.7 585.6 580.6 575.1 569.7 564.7
