public/OST50/NN59.asc
ncols 200
nrows 200
xllcorner 250000
yllcorner 790000
cellsize 50
[rows 35 to 69 of 200, columns 0 to 77 of 200]
606.8 613.9 620.3 624.3 630.8 637.3 634.6 630.9 623.5 616.4 612.2 606.4 598.9 592.9 585.6 575.4 570.7 562.9 556 540.7 534.1 533.1 527.4 519.8 514.3 508.6 505.7 500.9 492.3 480.7 470.5 461.5 453.1 461.2 468.6 471.2 471.7 481 491.6 504.8 520.3 536.7 553.1 567.3 582.5 598.1 613.1 621.2 631.5 640.9 644.4 647.4 650.1 651.3 657.2 660.2 663.5 668.2 674.4 676.4 679.6 680.2 679.2 667 649.2 643 640.7 636.7 633 625.5 613.8 598.8 589.4 583.3 573.8 569.4 563.8 558.5
590 598.8 607.7 613.4 617.8 623.8 625.7 624 619.8 615 609.8 603.7 596.9 590.1 581.6 573 567.4 561.5 551.1 544.9 528.8 523.6 522 512.4 511.6 507.8 502.4 496.2 490.2 479.9 469.1 460.3 450.5 448.2 460.4 461.2 467.6 475 484.5 498 513.2 530.2 544.5 559.2 574 586.9 603.5 610.3 619 627.4 632.7 636.9 640.5 644.7 650.3 655.3 660.5 663.3 668.2 669.4 668.3 668.2 661.5 649.2 641.2 640.7 639.7 635 631.2 623.2 610.8 596 585.6 578.5 571 563.5 557.6 552.2
575.5 580.2 587.8 597.5 606.1 615.6 620.8 619.5 613.3 609 604.9 597.6 593.2 586.1 579.5 571.9 560 558.2 550.4 540 532.1 522.3 517.6 511.6 505.6 503 501 491.4 484.2 479.6 469.8 462.2 449.8 442.7 451 456.5 462.3 469.4 479.1 490.3 504.9 518.4 534.8 551.7 565 576.4 587.8 598.4 606.9 615.6 622.9 625.5 631.2 637.3 644.2 649.6 655.7 656.7 659.8 658.5 654 652.9 645.7 638.7 637.3 638.4 638.6 634.2 630.3 619 606.9 592 583.2 573.9 565 557.3 552 546.3
564.1 568.9 575.2 584.1 597 607.6 615.9 617.7 614 606 600.3 594.8 587.3 581.9 575.6 568.4 556.2 549.9 543.3 534.8 526.4 519.3 506.6 509.5 501.5 496.4 496.8 491.1 478.7 473.8 461.3 456.9 449.8 442.9 441.1 450 454.9 461.5 470.8 481.1 494.4 510.5 524.5 540.6 559.3 568.7 578.5 588.9 596.1 604.5 610.8 616.7 622.9 629.4 633.3 638.3 643.2 647.2 646.9 649 645.4 637.8 634.5 632.7 635.4 641.7 635.1 631.6 623.5 611 603.4 597.1 589.7 582.5 566.1 556.7 547.9 542.6
547.9 551.1 562.4 574.5 583 597.6 607.5 614.9 611.9 604 599.5 589.3 581.2 574.5 567.1 563.4 551.6 538.1 536.9 530 520.7 515.2 508.9 498.6 497.9 486.7 490.5 485.4 480.3 466.9 464.1 452.5 447.1 441.3 435.3 444.7 450.2 457.2 464.6 474.1 485.4 499.6 515.9 529.6 544.2 556.9 567 576.6 585.4 592.5 600.8 607.6 614.1 620.1 625.5 630.6 630.3 629.1 629.9 629.9 628.9 629.6 626.5 626.5 630.5 627.8 626.3 621.4 617.6 613.5 609.4 603.2 598.9 587.1 568.6 555.3 544.9 538.5
561.5 545.3 547 559.1 571.1 584.4 596.2 607.2 614.2 609 602.9 598.5 588 580.3 569.3 556.6 544.8 535.6 525.4 524.4 516.5 510.3 505.3 498.7 488.1 488.7 478.8 480.5 476.6 469.3 454.2 449.3 441.7 437.2 433.2 437.6 444.9 452.1 457.8 467.7 478.4 491.8 505.2 520.4 532.1 545.2 555.8 565.4 575.8 583.2 593.4 597 601.8 606.5 612.1 615.7 614.2 616.2 618.6 619.6 622 624.5 620.9 619.5 618.4 620.4 622.1 625.5 623.5 620.3 616.4 616.2 607.7 591.2 570.7 553.7 544.6 535.5
578.9 562.1 544.3 539.8 556.3 570.6 584.6 598.5 613.7 621.5 617.4 608.6 597.6 584.4 569.2 555.1 545.4 534.2 523.8 518.7 513.4 508.2 501.1 495.6 483.7 479.9 478.9 469.2 469.8 464.9 456.5 447.1 438.3 433.3 429.1 431.4 442.2 448.1 453.3 461.7 471.8 483.1 497.3 510 523.8 535.5 545.3 554.5 565.4 572.7 579.7 586.2 591.2 596.5 600.2 606 604.7 608.6 611 612.8 616.4 617.9 612.2 609.5 612.2 615.9 621.1 626.4 632.9 627 627 624.9 615.3 597.2 571.5 556.7 545.1 535.3
593.1 580 560.9 540.4 541.8 558.8 573.9 585.5 599.5 609 621.8 615.5 599.6 583.7 568.9 553.4 540.1 528.2 518.8 510.7 503 503.4 497.2 488.9 483.6 478.7 465.8 468 463.7 458.9 452.8 445.1 435.1 431.5 428.8 423.9 437.1 442.2 446.8 453.8 464.8 476.6 488.6 500.6 514.5 525 535.4 544.2 553.9 562.5 569.1 577.7 581.8 587.6 591.7 594.6 597.7 600.1 602 603.2 605.1 604.5 604.2 605.1 610.3 615 618.7 628.8 638.2 633 634.6 629.6 620 597.1 576.8 558.6 542.4 531.5
596.5 587.4 576.1 557.1 535.8 542.8 559.3 572.8 583.6 592.6 598.3 601.2 588.6 581.3 562 548 532.8 519.9 512.9 507 497.5 491.6 490.7 484.7 480 475 469.9 457.6 451 455.3 447.3 438.7 432.1 429 426.3 422.5 429.6 436.9 441.6 447.8 456.7 466.3 479.8 491.7 502.9 515.4 526.5 535 545.4 553.3 561.6 567.1 573.6 580.2 583.5 586.8 586.4 589.3 591.7 594.6 598.6 598.5 598.3 600.5 604.8 610.2 612.8 620.3 631.1 631.2 637 632.6 622 600.1 586.5 566.7 545.1 529.4
599 588.6 578.3 568.4 548.5 532.2 545.5 555.8 567.8 574.4 577.4 574.6 572.1 561.9 549.3 538.8 529.1 514.1 506.6 503.7 495.9 482.5 482.1 479.6 474.2 470.1 465.7 462.8 454.9 439.9 440.1 434.7 427.3 425.3 423.8 421 424.6 431.7 435.6 440.8 451.9 459.4 469.3 482.3 494 507.9 519.1 527.2 534.7 545 554 558.4 563.6 570.6 576.6 579 578.7 581.1 584 586.7 589.2 591.5 592.4 595.1 596.5 603.8 606.7 616.4 623.6 630.4 635.2 631.3 619.2 597.2 582.3 564.6 542.8 527.1
599.4 589.4 579.2 569.5 556.6 535.9 528.4 540.1 548.5 557.2 560.6 560.6 556.6 550.4 538.1 529.1 517.4 509.2 498.9 493.4 488.9 481.6 472.1 474 471.1 466.4 462.2 457.4 453.1 447.6 436.4 429.3 425 422.4 420.7 415.8 420.7 427.7 432.4 435.2 444.5 452.8 462.5 472.9 485.8 499.2 510.5 519 527.9 536.6 544.7 551 557.6 564 567.8 568.6 569.9 572 574.3 579.9 582.8 583.4 584.7 587 589.9 594.5 601.3 610.8 618.8 624.1 630.9 626.3 619.7 600.5 574.8 551.9 536.1 521
601.3 590.6 579.6 569.2 559.6 544.2 519.8 522.6 527.8 542.4 543.4 543.8 542.1 537.6 528.9 518.5 511.9 504.8 496.8 489.2 480.8 476.9 472.2 468.4 466.9 463.5 456.9 452 448.5 442.1 436.2 426.3 422.3 419.2 416.9 412.2 416.3 421.8 427.5 432.4 436.3 446.6 454.9 466 478.7 486.9 499.2 509.6 520.2 526.9 536.5 544.5 549.4 556 557.6 561.1 563.1 564.6 567.3 572.2 573.7 575.7 574.8 577.7 580.9 590 600.2 610 615.8 621.4 624 623.7 613.8 590.9 567 542.9 530.7 515.6
596.6 587.8 577.5 566.8 558.3 550.7 536.6 510.3 519.5 523.7 524.4 530.9 527.2 524 517.5 511.2 507 498.5 491.5 485.4 477.8 472.4 468.3 458.5 459.7 458.1 453.6 446.6 443.2 438.2 428.7 424.5 420.4 416.5 413.5 412.3 410.2 416.7 423.1 428.3 432.3 439.4 447.2 458.1 466.4 479.7 488.3 500.9 511.3 518.5 527.4 534.6 541.4 547.5 550.5 554.5 555.8 558.5 560.9 562.9 566.2 567.1 568.1 572.7 576.5 584.4 598.6 607.7 613.8 622.5 622.9 612.6 590.7 572.6 553.8 531.3 520.2 505.6
598.9 585.3 572.8 564.1 557.2 550.3 529.3 515.4 504.9 514.9 519.4 518.7 521.2 515.8 510.8 506.2 500.6 494.2 487.2 479.4 473 466.2 464.1 461.3 453.1 449.5 448.7 444.1 437.7 432.1 426 419.2 416 414.5 411.3 410.4 406.4 408.5 416.4 422.8 426.9 433.3 441.7 449.4 458.1 470 480.7 488.8 500.9 511.6 517.8 526 532.4 537 542.3 547.3 549.4 550.7 552.8 555.5 557.8 559.5 561.4 566.2 572.2 577.8 591.5 599.5 611.7 614.9 615.3 603.1 586.5 563.1 536.8 518.4 506.8 495
603.6 590.8 576.7 564.9 554.9 542 536.6 522.6 494.5 502.9 513.9 513.5 512.7 514.6 507.1 501.3 495.2 490.2 484.9 476.8 470 465.2 461.7 454.5 454.5 449.1 437.7 439.6 434 427.4 421.8 417.9 413.4 410.8 409.3 407.6 406.6 403.5 411.7 415.6 420.7 427.5 434.6 441.1 449.5 460 471.1 480.2 491.2 500.9 510.3 517.3 521.7 528.6 533.5 536.8 540.3 545.1 548.2 551 551.4 553.6 554.7 559.2 568.6 572.7 577 590.5 598.6 598.5 598.2 591.9 577.9 547.4 525.9 509.1 496.1 490.7
604.7 591.5 576.4 562.4 548.7 541.3 534 525.3 504.6 487.7 495.3 514.8 509.3 509.8 508.5 504.1 499.8 494.7 484.1 475.9 469.2 464 457.7 454.6 449.5 439.7 438.9 428.8 430.3 425.2 418.8 414 409.6 408.2 406.5 403.2 404.1 398.8 404.1 408.5 414.7 420.8 427.9 434.4 443 451 459.2 471.7 480.7 491.3 499.4 507.3 513.8 519.4 523.3 528.4 533.8 537.2 540.6 544.9 545.3 547 549.4 554.4 562.3 565.7 569.3 575.4 581.9 585.4 578.9 576.6 548.5 529.8 514.2 499.8 491.6 484.7
608 590.4 575.2 562 549 534.9 528.1 523.1 514.8 498.4 486.1 491.8 507.7 500.3 500.1 497.9 494.9 489 482.7 475.7 466.7 460.7 455.4 451.4 446.3 442 432.3 429 422.3 421.7 416.3 410.3 408.2 404.9 403.6 400.6 401.4 397.2 398.7 402.6 409.5 416 422.5 428.5 434.9 443 451.5 460.7 471 480.7 490.2 497.2 504 511.4 515.5 521.6 527.5 530.3 533.2 535.9 538 541.9 544.1 545.2 552.5 556.2 560.3 566.2 568.7 570.4 559.1 548.9 528.5 514 503.5 493.8 485.8 481.3
605.4 587.8 573.3 558.2 542.6 533 524.1 520.4 514 501.6 485.6 479.8 494.9 497.7 496.5 496.8 495.1 487.2 480.4 468.2 467.1 458 451.6 448.4 444.2 437.3 432.8 427.6 421.6 416.8 411.4 408.5 405.2 402.8 401.2 399.1 399.2 396.6 394.9 399.2 404.8 411.2 417.3 422.9 429.1 436.5 443.8 454.3 463.7 470.9 478.7 487.8 494.6 501.8 507.6 512.2 515.9 519.9 522.8 527.2 530 537.9 536.1 537.1 540 543.6 547.5 554.4 554 552.4 538.6 527.7 514.5 504.2 497 489.3 484 477.4
599 581.6 568.4 553.5 540.3 529.1 522.5 513.7 511.5 503.1 491.5 480.3 477.4 487.7 487.7 490.5 491.5 483.8 477.3 472.5 463.7 455.3 449.8 444.9 441 436.9 434 429.5 422.6 417 411.7 407.4 403.5 400 398 396.7 396.8 391.4 393.4 396 399.6 405.6 410.9 418.4 424.8 429.9 437.2 446.2 454.8 462.5 469.8 476.4 483.4 488.8 495.5 500.9 504 509.7 514.8 518.4 522.3 525.2 524.5 528.5 533 537 540.9 540.1 534.9 529.9 519.7 512.8 505.7 497.7 491.7 485.7 480.1 477.3
592.1 578.6 564.1 551.4 539.9 529.5 521.7 513.7 506.2 498.9 491.1 487.9 477.5 471.8 478.1 477.9 476.4 479 473.2 470.4 464.4 458.3 450.9 444.9 439.8 435.6 432.8 427.8 422.1 416.9 411.2 407.3 402.8 398.9 396.5 394.3 392.9 388.1 390.3 393.3 395.3 399.8 405.4 414.9 419.3 424.6 428.9 438.6 445.9 453.4 460.2 464.4 472.4 477.7 482.9 488.1 494.2 497.9 502.5 503.2 509.8 512.9 515 519.2 523.4 526.3 528.2 527.6 524.1 515.2 508.5 503.7 498.2 493.1 486.9 481.4 478.6 475.8
588.9 574.8 561.3 549.2 541.6 531.3 520.8 511.2 505.4 501.1 492.5 487.5 482.2 473.5 466.8 467.2 468.7 470.7 472.2 463.7 457.8 454.7 446.5 443.3 436.9 432.4 430.6 427.2 422.2 418.2 412 406.7 402.5 398.2 395.2 393.2 389.2 386.9 388.7 390 391.2 393.9 396.5 405.5 412.5 419.4 425.1 430.7 439.5 445.4 451.3 455.2 458.5 464.6 469.3 474.5 480.8 485.9 488.2 493.7 499.7 501.9 505.2 509.2 511.1 512.3 514.2 512.9 509.9 504.3 500.6 497 493.5 489.9 482.9 476.8 472.1 468.8
589.9 575.7 563.2 553 543.9 535.2 528.6 519 510.8 502.5 495 487.2 481.8 474.7 468.3 463 459.6 458.7 458.3 460.2 458 450.6 444 436.6 432.2 429.9 427.6 425.1 421.2 416.9 411.9 406.7 403.5 399.9 397 394.5 390.9 386.2 383.9 386.4 388.7 390 392.2 396.3 403.3 412.7 419.4 424.3 432.2 437.2 441.8 444.2 450.7 455.6 458.9 461.8 465.4 470.1 471.8 480.5 485.3 489 497.4 505 507.6 506.1 502.1 498.8 496.7 496.8 494.9 493.7 491 486.1 481.7 474.2 467.6 463
590.4 576.9 567 558.2 552.9 544.8 535.8 526.9 517.7 507.6 497.5 488.3 480.8 475.3 467.2 459.5 457 453.8 456.6 457 448.7 443.1 441.5 436.2 430.3 427 425.2 421.7 418.6 415 413.1 408.8 404.8 400.6 398.8 396.3 392 387 382.5 382 383.4 387.4 389 390.6 394.8 404.4 412.3 417 425.3 429.7 434.9 432.5 442.1 446.6 450.7 452.6 454 458 464.8 467.6 474.2 477.9 484.5 489.4 492.3 493.6 492.9 491.2 492.3 494.7 494.7 493.5 489.7 486.8 482.2 472.1 465.2 462.8
591.4 578.3 574 570.4 569.9 560.5 549.5 538.1 525.7 513.7 502.3 491.6 482.3 474.7 466.7 459.6 452.7 450.3 451.1 456.4 446.9 444.5 437.9 431.7 428.2 424.2 420.5 418.1 414.8 412.7 409.1 407.1 403.8 401.2 399.2 398.5 396.6 389.4 383.3 380 381.8 385.1 387.7 389.9 392 396.4 404.4 409.4 415.1 423.1 424.1 430.5 435.4 438.1 442 444.3 447.5 452.9 456.2 458.7 460.3 464.3 471.1 474.9 473 476.5 484.7 490.9 493.9 494.7 494.8 492.6 491.7 487.4 479.6 472.9 464.1 460.9
588.5 582.6 582.2 589.2 589.4 579.2 568.7 555.9 544.7 526.7 513 500.3 487.9 477.5 467 460.6 453.1 445.9 444.8 451.7 445.4 436.8 430.9 427.4 422.3 420.2 418.7 414.9 412.2 409.7 407.5 405.2 402.1 400.3 398.6 396.7 395.1 388.8 386.6 377.2 378.8 384.1 387.9 390.7 392.7 395.5 398.4 403 406.9 415.8 415.9 424.9 427 432.5 436.2 436.2 441.3 445.3 445.1 448.4 453 454.7 463 468.9 476.6 482.2 487.6 491.2 493.7 494.7 495.1 495.4 492.7 488.6 480.2 472.7 464.9 460.6
584.2 586.8 591.1 599.2 592 586.3 578 566.5 555.5 541.2 522.6 506.5 491.4 477.6 464.3 456.8 450.5 443.7 438.5 437.9 435.9 433.1 428.4 423.4 420.2 416.9 415 411.8 409.6 406.5 403.2 401.2 401.2 397.4 395.2 392.3 391.2 387.8 386.7 376.8 377.2 386.6 388.4 390.5 392.4 394.3 396.6 399 401.9 405.4 411.9 417.3 421.6 426.4 424.5 432.8 429.4 436.5 437.4 444.7 448.6 453.5 461.6 469.6 475.2 480.5 485.6 490.3 494.9 496.4 499.5 502.6 497 489.4 478.2 468.9 462.3 460
584.3 584.8 590.5 594.5 595 591.3 582.1 571.3 558.9 543.4 523.6 506.3 492 479.3 466.2 458 448.2 442.3 429.8 434 430.7 426.4 422.7 420 414.3 411.8 411 406.7 404.9 401.6 399.3 397.7 396.3 394.1 391.8 389.6 388 384.5 382.2 373.4 382.3 385 386.5 388.2 390.5 392.8 394.5 398.3 401.5 403.2 406.7 412 415.7 418.3 416.3 420.1 429.9 436.1 439.3 441.4 447.1 452.4 459.6 466.5 473 479 483 488.4 494.5 501.3 510 510 498.4 487.4 477.9 466.6 460.6 457.8
580.1 581.6 580.9 585.5 586.4 583.9 575.4 567.5 556 539.1 525.1 510.4 496.6 484 469.8 457.7 448.7 443.8 429.3 423 430.1 419.8 417.7 414.6 411.4 405.6 406.2 404.3 401 398.9 396.4 394.6 393 390.4 388.2 386.2 383.5 383.1 379.1 371.4 378.8 381.6 382.4 384.4 390 394.4 394.9 396.3 398.5 400.6 402.7 405.5 409.7 410.8 416.7 422 428 431.2 432.3 438 444.5 450 458.9 463.9 470.4 475 479.7 486.3 493.2 505.6 514.9 511.3 498.9 483.6 471.2 462.2 459 454.5
569.8 572.6 571.1 574.4 577.3 576.2 573.3 566.1 560.7 547.8 532.3 520.2 506.2 490.9 478.9 462.8 450.5 442.5 436.8 415.5 418.4 413.3 412.1 411.6 409.6 405.8 398.8 397.7 396 396 393.6 391.4 389.6 387.1 384.6 382.1 378.7 380.1 375.6 369.3 375.5 377.2 377.8 383.2 388.6 394.8 395.9 397 397.8 399.7 401.9 404.3 405.8 410.9 413.4 417.8 419.9 424.6 426.8 432.4 440.3 447.4 455 459.6 466 470.7 476.3 483.2 494.7 507.7 520.3 513.6 498.9 481 469.9 458 455.7 453.3
553.6 558.7 563.6 567.6 573 574.3 574.2 574.1 567 562.2 552.5 535.6 516.5 494.7 486 468.8 452.5 441.2 440.6 417.9 409.1 409.5 408.7 408.6 407.2 402.3 396.6 392.2 391.8 390.3 388.8 387.5 384.5 382.8 380 377.4 374 372 370.2 368.1 371.7 373.2 377.2 382.4 387.3 393 396.1 397.7 399.1 399.6 401.4 401.8 404.6 407.2 408.3 411.4 415.7 419.6 422.9 427.2 433.6 441.3 448.1 454.1 459 466.2 472 481 490.7 500.4 510.3 508.8 491 477.7 467.3 456.2 451.9 445.9
549.5 553.9 559.3 565.6 569.9 574.3 578.5 586.2 585.8 583.3 578 551.8 523.9 498 487.4 465.4 446 432.7 431 413.8 403.8 408.4 407.5 407.3 407 403.4 392.3 388.9 386.9 385.5 383.6 383.4 381.7 378.7 376.7 372.7 369.8 368.1 363 368.3 368.2 372.7 375.6 382.5 388.8 391.8 394.6 397 398 398.5 399.2 400.7 400.4 402.5 404.1 406.6 410.4 414.3 417.4 422.9 427.1 436 441.2 449.5 455.1 459.8 466.4 475.1 484.8 490.7 492.6 488.4 481.4 468.8 463.3 453.2 448.6 441.5
541.8 548.9 556.7 565.2 572.5 583.6 594.1 592.2 593.1 595.2 583.8 552.6 530.9 499.7 484.8 461.6 441.6 427.6 418.1 411.4 399 403.1 406.4 405.1 403.2 394.3 391.7 387.1 383.8 381.9 378.8 377 376.8 375.2 371.4 369.9 367.6 364.4 362.3 364.3 366.8 370.3 374.7 379.3 387.1 390.4 393.3 395.6 396.9 397 397.6 398.1 397.1 398.2 399.5 403.1 406.7 410.5 413.4 417.9 421.8 426.9 433.4 440.3 446.8 453.7 459.3 467.2 475.4 482.7 483.2 479.4 470.9 464.4 458.2 449 442.7 436.9
536 543.9 555 564.2 577.7 593 594.5 594.8 590.5 583.6 569.3 550.1 522.4 501.8 481.4 454.3 438.2 425.6 415.1 404 397.2 400.2 404.2 402.8 399.2 392.2 387.9 382.9 379.5 377.4 376 374 372.9 371.1 368.1 365.8 364.4 359.9 360.2 363.8 366.3 368.7 372.9 377.8 381.6 385.7 390.4 393.8 395.6 395.8 395.8 395 394 395.2 395.1 397.2 401.8 406.3 410.7 414.1 418.4 420.9 422.4 428 435.2 443.2 451.3 457.9 466.4 470.5 472.6 469.7 462 456.7 452.1 447.6 439.8 432.4
527.9 537 547.4 564.1 577.3 588.7 594.1 579.7 577.9 571.7 554.4 532.7 510.7 488.4 468 451.1 438.8 426.5 412.6 400.3 393.4 390 400.9 397.2 388.2 383.8 381.9 379 377.4 374.5 372.5 371.8 369.6 367.6 365.9 364.2 362.7 355.7 359.5 362.4 365.5 367.5 370.3 375.7 378.7 382.7 387.8 390.4 392 393.1 393 392.5 392 392.2 391.8 392.5 394.3 398.8 402.2 406.4 408.6 412.1 416.4 420.5 426.3 432.6 439.4 446.1 452.9 458.1 457.8 458.1 449.8 449.5 443.8 440.8 438.9 428.1
525.2 534.1 547.5 564.1 579.1 585.3 585.6 578.2 575 567.5 551.3 523.1 494.5 476.4 462 449.8 437.5 426.4 412 399.2 393.4 387.5 387.7 387.9 386.5 380.3 378.7 376.2 373.9 372.3 370.7 370.4 367.6 365.8 364.2 363.1 361.5 356.3 357.8 359.7 362.9 366.2 368.6 374.2 377.1 381.5 383.2 386.8 387.4 389.2 389.4 388.5 387.6 387 386.2 385.5 386.5 391.2 395.1 398.4 401.9 405 409.6 415 419.4 424.7 432.2 436.3 439.4 443.8 442.9 442.9 440.9 438.4 434.3 429.1 428.3 418.8
