public/OST50/NN63.asc
ncols 200
nrows 200
xllcorner 260000
yllcorner 730000
cellsize 50
[rows 35 to 69 of 200, columns 0 to 77 of 200]
496.3 485 475.1 466.8 462.6 463.1 459.5 456.9 455.2 457.1 456.5 455.9 458.6 461.5 461.3 468.6 474.9 471.2 472.5 471.3 470.8 471.5 463.5 470 481.5 486.8 488 492.3 493.7 496.9 499.4 500.8 505.5 507.8 510.8 512 513.4 511.5 509.9 509.9 509.8 503 495.3 485.9 469.6 461.5 456.4 452.8 448.9 439.7 426.9 423.1 418 413.1 409.4 410 406.5 405.5 396.4 388.3 380.9 374.7 367.3 360.2 355.6 347.5 342.1 340 327.8 328.9 325.6 320.3 316.9 313 311.2 307.6 304.5 303
504.5 496 483.5 470 462.4 459.9 459.8 457.3 456.1 454.5 457 453.6 455.5 456.1 455.9 457.8 458.3 459.7 461.9 462.8 462.8 461.5 453.3 470 475.8 475.4 478.5 481.7 484.7 486.5 486.2 491.2 493.9 495.8 496.7 497.4 498.3 498.1 495.4 488.8 485.5 485.3 471.5 458.4 448.9 444.9 440.3 436.3 429.7 422.3 418.3 411.5 403.7 400.7 399 394.6 387.5 383.5 378.8 373.2 368.9 361.5 350.1 346.4 340.3 334.8 331.3 325.7 320 315.9 316.9 314.8 309.9 308.4 304.1 301 295.6 293.8
510.5 500.5 488 474.8 464.3 460.7 461.1 461.1 456.7 456.3 449.8 450.4 450.4 449 448.6 449.9 450.4 451.6 454 455.3 453.8 448.4 453 463.1 463.8 466.4 469 471.5 473.3 473.3 474.9 476.8 477.7 480.7 482.1 482.9 482.9 483.5 481.9 472.9 464.6 455.3 447.2 437 434.6 430.2 425.1 418.6 413.1 408.9 408.2 398.7 392.2 387.4 388.8 379.2 367.1 367.5 364 355.3 352.2 345.8 339.2 335.7 327.5 324.2 320.2 317.2 315.1 312.2 306.9 305.1 302.4 302.6 299 292.5 288.3 286.3
512.6 498.3 483.8 476.7 471.1 464 460.8 460.2 457 454.3 448.3 442.8 442.6 444.3 443.7 442.6 445.2 445.1 446.7 446.7 445.4 440.5 449.9 452 454.7 456.9 458.3 461.1 462.2 461.5 463.9 463.6 465.1 465.9 466.8 466.8 467 464.6 460.7 454.7 448.9 439.5 431.7 423.9 421.7 417.7 413.9 408.5 400.4 396.1 389.9 387.4 381.1 372.2 373.3 366 356.7 346.8 342.8 337.3 336.1 332 323.6 320.7 317.3 319 312 313.4 306.2 301.6 299.2 298.1 299.1 292.6 290.9 286.8 285 283.1
503 493.8 482.9 473.4 470.9 463.5 459.2 458.1 454 454.5 452.4 448.5 438.9 434.3 434.8 437.2 436.6 436.5 436.5 438 437.6 436 441.5 443.2 446.8 448.4 450.4 453.6 454.2 453.3 453.5 451.9 452.9 453 453.3 451.8 448.3 448.4 443.9 442.6 435.6 424.5 416 410.1 407.3 408.3 400.7 394.6 388.6 384.9 383 375.3 371.5 361.2 359.5 353.4 345.7 332.8 322.8 322.9 322.2 318.7 314.7 312.8 309.2 309 308 301 297.9 298.4 293.4 290.3 291.8 287.9 283.9 281.7 278.3 277.5
499.5 492.2 481.8 469.7 462.9 464.3 458.8 455.5 453 451.5 445.9 445.2 439.7 436.9 430.3 432 434.1 433.7 433.5 434.8 434.1 428.7 437.3 437.9 438.9 439.9 442.3 444.2 445.2 445.4 444.6 443.2 443.2 441.9 441.1 438.8 437 431.7 425.6 423.1 418.7 411.5 402.5 396.9 393.8 391.1 386.6 383.3 379.6 376.2 371.2 365.3 359.8 351.6 342.8 335.2 329.1 326 324 312.2 309.6 309.6 305.1 305.3 304.2 300.8 299.6 294.9 294.5 292.4 288.9 285.4 283.3 282.4 278.8 276.8 273.7 268.2
492.7 482.9 473.1 467.6 465.7 461 458.6 451.8 449.4 446 442.1 438.2 435.4 435.1 431.7 427.5 432.3 431.3 430.8 430.9 429.5 423.7 429.9 431.1 430.8 429.7 430.3 433.1 434.9 435.3 435.8 434.7 433.6 432.6 427.7 425.7 422.3 417.5 412.8 411.1 404.3 394.4 386.1 382.4 379.5 378.5 376.5 373 369.7 363.8 360.6 355.5 347.1 340.9 332 326.1 322 317.7 313.1 307.9 306 301.3 302.1 297.6 294 294.8 292.2 289.7 284.6 282.6 284.1 282.4 278.4 276.3 272.6 269.5 267 267.3
487.1 487.4 484.2 471.9 464.7 459.6 452.5 450.1 448.4 445 439 434.9 432.6 431.9 430.7 420.4 429 428.7 428.3 427.9 427.5 424 415.4 420.5 421.9 419.8 419.8 422.2 424.1 426 427.3 425.1 422.3 418 414 411.7 412.5 415.4 405.1 395 388 380.5 373.2 375.1 371.2 367.3 363.8 363.2 356.7 353.8 350.2 342.5 333.8 329.3 325 319.8 312.9 310.5 304.5 300 299.6 293.3 292.9 288 286.2 284.5 281.9 279.5 279.7 279.3 277.7 276.4 273.7 273.8 268.8 267.3 263 257.9
496.1 492.6 484.8 478.2 470.2 462.3 454.1 451.7 448.2 446.3 443.9 439 432.2 428.4 426.9 419.8 422.1 425 425 424.7 424.1 422 413.8 407.5 411.6 411.1 409.3 411.8 415.9 417.4 417.1 415.6 412.9 408.5 404.9 402 399.4 397.7 391 382.4 375.1 371.2 369.8 360.3 358.7 357.2 356.2 351.9 348.2 342.4 336.9 329.7 323.5 319.3 315.4 307.9 309.6 304.1 300.8 296 293.3 289.3 283.7 282.3 282.9 276.9 275.2 273.8 272.2 272.4 270.7 269.4 269.9 267.6 263.8 260.7 257.4 253.9
503.9 495.9 487.6 480.1 472.2 465.2 458.4 453.8 451.1 448.3 444.9 440.6 433 423.5 422.1 412.3 414.8 419.2 419.6 418.5 418.2 417.2 414.7 410.3 401.2 399.8 401.9 404.7 409.3 411.3 411.3 407 404.3 402.5 396.2 391.9 386.3 379.5 374.8 372.9 368.9 358.4 358.5 350.4 349.1 349.1 347.3 343.3 336.3 331.7 328.3 321.4 314.8 311.5 307.9 303.3 300.8 297.8 294.2 291 292 286.3 277.9 273.5 271.4 270.8 269.3 269.2 268.3 266.6 265.9 263.5 261.7 260.4 258.2 257.6 253.8 250.8
507 497.8 487.6 478.2 473.5 468.9 462.8 457.4 454.2 450.7 447.3 441.9 435.3 426 416.1 413.8 410.7 414 412.9 412.4 412 412.3 410.5 406.7 401.9 392.8 396.1 395.4 397.3 401 400 397.5 394.2 391.3 386.1 382.7 375.7 368.3 362.6 362.5 355.2 348.6 346.6 345.5 340.5 339.5 335.4 331.3 327.1 323.4 319 315.5 312 304.9 301.9 298.8 298.4 295.1 292.3 288.6 284.4 281.9 278.5 269.8 266.2 264.5 262.4 261 260.8 259.3 259.3 256.4 255.4 252.6 247.5 253.3 249.5 246.2
508.5 497.3 487.9 481.9 477 472 466.7 460.6 456.6 452.2 448.1 442.5 435.6 427 414.8 408.1 406.6 408.7 407.3 405.5 407.7 406.3 403 399 394.6 389.6 386.4 389.8 386.9 388.2 387.8 385.2 382.6 379.8 378.6 370.3 364.7 358.1 351.8 349 343.1 343 337.7 335.9 332.1 330 327 325.1 318.5 312.9 309.8 305.8 302.1 300.3 296 295.9 294.4 292.8 288.2 283.6 281.6 278.4 275.7 270.8 264.7 262.7 261.5 260.1 259.1 258.3 257.3 261.4 258.9 253.8 248 244.5 241.9 240.3
508.4 496.8 489 483.5 478.8 472.9 468.9 463.4 457.7 452 447.4 441 433.9 425 412.5 408.4 405.4 401.5 401.1 399.8 399.6 396.5 394.9 391.9 390.3 388.4 381.1 378.7 378.8 378.2 375.9 374.1 371.8 368.1 362.5 357.9 352.3 347.4 344.4 339.5 337 334.8 333.7 328.9 325.8 321.4 321.2 315.9 312.9 310 305.9 304.3 300.4 297.8 294.1 291.3 289.7 287 284.3 279.7 276.8 273.2 269.5 266.8 264.4 261.6 260.4 259.5 261.7 259.4 260.4 260.8 255.9 253.3 249.8 247.5 242.1 237.1
508 498.1 490.8 484.8 478 473.4 468.1 463.9 457.5 451.2 445.9 438.8 431 423.9 415.2 411.6 410.7 406.9 399.9 391 391.2 387.9 387.8 387.5 386 384.2 381.3 368.2 366.2 367.6 366.8 363.7 361.4 358.3 354.6 350 345.8 341 336.4 335.6 332.3 327.7 326.1 319.5 316.5 314.8 311.8 308.6 306.5 303 300.3 298.8 295.2 292.2 289.2 287.1 284.3 280.6 275.7 272.8 269.9 269.9 266.5 263.6 263.6 262.1 264 266.5 263.9 266.2 264.5 258.1 254.4 250.9 247 246.8 245.6 237.8
509.9 500.9 493.5 485.5 479.1 473.3 468.3 462.5 456.6 450.1 441.8 433.7 426.1 420.9 416.2 412.6 408.5 404 398.7 392.2 384.5 380 380.4 380.6 379.1 377.3 374.6 370.4 365.9 354.6 353.2 354.7 353.7 352 348.4 344.9 340.3 336.8 331.7 327.2 325.7 320.6 317.9 312.1 310.1 308.6 305.2 304.3 301.2 297.7 293.7 292.8 290.5 287.3 284.5 280.9 275.6 275 273.3 272.8 267.6 267.2 266.2 265.4 266.9 274.2 278.1 272.6 268.7 267.1 263.7 259.5 257.4 250.2 247 242.1 237.6 235.7
510.8 501.9 493.7 485.7 480.1 472.8 467.4 460.3 454.4 446.2 437.1 428.6 423.6 419.6 416.2 411.8 406.4 400.3 396.4 388.3 382.8 375.5 369.7 368.4 357.8 368.7 365.6 361.6 357.6 353.4 350.3 342.6 346.6 344.6 341.6 336.2 333 329.1 325.4 321.2 318.1 314.1 311 307.2 303.4 302.7 298.8 295.6 290.9 287.1 284.9 283.3 281.5 280.7 276.8 273 272.1 271.9 269.7 269.3 270.5 269.9 272 276.9 290 292.8 284.4 275.8 269.6 267.2 264.7 263.5 258.8 253.5 248.3 244.8 236 233
512.4 502.8 493.9 486.1 477.9 469 461.8 456.7 448.8 439.3 433.2 427.1 421.5 417.5 413.8 409.3 404.5 399.4 393.7 386.4 381.1 377.7 374.4 367.6 353.7 360.7 355.9 352.9 349.9 348.4 344.8 341.5 337.1 337.7 332.2 327.6 325.4 321.8 319.7 315.3 312.5 308.3 304.5 301.5 298.6 293.9 289.7 286.7 284.4 281.2 280.5 278.6 278.8 277.5 273.4 273 272.3 270.1 271.7 274.5 278.5 282.8 286.4 288.1 290.7 293.5 281.6 273.2 269.7 267.1 266.3 264 259 252.5 246.1 241.7 235.7 233.7
510.9 500.1 492.5 483.8 474.8 466 458.1 449.5 444.1 436.9 429.7 426.1 421.9 415.9 412.1 407 401.8 396.4 391.6 387.2 382.8 377.5 374.4 366.9 354.6 354.7 350.1 343.2 341.3 339.7 338.2 334.5 330 324.8 323.9 319.9 315.5 312.9 313.1 310.5 307.7 305.2 298.8 292.1 290.6 287.7 286.7 285.4 283.3 282.7 280.5 279 275.6 273.9 272.7 272.5 274.3 276.6 279.5 281.6 290.2 289.3 287.2 289.3 290.7 285.4 274.8 269 269.5 268.2 264.4 260.9 255.6 245.7 242.8 236.5 236.2 236.2
506.7 498.9 488.8 480.7 473 462 453.7 446.6 439.7 434.8 429.2 423.1 417.8 413.6 409.7 404.6 397.7 392.4 389.5 385.3 380.6 375.4 369.7 362.7 351.6 349.9 345.3 341.7 338.3 334.6 332.4 329 323.2 319.6 316.6 314 309.7 305.9 304.1 304.6 302.8 296.7 292 289.4 290.4 288.2 285.3 284.7 285.6 282.6 281.5 277.7 276.9 276.2 276.1 277.7 278.6 280.8 282.8 282.6 288.8 290.9 283.9 281.8 279.4 275.9 270.1 269.6 268 264.7 259.6 254.6 250.5 244.1 241 242.3 238.7 238.8
503 494.1 487.2 477.4 468 456.1 448.9 442.9 439.3 432.7 425.4 419.7 418.5 410.6 405.8 399.2 393.9 389.4 385.8 380.8 374.8 368.9 361.2 354.1 346.7 343.8 343.3 336.4 334.1 330.9 327 321 317.7 315.9 313.5 309.4 306.2 301.5 297.7 297.5 293.9 292.7 290.7 289.8 286.7 285.4 284.4 284 282 279.4 280 282.6 279.6 279.7 278.6 279 279.6 280.6 282.2 281.3 284 281.2 282 281.4 276.5 270.3 266.5 267.9 262.8 259.6 253 249.4 247.5 244.8 242.4 240.9 240.5 240.3
499 491.4 483.1 473.9 463.9 454.9 449.9 442.2 436.9 430.5 424.6 414.6 411.5 406.9 401.2 396.9 390.7 385.2 378.6 375.1 366.7 360.3 355.8 349.1 343 335.9 334.5 331.8 327.5 326.1 323.1 317.9 314.6 311.1 312 308.2 302.8 297.5 293 292.1 292.3 289.9 286.2 284.7 284.5 282.4 281.1 280.1 280 279.5 282.7 281.2 280.1 280.1 279.4 276.6 278.3 280.1 279.8 278.2 277.5 278.3 273.6 273.7 271.9 265.6 264.2 260.1 255.9 252.9 251.3 250.7 247.2 246.2 242.3 240.3 239.2 240.9
494.4 485.9 479 468.7 460.9 454.9 444.3 439 431.8 423.9 417.9 411.2 405.4 403.8 395.1 392.7 387.9 380.5 374.6 368.8 366 358.1 351.8 347.6 345.7 330.4 328.6 324.3 321 320.2 316.4 314.1 309.3 308 305.2 303.6 297.8 292.9 286.5 286.9 289.1 284.6 283.8 284 281.9 280.4 279.8 279.3 280.1 281 280.5 278.8 279.7 279.6 276.4 275.7 276.1 273.8 273.5 274.7 273.7 271 264.8 266.1 264.6 262.4 259.6 259.7 253.7 252.7 252 247 243.6 243.4 241.6 243.3 243.5 241.9
488.9 478.7 470.5 463 454.7 448 442.6 435.8 430.7 424.7 414.8 408 402.6 396.3 391.6 387.8 383.1 375.7 369.9 367.3 361.2 357 349.3 343 337.9 330 321.5 319.8 315.6 315.8 311.2 309.1 304.2 303.7 297.9 296.6 291.3 288.4 285 282.8 281.3 280.8 279.4 279.6 278 279.3 278.1 280.6 279.3 278 276.8 278.4 276.2 276.8 274.7 272.5 272.4 272.5 271.6 270.8 269.3 269.2 264.2 262.7 261.1 260.2 260.4 260.3 254.3 250.8 246.7 245 246.3 247.5 247.5 246.9 244 242.9
476.4 468.7 463.1 455.1 447.2 444.2 438.3 431.4 425.3 421 412.4 406.5 399.5 392.9 385.3 382 377.5 371.4 367.3 365 355.5 350.9 346.8 339.7 333.3 326 318.6 313.2 311.3 310.3 307.7 299.2 294.1 291.1 289.3 286.9 287 281.3 277.2 278.4 278.7 278.9 276.5 275.3 275 276 275.8 275.8 274 273.4 273.6 273.4 273.5 272.9 271.4 270.4 268.6 267.1 267.8 266.2 266.8 267.4 263.7 261.3 261.4 258.5 253.5 252.6 251.4 249.2 247.7 248.5 249.8 250.5 249.1 247.8 246.8 245.6
469.2 460.9 453.6 446.9 441.6 438.4 433.9 427.9 419.8 413.4 409.4 404.1 396.1 392.4 383.1 375.8 372.1 368.2 360.8 360.8 356.5 346 345 335.8 327.5 321.8 315.3 310 302.9 298.5 298.5 294.6 291.2 287 285 282.7 277.8 275.1 272.1 276.2 275.5 274.7 271.9 271.3 272.4 273 270.8 269.9 269.9 270.9 270.8 268.7 267.2 266.2 266.8 264.8 263.5 261.9 264.6 264.6 263.7 261.5 259.2 257.8 253.1 250.6 252.3 248.7 249 249.6 250.9 251 249.6 251.3 249.2 249.7 247.6 246.3
464.3 454.3 447.8 441.2 436.6 434 427.8 423.3 415.4 408.8 405.6 401 391.1 384.8 376.6 371.1 364.9 364.2 359.1 353 345.7 340.3 333.5 326.8 321.9 316.7 312.8 303.3 297.8 290.8 289.1 288.3 285.4 283.2 279.3 275.5 273.5 272.3 271.5 272.9 270.6 269 268.6 268 268 270.6 269.8 268 272 269 267.1 264.7 260.4 262.2 259.7 256.2 258.8 264.8 265.5 262.9 261.6 259.7 255.5 255.5 253.6 248.8 247.5 247.8 247.7 249.9 249.9 249.6 249 249.5 248.8 246.8 245.3 243.7
457.1 449.2 444.6 438.1 431.3 429.5 424.9 415.9 412.7 404.6 401.9 394.6 386.2 380 373.3 367 362.9 358.8 350.8 346.9 338.8 333.7 327.1 320.8 314.3 310.3 299.8 296.6 292.7 287.4 281 280.2 277 274.2 272.3 268.4 266.5 268.9 266.6 266.6 266.4 266.1 267.3 270.5 268.5 268.7 268.3 264.4 265.7 263.1 262.8 260.6 259.6 256.1 254.2 258.1 260.2 259.7 258.1 257.8 257.2 257.9 256 251.8 246.9 243.7 244.5 245.4 246.1 249.3 247.2 247.1 246.2 246.7 245.6 242.2 240.8 240
453.9 451.9 442.8 434 425.8 423.8 418.6 412.6 409.7 402.4 394.4 390 384 378.2 369.6 363.2 357.8 354.8 348 339.7 332 329.9 325.8 319.6 311.8 300.2 293.3 290.6 286.3 281.3 274.8 271 270 267.5 264.6 265.2 260.3 262.1 259.9 263.7 263.9 264 265.3 266.1 264 262.3 262.3 263 260.9 259.7 257.6 256 255.2 253.1 252.1 255.2 255.3 255.8 255.9 255.9 254.2 252 247 243.8 241.5 243.4 246.4 243.1 239.4 245.3 243.4 242.7 241.8 240.6 237.4 236.7 232.5 231.4
448.1 443 437.4 429.8 424.7 422 414.5 408.5 406.5 400.4 393 385.6 378.3 369.8 364.2 355.4 350.8 348.5 343.7 337.2 327.6 321.9 320.4 313.2 305.9 294.5 285.9 281.3 278.4 272.5 266.5 267.2 262.8 263.5 263.9 258.3 256.2 254 259.1 257.8 258.7 260.2 259.5 261.7 259.9 259.9 263 259.5 255.3 253.1 252.4 251.9 250.5 250.2 251.1 254 254.8 254.9 253.9 252 248.4 243.3 239.6 237.1 240.6 240.5 238.4 234.8 236.3 240.5 239.8 238.4 236.4 236.8 235.3 231 227.5 223.9
444.3 439.3 435 430.3 425.6 419.3 412.8 405.7 401.3 399.2 391.3 386.8 379.2 370.4 360.5 354.1 352.1 345.9 341.1 336.8 331.7 322.3 310.3 305.7 301.4 298.6 286 276.7 268.5 265.4 259.8 265.1 260.3 253.1 255.5 254.1 246.1 249.2 252.7 254 253.4 252.1 253.3 255.9 260.3 256.8 255.6 251.3 250.7 247.8 246.4 246.4 247.1 250.5 251.9 252.7 252.8 251 248.9 246.5 241.6 237.6 233.9 231 233.2 232.2 232.1 232.4 236.6 236 235 231.9 231.3 230.4 228.7 226.4 220.7 219.6
443 439.2 434 426.8 423.1 417.4 412.5 407.3 403.9 396.9 388.4 384.2 376.9 368.4 359.4 352.4 348.9 347.3 346.5 340.7 331.4 322.7 315.6 307 297.9 291 280.9 270.5 263.6 260.7 256.4 259.2 252.8 251.7 245.1 249.5 246.5 242.8 248 249.1 247.4 245.3 250.5 250.6 250.8 249.6 247.6 243.9 245.2 244.2 241.6 243.7 245.4 246.8 246.8 247.7 246.3 243.8 241.2 237.9 234.2 230.3 228.3 226.2 225.4 227.2 227.9 232.7 231.4 229.7 229 227.4 228.6 227.4 224.2 215.1 213.2 213.6
442.2 436.5 431.4 425.7 421.2 418 411.7 406.4 401 396.7 394.2 385.2 378.4 369 361.8 356.3 355.5 352 350.7 341.6 335.5 325.5 315.1 304.4 295.4 288.4 276.1 266.5 258.9 253.6 253.1 250.1 242.1 239.3 239 238.9 241.9 239.5 239.3 239.5 240.5 240.7 243 242.7 243.3 245.6 242.2 239.1 238.3 239.6 240.8 241.1 240.6 240.2 239 238.9 236.8 233.4 233.1 230.1 226.4 221.8 220.8 219.7 219.2 224.8 224.5 226.6 223.4 216.8 215.9 218.7 221.6 215.7 208.1 205.2 205.2 204.7
438.8 433.6 429.7 427.1 424.2 420.1 412.4 407.1 403 398.6 394.2 386.8 378.6 373.4 366.6 366 361 356.9 353.3 347.9 336.2 329.7 316.1 306.7 295.4 283.2 272.3 262.6 253.9 243.6 239 242.6 238 235.8 233.1 234.7 233.9 236.9 233.9 234.8 231.7 233.7 233.5 235.4 238.3 238 235.7 236.8 234.5 235.8 236.1 236.8 236.7 234.9 233.2 230.7 229.7 228.1 227.4 225.7 221.8 218.3 215.4 214.8 212.9 217.5 210.9 209.5 205.8 206.7 206.1 205.7 206.4 204.6 201.6 195.6 196.8 193.9
436.8 432.1 428.5 427.4 422.9 418.2 413.8 409.1 403.4 400 394 386.3 378.9 375.4 373.9 366.4 361.3 356.5 355.6 347.7 336.5 324.3 309.4 299.7 290 275.5 262.9 256.1 246.3 241.5 230.8 230.8 234.1 236.7 231 232.8 226.3 230.1 230.3 226.5 226.1 226.6 229 231.2 231.1 230.8 231.1 231.5 231.3 232.5 231.4 232 230.9 228.8 226.9 226.1 223.3 223.8 223 222.6 218.2 214.8 209.4 206.4 206.4 203.6 200.9 201.1 201.4 198.2 198.4 198.3 199.2 198.4 192.1 184.9 184.8 182.9
435.8 431 427.8 426.6 423.8 419.5 414 409.1 407.5 404 397.3 388.6 385 386.3 380.4 367.4 361.4 354.1 351.5 345.9 332.1 319.8 302.4 291.9 279.1 266.9 257.7 249 242.2 235 233 227.4 230.6 230.6 225.9 227.7 227 221.9 224.5 217.7 218.4 223.7 224 225.1 226.2 227.2 227.5 226.5 227 227.3 222.6 222.9 221.4 219.1 217.5 216.6 217.8 219.7 217.8 214.5 212.5 209.5 202.1 200.3 202.4 196.5 191.9 189.2 190.6 189.8 189 188.4 189 188.2 182.3 177.7 176.6 177.8
