public/OST50/NN63.asc
ncols 200
nrows 200
xllcorner 260000
yllcorner 730000
cellsize 50
[rows 70 to 104 of 200, columns 0 to 77 of 200]
434.9 425.9 429.1 425.1 422.8 421 418.1 415.5 409.2 403.5 397.1 388.5 394.3 386.8 380.5 368.9 355.8 351.3 344.2 333.1 320.8 308 293.9 280.4 267.9 259.5 252.8 242.9 236.6 229.4 223.1 229.6 228.5 225.7 218.7 221.2 218 210.8 216.2 209.7 208.5 215.6 217.9 220.2 221.2 221.1 223.8 220.9 219.8 220 218.5 214.4 211.4 210.6 208.7 209.6 212.7 211.9 206.9 205.8 204.8 198.7 195.4 195.1 192 184.9 181.3 182.8 179.5 179.3 178.3 178.8 180.6 179.2 173.3 170.1 173 173.1
422.2 425.2 427 425.2 423.6 423.8 423.2 416.3 408 405.7 394.2 392 388.1 385.5 376.8 362.4 348.5 338.7 332.2 321.9 305.8 295 275.2 266.1 260.3 251.2 243.7 234 226.6 221.8 217 225.2 222.6 219.5 209.7 214.3 212.5 206.2 207.1 200.3 205.2 210.1 212.2 214.3 216.8 215.8 214.7 213.4 212.4 210.9 208.1 206.5 204.5 202.2 199.9 200.6 204 200.6 196.6 196.9 192.7 190.7 189.9 187.6 183.3 178.9 176.4 175.1 176.1 177.4 174.7 172 174 169.5 164 167.6 168.1 165.5
415 419.6 423.9 424 419.1 416.3 411.9 405.3 399.7 392.2 383.1 388.2 386.7 379 370 353.6 334.6 321.2 311.6 299.1 283 274.2 265.7 257.7 253.1 244.9 233.4 225.7 219.5 216.3 218.4 218.2 214.6 212.1 201.3 204.9 204.2 199.3 192.9 195.6 199.9 205 207.8 208.6 208.6 211.2 206.6 205 202.4 201.6 201.4 197.9 195.8 195.1 194.3 193.2 193.6 192.4 188.8 186.6 182.2 181.4 183.5 181.9 178.3 173.8 169.6 171.4 173.2 172.9 169.8 164.2 161.1 159.3 157 157.3 157.1 155
408 414.4 414.9 414.1 411.3 408 404.8 397.1 389.6 377.7 381.9 376.1 372.9 371.1 358.1 338.8 313.4 301.9 285.8 277.3 269.8 261.8 257.3 250.7 244 232.6 226.1 217.9 214.1 212 209.2 205.6 199.4 196 185.7 192.5 192 189.9 187.4 190.1 194.3 198.3 200.6 201.7 200 199.1 198.1 199 197.6 195.3 193.2 188.5 186.4 185.2 185.9 183 184.2 182.6 177.4 175.7 177.8 177.7 175.5 175 170.1 164.6 164.7 168.4 168.2 166.1 157.2 153.2 151.8 150.4 147.4 146 144.8 145.2
396.5 405.4 408.7 406.8 407.4 400.4 398.2 385.7 376.1 370.3 369.7 364.3 363.6 345.6 327.2 307.3 292.9 280.4 273.8 267.8 261.5 254.6 249.7 239.2 232.7 225.7 217.6 213 209.1 205.7 195.5 190.2 188.9 184.7 179.2 178.4 182.8 178.3 181.7 184.5 186.2 189.8 190.5 191 190.1 190.2 189.8 187.1 185.6 184.3 181.8 177.2 177.6 177.2 174.8 173.9 173.2 171 171.6 170.1 170.5 170.9 167 162.4 159.7 159.6 159.6 158.8 155.7 147.2 147.5 145.5 142.2 141.9 140 137.9 136.3 133.3
390.5 398.2 401.2 399.8 393.6 386.6 383 374.2 363.8 361.3 356.7 347.5 330.3 312 297.9 284.3 276.9 271.5 265.5 258.5 251.1 244.2 235.7 231.2 226 216.8 212.2 209.3 204.8 194.6 188 176.1 173.7 176.9 177.3 170.2 176.1 173.4 175.2 176.1 178.5 180.4 179 179.5 177.7 176.4 176.5 175.6 174.5 172.5 171.5 169.6 169.2 167 166.2 165.5 163.5 164.4 164.6 162.4 162 158.4 155 154 152.8 149.6 149.3 146.9 143.7 141.3 140.7 136.8 133.6 133.4 131.5 129 124.5 118.5
382.1 385.2 386.2 381.5 373.8 371 368.4 358.9 353.6 348.3 331.4 317.2 300.2 289.4 280 271.6 267.1 258.6 252.7 245.1 234.6 231.1 229.4 221.5 213 211 205.1 197.9 189.8 182.5 180.5 176.4 169.8 169.9 171.5 167.4 168.5 168.8 170.2 170.3 169.6 170 170.5 170.6 168.4 166.9 167.8 166.7 163.7 162.8 162.7 162.5 159.5 157.4 158.8 158.3 156.7 156.7 155.2 151.6 151 149.2 148.1 150 146.8 141.7 143.6 144.5 140.6 137.4 134.1 131 127 123.8 120.5 115.9 107.5 105.1
369.8 368.8 364.9 361.2 360 352.8 343.9 336 326.4 319.4 302.6 290 281.6 275.8 268.7 263.6 251.2 244.4 240.4 233.1 226.8 223.9 218.2 210.6 201.3 193.5 188.7 180.8 178 176.5 173.8 170 161 166.6 165.5 164.2 161.8 163.5 164.9 164.1 159.8 161.2 162.3 162.2 161.2 161.3 160.5 158.3 157.2 156.1 155.1 154.3 153.1 147.7 149.7 149.4 147.5 146.1 144.3 146 146.1 144.6 143.6 143.8 140.8 135.9 137.2 137.4 134.2 130.9 127.8 123.8 117.5 112.2 105.8 105.1 105.1 105.1
350.5 347.1 342.4 338.1 336.5 328.7 314.3 304.9 296.3 288.7 283 277.8 270.3 260.1 254.1 249.1 237 232.5 228.6 224.9 219.7 212.7 205.4 198.5 188.7 178.9 175.9 173 171.2 169.8 167.9 164.8 160 160.1 160.6 160.2 155.6 155.6 154.6 155.3 153.3 153.7 154 154 154.5 153.3 152.7 151.4 151 148.7 147.1 145.8 145.2 141.6 138.9 138.3 137 135.9 138.6 140.7 141.1 139.3 136.9 134.6 131.1 129.4 131.4 129.9 127 123.2 118.2 112 105.1 105.1 105.1 105.1 105.1 105.1
332.9 328.1 324.2 320 313.5 303.8 293.5 287 282 275.5 271 266.4 254.8 248 242.3 235.3 224.5 221.2 223 216.9 209.2 201 194.7 186.4 177 169.2 168.4 168.6 167.4 164.9 162.2 159.2 155.7 154.6 156 154.6 150.6 147.1 142.5 144.5 145.7 147.2 145.7 146.1 145.4 144.4 144.8 145.1 142.7 140.6 138.9 135.3 132.5 131.3 130.4 129 127.2 128.6 129.9 132.4 132.2 129.9 123.8 123.3 121.3 122.2 120.8 119.7 116.4 112.3 105.1 105.1 105.1 105.1 105.1 105.1 105.1 105.1
310 309.1 308.7 305.3 295.8 285.7 279.7 274.1 266.6 260.9 257.4 248.8 240.3 237.1 231.8 223.6 214.4 211.7 210.5 204.4 196.6 191.1 183.9 175.6 167.6 164.9 164.8 163.1 160.8 158.4 157.2 156.5 153.9 152.9 152.6 153.4 149 138.1 133.1 134.7 136.5 138.1 137.7 136.9 137.7 137.3 136.4 134.9 131.8 129.4 126.4 124.3 123 121.8 119.7 119.3 118.9 119.7 120.4 120.7 119.1 117.5 115 113.3 109.1 109 105.8 105.1 105.1 105.1 105.1 105.1 105.1 105.1 105.1 105.1 105.1 105.1
296 295 293.4 282.6 278.9 270.8 263.9 258.4 254.2 245.6 240.2 234.9 232.4 226.7 217.9 209.9 204.8 200.7 198.3 193.7 188.3 181.6 173.8 165.6 161.8 163.2 161.4 159.6 156.8 153.2 153.4 150.6 147.9 147.6 145.1 143.7 141.9 135.6 128.2 127 130.7 129.7 129 129.7 129.7 129 125.2 122.3 120.7 119.2 116.5 114.4 113.6 111.8 109.6 108.2 106.4 105.1 105.5 105.1 105.1 105.1 105.1 105.1 105.1 105.1 105.1 105.1 105.1 105.1 105.1 105.1 105.1 105.1 105.1 105.1 105.1 105.1
283.9 278.7 274 268.1 261.1 254.2 248.5 245.6 238.9 235 230.4 226.4 222.7 211.8 201.1 197.2 194.2 191.8 189.5 183.5 178.4 171.9 164.2 160.6 160.5 156.7 158 158.3 154.7 149.8 145.7 141.1 136.8 136.7 132 130.1 130 128.5 123.8 120.9 124.2 123.4 122.9 120.5 120.2 117.4 113.8 111.5 111.4 109 106.3 105.1 105.1 105.1 105.1 105.1 105.1 105.1 105.1 105.1 105.1 105.1 105.1 105.1 105.1 105.1 105.1 105.1 105.1 105.1 105.1 105.1 105.1 105.1 105.1 105.1 105.1 105.1
268.7 261.6 255.8 249.2 242.5 242.7 239.4 234.7 232.5 230.2 225.1 220 208.5 204.9 202.3 195.7 188.8 185.4 182.6 175.8 169.5 163.3 159.8 157.4 154.4 154.2 154.3 153.6 150.3 145.3 140.4 133.9 127.2 125.4 122.6 118 120.4 120.8 119.2 117.5 117.2 116.7 115.1 111.9 107.3 105.1 105.1 105.1 105.1 105.1 105.1 105.1 105.1 105.1 105.1 105.1 105.1 105.1 105.1 105.1 105.1 105.1 105.1 105.1 105.1 105.1 105.1 105.1 105.1 105.1 105.1 105.1 105.1 105.1 105.1 105.1 105.1 105.1
248.6 242.5 241.4 239.2 237.6 233.9 232.1 227.3 224.7 221.2 216.4 214.1 211.2 207.2 200.2 189.9 184.2 180 174.8 169.7 165.8 161.1 159.2 157.9 154.1 151.1 150.3 147.7 142.5 135.3 129.6 123.9 118.5 116.8 115.1 111.6 111.3 113.7 115.2 113.6 114.3 112.6 107.7 105.1 105.1 105.1 105.1 105.1 105.1 105.1 105.1 105.1 105.1 105.1 105.1 105.1 105.1 105.1 105.1 105.1 105.1 105.1 105.1 105.1 105.1 105.1 105.1 105.1 105.1 105.1 105.1 105.1 105.1 105.1 105.1 105.1 105.1 105.1
242.1 235.9 236 239 237.4 233.9 229.5 226 225.4 216.1 213.3 211.2 207.8 204.2 194.6 183.5 177.1 172.4 167.8 167 163.9 162.3 160.5 158.4 154.3 151.9 145.7 143.4 136.8 129.3 118.9 113.7 113.4 113.5 111.4 109.5 108.9 108.6 110.9 109.5 109.9 105.9 105.1 105.1 105.1 105.1 105.1 105.1 105.1 105.1 105.1 105.1 105.1 105.1 105.1 105.1 105.1 105.1 105.1 105.1 105.1 105.1 105.1 105.1 105.1 105.1 105.1 105.1 105.1 105.1 105.1 105.1 105.1 105.1 105.1 105.1 105.1 105.1
233.4 235.7 234 236.3 235.9 232.2 229.9 221.5 214.4 211.4 207.5 204.7 198.4 192.7 187.4 179.6 172 168.5 164.6 163.1 161 160.9 161.1 159.9 157.8 151.5 145.5 142.1 134.4 125.6 118.4 114.9 110.1 108.3 107.6 107.4 106.5 107.8 108.9 108.6 105.5 105.1 105.1 105.1 105.1 105.1 105.1 105.1 105.1 105.1 105.1 105.1 105.1 105.1 105.1 105.1 105.1 105.1 105.1 105.1 105.1 105.1 105.1 105.1 105.1 105.1 105.1 105.1 105.1 105.1 105.1 105.1 105.1 105.1 105.1 105.1 105.1 105.1
225.3 223 224 222.6 226 229.8 217.7 211.4 207.9 202.6 199.5 195.2 193.1 191.3 179 173.2 168.4 166.1 163.1 163.7 164.9 165.4 164.4 163.1 161.5 152 145.7 138.5 126.9 119.4 113.6 109.7 106.4 105.9 105.1 105.1 105.1 105.2 106.3 105.1 105.1 105.1 105.1 105.1 105.1 105.1 105.1 105.1 105.1 105.1 105.1 105.1 105.1 105.1 105.1 105.1 105.1 105.1 105.1 105.1 105.1 105.1 105.1 105.1 105.1 105.1 105.1 105.1 105.1 105.1 105.1 105.1 105.1 105.1 105.1 105.1 105.1 105.1
213.9 213.2 211.4 210.4 210.3 213.1 207.1 202.5 199 195.4 193.1 191.8 190.4 177.5 174.6 170.5 167.1 165.9 169.8 172.5 174.1 173.7 170.4 166.6 164.6 157 142.6 131 119.4 112.9 108.5 105.1 105.1 105.1 105.1 105.1 105.1 105.1 105.1 105.1 105.1 105.1 105.1 105.1 105.1 105.1 105.1 105.1 105.1 105.1 105.1 105.1 105.1 105.1 105.1 105.1 105.1 105.1 105.1 105.1 105.1 105.1 105.1 105.1 105.1 105.1 105.1 105.1 105.1 105.1 105.1 105.1 105.1 105.1 105.1 105.1 105.1 105.1
207.3 208.2 205.9 204 204.7 200.7 197 194.9 193.4 189.5 186.6 185.5 176.9 174.4 173.2 170.7 168.3 169.9 175.5 182.4 180.8 178.9 174 170.3 164 142.8 130.8 122.6 111.8 106.4 105.1 105.1 105.1 105.1 105.1 105.1 105.1 105.1 105.1 105.1 105.1 105.1 105.1 105.1 105.1 105.1 105.1 105.1 105.1 105.1 105.1 105.1 105.1 105.1 105.1 105.1 105.1 105.1 105.1 105.1 105.1 105.1 105.1 105.1 105.1 105.1 105.1 105.1 105.1 105.1 105.1 105.1 105.1 105.1 105.1 105.1 105.1 105.1
198.6 199.3 198.5 196.4 194.5 189.9 189.3 187.2 183.7 182 179.4 176.2 172.4 170 170.8 170.6 172.1 175 181.1 184.2 182.4 179.8 167.7 153.8 146.9 140 117.5 107.5 105.1 105.1 105.1 105.1 105.1 105.1 105.1 105.1 105.1 105.1 105.1 105.1 105.1 105.1 105.1 105.1 105.1 105.1 105.1 105.1 105.1 105.1 105.1 105.1 105.1 105.1 105.1 105.1 105.1 105.1 105.1 105.1 105.1 105.1 105.1 105.1 105.1 105.1 105.1 105.1 105.1 105.1 105.1 105.1 105.1 105.1 105.1 105.1 105.1 105.1
188.5 188.6 187.4 185.3 183.1 182.9 182.6 179.3 179 176.2 174.3 171.8 170.1 168.4 170.7 170 173.2 178.7 180.2 181.2 179.2 173.7 158.9 144 129 121 105.1 105.1 105.1 105.1 105.1 105.1 105.1 105.1 105.1 105.1 105.1 105.1 105.1 105.1 105.1 105.1 105.1 105.1 105.1 105.1 105.1 105.1 105.1 105.1 105.1 105.1 105.1 105.1 105.1 105.1 105.1 105.1 105.1 105.1 105.1 105.1 105.1 105.1 105.1 105.1 105.1 105.1 105.1 105.1 105.1 105.1 105.1 105.1 105.1 105.1 105.1 105.1
180.1 179.1 176.8 177.2 174.8 173.8 173.6 174.3 171.8 169.1 167.4 167.6 167.9 167.8 168.6 170.2 175.1 176.8 179 174.5 171.9 165 151.4 136.1 120.6 105.4 105.1 105.1 105.1 105.1 105.1 105.1 105.1 105.1 105.1 105.1 105.1 105.1 105.1 105.1 105.1 105.1 105.1 105.1 105.1 105.1 105.1 105.1 105.1 105.1 105.1 105.1 105.1 105.1 105.1 105.1 105.1 105.1 105.1 105.1 105.1 105.1 105.1 105.1 105.1 105.1 105.1 105.1 105.1 105.1 105.1 105.1 105.1 105.1 105.1 105.1 105.1 105.1
173.3 172.5 170.6 170.2 169.1 169.4 170.1 169.7 170.2 163 164.5 167.9 169 165.9 167.4 173.1 173.7 172.3 167.9 163.7 161.2 154.3 141.8 128.3 114.5 105.1 105.1 105.1 105.1 105.1 105.1 105.1 105.1 105.1 105.1 105.1 105.1 105.1 105.1 105.1 105.1 105.1 105.1 105.1 105.1 105.1 105.1 105.1 105.1 105.1 105.1 105.1 105.1 105.1 105.1 105.1 105.1 105.1 105.1 105.1 105.1 105.1 105.1 105.1 105.1 105.1 105.1 105.1 105.1 105.1 105.1 105.1 105.1 105.1 105.1 105.1 105.1 105.1
166.5 163.6 164 165.1 166.7 165.6 167.1 167.3 162.7 159 163.6 164.9 164.6 161 167.6 166.1 164.4 157.4 152.8 148.7 149.2 143 130.6 118.4 105.6 105.1 105.1 105.1 105.1 105.1 105.1 105.1 105.1 105.1 105.1 105.1 105.1 105.1 105.1 105.1 105.1 105.1 105.1 105.1 105.1 105.1 105.1 105.1 105.1 105.1 105.1 105.1 105.1 105.1 105.1 105.1 105.1 105.1 105.1 105.1 105.1 105.1 105.1 105.1 105.1 105.1 105.1 105.1 105.1 105.1 105.1 105.1 105.1 105.1 105.1 105.1 105.1 105.1
157.4 158.7 160.5 160.8 161.7 162.7 164.3 162.1 159 154.9 155.8 155.8 155.8 153.9 151.2 154.3 148.5 143.2 142.3 142.2 140.9 133.7 121.9 108.7 105.1 105.1 105.1 105.1 105.1 105.1 105.1 105.1 105.1 105.1 105.1 105.1 105.1 105.1 105.1 105.1 105.1 105.1 105.1 105.1 105.1 105.1 105.1 105.1 105.1 105.1 105.1 105.1 105.1 105.1 105.1 105.1 105.1 105.1 105.1 105.1 105.1 105.1 105.1 105.1 105.1 105.1 105.1 105.1 105.1 105.1 105.1 105.1 105.1 105.1 105.1 105.1 105.1 105.1
154.4 154.9 155.7 156.4 157.5 158.7 159.5 156.4 153.8 147.4 144.8 149.8 146.5 143 140.7 139.4 137.7 136.2 135.6 134.6 131.7 125.4 113.5 105.1 105.1 105.1 105.1 105.1 105.1 105.1 105.1 105.1 105.1 105.1 105.1 105.1 105.1 105.1 105.1 105.1 105.1 105.1 105.1 105.1 105.1 105.1 105.1 105.1 105.1 105.1 105.1 105.1 105.1 105.1 105.1 105.1 105.1 105.1 105.1 105.1 105.1 105.1 105.1 105.1 105.1 105.1 105.1 105.1 105.1 105.1 105.1 105.1 105.1 105.1 105.1 105.1 105.1 105.1
149.7 151 151.9 152.8 153.5 152.4 152.4 148.6 144.6 139.2 138.5 136.6 133.5 133.1 131.7 130.2 129.8 129.2 126.9 125.6 122.1 116.9 106.7 105.1 105.1 105.1 105.1 105.1 105.1 105.1 105.1 105.1 105.1 105.1 105.1 105.1 105.1 105.1 105.1 105.1 105.1 105.1 105.1 105.1 105.1 105.1 105.1 105.1 105.1 105.1 105.1 105.1 105.1 105.1 105.1 105.1 105.1 105.1 105.1 105.1 105.1 105.1 105.1 105.1 105.1 105.1 105.1 105.1 105.1 105.1 105.1 105.1 105.1 105.1 105.1 105.1 105.1 109.8
145.9 148.8 149.9 149 148.8 146.8 141.2 138.5 133.6 130.7 128.3 126.3 124.7 124.2 124.1 124 124.9 121.3 119.1 116.6 114.8 107 105.1 105.1 105.1 105.1 105.1 105.1 105.1 105.1 105.1 105.1 105.1 105.1 105.1 105.1 105.1 105.1 105.1 105.1 105.1 105.1 105.1 105.1 105.1 105.1 105.1 105.1 105.1 105.1 105.1 105.1 105.1 105.1 105.1 105.1 105.1 105.1 105.1 105.1 105.1 105.1 105.1 105.1 105.1 105.1 105.1 105.1 105.1 105.1 106.9 109.7 111.6 110.2 110.6 121 131.2 135.6
144.5 145.9 147.1 144.8 139.2 135.2 129.4 128.8 125.1 122.1 120.2 118.4 117.6 118.5 118.4 116.8 114 111.3 112.1 113.5 111.4 105.1 105.1 105.1 105.1 105.1 105.1 105.1 105.1 105.1 105.1 105.1 105.1 105.1 105.1 105.1 105.1 105.1 105.1 105.1 105.1 105.1 105.1 105.1 105.1 105.1 105.1 105.1 105.1 105.1 105.1 105.1 105.1 105.1 105.1 105.1 105.1 105.1 105.1 105.1 105.1 105.1 106.7 113.9 119.4 120.6 117.3 112 114.2 112 111.8 118.6 122.5 125.1 132.9 138.4 143.1 144.1
142.3 143.4 139.7 136.8 129.3 125.1 121.6 116.3 115.4 113.7 112.4 110.9 110.7 111.3 110.9 110.2 109.8 110.3 110 110.5 107.4 105.1 105.1 105.1 105.1 105.1 105.1 105.1 105.1 105.1 105.1 105.1 105.1 105.1 105.1 105.1 105.1 105.1 105.1 105.1 105.1 105.1 105.1 105.1 105.1 105.1 105.1 105.1 105.1 105.1 105.1 105.1 105.1 105.1 105.1 105.1 105.1 105.1 105.1 105.1 105.1 108.7 112.5 122.8 131.3 134.9 129.8 123.6 119.2 114.2 121.8 126.8 132.7 136 141.7 144.3 146.7 148.5
139.2 135.2 129.9 128 119.3 114.6 114.1 111.2 105.1 105.1 105.1 105.1 105.1 105.1 105.1 105.1 105.2 106.4 105.1 105.7 106.2 105.1 105.1 105.1 105.1 105.1 105.1 105.1 105.1 105.1 105.1 105.1 105.1 105.1 105.1 105.1 105.1 105.1 105.1 105.1 105.1 105.1 105.1 105.1 105.1 105.1 105.1 105.1 106.5 106.6 106 105.1 105.1 105.1 107.5 107.7 105.1 105.1 105.1 105.1 110.9 117.3 122.5 129.8 135.2 137.1 135.5 133 128.5 130.8 135.1 137.9 139.6 142.4 146.9 151.8 155.9 155.1
129.3 125.5 121.8 118.6 115.2 110.8 105.1 105.1 105.1 105.1 105.1 105.1 105.1 105.1 105.1 105.1 105.1 105.1 105.1 105.1 105.1 105.1 105.1 105.1 105.1 105.1 105.1 105.1 105.1 105.1 105.1 105.1 105.1 105.1 105.1 105.1 105.1 105.1 105.1 105.1 105.1 105.1 105.1 105.1 105.1 105.1 105.1 109.5 111.6 110.5 109.4 105.1 109.9 119.5 122.5 121.8 114.5 105.1 105.1 113.2 120.2 125.3 129.3 133.4 135.4 137.6 139.9 140.7 140.7 142.3 144.8 148.9 154.8 156.8 160.2 163.4 164.3 164.1
119.8 116.7 114.1 109.5 105.1 105.6 105.1 105.1 105.1 105.1 105.1 105.1 105.1 105.1 105.1 105.1 105.1 105.1 105.1 105.1 105.1 105.1 105.1 105.1 105.1 105.1 105.1 105.1 105.1 105.1 105.1 105.1 105.1 105.1 105.1 105.1 105.1 105.1 105.1 105.1 105.1 105.1 105.1 105.1 105.1 105.1 112.5 115.1 114.7 111.1 111.3 119 127.4 134.2 136.9 134.7 127.2 122 124.7 126.3 131.4 134.6 134.5 134.3 140.7 147.1 150.3 149.8 149.4 150.3 159.4 166.7 171.1 173.1 174.1 175.4 175.8 171.9
115.4 112.2 105.1 105.1 105.1 105.1 105.1 105.1 105.1 105.1 105.1 105.1 105.1 105.1 105.1 105.1 105.1 105.1 105.1 105.1 105.1 105.1 105.1 105.1 105.1 105.1 105.1 105.1 105.1 105.1 105.1 105.1 105.1 105.1 105.1 105.1 105.1 105.1 105.1 105.1 105.1 105.1 105.1 105.1 109.9 116.5 118.9 117.7 117.9 121.2 126.5 135.8 144.7 150 151.9 149.1 140.1 140.6 144.5 148.3 150.7 156.5 158.1 157.3 157 161.3 162.9 162 166.6 173.7 179.6 184.1 186.2 185.4 184.4 182.4 180.4 180.4
