public/OST50/NN64.asc
ncols 200
nrows 200
xllcorner 260000
yllcorner 740000
cellsize 50
[rows 105 to 139 of 200, columns 0 to 77 of 200]
425.7 436.4 449.6 469.7 486.9 511.2 535.8 558.7 582.7 601 617.6 628 639.7 652.3 665.2 676 688.8 703.8 715.5 725.9 737.1 745.7 755.1 767.5 783.2 797 809.8 819.9 799.1 760.8 724.9 698.5 678.4 662.7 645 626.7 610.4 601.3 602.3 599.5 596.9 593.7 583.7 570.9 556.7 541.8 524.1 508 493.5 477.5 459.6 439.4 424.6 421.7 427.2 439.5 458.7 482.3 505.8 526.9 542.2 549.9 570.6 589.4 603.8 617.2 630.2 643.2 661.8 676.9 694.4 718.7 747.4 775.9 801 821.6 845.9 870.8
431.3 443.6 461.2 481.2 502.6 518.5 541.6 569 590.1 606.4 622.4 634.2 646.3 662 674.1 691.6 703.5 716.6 727.7 740.1 751.7 760 769.7 781.8 794.8 807.3 819.7 829.3 827.5 786.7 748.9 726.4 708.2 693.1 670.1 647.3 625.5 616.8 619.2 622.2 613.7 600.8 587.7 574.7 560.5 543.5 527.3 511.1 496 481.1 464.2 444.3 427.8 424.4 425.3 432.6 458.6 481.3 506.4 527.8 547.9 562.7 572.7 579.6 597.1 614.1 626.9 641.7 657.2 674.2 693.8 710.8 740.2 769.4 794.9 816.3 842.8 870
438.9 452.5 471.3 490 509.3 529 553.8 574.8 591.9 608.1 622.7 636 650.9 667.1 683.6 699.5 713.7 727.2 742 753.8 762.4 772.7 781.4 791.6 805.1 818.9 831.1 840.6 841.3 817 784.7 759.7 744.1 726.9 706.3 683.3 663.5 649.4 645.4 632.4 619.4 605.7 590.9 578.1 563.2 545.9 528.9 514 498.5 482.1 465.1 447.7 433.1 425.1 427 432.9 454.4 479.9 505.5 528.1 548.4 564.2 580.5 592.3 598.9 609.6 627.9 642.8 659 675 691.1 707.2 729.8 758.1 785.6 810.5 838.2 865.8
441.4 462.5 484.1 499.6 516.3 537.2 564.7 589.6 603.8 612.4 622.1 635.6 652.2 668.8 686.4 702.2 717.9 734.3 747.9 759.9 771.7 782.5 791.2 803.9 816.7 830.7 844.6 852.4 857.5 858.1 834.6 802.5 788.2 779.6 756.4 742.7 716.2 683.7 660.7 642.5 625.7 610.5 595.6 580.3 564.9 547.7 532.1 516.8 500.9 483.7 467.8 451.6 434.1 427.4 428.1 436.4 451 479.2 507.7 528.4 548.7 568 586.5 603.2 614.5 623.4 628.6 646.7 661.4 678 690.1 707.9 721.2 744.8 772.6 802.5 832.6 861.2
448.4 472.4 492.7 509.5 530.2 551.4 580.6 603 614.6 624.4 631.3 634.6 650 669.1 687 702.7 717.8 734.1 749.6 765.3 777.1 788.8 802.3 817 829.6 844.8 857.4 864.1 868.9 869.1 863.5 847.2 830.7 809.2 782.3 758.2 732 703.4 671.5 649.8 630.2 614.6 600 582.6 566.2 549.3 534.2 518.6 502 484 467.6 449.4 434.7 429.8 431.5 440.4 455.2 479.6 507 527.3 549.3 573.5 597.7 618.3 627 635.7 640.1 647.3 662.1 677.5 692.6 707.2 721.6 732.1 759.5 791.9 825.1 853.5
466.1 480 505.7 523.5 547 574.4 597.6 615.8 626.7 634.4 641.3 645.2 649.4 666.3 685.8 702.3 719.3 734.2 751.6 768.4 781.4 798.4 813.4 828.1 842.7 858.3 868.6 875.2 879.2 876.2 869.1 857.4 842 815.3 781.5 755.1 733.1 708.1 685.5 653.2 634.4 618.4 602.1 584 566 549.2 535.1 519.3 505 488.5 472.1 454.7 442.6 431.6 442.7 443 457.9 481.3 506 529.6 549.3 581.9 623.3 637.1 647.1 650.4 652.9 653.3 662.4 677.7 691.3 704.7 714.2 724.6 746.9 779.5 812.1 840.7
478.7 495.4 519.6 545.2 577.7 597.4 618.8 629.7 641.5 649.3 653.2 657.9 660.8 671.5 690.3 705.5 724.5 742.8 758 772.7 790.5 807 825.9 838.9 856.3 870 879.4 884.8 886.8 882.3 874.6 863.3 845.6 825.4 799 766.9 731.9 701.3 677.2 655.4 636.9 620 603.2 584.3 566.1 549.1 535.1 521 507.3 491.5 476.5 459.4 444.2 434.7 442.2 446.5 457.9 481.8 506.9 528.6 557.5 616.1 641.2 662.8 673 668.7 664.4 666 669.1 676.8 686.9 700.3 711.3 724.4 740.6 769.3 800.5 831.7
487.8 510.9 534.6 566 596.8 616.4 632.6 644 656.1 661.4 664.6 672 679.7 676.8 694.2 713.2 732.3 751.6 766.3 781.3 798.6 817 835.3 850.4 867.4 879.8 890.9 895.5 893.5 886.8 878.4 865.6 846.6 826.3 803.2 772.2 734.9 705.4 677.9 657.9 637.4 621.2 602.3 582.4 566.4 549.7 535.3 522.5 510.6 494.6 479.4 466.7 451.9 438.6 440.2 448.9 459.7 480.5 507.2 532.5 573 621.4 663.8 695.1 699.2 696.3 681.9 680 679.5 681.2 685.6 696.2 708.7 721.2 738.5 759.9 789.8 819.9
501.8 525.2 550.9 584.6 612.2 631.6 644.3 657.6 667.3 672.4 678.5 691.8 697.8 698.6 698.9 718.2 737.3 754.9 771.9 787.7 808.1 825.6 842.5 861.3 877.3 890.2 898.8 902.6 898.6 888.9 879 863.7 845.5 824.1 801.3 768.9 733.1 703.5 679.4 657.2 639.1 621.4 600.8 582 565.7 549.6 536.8 524.3 509.6 496.1 481.3 469.9 460.3 440.5 443.6 451.6 459.2 482.5 509.6 542 577.5 634 685.3 714.9 728.6 719.2 700.2 692.6 689.8 690.2 691.5 694.5 706.3 717.7 734.2 748.9 774.4 808.5
512.1 533.2 567.8 601.5 624.3 639.7 653.7 666.6 676.4 685.1 697.6 710.1 716.5 716.6 716.9 725.2 741 757.3 776.9 798.1 817.9 833.4 852 869.9 884 896.3 905.3 906.6 900.6 888.4 875.1 858.6 839 818.2 792.3 761.8 727.3 699.4 676.2 656.9 638.8 619.8 598.6 581.2 564.5 550 537.5 524.8 511.3 497.1 482.8 467.9 456.3 442.7 453.6 459.3 463.6 481.3 513.1 547.1 594.6 646.3 693.9 719.5 735.1 742.9 723.8 713 709.4 710.8 712.9 708.2 708.3 717.6 728.1 742.3 764 792.4
518.5 544.2 580.9 609.7 630.2 646.3 658.9 672.4 684.9 695 711.7 724 732.5 734.9 735.9 736.6 747.9 767 785.8 804.2 823.2 840 859.4 873.9 888.4 902.5 909.5 907.1 898.3 885.9 869.6 851.3 830.6 807.8 781.2 753.1 724.9 694.4 673.6 655.2 636.9 618.3 598 580.3 564.1 549.2 536.2 524.9 512.1 498.7 485.1 470.3 459.7 443 457.4 464.4 468.9 484.6 520.7 558.4 613.7 650 691.4 714.9 744.5 753.4 751.8 744.6 741.1 737.6 725.5 717.4 711.8 717 725.8 738.3 754.1 780.1
524.6 552.5 586.5 612.5 633.2 648.8 664.5 677.7 691.8 706.7 722.2 735.2 743.5 747.4 746.7 752.5 762.6 776.8 792.4 810.1 829.3 848 863.8 879.4 894.3 907.2 911.4 907.3 896 879 859.5 839.7 817.9 795.1 770.9 741.7 715.2 691.3 670.3 653.4 637 615.2 596.2 580.4 565.1 550.5 536.6 525.1 510.2 493.9 475.6 462.5 452.4 451.5 460.3 470.2 477.3 493.9 521.4 566.7 623.6 654.1 683.8 716 745.3 763.3 783.3 782.1 774.5 758.4 738.6 722.8 718.7 719.5 724.4 733.1 752.2 774.6
533.4 561 589.4 613.4 633.5 647.5 665.2 681.5 696.9 712.4 729.5 742.1 751 761.9 767.7 775.2 776.2 789.1 804.9 820.3 839.1 855.4 871.5 886.4 901.3 911.4 913.5 902.6 888.4 866.4 845 824.4 802.1 780.1 755.5 727.7 706.5 684.7 667.8 650.5 633.7 615.1 596.8 580.3 565.7 551.1 536.8 524.3 510.4 489.9 474.9 458.2 446.9 450.6 462.7 479.5 485.7 507.6 533.9 580.1 624.6 653.8 678.4 713.4 746.4 764.5 786.9 810 806.2 777.3 747.8 731.6 721.9 721.4 726 731.9 747.7 770.2
537.2 562.1 589 610.9 629.8 646.2 662.5 682.2 698.5 717.5 731.7 746.2 759.5 773.6 781.9 789.3 796.9 805.7 818.4 834.5 850.6 864.1 879.1 895.3 909.1 915.5 913.6 899 872.2 847 827.6 806.2 784.9 762.8 739.1 715.6 697.1 681.3 664.4 650.4 631.4 612.1 596.5 579.5 563.9 548.8 537.1 524.7 508 489.4 471.7 454.1 448.2 453.6 466.9 484.6 496.2 516.9 550.4 592 624.3 651.6 679.1 710.6 743 761.6 784 803.3 816.6 792.6 760.7 739.2 724.1 723.9 727.8 733.9 747.7 769
538.9 562.6 584.3 605.3 625.1 642.6 659 681.1 699.5 717.8 734.1 748.1 763.7 777.5 788 797.9 807.3 818 830.5 846.5 858.7 872.8 888.1 903.5 915.3 918.9 906 881.4 851.9 826.7 810.2 792.4 773.4 750.8 731.3 712.4 695.2 676.5 662.8 647.4 628.4 611.9 595.2 578.2 561.3 546.6 534.6 521.2 505.5 487.7 469 451.9 449.2 455.4 474.6 491.4 513.8 538.5 565.7 595.7 628.6 654 680.5 707 734 756.3 781.1 801 819.3 804.4 774.9 750.7 733.1 728.8 730.5 738.5 753.2 769.9
539.6 560.4 579.9 599.8 620.8 637.2 657.7 678.8 697.8 716.4 732.6 746.5 763.6 777.9 789.9 800.9 813.5 824.6 839.9 856.6 869.3 883.1 897.6 909.6 919.5 922.5 895.3 870.2 839.7 817.8 801.2 784.7 765.6 745.1 730.1 712.4 693.4 676.1 661 644.2 627.8 611 593.7 577.4 559.8 545.6 531.1 517.1 501.5 483.9 465.1 452.4 452.7 463.3 487.5 514.9 537.8 557.9 579.4 603.3 632.7 656.6 679.9 703 724.7 750.2 776.4 797.4 814 813.8 794.5 772.1 751.3 743.7 737.7 744.6 756.4 769.8
538.4 557.2 577.3 596.3 615.2 634.2 656.5 674.6 694.8 714.2 730 743.5 761.2 774.5 788.1 801.6 814.8 828.8 844.4 862.2 874.8 890.9 904.5 916.2 923.5 921.3 891.2 865.1 837 812.1 793 775.6 757.5 739.8 729.5 711.7 691.1 673.5 657.9 642.9 626.4 609.1 591.1 574 559.5 543.5 528.1 514.2 499.2 479.3 462.3 452.8 456.2 472.9 503.4 535.5 557.2 574.9 584.8 609.3 635.4 655.6 677.9 698.3 719.2 742.9 767.8 789.2 811.1 823.2 818.3 793.5 772.5 758 750.7 751.1 758.6 772.5
535.9 554.6 573.1 591.9 610.7 630.9 653.7 672.2 691.3 709.5 725.9 740.4 754.5 767.4 781.4 796.3 811.1 827.7 847.7 863.7 880.1 895 909.3 919.7 924.6 924.5 893.9 863.1 838.6 812.4 789.1 770.8 752.4 739.3 724.4 708 687.6 671 656.3 641.2 624.1 605.6 586.8 573.5 557.9 542.6 527.5 512.9 495.7 475.1 461.1 454 460.6 479.6 509.7 537.7 561.6 584.2 595.4 618.6 640.5 656.7 676.7 698.4 715.8 737.8 762.7 785 808.4 823.6 835.4 818.8 790.4 771.5 759.6 756.4 762.1 774.1
534.5 551.1 569.1 587.4 606.9 629 649.4 666.7 686.4 703.5 721.9 733.9 745.8 759.2 772.6 787.5 805.8 823.3 845.2 862.5 881.4 897.5 910 918.7 922.2 922.3 913.3 860.2 837.7 818.8 792.8 768 746.2 729.1 715.2 702 686 670.3 652.8 638.3 621.1 603.8 585.6 570 555.4 541.6 526.4 509.8 491.5 471.9 461 457.8 464.3 485.5 513.1 539.7 569 589.4 603.4 627.6 651.2 668.6 679.2 697.4 713.6 735.1 759.5 785.8 807.5 824.5 839.4 827.5 802.4 785 770.1 766.7 769.6 777.2
532 548.8 566.3 583.1 602 624.7 643.9 661.3 680.8 697.2 714.6 727.1 737.1 748.8 761.8 775.5 795.4 816.8 840.1 858 878.6 895.2 906.6 913.7 915.9 915.7 913.3 892.4 843.1 826.2 808.9 777 747.2 723.2 711.4 700.1 685.2 668.7 650 633.8 617.9 599.7 585.1 569 553.5 539.2 523.9 506.9 487.5 471 461.7 459.8 468.7 489 518.2 543.8 572.1 593.3 611.9 633.7 662.5 679.2 694.2 702.9 716.1 733.9 761 788.2 808.3 826.7 842.7 837.6 812.9 793.5 780.2 777 777.6 784.6
530 546.8 562.1 577.8 596.9 619.1 638.3 655.3 672.2 686.3 704.5 717.1 726.2 735.8 744 763.2 785 808.5 832.4 850.9 871 888.5 899.2 905.1 906.5 905.9 903.8 898.7 884.3 852.9 821 786.9 757.7 730.4 714 697.6 681 663.6 645 627.8 610 596.3 580.6 566.2 552.7 539.1 522.8 504.4 486.5 472.2 464.3 461 470.9 491.2 520 546.1 576.3 599.6 618.7 648.9 674.4 696.6 708.6 716.2 725.3 740.1 765.5 790.5 810.7 832.1 851.8 860 837.1 814.4 798 788.3 784.9 796.7
525.3 541.8 556.7 573.2 592 613 630 647.2 660.8 674.2 691.4 703.8 712.4 720.5 726.4 754.4 777.3 799.9 823.1 842.9 861.2 877.8 887.8 892.1 892.9 892.6 891.6 889.8 883.1 865.6 833.5 795.3 762.4 736.6 711.3 692.4 674.9 655.1 637.1 620.3 605.1 590.2 576.2 562.2 550 536.7 521.1 504.3 486.6 473.1 467.7 463.1 475.1 495.9 524.1 552.6 585.2 608.2 634.6 673.8 702.5 714.8 724.2 733.1 742.6 756.8 775.8 799.1 819.8 842.8 864.7 884.9 885 859.4 830.7 817.7 807.2 809.8
519.2 534.9 551.2 568.5 586.4 605.7 622.6 639.2 650.9 663 679.2 689.8 698.5 712.4 724 745.5 767.6 790.6 812.1 831 848.7 862.6 872.7 877.4 877.5 878.1 877.9 877.2 872 849.4 826 789.9 754.3 727.4 703.5 687 669.1 647.5 627.6 613.3 600.5 584.5 569.6 557 544.2 531.4 518.1 501 485.5 476.2 468.2 468 482.3 501 527 558 595.5 623.9 660.8 709.2 730.6 742.1 751.2 760 764.8 775.4 793.2 811.8 833.3 854.7 875.6 893.9 909.8 897.1 869.8 851.2 836.5 832.5
514.8 527 546.5 565.3 582.2 599.4 615.1 630.3 639.5 652.3 665.4 677 684.9 697.2 715 736.2 757.7 780.1 799.3 818.2 833.6 846.4 855.3 859.5 861.7 862.6 863.8 864.7 861.1 833.5 807.5 773.7 740.2 710.5 695.5 682.6 662.5 641.3 623.3 613.1 596.8 580.4 566.4 552.2 539.1 526.6 513.6 499.3 485.9 473.5 469.1 473.1 485.3 506.7 534.6 566.5 601.8 639.7 680.5 726.3 748.8 762 770.9 780 788.7 799.6 812.4 829.7 846.7 865 883.6 902.3 921 928.5 905.8 877.8 857.3 845.2
512.2 524.3 541.9 560.1 577 592.4 606.1 621.3 631.8 643 653.5 662.2 675.8 684.9 704.3 725.9 746.2 766.8 784.5 802.5 816.8 829.5 837.3 841.6 844.4 845.9 849.5 851.5 842.7 809.2 783.1 753.5 719.5 697.6 685.3 668.4 648.5 631 620.4 607.4 593.5 577.8 562.2 548.5 535.7 523 510 495.9 480.7 472.3 472.7 480.9 498.2 526.9 552.5 582.8 615.8 652.1 692 728.1 755 767.8 781.3 790 801.1 814.1 825.6 840 856.2 874 892.5 912 930.6 947.6 926.8 893.6 870.5 865
513.6 522.8 538.2 556.2 571.7 585.6 599.3 613.9 624.1 634.7 643.3 651.2 660.5 674.3 692.2 712.1 730.4 750.2 768.1 783.8 797.6 810 818.2 823.1 826.6 830.3 835.9 836.7 814.4 787.9 761.1 733.9 701.7 688.4 672.7 653.4 639.5 628.2 615.3 604 589.1 574.6 559.7 546.1 532.2 518 503.5 489.3 478 474.3 481.1 491.4 513.3 538.5 570 606.5 640.7 671 711.4 739.7 755.9 771.2 784.7 795.5 809.5 823.5 834 847.9 864.2 882.2 901.2 920.2 939.7 961.5 947.5 918.3 894.8 883.6
510.4 521.8 536.6 552.1 567.5 580.5 592.7 603.7 615.3 625.1 632.5 639 648.7 660.8 676.5 694.4 710.9 731.1 748.1 761.6 774 786.8 796.2 803.2 809 814.6 822 821.8 799.6 769.6 742.5 711.7 690.3 674.5 661.6 645.3 634 622.6 612 598.5 584.7 570.2 555.7 541.2 526.6 510.2 498.8 485.6 481 483.8 497.6 508.5 523 550.1 584.5 628.9 677.5 694.1 714.2 733.2 750.7 767.6 781.1 795.7 811.6 824.6 837.3 852.7 870.4 887.9 905.7 926.8 945.9 965.2 970.3 941.1 916.2 907.8
511.5 522.3 536.4 547.6 560.7 574 584.1 595.2 604.8 614 620.8 628.9 637.4 649.6 662.2 678.3 691.9 710.2 725.6 737.9 750.8 763.7 775.2 783 790.1 800.3 808.2 810.5 782.2 747.5 718.8 699.9 681.5 665.2 653.5 639.1 626.8 617.8 605.4 592.2 579.1 564.6 549.4 533.3 519.3 506.7 495 484.6 490 498.2 510.1 522.9 541.1 568.7 598.9 639.1 673.5 692.4 710.1 726.8 741.7 760.5 774.7 792.1 806.8 822 837.5 854.6 871.2 890.2 909.7 929.6 950.2 969.7 985.8 968.1 940 926.7
512.6 522.3 533.8 544 557.1 566.5 573.4 586.7 595.2 603 608.8 617.7 627.8 636.1 648.5 659.7 673.8 685.3 697.6 708.9 729 741.5 753.4 763.5 773.8 786.8 796.7 798.9 772.1 733.9 707.2 688 675.7 660.8 648.3 638.7 627 613.3 599.3 587.7 573.3 560.2 545.9 530.7 518 506.9 489.9 493.3 499.7 508.5 521.9 538.4 558.4 586.1 615 648.6 672.7 695.6 715 730.6 748.8 766.4 782.4 795.4 808.5 822.8 838.4 855.3 872 890.2 911.5 932.5 953.1 972.9 992.3 990.4 964.7 954.2
516.5 523.1 529.9 537.4 547 552.2 559.2 570.4 583.7 593.2 600.1 608.9 616.9 625.5 633.9 645.2 654.7 666.8 674.1 686.4 703.1 716.3 730.5 744.5 760.6 774.7 788.7 792.1 762.8 725.1 701.6 686.3 669.6 656.7 644.6 634.1 622.6 609.9 595.7 583.5 570.6 559.5 546.7 531.3 517.9 507.5 493.4 501.3 505.6 520 536.1 553.3 573.7 599.5 628.1 652.1 670.6 695.4 715.8 735.2 753.5 773 787.8 799.7 812 828.7 845.6 861.1 877.1 897.5 918 938.2 959.5 981.3 1001.5 1010.6 999.1 996.9
512.9 519.7 528.7 539.6 551.6 560.6 570.5 579.3 584.9 593.8 600.4 602.1 610.6 617.2 626.5 633.9 643.8 653.8 664.9 672.4 681.1 694.9 709.4 729.1 748.1 764.7 780.5 785.1 762.4 722.8 701.1 680 664 652.7 640.9 630.9 621 607.7 594 585.4 576.3 564.3 546.7 531.3 519.9 510.2 500.2 504.6 515.5 524.2 545.6 569.8 591.9 612.2 632.9 655.4 672.2 696.7 717.9 736.6 758.6 775.4 791.4 806.9 820.5 836 852.2 867.3 884.6 904.9 924.9 945.7 968 990.1 1014.2 1029.6 1047.5 1043.1
513.9 521.4 531.1 543.5 553.7 563.5 570.3 580.9 590.7 601.2 607.7 615.9 620.4 627.6 636.4 645.4 651.7 656.5 661.1 668.4 674.3 684.1 699.5 714.3 735.1 754.4 769 777.2 774 735.5 702.8 680.7 669.2 661.1 649.5 641 626.6 610.8 599.5 591.2 584.4 571.2 558.2 543.3 528.6 517.1 512 508.8 526.8 540.9 557.3 578.8 600.9 621.3 638.7 657.7 672.7 697.8 718.5 739.2 759.8 779 795.9 811.4 827.9 842.5 858.4 875 892.8 913 933.1 955.1 977.1 1000.9 1024.9 1042.5 1066.2 1090.3
515.2 524.7 532.9 542.4 551.3 560.8 572.7 586.5 597.9 610.2 621.1 624.9 630.4 641 653.5 660.7 666 671.1 675.2 680.4 685.6 688.9 692.1 704.3 719.5 741 757.2 770.1 778.8 758.5 725.7 699.8 685.4 672.3 658.4 644.6 627.2 615 603.9 596.6 594.6 582.6 569.6 561.7 547.4 535.7 525.1 518.6 534.5 554.4 570.3 588.7 609.3 626.5 641.3 658.3 674 696.5 719.6 737.5 759.4 779 796 813.2 832.4 848.6 862.8 880.6 900.7 919.9 940.4 962.8 985.6 1011.4 1035.2 1057.3 1083.4 1107.1
516.4 522.2 533.2 542.1 547.8 560.9 575.5 589.8 603.4 617.3 624.3 630.3 640.9 656.5 671.6 681.4 688 689.8 693.9 699.6 703.3 705.8 704.5 703.3 709.2 724.4 742.4 759.9 771.9 776.4 752.1 720.9 702.8 687.5 677.5 668.9 649.8 633.3 622.7 611.3 604.2 594.2 586.5 578 566.3 549.1 538.8 526.6 545.3 561.2 579.9 601.4 619.4 633.7 644 658.3 674 699.6 720.2 735.8 756.4 775.8 792.9 811.7 832.4 848.3 865.5 884.1 904.4 924.7 945.8 969.1 995.7 1021.6 1044.1 1073.2 1096.6 1111.5
517 523 534.6 540.4 549.4 566.2 582.3 593.6 604.2 620 628.5 641.3 655.5 678.1 692.4 703.3 708.7 710 715.2 719.9 722.7 722.1 721.9 719.3 719.6 719.4 729.6 745.2 762.3 773.3 775.9 749.9 730.8 719.2 717.6 706.8 680.9 654.9 638 625.5 621.1 616.2 607.8 593.4 578 559.2 547.7 534 550.7 571.7 591.4 609.2 626.1 639.2 653.7 665.2 677.6 698.3 717.3 734.9 753.1 770.4 786.6 809.1 829.5 846 864 884.8 905.6 926.2 944.6 974.1 1000.8 1024.8 1048.1 1079.6 1101.8 1093.7
