public/OST50/NN64.asc
ncols 200
nrows 200
xllcorner 260000
yllcorner 740000
cellsize 50
[rows 105 to 139 of 200, columns 78 to 155 of 200]
895.4 919.5 933.6 933.8 919 888.1 861.7 839.5 813.6 799 784.1 774.2 774 790 805.3 818.5 832.8 836.2 836.8 837.9 844.1 854.7 867 883.9 898.9 887.4 871.2 843.5 818 796.4 776.3 771.2 758.3 738.5 726.3 716.2 712.3 714.6 713.4 711 710.1 707.8 703.4 696.6 696.6 710.7 729.7 732.9 722.6 719.1 726.2 730.1 741.9 759.1 782.5 813.3 837.3 846.4 850.7 862.1 860.3 855.6 851.1 845.4 834.2 821.9 814.4 805.8 793.7 777.4 759.3 737.2 724.9 714 705.9 699.9 699.3 699.4
894.7 916.8 932.2 937 928.1 901.5 874.5 850.3 825.9 805.8 791.1 788.5 795.5 800 825.6 838.6 848.9 854.8 854.7 854.7 862.2 874.5 886.5 903.6 903.8 888.7 865.4 838 813.7 790.8 768.1 762 750.6 736.3 731.6 720.8 726 727.8 729 728 724.7 722.8 719.6 722.6 728.4 743.5 748.2 743.5 734.1 730.1 734.4 738 747.7 766.5 794 819.9 841.4 847.9 851.4 855.2 857.6 856.7 850.7 838 829 823.1 813.4 801.8 787.8 772.6 759 744.8 733.4 721.8 715.6 708.9 708 708.9
890.5 916.1 929.2 931.3 923.8 904.3 878.4 851.9 831.8 812.4 809.8 815.6 823.9 821.3 844.6 859.4 870.4 871.9 873.7 871.4 877 886.1 896.1 900.2 894.1 882.1 860.9 832.6 807.5 784 763.4 756.2 750.5 740.5 736.2 734.8 740.4 743.6 748.2 747.8 745 740.7 746.7 753.6 770 773.5 764.5 751.9 743.6 738.6 742.5 745.9 756.5 775.6 806.5 832.8 851.6 855.6 855.9 858.7 860.1 859.7 852.4 842.6 832.8 824.3 814.1 802.4 787.7 770.6 760.4 749 740.5 737.1 734.7 727.1 725.1 724.2
885 907.9 924.4 928.8 923.6 915.3 890.7 865.9 844.1 835.3 838.6 847.6 850.4 846.2 861.6 877.2 890.9 892.4 891.3 888.5 890 898.7 906.2 902.9 896.1 883.1 863.3 834.4 811.4 786.1 770.3 755.1 752.6 743 745.2 745.9 750.4 757 759.1 758.3 761.6 765.3 777.7 788.4 802.1 791.2 776.9 761.4 752.9 749.7 752.4 756.1 770 790.1 820.6 839.6 856.5 864 861.7 859.3 860.3 860.6 856.5 848 836.7 826.9 816.3 805 792.2 783.4 775.5 766.7 761.2 759.9 755.2 747.9 744.3 742.4
878.9 902.9 923 932.2 928.3 919.3 902.2 884.1 875.1 870.1 869.5 877.8 877.4 866.5 876.8 898.9 912.5 913.1 909.5 905.3 907 915.8 918 915 906.3 891.3 867.4 823.8 807.4 794.4 783.1 767.9 755.3 749.9 749.1 752.6 759.9 766.4 771.4 776.5 786.8 800.5 810.6 825.7 810.9 796.6 779.1 766.6 758 760.2 763.1 767.4 785.6 806 831.7 844 854.4 859.5 859.1 858.8 859.9 862.8 859.2 851.3 843.7 834.3 822.9 813.9 804.5 795 786.8 782.8 779.6 776.1 772.2 767.2 763 759
869.6 896.7 918.2 936.8 940.4 937.1 935.7 926.1 915.7 909.8 905.3 897.8 890.1 883.3 896.6 919 930.3 931.7 925 923.7 926.5 928 931.4 928.4 915 897.8 858.4 830.3 820.7 810.8 796.6 774.8 763 753.1 757.5 764.3 770.6 779.8 788.5 802 818.4 834.6 842.8 833.8 813.5 796.3 782.2 773.1 769.6 768.2 774 786 803.8 826.9 845.2 848.5 853.1 857 858 858.6 861.4 867.7 864.5 857.3 852.2 847.7 841.3 827.6 815.9 809.3 803.5 797.9 792.5 788.3 784.1 781.7 778.2 774.5
862.5 890.1 920.9 942.7 953.6 967.2 972.3 959.3 948 935.9 925.7 913.4 902.5 904.5 917.1 938 947.7 949.7 946.1 945.6 945.6 946 944.8 941.9 930.7 899 854.7 844.4 829.6 818.4 801.5 779.7 769.6 763.7 762.8 765.6 783.5 793.5 809.2 833.6 854.2 866.6 854.5 834.7 815.6 796.1 788.4 783.7 781 784.3 796.6 806.5 826.2 846.6 853.9 861.9 862.3 861.2 859.5 859.1 865.6 868.7 865.6 864.4 856.6 848.6 839.2 833.8 827.9 821.9 814.3 805.7 802 797.5 792.6 793.6 794.3 795
851.6 881.6 912.1 934.8 955.4 975.7 986.6 977 952.3 946.3 935.9 925 917.6 922.5 933.8 949.8 965.3 975.7 970.5 967 964.4 964.6 965.1 963 946.6 893.7 864.3 854.2 845.5 830.8 813.7 795 780.6 775.2 772.8 776.8 793.7 809.1 830.4 857.7 869.2 867.2 859.9 848.5 830.2 809.7 800.9 801.3 798.7 806.3 816.7 826 842.3 856.9 867.8 874.1 874 868.4 864.6 863.8 877.3 875.6 868 862.6 854.8 847.4 841.7 836.1 830.6 824.2 816 810.8 805.1 800.8 803.2 807.7 809.9 813.2
838 865.6 899.4 928.6 953.9 974.2 990.4 993.4 985.7 954.7 949.7 938.5 931.8 937.4 947.2 961.4 980.7 990.3 987.8 985.7 986.6 988.5 987.8 977.2 956 898.1 882.8 868.3 855.1 837.7 818.4 801.7 795.6 786.8 785.1 783.9 800.7 824.4 844.5 857.7 861.4 858.2 851.3 840.9 834.5 825.5 819 813.5 812.6 821.7 830.3 844.2 862.6 876 880.5 882.9 881.1 878.1 884.3 886.8 896 891.5 884 875.5 866.9 863 858.8 846.8 838.6 832.5 825.9 820.1 817.5 816.8 822 826.5 828.6 830.8
823.4 852.6 885.9 919.4 947.8 974.4 992.8 1006.1 998.1 970.5 963.8 953.8 946.7 950.9 960.5 974.2 990.7 1000.7 1003.3 1005.4 1005.4 1005.4 1002.8 990.2 960.9 917.5 903.6 890.4 871.5 851.9 836.9 824.9 814.5 803.5 798.6 796.8 809.5 834.6 846.7 855.4 862 863.9 852.8 842.9 841.2 837.5 831.8 827.4 828.7 836.5 851.8 865.1 878.5 890.7 893.9 906 906.9 904.9 901.5 904.5 910.8 903.2 901.8 899.8 897.8 890.1 880.6 869.9 857.9 848.3 847.1 843.4 839.6 844.1 845.6 846.1 845.2 847
810.8 839.6 875.2 908.1 940.5 969.1 992.6 1008.8 1009.2 986.2 974.3 966.1 961.7 966.4 974.6 988.7 1001.6 1011.5 1017.4 1023.4 1025.8 1021.8 1007.8 996.2 977 951.6 930.6 906.3 886.8 866.4 863.3 849.5 836.6 822.9 816.9 810.9 826 840.4 849.3 853.8 860.3 861.5 855.1 850.5 848 846.2 846.1 843.9 846 855.2 869.2 885.1 902.6 915.2 919.3 919.2 922.1 920.5 917.2 920.5 924.1 919.1 917.3 917.9 910.8 900.6 890.5 881.3 874 869.9 864.6 860.9 859.7 859.9 859.9 858.7 856.8 856.3
801.5 827.5 861.3 893.6 926.4 959.1 990.1 1011.1 1014.9 1000.4 988.6 980.9 977.2 981.3 988.6 1001.3 1014.4 1028.5 1039.1 1044.4 1048.7 1047.7 1034.9 1014.6 1005.7 982.8 954.4 927.9 908.6 899.9 883.1 865.1 854 839.5 828.6 822.9 828.2 842.6 855 855.5 856.9 857.1 858.7 865.4 867 867.4 865.3 861.5 864.7 875.7 891.3 904.1 922.7 930.2 927.5 923.6 933.5 931.7 926.5 924.7 933.2 934.1 933.6 930.3 919.1 910.9 904.3 898.2 892.2 891.6 888.3 882.7 875.6 870.7 865.6 864.1 861.9 858.3
793.9 817.2 848 878.4 913.9 949 983.1 1013.7 1023.1 1018.4 1002.4 995.6 991.5 995.2 1002 1015.7 1030.3 1045.9 1057.7 1061.4 1065.1 1055 1039.1 1016.4 1012 1005.2 989.5 960.7 935.5 912.9 894.8 875.6 859.9 848 839.4 832.9 829.4 843 853.6 857.2 853.1 855.2 857.1 867.5 875.7 880.7 883.5 881.3 882.4 888.6 898.9 908.4 918.7 923 918.3 921.7 926.6 930.1 925.9 923.4 937.1 944.2 944.6 949.5 942.1 922.5 922.4 920.2 919.4 914.7 905.8 895.4 888.3 881.9 874.6 866.9 859 848.5
787.8 808.7 836.2 866.8 903 939.8 976.8 1012 1036.4 1033.8 1021.4 1011.8 1009.8 1010.8 1016.1 1028.7 1044.3 1059.2 1068.6 1067.8 1063.5 1050.9 1026 1003.4 996.2 991.3 987.1 968.2 942.9 923.7 901.9 882.5 866.4 854.9 843.4 836.5 831.9 840.4 847.9 851.2 851.5 857.5 863.6 870.5 878.7 881.8 885.8 888.4 886.8 888.5 899.6 906.8 911.3 910.4 909.5 915 915.7 920 919.2 922.1 940.5 950.8 949.4 958.4 964.1 958 952.8 940.5 934.4 930.9 923.2 916 905 890.1 880.2 867.3 857.8 837.5
787 804.4 829.1 860.1 898 935.3 972 1012.7 1051.3 1060.6 1043.4 1030.8 1029 1029.1 1033.2 1043.6 1059.3 1073.6 1070 1062.5 1053.6 1039.5 1020.1 1000.4 986.3 975.5 971.9 962.7 945 923.1 902.8 883.9 873.6 857.9 853.3 847.1 835.4 837.5 844.8 850 853.8 862 866.3 873.3 878.4 883.8 885.8 886 884.6 883.7 893.7 902.3 907.6 906.6 905.6 905.5 905.5 912.3 919.9 921.7 936.1 940.7 942.5 960.5 976.8 976.4 969 960.9 947.8 947.4 943.1 933.6 917 897.1 879.3 869.1 840.6 810.5
786.5 803.1 825.7 854.9 894.1 930.5 969.9 1015.1 1055.3 1074.9 1066.5 1052 1048.7 1048.4 1051.5 1063.4 1074.7 1068.1 1059.9 1048.4 1041.4 1031.5 1014.3 994.7 979.4 969 957.1 945.5 929 911 899.5 890.4 871.9 860.3 855 841.5 830.4 833.8 844.1 848.7 850.9 855.6 861.8 869.4 874.6 878.6 887.6 885.3 882.3 876.6 881.6 883.7 886.6 892.7 895.8 899.3 899.8 911.4 918.3 918.7 922.4 929 935.6 956.6 969.1 976 980.7 973 964.3 959.7 955 942.1 925 901.3 880.7 846 819.7 810
786.6 803.6 824.7 853.6 891.3 931 969.5 1011.9 1051.2 1077.9 1084.7 1071.6 1071 1070 1072 1079 1072.7 1061 1041.1 1030.6 1022.1 1014.6 1003.5 987 972.8 960.9 940.8 931.7 917.2 901.9 898.6 894.8 875.7 859.5 851.6 843.4 826.2 829 841.4 845.9 844.6 852.1 854.1 858.8 864.5 867 880.2 881.3 878.3 869.3 868.2 871.4 872.9 880.3 891 896.1 899.3 904.2 908.4 908.2 913.1 921.6 930.3 944.2 961.1 977.7 990.9 990.7 981.3 970.4 967.9 954.8 929.5 904.7 856.5 830.8 823.4 810.5
787.8 808.7 827.5 853.1 889.5 928.9 966.7 1007.3 1050.6 1080.9 1094.3 1090.4 1090.3 1087.6 1091.9 1084.4 1070.4 1050.3 1026.5 1017.4 1010.7 1001.2 988.8 978.4 964 949.6 938.6 922.6 912.3 900.6 886.7 872 864 850.4 841.8 831.7 820.1 820.9 829.8 839.4 835.9 841.2 846.4 850.4 854.7 856.9 863.3 862 858.6 852.5 852 863.5 873.7 884 888.9 892.1 893.5 894.1 896.1 896.2 900.9 911.1 919.6 933.4 953.9 973.8 984 985.3 983.7 982.7 977.1 960.9 943 892.2 851.1 838.3 823 810.6
791.2 812.3 834.2 856.9 886.6 922.2 959.2 998.9 1040.1 1077.7 1098.7 1107 1105.7 1100.3 1102.6 1084 1063.7 1041 1020.9 1008.7 1002.4 999.1 989.9 977 963.3 949.2 934.6 922.8 905.2 901.7 892 872.6 857.3 844.9 831.8 824.8 813.2 811.2 818.7 825.3 828.2 834.1 839.3 844.4 847 848.9 845.2 844.8 837.9 837.6 843.1 860.1 869.4 875.1 879.1 881.9 881.1 879.2 878.9 880.3 886.6 897.9 910.1 924.6 946.4 965.7 978.9 985.5 986.9 997.7 990.2 970.2 944.8 895.7 865 841.7 828.4 812.1
800.6 819.3 837.1 857.4 892.8 932.6 972.3 1008.7 1051.8 1086 1108.3 1106.6 1103 1101.3 1103.1 1074.7 1051.9 1027.3 1005.6 996.5 991.7 988.3 985.3 973.5 957.9 943.7 929.6 917.8 902.9 894.6 894.9 884.6 867.4 849.8 835.9 823.8 811.6 801.3 811.4 818.4 819.1 822.5 828.2 832.8 839.3 843.5 842.8 838.9 835.5 833.3 838.4 851.7 858.2 861.8 864.4 865 863.6 860.2 860.6 864.4 872.4 887 901.5 919.3 937.6 955.8 969.2 976.5 979.6 988.4 994.1 982.7 948.6 913.4 879.3 844 825.5 811.8
809 829.1 847.1 869.2 897.9 934.4 970.1 1011.9 1054 1090.3 1114.7 1096.7 1093.4 1094.3 1096.7 1069.5 1044 1017.2 989.1 979.4 973.1 970.8 972 965.2 952.2 937.7 922.4 907.3 895.1 884 885.9 880.4 868.4 849.1 836.3 823.5 807.7 784.8 800.4 808.5 806.6 809.1 811.8 825.4 831.1 837.6 839.4 838.1 836.9 832.4 834.4 842.6 847.3 846.9 847 846.6 844.8 843.6 844.2 849.3 859.1 875.7 893 910.7 928.1 943.3 955.1 960.5 964.6 973.4 978.1 977.9 959 916.4 878.6 846.4 822.4 813.2
823.6 837.5 855.5 881.7 911.8 947.9 986.3 1028.8 1064.1 1094.4 1110 1084.9 1081.5 1084.1 1088.8 1065.7 1035.8 1009.1 978.4 954.4 942.4 944.5 942.6 948.1 945 930.7 910.8 891.2 876.8 867 864.2 862.9 851.5 835.3 826 816.7 805.2 775.9 789.5 792.6 790.4 792 798.6 807.2 814.1 823.1 825.9 827.3 828.8 828.7 828.9 832.4 835.8 834.1 830.5 830.9 830.9 830.6 829.5 835.3 848.5 865.1 883.4 901.7 917.8 928.9 936.9 943.7 947.3 953 960.2 962.1 947.4 911.2 876.9 844.9 821.5 812.8
836.6 848.9 870.3 901.5 929.4 959.7 995.4 1038.4 1082.6 1110.6 1099.5 1076.9 1076.2 1075 1074.7 1056.7 1031.8 1008.3 976.7 939 915.5 905.3 904.7 901.4 905.4 903.3 890.3 875 857 845.6 842.8 843.1 834.2 824.9 813.8 804.4 796.7 770.8 777.1 777.3 777.6 776.7 782.4 789.5 794.4 801.8 807.8 810.6 812.7 812.7 819.2 820.4 820.4 819 815.4 816.8 817.6 816.9 813.5 825.7 839.1 855.5 872.6 890.4 903.7 911.2 917.2 919.8 924.4 930 939.1 944.1 932.6 902.8 871.9 848.1 823.7 814.1
853.1 862.4 885.6 916.9 951.6 977.4 1015.9 1052.2 1085.8 1101.9 1084.2 1069.6 1074.6 1067 1062.3 1048.5 1027.6 1007.3 974.6 933.1 898.2 879 869.6 864.9 864.8 861.1 858.5 851.7 837.4 825.7 819.9 817.3 815.6 807.9 799.4 789.3 782.2 758.1 762.8 765 763.4 762.2 766.1 768.9 774 780.7 783.9 788.5 789.4 788.2 801.2 804.5 804.4 802 801 799.7 800 799.6 799.8 817.6 832.5 846.6 861 875.2 885.9 892.2 894 893 901.9 909.5 916.5 926.1 918 892.1 867.4 844 828.7 816
866.6 875.1 898.2 929.8 968.2 996.9 1035.2 1069.9 1090.3 1096.9 1074.3 1061 1065.3 1060.6 1054.7 1040.6 1020.5 999.9 979.2 934.3 893.1 863.6 839.7 832.6 825 825.1 830.3 824.4 815.2 803.7 792.7 790.2 797.5 793.2 785.4 775.8 767.6 750.3 749 752.8 751.7 749.1 751.6 751.7 752.3 757.4 760.8 762.8 763.7 766.1 777.6 785 786.9 786.5 785.9 783.2 780.7 780.6 797.4 810 825.4 837.5 846.9 859.5 866.9 871.1 871.5 876.7 882.4 890.9 898.9 904.8 905.7 888.1 867.8 856.3 835 827
882.6 890.4 913.2 949.6 982.5 1015 1044.8 1058.2 1074.1 1080.2 1065.9 1050.1 1058.1 1055.3 1051.2 1036.6 1015.7 993.2 963.8 923 883.9 849.3 817.5 801.7 797.1 795.6 797.1 794.7 786.5 786.8 775.5 771.4 770.6 770.4 767.8 758.7 752.2 742.8 729.7 737.7 738.3 734.7 736.8 736.7 736.8 737.4 740.4 743.9 743.1 749.2 756.7 763.7 770 771.9 772.1 768.8 768.1 773.8 788.3 802.1 816.9 826.7 832.6 842.1 849.2 853.5 853.7 861 864.7 871.6 878.1 884.3 885.7 877.4 872 862.4 841.1 826.4
901.4 911.3 937.1 968.4 993.8 1017.4 1036.6 1048.1 1047.5 1045.8 1033.2 1036 1051.3 1047.3 1046.7 1032.4 1009.9 984.3 943.9 906 869 833.4 800.4 779.6 773.4 770.8 765.4 759 761.6 759.5 753.6 752.5 749.5 750.2 747.3 742.3 738.2 729.9 715.4 723.6 724.5 724.9 723.4 723.2 723.5 724.7 724.6 726.8 727.7 733.9 740.1 747.5 753.6 757.2 757.3 757.5 753.8 768.8 781.1 794 804.4 813 819 823.8 831.9 836.6 836.1 842.2 845.5 850.4 858.1 863.1 866.9 867.1 863.5 857.1 842.6 827.3
921.9 931.7 960 983.7 997.9 1005.1 1010.4 1024.1 1025.8 1018.9 1011.5 1016.9 1031.7 1033.3 1034.2 1021.7 1003.4 984.9 925 895.2 857.2 821.1 792.5 769.9 752.5 748.6 746.3 741.4 744.5 741.7 738.8 734.1 732.6 731.2 730.8 727.6 722.5 714.6 705.6 711.2 710.5 711.9 711.3 712.2 710.4 710 712.1 712.7 712.8 719.5 724.8 731.1 738.1 742.7 745.1 746.6 748.6 761.2 772 783.8 792 799.9 805.7 808.6 813.6 817.6 819.5 822.2 826.5 829.8 835.7 844 851.9 853.7 852.7 848.1 836.2 821.2
953.5 960 976.2 988.2 998.5 992 985 999.1 1001.2 1004.2 993.6 999.1 1009.6 1012.4 1015.5 1011.9 994.7 978.4 927.7 891.2 855 815.5 786.8 762.4 740 728.3 729.8 728.9 729.5 727.6 723.9 718.6 717.9 717.6 717.4 714.1 710.9 705.4 696.1 700 698.4 700.8 698.7 701.2 699.1 699.6 700.3 702.6 701.2 707.9 711.3 716.2 721.7 728.5 732.5 734.1 741.3 752.2 761.2 770 779.5 783.2 790.9 796.6 798.9 802 803.5 805.6 810 815 821.6 827.6 832.5 836.1 835.4 830.6 824.7 815.4
996.5 993.8 989.7 988.8 989.5 978.2 968.6 971.4 972.4 976.4 975.5 981 989.8 990.9 998.7 996.7 989.3 974.4 933.5 888.2 851.5 817.5 786.1 752.9 727.1 718.3 712.3 713.8 714 712.7 710.4 706.8 704.6 704.3 704 702.9 699.5 697.8 685.6 692.9 688.2 689.4 687.8 688.8 689.3 690.8 691.3 692.9 692.8 697.7 701.4 706.1 710.2 714.8 719.9 723.4 732.7 741.7 749.2 758.4 767 773.2 778.3 783.4 785.9 788.8 791.3 793.5 798.9 804.6 809.9 815.9 819.3 822.3 823.8 823.6 818.1 808.9
1039 1026 1008 994.1 981 972 964.4 951.7 951.4 952.6 957.8 961 967.8 968.1 973.5 976.7 976.1 959.2 918.3 878.6 845.2 811.1 777.1 749.4 726.7 715.2 705.1 701.1 700.9 700.5 700.7 697.4 694.1 692 692.7 693.4 690.8 687.8 680.4 682.1 680.2 679.9 680.2 680.5 680.8 682.3 683.4 684.5 686.5 689.7 693.4 696.6 701.5 705.3 708.2 715.8 724.1 732.8 739.5 748.1 756.2 761.4 766.1 771.8 774.9 778.2 780.1 782.4 788.2 793.4 797.3 800.2 803.2 809.4 815.3 817.2 811.9 803.5
1088.8 1059 1022.9 992.4 976.6 961.2 944.1 934.1 934.8 931 934.6 934.3 941.2 942.3 947.9 954 951 925.7 895.7 862.4 833 802.5 774.2 750.1 729.4 712.4 706.9 702 691.9 687.4 691.2 690.7 688.2 683.3 683 686.8 684.4 681.5 676.9 672.2 671.8 671.8 671.9 672.8 673.6 675 676.3 676.2 680.2 682.4 684.8 688.8 692.4 695.8 699.3 708.2 714.3 724 731.7 738.5 745.7 752.2 756.7 761.4 763.9 766.7 769.1 771.4 775.1 780.8 785.8 792.6 798.5 808 813 813.8 808.3 795.8
1100.1 1064.5 1016.4 978.4 959.8 949 937.4 919.8 914.1 907.9 914.5 909.4 914.9 916.8 921.5 923 912.8 893 869.1 843.5 817 789 763.9 744.7 727 713.9 704.2 697.7 688.8 682.8 680.3 683.5 683.2 682.2 677.2 677.3 680.3 676.8 675.6 661.6 664.6 664.1 665.4 666 664.8 666.2 667.7 667.7 671.9 674.5 676.5 680 683.1 686.3 692.8 699 704.6 712.9 722.4 728.9 735.2 741.1 744.8 748.7 750.7 751.8 755.4 760.5 766.3 769.9 777.1 785.4 792.9 802 805.7 805.5 798.2 786.7
1087.6 1040.1 999.2 956 930.5 922.5 910 894.8 884.8 880.3 886.4 879.9 887.7 888.1 891.9 884.1 870.8 861 843.7 820.7 801.5 780.6 762.2 746.4 732.9 719.6 706.4 695.3 689.5 680.6 675.7 675.8 678 679 675.3 669.9 670.7 670.1 666.4 661.1 656 658.5 658.3 658.4 656.8 657.8 658.7 659.5 663.3 666.3 669 671.3 675 676.8 684.9 689.8 693.9 698.9 707.9 716.3 721.2 726.7 732.2 735.2 737.3 739.5 740.4 748.3 761.3 768 775.3 784.1 790.7 795.4 800.8 796.7 791.5 777.2
1071.2 1040.1 982 935.5 898.8 883.1 872 861.5 853.1 849.6 856.4 848.7 858.1 857.6 864.3 848.1 837.2 831 819.2 804.5 797.1 778.5 762.3 746.9 736 727.3 712.3 698.1 687.4 677.4 673.5 673 673.5 674.4 671.3 665.7 664.6 661 661.1 658.2 649.5 650.7 651.8 649.8 648.5 649.6 649.4 651.6 654.4 657.7 660.8 663.4 665.6 671.6 675.3 679.4 681.8 685.7 690.9 697.4 705.7 710.8 715.5 719.6 722.6 722.7 727.5 742.9 752.8 762 767.4 773 780.5 785.6 799.1 804.2 794.6 767.1
