public/OST50/NN65.asc
ncols 200
nrows 200
xllcorner 260000
yllcorner 750000
cellsize 50
[rows 140 to 174 of 200, columns 0 to 77 of 200]
460.8 467.3 470.2 472.3 481.1 489.5 494.8 499.6 505.4 511.6 516.2 521.1 525 533.5 541.2 548.1 554.3 561.3 568 575.7 582.9 588.6 595.5 602.6 608.2 612.5 616.1 620.2 621.5 620.1 615.2 611.1 605.4 599.1 592.1 585.4 579.4 573.6 565.5 557.8 550.9 543.5 535.8 529 525.2 521.2 516.7 499.9 513.6 514.9 511.8 490.7 488.9 506.8 522.8 527.4 532.8 539 553.4 565.8 578.8 597.7 614.5 628.2 640.1 651.7 663.2 682.9 699.3 709.3 712.8 707.3 702.3 693.3 681.5 664.8 650.4 644.4
466.4 472.8 476.6 478.7 479.2 490.9 498.5 504.4 508.4 515.1 519.7 522.6 527.6 537.4 543.5 550.9 557.9 565.1 572.2 579.6 585.8 592.7 600.3 606.8 612.7 618.6 622.5 626.2 626.8 624.9 620.9 617 612.9 606 599.5 593 586.4 579.2 572.1 563.3 557.4 550.9 543.9 538.5 533.9 528.4 522.5 508.7 518.7 518.3 517.7 507 492.6 498.6 520.8 528.3 532.1 537.1 548.9 560 572.4 589.5 607.7 622.3 637.9 648.3 657.4 667.5 687.4 699 708.5 702 695.9 686.3 673.6 658.7 646.7 639.3
471.5 477.7 482.2 484.3 485.3 491.8 500.7 506.4 511.1 518.9 522.2 524.6 530.8 538 546.3 553.5 560.7 568.4 575.2 582.1 589.7 596.5 603.6 610.6 617.3 623.4 628.1 631.7 632.9 631 628.8 626 620.1 613.3 607.3 600.8 593.2 585.9 578.2 571.1 565.3 557.4 552.3 547.5 540.4 535.4 527.3 512.7 522.9 521.6 522 520.5 507 498.9 503.5 517.4 530.7 535.7 542.6 554.1 567.7 579.3 599.4 613.1 631.9 643.3 651.6 659.8 679 690.3 699.9 696.6 690 678.1 662.6 649.7 640.4 637.5
477.3 480.5 486.3 487.7 491.2 492.3 502.3 508.1 514 521 525 527.1 533.9 540.6 549.9 557 563.9 570.2 577.1 584.7 592.1 599.4 607.5 614 621.3 627.8 632.9 637 638.3 637.5 635.7 631.7 625.2 619.9 614.9 608.7 600.5 593.2 586 577.7 572.8 566.8 562.2 555 547.4 541.4 533.3 521.5 525.9 524.8 525.9 525.8 519.7 506.6 518.1 527.8 532.3 533.7 540.7 550.9 563.7 573.1 592.7 606.4 620 635.2 647.2 657.4 667.4 683.9 694.8 693.8 681.8 674.3 656 645.5 638.8 635.2
483.7 485.4 489.5 491.3 495.7 499.1 504.3 510.1 516.2 520.4 526.1 531 537 544.4 552.6 559.5 565.4 572.3 578.9 586 594.8 602.1 609.9 617.3 624.5 631.2 636.1 640 642.9 643.2 641.5 639 635.2 629.9 625.6 619.2 611.1 602.3 595.1 587 582 576.5 569 561.6 554.2 547.6 537.2 527.6 529.2 529.9 529.9 530.7 529.8 510.3 525.4 530.9 533.5 536 539 549.2 560.1 570.1 585.9 600 613.5 627.1 639.2 653.4 662.7 677.1 690 686.6 676.3 667.3 652.2 644.2 638.3 632.9
488.5 491 492.1 494.9 499.2 503.1 506.4 510.7 517 523.9 528.4 533.2 540.3 547.8 555.1 561.2 568.1 574.8 581.1 587.9 597.3 605.2 613.4 620.2 627.6 634.6 639.8 644.9 647.6 648.9 648.8 646.2 643.1 638.5 632.8 625.5 618.2 610.5 603.5 596.4 590.2 583.5 575 567.2 559.6 551.6 542.6 526.6 537.4 536.2 534.3 535.1 531.1 513.2 520.2 526 535 537.5 541.6 546.5 557.2 570.7 582 594.7 608.1 620.6 635.8 650.2 662.1 672.1 680.5 680.2 674.3 669.8 653.3 643.3 638 636.4
491.1 493.9 493.7 500 504.2 507 510.4 513.8 519.7 525.7 529.2 533.9 541.3 549.9 556.3 562.6 569.4 576.6 583.2 591.2 600.3 608.2 617.3 624.1 632.2 639.1 644.8 649.1 652.8 653.9 654.7 653.6 649.1 644 637.3 631.1 624.5 618.5 611.6 603.5 596.5 589.6 581.1 571.8 563.9 553.9 549 531.8 542.9 541.3 539.4 540.1 534.4 524.5 520.2 521.6 537 539.4 543.5 546.2 556.9 568.6 579.8 591.2 603.9 618.1 634.2 648.8 657.1 668.3 672.5 673.3 671.3 665.4 651.8 641.2 640.8 641.3
491 494.6 498.4 503.1 507.2 510.8 513.7 518.1 522.2 526.4 530.7 535 543.1 550.3 556.3 563.8 570.9 578.2 585.5 593.8 602.9 612.3 620.9 628.7 636 642.8 648.4 653.4 657.3 658.7 659.4 658.4 654.5 651.3 645.5 640.7 636.5 630.7 622.8 612.6 603.4 596.1 586.6 576.8 567.1 562.7 553.4 537.4 550.2 547.3 547.1 543.3 538 528.5 529.7 528 540.2 541.8 545.7 550.3 559.1 570.7 580.4 590 602.7 618.1 633.4 647.8 655.9 666.1 670.8 672.9 667.6 659.4 651.2 649.7 650 649
490 493.8 499.3 502.8 508 511.9 516.3 520.6 524.5 529.2 533 538.5 545.2 550.8 556.7 563.9 570.9 578.4 586.9 596.6 605.5 615.4 624.1 632.6 640.1 646.1 651.9 657.1 660.9 663 663.3 661.9 660.6 656.6 652.7 647.9 642.7 636.9 627.7 618 608.5 601.2 590.6 580.2 574.6 567.9 551.9 541.7 554.3 555.1 551.3 546.2 539.1 539 540 533.4 542.3 545.2 549 553.3 559.1 570.9 580.5 591.2 602.2 618.7 635.4 646.5 657.1 667.8 673.7 676.1 670.2 662 661.8 662 660.8 657.3
490.8 495.9 500 505.1 510.2 514 518.7 522.4 527.9 532.6 536.1 540.7 546.2 551.8 558 565.9 572.8 580.4 589.3 599 607.7 617.4 626.5 633.9 643.2 649.4 654.7 660.4 664.3 666.9 666.8 666.5 664.5 662.4 659.1 654.1 648.1 640.9 633.3 623.5 611.7 603.2 594 585.9 578.3 571.3 550.1 555.4 560.4 557.8 553.6 549.3 545.4 544.9 544.6 543.4 539.8 548.1 553.2 558.2 561.4 572.6 582.5 594 604 619.2 636.7 646.2 659.8 671 678.9 680.1 670.6 669.8 672.2 670.5 668.9 665.8
492.4 497.4 501.9 507.2 511.8 516.9 521.1 525.4 530.4 534.8 539.7 544.3 549.5 554.9 561.9 568.2 576 584.1 593.7 601.3 611.6 621.6 629.5 638.3 646.3 653.5 658 664.4 667.5 669.4 670.3 669.4 668.8 666.9 662.8 658.3 652.2 645.6 636.3 626.3 615.2 603.7 596.3 588.1 581.1 571.7 550.5 570.1 566.3 561.1 554.3 552.6 555 551.7 551.3 550.1 542.8 549.3 556.3 562.5 565.8 573.9 584 595.3 605.2 620.9 637.3 650.2 667.9 676 682.7 685.7 676.6 678 680.4 677.8 674.8 672.8
492.9 498.7 503.2 507.7 512.9 518.4 523.5 527.6 532 536.7 542.4 547.8 552.4 558.5 565 571.9 579.1 585.2 595.1 605.2 614.8 624.5 632.7 642 649.8 656.2 661.7 667.4 670.8 672.9 673 672.8 672.8 670.6 666.9 662.3 656.2 649 639.8 627.9 617.7 605.6 597.2 589.6 583.1 567.7 563 575.2 569.3 563.3 563.4 564.1 561.8 558.2 557 555.5 550.4 546 559 565 568.9 575.2 586.3 597 606.5 621 638.5 654.8 674.1 680.3 687.5 689.4 685.9 686.5 690.3 685.1 682.6 679.2
492.6 498.6 503.2 508.7 515.2 520.6 524.9 529.9 534.4 540.1 545.3 549.7 554.7 561.8 567.6 575.2 582.9 591.1 599.2 606.8 617.1 625.8 634.9 644.2 652.7 659.3 664.6 669.9 674.3 675.6 676.2 676.2 676.2 674 671.6 667.1 662 654.9 643.7 630.9 620.2 608.5 598 590.8 583.1 565.1 573.7 577.9 572.2 570.2 571.1 568.8 566.7 565.6 564.2 563 559 550.6 553.9 564.3 571.7 578.2 584.9 598.9 609.8 622.8 641.6 658 676.4 683.2 697.7 699.5 696.3 694.4 695.6 692.9 690.9 690.6
493.3 498.5 503.7 509.5 516.9 522.1 526.9 531.5 536.2 542.7 547.6 551.9 558.1 564.7 571 578.7 586.4 594.2 602.3 610 619.6 628.1 638.1 648.5 655 663.2 669.7 675.1 678 679.1 680.1 680.8 680.2 678.6 676.9 673.3 667.4 658.9 645.2 634 622.3 609.8 600.5 592.8 579.9 570.5 582.8 581.2 577.7 576 575.6 575.6 574.3 576.5 572.1 569.9 566.6 558.8 556.2 557.5 564.3 574.6 587.9 599.4 609 622.2 640.8 660.2 676.1 687.7 706.7 707.6 706.9 704.2 701.4 698.9 699.1 699.9
493 498.6 504.5 511 517.4 522.7 527.7 532.9 537.6 544.4 548.4 554.2 561.4 567.3 574.6 581.6 588.8 597.4 604.7 615.4 623.6 632.2 642 652.7 661.2 669.2 675.7 680.6 682.6 683.9 684.2 684.6 684.6 683.2 680.5 676.7 670.3 661.2 647.5 635.8 622.8 611.4 601.5 590.6 572.1 587.4 589.2 583.8 584.4 583.3 583.4 585.2 584.5 586.6 586.1 579.4 573.4 565.7 564.9 565.6 563.8 567 584.1 599.9 609.3 620.1 635.8 656.1 674.1 688.8 710.4 714.9 715.7 713.4 706.5 707.3 708.1 711
493.7 499.7 506.2 512.3 518.1 522.9 528.3 533.4 539.6 545.2 550.3 557.3 564 569.7 577.2 583.6 590.4 598.9 607.3 616.9 624.9 636.7 646.9 657.7 665.8 675 682.4 686 688 689 689.4 689.5 688.1 686.1 682.5 678 671.4 660.1 647.8 635.7 623.6 612.5 603.6 600.9 582 594.1 593.7 592.8 592.4 591.4 593.7 594.9 594.2 594.8 591.2 586.5 580 577.5 576.3 573.5 572.2 568.9 585.3 604 611.1 617.8 632 652.1 669.7 686.9 709 718.9 724.8 722.6 716.2 717.4 722.6 721.7
494.2 500.3 506.7 513 518.4 523.3 528.9 534.9 540.1 546 551.6 557.9 563.9 571.2 578.4 585.2 592.8 601.6 609.8 617.8 627.3 641 651.7 663.6 673 683.9 690.3 692.4 693.9 694.9 695.5 695.3 692.1 688.7 684.5 678.9 672 661.8 648.7 636.4 625.3 616.7 610.1 605.7 586.2 603.2 598.3 599.3 601.2 598.9 602 603.4 604.3 602.7 598.5 594.4 589.2 585.8 585.6 585.9 578.9 571.9 580.5 601.8 614.4 618.7 628.7 644.9 667.6 683.1 704.6 723.6 730.3 729.6 728.8 727.2 738.7 739.9
494.6 499.7 506.7 513.2 518.8 524.2 530.7 536.7 541 548.1 554.3 560.9 567.2 573.6 579.7 586.9 595.9 604.9 612.2 620.2 631.5 644.8 655.8 669.7 680.8 690.5 695.5 697.8 699.3 699.9 703.1 699.9 695.1 690.1 687 679.9 672.9 661.4 651.6 641.3 631.1 622.1 618.7 611.7 592.7 611.8 608.3 610 608 607.8 610.2 611.7 611.4 608.9 606.4 601.4 597.2 594.2 593.5 591.7 589.5 583 578.4 603.4 611.3 616.9 625.7 641 660.2 678.2 703.2 722.8 733.7 737.1 738.4 737.6 748.6 753.1
494.6 500.9 507.2 512.9 518.5 525.4 531.2 537.3 542.8 549.6 554.9 562.4 570 576.8 583.2 590.7 599.1 607.2 614.8 623.7 635.3 647.4 661.2 675.1 688 696.3 699 702.4 704.6 706.7 711.5 711.4 708.1 698.7 690.1 682.7 675 665 654.9 646 635.8 626.9 621.5 613.3 607.8 618.8 615.9 617.8 617.9 618.6 617.8 619.6 619.3 617 613.5 607.1 604.6 602.1 600.1 596.5 593.8 596.9 583.1 594.8 611.1 616.1 623.8 636.1 655.1 673.4 694.9 717.9 738.2 741.9 742.6 746.7 755.5 762.7
494.9 500.4 506.6 512.1 518.4 525 531.1 537.4 543.5 549 556.6 564 570.7 578.3 585.9 595.2 603.3 610.1 617.8 628.5 639.2 651 666.5 681.9 691.6 699.8 703.9 706.4 708.9 714.7 719.7 720.6 716 708 697.1 686.2 678.5 670 659.1 650.7 641.7 635.9 631.9 612.6 619.5 625.2 621.5 626.7 626.6 629.6 629.6 628.8 627 624.2 620.5 615 612.6 611.3 605.5 602.6 600 602.3 592.5 588.7 608.9 615.9 623.4 633.3 649.6 670.6 689.8 712.5 735.3 743 746.9 754.2 763.5 776.7
496.2 501.5 506.7 513.1 519.3 525 531 536.7 543.5 549.1 557 564.1 572.1 580.5 588.9 597.9 606.6 613.5 622.9 632.9 642.6 656.3 670.7 686.6 696.8 704.4 709.1 711.9 716.8 722.3 729 727.8 722.5 713.7 701.1 689.3 682.2 675 665.1 657.1 649.6 643.8 638.1 618.6 629.1 631.7 629.4 634.5 637.8 638.5 639.2 638.4 635 631.7 626 622.6 619.8 617.4 614 609.3 606.2 608.7 607.7 592.5 605.8 616.1 623 632.5 647.5 665.4 685.2 704.1 730.9 744.5 752.5 764.8 772.5 786.8
497.5 502.5 507.4 513.7 520.1 525.5 530.6 537 544.1 550.3 557.7 566.1 573.8 582.5 590.3 599.5 608.3 617.6 627.1 636.9 647.4 658.6 673.4 691.7 701.4 709.3 715.7 719.1 724.5 731.9 736 733.3 726.5 717.6 705.2 694 685.9 679.6 670.4 663.5 656.1 648.7 640.6 630.3 632 638.8 639.1 642.7 646.6 649.2 650.6 649.5 645.2 638.6 633.3 630.6 627.7 623.8 620.8 616.2 613.1 613.7 612.2 603.4 599 617.4 624.3 631.7 643.5 659.6 681.3 700.1 723.5 747.5 761.9 771.7 778.5 792.4
500.2 504.6 509.1 513.9 520 525 530.4 536.3 543.4 551.2 558.9 566.8 575.1 582.4 591.4 601 610.4 621.7 631.2 641.7 650.5 662.8 677.2 694.5 707 714.6 721.2 728.3 732.8 739.5 741.5 739.4 733.5 723.6 711.6 700.6 694.1 685.1 678.3 669.4 661.3 654.1 645.1 640.7 637 642.5 647.9 651.7 655.4 658.1 661.4 658 652.5 645.6 640.6 637.4 634.4 629.8 626.2 622.2 620.1 619.4 617.9 611.3 606.1 619.2 625.2 632.5 642 659 677.7 695 719.8 745 765.7 776.1 783.4 798.9
501.9 506.3 510.3 515.6 521 525.8 531.1 538.2 544.8 552.8 560.2 568.6 576.7 584.8 594.2 604 615 624.5 634.3 643.3 653.5 665.4 680.3 697.7 711.8 721.4 729.2 737.5 742.4 747 747.8 745.5 739.6 730.1 719 708.6 700.8 694.1 684.7 676.2 668.7 659.5 655.7 650.9 645 652.8 656.7 660.6 664.8 667.7 668.2 665.4 659.2 653.9 649 643.9 640 635.5 631.7 628.9 627.7 623.7 623.4 620.2 607.1 622.5 626.8 633.1 642.2 656.7 671.4 686.7 715.4 738.9 759.4 775.5 785.6 807.4
503.2 507.9 511.3 516.2 520.8 525.7 532.4 538.7 546.3 553.8 561.2 570.4 577.3 586.6 595.5 605.9 615.7 626.5 635.9 645.6 658 669 683 701.1 715.2 726.1 736.3 742.9 749.8 754.6 754.1 750.4 745.4 737.8 726.5 716.2 708.3 700.7 692.9 684.9 676.4 668.9 662.3 653.2 654.8 661.3 665.5 671.4 673.4 676.1 673.6 668.7 666.3 661.7 655.7 651.9 645.3 642.2 639.6 635 632.6 629.7 628.2 626.7 615.9 619.1 631.2 634.6 643.2 653.9 669.6 683.6 707.7 732.2 752.1 767.9 784.6 807.2
501.5 509.1 512.9 516.7 521.2 526.4 533.6 540.1 546.8 554 562.3 571.7 581.1 589.4 598.6 608.3 617.5 627.1 640.5 650.8 660.7 669 684.2 703.9 719.3 732.1 741.2 749.1 755.4 759.7 760 757.6 753.1 744.7 732.4 723.3 714.5 706.1 697.8 690.6 681.5 678.6 669.3 658 672.7 672.4 676.1 681.5 684.7 683.6 678.1 676.1 673.2 670.9 668.6 660.9 654 649.4 646.8 642.9 637.4 635 632.2 631.6 618.9 629.7 630 637.8 643.5 653 667.7 680.1 699.8 722.5 738.6 760.5 781.4 804.2
503.8 505.7 513.9 517.7 522.1 527.6 533.8 540.1 547.7 555.7 564 572.6 581.1 590.4 600.2 610.5 617.7 629.1 643 653.6 661.8 672 688.6 706.8 722.7 736.6 746.5 754.7 761 765.9 766.1 764.3 760.5 751.2 739.2 729.6 719.7 711.9 703.2 694.4 689.8 681.2 678.6 666.9 678.7 679.8 685.8 692.5 695.4 691.8 690.3 689.2 684.4 684.3 680.7 672.2 665 659.2 653.1 648.7 641.8 638.8 636.4 630.1 626 635.3 634.5 637.3 646.2 653.2 666.2 680.2 695.2 710.3 732.3 753.3 775.6 799
511.5 511.3 511.8 518.1 522.8 527.9 534 540.4 547.6 556.2 564.7 573.6 583.8 593.1 602.6 611.2 622.3 632 642.5 654.3 663.3 674.2 691.9 709.7 725.6 740 752.2 762 767.9 772.3 773.2 771.7 766.4 757.5 745.8 734.3 725.8 715.8 707.3 703.3 695.6 687.3 683 678.4 683.9 687.2 696.4 702 705 705.4 704.5 700.9 695.8 694.3 688.4 680.5 673.2 666.7 660.9 655 647.2 642.6 639.5 629.2 633.6 638 640.6 641 647.4 655.8 665.5 675.3 688.7 706.7 727.1 745.6 766.3 794.6
515.3 516.6 515.2 516.3 522.3 527 533.7 540.7 547.4 555.8 564.4 575.1 584.9 593.7 603.5 614.2 624.7 635.6 645.1 655.3 665.1 679.7 696.9 711.9 729.7 745.3 759.6 770.8 775.9 779.9 781.9 778.9 773.8 763.6 750.7 740.5 731.9 722.1 715.1 708.5 699.7 694.3 686.1 686.6 690.4 695.5 704.3 713.3 720.3 721.8 718.9 712.6 708.4 702 694.3 686 678.5 672.8 666.9 661.5 653.5 646.4 641.5 636.6 641.7 641.7 644.2 647.3 647.8 658.4 667.5 677.1 688.8 705.5 723.7 741.2 761.3 780.8
519 519.8 521 521 520.2 527.9 533 540.1 547.3 556.5 564.7 574.5 585.3 594.4 603.8 615.9 626.7 636.8 646.9 657.5 670.1 685.2 701.4 716.8 735.3 752.1 766.4 778.2 782.5 786.7 789.2 786.4 781.7 770.7 757.3 747.4 737.1 727.4 721.4 712.5 707.5 701.5 687.2 694.6 698.9 704.9 712.7 725.8 734.9 738.3 735 730.1 722.7 710.2 698.6 691 682.5 677.6 674.2 666.6 659.3 651.9 643 643.7 646.4 647 648.2 651.6 655.6 657.8 666.5 676.8 688.6 704.2 723 740.5 758.5 776.4
522 523.9 524.1 525.5 526.7 525.6 533.9 540.4 548.8 556.6 566.5 576.4 587.3 596.1 607 619.5 629.6 639.3 650 660.5 675.2 692.7 708.8 725.5 743.2 759.4 773.8 783.2 789 795 796.3 794 787.6 777 764.2 753 744.3 734 729.3 717.3 712.7 702.3 697.9 700.1 707.4 714 724.7 736.8 747.2 751.7 750.5 747 735.3 722.1 705.4 696 687.1 682.5 678.2 671.8 663.5 656.7 645.8 650.8 652.3 652.4 653.5 657.5 661.7 667.7 671.4 679.1 690.2 706.1 722.2 739.3 755.9 774.7
525.7 528.3 529.5 530.2 530.1 526.4 535.8 544.7 550.2 557.4 566.7 576.6 586.8 597 609 620.2 632.4 641.9 652.1 666.3 683.9 701.1 717.7 735.8 753.2 768.9 782.1 788.1 796.1 801.8 802.7 799.7 792.1 782.3 769.4 758.8 748.4 740.5 731.9 723.2 717.8 713.3 702.5 708.9 715.2 723.6 733.6 748 756 759.4 758.7 752.4 741.5 730.6 711.4 700.2 691.4 686 680.5 673.3 668.3 657.9 650.7 657.7 657.3 657.9 660.3 664.8 668.5 674.6 680.8 687 695.5 710 725.6 743 758.6 775
527.8 530.8 533 533.7 533.8 531.5 536.9 544.5 550.7 558.2 567.3 576.5 585.9 597.3 609.5 621.9 633 645.5 659.8 675.8 692.7 709.6 727.2 746.8 763.9 780.2 789.3 795.3 803.2 808 808.8 805.6 797.5 786.5 775.4 765.3 754.8 745.2 734.9 726.5 724.3 719 715.9 717 722.6 731.6 743.3 757.6 764.3 765.5 761.8 753 744.9 731.5 713.8 702.3 695.2 689.3 684 676.9 671.1 668.5 657.7 663.7 662.8 663.9 670.3 672.9 678.4 686.9 690.7 698.6 703.6 718.5 733.8 748.3 764.9 779.1
532.2 534.5 536.3 540 539.4 538 537.3 544.9 551.5 558.6 567 576 585.4 596.2 610.2 622.3 635.5 648.5 667.2 683.8 701.5 718.9 737.9 757.4 774.2 787.9 796 803.5 811.2 815.8 815.9 812.2 804.7 792.3 781 772.8 760.9 749.3 738.2 737.4 730 725.9 723.4 724.2 731 740.8 754.3 764.9 772 773.7 765.9 754.9 744.1 729.5 714.9 704.5 697.8 692.3 687.2 679.4 674.9 670.8 669.8 670.2 669.3 672.9 678.5 683.9 692.2 698.4 703 711.1 715.2 728.8 742 757.1 773.6 785.3
536.7 538.8 540.4 542.3 544 543.8 539.1 543.4 551.3 557.5 566.6 575.9 585 596.2 610.3 624.8 639.2 653.7 672.4 690.6 708.4 727.6 747.5 766 783.5 794.6 805.3 813.7 819.4 823.9 824.3 819.9 812 800 789.7 781.4 769.6 757.7 747 745 739.9 735.5 731.9 732.9 740.9 748.8 761.5 771.6 779.8 779.8 766 755.6 742.5 729.6 715.6 705.4 698.6 694.8 689.5 682.2 680.5 671 676.5 674.9 677.9 682.4 689.4 697.1 704.7 710.8 717.1 726.9 728.8 745.9 757.5 768.7 782.9 795.4
