public/OST50/NN65.asc
ncols 200
nrows 200
xllcorner 260000
yllcorner 750000
cellsize 50
[rows 35 to 69 of 200, columns 0 to 77 of 200]
205.4 205.4 205.4 205.4 205.4 205.4 205.4 205.4 205.4 205.4 205.4 205.4 205.4 205.4 205.4 205.4 205.4 205.4 205.4 205.4 205.4 205.4 205.4 205.4 205.4 205.4 205.4 205.4 205.4 205.4 205.4 205.4 205.4 205.4 205.4 205.4 205.4 205.4 205.4 205.4 205.4 205.4 205.4 205.4 205.4 205.4 205.4 205.4 205.4 205.4 205.4 205.4 205.4 205.4 205.4 205.4 205.4 205.4 205.4 205.4 205.4 205.4 205.4 205.4 205.4 205.4 205.4 205.4 205.4 205.4 205.4 205.4 205.4 205.4 205.4 205.4 205.4 205.4
205.4 205.4 205.4 205.4 205.4 205.4 205.4 205.4 205.4 205.4 205.4 205.4 205.4 205.4 205.4 205.4 205.4 205.4 205.4 205.4 205.4 205.4 205.4 205.4 205.4 205.4 205.4 205.4 205.4 205.4 205.4 205.4 205.4 205.4 205.4 205.4 205.4 205.4 205.4 205.4 205.4 205.4 205.4 205.4 205.4 205.4 205.4 205.4 205.4 205.4 205.4 205.4 205.4 205.4 205.4 205.4 205.4 205.4 205.4 205.4 205.4 205.4 205.4 205.4 205.4 205.4 205.4 205.4 205.4 205.4 205.4 205.4 205.4 205.4 205.4 205.4 205.4 205.4
205.4 205.4 205.4 205.4 205.4 205.4 205.4 205.4 205.4 205.4 205.4 205.4 205.4 205.4 205.4 205.4 205.4 205.4 205.4 205.4 205.4 205.4 205.4 205.4 205.4 205.4 205.4 205.4 205.4 205.4 205.4 205.4 205.4 205.4 205.4 205.4 205.4 205.4 205.4 205.4 205.4 205.4 205.4 205.4 205.4 205.4 205.4 205.4 205.4 205.4 205.4 205.4 205.4 205.4 205.4 205.4 205.4 205.4 205.4 205.4 205.4 205.4 205.4 205.4 205.4 205.4 205.4 205.4 205.4 205.4 205.4 205.4 205.4 205.4 205.4 205.4 205.4 205.4
205.4 205.4 205.4 205.4 205.4 205.4 205.4 205.4 205.4 205.4 205.4 205.4 205.4 205.4 205.4 205.4 205.4 205.4 205.4 205.4 205.4 205.4 205.4 205.4 205.4 205.4 205.4 205.4 205.4 205.4 205.4 205.4 205.4 205.4 205.4 205.4 205.4 205.4 205.4 205.4 205.4 205.4 205.4 205.4 205.4 205.4 205.4 205.4 205.4 205.4 205.4 205.4 205.4 205.4 205.4 205.4 205.4 205.4 205.4 205.4 205.4 205.4 205.4 205.4 205.4 205.4 205.4 205.4 205.4 205.4 205.4 205.4 205.4 205.4 205.4 205.4 205.4 205.4
205.4 205.4 205.4 205.4 205.4 205.4 205.4 205.4 205.4 205.4 205.4 205.4 205.4 205.4 205.4 205.4 205.4 205.4 205.4 205.4 205.4 205.4 205.4 205.4 205.4 205.4 205.4 205.4 205.4 205.4 205.4 205.4 205.4 205.4 205.4 205.4 205.4 205.4 205.4 205.4 205.4 205.4 205.4 205.4 205.4 205.4 205.4 205.4 205.4 205.4 205.4 205.4 205.4 205.4 205.4 205.4 205.4 205.4 205.4 205.4 205.4 205.4 205.4 205.4 205.4 205.4 205.4 205.4 205.4 205.4 205.4 205.4 205.4 205.4 205.4 205.4 205.4 205.4
205.4 205.4 205.4 205.4 205.4 205.4 205.4 205.4 205.4 205.4 205.4 205.4 205.4 205.4 205.4 205.4 205.4 205.4 205.4 205.4 205.4 205.4 205.4 205.4 205.4 205.4 205.4 205.4 205.4 205.4 205.4 205.4 205.4 205.4 205.4 205.4 205.4 205.4 205.4 205.4 205.4 205.4 205.4 205.4 205.4 205.4 205.4 205.4 205.4 205.4 205.4 205.4 205.4 205.4 205.4 205.4 205.4 205.4 205.4 205.4 205.4 205.4 205.4 205.4 205.4 205.4 205.4 205.4 205.4 205.4 205.4 205.4 205.4 205.4 205.4 205.4 205.4 205.4
205.4 205.4 205.4 205.4 205.4 205.4 205.4 205.4 205.4 205.4 205.4 205.4 205.4 205.4 205.4 205.4 205.4 205.4 205.4 205.4 205.4 205.4 205.4 205.4 205.4 205.4 205.4 205.4 205.4 205.4 205.4 205.4 205.4 205.4 205.4 205.4 205.4 205.4 205.4 205.4 205.4 205.4 205.4 205.4 205.4 205.4 205.4 205.4 205.4 205.4 205.4 205.4 205.4 205.4 205.4 205.4 205.4 205.4 205.4 205.4 205.4 205.4 205.4 205.4 205.4 205.4 205.4 205.4 205.4 205.4 205.4 205.4 205.4 205.4 205.4 205.4 205.4 205.4
205.4 205.4 205.4 205.4 205.4 205.4 205.4 205.4 205.4 205.4 205.4 205.4 205.4 205.4 205.4 205.4 205.4 205.4 205.4 205.4 205.4 205.4 205.4 205.4 205.4 205.4 205.4 205.4 205.4 205.4 205.4 205.4 205.4 205.4 205.4 205.4 205.4 205.4 205.4 205.4 205.4 205.4 205.4 205.4 205.4 205.4 205.4 205.4 205.4 205.4 205.4 205.4 205.4 205.4 205.4 205.4 205.4 205.4 205.4 205.4 205.4 205.4 205.4 205.4 205.4 205.4 205.4 205.4 205.4 205.4 205.4 205.4 205.4 205.4 205.4 205.4 205.4 205.4
205.4 205.4 205.4 205.4 205.4 205.4 205.4 205.4 205.4 205.4 205.4 205.4 205.4 205.4 205.4 205.4 205.4 205.4 205.4 205.4 205.4 205.4 205.4 205.4 205.4 205.4 205.4 205.4 205.4 205.4 205.4 205.4 205.4 205.4 205.4 205.4 205.4 205.4 205.4 205.4 205.4 205.4 205.4 205.4 205.4 205.4 205.4 205.4 205.4 205.4 205.4 205.4 205.4 205.4 205.4 205.4 205.4 205.4 205.4 205.4 205.4 205.4 205.4 205.4 205.4 205.4 205.4 205.4 205.4 205.4 205.4 205.4 205.4 205.4 205.4 205.4 205.4 205.4
205.4 205.4 205.4 205.4 205.4 205.4 205.4 205.4 205.4 205.4 205.4 205.4 205.4 205.4 205.4 205.4 205.4 205.4 205.4 205.4 205.4 205.4 205.4 205.4 205.4 205.4 205.4 205.4 205.4 205.4 205.4 205.4 205.4 205.4 205.4 205.4 205.4 205.4 205.4 205.4 205.4 205.4 205.4 205.4 205.4 205.4 205.4 205.4 205.4 205.4 205.4 205.4 205.4 205.4 205.4 205.4 205.4 205.4 205.4 205.4 205.4 205.4 205.4 205.4 205.4 205.4 205.4 205.4 205.4 205.4 205.4 205.4 205.4 205.4 205.4 205.4 205.4 205.4
205.4 205.4 205.4 205.4 205.4 205.4 205.4 205.4 205.4 205.4 205.4 205.4 205.4 205.4 205.4 205.4 205.4 205.4 205.4 205.4 205.4 205.4 205.4 205.4 205.4 205.4 205.4 205.4 205.4 205.4 205.4 205.4 205.4 205.4 205.4 205.4 205.4 205.4 205.4 205.4 205.4 205.4 205.4 205.4 205.4 205.4 205.4 205.4 205.4 205.4 205.4 205.4 205.4 205.4 205.4 205.4 205.4 205.4 205.4 205.4 205.4 205.4 205.4 205.4 205.4 205.4 205.4 205.4 205.4 205.4 205.4 205.4 205.4 205.4 205.4 205.4 205.4 205.4
205.4 205.4 205.4 205.4 205.4 205.4 205.4 205.4 205.4 205.4 205.4 205.4 205.4 205.4 205.4 205.4 205.4 205.4 205.4 205.4 205.4 205.4 205.4 205.4 205.4 205.4 205.4 205.4 205.4 205.4 205.4 205.4 205.4 205.4 205.4 205.4 205.4 205.4 205.4 205.4 205.4 205.4 205.4 205.4 205.4 205.4 205.4 205.4 205.4 205.4 205.4 205.4 205.4 205.4 205.4 205.4 205.4 205.4 205.4 205.4 205.4 205.4 205.4 205.4 205.4 205.4 205.4 205.4 205.4 205.4 205.4 205.4 205.4 205.4 205.4 205.4 205.4 205.4
205.4 205.4 205.4 205.4 205.4 205.4 205.4 205.4 205.4 205.4 205.4 205.4 205.4 205.4 205.4 205.4 205.4 205.4 205.4 205.4 205.4 205.4 205.4 205.4 205.4 205.4 205.4 205.4 205.4 205.4 205.4 205.4 205.4 205.4 205.4 205.4 205.4 204.5 205.4 205.5 205.4 205.4 205.4 205.4 205.4 205.4 205.4 205.4 205.4 205.4 205.4 205.4 205.4 205.4 205.4 205.4 205.4 205.4 205.4 205.4 205.4 205.4 205.4 205.4 205.4 205.4 205.4 205.4 205.4 205.4 205.4 205.4 205.4 205.4 205.4 205.4 205.4 205.4
205.4 205.4 205.4 205.4 205.4 205.4 205.4 205.4 205.4 205.4 205.4 205.4 205.4 205.4 205.4 205.4 205.4 205.4 205.4 205.4 205.4 205.4 205.4 205.4 205.4 205.4 205.4 205.4 205.4 205.4 205.4 205.4 206.3 205.5 206.4 206.8 206.9 206.5 205.4 206.3 205.5 205.4 205.4 205.4 205.4 205.4 205.4 205.4 205.4 205.4 205.4 205.4 205.4 205.4 205.4 205.4 205.4 205.4 205.4 205.4 205.4 205.4 205.4 205.4 205.4 205.4 205.4 205.4 205.4 205.4 205.4 205.4 205.4 205.4 205.4 205.4 205.4 205.4
205.4 205.4 205.4 205.4 205.4 205.4 205.4 205.4 205.4 205.4 205.4 205.4 205.4 205.4 205.4 205.4 205.4 205.4 205.4 205.4 205.5 206.1 206.1 206.4 206.3 206.4 205.6 205.6 205.4 205.4 205.4 208.3 209.1 208.1 208.5 207.5 207.7 206.6 206.4 206.1 205.3 205.2 205.4 205.4 205.4 205.4 205.4 205.4 205.4 205.4 205.4 205.4 205.4 205.4 205.4 205.4 205.4 205.4 205.4 205.4 205.4 205.4 205.4 205.4 205.4 205.4 205.4 205.4 205.4 205.4 205.4 205.4 205.4 205.4 205.4 205.4 205.4 205.4
205.4 205.4 205.4 205.4 205.4 205.4 205.4 205.4 205.4 205.4 205.4 205.4 205.4 205.4 205.4 205.4 205.5 206.1 207.6 208.9 210.3 210.8 210 210 211.1 210.9 209.4 209.9 209.3 209.3 210.2 209.7 209.8 209.8 209.5 209.5 209.5 208.4 207.2 207.3 206 205 205.5 205.4 205.4 205.4 205.4 205.4 205.4 205.4 205.4 205.4 205.4 205.4 205.4 205.4 205.4 205.4 205.4 205.4 205.4 205.4 205.4 206.4 207.7 208.6 208.3 207.4 206.8 206.2 205.5 205.4 205.5 205.4 205.9 207.9 209.5 211.5
205.4 205.4 205.4 205.4 205.4 205.4 205.4 205.4 205.4 205.4 205.4 205.4 205.4 205.4 205.4 207 208.4 208.6 211.1 212.4 214 215.2 213.6 215 214.7 215.2 214.1 215.7 213.1 211.4 212.2 212.1 211.5 210.8 211.2 211.4 210.9 210 207.6 208.3 206.8 205.8 206.2 205.5 205.4 205.4 205.4 205.4 205.4 205.4 205.4 205.4 205.4 205.4 205.4 205.4 205.4 205.4 205.4 205.6 205.4 206.9 209.5 211.7 212.5 213.8 213.9 212.3 211.6 212.1 213 212.4 213.6 215.4 217.6 215 215.9 218
205.4 205.4 205.4 205.4 205.4 205.4 205.4 205.4 205.5 205.4 205.4 205.6 206.7 207.8 209.3 210.4 212.5 213.6 216.2 217.4 217.3 216.9 219.4 218.9 221.2 221.6 219.1 216.9 215 217.2 216.1 215.1 214.3 212.7 212.7 212.7 212 210.6 209.9 211.1 209.5 207.7 206.9 206.4 206.3 206 205.8 205.4 205.4 205.9 205.4 205.5 205.4 206.1 205.4 205.4 206 207.5 208.3 210.2 210.3 212.7 215.6 216.2 217 218.5 218.8 218.5 218.7 219.4 221.6 221.7 224.7 228.5 229 227.4 227.3 227.1
205.4 205.4 205.4 205.4 205.4 205.4 206.4 207.2 207.1 206.5 207.6 208.7 209.3 210.9 212.3 213.1 215 217.1 220.7 222.5 222.2 222 224.4 225.1 226 223.7 221.2 220.5 223.2 221.7 220.2 216.3 215.6 214.8 214.5 214.6 213.2 210.2 212.5 212 210.4 209.4 207.8 207.2 207.8 208.2 208 206.7 209 209.3 206.5 206.2 207.9 207.7 205.8 206.9 210.8 211.9 213.9 215.6 214.6 217 220.9 221.1 223.5 225.5 226.7 228.6 230.1 230.9 233.1 235.8 238.3 239.4 240.4 239.6 238.4 237
205.4 205.4 205.4 205.4 206.4 208.9 210.2 209.9 209.7 210.6 210.9 211.8 212.7 214.6 214.5 217.3 218.5 221.3 224.7 227.5 227.4 226.5 230.4 230.2 227.5 225.7 227.4 228 228.6 225.8 222.3 224.2 220.4 219.3 217.6 216.2 212.6 214.6 214 212.6 210.7 214.1 215.2 213.9 212.8 210.1 210.2 212.5 212.5 211.7 208.3 208.5 211 207.9 208.8 214 216.3 217.6 220.8 223.4 225.1 227.3 228.7 229.2 231.2 232.5 234.4 240.3 242.7 243.3 247.5 249.1 250.1 253.7 253.1 252.1 254.1 256.3
205.4 205.4 205.5 208 211.1 213.4 212.6 211.7 213.7 215 214.9 214.9 216.6 217.1 218.2 221.8 223.2 226.2 227.7 231.2 233.5 233.3 234.3 232 231.9 233.8 236.2 235.9 235.4 230.7 229.7 228.6 225.8 219.3 218.5 215.6 214.9 215.3 213.9 211.8 216.1 217.2 217.4 215.7 213.1 211.7 213.3 215.4 213.4 211.1 210.8 213.6 215.1 215.2 217 220.4 222.6 224.5 226.6 229.2 232 234.7 236.3 237.4 237 240.3 246.1 251.4 255.6 259.3 262.4 265 266.4 267.2 269.7 272.1 273.8 274.2
205.4 206.3 208.7 212.3 216.7 219 217.8 215.2 215.8 216.7 216.6 219.9 221.1 221.6 226.5 230.1 232.6 233.6 235.2 236.6 237.8 236.7 237.2 239.4 242.1 243.3 245.8 247.1 246 242.9 237.8 231.8 227.4 224.6 218.8 215.9 217.5 217.7 216.7 216.2 218.4 219.1 218.3 215.2 215.2 215.5 216.1 215.7 213.8 213.3 215.9 219.1 219.8 224.2 226.3 228.4 231.2 231.6 231.4 233 236.7 241.4 245.7 246.3 248.5 254.2 259.6 264.8 270.6 272.8 278.2 281.1 282.6 283.2 287.4 289.7 289.9 288.7
207.2 209.2 211.3 217.1 223.2 226.3 224.3 220.8 220.7 222.2 223.4 224.6 226.5 228.4 231.5 236.3 239.7 241.4 240.7 241.4 242.9 244.5 247.2 250.4 252.5 253.2 255.5 258.2 256.6 249.5 240.9 232.5 226 223 219.7 215.7 219.3 219.8 220.3 221.3 221.2 220.6 218.2 218.1 218.3 217.6 217.7 216.9 216.6 220.3 223.4 224 226.2 231.3 233.4 234.4 237.8 239.4 240.2 242 246.3 252.5 254.3 256.5 262.4 267.7 273.4 279.1 282.3 288.7 292.3 294.8 294.6 298.1 303.9 304.7 302.5 299.2
209.8 213.3 216.6 222.6 230.4 232.3 229 224.8 227.7 226.6 228.5 230.2 233 234.2 235.8 240.2 244.4 246.1 246.4 249 253.3 253.8 258.2 260.1 260.6 261.3 262.2 261.8 257.5 249.6 241.4 231.6 227.3 224 219.8 217.5 221.9 221.8 223.4 223.5 222.8 221.5 220 220.2 219.5 221.6 222.3 218.4 223.8 229.2 230.9 232 235.4 236.9 237.5 237.2 241.1 244.6 247.3 252.2 258.1 262 265.2 269.1 276.3 283 288.8 292.9 297.8 303.7 306.9 306.1 307.3 315.2 319.4 316.5 314.2 312.1
211.7 216.1 222.3 229.9 238.1 236.6 231.7 230.7 233.4 233.2 234.7 237.5 240 241.2 245.1 248.4 250.4 251.3 256 259.4 260.6 261.1 264.1 263.8 265.1 266.5 267 264 258.1 250.1 240.5 232.7 229 224.9 218.5 223 224.9 223.4 225.2 224.8 223 225.2 225.2 223.7 225.9 227.2 230.2 230.4 232.9 235.4 237.9 238.7 241.6 239.4 241.4 243.5 247.8 253.2 259.4 263.9 267.4 271.5 276.4 282.8 289.5 296.2 302.5 308.2 313.9 318.9 321 320.1 326 332.2 333.5 331.7 330.1 325.6
215.5 220.6 227.3 234.4 239.7 238.6 235.8 237.8 238.4 239.4 241.6 244.2 245.1 249.2 251.6 254.1 254.9 259.3 263.3 265.8 267.2 268.4 269.9 269.5 270.7 270.9 269.6 265.2 258.1 248.7 238.2 234.5 229.9 223.7 224.9 227.2 227.4 226.6 225.7 225 228 230.4 228.1 230.4 233 235.3 238.1 239.9 239.3 240.7 243.1 246.8 247.4 246.5 247.8 250.9 256.3 262.5 269.3 272.9 274.1 279.5 286.3 293.8 301.9 308.2 315.8 322.3 328 332.5 333.4 339.1 344 347.2 348.4 347.1 346.4 344
221.3 228.2 233.9 240 241.9 239.7 239 243.6 244.1 244.9 247.5 251.1 254.6 255.5 257.2 258.9 261.4 265.5 268.2 269.5 270.4 272 274.4 275.6 274.4 273 270.1 264 255.4 244.4 238.8 235.4 228.9 225.4 228 229.2 228.4 227.6 226.8 229.4 233.9 235.7 233.8 234.5 239.2 241.8 243.7 245.2 243.5 249 251.6 252.7 252 253.4 254.8 260.8 265.6 270.4 277.4 281.3 283.1 289.2 293.8 304.5 313.6 322.1 329.8 335.1 338.2 344.4 350.2 355.7 357.6 358.5 362.4 363.2 362.3 361.9
227.9 232.7 235.7 241.1 241.7 241.2 246.2 248.1 251.2 253.1 255.1 257.9 261.5 261.5 262.6 265.6 266.8 270.3 272.5 273 274.4 275.5 276.6 276.1 275.8 273.2 268.1 260.8 250.6 242 240.5 235.6 228.5 227.1 229.4 229.5 229.9 228.9 230.6 233.9 237.5 239.5 241.5 241.9 243.8 245.2 249.4 248.7 252.8 254.7 257.2 256.6 257.2 260 266.2 270.8 277.9 282 286.5 290.3 292.8 297.1 304.1 315.6 324.7 332.9 341.3 344.9 350.5 358.6 365.7 368.8 370.8 373.5 377.4 377.4 382.5 385.5
230.7 235.8 238 242.5 243.1 247 252.1 254.2 258 260.1 262.4 264.7 265.1 267.1 269.8 271.4 272.5 274.8 276.1 278 277.8 277.4 277 277.3 276.7 271.7 263.6 254.2 244.5 243.7 240.4 235.1 228.6 228.6 230.9 231.7 231.4 233.2 238.5 241.3 243.8 246.9 248 248.7 251.4 252.7 253.5 256.4 261.4 262.1 262.7 262.3 266.3 272.2 277.1 279.3 285.7 290.1 292.8 298.2 301.7 305.8 317 325.6 335.4 343.4 351.4 355.4 366.1 373.1 377.8 381.9 386.8 392 396.4 401.2 396.8 395
235.8 238.8 241.1 244.8 245.2 252 258.2 260.7 264 266.7 268 270.3 271.6 273.7 274.8 275.7 277.6 278.6 281 281.3 280 278.7 278.1 280.1 275.9 269.7 258.2 250 246.2 243.8 238 231.5 232.2 232.9 233.1 233.3 235.9 240.5 245.6 249.4 249.9 249.4 254.4 255.7 256.2 259 260.6 263.7 268.8 269.9 267.2 270.3 276.5 283.1 288.6 289.7 293.5 297.1 301.8 307.5 310.1 320.1 329.4 338.9 347.6 354.5 361.6 371.9 380.3 385.2 389.3 394.7 405.9 415.7 424 428.3 418 406.6
240.2 243.1 246.7 249.8 253.5 258.6 262.3 266.4 270 272.1 273.8 276.6 278.3 279.3 279.6 280.1 281.8 285.1 285.1 283 280.7 279.2 280 279.1 278.2 266 257.7 253.1 248 241.5 232.6 232.9 234.4 234.4 234.7 234.9 240.1 245.4 250.5 255.3 254.5 254.2 256.4 257 261.8 267 268.2 268.2 273.6 274.7 273.1 280.9 285.8 295.6 297.9 298.8 301.2 302 309.7 314.6 322.6 333.8 342.8 352.2 359.1 365.9 378.7 387.5 393 399.3 408.4 417.2 432.4 441.6 448.8 437.2 423.1 415
244.5 247.1 251.2 253.7 259.4 264.8 269.2 273.1 277 278.6 281.9 284.6 285.5 286.4 286.9 288.7 289.9 290 287.7 283.4 281.8 281 279.6 279.1 272.3 262.4 257.7 254 247.1 237.4 235.9 236.4 235.9 235.3 236.3 238.6 243.9 250.9 256.1 261 262.9 261.5 261.3 265.2 271.3 276 274.6 271.8 276.6 277.9 280.9 291.1 297.5 304.5 307.5 305.3 306.6 309.2 316.7 324.9 335.8 345.8 357 364.6 372.8 384.3 395.5 402 409.9 422.9 434.6 443.2 452.6 463.2 458.5 445.8 434.8 424.5
250.5 252.7 255.3 258.8 265.3 270.5 274.4 278.7 282.9 285.7 289 290.8 290.8 293.7 294.6 295.2 294.5 293.7 289.9 286.4 284.7 283 280.4 275.6 268.8 263.2 258.2 251.6 242.9 239.4 238.7 238.4 238.1 237.9 238.9 242.7 247.7 254.3 260.1 266.1 268.3 266.8 264.5 268.4 278.1 284.2 284.8 283.5 283 281.5 287.9 297.8 308.3 310.6 313.9 312.5 315.2 317.1 327 339.4 350.9 360.9 369.3 377.7 389.6 401.9 411.4 419.2 436.4 449.5 460.6 467.7 477.4 472 465.9 461.5 451.9 443.6
256.5 258.4 260.4 266.5 271.6 276.8 280.2 284.9 289.9 294.2 296.7 296.7 298 299.5 299.5 297.3 297.5 297 293.5 288.7 286.5 283.6 278.5 271.5 265.5 261.5 253.4 244.9 239 241.8 243.8 242.6 240.9 239.7 242.8 248.1 251.9 254.6 262.9 269 271.7 270.5 270.8 273.5 284.8 290.3 291.6 290.2 287.7 290.4 299.8 307.7 312.7 316 317.9 319.3 320.3 327 339.8 353.4 364.8 373.6 382.3 394.8 407.4 417.1 426.7 443.7 459.7 475.1 487.7 489.4 487.2 492.7 484.8 473.2 460.3 447.2
260.8 260.9 266.4 272.1 276.6 281.7 286.5 291.8 298 301.1 303.3 303.8 303.4 302.4 301.9 302.7 301.6 298.9 295.7 290.9 285.5 281 273 266.4 261.2 257.3 249.3 241.5 243.5 241.5 246.2 243.7 242.4 245.3 250.1 255 256.9 262.5 269.9 273.4 273.8 276.4 279.4 284.2 290.5 294.5 295.1 293.5 292.3 300.5 308.3 314.5 318.2 321.5 321.1 326.2 333.8 342 354.5 366.7 376.7 383 394.1 408.7 422.7 434.7 451.8 468.3 486 499.8 502.5 506.6 510.5 509.8 509.8 495 470.6 463
