public/OST50/NN66.asc
ncols 200
nrows 200
xllcorner 260000
yllcorner 760000
cellsize 50
[rows 0 to 34 of 200, columns 0 to 77 of 200]
693.1 679.4 670.3 661.8 654.4 650 648.9 644.8 645.5 647.1 652.3 660.4 673.9 685.4 696.9 706.6 710.2 711.5 711.3 709.3 706.1 703.8 702.3 701.3 702.9 704.7 704.5 707.4 709.4 712.6 716.8 723.5 727.9 717 695.2 661.1 630 608.7 589.1 569.6 548.4 529.8 511.3 496.9 481.7 467.9 449.5 430.8 416 411.8 411.8 411.8 411.8 411.8 411.8 411.8 411.8 411.8 411.8 425.7 449.5 477.3 506.8 543.4 578 606.4 636.6 665.1 701.8 723 736.9 752.5 752.4 753.2 748.5 742.4 734.6 726.9
686.8 673.6 664.1 655.6 650.6 648.9 647.8 645.4 639.3 646.8 652.2 663.1 676.1 687.2 699.3 707.2 709.5 709.8 708.4 705.5 701.9 699.5 699.2 697.9 699.8 700.1 702.5 702.8 705.6 709.3 714.2 720.6 724.3 715.8 693 662.3 633.1 611.8 592.3 568.4 548.7 528.8 511.8 495.9 479.1 464.2 447 427.8 411.8 411.8 411.8 411.8 411.8 411.8 411.8 411.8 411.8 411.8 411.8 431.7 457.5 486.2 517.8 553.8 592.3 618.7 650.7 674.8 705.7 726.9 739.8 749.8 748.2 746.4 744.2 737.9 726.4 721.3
676.3 665.3 656.8 651.4 648.6 646.2 645.3 641.2 635.1 643.8 652.2 664.2 677.1 689.3 701.4 708.9 710.6 708.3 707.4 703.9 700.5 696.4 695.3 695 696.2 696.9 698.4 700.1 702.2 705.8 711 716.2 722.4 719 692.8 665.6 637.7 612.3 591.3 569.8 548.7 529.2 509.4 493.1 477.6 460.6 440.7 425.4 411.8 411.8 411.8 411.8 411.8 411.8 411.8 411.8 411.8 411.8 411.8 436.8 464.2 494.4 529.4 563.2 600.9 628.2 656.4 681 706.9 726.3 737.8 748.8 745.8 742.9 739.9 730.9 725.3 717.1
669.9 659.3 652.6 649.4 646.4 643.8 641.3 637.9 632.7 642 651.6 665.7 678 691.2 704.2 711 713.5 711.4 710.8 707.3 700.4 698.4 695.6 691.4 692.7 694.1 694.4 696.3 698.2 700.8 706.8 713 717.4 718.9 697.1 668.4 637.9 612.4 586.2 563.4 544.5 525.3 506.8 490.6 472.2 455.6 439.8 422 411.8 411.8 411.8 411.8 411.8 411.8 411.8 411.8 411.8 411.8 416.3 443.2 471.8 503.1 537.8 573.2 607.9 633.3 660.1 681.3 704.8 723.5 733.8 743.3 742.4 737.3 731.6 721.5 718.1 711.8
663 654.6 649.9 646.1 642.3 640.1 636.5 635.5 630.2 640.4 651.9 666 679.4 693.7 707.4 717.3 718.2 714.6 713.4 709.5 704.7 699.1 694.2 692 685.8 689.6 690.3 692.4 694.7 697.9 703.3 708.5 712.4 709.1 690.2 663.4 637.3 615.1 586.9 564.9 540.4 516.6 503.9 489.6 469.8 452 436.6 417.6 411.8 411.8 411.8 411.8 411.8 411.8 411.8 411.8 411.8 411.8 424.5 449.4 477.9 510.7 545.1 578 610.4 634.9 659.8 680.9 701.9 720.4 728.2 733.5 737.8 734.2 721.7 716.4 713.2 710
657.7 651 646.6 642.8 638.2 634.9 633.4 631.9 627.1 640.4 651.3 664.3 680.2 694.8 708.5 718.3 719.2 717.3 715.3 710.7 704.6 698.3 694.3 690.4 683.2 684.7 685.8 688.1 691.4 694.8 698.7 702.7 707.2 703.5 686.8 654.5 642.3 609.7 583.2 558.7 539.2 521.3 503.4 486.8 471.3 451.1 433.5 415.2 411.8 411.8 411.8 411.8 411.8 411.8 411.8 411.8 411.8 411.8 430 454.4 484.8 514.8 550.2 581.3 612 635.5 656 677.4 698.3 711.2 718.3 724.6 727 725 716.2 712 709.2 708
654.2 647.5 643.2 638.2 634.6 631.6 630.1 626.9 625.5 638.8 648.5 664.6 681.1 695.4 707.4 716.7 722.4 720.9 716.6 710.5 705 697.2 692.9 688 681 678.9 680.6 683.1 687.2 690.4 694 696.8 701.4 691.5 669.8 669.6 641.7 607 578.9 561 539.5 520.7 502.4 488.3 472 452 437.6 419.1 411.8 411.8 411.8 411.8 411.8 411.8 411.8 411.8 411.8 411.8 433.5 459 489.2 519.6 552.3 584.7 609.3 630.2 650.8 669.2 688.4 700.8 706.1 713.3 715.5 715.2 716.7 706.9 703.2 704.1
651.3 644.3 639.8 634.6 631.6 629.3 627 621.5 629.4 636.9 650 665.1 680.6 696.3 708.5 717.8 725.3 723.3 717.1 710 703.7 695.1 688.3 683.5 677.8 670.1 674 678.2 680.9 684.4 688.9 692.7 692.4 689.9 684.9 671.8 641.5 606.7 583.6 560.6 535.9 518 496.3 483.8 468.5 452 438.8 419.5 411.8 411.8 411.8 411.8 411.8 411.8 411.8 411.8 411.8 411.8 436.2 462.8 492.6 522.7 554.6 583.6 608.3 626.1 643.6 661.1 677.4 689.7 696.2 701.1 704.9 706.5 704.8 703.1 702.2 701.9
647.9 641.1 636.1 631.7 628.7 628.1 624.8 618.8 629.6 637.7 650.5 664 679.2 696.2 709.3 718.5 725.1 725.3 718.3 709.7 699.7 691 683.9 676.6 669.7 666.7 670.6 672.6 674.9 678.3 683.1 686.9 689.3 692.3 685 668.1 639.4 610.1 578.5 553.3 531.8 510.7 496.4 485.6 471.5 451.5 440.2 424.6 411.8 411.8 411.8 411.8 411.8 411.8 411.8 411.8 411.8 411.8 438 464.6 494.1 524.4 555 581.3 603.8 620.8 636.5 650.3 666.2 680.2 687.8 690.7 696.8 701.7 703.7 702.6 699.7 701.7
645.5 638.7 633 629.1 626.8 625.3 621.7 614.9 625.6 635.9 648.1 662 677.4 690.5 707.6 718.8 725.6 725.3 720.6 708.2 694.9 685 678.5 670.9 662.7 663.5 664.3 666.7 667.6 672.6 677.9 682.1 682.5 682.3 676.8 661.9 631.3 602.4 573.2 543.4 533.1 514.4 499.5 487.3 472 453.6 438.2 421.5 411.8 411.8 411.8 411.8 411.8 411.8 411.8 411.8 411.8 418.5 442.7 468.8 498.8 527.1 554.9 579.3 599.1 614.3 628.3 643.3 658.1 670.5 679.5 682.7 689.8 697 701.5 703.3 697.6 697.4
642.2 637.2 631.9 628 624.8 623.3 615.5 612.8 622.9 631.5 645.7 659.3 674 687.7 704.6 717.9 725.9 726.3 718.8 703 692.3 682 674.5 667.5 659.8 657.2 658.7 659.7 660.9 664.9 670.6 674.2 673.8 672.3 663.8 646.1 619.3 594.2 568.2 553.4 534.5 518.1 503.9 491.2 474.3 455.4 440.9 425.4 411.8 411.8 411.8 411.8 411.8 411.8 411.8 411.8 411.8 423.3 445 471.4 501.6 529.5 555.2 578 595.7 610 623.3 636.7 652 664 672.8 678.2 683.7 692.6 698.6 699.1 696.9 696.5
640.1 634.4 631.3 626.8 622.7 620.4 615.6 608.7 620.8 628.5 642.2 655.5 670.5 684.7 697.1 716.8 725.3 727.9 719.8 699.1 689.9 680.5 671.7 664.5 658.5 647.1 653.5 652.9 653.5 656.5 660.9 664.8 664.9 665.9 658.4 641.7 618.3 592.3 577.8 561.5 541 524.1 512.1 493.1 475.5 457.9 440.9 427.7 411.8 411.8 411.8 411.8 411.8 411.8 411.8 411.8 411.8 426.2 449.6 476.5 505.2 533.1 556.2 577.3 593.2 606 621 633.7 648.2 659.5 667.1 675.7 678.7 687 695.3 696.6 693.5 694.5
638 632.2 629.3 625.4 621.8 618.2 614.2 604.9 614.1 624.7 638.5 651.9 665.9 681.4 695.6 710.2 725.5 728.5 722.7 701.9 690.5 680.5 671.3 662.5 656.3 649.1 641.2 645.9 645.5 649 652.8 655.9 657.7 657.2 648.8 635.4 619.7 598.9 582.3 564.8 546.5 530.5 516.3 492.8 474.7 455.9 441.4 428.2 412.2 411.8 411.8 411.8 411.8 411.8 411.8 411.8 411.8 428.3 450.8 479.4 506.8 534.6 556.7 576.4 591.6 606.6 619.6 631 643.4 655.5 665 670.8 676.2 682.2 691 694.9 693.9 691.2
629.7 630.3 627.2 623.9 619.4 615.7 611.4 604.1 607.8 621.6 632.6 649.3 662.1 677.8 692.4 706.9 725.8 730 725.8 697 688.6 679.3 670.9 661.7 654.1 648.9 638 637.9 637.3 638.9 641.9 647.4 651.1 651.4 647.1 636.8 621 601.8 582.4 565.7 549.9 534.8 520.6 490 472.8 456.2 440 427.5 412.7 411.8 411.8 411.8 411.8 411.8 411.8 411.8 411.8 428 454.3 482.1 509.7 535.3 557.4 575.7 589.9 603.8 617.4 628.8 640.1 651.5 660.8 667.2 675 678.8 682.5 689.6 689.5 689.1
634 628.1 622.2 618.4 614.8 612.7 610.5 601.2 605.6 617.5 628.5 643.7 658.8 672.3 687.6 708.7 724.1 731.4 728.2 698.3 691.4 680.5 671.5 661.3 653.5 645.8 639 627.7 632.1 630.4 630.3 634.5 640.8 644.9 641.7 630.9 616.3 599.9 583.2 566.1 548.2 531.4 513 488.8 469.7 452.8 440.4 425.7 411.8 411.8 411.8 411.8 411.8 411.8 411.8 411.8 411.8 431.9 457.2 485.5 511.3 536.3 558.4 576.5 590.4 603.2 617 627.5 637.4 648.3 656.5 662.9 669 674.4 677.5 680.9 680.4 682.8
634.5 629.1 624 621.2 617 613.8 607.1 594.9 598.3 610.2 620.6 635.8 651.8 668.9 687.6 703.2 722.2 730.8 730.2 715.8 692.7 682.6 673.3 662.5 653.1 645.9 638.6 630 624.5 623.2 621.3 623 627.7 630.2 630.9 623.1 609.3 594.2 576.6 561 543.9 523.3 507.3 487.8 468.1 450 438.3 422.7 411.8 411.8 411.8 411.8 411.8 411.8 411.8 411.8 411.8 433.5 459.3 487.9 513 537.5 559 577.2 590.9 605.3 615.4 626.2 634.8 644.2 650.3 656.2 661.1 668.3 675.5 673.2 671.3 671.5
631.7 627.1 622.8 619.8 616.4 613.1 607.4 595.5 590 600.4 612.3 627.6 643.8 661.9 683.6 707.7 723.6 727.2 729 719.1 697.9 683.8 673.1 664.4 654.4 645.5 637.2 629.1 615.2 617.9 614.5 613.7 615.3 616 616.6 611.7 601.8 590.4 575.1 563.2 543.8 519.5 504 482.3 466.3 451 438.2 419.5 411.8 411.8 411.8 411.8 411.8 411.8 411.8 411.8 411.8 436.3 461 490.6 515.4 541.2 562.1 577.7 592 605 615.5 624.5 633.7 642.2 647.5 650.7 655.9 662.3 669.8 675.1 669.5 664.3
633.2 625.7 621.7 618.9 619.1 612.3 605.7 602 590.5 587.5 601.2 617.6 634.1 653.7 678.1 704.1 719 724.1 717.3 704 696.4 686.2 673.7 664.2 654.5 644.6 635.7 627.2 618.7 607.2 607.9 605.8 605.6 605.8 605.2 605.2 597.4 584.9 569.7 555.2 534.9 514.8 501.9 479.6 461.2 446.4 440.4 424 411.8 411.8 411.8 411.8 411.8 411.8 411.8 411.8 411.8 438.4 464 490.9 516.8 543 563 577.9 591.2 602.8 613.5 622.5 631.1 641.5 647.4 649 652.6 658.2 665.8 667.5 670.3 664.5
633.6 625.9 621.2 617.5 614.4 610.7 604.8 599.7 598 582.8 589 605.6 623.5 643.5 669.1 692.5 713.9 720.8 714.7 702.1 698.4 692.4 681.7 666.8 655.1 644.4 635.2 625 616.9 609 600.9 598.3 597.9 595.8 594.5 592.9 588.5 575.7 565.9 552.2 533.4 515.6 499.6 476.2 459 443.6 435.2 422.4 411.8 411.8 411.8 411.8 411.8 411.8 411.8 411.8 415.1 441.2 467 493.8 519.2 545.3 563.9 579.9 592.3 603 612.8 621.9 629.3 639.2 644.8 647.9 651 655.3 663.2 665.4 666.5 665.7
635.4 628.7 621 617.2 612.8 608.9 603.1 598.7 595.3 588.6 578.6 594.3 611.8 631.7 655.9 677.6 703.4 716.3 718.2 709.6 703.7 697.4 685.9 672.8 658 646.2 636.8 627.4 617.6 609 600.1 593.9 590.7 587.5 585.8 580.1 574.7 567.3 553.9 543 530.4 512.1 494.3 473.6 454 445.1 432.2 415.1 411.8 411.8 411.8 411.8 411.8 411.8 411.8 411.8 421.6 445.9 471.3 496.9 521.8 546.6 563.7 579.1 591.4 603 614.7 622.7 629.2 637.5 642.8 646.6 653.9 657.9 662.3 665.9 663.2 663.2
638.2 628.6 623.6 618 612.4 608.6 603.9 598.2 593.4 589.8 578.6 581.9 600.7 617.3 639.7 662.6 688.8 708.2 717.2 715.7 710.7 701.3 694.6 685.3 670.4 651.5 639 628.5 618.6 609.1 601 593.7 584.4 580.2 578.2 572.1 565.8 556.4 546.9 531.9 519.6 505.9 486.3 467.6 446.1 440.7 435.4 418.8 411.8 411.8 411.8 411.8 411.8 411.8 411.8 411.8 427.1 448.6 474.7 500 526.2 547.4 564.4 581 591.7 603.3 613.1 623.1 632.3 637.5 642.4 645.3 658.6 662.8 663.2 663.2 663.2 665.3
640.4 632.8 627.1 617 609.6 602.1 603 599.4 590.2 589.3 579.7 572.1 586.9 603.1 620.5 640.9 665.6 690.3 707.7 711.9 708.7 712.6 708 698.2 679 660.3 643.7 630.9 620.7 612.9 603 595 587.3 578.3 564.8 563 555.6 547.1 538.8 525.9 511.7 496.3 479.4 460 446.9 443 427.7 413.7 411.8 411.8 411.8 411.8 411.8 411.8 411.8 411.8 433.2 453.9 479.5 504.4 528.8 549.8 567.2 580.2 591.9 602.9 613.9 624 628.7 642.6 644.9 648.8 659.7 665.4 663.2 663.2 667.1 670.2
644.2 636.8 630.2 622.2 613.2 599 591 594.7 591.7 587.1 584.6 569 570.9 591 605.6 623.2 643.5 669.2 687.8 696.2 704.3 711.7 714.1 708.8 691.4 673.2 654.3 637.8 625.7 617.3 605.4 594.2 586.4 575.1 565.6 551 546.4 537.6 527.5 515.8 504.3 490.4 472.5 451.5 445.2 439.5 427.6 411.8 411.8 411.8 411.8 411.8 411.8 411.8 411.8 411.8 434.2 458.2 486.8 509.3 532 550.7 568.4 581.8 594.5 605.5 615.9 625.2 629.2 639.8 647.1 653.9 660.5 664.4 663.2 667.6 668.8 671.6
645.2 638 632.9 623.6 612.9 607.6 598.6 585.9 589.7 584.4 582.2 575.6 562.5 575.9 591.7 606.4 625.2 646.2 661.9 679.5 696.5 708.5 711.9 709.7 701.2 685.6 662.4 643.6 631 619.9 606.7 599.1 586.3 576.4 564.5 554.4 541.8 527.9 510.3 503.3 493.2 482.1 463.9 450.5 444 430 425 411.8 411.8 411.8 411.8 411.8 411.8 411.8 411.8 411.8 439.2 464.1 489.5 513.2 536.7 555.1 571.7 585.9 596.9 607.7 620.4 627.9 632.4 639 647.3 653.7 660.7 668.1 670.8 674.8 669.1 668.7
648.7 640.6 633.1 627.3 616.1 609.9 602.8 594 584 580.5 577.4 578.8 562.2 563.2 579.3 593.9 610.6 628.2 645.7 664.6 681.9 696.6 701.7 704 705 696 670 657.6 639.7 622.9 614.2 602.2 591.9 577.4 560.4 550.5 539.9 525.7 510.8 494.3 476.6 470.4 458.3 447.5 441.3 432.2 422.5 411.8 411.8 411.8 411.8 411.8 411.8 411.8 411.8 424.1 443.4 469.9 491.5 517.3 540.8 557 572.5 586.8 598.5 614.9 624.4 627.6 634.8 639.8 648.1 654 660.1 665.9 673.1 669.1 675.1 672.7
651.4 644 636 629.7 618.7 611.8 603.2 595.5 588.8 581.9 579.3 577.4 563.5 554.6 568.5 582.5 597.7 616.6 634.5 650 668.5 684.5 697.5 700.4 699.6 696.4 671.7 660.8 644.6 632.2 617.5 606 593.1 576 559.7 547.7 533.4 520.6 506.2 490.6 474.2 454.6 450 446.2 436.8 424.8 418 411.8 411.8 411.8 411.8 411.8 411.8 411.8 411.8 429.2 449 473.1 497 520.7 544.6 560.4 574.9 587.1 599.9 614.7 622.7 627.2 635.9 636.5 645.8 651.2 657.9 659.8 669.5 663.4 667.5 677.1
653.2 646.3 640.1 633.2 621.7 614.2 603.2 592.3 587.7 582.8 579.3 574.9 567.8 554.6 554.9 571.4 588.2 605.6 623.4 641.3 656.4 672.7 690.4 698.7 699.8 701.8 695.5 668.9 654.9 635.5 621.1 608.9 592.2 573.6 553.2 539.1 526.9 512.2 498.5 482.4 468.5 456.3 443.8 441.7 428.9 423.9 411.8 411.8 411.8 411.8 411.8 411.8 411.8 411.8 411.8 431.8 454.5 479.4 503.9 526.8 548.7 562.6 576.6 588.4 600.3 614.2 620.5 627.8 631.1 633.8 641.4 645.7 649.4 653.9 656.4 656.3 659.2 663.5
653 646.7 641.4 635 624.3 613.4 604.8 595.6 588.6 580 577.9 572.8 569.4 557.7 547.7 565 582 599.5 615 631.3 646.6 663.6 682.3 694.4 699.3 705.1 709.7 696.4 677.5 653 630.8 612.4 593.7 573.8 553.1 534.8 520.8 503.7 488 477 463 451.6 445.1 433 422.7 418.7 413.2 411.8 411.8 411.8 411.8 411.8 411.8 411.8 423.2 438.4 459.3 483.7 508.9 532.1 551.9 564.9 579.3 590.1 603.3 610.8 619.6 625.7 628.5 629.4 636.1 641 644.4 647.6 648.1 651.7 650.1 652.9
651 645.1 640.6 634.9 625.3 617.2 610.3 600.9 593.7 587.8 579 570.5 567.5 558.5 544.8 556.4 575.4 591.2 606.7 624.1 640.8 657.1 675.1 688 701.1 713.3 714.8 708.2 693 662.2 639.9 617.6 598.2 576.8 551.4 530.4 512.2 499.5 483.2 471.5 455.9 448.2 440.9 434.4 423 417.9 411.8 411.8 413.8 411.8 411.8 411.8 411.8 417 431.3 445.7 463.7 489.2 511.6 535.2 552.4 565.6 580.8 590.4 602.3 609.7 616.8 622.7 624.9 624.7 630.2 634.3 638.2 642.3 644.9 645.1 645.3 646.3
645.2 642.6 640.1 637.1 629.7 622.3 614.8 603.4 590.8 584.3 582 573.1 562.6 559 544.3 549.3 569.7 584.7 601.2 617.9 634.5 651 669.5 684 698.8 717.2 714.9 710.1 699.6 665.5 649.2 625.2 604.7 579.5 549.1 520.5 502.7 491.3 479 465.6 455.4 446.5 436.4 431.7 423.3 416 414.6 412.6 414.9 413 411.8 411.8 411.8 421.4 437.6 453 471.6 493.5 513.2 534 554.2 564.8 580 590.5 602.4 609.9 617 619.1 620.2 622.9 624.9 628.3 632.9 635.9 638.2 640.3 640.1 638.3
638.3 638.5 636.9 635.8 630.7 622.7 615.1 606.6 594 585.4 573.3 570.8 566.7 557.6 548.7 541.3 562.2 578.7 594.4 611.5 628.6 648 665.1 681.3 698.7 713.3 713 708.3 701.1 687.6 663.3 631.8 604.5 575.3 542.4 514.2 496.8 482.7 471.7 460.8 452.1 445.9 431.9 418.9 415.7 413 415 415.9 415.7 415.4 411.8 411.8 411.8 428.2 442.6 459.4 478 498.6 517.7 536.8 555 566.3 576.2 591.4 601.8 609.9 613.7 615.3 617.3 617 620.4 622.9 625.8 628.2 631.4 634.5 632.7 631
630.9 630.8 630.6 630.6 626.8 619.7 612.6 603.9 595.6 586.7 574.4 564.3 562.8 553.3 544.3 534.3 555.7 573.4 589.6 606.5 624.1 642.9 659.9 679.9 698.6 704.2 706.8 704.8 698.8 685.7 668.8 640.5 600.2 565.4 539.2 512 490.3 477.1 465.4 456.3 450.3 441.6 429.1 420.5 415.2 413.8 415.3 415.9 415.7 415.5 411.8 411.8 420.3 435.1 450.1 464.6 483.5 503.7 521.1 541.1 559.7 571.5 580.6 591.5 604.7 612.3 613.5 613.8 612.7 613.3 613.7 618.1 617.6 623.6 621.4 622.1 622.9 623
623.7 622.3 621.9 620.8 617.3 613 607.4 600.3 590.1 582.1 577 561.1 560.4 549.1 546.3 527.7 550.5 567.6 583.1 600.1 618.6 637.2 655.8 675.4 688.2 698.1 699.5 692.8 689.9 683.2 666.6 633.3 593.9 561.9 531.7 508.1 486.9 471.3 461.6 453 446.6 441.6 427.1 419.3 415.7 414.9 415.1 415.6 415.8 411.8 411.8 411.8 425.1 442.9 458.1 471.7 489 508 527.7 545.9 563.3 577.7 581.5 592 603.6 610.3 611.4 609.4 609.1 608.4 608.6 607.6 609.7 611.6 612.3 611.4 611.8 614.2
617 613.6 610.9 609.8 605.9 602 597.8 592.1 583 578.8 570.7 560.5 554.7 543.9 535.5 526 544.9 560.4 575.9 592.9 612.8 632 648.5 668.5 679.1 686.7 687.5 683.7 676 670.9 658.1 624.5 590.4 557.3 526.1 503.2 483.9 466.8 457.9 450.5 445.7 435.5 428.1 417.5 415.4 414.8 415.5 416.1 416.2 411.8 411.8 411.8 429.2 451.4 466.1 477.4 493 513.9 534.1 550.6 564 585.7 586.5 591.4 601 609.5 610 604.9 605 603.5 602.4 599.9 602.6 601.9 602.3 602.4 601.1 605
605.6 601.4 598.4 596.5 595.3 591.4 587.4 582 575.4 571.8 564.9 555.5 546.1 544.8 528.5 524.6 542.4 556.4 573 586.9 606.2 624.3 641.8 657.7 670.3 678.1 675.5 670 660.1 647.9 644.9 615.4 582.2 551.4 524.1 503.6 481.8 463.2 452.1 445.4 444.2 436.3 422.2 416.7 415.5 414.8 416 416.4 416 411.8 411.8 415.7 437.1 455.9 471.2 483.6 501.9 519.7 539.9 556.6 568.4 586.9 593.1 594 598.2 605.2 603.4 602 602.9 599.7 596.4 593.5 590.9 593.7 593.1 591.1 591.2 592.1
