public/OST50/NN66.asc
ncols 200
nrows 200
xllcorner 260000
yllcorner 760000
cellsize 50
[rows 105 to 139 of 200, columns 78 to 155 of 200]
547.1 543.7 540.4 537.7 535.3 533.3 532.1 529.6 525.5 522.2 518.3 513.8 507.4 502.5 496.2 491.7 486.4 480.3 473.6 467.6 464.4 461.1 457.7 454.9 448.6 446.4 441.6 435.4 428.8 420.7 410.9 404.8 397.1 391.5 386.5 383.9 380.4 369.2 362.7 362.2 361.3 358.2 356.2 353.3 341.3 339.9 337.1 335.9 341.8 334.2 323.8 323.8 323.8 323.8 323.8 323.8 323.8 323.8 323.8 323.8 323.8 323.8 323.8 323.8 323.8 332 334.1 336.7 339.8 340.9 343.9 347.2 349 350.8 354.4 355.5 358.6 362.5
541.3 538.6 534.4 532.8 530.7 530.2 529.4 526.6 522.5 517.9 512.4 505.6 497.8 491.7 491.6 488.4 482.2 477.1 472.9 469 463.8 458.9 452.2 449.1 449.8 446.5 440.1 431.5 422.6 412.3 405.4 399.8 392.3 389.5 384.4 379.5 372.8 368.9 367.4 361.7 361.6 361.2 357.3 346.6 344.1 339.6 334.3 338.7 335.8 325.4 323.8 323.8 323.8 323.8 323.8 323.8 323.8 323.8 323.8 323.8 323.8 325 332.8 336 338.5 340.2 343.5 348.1 352.4 355 358.4 359.9 362.8 363.7 368 370 373.7 376.2
535.9 531.6 528.2 526.7 526.8 527.9 526.8 523.7 518.3 511.1 503.2 495.3 488.2 487.5 484.6 483.1 477.6 472.4 466.6 462.4 456.6 452.7 448.8 442.5 443.2 439 429.5 421.9 414 408.7 400.4 396.2 391.8 388.2 386 377.8 372.1 368.5 362.2 362.9 367.9 361 349.6 347.1 342.6 335.6 332.7 332.5 323.8 323.8 323.8 323.8 323.8 323.8 323.8 323.8 323.8 329 323.8 334 337.5 337.8 340.6 341.5 344.7 352.6 358.9 362.3 365 367.5 370.5 372.6 375.3 380 381.9 384.4 386.8 389.9
528.8 525.9 523.9 522.9 522.4 522.8 521.9 517.3 511.2 504.4 497 489.8 484.8 485.1 482.4 477 472.3 469.2 464.6 457.2 454.7 451.7 447.4 440.4 435 429.3 422.4 417.1 411.5 403.7 400.7 394.9 390.9 388.6 382 374.8 368.9 364.9 364.6 367 361.4 353.8 351.9 344.4 337.4 335.2 332.6 332.3 323.8 323.8 323.8 323.8 323.8 323.8 323.8 323.8 323.8 336.2 337.7 340.5 342.7 343.5 347.5 353.2 360.3 367.6 372.1 374.8 378.9 380.7 383.6 387 390.3 393.9 396.1 399.5 402.5 404.3
524.1 520.5 520.3 519.6 517 518.1 514.3 509.3 502.8 498.3 491.9 486.1 485 485.1 479.9 471.7 468.2 464.6 458.2 455.8 451.1 446.3 443.9 437.6 432.6 422.1 416.8 411.2 407.6 403.2 397.8 395 393.4 387.4 376.4 370.5 371 368.9 368.8 365.7 362 356 348.2 338.3 337 335.8 335.1 333.8 331.5 323.8 323.8 323.8 323.8 323.8 323.8 323.8 335.4 338.6 344.7 346.8 349.4 354.2 361.5 368.3 375.5 379.9 385.1 388.8 391.7 395.7 397.5 400.9 404.8 409.2 411 413.7 415.9 419.3
519.5 517.2 515.1 512.3 507.2 504 502.1 497.7 494.9 491.5 486.3 483.3 481.6 480.7 473.4 465.1 461.8 460.3 455.8 452.7 448.9 442.3 437.1 432.6 427.8 422.2 414.7 410.5 407.6 400.8 396.4 396.6 393.9 384.3 382.7 376.1 375.4 368.7 368.3 369.4 359.8 349.7 340.9 337.7 337.9 338 337.8 335 334 332.4 332.1 323.8 323.8 323.8 323.8 337.4 339.9 344.1 350 355.8 361.9 370.4 375.6 382.9 388.6 394.8 398.9 402.4 405.8 408.9 411.6 415.5 419.2 421.9 425.4 429.4 434.4 441.5
517 515.2 509.6 503.2 497.6 495.7 493.2 492 487.8 483.7 477.1 474.7 472.9 467.5 466.8 464 458.2 456.4 452.9 451.7 448.4 442.8 438.2 431.6 426.1 419.9 415.2 408.4 403.3 401 400.8 392.7 391.2 386.1 380.2 377 372 369.4 370.1 362.7 352.9 343.1 339.9 339.5 341.3 340.3 338.6 337.3 337.2 335.9 323.8 323.8 323.8 324.4 333.5 342.2 348.4 357.3 359.9 369 378.6 384.6 390.5 396.5 401 408.3 412.6 416.1 418.9 422.6 428.1 433.6 435.1 440 446.3 455.3 464.9 465.4
509.9 505.6 499.9 496.4 491.8 488.6 488 481.3 476.3 471 468.4 470.9 466.5 460.6 460.1 457 455.5 452.4 450.5 449.9 444.7 442.6 434.7 431 422.4 417.8 413.5 410.4 408 402.9 396.6 395.3 390.6 384.6 378.1 375.9 368.6 369 366.1 354.4 345.1 342.4 341.5 341.6 341.8 341.9 340.5 341.1 339.5 323.8 323.8 323.8 330.6 340.2 344.6 353.1 362 369.4 374.7 381.4 390.4 398.2 402.9 408.7 415.5 421 426.2 429.5 433.7 438.4 444.7 449.6 451.7 458.8 470.4 481.5 487.2 481
502.8 499.6 495.5 489.9 485.4 480.1 475.6 472.2 466.9 463.9 466.5 463.5 459.3 456.9 455.8 455.7 455.2 453.3 448.5 446.1 440 435.3 431 427.8 421.7 416.6 410.3 409.1 404.8 402 396.2 391.5 386.4 379.1 374.1 369.4 366.9 367.8 356 348.7 345.1 344 343.8 342.4 342.6 342.5 337.3 338.8 323.8 323.8 329.3 336.8 343.7 352 358.8 368.8 375.2 382.5 390.1 393.7 403.9 410 415.8 421.9 427.7 433.1 438.2 443 449.8 455.1 459.6 464.1 470.8 482.6 494.9 503.9 496.8 486.5
500.4 497.1 492.6 484.9 479.2 473.4 467.9 464.3 461.7 460.9 462.6 461.6 458.1 456.8 455.1 454 454.7 449.7 442.5 440.5 437.1 430.7 427 422.4 416.3 412.7 410.8 405.3 399.8 396.7 389.9 386.1 380.7 375.7 372.8 369.7 364.5 358.2 352.6 350.1 347.6 346.4 346.9 346.3 343.6 334 331.6 328.4 328.8 334.1 339.6 349.1 355 362.8 373.4 381.7 388.9 396.7 403.6 410.6 415 422.4 428.7 434.4 441.2 446.6 451.8 456.2 461.2 467.4 472.7 480.7 491.3 504.1 515.1 513.6 501.1 489.6
492.4 488.4 482.8 481.1 474.5 469.8 466 463.1 461.3 460.9 462.3 459 454.7 454.9 453.5 448.9 447.4 445.5 444.5 436.5 432.8 425.7 421.2 416.8 414.5 410.3 405.3 399.2 395.3 389.9 387.7 382 379.2 376.6 371.7 365.2 358.5 355.2 352 350.1 349.8 348.6 348.7 345.1 332.1 331.1 329.9 334.7 339.4 344.4 351 358 365.4 376.7 387.2 395.1 402.6 409.6 415.3 423.8 425.4 434.9 440.2 447.1 453 458.7 464.1 470.3 475.7 480.6 487 497.5 511.1 522.1 530.5 518.8 503.8 496.2
482.3 478.7 475.1 473.6 470.4 466 464.3 463.7 460.3 460 455.5 453.9 452.2 452.5 450.3 443.6 440.5 437 434.9 432.2 426.6 423.7 416.1 413.2 407.5 402.1 397.1 395.2 393 389.3 384.3 381 378.3 374.2 367.1 359.9 358.6 353.5 352.3 351.4 351 350.1 344.4 331.8 332.7 334.1 343.5 344.1 350.4 352.9 360.7 369.1 381.7 391.9 400.8 407.2 415.6 422.8 429.6 435 440.4 446.8 453.1 459.6 465.4 470.2 477.6 484.8 488 493.1 502.3 513.1 526.8 540.8 531.1 518.4 507.9 498.6
477.5 476 474 470.8 467.8 463.9 462.7 461.2 459 454.3 451.3 449.8 446.6 444.5 442 437.4 435.1 432.2 429.8 425.2 421 418.4 413.2 405.3 399.3 397.8 394.1 393.8 388.9 385.9 381.4 379 375.6 367 359.4 356.9 355.2 353.7 353 351.9 351.2 343.1 335.9 332.9 339.5 349.7 354.5 355.3 357.8 363.5 374 384.3 396.1 403.3 411.7 419.1 427.8 434.7 441 446.8 452.1 452.8 465 472.1 477.7 482.2 488.1 495.2 501.1 508.8 516.2 525.3 534.3 544.3 533.2 519.4 510 504.4
476.2 474.2 470.9 466.6 463.4 460.1 456.6 453.3 451.2 447.6 446 445.1 442.9 440.2 435.7 432.4 429.8 424 420.1 417.9 415 411.5 409.8 402.7 398.4 395.5 391.1 388 382.9 379.4 378.3 372.9 368.6 358.3 355 354.5 354.3 354.6 353.7 352.7 347.9 338.1 336.1 334.1 347.3 356.8 359 359.4 366.3 376.3 388.8 400.2 408.9 416.4 423.6 431.3 438.4 445.3 452.3 458.7 463.8 468.7 467.9 483 488.7 493.4 499.6 507.1 513.5 520.5 527.3 534.9 541.9 541.2 532 517.5 512 504.6
471.4 466.2 463 459.1 455.7 452.1 450.4 448.5 446.7 444.6 438.8 437.7 437 433 428.9 426.4 421.8 416 412.7 409.8 408.5 408.5 405 402.4 397.9 392.1 387.7 383.6 378.8 373.8 371.2 367.6 360 355 353.5 353.6 354.2 352.5 348.7 351.6 347.3 338.1 335.5 348.9 357.8 359.2 361.4 369.8 380.1 393.4 403.9 410.6 418.5 426.3 435.4 443 449.2 455.8 463.1 469.2 475.1 481.5 485.7 491.7 500.8 507.5 513.1 518.7 525.4 531.6 535.1 538.2 544.8 536.3 527.5 520.1 515.8 510.4
461.1 457.4 454.8 452.8 450.3 448 445.7 443.4 440.7 438 431.7 430.8 429.3 424.6 421.9 419 417.7 409.4 410 404.3 403 405 398.4 395.3 395.6 393.6 385.6 381 376.3 367.2 367 357.7 353.9 353.9 354.1 352.9 350.4 345.5 339.1 337.8 337.4 336.6 345.4 359.4 364.5 366.4 372.9 384 397.5 407.3 415.4 422.7 429.2 437.5 446.2 452.3 458.8 467.4 473 478.2 485 493.3 498.4 499.6 510.5 517.1 524.4 527.7 530.9 535.9 537.8 539.2 540.1 534.8 531.8 524.8 519.4 516.3
453.2 451.1 448.4 446.4 444 441.4 436 435.8 432.8 430.5 427.2 424.1 417.3 415.7 416 413.4 406.8 404.5 402 398.7 395.5 396.3 392 390.6 386.9 388.2 382.1 375 368.9 364.6 357.1 353.8 351.1 350.9 351.6 350.7 345.7 340.2 342.1 341.1 338.3 342.4 352.7 365.9 374.1 379.7 387.3 399.6 409.1 417 424.5 431.9 439.9 448.5 455.7 462.9 469.4 476.4 482.6 488.1 493.6 501.9 506.6 509.9 516.7 524.2 530.2 532.8 535.1 537.3 539.9 543.6 543.9 540.5 533.3 528.5 525.5 524.5
446.2 444.1 439 439.3 436.6 433.2 427.3 426.7 424.3 419.8 415.5 408.4 406.7 407.1 403.3 400.6 398.8 397.3 396.7 394 395.9 390.9 388.6 385 381.5 377.2 379.2 374.5 365.9 358.5 353.4 350.5 348.4 349.1 349.3 345.6 341.3 348.1 345.7 343.7 351.9 357.2 362 369.1 380.7 390.7 401.1 411.5 419 426.8 434.2 442.3 451.4 459.2 465.5 471.6 479.2 484.2 492 497.5 502 507.2 512.4 517.6 518 528.8 533.6 536.6 539.4 541.9 545.2 547.2 547.3 540.8 536.8 535 534.6 537.4
438.4 435.1 431.3 428 424.8 420.9 419 414.8 411.2 408.7 401.5 398.7 397.2 397.5 397.6 396.6 395.1 394 391.9 389.8 390.7 387.8 383.5 380.1 377.6 375.1 367.1 362.8 364.1 357.3 351.1 347 345.7 348.1 344.4 342.8 346.4 348.6 350.9 355.1 361.2 366.5 377.1 382.4 393.1 404.3 413.1 420.4 428.5 436.3 444.2 452.3 460 465.3 473.9 479.6 487.3 494.2 500.2 505.1 509.3 513.5 518.1 523 528.2 530.6 536.7 540.8 542.5 544.9 548.3 548.5 545.7 542.4 544.7 544 547.1 549
423 417.9 415.7 412.3 411.8 409.3 408.8 407.3 404 396.5 391.7 391.4 391.4 389.9 392 396.8 396.4 390 386.9 387 384.9 383.8 376.5 369.5 369.4 368.4 356.9 355 352.8 352.8 347.7 344.8 345 344.4 342 348.3 348.2 350.9 355.9 361.4 368.5 376.9 384.6 397.1 404.7 414 422.1 429.5 439.2 445.1 453 460.3 467.9 474.1 480.7 487.4 494.1 500.9 507.5 513.1 516.8 520 522.9 527.3 532 535.8 535.4 542.9 545.1 546 548.1 549 549.6 550.3 552.1 554.4 558 557
411.2 405.3 406.4 405.9 402.1 402.4 399.2 393.6 391.1 389.6 386.9 387.9 388.6 387.6 386.7 385.2 386.3 380.6 379.1 378.7 378.8 372.8 368.4 365.1 364.5 353.3 349.2 350.6 347.3 345.4 345.1 344.1 344.3 344.3 347.2 348 349 354.5 362.7 370.1 379 386.5 397.6 408.4 415.4 425.1 430.5 437.4 444 451.7 460.2 467.5 474.9 480 487.7 493.6 500.3 506.2 512.2 518 522.2 524.1 528 531.4 535.4 539.4 542.2 541.6 546.9 548.7 550.3 551.8 553.6 556 559.4 564.6 566.6 567.4
399.2 398.8 401.5 398 394.3 390.3 385.4 385.6 386 384.6 383.7 384.2 384.4 383.1 377.4 372.2 373.3 375.2 375.9 371.9 370.7 364.5 362.5 359.7 349.6 347.3 347.1 345.3 345.4 344.5 343.3 343.4 344.1 345.2 348.2 349.6 354.6 362.7 371.9 380.6 388.9 398.9 407.7 416.8 426.7 432.2 436.6 442.8 450 455.5 464.6 471.9 478 485.7 494.2 500.2 505.7 511.2 517.7 522.9 526.7 530 532.4 535.4 539.3 542.7 544.4 547.3 549.1 552.3 555.2 557.6 559.4 563.5 568.5 573.6 577.8 585.8
398.8 400.2 397.3 390.4 385.9 382.5 383.2 384 382.8 381.2 380.1 381.2 377.9 371.5 364.9 362.9 365.5 370.2 370.3 369.1 363 358.6 354.8 346.5 345.2 345.8 346.1 344.2 344.2 343.8 344.5 344.7 346 349.4 351.3 355.6 364.9 371.7 379.1 389.1 398.7 408.3 417.7 427.6 433.1 437.9 442.5 448.2 455.7 462.7 470.3 476.9 485.1 493.3 499.6 506 510.9 515.4 520.2 525.7 530.9 534.5 537.4 540.5 542.2 545 548.1 551.7 554.1 556.5 560.7 563.3 567.2 572.8 581 591.5 596.7 598.5
398 394.8 390.2 383.7 380.6 380.2 382.6 382.2 381 379.2 375 369.8 367.1 361.2 356.9 358.1 368.2 370.4 367.1 359.2 353.1 350.9 345.7 343.8 344.5 344.6 344 344.4 344.9 344.4 345.3 345.9 350.7 353.9 357.5 364.3 371.5 380.6 392.8 401.3 409.2 419.4 428 434.5 439.2 444 449.1 456.5 462.7 469.7 477.4 483.9 489.7 497.7 503.8 509.4 515.3 519.3 523.5 528.4 532.5 536.9 540.9 543.1 546.2 549.8 552.7 557 561.8 565.4 568.4 570.8 575.2 582.8 594.1 601 603.8 604.2
392.9 387.5 381.2 379.3 379.5 382.8 383.7 379.2 376.9 370.3 365.9 358.7 356.4 355 355 361.8 367.5 359.5 353.3 352.6 350 344.9 344.3 345.6 346.4 346.1 345.6 345.6 345 346 347.2 349.9 355.5 363.4 368.8 373.9 382.3 393.2 399.9 411.5 419.5 428.2 434.2 440.3 445.6 450.7 458.4 465.5 471.5 477.4 482.4 487.7 495.4 502.2 508.8 514.3 518.1 522.3 525.8 531.3 535.2 540.2 543.7 547.9 550.6 553.7 559.4 564.8 568.9 571.3 575.4 577.8 583.5 591.3 600.4 607 609.8 608.7
386 381.1 379.6 379.4 383.4 378.7 379.5 372.1 362.1 354.8 353 353.8 354.1 354.3 363.8 363.1 355.3 350.4 348.2 346.8 346.2 344.4 344.5 346.8 346.8 346 345.3 345.6 346.2 348.2 353.3 359.8 369.2 376.5 380.4 385.3 394.8 400.4 411.5 423 428.2 434.4 441.5 447 452 459.5 465.2 471.3 477.4 482.2 488.6 494.7 501.4 506.1 512.6 516.6 521.2 525.4 528.8 532.9 538.7 542.1 546.3 551 555.8 560.2 565.5 571.7 575.2 582.8 580.6 584.8 588.8 597.6 606 610.4 613.6 614.4
385.2 381.8 379.2 379.2 374 369.6 363 355.6 351.7 351.2 351.2 351.9 354.3 363 359 355.5 351.5 348 346.5 346.2 345.6 345 345.9 346.5 346.7 346 347.4 349.7 352.3 357.5 364.1 369.7 376.8 385.1 391.4 396.6 403.9 412.8 421.3 430.6 436.1 441.7 447.4 452.4 457.4 463.8 469.8 478 485 488.9 493.3 500.3 506 511.1 515.7 519.4 524.1 527.5 531.1 535.4 539.6 543.4 550.7 556.3 559.2 565.6 574.8 578.2 582.3 587.9 587 588.4 596 606.2 615.5 618.5 619.6 618.9
381.4 374.9 376 367.5 362.6 358.4 353.5 350.7 350 350.2 350.8 353.2 359 352.6 353.9 349.5 348 347.3 347.2 346.5 344.8 345.8 345.9 346.4 347.7 349.1 351.9 355.8 362.1 367.9 373.4 377.5 384 393.1 399 404.4 411.7 422.1 431.3 436.9 443.6 447 451.1 455.7 465.1 472.7 478.7 484.7 489.6 492.6 497.8 504.8 510.1 514.6 520.1 524.6 527.4 531.1 533.8 540.7 545.4 550.6 555.7 559.6 564.3 576.6 583.6 584.6 588.4 592.9 593.7 594.6 603.1 612.8 621.7 624.2 625.7 623.7
373 372.6 364.9 357.5 356.4 353.6 349.7 349.2 349.8 350.4 356.4 354.4 350.2 350.4 349.2 348.1 347.7 347 346.3 345 345.1 346.1 348.4 349.8 353.3 356.5 358.8 361.8 366.6 372.4 378.9 383.2 394.3 400.8 408 413.8 420.6 429.1 436.3 441.5 447 450.9 454.9 466.3 474.5 479.9 484.8 488.2 491.5 494.3 502.2 510.9 515.8 520.4 524 527.2 531.4 535.2 538.8 547.5 550.7 558.7 564 568.1 578 592.8 593.3 592.1 595.9 598 597 604 611 621.3 627.2 629.4 630.9 627.7
366.9 358.2 352.8 351 350.8 349.1 350.3 350.5 351.9 359.4 350.1 349.9 349.6 349.8 350 348.1 346.5 346.4 346 345.4 345.6 351.1 352.3 355.6 360 362.8 366.8 369.8 373.2 377.3 385.6 394 399.3 407.6 415.4 423.5 431.2 438 440.8 446.4 450.9 455.6 462.5 473.7 478.3 483.2 485.3 487.6 492.3 502.1 510.7 515 519.9 525 528.6 532.3 535 536.5 547.7 549.5 564 570 576.6 584.2 598.1 600 599.8 600.5 603.4 605.2 603.2 612.7 617.1 626.1 631.9 634.5 633.7 628.7
354 350.4 350.4 350.2 350.8 348.6 348.7 352.1 357.8 350.1 349.8 349.2 351.9 352.5 349.3 346.8 345.2 345 345.6 345.6 346.4 355.6 360.6 363.8 367 370.2 374.6 377.4 382.4 388.2 396.1 400.1 408.3 415.6 425.7 433 437.1 445 447.2 450.9 455.1 460.1 470.3 476.1 478.4 482.6 489.1 491.3 502.2 511.9 518.5 521.9 525.3 530.1 533.2 536.3 539.3 542.3 549.5 561.9 573.2 581.4 591.8 600 605.9 607.6 608.2 608.5 608.8 612.2 612.7 617.8 623 630.4 636.5 639.9 640.2 639.7
351.7 350.9 351.1 350.9 349.9 348.7 348.1 350.8 349 349.3 348.9 351.5 353.7 348.5 346.3 345.8 345.4 345.1 345.8 346.4 356.5 365.8 368.4 369.8 374.1 377.9 380.3 384.1 390.6 396.7 401.9 409.7 417 427 435.7 437.8 441.5 446.4 450.5 455.2 460.1 469 472.6 477.3 481.9 487.2 490.7 499.9 512.5 518 522.9 526.2 530.1 534.4 538.8 541.3 543.7 551.3 561.3 575 584.3 595.7 602.5 612.3 613.1 616.3 615.9 613.2 615.6 615 617.8 623.7 630.6 637.5 645.2 648.5 649.2 647.2
353.1 353.3 351.5 350.9 349.8 349 348 347.8 348.4 348.1 348.6 350 347.8 347.1 346.4 345.8 345.6 346 349.2 356.3 362.1 370.6 373.7 378.3 380.4 383.2 386.9 392.2 398.4 404.4 409.3 417.4 427 434.4 437.2 443.1 445.9 450.2 456.2 461.9 467.4 472.3 477.2 481.2 486.5 491.6 496 509.9 516.4 521.1 526.7 531.5 536.7 541.4 544.2 546.7 555.9 561.1 577.6 589.6 598.9 607.4 614.6 622.6 624.4 624.3 625.2 624.4 621.4 619.5 623.5 633.1 642.5 648.2 653.1 656.5 658.4 654.7
353.7 351.9 350.6 349.8 349.8 348.8 348.4 347.2 347.9 347.5 348 347.6 346.7 346.2 345.4 346.2 346.9 350.3 355.2 360.8 367.3 377.7 381.4 383.8 386.6 388.6 394.2 400.1 406 410.9 419.5 428.3 433 436.2 440.8 447.8 451.1 456.1 463.1 468.8 473.5 477.5 481.1 487.4 492.7 496.5 506.4 516 522.5 528.9 534.8 540.6 545.4 548.8 552.4 557.8 563.5 578.4 592.6 605.8 615.8 628 629.8 630.3 631.5 633 632 628 623.9 624.5 634.6 640.5 646 652.8 659.7 662.8 663.4 661.7
352.8 350.1 349.1 350.7 348.5 348.2 347.8 346.8 346.9 347 347.3 346.9 346.5 346.1 346.7 347.8 349.9 355.9 362.4 365.7 374.9 386.1 387.6 388.6 391.9 395.7 400.7 406.4 411.8 417.4 426.6 431.4 434.6 439 442.1 448.4 455.9 461.6 468 473.7 478.6 482.1 486.6 491.7 496 506.6 516.7 524.3 530.3 538 544.2 548.4 552.6 556.7 561.5 567 577.9 593 606.9 618.2 632.5 637.6 636.6 638.7 638.6 636 630.7 626.4 625.5 635.9 642.9 646.3 650 657.6 663.6 666.3 670.4 670.4
