public/OST50/NN68.asc
ncols 200
nrows 200
xllcorner 260000
yllcorner 780000
cellsize 50
[rows 0 to 34 of 200, columns 78 to 155 of 200]
336.8 338 338.6 339.6 339.9 337.8 337.6 341.8 345 346.8 349.1 353.7 364.9 367.6 368.6 371.4 373.5 376.6 380.5 384.1 388.8 394.1 398.4 404.1 408.1 412.4 417.3 421.8 427.3 432.1 435.1 438 441.4 444.1 446.1 444 442 444.8 447.3 449.6 451.8 454.9 458.1 463.4 469 474.7 480.1 487.9 495 498.4 502.8 500.1 498.1 494.1 482.8 477.4 467.6 455.8 442 421.8 400.8 382.8 365.8 350 336.7 327 319.6 313.1 308.9 308.7 308.6 308.4 308 308.9 309.2 316.5 323.4 339.9
338.8 339.4 339.8 340.6 340.8 338.3 339.4 343.3 345.5 347.9 351.1 365.1 367.7 369.2 369.8 371.3 373.5 377 380.3 384.2 388.1 392.4 396.8 402.5 406.6 410.8 415.7 420.4 425.1 429.5 431.9 434.6 438 442.2 440.5 439.1 440.3 444.4 446.8 449.6 451.6 455.3 459.5 464.5 469.9 475.5 481.8 489.9 497.2 500.1 500.9 497.5 494 490.5 479.9 472.2 462.6 451.9 435.1 413.3 392.9 376.1 357.9 343.6 333.3 324.8 316.7 308.6 308.8 308.6 308.5 308.4 309.8 311.3 310.4 321.2 325.7 337.8
339.8 340.3 341 342.3 342.9 341.2 340.5 344.7 346.6 348.2 353.6 365.4 368.1 370.3 370.9 371.6 373.5 376.5 379.7 383 386.3 390 395.2 400.7 405 409.5 414.2 418.9 423.9 425.6 428.3 431 434.6 438.2 436.4 438 441.2 444.3 447.2 450 452.8 455.3 459.6 465 470.4 475.9 482.8 490.9 497.4 498.6 498.1 495.3 491.6 488 478.6 469.5 459.9 448.6 429.7 407 387.2 370 350.8 337.4 329.4 322.1 312.9 309.1 309.1 309 308.6 308.2 308.8 311.1 311.7 323 327.8 341
341 341.2 342.2 342.9 343 340.7 342.1 344.8 350 352 358.4 365 367 370.3 372.1 371.8 373.7 374.4 377.1 380.3 383.9 388.4 393.7 398.9 403.6 408.3 413.3 418.3 421.1 422.2 423.2 425.5 431.1 431.7 435.1 438.7 441.4 444.2 447.1 450 452.9 455.8 460 465.4 470.8 476.5 484.9 492.3 495.9 497.5 495.1 492.8 488.4 482.4 474.8 465.1 453.3 438.3 419.6 401.5 382.9 364.1 345.2 333.9 326.2 319 308.6 309.2 309.4 309.5 309.2 308.6 312.2 310.2 315.4 320.4 329.8 348.7
342.2 342.4 343.6 342.5 340.2 340.7 345 347.6 352.3 357.4 361.6 362.9 366.5 369.5 371.5 371.7 373 373.8 374.5 377.9 381.5 387 393.5 397.9 403 408.5 412.7 415.6 417.1 417.9 419.5 422 422.3 430.2 436.1 438.5 441.2 444.1 447.1 450 452.8 455.7 460.1 465.5 471.3 478 484.1 488.9 492.7 493.2 490.7 486.9 481.2 475.4 467.9 457.7 444.8 427.4 410.7 392.6 375.2 357 343 331.2 322.9 315.9 309.9 310.2 309.3 309.5 309.8 308.7 309.5 312 317.7 321.8 333 350
343.1 344.1 343.5 341.8 340.2 343.6 351.3 355.4 357.2 361.5 365.5 367 367.5 368.5 370 371.5 372.3 373.1 373.3 376 379.8 386.1 392.8 397.6 404.6 409.3 410.5 412.5 413.2 413.4 413.7 419.3 425.6 432.2 435.7 438.4 441.1 444 447 449.9 452.8 455.9 460.2 465.6 471.8 476.9 482.3 486.7 489.6 488.4 484.2 480 474.8 468.4 460.8 448.5 435.3 419.3 402.4 383.6 365.4 349.4 337.8 327.6 320.6 313.1 309.4 310.9 309.9 309.2 309.7 311.6 311.5 315.2 321.3 325 340.4 358.4
344.1 344.2 344.2 342.7 341 346 357.1 361.3 363.6 365.6 367 368.3 369.2 369.8 371.2 371.5 371.7 371.7 372.1 374.4 378.8 385.3 392.2 398.9 406.7 406.7 404.8 409.1 408.9 409.7 415.3 421.1 427.8 431.2 434.5 438.3 441 443.9 446.9 449.9 452.7 456.2 460.6 465.6 470.7 475.8 480.4 483.3 485.4 482 476.9 472.7 471.3 463.4 452.2 440.4 426.4 411.7 395.5 377.5 359.8 344.5 331.4 322 315.4 309.5 310.3 309.9 309.6 310 310.8 312.8 316.4 318.9 323.1 335 351.3 371.5
345.1 344.9 344.9 343.4 341.8 346.4 359.9 363.8 365.9 367.8 368.4 369.5 370.3 371 371.4 371.7 371.7 371.3 372 373.7 377.9 384.5 391 400.8 404.7 400.4 400.5 402.6 400.9 409.7 415.1 421.7 427.3 430.8 434.3 437.8 440.9 443.8 446.8 449.7 452.7 455.9 459.8 463.9 469.1 473.8 476.5 478.8 479 475.1 473.8 470.2 466.8 455.6 445.4 432.6 417.1 404 388.5 371.5 354.2 338.5 325.6 316.9 310.7 310.6 311 310.5 310.1 310.5 310.6 314.9 317.4 323 328.5 344 358.2 374.7
345.5 345.6 345.5 343.7 341.9 348 361.8 365.2 366.6 368.1 369.3 370 370.7 371.5 371.7 371.9 371.7 371.4 371.7 373.3 376 382.3 389.7 398.3 398 395.1 395.7 396.7 403.4 409.3 415.1 422 427 430.5 434 437.5 440.6 443.4 446 448.6 451.8 455.2 458.5 462 466.5 469.2 471.8 473 472.1 469.1 468.6 463.1 456.1 446.8 436.1 424.8 410 394.4 378.4 362.4 346.3 332.5 319.8 312.1 310.9 311.6 311.4 311 310.6 311.5 311.2 313.4 320.7 325.1 331.8 347.2 363.9 382.5
345.8 345.9 345.5 344.2 342 353.9 363.1 366.6 367.8 369.1 370.1 370.4 371.3 371.9 372.1 371.7 371.4 371.4 371.4 372.9 374.5 379.5 387.5 392 390.6 390.4 392 397 403.2 408.4 414.9 420.9 426.5 430.2 433.7 437.2 440.2 442.4 444.7 447.4 450.9 455.2 458.4 460.4 462.5 464.3 466.8 468.1 467.6 463.6 461.9 455.4 446.6 438.9 429 417.5 404.5 389 368.9 352.9 337.9 326.6 314.3 310.5 311 311.8 311.6 311.4 311.1 310.9 310.9 312.3 321.3 326.7 339.5 351.7 367.6 382.1
346 346.1 345.5 343.7 342.9 359.3 365.2 368 369.2 370.1 370.2 370.9 371.9 372.3 372.1 371.6 371.1 371 370.9 371.4 372.7 377 383.2 387.6 385.8 388.2 391.5 395.3 401 408.4 414.9 421.3 426.2 430.1 433.7 436.6 439 441.3 443.6 445.8 449.5 454.1 457 457.4 459.1 459.8 462.1 465.2 460.6 455.8 452.9 447.2 439.9 432.6 422.4 412.1 401.6 389.1 363.9 340.8 329.2 317.2 310.6 311.4 311 312 311.8 311.6 312.5 311 311 313.9 320.4 332.5 347 362.1 380.2 388.8
346.1 346.4 346.2 346 347.6 361.7 365.4 368.5 369.3 369.8 370.6 371.5 372.4 372.5 372 371.5 371 370.6 370.5 371.1 372.1 374.3 379.5 379.2 383.9 386.9 390.1 395 400.5 409.1 415.7 422.2 426.3 429.7 432.5 435.1 437.6 439.4 441.2 442.8 447.6 453.7 456.7 453.9 453.4 454.5 456.9 458.7 454.4 450.4 446.4 440.2 432.5 423.2 411.1 401 392.8 381.6 362.4 336.5 319.3 311.2 311.6 311.4 312.1 312.4 312.6 312 311.6 311.3 311.1 316.8 324.3 338.4 353.7 368.8 388 399.6
345.9 346.7 347 347.9 351.4 362.6 365.9 368.2 369.2 370.6 371.5 372.2 372.9 372.4 371.9 371.4 370.8 370.3 370.1 370.8 372 374.1 376.6 378.5 383.2 386.1 390.2 395.5 402.2 410.1 416.5 421.6 425.3 428 430.8 433.1 434.4 435.7 437.6 439.8 445.1 448.7 449 446.4 448 449.5 450.7 449.6 446.5 443.2 439.4 433.5 425.4 414.1 401.9 389.7 380.7 368.3 340.8 323.9 312.2 311.3 312.5 312.7 312.4 312.1 312.3 312.1 311.5 311.1 312.6 318.5 330.2 344.3 359.5 376.5 393.1 406.6
345.7 346.8 348 349.5 354.2 362.9 366.5 369 370.4 371.7 372.4 373 373.1 372.5 371.8 371.2 370.7 370.2 369.7 370.5 372 373.2 375 378.3 382.7 385.6 390.2 398.5 404.7 411.3 416.9 420.7 423.5 426 427.8 429.5 430.8 431.9 433.8 436.4 439.2 440.6 441.1 441.6 441.5 443 443.2 442.2 438.9 436.8 429.9 423.3 415 401.4 388.6 375 363.1 347.4 326.8 313.3 312.8 312.5 312.7 312.7 312.7 312.3 312.1 311.9 311.3 311.8 312.6 323.4 335.7 349.9 365.5 383.7 399.5 412.5
345.9 346.9 349.3 351.4 355.6 363.6 367.3 369.4 371.6 372.6 373 372.9 373.2 372.8 372 371.3 370.6 370.1 369.5 370.5 371.7 372.5 373.6 378.3 382.7 386.2 391.8 399.6 406.2 410.9 415.1 418.5 421 422.6 424.2 425.9 427.7 428.3 430 431.6 432.8 433.4 434.5 434.7 435 435.7 435.6 434.4 430.8 427.7 422.3 414.1 402.6 388.2 372.3 356.9 343.4 328.4 316 313 312.9 313.1 312.9 312.8 312.8 312.6 312.7 311.9 311.5 312.4 318.1 327.9 341 357 374.3 390.6 405.3 418.2
346 347.1 350.4 354.1 358.9 362.3 367.4 370.3 372.7 373 372.9 373 373.3 373.1 372.3 371.6 370.9 370.2 369.5 370 371.1 371.8 373.2 377.7 382.2 387.4 393.8 400.4 404.9 408.7 412.9 415.9 417.6 419.3 420.8 422.3 424.2 424.3 425 427 428 428.2 427.8 428.4 428.4 427.8 427.1 426 422.6 416.8 410.8 404.3 388.1 372.4 355.1 339 327 314.9 314.2 313.2 312.6 313.6 313.4 313.3 313.1 314.6 313.6 312.9 312.7 314.5 323.6 335.1 347.1 363.6 381.7 396.3 411.1 423.5
347 349 354.8 359.8 363.5 365.6 368 370.5 371.3 372 372.9 373.1 373.4 373.4 372.6 371.9 371.2 370.5 369.7 369.6 370.4 371.8 373.3 377 382.3 388.6 395.1 399.6 402.9 406.2 410.2 412.5 414.2 415.1 416.4 418.8 419.2 418.8 420.7 422.7 423.3 422.8 422.1 421.7 420.3 419.7 419.2 416.3 412.1 404.8 395.6 386.8 371.3 354.5 338.8 325.8 314.5 313.3 314.1 312.6 313.5 314.1 313.9 313.7 313.6 313.9 314.1 312.6 313.7 321.9 331.4 340.3 353.3 371 390.4 403.5 417.5 428.3
347.3 351 357.8 362.9 365.9 367.8 369.6 371 372 372.9 373.3 373.3 373.5 373.7 372.9 372.2 371.5 370.8 370 369.6 370.1 371.8 373.5 378 383.4 389.2 394.5 397.3 400.7 404.1 407.2 408.9 410.4 411.3 412.5 414.5 414 414.7 417.1 417.8 418.2 417.3 415.5 414.8 413.4 411.5 410.4 406.5 401 392.4 380.6 370 355.5 339.7 327.2 314.9 314.6 314.3 314.3 314.3 314.2 314.3 314.3 314.1 313.4 313.9 313.6 313.2 316.8 326 335.8 345.3 362.5 381.8 397.9 411.9 423.7 434
348.9 352.6 358.9 363.5 367.2 370.2 370.7 371.6 372.9 373.7 373.7 373.7 373.7 373.8 373.2 372.5 371.9 371.2 370.9 369.7 370.3 371.9 374.1 378.9 383.6 388 392.4 395.3 398.2 401.5 403.6 405.4 407 407.9 409 409.5 409.5 410.8 412.6 413.1 413.1 411.7 409.9 408 408 403.3 401.4 395.9 388.4 377.7 365.5 355.3 341.1 328 316.2 315.1 315 314.9 314.8 314.7 314.5 314.2 314.2 314.2 313.7 313.9 313.4 313.8 321.2 331 338.7 350.7 370.1 388.9 405.9 417.1 426.8 436.8
351.1 354.4 358.5 362.8 366.6 369.9 371.1 372.7 373.7 374.2 374.2 374.1 374.1 374 373.6 373 372.3 371.7 370.2 368.8 370.4 372.1 374.5 379.4 382.3 385.1 389.5 392.6 395.4 398.1 399.9 401.7 403.3 403.8 404.5 404.2 404.4 406.2 407.6 408.1 407.4 404.8 403.1 401.7 401.3 395.6 390.5 383.5 373.7 363.3 352.6 342.3 330.1 315.9 315.2 315.6 315.6 315.4 315.2 315 314.8 314.5 314.1 314.2 314 313.7 314.4 318.8 324.6 334.4 343.7 360.1 380.1 397.6 413.2 426.7 434.8 443.8
353.5 356.8 359.8 362.4 366.2 370 370.8 372.4 374.4 374.5 374.4 374.3 374.3 374.2 373.7 373.2 372.5 371 369.5 369.1 370.5 372.7 375 377.9 380.6 383.5 386.3 388.8 391 393.2 395 396.7 398.2 399 400 400.8 400.4 402.2 402.7 403.3 400.8 397.5 395.4 394.5 390.9 385.8 379 370.4 359.7 351 341.8 331 321.8 315.4 315.5 315 315.8 315.7 315.6 315.4 315.2 315 316.5 314.6 314.6 313.8 315.3 320.1 328.3 338.8 350.5 368.9 389.1 405.8 421 431.4 439.6 449.5
355.8 359 361.5 364.1 366.8 370.2 371.6 373.5 374.7 374.6 374.5 374.5 374.4 374.3 373.8 373.3 372.9 371.8 370.2 369.7 370.6 372.6 374.5 377.5 379.5 381.5 384.1 385.7 387.3 388.3 390 391.7 393.1 394.1 395.2 396.5 397.6 398 398.1 398.3 395.2 391.6 387.9 385.2 381 373.6 367.1 356.8 348 339.9 330.8 321.8 315.9 315.7 316.2 315.3 315.6 315.6 315.7 315.6 315.5 315.4 315.2 315.7 314.9 314.8 319.3 324.9 333.6 345.4 361.2 380.3 398.1 410.7 424.5 434.5 445.1 454.8
358.2 360.8 363.3 365.8 368.4 370.9 372.7 374.5 374.8 374.8 374.7 374.6 374.6 374.4 373.9 373.5 373.2 372.5 371.2 369.8 370.5 372.4 374.4 377 379.1 381.1 381.7 383.2 384.5 384.1 385 386.7 388 389.3 391.5 392.9 394.3 394.2 394 391.3 387.7 383.9 379.2 375.8 371.2 362.6 353.9 345.2 339 330.3 321.6 316.7 316.6 316.4 316.3 315.8 316.4 316.2 316 315.8 315.8 315.2 315.5 315.2 314.6 319 323.8 330.8 340.8 352.3 370.8 390.5 407.8 416.3 429.1 439.5 449.3 457.7
360.9 362.7 365 367.6 370.1 372.1 373.7 375 374.9 374.9 374.9 374.8 374.7 374.4 374 373.8 373.4 372.7 371.5 369.7 370.7 372.3 374.2 376.6 378.7 379.9 379.6 380.6 381.6 381.2 380.8 381.7 383.1 385.6 387.4 388.6 388.9 388.4 387.1 383.3 380.1 375 370.4 366.1 360.1 352.5 344.2 337.3 331.4 323.4 316.9 317.2 317 317 316.7 316.4 316.6 316.5 316.4 316.2 316.3 315.7 315.4 315.3 318.8 322.6 329.2 336.7 347.3 360.5 380.8 399.8 417.3 425.7 435.3 446.5 454.1 462.7
364.1 365.4 367.5 369.6 371.6 374.1 374.7 375.1 375.1 375.1 375 375 374.9 374.5 374.2 374 373.6 372.7 371.4 369.4 370.8 372.1 374.1 376.2 377.7 377.8 377.5 378.1 378.7 378.3 377.9 377.3 379.4 381.3 382.5 382.9 382.8 381.5 379.5 375.2 372.3 366.2 361 356.1 350.8 343.5 336.3 329.2 323 317.3 318 317.9 317.6 317.4 317.3 316.7 316.9 316.8 316.7 316.8 316.1 315.7 316.1 318.5 321.2 327.5 334.1 343.4 355.3 369.5 388.3 405 420.2 430.9 441 450.8 459.7 470.2
367.3 368.5 370.1 371.5 373 374.8 375.5 375.4 375.3 375.2 375.2 375.1 375 374.7 374.5 374.2 373.6 372.5 371.3 368.7 370.7 371.8 373.7 375.6 376 375.7 375.4 375.5 375.8 375.4 374.4 374.1 375.1 375.8 376.4 376.3 375.4 373.5 371.4 368 364 360.4 352.1 345.9 341.3 333.6 327.6 321.9 317.8 317.7 318.5 318.3 318 317.8 316.6 316.9 317.1 317.2 317.1 316.7 316.3 316.2 318.3 320 326.2 332.5 341.5 351.5 364.3 378.8 395.7 410.1 424 435.7 447.2 458.1 466.8 477.6
370.3 371.1 371.9 372.6 375.2 375.8 375.9 375.8 375.7 375.6 375.5 375.5 375 374.6 374.3 374 373.5 371.9 370.5 369.4 370.4 370.9 372.8 373.8 373.7 373.4 373.2 373 372.6 371.5 370.5 370.5 370.4 370.2 369.5 368.9 368 365.2 362.6 359.8 355.6 351.8 344.1 337.4 332.6 326.7 321.3 317.9 317.7 318.5 318.7 318.4 318.2 318 317.3 317.8 317.7 317.6 317.2 317.4 317 318.2 319 324 329.9 337.7 348 358.4 372.8 385.5 402 417.5 431.6 443.5 454.4 464.2 474.4 485.5
372.4 373.1 373.9 374.9 376 376.4 376.3 376.2 376.1 376 375.9 375.4 374.8 374.3 374.1 373.7 373.4 371.9 370.3 368.9 369.7 370.2 371.9 372.1 371.6 370.8 370.6 370 368.6 367.5 366.3 366 365.8 365.1 363.1 361.9 359.9 354 353.1 352.1 347.8 342.9 336 329.8 327.1 320.9 319.1 318.5 318.5 318.8 319 318.6 318.3 317.2 318.4 318.6 318.2 317.6 317.4 317.7 318.8 319.5 323.4 326.8 332.6 341.7 353.2 366.2 381.6 393.6 407.7 424.8 438.9 451 461.9 472.5 484.4 499.4
374.5 375.2 375.6 376.3 376.7 376.7 376.7 376.6 376.5 376.4 375.9 375.3 374.7 374.1 373.8 373.5 373.2 372 371.1 369.5 369 369.5 370.8 370.3 369.5 368.2 368 366.4 364.7 363.6 362.3 361.4 361.1 359.7 357.6 355.9 353 348.7 346.8 344.1 341 334.7 327.8 321.8 321.1 319.6 319.7 319.3 319.2 319 319 318.8 318.3 317.8 318.9 319 318.8 318.2 318.4 319.4 321.3 323.7 326.1 330.4 337.3 347.4 359.3 375.1 388.7 401 415.9 433.3 446.9 458.2 469.8 482.6 496 510.1
376.4 376.8 376.7 376.8 376.9 377.1 377 376.9 376.9 376.4 375.8 375.2 374.6 374 373.5 373.2 373 372 371.5 369.3 368 368.7 369 368.5 367.4 365.8 364.6 362.9 361.1 359.7 358.3 356.9 356.4 354.4 352.1 350.4 347.6 344.2 342.9 338.1 333.2 327.9 323.8 322.4 323.6 320.8 320.7 319.8 319 319 319.4 318.5 318 318.7 319.1 320.2 318.9 318.8 320.2 321.8 323.7 328 331.3 335 342.9 353.4 365.3 381.9 395.6 409.3 426 441.2 454.1 467.2 480.8 494.3 508.3 519.3
378.5 378.3 377.7 377.5 377.3 377.3 377.4 377.3 376.8 376.2 375.6 375 374.4 373.8 373.2 372.9 372.7 371.9 371 368.8 365.9 366.8 367.1 366.3 364.7 363.1 361.4 359.5 357.6 355.8 354.2 352.9 351.7 349 346.7 346.1 343.5 340.4 339.3 332.9 328.7 325.1 321.4 325.9 320.8 320.6 320.9 319.5 319.8 320 319.5 319 318.8 318.8 319 319.6 319.2 320.6 323.2 324.4 326.1 330.2 334 341.3 350.3 359.9 376.4 393.2 406.5 420.7 435.1 450 463.2 478.2 493.7 506.2 517.1 524.9
378.3 379 378.8 378.5 378.3 378.1 377.9 377.3 376.7 376.1 375.5 374.9 374.3 373.7 373.1 372.6 371.8 370.7 369.6 367.9 364.7 365.4 365.1 363.3 361.7 360 358.3 356.6 354.7 353.2 351.1 349 347.8 345.6 342.9 342.5 341.6 334.7 331 328.1 325.6 322.7 322.1 321.4 320.9 320.7 320.3 319.9 320.3 320.7 320.2 319.4 319.2 319.2 318.7 319.8 320.7 323 324.6 325.1 327.9 331.5 339.1 347.6 357.3 367.2 385.6 400.5 414.9 428.7 443.2 458.5 473.2 487.6 501.8 512.1 520.9 529.3
377.9 379.3 379.7 379.4 379.2 379 378 377.2 376.5 375.9 375.3 374.7 374.2 373.6 373 371.7 370.5 369.4 368.3 366.3 364.1 362.9 362.2 360.3 358.6 356.9 355.3 353.6 352 350.8 348.8 347.6 345 342.1 341 342 337.8 331.4 328 325.7 323.6 323.7 322.2 321.7 321.3 321 320.7 320.7 321.1 321.6 320.9 320 319.5 319.3 322.3 321.9 322.5 324 326.5 328.2 329.8 335.7 344.8 353.5 362.6 375.6 392 405.4 420.3 437.9 453.7 468.6 482.6 496.3 506.5 518.3 530.9 539.9
378.8 379.9 379.8 380.2 380.1 379.1 378 377.1 376.4 375.8 375.2 374.6 374 373 371.7 370.3 369 367.9 366.8 365 363 360.2 359.3 357.6 355.9 354.3 352.6 351.9 350.5 348.8 347.6 346.1 344.3 340.3 338 338.7 333.8 329.7 327.1 324.1 324.7 323.6 322.7 322.2 322 321.9 321.5 321.5 321.3 321.4 321.8 320.3 320 322.5 323.3 325.6 327.6 327.1 329.6 330.7 333 340.6 349.7 359.6 371.1 385.4 398.4 411.6 426.5 446.7 464 478.5 492.1 504.1 511.9 523.4 535.6 543.5
381.7 382.5 382.2 381.1 379.9 379.1 378 377.1 376.3 375.6 375 374.4 373 371.6 370.3 368.9 367.5 366.3 365.2 363.5 361.5 359 357.4 355.2 353.4 352.5 351.3 350.3 348.9 347.6 346.8 343.1 340.9 339.1 335.5 330.9 329.6 327.3 325.2 326.2 329.1 323.6 323.2 322.7 322.5 322.5 322.4 322.1 321.8 321.2 321.1 320.9 321.4 325.3 327.5 329.5 330.4 331.1 332.1 333.5 337.3 345 354.7 366.4 380.2 394 405.6 418.7 434.9 453.3 472.2 488.9 501.7 511.3 519.8 529.3 538.7 550.3
