public/OST50/NN68.asc
ncols 200
nrows 200
xllcorner 260000
yllcorner 780000
cellsize 50
[rows 105 to 139 of 200, columns 0 to 77 of 200]
852.8 852.1 844.9 835.2 815.8 781.1 754 739 725.9 713.1 703.1 692 683.6 678.4 673.5 669.4 665.6 660.1 653.6 646.4 637.2 627.3 616.8 607.5 597.5 584.9 572.1 561 550.7 541.5 532.4 523.5 514.5 505.6 496.8 487.9 479 472 465.1 457.2 448 440.9 433.8 427 419.9 415.4 411.1 407.6 404.4 400.9 397.3 394.2 393.5 394.2 394.4 394.5 394.2 393.4 392.6 390.9 387.5 385 382.6 380.1 377.7 374.3 368.5 359.7 357.9 354.4 354.4 354.8 354.6 354.6 354.6 353.6 353.5 355.3
856.9 854.5 846.5 829.9 803.2 774.1 754.4 740.3 727 714.7 705.2 695.4 686.5 680.5 675.5 671 665.6 659.3 652.4 644.2 634.5 623.7 614.6 606 595.9 583.6 569.5 558 548.1 539.7 529.6 520 510.5 501.1 492.2 483.8 476 468.6 461.1 452.1 442.5 436.4 429.1 423 418.1 413.9 409.6 405.7 402.2 399 395.5 392.5 393.4 394.2 394.5 394.7 394 393.1 390.8 389 386.4 383.9 381.5 379 376.7 372.6 367.6 358.6 355.1 354.3 354.5 354.9 355.2 355.4 354.9 354.4 354.5 356
860.1 856.3 842.7 819.6 795.3 768.9 753.2 740 728 716.9 707.1 697.7 690.3 683.5 677.9 672.4 666 659 650.6 641 631.4 622.3 613 604 593.4 580.6 566.9 555.6 545.8 536.5 527.1 517.1 507.6 498.6 489.8 480.9 472 464.5 457 448.4 442 433.8 423.1 419.8 415.2 411 406.6 402.9 399.5 396.5 393.5 391.8 393.4 394.2 394.6 394.1 393.3 391.3 388.5 386.9 385.3 382.8 380.5 378.1 374.8 370.7 363.4 357.5 354.5 354.6 354.8 355 355.4 355.8 355.1 355.5 355.9 356.5
862.8 854.2 833.7 811.3 792.7 768.2 752.9 741.2 729.1 718.9 708.7 700 694.2 687.2 680.5 674.7 667.3 659.2 649.1 638.2 628.9 620.2 610.3 600.1 588.8 575.4 562.6 552.6 542.4 533.1 523.6 514.2 504.9 495.5 486.1 476.5 468.6 460.5 452.9 446.4 439.7 431.5 422.6 416.1 412.6 408.1 402.6 399.7 396.8 394 391.1 390 391.7 393.5 393.9 393.1 391.4 389.5 387.3 385.5 383.7 382.1 379.6 376.8 372.8 367.3 360 355.6 354.7 354.9 355.1 355.3 355.5 356.4 355.4 355.9 356.6 357.7
862.9 848.5 828.7 810.1 791.1 768 753 742.5 729.7 719 711.3 704.7 697.9 690.7 683.6 677.1 669.4 659.3 647.5 637.3 628.1 619.1 608.7 597.3 585.3 573.2 559.4 548.3 538.2 529.7 519.7 510.2 500.5 491.1 481.6 473.5 464.2 455.9 448 441 433.8 426.3 419.6 414.6 410 404.8 400.7 397.4 394.5 391.7 388.8 388.4 389.9 391.6 392.6 391.8 389.7 387.3 385.7 383.9 382.1 380.4 377 373.5 369.7 364 357.3 355 355.1 355.4 355.7 356 356.2 356.6 355.5 356.5 357.5 358.9
859.8 845.5 827.4 807.5 786.5 765.5 751.3 740.6 728.3 720.3 715.6 710.3 703.1 694.1 686.2 679.6 671.8 660.2 648.7 637.8 628.6 619.3 608.2 597 584.4 571.3 558.4 546.9 536.4 525.3 515.5 505.7 496.1 486.6 477.6 468 459 450.6 442.3 435.3 427.9 421.7 417.2 412 407.6 403.9 400.2 396 390.8 389.2 386.9 385.3 387.6 389.9 390.8 390.2 387.7 384.8 382.9 381.9 380.2 377 373.5 369.4 364 359.6 356 355.4 355.5 355.8 356.1 356.5 357.6 357.3 356.8 358.3 358.4 361.1
859.1 843.8 819.9 799.7 781.2 764.7 751 739.6 729.7 723.6 719.2 713.8 705.8 696.9 688.8 682.1 672.3 660.3 648.5 637.6 628.4 617.8 607.2 595.9 581.7 568.8 556.4 544.8 533.6 521.5 511.3 501.3 491.9 481.8 472.2 462.6 453.8 445.4 437 429.6 423.1 418.3 414 409.4 405.8 402.1 398.5 394.7 390.1 386.1 384.9 384.8 386.6 388.3 388.7 386.9 385.1 382.4 379.9 378.4 376.1 373 369.5 364.1 360.1 357.5 355.3 355.4 356.5 356.9 356.8 356.8 357.7 357.6 357.6 358.4 359.6 362.9
853.7 834.9 813.2 793.7 777.3 763.1 751.2 740.4 733.1 726.3 720.7 715.8 708.7 699.7 691.3 683.7 672.9 660.5 648.6 637.5 627.6 616.4 606.1 594.8 579.7 566.3 553.7 541.7 530 517.9 508.3 498 486.4 474.3 466.2 457.1 448.6 440.3 432.1 424.9 419.2 414.7 410.4 406.4 402.9 399.2 395.4 391.9 388.8 384.6 382.6 385 384.6 385.1 384.3 382.7 380.7 378.6 375.9 373.5 371.7 368.1 364.2 359.6 355.7 355.7 355.7 355.8 357.1 357.5 357.5 357.6 358.3 357.5 358 359.5 362.1 364.4
845.5 828.2 809.2 789.8 775.6 763.4 751.7 742.6 734.9 728.3 723.3 718.8 713 704 694.7 686.2 673.9 661.3 649.1 637.5 626.8 616.1 605.3 594 577 563.6 551.1 538.8 526.5 515.5 504.5 493.2 481.9 470.9 459.9 451 442.5 434.4 426.7 420.6 415.8 411.1 406.7 402.8 399.4 395.9 392.3 389.2 386.6 383.3 379.1 383.4 382 379.4 378.9 378.4 376.3 374.2 372 368.8 365.8 359.5 358.5 355.5 355.6 355.6 355.9 359.1 357.2 357.7 358.4 358.5 358.7 358.6 358.8 362.1 363.2 365.6
837.7 823.4 805 788.4 776.2 763.4 751.5 743.5 737 731.4 726.8 722.7 716.7 707.7 697.5 686.6 674.2 661.8 649.5 637.4 626.7 617 606.7 592.6 573.8 560.6 548.1 535.4 523.1 511.3 500.1 488.6 476.3 465.7 454.5 444.4 435.3 428.5 422.4 416.8 412.4 407.7 403 398.7 395.4 391.9 388.5 385.6 384.2 381.9 380.3 382.6 378.8 375.4 373.7 373.7 372.1 370 367.7 364.7 357.8 356 356 356.3 356.5 356.6 356.9 364.6 356.1 358 358.6 359.2 359.3 359.2 357.4 363.5 364.5 367.7
832.3 819.3 803.8 790.5 775.2 763.3 751.5 744.1 739.2 734.9 730.8 726.2 718.8 709.7 699 686 672.6 660.2 648.8 637.4 627.7 618.1 605.6 588.5 571.9 559 546.2 533 519.6 507 494.2 482.3 469.8 459 448.9 438.8 430.8 422.9 417 410.2 406.7 403.5 398.8 393.7 390.5 387.2 384.6 383 381.2 379.2 377.4 371.6 375.1 372 368.6 368.5 367.9 365.6 363 356 356 356 356 356.3 357 357.6 357.4 357.4 357 358.5 359 359.5 360.1 361.4 357.8 361.5 362.8 367.8
828.9 818.3 803.8 788.4 774.9 762.9 751.3 746 741.4 737.3 733 727 719 710.6 698.3 684.6 671.6 659.7 647.6 636.4 626 615.1 600.6 584.9 569.3 556.4 542.2 527.8 514.9 500.5 486.7 475.1 463.5 452.1 441.7 431.6 424.1 416.1 408.7 401.6 400.9 397.4 393.6 388.6 386.6 384.1 381.6 379.5 377.3 375.1 373.3 370.9 365.3 365.6 364.3 364.1 362.9 358.9 356 356 356 356 356 356 356.9 357.6 356 357.7 362.4 359.1 359.9 360.6 361.3 362.3 360.1 361.5 362.8 366.1
826.2 815.6 801.4 785.5 772.8 761.9 753.5 748 743.2 738.1 733 726.7 718.4 708.9 695.4 682.7 670.6 656.9 645.6 635 623.3 609.7 595.1 580 565.7 551.3 535.4 521.2 506.7 492.9 479.1 467.6 455.6 444.2 433.9 424.1 415.2 409.2 403 396.5 394.5 391.1 387.2 383.3 380.8 379.1 376.4 375.6 373.4 371.2 369 365.9 364.1 359.5 360.3 356.3 356 356 356 356 356 356 356 356 356.1 357.7 356 358.5 362.5 360.5 361.1 361.8 362.3 362.6 362 362.3 364.8 366.3
823.9 811.7 798.1 782.7 771.8 763.6 755.9 749.2 743.5 737.6 731.6 725.8 717.8 705.2 693.3 682.2 666.5 653.2 643 631.4 617.8 603.8 589.6 574.8 560.7 544.4 527.9 512.9 498.2 484.5 471.6 459.4 447.3 435.8 425.7 416.1 406.6 400.6 396.4 390 385.8 383.7 380.3 376.9 375.5 371.8 367.8 367.5 369.1 368.2 365.7 360 357.9 356 356 356 356 356 356 356 356 356 356 356 356 358.1 358.1 360.1 361.9 362.3 361.8 362.3 362.5 362.7 362.6 360.3 365.4 366.7
820.9 807.1 793.1 780.1 770.5 762.9 756.3 748.5 741.4 734.8 729.1 722.7 713 701.8 691.8 677.5 662.1 650.1 639.8 625.5 610.6 595.3 581.5 568.7 552.7 535.8 518.9 504 489.7 475.4 462.6 450.1 438.3 426.9 417.2 408.4 400 394.4 389.9 384 378.7 376.6 373.7 371.1 368.4 364.3 359.3 358.4 360.6 357.1 357.1 356 356 356 356 356 356 356 356 356 356 356 356 356 356 358 361 362.7 365 367.1 362.3 362.8 363.2 363.3 363.1 361.3 365.8 366.4
818.6 804.4 789.2 777.2 767.8 760.6 754.6 746.3 738.8 732.4 726.9 718.4 706.9 697.9 685.8 670.7 657.6 646.5 632.8 618 601.9 587 574.1 559.6 543.5 526.6 509.7 494.5 480.4 466 453.1 440.2 428.3 417.8 408.5 400.5 392.1 385.9 382.7 378.4 374.6 370.7 367.3 357.5 356 356 356 356 356 356 356 356 356 356 356 356 356 356 356 356 356 356 356 356 358.7 361.7 365 366.7 368.6 368.7 367.7 364 364 363.6 363.1 364.1 360.3 367.4
816.5 800.1 784.8 773.2 764 757.5 749.6 741.6 735.7 729.7 722.9 712.7 701.9 692.3 679.7 665.2 652.1 639.7 625 609.6 592 579.3 564.8 549.3 533 516.6 500.2 485 470.9 456.8 443.6 430.6 418.4 408.6 399.9 392.3 384.5 377.9 374.5 372.2 367.5 361.9 356 356 356 356 356 356 356 356 356 356 356 356 356 356 356 356 356 356 356 356 356 364 365.7 367.5 370 372.1 373.7 373.4 369.3 364.9 363.9 363.3 363.6 365.5 360.5 363.2
812.4 793.2 777.8 766.7 759.9 752.4 744.9 738 731.9 725.8 718.4 706.9 696.6 685.5 672.2 658.3 645.8 631.6 616.7 599.4 584.4 570.6 555.2 539.1 522.7 506.4 490 474.3 460.4 446.5 435.4 422.2 408.8 399.3 392.4 385.1 378.7 373.4 368.3 365 360.2 356 356 356 356 356 356 356 356 356 356 356 356 356 356 356 356 356 356 356 356 356.8 365.7 369.1 370.8 372.4 375 376.8 376.7 376.2 372.6 368.8 364.1 364.2 364.5 365.3 360.9 362.6
805.5 786.6 771.8 762.9 755.7 748 741.1 734.1 727.8 721.8 711.8 701.2 690.4 678 664.3 651.2 637.4 624.3 607.6 592 577 560.7 545.2 528.8 512.5 496.1 479.5 463.5 449.5 436.1 425.3 413.5 400 390.9 384.8 379.6 374.4 369.3 360.7 356 356 356 356 356 356 356 356 356 356 356 356 356 356 356 356 356 356 356 357.6 363.8 365.2 367.3 371.1 374.2 375.6 377 378.6 379.6 379 377.3 373.9 371.2 365.3 365.3 365.8 363.4 362.3 364.4
800.2 780.9 770.5 762.4 753 743.7 737.2 731.3 724.7 716.9 705.8 694.1 682.6 669.6 656.2 643.7 630.1 616.1 598.6 584.2 567.8 551 534.9 518.6 502.2 485.9 468.9 452.7 438.6 425.8 415.6 403.8 392.3 383.4 376.7 371.8 366.1 358.7 356 356 356 356 356 356 356 356 356 356 356 356 356 356 356 356 356 357.3 359.7 362.8 366 369.5 370.4 372.7 376.3 378.4 380.2 381.7 384.4 382.9 381.3 378.7 377.3 374.5 371.1 366.2 366.2 362.9 363.2 364.6
795 779.6 770 760.4 750.1 742.4 736 729.8 721.9 710.6 699.3 687.5 673.5 661.3 648.5 636.4 620.7 604.6 589.2 573.5 557 539.5 523.3 506.9 490.5 473.8 456.4 439.8 426.8 416.4 406.2 395.9 385.5 376.5 369.4 363.7 356.7 356 356 356 356 356 356 356 356 356 356 356 356 356 357.8 360.1 360.8 357.7 359.2 362.9 365.6 368.3 372.8 374.6 375.9 378.2 381.6 382.6 383.9 386.2 387.2 384.9 383.3 382.1 381.3 380.3 372.2 366.9 365.2 364 364.6 364.7
792.1 779.2 768.3 758.2 748.8 742.7 735.9 727.9 716.7 705.3 693.2 679.7 665.7 653 640 625.8 609.8 593.9 578 561.2 544.1 526.5 510.2 494.8 478.4 461.3 444 427.3 415.7 405.4 395.9 386.3 377.5 370.2 361.3 356 356 356 356 356 356 356 356 356 356 356 356 356 356 361.4 362.6 362.8 362.9 363.8 365 367.2 369.3 373.9 378.2 379.8 381.7 384 386 386.7 387.8 389.9 390.9 388.4 388.5 386.6 384.5 382.2 378.7 371.1 366.6 364 365 365
788.8 776.5 764.7 755.6 749.6 742.4 734.1 724.4 712.5 700.3 685.9 672.3 658.7 644.5 629.6 614.2 599 582.8 565.6 548.1 530.8 513.5 497.1 481.7 464.8 447.6 430.1 417.2 405.1 393.7 383.4 374.5 368.2 364.2 357.7 356 356 356 356 356 356 356 356 356 356 356 356 356 360.8 361.2 362.9 364 366.7 368.9 370.9 372.8 374.5 376.7 383.4 385.1 388.5 390.3 390.7 391 392.9 394.2 393.6 394 392.3 390.3 387.7 384 380 373.4 369 365.7 365.3 365.4
784.6 772.2 762 756.3 749.5 741 731.2 717.7 706.1 693 679 665.2 649.8 634.3 619.1 604 588.3 571.1 553.1 534.9 517.9 500.6 484.1 468.4 450.9 433.1 417.9 405.6 395 382.5 371.2 363.8 363.1 356 356 356 356 356 356 356 356 356 356 356 356 356 356 361 363.9 364.1 365.4 369.3 371.8 374.5 376.7 379 380.4 381.8 386.3 388.8 392.5 394.8 396.2 396.7 397.5 397 397.2 395.7 394.4 392.8 389.7 386 381.7 376.3 371.7 366.9 365.4 366.4
779 768.3 761.2 755.8 746.8 737.2 724.9 711 699.4 685.5 672.3 657 641.2 624.6 609 593 576.6 558.2 539.8 521.8 504.4 487.8 471.1 454.2 437.9 422.8 406.9 392.9 383.8 375.2 365.9 362.2 356 356 356 356 356 356 356 356 356 356 356 356 356 357.8 362.9 369 369.3 367.9 370.8 374.2 376.6 379.7 382.2 384.7 386.5 387.3 388.7 392.3 396.6 398.4 398.6 399.2 399.1 398.4 398.3 397.9 396.5 395.2 391.9 388.2 383.8 379.5 375.3 369.1 366.6 367.6
772.5 764.6 758.4 750.8 742 732.2 717.9 704.2 692 678.7 664.2 647.9 629.9 613.1 596.5 579.7 563.4 544.9 526.4 508.6 491.1 473.9 457.5 441.5 427 412.5 397.5 383.2 372.1 362 356 356 356 356 356 356 356 356 356 356 356 356 356 356 360.2 365.5 367.2 370.9 372.6 374.2 376.7 378.9 381.3 384.5 387.6 389.7 391.1 392.3 393.8 395.7 398.8 400.3 400.4 400.9 400.6 401.6 401.2 401.1 400.7 399.1 395.9 391.9 387.2 382.6 378.1 372.8 367.8 368.6
765 759.2 753.6 745.5 734.8 722.8 708.7 695.7 682.5 668.6 653 635.7 618.4 603.1 587.2 569.3 550 531.6 513.2 495.4 477.8 460.1 444.2 429.7 415.1 401.2 387.6 373.2 360.5 356 356 356 356 356 356 356 356 356 356 356 356 356 356.1 359.7 366.3 368.7 371.1 374 378.9 381.1 382.1 383.7 386 389 391.9 393.8 395.2 396.5 397.8 399.3 401 402.4 402.4 402.7 403.9 405 405.1 404.8 404.2 402.9 400.1 395.8 390.1 383.8 378.8 373.5 368.1 369.4
756.8 753.7 747.9 739 725.9 713 698.6 686 672.6 657.2 642.4 625.6 609.1 592.4 574.9 555.5 536.1 516.5 498.6 481.1 463.3 444.3 430.2 416.2 402.6 389.5 376.2 362.7 356 356 356 356 356 356 356 356 356 356 356 356 356 356 364.5 363.8 371.3 375.9 377.9 377.8 384.5 389.2 388.1 389.1 390.7 393.3 395.9 397.1 398.7 400.2 401.6 403.1 404.5 405.2 405.3 405.8 407.1 408.5 409.2 408.9 408.3 406.2 402.8 397.6 392.3 386.3 377.6 377 369.4 369.1
751.9 747.8 741.6 730.9 718.5 703.6 689 676.7 663.5 649.6 632.7 614.4 597.9 579.7 561.3 541.3 521.3 501.4 482.8 464.7 447.1 431.9 417.5 404.1 390.9 377.8 365.4 356 356 356 356 356 356 356 356 356 356 356 356 356 356 366 373.2 372.6 378.3 385.3 384.4 383.6 389.5 391.5 392.6 394.4 396.7 397.6 398.8 399.8 401.3 402.8 404.3 405.9 407.5 408.1 408.3 409 410.3 411.7 413 413.1 412.2 409.7 405.7 400.6 395.4 389.8 379.5 375.1 373.1 369.7
750.3 741.4 733.7 723.2 710.1 694.8 680 667.7 655.1 639 621.7 603.1 584.5 565.5 546.4 526.6 506.6 486.6 467.4 450.1 434.6 420 405.8 392.9 379.9 367 356 356 356 356 356 356 356 356 356 356 356 356 356 356.6 366.3 377.1 383.2 383 389.4 393.9 392.8 386.7 391.4 393.8 396.1 398.1 399.5 400.9 401.5 402.5 404 405.4 406.7 408.1 409.3 410.2 410.4 412 413.6 415 416.4 417.1 415.7 413.1 409.1 403.9 398.8 392.9 383.8 378.2 374.9 370.5
749.7 737 725.6 715.7 700.9 686.3 671.1 658 644.5 628.4 609 589 571.3 551.7 531.5 511.9 491.9 471.9 453.3 436.9 421 406.3 391.9 379.8 367.5 356 356 356 356 356 356 356 356 356 356 356 356 356 356 364.8 373.4 380.5 387.4 392.3 390.6 395.5 394.6 392.8 394.6 396.4 398.7 400.2 402 403.5 404.2 405.2 406.4 407.4 408.5 409.6 410.9 412.2 413.1 415.4 417.5 418.8 420.2 420.7 419.7 417 413.7 408.4 403 398.3 392.7 383.6 377.7 371
746.3 731.8 720.2 707.3 691.6 677 661.5 648 634.1 615.8 595.5 576.1 558.4 538.2 517.9 497.7 477.7 458.1 440.4 423.9 407.9 392.6 378 364.6 356 356 356 356 356 356 356 356 356 356 356 356 356 356 363.4 370.2 377.8 384.1 391.2 395.4 395.6 396 396.3 395.6 397.2 399.1 400.6 402.1 403.9 405.7 406.2 406.9 408 409.1 410.1 411.1 412.3 413.9 416.8 419.1 421.3 422.6 423.6 424 423.4 420.6 417.6 412.6 407.9 406 402.7 393.2 380.7 373.8
743.3 729.3 717 700.8 683.6 668.1 652.5 638 622.7 602.9 582.6 563.6 544.4 524.4 504.1 483.9 464.1 445.5 427.1 410.3 394.2 379.2 364.2 356 356 356 356 356 356 356 356 356 356 356 356 356 356 359.7 369.8 376.1 381.1 387.3 393.8 396.9 397.4 397.7 398.1 398.3 399.7 401.4 402.5 404 405.8 407.1 407.7 408.5 409.7 410.7 411.7 412.7 414.2 416.9 420.5 423 424.6 426.4 426.9 426.8 426.4 423.1 419.5 413.9 412.6 411.3 409.2 404 386.2 375.8
740.2 726.6 711.1 694.4 677.2 659.7 644.5 628 609.9 590.7 571.8 550.6 529.4 508.8 489.4 469.7 449.4 429.4 410.1 393.5 378.7 364.3 356 356 356 356 356 356 356 356 356 356 356 356 356 361.2 371.3 371.9 370.5 376.8 383.3 390.1 396.8 397.7 398.1 398.7 399.5 400.9 402.4 403.2 404.4 405.9 407.3 408.5 409.3 410.4 411.7 413.7 415.3 416.9 418.3 421.2 424.8 428.1 429.7 432.3 430.3 429.6 428.1 424.8 421 418.2 417 414.8 411.3 406 390.8 377.7
736.2 720.7 704.5 687.1 669.5 652.9 637.7 620.5 600.1 580.2 559.1 536.3 513.6 493 473.3 454.4 433.6 412.9 393.3 376.7 363 356 356 356 356 356 356 356 356 356 356 356 356 356 361.3 372.8 382.7 379.7 373.5 381.9 385.4 392.2 396.9 398.6 399.4 400.5 402.1 403.5 404.9 405.8 406.4 407.5 408.8 410.1 411.4 412.5 415.5 418 419.7 421.1 422.6 425.7 429.1 432.8 434.8 437.8 435.1 432.7 429.7 426.9 423.9 423 421.5 418.4 414.2 407.3 392.3 374.6
