public/OST50/NN69.asc
ncols 200
nrows 200
xllcorner 260000
yllcorner 790000
cellsize 50
[rows 140 to 174 of 200, columns 78 to 155 of 200]
251.2 253.3 255.9 256.6 257.6 257.6 258.6 259.2 263.4 267 267 266.3 270.2 272.6 280.5 283.1 288.3 292.9 295 296.4 301.6 307.2 308.9 311.4 310.9 310.7 308.8 309.4 314.9 323.3 330.7 337.2 343.3 342.1 347 347.5 349.9 351 339.4 334.7 339.8 357.6 373.1 388.1 398.4 397.9 396.1 386.8 389.3 395.5 394.4 390.2 384.4 379.5 378.9 386.8 390.4 391 398.3 400.3 403.1 408.9 413.3 419.5 419.9 428.2 434.7 444.8 455.6 471.4 472.8 467.1 462.4 424.3 395.9 372.4 359.7 351.6
252.9 256.6 256.3 263.1 261.6 263 264.7 265.4 266.9 267.9 269 269.9 274.2 279.8 285.4 290 292.4 295.3 298.5 300.4 304.6 311.6 314.2 319.8 318.9 320 324 328.2 334.5 341.8 349 354.5 358.6 358.7 360.9 361 359.9 356.1 341.3 341.8 352.1 365.3 376.6 390.5 401.3 414.2 412.9 402 395.6 399.3 401.5 402.6 396.7 393.2 397.8 415.9 426.9 437.4 433.6 413.2 413.8 422.3 426.8 427.9 431.6 437.4 449.3 453.7 469.8 477.8 482.6 482.7 442.5 418.3 390.7 367.9 355.3 351.3
259.9 262.9 260 264.5 268.2 267.6 269 269 269.1 272.1 271.9 277.1 281.6 285.3 292.9 296.3 295.9 298.9 303.6 307.6 311.3 317.3 320.4 327.5 334.9 334.5 336.7 345.3 355.8 364.9 374.5 377.1 379.9 377.2 378.3 373.8 370.7 361.9 348.8 353.3 364.8 372.5 383 395.4 405.2 417.3 427.4 421.8 424.3 410.4 411.8 412.1 409.2 406.9 414.8 428.6 435 447.7 463.9 442.3 422.2 427.2 439 443.6 453.4 464.5 465.9 470.6 478.3 485.1 489.7 476.1 437.5 409.4 385.5 362.6 351.2 346.5
265.6 265.7 266.4 262.8 268.6 270.1 273.3 272.9 271.2 272.5 277.1 281.7 284.2 292.5 296 299.4 298.4 302.4 306.4 310.4 317 322 329.4 336.4 347.9 360.9 369.7 368 374.5 387.9 405.4 410.8 408.9 394.2 392.5 386.4 375.4 362.3 355.9 360.1 371.8 380.1 390.6 400.4 408.7 419.1 435.1 441.9 446 441.9 437.7 430.3 420.4 419.7 429.3 441.7 454.8 464.9 480.8 463.8 444.5 435.5 448.7 457 472.8 484.6 482.6 480.7 485 492.8 493 458.3 434.6 407.7 385.3 364.5 348 344.2
269.7 269.9 267.6 266.1 269.2 270.1 275.6 275.6 275.3 277.4 283.3 285.5 292.3 296 296.7 302.2 301.8 305.8 312 315.2 321.8 330.6 339.6 348.1 359.1 369.4 388.9 405.1 407.4 416.3 439.9 429 426.7 408.1 399.9 390.5 377.2 367.9 369.3 368.2 379.5 387.7 396.8 405.7 412.8 423.1 436.4 450.7 457.3 464.5 467.8 453.3 440.9 441.1 448.8 464.3 472.4 486.6 498.5 511.8 503.3 466.2 464.2 472.2 485.7 495.7 490.2 486.4 488.2 497.6 487.2 453.4 431 408.9 386 361.1 346.3 338.1
272.7 272.1 266.4 268.8 272.4 277.5 279.4 283 283.2 288.7 291.9 291.1 297.7 298.7 300.7 302.3 304.7 311.2 318.7 322.4 330.4 339.4 348.4 363.4 376 391.9 404.6 418.8 425 435.9 458.1 460.3 440.7 428.4 408.7 395.3 383.6 382.2 383 379 387.6 395.3 402.3 409.8 416.8 426.4 439.5 458.1 465.5 479.5 478.9 475.6 489.2 505.8 494.7 485.9 508.4 518.8 514.2 523 531.7 507.1 490.9 509.7 515.9 500.4 495.2 491.5 487.2 486.9 478.9 450 436.7 409.5 384 353.5 341.4 337
275.5 269.3 268.5 271 275.5 284.5 287.7 288 287.9 294.2 297.7 296.5 299.8 302.6 303.9 310.8 313.8 319.3 325.9 329.4 337.7 347.6 361 375.8 393.4 406.9 423.2 442.9 440.9 444.1 461.7 469.5 468.4 444.7 421.3 404.6 393.9 392.1 388.6 387.6 395.5 400.9 406.1 412.8 419.6 428.8 441.4 458.4 468.9 482.9 494.2 499 508.2 521.7 526.8 520.6 521.6 539.2 533.2 536.5 544.8 546.5 537.7 546.7 543.3 522.6 500.3 498.7 485.3 479.9 467 449.7 440.4 405.4 373.8 346.5 338.1 336.2
275.1 274.6 269.3 274.4 281.5 290.1 289.4 291 295.5 300.1 300.4 300.7 301.8 304.4 308.1 315.3 326 327.9 338 340.5 350.9 361.5 379.8 391.5 407.1 422 442.6 457.4 467.3 455.7 462.8 480.8 480.9 459.6 430.3 410.7 401.8 399.4 391.7 391.8 401 405.1 410.2 415.5 422.8 432.6 445.3 460.5 470.8 485 495.5 511.5 521.1 530.2 538 539 544.9 547.8 554.9 568.5 559.2 557.5 560.7 560.5 547.4 539.2 497.5 489.6 483.5 476.5 458.7 446.7 423.3 394.6 366.4 345.1 336.9 335.5
282.1 278.3 270.3 278.8 287 288.1 289 293.4 296.7 300.3 300.9 301.7 303 305 312.9 321.3 330.7 336.1 348.3 359 368.5 375.8 390.4 403.4 418.7 434.6 449.8 460.5 470.2 469.5 469.6 487.7 495.9 468.2 436.5 417.1 407 403.4 396.1 390.6 406.9 408.8 412.9 418.3 424.8 435.9 448.6 462.1 475.3 488.3 500.5 518.8 529.5 535.5 545 547 558 557.6 565.8 572.4 569.3 559.8 561.7 556 543.6 538.1 493.9 483.1 474 464 456.6 441 409.8 378.9 366.6 336.8 332.8 325.5
281.2 276.2 272.4 286.9 287.5 291.6 291.3 299.4 297.3 298.6 300.5 301.7 304.8 307.3 318.6 329.2 337.5 345.5 355.3 367.9 379.2 390 399.8 412.6 425.5 441 454.9 467 476.4 485.7 492 492 506.5 465.9 439.8 422.6 412.1 404.1 407.4 396.7 409.8 413.3 417.1 421 427.6 438 450.9 464.6 474.2 489.8 506.7 518.5 530.6 539.9 551.8 560.3 572.2 569.3 575.9 577.5 560.7 559.4 560.9 553.9 535.9 528.3 487.2 473.3 461.8 449.8 444 422.1 386.4 365.6 353.5 335.3 323.3 310.4
283.4 273 279 292.2 290.7 293.4 293.5 298.7 298.3 300.9 301.7 303.8 306.3 310.6 324.6 332.3 343.2 351.6 367 376.4 387.1 397.3 408 419.1 432.7 447.3 465.7 481.4 486.6 497.7 507.7 499.7 511.4 481.3 441.3 428.3 415.9 412.5 411.7 406.8 414.4 416.4 418.8 424.6 430.2 440.1 453.2 464.9 475.9 491.7 511.1 522.2 529.7 543 554.7 568.6 579.2 574.7 584.2 585 556.3 553.1 551.6 540.6 525.9 515 495.5 464.6 442.4 435.3 421.9 390.5 361.8 351.5 339.6 330.2 311.6 309.4
279.4 275.9 276.2 288.7 296.6 297.7 298.1 301.1 302.2 302.2 303 307.1 309.3 316.8 332.8 341.7 349.8 361.7 372.9 383.4 392.5 402.2 412.4 425.7 439.7 458.5 476.5 493.1 497.9 508.9 517.9 509.9 514.4 498.4 445.4 434.3 421.6 415.9 414.8 414.5 413.2 419 421.1 425.4 432.9 443.2 453.7 465.5 476 494 511.4 527.7 534.1 543.2 555.4 566.2 575.9 578.7 587.4 577.1 542.8 544.9 541.8 525.1 511.2 497.1 485.2 465.6 425.4 396.3 387.3 370.1 350.8 338.7 329.9 314.9 309.4 309.9
278.8 279.1 275.1 288 297.7 300.7 301.2 305.3 306.6 303.8 305 309.6 312.8 322.7 339.8 347.1 355 367.8 379.2 387.6 395.3 404.3 417 431.5 449.6 472.7 489.8 506 510.4 518.5 526.5 518.4 518.1 506.9 458.5 438.2 426.5 418.6 417.6 418.4 412.5 419.1 420.9 427.1 436.8 445.8 453.9 464.6 475.6 490.9 508.3 523.7 532.9 540.9 548.7 556.6 563.8 573.1 580 552.2 533.3 532.6 523.3 510.2 495.7 477.7 468.3 443.8 407.7 383.4 363.6 352.1 336.3 323.9 314.1 309 308.5 307.8
284.4 282.2 276.2 291.2 301.7 300.6 304.2 305.5 306.5 306 307.9 313.2 318 332.9 346.3 353.2 361.4 372.2 383.1 392.4 401.4 412.2 423.6 438.9 457.2 478.8 496.2 514.7 516.7 519.6 527.6 520.9 519.5 510.8 471.5 440.9 428.2 421.6 418.8 416.6 415.6 418.7 423.5 430.1 439.3 447.8 454.5 459.9 472.2 485.3 500.6 516 525.1 528.1 533.7 542.6 550.1 561.5 562.4 537 523 512.3 500.2 492 476 461.6 454.5 449.5 389.9 374.4 355.3 337.8 325.9 316.9 310.5 302.3 295.4 290.2
290.7 285.8 277.7 292.6 299.6 300.8 303.6 312 312.5 309.3 311 317.2 325.5 338.5 351.8 361.3 369.7 377.7 385.3 396.6 407 418.3 430.6 445.5 463.2 479.7 493 510.3 517.7 519.2 525.4 519.7 517.4 503.3 482.7 448.7 432.2 425.7 420.4 417.1 417.9 420.9 424.4 431.7 440.1 447.4 452.5 458 468.6 478 487.2 502.2 505.2 509.9 514.2 528.4 535.1 543.3 543.9 525.5 505.3 492.7 481.3 473.2 462.5 453.6 447.1 426.7 374.3 361.4 342.8 327.4 318.9 310.8 305.1 295 293.2 292.8
292.7 288 279.3 291.3 297.7 302.3 303.8 308.5 310.3 313.3 314.9 319.5 331.8 344.5 358 367 375.2 383.8 390.5 397.7 411.1 422.9 434.8 447.2 461.4 475.5 485.9 501.1 510.3 512.9 515.4 510.4 512.3 501.7 480.4 462.2 439.8 431.2 424.7 420.2 420.8 423.9 427.9 430.6 439 445.3 450.2 456.4 463 470.6 476.8 485.3 490.4 496.2 501.2 511.3 520.6 531.1 528.4 523.9 495.7 479.9 471.5 460.7 453.5 441.2 430.3 390.1 358.6 340.9 327.4 317.5 311.9 307.1 293 294.9 294.6 294.3
294.5 288.4 280.7 291.1 298.3 304.9 306.1 308.9 310.7 315.3 318.7 324 336.5 349.7 362.7 373.1 380 389.1 396.6 403 413.5 425.5 434.8 444.7 456.3 466.2 476.7 489.4 495.1 500.3 498.6 497.4 507.5 495 489.5 482.6 455.8 437.6 431.8 424.4 426.8 424.4 431 434.7 436.9 442.5 448.2 452.1 455.5 461.1 466 471.8 478.7 484.1 489.9 500 514.5 523.3 520.9 505.8 485.9 472.3 456.6 446.3 435.5 422.2 408.8 368.4 345.2 333.3 316.1 311 310.4 302.7 293.1 295.4 297.6 297.4
298.2 289.5 282 284.4 294.8 302.3 308.2 308.6 310.7 315.5 321.9 327.4 336.5 352.4 367.1 375.4 384.6 392.1 398.8 404.8 412.3 422.2 433.2 442.4 451.2 458.2 466 476.5 482.9 489.3 488.5 491 499.2 491.9 491.5 479.9 465 444 433.4 430.9 431.6 432.8 433.1 439.2 439 441.7 447.1 450.8 454.9 458.8 462.4 466.3 472.9 477.6 483.5 498 510.1 511.8 498.6 498 477.1 462.7 442.9 430.2 419.3 404.2 382.2 353.8 336.9 322.6 314.2 309.6 306.8 296.9 293 294.1 298.8 300.7
302.2 293.2 284.2 290.1 291.3 301.3 307.2 309.1 310.6 316.7 329.4 333.7 343.5 356.7 369.4 375.2 385.6 391.8 399.9 406 412 420.8 429.9 437.2 444.6 451.7 457 463.1 469.3 476.5 476.4 480.6 488.5 483 475.6 469 454.7 442.5 437 437.9 438.2 439.8 433.3 440.5 442.3 445.3 447.3 451.3 454.2 455.8 459.1 463.7 468.6 473.3 481.1 491.5 496.4 495.1 488.4 480 462.8 446.5 434.9 419.3 401.1 387.6 362.6 343.8 329.1 317.6 312.4 309.2 307.6 295 292.3 293.5 301.1 301.4
303.7 296.6 285.2 289 296.9 302.4 307.3 310.7 312.5 315.9 327.7 338.7 348.8 358.5 371 378.7 385.5 392.3 399.3 405.8 412.4 419.6 426.2 433.3 440.1 446.1 451.8 456.6 460.5 464.6 467.8 469.3 471.4 467.4 460.8 456.7 455.1 452.7 449.7 445.2 445.1 442.3 438.9 442.1 444.2 446.9 447.5 449.3 451.3 452.5 456.5 459.4 463.7 468 475.6 482.7 484.5 480.8 475.2 465.4 449.5 436.3 423.1 409.3 388.6 368.9 355.1 339.2 327.3 318.1 312.1 308.3 304.6 292.4 294.8 296.8 301.9 299.5
305.5 300.6 289.6 287.7 301.4 308.1 308.1 310.9 315.2 320.5 328.1 339.6 351.5 359.8 368.7 377 385.4 393.5 399.2 404.9 411.8 417.8 424.1 431.5 436.8 443.7 448.2 451.8 455.2 458.8 460.5 462.4 464 463.6 466.4 471.8 469.4 466 464.7 459 449.3 444 444 443.9 445.2 446.9 447.3 447.7 449 450.2 452.5 455.1 460.2 466.4 472.6 477.1 478.4 472.7 464.1 454.1 435.1 421.4 406.8 393.4 377.5 363 348.4 335.8 324.7 317.8 311.2 307.2 297.7 295.2 295.3 302.2 302.5 299.8
305.1 302.5 291.1 290.7 298.7 307.7 308 311 317 321.7 330.6 344.4 353.8 357.9 370.2 380.3 388.7 393.5 398.7 405.1 410.3 416.4 423 429.6 435.3 440.5 444.7 448.6 450.6 452.4 456 460.8 466.6 472.5 477.1 482.1 481.4 483.6 484.3 476.2 457.4 451.2 447.5 444.4 445.7 446.4 446.9 447 448.3 449.4 450.6 456.8 461.2 464.5 469.1 471.4 470 463.1 458.2 442 420 405.3 394.6 382.2 371.8 353.7 340.3 330 322.1 317.1 311.6 305.3 293.9 296.5 296.3 302.6 302.9 300.2
302 294.4 292.4 299 300.7 304.4 307.1 312 316.4 324.8 332.2 343.7 353.6 359.9 371.7 381.9 389.1 393.8 398.5 404.7 410.9 416.7 422.2 428.8 434.1 438.4 442.4 445.7 448.2 450.9 455.6 462.7 469.5 478.2 484.1 490.3 506.2 505.2 494.6 487.6 469.8 457 450.4 445.2 445.5 445.6 446.1 446.8 448 450.1 456 460.7 463.7 465.1 466.9 467.5 465.9 466.2 455.1 428 408.1 391 380.9 371.3 360.8 353.1 337.4 329.6 323.9 317 315.4 301.4 294.1 297.9 297.7 302.9 303.6 301.6
296.1 296.5 301.8 301.7 305.4 307 309.3 312.7 317 324.8 334.7 344.5 355.6 366.1 375.2 383.9 387.3 394.1 398.9 404.7 411.1 417.5 422.2 426.6 431.9 435.5 440.1 444.7 448.3 452.8 458.9 466.3 474.9 485.3 495.5 502 515.5 518.8 505.1 492.1 472 457 449.6 446 445.7 446.4 448.4 449.3 450.3 456 461.1 463.4 465.4 468.5 472.1 476.5 476.5 463.2 446.7 420.9 403.1 385.7 377.5 367.7 357.8 348.2 338.7 330.5 321 315.3 312.4 304.7 294.4 298.2 298.3 303.1 303.8 303.2
298.2 302.3 305.9 304.9 307.9 309.6 313.1 316.1 321.6 327 335.7 344.3 357.3 366.3 376.2 382.7 388 393.5 399.9 406.9 411.9 416.4 421 425.2 429.7 434.3 439.5 444.8 450 454.7 462.7 470.8 479.6 490.4 498.8 505.8 520.6 529.2 508.8 488.3 470.2 459.1 447.4 446.3 445.9 447.7 450.3 452.2 455.8 459.7 462.6 465.9 469.8 476.2 481.3 484.8 475.6 459.2 441.7 415.8 402.1 390.6 379.9 366.5 354.2 347.7 340 323.9 318.6 316.3 305.7 308.8 295.1 298.6 298 303.8 304.3 303.3
299.3 303.6 307.1 308.8 311.1 313.5 316.7 321.6 326.2 330.3 336.6 345.1 357.5 365.4 374.2 382.5 386.6 393.8 400.6 406.5 411.3 415.2 419.4 424.8 429.1 435.2 441 448 452.5 458.4 467.9 476.5 487.7 496.5 502 508.6 524.7 533.1 502.5 488 465.4 454.6 447.7 447 447.9 449.7 453.9 456.3 459.3 462.1 467.1 471.5 476.8 483.9 489.8 491.7 482.3 457.8 436.9 416.3 401.5 388.7 377.6 362.2 351.5 344.8 340.9 325.2 317.8 317.5 307.6 301 297.9 298.8 298.5 304.2 304.3 302.6
302.2 301.1 308.7 312.1 313.8 316.2 319.9 325.5 329 334.1 339.3 345.5 353.5 365.3 372 383.2 387.6 392.4 398.2 403.2 407.8 414 419.5 425.4 431.3 437.4 443.8 452 457.4 463.2 472.2 481.8 490.3 498.2 503.1 509.2 526.5 528 496.9 475.7 463.8 451.2 449.5 449.3 451.8 454.5 456.4 458.6 463.3 466 472.5 479.2 485.2 490.4 497.4 494.7 483.2 459.5 432.9 413.1 400 388.6 373.2 360.4 349.9 342.5 334.8 321.9 317.4 318.1 313.9 298.7 297.7 299.9 299.1 304.4 304.1 302.9
305.9 301.2 310.5 314.6 316.7 319.3 326.4 327.9 329.7 333 338.3 347 355.4 366 376.4 382.9 386.9 390.3 397.1 402.4 407.8 414.3 421.1 427.1 433.7 441.3 447.9 454.4 460.1 466.5 475.4 483.1 491 499.3 503.1 508.7 526.2 519.3 486.9 471.2 457.4 452.5 452 451.7 454.1 457.2 459.6 461.6 464.4 470.7 477.6 484.9 489.9 493.6 496.7 492.6 480.9 455.4 433.5 413.6 394.4 382.1 369.8 357.5 346.8 336.9 327.6 320.2 319.2 315.5 312.4 305 298.6 300.1 301 304.5 304.1 306.2
306.9 302.4 312.5 317.2 317.1 319.2 323.8 326.5 330.9 335.7 339.4 349.1 356.5 365.6 377.2 380.7 385.1 388.8 394.7 401.9 407.6 414.6 421.5 430.4 437.1 443.9 450 456.9 462.9 467.8 476.9 485.7 494.4 501.3 502.9 507.3 523 510.5 479.8 465.9 455.6 454.4 454.6 454.9 457 459 460.3 462.7 469.9 475.1 481.1 488.1 493.4 498.3 501.4 488.9 471.1 449.7 431 407.5 392.4 386.2 372.7 358.2 348 337 326.3 320.7 319.2 314.3 314 304.7 298.1 299.8 301.4 303.9 304.1 309.9
308.7 305.2 313.8 317.1 318.6 320.1 321.4 327.3 331.2 336.5 342.6 352.4 355.9 366.3 376 380.2 382.5 387.2 396 402.4 409.3 416.5 424.6 433.4 440 446.5 452.7 459 465.8 468.4 478.3 489.7 492.4 499.9 500.3 504.6 509.9 491 472.1 462.8 455.8 456.8 457.6 458.7 459.3 460.5 461.8 466.1 472.9 478.8 483.6 488.3 495.2 501 495.5 483 462.2 445.2 425.5 408.5 402 388.6 374.2 359.3 347.7 336.1 326 321.3 319.5 316 309.9 306.7 305.1 298.3 300.5 304.1 306.8 309.7
308 309.8 314.7 316 317.2 319.7 322.9 326.7 331.3 337.2 345.7 351.8 357.4 365 373.2 379.1 381.2 387.7 394.6 402.7 409.6 417.7 427.4 434.1 441.6 448.7 455.9 461.1 465.4 472.8 480.1 487.4 493.1 496 493.8 499.1 501.6 476.4 466.6 460.3 457.7 458 460.6 460.9 460.4 461.7 462.8 469 475.2 479.5 485.3 488.4 494.5 499.3 493.5 469.7 453.3 439.3 419.1 413.3 400.9 386.2 373 357.2 346.3 337 327.9 322.5 319.7 318.2 312.7 310.3 305.6 302.3 297.3 304.8 308.5 309.7
307.9 311.4 315.8 315.6 317.5 319.8 323 326.7 330 342.3 348.5 352.6 360.8 367.6 372.7 376.6 380.8 388.7 396.5 403.4 411.5 419.8 427.5 434 442.2 450.5 457 460.4 469.2 478.7 482.7 490.9 498.6 494 485.2 490.2 479.6 466.8 463 461.6 461 460.6 462.3 461.9 461.3 462.1 464.1 470.3 475.2 479.3 485.2 490.6 491.5 490.8 481.4 457 443.9 434 425.7 423.1 411.7 394.3 375.1 356 344.9 337 327.9 323.1 320.6 320.1 318.3 309.8 306.6 305.6 301.5 303.6 313 319.2
310.7 312.9 316.1 315.4 318.2 319.4 322.9 328.8 333.6 344.8 349.6 356.5 363.5 368.8 370.9 376.4 383.1 390.7 398.9 406.1 414.3 422.4 428.2 434.4 444 451.1 457.7 464.2 471.8 484.8 485.3 492.1 499.1 483.3 478.9 476.2 469.1 466.3 466 463 461.5 462.4 462.3 462.4 461.5 462.6 466 470.1 475.1 479.3 482.4 483.8 484.8 482.6 469.3 450.6 445 440.2 436.7 431.6 412.6 393.8 376.2 358.7 346.2 335 328.4 323.6 321.7 323.3 317.7 312.5 307.6 305.2 301.4 301.6 311.9 329.6
313.7 312.8 315 316 317.7 319 324.1 329.5 336 348.1 354.6 359 365.4 367.4 371.3 376.8 382.8 393.1 400.2 406.7 414.7 422.8 428.8 434.1 440.2 450.2 461.4 467.8 474.7 483 485.1 490.8 486.2 476.7 469.5 467.6 465.9 465.8 465.8 464.9 463.6 463.9 463 463 461.9 462.6 464.8 469.2 476.6 479.2 481.4 481.7 477.7 472.3 459.8 453.4 454.5 451.3 445.7 435.7 413.2 392.9 373.7 358.7 345.5 337.2 331.9 324.2 322.4 321 320.2 313 309.5 306.3 303.8 301 312.1 325.6
314.1 314.6 317 317 317.5 318.9 322.3 329.8 339.2 349.3 353.6 358.9 365.4 366.5 369.7 375.8 386.3 393.9 400 407.2 414.8 420.1 428.3 436.1 439.9 451.8 464.2 469.6 476.5 487.8 491.7 489.3 478.7 467.2 466.5 469.5 467.5 466.6 466.1 465.5 465.5 468.8 463.5 463.7 462.5 462.3 463.5 470.2 474.5 477 479.5 478.5 475.7 472.3 475.7 467.7 470.4 475.4 457.5 433.9 411.8 393.4 373 357.4 346.6 338.9 328.9 324.8 323.1 320.2 321.3 315.9 315 306.5 304.6 298.8 312.6 323
