public/OST50/NN69.asc
ncols 200
nrows 200
xllcorner 260000
yllcorner 790000
cellsize 50
[rows 0 to 34 of 200, columns 78 to 155 of 200]
558.4 563.2 568.9 575.1 581.9 585.5 597.4 601.6 608.4 608.2 603.5 591.1 586.4 575.7 570 554.2 533 508.8 494.4 481 469.1 459.8 452.7 447.1 441.7 436.9 430.3 423.1 425.2 432.7 438.7 447.9 458 464.9 470.4 478.5 489.9 501.1 517.6 536.3 550 573.5 597 623.2 634.9 637.3 618.6 598.2 580.5 559.5 531.6 512.1 498.8 486.4 481 476 463.3 452.2 443.3 432.9 427 420 412.1 404.3 395.4 387.1 378.6 371.7 367.2 362.9 357.3 352.5 351.3 347.4 348.9 350.4 349.8 350.8
539.6 545.9 550.1 556.2 560 563 569.3 577.7 581.7 583.4 573.6 573 568.5 565.6 557.3 546.1 523.1 501.6 489.9 476.4 469 461.4 453.6 447.8 442.1 435.6 429.6 422.7 422.6 429.9 435.6 442.6 451.3 457.7 463.5 472.3 483 494.5 510.7 524 539.1 563.5 591.7 618.8 634.5 628.9 609.1 584.7 569.6 540.9 513.1 495.3 480.1 468.2 461.4 453.1 446.3 439.2 435.2 430.7 422.2 415.4 409.1 400.1 393.6 386.3 377.7 370.5 365.3 362.5 357.7 351.3 347.3 347.8 342.2 343.8 341.5 338.6
521.7 528 535.2 538.1 538.6 543 547.3 549.9 550.5 550.7 552 550.4 550.7 550.9 542.5 527 512.4 496.2 483.4 472.2 464.4 456.2 450.1 441.5 437.1 432.4 427.1 418.3 419.7 423.5 430.6 438 446 452.2 456.8 466.3 475.7 487.6 502.3 513.7 529.5 552.8 584.8 610.9 627.7 617.1 596.4 580.5 550.6 522.4 500 479.7 466.4 459.1 445.5 439.5 435.2 432.3 431.4 423.8 416.8 411.8 406.6 400.6 393.7 386.5 380.1 374.2 365.8 361.2 356.6 352.5 350.9 344.4 341.3 340.8 340.8 338
503.8 508.6 511.6 518.3 519.8 520.5 522.5 524.1 526.3 528.2 531.3 535.8 531.1 533.5 525.6 512.6 496.8 487.4 479.8 469.6 462 456.2 448.6 442.1 436.3 430.9 425.5 415.2 414.2 415.3 424.1 430.4 438.6 445.8 451.7 459.6 469.1 479.5 492.4 505.3 520.2 543.8 578.4 602.6 615.9 600.8 581.2 565.1 539.8 512.7 492.5 472.2 454.7 444.8 437.1 433.3 428.3 425 420 417.6 413.4 411.5 408.8 402.9 394.9 387 380.8 373.6 366 362.4 360.1 358.2 356 354.1 342.5 337.6 339 337.1
492.4 491.3 497.3 500.9 502.9 504.4 503 504.3 503.6 507.8 513.3 514.6 508.8 507.7 505.6 497.5 490 482.6 475.2 468.6 460.6 453.8 447.1 440.4 434.3 429.3 424 418.5 413.4 411.8 421.3 425.2 431.8 437.5 445 452 461.6 470.5 483.8 499.3 515.1 541.4 564.9 591.4 591.3 574.7 560 550.4 529.3 505.6 485 465.1 448.5 436.9 431.3 427.2 420.7 419.4 413.2 410.5 409.1 413.4 411.2 401.8 389.4 380.6 375.6 371.6 368.3 365.8 363.3 360.8 358.4 355.6 350.6 335.2 335.5 335.4
484.3 482 481.4 486.1 485.1 489.6 489 487.7 491.1 492.5 493.8 494 490.7 489.7 487.8 489.6 485.3 479 475.2 467.8 456.5 449.8 443.3 437.9 431.6 426.5 422.6 420.6 415.2 407.2 413.7 418.4 424.1 430.1 437.7 445.2 453.3 462.8 476 492 507.5 531 551.5 573 576.6 564.3 554.8 530.3 509 497.7 479.7 460.3 440.1 429.5 426.9 419 416.4 409.7 403.9 399.5 400.2 409 410.3 390.8 384 378.7 376 373.5 370.6 368.5 365.7 363 358.6 353.1 343.7 339.8 332.8 332.8
479.1 478.1 475.5 475.6 474.5 472.8 471.6 472.5 474.3 476.9 477.9 477.5 477.3 479.1 479.5 478.9 477.7 477.5 473.3 460.5 449.6 438.3 436.1 432.4 427.9 424 421.6 420.3 418.9 406.4 404.9 411.9 417.6 422.7 429.5 438 446.2 456.8 470.5 484.9 497.5 518.1 541.9 559.7 563.2 553.4 537 517.1 496.8 480.4 462.6 445.1 435.4 424.4 420.4 413.1 405 398.2 392.9 389.4 388.7 391.7 388 382.7 378.9 377.4 376.4 373.6 371.4 368.2 364.8 359 352.3 341.7 336.8 336.1 330.9 330.7
484.3 481.7 479.2 475.2 469.4 468.1 467.5 465.2 465.5 465.6 469.1 469 470.4 471.2 473.2 472.2 471.9 472.1 461.8 453.6 445.1 438.8 433.1 426.1 423.2 422.1 420 418.7 416.8 408.9 403.3 405.6 410.8 416.4 422.9 430.2 439.5 449.1 463.6 478.5 490.9 509.3 531 548.3 542.8 532.5 514.5 494.4 477.2 461.2 443.6 431.2 425.2 415.8 412.7 405 396.3 390.4 386.3 383.1 382 382.5 380.6 379.1 377.5 377.4 374.8 372.3 369 361.8 355.1 347.7 341.3 336.6 333.6 332.2 328.9 328.4
490.8 489.1 484.5 478.5 474.3 470.4 468 462.6 457.7 454.1 458.6 461.6 465 466 466.6 466.3 464.9 459.9 455.4 448 440.1 433.9 429.2 425.2 422.4 418.4 417.8 416 411.7 409 403.5 399.2 406.2 409.7 417.5 424.2 432.9 443.6 455.4 472.3 487.9 504.5 524.5 536.4 530.2 508 487.9 470.4 454.7 446.3 429.4 419.8 411.5 407.4 399.8 392.3 388.7 384.1 383 380.3 380 377.8 375.4 374.2 372.2 372.5 367.3 363.9 354.6 349 344.3 340.1 336 333.1 331.9 330.9 328.4 326.3
500.4 493.2 490 483.7 476.9 475 469.6 464.5 460 457.9 449 457.1 461.1 462.6 461.8 461.2 456.7 453.2 447.1 440.7 434.9 430.1 426.5 424.2 421.8 419 417.2 413.6 411.5 409.1 405.5 398.4 396.2 404.1 413.1 419.1 425.3 434.8 447.5 463.5 479.1 500.4 510.8 512.7 505.7 485.7 464.8 444.1 436.2 426.6 416.5 410.5 406.2 401.5 394.9 388 383.6 381.2 379.1 378.1 375.7 373.1 368.9 364.9 363.7 360.5 357.3 349.7 343.9 340.7 337.4 334.3 332.3 331.3 330.7 329.5 328.2 326.3
505.8 501.5 491 486.8 484 479.8 473.9 468.3 460.7 453.9 443.9 452.2 458 459 457.8 456 452.6 445.3 439.9 433 428.4 425.6 423.8 422.2 420.7 417.6 414.9 411.9 408.9 410.6 406.4 402 396.4 393.1 407.5 413.2 418.3 426.7 438.3 453.6 466.3 482.5 490.2 487.5 460.6 451.8 446.6 436.9 428.4 417.6 408.9 402.5 398.2 394.3 389.4 383 381.9 378.3 375.7 373.1 369.4 364.6 360.4 357.5 355 351.4 346.6 340.3 336.6 334.8 333.2 332 331.4 330.2 329.2 328 327.1 325.7
508.1 503.2 497.7 492.4 487 480.6 473.3 466.7 461.9 455.9 446.6 440.4 452.4 453.9 452.3 449.1 446 442 435.3 429.6 425.5 423.5 422 421 419.6 417 413.4 411.4 408.8 405.3 401.7 400.6 406.6 397.2 390.1 408.7 412.1 417.3 429.4 443.4 457.7 462 457.3 455.6 452.9 449.6 443 432 417.4 411.5 400.7 395.5 392.3 387.1 382.9 379.5 378.3 375.7 370.7 365.8 361.5 358.1 356.2 353.4 349.9 342.9 338.8 336 333.7 332.7 331.7 331.4 330.2 329.5 328.4 327.5 326.5 325.2
512.8 507.4 501.5 495.1 488.1 481.5 474.7 468.1 462.8 455.6 449.6 434.3 441 444.3 443.8 440.8 436.3 432.7 429.3 423.1 422.7 421.1 420.2 419.6 417.3 414.5 412.2 410.1 406.7 407.1 406.1 396.2 400.1 398.6 386 402.9 406.8 411.4 419.7 435 449.1 461.5 462.3 461.6 462.5 446.6 428.4 415.7 408.8 399.6 394.6 389.6 385.6 381.3 378.7 377.2 375.8 372.1 364.6 359.3 355.6 353.4 350.1 345.6 344.3 338.7 336.2 334.5 333.4 332.2 331.3 330.6 329.7 328.7 327.4 327 325.6 324.7
519.6 512.5 505.2 499.1 492 483.8 478 471.6 468.2 463 454.9 445.6 434.7 431.8 433.3 431.9 429.1 424.9 422.8 419.6 418.9 418.6 418.1 415.1 411.4 409.1 407.5 405.2 403.4 402.1 402.5 394.1 392 387.9 385.2 395.2 402.3 405.2 410.5 425.6 446.4 458.4 458.9 460.7 443.9 430.1 416.3 405.1 394.9 392.2 387.2 382.9 380.9 378.5 375.8 374.4 371.5 366.4 360.1 355.1 351.5 348.7 345.6 342.3 339.4 337.1 335 333.9 333 331.9 330.7 329.6 328.7 327.7 326.7 326 324.9 324
529.7 519.8 513.4 505.9 497.9 489.4 482.5 478 476.4 463.9 457.5 449 439.1 422.6 422 421.7 421.2 418.7 417.5 415.7 414.3 415.3 413.6 409.6 406 403.6 402.6 401.3 400.2 399.3 399 390.1 391.8 386.1 384.7 387.1 396.1 399.9 404.8 413.2 428.6 435.6 441.6 433.8 419.6 409 403.8 390.9 386.9 384.7 379.8 377.9 376.6 375.2 373.6 370.4 365.7 360.4 355.9 352.1 349.4 346.5 343.2 340.6 338 335.4 334.3 333.2 331.8 330.2 328.7 327.2 326.1 325.5 325.2 325.2 324.3 322.8
537.2 526.1 518.3 510.2 502.9 495 488.1 484.4 476.8 465.4 456.6 449.7 439.1 428.1 415.1 414.2 413.3 413.3 412.5 411.1 411.8 411.9 409.9 405.4 402.3 400.7 399.3 398.6 397.4 395.8 395.7 387.4 394.5 388.1 378.8 381.4 392.3 395.1 398.6 402.2 408.5 409.7 407.8 403.8 401.9 399.3 383.7 380.8 379.4 376.1 374.3 373.1 372.8 372.3 370.5 365.3 360.2 356.3 353.7 350.7 347.5 344.7 341.8 339 335.9 333.1 332.3 330.7 328.1 326.4 325.3 324.6 324.4 324.1 323.9 323.9 322.9 321.5
542.4 534.8 524.1 515.7 509.8 502.6 493 486.8 479.3 464.5 455.8 446.3 436.5 428 420.6 410.1 405.2 406.7 406.9 408.9 408.3 409.6 406.4 402.4 399.9 398.4 397 396.6 395.2 393.6 391.1 384.7 391.8 393.6 380 374 386.2 391.7 393.5 395.5 394.4 394.1 390 387.1 382.8 378.4 374.3 373.4 372.4 370.6 368.9 369 369.7 368.6 364.5 359.2 356 354 352 349.2 345.7 342.6 339.9 336.4 333 330.7 329 326.6 325.2 324 323.5 323.4 322.9 322.3 322 320.7 319.9 318.1
545.7 535.3 525.1 522.6 515.7 508.5 500.3 490.6 478.5 461.9 450.6 442.1 433.2 427.5 420.8 413.7 408.9 403.4 400.7 403.2 406.3 402.6 402.2 397 396.3 394.9 392.6 391.7 392.2 390.9 387.1 382.6 386.7 388.3 379.5 372.9 379.8 387.3 388.7 389.2 386.7 382.9 381.4 378.6 373.1 370 368.1 366.9 366.4 365.7 365.2 365.9 365.2 362.9 359.3 355.3 353.7 352.2 350.1 347.2 344 340.5 336.9 333.1 330.3 328.2 326.1 324.6 323.5 322.8 322.5 321.9 320.8 319.9 319.5 317.8 316.7 315
548 538.7 535.3 530.5 525.1 516.9 504.5 490.5 476 457.5 447.1 437.4 430.1 425.1 418.8 414 410 403.9 400.5 396.1 399.6 399.8 396 393.7 390.3 389.7 388.7 387.5 387.2 386.8 385.3 381.3 377.4 383.7 377.2 368.9 371.7 382.6 382.6 380.4 377.6 374.4 371.6 368.4 365.9 364.9 364.1 363.4 361.7 360.9 361.9 362 360.9 357.6 354.7 353.5 352.1 350.4 348.2 345.5 341.8 337.6 333.5 331 329.6 328.3 326.2 325.5 324 322.6 321.8 320 319.1 317.6 317.2 316.5 315.2 312.9
552.7 549.4 547.7 546.5 538.5 528.4 506.6 488.4 468 452 440.6 434.1 428 422.3 418 414.5 411.7 405.8 400.9 396.8 390.7 395.7 391.9 389.4 386.7 385.8 385.5 384.5 383.7 383.2 382.1 380.1 375.2 379.4 379.6 369.9 366 370 374.3 371.4 368.9 367 364.3 362.1 359.2 359.2 359 358.6 358.1 358.1 358.7 357.9 356.1 354.2 353.6 352.5 350.7 348.9 346.3 342.5 338.8 335.1 332.1 330.6 329.6 328.6 327.1 325.6 323.7 321.4 320.9 319.2 317.3 316.3 316.1 314.9 313.8 312.2
558.7 560.6 564.8 560.3 556.6 539.4 505.4 483.4 466.3 447 434.7 430.7 425.5 420.8 417.7 415.7 413.5 409.6 405.5 398.6 389.9 386.9 385.8 385.7 384 382.9 382.1 381.4 380.7 379.4 378.2 377.3 372.6 374 375.4 374.2 363.3 364.9 365.2 365.9 362.4 360.7 359.8 356.7 356.3 356.3 357 356.5 357 356.5 356.1 354.8 354.2 353.1 352.4 351 349.6 346.7 343.7 340.7 337 333.8 331.6 330.7 329.3 327.8 326.9 325 322.5 320.5 319.3 318.2 317.6 316.6 315.9 314.6 314.2 312.8
571.7 578.4 583.5 571.3 561.9 540.8 501.9 485.2 465.7 441.2 431.5 428.4 422.9 422.5 419.1 417.4 413.3 408.6 402.7 400.2 393.6 384.1 383.7 381.8 381.1 380.3 379.2 377.1 376.8 376.2 375.6 374 370.5 368.2 369.7 370.6 362.3 361.6 360.4 359.8 358 356.3 354.9 354.5 354.9 355.2 355.6 356.1 356.4 356 355 354 353.4 351.9 351 350.3 348.3 344.4 341.2 338.1 335.2 333.3 332.1 328.7 326.4 325.8 324 321.9 320.7 320.3 319.4 318.9 317.7 316.3 315.2 314.8 313.8 312.8
574.2 582.7 575.6 564.3 552.5 529.7 503 480.8 462.4 437 428.1 423.2 421.3 418.1 418.2 412.5 408 403.8 401.3 396.2 390.7 384.8 380.7 381.1 378.7 378 376 373.9 372.7 373.9 372.2 370.8 370.5 367.6 365 365.1 361.1 359.3 357.6 357.8 356.1 354.4 353.3 354.5 354.6 354 353.7 356 355.9 355.5 355 353.7 352.7 350.5 349.3 348 344.7 342 338.8 335 331.9 330.9 330 331.6 330.3 329.2 327.1 324.8 322 320.9 319.3 318.2 316.8 316.8 315.9 315.2 313.9 312.6
566.6 565.2 560 552.7 529.8 511.5 495.9 470.9 447.3 433.5 425.6 421.6 419.6 417.2 416.4 410.6 404.1 400 397 392.8 388.4 383.6 379.1 377.9 377.6 374.6 373.4 371.2 370.2 370.5 369.5 368.7 367.5 365.4 362.4 361 359.4 358 354.9 356.2 355 353.7 353.4 354.3 353.2 354.1 355.6 356 355.6 354.9 354.4 353.4 350.3 348.8 346.3 344.6 341.2 338.4 335.9 332.5 331.4 332.9 333.2 332 330.2 328.4 326.2 323.1 322.3 319.7 318.6 317.6 316.6 315.6 316.3 314.4 313.2 311.6
545.6 546.6 541.4 522.8 508 496.2 482.2 454.5 440.6 428.8 423.7 421.3 418.7 415.4 412.4 409.8 402.7 397.1 392.5 388.3 384.5 380.8 377.6 375.6 375.1 373.9 372 370.8 368.7 367 366.7 366 365.3 363.1 360.5 359.3 357.9 356.6 353.9 352.5 353.5 352.4 351.7 354.1 353.4 355.3 355.4 355.3 354.9 354.5 353.5 351.9 349.5 345.9 342.9 340.4 337.7 334.9 333.8 333.6 334.6 335.3 333.9 331.7 329.6 327.7 324.2 318.9 318.5 317.6 317.9 316.6 316.3 315.8 314.3 313.4 311.8 314.9
530.7 516.4 506.5 499.7 491 476.5 460.4 444.5 433.6 427.7 423.9 422.1 420.5 414 409.9 407.5 402 398.2 390 385.5 381.6 378.7 375 373.9 372.4 372.6 371.3 370 368.1 366.6 363.2 362.6 360.6 361.4 358.9 357.1 356.3 355.2 353.7 351.4 350.2 351.2 351.3 351.6 354 354.5 354.7 354.4 353.9 353.4 351.9 349.8 346.4 343.3 340.4 336.9 334.6 333.3 334 335.8 336.2 335 333.8 330.9 323.1 320.4 321.1 320.4 319.5 318.6 317.7 317 315.2 314.5 313.9 314.2 318.6 322.6
498.4 491.4 488.7 482.2 471.6 458.4 446.9 438.1 430.7 426.5 425.1 423.5 417.6 413.5 408.3 404 401.4 396.4 389.2 386.6 382.2 376.4 374.8 372.7 371.9 370 369.6 368.4 366.6 365.3 363.9 361.8 360.2 358 356.8 355.9 354.3 353.8 353.3 351.6 348.3 348.6 349.1 350.6 352.5 353 353.2 353.5 353.4 352.1 350.3 347.6 342.5 338.9 335.5 333.4 332.1 331.3 328.5 327.6 325.8 325.4 324.1 323 322.5 321.3 321 319.5 319.3 318.6 317.1 316 315.7 314.7 318.4 324.5 330.3 335
484.9 477.4 472.9 461.4 452.8 446.2 438 432.2 428.6 424.6 424.1 423.5 412.6 407 403.6 397.3 394.2 395 391.8 380.6 379.4 377.5 374.7 372.3 371.3 369.2 366.7 367.3 366 364.2 363.3 361.2 360 358 354.9 353.6 353.2 351.2 351.4 350 346.4 346.6 346.2 347.6 349.2 350.6 350.9 351.9 351.4 350.1 347.3 342.6 339 335 334.1 332.5 330.2 329.2 328.8 327.4 326.1 325.2 324.8 323.8 323.2 322.8 321.7 321 320.3 318.4 317.3 318.6 319.3 325.2 332 335.8 344.4 349.5
468.2 464.5 457.4 449.4 442.9 438.8 431.9 428.3 424.1 421.6 420.3 416 410.3 398.9 391.6 388.8 385.8 383.4 381 378.9 378.5 376.5 374.2 372.3 370.2 368.9 366.3 364.9 364.7 363.5 361.9 361 359.7 358.1 355.7 354.3 350.9 349.6 347.8 347.2 346 344.8 344.7 343 341.9 341.4 349.5 349.2 348 343.9 337.9 336.9 335.8 335.1 333.2 330.5 329.4 328.4 328 327 325.1 327.1 325.9 325.4 324 323.7 323.2 322.7 322 321.2 320.3 323.7 331.4 337.9 344 351.1 360.3 369.8
454.7 449.6 446.6 442.4 439.1 436.2 428.7 424.5 420.5 416.9 412.8 405.5 395.1 390.3 387.5 383.7 382.2 381.4 380.8 378.6 377.3 375.6 374 371.9 370.1 368.3 366.6 364.9 362.2 360.2 357.7 359.4 358.8 356.5 355 352.9 350.6 349.9 347.5 347.3 349.5 350.6 348.2 345.1 343.5 341.7 341.9 341.9 339.5 338.6 337.5 336.4 335 333.9 332.2 330.5 330.5 330.8 331.6 328.2 328.1 327.6 326.8 326.3 325.5 324.5 323.7 322.5 321.5 326.6 330 338.5 343.3 350.1 358.9 367.2 378.9 391.1
446 443.2 435.9 440.3 435.9 433.7 425 420.9 416.1 408.1 399 394.8 391.9 396 400.9 399.5 392.7 386.4 378.3 376.4 376.6 374.5 373.6 372.1 369.6 368 366.2 364.9 363.6 362.2 360.3 357.3 354.4 353 352.2 351.9 350 349.6 349 349.9 350.4 352.2 350.4 346.5 344.9 342.9 339 339.2 338.1 337.3 336.5 336.3 334.9 332.9 332.7 331.4 339.1 339.5 337.8 335.8 335 329.6 326.9 326.7 325.9 324.6 323.7 324.8 330.3 336.9 343.7 350.4 357.4 366.4 376.1 385.1 400.8 412.7
429.3 424.9 423.8 421.2 427.5 424 418.9 414 405.4 402.8 399.5 410.5 410.3 406.5 403.1 397.1 390.3 384 377.5 376.1 374.8 373.5 372 370.7 369 365.2 365.1 363.6 360.8 358.9 357.9 356.2 355 366.3 353.5 351.5 351.1 351 351.1 351 352.8 351.1 349.6 347.4 350.2 349.9 341.4 338.7 337.6 337.2 336.3 334.4 333.8 333.9 334.2 342.7 344 341.4 341.4 339.3 337.5 336.2 336.6 332.7 326.2 325.9 328.5 337.1 343.8 350.8 355 364.7 371.2 380.9 391.1 405.4 418 431.7
433.9 430.6 431.2 427 419.9 414.4 411.7 412.1 410.8 409.6 416.7 411.6 409.3 406.5 401.7 395.3 388.4 382 376.5 375.3 373.9 373.1 369.5 367.6 366.1 364.2 362.7 361.3 360 359.1 362 361.8 358.8 357.9 353.3 353.2 352.5 353.2 353.5 353.3 352.8 351.8 351.4 351.1 351.5 346.4 345 340 339.1 341.9 344.8 337.2 346.8 346.1 345.4 344.8 344.5 346 342.9 342.2 343.1 336.6 338.8 329.2 328.2 331.5 341.7 348.5 354.3 362.5 369.2 379.1 387 398.1 411.2 423.7 438.8 451.9
442.8 441.5 440 436 431.5 425.7 422.9 424.2 421.3 417.3 414.3 411.4 408.7 405.4 400 393.5 385.4 378.8 374.6 374 373.6 371.8 370.3 369.1 367.7 366.5 365.1 363.7 364 362.5 360.9 358.1 356.3 355.5 354.6 354.4 354.7 355.4 355.3 354.7 354 353.4 352.7 352 345.9 344 344 348.1 347 350.2 349.9 349.2 349.2 348.4 348.4 347.7 347.6 346.7 346.9 348.5 347.2 337.7 333.6 332.3 334.9 342.3 349.4 356.2 366.5 375.9 385.2 393.4 404.3 416.6 430.1 445.4 457.5 469
452.3 448.9 445.4 440.9 438.3 437.1 437 431.8 430.2 421.1 417.4 413.2 408.5 404 397.8 389.7 382 375.9 372.7 372.6 372.2 371 369.7 367.5 366.7 365.7 363.5 362.9 365.3 362.4 359.1 357.5 356.3 355.4 356.3 356 356.4 356.5 356.2 355.7 355 354.1 352.5 347.1 348.7 350.8 351.3 350.5 350.2 350.6 351.4 351 351.6 351.5 349.7 350.2 349.5 348.5 348.5 353.1 352.1 338.1 336.6 337.7 342.8 348 355.8 366 378.1 390.4 401.3 411.6 422.2 436.9 451.4 462.7 473.3 483.4
