public/OST50/NN74.asc
ncols 200
nrows 200
xllcorner 270000
yllcorner 740000
cellsize 50
[rows 0 to 34 of 200, columns 78 to 155 of 200]
560.5 547.9 531.5 519 506.3 494.6 484.1 475.5 468.7 459.5 452.6 446.6 441.5 434.6 427.9 422.7 416.1 410.4 397.1 401.1 394 386.6 384 382.1 377.6 377.9 377.2 376.9 372.1 369.5 363.7 360.8 357.9 354 345.1 339.5 333.5 327.9 323.4 317.7 309.4 301.1 292.3 284 278.8 269.5 265.1 259.9 255.3 249.2 239.5 230.7 223.5 218.2 210.3 205.2 197.6 186.7 180.1 184.9 191.9 194.9 195.9 199.8 209.4 220.1 230.1 238.7 247.6 257.7 268 276.7 284.8 294.3 306.2 314.9 321.4 329.8
554.4 540.6 525.7 511 501.5 490.5 480.7 473 464.8 456.2 450.7 444.5 438.6 431.2 424.8 422.3 418.1 406.5 407.5 400.6 394.5 390.6 388.2 382.6 383.6 383 382.3 380.3 378.3 375.1 372.1 366.7 362 357.3 350.4 343.6 339 334.3 327.3 320.1 312.4 305.5 298.1 288.6 279.5 276.8 269.8 264.7 257.3 249.1 241.8 234.1 228.3 224.8 219.7 206.7 197.3 186.5 179.1 179.5 180.6 182.9 188.5 192.1 198.9 208.1 218.2 227.7 238.2 248.4 256.1 261.9 267 278.3 288.9 296.6 304.7 314.8
547.7 536.1 521.9 508 497.5 486.3 478 469.2 461.1 454.4 448 441.8 434.8 428.5 421.4 418.9 416.5 405.9 405.9 398.8 396.2 394.1 386.9 388.9 387.7 388 386.7 385.2 382.5 380.1 377.6 372.3 367.4 362.1 355.6 349.4 344.9 337.5 330.2 323.1 317.5 309.9 299.6 290 286.4 280.1 271.8 265.9 258.6 250.9 243.5 238.2 234 229.2 219.8 208.6 197.1 187.5 178.4 173.6 175.2 176.7 180.9 185.7 190.6 197.1 206.7 215.5 225.3 233.6 239.1 244.8 249.7 260.5 270.5 273.5 282.5 292
549.5 536.8 519.7 505.8 494.2 484.2 475.2 465.3 458.5 452.1 445.6 438.9 432.3 425.7 418.1 415.2 408.1 408.8 404.4 399.7 396.9 393 391.4 390.6 391.7 391.4 390.5 389 387.3 384.6 380.4 376 371.1 365.2 360.2 355.1 349.1 342.3 334.6 328.6 322.2 309.7 301.4 296.7 290.3 280.4 273.3 269.3 265.6 256.4 248.1 246.3 237.1 227.7 216.9 209.5 198.5 189.4 182.5 176.8 169 170.3 173.4 178 182 188.8 197 202.9 209.5 217.1 223 228.3 233.6 242.9 249 254.4 260.7 266.1
546.7 532 513.4 496.9 490 480.4 473.2 463.6 455.5 449.2 442 436.9 431.2 423.6 416.5 412.8 409.5 407.5 404.1 401 397.8 394.6 394.4 394.4 394.6 393.9 393.6 392.2 390.3 387.2 383.2 380.1 375.3 369.3 364.6 360.3 353.1 346.8 340.3 331.5 320.7 314.4 306.6 299.1 289 280.2 278.3 275.7 268.9 259 252.8 246.1 234.4 226.9 222.4 213.3 204.9 197.8 188 180.5 172.2 167.4 168.4 170.1 173.1 179.4 186.3 190.6 195 203.1 210.2 215 219.2 224.5 229.4 233.9 240.4 243.6
540.7 521.8 505.9 495.6 484.6 471.3 468.6 461.6 452.9 440.9 438.6 433 426.3 420.1 416 412.9 410.2 406.6 404 400.9 398.9 398.4 398.1 399 398.3 397.6 397.3 396 393.8 389.9 388 383.8 379.9 374.1 369.7 364.9 358.9 353.2 344.7 333.2 328.4 319.9 308.8 298.3 290.9 284.1 281.4 276.4 271.1 260.2 253.5 244.2 237 233 228.3 222 218.6 207.4 193.4 186.2 175.9 169.9 166.4 165.6 166.2 167.9 172.8 178.2 184.1 190.9 198.1 203.7 208.3 212.7 213.7 216.2 221.2 225.9
527.9 516.2 506.7 492.8 482.9 469.9 457.3 450 447.8 439.1 430.1 427.3 423.8 419.6 416.4 412.2 408.7 405.5 404.1 402.8 403.3 402.9 402.6 403.2 402.5 402 401.5 400.1 397.3 395 393.6 390.7 386.6 382.1 377.6 373.2 366.7 360 351.1 342.3 336.7 323.2 309.7 303.5 297.3 291.9 284.4 276.8 270.5 263.3 255.7 246.3 239.2 236.2 231.4 228.6 218.1 209.2 199.6 188.7 179.1 173.4 166.5 163.3 156.5 155.3 157.5 164 172.4 179 186.7 192.7 197.2 201.3 203.2 205.9 210.1 212.2
522.3 514 500.5 488.4 476.7 469 459.7 445.7 442.4 435.7 429.3 424.9 420.4 416.9 414.6 410.3 408.3 407.1 406.6 407.1 407.6 407 407.6 407 407 406.5 406 404.3 402.6 401.4 399.5 396.2 393.9 389.8 386.4 382.4 375.6 368.4 364.1 351.7 343.8 330.9 320.3 317.2 306.3 295.9 288 279.3 272.4 266 252.8 240.9 235.6 235.4 233.7 227.1 216.3 210.6 201.2 190.6 182.3 174.1 168.3 164.2 157 150.5 151.2 152.8 159.8 168.6 174.4 181 185.6 188 190.8 194.8 197.5 199.8
514.3 501.4 486.3 473.1 472.2 457.2 454.2 446.9 438.4 431.6 426.2 421.8 418.5 415.4 412.7 411.5 410.5 411.1 410.2 411.3 411.3 411.5 412.5 411.7 411.4 411.3 410.3 409.4 407.7 407.4 404.6 403.9 401.1 397.7 395.4 390.5 386.6 381.5 375.1 365.3 353.6 339.2 334.9 325.7 312.9 302.1 293.5 284 275.2 264.4 251.6 244.9 239.5 234.8 228.2 222 217.6 211.2 202.8 190.8 184.7 176.6 172.1 166.7 159.9 152.5 142 136.6 150.9 158.3 161.3 166.8 170.1 173.5 177.7 182.6 187.1 192.4
506 498.4 489 480.8 472 462.4 452.3 445.9 437.5 430.7 426.1 421 418.3 415.3 413.6 412.9 413.3 414.1 415.3 416.2 417.2 417.4 417.7 417.1 416.6 416.3 415.5 414.8 413 411.6 411 409.3 407.8 405.5 402.7 398.6 396.8 392 386.4 376.5 363.2 353.2 342.6 334.9 322.4 314.3 303.8 293.3 281.3 268.2 259.8 252.1 246.2 239.5 232.6 226.7 218.4 209.3 200.2 191.8 185.9 177.1 170.7 165.5 159.4 153 142.2 131.9 140.4 147.8 150.2 151.7 156.4 160.9 166.2 171.4 177.1 183.5
501.2 495.9 488.7 480.6 472 463.8 453.6 445.6 437.9 432 427.3 424.1 420.6 417.3 416.7 416.3 416.3 417.1 418.8 420.8 421.9 422.8 422.2 422.8 422.3 421.9 421.2 418.9 419.2 417.3 415.1 414.5 412.2 410.6 409.4 407.7 404.8 401.2 393.3 383.5 373.8 370.6 360.2 343.1 335 326.9 315.8 303.7 290.6 278.1 268.2 259.2 250.4 242.7 233.9 226.6 221.3 214.3 206.1 197.2 188.6 178.1 169.9 166 160.2 153.2 145.2 130.1 127.1 137.3 140.1 141.3 145.7 150.1 153.4 157.8 165 171
496.9 491.9 484.9 478.2 470.6 463.4 455.5 447.2 440.7 434.7 430.6 426.6 422 419.5 418.5 418.8 419.2 420.6 422.7 424.7 426.1 426.5 426.5 427.2 427.4 425.2 424.1 423 423.1 421.3 420.6 418.4 416.4 416.4 415.8 414.1 409.8 409.2 404.8 396.4 392.8 385.7 369.9 356.5 349.2 339.2 324.5 308.6 292.4 281.7 272.1 261.5 252 243.2 235.7 228.9 223.1 216.2 209 200 188.4 180 169.1 166 158.9 152.4 148.4 137.2 122.9 126.9 134.3 133.7 135.7 138.1 140.8 144.4 150.1 156.6
488.1 483.3 478.4 472.8 467.3 460.9 453.9 447.3 441.7 437 433.5 429.1 425.1 422.6 421 421 421.9 424 425.7 427.1 428.7 429.5 429.9 430.3 429.9 429.4 428.4 428.5 426.9 426.6 421.1 421.2 421.4 417.7 417.2 418.5 417.7 414.8 412 408.4 404.3 394.9 376.4 370.6 360.9 346.4 328 307.4 288.7 280.3 271 262.6 253.8 244.4 238.2 230.9 223.2 214.8 207.6 198.5 189.3 181.4 169.9 165 157.9 151.4 145.6 139.7 128.8 119.8 130.8 132.6 130.3 129.9 131 133.7 135.3 141.8
480.3 475.7 472 466.9 461.6 456.3 451.4 446.1 442 438.3 434.4 430.7 427.4 425.4 423.5 423.2 424.2 425.4 427 428.6 430.9 431.5 432 431.5 432.9 432.1 433 431.8 430.5 429.4 430.3 425.2 426.2 420 421 421.9 422.4 421.2 417.8 416.7 407.8 398.3 389.9 385.4 368.6 348.5 327.3 302.5 292 280.5 272.7 265.2 255.2 245.7 239.1 231.5 222 214.1 206.9 199.4 191.2 183.2 174.6 166.6 159.3 150.1 143.3 137.4 130.7 123.3 126.5 125.8 125.7 122.6 123.7 122.8 125.4 132.1
473 471 467.2 462.7 458.2 454 449.2 445.1 441.5 438.1 434.9 431.5 428.9 427.1 425.4 424.8 425.5 426.6 428 430 431.7 431.9 433.3 433.8 434 434.1 433.4 435.2 435.9 435.6 435.3 429.8 424.4 427.5 425.5 422.9 423.6 425 426 417.8 409.7 404 396.5 386.9 366.8 345.4 323.8 308.4 297.7 286.4 278.6 268.6 258.1 248.9 240.7 233.3 224.6 216.3 209.6 202.2 193.4 184.2 174.3 166.3 156.2 148.1 142.3 134.6 125.6 120.3 121.6 123.5 122.9 122.1 119.8 117.3 119.1 123.2
466.7 465 462.5 458.9 454.7 451.3 446.9 443.5 440.1 437.3 434.6 432 429.5 426.9 425.5 423.8 423.5 424.4 427.2 429.8 431 431.8 432.4 432.5 435.1 437.8 438.6 439.9 437.3 434.1 432.5 426.6 426.8 427.4 424.3 423.6 424.1 419.5 416 412.7 408.6 398.4 380.9 372.1 358.8 340.6 323.3 310.9 300.1 290.2 280.9 269.4 257.8 248.8 241.5 233.7 227.3 220.9 212.1 202.8 195.7 183.6 171.4 161.9 152.4 145.6 136.5 129.4 120.2 108.8 113.8 116.9 122.4 126.8 118.8 116.2 114.5 118
459.9 458.5 456.8 453.6 450.8 446.8 443.6 441.4 438.6 435.9 433.3 430.7 428.5 425.3 423.5 421.9 421.2 422.8 424.6 426.7 427.6 428.9 432.4 432.6 436.5 437.6 437.4 435.8 432.2 433.3 432.9 429.8 428.9 426.4 425.7 419.2 419.2 416.8 413.7 409.9 401.8 387.1 374.8 365.7 352 337.8 323.2 309.9 301.1 290.2 280.8 270.5 258 248.1 244 234.1 228.1 221.4 210.1 200.8 189.4 175.8 163.8 154.3 147.1 139.5 130.2 124.1 116.5 107.4 108 111.9 114 113.1 110.3 110.7 110 110.4
450.2 451.1 449.6 447.2 443.9 441.2 439.6 437.7 436.1 433.9 431.7 429 425.9 423.2 421.6 420.5 419.4 419.6 420.3 422.5 423.3 426.7 428.8 428.2 432.3 431.7 432.4 431.6 433.5 436.7 438.1 429.7 427.9 424.4 419.6 416.3 415.9 417.7 412.7 403.7 397 380.3 371.1 360.3 351.9 342.3 324.1 312.4 301.7 288.4 278.8 268.5 258 250.1 243.2 233.7 221.8 208.3 197.4 188.2 176.4 162 153 144.8 139.4 132.3 123 115.4 111.3 106.3 103.5 107.9 107.5 107.4 106.6 107.1 106.2 105.9
442.3 442.1 438.8 438.8 436.9 435.2 433.8 432.8 430.9 429.2 427 424.5 421.3 420.1 418.5 417.4 416.9 417.2 418.6 420.2 421.9 423.4 422.9 425.2 426.9 427.1 430.3 432.9 434 435 430.3 425.6 423 420.8 416.4 414.1 411.3 409.9 407 402.1 391.2 384.8 378.2 365.1 356.2 335.4 318.3 309.1 297.3 287.9 277 267.3 257.5 241.9 227.9 218.1 205.8 192.7 180.5 171.6 160.4 148.3 140.9 135.2 131 125.2 116 107.7 106.1 104.5 101.5 106.5 105.9 105.1 104.3 104.3 104.2 104.5
433.2 432.3 432.2 429.5 428.9 426.8 427.6 426.6 424.4 422.6 420.1 418.5 417.3 416.7 413.7 412.8 414 412.8 415.1 417.6 415.8 418.6 418.2 421.3 424.2 426 427.7 428.3 431.5 428.3 422.3 421.8 419.8 416.9 413.6 413.1 410.1 408.3 405.6 401.4 398.3 390.2 376.8 366 349.1 326 311.3 299.8 289.6 275.3 269.2 256.4 239.4 225 209.8 198.2 187.8 177.5 168.5 159.3 148.5 139.7 134.1 128.3 124.5 117.6 109.6 104.4 103.5 102.8 102.3 104.3 105.2 104.5 103.9 103.6 103.3 103.8
424.8 423.8 427.1 420.8 419.3 420.4 420.1 419.3 417.1 415.4 414.4 412.4 411.3 410 408.9 407.4 407.3 407.2 414.2 413.1 412.5 416 419.2 419.4 421.1 420.5 423.7 424.1 422.1 418.8 418.4 416.2 414.4 412.4 411.1 410.5 408.9 407.4 405.6 401.6 397.7 386.9 365.2 344 321.6 305.1 293.7 284.3 269.4 253.6 242.3 234.4 229.2 208.5 188.6 176.3 172.7 166.1 160.5 154.2 141.9 132.3 125.8 120.6 117.4 110.4 105.9 103.1 102.5 101.2 100.9 101.9 103.8 105.4 104.1 103.9 102.9 102.6
416 415.3 413.2 413.3 410.8 408.5 410.9 410.6 408.9 408.2 406.2 406.1 406.1 405.4 404 403.8 404.5 403.6 404.3 406.6 411.1 410.5 410.6 416.6 413.4 415.8 417.1 413.2 416.2 415.6 412.6 409.4 407.9 407.3 406.2 407.5 407.6 405.6 405.2 398.6 387.4 360.6 331.7 315.3 302.3 286.4 274.6 262.4 250.5 238.5 227.7 216.1 202.1 179.9 169.1 163.7 158.6 154.7 148.8 144.1 134 123.2 118.1 114.1 110.7 107.2 104.5 101.4 100.8 99.7 99.4 102.8 103 102.4 101.5 101.5 101 101.6
407.4 405.8 405.2 404.5 403.2 401.5 401.9 401.9 400.1 400.3 399.8 397.9 399.4 398 399.5 398.8 398.4 399.9 401.2 399.9 402.4 399.8 404.7 404.4 405.8 404.8 407.8 409 410.5 411.8 407.2 404 401 400.6 401.1 400.2 399.8 393 385.3 373.3 357.7 330.3 308.7 296.7 285.7 272.5 258 245.4 233.9 224.8 208.9 193 176.6 164 155.1 147 139.5 135.2 131.5 129.9 122.2 116.6 112.7 110.3 108 104.4 102.5 100.2 99.7 98.8 99.4 100.4 100.3 100 100.2 100.9 100.6 101
400.3 397.2 399.7 396.9 395.9 395.6 393.1 392 392 391 390.6 390.1 392.1 391.2 393.3 395 390.7 393.9 395.4 391.5 394.6 390.9 392.8 395.2 395.3 396.7 398.5 397.4 399.2 397.9 394.3 394.1 395 392.9 391.4 391.7 383 370.3 363.7 345.8 328.8 309.6 292.4 279.6 268.1 255.9 241.2 229.6 219.4 204.2 187.2 173.1 156.2 148 138.9 133.2 129.1 126.5 122 119.4 114.2 110 107.1 106.1 103.4 102.8 103.2 101.4 98.6 97.4 97.5 96.5 96.5 96.1 96.2 96.2 96.1 96.3
391.2 391.8 392.8 389.8 388.8 388.2 387.1 386.1 385.2 384.4 383.6 383.9 385.5 384.4 386.4 386.2 385.7 387.9 389 382.3 380.8 380.9 378.5 382.9 385.7 386.3 386.5 386.6 386.2 387.6 385.3 384.4 383.5 377.4 374.8 368.2 360.4 346 335.1 322.1 307.1 288.8 275.5 263 252.1 239.3 223.8 213.4 198.3 183.3 168.6 155.9 144.1 136.9 130.3 125.1 123 119.9 115.5 113.7 109.1 107.3 105.7 103.3 103.5 103.2 101.5 97.9 97.7 98.6 99.3 100.7 100.9 100.9 99.8 98.6 97.7 96.5
387.4 385.1 384 384.4 383.1 380.5 380.2 378.3 378.4 379.5 378 378.9 376.7 379.3 379.7 378.2 375.2 374.4 372.7 370 368.9 369.1 366.7 369.2 372.4 375.3 377.1 379.5 374.8 375.7 374.3 372.4 372.2 361.8 355.6 349.8 339.7 329.8 314.9 296.6 285.3 274.2 261.6 248.1 236.3 225.4 209.9 192.1 178 166.1 152.8 142.2 134.2 128.1 120.4 117.9 117.7 116.2 111 109.1 108 105.5 103.9 103.3 101.8 97.5 99.4 101 102.7 102.9 102.6 102.9 102.2 101.6 101.6 101.6 101.1 99.6
382 377.6 377.4 374.7 375.3 375 373.7 369.2 374.3 375.6 371.9 371.1 371 373.4 372.9 369.8 366.7 361.6 356.5 355.6 353 355.1 361.3 364.2 362.6 366 369.5 368.8 365.3 365 362.6 362 354.2 347.8 340 331.2 323.7 313.5 296.3 282 270.7 258.7 247.5 232.3 219.3 207.9 190.6 176.7 164.3 152.4 141.1 133.6 125 117.8 116.1 115.1 113.8 110.7 109 107.5 105.4 103.8 100.8 98.8 99.4 103.1 104.8 104.8 104.7 104.6 104.7 104.3 103.8 104.2 103.9 102.1 101.4 102.1
372.7 370.1 368.5 366.9 370.1 365.5 364.8 363.8 363.1 363.4 368 365.5 364.1 361.9 362.1 361.5 357.4 355.7 352.1 350.9 351.8 358.5 358.4 360.9 358.2 359.1 361.1 360.4 359.8 358.9 351.5 345 340.9 333.9 324.2 317.3 305.7 295 286.8 268.3 255.9 244.4 233.1 225.8 208.7 193.6 177.1 163.2 152.2 140.5 129.8 122.9 116.6 114.7 112 109.1 107.3 106.8 106 105.2 101.5 99.5 102.3 104.8 107.1 107.5 107.8 106.9 106.8 105.6 106.2 105.1 106.8 109.5 106.7 107 105.2 106.3
360.7 360.1 358.4 357.3 362.9 357.8 358.3 359.3 357.2 358.6 359.3 359 356.3 357.1 353.4 351.7 353.4 351 350.7 351.6 353.3 353.4 353 359.2 354 350.9 353.5 353.9 353.3 345.2 338.9 334.2 326.9 321.3 312.3 300.8 291.6 282.9 268.7 254 239.9 235.5 225.8 209.7 197.2 177.9 162.8 152.5 140.4 126.6 121.4 116.6 111.9 109.3 106 102.8 101.2 101.1 99.8 99.4 102.1 105.1 105.8 110.3 113.9 110.2 110.2 108.9 107.9 107 108 110.4 113.9 113.3 112.9 109.8 109 108.9
344.7 348.4 346.1 347.4 348.9 353.1 354 352.4 351.5 352.2 351.9 351.7 353.1 346.6 345.5 345.3 346.7 350 352.6 352.8 355.4 355.4 352 345.5 346.4 346.4 347.5 348.2 340.5 336.2 335.5 323.1 316.4 311.4 296.7 286 278.9 268.6 256.8 247.6 233.1 221.1 208.9 198.6 179.7 163.7 151.7 142.5 130.4 119.9 115 111.1 108.2 105.2 100.3 106.2 111.1 108.3 106.7 107.5 110.3 107.4 108.1 108.2 114.2 111.2 111.4 113.8 109.6 110.9 111.1 113.7 118.3 122.5 121.9 115.5 110 114.3
327.3 340.5 340.5 342.2 345.8 347.8 346.2 347.8 348.4 347.4 346.5 345.4 344.6 340.2 342 347.8 351.9 354.1 355.3 355.9 357.4 357.3 354.2 349 343.2 337.1 338.5 334.7 332.8 329.3 319.4 314.7 309.2 301.9 286.1 276.4 268 256.9 251.5 237.8 221.3 207.1 195.3 179.6 165.8 152.6 146.4 130.7 119.6 114.8 111.2 107.3 104.6 102.5 108.9 112.3 112.7 113.2 120.6 116.6 112.2 112.5 113.6 114.5 112.5 115.2 114.3 114.8 114.9 115.9 115.2 115.5 121.7 130.1 128.6 117.6 113.4 123.5
341.5 327.2 335.1 339 343.5 341.4 344 344.9 343.5 339.9 337.9 338.6 339.7 342.5 349 354.9 357.4 356.2 356.2 356.7 356.8 355.3 351.3 345.2 341.8 335.8 328.2 326.4 322.4 319.3 311 303.8 295.5 291.8 279.9 270.5 262.3 253.2 236.8 222.6 208 191.7 185.7 170.8 156.6 147.4 140.9 125.7 114.1 110.6 106 103.7 110.1 114.4 117.2 120.6 119.6 124.2 128.3 126.3 122.3 123.9 123.3 125.6 120.5 118.2 119.6 118.9 119.2 121.9 120 120.9 123.4 131 130.1 122 117 118
340.7 318.3 330.6 332.3 333.5 335.2 339.2 336.6 335 336.8 336.9 340.5 339.4 347.5 354.6 359.3 360.7 358.7 353.8 348.7 352.2 349.9 344.3 339.9 337.1 331.8 324.8 316.6 314.1 309.4 304.4 295.9 286.5 280 272.2 262.5 249.1 234.7 221.6 208.6 194.8 182.7 176.6 170.3 155.6 142.7 134.6 120.4 111.2 107.1 104.6 119.7 131 129.6 129.3 129.6 132 133.9 135.4 133.9 134.5 133.6 131.2 133.2 132 128.3 130.2 128.6 129.1 130.1 125.3 125.9 125.8 131.2 131.3 127.1 121 122
343 326.5 317.6 326.3 328 328.9 329.2 329 331.8 334.1 336.2 339.6 340.2 349.1 356.2 360.7 361 356.4 346.5 344.6 346.7 342 336.3 334.8 329.6 322.5 317 310.5 305.7 297.6 293.7 282.4 276.9 265 257.5 245.2 233.8 220.6 208.8 195.8 183.7 174.3 168.4 161.9 150.6 137.6 124.7 115.4 108.8 103.5 111.8 131.7 147.9 139.8 140.1 139.2 137.4 138.2 139.6 140.2 143.6 143.4 142.8 146.9 143 141 141.6 141 142.2 135.1 133.5 131.7 130.6 133.6 136.3 131.2 128.3 130.4
338.2 338.6 318.3 313.9 319 323.1 321.9 324.4 330.6 333.5 335.2 334.1 338.8 347.4 354.3 357.6 357.6 352.4 341.2 340.3 341.7 337.2 331.6 326.8 319.7 314.6 312 304.8 298.9 293.8 282.8 273.7 263 255.4 246.2 235.6 222.8 207.7 196.6 188.3 181.3 170.8 164.4 156.2 144.7 131.7 120.3 111.1 104.3 105.9 114.9 130.9 139 150.8 150.3 146.1 144.5 142.9 144.5 146 149.6 153.5 153.7 158.6 155.7 153.9 153.1 152.8 147.4 143.5 143.2 142.7 140.1 142.7 144.6 139.1 140.9 145
