public/OST50/NN74.asc
ncols 200
nrows 200
xllcorner 270000
yllcorner 740000
cellsize 50
[rows 35 to 69 of 200, columns 78 to 155 of 200]
338.9 336.5 322 301.1 309.5 315.9 316.6 322.8 327.3 331.1 331.8 331.1 335.8 341.7 347.9 349.9 351.2 349.5 343.8 339.4 336.9 331.8 324.8 317.9 316.3 313.9 308.2 296.7 287.6 282.5 271.9 263.7 254.2 246.8 239.2 229.8 217.9 201.9 190.7 181.1 172.7 163.7 159.6 149.9 138.9 128.2 116 107.2 104.6 107.9 118.1 127.2 133.4 141.3 146.7 154.1 150.6 150.2 151.8 156.6 155.7 160.7 165.1 169.5 168.9 164.9 160.3 159.8 158.8 155.5 151.8 152.9 154.7 153.5 149.7 148.7 152.8 151.5
332 326.5 317.2 293.1 301.9 310.6 315.2 318.7 323.9 327.3 326.8 328.2 333.8 339.8 338.1 337.1 342.1 343.6 339.9 334.8 329.6 321.8 314.7 317.6 316.7 312.2 304.8 292.6 280.1 270 262.3 253.9 245.6 240.2 232.6 218.8 207.2 191.1 178.6 166.8 161.9 156.3 150.1 137.9 131.6 122.2 109.4 104.8 106.2 108.3 123.1 127.8 130.6 135 140.3 152.2 162.7 159.6 160.2 163.9 163 166.6 173.2 175.6 179.6 173.6 171.9 174.2 172.8 166.5 163.4 163.3 164.1 160.7 156.8 157.4 160.1 157.9
322.7 314.3 302.6 283.2 299.7 305.7 313.7 317.4 321.4 323.5 325.5 330.3 337.3 340.2 337.6 332.8 335.2 335.7 331.9 325.4 319.8 315.1 316 316.3 313.7 307.9 299.6 288.4 274 260.6 253.8 246.8 242.2 238 223.3 206.4 195.2 177.4 166 157.9 151.9 145.8 137.6 131.1 123.8 117 108.4 104.8 107 109.7 128.5 130 136.7 143.5 149.6 159.5 167.9 170.3 169 171.7 173.6 177 180.9 185.1 190.2 193.3 188.6 185.9 184.6 179.6 176.5 176.7 176.4 170.8 170.3 171.3 171.3 166.7
314.7 297.1 286.4 280.3 292.5 307.5 317.6 317.5 319.1 327.4 333.3 339.7 342.4 340.5 337.4 331.6 328.9 324.8 320.5 316.4 314.2 311.1 312.6 311.4 306.9 299.7 290.6 280.2 268.4 256 248.5 240.9 232.5 221 206.3 192.3 180 169.3 158.8 148 143.8 139.6 133 122.5 113.9 109.8 108.3 104.6 107.9 118.8 137.2 137.7 142.5 150.7 155.9 164.2 172.1 175.8 178.1 181 183.4 186 190 198 203.9 207.7 198.4 197.5 199.8 196 193 192 187.6 186.4 187.3 190.9 189.9 182.9
298 277.7 269.6 275.1 298.9 309.8 316.4 315.4 320 331.5 340.9 346.5 346.6 341.2 337.2 329 321.6 319.3 315.3 313.5 309.3 305.9 304.4 302.3 297.3 288.6 276.8 266.9 257.6 249.8 240.2 229.7 217.7 204.7 189.6 175.1 168.3 165.4 156.3 143.4 138.4 136.3 130.9 120.8 112 110.5 108.5 104.5 108.7 119.9 147 145.5 146.7 150.6 158.9 168.7 176.8 184.8 185.6 187.7 190.1 194.1 201.7 209.5 216.4 218.4 218.1 215.9 210.3 207 206.6 206 206.9 204.8 206 209.9 209.1 201.7
285.4 254.8 270.3 287.7 305.1 306.4 309.9 319.8 327 336.6 346.4 350.5 349.7 344.9 337.9 326.5 316.1 317.7 316.1 311.6 302.1 291.3 292.6 289.6 285.3 277 264.4 257.2 248.3 239.3 228.6 214.1 197.2 184.5 175.5 167.9 163.4 161.5 153 140 133.4 133 129 120.6 111.5 110.5 109.4 103.8 110.9 121 136.7 150.8 153.6 154.7 163.7 172.6 181.9 188.4 191.1 194.6 197.5 206.3 213.5 222.5 229.9 233.9 237.1 236 232.5 228.3 225.4 223.7 223.8 224.3 225.9 229.1 229.6 225.5
267.5 254.9 276.4 294.5 306.2 306.7 311.5 322.7 331.3 342.1 349.7 352.6 350.7 344.7 336 323.4 313.4 314.4 312.5 307.4 297.4 282.7 281 281.6 277.1 269 259.4 249.2 239.2 226.9 213.3 196.5 178.7 172.7 169.1 163.9 160.7 154.5 144.7 134.6 130.7 130.7 130.7 119.1 110.7 111.2 108.1 104.6 113.3 122.1 135.2 146.7 159.4 164.5 168.2 176.8 187.4 194.1 203.8 210.5 215.6 221.6 227.4 236.4 244.9 251.1 254.6 255.6 252.9 247 239.9 235.9 238.1 239.8 241.6 247.6 248.8 245.1
250 263.1 283.9 301.3 310.9 306.8 314.4 330.7 335.7 344.7 351.7 352.9 348.1 341.1 332.8 318.9 307.9 307.9 305.2 300.1 292.1 281.7 275.9 272.5 267 259.3 251.4 239.4 225.4 212.1 195.2 178.2 171.3 166.8 164.9 159.4 154.6 149.1 139.2 129.6 126.6 128 135 117.6 111 110.4 105.1 109.9 117.3 129.8 141.5 151.1 161.4 169.8 176.7 184.7 194.3 206.2 218.5 227.9 232.9 234.5 238.9 248.3 256.4 263 267.8 269.5 268.1 262 246.6 242.8 248.6 255.8 259.7 265.1 266.7 263.7
242.7 269.1 292.5 307.5 309.1 306.1 318.3 323.6 333.9 344.2 350.9 351.8 346 338.5 330.5 317.3 301.6 297.8 291.7 289.4 283.3 273.2 267.1 263 258.1 249.6 238.5 225.2 210.5 194 179.7 171 164 161 159 155.4 149.8 143.8 136.8 129.1 125 124.3 125.9 113.4 110.6 110.1 104.4 115.7 125.8 137.1 145.3 157.2 167.5 176.7 181.2 191.1 204.3 217.9 231.9 241.7 247.7 249 249.8 258.8 265.7 271.6 276.2 278.4 279.9 277.3 269.8 263.2 263.4 269.5 275.6 280.7 282.5 281.7
250 273.4 292.8 301.3 302.8 309.1 313.5 318.9 328.1 340.8 348.1 348.5 346.1 339.2 328.8 316 305.4 297.7 289.2 280.4 274.3 267.9 261.8 254.6 245.9 234.8 221.1 206 192.5 178.6 174.9 167.7 159.1 154.8 151.3 147.6 145 140.7 134.5 128.3 123.4 120.2 116.8 111.3 109.4 107.9 106.9 122.8 130.7 139.2 147.9 161.5 175.7 184.5 190.1 198.3 214.9 229 243.3 254 261.8 264.6 266.8 267.7 275.2 279 280.6 282.2 289.2 290.7 288.9 283.3 279.7 283.3 288.8 293.1 294 293.9
252.8 275.2 287.8 294.3 300.4 303.9 309.6 311.2 320.9 336.2 344.8 346 345.6 339 326.2 310.1 300.2 294.1 287 278.7 269.8 261.3 252.4 241.2 228.8 214.5 200 186.2 176.2 171.1 170.2 164.3 154.8 148.7 144.1 141.2 140.5 138.4 132.8 125.5 120 115.3 111.7 108.8 106.4 106.9 117.8 127.1 137.5 147.9 158.4 167.4 182.2 192.2 199.5 213.3 225.5 240.9 254.1 264.3 271.8 277.8 281.5 282.2 282.5 284.1 286.2 290.3 297.5 302.1 303.9 302.4 298.4 297.2 298.1 301.4 302.4 301
252.1 265.7 278.1 289.6 297.1 302.4 303.5 309.3 316.4 333.1 342.8 346.3 344 336 320.8 303.2 291.8 286.3 279.6 270.7 260.3 249.6 237.8 223.4 205.6 188.2 179.1 169.3 164.4 163.5 165.1 158.5 149.6 141.9 138.3 136.4 136.9 135.4 128.9 122.7 118 112.5 106.6 105.4 105.4 109.6 126 137.4 148.3 159.8 169.3 176.8 189 201.4 213.2 223.2 235.6 251.3 263.5 273.3 281.7 289.1 294 295.5 293.3 296.8 301.3 303.6 307.7 311.6 317.1 320.4 320.5 319.2 316.3 314.1 313.2 311.4
253.1 263.5 279.3 290.5 294.7 299.2 301.6 306.5 317.7 330.3 339 341.9 338.8 331.2 317.2 295.5 286.4 276.5 266.3 255.2 243.9 231.9 218.5 202.6 184.8 169.7 162.1 160.6 155.6 153.7 156.2 150.8 142.9 136 132.9 131.9 132.6 131.9 125 119.6 113.9 106.4 105.3 108.6 110.7 116.9 133.6 146 156.2 168.3 178.9 186.7 199.2 215.4 226.7 234.3 246.3 260.8 271 280.2 288.9 297.9 305.3 307.8 307.4 310.1 315.2 314.3 319.4 325.4 330.7 336.5 338.4 337.9 333.6 325.4 326.1 324.5
251.4 261.3 272.7 278 285.8 290.6 292 298.2 310.7 323.3 330.6 332.4 328 317.8 301.4 285.9 277.1 262.1 246.7 229.7 219.7 209.7 198 185 170.9 154.7 152 155 149.1 145 142.5 139.9 135 130.9 128.9 127.2 128.4 126.7 121.6 114.7 106.8 106.3 109.2 110.4 115.7 127.2 142.4 154 164.9 176.4 187.5 197.6 209.8 228.4 232.5 244.9 258.4 265.9 276.7 286 296.1 305.9 313.5 318 318.1 321.1 326.2 329.6 337.3 342.9 347.2 350.4 353.1 353.8 350.9 343.3 337.9 336.6
248.6 257.5 263.2 268.6 273.6 278.3 281.4 291.6 301.7 311.5 317.2 317 311 299.1 282.8 266.5 257.5 240.8 223.5 206.8 197.2 188.2 183.2 176.7 165.3 151.8 146 147.2 144.8 140 134.7 131.6 128.4 125.4 123.1 122.8 122.9 120.4 114.8 107 107.1 109.7 110.2 112.4 127.2 138.5 151.7 163.2 173.3 184.6 196.3 209.1 220.2 233.3 237.4 251.4 262.5 269 278.7 291.1 302.3 311.8 321.7 326.8 328.5 332.1 337.6 342.7 353.3 359.6 362.4 359.8 364.4 368.3 366.7 359.8 351.1 344.4
244.6 248.9 255.3 259.6 263 266.5 269.4 277.2 286.8 295.5 299.4 297.4 289.6 276.5 258.6 238.4 227.4 215.1 202.9 192.9 186 178.7 173.8 166.9 157.2 144.9 139.3 139.8 138.3 133.1 129.1 125 120.9 119.5 117.4 117.2 115.5 111.3 105.3 108 110.2 110.5 112.1 125.3 140.7 150.1 159.8 171.4 181.7 192.8 203.3 215 226.1 231.9 243.1 254.9 263.5 271.6 280.8 295.5 307.9 319.5 328.6 334.3 339.2 345.1 350.2 358 368.6 374.7 377 377.8 380.3 381.3 379 373 363.5 350.3
232.9 239.9 245 247.8 250.4 254.1 259.8 260 270.4 277.9 279.6 276.4 266.3 250.9 230.8 211.6 198.7 189.5 183 181 176 170 160.5 154.9 146.3 138.6 131.4 127.1 123.8 120.5 119 118.2 117.1 116.7 116 113.9 107.7 105.9 107.8 111.1 111.4 111.7 121.9 136.3 147.9 158.5 168.9 180.6 190.5 199.9 208.8 219.3 227.7 235.4 247 257.8 265.6 272.7 284.2 298.6 314.1 326 334.7 342.3 350.6 356.5 359.3 365.9 384.4 387.3 389.9 391.8 392.7 391.2 387.4 382.2 373 360.5
223.5 229.7 232.6 235.7 238.7 239.4 241.6 244.2 253.5 260.1 258.3 255.2 240.9 223 202 186 182 171.5 166.7 167.2 164.2 160.2 152.9 142.6 132.6 125.1 123.2 122.7 119.9 118.8 118.1 117.3 116.8 116.4 115.1 112.2 107.1 107.8 107.8 112 113.6 122.8 133.9 147.3 156.6 166.8 178.2 188.6 198.2 205 213.4 223.6 232.1 239.6 247.8 258.2 267.7 276 288.9 305.2 320.9 334 344.2 353 359.6 366.6 371.9 377.4 391.7 394.7 399.1 401.4 400.6 395.5 391.7 387.2 379.1 366.9
212.1 215.7 218.5 222.7 226.8 227.2 230.3 230.8 235.7 236.3 234.1 224.2 208.8 193.7 176.2 175.8 173.8 164.6 154.9 151.2 149.4 149.3 142.5 133 121.5 120.3 120.8 121.1 120 118.7 117.6 116.8 116.1 114.9 113.9 110.7 106.5 108.6 108.9 112.5 122 135.5 147.3 158.1 168.5 177.4 188.3 197.6 205.5 213.3 218.6 229.3 238.6 246.9 255.3 266.2 274.6 283.4 295.5 310 325.2 341.7 354.4 359.6 367 376 382.4 388.9 397.9 405.3 407.9 408.7 406.6 400.4 393.4 388.2 380.4 368.5
199.9 201.2 207 212.7 213 214.1 216.1 216.4 216.3 212 203.1 185.2 172.2 165.6 161.5 162 160.7 158.2 148.7 141.6 139.3 137.4 131.4 122.6 120 119.1 118.4 117.8 117.9 118.7 117.7 117 116.6 115 114.3 110.3 106.1 108.3 112.7 123.5 136.7 146.7 156.9 166.4 176.5 185.5 195.3 204.9 213.2 222 230.1 236.8 245.2 255.8 265.9 275.5 284.1 293.6 304.9 315 329.8 345 355.7 360.7 374.2 384.7 390 393.2 404.2 412.5 414.1 413.9 410.5 404 392.7 387 377 365.8
185.1 190 194.8 195.7 196.4 197.7 197.6 196.4 192.5 184.9 171.6 158.2 143.9 143.3 144.9 145 141.7 140.8 136.4 131.2 128.8 124.6 120.7 120 119.3 119.1 119 118.5 117.7 116.3 116 115.3 115.4 114.8 114.3 109.6 105.6 114.3 121.8 139.7 148.8 153.2 162.4 170.4 180.9 191.5 199.9 210.6 220.1 229.4 238.5 246.3 252.4 261.3 272.9 282.2 290.5 302.2 312.1 321 331.9 345.2 354.2 366.4 380.5 391.6 397.9 401.1 409 415.2 418.1 417.1 412.6 405 395.5 385.8 373.2 358.4
168.8 172.4 173.9 173.6 172.7 174.7 174.3 170.9 165.2 154.5 142 133.1 127.5 124.8 124.7 126 123.7 124.9 122.3 122.1 121.7 120.4 120 120.1 121.3 121.9 120 119.4 118.9 118.1 116.1 114.9 114.8 113.8 111.1 106.3 114.3 123.2 132.9 145.1 152.8 159.2 167 178 189 199.1 207.3 214.8 222.1 233.8 245.5 253.3 258 268.9 279.1 288.7 301.2 311.1 319.4 327.9 334.4 344.6 353.3 370.2 385 397.7 408.4 408.2 411.6 417 420.3 418.7 411.7 401.5 390.5 381 368.3 354
150.5 154.1 155.5 153.9 151.1 150.3 148 141 137.2 129.2 125.1 124.7 124.3 123.9 123.4 122.9 122.9 123 122.2 122.1 120.7 120.9 121.5 121 121.2 120 114.5 111.3 110.8 110.6 111.3 111 111.1 110.4 106.2 114 124.4 136.6 142.9 150.5 156.1 166.4 175.3 181.8 194.6 204.1 210.9 214.8 220.3 237.1 249.4 257.4 265 272.9 284.9 296.3 307.8 319 327.2 334.4 337.7 347.3 359 372 386.2 399.7 407.2 407.3 408 416.1 419.8 420.2 409 393.4 380.2 371.5 359.2 345.8
129.6 133.4 132.9 132.6 130.3 127.9 126.6 126 125.3 125 124.4 123.9 123.5 123.1 123.2 123 122.4 121.7 120.2 117.1 118 120 121.5 121.1 116.4 110.9 108.6 109.9 110 109.5 108.7 108 107.3 106.7 114.1 125 133.9 143.7 149.9 155.7 165.7 175 182.9 189.2 197.9 205.1 210.6 216.6 227.1 240.3 252.8 261.9 269.3 280.8 291.6 301.9 312.1 324.6 332.2 337 343.2 354.4 363.9 370.7 384.7 395.9 399.4 403.2 408.7 413.3 415.5 412.9 400.3 382.5 365.3 358.4 346 334.9
127.7 126.4 125.6 126.8 126.1 126 125.2 124.9 125.2 124.8 123.9 124 123.4 122.4 122.2 121.5 121.5 118.8 109.6 110.1 109.9 114.3 118.8 113.7 111 109.2 111.3 115.6 115.2 114.5 112.5 111.6 112 117.6 125 137.5 141.5 149.3 153 162.8 173.3 182.4 188.6 195.3 202.7 207.8 214.6 224.4 234.8 243.5 256.9 266.1 275.8 288.1 298.1 305.1 315.3 329.9 335.5 342.1 348.8 360.5 369.7 374.1 381.8 389.1 398.1 404.9 404.4 407 407.1 400.6 387.1 367.4 349.2 344.1 337.1 329.7
124.9 124.8 123.9 124.1 124 122.2 121.5 122.6 124.3 123.2 122.8 123.2 122.7 121.9 121.9 120.9 119.6 112.1 111.9 113.6 111.3 109.7 110.9 111.8 110.3 108.4 118.9 122 121.8 116.6 115.8 115 116.4 126.4 140.5 146.4 148.2 157.8 160.1 168.5 178.1 188.6 196.1 200.5 208.4 211 221.8 230.5 241.7 252.7 263.7 273.1 283.6 293.8 301.1 309 317.4 327.7 335.7 343.1 353.3 363.5 374.6 378.6 378 384.9 395.2 398.3 397.9 399.4 396 387.8 373.7 350.8 338.5 331.5 329.9 323.8
124.1 123.7 122.9 122.2 121.8 120.5 119.2 119 120.3 121.4 122.4 122.1 122.1 121.9 120.9 117.5 113.4 111.1 112.9 114 112.9 111.9 110.2 108.9 108.4 116.7 122.7 123 121.9 120 117.9 119.7 125.6 138.6 147 148.9 154.2 163.1 168.1 174.2 185.5 193.7 203.1 209.3 215.6 220.3 230.1 238 247.2 260.1 271.8 281.2 287.8 297.9 305.6 311.5 320.3 329.2 336.6 345.8 355.9 369.7 371.8 376.5 375.2 378.7 387.7 389.8 390.5 389.2 383 373.4 359.5 341.9 330.1 325.7 319.9 313.1
121.6 121.1 120.5 120.1 119.4 119 118.9 118.7 118.4 119.9 120 120.7 120.1 119.3 116.9 113.2 112.9 111.2 112.7 114.3 114.5 116 112.7 113.2 117.5 121.8 122.6 124.5 124.2 122 122.7 125.2 135.5 148.2 151.5 154.2 162.6 170.8 175.8 182.5 194 202.2 211.3 218.6 224.3 229.4 238.5 247.6 258 269.3 277.3 286.3 293.5 303 312.1 318.5 325 332.1 339.4 349.9 359.8 370.2 375.6 374.9 374.8 378.3 382.2 382.1 379.9 373.7 366.6 356.8 345.6 334.5 325.9 316.9 305.7 298.9
121.2 120.7 120 119.4 118.9 118.3 118.5 118.7 117.1 116.5 117.8 119.5 118.5 116.5 114.1 113.1 113.1 111.5 112.6 114.1 117.7 119.7 118.1 120.7 122 122.9 124 125.1 124.1 124.7 126.1 134.1 148.4 153.2 156.3 162.6 170.9 178.5 183.9 190.2 201.4 211.1 219.5 227.7 233.4 238.7 247.7 257.5 267.7 275.8 282.2 290.3 299.9 308.7 318 323.6 331.3 335 342.8 352.3 359.2 370.4 376.9 374.1 374.8 378 377.9 372.6 365.4 354.7 347.2 340.8 334.4 325.5 316 304.8 288.5 280.9
120.7 120.2 119.7 119.2 118.8 118.5 118.4 118 117.4 116.5 115.9 117.3 116.1 114.5 114.9 114.8 113.7 112.2 112.1 115.5 120.1 119.7 119.6 120.4 122 123.1 123.8 124.8 127.5 130.3 136.7 146.2 150.7 156.3 169.8 173 177.8 185.8 194.8 202.9 211 218.8 229.1 237.5 244.1 247.8 256 265.2 275.2 280.8 287.6 295.7 304.2 315.7 323.3 330.5 338.9 340.9 348.7 355.6 363.1 370.7 372.2 370.8 370.9 373.4 372.1 365 352.2 338 333.4 329.8 322.9 315 303.7 292 277.9 265.6
120.2 119.7 119.6 119.2 118.8 118.2 117.4 117.2 116.5 116 115.7 115.6 115.8 115.1 115.3 115 113.5 111 113.6 118.8 120.1 120.2 120.3 121.4 121.5 122.6 124.6 126.8 133.4 138.6 150.3 151.3 153.4 163.8 175.4 181.7 185.9 193.4 204.3 213 219.9 227.6 238.3 247.4 252.5 255.2 261.2 271.8 282.1 288.4 295.7 303.2 310.7 321.3 329.1 335.8 342.8 346.2 354.8 360.5 366.4 369.2 370.7 370.8 371.7 370.8 366.8 357.5 343.6 331.4 325.3 319.9 313.1 305.1 294.3 280.8 265 245.7
119.7 119.2 119.1 118.7 118.2 117.9 117.5 117.2 116.5 116.1 116.1 116 116.1 115.7 115.4 114.3 113 110.6 115.3 120.3 120 120.7 120.9 121.3 122.9 126 130 138 143.3 144.8 152.9 153.6 163.7 172.1 180.7 189.6 196.3 202.6 212.8 221.7 227.6 238.6 249 256 260.2 262.9 269.7 278.5 288.3 295.5 305.1 312.6 317.5 324.6 332.8 339.9 346 349.9 356.7 361 365.1 367.9 373.6 372.7 369.4 365.8 359.3 347.7 332.1 320.7 314.9 308.9 301.8 291.9 279.5 264.6 246.2 222.9
119.2 119.1 118.8 118.5 118.3 118 117.7 117.4 116.4 116.4 116.4 116.2 115.9 116.1 115.1 113.5 111.4 114.4 119.7 120.6 121.2 121.2 121.3 121.7 125.8 133.2 139.4 150.3 148.6 149.5 156.5 164.4 173.9 182.7 189.4 194.4 203 213 223.6 231.9 240.4 249.1 257.9 263.4 267 273 276.6 285.4 293.3 303.4 313.6 320.6 326.1 329.9 336.6 344.7 349.9 351.9 352.5 357.3 360.3 364.4 368.4 367.4 363.2 356.9 347.1 334.3 319.9 308.6 302.6 295.2 285.5 272.3 258.5 243.8 226.7 209.8
119.2 119 119.2 118.9 118.5 118.1 117.8 116.6 116.6 116.7 116.7 116.8 116.2 115.7 114.5 112.4 111.4 117.4 120.5 121.1 121.5 121.9 124 125.2 137 142.3 149.9 153.9 152.1 159.7 166.4 175.3 183.6 193.1 197.8 201.1 211.6 223.6 234.2 242.2 250.8 259.2 265.3 268.3 273.6 282 287.4 293.7 302.6 313 321.6 328.3 332.8 336.1 341.2 347.4 351.7 353 351.9 355.2 357.6 360.2 361.2 358.5 351.6 342.3 330.1 316.2 303.2 295.2 287.9 278.9 265.4 249.5 238.1 226.3 211.5 193
119.6 119.5 118.8 119.1 118.7 118.2 117.7 116.9 117.1 117.1 116.9 116.6 116.1 114.4 113.2 110.7 117.2 120.4 121.1 121.6 122.4 126.7 132.4 137.4 148.7 151 156.4 159.8 164.3 172 178.3 184.6 194.3 204 207.2 214.7 223.7 235 243.9 250.7 259.4 266.2 271.6 273.6 281.9 290.8 296.4 303.4 313.1 320.4 328.1 332.7 337.6 339.8 346.2 350.3 351.1 352.5 351.4 351.8 353.1 353.2 351.2 345.5 335 321.9 308.1 292.5 287 282.3 275.2 262.2 247.6 232.9 222.1 209.4 193.1 170.8
