public/OST50/NN75.asc
ncols 200
nrows 200
xllcorner 270000
yllcorner 750000
cellsize 50
[rows 0 to 34 of 200, columns 78 to 155 of 200]
166.6 166.4 167 167.4 168.8 169.3 170.6 170 171.4 177.4 181.5 182.8 183.3 183.6 184.4 183.1 182.8 183.9 184.4 185.6 187.4 190.5 191.2 189.9 191.4 194.1 196.5 197.5 196.7 200.8 204.5 207.6 211.4 213 209.3 213.5 216.6 222.2 223.2 223.6 226 227.6 231.6 236.1 236.4 241.2 245.2 247.8 248.7 253 257 262.4 266.6 269.7 274.1 280.9 286.3 290.2 293.8 296.9 304.1 307.5 312.8 319.7 319.8 320.2 319.7 321 324 330.4 339 343.8 344.2 343 345.8 352.2 354.4 351.8
163.3 163.6 165.9 166.9 167.6 166.8 167.4 167.5 170.9 177.3 179.6 180.3 179.5 178.7 178.8 178.9 180.3 182.2 182.6 183.8 184.9 185.2 184.7 185.6 187.2 188.9 190.5 188.8 192.8 194.7 196.4 201.3 205.2 206.3 203 204.6 208.9 209.5 212 215 216.7 220 225.4 228.2 227.4 232.9 236 235.5 240.8 243.7 247.8 254.7 259.8 263.3 267.2 271.8 276.7 278.5 282.6 285.6 293.9 299.4 301.7 304.8 307.6 307.2 308.7 307.4 313 323.4 333.6 333.1 331.4 334.9 336.7 338.8 338.5 334.9
163.5 162.9 162.8 164.8 165.9 164 164.7 165.4 169.3 175.1 176.4 175.1 173 174.7 176.4 176.9 177.1 177.5 177.4 178.9 179.3 179.1 178.9 181.5 183.3 184.3 183.9 183.9 190.6 192 189.3 192.1 196.7 198.8 197.5 196.2 198.2 201.2 204 204.7 208 213.9 217.7 218.4 219.3 224.6 226.9 226.1 232.9 236.1 241.7 247.9 252.5 254.8 258.7 262.3 264.9 268.2 272.2 277.6 286.8 289.5 294.7 294.5 294.6 296.8 296.5 301.1 309.9 316 318.6 318.6 325.5 329.2 325.5 325.5 322.6 320.5
163.3 162.2 161.9 161.9 162 162 162.8 163.9 166.9 169.8 168.8 169.2 171 173.4 174 172.3 171.1 173 173.2 173.1 173.8 173.5 173.2 176.8 180.5 177.9 176.4 178.7 179.2 183.1 184.6 187.8 189.9 190.4 192.3 190.8 190.8 192.4 195.9 197.5 202.4 207 205.1 208.7 212.7 215.5 217.4 218.3 223.9 229.8 234.7 240.4 244.4 246.7 250.2 253.4 257 260.5 264.6 270.7 276 280.1 282.9 284.7 286.5 287 289.8 295.7 302.1 303.1 305.6 307.1 310.8 313.7 312 310.7 312.2 311.4
163.5 162.2 162.1 161.8 161.6 161.2 161.9 162.6 163.1 166.4 168.1 168.7 167.5 168.3 168 166.5 167 167.8 168.4 168 168.4 169.4 170 172.3 173 170.1 170.7 172.6 175.6 178.9 181.9 184.1 185 185.9 186.4 183.7 186.4 187.3 186.3 190.3 195.4 199.2 198.4 197.7 204.5 206.8 206 210.5 214.4 221 225.3 230.7 234.2 237.7 242.2 247.6 250.1 252.9 256.5 259.9 266.2 269 272.1 273.4 275.4 278.8 281.9 284.7 288.6 290.6 291.1 292.3 293 295.2 297.9 300.1 300.8 300.7
168.1 165.6 163.6 162.1 161.6 161.5 161.5 161.9 164.1 165.9 165.5 163.6 162.8 163.8 164.2 163.4 163.8 165.5 164.6 165.8 166.7 167.2 167.5 169.8 170.7 168.4 166.2 169.2 171.9 177 180.1 180.2 179.8 180.2 179.2 178.8 179.7 180 179.8 182 187 189.7 187.9 189.4 194.3 195.9 198.3 202.1 208.3 212.6 215.4 220.3 224.5 228.9 233.1 237.6 239.8 243.1 244.8 250.2 255.4 258.8 260.5 261.3 264.6 267.2 269.2 270.6 273.6 275.5 276.6 277.5 279.5 282.6 284.8 287.3 288 286.9
171.2 169.2 167.4 164 162.1 161.5 161.6 161.3 161.1 161.6 161.5 161.4 162.3 161.6 160.5 161.1 161.2 160.5 160.5 161.5 163.4 164.2 164 165.6 168.5 167.5 164.6 166.8 171.2 175.4 175.1 172.6 173 172.7 171.2 169.4 170.5 168.4 167.6 169.3 175.1 177.3 176.7 178.8 182.6 185.6 187 189.5 198.5 204 207 210.4 215 217.8 221.6 225.3 228.6 230 234.3 239.5 243.9 247.7 249.3 248.9 251.3 253.4 254.4 254.8 256.5 260 262.8 265.6 270.2 273.2 275.9 277.6 277.8 278.1
176.2 173.7 171.5 168.2 163.1 162.2 161.6 162 162.1 161 160.3 160.1 160.8 160.8 160.3 160.3 159.7 159.5 159.5 160.5 159.9 160.6 160.1 160.8 164.7 165.6 164.6 165.8 168.6 169.1 166.2 167.3 164.7 163 161 162.8 163.8 163.1 164.3 163.9 165.7 166.6 166.5 168.1 169.4 172.4 175.3 180.4 187.6 193.7 197.2 199.8 203 203.3 208 212.3 216.7 219.7 222.8 227.5 231 235.2 237.3 237.5 237.7 240.8 243.6 244.8 247.3 250.1 254.4 258.8 261.7 263.7 265.5 266 265.3 266.4
180.4 177.4 174.3 172.6 165.3 162.7 162.5 162.5 161.3 161.6 161.3 160.5 159 159 158.9 159.1 159.2 158.1 158.8 158.1 157.6 158.3 158.2 158.5 160.6 162.1 161.8 162.4 162 159.2 158.2 157.5 156.2 155.1 155.9 156.3 157.3 160.3 162.7 164.2 164.5 163.7 160.4 162.1 162.2 164.3 166.1 171.2 178.1 183.9 186.7 189.5 190.5 192.2 195.7 200.1 204.8 208.5 211.6 214.3 216.9 221.4 222.7 222.3 224.5 230.4 232.7 235.5 238.4 241.9 246.8 249.7 251 251.5 252.6 252.4 253.7 255
179.8 175.7 170.7 166.5 163.5 163.3 162.9 162.3 161.2 162.3 161.6 161.2 160.5 159.1 158.8 158.4 157.5 157.4 157.3 157.1 157.1 157.3 157.6 158.3 157 157.1 156.6 156.6 156.1 155.5 155.2 155 155 154.3 154 154 155.4 157.7 159.1 159.6 158.8 157.6 155.5 154.4 155 157.5 163.3 168.1 173.1 175.4 176.2 179.3 181.5 184.3 186.4 188.7 194.3 197 197.8 200.2 202.7 206.9 209.1 211.7 214.6 218.2 220.3 223.9 226.4 231 236.1 238.7 239.7 240.8 242 243.8 244.6 244.1
175.8 172.1 167.9 164.4 164.2 163.7 163.2 162 161.8 161.7 161.3 160.7 159.3 159 158.8 158.5 157.7 157.4 157.2 157 157.1 157.1 157.1 156.7 156.4 156.3 156.3 155.4 154.9 154.8 154.6 154.7 155.2 155.1 153.8 153.8 153 153.8 153.3 152.5 152.2 151.4 151.5 151.4 153.3 154.2 159.7 163.9 166 164.9 163 167.6 171 174.9 178.9 181.4 184.7 186.1 188.1 189.6 191.6 195.6 200.2 203.1 204.5 204.7 206.9 212.4 214.7 218.8 223.5 226.6 229.3 230.1 232.2 233.2 232.1 229.6
175.8 172.6 168.9 165 164.5 163.8 163 162 162.4 161.8 159.5 159.8 159.4 159.1 158.9 158.4 158.4 158.1 157.6 157.6 157.6 156.7 156.8 156.2 156 156 155.9 155.4 155.4 155.2 155.2 155.2 154.9 154 153 153.5 152.5 151.8 151.1 151 152.6 153 152.1 150.5 151.5 153.3 155.7 157.1 158.6 155.8 156.1 159.6 161.6 163.5 166.9 170.3 174.1 175.5 176.3 178.2 181.2 186 189.6 191.4 192.8 194.4 197.4 200.1 203.8 207.1 210.1 214.6 217.3 219 219.7 218.7 217.7 215.5
174.1 171.6 168 165 163.7 163.2 162.1 161 160.3 159.6 159.7 159.4 159.5 159.3 159 158.9 158.9 158.7 157.2 156.7 157 156.8 157.2 156.9 156.1 156.2 156 155.4 154.9 154 153.7 152.1 151.5 152.8 153.9 153.3 153.6 153.1 153.3 153.8 153 152.9 152.8 151.1 152.2 152.4 152.6 152.6 152.4 153.5 153.7 153.3 153.2 154.9 158.8 163.6 164.4 164.2 164 164.7 167.2 174.2 174.2 174.9 177.6 181.4 183.2 186.2 190.5 195.6 198.4 201.5 203.8 204.1 203 200.4 202 204.2
169.5 168.4 166.6 165.7 163.5 162.8 162.4 161.8 160.9 160.7 160.4 160.2 159.2 158.2 156.9 157 157 157.3 157.7 156.5 156.3 156.7 156.9 156.8 156.7 156.3 155.4 154.3 153.3 152.4 152.6 153.9 154.2 154.1 154 154.1 154.1 154.2 153.8 152.3 152.3 152.3 152 150.8 152.1 153.1 152.9 152.3 152 151.9 152 152.4 151.7 153.6 155.6 156 155.4 155.3 153.2 153.7 156.1 161.5 162.4 160.6 163.1 166 164.1 162.1 172.8 178.7 182 185 186.2 186.5 187.1 186.2 189.6 192.9
164.1 163.6 162.1 161.2 160.4 159.8 159.7 159.5 159 158.8 157.8 158.2 157.6 158 158.1 158.4 158.5 158.4 158.2 157.1 155.8 156.2 154.7 153.6 153.1 153 152.2 152.1 153 154.1 154.3 154.4 154.8 153.6 153.4 152.8 152.7 152.4 152.2 152.7 151.9 151.9 151.9 150.6 151.7 151.2 152.1 152.9 153.2 152.5 152.1 151.1 150 152.2 153.7 152.9 152.3 151.3 150.2 149.8 149.6 151.8 150.9 150.6 151.5 151.6 151 149.2 158.6 162.3 163.3 165.9 166 168.9 174.4 175.9 178.5 181
162.8 160.1 157.1 156.1 156.7 157.1 157.1 156.5 156.7 156.8 156.2 156.1 155.7 155.7 156.8 157.9 158.5 158.2 158.1 157.7 155.9 152.7 152.9 153.2 153.8 154.6 155.2 155.9 157.7 158.1 156 156.6 156.8 155.4 154.9 154.7 154.6 154.8 155 154.4 153.6 152.9 152.7 151.5 150 150 150.2 152 152.6 152.1 150.7 150.1 148.8 149.8 150.6 151.5 151.1 150.2 149.3 148 146.9 146.8 146.1 145.7 145.9 145.9 146.7 148.2 151.6 149.6 150 150.2 149.5 154.3 160.7 163.5 166.2 168.1
166.1 163.7 161.4 159.2 158.4 159.6 159.5 158.2 158.4 158.3 160.4 160.7 159 157.6 154.3 156 157 157.4 157.2 157 154.5 153.7 154.4 156 156.1 157.1 160.1 160.2 162.2 163.4 162.1 161.3 160.5 159.5 158.3 157.4 157.7 155.8 155.4 154.6 153.9 153.9 153.3 152.8 151.4 150.9 149.4 150.5 150.3 149.7 148.7 148.3 148.4 148.8 148.7 148.4 148.1 147 145.7 146.4 145.6 145.3 145.5 145.6 144.9 145.2 145 145.9 147.7 146.6 146.6 147 146.9 146.5 148.5 148.8 151.9 156.1
166.3 164.6 163 162.1 163.6 163.7 164.1 163.7 162.9 163.1 165.4 165.7 164 161.7 158.8 154.2 154.5 155 153.8 153 154.1 157.4 160.5 162 161.3 164.5 166.3 167.1 167.2 166.3 163.6 162.8 162 161.8 160.7 158.7 159 157.5 156.3 156.7 155.7 152.9 152.6 152.5 152.3 151.5 150.3 149.5 147.5 148.4 148.6 148.7 147.9 147.1 147 146.2 145.4 145.5 145.6 146.5 146.7 146.8 147 147 146.9 146.4 145.9 145.9 145.3 145.9 146.4 146.8 146.8 146.6 145.9 145.1 144.1 146.5
167.6 166.6 166.8 166.9 168.5 170.1 169.4 169.4 168.7 167.4 166.4 169.5 167.8 168.3 166.5 164.6 161.5 160 160.1 161 162.5 164.9 166.9 167.3 167.9 169.4 170.1 170.1 170 169.3 167.1 164.1 163.2 162.2 161.5 161.1 161.7 160.5 160.4 156 155.7 156.3 152.1 151.8 151.8 151.2 150.5 148.8 147 146.4 146.6 146.9 147.1 146.3 145.4 145.7 145.6 146.1 147.9 146.6 146.7 146.8 146.7 147.1 146.8 146.7 145.8 145.2 145.5 145.4 145 145.6 146 146 145.6 145.1 144.9 144
170.3 171 171.2 170.6 172.1 174.4 174.3 173.3 173.6 173.4 173.8 174.5 174.7 174.9 174 172.8 171.3 169.6 168.3 167.4 167.8 168.7 170.1 170.1 170.9 171.3 171.5 171.4 171 169.8 169.6 168 168.1 167.6 166.9 166.5 166.6 165.9 164 162 159.6 157.8 154.4 151.9 152.1 151 151.7 149.3 148.4 146.6 146.6 146.6 147.5 147.6 146.6 145.7 146.4 146.8 147.1 146.5 146.6 146.8 146.9 146.8 146.6 146.9 146.6 145.4 145.6 145 144.2 144.5 144.8 145.2 144.6 144.6 145.5 143.9
175.7 174.6 173.2 172.3 173.7 175.5 175.9 175.8 177.8 178.4 178.3 178.1 178 178.2 177 176.1 175.7 173.8 171.5 169.6 169.5 168.9 169.8 170.5 170.5 170.8 171.3 171.5 170.8 172 174.5 176.4 174.9 173.7 174 174 174 172.5 171.1 169.7 166 161.3 159.6 156.8 156.5 159.9 162.3 160.3 154.8 153.4 155.1 153.6 152.9 152.4 150.7 148 147.8 147.7 147.6 147.2 147 146.4 146.3 146 145.7 145.4 145 145.4 145.4 144.8 143.9 143.9 143.9 143.9 143.9 143.9 144 143.9
179.2 176.4 174.2 173.8 173.9 174.7 175.4 178.2 181.2 182 180.7 179.9 178.3 177.1 175.1 174.8 175 173.1 170.5 169.2 169 168.6 169.3 170.1 171.9 174.9 177.8 179.1 180.1 181.2 182 181.4 180.1 179 182.5 184.4 183.8 180.1 178.3 178.8 178.7 177.5 173.6 168.7 169.4 172 174.1 173.1 170.1 169.3 167.2 165 162.9 160.3 156.8 152.3 149.4 149.9 149.3 149 147.8 147.1 146.8 146.1 145.7 145.3 146.4 145 145.1 144.9 143.9 143.9 143.9 143.9 143.9 143.9 143.9 143.9
181.7 180.6 181.5 180.1 179.1 178.2 179.2 181.4 183.9 183.7 181.9 178.7 176.4 173.8 172.6 171.5 172.8 169.4 170.4 169.9 171.3 171.6 176 177.5 177.6 182.1 186.1 188.3 190.9 192.2 192.4 190.8 189.3 189.8 193.8 197.3 193.5 191.2 189.1 189.4 190.2 190 188 183.9 182.8 186.1 186.1 184.6 183.4 182 179.6 177.4 174.4 169.2 164.9 158.5 157.1 156.2 154.5 153.3 150 149 148.5 148.3 151.3 149.2 147.8 147 145.2 143.9 143.9 143.9 143.9 143.9 143.9 143.9 143.9 143.9
181.7 182.4 186.8 187.4 184.8 180.7 182.6 185.3 186.1 185.7 182.6 178.3 174.5 171.7 172.9 175.1 175.7 176.2 177.6 177.8 179.6 182.6 185.6 185.4 189.5 192.8 196.6 197.4 198.1 198.6 198.7 199.2 198.3 198.2 198.9 200.8 201.4 199.5 198.5 198.6 199.5 200.3 199.4 196.7 195.3 196.9 197.2 195.8 194.5 193 190.9 188 184.3 178.6 171.9 164 163.6 161.8 159.3 157.8 155.9 152.8 151.7 153.8 153.7 151.4 149.3 147.2 146.6 144.7 143.9 143.9 143.9 143.9 143.9 143.9 143.9 143.9
187.5 187.7 191.9 192.7 190.5 188.2 187 186.9 186.5 185.5 185.6 182.4 179.3 178.9 179.9 182.3 184.5 187.2 188.7 190.7 192.9 194.5 196 198 198 201.3 204.9 203.4 201.8 201.5 202.5 202.6 201.8 202 202 205.4 210.5 208.8 206.6 207.1 208.1 207.4 207.9 207.4 205.2 202.8 203.5 202.9 201.9 201.8 197.6 195 191.6 185.4 176.6 173.3 172 170.5 167.5 164.4 160.6 158.3 158.7 157.1 153.7 150.6 148.5 148.2 148.7 148 147.5 149.5 149.3 149 146.6 145.5 143.9 143.9
188.5 191.8 197.7 197 192.8 189.2 186.7 186 185.4 186.4 187.4 184.8 183.8 182.9 187.7 191 192.2 193.8 198 199.8 200.4 201.7 201.8 200.8 201.6 206.7 209.7 209.4 206.5 205.9 206.6 205.9 205.2 206.8 206.8 208.8 213.2 215.2 213.1 211.6 213.2 213.9 213.9 213.4 213.8 211 210.5 211.1 208.7 205.9 203.1 201.4 198 191.8 185.7 181.3 181.4 175 172.6 170.2 164.8 160.6 160.1 160.4 154.7 154.2 154.9 156.1 154.9 154.2 154.8 155.9 156.7 156.8 154.6 155 151.4 152.5
196.9 198.2 202.9 202.8 199.5 197.1 189.5 186.3 186.2 186.4 189.3 191.3 192.2 191.4 196.8 199.6 199.3 198.6 203 204.7 205.2 206.6 207.4 205.2 205.9 208.6 210.7 213.8 216.3 214.6 214.1 213.2 212.9 213.4 217.1 219.7 221.2 221.2 219.9 218.3 219 220.3 220.1 220.6 217.7 216 216.2 216.5 215.9 211.7 209.9 207.5 203.9 198.9 193.4 186.9 179.5 175.5 175.2 172.6 167.2 163.6 162.8 163.4 164.5 163.2 164.1 164.7 164.2 163.1 162.1 163.7 164.5 163.5 162.1 163.9 164.4 163.7
197.3 197.9 206.8 209 203.3 200.1 197.4 189.4 187.2 188.4 193.6 197.5 198.7 198.4 204.2 207.2 207.5 208 210.9 213.7 213.1 213.3 213.8 213 212.8 216.4 218.2 223.1 223.9 223.3 223 223.1 225.4 225.9 230.7 229.5 229.7 229.6 228.9 226.9 226.1 227.4 226.9 227.3 224.8 222.7 222.4 221.5 219 216.7 215.4 213 208.8 204.1 200.4 192.3 181.7 172.5 170.9 171 170.2 171 170.3 170.3 170.4 169.6 171.4 170.5 169.8 169.6 171.3 174.3 172.3 171.1 169.1 170.8 172.5 171.7
209.2 202 203.5 205.1 203.2 201.4 199.6 196 192.3 196.1 199.4 204.4 205.8 207.7 212.2 214.8 215.7 218.7 221.7 221.9 221.2 220.7 221.8 223.5 220.4 221 223.8 232.1 232.2 230.7 231.2 230.7 233.7 235.6 239.2 235.7 237.3 238 238 237.4 235.9 236.2 235.9 235.6 233.5 230.3 228.8 228.6 227.5 225.6 226.2 220.9 217.4 212.9 208.7 201 192.7 184.7 178.9 176.9 176.6 175.9 175.7 176.3 176 176.1 176.4 174.7 173.8 176.9 180.1 180.2 178.4 175.6 172.2 176.6 180 178.9
214 208.7 205.2 214.2 208.6 205.8 203.9 200.5 200 201.8 207.2 212.2 214.2 215.8 218.8 222 224.2 227.8 230.5 229.9 230.4 230.5 229.9 230.3 228.6 230.7 235.9 236.7 240.6 238.5 236.6 235.3 235.7 240.6 244.9 246.5 247.5 248.4 248.8 249.5 247.6 248.5 247.5 246.3 242.8 240.8 238.5 239.1 237.6 234.9 234.5 231.7 227.4 222.5 218.1 210.3 202.3 194.8 188.1 182.7 180.9 178.2 177.2 178 178.7 178.9 178.3 180.2 184.5 185.3 185.9 184.2 180.4 173.8 177.1 183.2 186.9 184.4
212.1 213.5 208.1 211.2 216.6 216.1 211.8 206.7 207.4 211 215 218.3 219.1 222.1 227.9 230.2 233.5 237 235.5 236.5 234.1 233.2 234.5 235.3 236 236.2 237.2 239.5 240.4 242.2 245.2 247.7 250.3 253.3 258.5 260.6 260.6 262.6 262.1 262.2 261.4 261.4 261.2 260.3 256.3 253.7 253.5 253 249.9 246.4 243.1 240.1 235 229.9 224 216.1 207.5 201.3 195 188.6 185.9 182.7 181 183.3 181.8 182.3 183.7 185.8 190.3 189.6 189.4 189.8 183.7 181 180.5 182 187.5 183.7
214.1 217.5 217.8 211.7 214.3 218.5 214.7 213.7 216.3 218.6 220.3 223.2 225.5 228.3 235.7 237.5 239.1 240.1 240.9 241.3 240.2 239.8 238.3 236.9 237.3 240.3 245.2 248 251.3 255 254.3 259.3 264.8 268.1 270.7 272.8 275.4 272.5 274.8 278.2 278.4 278.8 275.8 274.7 273.9 273.1 272 267.5 263 257 251.2 246.7 240.9 235 228.8 221.3 213.6 206 199 191.7 190 188.2 189.6 190 189.4 187.5 187.5 190.2 193.3 194.1 195.6 196.8 189.5 183.7 181.7 182.6 184 184.3
218.9 221.8 223.1 219.6 217.1 218.7 218.5 221.8 224.8 225.8 228.6 229.6 233.3 238.5 242 243.3 243.6 243.3 243.3 243.9 244.9 246 246 246.2 247.6 250.5 255.2 258.4 260.2 263 266.4 272 277.7 278.4 281.2 287.1 286 282.8 289.1 288.8 293.7 295.8 292.5 290.7 292.9 287.8 290.2 284.2 277.2 268.5 260.1 252.3 244.5 237.8 232.5 225.1 217.5 210 203.1 198.5 196.8 196 195.2 194.1 192.4 192.5 193.7 195.2 196.5 196.6 196.3 194.2 190.2 184.8 180.2 178.7 178.4 174.5
220.5 222.9 225.6 221.9 220.2 221.7 226.7 230.5 232.7 233.9 236.6 238.7 239.9 242.9 245.1 245.4 245.9 246.2 247.6 249.8 250.9 253.4 255.2 258.4 259.4 261.8 265.4 268.3 271.4 273 277.2 283.1 289.6 294.3 293.4 297.9 298.9 296.3 302.1 302.5 304 308.3 306.8 306.1 305.7 303 302.6 300.7 294.2 282 270.3 260.2 252 243.5 239.2 232.3 226.2 218.2 212.1 209 206.7 204.3 202.2 200.2 199.6 200.6 199 198.2 197.2 194.9 191.9 187.8 183.3 180 178.5 177.7 177.2 174.3
222.9 223.9 225.4 225.7 225.7 227.4 232.9 240.2 245.1 245.7 245.5 242.4 243.5 245.2 248.5 252.7 254 253.8 256.1 258.1 262 263.9 267 267.9 270.1 273 275 279.8 282.7 284.5 289.7 296 301.8 304.6 305.6 305.6 306.8 308.1 316.8 316.7 316.9 321.6 321.9 320.9 321.4 318.5 315 313.9 307 294.1 279.2 271.1 264.6 254.9 247.4 241.1 235.5 228.5 220.7 216.7 214 213.1 211.9 209.3 205.2 205.8 201.3 199.3 196.7 191.4 187.1 183 181.2 178.6 178.6 178 177.8 174.1
