public/OST50/NN75.asc
ncols 200
nrows 200
xllcorner 270000
yllcorner 750000
cellsize 50
[rows 140 to 174 of 200, columns 0 to 77 of 200]
528.6 527.2 526.7 526.9 527.4 528 529.2 534 534.3 522.8 512.8 506.6 504.6 506.4 512.2 509.5 505.2 504.9 502.6 496.7 494.3 493.8 490.1 487.9 487.3 486.1 486.3 484.8 487.1 489.8 492.3 486.3 484.9 487 487.1 486.4 486.8 485.4 486.4 487 489 488.7 488.4 483.1 488.8 488 489.2 490.4 489.9 489 486.8 488.3 487.2 488.4 491.6 491 484.6 472.8 479.2 480.3 483.2 485.5 489.3 489.1 491.8 494.2 495.4 494.1 490.1 487.9 488.8 480.1 475.2 473.5 470.2 471.6 475.5 479.3
534.5 530.2 526.1 523.7 522.2 521.5 518 521 514.5 511.9 511.1 512.6 515.8 517.1 515.2 512.4 514.5 511.4 507 501.8 506.2 504.2 501.5 498.2 498.3 494.9 491.9 497.5 502.5 503.1 498.3 487.3 486.3 488.6 490.7 490.1 490.1 488.2 489.4 491.1 494.7 493.8 491.9 492.8 494.6 494 496.5 497.4 498.9 498.6 497.2 498.4 498.5 497.7 498.4 498.2 492.5 491.5 493.9 497.9 499.7 503.9 508.7 515.6 517.7 520.4 520.7 517.7 509.3 502.9 496.1 488.5 487.2 483.6 481.4 484.9 486.1 488.3
545.3 536.6 534.9 528.2 525.4 520.6 522.5 521.1 519.6 524 523.7 523.1 525 525 520.7 520.5 519.1 519.6 515.5 511.4 511.8 511.6 511.3 511.2 509.4 505 501.9 504.6 508.1 508.3 496 489.6 492.2 494.4 498.2 496.5 493.3 493.9 495.8 498.8 499.6 498.7 495 498.1 503.9 504.6 505.4 506.5 507.1 507.1 506.8 507.3 507.5 505 508.6 509.9 500.6 509.1 510.9 515.9 519.2 526.1 535.7 542.3 545.5 545.2 541.3 535.9 525.2 515.2 508.2 497.8 498.7 492 494 495.7 496.7 498.6
556.4 551.6 546.4 541.8 536.6 531.4 533.6 530 523.2 532.2 531.3 532 533.6 532.5 530.2 528.5 528.7 526.3 519.9 520.6 520.1 519.1 519.3 517.4 515.4 505.7 509.2 511.3 510.7 511 501.4 505.4 501.7 504.2 503.9 498.7 497.5 499.6 502 505.6 505.3 504.2 502.4 508.5 511.1 512.6 513.7 514 516.8 516.3 516.7 517.7 517.8 516.2 517.5 520.1 512.6 525.4 530.2 534.4 541 548.8 554.6 561.8 566.7 567.7 562.2 551.3 539.7 527.1 517.2 510.9 505.9 503.8 503.7 503.5 505.8 507.5
567.3 563.8 553 555.6 549.1 548.1 546.9 537.9 531.8 540.4 538.6 540.2 542.4 543.5 541.8 539.7 537.4 534.6 528.9 529.3 528.3 526.3 524.7 522.6 518.7 516.8 516.5 515.4 513.7 512 508.2 510.8 510.4 509.1 508.7 507.4 508.4 508.5 508.8 513.8 515.3 504.5 516.2 517.7 519.6 522.6 523.3 523.4 525.3 526.2 526.3 526.4 527.3 529.4 532.1 533 525.3 540.6 546.3 552.7 558.8 566 577 585.2 584.9 582.9 576.6 568.5 556.6 539.7 527.5 522.3 516 514.3 514 513.5 514.4 515.8
578.5 574.2 569.2 566.5 563.1 562.1 550.2 538.2 542 553 550.8 552.6 555.5 555.9 555 553.8 548.9 544.7 541.5 539.3 537.3 535.5 532.9 530.2 526.1 525 524.4 524.9 523.2 521.1 520.2 518.9 518.7 518.7 518.3 517.6 519.2 516.3 516.9 520.9 519.9 511.8 523.1 527.1 528 530.9 531.9 534.8 533.6 536.6 538.4 544.3 551.8 552.4 553.5 548.2 540.4 552.4 558.8 566.2 576.1 586.1 595 600.2 598.1 594.4 589.5 580.9 568.4 551.7 537.6 532.9 525.7 524.4 523.6 523.2 523.5 524.6
586.6 578.8 580.9 578 576.7 572.8 550.1 552.4 557.9 562.8 561.1 560.9 564.6 569.5 572.2 572.3 565.2 559.8 555.7 551.3 548.3 545.1 542.2 540.4 538.2 536.4 536.7 535.5 534.6 533.2 532.9 532.6 532.1 530.8 530.7 527.8 528.4 523.9 524.1 527.4 528.9 517 533.7 536.6 539.2 539.4 541.8 544.2 547.2 555.1 560.9 570.4 571.2 569 563.3 559.7 550 558.6 570 580.5 592.1 600 605.1 607 606 603.9 598.4 584.5 569.9 557 547.6 542.4 540.2 535.6 534.5 536.2 534.6 536.8
592 597 591.1 591.4 588.6 569.1 558.6 567.9 571.6 570.6 569.6 571.5 574.5 580.1 585.3 585.7 584.1 580.5 577.5 573.9 566 557.8 556.5 553.6 551.3 550 550.1 548.9 547.2 545.6 544.6 543.6 541.3 539.6 539.2 538 537.2 532.3 535.2 534.8 538.1 531.3 524.6 544.7 549.5 549.8 550.7 562.1 573.8 577.5 581.7 587.1 585.2 578.9 571.1 565.8 557.5 569.2 578.5 592 602 609.9 614.2 614.5 613.6 611.6 602.1 588.4 574.2 561.1 554.8 551.4 547.7 544.8 544.3 544 545.8 548
604.8 604.5 600 598.3 592.3 571.3 571.3 583.7 581.8 581.6 587.7 591.6 598.4 601.5 603.7 607.3 606.8 604.2 599.8 593.2 582.7 574.2 572.8 569.3 566 562.4 562.4 560.6 558.8 560 557.5 554 552.1 550.6 549.9 548.6 545.4 539.1 544.3 548.1 549.1 540.2 529.1 552 557.4 560.7 574.7 582 585.7 594.7 594.8 594.7 591.4 585.1 578 574.3 570.7 576.7 586 599.4 612.8 621.1 624.2 622 618.9 612.7 601.6 589 576.4 568.3 562.6 561.1 559 555.8 555.5 555.3 556.4 558.1
613.6 610 607.4 603.1 596.4 578.1 584.3 594.4 598.2 601.9 610.3 615.6 619.4 620.8 621.3 621.6 617.9 613.1 608.1 602.2 593 585.1 579.1 575.7 576.7 575.7 576.3 574.4 568.6 568.3 565.1 562.5 559.5 558.4 557.6 556.5 550.9 548.5 554.3 556.9 556.9 536.1 544.9 561.2 564.3 571.7 581 588 595.1 600.8 603.3 603.1 598.2 591.5 584.7 582.6 583.8 585.7 592.8 605.1 617.9 627.1 629.3 625.9 619.3 612.5 605.5 597.8 587.7 582.7 583.2 578.6 574.1 570.9 568.8 567.8 566.7 567
622.1 616.6 610 606.1 603.9 586.4 595 602.5 608.6 616.8 624.4 633.4 637.6 643 642.4 637.3 631.6 628.1 619.3 611 600 591.9 586.5 582.7 581 579.5 578.1 576.4 572.8 572.2 571.3 569.6 567 566.9 566.1 564.1 560.8 555.4 563.5 564 562.4 539.7 555.3 566.4 572.3 576.2 583.7 594.3 602.3 608.9 611.7 611.1 607.7 600 591.7 589 591.2 594 600.1 610.1 620.1 630.8 635.5 633.9 633.7 632.3 617 603.1 600.4 596.7 597.2 591.6 588.9 585.9 584.2 580.6 579 577.9
625.8 619.8 614.8 612.5 609 597.3 606 612.6 621.6 632.7 641.8 647.7 652.1 653.2 653.3 648.7 642.5 638.1 626 618.9 609 602.1 594.3 588.9 585.3 583.2 581.7 580.3 577.1 575.3 575.3 574.5 574.4 573.6 572.5 567.1 564.9 569.2 570.7 570.5 564 545.9 562.3 573.6 576.6 580.9 589.3 600.2 609.8 617 621.8 624.7 622 612.1 602.4 597.7 599.5 601.4 606.9 616.5 624.7 635.7 643 651 652 644.7 627.4 614.5 613.4 610.8 610.7 606.3 603.4 599.7 596.2 593.3 590.4 587.8
630 626.4 622.7 619.9 614.1 608 614.7 619.7 631.3 642.8 651.2 661.4 669.2 669 665.5 660.3 656.5 649.2 634.8 624.5 618 611.2 604.8 597.7 592.7 593.7 588.5 586.8 584.9 580.2 578.9 579.4 578.7 578.8 578.1 573.1 567.4 573.7 576.1 575 568 555 563.5 576.2 580.1 585.7 595.2 605.1 615.3 622.8 633.1 633.8 631.8 624.2 611.4 605.6 606.9 609.2 616.7 623.3 630.7 640.7 651.1 664.1 666.8 661.1 644.3 629 622.2 620.3 623.3 623.3 619.8 614.5 606.9 602.1 598.4 597
633.7 630.5 628.5 625.6 618.3 616.3 621.1 627.8 638.5 655.3 669.1 676.2 685.4 684.6 682.8 675.3 667.6 656 641.8 633.8 626.1 619.3 615.3 608.5 600.6 598.1 595.4 594.8 595.1 591 587.4 583.9 582.4 581.2 580.5 578.2 573.4 576.8 576.3 571.8 564.7 561.1 566.1 575.1 582.7 590.8 601.5 611.9 624.1 638.7 642.5 644.3 642.1 632.4 620.5 613.9 615.2 619.6 624.4 630.8 636.7 648.7 662.7 672.3 674.1 668.6 651.3 639.4 635.7 636.9 638.6 636.1 634.1 626.8 615.9 610 604.9 602.4
639.8 636.4 634.3 630.7 624.2 624.1 629 635 648.2 668.8 683.7 693.6 700.3 698.3 694.4 686.5 672.5 661 653.5 642.2 633.1 624.8 618.3 612.5 606.7 602.8 603.7 604.3 603.8 601.8 596.3 591.6 587.8 585.3 582.4 576.9 578.7 578.1 572.4 564.5 563 570.6 575.2 580.5 589.9 597.8 609.4 622.6 636 651.2 653.7 654.3 651.7 642.2 630 623.3 622.1 627.5 629.9 636.4 644.2 656.4 668.5 677.3 678.2 668.4 658.5 651 646.5 652.1 650.3 644.2 637.3 630.6 622.8 615.4 611.1 608
649.4 646 641.4 639 625.5 633.9 639.3 645.4 662.3 678.2 695.8 708 710 707.5 702.6 689.7 677.7 666.5 659.5 650.6 639.3 631.1 624 617.4 611.9 609.2 607 606.8 607.6 604.9 601.4 597.7 594.9 591 584.7 580.3 580.4 577.7 568.6 565.9 574.5 579.5 586.8 593.4 608.7 613.6 621.4 633.8 646.7 662.2 665.4 666.3 660.8 650.9 639.3 633.7 630.2 631.7 637 642 649.4 661.4 674.5 679 677.7 668.6 662.6 657.8 650.9 655 653.1 646.2 637.4 629.5 627.3 618.1 616 612.2
659.2 655.1 649 645.8 634.3 641.1 647 656.2 669.8 686.7 710.1 722.2 719.9 716.5 708.7 695.2 685.2 676.3 664.2 652.7 644 638.6 630 625.3 621.9 616.2 613.6 610.2 608.2 605.6 603.1 602.7 600.8 595.8 589.1 582.7 584 573.6 580.5 583.1 587.6 594.7 604.5 614.5 626.9 629.9 638.5 648.6 657.1 672.4 677.3 680 674.8 662.1 652.4 643.2 637.6 636.5 640.8 648.2 654.3 664.5 677.9 682.3 677.1 665.8 659.3 655.6 652.4 654.3 651.6 645.8 632 624.3 620.7 616.4 618.2 617
675.6 667.5 658.5 652.9 639.7 646.3 651.1 660.7 676.7 694.9 724.8 735.6 730.3 720.3 710.9 703.5 695.1 685.5 673.1 660 649.9 642.5 636.4 632 627.5 622.4 618.1 612.7 609.8 606.4 604.4 602.1 600.3 597 590.2 590.7 582.9 578.2 588.4 594 600.5 610.5 622.7 637.3 648.3 652.2 656.2 661.6 671.6 682.1 687.9 693.2 690 673.3 662.9 655.2 648.6 646.4 647.1 653.8 661.9 673.4 677.8 676.7 673.3 660.9 654.2 649.2 650.4 650.5 648.6 638.7 628 617.5 611.1 610.7 612.9 616.7
683.2 676.2 669.8 661.5 651.9 651.4 657.9 668.7 680.4 705.3 725.2 729.7 724.7 716.1 715.1 714.8 703.1 694.2 681.8 666.7 656.2 648.7 641.7 636 631.9 627.2 621.5 616.8 612.2 608.7 604.9 600.9 597.3 595.5 592.8 588 578.2 587.2 593.9 601.8 615.2 627.3 646.5 664.6 671.7 670.3 669.6 672.8 683.7 692 698.2 702.9 701.9 683.1 672.9 661.8 657.7 657.5 654.2 661 671.3 680 677.5 673.9 667.6 656.9 646.8 640.9 644.7 644.7 640 632.3 623.3 613.3 604 605.5 609.6 611.7
689.9 682.9 676.7 668.9 661.6 651.8 662.9 673.3 685 708.9 724.4 728.8 722.2 721.5 726.3 726.8 718.5 703.9 688.2 675.1 664 656.4 648.6 640.6 634.1 629.7 624.1 619.6 614.4 609 604.6 599.8 595.7 591.3 587.4 583.6 587.1 592.7 602 614.8 630.2 649.1 670.4 684.6 686.9 685.8 683.4 682.8 690.3 695.4 702.2 706.8 704.9 693.8 680.9 673.1 665.7 663.4 660.6 669.4 677 678.3 676.5 671.8 663.3 652.7 640.8 633.2 636.5 635.9 630.5 622.5 615.6 609 597.5 593.8 600.8 604.5
697 690.1 682.4 675.2 668.6 659.4 670.6 676.4 691.9 710.7 724.3 726.4 727 732.2 733 729.4 721.2 712.1 700.9 687.8 675.9 668.4 659.2 648.2 638.1 630.1 624.4 619.3 615.5 609.9 604.9 599.6 595.4 589.8 587.6 592 595.6 600.3 612.2 624.6 646.2 672.2 693.2 697.2 696.7 695.2 691.3 688.8 693.8 698 699.5 702.2 703.1 697.1 688.4 679.6 674.3 671.7 668.5 676.3 679.1 676.1 672.3 667.2 660.2 649.2 636.5 625.6 625.2 624.2 619.9 611.7 607.1 601.5 592.5 587.2 591.1 592.9
702.5 694.6 687.7 681.8 675.5 667.6 671.7 680.2 694.1 710.1 722.2 731 736.5 740.9 738.6 734.3 726.7 719.6 709.5 697.2 686.2 675.5 665 655.8 646.6 634.7 625.3 619.7 614.1 610.3 604.1 598.3 592.9 592.7 594.5 597.7 604.8 612.9 625.8 644.8 668.9 695.7 704.3 705.8 703.4 701.8 698.2 690.8 693.2 698.3 696.7 694.5 697.5 694.9 690 679 676.7 677.8 679.3 678.9 678.7 674.6 670 661.7 654 645.3 631.2 621.3 612.7 610.2 606.3 601.3 598.7 593.9 586.1 579.4 582.5 583.1
706.5 702.3 696.6 690.3 683 677.1 674.1 683.1 695.2 710.1 725.6 737.6 747.1 748.7 746.2 743.3 735.8 726.9 716.5 704.1 692 681.6 673.5 663.2 651.1 638.6 629.2 620.9 614.6 610.4 604 597.7 591.2 596 598.9 606.2 614.7 622.7 639.5 660.1 687.4 707.8 712 711.5 709.5 705.2 699.3 690.7 689.3 692.5 689.6 684.2 680.2 681.2 676.8 672.6 671.9 675.7 680.9 679 678.8 674.1 667.5 659.5 649.1 637.2 625.6 616.6 603.3 596.9 591.7 589.6 588.1 584.8 578.5 574.6 575.3 577.4
716.2 707.5 702.7 697.7 691.1 686.6 676.6 686.6 696.6 709.1 726.7 741.3 756.1 758.9 754.7 750.7 744 732.4 725.9 715.3 703 693.7 680.9 668.6 655.6 643.1 634.9 626.7 617.2 611.4 604.8 597.2 596 600.3 606.6 617.7 624.4 633.9 650.8 673.8 701.5 717.1 721 718 715.3 708.8 701.6 692.5 685.6 683.1 680.1 670.9 662.6 657.2 655.9 658.7 661.9 669.5 674.2 673.6 674.2 671.3 664 656.4 647.3 631.9 616.7 607.5 595.9 587.4 579.8 579.1 577.5 574.2 571.1 567.3 569.3 568.7
726.1 714.7 707.8 703.4 696.3 691.2 683.3 689.6 698.8 709.4 726 744.3 759.6 763.4 758.3 753 747 741.1 734.7 724.9 713.2 701.7 687.2 674.1 662.3 649.3 639.7 630.6 622.3 614.1 605.6 597.3 601.4 605.9 613.4 623.6 633.2 646.6 663.2 687.2 707.2 721.1 725.7 723.7 718.7 711.4 703.5 693.7 682.8 673.4 666.5 657.1 648.9 641.1 642.7 649.4 655.9 663.6 666.6 668 664.7 661.2 657.3 651.4 643.3 624.9 611.6 599.7 588.8 581 573.6 568.1 567.4 564.3 562.7 559 560 561.3
734.6 727.4 721 710.1 704 697.3 688.8 695.9 701.9 712.8 726.9 742.2 756.6 762.2 760.8 753.2 748 745.3 742.4 733.9 720.6 707.5 694.6 681.1 669 655.6 643.6 634.9 626.1 617.6 608.4 600.1 604.5 612.1 620.6 630.7 642.1 654.8 673 696.9 715.5 725.6 728.1 727 721 712.7 702.7 693.1 682.7 671.9 658.1 644 634.4 629.9 631.9 637.7 648.8 657.2 659.3 657 654.1 648.5 645.5 642.1 631.1 615.2 603.8 593.2 582.6 574.5 568.1 560.7 558.9 558.1 555.2 552.7 551.6 555.3
755.2 740.6 731 717.9 709.4 702.2 699.7 703.9 707.1 716.6 729.7 744.3 753.9 763.6 762.5 758.6 750.4 746 740.6 732.3 725.2 713.5 699.8 686 674.4 661 649.6 640.3 629.2 621.9 613.8 605.9 609.1 617.2 625.6 637.3 648 663.2 681.6 704.7 720.3 730.7 731.3 731.2 725.3 715.8 705.8 693.1 680.3 667.2 652.5 636.1 622.7 619.4 623.1 625.6 636.1 645.2 645.7 643.7 639.4 634.6 629.4 625.1 616.2 606 594.9 587.1 575.9 570.2 562.9 555.9 551.6 550.6 549.5 546.3 546.1 552.2
766 751.2 735.8 726 715.5 706.7 707.3 712.2 719.4 727 737.2 747 757.2 765.3 771.7 769.5 759.9 748.4 742.1 732.4 723.7 714.9 703.9 689.8 676.6 664 652.4 643.3 634.2 626 618.4 610.8 613.6 621.7 631.8 642.2 652.9 666.7 685.6 707.4 721.3 728.8 730.9 729.7 725.2 717.7 707.3 695.4 680.4 664.3 641.9 627.1 616.9 610.5 610.9 612.8 620.8 625.3 631 627.7 624.1 615.7 612.8 606 599.1 593.5 588.9 582.2 574 565.6 557.6 550.1 545.4 542.3 541.3 538.8 541 546.8
771.4 757.5 744.1 727.8 719.8 711.5 715.6 719.1 728.3 737.8 746.4 754.7 763.4 770.3 775.7 771.7 768.1 765.6 755.2 742.4 728.5 715.4 703.5 693.5 680.6 667.6 656.9 647.3 638.4 631.4 624.7 617.9 617.8 625.5 635.5 645.9 657.5 670.9 688.4 709.9 726.7 732.4 730.8 726.8 723.3 717.4 709.8 695.6 681 663.4 643.7 624 611.6 603.1 600 600.1 604.9 609.2 613 609.5 606.3 599.3 597.1 592.3 585.4 579.5 576 572.8 568.7 561.3 553.3 545.6 540.4 534.9 532.8 532.1 534.1 540.2
776.3 763.2 748.7 732.7 725.3 717.4 722.7 727.2 736.1 746 754.7 762.6 770.5 774.6 775.1 778.7 779.1 775.3 765.9 753.5 738.9 721.8 706.5 691.4 681 669.4 659.4 651.4 642.8 636.5 630.3 623.9 618 627.7 637.8 648.8 660.4 674.1 691 714.5 731 735.3 731.8 726.9 720.1 711.1 704.1 694.5 679.2 662.7 644.6 624.7 609.3 600.2 591.9 589.6 590.4 592.4 594.4 593.4 591.4 585.8 585.8 582.9 578.5 571.4 570.8 570.7 565.1 558.3 550.5 543.2 536.1 530.1 527.8 527.4 524.3 529.5
781.6 769.1 753.1 738.8 727.1 726.1 729.6 736.2 745.3 754.6 761.9 769.2 773.8 776.9 782.3 788.7 785.8 778 767.4 758.3 745.2 728.8 711.8 696 681 670.8 662.4 654.4 648.5 641.3 635.3 627.4 625.3 630.8 639.6 651.2 663 675.9 693 716.2 730.3 733.4 729.8 727.3 721.9 708.6 694.1 685.6 674.5 660.4 641.8 625.1 609 598.5 590.4 584.8 583.9 583.9 584 583.3 581.7 578.6 578.5 575.5 571.3 568.8 565.6 565 562.3 555 548.7 540.3 534 528.1 521.8 522.3 520 519.1
780.9 770.9 756.8 744.3 737.4 733.5 736.1 745.7 755.1 763 768.7 774.8 780.3 787.4 793.5 796.3 790.8 781.1 773.7 760.3 746.1 731.8 717.6 701.1 686 673.6 664.6 658.1 651.4 646.6 638.9 632.4 633.5 633.3 641.2 651.9 664.6 679 694.1 713.2 726.9 730 727.4 724.4 720.1 706.6 690.2 684.1 673.5 657.9 643.5 627.2 610.4 597.6 589 584 580.9 579.7 578.1 575.8 574.9 575.1 574.3 572.8 569.9 567.2 564.3 557.7 556.5 552.9 546.8 538.5 530 525.6 518.3 517.8 517.6 514.2
783.2 774.1 763.5 751.4 744.9 741.9 746.9 757.4 764.5 771.9 776.8 781.8 788.4 797.9 804.3 804.6 797.2 790.6 781.2 761.8 746.3 731.7 717.4 704.7 691.2 678.3 670.3 661 654.9 650.2 645.6 641.8 640.8 639.1 643.4 653.7 666.2 680.6 695.6 710.7 722.5 724.6 722 717.7 712 700.1 686.4 678 672.3 657.9 642.9 625.3 610 600 593.7 585.9 581.6 579.7 577.2 573.9 572.4 571.9 572.1 570.4 567.3 566.2 559.8 556.5 550.5 545.6 540.9 534.2 525.4 523.2 515.1 515.7 513.8 510
788.8 779 769.7 762.1 754.8 753 756.4 766.3 773.7 782.5 785.3 792.6 803.5 809.1 814.7 816.4 812.2 804.7 788.4 768.1 741.1 731.7 716.4 704 692.3 683.3 674 665.1 658.7 654.7 651.4 649.4 648.3 646.8 645 653.9 666 680 695 710.5 714.5 715.5 714.6 710.5 702.4 689.5 678 667.1 664.5 655.3 642 625 609.6 603.5 597.6 590.5 585.4 581.1 577.2 575 574.2 571.2 567.4 565.7 563.9 562 556.5 553 548.5 538.8 533.8 528 525 522 517.6 509.1 509.7 506.6
793.4 785.5 778.4 771.8 764.8 762.9 765.6 773.7 782.5 790 795.6 805.2 816.2 821.5 825.3 825.2 821 812.9 799.1 767.2 742.7 735 718.3 705.5 695 686.7 679.1 672.3 664.1 660 656.9 656.2 656.1 655.1 652.3 655.7 666.2 680 694.1 709.5 715 710.6 710.7 705.7 697.5 683.1 670.6 659.6 653.4 646.6 638 624.5 613.4 606.9 601.5 597.4 594.7 586.9 580.1 577.4 576 572.7 570 567.5 562.8 556.5 552.8 549.1 547.4 545.3 540.5 533.3 526.7 521.9 519.1 515.7 507.4 505
