public/OST50/NN76.asc
ncols 200
nrows 200
xllcorner 270000
yllcorner 760000
cellsize 50
[rows 70 to 104 of 200, columns 78 to 155 of 200]
402.9 404.2 405.8 405.5 404.6 403.5 404.6 409.4 413.3 418.6 422 425.1 427.6 429.4 430.6 431.9 433 434.2 435.4 435.1 435.2 436.1 437.4 438.4 440.2 442.1 443 443.8 444.4 444.5 442.9 440 436.8 433.8 429.2 424.9 423.3 421.7 421.3 422.1 425.7 422.9 417.5 411.4 406.1 397.4 392 388.2 383.7 384.4 380.6 377.6 377 374.3 372.8 371.4 368.7 365.6 360.6 358.7 355.6 350.8 347.2 344.6 339.6 338.7 333.5 333.3 330.5 328.9 324.5 323 317.7 314.5 314.9 313 307 308.1
401.6 404.8 406.3 404.5 403.2 402.4 404 407.7 411.8 417.3 420.6 423.2 425.2 427 428.5 430.2 431.4 432.5 433.9 433.6 433.2 433.9 435.3 436.7 438.1 440.3 442 442.9 444.2 445.3 444.1 440.2 437.4 435.2 433.8 432.6 429.6 428.2 425.8 426.9 425.3 421.6 418.1 412.2 406.4 398.8 398.2 393.7 389.8 386.5 386.5 385.7 385.5 382.9 382 381.5 382 377.3 372.5 367.9 365.6 360.9 359.7 357.6 353 351.4 347.3 344 340.7 336 332.2 330.2 326.5 324.9 323.9 324.3 318.4 318.8
399.6 405.3 406.1 403.8 401.7 400.7 403.5 406.2 409.3 416.5 419.5 421.8 423.9 425.2 425.6 427 428.5 429.7 432.1 432 431 431.5 432.5 434.4 435.9 438 440.1 441.4 442 443.6 443.9 440.4 439.1 437.2 436.2 437.2 436.3 434.7 434.7 433.9 430.4 426.4 421 414.4 407.2 403.9 401.3 400.2 396.1 393.3 393 392 390.9 389.2 388.3 390.2 389.7 385.8 381 377 374.4 370.8 368.8 368.1 366.5 364.4 360.7 354.8 351 346.2 342.2 340.1 335.5 335.5 334.2 330.3 326.3 326.1
396.9 401.4 403.3 403.3 401 399.5 400.8 404.1 408.5 414 417.3 419.9 422 423.2 424.2 424.8 426.1 427.1 429.3 428.3 428.3 429.3 430 431.3 433.2 434.9 437.3 438.7 439.9 441.9 441.2 440.8 439.6 438.9 437.7 437.6 437.3 436.6 436.5 438.6 435.9 429.8 425.1 419.8 413.3 406 404.9 405 399.1 397.4 399.3 397.5 396.1 395 396.4 395.8 393.6 391.3 387.5 383.2 380 376.9 376.4 377.1 377.1 373.7 370.7 367.9 363.5 356.5 354.2 348.7 348.2 345.5 339.4 337.8 337.9 333.9
394.1 399 401 400.4 399.4 397.7 398.7 402.1 407.5 410.9 415.2 417.8 419.8 421.2 422.5 423.4 423.6 424.5 426 426.4 425.6 426.2 427.1 428.5 430.1 431.9 434.4 435.9 437.4 439.2 440.9 439.2 438.4 438.1 437.6 436.9 436.5 436 436.2 439.3 436.5 432.5 428.2 423.1 417.2 410.8 406.5 405.2 404.1 402.6 404.9 403.9 407.4 411.9 406.6 403 399.7 395.3 392.1 388.8 383.3 381.2 382.5 384.6 384 381.4 378.1 376.1 372.6 370.6 365.3 361 360.7 354.6 351.8 349.4 346.3 340.7
389.8 395 397.7 397.3 398 396.7 397.7 401.3 404.7 408.3 411.9 414.7 416.7 418.8 420.3 421.5 421.6 421.5 421.3 422 423 423.1 424.7 425.5 426.9 428.6 430.9 433.1 435.2 436.6 439.1 438.2 437.2 436.5 436 435.6 435.4 435.5 435.1 435.3 433.7 431.9 429.1 425.4 421.2 417.4 411.8 410.8 409.8 407.1 406.8 410.3 416.1 414.2 411.2 407.9 404.4 401.2 397.1 392.5 391.4 392.2 393.1 391 388.9 385.6 382.6 379 379.2 378.8 376.9 374.4 371.4 367.8 363.6 361.1 357.2 350.9
386.7 391.1 393.8 394.1 395.3 394.3 396.6 399.7 403.3 407 409.7 411.5 413.6 415.2 417.1 418.4 418.8 418.6 419 419.2 419.5 420.6 422.2 423.5 423.8 425.4 427.4 429.2 430.8 433.7 435.5 434.8 434.4 433.7 433.8 433.7 433.5 433.6 433.6 437.1 435.5 434.1 431.2 429.6 427.5 424.7 421.2 417.7 414.6 411.7 409.5 414.1 415.9 415 412.7 409.8 405.5 402.6 399.5 396.7 396.8 398.7 397.1 394.3 391.3 388.6 383.4 382.3 383 385.5 385.4 384 380.8 377.5 374.6 371.7 367.3 362.3
386 389.1 390.7 390.4 391.4 390.6 393.8 397.8 400.7 404.7 407.9 409 410.1 411.7 413.3 414.6 414.9 415 415.4 415.9 416.7 417.4 419.4 420.2 421 421.8 423.5 425.2 426.7 429.3 433.5 432.2 431.4 430.2 429.7 430.2 431.4 432.3 432.6 435 435.4 434.8 433.6 432.1 430.1 427.4 423.8 421.5 419.6 418.4 416.4 418.5 419.7 417.3 415 411.4 407.7 407.5 408.7 406.8 404.4 401.9 398.8 395.9 393.2 391 389.7 390.9 390 393.5 392.9 391.7 389.8 387.7 384.7 380.4 376.9 372.2
383.5 387.8 387.9 386.8 388.2 387.2 390.3 394.6 397.8 401.8 405.7 406.8 408.9 410.3 411.3 412.2 412.7 412.4 411.7 412 412 413.6 414.9 416.3 417.6 418.2 419.7 421.3 423.3 425.8 427.4 428.9 428.8 427.8 427.3 426.8 428.5 431.4 431.6 433.6 434.8 435.5 434.5 432.3 429.9 427.6 425.1 425.5 426.1 425.4 425.8 425.8 423.6 420.9 417.6 414.5 414.2 414.5 415.3 413.3 411.6 407.9 404 400.5 396.8 394.4 395.3 395.5 399 399.6 399 399.3 397 395 391.3 388.2 384.9 381.2
382.1 384.8 385.2 384.7 385.3 383.8 385.5 390.9 395.5 397.8 400.9 403.3 406.6 408.7 409.9 411.5 413.3 412.9 411.1 410.3 410.3 409.7 410.6 411.2 412.3 413.5 414.7 416.6 418.3 421.2 423.4 422.8 423 423.1 423.5 424.2 427.2 430.6 430.6 431.2 432.7 433.5 433.1 431.9 430.7 430.2 429.7 430 430.4 429.5 428.4 427.7 427.2 425.4 423.8 421.9 421.5 419.2 416.9 414.7 413.1 410.8 407.8 404.1 402.3 401.8 400.7 402.4 402.5 401.9 401.2 404.1 403.5 401.8 398.9 395 392 388.1
380.9 382.9 383.3 383.2 382.1 382.6 384 386.2 391.9 394.6 396.4 398.5 402.2 404.5 406.3 409.5 411.3 410.5 409.8 408.8 408.4 407.4 407.5 407.9 408.2 409.2 410.2 411.2 412.8 414.7 417.8 417.7 418.4 418.5 419.4 420.6 422.6 426.5 428.4 428.9 429.5 430.4 431.2 431.6 432.1 432.8 434.6 436.6 433 430.5 427.6 426.8 427.2 427.3 427.1 427.9 426.2 423.2 420.1 416.5 415.6 413.8 411.5 410.6 412.1 409.1 407.3 407.1 406 403.9 406.2 407.2 406.2 405.1 402.7 400.1 398.6 395.5
380.1 381.1 381.2 381.6 380.3 380.5 382.3 383.5 387.1 389.9 392.3 394.7 397.3 399.7 402.3 405 406.9 406.8 406.2 405.3 405.2 404.6 404.3 404.7 404.3 404.4 404.5 405.8 408.4 409.9 413.8 413.2 413.6 414.4 416.3 417 418.7 421.4 424.5 425.8 426.6 427.7 429.4 430 430.4 431 434.9 431.3 429.8 427.7 425.8 425.8 427.3 428.2 427.9 426.8 425 423.1 421.3 419.4 420.1 420.9 422.9 421.1 416.8 413.6 413.8 411.9 409 408.7 411.7 411.4 410.4 408.3 407.1 406.2 405.4 402
379.4 380.4 380.2 379.7 378.3 378.9 379.9 381.4 383.3 384.9 387.8 389.7 392 393.4 396.8 399.1 401.4 401.7 402.5 401.9 402 401.7 401.4 401.5 400.5 400.7 400.7 400.6 404.1 408.5 409.9 410.5 410.8 411 412.5 413.7 415.4 418 418.7 421.2 423 424.3 424.9 425.9 426.7 426.7 425.1 424.8 424.8 424.1 425 426.2 428 428.5 427.5 426.4 424.4 422.3 421.3 423 425.6 430.9 431.1 428.5 422.4 419 417.2 415 416 414.5 414.3 413.3 413.3 412.5 412.2 412.2 411 407.6
378.3 379.1 378.7 377.8 376.5 376.8 377.8 379.6 381 383.7 385.5 387 388.4 389.1 391.4 393.6 395.2 395.3 396.2 396.9 397.8 398.2 398.8 398.1 397.7 396.9 396.3 397.1 401.3 412.7 411.1 408.8 408.4 407.9 408.7 409.5 411.9 413.8 415 416.6 418 419.9 420.4 422.5 423.3 422.6 422.9 421.1 422.1 423.9 425.4 428.3 429.8 429.5 428.6 427.3 424.6 423.6 425.3 426.3 427.2 429.5 429.8 426.3 423.5 422 417.9 417.3 417.6 417.8 416.8 415.2 415.7 417.2 416.8 415.2 412.8 408.9
375.1 376.1 376.2 376.2 375 375 375.6 377.2 378.4 379.9 383.3 385.4 387.3 387.7 388.8 389.1 389.4 390.2 391 392 392.8 393.1 393.5 394.3 394.9 393.3 393.3 394.3 396.5 401.9 408.1 407.3 405.9 405.7 406.6 406.7 408.4 410.2 411.1 413.7 414.6 416.7 419.5 421.3 420.8 419.4 418.3 417.4 420.5 422.9 426 427.9 429.6 429.7 429.3 429.2 427.8 428.6 428.9 429.6 431.4 431.1 426.6 425.4 424.2 422.2 421.6 421.6 423.1 424.4 421.4 419.3 420.2 422.1 422.3 418 414.7 411.8
371.9 371.6 371.9 373 372.5 368.6 373.7 375.3 376.3 378.5 381.8 383.8 385.6 385.8 388.3 389.3 388.6 388.2 387.6 387.6 387.8 388.2 388.7 389.8 389.2 389.6 389.9 392 392.9 397.6 403.3 402.6 403 403.3 403.3 403.9 405.3 406.1 407.7 409.2 410.9 415.3 418.3 419.4 417.8 416.4 414.7 413.9 416.7 420.3 422.8 425.2 428.6 429.7 429.3 429 429.5 431.1 433.4 433.7 432.6 430.2 427.2 426.4 425.6 424.6 425.6 427.5 431.5 430.4 427.3 423.2 426.2 426.8 424.1 420.5 417.2 415.8
368.1 368 369.5 368.5 369 365.8 371.9 375.2 376.8 377.7 380.3 381.2 383.2 383.7 385.9 389.5 388 389 388.1 387.2 386.2 385.6 384.8 384.8 385.9 386.6 386.7 388.8 390.1 393.3 398.4 398.4 398.7 399.4 400.4 401.3 402.2 403.4 404.3 404.2 409.5 413.8 417 415.6 413.5 413.1 412 412.8 415.3 418 419.8 421.7 428.3 429.5 430 430.9 431 433.8 434.4 434.2 432.1 429.1 427.5 427.1 426.6 427.8 430.3 428.7 432.8 431.2 430.1 427.8 427.9 426.6 425.1 423.4 422.8 421.9
363.6 363.4 364.7 365.4 363.2 363.5 369.3 373.5 375.9 377.3 379.7 380.6 380 381.2 384.2 384.4 384.3 386.2 386 385 383.9 383.1 382.6 381.5 382.7 383.9 383.6 383.7 384.1 388.4 394.4 394.5 394.3 395.6 397.6 399.1 400.5 401.7 402.3 403.5 407.8 411.9 411.9 410.9 411.1 410.6 411.1 414.3 416.3 417.5 419.1 421.5 428.4 429.9 430.5 430.2 432.1 433 433.4 432.4 430.4 428.6 429.3 429.4 428.1 429.8 432.4 430.8 431.9 431 431.6 431.3 429.6 427.2 426.2 425.5 427.1 425.4
361.1 360.5 361.5 362.5 360.1 361 367.4 371.1 372.2 373.7 376.9 377.4 378.1 377.4 382.5 382.8 382.5 383.2 382.4 381.4 381.1 380 379 377.2 378.7 376.9 377.8 378.7 378.6 380.9 383.7 389.3 390.1 391.1 394.7 395.7 397.8 399.1 400.8 403.1 407.5 407.7 408.2 409 409.3 410.1 412.1 415.5 416.9 417.9 420.2 423 428.2 429 430.5 429.3 430.9 432 432.4 430.6 427.7 428 430 431.2 432.3 433.4 433.5 433.3 432.4 432.5 432.5 433.1 430.8 428.6 427.6 427 427 426.1
358.6 359.2 358 359.1 357.1 360.6 366.6 368.3 370.2 371.4 373.5 374.5 373.6 375.3 379.2 382 381.3 380.6 379 378.6 378.2 377 375.7 375.1 374.4 373 372.1 371.7 371.9 373.2 376.2 380.9 382.7 388.1 390.6 392 394.5 397.3 399.1 403.1 403.7 405.3 406.7 408.4 408.9 410.4 412.8 414.9 416.4 417.9 423 425.1 427.2 428.2 429.1 429.9 431 430.8 429.8 427.7 425 426.5 428.4 429.6 430.3 431.7 432.9 433.2 433.4 433.3 435.8 433.3 431.3 429.9 428.2 427.1 426.4 425.3
356.2 355.9 356 354.3 357.4 360.1 364 364.9 365.1 368.6 369.8 371 370.1 371.7 375.4 377.8 379 377.9 376.2 375.7 375 373.8 372.4 371.3 370.9 370 368.6 368 367.8 368.3 370.8 373.7 378.1 383.6 386 388.8 391.4 394.5 397.1 398.5 400.1 403.5 405.4 407.5 409.3 410.4 412.8 414.2 416.2 419.6 424.4 425 426.8 428.3 429.3 430.8 430.3 428.8 426.5 424.3 423.4 423.7 424.4 424.6 427.2 428.7 429.7 431 431.4 432.3 433.2 433.9 432.7 431.2 429.4 427.7 426.1 425.2
351.7 354 353.6 351.9 355.8 358.1 361.3 362.7 362.6 364 366.9 367.5 366.2 367.9 371.4 372.3 375.5 374.6 373.3 372.1 371.1 369.9 368.7 368.3 367.4 366.9 366 365 365.3 364.2 364.6 368.8 373.3 376.3 381.6 384.2 386 390.3 393 395.4 398.7 400.9 403.9 408.5 409.9 411.2 413.1 415.7 418.4 421.4 423.4 424.8 426.9 428.5 430.2 430.4 428.1 425.7 423.2 422 419 419.1 417.8 419 421.3 423.4 425.6 426.7 427.7 429.3 430.8 430.6 431.2 430.1 429.9 428.7 426.9 424.5
346.4 346.5 346.5 347.3 350.7 354.1 356.8 359.1 359.1 359.3 361.3 363.4 363.6 365.5 368.5 370 372 371.2 369.7 368.2 367.1 366 364.8 364.7 364.1 362.5 360.6 361.3 362.2 361 360.6 364 367.8 371.9 376.1 377 380.8 386.5 390.4 394.3 400.1 404 405 407.9 410.4 411.5 413.9 416.5 419.4 421.8 424.7 427.9 429.6 429.6 430.6 428.9 426.4 423.6 421 417.4 414.7 413.8 412.7 413.8 416.4 417.9 419.6 421 422.4 423.2 425.1 425.9 427.8 428 427.8 427.1 426.2 423.6
337.3 338.7 336.9 341.3 345.1 347.2 350.4 353.4 355.1 355.4 357 358.6 360.6 362.8 364.9 365.2 367.7 367.8 366.5 365.1 363.6 362.4 361.2 360.1 359.1 358.4 357.1 357.3 358 357.2 356.6 358.7 364.7 368.5 372.1 373.2 379.4 386.3 389 393.3 399 403.7 405.9 408.9 410.9 411.5 413.2 417.1 421.5 424.7 427.6 431 430.9 429.7 428.7 426.4 424.8 421.4 418.1 415.1 412.9 410.1 407.9 407.2 408.6 411.7 413.6 415.6 417.2 418.1 418.4 419.7 421.9 423.1 423.6 422.8 422.1 420.9
326.5 330.1 330.3 336.1 337.2 340.9 344.3 347.7 349.8 350.2 351.8 354.7 356.2 358.7 360.5 361.5 362.8 364.3 363.1 361.7 360.4 359.2 358.1 356.9 355.6 353.8 353.9 353 353.4 353.6 353.7 357.9 363.4 366.3 368.1 372 379.7 384.4 385.6 392.4 397.6 401.1 405.5 409 410.3 410.6 412.2 416.1 423.2 427.5 427.3 429.9 428.3 425.6 424.3 423.7 420.5 418.3 414.9 413.2 410.5 406.9 402.8 399.5 401.4 406.1 408.5 410.1 412.7 415 413.6 412.5 413.4 414.2 415.2 415 415.3 413.4
318 321.5 324.4 328.9 331 334.8 338.4 341.6 343 344.6 346.4 348.9 352 353.3 355.2 356 357.2 359.6 359 357.8 356.5 356.1 355.1 354.1 352.8 352.1 351 349.2 350.7 350.7 351.3 358.2 361.6 362.8 367.2 370.1 373.7 376.5 386 389.6 394.2 400.3 405.3 408.4 408.7 408.5 409.5 415.6 420.9 423.8 425.6 424.2 422.7 420.6 420.9 418.4 414.6 413.9 412.1 409.1 407.5 404 398.4 394.6 395.8 398 398.9 405.2 407.5 411.3 408.1 407.9 407.9 408.7 409 408.2 406.7 405.1
308.5 309.1 318.3 321 324.9 328.6 332.1 334.4 336.6 339.2 341.3 342.9 345.4 348 350.3 350.7 351.4 353.7 350.6 353.3 353.2 352.5 351.9 351.2 350.2 348.8 346.8 344.6 348.7 348.5 348.3 351.6 357.1 359.9 364.7 367.5 374.6 380 381.3 385.3 391.6 397.2 401.1 402.8 405.4 404.6 407.3 413.3 416.5 420 419.7 417.6 414.9 413.2 413.6 411.7 414.7 412.2 408.9 405.7 403.3 399.6 393.4 389.8 390 392.7 394.1 400.5 401.5 401 401 404.1 403.3 402.5 403.3 403.1 401.5 399.4
300.9 304.2 309.5 312.5 317.3 321.5 325.4 327.4 329.5 332.1 333.7 335.8 338.2 341.7 344.4 343.9 346.8 346.2 348.7 349.2 349.1 348.6 348.1 347.6 346.8 346.3 344.3 338.7 346.3 346.8 347 353.7 356.4 357.9 360.1 364.7 370.8 375.8 378.9 382.4 389.4 391.3 398.1 400.6 400.9 402 405.8 408.2 409.2 410.4 410.1 409.4 408.7 413.1 409.9 408.8 409.5 407.8 405.8 402.3 397.6 393.6 387.4 383.2 384.5 388.9 389.2 390.8 392.4 394.4 400.6 401 400.5 399.6 396.3 395.1 394.3 394
290.3 295.7 300.3 304.4 307.8 312.6 317.3 320.1 321.7 323.1 325.9 328.6 331 333.6 336.2 336.4 337.8 341.1 343.6 344.1 344.4 344.4 344 343.9 343.6 343.1 339.6 337.3 343.2 343.6 345.5 351.5 357.6 358.8 359.5 362.7 367.6 369.3 374.9 381 387.1 388.9 393.9 394.2 396.5 397.1 399.2 401.3 401.8 400.7 401.9 404 406.9 407.2 405.6 404.1 402.7 399.7 397.9 394.9 390.2 387 382.1 377.6 379.3 383 384.7 385 387.5 392.5 395.9 394.9 394.7 393.3 391.8 391.4 388.2 388.6
282.3 289.3 291 296.4 300 303.9 308.3 310.8 312.7 314 317.2 320.7 322.9 325.7 327.8 330.4 332.1 333.7 336.4 336.9 338.2 338.9 340 340.2 339.9 340.3 339.1 333.7 340.3 340.1 343 348.7 355 358 359.9 361.3 362.8 367.6 371 378.1 383.7 385.5 387.7 390.7 390.4 392.6 393.9 394.8 394.8 395.4 398.3 400.2 401.2 401.6 399.6 397.3 394.9 391.5 389.2 387.4 383.1 381.8 378.8 375.2 376.6 379.2 380.6 382.4 387.4 387.9 387.1 387.2 384.7 385.1 384.2 384.1 380.7 381.5
278.3 282.6 287.4 288.9 292 295.4 299.1 302.8 305.1 306 309 312.2 314.6 317.8 319.6 322.1 323.8 325.1 328.9 329.9 331 332.7 334.1 335 335.4 334.8 330.6 332 337.3 337.7 341.1 347.2 352.3 357.2 358.2 358.7 360.6 366.1 370.7 376 381.1 382.3 382.9 385.5 385.6 387.6 390.1 391 392.3 392.2 391.7 395.2 395.3 394.5 392.7 391.1 388.7 384.5 383 381.6 378.5 379.4 378.9 375.4 373.7 376.3 378.5 383.5 384 383.5 382.6 380.3 378.1 379.4 377.3 375.1 372.6 371.5
271.3 273.1 278.8 283.5 284.3 288.6 294.1 296.2 293.5 297 301.8 304.3 307.6 309.5 311.5 313.1 315 318.6 321.1 323 324 325.5 327.4 328.7 329.7 329.8 320.5 324 333.5 334.3 338.9 341.2 344.2 351.3 353.9 355.6 358.2 363.1 367.6 372.4 374.8 375.7 377.7 380 381.2 383.8 387.5 386.6 385.1 386.6 387.6 391.6 391 390.4 388.4 386.4 383.3 380.4 376.8 375.1 376.8 377 374.6 368.8 368.9 373.6 375.9 379.6 381.1 382.3 380.2 377 373.8 372.5 370.1 368.3 364.4 364.8
264.3 266.2 269.4 272.8 275.7 277.3 284.2 284.6 288.4 292.1 293.7 296.5 298.7 301.6 304.5 304.8 308.8 311.5 313 315 317.8 318.9 320.6 322.1 323.5 320.8 310.3 324.1 328.6 328.9 332.9 335.7 339.7 344.2 347 352 355.8 361.3 364.2 368.2 369.1 370.3 376.3 376.9 377.4 378.5 379.6 379.3 379.9 383.8 385.2 385.9 383.7 383.8 381.2 378.7 379.3 375.1 372 371.8 368.9 370.5 368.8 361.5 363 365.8 371.2 373.6 379.5 378.1 374.8 372.3 370.5 368.7 367.2 363.7 361.9 364.9
258.2 259.6 261.6 264.2 266.6 267.8 273.3 280.3 282.5 284.3 286.8 289.9 289.9 294 297.7 299.4 301.8 304.3 306 309 310.9 313 314.1 313.9 316.7 312.8 310.3 314.9 319 325.3 328.3 331.6 335.8 341 343.7 346.5 349.2 354.7 359.5 362.2 363.4 365.7 373.1 373 371.9 372.6 374.6 371.8 373.9 378.6 378.4 379.2 375.5 373.1 372.9 370.7 370.4 369.2 367.1 365 362.4 364.1 359.8 355.8 356.8 361.1 366 367 370.1 370.2 367.6 366.1 364.8 363.1 362.2 357.7 357.7 361.6
251.3 250 256.1 259.4 257.8 260 265.9 273.1 275.1 276 278 281.2 282.8 285.6 289.8 293.1 295 297.6 299.8 302.5 304 307.1 307.8 302.3 306.9 302.9 306 316.5 319.1 320.1 322.8 326.4 329.5 334 337.9 342 345.1 350.8 355 358.1 360 361.8 364.2 364.7 365.2 367 366.8 369.5 371.3 372 372.5 370 367.4 367.6 370.1 368 365.3 362.9 360.9 359.2 356.5 353.6 352.4 347.5 348.5 348.6 356.1 360.6 360.1 361.1 360.2 358.9 356.6 356.1 354.1 352.7 348.6 351.1
