public/OST50/NN76.asc
ncols 200
nrows 200
xllcorner 270000
yllcorner 760000
cellsize 50
[rows 35 to 69 of 200, columns 78 to 155 of 200]
457.2 460.5 463.8 467 469.4 472.9 473 473.9 474.8 476 478 480.9 483.5 484 481.1 476.8 473.6 468.7 463.9 459.5 456.4 452 447.4 443.3 439.7 437.1 434.4 432.6 430.5 427.2 423.3 419 414.9 408.5 403.5 395.7 389.4 380.1 371.7 363.8 356.2 348.6 337.8 333.8 330.8 324.5 320.7 322.7 319 319.9 318.2 310 302.1 301.7 295 286.7 279.4 274 266.7 257.8 247.2 242 237.6 222.4 244.1 256.7 263.5 273.1 285.8 293.9 299.5 305.7 309.5 315.4 318.4 324.4 326.4 329.2
463.1 466.9 470 474.3 478 480.6 480.4 481.1 482.9 485 487.6 491.7 494.9 492.5 489.1 484.4 480.2 474.7 469.8 465.4 462.2 457.3 452.7 448.1 443.8 439.5 436.8 434.3 432.8 430.8 427.5 423.3 420.2 415.1 409.5 402.3 394.5 385.8 378.3 369.9 360.1 353.1 344.2 333.9 331.7 328.1 322.2 323.2 323.1 322.2 317.5 311.8 306.5 304.3 297.9 288.7 281.2 274.9 268.7 257.4 247.1 239.7 237.4 222.4 246.5 255.8 267.5 258.6 283.9 291.9 297.5 304.1 304.6 306.6 310.3 315.1 319 322.9
466.9 471.5 475.5 479.7 484.4 486.1 486.2 487 490.2 494.1 497.9 501.3 504.2 501.6 497.4 491.5 486.9 482 476.6 471.9 470 464.1 457.8 453.1 448.6 444.3 440.4 437.1 435 433 430.8 426.3 422.7 419.3 413.8 407.4 400 390.9 383.5 374.8 366.2 359.1 350.1 338.8 329.9 324.9 326.5 325.2 324 323.2 323.3 314.3 309 303.7 297.8 291.4 286 276.8 268.4 258.4 247.7 241.4 236.5 222.4 247.3 255.5 267.9 258.8 279.5 290.1 296.5 300.6 304 304.5 304.4 307.1 310.4 313.9
468.5 472.8 477.9 481.6 485.9 488.8 490.4 492.6 496.5 500.4 504 507.5 510.3 510.3 505.4 498.7 493.6 488.1 483.4 483.8 478.3 470 463.2 457.8 453.3 449.4 445.7 441.4 438.7 435.7 433.3 429.8 425.9 421.5 416.5 410.4 403.3 394.8 387.1 380.3 372 363 354.8 346.5 335.1 326.5 329.2 326.6 325.9 323.5 321.1 315.7 310.4 304.9 297.9 295.1 286.9 277.3 269.5 259.1 248.6 240.1 239.4 222.4 244.4 251.1 261.3 268.2 262.5 286.1 293.1 298.3 299 301 302.7 302.7 304.6 306.1
469.7 473.7 477.4 481 486.2 490.2 493.4 496.4 500.2 504.7 509.1 512.5 516.2 516.8 511.4 504.6 498.4 494.6 491.2 495.5 484.9 475.5 468.7 463 458.1 454.1 451.1 446.7 443 440.1 436.1 431.8 428 423.8 417.7 411.4 405 397.6 390.2 381.5 374.6 366.9 359.4 352.6 343.5 333.6 331.9 330.1 327 324.9 320.3 316.2 313.7 305 299.1 293.9 287.1 278.1 273.3 259.9 251.5 242.6 234.9 221.5 237.2 245.6 252.9 265 258 276.6 289.7 292.2 301.5 296.7 296.9 300.2 301.5 301.8
469.9 473.6 477.5 480.9 484.8 490.6 494.5 498.4 503.2 507.9 512.5 517.4 520 519.6 514.6 507.5 501.9 497.5 497.3 497.8 489.4 479.9 472.4 467.6 463.4 458.9 455 450.8 447 445.3 441.4 435.8 430.1 425.1 419.3 413.5 406.8 399.8 391 384.5 376.6 370.7 363.6 355.7 348.4 341.4 335.1 334.3 331.5 329.1 321.5 316.6 311.9 306.4 298.8 294.6 291.4 283.7 273.6 266.4 254.7 247.1 239.5 236.1 222.8 235.7 245.2 252.8 264.1 258 282.2 290.9 290.7 291.7 295.9 295.4 297.6 299.3
470.6 474.4 477.4 481.5 483.6 488.1 494.6 499.1 504 509.2 514.1 519.2 520.9 520.7 516 509.8 504.2 499.8 498 497.7 491.3 483.9 478.6 471 466 460.8 456.3 452.7 450.1 449.3 446.3 440.5 434.1 427.6 421.3 414.9 408.2 401.4 392.6 386.9 378.7 371.6 366.5 357.3 351.4 346.3 340.3 338.8 335.9 330.2 324.6 318.6 312.4 307.8 302.9 298.8 292.8 286.6 279.6 271.7 263.3 252.5 246.7 239.4 234.2 229 233.3 243.8 252.7 257.4 268.6 277.3 281.9 287.2 288.9 290.4 294.4 295.5
470.9 474.1 477.4 480.7 483.8 488.3 493.7 499 504.2 508.3 512.9 516.5 518.7 518.8 515.5 509.6 503.8 499.8 498.6 497.6 492.3 485.7 479.9 473.6 467.5 463.5 461.2 456.2 453.4 451.4 449.3 443.3 436.8 430.5 423.8 416.5 410.1 402.2 394.9 387.2 380 371.7 365.4 357.1 353.6 348.4 347.2 345.1 340.2 333.5 328.9 322.6 316.1 310.5 305.3 300 295.2 289.8 283.2 276.5 268 260 254.2 245.6 240.5 221.5 221.9 229.6 241.7 252.3 256.3 266.6 272.6 278.9 282.3 284.7 288.6 292.6
471 473.9 476.4 478.7 483.4 488.5 494.3 499.3 504 507.5 510.1 513.6 516.1 515.1 513 508.5 503.3 500.9 498.8 496.8 492.3 486.9 480.5 476 470.3 466.3 462.9 459.5 455.9 453.1 449.9 445.8 439.5 432.2 426.2 417.7 410.9 403.8 395.3 390.3 380.6 370 369.4 362.8 359.4 358 353.4 352 344.7 338.5 334.5 327.7 322.2 315.4 308.9 303.3 298.2 293.4 286.4 280.3 273.2 266.3 258.1 252 245.8 238.9 231.2 221.6 228.9 242.3 250.2 253.4 260.8 267.7 274.1 278.1 281.1 285.9
470.9 473.2 475.2 476.5 482.5 488.2 491.2 496.6 502.5 505.1 507.3 511.5 514 513.1 511.6 507.9 503.9 502.1 500.9 498.1 492.5 486.6 481.3 478.1 472.4 466.9 464.1 462.8 460.1 454 449.8 445.5 440.2 433.9 426.9 420.4 413.1 407.3 398.9 389.8 384.7 382.4 377.4 373.9 371.7 366 363 357.4 353.2 346.1 339.9 334.4 328.5 321.6 316.8 308.3 302.9 297.5 292.8 284 276.7 270.1 265.7 257.1 249.9 243.2 237 230.1 218.3 235.3 241.6 251.4 251.4 258.9 265.2 271.1 273 279.7
470.7 473 475 477.2 482.9 487.7 489.2 493.6 499.6 502.3 505 509.2 511.6 511.3 509.9 507.4 505.3 502.3 501.2 498.3 493.9 487.8 482.1 479 472.3 468.3 468.9 466 462.5 457.9 452.6 447 441.2 433.8 427 419.8 414 405.4 398.2 394.3 390.4 388.7 385.4 384.6 382.1 378.1 372.9 366.4 362.2 355.9 348.6 343 337.8 331 323.4 318.5 311.5 306.2 299.1 291.8 284.9 275.5 268.7 262 254.7 246.9 240 233.4 217.9 225.5 236.4 240.4 252.2 250.9 256.5 262 266.3 271.8
470.4 472.8 475.8 479.5 483.8 487.3 488.9 491.5 495.6 498.8 501.2 504.1 507.4 507.7 507.1 505.5 503.1 501.4 500.4 497.4 492.9 488.1 483.1 478.6 474 473.9 472.7 468.6 464.9 460.2 454.8 449.4 443 434.9 426.5 420.1 416.7 409.7 404.8 402.5 398.6 395 391.9 390.7 389.7 387 383.2 378 371.7 364.9 357.6 352.8 347.5 339.7 334.3 328.3 321.7 316.6 309.8 297.3 291.6 282.1 274.8 267.6 260.1 251.2 243.3 237.3 232.5 216.5 228.8 234.2 239.3 251.1 248.7 253.4 257.9 263.9
468 470.5 474.6 479.5 484.4 487 488 490.2 493.8 496 499.1 501.8 504.5 504.6 504.7 503.4 501.4 499.3 499.5 496.6 492.1 486.9 483.8 481.6 477 477.4 475.1 470.4 465.6 460.9 457.5 452.2 445.5 437.4 431.8 425.2 421.2 417.9 412 407 405 401.1 398.2 396.7 395.7 394.1 391 386.4 382.4 375.7 369.5 364.5 357.6 351.1 343.7 338.7 333.4 323.6 310.3 303.2 297.3 289.2 282.1 274.1 265 255 247.7 240.7 236.6 227.1 215.9 228.1 232.6 239.2 247 244 250.3 256.9
465.6 467.7 472.1 476.5 481 483.8 486.1 489.1 493 495.3 497.9 500.5 501.5 501.8 501.9 501.1 499.3 497.6 497.3 495.8 491 487.1 484.6 482 481.1 480.2 477.5 473.6 468.3 462.6 460.1 458.3 451.2 443.4 435.5 430.8 426.2 423.8 421.4 416.7 413.4 410.5 407.9 405 403.8 401.8 397.6 393.7 389.1 383.5 378.9 374.8 369.7 362.9 351.9 344.3 337.1 326 317.6 310.8 303.7 297.3 289.6 279.6 274.4 261.6 252.8 243.8 237.2 229.6 224 217.5 228.2 230.2 232.8 242.5 245.6 246.8
462.7 465.1 469.5 473.7 477.7 481 483.8 486.4 491 493.7 496.2 498.7 499.2 499.5 499.4 498.9 497.7 496 495.5 493.8 490.3 486.5 486.5 484.1 483.2 481.9 479.8 476.4 472.7 469.3 465.1 462.2 456.4 449.7 441.9 437 433.3 431 428.5 425 420.9 418.9 416.1 414.2 411.4 408.8 404 399.8 395.2 390.6 386.8 381.8 375 368.3 360 352 342.1 333.3 325.6 316.5 309.2 303.6 299.8 289.2 280.3 269.3 257.2 246.6 242.8 234.9 229.4 215.1 223.4 225.6 226.9 232 236.3 243.9
459.4 462.4 467.2 472.1 476.8 478.1 479 483.5 488.1 490.6 493.7 496.9 497.4 497 497.4 496.9 496.3 494.9 494 492.2 490 487.3 487.1 487.2 487.8 484.7 481.8 479.3 475.9 471.7 468.1 465 460.4 454.3 447.1 442.8 441 437.5 434.6 432 426.3 426.2 424 421.5 418.2 415.5 411 406.8 402.6 397.9 393.9 388.2 381.1 372.9 364 355.8 348.3 339.5 330.6 322 314.4 308 302.3 291.3 281.5 273.8 262.4 253 245.4 241.6 229.1 225.7 214.1 220.7 223.2 224.7 228.2 234.1
455.7 459.9 464.7 469.4 473.1 473.5 475.8 480.5 484 486.1 488.6 493.7 495.1 494.4 495.2 495.2 494.9 494 493.1 492 490.2 488.6 488.5 487.2 487.7 487.1 484.4 481.4 478.9 473.8 470.4 467.4 464.2 459.4 454 449.2 444.6 442.3 438.9 436.7 434.8 433 431.3 428.9 425.7 422.3 417.5 414.7 411.5 405.9 399.1 391.2 383.8 375.5 367.4 359.3 351.7 344.5 336.1 328 320.6 311.9 300.9 293.3 288.1 282 271.2 260.2 249.2 244 237.5 230.5 224.3 214.2 213 215 221.5 230.2
451.8 455.9 461 465.9 468 469.5 473.2 476.4 479.2 481.6 484.7 486.6 489.8 491.1 492 491.9 493.1 492.8 493.5 492 490.4 488.6 488.7 489.4 488.9 488.3 486.2 483.4 480.3 477 475.3 471.5 467.9 463.7 459.4 454.9 449.8 447.3 444.7 439.9 438 437.7 436.4 434.2 430.9 427.7 424.3 422.1 418.9 411.5 404.6 396.7 389.8 383.1 374.9 363.4 355.9 351.2 344 335.3 324.4 316.3 305.9 299.2 293.3 284.9 278.2 265.5 256.4 249.5 242.4 230.2 226.4 221.2 219 218.6 211.4 220.5
448.6 450.4 455.6 460.2 463.1 466 469.1 472.3 475.1 477.3 480.1 482.9 484 486.1 487 488 489.2 490.6 489.9 489.7 488.6 488 488.5 489.5 488.6 488 486.6 484.8 481.7 478.6 476.6 475.3 471.4 467.5 463.8 459.8 456.2 451.9 449.6 444.7 440.8 440.3 440.4 438.4 435.8 432.4 430.6 427.3 420.9 414.1 407 400.8 395.7 393 388 382.2 369.9 354.3 347 339.2 330.7 320.3 311.4 304.4 295.3 286.4 282.2 275.9 261.2 252.4 242.4 233.2 228.6 222.1 219.9 219.3 218 211.5
443.9 446.6 450.4 454.9 457.9 460.3 463.9 467.4 470.2 472.9 475.2 478.2 479.9 481.1 482 482.7 484.7 487.4 487.7 486.7 485.9 486.3 487.1 487.6 487.3 486.9 486.2 484.9 482.8 479.9 478.5 476.3 473.5 470.5 466.7 463.4 460.3 457 453.6 451.1 446.9 445.2 444.2 441.8 439.7 437.3 436 428.4 422.5 415.7 409.2 406.1 403.9 398.8 390.6 381.4 373.1 364 354.3 341.4 332.3 323.9 316 307.5 298.4 291.2 283.9 276.3 272.2 258.4 249.5 237.9 233.4 226.6 220.9 219.8 218.4 216.8
439.3 441.8 445.3 449.6 452.7 455 458.8 462.6 465.9 468.7 471.5 474.2 476.2 477 477.7 478.6 480.1 481.6 483.1 483 483.7 483.7 484.4 485.3 485.2 485 484.5 483.9 482.5 480.7 478.8 476.4 474.4 471.5 468.9 466.3 463.4 460.1 457.5 455.2 453.2 451.2 448.7 446.2 444 441.1 433.1 425.9 419.4 413 412.4 404 399.1 391.5 384.2 376.7 368.4 360.5 353.4 345.1 336.6 326 318.1 310.1 302.4 292.9 286.2 279.2 272.5 262.4 251.3 243.2 240.8 234.1 225 220.5 218.5 217
433.1 436.3 440.1 444.3 447.6 450.8 453.3 457.1 461.4 464.2 467 470.8 473.6 475.2 475.8 475.6 476.5 477.7 478.7 480 480.9 481.5 482.4 483.5 483.4 483 482.2 482.1 481.1 479.8 478.4 475.9 474.2 471.5 469.9 467.7 465.3 462.2 459.6 458.1 456.1 454.1 453.1 453.7 455.3 444 433.5 424.8 418.2 410.2 403.1 395.8 388.4 381 373.7 367.1 360.4 353.3 347.1 339.9 332.2 326.3 319.6 312.7 303.1 295.3 286.6 280.4 272.9 266.8 258.8 249.1 241.9 235.8 228.4 223.4 220.3 218.1
428 429.4 433.4 439.1 443.1 445.5 448.7 452.3 456.4 460.5 463.1 466.1 469.8 471.8 474.2 473.6 473.3 473.8 475 476.7 477.8 479 480.6 483.2 481.7 480.8 480.2 479.9 479.5 478.4 476.4 474.6 472.3 470.4 469.6 468 466.7 463.9 462 460.4 458.8 456.9 458 461.9 452.8 442.1 432.4 420.7 410.4 401.8 392.7 385.3 377.9 370.9 364 359.8 351.4 345 338.6 331.3 325 318.9 313.1 306.9 301.7 296.6 289.1 283.2 274.3 267.7 262.5 253.9 246 239.9 233.4 227.8 221.8 219.8
424.7 426.5 428.5 431.3 435.7 437.9 441.3 447.8 451.1 455.8 460.7 461.1 464.5 468.1 469.8 470.4 470.9 469.9 470.9 472.8 474.4 476.1 478.6 480.2 479.7 479.2 479.2 479 478.1 477.3 476.4 473.8 471 470.1 468.8 468.7 468 466.7 464.9 463.9 461.8 459.9 461.3 461 448.8 439 429.8 417.9 407.4 396.4 386 376.7 368.1 360.2 356.9 351.2 343.5 338.4 331.3 324.9 318.2 312.2 306.6 301.2 295.1 288.6 284.8 280.4 275.7 270 263.8 258 250.6 244.7 240.3 229 229.3 224.2
421.5 423.3 425.5 426.4 429.5 431.1 434.3 440.8 445.3 449.6 454.9 456.7 458.5 461.2 464.5 465.6 466.3 466.5 466.8 469.2 471 472.4 474.5 476.9 477 476.3 475.9 476.3 475.4 474.9 474.8 473.5 469.9 468.4 467.4 466.5 465.3 464.6 463.6 463.2 462.5 462.4 462.8 456.7 445.3 436.6 424.1 413.5 401.9 391.7 381.5 371.8 362.9 357.3 352.2 344 336.5 331 325 318.4 311.5 306.2 300.3 295.1 290 284.8 279.2 275.8 272.5 268.7 264.4 260.1 255.3 249.9 236.6 237.8 232.3 227.6
418 421 423.2 423 423.1 426.6 431.6 437.7 441.3 444.9 448.8 451.3 453.6 456.1 458 460 461.3 461.9 462.9 465.1 466.7 468.3 470.7 472.3 473.5 473.1 473.4 473.1 471.6 471.5 472.4 471.2 466.7 465.7 464.9 463.9 462.5 461.7 462 460.9 460.4 460.5 463.3 451 440.7 431.6 421.7 409.6 399.5 387.9 377.6 368.4 360 355 348.9 340.3 334 327.2 319.6 312.1 305.4 300.1 295.9 291.5 286.8 282.4 277.8 272.1 266.4 265.1 263.5 261.1 257.1 248.1 247.9 242.8 236.6 230.6
414.8 417.7 422.2 421.5 421.4 423.2 429.9 435.8 439.3 441.8 444.2 447.1 450 452.3 454.4 455.7 456.5 457.3 459 461.1 462 464.3 466.7 468.7 469.8 469.8 469.8 469.3 467.2 466.3 467.1 466.8 463.8 462.6 461.6 460.4 459.9 458.9 459 458.1 456.6 457.3 457.5 447.8 438 428.3 418.6 407.5 394.1 383.6 372.9 364.7 358 352 342.1 335.5 329.3 321.2 313 305.6 301.7 298.4 294.2 290.1 285 279.2 279.2 275.5 271.5 268.5 264.3 261.1 258.4 254.2 251.9 247.2 241.3 236.2
413.2 415.3 419.2 420 420.1 421.1 427 433 436.2 438.7 441 443.1 446.3 449.2 451.7 452.9 452.8 452.9 455.6 456.6 457.6 459.9 462.1 463.9 465.7 465.9 466 465.2 463.3 462 462.1 462.4 459.3 458.9 458.3 456.9 456.8 455.7 455.9 454 452.9 450.9 449.8 442.5 433 423.8 412.1 400.7 390.3 380.7 369.7 362.7 355.2 345.4 336.1 327.8 321.4 314.7 309.8 307.7 304 297.6 292.3 287.9 283.4 283 283.1 279.7 277.7 273.4 270.2 266.4 262.3 261.4 261.3 252.8 249 244.8
412.2 414.2 416.1 417.6 418.4 418.5 422.2 428.7 432.1 434.3 436.2 439.2 442.8 445.8 448.6 449.6 449.5 449.2 450.1 450.8 452.2 455.1 457.4 459.2 461 462.2 462.1 460.5 458.8 456.7 456.5 457.5 455.3 453.1 451.5 450.6 453 451.4 451.7 450 449.1 448 447.6 437.1 426.9 419.5 406.1 395.3 386.5 375.7 366 360.5 350.6 343 333.4 326 321 317.2 313.2 308.3 301.8 296 291 286.6 286.2 285.2 282.7 281.3 281.4 278.4 275.8 272.9 268.9 265.1 261.9 257.5 254.1 250.7
411.4 412.9 413.8 412.6 413.5 415.3 417.2 423.4 427.5 430.2 432.4 434.2 438.8 442.4 445.2 446.3 446.4 445.9 445.7 445.8 446.8 448.2 452.5 454 456.3 458.5 460.2 458.9 456.8 454.1 452.4 450 449.3 447.8 447.1 445.9 445.6 445.5 444.5 444.7 444.5 440.7 437.5 431.7 423.6 416.2 406.2 394.5 382.4 373 364.4 353.9 345.8 345.5 337.2 330.8 325.6 320 313.3 307.6 300.4 295.1 292 291.5 289.7 287.6 286.5 286.3 288.3 286 281.7 277.9 274.7 271.1 268.4 265.3 262.3 258.2
410.8 412.5 412.7 411.1 411.5 412.1 412.9 417.2 423 426.7 430.3 432.7 436.1 439.7 441.6 443 443.3 443.3 443.7 442.8 443 443.8 447.8 449.7 451.7 454 456.5 456.6 454.6 453.1 450.5 447.5 444.5 443.6 442.1 441.1 439.4 437.9 438 437.9 437.4 435.5 434 426.6 416.6 410.2 401.7 392.1 380.2 369.4 359.7 354.1 356.9 349.6 343 335.2 327.4 320.3 313.3 306.3 302.9 300 297.4 296 294.9 293.9 292.7 292.3 292.3 289.8 285.9 285 280.1 277.4 275.1 273.2 269.2 266.4
410.5 412.9 411.5 410 409.3 409.4 409.7 413.6 419.8 423 428 431.9 435.6 437.5 439.2 440.5 440.9 440.8 442.6 441.6 440.9 441.5 443 444.7 446.6 448.3 451.3 452.6 451.5 451.1 449.6 446.2 442.8 440.8 438.7 436.3 433.1 430.9 430.1 428.8 429.4 425.6 423.1 418.2 412.2 403.8 396.1 385.1 379.6 371.3 362.8 360.1 358.8 352.4 343.3 336.5 327.5 322.1 316.4 311.8 309.4 306.4 305.8 302.3 303.9 304.2 302.6 300.2 298.4 293.4 292.3 289.6 286.4 283.9 282.2 279 275.6 276.3
408.4 410.7 410 408.7 407.7 407.7 407.4 412.2 416.3 419.8 425.8 430.5 433.6 436 437.3 437.7 438 439.1 440.7 440.6 439.7 439.2 440.2 441.5 443.7 445.2 446.2 448.4 448.3 449.5 449.5 445.4 442 437.9 435.2 432.3 429.4 426 423.8 420.9 419 417.5 414.2 411.7 407.9 399.8 394.4 387.9 379.7 373.2 370.4 362.3 355.8 348.1 342.5 340.9 333.9 328.3 322.5 317.6 316.6 314.7 313.4 312.4 312.3 311.2 309.1 306.9 306.2 303.4 301 296.9 296 293.9 287.9 284.6 282.8 282.4
405.6 406.9 407.7 407.7 406.5 406.1 406.4 410.5 414.3 418.6 424.5 428.6 431.6 434 435.1 435.5 436.3 437.4 438.8 438.8 438 437.9 438.6 440.4 441.9 443.3 444.4 445.7 445.9 446.2 447.9 444.9 440.7 436.6 432.4 429.5 427 423.1 421.7 420.4 420.4 421.9 415.8 411 405 399.1 392.7 387.6 381.5 376.4 368.7 363.2 360.3 356.2 354.4 346.4 342.6 338.3 335 330.2 330.5 328 329.4 324.9 321.7 318.6 316.9 316.8 313.7 310.8 309.1 306.5 301.8 299.4 296.9 292.9 289.4 286.8
404.2 405.6 406 406.5 405.5 404.6 405.2 409.9 413.8 418.8 423.4 427 429.6 431.9 432.8 433.8 434.6 436 437.2 436.8 436.5 436.9 438.1 439.6 441.1 442.5 443.2 444 444.6 444.7 444.4 441.9 439.1 435.3 430.1 425.7 422.7 421.8 420.7 421.1 425.7 425 419.5 411.9 406.1 398.2 390.9 383.8 380.3 377.5 373.2 369.7 371.1 366.8 362.2 359 356.7 350.5 345.6 343.4 340.7 339.8 336.9 335.6 332.5 330.5 330.6 323.6 321 319.4 319.6 317.6 312.4 308.7 304.2 302 299.6 295.7
