public/OST50/NN77.asc
ncols 200
nrows 200
xllcorner 270000
yllcorner 770000
cellsize 50
[rows 140 to 174 of 200, columns 78 to 155 of 200]
472.3 474.3 475.5 475.1 471.8 466.5 460 451.5 443 438 424.4 414.9 403.7 391.3 380.8 372.1 364.8 348.7 332.5 340.9 357.6 371.4 382.9 393.5 400.3 408.6 417 423.1 426.9 430.9 434.1 437.2 440 442 442.5 441.9 439.2 435.1 431.6 426 419.5 411.5 402 397.5 392.4 380.2 372.7 395.7 401.6 412.2 423.4 433.5 441.7 447.8 453.9 461.5 469.3 473.2 475.8 477.5 478.7 479.6 481.1 481.2 481.4 480.1 477.2 472.9 468.4 464.3 461 458.7 455.8 453.2 452.6 451.9 451.6 451
470.8 472.7 474.2 474.5 472.3 466.8 459.5 451.5 442.8 438.5 426.9 417 405.3 392.5 383 371.1 363.5 346.9 329.4 335.8 354.7 367.8 380.3 391 397.4 405.9 413.5 419.6 424 428 432.9 435.8 439.2 442.3 443.3 443 440.2 435.6 431.5 426.5 420.4 412.2 402.6 398 393.6 380.8 371.7 392.7 399 407 417.8 426.8 434 439.5 445 452.1 457.7 463.3 466.8 468.5 469.4 470.2 470.9 471.6 472.4 471.9 470.2 466.9 463.7 460.5 457.3 455.4 452.8 450.5 449.9 449.2 448.7 448.2
467.5 470.8 472.1 473.2 471.4 465.7 458.3 449.6 441.6 438.7 430.8 418.6 407.3 394.2 382.2 370.2 363.7 356.7 333.4 330.2 346.9 363.5 376.6 386.3 394 401.8 409.3 415.6 420.8 426.3 431.6 435.2 438.9 442.6 443.7 442.8 441.6 437.3 432.8 428.1 421.7 414.7 405.2 399.3 396 387.2 372.2 389.2 395.7 401.4 411.4 419.5 427.1 434.1 440.6 446.1 452.5 454.7 458.3 460.8 461.9 462.4 462.5 462.1 463.2 464.7 462.9 461.8 459.7 457.9 454.4 452.4 450.2 447.9 447 446.2 445.7 445.3
463.4 467.5 470 470.3 468.4 463.4 456.4 447.4 440.7 438 435.9 420 408.6 397 383.6 372 364.8 351.9 337.8 323.9 342.8 359 372.6 382.2 390.7 397.9 406.3 412.8 419.2 424.7 429.9 434.4 438.9 442.4 444.3 443.2 441.5 439 435.1 430.7 423.6 416.8 408.3 401.6 397.1 391 374.7 379.6 391.5 394.9 404.7 414.3 424.8 431.6 436.4 441.1 447.1 450.5 452.7 453.3 454.8 456.2 455.8 455.4 454.9 456.6 456.8 455.9 454.9 454.4 452.3 448.9 447.7 445.8 443.8 443.3 443.5 443.7
458.5 463.5 465.8 466.3 465.1 460.4 452.2 445.7 440.4 435 431.7 419.5 408.9 398.7 384.3 374.2 365.5 347.2 334.1 328.4 334.7 353 367.2 377.8 387 394 403.1 409.6 415.9 423.1 428.9 433.9 438.5 442.2 444.5 444.5 442.6 440.6 437.2 433.4 426.8 420.3 412.2 404 397.9 394 385.2 368.9 387.2 392.7 399.7 410.1 419.2 426.2 431.2 437.2 442.9 447.2 449.1 449.3 448.9 449.8 449.3 448.9 449.4 448.5 449.1 450.3 450.7 451.2 448.7 445.6 445.7 444.6 440.6 441.5 442.1 442.3
454.7 457.9 460.5 461.3 460.1 456 450 443.9 438.7 433.3 426.7 418.2 409 397.6 389 380.6 364.8 356.9 340.7 328.2 324.7 351.5 364 372.5 381.7 389.5 399.6 406.1 413.1 421.1 427.6 432.8 437.9 442.1 444.5 445.7 444 442 438.6 435.2 429.5 423.1 415.1 405.8 400.5 397.1 390.4 371.6 378.1 390 396.4 405.6 415.1 420.6 427.2 434.1 439.7 443.2 444.8 445.7 445.4 444.5 443.6 443.5 442.9 443.1 446.5 448.2 448.4 447.5 445.4 443.1 443.3 441.9 438.8 441 440.9 440.6
450.8 453.1 454.4 455.7 454.4 452 447.5 441.9 436.5 431.3 425.2 417.9 409.5 400.5 391.4 378.2 379.5 362.7 342.4 328.8 321.4 343.4 361.1 367.3 376.7 384.8 394.8 402.7 411.2 418.9 425.9 431.2 436.4 441.1 444.6 446.6 445.8 443.6 440.5 437.1 431.6 425.5 418.8 409.3 403.7 399.6 393.5 380.2 365.1 387.4 394 401.5 410 416.6 423.4 430.1 435.6 438.7 440.6 441.7 442.4 442 441.4 440.4 440.5 441.8 443.9 445.9 446.9 446.6 444.2 441.8 440.4 439.3 438.3 438.1 436.6 436.5
444 448.7 449 449.2 449.1 447.4 444.1 439.7 434.5 427.7 418.8 412.2 406.1 396.7 392.1 387.7 376.1 363.2 349.8 329.1 321.5 341.4 357.6 363.6 370.7 379.4 389.4 398.5 408.7 416.5 423.4 429.7 434.8 439.4 444.3 447.1 446.6 445.1 442.4 438.9 433.8 427.7 421.4 413.5 407.6 400.7 395.8 384.7 366.6 383 390.8 396.9 405.8 412.6 419.2 425.9 431.3 434.3 436 437.3 439 439.4 439.1 438.9 440.1 441.9 443.8 445.8 447.5 445.5 443.4 441.1 437.7 435.4 429.4 432.3 431.2 431.6
447.7 442.2 446.1 445.5 442.4 441.1 439.8 434 427.2 416.9 418.3 413.6 409 399.8 391.5 386.9 372.4 364 354.1 335.2 324.6 338.2 354 359.4 364.7 374.1 383.9 394.4 406.1 414.3 421.4 427.5 432.8 437.7 443.2 445.6 445.7 445 443.2 440.3 435.3 429.7 423.2 414.9 409.5 403.5 395.8 386.4 370.5 379.7 389.1 393.8 401.1 408.1 414.8 420.9 426.6 429.4 431.1 433.1 434.8 435.7 436.1 436.7 439.5 441.4 443.2 444.4 445.8 443.8 441.9 440 434.9 430.7 425.8 423.9 423.9 425.7
447.8 446.6 439.2 441 432.8 434.2 433.9 428.7 429.2 424.8 419.2 413.1 406.8 396.1 394 390 377.9 367.9 357.6 343.5 323.8 332.1 345.2 355.1 361.7 369.7 379.6 390.3 402.3 410.9 419 425 430.5 436.3 441 443.1 444.2 444.3 443.4 440.4 436.3 431.2 424.6 417.1 411.9 406 400.4 388.1 371 381 386.6 390.6 395.9 402.6 409.2 415.1 420.5 425 428.1 429 430.6 431.6 431.1 434.2 438.1 440.5 441.4 442.1 442.7 441.7 440.7 437.5 431.5 426.9 423.5 419.4 417.4 418.6
448.4 447.5 445.3 440.6 439.8 435.8 436.5 435.7 433.1 426.9 420.4 414 407.9 404.4 399.4 386.4 379.3 371 359 348.8 331.2 323.2 334.6 350.8 358.4 364.5 374.6 385.3 397.8 407.5 415.6 422.2 428.1 434.2 438.6 440.7 441.9 442.3 442.6 440.5 436.5 432.2 425.8 417.5 416.2 409.1 400.2 389.8 374.9 376.8 383.3 387.7 393 398.7 404.6 409.9 414.6 419.2 422.9 425.6 426.4 427 426.6 428.6 432.7 435.6 437 437.5 440.1 437.3 436.9 433.2 427.2 423 419.7 415.7 412.9 413.8
448.7 448.5 446.4 444.8 443.4 442.2 439.8 438.2 433.8 428.2 422.3 417 410.6 406.1 397.3 389.2 381.9 373.3 362.4 353.3 335.7 321.3 328.2 346.2 355.1 359.4 368.6 380 393.2 403.3 411.9 419.2 424.5 430.1 434.5 437.4 438.8 439.6 440.3 439.8 436.4 432.2 426.5 418.9 415.4 405.8 399.2 389.3 380.4 365.3 379.4 383.9 388.1 394.5 402.2 405.6 409.1 412.6 415.9 421.2 422.9 422.2 422.5 425.6 428.8 429.6 431 431.6 435.3 434.1 431.3 428 423.6 420.1 415.8 412.3 408.7 410.7
449.8 449.6 449.1 448 446.6 444.9 442.5 440.3 435.7 430.8 425.6 420.4 415.1 408.8 402.2 391.2 384.6 373.8 366.6 355.8 344 325.2 321.5 339.9 352.3 356.3 363.1 375.3 388.1 397.9 406.2 415.6 420.7 424.7 429.2 432.3 434.7 436.7 437.6 437.6 435.5 431.5 426.8 422.8 417.9 404.5 397 390 381.7 360.6 373.3 378.5 383.6 391.7 400.8 402.8 407.4 410.6 413 416.5 417.9 418.2 419.7 422 426.2 426.4 426.7 430.1 431.3 429.5 426.3 423 419.3 415.1 411.2 407.2 407 409.5
452.2 452.1 451.9 451.1 449.6 447.5 445.1 442.6 438.5 434.1 428.8 423.4 417.3 410.7 403.7 395.9 384.7 374.8 366.1 353.8 344.6 330.6 320.5 325.7 347.5 354.3 360.8 369.7 380.9 390.7 400.9 411.5 415.4 419.4 423.7 427.4 429.9 432.1 434.1 434.8 433.2 432.3 428.2 420.9 411.8 405.1 395.9 390.2 382.6 377.7 353.4 366.3 377.8 388.1 398 400.1 402.7 405.7 408.3 411 411.9 412.9 416.7 419.2 421 421.1 420.7 422.8 426.4 425.7 421.5 418.2 414.3 409.4 406.2 403 403.7 401.8
454.7 454.6 454.4 454 452.2 450.2 447.8 444.8 441.2 436.6 431.4 425.9 418.4 411.6 403.7 396.8 386 375.9 367.7 357.7 349.4 333.8 320.4 315.4 341.9 350.8 357.1 365.3 375.6 385.7 397.4 406.2 410.8 414.4 418.4 421.8 424.7 426.8 428.6 430.9 432.2 428.5 423 416.1 409.4 402 397.7 391.7 386 379.4 373.5 348.9 372.9 383.6 392.3 395.6 397.7 400.3 403.4 406.3 406.8 408.3 412.2 414.6 417.7 417.2 415.6 416.6 420.6 419 416.4 412 407.9 403.5 401.4 391.9 401.3 374.3
457 457.3 457.1 456.5 454.9 452.9 450.6 447.1 443.8 439.1 433.9 428.1 418.4 410.3 403.9 396 387.1 375.7 368.9 356.8 349.3 339.8 323.2 317.7 338.8 349.2 353.8 361 371.6 382.2 392.6 400.3 405.4 409.2 412.8 416.5 419.1 421.4 423.5 426.4 423.8 421.9 416.9 413.1 409.1 406.5 399.2 395.1 387.8 381.3 376.3 348.8 368.6 377.6 385.7 391.3 393.5 395.8 399.6 402.7 403.5 405.7 409.4 413 415.9 413.7 411.5 410.1 412 411.3 409.2 405 401.4 399.4 398.1 379.9 389.1 370.5
459.1 459.7 459.5 458.7 457.5 455.6 453.3 449.2 446.3 444 438.2 426.4 417.2 408.1 402.5 393.3 383.4 374.3 364.3 358.9 352.3 344.6 328.4 315.3 332 346.3 351.7 358.5 368.4 378.1 387.2 395.2 399.8 403 406.4 411.1 413.1 416.1 419.6 418.5 417.2 417.2 416.4 414.3 417.3 410 403.7 395.9 388.7 381.4 375.7 350.7 363.1 372.5 379.8 386.7 388.5 391.4 395.8 399.2 399.7 403.4 405.3 407.7 408.8 409.9 407.4 404.5 403 402.9 401.7 398.6 396.5 394.2 394.9 387.4 369.6 387.7
460.6 461.2 461.2 460.5 459.7 458.1 454.2 451.2 448.1 446.8 436.2 426.5 417.7 408.3 399.1 389.5 380.1 372.9 366.5 363.9 353.1 344.4 332.8 316.6 329.8 343.8 348.9 355.9 365.3 375.5 381.9 389.7 394.8 398.5 402.2 406 408.3 413.2 412.4 412.3 410.8 411.4 412.9 415.8 415 409.1 402.5 394.5 386.6 379 374.1 363.9 350.9 367.4 374.7 381 384.1 386.2 390.6 395.2 395.7 397.8 399.9 402.1 403.1 403.5 402 399.4 398 397.1 395.7 393.8 392.7 389.7 392 370.5 381.5 394
460.9 461.6 461.9 462.1 461.2 459.8 455.9 453 448.6 444.4 435.6 425.1 416.2 409 399 389.5 381.3 374 369.4 360.7 352.7 341.7 335.7 322.9 317.4 339.4 345.5 352 362.3 374.1 377.7 385.1 390.4 394.1 402.6 401.6 403 405.3 405.5 406.3 406.2 407.1 409.4 409.9 407.1 404.4 399 392.3 384.6 378.1 376 364.6 347.5 360.3 369.8 375.5 378.3 382.2 385.8 388.7 391.9 393.5 395.6 397.1 397.3 396.9 396.1 394.5 392.7 391.2 389.9 389.3 385.8 391.1 371 373.3 390.1 393.1
460.8 461.7 462 461.9 461.9 460.4 457.3 454 450.2 441.2 433.1 424.6 417.1 409.4 398.1 387.8 379.8 373.5 368.3 359.1 349.3 339.7 333.8 324.8 311.4 333.3 342.2 349 357.5 368.3 373.8 379 386.5 393.2 395.1 398 397.5 399.2 400.7 400.9 401.8 403.2 403.5 402.3 400.4 398.5 395.8 389.4 379.3 378.7 376.7 363.7 359 348.8 363.6 367.8 371 374.8 379.5 382.1 385.4 389 390.6 391.8 391.8 391.2 390.2 389.2 387 385.4 384.6 382.2 370 375.1 357.1 377.9 387.6 393.4
460.2 460.7 461.3 461.4 461.6 460.6 457.8 454.6 450.4 441.9 432.7 422.9 414.6 407.1 397.5 387.9 380.7 372.3 363.3 354.8 346.9 339.4 333.2 327 310.6 323.3 339.1 345.7 352.2 361.4 367.2 373 379 385.8 390.2 391.7 394.2 394.5 395.3 396.6 398.7 399.7 401 398.1 394 392.8 387.7 382.1 380.1 379.2 377.5 364.8 360.6 349.6 357.2 361.6 365 367.8 370.6 375.9 379.2 382.5 385.7 386.7 385.7 384.6 383.8 383 380.1 373.6 370.2 367.6 360.2 358 360.9 377.7 393.6 399.2
458.6 459.5 460.3 460.9 460.9 460.1 458.1 453.2 447.5 440.4 432.7 423.8 414 406.1 395.5 387.2 381 371.1 360.5 350.9 343.5 336.6 332.7 327.2 314.5 318.8 336.7 341.7 347.3 356.2 362 368.4 374.6 380 383.4 385.4 388.4 390.4 391.8 394.5 394.3 396.6 394.3 395.3 392.1 391.1 387 388.5 386 382.5 375.3 369.1 361.1 348.2 352.7 358.9 361.2 363 365.3 367.1 372 375.5 378.5 380 378.9 377.1 372.9 368.2 364.3 362.1 356.1 350.3 353.9 354.9 365.3 381.5 395.7 402.3
455.6 456.9 458.1 459.1 459.6 459.1 457.7 454.2 446.4 439.1 431.9 423.5 413.4 404.8 395.7 388.3 378.5 369.5 361.9 354.4 344.7 337.2 333.7 326.1 315.4 316.2 334 337.8 342.6 350.8 357.4 364 370.9 376.2 378.2 379.8 382.3 385 387.4 391.1 391.7 392.1 390.2 388.8 389.3 387.9 388.3 386.1 383.7 380.5 375.7 369.2 362.4 338.3 350.1 356 358.4 360 361.9 362.5 365.6 367.7 370.6 371.4 366.6 360.8 359.4 356.6 350.9 348.9 359.2 365.5 368.1 373.8 379.8 386.1 397.7 405.4
452.4 453.7 455 455.9 456.8 457.4 456.7 453.9 446.5 439.1 431.1 422.6 413.8 404.7 395.3 388.1 379.8 369.3 362.1 353.2 346.2 340.9 334.2 327.6 316.5 319.8 331.3 334.5 337.7 346.1 353.7 361 368 371.3 374.2 376.2 376.5 378.4 381.2 387.5 388.5 387.9 385.9 383.4 382.6 381.8 381 381.3 379 375.7 371.6 367.2 360.9 339.1 346.7 352.7 354.1 357.5 355.6 356.2 354.1 351.5 351.1 351.4 351.2 349.3 348.9 341.9 357.6 365.1 367.1 374.7 379.8 385.9 387.6 395.9 400.7 406.9
447.9 449.4 451.3 452.2 452.9 453.3 452.8 450.1 445.9 439.2 430.8 422 413.9 404 395.1 386.1 378 368.7 360.6 354.2 346.7 343 335.2 329 318.8 312.8 326.7 331.3 335.4 340.4 347.6 355.3 361.4 365.9 368.9 372.4 373.4 373.9 378 381.4 382.4 382.3 380.3 378.2 376 375 375.8 376.6 374.6 371.2 367.5 361.7 355.2 342.5 338.8 340.6 349.6 347.6 343 343.9 336.5 336.5 342 335.1 346.4 348.2 351.9 360.7 372.4 378.8 376.3 385.2 388.8 392 396.9 403.2 406.3 411.6
443.1 445.1 446.8 448.1 448.9 449 448.4 447.1 443.7 438.4 430.6 421.9 410.3 402.5 395.7 387.1 377.8 368.3 361.7 356.6 348.4 343.5 335.9 329.2 324.7 314 312.8 327.8 332.1 336.4 341.4 349.4 356 360.4 363.5 366.4 369.3 370.6 373.6 375 376 375.6 375 372.5 370.7 372.1 374 374.5 372 367 362 354.2 349.2 341.5 323.8 335.1 329.1 332.6 331.3 336.6 347.2 354.9 359.6 358.3 363.9 370.8 372.7 374.3 379.8 385.9 391.7 394.3 397.9 403.9 408.2 410.8 413.6 417.7
437.1 439.6 441.6 443.6 444.5 444.7 444.4 444.4 441.2 436 429.4 420.1 410.2 402 393 387 380.2 370.7 362.6 356.1 350.3 345.6 337 330 327.5 318.7 308.9 318.6 329 333.2 338.1 343.8 350.5 355.6 359.4 362.4 364 366.9 369.7 371.5 369.8 369.6 369.4 368.4 366.7 367.7 371.3 371.4 369.4 364.9 354.8 346.5 332.2 330.8 330.2 334.6 347 348.5 355 356.6 360.5 365.8 370.5 374.2 377.4 382.3 385.2 389.1 392.8 398.7 402.2 407.3 410 415.7 417.6 419.3 421.9 424.2
430.8 434.2 437.7 439 438.7 440.1 440.6 439.3 436.9 433 427.4 420.2 410.8 401.5 393.1 386.3 377.8 369.9 363.2 356.1 352.2 346.4 337.8 332.5 327.8 320.8 311.3 306.1 324.3 329.4 334.7 340.4 345.3 349.9 354.5 358.3 361 363.9 367.9 368.2 366.3 365.4 365 364.1 362.5 362.8 363.9 364.9 362.3 353.3 342.1 324.5 316.5 317.3 323.2 344.4 354.4 359.2 365.3 366.4 370.7 373.9 379.8 383.6 385 390.1 394.4 398.4 404.7 408.7 412 417 420.7 424.4 426.4 426.9 428.6 430.4
425.6 428.8 432.8 433.9 433.7 434.7 436.1 434.8 432.3 428.7 424.5 417.9 409.2 400.2 390.5 383.7 376.1 367.8 361.6 356.3 351.8 347.4 336.8 333.9 329.1 324.9 314.4 304.4 318.4 326.9 331.9 337.1 341.6 346 350.5 354.9 358.8 361.1 363.7 363.3 362.3 361.6 360.5 359.6 358.3 357 355.6 353 344.8 333.1 316.4 324.8 336.7 343.3 352.1 360.3 365.2 370.3 375.8 377.6 382.3 385 389.3 392.5 393.7 398.8 404.2 410 413.8 417.8 421.2 425.8 428.1 430.3 430.7 430.1 431.1 432.3
419.2 423.3 427 428.3 428.8 429.5 431.6 429.3 426.9 424.1 420.4 414.9 406.7 399.5 392.1 383.3 378 369.2 361.3 355.7 351 347 341.8 336.2 329.5 323.6 325.5 313 303.3 319 328.8 334.5 338.4 342.2 346.4 351.8 354.7 356.8 358 358.7 358.2 357.6 356.5 354.7 352.7 348.6 343.8 334.1 320.5 314.9 331.7 341.3 350.5 356.7 365.5 370.1 377.1 382.8 384.7 389.1 393 396.1 398.4 400.3 404.2 409.9 414.1 418.9 422.6 425.7 429.3 431.9 434.4 435.6 434.5 433.2 435.2 434.5
413.7 418.3 420 421.3 422.7 423.2 424.2 423.8 421.4 418.3 415.5 410.3 403.6 398 390.5 383.8 377.2 370.2 362.4 354.9 348.5 343.7 342.1 335.3 329.5 328.6 323.1 317.2 311 302.4 315.6 330 335.2 338.6 341.9 345.1 349.1 351.9 353.3 353.9 353.4 352.4 350.5 347.6 341.3 335.4 321.6 314.7 328.8 337.5 344.9 353.2 362.6 369.7 375.1 380.2 386.3 391.3 392.5 397.8 402 406.9 407.1 409.3 415.2 419 422.8 426.1 428.6 431.3 434.6 437.2 438.5 439.2 438.7 438.2 438.1 437.4
409.4 412.6 413.9 415.4 416.6 417 417.1 416.3 415.1 411.7 408.4 404.1 399.5 394.5 388.6 380.8 375.8 367.7 362.8 355.4 348 343.4 342.4 334.6 329.8 325.8 324.2 320.9 317.3 310.6 301.7 326.6 332.6 334.3 337.2 340.1 342.8 345.3 347.9 348.4 348.3 344.8 336.9 325 316.5 310.7 320.1 332 339 347.7 354.8 363.4 369.5 377.1 383.2 386.4 394.5 399.3 400.5 407.3 412.3 414.3 416.4 420.1 423 424.4 427.4 432.4 434.5 436.4 438.3 439.3 440.3 440.8 441.1 441 440.2 439.2
401.9 406.8 409.2 409.7 410.1 410.4 409.7 408.9 408 405.3 402 398.8 394.8 390 384.4 379 372 366.4 360.6 355.4 348 346.5 343.5 336.4 329.2 328.8 326.7 322.6 319.3 312.5 303.1 326 330.7 331.9 333 335.2 337.9 339.4 341.4 343 339.8 331.7 312.8 312.4 320.4 326.1 331.5 342.2 350.3 359.7 365.4 372.2 379.8 388.8 396.1 397.8 400.7 407.2 412.9 417.3 422.3 424.8 426.1 427.7 428.1 434.5 433.8 437 440.1 441 440.1 440.4 441.3 441.7 442 441.9 440.8 440.2
395.8 400.2 402.1 402.9 403 402.4 403.3 401.6 400.9 399 396 393.2 389.6 386.2 381.6 375.9 368.8 363.8 358.1 353.3 348.8 346.1 341.9 336.1 332.4 330.1 328.7 325.5 321.4 314.3 299.3 322 328.5 329.5 329.8 331.2 333 334.7 334.7 332.8 326 307.4 315 324.1 331.9 339 343.9 350.2 359.9 367.1 373.8 381 391.5 398.5 403.6 405.7 408.5 416.4 423.6 426.8 429.1 432.5 434.9 438.1 439.1 440.7 441.6 443 444.6 443.6 442.5 441 441.6 442 442 441.7 440.8 439.8
388.9 394.3 396.9 397.2 397.3 396.5 395.6 394.1 393.7 392.5 390.1 387.2 384.3 381 377.1 373.3 367.6 362.4 354.9 350.5 347.6 343.9 338.5 334.9 335.2 331.1 328.7 325.5 323.9 314.7 305 311.9 325.6 326.4 326.9 327.2 329.3 323.3 318.6 314.8 299.7 317.3 326.4 334.9 340.7 347 353 358.7 367.4 374 381.3 389.1 399.2 404.8 409.3 410.8 412.6 423.7 430.8 436.1 437.5 439.2 442.4 443 444.4 444.9 445.7 447.1 448.8 447.8 446.5 444.1 443.6 441.8 441.9 440.8 439.8 438.6
