public/OST50/NN77.asc
ncols 200
nrows 200
xllcorner 270000
yllcorner 770000
cellsize 50
[rows 0 to 34 of 200, columns 0 to 77 of 200]
716 701.5 691.5 674.4 652.6 631.1 611.6 594.9 587.3 580.1 564.6 554.4 556.6 547.1 545.5 535.8 530.2 549.5 555 566.6 596.4 614.8 643.3 670.9 691.3 720.3 745.2 767.7 786.3 799.2 808.2 815.4 820.5 821.5 817.6 788.5 753 718.2 684 638.6 593.4 561.4 529.4 498.8 478.6 478.6 478.6 478.6 498.7 518.2 544.4 576.3 616.3 653.9 696.9 751.2 812.5 841.3 850 852 852.6 853.3 854 855.7 857.4 858.6 860.9 860.9 859.1 854.6 850.6 844.6 835.7 825.4 810.3 794.4 781.4 764.3
669.4 662.5 655.6 641 624.8 608.3 595.8 585.1 576.6 570.2 561.5 559.1 545.3 538 541.6 541.9 527.6 531.1 534.3 555.6 575.5 598.4 625.6 655.6 680.2 698.6 725.1 746.4 773.7 784.7 800 808.8 814 815 807.4 775.7 742.5 706.4 667.5 626.3 589.4 554 523.1 484.2 478.6 478.6 478.6 478.6 500.6 522.2 549.7 582 617.3 658.3 700.7 751.9 795.6 837 845.7 848.7 849.2 849.7 850.3 850.7 851.1 852.5 851.4 849.7 847.7 843.9 838.2 831 820.2 804.6 783.7 765.4 754.1 754.3
642.7 632.8 624.6 612.4 601.3 584.2 577.7 566.4 563.3 557.8 554.2 552.8 542.9 539.4 538.4 534.3 529.9 524.1 523.9 540.4 557.8 580.5 604.2 627.3 648.2 668.4 692 718.3 734.3 762.6 791.4 800.9 805 804.6 790 760.6 725.9 690.5 653.2 614.7 579.1 546 514.8 478.6 478.6 478.6 478.6 478.6 505.3 530 557.8 591.7 628.8 673 715.5 769.1 815.7 836.1 841.6 845.8 846.7 846.9 846.7 846 845 842.3 838.3 835.5 832.6 828.9 824.2 816.2 799.6 779.5 759.1 742.3 731.7 732
612.2 605.4 598.4 589.8 579 566.6 560.5 553.8 548.5 553.6 547.7 541.6 520.6 522.5 526.6 525.3 524.4 523 521 527.5 537.2 559.6 579.7 600.6 620 640.2 661.8 682.1 707.8 738.7 754.8 780.6 789.8 787.4 782.4 747.9 713.5 676.1 639.2 603.9 568.7 535.3 506.3 478.6 478.6 478.6 478.6 478.6 501.3 528.3 561.9 603.3 639.9 680.6 726.2 779.6 825.8 835.7 840.4 844.3 844.3 843.8 842.5 839.7 835.4 829.8 822.6 816.6 814.6 810.6 805.1 793.1 776.6 756.9 737 723.5 709.7 706.6
588.8 577 575.9 575.4 563.7 553.2 546 542.9 541.6 541.6 537.7 530.5 520.8 518.1 521.6 524.3 523.5 521.2 520.2 517.9 522.9 541.1 557.6 577.8 595.7 613.8 634 649.8 679 702.7 722.4 744.1 754.9 760 766.6 734 700.2 662.4 625.6 590.5 557.3 527.2 499.7 478.6 478.6 478.6 478.6 478.6 506.3 532.8 564.7 604.1 647 694.2 759.1 804.3 828.5 835.5 840 842.2 842.4 840.7 836.6 830.8 823 810.3 801.2 795.9 791.4 788.9 781.6 768.7 750.4 734 716.3 703.6 688.7 681.7
601.3 581.6 562.4 555.2 553.6 548.9 544.3 543.2 533.2 530.4 527.7 530.1 520.8 518.8 525.1 524.1 523.1 521.7 520 517.4 515 525.6 539.2 557.4 573.2 589.8 604.1 629.6 651.6 671.2 687 703.3 719.8 731.9 732.2 713.6 683.2 647.3 611.8 578.2 545.6 517 478.6 478.6 478.6 478.6 478.6 478.6 507.6 535.8 569.2 611.9 656.8 707.4 763 815.8 828.4 835.4 839.7 841.7 840.1 836.9 830.2 819.4 805.7 788.6 778.5 770.2 767.5 764.1 755.5 742.9 724 709.1 696.5 686.1 674 650.3
596.6 578.9 565.4 556.3 535.9 541.7 543.4 534.5 530.1 527.7 525.8 523.5 518.2 525.9 517.8 521.9 521.6 520.9 518.9 517.8 515.8 513.5 525.1 538.7 553.3 566.3 586.5 605.1 623.9 641 656.5 671.2 686.4 696.6 697.8 686.2 662.1 630.2 595.4 563.4 532.2 507 478.6 478.6 478.6 478.6 478.6 478.6 506.3 536.7 576.9 620.2 663.5 728 774.4 817.7 828.3 835 838.9 839.4 836.6 831.4 821.5 807.1 788 769.8 756.2 747 742.6 736.9 729.3 718.2 701.2 689.4 679.2 667.6 657.8 645.3
587.7 570.5 557.2 541.3 537.7 530.5 534.5 532.4 527.5 525.5 520.9 530.3 540.6 536.7 525.5 521.2 513.5 519.3 516.8 515.3 511.2 511 515.2 524.2 537.4 552.2 564.7 582.8 598.2 612.2 628.6 643.6 657.7 668.1 670.2 659.7 638.9 610.3 579.1 547.3 521.3 495.4 478.6 478.6 478.6 478.6 478.6 488.9 515 544.3 578.5 622 674.1 720.2 774.5 815.9 828 834.8 837.7 837.5 833.4 826.1 812.2 793 771.5 752.8 740.7 726.7 720.5 713.9 703.9 693 682.5 671.6 660.2 651.7 642.3 633.9
583.3 563.9 548.1 540.7 536.2 532.8 525 530.2 536.5 542.9 550.5 556.6 557.5 547.6 545.5 536.7 532.5 521.8 517.6 508.9 506.2 506 507.7 513.8 520.9 534.4 549.2 562.6 576.6 590.3 603.9 617.9 632.6 643.4 646.9 637.5 619.9 591.6 563.2 533.8 509.2 478.6 478.6 478.6 478.6 478.6 478.6 493.7 515 551.3 590.7 636.7 691.6 749.5 783.9 818.1 827.9 833.1 836.7 835.9 829.8 818.4 802.8 780.8 758.9 742.6 726.9 709.4 698.6 692 682.4 674.2 664.5 652.6 642.9 635.7 629.2 622.2
568 559.7 543.5 533.7 538 546.9 548.5 564.3 573.2 580.6 582.8 580.1 569.7 561.8 552.5 545.5 542 529.7 520 516.4 512.5 506.4 507.4 503.4 510.8 519.9 534.7 547.6 557.2 571.6 586.4 597.5 610.2 619.9 625.4 619.3 600.8 573 545.3 521.4 498.9 478.6 478.6 478.6 478.6 478.6 478.6 502.4 526.2 556 599.1 645.3 697.9 742.5 788.2 819.5 828.6 832.9 835.2 835.9 829.3 814.4 794.6 770.4 750.2 733.1 717.2 699.4 679 674.6 665.7 656.7 648.6 637.6 629.1 622.5 616 610.4
559.8 549.5 540.5 550.8 563.6 572.9 576.9 593.6 604 608.5 606.3 596.8 584.9 572.4 562.7 555.6 550.2 538.2 524.7 519.3 515 513.8 511.4 502.2 505.2 510.6 521.6 534.2 542.8 556 569.1 579.9 590.4 596.8 600.5 598.4 582.9 547.2 526 504.4 478.6 478.6 478.6 478.6 478.6 478.6 478.6 504.4 530.1 565 604.1 648.9 693.7 749.4 791.6 821.7 830.2 831.9 833.8 835.2 827.1 810.7 787 764.8 744.5 726.2 710.1 693 677.3 659.6 652 642.8 633.1 625.4 617 611.9 604 599.7
547.2 542.8 552.2 569.4 581.2 592.7 607 621.4 631 638.7 629.3 615.1 601.4 583.7 576 566.1 555.7 543.4 531.5 523.2 516.2 512.2 510.3 506.9 501.1 504.2 509 519.5 533.6 543.8 556.7 563.8 571 575 578.3 577.6 566.6 545.5 517 501.2 478.6 478.6 478.6 478.6 478.6 478.6 492.5 512.3 541.9 584.5 622.3 661 709.6 760 793.1 821.1 829.5 835.2 837.2 834.7 823.5 805.4 782 758.6 739.3 720.5 704 687.4 671.9 659.5 642.2 629.9 620.7 614.3 605.8 600.5 595.9 590.3
541.8 538.3 568.4 587 600.6 615.9 631.8 647.8 661.2 667.6 655 633.5 616 602.7 589.5 574.7 559.7 547.2 539.8 527.7 518.2 513.2 511.5 508.5 503.9 501.4 499.8 511.7 524.1 535.2 541.7 546.9 554.4 554 559.1 558.8 552.2 535.5 508.5 486.3 478.6 478.6 478.6 478.6 478.6 478.6 502.3 525.7 556.7 595.3 633.8 683.2 728.5 769.9 802.6 819.8 828.8 834.9 839.4 837.2 823.2 802 778.8 756.7 736 716.5 699.8 683.2 668.8 656 642.8 625.4 607.5 603.3 596.9 591.7 586.6 583.1
550.9 566.5 579.7 602.6 621.9 639.6 658.9 677.5 693.4 695.1 678.4 655.3 627.8 615.1 593.8 582 569.5 556.8 547.2 532.7 521.7 516.9 517.6 518.3 510.6 502.9 500.4 500.6 510.1 519.8 528.6 538.7 541.3 543 540 535.5 537.3 518.9 498.3 478.6 478.6 478.6 478.6 478.6 478.6 490.5 511.5 537.5 569.2 610.6 647.9 690.5 742.3 778.6 799.9 814.4 824.9 832.4 838.9 837 823.1 801.8 778.7 754.9 732.6 713.3 696.1 679.5 665.9 653.3 637.9 622.6 608.4 596.1 585.2 582.8 578.1 575.6
565.7 588 609.5 626.4 645.3 666.2 686.7 707.8 720.7 713.1 702.5 675.5 649.8 621 608.7 594 579.3 566.8 553 537.6 526.2 521.8 523.2 518.5 515.6 512.6 501.7 498.8 499.3 507.1 519.6 526.6 533.5 535.1 530.9 523.2 518.4 507.1 493.1 478.6 478.6 478.6 478.6 478.6 478.6 500.1 522.4 552.3 588.7 629.4 660.4 702.2 752 777.2 792.3 806.4 818 829 837 837 824.4 802.5 778.4 754.2 729.6 710.6 692 675.1 660.1 648 633 617.5 603.7 594.3 584.3 574.6 569.1 567.9
587.7 613.3 631.5 650.6 671.9 694 714.6 733.9 745.4 728.7 707.5 680.1 658.6 644.5 622.4 603.7 590.1 573.4 552 541 529.3 522.8 521.1 519.3 514.7 513.7 513.1 502.7 497.9 495.8 510 517.5 524.6 527.6 522 519.3 510.1 499.5 484.9 478.6 478.6 478.6 478.6 478.6 490 506.9 531.6 561.1 602.8 646.2 682 719.7 754.9 772.3 786.1 799.2 813.6 826.8 837 836.4 824.4 803.2 778.9 753.8 726.4 705.4 686.5 669.8 654.3 642 629.9 610.8 597.1 589.6 581 573.8 566.6 559.7
618.2 637.8 657.1 676.1 698.3 721.9 742.6 759.1 748.9 734.2 717.5 688.8 667.2 646.4 627.5 609.6 588.1 574.7 558.6 546.6 535.9 528 519.8 516.4 515 511.3 512.6 513.5 500.4 498.3 496.4 511.2 518.3 517.9 514.9 515.1 508.1 499.1 490.5 478.6 478.6 478.6 478.6 478.6 494 515.4 543 579.1 619.1 650.5 690.5 732.8 752.5 766.5 780.9 793.9 810.3 827.1 835.8 833.9 822.1 800.6 777.7 749.9 721.8 698.4 680.7 662 645.7 633.7 622.8 603.9 590.2 582.3 575.5 569.1 562.8 551.2
642.4 663.3 684.4 706.2 725.6 750 770.8 775.3 767.4 747.8 726.4 703.3 678.4 656.3 633.2 617.2 597.9 578.6 561.7 549.9 541.4 535.7 526.5 517.7 513.7 510.6 509.4 510.9 512.7 498.7 496.6 500.4 508.7 513.1 510.6 513.1 506.3 498.8 494.3 481.7 478.6 478.6 478.6 478.6 500.6 526.1 559.4 598.4 635.9 666.3 707.6 734.9 747.8 760.2 774.1 788 809.5 826.6 831.8 830.2 817.6 796.7 771.3 742.6 713.4 691.9 673.7 654.4 639 625.5 613.9 597.7 584.4 576.2 568.8 561.7 554.7 545.8
669.5 690.7 713.5 733.2 753.9 777.6 784.8 783.8 779.6 765 738.8 716.1 693 667.7 646.1 625.5 603.3 581.5 565.9 554.2 543.7 532.5 522.9 518.4 515.3 508.6 507.3 509.6 509.9 511.7 499.6 493.2 500.9 503.1 505 507.8 504.2 500.3 495.1 493.1 491.6 478.6 478.6 481.2 508.9 539.7 578.2 618.3 650.9 683.7 713.5 729.8 742.5 754.2 767.2 782.1 803.8 820.7 826.8 823.7 811.2 787.1 758.6 731.8 706.3 684.1 665 645.7 631.2 618.4 605 591.2 579.6 570 560.7 551.8 539.4 564.3
695.4 718.6 739.4 759.6 779.6 788.2 790.1 791.4 788.6 780.5 755.3 727 702.8 678.4 656.3 633.3 610.8 588.3 572.8 560.1 546 534.7 526.8 520.7 516.4 510.6 505.1 506.2 507 509.7 511.1 495.1 493.1 497.9 500.8 504.1 502 499.7 496.4 493.5 492.2 479.3 489.3 496.2 519.1 553.6 599.9 631.5 663 694.2 709.8 722 735 747.1 761.7 777.1 796.9 813.4 818.6 814.8 800.8 776.1 748.7 724.3 699.1 675.7 655.6 637.6 622.3 609.5 597 583.9 571.5 561.8 551.8 543.4 546.9 570.6
723.9 744.9 768.1 785.9 793.4 797 797.3 795.7 793.7 791.2 772.1 740.4 713.7 687.7 665.3 639.7 615 595.3 580.3 565.3 548.6 535.4 529.9 523.5 517.6 511.7 504 503.8 504.6 503.1 504.3 499.5 499.1 489 497 501.1 500.1 498.4 496.2 493.8 491 490.4 489.3 500 530.1 569.2 613.3 646.1 674.2 692.9 702.4 712.2 725.8 739.6 754.6 772.9 791.8 805.8 810.1 805.4 787.3 764.3 739.5 713.9 689 666.6 646.2 628.3 614.9 600.3 588.8 578.2 563.4 552.8 541.9 531.2 546.9 560.4
749.1 772.3 791.7 795.2 797.1 800.9 802.6 799.6 801.1 799.8 785.3 755.7 721.9 693.9 668.1 644.3 621.3 600.4 583 565.8 551.5 541 531.1 524.7 516.8 513.6 505.6 502.5 503.2 501 498.7 497.2 497.2 492.5 489.2 498.1 499.1 498.3 492.8 491 490.9 489.1 491.1 507.7 542.8 587.2 631.5 668.1 678.2 686.9 693.5 702.5 715.1 730.9 746.3 767.1 783.7 796.7 799.4 792.5 774 751.7 728.6 703.6 678.3 656.3 636.9 618.1 605.6 591.5 581 570.9 555.5 543.5 533.5 538.1 552.6 566.7
768.3 785.5 799.4 795.4 798 803.4 804.7 802.5 803 800.7 793.3 762.4 729.4 699 670.8 645.1 623.7 603.5 582.8 566.1 553.9 544.1 533.1 523.9 517 512.2 504.7 499.4 500.8 498.2 496.1 495.4 495.8 492.1 488.9 495.5 499.7 497 493 491.4 489.1 489.1 493 516.3 550.7 594.2 645.5 671.2 677 680.2 683.4 691.8 703.3 718 736.7 758.7 775.2 787.3 788.1 780.6 761.4 739 714.9 690.1 665.3 644.8 627.6 610.1 597.7 584.4 574 564.7 548.3 536.1 523.3 541.1 556.6 572.5
771.7 783.9 795.6 799.1 796 801.6 804.6 805.2 803.2 800.3 794.5 768.1 731.5 699 669.4 646.2 623.9 602.2 581.6 566.8 554.8 545.2 533.9 524.2 516.1 512.7 505.9 500.8 496.2 496.6 493.8 493.6 493.6 491.4 488.8 484.8 497.6 495.6 494.4 491.9 493.7 492.6 499.8 524.4 557.2 601 644.9 665 669.2 669.5 673 680.3 691.5 706 726.9 747.3 763.2 775.7 775.4 765.1 746.1 724 699.2 675.8 653.4 634.9 617.7 603.6 590.4 577.5 567.3 558.4 540.1 527.2 520.9 543.5 559.3 578
767.5 777.8 789.9 786.8 786.9 796.7 801.2 802.5 802.9 799.4 793.9 769.5 730.9 697.1 667.1 642.6 621.2 600.8 582.2 567.2 553.9 545 535.6 525.7 514.8 511.8 504.1 500.2 494.6 494.6 491.1 492 491.6 490.4 489.3 485 496.6 495.1 493.5 493.2 493 493.2 503.5 532.4 570.6 608.7 645.1 656.5 659.5 659.2 661.8 667 678.2 695.1 715.3 733.8 749.6 760.6 759.4 747.6 728.9 707.8 684.3 662.3 642.1 624.9 608.6 595.8 582.2 570 558.5 549.3 532.8 517.9 528.6 546.9 563.3 584.4
760.5 767.9 776.5 774.3 775.9 787.8 789.9 792 797.4 796 784.9 757 722.3 690.2 664.3 640.9 618.7 598.2 581 566.1 552.6 540.9 532.6 525 514.7 507.7 502.6 500.2 496 490.7 489.2 489.2 489.1 488.8 486.8 484.9 490.9 495.1 493.9 493.4 492.8 492.5 508.4 539.7 578.6 615.9 645.3 650 650.5 649.1 649.1 654.4 663.9 682.3 701.4 718.5 735.4 745.5 740.8 727.3 712 691.6 670 650.4 631.7 615.4 600.1 587.1 574.7 562.8 551.1 541.9 523.3 514 532.9 550.2 568.7 589.9
745.4 745.4 746.5 747.5 752.5 752 753.2 757.7 772.3 770.8 761.6 738.4 709.1 681.3 659.2 637.6 618.5 597.9 579.3 564.4 549.5 540 532 523.9 515.4 506.4 502 498.9 496.9 491.2 489 487.7 487.4 485.4 482.4 484.3 494.6 494.2 493.4 492.9 492.1 493.7 511.9 546.2 586.8 622.6 640.8 642.6 641.7 637 635.4 639.9 650 666.7 685.4 701.9 718.4 723.5 721.5 711.9 697.9 678 657.3 639.3 621.5 605.4 591.1 578.6 567.2 556 543.3 534.4 513.1 519.3 535.8 553.3 574.1 593.1
717.1 716.1 712.6 713.4 714.9 716.2 718.3 726.1 733.3 732.4 723.8 713.4 694.8 672.3 650.2 630.8 614.9 595.9 577.8 561.4 546.9 537.3 530.2 522.2 515.2 506 501.3 497.3 494.3 489.2 486.2 485.9 485.2 483.6 482.8 483.6 494.2 493.2 492.5 491.4 490.8 494.8 515.1 547.4 590 623.5 632.4 632.1 630.5 626 623.1 627.8 635.2 649.2 665.7 682.5 695.9 701 701.9 696 682.6 664.2 645.7 627.2 611.4 595.5 581.8 571.5 560.7 548.3 535.5 525.4 504.4 518.1 537.8 557.5 578.3 596.4
687 684.6 684.5 686.1 682.2 686.2 690.5 694.8 697.7 698.2 693 688.3 682.7 666.8 646.8 624.8 605.9 590.7 573.1 558.9 544.9 536.5 528.1 520.7 515.2 505.8 500.6 495.7 490.5 487.1 485.4 484.2 483.6 482.2 482.5 483.5 492.8 491.5 490.4 489.7 491.8 498.2 516.1 547.3 592.4 619.2 623.3 619.5 619.5 616.9 610.5 614.7 622.2 631.6 646.4 660.3 673.6 681.8 684.5 680.9 668.8 650.9 633.8 618.9 601.4 587.2 573.7 562.4 551 539.5 528.9 513 505.2 522.5 541.1 561.2 581 599.3
668 662.7 661.6 660.8 658.1 661.8 666.9 669.9 671.5 670.3 669.9 667.6 663 656.2 640.4 619.6 600.8 584.4 568.2 553.8 540.5 533.2 526.3 520.3 513.7 508.9 502.1 496.4 489.1 482.8 483.5 482.4 481.6 479.2 481.5 491.7 491.2 489.4 488.8 485.8 493.7 501.9 520.3 551.9 592.2 613.4 613.6 610.6 608.5 606.3 599.8 602.4 610.3 618.6 628.9 639.5 654.4 664.1 668.3 665.2 654.3 641 623.6 607.1 591.8 578.1 565.4 555.1 543.3 531.2 520 501.2 509.1 525.8 543.7 564.3 582.5 603.1
652.5 643 643.4 642.1 643.1 641.4 643.8 646.7 652.9 652.1 650.9 646.1 641.2 636.1 623.9 602.9 588.8 576.9 561.1 546.4 536.4 530.5 523.3 516 513.8 504.8 500.5 495.4 488.9 482 481.4 480.7 479.9 480 481 490.7 490.3 489.7 486.5 490.6 495.2 503.5 523.8 560.2 598.8 608.2 605.8 601.1 598.9 596.5 590 590.7 598 605.3 613.5 625.3 637.6 648.6 654.1 651.5 644.5 629.1 613.6 597.1 583.6 570.5 558.4 547.9 536 523.2 509.4 499.7 512.8 528.9 546.2 566.7 585.2 606.9
647.2 631.3 629.7 627.3 627.4 625.1 624.1 629 631.3 635.1 631.6 627.4 622 615.2 605.2 596.5 587.4 570.7 551.9 541.9 533.9 527 520.9 513.4 507.6 495.5 493.6 492.6 488.2 480.4 479.7 479.8 479.8 479.5 487.6 489.2 488.7 487.9 490.2 494.2 495.6 504.7 524.7 559.6 594.6 600.9 598 595.4 590.8 585.6 581.7 580 586.1 593.1 600.5 610.5 622.7 633.1 639.7 638.9 630.2 616.2 603.9 590.8 577.3 563.9 549.5 539.1 528.4 517.9 497.7 501.3 515.6 530.8 548.5 569.4 587.9 609.9
655 641.4 625.4 613.1 609.4 609.7 610 610.4 609.8 615.5 612.6 609.1 603.6 597.3 591.9 585.5 576.6 564.9 549.7 541 531.7 527.6 516.7 507.4 505.5 500.3 495.8 488.2 485.5 478.5 479 476.1 479.1 482.2 488.6 488 487.7 485 487 494.6 495.9 500.7 528.1 560.3 585.9 594.8 591.7 586.9 582.3 576.7 573.6 569.4 574.9 581.7 589.3 597.6 608 617.3 624.1 624.7 618.9 607.9 595.8 582.7 568.1 552.9 541.7 531.6 515.9 504.1 488.3 503.1 516.1 533.7 550.9 571 589.5 612.3
658.9 641.5 634 618.8 608.4 596.5 598.5 599 597.1 598.3 597 592.9 588.2 580.6 576.1 569.3 561 551.1 542.3 532.7 526.4 520.7 515.2 509.5 501.9 497.8 492.6 486.8 480.3 477.1 475.6 477.1 477.9 486 487.1 487.2 489.5 482 490.8 496.9 497.3 513.2 530 558.7 581.5 590.2 584.6 577 572.4 569.6 567 558.3 565.1 571.3 580.4 587.3 595.4 605.3 610.4 610.9 607.2 598.1 587.2 573.5 556.5 543.5 533.9 521 513.2 495.2 489.7 503.5 519.3 538.3 553.9 573.9 592.2 614
666.8 655.8 638.3 621.8 612.5 604.6 597.2 584.9 584.8 585.4 582 581.1 574.9 569.3 564 557.7 550.2 542.4 536.1 530.1 524.5 516.1 511 506.5 502.5 500.7 491.8 485.5 478.1 476.6 475.7 476.6 477.4 484 485.4 484.9 485.5 481.2 489.2 499.4 506.2 509.2 538.9 560.3 578 583.5 578.7 572 563.7 559.4 559.9 554.3 556.8 560.7 568.8 578.4 585.1 592.5 597.9 597.7 595.9 588.1 577.5 560.8 547.1 535.1 526.3 513.5 500.6 492.5 493.4 505.8 521.4 539.2 558.1 579.7 595 614.9
