public/OST50/NN78.asc
ncols 200
nrows 200
xllcorner 270000
yllcorner 780000
cellsize 50
[rows 70 to 104 of 200, columns 78 to 155 of 200]
885.1 885.4 884.2 880.7 875.5 871.7 867.4 860.7 854.3 847.6 840 830.8 823.4 816.4 809.9 800.7 790.5 780.5 769.3 750.1 725.6 697.2 666.7 636.1 606.7 578.5 552.1 527.8 502.7 479.5 460.9 444.9 425.7 425.5 425.5 425.5 425.5 425.5 425.5 425.5 425.5 425.5 425.5 425.5 425.5 434.8 464 492 525.6 563.3 612.9 658 693.6 729.9 771.4 811.5 831.6 834.5 836.3 839.5 841.4 842.2 841.2 838.2 834.2 827.5 822.4 820.4 825 828.8 834.6 841.2 848.2 854.1 855.2 855 853.1 850.1
880.1 881.1 880.7 878.7 875 870.6 865.7 859.3 851.7 845.4 836.3 826 817.9 810.6 802.5 789.5 776.2 763.5 752.6 735.4 710.7 680.8 650.9 621.4 591.8 566.4 540.2 513.5 491.5 471.2 453.3 438.6 425.5 425.5 425.5 425.5 425.5 425.5 425.5 425.5 425.5 425.5 425.5 425.5 425.5 442.4 472.4 502.5 541.6 579.3 622.7 652.1 686.4 724.4 767.7 811 839.3 840.3 841.1 843 845 847.9 848.2 846.6 842.7 838.8 834.9 833.5 837.3 840.7 846.8 852.8 858.6 862.2 861.3 860 858.2 856.1
874.6 875.9 876.6 875.2 872.6 870 864.9 857.9 850.1 842.5 832.7 820.3 802.5 792.4 777 762.8 748.2 735.5 724.4 708.7 687.4 662.6 633.7 604.5 581.8 554.1 526 501.1 482.1 461.8 444.2 425.5 425.5 425.5 425.5 425.5 425.5 425.5 425.5 425.5 425.5 425.5 425.5 425.5 425.5 449.5 481.4 515.6 553.9 597.1 639.7 678.7 704.7 735.2 777 822.1 841.4 842.3 842.3 843.1 847 850.6 852.1 851.6 848.8 846.3 842.8 843.1 846.4 850.7 855.7 860.4 864.5 866.5 865.1 863 862 861.3
868.5 869.7 870.2 870.2 869.2 868.1 863.9 857 849.3 840.3 825.2 800.3 776.7 762.8 748.5 734.8 722 709.9 697.5 682.7 664.2 642.9 616.8 589.7 565.9 538.2 510.3 491.5 472.8 453.2 432.4 425.5 425.5 425.5 425.5 425.5 425.5 425.5 425.5 425.5 425.5 425.5 425.5 425.5 428.6 461.9 489.7 527 566 609.8 642.8 674.2 714.6 764.3 801.2 830.2 839.8 841.7 841.8 842.3 846.1 850.1 852.3 853.4 852.2 850.2 847.1 848.8 852.2 857.2 861.2 864.7 867.5 867.6 866.2 865.1 864 864.3
862.3 863.2 863.7 864.2 865 865.5 862.8 855.8 846.5 828.6 799.9 774.6 753.6 737.6 723 709.8 697.1 685.6 671.7 657.6 640.7 620.5 597.3 573.5 550.4 520.9 497.6 479.4 462 445.6 425.5 425.5 425.5 425.5 425.5 425.5 425.5 425.5 425.5 425.5 425.5 425.5 425.5 425.5 438.7 471.7 503.6 535.7 576.4 620 654.4 694.5 735.5 776.7 817 829.4 834.3 837.5 839.1 840.8 843.6 847.1 850.5 852.9 853.1 851.9 850.2 851.3 855.9 860.6 863.6 865.7 866.9 867.2 867.5 866.9 866.7 867.1
857.6 857.9 859.2 860.4 861.5 862.3 859.9 853.3 839.7 808.6 779.7 755.3 735.7 718.5 703.7 689.2 674.9 663.5 649.4 635.4 617.6 599.9 579.9 559.2 534.1 508.7 486.5 470.5 454.5 433 425.5 425.5 425.5 425.5 425.5 425.5 425.5 425.5 425.5 425.5 425.5 425.5 425.5 425.5 451 480.6 510.2 549.4 591.7 633.8 669.5 706.8 753.8 785.6 821.2 825.4 827.2 829.5 834 835.8 839.5 843.4 846.4 849.5 851.2 850.8 850.1 852.1 856.2 860.4 862.6 864.4 865.5 866.3 867.1 867.9 868.4 868.9
854.2 855.2 856.1 857.3 858 858.7 856.6 849.9 825.2 793.6 765.9 743.1 725.4 708 690.8 676.4 660.9 646.4 632.7 618.1 602.3 584.3 566.6 545.9 519.1 498.3 479.4 464.2 445.8 425.5 425.5 425.5 425.5 425.5 425.5 425.5 425.5 425.5 425.5 425.5 425.5 425.5 425.5 434.3 461.4 493.6 525.4 560.9 600.4 636.9 681.6 725.7 766.5 796.1 811.7 817.2 818.1 819.9 823.8 827.8 834.9 840 843.3 846.7 848.4 849.4 849.1 852.1 855.4 858.5 860.1 862.1 864.6 865.5 866.6 867.7 868.3 868.8
851.7 852.6 853 853.2 853.6 854.3 852.8 845.7 816.1 784.2 757.4 735.8 720.1 700.1 680.9 667.7 654.4 640.5 625.1 610 593.8 574.6 555.6 529.7 508.7 489.1 472.6 456.5 437.7 425.5 425.5 425.5 425.5 425.5 425.5 425.5 425.5 425.5 425.5 425.5 425.5 425.5 425.5 445.2 473.3 506.8 538.9 576.1 616.2 658.1 705.6 743.9 775.8 785.5 790.2 795.5 801.4 805.4 812.3 819.9 828.6 836.1 840.8 844.2 845.8 846.8 848.5 850.8 852.8 855 857.2 859.5 862.1 863.8 865.3 866.5 867 867.5
847.7 848.6 848.9 849 848.3 848.4 846.9 841.5 817.5 783.3 754.6 732.7 717.1 696.9 675.5 658.9 648.8 635 620.3 605.1 587.4 566 541.5 520.1 496.5 479.1 464.3 450 426.6 425.5 425.5 425.5 425.5 425.5 425.5 425.5 425.5 425.5 425.5 425.5 425.5 425.5 430.1 453.3 484.6 517.8 552.5 590.3 628.4 673.8 717 748.3 759.7 762.8 765.6 769.9 776.4 783.8 799.3 812.2 823.4 832.1 836.6 838.7 840.8 842.8 844.9 846.9 849.4 851.7 853.9 856.6 859.4 860.6 861.7 863 864.7 866
843.4 844 844.7 844.6 843 842.4 840.1 835.7 824.1 790.4 758.5 733.1 715.8 695.3 671.3 653.5 642 630.1 616.4 601.3 583.4 561.3 533.3 510 491.3 474.2 457.7 440.5 425.5 425.5 425.5 425.5 425.5 425.5 425.5 425.5 425.5 425.5 425.5 425.5 425.5 425.5 439.3 465.3 493.6 525.8 561.8 597.6 638 682.2 713.4 728.8 733.9 736.7 735.1 737.6 745.9 760 790.8 807.3 818.7 825.5 830.1 832.8 833.4 837.7 840.9 844.1 846.1 848.2 849.4 851.7 854.5 856.6 858.1 860.2 861.9 863.1
839.2 839.8 839.6 838.7 835.9 833.2 831 828.7 822.8 800.1 766.1 737.4 712.9 688 665.7 649.7 636.4 622.4 609.1 594.7 575.7 552.8 527.8 503.8 485.8 467.4 449.3 433.1 425.5 425.5 425.5 425.5 425.5 425.5 425.5 425.5 425.5 425.5 425.5 425.5 425.5 439.4 454.6 479.5 502.1 535.3 569.9 606.2 638.3 673.8 692.4 701.9 705.2 703.6 700.3 703.8 722.9 753.1 783 795.1 809.8 818.1 824.1 826.4 831 835.3 838.8 840.6 841.9 843.3 844.1 846 848.2 850.3 853.9 857.5 859.1 860.2
838.2 833.6 834.1 831.8 828.1 825.5 822.5 820.7 815.2 803.2 779.6 745.5 713.3 682.6 659.1 643.7 630.4 615.4 602.2 584.6 564.8 538.9 515.8 491.7 474.5 462.1 444.1 425.5 425.5 425.5 425.5 425.5 425.5 425.5 425.5 425.5 425.5 425.5 425.5 425.5 436.2 444.9 460.1 483.2 509.7 539.4 571.2 604.5 633.5 653.8 663.5 670 671.5 664.9 697.5 723.1 748 764.7 776.5 785.4 803.7 811.6 817.1 823.7 828.6 832.6 835.6 836.2 837.5 839.5 840 840.4 841.8 844.9 849 853 855.3 856.5
837.2 829.5 825.1 823.8 820.3 817 811.2 808.5 803.1 788.8 766 741.3 713.4 681.1 653.6 637.3 624.6 611 592.8 574.2 553.6 531 508.6 489.7 472.4 454.7 431.1 425.5 425.5 425.5 425.5 425.5 425.5 425.5 425.5 425.5 425.5 425.5 425.5 425.5 434.5 446.4 469.1 490.5 498.5 524.8 549.4 584.8 609.5 618.2 626.8 627.6 658.5 685.6 712 738.7 764.8 782.1 784.6 800.3 806.7 813.5 817.8 822.6 827.5 829.8 831.6 831.6 833.9 835.6 836.9 837 837.5 839.7 843.2 846.7 849.2 850.3
835.2 828.8 821 814.6 811.3 807 799.7 792.2 784.8 766.8 745.2 722.2 698 673.4 650.1 633.1 618.2 602.1 583 565.8 544.3 524.2 504.8 485.6 468.2 451.4 425.5 425.5 425.5 425.5 425.5 425.5 425.5 425.5 425.5 425.5 425.5 425.5 425.5 425.5 428.7 452.7 481.1 508.8 526.8 534.9 539.7 561.3 579.1 614.2 636.4 657.7 682.4 707.2 730.7 755.4 779.9 803.4 807.6 803.7 809.9 816.2 821.8 824.1 826.2 827.3 828.9 829.3 831.3 833.7 832.7 833.3 833.2 834.7 838.1 840.6 842.7 843.6
833.1 825.7 818.4 808.3 799.7 787.6 775.2 761.1 753.6 740.1 722.4 701.1 681.1 660.1 640.2 623.5 606.3 590 572.9 554 534.2 515.7 497 478.6 460.6 434.7 425.5 425.5 425.5 425.5 425.5 425.5 425.5 425.5 425.5 425.5 425.5 425.5 425.5 425.5 436.4 461.2 488.8 514.7 538.7 559.8 577.6 598 617 635.3 661.4 682.2 705.3 729.9 752.5 775.2 798.8 815.5 816.1 811.9 810.1 817.2 824.2 824.8 824.6 825.6 826.8 827.9 828.8 830.2 829.3 829.3 829.5 830.5 832.7 834.5 835.8 837.5
830.4 822.3 813.2 798.7 767.7 752.9 741.9 729.4 724 710.3 697.1 679.7 660.8 641.1 624.1 607.8 592.6 578.8 561.9 543.5 525.9 507.9 489.6 472.4 451.3 427.4 425.5 425.5 425.5 425.5 425.5 425.5 425.5 425.5 425.5 425.5 425.5 425.5 425.5 425.5 447.5 469.8 500.3 526.7 549 569.6 592.1 616.6 634.4 653.1 682 705.9 728.4 752 773.9 794.1 817.8 824.1 822.2 815.2 809.8 813.5 819.2 821.6 822.5 824.1 824.7 825.7 826.3 827.2 826.3 826.3 825.9 827.2 828.3 829.8 831.2 833
826.3 817.5 804.9 777.6 749.2 724.1 711.4 701.9 696.1 682.9 671.6 656.7 637.7 620.7 605.9 592.3 578.8 565.4 548.5 533.7 519.6 502 485 466.9 448 430.5 425.5 425.5 425.5 425.5 425.5 425.5 425.5 425.5 425.5 425.5 425.5 425.5 425.5 425.5 454.9 480.5 504.3 534.7 559.2 579.1 601.9 626.7 647.9 674.4 691.8 726.4 748.2 772.2 793.5 812.8 823 827 822.4 815.3 812.1 811.5 813.4 816 819.3 821.3 822 823.4 823.6 824.5 823.3 823.9 822.6 823.7 824.5 825.7 827.6 828.5
822.4 813.5 797.2 769.9 735.6 711.2 692 679.7 671.5 660.9 648.9 631.1 616.6 603.4 589.8 577.6 564.6 552.2 540.2 527.4 513.3 500.7 481 462.4 449.7 432.7 426.2 425.5 425.5 425.5 425.5 425.5 425.5 425.5 425.5 425.5 425.5 425.5 425.5 425.5 461.2 492.9 523.4 552.8 569.1 587.9 612.7 633.8 660.9 689.4 707 736.4 764.3 788.1 804.4 820 820.8 818.9 816.2 813.1 811 810.3 810.7 813.2 815.8 817.5 818.7 819.5 819.5 820.5 821.4 821.9 819.5 820.1 820.2 821.3 824.7 825.7
817.5 807.8 776.8 747.5 715.5 698.5 681.6 663.6 651.8 640.5 629.2 617.8 606 593.1 579.7 566.7 556.5 544.7 533 521.3 509.5 494.9 478.1 461 444.9 438.6 429.3 425.5 425.5 425.5 425.5 425.5 425.5 425.5 425.5 425.5 425.5 425.5 425.5 436.7 468.4 500.1 534.1 565.5 581.9 598.6 622.8 646.1 673.7 699.8 725.3 739.2 772.3 794.7 806.3 811.2 807.8 800.3 806.7 809.1 807.3 807.8 808.8 810 811.6 813.1 814.3 815.2 815.1 817 819.5 819.1 817.5 816.7 817.9 820.7 822.4 824.2
811 790.9 754.5 716.3 695.9 679.5 663.4 650.5 637.7 624.5 611.1 601.1 590.6 579.3 569.2 559.1 548.6 538.3 529.2 517.9 505.7 489.5 473.1 462.9 457.5 444.8 428.6 425.5 425.5 425.5 425.5 425.5 426.9 425.5 427.1 427.5 427.4 425.5 425.5 441.9 475.2 509.9 543.1 578 599.9 609 632.1 656.8 684.5 711.6 737.4 758.5 778.2 789.6 790.3 788.1 777 775.8 799.3 801.1 802.4 803.6 805.6 805.6 806.8 808.4 809.1 809.7 810.5 813.7 816 816 814.7 816.5 818.4 819.3 821 822
799.2 765 724.9 697.2 677.9 665.9 652.8 641.6 627.9 615.2 602 589.6 578.7 570.9 560.6 551.2 541.5 533 524.7 513.6 500.1 482.2 479 471.5 462.4 442.7 429 425.5 425.5 425.5 425.5 426.7 428.6 426 430 430.7 430 426.8 429.3 445.9 481.3 516.9 552.5 589.6 619.5 631.8 646.3 675.5 700.8 724.1 752.7 769.8 770 770.9 765.2 758.3 747.3 770 790.5 795.2 798.1 800.2 801.1 800.7 796.4 800.1 798.1 801.5 804.4 807.3 808.2 810.3 813.8 815.1 819 820.2 821.3 821.9
775.5 741 707.7 683.6 667 659.3 647.6 634 621.3 607.3 594.1 583.6 570.5 563.4 554.9 544.7 536.1 529.1 518.6 505.7 498.3 495 485.3 478 462.2 441.8 429.1 426.4 426.9 425.5 425.9 430.2 430.9 429 429.9 431.1 430.6 429.7 430.2 448.8 485.8 522.2 560.5 602.5 641.2 659.6 667.4 684.8 716.8 740.9 754.3 751.8 745.4 744.1 735.5 726.8 722 763.8 785.7 792 794.6 794.9 794.7 789 793 800.5 804.5 806.8 807.1 810.2 815.1 817 817.1 817 818.7 819.8 820.7 821.8
757.9 725.2 698.1 675.8 656.6 657 643.1 630.1 613.4 600.8 589.1 579.3 569.8 558.3 549.4 540.2 533 524.8 514.2 509.1 509 502.4 490.3 480.2 459.9 446.2 429.5 429.4 428.7 428.8 429.6 430.7 431.5 430.9 430.2 431.3 431.6 430.7 430.3 451.2 486.9 524.1 562.8 611.8 654.7 685.1 698.7 706.1 725 736.8 731 722.7 713 708.4 701.5 691 712.3 754.6 776 787.6 790.9 791.7 785.1 790.7 796.6 801.7 805.2 806.7 808.8 812.4 816.3 818.5 818.6 818.5 820.1 820 820.1 820.9
744 714.2 690.6 669.4 654 649.8 646.6 628.8 612.5 599.7 587.5 576.5 567.7 557.9 548.5 540.1 530.9 523.3 519.8 520.5 517.4 510 500.3 486.5 472.3 457.2 438.5 429.5 429.2 429.1 429.7 430.3 431.2 430.5 430.6 431.4 432.1 431.9 431.5 455.4 491 527.2 563.5 607.5 653.7 700.4 722.8 729.7 726.5 715.7 701.4 688.1 677.2 671.6 667 670.3 704 722.2 762.1 783.6 787.1 781.4 774.5 790.1 796.9 801.6 803.8 807.3 808.2 811.3 816.3 818.9 818.9 818.8 820.1 820.1 820.2 820.6
735.5 712 689 669.8 651.5 637.9 638.6 622.9 608.6 597.5 585.4 575.5 565.9 556.1 548.1 543 538.3 533.7 531 529 527 518.5 509.7 498.6 481.6 460.5 445.5 429.5 429.5 429.6 429.7 430.9 430.9 430.8 430.9 431.6 432.5 432.5 432.3 454.7 489.5 525 561.7 605.9 657.9 714.4 735.5 727.3 710.6 689.5 669.8 653.5 641.7 634.4 633.1 654.2 676.7 714.7 744.3 766.3 773.8 766.6 780 789.8 796.1 800.7 804.4 807.3 808.1 810.5 815.6 818.8 819.5 819.2 819.7 820.4 820.2 820.1
739.4 715.7 693.8 674.1 654.2 638 617.2 618.3 604 591.2 581.8 573.3 564.1 556.8 551.1 549.2 545.8 544.3 545.3 545 538.5 525.8 525.6 511.9 492.5 467.1 447.4 434.4 430.3 429.4 429.7 431.3 431.3 431.2 431.2 432 432.7 433 433.5 452.4 487.1 523.7 560.4 601.3 663.7 708.6 727.6 711.6 690.6 664.5 639.2 617.5 604.6 617.2 635.3 636.6 662.4 688.1 722.8 732.7 755.9 767.9 785.6 787 792.4 799.7 804 807.1 808.4 810.7 813.8 817.3 818.9 819.2 819.5 819.3 819.4 819.2
750.7 723.3 702.7 682.4 659.4 634.8 613.2 597.8 597.4 589.4 578.3 569.3 563.7 557.4 558.6 555.3 558 557.5 562.1 562.3 558.8 551.6 544.4 525.4 503.5 478.8 456.2 435.4 430.5 430.1 430.9 431.2 431.6 431.5 431.5 432.3 433.1 433.8 434.8 448.4 483.2 519.1 555.9 598.1 655.1 696.8 708.8 690.3 669 643.3 613.1 597.5 620.6 636.6 652.8 670.3 678.3 703.7 720.8 748.7 769 784 792.3 796.5 797.5 794.9 801.2 805.5 808.5 811 814.2 815 817 816.9 817.2 816.6 815.9 814.3
769.2 739.6 715 690.9 662.2 637.3 618.5 602.1 587.3 581 580.1 571.2 566.1 564.7 569 567.6 577.6 579.3 583.3 582.5 582.2 574 557.9 535.3 510.6 487.8 461.3 438.1 431.1 430.9 431.5 431.3 431.1 432.3 432.6 432.9 433.8 434.7 434.4 442.9 476 512.7 548.6 592.3 642.7 671.2 685.2 666.2 643.8 621.2 590.4 597 614.4 637.5 661.7 686.9 710.4 732 752.7 773.7 789.2 793.7 796.8 800.5 802.4 803.3 798.5 803.4 807.6 810.6 813 814.3 814.7 813.1 812.4 811.8 810.7 808.7
791.9 758.6 729.9 700.8 671.1 647.2 626 606.3 591.7 582.7 580.9 577 574.3 574.4 584.9 586.7 597.3 601.4 605.7 606.7 603.9 594.5 568.3 538 515.2 492.2 467.2 442.5 432.1 431.3 431.6 431.5 432.5 432.6 432.9 433.5 434.3 435.2 436.4 439 468.1 504.1 539.1 578 614.7 653.3 658.6 640.4 619.8 595.7 567.6 597.2 622 645.9 669.2 695.5 724.9 751 775.2 790.7 797.2 800.4 801.5 803.6 805.3 805.4 804.3 803.3 804.5 808.9 811.1 811.9 810 808.9 807.8 807.5 804.1 802.8
795.5 779 747.7 713 681.3 655.5 631.7 616.5 606.2 592 586.3 588.7 586.5 596.9 599.9 612.1 620.6 625.6 628 628.7 626.3 607 576.4 543.2 520.2 494.3 470 450 432.4 432.1 432.9 432.1 433 433.1 433.3 433.9 434.7 436.3 437.9 440.7 459.7 494.2 530.5 565.3 598 635.2 630.8 615.1 593.4 560.8 568.2 595.9 627.9 653.6 680.9 706.2 735.2 764.2 785.4 794.5 800.2 805 805.6 806 807.8 808.1 807.2 807.4 804.1 802.4 806.6 807.2 806.7 805.9 805.2 803.4 800 793.9
789.9 781.9 764.4 731.6 699 670.9 654.9 642.3 625 612.4 604 604.5 610.3 615.7 621.3 637.8 645.2 648.7 650.5 653.5 645.6 619 586.9 555.9 523 496.1 474 455.7 432.9 432.2 433.1 432.3 433.2 433.6 433.7 434.3 435.6 437.5 439.3 440.8 449.2 484.2 517.1 550.3 584.9 608.6 599.8 586.9 571.3 548.3 580.5 612 638.7 664.8 691.8 721.8 751.5 777.8 791.2 797.1 802.3 806.8 809.3 810.1 810.7 811 809.8 808.1 806.3 802.2 804.8 804.6 804.8 803.7 802.1 795.4 793.8 787.1
782.9 776.4 766 748.2 728.6 709.2 695.5 674.6 656.3 640.5 630.7 633.1 640.1 644.5 649.5 659 669.7 674.7 678.4 680.8 666.1 635.7 601.2 569.5 536 504.3 478.4 457.2 433.3 433 433.9 433.6 433.5 433.8 434.1 434.8 436.2 438.1 440.2 442.5 445.2 471 506.3 536.6 568.9 576.8 567.1 561.8 550.1 550.8 588.8 618.5 647 676.7 704.9 735.7 767.5 789.6 796.8 801.1 806 809.9 812.2 813.2 813.4 812.3 811.2 807.3 804.6 803.1 802.9 802.5 802.2 801.6 799.1 793.7 783.4 778.1
774.7 771.1 764.6 756.5 746.3 736.6 726.8 720.1 692.4 673.3 662.2 668 676.2 679.1 683.6 690.9 699.3 707.6 713.7 712.8 689.3 650.7 616.1 580.6 546.2 513.8 481.9 460.2 435.2 433.9 434.1 434.6 434.2 434.3 434.7 435.5 436.8 439.1 441.4 444.2 446.8 459.9 493.9 524 546.8 543.8 540.3 540.9 526.3 567.3 594.1 623.3 654.4 686 717.5 750.5 784.8 795.9 800.8 805.4 809.7 813.4 815.1 815.8 815.5 813.6 810.4 806.4 804.6 802.8 802.3 801.2 800.1 798.8 796.2 790.6 777.4 772.9
739.6 754.9 758.6 752.9 753.9 746.5 741.8 743.1 732 713.8 702.2 708.4 713 716 721.6 729.4 735 740.5 744.4 735.8 702.9 665.7 627.3 591.4 555.1 518.6 487.6 467.2 441.5 433.9 434.9 435.7 435.2 434.8 435.2 435.4 436.8 438.2 441.5 445.3 448.9 451.9 480.3 506.5 516.9 511.6 513.5 518.8 550.6 582.2 610 636.5 664.3 697 730.2 764.3 791.4 798.8 804.4 808.8 812.4 815.7 816.9 816.8 816.5 813.2 808.3 805.4 803.9 801.8 799.2 798 796.7 796 793 786.5 770.7 785.4
700.4 739.3 753.4 751.9 750.5 749 746.4 749.4 750.9 748.3 746.8 748.8 752.9 755.9 761.7 769.9 774.8 774.4 772.6 747 711 673.2 635.6 597.4 562.1 530.5 501 477 450.2 435.2 435.1 435.6 435.3 434.3 435.6 435.9 437.1 438.4 441.9 446 452.6 456.7 469 479.5 486.3 505.3 528.2 552.9 579.3 604.8 630.3 657.9 685.6 716.1 747.5 780.4 795.5 802 807.6 810.4 813.2 816 817 816.2 814.3 809.8 807.7 805.2 802.6 800.3 798 794.7 794.9 793.8 790.7 782.9 773.9 790.3
