public/OST50/NN78.asc
ncols 200
nrows 200
xllcorner 270000
yllcorner 780000
cellsize 50
[rows 35 to 69 of 200, columns 0 to 77 of 200]
417.5 443.3 470.4 497 526.7 560.1 588.2 624 664.4 685.2 684.9 698 718.5 728.5 728.8 728 728.7 727.6 730.7 733.9 739.7 749.9 766.3 784.4 798.5 812.3 821.9 832.4 841.4 846.8 852 859.2 866 870.7 870.3 859.9 847.4 838 828.9 819.8 811.1 802.2 794.3 786 779.2 772 765.3 758 752.7 744.5 736.5 727.6 718.1 709.2 700.6 694.7 687.9 679.4 672.3 664.9 657.2 650.1 643.5 637.8 632.6 627.2 620.9 615.4 614.3 611.4 609.9 607.6 604.4 603.9 598.6 593.2 587 578.1
436.1 464.1 489 515.3 549.6 581.6 623 672.9 694.7 711.2 715 727.9 741.6 748.2 749.2 749.9 745.3 742.6 743.4 747.9 753.7 762.7 774.6 787.2 799.4 809.8 821.2 835 847.3 858 864.1 869.3 875.5 881.4 880.5 874.6 863.5 851.3 842.9 833.1 822.1 815.3 803.7 792 782.9 774.6 766.6 757.6 749.1 740 730.1 721.4 712.7 704.5 695.6 688.4 679.8 671.4 663.2 655.3 649.3 642.3 635.7 628 621 613.1 611.4 608.4 604 601.3 601.3 600.8 597.9 594.7 588.3 583.2 575.2 566
456 481.5 508.7 537.1 568.8 598.3 648.5 689.3 720.2 733.8 737.3 750.5 764.1 769.3 773.3 773.5 770.2 765.4 761.8 764.9 768.9 772.8 779.6 790.9 801.8 812.7 824.6 839.6 856.3 868.6 877.1 884.1 891.6 895.7 895.1 888.7 878.2 864.1 854.5 846.9 837.4 826.2 812.9 798.6 786.4 776.7 766.3 755.7 744.4 733.1 723.7 715.3 706.4 697.4 688.3 679.8 671.2 662.2 653 645.2 638.6 633.3 626.6 618.7 609.4 599.1 598.5 593.1 586.7 585.8 589.6 588.9 586.2 579.9 572.1 563.5 550.9 539.8
473.4 497.9 525.9 558.7 589.3 622.2 662.5 700.2 735 747.3 755.4 770.1 783.8 792.7 798 798.8 794.7 787.3 778.1 779.5 781.7 783.9 789.4 796.8 810.2 822.3 837.1 852.9 870.9 883.2 891.8 899.3 908.4 911.6 910.2 904.2 895.1 884.1 872.9 861 848.7 835.4 820.4 805.5 791.5 775.5 764.1 750.5 736.9 724.4 716.4 707.6 698.5 688.8 679.8 671 661.7 652.2 643 635.6 627.8 621.5 613.9 605 594.4 583.7 578.3 569.8 564.1 561.1 564.7 568.1 566.5 557.2 546 538.5 541.6 558.4
492.6 519.5 549 579.8 611.8 646.4 684.4 727 745.2 762.9 772.2 788.3 801.9 808.7 816.7 816.7 811.5 802 793.5 793.1 796.2 799.5 805 814.4 826.3 841.2 853.8 869.2 881.9 894.9 906.9 914.8 921.9 925.5 924.6 920.2 914.6 903.7 888.8 872.7 858.2 843.1 827 809.4 790.6 773.1 757.1 740.5 727 715.7 708.7 699.9 689.8 679.2 669.9 661 650.9 641.6 632.3 621.7 614.5 607.6 599.2 587.3 576.2 570.1 569.8 572.8 578.2 577.8 568.8 559.2 548.1 554.5 565.9 568 562.9 561.9
514.8 546.1 573.6 604.8 636.8 668.9 711.7 734.4 753.1 773.7 782.2 795.8 808.3 815.1 820.9 819.3 816.1 812.4 806.8 805.7 813.1 817.7 826.9 837.1 848.9 860.7 873.7 882.7 894.9 910.6 920.3 927 933 935.8 936 933.4 928.9 919.3 904.8 885.5 865.2 847.9 828.1 806.3 784.7 765.4 746.6 729 716.6 707.9 700.8 691.7 679.1 668.3 659.2 650.2 639.2 629.8 618.4 608.2 599.4 590.8 579.7 572.8 568.8 578.3 585.3 589.2 590.4 582.8 575.2 579.1 578.3 575.9 579.5 577.4 581 576
542.7 574.5 607.8 633.1 669.4 703.7 725.9 741.3 760.6 776.8 782.3 795.7 810.2 815.8 819.9 820.6 820.6 819.3 813.9 814.7 825.6 834.3 846.3 858.3 869.6 880.2 890.5 899.4 907.1 920.3 932.2 938.9 942.5 943.7 943.8 942.7 938 927.6 911.7 887.3 863.8 842.9 821.5 798 775.8 754.4 735.3 719 707.3 699.8 691.3 681 667.5 656.4 647.2 637.3 626.7 614.6 602.9 592.6 582 573.9 572.2 570.6 581.6 594.8 598.3 595.3 596.7 590.7 586.4 587.8 588 588.5 591.7 593.3 595 585.7
566.1 601.7 639.3 670.7 692.8 713 729.4 743.4 761.1 771.6 777.5 789.3 800.9 808.6 812.5 816.6 820.6 821.7 822.6 825.1 839.7 851.9 861.9 874.9 884 892.8 900.2 907.2 913.7 929.8 939.5 944.5 947.3 948 947.7 946.2 939.9 927.4 904.9 879.9 856.3 835.2 810.8 786.8 763.9 744.6 726.1 709.9 698.2 690.2 680.3 669.6 657 643.8 632.7 621 609.1 596.4 585.6 577.1 577 576.7 574.4 586.5 599.9 600.4 604.1 601.3 595.6 593.6 592.9 598 599.7 601.9 601.5 605.6 604.5 602.2
587.8 625.4 663.3 681.9 698.4 715.4 730.4 744.6 755.8 763.5 771.3 782.4 791.7 798.5 806.3 810.6 816.4 821.7 827.5 837.1 850.1 863.7 875.7 887.4 893.3 897.8 906.6 912 919.2 933.5 942.7 947.3 949.6 949.4 947.7 944.8 936.2 917 893.2 869.7 844.7 817.9 794.5 769.5 748.7 730.2 714.7 698.6 690.4 681.2 669.9 657.6 642.8 627.5 612.7 600.8 590.7 584.7 579.3 577.5 579 584.1 583.4 599.5 604.5 607.3 606 601.4 604 604.1 605.3 610.6 611.8 615.3 612.3 615.9 613.9 611
604.9 643.7 670.3 686.9 700.6 718.1 734.7 745.1 752.2 757 764.1 775.2 782.4 788.6 797.5 803.6 811.6 819.4 835.6 846.1 854.6 869.3 882.6 891 897.9 901.1 907.5 915.2 922.1 934.9 943.1 947.5 948.5 947.2 944.6 938.9 925.4 903.6 879.4 856 828.8 801.7 778.9 757.4 736.9 718.2 702.5 688.7 681.1 670.5 658 644.5 627.4 611.4 596.8 590.1 584.7 580.5 580.5 582 583.5 585 599.5 609 608.7 608 609 609.6 616.3 615.4 620.5 623.1 623.7 623.3 622.6 623.3 619.9 617.9
620.7 652.3 673.6 688.1 703 719.7 731.9 739.3 748 751.7 755.6 764.7 770.7 775.5 782.4 792.3 804.2 815 830.9 841.4 849.7 862.5 879.7 890.6 898.1 903.3 909.8 916.7 923.3 932.7 940.8 944 944.9 943.2 938.2 928.3 912.1 890 866.6 844.2 819 791.2 769.2 744.2 723.8 706.1 692 679.4 669.5 657.3 644.9 630.7 612.8 598.6 589.2 584 582.7 582.8 585.3 591.1 595.4 604.4 613.7 611.8 612.4 617 619.9 628.7 627.3 622.2 629.5 633.1 631.1 629.8 630.3 629.2 626.3 624.5
633.3 658.8 674.7 688.8 704.5 717.5 725.9 732.7 740.5 742.3 744.3 748.7 754.3 760.6 767.9 779 791 803.9 817.1 829.8 841 854.1 871.2 885.4 895.5 902.1 907 912.8 918.6 925.8 932.9 936.2 937.5 936.5 931.1 919.8 900.4 880.8 862.9 839.4 810.3 779.4 754.8 734.3 711.4 693.4 680 668.1 657.3 644 631.7 616.3 599.9 589.7 585.7 584.5 584.5 585.8 593.6 599.6 604 615.5 615.7 618.9 629.2 630.8 639.9 639.1 637.1 629.8 636.6 639.4 637.4 638.1 639.6 638.4 633.8 632.2
641.6 662.1 676.3 688.9 698.5 711.9 719.6 725 729 730.4 731.3 734.3 739.7 747 755.4 765.2 778.3 791.6 804.6 818 828.3 844.5 861.2 876.3 888.1 895.9 900.8 905.7 910.5 914.4 920.5 925.3 926.7 924.3 920.2 909.9 896.1 877.8 858.2 831.5 802.6 773.7 747.7 721.2 698.4 681 668.5 656.8 645.7 632.2 619.5 603.4 592.8 588.1 585.9 586.9 588 593.9 606.9 617.4 616.7 621.4 627.4 639.2 647.1 649.9 651.1 648.7 645 637.6 643.4 645.9 645 645.9 646.5 644.7 642.6 640
648.4 668.2 680.1 691.8 695.2 703.6 711.3 713.8 714.3 716.3 717.8 720.5 725.7 732.9 741.5 752.1 765.5 779.4 793.9 807 819 834.2 850.5 867 879.3 887.5 892.1 895.5 899.4 902.7 906.7 911.6 913 910.1 907.9 904.1 891.7 872.4 847.9 819.4 791.2 764.2 739.3 711.8 688.3 670.1 658.4 646.4 634.8 620.4 605.9 596.8 590.2 587.3 589 591.3 595 608.1 621.9 625.5 631.9 636.2 650.4 661.8 664.1 663.3 661.3 657 651.3 646.9 650.2 652.4 652.2 653.8 653.6 652.1 650.3 646.9
649.9 669.7 681.3 691.4 693.5 697.4 698.9 700 701.6 703.7 704.3 707.1 711.6 720.2 729.1 740 754 768.6 783 796.2 808.9 823 838.9 853.9 866.5 876.3 880.6 884 886.9 889.9 893.7 897.9 898.4 896.8 895.9 892.2 881 859.6 831.4 803.9 776.5 750.9 725.8 699.4 676.9 659.3 647.6 635.6 623.6 609 599.7 592.9 589.3 590.2 593.6 596.9 609.1 623.8 636.7 645.2 655.5 654.1 674.3 676.4 675.3 671.1 669.8 666.7 656.5 659 660.7 661.6 661.5 662 661.7 660.2 657.8 655.3
649.3 664.1 673.2 679.1 683.6 688.2 689 689 689.8 691.2 692.1 694 698.4 706.8 716.3 727.7 742.7 757 770.8 784 797.7 811.7 826.6 838.5 850.7 857.9 863.6 868.1 871.9 876.4 881.1 884.9 885.5 884.1 881.7 874.9 862.4 840.1 813.1 785.9 759.4 734.1 709.7 686.7 665.8 650 636.5 625.8 614.8 604.7 596.8 591.8 590.7 595.8 601.5 610.9 626.5 642 657.1 672.4 680.6 665.7 687 685.8 682.3 678.4 675.5 672.2 667.9 669.8 670.7 671.2 670.9 669.8 670.2 668.8 667.1 667
650.8 661.4 668.7 672.3 673.8 676.6 677.4 678 678.9 679.1 679.9 680.3 684.8 694.2 704 715.5 729.8 744.1 758.9 773.2 786.5 800.4 813.2 824.3 834 840.7 847.9 852.9 857.5 862.9 868.4 872.5 872.6 870.5 865.9 858.1 844.4 821.4 794.7 767.6 741.9 718 694.9 674.1 655.7 640.1 627.7 618.7 610.6 601.2 594.5 593.7 598.5 604.4 613.6 628.7 647.8 663.6 678.9 689.1 684.2 695.6 696 694 689.9 685.7 682.4 679.9 678.4 679.4 680 680.7 680.2 681.1 680.7 679.7 679.7 681.7
651.2 661 665.6 666.5 666.1 665.9 666.4 667.5 668.5 667.2 666.3 665.7 671.4 682 692.4 704.1 718.4 733.2 749 763.3 775.4 789 800.8 811.5 819.8 827 833.5 839.1 844.1 850.4 856 859.2 859.7 856.1 849.4 842.3 829.7 805.9 776.9 749.7 725.1 702.3 682.6 662.1 644.2 631.6 623.3 616.7 606.9 598.2 597.3 603.3 610 616.2 631.8 650.6 669.2 685.3 698.7 705.2 708.3 707.6 704.2 701.4 697.9 694.9 692.2 690.1 688.7 689.4 690.5 691.7 692.4 694.1 694.7 693.8 694.2 695.1
646.4 655 659.9 661.6 658.9 657.5 658.1 660 659.2 656.2 654.8 654.6 661.3 673 683.6 695.6 710.9 725.9 741.1 754.9 766 778.5 791.5 799.9 806.9 813.2 819.1 824.9 831.6 838.1 843.3 846.4 846.5 843.6 837.9 830.5 816.9 793.4 764 735.6 711.6 690.5 671.8 652.5 637 628.2 621.6 613.8 602.6 600.9 606.9 614.4 623.9 635.8 655.4 674.3 692.1 707.6 717.3 720.7 720.6 717.2 713 710.7 707.4 704.6 702.6 700.5 699.7 701 703.3 705.4 708.6 710.7 711.4 711.1 710.8 711.9
638.1 646.4 651.1 652.8 651.9 650.9 649.9 650.9 650.4 646.1 648 643.7 650.5 665.1 676.6 688.7 703.8 718.7 733.5 747.4 758.3 769.3 780.6 788.5 794.8 799.9 805.4 811.8 818.9 825.4 830.6 833.2 833.5 830.8 825.1 817.2 803 779 750.7 721.7 699.9 679.7 661.6 645.4 633.9 625.2 616.1 605.6 603.8 609.7 618.4 628.9 642 657.3 677.5 695 714.3 728.8 734 733.4 729.9 726.4 722.3 719.7 716.9 715.3 713.7 712.3 711.7 713.6 716.7 720.3 723.2 726 726.3 725.5 726.7 729.1
626.3 631.8 636.2 637.6 638.4 638.7 641.5 641.5 641 632.6 638.4 632.7 644.2 657.4 668.9 681.1 696.5 711 725.7 739.3 750.3 759.4 769.2 776.3 781.3 786.3 791.6 798.2 804.8 811.5 817.2 820.6 820.6 817.7 812.1 803.7 787.1 761.3 733.9 707.6 686.1 666.4 650.3 638.2 629.9 621.5 609.6 604.5 611.5 619.8 632.9 647.3 662.1 679 692.4 713.1 734.8 744.5 745.8 744.1 739.9 735.6 731.7 729.2 728.1 727.2 725.6 724.2 724.5 727 730.5 736.4 739.1 741.1 742.2 743 743.9 746.9
614.1 620 624.4 625.9 626.3 628.7 630.9 631.9 631.6 621 623.1 625.4 638 650.2 662.6 673.8 689.8 703.8 718.8 731.3 742.2 750.7 758.1 763.4 768.5 773.1 777.6 784.1 790.8 797.3 803.3 806.6 806.9 804.5 799.1 791 774.8 745.5 717 693.6 673.5 653.8 639.5 630.4 625 612.8 605.3 613.6 623.7 635.5 648.9 665.5 680 691.5 706.8 733.5 755.3 758 757.7 754.9 751.3 747.1 743.7 741.5 740.1 739 738.5 737.8 738.5 741.6 747.5 752.5 756.4 758.9 761.4 762.7 764.8 767.1
602.6 609.4 613.4 614.6 616.3 618.4 620.4 620.9 618.7 606.5 605.1 621.3 633.9 646.3 658 669.5 683.9 698.4 711.3 723.3 733.2 740.5 746.4 750.7 753.7 758.1 762.6 769.3 775.8 782.3 788.5 791.9 791.9 790.2 785.6 778.2 763.3 731.4 702.4 682.1 663.9 647.7 632.5 625 616 605.2 613.4 624.9 639.8 653.5 667.3 681.1 693.3 707.3 725.3 758 769.8 771.4 769.9 766.2 763.9 761 757.9 754.5 753.1 753.4 754 752.7 753.2 759.9 765.2 770.2 775.1 779 780.5 783.4 787.3 790
586.2 593 598.5 602.4 604.7 607.2 608.9 610 605.1 590.5 602.8 618.4 630.1 639.9 651.4 664.2 678.7 692.2 704.4 714.8 723.1 728.8 733.2 735.5 738 742.4 747.2 754.2 760.7 767.2 772.4 775.4 775.4 773.6 769.8 760.1 744.7 720.1 692.2 669.7 655.2 638.5 626.7 617.9 608.4 611.1 625.4 640.6 658.9 672.8 686.5 697.4 709.5 725.1 749.4 778.4 782.9 783.2 781.7 779.9 777.3 773.5 769.2 770.6 769.4 768.5 768.6 768.3 774.3 778.8 784.8 789.9 795.4 800.1 803.1 806.3 808.4 811.7
569.2 575.3 581.5 586.4 591 593.8 595.7 596.1 585 590.7 603 613.3 625.3 635.4 647.6 659.3 673.1 686.4 697.7 705.6 712.2 716 719.1 720.1 722.1 726 731.7 739.2 745.7 752.1 755.8 757.1 756 753.8 750 739.3 726.2 712.1 685.2 661.7 644.2 629.9 620.9 612.4 610.1 622.3 642.2 662.8 680.8 692.3 704.2 716.5 729.9 748.9 783.6 796.4 798.5 797.8 795.3 792.3 790.9 789.3 788.5 787.8 784.4 783.4 784.6 787.6 793.1 796.1 803.2 811.9 819.9 824.1 827.3 830.5 834.7 837.7
552.6 559.8 566.8 573.2 577.4 580.9 582.7 580.6 574.5 588 597.4 607.4 619.2 631.3 643.9 655.2 667.9 680.3 690.6 697.1 701.3 704.2 705.2 705.1 706.2 710.1 716.1 723.1 730.9 735.9 737.8 737 735.4 733.1 727.3 719.3 708.9 698.9 681.4 655.7 636 624.3 616.1 610.7 619.5 637 661.8 683.9 693.3 711.6 724 738.8 755.2 779.9 807.9 811.9 811.3 810.3 808.5 805.8 803.1 802.8 802.3 800.3 797.4 801.8 804.8 803.4 806.2 813.4 823.4 833.5 839.1 844.1 851.1 856.3 857.4 858.9
539.2 546.8 553.1 559.6 564.7 569.2 571.6 568.8 569.2 580.3 591.4 602 613.7 625.9 638 649.1 661.3 673.4 682.7 688.6 691 692.1 692 691 686.8 691.3 699.3 707.2 714.8 718.9 718.6 719.8 718.4 714.3 709.6 701.6 695.6 687.2 671.9 648.8 630.7 620.8 612.3 616.6 632.7 657.8 681.8 703.8 721.7 732.8 750.3 765 784.1 814.1 823.9 824 823.5 823.6 822.2 821 817.9 817.1 816 814.2 820 820.1 819.1 813.3 818 827 839.7 849.9 856.5 864.7 869.2 870.8 871.8 873
527.4 534.5 541.7 547.5 552.2 557.7 561 554.7 560.9 573.2 584.8 595.7 607.2 618.9 629.8 640.4 652.6 663.2 671.4 677.1 678.7 677.5 676.3 672.9 665 674.5 684.4 690.8 698.2 701.9 704.9 705 702.2 697.1 691.9 686.1 678.5 669.6 655.4 637.5 625.4 617.1 616.2 629 648.9 675.4 699.7 722.8 742.4 759.2 782.5 799.2 820.3 831.6 837 836.5 836.7 837.3 836.9 836.3 834.3 833.6 833.3 835.4 835 832.5 830.1 825.7 830.3 840 850.4 860.8 868.7 876.3 879.6 880.7 880.9 882.9
517.5 524.7 529.9 535.8 540.7 545.5 548.5 543 557.4 565 576.1 586.6 597.5 609.6 619.8 629.6 640 648.8 656.2 661.5 663.8 662.1 659.9 652.9 643.9 660.2 669.6 675.9 681.4 684.4 685.8 684.6 681 677.3 673.3 666.2 658.7 646.8 636.3 623.2 616.4 615.1 623 639.2 663.1 690 713.8 736.6 761.6 788.1 803.8 818.1 832.2 839.7 844 846.1 847.9 848.6 849.1 848 848.4 849.4 849.6 847.3 844.5 841.2 839.5 835.5 840.4 849.6 858.9 867.8 875.7 881.9 885.3 887.3 888.8 889.7
508.6 515.5 520.4 524.8 528.9 533.3 525.3 542.2 549.6 556.6 565 573.6 583.9 594.6 606.2 615.9 624.2 632 637.7 641.8 644.1 644.9 644 627.5 632.5 647.4 656.7 662.7 667 667.3 666.7 663.7 662.2 658.3 653.6 648.4 641.5 632.2 623 616 615.5 622.1 630.6 651.8 678.2 703.1 725.5 747.9 778.4 805.3 814.7 824.2 833.3 840.3 845.1 850.3 853.2 856.6 858.1 859.8 860.2 860.9 859.9 857.8 853.4 850 847 843.4 847.1 853.9 863.4 871.9 878.6 884.9 888.7 891.2 893.2 893.7
498.5 503.1 508.9 513.7 517.8 515.7 525.4 534.7 541.7 546.2 553.1 560.6 568.7 576.7 586.2 595.7 603.9 610.1 614.8 618.9 622.7 625.5 625.2 615 617.1 632.2 640.7 646.2 649.6 650.6 651 648.6 645.1 641.1 636.2 631.4 627 619.1 613.7 609.6 618.1 626.6 641.1 665.1 690.1 712.7 735 761.8 793.9 812.2 819.2 826.8 832 839.1 845.8 851.7 856.4 860.5 864.4 867 869 867.7 866 863.2 860.1 855 852.5 849.4 852.3 857.9 865.7 873.5 880.3 886.2 889.8 892.4 894.3 895.1
483.5 489.7 495.6 500 503.9 501.5 516.7 525 532 537.1 541.2 547.5 553.9 560.3 567.2 573.6 580.8 586.9 591.6 596.7 601.6 605.2 606.2 603.3 600.2 615.7 623.2 627.9 630.5 631.6 631.3 629.4 626.8 624.6 619.9 616 611.9 608.9 607.3 608.1 619.4 630.3 649.9 674.8 695.9 718.2 742.9 776 800.8 813.9 823.3 830.1 835.6 839.9 846.7 852.9 858.5 863.5 868.7 872.7 873.4 871.9 870.1 867.7 863.8 859.1 855.3 851.7 855.3 859.8 866.3 874.4 881.3 886.8 890.3 891.9 893.4 894.4
461.8 466.6 471.7 480.9 484.7 493.1 504.3 511.7 517.5 523.9 529.8 533.7 539.6 544 547.6 553.4 558.4 563.8 570 575 578.9 583.4 585.7 584.5 586.2 599.4 604.3 608.3 610 611.4 613.3 612.8 610.8 609.1 606.9 604 603.7 602.1 599.6 608.5 621.5 634.3 658 680.3 702.9 726.1 754.7 785.8 805.9 817.4 830.2 835 837.5 841.1 847.4 853.7 859.1 864.6 870.2 875 876.7 874.8 872.2 869.3 865.2 860.2 856.6 853.6 856.5 860 865.5 873 878.9 884.7 889.4 891.1 892.3 893.5
485.9 485.4 483.5 477.1 479.6 482.5 487.5 490.1 496.7 503.6 511 516.6 520.7 523.2 527.1 532.7 537.6 541.3 546.2 551.8 557.5 562.2 564.8 564.1 569.5 577.4 584.3 589.8 593.1 594.4 595.5 595.3 594.8 595.1 594.7 594 593.8 593.1 595.6 608.2 621.9 635.8 660.8 685.2 708.5 734.6 764.9 793.9 810.8 824 836.1 837.5 838.9 842.7 848 853.5 858.7 863.9 868.8 873.7 876.5 874.9 871.4 867.9 864.3 859.1 856.6 854.5 856.2 859.4 863.6 869.6 875.6 881.6 886 888.6 889.8 891.3
498 498.3 496.1 498.6 500.2 497.7 493.2 491.6 489.4 492.8 495.9 498.7 501.5 504.8 506.9 510 513.5 517 523.3 529.4 533.8 539.8 543.8 546.5 553.6 557.9 564 568.9 572.5 575.2 576.9 577.3 580.6 582.6 582.5 583.2 582.9 582.7 594.8 609.5 624.8 638.7 664.5 689.5 716.1 744.9 774.5 800.2 816.3 829.8 839.2 839.5 840.5 843.7 847.2 851.5 856.6 861.9 866.3 869.9 871.9 871.2 868.8 865.9 862.2 858.5 856 853.9 855.1 858.3 861.9 867.1 873.1 877.8 881.8 883.5 885.8 887.9
