public/OST50/NN79.asc
ncols 200
nrows 200
xllcorner 270000
yllcorner 790000
cellsize 50
[rows 70 to 104 of 200, columns 78 to 155 of 200]
306.8 309.9 315.5 319.3 322.4 326.9 333.1 340.2 348.4 357.2 368.3 383.1 396.8 407.4 415.4 421.4 426.5 430.5 435.5 445.6 453.3 460.9 468.2 473.3 477 478.5 468.2 460 461.7 464.9 464.6 456.9 450.4 435.2 424.5 414.8 408.4 399.5 390.4 389.7 390.1 388.5 390.1 394.6 397.4 395 391.4 386.7 378.2 381.5 387.8 393.3 398.4 403.5 407.2 410.4 413.7 416.2 414.9 411.6 406.4 400.7 393.1 384.5 370.8 357 344.6 332.2 320.1 313.1 309.5 302.3 297.1 295.8 295.6 295.4 293.3 301.4
308.3 313 320.2 323.8 326 331.6 338.2 344.9 352.6 362.5 373 386.3 400.9 412.4 417.9 422.1 426.8 433.8 440.3 449.3 457.6 465.8 473.5 477.6 483.2 484.2 478.9 468.2 468.3 471.8 468.3 462.2 453.6 432.5 422.7 414.5 407.7 398.8 396.4 396.3 398.4 396.4 394.3 398.2 398 393.9 388.7 386.4 384 385.3 387.8 392.7 398.6 403.1 406.5 409.7 412.5 414.4 412.1 407.5 403.1 397.7 388.4 375.8 361.7 349.9 333.9 320.6 313.7 309.1 304.5 298.1 297.3 296.1 295.2 293.5 299 314.2
310.3 314 321.8 326.4 329.9 335.4 342.2 349.3 357.4 367.3 377 387.8 401.5 411.7 419.3 424.4 429.2 436.7 444.1 450.8 462.9 471.3 478.9 484.9 488.6 485 478 469.7 469.3 469.9 467.1 459 447.1 431.4 422.4 414.3 408 405.5 402.8 401.6 404.9 403.2 403.5 404.2 402.8 398.1 392.3 389.8 387.9 388.8 389.8 395.1 398.9 402.2 406 409.1 410.9 412.1 408.5 402.2 396 388.8 379.6 365.4 351 336.2 322.7 314.4 307.3 302.5 298.7 297.6 297.6 296.7 294 295.7 308 328.5
314.1 317.2 322 326.9 333.9 338.8 345.7 353.2 361.7 371.8 380.9 389.3 400.3 410.6 419.5 427.1 433.9 441.4 447.4 453.9 463.4 472.3 480.1 487.5 485.4 482.9 473.2 469.3 468.8 468.1 464.8 455.1 438.4 429.6 422.2 413.8 412 413.2 412.9 414.3 413.1 409.2 408.5 411.5 410 401.6 392.1 389.8 389.8 391 392.7 395.2 397.6 400.3 404.9 407.8 410 407.9 404.9 397.8 388.2 379.6 366.8 354.2 340 323.6 314.8 307.7 301.2 299.1 299 298 297.1 295.8 294.6 302.3 322.2 344.3
317.9 323.5 325.8 330.9 337.6 343.5 350.5 357.4 365.9 375.9 385.6 392.5 402.3 412.8 423.6 432.2 439.8 444.1 449.6 454.3 458.6 466.6 475 479.3 475.9 469.9 468.3 470.5 470.8 470.1 468.3 456.4 439.6 429.4 420.8 414.5 416 420.5 422 421.6 417.8 415.6 412.1 413.6 411.5 402 395 391.1 390.5 392.8 395.3 396.6 400 402.1 403.5 406.4 406.7 403.9 399.7 393.3 385.2 371.1 358.1 345.5 329.7 316.5 310 303.1 299 298.6 298.3 297.6 295.8 296 300.3 315.2 340.3 366.6
318.9 324.4 329.3 333.8 339.9 347.4 354.6 361.6 370.1 380.2 389.6 398 407.8 418.4 431.2 439 446.3 449.1 451 454.3 456.8 462 471.2 475.3 474.6 468.9 470.2 473.4 474.1 472.3 466.5 458.8 437.6 428.3 419.6 419.2 422.8 431.5 439.1 435.4 424.8 418.8 415.3 413.6 412.1 404.2 397.9 394.3 394.7 396.5 398.3 399.5 403.2 402.5 402.1 403.1 401.4 400 395.6 389.3 379.2 362.8 349.4 336.8 323.1 313.4 305.4 300.8 298.3 296.9 296.1 296.2 295.7 300.7 309.9 332.3 359.1 388.1
322.4 326.9 331.8 336.9 343.7 350.9 358 365.5 373.9 383 394.4 402.4 412.9 425.2 437.9 442.9 450.6 453.6 454.9 456.2 459.5 465.1 473 475.9 472.8 467.4 471.1 473.2 475.7 474.3 462.4 452.5 436.9 426.4 424.4 427.2 431.4 441.8 446.1 444.9 437.8 425 420.6 417.1 413.1 409.1 402.9 399.6 403.2 404.3 404.7 403.4 407 404.1 402.4 400.1 397.4 395.2 390.8 380.6 367.2 351.1 338 326.9 317.3 308.4 301.8 298.6 297.4 297.7 297 298.2 301.6 309.1 325.4 349.8 378.5 410.9
325.4 330.3 335.6 341.6 347.3 354.5 361.5 368.8 376 387.4 398.3 406.8 418.1 430.7 437.1 444.3 451.4 455.4 457.1 459.4 460.7 463.6 467.2 467.8 465.5 462.6 467.3 471.3 475.5 471.1 452.6 441.3 431.1 427.7 430.7 434.5 437.5 444.9 448.6 447.9 442.8 428.8 423 421.4 416.8 412.8 407.3 404.7 412.1 413 410.9 408.6 409.1 405.5 402 400 396.9 389.1 383.3 370.7 357.4 340.2 331.5 321.7 311.9 304.2 299.2 298.9 297.4 299.1 298.6 301.7 307.9 320.1 341.6 369.2 404.2 426.2
328.7 333.2 338.2 344.7 350 355.7 363.7 372 379.2 389.1 398.8 408.6 420.6 431.7 438.3 444.7 448.5 452 455.1 456.4 457.4 461.3 461.6 463.4 461.2 459.8 465.4 470.9 470.3 457 446.4 435.4 429 429.5 433.3 438.1 438.5 446.3 452.4 451.7 443.1 433.6 428.2 424 422.2 417.3 413.7 415 417.1 419.1 415.2 411.2 408.8 405.6 403 399.7 395.1 387 374.5 359.8 345.8 334.1 327.3 317.4 307.3 303.7 299.5 299.1 299.3 299.8 300 305.2 313.9 333.5 358.5 387.4 418.2 438.4
332.2 336.6 341 346.6 353.1 359 368.7 377.7 382.8 391.9 400.1 411 422.6 433.2 441 442.4 444.7 448 451.9 452.3 453.7 456 456.7 459.1 456.8 457.6 462.5 463.9 455.7 448 441.7 432.9 430 434 437.3 440.8 440 446.6 451.8 449.1 443.4 438.8 434.6 426.3 424.9 421.8 423.2 423.9 421.1 419.8 415.8 411.4 408.8 407.8 404.4 399.5 392.9 382.6 367.2 351.4 337 328.3 321.3 312.6 307 300.7 299.5 298.9 300.5 300.3 302.9 308.4 324.4 347.4 380 408 432.9 457.6
335.2 340.1 344.1 348.6 355.3 362.3 370.6 379.5 386.1 394.8 403.5 412.3 422.2 430.5 435.8 440.3 442.5 444.9 447.4 447.2 447.9 450.5 452.5 453.7 452.1 452.7 455.6 452.3 445.8 440.8 436 432.3 430.6 436.1 439.4 441.7 442.2 446.6 448.4 445.8 442 438.6 435.8 427.9 426.4 428.6 432.1 428.1 423.6 420.7 416.7 413.1 409.9 407.2 405.3 400.3 390.2 373.3 357.2 344.1 332.4 323.6 316.7 310.6 305.1 299.1 299.7 299 300.1 301.1 305.3 315.8 339.8 367.9 404 425.4 450.3 473.6
337.1 341.9 347 351.8 358.1 365.3 372.5 381.7 388.1 395.9 404.3 411 418.7 424.3 430.1 435.7 439.6 441.2 442.1 442.8 443.3 445.1 446.9 448.5 446.8 446.9 446.9 441.3 438.8 434.4 433 430.5 431 435.1 439.8 439.7 441.6 443.5 444.4 442.3 440.8 437.6 436 431.7 434.6 438 437.8 431.5 424.6 420.2 417.9 414.1 412.2 408.5 405.2 400 383.4 365.1 354.8 344.1 334 323.3 314.8 307.5 300.6 300.6 300.6 300.2 300.8 301.8 307.9 328.6 357 390.9 425.2 446.3 468.8 491.4
339.1 345.3 350.7 355.6 361 366.8 374.4 382.6 390 397.6 405.1 410.7 416.2 421.8 425 429.8 435.2 437.2 438.5 438.4 438.7 441.1 443 443 441.7 439.6 436.9 435 435 429.9 429.7 430.6 430.1 432 436.9 435.9 438.1 437.2 437.4 438 439.2 438.9 437.9 445.2 450.8 449 444.9 435.8 426.9 422.4 418.9 416.5 415 409.7 401.5 389.5 374 364.3 356.3 350.4 335.6 323.5 313.7 300.3 300.8 300.9 301 301 301.6 303.3 313.6 343 376.5 413.7 443.9 468.2 490.6 503.9
341.3 347.6 352.7 357.4 362.9 369.7 377.6 383.8 391.7 399 405.9 410.9 415.8 420.3 421.7 425.7 430.4 432.6 433.9 433.2 437.2 437.5 436.9 436 435.3 434.4 431.6 429.3 428.6 429.1 428.8 428.7 427.2 427.7 431.4 430.5 431.9 432.4 435.2 435.6 439.2 443.8 452.8 457.4 459.9 458 449.5 442.1 431.6 427.5 422.5 419.3 416.3 410.3 395.6 381.2 374.2 367.5 359.2 349.9 333.9 323.2 310.9 300.5 301.5 301.2 301.2 301.3 302.1 304.7 325.5 357.6 398.4 435.4 463.6 486.8 501.4 513.5
344.4 349.2 353.6 358.6 365 373.5 380.8 386.8 393.7 400.8 405.7 410.2 414 417.4 418.5 420.7 425.5 429 430.5 430 432 432.2 431.5 430 429.1 429.5 427.2 423.9 423.9 425.3 423.4 421.2 424.3 423.5 425.7 428.5 429.5 432 435.1 436.7 444.3 455.8 463.5 464.4 459.1 455.3 448.2 443 437.1 434.4 427.4 423.7 418.8 409.4 398 387.6 377.3 369.4 361.5 350.3 335.9 323.3 308.4 302.4 302 301.6 301.5 301.5 302.8 312.1 338.7 373.6 414.4 454 479.3 499.1 511.4 518.3
346.1 350.7 354.8 360.9 369 377.4 384.2 389.8 396 400.9 405.3 409.7 411.4 413.5 415.7 417.3 420.7 426.5 427.3 427.3 427.3 427.1 427.2 426 424.2 423 421.7 419.8 421.7 421.3 418.4 415.9 419.7 421.6 423.6 427.7 428.2 432.6 435.2 440.2 452.5 462.7 464.6 460.1 454.7 451.3 447.8 444.6 442.4 438.9 433.4 429.7 424.8 414.9 406.1 393.7 381.1 373.9 362.9 351 338 323.1 306.3 302.4 302.5 302.1 301.9 302.1 305.1 323.5 353.1 387.5 432 472.4 493.1 509.6 519.7 524
346.9 351.7 358.2 365.4 373.1 379.7 386 391.4 396.5 400.1 404.3 407.8 408.9 409.6 413.1 415.8 418.8 422.1 421.5 421.7 421.6 421.4 422.2 422.6 419.9 417.5 416.7 417.2 416.4 416.2 414.8 415.1 417.6 421.5 424.8 427.9 427.3 432.7 438.1 444.1 452.2 463.2 462.7 457.9 453.7 449.9 447.5 446.9 445.9 443.5 440.4 436 430.1 420 410.6 398.4 388.3 377.9 362.5 349.9 337.5 321.5 305.8 303.4 302.8 302.5 302.3 303.2 311.8 337.5 369.6 404.4 447 483.5 503.9 521.3 531.6 530.5
349.8 355.6 361.8 367.3 375.1 381.1 386.6 391.7 395.6 399.3 403 406.1 407.7 408.5 409.8 413.4 414.8 415.8 416.2 418.1 417.6 418.1 418.4 419 416.9 416.2 414.1 413.5 411.2 410.5 412.9 415.8 417.6 422.4 426.3 425.3 426.6 431.9 439.1 446.3 452 458.9 457.7 454.7 453.2 449 448.6 449.5 451.2 451.6 446 441 434.6 424.5 414.4 403.3 392.5 379.7 363.7 347.4 335.7 320.6 306.6 303.3 303.2 303 302.8 305.3 322.4 351.8 383.9 420.7 461.8 495.3 516 534.2 545.7 540
348.1 355.9 365 370.7 376.8 382.1 386.8 390.4 394 397.3 401.1 404.4 407.8 408.2 408 410.5 412.2 413.9 412.8 415 416 415.4 415 412.6 411.1 410.1 408 407.2 409.4 411.1 413 415.4 418.2 421 423.6 425.3 427.3 434.2 441 446.6 450.7 453.3 454.6 455.4 454.9 452.7 452.7 454.5 456.7 454.1 449.8 444.9 439.9 428.4 417.4 406.3 394.9 379.1 363.9 345.9 336.3 324.4 306.2 303.5 303.6 303.4 303.7 311.7 336.2 367 399.9 436.6 475.7 508.2 528.7 544.8 553 546.5
356.7 358.9 363.5 373 378.8 381.5 386.1 388.8 392.6 395.6 400.2 403.6 406.4 406.8 407.3 409.3 411.1 412.3 412 413.2 412.4 411 410.6 407.9 406.7 405.2 402.9 405.5 408.4 410.2 412.1 414.1 416.9 419.7 421.7 424.1 427.9 433 438.8 444.8 448.6 451.6 455.5 457.8 459.2 457.3 458.3 460.8 462.8 459.9 455.5 450.3 442.7 430 419.5 408.2 394.5 378 363.2 347.7 336.2 320 302.2 303.7 303.8 304 305.4 319.7 348.2 379.8 413.3 448.7 487.4 518.9 538.8 555.3 562 554.2
359.5 363.8 364.8 371.1 376.2 379.1 384.2 387.5 390.5 394.6 397.6 401.3 403.2 406.2 406.7 408.1 409.3 410.4 409.8 409.5 408.7 408.7 408.1 405.3 404 402.4 403.2 405.8 408.5 410 411.4 413.2 415.5 417.8 419.8 422.1 426.7 432 438.7 443.8 448.2 452.3 456.8 461 461.1 460.8 466.2 469.7 471.1 469.8 464.1 454.1 446.3 431.9 420.4 409.1 393.2 377 362.4 347.2 332.2 313.1 302.9 304 304 304.1 305.9 328.2 359.4 391.2 424.8 460.9 499.3 531.4 552.7 567.7 569.9 562.5
361.8 365.6 368.9 372.4 376.9 380 382.2 385.7 390.1 392.9 395.4 398 400.2 402.9 405.8 405.8 407 407.7 407 406 405.3 405.5 404.8 403.3 402.1 402.7 403.8 406.5 408.6 410.1 411.6 413.1 414.3 415.9 417.9 421.3 427.5 434.9 441.7 446.3 450.4 453.8 458.8 462.3 462.5 468.9 477.2 479.4 478.1 475.2 467.9 458.6 449.6 434.3 419.7 404.6 389.3 375.4 354.9 342.6 324.3 305.7 304.5 304.4 304.4 304.3 312.8 338.1 370 403.4 437.8 474.9 515.7 547.4 567.2 575.9 576.3 570.2
364 367.5 370.9 370 377.4 382.4 383.7 388.1 392.3 394.5 396.2 398.6 400.4 401.6 403.5 403.8 404.5 404.6 403.8 403 402.4 402.4 401.9 400.9 402 403 404.9 407.4 409 410.5 411.8 412.7 413.9 414.6 417.6 423 430.9 437.7 444.7 448.9 453.3 458.5 461 463.2 469.1 479.9 486.1 486.2 485.9 480.6 472 462 449.5 433.6 418.1 401.3 386.7 367.6 345.6 334.3 313.8 303.7 304.9 304.8 304.3 304.8 324 349.3 382.1 416.1 452.1 491.8 534.1 563.1 578.1 584.3 585.5 579.5
365 368.6 372.1 374.8 375.5 377.4 385.2 389.6 392.5 395.4 397.1 398.9 400.5 401.5 402.3 402.1 402 401.7 401.4 401 400.7 400.3 400.8 402.3 403.3 404.1 405.9 408.1 409.5 410.3 411.2 412.5 413.9 416.3 420.5 426.5 434.3 441 447 451.6 455.8 459.1 463.9 468.3 478.2 489.6 493.6 493.4 490.5 483.5 474.8 465.1 450 438 419.8 404.4 386.2 366.1 341.3 319.7 304.4 305.7 305.5 305.3 305.1 312.2 335.7 362.8 392.6 428.2 466.1 508.9 550.9 576.4 588.6 597.2 598.6 589.4
367.4 371.1 374.5 377.4 380.3 383.3 380.1 389.4 393 396.6 399 399.1 400 400.8 401 400.6 400.3 400 399.6 399.3 400 400.3 401.2 403.7 405.3 406 407.2 408.4 409.5 410.5 411.5 413.1 414.9 419.1 424.6 431 437.5 443 448.6 453.1 456.8 459.9 466 474.7 484.8 496.4 499.6 498.8 494.6 486.8 474.2 464.2 450.5 435.8 417.8 404.9 383.5 360.8 335.5 312.1 305.1 306.4 306.7 306.4 308.5 325.4 348.5 377.8 408.9 444.2 481 526.7 565.9 591.1 607.5 612.7 610 595.4
369.2 373.9 376.9 379.8 383.3 386.4 387.5 384.5 392.3 395.9 398.2 398.1 398.5 399.4 399.3 398.8 398.7 397.8 399.1 399.8 400.4 401.3 402.7 405 407.1 407.7 409 409 410 411 412 414.2 418.8 423.9 430 436.3 441.7 446.4 450.8 454.4 458.1 463.6 470.8 479.4 489.6 501.5 505.6 503.4 496.4 487.9 474.2 461.5 447.7 431.6 414.7 398.4 377.5 353.8 326.2 306.6 305.8 306.3 306.7 307.8 317.8 338.4 364.3 393.9 424.3 463.5 500 547.7 584.6 607.2 621.1 619 614.2 604.3
370.2 374.9 378.6 381.6 385.7 387.7 388.5 390.6 392.9 395.3 396.6 396.9 396.2 397.7 398.2 399.4 399.5 399.2 399.6 400.1 401.4 404.6 405.6 406.5 408.2 409.4 409.9 409.9 410.6 412.1 414.1 418.3 423.4 429.2 435 440.7 445.4 449.6 453.8 456.7 460.4 465.4 474.1 483.3 494.4 505.5 509.9 504.4 496.1 486.3 474.2 459.7 445.4 427.7 405.4 386.3 366.7 339 315.1 306.8 305.9 306.6 306.8 311.2 329.3 353.2 380.2 410.8 444.5 481.6 523.7 566.7 598.5 620.1 627.1 625.1 619.6 612.5
372.1 375.5 379.7 383.2 386.7 387.4 389 391 393.3 396.1 397.7 398.9 398.1 398.9 399.5 400.5 400.6 400.4 400.8 402.3 404 407.4 408.2 409.2 410.2 411.1 410.6 411.1 412.8 415.9 417.9 422.2 427.2 432.5 437.7 443.6 448.6 452.9 456.7 459.3 463.8 468.8 476.4 486.7 497.5 506.6 511.3 503.8 495.3 485.3 473.8 461.6 444.9 425.7 406.9 385.2 356.7 327.8 310.9 306.6 306.8 307 307.4 320.4 340.8 368.3 396.8 430.1 465.1 505.9 547.3 582.9 607.6 628.2 634.6 629.8 623.1 615.6
374.7 377.8 381 384.1 387.7 388.9 390.8 392.8 394.4 396 398 399.6 400.5 400.3 401.1 401.6 401.4 401.4 403.2 405.7 407.3 408.8 409.6 410.3 411.3 411.8 411.6 412.5 414.2 417.6 421.1 425.6 431.1 436 441 446.3 451.3 456.3 460.7 463.5 467.9 472.6 479.2 490.2 499.1 508.2 510.3 504.2 496.6 486.8 473.6 461.5 443.2 421.4 404.1 376.1 345.3 319.1 309.8 306.8 307.7 307.7 311.3 328.9 354.7 383.3 415.2 450.1 490.7 531.7 568.4 594.6 615.9 633.5 636.8 631.3 626.4 620.7
377 378.8 381.1 384.1 387.4 390.1 392.5 394.3 396.7 399.3 401.5 404.9 408 409.9 408.3 404.5 404.2 403.4 405.3 407.7 408.6 410.2 412 411.7 412.1 412.6 412.9 413.4 416.3 420.1 424 428.8 432.7 437.9 442.6 449.2 453.5 459.3 463.6 466.6 471.3 475.9 482.4 492.9 502.4 510 510.5 505.8 496.6 486.7 475.1 458.2 438.1 413.8 391.2 365.8 333.7 315.7 309 308 308 308 318.9 339.1 369.2 398.5 436.3 473 517.1 553.6 583.1 604.6 622.3 636.1 636.6 631.5 631.5 624.5
378.9 381.1 382.9 386.8 387.8 390.9 394.1 397.5 402 406.6 410.4 412.8 417.2 415.4 412.6 407.4 405 405.8 407.9 409.6 410.5 411.6 414.5 414.2 413.2 414.4 414.4 414.7 418.2 422.4 426.4 429.4 432.4 436.3 441.9 449.3 456.1 462.2 465.9 469.2 473.4 477.9 485.5 495.9 505.9 511.8 510.4 504.2 495.6 485.1 474.2 454.6 431.5 403.5 376.2 349.3 326.6 313.8 308.2 308.7 308.4 309.6 326.7 350.8 386.9 421.9 456.3 498.6 541.5 569.4 592.6 610.7 627.4 639.9 638.8 633 628.6 617.7
382.6 385.5 388.4 391.4 393.1 398 398.9 404.1 412.7 417.7 422 423.6 423.3 418 415.1 411 408.5 409.2 410.5 411.8 412 412.7 415.9 415.1 413.8 414 414.2 415.4 418 422.9 427 428.9 433 438.1 444.6 451.9 458.5 464.8 468.5 471.9 475.7 479.9 488.6 499.2 507.6 512 510 503.4 493 481.8 470.4 447.6 421.9 393.7 364.1 338.9 319.2 312.3 308 309.2 308.9 316.3 339.2 369 409.9 446.4 482.3 520.8 555.1 577.5 596.7 614.9 632.9 641.2 638.3 634.4 627.6 614.5
387 392.5 396.4 399 402.3 408.4 409.9 415.2 423.7 428.1 431.2 430.8 427.2 421.9 419.3 415.2 412.6 411.2 411.4 411.9 412.3 413 415.5 415.1 414.1 413.5 414.1 416.6 419.3 423.5 427.2 430.4 436.5 442.5 449.1 455.4 461.6 467.1 470.7 474.4 477.4 481.9 490 500.1 507 510.2 506.5 500.2 489.8 479.7 465.6 441.5 412.6 381.5 352.8 331.5 316.5 309.4 309.9 309.7 309.5 325.4 351.8 383.3 419.4 458.7 503.5 538.2 562.5 581.3 601.2 619.8 636.6 639.5 635.6 630.2 622.8 609.9
391.2 396.6 403 407.3 413.3 419.5 423.1 428.2 432.9 437.8 439.1 433.4 429.8 426.5 424.8 419.2 414.9 412.5 412.8 412.8 412.7 413 414.3 414.2 413.5 413.5 417.5 418.8 420.8 426.6 429.9 435.9 441.3 447.3 454 459.2 465.4 469.9 473.5 476.9 479.9 483 489.1 498 504.7 505.3 500.9 494.6 487.1 477.4 463.2 435.9 404.4 372.5 345.1 325.5 312 309.6 310 310 314.7 334.8 363 394.2 432.8 472.7 517.3 545.4 565 584.3 604.7 620.4 630.9 634 630.6 623.5 615.4 597
395.5 402.7 409.5 417.2 424.9 430.7 435.1 438.6 443.8 446.6 442.6 435.3 430.4 428.3 426.5 424.1 419.9 416.5 415.4 413.9 413.8 413.9 413.5 413.3 415.6 420.5 426.3 425.9 427 432.1 435.3 441.9 446.7 454.1 460.8 463.2 467.9 472.4 476.2 479.2 482.2 484.5 488.3 494.9 500.2 499.5 495.3 491 483.7 474.5 454 427 392.8 362.4 337.2 318 309.3 310.4 310.4 310.3 322.8 344.5 373.8 406.8 446.1 486.1 526.5 548.9 569 589.2 606 619.7 625.2 625.1 622.7 614.9 603.6 582.7
