public/OST50/NN79.asc
ncols 200
nrows 200
xllcorner 270000
yllcorner 790000
cellsize 50
[rows 0 to 34 of 200, columns 0 to 77 of 200]
300 298.5 299.5 300.2 299.3 299.9 299.2 299.8 300.3 300.7 300.8 300.4 300.6 302 304.4 307.1 310.3 311.4 312.4 312.5 313.6 315.2 315.8 315 315.1 314.1 312.7 312.2 313.2 313.3 312.6 311 307.2 302.2 298.5 294.6 291 287.1 283.1 280.5 278.6 277.1 276.4 275 273.4 271.3 271.1 271.3 271.5 271.5 271.7 272.7 271.4 270.3 269.1 268.2 262.8 248.8 238.2 240 248.9 245.7 242.7 241 239.9 238.9 237.5 230.5 227.4 227.7 227.9 228.2 228.3 228.3 228.3 228.1 228.1 227.9
299.5 296.8 296.3 297.7 299.7 299.4 298.2 298.9 299.5 300 300.6 301.4 302.1 303.3 305.2 306.5 308.4 310.3 311.5 311.8 312.3 313.8 314.7 314 315.4 314.5 312.8 312.6 314.1 313.9 312.7 309.4 303.7 298.4 294.6 291 288.1 285.1 281.4 278.4 276.9 275.4 273.8 272.3 271.6 271.2 272.3 272.5 273.5 273.5 273.4 270.9 268.4 268.6 268.1 266.9 263.8 253.3 238.4 236.3 238.3 238.1 237.4 236.1 235.5 230.8 228.7 227.9 228.5 228.9 229.1 229.1 229.1 228.9 226.4 226.2 226.1 226
297.1 295.1 291.8 294.9 299.3 298.8 297.3 298.1 298.6 299.2 300.2 301 302.2 303.2 304.1 305.6 307 309.5 310.7 311 311.5 313.2 314 315.2 317 316 314.3 315.5 316.6 313.4 309.2 305 300.8 295.2 291 288.3 285 281.6 279.3 276.6 275.1 273.5 272.1 271.7 271 270.3 271.7 273.1 273.8 272.2 269 267.2 265.2 265.1 264.1 261.1 255.1 243.6 238.6 234.9 234.5 233.5 233 232.8 230 228.4 227.6 228.8 229.7 230 226.8 226.8 226.8 226.7 226.6 226.4 226.2 226
283 283.3 280.4 281.9 286.6 298.1 296.3 297.2 297.8 299.3 299.9 300.5 301.8 302.6 303.1 303.6 305.8 308.6 309.9 310.6 311.1 312.8 315.2 317.6 317.9 317.2 317.2 318.9 314.4 308.8 304.4 300.3 296.2 292 288.1 285.3 282.3 278.8 276.5 273.9 272.9 271.5 270.2 269.1 268.1 267.6 267.9 270 269.3 266.2 263.5 261.2 259.5 259.1 256.2 250.8 242.1 239.1 234.8 234 233.8 233.4 232.7 231.1 229.6 228.8 230.9 227.5 227.2 227.2 227.2 227.3 227.2 227.1 227 226.6 226.2 225.9
275.6 272 272.3 271.1 272.1 293.1 295.3 296.7 298.3 298.9 299.5 300.1 301.4 302 302.5 302.7 305 307.4 309.1 309.8 311.6 313.1 315.1 320.1 323.1 320.4 317.9 313.3 307.7 303.7 299.9 295.7 291.6 288.1 285.8 283 280.1 277.3 272.3 270.6 270 268.4 266.1 263.8 261.2 259.7 259.1 258 257.5 257.3 256.2 255 254.1 253.3 247.8 241.7 239.5 236.2 234.5 233.7 233.2 233 231.5 230.2 230.1 229.1 228.2 227.7 227.4 227.3 227.5 227.6 227.7 227.6 227.2 226.7 226.6 225.9
279.8 279.9 274.1 271.4 271.2 280.1 292.8 296.9 297.9 298.5 299.1 299.7 300.8 301.4 301.6 301.6 303.9 305.3 308.4 310.6 312.5 314 316.1 323.1 327.4 323.8 314.7 306.8 302.4 299.2 295.3 291.3 287.9 284.9 282.4 280.9 278.2 274.6 267.7 265.7 264.1 262.1 259.8 258 256.1 253.1 252.7 252.3 253.8 254.5 251.5 252.1 247.7 244.9 241.2 238.7 236.7 235.8 234 232.6 232 232.4 231.7 230.1 229.4 228.6 228.1 227.6 227.2 227.3 227.7 225.6 225.5 226.6 226.7 226.7 224.9 226.5
304.4 293.1 272.9 269.5 269.9 282.4 295.3 297.2 297.6 298.2 298.8 299.4 300.2 300.6 300.6 300.5 302.3 303.4 305.9 309.2 312.2 315.9 319.3 323.4 325.8 316.5 306.2 299.4 296.8 294.1 289.5 285.1 281.4 278.7 277 276.3 274.9 270.1 262.9 258.9 258.8 257.8 254.9 253.2 251.6 249.4 247.7 249 249.8 249.9 250.8 252.5 242.9 241.3 238.6 236.5 235.1 233.6 232 232 230.6 230.5 230.3 229.6 229 229 228.1 227.6 227.1 226.9 226.1 226.1 227.3 227 226.7 226.6 226.6 226.5
304.2 289.8 270.4 267.9 270.7 286.9 292.8 297 297.2 297.8 298.4 299 299.5 299.5 299.5 299.6 300.7 302.4 305.4 307.9 310 315.1 318.8 320.3 316.2 305.3 297.7 293.7 290.6 288 282.9 277.7 275 272.6 270.8 269.6 268.9 265.3 258.6 255.6 254.7 251.5 251 249.5 248 246.5 246.4 245.3 245.1 244.2 244.2 241.1 240.2 239.3 237.2 234.7 232.5 231.6 230.3 230.4 229.6 229.6 229.4 228.8 228 228.4 228.3 227.5 227.1 226.1 227.9 227.5 227.1 226.8 226.6 226.3 226.1 224.8
297.2 281.9 266.4 268 277 287 292.4 295.2 296.9 297.5 298.1 298.7 298.1 297.7 297.6 297.6 299.1 301.2 303.5 307.5 309.1 310.6 313.1 312.1 305.6 299.6 292.6 287.5 283.3 280.8 275.4 272.7 270.4 268 266.1 263.8 262.9 259.7 255.2 253 251.3 248.3 247.5 246.6 246.1 246.1 250.3 243.8 242.3 241.2 239 239.3 239 237.5 235 232.3 232.8 236.6 228.5 228.8 228.8 228.6 228.5 226.5 226.5 226.1 226.5 226.1 227.5 227.7 227.6 227.4 227 226.7 226.4 226.2 226 224.6
290.2 272.7 266.1 267.9 272.2 282.4 292.1 295.3 296.7 297.3 297.9 297.6 296.9 296.5 296.1 295.9 298.1 300.3 302.5 303.7 304.2 303.9 301.7 300 294.3 289.8 285.7 281.6 277.4 272.8 268.2 265.4 263.4 262.1 260.4 258.9 258 255.8 251.7 249.6 247.1 246.1 245.7 246.7 246.6 244.6 241.9 240.8 239.3 237.6 235.3 237.3 240 236.2 232.8 232.5 239.9 233.8 228.3 228.3 228.2 226.5 228.1 228.4 228.4 228.1 227.8 227.7 227.6 227.4 227.3 227.1 226.8 226.5 226.3 226.3 226.3 224.4
286.6 280.8 264.8 263.4 266.7 269.5 288.2 295.3 296.4 297.1 297.5 296.4 295.8 295.3 294.9 294.8 297 299.3 300.6 300 297.1 294.4 290.5 287 285.8 284 281.4 276.1 270.1 267.8 264 261.1 260.6 259.6 257 253.9 251.7 249.2 247.9 246.4 246.1 245.9 246.3 245.8 241.4 235.9 236.3 238.3 234.7 235.6 236.7 239.3 231.3 232.6 237.8 241.5 236.9 229.3 228.5 226.7 228.3 228.1 227.9 227.9 228 227.8 227.8 227.7 227.6 227.4 227.1 226.9 226.6 226.5 226.4 226.4 226.4 226.3
284.6 287.1 278.1 271.9 262 264.3 271.6 295.7 296.8 297.6 296.6 295.2 294.7 294.4 294.2 294 296 296.4 295.8 293.5 289.9 287.3 286.3 284.4 282.7 280.4 275.4 267.9 264 263.8 260.6 257.6 255.7 253.8 249.5 248.4 247.7 246.6 246.2 245.3 245.4 243.9 242.9 240.6 236.3 238 245 244.8 236.2 236.4 236.3 233.3 232.6 240.6 241.8 234.1 228.9 226.7 227.8 228.2 227.9 227.7 227.8 227.6 227.6 228 227.8 227.7 227.5 227.3 227 226.7 226.5 226.4 226.3 226.3 226.3 226.2
294.8 293.8 294 289.5 273.4 260.8 266.4 292.3 297.7 297.6 296 294.4 294 293.3 292.9 292.5 293 292.7 291.4 288.9 285.2 284.4 283.7 281.9 278.4 273.4 267.7 262.4 260 259.4 256.7 252.9 249.9 248 246.7 247 245.8 244.9 243.8 239.8 237.2 237.7 237.6 236.8 238 244.6 244.1 238.3 231.6 230.1 229.5 229.1 229.7 231.4 233 229.6 226.7 228.7 228.6 228.3 228.2 228.2 228 227.8 227.7 228 227.8 227.7 227.5 227.2 226.8 226.6 226.4 226.3 226.2 226.2 226.1 226
301.6 300.7 299.9 297.2 282.6 269.7 259.2 277.9 297.8 296.8 295.2 294 292.9 291.1 289.4 288.5 286.7 286.6 285.4 283.1 281.1 281.2 280.9 279.2 273.8 267.6 264.2 258.9 255.7 254.7 251.6 248.6 248.1 246.6 245.1 245.6 245.4 243.3 237.5 236.2 236.2 238.9 232.7 240.9 243.2 243.5 238.1 232.3 230.6 229.8 229.5 229.3 229 229 228.6 227 229.2 229 228.8 228.5 228.3 228.3 228.2 228.1 227.9 228 227.8 227.6 227.4 227.2 226.9 226.5 226.2 226.3 226.1 226.1 225.9 225.9
307.1 305.5 303.5 299.7 285.2 271.9 262.5 255.4 280 295.7 294.6 293.4 291.5 289.7 287.8 284.5 280.4 278.8 278.5 278.4 275.3 273.8 272.7 271.5 266 261.7 257.9 255.4 251.1 249.5 249 248.3 247.8 246 245.4 245.6 245.1 242.3 237.4 236.2 237.9 237.9 239.9 242.6 240.3 232.2 229.5 229.8 229.7 229.9 229.4 229.1 228.5 228.8 226.7 228 229.3 229.1 228.9 228.7 228.4 228.4 228.3 228.2 228.1 227.9 227.8 227.6 227.4 227.1 226.8 226.3 226.2 226.2 226 225.9 225.8 225.7
310.8 308.9 306 301.4 290.7 276 264.4 257.4 252.7 286.5 292.8 290.8 288.9 287.4 283.5 277 271.4 269.2 268.3 267.2 266.7 265.2 265.5 263.3 259.7 256.1 253.6 253 249.1 248.8 248.4 247.7 245.4 244.2 244.9 244.1 244.9 244.1 241.8 238.8 241.3 241.1 241.7 239.8 235.3 229.7 229.9 229.6 229.7 230 230 229.6 229.3 227.8 227.8 229.1 229.3 229.1 229 228.8 228.5 228.4 228.4 228.3 228.1 227.7 227.7 227.6 227.3 227 226.8 226.2 226.1 226.1 226 225.9 225.6 225.5
313 310.9 308.1 302.1 291.2 281.7 264.3 259.9 254.6 272.5 290.6 288.1 287.9 287.4 275.5 268.4 266.4 265 263.7 263.4 262.8 261.1 260 259.4 256.1 252.4 250.1 248.7 248.6 248.5 247.1 245.8 244.8 244.8 245.3 245.1 245 244.9 243.9 240.2 241.4 242.1 240.2 238.3 233.7 229.9 229.8 229.7 230 230.2 230 229.8 228 229 228.7 229 229.2 229.1 229 228.9 228.7 228.5 228.5 228.3 228 227.5 227.4 227.5 227.2 227 226.7 225.7 225.2 225.1 226 226.3 226.3 227.2
315.8 313 309.8 301.2 287.7 279.9 263.4 257.4 253.4 253.5 288.4 285.4 288.2 286.8 270.7 265.9 263.9 262.2 261.3 260.7 259.9 259.1 257.8 255 252.3 249.8 249 247.9 247.9 247.2 245.7 244.4 245.4 244.9 245.2 244.7 244.5 244.6 244 243.4 242.1 240.3 238.4 234.1 229.9 230.1 229.9 229.9 230.2 230.1 229.9 227.8 229.9 229.5 229.1 228.9 229.2 229.1 229 228.9 228.8 228.6 228.5 228.3 227.8 227.3 226.5 226.8 226.7 226.5 226.5 226.9 226.8 226.6 226.5 228.5 245.6 246.3
318.9 315.5 309.2 299.6 282.5 273.3 262.3 256.9 253.9 250.9 278 276.6 275.4 272.1 266.3 263.5 262.2 261.3 260.8 258.9 258 255.6 252.1 250.7 249.4 248.2 247.6 247 246.4 245.7 244.6 242.1 243.3 243.4 243.3 243.9 244 244.2 241.7 241.3 239.6 237.8 233.1 233.9 230.1 230.2 230.2 230.2 230.2 230 229.8 228.9 229.9 229.7 229.5 229.1 229.2 229.1 229 228.9 228.7 228.8 228.8 228.5 227.1 227.1 227.3 227.1 226.5 226.5 226.9 227.2 227.4 227.3 232.7 247.5 248.7 260.3
319.7 313.7 307.9 299.5 285.2 272.1 260.7 255.9 253.8 250.9 261.7 263.9 266.5 263.8 263.9 262.3 260.7 254.9 254 252.9 252.5 251.8 250.2 249.4 248 246.9 246.2 245.6 245 243.8 241 242.6 243.8 244.5 243.6 243.9 243.5 244 243 239.9 237.6 232.2 239.1 230 230.1 230.2 230.3 230.2 230.2 230.1 229.2 230.1 229.9 229.8 229.6 229.4 229.2 229.1 228.8 228.6 228.8 229 229.1 228.5 227.5 227.3 227.6 227.6 227.3 227.2 227.5 227.6 227.8 242.4 247.8 253.4 260.8 270.4
318.4 311.7 304.2 296.8 286.8 275 260.8 255.2 253.1 249.1 253.8 255 258.6 259.2 261 261.3 258.1 252.5 251.4 251.5 250 249.9 248.9 247.9 246.7 245.7 245 244.8 244.9 245 245 246.2 246 244.4 244.2 245.8 244.8 236.7 232.3 231.7 231.3 230.8 231.2 230.6 230.5 230.5 230.4 230.4 230.3 230.2 230.4 230.1 230 229.8 229.6 229.4 229.4 228.7 228.7 228.8 228.9 229.1 229 228.6 227.9 227.5 227.8 228.1 227.9 229 230.6 228.7 236.4 249.7 254.3 260.1 269.3 270.4
314.5 306.2 298.3 291.8 284.4 274 262.2 255.4 252 252.7 252.6 252.7 252.1 254.9 256.8 258.2 256.2 251.8 250.8 250.4 248.9 247.1 246.9 246.9 245.9 245.1 245.3 246.5 245.5 245.4 245.4 244.1 241.5 244 242.6 233.7 232 231.7 231.3 231.3 230.4 230.6 230.8 231 230.5 230.4 230.5 230.5 230.2 230.2 230.2 230.2 230.1 229.9 229.7 229.5 229.5 229 229 228.9 229 229.2 229 228.6 228.2 227.5 227.9 228.7 234.1 237.5 236.8 233.7 248.9 254.5 258.3 261.4 265.5 264.2
308.4 300.1 290.7 281.5 275 269.6 265.1 258.3 249.6 251 251.3 250.8 250.4 250.7 251.6 252.4 250.3 249.1 248.1 247.9 246.9 246 246.1 246.4 246.2 246.1 247.2 247.4 248.4 238.1 237.1 235.7 236.2 236.9 233.3 232.3 232 231.6 231.3 230.6 230.4 230.5 230.6 230.6 230.9 230.5 230.3 230.3 230.2 230.5 229.6 230 230.1 229.9 229.7 229.7 229.7 229.1 229.3 229.4 229.2 229.2 228.9 228.4 228.1 228 229.6 240.7 240.6 241.2 245.9 249.2 253.2 254.2 258.4 258.2 258.9 256.7
302.3 291.8 280.5 270.8 267.9 267.4 265 261.9 248.4 249.5 250 249.7 249.3 248.9 248.9 247.7 246.7 246.1 245.8 246.1 246.4 246.1 246.2 246.5 246.8 245.9 238.3 237.5 237.3 236.9 235.6 234.9 234.2 233.5 232.6 232.3 232 231.5 232.3 230.7 230.6 230.5 230.5 230.6 230.6 230.8 230.4 230.2 230.2 230.7 228.6 230.3 230 229.9 229.7 230.1 229.9 229.5 229.7 229.9 229.9 229.4 228.6 228.1 228.1 228 240.4 241.4 243.9 249.8 250.8 252 255.9 254.6 254.8 254.1 253.8 253.8
296.3 284.7 271.5 268.2 266.3 267 266.5 261 250.3 248.1 248.8 248.4 248.2 247.7 247.9 247.1 246.4 245.9 245.2 244.8 245 244.9 245.1 245.4 243.7 239.8 237.9 236.9 237.2 235.8 235.1 234.5 233.9 233 232.7 232.4 232.1 232.8 231.2 231 230.8 230.6 230.5 230.4 230.5 230.6 230.6 230.2 230.4 230.6 231.1 230.7 230.3 229.9 230.1 230.4 230.2 229.8 230 230.2 230.4 229.7 227.3 230 228.5 239.2 242.1 242.6 245 248.1 253.6 259.9 254.6 254.5 253.8 252.8 252.7 253.1
292 277.3 268.9 267.5 265.5 262.9 266.5 257.5 257.2 245.6 247.6 247.5 247.7 247.4 247.3 246.7 246.1 245.4 244.7 244.4 244.2 243.8 243.8 242.9 241 238.1 237.9 245 243.9 236.6 234.6 234.2 233.7 232.8 232.5 232.6 232.5 231.7 231.5 231.4 231.2 231 230.7 230.5 230.4 230.5 230.5 230.4 231 228.9 231.2 230.7 230.4 235.1 243 239.9 234.4 229.7 229.8 229.9 229.8 228.9 231.4 237.6 238.2 241.6 249.1 242.8 248.9 249.3 251.6 253.7 254.5 254.4 253 251.2 250.2 249.9
284.7 271.6 268.4 266.9 264.6 261.9 259.7 255.6 255.2 254.8 248.5 248 247.3 245.9 246.2 246.2 245.6 244.9 244.3 244 243.8 243.2 242.6 240.5 239.1 238.7 242.4 243 243.5 234.8 234.4 234 233.5 232.6 232.3 232.5 232 231.9 231.7 231.6 231.4 231.2 231 230.8 230.7 230.5 230.6 231.5 230.9 229.1 230.7 231.3 241.8 253 253.3 251.3 245.3 232.1 229.4 229.4 229.3 233 237.3 239.6 239.2 243.5 241.7 247.7 244.2 250.3 250.2 251.5 251.9 250.8 249.3 245.9 241.6 237.8
277.8 269.5 267.5 262.1 261.3 256.8 254.3 253.8 253.3 252.9 251.4 244.9 245.9 244.6 244.9 245.3 245 244.5 243.9 243.6 243 242.3 241.7 239.9 239.3 241.9 241.7 241.6 239.7 234.4 234.3 234 233.5 233 233 232.7 232.3 232.1 231.9 231.8 231.6 231.4 231.2 231.1 230.9 230.7 231 231.7 230.4 230.5 245.3 253.2 253.7 254.2 254.2 253.3 253.3 231.8 229.1 229.1 229.3 229.7 239.4 238.2 242.5 248 247.2 247.4 244 240.3 243.6 247.4 246.8 244.9 240.3 237.6 233.8 231.7
272.3 268.7 261.9 254.7 253.5 254.6 253.9 253.2 252.6 251.7 248.2 242.4 244.6 243.8 243.8 244.2 244 243.8 243.4 242.8 242.2 241.5 241 240.3 240.4 241.7 241.8 241.3 236.1 234.6 234.2 234.1 234 233.9 233.2 232.9 232.5 232.3 232.2 232 231.8 231.7 231.5 231.3 231.1 231.2 231.7 231.9 230.6 229.7 253.5 254 254.6 255 254.9 249.8 242.3 231.7 229.1 228.8 228.7 229 237.6 242.2 238.6 242.2 251.9 245.3 248.1 236.7 239.7 241.5 238.7 235.2 233.4 232.7 232.7 232.3
269.5 266.1 258 254.9 253.3 253.6 253.5 252.6 251.9 250.2 245.3 245.2 244.1 243.3 243.1 243 243 242.7 242.3 241.9 241.4 240.8 240.2 240 244.4 243.1 239.7 237.1 236 235.4 234.7 234.2 234.3 233.3 233.1 232.9 232.7 232.6 232.4 232.2 232 231.9 231.7 231.5 231.5 231.8 231.8 231.6 230.4 231.1 253.7 254.8 255.3 255.6 254.8 239 236.7 231.2 229.8 229 229.4 231.4 236.5 242.1 240.4 238.9 248.1 239.3 242.6 240 237.8 235.5 235.3 234.7 233.9 233.2 232.7 232.8
267.4 262.4 258 253.5 252.5 252.7 254 252 250.5 249.2 243.1 244.6 243.5 242.9 242.8 242.6 242.5 241.7 241 240.6 240.2 239.9 239.5 239.5 239.1 238.2 237.5 236.7 236.6 236 235.3 234.7 235.1 233.5 233.3 233.1 232.9 232.7 232.7 232.5 232.3 232.1 231.9 231.7 231.7 231.7 231.7 231.2 230.2 235.1 254.2 254.4 253.8 255 251.4 249.7 235.9 232.8 231.3 231.2 229.8 229.7 237.5 239.7 240.7 241.4 242.8 241.4 240.8 237.8 236 236 236.1 235.3 234.6 233.9 233 232.9
265.4 258.1 256.8 253.1 251.8 251.8 253 251.1 249.1 247.1 241.1 243.3 242.6 242.3 242.2 242.1 242 241.7 240.8 240.1 239.7 239.2 238.7 238.5 238.1 237.4 236.8 236.2 235.9 235.8 235.7 234.3 233.9 233.7 233.5 233.3 233.1 232.7 232.8 232.9 232.6 232.4 232.2 232 231.8 231.7 231.7 231.5 230.7 238.9 254.7 254.8 251.1 249.4 245.8 241.2 236.9 234.3 240.8 235.1 231.5 235.1 233.5 240.9 242.1 242.3 238.7 241.5 243.7 237 237.3 237.1 236.9 236.1 235.3 234.6 233.9 233.2
263.3 255.9 256.7 254.1 252.1 244.7 247.9 248.9 245.2 243 240.3 242.6 241.9 241.7 241.6 241.5 241.4 241.1 240.2 239.7 239.1 238.5 238 237.6 237.2 236.6 236 235.5 235.2 235.1 234.3 234.3 234.1 233.9 233.7 233.5 233.3 232.8 232.9 233 233 232.8 232.5 232.3 232 231.9 231.8 231.4 230.5 245.6 254.7 254.7 250.8 247.2 244.9 242.8 238.7 237.8 243.7 241.3 239 243.3 241.1 235.2 241.1 253.7 252.4 244.4 245 239.9 238.5 237.9 236.9 236.3 235.7 235.3 234.6 233.6
260.8 257.2 260 253.8 250.1 244.3 248.9 242.9 241.6 241.6 241 241.3 241.2 241.1 240.9 240.8 240.7 240.6 239.8 239.3 238.7 238.2 237.6 237 236.4 235.8 235.3 234.8 234.9 234.4 233.9 234.3 234.3 234.1 234 233.8 233.5 232.8 233 233.1 233.2 233.1 232.8 232.6 232.3 232.1 232 231.5 229.8 254.2 256.4 258.8 256.7 254.3 252.1 246.6 240.6 242 245.2 245.4 249.8 244.7 245.5 240.9 245.3 250.5 251.8 248.2 246.9 245.8 241.3 238 237.4 236.8 236.2 235.3 234.4 233.8
257.2 253.5 264.5 251.9 247.2 248.9 241.7 240.2 240.6 241 240.8 240.7 240.5 240.4 240.3 240.1 240.1 240 239.4 238.9 238.4 237.8 237.2 236.6 236.1 235.5 234.9 234.6 234.8 234.1 233.8 234.3 234.2 234.2 234.2 234 233.7 233 233 233.1 233.3 233.2 233 232.8 232.6 232.3 232 230 234 255.9 260.5 263.6 262.7 259.8 257.1 251.3 247.4 247.5 245 250.7 250.5 245.3 244.7 243.6 245.9 245.1 255.6 251.7 247.9 246.9 241.7 238.6 238.3 237.6 236.9 235.9 236.9 236.4
