public/OST50/NN84.asc
ncols 200
nrows 200
xllcorner 280000
yllcorner 740000
cellsize 50
[rows 0 to 34 of 200, columns 0 to 77 of 200]
460.9 461.8 462.3 460.7 450.9 429.6 419.8 403.2 380.6 360.4 348.3 336 316.4 307 303.8 302.4 299.1 288.8 283 273.9 270.7 266.7 266.9 265.3 253.4 238.3 237.5 225.9 210.5 230.3 236.8 238.7 239.2 242 243.7 243.2 242.4 241.8 241.1 240.7 240.1 239.7 236.2 234.3 230.7 232.1 230.7 231.1 228.2 228.6 227.8 230 230 227.8 230 231 230.1 230.1 232.7 230.6 233.2 233.3 232.8 231.9 232.9 233.6 231.4 228.7 227.5 228.5 226.4 226.5 229.1 228.5 224.8 222.6 209.6 209.1
459.6 461.3 464 463 452.5 429.8 410.4 397 378.8 357.2 340.8 326.3 313.1 309.1 305 301.8 297.3 291.5 279 268.8 265.4 260.1 258.9 248.9 232.7 226 221.9 213.4 202 217.3 221.7 222.2 220.9 221.3 225.1 227.4 227.6 228 227.1 227.6 228.6 229.9 225.3 217.9 215.6 215.9 214.5 216.5 215.3 216.3 215.6 217.8 217.4 213.5 216.8 219.2 216.5 219.9 219.5 217.2 216.2 215.7 214.6 215.1 215.9 216.1 215 210.3 208.6 206.5 204 204.9 207.6 204.8 186 184.1 180.6 178.3
454.9 460.4 464.5 464.3 443.1 416.6 404 389.7 374.9 361.4 337.8 325.4 312.1 307 302.5 299.3 295.9 291.1 276.5 263.4 256.7 254 241.3 229.5 223.8 216.4 211.4 204.6 194.4 198.4 202.2 202.9 199.4 199.4 201.4 206.9 209.9 214.1 213.6 211.6 210.4 208.1 205.9 203.1 201.9 200.9 200.8 201.5 202.3 204.3 202.8 202.6 202.1 199.5 204 204.2 202.7 205.3 205.4 199.8 200 197.3 196.4 197 195.2 196.2 192.8 189.1 186.3 181.8 181.6 183 178.2 162.3 153.7 149.8 144.3 140.5
451.4 458.3 460.5 459.4 435.4 424.6 409.5 389.4 373.7 350 331.4 316.4 306 304 301.3 297.2 294.7 286 274 264.6 253.6 241.8 225.6 218.3 212.5 200.9 198 187.6 178.6 183.2 185 184.8 182.4 182.5 186 189.4 193.1 197.3 196.3 195.9 194.2 195 191.3 192.1 188.6 189 189.2 188.6 186.2 187 187.4 186.9 186.4 183.2 186 185.7 182 178.5 179.1 181 184.3 181.6 180.4 181.8 179.1 175.4 174.5 168.1 161.5 157.5 154.9 157.5 134.8 129.8 129.6 130.6 125.2 123.2
450.5 452.9 454.2 446.2 427.8 418.9 404.2 382.5 354.8 341.2 325.5 312.5 301.6 297.8 294.4 295.8 291.7 279 268.7 260.1 245.8 234.8 222.1 209.9 198.2 185.5 175.3 169.5 156.6 160.1 164.1 163 164.6 165 168.2 171.4 173.7 177.8 178 178 178.8 179.1 174.8 174.7 174 174.2 176 174.4 172.7 175.1 175.9 174.8 170.5 168.2 169.6 166.9 161.3 161.5 162.4 164.4 167 165.4 163.9 164 162.4 159.3 152.5 145.7 137.8 135.3 131.4 121.3 105.3 107.5 107.3 109 107.8 106.7
441.7 444.5 439.7 422.6 405.3 402.6 393.3 373.6 345.3 333 315.4 305.9 295.5 290.7 283.5 279.6 272.5 266 264.8 259.8 237.3 224.4 219.9 205.6 195.1 189.4 171 153.6 144 145.2 146.8 147.1 146.7 148.2 152.6 155.8 157.7 156.7 157.5 158.7 159.6 160.6 160.5 161.1 160.7 159.7 159.4 161.1 160.5 164.2 166 163.5 159.6 157.6 158.1 155.6 150.7 148.6 150.3 149 152.1 151.5 147 146.3 145.4 145.9 137.9 125.7 119.8 116.7 112.2 105.9 94.9 93.2 93.3 94.1 94.2 93.4
430.3 430.7 423.2 401.5 389.2 381.6 374.1 359 342.2 318.6 307.1 296.2 289.6 283.5 275.9 264.4 257.6 253 251.2 245 226.7 214.7 204.4 199.3 186.5 176.3 168.3 161.4 138.1 134.5 135.4 136.4 133.8 134.9 138.5 140.6 142.3 138.9 141.4 143.7 140.7 143.3 145.1 145.8 146.9 147 148.5 152.1 151.5 153.2 154.2 148.5 147.8 148.1 146.9 146.7 142.2 136.8 139 134.1 133.8 133.4 131.2 131.1 130.1 127.8 122.8 107.9 105.4 104.3 101.8 95 88.9 88.6 88.4 87.9 87.8 87.3
396.2 388.7 374.3 368.7 366.8 349.2 350.2 342.3 319.4 303.5 291.6 282.6 275.2 272.3 264.4 257.2 250.3 244.9 237.3 226.6 208.5 204.8 191.9 188 180.4 173.6 162.2 156.5 142.8 129.4 130.3 131.1 127.1 125.4 127.4 129.4 131.1 129.9 129.4 130.7 128.1 130 132.1 133.4 135.6 134.9 137.4 139.4 139.3 139.6 136.2 135.6 135 136.2 136 136.2 133.4 125.6 126.8 124.6 123.3 118.1 118.9 121.7 115.6 110.7 104.3 97.5 96.6 95.4 93.1 88.4 87.9 87.9 87.8 87.1 86.9 87.1
356.6 353.9 348.4 346.4 341.2 330.2 311.4 293.5 289 284.4 271.3 263 260.1 253.2 250 242.9 236.7 233.4 223.7 208.1 194.3 188.4 181.8 176.6 170 164.5 156 147 139.6 134.7 129.6 122.2 119.9 117.5 118.3 120 120.9 120.8 117.2 119.7 118.6 118.5 121.6 125 124.7 124.7 128.3 129.9 128.1 126.9 123.9 125.5 124.4 125.2 124.2 122.1 118.1 114.9 113.7 115.7 109.4 106.9 109.5 108 101.9 97.4 93.2 91.1 90.2 89.2 88 87.8 87.6 87.5 87.4 87.6 86.8 86.8
335.2 332.2 330.7 327.8 320.8 312.4 292.2 278 275.4 259.8 247.9 245.5 244.8 238.9 229.2 226.9 221.1 213.6 208.1 190.9 178.5 174.5 169.2 167.8 160.5 153.3 148.5 141.8 131.1 126.1 122.8 119 120.9 116.7 114.8 112.9 110.7 110 111.7 112.1 114.2 113.1 115.7 118.6 117.6 116.9 120.7 121.5 118.8 116.5 116.3 117.1 116.6 117.5 115.1 112.1 107.2 106 104 104.5 100.3 99.6 101.4 98.6 94.4 91 87.2 86.9 86.7 87.8 87.9 87.9 87.4 87.1 87.1 87.2 86.9 86.8
304.9 306.2 306.4 302.8 298 286.8 264.1 253.1 255 247.9 241.1 230 228 221.5 210.9 208.1 197.9 192 187.1 178.1 164.9 159 156 154.8 151.3 145.8 141.3 133.2 119.3 117.1 116.8 116.1 115.9 115.1 114.6 113 106.5 107 107.5 107.7 110.7 109.2 110.9 113.5 111.6 109.9 111.2 113.3 111.4 109 108.7 109.5 110.9 111.1 109.2 104.8 101.3 99.9 97.5 95.1 93.1 94.3 94 90.7 88.3 86.8 86.6 86.5 87.5 87.7 87.7 87.8 87.4 87 87 86.9 87 86.9
282.8 284.8 283.9 279.9 274 248.6 239.9 234.9 230.2 225.9 212.7 206.9 201.8 195 188.2 185.5 180.4 175.5 166 160.9 153.5 149.1 146.1 143.6 141.2 136.2 130.6 125.1 116.6 110.9 113.2 111.8 110.7 112.5 113.5 112.6 110.5 106.1 103.5 104.6 108.2 108 108.2 107.8 106.4 104.9 108 106.5 104.5 103.4 103.4 104 105.6 104.6 102.8 99.1 95 93.4 91.8 90.1 89.7 89.6 89.6 87.7 86.7 87.4 87 86.5 87.2 87.7 87.6 87.6 87.5 87.5 87.5 87.5 87.1 86.2
257.9 262.2 262.2 249.4 230.9 223 219.6 211.6 204.3 198.5 188.5 177 175.6 172.1 166.6 168.1 167.4 163.8 156.5 152.1 150.3 144.5 140.7 137.3 132.7 129.1 124.7 119.6 111.9 108.8 109.9 110.4 109 110.4 111.8 110.4 107.8 105 102.1 100.7 102.2 104 103.7 103.1 101.2 99.5 99.9 100.3 98.9 98.6 98.6 99 99.1 97.1 95.3 93.5 92.5 90.4 90 89.2 89 88.9 88.7 87.6 86.7 87.8 87.7 87.3 87.3 87.7 87.4 87.6 87.7 87.7 87.4 86.9 86.4 85.6
230.3 232.2 233.7 222.3 199.8 196.4 194.7 192.5 189 170.9 163.2 161 161 157.2 153.1 154.3 154.5 150.5 145.3 138.8 140.9 139.6 139.9 131.7 127.9 125.2 122.3 117.6 110.6 108.2 108.4 108.4 106.3 107.1 107.1 102.5 101.3 100.8 99.2 98.5 101.2 100.6 100.5 100.4 97.2 94.8 94.9 92.8 93.5 95 94.7 94 93.6 92.1 91 90 89.3 89.1 88.9 88.6 88.8 88.1 88.4 88.1 87.4 88.2 88.5 88.2 88 87.6 87.4 87.5 87.7 87.8 87 86.2 85.6 85.6
206.4 203.7 202.7 194.2 181.6 169.9 170 167.5 164.6 157.1 151.3 147.9 149.9 144.4 141.9 144.9 140.6 137.5 130.8 129.6 131.3 130.7 130.7 124.5 123.3 123 121.1 116.3 109.8 108.1 106.3 105.7 105.3 104.5 104.2 102.2 100.7 99.2 98 98.6 100.5 100.2 100.3 97.4 93.1 92.1 91.5 90.8 90.8 91.5 91.2 90.7 89.8 89.1 88.6 88.1 88.1 87.3 87.6 88.6 88.9 88.5 88.5 88.5 88.8 89.2 88.8 88.1 87.7 87.4 87.3 87.4 87.6 87.4 86.5 85.9 86.3 85.9
180.8 180 176 170.1 153.6 144.2 144.7 147.3 150.6 145.1 140.3 137.4 138 136.5 134.5 135 133.5 129.5 121 121.5 123.3 126.2 124 119.4 120.9 121.3 117.7 113.4 110.2 110.5 106.8 105.1 104.8 103.3 102.3 100.6 99.6 98.4 96.9 96.2 98 99.4 98.3 94.1 91.9 91.3 90.9 90.5 90.1 89.5 89.6 89.5 88.7 88.3 88.1 87.9 87.7 87 87 87 87 87.7 88.9 88.9 88.7 88.5 88.3 87.7 87.4 87.2 87.2 87.1 86.9 86.8 85.9 87.1 86.8 86.2
161.6 159.5 154.9 152.5 144.4 137.8 137.1 136.4 134.6 132.2 130.9 129.1 128 127.6 127.7 129.4 126.3 121.9 118 116.8 120.1 120.8 119 115.1 117 117.4 113.2 109.3 109.5 109.6 105.2 103.9 103.5 101.6 99.6 98.4 98.2 97 95.8 94.7 95.6 96.5 94 91.4 91.2 90.7 90.3 89.9 89.4 88.4 88.7 88.9 88 88 88.2 87.9 87.8 87 86.6 86.6 86.6 87 88.3 87.8 87.9 87.8 87.6 87.2 87.1 87.3 86.8 86.5 86.3 86.1 86.7 87.7 87.4 86.5
143.6 139.9 137.5 139.7 136.2 131 129.2 127.7 124.8 124.2 124.1 123.6 121.6 120.5 122.1 121.3 118.8 117.7 114.5 113 117.4 120.2 116.3 111.2 112.7 112.5 109.9 104.3 104.3 104 101.9 101.7 101.4 99.7 99.2 96.7 96.5 95.6 94.4 93.5 92.7 91.9 91.5 91.2 90.9 90.6 90.1 89.6 88.7 88.3 88.4 88.4 88.4 88.3 88.1 87.8 87.6 87.3 87.1 87 86.9 86.8 87.5 86.7 86.8 87.2 87 86.7 87.1 87.3 86.5 86.3 86 86.1 86.7 87.6 87.4 86.8
130.7 126.6 126.1 127.8 127.2 121.7 120.3 119.3 117.3 118.4 119.4 118.7 116.9 117 120.8 118.1 114.5 113.4 111.6 111.6 117 121.3 111.7 107.3 108.9 111.9 106.1 98.5 99.6 100.8 100.7 100.4 100.7 101.2 100.4 96.8 94.9 94.3 93.4 92.5 91.9 91.5 91.2 90.9 90.8 90.6 90.3 89.3 88.6 88 87.8 87.8 87.8 87.7 87.7 87.6 87.5 87.5 87.4 87.4 87.3 87 86.5 86.3 86.4 86.9 86.9 86.6 86.3 86.9 86.2 86 86 86.4 86.8 87.6 87.5 87.8
120.1 118.3 116.1 116.9 118.2 116.1 113.1 111.5 112.2 114.3 115.4 114.9 111.9 112.8 116.6 112.8 110.6 110.3 112.4 112.7 114.2 115.2 109.2 103.8 105 107.9 100.4 95 97.9 101.2 101.2 98.9 101.2 101.2 101.1 96 93.1 92.3 92.2 92 91.4 91.2 90.9 90.8 90.7 90.4 89.9 89.2 88.5 87.9 87.7 87.7 87.7 87.7 87.6 87.3 87.3 87.3 87.3 87.2 87.1 86.7 86.4 86.4 86.4 86.5 86.7 86.4 86.2 86.2 85.9 86 86.4 86.8 87.2 87.6 87.7 86
114.2 113.3 112.5 112.7 112 110.2 107.4 106.3 109.2 111.5 110.3 109.6 110.6 110.4 111.4 108.4 107.9 109.6 110.8 112.4 110.4 107 104.6 101.5 102 98.5 94.5 93.1 95.7 98.5 99.8 99.3 99.7 96.5 94.4 91.5 91.7 92.1 92 91.6 91.1 90.9 90.7 90.4 90.2 89.9 89.6 89.1 88.5 87.9 87.6 87.6 87.6 87.6 87.4 87.3 87.2 87.2 87.1 86.9 86.7 86.4 86.5 86.5 86.5 86.5 86.5 86.4 86.3 86.3 86.1 86.1 86.7 87.2 87.6 87.7 86.2 85.7
108.7 108.8 108.7 108.4 107.3 105.5 103 103.2 105.4 106.7 104.7 104.6 105.4 104.6 104.6 102.6 103 106 108.1 111.1 103.7 99 98.6 95.2 100.8 96.2 93.3 92 91.7 93.5 94 93.3 92.1 91.4 91.2 91.1 91.3 92.1 92.1 91.1 90.8 90.5 90.3 89.9 89.5 89.2 89 89 88.4 87.8 87.6 87.6 87.6 87.6 87.5 87.3 87.2 87 86.9 86.6 86.4 86.5 86.5 86.6 86.6 86.6 86.4 86.3 86.4 86.3 86.2 86.3 86.7 87.5 87.7 86.7 86.2 87
104.6 104.6 104.4 103.6 102.5 100.7 99.6 101 102.1 101 98.8 100.1 99.8 98.9 98.1 98.2 99.2 100.4 102.4 103.2 98.6 96 94.6 93.5 94.1 93 91.2 90.4 90 90.2 90.4 90.4 90.3 90.7 91 90.7 90.9 91.1 90.9 90.6 90.4 90.2 89.8 89.5 89.2 89 88.8 88.7 88.4 87.8 87.6 87.6 87.6 87.6 87.9 87.7 87.3 87.2 86.9 86.7 86.5 86.5 86.6 86.7 86.7 86.5 86.2 86.2 86.2 86.2 86.3 86.4 86.5 87.4 87.1 86.5 86.3 87.4
100.6 100.4 100.8 100.4 98.5 98.2 96.5 97.5 97 95.5 93.8 93.5 93.8 93.6 93.6 93.8 94.7 97.4 97.3 95.9 93.6 92.3 91.4 91 90.9 90.8 90.1 89.2 89.2 89.4 89.7 89.6 89.7 90.9 90.1 90.1 90.3 90.5 90.4 90.4 90.2 89.8 89.5 89.3 89.1 89 88.8 88.5 88.2 87.8 87.6 87.6 87.6 87.7 88.2 88.1 87.7 87.7 87.5 87.5 87.2 86.8 86.7 86.7 86.7 86.4 86.1 86.2 86.3 86.4 86.6 86.4 86.2 86.7 86.4 86.5 86.4 86.4
95.5 96.5 96.4 95.9 94.7 93.6 92.7 92.2 92 92.1 92 91.8 91.6 91.3 91.1 91.1 91.2 91.2 91.3 91 90.7 90.4 90.2 90 90.6 90.6 89.1 88.9 88.8 88.9 89 89 89 89.1 89.5 89.8 89.9 90 90.1 90.2 89.8 89.5 89.2 89 88.9 88.9 88.7 88.4 88 87.7 87.7 87.8 87.8 87.4 87.6 87.6 87.5 87.6 87.4 87.7 87.9 87.2 87 87.2 86.9 86.6 86.5 86.6 86.8 87 87.1 87 86.9 86.7 86.6 86.6 86.5 86.2
93.2 94 93.7 93.3 92.6 91.9 91.5 91.2 91 90.9 90.7 90.5 90.3 90.3 90.2 90.1 89.8 89.7 89.7 89.5 89.4 89.2 89.1 89.3 90 89.7 89.3 89.1 89 88.8 88.7 88.5 88.6 89 89.3 89.5 89.7 89.8 89.9 89.6 89.3 89 88.9 88.9 88.8 88.7 88.6 88.4 88 87.9 87.7 87.9 87.9 87.3 87 87.5 87.5 87.6 87.1 86.7 86.9 86.8 87.3 87.5 87.6 87.4 87.4 87.8 89.2 89.4 88.7 88.9 88.9 88.1 87 86.8 86.6 86.6
91.5 91.7 91.2 91.1 91 91 90.9 90.8 90.9 91.1 91.1 91.1 91.1 90.9 90.7 91 91.4 90.6 90 89.9 89.8 89.7 89.7 89.8 89.6 89.4 89.2 89.2 89 88.9 88.7 88.5 88.7 89 89.3 89.5 89.6 89.6 89.3 89 88.6 88.8 88.8 88.7 88.6 88.5 88.5 88.4 88.1 88.1 87.8 87.6 87.9 87.8 87.4 87.5 87.5 87.6 87.3 86.8 86.6 86.5 86.7 86.9 90 92 92.8 95.7 99.1 96.7 96.2 95.1 92.5 91.4 90.2 87 86.7 90.9
91.8 91.1 91.1 91.2 91.2 91.1 91.1 91 91.2 91.4 91.7 91.8 91.7 91.5 91.2 91.5 91.7 91.4 90.6 90.5 90.4 90.3 90 89.8 89.6 89.3 89 89.2 89.2 89 88.9 88.7 88.8 89.1 89.3 89.4 89.2 89 88.6 88.1 88 88.4 88.7 88.7 88.5 88.4 88.3 88.2 88.2 88.1 87.9 87.6 87.8 87.7 87.7 87.6 87.6 87.6 87.3 86.8 86.6 88.9 92.1 94.4 97.6 98.8 99.2 103 105.4 103.1 103.4 104.9 101.8 97.4 98.2 98.9 102.1 104.5
92.1 91.5 91.3 91.3 91.3 91.3 91.2 91.3 91.5 91.7 91.9 92 91.8 91.7 91.6 91.6 91.4 91 90.8 90.6 90.4 90.2 89.9 89.7 89.5 89.2 88.9 89.1 89.4 89.2 89 88.8 88.6 88.8 89 88.9 88.7 88.6 88.3 87.8 87.8 88.1 88.5 88.6 88.5 88.3 88.2 88.1 88 87.9 87.8 87.6 87.7 87.7 87.6 87.6 87.3 87.2 87 89.8 93.3 96.8 98.8 101.2 104.3 106.4 106.9 112.1 113.6 113.3 111.6 113 113.2 108.7 109.4 113.1 117.4 117
91.1 90.9 91.3 91.3 91.3 91.3 91.3 91.4 91.6 91.7 91.8 91.8 91.5 91.4 91.3 91.8 91.5 90.7 90.5 90.3 90.1 89.9 89.8 89.7 89.4 89.2 89.1 89 89.3 89.4 89.2 88.5 88.3 88.5 88.6 88.6 88.5 88.4 88.3 87.8 87.8 88 88.1 88.6 88.4 88.3 88.1 88 87.9 87.7 87.7 87.7 87.6 87.6 87.5 87.4 87 88.9 94.8 98 100 104.2 106.7 109.2 112.8 114.1 116.5 119.7 122 122.9 123.1 122.7 120.2 117.4 123.3 123.2 125.2 124.9
90.9 91.3 91.3 91.5 91.5 91.6 91.6 91.4 91.5 91.6 91.8 91.6 91.3 91.1 90.9 91.5 91.1 90.3 90.1 90 89.9 89.9 89.8 89.7 89.6 89.5 89.4 89.1 89.3 89.5 88.9 88.3 88.1 88.2 88.4 88.4 88.3 88.2 88.1 87.8 87.8 88 88.3 88.3 88.4 88.2 88 87.9 87.8 87.6 87.9 87.7 87.7 87.7 88.2 92.6 95.2 99.3 102.8 106.5 107.2 112.1 115.1 117.6 120 122.3 125.6 125.7 129.6 131.5 133.6 134.1 132.5 127.1 130.4 133.5 133.1 132.5
91.5 91.3 91.3 91.5 91.7 91.9 91.9 91.8 91.6 91.6 91.6 91.3 91 90.8 90.5 90.3 89.9 89.4 89.7 90 89.9 89.9 89.8 89.7 89.6 89.6 89.5 89.3 89.3 89.5 88.9 88 87.8 88 88.2 88.3 88.1 88 87.9 87.7 87.8 88 88.3 88.5 88.3 88.1 87.9 87.7 87.7 87.7 88.5 88.4 89.1 92.8 96.3 100.3 106.2 111 111.4 114 114.3 120.3 123.6 125.9 129.1 131.6 133 134.1 137.6 138.7 141.7 142.9 140.4 137.9 139.2 140.7 141.3 139.6
91.8 91.3 91.3 91.5 91.7 91.9 92.1 92.1 91.9 91.7 91.3 91 90.7 90.3 89.9 89.4 88.8 88.2 89.4 89.9 89.9 89.8 89.8 89.8 89.7 89.6 89.4 89.4 89.5 89.5 89.3 88.2 87.6 87.8 88 88.1 88 87.9 87.7 87.7 88.2 88.6 88.8 88.4 88.2 88.1 88.3 88.1 88.3 88.7 89.6 92.8 98.1 101.9 103.9 109.7 113.5 116.8 118.5 121.1 124.1 127.2 132.2 135.1 138.5 139.5 140 142.5 146.4 148.9 149.6 149.9 147.4 148.3 149.2 148.4 150.9 151.1
91.2 91.3 91.4 91.6 91.7 91.9 92.1 92.1 92 91.9 91.8 90.7 90.4 89.8 89.3 88.6 88.2 88.4 89.1 89.9 89.9 89.9 89.9 89.9 89.7 89.6 89.4 88.9 89.3 89.4 89.4 88.2 87.6 87.6 87.8 88 87.9 87.7 87.7 88.3 88.7 89 89.3 88.7 88.6 88.9 88.6 90.6 93.1 95.6 97.5 100.1 104.3 108.8 112.4 116.5 119.1 123.1 126 129.7 132.9 135 140.2 142.8 146.1 149 149.5 150.4 153.9 156.7 158 157.6 158.2 157 156.9 156.7 157.8 159
92.2 91.8 91.4 91.5 91.6 91.8 91.9 91.9 92 92.1 92 91.2 90.1 89.6 89.4 89.4 89.6 90.1 90.5 90.1 90 89.9 89.9 89.9 89.9 89.8 89.6 89.3 89.3 89.2 89.3 88.7 87.9 87.6 87.6 87.8 87.7 87.7 88.4 88.9 89.2 89.4 91.3 93.6 94.9 96.9 97.4 98.9 101.5 104.1 104.7 107.6 110.5 113.1 118.6 123.3 126.6 129.2 134.4 139.7 142 144.9 149.6 150.7 152.9 154.7 155.6 158.3 162 164.7 167.9 168.3 168.9 168.3 166.8 165.8 167 165.1
