public/OST50/NN84.asc
ncols 200
nrows 200
xllcorner 280000
yllcorner 740000
cellsize 50
[rows 70 to 104 of 200, columns 78 to 155 of 200]
333.8 332.8 332.3 331 330.1 326.9 323.5 309 309.1 309.5 314.2 321.3 328.5 329.9 335.6 339.2 342.1 344.7 347.5 349.2 352.6 356.3 360 363.9 367.6 373.2 376 374.7 374.2 372.8 372.3 372.5 372.7 373.8 375.6 375.3 375.4 376.4 377.9 381 381.3 379.3 379.9 387.9 395.9 403.3 409.7 407.9 408.1 409.5 410.5 413.7 417.9 422 420.4 420.1 416.6 403.6 401.7 399.8 400.5 400.4 400 389 381.8 375.2 371.2 362.2 359.8 363 362.9 362.2 362 369.8 373.8 373.5 371.6 370.6
329.9 328.5 329.4 328.4 328.3 326 319.4 310.2 309.6 318 321.7 325.3 330 336.2 342.9 347.1 349.5 352 354.4 358.4 360.7 364.7 369.3 372.4 374.4 379.2 380.4 380.8 378.6 378.6 379 378.3 376.4 377.3 379.1 378.7 378 378.3 378.4 381.4 381.7 380.9 384.5 391.1 399.6 409.6 414.6 413 409.9 411.9 414.4 417.5 424.1 429.4 429.3 428.6 425.7 410.1 405 403.2 405 402.8 400.7 395.1 384.7 376.5 370.8 367.1 362.2 363.6 368.8 369.5 371.7 377 379.1 378.1 377 378.1
327.7 324.8 323.6 318.2 321.8 312.6 312.2 310.5 308.8 321 326.1 330.8 336.1 343 349.7 353.3 356.6 359 361.6 365.9 367.5 371.1 375.1 378.2 382.7 384.4 385.3 388.9 389.1 387 386.7 383.4 382.6 382.9 383.4 383.4 380.1 380 378.9 380.6 382.7 386.1 389 394.8 402.9 414.2 419.7 416.8 409.8 413.3 418.2 420.2 427.3 434.3 437.2 434.5 431 419.4 411.1 407.4 409.5 407.9 403.3 398.3 387.6 375.7 369.9 369.6 368.8 370.4 372.4 374.6 376.7 381.9 383.4 382.6 382.6 386.8
318.1 318.2 318.3 316.2 315.9 318.6 319.2 320.9 321.8 328.7 332.6 336.9 342.4 350.3 353.9 356.1 361.1 366.1 369.3 372.7 374.9 378.2 381.1 386.5 390.5 391.3 392.5 395.9 394.2 393 392.4 390.5 390.9 390.7 390 388.6 380.8 382.2 381 382.3 384.4 387.5 392.8 400.3 408.5 413.3 417.8 417.5 411.5 417.9 422.3 422.8 428.3 438 449 440.9 435.3 430.9 422 416 411.6 409.9 409.5 400 390.4 380 371.2 370 371.2 374.5 377.5 379 382.7 385.8 385.8 387.7 390.3 394.1
320.2 319.8 319.7 318.2 326.2 324.9 327.1 330.2 333.1 335 339.8 343.5 348.6 353.9 357.9 361.1 366.1 371.4 376 379.7 381.7 385 388.1 393.7 398 399.7 401.5 404.7 401.7 400.7 398.2 398.6 399.9 400.2 394.5 391.7 386.7 387 385.4 386.2 387.1 388.5 395.6 403.2 408.2 410.7 414.6 417 419.1 420.5 425.6 429.3 429.4 442.7 455.9 450.9 439.7 440.4 430.2 422.1 417.2 409.6 409.3 400.4 392.8 383 375.5 372.2 372.9 376.7 379.8 385.2 388.5 389.4 389.2 393.3 398.8 399.2
322.3 325 321.8 320.7 323.7 328.4 330.6 333.5 336.9 340.5 344.1 348.5 353 356.9 360.7 364.8 369.4 375.9 381.8 386.3 389 392.1 394.9 399.8 404.8 408.1 412.6 417 413.8 413 408.1 408.1 410.6 406.5 399.3 397.2 391.9 390 390.2 390.3 388.7 389.1 397.2 403.6 408.4 409.8 412.1 414.9 417.6 420.7 428.3 430.8 429.1 438.6 450.3 450.2 441.3 439.1 431.2 426.8 421.6 412.7 409.7 402.2 395 385.4 380.7 377.1 376.5 378 383 388.3 390 390.6 391.7 400.5 403.9 405.6
324.2 326.7 326.8 327.5 324.5 329 333.4 335.7 339.2 342.8 346.9 351.2 356.1 360 363.8 367.4 372.5 379.1 385.7 391.7 396.2 400.5 404.1 407.4 411.5 415.8 419.2 424.1 426.1 423.2 423.1 421.5 418.4 413.1 407.3 401.5 399.2 396.3 395.2 395 393.2 394.1 399.8 406 408.9 410.9 412.9 415 417.8 421.6 430.3 430.1 430.4 436.2 439.2 439.3 440 438.2 434.7 430.6 426.5 421.2 415.2 407 399.1 390.6 384.5 380.2 378.6 379.1 382.5 388.3 389.3 389.6 399.6 404.7 407.9 411.1
327.2 328.8 327.2 328.6 328.4 327.7 331.7 337.2 340.8 345.4 349.9 354.3 359.4 363 366.9 370.9 375.4 381.9 388.5 395.9 401.8 407.7 412.7 415 420.5 423.9 426.2 432.4 436.7 439.6 442.5 435.8 428.6 423 415.4 410.4 408.3 405.1 398.7 399.5 399 398.9 402.1 409.6 412.9 412.8 414.4 415.9 418.6 425.2 429.5 429.4 430.8 434.8 438 439.1 439.4 437.6 435 433.5 430.8 426 420.9 416.3 406.1 397.4 390.4 390.6 387.8 384.7 387.3 388 389.3 392.1 399.4 405.7 411.9 414.8
332.5 332.8 330.9 329.2 329.1 329.9 331 337.4 342.7 347.8 352.3 356.9 361.5 365.9 370 374.2 379 384.9 391.7 399.6 406.5 411.8 417.5 424.6 429.8 432.9 434.8 442.2 447 450.9 454.6 451.1 446.1 438 430.3 422.7 415.7 411.7 404.7 404.1 403.5 403.2 406.7 410.1 413 415.2 416.5 417.2 420.3 430.6 429.3 429.6 430.5 433.4 436.9 439.8 439.6 437.5 435.9 436.6 431.3 430 431.3 426 417.9 409.3 400.8 398.6 400.7 392.3 396.1 394.8 394.3 399.9 401.4 409.3 416.8 418.8
340.6 337.1 334.7 332.6 329.9 329.7 333.2 338.7 344 349.4 353.9 358.4 363.1 367.8 372 375.9 380.5 386.4 395.1 403.1 410.9 418.7 425.6 433.3 437.9 441.9 444.9 452.5 462.1 467 466.3 461.7 456.4 451.2 443.6 434.3 423.5 419.4 413.7 412.6 408.8 409.3 411.9 413.2 414.5 415.2 416.7 419.1 426.2 429.7 429.7 429.5 430.2 433 436.8 438.6 439.2 439.4 439 439.1 436.9 435.1 435.2 415.5 405.5 411.1 404.8 403.4 403.1 401.2 400.7 398.9 400 405.1 409.3 416.5 421 423.1
348.6 342.2 338.9 337 332.4 331.3 335.7 340.3 345.9 351 355.5 360 364.7 369.3 373.5 378.1 382.8 389.2 398.5 407.2 417 425.3 432.9 440.4 446.3 451 456.8 464.1 477.9 477.4 476.7 474.2 469 463.1 455.9 445.6 432.9 426.3 421.9 420.5 415.6 415.5 418.5 417.1 417.6 417.6 417.7 420.1 425.6 429.9 430.2 430.2 431.7 434.8 436.2 437.8 440.4 440.8 440.9 440.6 440.8 432.2 431.2 433.2 429.6 418 408.8 406.2 405.2 405.5 404.6 402.7 406.7 412.7 418.4 421.5 424.1 425.9
354 350.3 345.7 341.9 335.5 333.3 336.4 343.4 347.8 352.6 357.1 361.6 366.1 370.4 373.8 379.9 385.9 393.2 402.7 412.6 422.6 430.1 437.6 447.7 455.8 462.7 468.5 479.5 485.8 480 481.4 487 481.6 474.1 471.5 462.1 445.9 436.8 429.6 425.9 422.9 422.4 423 422.1 420.7 419.3 419 421.4 427 431.2 432 433.1 436.9 438.9 437.5 438.9 440.1 440.4 440.9 440.9 439.8 438 436.4 436.3 440.1 424.5 411.7 408.6 410.6 410.2 409.7 413 416.3 422.6 427.4 427.8 427.4 429.2
359.5 358.9 352.9 343.7 339.2 335.3 340.9 347.6 351.6 355 359.3 363.4 366.9 370.6 374.4 379.9 390.1 398.7 406.8 416 425.4 433.6 442.3 453.6 463.4 472.5 485.1 491.4 490 488.2 488.5 495.8 494.9 491.1 486.9 482.4 462.9 445.2 437.9 432.7 430.3 429.7 429.3 428 426.7 424.8 424 425.5 428.9 433.2 436.3 438.1 440.6 442.8 439.6 440 439.5 440.7 440.7 440.6 439.5 438.7 438.9 440 439.5 429.6 416.7 415.5 418.1 418.5 419.8 425.7 429.4 431.2 433.1 433.7 434 433.9
365.3 364.3 356.5 347.5 343.6 339.4 344.6 351.1 355.4 359 362.2 363.9 366.5 369.9 376.9 384.3 394.3 402.8 410.5 419.7 429.1 438.7 448 461.8 469.1 480.1 494 500.1 499.2 498.8 494.8 501.7 505.1 507.4 504.1 493.2 474.7 456.3 446.3 442.2 441.4 442.1 439.2 437.7 435.1 433.4 430.7 430.1 432.1 438.3 444.9 447.4 446.7 449.5 450.2 447.1 439.5 440.5 441.3 441.7 441 439.3 440.9 439.2 433.4 429.8 421.4 423.2 426.3 426.7 428.8 434.2 438.9 440.4 439.2 439.3 440.4 440.5
371.2 368.9 359 351 344.1 339.3 349.1 353 357.9 361.7 364.2 365.7 368.8 374.2 381.2 389.7 398.9 406.7 415.3 423.8 432.8 442.5 452.3 463.8 475.2 482.5 490.9 499.5 500.7 500.2 499.3 501.5 505.5 508.1 508.4 502.4 487.9 465.5 455.2 450.5 450.9 451.8 450.5 448.2 442.1 439.7 433.1 435.9 440.7 446.5 450.8 451 453.6 452.9 452.6 448.4 440.7 439.8 442.5 448.6 449.8 448.2 441.9 437.9 433 433.1 433.6 433.9 435.7 434.4 436.2 440.9 443.1 444 443.8 445.7 447.3 447
373.9 371.3 361 352.5 345.4 341.9 349.9 354.8 359.9 363.5 366.4 368.3 372.8 379.5 388 396.7 403.6 410.2 418.7 427.4 436.4 444.6 450.9 461.6 476.8 482 489.8 497.7 500.5 500.5 500 500.8 505.2 507.2 506.1 501.1 497.6 475.2 466.4 463.4 462.9 461 456.7 446.2 440.5 439.3 441 440.6 444.9 450.2 449.4 454 457.1 460.2 456.1 456.6 451 442.4 441.1 449.2 448.6 447.6 449.5 439.8 439 441.4 441.4 442.1 443.4 442.4 440.4 445.3 446.8 446.7 451.4 455.5 459.8 458
375.6 372.5 362 354.6 348.8 345.4 351.1 357.1 361.6 365.4 368.5 371.1 376.4 384.1 392.2 399.9 405.3 412.1 420.7 429.5 439.8 443.5 448.9 459.1 475.4 482 484.8 492.3 501.1 500.9 500.1 500.9 503.4 504.5 505.5 502.9 499.9 484.3 479.6 471.9 469.1 459.9 453.6 445.7 443.1 445.3 448.3 449.3 451.3 452.7 453.1 457.2 461.6 464.8 470.4 465.1 463.2 455.5 451.3 450.7 450.8 448.3 448 441.4 440.8 445.5 446.5 448.7 448.6 451.8 453.2 455.3 457 459.7 461.5 465 466.9 472.5
377 372.7 362.5 355 348.1 346.2 349.9 357.7 362.8 366.7 370.7 373.9 378.7 386.7 393.6 400.6 405.3 412.8 422.3 431.9 441.6 445.1 449.1 457.4 469.9 480 481.5 480.5 491.5 498.1 498.7 500.5 500.7 500.7 501.1 500.1 495.9 490.6 482.8 478.5 467.4 459 449.9 448.5 449 453.1 458.6 460.4 459 460.7 462.8 463.9 467.2 473.3 477.8 469.3 470.4 459.7 454.2 450.8 449.8 449.3 448.4 445.9 446.9 450 449.3 453 456 460.1 462.1 464.7 469.7 477.8 477.1 476.7 478.6 484
380.3 374.1 364.1 354.7 352.8 352.3 351.8 357.3 363.4 367.9 372.1 375.9 380.4 388.3 394 400.9 406 411.5 421.9 432.7 440.6 444.7 448.8 452.9 463.6 473.3 473 476 483.1 488.8 492 494.1 496.8 497 492.6 490.8 489.6 486.5 479.3 473.5 465.6 455.7 450.1 452.6 460.9 471.7 475 476.4 470.2 469.2 469.3 468.8 475.6 481.7 487.1 473.8 470.7 457.1 453 451.2 449.6 454.8 452.8 450.2 450.5 451.1 450.5 456.7 462.7 466.4 471.5 473.5 480.2 488.9 495 496.2 489.2 490.6
381.1 375.3 363 356 354.5 352.8 350.5 358.4 364.3 369.4 373.6 377.5 381.7 389.8 395.7 401.2 406.6 411.7 419.5 429.3 435.8 440.3 443.3 446.8 459.7 463.1 465.2 468.7 477.4 482.3 486.8 490.1 491.8 490.2 486.9 481.8 480.1 477.7 474.4 470.1 465.1 452.5 454.7 463.2 473.8 478.5 479.6 479.7 477 474.4 472.2 473.5 483.5 483.6 483.1 478.2 473.2 460.2 453.7 451.8 449.8 454.3 459.7 454.2 450.5 450.6 452.4 459.6 467.4 474.9 480.7 483.9 489.5 497.8 502.2 505.9 502.4 500
381.9 374.9 364.1 355.3 352.8 351.7 350.6 358.5 365.4 370.7 374.5 377.9 382.8 390.5 397.5 403.1 407.9 412.9 418.2 425.2 431 435.7 439.7 444 449.7 455.3 459.4 464.1 468 473.8 479.5 482.8 484.1 480.4 478.1 479.7 480.6 475.1 470.1 467.1 462.9 457.7 463.9 470 475.7 476.9 478 479.1 479.4 477.7 476.7 482.2 486.4 486.6 486.7 483.8 476 462 450.6 449.5 448.8 450 454 449.5 448.7 452.3 458.9 466.7 475.6 486.4 488.7 494.9 498.4 504.1 510 513 510.5 507.5
382.2 374.3 364.7 356.2 350.4 350.9 357.2 359.7 366.5 372.1 376 378.9 383.3 390.6 396.4 403 408.8 413.3 417.5 422.2 427.8 433 439.9 441.9 447.1 450.8 453.6 456.8 459.4 465.3 470.3 473.4 474 469.6 471.2 479 477.9 467.4 464.2 462.8 459.9 461.9 471.6 476.1 475.9 477.1 478.4 479.6 479.6 479.7 479.5 487.9 489.3 488.5 489.5 486.8 477.9 462.9 451.8 448.9 448.9 449.6 449.5 449.1 449.1 453.6 464 470.9 480.4 489.1 492.1 500.5 509 508.3 512.8 516 514.9 510.3
382.2 373.9 363.2 355.3 349.6 360.2 361.9 360.1 365.7 370.9 375.6 380.8 384.6 389 395.3 402.2 409.4 412.4 416.5 420.6 425.9 430.9 436.5 440.5 443.9 446.1 449.2 453 455.3 457 462.2 464.2 464.3 464.5 470.4 469.9 468.5 459.4 459.3 459.1 462 468.5 475.8 478.3 477 478.3 479.5 479.8 480.4 479.8 482.9 491.1 493.4 492.5 491.6 483.7 473.3 460.7 450.8 450 450.4 450.7 450 449.4 448.6 451.6 463.4 469.9 470.7 478 491.7 499.3 499.1 501.9 511.4 518.4 521.8 514.3
379.7 371.3 362.3 359.1 359.3 364.4 366.1 369.3 371.5 369.2 374 380.9 384.8 388.6 394 400.2 406.3 410.3 415.2 419.9 423.9 428 432.1 435.6 438.8 441.7 444.8 449.6 452.5 453.4 455 460.8 459.7 462 464.3 462.2 460.1 456.5 458.3 458.7 464.9 470.9 474.9 478.5 478.2 479.2 479.8 480.3 483.6 484.5 487.3 493.7 496.9 495.2 492.4 489.2 473.2 460.2 453 451 450.6 449.9 450.5 449 448.6 449.7 458.8 464.5 469.3 469.8 482 488.5 488.3 487.1 500.5 512.7 519.5 517
379.4 370.4 358.8 363.9 364.4 368.8 370.9 374.7 376.6 369.6 375.1 380.7 384.3 388 392.7 397.9 402.2 407 412.8 416.9 420.9 424.9 428.1 430.3 431.3 433.5 439 444.6 450.2 450 450.6 455.1 458 460 459 459.2 459.2 453.4 457.8 460.6 467.3 470 473.3 476.5 479.3 480.5 481.8 482.6 483.4 484.4 489.6 495.2 500.1 498.1 495.5 492.9 478.2 463.5 455.8 450.9 450.6 450.4 449.4 449 448.7 448.4 453.1 460.8 470.7 471 471.9 481 482.7 483.4 488.7 496.7 505.9 510.7
376.8 365.9 362.8 371.4 369.5 372.4 375.1 378.2 381 379.9 378.8 379.9 385.7 387.2 392 395.9 398.9 402.2 409.7 413.6 418.7 421.4 424.3 426 426.2 429.3 435 439.5 443.9 444.8 447.2 449.6 453.2 455.6 454.4 452.3 450.7 451.2 460.2 460.2 469.5 472.4 476 478.8 481.3 481.4 481.4 482.2 483 485.1 490.9 500.1 504.5 503.4 500.8 498 491.1 473.3 458.5 452.7 451.6 450.8 449 448.6 448.3 448.3 449.5 457.2 470.7 470.5 469.1 479.7 482.1 484.7 489.4 494.7 498.5 501.4
374.3 367.9 371.5 376.9 377.9 377.2 379.7 382 383.6 380.4 379.3 381.7 386.9 391.2 391.8 395 398.2 400.9 405.6 411.1 415.6 418.9 420.4 420.9 422.5 426.3 431.8 435.5 438.6 441.4 443.1 449.6 450.4 451.1 450.8 450.3 451.6 458.2 460.1 458.5 466.4 472 477.1 479.3 482.3 482.3 482.6 482.8 483.1 486.8 496.8 508.3 509.5 508.2 505.1 501.9 494.7 483.1 464.9 456.3 453.2 450.6 448.6 448.2 448.2 448.3 448.4 452.9 465.9 469.7 469.3 475.4 481.4 485 488.4 492.2 495.9 496
377.7 370 371.1 379.1 382.1 385.2 388.2 387.4 388.5 384.7 381.9 385.5 389.9 389.4 391.9 395.6 398.7 401.5 405.1 408.6 412.2 415.9 419.1 419.3 419.4 422.9 428.3 431 433.3 437.6 439.5 444.4 450.5 450.9 450.9 450.1 450.8 455.2 451.7 451.1 462 470 476.7 480.1 482.3 482.2 482.9 484.3 485.6 489.9 499.9 509.8 513.9 515.9 509.9 505.8 498.7 489.7 473.9 463.4 455.5 450.5 448.4 448.2 448.2 448.3 448.3 452.1 461.8 466.3 468.2 472.3 481.4 485.9 489 493.5 497.4 496
379.3 370.2 374.5 381.3 386.4 391.2 391.6 390.8 390.2 389.1 388.1 390.3 389 391.8 393.3 396.6 399 401.2 404.2 407.2 410.6 413.2 415.9 417.4 418.9 419.6 424.2 430 431.2 432.5 438 441 444.9 445.8 448.6 448.3 449.7 449.2 448.4 450.4 463.1 471.8 475.8 481.5 481.7 483.9 485.1 486.3 487.9 491.1 500.7 510 516.7 521.3 519 511.4 504.8 492.1 478.9 471.7 455.7 449.3 449.1 450.3 448.3 448.3 448.6 451.5 458.5 462.3 466.7 474 482.5 489.5 492.9 498.7 498.6 498.5
381.8 370.5 378.7 384.3 389.3 393 394.6 394.2 393.8 392.5 393.5 393.2 393.2 393.7 396.7 398.2 399.5 400.9 404 408.1 409 410.9 412.8 414.8 416.8 418.8 421.7 428.7 429.6 430.1 433.4 436.9 439.3 439.5 441.6 445.8 448.1 448.3 448 455.7 469.3 475.3 479.3 480.1 481.7 485.2 487 489 489.7 490.8 501.7 512 517.8 523.4 527.6 519.7 511.4 497.4 484.2 473.4 459.2 455 456.9 461.1 453.6 448.5 449.5 451.7 457.7 462.8 466.8 473.6 481.2 488.1 492.5 498.1 499.2 498.3
386.3 376.8 379.9 385.7 391.6 395.2 398.1 397.3 398.3 397.4 397.8 397.8 398.1 398 397.7 399.3 401.3 403 406.8 410.3 410.7 410.9 413.6 415.6 418.3 419.8 422.8 428.6 429.8 430 432.2 437.9 440.4 440.5 440.6 443.9 447.6 447.5 452.4 467.6 471.8 475.6 479 480.2 480.9 485.4 489.9 490.8 490.6 495.5 509.6 515.4 521.6 530.4 529.7 529.2 522.5 513.7 500.4 481.4 461.1 459.4 462.7 469.7 467.4 453.7 449.4 448.9 454.4 461.4 468.1 473.1 479.8 485.5 490.2 499.1 500.2 499.3
388.7 379.1 380.4 388.1 392.9 397.6 400.8 400 399.8 402.6 402.7 402.3 402.2 401.4 399.3 400.7 405.2 408.3 408.9 410.2 411.3 411.9 414.4 416.5 418.8 420.3 424.5 429.8 430.5 431.7 434.6 439.1 441.1 443.1 445.1 447.8 449.5 449.6 455.1 467.4 470.4 476.8 480.5 484.9 485.7 488.9 492.3 492.6 494 500.4 512.2 519.4 528.4 532.7 533.3 536.7 534.1 528.9 523.7 493.3 470.7 462.9 465.5 469.6 468.7 459 451.9 449.7 451.3 459.4 463.8 470.2 477.4 483.8 489.6 498.8 500.3 499.8
388.5 379.1 385.7 391.6 396.5 400.5 404.1 404.7 404.6 409 410 407 406.1 405.8 404 405.7 410 409.3 410.8 410.5 412 413.7 415.6 417.6 418.9 419.2 423.3 429.3 433 435.2 438.3 441.7 443.6 445.5 447 450.9 453.6 456.9 462 467.8 475.4 484.4 489 492.2 495 498.5 502.3 500.4 500.7 508.7 519.7 524.2 530 534.7 537.9 541.4 542.1 541.5 535.9 517.4 490.3 470.5 464.6 466.6 463.6 453.7 449.1 449 450.3 456.1 459.7 466.5 474.3 483.4 489.3 499.3 500.7 499.6
389.5 379.8 390.8 397.1 400.3 403.5 407.6 410.2 410.4 413.3 415.9 412.4 409.5 410.6 409.5 409.8 409.9 410 410.7 413.4 414.5 415.9 417.6 418.7 419 419.9 422.4 428.1 433.4 438.8 440.4 442.9 445.3 447.2 448.5 450.5 456.1 460.9 467 473.3 482.4 491 492.2 497.1 504.9 509 510.6 511 517 525.9 531.5 535.1 535.8 538.4 540.1 543.2 545.1 548.5 544 534 519 480.7 465.1 461.6 457.2 449.8 449.4 449.1 450.8 452.8 458.7 460.2 467.2 476.3 484.8 489.8 489.5 499.2
392.9 384.8 393.6 399.7 404.1 406.7 411.3 416.4 416.4 418.3 420.6 417.4 415.1 414.4 413.1 413.5 415.1 415.9 415.1 416.4 417.5 417.9 419.9 420.1 420.8 421.7 425 428.4 433.1 437.9 441.6 443.9 446.5 449 451.8 453.4 457.7 464.1 471.2 477.4 482.9 489.2 492.4 498.9 510.4 515.4 517.1 524.5 530 536.8 542.5 546.4 542.7 542.5 543.9 546.5 551.3 557.2 557.8 551.1 535.9 492 471.2 462.9 457.9 452.4 451.8 452.2 452.6 451.6 451.4 455.1 459.3 466.6 477.2 483.9 488.2 496.8
