public/OST50/NN85.asc
ncols 200
nrows 200
xllcorner 280000
yllcorner 750000
cellsize 50
[rows 105 to 139 of 200, columns 0 to 78 of 200]
654.2 656.8 655 654.8 656.9 659.4 659.3 661.2 665.9 668 678.3 688.5 699 711.3 721.7 720.2 721.4 710.8 697.7 689.5 690.6 693.8 698.7 707.3 713.4 720 717.4 704.7 677.9 653.4 644.4 635.6 615.3 604.2 602 599.8 598.7 602.8 603.5 602.6 605.8 608.3 613.3 618.2 625.3 631.2 642.6 663.3 675.9 677.3 679.6 676 677.4 676.5 649.3 606.8 591.9 583.7 586.5 596.1 616.3 626.9 622.9 618.5 621.6 626.1 629.8 632.5 631.9 622.3 607.2 588.8 584.8 577.2 578 576.9 573.7 570.6 564.2
656.8 668 672 678.5 682.6 681.6 680.7 681.2 684.2 689 696 704 711.9 722.5 729.8 726.6 719.9 705.4 695.1 691.1 694.8 704.5 711.3 716.8 720.5 728.1 723.4 696 668.5 646 637.7 627.1 616.5 608.4 603.3 602.6 602.5 607 609.4 611.6 615.5 618.6 627.4 633.2 640.2 651.1 663 678.2 686 691.4 691.3 687.1 680.3 664.5 630 608 593.1 588.3 589.1 589.1 603 617.2 622.5 621.1 621.5 626.5 628.2 625.5 619.9 608.5 595.7 588.9 582.8 583.6 585.8 581.4 574.5 571.2 563.8
656.4 672.2 685.3 696.8 705.4 708.3 703.3 702.8 705.2 714.4 717.9 722 730.3 735.4 741.8 737.1 721.7 706.1 697.5 694.2 700.6 713.1 721.9 724.5 725.2 718.4 712.3 680.6 664.1 646.4 640.7 628.3 619.9 611 607.4 608.1 609.8 612.5 616 618.7 624.8 634.6 642.4 658.3 666.1 672 675.7 688.2 698.7 710.7 708.2 700.2 682.3 666.6 630 606.3 592 591.6 593.5 593.1 599.7 607.1 614.3 614.7 618 625.1 628.1 628.1 613.6 599.4 597.7 592.8 590.3 587.3 582.6 578.3 569.9 561.9 554.8
662.4 681.5 700.8 710.4 723.1 721.7 729 736.2 737.4 738.4 737.6 742.7 747 746.9 748 744.1 724.5 708.5 702.7 702.4 711.2 722.8 730.1 733.3 729.5 714.1 692.9 671.7 651.8 645.9 644 635 624.1 618.4 613.9 610.7 616.6 621.4 624.1 628.4 635.8 649.1 667.2 672.6 687 690.4 698 703.3 711.4 725.5 716.8 699.9 675.2 657.8 626.2 604.2 593.3 593.5 597.9 595.4 595.5 603.4 609.1 613.2 622 626.6 629.7 626 617.6 610.1 606.4 599.7 595.8 585.2 574.7 570.1 559.7 549.2 541.8
663 680.5 703.4 711.3 729.3 739.8 761.8 766 764.5 758.1 763.1 760.6 774 762.4 756.3 752.8 735 715.4 709.6 718.1 727 731.9 736.6 739.3 734.7 713.7 696.6 665 653.3 651.2 640 635.8 632 629.8 622.2 616.3 621 630 631.7 642.3 648.5 656.9 676.4 687.1 698.1 714 718.3 714.9 718.5 720.3 711.7 686.9 654.5 640.4 620 604.8 595 595.5 596.8 595.9 599.1 607.5 616.8 623.4 630.9 635.7 634.9 633.9 632.4 628.8 621 606.1 588.3 580.4 568.8 560.5 542.2 539 534.1
658.6 683.7 699.2 716 730.2 751.3 772.1 778.8 763.3 760 765.1 766 772.3 777.5 768.8 755.6 746.1 731.2 717 725.5 737.7 740.4 737.6 739.4 738.2 717.9 700.6 668.9 653.6 642 636.1 630.1 626.4 628 623.3 622.3 623.6 635.2 640.5 649.7 660.4 673.7 685.8 698.2 707.8 720.9 729.4 728.9 715.9 715.1 692 663.5 647.2 634.4 615.5 605.6 594.1 594 597.1 598.3 601.9 612.8 623.2 632.7 638.4 643.2 644.4 643.2 635.5 628.9 617.7 594.2 585.6 574.4 560.4 537.7 519.3 524.3 511.9
663.2 680.6 707.3 712.6 729.7 749.5 764.6 751.8 745.4 747.4 750.6 758.2 773.7 779.5 782.6 778 750.3 736.1 723.9 730.6 745 743.8 741.4 744.5 740.1 724.4 685.6 667.1 659 646.9 638.9 633.4 628.3 627.4 627.7 627.5 624.4 640.4 649.3 657.7 669.6 682.4 695.7 705.1 718.8 728.4 731.1 722.1 708.9 695.2 664.6 665.1 633.7 622.2 614.4 604.5 592.2 593.3 594.6 597.8 605.4 618.4 635.3 646.2 653.6 652.8 654.1 647.8 636.8 624.7 598.3 584.4 580.3 574.1 543.9 520.8 508.3 500.7 492.3
657.8 675.6 694.9 709.2 725.9 755.2 759.9 757.1 738.9 737.3 737.7 756.9 766.3 775 783.1 782.5 768 745.9 729.4 739 747.2 748.6 741.9 746 744.9 716.2 681.7 665.3 661.9 651.2 646.6 635.8 633.7 635.1 634.4 631.6 629.8 642.3 655.6 659.3 670 681.5 696.6 710.3 718.2 718.1 716.3 706.6 688.5 665.7 646.2 632 618.9 614 604.2 597.5 593.3 593.3 596.7 601.9 606.5 623.9 642.1 657.1 659.6 659.7 658.1 655.1 645.7 633.4 595.5 575.5 568.7 541 520.5 503.5 493.3 485.1 477.6
655.4 671.3 685.4 706.1 722.5 739.8 773.2 766.4 727.9 728.8 730.4 748.4 754.9 760.7 776.9 771.4 761.3 730.5 726 739.8 750.8 753.5 743.2 732 724.6 707.9 680.1 669.4 659.9 653 652.6 641.2 642.7 644.1 637.9 631.6 631.6 648.7 656.2 669.3 679.5 694.5 707.1 725.3 728 721.7 715 682.4 666.9 656 628.2 615.3 608.9 603.2 595.8 593.3 593.3 593.3 596.3 602.1 607.4 624.8 648.7 663.7 668.3 667.7 664.5 657.6 648.4 616.2 587.3 561.8 542.2 523.5 508.1 496.6 487.2 477.9 470.1
661.8 676.9 694.7 703.1 713.8 736.5 757 747.1 719.4 720.9 721.7 736.4 739.6 755.7 762.3 755 739.4 715.2 723.1 734.6 747.4 740.1 737.3 731.7 703.2 681.4 674.2 670.4 661.7 651.4 649.7 651.9 653.8 655.2 643.2 636.7 634.6 655.9 666 677.3 686.2 700.2 715.5 726.7 722.1 717.3 704.8 665.2 648.5 630.8 615.8 608.6 602.1 596.2 592.9 593.3 593.3 593.3 602.1 609.9 620.2 629.8 650.4 668.2 672.5 670.7 664.6 651.1 640.2 612.4 576.5 551 534.9 519.6 506.2 493.8 483 476.4 470.2
668.6 676.4 689.1 699.3 710.9 718.8 716.6 719.8 706.2 706.9 711.9 722.9 726.7 748.4 744.2 734.8 712.9 702.3 713.4 720.9 721.1 712.5 710.3 706.5 698.3 673.8 673.6 675.9 655.7 650.7 652.5 658.5 662.5 655.4 654.6 641.3 639.9 662.8 673.6 684.1 692.6 703.5 715.1 731 716.8 710.9 679.6 653.8 630.6 613.6 608.9 602.8 597.7 593.6 593.3 593.1 593.1 597.2 612.8 624.2 633.9 643 659 672.2 676.7 675.4 666.9 653 625.4 594.9 567.1 544.6 531.9 519.4 506.7 494.5 484.1 472.2 464
676 680.8 687 697 696.4 702.7 707.9 714.6 691.8 690.3 699.3 710.3 722.2 721.1 720.9 710.3 703.4 699.9 710.5 710.7 714.7 685.3 680.2 678.2 674.7 672.9 670.6 665.8 653.5 653.1 656 668.7 672.9 662.7 660.6 640.6 646.2 669.2 680.8 688.8 696.9 707.3 721.3 727.4 721.4 691.8 652.9 626 613.5 608 601.8 599.5 596.7 596 595.3 596.9 603 611.5 624.9 633.9 642.6 648.3 663.6 673.9 674.2 675.1 671.7 655.2 606.1 577.3 560.9 547.7 536.5 526 514 500.2 480.1 467.3 459
691.2 706.7 699.4 686.2 685.8 687.1 694.4 683.1 675.7 676.2 687.5 704.3 717.7 715.7 699.7 695.1 688.5 697.3 697.5 696.6 688 670.7 667.6 661.8 667.3 679.1 666.6 657.8 655.3 655.4 657.6 677.1 675.3 671 667.9 640.6 651.9 673.9 686.3 695.9 704.9 713.8 714.9 716.7 700.4 661.5 631.5 617.4 607.2 600.7 595.8 596.8 600.2 600.2 602.4 607.9 617.3 625.8 629.7 638.1 647.3 650.4 662.7 672.8 671.8 659.9 643.5 614.3 590.4 571.4 561.5 551.3 543.4 537.8 533.8 506.7 489.9 468 455.5
695.7 704.2 712.7 688.6 670.6 676.4 661 663.9 664.3 669.4 685.1 698.8 712.2 725.2 681.2 671.6 683.1 692.1 682.5 668.9 669.4 655.2 650.7 650.4 674 684.2 660.6 656.5 658.4 660.5 660.6 667.6 673.1 678.3 654.2 640.9 662 675.8 690.9 701.3 706.3 707.7 707.1 706 668.9 646.5 626.3 611 600.1 593.9 593.1 597.2 601.7 606.9 613.3 618.1 625.5 634.3 636.4 636.8 643.8 633.3 654.2 651.9 625.1 618.4 613 604.8 588.9 575.1 566.5 554.3 544.9 537.8 533.9 510.2 488.5 471.3 460
697.6 702.1 690.9 667.3 655.5 651.4 648.8 654.3 659 655 674.4 688.8 707.5 696.1 668.9 662.1 676.9 683.6 669.2 651.3 648.2 638 638.4 648.8 656.5 655.4 656.1 658.8 657.6 648.3 652.4 655.9 666 668 649.1 640.2 658.3 676.1 685.1 695.8 702.1 703.5 696.7 679.5 656.3 641.5 622.2 601.3 593.9 591 590.8 595.3 606 613.4 620.7 628.1 636.5 638.5 641.2 637.4 629.9 611.7 613.6 605.4 588.1 582.3 581.4 582.9 578.9 575.5 570.7 561.9 547.9 528.3 511 496 479.3 466.5 463.5
688.6 677.2 668.3 656.3 644.8 647.1 644.1 649.5 662.5 647.6 657.7 685.9 686 662.3 647.8 651.2 661.1 666.8 656.5 638.5 629.7 622 631.9 631.9 631.8 637.9 646.4 645.1 643.6 638.5 643.7 655.5 649.4 647.3 634 640.6 650.6 664.1 678.6 683.3 681.3 686 674.5 665.5 642.5 622.5 602.8 589 586.7 584.8 587.8 596.6 609.3 617 623 631.6 637.6 640.6 633 620.7 596.8 589.4 582.5 578.2 561.2 554.3 551.1 554.2 559.1 550.5 556.3 536.6 534.5 510.4 497.9 483.6 472.5 464.5 463.6
674.9 658.7 645.4 638.1 637.5 632.7 643.1 643.4 641.9 631.6 647.2 659.5 651.5 640.3 635.5 639.9 649.7 655.7 639.1 622.4 611.7 609.7 613.8 615.2 623.6 635.5 637.5 634.9 631.6 627.4 634.8 646.3 643.7 632.9 617.4 637.6 637.6 646.9 651.3 661.1 663.6 666.4 662.3 654.3 623.8 599.3 591.5 585.3 581.3 579.8 586 593.6 603.9 612.4 618.7 627.7 630 609 597.4 583.3 566.8 560.3 554.6 548.1 542 538 533.2 527.3 522.7 517 514.3 506.4 496.1 480 476.4 470.3 461.6 458.5 457.4
663 641.2 641.1 639.5 632.9 624.1 628.4 641.3 641.2 622.5 626.7 632.5 628.9 630 628.8 629 629.2 631.9 635.3 614.9 602.3 601.2 604.9 610.7 621.5 626.9 626.4 625.6 614.7 616 618.9 622.9 623.7 615.1 612.2 620.5 624.7 634.6 644.3 649.4 655.8 658.5 657.5 646.3 615.8 597.4 589.8 583.4 578.7 576.2 578.3 587.9 593.9 600.5 609.1 612 589.1 572.4 568.7 553 540.7 537.4 532.8 530.6 526.4 524.1 515.3 508.5 499.4 490.4 486.8 476.5 471.6 466.8 462.9 458 455.4 453.4 451.9
647.7 638.6 641.5 641.4 635 622.7 619.6 624.1 628.4 623.8 617.2 619.7 625.1 628.6 615.9 606.5 610 614.1 618.6 607.8 597.5 593.5 598.2 605.5 609.4 614.4 611.1 603.9 600.2 606.6 610.4 610.2 611.7 599.5 601.7 605.6 613.2 624.5 630.9 638.2 645.2 648.8 648.9 639.3 610.3 596.8 589.8 583.5 579.6 577 572.6 572.7 575.5 580.4 586.7 586.6 556.7 544.1 538.3 528.3 519.7 520.3 518.3 516.2 515.6 509.1 498.8 491 483.1 471 466.7 463.4 459.6 457.8 457.1 457.3 453.9 448.8 446.7
646.5 637.9 638.7 634.6 625.9 624.5 620 611.5 618.3 612.1 610.6 610.6 617 609.5 599.1 597.1 602.5 604.8 603.2 601.2 587.5 585.6 597.5 598.3 590.1 586.7 584.2 587 584.5 592.2 606 600.8 597.6 588.5 587.8 593.3 595 605.4 617.7 625.1 632.9 635.7 637.7 630.1 612 597 590 582.6 577.1 574.3 568.5 562.7 557.3 551.2 549.1 541.1 524.2 522.4 515.8 509.2 501.1 502.8 500.7 501.7 504.3 492.8 483.3 476.3 469.2 461.2 458 457.7 456.9 455.6 452 453.2 455.8 447.8 441.2
638 637.1 636.6 636.4 625 611.3 606.9 594.3 587.9 593 602.6 615.8 595.1 588.5 582 582.2 585.3 595 594.2 590.9 577.3 577.1 584.3 583.1 575.3 570 566.6 569.2 573.9 579.7 591.4 586.1 581 576.7 579.3 580.7 584.7 593.6 601.9 613.1 622.1 620.2 623.9 620.4 610.6 600.5 586.6 574.5 574.1 577.9 570 553.5 538 533.2 532.1 515.6 503.8 502.9 499.5 495.2 492.2 490.7 485.9 482.6 484.1 474.6 469.6 464.9 460.4 456 453.8 453.6 453.7 453.3 451.8 451 448.5 444.2 440
641.3 639.9 635.9 639.4 623.5 601.2 593.3 579.5 578.8 584.5 591.5 590.4 588 575.8 574.1 572.3 573.1 576.1 579.5 575.9 569 567.7 570.4 567.4 561.4 558.2 551.8 549 554 564.4 572.6 575.5 566.6 562.9 565 570.1 577.6 582.6 590.6 598.7 600.6 608.3 614.5 614.9 612.3 597.3 580.4 561.6 558.2 564.9 555.3 537.5 525.5 515.3 509.4 499.9 491.5 491.1 491.1 489.4 484.9 480.4 475 471.9 467.9 462.8 458.8 456.6 453.4 451.6 450.4 449.8 448.8 447.7 445.3 445.7 445.3 443.9 440.4
639.2 634.5 618.7 617.7 597.5 579.5 576.1 572.5 569 572.2 569.2 570.8 570.4 572.8 565.8 564.3 569.7 571.5 566.7 567.2 558 554.2 554.1 553.7 549.1 546.7 537.3 531.5 543.2 551.6 558.6 556.7 553.3 551.6 550.7 555.3 560.6 566.7 571.6 582.6 590.5 593.1 591.4 597.6 592.9 573.9 559.9 547.4 543.8 542.8 534.9 526 516.7 506.7 496.9 493.8 489.8 488.8 488.1 491.6 484.5 479.3 472.7 469 470.5 464.1 460.6 457.8 456.5 455.6 451.5 447.4 445.6 443.9 443 442.5 441.5 440.9 440.9
618.6 604.8 599 589.5 570.4 567.9 570.3 568.4 554.4 557.2 560.7 564.9 564.8 566.7 566.3 557.6 556.4 559.4 555.5 549.1 545.6 540.3 543.3 541.5 536.3 530.7 525.7 521.6 532.5 538 539.6 540.7 540.8 541.4 545.2 546.4 548.5 548.4 554.3 561.2 562.7 564 561.6 554.8 549.3 544.2 533.3 526.8 530.1 530.3 526 520.8 512.7 505.8 497.3 492.6 488.8 486.6 486 484.3 483.4 476.2 476.5 473.4 472.5 468.3 468.4 463.3 460.5 455.8 454.9 451.6 448.1 446.9 444.2 444 442.5 441.9 441.9
604.8 588.4 576.8 565.6 561.2 558.8 553.1 550.4 548.4 551.7 557 560 562.5 565.2 562.9 558.7 552 542.3 539.5 535.1 530.8 530.5 529.6 527.9 525.1 521.5 515.3 514 520.8 524.4 525.5 525.8 527 529.8 530.2 535.9 539.1 533.7 535.3 537.5 536.9 536.8 536.6 531.3 524.4 522.8 517 514.3 516.2 516.1 511.9 508.6 506.9 505.6 500.4 498.3 489.2 487.4 488 486.8 485.4 484 483.4 479.1 476.1 475.4 472 468.4 464.1 460.8 459.1 458.2 456.2 453.2 453.7 452.3 450.7 449.6 448.9
580.1 571.9 563.1 556.5 552 547.2 544 543.5 544.9 548.3 560.2 564.5 559.6 553.8 550.3 544.8 539.1 530.8 520.1 521.3 523.3 520.7 518.5 516.4 516.3 513.5 509.6 508.6 509.7 512.5 516 519.2 519.8 518.2 515.7 516.7 517.8 515.2 512.2 513.2 514.1 513.7 512.9 510.5 504.6 501.2 501.1 502.8 509.1 510 512 505.2 503.1 507.9 506.8 500.8 493.6 489.7 491.2 492.2 491 490.2 491.8 488.2 486.2 484.1 479.7 473.9 469.5 466.5 465.3 465.4 465.8 463.2 462.1 460.9 458.4 456.1 448.9
569.2 566.3 553 547.5 549.6 543.5 541.5 542.2 543.4 541.2 546 544.2 542.8 543.2 532.2 525.3 519.2 516.9 514.5 516.8 517.5 516 514.7 513.1 510.3 508.7 505.8 501.6 503.4 506.4 508.8 508.9 511.8 505.7 499.5 499.4 500.3 498 497.3 497.3 496 493 494.1 494.8 494.3 494.4 495 496.7 502.9 508.1 504.5 500.4 501.3 505.4 504.4 500 498.9 500.3 499.3 494.6 494.6 496.8 498.5 493.9 492 489.5 487.6 482.2 480 479.3 477.8 474.2 474 472.1 470.9 465.6 462.7 456.3 454.7
546.6 547 540.3 536.5 539.7 539.8 542 542.6 542.7 534.8 527.2 523.3 521.7 518.9 515.3 510 501.6 506.8 511.7 511 512.9 514.4 512.6 510.5 508.3 504.5 496.4 495.8 494.9 498 500.1 500.8 500.7 498.7 494.4 493.2 492.7 489.3 487.7 482.8 481.5 484.5 488.2 488.6 487.7 492.3 492.6 491.1 490.3 497.8 494.6 488.7 493.1 502.7 504.4 498.8 501.7 509.9 506.2 495.5 495.6 503.6 504.6 499.7 497 496.2 495.7 495.5 495.7 493.9 489.3 481.3 482.9 482.4 477.9 470.5 464.3 461 460.8
553.2 528.3 525.7 528.3 529.3 529.1 528.1 527.2 521.7 518.6 513.3 507.8 506.1 504.4 500.3 494.1 495.6 502.8 508.2 506.2 509.2 510.6 507.1 505.4 502.4 492.6 490.9 488.3 481.9 484.9 490.7 493.5 493.8 494.1 491.8 491.3 485 482.4 479.6 475.8 473.2 473 479.5 481.2 479.7 484.6 482.9 479 478.3 480.8 475.9 486.2 487.6 489.3 497.4 494.1 495.4 500.3 500.2 497 497.2 505.5 507.8 504.7 505.5 505.1 505 504.4 503.8 501.7 494.5 491.4 491.8 489.3 483.1 476.2 473.2 468.5 463.6
545.8 535.9 523.6 517.4 518.5 513.5 511 506.9 509 502.8 499.8 495.3 494.2 493.5 489.1 488.6 492.7 496.5 499 498.4 501 500.8 498.5 495.9 495.7 492.8 484.4 479.7 472.2 478.1 482.8 485.5 486 486 487.2 485.4 483.1 477.1 474.7 473.2 471.7 468.1 470.2 473 474.3 475.5 477.8 475.9 473.8 470.9 468.1 476 483.6 486.4 490.4 490.7 493.1 495.5 497.8 498.3 505.4 509.6 511 514.4 515.6 515 514.3 513.8 513.3 511.2 507.7 503.1 500.6 497.3 492.1 485.8 482.4 476.9 471.4
542.3 530.7 520.2 514 504.1 502.1 498.9 487.4 490.9 490.5 492.5 485.6 482.7 479.3 480.5 481.2 484.2 486.4 487.9 488.3 489.6 491.3 497.9 488.9 483.6 484.8 479.7 471.7 466.6 473.5 478.4 483.1 486.1 485.1 482.9 481.3 475.5 475.8 467.2 472.1 472.2 469.1 464.1 471.2 471.6 470.9 469.4 466.7 461.8 456.2 458 464.5 479 480.6 480 486.5 489.5 493.2 499.1 504.2 511.5 515.3 520.3 526.1 526.3 526.1 526.7 525.4 524.2 524.1 522.6 512.7 509.3 507.6 503.2 496 488.5 482.9 477.9
526.9 518.8 512.7 509.5 501.3 485.7 485 484.3 477.6 479.4 479.1 477.9 476 478.2 480.5 471.7 473.8 479.8 478.8 478.1 479.8 479.2 480.3 479.1 477.2 475.7 470.7 463.9 463 469 473 477 479.9 480.1 478.2 474.6 470.7 470.8 465.2 464.1 466.1 463.4 458.8 460.7 466.6 467 456.5 444.6 444.1 448.5 454 463.8 470.4 468.6 476 485.1 486.2 489 499.6 505.6 511.1 515.9 523.9 526.9 528.6 531.6 532.4 532 536.4 538.5 533.4 524.5 520 519.3 515.7 504.9 497.6 493.9 489.2
518 507.9 502.3 494.8 491.5 480.8 470.7 464.8 466.5 476 478.5 475.6 473.1 468.6 471.6 463.7 464.3 466.3 467.1 469.5 469.6 469.7 469.7 470.2 470.4 467.1 464.8 460.4 458.7 467.1 468.9 473.6 476.1 474.4 472.6 470.2 467 465.4 461 458.2 457.3 455.4 453.5 452.2 454 455.9 445.3 434 437.2 440.7 452.6 462.3 464.7 462.8 473.6 479.8 478.5 481 493.3 503.1 509.3 514.2 520.9 525.1 529.6 532.9 533.9 537.5 539.7 540.8 538.2 534.6 532.2 532.3 529.6 520.2 509.2 505.6 498.8
505.4 500.4 491.8 482.4 475.4 469.3 462.7 455.9 458.4 459.6 462.3 466.1 461.9 460.5 454.4 448.9 454.4 458.7 462.6 463.9 465.2 466.1 468.6 470.1 470.5 469.5 463.2 457.2 453.6 459.1 466.2 469.8 471.9 471.3 469.1 467.5 463.4 460.5 456.8 456.3 458.2 454.2 453.2 451.7 445.3 444.8 438.2 430.5 437.8 444.7 449.8 455.9 457.2 461.4 469.8 471.9 470.7 475.9 492 498.8 504.7 509.5 514.7 522.5 526.2 530.8 534.7 537.7 541 540.6 539 538.1 543 534.2 532.5 522.6 516.9 510.4 506.8
491.3 485.2 477.1 473.3 466.7 458.7 453.8 446.6 449.5 449.6 450.3 451.2 449.3 447.3 442 448.2 455.7 456 459.2 462 465.3 467.6 467.7 468.8 467.3 464.4 462 461 455.1 448.5 460 464.4 465.7 464.2 460.4 462.6 460.1 457 453.3 454.9 455.2 452.4 457.6 452.4 442.8 434.7 429.4 428.5 437.1 440.6 444.8 449 444.6 458.6 465.3 466.7 467.5 470.3 484.9 491.8 498.3 499.3 506.2 513.1 517.1 523.9 524.6 528 530.6 533.7 536.3 539.8 537.2 529.7 520 517 511.1 511.1 510.8
