public/OST50/NN85.asc
ncols 200
nrows 200
xllcorner 280000
yllcorner 750000
cellsize 50
[rows 70 to 104 of 200, columns 0 to 78 of 200]
423.9 434 446.1 459.5 462 458.3 454.5 455.3 451.7 449.6 449.8 451.2 450.4 452.1 457.3 466.4 476.3 487.1 500.4 509.4 518 523.3 528.8 533.6 539.3 543.2 545 542.8 539.3 539.1 542.2 538.7 529.7 527.9 520.4 507.6 499.9 481.5 474.3 461.9 452.4 452.5 447.1 436.4 429.4 419.1 415.1 412.6 409.5 406.4 402.8 402.5 422.8 430.8 439.2 444.9 452.2 461.2 468.8 476.3 486.1 487.9 488.6 485.6 489.2 504.1 510 516.3 519.8 525.6 532.5 535.4 540.3 548.8 557.8 568.9 577.7 598.8 605.1
422.1 433.9 443.3 453.4 457.3 456.7 454.4 459.2 454.7 453.7 456.2 454.9 454.9 459.3 469.6 479.2 486.6 498.1 510.4 516.7 523.3 532.1 538.8 546.5 549.8 552.5 555.1 554.7 557 561.3 558 550.6 541.1 540.2 536.2 527.3 517 500 479.6 469.8 463.3 458.2 452.6 442.4 433.4 428.6 423.1 421.1 415.1 414.9 412.6 402.7 406.7 423.9 432.1 440 448.1 455.3 465.1 472.3 477.7 484.1 480.2 487.5 496.2 503.6 507.6 512.5 519.1 523.5 527.8 532 539.5 542.2 555.6 565.1 570.6 583.1 584.5
421.7 436.1 445.6 453.1 458.4 458.6 461.5 460.6 460 460.5 461.7 464.5 470.7 475.8 481.8 483.9 491.9 505.7 516.2 522.8 528.7 536.8 549.3 555.8 562.2 561.9 560.6 563.5 568.6 571 569.4 564.6 558.6 553.2 544.6 535.1 525.9 511.6 492.2 480.3 471.5 462.7 455.5 448.7 440.7 436.3 431 426.4 423.1 420.6 418.5 412.5 424.8 421.4 431.7 436 440 452 462 468.5 473.9 476.2 483.9 489.5 495.6 503.5 511.4 520.8 527.6 529.4 535.2 538.2 539.8 541.5 545.6 558.7 561.5 563.1 560.4
430.2 440.4 451.8 460.1 464.8 469.4 474 473.6 472.4 469.7 473 477 480.4 488.7 493.6 499 505.7 512.4 517.2 526.8 536.5 547.2 557.4 562.6 568.5 570.9 577.3 585.6 583.6 584.9 582.3 575.8 570.4 562.4 552.3 538.1 526.8 514.7 504.6 487.7 481.3 470.3 460.4 452.6 446.4 439.7 436.2 432.1 428.6 425.3 422.9 420.5 429 433.1 438 445.6 452.3 459.3 466 470.2 474.6 483.4 487.6 491.8 500.9 506.1 515.5 526.3 534.8 539.7 546.1 552.1 546.8 543.4 547.7 546.9 549.2 550.8 553.1
440.4 444.1 457.2 465.3 473.8 480.2 481.1 484.1 485.5 489.2 485.6 487.8 492.7 500.5 505.4 512.1 518.9 525.6 531.1 534.7 543.6 559.6 574.1 577.5 583.5 595.2 603.1 603.7 599.3 598.2 592 584.5 579.6 569.8 560.1 545.9 532.9 521.8 507.6 500.1 491.5 479.3 468.7 458.9 448.5 442.4 437.4 434.9 433.1 429.2 426.9 417.3 425.9 431.2 437.2 446.5 455.6 463.9 471.8 478.5 486.1 490 494.3 500.3 506.4 514.8 524 528.9 538.1 550 556 557.7 555.5 547.6 549.2 547.1 547.5 548.8 550.9
434.7 454.2 460 470 481.3 490.3 495.2 498.3 500.8 506.9 503.7 496.7 500.9 509.1 516.4 523.9 530.3 538.3 545.4 545.8 555.1 572.9 584.6 595.5 603.7 609.8 612.3 612.9 614.8 611.4 609.2 602.5 592.3 580.7 563.3 553 544.5 537 520.4 515.3 505.1 501.6 484.6 472.4 456.4 446.4 440.5 436.5 433.4 431.2 430.3 426.8 421.9 432.7 439.3 450.6 460.7 468.5 477.1 485 491.7 495.5 501.5 509 518 527.2 534.6 544 551.6 556.5 563.5 565.8 558.6 552 549.5 548.7 549.5 551.8 551.8
451.8 457.6 469.6 475.9 485.7 495.1 504.1 511 515.4 514 513.6 510.5 508.1 516.2 524.1 531.6 540.8 549.4 555.6 562.1 574.1 584.4 595.9 606.5 615.4 619.6 619.1 626.3 630.9 630.3 625.2 615.4 603.8 591.7 584.8 570.5 554.8 542.8 530.8 528 523.3 517.4 504.8 487.3 468.4 453.6 444.9 438.5 434.6 433.6 432.8 428.4 426.5 435.8 442.4 453.5 462.7 473.3 481.2 487.7 495.6 501.4 506.6 516.3 527.5 537.5 551.6 562.3 570.8 572.7 584.6 582.5 575.4 557 552.5 550 554.9 562.2 562.7
463.3 471 479.2 485.8 494.3 502.7 510.1 516.5 522.8 523.2 520.8 520.1 518.2 524.7 531.8 540.1 547.4 557.4 567.9 578.5 587.1 598.2 604.9 611.6 619.8 626.2 638.5 643.7 649.2 644.3 635.9 626.5 622.5 607.2 601 586.5 573.1 557.5 550.9 555.1 548.5 531.2 516.6 500.2 483.6 467.8 450.3 440.8 438.7 439 436.8 432.4 432.7 440 446.9 454.5 465.1 476.3 483.7 490.4 499 507.5 513 525.6 541.4 554.9 563 574.4 585.7 588.4 598.8 603.1 595.1 573 561.1 556.4 557.4 562.9 569.7
474.2 485 487.5 495.8 503.8 513.6 522 524.9 527.7 528.6 526.9 525.8 529.1 533.3 540.5 547.7 554.2 563.9 577.1 590.2 598.4 606.7 612.9 617.8 630.6 643.8 652.5 654.9 660.6 659.7 660.8 652.3 640.3 626.7 606.2 592.5 569 565.6 561.4 557.9 553.2 546.9 527.5 509.9 497.4 482.7 462.7 446.7 447.5 441.5 439.8 439.7 438.8 444.8 450.2 457.1 466.9 477 485.6 494.3 502.6 512.5 521.4 538.1 554.6 567.2 583.3 595 598.8 611.4 613.9 616.1 614 591.4 580.7 571.7 567.9 570.5 568.9
488 493.4 497.2 505.6 517.1 525.3 531 536.4 537.4 537.6 536.3 537.2 540.1 543.5 549.6 557 564.2 575.5 589.5 601.9 612.3 621.3 627 632.8 646.9 654 662.5 668 676.6 674.5 668.5 661.9 649.4 642.2 619.3 590.3 573.2 568.6 580.6 570.4 563.5 555.5 539 518.7 506.3 490.5 472.9 459.3 453 450.3 447.8 444.9 443 449.4 455.1 461.7 470.1 478.6 488.9 497.5 505.7 516.3 531 546.7 562.1 578.9 594.3 605.4 608.9 620.7 635.6 632.5 623.3 617.5 598.6 584.7 576.6 576.5 574
493.1 500.2 505.7 517.7 530.6 540.2 547.6 551 552.2 554.5 554.2 557.7 561.2 560.5 566.1 573.2 583 591.8 601.9 613.9 624.1 632.2 641.1 653.5 662.8 665.1 671.7 675.7 677.4 671 665.7 660.5 652.3 637.8 618.1 591.8 579.1 583.7 585.4 583.1 571 557.5 545.6 529.5 513.5 497.9 480.2 467 457.9 455.7 452.2 443.8 449.8 455.1 462.6 468.1 474.2 481.4 491.4 500.3 508 520 535.1 551 567.1 586.7 603.9 619.2 617 631.3 642.7 648.4 647 637 621.4 606 585.8 583.9 582.8
501.3 507.6 519.4 531.7 542.9 554.5 563.1 565.4 568.5 573.8 576.2 579.5 582.9 583.7 585.4 592.4 598.1 606.1 617 629.7 637 642.7 650.5 657.5 665.9 671.8 673 668.3 661.6 656.6 653.7 653 647 627.3 610.1 605.2 590.2 586 583.4 583 574.6 559.4 548.8 534.7 520 501.9 482.6 471.9 465.4 459.3 449.6 455 454.4 463.1 470.6 475.2 478.9 486.1 495 506.1 513.6 523.4 536.8 552.4 567.7 586.4 606.9 622.6 622 630.6 640.2 655.3 660.9 657.2 642.7 621.1 593.2 591.8 592.8
505.5 514.5 531.2 547.4 559.5 568 575.9 579.3 584 589.2 591.9 595.1 598.8 601.1 607 610.8 616.9 623.6 636.5 644.3 650 655.8 659.8 666.7 674.5 678.7 680.3 677.4 660.5 654.7 647.5 645.6 631.9 623.5 613.7 607.5 597.2 586.9 583.4 577.3 569.7 561.3 550.5 535.3 521.9 503.2 489.7 479.2 471 458.8 459.8 466 463.8 474.4 480.2 485.7 488.6 493.6 504.4 518.3 523.6 527.8 539.9 552.9 565.9 579.1 592.8 600.5 611.6 626.7 648.4 660.2 673.6 673.8 660.1 630.2 606.2 599 600.3
514.2 522.6 540 557.8 570.1 579 590.1 594.2 600.3 606.8 611.7 617.9 618.9 622.2 623.8 627.1 635.1 642 653.3 657.8 662.3 665.9 668 671.2 673.6 677.8 676 668.3 663.2 651.2 648.3 647.6 636.1 625.1 619.4 606.5 595.7 588.4 582.5 575.1 566.2 556 544.3 530.8 513.7 502.6 495.8 486.9 475.8 467.7 474.4 478.8 481.6 485.5 490.1 495.3 499.9 503.3 507.3 518.5 527.9 534.3 543.3 551.8 564.1 576.2 586.3 596.6 608.8 633.8 646.3 661.3 670.3 681.5 677.7 641.2 632.2 612.4 612.3
522.2 531.6 550.5 569.1 580.5 593.2 608.4 619.1 622.3 630.9 630.8 633.6 635.3 639.8 637.9 639.5 647.3 661.3 664.1 663.6 671.8 675.3 675.1 674.3 673.2 669.3 664 665.1 661.3 655.2 658.8 652.1 638.4 632.4 618.7 604.7 596.2 586.8 579.5 572.2 560.7 547.2 535.9 521.6 507.3 499.8 496.7 490.8 476.4 481.6 486.2 489.7 490.5 484.2 498.1 501.4 506.3 512.3 517.6 520.2 530.5 539 545.6 553.6 562.9 574 585.9 596.2 612.4 627.4 643.4 656.4 668.6 673.2 671.1 668.9 660.5 641.1 626.9
528.1 537.6 555.8 575.6 586.2 601.9 623.2 632.3 634.4 643.5 644.6 647.6 652.2 655.5 653.1 649 659.9 669.2 670.9 669.4 670.2 673.8 678.1 677.4 672.2 664.9 661.9 663.9 665.3 656.9 649.2 642.8 633.3 618.3 608.2 599.2 590.6 579.8 570.7 560.1 551.9 540.4 528.6 513.8 502.8 498.5 486.2 482.8 483 494.8 498.8 500.2 500.7 499.6 501.6 510.3 514.3 520.2 526.2 530.7 531.3 543.1 548.4 555.8 563.6 572.3 584.7 598.1 609.5 624.4 631 641.3 654.2 669.3 668.8 673.8 675.3 662.1 650.2
528.5 539.1 556 569 585.1 599.5 617.6 632.6 642.9 645.2 651.7 657.6 662.6 662 661.2 658.9 662.8 666.8 669 672.1 675.8 677.5 677 678.7 671.6 664.7 660.7 660.1 656.9 651.9 640.5 629.1 617.2 607.5 598.5 586.7 576.7 566.6 557 548.3 540.3 531.5 520.9 509.8 500.7 483.6 496.5 498.9 501.7 506.9 512.2 511.1 510.6 508.8 499.6 513.9 520 524.4 531.5 536.6 542.1 545.7 552 558.3 565.9 573 584.1 596.2 608.9 618.5 628.8 637.9 645.3 658.2 673.5 682.8 684.8 682 673.9
527.4 537.2 553.4 567.2 584.5 600.5 612.7 634.9 644.1 652.7 657.9 660.2 664.2 666.3 662.8 663.2 665 671.5 679.5 679.6 685.2 682.4 682.1 681.6 677.8 670.3 659 652.3 646 638.2 630.3 623.7 609.9 598.8 590 576.1 566 558.8 548.4 538.4 531.2 526.4 516.7 506.1 492.3 501.9 507.6 510.9 514.6 519 524 526.2 523.2 516.6 511.1 515.4 523.4 528.8 534.5 539.9 547.1 551.8 556 561.4 568.4 577.1 588.1 596.2 606.5 616.9 627.3 638 639.2 656.1 683.1 693.8 702.6 703.2 697.1
525.2 536.4 552 570.3 587.4 598.5 616.2 637.6 649.5 656.7 663.4 670.8 671.4 667.6 670.1 671.4 674.4 680.4 686.3 685.6 686.2 691.3 686.3 680.3 677.1 668.3 654.3 642.5 630.4 622.3 615.9 607.6 592 581.7 572.4 565.5 558.6 553 545.3 534.4 527.5 522 513.6 501 503.7 512.8 520.8 525.6 527.8 530.7 536.1 538.7 539.3 529.7 518.3 514.6 525.6 531.4 536.5 543.4 549.7 554 559.7 564.9 571.6 578 587.9 593.3 604.3 615 625.8 632.4 636.9 664.1 686.7 702.9 707.8 718.9 716.5
523.6 540 552.7 566.9 579.7 594.2 611 630.7 647.7 657.9 662.2 672.9 677.6 678.6 684.8 686.4 686.1 687.1 687.6 686.7 685.8 689 687.5 676.8 664.5 651 639.9 626.3 615 601.1 593.9 585.3 579.3 574.8 568 563.6 556 551 540.8 535.3 528.6 520.1 510.5 502.8 513.9 523.3 530.9 536.6 540.5 543.8 547.3 553.5 556.5 540.3 526 520.9 527.5 533.4 538.5 544.2 553.8 556.7 561.7 567.8 573.7 578.7 586 593.3 601.6 614.4 622.4 626.6 638.9 666.3 686.9 700.7 704.8 716.8 717.4
520 535.7 549.6 559.4 573.2 587.9 604.2 621.4 632.1 640.8 652.3 662.2 671.3 677.8 689.1 696.7 699.8 699.1 695.7 690.1 686.8 684.1 678.9 668.2 653.8 639.9 626.2 609.3 603.3 592.1 585.7 579.2 572.9 570.9 569.5 560 547.8 543.2 539.3 532 524.2 513.5 508.2 514 525.1 536 542.7 547.6 553.5 554.8 558.1 563.9 576.1 561.9 535.1 531 528.7 531 539.7 544.5 552.5 559.4 565.9 573.3 578.6 585 589.7 596 604 611.5 619.3 630.6 649.4 673.5 682 685.7 697.2 708.5 721.2
536.2 532.5 545.4 557 569.9 585.3 599.6 612.6 622.9 635.7 648.6 655.6 667 677.2 694.4 699.2 703.5 704.5 701.2 696.2 691.4 685.3 673.6 654.6 637.4 627 610.6 600.2 594.1 588.4 578.3 572.9 568.8 565.5 561.5 555.4 548.4 540.8 535.4 528.2 520 516.7 519.2 523.8 537.7 548 553.9 557.4 563.4 567.3 574.4 581.6 593.4 558.1 543.2 536.5 536.9 530.7 539.9 545.1 551.1 559.4 567.3 579.2 587.3 591.8 594.8 599 606.9 617.4 629.5 634.5 655.4 669.2 677.2 681.4 694.1 705.8 715.7
542.8 532.7 545.1 557.7 571.5 588.8 602.6 612.9 619.9 634.2 647.6 660.3 673 685.1 697.1 703.7 708.5 708.9 707.3 704 697.4 683.8 667.7 647.4 631.6 621.4 611.1 602 594.5 584 572.8 566.9 564.1 558.2 555.4 547.2 543.9 539.2 532.9 524.6 524 522.6 523.9 530.6 543.1 554.7 562.5 565.9 569.7 579.6 586.1 592.9 602.5 570.8 551.8 544.7 542.1 540.1 536.8 545.1 551 559.2 565.7 580 590.4 597.8 602.3 601.6 611 623.3 630.9 632.5 653.3 668.3 674.6 679.2 683.8 703.2 716.8
553.4 547.1 548.7 561.6 574.3 591 603.1 610.4 617.5 629.4 643.3 659.2 682.5 697.9 706.2 713.7 710.2 707.2 703.2 696.7 687.4 673.2 655.4 646.7 633.9 625.2 612.5 602.9 593 579.4 570.1 570.1 564.5 556.9 547.6 550.1 545 539.7 533.3 531.4 530 528.4 532.7 540.9 550.4 563.8 569.7 575.3 578.7 588.4 592.3 599.8 608.2 589.5 561.2 551.8 548.5 544.4 543.8 545.3 550.8 556.7 565.7 576.6 591.9 611.3 612.1 605.5 615.7 623.3 626.2 631.8 647.5 662.5 674.2 682 685.9 701.2 718.6
565.1 558 549.1 562.9 573.6 584 594.7 603.8 614 625.5 642.4 661.7 678.4 692.5 704.4 716.4 718.5 711.2 693.3 687.7 680.1 674 664.6 647 630 618.2 610 600 585.9 584.5 576 568.9 563.8 563.3 556.7 554.6 547.5 539.4 536.8 539.4 534.6 536.4 542.9 550 558.6 570.2 578.6 580.8 589.7 592.3 596.3 601.4 616 601.1 571 559.1 553.6 549.4 547.9 545.4 551.4 557.2 563.7 575.8 591.8 615.1 611.8 608.3 614.8 627.5 628.4 637.3 651.2 660.5 672.9 687.3 699.8 708.8 726.8
582 569 564.5 559.7 571.8 580.2 588 599.3 609 621.4 640.6 655.1 670.8 685.6 698.9 712.1 718.2 701.3 689.3 686 680.3 671.2 652 635 624 616 606.1 597.8 595.1 585.6 576.8 576.6 568.1 564.9 560.1 559.8 547.9 538.4 542.9 543.7 542.2 549.3 553 559 563.7 574.8 584.8 590.6 595.6 599.4 600.4 599.4 599.6 588.8 572.7 564.3 561.1 557.2 552 548.5 552 555.2 562 574.7 583.6 597.4 601.7 611.4 617.6 625.2 633.4 637.1 650.9 664.9 676.4 687.6 694.9 713.7 717.2
597 579.2 572.7 568.7 572.1 581.3 589.3 598.4 606.9 619.1 632 649.2 663 682.2 696 711.5 721.6 714.7 695.8 683.7 671.6 655.5 645.6 634 623.4 613.9 605.1 602.4 596.1 592.4 590.1 585.6 580.9 576.1 566 562.3 550.1 546.2 548.9 550.8 552 559.6 565.8 568.9 574.3 580.7 587.6 593.2 600.7 608.1 609 605.1 600.9 595.2 577.2 567.8 566.7 560.5 553.3 551.6 551.9 553.9 557.6 566 575.8 583.4 597 611.2 622.8 633.2 631.1 637.7 648 658.1 667.6 680.1 690.6 701.4 711.6
599 587 581 575.7 575.5 583.5 590.7 601.4 613.3 621.8 632.5 647.8 664.7 678 696.3 710.7 712.5 707.8 705.5 691.8 668 650.5 645.9 637.8 628.7 612.2 614 613.6 606.7 604.9 602.8 596.5 585.6 581.3 576.7 565.4 555.1 550.2 557.8 557.4 558 566.5 572.6 577.5 583.5 589.3 594.8 600.7 610.2 620 626.4 626.1 610 598.9 581.6 571.4 567.2 560.8 555.1 552.3 550.3 552.5 555.2 563.3 569.7 579.1 598 613.3 625.6 634.3 635.7 636.1 648.9 647.8 651.9 659.1 677.7 688.5 694
596.3 588.9 584.6 583.2 582.6 585.7 593.8 605.1 615 623.8 632.9 644.3 660.3 680.7 694 693.9 698.6 697.7 694.1 676 662 651.5 644.1 637.5 627.3 628.9 626.4 625.1 620 617.2 612.9 608 598.7 590.4 578.7 569.2 561.3 559.5 559.2 564.1 566.3 570.5 577.5 584.9 591.4 597.8 604.5 609.2 621.8 632.2 636 632.6 621.9 608.3 589.6 578.3 569.9 562 555.7 555.5 555.1 554.3 556.5 562.5 568.6 584.3 602.3 618.1 627.7 634.6 639.1 639.7 641.5 647.1 650.1 654.2 660.8 666.4 678.7
598.7 597.9 595.7 590 591.8 594.9 598.7 608.8 617.6 625.6 635.1 648.9 661.7 673.8 675.7 684.3 689 686.4 682.2 673.6 667.2 658.3 645.9 637.2 637.3 635.9 634.2 633.3 630 629.5 624.6 616.1 607.5 596.6 585.4 575.2 569.1 568.9 568.2 568.4 572.2 576 582.9 590 596.8 605.3 612.5 620 627.7 637.5 639 640.3 633.1 619.3 604.8 584.3 571.7 562.4 557.3 559.8 560.5 559 560.7 569 574.6 589.4 614.7 628.8 634.6 640.9 646.4 642.6 639.4 640.8 632.1 622.5 626.3 650.3 663.5
602.6 605.6 600.4 598.9 599.6 603 607.8 611.8 620.3 629.9 639.9 650.2 659.9 666.4 675.1 685.9 690.3 690 680.9 674.9 667.3 657.8 646.9 648.7 646.4 647.9 652.8 647.4 642.9 639.3 633.1 626 612.5 595.8 590.9 580 576.1 577.4 576.6 575.3 577.6 581.6 586.9 595.2 604 611.3 619.6 628.3 641.2 648 649.8 647.2 641.3 621.2 600.8 585.9 573.2 566.5 561.5 566.3 568.6 568 570 577.2 585 599.4 615.3 628.5 639.6 642.2 641.7 641.1 633.5 623.6 607.6 601.9 617.5 643.9 658.3
605.9 604.5 605.8 607 610.8 609.8 615.9 621 626.5 633.3 642.1 651.2 660.6 671.8 682.7 690.6 694.2 693.3 686.3 678.5 669.5 661.2 660.7 664.6 664.7 668.6 671 669.8 654.5 643.4 641.6 628.3 613.7 601.8 597.6 589.9 585.9 587.1 584.7 584.1 584.5 587.2 595 600.6 607.4 614 625 637.7 650.1 656 655 657.3 647.3 630.5 605.7 591.2 579.4 568.1 567.4 575.2 577.6 578.6 585.3 588.8 601.7 611.9 620.7 628.3 644.6 646.5 640.1 631 623.5 608.6 595.7 580.6 601.3 605.1 605.9
618.2 617.7 618.1 617.6 619.6 619.4 623.7 627.9 632.9 638.2 645.9 653.7 662.5 675.1 685.3 694.4 700.6 699.7 693 682.1 676.5 668.5 676.5 676.8 680.6 684.1 691.1 686.4 675.3 651.3 636.9 629.6 617.6 602.1 598.6 597.8 592.8 593.4 589 589.4 589.4 593.3 598.8 604.9 610.8 617 627.4 640.9 653.1 661.6 666.2 665.4 661.4 638.1 621.4 600.1 578.2 567.6 574.3 587.2 592.4 592.3 601.3 601.7 613.4 620.1 624.5 631.4 640.3 642.8 638.6 625.9 616.7 601.5 575.3 570.3 572.4 575.1 577.9
630.8 630.1 628.8 627.7 629.1 629.2 630.9 634.6 639.2 644.9 653.3 660.9 670.2 678.4 688.6 699 701.5 701.8 698.6 690.5 685 679.2 685.9 687.5 691.1 693.9 702 699.6 691.9 659 641.7 630.5 615.1 601.8 600.4 599.8 599.2 595 590.7 593.9 594.7 597.8 601.2 608.4 613.5 620.3 630.3 644.7 651.7 663.7 673.2 674.8 664.7 659.9 637.7 599.1 584.8 577.7 582 595.2 603.2 608.7 605.1 610 618.8 624.6 629.1 634.2 642.8 647.7 642.3 613.2 593.1 577.2 570.1 568.7 564.6 561.9 558.4
641.8 642.2 640.5 638 639.5 642.1 643.2 643 646.9 653.3 663.4 673.2 683.3 696.1 708.3 712.4 713.2 713 696.9 692.3 681.9 685.1 690.8 693.7 699.8 705 706.4 706.7 687.4 659.5 648.5 630.4 611.8 603.2 601.3 599.2 597.8 598.3 596.1 596.6 597.5 600.5 605.7 610.7 614.9 621.4 631.9 651.8 659.4 661.1 671.5 683.2 671.4 679.7 635.3 604.1 593.3 583.3 589 604.4 616.9 618.4 614.2 613.8 620.8 624.9 630.9 640.9 642.3 641.5 619.9 596.7 584.6 572.5 571.3 568 564.7 562.4 559.2
