public/OST50/NN86.asc
ncols 200
nrows 200
xllcorner 280000
yllcorner 760000
cellsize 50
[rows 140 to 174 of 200, columns 78 to 155 of 200]
396.4 397.1 395 393.7 394.7 391.8 383.7 374.7 367.8 367.2 364.2 359.7 354.1 342.6 337 331.7 328.1 324.6 323.2 324.3 327.3 325 328.2 328.4 329.5 331.5 330.8 336.7 331.5 335.3 337.2 338.9 340.4 339 339.2 339.4 340.9 344.1 341.7 342.4 344.5 345.7 349.2 353.2 355.1 357.9 358.2 357.2 355.9 354.6 357.1 355.7 355.6 356.2 355.2 353.9 356.9 355.9 355.7 350.7 350.1 349 346.2 340.7 341.4 341.3 344.7 343.1 340.5 338.9 338.1 339.1 348.4 350.3 356.6 362.5 369 374.4
401.4 404 401.7 403.8 406.7 402.2 395.3 382.4 371.7 364.2 359.1 359.1 353 347.4 340.6 331.9 331.4 327.6 322.7 319.8 318.8 320.2 323.5 321.1 324.7 326.6 327.9 329.5 327.1 327.6 332.3 334.3 335.8 332.6 333.8 338.6 336.3 337.9 338.8 338 340 341.2 342.9 344.9 345.9 348 349.4 350.4 349.8 347.5 346.8 348.1 349.4 349.2 347.2 348.6 348.5 350.7 348.8 346.3 343.6 343.1 339 333.2 337 340.2 343.3 340.5 335.4 334.6 332.9 337.7 344.1 343.6 348.9 354.9 362.1 368.6
409.2 411.2 407.4 405.7 408.2 407.8 407.6 396.3 382.3 374.1 364.9 359.3 350.8 346.6 341.7 337.2 332 325.4 321.8 319.4 318.5 317.6 321.3 319.8 319.3 319 322 320.5 322.8 321.3 323.5 330.3 326.2 327.4 329.6 334.2 330.5 334.1 335.1 335.6 336.2 338.2 338.9 341.5 341.3 341.8 343.1 342.3 342.8 342.6 340.9 339.5 338.6 341.9 343.2 343 344.2 344.4 343.5 341.7 338.7 335.4 332 331.5 333.4 335 332.2 333.3 337.2 332.7 331.3 337.4 340.3 340.9 343.5 349.3 355 361.7
411.6 417.6 412.3 407 409.5 415.1 412.5 402.1 392.3 382.7 372.5 361.1 352.4 346.8 342.2 336.6 331.2 326.8 322.9 319.9 318.3 317.6 319 319.8 316.1 314.8 315.1 317.6 315.4 316.7 316.7 321.4 320.9 321.3 326.2 326.4 324.2 329.1 330.4 330.5 332.9 332.8 334 336.1 336.2 337.9 339.7 340.4 340.4 337.7 336.9 336.8 336.9 337 338.3 338 336.5 337.8 337.2 336.7 331.9 330.9 330.5 334.3 338.5 338.8 335.8 330.6 329.9 330.2 329.2 334.6 338.2 341.1 340.6 346.3 350.4 357.1
404.7 411.6 410.4 404.9 403.5 407.8 411.6 408.5 400.1 390.2 378.6 366 360 349.9 344.4 339.7 333.9 326.8 323.3 320 318.7 317.7 317.8 319.3 315.3 313.8 313.5 313.7 313.4 313.4 314.5 313.3 315.2 315.3 319.7 320.7 319.5 323.5 326.4 328.2 329.5 329.3 329.4 329.3 330 334.2 335.9 337 335 334.3 337.6 336 336 333.5 333.1 333 332.2 331.6 329.3 328.2 329.9 330 335.4 340.6 346.1 344.3 338.8 334.8 332.5 328.9 329.6 331.6 334.9 339.4 339.5 343.4 348.4 355.3
402.1 404.6 408.3 410.4 408.2 402.9 401.2 397.2 394.3 389.1 382.1 372.8 363.2 353.5 349.8 342 332.7 331.7 325.4 320.7 318.9 317.3 316.8 318.3 315.1 313.8 313.4 313.2 312.8 312.4 312.2 311.5 312.4 312.9 313.8 314.7 316.6 317.2 320.5 323 325.3 325.5 327.1 326.3 327.7 328.5 329.8 331.8 330.5 330.7 334 334.9 335.1 332.3 331.3 330.6 329.8 328.6 327.7 327.8 328.1 330.3 335.2 342.1 341.3 337.8 338.8 336.4 332 328 326.5 323.6 325.4 328.2 333.1 335.8 340.9 347.5
396.8 401.5 408.7 418.7 417.9 413.5 410.7 401.2 391.4 379.6 374.8 372.7 365.2 356 349 342.2 333.9 331.3 326.1 324.2 322.7 318.3 316.7 316.3 315 314.8 314.1 313.7 313.5 312.6 312.7 312.2 311.1 311.1 312 310.1 313.7 314.3 314 316.7 317.7 320.8 324.5 325.4 326.6 326.3 325.4 325.1 324.8 327.4 331.8 332 332.8 332.4 332.7 331.4 329.9 331.1 328.9 327.6 327.8 327.7 329.8 331.1 334.2 334.5 332.5 333.7 332.2 327.3 323.5 320.7 319.3 322.3 331.3 334.2 337.9 340.6
390.4 393.9 403.3 409 408.6 408.1 406.4 404.5 399.8 392.1 382 374.7 365.5 357.1 351.4 347 335.4 331.8 328.9 329.1 326.1 317.8 318.8 317.7 316.9 315.9 315.5 315.9 315.4 317.3 315.8 313.9 313.4 311.3 310.5 309 311 309.8 306.5 309.6 312 314.6 319.6 320.9 322.4 322.7 323 322.5 321.1 322 326.5 328.2 330.8 331.1 331.7 331 329.1 327.9 328.7 327.8 327.8 327.8 328.4 327.8 327.8 327.8 329 329.8 329.3 328.4 325.3 320.5 318.5 319.1 325.5 331.6 334.7 337.2
385.1 386.7 392 397.5 395.6 396.5 396.6 397.8 395.4 394.7 388.8 384.5 376.4 363.8 353.6 343.8 335.5 334.6 334.2 333.9 328.8 321.3 322.7 321.6 321.1 320.5 318.4 319.1 322.7 322.7 320.5 322.4 324.3 320 315.3 312.7 310.2 306 303.3 302.5 305 306.5 309.9 313.8 316.3 318.1 319 319.9 319.7 321 323.2 327.7 332.6 330.3 328.7 329.2 329.6 327.3 328.3 327.8 328.8 329.7 330.3 331.2 327.4 327.8 327.8 324.2 322 324.1 322.1 319.8 319.4 318.2 320.1 324.5 328.6 333.3
383.3 384.1 385.4 385.6 384.9 385 384.4 382.9 382 381.3 377.9 374.1 369.2 364.1 355.2 346.1 343.5 342.1 341.6 344 335.7 328.7 324.8 325.2 325 325.2 322.6 326.8 332.5 334 327.3 326.9 328.4 325.4 322.4 319.3 316.9 316 311.1 306.8 301.4 300.1 304.8 307.9 309.2 311.9 314.4 316.7 318.4 320.2 321 323.5 323.7 325.2 326.2 326.4 325.6 324.2 326.1 327.5 331.1 331.4 331.6 331 329.6 327.8 327.5 327.3 322 320.3 318.7 318.1 318.3 318.2 318.8 320.3 324.9 330.3
385.7 385.8 387.8 390.4 387.5 384.1 381.7 380.4 377.4 374.9 369.8 366.4 360.2 356.2 350.8 352 350.9 347.6 347.5 349.2 341.3 337.2 329 323.5 329.4 327.5 327 330.6 332.2 332.4 329.9 327.2 324 320.7 319.6 319 314.7 312 310 307 303.9 300.9 297.2 301.9 304.2 306.8 308.3 311 314 317 318.4 318.9 319.9 318.7 319.2 320.4 321 318.9 321.6 325.7 328.3 331.9 334.2 334.5 331.9 331.1 330.7 328.5 325.7 322.7 318.4 317.1 318.9 318 318.6 318.7 320 324.8
389 390.1 393.5 392.3 390.5 387.9 386.9 384.8 382 379.3 377.2 372.5 367.4 364.7 360.2 361.1 357.8 354.3 357 358.6 361.4 362.4 349.9 331.5 323 322.4 322.8 322.7 326.4 325 323 322.7 321.6 318.1 315.5 312.1 308.9 305.5 302.9 301.3 297.9 299.2 297.3 291 296.1 298.1 300.5 304.3 306.8 308.1 309.9 312.4 312.6 314.2 314.8 314.2 313.8 315 315.5 319.4 324 327.3 331.2 332.6 329.7 329.5 329.7 327.6 324.7 322.5 318.8 318.5 321.6 317.2 320.1 320.4 320.4 321.5
398.4 396.4 396.5 394.5 395 391.9 390.5 387.5 385.3 383.6 381.5 378.4 374.7 371.6 368.4 366.5 363.7 363 366.3 369.2 371.4 370.2 361.1 346.6 333.7 323.3 321 320.7 320.6 320.1 317.4 316.1 315.6 313.5 310.8 308.6 305.3 300 296.3 293.6 289.5 287.6 286.5 282.3 287.5 288.6 292 296.6 298.9 301.1 301.7 303.5 305.1 307 307.8 308.3 310.8 310.6 310.8 313.5 315.9 321 324.1 325.5 326.7 326.9 326.6 323.8 322 321.1 318.7 320.3 321.5 317.1 320.2 322.3 323.6 324.2
423.6 421.3 410 400.4 397.3 397.4 393.6 392.3 391.6 390 388.4 384.6 381.7 380.3 379.2 377.3 374.9 374.4 376.7 378 377.9 375.7 367.3 355 344.3 333 326.6 320.6 320.1 317.3 313.1 312 309.1 306.7 303.8 303.4 300.7 296.1 294 289.8 288.3 286 283.4 279.4 279.3 280.4 282 285.8 288.1 291.6 295.4 297.1 298.8 301.8 306.1 306.7 305.8 306.5 308.1 310.2 312.7 313.7 317.7 320.5 321.5 322.7 323 321.6 319.5 319.8 320.1 320.4 320.4 316.3 322.8 322.3 323.9 324.2
421.2 424.3 424.2 416.6 409.7 401.7 396.7 395.3 394.3 394.4 393.8 392.7 389.9 386.7 385.6 384.1 385.2 387.4 384.7 384.6 386.6 385 370.7 361.5 352.9 342.9 334.5 325.1 319.2 313.3 310.7 308.8 305.9 303.9 303.2 302.8 303 302.6 298.2 294.4 294.9 290.8 286.9 281.8 277.2 273.2 272.4 273.2 275.8 280.9 285.6 291 292.1 297.8 301.4 302.1 302.6 301 302.9 305 310.1 310.3 313.8 315.2 315.9 316.6 316.8 316.6 316.5 320.8 323 320.3 314.7 319.7 322.5 325 324 326
421 421.6 421 417.4 411.5 406.9 400.8 398.5 399 398.7 397.9 397.8 399.4 400.5 396 392.2 391.7 392.5 394.7 397.6 392.4 385.4 372.4 366.5 355.1 343.2 335.6 328.6 322.8 315 309.4 305.7 302.5 301.9 302.3 305.6 309.8 309.8 298.9 305 305.8 301.5 295.3 290.2 287.8 281.3 278.5 275.7 271.1 266.4 276 284.5 290.7 291 293.4 295.6 295.6 293.8 298 300.1 304.7 305.5 306.8 309.6 309.9 309.5 310.1 309.8 314.2 320.1 318.9 310.7 315 320.1 323.5 325.9 324.7 324.8
418.1 417.2 417 416.3 410.8 404.3 403.2 401.5 400.9 401.6 401.8 403.1 403.3 401.9 400.3 396.8 394.6 403.4 399.7 394.1 389.3 382.7 370.4 366 351.2 346.1 339.2 331.7 322.4 313.2 307.2 305.3 299.9 298.4 300.3 302.6 304.7 303.4 297.2 303.3 309.8 305.6 302.3 298.9 299.3 290.6 284.9 282.4 278.5 267.3 263.6 272 280.2 283.2 286 286.8 288.1 289.4 291.1 293.4 297.7 299.6 301.1 303.8 304.4 304.7 305 303.4 306.8 313.1 311.7 307.5 316.5 318.8 323.8 324 323.6 323.8
419.1 419.9 421.2 417.8 415.2 414.8 410.4 409.7 408.9 408.1 409.2 408.7 408.6 405.9 405 403.3 400.7 402.7 402.7 399.3 392.7 381.8 372.6 365.5 352.7 345.8 337.3 336.7 330.9 321 309.7 303.3 301.6 292 289.4 289.1 286.9 286.8 287.3 287.4 286.2 289.9 290.8 292.3 285.8 279.1 276.2 273.1 275.2 270.8 265 255.6 261.8 268 272.2 278 281.1 282.6 284.1 287.1 290.8 295.8 297.7 299.5 300.3 299.1 299.9 298.5 299.5 303.3 302.6 308.9 312.8 315.4 320.7 322.8 323.5 325
415.2 414.8 413.2 413 411.6 411.6 413.1 416.2 418.6 419 419.5 420.3 418 416.3 416.4 417.2 414.6 410.6 406.2 401.2 394.8 388.8 373.4 362.2 351.6 343.1 335.9 329.5 323.1 317.7 311.5 306.1 307.3 302.2 295.8 293.7 288.3 283.8 277 273.4 272.1 271.6 271.8 272.5 271.2 265.6 265.2 265 264.8 264.2 262.2 260.2 255 252 259.1 265.3 270.6 273.5 276.8 277.5 283.2 288 291.1 292.9 294.4 294.6 295.6 293.6 292.4 292.3 294.3 303.3 307.4 310.6 313.3 316.6 320.8 325.3
419.5 417.9 413.8 415.4 417.3 417.3 417.5 421.7 425.3 428.2 427.1 425.4 427.1 424.9 418.6 413.3 410 404 399.4 394.1 384.6 377.5 367.6 358.9 351.8 346.8 341.6 333.7 325.4 325.8 323.3 312.5 311.3 307.9 305.1 301 298.1 292.7 285.6 280.9 273.4 268 263.5 261.9 259.6 258.2 256.2 255.3 253.4 253.1 254.1 257.7 257.9 253.4 248.3 252.6 256.6 263.7 267.5 269.9 272.3 278 282.4 285.7 286.3 287.5 288.1 287.4 286.7 281 286.8 293.9 299.9 303.3 307.6 311.2 316.7 320.6
419.1 417.3 415.7 413.6 414.8 421 423.7 426.2 427.1 428.9 427.9 424.3 426 424.2 422.3 414.2 407 399.8 395.3 387.4 377 372.5 364.2 357.8 354.5 348.8 340.7 336.8 334.4 330.5 324.3 319.9 316.8 314.2 310.2 306.4 303.3 299.7 294.7 290.3 284.3 279.6 273.5 268.7 265.3 260.5 256.7 251.2 246.9 245.1 244.2 246.5 248 251.3 240.3 249.2 250.8 255.3 257.4 261.1 263.2 267.6 271.7 275.2 277.1 279.6 280.4 279.6 280.7 279 280.2 285 290.8 299 299.8 305.4 311.6 316.6
416.6 416.2 411.2 406.1 405.3 404.6 403 403.4 402.6 406.9 408 412 412.9 415 413.5 400.2 393.7 387.9 383.9 376.4 367.7 360.3 357.4 356.2 356.2 351.3 351.4 350.8 341.6 337.4 331.8 329.5 326 322.2 318.3 312.7 309.3 306.4 303.3 298.8 293.7 288 281.8 277.2 270.9 266.3 262.1 257.7 252.6 249.9 242.5 239.8 238.2 237.8 240.7 246.2 245.3 248.2 250 253.3 255.7 257.3 262.1 265.3 268 270.3 272 271.8 273 271.8 274.4 277.7 285.1 290.4 292.3 295.7 301.8 305.4
412.9 412.9 403.1 404.1 403.6 403.9 402.9 402.2 399.2 398 396.4 399.4 400.7 397.7 393.6 389.2 385.7 383.6 375.6 371.8 365.8 364.7 361.7 356.7 356.2 357.4 356.6 355.1 352.3 346.7 344 340 336.3 332.6 326.8 321 317 314.1 311.4 306.9 302.7 297 290.3 284.3 277.8 274 267.7 263.1 259.1 255 249.7 243.1 237.4 233.8 235.8 238.5 238.7 241.3 242.3 244 247.1 249.9 253 255.3 257.2 259.6 262.2 263.4 265.1 263.3 267.3 271.2 275.9 279.6 283.1 288.6 290.7 292.8
408 400.4 397.3 399.5 405.8 405.2 411.3 409.5 401.7 400.2 396.4 393.4 392.2 389.9 388.3 388.1 388.9 388 386.2 382.2 378.6 376 371.9 368.1 366.2 366.4 367.1 365.4 362 359.3 355.5 351.4 347.5 344.8 338.9 333.5 330.3 325.4 320.7 315.7 312.7 307 304.5 294 290.1 282.9 277.1 270.2 264.2 260.6 255 248.1 241 236.4 230 230.2 230.4 234.3 235 235.5 238.1 240.5 242.2 245 247.2 249.7 252.1 253.7 255.7 255.9 261.4 264.6 268.1 269.3 274.6 279.4 283.3 285.8
397.9 398.4 397.4 397 397 397 396.9 398.2 403 402.7 402.3 400.6 395.9 392.4 390.4 390.5 391.7 393.1 393.7 391.9 388.1 384.8 382.8 380.2 375.8 372.6 374.8 373.2 372.9 369.4 368.8 367.3 363.7 359.6 354.7 352.2 345.4 345.2 338.1 335.2 328.8 318.3 315.2 308.6 300.8 295.6 288.3 280.8 274.2 268.2 263.8 254 246.3 240.5 236.4 229.3 224.4 224.8 226.7 228.2 231.2 231.4 233.7 235 238 239.5 241.3 243.8 245.6 247.6 253.3 257.2 259.9 263.5 267.8 270.8 275.1 277.7
406 398.2 397.7 399.8 397.4 397.3 397.4 400.3 410 411.1 410.8 406.6 402.8 398.6 394.8 393.6 396.7 398.7 398 395.9 393.6 389.9 388.3 387.1 384.8 382.7 381.5 384.4 384.5 383 380.5 377.3 376.5 375.5 372.2 369.5 365.3 360.9 353.7 349.7 341.3 336.2 328.5 321.4 313.8 308.7 302.3 296.5 286.8 278.8 270.5 261 254.4 247.2 240.1 234.8 226.4 219.7 219.4 219.7 221.8 224.6 225.9 226.4 228 229.6 231 234.3 232.4 238.3 243.9 247.2 253.4 257.2 258 262.4 267.7 271.4
410.8 404.4 409.2 405.9 401.6 398.7 399.4 405.7 409.5 409.8 408.2 406.5 404.1 399.8 395.6 393 396.5 399.8 400.2 398.1 395.7 391.9 393.3 393.3 397.1 396 393.7 392.5 391 390.1 387.5 384.9 384.4 381.7 379.6 378.7 377.5 373.7 368 362.5 356.1 349.2 343.3 334.4 325.7 323.4 321.6 316.9 303.1 291.9 281.8 271.4 262.5 254 243.4 236.9 231.2 223.6 217.1 214.2 214.2 215.7 216.8 217.8 218.3 219.7 222 224.4 223 227.4 232.9 238.4 244.3 248.4 250.5 251.5 256.1 259.9
405.8 407.9 406.8 405.6 404.1 401.2 403.2 405.5 406.9 405.9 404.2 404 401.9 400.4 396.1 391.7 390.7 392.7 394.4 395.6 395.5 396.8 395.8 393.7 402.1 404.2 402.3 401.5 399.3 396.1 394.4 393.4 390.5 389.4 387.4 386.6 384.1 381.4 378.9 375.6 369.4 363.6 355.1 349.7 346 348.5 345.1 340.1 324.4 311 297 284.8 270.9 259.4 248.9 241.8 234.4 226.9 221.6 214.9 212.6 210 209.7 210.2 209.6 210 213.3 215.5 215.1 217.7 220.2 226.6 231.2 238.8 241.6 242.4 244.7 246.9
407.6 405.2 404.5 403.2 403.6 402.4 404.5 405.4 405.5 404.9 402.9 401 399.1 398.2 395 390.1 388.9 389.6 392.7 394.3 400 399.5 398.7 396.1 397.4 403.9 407.2 406.4 405.7 403.9 405.5 401.5 399 396.9 392.1 389.3 386 383.7 381.7 380.8 378 371.7 365.7 362 356.8 349.3 349.6 347.8 338.6 324.9 311.4 296.4 278.1 269 259.7 250.8 241.4 232.1 223.8 219.3 215.6 212.7 209.3 206 203.2 202.3 203.8 206.4 206 208.1 210.9 213.7 219.5 226.4 231.1 233.4 233.8 236.4
401.5 402.3 401.5 400.8 400.9 402.2 403.4 407.5 407.8 409.4 403.4 400 397.8 395.7 393.4 388.9 387.8 392.8 393.3 395.4 394.9 395 392.3 393.4 397.7 401.5 408.8 410 408.9 406.7 407.8 406.8 404.4 400.2 397.4 395.3 390.7 386.8 386.1 384.6 381.8 376.8 374.1 372.4 366.8 355.6 347.2 340.2 337.4 333.7 322.2 309 296.5 284.2 272 263.1 250.7 237.9 228.3 222.5 219.7 216.3 213.5 210.5 205.9 202.1 198.7 197.1 198.9 200.2 201.8 202.7 206.4 211.5 217.7 220.2 225.1 226.3
399 399 398.8 397.2 396.7 398.1 400.3 403.5 404.3 402.8 399.6 398.4 396.1 394.5 390.1 387.7 388.5 392 395.1 395.2 394.2 393 392 395.6 400.9 404 408.6 410.1 409.8 409.7 410.6 411.3 407.2 403.2 402.7 400.5 398.3 394.7 392.2 387 382.1 377.8 376.8 374.8 371.5 365.7 352.2 342.1 333.1 327.7 323.9 320.1 310.1 299.4 289.9 275.9 257.9 243 231.5 228.5 224 218.5 215.2 211.8 208.6 204.3 200.3 196.8 194.9 195 194.6 195.4 196.6 201.9 205 206.2 210.5 212
395.4 397.3 396.9 395.5 393.8 392.5 393.8 395.7 397.1 396 392.8 391.6 391.8 391.4 388.2 387 387.5 390.5 391.7 392.3 392.6 391.3 391.8 396.2 403.7 406.6 410.6 411.7 411.4 410.4 411 410.6 410.5 407.4 408.4 408.9 406.5 402.9 397.2 392.2 388.4 382.2 378.3 374.4 368.8 361.8 352.9 345.8 337.2 326.9 318.8 316.7 313.5 304.9 294.8 282.8 265.6 249.2 238.1 240.3 233.5 228.8 222.8 218.9 215.4 212.8 205 201.6 196.2 192.4 191.5 190.8 191 191.7 195 196.9 197.1 198.7
392.5 390.6 390.9 391.7 391.5 386.6 386.3 386.3 389.8 389.8 386.3 386.3 386.3 388 386.5 387.2 387.7 389.3 390.8 391.2 391.1 391.1 391.4 392.1 396.9 403.4 408.1 410.2 411.1 410.4 412.6 411.6 409.3 409.4 412.1 413 411 408.1 409.5 402.5 393.9 386.4 381 373.3 363.1 356.4 351.9 345.4 337.9 329.8 320.2 310 305.3 299.3 288.8 274.2 257.3 245.8 254.5 255.4 247.9 241.6 238.3 232.7 225 221 216.4 209.4 204 195.9 190.6 189.8 188.5 187 187 186.3 187.4 190
389.2 389 388.7 387.3 386.3 386.3 386.3 386.3 386.3 386.3 386.3 386.3 386.3 385.4 385.9 389.6 394.1 392.4 392.3 391.9 391.2 391 391.6 392.3 394.1 397.8 404 407 408.4 410.3 411.1 410.3 412.3 414.5 415.1 415.5 415.2 415.3 414.9 409 401.8 392.7 381.9 370.3 361.5 353.6 347.1 340.2 333.6 326.6 318.7 307.5 302.1 297.6 279.3 269.4 266.8 267.2 269.2 265.6 259 255.2 252.1 245.1 238.5 234.8 225.4 220.8 215.1 206.2 200.8 196.4 193.1 189.8 185.4 184.3 181.8 184.2
387.5 389.2 388.6 386.3 386.3 386.3 386.3 386.3 386.9 386.3 386.2 387.6 389.5 387.7 386.7 389 392.2 395.8 394.6 394 391.1 391.9 393.4 395.5 397.8 397.1 399.9 404.7 405.6 409.3 409.2 409.3 409.7 413.1 415.5 416.5 416.8 418.7 416.2 411.5 404.4 395 384 369.3 360 350.8 343.9 337 330.2 324.6 316 306.9 298.9 285.9 283.9 285.4 281.4 281.2 277 275.3 270.4 267.9 265.4 257.7 255.7 243 239.5 232.6 227.2 219.9 214 208.7 204.1 198.2 193.2 188.3 184.7 178.7
