public/OST50/NN86.asc
ncols 200
nrows 200
xllcorner 280000
yllcorner 760000
cellsize 50
[rows 35 to 69 of 200, columns 0 to 77 of 200]
382.2 387.1 392.6 396.6 398.3 401.4 408.1 416.9 415.5 414.4 409.4 405 401.3 400.5 398.1 394.1 387 392.6 388.8 385.2 380.3 377.2 381.4 376.4 376.3 373.5 371.5 369.9 370.9 367.9 366.1 361.2 353.3 351.5 352.7 341.4 335.7 329.2 323.2 321 306.8 320.8 326.5 330.9 335.8 338.2 345.2 352.3 360.3 366.6 376.2 385.3 392.7 398.2 403.5 409.8 416.6 422.8 429.5 429.4 430 436.1 440 441.3 438.6 436.3 433.6 430.5 426.1 422.3 418 415.7 410.9 405.6 401 398.2 394.3 393.3
377.3 383.4 388.8 394.2 398.4 401.3 406.6 409.8 411.6 412.1 410 405.2 401 396.1 393.5 390.2 385 384.7 383.3 384.5 380 375.8 373.4 372.8 373.3 373.7 370.8 372.2 368.1 364.8 362.9 360 351.1 350.6 343.7 339 334.2 326.7 322.3 319.6 297.5 319.3 326.4 330.7 333.3 336.6 343.2 351.1 358.5 369.4 376.2 385.1 391.5 398 404.4 410.7 417.7 420.1 422.9 428.3 429.5 429.4 430.7 432 432.7 431.1 428.4 427.1 426.9 426.5 424.7 418 413.1 409 404.3 401 397.7 395.3
376.2 380.2 384.3 391.4 397.4 400.8 403.1 408 412.4 411.7 408.9 405.8 402.8 400.1 392.3 386.9 383.9 383.4 383 381.4 378.5 374.2 372.9 372.5 373.1 371.1 372 373.9 368.5 362.4 361.2 355.5 349.7 342.6 340.2 335.1 330.7 322.4 321 318.7 294.6 316.7 323.8 328.8 331.7 335.4 342.8 349.7 360.3 366.8 376 385.1 391.7 397.3 403.6 410.8 416.9 421.6 431 430.1 428.2 425.8 426.2 426.8 426.1 424.2 423.4 426.3 427.2 425.7 422.7 419.9 414.7 410.7 407.4 403.6 400.1 398.7
376 380.9 385 388.4 394.4 395.4 401.4 404.4 407.6 409.5 407.7 405.9 402.5 397.8 393.1 385.9 383.9 387 386.6 382.6 377.1 374.4 373.3 377.6 377.9 372.2 373 375.6 372.2 372.5 364.1 359.6 346.4 339.6 334.4 332.7 328.3 320.6 318.9 316.6 294.6 310.5 317.7 327.5 329.7 336.4 344.1 351.6 360.5 366.7 376.7 384 390.4 396.5 404.1 409.8 417.3 426.4 428.8 426.8 425.9 423.4 423 422.9 420.9 420.8 422.9 424.2 423.2 422.3 420.8 418.2 414.4 411.6 407.8 405.9 403.2 403
374.2 379.3 385.5 388.3 389.3 392.9 397.4 400.5 401.9 403.1 405.1 404.7 403 398.3 392 387.4 385 388.1 386.7 382.7 378.8 377.8 375.6 378.2 378.9 375.4 372.9 383.5 383 372.1 364.4 360.4 346.7 338.7 334.9 330.7 327 320.8 318.1 314.1 311.6 290.5 301.9 318.1 327.1 335.1 343.7 350.6 359 367.2 376.9 382.7 388.1 394.5 401.7 406.3 417.8 422.6 422.4 422.4 419.7 417.9 421 421 418.7 420.8 420.8 419.3 417.5 416.7 415.4 414.4 411.9 410.4 409 408 407.5 408.3
371.7 377 383.6 385.4 388.2 391.1 392.9 394.3 395.7 398.8 399.6 400.2 399.3 396.9 392 386.6 383.8 391.2 387.5 383.8 380.6 381.3 381.3 383.1 382.3 384.2 386.3 388.6 381.3 371.9 366.5 358.8 349.7 340 333.6 330.8 324.3 318.5 316.5 312 311.9 292.4 298 316.8 327.3 335.9 343 349.8 357.3 368.1 374.7 380.9 387.3 393.1 399.6 403.5 410 414.4 416.2 414.4 411.2 410.2 413.3 413.4 417.4 417.6 416.2 414.6 413.2 412.4 411.1 411.6 410.6 410.5 410.5 410.7 410.4 410.7
369.8 374.6 377.8 380.5 384.1 387.6 390 391.8 393.5 395.4 395.8 395.6 395.5 393.6 390.1 385.4 383.7 388.3 388.1 389 387.6 385.7 387 389.3 392.5 394.6 393.2 385.7 379.9 375.3 365.9 358.5 355.8 339.1 333.2 330.5 324.2 316.7 307.2 305.3 309.9 294.9 296.7 315.6 326 334.1 343.2 347.5 356.1 367.9 373.1 378.8 385.2 390.5 396.9 399.4 401.9 403.7 406.6 404.9 401.6 402.9 414.3 413.6 413.6 413.1 412.7 411.6 410.4 409.8 411 412.7 414.3 414.7 414.7 414.6 414 412.6
366.4 375 375.3 378.4 379.7 384.4 386.4 389.4 391.1 393.8 393.7 393.2 393.2 392.9 389.7 387.6 387.3 391.1 390.9 394.3 393 391.8 391.9 394.6 396.4 394.4 389.2 383.8 379 373.1 366.9 356.5 353.3 339.7 332.6 327.7 322.4 315.8 310.7 302.5 305.3 289.4 295.6 316.9 327.3 335.9 341.3 347.4 355.7 365.9 370.6 377.1 382 387.1 390.9 393.8 395.4 398.6 399.9 399.6 397.8 404 411.6 410.3 407.5 406.4 409.3 409.4 408.3 408.6 410.2 414.5 417 419.3 421.4 422.8 423.2 422.8
363.7 370.3 370.1 374.5 376.7 381.1 384.7 386 387.5 389.4 392.1 392.5 392 394 392.6 390.5 391.8 393.8 393.2 395.1 397.3 400 400.1 397.3 394 390.9 386.3 381.5 376.1 370.4 364.5 354.9 346.5 336.2 330 325.1 319.9 314.9 309 283.9 288.6 302 305.5 320.2 328 338.1 343.2 347 357.5 363.8 369.8 374.6 377.9 382.6 386.9 389.1 392.8 394.9 394.7 396.2 400.2 400.3 397.5 398.5 400.1 399.4 403.1 406.1 407.1 407.9 409 414.5 420.2 424 426.4 430 433.1 437.1
364.2 363.6 365.7 369.3 374.2 377.2 381.4 383.6 384.9 387.2 389.2 391 390.9 392.9 394.8 393.3 395.4 397.8 396.9 398.3 403.1 402.4 400.2 396.7 391.7 388.5 384.4 379.5 373.4 366.7 361.9 355.7 343.6 336.7 329.7 323.6 317.7 313.3 306.6 290.9 303.2 309 313.5 321.5 329.6 337.7 340.5 347.2 358 362.9 367.1 371.9 375.3 379.3 382.9 388 389.2 391.4 391.1 395.8 395 394.1 392.8 394.5 395.7 396.4 398.4 400.9 403.5 405.5 408.1 411.8 419.6 426.4 430.8 433.9 438.8 442
360.9 360.4 361.7 365.1 368.5 372.8 377.7 382.5 384.1 385.2 387 387.7 389.7 392.6 395.7 395.2 398.1 400.5 401.5 403.6 402.8 402.1 398.6 394 393.4 388.2 382.2 375.5 368.3 363.3 355.9 349.3 343.8 337.7 330.5 326.9 317.5 310.2 303.3 291.3 302.6 306.3 315.2 322.1 329.5 337.3 339.5 347.5 358.8 366.5 365.5 368.7 371.2 375.4 379.8 384.1 386.7 385.6 390.2 388.8 389.1 390.3 390.5 394.5 397.1 399.1 398.9 402.9 402.8 404.2 407.3 412.2 417.8 425.1 433.1 441.8 442.3 442.4
354.2 355.8 358.7 359.5 365.4 371.4 376.4 380.6 381.8 383.4 384.5 385.2 387 391.5 395.1 396.5 398 399.9 403.5 404.1 401.5 399.7 398.4 395.1 391.8 387.9 381.9 373.8 366.8 360.3 354.7 350.4 348 345.2 338.1 328 315.9 307.8 301.6 287.9 299 303.9 313.2 319.6 328.5 334.3 339.9 345.5 357.3 361.1 365.5 368.1 371.3 374.3 377.7 380.6 383.3 384.8 385.9 386.1 387 388.2 390.4 394.4 397.4 399.4 401.3 401.6 403.3 405.4 409.7 412 417 425.4 432.5 438.2 441.1 441.9
351.4 353.2 354 356.4 362.9 367.5 373.2 376.6 380 380.7 381 382.2 386.3 391.4 392.9 395.3 397.9 400.6 406.8 403.2 401.4 402.9 401.2 396.9 393 386.7 380.4 373 366.3 360.8 357.2 357.3 356.7 356.1 342.2 329.9 316.2 306 298.9 293.2 286.8 297.8 307.7 315.3 323.8 332.3 338.5 346.2 354.8 359.4 364.1 366.9 369.5 372 374.5 376.7 378.3 380.8 382.4 384.1 385.8 386.7 388.2 390.3 394 396.8 401.3 401.7 404.1 406.6 408.9 413.2 418.2 424.9 430.3 434.6 438.3 439.1
349.1 353.5 353.8 356.3 359 363.6 368.5 373 376.9 378.5 378.3 379.5 383.8 387.4 390.5 393 394.9 397.1 401 401.7 403.8 403.8 401.1 397.9 393.1 386.7 380.4 372.7 365.5 361.9 360.1 362.3 357.8 355.2 341.7 328.8 316.2 305.2 296.7 292.2 277.9 299.2 306 313.8 323.6 329.9 336.6 344 354 360 360.7 363.3 367 368.6 371.4 373.6 376 378.7 381.4 382.4 385.2 386.7 388.1 389 391.1 394.2 399.5 402.4 404.5 407.8 410.1 413.8 418.7 423.3 428.5 432.5 435.2 436.9
350.1 350.8 356.4 356 358.1 361.2 365.7 372.3 376.4 377.3 376.8 379.9 378.8 381.1 385.1 388.9 391.3 394.8 398.3 399.8 400.9 401.5 398.9 395.8 390.8 385.9 379.9 371.5 365.4 362.3 363 363.6 359.2 350.9 337.9 327.4 314.7 304.4 298.4 291.2 288.2 299.4 305.5 311.3 321.8 328.9 335.4 342.6 350.2 355.1 358.9 362.1 365.6 368.3 371.1 372.2 374.9 377.9 381.5 383.9 385.2 386.5 387.2 389.2 392.5 395.2 396.8 399.8 402 405.7 408.1 412.8 417.6 422 427.2 430.6 432.4 435.9
348.7 350.3 352 354.8 357.9 361.8 365.2 369.5 374.6 374.7 380.2 379 377.3 377.1 379.7 384.2 387.4 391.8 396.7 399 398.7 397.7 396.4 393.5 388.4 383.4 377.1 370.4 367.3 367.7 368.9 365.4 358.1 346.5 338.3 325.5 314.5 301.1 296.2 291.9 276.5 295.5 303.3 309.2 318.1 321.3 334.2 342 348.9 354.5 358.4 361.7 366.3 369.3 373.1 375.4 377.4 380 381.6 383.4 385.2 388.5 389.6 388.6 390.6 393.2 394.1 395.6 400.2 403.2 406.2 411.4 415.9 420.8 425.8 428.8 430.1 435.2
350.5 351.9 353.1 354.4 356.9 361.5 364.6 367.8 371.5 376.1 377.6 377.5 376.2 375.4 375.6 379.7 385.3 388.4 391.5 395.1 396 394.8 393 389.1 386.3 380.8 374 370.6 371 372.7 368.7 362.7 356.1 348.8 339.9 325.6 313.8 302.3 295.5 292.8 291.4 290.8 297.3 303.6 314.3 323.5 333.6 342.3 350.6 355.1 357.4 360.5 365.6 368.3 373.5 377.5 380.3 381.6 382.5 383.6 388.9 388.3 387.1 386.3 387.6 388.8 390.3 392.1 397.8 402.2 404.8 408.6 414.4 418.9 423.6 427 429 433.9
346.2 350.9 352.8 354.6 357.6 360 362.2 365.1 369.7 369.4 370.9 372.2 374.3 373.6 372.7 374.6 380.4 386.6 387.1 391.1 391 390.9 389.1 386.1 383 378.5 376 373.1 368.2 367.4 362.8 359.6 357.5 348.4 337.3 323.9 312 298.4 293.1 291.5 290.1 297.4 298.7 306.8 316.5 323.4 331.8 343.7 348.7 351.2 354.3 358.4 363.2 368.6 373.7 377.2 380.4 381.6 386.9 388.8 385.2 384.7 383.7 384.8 386.1 386.4 387.4 390.2 393.9 399.4 402.8 405.6 409.8 415.3 421.5 425.7 427.9 433.1
343.6 348.2 352.7 355 357.7 359.8 361.4 363.3 364.2 366 366.9 368 370.5 369.8 369.6 369.5 373 379.6 381.3 383.8 389.4 386 384.1 381.9 379.6 376.7 375 370 367.3 367.9 364.4 358 353.2 346.3 337.5 322.2 310.1 297 291.4 291.7 286.4 298 297.9 303.5 314.9 316.7 327.4 339.2 345.8 345.9 350.3 354.7 361.7 367.1 371.3 375.9 379.8 389.4 388 384.2 380.9 379.8 379.9 382.7 385.5 385 387.6 390.1 393 396.7 400.5 402.6 406 411.1 417.4 423.5 429.3 435
342.1 345.7 351.5 354.9 358.2 359.8 363.4 363.5 363.2 363.6 364.7 365.6 367.5 367.6 366.9 367.2 368.7 372.4 375.4 379 380.8 382.5 380.4 377.1 375.5 373.7 369.8 365.9 365.8 364 360.4 357.6 353.7 345.4 334.2 319.7 309 297.7 289 293.7 290.2 290.7 297.1 301.9 304.9 305.5 327.5 338.3 339.6 344.5 346.6 350 357.9 365.6 370.5 377 379.1 378.3 379.1 378.9 375.8 374.3 377.6 382.6 381.4 383 386.5 387.6 390.7 395.9 399.6 399.6 402.4 407.1 414.2 419.4 425.6 431.3
340.8 345.1 346.9 352 356 361.5 364.2 362.9 362.8 362.4 362.9 363.9 365.4 366.3 365.5 366.8 369.3 371.9 373.9 374.8 375.8 375.6 375.1 373.4 370.1 367.9 364.8 361.8 362.9 362.1 362.3 356 350.4 345.1 331.3 318.5 310.4 299.6 289.8 286.8 274.6 290.9 294.1 297.2 295 310.2 324.6 334.2 336.5 340 344.1 345.9 355.8 364.6 370.1 372.9 372.4 371.6 371.9 371.8 370.1 369.6 372.9 375 374.2 380.9 383.1 385.3 387.5 390.4 394.4 395.9 397.4 399.6 407.4 410.7 415.9 421.8
338.4 341.1 343.8 347.1 351.5 355 357.8 359.1 361.7 361.3 361.4 362 361.8 363.6 364.7 366.3 370.5 372.5 376 376.2 374.4 374.5 371.8 367.9 367.1 363.4 358.9 360 361.7 363.4 361.8 356.2 349.5 343 330.9 319.9 310.6 299.8 291.7 285.2 263 273 282.2 282.5 295.5 308.4 320 330.7 332.6 337.2 340.5 344.6 352.7 358.6 361.9 361.2 360.3 361.7 362.9 364.6 365.9 367.5 366.8 366.1 370.5 378.5 379.9 380.1 384.4 384.4 385.8 389.7 391.5 392.9 397.1 404.8 410.5 413.5
337.4 338.9 341.3 346.3 347.9 351.2 351.9 354.3 356 357.2 358.5 358.8 358.4 359 361.1 364.8 369.9 372.2 375.9 375.3 376.1 372.9 369.2 362.9 358.9 355.5 358.3 360.1 361.6 358.7 356.7 355.3 351.4 342.1 329.8 318.1 307.6 296.8 293.2 289.4 283.3 273.1 267.6 282.2 297.3 310.6 320.9 328.5 329.5 334.7 338.8 343.8 345.4 348.5 349.5 352.7 355.7 356.9 356.8 358.6 362.4 365 363.1 365.6 366.4 369.9 372.7 375.1 378.3 376.3 375.4 378.8 384 386.1 388.4 396.1 403.2 406.8
335.6 338 339.2 341.5 342.9 345.5 347 349.1 350.9 352.4 354.1 354.5 355.2 356.8 357 360.3 364.2 368.4 374.7 373.1 369.6 367.1 363.7 359.6 354.3 351.6 355.3 355.8 353.4 351.9 353.3 353.5 347.2 340.4 329.5 314.9 301.7 296.2 291.9 283.8 275.8 252.8 281.1 290.6 300.2 310.2 319.8 324.8 328.1 334.4 334.1 337.2 339.3 342.3 343.2 352.1 354 354.4 354.2 355.8 358.1 360 358.4 359.3 361.9 363.9 367.1 372.4 369.1 367.1 364.2 367.5 373.3 378.4 382.3 387.3 393.4 397.5
332.9 335.3 336.7 338.8 340.9 342.6 342.4 344.6 347.1 350.9 351.2 353.4 352.4 351.2 353.2 355.7 358.3 363 368 368 364.2 361.7 356.5 351.2 350.6 346 342.9 347.3 347.2 349.1 352.8 354.4 345.4 332.8 320.5 309.8 300.6 293.5 288.1 274.5 266.1 278 283.4 289.1 301.5 310.3 319 322.4 326.8 327.8 329.1 329.6 335.6 335.4 337 342 346.1 348.4 350.1 352.2 354 352.7 347.2 353.1 356.1 357.4 362.1 363.6 359.9 356.4 352.7 354.7 360.7 368 373.9 378.3 382.2 387.4
329.9 331 333.1 334 336.6 339.1 338.2 341 345.7 350.9 349.7 349.9 348.9 348.2 350.8 353.7 355.1 357.3 360.4 362.9 360.1 356.7 351.6 347.2 342.9 338.3 337.8 339.4 339.9 344 346.7 345 336.7 326.4 317.2 306 297.5 290.8 282.9 272.4 251.4 279 283.4 289 305.5 309.1 314.3 318.4 320.5 323.7 322.1 324.9 328.6 326.5 328.6 334.4 339 344.5 348.5 349.4 346.6 340.6 341.3 346.2 348.4 347.2 353.9 351.4 348.6 346.2 341.8 341.5 347.5 354.4 362.3 366.2 369.2 375.2
326.1 327.1 329.5 331.4 333.6 335.3 335.6 339.6 346.2 350.5 346.8 346.9 344.1 346.3 350.5 354.3 354.3 354.2 353.7 353.9 353.2 352.2 346.6 340.6 335.4 334.1 333.7 335.9 334.3 339.8 332.6 333.2 327.1 318.6 309.7 302.1 294.2 286.3 276.7 270.5 259.6 277.7 280.1 290 304 305 311.3 314.2 313.6 316.1 315.7 317.7 316.6 316.2 317.4 325.1 332.5 338.6 343.3 341.8 334.5 331.5 334.2 334.7 335.9 335.1 337.5 336.6 336.3 332.8 329.7 326.5 327.8 336.5 343.7 349.6 355.2 359.9
322.2 324.2 327 328.1 328.7 330.2 333.4 336.9 347.7 348.6 347 343.7 340.4 344.2 349.3 354.3 354.8 354 355.2 353.4 349.5 345.3 340.1 334.4 330.6 331 327.4 327.7 324.4 323.8 322 323.7 316.8 310.1 300.5 293 287.3 278.9 271.7 264.7 264.4 274.3 279 287.9 296.4 302.5 307.1 309.9 305.1 305.7 304.7 305.1 306.3 306.7 308.4 316.7 322.9 328.1 329.2 328.2 328.5 324.8 321.5 322.8 321.8 321.5 319.7 323.6 320.9 318.9 315.1 311.9 309.4 315.9 324.9 332.5 340 346.2
317.9 320.5 322.5 323.6 325.7 326.5 330.9 335.4 338.4 340.2 340.2 338.5 336.5 341 347.1 353 357.1 354.9 361 358.2 351.2 342.2 336.2 332.9 334.9 327.1 322.3 315.5 312.4 312.6 308.2 311.4 303.4 299.1 289.8 282.4 278.2 270.4 258.3 261.7 259.4 267 274.8 283.5 292.3 300.1 302.8 297.8 297.5 296.4 295.1 293.3 292 295.5 302.1 307.5 312.1 317.5 316.6 318 317.7 312.9 309.9 305.5 306.1 309 311 310.7 308 304 301.9 298.1 296.8 298.8 305.4 313.5 323.3 331.5
313.5 315.2 316.3 318.3 320.5 322.3 326.4 327.8 331 332.1 330.8 329.3 332.3 335.2 342.1 352 358.2 360 364.1 360.7 351.7 340.6 335.6 335.5 335.5 332 321.8 314.5 308.4 303 300.6 300.6 290.2 286.4 279.1 276.3 267.8 260.5 254.8 250.3 223.3 257.8 268.8 278 291.4 295 297.6 292.3 290.3 289.7 286.4 284.3 281.6 283.7 289.4 295 299.6 301.4 300.2 299.9 302.3 300.9 297.8 296.5 296.7 307.9 304.2 300.4 297 293.1 290.5 286.5 284.4 283.6 284.4 291.2 301.3 312.6
308.7 309.4 311.2 313.4 316 317.8 318.2 320.4 325.3 325.4 324.5 322.4 323.8 329.5 336.9 343.4 350 353.1 358.2 357.4 351.7 337.7 339 340.5 338 332.7 322 313.8 307.1 300.6 293.5 285.7 278 274.9 272.1 270.8 263.7 256.9 251.6 247.4 216.5 261.1 266.8 269.9 285.1 288.2 290.1 285 282.7 281 278.9 276 271.8 270.9 274.5 280.1 285 285.5 286.1 286.2 291 287.8 285.3 284.2 284.3 294.7 294.8 291.4 286.1 282.8 277.8 275.5 272.5 270.4 270.5 271.7 281.8 292.6
304.1 305.3 306.8 308.4 309.9 310.7 310.8 314 315.5 317.2 316.9 316.1 320.2 323.7 331.4 335.9 339.5 342.3 349.2 347.8 340.3 339.6 343.7 337.7 331.5 326.8 317.6 310.9 305.3 298.7 290.3 280.2 276 268.1 260.4 258.2 255.4 249.5 242.2 242.6 211.7 256.6 258.7 262.7 273.9 276.9 280.4 280 277.4 273.8 270.6 265.1 261.9 260.4 260.9 263.6 268.2 269.3 273 274.3 277 273.9 272.6 273.4 268.9 276.9 277.4 275.1 273.5 268.9 265.1 262 259 256.8 256.7 258 262.3 271.9
298.9 300 301.9 302.9 305 305.8 304.9 305.9 309.2 309.6 309.2 306.7 313.9 317.8 322.5 328.6 332.7 333.1 337.3 336.9 334.4 334.9 331.3 327.2 325.6 324 313.4 304.9 299.3 294.6 288.1 280.9 264.8 261.6 256.8 248.2 240.7 237.3 231.7 212.2 240.6 247.9 248.4 250.4 259.2 262.1 266.2 269.3 271.9 268.1 263.2 258.5 254 251.5 251.1 251.9 252.3 254.5 255.2 260.6 262.9 262.5 260.2 259.1 258.4 260.7 258.6 259.3 258.1 254.7 254.9 250.4 248 246 242.8 244.7 244.9 251.9
293.5 294.5 295.5 296 297.7 301.7 300.4 299.8 302.9 302.5 302 298 305.1 309.8 314.9 322.9 324.6 323.5 332 332.8 327.6 321.7 316.7 316.2 315.6 312.8 307.3 300 294.2 283.4 277.6 272.4 260.2 251.7 247.3 235.2 228.8 222.8 208.7 225.7 234.7 235.3 237.2 240.3 245.5 247.4 251.9 256 257 256.8 255.3 249.7 245.1 243.5 241.8 239.7 240.1 240.2 241.2 244.4 246.8 246.2 247.4 246.2 246.8 247.1 245.2 243.3 242.1 242.1 242.7 242.6 241.8 240.4 237.2 237.1 236.1 238.6
285.5 288.1 288.9 290.4 291.8 293.6 293.5 292.6 295.3 293.9 293.7 290.8 293.4 298.7 302.5 304.8 306.5 309.3 317.2 315 317.3 318.8 311.4 306 302.9 298.3 293.1 287.9 287.3 277.8 272 269.6 256 249.6 248.7 240.3 235.7 224.8 215.6 219.5 223.4 227.4 227.2 228.6 234.7 236.5 241.3 245.6 247.1 247 247.3 238.4 238.5 237.2 234.2 235.5 229.1 225.4 228.5 228 230.6 230.4 231.1 232.3 233.6 235.3 234.6 232.3 230.1 229.5 232.5 234.4 233.6 233 230.5 228.4 229.1 228.4
