public/OST50/NN87.asc
ncols 200
nrows 200
xllcorner 280000
yllcorner 770000
cellsize 50
[rows 70 to 104 of 200, columns 0 to 77 of 200]
636.9 630.6 625.6 622 618.5 616.4 614.2 605 594.8 587.7 587.2 583.8 596.3 604.3 612.2 620.7 628 635.3 640.7 645 647.2 649.1 649.2 650.8 652.7 654.9 658.3 663.2 667.6 674.7 685.1 693.3 700.2 707.5 712.1 715.1 719.5 713.3 706.8 696.6 687.5 675.9 658 642.3 632.1 623.5 604 585.4 570 556.2 543.9 530.4 513.6 495.9 479.3 473.8 474.4 472.2 468 461.8 460.9 459.3 461.3 468.7 478.9 490.4 504 519 535.5 557.9 580.9 600.6 618.1 635.6 650 652.7 651.4 638.4
632.6 626 619.8 617 614.5 612.9 609.8 601.6 593.4 586.2 583.9 579.9 591.7 600.9 609.1 617.2 623.5 630.2 635.6 639.6 641.6 642.6 641.8 643 644.7 646.6 649.2 653.2 658.1 670.6 680 688.6 696.6 702.3 705.4 708.5 711.3 709.2 698.6 691.5 678.7 661.3 647.9 636.7 626.7 616 601.5 585.6 571.8 558.6 545.4 534.1 518.3 500.6 484.9 472.2 472.9 471.6 470.4 466 459.5 457.6 459.4 465.6 474.6 485 496 512.7 529.8 550.4 572 590.8 608.2 624.7 633.1 626 626.3 646.4
627.9 621.3 617.2 613.1 610.9 609.4 606.4 598.3 591.8 586.4 582.1 579.1 586.8 596 604 612.8 619.1 625.1 630.5 634.1 636.2 636.8 635.3 635.9 636.8 638.5 640.6 646 654.5 664.9 674.9 683.3 689.6 695.1 698.9 700.8 704.3 703.7 691.5 681.7 665.4 652 640.9 632.5 623.8 611.9 599.8 585 570.8 558.4 547.4 535.7 521.9 504.3 489 474.6 470.7 470 469.1 463.9 459 456.5 457.9 464.6 469.5 478.6 490.6 507.8 525.4 543.4 562.6 580.2 596.9 611.4 611.9 597.4 629.8 654.9
622.8 617.7 614.2 610.5 607.4 606.1 601.1 597.2 591 585.3 578.8 569 583.9 590 600.5 607.9 614.2 620.8 625.3 628.9 630.6 630.4 629 628.9 629.5 630.5 631.5 640.6 649.8 659.2 668 675.5 681.3 688.1 691.4 690.6 693.5 688.4 681 668.9 655.8 645.2 635 628.3 620.3 609 598.8 585.8 572.4 559.8 547.9 536.9 524.6 508.9 493.6 479.1 468.9 468.5 468 466.3 456.9 456.1 456.8 462.5 466.5 474.6 487.6 501.8 518.1 535 553.3 570.1 584.9 595 584.5 609.3 638 664
619.4 614.5 610.6 608.3 605.5 602.6 597.5 591.6 588.3 582.6 575.4 571.5 579.4 585.6 595.9 603.3 610.4 616.1 620.4 623.3 623.3 622.3 622.2 621.9 622.9 621.6 627.9 635 644.4 653.2 660.5 665.4 670.2 679.3 678.8 675.7 677.8 675.8 661.4 658 647.5 637.7 630.7 625.5 617.6 606.6 597.3 586.7 575 562.4 550.3 540.5 528.2 513.6 498.9 484.1 471.6 467.5 466.1 465.7 457.4 455.5 455.1 460.7 463.5 473.1 483 494.6 510.5 525.5 542.8 561.6 570.2 570.7 598.1 620.5 650.7 677.1
616.6 611.8 608 605.4 603.3 601.1 597.3 594 588.1 583.3 574.5 564.2 573.9 581 591 599.3 605.6 611.1 614.1 616.3 615 614.3 613.8 614.5 615.4 617.1 623.9 630.3 637.6 646.3 652.1 656.5 665.2 663.2 662.6 664.1 662.3 657.3 652.1 647 638.8 630.7 623.9 618.7 612.7 603.3 593.9 586 575.5 564.8 553 542.1 531.3 516.8 501.9 487.6 474.8 466.5 464.9 464.6 456 455.3 454.3 456.4 461.8 470.5 478.6 488.9 502.5 518.1 530.1 540.1 564.4 592.7 616.4 640.6 668.1 691.7
614.5 610.3 605.4 602.9 600.7 598.3 595.2 591.9 588.1 583.4 575.2 564.9 567.5 577.6 586.7 594.5 598.4 603.8 607.2 607.9 606.7 606.5 607.1 608.8 610.2 614.3 619.5 625.2 632.2 638.4 643.9 647.6 647.5 646.9 651.1 651.3 647.7 645.1 642.6 638.5 633.1 622.7 617.5 611.5 605.9 597.8 591.1 584 576.1 564.6 553.1 542.1 533.1 520.2 505.8 490.6 478.4 468.4 464.2 463.3 459.6 453.7 453.1 452.3 460.4 467.4 474 483.1 492.8 504.3 522.2 544.9 572.4 595.7 619.3 648 675.3 703
612.1 608.7 604.3 599.9 597.4 594.2 592.3 588.6 583.9 580.5 575.2 565.2 562 572.6 580.3 589.4 593.8 598.1 602.7 602.5 600.2 599.2 602.4 604 605.9 610.7 615.7 620 626.2 632.3 636.5 640.3 640.6 636.8 639.8 640.3 638.3 635.8 632.5 628 622 618 611.1 606.3 599.6 592.7 586.9 581.6 576.2 563.7 550.9 541.4 532.8 522.3 509.2 494.2 482.2 472.6 464.6 462.2 457.3 453.2 451.6 452 459.4 466.5 473.5 482.1 492.5 504.2 521.4 543.5 570.8 593.5 618.1 647.1 677.2 703.6
611.2 606.7 602.7 598.3 595 591.2 589.8 584.7 580.1 578.3 574.2 566.7 556.6 566.8 576.1 583.9 590 593.6 596.5 596.6 596.8 595.7 597.5 598.9 602.5 607.2 610.7 614.2 619.1 624.7 628.4 631.5 632.2 629.8 630.7 628.3 624.6 628.8 622.9 618.5 613.7 608.8 604.9 599.3 593 587.3 582 576.7 571.2 564.3 550.4 540.4 532.3 523.6 511.1 499.1 487.4 476 467.3 463 456.6 452.4 449 450.7 456 463.8 472.5 479.8 489.1 501.8 518.2 539.7 564.5 589.9 616.1 644.1 674.6 700
610 605.3 601.1 597.3 592.1 589.6 587.7 583.7 578.3 574.8 571.5 569.6 554 561.1 571.8 579.2 585.2 589.2 589.9 589.6 590.2 590.2 591.5 595.9 599.1 603.4 605.7 608 612.6 617.7 619.9 621.4 622.8 622.4 621.8 619.5 616.2 617.9 614 610.7 607.5 602.5 598.2 594.5 588.6 583 577.7 572.6 569.9 562.3 549.4 539.3 532.3 524.7 513.4 501.6 491.3 480.7 469.5 462.3 458.8 450.7 448.3 449.7 452.5 459.8 471.4 478.7 487.8 498.8 515.9 536.6 561.2 587.1 613.9 641.5 668.9 695
609.1 604.2 599.9 595.9 592.1 589.4 586.7 582.4 578.2 573.2 567 566 558.5 553.4 565.4 573.3 580.9 584.7 584 583.2 583.5 582.8 588.5 592.2 595.5 599.5 602.5 604.3 607 610.5 612.9 614.3 615.9 616.3 615.4 613.4 611.5 608.7 606.5 603.4 599.6 597.3 597.9 593.4 584.8 578.8 573.7 568.7 565.1 558.9 547.6 539.9 532.5 524.1 515.2 504.9 495.1 484.2 472.1 463.9 458 450.6 449.1 449.3 451.8 455 468.9 475 483.4 494.7 512.4 533.5 558.6 582.5 610.1 637.5 661.4 687.4
608.8 603.7 599.6 594.9 591.9 589.2 586.2 582.2 577.8 573.1 567.9 561 555.8 548.5 561.6 569.9 576.8 579.5 579.3 578.3 578.2 581.7 586.2 587.5 591.5 595.7 598.8 600.6 602.2 605.2 606.7 608.5 609.9 608.7 606.9 605.8 604.2 602.6 600.5 599.5 595.4 591.7 591.3 588.6 579.9 574.6 569.4 564.2 560 555.6 546.9 538.3 531.7 524.1 515 506.8 497.4 486.3 474.8 466.5 458.7 450.4 448.2 448 450 452.7 465.1 470.8 479.7 492.3 509.9 530.8 555.1 578.6 609.4 635 655.5 679.7
609.1 604 599.7 595 591.8 588.8 584.8 581.1 577.5 572.3 565.9 560.7 553.8 545.2 554.1 564.4 570.5 572.3 572.2 572.6 571.9 577.8 581.7 583.2 586.8 591.4 595.1 597.9 599.1 600.5 601.7 603.5 602.8 601.3 598.6 598.3 596.4 596.7 595.9 593.2 590.3 587.6 586.1 583.3 575.4 570.6 565.1 560.3 556.1 550.8 543.8 538.3 530.8 524.7 516.4 506.8 498.9 489 477.5 468.5 461.7 452.2 446.7 447.2 447.9 450.4 460.3 466.7 476.2 490 509.4 530.4 554.9 577.6 609.2 634.3 654 676.2
608 604.6 600.5 595.5 592.5 588.1 584 580.3 576.2 571 565.2 560.3 553.9 541.6 548.6 558 563.1 564.6 566.5 567.3 569.4 573.4 575.6 578.9 582.6 587 591 593.8 596 597.7 597.6 598 596.9 594.8 592.6 590.8 589.5 590.1 589.7 586.7 584.8 582.4 580 576.4 570.4 566.4 562.6 558.2 553 549.1 543.8 537.6 531.7 525.1 517.6 508.7 501.6 492.6 481.1 470.8 462.7 455 445.6 445.8 446.5 448.8 450.1 462.7 472 489.1 508.9 531.5 556.9 581.1 610.7 633.7 653.6 675.6
606.5 604.7 600.5 596.5 593.5 588.7 583.6 579.1 575.2 571 565.1 559.8 553.9 545.4 543.3 552.4 556.8 559.2 560.6 560.8 565.1 567.5 570.2 575 578.9 583.2 586.9 590.7 594.1 595.1 594 592.5 590.9 589.5 587.9 586.3 585.5 585.1 583.7 581.4 582.1 579.8 574.2 570.5 567.3 564.6 561.2 557.9 552.4 547.4 542.4 537.5 531.6 525.2 517.6 510.6 504.1 495.6 483.6 473.7 464.9 457.3 444 443.4 446 447.5 448.1 459.5 469.7 486.5 507.7 532.5 558.2 582.8 611.3 631.4 650.2 665.7
604.9 603.6 600.4 597.3 593.4 588.1 582.4 577.3 574.2 570.3 565 559.5 554.8 547.7 538.2 544.8 551.2 553.5 555.1 557.4 559.3 561.6 565.2 570.8 575.8 580.7 585.3 588.5 590.1 591.8 591.6 589.8 587.4 585.1 583.5 582.1 581.5 580.5 579.1 577.9 579.9 573.9 577.2 567.3 564.1 562.4 559.9 557.4 552.6 544.3 539.5 535.1 530.5 524 517.3 511.4 505.2 496.9 485.6 476.5 467.3 460.3 447.9 443.6 444.5 445.9 447.4 457.1 466.5 486.5 507.5 534.1 559.9 585.4 610.2 628.9 641 651.9
602.4 602.4 600.7 597.8 592.3 587 580.3 576.1 572.7 568.6 563.7 558.8 554.5 548.9 540.3 535.9 545.6 549.4 547.5 553.3 553.9 555.8 561.3 566.9 573.7 579.8 583.7 586 587.3 587.7 587.6 586.6 583.9 581.5 579.8 578.1 576.6 575.6 575 575 573.7 574.6 570.6 563.5 560.8 559.8 559.4 555.9 549.4 541.5 536.9 532.8 528.5 523.2 517.1 512 505.8 496.6 487.8 478.3 469 461 452.3 443 444.1 444.5 445.4 456.3 466.5 485.3 506.9 533.8 561.1 584.6 609.6 623 628.7 637.2
598.5 600.8 599.8 596.4 590.8 585 579.8 575.3 571.7 566.9 561.6 557 553.5 549.3 541.5 532.4 537.6 542.7 547.4 548.9 548.6 552.3 558.4 564.6 573.6 578.6 582.2 584.2 584.5 584.7 583.3 582 580 578 576.5 574.4 572.7 571.2 571.5 571.3 569.1 566.2 562.6 560 558.6 558.3 557.2 552.6 547.8 540.5 535.4 530.6 526.5 521.1 515.7 511.3 505.1 495.7 486.6 478.1 469.4 460.6 452.1 440.7 442.9 443.3 444.3 454.5 465.8 484.1 506 533.1 559.1 579 598.3 611.1 618.8 626.3
594.5 597.3 596.7 593.6 588.4 582.9 578.4 572.9 569 565.4 561.2 555.7 551.7 549.6 541.9 533.8 528.7 541 541.6 543.5 543.9 549.6 556.5 565.4 573.7 577.8 580.5 581.7 581.5 580.5 579.1 577.9 576.6 575 572.9 570.9 568.8 567 567.9 567 563.9 561.1 559.3 557.6 555.8 553.6 551.8 549 545.3 539.3 534.5 529.8 524.6 518.7 513.7 509.4 503.8 494.2 485.9 478.2 468.4 460 450.5 442.3 440.9 441.8 443.4 452.7 465.1 482.7 505.5 531.9 554.6 571.4 588.1 600.7 610.5 617.7
588.4 592.6 591.8 590.1 585.9 580.8 576.2 570.7 566.3 563 559 553.1 550.2 549.6 544.3 536.1 529 536.9 537.3 537.8 541.5 547.1 555.9 566 573.1 576.6 578.1 579.1 578.6 577.3 575.9 574.7 573.4 571.1 568.7 566.8 565.1 564.3 565.6 562.2 559.6 557.8 556.1 554.4 552.7 549.2 547.1 544.8 541.1 538.4 533.3 528.8 523.5 517.4 512.4 508.2 502.3 494.2 487.3 479.2 469.4 459.8 451.4 440.8 439.6 441.4 442.4 452.1 464.3 482.4 504.8 531.2 550.4 565.6 580.7 594.5 602.1 608.7
582.7 587.2 586.9 585.5 582.5 578.7 573.8 568.1 564 561 556.5 552 548.6 546 543.5 538 529 528.2 533.5 534.6 540.1 546.4 556.6 566 572 575 576 575.6 574.7 573.6 572.4 571.3 569.9 567.1 564.5 562.8 561.3 560.5 561.2 558.3 556.4 554.5 552.8 551.1 549.2 546.3 543.2 540.5 538 535.5 531.7 527.5 522.6 516.6 511.4 507 500.7 494.2 487.1 478.8 469.3 459.9 451.7 440.3 438.9 439 441.2 449.9 465.4 482.9 504.7 529.3 547.3 561.2 575 586.5 594.2 600.2
577.3 581.9 582.9 580.9 578.3 574.3 570.7 565 561.6 559.5 555.1 550.6 546.4 543.8 541.3 537.8 529.9 523.1 528.2 533.4 539.1 547.2 557 565.3 570.3 572.8 573 572.7 571 568.5 567.6 566.7 565.8 563.4 560.7 559.2 557.7 556.5 555.8 555 553.9 552.3 549.8 547.7 545.6 543.3 540.5 536.6 534.8 532.1 528.9 524.9 521.4 515.5 510.5 506 499.9 493.5 486.3 477 467.4 459.2 451.4 439.6 437.8 439 439 451.2 465.8 482.7 503.7 525.7 544.2 557.7 568.4 578.3 586 589.2
572.9 577.5 578.4 575.4 572.4 569 565.5 561.9 558.9 555.8 552.5 548.7 544.4 541.6 539.2 536.9 531.4 520.6 524 533.2 538.4 547.4 557.3 563.7 567.3 569.9 569.9 569.8 567.8 565.5 563.1 562.2 561.6 559.7 558.1 555.9 554.7 553.9 553.1 552 551.2 549.8 547.9 545.4 542.2 540.1 537.3 533.2 531.3 528.7 525.5 522.2 519.5 514.9 509.9 505 499.1 492.7 485.4 476.9 467.2 457.9 450 438.2 437.3 437.5 437.5 451.4 465.9 482.7 504.2 521.1 540.6 553.9 562.4 571.3 576.6 581.6
568.3 572.8 573 569.6 567.2 564.1 560.8 557.8 555.9 553.2 549.9 546.5 542.4 539.3 536.6 534 531.7 520.2 521.9 532.3 539.4 548.8 556.2 561.4 565.3 567.3 567.3 567 564.7 562.4 560.1 558 557.3 556.6 555.5 553.8 552.2 551.7 550.8 549.6 548.4 547.3 546 543.4 539.7 537 533.4 529.6 527.1 524.7 522.3 519.8 517 513.3 508.8 503.3 498.3 491.9 484.5 475.6 464.4 456.6 449.1 437 436.3 436.7 439.9 451.7 466.5 482.5 504 519.9 538.3 549.4 557.2 564 569.9 575.3
561.2 565.3 566.3 563.8 561.5 559.2 556.6 553.9 553 550.2 547.4 544 539.8 536.9 534.2 531.8 529.8 516.4 519.5 530.8 540.5 548.3 554.8 559.4 562.7 564.1 564.9 563.9 561.4 559 556.6 554.8 554.3 553.8 552.6 550.9 549.1 549.5 548.5 547.4 547 545.8 544.1 541.5 537.7 534.7 530.5 527.4 524.4 521 518.7 516.9 514.4 511.2 506.6 500.5 495.9 489.4 481.7 472.7 461.8 455.7 448.8 436.5 434.9 434.9 438.5 452.8 467 482.3 502.7 520.1 534.9 544.5 551.6 558.6 564 570
556.6 559.4 560.1 558.5 556.8 555.3 552.7 550 549.5 547.1 544.3 540.7 537.3 534.7 532.4 530 527.7 515.2 520 530.9 540.6 547.4 552.7 556.9 559.5 561.2 561.8 560.6 558.2 555.7 553.2 551.8 551.4 550.9 549.5 548 546.6 547.1 546.5 545.9 544.9 544.1 542 539.2 535.9 532.9 528.9 525.7 522.5 518.8 515.1 513.6 511.8 508.3 503.5 497.5 491.4 484.8 478.1 469.8 460.5 454.8 448.2 434.8 434.2 434.3 440.9 453.6 467.4 481.8 501.3 517.6 530.6 540.2 547.1 553 557.9 565.3
552.2 553.5 554.5 554 552.8 551.1 548.6 546.2 544.4 542.4 540.6 537.9 534.6 532.1 530 527.5 522.6 512.4 525.9 532.9 540.3 546.1 550.7 554.7 556 557.6 557.3 556.4 554.5 552.1 549.9 548.6 548.2 548 547 545.7 544.9 546 545.7 545.2 544 542.7 539.8 537 534.1 530.7 527.5 524 520.5 515.8 511.5 510.4 509 504.7 499.6 492.8 486.4 480 473.6 466.6 458.7 452.9 442.6 434.1 433.9 432.4 442.5 453.7 466.7 481.7 500.6 516.1 526.3 536.2 542 546.9 553.3 559.5
547.9 548.6 549.8 549.2 548.5 546.8 544.4 541.9 539.5 538 536.3 533.7 531.3 528.9 526.8 521.2 511.7 512.9 526.9 533.8 540 545.8 549.5 552.5 552.4 553 552.2 551.8 550.2 548.4 547.2 545.9 545.4 545.5 545 544 544.2 544.3 544.2 544.2 543.3 541.5 538.6 535.1 531.8 528.5 524.8 521.3 517.5 512.9 508.7 507.1 505.3 500.9 495.8 489.2 482.8 475.6 470.1 463.3 456.6 451.7 436.1 432.6 432.1 433.6 443.6 454.4 467.6 482.7 500.2 511.9 522.9 531.4 536.8 543.6 548.3 553.8
543.4 544.1 544.8 544.5 543.5 541.9 540.2 538 535.7 533.7 532 530.1 527.6 525.2 523.4 518.7 507.9 520.1 527 533.3 539.5 545.3 547.8 549.5 549.3 549.1 548.9 548.1 546.7 545.3 545.1 543.8 542.7 542.9 542.9 543.1 543.2 542.7 543.9 543.4 542.6 539.5 536.8 533.2 529.6 525.8 521.4 518.6 514.4 509.8 506.6 503.6 500.5 496.8 492 486 479.4 472.2 466.1 460.3 455 448.3 433.6 431.4 430.9 436.2 444.7 454.8 467.3 481.6 495.7 508.5 520.2 527.5 534.1 539 538.2 542.5
539.2 539.4 539.9 539.4 538.4 536.9 535.3 533.7 532.2 529.7 528.1 527.1 525 523.4 520.4 513.4 504.2 520.1 527.3 533.4 539.6 543.4 545.6 546.4 546.1 546 545.8 544.3 543 542.4 542.3 541.7 541.1 540.3 539.4 540.7 540.9 543.4 543.6 543.3 541.9 538.4 534.7 531.6 527.7 523.3 518.7 515.3 510.3 507.9 505.1 502 496 491.7 487.8 482.4 476.4 470.2 461.3 456.2 452.7 446.2 433.7 430.5 430.1 436.5 444.2 449.1 456.1 466.4 486.9 504 515.2 521.8 525.7 531.9 541.5 548.8
534 533.9 533.8 533.6 532.3 529.9 529.8 529.7 528.1 525.6 524.4 523.8 522.9 521.5 516.5 502.3 514.1 522.2 529.5 535.5 540.2 541.8 543.7 543.3 543 542.9 542.1 540.7 539.7 539.8 539.7 540.3 540.1 539.4 538.7 540 542.1 543.4 543.4 543 540.9 537.7 533.2 529.2 525.2 521.7 518.2 513.3 507.7 505.6 503.6 499.9 494 488.2 482.7 477.7 472 464.2 456.6 452.6 449.2 436.4 432 427.9 428.4 441.3 449.9 459 467.3 478.8 487.7 493.5 505 516.8 529.3 537 543.9 551.3
528.2 527.5 527.4 527.3 526.4 524.7 525.3 524.4 522 520.6 520.8 520.9 520.3 518 501 505.6 517.1 526.3 533.1 538.7 541.5 541.7 541.4 540.6 540.3 540.1 539.1 537.7 537.4 537.3 537.4 537.8 538.2 537.7 538.9 540.9 542.7 543.2 542.7 542.5 540 536.8 532.2 527.9 524.4 520.5 516.4 511.5 506.6 503.5 501.4 496.7 490.2 485.8 480.3 472.8 462 457.2 452.2 448.6 445.2 433.3 430.5 428.1 431.7 445.9 455.4 464.1 473 484.3 493 505.2 515.4 522.1 531.6 538.6 545.7 551.9
521.7 520.4 521 521.6 521.3 519.8 519.8 517.9 516.3 515.2 515.4 516.4 515.6 511.4 500 513.6 522.6 531.5 537.1 541.2 541.8 541.8 540.9 539.7 538.4 537.3 536.1 535.2 534.9 534.5 534.7 534.9 535.2 536.2 538.6 540.8 542.8 543.2 542.8 542 539 535.8 531.3 526.6 522.7 518.8 514.8 509.6 505.6 502.2 498.5 491.3 486.5 483.2 476.5 467.7 459.1 450.6 448.2 444.9 441.9 431.1 428.5 426 439.5 451.2 460.6 468.4 477.7 487.5 500.6 511.3 518.9 525.9 532.3 539 546.3 552.3
516.5 516.1 515.4 516 516 514.3 513.9 511.2 509.8 509.4 509.9 510.5 505.2 496.7 508.8 517.1 528 535.7 540.6 542.1 542.7 542.1 540 537.8 536.3 534.9 533.4 532.1 531.8 532 532.2 532.1 532.8 536 538.7 541.1 542.6 542.8 542.8 541.1 537.9 534.7 530.2 525.6 520.8 517.1 512.8 509.2 504.6 500 493.7 486.5 482 478.8 471.5 462.8 453.9 448.1 444.2 441.5 437.7 426.8 426.5 431 446 455.7 466 474.2 483.9 496 506.6 514.8 521.5 527.7 533.1 539.8 546.9 551.8
512.3 511.6 511.1 510.3 510.5 508.2 507.5 504.7 504.5 504.5 504.8 505 494.3 507.1 514.6 523.9 533.9 538.4 542.6 543.3 544 542.9 539.6 537.1 534 532.4 530.4 529 529.2 529.4 529.7 529.2 532.9 535 537.9 540.8 542.5 542.7 541.9 540 536.9 533.1 529.1 524.6 519.6 515.1 510.8 506.3 501.7 496.1 489.6 481.9 476.6 471.4 464.7 457 450.1 444.9 440.1 437.9 434.5 425.5 426.3 440 451.1 461.9 474.8 484.7 492.7 501.5 510.8 518.4 523.5 529.6 534.5 540 545.4 550.3
