public/OST50/NN87.asc
ncols 200
nrows 200
xllcorner 280000
yllcorner 770000
cellsize 50
[rows 105 to 139 of 200, columns 0 to 77 of 200]
508.1 507.2 507.3 506.1 503.9 501.9 501.2 500.6 500 499.6 500 492.1 498.9 509.7 520.5 531.5 537.6 541.3 543.7 544 544.3 542.8 540 535.1 532.2 529.3 527 526.5 526.8 527.1 527.3 528.9 531.2 534.2 537.4 540.4 542.4 542.2 541.3 539.2 536.2 531.7 527.7 523.5 518.6 513.2 508.2 503.4 498.5 492 485.1 477.9 470.3 464.6 457.6 451.1 446.8 442.4 437.3 433.9 426.1 424.1 434.4 445.4 457.1 469.7 482.9 492.9 501 507.3 515.4 520.2 524.8 530.1 534.2 538.9 542.7 548
504.9 503.1 502.9 500.9 498.5 497.6 497.1 496.9 496.2 494.1 488.2 497.6 507.7 516.7 527.7 535.8 540.2 542.7 544.2 544.2 543.8 541.7 539.2 535.1 529.9 527.1 525.2 524 524.5 525 524.9 526.6 529.3 532.8 536.5 539.7 542 542.2 540.8 538.6 536 531.1 526.5 522.4 516.9 511.1 507.4 502.1 495.8 489.3 481 473.5 466.3 458.6 451 446 443.6 439.5 435.8 430.6 423.1 424.5 439.6 451 462.9 478.1 489.3 498.5 506 512.3 517.9 522.2 525.8 530.6 534.6 537.3 540.9 544.4
500.7 498.4 496.8 495.1 493.4 493.3 493.8 493.4 488.1 484 495.5 503.8 515.2 525.2 533.9 539.4 542.3 544.3 544.6 544.6 543.4 541.3 538.2 533.8 528.8 526.1 524 522.6 521.9 522.4 520.9 524.6 528.1 531.4 535.4 538.7 541.6 542.1 541.7 539.6 536.3 531.5 526.5 521.3 516.1 510.2 506 501.2 493.2 487.8 478.2 469.6 462.1 454.1 447.4 442 440.7 436.9 433.3 425.1 422.7 433.8 445.1 456.7 471 483.6 493.5 502.9 509.4 515.3 519.9 524.9 527 530.5 533.5 536 538.2 540.3
496.6 494.3 492.3 490.8 489.6 490 489.2 486.2 480.5 490.9 501.6 511.7 523.2 531.9 537.8 542.2 544 545.3 545 545 542.9 540.8 537.7 532.8 529 525.7 522.8 521 520 520.2 520.5 522.9 525.9 529.5 534.8 538.9 541.2 542.3 542.1 540.5 536.6 532 526.7 520.9 515.3 509.6 504.3 499.3 491.7 482.9 475.1 465.9 458.3 450.4 444.3 439 438.5 435 425.8 421.2 429 441.7 451.1 463.8 476.5 486.8 497.2 505.1 511.9 516.7 521.3 527.6 528.9 531.1 533 535.1 536.7 538.6
491.6 489.7 488 486.8 486 486.8 481.5 478.3 491.2 499.2 509 519.9 529.8 536.8 541.4 544.1 545.8 545.8 545.6 544.6 542.6 540 536.2 532 528.8 526.7 524.4 519.9 518.4 518.2 518.3 521.1 523.6 528.1 533.2 537.4 540.4 542.4 542.5 541.5 537.2 532 526.2 520.3 514.5 509 503.7 498.3 490.5 480.2 471.3 462.2 452 444.8 440.2 435.9 433.2 428.9 422.4 421 437.3 448.1 459.3 470.7 481.1 490.9 499.6 507.5 512.8 518.4 522.7 528.6 529.7 530.3 531.6 533 534.4 535.9
487.1 485.7 484.4 483.4 483.2 480.7 475 485.7 497.3 506.8 516.6 526.4 534.3 540.5 544.2 545.9 546.4 546.1 545.6 544.4 542.1 538.9 535.7 531.2 528.3 526 523.6 519.6 517 516.5 516.2 518.5 522 526.3 531.5 536.2 539.2 541.9 543.2 542.6 538.4 532.7 525.5 519.5 514.5 508.7 501.9 494.6 486.1 477.6 468.9 459.9 448.8 440.6 435.3 433.9 428.6 422.8 419.5 431.7 443 454.6 464.3 477 484.1 492.7 501.1 508.3 513.3 518.3 523.9 527.9 528.3 527.9 528.7 529.9 531.3 531.8
483.4 482 480.9 480.2 479.5 470.1 481.6 494 504.1 513.3 521.9 530.1 537 542.3 545.9 546.1 546.4 546.4 545.7 544.3 541.6 538.3 533.8 529.9 526.2 524.7 522.2 519.1 515.9 514.8 512.8 516.8 520.4 524.4 529.1 534.5 538 541.1 543.2 543.6 540.8 534.1 526.2 519.9 514.5 508.4 500.9 491.8 483 474.4 465.8 455.5 446.2 438.1 433.2 430.3 423.1 419.3 427.1 439.8 449.7 461.8 472.2 480.4 488.6 496.6 505.5 509.5 514.9 518.5 523.6 525.6 525.6 525.6 526.1 526.9 527.9 527
480.1 479.2 478.3 468.7 466.4 478.3 490 499.5 508.9 517.6 526 532.2 538.5 543.3 545.3 545.9 546.5 546 544.6 543 540.5 536.2 531.9 527.8 524.9 522.7 520 516.6 515.1 513.1 510.5 515.2 518.5 522.8 527 532.2 536.4 539 543.9 543.7 541.8 536.7 526.2 520.5 515 508.4 501.3 492.3 482.8 473.2 463.2 450.2 441.3 434.3 429.1 428.5 418.8 419.5 434.6 444.3 454.2 468 477.5 483.9 491.3 499 508.6 509.7 514.5 518.5 522.5 525.2 523.8 523.2 523.5 523.9 523.1 522.7
476.8 476.5 464.9 463.8 475.7 486.8 495.6 504.2 512.1 520.2 528.1 533.6 539 542.9 544.4 545.1 545.5 544.8 543.2 541.6 538.8 534.6 530.1 526 522.4 520.2 517.5 514.3 513.6 511.8 508.9 513.4 516.2 520.3 524.4 529.4 534.3 536.7 540.5 542.3 540.1 534.8 525.6 520.6 514.2 508.1 501.9 492.3 481.9 473.2 463.5 450.5 440.4 429.9 427.2 421.8 417.1 427.7 439.2 447.8 460.6 471.3 480.3 487.3 493.9 502.2 507.9 510 513.2 516.5 519 522.7 521.2 520.6 520.9 520 519 518.3
474.4 471.1 462.2 471.8 483.7 491.9 499.6 507.7 515.2 522.8 528.8 533.4 538.6 542.3 543.3 543.4 543.5 543.5 541.8 540.2 536.8 533 528.8 524.6 520.9 518 515.1 512.1 511.5 510.3 509.5 511.5 513.8 517.8 521.9 526.5 531.7 534.3 537.7 538 534.7 529.3 524.5 518.3 512.8 507.7 502.3 493.3 481.1 473.3 464.7 445 434.3 425.3 423.6 416.6 419.6 433.4 443.2 454.6 465.7 473.6 481.5 487.9 496 504.1 507.9 507.9 510.7 512.4 515.6 518.5 518.6 517.8 517.1 515.7 514 512.2
467.3 458.8 464.1 479.8 488.2 495.5 502.7 510 517.4 523.3 529.3 533.9 538.2 541.3 541.8 541.8 541.8 541.8 540.5 538.6 534.9 531 527.6 523.4 519.4 516.3 513.2 510.5 508.8 505.4 508.1 510.5 511.9 514.4 519 523.8 529.3 532.7 533.6 532.9 530.1 525.2 520.2 516.9 513 508.3 502.5 493.8 482.5 471.8 461.9 446 430.6 424.5 419.7 415 426.1 435.9 446.6 456 465.3 475.4 482.4 489 496.9 504.6 505.6 505.9 507.7 509.4 511.2 513.9 513.6 512.1 511.2 510.5 508.8 498.1
455.8 460.2 477.1 484.3 491.8 498.3 504.2 511.2 517.2 523.8 529.8 534.4 537.4 539.9 540.3 540.5 540.8 540.8 539.7 537 533.2 529.3 525.8 521.8 518.4 515.4 512.5 509.3 505.3 501 506.3 508.3 509.5 511.3 516 521.3 526.3 531.6 529.4 526.9 525.2 522.4 520.7 516.9 513 508.8 502.6 493.3 482.3 472.4 462.3 448.6 432.1 423 416.8 416.8 427 436.6 444.6 453.8 465.4 475 482.4 490 497.3 503.4 503.7 503.9 504.6 506 508.3 508.3 507.9 506.3 505.6 504.8 496.5 504.2
461.8 474 481 487.8 494.4 500 505.8 512.3 518.4 524.2 529.2 533.6 536.3 538.1 539.6 540 539.9 539.7 538.6 535.2 531.4 527.3 523.8 520.1 517.4 514.7 511.8 508.3 503.9 500.5 503.9 506.3 507.3 508.2 512.1 517.4 521.8 524.8 523.9 523.4 524.2 522.8 520.7 516.8 513 509.1 503.2 494.3 484.5 475.8 464.8 450.1 431.2 422.1 414.5 416.7 426.3 435.9 442.6 452.9 465.5 474.3 482 488.4 494.7 500.4 500.5 500.6 501.4 502.8 504.8 505 503 501.4 500.3 491.4 502.5 512.3
470.5 477.4 484.8 490.7 496.5 502.1 507.5 513.2 518.6 524.6 528.1 532.5 535 536.6 538 538.7 538.7 538.9 536.9 533 528.7 525 522 519.1 516.6 514.2 510.8 507.1 502.2 497.8 502 504 504.6 505.3 509.3 514.1 516.7 518.5 520 522 523.2 523.7 522.3 518.1 513.5 509 503.2 495.2 485.6 474.8 464.1 451.6 433.8 422.1 411.9 416.5 425.1 434.5 442.3 452 464.9 471.6 479.3 484.2 491.8 496.4 497.5 498.2 499.3 499.9 501 501.4 499.7 496.8 493 493.6 506.3 517.8
476.1 482.1 486.8 491.9 497.8 503.5 508.8 514.2 518.8 524 527.8 532 533.2 534.6 536.1 536.8 536.8 536.7 533.4 529.9 526.1 523.6 520.8 518.3 516.1 513.4 509.3 505.5 501.4 490.2 498.7 500.4 501.3 502.2 505.7 511 513.6 515 516.7 518.9 521 523.1 523.3 519.8 514.8 510.2 503.4 493.5 485.6 474.8 466.3 453.3 438.1 424.6 411 414.3 423.3 432.2 441.3 449.9 460.9 467.9 474.4 480.1 488.5 492.4 495.1 496.4 496.7 496.5 497.2 497.8 496.5 493 482.5 499.2 510.7 523.9
480 485.6 489.8 494 498.6 504.1 509.5 514.5 518.2 522.8 526.7 530.7 532.7 534.9 535.6 535.8 535.1 534.1 531.5 527.4 524.1 521.6 519.6 517.4 515.5 512.4 507.8 501.8 498.6 493.9 494 495.7 497.2 499 502.6 506.5 510.2 511.5 513.4 515.6 518.1 520.4 522.4 519.3 516.1 509.8 502 493.2 487.2 479.1 468.2 455.1 441.2 425.1 411.3 412.4 420.4 428.8 439.5 446 456 464.3 470.8 477 484.4 488.1 490.6 492.2 492.2 492.4 493.1 492.6 490.8 486.2 487.9 502.5 516.6 530.6
483.6 489 492 495.1 500 504.8 510.1 514.9 519.6 523.2 527.5 530.3 532 535.1 535.9 536.1 534.8 532 528 526.2 523.2 520.6 518.1 516 513.4 511 506.4 500.5 494.5 490.5 489.6 492.1 493.8 495.6 498.8 502.4 505.5 507.7 510.4 512.9 515.1 516.9 518.3 516 513 507 500.3 493.3 486.9 479.1 469.4 456.8 442.8 428.4 416.4 411 418.3 426.2 436.3 443.4 451 459.8 466.5 472.7 479.6 483.8 485.9 487.6 487.7 488.6 488.3 487.2 483.6 475.9 493.2 507 522.2 537.8
486.9 490.4 493.5 496.6 501.1 505.7 510.2 513.7 519.2 522 527 529.3 532.3 535.5 536.6 536.8 536.7 534.4 531.4 529 526.1 523.2 520.2 517.5 514.2 510.9 505.3 500.3 494 487.6 475.8 486.8 489 493 495.5 498.6 501.7 504.2 506.5 508.7 511.6 513.7 516 513.9 511 507.2 501.6 495.9 489.3 480 468.5 456.4 443.5 430.9 421.5 409.4 416.3 423.7 433.5 439.8 446.4 453.7 462.3 469.1 475.3 478.9 481.1 482.9 483.8 484.2 483.2 478.7 470.6 485.7 498.1 512.8 529.7 544.5
488.2 491.6 494.3 497.3 501.4 505.8 510.2 514.8 518.1 523.7 526.6 530.4 534.5 537.2 538.8 538.8 538.5 537 534.6 531.9 529.1 526.3 523.1 518.7 515.3 510.4 504.1 496.6 492.6 488.9 482.4 479.4 486.2 489.7 492.9 495.7 497.2 499.4 501.6 503.7 507.4 510.4 511.8 511.3 510.9 508.1 502.3 496.2 489.3 481.2 470.1 459.9 445.3 434 423.5 408 414.1 421 429.1 434.8 440.5 449.3 457.3 464.3 471.5 473.3 476.3 478.9 479.1 478.7 476.6 468.1 475.8 490.9 502.7 518.4 535.7 550.5
488.8 491.8 494.8 498 501.9 506.2 510.2 514.9 519 523.6 527.6 531.6 535.5 538.8 540.4 540.6 540.2 539.3 536.8 534.1 531.5 528.9 525.8 520.9 516.4 510.7 503.4 496.4 490.9 487.1 483.6 475.1 481.5 484.8 488 491.8 493.5 494.4 496.5 499.8 502.9 505.7 508.8 509.3 508.7 507.4 504.6 496.4 489.7 482.4 471.4 459.9 447.7 435.8 424.1 408.7 410.2 418.5 424.4 429.9 434 443.3 452.4 460.3 466.4 469.8 472.6 474.5 473.4 472.4 465.7 466 481.9 494.3 507.7 524 541.1 554.7
489.1 491.5 494.7 497.8 501.7 505.4 510.7 515.8 518.5 523.1 528.7 532.9 537 539.7 541.7 542.1 541.8 541.2 538.5 535.4 532.8 530.1 528.2 523.2 517.4 510.5 503.3 495.7 490.7 486.3 480.4 470.1 476.2 479.6 482.9 486.2 488.3 489.4 491.9 494.6 497.3 500.7 503.9 506.3 506.5 506.3 505 499.1 489.5 481.7 473.5 461 449 439 427.3 410.8 408.4 415 420.7 425.6 429.3 438 448.5 455.6 462.2 466 468.7 469.2 468 464.2 459 473 484 497.2 513 530.7 546.2 557.2
489 490.6 494.4 497.5 500.8 505.2 510.9 515.7 520.5 524.7 528.7 533.1 537.7 540.6 543 543.6 543.3 542.3 539.9 536.7 534 531.4 529.4 523.8 517.7 511.1 502.2 494.6 490 484.6 478.4 474 465.5 474.7 478.2 479.8 482.8 486 488.4 489.9 492.1 496.1 498 501.2 503.8 503.9 501.7 497.2 489 479.2 471.8 461.4 451.5 441.1 430.9 420.8 406.4 411.5 417.9 422.3 426.2 435.1 445 452.2 458.6 461.9 464.6 464 463 456.1 462.3 476.5 487.3 502 518.5 535.3 549.9 559.3
488 489.9 493.4 496.8 501.9 506.7 511.2 516.3 520.6 524.6 529.3 533.9 538.3 541.9 544.1 545.1 544.7 543.4 540.9 537.4 534.9 532.2 529.6 524.8 518.4 511.9 503.8 495.1 490.7 486.7 479.3 473.3 465.4 469 472 472.9 478.2 482.7 484.8 484.9 486.2 488.5 490.5 494.1 498.8 500.6 499 492.8 484.9 477.2 469.9 459.5 448.3 438.8 431.3 422.4 407.5 406.8 414.6 419.5 424.8 432.6 441.9 449.5 455.2 458.2 459.8 459.9 452 459.8 468.3 479.5 491.3 506.9 523.2 539.5 552.7 560.5
486.9 489.3 492 496 501.1 506.3 511.3 516.2 520.6 525.1 529.9 535.1 539 542.7 545.1 546.1 545.9 544.7 541.3 538.3 536.2 532.7 529.3 525 518.9 512.6 502.1 499.1 494.4 488.4 481.4 473.9 468.8 459.9 465.5 468.7 474 478.2 479.3 479.1 479.4 481.4 483.3 485.6 490.1 491.2 493.1 488.2 483.5 475.2 467.9 457.6 445.8 437.4 431.2 423 412.1 404.2 407.9 417.5 423 430 439.5 446.3 451.2 454.2 455.6 448.2 461.9 466 472.5 482.6 495.6 511.9 527.8 543 555.5 562.9
486.3 488.5 491.2 495.6 500.7 505.8 511.2 516.3 520.8 525.9 531.4 535.8 539.9 543.8 545.9 547 546.9 545.1 542.3 539.5 537.2 533.3 528.5 525.7 520.4 514.5 509 503.2 497.5 490.5 483.9 475.4 469.8 463.1 457.4 462.8 468.3 470.8 474.2 475.2 475.3 476.1 476 477.9 480.5 483.1 484.8 483.8 480.2 474.2 466.5 456.9 447.2 438.9 430.5 424.7 415.9 403.9 404.6 414.5 420 427.8 435.9 441.6 446.5 444.7 446.9 456.8 462.4 467.1 475.8 486.4 499.8 515.9 530.9 545.7 557.2 564.2
485.8 488.3 490.4 495.4 500.6 506 511.4 516.6 521.2 526.6 532.3 536 540 543.9 546.9 547.9 546.8 544.5 541.7 539.6 537.5 533.7 530.6 527.3 523.1 517.3 511.3 505.9 500.1 492.6 485.3 477.8 470.6 466.2 461 451.5 461.6 465.6 468.5 471 471.6 472 472.7 474.4 475.6 475.6 476.4 478.1 476.2 471.6 462.9 455 445.3 439.4 432.4 423.8 419.6 404.1 403.7 408.9 418.4 425.1 431.7 434.2 437.6 447.8 453 457.7 461.7 468.6 478.9 489.7 503.4 517.7 532.7 547.3 557.1 563.3
484.8 487.4 490.5 495.4 500.9 506.3 511.5 516.8 522.2 528.1 533.6 537.3 540.9 544.6 547.4 547.9 546.5 543.8 541.5 539.8 537.5 534.6 532.2 528.2 524.4 520 514 508.6 503.4 496.7 489.7 480.9 473.2 468 463.7 457.1 452 458.6 462.7 465.8 468.2 469 469.9 472.1 473.2 472.8 471.1 469.6 468 466.7 460.3 450.3 444.1 440 431.5 421.6 419.6 400.9 402 404.6 415.2 419 422.1 434.2 441 447 452.9 457.4 463.4 470.7 481.4 492.3 505.3 519.6 534.4 546.6 557.2 564.4
483.7 486.3 490.4 495.6 501.1 506.5 511.7 517.1 522.7 528.5 533.9 538.5 542 545.1 546.9 547 545.1 543 541.5 539.8 537.8 535.7 533.1 529.8 526.9 522.8 516.9 511.6 506.3 500.5 493.7 485.8 478.1 469.3 464.9 460.4 448.6 451.3 455.7 460 463.1 465 467.3 469.2 468.7 467.8 468.7 463.6 463.3 460.7 456.4 447.3 441.3 437.5 428.6 420.7 418.4 402.6 400.6 403.2 409 419.4 424 434.9 440.5 445.3 452.6 459.7 466.3 472.8 483.3 494.3 506.1 520.1 533.6 545.8 556.8 565.1
482.6 485.9 490.7 495.5 501.2 506.7 512.1 517.5 522.9 528.5 533.8 538.8 541.9 545 545.7 545.4 543.5 543.1 541.6 539.8 538 536.1 533.7 531.3 528.3 525.3 520 514.9 508.5 503 497.6 491.2 482.5 475 467.3 461.3 454.7 442.8 448.4 452.4 456.6 458.7 460.7 462 463.1 461.3 460.9 460.5 456.7 455.2 450.7 444.9 439.1 435.4 428.2 420 418.3 402.2 401.7 400.3 410.2 418.5 425.4 433.2 440 445.7 453.5 461.4 468.1 475.3 484.8 496 507 519.8 531.7 543.1 554.8 565
481.5 485.8 490.8 495.7 501.2 506.6 511.9 517.3 522.7 527.9 532.4 536.9 540.8 543.3 544.2 543.9 543 542.6 541.5 539.4 538.2 536.6 534.1 532.2 529.6 527 522.9 518.7 512.3 506.3 501 495.3 488.2 479.8 471.3 464.2 458.1 450.1 441.7 445.1 447.7 451.7 453.3 454.6 455.3 454.6 454.1 453.6 450.2 446.9 444.1 440.3 437.3 434 427.1 420.8 419.5 400.8 399.9 397.6 408.2 416 424.6 431.3 438.4 446.1 455.1 462.6 470.2 477.8 486.7 496.6 507.6 518.5 529.2 540.3 551.6 562
481.3 486 490.5 495.6 501.1 506.6 511.9 517.1 522.4 527 530.9 535.2 539.3 541.8 542.2 541.9 541.1 540.8 540 538 537.7 536.5 534.2 531.9 530.7 528.6 525.7 522.1 516.4 509.5 503.3 497.7 491.5 486 477.1 469.6 462.5 455.2 447.2 438.3 440.8 443.1 445.1 446.6 447.6 449.3 448.6 447.1 443.4 440.6 438.5 437.4 435.1 430.7 424.6 420.7 419.1 399.1 398.7 397.6 406.6 415.3 423.2 430.8 440.2 448.7 456.9 464.6 472.6 480.8 489.3 499.5 509.9 518.5 526.8 537.3 548.2 557.4
481 485.2 489.9 495.7 501.2 506.6 511.9 517.1 522.1 525.7 529.3 533.5 537.1 539.7 539.7 539.5 539.3 538.2 537.5 537 536.6 536.3 534.9 533 531.3 530.2 527.9 525.3 519.8 512 505.4 499.5 494 488.8 483 475.9 469 459.7 452.2 442.8 433.6 435 438.7 440.2 440.9 442.1 442.8 442 438.9 436.4 434.5 434.2 431.8 427.3 420.5 419 417 398.4 398.3 394.9 405.9 414.9 424.3 434 442.2 450.4 458.5 466.3 474.4 483.4 492.1 502 510.7 518.8 525.8 535.4 545.5 553.1
480.1 484.6 488.9 495.3 501.5 506.6 512 516.8 520.6 524.2 527.7 531.2 533.9 536.3 537.3 537.3 536.8 535.6 536.1 535.9 535.6 535.1 534.7 533.3 532.1 530.7 529.4 527.6 522.4 515 508.3 501.6 495.9 490.6 485.7 480.2 473 465.7 457.3 449 440.8 433.4 428.9 434.6 435.2 436.3 437.3 436.8 435.8 433.6 431 429.5 428.4 421.9 419 418.1 417 397.7 397 396 405.8 420.4 427.6 436.1 444.5 452.2 459.8 468 476.6 485.2 494 502.8 510.6 518.3 525.7 533.2 543.3 549.8
479.5 483.9 489.3 495.5 501.7 507.1 512.2 516.7 520.2 523.2 526.4 529.5 532.5 532.8 534.3 534.7 534 534 533.5 534.2 534.1 534.2 533.9 533.5 532.4 531.3 529.6 528.1 523.7 516.9 509.9 503.9 497.9 492.3 486.9 481.3 475.5 469.1 461.1 452.1 444.6 435.7 428.9 429.7 430.8 432 432.5 432.3 431 429.8 427.7 425.5 424.9 420.2 418.2 417 416.1 397.2 396.4 398.6 414.2 424.2 430.4 438.6 446.9 454.7 461.8 470.3 478.9 488.2 495.3 503.2 510.9 518.6 526 531.1 540.6 547.8
478.4 483.1 489.3 495.6 501.8 507.2 512.4 516.7 520 522.7 525.6 529.3 530.3 530.2 530.8 531.2 531.4 531.4 531.5 531.9 532.7 532.8 532.4 532.2 532.1 530.6 528.7 526.3 523.4 517.4 509 503.7 497.9 492.5 486.9 481.6 476.3 470.7 464.1 455.6 447.1 439.6 430.3 422.2 426 427.3 427.3 427.5 426.3 425.3 424 420.8 418.6 419.1 418.7 417.1 414.4 397.3 395.2 398.9 418.5 426.8 434.4 442.3 449.8 457 464.7 473.4 482.5 489.9 497.1 504.2 512 519.6 523.5 529.2 537.8 546.1
