public/OST50/NN96.asc
ncols 200
nrows 200
xllcorner 290000
yllcorner 760000
cellsize 50
[rows 0 to 34 of 200, columns 78 to 155 of 200]
846 816.8 784 749.7 716.8 688.4 659.8 634.8 615.4 601 585.1 568.4 541.4 559.8 568.9 580.9 589.5 597.5 594.4 589.1 581 573.1 561.6 550.1 538.3 530 515.6 499.2 488.9 483 485 485.4 480.5 478 477.1 474.7 473.7 471.7 471.9 469.3 471.8 477.8 484.6 490.8 497.4 506.5 519.3 527.5 539.2 556.2 569.2 589.6 615.7 622.3 622.8 618.8 618.5 625.7 626 622.4 615.7 616.3 622.5 625.3 630.7 631.6 630.5 632.2 633 632.4 632.4 631.6 631.5 631.6 632.6 634.8 635.7 637.4
845.1 813.8 784 750.7 721.2 689.6 660.5 631.6 613.3 599.3 581.6 560.7 541.4 547 552.9 563 570.4 573.6 571.7 569.8 563.7 557.2 549 540.4 531.6 521.9 505.1 491.7 482.9 478.3 477.7 481.2 475.2 474.6 475.3 471.6 471.4 469.2 467.9 468.4 475.8 483.5 490.4 497.5 506 518 526.2 538.8 555.7 577.5 591.7 615 623 625.6 629.3 633 636.1 634.6 632.6 626.1 617.1 616.9 619 626 629.9 628.7 628.7 626.8 628.3 629.7 627.5 627.2 625.8 627.1 629.3 632.6 633.8 636.3
841.5 807.8 777.8 747.7 716 685.6 656.6 632.5 611.6 597.8 579.5 560.9 543.2 534.5 540.9 549.6 552.4 553.5 553.1 552.5 549.1 543.2 537.4 531.4 525 513.1 498.1 483.8 480 472.9 471.1 475.8 471.8 472.1 474.3 469.8 467.1 465.4 465.9 473 481.5 490.2 497.4 505.8 517.7 526.9 538.3 556.1 576.7 593.9 612.9 625.3 629.3 633 636 636.5 636.1 633.8 631.6 623.6 618.8 616 620 626.3 628.8 626 626.4 626.4 625.6 625 623.8 622 621.3 623 624.5 628.3 633.3 636.3
839.6 804.8 775.6 744.8 715.2 684.5 656.9 634.6 615.8 599.8 581.2 561.3 547.2 527.1 531.6 536 540.6 539.7 539.9 539.7 536.8 531.8 528.2 523.6 518.1 504.3 491.3 480 473.5 470.2 466.9 466.9 468.4 473.5 472 467.8 466 463.6 471.4 478.8 488.1 497.4 506.1 518.2 529.9 541 556.9 576.6 595.1 610.8 622.9 629.6 632.4 634.5 634.9 633.6 632.3 631.5 629.2 622.8 616.9 612.5 616.9 620.8 621.5 620 620.2 619 618.9 620.7 616.7 615.5 616.1 617.7 620.4 625.4 632.6 636.4
843 813.5 782.5 752.7 720.6 686.9 656.9 631.9 612.8 598.8 581.3 562.3 546.9 532.9 518.4 523.2 528.5 526.7 528.6 528.6 525.8 521.4 518.4 515.4 510.5 500.4 484.4 474.9 469.9 468.3 464.6 464.3 466.5 471.8 465.3 463.7 464.5 465.3 477.5 487.3 496.3 507.7 521 533.5 546.5 562.6 583.8 606.1 612.4 618.8 628.1 631 631.3 631 627.4 625.4 625 623.8 622 619.3 612.4 609.3 610.5 613.7 613.2 615.5 614.3 613.3 612.9 613.7 612.5 611.5 612.4 613.2 618.3 624.3 630.1 634.9
851 824.1 793.6 758.7 724.5 689.8 657.1 632.2 613.1 599.2 581.9 565.4 551.3 535.5 517.8 512.4 517.3 516.5 518.8 518.1 516.5 514.4 512 509.5 502.6 491.3 478.3 471.7 465.7 463.8 464.3 463.2 465 468.3 462.2 460.9 460.9 474 485.4 495 511.5 525.7 537.3 551.9 567.7 590.4 610.7 616.2 619.8 627 627.5 626.4 625.5 623.7 619.6 615.7 613.9 613 612.9 610.8 605.4 603.7 608.3 608.1 608.6 608.3 609.8 609.9 611 610.2 606.8 608.8 608.8 611.3 616.1 622.2 627.4 631.7
849.6 819.3 789.3 757.3 724.7 691.3 658.7 633 614.2 597.8 580.3 563.2 547.8 534.4 524.7 510.2 505.3 507.5 510.9 510.2 508.6 506.7 506 502.5 495.6 483.4 469.7 464.8 462.4 460.7 460.5 460.6 464.7 461.1 458.8 457.6 468.8 482 493.3 510.2 531.5 553.6 564.3 578.8 596.3 612.5 618.2 620.2 620.5 626.5 625 622.7 618 614.7 611.2 607.6 604.8 605.1 603.7 601.2 599.8 599.5 602.3 604.2 603.6 605.8 605.7 608.6 607.9 606.1 604.9 604.5 606.5 610.1 613.5 619.6 624.1 627.5
844.4 818.5 787.2 756 723.1 690.6 659.9 634.3 614.3 599.6 581.7 565.7 551.1 536.5 524.5 519.6 500.8 497.7 500.4 503.7 501.8 500.9 498.9 497 489.1 474.8 466.1 460.7 459.2 458 458.5 458.3 461.1 458.7 456.7 458.9 475.9 488.4 505.6 528.1 557.2 580.4 594.1 605.6 618.2 622.5 621.7 619.7 618.4 619.9 617.8 616.3 609.3 605.1 602.2 601.9 598.1 599.5 598.3 597.3 595.6 593.5 594.8 595.9 596.3 599.6 603.4 607.6 606.5 605.3 603.5 604.8 606.3 608.3 614 618.6 620.8 622.9
834.2 810.2 781.1 749.5 717.6 687.5 657.3 631.7 611.6 597.4 580.5 563.9 550.1 542.1 524.8 512 502.4 493.4 490 494.2 495.9 494.2 492.4 490 477.8 466.5 459.6 458.5 457.2 456.7 456.2 456.8 458.5 455 454.6 470.6 483.5 496.2 518.1 546.5 575.5 599.7 610.3 621.5 622.4 624.5 620.7 614.8 613.9 611.6 608.8 606 600.8 595.9 592.5 591.2 588.4 589.2 588.7 589.6 589.1 587.6 586.1 587.5 593.2 599.6 604.8 608.4 607.5 606 603.6 604.9 605.1 607.7 614.5 618 620.9 625.6
818.2 797.4 770.1 738.7 707.4 678.2 651 627.5 607.3 592.8 576.6 560.9 546.2 533.4 521.5 508.6 503.9 499.1 487.8 483.7 488.6 486.3 484 479.4 468.5 458 457.6 457.2 454.6 454.2 453.9 454.4 455.8 452.2 457.8 476.2 489.4 508.3 532.3 559.6 589.8 608.4 621.5 622.6 618.9 616.3 607.8 606.5 606.4 603.7 599.5 593.4 589.8 587 585.3 584.5 584.5 584.8 584.8 585.4 586 585 586.1 586.7 592.5 600 604.9 608.6 606 604.3 601.6 601.7 604.2 608.2 612.6 617.4 622.8 625.3
798.7 779.1 755 726 698.8 672.2 643.8 623.4 602.2 586.2 566.6 555.5 536.5 522.6 516 508 504 498.6 494.4 490.9 475.5 473.5 479.8 470.9 459.5 457 454.8 459.3 455.2 451.1 451.6 451.7 450.5 454.9 467.4 484.6 496.7 516.6 541.9 564.9 594.8 614.5 621.9 618.5 610.4 603 600 597.2 594.4 589.4 587.3 584.8 581.8 582 581.4 580.9 582.1 583.1 582.4 584.4 582.9 585.1 583.8 586.7 591.1 599.9 603.3 604.6 601.7 601.5 601.6 601.6 601.6 606 611.4 616.8 619.9 621.9
776.9 758.1 732.6 707.5 685.2 660 630.1 606.1 589.7 573.9 559.2 546.1 527.4 518.6 514.3 509.4 503.6 501.5 497.6 488.6 485 474.1 467.2 464.1 457.6 455.3 453.6 459.9 456.1 450.4 447.6 448 450.7 461 474.1 491.3 506.1 525.3 546.3 568.6 593.5 611.5 618.9 608.7 597.6 592.2 588.8 586.6 583.8 579.9 579.8 579.7 577.8 577.2 577.3 577.2 578.9 581.3 583.9 585.8 588.1 588.5 590.3 593.1 599.1 598.3 601.6 601.6 601.6 601.6 601.6 601.6 601.6 604 609.3 613 613.4 609.9
746.3 736.3 711 685.4 663.5 640.6 616.3 594.8 578.7 562.2 551.3 538.1 524.7 515.2 510.6 505.6 499.8 499.7 494.8 486.8 484.3 475.3 465.3 460.8 456.1 454 452.3 455.4 453.7 446.4 446.4 449.5 456.5 468.5 483.2 497.7 512.8 527.6 547 564.3 584.2 599.1 605.6 590.5 584.5 580.6 578.8 576.2 574 573.6 573.6 572.2 572.9 573.1 574.5 580.5 582.9 585.6 587.8 590.5 592.1 594.8 597.2 600.1 603.6 605.1 603.6 601.6 601.6 601.6 601.6 601.6 601.6 601.6 605.7 607.8 603.8 604.3
721.2 711.6 692 667.4 643.6 621.7 604.1 586.3 568.3 556.3 543.9 532.7 521 511.5 507.6 502.3 496.6 497 492.7 484.1 482.2 471.6 469.1 457.2 454.7 452.4 450 449.6 449.7 443.9 447.1 453.5 462 474.7 489.3 504.2 516.3 528.6 544.1 556.5 571.5 580 581.9 575.9 574.6 571.1 570.7 568.9 566.6 566.8 566.9 566.1 570.9 575.6 580.3 583.6 586.8 589.5 593 595.2 598 600.9 601.1 603.9 606.6 606.4 604.5 603.4 601.6 601.6 601.6 601.6 601.6 601.6 601.6 601.8 601.9 602.2
699.8 685.4 669.9 648 624.6 605.6 588.6 571.3 560.5 546.2 536.7 524.1 515.3 510.2 503.1 498.4 493.1 491.1 487.3 482.3 480 474.2 464.2 453.4 451.8 449.7 447.6 448.8 444.9 441.8 449.9 457 468.2 480.6 494.4 507.6 517.1 529.6 540.9 551 557.4 564.7 562.3 561.7 563.7 561.8 562.9 560.4 560.3 559.5 556.2 567.9 574.1 579.8 584.7 588.2 592.8 594.4 597.1 601.8 603.7 605 604.4 606.1 608.2 607.7 604.1 601.6 601.6 601.6 601.6 603.2 601.6 601.6 601.6 601.6 601.6 601.7
673.5 663.6 649.4 627.4 607.9 590.4 574.4 562.7 550 538.8 526.6 519.1 509.7 503.2 497.8 492.6 485.8 487.4 486.5 480.4 477.9 471.4 457.9 449.7 448.3 446.5 445.1 444.6 441.7 441.2 451.5 461.1 472.2 484.9 497.6 509.2 517.6 527.5 536 542.7 547.1 548.5 550.9 551.3 552.9 554 554.8 553.8 552.1 555.5 566.1 572.6 579.5 585.6 590.2 594.4 598.5 601.2 603.4 604.9 607.6 608.8 609.6 611.5 611.9 606.8 605.4 603 601.7 601.6 601.9 603.9 605.1 601.6 601.6 601.6 601.6 604.8
651.8 637.8 628.8 610 592.2 576.6 563 552.6 540.5 529.1 519.2 512.4 504.4 497.9 490.4 485.5 480.8 481.4 482.3 478.8 475.3 464.5 456.8 446.6 446.3 443.7 442.2 440.9 438.9 447.9 454.5 464.3 475.2 488.1 500.2 507.6 515.8 522.7 529.4 535.3 539.9 541.7 543.6 542.8 544.3 546.1 546.7 543 551.5 562.7 572.6 578.5 583.6 589.5 595 599.7 603.9 607.1 607.6 609.6 611.2 612.4 613.1 613.7 614.9 607.8 608.5 605 604.8 604 605.2 605.6 608.2 608.4 603.4 601.6 602.2 603.8
630.5 614.8 606.5 590 575.3 561.8 550.3 540.9 530.9 519.7 512.6 504.8 498.2 492.8 484.3 480.5 478.7 478.2 479.8 475.8 471 462.1 453.4 444.3 443.2 441 439.2 438 437.5 449.9 455.7 465.3 478 488.4 498 506.3 512.3 517.6 523.6 529 533.3 535.4 536.1 536.3 537.3 536.5 531.2 545.8 557.2 568.7 578.6 586.4 590.7 595.2 599.1 603.5 608.4 610.9 612.1 612.8 615.8 616.3 616.6 617 616.9 610.3 609.7 608.3 607.4 607.3 608.8 609.8 610.3 609.8 607.5 604 602.9 603.4
608.3 594.8 586 572.6 560.8 548.5 541.5 533.4 521.4 512.8 505.3 496.4 492.8 483.4 477 476.1 474.9 473.3 475.2 470.3 466.7 460.3 449.4 440.9 439.6 439.2 437.3 435.1 440.8 451.5 458.2 466.9 479.6 488.7 497 504.5 508.4 513.7 518.1 522.9 526.4 528.3 528.8 529 526.9 527 539.3 550.1 562.3 575.2 585.3 595.5 601.8 605.4 607.4 609.6 612.5 614.2 617 619 619.8 620.2 619.7 619.2 621.2 611.1 610.2 610.5 612.7 613.7 613.2 612.1 612.1 610.7 609.7 608.5 606.8 606.3
587.6 578.4 565.2 555.6 547.1 538.3 529 524.7 514.1 504.2 499.3 491.9 480.1 469.6 473.5 472.7 472.5 468.9 471 468.6 462.2 456.3 448.6 439 436.9 435.2 433.1 434.1 442.3 452.9 458.8 469.4 479.3 485.3 491.8 499.9 503.8 508.7 512.7 516.4 519 519.9 521.4 513.1 521.6 533.4 542.8 554 567 580.8 597.4 608.7 613.9 616 616.6 617.3 619.3 621.3 622.8 624.7 625.6 624.2 621.8 620.3 612 610.9 611.3 616.1 617.4 618.3 618.2 615.1 612.2 609.6 608.7 607.9 606.5 607
568.1 560.4 549.3 539.2 533.2 527.4 520 512.6 504.8 501.5 495.2 484.6 469.2 468.2 468.7 469 470.8 465.7 466.9 461.6 456.1 454 447.4 436.3 432.8 431.8 431.4 434.1 448.1 452.2 460.5 469.5 478.1 481.8 488.7 494.3 497.9 502.3 507.1 509.8 511.3 511.3 505.4 518.9 527.8 537.5 546.7 559.1 575.3 591.5 612.7 628.6 626.4 627.3 627.5 626.5 628 630.1 630.4 630.6 630.5 629.4 626.8 623.9 619.7 617.5 616.6 617.1 617.2 620.9 621.6 618.2 614.1 608.2 607.3 606.4 607 608.4
550 541.1 534.7 525.3 521.7 516.4 512.4 503.1 500.5 497.3 488.4 475.7 469.1 467.3 465.6 465.9 467 464.1 461.5 458.5 455 451.2 444.8 433.6 432.9 428.7 431.2 439.4 448.4 452.7 460.3 468.4 476.8 479.5 484.2 489.4 492.7 496.7 501 503 504.3 503.3 512.2 521 529.8 540.4 551.5 566.9 583 604.5 628.6 637.9 641.2 640.9 637 636.5 639.4 641.4 639 637.1 636.8 633.9 630.1 625.8 623.5 620.3 618.6 615.5 616.3 620.2 622.8 616.7 608.7 605.5 606 605.9 607.4 609.9
532.4 526.7 518 514.9 513.6 508.4 500.8 495.9 494.9 490.7 480.9 480.1 474.5 468.9 465.3 463.2 467.5 462.1 458.4 455.8 454.3 447.7 439.7 432.8 429.3 428.9 435.6 439.1 448.1 453.2 459.1 465.4 471.3 476 479.6 483.5 487.5 490.7 494.4 496.1 492.7 504.3 515.1 525.2 537 542.6 558.1 577.3 594.8 615.8 634.3 646.7 651.3 646.3 645.3 647.7 650.6 652 650.3 650.9 643.6 640.1 637.2 625.2 623.1 620.8 618.5 617.1 613.5 613.9 611.5 610.6 603 601.1 603.1 603.9 606.4 610.9
516.5 512.6 507.6 506.8 504.7 499.3 490.9 487.3 490.3 483.9 478.9 478.1 476.2 471.5 465.7 463.7 464.1 460.6 459.7 451.6 450 443.2 440.7 430.7 426 430.5 435.1 441.1 447.5 451.5 457.2 463.8 469.8 473.4 475.1 478.9 482.8 486.5 488.2 483.2 496.4 506.5 517.9 528.3 539.5 550.1 569.9 591.4 606.4 626 640.7 649.6 653.6 650.3 653.3 652.7 657.6 662.4 664.1 658.6 646 642.2 638.9 626 619.4 617.5 617.7 616.5 608.9 607.5 606.7 602.3 600.4 598.6 599.2 602.8 606.5 611.6
503 500.5 500.3 498.5 497.1 486.5 483 483.4 484.5 478.7 476 475.7 475.9 473.6 467.6 464.2 463 460.6 455.9 450.8 447.7 440.9 437 425.8 425.3 431.5 435.2 439.5 444.9 449 456.9 461.7 467.9 471.9 470.1 475.8 479.2 482.4 478.9 489 496.4 508.5 520.2 531.3 544.4 559.1 582.3 602.4 617.2 627.9 634.3 643.1 650.7 656.2 656.9 654.3 665 672.8 666.9 659.6 644.5 642.6 635.1 622.7 615.3 613.1 610.5 607.1 602 602.6 601.1 600.3 597.9 594 598.1 601.7 605.2 608.7
497 493.9 493.3 490 484.7 481.1 480.8 481.2 479.4 473.8 469.7 473.1 473.4 472.3 469.4 466.9 462.7 457.5 458.4 450.7 442.1 438.6 434.6 425.3 424.1 431.1 435.3 441.2 443.6 449 454.4 460.4 463.7 467.1 466 472.4 474 476.1 481.3 488.9 497.3 509.9 523.1 537.1 551.6 567.8 589.7 604 615.2 622.7 632.5 642.6 650.2 654.3 650.8 653.2 664.1 667 658.2 651.1 641.7 635.8 631.3 619.3 613.5 605.8 601 600.6 596.9 595 595.9 596.4 595.1 591.6 595.8 598.2 601 604.2
489.8 485.2 481.7 481.6 477.5 476.4 478.7 477.7 474.6 470.6 468.8 471.2 471.8 470.5 467.9 465.9 459.9 458.6 454.2 451.2 441.7 440.8 435.4 428.8 422.2 422.3 435.7 438.4 442.8 449.8 451.5 456 458.9 461.2 462 466.1 469.1 469.4 481.7 488.9 497.2 508.8 523.2 543.2 553.4 568.5 586.4 597 610.9 621.1 629.6 638.6 639.9 641.6 641.8 645.1 651.8 658.3 660.7 638.2 633.5 629.6 619.8 614.7 609.9 598.1 591.3 591.8 591.3 591.7 591.7 592.9 592 591 592.7 594.1 595.7 596.8
478.3 477.4 474.7 475.2 471.1 471.1 472 471.3 469.8 467.4 468.1 468.7 469.4 467.9 465.6 463.2 458.5 455.3 456.1 449.7 444.1 439.9 433.6 428.5 422 420.7 431.5 436.8 441.7 444.5 448.1 452.6 456 459.3 458 461.2 459.2 471.9 479.6 487.5 495.9 506.3 521.5 537.8 548.3 566.2 581.1 592.6 605.4 613.2 619.1 625.6 633 632.4 634.2 636.7 638.7 645.6 651.1 646.4 629.3 617.3 612.4 608.7 600.8 592.1 587.9 589.4 589.2 590.2 588.4 586.9 585.2 586.3 587.6 588.8 589.9 588.7
469 469.5 469.5 468.9 464.8 465.9 466.1 464.7 463.8 464.2 465 466.6 466.2 464.8 462.5 458.3 452.2 452.5 453.6 452.1 444.4 434.6 433.5 427.4 420.5 419.5 427.8 436.4 438.1 442.4 444.1 449.7 454.1 457.6 455.4 458 462.9 470.1 478.7 486 493.6 504.9 516.9 531.3 542.9 557.6 573.2 585.5 594.1 598.9 608.8 618.3 623 620.7 622.3 625.5 625.6 627.5 638.5 636 624.3 615.8 605.7 602.6 597.2 588.7 586.5 587.9 590.5 591.2 590.1 584.2 581.6 578.9 582.6 581.3 584.1 585.3
464.5 463.9 464.1 462.1 459.4 460.1 457.8 457.8 456.8 459.6 460.6 461.2 463.8 461.1 456 454.4 450.2 451.9 450.5 447.2 442.9 438.3 435.3 428.7 420.1 418.2 423.6 431.9 434.2 438.3 441.9 446.5 453 453.1 452 455.7 461.9 468.2 477.8 484.7 492 502.6 515.2 527.7 539.8 552.4 568.2 578.5 582.7 592.5 601.3 608.9 612 612.7 611.4 613.6 613.4 610.2 615.4 625.8 614.7 602.1 599.9 604.6 593.7 586.9 586.4 587.3 588.6 587.2 584.1 580.7 580.8 574.7 576.9 578.6 578.6 581.2
458.4 458.4 457.6 456.8 454.4 453.2 451 450.5 452.9 453.5 454.5 457.2 457.5 453.2 451.2 450.4 445.9 449.2 447.9 445.7 439.6 433.7 433.6 431.3 428.6 416 418.3 425.5 431.3 435.3 440.1 444.2 446.3 444.3 445.6 457.1 462.1 468.3 477.3 484.1 490.8 501.8 514.4 525.5 537.8 548 559.8 570.7 578.9 586.9 594.4 598.8 600.8 602.4 601 600.1 604.5 603.4 600.5 607.3 601.6 594.1 594.5 595 590 590.4 584.9 584.3 583.2 582.8 578.4 572.4 573.1 568.2 570.6 573.7 575.9 578.6
453.6 453.6 453.9 449.6 448 446.3 444.4 444.6 445.5 446.8 449.5 453.2 452.7 448.4 450 447.6 444.7 445.1 444.9 443.2 438.1 432.8 432.4 430.4 428 418.9 415 422.4 428.7 431.7 436.2 439.6 434.1 438.8 452.4 455.6 462.3 469.6 477.1 483.6 491.3 501.3 511.2 520.9 531.2 541.4 553.5 565.4 575.9 583.7 589.3 591.8 593.5 598.2 600.5 595.4 597.8 595 588.6 586.4 592.8 586.4 586.9 587.6 588.8 590.6 582.3 579.4 579.1 581 574 566.8 565.6 565 565.7 565.7 572.3 575.4
450.3 444.2 446.1 443.3 440.5 439.9 436.6 436.8 439.8 442.9 444.3 446.1 444.9 446.4 448.7 444.1 439.7 442.7 443.3 441.6 435.8 432 430.1 430.2 428 428.8 414.7 419.6 426.1 430.8 431.4 424.9 439.2 445.4 449.8 456.7 463.8 470.9 476.9 483.1 490.1 501.1 510.1 518.9 527.6 539.2 553.6 565.9 575.8 582 582.7 581.9 584 592.7 590.3 586.1 582.3 575.5 574.5 572.3 576.4 577 575.8 579.5 580.7 578.8 577.7 575.6 575 569 564.9 561.1 560.2 563 563.3 565.4 568.4 569.9
436.6 437.6 437 436.9 435 431 430.5 435.1 438.2 444.3 444.3 439.3 440.9 443.8 445.4 440.9 439.2 438.8 439.8 438.9 435.4 431.6 430.4 429.8 429.6 430.3 417.5 415 425.2 426.7 420.5 429.3 438.4 445 450.1 457.9 463.6 470.7 476.8 483.5 490 499.4 507.8 515.2 526.4 539.3 555.4 575.1 589.1 592.2 582.4 576.5 574.3 573.5 575.7 572.2 568.4 562.7 562.1 562.3 569.4 568.7 568.6 573.9 580.7 580.3 576.9 573 566.8 562.3 558.8 558.3 556.4 557.3 560.3 563.9 567.4 571.1
428.4 429.8 430.8 430.2 428.7 426.1 430.7 433 434.9 437 434.3 434.4 436 438.6 438 438.6 438.4 437.8 436.8 434.6 433.1 432.3 431.5 429.1 427.9 426.5 420.1 408.7 414.1 418.7 430.7 436.1 442.4 447.1 454.5 459.3 464.1 470.2 475.7 483.7 491 498.9 507 516.7 528.4 543.2 560.8 575.7 580.2 578.7 568.8 565 565.2 565.1 560.8 556.4 554.2 552.4 549.8 550.6 558.9 559.6 565.1 574.7 579.8 586.7 585.8 580.9 565.8 559 556.7 555.1 554.8 556.3 560.8 563.6 567.4 570.7
