public/OST50/NN96.asc
ncols 200
nrows 200
xllcorner 290000
yllcorner 760000
cellsize 50
[rows 70 to 104 of 200, columns 78 to 155 of 200]
352.8 348.2 343.6 338.2 329.6 329.4 339.2 352.6 358.7 365.5 372 375.6 380.1 384.8 388.5 391.5 394.9 398.6 401.6 405 408.1 410.4 414.2 418.5 423.3 434.9 437.9 438.6 430.5 425.5 420.9 415.6 411.6 410.6 404.4 401.4 398.2 396.3 395.6 395.3 395.3 395.9 396.5 399.8 402.9 402.8 403.5 405.3 406 406.5 408.8 412.4 421.7 433.9 440.6 444.3 452.9 456.8 464.4 478 491.6 501.4 507.5 513.9 520.9 523.3 528 531.4 535.3 525.6 518.2 511.3 500.7 488.2 481.9 478.5 477.3 480.7
347.3 343.5 334 327.1 327.7 339.2 349.3 353.7 360.8 366.4 373.4 377.5 380.2 385.8 388.7 391.1 394.6 397.1 400.9 402.9 404.2 405.5 410.2 412.2 417.8 424.8 426.3 424.7 423.2 417.5 416 413.2 408.9 407 405.4 402.4 399.9 397.1 397.2 398.1 397.7 396.1 395.7 400.8 405.9 399.6 400.1 405.3 405.3 405.6 408.5 411.8 414.6 422.4 435.2 438.4 448 457.3 461.8 470 483.6 494.8 503.7 511.6 519.5 526.6 532.4 534.4 538.4 530.3 525.1 514.8 499.5 488.2 480.2 475.1 473.6 476.4
341.2 334.4 325.3 325.2 328.7 345.8 349.8 354.4 359.6 364.2 368.7 373.8 378.6 382.3 385.9 389.2 392.9 395.5 398.3 401.2 403.4 404.9 407.8 410.3 414.2 415.8 415.9 413.5 412.6 411.8 410.9 408.8 407 405.2 404.7 404.2 404.4 400.9 402.4 401 400.4 398.9 396.2 396.9 398.3 399.4 402.5 406.4 405.3 406.3 408.5 412.5 413.7 416.2 426.2 430.3 445.1 453.3 454.3 465.4 474.1 487.5 499.6 508.4 519.3 526.3 536.1 532.4 532.7 532.2 528.5 520 504.9 493.2 481.4 472.4 471.8 473.2
325.6 322.9 323.9 330.5 344.3 337.2 345.1 353.9 357.4 361.4 365.5 370.7 375.1 379.2 381.4 385.1 389.2 391.4 395.9 398.7 400.2 403.1 403.8 406.1 408.3 407.5 408.7 408.9 407.6 408.5 408 406.8 407.2 405.4 404.8 404.2 402.3 401.1 401.9 402.1 402 406.3 401.3 399.1 399.4 401.6 403.1 406 405.3 405.3 409.6 416.2 412.1 412.6 415.5 425.8 440.5 443.4 448.4 457.4 466.2 478.4 490.6 502.2 512.8 522 526.4 528.9 531.9 532.3 529.6 526.7 512.3 491.1 481.6 471.5 469.8 470.4
320.6 327.7 342.4 345.2 347.4 350.3 352.3 350.1 352.3 357.9 361.6 364.6 368.5 373.4 376.7 380.7 383.5 386.8 389.7 393 396.1 398.7 399.3 402.5 403.1 404.8 403.7 403.5 404.7 406.4 406 406.3 406.1 405.5 405 406.1 404.3 403 407.8 406.3 414.3 419.5 415.2 409.5 404 406.3 412.4 410 405.3 405.3 407.1 411.5 410 411.1 412.4 417.2 426.4 431 441.5 450 457.2 467.6 482.8 492.7 503.8 511.9 518 523.6 527.4 528.6 525.6 521.7 509.8 490.2 477.2 471.8 468.6 468.5
339.9 343.3 345.4 347.6 350.4 352.8 355.8 358.5 359.8 363.2 365.1 368.4 371 373.5 374.4 376.9 379.7 381.8 386.1 389.4 392.1 393.4 396.1 398.7 400.3 401.6 401.2 403.1 404.2 404.9 406.1 406.9 408.9 409.2 411.4 412.3 413.2 416.1 411.8 416.9 426.5 428.3 424.8 415.1 409 419.6 421.5 414.4 408.4 408 409.1 409.4 409.8 410.1 411 412.2 416 424.4 433.9 440.8 446.7 460.4 472.8 484.6 492.5 500.7 508.7 515.3 521.5 524.4 523 514 503.8 487.9 479.7 474 471.7 468.6
344.4 347.4 350 353.1 355.4 357.3 358.9 362.3 364.5 367.6 370 373 374.9 377 379.4 381.2 383.6 385.5 387.4 389.6 390.1 392.8 394.9 396.1 398.5 400.3 402.3 404.4 406.9 408.9 410.9 413.1 415.5 415.2 417 419.6 423.8 423.2 423.8 428.1 425.1 423.9 423.1 416.9 411.3 419.1 421 413.7 411.3 411.9 412.2 413.5 410.1 409.3 410.5 411.8 414 414.7 422.9 429.3 440.2 452.4 463.3 472.5 483.2 492.8 498.8 505.6 512.1 520.4 523.1 510.4 500 489.6 481.9 475.3 471.9 465.8
349.8 352.8 356.1 359.1 361.8 363.4 364.5 367.2 370.1 372.7 375.5 377 380.3 382.6 384.7 385.6 387.8 389.4 390.6 392.9 393.6 396 398 398.7 400.2 401.9 404.1 408 411.5 416.8 418.1 419.1 423.5 425.2 427.7 433.7 438.5 440.2 441.2 434 431.6 425.6 424.3 425.4 425.2 425.8 419.8 417.1 418.2 417.5 416.4 418.1 413.5 412.9 413 412.1 412 415.1 416.1 418.7 429.6 444.6 458.4 465.1 471.9 481.8 488.3 491.7 499.9 509 515.8 512.3 501 492.2 485.2 475.8 471.6 467.4
355.6 359 362.5 365.3 367.5 370.1 371.7 373.4 376.3 379.2 379.6 381.5 383.9 388 390.6 391.3 393.2 394.5 396.1 397.7 399.3 399.9 401.8 402.9 403.8 406.3 407.3 411.3 417 422 425.7 429.5 433.9 436.9 439.1 444.6 450.8 460.3 468 450.4 442.4 434 430.9 433.3 433.1 430.2 429.2 427.9 427.3 420.4 417.7 418.3 418.8 419.2 416.9 414 412.6 417 418 416.6 417.7 427.1 441.8 452.4 454.2 470.4 478.2 483.7 488.6 497.4 505.6 509.2 505.1 496.1 487.7 475.8 471.5 466.6
361.7 365.3 368.5 371.3 372.8 376.1 378.2 380.1 382.7 385 386.5 388.1 389 392.2 395.1 397.2 399.1 400.2 402.6 404.5 405.8 406 406.6 407.7 409.3 411.3 412.3 413.7 419.3 423.9 429.3 433.5 436.7 441.6 447 454.1 461.1 475 489.7 481.4 455.8 448 441.8 443.4 444.9 437.3 438.9 437.1 436.3 432.1 426.2 425.8 420.5 420.7 419.3 417 413.4 413.2 417.6 418.2 417.8 418.4 425.8 436.6 435.9 452 466.6 471.3 476 484 489.9 489.9 492 495.3 488.7 480.1 467.7 464.2
368.3 371.6 376.6 383.7 384.5 384.1 384.2 385.9 388.9 391 393.4 396.1 397.9 400.4 402.7 404.2 405.4 406.7 408.2 409.9 411 411.3 411.9 413.4 414.4 415.8 417.5 419.8 421.5 425.5 430.4 433.8 438.4 445.8 452.2 458.4 465.6 475 488.2 491.2 472.8 460.5 456.9 456.4 455.6 453.7 456.6 456.1 457.5 456.4 448.8 435.3 424.4 421.9 420.5 425.5 415.3 414.3 414.2 415.6 416.6 417.5 419.2 423.7 426.3 435.7 453.9 462.1 467.5 472.8 477.4 480 482.5 483.6 485.3 479.4 469.2 458.9
374.8 380.9 388.9 397.6 405.9 397.1 398 395.9 394.7 397.6 400.6 403.4 408.9 410.4 412.1 412.9 413.3 415.2 415.2 416.3 417.8 418.2 417.2 417.8 418.8 419.2 421.9 423.8 426 425.9 432.5 435.7 440.4 447.1 454.5 464.4 470.9 479 487.3 486.2 482.2 477.2 466.7 463.6 466.3 470.5 473.7 477.5 480.5 490.9 497.6 472.2 445.3 443.3 446.4 434.7 425.6 423.9 422.6 423.1 420.3 423.3 428 422.8 423.8 427.7 439.3 450.3 458.4 461.8 468.1 475.1 479.3 478.6 476.2 475.1 467.6 459.7
386.2 397.6 407.4 413.9 415.9 409.8 409.3 408.5 405.6 407.1 411 417 423.8 428.7 434.3 431.4 429.6 427.7 425.4 424.6 425 425.4 425.7 425.8 425.6 426.1 427.7 429.4 430.8 434.9 431.8 441.9 447 449.6 456 462.9 472.7 479.4 488.1 493.6 496 506 500.9 493.7 490.8 495.8 502.8 512.4 519.3 529.5 533.1 521.6 484.8 463.8 452.7 440.6 435.7 435.9 431.8 426.2 429.6 427.6 425.3 424.3 423.7 425.9 430.5 437.4 442.8 453.3 461.7 467 471.5 474.2 470.6 469.3 464.8 456.8
406.5 413.9 419.2 424.3 428.6 423.9 420.3 418 415.9 421.5 427.2 438.4 444.6 447.4 450.8 453.4 454.3 450.3 443.8 439.6 435.3 435 433.4 432.6 432.8 432.3 433 435.1 437.1 439.9 442.2 439.9 449.8 455.6 460.4 466.8 475.4 483 491.2 500.5 505 510.6 517.4 519.5 512.2 512.2 516.8 525.6 536.8 549.7 555.2 544.8 527.6 477.3 466.3 459.5 449.8 441.4 440.6 436 431.9 432.1 426.7 424.9 425.1 425.2 426.2 429.1 436 439.1 448.7 456.9 460.6 458.5 457.7 462.8 464.3 462.5
421.2 430.8 436.8 439.6 433.7 432.1 430 429.9 426.6 434.2 443.3 452.5 461.6 466.1 468.7 475.5 477.6 473 464.2 458 457 454.7 452.4 446.5 442.9 441.7 440.6 441.7 442.9 444.6 445.2 447.7 452.3 457.7 460 463.5 472.5 486.1 493.1 502.1 507.1 511.7 516.5 521.1 520.7 528.8 537.4 546.1 548.2 548.8 554.2 549 540.6 497.2 484.5 475 460.6 451.4 448.7 445.3 441.6 436.4 430.5 426.3 426 426 427.8 429.5 433.2 436.3 438.8 442 444.4 445.9 449.1 455.3 462.9 458.7
421.6 432.2 445.7 448.9 443.8 439.9 436.8 436.1 438.2 448 458.8 467.8 474.5 480.1 484.3 496.1 501.2 502.2 497.4 480.8 481.4 481.6 472.6 465.6 457.2 453.6 450.4 449.5 450.2 453 453 456.5 458.7 463.7 467.4 470.2 485 495.3 506.1 512.1 515.2 519.6 526.2 529.5 530.8 537.2 539.7 547.7 550.5 551 546.8 542.7 529.8 510.5 500.3 490 470.4 470.5 465.5 458.8 448.3 445.2 439.1 436 432.5 430.6 430.6 432.1 434.3 436.3 437.2 438.6 439.5 439.8 441.1 444.2 457.7 451
415.4 426.7 438.5 443.3 441.8 441.1 442.4 441.6 446.3 457.9 471 479.4 486.1 492.5 495.2 498.6 505.8 507.6 507.3 500.2 503.1 501.6 491.7 482.6 475.3 469.6 463.6 462.8 458.7 460.4 460.7 462.3 463.4 466.6 470.3 479.3 491.3 500 507.8 513.9 518 523.9 528.6 532.8 535.2 538.9 539 541.1 539.6 536.5 531.9 529 518.6 511.5 502.9 496.8 490.6 493.2 486.1 477.8 468.3 456.8 451.1 444.7 441.9 439.7 439.4 436.2 436.5 437.1 436.7 436.1 437.2 435.2 434.9 436 442.5 444
403.4 414.7 424.5 430.7 436.1 440.6 442 445.6 452.1 463.1 473.1 480.9 485.4 494 500.3 506.5 505.4 508.5 513.7 509 509.1 511.5 510.3 500.2 491.7 484.6 478.7 475 475 475.5 473.1 470.9 471.3 472.9 475.6 477 483 494 505.1 514.7 519.7 526.4 534.7 538.1 541.5 543.4 545 543.8 537.3 533.3 528.2 526.9 531.7 521 513.5 513 509.1 508.3 504.3 499.5 488.4 474.6 469.7 460.4 453.4 449.9 445.6 442.7 440.1 438.3 437 436.2 435.3 434.5 433.7 432.4 433.7 435.3
390.3 398.7 408.4 416.8 423.3 434.2 442.5 453.1 461.8 467.7 470.6 476.6 486.1 489.3 495.8 501.2 502.7 502.7 505.6 510.3 514.4 512.7 516.4 513.8 508.4 501.1 491.3 485.9 487.6 486.9 483.1 481.3 482.9 483.6 485.9 488.6 491.5 493.5 498.8 506.5 514.2 521.5 530.4 538.8 543.5 543.8 548.7 556.6 562.8 558.7 561.4 558.7 547.2 528.3 537.3 535.2 535.2 532 528.3 520 508.8 495.2 485.8 477.5 468.5 459.7 451.6 446.6 443.2 439.8 438.5 436.9 436 436 435.2 434.3 431.9 430.9
384.5 389.3 397.3 404.9 410.6 422 436.6 450.1 458.6 466.3 472.7 476.7 479.6 482.2 486 490.3 490.7 490 489.6 495.5 501 504.6 506.3 509.4 509.4 508.5 503.1 500.4 496.6 491.8 488.4 487.5 489.6 491.5 494.6 498.6 503.3 506.5 509.5 514.9 522.3 532.1 542.8 551.3 556.5 558.1 570.5 574.7 579.5 582.2 582.7 574.8 560.5 546.7 558.9 559.6 559.1 560.2 555.7 550.7 539.4 520.5 504.2 489.2 476.3 467.6 463 456.6 448.6 445.1 440.7 438.7 437.9 437.9 436.5 434.9 432.3 431
377.6 383.3 389.8 395.3 402 413.5 426.1 438.6 449.3 459.3 466.6 472.4 476.4 477.9 480.1 478.3 476.2 475.1 478.6 480.4 483.9 486.2 488.6 492.6 495.6 497 496.5 495.2 493.9 492.7 493.1 495 498.4 500.5 503.8 509.7 512.2 515.8 520.8 525.4 532.3 541.5 550.6 559.4 566.7 571.8 576.7 581.5 586.9 587.6 586.8 583.9 571.4 572.1 577.5 577.7 579.8 585.8 578.4 568.1 554.4 528 515.5 507.3 490.9 480.1 472.1 466.7 455.6 451.1 450.9 446.4 443.1 440.3 438.1 436.1 434.2 431.7
371 374.3 381.8 387.7 394.4 403.1 412.7 425.6 436.4 446.5 455.6 460.5 463.1 465.2 465.8 465.4 464.6 465.3 466.6 471 474.2 478.4 481.7 486.2 489.4 491.6 492.8 492.1 492.7 494.2 497.9 500.3 506.2 513.6 516.4 520.3 522.2 524.9 530.2 536.8 541.8 548.2 557.2 564.4 568 574.9 578.8 580.6 584 586.1 584.8 581.1 581.2 581.9 587.3 594.6 604.8 602 584.7 562.3 542 524.7 516.8 511.5 502.2 494.3 483.8 475.6 467.4 462.3 456.3 451.3 446.7 445.4 445.8 439.7 435.1 432.5
371.5 374.7 374.2 374.6 386.4 393 402 412.1 423.3 433.1 439.9 442.4 445.4 446.9 448.1 448 450.1 454.2 456.6 461.7 467.2 472.6 477.7 483 485.9 487.4 488.2 490.1 492.6 497.1 501.7 504.2 510.1 515 521.7 523.6 528 532.5 536.3 540.9 547 553.4 559.4 564.9 570.6 573.9 576.6 577.8 583.1 585.4 585.3 585.2 585.9 587 594.6 602.6 613.1 616.4 605.4 564 544.7 535.4 526.5 514.8 508.7 501.5 498.2 489.4 480.4 469.5 463.2 456.7 452.1 448.3 445.3 442.2 437.1 434.8
386.4 387.4 387.2 386.3 382.5 383.5 394.8 402.6 412.1 419.1 423 426 429.3 433 436.5 440.8 443.4 448.5 452.9 457.7 463.8 468.7 472.6 477.8 480.7 483 485.3 488.9 492 495.1 496.9 501.6 506.5 511.3 517.5 523.9 530.8 535 536.7 542 546.5 549.4 555.1 559.5 561.2 566.5 576.8 583.6 589.6 593.3 590.1 587.1 587.2 590.2 596.6 602.8 612.4 616.6 615 589.6 556.6 551.7 539.6 528.1 519.3 512.2 507.2 500.2 491.6 482.9 474.9 468.8 464.5 461.2 457.2 452 441.5 435
395.5 396.6 398.2 397.1 396 395.9 391.7 395.4 403.6 410.7 415.9 419.6 424.5 428.1 431.9 435.9 440 444 448.8 452.3 456.7 460.9 464.4 466.6 469.3 476.7 482.7 488 492.9 497.8 505.2 513.2 519.4 524.7 525.2 524 525.8 529.1 531.2 534.8 540.3 546.3 551.5 553.9 558.2 564 570.7 577.5 580.6 581.3 582 585.4 587.7 595 598.6 603.8 616.4 625.6 623.1 600.4 568.8 565.9 560.5 547.6 535.7 526.1 519.2 513.8 508.2 500.6 491.8 484.6 479.4 478.9 475.6 459.7 447.2 438.2
402 404.7 405.4 404.9 404.6 403.8 403.5 402 406.5 408.1 409.6 413.7 419.1 423.8 428.2 432.3 435.7 439.4 442 447.1 450.7 455.1 460.2 467.6 473.2 479.4 485.3 491.4 498.7 505.8 513.4 519.2 528.2 533.4 535.1 535.2 533.7 533.5 534.2 536 538.5 541.8 546.1 554 561 563.4 567.1 571.5 574.3 576.3 579.5 583.9 589.8 599.6 606.8 611.1 620.9 632.4 630.7 615.3 585.3 581 578 574.2 559 538.6 530.3 523.6 520.4 515.1 517.4 498.5 483.4 476.7 467.7 455 448.6 441.8
416.8 416 414.2 413.5 410.7 410 409.2 406.9 412.5 415.4 417.2 419.2 421.8 422.8 427.6 431.3 430.7 437.9 436.5 441.7 445.9 453.9 461.4 469 475.6 484.2 492.6 503.5 514.5 524.7 533.9 538.2 543.8 546.1 548.7 550 551.1 546.9 540.9 539.3 541.9 549.1 550.2 557.6 563.2 565.5 570.2 576.8 576.8 579.6 585.4 590.6 598.9 605.5 613.9 622.1 626.2 639.3 636.6 627 599.4 598 594.8 591.4 578.7 556.9 537.2 531 534 527.9 519 487.8 475 466 458.3 450.8 446.8 446.4
431.5 428.1 424.3 424.4 424 421.1 418.3 413.4 418.1 419.9 423.2 425.1 427.5 430.4 433.8 437.6 441.7 446.3 450.2 452.7 454.6 455.7 461.7 469.2 478 487.7 496.7 505.5 516 526.4 538.6 544.4 550.4 555.3 559.5 563.2 563 564.2 554.6 549.6 551.4 552.8 558 556.2 565.4 573.2 577.9 577.5 583.3 588.9 589.6 594.8 603.4 613.2 619.7 629.1 637.8 639.1 643 637.3 613 608.8 603.3 593.7 578.8 554.5 548.4 541.2 538.7 525.9 494.7 480.5 469.6 460.6 454.4 447.4 441.7 438
448 441.3 435.4 431.5 429.4 426.2 423.9 417.4 424.8 426 429.4 431.5 433.7 435.8 439.7 445 449.9 454.2 459.9 462 461.6 463.3 462.5 469.3 477.6 486.2 494.5 503.2 512.2 522.7 531.1 537.8 546.1 554.2 561.7 571.7 577.4 572.4 568.5 562.3 556.5 557.8 559.7 564.2 570.6 578 583.7 588.6 590 591.7 594.8 599.6 611.7 619.2 622.2 634 648 640.3 644 642.5 618.6 602.3 600.1 584.7 580 574.4 555.7 546.9 540.5 511.3 493.8 481.1 469.7 460.1 453.3 446.2 438.9 430.8
467.9 460.6 453.5 443.4 438.4 436.1 434.1 431 432.5 433.6 435.3 437.5 441.5 446.3 451.3 454.6 458.7 464 467.4 467.9 469.3 470 469.8 469.4 475.9 485.3 494.8 508.2 515.7 523.5 532.8 541.5 552 561.5 575.6 585.5 590.2 590.8 594.1 575.2 570.9 569.3 574.1 577.4 583.3 591.2 594.9 601 607 608.4 612.7 612.9 619.4 624.4 632.5 640.9 646.9 636.7 635.2 628 615.4 602.1 597.6 595.6 590.5 581.8 567.1 553.2 538 522 498.6 481.7 471.7 463.5 454.6 448.9 441.4 431.8
477.3 470.5 464.6 457.6 450 444.6 441.2 438.1 439 440.6 442.3 448.2 454.6 459.6 464.6 468.2 471.6 474.4 476.2 479.7 480.9 482.1 478.3 475.1 477.3 485.6 496.6 506.4 516 524.9 535.2 544.3 560.7 573.7 585.4 595.3 600.1 601.6 604.2 600.5 591.3 587.9 587.6 597.6 604 607.5 613.3 621.4 628.5 630.4 624.2 625.1 624.1 628.5 634.5 644 648.3 635.2 631.2 626.7 615.2 604.9 600 600.6 597.2 588.6 577.9 563.1 547.7 536 506.3 485.1 471.5 464.6 458.3 446.5 434.3 431.5
484.8 476.4 472.3 465.3 457.7 451.2 444.7 442.8 443.6 445.5 448.8 454.1 459.4 467.8 474.1 485.1 491.8 496.9 500.9 499.9 499.7 497.2 492 485.6 480.1 489 498.4 507.7 516.7 526.8 538 548.5 561.7 572 586.3 597.7 606.6 612.9 613.5 608.2 604.5 601.8 603.4 609.5 618.7 627.3 634.8 643.2 652 652.3 642.4 628.5 626.3 630.1 631.1 641.1 641.7 633.5 630.9 622.8 615.5 606.1 598.9 594.7 595.6 594.3 582.8 567.6 562.1 552.5 508.2 488.6 475.4 465.1 453.8 444.3 437.9 434.2
492.6 484.4 479.6 470.9 463.9 457.1 449.1 446.3 447 449.6 453 460.6 471.5 478.2 490.9 500 506.2 510.2 510.9 511.1 510.4 509 504.1 497.4 490.5 489.9 500.4 509.8 518.1 528.5 540.5 552 560.8 571.7 585.4 595.7 606.1 615.4 620 617.5 613.7 615.6 615.9 618.8 629.1 639.3 656.8 668.5 675 664 646.6 626 627.6 626.7 623 629.4 624.6 631.9 638.7 628.9 618 604.8 593 591.3 592 591 580.4 578.4 568.6 561.7 503.5 497 485.8 472.4 460.5 446.1 440.7 430.7
496.9 490.5 485.7 479.6 473 463.4 453.7 450.2 450.9 452.9 455.8 464.4 474.6 482.4 492.2 500.9 511.4 518 519.9 521.3 523.1 520 514.6 504.6 498.7 493.1 500.7 511.3 524.3 535 545.5 557.4 567 579.3 596.4 601.1 613.1 619.9 621.5 621.3 626.1 629.4 630.6 627.7 637.8 651.7 667.8 681.1 680.7 671 651.4 631.4 623 621 615.3 608.8 617.3 632.1 635.7 629.5 618.2 601.3 588.9 586.5 587.2 591.1 584.7 571.5 566.1 544.1 514.3 502.7 493.1 480.6 467.9 451.8 440.7 430
502.7 497.8 499.1 495.9 485.3 471.1 460.7 456 453.8 457.2 461.6 468 475.9 485.7 500.1 511.2 527.6 536.8 540.9 541.8 540.2 534.6 529.3 518.8 506.8 502.1 503.4 516.8 529 537.9 551.1 557.6 567.9 581.2 592.2 601.8 610.1 615.3 620.5 624.6 629.1 633.8 639.9 640.5 650.2 658.7 674.2 687.6 688.6 678.6 646.5 622.7 615.6 612.1 605.3 605.3 612.2 625.8 624.8 622.1 615.2 602.7 588.5 583.9 583.3 580.1 578.5 564.6 554.9 541.9 525.9 507 496.3 487.7 473 451.5 439.2 432.1
