public/OST50/NN97.asc
ncols 200
nrows 200
xllcorner 290000
yllcorner 770000
cellsize 50
[rows 0 to 34 of 200, columns 78 to 155 of 200]
571.1 567.4 559.7 557.5 555.6 553.7 549.3 545.9 543.3 542.2 542.7 541.9 541.1 541.4 540.5 540 539.9 538.7 542.7 538.3 536.8 536.1 536.8 538.1 537.5 534.6 536.1 535.8 536.3 535.2 534.6 534.3 535.1 535 532.1 533.2 529.7 527.3 519.9 518.4 529.6 529.6 542.5 553.6 566.2 585.4 592.5 594.8 592.4 587.5 582 576.3 568.4 562.8 557 546.6 540.4 536.5 533.9 531.9 529.8 525.4 520.8 515.6 511.5 507.6 505.1 501.6 495.4 487.6 478.5 469 468 467 478.4 489.4 487.3 490.7
559.7 559.3 557.4 553.8 548.8 547.9 545.6 544.6 542.8 540 540.1 540 539.3 538.8 538.2 539 537.9 537.4 536.6 536.3 535 534.7 534.4 534 532.5 532.2 533.1 534.1 533.2 532.7 531.9 530.4 531.1 530.5 530 528.8 526 519.7 520.3 521.5 528.9 535.1 547.6 562.7 576.1 594.4 605.3 609.5 611.6 609.1 603.3 594.1 586.7 580.1 572.7 566.3 563.2 558.3 556.5 545.8 543.8 534 528.5 523.8 515.4 510.5 507.2 504.2 499.1 497.9 494.7 491.9 488 483 469.3 465.9 475.8 481.2
553.8 553.1 551 548.3 546.3 545.2 543.9 543 542.6 541.4 540.9 539.6 538.1 537 536 535.3 535.1 534.8 533.6 533.6 534 532.8 531.8 531.7 532.1 531 529.7 528.9 527.8 528 528.2 527.6 526.8 527.9 524.7 526.8 521.1 521.6 521.9 529.1 530.6 537.9 551 566.1 589.3 602.8 615.3 620.4 624.9 627.6 622.5 609.1 599 589.2 585.4 585 582.7 577.7 569.4 563.5 553.1 548.1 535.7 529 525 517.9 511.4 506.7 503.4 501.2 499.6 497.4 492.5 484.2 484.5 469.8 462.9 455
547.2 546.7 545.6 548.8 545 546.2 542.7 542.9 541.8 541.8 540.2 538 536 536.4 537.3 536.5 536.1 535.4 534.6 534.1 533.9 532.5 531.6 529 531.2 530.3 529 528.7 526.7 526.9 526.1 524.4 525 525 524.3 522.9 520.7 522.8 525 529.4 533.5 541 553.9 568.5 593.7 609.4 620.3 629.9 634.8 635.3 628.7 620 606.2 601.2 597.6 596.2 595.5 594.1 585.8 581.1 573 563.6 551.6 544.1 537.1 525.7 519 513.2 509.6 506.5 502.6 498 497 492.4 485.7 485.7 478.4 474.9
545.3 544.5 543.5 542 542.1 541.3 540.4 539.2 538.7 539.1 538.1 536.9 538.7 541.9 543.5 542.4 542.5 543 545.6 541 539.7 536.7 533.3 531.6 529.7 527.9 527.3 526.7 526.5 526.5 526.2 525 524.5 524.5 523.5 522.2 523 529.9 529.3 530.4 534.3 545.2 556.8 572.5 596.4 612.9 624.1 635.7 642.3 639 635.5 628.9 616.7 612.8 609.6 609.6 608.4 606.5 602.7 596.2 586.6 575 565.6 555.8 544.5 537.9 527.3 522.2 515.9 512.3 504.1 501.2 498.2 493.9 489.4 488.9 486.5 484.2
544.9 543.2 542.2 543.2 542.3 541.7 540.8 540 539.4 538.9 538.5 545.3 547.1 546.5 546.3 548.1 550.6 551.6 552.4 551.9 550.1 548.7 545.2 540.9 537.8 536.7 535.1 533 530.9 528.6 527.1 526 525.7 524.6 523.2 524.3 528.6 533.3 531.8 533.3 538.7 550.5 559.3 576.6 596.5 614.8 627.1 638.6 646.4 645.9 639.7 634 625.7 622.2 621.3 622.5 623.1 622.1 618.5 611.4 599.1 585.4 575 565.1 553.1 545 537.7 529.1 519.2 513.4 509.5 503.8 501.8 498 495.4 494.3 495.2 491.1
547.5 545.9 550.4 549.4 548.5 549.3 548 548.8 546.7 548.2 550.8 551.9 552.7 553.9 553.7 559.7 558.6 561.5 561.7 560.7 559.5 558.8 555.2 550.3 548.3 546 541 537.4 535.9 533.2 532.8 534 531.3 528.1 527.5 527.7 528.7 534.6 537.3 537.4 545.6 550 566.8 579.6 594.8 613.8 630 641 649.6 651.6 647.6 638.7 634.7 631.9 631.8 633.3 634.6 635.3 633.7 629.1 616.2 599.6 586 571.6 560.4 551.4 542.8 536.9 528.8 518.4 513 509.1 507.4 503.3 500.2 499.7 499.3 495.8
558.6 555.2 553.8 552.8 555.2 557.7 555.4 552.9 554.6 554.1 557.7 556.3 561.1 561.8 570 568.7 567.5 569.9 572.3 571.4 573.4 572 567.4 562.7 559.9 554.4 550.5 546.4 539.9 539.9 538.1 537.3 535.3 533.4 531.7 529.3 529.2 531.5 535.7 538 545.8 558.3 570.2 580.1 595 614.9 630.2 640.3 649.2 652.5 651.6 650 644.6 642.2 642 644.3 645.5 645 641.5 634.9 625.6 607.8 591.6 579.3 567.3 559.1 549.3 541.8 534.5 528 521.7 514.5 509.6 508.7 506.1 505.7 501.2 497.7
559.5 564 561.3 559.6 562.3 562 560.3 563.7 564 566.9 562.3 568.1 567.3 575 580 583 582.4 583.2 582.6 582.4 582.3 580.3 578.1 575.4 570 566.4 561.4 554.8 551 549.4 548.1 546.5 540.3 536.7 534.6 533.5 532.6 532.6 536 539.2 547.5 558.6 571.1 580.9 595.2 614.4 632 640.7 649 656.5 660.2 658.7 655 653.4 653.9 655.4 656.7 654.6 651.4 640.6 627.8 615.1 598 587 572.9 561.7 554.8 547.3 539.4 534.7 528.6 522.2 516.7 513.7 511.1 509.2 503.8 501.6
566.5 565.2 569.7 568.4 568.7 567.8 569.8 570 571.1 573 574.7 574.7 573.4 583.4 586.8 590 594.5 596.2 595.8 592.2 593.5 590.4 587.8 582.8 580.7 577.2 571.6 566.2 561.5 559.1 554.4 551.8 547.7 543.5 542.1 539.3 538.2 539.8 542.1 540.2 548 556.4 568.9 581 594.9 612.5 627 641 653.5 662.1 666.6 667.8 666.6 664.2 664.2 666 667.9 663.3 654.3 643.5 633.5 619.8 605 593 581.2 571.4 562.7 553.6 544.7 537.4 531.2 526.2 521.6 518 514.9 511.3 506.8 506.9
571.6 574 575.2 575.7 576.7 576.8 580.8 580.6 580.6 585.3 586.4 583 580.4 586.7 591.7 597.2 603.3 605.1 605.9 604.9 605.5 600.8 598.8 596.2 588.1 590.3 586.2 581.9 573.4 568.1 564.3 561.5 556.7 552.3 547.8 544 545.1 546.9 543.3 543.8 547.6 551.6 560.6 579.4 592.9 610.2 622.6 640.6 660.5 669.7 675.8 676.4 675 675.5 676.2 677.3 678.5 670.1 660.3 649.5 635.3 623.2 610.1 598.9 586.6 576.2 566.7 559.7 550.5 542.6 535 530.7 523.8 516.8 514.2 511.9 509.6 507.9
578.7 579.7 581.9 582.8 585 588 589.2 588.4 590.2 590.7 589 591.5 589.2 588.4 597.1 603.7 612.2 615.2 614.7 616.1 617.7 617.5 615.7 612.6 605.6 603.2 597.2 592.3 586.7 583.4 577.6 573.4 568.3 562.8 556.9 553.9 553.4 553.5 550.8 545.1 545.8 549.5 555.6 573.7 588.4 606.1 619.5 641.9 665.1 675.1 683.1 684.2 685 686.2 685.8 684 684.4 678.2 666.5 654.7 642.1 628.7 616.4 604.9 592.9 581.8 570.3 563 555.9 546.5 539.6 533.8 528.2 520.4 514 511.2 508.3 507.4
583.4 588 590.9 592.7 593.6 595.6 597 600.4 601.3 601.2 598.2 598.7 598.7 594.7 599.2 607.8 617 623.2 624.3 628.3 632.1 633 631.6 625.8 623.5 618.7 612.6 606.7 599.2 594.5 587.9 584 579.7 573.4 567.1 564.3 564.3 563.4 558.4 551.3 549.8 549.3 553.2 568.2 584.9 602.5 618.8 639 659.4 673.2 684 688.5 690.2 691.1 690.8 689.9 687.6 683.2 668.3 654.5 643.9 632.9 616.6 602.1 591.2 581.9 572.8 563.3 554.4 547.9 541.9 535.2 530.8 523.2 515.9 511.9 508.7 504.7
590.1 593.7 596.1 599.1 602.4 606.3 609.6 614.4 616 615.2 612.4 611 608 606.8 604.5 609 618.7 627.6 632.4 637.4 645.7 646.6 643.7 642.7 638.6 632.8 626.2 619.1 612.5 607.3 599.7 593.7 588.1 582.4 579.1 578.5 574.8 571.4 565.4 559.4 559.4 559.6 554.3 561.4 582.4 598.8 610.9 622.3 643.8 664.4 682.2 687.8 686.9 690.3 687.3 688.1 688 680.6 664.2 651.8 643.1 631.9 612.5 599.2 588.3 580.4 573.5 563.9 555.7 548.2 541 535.1 530 523.9 517.9 514.5 513.3 507.1
596.4 602.4 603.2 608.7 614.4 618.2 623.5 627.6 629.6 628.4 626.1 623 626.1 620.8 621.9 610.5 620.1 629.7 637 642.2 651.8 654.3 659 658.2 651.5 645.5 640.6 633.1 624.8 619.3 612.2 607 598.8 592.6 592.2 589.2 587.3 580.5 575.5 570.8 569.9 566.3 560.6 562.8 580.7 594.2 602 616 629.2 647.6 670.5 679.7 679 675.5 679.1 682 679.8 673.2 662.2 650.4 640.5 623.8 609 597.4 587 578.9 571.7 563.4 557.8 550.5 543.7 538.7 531.1 525.1 520.6 515.1 512.4 505
602.5 607.9 612.2 619.1 627.1 634.6 637.1 640.2 641.4 641.1 642.3 640.6 638.2 635.4 633.2 629.5 618.8 632.1 638.1 644.2 656.6 667.7 671.1 670.3 664.9 659.6 654.3 648.2 641.4 633 623.9 616.8 610.8 606 602.8 598.9 597.5 594.3 589 582 576 574.5 564.9 569.1 577.3 589.7 598.6 611.3 623.3 632.2 646.6 656.8 663.6 665.2 671.2 671.7 669.1 665.2 659.7 650.7 639.5 620 605.8 597.9 587.3 578 571.2 563.9 558.9 552.1 544.7 538.4 534.2 529.4 523.8 515.9 512.1 508.7
609.2 614.6 620.6 630.2 638.9 644.6 649.3 653.4 654.4 653.4 652.8 650.8 647.4 646.9 647.4 645.7 640.8 629.7 640.6 646.7 661.3 677.3 682.1 679.5 675.2 669.9 662.9 658.1 651.5 642.3 636.2 631 625.5 619.1 613.5 607.7 605.7 603.3 597.8 593.1 588.6 577.9 572.4 571.9 581.1 590 596.6 604.7 616.2 616.1 626 637.4 646.3 651.9 653.7 653.4 658.2 657.5 654.8 645.2 630 614.2 602.9 594 584.7 578.2 571.6 564.5 559.6 552.1 544.8 539.2 534.9 532.5 527.8 520.1 517.6 517.6
616.7 621.2 630.4 639.2 647.5 653.8 660.7 667.1 672.5 670.1 665.5 668 660.7 661 660.1 655.6 653 645.7 644.6 652.7 667 685 693.9 690.3 684.9 678.2 671.8 666.1 658 653.7 648 641.7 637 630.8 627 621.8 618.5 613.4 607.5 601.8 593.7 586.5 581.1 578.8 580.4 583.9 591.2 598 606.4 609.4 617.3 622.5 628.8 630.6 631.3 634 638 639.7 636.1 628.8 617.7 610.9 599.7 590.1 583 576.8 569.7 563.6 558.1 551.8 543.6 538.5 534.7 532.3 527.3 526.2 524.6 523
630.9 629.5 639.9 650.5 657.8 668.5 676.4 679.5 678.6 677.7 678.5 676.4 674.5 673.6 672.8 667.5 663.9 658.9 643.9 660.5 671.3 688.2 703.1 697.6 691.6 686.5 682 674.7 665.9 660.5 656.6 650.3 647.8 643.2 639.8 635.9 632 625.7 618.2 613.7 604.5 599.2 592.2 585.4 583 582 589.4 595.5 599.8 601 607.9 612.4 611.6 610.4 611.5 614.5 617.8 619.4 620.4 614.1 607 603.5 597 587.8 579.4 572.1 566.1 561 555.5 549.2 541.3 537.7 537.5 535.6 533.4 530 526 522
638.1 637.2 648.6 662.3 671.4 680.2 686.7 690.5 686.5 687.2 689.8 686.9 686.8 687.3 682.4 678 671.7 667.3 655 664.7 677.3 688.3 700.3 700.3 699 694 689.8 682.5 674.4 668.4 663.2 659.7 654.7 652.7 650 645.9 639.8 636.6 631.9 626 616.4 609.8 603 593.3 586.5 583.4 587.1 593 595.1 593 594.8 598.9 597 598.1 592.9 595.8 599.8 600.9 603.6 601.3 596.7 593.8 590.2 585.4 576.6 568.7 563.4 558.5 553.4 544.8 539 537.4 538.8 537 534.3 530.5 529.1 528.5
649.9 646.5 658.1 669.1 680.7 688.5 691.6 694.5 701 701.2 701.1 696.5 696.8 695.2 692.7 689.5 682.2 676 667.3 669.1 680.9 692 701.9 705.1 703.6 702 698.7 692.5 684.5 677.9 672.3 666.9 663.7 661.7 658.2 656.9 653.4 649 644.6 637.9 630.1 622.1 612.1 598.8 590.3 586.1 586 590.9 590 586.4 586.9 587.1 587.9 590.2 585.1 581.2 585.2 588.4 589.9 587.8 584.2 581.6 582.2 577.8 570 563.8 558.5 554.8 549 541.8 539.1 538.5 539.4 538.3 535.1 532.2 534.6 533.7
662.8 656.2 667.2 679.5 691 694.5 705.6 710.7 715.9 717.8 715.4 709.9 707.1 703.8 699.8 693.6 686.8 680.2 674.3 672.5 686.5 698.2 708.1 711.9 712.7 709.9 705 702 695.4 689.3 684.4 679.6 676.8 672.9 668.5 666.1 663 658.9 652.7 645.6 634.8 628.7 618 606.9 597.8 587.3 584.9 586.3 585.6 582.7 580.5 579.9 579.1 577.7 575.9 575.1 573.6 577.1 578 576.6 572.9 571.7 567 564.4 560.6 556.3 550.4 546.4 540.6 539.6 538.9 539.3 539.8 539 536 536.7 537.5 536
675.8 669.4 678.2 687.6 699 708.9 719.4 724.4 729.6 731.9 729.5 725.5 718 713.2 708.9 700.8 691.4 683.5 681.1 679.4 692.2 702.9 712.3 718.1 721.8 719.5 714.2 711.3 706.4 700 695.5 692.6 688.5 684.4 679.6 674 668.6 661 653.4 647.5 642.3 634.7 626 613.5 602.6 590.8 584.6 584 581.4 578 577.5 575.6 572.2 571.7 569.1 566.1 566.3 568.5 568.9 567.6 564.2 561.4 556.7 553.9 548 547.2 547.2 542.1 538.4 537.6 538.1 539 539.8 539.1 538.5 539.7 538 534.6
684.5 685.3 684.3 697.2 707 718.9 727.3 734.6 740.7 742.3 741.7 738.9 732.3 721.9 716.3 707.7 698.6 688.6 685.5 686.3 698 708.1 716.7 724 726 727 725.4 720.7 717 711.5 707.8 703.5 696.3 691.5 688.3 683.7 675 665.8 657.5 652.5 646.9 642 633.8 624.5 612.7 601.4 592.4 584.7 575.8 567.4 569 568.3 567.4 565.2 564.2 561.5 557 557.5 557.8 557 554.1 552.9 547.6 545.6 542.8 540.4 540.8 538.4 537 536.4 537.1 538.9 539.4 539.5 538.7 536.6 536.1 534.1
703.7 701.6 697.7 704.9 716.5 726.8 734.5 742.6 749.8 751.8 749.6 747.3 740.3 733.3 726.2 718.5 708.1 697.5 691.9 692.9 704.1 714.7 722.8 727.6 732 733.2 731.5 730.1 727.5 722.5 718.1 711.1 705.2 698 695.6 689 681 672.8 665.4 657.7 652.2 645.9 639.1 631.2 623.6 616.9 608 598.3 579.9 573.3 567.2 561 560.7 559.2 558.4 556.4 552.3 548.2 546.8 545.3 544.6 543.9 542.3 540.3 537.8 535.4 533.5 532.2 532.4 534.3 535.9 539.1 540 541.1 541.3 540.4 537.1 532.9
718.5 717.1 715.2 714.8 723.4 732.7 741.7 751.8 758.4 759.3 757.7 753.8 748.3 742.7 736.1 727.8 717.4 707.1 700.4 699.9 711.4 720 726.7 731.6 736 738.1 738.2 738.2 735.2 729.9 725.4 720.2 711.8 706.2 701.5 693.6 685.5 679.4 670.2 661.4 655.3 651.3 646.2 640 631.2 620.7 611.5 598.8 591.5 580.9 571.4 565.5 559.3 551.2 552.4 551.8 547.8 541.7 540.3 539.8 538.2 536.1 535.4 534.2 533.4 531.9 532.1 529.3 526.6 530.9 535.7 539.7 542.8 544.8 544.7 543.5 540.1 534.9
734.6 732.6 728.6 725.5 730.2 739.1 749.2 759.7 764.9 766.7 765.5 760.5 756.2 750 742.3 733.2 724.5 716.4 707.6 705.7 715.7 723.6 729.2 734.6 741.1 743.5 743.1 744.4 742.2 737.8 732.9 727.4 719 711.9 706.6 699 691.4 683.6 676.5 669.1 660.3 652.3 645.8 640.8 634.1 626.3 619.1 609.6 600.8 589.8 584.2 578.4 568 557.2 549.5 543.8 541.8 537.2 535.1 534.7 532.6 532.1 531.1 528.1 527.3 528 527.5 525.9 525.3 532.4 536.3 540.1 545.1 547.5 547.2 545.8 540.6 532.3
747.3 744.4 740.7 737.3 738.7 746.5 757.2 766 770.2 772.6 771 767.8 763.7 757.1 747.3 738.7 730.3 721.8 714.8 712.2 719.2 726.2 731.6 736.6 744.5 746.1 747.2 748.3 745.9 742.5 740.8 731.9 723.5 716.8 711.3 703.7 696 689.2 681 673.3 666 658.8 651.7 645 637.5 626.9 619.7 611.9 595.7 597.2 594 585.4 577.3 570.1 556 550.5 544 536.8 533.1 528.9 528.3 527.7 526.6 524.8 523.8 522.1 521.7 520.1 526.8 532 536.3 541.1 546.7 550.1 549.6 545.4 538.2 527.8
757.2 753.3 750.7 748.8 749.3 756.4 766 772.1 777.1 778.6 778.2 774.5 768.5 761.1 751.9 742.3 734.4 726.7 721.5 722 727.5 731.9 735.7 739.4 746 747.5 748.9 748.6 746.5 744.6 742.3 733.8 726.3 719.6 715.6 708.7 702.6 694.8 687.3 678.6 669.7 661.9 654.6 646.1 638.7 631.4 621.2 613.9 611.8 607 598.8 590.5 581.3 574.6 568.6 558.2 549 545.2 537.1 531.8 523 522.3 520.6 519.2 518.8 517.8 516.7 516.5 524.4 529.5 536 543 548.9 552.7 551.7 544.8 535.1 523.1
764.9 760.7 758.3 756.8 758.3 768 773.6 778.5 782.8 783.8 782.7 778.7 770.6 763.2 754.5 745.6 738 731.8 730.4 730.6 735.9 740.5 743.1 746.8 749.9 751.7 752.7 752.9 751.5 749.5 743.8 739.3 733.2 727.6 721.5 711.9 708.4 701.5 692.3 684 676 665.1 656.5 647.4 643.5 635.8 629.2 625.3 621 615.9 608.4 599.1 595.1 586.6 577.9 568.6 557.6 549.5 543 536.2 527.4 519.2 517 514.8 514.8 515 513 513.6 520.9 526.4 535.2 544.5 552.2 557.2 554.8 547.6 531.4 514.9
772.9 768.3 764.8 763.4 768.2 775.4 780.2 784.2 785.7 785.3 783.5 779.3 771.3 763.9 757.6 751 745 741.1 739.1 741.2 743.9 748.9 750.7 753.9 757.5 759.1 761.6 762.3 763.2 761.6 756.6 749.1 740.9 733.5 727.9 720.6 714.7 707 695.2 687.4 678.5 671.5 665.9 657.5 650.4 645.3 641.6 635 629.5 621.6 610.7 604.4 603.5 595.4 586.4 575.7 568.3 557.8 545.7 538.8 531.4 522.5 516.6 510.4 507.3 511.3 509.5 509.8 516.9 524 535 548.9 559.8 564.3 559.4 543.7 521.2 500.4
777.1 773 770.7 773.6 776.2 781.1 785.5 787.9 788.9 786.9 784.3 780.2 773.5 767.6 761.2 756.5 750.6 747.3 747.1 750.5 753.9 756.7 759.6 764 766.3 767.4 769.6 769.7 770.9 770.6 766.7 762.1 753.8 741 734.2 729.2 721.8 710.3 702.1 696.1 689 684.4 678.6 672.4 666.4 658.3 649.7 642.6 634.5 625.8 618.4 614.1 608.4 599.5 591.5 584.6 574.6 563.8 558.2 547.4 537.3 529.2 520.8 515.7 511.2 507.4 505.1 506 512.2 522.8 533.7 550.8 566.7 573 553 528.8 508.1 478.5
779.2 778 776.4 780.7 783.6 787.1 790.3 791.8 791 786.8 784.1 780.7 776.5 769.8 764.8 760.4 755.7 753.4 755.1 757.9 761.2 764.2 767.8 773.2 775 775.3 776.5 775.4 775.6 774.2 770.5 766.4 760.2 752.6 743.4 738.4 731.2 723.8 714.6 705.5 700.1 695.1 689 682.4 677.1 669.7 660.5 648.5 640 631.6 627.4 620.1 611.2 603.3 596.8 587.8 579.9 570.8 564.3 555.3 547.2 537.4 525.8 520.3 513.5 508.1 503.5 503.3 509.2 517.6 530.9 553.7 566.3 536.7 513.1 496.9 482 458.8
784.6 783.9 784.3 786 789.8 792.2 793.9 795.1 792.7 788.3 782.5 779.3 775.5 770.7 768.1 763.8 761.1 761.1 762.5 765 767.3 770.1 773.9 777.8 779.2 781.1 782.1 780.3 778.7 776.6 774.5 769.9 764.7 759.1 752.7 744.7 737 730.3 723.4 716.2 711.7 705.4 699.4 691.8 684.6 679 669.2 658.5 650.2 640.2 635.2 627.4 617.1 610 602.4 594.2 586.9 578.7 571 561.9 553.2 545.9 533.8 525.6 515.8 509.1 502.4 501.4 505.2 512 525.2 538.7 533.6 510.4 493 472.5 455.7 439.7
791.6 790.9 792 792.9 794.7 796.3 796.8 796.9 793.3 786.9 779.1 775.7 773.8 770.8 768.1 765.5 764 764.6 767.8 770.6 773.1 776 780.2 782.5 783.1 786 786.2 784.3 782.1 779.7 777.2 772.7 767.4 761.1 755.7 749.5 742.7 736.9 731.2 725.2 719.6 713.9 708.2 702.8 695 686.5 679 670.8 660.1 650.2 643.1 634.9 624.6 615.2 610.6 605.1 597.2 587.4 577.3 569 559 551.3 541.2 531.7 521.7 511.1 502.6 495.5 499.2 505.6 518 519.1 507.6 491.2 475.2 452.4 433 416.7
