public/OST50/NN97.asc
ncols 200
nrows 200
xllcorner 290000
yllcorner 770000
cellsize 50
[rows 105 to 139 of 200, columns 0 to 77 of 200]
856.3 853.7 850.3 844.8 837.2 829.2 821.6 815.7 808.2 797.9 786.1 763.4 736.5 714.4 694.9 679.6 663 650.2 661.5 658.9 658.9 656.1 649.5 639.6 627.5 617.2 604.9 592.5 596 605.1 621.9 637.1 655.1 677.5 698.7 719.4 736.9 750.8 759.2 763.4 771.1 775.5 775.6 773.7 770.9 764.2 756.4 750.4 740.2 727.2 715.5 708.8 694.9 685.7 675.3 654 636.6 619.9 600.7 587.4 575.8 553.4 537.3 522 509.6 492.8 478.6 459 438.7 421.9 405.1 386.9 370 357 349 340.3 330.2 321.7
856.7 855.7 853.2 848.2 841.4 834.3 826.1 820 813.3 804.9 790.8 763.6 733.7 712.7 690.5 676.8 661.4 641.1 648.8 646.4 646.1 639.4 633.6 626.2 618.2 609.6 599.6 589.3 589 603.4 619.7 635.4 655.1 679.3 703.1 724.2 740.3 754.2 759 764.8 771.5 773.4 771.3 768.4 763.1 752.7 741.5 732.2 720.2 710 698.8 689.9 680.2 669 659.1 641.3 622.5 604 586.1 574.5 560 540.5 519.5 506.7 488.3 469.7 451.2 434.5 416.8 401.4 385 368.4 355 344.1 336.2 329.8 320.4 311.5
855.4 855.1 853.1 848.8 843.4 836.6 829.6 823.6 816.5 806.4 792.7 763.8 731.9 707.7 685.9 670.6 656.8 643.6 631.5 633 632.2 621.8 617.7 612.2 608.1 599.5 593 581 588.5 601.7 618.3 635.2 658.1 682.9 705.9 725.1 740.4 751.2 754.6 762.4 769.9 770.5 765.5 760.1 753.9 741.5 725.1 713.5 702.3 695.8 688.6 682.4 672.2 658.5 646.6 632 613.9 591.9 574 563.1 543.1 519.5 502.7 488.7 471.1 447.9 428.4 411 396.3 383.9 368 352 341.2 330.1 325 322.8 312.9 314.9
853 852.6 851.6 848 843.3 837 830.6 825.1 819.3 809.2 791.1 758.9 728.9 702.9 682.9 661.2 649.6 639.2 616.9 615.3 614.9 608.3 603.5 599.5 595 590 584.5 577.1 586.2 600.1 617.3 637.2 661 684.1 704 721.7 737.1 747.5 752.9 761.9 769.8 764.5 759.3 749.6 736.3 723.5 712.8 698.1 686.9 682.1 680.8 680.7 665.1 646.7 631 615.5 598.5 580.4 566.4 548.8 528 503.3 483.7 471 451.6 429.1 409.7 390 376.9 364.7 350.9 336 328.9 322.5 317.7 314.6 310.3 324.8
848.9 849.5 849.4 847.1 842.9 836.8 830 823.7 817.8 807.5 783.8 751.2 721.7 693.7 676.5 656 641.7 630.7 612.3 592.1 597.6 591.9 590.1 588 585.3 581 575.8 569.8 584.3 599.6 617.1 638.2 661.7 684.7 702.4 716.5 735.7 745.7 754 761.6 766.2 757.3 750.1 737.9 723.3 706 694.1 678.1 669.1 662.6 661.3 661.9 650 628.3 614.8 602 585.2 565.3 552.1 526.2 508.7 487 465 447.2 431.7 411.6 391.9 376.4 361 349.2 333.3 320.8 316.4 311.9 312.4 310.4 310.5 343.8
846.5 847.8 848.7 846.1 841.6 835.3 828.8 822.1 815.4 802.8 775.4 746 712.9 687.2 669.7 650.2 634.7 623.1 605.7 585.6 577.5 575.3 575.9 578.1 576.6 575.1 571.3 570.1 583.2 598.9 615.7 637.4 661.7 685.5 704.7 720.1 734.3 743 750.6 757.7 758.5 749.8 741.3 729.3 710.8 692 678.3 662.8 651.5 645.9 641.9 637.5 627.4 611.2 598.4 584.6 570.8 550.4 530.8 508.2 488.9 470.7 451.5 429.2 410.4 393.9 378 363.3 350.3 331 319.2 310.7 310.9 311 307.4 323.6 344.6 373
843 846.6 847.5 845.6 841.5 834.3 827.4 820.7 813.8 799.7 771.5 740.6 706.7 684 664.9 644.3 629.7 616.3 600.8 580.2 565.2 562 563 567.4 568.5 568.3 563.1 568.3 581.5 596.9 615.4 637.7 663.5 686.2 704.6 721 732.4 740.3 745.8 750.3 749.6 739.9 729.5 715.8 696.4 678.5 665.3 651.1 639.2 628.7 622.6 617.6 604.7 591.1 576.3 564.7 549.1 534 508.9 493.7 469.7 449.3 431.1 411.6 392 377.2 366.5 350.2 336.6 321.2 311.4 308.5 306.4 309.5 330.5 355.4 377.1 398.9
839.9 844.8 846.3 845 840.7 834.8 826.4 819.2 810.7 795.1 765.2 736.7 705.3 679.8 659.6 640.4 624.2 611 594 574.5 557.8 553.9 554.9 559.7 561.1 562 561 564.4 580.8 595.4 617 641.5 665.6 687.7 708.8 721 731 737.4 739.6 741.2 739.5 730.5 715.3 697.9 682.2 668.2 653.6 640.9 628.8 618.4 607.3 598.6 588.7 574.1 558.8 545.8 529.1 514.8 492.5 473 450.6 431 410.7 393.4 377.7 364.8 352.5 339.9 324.8 312.1 306 303.1 318.3 334.7 357.6 380.7 404.5 427.4
835.3 841.2 844.2 843.9 839.5 833.1 825.4 817.3 807.5 789.9 757.9 729.6 701.1 677 654.8 635.5 619.8 605.6 590.4 574.9 556.1 547.2 547.7 553.7 556.1 556.1 548.5 565.2 579.4 598.2 621.7 646.5 669.1 692.5 709.5 720.3 729.4 732.3 734.4 734.1 727.6 717.2 702.4 686.7 670.2 656.7 642.7 630.2 620.4 612.2 597.3 582.1 572.3 563.5 547.8 525.6 508 491.8 470.3 450.6 433.1 412.5 393.4 377.9 365.3 352.3 338 325.7 313.6 305.6 309.7 324.5 335.2 358.6 380 407.4 432.1 454.7
831.8 838.9 843.8 844.6 841 833.2 824.6 815.5 804.2 787.3 757.8 728.7 702.6 676.7 655.2 635.3 617.8 602.5 587.6 573.9 558 544.3 542.1 547 551.2 549.4 551.3 565.4 580.6 602.2 628.8 650.9 671.6 694.6 707.6 716.6 723.8 724.9 726.6 724.7 712.8 702.7 690.9 676.3 658.5 645.7 629.5 621.5 612.7 603.3 590 572 553.8 538.3 519.2 500.9 482.7 464.3 446.9 431.8 412.2 392.2 375.6 361.1 349.3 336 327.2 315.5 306.7 302 317.7 335.3 355.8 370.7 402.1 427.6 456.5 484.4
829.7 839.4 844.5 847.1 843.9 835.7 825.1 814.8 803.9 787.6 761.2 734.7 709.2 683 658.2 634.5 617.8 602.2 588.3 572.7 557 545.6 536.8 541.2 545.6 540.9 553 564.9 583 605.6 630.4 654.6 675.5 692.8 704.9 712.5 715.5 717.3 717.5 714.7 701.2 690.1 676 662 643.9 631.3 619.9 615.2 606.9 593.6 578.1 558.7 535.7 512.6 495.7 478 461.4 444.5 426.1 406.2 390.7 372.3 354.7 342.2 331.3 322.4 314.3 307.2 302.7 303.4 330 352.7 374.7 395.7 420.7 449.9 479.9 513.1
832.6 842.4 847.5 849.5 846.1 838.6 827.7 817 804.4 788.7 764.3 735.7 711.3 686.4 661.9 635.1 617.5 603.5 586.8 567.8 554.9 548 534.4 536.2 540.4 538.1 554.2 566.7 584.4 605.9 630.4 657.4 677.6 690.8 697.8 704.3 707.8 709.7 707.9 703.5 688.6 675.9 660.7 649.4 634.2 623.4 614.2 608.3 595.9 582.3 564.7 543.5 519 493.2 475.6 460.3 446.1 424.9 405.6 386 367.2 349.4 335.1 328.9 319.6 310.6 305.7 304.3 303 314.7 348.6 371.5 397.3 420.8 445.7 473.8 506.9 548.3
834.9 844.9 849.3 852.3 849 841.4 830.8 818.7 804 786.1 762.5 735.3 710.9 686.5 661.5 637.1 615.5 599.4 583 566 554 546 534.2 527.4 528.2 542.1 555.1 569.1 586.9 606.7 631.9 659.9 676.7 685.2 691 693.7 698.1 697.7 696 690.7 674.4 661.4 651.1 639.7 626.5 612.2 604.2 596.6 581.1 568.1 551 525.5 499.9 476.5 457.4 442.2 425 406.2 386.7 371 349.9 336.3 324.7 316.7 308.7 303.1 303.2 305.7 321.9 340.8 369.6 395.5 420.9 447 480.6 517.6 558.6 597.8
835.6 845.9 851.5 854.8 852.5 843.9 832.4 819.1 801.4 780.3 756.3 732.1 705.1 682.6 658.4 636 613.4 597.4 581.4 564.3 552 541 534.8 523.5 529 543.4 556.2 570.4 588.3 607.5 633.4 658.4 673.5 679.1 686.6 688.1 688.3 686.5 685.3 679.7 664.6 653.6 643.5 631.7 615.2 599.9 592.2 579.7 564.9 553.2 528.8 499.6 478.3 457.9 440.2 417.6 400.9 383.8 366.6 349.8 334.3 325.3 314 305.2 302.4 300.3 305.7 321.5 344.6 373.9 391.8 421.2 452 484.7 540.4 583 603.4 629.2
834.9 844.4 851.1 856 854.7 846.8 833.9 818.5 798.9 775.2 750.3 724.1 698.6 676.1 655.4 631.7 612 595.6 579.3 561.2 549.8 538.4 530.8 520.4 530.1 543.1 554.9 571.3 590.4 609.8 636.1 654.3 668.1 672.3 677.7 678.7 676 677.9 676 669.3 658.8 645.6 635.7 622.4 604.5 592.1 578.7 559.9 544.2 523.4 497.3 471.8 455.4 440.2 424.1 402.8 381 363.6 348.5 333.2 320.3 313.4 303.6 298.7 296 308.7 326.2 351.9 372.2 392.7 423.3 453 483.6 540.9 587 608.4 628.4 648.4
831.4 842.8 850.6 856 854.4 846.3 832.5 815.5 794.9 769.4 739.2 710.8 688.5 670.4 651.3 628.5 608.2 591.3 575.7 558.6 546.1 535.5 523.9 516.7 529.3 543 555.3 571.6 590.9 613.4 639.3 653.9 659 665.2 666.8 664.7 662.5 662.8 666.7 659.7 648.8 636.5 626.1 611.6 596.5 583.3 559.8 537.9 518.7 493.8 473.6 453.3 438.8 422.3 403.4 385.7 366.4 347.1 332.3 320.7 310.9 299.3 293.7 297.8 312.6 319.8 349.8 374.3 398.4 423 448 481.8 525.1 575.8 608.3 625.9 644.4 664.2
823.9 837.9 847.5 853 850.4 841.4 826.7 808.3 785.3 759.2 729.1 703.8 681.3 661.4 643.9 623.6 604.1 585.8 572.7 553.7 542.8 532.3 519 513.8 531.6 543.2 556.4 573.6 593.5 613.9 639.1 653.5 656.6 658.8 657.1 655 647.8 644.3 650.5 651 641.1 624.6 614 600.6 586.5 566 541.5 513.3 491 468.7 453.8 436.9 421.8 399.3 381.8 366 349.4 334 320.5 309.8 301.8 291.7 302.5 311 325.2 346 362.2 394.4 424 447.9 481.2 514.2 553.1 601.5 619.5 639.2 660.3 683.8
813.2 829.7 841.2 845.9 843.2 834.5 820 799.6 775.8 749.4 722.4 697.7 674.8 654.1 636.5 615.4 598 582.2 567.1 548.1 536.5 526.4 511.6 518.7 533.1 544.3 557.6 574.9 593.9 613.4 639.9 651.1 652.5 651.6 647.8 642.5 635.7 630.4 630.6 633.9 628.6 612.7 599.9 581 563 539.8 513.5 486 465.9 449 432.8 416.1 397.4 378 358.8 343 330.8 319.3 307.7 302.9 290.5 303.8 309.4 323.9 340.9 367.8 396.3 417.2 441.1 473.6 514 553.1 583.1 607.5 626.2 652.4 676.3 691.3
799.6 817.9 830.6 835.6 832 824.7 812.3 792.1 770.1 741.8 714.3 688.9 666.4 648.6 629.4 611.6 592.7 578.8 561 543 530.7 521.2 506.7 519.7 531.6 542.2 557.3 576 594.7 614.2 639.9 647.2 647.8 644.7 639.5 633.9 626.3 618.3 616 615.6 612.2 597.2 583.4 565.1 538.2 509.9 485.6 464.5 444.3 428.9 411.6 391.5 372.3 355.4 337 323.1 313.1 303.3 299.9 298.2 290.3 306.7 315.8 338 361.2 389.8 416.3 442.3 468.4 493.7 538.7 563.4 587 604.3 629 654.9 677.1 691.9
787.8 804.8 817.7 822.9 822.1 816.1 805.3 787.6 763.6 737.6 710.1 685.3 661.2 642.7 623 603.5 585.9 573.6 555.1 537.8 524.4 512.8 501.9 520.9 533 542.5 557.3 576.7 596.5 617.9 640.4 643.1 641.7 637.8 632.5 625.9 616 606.5 600.3 595.7 591.6 569.1 559.5 540.3 511.2 483.9 460.8 441.4 423.8 405.8 386 370 349.1 333.2 318.3 310 299.4 298 297.5 294.4 300.3 323 332.8 327.4 379.2 408.8 434.2 461.3 491.4 524.1 542.4 562.1 581.1 603.5 626.4 652.5 677.5 694.6
773.6 791.4 804 811 811.6 808.1 798.7 782.9 758.9 732 707.4 682 657.7 637.4 615.4 595.9 578.9 564.8 546.3 529.8 515.3 507 499.6 522.4 532.9 542.7 556.7 575 597.2 619.7 640.2 639.5 635.1 629.9 622 612.7 597.2 587.2 582.7 576.4 559.7 539.3 521.8 504.8 483.2 459.6 440.5 423.9 403.9 382.7 363.4 344.6 328.1 315.3 305 298.3 296.8 297.4 296.2 289.2 314.8 337.3 352.7 374.9 383.3 416.3 443.3 470.4 504.5 528.3 548.6 567.2 586.5 603.5 629.9 656.5 676.3 693.7
758.6 778 790.6 799.1 802.9 801.4 793.2 779.1 754.4 728.1 702.1 678.1 652.7 632.7 608.9 589 572.3 556.5 537.9 520.7 509 498.2 496.4 521.6 531.1 541.3 556.6 574.8 595.8 616.3 631.7 629.7 627.3 619.3 603.3 590.9 576 569.1 567.3 566 546.8 524.9 499.7 476.3 457.5 437.6 421.7 400.8 380.3 359.1 339.3 324.3 313.3 303.9 296.2 296.3 295.4 295.3 289.1 312.3 336 355.8 374.1 394.3 415.6 426.6 441.3 455.2 504.7 531.2 553.8 573.3 588.4 608.3 633.4 656.3 674.2 690
745.5 764 777.6 788 793 793.9 788.2 775.3 749.9 724.1 697.1 671.8 645.7 623.7 600.9 581.6 566 549.5 527.6 512.2 500.2 492.8 508.6 519.2 529.2 540.8 556.1 573.7 595.9 610.1 618.8 614.8 607.4 591.4 580.8 575.3 557.9 545.4 547.2 544.9 530.9 500 472.2 451.3 435.2 419.1 399.1 381.5 357.7 336.1 319.1 307.4 299.3 293.7 289.7 288.1 288.3 302.2 321.2 341.3 360.7 379.6 400.5 417.8 439.3 458.6 479.3 502.2 527.4 537.9 559.4 575.4 590.1 611.4 634.6 655.3 672.7 687
731.5 750.2 764.9 776.5 783 786.4 783.4 769.2 744.1 718.9 690.9 664.1 639.3 616.9 593.3 574.1 559.3 542.1 519.5 504.9 487.5 492.7 506.3 515.8 527.4 540.4 556.5 574.6 594.2 603.4 605.8 602 588.8 574 562.7 553.6 532.6 513.8 508.9 499.3 483.8 463.3 444.4 428.7 415.2 397.3 377.9 356.4 335.7 317.3 302.1 293.1 285.7 293 295.2 303.6 317.4 332.9 350.7 367.6 384.5 406.6 425.5 445.9 465.4 485.2 505 540.2 555.6 542.9 567 581 598.1 616.3 636.3 652.1 670.3 686.5
717.9 736.6 752.6 765.6 774.6 780.6 776.1 763.6 739.4 712.1 684.4 657.4 630.6 606.8 585.5 567.5 552.2 537 514.6 498.2 486 495 502.8 513.8 525.9 541.1 558.3 576.1 590.8 597.6 594.9 587.3 573.3 557.8 547.7 533.2 508 493.3 480.8 467.5 454.4 437.8 422.9 408.3 394.1 375.5 355.3 334.5 314 299.3 285.5 291.2 293.8 297.6 307.5 323.8 338.8 357.7 380 399.5 414.8 430.4 453.4 475.1 491.4 509.5 532 560.2 580.3 578.1 565.9 579.4 599.2 619.5 636.1 651.3 667.5 685.2
703.2 722.9 740.6 754.7 765.7 773 770.4 756.9 732.6 705.1 676.9 648.4 620.2 598.7 576 559.2 544.1 526.3 506.9 492.1 481.1 495.4 502.1 513.5 527.3 544.1 559.6 577.7 588.1 591.3 586.3 575.4 559 543.1 529.7 511.7 489.7 476 460.5 447.6 431.9 417.8 401.6 389.6 374.4 354.7 333.2 313.6 294.7 290.2 292.4 294.1 297.3 306 322.3 342.8 361.9 384.5 405.4 421.4 437.7 458.4 478.2 499.2 515.2 531.3 555.3 581.9 596.9 600.2 596.9 599 607.7 615.4 628 647.8 665.2 682.5
691.3 709.7 727.8 744.4 756 764.6 763.1 747.6 722.4 695.5 669.2 639.5 612.1 589.6 568.5 551.2 534.6 516.5 499 484.6 480.1 492.2 501.5 515.4 530.7 546.5 563.6 579.1 583.9 583 578.4 563.8 547.4 526.2 506.4 489.8 476.3 459.2 442.4 422.9 407 395.8 383.4 372.5 352.3 335.7 313.2 298.4 284 289.3 294.5 297.2 303.2 320.9 339.4 360.6 383.5 407.2 424.9 436.4 459.1 481.4 500.3 517.8 535.6 556.2 581.8 603.4 619 618.8 615.3 610.5 620.7 627.9 640.2 653.6 669.4 687.3
677.1 698.1 715.2 731.4 745.7 754.6 753.5 735.8 712.8 689.5 659.9 629.3 603 579.1 560.8 541.9 524.3 509 493.7 480 477.9 490.6 502.9 519 533.9 551.2 566.9 580.9 580.9 571 564.2 552 532 509.3 490.7 476.7 460.6 441.1 419.4 401.3 387.7 374.5 365.1 350.3 334.2 312.3 297 288.1 282.6 292.9 298.5 299.3 313.7 337.2 358.2 379.6 402.8 425.9 436.3 457 478.3 495.1 512.7 530.8 550.4 575 604.6 625 637.2 638.8 636.9 632.8 636.2 642.6 651.2 665.8 678.9 696.2
666.4 685.2 704 719.7 732.1 740.6 739.9 725 703.9 679.2 650.5 622.6 598.4 573.2 553.3 535.5 518 502.9 485.7 473.2 480.5 493.9 507.6 521.9 538 554.9 570.2 579.1 575 564.9 549.8 534.4 518.7 496.9 478.5 459.7 443.9 423.4 401.4 382.6 369.1 356.4 348.1 332.6 312.2 295.4 288 286.2 282.4 291.5 302.7 312.1 322.5 330.9 371.3 394.5 416.1 432.4 452.2 476.1 491.7 505.2 521.8 545 566 595.6 622.2 644.8 653.5 658.7 658.9 656.8 655.9 659.9 667.4 683 697.7 714.1
660.5 673.4 690.7 705.5 716.7 725.1 726.8 714.4 691.7 667.2 641.4 613.5 589.2 565.5 547 526.9 512 495.4 477.4 468.5 482.9 496.5 510 524.8 541.9 561.2 570.5 572.3 566.9 558.5 542.4 516.4 498.8 482.2 461.8 443.8 423.1 403 383.6 367.1 353.7 337.3 329.9 315 294.6 286.6 285.9 285.4 280.5 296.1 312.8 329.6 339.1 368.9 365.4 406.6 425.6 440.2 464 482.1 495.3 509.5 528.5 553.5 577.6 611.5 637.4 654.6 668.8 674.8 677.1 676.1 677 682.2 691.9 703.5 719.2 735.5
653.8 665.3 679 692.7 699.2 709 715.8 702.8 682.2 655.1 631.1 604.3 583.5 558.8 538.8 520.7 500.8 485.6 473.4 469.2 484.7 496.6 511.2 528.6 548 565.9 570.6 568.2 558.9 549.3 534.9 510.1 482.2 459.2 440.6 423.4 406.1 381.6 363.3 351.5 337 322.7 307.5 294.4 284.3 284.4 284.7 284.1 289.4 308 327.8 350.8 370.7 391.6 399.6 403.4 427.2 447.8 466.5 481 495.9 512.7 536.3 559.9 584.4 616.8 639.9 660.4 678.1 690.8 689.8 689.5 694.8 704.1 715.6 726.2 740.9 758.7
646.9 657.8 669 680.4 690 692.1 701.5 694.1 672.2 647.2 620.1 597.1 573.7 548.8 528.2 510.4 494 481.7 466.1 472.6 484.9 497.8 513.4 533.9 551.3 567.4 569.5 565.7 548.6 535.6 514.6 487.6 463.5 439.8 421.1 399.4 382.5 364.2 347.6 332.5 318.7 307 297.1 287.8 283.7 283.5 282.5 286.8 310.9 329.5 351.5 373.5 395.3 416.3 423.9 427.3 413.5 440.8 463.4 479.7 497.3 514.5 538.7 559.2 584.1 614.7 639.8 668.1 688 700.1 697.7 700.8 708.5 718.4 735.1 749.2 763.6 783.7
637.5 648.3 658.6 666.3 675.8 681.1 686.9 684.2 661.6 635.7 609.4 587 563.5 537.8 519.3 501.5 487.8 474.4 458 473.1 485 496.8 514.3 537.6 553.9 566.6 562 550.3 529.1 519.8 493.8 464.8 440.4 418.6 398.8 378.7 361 344.7 330.9 315.8 303.3 294.7 287.2 283.4 282.4 280.5 289.2 308.2 329.8 351.8 375.3 399.6 425.7 435 437.5 448.1 441.8 426.7 459.1 477.6 496.5 514.6 533.5 556.3 580.8 609.1 634.1 668.1 688 704.6 702.9 707 713 726.2 748.5 768.6 784.3 802.1
627.3 638.7 646.4 652.2 651.4 669.3 671.9 670.2 649.1 622.1 600.8 576.6 552.9 532.2 511.6 497.3 486.3 469.5 454 472.7 483.3 496.5 515.6 538.8 551.8 561.5 552.7 532.2 510.3 499.6 470.8 443.7 418.9 397.3 376.8 357.9 339.7 324.6 312.5 304.5 294.2 286.7 283.2 279.4 284.9 291.9 312.1 330.5 351.6 376.1 400.8 427.6 446.3 456.6 458.3 464.3 467.5 463.2 457.2 455.9 489 510.3 531.1 553.2 577.6 604.2 629.9 660.5 684.3 699.8 707.2 708.1 713.3 730.1 760.8 782.1 799 818.5
617.7 627.2 635.3 635.8 633.8 655.7 656.4 651.7 635.3 611.2 588.9 564.8 541.9 522.7 505.1 493.4 484.7 465.3 454.4 472.6 484 499.4 522.3 536.7 547.4 550.3 539.4 512 489.9 467.9 446.6 421.9 397.4 375.8 356.3 339.5 323.6 311.6 302.9 293.7 284.8 282.3 283 288.4 292.8 312.3 333.7 352.8 376.1 401.4 427 450.3 469.4 474.4 481.9 485.2 490.1 490.4 487.8 483.3 466.1 498.5 526.4 550 573.3 599.2 623.9 655.5 677.7 694.4 705.9 708.3 712.6 732.8 765.5 788.1 807.2 829.9
