public/OST50/NO04.asc
ncols 200
nrows 200
xllcorner 300000
yllcorner 740000
cellsize 50
[rows 140 to 174 of 200, columns 80 to 159 of 200]
116 122.5 128.3 135.1 142.1 146.6 151.7 156.1 158.1 162.1 165.3 167.6 169 170 171.8 173 173.8 173.7 175.2 176.7 178.3 180.3 181.5 184.1 187.3 190.4 192.5 194.6 197.3 201.6 206.7 209.4 207.3 207.4 207 206.4 206.9 206.3 205.3 203.9 202 199.4 197.6 196.4 194.5 193.1 192.6 188.6 185.8 182.5 180.3 174 169.6 165.8 163.8 162.7 161.4 160.7 159.9 160.1 160.2 161.3 161.2 161.1 159.8 156.1 154.4 151.9 145.7 139.1 140.2 139 136.5 136 133.8 133.2 133 133.7 133.1 130
122.7 129.5 136.2 143.9 149.9 155 159.9 164.4 167.7 170.2 174.6 176.9 178.8 181.2 183.6 185.1 185.5 185.6 186.2 188.6 188.5 192.7 193.4 196.4 198.8 204 205 206.7 210.5 214.2 218 220.9 221.1 219.7 217.9 215.7 214.2 212.6 211.3 210.1 208.1 206.1 203.2 202.2 200 199 197.9 195.4 191.6 188.1 183.5 175 168.4 164.4 163.7 164.6 163.9 164.1 162.2 165 165.7 166.1 165.2 165.9 161.7 158.9 156.2 153 148.5 143 138.1 133.7 131.3 129.8 128 128.7 131.6 130.9 131.2 129.7
127.4 134.4 142.5 150.1 156.4 162.2 167.2 171.5 175.6 179.1 183.9 189 190.9 190.7 195.5 198.7 201 203.2 203 203.1 203.5 205.5 205.9 209.5 211.4 214.8 216.4 218 219.9 221.9 223.9 226.6 228 227.6 226.1 224.7 222 219.4 218.7 216.3 213.1 209 206.9 205.5 204.3 203.6 203.1 202.2 198 193 185.1 173.5 164.4 163.4 163.3 165.5 170.1 174.5 174.3 173.5 174.6 176.4 175.2 170.6 167.1 163.1 158.8 155.5 152.3 150.1 145.5 141.5 138.6 136.1 132.6 125.9 125.3 127.8 127.4 127
135.5 141.2 148.8 155.7 163.3 168.4 174.1 180.3 185.5 190.5 193.1 200.3 203.2 205.2 208.6 212.7 215.3 215.3 215.4 214.8 215.7 217.9 218.8 221.5 222.5 223.4 224.2 224.6 225.7 227 228.5 230.2 231.6 232.1 232.2 231.2 228.9 226.7 224.2 220.8 217 211.6 206.7 204.4 202.3 201.3 200.1 200.3 198.5 194 183.6 172.3 163.3 163.4 162.8 168.2 175.6 181.6 183.1 183.2 182.8 182 180.7 178.8 175.5 170.5 164.3 159.6 155.1 152.3 150.1 145.7 141 139.1 135.9 131.1 123.3 123.6 125.4 124.5
145.1 152.3 158.5 163.2 170 176.5 183 190.1 196.2 200.7 205.1 208.5 212.6 216 220.3 222.8 223.4 224 224.3 225.3 227.5 229.7 230.2 230.8 230.8 230.5 230.4 231 230.9 232.3 233.7 235.2 237.3 239.9 239.9 240.6 238.5 234.6 230.9 225.9 219.7 213.5 207.4 202.4 196.8 194.7 193.1 191.1 187.6 182.5 175 165.3 163.4 163.4 166.5 173.1 179.3 184.1 187 187.5 186.8 185.3 183.5 182 178.6 173.9 170.3 166.1 158.6 154 149.6 145.6 141.4 138.6 134.6 132.4 127.7 120.5 120.5 123
154.1 160.4 166.7 172.1 177.4 183.8 192.6 200.9 205.4 210.7 213.1 216.4 221.5 226.8 232.2 236.4 238.8 236.1 236.2 237.4 239.8 241 242.1 239.7 237.8 237.2 236.9 236.2 237.1 238.4 239.7 241 243.6 249 252.5 254.7 252.5 246.1 237.7 230.6 224.3 215.6 207 200.1 195.3 192.7 191 186.6 176.3 168.8 162.5 163.4 163.4 163.5 173.3 178.4 183.4 186.8 189.1 189.6 189.1 187.1 185.1 182.9 180.2 177.6 174 171.9 163.9 157.7 153.7 150.9 148.3 143.8 139.8 135.6 131 125 119.5 115.8
158.2 165.5 173.7 179.3 184.6 192.4 200.8 209.6 215.9 219.6 221.2 224 228.3 234.7 243.7 246 245.4 245.3 246 246.9 250.3 249.8 248.7 246.7 244 243.7 244.3 244.1 243.7 243.6 244.4 246.3 249.2 254.4 256.6 257.1 256.2 251.4 242.1 232.5 223.4 215.1 207 198.8 192.5 190.8 193.6 181.4 170.4 163.4 163.4 163.4 163.3 174.7 180.3 183.7 187 189.5 190.5 190.5 189.2 187.4 185.2 183 181.7 179.5 176.6 172.7 166.9 161.6 157.9 157 154.6 150.5 145.3 141 136.7 131.9 126.7 119
160.6 168.8 177.5 185.4 190.8 198.4 205.9 213.2 221 223.9 226.8 229.6 232.5 237.7 248.9 249.1 248.5 246.9 247.4 247.7 249.3 251.4 251 250.2 248.5 246 248.2 250.1 249.1 248.9 248.2 249.1 254 256 255.9 254.7 250 245.1 240.4 232.5 223.2 214.9 206.3 198.9 189.6 183.4 177.2 175.1 167.5 164 163.6 164.7 174.3 183.5 184.8 187.5 189.4 191 190.8 190 188.6 186.7 184.1 183.4 183.1 179.5 176.1 172.2 167.9 164.3 160.4 157.2 156.1 154.5 149 145 140.2 135.1 130.2 125
160 171.1 179.5 186.9 193.8 202.1 208.5 214 220.5 226.6 229.7 232.7 235 237 240.3 241.9 242.3 242.8 243.1 245.5 249.2 254.9 249.1 247 244.5 243.4 243 244.2 247.8 252.6 251.5 250.7 259 254.7 246.7 242.8 244.6 241.3 234.8 228.1 221.9 214.3 207.7 199.7 189.5 180.9 175.9 168.4 164.8 164.7 164.6 171.9 181.1 185.1 187.5 189.4 190.1 190.4 190 189.5 188 184.4 182.6 181.3 181.1 178.5 174.8 170.8 168.2 165 161.8 158.9 155.6 149.2 145.2 142 141.3 136.8 132.1 127.6
160.8 170.1 180 187.8 195.3 202.7 208.5 215.1 222.2 227.4 232.7 235.6 238.2 240.4 241.9 244 246.2 247.1 248.4 249.4 248.8 248.6 247.5 246.8 246.2 246.4 249.2 243.3 244 244.3 241.2 241.5 242.6 248 244.2 241.7 245.4 240.5 228.8 221.7 215 207.5 201.8 195.8 188.7 181.5 176.1 167 165.4 167.3 171.4 179.8 186.5 190.3 190.7 189.5 188.8 187.1 187.3 187.1 185.5 182.5 181.6 179.2 176.4 175.4 172.7 169.7 165.8 162.9 158 154.1 152.3 148.5 145.5 140 135.5 133.9 131.7 127.4
165 173.8 181.7 188.1 194.6 201.7 209.6 217 222.2 228.9 236.6 241 244 245.8 247.1 249.3 251.7 255.7 266.7 269.8 266.7 260 254.3 256.5 258.3 256.7 266.2 259.9 251.4 244.2 246.1 249.5 246 238.5 233.3 229.4 227.4 222.4 221.3 216.1 209.5 205.5 196.6 190.5 184.5 176.4 170.5 166.9 169.2 174.9 183.5 191.8 192.4 193.5 192.7 191.4 190 187.8 184.1 183.5 182.1 180.3 177.2 176.1 175.1 174.1 170.6 169.8 168.1 167.3 164.4 161.8 155.7 148.9 144.5 142.3 139.2 135.9 131.5 126.7
166.8 173.7 181 187.3 194 201.8 210.3 219.2 227.1 232.7 239.8 245.8 250.1 255 258.4 259.4 259.1 279.4 287.6 287.7 281.7 271.8 269.3 275 272.3 277.9 274.4 260.7 254.1 254.3 258.3 264.5 260.1 248.4 236.6 234.7 229.4 223.5 225.6 219 217.6 200.3 190.9 185.9 178.6 172.1 169.6 168.8 174.7 182.1 191 199.4 199.3 197.7 195.2 193.4 192.4 189.9 186.9 184 181.6 180.7 180.8 180.9 180.6 179.6 178.7 176.6 175.7 175 174 170.9 164.2 158.4 152.4 148.3 146.6 144.5 141.2 133.2
160.4 170.2 174.5 186.4 194.3 203.3 211.6 219.9 229.2 233.8 241 247.7 253.9 261.3 265.9 268.4 274 282.2 287.5 287.4 282.1 280 285.3 279.9 290.7 285 267 264.7 264.7 263.3 266.3 265.8 259.4 248.1 243.2 234.8 229.4 220.3 222.2 224.6 216.2 204.9 187 178 173.3 171.8 171.1 174.1 179.8 184.9 196 203.6 204.5 203.6 200 197.2 194.8 191.6 190.2 188.1 187.2 186.2 185.9 185.8 185.5 184.8 183.7 182.6 182.8 182.5 181.4 179.3 174.6 171.2 165.8 162.1 157.2 150.3 146.5 142.5
155.6 169.7 179.1 187.4 198.3 211.1 221.7 226.7 232.4 238.5 247.1 250.5 257 265.8 271.3 276.8 285 295.3 298.1 288.4 285.1 295.7 291.2 285.4 290.6 276 270.8 272.1 276.9 276.5 276.9 267.6 255.9 247.7 240.5 232.9 223.5 219.6 217.7 216.4 214 200.1 183.2 176.7 173.5 173.3 176.2 179.4 184 189.2 199.7 207.3 208.8 207.6 204.7 201.9 198.7 195.4 193.8 192.6 192.1 191.8 191 190.6 190.2 188.9 188.3 186.9 187.1 186.9 185.7 183.6 180.9 178.2 173.4 169.7 165.8 160.2 154.3 150
147.8 164.4 177.1 190 206 220.2 230.6 236.7 242 252.3 253.8 256 260 265.4 272.3 279.2 295.5 303.1 296.2 292.6 304 304.4 291.7 284.2 278.5 275.4 274.3 276.7 277.3 275.9 271.9 265.5 249.1 241.5 235.9 228 217.3 210.2 203.4 199.6 194.2 185.9 180.2 176.8 175.6 176 180.5 188.7 192.6 196.4 204.3 209.7 209 207.9 206.3 204.8 202.4 200.1 198.2 196.6 195.7 196.4 197 196.8 195.7 194.5 193.1 191.3 189.3 187.7 186.2 184 182 180.7 178.1 174.4 170.1 165.5 161.2 155.9
138.9 159.9 177.3 193.8 210.5 223.2 234.1 241.1 247.8 259.1 261.2 268.1 265.6 267.9 271 280.7 289.7 292.4 294.6 306.1 308.2 298.3 289.5 288.9 283.6 280.5 277.4 280.4 274.9 266.6 263.8 251.8 242.6 240.3 232.6 221.9 211.7 204.9 197 185.2 174.4 173 177 179.1 179.1 177.7 179.9 190.9 202.6 202.3 203.4 204.4 204.9 204.6 205 205.7 204.8 203.7 202 200.4 199.5 199.7 202 202.6 202.1 200.7 198 194.4 190.8 186.4 184.2 182.5 180.4 178.6 176.7 175.7 172.2 168.8 164.6 160.7
128.6 153 174.8 196.1 210.2 223.9 236.3 241.7 260.4 261.8 261.8 266.9 268.9 270.2 275.7 279.2 288.1 293 302 309.2 307.2 299 299.2 293.4 293 283 282.1 279.9 268 260.8 248.4 237.1 232.5 231.3 222.3 212.8 206.5 200.3 190.8 175.2 169 170.9 176.2 178 180.5 178 177.2 182 195.4 199.3 199.9 196 197.3 199.1 201.2 204 205.1 205.3 204.3 202.7 201.6 201.3 202.8 205.3 204.9 203.7 199.6 195.3 191.8 187.6 185.2 182.5 179.5 176.9 174.7 172.9 171.2 168.9 165 160.4
124.7 147.7 171.6 188.5 205.9 220.3 234.1 242.4 249.5 256.8 261.4 268 267.5 270 276.6 284.2 286 293.5 302.6 302.7 303.8 302.9 308.7 309 296.2 284.3 285 270.1 262.2 247.7 238.9 225.5 220.5 217.9 210.7 205.8 199.3 194.2 180.7 170.6 166.9 168.6 170.9 170.5 171.1 166.5 167.2 165 170.5 182.8 185.6 185.8 188.5 192.9 198.4 202.6 204.4 204.4 203.8 203.2 202.3 201.8 202 202.4 202.3 201.5 199.2 195.2 190.7 188.9 187.5 186 183.4 179.4 174.6 170 167.3 165.4 162.5 158.2
120.4 140.4 164.4 183.7 199.6 213 226.9 239.1 246.4 257.4 272.8 272.8 268.3 270 274.7 281.8 285.7 289.4 293.2 297.6 303.5 304.7 304.3 304.4 292.3 285.9 275.2 256.8 252.7 244.4 234.4 217.4 212.9 213.5 201.2 189.7 182.3 177.3 168 167.9 166.3 167.1 167.1 165.9 165.1 166.6 156.2 157.8 160.1 170.7 178.5 183.3 188.5 194.3 196 199.6 202.3 202.8 202.9 202.5 202 201.2 200.3 199.5 198.5 196.5 194.7 192.2 189.8 188 187.3 186 183.9 180 175.4 170.3 165 160.4 157.6 153.6
111.3 132.6 155 175.4 192.5 208.1 220.1 234.8 246.8 259.9 267.6 269.2 267.9 270 273.4 277.7 280.5 284.5 289.8 294.4 297 301.3 298.6 293.1 283 275.4 265.8 258.6 254 232.8 214.5 212.7 207.8 202 194.7 177.9 168.5 161.8 163.9 168.9 168.8 166.4 164.6 163.6 157.5 159.4 155.2 147.3 153.1 160.2 170.4 187.7 190.2 188 190.8 193.6 197.1 199.8 201.4 201.6 201.1 199.3 197.7 196.1 194.2 192 190.4 188.8 186.4 185 184.9 184.1 181.5 176.5 171.4 168.6 165.8 161 155.5 149.7
101.1 125.1 146.3 168.7 185.1 199.9 214.9 228.6 240.2 249.5 254.7 264.3 269.4 272.2 273.8 278.5 281.3 285.5 295.1 298.4 300 305.1 302.3 303 289.5 271.6 265.3 259 246.4 221.1 211.2 209.3 208.2 196.3 193 176.4 164.3 160.7 161.2 169.9 168.9 167.3 164.9 162.6 156.2 158.7 153.2 143.2 150.3 157.9 172.5 182.5 183.2 183.5 184.4 186.6 190.8 195.1 197.9 199.3 198.9 197.6 195.6 193.6 191.7 188.8 186.3 185 182.5 181.1 180.3 180 178.4 172.8 167.6 164.2 161.8 159.6 157 152.1
89.7 113.8 135.6 156.3 171.5 187 203.2 221.6 233.3 243.4 255.1 268.7 275 276.5 282.4 286.5 287.1 291.1 301.5 304.7 310.9 307.8 304.9 303.1 286.4 271.3 264 250.5 224.4 213.8 209.6 204.8 206 202 178.5 164.8 160.3 157.5 158.4 171.6 175.7 170.2 167.6 163.8 155.3 148.2 147 141.6 145.9 155.1 173.6 179.8 181.7 180.7 178.7 180.7 184 189 192.9 195 196.1 195.6 193.7 192 189.7 187.2 184.8 182.1 179.8 178.6 176.8 175.6 173.6 170.1 164.6 159.6 157.1 155.1 153.9 155.2
82.5 96 125.1 144.8 152.1 167.7 186 209.2 230 245.1 258.3 266.6 275.4 282.3 285.2 290.2 299.4 296.4 302 311.3 313.1 305.2 297.8 287.8 276.3 267 258.7 232.9 211.8 206.2 206.7 210.1 191.1 183.6 172.4 161.9 157.9 156.5 156.5 168.6 174.5 169.5 166.3 163.3 157.2 147.5 140.1 139.1 142.1 150.2 165.1 174 175.3 173.4 172.2 176.7 181.5 184.8 187.3 189.6 190.9 191.2 191.5 190.4 187.1 185 183 180.8 178.7 176.9 175.2 172.6 169.3 166.4 162.1 158.5 156.5 155.4 158 160.7
75.4 80.7 105.7 130 134.2 144.9 171.3 196.2 219 242.8 257.5 263.9 273 281.5 287.4 294.9 300.4 303.5 299.3 306.4 302 304.5 302.6 280.7 265.2 258.3 242.1 223.2 204 196.9 200.3 195.1 183.3 166 158 156.9 156.5 156.5 156.7 169 170.5 167.1 167.7 164.4 153.2 145.7 139.1 139.1 139.1 145 153.6 161.6 164.9 168.1 169.7 174 179.6 182.1 183.4 185 185.3 185.1 184.9 184.6 183.4 181.9 180.8 179.9 177.8 175.9 174.5 172.4 168.5 165.2 162.8 159.9 158.2 162.1 164.8 167.1
68.9 75.6 80.3 95.6 107.8 135.2 158.4 183 212.2 233.4 247.3 257.8 269.5 282.1 289.4 296 301.8 309.4 304 291.7 292.9 293.8 288.9 271 254.7 239.3 222.4 211.1 203.9 193.8 178.1 172.6 161.8 154.5 153.7 155.5 158.8 161.2 160.8 170.5 171.1 166.3 169 167.8 149.6 147.7 140.6 139.1 139.1 144.6 153 163.2 169.9 180.3 180.5 176.8 180.1 180.7 181.6 184.1 182.5 178.9 177.4 176.8 177.6 177.8 177.2 176.5 176.1 175.2 173.6 172.1 169.7 167 167.1 166.9 160.1 163.6 166.8 165.7
45.8 71.8 75.6 79.9 94.8 119.6 144.3 170.2 197.6 222.3 238.8 253.6 263.2 276.5 289.7 292.1 299.3 303.5 304.1 285.9 284.7 275.7 262.9 254.5 240.7 224.2 218.2 209.3 200.3 196.7 176.5 157.5 150 147.7 151.3 158 166.6 184.3 163.6 166.4 168.6 165.2 166.9 162.7 145.4 152 142.5 139.1 139.1 143.3 153.7 166.1 178.1 187.7 186.2 182.1 181.2 178.1 176.5 177.7 177.9 173.9 171.9 172 171.8 172.5 173.1 173 173.5 173 172 170.4 168.9 167.5 166.7 165.9 163.4 157.5 161.5 161.3
41.5 46.3 63 73 87 106.3 130.9 157 181 204.9 226 240.3 252.7 263.6 272.5 279.6 286.1 285.2 280.1 274.8 265.8 256.1 249.7 241.3 232.5 221.1 209.3 204.1 198.8 181.1 169.5 152.2 148.3 146.6 152.7 164.3 180.6 179.2 170 167.9 161.8 163.4 164 149.3 140.3 138.8 140.7 139.1 139.1 143.7 154.5 173.6 189.6 193.3 190 183.5 180.3 178.2 176.9 173.9 171.2 169.3 167.8 168.7 167.8 167 169.2 170.4 170.9 170.9 170.1 168.8 167.7 165.2 164 161.7 158.8 154.6 155 155.5
41.5 41.5 52.5 66.1 74.1 93 115.1 141.3 164.6 186 209.9 228.5 244.6 259.8 268.3 272.6 274.4 271.8 270.8 266.5 259.1 255 243.6 236.8 228 219.6 202.6 187.6 176.7 168.6 154 145.9 139.5 146.6 154.9 172 183.2 185.1 175.1 169.4 163.6 162.4 157.9 144.4 132.2 125.8 140.2 141.8 139.1 146.5 165.9 188.5 194.2 194.2 189.5 183.9 182.3 180 176.3 173 169.8 166.6 164.1 163.8 163.8 163.6 164.9 167.3 169.1 169.7 170.1 170.5 169.8 163.2 160.8 156.5 154.2 152.9 151.1 155.6
46.8 41.5 41.5 57.8 71 83.7 105 131.4 153.3 172.3 193.9 216.3 239.8 257.9 272.3 277.2 276.6 271.4 272.2 267.3 262 252.8 248.2 237.9 226.8 213.8 194.4 178 165.3 158.2 144.6 135.9 139.6 149.9 156.4 176.2 181.8 180.7 171 162.5 160.1 157.9 149.4 138.8 127.1 121.9 125.7 129.2 140 157.4 183.6 190.4 187.3 186 182.4 180.4 179.2 177.9 173.9 170 166.8 164.3 162.4 161.5 162.1 162.8 163.1 163.4 165.3 168.1 169.4 171.6 171.7 167.3 161.6 158 156.5 155.8 149.3 145.9
48.7 45.6 41.5 43.4 67.3 77.8 95.5 116.7 136.3 161.4 187.4 218.5 241 248.6 266.2 266.9 261.5 265.6 268.6 263.9 258.9 254.7 246 235.2 221.5 210.5 185.4 168.4 156.7 145.7 138 127.6 138.7 155.6 155.9 165.8 176.9 176.4 166.8 158.6 154.6 153.7 142.9 129.7 122.6 122.6 129.6 139.3 166.2 177.4 176.5 179.2 176 174.7 173.3 172.5 171.8 171 169.4 166.3 163.4 162 162.3 164.1 164.7 164 165.5 163.3 162.6 163.1 162.4 161.5 161.5 160.3 159.2 161.3 165 166.7 159.2 135.7
48.8 47.2 41.5 41.5 64.9 77.3 89.8 107.1 128.7 151.5 183.8 197.2 220.8 237.1 238.6 245.5 252.2 257.7 260.8 260.9 256.1 246.4 236.4 224.4 217.6 196.4 176.1 165.3 154.3 146.9 136.1 126.8 127.9 143.2 159 155.5 160.4 165.6 158.4 152.1 149.6 145.7 132.6 124.7 121 128.3 133.9 148.1 170.1 168.2 171.2 168.1 167.6 168.1 165.7 164.9 164.6 165.3 163.9 161.4 159.8 160.7 163.2 168.9 168.9 167.1 176.7 168.4 165.1 163.1 158.8 156.4 156.9 158.5 160.6 167.2 164.3 169.1 168.1 140.4
48.8 46.9 45.6 41.5 54.2 75.3 78 93.7 117.4 141.8 157.6 180.7 198.9 212.4 227.4 238.1 248.2 254.1 257.5 257.1 254.2 239.1 224.2 197 191 177.3 165.5 161.7 154.2 147.3 143 132.8 122.1 132.1 140.6 141.4 148.1 144.9 142.2 141.2 140.8 138.8 130.1 117.3 126.9 142.6 139.5 143.7 149.1 157.9 166.2 163.4 166.2 165.1 161.3 160.7 161.3 162 160.4 159.2 159.1 161.9 165.7 168.4 167.4 166.8 165.5 166.3 165.7 161.5 157.9 153.7 155.3 166.3 158.7 159 150.8 147.5 148.1 142.5
48.6 47.1 46.2 41.5 45.5 71.4 73.1 79.3 102.5 114.7 143.2 164 185.4 201.5 221.7 238.5 241.9 260.9 252.3 243 239.9 231.1 211.1 181.4 167.3 158.6 157.2 157.3 153 147.9 146.8 136.8 123.4 120.8 127.1 130.5 132.5 137.6 130.5 127.5 128.5 129.3 126 115.2 118.5 126.2 130.5 134.5 137.2 142.9 152.2 152.7 154.5 157.7 157.2 156.2 157.4 156.2 158.3 160.4 164.5 166.5 174.5 175.2 171.4 167.5 160.8 160.3 161.9 157.5 156.7 150.8 160 164.2 152.9 143.9 137.5 133.9 131.5 129.9
48.5 46.9 46.3 41.5 41.5 66.2 70.6 72.1 85.7 107.6 120.7 148.2 173.5 190.8 214.6 230.4 228.4 236.5 229.8 223.2 226.5 211.8 189.6 165.4 152.6 150.4 148.4 150 151.4 145.6 141.1 135.2 128.1 117.4 114.2 117.8 121.2 124.8 122.9 119.4 119.7 121.8 120.6 116.6 112.1 115.4 122.5 127.6 130.5 133.3 137.9 140.5 143.1 148.9 149.4 148.5 149.7 152.8 163.3 162 163 170.9 176.9 177.3 174.5 166.9 162 169.8 171.7 159.6 152.1 147.1 148.8 146.2 142.9 137.1 130.6 126.3 121 115.8
48.2 46.6 46.3 41.5 41.5 47.9 57.8 68.6 74.3 91.8 90.6 135.2 161.3 183.2 199.1 203.2 210 207.1 206.7 200.7 192.8 183.7 163 146.5 141.5 141 140.4 140.3 144.4 140.3 134.3 127.7 121.3 114.8 111.6 108.7 107.9 110.6 109 108.8 107.7 113.6 114.5 108.1 107.4 117 123.6 130 130 131.2 133.4 133.3 135 136.2 138.7 140.9 142.2 149.1 159.7 160.2 160.2 163.4 174.9 174.7 168.4 165.1 167 172.7 165.7 160.5 159.4 152.4 146 150.5 146.7 137.6 125.8 119.1 115 110.2
