public/OST50/NO04.asc
ncols 200
nrows 200
xllcorner 300000
yllcorner 740000
cellsize 50
[rows 70 to 104 of 200, columns 80 to 159 of 200]
400.5 400.2 391.3 369.9 369 361 346.3 332.1 309.5 290 271.3 268.9 267.2 244.7 227.6 216 209.4 208.5 208.3 209.4 210 209.4 209.5 208.1 205.5 207.2 210.6 212 210 205.2 199.8 200.2 209.1 216.5 220.9 216.5 210 214.3 221.6 221.2 218.6 206.7 199.1 191.1 180.2 160.1 142 170.2 185.3 199.3 207.6 213.6 220.9 227.1 232.1 236.2 238.9 240 243.3 241.3 240.8 240.8 241 240.5 241.7 243.1 242.8 242.4 237.9 228 228.5 225.9 219.6 219.5 212.9 204.7 200.9 200.5 196.9 192.3
399.1 401.6 392.9 367.8 374.7 369.1 358.7 326.1 303.1 284.3 263.4 260 259.8 255.3 229 214.8 208.6 203.5 204.4 205.7 205.3 204.4 206.4 206.1 201.2 202.5 208.8 205.8 203.3 199.3 196 194.6 205.1 206.3 201.9 203.9 208.3 211.9 214.1 212.8 210.4 204.8 192.5 182.7 173.6 149.4 150.4 169.1 183.4 193.5 203.5 210.6 216.9 224 229 233.6 236.5 238 234.8 234.5 235 234.4 232.2 230.8 228.4 228.7 230.5 234.6 225.2 215.5 215 207.7 201.8 196.5 189.6 180.2 182.2 178.6 178.4 173.3
391.8 400.9 388.8 373.1 369.9 368.8 364.9 333 305 272.6 259.2 255.2 250 243.6 227 216.8 207.9 200.8 198.9 200.2 200.9 202.1 205.1 205.1 201.8 195.1 196.9 197.5 195.2 194.1 191.5 187.6 186.8 190.2 197.4 202.5 205.6 204.5 209.5 203.8 202.8 192.9 186.3 176.5 165.2 142.9 141.2 157.6 171.4 183.1 197.4 205.9 211.8 218.8 224.7 229 232.1 232.7 232 231 229.2 229 225.7 222.5 219.5 217.4 213.2 211.8 205.7 200.5 198.4 189.1 184 173.7 164.3 167.1 164 160.2 157.4 158
378.2 389.4 388.3 376.3 367 370.6 356.1 342.9 300.6 271.5 256.4 248.9 245.8 232.4 220.7 212.2 203.7 198 193.9 198.2 198.7 198.4 198.7 198.2 198.5 195.3 188.6 187.5 186.9 185 184.2 182.8 187.2 196.1 203.6 203.8 200 199.3 197 200.7 195.3 184.1 175.6 168.2 162.1 149.3 133.1 135.1 158.7 174.6 188.2 199.3 205.7 210.1 216.4 220.6 223.5 225.9 226.8 227 226.6 222.1 218 216.3 211.6 208.3 203.3 196.2 191 184.2 176.3 173.3 164.2 161.1 156.2 154 154.3 156.7 156.8 151.3
380.7 383.5 385.3 375.7 363.8 366.4 355.7 342 318.9 272.3 253.1 244.9 235.3 223.7 211.8 203.4 198.1 192.1 187.5 192 193.3 193.8 192.3 192.1 192.1 190 187.4 182.5 181.3 180.4 181 185.4 190.6 194.1 196.1 196.5 195.9 195.5 194.3 190.7 186.3 177.8 167.8 162.2 154.2 154.5 137 129.3 149.2 166.7 180.5 191.3 197.7 201.1 208 212.2 214.5 216.4 218.2 219.7 222.3 219 212.5 202.7 196.1 187.6 180 176.5 170.8 162.2 156.9 149.5 145.3 143.1 151.3 154.3 156 158.6 157.8 157.6
388.1 376.1 374.4 363.5 353.4 361 355.9 359.2 345.5 291 244.6 235.4 224.9 212.8 206.6 200.3 194.4 190.6 186.4 182.1 183.4 183.3 182.2 182.3 183 183.1 181.6 180.1 180.8 184.4 186 184.6 187.2 190.9 190.5 191.1 191.1 190.8 190.4 191 181 171 162.9 154.9 150.6 147.7 134.5 123.2 146.3 160.7 173.2 180.9 187.4 192.4 198.3 201.3 205.6 207.7 211.1 213.2 204.8 195.4 185.7 176.4 171.5 162.6 156.9 153.6 146.8 140.8 140.2 137.7 135.4 133.1 132.6 135.6 138.1 140.5 140.1 141.1
374.6 380.1 357.3 348.1 343 352.3 364 354.8 346.3 301.2 244.3 223.5 214.5 210.1 205.3 200.2 193.7 189.8 185.8 182.5 177 175.6 173.9 173.4 175.2 175.9 176.4 179.6 181.7 183.6 187.3 184.6 186.9 186.3 187 187.9 187.1 185.9 184.6 186.4 171.7 164.9 161.3 150.7 146.5 135.2 125.9 125.8 146.7 158.3 165.7 171 176.1 182.6 186.9 190.6 194.8 198.5 202.8 198 181.3 170.8 163 150.8 143.4 141.5 141.2 142.7 145.9 148.9 149.6 150.3 146.3 143.2 139.2 131.2 129.1 128.1 126.6 125.6
352.9 361.9 356.7 337.6 334.9 334.5 361.7 360.6 318.1 277.3 244.5 225.5 216.8 207.8 202 197.3 192.7 189.3 187.1 184 184.1 182.3 177.5 172 170.6 170.7 171.3 176.9 178.9 181 182 183.4 183.2 183.7 188.8 185.6 182.4 182.6 177.7 173 163.4 161.1 157.3 150 146.1 130.5 123.3 125.1 142.7 152.6 157.7 161.2 166.2 168.6 172.6 178 182.1 185.7 185 177.4 164.5 150.4 141.2 133.6 134 137.3 138.9 141.8 144 145.3 144.1 142.9 141.4 141.2 139.8 137.2 137.7 138.4 134.6 128
359 349.6 351.5 341.4 324.7 320.3 336 334 317.1 290.6 248.9 224.1 218.7 211.5 203.1 195.5 190.8 187.9 187 186.1 185.2 183.7 179.5 176 170.8 169.1 169.4 169.4 173.7 175.2 174.5 175.3 180 183.2 184.7 189.1 183.5 182 173.7 166 157.1 153 151.6 147.4 140.3 128.9 122.3 116.9 136.5 145.5 148.6 154 156.1 159.1 161.8 165.8 167.1 160.1 155.2 148.3 139.2 132.4 124.2 119.8 120.9 123.7 124.8 125 124.8 130.4 130.1 129.5 131.4 133.1 133 129.6 129.3 131.3 131.7 134.4
363.2 336.3 340.3 343.3 327.2 298.7 307.7 317 303 272.4 244.1 219.4 213.6 207.8 202.2 196.2 189.9 186 186.3 185.8 185.6 184.6 182.2 183.1 179.7 173.9 169.4 169.4 170 170.9 172.4 177.3 177.3 179.8 185.8 188 187.2 184.8 173.1 162.7 155.5 152.7 148.1 142.9 136 125.9 119.7 114.5 132.3 140 142.1 144.5 146.2 148.8 150.6 152.3 148.4 144.5 139.6 133 125.8 118.1 116.4 115.8 115.5 115.3 117.5 118 118.8 116.9 117.8 115 115 117.6 118.3 119 119.6 124.8 126.9 129.3
366.6 352.7 317.5 311.1 296.5 287.2 286.4 293.5 289.5 268 234 214.7 206.5 201.5 196.9 192.6 188.5 185.6 183.3 183.6 184.3 185 185.4 182 179.6 175.9 169.5 169.4 169.3 168.4 169.9 174.6 178.1 180.2 186.5 187 183.6 185.9 168.5 159.8 155.6 149 140.3 133.2 132.9 121.1 118.3 114.9 128.1 132.6 133.7 136.7 139.7 138.7 138.1 137 132 127.5 125.7 120.6 115.5 111.4 110.5 111.5 111.4 112 113.2 111.4 109.2 108.4 108.6 112.4 113.6 115.6 110.3 108.5 107.1 113 116.5 116.9
356.7 341.5 316.6 291.8 274.2 265.8 268.1 274.3 274.1 255.6 230.7 212.7 204.7 199 193.5 189.5 185.9 183.9 181.9 180.8 181.6 182.6 182.9 180 176 174.3 170.3 164.6 168.1 167.7 170.7 176 179.1 186.6 187.6 185 176.3 166.2 155 151.2 146.7 141.7 136.7 129 124.8 120.4 116.4 108.9 121.3 123.2 127.2 129.9 132.1 127.6 121 121 119.5 114.9 112.3 109 106 107 109.3 108.2 103.7 102.5 103.7 105.8 105.5 107.9 105.6 103.1 105 107.7 107.3 106.6 106 103.2 104.5 105.3
332.1 318.7 301.9 291.6 271 256.5 254.6 258.8 261.6 251.6 224.7 213.2 205.2 198.9 194 189.7 186 184 180.6 177.4 179.3 179.6 178.3 174.6 171.7 169.8 167.1 162.1 165.4 166.6 174.2 176.9 178.8 185.4 183.3 176.3 164.8 155.1 145.4 139.9 138.6 136.5 132.1 128.3 122.8 114.7 114.6 111.6 108.5 113.4 118.7 119.6 115.9 113.4 116.4 110.1 109.4 107 105.5 102.4 101.2 101.2 100.7 99.7 98.9 98.5 98.2 99.2 98.6 98.6 100.1 99.3 99.8 100.9 101.1 101.9 101.4 100.7 100.6 100.9
302.7 289.8 280 266.8 254.1 246.7 244.6 246.2 245 236.2 233.2 228.4 214.7 206.4 198.7 192.2 191.2 185.8 182.2 176.1 171.9 172.2 171 168.4 165.7 162.1 160 161.3 165.9 167.2 172 176.6 177.9 175.1 174.5 169.4 157 145.2 137.8 134.8 131.1 128.7 127.7 122.3 119.5 114.5 113.6 112.4 110.3 107.7 102.7 100.7 102.8 103.8 103.8 101.5 101.2 100.2 100.1 98.5 98.8 98.9 98.5 96.9 96.2 95.8 95.3 94.8 96.4 95.7 96.4 95.4 95.4 95.7 96.6 98.1 97.4 96.7 96.8 96.2
287.9 274 261.7 254.5 243.8 243.1 243.2 243.4 243.9 248.3 245.1 233.6 226 212.4 204.6 199.4 199.1 194.1 185.8 176.2 166.9 165 163.4 160.4 157.9 154.4 158.4 164.9 164.5 166.4 168.7 170.1 172.8 169.9 165.2 158.3 146.8 134.4 132 131 128.9 127.7 122.6 116.6 113 111.6 111.4 111.3 109.9 108.4 105.9 104.4 103.2 101.3 99.8 97.1 97.4 95.9 94.7 95.3 96.1 97.1 97.3 96.2 95.1 94.4 94.1 92.2 93.3 90.6 90.6 92 89.4 91.4 90.8 89.7 91.4 91.2 91.4 93.9
270.9 258.9 248.7 240 239 242.5 245 253 254.7 253.8 249.1 239.8 228 217.8 214.6 212.8 207.9 203.8 191.7 178.2 168.2 159.1 155.7 152.2 149 145.7 155.6 158.6 161.2 162.9 164.8 160.2 158.3 154.2 148.4 139.9 128.4 122.2 121.3 121.7 119.6 118.3 119.6 117.6 110.3 109.6 110 110.4 109.2 107.5 106.7 104.5 102.2 100.5 99.1 97.5 96.8 95.9 95 94.4 93.5 92 91.2 89.5 89.2 89.5 88 87.5 87.3 86.8 86.7 87 86.6 86 85.8 85.5 85.4 85.8 86.9 87.4
249.1 242.7 233.4 233.1 235 241.8 253.1 261 262.9 265.6 261.6 245.8 238.6 227.3 219.9 219.5 218.9 201.7 188.9 182.1 170.1 159 150.4 144.8 139.3 144.3 151.5 155.8 160.1 159.8 154.4 150.3 144.4 138.2 129.7 116.7 113.1 111.5 112.1 111.9 113 112.5 111.6 110.8 109.2 108 108.4 108 107.5 106.5 106 105 102.2 100.5 98.2 97.4 96.5 95.4 94.6 94 93.4 92.2 92 90.9 90.4 89.7 88.8 88.4 87.8 87.5 87.1 87.1 87.7 86.5 87.4 86.9 85.2 85.8 85.6 84.9
236.1 228.5 226 226.5 234.1 246.8 255.2 262.4 263.8 266.3 259.9 252.9 240.5 230.4 220.3 217.5 202.3 191.4 184.6 179.9 170.9 160.1 147.4 140.3 136.1 141 148.9 156 157.5 152.3 145 136.7 130.9 122.8 113.4 109 110.2 110.5 109.9 109 108.1 108.4 107.3 107.2 107 107.3 106.9 106 105.4 104.9 104.3 104.3 101.9 99.2 99.6 97.8 96.2 94.9 94.2 93.7 93.1 92.4 91.9 91.2 90.3 89.8 89 88.8 88.4 87.9 87.4 87.1 86.7 86.4 86.2 86.1 86 85.8 85.6 85.4
228.8 222.5 220.7 229.4 239.2 246.9 251 259 260.5 260.6 263.2 258.7 246.2 231.2 222.4 206.6 193.5 181.4 175.8 172.2 166.5 158.2 147.8 139.2 130.2 137.5 145.6 149 143.6 139.2 133.1 125.3 117.6 109.8 106.1 106.6 106.9 109.5 110.2 110.8 109.2 106.1 105.5 106.2 106.2 105.9 105.4 104.3 103.6 102.8 103 103.2 102.4 100.9 99.3 95.9 94.9 94.4 93.8 93.3 92.8 91.9 91.3 90.9 90 89.6 89.1 89 88.6 88 87.4 87 86.6 86.4 86.3 86.1 86.4 85.9 85.7 85.9
221.6 220.3 221.8 232.4 236.7 240.7 244.9 255 257 252.5 258.6 258.1 251.1 229 211 199.4 187.1 176.6 171.1 167.7 161.5 152.9 147.6 141.5 133.4 130 133.3 134.7 132.5 132.4 127.7 118.4 110.3 106.2 103.3 103.1 105.6 110.8 113.4 112.5 109.5 106.4 105.4 105.2 104.5 104.7 104.1 103.2 101.7 100.8 101.3 101.5 101.4 100.3 98.2 96.8 93.8 94.3 94.5 94 93.1 91.5 90.9 90.4 89.8 89.6 89 88.7 88.3 87.7 87.2 86.9 86.2 86.6 87.4 88.1 88.8 89.2 89.9 89.6
220.3 220.4 220.6 220 225.2 232.7 240 238.8 241.8 245.3 247.7 249 238.6 217.3 203.1 194.1 184.1 175.7 170.6 166.2 159.5 153.2 147.4 140.2 132.3 124.9 125.5 129.5 130.3 124.9 117.9 113.3 104.5 102.8 101.2 102 106.7 111.1 114.2 112.2 107.6 105.8 104.3 103.8 103.7 102.4 102.5 101.8 99.2 99.6 99.6 98.9 100.1 98.9 98.1 97 96.6 96.1 95.1 94.5 94 92.1 90.6 90.2 90.2 89.5 88.9 88.7 87.9 88.9 89.5 89 88.5 89 90.6 92.1 95.1 95.8 94.7 94.1
225.8 236.1 237.6 230.4 214.3 219.7 223.9 230.3 228.2 235.5 227 222.1 212 191.6 187 180.7 174 171.2 167.4 161.2 154.3 149.5 143.7 138.8 131.2 125.3 122.1 124.4 123.4 116.6 109.7 105.6 100.6 99.1 99.2 101.6 105.9 108.2 108.4 105.7 103.2 102.5 103.5 103 102.3 100.8 101 100.9 100.4 100.7 100 99.3 98.6 97.6 97 96.7 96.6 95.7 95 94.3 93.1 91 91.3 92.9 93 92.7 92.9 92.8 92.9 93.4 94 93.1 92.1 93.6 95.1 97.1 99.1 99.4 98.8 97.9
232.2 236.6 240.4 238 227.3 206.8 209.9 217.5 224.1 216.1 204 196.4 187.6 177.5 173.3 167.1 163.1 159.8 155 148.8 141.7 137.7 133.8 129 123.4 119.2 114.1 113.4 109.8 109.4 105.2 101.4 98 98.1 98.4 99.6 101.3 100.6 100 99.9 99.5 99.8 101.6 101.8 100.7 99.6 99.1 99.8 100.7 100.1 100 98.4 98.1 98 97.3 96.8 95.8 94.6 94.1 92.7 91.6 93.2 94.5 95.6 96.3 96.5 96.3 96.2 96.5 97.5 97.4 95.8 95.7 97.1 99 100.6 102 103.7 103.6 103.9
233.6 240.1 241 236.2 232.1 217.5 198.8 192.3 204.1 201.5 189.7 181 174.1 175 165 160.9 156.4 148.5 142.7 136 129 124.1 121.4 119.7 115.5 113.8 109.6 106.7 105.4 104.5 99.6 97.3 96.8 96.6 96.9 96.3 95.3 95.2 95.2 95.2 97.2 100.5 100.6 100.6 98.8 98.7 99 99 99.8 99.5 99.6 97.1 96.3 95.6 95.8 96.4 94.3 94.2 94.2 95 95.5 96 97.1 98.3 99.1 100.9 99.3 98.9 100.4 100.3 99.8 99.5 99.1 100.6 102.5 104.9 107 108.3 108.8 108.7
223.7 231.5 236.3 240.3 232.3 219.2 203.2 193.7 175.3 175.8 170.4 164.7 162.9 165.3 156.6 151.4 145.2 141.9 134.8 128 121.4 118.3 114.5 113.7 111.2 109.3 106.1 103.3 102.1 100.1 96.7 96.2 96.5 96.8 96.3 95.4 95.2 95.2 95.2 95.2 95.2 97.7 99.9 98.9 98.9 98.6 98.8 98.6 98.9 98.9 98.9 99.4 98.8 98.5 98.5 98.2 98 97.8 97.6 97.4 98.2 98.7 99.5 100.2 101.8 102 101.6 103.7 102.8 102.7 102.8 102.7 103.7 105.1 107.8 109.7 111.7 113.8 112.9 115.3
207.7 209.8 217.9 226.2 229.5 227.9 214.6 195.2 177.3 164.8 152.4 144.6 143.7 143.6 142.8 140.4 133.8 129.9 124.4 119.8 118.1 116.9 112.3 111.4 109 106.7 102.8 101.5 100.2 98.5 96.8 96.5 96.5 96.6 95.2 95.2 95.2 95.2 95.2 95.2 95.2 95.2 95.6 98.1 96 96.5 97 98.2 98.8 98.9 99.8 100.5 100.7 100.8 101 100.9 100.7 100.9 100.8 99.9 101 101 101.9 102.2 104.3 104.9 104.6 104.4 104.8 105.3 106 106.6 107.6 109.2 111.2 112.9 114.5 116.3 116.2 119.9
202.8 195.6 198.1 195.9 198.3 204.7 197.8 194.9 179 168.5 163.2 148.8 137.6 129.7 124.8 121.9 121.4 118.1 116.4 115.7 116.1 112.2 110.7 108.1 104.8 101.3 100.4 100.3 99.1 98.2 96.5 96.5 96.9 95.9 95.2 95.2 95.2 95.2 95.2 95.2 95.2 95.2 95.2 95.2 95.2 95.2 96.5 97.9 99 99.6 100.1 101.6 101.6 101.6 102.1 102.5 102.1 102.7 103.3 102.3 103.7 104.3 105.7 104.8 106.4 107.2 107.7 107.3 108.4 108.8 109 109.6 110.4 112 114.2 116.4 117.4 118.2 121.5 123.1
179.5 176.3 176.7 174.9 173.5 177.6 184.1 181.2 170.2 162.8 159.6 154.7 140.3 133 127.2 123 122.2 115.8 112.2 109.9 108.9 108.9 106.8 102.7 99.4 98.6 98.7 98.8 98.2 97.4 95.4 95.2 95.2 95.2 95.2 95.2 95.2 95.2 95.2 95.2 95.2 95.2 95.2 95.2 95.2 96.2 96.9 98 98.7 100 100.7 101.5 101.4 102.1 103 103.8 104 105.7 106.7 105.8 109.2 108.6 108.8 108.6 109.1 110.1 110.9 110.9 111.7 112.3 112.8 113.5 114.3 115.9 118.7 120.2 120.8 122.9 125.8 127.6
166.5 164.3 162 166.8 168.1 170.3 170.9 169.5 167 161.7 153.8 143.8 140.4 134.5 128.3 121.8 117.7 112.5 108.7 105.7 104.7 101.3 99.5 98.3 98.2 97.8 97.6 97.7 97.2 96.5 95.2 95.2 95.2 95.2 95.2 95.2 95.2 95.2 95.2 95.2 95.2 95.2 95.2 95.2 95.2 95.5 96.6 98 99.4 100.4 100.7 101 102 103 104.2 106.3 105.9 108.8 108.5 111.2 110.7 112.4 113.3 112.6 113.1 114.1 113.8 114.3 114.7 115.6 116.5 117.5 118.8 120.7 123 124.2 124.5 127.5 131.2 132.1
153.7 155.8 158 158.3 164.6 164.4 162.7 161.6 162.2 157.6 147.6 143.3 137 130 123.7 117.4 114.7 111.8 108 104.7 101.9 99.9 98.9 98.1 97.6 97.1 96.9 97 96.9 96 95.2 95.2 95.2 95.2 95.2 95.2 95.2 95.2 95.2 95.2 95.2 95.2 95.2 95.2 95.2 95.2 96.4 97.9 99.4 100.6 101.1 101.8 103.4 104.2 105.8 107.6 108.3 110.4 109.4 113.1 113.2 115.2 116.4 115.2 115.8 117.3 117.9 117.9 118.5 119.8 121 122.3 123.5 125.4 127 126.9 129 132.2 134.9 135.9
142 148.9 154 155.2 155.9 156.7 157.8 156.8 154.4 147.7 141.5 136.8 130.2 123.5 118.6 116.5 117.5 112.3 107.9 104.1 101.9 103.7 101.2 98.1 97.4 97.6 96.8 97.1 97.2 96.8 95.9 95.2 95.2 95.2 95.2 95.2 95.2 95.2 95.2 95.2 95.2 95.2 95.2 95.2 95.2 95.2 96.9 98.5 99.4 100.4 101.8 103.2 104.4 106.2 106.7 108.7 110.5 112.6 113 113.6 114.8 117.1 118.4 118.6 118.1 121 122 121.2 123 124.5 125.9 127 127.8 129.7 129.8 131.5 134.2 136.9 138.6 139.1
137.1 144.2 150.3 151.7 151.4 149.9 150 148.6 145.6 139.5 135.1 129.6 121.7 119.3 120.9 123.5 122.5 115.2 108.3 106.5 109.3 108.9 105.2 100.3 97.4 97.4 97.1 97.1 96.7 96.1 95.9 95.2 95.2 95.2 95.2 95.2 95.2 95.2 95.2 95.2 95.2 95.2 95.2 95.2 95.2 95.5 97.9 99.3 100.5 101.5 102.7 103.9 106.1 107.2 108.1 110.1 111.9 113.6 115.1 115.8 116.3 119.1 120.3 121.2 121.2 124.2 125.5 124.9 126.6 128.2 129.4 129.4 130.9 133 135 137.1 139.3 140.9 141.9 142.3
134.2 137.5 143.2 145.6 145.1 143.1 138.4 137.6 136.4 132.3 129 123.9 121.8 123.9 120.2 120.8 115.7 111.4 108 105.8 103.7 101 98.9 97.6 97.3 97.7 96.8 97.3 95.8 95.2 95.2 95.2 95.2 95.2 95.2 95.2 95.2 95.2 95.2 95.2 95.2 95.2 95.2 95.2 95.2 96.6 99.1 100.2 101.5 102.7 103.7 104.8 106.8 108.8 110.2 110.9 112.6 114.3 115.4 116.8 117.8 120.1 121.7 122.7 124.8 126.4 127.2 127.2 127.8 129.1 130.5 130.1 132.6 136 139.5 143.1 144.1 144.5 145.1 145.3
130.7 132.8 132.4 132.9 133.8 134.2 128.2 128.8 125.8 126.5 121.7 121.6 121.2 123.7 119.6 116.4 112.2 111.4 111.3 105.9 101.6 99.2 98.6 98.1 97.9 99 99.3 97.5 96 95.2 95.2 95.2 95.2 95.2 95.2 95.2 95.2 95.2 95.2 95.2 95.2 95.2 95.2 95.2 95.2 97.5 99.9 101.3 102.6 104 105.1 106 108.2 109.9 111 111.8 113.4 115 116.6 117.9 118.6 121.2 123.1 124 125.3 126.3 126.6 127.2 128.6 130.5 132 133.2 136.4 140.7 143.6 145.9 147.2 147.8 147.8 147.8
126.3 127.1 126.3 124.7 121.8 118.7 117.3 118.9 118.6 118.3 114.7 109.9 107.3 109.1 110.7 111.9 113.7 116 114.2 106.9 102 99.8 100.2 102.1 104.3 106 104.4 99.4 95.9 95.2 95.2 95.2 95.2 95.2 95.2 95.2 95.2 95.2 95.2 95.2 95.2 95.2 95.2 95.2 95.9 97.7 99.9 101.5 103.2 104.9 106.6 107.1 108.8 110.4 111.5 111.9 113.8 115.1 116.5 117.9 119.4 121.6 123 124.2 124.3 125.2 126.6 128.8 131.6 133.9 135.8 138.5 141.8 144.6 146.8 148.2 149.4 150.7 150.6 150.4
