public/OST50/NO05.asc
ncols 200
nrows 200
xllcorner 300000
yllcorner 750000
cellsize 50
[rows 0 to 34 of 200, columns 78 to 155 of 200]
395.2 399.6 401.8 401.4 403.2 405.4 407.7 409.6 410.5 409.8 412.3 412.9 412.7 418.1 424.3 429.5 431.2 429.4 430.4 438.6 442.2 441.7 434.9 437 436.1 434.1 430.5 426.8 415.3 406.6 401.3 394.5 388.9 385.2 382.2 377.9 374.1 371 367.9 364.5 361.3 358.2 357 358.2 356.4 356.6 356.3 355.2 353.9 357.6 356.7 346.7 342 338.3 328.8 321.8 316.5 312.2 300.6 299.2 299.2 292.3 282.9 274 266.4 258.9 245.8 239.7 234.8 228.1 226 225.9 225.8 223.8 220.8 219.6 219 219.6
385.7 389.1 389.5 391.8 393 395.5 397.5 398.9 399.4 400.2 402.1 401.3 403.8 410.6 414.5 418.2 417.8 418.8 424 429.9 434.3 433.7 433 427.2 431.6 433 430.8 421.2 412.3 400 390.8 387.3 382.6 374.2 369.1 364.6 363 362 361 360.6 358.7 355 351.5 351.1 350.9 350.5 352.3 345.7 350.1 355.8 346.8 341 337 326.7 319.7 319.3 314.7 304.7 302.3 299.5 298.5 296.9 289.5 276 266.7 264.6 253.6 243.6 240.9 230.1 225.5 226.7 224.5 224.5 223.1 219.4 219 218.8
379.7 381.4 380.3 381.6 379.6 384.2 387.1 387.7 387.7 387.5 386.9 392.3 398.3 400.1 403.4 405.1 406.4 408.8 414.4 420 421.1 424.6 425.3 425.9 424.1 422.4 417.4 410.1 396.7 390.9 385.4 379.3 370.9 364.2 358.7 357.7 353.6 351 349.7 345.6 345.3 342.3 342 343.4 343.6 343.6 344.4 337.2 342.1 343.7 334 329.6 324.2 319.7 318.1 317.4 308.1 305.3 304.3 302.6 297.8 298 293.9 278.7 271.8 258.3 253.6 244.1 235.6 231.4 226.8 225.7 225.4 223.1 222.2 220.5 218.8 218.2
374.7 367.4 369.1 377.7 368.5 370.8 374.2 376 375.5 375.9 378 384 393.6 394.2 395.1 396.8 398.3 399.2 404 408.6 412.2 413.6 416.2 414.4 408.2 403.9 398.9 390.3 383.6 381.1 379.3 373.1 366.3 358.6 354.6 349.3 343.9 342.1 341.3 341.4 340 337 335.6 339.6 340.7 343.1 334.8 331.7 334.5 330.5 330.7 321.9 320.1 315.8 317.9 313.6 310.5 305.4 305.8 304.1 299.2 293 290.8 277.6 273.2 263 249 241.7 238.5 231.6 228 225.4 223.1 222.8 221.7 219.7 219.1 217.9
365.9 361.5 363.7 374.1 362.5 357.8 361.4 364.3 362.9 366.5 369.8 378.2 389.1 388.5 389.5 390.6 392.6 393.7 395.2 397.7 399.7 403.3 404.7 400.2 392.7 386.6 383.6 379.5 374.2 370.4 364.7 360.3 356.1 347.5 344.7 343.2 340.2 334.4 332.2 330.9 333.3 335.2 336 335.4 337.7 334.9 330.5 330.5 324 324.2 321.1 317.4 313.4 312.1 314 312.7 306.4 305.3 307.5 306.8 295.3 288.6 282.1 273.1 270.9 257.8 250.2 242.4 241.2 234.8 228.7 223.8 222.2 220.3 221.1 221.2 218.4 217.9
359.4 362.4 362.4 362.2 359.2 355.6 353.5 354.2 354.5 354.1 363.2 373.7 380.9 382.7 384.2 386.2 386.5 387.3 387 388.6 392.8 393.9 393.1 390 386.5 381 375.2 370.9 367.8 362.7 352.5 346.7 345.1 340.2 338.4 336.1 332.9 328 327.2 325.7 325.3 327.3 330 332.2 333.5 330.8 326.3 323.9 321.7 314.2 313.9 313.7 311.3 311.1 309.6 308.3 307 305 305.2 300 291.5 286.2 278.7 270.7 264.8 258.8 255.5 244.1 240.9 234.1 234.2 227.6 222.3 221 220 220.5 218.3 217.1
353.9 363.3 359.6 348.1 348 346.2 350.7 350.3 348 349 350.7 359.1 370.1 377.7 379 379.8 380.1 379.3 376.7 378 384.1 387.7 384.2 381.2 377.1 371.4 364.9 358.3 353 347.6 343.3 340.5 338 334.9 332.5 331.4 328.5 324.3 322.1 321.9 321.9 322.8 323.8 325.8 332.9 328.7 319.5 315.1 310.5 306.3 307.1 305.6 309.1 310.6 310.4 310 305.2 304 301.9 297.8 289 280.3 271.7 269.3 262.7 260.1 257.2 244.8 239.5 237 229.3 224.6 224 222.8 221.1 219.9 220.1 217.4
349.1 354.9 355.1 345.6 339.5 338 343.6 347.6 340 341.6 340.5 351.8 366.1 373.7 373.6 369.3 372.7 369.5 365.9 367.5 373.8 377.9 375.6 370.2 365.8 361.2 355 348.5 340.9 335.3 332.7 329.2 330.6 324.9 326.5 324.6 322.3 320.4 315.9 316.4 317.5 321.7 321.6 319.5 323.1 310.7 304.4 304.1 305.9 303.2 298.5 299.2 298.3 301 306.8 304.6 296 293.1 293.6 288.1 284.1 275.3 270.6 267.9 262.8 254.9 248.9 244.3 241.6 237.2 229.3 224.5 224.2 223 220.9 219.9 219.4 217.2
340.7 343.9 342.2 342.5 336.1 333 332.2 334.9 333.4 333.7 333.9 346.4 359.8 366.7 360 359.3 362 359 354.7 356.8 363.8 368.5 366.6 360.4 355.8 351.3 347.2 342.1 337.7 333.2 327.6 323.6 321.6 318.9 315.1 321 318.6 313.8 313.2 312.1 314 314.4 315.5 317.5 322.3 309.9 298.5 301.8 303.5 300.7 296.3 300.2 298.3 290.8 291 289.1 284.4 284.7 281.8 278.4 276.7 272.9 266.3 265.2 259.3 252.9 248.5 242.4 238.1 233.8 231.1 222.2 223.2 222.9 221.6 219.8 217.7 217.1
330.9 331.3 331.6 330.2 330.7 327.8 327.1 325.3 329.2 328.4 329.2 337.7 348 352.6 346 347.8 348.6 342.8 340.8 345 353.3 357.2 356 347.8 340 338.8 336.8 335.8 332.1 325.2 322.3 325.9 318.9 313.7 309 310.5 314 310 309.1 309.7 307 307.7 309.6 312.6 307.6 303.6 295.8 299.5 303.1 305.2 297.4 287.6 286.4 283.7 282.6 282.6 281.2 279.4 275.9 271.6 269.6 267.3 262.9 260.4 256 249.9 245.2 239.4 237.4 232.5 228.1 225.6 222.5 221.3 220.4 219.8 217.7 216.4
325.9 324.5 323.3 322 321.4 320.5 321.9 319.7 320 322.8 325.9 330.8 340.3 340.3 339.9 342.1 339 331 332.9 336.6 342.3 342.8 341.7 336.9 328.7 327.7 331 332 324.2 314.5 317.3 320.3 318.7 309.5 308 304.8 302.4 300.4 300.4 300.1 305.4 301.4 300.7 304.6 306.1 294.1 292.7 296.2 297.7 300.8 289 285.7 278.4 278.5 278.5 278.2 275.1 275.1 270.8 268.6 266.1 264.5 260.6 254.3 253.7 249.2 243.9 238.2 235.5 230.9 229.9 227.6 225.4 221.5 219.7 219.5 217.9 215.8
322.3 322.7 322.8 320.7 316.7 317.1 315.5 315.6 314.5 317.9 328.4 335.7 339.6 335.9 338.6 334 322.9 319.8 326.2 331.4 334.3 335.7 333.1 324.6 318.1 317.1 320.2 321.9 311.2 307.3 310.5 313.9 309.6 303.6 301.3 300 299.4 298.5 295.8 293.6 291.8 292.3 291.7 291.8 292.2 285.4 289.6 292.9 292.3 285.7 282.7 279.4 274.9 274 276.1 274 275.9 271.1 269.1 266.1 263.8 259.7 254.9 250.8 250 247.1 239.1 233.2 229.4 229.1 227.9 224.6 223.3 220.2 217.3 217.9 213.1 210.8
323.3 318.8 316.6 317.3 314.4 313.4 313.2 312.3 312.6 321.7 334.6 340.3 330.7 333.7 326.9 321.7 315.2 312.3 316 320.7 326.4 326.5 322.7 315.5 310 306.2 314 318.4 306.7 302.1 304.2 307.6 309.5 297.2 298.1 298.2 297.4 296.7 295.2 292.5 290.1 288.9 288.3 286.7 284.1 280.8 284.2 281.3 280.7 277 275.6 273.9 272.8 273.5 276.8 271.5 268.8 265.3 262.2 259.6 255.8 252.7 249.4 247.7 245.9 241.7 237.8 239.4 238.3 236.7 230 231.5 224.9 221.3 217.5 212.6 211.7 210
322.9 321.9 318.8 316.7 311.9 312.5 311.1 310.7 312.4 322.8 336.8 336.1 324.8 321.4 319.7 313.5 312.1 309.8 313.5 315.8 318.9 317.3 313.9 311.1 305 302.7 309.7 311.7 302.8 297.7 297.6 303.3 305.1 294.5 296.7 296 295.6 293.8 292.2 291.7 288.1 285.9 284.3 282.3 281 280.6 280.2 278.7 276 275.6 273.8 272.8 270.6 284.9 280.7 269.2 265.2 261 258 254.6 254 258.4 257.2 251.3 249.4 251.2 248.1 243.8 237.3 235.5 233 226.6 224 226.8 220.1 217.7 213.9 210.3
323.3 321.9 317.9 311.6 310.9 310.5 309.7 309.3 312.4 324.3 336.2 334.1 319 314.4 312.6 308.8 308 309.1 313 313.1 315.7 313.8 308.7 306.4 302.5 303.4 307.2 303.5 301 292.8 293.4 299.5 300.9 293.3 293.2 290.3 291.1 291.1 291 289.4 290.9 287.4 284.4 282 280.5 280 279.9 277.1 275 278.7 285.6 276.6 270.2 265.8 265.9 264.7 261.6 262.4 264.8 269.1 268.1 272.6 262.8 258.7 256.9 254.7 250.1 246.3 240.6 235.9 230.7 226.7 222 221.2 223.3 218.3 218 215.7
323.8 319 313.7 310.9 309.7 309.3 308.8 308.7 311.4 317.4 327.9 329.1 316.7 310.7 308.8 307.1 306.7 307 309.1 308.4 308.2 305.9 304.2 303.3 300.6 300.3 299.4 296 293.6 292.9 292.4 293.1 292.9 293.2 291.2 290.8 290.5 291.2 288.8 301.3 309.3 305.1 289.1 281.2 281.5 288.2 288.8 281.2 277.9 294.2 294.2 287.1 273.9 271.2 271.7 269.9 270.4 277.4 279.4 282 280.2 277 271.9 265.7 263.3 256.8 252.8 247.1 243.7 236.5 234 229.9 225.7 224.5 220.9 219 217.6 217.4
322.7 313.3 313.5 311.7 308.6 308.5 308 308.5 309.4 311.1 313.6 315.5 311.7 310.9 308.8 307.7 305.6 305.4 305.4 303.7 304.5 301.6 300 299.7 298.6 295.6 295.4 296.3 294.4 292.1 292.1 291.8 292.7 291.8 290.9 292.6 293 292 294.4 309.4 310.6 300.8 289.7 284.9 286.2 290.9 286.7 281 280.8 287.6 291.3 284.5 280.7 284.7 282.8 282.2 285 288.9 290.1 289.4 286.2 277.9 280.7 280 276 271.7 270.9 263.8 254.2 245 237.7 233.5 227.1 222.6 222.4 219.5 218.2 217.4
318.4 311.9 310.9 309.5 315.2 308.6 308.1 307.9 307.5 307.5 309.9 308.4 306 311.8 309.6 305.5 305.1 305 304.9 311.4 314.3 302.6 301.6 298.6 297.6 297.7 302.9 304.3 295.5 293.6 292.2 291.5 291.4 291.7 292.7 293.7 293.4 292.7 300.1 310.3 307.5 299.5 293.7 290 288.9 292.4 285.9 283.3 283.4 285.7 290.5 290 290.4 294.2 300.9 297.4 296.9 295.7 295.7 294.3 293 284.8 284.1 283.2 280 276.2 276.1 274.1 266.6 252.2 251.8 245.4 234.6 230.2 228 223.5 219.2 217.6
313.6 311.2 310.4 315 314.1 309.9 308.3 308.2 307.7 309.1 309 306.8 305.8 305.5 305.2 305.3 304.1 304.5 305.2 313.7 305 304.2 303.2 306.5 306.4 308.1 301.8 298.9 296.2 294.9 295.3 293.3 291.7 291.6 294.6 294.3 294.5 296.7 301 310.8 307.9 301 297.9 294.8 295.4 292.5 288.5 288.5 290.1 294.8 297.4 297.5 298.1 304.6 306 304.4 303.5 300.8 300.5 299.6 299 298.1 295.6 292.5 287.6 281.9 274 268.2 262.1 260.3 254.8 249.1 244.1 237.8 233.2 228.8 226.3 218.7
311.1 310.5 310.4 315.9 316.9 309.6 309.1 309.5 311.5 316.2 308.5 305.9 305.4 304.4 305 304.2 305.3 305.5 306.8 307.1 305.8 305.7 309.9 312.5 307.6 307.4 303.7 299.9 298 296.8 296.4 293.5 292.4 292.4 298.1 298 297.7 299 303.4 310.7 311.4 306.8 302.6 299.8 300.2 298.6 298.1 296.6 298.6 300.4 303.4 307 308.5 314.9 316.9 312.9 308.2 309.1 308.7 307.4 305.1 304 303.3 302.4 299.7 295.7 289.5 283.4 275.6 276.9 267.3 257.2 250 245.2 239.6 236.3 226.4 222.6
311.8 311.6 311.6 313.3 314.5 309 309.4 310 311.3 320 314.3 307.2 305.8 305.5 305.1 305.4 306.5 316.1 315.4 308.6 307.4 308.4 314.8 317.2 312.4 307.8 307.3 305.8 301.5 300.3 299.5 297.7 295.5 298.6 300.6 302.4 300.5 302.9 307.4 314.3 317.8 310.6 306.3 305.1 306 306.2 305.5 305.6 307 308.3 312.5 312 316.9 321 316.9 315.7 314.1 314.7 315.5 314.8 311.9 310.1 309.1 308.5 306.3 302.3 298.9 295.1 289.1 281.9 279.6 272.7 255.2 252 246.2 241.3 234 227.6
314.4 312.8 312.8 312.7 313.6 312.4 308.9 309.9 310.9 313.7 319.1 312.6 306.8 305.4 305.3 312.6 319.3 322.5 314.6 310.8 310.8 310.9 314.1 320.8 320.1 315.3 312.8 310 306.1 303.9 302.2 301.7 301.1 302 303.8 306.2 309.7 311.7 311.3 316 317.4 312.9 309.5 310.6 311.8 313.4 313.2 313.7 314.9 315.2 316.2 317.6 321.7 320.8 319.5 320.5 319.8 321 320.9 319.8 317.9 316.2 314.4 312.2 309.6 306.3 304 301.4 297.3 291.7 285.3 276.6 270.6 259.7 254.4 245.2 237.1 230.1
319.2 314.5 313.5 313.4 315.2 320.7 316.4 309.1 310.3 311.9 316 314.5 309.2 305.5 309.5 319.5 321 323.1 315.7 312.8 312.3 312.4 312.6 313.8 314.5 317.8 316.5 313.4 311 307.9 307.3 306.9 305.3 306.2 306.8 310.3 314.6 316.4 313.6 314.7 315.3 313.6 312.6 314.6 316.6 317.9 316.9 316.3 319 319.9 320.5 320.8 321.4 323.1 324.9 325.8 326.2 325.7 325.7 324.5 322.7 320.5 319.5 316.6 313.9 311.1 308.8 306.5 303 299.5 292.6 286.5 280 277 265.8 253 244 235.1
324.2 318.8 314.1 315.4 320.4 323.5 320.3 311.5 310 311.1 312.8 316.1 312.6 306.3 310.3 312.1 315.1 316.9 315.3 314.3 313.2 313 314 314.8 315.3 315 313.7 312.3 309.3 311.4 311.1 309 309.5 309.4 310.7 311.5 313.5 315.5 314.5 313.8 314.1 314.9 315.2 318.6 321 320.8 318.6 319.8 321.7 322.3 323.3 323.9 325.8 327.5 329.4 330.7 331.1 331.3 330.8 329.5 328.1 325.6 323.5 320.9 318.3 315.7 313 310.3 308.4 304.3 297.2 293.6 290.6 286.5 276.9 264 249.8 238.3
328.6 322 317.2 319.8 320.1 321.9 316.8 309.7 310.1 310.7 312.5 317.6 315.1 307.1 307 310.8 313.3 315.6 321 316.9 314.4 313.7 315.6 316.3 316.5 316.8 316.5 314.4 317.1 316.5 313.7 312.8 312.4 313.2 313.4 314.9 315.8 316.5 315.7 314.8 314.8 316 318.1 320.3 322.5 322.9 321.5 322.7 323.5 325 326.3 327.8 329.9 331.9 334 335.7 336.3 336.5 336.4 335.5 333.5 330.8 328.5 325.5 322.9 320.3 317.7 314.8 312.6 306.6 304 302 298.4 291.8 284.1 278 259.5 250.6
330.8 324.6 321.6 321.9 323.8 326.3 319.2 312.3 311.1 311.1 320.9 322.4 314.4 308.2 307.6 307.7 312.5 321.3 324.5 321.6 319.5 320.7 318.9 319.5 321.8 323.3 320.5 321.3 323.6 319.7 318.7 318.7 318.3 318.5 319.6 320.3 320.7 320.3 317.2 316.3 316.9 317.3 319.5 321.7 323.8 324.8 324.5 325.6 327 328.4 330 331.5 333.8 335.9 337.3 338.6 339.2 339.7 340.8 340.5 339.2 335.9 333.3 330.3 327.4 325 322.5 319.5 316.2 311.2 308 306.7 303.5 298.6 291.2 285.3 272 260.9
334.3 326.6 325.6 330.8 337 328.5 320.6 316.6 313.9 314.2 321.4 318.8 312 308.3 309 309.2 310.3 319.3 322.7 324.3 328 329.4 324 328.5 330.7 327.1 328.4 327.9 327.3 323.3 322.5 322.8 323.1 323.8 325 326.3 326.1 322 320.3 320 320.3 321.1 322.3 324.6 327.2 327.8 328.3 330.4 332.1 333.3 333.6 334.7 336.4 338.3 339.4 339.9 340.5 341.3 343 341.9 341.7 340 337.4 334.2 332 329.7 327.4 324.2 320.7 315.7 311.6 308.7 307.2 303.7 297.1 286.6 278.4 267.2
336.2 330.7 330.5 331.6 333 329.1 323 319.5 317.9 317.8 321.2 316.4 311.3 310.3 313.5 315.9 314.8 324.7 324.8 329.7 334.2 335.7 335.2 338.2 331.2 337.7 333.6 331.4 328.8 328 327.5 328.1 328.1 328.6 330.2 330.5 330.3 328.6 326.8 324.6 323.9 325.3 326.9 328.6 331.1 332.6 334 335.3 337.7 338.9 338.3 337.4 338.8 340.1 341.2 341.2 342.1 343 344.3 343.8 343.4 342.1 340.7 338.5 336.1 333.7 331.3 328.2 324.7 321.8 318.3 310.8 307.1 303.2 298.3 291.1 284.7 273
340.5 336.3 333.7 333.6 331.5 329.2 326.1 325.2 325.3 330 328.4 319.8 314.7 312.5 316.1 319.2 317.9 320.7 330.4 337.8 338.7 335 341.5 342.9 337.8 341.4 336.2 333.9 333.6 334.1 333.2 333.8 333.1 332.5 332.8 333 333.1 334.4 332.7 330.5 329 330.9 332.4 333.8 336.3 337.8 338.6 339.3 340.6 340.7 340.9 340.5 340.9 341.7 342.8 343.3 343.8 344.6 344.9 345.4 344.9 343.4 342.1 340.8 338.6 336 333.3 331 328.6 326 321.5 313 307.5 302 296.4 292 286 274.5
346 341.7 337.1 334.3 332.3 330.4 328.6 329.7 332.6 334.4 329.5 321.8 318.8 315.4 318.3 319 320.2 322.4 331 340.1 339.4 337.7 342.8 341.1 343.4 343.3 337.8 338 337.8 337.5 337.5 338.6 338 337 335.8 336.8 337.1 336.7 336.4 334.1 333.7 335 336.3 339.1 341.2 343 343.8 343.2 343 343.9 344.7 345 344.9 344.9 345.4 345.9 346.2 346.2 346.4 347.1 346.4 344.9 343.5 342.2 340.1 337.8 335.9 333.7 332 332.2 324.9 315.7 309.8 304.6 299.5 292.5 287 276.1
348.4 342.9 339.2 336.7 335.7 332.5 330.9 329.7 334.3 329.4 327.2 324.9 322.8 319.4 321.4 322.2 322.6 325.9 333.7 340.2 340.9 340.1 344.9 345.1 344.4 343.8 344.1 343.7 343.2 343.1 343.3 343.5 342.3 341.5 342 341.3 342.7 340.1 338.8 337.6 337.3 338.1 339.9 342 344.6 347.5 347.4 350.2 349.9 348.9 350.6 350.1 347.4 348.9 348.2 348 347.9 347.9 347.6 347.6 347.1 346.3 345.1 344.4 342.2 339.9 337.9 336.4 336 337.4 334.4 318.5 313.9 308 302.8 296.6 286.5 276.4
350.1 346.4 341.4 339 336.5 335 333.5 332.2 330.9 329.7 329.6 330.6 329.1 325.9 327 328.2 330.2 335.9 341.5 342.6 341.6 343.1 345.6 347.8 350.6 350.8 349.9 350.3 349 348.1 348.1 348.4 346.8 345.8 345.9 345.3 344.3 343.3 341.5 341.3 340.7 341 341.7 343.9 347.2 349 349.4 355.2 356.9 356.1 355.8 351.8 349.8 350.9 351.3 349.7 349.6 349.6 349.5 348.7 348.2 347.5 347.4 346.6 346.3 343 339.9 340.6 341.5 343.9 338 326.2 317.5 312.2 306.2 300.4 292.9 283.8
350.4 346.6 345.5 342.6 338.4 337.4 334.5 333 331 331.8 335.5 335.2 331 327.7 329.7 332.4 337.1 344.4 348 343.9 344 346.6 350.2 351.8 353.3 354.9 356.6 356.1 354.4 353 351.9 351.1 349.4 348.9 347.2 347.9 346.5 346.7 345 343.3 341.1 341.9 343 344.4 348.1 350.2 349.5 356.1 357.7 359.2 354.5 351.8 349 349.3 350.7 351.2 352.2 352.7 352.7 352 351.2 349.2 348.1 347.6 347.3 345.1 343.9 343.6 344.4 346.6 337.6 332.4 323.1 315.6 308.6 304.8 301.4 290.8
347.5 342.1 340 339.1 339.2 335.4 332.8 332.3 332.1 334 339.7 331.9 329.6 331.1 332.7 337.4 344.8 350.4 346.9 346.8 347.4 350.4 353.8 355.6 358.2 360.5 362 361.9 360.2 357.4 356.5 354.7 354.2 352.4 350.3 351.1 349.5 347.7 346.4 344 342.3 343.7 344.4 345.1 346 347 346.6 351.2 353.4 354.5 352.3 352 349.4 348 348.7 350.4 353.9 354.4 354.9 356.3 354.8 353.8 349 348.2 347 348.5 349.3 346.1 344.7 342.6 338.9 333.5 326.5 318.3 311.9 305.8 301.7 295.1
346.4 342 338 335.7 335.7 331.9 332.5 332 332 331.5 331.3 330.5 333.8 334.3 335.2 339.5 347.9 348.6 348.2 349.1 350.9 354.6 357.5 361.1 364.5 365.6 366.8 366.1 364.5 362.7 361.8 359.8 357.6 358 358.8 357 352.4 349.4 348.3 346.7 345.3 346.5 349 348.5 346.1 344.4 342.8 342.6 347.3 349.4 349.7 350.8 350 347.4 346.9 349.5 353.8 357.1 359.4 359.2 359.8 357.5 352.5 348.8 345.8 346 349.6 345.3 341.6 340.3 335.8 331.2 327.1 321.6 313 305.4 299.6 294.9
