public/OST50/NO05.asc
ncols 200
nrows 200
xllcorner 300000
yllcorner 750000
cellsize 50
[rows 70 to 104 of 200, columns 0 to 77 of 200]
324.3 330.7 336.2 338.3 338.3 339.3 346.2 349.2 346.2 348.6 349.5 348.9 350.4 351.6 352.3 348 348.2 349.2 351 353.4 356.8 359.6 361.2 361.6 362.2 364.4 369.5 371.8 375.2 375.1 375.3 375.9 376.2 378.2 380.2 378.4 380.7 382.4 383.6 384.5 385.2 385.8 385.7 387 388.5 390.2 394.1 396.9 399.4 402.2 405.6 409.1 412.9 416.4 421.4 425.3 430.8 436.1 440.7 445.3 453.1 460.9 467.8 474.7 479.8 483.3 487.5 490.8 491 497.1 500.6 505.5 510.9 507.7 496.9 507.6 512.4 513.6
325.7 330 337.3 338.3 339 339.4 344.6 347.4 348.4 347.9 349.9 350.4 350.6 351.4 352.5 350.2 348.5 348 348.3 350.2 353.7 357 358.7 359.3 360.1 363.7 366.9 369.7 373.4 374.5 375.4 375 375 375.9 377.3 376.9 378.8 380.2 381.9 382.9 383.9 383.9 385.2 386.8 387.9 389.1 393.9 396.4 399.1 401.9 406.1 409.7 413.3 418.3 423 427.9 433 438.7 442.8 447.2 455.6 463.9 470.3 477.6 482.3 488.2 492.3 494.6 500.6 498.3 497.8 503.1 507.3 494 496.4 501.9 508.6 512.4
331.3 332 334.2 337.8 339.4 340.4 344 348.5 347.5 347.5 348.5 349.9 349.8 350.5 350.8 349.8 348.9 348.3 347.8 348.1 350.4 352.8 355.5 356.9 359 361.1 364.3 367.7 371.7 373.1 373.2 374.4 375.1 374.8 375.5 375.8 376.9 378.5 380.2 381.3 382.3 380.5 384.8 386.5 387.9 389.7 393.6 395.8 398.1 401.8 405.8 409.6 414 418.7 424.5 432.3 438.6 442.7 444.9 451.6 459 466 472.1 478.1 485.9 492.8 496.8 498.4 504.5 502.4 500.4 495.2 499.6 491.3 497.6 501.4 505.3 506.1
332.3 333.1 334.1 338 341.1 345 346.8 346.7 347.3 348.1 348.4 348.6 348.8 348.2 347.7 347.7 347.8 347.5 347.6 347.5 349.1 349.9 351.7 353.9 359 360.6 363.1 365.5 369.2 370.6 372.5 375.5 375.9 375.2 375.1 374.2 375.5 376.7 378.2 378.7 378 381.5 383.4 386 387.9 390.3 393 395.3 397.7 401.1 405.3 410.2 416 421.2 429.6 436.9 442.7 446.9 450.8 458.7 466.3 469.7 475.8 482.7 491.2 499.7 500.3 499.8 503.9 508 509 498.4 489 487.1 491 501.1 504.3 502.8
334.8 334.6 335.7 338.5 343.5 347.7 348.7 348.9 348 349.7 350 349.2 348.2 348.7 346.2 344.6 345.4 346.6 346.6 346.9 348 348.4 348.7 350.4 356 358.2 361.1 365.3 367.5 368.6 369.8 372.9 374.6 374.9 374.4 374 374.1 375 376.1 376.7 378.6 380.2 381.5 384 388.4 391.2 393.2 395.1 398.2 401.8 405.9 411 417.9 424.9 432.9 440.7 445.4 449.7 457.4 464.4 470.6 476.5 483.9 491.7 497.8 503.5 502 502.4 506.3 511.6 511 501.4 485.1 489.9 484.4 491.9 496.6 494
336.7 336 338.5 341.1 346.9 348.9 348.8 348.4 348.8 350.7 350.1 348.8 348.3 347.8 344.8 343.2 343.1 343.9 344.4 345.8 347.5 348.1 348 348.5 352.3 356 359.8 363.1 366.4 366.4 367.8 369.1 371.2 371.9 372.3 373.3 372.5 373.5 374.2 373.8 376.1 379.2 381.3 384.6 388.7 391.5 394 395.6 399.2 403.2 407.3 412.8 419.6 426.3 433.3 440.7 446.9 453.5 461.8 470.4 478.4 488.4 499.4 508.7 511.6 506.8 503.6 503.6 511.2 512.1 507.3 499.3 480.6 478.4 476.1 475.9 482.9 479.5
339.4 338.2 339.3 341.7 345 348.6 350.3 349 349 349.6 349 348.2 347.9 347.7 345.9 342.3 340.9 340.1 341.6 344 346 347.2 346.2 348.5 350.9 355.3 359.1 362 364 364.8 366 366.5 367.4 368.7 369.3 369.3 371.9 371.8 372.2 374 375.3 378.9 381.4 384.9 388.5 391.6 394.6 396.8 399.6 404 408.4 414.2 420.7 426.9 434 441.6 449.8 458.3 468.5 478.2 489.1 500.3 512.2 515.8 514.6 506.4 504.7 511.1 512.8 515 506 495.3 478.9 474.3 471.5 463.7 463.2 461.4
343.5 343.3 344.6 343.9 345.6 348.1 349 349.7 348.9 348.2 348.2 347.9 348.8 347 344.7 342.9 339.5 338.3 338.7 341.3 343.3 341.8 346 348.2 350.8 356.8 359.1 359.8 361.4 362.6 363.5 364.1 365.2 365.6 365.9 366.7 367 371.9 373.8 374.9 376.3 378.5 381.6 385 388.3 391.4 394.5 398 400.3 404.4 409.2 414.9 420.8 427.1 434.5 442.4 450.5 460.1 472.5 484.5 495.9 504.5 513.4 517.4 511.5 506.2 515.4 518.6 510.5 509.6 504.1 492.6 474.9 464.8 457 453.2 450.1 448.6
342.3 344.1 345.8 347 349.5 351.4 349.2 349 348.4 347.9 347.7 347.8 348.5 347.7 344.9 342.4 339.3 337.1 336.3 338 339.5 339.9 343.8 346.1 349.1 355.8 358.3 359 359.3 360.2 361.2 362.5 363.3 362.3 363.6 367.6 369.7 372.3 374.2 376.1 377.5 379.3 382.4 385.4 388.4 391.6 395.3 399 402.7 406.5 410.1 414.6 420.9 427.4 435 443.4 452 460.8 471.3 484.5 496.6 505.5 511.2 512.5 506.7 507.8 514.9 513.2 505.9 505.4 499.7 484.3 466.4 458.5 451.4 446 443.7 442.2
343.9 348.6 348.5 352.2 352.3 350.8 350.1 348.2 347.5 347.5 347.2 347.2 348.9 348 344.4 341 338 335.6 334.9 335.2 336.2 337.1 341.1 344.7 347.9 352.8 356.4 357.5 358.1 358.5 359.7 360.3 359.2 362 365.3 367.3 369.3 371.8 374.1 376 378.1 380.1 382.5 385.4 388.5 391.9 395.8 399.8 403.5 407.2 410.6 414.7 421 428.1 435.7 445 453.7 463 471.5 480.6 490.4 500 506.9 506.8 506.8 520.4 520.4 512.7 504.2 493.2 483.4 473.7 457.9 452.3 448.1 443.4 441.1 439.7
347.8 348.7 350.1 351.9 351.4 350.5 348.8 348 347.3 347.2 346.9 349.5 348 345.8 342.7 338.3 335.2 333.7 333.2 333.7 334.5 335.4 338.1 343.1 347.2 350.6 353.1 354.3 355.1 356.2 357.2 357.2 357.7 361.4 364.2 366.3 368.6 371 373.2 375.4 377.8 380.4 382.9 385.4 388.6 392 395.5 399.8 404.3 408 411.6 415 422.3 429 436.4 445.9 454.7 463.9 470.7 476.6 484.7 491.9 497.7 501.9 514 525.8 519.1 510.7 498.9 488 476.5 463.4 450.8 448.2 448.1 439.6 435.3 434.8
350.4 350 350 350.5 351.1 350.1 349 348.2 347.5 347.1 346.7 347.1 346.3 343.8 341.1 337.6 335.1 332.8 332.7 332.7 333.5 334 336.5 341.6 346.3 350 351.3 352.4 352 351.9 353 351.5 358 360.3 363 365.2 367.4 369.7 372.4 374.9 377.2 380.1 382.8 385.6 388.3 391.4 394.7 398.6 404 408.8 413 417.1 426.3 432.3 437.3 446.2 453.3 461.2 465.5 472.5 480.5 487.6 493.2 501.3 515.2 519.9 517.4 504.4 489.7 480.7 466.5 456.4 449.1 444 442.8 434.2 434.6 432.4
350.8 350.3 351 350.7 351.8 352.1 350.3 349.7 349.9 346.9 346.4 346.2 345.4 341.7 338.7 336.3 333.7 332.8 331.9 332.1 332.5 332.9 334.4 340.3 343.7 347.4 349 349.9 349.1 348.1 350.6 354.6 356.5 358.5 361.3 363.8 366.1 368.4 370.6 373.6 376.4 379.6 382.8 385.6 388.4 391.5 394.9 398.9 403.8 409.4 413.9 419.5 427.6 434.1 437.1 444.2 449.6 456.8 463.4 470 476.8 483.4 489.5 499.2 510.2 515.3 509.5 494.7 485.6 473.3 455 445.5 441.4 439.8 437.1 433.3 434.1 434.8
353.2 350.6 351.2 351.3 352.3 352.1 352.6 352.3 352 349.8 346.5 346.8 345.4 342.5 337.2 333.1 331.7 331.1 330.9 330.9 331.3 331.8 333.1 337.2 340.3 345.2 346.5 347 346.2 342.7 349.3 352.7 354.7 356.7 359.6 362.1 364.6 367.3 370 372.7 376 379.2 382.6 385.6 388.6 392.1 395.7 400.3 405.1 410.3 416.2 421.3 428.1 436.5 437.7 442.1 448.1 457.8 462.5 467.6 473.8 480.4 488.1 493.8 504 506.3 497.4 489.5 482.8 463.9 447.6 440.3 440.2 438.9 435 433.8 434.8 434.8
353.3 353 353.8 354.6 354.5 354.1 353 352.4 352.8 350.2 347.9 346.6 345.5 343.2 340.3 335.5 331.5 329.9 329.4 329.5 330 330.9 333.5 336.3 337.6 339.9 342 343.5 342.8 342.6 347.4 350.6 353.4 355.6 357.9 360.3 362.9 366 368.4 372.3 375.8 379.1 382.7 385.1 388.6 392.9 397.7 401.9 406.4 411.8 417.7 424.1 429.7 435 438.3 442.1 450.8 458.7 460.9 463.9 469.7 475 482.6 487.3 491.3 494.7 491.6 485.4 471.4 453.6 440.5 439 438.8 439 434.6 432.9 434.8 434.8
357.4 359.8 360.3 360.1 358.3 356.7 355 353.2 350.9 350 348.1 345.8 345.3 343.1 340.5 334.9 331.9 329.7 328.7 328.1 328.8 330.2 332.4 334.9 336.1 336.2 337.8 339.9 337.9 342.1 345.9 348.6 351.3 353.9 355.5 358.9 361.6 365.6 368.9 372.2 376.5 380 382.8 385.8 389.3 393.5 398.3 403.2 408.5 413.3 419.7 427 432.8 435.7 439.4 445 451.6 457.2 457.3 459.8 466 470.2 475.4 475.8 477.7 482.3 481.4 470.4 460.8 450.4 440.8 441.3 441.8 436.2 434.5 432.3 434.8 434.8
366.8 365.9 365.9 363.1 360.7 359.4 357.9 354.8 349.7 347.7 345 345.5 345.3 342.9 341.2 337.9 333.4 330.2 328.6 327.2 327.5 328.7 329.8 331.4 332 333.6 336 336 337 339.9 343.1 345.3 349.6 352.3 355.5 358.9 362.3 366 369.5 373.1 377.7 381.3 384.4 387.3 390.5 395.8 399 403.1 409.3 415.3 421.8 428.2 434 436.7 440.7 444 449.1 453 453 455.8 464.5 468.1 468.8 469.5 471.5 473 467.8 466.3 461.9 449.8 439 439.9 437.7 435.9 433.8 433.8 434.8 434.8
374.5 371.7 368.7 364.9 363.6 362.5 361 357.5 350.3 346 344.3 344.1 344.6 343 342.2 339.2 334.6 331 329.2 327.7 326.7 327.1 328.4 329.6 329.9 331.4 332.3 334 338 341.1 344 347.4 350.4 353.8 356.9 359.9 363.3 367.1 371 375 379.5 383.1 385.8 389.4 392.7 397.8 401.2 405.1 410 415.8 422.1 428 432.8 437.8 444.2 446.8 445.8 446.5 449 455.6 457.3 460 464.4 467.5 471.1 469.5 468.1 469.9 457.6 443.1 433.8 435.8 436.5 431.4 431.6 435.2 434.6 437
385.2 378.5 371.5 368.5 367.4 366.8 364.3 360.7 354.1 346.1 344 343.1 342.4 341.3 340.3 338.3 335 331.8 329.8 328.1 326.5 326.2 326.9 328.3 328.9 330 331 335.3 338.6 341.5 344.4 347.4 350.9 354.3 358.5 362.5 365.1 368.9 372.8 377.2 381.7 385.8 389.1 391.8 397.5 400.7 404.8 407.9 412.6 417.2 422.5 427.6 432.9 438.2 444.4 450.4 449.6 445.4 445 447.1 452 457.3 465.5 469.3 471.7 471.4 467.5 459.3 445 434.3 429.2 428.9 429.4 430 436.2 441 438.8 439.9
390.9 385 378.4 374.6 373.1 372.2 370.2 366 359.5 350.9 344 343.1 343.2 342 339.8 337.9 334 331.3 329.9 328.2 326.8 325.9 326.5 327.5 329.2 330.6 333.5 336.3 338.9 341.9 344.8 347.7 351.3 355.4 359.9 364.3 366.5 370.8 375 379.5 383.8 387.9 391.1 395.7 401.1 405.6 409.9 413.9 416.8 420 424.1 427.9 435.2 440.9 445.1 447.5 447.6 441.6 441.4 445.3 450.3 457.2 467.4 469.2 469.9 470.3 458.6 447.4 439.9 431.6 428.2 428.6 429.4 434.7 442.3 442.4 441.8 442.7
398.4 393 384 381.6 380.5 378.9 376.9 372.4 366.8 358.4 348.1 344 343.1 342.1 340.3 335.2 333 330.6 329.3 328 326.8 324.7 326 326.5 328.4 330.7 333.4 336.1 338.6 341.6 344.7 347.7 351.6 355.8 360.2 364.7 368.3 372.7 376.9 381.4 386 390.3 395.6 401.4 406.4 410.3 415.6 421.9 425.3 426.7 428.9 431.5 436.4 442.6 446.3 448.9 449 440.3 437.6 444.4 451.9 455.6 456.7 460.5 463.1 459.1 449.9 442 437.6 430.3 428.4 428.6 430 437.9 442.1 443.4 443.8 445.1
403.4 399.4 388 389.1 389.9 387.7 385.4 378.9 373 364.7 354.2 346.1 342.6 341.9 339.3 335.5 332.6 330.5 329.2 328.3 327.5 325.3 324.7 326.6 328.5 330.9 333.1 335.1 338.4 341.2 344.3 347.6 351.6 355.6 359.8 364.8 370 374.8 379.2 383.4 387.7 392.3 399.4 404.7 409.4 417.8 424 430.4 435.9 439.4 442.7 443.2 438.2 442 446.8 447 446 439.1 434.8 441.3 449.5 452.1 452.8 451.9 451.8 442.4 437.4 437.4 435.7 428.8 427.8 429.7 431.3 437.8 443.9 445 445.8 448.5
396.8 395.6 391 394.9 398.9 398.8 396.4 390.6 379.8 370.5 359 350.4 344.9 340.4 337.6 334.8 332.2 331.3 331.4 329.1 328 327 323.1 326.4 328.6 331 333.4 335.5 337.7 340.9 344 347.9 351.7 355.4 359.1 363.1 369.2 376.1 381 386.2 391 396.2 402.1 407.3 415.7 424.7 432.4 438.3 446.2 455.3 458.9 457.6 456.3 441.8 440.6 442.1 441.2 434.3 429.2 437.9 448.3 448.1 443.4 441.4 436.2 435.9 436.2 437.7 428.8 427.1 428.5 430.5 432.7 440.6 446.5 446.1 445.8 453
391.5 392.8 393.8 397.9 407.4 409.2 405.3 399.6 390.6 376.5 361.2 354.4 349.3 344.5 341.6 335.2 332.1 331.9 331.1 328.5 327.7 326.5 323.9 325.1 327.4 330.1 332.9 335.5 337.8 340.8 344.6 348.7 352.9 356.3 360 365.6 370.4 375.9 381.9 388.2 394 399.9 405.7 413.2 422.4 432.8 442.9 450.8 459 466.6 466.7 464.3 463.4 457.8 448.8 437.3 434.7 429.6 426.9 434.3 443.2 444.2 435.2 433.5 434.3 435.4 435.8 432.9 427.3 427.9 429.1 431.6 434.5 440.3 445.8 446.1 448.7 458.1
381.6 383 386.3 394.8 402.3 404.2 399.8 392.6 388.4 378.1 368 362.2 355.8 349.8 343.9 337.1 331.8 330.8 330.5 329.2 326.5 325 323.7 322.4 325.4 328.5 331.7 334.6 337.4 341.1 345.3 349.5 354.2 358.1 361.4 367.3 372.7 376.7 381.8 390.2 395.9 404.8 413.9 424.2 434.8 446.6 456.2 459.6 464.4 466.2 468.9 466.8 464.6 459.1 453.8 439.5 433.3 429.7 422.8 428.7 441.8 433.6 431.9 432.5 433.8 434.2 433.6 427.7 426.9 428 429.7 432.3 435.1 441 445.2 446.1 454 463
373.8 375.5 377 380.6 385.5 388.6 385 388.9 388.2 378.2 370.1 362.9 356.9 351.9 345.8 338.4 332.8 330.4 329.8 328.1 325.2 323.4 321.9 321.6 322.8 325.8 329.9 333.3 336.4 340.8 345 349.7 354.6 359.2 363.2 367.4 373.2 377.3 383 391.4 399.8 410.1 417.5 425.2 435.7 447.5 455.8 462.2 464.5 465.7 463.5 463.4 462 458.2 452.8 439.1 433.1 426.2 423.5 423.5 423.3 426.8 430.9 432.2 434.8 434.2 429.1 426.4 427.3 428.1 430.7 433.3 435.8 441.5 446.8 450.6 455.9 465.7
362.4 362.2 364.2 367.8 374.1 375.7 373.4 380.8 377.9 375.2 367.3 360.8 355.8 350.2 345.3 338.9 333.3 329.7 327.6 325.3 322.5 321.1 320.5 320.4 320.6 323.2 327.6 331.8 335.1 339.7 344.9 349.7 354.6 359.5 363.8 367.6 372.8 378.7 383.8 392 398.8 408.2 416.3 424.7 434 444.8 453.7 460.5 462.5 463.5 462.2 459.8 455.8 453.4 448.7 441.6 429.8 423.1 423.4 423.5 423.5 426.3 430 429.9 432.5 432.9 426.1 428 428 431.6 434.3 438.5 438.2 440.6 447.7 452.3 457 468.2
361 360.7 357.6 361 364.9 366.6 363.1 364.8 367.2 368.9 366.4 364.3 352.6 347.9 344 338.9 333.2 330.1 327 323.7 321.3 320.2 319.9 319.9 319.8 321.2 325.2 329.3 333.9 338.7 344.3 349.6 354.7 359.4 363.5 367.3 372.6 377.9 384.8 391.5 397.4 405.4 413.9 423.3 431.2 441.6 450 456.4 459.2 461 460.8 457.8 452.6 450.6 448.4 447 434.1 423.5 423.5 423.5 423.4 427.1 429.5 429.1 429.1 427.8 427.4 427.8 429.1 433.1 440 443.2 441.1 441.6 445.3 452.5 458.5 465.9
356.5 353.9 352.4 354.5 357.6 352.1 352.1 354.1 354.9 355.8 361.6 358.8 353.8 347.5 343 338.5 332.8 328.9 326.5 323.3 320.6 320.7 319.3 319.6 319.5 320.2 323.6 328.4 332.9 337.2 343.3 349.2 354.5 359.3 363.5 367.3 372.9 377.9 385.8 391.4 397.4 405.3 414.1 423.1 428.5 434.9 443.1 451.3 456.5 458.1 458.8 454.4 453.3 452.2 449.7 448.4 441.1 424.3 423.4 423.5 423.5 422.8 423.2 423.3 424 425.3 428.1 428.9 431.3 433.7 436.2 444.6 441.8 442.8 444.8 453.3 460.6 465.5
350 348 348.9 347.1 347.8 347.9 345.9 345.3 347.3 352.5 351.4 352.4 351.9 346.9 340.6 336.7 332.2 327.9 325.2 323 321.6 320.9 320.4 319 319.1 319.2 322.4 327.6 332.5 336.7 342.3 348.5 353.6 358.8 364 369 374 378.9 383.7 390.4 395.9 404.8 412.7 421.7 425.7 435.5 440.7 449.4 453.9 455.8 454.8 453.2 453.7 454 456.3 452.1 442.7 425.2 423.5 423.5 423.5 423.5 423.5 423.7 422.9 425.2 429.5 430.2 433 435.5 437.7 442.3 442.4 443.4 445.2 451.4 461.7 467.6
342.1 342.2 346.8 342.2 336.6 335.8 337.6 339.5 342.9 347.1 348.1 349.8 349.3 345 338.5 332.9 330 327 324.2 322.6 321.4 321.6 321.1 320.6 319 318.4 321.5 326.8 332.1 336.4 342.2 347.8 352.9 358 363.1 368.5 373.6 378.1 383.6 389.6 395.9 401.2 408.9 416.4 421.6 435.9 443.4 449 451.7 456.1 455.7 452.6 452.6 451.6 455.1 446.5 431.9 424 423.5 423.5 423.5 423.4 423.5 423.5 422.9 425.6 430.3 430.5 435.7 438.1 439.5 443.6 443 443.8 445.3 449 456.5 462.2
335.8 336.5 336.7 332.9 332.4 331 334.8 334.4 335.1 340.6 341.8 343 344.8 342 336.7 330.6 328.4 327 325.3 322.8 321.2 321.4 321.6 322 321.2 317.3 322 326.5 331.9 337.1 342.8 347.6 352.7 358 363.2 368.1 372.8 377.5 382.4 388.8 394.2 400.5 406.2 413.8 422.8 433 440.2 448.8 453.3 455.4 454.6 450.9 452.1 448.9 447.2 432.9 427.1 423.5 423.5 423.5 423.5 423.5 423.5 423.5 423.4 424.2 427.7 429 432.8 436.5 439.7 445.5 443.3 445.5 447.3 448.2 450.9 453.1
332.8 331.7 327.5 326.6 327.4 326.8 328 331.3 334.6 336.9 338.5 338.7 337.8 337.4 333.4 328.9 331.5 331.9 330 325.2 321.6 320.6 320.7 321.4 320.9 319 323.2 327.1 332.1 337.7 342.8 347.7 352.7 358.1 363.3 368 372.7 377.3 382.3 386.7 393.1 399.3 405.7 413.5 422.3 431.8 441.3 448 449.3 449.3 450.7 448.9 449.6 443.9 442.2 434.7 423.3 423.5 423.5 423.5 423.5 423.5 423.4 423.5 423.5 423.4 425.1 428.5 431 434.7 438 443.9 442.5 444.6 446.9 448.1 450.7 452.3
329.7 327.6 323.5 323.5 322 322.7 320.6 322 327.9 331.2 333.1 336.3 338.8 335.4 329.8 327.2 331.1 332 331.6 326.7 323.2 321 320.2 318.9 312.5 320 322.9 326.9 332.1 338.1 343.8 348.8 353.3 358.3 363.1 368.2 372.8 377.1 381.8 387.4 394.3 398.8 404.8 412.5 423.5 431.8 439.9 446.3 446 446.2 446.4 444.8 448.8 444.5 432.1 423.5 423.5 423.5 423.5 423.5 423.4 423.5 423.5 423.5 423.5 423.4 423.1 427.4 428.3 433.4 440 442.3 441.3 442.1 445.1 446.9 449.7 454.1
324.9 321.1 319.1 318.5 318.3 317.2 317.1 318.3 321.5 327.2 331.2 333.4 335.8 333.1 326.3 325.7 325.8 327.3 327.7 323.7 321.4 321 320.2 318.8 310.6 317.8 321.2 326.3 332.2 338.5 344.2 350.1 354.4 359.2 364.7 369.3 373.7 378 382.1 388.4 394.7 398.6 405.4 413.2 421.3 428.2 434.6 440.6 443.9 445.6 444.1 443.1 438.2 430.7 425.6 423.5 423.5 423.5 423.5 423.5 423.5 423.5 423.4 423.5 423.5 423.5 423.5 425.4 428 435.3 442.7 440.8 440 441.6 443.4 447.2 452.3 456
