public/OST50/NO06.asc
ncols 200
nrows 200
xllcorner 300000
yllcorner 760000
cellsize 50
[rows 70 to 104 of 200, columns 0 to 77 of 200]
532.7 525.1 521.8 513.5 505.3 502.4 498 497.6 498 498.6 500.3 495.6 493.8 487.4 479.6 477.6 475.8 473.4 471.9 474.5 473.1 476.6 477 478.5 478.9 483.4 492 500.9 509.5 515.6 527.7 538.7 546.5 546.7 542.1 513.8 506.4 495.6 485.1 476.7 468 463.3 459.9 457.6 458.4 460.5 466.6 472.9 479.9 485.6 490.7 495.7 500.9 508.6 514.9 523.6 539.6 546.8 557.2 570.1 563.6 546.1 536.9 521 510.1 492.1 483.6 469.3 461.8 456.5 451.7 448.6 445.3 443.1 442.8 437.2 429 427.5
537.7 533.7 528.5 519 503.6 496.4 495.9 494.4 493.1 490.3 490 492.7 488.7 480.4 477.8 475.5 473.7 471.8 469.3 470.8 471.5 475.4 475.3 475.1 476.6 481.3 489.9 499.6 508.3 515.7 528.7 539.4 547.2 542 532.5 514 502.7 490.2 481.6 472.6 463.9 460.4 458.5 456.6 457.6 460.7 466.7 473.6 480.3 484.7 489.7 495.3 500.9 507.5 514.7 521.7 533.3 542.7 556.1 570.1 572.3 551.8 543.6 543.5 522.7 497.2 486.3 473.3 464.4 460 454.3 450.7 448.3 445.3 447.9 441.6 431.4 425.9
545.1 537.9 525.3 519.1 505.1 496 493.7 494.3 487.5 483.8 485.5 484.6 486.2 481.7 482.2 475 472.4 470.4 468.2 468.1 470.7 473.6 474.1 473.8 472.8 480.5 488.4 497.3 505.3 514.1 527.7 539.1 547.9 541.4 523.1 508.6 498.4 487 478.6 470.2 463.6 457.8 455.3 453.9 456.5 460.7 467.2 473.3 479.3 484 489 493.9 500.5 507.4 513.1 524.2 533.4 545.1 556.8 569.4 573.1 556.6 550.9 552.2 533.8 502.1 484 474.2 467.8 462.6 458.1 454.3 451.3 448.3 448.5 447.1 438.3 426.9
550.5 546 530.8 521.9 507.9 495.7 491.8 489.8 484.2 480.6 478.5 477.7 477.3 475.7 474.5 473 470.7 469 466.4 466.2 468.8 470.9 471.6 470.2 470.6 479.2 487.8 497.1 502.7 514.2 525.3 537.3 542.2 539.4 515.1 503.1 491.5 482.9 475.5 468.3 462.2 455.9 452.4 453.2 455.3 463.5 468.2 473.5 479.3 484.8 489.2 494.5 500.7 506.9 513.3 525.8 535 548.1 563.4 570.5 571.3 564.8 561 558.9 540.2 510.9 489.2 476.9 470.4 466.4 462 457.2 455.8 452.6 449 449.3 444 437.7
552.7 552 537.1 522.2 512.1 503.7 499.2 487.8 477.9 477.3 476.9 470.7 473.5 471.6 471.8 468.5 469.7 469.7 467.4 464.3 463.4 467 467.7 466.8 469 478.4 485 493.4 500.9 511.2 521.7 532 538.3 534.2 514.3 494.3 487.9 479.1 471.5 465.1 460.1 454.5 451.4 452.7 456.6 461.6 468 473.5 478.2 482.5 487.3 494.2 500.7 507.7 515.7 528.8 538.2 553.6 567.3 573.6 572.7 573.8 573.6 572 546 521.1 490.4 479.1 474.7 468.8 464.9 459.6 459.4 454.9 451.1 450.7 449.7 445.7
550.7 541.7 535.8 526.8 523.9 514 500.1 488.3 478.6 469.5 471.2 465.9 469.8 468.4 466.9 464.8 468.9 469.8 470.3 472.2 465.5 460.2 464.3 465.9 471.3 477.1 482 490.6 497.7 507.1 518.8 528.1 534.8 534.8 512.2 493 484 474.5 466.9 461.8 458.8 452.4 450.4 451.7 453.9 458.3 466.6 472.7 477.5 481.4 486.6 494.2 500.8 507.9 518.4 529.7 544 561.3 572.2 577.5 577.4 582.6 585 581.7 558.8 527.7 495.1 484.6 479.8 472.1 465.8 461.2 458.4 456.9 453.4 451.1 450.2 449.7
551 541.2 534.8 532.4 524.8 514.9 502.9 492.5 481.6 471.1 463.7 463 466 460.1 460.5 465.5 471.4 474.7 474.7 472 467.3 459.7 461.2 465 469 473.5 477.8 487.8 494.6 503.1 513.4 521 530.9 530.8 508.2 493.4 481.1 472.8 463 459.1 455.4 452.4 449.4 450.2 453.7 457.3 466.7 472.8 476.5 481 487.8 494.7 501.2 508.7 521.7 530.9 550.7 567.9 573.2 576.8 582.1 590.5 594.9 592 569.4 533.9 503.4 492 485.7 477 470.2 466.9 460 460.9 458.5 449.7 446.7 444
547.4 538.6 534.4 531.5 524.5 518.5 506.3 497.1 485 472.8 462 456.8 457.4 458.8 461.2 462.2 470.8 474.8 475.9 472.2 470.3 459.3 454.4 463.8 466.2 470.8 475.8 484.6 491.4 500.3 507.9 515 521.6 524.3 502.1 492.2 479.8 468.9 460.9 456.5 452.4 450.2 448.2 448.7 452 455.6 464.1 471.3 475.6 480.9 487.6 493.8 500.7 511.2 521.8 535.9 554.1 566 571.9 580.2 586.1 595.4 601.5 600.9 580.9 546.6 515.5 504.2 493 483.4 475.8 467.7 462.1 461.7 460.6 449 445.1 438.6
544.2 538.5 531.3 532.1 528.4 522.5 524.5 503.3 489.7 474.4 466.8 457.1 452.8 454 456.5 460.5 467.7 472.2 477.7 473.7 470.3 461.5 451.5 461 464.5 468.9 474 481 488.8 496.9 504.5 510 514.8 511.4 499.2 487.3 477.9 468 459.3 451.8 448.4 448.1 444.6 446.5 450.5 458.7 463.2 470.1 475.4 480.5 487 493.5 501.5 511.9 523.7 538.4 551.5 562.3 571.9 584.8 590.2 596.9 606.8 606.5 590.8 568.2 527.3 518.5 506.6 494.7 482.5 471.2 466.1 460.2 458.1 448.9 440.1 437.2
544.1 537.2 535.5 535 532.8 533 527 511.8 495.8 481.7 472.1 459.7 452.9 450.7 452.5 455.8 459.8 470 470 472.1 468.8 459.7 447.7 459 462 467.6 472.1 478.6 486.4 492.4 499.7 506.1 508.6 505.8 497.2 485.3 475.3 464.7 456.1 448.6 446.4 444.5 441.8 444.7 449.7 456 463.1 469 474.5 480.5 486.6 492.7 502.7 511.7 522.9 535.8 548.7 561.9 570.3 585.7 592.3 602.3 612.4 613.8 601.9 577.6 544.7 534.7 523.6 507.8 493.4 476.6 471.1 463.9 457.8 452.4 438.9 430.2
541.9 538.8 537.5 537.9 535.7 537.7 528.8 514.6 499.5 487.2 476.5 465 455.3 450.7 448 450.7 455.9 461.2 462.5 467.5 459.8 457.7 445.5 453.3 458.9 464.7 469.6 476.4 484.2 489.9 497.8 503.1 502.6 501.3 499 481.3 469.6 460.8 453.8 447.1 443.5 440.9 439.8 443.3 448.6 454.2 461.2 467.4 473.8 479.7 485.8 492.3 503.8 510.6 522 534.3 547.1 560.4 569.6 584.1 594.6 602.9 619.1 625.4 608.6 590.8 560.5 553 541.1 526 508.6 484.1 482.6 470 459.6 455.9 451.3 426.2
541.3 542.2 538.5 537.1 536.4 539.7 534.9 523.5 505.3 494 478.3 464.9 456.1 450.2 446.7 445.4 450.2 454.3 455.6 460.2 460.9 451.6 449.7 446.9 454 459.3 465.4 473.1 481.2 488.7 492.8 496.9 498.2 501.2 499.9 481.7 467 458 450.9 445.8 441.1 437.5 437.9 442.7 448.3 452.8 459 465.3 471.9 478.3 484.7 491.3 502.5 509.9 522.5 533.8 546.1 558.5 570.6 582.7 593.1 606.9 625 629.5 614.3 596.3 576.5 568.4 556.2 539.9 523.1 502.8 488.1 476.8 463.6 455.9 453 430
542.5 540.5 536.6 535.1 536.7 538.7 536.7 527.9 510.1 494.8 478 466.5 460 448.7 447.5 444.8 442.4 447.1 448.3 449.8 454.9 449.1 447.6 437.6 448.5 452.8 461.2 467.8 474.2 482.8 486 489.3 493.6 500 495.7 483.1 465.6 453.6 447.7 443.9 438.9 435.8 437.3 441.1 446.3 451.2 457.5 464.6 471.2 476.9 484.3 490.9 500.2 511.7 522.6 533.9 545.6 557.7 570.9 583.3 595.9 609.8 625.6 632 624.2 606.7 589.5 580.3 567.3 555.1 536.1 512.3 496.1 487 465.9 458.2 449.5 432.3
537.2 535.2 531.9 532.3 541 535.5 533.6 529.6 514.9 497.7 479.5 472 458.1 449.3 448.8 447.7 442.9 439.6 441.1 444 445.5 443.9 444.8 434.8 444.1 449.1 455.1 464.3 470.5 477 479.2 481 485.5 495.2 491 481.7 463.6 451 447.1 442.7 438.4 434.5 435.3 439.6 444.3 449.4 457.4 463.2 469.3 476 483.8 490.9 499.8 512.1 522.7 533.9 546.1 558.3 570.9 584.9 598.6 610 624.7 633.1 627.2 609.5 600.9 594 581.6 568.8 553.6 533.7 512.7 497.5 474.1 460.4 454.6 434.5
532.8 531.1 527.8 529.6 537.6 532.5 528.3 524.1 516.3 499.7 480 471.4 457 449.9 448.5 447 444.9 440.2 436.4 438 437.6 436.5 434.6 431.2 436.4 445.3 451.7 458.6 463.5 471.8 472.1 473.7 479.9 486.6 485.1 473.5 460.6 450.1 444.3 440.4 437.1 434.5 434.6 437.8 443.1 448.6 456.2 462.7 469.9 477.1 483.7 490.9 501.3 512.8 523.8 535.2 546.5 559.6 571.8 587.3 599.4 611.7 622.7 629.9 629.5 612.2 607.6 603.9 593.3 578.9 568 550.7 531.1 508.8 490.4 463 455.3 443.9
528.8 524.9 524.7 527.1 531 527.6 521.6 519.2 509.2 499.4 481.3 469.7 456.3 448.9 447.1 446.5 442.2 441.3 435.7 433.1 432.9 433.5 431.6 429.5 431.1 443.3 447.1 457.3 459.9 467.1 463.5 467.9 474 476.6 477 466 455.4 447.6 443.2 441.7 437.4 434.3 434 436.5 442.7 447.2 454.8 462.7 469.5 475.5 482.8 490.8 501.8 513.8 524.4 535.1 547.1 559.7 573.5 587.6 600.6 609.5 616.7 623.3 618.8 611.6 607.3 607.4 602.1 589.5 580 563.7 543.6 524.7 502.2 469.9 462.3 450.7
524.7 519.2 519.3 520.2 523.8 524.7 517.6 510.7 502 490.7 477.1 462.3 454.2 445 443.9 444.8 442.1 438.9 434.5 431.9 429.4 429.8 427 426.3 427.1 440.2 444.5 446.6 457 458.1 452.7 459.3 463 466.3 469.9 459.5 450.1 443.3 441.3 438.9 437.7 435.6 433.1 435.8 441.5 447.3 453.2 460.7 469.3 474.7 481.8 491.7 501.9 512.2 522.9 534.5 545.4 558 571.1 583.6 597.4 601.6 606.5 607 606.2 606.3 601.7 605.7 603.2 595.1 583 572.8 554.2 539.3 505.6 485.9 475.7 460.6
510.6 513.1 512.9 513.5 516 518.8 514.5 511.9 499 490.5 477.7 464.5 452.2 446.1 440.4 440.3 439.1 436.1 434.1 431.8 430.2 424.9 423.8 421.9 425.5 439.1 441.6 442.3 450.3 448.6 446.4 447.9 452.7 455 453 449.8 445.3 441.9 439.2 438.7 436.7 435.9 434.5 434.1 438.7 446.1 451.5 459.7 467.9 474.2 482.1 490.6 500.5 510.8 521 531 542.5 556.3 566.6 578.8 585.9 586.9 589.9 592.3 593.7 596.1 595.3 598 598.6 593.1 581.6 569 561.5 548.8 515.3 505.2 482.1 464.9
504.4 507.5 509.1 509.9 510.6 515.7 510 503.7 497.3 487.8 474.8 462.5 453.3 446.9 440.7 438.9 437.2 434.9 431.6 430.4 431.3 428 421.3 420.6 423.1 430.9 439.6 439.7 437.7 438.8 440.6 439.1 440.3 445.1 444.8 444.2 440.9 439.4 438 437.5 436.4 435.7 432.8 433.3 436.7 443 450.6 460.3 466.4 473.4 480.9 489.4 498.4 507.8 517.7 527.6 538 549.7 559.2 566.4 570.7 574.5 573.6 580.8 582.9 582.9 585 588.3 588.5 588.8 575.9 566.8 549.6 542.6 533.8 519.7 497.3 469.4
495.9 503.2 501.2 500.8 503.4 505.3 505 501.8 491.4 487 476.3 463.8 453.1 444.1 438.2 434.7 433.6 433.3 431.1 427.7 427.1 426.4 421.3 420.4 420.9 424.5 433.5 433.3 428.7 433.9 434.2 434.1 433.1 438.2 438.2 438.9 437.8 435.8 437.4 435.1 436 435.6 434.2 432.1 437 441.9 450.2 457.4 464.8 471.3 479.8 487.4 495.5 504.5 511.9 522.5 532.1 541.3 549 555 559.9 563 568.8 575.2 571.9 573.5 577.2 580 577.9 574.9 571.9 564 555.6 549.9 544.9 526.8 512.2 474.9
486.3 489.8 493.7 492.8 498.1 497.4 495 494.3 493.4 485.8 480.1 463.5 453.8 444.6 443.9 440.3 438.7 440.9 438.1 432.4 424.7 422.5 421.6 420.2 417.2 418.4 425.1 424.3 421.1 423.6 425.2 429.7 431 429.5 429.6 433.3 432.6 432.1 434.1 432.9 433.4 434.6 431.8 432.3 436.2 439.6 448.3 455.8 462.7 469.1 477.2 484.2 491 499.2 507.7 516.7 525.4 534.4 542.5 545.9 551.9 557.8 564.3 566.6 561.8 567.2 568.4 570.9 569.2 570.8 571.7 568.9 559.3 552.8 552.1 536.7 529.6 495.2
483.7 483.9 487.4 488 490.8 490.7 492.9 494.4 488.4 483.5 479.8 466.7 455.7 450.1 450.2 447.8 445.5 445.5 443.8 438.1 433.5 431.1 428.3 425.6 419.4 414.2 415.4 416.7 414 418.8 417.8 422.1 425.5 426.1 426.2 426.1 424.3 427.3 429.7 429.3 430.2 429.3 431.4 432.5 435.3 437.2 446 452.6 459.4 466.2 474.7 481 487.8 495 504.4 511.3 520 528.4 534.6 540.6 546.4 553 559.4 557.2 557.7 558.9 563.1 564.9 564 570.5 574.1 571.6 563.9 555.8 554.2 548 535 514.6
479 481.8 480.2 479.7 480.4 484.5 490 489.7 488.7 486.9 478.7 470.9 462.6 460.2 459.9 458.3 455.3 453 451.6 445.7 442.1 439.9 435.8 430.7 422.6 415.4 409.2 410.6 410.1 412.7 414.6 415.5 421.5 419.8 417.6 417.3 418.1 427.7 425.8 426.9 423.9 428.8 430.8 433.8 434.2 435.3 443.4 451.3 456.8 465.2 471 478.5 485.3 492.9 499.9 507.6 514.8 522.7 527.9 535.5 541.5 547.3 552.6 550.9 553.2 552.8 558.1 560.5 563 574.6 575.9 573.7 564.8 556.7 557.2 552.4 544.4 521.7
481.1 478.4 470.9 473.6 475.5 481.7 484.1 486.6 485.7 484.5 482.8 477.1 474.1 470.6 469 468.2 465.4 462.2 459.3 453.5 449.3 445.8 440.7 436.3 428.9 421.2 412.8 411.9 408.5 404.5 410.1 408.9 410.8 414.7 412.7 413.2 416.2 421.1 421.5 425.4 420.9 427.8 430.1 432.8 432.2 436.4 443.4 449.8 456 464.3 469.8 477.6 484.9 492.6 499 505.6 512.4 517.6 523.8 531.5 536.4 543.3 545.1 547.4 549.4 550.1 553.8 561.1 567 571.9 574.6 566.1 558.2 547.4 547 554.7 545.4 520.1
486.6 481.6 473.2 466.8 468.7 476.2 479.4 480.5 482.3 483.3 485.5 485.9 484.8 482.6 478.4 477 475.9 473.3 465.6 461.2 456.6 451.1 444.6 440.1 432.6 421.7 416.6 415.3 410 405.3 405.3 404.8 405.5 406.5 408.4 411 414.5 415.2 420.7 422.2 420.1 423.6 429.2 430.2 430.4 436.4 443 449 456 462.1 469.9 477.3 485 492.1 498.6 504.3 509.5 515.2 521.3 527.8 534.3 540.5 540.7 544 545.2 546.7 553.7 563.9 566.4 569.8 566.2 560.9 546.2 537.7 542.2 551.7 544.1 513.8
484.2 477.2 472.9 465.1 465.5 470.7 476.5 478.2 479.7 483.7 489.3 494 495 493.4 488.2 486.3 484.6 480.4 475.3 472.2 466.7 459.4 450.6 442 433.1 424.1 419.3 417.9 410.4 406.7 400.3 401.9 402.9 401.9 404.3 409.2 412.2 412.2 415.9 417.2 417.6 422.2 428.3 428.2 428.8 435.3 442.1 448.1 454.2 462.9 470.3 478.1 485.6 492.4 498.8 504.3 508.7 514.6 522.5 528.1 533.3 535.1 537.7 541.1 543.2 549.6 554.2 561.1 564.3 567.3 556.9 548.3 538.4 531.7 532.6 535.5 528.9 497
494.2 484.6 474.9 467.3 462.1 461.7 469.1 472.8 478.5 485.7 491.6 500.8 502.5 498.5 497.5 497.3 496.6 489.9 485 479.7 472.9 466.8 453.4 444.8 435.5 427.7 422.4 418.9 411.3 407.4 403.6 398.4 396.8 399.6 403.3 405 406.7 410 409.9 410.9 416.3 418.9 425.7 428 427.8 435.2 442.1 448.4 455.4 462.6 471 478.7 486.2 493.2 499.1 504.9 508.5 515.5 522.7 529.4 535.7 538.1 538.7 541.1 542.7 550.6 554.4 561.1 556.4 562.6 550 534.3 522.3 520.4 517.1 503.3 485.6 480.3
509.4 492.5 475.6 466.4 458.3 458.9 461.8 468.1 475.6 483.6 491.8 501.9 505.4 506.5 506.3 513.2 508.8 501.4 495 495.7 485.9 479.8 458.1 449.5 438.4 429.4 423.9 418.1 413.6 410.5 405.1 400.5 395 395.9 399.8 403.3 404.3 407.2 406.3 410.7 413.5 417.2 422.4 424.2 426.7 433.8 441.3 448 454.8 462.8 472.5 479.5 487.3 494 500.4 505.3 509.7 516 523.5 531.7 539.7 539.9 540.2 540.7 542.2 548.3 553.5 556.4 552.9 543.8 529.6 520.1 508.3 500.2 483.4 473.9 470.2 468.4
513 488.5 472.9 463.2 452.3 453.6 457.6 461.2 471.1 480.8 489.2 499.4 508.4 511.5 514.9 527.6 519.6 510.2 506.7 506.2 502 493.1 468.4 454.4 442.1 432.6 423.9 418.8 417.8 410.1 406.6 403.6 396 393.9 399 401 401 402.3 402.1 408.9 410.3 415.9 420.4 420.6 425.8 432.4 440.4 447.3 454.3 462.8 472.1 480.3 487 494 499.9 504.5 511.7 517.6 526.8 537.2 541.4 540.7 540.4 539.8 539.7 542.6 543.5 545.3 546.2 535.1 513.6 494.3 484.2 477.7 469.8 465 459 463.4
517.3 486.3 470 458.4 448.6 450.3 453.4 456.5 466 475.9 486.7 499.8 508.9 513.2 518.8 531 524.6 519.5 520.6 522.8 519.9 493.2 474.7 459 443.4 435.2 427.4 423.8 419.2 411.4 407.9 404.4 396.7 393.9 398.6 399.1 399.7 398.8 405.3 407.1 408.8 413.8 415.3 419.9 425.3 429.8 437.8 445 454.3 462.3 471.2 479 485.4 493.3 498.6 505.5 511.4 519.7 526.5 537.2 540.9 540.4 539.8 537.5 535.3 533.8 533.5 531.4 535.3 524.6 497.1 481.5 474.7 468.9 462.2 455.7 454 451.1
522.8 487 462.4 454.3 448.6 443.1 449.1 452.4 460.4 471.2 482.7 497.1 507.4 512.6 518.5 527.5 527.2 524.9 526.1 532.4 522.4 499.4 477.1 459.5 445.7 437.6 431.9 427.8 417.7 410.8 406.2 400.8 394.6 393.8 395.1 397.9 397.1 397.2 401.5 405 409.3 411.6 413.3 415.2 422.2 425.5 431.6 442.9 450.3 460.8 467.2 476.4 485.4 491.8 498.6 504.6 512.1 517.9 526 539.1 541 541.3 539.7 536.4 530.2 522.3 515.6 513 511.4 502.1 483.3 476 467 456.1 453.4 443.6 441.3 448.5
518.8 498.4 467.1 458.6 445.5 435.2 445.6 445.6 457 465.9 478.2 489.3 502.2 514.5 516.1 517.8 524 520.9 525.6 533.9 520 492.6 473.9 459.5 449.1 444.7 438.6 430.9 420.8 412.6 405.3 399.5 393.3 393.9 393.8 396.2 394.9 395.4 399.5 404.8 408.1 410.4 411.9 412.7 418.8 424.6 429 442 449.6 458.5 467.5 473.8 481.1 488.4 495.8 503.8 507.8 514.7 528.7 534.9 537.6 541.8 540 534 524.5 508.4 497.6 491 484.1 474.2 467.8 467.5 459 444.9 441.8 430.1 435.4 444.2
523.7 493.8 469.9 457.5 439.5 432.5 442 444.8 452.5 460.1 470.5 481.1 497.9 513 510.9 513.6 520.9 513.7 512.8 517.8 513.5 485.9 474.1 462.8 457.6 451.5 441.9 432.5 423.3 412.9 404.7 397.4 392.4 386.1 389.6 395.6 394.2 393.6 396.7 403.6 405.1 408.9 408.8 411.5 417.5 423 426.7 439.4 448.3 456.5 465.4 471.9 477.4 486 491.3 500.2 506.6 515.3 528 532.9 537.4 541.3 537.6 535.3 512.5 492.7 474.4 463.3 457.9 457.2 458.4 454.3 449.6 436.5 431 423.1 429.1 435.7
513.1 486.9 462.1 443 434.5 432.2 438.1 438.9 447.3 453.9 461.2 474.4 488.4 499.1 502.7 502.8 506.4 502.6 499.4 506.8 494.9 479.1 467.6 462.5 467.4 455.8 440.4 431.8 421.3 411.8 403.5 394.5 391.4 385.8 389.4 389.9 394 389.4 392.9 400.8 402.8 406.4 407.4 410.1 416.6 422.6 423.2 436.9 446.3 452 463 470.3 475.7 482.2 489.4 494.2 502.9 517.8 527.9 529.6 535.7 539.7 533.3 522.3 500.6 476 453.3 443.3 438.8 438.1 438.1 436.6 430.4 432.2 426 417.2 420.1 427.1
492.8 475.2 451.3 436.5 430.1 429 434.3 432.5 438.7 446.2 455.4 462 471.6 484.2 487 491.1 492.2 489.9 489.6 488.6 477 465.6 456 452.9 460.5 453.8 438 427.2 418.2 409.2 402.1 391.4 388.3 386 383.1 386.6 388.5 384.2 389.8 396.1 400.6 403.3 406.1 406.3 412.6 417.9 422.8 434.4 443.5 449.6 460.2 462.6 473.4 480.1 483.7 495.4 507.5 516.2 521.8 529.4 536.8 533.1 522.3 505.7 476.2 453.1 439 429.3 422.2 421.6 423.6 420.7 421.4 422.5 419.6 410.5 412.2 416.8
