public/OST50/NO06.asc
ncols 200
nrows 200
xllcorner 300000
yllcorner 760000
cellsize 50
[rows 70 to 104 of 200, columns 78 to 155 of 200]
427.7 421.4 416 414.3 412.5 413 411.8 396.4 390.8 381 376.8 362.9 337.1 333.8 332.4 333.1 327 322.1 310.4 316.7 327 330.6 328.2 327 330.7 344.4 354.1 363.8 372.8 383.8 394 403 409.9 416.7 421.8 422.6 423.5 424.3 425.5 426 424.7 427.7 429.5 430.8 431.4 432.2 439.9 450.6 462.9 464.3 468.9 471.1 469.8 466.3 462.4 457.1 449.5 448.7 449.2 442.6 438.9 431 427.9 428.7 428.2 439.8 448.5 456.5 465 476.1 484.1 488.4 490.7 492 489.9 484 478.4 469.1
425.6 421 411.3 409.9 410.1 411.6 412.2 402.1 388.4 384.9 379.3 363.6 341.2 334.4 332.8 331.1 325.7 323.1 313.2 312.4 316.3 317.9 323.2 335.9 346.5 353.5 360.8 369 374.9 384.9 394.2 405.8 415.8 422 426.7 428.9 429.9 430.1 431.1 431.2 429.7 429 430.1 430.5 430.4 429 430.8 436.2 445.1 452.2 456.7 457.7 458.3 458 457.3 453.7 448.4 443.2 440.7 435.4 429.1 427.2 423.2 422.6 430.2 440.5 447 453.7 461.6 472 480 485.7 489.2 490.2 487.1 481.6 474.8 467
424.1 418.5 411.3 406.7 407.4 409 404.4 402.2 387.6 389.2 383.8 367.3 340.1 334.8 333.1 329.9 323.7 325.2 319.2 311.7 311.9 322.2 333.6 343.5 350.8 357.5 364.9 373.1 381.1 389.7 399.5 410.1 420 427.7 432.4 435 436.9 436.7 437.2 437.5 434.9 432 431 430.4 428.9 426.6 425.7 428.1 431.1 437.5 443.8 447.6 448.3 451.5 454.2 455.7 449.5 441 437.1 429.8 424.6 422.9 419.7 426.2 431.6 439.6 444.9 451.6 458.4 467.9 474.7 480.2 486.7 486.8 484.5 480.7 474.8 467
423.9 417.7 407.2 404.1 403.8 404.3 401.1 393.9 387.4 392 387.8 370.9 345 334 328.1 325.3 321.9 321.3 323.4 313.6 303.6 321.3 335.4 347.8 353.3 360.3 367.2 374.2 383.5 395.4 403.9 412.8 426.5 435.1 437.9 442 444.6 443.5 446.2 445.9 441.8 436.9 434.6 432.6 430.5 426.5 420.7 423.8 425.8 428.7 432.7 436.2 439.2 443.2 449.2 451.9 447.9 441.1 437.5 429.7 421.5 420.2 422 424.3 429.1 438.5 443.9 449.8 455.8 461.8 468.8 476.4 482.9 486.4 485.9 478.8 475.5 467.6
426.1 412.9 401.9 399.1 398 398.7 395.2 388.4 386 386.7 384.2 366.9 351.2 337.6 324.6 323.6 319.9 320.5 322.3 315 310.5 313.5 333.4 346.7 355.8 363.8 371.2 378.7 388 397.9 406.6 414.7 431.4 439.9 442.4 450 452.9 451.9 452.4 457.3 452.4 446.4 440.5 435.3 431.7 427.9 421.7 418.4 419.6 421.7 424.6 428 431.4 434.8 439.5 446 444.4 441.3 434.7 431.2 423.5 414.9 422.5 421.6 427.3 436.8 441.1 447.8 454.1 459 464.6 471.8 478.7 483.7 485.6 482.2 475.4 467.8
424.9 409.4 400.6 394.8 393.1 391.9 387.9 383.3 383.9 384.4 380.2 365 341.6 330.4 321.8 319.4 321 321.3 320.2 315.2 310.5 315 333.8 346.6 358.3 367.2 375.1 382.6 390.7 399.2 409 417.9 434.8 445.3 447.5 457.8 459.7 461 462.6 470.5 465.5 459.2 450 441.9 436 430.4 423.3 414.5 413.5 415.1 417.8 421 424.5 427.9 431 434.9 438.1 436.9 432.4 424.2 420.6 413.5 420.3 419.4 425.6 434.9 439.5 445.7 451.8 457.7 461.4 466.1 472.3 479.5 483.4 483.4 478.3 469.2
426.5 412.1 397.2 391.9 385.1 382.5 381.9 381.2 379 379.1 371.6 352.1 339.1 321.6 318.2 315.8 317.5 319.1 318.5 313.3 300.1 317.8 336.6 345.9 359.7 369.4 377.7 385 392.7 400.6 413 420.9 433.5 443.9 454.1 464 468.2 469.9 473.2 481.7 475.3 469.4 462.9 452.5 443 434.6 427.7 421 415 410.5 412.5 414.5 416.9 420.3 423.6 427.4 429.5 431.2 426.9 420 422.4 411 416.6 418.8 425 433.2 437.5 441.9 448 454.6 457.5 462.5 467.4 473 477.3 482.1 478.1 471.1
429.5 407.8 394.5 389.7 384.1 378.7 377.3 376.2 376.3 371.3 360.6 347.5 341.5 326.6 317.1 315.4 319.1 315.9 313.5 306 312.3 329.6 340.3 352 362 370 378.8 386.5 394.3 401.8 417.4 424.9 437 450.4 458.8 472 478 477.4 482.4 490 485.2 477.6 470.8 464.3 452.5 443.5 432.6 425.5 418.7 411.1 407.3 408.2 411.3 413.2 416.3 419.9 423.4 423.5 421.3 416.6 419.4 415.6 409.8 413.9 421.8 430.9 435.5 438 444.1 451.8 454.7 457.7 460.7 466.9 472.6 473.1 474.8 472.7
425.3 408.8 391.6 385 378.9 372.7 370.6 370.1 373.3 367.3 358.9 340.3 330.4 321.8 315.3 315.3 314.1 313.3 307.3 298.3 320.8 335.3 343.5 356.9 360.1 373.2 380.9 388 395.7 403.5 413.4 423.1 439.5 455 463.5 478.1 484 485.9 491.2 496.6 496.7 494.6 484.6 476.5 463.1 449.2 440.9 430.5 421.5 415 409.7 405.7 404.8 408.5 410.2 413.5 416.8 418.4 416.1 414.2 415.6 414.8 404.4 408.3 419.7 427.4 431.4 435.4 441.4 446.5 451.4 454.4 457.5 459 463.2 467.2 467.6 468.3
422.4 405.9 392.1 382.2 374.7 369.8 362.7 366.1 367.1 361 350.9 335.5 325.8 316.9 310.3 311.7 310.8 304.8 304.1 317.9 331.5 341.5 355.8 357 367.9 375.8 383.1 390.2 397.2 404.7 414.4 424.8 437.2 459.7 467.8 482.9 488.1 492.8 497.6 509.5 515.6 509.3 497.3 485.8 473.6 456.9 449.7 440.5 428.2 417.3 412.3 408.2 404.2 402 404.7 407.1 409.9 412 411.8 410.9 410.5 413.5 405.6 406.9 417.3 421.7 428.1 431.8 435.8 439.7 444 447.1 450.4 453.9 456.5 459.2 460 460.6
411.7 401.5 387.3 379.4 371.1 364.5 359.7 363.4 360.1 356.9 347.6 335.6 320.7 310.7 310 307.5 301.1 298.6 310.7 328.1 337.1 351.6 354.2 359.2 371.6 378.7 384.4 390.8 398.6 406.9 415.4 425 437.6 453.4 462.6 475.4 487.7 496.7 503 507.9 518.8 512.7 507.1 496.1 479.8 465.5 454.5 446.7 435.6 422.7 413.2 409.1 404.8 400.8 399.2 401.9 404.6 406 406.4 406.9 408.6 409.2 405.1 407.6 415.4 417.5 425.3 428.4 431.1 433.7 436.8 440.4 443.6 446.5 449.4 451.2 453.5 454.1
406.9 396.4 383.4 373.9 367.3 362.2 354.1 359.9 356 350.8 339.8 333.1 320.3 309 309.1 302.2 297.8 294.5 316.2 332.6 343.7 355.9 349.9 363.8 374.7 379.9 386 393 400.6 408.4 416.6 426.6 437.1 450.4 461.7 477.1 488.9 500.6 503.7 508.4 514.4 515 511.1 503.5 487.4 476.2 461.5 448.8 440.4 429 414.3 409.9 405.9 401 398.9 397.8 400.2 402.7 404.6 404.7 404.3 405.3 402 404 409.2 413 418.2 424.4 427.9 429.3 432.2 435.2 437.9 439.8 442.8 445.5 447.1 447.5
406.6 398.4 389.6 376.5 366.5 358.6 350.1 354.7 351 346 329.8 323.2 314.4 307.5 303.7 296.6 292.3 304 323.1 336.9 349.9 344.3 354.1 366 375.7 381.8 387.9 394.7 401.8 408.5 417.2 428 438.4 451.3 467.2 482.4 501.3 508.3 505.8 505.3 511.2 511.5 507 503.4 492.6 485.1 470.5 457.4 444.8 434.3 421.8 411.4 407.7 402.5 397.8 396 396.6 398.9 401.8 403.7 402.7 401.6 398.5 399.4 407.1 409.5 412 419.4 427 429.1 430.7 432.4 433.7 435 437.4 440.9 441.6 441.5
413.6 402.1 391.9 380.5 365.3 356.5 349.9 350.5 347.7 339.7 323.2 316.3 306.5 304.1 299.6 293.4 298.1 314.9 329.3 342 338.6 347.3 359.7 370.4 376.9 383.2 389.5 395.7 402.3 408.6 420 429.9 441.1 453.1 472.2 481.6 506.8 509.9 506.1 504.7 509.5 507.5 503.1 498.8 493 486.6 476 468.4 451.5 438.2 428.9 416.4 411.1 407.4 399.3 395.7 394.2 394.5 396.7 397 397.9 401.1 398.6 396.4 404 405.7 409.1 413.9 419.7 423.3 426.4 428.2 429.5 430.6 432.4 435.7 435.5 436.4
423.3 401.7 390.5 378.5 365.6 353 345.5 340.3 345.9 335.1 324.3 318.2 303.3 301 297 293.4 302.8 321 332.4 333.5 336.6 349.5 364.4 371.3 377.3 384.1 390.1 397.4 403.4 409.4 420.6 432.8 444.9 455.2 472.1 484.6 502.5 509.7 504.5 503.9 499.8 507.4 501.3 496.1 493.9 491.3 486.1 473.6 463 444.3 435.3 424.7 415.2 410.9 401.4 396.2 392.6 393.5 392.4 393.9 395 394.4 396.1 392.8 399.7 404.7 406.1 409.4 413.5 417 421.1 423.5 426.1 426.5 428.1 428 431.7 431.6
423.7 404 390.8 376.2 366.9 352.2 341 335 337.5 324 315.1 304.4 303.5 297.9 291.9 290.7 308 320 322.9 327.2 339.5 352 365 372.2 378.3 383.8 390.2 398.4 405.2 411.1 423.9 438.1 447 460.1 476.8 489.3 499.1 501.3 500.7 502.6 496.7 500 494.6 493.3 493.8 487.6 487 482 469.7 453.3 442.6 432.8 421.2 412.3 403.6 399.6 392.7 390.9 391.2 390.6 392.2 393.3 394.1 392.8 397.3 401.7 403.7 405.7 408.8 412.6 415.3 417.1 420.1 421.7 423.3 424.3 426 426.9
424 407.6 401.4 377.8 369.7 351.7 335.3 334.6 326.9 320.5 312.2 300.7 303.7 292.9 290.8 289.7 309 316.4 316.2 329.8 345 357.3 366.4 372.6 378.4 383.7 390 398 405.8 413.7 423.8 440.7 453.7 472.4 484.1 494.8 503.6 504.1 498.1 501 493.6 489.2 485.2 485.9 483.4 481.7 483.3 482.1 476.8 465.1 450.2 436.9 427 415.3 406.8 405.4 395.1 391 389.9 389.6 392.5 392.5 392.5 390.5 397.7 398.1 400.2 401.4 404 407.1 410 411.6 414.6 416.6 418.1 419.7 420.1 420.9
429.2 409.8 402.9 381.2 367.1 349.8 334.4 325.6 322.9 315.1 301.3 302.3 296.8 287 288.6 297.6 307.8 310.8 324 337.5 349.8 359.5 365.7 371.1 377.5 383.4 388 395.9 408.5 418.8 432.8 446.9 462.6 478.7 486.1 499.2 503.5 505.1 494.2 493.9 486.9 481.4 478.4 471.7 470.5 473.4 470.6 479.5 479.3 474.4 464 446.8 431.4 419.4 409.2 405.4 397.2 391.4 389 388.8 390.5 389.5 389.1 388.9 395.3 396.7 396.1 396.4 398 401.8 404.8 407.5 409.8 412.6 414.9 415.4 415.4 414.8
435.6 410.3 406.1 388.4 368.4 350.9 331.3 321.8 318.2 312 300.1 300.6 286.3 293.7 296.8 297.6 306.2 313.9 328.2 340.5 349.5 358.2 363.9 369.2 375.9 382.3 386.8 391.8 410.9 425.6 436.7 450.9 466 482.5 486.7 495.7 501.7 500.9 489.3 486.7 477 464.6 461.9 461.2 459.4 457.4 461.4 472.2 473.8 472.8 466.8 454.8 437.1 422.1 413.8 405.8 398.8 393.6 388.3 387.7 388.8 388.4 387.2 389.1 387.3 395.2 393.6 392.3 394.7 397.6 400.4 402.1 404.4 406.4 411.1 411.8 412.1 412.2
445.8 416.5 409 396.1 371.2 354.3 336.9 320.7 315.2 308 297.9 291.4 289.1 295.9 296.1 296.3 304 315.8 329 339.8 346.9 355.2 361.4 367.2 373.7 380.4 385.4 389 407.5 426.3 438.5 450.6 471.9 490.9 487.6 491.7 499.6 498.1 488.3 470.2 463.5 457.6 456.5 454.8 452.5 452.8 456.9 465.6 465.1 466.4 466.5 458.9 442.5 429 418.9 408.1 401.4 392 388.2 387.5 387.4 386.2 387.5 388.6 386.2 391.3 391.4 389.9 391.4 394.1 396.4 398.8 400.1 401.9 404.7 406.5 407.3 408.8
457 429.3 417.3 400.6 373.1 357.1 334.2 319.3 311.8 307 294.8 287.2 294.3 295.7 295.2 295.4 305.1 317.5 328.7 337 344 352.4 358.5 364.5 370.5 378 383.9 388.5 400.8 425.5 433.6 451.2 469.7 487.8 488.9 491.6 492.6 492.4 481.6 456.6 455.6 450.2 449 447.5 443.1 445.1 446 454.4 460.6 464.9 463.1 461.5 449.7 433.1 421.7 412.6 401.4 393.3 389.9 388.4 388.2 387 386.9 385.8 384.2 386.5 388.7 388.6 388.1 390 392.1 394.8 397.5 398.8 401.5 402.7 404.2 404.7
474.1 439 420.2 407.1 379.9 356.4 336 321.3 315.6 305.7 294.5 284 295.4 294.9 294.4 295.1 305.7 319.6 327.9 334.7 341.6 349.4 355.7 361.6 367 373.9 381.5 384.3 398.3 420.4 433.5 450.5 466.8 487.4 486.5 485.8 492.5 488.4 470.5 447.3 443.8 441.6 439.7 438.5 437.9 441.2 439 447.9 454.6 458.9 459.8 459 450.5 443.3 428.4 420.4 403.5 396 392.5 390.7 390.1 387.3 384.3 383.3 382.3 383 384.2 386.6 386.6 386.8 388.4 391.3 394.8 396 397.6 399.4 400.7 401.4
493.1 449.9 424.2 414.6 384.8 358.4 335 323.4 315.2 305.4 294.1 284.1 295.4 294.5 293.9 295.6 308.2 318.6 326.2 332.5 339.3 346.2 352.7 358.7 363.8 369.8 377.6 380.9 391.7 412.7 430.2 452.3 460.5 486.4 482.5 478.4 482.4 483 470.3 443.7 430.9 431.2 430.2 431.8 432.4 435.3 433.5 438.2 447.2 449.6 452.6 454 449.7 443.4 435.5 424.1 413.3 401.4 395.9 393.8 390.9 387.7 384.8 383.6 380.6 380.7 381.4 382.4 384 385.5 387.5 389.4 391.5 393.1 393.6 394.2 395.7 398.2
500.4 455 428.3 412 389 365 337.9 326.7 318.3 306.7 293.2 282.9 293 292.7 292.9 296.3 306.3 316.7 324.1 330.4 336.4 343 349.7 355.5 360.4 365.7 374.2 378.4 382.8 392.3 419.6 432.3 454.6 479.6 480 467.5 475.8 472.4 462 436.5 425.2 421.3 422.8 426.4 426.7 429.3 429.4 433 440.2 442.6 444.9 447.1 444.8 441 434.1 431.3 422.3 409.7 400.4 395.9 391.5 388.1 385.6 384.4 381.4 379.4 379.4 380.6 382 384.1 385.2 386.3 388.3 389.5 389.8 390.8 391.3 393.8
495 461.2 430.5 403.6 386.9 366.9 339.2 325.9 316.3 307.3 290.7 283.5 292.9 292.3 292.3 297 299.7 312.6 322.6 328.5 333.3 339.7 345.2 351.6 357.5 361.9 368.8 374.4 376.9 383.4 401.9 422.3 433.7 458.8 470 462.7 465.3 456.9 443.3 433.4 420 414.9 416.7 419.7 423.7 426.1 425.5 426.8 430.7 439.1 434.1 435.9 434.6 434.1 433.9 431.9 424.5 412.3 403.2 396.7 391.4 388.5 387.2 384.9 381.2 377.9 379.9 378.5 379.6 381.1 382.2 382.7 384.7 384.6 386.5 388.2 388.4 390.2
482.3 462.2 423.8 402 390.8 371.7 341.2 324.8 313 302.7 290.7 283.2 292.1 292 291.6 296.3 297.5 308.7 318.5 326 331.6 336.1 341.6 347.7 353.6 358.3 362.9 371.5 372.5 372 391.5 404.7 412 432.1 446.7 446.9 440.3 436.9 432 429.3 418.4 410 411.1 414.7 418.5 419 419.8 418.2 422.1 429.6 425.1 426.7 436.4 437.3 434.9 433.4 424.3 416 405.7 397.8 391.1 387.4 386.7 384.6 381.2 378.1 378 376.7 377.5 378.7 381.3 380.8 380.8 381.6 383 384 383.8 385.2
468.6 446.4 418.6 401.4 393.8 371.3 340.2 323.8 312.1 302.4 290.1 282.1 290.7 290.8 290.6 294.9 296.2 301.5 315.2 323.4 328.4 332.3 338.3 342.6 349.5 354.8 359 367.3 367.5 364.9 372.1 387.5 394 405.3 422.8 425.9 424.3 422.9 423.4 426.8 415.6 405.9 405 407 411.5 414.4 415.4 413.2 413.6 422 423.2 433.9 443.8 448.3 439 432.3 424.7 415.6 406.7 398.1 390.7 387.2 386.8 384 381 378.1 374.6 375.3 375.8 376.4 379.5 378.4 378.6 379.8 380.7 381.1 381.5 382.3
460.3 433.6 413 399.9 389.8 362.9 340.4 324.5 311.1 300.1 288.6 280.3 290.8 290.8 290 294.5 295.1 298.3 313.4 321.1 325.3 329.5 334.8 338 343.7 350.1 353.8 359.6 361.7 361.7 361 375.3 385.1 387.8 395 407.8 409.6 412.4 413.1 419.3 412.1 402.6 400.3 398.1 402.4 406.2 409.1 406.6 410.4 422.3 424.5 432.7 441.6 443.8 443 435.5 427.6 419.1 406.9 398.4 392.1 387.4 386.7 382.9 379.7 377.4 374.8 373.5 374.8 375 375.6 376.3 376.9 379.2 381.3 381.5 381.3 380.9
444.1 428.1 408.1 399.8 384.3 360 343.3 328.6 312.1 301.9 289.9 279.2 290.4 290.5 289.8 292.3 294.3 299.6 311 318.7 322.5 325.8 331.9 335.5 337.7 343.3 348.9 350.7 355.8 357.7 353.3 362.5 380.1 376.2 379.8 387.8 395.3 400.4 404 410.4 408.5 398.3 393.1 394.7 395.5 398 401.3 403.4 412.9 416.3 421.9 434.6 441 448.1 444.2 437.2 429.1 417.6 409.2 400.3 394.2 388.4 385.1 380.7 378.6 376.8 374.3 371.6 372.4 372.6 374 376.3 377.4 380.2 383 383.7 382.5 380.9
443.2 425.7 406.3 396.8 376.6 356.9 344.1 324.9 312.8 301.6 291.5 280.8 289.5 289.6 288.4 291.4 293.6 300 309.5 316.2 320.6 323.4 329.4 332 334.7 338.1 343.4 345.9 351.2 352 352.2 352.2 364.7 368.3 372.3 373.5 380.4 387.3 394.2 396.5 401.8 392.4 384.6 386.5 388.9 390.1 396.6 402.2 410.2 414.1 421.8 434.4 440.6 446.9 451.7 441.2 433.6 420 408.9 403.3 395.8 389.2 384.7 382 378.7 376.7 374.4 372.6 371.4 368.8 372 374.2 377.7 381.3 385.3 387.5 386.2 383
444.9 421.2 402.9 391.2 369.5 353.1 345.1 327.3 311.7 303 290.7 281.9 280.2 289 290.3 290.9 293.4 295.9 306.8 313 318.4 320.3 324.9 327.8 331.7 334.1 338.2 340.8 343.5 348 350.2 347.9 354.2 363.5 364.4 363.2 368.3 377.8 384.6 384.7 389.4 383.3 380.7 381.2 385.9 388.4 396.4 402.3 408.1 409.3 411.8 431.7 438.5 440.4 446.4 443 437.2 423.3 415.2 408.5 399.1 391.4 387.3 383.4 379.4 376.3 373.6 373.7 374.8 372.4 367.9 373.1 377.4 381.4 384.6 386.9 386.6 384.7
442.6 418.3 398.9 387.8 366.7 353.6 345.5 332.2 314.1 302 292.2 284.1 277.2 287.2 292.4 291.8 291.9 292.8 302.7 309.4 313.9 317.5 322.3 324.8 328.7 331.2 333.8 336.7 338.9 342.8 343.3 344.8 348 351.1 359 358.8 356.9 364.6 372.5 374.9 377.4 376.2 376.2 378.6 382.8 385.2 388.6 395.8 400.7 401 401.7 420.1 431.3 435.7 441.7 447.8 437.5 429.4 420.4 412 402 396.3 389.1 383.6 379.3 376 374.1 374.1 373.5 370.2 365.9 371.6 377.1 380.7 383.7 386.2 386.8 386
440.5 424.3 394.8 379.4 364.6 354.1 349.2 336.7 317.9 304.7 298.2 286 277.7 285.7 291.1 291.2 291.3 290.8 299.6 307.6 309.2 313.8 320.4 322.8 326 327.8 329.9 332.4 334.7 338.7 340.9 340.6 344.2 346.5 349.4 351.9 348 353.7 357.5 362.7 370.9 371.3 375 376 378.6 380.7 381.4 384.9 390.9 394.5 395.3 407.7 422.5 425.6 435 443.8 440.5 432.5 423.3 414.2 404 397.1 390.2 383.9 379.8 376.9 374.8 372.7 372.1 366.4 363.9 371.1 377.4 380.5 382.7 384.2 385.1 385.9
433.6 432.8 393.3 375.1 365.7 350.7 339.4 326.1 318.1 308.9 302.8 292.9 280.4 283.1 290.7 290.8 290.1 290.2 296.1 304.3 305.9 312.2 318.7 320.7 324.5 325.6 326.9 329.8 330.4 332.9 336.9 338.3 338.5 340.3 343.5 346.3 342.5 345.7 351.3 358 366.4 366.2 366.3 370.2 371.4 376.6 376.7 379 383.1 386.5 389.8 396.2 412 423 432.8 437 436.4 430.6 423.7 421.7 410.9 398.6 389.4 384.9 381.1 378.5 375.5 373.3 368.9 364.2 362.9 369.7 377.6 380 380.5 381.4 382.3 383.4
422.9 429.5 391.4 370.6 356.4 352.4 342.4 329.7 314.8 307 300.9 296.3 284.6 274.3 287.4 289.9 289.4 289.8 292.2 299.5 306.4 310.8 315 318.1 322.1 323.6 325.1 327.1 327.2 328.7 330.6 333.8 334.5 336.7 337.5 336.8 341.3 344.1 349.5 354.8 359 361.1 363.5 364.7 364.5 368.6 373.9 376.5 379.6 381.2 384.9 388.3 405.8 418.5 421.8 430.5 433.4 430.1 425.9 423.9 413.5 404.8 393.2 385.9 381.9 379.2 375.8 372.3 368 361 361.9 368.5 376.4 378.8 378.5 378.7 379.7 381.4
