public/OST50/NO07.asc
ncols 200
nrows 200
xllcorner 300000
yllcorner 770000
cellsize 50
[rows 105 to 139 of 200, columns 0 to 77 of 200]
636.3 639.4 646.8 652.4 647.1 650.4 660.1 672.2 673.6 659.8 640 627.9 611.3 603.9 600.2 593 589.5 591.8 603.8 612.6 620.2 631.6 649 664.9 680.9 696 715.6 730.3 746.9 776.6 792.3 799 801.3 804.8 812.2 807.1 801.6 790.7 776.1 765.1 761.7 763.1 765.1 766.5 767.7 768.6 770.6 772.3 767.6 765.9 765.2 762.3 757.8 758.4 756.8 758.6 769.7 781.1 796.4 806.4 817.6 824.6 825.8 820.7 809.5 793.2 774.1 759.6 751.4 754.4 756.8 765 776.1 782.8 795.8 809.9 817.6 823.3
633.5 637.8 644.5 649.4 645.6 645.4 648.4 658.1 667.8 648.1 624.6 612 600.8 596.4 596.9 589.4 584.8 592.7 603.8 612.2 620.4 633.4 650 663.4 679.6 694.7 708.3 719.2 735.4 757.8 777.1 778.1 778.6 780.3 790 788 781.9 777 770.6 766.4 761.6 762.2 764.1 768.2 765.3 765.7 766.5 766.6 763.8 762.1 760.6 756.9 756.6 756.3 755 754.7 761.5 775.1 790.9 803 814 821.5 823 816.6 809.6 793.8 780.3 763.1 752.1 743.7 753.4 760.4 765.8 775 783.9 799.6 809.8 812.3
631.4 636.5 636.8 639.1 639.5 643.6 644.5 639.8 638.8 624.7 607.8 597.1 591.7 590.8 593.2 588.1 585 589.1 600.9 610.3 621.3 634.3 650.7 662.5 678.8 694.7 704.8 714.2 727.8 744.8 759.5 758.7 760 765.7 766.4 767.5 769.2 766.4 764.2 763.6 762.6 760.8 760.1 767.8 763.6 759.8 761.9 762.5 761.3 759.9 757.6 756.3 754.6 754.8 753.9 753 758.9 772.1 786 799 810.6 817.8 820.1 814.7 808 795.5 782.1 768.6 758.6 741.2 745.5 754.3 759.4 768 775.5 787.5 797.7 804.6
630.8 632.6 635.9 636.9 636.3 644.2 640.3 635.9 618.8 607.9 592.8 584.7 581.2 584.7 587.7 589.1 583.7 589.5 599.9 611.5 622.5 635.7 649.1 662.3 681.2 694.9 704.4 712.6 725.9 733.9 744.1 743.5 740.6 753.5 758.1 760.2 762.4 763.1 763.4 763.8 763.3 763.6 760.3 760.5 757.1 756.2 756.3 757.5 757.1 754.8 753.5 754.2 753.5 752.4 751.4 751.4 758.2 768.3 780.3 793.7 806.8 813.2 815 813.4 806.2 796.7 784 768.1 754.8 742.2 737.1 740.1 749.8 759.8 769.9 779.8 789.1 798
636.6 636.8 640.6 636.5 637.1 634.7 627.8 631.9 608.7 594.8 582.1 577.3 573.6 578 581.3 586 580.7 588.5 599.1 611 623 635.5 646.5 661.1 678.5 695.1 705.2 713.4 722.6 727.1 729.7 729.2 730.4 738.8 746.8 751.6 758.1 763.1 764.5 763.7 764.1 763 759.9 757.1 755.8 754.7 753.2 752.4 752.4 754.1 753.8 753.5 753.4 751.6 749.8 746.1 756.3 765.3 776 790.2 802 809.5 812 810 804.6 795.6 785 769.9 753.7 740.8 730.8 731.9 742 750.6 762.5 773.3 783.7 791.9
639.4 644.1 645.6 637.9 633.6 630 621.6 613 605.3 582.2 572.4 566.4 563.8 569.1 575.3 580.1 575.8 588.1 597.3 609.3 621.5 632.7 642.7 657.1 674.3 692.6 707.5 715.5 720.4 723.9 725 722.5 718.8 723.1 726.6 737.2 750.3 761.4 767.6 766.2 763.9 763.2 760.6 757.2 753.6 754.1 753.6 752.7 751.1 752.2 752 751.4 752.9 753 749.3 740.5 753.6 761.8 772.4 785.2 796.9 805.3 807.1 805 801.9 795.3 785 771.8 756.8 744.4 734.3 720.4 732.7 743.4 753.8 765.6 773.7 779.3
636.7 641.3 643.2 639.7 636.9 634.4 625.9 609.3 599.6 586.1 567.9 555.1 556.5 559.4 567.1 568.3 574.5 587.9 596 607.2 619.3 630.4 640.9 653.1 668.6 686.9 702.3 714.1 720 720.3 720.1 716.7 710.2 712.9 711.3 718.6 736.2 754.3 766 768 766.2 763.5 759.5 756.9 752.9 752.3 752.9 752.6 751.3 749.1 749.6 749.7 750.5 742.1 738.5 739.2 751.3 758.1 765.7 777.9 788.6 798.8 802.3 797.9 794 790.2 781.5 769.8 756.5 744 731.8 721.6 721.5 735.9 745.1 758.3 766.9 773.9
635.3 639.2 642.8 645.6 643.8 640.2 634.7 604.7 592 580.9 560.1 550.1 545.9 549.1 553.5 561.1 572.8 586.5 593.3 601.9 613.7 628.4 639.5 650.2 664.7 682.8 697.9 706.4 714.9 720.7 718.3 714.2 702.4 697.2 698.8 704.4 721.9 741.1 758.3 762.9 762.6 763.5 759.8 756 753.7 750.9 750.8 751.7 750.2 750 749.1 746.6 744.8 741.4 736 742.3 747 753.3 760.5 770.8 780.8 788.8 791.6 788.5 786 779.9 773 767.5 757.1 744.4 733 722.9 711.1 722.8 738.4 750.9 762.7 768.9
635.7 637.8 642.4 648.6 649.1 643.7 632.6 611.1 583.3 566.4 555.8 542.4 536.5 536.8 544.4 553.7 572.1 581 589.1 598.4 609.6 626.5 638.5 651.6 663 680 694.6 695.2 702.8 714.6 713.5 709.2 705.2 696.6 687.4 694.4 709.5 726.7 745.8 753.8 755.7 760.2 758.2 755.9 752.8 749.6 748.1 749.1 749.6 748.4 747.9 743.1 741.1 736.4 729.9 737 741.7 745.2 751.2 759.6 767.5 776.4 778.9 776.8 774.2 767.4 761 758.2 754.8 745.6 727.3 717.7 705.1 718.1 732 746.1 755.7 765.4
635.1 636.3 643.4 653 653.1 648.8 623.9 592.7 576.8 564.1 543.5 534.6 529.8 530.6 541.9 549.7 564.3 576.9 585.1 594.9 607.2 623.7 638.5 654.1 661.4 671.7 686.2 685.8 691.1 695.8 700.3 700.1 696.8 692.8 683 684.7 692.9 711.6 726.1 739.4 746.6 754.1 756.2 754.4 752.4 749.3 746 746.8 747.4 745.2 744.4 742.8 740.8 740.3 735.8 725.5 728.7 737.4 741.3 749.8 755.6 761.8 763.9 763.4 757.9 751.6 746.7 745.3 749.7 744.3 730.8 714.9 699.2 706.8 723.4 738.2 748.6 755.9
633.2 637.4 646.8 659 665 663.5 635 601 576.5 556 544.7 530.9 526.4 528.1 536.9 544 558.9 573.1 580.6 591.4 602.9 620.9 633.4 650.5 659.1 662.8 671 677.7 676.7 671.6 679.6 680.5 680.9 685.2 680.1 676.1 682.6 694.7 706.8 724.9 735.2 746.1 751.2 751.9 750.8 747.4 744.9 745 745 742.7 740.4 740.4 740.2 739.4 737.8 733.1 715.8 720 730.9 740.3 744.1 746 746.3 743.9 740.1 736.6 734.1 732.2 733.7 734 722.5 713 695.6 695.7 718.4 729 740.9 747.6
634.1 640.4 657 673 676.5 666.8 634.6 601.3 566.3 548.7 539.6 528.8 524.5 528.8 533.9 538.1 551.8 566.7 576.4 588 597 613.9 625.8 642.9 656.9 659.4 656.1 656.4 657.9 657.3 657.2 655.9 663.9 675.8 677.3 667.6 674.7 683.6 696.3 710.2 724.9 738 746.9 749.7 748.7 746.6 744.1 742.3 741.9 740.2 737.7 737.3 737.3 738.2 737.6 733.6 718.7 710.5 721.7 728 728.6 730 732.8 729.9 726.3 722.8 720.4 716.5 713.8 713.2 709.3 703.8 700.4 689.9 713.3 722.3 733.9 741.5
640.2 652.9 668 686.5 686.7 668.9 627.6 588.6 561.7 545.5 535.7 525.7 524.4 528.9 531.4 535.1 547.7 562 571.6 585.9 592.1 609.3 621.1 630.8 648.2 648.7 646.1 646.6 646 643.8 643.5 639.5 644.9 660.4 666.1 663.3 668.5 674.9 685.6 698.3 712.5 728.3 741 745.6 745.2 743.5 742.5 739 739.9 738.8 736.7 733.2 732.3 731 733.1 731.3 720.2 706.4 716.4 716.7 716.8 717.7 716.3 715.9 714.6 711.4 707.9 702.6 700.8 702.3 701.1 699.3 692.6 685.1 703.6 714.5 728.9 734.3
647.4 661.4 677.3 695.8 688.7 672.9 627.5 589.2 565.2 548.3 536.1 524.4 523 525 527.5 531.7 542.5 554.9 567.3 580.9 589.4 605 616.3 624.8 632.6 639.5 641 639 635.6 635.6 634 628.8 628 636.8 651.2 652.9 660 667.3 678 687.6 700.9 718 734.9 738.7 741.3 740.5 741.8 741.7 740.8 739.9 739.4 736.7 730.6 724.8 722.9 718.6 706.8 696.7 707.3 709.7 709.6 707.4 704.3 702.2 701.1 699.1 696.3 692.6 690.8 692.3 692.9 693.6 691.7 676.6 692.4 705.5 714.1 720.6
653.7 670.5 686.5 698 687.6 664.4 621.3 590.1 569.6 554.4 538.3 524.7 520.1 522.9 524.6 526.9 536.9 547.8 559 573.1 584.6 597 609.4 619 627.5 631.2 634.9 635 626.6 623.3 626.6 620.3 618.8 621.5 631.2 641.8 650.6 659.1 671.3 681.1 691.8 705.1 720.8 728.9 732.3 735.4 743.8 744 744.5 743.3 740.5 737.9 732.8 727.1 720.5 711.2 699.6 693 705.3 705.5 705.5 704.7 701.1 694.8 694 691.8 686.9 682 680.2 682.5 682.9 682.5 685.6 671 683.3 694.4 704.4 710.5
661.2 679.5 696.2 707 700.3 675.3 631 597.9 572.4 555.8 538.3 524.2 520.3 520.6 523 524.6 532.2 542.1 553.8 564.5 577.1 591.7 603.6 613.1 620.1 626.1 632.4 633.9 619.8 610.3 609.5 610.9 609.8 611.4 617.2 629.5 640.1 650.5 664.3 676.4 685.6 697.4 711.3 718.9 721.9 727.6 737.2 741.6 747.7 748.8 746.2 739.9 735.7 731.1 726.2 722.1 711.8 692 698.4 697.8 703.3 703 699.5 694.4 689.7 684.4 681.8 675.3 675.5 675.9 671.8 668.6 672.8 665.4 675.6 689.2 695.3 702.2
667.2 684.2 700.1 709.7 707.9 688.1 643.1 605.5 576.9 554.7 537.6 529.3 524.1 518.3 522.4 522.3 529.2 537.6 544.6 554.6 569.1 584.6 602.7 610.5 616.1 623.4 625.4 630.4 610 601.1 599.5 599.8 600.4 600.9 608.3 617.7 628.4 640.9 655.2 667.6 680.2 688.2 695.1 705.3 713.2 719.8 728.1 739.2 748.7 752.8 751.6 747.1 741.5 736.2 730 724.7 717 700.9 686.4 687.2 696 698.7 698.3 693.4 686.8 680.1 675.5 672.1 671.6 672.2 670.2 665.5 665.6 663.7 671 681.9 686 688.6
670.7 686.9 702.6 712.9 711.1 695.6 646.3 604.6 576.8 556.6 539.8 529.5 524.4 518.3 520.5 519.4 525.1 529 534.4 542.7 557.8 579 605.5 610.2 611.7 618.5 619.9 616.2 601.5 592.7 591 591.5 592.6 594.2 599.7 606.1 616.6 631 645.1 658.1 671.8 679.6 683.3 689.6 697.4 707.8 719.7 733.8 746.2 752.2 753.5 753.1 750.3 745.1 738.2 727.4 718.7 708.9 697.8 684.7 684.4 692.1 692.8 689.3 683.6 676.3 672.1 668.6 669 669.9 667.5 663.7 657.3 661.4 663 673.3 679 681.7
668.3 688.9 705 718.2 710.3 691.8 641.4 604.1 586.3 555 540.6 529.7 523.9 519.3 519.2 518.8 514.5 519.2 522.1 529.1 542 564 591.4 607.2 609.2 614.2 616.2 602.3 590.8 582.7 581.1 581.9 582.1 584 587.7 595.9 608.2 620 633.8 648.6 662.7 669 672.6 680.2 688.1 697.4 710.4 725.5 738.1 746.5 752.7 757.9 755.9 753.6 748 734.6 721.6 710 698.9 688.3 676.5 681.2 684.6 682.8 678.3 675.4 670.6 664.6 665 667 666 660.8 652.5 651.1 654.2 664.8 670.8 676.3
668.3 688.8 709.4 720.1 710.8 671.1 627.1 604 584.3 561.6 547.8 535.7 526.3 519.7 515.5 516.6 512.9 509.4 513 520.7 525.6 545.1 577.4 593.6 600.5 607.9 609.2 597.5 582.3 571.3 566.9 569.3 574.2 575.4 580 587 598.7 609.9 621.7 633.7 648.3 657.8 663.7 670.7 679 689 704.7 720.5 731.2 739.5 747.8 757.5 761 759.9 754.9 740.6 725.4 711 700.4 689.3 674.6 669.6 675.4 676.9 676.5 673.2 669.8 664.6 650.2 653.7 656.3 652.2 648.5 643.6 649.2 658.3 663.3 670
672 690.9 712.3 722.2 705.5 656.8 623.2 605.6 585.5 569.1 555.9 547.4 532.7 522.9 515.1 515 511.2 507.6 507.1 510.4 513.3 519.7 545.3 567.3 579.9 594.8 600.6 585.7 573.3 561.3 551.4 553.8 566.8 570.3 572.1 577.1 587.5 600.7 613.3 625.7 635.6 644.2 653.9 660.7 670.1 681.2 695.2 710.6 722.7 731.1 739.3 751 756.6 759.5 759.1 742.6 726 712.1 700.3 690.8 680.9 675.2 666.2 667.8 672.8 669.3 665.7 654.8 651.2 647.6 638.5 641.5 641.7 635.6 647.3 645.5 650.1 662
679.2 690.2 705.1 718 703.9 660.3 622.1 602.5 592 574.8 565 557.8 543.6 531.1 518 510.8 508.3 506.6 504.4 504.5 506.3 507.9 515.8 535.2 548.8 571.5 565.9 560.5 555.4 547.1 541.2 541.3 552.5 561 564.2 569.2 577.5 589.3 601.5 614.8 624.9 634.9 643.2 649.7 660.4 672 683.8 697.7 710.9 714.6 725 738.1 745 747.9 747.7 737.5 725.2 712 700.6 691.5 681.9 675.5 673.4 664.8 669.1 668.2 659.8 650.8 660.8 656.9 650.2 637.3 633.2 632.1 631.6 633.7 637.2 651
684.6 691.1 703 707.8 695.1 659.6 620.7 602.3 590.8 579 569.2 563.3 552.2 537.2 524.9 513.1 503.9 503.6 502.9 501.4 502 501.4 503.8 515 528.8 540.9 543.6 544.5 541.3 534.6 529.3 531.6 538.9 548.5 554.9 560.9 568.3 578.2 589.3 603.1 613.3 625.6 632 641.2 653.1 664.8 675.2 684.6 691.9 698.9 708.7 724.5 736.6 740.3 738.8 731.4 721.4 711.8 700.7 691.8 685.4 679.2 674.3 671.2 659.1 656.6 659.2 663.9 667.6 663 657.8 652.3 648.1 641.7 632.5 626.8 623.4 630.6
687.4 691.1 700.5 709.8 703.2 659.4 623.1 604.5 592.8 583.3 577.8 566.9 558.1 543.8 530 517.2 511.1 504.8 501.1 500.2 499.1 498.5 499.7 502.6 514.5 523.3 524.6 528.4 528.2 522.8 521.6 519.6 525.1 531.7 542.4 551.1 560 568.9 578.5 590.9 601.8 611.3 622.1 632.5 643.4 656.4 666.3 673.2 681.7 689.9 698.4 713 727 737.9 736.1 728.7 718.8 710.1 702.5 694 688.4 682 679 678 674.5 674.3 674.5 676.7 676.3 673.8 670.9 665.3 659.8 656.4 649.4 644.6 640.1 629.2
691.6 693.6 699.8 706.2 690.5 659.9 634.7 605.3 595.4 588.5 583.6 576.2 563.7 552.9 539.5 526.8 514.3 509.8 504.3 501.7 499.4 498 497.6 499.3 502.8 508.3 510.6 512.4 515.3 513.5 511.7 511.3 516.1 520.4 530.9 540.9 548.9 560 569.4 578.3 587.9 602.2 613.2 625.4 635.6 645.7 654.9 662.9 670.7 681.2 693.5 709.5 723.1 731.8 733.4 728.4 719.7 710.3 704.2 697.1 691.8 686.6 684.2 683.4 684.1 684.7 685.3 685.7 686 684.8 681.8 677.8 673.5 670.6 667.3 665 657.2 647.3
695.1 698.3 699.4 703.8 695.2 664 638.4 611.6 598.2 590.4 585.6 580.9 564.5 559 545.3 533 523.2 517.1 511.2 505.2 501.2 499 495.2 496.4 497.5 499.7 501.9 502.6 506.1 504 499.7 502.1 506.1 508.7 517.5 527.7 537.7 547.9 559.5 569.7 578 590.5 603.1 616.1 626.4 634.9 643.8 651.6 661.7 672.3 688.8 705.7 720.3 728.3 732.8 728.4 721.7 714.6 708 698.5 695.2 690 689 688.9 689.4 692.1 694.9 697.4 697.8 696.3 692.2 688.7 685.9 685.1 681.8 677.7 669.3 660.1
697.1 701.1 701.3 703 694.9 671.7 636.8 615.8 600.1 591.5 586.8 583.9 575.9 563 553.8 544.7 534.9 526.5 520.9 514.9 507.9 502.3 499.2 495.7 492.9 497 498.3 497.3 494.7 493.7 492.5 493.4 495.4 497.2 509.8 518.8 528.5 536.2 546.9 558.3 570.7 582.7 593.4 606.3 617.5 625.7 632.6 640.5 652.2 666.4 685 702.3 716.5 724.5 729.7 732.8 727.2 719.7 712.8 706 700.7 697.7 697.1 695.7 697.2 699.7 702.1 705.4 706.9 705.5 702.5 699.5 697.2 696 693.7 688.4 679 669.5
699.1 702.1 704.9 702.4 691 666.8 637 617.7 602.5 592.4 590 587.5 582.8 574.6 562.1 553.1 543.6 537.4 532.3 525.7 517.7 509.5 504.6 500.4 493.1 492.1 494.9 492.9 490 486.4 484.9 484.8 484.2 487.9 502.2 510.5 518.9 526.9 535.5 547.4 561.5 573.2 584.8 596.1 607.9 614 621.3 632.5 645.4 662.9 683.7 698 709.7 718.1 723.7 732.9 730.7 724.3 720.7 713 708.7 706.6 706 705.5 705.7 708.1 712.5 715.2 716.6 714.7 712.7 710.2 708.3 705.9 706.5 702.4 692.3 679.3
700 705.5 706.3 705.1 692.4 665.4 639.1 618.8 607.1 599.7 596 596.6 589 579 570.5 559 552.9 547.2 542.2 535.9 527.7 518.8 511.9 506.9 500.8 494.2 489.9 485.8 486.1 483.2 479.6 477.7 474.8 480 490.4 502.7 510.8 517.5 523.6 535.3 548.9 561.9 575.3 586 595.6 603.8 612.1 624.6 638.1 658.8 679.1 692.6 701.1 707.2 716.1 724 727.1 725 727.3 725 722.2 718.8 717.9 716.8 718.4 721.4 726.3 729.3 729 725.2 724.3 720.7 718.2 716.8 715.3 712.4 703.7 691.8
699 707.9 709 703.5 699.1 666.9 645.5 627.6 619.8 610.6 603.8 604 596.4 588.1 580.5 571.1 566.2 557.9 551 544.5 537.6 528.7 519.1 512.2 506.7 502.1 498.3 495.8 494.5 488.7 482.8 475 471.7 473 483 497.1 502.7 510 514.6 523.7 538.2 551.4 564.9 578.1 588.4 595.4 606.3 619.8 630.4 649.8 668.1 682.2 688.4 694 710.4 717.2 719.4 725.6 731.8 733.3 731.8 731.3 731.8 733.1 734.7 733.5 739.3 742 742.6 741 741.9 734.3 732 730.8 725.7 722.7 713.3 701.2
694.9 706.4 710.7 703.1 694.3 674.8 654.1 636.1 630.8 624.7 611.9 611.1 605.2 598.1 591.9 586.5 578.1 570.5 561.7 553.3 546.5 538.4 527.7 518.8 511.8 506.2 501.7 499 495.2 491.3 485.9 480.8 474 467 475.7 487 497.3 501.8 506.8 515.7 530.7 544.1 554.5 565.8 579 589.7 601.9 614.2 624.4 637.9 654.4 668.7 671.3 685 700 709.2 712.9 722 730.2 738.6 740 738.8 741.5 741.4 746.5 747.4 748.8 752 754.4 754.8 754.7 753.1 747.2 744.5 736.1 733 724.7 710
689.8 705.1 714.5 711.3 696.6 679 660.7 644 637.4 634.9 622.9 619.3 613.8 608.2 602.6 597.6 590.7 582.1 572.2 562.7 555.3 547.1 537.9 527.3 517.9 510.5 504.2 500.1 497.1 494.6 492.7 480.7 472.8 465.1 469.3 481.2 487.7 491.9 498.7 508.1 523.1 536.8 548.6 558.6 570.9 583.3 596.4 608.2 618.1 628.5 638.9 651.1 658.9 673.4 685.1 695.1 705.5 712.9 727.6 738.4 743.1 746 747.2 747.2 751.4 750.4 750.2 755.6 757 759.7 760.3 759.2 760.1 757 750.8 743.4 737.3 723.5
678.4 700.9 714.6 716.3 704.2 685.7 673.8 661.7 650.3 639.8 638.8 635.5 628.9 622.9 611.4 605.7 599.6 593.8 581.9 572.2 562.6 554.8 546.6 536.4 525.9 516.1 508 501.5 497 493.9 491.6 487.9 475.4 467.2 463.8 471.7 480.5 484 492 500.4 512.2 529.4 543.3 554.8 564.8 577 590.4 600.3 610.8 620.6 628 636.6 644.3 657 667.7 681 695.1 707.8 725.2 735.2 741 743.8 744.4 744.4 745.9 744.7 742.3 747.5 749.5 752.1 757.5 763.6 766.9 762 758 751.9 744.2 732.1
664.7 689.4 712.1 720.2 715.2 697.9 680.4 667.9 660.7 650.3 648.8 649 641.5 632.2 622.5 614 607.8 602.7 591.2 581.9 572 564 554.6 544.7 534.3 523.8 513.4 505.3 498.1 493.8 490.4 488.1 480.9 469.9 459.7 465.5 471.6 474.7 484.2 495.5 508.4 522.5 537.5 548.9 560 571.3 582.2 593 600.6 612.3 619.3 624.3 632.7 642.3 654.8 669.2 686.8 702.9 716.4 730.7 736.5 737.5 735.8 731.6 732.6 731.7 729 726.1 728 740.2 748.7 753.6 761.1 765.4 761.7 754 747.9 737.1
645.3 677.9 701.1 717.1 723 716.8 700.6 676.7 665.7 655.1 652.3 656.6 649.5 642.1 630.7 623.6 616.5 610.3 599.1 589.8 580 571.1 562.7 553 541.1 530.8 520.8 511 502.1 494.7 490.1 486 482.1 469.8 459.6 459 463.6 467.7 478.9 490.3 503.2 516.1 529.4 544.4 553.5 563.9 575.5 586.4 593.7 603.6 609 615.3 624.1 633.5 644.3 660.2 678.7 695.3 705.3 716.8 726.4 729.4 723.5 711.8 710 709.5 708.1 705.6 706.6 716.2 729.5 739.3 752.7 760 759.8 751.8 746.6 737.6
