public/OST50/NO07.asc
ncols 200
nrows 200
xllcorner 300000
yllcorner 770000
cellsize 50
[rows 70 to 104 of 200, columns 78 to 155 of 200]
693 704 712.8 726.1 746.3 764.1 779.8 794 799.1 801.7 800 797.9 800.8 813.2 826 837.1 845.2 854.2 858.1 862.9 872.3 881.6 894.4 908.5 926.2 941.4 956.3 969.4 984.7 995.4 988.7 960.5 939.7 921.1 909.7 898.3 881.4 868.3 861.3 857.9 849.3 838.8 836.1 836.1 838.5 841.1 843.4 842.2 840.3 834.6 823.7 813.7 800.5 784.4 772.4 765 752.2 740.2 727.1 703.7 674.4 656.9 629.7 608.2 582.1 560.2 537.9 520 508.5 502.5 506.1 515.7 536.4 554.4 574.3 588.2 602.2 611.7
698.6 707.2 718.8 733.6 751.9 769.5 785.6 797.2 804.3 808.3 809.6 809.4 812 827.5 839.4 850.8 859.3 868.8 872.9 873.8 883.3 894.8 900.3 915.8 935.8 950.3 967.6 982.7 996.7 1003.2 1003.9 994.3 981 966.6 951.4 938.5 923.3 913.7 899.6 892.9 883.4 870.6 861.5 859.3 860.3 861.6 865.9 866.6 866.7 860.2 847.1 835 819.9 798.5 789 777.5 762.4 748 738.3 719.4 688.8 666.5 644.9 624.4 602.1 576 552.3 528.5 510.6 501.1 498.1 501.7 518.1 538.6 557.7 570.7 589.2 598.7
699.6 711.4 727.6 743.8 759.3 774.7 788.1 802.8 812.3 819.5 821.6 822.6 831.3 843 855.1 865.5 875.9 882.1 885.9 890.4 894.4 905 912 929.3 948.8 966.3 981.5 995.1 1004.1 1007.2 1001.2 992.1 985.3 980.4 972.4 963.3 954 943.1 931.8 920.7 909 896.2 885.9 884.4 883.2 882 882.9 879.7 879 874.1 862.5 853.5 838.3 820.8 807.1 792.9 770.9 757 746.7 733.9 712.5 685.7 659 636.2 613.7 588.1 566.5 544.5 521.4 504.1 493.8 491.3 505.1 523.1 538.7 552.6 570.7 581.8
708.7 721.6 736.4 752.2 765.8 775.8 793.4 809.7 822.6 831.8 838.2 843.8 850.8 860.1 870.6 883.7 889.7 896.5 900.5 903 909.3 916.8 924.7 947.6 967.9 983.5 996.2 1004.8 1003.3 982 965.9 956.2 950.6 948.7 946.9 944 940.2 939.7 935.1 927.9 911 904.2 897.3 894.5 894 889.3 887.3 881.1 877.6 874.9 870.9 859.5 849.9 835.5 814.6 791.8 776.5 764.4 752 742.5 724.2 701.3 675.5 650.7 626.3 600.4 578.9 554.7 532.2 510.2 495.8 484.3 493.7 507.3 525.5 532.6 548 558.1
716.3 731.4 746.5 758.4 770 786.3 801.1 817.1 833.1 847 858.4 865.9 869.2 879.6 892.9 902.4 912.9 918 923.7 925.6 929.2 935.2 950.4 969.2 985.8 998.4 1006.5 997.7 974.1 946.6 931.2 921.6 921 914.6 912.5 908.2 910 910.7 898.4 887.5 887.9 880.8 876.7 878.8 873.5 867.3 873.7 869.5 863 862.4 859.3 851.4 847.3 832.1 811.8 786.2 776.8 766.1 758 751.3 734.8 714.7 691.6 664.5 645.4 616.6 588.6 562.5 535.2 512.4 495.7 484.1 481.9 492 507.4 511.2 525.9 535.7
727.4 740.5 754.1 766.3 779.9 795.4 809.2 826.7 846.7 862.4 874.8 886.2 899.3 913 924.3 936.5 943.4 948.7 953 954.3 956.2 961.8 975.8 989.6 1001.1 1010.1 1009.3 975.2 941.6 913.4 901.4 901.2 896.2 889.3 885.3 879.8 879.5 871.7 857.7 853.3 852.7 840.3 844.6 840.7 837.9 837.8 841.9 846.2 840.3 840.6 834.2 831.5 821.2 808.3 787.9 772.9 773.3 765.8 761.3 754.9 746.1 728.5 706.8 683.1 662.4 637.6 604.7 573.1 545.7 519.3 497.1 482.7 474.1 480.8 486 488.1 508.4 516
737.1 750.7 762.7 774.8 790.2 808.1 825 844.3 861.6 876.7 889.7 905 923.7 939.5 951.1 964.2 973.6 981.3 985.2 983.8 983.9 988.1 996.2 1005.3 1015.1 1021.3 987.5 947.6 916.7 892.6 879.9 879.8 879.6 877.6 872.1 865.7 858.6 849.7 840.3 831.4 823.5 819.9 819.1 816 809.6 811.1 815.5 822.1 815.2 817.8 813 805.8 790.8 777.1 764.6 762.9 760.3 760 760.3 755 749.7 737.2 715.4 696.1 675.9 653.4 631.8 590 556.1 531.8 502.3 482.3 471 472.2 472.1 476.7 491.3 499.9
745.8 760.7 772.8 785.6 807.6 829 846.6 862.4 876.5 890.8 907.6 924.3 938.2 951 962.3 971 984 992.8 998.8 1003.8 1007.8 1009.7 1014.2 1023.1 1031.4 1016.7 971.9 934.5 904.2 880.4 872.7 871.6 870.6 868.3 864.1 859.6 853.2 843.8 834.4 823.8 814.2 807.4 802.2 797 792.2 795.5 797.9 794 794.7 791.2 783.9 783.5 777.8 759 752.1 747.1 746.9 751.5 752.9 751.9 749.2 742.7 732.7 717 698.1 677.8 644.7 604.9 569 541.6 514.3 492 472.8 467.9 466.8 466.6 476.5 484.9
755.3 771.3 786.1 804.3 827.4 848.9 865.6 879.3 892.1 905.6 922.6 937 944.9 953.8 959.7 974.4 986.4 996.4 1006.4 1015.2 1021.9 1027.4 1034.4 1041.1 1045.5 1015 962 928.8 900.7 873.7 865.5 864.8 862.1 861.1 856.9 850.9 843.6 835.8 827.2 818.2 808.8 800.1 793.1 786.6 783.1 782.2 781.6 781.3 775 774.9 764.3 761.4 756.7 745.7 738.8 737.2 738.7 738.7 739.8 743.8 745.1 743.6 737 725.7 714.8 698.8 660.1 624.2 576.4 547.2 520.1 494 478.1 468.1 463.5 464.1 463.1 473.9
770 785.1 799.8 825.3 847.6 866.3 882.5 895.7 908.1 920.5 933.1 939 944.7 948.9 956.3 967.9 980.4 995.1 1009.4 1019.8 1029.3 1040.6 1047.1 1050.2 1046.4 1000.2 961.2 927.3 893.9 875.3 860.2 857.9 857.3 855.6 850.5 842.9 834.8 825.5 816.3 807.8 801 794.5 788.9 784.1 779 776.7 775 767.7 763.5 759.6 754.2 747.5 745.2 735.4 728.1 728.9 733 731.8 732.1 735.4 739.9 742.3 736.7 727.4 716.7 705.1 668.7 624.7 584 553.7 526.9 502.8 480.8 471 463 462.3 460.7 464.3
788.2 802.1 820.8 844.1 865.5 884.1 898.8 911.9 923 930 931.8 932.8 935.4 939.5 947.8 956.9 970.3 989.1 1004.5 1016.6 1031.3 1043 1047.1 1048 1047 1008.8 960.9 922.4 901.2 882.3 859.9 852.5 852.6 850.6 843.2 834.4 825.2 815.2 805.7 798.1 791.9 787.2 783.7 778.3 772.9 769.3 764 759 754.5 750.8 745.4 740.4 733 731.7 724.1 723.1 725.2 727.5 726.9 728.7 734.7 733.9 732.2 724.2 717.4 707.4 670.3 626.3 591.2 562.9 535.5 510.7 486.6 469.1 461.3 460.2 459.2 460.9
805.1 822.3 842.2 864.3 883.7 903.9 919.2 923 921.1 919.9 920.4 921.9 922.1 926.4 934.3 945.9 957.8 977.8 996.3 1011.8 1026.4 1036.4 1039.7 1040.9 1042 1021.5 970.5 931.2 906.5 883.6 865.7 853.5 850.4 844.6 836.7 826.9 816 804.8 794.4 788.5 782.9 777.1 771.9 769.4 765.8 762.5 758.8 754 749.5 743.7 739.4 734.2 727.9 724.6 721.5 718.6 719.4 720.7 721.1 723.8 723.4 725.1 725.7 722.8 716.3 704.5 675 638.1 607 573.3 543.9 519.9 495.5 476.4 462.4 458.9 457.8 458.7
828.5 846.7 866 884.8 905.3 919.2 918.3 908.2 905.8 904.3 906.6 907.9 907.8 912.5 922.1 932.8 947.5 968.1 987.4 1004.9 1017.2 1025.9 1028.2 1029.5 1032.1 1032.2 996 954.3 921.6 890.9 870.1 855.9 850.1 842.2 832.4 820.5 809.2 799.5 791.2 783.5 778.5 771.9 765.3 760.7 758.1 755 753.5 749.5 745.3 740 734.2 729.9 724.7 721.3 718.9 716 714.3 715.3 715.8 716.6 717.3 718.7 722.4 720.1 713.4 698.2 681.7 652.5 616.6 574.4 545.2 524.4 504.3 486.3 466.6 459.3 456.7 456.4
853.5 872.8 891.2 909.8 917.8 918 903.5 898.3 896.8 896.7 895.3 894.7 894.4 899.5 909.6 923.2 937.6 958.8 980.4 995.5 1004.8 1010.7 1012.5 1014.5 1017 1020.1 1019.6 991.3 951.2 912.3 885.4 864.2 846.8 834.4 825.3 816 803.8 794.4 786.9 780 772.3 766.2 760.4 755.9 751.4 748.2 746.3 743.9 739.4 736.5 732.2 728.4 724 720.5 718.6 714.2 712.2 711.6 712 710.6 712.1 711.5 708.9 705.5 700.7 692.5 670.2 655.1 612.7 569.6 546.9 527.5 509.3 492.2 477.9 464.3 455.7 454.9
877.7 897.3 906.6 911.9 910.8 904.9 895.4 888.1 886.3 883.3 881.3 880.2 881.8 887.2 900.8 916.2 932.3 953.4 973.6 986.6 992.4 995.3 995.7 995.8 1000.1 1005.3 1013.9 1011.7 974.6 939.9 909.5 883.2 856 835.7 821.5 810.3 800.1 792.6 785.3 778.6 770.3 764.1 758 752 747.1 743.8 741.5 738.1 734.5 732.5 728.5 725.4 722.2 718.6 715.5 712.3 709.5 707.1 705.3 703.8 702 700.3 698.3 690.6 684.9 678.8 666.4 637.5 607.3 574.5 549.8 531.6 517 498.1 482.9 468.2 459.2 452.7
894.7 902.4 907.2 907.2 901.5 895.5 886.6 879.4 871.1 869.8 865.3 863.1 867.6 879.8 894.6 909.5 925 948.7 967.3 977.5 980.7 979.7 976.8 979 983.1 989 999.3 1006.9 1006.5 969.9 938.6 903.9 874.4 849.1 830.4 814.5 803.4 790.5 781.9 775.6 768 761.7 756.6 751.7 745.3 741.2 737.5 734.2 730.3 726.2 723.6 720.8 717.3 714.9 712.6 708.7 707.4 703.4 701.1 697.7 695.6 691.4 687.9 682.9 676.2 665.9 651.7 632.2 609.9 579 554.6 535.9 521.1 504.2 489.5 473.6 460.2 452.4
893.8 896.2 895.8 892.8 888.9 884.1 878.6 871.4 861.4 855 850.1 848.9 859.1 872.7 888 902.1 920.6 942.2 959.7 966.9 968.2 965.4 960.6 959.8 966.4 970 981 990.7 998.9 999.3 962.9 929.8 891.9 868.7 847 828.2 812.8 797.1 787 776.4 767.1 760.2 755 751.2 746.6 742.7 737.5 730.6 723.5 722.8 719 717.1 713.4 711 708.8 706.1 703.5 699.5 694.8 692.2 688 684.2 680.4 673.6 666.7 657.7 647.3 631.5 608.2 582.2 560 541.5 525.3 509.4 491.7 478.3 467.5 459.3
878.8 876.4 876.3 872 874.6 872 867.5 861.1 851.7 842.5 838.2 840.2 852.9 867.8 882.8 899.4 917.4 938.5 951.5 956.7 956.1 950.3 938.8 940.6 948.5 955.5 963.9 976 985.3 992.4 987.8 952.9 914.5 887.7 865.7 849.8 827.9 810.1 796.2 780.6 772.1 765.3 758.1 755.2 751.6 745.9 740.3 734.2 728.5 722.7 718 709 708.1 707.9 705.7 703.8 700 695.3 689.7 685.2 680 675.9 671.6 664.5 657.5 649.2 638.6 625 603.7 584.9 564.7 548.3 530.2 509.4 492.6 477.6 468 462
861.7 860.7 850.6 855.3 858.7 858 854.3 849.7 840.6 831.2 825.1 834.4 847.9 862.9 880.5 898.1 914.9 935.5 944.2 945.8 942.1 932 917.8 920.3 931.6 939.7 950 963.3 973.9 983 986.3 976.2 943.4 911 898.1 877.4 854.1 834.4 816.2 800.1 792.1 781.1 772.9 768.6 765.1 758.3 749.3 740.9 733.6 726.8 720.2 714.9 709.1 696.3 700.9 698.7 695.3 690.8 684.2 676.1 671.4 664.4 660.9 655.7 648.3 641.9 631 615.6 597.7 581.8 566.3 554.1 535.1 514.8 498.8 483.6 472.7 462.1
846.3 837.8 840 845.1 846.6 843.8 841.9 836.6 827.3 819.4 818.6 829.8 842.2 858.9 878.7 897.4 913.6 930.8 936.4 934.5 925.5 910.1 896.5 900.7 911.5 923.8 937 951.3 964 975.2 981.5 980.6 966.9 951.3 929.6 908.4 884.4 864.3 844.8 826.5 809.9 802 795.5 788.3 777.9 767.7 759.4 751.6 745.2 736.9 728.3 719.7 713.3 706.1 688.2 691.1 688.5 681 674.6 669 661.5 656.6 650.2 643.6 639.3 633.2 624.8 610.2 595.2 582.3 570.4 555.2 539.1 522.6 502.6 483.6 469.1 466.1
828.4 825.8 831.5 834.5 831.7 832.1 830.6 827.9 814.9 812.9 816.5 826.9 841.3 858.3 879.2 897.2 914 926.1 927.2 922.7 908.8 891.4 877.3 881.6 895.1 911.6 926.2 941.1 955.6 969.1 977.3 979.7 976.6 969.6 956.7 934.4 910.7 887.2 866.1 850.4 841 828.2 816.4 803.2 790.1 784.4 777.2 769.6 758.2 749.9 739.5 728.5 718.8 712.5 704 690 676.5 671.2 663.1 659.2 649.5 640.2 632.5 625 623.8 621.5 618 610.4 594.2 581.5 570.2 557.1 542.6 523.3 513.3 500.8 483.7 461.3
820.9 820.5 821 825.2 823 825.9 826.7 820.9 809.7 803.7 810.9 823.8 841.9 861.3 879.4 894.1 910.9 918.9 918.7 910.7 889.9 871.7 859.7 865 880.1 898.6 916 931.6 948.7 962.6 972.3 976.3 973.9 968.8 961.3 950.1 935.8 918 903.3 887.2 870.9 853.2 835.7 821.7 810.9 801.4 793.9 786.1 779.2 767.7 748.5 737.5 725.2 716.6 709 701.7 695.6 689.2 680.2 671.7 661.4 656.6 646.8 637.2 623.8 609.6 601.2 592.3 582.5 574.8 563.6 548.6 537.3 536 520.5 503.8 488.8 470.8
814.9 814.8 815.7 816.3 818.4 819.8 818 811.9 802.8 798.9 808.3 824.4 841.8 859.7 875.7 891.8 906.3 912.6 909.1 892.9 871.2 855.3 846.1 855.6 872 891.1 907.8 924.9 940.5 954.6 964.9 968.3 967.1 963.5 958.7 951.3 942.1 929.9 916.1 899.2 881.8 867.2 851.9 840.5 828.7 821.2 812.3 801.7 792.2 779.5 764 746 733.2 721.3 715.6 708.8 701.2 695.8 687.8 681.5 671.8 664.5 658.3 650.8 641.4 630.8 619.9 608.8 597.3 585.8 576.1 562.7 552.1 541.8 530 516.9 499.1 481
812.8 810.2 811.3 812.1 814.6 815.9 813.8 807.4 798.1 795.6 806.8 821.6 838.7 856.5 871.5 887.7 900.2 905.1 900.1 878.5 856.7 840.5 835.3 849.1 865.5 883.2 900.9 916.5 932.5 945.5 954.8 958.4 957.1 953.9 950.1 944.9 938.2 930.3 920 907 893.7 881.3 869.4 860 851.4 840.8 830.8 819.3 805.7 790.1 778 757.5 741.2 731.9 721.5 713.5 707.4 702.7 697.1 689.8 683.2 675.2 667.1 661.5 654.3 642.3 629.1 616.9 605.4 592.7 580.9 571 558.5 547.7 537 524.6 507.3 492.9
811 807.7 808.1 808.7 809.7 810.8 809.1 802.2 792.7 791.7 802 816.8 834.4 851.8 867 881.6 894.4 899.2 890.2 866.1 844.4 828.7 831.1 843.5 860.2 877.5 893.9 909.1 924.3 936 943.6 946.4 943.8 940.2 937.2 933.3 929.6 924.9 918.8 910 899.2 888.2 880.6 873.9 868.5 859.7 851.4 838.4 821.3 804.8 788.8 768.9 755.3 742.2 731.3 722.8 714.8 711.7 707.2 700.4 693 686 680 671.7 664.4 653.6 638.5 623.6 612.1 599.6 586.3 574.5 565.1 554.5 543.9 533.6 519.9 503.8
808.3 803.7 802.3 802.9 803.7 804.6 800.7 797.3 790.9 785.3 796.9 813.1 830.3 848 863.7 879.9 891 895.1 882 859.1 837.9 819.4 825.4 838.2 854.3 870.7 886 900.6 914.6 925.9 932.9 934.7 932.6 929.1 924 920.9 918.4 916.1 912.5 904.7 897.9 890.2 883.7 879.2 874.4 868.7 860.2 848.8 836.9 820.2 798.8 780.1 766.3 749.7 742 733.2 727 723.2 716.6 710.2 704.7 699.5 694 688.3 676.9 663.9 651 633.5 615.6 604.5 592.6 581.7 570.7 560.8 549 536.6 526.1 514
804.7 797.9 794.5 793.5 798.1 798.3 794.6 792.2 786 780.3 791.7 808.8 826.2 844.3 862.1 877.9 889.8 894.7 877.6 855.9 834.2 813 816.9 831.1 846.8 862.5 877.8 891.4 904.2 916.4 924.2 925.9 923.8 918.5 913.2 909.2 908 905.9 902.6 897.5 892.9 887.5 881.9 875.7 871.3 867.1 861.8 854.6 844.8 831.4 816.1 798.4 774.6 763.3 755.1 745.7 741.1 736.5 731.8 727.1 724.1 719.5 714.4 707 697.4 683.9 665.1 645.8 625.1 607.9 597.8 586.5 577 564.7 551.6 541.3 531.9 521.4
794.9 796.6 791.4 786.4 790.1 789 788.4 785.9 777.3 775.4 787.4 805.8 823.2 842.3 860.5 876.8 890 895 875.8 853.3 831.3 810 810.2 824.1 839.4 853 868 880.3 893.5 905.9 914.7 917.4 915.6 909.5 900.3 898.7 896.8 894.3 892.6 889.2 884.9 877.1 870.1 864 861.3 860.2 858.4 855.2 849.7 837.9 823.1 808.3 793.2 775.5 767.3 762.7 758.2 755.1 751.7 745.3 743.3 742.5 739.7 730.4 719.3 705.5 682.2 656.5 631.4 611.9 600.6 590.9 581.7 569.7 559.8 545.8 535.2 525.4
799.5 793.5 785.1 778.4 781.4 779.5 777.4 774.5 769.2 774.1 785.7 802.2 821.3 840.2 858.6 874.4 889.4 894.1 875.5 851.3 828.8 807.8 802.1 816.6 830.1 843.6 855.9 867.9 880.9 894.5 903.7 907.2 907.7 904.4 897.9 890.3 885.6 883.6 881.3 877.4 870.1 861.9 855.8 850.4 849.5 848.8 848.6 848.1 845.8 839.2 824.2 813.6 803.3 792.1 785 778.2 777.8 774.6 771.5 768.4 764.6 760.9 754.1 745.3 732.2 712 690 660.3 634.5 615.9 602.6 594.4 585.6 575.3 565.6 553 542.6 530.1
803.4 791.2 784.6 777.2 771.8 774 771.2 764.5 759.9 770 783.9 799.8 817.7 838.1 856.5 872.3 888.2 891.2 875.5 850.4 827.1 805.3 794.6 807.1 819.5 832.3 843.9 856.3 868.8 882.7 893.7 900.7 903.4 900.2 893.8 884.6 875.8 873.3 871.3 865.2 858.6 851.8 844.7 838.9 835.4 833.6 834.7 834.4 831.9 828.1 819 814.2 808 802.2 798.3 794.8 795.5 796.3 794.5 789.4 782.1 773.2 760.3 743.4 724.8 704.7 682.3 657.2 640.2 622 605.1 596.8 588.9 581.4 571.4 560.2 547.8 537.8
811 798.2 783.6 776 768.8 765.2 762.9 756.5 758.9 763.8 779.3 797.2 816.4 838.3 856.6 873.3 885 889.3 874 848.3 825.7 803.3 785.4 795.7 807.5 819 832.3 845.2 857.2 871.5 883.8 892.7 897.2 895.2 889.8 881.6 871.1 863.4 859.8 853.9 847.3 840.1 833.7 828 823.2 820.9 820.5 818.7 816.9 812.2 811.3 809.5 807.4 807.9 808.4 809.7 810.5 811.6 807.5 800.4 790.6 776.6 761.6 740.5 715.5 698.8 678.2 658.7 642.1 626.3 612.5 601.6 593.5 585.4 575.8 566.6 556.5 547.1
818.4 803.8 787.9 775.6 766.8 756.7 755.2 751.7 752 760.5 775.7 793.3 817.6 837.7 855.3 870.7 883.3 886.9 874.5 847.1 823.9 803.3 781.6 785.6 795.3 808.2 820 833.3 847.1 860.4 872.4 882.3 887.5 889.8 886.1 877.7 867.8 856.2 847.5 842.3 835.8 828.8 821.3 814.6 809.8 807.3 802.5 802.3 799 798.7 798.8 796.5 801.2 801.9 812.9 815.8 819 818.5 811.8 802.3 790.3 775.9 760.1 741.7 722.5 694.5 677.9 669.4 649.3 634.1 621 607.2 597.4 588.8 579.5 571.4 563.1 555.2
824.3 811.6 796.1 781.1 768.3 759 748.4 743.6 744 756.6 772.6 791.7 815.1 837 852.7 868.3 880.8 883.3 874.6 849.8 824.6 803.5 785.6 775.1 786.3 796.3 809.5 823.4 836.2 848.9 859.9 871.9 879.8 883.5 882.4 875.6 865.5 854 839.6 830.5 823.2 817.6 810.6 802.3 797.7 792.2 789.5 788 785.8 785.3 784.6 785 787.3 798.7 807.3 813.2 818.3 818.5 812.1 803.5 791.1 776.2 759.8 743.8 724.7 703.4 682.9 676 658.7 641.8 627.3 616.2 605.7 595.2 584.5 574.1 567.9 561.4
826.6 817.7 803.5 786.4 768.6 759.6 746.7 739.2 742.8 756.8 769.5 790.3 811.5 831.9 850.2 865.1 876.5 879.7 873.1 850.5 825.6 804.3 785.5 768.9 775 785.6 798.9 813 825.2 838.1 850 861.4 871.5 878.7 880.1 875.5 865.9 852.5 839.3 820.8 814.3 806.8 799.4 793.1 787.1 781.5 780.7 777.7 775.8 774.8 771.4 770.7 775.7 785.5 795.4 804.1 812.3 813 808.4 801.9 791.4 779.6 762.6 745.5 726.8 708.3 686.6 677.9 664 651 640.6 627.9 615 601.5 590.4 580.4 573.7 565.5
828 821.8 809.8 790.7 771.5 758.3 749.6 735.8 740.3 757.9 770.3 785.7 806.5 827 845.2 861.4 873.2 876.7 871.8 851.1 826 805.4 785.5 769 765.6 776.5 788.9 802.3 813.7 826.1 839.1 850.8 862.4 872.4 877.6 877.7 870.5 858.7 840.7 826 810.4 795.5 788.7 781.4 776.2 772.1 770.6 766.4 763.7 760.5 759.8 760.4 763 771 782.4 793.6 801 803.9 802.7 796.8 789 777.6 760.8 741.8 723.4 706.7 695.5 684.3 671.6 661.4 649.7 637 622.9 610.1 598.6 588.9 580.2 572.2
