public/OST50/NO09.asc
ncols 200
nrows 200
xllcorner 300000
yllcorner 790000
cellsize 50
[rows 140 to 174 of 200, columns 78 to 155 of 200]
457.4 449.3 443.5 437 431.5 430 427.1 421.3 413.9 422 423.2 422.7 421.9 422.7 423.9 428.2 436.7 442.6 447.5 454.7 462.7 470.5 481.6 492.3 503.7 512.8 520.5 527.6 535.1 540 544.5 545.5 545.5 546.5 545.6 544.6 542.3 535.4 533.8 533.4 532 534 533.4 534.8 534.4 529.6 513.9 506.5 511.4 532.6 544.8 548.7 549.6 555 565 575.2 582.7 582.9 584.4 583.7 584.5 585.7 586.8 590.5 592.4 592.3 592.1 591.3 589.1 586.6 582.9 576.8 571.2 565.2 556.4 546.5 536.2 525.7
465.7 455.4 445 435.4 428.4 424.8 421.5 420.6 413.6 416.7 417.2 416.8 416.8 417.6 419.3 422.5 428.9 433.5 437.9 444.2 451.6 459.6 468.1 476.6 487 495.5 504.6 512.3 517.4 521.5 525.1 529 530.8 532.9 533.4 535.8 537.9 537.9 526.5 526.4 525.1 526.9 525.1 529.8 531.9 524.2 508 505.5 514.4 532.9 547.3 555.4 564.6 572.7 577.6 580.5 583.3 585.7 585.8 585.4 586 586.9 589.3 593.1 594.7 594.7 594.1 593.1 591.9 588.9 585.2 579.7 573.9 567.7 559.1 548.9 538.5 528.8
473.1 461.7 450.2 439.3 431 424.7 420.1 419.7 416.8 412.6 413.3 413.6 413.4 413.4 416.1 419.7 423 425.7 428 433.3 439.3 448.8 456 463.6 469.6 478.5 487.7 495.1 502.1 507.8 512.4 514.7 517.6 520.3 521.9 524.1 524.1 522.9 520.4 511.5 513.8 515.6 516.7 520.7 522.3 514 503.4 506.9 519.9 535.3 547.5 557.9 570.4 575.4 577.7 580.7 582.9 585.4 585.8 586 586.4 588.6 591.1 593.2 595.2 596.8 596 595 594 591 586.4 581.8 576.4 569.5 561.6 551.7 541.2 531.6
480.9 469.5 457.7 445.9 438.4 431.4 423.8 420.1 417.3 416.2 411.8 412.6 411.8 411.7 410.3 416.3 418.8 418.6 419.8 422.8 429.8 436.3 441.8 450.5 456.7 463.6 470.9 478.9 485.3 491.7 497.2 502.9 507.2 511.7 513.4 513.6 514.6 514.9 515.1 506 514.8 513.4 515.5 515.3 506.8 503.9 502.2 513.8 530.6 540.7 549.6 561.7 569.5 575.3 578.7 580.2 582.2 583.5 584.4 585 585.9 588.6 591.2 594 597.2 597.2 596.8 596 595.2 592.4 587.7 583.5 577.6 571.5 563.1 554.3 545.2 535.4
488 475.5 464.2 453.1 444.4 435.3 428.1 422.8 419.2 416.9 416.7 414.7 412.6 410.8 411.3 411.1 412 415 415.4 418.2 421.1 423.8 431.5 439.8 445.1 451.7 457.3 463.5 470.1 477.1 483.1 487.9 494.5 499.6 502.8 504 506.1 508.4 508.5 504.2 501.1 505.3 504.3 501.6 501.2 502.3 511 531 539.9 546.5 554.5 563 570.3 575.1 578.5 579.2 580.4 581.6 582.8 583.9 585.1 588 590.9 594.2 596.8 596.4 596.1 595.9 594.8 591.9 589.2 585.5 579.5 573.3 565.3 556.9 548 538.3
498.4 485.7 473.5 461.2 447.9 438.3 431 425.4 421.5 418.1 416 415.2 415.8 414.9 412.4 411.6 410.9 409.4 411.1 415 415.1 417.8 424.4 431.6 436.9 442.3 445.1 449.6 456.5 464 470.2 474.3 480.8 486.1 490.5 494.4 496.6 498.3 498.6 491.6 496.6 499.3 499.3 499.2 502.3 510.3 522.7 535.8 542.7 549.7 558.7 565.4 571.5 575 577.6 578 579 580.5 581.7 583 584 586.7 589.6 593.1 595 595 595.2 595.1 593.2 591.8 590.1 586.8 582.4 576.1 569.1 560.7 550.3 541.2
509.1 495.2 481.5 467.5 453.3 441.7 434.3 430 424.7 420.6 418.3 415.6 415.3 415 413.1 411.4 410.4 409.5 409 412.1 412 413.7 421.4 424.8 429.5 431.6 433.9 437.4 444 450.6 456.5 461.9 468.3 473.9 479 483.1 486.2 487.9 490.1 477.4 484.6 491.6 494.6 501.1 508.2 515.7 527.8 536.2 543.8 552.3 560.1 565 571.5 574.4 575.9 576.8 577.1 578.9 580.6 582.2 583 585.4 588.1 591.4 593.5 594.3 594.5 593.8 592.6 591.8 590.5 588 583.6 577.9 571.8 564.4 554.5 546.5
519 504.8 490 473.5 457.7 446 437.8 433 427.3 424.9 421.9 417.7 415.3 415.2 413.3 411.3 410.1 409.1 408.4 409.1 409.4 410.7 415.4 417.7 422.8 424.2 426.8 429.9 433.5 438.6 443.6 449 454.5 460.2 465.3 472.4 475.8 478.3 479.2 465 475.9 479.2 493 501.5 508.7 517.6 526.8 536.3 545.1 553.3 559.2 566.5 571.9 574.1 572.8 571.5 574.5 577.1 579.2 580.5 581.5 583.7 586.3 590.1 592.9 593.3 593.7 593.3 592.4 591.6 590 586.9 583 578.5 573.7 567.8 559.4 551
528.3 514 498.1 481 463.2 451.7 442.3 436.3 432.6 432.5 426.7 420.8 416.8 415.8 414.2 412.2 410.2 409.2 408.7 408.1 408.5 409 409.8 412.6 417.8 420.3 421.9 423.9 426.6 430 432 436.6 439.9 444.5 448.9 456.1 462.7 468.5 467.5 456.4 463.7 480 489.6 497.2 507.8 517.5 526.3 535.6 545.4 552.8 560.9 567.6 570.9 570.2 568.5 568.9 571 574.1 576.4 577.9 579.1 580.7 584.4 589.1 591.8 592.5 592.8 592.3 591.6 589.9 588.2 586.4 583.5 579.9 574.6 569.2 563.3 555.5
536.4 521.4 505.7 488.1 470.4 458.7 448.4 442.2 437.3 433.5 427.3 421.5 417.6 416 414.7 413.2 410.2 409.5 408.6 408 407.8 408.9 408.5 409.1 413.3 418.8 418.5 418.3 419.9 422.5 422.3 425.4 426.6 430.3 436.1 442.1 450.1 456.4 456.2 444.7 463.5 474.7 484.1 495 507.2 517.7 526.8 536.4 546.2 554.9 562.8 568 566.7 564.2 563.8 565.9 568 570.1 572.8 574.7 576.3 577.8 582.2 586.4 589.8 591.7 591.7 590.9 590 588.3 587.5 586.5 584.2 580.4 576.1 571.2 565.8 558.5
546.3 528.5 510.3 494.3 477.2 463.9 453.7 445.8 440.3 434.4 427.2 422.5 417.6 416 414.7 413.3 410.3 409 408.6 408.2 407.9 407.3 408.6 409 408.2 411.9 415.7 414.3 415 417.8 416.9 422.2 418.6 421.3 426.6 430.9 436.2 441.9 442.9 442.1 459.5 468.7 480.2 492.3 504 516.1 526.4 537.4 547.7 558.3 563.2 562.7 559 558 560.1 562.3 564.4 565.7 569.5 571.2 572.3 574.2 579.5 583.6 587.2 590.1 590.1 589.2 588.3 587.8 587.2 586.3 583.9 580.5 576.6 572 567.6 561.2
556.7 536 514.3 499.9 485.1 468.4 457 448.8 442.2 438.3 433 426.9 420.1 417.5 414.8 413.3 411.1 409.2 408.8 408.4 408 407.1 408.5 408.4 407.5 407.4 412 412 412.5 412.2 412.1 415.6 414.9 416.9 419.7 423.7 426.9 429.9 428.6 442.2 454.1 462.5 474.7 486.4 498.2 510.6 523.8 536.1 546 551.2 551.3 553.1 553.1 554.4 556.5 558.8 560.5 562.2 565.3 566.5 567 570 574.9 579.5 584.4 587.3 588.5 587.7 587.3 587.2 586.2 584.9 583.1 580.5 578 574.3 570.2 563.9
560 540.5 520.7 505.2 490 472 460.4 452.4 446.5 443.3 436.4 431.5 427.4 425 419.2 415.6 412.3 411.3 409.2 408.6 408 407.2 407.5 407.5 406.9 407 406.1 406 407.7 407.6 408.9 411 411.1 413.1 415 419.8 422.1 422.6 427 436.9 446.6 456.6 468.6 480.4 492.1 502.6 514.6 527.1 534.6 537.5 541.8 545.7 548.9 551.4 553.7 554.9 555.8 558.9 560.1 561 562.4 565.2 570.1 575.6 581.3 584.5 586.9 586.1 586 586.1 585 584.3 583.9 581.6 579.9 577.3 573 568.3
560.3 541.1 524 510.6 494 476.4 464.6 455.5 449.2 447.2 442.7 439.1 436.8 435 428.6 422 417.2 414.8 412.1 410.6 409.9 409.3 408.8 406.6 406.6 406.5 407.3 408.6 405.8 406.4 409.7 408.2 407.4 408.3 411.6 415.5 417.3 418.4 425.9 431.7 439.6 450.5 462.4 473.2 483.3 493.2 502.7 514.7 523.6 530.2 535.7 541.5 546.3 549 550 550.2 552.2 554.3 555.4 558 560 561.6 566.4 572 577.6 581.7 584.2 584.6 584.8 585 584.4 584.1 583.7 582.7 581.5 580 579.3 575.5
557.8 541.2 526.3 514 497.6 481.1 468.8 459.6 454 451.4 446.7 444.1 442.6 439.1 433.8 428.6 424.3 420.2 417.6 415.1 413 414.5 415.5 410.9 408.7 408.9 414.1 410.1 407.6 406 406.4 406.7 406.4 406.4 408.5 411.3 413.6 419 422 426.3 431.6 442 455.5 465.8 475.2 483.3 490.2 501.9 512.9 521.6 528.5 535.3 540.7 542.2 544.1 546.2 548.4 550.4 551.5 553.9 556.4 558.9 563.5 568.6 573.9 578.9 581.4 583.3 583.8 584.1 584.3 583.9 583.6 584.4 583.4 584.4 582.6 579.7
560.9 540.3 527.1 515.8 500.4 486.2 474.6 465 458.8 454.2 450.4 449.9 448.3 446.1 442.1 437 433.2 431 428.3 425.4 421.6 420.5 418.2 414.8 415.3 415.5 415.1 413.6 410.5 410.9 404.8 406.3 406 405.5 406.8 408.7 410.9 412.9 415.5 420.4 424.9 430.6 443 454.6 464 473 480.8 489.1 499 509 519.1 526.6 530.8 535.7 539 541.4 543.9 545.7 547.8 550.5 553.1 558.3 562.3 566.9 571.3 575.8 579.1 581.4 582.4 583.2 583.7 583.9 584 585.8 586.1 585.9 583.7 581
569.8 544.7 528.5 515.4 503 492 482.9 477.6 467.5 464.6 459.4 458.2 456.7 453.6 449.5 447.2 444.8 442 439 437.5 435.1 432.5 431.4 429 425.9 423.3 419.6 418.5 415.5 413.7 411.6 404.3 405 404.5 405.3 408 409.2 407.9 407.7 411 416.2 423 431 442.1 451.8 461.7 471.9 478.8 487.7 497.7 509.4 516.2 524.5 532.5 537.1 538.9 540.3 541.9 544.6 547.4 552.5 557.6 561.2 565.6 569.3 573.4 577.1 579.7 580.9 581.6 582.3 583.1 585.4 587.1 587.4 586 585.5 584.9
578.2 555.8 537.9 522.7 507.9 500.1 499.1 492.1 484.3 479.7 473.4 471.2 466.8 462.2 458.6 456.7 454.4 452 449.6 449.2 447.1 446.5 445.3 441.2 437.7 433.4 426.9 425.1 420.5 417.4 415 411.4 410.3 408.5 405 404.9 406.8 405.7 403.9 404.8 408.5 414.6 420.6 429 440.5 449.3 460.2 469.7 477.7 485.2 497.8 509.8 518.3 528.7 534.4 536.7 535.3 535.9 540.4 544.5 550.8 555.3 559.1 562.6 566.2 571.2 574.9 577.7 579.4 580.1 581 583.3 586.1 587.5 587.7 589.1 589.5 589.5
590.3 572.6 554.5 537.1 525.9 514.6 510.2 502.7 496.6 491.2 486.8 483.9 477.4 472 468.5 466.3 464.3 462.3 461.3 461 459.3 457.6 455.5 452.1 448.9 444.2 438.1 432.1 427 422.9 418.6 415.6 415.5 414.5 410.1 403.8 404.6 403.7 403.5 404.1 404.2 409.9 413.3 419.7 430.1 436.6 447.2 459.1 466 474 485.8 497.6 511.9 522.7 528.8 528.7 528.7 529.8 534 540.1 545.2 550.2 555.3 559.3 564 569 572.6 575.6 577.3 578.9 580.6 582.5 587 588.7 590.6 592.2 592.8 591.9
607.4 590.1 574 557.7 540.7 529.7 522.2 514.5 507.3 501.1 497.2 493.7 489.1 482.8 479.8 476.5 474.1 472.3 471.7 472.3 470.2 469.2 466.3 462.7 458.6 453.9 448.3 438.5 439.2 434.8 430.5 426.2 423.5 421.3 417.5 409.1 404.4 403.6 402.9 403.9 402.9 406.3 409 412.3 419.2 428.2 436.9 448.2 458.2 466.6 474.7 485.9 499.5 511.4 518.7 520.3 520.9 523.9 528.4 533.2 538.8 546 551.4 556 561.8 566.5 570.4 573.3 575 578.3 581.5 583.7 587.4 591 593.7 595.5 594.6 593.1
636.3 610.9 595.4 578.2 562.4 549 535.4 527.5 519.1 513.2 507.4 503 501.4 493.6 490.2 487 485.4 483.8 484.7 482.6 481 479.1 476.2 473.2 468.5 464.1 454.5 449.3 449.3 446.7 441.6 437 434.3 429 421.1 414.5 409.6 404.4 402.8 402.4 402.4 405 406.1 407.2 411.4 418.5 427.9 437.6 448.5 457.5 468.2 476.3 485.3 496.8 504.8 509.6 514.9 520.5 524 526.5 533.8 542.5 547.5 552 557.4 562.6 567.9 571.1 573.9 577.6 581.8 585.2 589 592.1 594.6 596.4 596.2 595.4
663.8 641.8 623.4 600.8 585.8 569.4 553.2 541.5 533 527.4 521 514.9 511.2 504.8 500.8 497.3 498.1 498.4 498.5 492.5 491.3 488.8 485.9 484.1 480 474.7 461.2 459.1 456.5 453.3 449 446.5 443.7 438.7 430.2 422 414.7 408.1 403.6 402.5 403.4 403.6 404 404.6 406.6 411.6 421.2 430.8 439.4 449.7 459.3 466.7 474.6 485 493.8 502.3 510.4 517 519.2 521.2 528.2 536 542.2 547.9 553.6 560.2 566 570.8 573.1 577.5 581.8 584.7 588.5 591.3 593.7 595.5 596.1 596.8
677.2 666.2 647.8 632.6 609.8 589 575.8 563.5 551.5 544.9 536 528 519.5 518 515.1 512.7 513 510.1 508.2 504.2 502.1 498.5 496.2 494.4 490.1 482.8 468.4 471.2 464.7 460.5 457 454.6 450.3 446 438.4 428.2 422.8 418.1 411.7 407.6 402.2 402.8 403.1 403.1 404 407.1 414.3 422.6 430.6 439.7 448.8 457.2 465.8 475.9 487.5 498.1 509.8 512 512.8 514.8 524.1 530.4 536.5 543.6 552.6 558.8 564 569.5 573.1 577.9 582.1 584.5 587 589.8 591.7 593 594 593.5
684 676 663.4 650.9 631.2 614.3 599.9 588.7 575.3 565.4 553.2 543.3 528.9 532.7 530.8 527.3 524.1 521.1 518.6 515.8 512.9 510.6 506.4 503.7 496.4 483.8 485.2 482.7 475.7 471.1 466.9 462.2 457.7 452 445.2 438.5 432 426.6 418.9 413.6 409.2 401.6 402.2 402.8 404.4 404 407.2 413.6 421.4 429.6 438.7 447.6 456.4 469 479.9 491.7 500.8 503.7 504.6 512.7 520.9 526.3 531.8 540.7 550.1 557.3 562 567.5 572.9 578 581.4 584 586 587.8 588.3 590 590.8 588.7
685.4 680.4 673.2 664.7 653 640.4 628.5 615.6 604.4 590.8 575 567.3 546.3 549.5 544.7 541 536.5 532 528.7 525.7 522.7 521.4 515.3 509.8 500.9 495.1 496.9 492.8 486.6 482.6 477.5 471.3 466.9 462.5 456.8 450.9 443.6 435.1 427.3 418.5 413.2 407.9 401.1 401.9 406.7 403.6 403.8 407.8 414.8 421.6 429 437.7 448.1 459.9 472.8 484.7 491.6 495.8 502.2 513.2 517.9 523.2 528.6 537.9 547 554.9 560.1 566 571.1 576.5 579.2 580.9 582.6 583.6 584.1 586.6 586.2 583.9
684.7 681.8 678.4 673.4 667.1 659.4 649.7 637.5 626.8 613.3 601.2 591 565.9 570.3 565.2 557.5 548.5 543.4 540.8 536.7 531.5 526.7 519.9 509.9 506.9 506.1 507.1 502.2 496.5 492.7 490.1 482.9 479.3 475.3 470.2 464.1 455.4 445.1 434.7 424.4 417.6 411.8 404.6 400.4 402.6 403.4 403.3 405.4 409.8 415.3 422 429.6 439.5 451.6 464.7 477.7 484.1 492.1 499.6 509.6 514.3 519.1 525.1 535 544.3 550.9 558.7 564.3 569.3 573.2 576.4 577.8 578.2 578.9 579.6 581.6 582.1 581.1
682.9 681.4 680.3 676.8 673 668.7 661.6 653.6 642.8 630.4 618.9 605.4 585 587.1 581.3 572.1 561.7 557 556.7 543.4 534.5 525.2 518.8 518.7 518.5 515.3 513.1 510.4 506.2 503.2 501.8 497.9 493.8 489.6 484.5 478.6 469.2 455.6 443.2 432.7 423.4 415.8 409.6 403.5 400.4 402.4 402.4 402.8 406.5 410.4 414 421.6 431.8 443.5 455.1 467.2 479.4 488.5 497.1 505.6 510.7 515.9 523.1 532.5 542.3 549.5 557 562.4 564.8 566.7 570.4 573.6 575.8 575.5 575.2 576.4 578.3 578.1
679.7 679.2 678.7 677.4 675.1 672.1 666.8 660.8 651.4 641.5 631.6 615.2 603.1 595.6 590 582.4 572.3 561.7 550.3 540.9 532.9 532.1 529.3 526.4 524.7 522.3 520 518.2 516.2 515.8 514.4 511.2 509.5 505.3 500.1 492.6 482.4 467.9 452 441.4 431.8 420.3 414 407 402.1 400.2 400 400.4 403.6 406.2 408.7 415.8 425.6 436.4 447.6 460 473 482.7 492.2 501.2 507.7 513.5 522.9 531.6 540.4 546.2 554.2 559.5 561.2 562.5 564.8 569.2 572.7 572.3 572.5 573.9 575.1 574.8
675.7 676.5 676 675.6 674.3 671.5 667.1 661.8 653.5 645.2 636.4 624.9 609.2 599.4 590.8 583.5 571.4 554.8 548 540.5 538.5 537 534 531.1 530 529.3 527.5 525.7 524.3 525.8 524.8 526 528 527.8 520.9 517.1 496.8 478.8 462.2 449 438.1 424.3 418 413.3 405.6 407 404.7 400.4 399.3 403.6 405.9 411.3 420.9 431.9 443.4 454.1 466.6 478.1 487.4 496.3 504.8 514.2 522.7 531 538.1 543.7 549.8 554.6 557.2 559 562.6 566.3 569.4 568.9 570.1 571.5 571.8 570.9
670.6 671.9 671.8 670.9 669.8 667.7 664.6 660.7 654 645.6 637.6 630.2 613 600.3 590 580.9 569.4 561.2 553.6 546.8 544.3 541.1 534.9 536 537 536.1 534.7 533.3 532.5 533.6 535.2 535.8 537.3 537.5 532.8 530.7 525.1 492.9 475.5 458.4 445.2 429.4 420.8 416.1 411 409.2 409.4 405 401.3 401.3 404 409.2 419.4 430.3 440.4 450.5 462.3 474.5 483.8 493.8 504.2 514.5 522.9 531.3 536.1 540.1 544.5 549.5 551.9 556.2 560 562.9 564.5 564.3 565.5 566.8 567.7 566.8
664.8 666.7 666.7 665.9 664.5 661.8 658.5 654.7 649 642.5 636.4 630.7 620.4 602.9 590.5 580.9 572.1 564.7 557.6 552.3 547.2 542.3 541.7 543.2 542.3 541.5 540.3 539.5 539.8 540.4 542.3 541.3 541.8 540.6 538.4 535.9 532.5 525.8 489.4 471 458.2 440.7 424.8 420.3 415.5 410.9 411.1 407 403.1 398.3 402.9 408 418.3 428.3 438 447.9 459.4 471.3 483 493.1 504.6 513.6 521.7 529.5 533.9 536.5 540.7 544.6 547.6 551.8 555.9 557.1 558.4 559.6 560.6 561.7 563.1 563.3
658.8 660.9 661.1 661.3 659.8 657.1 653.2 649.9 645.3 640.2 633.7 625.6 617.4 589.6 582.4 578.8 574 566.9 564.2 559.3 554.3 551.7 550.2 549.6 549 548.1 547.7 547.3 547.5 547.6 548.2 546.5 544.3 542.5 540.2 536.7 535.4 533.8 517.7 483.1 466.7 450.1 431.5 424.9 417.6 413.4 411.6 408.9 404.9 400.8 402.6 406.6 416.2 425.9 435.7 445.5 457.8 469.8 481.7 492.3 502.4 509.7 517.7 525.4 528.8 531.4 537 540.7 545.1 549.8 551.6 551.2 553.7 555.7 556.5 556.5 558 559.3
652.8 654.7 654.9 654.7 654.6 653.4 650.1 646.2 641.7 635.9 629.1 620.7 602.6 598.8 593.3 583.9 579.4 578.1 575.5 569.5 564.8 560.5 560.3 559 557.8 556.6 555.4 555 554.4 554.4 553.3 550.8 547.3 543.9 540.7 536.8 535.2 531.3 515.4 494.7 475.2 458 437 427.1 420.2 416.2 413.7 410.7 406.8 400.5 399.9 405.4 414.5 424.1 434.1 444.7 453.4 467.3 479.4 488.2 496.6 502.9 510.3 517.2 522 526.9 533.3 537.8 542.3 547.2 547.5 546.2 549.7 551.6 552.2 551.7 553.1 554.7
647.3 648.7 649.2 649 650.2 649 646.8 643.1 639.7 633.9 625.8 611.7 609.7 603.2 597.7 591.4 588 586.2 583.7 578.4 573.9 571.3 572.5 571.5 568.1 566.2 564.7 562.1 560.7 559 556.5 552.8 549.3 545.6 540.4 535.9 531 525.1 512 500.9 483.4 462 443.2 428.4 421.1 417.3 414.7 412.1 410.1 404.3 398.4 404.1 413.3 422.8 432.5 442.4 450.7 462.9 475.4 484 489.5 494.4 502.3 510.9 517.5 522.8 529.4 534.7 539.4 543.7 543.5 542.5 545.6 547.6 547.8 547.6 549.9 550.8
640.3 642.5 643.5 644.4 644.9 644.8 643.4 640.1 636.3 630 618.4 617.5 613.8 608 602.5 597.7 595 593.7 590.9 587 582.7 581.5 581.6 580.7 579.3 576.6 574.4 571.2 566.8 564.1 559.6 554.3 549.7 545.1 538.8 532.9 527.4 521.2 511.9 502.1 486.1 463.7 445.4 430.2 422.4 418.6 414.6 411.2 409.8 406.6 401.6 400.4 411.9 423.4 433 439.2 447.9 460 470.7 477.5 482.4 487.9 496.7 504.3 512.8 518.7 525.3 530.2 533.6 536.2 538 538.9 541.1 544 544.3 543.7 545.6 545.7
