public/OST50/NO09.asc
ncols 200
nrows 200
xllcorner 300000
yllcorner 790000
cellsize 50
[rows 140 to 174 of 200, columns 0 to 77 of 200]
623.4 626.8 628.4 629 628.7 627.5 625.8 623.8 621.7 619.6 618 616.2 614.4 611.7 608.4 605.2 601.7 597.9 592.2 586.5 581.1 577 572.5 566.9 560.2 554 549.6 545.4 542 539 536.3 533.8 530.4 526.8 526.2 525.8 525.5 525.1 525.1 525.9 525.9 526.1 527 527.8 527.8 526.7 529.9 533.7 537.7 543.4 550 556.9 561.7 566.7 569.9 569.3 569.6 565.9 561.7 555.1 550 546.4 541.9 540.1 535.5 531.4 527.6 522.7 520.3 517.8 515.6 513.3 508.9 502.6 494.6 485.7 476.5 466.7
622.8 624.6 626.6 627.1 626.7 625.6 624 622 618.2 615.6 613.8 612.2 610.3 608.1 605.2 602.7 599.9 595.3 589.5 584 580 576.3 572.4 567 560.5 554.5 550.4 546.5 543.5 540.5 537.5 533.4 528.4 525.8 530.6 530.9 530.7 530.4 530.1 529.8 529.9 530 530.2 530.9 531.1 530.2 533.5 537.5 541.4 545.9 552.5 560.3 567.8 574.2 578.4 581.2 584.4 584.9 584 581 577.1 571.8 568.5 566.2 561.5 557.6 552.5 547.6 544.1 541.2 538.6 534.2 528.1 518.9 510.6 500 489.3 477.4
622.8 624.7 625.3 625.1 624.5 623.7 622.2 618.8 614.9 612.2 609.9 607.5 605.6 603.5 601.1 598 596 592.4 587 582.1 578.3 574.8 570.4 566.3 560.4 554 550 546.9 543.6 539.9 536.6 538.2 537.6 536.9 536.7 535.8 535.3 534.9 534.5 534.2 533.8 533.9 534.1 534.5 535.3 534 534.7 539.5 544.3 549.1 554.9 562.4 571.2 578.8 585.6 590.7 596.9 604.6 606.8 607.6 605.8 599.6 595.9 592.7 588.7 584.5 578.2 572.6 568.3 565.2 562.9 558 548.6 538.6 526.2 513 500.9 487.1
623.5 625.9 626 626.8 624.3 622.4 619.7 615.9 611.6 608.6 605.8 603.1 600.5 598.5 596 593.3 591.4 588.7 585.1 580.2 576.6 572.6 568.4 564.5 559.7 553.6 550.4 546.2 541.9 542.2 544.1 543.8 543.9 543.6 542.9 541.4 540.7 539.9 539.4 538.8 538.3 537.9 538.1 538.5 538.9 538.1 538.5 542.6 547 552.3 557.2 564.7 573 581.6 589.1 596.4 606.5 615.8 626.6 630.7 630.9 629.6 624.2 623.3 620 615.5 608.3 604 598.4 594.9 592.1 586.3 572.6 558.4 543 525.7 509.7 495
627.8 630.2 631.1 628.8 624.9 622.1 618.9 614.9 609 605.7 603 599.6 596.7 593.9 590.8 588.5 586.7 583.9 580.3 577.7 573.5 570.1 566 562.2 558.5 553.9 549.5 545.8 548.2 548.6 549.3 549.3 549.4 549.7 548.7 547.3 546.3 545.5 544.7 543.6 543.1 542.7 542.3 542.7 543 542.4 541.9 545 549.7 554.7 559.8 566 574.5 583.1 591.9 600.3 610.6 623.3 634.8 643.2 649.5 649.5 651.6 655.3 649.2 643 638.2 633.6 629.3 625.7 622.3 615.5 600 579.5 555.8 533.7 517.7 501.8
634.2 635.9 634.1 630.9 627.4 623.5 619.6 615.3 609.3 605.2 601.4 598 594.5 590.4 586.4 584.4 582.6 579.4 575.8 573.3 570.9 567.8 563.7 560.3 556.9 552.2 551.8 552.6 553 554.3 555.1 555.6 555.8 555.9 554.5 553.1 551.9 551 549.7 548.6 548 547.6 546.9 546.9 547.2 546.8 546.8 547.5 550.8 556.9 562.3 567.9 574.8 583.5 592.7 601.6 612.1 623.1 635.1 645.6 654.7 663.6 672.5 677.6 675.3 667.3 660.8 658.5 655.4 653.4 649.3 638.5 620.4 597 567.2 543.7 526.7 512.2
642.7 641.7 638.7 634.6 630 625.2 621 615.9 610 605.2 600.9 597 593.8 589.3 585.5 581.9 579.7 576 572.6 569.9 567.6 565.3 562.5 558.6 558.3 559 558.6 559 559.3 560.5 561.3 562.3 562.3 561.9 560.6 559.2 558.3 557.1 556.1 555.2 554.3 553.2 551.8 551.5 551.7 551.8 552.2 552.8 554.4 557.7 563.9 568.6 575.1 583.1 592.4 601 611.5 622.8 635.2 646 656.4 666.5 675.5 682.9 685.1 681.3 676.3 673.6 671.6 670.1 666.1 653.3 633.5 608 579.8 556.5 538.5 523
651.1 649.3 644.7 638.8 633.3 628.2 623.5 616.2 611.7 606.2 601 596.4 592.9 589.2 585.5 581.7 578 574.5 570.7 567.6 566 564.6 564.5 564.2 564.3 564 563.9 565.2 566.6 568 568.8 569.2 568.8 568 567.2 566.4 565.5 564.3 563 561.7 560.3 558.5 557.3 556.8 557 557.1 557.6 557.2 558.1 560.9 564.3 569.3 575.8 584.1 593.2 601.8 611.1 622.7 635 646.6 657 666.7 676.1 683.2 688.3 686.4 685.5 684.2 681.4 681.8 677.5 663.3 643.8 619.3 591.3 567.2 548.3 533.1
662.8 658.2 652.5 647.1 639.8 632.8 626.1 618.9 613.9 608 602.2 596.7 592.7 589.2 585.5 581.9 578.2 574.8 571.4 569.8 568.8 568.2 569.1 569.4 568.6 568.7 570 571.5 573.1 574.9 576.6 576.5 575.8 574.9 574.2 573.6 572.8 571.3 569.8 568.5 566.3 564.8 564.6 563.7 562.8 562.3 562 561.8 562.1 565.3 568.4 571.1 578.2 585.9 594.6 602.5 611.6 622.1 634.8 646.7 657.2 666.6 676 684.1 691.8 693.6 692.4 690.8 689.9 689.5 687.5 674.6 655.2 631.7 601.8 579.1 559 542.3
673.2 666.6 659.7 653.1 645.5 636.3 629.2 622.2 615.6 609.9 604.1 598.2 593.1 589.8 586.3 582.8 579.3 576.5 574.6 573.2 572 571.7 574 573.5 573.5 574.8 576.3 577.9 579.7 581.6 583.2 584.7 584.6 583.7 582.9 582.4 580.5 578.1 576.6 575.3 572.7 571.4 571 570.2 569.3 568.3 567.4 567.3 567.6 569.8 573.7 577.2 581.5 586.7 594 602.5 612 622.1 633.9 645.8 656.8 666.3 674.9 683.7 692.6 698.6 700.4 698.8 697.2 696.5 696.7 687.3 667.1 640.6 614.4 592.5 571.5 551.8
687 673.1 663.2 656.7 649.2 639.3 631.9 625.6 619.1 612 606.3 600.6 595.4 591.9 588.3 584.8 581.5 579.7 578.4 576.9 576.1 576.9 578.5 578.6 579.3 580.8 582.4 584.4 586.5 588.3 589 591.6 591.7 591.7 591.9 590.2 588.3 586 583.5 581.7 579.2 577.7 577.7 576.7 575.7 574.8 573.4 573.2 573.7 575.7 578.6 582.8 586.7 591.4 596.4 603 611.6 621.3 631.6 645 656.9 667.1 675.6 684.3 693.3 700.6 704.3 704.9 703.6 702.5 701.9 695.9 675.5 649.2 625.7 606.4 584.6 567.3
698.5 676.8 667.7 661.4 653.6 642.7 634.6 628.4 622.1 616.3 609.5 603.4 598.3 594.6 591.1 587.7 585.4 583.6 582.2 580.8 580.7 582.2 583.2 584.4 585.2 587.5 588.6 590 594.6 595.3 596.9 599.5 599.5 600 600 598 596.1 593.8 591.9 589.7 586.6 584.6 584.7 583.6 582.6 581.7 579.8 578.9 580.2 582.2 584.4 588.3 592.2 596.7 601.6 607.4 614.9 623.3 634.9 645.3 656.8 667.4 676.5 685 693.8 702.6 708.2 709.5 709.4 708.2 707.1 705.6 687.7 663.9 639 617.3 595.7 577.4
696.1 683.6 673.7 665.5 657.7 648.3 640.3 631.8 625.8 621 614.5 608 602.4 598.3 594.5 591.4 590.2 589.1 587.6 586.4 586.5 587.3 587.9 588.3 591.4 593.9 594.9 596.6 600.7 603.7 605.8 607.5 608.1 608.7 608 606.2 604.8 602.7 600.8 598.9 596.1 593.6 592.3 590.4 590.5 588.7 586.7 586.1 586.6 588.7 590.9 593.7 598 602.7 608 613 620.7 629 639.2 649 658.8 669.1 678.4 686.7 695.7 705.7 712 713.8 714.2 714.4 713.4 712.4 699.8 677.6 653.2 624.7 600.9 581.2
699.1 687.9 678.9 670.3 661.2 651.9 644.5 635.9 629.5 624.8 619.8 614.1 607.9 603.6 599.2 597.3 596.3 595.1 593.6 593.3 592.8 592.4 593.3 594.3 596.4 600 601.4 603.4 608.2 611.3 613.5 615.5 616.4 617.1 616.6 615.6 614.5 612.1 610 607.9 605.5 603 599.5 598.1 597.6 595.7 593.9 593.4 593.5 595.3 597.5 600.4 604.6 609.6 614.7 620.5 627.9 635 644.2 655.1 664 673.5 681.8 689.8 699.4 708.6 715.9 719.8 721.9 720.9 719.2 717.1 704.8 689.3 664.2 632.8 606.6 584.2
701.4 692.3 682.7 673 664.5 655.9 647.4 638.9 632.8 627.9 622.7 617.6 612.9 609.4 605.7 604.1 603.4 601.5 600.7 599.7 598.7 598 599.2 600.4 601.6 605.2 609 611.9 615 618.4 620.8 622.7 625.3 626 626.3 626 623.9 622.1 619.2 616.6 614.4 611.6 607.4 606.8 604.9 603.2 601.7 601 601.7 603.4 605.1 607.6 611.7 616.9 622.4 629.7 635.8 643.4 652 660.9 669.6 678.5 686.4 694.5 704.1 712.7 720.9 725.8 727.4 725.4 724.8 721.1 710.2 695.4 674 638.3 608.9 583.1
702.5 694.8 685.7 675 666 658.9 650.6 642.3 635.8 632 627 622.4 618.3 613.2 610.8 610.7 609.9 607.8 606.4 606.4 605.5 605 607 608.3 609.4 612.3 615 618.2 621.6 624.9 627.8 630.7 634.5 636.4 637.2 636.8 635.4 633.9 630.7 627.5 625.1 621.2 617.9 616.1 614.5 611.6 609.5 609.3 610.3 612.1 613.8 616.7 619.8 624.9 631.3 638.4 644.8 652 660.4 668.8 677.2 685.2 692.1 700.7 709.9 717.5 725.1 731.2 734.9 730.6 726.6 721.9 712.9 700 679.4 643.8 607.7 583.5
700.3 694 686.4 677.2 668.7 661.5 654.1 646.1 641.4 636.5 632.1 627.9 624.3 619.2 617.9 617.4 616 614 613.5 613.6 613.7 613.1 614.7 615.8 616.9 618.5 620.6 623.8 627.4 631.5 634.7 637.8 643.1 645.9 647.3 648 646.9 645.5 642.5 640.4 636.3 633 629.7 626.2 624.1 621.2 619.9 619.8 619.5 620.6 623.2 626 628 633.2 641 648.1 655.8 662.6 669.7 676.8 685.5 692 698.2 707 716 723.6 731.2 736.7 739.4 733.5 727.2 720.7 713.8 703.4 685.6 649.7 612.2 588.7
696.6 691.7 686.2 678.4 670.5 663.9 657.1 651 646.3 641 636.8 634.1 630.9 626.4 624.7 624.4 622.1 620.1 619.8 620 619.8 620.1 621 622.3 623.6 625.1 627.2 629.7 633.6 637.9 642 645.9 650.8 653.6 656 657.9 657.5 656.6 655.5 652.8 649 645.2 642.1 638.9 636.2 632.9 631.9 631 630.5 631 632.7 635.6 633.6 643.2 651.1 659.5 667.5 674.2 680.3 687.2 693.6 699.7 705.9 713.7 721.9 729.4 736 740.5 739.7 735.6 727.5 720.9 714.6 705.2 689.5 662.1 624.5 600.4
691.3 686.3 682 677.3 671.2 665.2 661.5 656.6 651.7 647.2 644 640.4 637.3 634 631.1 629.8 627.8 626.7 626.5 626.6 627.6 627.6 627.7 629 630.3 631.7 634 636.7 640 644.8 648.6 653.4 657.9 660.8 663.9 666 667.9 667.1 666.9 666.2 662.9 659.7 656.3 651.8 649.1 645.6 644.5 642 641.2 642 643.3 645.1 646 655.8 664.6 672.5 679.5 685.6 691.8 697 701.7 706.8 712.9 720.7 727.4 733.8 737.7 739.2 737 734.6 727.7 719.2 714.9 707.9 694.2 674.4 639.7 612.4
686.9 681.9 677.9 675.4 671.2 669.2 666.5 663 658.9 655.3 651.5 647.6 644 640.8 638.3 637.4 634.9 633.8 634.1 635.4 636.2 635.5 635 636 637.2 638.5 641.1 643.9 646.9 651 654.4 659.8 664.6 668 671.5 674.3 676.3 678.2 678.9 679.7 678.1 675.5 672.1 667.3 663.1 659.6 656.8 653.7 651.3 651.8 654.1 656.2 659.2 667.1 676.4 684 690.4 696.6 701.3 705.4 707.9 712.1 719.1 727.5 732.4 733.8 732.3 731.4 729.2 727.9 722.5 718.1 714.7 707.9 701.6 687.5 661 630.9
683.4 679.4 676.8 674.1 672.6 673.2 671.9 669.9 667.3 664.4 660.5 655.9 652.9 649.4 647.7 645.5 643 643.2 643.8 644.3 644.1 643.4 643.8 644.3 645.3 646.7 648.9 651.1 653.7 658.9 662.6 667.7 671.2 674.5 679.7 684 686 690.5 692.8 692.9 691.6 689.7 687.1 682.3 677.5 672.7 669 666.1 664.5 664.5 666.8 668.5 670.1 677.7 686.2 693.1 699 705.8 710 711.3 713.1 715.7 721.7 727.3 732.2 732.5 723.3 721.7 721 720 716.1 714.5 713.2 708.2 703 695.1 682.2 660.6
680.9 679.4 676.9 674.4 676.8 678.1 678.7 678.3 677 673.9 670 667 664.1 661.4 657.6 655.1 654.2 654.2 654.7 654.7 653.9 654.4 653.6 654.6 655.3 656.3 657.3 659.9 663 667.2 671.3 675.8 678.7 684.3 689 693.4 698.2 703.5 706.2 706.6 704.9 702.7 700.2 694.8 689.4 684.5 680.3 677.8 675.3 675.4 676.2 678.9 682.1 685.8 692.3 697.3 703.5 709.8 714.9 713.6 713.8 716.2 721.8 724.2 722.5 720.8 718.2 715.6 712.6 711.9 710.1 708.7 707.7 706.2 701.2 695.4 689.7 678.9
679.7 679.1 677.8 678.5 680.8 683.5 685.6 687.6 687.3 686.2 682.6 679.7 676.7 674.2 670.3 668 667.4 666.6 667.5 666.7 666 666.7 666.5 665.7 666.1 666.4 667.9 670.5 673.7 679.6 683.4 687.6 690.7 694.6 699.5 705.2 711.2 716 718.7 718 715 713.3 710.9 707.3 702.1 695.6 690 688 686.2 684.2 684.4 686.2 687.6 689.1 693.6 697.1 702.9 708.7 714 711.8 709.7 712.7 718.1 717.5 714.4 712.3 710.5 708.3 704.9 704.8 704.4 702.3 700.3 699 697.7 693.7 690.4 686.4
679.7 679.9 680.1 681.9 685.3 688.4 693.2 695.1 696.9 698 696.2 693.4 690.4 687 683.8 681.8 680.8 680.3 681.7 681.7 681.9 679.7 680.2 679.4 679.2 677.8 680.2 683.1 686.7 692.5 696.7 701 704 707.2 711.8 717.8 723.4 727.3 729.9 728.8 721.9 719.6 717.7 711.8 708.4 704.5 699.5 695.9 693.8 692 691.3 690.6 690.7 689.9 692.2 694.8 699.2 703.7 704.7 703.3 703.3 705.3 709.2 709.2 704.3 705.2 700.7 698.7 698.4 698.4 698.2 696 694.5 693.7 692.4 692.1 691.1 688.3
680.6 681.3 682.2 684.1 689.1 694.1 700 704 706.8 709.4 709.2 707.2 704.3 700.5 698 696 694.9 695.3 697.2 699.6 700.5 700.6 697.6 696 694.6 692.8 694.3 696.4 701.4 705.7 710.3 714.4 716.9 719.8 724.9 729.7 733.9 736 737.7 735.3 722.8 723.2 722.8 712.6 711.7 708.4 704.4 702.7 700.1 697.6 694.9 691.4 689.8 689.6 689.4 692.1 695 696.2 695.7 696.4 697.6 698.8 701.3 699.1 693.2 692.7 690.8 691.4 691.8 691.8 691.7 691.1 690 689.2 687.8 689.1 689.4 688.3
681.4 682.4 683.6 687.3 692.9 699.1 705.2 711.5 716.9 721.2 722.7 722.6 720 716.4 713.7 711.4 711.5 712.4 716.5 722.2 725.5 725.6 722 717.1 711.4 710.1 709.4 710.4 713.6 714.4 720.6 724.2 726.3 729.6 734.9 738.7 739.5 739.7 734.9 728.4 720.9 719.4 717.2 712.5 710.9 708 705.5 704.5 702 698.7 694.4 689.9 687.2 685.1 685.4 687.6 690.1 690.1 690.8 691.1 691.4 693 693.5 688.9 685.3 685 683.7 683.6 683.8 683.9 684.5 684.7 685.3 684.7 684.9 686.1 687.4 686.1
681.7 683.3 685.3 690.2 697 703 710.5 720.1 728.1 733.6 737.8 739.4 738.6 735.1 733.1 731.3 732.7 735.1 740 746.5 750.9 749 744.4 736.7 730 727 724.3 723.3 724.4 723 729.1 732.7 732.3 735.2 739 742.8 738.3 734.5 729.5 723.7 718 714.1 711.5 709.9 708.2 705.4 703.6 701.5 698.7 693.9 690.3 686.3 683.5 680.7 681.7 684 685.1 686 686 685.6 684.9 684.8 682.8 680.1 678.6 677.7 676.3 675.9 676.5 677.1 677.3 677.1 677.8 679.2 681.2 682.3 683.2 683.3
681.8 684.5 687.6 692.3 699.3 706.8 715.6 725.4 735.7 746.9 755.1 759 760 757.2 754.9 754.6 755.4 759.2 763.7 768.4 770.4 769.6 762.4 752.3 743.6 738.3 735.3 732.1 731.1 727 735.1 735.6 734.2 735.1 736.5 735.4 732.7 726.8 721.7 717 713.1 709.2 706.4 705.2 703.8 700.1 699.1 696.5 694.4 690.1 686.4 682.4 679 675.4 676 677.4 679 679 678.9 678.3 677.8 676.2 674.9 675.1 673.6 670.8 668.2 668 669 669.9 670 670.2 671.3 673.4 675.1 677.2 678.3 678.7
682.9 686.1 689.7 694.8 701.8 711 720.6 730.3 741.9 756.6 769.6 774.7 775.7 774.9 775.5 776.1 775.6 779.2 781.3 785.5 782.3 777.3 771.3 757.1 748.4 743.9 740.2 737.1 733.4 725.5 729.2 731.7 730.1 728.5 728.1 729.5 725.9 717.7 713.9 710.6 707.5 704.3 701.6 699.6 696.5 693.5 692.1 690.4 687.2 683.2 678.4 675.4 673.1 669.3 667.8 668.8 670.8 670.9 670 669.3 669.1 667.3 667.5 667.9 665.8 662.6 660 659.8 661.1 662.1 662.9 663.7 665 666.9 668.6 670.5 672.7 674.1
686.1 688.6 692.4 696.9 706 715.4 724.5 734.5 747.8 763.6 777.8 788.2 792.8 792.3 792.4 792.6 793 794.6 794.2 786.6 777.2 767.7 761.1 754 749.4 744.8 739.8 734.3 730.7 723.3 716.5 720 722.3 719.4 716.5 717.9 716.2 709.5 705.3 704.3 702 699.5 697.2 692.5 689.5 686.5 684.2 682.3 679 674.5 671.5 668.5 665.9 662.3 660.6 659.5 660.3 660.8 660.8 659.8 659.3 658.8 658.6 657.5 656.3 654.2 652.8 653.2 654.1 654.6 655.5 656.4 657.6 659.9 662.1 663.8 666 668.5
689.9 693.1 695.6 700.8 708.7 717.7 726.4 736 750.5 766.7 785.1 799.8 806.2 806.4 806.8 805.3 803.2 799.3 790.9 781.7 769.1 757.6 751.3 747.7 743.6 738.1 733.5 727 721.3 713.8 708.6 710.4 709.9 706.4 703 704 705.1 700.1 698.9 698 695.9 693.7 690.5 685.2 682.3 679.1 676 672.7 668.8 665.1 662.4 660.3 657.6 654.7 652.2 650.2 649.8 650.7 651 651.6 651 650 649.3 648.1 647.7 646.3 646 646.8 647 647.2 648.1 649.1 650.3 652.3 654.7 657.3 659.3 662
695.1 696.7 698.8 703.4 709.6 718.6 727.7 736.9 750.9 768.1 787.5 802.9 809.6 812.1 814.2 804 802.9 795.5 785.9 777.5 758.2 746.2 739.8 736.3 733.4 728.2 722.5 715.2 709.5 704.2 701 699 697.9 696.2 692.6 693 694.5 693.5 693 691.8 690.1 687.5 683.8 678.2 674.9 671.2 666.4 662.4 658.7 655.9 653.5 651.1 647.6 645.4 643.4 642.2 640.5 641.8 643 644.1 643.4 642.5 642.1 642.2 641.2 639.9 639.4 639.3 639.7 639.8 640.8 641.7 643 645 647 649.5 652.9 655.9
699.5 699.8 701.1 704.4 710.5 718.5 726.4 736.9 750.1 766.5 782.8 801.5 804.5 807.1 804.7 796.1 790.1 786.7 773.7 758.7 743.6 733.3 726.8 723.4 719.8 715.4 709.3 703.1 699.8 695.7 691.7 689.2 688 686.2 685.3 686.2 688.2 688.5 687.8 687.8 685.6 681.9 678.1 673 667 662.6 658.1 654.3 651.4 649.2 647 643 638.9 637.3 635.8 634.6 633.7 633.5 635 636.5 635.8 635.4 634.8 635.2 634.6 633.3 632.9 632.5 632 632.9 634 635.1 636.4 638 640.1 643 646.7 649.7
702.8 701.3 702.1 703.7 708.4 716.3 724.2 736.1 749.6 763.2 775.9 791.3 786.5 787.3 786.8 782.1 775.9 769 754 740.5 728.7 718.4 712.8 709.6 707 703.4 698.1 694.1 692.1 688 683.7 680.9 680.2 679 679.4 680 681 681.9 683.2 682.1 679.5 676.2 673 667.3 661.9 657.2 652.4 648.6 645.2 642.7 638.9 635.6 632.9 631.3 630.3 629.7 628.9 627.5 628.1 628.9 628.5 628.3 627.5 627.1 627.1 626.2 625.8 625.5 626 626.7 627.9 629.1 630.2 631.4 633.3 636.9 640.4 643.8
701.8 699.7 699.7 701.2 705.9 713.5 721.6 734.2 747.3 759.4 770.7 777.4 774.8 774 772.1 767.8 760.9 752.1 738.8 727.2 715.3 704.7 699.8 697.4 695.4 693 688.8 686.7 683.8 679.4 677.8 675.7 675.1 674.8 675.1 676.1 676 677 678.3 677.1 673.9 671.2 667 662.5 657.9 653.3 648.5 643.6 640.1 636.7 633.4 630.4 628 626.3 625.1 624.6 623.4 622 622.4 622.1 621.6 621.1 620.4 619.7 619.5 619.1 619 619 620.3 620.5 621.7 621.7 623.3 625.5 627.5 631.2 634.8 637.9
