public/OST50/NO19.asc
ncols 200
nrows 200
xllcorner 310000
yllcorner 790000
cellsize 50
[rows 105 to 139 of 200, columns 0 to 77 of 200]
603.3 605.9 605.8 611.6 612.3 619.3 623.7 631.6 637.8 644.6 654.2 665.2 674.5 684.3 694.4 704.5 710.1 711.7 712 709.7 706.5 700.2 696.9 693.7 691.9 689.1 687.6 685.5 681.6 680.1 677.6 676.6 676 674 673.1 671.3 667.9 664.9 660.9 659.1 656 652.9 649.8 643.9 637.6 632 622.6 615.1 617.2 612 607.3 605.6 602.9 599.4 595.2 589.6 583 575.7 568.2 562.2 551.9 542.2 537.5 527.3 513.7 499.4 493.9 484.9 466.7 441.6 454.3 464.3 474.4 473.7 473.3 474.3 474.1 473.6
610.3 611.3 608.7 615.3 617.5 618.9 625.2 628.9 636.9 641.7 652.3 662.8 672.2 682.5 692.3 701.8 711.6 719.2 720.5 719.8 718 713.5 706.2 703.4 699.6 696.3 694 690.4 686.5 681.9 681.2 681.1 679.8 678 676.3 674.7 675.3 672.4 670.9 668.9 667.5 666.3 669 667.2 660.7 654.5 651.4 644 640.6 633.1 632.5 630.7 626.1 622.7 617.3 611.8 604.2 594.5 588 581.4 571.3 558 548.3 534.4 522.2 509.1 498.3 489.4 471.9 443.6 449.5 452.7 457.3 464 463.9 461.9 462 460.6
614.6 614.4 612.6 616.1 618.9 619.6 621.7 627.9 632.2 640 645 657.3 667.8 679.2 688.6 698.7 710.2 721.4 726.4 727.8 728.3 723.3 717.6 713.5 710.7 706.6 701.3 697 691.4 689.4 687.1 683.3 683.6 682.4 680.7 681 680.5 678.9 678.2 679.1 677.4 679.1 680.9 679.8 679.8 675.2 671.3 665.8 664.5 658 653.2 649.6 645.9 640.9 636.1 630.7 623.6 613 604.2 594.9 584.9 576.6 560.8 549.4 536.5 520 507.8 493.1 477.9 459.9 441 436.9 442.7 451.5 456.7 455.6 454.4 453.4
615.9 614.8 614.6 615.6 617.5 619.5 621.4 623 629.3 633 642.3 651.2 663.3 674.2 684.6 694.3 705.5 718.4 727 732.3 733.1 729.4 725.7 721.3 716.9 712.5 708.3 703.1 699.2 694.3 691.8 690 688.9 685.6 688.3 687.3 686.6 684.7 684.5 685.3 687 689.6 689.7 690.7 690.2 687.7 685.5 683.1 678.4 676.1 671.6 666.1 661.9 656.7 649.6 643 637.4 629.3 620.4 611.2 599 585.4 572.9 559.7 546.5 533.8 517.3 503.7 492.6 478.1 467.1 453.6 437.5 435 444.2 449.3 448.7 446.9
613.8 612.8 611.7 612.5 614.6 616.1 618.7 621.4 624.5 626.8 637 646.7 656.9 669.1 680.2 690.5 701.8 713.5 723.6 729.3 731 732.2 729.5 726.3 722.9 719.3 714.8 710.3 706.5 702.2 700.6 698.6 696 695.6 693.8 695.2 694.6 693.2 692.1 692.5 695.9 697.5 699.3 698.3 699.4 699.2 697.4 695.9 692.2 687.9 684.5 680.3 675.9 673.2 668.4 661.2 653.2 647.5 636.8 624.2 614 603.1 587.2 572.1 560 545.1 532 518.7 507.4 497 482.3 471.3 458.1 449.7 432.6 440.3 446.4 447.6
610.5 609.1 606.4 609.6 610.5 611.8 613.7 616.4 620.7 624.2 629.9 640.4 651.1 663.8 674.8 686.6 698 709.6 721.1 728.3 732.4 732.8 731.6 731.6 728.6 725.9 721.1 718.2 713.4 712 709.3 705.9 702.4 702.9 701.8 702.4 702.7 702.6 700.8 701.2 703.3 705.8 706.6 707.2 708.1 708.2 709.1 705.5 703.7 698.3 697.8 694.6 691.4 686.4 682.3 677.3 669.1 663.7 653.9 643.2 632.3 619.7 607 591.9 577.5 563 548.8 535.8 521.7 507.7 497.3 487.1 476.1 463.6 456 432.3 440 439.9
605.4 602.5 600.5 605.9 607.6 607.4 608.6 611 615.7 619.9 626.3 634.2 647 658.9 671.3 682 692.1 705.5 716.3 725.4 731.3 733 734.4 735.9 732.4 727.6 724.4 720.4 718.9 718.7 717.1 713.7 710.2 710.7 709.6 711.1 710.8 712.4 711.1 708.1 711.1 712.5 714 714.6 716.7 717.7 715.6 715.1 713.3 711.1 709.7 706.7 701.5 697 691.4 687.5 680.8 676 668.5 660.7 651.6 639.4 626.2 612.1 599.2 584.8 570.1 555.3 539.5 524.2 509.8 498.9 491.2 480.3 471.3 450.5 429 437.4
599.3 595.7 594.7 599.2 602.8 602.7 603.9 606.2 608.9 615.5 620.9 631.1 643.3 653.8 667.2 678.1 689.1 700.7 710.3 718.8 726.8 732.5 734.4 734.4 732.4 727 723.4 724.8 726.6 724.4 723 720.2 716.5 717.1 716.7 718.2 719.1 719.4 718.9 717.7 718.8 720.4 721.3 723 723.8 724.3 724.3 723.7 722 720.2 719 715 711.8 706.3 703.2 698 692.4 688.1 683.4 675.3 666.4 658.3 646.8 634.5 620.9 606.2 591 576.4 558.7 542.7 528.2 514.7 502.6 494.7 483.7 469.1 450.3 435.3
593.2 588.2 589.3 591.6 595.3 595.2 597.8 601.7 604.2 611.7 617.8 626.7 638.7 651.6 663.2 674.6 685.8 697.3 707.1 715.2 720 726.3 732.7 732.6 729.6 726.1 722.7 726.6 727.5 726 725.5 724.4 720.9 721.7 722.5 724.4 727.2 728.4 728.4 727.1 727.5 728.8 731.7 733.8 733.7 733.2 733.8 734.9 735.6 730.1 726.9 724.7 721.4 716.5 711.8 709.9 706.1 699.7 695.1 690.4 682.5 675.6 666 657.3 643.8 630.9 612.6 596.3 581.5 564.3 549.9 533.7 517.8 506.1 493.8 486.4 471.3 451.9
588.9 584.5 580 583.6 583.4 588.2 590.8 595 601.1 609 614.6 625 635.5 649.1 659.4 672.9 683 693.3 701.8 709.8 715.3 719.7 724.2 727.8 726.2 723.2 721.8 724.2 725.5 725 725 724.1 724.6 724 725.7 730.5 734.6 737 737.3 736.5 737.1 737.3 740.2 745.2 744.2 746.6 748.2 744 741.9 741.3 736.1 734.4 732.4 728.6 725.8 721.1 717.5 709.9 706.8 702.3 695.5 688 680.1 674.1 663.5 651.8 638.3 620 604.1 587.8 571.3 553.4 537 522.7 511 501.4 490.4 480.7
584 582.1 577.9 572.6 576.6 580.1 584.5 590.8 599.2 605.5 611.5 623.9 634.8 648 660.2 670.7 680.8 689.3 697.9 704.6 710.7 712.2 715.4 717.7 718.8 719.3 719.7 721.4 723.3 723.8 723.9 724.5 725.6 727.1 732 735.9 738.3 740.8 742.9 743.7 743.8 745.2 744.3 750.5 753.1 760.1 762.4 759.3 753 750.9 747.7 745.1 742.3 740.4 735.4 730.9 727.3 723 720.7 714.8 706.1 700.3 694.5 687.3 680.5 671.2 658.4 643.6 629.4 609.7 596.4 575.4 558.6 541.7 527.6 517 507.5 497.8
583.5 581 572.6 570.3 573.1 576.7 580.3 586.4 595.9 603.7 611.4 621.2 634.7 646.8 659.2 667.1 676.3 684.1 690.3 695.6 702.1 705.8 708.5 710.2 713.1 713.8 714.6 717.3 720 722.3 723.4 724.2 725.5 729.2 732.1 735.9 739.9 742.8 745 747.2 749.8 748.6 749.8 754.4 760.1 763.6 767.9 771.4 769.5 768.5 764.1 760.9 760.1 752.5 747.3 743.2 737.2 734.2 732.5 724.6 715.1 706.9 702.4 697.1 688.7 684 672.6 662.1 650.3 635.5 616.6 599.1 582.4 564.1 546.6 531.7 522.8 510.3
581.9 579 571.3 568.5 570 573.6 578.7 585.4 593.5 602.6 611.3 620.9 633 644.6 655.1 664.5 670.6 677 682.3 686.5 692.2 695 698.5 700.2 702 705 707.6 709.4 712 714.4 716.8 718.7 720.8 724.4 728.3 732.6 737.1 741 745.4 749.3 752 749.1 753.1 758.1 762.3 766.6 773.5 778.1 781.1 781.4 777.4 779.2 776.5 768.9 762.8 758.2 753.4 744.7 736.3 729.7 721.8 713.3 708.6 703.7 695.7 690.6 683.4 673.4 665.4 653.8 638.3 622.5 600.9 583.5 560.9 548.7 535.6 522.2
578.1 575 563.9 566.2 567.4 571.8 577.4 584.2 591.8 601.4 612.5 622.2 633.7 643.6 652.4 661.9 670.7 673.8 675 675.6 679.5 682.8 683.7 689.9 691.6 693.5 695.3 699.3 702.1 705.2 707.8 710.6 714.2 717.3 722.5 727.2 732 737.7 743.8 748.4 750.2 751.4 754.1 757.5 763.1 770.6 778 785 787 788.2 791.9 793.2 788.7 775.4 776.2 775.9 770.7 762.5 750.3 740.1 734.3 724.6 717.2 711.4 703.9 697.5 690.1 681.9 675.3 664.2 651 631.8 610.8 590.9 574 557.7 543.8 535.4
567.1 565.6 560.4 562.4 566.6 570.6 577 582.8 590.1 600.2 612.5 623.2 632.5 641.9 648.8 658.5 664.6 671 670.7 670.4 671.2 669.5 671.4 673.4 677.4 681.7 684.3 687.6 691.6 695.1 697.5 702 704.4 709 713.3 719 725.8 731.6 738.4 745 746.5 748.3 751.3 755.1 759.5 767.7 774.6 786.2 790.5 795.1 799.1 795.1 788.3 786.3 785.1 783 776 766 756.7 750.9 744.5 733.6 725.6 720.1 711 705.3 697.6 691.2 687.1 678.2 663 641.1 618.8 597.3 581.3 565.4 554.6 545.5
570.8 569.1 560.6 560.7 564.1 570.3 577 582.5 589.4 599.8 611.9 621.9 631.4 639.5 644.9 651.6 658.7 660.4 659.4 660.3 661 660.7 662.8 664.2 665.9 668.2 671.1 674.1 678.9 682 687.2 692.7 695.6 699.7 703.2 711.7 717.5 724.6 730.5 734.1 738.1 743.1 747.3 751 755 763.8 769.6 778.6 789.9 797.2 803.9 799.4 802.2 806.5 799.4 791.8 785.4 777.8 767.1 759.1 753.1 744.2 739 733.4 725 715.5 711.3 704.6 696.5 684.2 669.6 648.1 625.9 607 588.8 576.4 565.9 556.8
567.2 567 559.9 558.4 563.5 569.8 575.5 582 588.6 599.7 611.6 621.9 631.1 637.8 642.3 647.5 652.5 656.1 654.8 655.3 652 652 654.1 655.6 656.7 659.9 661.9 665.9 668.8 672 674.9 678.8 683.1 690.4 697 701.5 708.8 714.9 719.4 723.6 727.8 733.5 737.9 743.7 749.3 755.8 762 770.9 782.6 793.6 801.1 805.1 812.4 814.9 810.1 804.1 795 785.9 780.5 771.5 764.1 753.9 749.7 744.7 738.7 728.4 720.8 714.3 707.2 699.4 687.1 666.1 642.1 621 602.3 585.6 575.4 560.8
559.2 559.3 553.1 556 560.5 568.5 574.1 580.8 589.3 601.4 611.3 620.7 628.3 634.4 637.7 640.5 643.4 645.1 646.3 646.9 646.2 645.9 646.5 645.6 648 651.5 652.7 657.1 660 662.5 665.7 669.5 675.6 679 684.6 690.8 697.5 703.5 707.3 709.7 713.6 719.1 724.7 733.1 739.1 747.4 756.2 766.3 778.1 790.3 800 808 811.8 814.8 816.3 811.1 804.8 795 791.1 782 774.8 766.5 758.7 753.5 745.6 738.2 732.8 725.8 718.8 709 700.7 682.7 656.2 631.3 609.6 596.5 582.2 566
552.5 553.7 550.4 553.1 558.6 566.7 572.1 580.6 589.4 600.1 609.4 617.6 624.2 629.5 631.8 633.3 635.2 635.3 634.5 634.5 634.9 632.8 632.1 633.5 634.1 640.5 643.3 646.9 649.9 654.2 657.4 661.4 666 671.4 675.8 679.9 683.6 687.8 690.8 697 701.4 706.5 714.3 721 731.9 739.6 750.7 763.9 777.3 790.2 802.2 809.4 811.8 813.7 816.1 812.8 805.1 800.6 796.2 789.2 782.6 776.1 765.3 760.2 754.6 749.5 743.3 735.6 725.4 714.7 704.7 687.3 664.7 643.6 622.9 603.3 587.4 573.4
546.5 545.8 542.8 547.7 556.4 560.2 570.1 578.3 586 596.5 604.6 612.5 618.3 622.2 625.4 627.2 627.6 627.3 625.8 625 623.4 623.5 622.5 624.2 625.1 627.2 631.2 634 637.5 639 642.6 646.1 649.7 653.1 657 663.5 668.3 671 675.6 684.3 691.4 697.1 703.2 710.6 722.5 734 744.1 759.5 774.4 789.5 798.4 806 808.3 809.2 811.3 810.5 809.6 804.5 801.8 796.8 790.7 784.3 778.7 768 759 754.1 752 745.7 732.4 719.6 708.3 690.2 672 649.1 626.3 608.3 597 581.7
544.1 545.4 543.7 541.9 553 558.9 569 577 582.3 590.9 598.3 603.5 608.9 612.8 614.7 615.9 615.9 615.7 613.3 613.9 612.4 611.2 612.2 613 616.6 618.4 619.9 621.2 623.6 625.9 629.4 634.2 639.1 643.6 648.6 652.9 656 657.6 661.9 667.6 675.1 684.5 690.6 701.3 712.7 726.8 739.2 752.9 771 783.4 790.9 799.4 801.7 802.1 800.9 801.2 801 797.5 797.9 797.5 794.3 785.3 779.7 775.3 766.9 759.8 753.8 742.7 730.6 721.6 705.2 689.1 670.4 646.6 628.8 611.9 600.6 586.7
544.6 543.5 543.5 539.6 550.5 556.2 567.4 572.7 580.5 585.2 592.4 593.7 598.1 600.9 601.8 603.2 604.4 603.3 601.5 601.6 599.1 600 599.8 600.4 603.3 604.3 608.8 611.6 611.7 613.7 619.3 622.8 629.8 635.1 638.6 643.2 646.9 650.2 651.9 654.8 660.5 670.7 680 691.2 705.4 720.4 733.4 752.6 765.6 773.8 787.3 790.5 791.3 790.8 786.3 787.2 785.6 785.1 785.2 791.7 792.5 790.4 779.1 769.4 765.7 761 751.9 743.8 732.8 716.1 700.9 683.4 663.6 649.9 635.5 619.3 604.8 593.2
540.4 540.6 540.3 539.7 546.7 554.4 564.2 569.4 576.1 582.3 584.8 586.6 587.7 590.2 590.7 591.1 590.7 588.5 589.2 586.9 586 587.7 585.8 587.9 588.4 592.1 596.1 596.2 600.3 605.1 608.2 613.3 618.7 621.8 627 630.2 633.6 638.6 642.2 646.7 652.8 661.1 673.2 686.2 700.1 714.3 734.9 752 760.8 766.5 776.5 781.2 780.8 779.1 774.1 766.5 768.9 770.7 774 779.1 783.1 785.9 778.3 771.6 763.8 753.4 744.3 732.4 720.4 708.2 691.8 676 660.8 647.4 636.7 622 609.6 598.3
538.3 537.6 536.6 539.3 542.7 552.1 555.3 567.1 568.2 577.4 581 578.8 579 579.4 580.2 579.5 578.6 577.9 573.2 577.4 577.8 577.7 577.2 576.9 578.9 580.4 581.9 585.3 588.8 592.2 597 603.1 609 613.7 619.1 622.6 627.1 630.6 633.9 643.5 653.1 663.3 675.9 687.4 700.1 717.3 738 752.2 761.2 764.4 764.8 772.6 772.6 766.3 761.6 752.4 753.2 755.2 761.6 770.4 775.1 778.9 779.7 768.9 755.3 743.6 732.2 713.8 701.6 692.1 681.8 673.1 659.2 645.2 635.5 624.4 615.4 603.9
534 533.5 533.8 539 538.5 546.1 546.4 559.6 565.6 568.5 574.3 574.4 571.3 569.4 570 569.4 569.5 567.7 565.3 566.7 569.5 568.2 567.5 565.9 567.6 570.7 573.5 576.4 577.6 583 590.1 596 603 607.8 612.2 616 618.9 624.9 633.9 646.1 655.2 665.6 678.7 690.7 704 723.9 740.6 753 764 764.9 759.9 762.6 762.3 755.7 746.9 737.3 735.8 736.9 746.6 751.9 759.4 764.9 771.9 764.8 749.8 736.5 721.7 705.8 690.9 681.9 674 665.2 652.9 642.9 633.7 625.2 619.2 600.7
529.3 530.5 530.5 538.2 537.4 539.2 543.7 554.2 557.8 564.7 565.5 565.9 568.1 567 565.9 563.5 553.4 540.4 542.5 551.3 557.7 559.8 560.1 559.3 559.2 558.2 560.4 565.5 570.2 574.6 581.5 587.4 595.3 601.5 605.7 605.1 617.6 626.8 636.2 646.8 659.4 669.5 681.7 695.5 711.1 726.9 739.8 748.2 753.3 754.1 753.3 755.5 748 741.4 732.6 723 720 725 731 738.7 747 751.1 754.3 752.7 740.5 724.1 708.8 695.2 679.9 672.7 666 655.2 646.5 640.1 630.2 624.2 618.7 591
524.9 526.5 527.6 530.8 535.8 537.2 540.7 546.2 551.1 556.6 559.2 559.3 559.4 561.1 560.2 559.8 555.1 549.8 529.2 535.1 537.4 551.5 552.5 550.9 550.6 549.4 552.9 558 561.4 566.6 570.3 576.6 583.6 589.3 598 610.1 622.4 632.1 641 655 666.7 677.2 687.4 700.1 715.1 727.5 737.8 743.7 744.1 741.2 745.2 748.8 739.8 728.5 716.6 711.7 709 710.9 716.7 725.6 729.3 735.9 738.8 733 721 710.7 694.7 682.5 669.3 661.5 652.2 644.7 639.1 631.7 627.1 622 616.4 595.1
519.2 521.6 524.1 527.1 530.8 535.2 533.4 539.2 546.7 550.9 552.6 552.1 551.3 551.6 552.6 552.7 552.4 549.6 531.4 518.3 525.7 541.3 543.1 542.8 543 545.2 548 549.6 554 562.8 571.3 579.8 587.7 596.7 608.3 621.3 631.1 641 653.1 665.7 676.7 683.3 692.4 706.5 715.7 722.9 731.8 739.4 735.6 733.6 739.2 738.8 729.2 716.9 704.1 697.8 697.5 697.3 702.4 709.8 712.7 715.8 715.9 713.9 707.9 697.5 684.8 676.2 657 648 640.5 634 629.3 624.5 621.2 618.5 606.2 612.8
517 518.3 520.4 522.8 526.1 530 526.4 527.8 540.2 542.3 545 545.5 545.7 546.7 546.4 545.9 544.8 541.3 534.3 517.5 515.5 534.2 537.2 531.6 530 532.9 545.7 553.6 560.4 569.2 578.5 587.6 596.2 607.8 619.2 629 640.9 651.9 663.7 674.1 681.2 687.4 700.6 709.3 711.8 718.2 723 723 724.3 726 727.9 726.4 718.7 706.4 693.5 686.8 683.9 684.1 688.3 691.5 696.7 696.6 697.5 696.3 689.9 683.6 676.3 658.4 639.8 634.8 629.1 625.4 621.2 616.2 612.8 606.8 600.7 619.3
515.2 515.7 516.6 518.5 521.3 525.8 525.4 520.5 533.6 535.7 535.2 538.4 538.4 538.4 536 536.1 535.9 523.1 516.1 507.5 508.7 524.8 522.6 522.3 536 542.8 551.6 560.5 568.3 576.1 586.3 596.6 608.1 617.6 627.6 638.7 652.1 662 672.5 678.1 684.1 690.9 702.5 705.4 706.8 710.2 718 715.3 719.6 726.8 720.4 714.4 706.1 700.5 686.4 675.3 672.8 671 673.5 673.5 674.9 675.4 677 676.2 670.2 663.5 653.7 638.4 629.4 624.1 621.1 617.2 612.6 609.6 605.8 603.4 607.1 615.7
513.4 513.1 513.9 514.6 516.5 519.2 523.2 524.2 526.1 529.1 531.8 531.3 531.9 531.2 528.6 521.8 524 520.5 525.9 515.4 504.3 506.8 520 534.1 542.8 553.2 559.1 565.9 573.3 583 595.1 606.1 613.6 623.2 635.9 646.9 657 668.4 675.6 679.8 686.5 696.4 697.6 697.4 694.5 698 704.1 708.2 709.9 720.4 715.8 709.1 698.1 689.2 677.6 667 658.5 654.3 651.5 653.4 654.9 655.2 655.8 653 650 645.7 634.1 624 618.2 615.7 611.5 608.1 604.8 602.2 600 599.2 601.8 612.4
511.5 511.3 511.6 513.4 513.9 514.9 515.8 511.9 519 523 524.2 524.1 521.9 519.7 518.8 517 513.9 519.7 521.1 518.2 500.6 513.1 528 537.8 549.2 557.5 564.6 568.1 574.7 588.8 598.2 607.6 617.8 629.2 641.1 651.2 660.9 671.6 676.3 679.4 693.7 697.4 693.9 688 682.5 688.4 697.6 704.7 706.3 707.9 706 699.4 690 680.4 673 658.4 646.9 639.2 636.2 634.8 634.7 634.7 634.5 632.3 628.4 623 616.2 609.6 606.1 604.5 600.5 595.1 590.2 591.3 590.8 591.3 594.7 604.5
509 509.9 510.7 512.6 512.9 512.2 510.1 508.2 510 511.8 513.3 513.3 515.6 513.3 507.5 511.1 508.3 503.2 500.4 507.9 497 521 530.8 540 549.8 558.2 563.6 568.3 574.8 588.7 599.1 607.6 617.9 627.9 639 649.8 662.8 669.8 672.6 673.5 682.2 683.9 681.1 674 672.7 677.8 691.8 705.5 712.9 704.3 693.2 690.2 682.1 672.3 658.8 644.5 632.5 621.9 619.7 619.1 619 617 615.8 616.4 611.9 606.1 600.8 595.4 594.9 591.4 588.4 586.1 583.6 581.1 581.4 584.3 586.9 599.4
506 508.2 508.6 511.7 512.3 511.3 508.5 507.1 505.3 506.6 508 508.5 505.9 506 500.2 504.6 500.8 507 505.4 492.3 506.8 523.1 531.2 538.3 544.5 553.3 559.7 566.7 575.6 585.6 595.9 606.9 615.3 624 634.1 645.6 654.2 660.1 660.1 662.4 667.5 666.6 665.2 663.1 666.5 673.4 689.9 707.6 712 701 687.6 681.8 670.4 659.2 647.8 633 620.4 611.6 606.8 605.7 602.6 602.9 600.7 598.5 594.6 591.2 588.2 585.4 583 580.8 578.1 575.5 574.3 572.3 574.3 576.4 581.4 594.5
503.1 505.8 506.5 506.6 508.6 509.4 512.7 506.6 505.1 505.5 500.5 504.4 504.5 500.5 499.7 498.7 499.1 505.5 499.7 486.1 512.4 523.7 531.1 535.2 541.3 549.3 556.3 566.6 576.2 583.8 592.2 601.9 610.7 619.6 627 636.6 641.1 642.6 644.1 644.2 646.1 651.1 653 655.5 660.9 670.3 682.3 698.5 694.2 684.4 677.1 670.3 660.4 651.5 638.2 619.3 612.5 605.3 593.5 591.5 591 590.6 589.5 586.3 582.1 579.6 576.1 573.7 572.3 570.7 566.5 564.7 564.5 564.1 564.7 566.8 574.7 585.4
