public/OST50/NO19.asc
ncols 200
nrows 200
xllcorner 310000
yllcorner 790000
cellsize 50
[rows 140 to 174 of 200, columns 78 to 155 of 200]
583.7 585.6 590.8 595.6 590.8 582.4 571.3 558.9 537.6 518.2 502.9 487.2 474.3 464.9 455.3 450.7 444.7 441.1 438.5 431.6 424.3 412.4 394.1 385.8 378.2 367.5 361.4 360.6 359.8 357.2 353.2 353.2 354.6 349 351.3 348.3 342.7 341 339.6 339.1 331.3 330.7 339 335.9 338.9 339.8 339.5 339 338.9 338.3 337 336.4 334.2 335.1 343.5 348.4 347.1 347.8 348.6 351.5 356.8 360 359.9 362 358.5 358 360.4 369.4 372.4 373.6 375.1 378.6 383.4 388.4 393 393.9 395.5 402.1
575.4 576.9 583.1 588.6 589.1 581 565.1 548.6 529.6 509.3 490.9 473.5 457.9 449.2 442.6 434.9 428.4 424.7 422 412.4 402.4 390.8 380.2 366.7 358.9 354 353 352.2 348.6 347.1 347.4 345.5 340.9 340.8 342.4 342.1 340.8 339.6 337.5 336.9 328.7 329.5 337.4 325.3 334 339.2 339.5 339 337.5 335.5 335 334.4 334 333.4 332.6 340.5 346.5 347 346.4 346.1 347.6 353 355.5 358.3 353.1 358.6 365.3 368.8 370.3 371 373.9 377.3 381.7 386.5 391.5 392.8 395.4 399.9
568.7 570.8 576.6 584.8 585.1 571.8 554.8 537.7 522.5 502.6 477.8 456.3 441 430.6 425.4 420.2 413.2 407.6 402 390.4 381.9 373.2 362.9 353.1 350.4 347.7 346.4 341.2 338.3 337.1 337.6 334.8 331.8 335.1 335.7 334.6 336.6 337.7 331.9 335.7 327.2 327.5 331.2 328.7 323.4 324.2 327.1 331.6 334 333.8 333.9 333.1 332.4 332.5 332.3 332 332 342.2 345.6 345.6 345 345.5 350.4 351.5 348.4 358.8 361.4 365.2 366.3 368.3 371.1 375 379.2 384.3 388.1 389.4 392.6 399.1
560.6 565.1 575.6 580.8 578.6 560.1 542.8 532.4 517.2 484 461 438.3 420.4 406.7 402.3 400.5 392.7 385.5 377.4 365.6 359.8 354.1 350.2 344.3 342.7 338.6 335.7 334.2 328.8 330.2 327.9 327.3 324.5 323.9 328.6 326.6 321.5 332.2 325.5 325.5 326.4 326.5 326.3 324.7 323.1 322 322.3 321.2 321.4 328.8 329.3 333 333.3 334 333.1 332.5 331.4 331.1 338.9 342.7 344.9 343.9 345.1 345.9 353.8 358.5 359.7 361.6 362.6 365.2 368.1 372.8 378.2 383.7 387.4 388.4 391.1 399.4
555.4 564.6 571.6 574.2 562.7 542.2 528.8 514.1 494.5 462 437.3 418.8 400.7 386.2 380.7 377.4 369.1 361.6 356.1 351.6 348 346.2 344.6 336.3 335.7 333.1 329.3 330.1 324.5 324.1 321.3 318.8 318.8 318.8 319.7 319.6 320.8 322.9 323.6 324.2 325.7 325.5 324.9 324.1 322.9 321.7 320.6 319.7 319.9 320.4 331.1 336.2 335.8 335.4 334.4 333.2 331.9 331.3 332.3 336.3 338.3 342.3 340.3 344.5 344.4 351.4 356.3 356.8 358.6 360.5 365.7 372.4 377.9 383.8 388.2 391.2 394.3 398.9
551.1 559.5 565.4 559.4 548.2 525.2 507.6 493.5 469.2 438.1 416.5 396.7 383.3 375.9 368.1 361 353 350.8 347.5 341.4 342.1 338.1 334 332.8 332.1 326.4 324.7 320.2 318.9 321 321.2 320.8 320 318.8 321.5 319.3 320.8 321.7 322.7 323.6 324.3 324.2 323.2 323.1 322.1 321.1 320 319.6 319.4 320.4 325.6 332.4 334.8 335.3 334.4 333.8 333 332.5 332.2 334.1 334.6 336.3 341.7 342.6 342.6 341.6 344.7 349.1 354 358.8 362 369 374.5 380.1 385.2 390.9 393.8 399.3
544.2 551.5 553.6 544 529.4 507.3 491.8 462.5 440.5 415.2 397.3 380.6 371.8 363.4 353.1 350.3 343.6 342 341.5 337.1 335.5 333 330.1 327.3 325.3 321.1 320.2 321.9 321.4 320.1 321.1 321.2 318.8 321.1 320.8 320.9 319 321.5 321.8 322.4 323.2 322.8 322.3 321.9 321.3 320.5 319.8 319.7 319.6 319.5 319.7 331.6 328.4 332.6 334.4 333.6 333.4 332.5 331.4 332.1 333.1 333.1 338.3 341.1 341.9 341 340.5 343.8 353.1 357.9 358.2 365.1 369.5 375.3 381.2 386.7 389.8 403.5
535.1 540 539.7 525 508.9 491.4 463.1 441.5 419.9 400.5 385.2 376.6 366.7 355 347.6 342.1 336.8 335.7 334.7 332 331.1 328.5 324.9 321.6 321.5 321.3 320.4 320.5 321.6 321.2 319.3 318.8 321.3 320.9 320.6 319.2 318.8 321.1 321.4 321.8 322.2 321.8 321.8 320.9 320.3 320 319.9 319.7 319.5 319.5 320.1 325.1 327.1 330.6 332.4 331.8 331.4 331.2 331.4 331.9 331.2 331.7 331.4 333 339.1 340.3 341 340.3 340.2 348.3 353.6 359.9 364.5 370.8 377.7 385.2 394.4 414.2
523.5 524.2 515.9 500.5 483.8 468.7 445.2 425.3 408.5 392.2 382.4 369.6 357 350.2 342.4 336.8 333.3 331 330.9 331.9 331 326.5 322.3 320.7 320.8 320.2 320.2 320.2 320.2 320.2 320.3 320.1 321.2 321.1 320.9 320.5 318.8 318.8 320.6 321 321.2 321 321 320.4 320.1 319.8 319.8 319.4 319.3 319.4 319.5 319.1 318.6 325.2 328.5 329.4 329.2 328.6 329 331.1 328.1 331.6 331.4 330.5 330.4 339.1 339.5 339.4 338.3 338.8 347.8 354.8 361.4 367.5 376.4 386.6 400.8 415.5
511.8 512.9 502.3 486.6 470.8 454.6 432.7 417.9 399.9 384.8 375.2 363 351.5 345.8 338.2 334.2 330.6 329.8 327.7 325.6 323.8 323.1 320.2 320.2 320.2 321 321 321 320.9 320.5 321 321.1 321.2 321.3 321.1 320.9 320.6 318.8 320.7 320.4 320.3 320.2 319.9 319.9 319.9 319.9 319.7 319.5 319.4 319.7 319.4 319.5 319.3 318.6 321.1 325.2 327.5 328.8 330.9 329.8 327.5 330.8 330.3 330.2 329.4 328.9 338.5 339.3 339.2 338.1 337.6 347.5 357 366.6 376 382.4 394.2 405.4
504.6 506.9 496 479.1 464 447.5 429.7 409.7 399.1 385.5 373.3 363 351.4 344.2 341 336.5 331.4 324.8 322.1 320.2 320.7 320.2 320.3 321.1 321.7 321.8 321.7 321.7 321.7 320.6 320.7 321.2 321.3 321.4 321.3 320.5 319.7 319 318.8 318.8 320.6 320.3 320.2 320 320.4 319.6 320.3 320.3 320 320 319.6 319.6 319.9 319.6 318.9 319.4 324.8 324.3 324.3 324.8 325.2 330.2 329.6 329 328.9 328.4 328.1 336.9 339.1 337.9 336.8 340.3 351.2 358.9 366.3 372.1 380.6 389.9
497.3 498.7 487.8 479.8 463.8 442.4 436.9 415.3 396.9 382.9 369.9 360.3 350.5 342.5 335.9 331 324.6 320.6 320.2 320.2 321.8 320.7 321.8 321.8 321.8 321.9 321.9 321.9 321.8 321.7 321.2 321.3 321.4 321.7 323.2 320.6 319.8 320.1 320.5 320.6 318.8 320.1 320.7 320.7 320.3 319.2 318.8 318.8 318.6 318.8 318.5 319.4 320.2 319.8 319.3 318.9 327.5 322.7 323.3 323.3 327 330.7 328.9 328.6 329.1 328.8 328.1 327.3 332.9 337.1 336.5 336.7 342.1 350.2 358.2 363.1 370.4 375.6
486.5 491.5 486.1 466.9 464.8 461.7 440.6 411.3 390 371.2 364.5 357.6 345.9 332.9 325.5 324.3 321.8 320.8 320.8 322.6 321.1 321.7 322.2 321.9 322 322.1 322.1 322 321.9 321.7 321.6 321.2 321.7 321.8 327.3 323.3 321.4 320.3 320 320.1 320.7 320.8 318.8 318.8 318.8 319.9 322.3 321.8 321.1 320.5 318.4 320.2 320.3 320.1 319.7 319.4 321.6 321.6 321.2 322.6 322.9 328.9 322.4 324.8 329.5 329.5 328.9 328 326.8 332 337 336 334.8 341.8 348.8 354.6 360.9 366.4
475.9 473.1 472.7 478.4 466.7 456.3 437.6 405.1 379.6 359.4 355.8 351.4 341.5 329.2 323.7 323.2 320.9 320.9 322.1 322.1 322.5 321.2 322.1 322.1 322.2 322.2 322.4 322.2 322.1 322 321.8 322.1 322.4 322.6 323.4 323.2 323.5 322.6 325.7 323.5 320 322.9 325.7 334.6 338.6 346.2 351 348.1 337.3 331.3 321.5 318.4 318.3 320.3 319.9 319.2 320.4 319.9 320.4 324.9 321.7 320.2 320.6 323.9 323.1 330.3 330.1 328.4 327.5 326.7 333.5 336.2 335.5 334.7 339.4 345.4 351.3 357.5
460 467.1 470.7 467.1 458.8 444.9 424.5 395.4 370.6 355.2 347 343.7 339.2 326.2 322.5 320.9 320.9 322.8 322.2 322.3 322.4 323 323.1 322.7 322.3 322.4 322.9 322.8 322.6 322.4 322.7 322.7 322.4 323.3 324.6 323.7 324.7 326.2 329.9 332.5 337.4 342.9 350.8 367.7 388.3 393.9 405.6 404.9 364.8 345.6 329.5 320.1 318.6 318.4 318.4 318.4 319.3 319.2 319.5 322.8 323 319.4 319.3 322.5 324.8 326.9 329.5 329.4 328.5 326.6 326.8 333.3 335.4 334.4 333.6 336.2 341.8 347.1
444.5 452.5 453.2 446 431.6 420.1 405.8 381.2 363.1 352.9 341.5 339.7 330.8 323.2 320.9 321.1 322.1 322.3 322.8 323 323.2 321.1 322.1 322.5 322.5 322.7 323.1 323.4 323 322.7 322.6 322.2 322.4 325.6 325.8 326.6 332.5 345.1 353.3 371.9 387.4 386.7 402.8 420.6 424.9 437.4 436.1 429.6 391.9 360.9 343.8 324.1 324.7 324.4 324.4 322.3 320.5 318.4 318.3 318.9 320.4 319.7 320.4 319.2 320.1 326 326.3 329.1 329.1 327.8 326.2 326.5 334.1 335.4 330.6 331.6 333.3 334.7
429.3 436.7 430.7 420.5 403 392.1 379.1 367.6 359.4 358.5 336.4 327.4 322.4 321.6 320.9 322.5 322.2 322.4 323.9 322.1 322.4 322.4 322.6 322.8 322.9 322.8 323.1 323.7 323.2 322.8 322.6 322.4 322.5 325.1 332.5 342.2 355.8 373.6 390 412.5 431.7 439.9 445.8 449.3 460 460.9 466 447.6 417.6 406.7 371 346.6 337.4 332.9 331.6 328.9 325.8 321 319.8 318.3 318.5 319.2 319.5 319.2 319.3 319.6 325.7 328.3 329.4 328.9 327.1 326.2 326.6 332.8 329.7 327.7 327.7 331.3
412.8 412.2 402.3 398.9 383.9 364.8 360 358 352.3 349.9 330 323.3 322.3 320.9 322.2 322.3 322.6 322.9 324 321.7 322.7 323 323 323.3 323.6 323.3 323.3 323.8 323.7 323.2 322.7 322.5 323.7 335.4 345.2 364.4 376 400.2 412.7 441.3 457.6 466.6 473.7 466.7 473.1 466.9 471.6 459.6 446.9 429.6 387.9 364.2 355.3 349.8 346 342.3 335.5 333.3 323.1 319.5 318.3 318.4 319.2 319.2 319.1 319.7 325.1 327.7 328.8 328.8 326.5 326.4 326.3 327.1 334.5 329.1 327.7 328.7
386.9 381.7 378.6 379.5 362.9 348.3 344 341.3 329.3 325.2 321.7 321.4 320.9 322.1 322.3 323.1 322.9 323.6 322.4 323 323.4 323.6 323.5 324 323.9 323.6 323.7 323.8 323.7 323.4 322.9 324.2 333.3 345.5 356.8 379.3 393.4 407.8 429.2 453.4 476.3 487.2 492 480.3 491.2 495.6 486.3 472.6 463.2 424.2 405 376.6 367.8 363.9 357.2 349 342.4 335.1 327 324.3 318.9 318.2 318.1 318.8 318.7 319.4 324.8 325.8 327.4 327.8 327.4 325.8 325.6 325.7 327.4 331.5 329.8 326.6
364.8 362.6 360.6 358.1 344.4 335.5 329.2 321.6 321.2 321.7 322 320.9 322.3 322.3 322.5 322.7 324.2 322.5 323.3 323.6 324 323.8 324.2 324 324.3 324.1 323.7 324.4 323.7 323.5 325 331.6 342.6 356.1 369.8 387.7 405 417.6 442.7 461.4 480.1 493.2 505.5 520.4 522.7 506.9 502.6 498.4 464.9 422.2 407.2 392.2 377.1 373.1 363.3 354.1 336.6 330.5 330.9 327.2 323.3 318.2 318.2 318.1 318.1 319.1 323.2 322.3 324.3 326.5 326 324.5 323.2 324 324.7 325.1 324.8 325.6
350.5 346.9 342.2 337.8 329.3 323.5 321.9 321.2 322 322.4 320.9 321.6 322.2 322.4 322.6 322.8 323.8 323.5 323.4 323.4 323.4 323.6 323.9 324.5 324.8 324.4 323.9 324.5 323.7 323.9 330.8 337.9 352.7 362 375.8 389.9 406.2 425.2 442 464.5 488.6 504.2 518.2 525 520.4 516.8 501.6 497.1 457.9 427 415.9 404.1 390.4 380.1 367.8 357.8 334.7 333.7 331.2 331.6 327.4 320 318.1 320.7 318.1 318.1 320.1 318.8 318.4 319.5 324.1 323.1 322 321.7 322.7 318.5 322.3 324.3
332.2 327.6 326.1 324.8 323.1 321.6 323 322 322.1 320.9 322.1 323.5 322.4 322.6 322.7 322.9 323.1 323.3 323.7 324 324.1 323.9 324.3 323.6 325.7 325.2 324.3 324.8 323.8 328.5 335.3 349.2 357.3 364.1 373.8 387.1 403.7 428.5 447.5 475.6 500.2 519 532.4 528 519.5 515 506.5 498.4 462.1 437.1 424.4 407.6 394.6 383.4 368.6 361.9 346.4 342.3 334 328.9 330.1 324.5 320.8 318.1 320.2 318.1 318.1 319.3 319.3 319.8 319.3 319.7 320.7 318.5 319.1 318.7 316.9 317.9
322.4 322.4 322.3 321.6 321.7 322.1 322.2 323.3 322.6 321 322.5 322.2 322.4 322.6 322.8 323 323.1 323.4 323.5 323.7 323.9 324.2 324.7 324.9 324 325.6 325.4 325.5 325.7 331.5 341.4 353.2 359.9 366 374.2 385.6 401.5 430 454.3 480.8 505.2 521.3 531.4 535.5 521.5 519.3 510.1 495.1 481.1 448.8 428.1 413.7 399.4 380.4 372.5 355.6 358.7 349.9 339.2 331.1 329.4 330.1 322.7 319.7 319 318.1 320.7 318 317.6 319.9 320.2 319.1 320 318.5 318.6 316.9 317.5 318.1
322.3 322.3 322.2 322.1 322 322.3 322.2 322.1 322.5 321 322.3 322.2 322.3 322.5 322.7 322.9 323.2 323.6 324.1 323.9 324.1 324.8 325.1 325.2 326.1 323.6 326.4 326.4 329.4 334.9 344.7 356.1 361 366.7 374.8 382.4 400.5 425.1 450.9 479.6 505.9 521.7 531.7 528.7 517.3 514.3 502.3 484.3 467.1 451.5 439.9 418 397.1 381.3 380.3 376.2 370.3 356.1 346.8 337.1 328.8 328.3 329.3 321.7 320.4 320 319.7 319.7 319.9 317.4 321.8 320 318.1 318.3 317.3 316.9 320 319.4
322.4 322.4 322.4 322.4 322.3 322.3 322.2 322.2 322.9 321.2 323.1 322.3 322.3 322.4 322.6 322.8 323.1 323.5 323.8 324.4 325 326.3 326.7 326.3 326.3 327.1 326.9 328.2 332.2 337.1 347.5 357.6 360.6 366.1 374.5 381.5 396.3 416.3 447.9 473 493.5 519.1 528.5 517.6 504.9 496.9 483.4 470.7 455.4 440.3 427.5 408.6 390 394.5 390.9 396.6 379.5 367.1 354.2 340.2 335.4 329.9 327.1 326.8 326.2 322.7 321.2 319.9 319.3 318.9 317.4 318.2 319.2 318.6 317.4 316.9 319.2 318.7
322.5 322.5 322.6 322.5 322.5 322.4 322.4 322.3 322.3 321.2 323.3 322.4 322.4 322.4 322.4 322.7 323.1 323.4 323.9 326.6 329.2 329 328.5 327.4 327.1 327.4 327.6 329.5 334.7 341.6 350.1 357.6 360.2 364.9 373.6 381.7 392 409.2 436.1 462.6 483.8 502.6 501.7 503.1 500.2 481.8 468.6 456.8 439.7 427.8 417.4 400.1 417 413.6 416.8 424.7 401.5 380.9 367.7 352.5 344.3 339.3 336.3 333.8 328.4 326.1 323.6 322 320.7 319.3 318.9 317.4 318.9 319.5 319.1 318.8 316.9 318.7
322.8 322.6 322.8 322.7 322.6 322.6 322.5 322.4 323.6 321.2 321.9 322.5 322.7 322.4 322.5 323 323.4 327.1 331.8 332.7 331.4 331 330 329.5 327.8 323.6 329.8 329.4 335 339.9 349.6 358.1 359.4 363.4 370.4 378.1 387.3 403.5 426.5 450.6 473.5 485.5 483.6 486.2 482.9 467.6 453.1 438.1 422.7 414.7 410.5 413 430.7 444.9 455.4 464.4 421.8 396.6 386.5 372.4 362.4 351.7 340.6 339.8 333.3 329.8 328.7 325.6 325 323.3 320.7 318.4 316.9 316.9 317.8 317.3 316.9 319.2
322.9 322.8 322.9 322.9 322.8 322.7 322.6 322.2 322.3 321.5 322 322.2 322.2 321.8 322.7 323.8 328.4 329.9 337 335.1 334 332.2 332 329.4 328.2 330.2 333.2 334.3 336.7 338.8 348 356.4 357.3 362.1 368.8 376.2 385.3 397.6 418.7 444.1 461.2 466.2 467.7 470.1 465.7 449 440.8 423.8 412.6 410.4 411.3 428.7 444.2 458.9 479.7 469.2 451.2 428.1 414.9 398.1 379.4 366.3 358.5 352.8 345.7 341.7 337.9 339.3 335.4 334.8 332 329.6 327.1 322.5 321 318.8 319.3 319.3
322.7 323.2 322.8 322.4 322.7 322.7 322.5 322.5 322.7 322.2 324.1 322.4 322.6 322.6 323.7 329.1 329.7 332.7 335.9 336.5 333.5 333.3 332 330.3 326 332.4 336.4 338.5 338.9 339.6 344.7 353.9 357.3 361.5 365.7 375 384.7 394.5 416.9 431.7 440.4 445.9 458.5 455.5 439.1 430.6 418.1 409.1 408 410.1 414.3 431.7 453 473 472.7 471.6 464.9 455 443.3 436.8 395.6 380.9 370.9 366.2 361.6 355.1 353 355.4 355.3 351.4 353.3 351.3 349.9 348 340.8 339.1 326.1 318.7
322.9 323.3 322.4 322.1 322.6 322.8 323.7 322.8 321.8 321.2 322.7 322.2 323.1 327.1 332.5 331 331.9 335.9 336 334.7 337.2 335.3 333.4 331.2 331.1 333.9 337.6 338.2 339.1 340.9 342.8 351.5 359.5 362.9 367.6 374.4 382.8 394 409.2 420.2 426.1 434 432.5 416.9 411 408.2 408.7 398.7 404.2 412.8 414.8 435.7 460.9 469.2 470.6 462.5 462.7 452.2 449.7 434 400 389.8 382.8 375.3 370.7 373.8 371.7 372.1 375.4 375 380.1 381.1 380.7 379.1 372.2 368.6 353 327.1
324.1 321.9 323.2 322.1 321.9 322.2 322.8 323.3 321.7 322.7 322.9 324.3 330.5 335.9 338.5 339.6 337.2 337.8 335.9 336.8 339.5 338.9 337.4 335.1 327.5 335.4 338.5 341.8 341.1 341.3 342.9 348.3 354.5 361.3 367.9 375 383.1 391.8 403.6 409.5 416.2 416.7 408.3 394 394.5 391.2 394.5 406.5 399.4 413.3 413.9 446.4 460.1 461.7 464.7 458.7 460.6 453.7 433.5 417.7 402.8 399.3 392.3 385.3 385.2 388.3 391.4 392.3 395 399.4 409.5 417.4 418.7 423.4 417.4 409.2 387.3 353
321.9 323.7 323.6 323.6 323.1 323.5 321.9 321.7 321.7 327.1 329.6 334.2 340.3 342.7 344.3 345.3 341.5 337.5 337.7 340.4 343.1 340.8 339.1 335.9 336.1 336.2 341.1 342.3 342.3 342.2 343.9 345.7 351 361 367.8 375.7 382.5 389.6 400.4 402.3 400.1 393.9 386.6 377.4 376.1 376.4 380 391.2 395.3 412.2 426 447.5 457.3 463 462.1 459.9 454 453.1 440.6 418.2 421.1 409.2 403.3 403.8 406.6 404.7 409.2 412.2 414.7 427.4 435.7 445.6 456.5 466.8 472.5 468 422.7 413.9
323.6 323.4 323.3 323.4 322.8 322.9 323.3 329.5 335.3 340.5 343.1 347.4 348.3 349.8 347.4 344 341.5 337.5 337.6 342.5 345 342.4 340.7 339.8 339 337.3 342.2 343.7 343.5 343.4 346.5 347.1 354.5 362.3 368.9 373.5 380.1 386 398.3 391.1 380.2 375 371 367.8 366.7 366.4 368.8 377.8 389.5 411.5 431.7 444 442.6 457.5 460.9 464.7 466.3 457.4 444.7 435.6 431.1 417.6 419.3 424 421.8 422.5 426.8 428 437.8 450.9 465.1 478.8 488.2 491.9 498.4 476.8 484.6 450.2
323.3 323.3 326.9 326.2 326.1 328.5 340.2 346.4 347.3 349.9 351.7 353.7 353.9 351.6 344.8 342 339.1 339.8 339.4 342.1 342.7 341.4 341.5 340.4 339.4 340.3 341.9 342.9 343.4 344 346.4 346.6 353.1 358.9 362.6 368.1 372.4 374.9 383.4 379.9 368.3 364.9 365.3 365.5 365.8 366.4 366.8 375.2 398.1 412.9 432.1 444 442.1 460.1 471.8 479.4 476.7 468.5 452.8 448 437.4 431 433.8 440.5 442.6 442.7 442.1 449.7 464.5 481.5 492.7 502.8 512 521.4 519.7 509.7 511.2 472.4
326.1 335.3 336.5 335.9 338.5 344.7 353.3 359.4 359.5 358.2 360.1 357.8 354.2 354.1 342.3 339.9 340.2 341.5 341.8 342 341.6 340.7 340.4 337.8 338.2 338.6 343.7 343 342.2 342.8 346 348.1 351.2 355 357.9 360.7 362.5 367.3 373.1 372.5 364.5 362.8 364.4 364.9 366.3 368.3 369.5 382 402.8 418.7 429.5 438.5 455.7 469.6 483.4 488.5 486.5 476 469.7 456.5 451.5 453.3 448.2 458.3 464.7 462.1 463.6 473.7 489.7 505.7 515.8 522.7 530.9 533 535.4 539.7 538 510
