public/OST50/NO29.asc
ncols 200
nrows 200
xllcorner 320000
yllcorner 790000
cellsize 50
[rows 105 to 139 of 200, columns 0 to 77 of 200]
469 461 443.9 437.8 428.7 419 414.7 407.7 400.2 394.3 390.9 386 379.9 376.6 371.8 365.4 357.7 348.2 341.8 340.7 341.2 340 340.6 341.6 339.3 337.9 344.1 349.6 359.6 364.5 367.7 370.1 371.2 374.9 373.8 377.5 385 391.9 406.7 416.8 427.5 436.1 440.1 434.3 427.5 425 419.7 411.2 408.5 407.5 403.3 400.4 395.4 394 398 405.8 413.9 420.5 425.1 432.7 445 447 453.5 460.5 460.4 450.2 435.1 429.5 412.2 407.5 402.8 385.8 369.9 353.1 342.8 331.6 318.3 308.1
474 466.5 451.2 438.8 429.1 416.6 411.1 404.7 397.5 394.9 390.8 389.5 383 379.5 374.2 369.3 362.6 357.7 353.5 340.4 339.5 338.9 338.7 337.8 336.1 334.7 333.2 333.3 342 351.6 357.3 362 362.8 365.5 369.9 370 373.1 371 386.5 402.2 415.3 426.3 434.2 432.4 431.5 429.2 418.3 412.7 408.1 405.9 401.4 397.8 392.9 388.3 389 391.1 398.3 406.3 410.7 417.6 429.3 434.8 439.3 447.2 446.3 444.1 446 442.4 429.8 432.5 431.9 421.8 400.5 368.1 352.8 342.1 327.4 314.6
472.5 463.4 450.5 441.2 428.4 416.5 406.2 398 394.8 393.4 389.7 389 383.9 379.7 376.5 372.9 367.9 361.2 358.3 350.5 347.3 348.7 348.1 345.4 341.9 335.5 332.1 331.7 331.6 333 345 355.8 356.4 355.4 360 365.9 364.9 367.2 369.8 386.5 400.2 411.9 425.3 432.8 436.8 430.1 416.8 407.7 404.3 399.1 393.9 390.9 387.2 385.6 384 384.1 388.1 394.2 400.1 407.4 416.4 421.4 430.7 437.9 442 452.1 453.3 453.4 455.3 458.1 457.7 450.3 432 390.6 358.2 353.2 334 321
473.8 465.7 451.8 441.7 427.2 415.6 404.7 396.5 390.3 387.1 386.8 385.9 381.7 378.2 374.8 372 369.5 365 361 357.7 354.1 353.3 353.5 349.6 347.4 345.2 339.5 336.8 331.1 329.7 328.8 339.6 348.4 352.2 352.6 358.5 361.4 363.2 365.4 367.6 381.7 396.3 410.8 423.8 429.1 425.2 415.4 409.2 403 395.5 389.7 386.5 384.6 384.5 382 381.1 383.4 387.6 392.8 397.4 402.4 410.8 422.1 431.4 443.5 454.8 459.3 464.3 471.7 474.9 473.5 468.2 453.6 413.3 376.7 349.9 341 327.5
469.9 460.3 449.1 436.9 423.6 408.1 401.9 393.6 390.4 387 387 386.4 381.9 378.4 375.3 373.2 370.7 367.3 363.5 360.2 357.1 354.9 352.1 353.4 348.8 345.7 337.4 339.1 335.6 329.1 328.1 327.1 336.2 347.4 349.2 349.4 352.9 357 362.8 360.3 366.6 381.8 395.1 407.8 415.6 414.6 409.7 405.1 396.8 388.9 386.6 385 383.6 380.9 380.2 378 377.7 380.5 382.6 388.8 394.9 402.7 414.2 428.1 438.4 449.1 458.3 465.7 473.8 477.5 476.7 475.9 467.5 422.4 397.4 368.2 347.3 333.1
471.7 456 444.2 432.5 420.2 405.7 399.2 392.1 388.6 387.1 387.2 385.2 381.7 377.2 374.3 370.8 368.4 365.9 363.8 361.2 360.9 356.2 352.1 352.5 349.2 346.7 343.1 338.7 333.3 334.3 329.9 327.4 326.8 328.4 342.4 345.5 346.7 350.1 355.7 353.5 355.3 369.8 381.6 389.7 402.2 408 409.8 403.5 394.9 384.8 384 384.3 382.8 377 373.4 373.8 371.7 373.9 376 382.3 389.5 397.8 407.7 418.3 428.7 440.7 451.1 460.8 471.5 481.4 484.3 476.7 454.6 433.3 413.5 388.1 357.9 341.3
472 457.2 440.8 430.2 420 408.9 400.9 393.9 389.3 387.5 387.1 388.4 382.6 381.2 375.8 372.2 370.1 367.1 364.8 362.7 362.4 360.8 354.7 352 349.4 348.6 348.4 346.5 346.3 341.2 333.8 329.5 325.5 324.3 324.8 334.8 337.8 341.3 346.4 347.8 348.8 358.8 366 375.3 388.3 400.1 409.2 405.7 390.7 382.9 379.2 377.2 373.8 369.7 368.5 366.4 364.5 366.9 372.5 376.4 382.5 391.9 402.2 408.6 418.3 429.2 441 453.2 466.4 478.5 479.5 467.7 456.7 446.3 433.1 406.5 377.5 348.3
476.6 462.7 450.6 439.4 430.3 421.3 412.2 404.1 396.8 395 392 393.7 387.5 385.3 378.8 376.8 374.1 369.5 369 367.9 365.5 363.2 361.4 358.5 352.9 353 353.4 350.8 349.5 344.4 337.8 333.2 327.5 325.3 322.7 322.4 326.3 333.8 341.3 344.3 344.4 349.8 354.7 363.3 372.8 384.2 390.3 392.1 380.5 375.6 369.8 366.6 364.3 361.8 360.9 363.3 359.9 362.8 367.9 371.7 378.2 387.5 392.3 402.2 408.7 416.2 427.9 440.1 449.4 456.1 461.9 458.2 455.5 451.9 437.4 411.5 398.5 370.1
488.8 477.4 467.3 455.9 449.5 439.6 428.7 419.1 411.2 405.4 404.5 403.8 399.7 396.1 391.3 382.6 379 376.8 374.1 375.8 375.2 373.8 371.1 371.3 368 365.2 358.8 354.4 354.2 344.9 338 334.1 329.4 324.8 323.7 321.8 321.1 324.1 331.7 338.2 341.9 342 347.1 353.2 358.3 365.1 372 373.3 367.7 364.4 361.7 360.1 358.7 358 357.7 358 355.4 359.3 364.8 367.1 370.1 378.9 387.1 392.6 398.7 403.8 414.1 423.7 432.5 440.8 443 443.4 441.8 434.2 431.7 428.3 411.2 388
512 490 478.5 473.1 470.2 460.4 447.1 430.7 422.4 415.2 413.8 414.3 412.5 405.6 402.2 392.3 382 383.4 384.7 390.8 391.3 389.8 380.7 379.5 377.5 370.4 365.8 359.3 354.6 349.5 336 332.2 331.6 324.3 321.3 320.6 319.6 320 324.9 333.5 337.1 339.7 339.4 343.8 348.4 353.7 357.9 355.8 353.8 355.9 354.1 353.4 354.1 351.8 351.7 350.4 351.9 358.1 361.6 363 365.2 371.7 377.7 383.9 389.4 394.7 400.9 408.3 415.2 420.4 419.7 416 412.5 409.7 409.5 403.7 398.6 390.6
530.2 507.3 494.4 488.2 489.6 478.9 458.3 439.2 426.5 422.1 422.6 421.2 418.1 413.5 408.3 399.4 391.1 396.2 398.6 399.8 401.1 393.7 388.1 383.1 375 371.8 367.9 360.4 355.6 346.8 337.8 329.7 326.9 322.3 320.3 319.4 319.2 319.1 318.2 325 329 333.5 334.5 339.1 343.9 345.9 347.9 345.3 348.4 346.2 347.3 347.8 347.7 345.7 346.5 347.2 351.3 356.4 358.6 359.7 362.5 367.2 372.5 376.9 379.7 383.3 388.8 394.5 397.7 396.8 396.1 386.6 383.8 381.4 382 383.2 374.4 362.4
537.3 532.7 512.8 491.9 493.5 484.6 463.3 437.6 430.4 423.8 421.2 421.1 418.7 413.7 409.4 403 403.8 404.6 402.8 407.8 405.6 400 394.7 385.6 379.4 369.2 361.9 354.4 351.5 341.5 336 329.1 321.8 321.5 321.6 318.7 318.6 318.4 317.7 317.3 319.5 325.2 328.4 334.8 340.4 339.3 335.4 341.1 341.7 343.3 342.9 341.9 340.4 341.9 343.8 346.5 348.7 352.6 354.6 355.9 360 365.7 367.6 371.3 373.8 372.4 378.1 381.1 381.1 379.3 375.3 362.8 359.4 356.2 356.2 351.1 343.2 335.1
533.1 532.2 520.4 492.1 488 476.7 453 434.8 426.9 421.4 415.4 413.9 410.7 411.2 407.8 409.1 407.8 406.8 404.8 406.5 405.5 406.2 401.4 384 370.6 360.9 355.1 351.3 343.7 335.7 327.8 325.4 321 320.2 319.3 317.7 317.1 317.8 317 316.3 316.5 317.9 321.3 328.7 330.3 332.9 332.6 338 338 338.2 339 337.8 338.6 339.3 340.7 342.1 344.6 346.4 348.8 351.9 356.1 360.3 363.9 367.2 366.5 366.8 363.6 364.4 363.4 357.4 349.6 342 337.7 338 329.4 322.9 313.9 307.1
517.5 512.4 500.2 485.5 473.3 461.8 442.7 428.2 418.4 408.1 404.8 403.5 404 404.3 402.2 404.6 405.5 403.7 408 409.7 401.8 398 382 371.1 362.1 354.6 348.4 344.5 339.4 328.6 324.6 322 321.1 320.4 320 317 316.5 316.7 318.3 314.7 315.2 314.9 317.6 318.6 318.8 328.4 329.1 333 334.3 335.7 335.9 336 336.5 335.4 337.1 337.6 339.4 341.9 345.5 350.6 352.1 356.3 359.2 359.8 358.3 358.4 357.5 349.9 347.8 338 328.6 323 320.5 316.8 312 304.1 293.4 285.6
501.5 491.3 480.2 469.3 459.9 449.9 434.5 418.6 403.5 397.2 395.5 396.7 396.5 393.4 393.9 396.4 400.3 398.2 399.1 393.5 386.4 380.4 370.4 359.8 355.4 350.3 344.1 338.5 332.8 327 323.2 321.1 320.4 320.8 319.4 316.5 315.8 315.3 315.2 314.6 314 313.6 313.6 317 316.3 319.8 319.3 324.1 327.1 329 330.5 331.3 332.4 333.3 331.7 334.9 336.3 339.6 344.8 347.2 346.7 348.1 349.3 351.2 346.5 348.1 344.9 338.9 333.8 323.3 315 312 309 302.5 294.7 289 283 282
498.4 484.5 467.7 458.1 445.3 439.5 429.1 413.4 401.3 391.4 387.8 385.5 381 380 383.5 388.6 392.5 388.6 386 381.3 373.3 366.2 359.7 352.6 348.5 342 337.5 333.4 327.5 323.3 321 319.5 318.8 318.4 318.3 317.1 316.9 314.6 314.1 313.8 313 311.1 312.3 313.5 315 316 315.9 318.8 321.1 322.4 324.2 325.9 326.3 325.6 328 330.8 332.2 334.2 336.8 338.3 335.8 334.9 335.8 336.1 333 333.2 327.6 325.8 318.8 307.7 300.6 298.8 295.2 289.9 284.4 282 282 285.6
496.9 484.5 469.2 452.3 440.1 432.7 421.5 409.8 398 386.3 382.9 376.9 373.9 373.3 375.4 377.7 378.4 374.1 369.2 365.7 361.4 357.6 353 347.6 341.2 336.4 331.9 326.1 323 320.6 317.9 316.7 316.1 315.3 316.9 314.9 315.9 313.8 313.4 313.5 312.4 311.7 310.8 311.1 310.9 315.4 312.6 315.4 317.5 318.7 320.5 322.2 321.5 322.6 323.4 322.3 322.7 322.7 330.1 327.8 326.3 325.1 325.6 325.1 322.2 318.2 311.9 310.3 307.7 300.3 296.4 291.4 286.1 282 282 286.5 285.8 285.8
500.9 488.9 472.3 450.1 434.5 425 417.4 407 392.4 383.4 377.8 372.3 369.1 369.8 369.6 371.7 368.3 364.7 358.7 357.2 354.8 350.9 343.6 339.7 334.5 330.7 326.4 322.5 321.6 317.3 316.1 315.3 314.4 314 313.3 313.3 312.3 312 312 312.3 311.5 310.9 309.4 311.2 309.8 309.6 311.4 314.4 314.7 316.2 316.4 316.7 318.6 319.2 318.3 321 321.7 321.6 320.1 317.1 314.7 313.8 313.4 311.7 309.5 305.4 303.4 301.5 297 295.3 287.3 285.4 282 286 286.3 285.1 287.5 288
495.9 481.4 461.3 442.2 428.5 418.6 412.1 401.9 391.1 383.4 377.5 370.9 365.8 364.3 365.3 364.5 361.5 355.9 353.6 350.4 347.9 342.7 336.5 331.7 326.7 325.1 322.8 320.1 318.9 317.1 316.1 315.1 315.9 314.9 315.5 315.1 315.8 315 314 314.3 310.5 310 308.7 309 308.7 309.6 309.4 312 313.3 315.4 314.6 312 313.8 316.9 316.8 315.4 314.8 311.1 313.5 313.8 310.3 305.3 302.7 299.9 299.5 298.9 297.6 296.1 292.5 286.5 282 282 286.7 287.1 287.8 288.9 289 289.4
485.9 478.1 453.2 437.6 424.6 414 408.3 398.5 386.9 381 374.1 367.8 362 360.1 359.9 356.4 352.3 348.6 346.6 343.6 338.9 333.6 328.7 325.7 323.9 322.1 321 321.3 321.9 320.1 318.8 318.4 320.8 322.5 323.3 322.7 319.5 318.8 318.2 316.6 315.3 310.8 309.5 307.4 306.9 307.6 307.4 307.2 309.2 312.9 312.7 310.1 309.9 311 308.7 306.9 303.3 303.1 302.1 301.7 301.5 299.7 297 296.7 295.8 291.1 291.8 290.9 286.2 282.9 282.2 288.1 287.3 287.8 289.4 289.4 289.4 289.5
478.3 472.8 443.5 427 416.4 408.7 401.3 387.4 381.8 377 368.5 364 358.3 355.3 352.5 348.5 343.8 339.8 338 335 330.4 326.2 324.3 323.3 322.5 323.8 323.2 323.7 322.1 322.5 323.2 327.4 331.9 335 337.2 338 341.3 333.9 328 327.2 322.9 316.4 312.9 307.7 306.3 305.9 306.6 305.4 304.5 305.2 305.9 303.5 303.5 301.6 300.9 297.6 295 294.6 293.7 291.3 291.6 292.5 291.3 289.4 289.3 290.1 288.4 286.1 284.2 283.6 289.8 287.6 287.9 289.2 289.3 288.7 289 289
467.1 462.2 429.8 417.5 405 396.5 394.2 381.5 376.2 370.9 363.5 357.1 352.7 348.6 345.6 339.7 336.8 332.8 330.3 326.8 324.6 324.2 323.7 323.2 323.5 324.6 325.9 326.4 326.8 328.1 330.7 337.3 342.7 347.4 352.5 361.8 367.6 365.5 342.7 335.3 326.6 320 314.9 308.3 305.1 304.3 304.1 303 301.4 300.8 299.6 299 298.9 298.2 296.6 295.6 295.1 294.2 293.5 292.8 291.7 291.4 290.3 290.8 290.2 290.2 287.5 285.9 284.4 289.8 287.2 288 289.2 289.9 288.5 289.6 290.9 288.3
452.8 429.4 407.7 403 392.2 386.5 381.5 369.2 366.8 360.2 355.1 350.4 347.7 341.5 338.8 334.5 331.5 327.2 325.2 324.3 324 323.2 323.7 323.8 324.9 326.6 328.1 330.3 332.7 335.6 337.8 343.7 351.3 359.9 374.4 387.8 395.1 390.5 374.4 347.4 332 323.7 317.3 309 306.8 304.1 302.3 303.8 304.3 301.4 299.3 298.8 298 296.9 296.3 295.6 295.2 294.3 293.4 292.6 292.1 292 291.9 292.1 291.2 289.4 284.6 284.6 290.1 289.5 288.4 289.1 290.5 289.5 290.4 290.7 289.8 287.8
422.1 401.1 391.4 389.6 380.9 375.2 367.6 360.3 355.4 348.1 345.5 343.3 340.1 337.3 333.1 329.9 326.4 324.4 323.3 323.3 323.1 323.9 323.5 325.4 327.7 329.5 331.4 334.1 337 341.5 345.4 351.6 362 375.7 393.9 413.2 418.2 406.7 393 356.5 343.7 334.4 324 313.1 307.9 305.6 303.8 302.5 301.8 300.4 299.5 298.6 297.8 296.7 296.1 295.5 294.1 294.3 293.6 293.2 292.8 292.9 291.6 291.2 288.9 284.6 284.6 289.7 290.4 288.6 289.1 290.3 290.5 290.1 289.8 289.9 288.5 290
390.9 376.9 375.1 372.7 366.5 359.8 357.2 349.8 344.4 339.1 338 335.8 334.1 330.4 327.5 325.8 324.2 323.6 323.1 323.9 324.9 325.2 326.5 329.7 332.5 334.6 338 341 343 348.4 353.4 361.9 374.9 391 410 429.9 442.6 421.5 391.8 374.3 357.9 344.8 331.7 319.8 311.5 306.7 306.2 304.8 302.4 301.1 299.4 298.6 297.6 296.5 296 295.4 295.1 294.3 293.8 293.4 292.8 292 292.3 290.1 284.6 286.2 289.2 290.2 290.6 290.6 290.4 290.6 290.2 290 289.6 288.6 292.2 299.9
369.4 364.3 363.2 355.4 351.2 349.9 345.3 340.7 338.5 335.7 332.7 329.4 328 325.8 325 324.3 323.6 323.3 324.2 325.6 328.1 329.8 333.2 336.7 338.5 342.6 347.1 349.4 350 353.7 361.3 376.7 388.2 402.7 420.1 440.9 458.6 445.6 406.8 385.5 365.9 349.9 335.7 321.5 314.1 307.1 307.7 305.5 304.7 301.6 299 298.9 297.4 296.6 295.7 295.1 294.5 294.4 293.9 293.3 289.5 291.3 290.5 284.7 285.4 288.4 290 290.6 290.7 290.7 290.2 290.5 290.3 290.8 289.8 293.3 299.6 304.2
355.9 353.2 349.7 344.5 343.3 340.5 339.4 334.8 331.4 329.8 326.4 325.9 325.1 324.7 324.4 324 324.2 324.5 327 331.6 334.6 338.5 341.3 343.2 346.3 350.2 354.8 359.4 357.9 363 375.2 385.9 398 412.3 430.4 447.9 459.9 442.2 434.3 416.9 376.2 356.3 341 327.2 315.1 307.1 306.3 306.2 303.6 300.8 298.7 299.7 297.3 298.7 295.4 295.5 295.2 294.4 294 293.1 291.6 290.4 287.7 285 288.7 289.9 290.6 290.7 290.9 291 290.5 291.2 291.4 290.4 295.7 302.5 306 307.1
346.7 343.5 342.3 338.8 336.7 333.8 331.6 329.7 328.8 327.6 325.6 325.1 325.1 324.4 324.2 323.9 326.3 332.3 335.8 339.6 342.7 344.2 347.3 352.4 354.6 358.6 362.1 365.1 367.1 374 382 394.1 405.8 422.4 438.8 453.7 458.7 460.8 436.5 407 374.7 360.7 347.5 333.2 319.4 310 306.5 305.6 302.7 300.6 299.2 298.9 295.8 295.6 295.3 295.1 294.1 292.4 293.4 291.5 290.9 290.6 285.5 287.5 289.5 290.6 291 291.2 291.4 291.5 291.7 291.3 296.5 300.9 305.9 308 307.6 309.3
341.5 337.7 333.6 332.5 332.3 328.7 326.2 327.3 326.9 325.7 324.7 324.5 324.4 324.5 325.2 329.5 334.3 340.2 344.3 348.2 351.2 353.7 356.8 360.8 363.7 367 369.9 372.2 376 384.3 394 404.9 416.5 428.6 441.1 455.2 465.5 455 428.2 388.2 373 358.2 345.7 332.5 320.1 309.9 306.4 304.6 302.9 303.1 299.8 298.9 295.9 295.2 294.5 294.7 294.2 291.8 290.6 291.9 291.8 288.1 286.8 288.7 290.6 291 291.4 291.7 292 292.7 292.9 300.9 309.5 311.8 311.8 313.6 313.9 315.5
333.2 330.1 328.3 329.5 328.3 326.7 326 325.8 325.3 325.7 325.4 325.1 325.6 327.4 330.7 335.6 341.4 346.2 349.5 353.7 357.6 360.7 365.5 368.4 372.1 375.5 378.3 382 386.7 395 404.5 414.7 423.4 432.9 444.6 462.4 463.8 438.2 413.3 385.1 371.2 359.8 343.8 328.4 318.4 308.4 306.6 306.2 302.9 301.3 297.6 297.5 296.6 295.5 294.6 293.3 292.6 292.4 292.2 292.5 288.9 286.8 289.7 290.8 291.2 291.3 292.2 293.8 294.3 297.6 303.7 313 324 326.9 322.1 319.4 321.3 323.3
329.7 327 327 325.8 326.3 326.2 326 326.2 327.2 327.2 327.5 328.2 330.2 334.7 338.9 344.8 348.4 350.9 355.1 359.6 362.8 368.5 370.8 374.4 377.3 380.6 384.8 388.1 396.4 404.5 412.6 421.5 428.7 438.6 455.9 463.5 449.9 432.8 421.8 395.1 369.5 356.4 345.4 329.1 318.1 310.4 307.3 306.8 301.9 299.4 296.7 296.5 297.3 294.1 293.3 292.3 292.9 292.8 292.5 287 287.1 287.6 290.7 290.4 291.3 293.8 297 299.7 300.6 303.1 315.5 323.4 332.7 334.4 332.7 329.4 333.9 334.3
328 327.1 325.9 326.5 326.4 326.7 327.6 327.7 328.4 329.5 330.9 334.1 337.3 342.4 344.6 349.8 354.4 356.9 359.5 363.6 368.4 371 374.6 377.8 381.5 386.8 391.6 399.1 406.5 414.1 420.7 429.5 439.3 450.6 452.9 446.9 429.5 430.8 424.9 408.2 384.8 353.5 332.4 321.2 314.6 309.5 306.2 302.7 302.9 297.3 297.1 294.9 293.3 292.8 293.2 292.2 293.2 290.9 287.7 287.5 289.8 290.6 291.1 293.2 296.3 306.2 305.8 306.9 307.2 314.1 321.1 327.9 335.1 340.6 345.8 342.8 343.2 344.9
327.6 327.5 326.4 329.7 327.9 327.6 328.9 330.2 330.9 332.3 335.5 339.9 343.3 346.7 350.4 354.7 358.2 361.4 365.1 368.9 373.6 376.3 377.4 381.7 387.7 393.9 400.4 408 415.4 421.7 429 441.5 443.4 436.5 434.1 431 426.2 423.4 418.5 407.3 391.5 356.9 329.2 317.1 310 306.7 302.6 301.7 297 292.6 294 292.5 292.7 292.8 293.5 293.7 290.4 289.1 289.1 290.5 291.1 292.7 296.5 300.9 301.7 308.2 313.6 316.2 320.3 321.7 328.1 335.2 343.5 347.3 352.5 352.9 352.9 355
327.9 327.8 326.4 329.3 329.1 329.5 331.4 333.3 334 336.3 341 343.4 346.1 351 354.5 358.3 361.8 364 367.9 370.8 374.7 378.1 383.3 387.3 394.6 402.5 409.4 416 421.4 430.5 443.3 441.3 431.6 425.4 420.6 420.9 421.4 417.9 410.8 393.7 365 338.6 325 313 307.4 302.5 300.4 296.3 295.2 293.9 293.2 293.9 295.2 295.7 293.4 289.3 289 290.4 290.7 292.1 293.6 298.1 302.9 306.9 308.3 315.4 321.5 324.7 328.2 330.7 336.1 344.8 351 357.1 359.6 362.6 363 362.3
328 328 328.7 329.4 329.9 331.9 334.1 335.8 338.9 341.4 345.8 346.4 350.3 352.1 356.1 360.1 364.2 366.4 369.6 372.4 378.9 384 387.9 392.7 398.7 406.9 415 421 427.8 436.7 436.9 425.4 416.2 411.6 408.3 408.5 408.1 402.3 386.8 365.4 347.7 331.3 317.9 307.1 302.7 297.8 294.3 295.1 295.6 294.3 295 295.4 294.4 292.2 289.4 289.6 290 292.2 296.6 299.3 300.8 304.6 309 311 316.6 322.7 326.6 330.5 334.3 340.3 345.1 355.2 363.2 372.4 377.9 379.8 381.6 380.9
