public/OST50/NO29.asc
ncols 200
nrows 200
xllcorner 320000
yllcorner 790000
cellsize 50
[rows 0 to 34 of 200, columns 0 to 77 of 200]
684.4 677.3 666.5 648.3 643.5 639.7 639.6 637.3 634.9 630.1 625.1 620.9 617.2 612.5 604.6 597.4 586.9 573.3 580.9 584.3 587.9 591 586.6 600.6 611.7 615.8 623.7 626.1 625.7 626.3 628.7 630.2 630.8 630.3 631.1 631.2 638.1 646.1 654.7 665.3 674.3 681.2 685.2 687.7 687.2 685.6 685.9 684.3 677 666.4 654.3 641 625.9 609.2 597.6 587.5 583.5 584.1 586.3 593.6 598.8 596.9 585 570.6 555.9 535.9 522.3 508 500.9 492.1 484.3 477 469.9 466.2 459.6 452.5 453.8 452.9
689.1 682.2 671.4 656.6 649.5 645.2 642.3 638.8 634 627.7 624 619.9 615.9 611.7 605.8 598.9 590.9 582.7 588.4 591.1 594.2 599.4 593.6 602.3 611.7 619.3 621.9 628.4 629.2 630.1 633 635 635.8 633.7 635.5 638.2 642.3 647.9 656.8 665.3 674.7 682.2 687.5 691.1 691.8 691.1 690.9 689.4 683.4 671.8 659.9 646.5 633.3 616.9 606.7 599.1 595.2 598.2 600.6 606.4 611.8 607.7 597.3 585 567.9 548.3 534.3 519.7 508.3 500.9 491 483 481 476.2 465.7 461.4 461.1 456.6
692.5 684 674.4 660.3 655 650.6 646.4 640.2 632.2 627.8 623.2 618.9 614.9 610.9 605.4 596.9 591.5 597.1 596.9 596.8 600 604.8 600.4 599.1 614.6 621.3 625.4 628.8 630.9 632 634.6 638.2 640.2 639 639.1 642 645.3 650 657.8 667.3 675.8 683 688.3 692.8 694.9 694.7 693.9 692.9 686.8 676 665.6 653.1 640.8 630.4 616.4 610.3 609.7 612.8 616.5 620.3 624 616.8 606.1 595.4 582.1 560.4 545.1 533.2 521.7 511.9 500.9 493.8 490.2 485.4 476.6 474.6 470 461.5
696.1 686.3 677.8 669.3 660.5 656.9 651 642.6 633.8 626.1 623.5 618.9 614.7 610.2 600.3 593.6 601 605.1 604 602.9 605.6 609.1 606.1 602.3 613.4 623.1 628.1 630.1 630.4 633.1 635.4 639.3 641.7 642.9 642.9 644 647.5 653.1 660.3 669.4 677.3 684.5 690.3 694.5 695.6 693.9 692.4 690.8 685.4 677.6 669.3 659.9 648 639.2 631 624.1 621.5 624.6 628.7 632.7 634.1 625.1 616.2 605.3 593.8 575.8 559.8 549.5 537.3 525.5 514.3 507.8 502.8 494.1 487 487 481.9 467.9
696.5 687.9 680.2 672.4 665.1 661.3 655 645.2 634.6 628.4 624.4 619.9 615.3 610.5 601.2 605 608.2 610 612.5 614.7 613.1 613.3 611.4 604.4 613.4 622.9 627.6 629.9 631.6 632.8 634.6 637.5 641 644.4 644.8 646.1 648.7 654.5 661.9 670.3 677.8 686.1 692.2 695.4 694.1 690.6 688.2 686 682.6 677.4 672.5 665.2 656.2 647 639.9 636.4 633.6 634.3 636.9 640.6 639.5 633 624.3 614 601.4 589.5 579.9 566.1 549.9 537.1 523 519.1 513.8 507.8 501.5 497 485.1 478.5
698.6 690 683.1 674.4 670 666.1 659.2 648.3 639.2 631.1 625.5 619.7 615.2 609.3 607.4 609.1 615.6 618.8 622.1 622.8 622.5 620 614.6 609.6 615.6 621 624.8 627.7 630.5 632.1 633.2 635.5 638.9 642.9 644.2 647.1 650.7 655.8 662.4 669.7 677.1 685.8 691.5 693.9 691.1 686.9 683 680.4 677.7 676.1 674 668.7 661 651.8 646.4 642.9 641.7 641.1 641.6 643.9 640.6 635.9 627.1 618.2 606.2 598.7 589.5 578.6 562.7 546.2 537.5 531.1 524.1 517.5 518.1 504.1 496.3 484.2
698.5 691.9 685.4 678.2 674.3 671.2 664.7 651.1 641.8 633.8 625.8 621.1 616.7 613.5 611.6 611.5 616.8 624.1 628.2 628 628.1 626 619.6 613.6 614.9 619 621.8 624.8 627.3 630.3 632 633.7 636.6 639.4 642.9 646.6 650.3 656.3 661.2 667.3 675.2 683.3 688.4 689.5 685.7 680.6 676.8 673.4 671.2 670.8 670.6 667.9 662.1 655.1 650 646.8 646.2 646.1 645.3 642.9 637.4 631.5 624.7 616.3 609.2 605.7 596.4 587.5 577.3 564.9 556.2 543.1 533.2 527.7 524.6 510.1 501.8 487.8
699.3 693.1 686.9 681.9 679 676 672.1 661.3 646.2 637.6 629.4 624.2 619.2 616.8 614.2 615.5 621.7 626 631.3 631.9 631.5 630.4 623.9 616.3 615 617.9 619.9 621.8 624.7 627.3 628.7 629.8 631.9 634.8 638.3 643 648.3 654.6 660 664.8 671.3 677.9 682 681.4 677.7 671.7 666.5 664.4 663.8 664 664 662.8 658.8 655 650.5 647.4 645.8 644.3 642.8 638.9 632.8 625 619.4 612.5 606.8 603.7 598.8 591 582.4 573.5 566.4 553 541.4 536.6 529 518.2 503.2 481.7
700.7 694.8 689.6 686.1 682.7 680 676.2 668.4 654.6 644.5 636.1 628.2 621.2 619.6 618.4 621.2 624.2 627.4 631.4 632.6 632.1 631.6 627.9 619.2 614.9 615.1 616.6 618.6 620.7 622.7 622.8 624.5 627.1 629.4 632.5 638.1 644.7 651 656.1 660.7 666.4 671 673.9 672.3 666.9 663.1 659 656.8 656.1 656.3 656.4 656 654.3 651.5 647.6 644.2 641.9 639.3 635.9 632.3 626.4 619.6 613.7 606.2 600.3 596.3 593 587.3 579.4 572.3 565.8 555.5 548.8 541.9 531.3 520.3 504.6 484.9
701.6 696.7 692.3 689.4 685.7 681.5 677.3 673.1 664.1 651.9 641.4 631 624.4 621.5 621.4 624.4 625.7 627.8 629.5 629.9 629 626.9 622.4 618 615.9 613.6 614.1 615.1 616.3 617.9 618.7 620.2 622.1 625.5 628.5 633.1 640 646.1 651.2 655.2 660.4 664.7 666.6 664.7 659.7 655.4 651.4 649.6 649.2 649 648.9 648.7 648 646.2 642.6 639 635.6 632.7 628.6 624.4 619.4 613.2 607.8 600.3 594.4 588 585.9 580.9 574.8 568.5 563.4 558.2 552.6 543.8 530.4 516.4 489.2 500.4
702.4 698.5 694.1 691.3 687.7 685.8 682.6 677.3 669 659.2 645.6 633.6 627 625.6 625.3 626.8 627.5 627 627.1 626.6 624.8 622.6 619.8 616.7 613.9 610.9 610.6 609.9 612 613.6 614.9 616.7 618.5 621 624.6 629 634.1 639.4 644.5 648.3 652.9 657.3 660.4 659.1 654.8 650.4 644.2 642.3 641.8 641.8 641.4 640 640.1 639 636.3 632.2 629.5 626.4 623.1 619.6 612.8 607.4 602.3 595.9 589.3 583.6 580 574.8 570.2 567.6 563.5 559.5 552.2 543.5 529.3 514.7 503.2 508.5
703.8 699.5 696.3 692.9 690.6 688.8 686.8 681.9 672.9 664.5 649 637.7 630 629 628.7 628.3 627.6 626.1 624.3 623.7 622 620.1 618 614.8 611.1 608.1 606.7 606.3 609.4 610.3 611.3 613.3 616.4 618.8 622.3 626 628.1 633.2 637.1 641.1 645.5 650.1 653.3 653.5 649 643.9 636.4 636.1 634.2 632.9 631.9 632.4 631.8 629.6 627 624.6 623.5 621.4 619.3 613.5 607.2 601.8 595.9 589.6 583.4 579.8 575.4 571 567.4 565.8 565.2 560.9 551.1 541.3 527 502.2 506.3 515
705.6 701.7 698.7 694.9 692.8 689.5 687.6 681.7 672.5 665 651.6 638.6 633.1 631.5 629.8 628.4 626.4 623.3 622.3 621.3 619.1 617.5 615.1 612.2 608 604.9 602.9 602.5 605.8 606.4 607 609.8 612.8 615.4 619.1 622.4 625 628.1 631.7 634.4 638.1 643.2 646.3 646.3 642.5 636 631.7 629.8 625.8 624.8 623.4 624.4 622.7 620.3 619.1 619 618.6 617.1 613.3 607.9 601.8 596.4 591 584.1 580.1 575.8 571.6 567.9 563.5 561.1 557.3 555.5 549.5 538.1 525.4 521.8 518.6 523.2
706.4 703.4 699.7 697.2 692.9 690.3 687.2 681.8 672.9 665.3 653.8 642.1 634.3 631.9 629.5 626.8 625 622.9 620.9 617.8 616.6 614.2 612.5 609.4 606.9 603.5 602.3 600.4 603.3 603.7 603.4 605.6 609.2 611.9 615 618.4 621.4 623.8 626.7 629.4 632.4 634.7 638.1 638.1 634.8 629.6 626.3 623.7 620.6 618.9 617.6 616.7 614.9 614.1 614 614.2 613.8 610.6 604.3 600.6 596.6 591.2 586.1 580.4 576.5 572.4 567.4 564.3 560.3 556.4 552.6 550.1 542.1 533.1 532.2 527.4 525.9 528.8
708.7 704.1 700.9 697.4 693.9 690.2 687.3 680.1 671.2 663.3 653.5 643.3 635.4 631.9 629.2 626.3 624.3 621.3 618.6 616.2 613.7 611.6 609.9 607.4 605.1 603.1 602.2 601.2 598.9 599.4 601.3 601.8 604.9 607.6 610.6 613.9 616.2 619 621.6 623.6 626.2 628.9 631.7 631.8 629.2 624.9 622.2 619.3 616.4 613.6 612.7 610.7 609.7 609.5 609.6 609.3 607.6 603.4 598.1 595.2 591 587.8 582.3 576.9 572.6 568.8 564.3 559.3 557.3 553.6 551 544 537.6 536.2 535.2 532.2 530.9 533
709 704 700.6 697.8 693.1 689.8 685.6 676.4 667.9 662.9 654.3 643.8 636.2 630.2 628 625.6 623.1 620 615.8 614.3 612.2 609.7 605.4 604.3 603.5 602.1 602 599.7 599.4 599 599.1 600.5 602.2 604 606.5 608.5 611.4 613.3 616.2 618.2 620.3 623.7 625.9 627.3 626.1 621.9 618.5 615.5 611.7 608.4 607 605.4 604.6 604.9 605.6 603.1 600.5 597 593.1 589.9 586.8 582.5 577.7 573.6 569.5 566.4 562.9 558.7 555.1 550 545.4 541.8 536.5 540 537.2 535.2 534.3 533.7
709.9 705.6 701.1 697.4 692.8 688.4 683.4 675.2 665.9 660.6 651.8 644.2 637 630.4 626.8 623.9 621.7 618.1 615.2 612.7 610.5 608.2 606.8 605.1 603.3 602.2 599.3 599.9 598.1 598.9 596.7 598.7 600.3 601.8 603.1 604.9 606.8 608.1 610 612.4 614.7 617.7 620 623.7 622.7 619.2 615.5 611.3 608.1 604.2 602.4 600.8 600.4 600.3 599.2 595.7 593.1 591.1 588.3 585 582.1 577.6 573.4 570.3 567.4 564.5 561.1 556.7 552.5 548 544 539.8 542.3 542.1 539.1 537.5 536.4 535.3
711.1 705.5 701.3 697.4 693.4 687.7 679.8 668.5 662.4 656.9 650.2 640.2 634.6 629.4 624.7 622.8 620.2 617.8 614.2 611.7 610.1 608.9 607.1 605.6 601.7 599.8 598.1 598 596.9 598.4 597.8 596.2 598 599.7 600.7 601.2 602 604 605.1 607.1 609.3 612.6 615 617.1 617.1 614.4 610.4 606.9 604 600.9 598 597.1 597 595.1 592.9 590.4 588.4 586.1 581.9 579.6 576.2 572.8 570.8 567.9 564.7 561.9 558.9 555.2 549.1 545.6 541.9 541.3 544.6 542.7 540.1 538.1 536.7 535.4
712.1 705 699.8 697.1 693 687.4 680.6 672.4 664 656.1 650 643.3 637.8 632 627.8 625.9 622.7 619.2 615.7 614.1 611.7 609.3 605.7 607 605.7 602.8 599.1 596.3 595.6 597.5 597.7 597.2 595.3 597 598.5 597.8 599.7 600 600.7 603 605.1 606.7 608.8 609.7 610 608.6 604.8 602.2 600.9 598.6 595 593.8 592.9 590.6 588.2 586.3 585 582.3 579.4 576.7 573.6 570.6 567.5 565.4 563.5 560.9 558.3 552.8 548 544.9 541.9 543.6 543.9 542 540 538.1 536.4 535
716.9 707.6 701.5 698.6 695.8 690.9 683.9 678.8 668.3 658.7 651.2 646.2 639.3 633.4 630.7 628 624.1 621.2 618.3 614.1 612.5 609.5 610.2 608.5 608.8 604.3 600.2 597.9 596.4 596.5 596.9 595.2 593.7 595.3 596.8 597.6 597.4 598 597.8 599.7 601.1 602.1 601.5 602.1 602.9 601.6 598.3 597.9 596.3 595.3 592.3 590 588.7 587 585 583 581 578.4 576.4 573.9 571.2 568.2 566.2 563.8 562.3 559.1 555.8 550.5 547.3 543.9 541.9 544.2 543.6 541.6 539.5 537.3 535.2 532.5
720.9 708.4 704 701.1 698.7 695 691.4 682.9 673.5 661.5 653.3 648.1 641.2 636.3 631.7 627.9 624.9 620.6 619 616.7 615.2 614.3 612.2 612.3 611.7 606.4 600.1 596.2 597.4 595.5 594.6 596 596.2 594.3 594.7 596.4 596.3 595.8 594.8 596.3 597.2 598.3 598.3 597.4 597.3 596.1 595.6 594.3 592.7 590.9 589.3 585.6 583.2 582.3 581.7 579.8 576.6 575.1 572.5 570 567.6 564.4 562.5 561.4 559 555.9 552.5 548.6 545.2 544.2 542.5 544.4 543.5 541.6 539.1 536.6 533.3 530.3
722.5 712.7 708.7 705.6 703.2 702 697.6 688.5 677.8 666.5 658.4 651.3 644.9 639 632.9 629.1 625.6 624.2 621.3 619.6 617.8 616.7 616.8 618.7 615.8 609.1 600.6 598.8 598.1 596.9 596.7 596.4 596.2 595.6 592.3 594.9 595.3 594.3 593.6 594.2 594.5 594.7 594.1 593.1 592.8 592 591.2 590.2 589.1 587.5 586.3 584.2 581.6 580 578.5 577.2 572.9 569.1 568.1 566.5 564.2 560.6 560.6 558.5 556 548.6 548.2 545.5 545.2 544.4 543.1 544.8 544.1 542.1 540.7 538.5 536.4 533.1
723.7 714.8 711.8 709.6 708.7 707.6 700.5 693.4 685 673.9 663.6 654.4 647.9 642.4 635.2 631.1 629.6 626.7 625.4 623.1 620.9 619.2 619.5 620.9 618.4 609.9 603.1 600.4 598.6 597.3 596.8 594.2 593.3 593.7 591.3 592.7 593 591.9 591.6 592 591.3 591.4 590.8 590 589.1 587.4 586.1 585.6 584.8 583.6 581.7 580.3 578.8 575.9 574.4 573.3 572.3 570.5 569.2 566.4 563.5 560.2 558.2 555.2 551 550.4 551.3 550.2 548.1 546.3 545 546 545.2 543.3 542.5 540.3 536.7 533.2
724.1 717.3 714.6 712.8 712.3 710.9 705.2 696.7 688.2 677.8 669.1 659.5 650.8 643.8 636.1 634.2 632.6 632 629.8 626.1 624.4 622.3 621.3 621.4 617.7 609.8 603.4 601.2 598.3 598.3 597.7 596.9 595.4 594.8 593.8 592.4 589.6 589.9 589.7 589.5 588.9 587.4 586.9 585.6 585.4 583.5 582 581.8 580.6 579.3 578.4 577.1 576.3 575.8 574.9 573.3 571.4 570.3 568.4 564.9 561.6 557.7 554.5 552.1 554.5 557.2 555.6 552 549.5 547.5 546.2 546.4 545.2 544.4 543 540.1 536.5 533.2
725.6 721.2 717.5 716.1 716 714.1 708.3 700.1 689.3 679.4 670.9 664.1 655.5 646.9 640.7 637.5 636.4 636.1 633.2 629.9 626.6 624.6 622.7 621 616.7 609.4 604.1 601.4 601.3 599.9 598.8 597.7 595.9 593.6 594 592.8 590.7 586.5 588.4 588 587.3 584.4 584.8 584.1 583.4 582.3 580.7 579.5 578.6 577.4 576 575.3 574.3 573.9 573.3 572.3 571.3 569.9 566.9 562.4 558.1 554.9 555.6 556.5 558.5 559.6 557.2 553.7 551.4 548.7 547.5 546.9 547 546 543.6 540.2 536.8 533.8
726.8 722.4 718.9 716.9 717.4 716.3 711.5 704.1 693.4 685.5 678.8 668 656.5 650.5 646 642.7 641.1 638.8 635.5 631.9 629.2 626.4 622.9 620.5 616.3 609.9 606.9 605.6 603.8 601.3 599.7 597.7 594.7 595.6 594.4 592.5 590.4 588.3 584.6 586.3 585.7 584 583.1 583.1 581.9 580.7 579.7 578.1 575.7 575.5 574.5 573.8 572.4 572 571.5 570.4 569.5 567.9 561.9 563.1 561.1 559.5 558.7 558.8 559.5 560.5 559.1 555.5 552.7 550.5 549.3 549.1 550.3 547.5 544 539.9 536.2 533.6
725.8 720.7 717.9 716.4 715.9 715.6 713.2 707 696.7 691.4 683.5 669.6 661.8 657.1 654 648.2 645.9 642.7 637.5 633.7 630.5 629 625.7 622.9 616.3 614.5 610.8 608.9 606.7 603.3 599.9 598.5 597.4 596.2 594.6 591.8 589.5 587.3 585.6 582.7 583.4 582.5 582.4 581.3 580.6 580.2 578.7 577.7 576.4 574.9 572.5 571.7 569.4 569.3 567.3 566.5 566.1 566.7 567.4 566.3 563.9 562.7 561.4 559.4 560.6 561.6 560.1 557.1 553.8 552.4 551.4 551.2 551.6 549.1 544 540.2 536.7 534.5
724.2 719.1 715.5 714 711.5 711.8 712.5 706.5 698.6 693.5 682.2 672.4 666.9 662.2 659 653.5 651.2 647.5 642 636.1 633 632 628.9 626 619.8 620.4 616.2 612.6 608.9 605.6 604.5 602.2 599 597.5 594.8 591.6 588.5 585.9 585.8 585.3 583.1 580.5 579.5 580.1 577.7 577.8 577.2 576.8 575.3 573.4 571.2 573 571.9 572.7 571.3 571.7 569.7 570.2 571.5 570.2 568.3 565 562.5 561.4 560.4 560.4 559.2 557.8 556.7 554.4 553.1 552.3 552 549.1 543.9 539.7 536.9 536.1
723.3 716.8 712.1 709.8 708.5 707.1 708.8 704.2 701.8 695.9 686.4 680.6 672.2 665.4 662.2 661.8 658.7 655.6 647.5 641.6 638.6 635.7 631.3 627.1 624.5 624.9 623.8 619 613.3 610.4 607.7 607.9 600.9 598 596.7 593.4 591.9 589.9 588.6 586.9 584.9 580.8 579.6 579.5 577.3 575.9 574 575.5 573.7 574.7 574.9 575 574.7 573.1 574.2 573.5 573.2 573.9 574.8 574.3 571.1 568.5 563.8 562.2 560.8 559.3 558.6 557.7 556.4 555.3 554.3 553.1 551.5 548.4 544.5 540.7 539.2 537.8
721.3 713 707.7 705.4 703.4 702.9 705 704.2 703.1 698.7 692.3 693.2 684.1 675.3 668.5 667.5 664.1 660.3 653.9 647.8 642 638 631.8 630.9 627.5 629.3 628.3 623.7 616 615.2 615.4 610.4 603.8 602.8 601.5 598.9 596.6 594.4 591.7 588.4 586 584.3 582.5 578.8 579.7 577.9 575.1 572.6 576.1 576.2 576.1 575.9 575.8 574.5 575.6 574.5 575.2 576.7 577.1 576.1 574.9 569.2 565.3 563 561 560.1 558.7 556.9 556 554.8 553.6 552.4 551.1 547.9 544.2 542.1 540.4 539.1
716.7 709 703.8 701.1 698.8 699.2 701.3 703 702.3 699 697.1 695.2 691 685.8 673 669.8 666.1 662.1 657.6 652.9 646 641.3 637.4 634 632.3 633.9 632.6 628.8 622.2 623.8 620.7 613.4 608.6 609.2 608.5 603.9 600.1 596.9 594.4 590.1 587.4 585.1 582.5 580.1 579.2 578.8 577.1 576.9 576.7 576.7 576.5 576.8 575.8 575.6 575 575.9 576.8 578.2 580.2 580.3 576.8 570.5 566.4 564.7 562.2 559.4 557.1 556 555.3 554.1 553 551.8 550.3 548.6 545 543.1 542.6 541.3
713.1 703.8 699 696.3 694.9 694.5 697.9 699.9 700.3 699.5 698.1 698.1 702.3 696.6 686.4 675 670.5 667.4 661.4 656.8 650.8 645.2 640.6 635.9 636.5 638.4 637.3 633 631.5 630.6 624.4 617.6 621.2 621.5 619.8 614.8 607.5 601.1 596.2 591.5 588.3 586 583.1 581 580.8 578.4 578.2 577.3 577.1 576.8 576.9 576.8 576.5 576.3 576.7 576.7 577.5 579.3 582.8 583.6 579.2 571.6 567.7 566 562.9 559.6 556.6 555.5 554.1 552.8 551.6 551.1 549.3 548.4 545.7 544.3 544.9 543.2
709.8 699.1 693.5 690.7 690 689.5 691.2 695.9 699.4 698.3 699.5 700.1 701.3 701.1 697.3 690 686.7 675 667.8 661.2 655.4 649.7 641.7 641 641.8 642.7 641.6 640 638.9 634.9 625.5 627.4 629.6 631.2 630.1 623.5 614.9 606.1 599.3 593.7 589 584.2 583.2 581.8 580.7 579 578.4 577.7 576.6 576.4 576.8 576.4 576.3 577.1 576.4 577.5 578.4 581.3 584.5 584.3 580 572.3 568.7 566.5 562.6 559.4 556.4 555.1 553.4 551.7 549.9 548.8 547.8 546.8 546.3 545.7 546.9 544.4
703.1 692.7 688.1 684.9 683.1 684.3 686.8 690.5 693.6 695.1 697.4 698.9 698.3 700.1 698.3 697 692.4 685 676 668.4 660.1 653.7 648.7 646 646.8 646.8 644.1 646.2 642.6 637.2 632 635.6 636.2 637.9 636.5 630.4 620.8 610.6 602.1 595.9 588.9 585.1 583.5 582 580.8 579.1 578.2 577.4 577 576.2 576 575.6 576.1 576.8 577.4 578.2 579 581.9 583.1 582.7 578.8 572.9 569 567.3 563.5 559 556.4 554 552.1 550.5 548.5 547.7 547.4 546.4 545.4 546.4 547.4 545.1
694.3 685 679.2 676.5 675 677.5 679.7 682.3 685.4 688.5 691 693.1 694.8 698.7 696.5 696.5 694.3 690.5 682.3 674.6 666.3 659.5 651.7 650.7 650.2 648.6 645.9 646.5 641.8 638.1 641.4 642.7 641.8 642.8 640 633.8 624.6 613.8 602.9 596.8 589.2 585.1 583.5 581.7 580.6 578.7 577.4 577 575.7 575.9 574.7 575 574.8 576.2 576.9 577.8 581 581.2 580.8 579.5 576.2 571.5 569.2 566.9 562.8 558 556.4 553.5 551.5 549.9 548.5 546.1 545.3 544.5 544.4 545.2 546.4 545.4
