public/OST50/NO39.asc
ncols 200
nrows 200
xllcorner 330000
yllcorner 790000
cellsize 50
[rows 140 to 174 of 200, columns 0 to 77 of 200]
467.6 479.4 488.1 497.1 505 507.2 503.1 489.8 477.6 465.2 442.9 427.6 412.1 401.2 392.6 388.7 386.4 384.7 383 382.6 380.6 377.9 371.8 366.6 358.3 349.5 341.2 332 326.8 321 312.4 306.5 301.3 298.7 296.5 301.8 307.4 310.7 313.9 314.4 320.2 334 345 357.2 367.9 378.8 385.3 386.7 390.8 398.6 401.8 407.9 411.9 417.5 428.2 438.7 454.4 466.9 472.5 450 433.7 427.2 419.1 398.7 381.5 367.2 358.9 351.8 344.2 340.6 335.5 330.8 327.1 323.3 322.1 322.7 322.9 324.3
466.3 476.6 485 494 499.3 504.9 503.5 496.3 484.7 465.7 446.9 429.2 409.2 396.4 385.9 381.5 379 376.9 374.1 373.3 372.8 370 364.3 357.6 352.8 344.1 336 328 322.6 316.1 309 303.8 300.4 297.1 299.2 303.8 309.9 315 320.4 324.9 329.7 343.1 356 369.2 381.4 392.6 398.4 404.4 411.5 413.4 417.1 420 423.7 429.7 437 446.3 459.2 470.4 468.1 444.6 434.2 432 414.4 395.6 379.8 366.6 356.7 350.3 344.3 339.6 336 331 327.6 327.5 328 328.1 328.3 328.8
466.5 474.3 484.2 489.7 496 503.4 501.7 501.6 494.8 472 450.8 429.9 408.3 395.5 383.5 374.2 371.7 368.6 365.7 364.4 363.3 361.6 357.5 350.4 345.1 339.1 330 322 317.3 311.8 305 301.5 299.1 297.5 299.8 304.2 311.3 315.8 323.1 331.2 339.3 351.8 364.6 379.8 390.2 400.7 414.1 425.2 427.7 432 433.6 432.5 434.8 440.7 445.3 456.7 461.1 461.8 456.9 445.2 432.3 427.9 415.6 395.3 377.3 365.5 356.2 349.7 344.3 340.5 334.5 332.7 332.5 332.2 333.2 332.8 332.7 334
466.8 473.2 483 483.6 490.2 497 499.4 500.4 494.5 475.4 456.9 433.6 413.4 393.7 383 369.2 365.4 361.3 359.6 358 355.7 352.3 348.5 343.7 338.5 331.8 323.4 315.5 313.3 307.8 301.5 300.4 297.4 297.9 301 304.2 312.1 322.6 321.3 333.9 345.7 357 370.3 383.4 395.4 409.6 429.1 440.6 445.7 447 446.8 449.5 448.1 450.6 455.2 459.5 460.1 459.4 459.1 444.6 431.9 430.2 410.2 391.6 377.4 363.8 357.2 352.1 345.4 340.2 339.1 336.9 336.6 337.6 337.8 337 339.2 339.7
467.1 472.6 477.1 479.7 484.8 493.1 496.6 497.7 491.8 481 461.6 438.1 414.7 396.8 384.1 367.7 360 355.7 350.6 349.5 347.6 346.1 341.8 336.9 331.9 323.9 316.4 310.4 307.7 303.4 300.7 299.5 298.1 299.4 302.3 305.8 310.2 321.4 327.4 338 347.8 358.5 372.7 386.4 400.8 419.1 440.9 453.2 463.7 466.4 466.6 463.3 462.7 463 461.9 460.8 460.5 460.2 451 440.3 425.1 420.6 405.7 389.7 374.4 364.6 359.8 353.9 347 345.2 342.8 341.1 342.6 342.8 343.1 343.2 343.2 345.5
465.4 470 472.4 473.9 475.4 486.2 493.4 494.6 490.6 481.3 463.7 438.4 419.3 402.8 385.5 367.2 355.8 352 347.7 343.2 341.2 339.1 335.9 330.4 323.7 317 311 307.6 305.1 301.9 299.2 299.2 299.7 302 306.5 309.8 318.5 327.4 331.6 340.1 351.4 360.6 373.3 388.6 406.1 425.5 446.3 463.1 477.8 482.1 480.2 478.5 472.9 471.3 466.8 463.9 460.5 457.3 442.3 431.1 421.9 416.7 396.4 383.5 372.3 368.2 361.2 355.7 352.2 349.3 347 347.3 348.1 348.4 347.9 347.1 347.5 349.6
459.7 462.9 465 463.4 468.1 478.9 484.8 487.9 485.9 474.4 455.5 439.1 418.2 404.8 387.8 369.2 360.4 350.3 345 339.9 335.9 331.2 328.2 321.6 318.8 311.8 308 306.5 303.1 300.5 299.8 300.9 302.7 306.3 310.1 314.9 322.1 329.6 336.1 343.7 354 362.8 374.3 391.1 409.3 431.2 452.5 469.7 487.5 493.7 492 487.4 479.9 474.6 469 465.5 462.7 453.6 438.4 423.4 408.1 401.9 390.7 381.6 377.7 370 363.2 359.1 357.2 355.3 353.2 354.4 353.2 352.2 351.2 351.4 350.7 352.9
450.6 453.1 455.5 457.6 460.9 470.5 476.5 478 478.7 469.9 454.2 440.3 422.4 402.9 386.7 371.7 362.2 351.8 343 338 334.8 330.6 323.8 316.3 311.8 310.9 307.6 304.1 302.5 302.9 299.7 301.9 305.9 309.5 314.1 318.7 325 331.5 338.9 346.8 354.5 363.8 376 392.8 415.8 438.1 457.5 476.3 490.6 498 493.7 492.4 484.3 476.9 470.2 465.1 463.3 452.5 430.6 415.9 402.8 396.3 388.4 383.7 375.1 371.7 366.1 364.6 361.7 362 359.8 357.9 356.6 355.2 354.4 353.7 354.5 355.7
440.8 446.4 448.3 450.9 454.9 461.3 464.9 467.9 469.2 466.7 456.9 443.3 424 406.2 388 376.2 364.7 354 344.9 337.3 334.6 330.8 321.4 314.7 309.9 312.9 308.6 305.6 304.9 304.3 302 303 308.3 312.8 317.1 321.6 326.8 333.7 340.9 348.9 357.3 368.4 378.8 395.4 417.9 438.7 459.9 476.5 490.6 496 498.5 493.2 485.5 480.2 473.9 468.4 461.3 447.3 426 412.5 403.1 394.1 386 382.4 377.7 374 370.3 368.7 366.8 365.3 364.3 362.2 361.1 360.6 359.2 358.1 358.5 360.3
431.6 438.2 441.9 443 445 451.6 455.7 456.9 462.5 461.2 450.6 441 425.5 407.4 392.4 381.2 368.8 357.3 347.8 340.6 335.8 328.6 320.5 313 309.2 307.8 306.7 306.5 305.5 302.1 304.2 306.4 312.2 316.3 320.3 324.2 329.8 335.5 343.1 351.6 361.1 370.6 382.7 398.8 418.3 439 459.9 474.9 489.4 495.4 499.2 499 490.7 484.9 478.8 471.5 458.7 443.2 419.8 409.6 401.7 396.5 392 385.3 380.8 377.1 375.5 373.6 371.1 368.2 367.3 366.6 365.9 364.9 364 363.6 363.8 364.6
422.3 428.7 433.5 437.3 439 440 444.6 448.6 452.3 452.2 448 441.5 426.2 408.6 397.6 386 371.5 358.4 349.1 343.3 335 328.1 318 311.5 308.7 310 309.7 308.2 305.3 306.3 308.2 312.3 316.2 319.7 323.4 327.6 332.6 339.3 346.1 354.4 364.4 374.2 387.3 401.3 419.9 440 457.1 473 483.2 494.4 499.6 498.2 493.5 487.1 482.4 467.7 455.8 434.6 418.9 412.1 406 400.9 393.3 388 386.8 382.9 382 378.9 375.2 373.7 372.4 372.6 370.7 368.6 367.1 368.2 368.8 367.7
412.2 420.1 429 433.7 433.9 435.8 438.5 445 448.4 450.4 448.2 446.1 434.7 420.8 405.1 393.6 382 366.7 353.3 343.7 334.5 328.7 316.7 310.8 309.3 309.1 308.8 308.2 307.1 309.7 312.5 315.7 319.9 323.1 327.1 331.8 337.5 344.4 350.9 359.1 367.8 379.3 391.4 404.8 421.3 439.9 456.6 469.1 480.2 492.8 502.5 499.6 493.1 490.7 482.9 464.9 444.8 431.1 422.2 413.8 405.5 400.3 395.6 394.5 392.9 390.5 388.4 386.4 383.7 381.5 381.6 379.5 375.8 373.5 371.7 371.2 371 369.8
403.7 411.1 420.3 426.5 428.2 429.3 432.3 436.3 442 447.1 447.9 449.5 438.6 426.4 412.4 399.6 388.2 373.5 359.8 348.8 337.3 327.8 319.1 312.5 309.5 307.6 308 307 309.4 312.6 315.9 319.5 323.5 327.2 331.7 336.8 343.2 350.1 356.6 364.2 372.4 384 396 410 424.2 438.5 452.7 465.7 479 494.3 499.7 500.3 493.4 490.3 483.2 467.2 447.1 432.8 423.7 414.2 408 403.5 401.6 401.5 399.6 396.7 396.1 395.5 394.1 391 389.7 385.6 381.7 377.4 374.7 373.6 373.4 373.4
395.7 402.9 413.4 419.8 422.1 424.4 425.8 430.3 435 440.7 443.3 444.7 440.2 427.2 416.4 406.9 393.4 380.5 363.6 350.1 337.4 327.1 318.7 312.3 308.7 307.6 306.8 307.1 311.7 316.4 320.8 322.8 327.3 333.1 338.9 344.2 349.4 356.4 362.5 370.2 378.6 389.9 402.4 414 426.8 441.4 453.1 463.6 477.5 492.1 499.1 497.9 498.2 494.9 487.8 470.8 452.1 435 423.1 415.9 410.7 409.4 408.4 407.7 406.5 405.5 404.9 403.7 403.1 400.1 394.1 388.6 383.7 378.1 377.7 375.4 375.7 376.1
389 397.2 407.9 412.8 416 417.3 420.2 423.3 427.8 432.3 435.2 438.2 436.6 429.5 418.4 406.9 393.4 379.3 364.3 349.2 335.9 325.9 317 311.8 307.7 307 307.1 309.8 315.1 319.7 325.3 329.7 334.7 341.1 345.7 351.2 356.5 362.2 369.1 377.9 386 397.4 409.2 420 432 444.3 456.7 469.6 478.2 488.4 496.4 499 497.4 491.9 484.4 467.4 449.4 435.2 424.7 420.8 419.2 416.4 417 416.7 415.7 413.8 411.5 411 408.3 403.9 399.2 392.5 383 379.7 381 379.7 378.7 377.5
383.7 391.2 400.5 405.9 408.7 411.8 414.7 417.5 420.5 423.9 428.9 432.7 428.3 422.3 412.2 402 391.8 377.8 362.5 345.7 332.6 323.2 315.6 311.6 309.1 307.7 309 312.3 317.6 324 330.8 337.4 343.1 348.9 353 357.7 363.3 369.4 377.1 386.2 394.7 404.9 415.5 424.9 436.3 450.8 465.8 479.4 486.4 488.1 492.5 499.2 496 494.9 489.2 472.3 453.9 442.1 433.4 430.3 428.9 430.5 431.6 429.5 426.6 426 431.1 428.6 423.9 414.2 407.1 396.2 385.6 383.9 383.7 380.8 379.1 377.3
379.7 383.6 391.7 396.5 401 405 408.8 411.8 414.1 417.9 421.2 423.9 422.6 415.5 408.2 400.2 389.4 373.9 358.7 341.8 330.2 320.9 315.2 312 310.2 308.3 309.9 313.8 320.8 329.6 336.5 344.4 350.7 356.8 362.6 369.5 374.4 377.8 385.6 394 403.7 413.1 422 431.5 447.2 459.5 475.8 491.7 497.5 495.7 497.9 501.6 508.4 502.7 499.5 478.8 460.9 449.3 447.3 446.3 450.9 455.5 450.5 446.1 449.9 452.5 448.1 444.9 438.6 428.7 411.2 400.8 392.8 386 383.9 380.5 376.8 374.5
375.6 379.4 385.6 391.3 394.9 397.7 403.1 406.2 408.1 410.9 413.5 416.5 415.4 412.9 405.1 394.6 384.2 368.7 355.8 340.4 329.2 318.9 315.1 312.4 310.8 308.5 312 316.2 325.6 333.6 342.3 350.1 358 369.2 377.4 381.1 385.2 389.7 396 404 411.8 419.5 428.2 438.2 453.6 469.6 488.3 505.6 505.5 514 512.9 510.3 509.6 507.5 496.7 481.8 470.8 464 465.8 472 473.3 467.3 464.1 469.6 474.1 472.4 469.5 462 451.2 437.5 421.3 403.1 393.9 388.3 382.7 379.1 374.1 369.9
372.9 374 381.4 387 391 393.9 397.4 400.8 403.1 405.5 407.6 410 409.3 405 397.8 388.9 377.6 362.2 350.3 337.9 327.3 319.2 315.1 312.9 311.8 310.4 314.2 321.3 330.2 340.2 350.1 362.2 377.6 384.1 389.8 393.6 399.5 402.6 405.8 412.1 418.1 424.8 431.9 447.7 466.4 487.4 505.4 519.7 533.6 542 526.5 521.2 513 508.5 500.6 491.3 481.1 481 484 482.8 481 478 485.9 499.4 498.9 493.8 485.1 477.4 459.7 439.5 421.2 401.6 391.6 387 381.6 376.2 371.9 366.4
368 369.4 378.5 383.3 387.1 390.3 393.6 395.4 397.7 399.7 401.5 402.2 401.7 398.6 390.5 380.6 370.2 358.1 347.5 337 325.9 319.6 315.5 313.4 311.9 311.2 316.8 324.6 333.7 344.3 356.6 373 387 393.1 403 410.1 415.3 416.2 418.8 420.7 426.3 430.6 441 460.3 480.8 499.3 521.2 536.4 548.6 550.1 542.3 527.7 522.8 514.8 503 495.6 492.3 488.8 490.6 489.2 487.6 491.7 507.5 520.6 519.3 508.9 491.3 475.4 452.9 434.4 416.9 397.2 391.2 385.2 379.3 374.1 369.5 363.7
363.8 368.4 374.3 379.5 383 386.1 389.8 392.8 392.2 392.7 393.4 393.3 391.5 386 380 374 363.5 354.2 344.9 333.9 325.5 320.1 316.3 313.8 311.7 313.4 317.5 326 335.7 347.1 360 376.9 392.7 408.6 418.4 429.7 435.6 436.6 434.8 433.2 434.6 440.8 454.6 472.9 493.1 511 531 548.4 557.6 561.4 548.9 532.7 522.7 514.2 507.5 507.1 504.6 497.8 496.3 493.9 496.9 506.1 524.4 538.4 518.7 498.8 487.8 466.1 442.6 420.1 403.2 395.3 389.8 383.9 378.3 373.1 368.6 362.2
360.3 364.4 369.2 375.4 377.8 380.8 383.7 386.2 385.7 385.9 385.7 384.8 382.8 378.9 373.8 367.5 359.9 351.4 341 333.6 327 320.4 317.4 314.7 313.2 314.6 318.4 327.2 336.9 348.2 362.7 380.8 400.6 416.3 431.8 445.3 452.6 454.6 454.6 453 454.1 458.3 466.1 478.2 499.8 518 537.4 550.9 559.2 554.8 541.8 531.3 523.9 517.4 512.8 517.2 509.2 504.4 504.4 502.3 504.4 516.3 527.4 525 504.1 487.4 471.8 449.6 426.8 414.3 404.1 394.7 389.7 383.2 376.7 371.3 365.9 360
355.1 357.4 361.1 366.8 372.2 375.1 376.6 378.8 378.2 378.8 378.1 376.5 374.8 372.3 368.5 362.6 353.8 347.4 339.8 332.8 326.9 321.1 317.7 313.7 314.3 315.7 319.4 328.3 338.5 351.3 365.6 384.2 403.3 420.5 436.5 454.7 466.4 469.4 474.9 480 481.1 482.1 484.6 490.3 499.4 518.8 535 546.3 549.6 546.9 539.2 531.6 524.9 522.1 520.1 519.8 511 509.8 509.7 508.6 508.5 509.6 507.1 499.9 486.8 471.3 453 436 418.9 411.5 402.3 395.1 388.1 380.7 375.2 369.3 364.1 359.8
350.5 353.6 357 360.5 365.9 370 371.1 371.9 371.2 371.5 370.6 370.1 367.4 364.6 361.3 356 350.3 346.5 338.4 333.7 325.9 320.1 317.9 312.9 315 317 321.1 329.6 340.2 353.1 366.8 384.2 403.9 422.4 443.4 463.2 474.1 482.3 493.7 501.2 505.4 509.4 505 502 500.4 508.6 524.8 536.5 540.8 542.4 534 535.1 528.6 525.9 519.4 517.7 516.3 514 513.2 510.5 507.3 504.8 504.3 488.4 475.6 462.8 445.1 429.7 418.6 411.1 401.5 393.8 386.9 381.7 375.9 369.6 364.8 358
346.7 350.4 352.3 354.8 361.9 364.1 366.5 365.8 366 365.2 363.9 362.3 360.4 356.6 354 350.6 346.5 342.6 336.4 330.4 324.9 320.6 318.3 315.3 315.7 318.6 322 330.6 341.1 353.1 367.8 382.6 403.6 423.9 445.9 463.2 475.7 488.9 500.6 511.1 515.9 516.5 513.1 509.3 502.8 503.6 510.2 520.6 528.9 530.2 529.3 525.4 523.7 520.7 519.3 519.2 519.3 518.8 515.4 511 506.2 501 492.3 482.6 475.6 463.8 446.2 432.5 419.1 409 402.4 394.7 389 382.4 375.9 370.1 364.4 359.2
342.9 345.4 349.3 350.6 355.7 359 360 360.1 357.9 357.9 355.2 353.2 352.7 350 346.7 343.7 340.2 335.3 330.8 326.8 324.1 321.7 319.7 317.4 316.4 319.5 323.6 330.9 341.9 352.1 365.9 383.2 403.4 423.4 439.8 460.1 476.5 488.4 499.2 508.8 513.5 517.5 513.6 508.5 500.7 498 498.2 505.3 513.3 518.2 519.3 522.4 522.3 518.2 517.1 518.4 522.3 521.7 514.6 509.1 503.2 495.9 485.6 480.5 473.6 465.2 449.6 434.2 419.4 410.1 401.7 394.2 387.5 379.7 375.3 369.7 364.6 360.5
341.7 340.8 344.1 346.3 352.2 354 352.3 353 353.1 350.3 349.1 346.7 343.4 340.3 336.6 333.7 331.7 328.8 326.1 325.1 323.2 322.3 321.3 318.5 317.4 321.4 325.3 331.7 341.1 351 365.1 382.7 404.3 421.8 439.3 459 473.7 486 499.7 506.8 509.7 510.7 504.9 499.9 493.8 490.4 490.2 494.1 500.6 507.9 513.9 513.1 512.9 511.6 513.1 515 520.4 518 511.1 504.8 494 486.8 479 473.3 467.8 461.6 446.3 432.3 420.7 409.9 402.5 395.8 389 383.6 377.3 372.5 366.9 364
341 338.1 338.6 341.7 346 346.1 346.7 345.7 346.1 344.5 342.2 340 337.1 333.9 330.8 326.9 324.7 322.8 322.7 322.5 322.4 321.8 321.3 317.7 318.7 322.6 326.2 332.1 341.1 353.3 364.4 382.5 400.9 420.7 439.1 457.8 473.9 485.4 496.2 501.4 499.2 497 491 489.1 486.2 483.6 484.5 488.1 492.6 498 499.6 499.8 499.8 503.1 506.5 509.2 514.3 513 504.5 497.3 488.8 481.1 474.7 467.7 461.7 452.2 442.7 432.4 422.3 413.7 405.3 400.7 393.3 387.8 381.3 375.3 371.5 368.3
339.6 337 336.1 337 339.5 340 340.4 340.3 339.9 339 337.2 335.5 332.5 329.6 326.7 324.3 322.6 321.8 321 320.7 320.6 321.6 320.1 317.6 321.2 323.5 326.8 333.1 342.3 353.4 367.3 381.4 398.7 418.5 437.7 455.4 471.4 483.1 490.7 492.7 489.4 481.3 476.5 477.4 475.4 473.8 477.1 480.8 485 488.7 490.5 491.3 493.6 497 501.1 504.5 510.1 514.7 509.7 498.9 487.2 479.4 472.2 465.9 459.3 452.5 443.3 432.4 423.6 417.6 410 404.3 398.7 392.2 386.2 380.8 376.6 371.8
338.7 336.1 334.6 333.8 334 335 334.1 335.1 334.6 333.5 332.1 330.7 328.6 326.5 324.8 322.9 321.7 321 320.7 320.4 320.3 319.5 317.7 320.5 322.5 324.2 327.2 334.1 342.9 353.7 365.4 380.7 396.6 416.4 435 452.9 468.7 480.5 484.7 483.2 479.1 470 463.8 464 462.9 466.2 469.7 473.5 475.8 479.1 482.5 485.5 489.2 492.3 497.6 503.4 513.8 520.5 508.8 498 487.6 480.9 474.5 466.2 459.4 451.5 445.4 439 430.1 423.1 413.2 409.1 404.3 399 393 386.2 379.9 373.6
337.6 335.3 333.7 332.5 331.5 331 330.7 330.7 330.8 330.5 329.5 328.7 327.3 325.2 323.4 321.7 321 321.1 319.6 320.5 319.8 318.4 319.9 321.6 322.7 324.4 327.5 333.8 342.1 351.7 363.3 378.7 395.8 414.2 433.5 450.7 466.1 476.7 476.7 474 465.1 458 452.4 451.5 453.4 458.8 462 464.4 466.6 469.9 474 479.4 484.3 490 496.2 510 519.2 521.4 510.1 500.7 490.6 483.2 477.2 468.7 463.6 458.6 449.2 440.1 433.4 426.3 420 415.5 410.2 405.1 399 389.1 383.2 374
336.3 334.2 332.7 331.7 330.7 330.5 329.6 329.2 328.5 328.9 328.7 327.5 325.7 323.9 323.1 322.6 322.2 321.6 321.5 319.8 319.3 319.4 320.1 321.6 322.7 324.5 327.3 332.3 340.4 350.4 362.7 377.4 395 412.9 431.2 446.9 458.4 462.6 463.9 458.2 452.1 445.8 440 442.1 446.3 450 451.5 454.6 457.9 462.9 468 474.2 480.9 488.6 498.1 509.5 522.3 521.7 519.7 511.8 504.1 495.4 484.8 478.9 471.7 462.1 453.3 444.4 438.5 433.6 428.6 423.7 417.4 411.4 403.4 392.4 383.9 374.4
334.9 333.1 331.6 330.1 329.9 329.8 328.8 328.7 327.9 326.2 325.7 324.8 324.5 324.4 324.8 324.9 324.2 323.4 322.5 321.5 320.4 319.8 320.6 320.8 322.8 324.7 327.1 331.8 338.6 347.7 360.5 374.9 393.1 411.3 425.6 435.9 442.4 447 449.7 442.5 436.4 431 429.8 431.8 436.3 439.4 443.1 447.1 451.9 457.6 463.8 471.2 478.7 487.7 505.8 513.8 522.4 531 533.3 539.8 520.2 502.6 495.1 489.7 481.5 472.5 463.4 454.1 447 440.9 436.1 430.7 424.6 416.7 405.5 394 384.5 375.7
333.5 332.5 331.5 330 330.2 330.5 329.8 329.3 328.6 328.1 327.6 326.8 327.1 327.4 326.9 326.1 324.7 324.2 323.2 322.2 321.5 321 322.4 323.2 323.3 324.5 327.3 331.1 335.7 344.3 355.8 370.5 385.1 398.9 409.4 417.7 423.4 426.3 425.5 423.6 421 418 420.3 423.1 427.9 432.5 436.9 442.4 447.3 454.2 461.3 470 479.4 494.3 509.7 517.6 531.9 544.3 550.9 541.6 524.8 516.9 520.3 506.1 496.4 484.3 475.4 464.1 456.7 449.2 444.2 438.7 431.1 419.2 409.4 398.1 387.7 378.7
333 332.2 331.1 331.1 331.2 331.1 330.7 330.2 329.7 329.4 328.9 328.5 328.7 328.3 327.4 325.4 325.5 325 324.2 323.4 323 323.4 324.2 325.1 325.6 326.1 327.5 329.9 334 341 351.5 361.3 370.9 378.6 387 395.6 401.3 404.5 407 407.6 407.5 407.8 410.4 414.8 420.8 425.3 431.1 436.4 443.7 451.2 460.5 469.9 489.7 502.3 512.7 526.4 541.9 556.2 553.6 546 544.5 551.7 552.2 524.3 508.5 500.7 485.2 473.5 464.9 458 451.8 444.6 436.6 425.7 415.1 402.4 391.3 381.7
