public/OST50/NO39.asc
ncols 200
nrows 200
xllcorner 330000
yllcorner 790000
cellsize 50
[rows 0 to 34 of 200, columns 78 to 155 of 200]
339.6 347.1 353.9 361.2 370.1 381 396 413.9 431 450.5 467.5 485.9 505.4 521.6 523.5 511.2 495.2 486.8 476.3 466.8 456.4 447.4 439 431.9 427.7 427.9 430.3 432.4 433.6 434.4 431.7 429.4 426.6 425.2 425.1 425.7 427 427.9 430.1 433.3 438.3 443.5 450.3 458.3 467.6 474.2 473 470 465.4 459.4 451.4 448.2 445.7 442.1 438.2 433.1 428.8 421.7 419.1 415.1 414.2 426.2 432.8 435.4 440.8 443.8 444.7 439 429.5 413.7 400.8 386.6 379.4 373 366 353.8 333 346.2
331.5 335.5 340 345.6 350.4 361.9 382.2 404.5 423 443.9 460.7 478.9 497.1 514.4 516.3 508.1 492.5 480.1 470.7 461 451.9 442.6 434.2 426.3 419.8 417.7 420.5 425 427.4 427.7 426.1 424.7 421.9 420.8 421 421.8 423 424.6 427.8 432.6 437.9 443.7 451.8 459.6 469.1 476.8 475.1 472.7 468.6 464.5 456.1 451.8 449.3 446.2 442.1 439.9 437.6 434.4 428.8 423.9 414 408.1 407.5 414.5 425.3 430 431.7 428.2 419.2 404.9 389.6 368.7 359.4 353.9 342.3 336.6 333.3 334.3
321.9 327.1 328.1 333.8 339.6 346.9 368.4 392.1 414.7 436.4 454.4 471.5 490.8 506.2 509.9 505.1 490.1 475 463.6 453.8 446.3 438 429 421.1 414.8 410.9 408.3 415.5 421.8 421.8 420.5 419.7 418 416.6 417 418.1 420.1 423.8 428.3 432.5 438.2 445.4 453.1 462 469.9 479.1 480.7 476.9 472.6 466.3 459.4 456.8 454.4 448.9 445.1 442 440.6 439.3 436.8 433.9 429.9 424.8 418.9 402.8 399.2 410.3 415.9 415 408.5 396.3 376.1 355.1 355.7 349.7 344 340 328.4 324.6
311.7 317.6 321.7 325.7 332.6 341.5 357.5 380.5 405.7 428.2 447.8 465.8 481.8 496.7 505.3 501.2 485.2 468.6 455.6 445.6 439.1 430.3 423.9 417.5 410.6 404.2 402.2 407.6 411.6 415.2 416.2 414.9 413.4 412.3 413.1 415.6 419 424 428.2 434.3 441.4 447.4 455.4 463.4 472.3 479.6 482.5 481.7 477.5 470.7 464.1 458.1 455.7 452 446.5 443.4 442 441.3 440.2 437.9 434.4 431.5 428.8 424.3 412.8 400.5 394.9 395.8 396.5 374.7 375.9 380.7 377.2 374.8 370.9 361.1 350.3 325
301.1 306.3 313.3 317.8 324.4 334.4 347.9 370.8 395.5 419.8 440.4 459 475 487.6 498.7 494.5 475.7 459.9 450.2 439.6 432 423 417.8 411.8 405.2 399.9 397.1 400.9 405.3 409.2 410.1 409.3 408.1 408.1 410.9 415 419 424.1 430.3 437.3 444.2 450.3 458.1 466.7 475.3 481.1 486.3 487.1 485.3 477.8 470.7 462 459 455.8 449 445.9 444.9 444.3 443.4 441.3 438.4 435.1 433 430.8 426.4 420.9 414.5 402.2 397.6 397.8 396.2 392.3 387.5 384.8 380.6 372.2 357 333.3
290.5 297.2 302.2 308.4 313.9 324.9 339.5 361.4 384 408.6 433 451.2 464.5 476.8 487.2 482.8 465.9 454.3 444.9 434.9 425 416.3 407.8 403 396 392.5 391.9 395.6 399.2 403.3 404.7 404 403.3 405.9 410.8 415.3 421 427.6 433.3 440.7 447.7 454.8 461.3 470.1 477 482.8 486.6 489.6 489.4 482.9 475.9 469.6 462.5 458 452 449 448.4 447.7 446.6 444.5 441.7 438.7 436.5 434.9 431.7 429 427.4 423.7 419.6 415.7 409.2 402.5 396.6 391.7 386.6 380 364 344.2
281.8 286.4 290.6 297.6 301.9 313.9 330.2 349.4 373.3 396.5 421.5 443.4 454.7 460.5 473.7 468.3 456.7 444.5 436.7 425.1 415.8 406.8 399 391 386.1 386.8 386.2 389.7 393.2 397.2 398.7 397.7 402 406.9 411.8 417.7 424.5 431.4 437.8 445.2 451.7 457.3 464.2 472.7 479.9 485.2 488.7 491.3 490.2 489 485 476.7 470.6 464.6 457.8 453.5 452.2 450.8 449.5 448.6 446.4 442.9 440.3 438.8 437.2 435.6 434.3 431 426.9 422.3 415.6 408.1 402.2 396 390.9 385.4 371.9 350.8
269.2 269.9 273.1 280.3 289.2 300.8 318.3 337.2 360.5 383.3 409.9 430.7 440.3 442.7 449.8 451.9 443.3 434.4 425.9 413.4 404 392.6 384 379.4 378.9 379.7 380.9 384.5 387.1 388.9 390.7 399.2 403.7 408.7 414 421.5 429.4 437 444.2 450.9 457.2 462 467.7 475 481.9 488.4 493.1 494.5 494.7 493 487.9 483 477 470.9 464.8 460.4 458.1 456 455 453.2 451.2 448.4 445.8 444.4 442.9 441 441 439 435 430.3 422.9 414 405.9 398 392.7 387.6 376.8 356
268.2 267.2 266.2 266.2 271.1 282.2 303.7 325.2 346.7 371.8 395.8 417.5 426 424.8 424 427.8 428.2 421.7 410.7 399.5 389 379.7 372.5 371.8 372.1 373.8 375.2 375.3 384.4 391 396.5 400.7 406.6 412.5 420 429 437.4 445 451 458 462.9 469 474.8 481.7 486.6 491.9 497.4 497.7 498.9 496.9 493.7 487.4 482.5 477.1 473.9 469.4 467 464.4 461.7 460.1 458.1 455.1 453.7 451.1 449.3 447.6 450.8 450.5 444.1 437.1 428.8 418.1 408.1 399 392.6 387.5 379.7 361.8
265.9 265.3 265.3 264.3 263.8 267 283.9 310 334.7 360.2 382.5 405 411.7 408.7 403.8 399.9 403.3 398.7 390.1 380.1 372.5 366.3 363.8 364.5 364.1 364.9 375.5 381.7 387.1 393.3 400 405.9 412.2 418.9 428.7 437.7 445.6 452.6 458.7 465.5 470 476 483.9 488.6 491.9 495.6 501.7 504.4 505.2 504.8 500.3 495.1 490.4 487.3 485.5 482.5 478.5 475.6 473.6 471.3 467.5 463.3 462.3 460.5 459.2 459.5 457.8 454.5 448.3 440.4 431.4 420.2 409.4 398.5 391.2 386.4 380.2 366.4
264.9 265.2 263.4 262.8 262.8 262.5 269.1 296.2 322.7 346.8 369.6 389.4 394.1 393 385.9 383.2 377.5 375.7 370.5 364.4 358.2 356.2 355 355.1 365.6 373.3 381.3 388.6 395.4 401.4 407.5 412.3 418.6 427.2 437.6 447 454.9 461.5 466.7 473.1 477.3 485.1 491.9 495 497.5 501.8 507.5 511.6 513 510.9 507 503 500.9 498.3 496.7 495.2 493 489.5 487.1 485.4 481.1 473.9 472.2 473 472.7 473.6 467.4 460 452.9 443.4 432.5 420.7 408.9 398.8 390.4 384.1 378.6 365.4
263 262.8 263.7 263 262.6 261.9 261.5 282.1 311.4 336.7 358.1 374.5 377.9 376.1 370 364.2 360.8 356.1 351.6 348.4 345.8 346.1 355.8 362.5 372.4 382 390.4 397 404.1 410.1 414.5 420 425.5 435.5 445.8 455.1 462.2 468.6 474.9 479.4 485.7 494.3 498.8 502.4 505.4 509.1 513.4 519.3 524.4 521.1 516.9 512.1 508.9 509.8 510.1 506 503 500.7 500.7 497 492.3 485.2 481.8 482.3 483 480.4 475.2 466.5 456 444.4 433 421.8 410.1 398.4 389.7 383.2 376.6 366.8
284.8 277.5 268.1 261.8 261.1 261 260.8 269 302.3 325.9 347.5 360.9 361.6 358.8 354.5 349.3 345.4 344.6 333.6 338.2 348 355.2 364.4 373.8 382.7 392.3 399.2 406 413.5 418.1 421.4 426.5 433.5 443.6 453.9 462.8 469.8 476 480.7 487.1 496.5 502.7 507.1 510.7 513.4 517.1 520.8 526.6 531 527.6 523.4 521.4 520.4 519.3 518.6 514.9 509.7 509.2 510.1 508.7 503.7 495.4 491.8 487.6 489.3 485.9 479.9 471.9 458.7 447.1 435.9 421.5 409.5 399 392.3 385.1 376.8 368.4
298.7 290.8 282.5 277.2 275.3 261.6 260.5 259.2 292.7 316.1 336.3 344.6 345.2 342.3 339 335.2 331.4 327 337.4 345.8 356.7 368.3 378 387 395.7 406.6 411.9 417.8 423.2 425.3 429.2 435.7 444.2 451.9 461.5 469.2 476.7 482.5 488.2 496.9 504.6 510.6 514.8 518.2 521.5 525.5 529.5 533.6 534.2 533.3 529.3 527.7 527.3 527 522.8 519.6 516.6 519.7 519.6 517.3 511.6 503 501 496.1 494.5 491.1 486.7 478.2 464.3 450.3 436.4 421.2 411.3 403.8 393.2 386.1 377.8 369.1
310.1 301.9 292.6 284.1 275.7 262.2 260.5 259 286.4 307.5 323.1 329.7 330.9 325.7 320.6 316.3 323.4 334.2 345.2 357.1 369.4 380.5 390 402.1 414 421.5 429.7 430.9 431.7 433 439.3 445.3 453.5 461.3 469.6 479.6 484.9 491.4 499.7 507.4 513.4 517.2 522.2 527.5 530.2 535.4 540.3 540.6 535.8 531.8 530.9 529.3 529.9 529.6 525.6 521.2 522.2 520.2 523.4 522.6 519.8 512.1 509.3 505 499.8 497.8 494.7 488 471.8 454.4 438.5 426.4 416.7 405.4 394.7 386.4 378.6 369.7
322.3 310.9 302.4 292.3 281.8 274.2 258.8 258.3 279.9 298.1 311 317.1 315.7 302.1 317.3 327.6 334.9 346 355.6 371.8 385.2 397.7 407.5 417 427.9 439.9 440.4 438.8 439.4 444.7 448.8 455.6 462.2 470.7 479.3 486.6 492.7 501.8 508.7 515.4 518.9 522.9 530 536.1 539.8 543.9 545.1 541.3 535.2 529.5 527.4 527.1 525.7 524.4 522.4 518.6 521.7 520.4 523.6 522.9 521.9 520.4 517.7 514.1 508.3 505.3 502.3 493.9 477.1 462 444.8 432.8 422.5 410.6 398.9 389.1 377.5 369.1
330.8 318.9 309.6 300.3 289 281.2 259.5 257.7 273.7 290.5 300.4 303.5 295.9 311.8 326.4 336.1 345.7 357.1 372.7 390.3 405.2 412.6 420.4 431.1 440.8 448.9 449.3 452.4 452.3 456.1 459.8 464.8 470.2 478 485.5 492.6 502.7 510.2 517.2 523.5 525.4 528.5 536.9 539.4 542.5 544.5 542.5 537.3 532.6 527.6 522.3 521 516.9 515.3 513.6 510.1 512.4 517 520.4 525.3 525.3 525.2 524.4 522.2 519.3 513.6 509.9 499.3 485.3 471.7 454.3 442.7 429.1 418.3 406.8 394.2 382.6 370.8
338 324.8 314.3 301 288.5 275.2 257.5 257.7 270.2 285.6 285.8 291.3 306.7 320.7 334.4 347.5 357.4 372.4 392.4 410.1 422.1 429.7 437.4 450.1 455.6 459.2 462.2 466.8 469.6 469.4 469.8 473 477.5 485.9 493.3 502.3 512.4 518.8 527.9 532.9 534 534.5 538.4 537.5 537.4 538.5 536.4 531.4 526.7 522.9 515.8 512.6 508.1 506.5 505.2 505.1 506.7 509.7 514.9 521.6 526 528.7 527.1 526.6 524.1 521 515.4 505.2 492.2 483.6 467.2 449.7 436.8 422.2 413.8 400.1 387.9 374.6
340.8 325.6 310.1 296.6 281.4 267.5 257.5 257.1 268.2 273.2 288.6 303.4 315.2 328.9 346.4 359.4 369.2 387.8 404.8 422.4 432.6 444.4 455.8 464.6 473.2 474.4 479.3 484.9 486.1 482.9 481.2 481.9 486 491.6 499.1 508.1 515.5 524.8 533.3 535.5 536.9 536 535.5 531.6 534.2 531.2 526.7 523.3 520.4 515 509.2 503.2 501.2 498.1 494.8 496.8 500.3 504.4 509.2 516.6 524 526.2 528.6 530 528.6 523.8 516.7 506.8 499.1 489.8 474.5 456.9 441.7 429.9 420.1 407.1 392.6 379.7
339.9 324.6 308.7 293.3 278.5 259.1 255.9 257.5 263.1 274.8 290.2 305.7 321.7 336.7 355.6 366.3 379.2 398.1 413.2 427.1 439.3 452.6 463.9 478.7 490.3 493.1 495.3 498.2 500.6 494.9 493.1 493.4 496.4 501.9 507.3 511.5 519.6 529 534.8 539.2 539 531.9 525.3 529 530.8 527.1 522 517.7 513.6 507.6 500.2 496.3 491.5 483.6 484.7 489.5 493.7 497 503 511.8 518.4 526.2 530.1 530.6 527.1 523.5 515.4 508.2 501.8 494 480 462.3 449 434.2 421.7 407.2 393.8 382.9
339.8 323.6 306.7 291.2 272 256.6 255.3 255.9 262.4 275.2 290.3 310.4 324.7 343.2 360.7 370.3 385.4 399.8 416.2 429.2 443.1 458.1 471.6 489.8 505.9 510 514.8 515 513.8 507.5 503.4 502.5 504.3 507.5 510.6 514.3 523.7 529.7 535.4 535.7 530.1 523 521.5 521.8 522.5 520.2 514.5 510.3 505.2 499.2 492.3 486.7 479.3 474.8 476.1 479.2 481.8 489.3 498.5 507.6 515.1 521.1 523.8 524.2 523.6 520.6 514.5 510.8 503.7 494.3 479.4 466.5 456.4 442.5 426.9 409.9 395.6 384
341.2 325.6 305.9 288.4 267.3 255.9 254 255.2 260.6 274.8 290.4 309.1 327 347.6 362 373.5 387 401.6 415.8 431.5 445.8 461.5 479.4 500.1 517.2 526 528.1 524.3 520.4 516.8 513.5 509.8 509 511.3 514.1 515.3 518.4 524 525.4 523 519.6 517.7 515.1 512.6 510.2 506.4 502.6 499 495.1 488.7 481.9 475.1 468 466.9 467.5 468.8 474.9 483 492.9 502.3 509.7 516.6 520.3 519.5 520.1 515.2 516.8 513.6 505.3 491.2 482.7 470.4 456.1 440.6 421.8 405.3 395.9 388.7
345.1 327.4 304.9 285.1 260.6 254 254.5 254.5 256.1 274.2 289.7 307.4 325.4 348.3 362.1 374.6 388.1 400.7 417.1 433.1 450 470.5 488.4 506 520.4 528.4 527.9 527.4 524.9 521 515.4 512.5 510.6 511.3 511.4 511.6 511.3 513.5 515.1 516.8 515 511.6 506.5 500.3 496.2 492.1 488.7 484.9 479.9 475.1 468.1 463.2 460 458.8 460.5 463.5 468 475.6 485.5 496.2 505.1 511.4 517 518.5 514.4 515.7 514.6 510.8 502.5 491.3 482.2 467.7 453.5 436.6 418.4 407.3 399.6 395
345.1 327.8 307.6 287.2 262 254.3 252.7 253.9 254.3 271.8 286.9 302.4 324.4 345.4 358.6 371.2 385.5 396.5 416.7 436.1 457.2 477.7 495.1 508.6 521 526.1 527.6 528.8 525.3 521 515 511.7 510.1 509.9 508.2 506.8 505.7 506.5 508.5 509.8 508.3 505 497.4 490.3 483.8 480.4 474.4 471.1 467.5 461.2 455.8 452.8 453 452.4 454.4 457.5 462.4 469.1 477.8 488 497.7 507.4 513.2 513.8 514.2 517.2 517.4 514 505.6 493.9 484.8 466.8 452.6 436.4 420.6 410.1 404.4 401.5
348.4 327.5 307.2 288 263.2 253.5 252.5 252.3 252.5 268.6 282.8 299 318.9 338.9 352.9 363.4 376.6 389.7 410.7 435.9 459.3 478.7 495.5 512.5 519.6 523 522.5 521.8 521 520.2 513.5 506.5 504.9 500.3 500.8 499.8 497.3 498.5 501.1 500.5 496.8 491.8 484.3 476.7 470.1 464.8 460.5 455.3 451 447.1 444.4 444.7 444.1 444.5 447.2 449.7 454.7 462.2 471.3 482.4 492.4 500.4 507.5 510.7 512.2 514.4 516.8 514.1 505 494.9 482.7 469.9 454.6 441 430.6 416.1 408.6 408.5
347.4 327.9 307.9 290.8 266.2 253.2 252.3 251.8 253.3 263.3 277 293.4 313.5 332.1 342.3 352.3 363.6 381.5 405 429.1 456.9 474.4 493.4 507.6 514.1 516.9 515.8 515.3 514.6 514.6 507.7 499.3 497.4 494 489.9 487.7 489.1 490.5 491.5 490.8 488.7 485.5 476.2 467.8 460.1 453.5 448.2 444.2 440.7 437 433.7 432.9 435.3 436.3 439 442.1 448.3 456.9 467.4 480.1 487.9 495.6 501.6 505.5 506.2 512 514.6 511.7 505.1 498.5 487 475 464.3 452.5 440.5 425.4 415.8 416
346.9 327.3 305.3 290.6 273.2 252.7 252.6 251.8 251.2 258.7 272.9 286.4 303.4 322 333.8 341.6 353.1 372.1 397.4 426.8 453.2 471.1 488 501.9 507.3 511 509.7 507.8 507 505.3 498.4 488.8 485.9 481.9 477.3 477.6 481.3 481.4 482.1 488.1 484.6 477.7 470.1 459.4 449.9 442.5 436.4 432.3 429.5 425.1 423.8 425.3 428.3 428.2 430.3 434.9 442.9 453 465.2 477.2 484.2 490.5 495.9 499.2 501.9 506 509.7 508.1 507.5 500.2 492.1 479 468.5 458.6 443.7 431.1 427.9 432.9
341.2 324.8 309.4 292.5 276 253.1 251.8 251.9 249.4 255.1 267.1 281.2 295.1 311.9 323.3 332.7 343 363.6 389.9 421.2 445.8 463 480 495.6 499.7 502.8 501.9 501.3 495.5 491.6 483.4 478.5 473.4 467.1 469.2 470.5 472.8 471.4 473.1 475.1 472.2 464.5 458.6 450.5 442.3 435.2 429.3 423.3 420 417.9 417 417.5 417.5 420.8 425.3 430.8 438.1 449.6 463.2 472.4 479.1 486 489.7 493.3 496.3 498 502.7 504 503.4 497.3 489.3 479.9 463.9 451.5 444.3 441.4 441.2 449.5
334.7 320.8 303.8 287.8 275.3 253.7 252.2 250.7 249.4 249.9 261.8 273.6 286.9 298.4 312.8 321.1 333.9 351.2 381 411.3 432.8 453.3 471 488.2 491.2 493.1 493.4 492.3 485.5 477.3 474.4 469.7 464.1 458 458.2 462.1 460.3 461.2 461.7 460.5 456 451.1 445.6 437.6 429.6 425.5 419.9 415.7 412.7 412.5 409.7 409.4 410.2 413.6 418.2 424.8 435.6 448 459.9 468.2 474.1 479.3 482.1 484.8 487.2 491.4 493.3 496.5 495.9 489.7 485.2 472.5 457.8 454.5 449.3 445.6 456.3 460.6
322.9 312.4 301 292.1 276.1 259.1 253.9 250.7 249 248.5 249.1 261.5 280 290.2 302.1 315.1 325.8 342 369.5 398.3 417.7 440.3 458.7 477.7 483.6 481.4 482.9 482.2 476.1 469 464.7 459.5 452.4 447.6 448.2 450.6 450.9 449.4 449.5 448.9 444.9 439.1 431 424.8 420.2 415.8 412.3 408.9 407.8 404.6 402.4 402 403.7 405.9 411.5 422.4 433.2 445.6 455.9 463.8 467.3 467.7 469.9 471.9 477.1 481.2 485 487.7 486.7 481.2 475.5 465.5 458.2 456.1 451.7 449.6 460.1 464.4
329.3 315.2 298.7 282.2 270.9 260.3 254.7 251.2 249.7 247.9 248.5 249.2 273.8 281.9 293.8 305.7 316.1 334.1 357.7 385.2 403 425.9 445.4 466.3 475.2 477.8 472.9 472.5 466.1 459.1 449.6 443 435.4 435.2 435.6 439.3 440.5 443.3 444.1 438.1 433.1 428.3 420 415.8 412 407.8 404.5 403.6 399.8 398.3 394.3 393 395.6 399.4 408.8 419.2 432.6 442.3 449.9 457 460.2 461.9 461.8 465.1 470.7 475.2 477.3 478.7 476 468.3 464.1 461.5 456.9 455.2 456.2 458.2 465.1 467.5
338.5 326.1 312 288.8 268.5 259.5 254.6 251.1 249.3 247.4 247.1 246.6 264.1 275 286.6 298 308.7 321.8 346.3 370.6 391.1 412.9 432.6 449.6 465.7 475.9 466.1 462 453.4 446.2 435.6 427.2 422 421.3 426.2 430.9 435 436.5 434.1 429 420 416 414 407.9 402.6 399.8 398.7 395.7 392.5 387.9 387.3 387.3 389.1 395.1 405.1 416.6 429.2 436.7 444.4 451.3 453.2 453.8 453.4 453.2 455 462.7 466 465.6 463.1 458.5 456.1 455.8 458.5 454.7 456.4 462.1 469.3 470.4
344.2 332.5 318.4 295.7 274.9 261.1 252.6 250.8 250.6 248.7 246.9 245.3 249.8 267.2 277.4 290.7 302.5 311.4 335.3 359.4 377.5 397.2 416.2 434.8 451.6 465.9 457.9 446 438.9 430.4 420.8 414.9 413.6 412.5 415.7 422.1 428.3 430.9 428.1 421.7 413.3 406.2 404.2 399 394.1 389.7 386.6 385.1 381.8 380.9 380.2 379.8 383.7 389.8 400.6 412.7 423.5 432 440.1 446.1 453.3 453.2 451.3 450.5 448.8 448.7 450.3 450.9 451 452.2 454.7 453 454.1 457.7 460.5 468.7 469 467.5
352.7 338.3 326.7 306.4 281 266.6 251.9 250 249 248.9 247.1 245.6 244.1 260.2 270 280.6 294.2 302.7 323.9 345.2 365.7 382.5 400.7 417.6 435.8 448.2 447 428.9 420.4 414 408.9 404.4 404.4 408 411.6 419 422.4 423.3 425.1 416.5 407.7 397.2 394.6 390.7 384.7 378.6 376.4 374 372.1 371.2 371 371.9 378.4 387 397.3 408.5 418.5 427 436.5 445.7 447.9 446.2 445.1 448.3 444.5 444.1 444.2 444.8 446.7 448.2 449.3 451.9 456.3 459.6 464.8 469.5 464.6 457.7
357.4 346 334 318.2 292 270.2 256.6 249.3 248.8 248.6 246 245.8 244.1 244.1 262.8 270.1 285.3 293.2 311.7 328.6 349.9 367.8 387.8 402.2 422.6 430.5 429 416.3 408.1 403.5 396.9 394.8 395.9 402.1 408.6 414.9 420.5 417.6 416.6 409 399.7 391.8 386 382.8 376.9 370.1 365.3 363.6 362.9 363.8 361 370.1 375.5 384.6 393.5 400.8 413.4 425.2 438.6 441.9 443.1 437.4 436.4 434.7 437.7 439.6 446 447 447.1 445.7 446.7 449.4 457.9 461.8 464.7 461.7 458.6 454.7
