public/OST50/NO48.asc
ncols 200
nrows 200
xllcorner 340000
yllcorner 780000
cellsize 50
[rows 70 to 104 of 200, columns 78 to 155 of 200]
666.5 667.9 667.6 665.9 662.8 659.7 656.7 655 651.8 655.7 659.9 663.3 667.9 668.7 671.8 671.8 670.4 666.9 662.4 656.4 650 643.2 636.5 629.7 624 618.5 611.1 603.9 598.2 591.6 586.6 583.2 579.6 575.9 572.4 571.1 567.1 568.1 568.2 564.9 566.8 565.7 564.4 563.1 559.9 555.3 555.9 555.8 551.9 544 528.2 503.2 481.7 459.6 473.3 492.7 513.4 528.6 538.2 546.6 555.1 562 567.5 573 576.5 577.7 577.2 575.1 570.8 567.8 565.4 562.4 558.2 563.1 569.6 577.5 585 589.4
662.4 663.6 663 661.2 656.8 655.5 654.9 651.3 648.1 654.1 657.8 661.3 664.6 667.9 670.9 670.6 669.1 665.7 660.6 653.7 646.2 639.6 632.6 627.2 622.1 615.3 608.2 600.8 594.5 589.4 585.7 582.2 578.9 574.1 570.7 568.4 567.6 565 566 565.3 565.8 565.8 564.8 563.7 561.4 557.8 552.4 550.7 547.1 541.2 528.1 506.1 484.5 459.9 469.4 489.6 511.7 526.6 538.2 544.9 551.7 558.9 563.4 568.6 571.1 571.4 570.6 567.6 563.9 562.9 561.7 560.1 555.7 558.9 564.2 570.9 576.7 582
658.7 659.2 658 655.7 654 653.1 651.1 647.9 644.4 650.1 654.3 657.6 662.5 666.6 669.2 669.7 668.6 665.1 658.5 650.6 643.6 637 631.3 622.9 617.9 614.2 607 599.2 589.3 585.5 581.6 579.8 576.5 572.6 568.2 565.2 563.7 562.4 563.9 563.6 565.4 565.6 564.5 563.5 561.2 557.6 553 547.8 542.8 537.1 527.9 507.9 487.1 464 463.1 482.1 506 522.1 533.3 540.7 547.8 554 559.1 563.7 566.2 567 565.1 560.6 558.8 559.5 558.3 557.7 555.3 555.1 558.1 563.5 568 572.7
655.9 655.9 655.4 654 652.3 649.7 648.8 646.9 643.2 647.4 650.5 655.4 659.9 664.7 667.2 667.3 666.6 662.9 655.8 648 639.7 633.5 628.9 622.8 618 612.1 603.8 596.4 587.1 582.7 579.9 576.2 573.8 569.4 565.4 562.4 560.2 558.7 561.3 561.8 563.3 563.8 562.4 562 560.1 556.2 551.9 547 542.2 535.7 524.8 506.8 486.6 465 453.5 472.2 497.2 514.1 527 534.1 543 549.4 554.3 558.3 560.6 561.4 559.5 557.2 555.4 555.5 555.6 555 554 551.9 554.1 556.8 560.7 563.7
654.5 652.5 651.1 649.5 649.8 647.2 646.9 645.6 640 642.5 646.6 651.9 656.9 661 663.1 663.9 663.9 659.1 651.7 643.8 637 630.3 625.4 620.4 616.2 609.8 603.6 595 586 580.2 576.8 573.3 569.5 565.6 562.1 560.1 555.9 554.1 557.1 559 560.4 561.9 562 560.3 558 554.6 549.3 545.9 540.3 534.5 527.2 511.7 490.2 470.6 449.3 463 487.3 505 519.2 528.9 536.5 543.2 547.4 550.4 552.2 553.6 553.2 552 551.7 553.4 552.4 551.4 552.2 549 550.5 551.4 554.9 558.6
650.6 650.1 649.9 649.1 647.3 645.8 645.4 642.7 639 637.9 643.2 647.7 652.7 656 658.1 659 657.7 654.2 646.8 639.8 633.6 628.7 623.5 618.7 613.4 606.1 599.4 592.4 583.9 578.8 574.3 570.3 565.8 561.4 558.7 556.3 553.4 548.5 551 554.2 555.8 556.9 556.5 555.4 554.2 551.5 547.6 545 541.1 535.3 528.6 516.9 497.5 475.3 452.4 453 475.5 494.4 509.7 522.9 530.6 536.3 539.2 541.3 543.1 545.1 546 545.8 547.5 550.6 550.3 549.7 548.8 547.6 547.5 548 552.7 558.3
650.9 649.5 647.2 646.5 645.3 645.5 643.3 641.6 637.9 631.2 638 642.7 646.8 650.2 651.7 653 651.9 648.1 641.5 634.4 629.2 625.8 619.4 615 609.8 602.1 594.6 588 581.5 575.9 570.1 566.1 561.8 557.1 552.9 551.3 549.2 545.2 545.6 548.8 549.1 548.2 548.8 549.2 548.8 547.8 546.2 543.1 540.8 536 529.4 520.2 504 482.6 457.1 446 465.5 485.6 501.2 516.9 525 529.5 532 533 533.9 535.3 538.1 539.7 543.8 547 548.4 548.9 546.9 544.7 542.5 549 554.5 558.5
648.2 648.3 646.8 645.7 643.5 643.3 642.7 640.7 635.2 629.4 632.7 636.8 640.7 642.9 644.3 645.3 643.7 641.1 636.1 628.6 624.2 620.6 616.6 611.1 605.2 596.3 589.4 579.6 575.7 570.4 566 560 555.4 548.5 545 545.2 544.4 541.1 539.7 542.5 541.9 538.8 539.7 542.7 542.2 541.3 540.9 540.5 539.2 535.6 530.1 523 509.7 486.1 464 437.7 457.8 479.6 495 511 519.9 523 525 524.4 524.2 526.4 529.3 533.2 538.8 542.6 545.3 545 542.7 540.4 542.1 549.1 555.6 560
646.2 646.9 644.6 644.5 643.3 643.6 642.6 639.6 634.9 627.1 630.1 632.5 634.5 636 636.8 635.5 632.2 631.1 628.1 620.5 611.7 608 606.2 603.3 597.3 589.9 579.7 573.8 568.6 562.8 557.2 551 547 540.2 536.1 536.7 537.8 535.3 534.3 536 534.8 530.9 528.1 531.1 532.2 531.2 532.4 534.6 535.1 533 528.6 525 514.1 490.3 468.4 441.7 448.7 469.1 488.4 504.9 512.7 517.2 517.9 517.9 517.2 518.9 522.6 529.2 533 538.1 540.6 541.2 539.9 529.9 541.5 549.8 557.1 560.8
644.7 645.2 643.9 643.7 641.7 641.8 641.8 634.6 637.3 632.5 620.7 620.5 624.2 624.5 624.3 622.5 621.5 619.7 616.5 607.3 597 589.7 585.4 582.4 583 578.5 571.6 565.9 559.8 554.5 549.5 546.2 541.8 536.2 531.5 528.3 528.7 526.5 528.1 529.2 528.3 523.1 518.2 516.6 516.1 517.6 521.7 527.6 528.1 528.9 525.3 523.5 516 496.6 472.7 445.5 439 456.8 481.2 497.7 508 511.7 512.6 512.7 512.1 512.2 518.7 524 528.5 533.3 535.5 535.6 534.6 526.1 540.9 551.3 558.1 562.6
642.3 643.2 644.3 644.2 643.4 639.5 637.4 639.6 637.1 635.4 631.4 623.4 617.6 612.3 608.7 605.1 607 603.3 596.5 588.9 588.1 587 584.9 576.5 566.6 567.6 560.2 556.5 553.1 547.9 542.7 538.9 535.2 531.5 529.4 524.7 520.8 519.3 516.9 521.6 518.1 513.3 505.5 499.4 499.7 493.2 505.3 515.6 518.9 522.3 520.6 520.7 514.9 501.6 477.5 453.1 424.4 447.4 472.2 489.9 501.7 505.7 506.4 506.9 506.6 509.2 514.4 520.2 524.1 528.3 530.4 530.6 525.2 531.9 542.8 551.7 558 562
642.3 644.4 643.8 643.5 642.2 642.2 640.3 639.5 637.3 634.9 633.2 629.8 627.3 626.1 625.5 618.2 614.7 611.6 608.9 610.6 609.7 609 602.5 591.4 582.4 571.9 566.3 562 558 554.3 552.2 547.4 543.5 540.2 536.6 535.2 534.6 529.6 521.5 514.3 514.6 509.3 518.8 524.3 521.3 507.7 487.6 503.3 509 510 511 512.8 512.3 504.6 482.3 459.7 430.9 436.7 460.4 482.1 494.1 499.1 499.9 499.2 499.3 504.3 508.5 515.2 520.9 523.6 525 521.5 516.6 533.1 543.6 551.3 556.5 560.1
640.9 643.8 643.3 642.8 641.6 642.5 642.1 642 637.9 635.4 635.2 634.2 637.3 637.3 635.8 634 632.6 629.7 627.4 628 629.3 625.8 618.9 608.2 597.5 589.1 581.4 575.3 570.2 565.9 563 558.3 552.2 547.2 545.1 545.8 545.1 542.7 538.7 534.5 535.6 538.3 539.2 535.3 528.8 515.5 495.7 493.5 499.9 502.7 504.5 504 503.1 501 489.3 466.3 436.7 426.8 447.8 470.5 484.4 489.9 491.9 491.7 492.2 497.8 504.1 512.5 517.5 519.3 518.7 508.7 518.4 531.7 542.1 549.3 554.5 556.8
642.4 642.8 643.4 644.7 643.7 641.6 642.1 640.5 639 636 636.5 640 640.8 641.2 641.2 641.1 640.8 640.7 641 642.1 640.8 636.4 631.8 624.3 613.2 605.4 596.3 588.8 583.7 579.2 576.2 571 563.4 557.6 557.4 555.8 553.8 550.3 548.1 547 548.8 548.2 545.2 540.9 533 519.9 500.8 485.6 495.9 492.1 496.7 498.8 496.2 492.3 492.6 473.3 445 417.7 432.2 455.2 471.3 477.1 479.7 482.2 484.5 491.4 499.4 508 512.5 514.4 510.5 501.2 515.6 528.7 538.8 547.4 551.8 551.5
642.7 643.9 644.6 643.7 644.4 643.2 642.4 641.2 638.9 636.5 638 641.2 641.8 643.1 644.1 644.1 645 646.5 647.9 649.3 647.8 643.3 637.8 632.2 625.3 618.2 611.2 605.1 599.5 594.5 587.4 581 574.6 570.2 566.9 562.7 558.9 557 554.5 552.6 553.6 552.6 549.1 542.8 535.9 522.1 502 479.4 492.2 491.6 489 489.6 490.9 488.4 486.6 479.3 458.4 428.3 419.1 437.1 455.2 461.6 461.9 467.7 474.8 484.5 493.7 502.8 506.9 508.1 503 497.3 511 524.8 535 543.2 548.1 548.1
643 644.6 645.3 645 644.4 644.6 642.6 640.6 639.4 638.5 639 641.4 641.2 643.4 644.4 645.4 646.9 649.9 651.9 653.3 652.1 647.6 642.8 637 630.1 623.6 617 612 607.3 601.5 595.8 588.8 582.7 579.2 573.5 568.8 564.7 562 558.5 556.3 555.4 552.7 549.3 544.1 537.8 527.3 507.4 488.1 486.5 490.6 487.1 485 485.9 485.3 482.1 479.1 466.2 443.6 416.3 420.3 435.6 444.2 446.8 448.4 461.1 474.3 487.4 495.9 501.5 500.9 492.1 487.9 505.1 520 529.7 537.9 542.7 542.8
644.3 646.9 646.9 645.3 644.9 644.4 641.9 640 639.6 638.9 639.2 640.1 640.9 643.1 645 646.6 648.4 651.2 654.2 654.7 653.8 650.1 643.7 638.5 631.9 625.5 620.5 615.6 612 606.5 600.7 594.8 588.9 584.1 578.2 573.4 568.3 564.5 560.9 556.8 555.8 553.9 550 545.4 538.7 530.4 513.2 492.7 477.3 487.3 486.8 483.5 480.9 481.5 482.2 480.4 469.6 458.6 437.1 408.8 413.9 423 429.4 432.4 445.1 461.4 477.2 486.9 490.1 483.2 471.2 481.7 501.4 514.6 523.8 531.3 535.9 536.5
646 647.1 646.4 646 645.9 645 641.9 639.3 637.4 637.9 637.8 638.6 639.6 641 643 644.6 646.8 650.9 653.8 655.2 654 649.2 643.7 638.2 632.7 627 621.1 616.7 613.4 609.4 603.9 599.1 592.7 586.5 580.6 574.9 570.7 565.7 561.7 558.9 556.2 553.3 549.6 544.9 538.8 531.7 518.6 496.8 476.3 482 485.9 482.4 479.3 478.4 480.3 483.9 479.1 471.2 455.3 436.6 418.1 406.4 401.9 417.2 432.8 448 466.5 473.5 466 456.8 452.8 479.3 498.1 511 518.3 523.6 527.3 527.7
647.8 649.4 648.1 645 644.3 642.9 641.7 639.3 636.6 637.6 637.6 637.9 636.9 638.6 640.3 642.6 644.5 648.5 651.5 653.6 653.5 648.8 643.3 637.2 632.4 626.9 621.6 616.1 613.1 608.6 603.5 598.8 593.1 586 579.4 573.9 568.7 565.8 562.4 560.6 558.2 555.2 550.2 544.7 539.4 532.4 523.3 505.3 484 476.2 481.1 480 477.6 476.6 480.5 487 485.1 480.7 473.4 461.7 452.6 438.6 411.9 398.1 415.1 434.1 451.7 455 442.2 442.7 460.8 480.3 498.5 507.6 512.2 515.7 517.6 517.8
649.1 650.1 649.4 649 646.1 643.3 639.8 637.5 636.7 635.8 635.6 634.5 635.3 636.1 637.4 640.2 641.7 645.7 648.3 649.3 650 646.4 641.1 635 629.7 625.5 619.6 614.5 610.4 605.4 600.2 595.9 589.3 583.6 577.5 572.3 567.2 563.1 562.3 559.2 556.2 554.9 551.2 545.7 540.6 533.3 525.7 513.9 492.7 468.6 471.4 473.1 474.7 473.6 480.2 488.1 488.2 484 480.7 477.2 467.4 454.6 432.3 409.6 389.6 421.5 436.7 437.3 431.8 449.9 467.6 483.9 498.2 505.1 507.8 508.6 507.4 506.8
650.6 651 649.7 647.4 644.8 643.7 639.7 637.6 635.6 634.1 632.9 632.9 632.7 633.8 635.7 637.4 638.5 641.8 644.7 645.8 645.5 641.5 637.6 631 625.2 620.2 615.1 610.9 605.5 599.9 593.7 590.3 584.3 578.3 572 570.4 565.5 562.9 559.9 558.5 557.8 555.2 550.4 546.8 541 534.7 526.9 516.9 502.6 487.1 466.1 465.5 470.4 469.8 477.3 483.4 484.1 481.1 476.2 476.3 474.5 465.8 447.5 421.5 390 405.4 424.6 416.5 438.6 457.5 472 487.8 495.9 501.5 502.5 501.5 498.7 495.6
650.5 651.6 650.4 649.1 646.4 643.2 638.5 635.8 634.6 633.2 630.6 628.9 629.9 630.9 634.3 633.9 634.7 637.7 640.1 641.6 641 637.8 633.4 626.9 619 614.1 609.5 606 599.6 594.3 588.2 583.3 578.1 572.3 568.7 567.1 563.5 561.3 558.7 555.1 555.4 552.3 549.4 545.7 540.4 534.1 526 516.6 506.8 495.5 477.2 455.1 465.1 466.2 471.2 475.1 470.1 467.2 463.8 466.2 468.9 469.6 457.3 430.5 395.8 393.5 410.2 412.6 439.9 461.2 477.8 489.8 495.3 498.4 497.7 494.9 489.5 484.9
651.5 651.5 650.9 649.9 647 641.5 638.1 635.2 633.2 631.1 628.3 625.7 626.1 627.8 630.5 631.3 631.1 633.4 635.4 636.4 635.6 633.1 628.6 620.6 613 606.6 603.2 599.6 594.1 587.7 581.8 576 570.7 567.6 564.6 561.8 560.6 558.1 556.5 552.8 552.7 550.4 547.1 543.9 538 533.5 525.4 515.7 507.6 498.3 482.6 458.4 457.1 462 463.2 454.6 445.8 438.7 436.6 447.8 456.9 464 461.3 437.5 407.1 375.4 393.7 413.5 441.1 463.5 481.1 489.2 493.6 495.9 493.9 487.2 481.5 474.2
652 652.8 652.3 650.7 646.3 640.8 636.2 633.6 630.5 629.4 625.8 624.1 622.7 623 626.2 626.7 627.6 628.3 630.2 631.1 630.3 627.8 622.7 614.4 605.3 600.1 596.4 592.7 587.5 580.5 574.8 570.2 565.8 562.6 561.1 559.1 557.3 556.6 554.8 552.9 552.2 549.3 547.6 543.2 538.7 533.6 526.6 512.9 506.3 491.4 483.1 461.5 455.9 451.8 448.1 432.7 424.4 420.6 412.8 418.9 440.2 455.1 452.6 439.2 411.6 383.4 379.5 417.1 444.2 464.7 481.5 487.2 488.7 489.3 486.4 478.6 471.3 464.8
652.1 652.7 653.2 649.9 644.1 638.4 634.9 633.4 629 626.8 623.9 620.6 621.4 620.1 620.9 622.8 624.5 625.6 625.5 625.4 624.8 621.6 616.8 608.2 599 593.1 589.5 586.1 581.4 575.4 568.7 563.3 559.9 557.8 558.4 556.8 556.3 555.4 552.8 552.7 551.3 547.8 546.6 543.6 539.7 535.7 528.7 519.7 511.7 503.5 489.3 476.5 458.5 447.2 439.6 447.8 449.7 442.3 428.9 407.8 418.2 438.5 448.3 435.6 412.6 386.8 386.2 421.1 449.4 473.4 484.6 484.6 481.9 478.1 475.9 469.8 463 453.8
652.4 653.3 652.7 648.5 643.3 636.7 634.8 633 628.3 624.8 622.2 620.5 616.8 618.4 617.7 619.1 620.3 619.7 619.5 620 618 614.7 610.2 602 593.2 586.7 583.2 579.1 575 570.1 563.1 558.7 556.6 555.8 555.6 554.8 554.9 552.3 553.5 552.1 549.3 547.4 545.7 542.6 539.6 535.4 528.9 521.8 515.7 510.4 500.8 485.3 475.1 472.2 469.2 472.1 466.6 454.3 436.1 417.6 395.6 421.6 437.1 428.2 406.1 378.3 390.8 425.2 452.7 476.6 483.5 481.3 476.5 471.3 463 458.8 454.5 447.1
651.8 652.5 651.5 646.9 641.8 637.7 634.7 631 627.6 625.4 622.1 618.5 616.1 615.6 614.8 615.1 616.8 616.2 614.7 614 611.5 607.6 602.4 594.5 586 580.4 577 573 569.1 564.1 558.6 554.9 552.6 552.4 553.4 552.9 554.1 553.8 552.7 551.3 549.8 547.6 545.8 542.6 539 533.8 525.7 519.5 515.8 511.4 505.8 500.9 496.6 492.6 488.6 483 469.5 458.9 440.7 422.6 393.2 406.6 422.8 412.8 390.3 369.6 401.5 432.8 459.5 476.7 479.6 479.4 472.8 465.6 456.8 448.1 444.8 440.1
650.1 650.6 649.7 645.5 641.6 638.1 633.7 630.8 628 624.3 622 617.7 614.8 611.6 610.3 610.9 611.4 613.1 609.9 607.8 604.4 599.4 594.1 587.7 580.3 575 571 566.2 561.2 558.2 554 551.4 549.6 547.4 548.9 550.5 552.5 553 553.9 553 551.1 549.3 546.6 541.5 537.1 532.7 525.7 518 512.2 510.3 507.7 504.8 500.4 496.8 489.4 481.8 471.2 462.8 445.5 424.8 395.7 395.5 402.8 395 372.7 380.8 414.3 443.1 466.4 473 474 472.2 466.9 458.9 449.4 440.7 436 433.1
647.3 648.4 647.8 645.1 640.6 637.5 632.8 629.4 627 624.4 621.6 618.6 615.1 609.9 608.2 606 607.3 608.3 606.3 602.1 598.3 592.7 587.5 582.6 577.5 571.7 565.5 559.9 554.5 552 548.2 545.9 543.7 541.5 542.9 546.8 549.3 551.9 552.9 552.2 551.3 549.1 545.3 541.2 537.7 530.2 522.9 515.1 508.7 507.7 505.8 505.1 501.5 496 488.8 479.9 471.6 462.5 449.1 428.3 397 379.7 379.1 377.5 362.5 392.2 425.7 452.5 462.5 467.6 466.8 464.2 455.6 449.7 442.2 433.7 427.5 423.7
643 645.5 645.3 643.9 640 636.5 633.1 627.3 626 623.1 621.6 619.4 615 609.5 604.6 600.6 600.8 601.1 599.6 598 593.8 590.8 584.5 578.4 572.2 566.4 561.3 555.2 551.1 546.4 543.2 540.8 538.2 536.9 539.4 542.7 545.8 548.2 549.5 550.6 549.6 547.6 544.7 539.2 534.6 528 520.9 512.3 506.4 502.5 500.5 501.7 499.2 494.5 487 478.4 472 465 457.7 434.7 409.7 386.3 364.9 364.2 362.9 397.3 428.6 451.8 456.4 459.3 458 452.7 447.4 440.3 431.6 424 419.8 415.5
639.6 642 642.7 641.6 638.5 633.8 631 626.1 624.6 621.3 622 619.3 614.4 608.8 603.9 598.5 594.2 593.3 593.9 592.2 590.2 585.5 580.5 573.8 569 562.2 557.1 551.7 547.4 542.8 539.6 536.8 534.6 532.4 534.4 537.9 541 542.8 544.6 547.1 547.9 545.4 542.1 536.3 531 523.7 516.8 510 504.5 496.7 495.3 495.4 493.5 490.5 485 474.7 470.3 464.3 460.9 447.7 425.7 406.1 386.5 363.8 362.2 394 423.6 441.6 446.6 448 446.7 439.1 434 427.2 421.6 415.6 410.4 407.6
634.3 637.9 639.7 638.7 636.3 632.4 628.9 624.4 623.5 620 620.2 618.1 613.2 609.1 604.9 599.3 594.8 586.5 588.8 586.5 584.2 578 566.9 565.3 563.1 557.3 551.1 541.6 541 536.4 530.8 529.9 529.3 526.9 528 531.7 533.8 535.9 537.9 542.1 543.5 542.1 538.5 533.2 527.8 520.5 513.6 505.2 500.8 495.2 487.4 488.7 486.7 481.3 479.5 474.8 467.6 462.4 457 449.3 432.2 415.3 389.8 365.5 357.7 385.9 417.1 433 436.1 435.8 430.9 425.3 422 417.1 411.5 408.2 403.5 398.6
630.4 634.8 636.2 634.2 633.1 629.7 625.7 623 621.3 618.5 618.2 615.9 612.9 608.1 603.5 598.4 589.5 589.1 587.4 581.3 579.5 578.5 575 568.3 562 555.7 556.3 551.9 544.1 538 533.8 524.4 519.8 519.3 521.9 527.6 530.3 532 532.8 535.4 537.6 537 533.9 529.9 525.5 518.1 509.5 502.7 497.1 492.1 485.8 480.7 477.9 476.2 473.1 467.8 463.5 456.5 450.2 441.2 426.9 418.2 392.8 365.7 353.2 374.9 408.5 424.8 426.5 424.4 417.7 409.7 405.9 403.9 399.5 397.5 394.8 391.7
626.9 632.8 633.2 630.7 630 628.2 624.6 622.6 618.8 616.8 615.4 614 611.6 606.5 599.9 599.2 596.6 593.5 591.7 589.8 586.3 582.8 578.9 574 569.1 564.6 561.1 554.4 548.6 545.6 540.2 534.1 528.9 523.1 514.6 519.4 525.4 527.7 529.5 529.7 531.6 531.4 528.4 524.6 520.6 515.3 507.4 499.2 493.6 488.5 484 474.9 472.7 471.4 465.4 461.7 456.5 447.9 437.4 425.9 410 406.4 389.7 367 346.1 365.1 398.7 421.3 418.2 410.5 403.5 394.9 390.1 388.5 387.4 386.8 388.3 384.8
625.5 630.7 631 629.8 626.6 624.3 622.2 620.7 618 615.4 615.9 612 605 607.4 606.4 603.5 600.2 597.8 595.4 592.9 590.5 586.2 581.6 577.3 573.2 566.8 562.1 555.5 552.1 550.4 545.4 540 534.2 528.9 521.8 510.2 519 522.4 525.3 525.7 526.3 526.2 524.1 520.6 517.2 511.9 504.2 497.8 492.1 486.1 479.5 474.1 467.8 464.1 461.1 455.7 448.1 432.5 416.3 404.8 392.4 378.4 368.3 357.4 347.4 356.1 388 413 410.4 400 387.8 382 378.2 378.7 377.6 376.2 375.4 371
