public/OST50/NO48.asc
ncols 200
nrows 200
xllcorner 340000
yllcorner 780000
cellsize 50
[rows 70 to 104 of 200, columns 0 to 77 of 200]
726.5 727.2 730.3 731.9 735.2 738 740.7 745.3 750.9 760.7 774.9 794.2 811.9 826.7 840.7 851 857.6 858 848.6 825.6 806.6 793.9 787.3 779.2 773.1 766.3 757.2 753.1 750.2 748 744.8 742 740.3 748 757.2 768.9 780.7 794.7 805.1 813.7 820 823.3 825.2 825.9 827 829.9 834.4 838.9 842 842.3 840.7 836.5 830.3 822.5 812.2 800.2 785.3 769.2 756.8 740.2 727.6 717.4 708 698.5 691.1 683.6 676.5 670 665.8 662.7 661.9 667.3 669.2 668.9 666.5 666.7 666.1 665.6
722.9 723.9 727.6 731.6 734.2 736.6 739.7 744.1 749.6 757.9 771.8 789.1 806.2 821.5 833.6 842.7 848.4 848.2 835.8 814 795.3 784.1 776.4 769.4 764.4 757.9 752.7 749 745.8 742.7 741 739.8 740.8 745.8 756.9 767.9 781.6 793.3 803.4 811.5 817.4 820.7 822.1 823.1 824.5 827.8 831.8 835.9 838.2 837.9 835.2 829.3 821.4 813.1 799.5 786.1 771.7 757.3 742.5 729.8 719.1 710 699.9 692.5 684.6 678.7 672 666.1 661.8 658.8 658.7 664.2 665.7 665 665.2 664.5 662.8 662.3
719 723.1 726.8 730.4 732.7 736.3 737.9 742.6 747.8 756.8 767.9 784.4 798.6 814 825.5 833.8 840.3 838.3 823.4 803.4 785.3 774.6 767.3 761.9 756.7 750.9 746.2 742.4 740 738.3 736.4 736.7 739.3 746.7 756 768.9 781.2 792.5 801.3 808.1 812.9 815.9 817.9 819.1 820.3 825.5 829.9 835.1 836.9 835.4 831.3 824.7 816.7 806.1 790.9 778.9 759.5 746 733.7 720.9 710.4 702 694 686.7 679.1 672.1 667.7 661.8 658.2 656.5 656.4 660.6 662 661.1 662.3 660.4 659.8 658.1
717.2 721.7 725.5 729.3 732.3 734.3 736.4 741.6 746.6 754.3 765.2 778.6 792.9 805.4 816.9 823.7 827.6 825.5 810.8 793.4 776.4 764.7 758.5 752.9 747.2 742.5 739.8 736.4 735 733.3 732.3 733.9 738.7 745.7 754.9 768.9 782.7 792.7 800.4 805.5 809.4 812.1 813.6 814.7 818.3 823.1 828.9 834.7 837.2 835.2 829.8 821.9 813.2 801 785 771.5 753.7 734.8 724.4 712.2 703.1 695.8 688 682.2 675 668.6 662.8 656.2 655.3 653.8 654.3 656.6 658.1 659.7 659.5 657.5 655.6 655.6
715.9 720.4 724 727.1 730.4 733.7 736.5 740.1 745.5 754.2 763.2 775.7 787.1 798.1 807.9 812.1 812.9 810.6 797.3 785 767.9 757.5 749.8 743.8 740.4 736.1 733.7 730.5 728.5 727.6 727.4 731 736.3 744.4 752.7 768.4 780.8 791.4 799.7 805.6 808.7 810.3 811.8 812.6 817.3 821.8 828.2 834.2 837.5 836.1 829.7 820.5 809.8 798.2 782.2 768.4 747.8 730.4 717.7 705.7 696 689.7 682.3 677.4 671.4 665.3 658.6 652.4 653.2 653.5 651.4 653.9 654.7 656.6 656 654.5 653 653
714.5 718.2 722.8 726.1 729.1 731.6 734.9 738.1 744.7 752.4 761.7 773.7 783.1 791.1 797.4 801.7 800.5 795.6 785.2 774.3 761.4 750.3 742.4 737.4 732.6 729.2 727.2 724.8 722.4 723.2 723.5 728 733.2 743.1 751.8 764.9 776.5 790 797.6 805.7 809 809.4 809.8 811.4 814.9 819.7 826.3 833.3 837.7 835.7 829.2 818.8 808.4 795.6 781 766 743.8 727.5 713.9 699.5 689.2 683.4 678.1 673.8 668.7 660.8 654.8 652.8 652.7 651.8 650.9 651.7 651.7 652.7 653.1 651.7 651.1 651.6
712.3 716.4 720.7 723.2 727.2 731.3 732.2 736.4 744.1 751.8 761.6 770.8 779.9 785.3 789.5 791.5 789.8 785.2 777.3 767.1 753.2 742.4 734.9 730.2 725.5 722.6 719.5 717.3 716.9 718.2 720.1 725.5 730.1 740.9 750.4 763.4 773.5 786.6 796 804.3 808.4 807.9 807 807.8 811.9 817.7 824.4 831.2 835.2 833.7 827 817.4 804.3 793.8 778 761.1 744.2 725.8 709.3 697.7 686.1 677.8 674 670.5 667.5 661.5 655.9 652.7 649.7 648.3 650.3 649.3 650.1 649.3 650 649.4 648.6 648.6
709.5 714.5 717.4 721.5 725.3 729 732.3 736.6 742.9 751.9 760.1 770.1 777.6 781.7 783.3 783.3 781.3 777.5 771.2 761.6 747.9 735.4 727 723 719 715.7 714.1 711.6 710.3 712.7 717.5 722.7 728.9 738.6 748.9 760.5 770.5 780.7 792.8 801.3 805.3 804.2 803 803.1 809.2 814.3 821.6 827.7 829.7 827.5 823.1 813.7 800.7 788.6 772.7 756.3 739.9 721 707.9 694.3 683 674.4 670.1 666.9 664.3 662.7 659.5 654.8 649.2 648.7 646.6 647.3 647.7 647.7 647.2 646.3 646.8 647.8
705.3 710.4 714.6 718.6 722.6 727.5 731.1 736.2 741.8 749.6 759 767.7 773.6 776.2 777.6 777 775.5 771.9 765.4 755.6 745.1 729.4 720.1 713.8 710.5 708.7 707.3 705.5 705.2 708.1 714 719.3 726 736.3 747.2 758.6 767.1 776.5 788 794.4 797.5 798.6 798.3 799.3 802.1 809.8 814.7 821.6 822.2 820.3 813 806.1 793.4 782.3 766.3 749.7 734.3 716.5 703.5 689.9 679.4 669.6 666.3 662.8 662.3 662.1 660.6 656.7 652 647.1 643.2 645 645.5 645.6 645.5 644.3 645.5 646.4
700.4 705.8 710.9 716 721.6 725.6 730.2 735 739.9 745.9 755.2 762.6 767.7 770.5 771.9 771.2 769.9 766 759 750.7 739 722.8 713.4 706.7 703.6 701.7 699.9 699.3 699.8 703.8 708.9 715.3 722.1 731.7 742 752.5 763 773.3 781.5 787.5 789.6 791 792.7 794.4 798.1 803.9 808.6 811.8 812.4 806.8 802.3 795.6 783.7 769.4 756.1 741.5 726.7 712.1 698.3 684.5 675.2 666.8 660.7 658.6 659.3 659.6 660.1 657.4 652.6 646.1 643.5 643.1 643.7 643.8 644 642.8 643.9 644.5
694 700.7 706.4 713.1 719.4 724.2 728.9 733.3 737.5 743.5 749.6 756.9 762 765.1 766.2 765.8 764.3 761.2 755 746 731.6 714.9 706.9 702 697.7 695.8 692.3 691.5 693.6 699.3 704.7 710.4 717.5 726.5 736.3 745.2 757 766.2 775.4 780 783.2 784.6 785.6 787.3 791.7 797.4 800.6 802.1 800.3 797.5 790.9 783.6 771 758.8 745.4 732.2 718.3 705.2 691.4 679.4 668.6 662.3 656.2 654.3 656.7 657.9 659.2 657.1 652.3 645.4 642.2 640.8 640.3 640.8 640 640.4 640.2 641.3
688.8 696.6 703 710.1 717.1 722.6 727.2 731.5 735.2 739.8 744.9 751.3 756.3 758.7 760 759.6 758.7 755.6 749.4 739.9 724.4 708.1 698.8 695.7 692.3 687.9 684.7 682.5 689.4 694.5 699.1 704.7 711.5 718 728.6 738.8 746 759.5 766.5 772 776.7 777 776.2 778 781.7 786.1 788.3 791.5 789.8 783.6 777.8 767.5 759.6 745.9 733.4 722.5 709.7 697.5 684.7 674.5 664.3 656.3 651.2 649.8 652 654.7 656.3 655 651.2 646.1 640.9 638.4 637.9 638.9 638.4 638.2 639.8 640.9
684.6 692.7 700.6 709.1 716.2 721.4 725.6 729.4 732.6 736.4 740.1 744.9 749.3 751.7 752.7 752.9 752.6 748 741.8 733 719.7 701.2 691.9 689.2 685 681.3 677.3 678 684.1 689.1 692.7 698.7 703.6 710.8 719.6 728.5 736.5 745.4 753.8 761.8 766.2 768.1 766.4 764.3 771.2 773.8 775.8 774.8 771.9 767.5 760.4 754.2 743.3 732.3 722.5 711.5 699.7 688.6 677.5 667.2 658.1 650.9 644.8 640.4 644.3 650 652.4 652 649.3 644.9 640 635.7 637.2 635.9 634.4 635.5 639.1 640.7
683.1 692 700.2 708.3 715 720 723.5 726.5 729.4 732.6 735.9 739 742.1 744.3 745.5 745.3 744.2 739.8 733.9 725.1 710 696.1 686.7 681.3 679.5 676.1 670.5 673.1 676.7 681.7 687.1 691.3 695.1 701.2 709.4 718.5 725.2 734.8 741.6 746.6 751.3 752.9 754.2 753.6 757.4 761 760.9 761.5 759.2 753.5 745.4 735.5 726.2 718.1 710 699 688.1 679 668 658.8 650.7 643.9 637.2 633.5 636.9 644.3 647.9 648.9 645.9 640.8 637 635.6 635.1 634.3 635.5 636.8 638.2 640.9
684.1 691.7 699.5 707.3 713.1 718 720.8 723.5 725.6 728.2 731.4 734 736.3 737.9 738.5 737.6 734.3 730.8 725.1 716.8 704.6 689.7 680.9 675.9 672.4 670.5 664.2 666.7 672 676 679.6 684 687 692.6 700 706.2 714.2 720.4 729.8 734.9 737.5 739.8 740.9 741.6 745.2 745.8 746.5 746.9 743.1 737.7 730.3 720.4 711.7 703.9 696.7 686.8 677.6 669.2 659.6 651.1 643.7 637.7 632.1 627 631.7 638.7 643.8 645 642.6 638.9 635.4 633.1 632.8 632.2 634.8 635.8 638.4 640.8
685.1 691.7 699.2 705.9 710.9 714.9 718.1 720.2 722.1 723.7 726 729 731.2 732 732.1 730.4 726.4 721.2 714.7 706.8 695.4 681.8 674.2 668.3 666.2 663.6 658.3 660.8 664.7 668.5 672.8 675.8 678.6 682.6 687.5 696.2 702.1 708 715.6 721.5 725.2 726 726.5 728.7 732.1 733.7 734.3 733.9 729.2 723 716.2 707.1 697.5 691.2 683.1 675.9 667.8 659.5 651.9 644.4 635.9 630.3 625.8 622.8 628.7 636.3 640.4 641.4 640.1 637.4 635.2 634.1 630.2 629.6 633.3 635.1 638.9 641.9
687 693.3 698.8 704.1 708.6 711.7 714.9 716.6 718.5 719.9 721.4 723.9 726.8 727.3 726.5 724.2 719.2 713.2 704.8 696.9 685.5 674.4 666.7 662.9 658.9 656.5 652.8 653.9 657.8 660.9 663.9 666.1 670.7 674.4 677.9 683.1 688.7 696.4 702.2 707.4 709.8 712.3 712.4 715 720 721.8 720.2 718.3 713.9 708.6 699.5 691.2 685.2 678.4 672.4 665.9 658.6 651.3 644.7 637.1 628.8 623 620.3 620.7 628 636.3 640.4 641.3 639.5 637.7 636.2 634.7 632.2 628.7 631.4 634.9 638.8 642.2
689 693.7 698.3 702 705.4 707.8 710.2 712.8 714.9 716 717 719.4 721.5 722.7 721.6 718.3 714.5 707.6 698.4 687.5 676.1 668.4 663.4 658.7 654.8 651.1 648.9 647 649.1 652.7 655 655.8 660.1 662.4 667.3 671.8 677.7 683 688.3 694.1 695.6 696.9 697.2 700.2 703.4 706.6 704.8 702.6 698.7 692.9 686.1 678.8 673.4 669.1 663.1 657.3 651.5 644.9 637.4 631.1 624.5 616.5 615.6 622.1 629.8 636.1 641.2 642.7 640.2 638.7 636.5 634.7 631.9 627 629.7 634.5 641 642.8
690.6 695.3 697.4 700.3 702.4 704.6 706.6 708.7 709.8 712 712.4 714.6 716.6 717.6 716.4 713.5 708.7 702.3 693.2 680.5 670.7 663.8 659.1 654.5 650.7 647 643.3 642.5 644.1 645.7 648.8 649.8 650.1 652.8 656.4 661.4 666.2 670.7 676.6 680.3 682 683.9 683.9 688.1 692 692.3 691.3 689.1 686.5 681.2 675.9 670.2 665.1 660 655.1 649.5 644.1 637.2 630.8 624.4 617.6 611.7 614.1 623.9 631.1 638.4 642.2 643.1 640.4 639.8 637.2 635.1 631.2 627.4 631 635.6 642.5 645.5
692.1 695.3 697.2 699.7 700.3 700.7 702.9 703.6 706.2 707.1 708.4 709.8 711.4 711.8 710.9 707.8 702.9 696.4 687.4 676.4 666.7 660.7 655.2 651.6 648 644.4 638.9 638.3 638.6 641 642.7 644.2 645.5 647.3 650.2 652.7 656.4 660.5 663.6 668.9 670 669.8 673.6 676.1 678.6 679.8 679.1 678 675.6 672 667.6 663.9 658.7 653.5 648.2 643.3 638 631.3 626 620 615.5 608.8 612.8 624.5 631.8 639 642.3 643.7 641.5 639.1 639 635.1 630.4 627.9 632.3 638.4 644.4 648.1
693.2 695.8 696.8 697.7 697.6 697.7 698.7 699.4 701.2 702.3 703.7 704.5 706.2 706.1 704.3 701.4 696.4 690.2 680.8 669.9 662.6 656.7 651.6 648 643.8 639.7 637.9 634.4 635.5 636.7 638.5 639.4 640.7 642.2 645.7 647.6 649.5 652.6 655.1 657.5 658.9 661 663.6 668.5 671 671.4 671.1 670.4 668.3 665.4 661.7 657.6 652.8 648.3 642.7 636.1 631.5 625.4 620.2 616.6 613.3 608.2 613.6 624.9 632.2 638.8 641.6 643 641 639.3 638.9 633.7 628.7 629.6 634.2 640.9 645.3 649
692.5 696.1 696.4 696.1 695.3 693 693.6 695.3 695.6 696.5 698 699.3 699.4 698.3 696.3 693.5 688.1 680.9 671.1 662.9 656.8 652.5 649.2 644.7 640.6 636.3 634.4 628.3 632.3 634 635.5 637 637.5 637.7 640.6 643 645.3 648.3 651.3 652.5 655 657.4 660.8 663.9 665.4 666.4 665.9 664.6 662.5 659.5 656.2 651.9 647.9 643.7 637.3 630.6 624.6 619.6 614.5 611.7 610.4 604.2 613 624 630.1 637.3 641.5 640.8 641.6 639.3 636.6 632.3 629.2 629.6 637 643.8 648.2 650.1
692.5 694.6 695.3 694.6 692.8 690.4 688.3 689.1 690 690.5 692 692.1 691.7 690.3 687.7 684.6 679.1 670.5 662 655.8 651.1 648.8 644.4 640.8 636.3 632 629.6 626.9 630.1 631.8 631.4 633.1 634.1 635.5 637.4 639.6 643.6 645.9 648.5 650.6 653.9 655.4 658.2 660.1 661.6 662.1 661.3 660.6 658.5 654.9 651.7 648 643.7 637.5 631.4 625 618.6 612.8 609 607 605.2 599.9 611.1 621.9 629.1 634.9 639.7 641.2 640.7 640.1 635.6 632.6 628.4 630.2 637.9 644.8 649 651
691.3 693 693.2 692.9 691.1 687.3 683.4 682.8 683.5 684.7 685.8 684.8 683.7 681.6 678.6 673.9 668 660.1 653.3 649.1 646 643.5 640.3 636.3 631.3 626.9 624.4 622.9 627.7 629.4 629.2 630.4 631 632.6 635.6 638.9 642.8 645.4 646.9 649.5 652.7 654.1 654.7 656.1 658 657.9 657.1 655.9 653.6 650.8 647.2 643.1 638.2 631.4 624.4 618.9 612.3 610.1 604.1 600.8 597.3 598.9 610.3 619.5 627.4 633.3 637.6 639.7 640.4 638.4 634.4 633.2 627.1 631.3 638.7 644.8 649.2 651.4
689.4 690.1 690.4 690.4 689.1 686 682.3 677.5 677.7 678.6 679.3 677.2 674.9 672.1 668.7 662.7 657 649.9 644.7 642.7 640.2 637.6 634.5 631.2 625.9 621.1 616.1 620.5 625.1 626.4 626.1 627.1 628.3 631.4 634.3 637.3 640.7 643.8 646.9 648.4 649.9 651.5 652.8 653.1 654.2 654.4 652.9 651 648.9 645.7 641.8 638.4 633.5 626.9 619 612.5 608.9 602.8 599.3 595.3 590.7 598.7 609 617.5 624.5 630.4 635.2 638.2 639.1 637 633.3 630.9 623 631 638.1 644.6 649.3 650.7
686.5 687.1 687.4 687.8 687.7 684.4 680.6 675.5 671.7 672.3 672 668.8 665.6 661 657.4 650 643.6 640.5 637.4 635.8 633.9 632 629.3 625 617.7 614.6 609.8 617.1 621.4 622.7 622.3 622.8 624.6 628.5 631.6 634.9 638 641.6 644.9 646.7 647.8 647.3 648.9 650 650.8 650.5 647.9 647.3 645 641.1 636.5 633.2 627.6 620.6 613.9 608.9 602 597.8 593.3 590.5 589.1 598.9 607.7 615 622.7 628.5 634 635.8 636.4 634.3 628.8 622.9 619.8 628.2 636.6 643.1 648.4 651.1
683.2 683.8 684.3 684.6 684.7 682.8 678.1 673.6 667.5 663.9 664.6 661 657.5 652.4 646.7 639.9 635.5 633.6 630.8 629.1 628.5 626.4 623.3 619 612.8 606.2 607.4 612.6 615.9 618 617.7 616.4 619.9 624.7 628.3 631.3 634.7 638.4 641.1 643.9 644.6 643.6 645.2 645.5 646.2 645.6 643.7 642 639.4 636.5 633 627.9 619.6 614.5 608.3 603.8 597.5 592.1 589.9 585.3 591.1 597.7 604.9 612.3 618.5 624.5 629 628.6 627 627.5 632.5 631.5 626.8 617.8 633.6 641.1 647.1 650.3
679.8 680.2 680.8 681 680.9 679.4 674.9 669.9 664.6 650.6 656.9 652.3 647.8 643 637.1 632 628.5 627.7 626 623.8 622.8 620.9 617.8 612.9 605.8 593.6 603.1 608.3 611.1 612.3 611.4 609 615 618.6 621.7 626.2 630.8 634.8 637.3 639.6 640 641.3 640.9 640.4 640.4 640.5 639.1 636.7 634 631.6 628.3 623.5 616.4 607.8 602.9 596.8 593.4 589.5 585.4 588.4 593.8 599.2 603.7 608.4 612.6 618.2 625.2 630.7 635.9 637.4 636.7 634.6 630.2 616.7 627.9 637.3 644.3 648.9
674.2 676.1 676.7 677 676.3 675 671.1 665.3 659.4 651.2 646.4 642.2 637.6 632.7 629.5 625.2 622.7 622 620 618.5 617.5 614.9 612.5 607.5 598 584.5 597.5 602.2 604.9 605.4 604.1 601.6 606 610.5 614.8 620.9 625.7 631.7 634.8 636.7 636.8 636.1 635.8 636.2 635.6 634.6 634.4 632.8 630.4 627.4 624.2 618.4 611.8 604 596.3 592.9 589.5 585.9 580.1 590.9 597.7 603.5 610 615.7 621.1 627.2 632.2 637 638.6 638.9 639.7 637.6 631.8 621.5 617.6 633.5 642.3 645.3
670.3 671.7 672.8 672.9 672.2 670.4 666.6 659.4 652.8 645.7 636.1 632.6 627.7 623 621.1 618.9 617.7 616 614.1 612.9 610.8 609.3 606.7 601.9 592.1 579.6 590.9 595.1 596.8 597.9 596.4 590.8 598.2 603.7 607.9 615 622.5 627.6 632.6 633.8 634.3 633.2 631.2 632.3 632.2 632.1 629.9 628.7 626.3 624.1 619.6 612.8 606.3 597.6 590.8 586.3 583.9 580.5 586 594.5 600.5 606.9 612.8 618.7 625.7 632.2 637.7 640.2 640.5 641.1 641.7 640.8 635 626 612.3 628.2 636.5 641
667.1 670.5 671 671.1 668.9 665.5 661.4 654.4 645.4 637.8 629.2 623.3 620.4 616.7 614.4 613.8 611.4 609.8 608.4 606.9 604.9 603.2 601.2 597.1 588.6 569.1 582.4 585.5 587.8 589 587.8 574.5 590.3 594.9 602 611.9 620.1 625.5 629.2 631.6 631.8 631 627.3 627.2 627.3 625.6 625.8 624.5 621.8 618.5 614.4 609.6 602.7 593.4 585.2 579.4 578.8 576.3 589.8 596.9 603.2 609.2 616.7 625.1 632.4 638.5 641.3 642.6 644 643.6 642.5 639.9 636.5 627.2 610.3 619.5 629.1 634.3
666.6 669.8 672.4 672 670 664.1 655.5 649.1 638.7 624.7 619.9 613.2 610.9 607.9 608 607.7 606 604.7 603 600.8 599 597.8 596 592.8 586.8 559.4 570.2 573.2 575.6 578.2 575.2 573.1 581.8 589.8 599.7 609.7 618 623.9 627.9 629.3 629.6 627.5 625.1 622 621.7 621.2 620.8 619.3 616.8 613.7 610.3 605.3 598.8 590.4 581.6 574.8 570 583.9 593.4 599.6 606.5 614.1 622.8 630.3 636.5 641.2 643.9 645.5 646.1 645.7 645.3 643.4 639.2 629.3 610.9 612.3 620.6 628.3
663.9 667 672 673.1 671.7 667 659.8 649.1 636.8 622.3 612.2 601.5 603.9 601.1 601.8 601 600.4 599.1 596.8 595.2 593.2 593 592.1 589.5 584.2 570.3 553.2 559 558.2 562.1 559.7 566.2 580.8 590.5 600.8 610.2 616.6 622.4 624.9 625.2 625.4 624.5 621.5 618 617 616.9 615.4 613.7 611.7 608.9 605.4 600.9 593.3 583.6 574.4 563.3 577.4 588.9 597.3 604.9 612.5 618.6 626.5 633.6 639.7 645.1 648 649.5 649.7 648.4 648.1 646.2 642.3 632.4 619.3 606.7 614.3 622.5
661 665.7 671 673.8 673.4 669.1 661.6 651.5 639.7 625.6 609.9 600.3 595.8 593.4 592.4 592.4 592.4 591.7 588.5 587.2 587.3 587.2 587 584.3 579.4 568.6 557 535.1 543.4 543 544.1 565.3 580.2 591.3 602.5 611.2 617.1 621.9 622.7 621.5 621 619.2 618.6 615.3 609.8 611.2 609.8 608.9 606.8 604.2 600 594.7 586.4 575.3 564 569.1 582.3 592 600.8 609.1 615.2 622.1 628.8 637.2 644.9 649.8 651.9 653.5 653 651.2 651 648.4 643.9 638.3 626.3 609.9 605.3 616.5
657 662 668.6 673.2 673.5 669.8 662.3 653.1 641.4 628.2 610.7 598.1 587.9 586.8 585 584.2 585.6 583.8 584.1 583.4 583 582.4 581.3 577.3 559.6 540.6 524.2 516.1 523.1 532.1 552.5 567.9 582.2 595.3 604.8 611 616.4 618.1 619.3 619.1 617.5 614.8 613.9 611.1 605.5 603.7 603.9 603.2 601.7 598.8 593.3 586.7 576.3 561.2 559.7 578.8 587.8 594.9 602.7 610.8 617.6 624.9 634.5 644.5 650.5 654.8 657.3 657.4 656.2 654.3 652.7 649.6 645.8 639.4 628.4 612.3 607.1 607.9
