public/OST50/NO49.asc
ncols 200
nrows 200
xllcorner 340000
yllcorner 790000
cellsize 50
[rows 105 to 139 of 200, columns 78 to 155 of 200]
461.6 457.9 455.5 454.3 454.4 454.9 456.3 452.9 446.5 437.6 427.2 419.8 408.9 401.2 390.5 383.4 376.4 370.9 367.3 362.9 361.7 362.5 365 369.3 373 374.5 374.3 372.4 370.7 369.9 369.4 369.6 371 368.8 362.3 354.9 347.9 338.7 329 318.9 311.4 303.5 296.5 291 286.8 282.7 277 268.8 264.6 255.8 244.7 243.4 247.2 251.8 261.6 268.6 271.4 271.4 266.7 258.6 249.8 241.3 237.2 232.3 227.3 221 213 204.3 193.1 182.3 179.9 177.7 176.6 176.3 175.6 174.3 173.8 174.7
464.9 458.1 454 450.9 449.3 446.6 443.9 439.9 433.2 426 416.7 408.4 399.6 391.8 382.4 374.3 367.4 363.6 358.5 356.8 354.5 351.2 354.7 359.3 362 364.3 366 364.2 363.3 361.9 362.8 363.1 364.3 363 359.6 353.2 348.7 340.7 335.1 329 322.4 314.2 307.9 301.6 296.4 290.2 283.6 277.1 267.9 260.5 250.4 242 240.6 244.6 253.7 260.3 265.2 263.4 256.9 246.7 235 229.5 225.2 219.6 213.7 207.5 198.5 191.7 183.4 178.2 178.6 178.5 175.7 176.9 176.8 176.5 174.5 179.8
466.1 458.6 452.1 446.9 442.8 438 433.2 426.8 420.4 411.3 403.5 396.1 388.6 382.2 373.4 366.8 360 354.1 349.4 348.3 345.9 342.9 342 345.9 350.7 353.5 353.9 353.3 353.3 351.8 351.7 353.1 353.8 354.9 355.7 354.3 350.2 344.1 341.8 335.6 329.6 322.4 315.3 308.8 303.3 296.9 290.2 282.6 272.7 263.5 252 243.2 233.3 236.8 245.7 251.6 255.4 251.7 245.3 231.9 224.6 209.8 210 202.7 193.8 189.6 182.1 179.9 179.3 178.9 177.3 177.2 177 176.3 177.1 177.4 180 184.3
465.4 456.4 448.9 440.9 433.8 427.7 421 414.5 406 399.4 392.2 386.3 381.6 372.6 366.2 360.4 351.9 344.9 342.2 340.1 336.9 335.6 332.1 333.8 337.6 341.4 342.3 342.6 342.3 341 340 340 343.6 346.3 348.5 347.3 347.4 346.3 343.7 336.2 330.9 327.2 320.9 313.8 308.6 303.6 295.2 286.6 274.3 262 252.9 243.6 236.5 228.5 237.7 244.2 245.8 242.8 239.3 230 219.9 205.1 194.2 190.8 183.1 181.6 181.4 180.9 178.6 179.2 178.7 178.1 177.3 179.1 180.2 181.9 185.2 189
462.9 451.9 442.9 432.7 423.8 415.4 407.2 399.5 393.7 389 383.6 376 370.9 365.9 360 354.2 345.2 340.4 334.8 332.6 331.1 325.4 324.1 324 326.3 331.6 333 330.7 328.4 326.3 325.9 324.9 328.9 332.8 335.7 339.4 341.3 339.1 336.8 335.8 331 326.7 321.5 319.5 313.3 306.4 301 289.1 273.3 261.1 250.9 244.5 236.8 226.8 229.8 233.1 236.2 230.6 227.7 221 203.9 193 186.9 183.2 182.7 182 181.5 180.2 179.5 178.6 178.2 178.4 180.7 182.2 182.2 185.4 189.8 192.4
457.1 445 435.7 425.4 414.4 404.8 397.6 391.3 386.8 380.7 375.2 370.5 365.9 359.9 354.1 347 340.5 333.7 328.5 325.1 321.2 316.7 316.6 313.8 316 319.4 318.5 317.8 315.3 312.6 309.8 310.1 313.1 316.6 320.4 323.4 326.2 326.9 328.6 328.2 325.1 321.7 319.6 318.1 309.4 302.5 301.7 288.2 274.1 260.2 249.6 238.7 229.8 222.8 218.8 225.4 230.2 223.2 218.4 209 193.5 184.7 184.3 182.6 181.7 182.6 180.4 181.8 180.4 180.6 180.1 182.8 182.9 184.5 184.2 187.1 191 196.4
449.6 438.7 429 419.6 409.5 399.5 391 386.7 380.1 375.4 370.8 365 361.3 355.5 349.3 342 334.2 329 322.8 318.9 314.5 310.5 306 304.6 306.2 306.6 305 303.4 301.4 297 295.5 293.1 295.3 298.2 302.1 305.3 307.6 310.8 313.3 314.4 314.4 313.9 312.7 308.5 303.1 294.9 289.7 281.8 270.2 255.2 243 230.3 221.7 214.2 212.2 224.1 225.6 216.8 206.2 197.3 188.3 185.5 184 182.3 182.4 182.6 182.3 181.5 181.6 181.8 184 185.2 184 185.5 186.4 187.8 192.9 198.6
444.6 433.5 423.9 414.3 406.3 394.2 386.4 381 375.3 369.6 365.7 360.6 357.1 352.1 345.4 336.9 330.1 325.1 316.3 313 308.2 302.6 298.3 296 295.2 295.1 293.2 290.1 286 280.6 277.8 277.6 276.2 278.3 277.4 275.1 274.5 279.7 291.1 295.5 297.9 300.9 303.9 304.8 295.9 288.6 276.6 267.7 254.9 246.3 232.5 222.1 212.2 208.3 205.2 213.4 214.8 205.8 195.3 188 185.1 185.9 185.9 184.5 184.6 185.4 184.2 184.8 187.3 188.7 188.8 187.8 186.8 186.3 188.4 189.3 193.6 198.4
440.7 428.1 418.6 409.7 399.1 388.8 380.3 374.4 368.2 364.6 360 355.5 353.3 346.6 341 331.9 325 318.7 311.4 305.5 303 294.8 288.2 287.9 285.2 283.8 280 274.5 269.4 264.6 258 254.3 250.6 249.1 249.1 243.7 241.9 245.2 254.8 264.6 275.3 282.5 291.3 292.4 288 277.3 266.3 250.2 239.7 230 217.8 208.4 201.5 200.1 200.4 202 200.1 193.9 189.3 186.5 186.9 186.7 186 186.7 187.5 189.6 190.6 191 191.2 190.7 191 190.2 188.3 189.9 190.7 191.5 193.8 198.3
436.5 423.3 412.8 404.2 394.1 383.6 374.4 368.4 364.2 359.8 354.9 352 348.1 343.2 335.5 327.9 322.1 313.3 307.5 302.8 298.1 288.1 281.2 276 271.5 270.4 265.4 258.6 252.6 245.8 235.8 231.3 228.5 226.3 224.6 223.4 222.6 222.9 224.9 235 240.3 251 264.4 274.6 272.9 262.7 246.7 232.4 217.1 206.1 202.5 203 199.2 198 196 194.7 192.2 190.5 187.9 188.2 187.6 187.5 189.4 193.3 195.1 198.1 197.5 198 194.9 193.9 193.2 192.3 192.2 190.3 192.4 193 195.5 199.1
431.2 420 409.3 398.9 390.1 378 369.2 363.2 359.8 354.9 350.4 346.6 343.9 337.8 330.7 324.4 317.3 308.7 300.8 295.5 289.9 280 272 263.4 259.6 254.7 248.4 239.9 235.8 228.7 222.2 220.6 222.6 220 218 218.9 216.6 214.8 212.3 217.7 218.8 222.4 231.7 244.7 242.4 231.8 220.2 206.7 201.9 201 200.8 200 195.7 193.3 192.8 192.3 189.5 188.2 189.7 188.2 188.7 190.7 197.7 201.5 202.9 203.7 203.2 202.3 201 199 196.3 195 194.1 191.7 194.1 194.5 196.2 199.1
428.3 416.3 406.3 396.2 385.1 374.9 365.5 358.7 353.1 350.6 346.5 343.1 337.3 332.5 323.8 317.5 310 301.4 292.6 285.5 276.3 269.2 259.6 251.1 245.7 241.4 234.5 228.4 227.6 227.7 230.1 224.4 223.2 225.2 225.6 222.8 219.1 217.1 212 212.4 212.8 211.4 212.3 214.1 212.6 208.6 205 203.8 201 201.1 197.9 196.7 195.2 193.7 191.2 190.8 188.7 189.4 190.2 190.6 194.2 201.9 205.4 209.1 210.1 211.4 211.2 208.8 205.9 202.5 200.7 197.7 196.8 194.1 195.7 196.4 198.6 201.2
425.1 412.8 403.8 392.7 381.4 370 360.7 353.5 348.7 346.6 341.2 336 331.5 326.1 317.6 310.2 299.9 291.9 285.2 276.1 266.1 257.2 249.9 245 239.6 234 229.6 231.5 236.9 237.1 237.6 232.4 229.7 229.5 226.1 223.2 223.8 219.4 218.7 207.7 209.2 208.4 205.5 205.8 206.2 203.9 204.8 203.1 201.1 198.7 197.5 194.9 194.8 193.4 192.4 191.3 190.5 191.3 193.3 198.1 205.6 211.1 215.1 220 222.1 220.8 217.9 213.8 211.6 208 204.6 201.9 198.5 197.7 195.7 198.4 199.4 202.6
419.6 409.3 400.3 390.5 379.5 368.1 358.6 350.4 344.3 340.2 335.6 327.4 322.8 315.5 309 301.3 293.2 284.9 275 263.9 254.7 246.8 242.3 236.8 231.6 235 240.1 241.8 244.1 247.4 247.4 245.4 241.1 244.8 241.1 234.7 230 225.1 222.3 219.6 216.7 211.5 210.2 208.8 207.2 206.9 202.4 200.2 201.7 196.1 199 197.1 195.8 193 193.5 192.3 193.6 196.4 202.7 210.3 221 230.2 231.2 234 233.1 228 222.7 220.3 217.5 215.3 210 206.5 201.2 199.6 197.9 200.1 202.2 205.3
414.4 405.7 396.5 386.2 377.1 367.2 356 348.3 340 333.8 326.3 320.1 313.8 307.8 301 292.4 284.9 276.7 262 256.2 244.9 238.9 235.2 235.7 236.5 243.6 248.7 251.1 255.3 257.2 259.5 257.6 251.4 254.2 253.8 248.8 241 235.3 230.4 226.4 223.4 219.5 216.2 211 210.7 208.5 205.4 202.9 197.5 200.8 200.7 199.5 198.3 195.2 194.3 193.4 196.8 204.3 214.3 224.1 235.6 246.4 247.3 247.1 241.3 236.9 233 228.4 226 223 217.4 211.5 204.7 201.4 200.7 202.9 204.9 209.4
408.3 401.3 393.9 383.4 375.7 364.7 353.9 345.8 337.9 330.2 322.8 313.5 307.6 299.8 290.7 283.9 275.4 266.2 258.8 244.9 241.5 239.6 243.8 242.2 247.3 253 256.9 262.1 264.7 266 270 266.6 264.1 263.3 261.1 256.6 251.4 247.8 241.9 236.5 230.6 227.1 223 217.9 215.1 212.7 208.6 207.6 205.2 203.9 203.1 201.9 198.5 197.5 196.4 195.1 202.9 219.1 234 242.9 250.8 261.4 263.8 258.3 251 245.5 243.5 240.3 236.2 232.6 225.9 216.8 208.7 205.2 202.6 205.5 206.8 211.9
403.4 397.2 390.2 382.7 372.3 361.6 351.4 343 335.2 324.1 318.1 308.6 300 293 284.7 275.8 266.9 258.9 243.6 240.4 245.9 250.1 252.2 251.3 254.9 259.8 264.9 270.4 273.6 274.2 276.8 277.1 275.8 273.2 268.5 266.1 260.8 256.8 250.9 245.8 243.4 238 231.3 225.1 222.2 217.4 214.8 213.6 214.1 212.7 212 206.7 198.7 199.2 198.5 198.6 211.6 231.8 250.4 261.3 271.3 277.7 277.6 272.3 269.2 258.5 255 250.3 247.5 241.4 232.1 223.4 213.1 209 209.8 209.1 208.4 213.9
395.7 392.3 386.6 377.8 368.8 357.8 349.1 339.7 330.3 319.1 310.9 303.1 295.3 286.7 276.6 268.1 258.1 247.2 247.6 247.4 254.8 257.8 261.1 262 266.7 270.4 272.3 279 281.5 285.7 284.9 284.8 283.9 282.8 277.4 275.5 270.8 266.4 262.8 258.4 253.2 247.7 241.4 233.2 230.2 227.2 225.9 222.9 222.1 219.6 213.2 209.5 200.2 200.1 199.4 205.7 222.1 241 258.9 270.4 283.8 291.8 290 287.6 281.2 272.7 268.7 264.7 259.6 250.8 239.2 229.4 221.3 215.2 214.5 214.4 210 215.9
389.1 386.2 380.4 372.2 363.3 352 345 335.2 327.1 317.4 307 297.7 289 281 268 261.4 249.3 247.7 253.7 258.2 263 267.6 270.2 274.5 280.2 283.6 283.5 291 293.9 294.9 294.5 294.4 293.8 292.1 290.7 285.8 280.9 276.1 271.7 267.1 262.4 257.4 248.9 246.1 243.4 240.2 237.5 233.6 229.1 222.2 216.4 210.6 201.3 201.5 202.9 212.5 230.7 248.4 265 280.2 295.5 301.3 301.6 299.7 295.6 288.6 283.3 280.2 270.7 261.2 250.4 237.7 228.5 221.5 220.1 219.9 216.7 217.4
381.1 376.9 372.2 365 359.3 348.9 340.8 331.3 322.7 312.1 302.6 289.9 280.6 271.8 264.3 255.3 249 253.1 259.9 268 274.6 278.2 285.8 289 292.3 298.1 300.3 304.4 307.3 307.9 306.4 305.5 303.7 303.3 301.3 296.1 290.6 285.4 280.4 276.2 271.5 267.6 264.3 260.9 256.3 251.8 246 240 232.7 225.4 218.4 205.4 203 199.9 206.8 221.6 238 257.1 273.1 288.7 302.3 310.9 315.1 314.6 311.9 303 300.2 294.4 283.5 272.2 258 246 235.9 229.5 226 223.5 220.9 216.4
370.6 369.1 364.2 358.7 353.6 343.9 338.3 329 319.9 309 299 284.3 274.2 266.2 258.1 251.2 248.6 260 270.2 279.2 288.2 292.6 297.3 303.5 309.7 315.8 315.4 316.9 318.7 319.5 319.4 318 316.1 313.3 313.3 308.2 303.4 299 292.6 289.4 285.3 280.7 275.8 270.5 265.1 259.2 252.6 245.3 236.4 226.3 219.6 211.9 205.1 205.9 214.7 230.3 249.7 264.2 282.5 296.3 310.4 322.2 327.5 328 325.3 320.5 315.2 306.1 296.7 281.5 267.2 256.4 243.8 237 232.5 228.8 223.9 223
362.1 361.6 358.7 353.9 347 339.2 335.4 323.8 315.9 304.1 291.6 277.7 267.3 261.9 252.3 251 260.1 272.4 282.3 293.2 297.1 305.7 312.1 321.3 324.6 329.1 332.3 332.4 333.4 333.4 332.4 332.7 330.7 329.1 326.1 320.5 313.4 309.8 305.5 303.5 300.1 294.4 286.6 280.3 273.1 265.3 257 247.8 239.7 231.1 222.6 212.1 204.9 210 230.4 239.2 256.3 273.4 288 303.9 319.3 332.4 337.9 338.7 335.6 332 327.3 317.9 306.9 289.1 274.8 263.8 252.2 244.4 238.5 233.8 228.2 222.3
354.1 354.1 348.3 343.8 339.1 332.4 328.7 319.5 310 298.4 285 275.2 266.7 258.4 252.6 252.8 270 280.9 293 301.6 309.6 318.3 324.6 334.9 339.4 344.1 346.8 345.7 346.4 347.4 347.2 345 341.7 338.7 335.8 329.7 324.2 320.3 317 315.9 312.6 307.8 296.6 288.3 280 270.1 259 252.1 242.9 233.5 225.4 218.5 205 206.9 235.8 247.9 264.8 281.4 297.1 311.6 326.9 341.6 347.5 350.1 348.2 345.3 338.7 328.5 313.4 295.7 282.6 271.5 260.8 251.4 244 237.5 231.8 227.5
346.3 340.8 338.9 335.2 330.8 325.5 319.7 313.3 301.4 291.4 278.2 273 259.2 255.2 254.5 261.7 278.1 293.6 302.2 311.3 321.9 329.2 338.6 345.3 350.8 355.5 360.1 361.2 360.3 361.4 359.1 355.6 351.8 349.9 347.1 340.5 337.1 331.8 327.2 323.8 321.5 317.5 304.6 295 284.2 273.4 263.9 255.2 245.7 235.1 225.4 216 206.6 207.5 220.4 249.2 272.2 286.4 301.3 319.3 332.9 348.2 356.9 360.7 358.6 356.1 347.9 336.2 321.7 304.8 291.5 280.1 268.3 257.7 248.6 241.4 234.9 232.1
337.3 331.3 329.4 326.3 319.9 316.7 310.3 306.5 294.4 284.3 273.6 263.7 256 253.8 259.2 269.3 286.2 300.7 309.4 320.4 332 339.3 348.9 357.4 362.9 370.3 374.5 377.6 375.7 374.2 371.4 368.6 363.7 358.6 355.6 351.8 347.6 341.1 336.4 332.4 327.5 322.1 311.3 301.1 288 273.7 266.7 256 247 236.2 225.4 216.1 209.3 209.3 211.1 234.8 264.9 289.2 303.8 321 334.7 348.8 359.7 366.3 368.5 363.9 355.7 342.7 328.5 311.3 300.6 287.4 275.8 265.3 254.7 246 235.7 238.5
326.7 319.5 319.9 314.7 308.7 304.2 299.5 296.3 286.3 277.7 265.9 257.7 255.4 258.4 268.7 278.3 292.6 306.7 316.1 328 338.5 348.7 359.7 369.4 375 383.1 388.4 388.2 387 383 383 378.6 373.3 369.1 363.2 358.3 353.4 347.5 342 337.5 329.7 322.8 312.6 303.1 288.1 277 268.8 254.4 245.6 235 223.5 218.6 210.1 209.1 211.8 217.7 243.4 275.8 299 317.4 330.3 342.9 355 361.9 369.5 367.5 359.9 348.5 333.7 320.3 309.5 297.3 283.9 272 261 251.7 244.8 235.7
318.9 310.7 306.6 304.8 298.4 293 286.4 281.8 275.1 264.7 259.3 256.9 261.9 266.5 275 285.3 299 311.4 321.1 332.8 342.7 354.9 366.4 377.1 386.4 394.4 399.2 395.8 393.6 391.5 388.8 386.7 380.3 373.8 365.6 362 356.6 350.2 343.9 336.6 328.9 318.9 310.8 301.9 287.8 278.2 268.4 256.3 245.5 232.3 224.9 220 213.4 210.6 213.4 215.9 229.7 266.1 290.9 308.2 321.9 334.1 345.4 355.5 360.8 363.7 361.3 350 337.7 327 317.9 304.8 292.5 277.9 267.2 257.6 249 237.7
309.5 301.7 295.2 293 286.7 282.6 276.8 265.1 261.9 261.3 259.4 264.6 265.7 273.3 283.7 293 306.4 316 326.6 336.7 347.7 360 371.1 382.3 392.9 402.3 406.6 401 396.9 393.1 388.9 385.8 380.1 373.2 366.1 359.8 354.7 347.3 339.1 332.1 323.4 315.3 307.6 296.2 285.5 275.5 265.3 254.9 243.8 232.7 228.8 223.8 219.2 212.6 214.1 214.9 220.7 253.3 277.5 295.2 310.8 323.8 334.3 345 352.1 356.9 357.8 351.1 342.2 333.5 323.6 310.8 299 284.7 272.5 263 254.6 248.2
298.9 292.9 289.1 280.5 272.2 266.8 265.3 263.8 261.6 262.5 266.4 270.9 275.6 283.3 290.1 301.4 313.2 322 331.1 341 353.5 367.3 377.4 388 397.5 404.8 405.5 400.7 394.6 389.6 384.1 378.4 371.9 367.2 361.1 354 349.3 342 333.5 326.9 316.8 309.6 301 291.1 281.9 271.8 263.8 255.2 247.8 240.2 236.8 229.3 222.2 220.2 213.3 215.5 216.7 239.2 262.4 281.4 298.2 311 322.9 333 342.5 348.5 351.5 349.5 344.3 337.1 328.3 316.8 304.3 290.2 278.9 269 259.7 252.9
290.5 287.2 279.8 268.9 267.3 266.2 266.1 266.7 269.1 274.6 276.5 281.4 289.8 292.8 295.7 310.3 319 326.6 335.8 346.5 359.4 371.4 383.9 395.3 401.8 402.9 400.3 395.7 390.6 383.5 377.7 368.6 362.6 358.5 353.7 348.3 343.4 334.6 328.5 320.7 312.4 304.9 297.6 287.3 277.9 270.3 265.6 262 257.9 252 244.3 237.5 229.6 223 220.8 216.8 218 226.7 246.7 267.6 286.5 300.9 312.4 322.1 331.5 339.4 345.1 347.1 346.5 341.6 332.5 321.6 309.9 296.6 285.2 274 265.6 258.3
284.3 275.8 268.5 269 269.9 272.1 272.8 273.7 280.7 284.4 286.3 292.3 295.9 303 304.7 316.4 322.6 331.5 341.4 350.9 362.9 376 389.1 397.9 404 402.2 397.2 391.4 384.1 377.3 369.3 361.6 356.1 350.8 346.2 340.8 335.8 329.5 322.7 315.7 308.1 300.9 293.1 284.5 276.9 275.3 273.4 270.2 265.1 259.6 252.8 243.5 234.9 226.9 224.1 217.3 219.2 221.6 237.6 255.8 273.1 289.6 303.8 314 322.4 331.4 338.4 344.1 345.4 343.9 335.9 325.9 314.3 301.8 290.1 280 270.8 263.9
274.5 269.8 273 271.3 278.1 278 285 285.3 289.5 294.7 298.3 302.7 307.3 311.3 318.9 322.2 329.7 337.4 345.2 356.6 368.1 379.7 390.7 399.2 403.6 401.8 396.6 389.4 381.5 374.1 364.2 358.2 353 346.5 343 337.3 332.8 327.2 320.2 314.1 306.8 299.8 292.5 285.4 284.3 283.3 281.8 277.2 271.5 265.8 258.6 249.1 238.6 230.1 228.1 224.9 220.9 219.6 232.5 247.8 262.8 279.3 292.4 304.2 314.1 323.4 332.9 339.9 343.4 342.9 337.9 329.2 319 307.1 294.7 286.6 277 269.9
270.1 276.3 276.3 281.4 285.9 292.6 295.4 296.9 299 300.2 307.5 308.4 317 321.2 327 331.3 336.5 342.2 350.9 363.4 373.9 384.9 394.2 402.5 405.5 401.9 396.3 389.3 381.3 372 362.4 355.8 349.8 345.9 340.3 333.9 329.5 324.7 319.3 311.6 308.4 303.3 297.9 294.8 292.1 290.9 287.8 282.9 277.1 270.6 263.2 254.1 243 233.8 229.6 227.2 225.4 221.6 228.3 238.5 255.3 269.5 283.3 295.9 307.7 319 326.9 335.8 340.8 342.4 339.8 332.1 322.3 313.3 302.1 292.5 284.7 277
279.1 279.8 283.9 288.8 298.2 302.3 303.4 306.2 308.1 310.2 315.9 322.4 324.9 329.7 334.9 339.5 344.7 350.9 361.2 370.7 380.5 390.2 398.6 405.2 406.9 404.1 398 390.5 381.6 371.1 360.7 354.7 348.7 344.7 338.2 334.1 329.7 324.6 320.3 316.5 312.9 309.8 309 305 299.6 296.7 292.5 287 280.7 273.4 266.5 257.4 247.7 237.1 233.3 229.4 225.5 223.5 224.2 232.3 245.1 258.4 274.1 286 299.3 311.8 321.7 330.5 337 340.6 339.1 334.3 325.2 316.9 308.4 300.3 291.5 282.8
282.8 283.3 292.7 299.3 306.6 310 312.1 317.1 316.5 321.5 325.2 329.8 334.2 337.4 342.3 346.9 353.6 360.3 369.6 377.1 385.5 394.7 401.9 407.7 408.4 405.9 400.4 393.2 382.6 371 361.1 352.6 346.1 343.4 339.3 334.9 331.4 328.4 324.4 322 320.3 320.1 317 313.5 308.5 303.8 297.2 290 283.8 276.2 268.9 259.2 249.7 240.8 235.7 226.8 227.1 227.4 226.1 227.6 234.3 248.1 263.9 276.5 289.6 304 316.1 324.6 331 337.3 337.4 333.9 327.4 320.2 312.9 304.8 297.4 290.5
