public/OST50/NO49.asc
ncols 200
nrows 200
xllcorner 340000
yllcorner 790000
cellsize 50
[rows 35 to 69 of 200, columns 0 to 77 of 200]
203.5 200.2 197.9 197.6 201 204.2 207.7 204.6 201 200.8 202.3 203.4 209.1 208.5 207.8 206.7 206.5 205.4 204.9 205.1 198 191 189.3 189.4 189.1 188.2 188.1 188 190.2 195.8 197.5 205 213.9 222 219.3 215.3 210.9 221.8 225.4 236.2 240.9 245.6 247.9 249.6 250.2 247.2 244.3 237.8 231.4 220.2 206.9 195.8 189.6 184.8 183.8 178.7 173.8 169 170.8 168.9 172.4 168.5 168.1 168.1 168 168 170.9 175.4 177.9 176 179 178.8 178.5 178.3 182.3 183.5 184.6 184.5
199.6 197.6 197.6 199.5 201.7 205.8 207.3 205.5 203.3 208.3 208.8 208.4 211 208.4 208.8 206.7 207.5 203.5 192.8 188.2 180.1 179.7 179.8 179.8 184.7 190.1 188.3 187.2 188.1 187.8 187.3 186.5 190.3 196.4 207.2 216.8 207.9 220.2 225.6 233.6 238.6 242.6 245 243.7 242.2 243 241.9 232.8 222.6 213.1 206.4 197 187.8 184.5 180 173.4 171 170.6 170.9 169.2 169.5 168.4 169.1 168.9 168 169.4 171.2 170.9 172.9 175.8 177.6 179.6 178.7 179.5 179 181.1 182 182.5
202.2 204.2 202.5 200.8 205.6 210.3 208.6 207.7 205.2 205.9 207.3 207.2 209.1 206.7 204.2 195.3 191.8 188.9 179.7 179.7 181.7 183.4 183.6 183.2 179.8 179.8 180 180.3 181.9 185.6 187.7 187.2 185.9 184.3 185.5 198.8 205.7 215.1 226.8 223.1 233.2 238 239.3 237.2 234.3 232.1 230.1 224.5 215.2 208.5 204.6 197.6 188.4 183.6 176.1 174.3 172.2 170.8 174.6 169.7 172.5 169.2 168.5 169 169.2 168.2 170.9 168.6 171.5 174.7 176.8 176 178.9 179.1 179.4 179.6 181.7 180.1
195.8 194.6 193.1 191.5 190.6 195.3 203.5 207.5 205.5 201.4 201 200.2 200.9 193.5 191.9 186.1 184.1 179.7 183.2 184.1 184.1 184 183.7 183.7 183 183 182.9 181 178.8 178.2 178.2 186.3 186.8 185.3 184.3 187.9 193.3 208.3 218.8 228.3 224.6 228.4 231.4 230.7 228.3 224.7 222.5 217.1 210.2 204.3 200.3 195.2 187.4 182.3 176.2 174.4 174 175.7 174.4 169.8 169.9 172.2 169 170.6 169.1 168.1 168.4 168.3 170.8 175.3 176.8 178 179.3 179.4 179.2 179.5 179.3 179
194.3 193.4 193.2 193.4 192.6 190.6 189.8 205.5 198.5 195.8 194.7 193.7 192.2 192.2 184.1 179.9 179.7 184.8 185.1 185.8 185.8 185.6 185.1 185 184.4 183.9 183.5 182.9 182.6 182.2 181.8 178.1 183.9 185.6 185.4 184.9 183.3 206.8 207.9 218.3 216.3 220.2 221.1 222.7 223.8 219.8 216.8 214.7 206.5 201.5 198.1 194 186 181.1 181.2 175 180.7 176.8 168.3 169.8 169.8 169.6 168.2 168.5 168.2 168.1 168.2 169.3 171.7 174 175.4 177.5 178.8 179.7 179.6 178.9 179.7 180
193.5 193.6 194.9 195.9 196.2 194.4 189.6 189.7 191.5 192.7 193.2 193.2 188.2 183.6 180.1 179.7 186.1 187.2 187.5 187.6 187.7 187.7 187.7 186.5 186 185 184.6 183.9 183.3 182.8 182.7 181.9 178.1 183.4 183.9 184.6 183.6 183.8 203.9 206.4 217.2 213.9 215.6 217.3 216.5 214.4 211.7 208.1 201.7 198.3 192.9 190.3 185.4 184.2 182.1 180.8 174.1 172.8 168.9 171.8 174.1 169.6 168.6 169.4 168.1 168.6 168.4 168.1 170.9 174.6 175.4 176.1 179.5 179.9 180.9 180.8 178.8 178.4
196.3 198.4 196.3 195.3 196.1 194.9 193.7 191 188.7 190.4 187.8 185.3 184.8 181.4 180.4 186.7 186.8 188.3 188.5 187.8 187.4 187.3 187.2 186.4 187.1 187.3 186.5 184.8 183.3 183.2 182.5 182.7 180.3 177.8 182.6 182.9 184.1 180.5 184.9 202.6 210.3 211.1 211.1 212 212.6 211.4 207.9 202.8 199.3 196.6 192.7 190 186.5 183.6 183 179.9 175.7 172.2 174.3 173 172.4 171.1 168 169.1 170 169.9 170.1 168.4 171 174.6 179.8 177.4 179.6 181 180.1 178.5 178.7 176.9
197.2 203.4 197.7 197.1 196.6 195 192.4 186.9 186 185.2 185.4 185.3 180.6 180.5 186.8 187.8 187.8 189.4 189.3 188.8 189.1 188.1 189.1 189.8 192.6 192.7 189.6 189 189.2 193.2 195.9 193.8 188 177.6 179.1 181.2 181 181.2 180.2 185.9 202.8 206 209.2 210.7 210.2 208.6 206.7 204.5 202.4 197.8 193.4 189.1 187.1 185.9 183 178.9 177.1 179.4 177.8 170.4 172.1 171.1 168.6 168.7 169.6 173.3 172 170.9 174.1 175.5 180.9 180.7 181.3 181.5 178.7 180.7 179.5 179.3
204.1 209.8 197.6 195.4 196.1 192 188.5 186.4 186.4 186.1 184.7 181.1 183.7 188.4 191.1 190.4 189.9 190.2 189.4 190.4 191.4 192.6 192.9 195.7 198 196.8 192.7 190.6 190.5 193.1 196.8 195 193.6 186.4 177.2 179 181.6 181.1 181.5 180.5 192.3 200.4 202.8 207.6 209.5 208.8 207 206.5 202.9 198.3 192.8 189.6 187.3 186 184.9 181.3 175.7 179.4 176.7 178.7 170.5 172.7 170.6 168.5 172.2 176 172.8 175.5 177 178.2 180.8 181.1 181.1 180.6 180.7 180.9 179.6 179.1
202.5 195.7 196.1 193.7 190.9 190.3 189.8 186.5 186.6 185.3 181 187.5 192 195.2 192.8 192.4 194.3 197.1 193.6 194.4 194.2 194.7 197.8 198.4 200.2 201.6 193.2 191.1 192.3 193.3 195.2 193 192.1 189.3 182.8 177.2 177.2 178.7 181.3 180.5 185.7 195.6 199.9 203.2 208.8 208.2 208.4 206.2 203.8 199.7 193 189.8 187 187.1 184.6 182.2 178.6 181.2 174.3 180.3 172.3 174.9 171.6 172.6 172.6 174.9 172.8 176 178.4 181.2 182.8 181.2 180.6 181 181.6 181.3 179.9 180.3
212.5 203.6 193.4 192.4 190.5 190.8 189.4 186.8 185.6 181.7 186.9 205.9 202.9 201.4 195.5 196 198.1 198.6 197.2 195.9 195.5 194.8 195.9 198.7 201.2 195.1 191.2 190.5 191 189.1 190.4 192.6 189.6 189.3 189.1 188.7 188.8 177.7 176.6 176.6 181.7 189 195.5 200 205.8 209.3 208.6 206.2 203.9 200.2 194.5 189.8 188.4 186.6 189.1 183.5 180.4 180.5 176.7 175.1 172.4 172.9 173.7 172.3 172.6 173.6 172.8 175.1 179.5 182.3 182.3 181.9 181 181.7 183.1 181.4 181.1 177
210.4 195 196.6 195.4 192.4 191.4 187.9 186.8 184.6 181.7 203.7 209.2 206.8 203.1 201.2 200.1 198.8 198.3 197.9 197.3 196.9 196 197.3 193.4 199.4 197 190.8 189.3 188.8 186 185.5 188.2 188.3 188.9 189.2 186.1 186.9 186.7 184.4 178.6 176.5 182.2 191.5 196.9 205 209.7 209 205.1 202.6 198.8 197.6 192.8 190.5 188.9 189.4 183.8 181.7 178.5 180.5 174.4 173.3 173.6 177.2 174.8 174.1 173.5 177.2 179.6 182.6 182.7 182.9 182.3 182.2 182.4 181.4 181.3 173.2 161.6
202.4 197 197.3 195.5 193.9 189.4 186.2 186.4 181.7 198.5 211.5 209.4 202.7 206.2 203.4 202.8 198.6 200.8 200.6 200 198.6 197.6 196.4 195.5 194.9 194.2 191.1 190.6 187.7 186.4 186.4 189.1 187 187.1 187.6 187.1 187.4 187.5 185.1 182.5 179 176.1 186.9 194 199.1 206.9 207.5 205 202.4 201 197.9 193.5 190.8 189.4 189.2 182.3 181.3 177 181.9 176.4 174.8 173.7 177.9 177.3 176.7 179.3 180.6 182.4 182.6 183.3 183.2 182.4 182.4 182.1 180.6 181.6 162 162.2
201.5 197 194.4 192.8 189 187.1 186.1 181.7 187.9 208.8 206.4 202.9 208.7 206.5 203.1 204.1 202.5 203.2 203.7 203.8 203.9 202.6 201.1 197 193.1 195.4 193.4 194.8 190.3 190.4 191.6 191.6 189.4 189.2 188.2 186.7 186.2 186 185.2 183.3 179.4 175.3 178.8 191.1 194.9 202.9 203.7 203.9 202.8 202.2 198.9 193.3 189.2 189.3 188.3 186.1 181.6 177.1 181.1 176.6 175.3 174.5 178 178.6 177.5 180.3 181.6 181.5 183.1 183.6 182.7 182.2 181.5 181.6 181.5 176.1 162.2 162.1
195.1 191.9 190.8 187.8 186.4 185.9 181.7 189.4 202.8 201.8 202.7 206.1 210.5 213.1 213.9 211 204.8 205.6 206.7 207.4 206.1 205.8 203.8 202.2 199.6 197.1 198.1 198.8 196.1 194.8 191.5 191 189.2 190.4 188.1 186.7 186.3 184.9 185.3 182.7 180.5 178.4 175.2 186.1 192.1 195.1 201.7 199.7 199.4 199 195.3 190.9 191.1 190.2 187.9 186.3 182 176.4 181.3 176.2 175.5 176.1 177.1 178.6 181.3 184 183.2 180.7 183.2 183.4 183.2 183 181.9 182.5 181.5 164.8 164 162.8
188.4 187.7 186.5 182.6 182.6 181.7 195 212.6 208.8 209.6 201.1 208.5 219.5 219.2 215.4 206.1 205.7 207.5 208.9 210.1 208.5 206.9 207.6 206.4 204.9 202.9 201.2 200.6 202.5 201 197.1 197.1 192.3 191.5 192 186.9 188.4 185.2 185.2 182.6 179.8 179.6 175.2 175.6 189.6 191.6 193.7 194.3 194.7 194.6 193.1 191.4 190.2 189.5 188.9 185.4 182.9 179.7 178.4 177 179.5 176.9 177.8 177.3 182.6 183.4 182.5 182.9 184.6 184.2 183.1 182.3 183.3 181.7 180.9 166 164.5 164.3
186.7 182.6 182.6 184.2 196.3 209.1 211.7 211.3 208.8 212.9 207.9 218.7 220.3 211.6 208.6 210.6 210.3 210.8 212.2 212.8 213.4 210.4 210.9 207.9 206.9 206.4 204.8 203 201.6 202.4 200.8 197.5 195.5 190.5 190.8 189.9 188.2 184.3 184.4 183.3 180 179.1 179.2 175.2 184.6 191.8 193.5 192.5 192.9 192.9 192.1 190.2 191 190.4 189.7 185.8 181.2 181.4 179.4 179 183 181.5 179.8 181.7 182.4 183.1 186.2 185.6 184.8 184 183.7 182.7 182.1 180.9 181.3 167.2 164.8 165.3
182.6 188 202.6 210.5 210.6 208.5 208.8 208.5 214.5 207.3 210.9 221.6 213.6 210.9 216.3 216.5 216.2 215.9 216.5 218.3 214.7 213.3 211.4 209.8 208 206.3 206.2 204.7 203.8 204.6 204.8 206.5 204.8 202.5 197.8 191.8 188 185.1 184.2 183.6 181.1 179.6 179.1 175.2 177.9 184 191.8 191.4 191.2 190.7 190.5 191 191.6 190.9 186.3 181.9 178.5 178.7 179.8 180.4 183.5 183.3 182.2 182.3 184.8 187 186.1 184.9 185 183.5 182.1 181.6 181 182.2 169.3 166.3 165.1 165.3
200.5 214.9 211.3 211 213.1 208.5 209 208.2 208.9 208.8 213.1 211 214.9 217.8 221 222.9 221 225.5 223.3 226.2 223.5 223 220.5 217.8 216.1 206.7 205.3 204.6 203.5 202.6 201.9 201.1 195.5 189.3 191.3 195.7 188.2 184.7 184.6 183 180.6 179.7 179.1 179.8 175.2 182.5 182.9 188.6 189.6 186.9 185.9 187.9 189.2 188.3 184.4 182.5 179.1 178.4 181.1 181.2 182.9 183.2 182.9 187.2 187.1 186.6 186.5 185.6 184.2 183.9 183.2 185.1 179.7 179.8 169 166.9 166.3 166.9
209.3 214.9 213.1 212.4 213.3 212.4 209.7 211.9 213.4 215.1 216.5 223.8 226.5 229.6 230.7 231.9 232.3 234.4 233.6 236.1 233.4 232 231.8 229 226.9 220.4 213.3 204.4 202.9 204.6 205.1 202.4 203.6 194.6 192.1 189.7 189 186.1 185 181.9 179.8 178.2 179 178.6 175.2 182.7 182.7 182.5 182.6 182.1 183 183 185.3 188.8 189.4 185.1 181.1 179 180.4 181.2 180.5 184 184.6 184.8 186.9 187 185.5 184.6 184.6 185.9 185 185.1 183.9 171.7 168.3 166.9 166.6 166.2
209.2 213.2 213.2 213.3 216 212.7 215.3 217.4 222.1 224.3 229.1 230.3 234.3 236.8 241.1 241.3 243.7 242.9 243.6 240.5 243 240.9 237.9 235 232.2 226.1 220.6 213.8 205.6 206 203.1 204.7 202.7 200.2 199.7 192.4 189.4 188.9 186.2 180.2 179.3 178.7 178.5 177.6 175.4 181.3 181.6 181.9 182 181 180.3 180.6 179.7 178.6 178.6 178.2 177.5 178 178.4 179.8 180.8 180.9 181.2 181.3 184.8 184.7 185.1 186.3 185.7 186 184.4 184.9 176.3 167.7 165.6 166.3 166.6 164.4
212.8 214.1 214.9 214.5 214.6 221.4 223.4 228.3 232.4 235.3 237.9 241.7 242 242.1 246.3 249.3 249.3 248.1 248.8 248.3 242.3 248 243.7 238.7 234.9 230.9 226.7 218.2 214.8 209.1 205.3 203.9 204.1 199.5 197.9 194 189.1 187.7 185 178.8 178.2 178.1 178 175.2 180.5 181.1 181.5 181.5 181.6 181.2 180.7 180.5 179.6 179 179 178.7 177.9 177 176.5 177 177 179.4 180.5 182.7 182.9 186.5 186.1 185.6 184.1 181.6 173.7 164.9 165 165.7 165.2 164.8 164.5 165.6
214.9 216.5 215.9 218.8 227.8 232 234.4 236.9 240.3 245.1 247.8 250.8 252.7 255.3 254.8 254.4 254 256.1 254.1 251.1 246.6 239.9 245.4 240.8 235.9 231.2 224.6 220 216.2 211.1 208.6 201.9 201.9 202.2 201.6 196.8 190 187.3 180.8 178.1 179 175.5 175.2 179.9 181 181.2 181.6 181.5 181.2 181.4 180.8 180.6 180 179.3 178.6 178.5 178.2 177.8 176.8 176.7 175.6 177.3 182.5 181.8 181.2 184.9 182.8 182 180.1 165.8 165 166.7 166.9 166.1 167.5 167.3 167.4 166.9
217.1 218.9 222.7 232.4 238.5 242.4 247 250.5 251.1 254.9 256.6 261.5 261.6 260.1 261.3 264.7 263.2 260 257.3 254.3 248 238.9 241.1 239.3 233.9 228.8 224.2 219.7 215.3 210.4 208.4 205.5 200.9 200.7 198.6 195.9 195.1 192.9 178.7 175.9 175.2 175.2 179.4 179.9 181.1 181.4 181.7 181.5 181.2 181.3 180.8 180.5 180.2 179.6 179 178.4 178.4 178.1 177.6 176.6 174.8 175 179.9 181.6 187.6 184.7 185.5 174.1 165.8 166 167.2 168.4 168.2 167.7 167.4 167.3 166.8 170
223.7 232.3 238.2 245 251.8 255.4 258.3 260.5 263.5 265.4 268.2 271.6 271.4 272.9 272.1 273.8 271.5 265.5 260.4 255.6 250.5 241.5 231.9 237 231.8 228.1 222.9 218.8 213.9 209.8 208.6 206.8 203.6 205.2 200 196.9 193.6 188.9 178.4 174.7 175.2 178.6 179.1 180.2 181.2 181.6 181.4 181.4 181.2 181.1 180.6 180.3 180.2 179.7 179.2 178.8 178.7 178.3 177.6 177.3 176 174.3 174.9 179.2 185.7 180.6 170 169 166.5 166.6 168 168.7 168.2 167.7 167.9 170.8 170.4 169.9
236.9 241.9 253 259.2 264.4 268.4 273.8 278.1 279.2 278.6 278.8 279 281.5 281 279.7 276.1 272.1 266.6 260.9 255.3 248.2 243.1 234.7 234.6 230 225.8 221.7 217.8 213.2 209.4 208 207 203.5 199.9 200.3 202.7 199.3 191.2 174.1 174.4 179.4 178.6 178.7 180.1 180.7 181.7 181.1 181.2 181.2 180.9 180.4 180.4 180.6 179.9 179.6 179.7 179.1 178.7 177.5 176.3 176.5 175.8 174.6 174.6 176.4 169.9 169.5 168.8 166.6 169.5 169.1 168.7 168.2 169.3 170.7 171.6 172.1 177.3
250.8 255.7 262.7 273.7 282.6 292 293.6 296.3 293.5 291.3 289.7 289.7 287.6 287 287.1 282.2 275.9 264.3 259.8 253.6 247.7 240.6 233 227.7 226.6 224.1 220 216.3 211.8 208.4 207.1 205.5 200.6 196.9 193.9 189.2 190.3 182.8 174.1 176.1 178.1 178.3 178.9 180.1 181.4 181.4 180.8 181.4 181.2 181 181.3 181.1 180.2 179.2 178.9 178.7 178.4 178.6 176 176.1 176 175.4 175.4 175.8 172.9 169.9 169.9 166.4 169.2 169.5 169.1 168.7 170 170.7 170.8 171.3 175.3 180.8
261.5 264 272.1 286.1 302.9 312.3 317.8 313 314.4 308.5 304.3 302.2 301.1 294.5 293.1 287.4 276.5 262.1 253 250 246.3 239.7 232 227.6 224.6 221.4 216.6 213.9 209.4 208.1 205.4 200.8 194.4 191.4 188.8 186.2 186.1 182.6 174.5 177.7 177.4 176.3 177.5 180.3 181.2 181.2 180.7 180.2 180.6 181.6 180.6 180.3 179.6 178.9 178.9 179 178.8 178.9 176.7 177 175.6 175.4 175.3 175.1 169.6 170.2 169.7 166.3 170 169.7 169.9 170.6 171.1 170.9 170.4 178.6 183.6 187.3
268.1 272.7 279.1 292 307.7 320.1 328.1 335.1 338.4 333.1 319.4 319.4 310.3 301.7 295.9 286.2 272.4 260.1 249.6 241 235.8 234.9 230.5 225.2 221.7 217.8 214.5 211.1 209.3 206.6 201.4 195.3 192.7 191.9 187.4 186.3 187.4 183.1 174.6 176.4 177.2 176.6 176.7 179 180.8 181 180.8 180.4 180.3 180 180 179.8 179.2 178.6 178.9 178.7 178.5 178.8 177.2 177 175.7 175.5 175.8 170.3 170.6 170.4 166.8 170.4 170.5 170.2 170.8 171.2 171.1 172.1 181.6 188.8 184.3 192.3
276.2 280.6 287.1 298.7 311.8 327.9 341.2 348.7 348.6 345.8 341.1 335.6 314 303.8 298.2 286.9 274.3 258.1 246.6 239.2 233.1 230.8 228.2 221.8 218.1 215 211.7 207.7 204.7 201.9 199.1 194.1 194.3 192.7 188.4 187.8 187.4 187.1 174.6 176.4 177 176.4 176.4 176.4 178.7 180.1 179.9 179.9 179.8 179.2 179.5 179.2 178.9 178.4 178.5 178.5 178.2 178.2 177.8 177.7 177.8 177.4 170.7 170.6 171 168.7 167.3 170.7 170.7 170.9 171.6 170.6 175.6 186 190 191.2 187.7 192.5
284.7 287.9 294.3 303.1 318.8 333.3 346.9 355.6 355.1 357.6 355.7 351.5 321.2 306.6 294.9 283.2 273.2 255.4 247.4 237.3 233 228.2 224.2 223.3 212.4 212.4 209.1 205.1 203.4 202.9 200.7 198.5 195 192.5 193.4 190.6 189.5 188.6 174.6 175.6 176.3 176.4 176.4 175.8 175.2 174.3 174.4 178.1 179.7 179.2 179.2 178.7 178.9 178.4 179.3 178.8 178 177.9 177.4 177.4 176.9 171.8 171.3 170.7 168.6 167.5 170.8 171 171 171.4 172.8 179.2 187 193.1 190.1 188.5 189.4 193.2
289.6 292.9 298.9 308.4 324 338 350.2 361.1 368.9 366.2 363.7 359.1 327.4 310.7 296.7 280.3 265.9 255.7 246.3 235.8 233.3 229.1 224.9 219.4 212.6 211.1 208.5 207 204.6 205.4 203.2 200.9 198.6 197.3 196.3 195.7 194 192.5 180.5 173.5 175.3 175.3 175.4 175 173.2 172.3 174.4 173.7 172.5 170 169.4 175.1 178.6 179.1 179.5 178.4 177.8 177.3 176.9 175.8 171.9 171.8 171.5 167.5 167.5 171 171.3 171.3 171.3 180.4 185.4 188.9 189.8 192.3 195 189.4 191.4 194.8
294.7 299 304 314.7 327 342.4 355.6 365.3 373.2 373.2 369.9 358.6 334.9 316.5 298.2 277.2 260.2 250.3 240.7 236.4 237.1 231.7 224.2 218.9 212.5 210.1 209.7 208.5 207 206.4 204.5 204.4 204.4 201.4 198.9 198.3 196.7 194.3 192.9 179.1 173.4 173.4 173.4 173.4 175 175.2 175.1 172.9 170.7 169.7 169.3 169 168.9 168.9 168.9 175 177 176.9 172.9 172.5 172.5 171.2 167.5 167.5 171.1 172.1 172.9 181.9 189.9 193.5 189.8 192.2 192.2 192.9 193.4 195.7 194.1 201.3
302.3 306 310.9 320 333.3 348 361.2 372.3 377 378.4 372 361.3 340.1 322.1 302.6 280.3 263.9 251 243.2 236.6 233.6 231.5 222.1 218.7 214.7 211 209.9 209 208.1 206.9 205.9 204.6 204.8 203.3 200.5 199 197.8 196.6 195.7 193.9 188.3 178.1 173.4 173.4 173.4 173.4 172.6 170.9 172.1 174.8 174.1 173.9 172.7 172.7 172.4 169 168.8 170.2 173 173.1 167.9 167.5 170.8 172.6 176.5 181.3 191 195.5 192.2 191.7 193.9 194.4 193.9 195.3 196.6 196 197.6 209
306.7 311.6 318.3 326.6 340.2 353.3 368.8 380.2 388.3 386.4 378.9 365.4 345.7 326.8 306.5 282.8 266.1 257.5 248.4 243.7 235 231.4 221.1 219.6 214.8 211.8 210.5 209.5 208.2 207 205.8 205.4 204.5 203.2 201 200.2 199.5 198.6 198.8 198.9 197.6 195.8 187.8 177.4 176.7 176.8 176.5 175.5 174.9 174.5 174.4 174.4 173.4 173 172.4 172 171.3 168.9 168.1 167.6 170.7 176.8 179.7 186.5 189.1 191 192.8 192.9 194.8 196.1 196.3 197.2 198.5 201 199.1 199.2 202.6 214.2
