public/OST50/NO49.asc
ncols 200
nrows 200
xllcorner 340000
yllcorner 790000
cellsize 50
[rows 140 to 174 of 200, columns 0 to 77 of 200]
569.9 582.5 586.1 587.3 587.7 587.9 583.2 579.2 577.2 568.7 560.2 553.7 548.3 546.1 540.7 537.9 538.4 541.3 545.7 549.1 546.1 537.8 533.6 533 533.8 535.9 539.2 543.4 547.9 552 555.4 556.5 555.6 551.6 545.8 540.5 537.6 535.5 533.8 533.1 532.7 528.9 524.6 517.8 507.2 492.8 476.4 460.3 441.8 426.7 410.1 399.7 390.9 383.5 375.4 370.2 364.1 357.7 350.3 344.3 336.2 331.7 328.3 321.7 319.5 314.5 308.3 304.8 300.6 292.7 283.9 280.7 277.1 279.3 282.4 282.7 281.9 284.3
580.5 590.6 593.7 593.4 594.4 593.2 589.6 585.5 580.2 565.5 556.4 547.7 540.9 536.9 533 533.6 535.3 538.2 542 546.7 542.4 538.8 537.6 538.1 538 539.4 542 545.8 549 552.4 554.6 556.1 553.8 549.7 543.4 538.8 535.7 533.5 531.5 530.3 529.8 528.3 523.7 516 501 487.7 470.3 454.7 434.9 418.4 402.9 393.4 384.9 375 367.5 360.3 351.9 348.8 341.7 336.2 333.5 330.7 325.4 319.2 313.5 309.3 303.3 299.9 292.2 284.4 283 282.6 283.3 283.9 285.6 286.1 287.5 287.7
590.5 598 600.7 600.2 599.4 596.4 593.4 587.1 577 559.7 548.1 538.1 535.1 529.8 527.7 529.3 530.3 531.3 534.3 537.7 537.6 538.6 540 540.9 541.5 543.3 545.9 547.7 549.7 554 557.5 558 551.8 545.8 539.5 535.5 533.6 531.3 529 527.7 527.5 525.6 520.9 511.1 496.5 480.8 465.9 447.8 429.8 411.6 395.9 386.8 377.9 367 360.8 353.7 344.1 340.5 333.4 328.5 326.6 320.8 316.7 311.9 309.7 303.6 299.2 293.2 286.5 283.6 286.2 288.1 286.2 287.3 286.3 288 289.5 291
595.3 602.6 604.9 605 600.1 595.4 590 584.1 569 552.8 538.8 533.3 528.6 525.3 524.3 524 524.2 523.8 526.7 530.9 534.1 536.9 539.4 542.3 544.8 547.3 550.2 551.8 557.4 557.5 558.1 555.8 550.5 543 536 532.1 530.1 527.6 526.1 523.5 523.7 520.2 515.4 502.4 487.8 473.6 460 442.6 423.6 405.5 391.5 379.8 371.2 362.4 350.5 345 339.6 333.7 328.4 325.2 319.1 314.9 313.1 308 299.9 296.1 290.3 283.2 284.5 288.6 289.5 289.5 289.9 289 288.5 290.7 291.6 295.4
594.8 602.1 605.1 603.7 597.1 591.9 586.8 576.3 560.6 545.4 532.8 528.4 524.5 521.9 519.7 518.6 518.4 517.8 519.4 525.2 530.2 533.7 537.9 542.2 548.4 553.7 556.1 555.2 554.7 554 553.8 552.2 546.2 538.2 532.2 528.5 525.6 523.6 521.2 518.6 516.4 513.9 506 495 480.7 468.9 454.7 436.2 419.1 401.5 385.8 374.4 364.6 355.7 345.1 339.8 332.7 328.2 322.3 317.3 310.1 308.2 306.8 303.1 294.8 287.4 287.7 290.3 291.7 291.3 290.8 290.8 291.6 291 291.4 293.5 296.3 299.1
595.9 601.1 601.9 598.7 593.5 586.9 579.6 564.8 549.9 535.4 529.5 525.1 521.6 519 516.5 515.3 513.3 512.9 514 519.4 524.9 528.5 533.5 540.4 549.5 553.7 553.2 550.7 550.3 550.7 551.8 546.6 539.8 533.1 528.8 524.5 521.5 518.8 516 512.8 509.6 505.8 497.9 485.4 476.6 464.9 446.5 431.5 414.8 395.5 380.7 368.8 358.2 350.1 341 335.3 326 321.6 316.9 314.2 308.5 304.5 302.2 296.2 286.1 292.2 293.3 293.4 293.3 292.6 292.4 292.3 293 295.3 295.5 298.1 299.6 304.1
592.6 594.4 592.7 590 584.2 579.2 568.9 554.3 540.9 531.6 527.7 523.7 518.1 515.6 513.6 512.2 510.2 508.9 509.7 512.8 517.1 522.8 527.7 535.8 542.4 545.2 545.7 544.9 544.7 545 543.3 539.7 534.4 528.9 524.8 520.4 516.9 513.6 510 506.8 501 496 487.3 478.6 471.4 460.7 447 429.2 409 391.2 375.8 364.2 350.8 342.2 337.2 328.9 321.4 317.4 311.1 308.2 301.9 299.8 290.5 289.4 294.7 294.9 295.9 295.5 295.2 295.9 296.5 296.4 297.5 299.6 297.7 301.8 304 310.5
585.9 586.6 585.1 579.8 575.4 569.6 558.8 545.5 534.8 529 526.2 520.4 514.6 511.4 510.2 509.1 507 505.4 505.6 507.8 512.4 518.2 522.8 527.1 533.1 537.6 538.7 540.4 540.5 539.4 538.7 533.5 528.3 523.9 520.5 515.6 512 506.7 502.9 498.8 492.7 485.6 478 473.7 466.6 455.1 442.8 424.7 403.7 386.7 371.8 358 345.9 339 331.4 321.3 317.6 313.7 308.6 303.1 300.6 291.9 293.8 296.3 296.6 298.8 298.9 298.4 299.9 300.8 301.9 300.2 302.7 303.3 302 305.6 309.3 314.7
580.3 578.3 574.8 571.2 567.8 560.3 549.2 538.1 529.7 526 521.9 515.5 510.7 506.9 505.5 505.1 503.8 502.4 500.2 501.9 507.4 513 516.7 521 528 532.5 535.2 537.2 536 533.7 530.7 525.8 521.6 518.3 514.8 510.1 504.9 499.6 495.9 491.3 484.4 476.3 470.5 468.1 460.2 450.2 437.9 421 400.4 385.6 364.9 353.9 343.6 336.1 328 320.1 315.7 311.8 306.6 300 292.7 293 296.8 298.7 299.8 301.3 302.3 303.6 307.2 307.3 306.5 305.3 307.1 308.5 309.6 309.1 313.9 321
573.9 570.8 566.1 563.7 559.7 549.8 540.3 529.9 525.2 521.3 515.6 509.8 505.3 502.1 501.6 501.1 500.3 499.1 497.2 499.3 503.1 508.2 512.4 519.7 527.6 530.7 532.1 530.4 528.4 525.4 521.7 516.4 513.6 511.7 509 504.6 500.3 495.5 489.3 482.6 476.6 467.6 461 456.2 452.4 443.9 435.6 418.4 398 384.4 363.5 350.2 340.6 332.5 325 316.1 314 308.8 303 292.5 295.1 295.5 300.9 301.9 302.8 304.9 307.9 313.4 313.7 314.1 312.1 311.1 312.5 314.3 314.1 312.9 319 324.3
567.6 564.4 560.3 557.5 551.3 541.3 531.8 525.1 518.9 514.7 509.2 505.4 500.8 498 497.3 496.9 496.5 496 494.2 495.9 498.7 504.7 511.7 520.6 525.1 527.2 526.9 524.5 520.6 517 511.9 509.2 507.2 505.6 504.2 501.1 496.4 489 480.2 472.1 464.6 457.4 447.9 446.4 442.5 438.2 428.7 413.2 396.3 378.3 362.5 346.3 335.6 329.9 321.2 314.4 309.1 304.1 297.6 296.6 296.2 303.3 304.1 305.6 307.3 311.1 318.4 321.8 322.8 321.2 318.7 317.3 318.4 319.8 319.9 318.2 323.5 329.5
562.1 558 553.6 550.1 541.1 532.2 524.5 519.4 513.8 509.2 504.5 500.2 497.2 494.6 493.6 492.5 491.9 492.7 491.1 492.9 496.7 503.7 510.5 516.7 520.5 521.5 520 516.6 512.2 508.5 504.3 501.1 500.9 501.2 498.9 494.7 487.6 477.3 470.2 463 455.5 448.1 439.5 434.7 431.8 427.5 417.3 405.8 389.7 373.9 358.4 341.9 334 325.9 318.4 311.6 305.5 299.2 296.3 301.8 305.1 306.4 307.5 309.3 315.8 323.3 330.4 329.5 330.8 329 327 324 324.7 325.9 326.6 326.7 328.8 334.3
556.1 551.8 548.2 542.7 533.4 524.2 519.5 515.1 509.3 505 501.2 496.8 494.1 491.6 490.2 489.5 487.3 488.1 487 489.8 494.3 499.9 505.9 511.2 513.2 512.8 510.6 506.9 502 500.1 496.1 493 492.1 490.7 487.2 484.9 476.7 468 462.9 454.8 445.3 436.3 427.1 422.6 419.8 414.3 406.5 395.2 378.3 367.3 350.7 338.9 329.9 320 312.9 307.4 300 299 297.2 306.5 307.7 309.3 311.3 317.9 327.4 336.2 340.6 339.3 339.1 337.7 335.1 333.1 331.9 331.8 332.1 332.9 331.1 338.5
550.8 546.6 543.6 534.6 525.3 519.5 514.9 510.1 505.9 501.2 496.6 493 490.8 488.6 487.5 485.7 483.1 483.4 483.7 485.1 489.1 494.6 499.1 503.6 504.7 503.9 500.6 497.1 493.4 489.8 487.9 485.8 482.1 478.2 477.7 474.3 466.1 459.9 452.4 443.1 432.3 424 416.9 412 406.3 402.8 396.2 383.8 370.4 358.1 343.2 331.8 322.2 313.2 307 300.9 300.8 305.8 307.9 309 310.3 313.2 318.8 329.2 337.9 345 348.8 348.5 348.7 346.5 342.8 341.5 340.1 340.4 340 339.7 341.8 342.1
545.6 542.3 536 527.8 518 514.6 510.2 505.7 500.2 496.2 491.2 489 487 485.1 484.1 482.9 477 477.9 478.1 478.9 482.5 487.6 491.3 494.6 496.2 494.2 490.2 485.3 483.4 480.6 478.3 475.4 471.1 465.9 466.1 461.1 453.9 447.8 439.2 428.9 417.9 411.1 405.4 399.3 389.4 387.4 382.5 374 361.8 349.5 335.7 323.5 315.1 310 299.1 303 306.2 308.2 310.1 311.3 313.2 319 327.7 340.4 349.1 354.9 357.3 356.7 355.8 353.9 350.2 348.5 347.8 346.3 346 345.6 344.2 346.8
542.1 539.1 531.5 522.3 513.7 510 505.5 500.4 495.1 491.7 488.1 485.6 482.9 481.2 480 477.8 474.4 474 471.1 471.7 475.5 478.7 482 484.6 485 482.6 477.7 476.2 474 469.8 467.9 463.5 457.6 451.9 451.1 445.9 439.7 432.4 424.9 413.5 404.4 398.3 393 384.6 375.1 374.4 370.1 360.5 348.3 338 326.9 319.1 311.6 301.2 304.2 307.9 308.6 310.4 312.2 312.9 317.5 326.1 338.1 349 357.2 361.2 363.4 363.8 362.8 359.5 358.6 356.4 354.2 351.7 351.1 350.2 349.6 349.4
541.2 535.7 523.9 515.8 512.2 507.6 502.4 496.2 492.1 488.1 484.9 482.4 479.6 478.2 476.9 473.3 471.5 469.9 466.9 466.4 468.4 470.7 472.1 474.5 474.3 470.3 468.7 467.6 462.8 460.4 456.1 449.5 441.8 439.2 434.6 429.4 425.8 420.8 412 400 393.5 384.9 374.5 369.4 360.3 356.2 351.1 343.4 336 328.4 320.6 314.3 304.2 303.4 308.5 310.2 310.8 312.1 314 317.2 324.7 336.2 347.9 358.2 365.3 368.8 370 370.6 369.7 367.7 366 363 360.3 358.2 356.5 355.6 353.5 353.2
541.9 535.5 527.1 514.9 509.8 503.3 497.3 491.7 487.9 484.3 481.7 478.9 476.5 474.6 472.2 469.6 468.3 465.9 462.6 460 460.2 461.4 462.5 462.8 462.7 462.4 460.6 458.2 451.7 448.2 440.8 434.1 430.5 425.4 416 411.4 412.8 406.6 394.4 386.1 374.7 367.6 363.6 357.2 349.9 342.3 338.6 333.5 326.3 319.8 315.6 306.7 305.7 302.9 310.7 312.2 312.9 314.5 317.8 324 335 344.7 355.3 365.5 372.5 374.8 377.1 377.8 377 375.1 370.9 368.7 365.6 364 362.1 359.9 357.9 355.4
541.8 535.7 526.4 517.6 511.2 507.2 496.8 490.4 485.3 480.1 478.1 475.4 473.2 471.1 469 466.9 464.6 461.6 457.7 454.2 453.2 453.4 452.6 453.9 454.9 453.9 452.7 448.2 443.1 434.1 425.2 422.4 417.9 413.5 406.1 390.6 393.1 385.7 380 373.4 365.5 357.1 351 345.9 339.8 333.9 328.8 326.4 322.2 316.7 312 307.5 304.4 310.7 313.3 314.2 316 318.1 324.6 333.1 342.3 352.9 363 372 378.1 382 383.5 384 383.7 380.1 376.8 373.7 369.5 367.8 365.4 363.7 361.8 359.8
544.4 535.9 526.2 518.8 512.6 506.6 500.6 492.7 483.8 478.2 472.6 471.9 469.6 467.7 465.6 463.5 460.9 457.1 453.5 449 448.1 445.4 444.8 445.5 445.1 446.6 445.2 440.1 434.3 426.8 418.5 412 409.1 402.1 393.9 387.4 381.1 373.3 367.5 359.8 354.4 349.5 343 336.2 331.9 328 323.1 319.7 317.8 309.1 308.3 307.7 315.7 315.2 315.2 316.9 319.5 324.1 331.9 340.3 351.8 362.1 371.5 380.3 385.6 388.8 391 388.8 386.5 384.6 380.9 375.8 373 370.9 367.8 367.6 365.5 362.9
546 537.8 529.6 521.5 515.5 509.7 502.4 493.6 485.6 477.3 471.3 467.2 465.8 463.4 462.1 460.5 455.9 452.9 448.9 446.3 444.4 439.3 438.2 436.9 437.4 437.2 436.4 430.3 425.9 417.8 407.1 401.4 395.9 387.3 381.3 375.4 368.7 363.3 358.4 353.6 345.4 342.2 337.1 331.2 327 324.6 321.1 318.6 310.4 310.4 314.7 316.8 318 318.1 318.5 320 324.2 332.4 338.5 348.9 358.2 370 379.2 386.5 392.6 398.6 395 392.9 389.8 388.1 383 378 375.3 373.6 372.2 370.5 368.2 368.1
548.1 539.4 533.1 525.5 518.7 513 505 495.4 487.6 478.2 470.8 465.9 462.5 460.3 457.3 456.6 453.5 449.2 444.6 441 434.8 432.5 430.1 429.4 428.7 426.4 424.2 422.9 417.5 406.7 397.4 390.7 383.7 377.2 371.6 367.9 360.1 354 347 343.4 339.1 335.3 330.8 326 324.1 322 319.4 315.8 310.4 314.5 317.8 319.6 320 320.8 322.4 323.4 331.2 339.1 347.7 355.9 365.7 375.4 383.6 391.2 396.5 398.7 397.9 396 390.6 387.9 383.4 379.1 377.2 375.8 375.3 373.7 371.5 369.4
550.4 542.1 535.8 529.7 525.5 517.6 508.6 499.8 492.4 479.4 471.1 465.9 462 459.1 454.3 452 447.7 445.6 438.6 435.7 429.8 425.7 424.6 422.1 421.1 418 414.1 411.5 405.7 395.7 387.5 381.4 373.5 368.4 362.3 356.6 349.5 343.9 340.1 337.2 333.5 330.4 325.4 322.9 321.9 320.1 314.2 311.6 313.9 318.5 319.1 320.8 322.9 324 326 329.7 337.4 344.6 354.5 361.9 371.5 380.3 388 394.1 398.8 402.5 401.5 396.5 391.7 388.7 384.3 382.3 380.3 379.2 379 377.6 375.6 375.3
553.1 546.2 539.9 533.5 528.8 521.3 512.7 504.2 493 482.2 474.2 467.4 461.5 458.7 455.1 450.8 440.4 438.8 434.5 428.1 426.3 416.1 418.6 416.5 414.4 411.4 406.3 400.2 392.4 386.4 379.7 372.9 366.8 360.2 352.6 347.3 343 339 335.9 332.4 329.2 325.9 323.9 323.4 321.1 318.8 315.4 312.6 317.5 319.2 321.2 322.7 325.5 328.5 331.8 336.7 344.6 353.1 360.3 367.7 377 385.5 393.7 398.2 400.8 404.1 401.2 396.8 392.7 389 387.6 385.4 384.4 384.1 383.1 382.3 381.9 379.5
555.9 550.3 544.5 538 532.6 525.2 516.7 507.3 493.4 485.1 475.8 469.2 464.3 459.2 455.8 451.2 446.2 436.1 429.7 424.7 417.4 415.4 406.4 407.2 407 405.3 400 392.5 386 377.8 370.3 365 359.5 352.7 346 341.3 336.9 333.4 330.4 329.1 326 323.8 322.3 320.6 319.7 317.1 315.6 314.4 320.1 322.8 324.5 326 329.8 334.5 341.1 347.1 354.6 360.2 367.2 374.4 383.4 390.3 396.1 401.2 402.7 404.3 401.1 397.2 393.8 391.2 390.7 389.2 389 387.8 387.2 387 391.2 395.1
558.7 554 549.1 541.8 535.3 527.4 518 507.2 496 483.9 476 471.2 466.5 461.9 457 453.8 449.6 442.5 431.5 426.1 415.3 403.7 397.8 395.8 397.3 396.9 391.5 382.8 376.1 369.9 363 359.1 351.6 347.1 342.6 336.2 333 330.6 328.6 326.9 324.8 323.4 320.8 319.6 316.8 317.3 316.6 321.7 323.2 325.8 328.2 331.1 337.6 345.2 351.6 357.8 362.6 367.3 374.7 380.4 386.6 392.8 398.7 401.8 403.9 403.5 401.6 398.8 396.7 395.1 394.1 394 393.9 392.7 394.1 398.2 404.6 408.3
559.9 556.1 551.6 544.3 537.1 529.6 518.2 506.9 495.9 485.8 479.5 472.6 468 462.2 458.1 455.5 450.3 444.2 435.2 427.2 419.7 408.9 400.2 385.9 387.1 387.6 381.2 374.8 367.6 362.6 357 352.8 346.8 342.6 336.8 333.7 331.2 326.6 325.5 324.7 324.1 322.2 320.5 319 318.7 318.4 323.8 325.3 326.6 327.9 332.6 340 344.7 355.8 360.8 365.4 369.9 376 380 384.8 390.4 395.7 399.8 403 405 404.8 403.3 401.8 400.2 399.5 399.7 399.4 399.8 402.2 406.2 412.8 419 420.5
557.2 553 550.8 544.8 537.1 529.4 515.7 505.2 495.6 486.1 479.8 474.1 469.3 466.4 462.2 458.5 452.8 444.9 435.5 425.1 414.6 406.5 399.9 390.9 375.5 375.4 371.9 367.5 362.5 356.9 352.5 347 340.7 337.3 334.4 332.4 326.9 325.3 324.8 323.1 322.1 320.1 319.3 322.7 322.6 325.5 327.1 328.3 330.8 335.8 340.9 349.1 357.2 364 367.9 371.5 375.3 380.2 384.4 389.5 393.7 398.9 402.1 404.4 406.5 407.7 407.4 406.8 404.8 404.8 405.5 406.7 410.8 412.2 419.5 428.6 430.7 431.1
551.4 549 546.1 539 531.4 522.2 510.5 500.4 492.8 485.4 481.2 477.2 475.4 472.2 466.7 459.9 453.9 443.6 433.7 421.2 411.6 401.9 394.3 385 377.5 365.5 364.6 362.1 358.3 352.4 347.5 342.9 338.1 335.6 331.9 327.6 325.7 324.6 323.7 323.8 322.9 322 323.4 324 327 329.7 333.6 336.5 339.3 343.7 350.7 358.4 365.9 370.6 373.2 377.1 380.7 384.9 388.4 392.6 397 401.4 405.2 407.5 409.3 410.5 410.9 411.3 411.2 411.2 415.2 416.5 422.1 427 435.2 440.1 441.9 440.8
543.3 539.9 535.5 528.7 521.4 512 502.3 495.9 490.8 486.9 482.5 478.2 477.8 472 465.1 458.8 452 441.5 429.5 417 406.5 397.2 389.1 380.7 374 366.9 358.8 358.4 354.4 350.2 344 338.4 336.3 333.3 326.6 328.2 329.1 328.8 326.6 324.6 324.9 325.5 327.7 330 334.4 339.6 347.3 349.8 352.7 357.7 362.2 369.2 373.6 377.3 380.5 382.7 386.8 389.4 393.2 398.1 401.3 407 410.4 412.5 413.7 414.9 416.4 417.3 418.6 421.6 426.8 430.9 435.2 443.1 449.5 452.2 452.4 449.4
533.1 530.1 524.7 517.9 511 500.7 497.4 492.4 489.4 486 480.9 475.9 470.9 467.4 463.1 456 448.1 436.6 423.9 413.2 401 391.8 383.4 376.8 371.3 365.1 359.6 352.2 348 344.2 339.9 337.4 334.3 327.9 330.1 331.5 330.8 330 329.8 329.3 329.3 331.6 337.8 344.5 351.2 359.8 366 368.6 374.2 375.8 379.4 382.5 384.9 385.3 385.8 388.4 391.3 393.1 397.7 402.8 407.8 412.8 416.6 418.5 419.5 421.2 423.5 426.4 429.9 436.9 440.9 444 450.1 457.7 460.7 463.2 462 456.2
528 522.4 515.6 508.9 503.7 499.5 495.7 490.8 487.2 480.8 477.9 471 467.2 462.5 457.6 453 445.5 432.1 420.5 409.9 398.2 387.5 381.1 373.5 366.6 360.6 355.6 350.2 346.5 344 340.6 337.9 330.3 331.3 332.3 332.4 332.5 332.6 333.1 336.4 340.7 348 356 364.6 375.2 382.4 387.6 389.2 393 393.6 392.3 391.2 391.8 391.9 391.9 393.2 395.3 400.1 405.8 410.7 415 420.3 423.9 426.4 428.9 432.3 436.4 440 445.6 453.8 457.6 461 468.8 471.6 473.4 473.9 470.6 461.8
526.4 521.1 515.8 508.2 502.4 495 491.6 487 477.9 470.1 466.3 463.8 463 458.8 454.3 449.4 441.3 431.8 417 405.1 394.4 383.2 374 365.8 360.6 356.5 350.9 346.9 344.2 342 339.7 333.3 331.5 332.1 334.1 335 336.3 337.2 340.2 347.9 358.2 369.7 381.5 390.3 397.7 406.1 407.7 409.9 408.9 406.5 402.1 398.8 398.4 398.9 399.5 400.7 404.1 409.6 415.9 420.9 427.6 433.3 436.7 441.2 444.3 449.5 453 458.7 464.9 470.6 475.2 480.1 484.9 486.5 486.2 484 478.8 468.5
523.6 517.9 511.3 504 501.1 493.1 490.8 488.7 485.1 479.9 473.7 467.6 460.8 453.8 451.5 446.2 438.4 426.7 411.8 398.1 385.1 381.1 371.6 363.5 358.3 353.3 348.6 344.7 342.5 339.6 337.3 333.1 332.4 335.5 336.5 337.5 340.4 344 350.4 364 378.1 393.9 403.7 410.3 417.3 423.7 424.1 425.5 422.9 419.4 412.3 407.5 406.5 405.2 406.3 408.1 412.8 419.5 425.9 434.1 441.2 446.9 452.2 455.6 462.4 467.8 473.7 480.8 484 488.2 491.7 498 498.5 499.1 496.5 493.8 486.2 475
527.7 523.2 520.3 513.1 506.7 500.8 496.2 492.7 488.4 482.3 476.7 471.4 465.7 455.7 438.6 434.5 424 415 409.9 405.9 396.5 387.2 376.5 367.2 356.1 351.1 347.6 345.9 343.1 339 336.5 334.6 334.2 338 341 344.9 348.7 354.9 368.4 387 400.7 408.7 418.2 427.4 433 437.7 440.7 440.5 437.7 433 423.3 418.6 415.7 413.7 413.2 415.4 422.6 430.9 439.3 447.8 453.2 459.3 465.6 471.9 479.2 487.6 492.7 496.6 500.2 503.4 509.4 512.5 512.5 510.8 507.6 502 493.1 479.1
