public/OST50/NO57.asc
ncols 200
nrows 200
xllcorner 350000
yllcorner 770000
cellsize 50
[rows 0 to 34 of 200, columns 78 to 155 of 200]
220.8 219.3 202.9 182.6 197.3 200.1 195 199 209.8 218 225.9 233.6 242.9 252.7 262.5 271.6 279.6 286.1 293.8 297.1 298.1 294.9 290.3 285.9 280.9 290.4 291.6 287.4 294.8 296.3 297.9 296.4 294.3 291.6 292 288.9 279.2 273.5 265.1 257.6 252 248.8 243.8 246.7 247.6 249.7 251.1 252.4 253.5 254.6 258 273.9 261.7 271.2 276.3 279.8 280.7 281.1 280.9 280.7 280.9 282.1 282.9 284.2 285.9 287.8 288.9 289.6 290.1 289 293.3 305.2 317.3 327.1 337 346.2 356.1 365.3
213.5 219.8 206 186.4 190.6 197.9 192.7 202.1 210 218.8 227.1 235.4 244.6 254.2 264 273.9 283.1 290.2 295.2 297.5 296.7 292.5 289 284 277.5 283.2 285.1 277.6 285.5 287.4 288.8 292.2 292.9 290.9 288.6 285.6 279.7 270 263.2 260.1 255 249.7 244.1 238.6 240.9 242.9 244.7 246.3 247.9 249.7 251.6 251.5 263.5 269.1 273.4 274.6 273.9 273.5 273.1 273 272.9 272.1 272.9 274.8 277.4 278.9 280 280.8 281.3 279.1 287.6 296.9 307.3 316.3 325.3 334.1 342.8 350.3
206.7 209 208.1 186.4 183.6 191.5 195.7 204 210.4 219.8 228.4 236.9 246.7 256.7 268 278.9 287 292.6 294.7 295.4 294 290.2 286.7 283 277.2 274 276 273.5 274.3 278.6 281.1 285.8 291.8 292.6 290.7 287.7 277.7 272.7 268 262.5 255.4 249 245.2 240.4 230.7 235.7 238.5 240.9 242.3 241.9 243.7 258.7 266.8 266.7 270.6 271.7 268.3 266.1 263.9 264.2 262.4 261.5 262.4 265.3 268.8 272.2 266.6 268.8 271.2 271.5 275 287.1 297.4 305.9 312.4 318.4 324.9 332.9
203.9 204.7 203.5 192 175.3 183.4 197 206 211.6 220.5 229.6 238.4 247.8 259 271.5 281.6 289.4 294.8 297.9 295.1 291.7 287.2 283.8 280.5 274.5 264.7 267.4 266.8 263.6 267.8 273.2 279.2 286.2 290.3 290.2 288.4 284.3 279.8 273.3 264.9 255.8 247.9 244.3 239.9 234.5 228.4 231.8 234.4 237.2 235.1 244.2 258.9 261.2 264.6 266.3 266.5 258.9 257.3 252.7 250.1 246.5 249.2 251.2 253.8 254.7 257.9 266.7 269 277.5 281.8 284.1 282.5 283.9 291.6 296.1 303.5 310.6 318.8
201.2 201.2 198 187.4 173.5 185.5 196.8 206.1 211.6 221 230.4 237.7 249.2 262.5 274.7 284.6 291.5 296.6 299.7 295.4 288.6 283.8 280.3 276.9 270.3 260.5 258.6 257.9 255 257.2 267 272 279.8 283.9 284.6 285.5 285.6 282.3 276.5 267.8 257.4 251 244.9 239.2 233 228.6 225.4 229.4 233.5 231.4 242.1 254.9 261.2 262.9 256.9 241.5 240.7 239.9 244.8 254.2 260.9 263.5 267.5 267 269.7 273.3 277.9 284.7 291 295.2 296.5 296.9 298.5 302.5 307.3 306.8 301.7 308.1
196.9 198.3 197.1 183.1 174 187.9 198.4 205.7 211.2 221.3 231.1 235.5 251.5 264.9 277.4 287.1 291.7 295.9 296.7 293.6 286.9 280.9 276 271.3 263.7 257.6 252.4 250.8 249.4 251.2 258.1 268.2 274.5 275.7 277.7 279.7 281.5 278.9 274.7 267.1 258.6 250.1 242.5 237.6 231.7 227.4 223.2 225.5 222.9 235.2 239.5 245.6 254 242.6 231.4 231.8 243 253.3 262.4 270.3 274.8 277.9 279.8 279.1 280.1 282.2 287.7 296.8 303.4 306.8 310 311.2 312.6 317.4 321.9 324.8 323.4 319.5
192.7 195.6 196.6 180.9 172.3 179.7 197.4 204.4 210.3 221.9 232.8 242.8 254.1 265 276.8 287.9 289.5 290.4 291.1 289.8 281.9 276.1 270.7 264.6 257.9 252.7 248.3 245.8 242.9 242.1 247.8 264.9 270.3 271.1 273.4 273.2 273.8 272.1 267.7 261.6 254.2 244.5 238 232.9 229.8 226.5 215.7 220.2 228.5 232.2 236.2 238.5 237 224.6 234.4 246.6 255.6 264.5 273.7 279.6 284.6 288 289.7 289.6 290.8 292.9 298.4 306.7 313.1 317.9 324.3 327.1 330.1 333.1 337.6 340.7 340.6 336
188.6 190.5 201.6 181.1 169.5 177.2 196.4 203.2 209.9 222.4 233.4 243.7 254.2 263.9 273.5 282.1 286.7 286.3 283 281.3 275.2 269.7 263.7 257.6 252.4 248.4 245.5 242.7 242.2 239.6 247 258.1 264.4 265.2 270 268.3 266.5 264 258.4 252.5 245.5 238.8 236.7 233.5 228.6 225.4 211.1 216.9 225.4 228.8 231.6 219.7 224.6 235.9 247.6 254.4 264 273.2 282.2 288.9 294.2 298.4 300.3 300 300.9 305.9 311.5 317.6 323.9 331.4 338.3 342.8 346.4 350 354.4 357.3 357 347.3
188.1 189.3 190.7 177.6 168.5 186.4 195.6 202.2 209.9 222.5 232.9 240.7 250 259.6 267 275.5 281 285.7 277.3 270.2 262.9 259.2 253.9 249.4 246 242.6 239.3 237 236.8 237.6 242.9 249.8 254.7 257.6 261.3 259.4 258.9 253.3 247.4 241.5 239.5 237.7 235.8 231.2 227.1 224.2 212.3 212.1 221.4 222.4 215.6 224 237.6 246.9 255.7 262.4 271.5 280.5 289.9 297.2 304.4 309.8 315.1 315.5 316 319.9 326 332.5 339.4 345.8 352.9 357.3 361.2 365.9 370.5 372.4 370.5 357.8
184.4 185.6 185.7 171.4 167.9 185.8 193.8 200.3 209.8 221.9 230.3 236.1 246.8 256.3 255.8 264.8 274 277 269.5 262.9 256.6 248.1 246 243.1 239.8 235.5 233.7 231.2 230.1 234.1 237.3 242.7 246.5 251 251.9 249.4 247.9 242 237.5 234.9 233.5 231.6 229.6 225.3 223.5 221.9 214.9 208.6 217.7 212.3 226.1 237.1 244.6 253 259.8 268.1 277 286.6 296.7 309.4 317.8 323.2 327.8 330.7 331.7 336.7 341.7 348.9 356.1 362.1 367.9 372.6 377.6 382.3 386.8 387.8 384.6 371.9
179.7 181.9 183.9 173.6 170.4 185.1 191.9 199.2 209.7 219.5 226.4 233.2 242.5 251.8 252.4 253.6 257.2 259.7 258.7 256.8 250.5 243.4 239.1 235.4 233.5 230 227.5 225.4 226.4 230.6 233.5 236 240.4 242.4 234.6 234.6 235.6 232.4 230.1 227.9 226.6 225.3 222.4 220.4 218.6 218 204.7 207 210.8 224.8 235.4 242.3 251 260.6 265.9 274.2 282.5 292.7 305.5 318.6 328.2 332.2 338.4 341.9 345.1 350 354.8 363.7 372.6 378.6 386.5 392.8 398.7 403.4 406.1 405 399.1 385.1
177.1 178 181.2 178.3 165.2 183.4 191.3 198.8 208.5 216.2 222.7 229.5 235.7 244.1 245.2 245.4 245.8 244.8 245.5 242.4 241.6 237.4 233.7 233.1 233.2 229 226.3 223.1 223.3 224.8 229.5 230.3 230.2 234.8 235.5 224.6 222.7 224.9 222.9 221.8 219.9 218 216 215.1 213.1 212 203.7 208.8 222.6 232 240 249 258.1 266 275.2 282.7 288.8 298.2 312.3 328.3 338 340.5 344.6 348.9 351.9 357.1 361.4 371.2 382.4 391 400.5 406.7 410.6 416 420.3 419.9 415.6 400.3
171.9 173.2 177.5 178.8 162.7 178.5 189.3 197.9 206.7 213.5 219.9 226.1 230.4 235.4 234.6 236.3 236.7 234.6 230.6 230.1 230.2 229.1 230.1 230.8 230.5 228.3 224.6 221.1 221.9 221.9 225.8 233.4 239.7 241.6 239.3 231.3 220.9 215.7 214.5 212.7 211.4 210.8 210.9 210 208.8 206.6 201.4 214.8 227.5 235.6 244.7 254.1 265.2 274 284.2 294.3 304.1 315.1 328.9 337.3 345.3 344.6 351.5 353.9 353.1 356.3 362 373.2 383.9 393 401.3 405.6 412.8 419.3 422.2 423.3 421.9 416.4
167.6 168.4 172.4 175.9 167.4 173.5 187.8 196.2 203.8 209.1 214.9 221.8 227 230.1 229.1 225.4 228.4 226.4 225.4 223.3 220.5 221 222.5 222.9 223.5 222.3 223.2 219.9 218.7 219.7 228.7 234.7 237.4 239 237 230.4 221.3 214.9 209 204.8 202.9 203.2 205.9 206.2 202.9 194.5 211.4 220.9 230.1 239.6 250.8 260.3 272.8 284 295.7 311.1 322.3 330.2 338.3 344.9 348.1 346.3 352.2 352.5 351.9 353 357.9 367.2 376.3 386.7 393.3 400.3 408.9 415.1 418.7 421.3 423 423.3
165.4 165.1 168.4 172.7 172.5 168.9 185.7 194.1 200.2 205.1 209.2 216 221.9 227.5 225.2 220.8 221.1 219.2 217.9 217.8 213.7 213.8 216.9 217.5 217.2 216.8 218.2 218.9 213.6 223.9 230.7 235.1 237.1 236 234.4 229.8 222.6 215.2 208.5 202.1 196.1 191.5 198.3 202.2 192.8 197.6 213.6 224.1 234.4 243.9 256 268.4 281.9 292.7 305.3 319.1 328.5 334.9 340.9 348.7 348.4 342 345.3 347.5 347.7 344.4 351.4 355.7 364.5 375.3 383.6 393.7 401.5 407.7 415 418.9 424 430.3
163.6 163.7 165.9 169 168.1 174 183.4 190.9 196.7 201.7 204 209.2 215.6 222.3 219.7 217.4 214.5 213 211.5 209.9 208.5 208.5 212 213.2 212.8 210.1 212.1 212.2 216.8 226.3 232.7 237.1 238.8 236.8 233.8 229.9 223.3 216.4 209.1 203 197.7 191.7 192.7 195.3 189.3 202.9 215.1 227.1 238.7 248.2 261 277 288.8 300.3 311.8 324.3 331.4 336 340.5 343.8 338.2 333.1 340.6 340.1 336.9 340.1 343.3 346.4 352.2 362.7 375.3 386.5 395.3 403.4 411.3 419.8 429.4 439.3
158.4 163 165.3 167.5 151.4 168.9 180.8 185.6 193.2 197 201.5 203.8 207.4 210 210.3 209.2 209.4 209.3 209.2 203.2 200.2 202.1 204.8 206.3 208.1 206.3 206 208.7 219.8 228.1 235.1 241.3 244.7 243.4 237.1 229.3 222.7 216.6 208.8 203.8 199.6 193.4 189.7 189.6 193 205.1 216.9 229.1 240.6 250.5 265 279.5 291.9 304.8 318.5 328.1 330.8 334.8 335.8 334.1 325.7 326.4 328.4 327.4 326 330.5 334.6 338.5 344.2 355.1 368.6 379.6 390.1 399.8 412.3 424.5 436.9 447.7
152.1 163.2 160.5 156.1 158.9 167.8 171.1 182 185.2 191.7 195.9 199.5 199.3 200.6 201.3 201.4 201.6 201.4 199.5 196.3 195.1 194.3 196.8 198.3 200.3 201.9 192.8 210.8 220.7 229 237.4 245.9 252 252.8 241.8 229.7 222.3 215.8 209 205 201.2 193.9 187.8 190 197.8 205.6 217 228.7 240.4 252.6 267.2 281.7 292.5 304.3 314 318.8 322.1 326.1 326.6 320.2 316.7 318.5 317 315.8 316.2 322.5 328.6 335.1 340.3 350.5 362.3 374 388.7 403.1 417.4 430.8 444 455.6
158.9 149.2 147.3 149 158.3 166 167.3 172.7 177.1 183.8 186.6 189.1 190.6 192 192.6 193.4 193.4 192.9 192.2 191.3 190.2 186.2 187.6 190.7 191.4 191.3 199.4 211.1 221.1 230 239 248.9 255.8 255.3 243.6 232.1 224.9 217.4 209.6 204.6 198.9 192.8 184.9 189.9 198.2 203.7 214.7 227.1 238.9 251.5 264.9 276.9 283.3 294 301.1 302 307 310.1 309.4 304.1 308.2 308.4 305.7 303.5 310 316.7 322.6 329.5 337.8 347.2 359.3 372.3 390.3 407.2 422.3 437.4 450.7 464.2
165.3 149.4 146.7 147.8 152.8 163.3 165.5 166.6 170.7 174.7 174.2 176.7 178.7 180 181.4 183.3 184 185.1 186 185.1 184.9 183.1 179.7 182.7 180 187.7 196.5 207.9 219 230.3 239.5 247.1 251.6 254.8 244.6 235.3 226.9 219.6 211.9 204.4 197.7 192.7 181.5 186.1 197.9 202.5 214.8 227.7 237.3 246.3 257.1 266.8 270.2 280.1 283.3 286 289.1 295.2 291.9 291.5 295.9 296.2 291.9 297.9 304.6 309.9 317.6 326.1 334.8 345.9 358 374.2 394.1 413.6 427.1 442.6 458 473.7
164.9 161.3 142.1 146.6 154 158.4 162.1 163 163.6 163.5 162.9 163.5 166 167.6 169.5 171.6 172.2 174.5 176.2 176.9 177.6 179.2 174 171.8 176.6 185.7 194.8 204.3 214.9 226.2 237.8 246.7 248.1 244.9 240.8 238.5 230.5 221.8 216.3 208.2 195.7 190.2 182.8 182.1 195.1 201.8 215.3 227.5 236.9 237.4 245.5 253.7 257.8 258.3 262.5 269.8 271.1 272.5 273.8 277.3 283.4 284.9 286.4 292.7 296 304.4 313.8 322.6 332.2 344.2 359 377.6 398 416.3 430.4 445.7 464 478.2
163.5 157.9 144 142.4 150.4 152.8 156.5 159.8 159.9 157.7 158.4 158.9 159.1 158.4 158.7 159.6 161.3 162.2 164 168.5 170.3 171.8 169.3 166 173.7 180.9 191.3 201 211 219.7 226.6 234.8 234.8 231.6 233.9 234.7 230.7 222.7 218 207.3 197.2 190.3 183.7 183.7 195 204 212.1 222.7 231 230.6 233.4 238.6 244 243.3 241.6 248.1 254.2 256.3 260.8 264.5 273.1 276.7 280.7 283.8 286.7 299.7 309.4 317.8 328.7 342.6 359.2 380.6 400.6 416.6 433 447.9 465.7 477.8
154.4 147.4 141.3 137.8 144.6 145.5 147.4 152.4 152.5 155.1 152.5 154.4 155.6 156.3 156.6 156.2 155.8 155.6 157.5 161.7 162.9 162.6 161.5 164.6 169.1 176.8 187.7 198 205.2 210.1 209.5 213.9 219.4 224.1 227 229.6 227 221.6 213.7 205.9 196.8 189.4 181.8 182.6 193.6 201.2 209.1 218.4 224.4 224.4 229.1 229.8 228.7 229.4 229.3 232.8 239 243.2 251.6 260.9 254.7 268.8 272.8 274.9 282.6 293.3 303.2 312 325.7 341.8 359.5 380.3 400.6 416.7 432.6 446.8 463.5 475.1
142 145.6 139.3 136.2 143.8 144 142.4 143.2 142.9 141.6 141.8 143.7 149.8 154 154.1 155.9 156 154.9 155.3 157.1 156.4 156 156.2 160 164.4 174.4 186.6 197.1 197.4 200 199.7 204.1 211.3 217 220.9 223.6 221.6 216 208.6 201.5 195.2 189.3 182.4 180.5 190.1 196.8 205.5 213.5 220.3 221 221.3 225.8 223.1 217.1 217.6 221.6 224.3 233.1 243.5 253.1 247.9 259.6 262.9 266.8 275.9 285.2 294.2 304.6 322.8 341 357.4 378 395.9 412.2 430.1 444.1 459.1 471.3
135.5 135 134.7 134.8 136.6 137 138.9 138.2 137.6 137.5 137.4 136.9 142.9 149.4 148.7 151.5 155.2 154.6 154 154.2 153.3 152.7 153.2 157.3 160.6 172.1 181.3 183 186.6 190.4 193.1 193.9 202.9 210.7 216.7 218.1 215.5 210.9 202.9 197.8 191.8 186.4 180 176.3 184.8 192.2 199.3 208.8 215.8 219.5 215.2 218.3 218.4 215.8 208.6 209.7 213 221.8 234.3 243.9 242.5 250.7 253.4 261.2 271.3 281.1 288 298.2 319.5 337.8 354.9 373.5 390.4 407.2 426.3 441.4 455.4 466.9
139.5 138.8 138.8 137.8 134.4 134.6 136.6 137.1 137.4 136.7 136.8 137 136.5 140.6 142.7 145.2 148.1 147.8 147.1 148.6 151.8 148.6 151.6 151.9 154.6 161.1 165.3 169 175.4 182.8 185.3 184.1 194.3 205.5 214.8 213.1 208.5 205.2 198.7 194.8 188.5 182.3 175.5 172.4 179.9 186.3 193.8 201.3 211.2 214 210.2 207.6 210.8 209.9 206 199.1 204.5 213.3 223.2 231.2 230.5 238.7 245.7 255.5 267.4 280.7 290 306 323.1 341 354.7 369.7 387.7 402.1 419.9 435.2 450 462.7
140.4 139.7 139.1 138.2 137 136.8 134.3 134.4 136.2 135 135.7 135.5 135 135.1 134.5 135.6 134.9 136.7 142.9 146.5 146.7 149.3 150.6 150.6 150.8 151.2 154.5 158.5 166.1 172.5 174.6 175.3 187.9 201.7 210 204.7 202.8 199.7 194.8 193.1 186.6 179.7 172.1 167.4 174.1 180.6 188.1 194.4 203.2 205.2 202.7 201 203.8 204.1 204.6 197.1 196.6 206 212.4 216.2 220.9 227.4 238.3 254.2 265.6 279.3 287 307.7 325.8 343.7 356.6 369.1 385.1 398.4 412.6 429.1 445.5 457.3
141.2 140 139.1 138.5 137.6 137.3 136.9 136.1 135.1 133.2 133 133 132.6 132.1 132.3 132.2 131.4 131.7 134.3 140.5 143.2 142.6 147.6 148.9 148.8 148.7 149.2 151 156.7 160.7 163.1 166.9 181.2 193 195 193.9 193.7 192 190.9 189.8 186.5 178.6 169.7 160.4 168.3 173.7 181.8 186.6 191.2 194.8 198.2 199.6 198.2 201.5 199.1 195.1 187.2 195.9 202.7 205.4 212.1 220.8 233.6 248.7 265.8 275.3 292.1 311.6 330 344.8 355.5 366.5 380.3 392.5 405.9 423.1 438.8 450.1
140.4 139.9 139 138.6 137.4 137.1 136.7 136.2 136.2 135.3 134.7 134.8 134 131.7 130.9 131.8 133.1 132.9 131.2 131.4 137.5 138.3 142.4 143 144.1 146.8 147.5 148 148.6 151.8 156 160.2 170.8 177.1 178.7 178.2 180.4 181.6 182.4 183 182.6 176.3 167.1 155.6 162.3 166.8 173.5 179.9 183.4 188.2 192.2 193.8 193.5 198.8 196.3 187.5 182.5 184.2 190 201 205.8 215.4 229.6 245.6 262.6 275.4 294.8 313.2 330.5 343.3 353.3 362.4 373 383.7 399 413.4 428.4 439.2
143 140.8 137.8 137.1 136.2 136.8 136.6 136.6 136.4 135.6 135.7 135.7 135 133.9 134.2 133.7 133.1 133.2 132.3 131.8 132.4 136.4 137.5 139 141.1 143.2 142.8 145.8 147.5 146.8 146.1 149.9 156.1 160.8 163.4 165.2 165.7 170.3 172.2 172.3 172.5 172.7 167.9 151.3 155.9 160.1 167.2 172.9 178.3 182.9 187.7 190.2 190.3 192.8 188.8 186.3 181.5 174.8 186.7 194.3 203.7 211.6 231.5 244.4 256.5 280.4 297.4 314.2 327.2 336.9 347.6 357.8 364.7 376.3 391.4 404.5 417.4 427.8
150.8 151.7 149.7 147.4 142.6 145.4 142.6 136.6 136.5 136.2 135.6 135.5 135 134.2 134.1 133.8 133.7 133.2 132.7 132.1 129.6 136.9 134.9 134 134.2 135 137.5 139.5 141.4 140.8 145.3 146.7 147.4 150.8 152.3 152.9 153.3 158.1 160.9 160.6 164.5 164.1 165 156.7 150.3 154.7 161.6 166.3 171.3 177.4 183.9 186.3 182.6 186.1 184.6 176.4 170.1 169.8 178.7 188 198.9 216.2 233.5 242.6 266 279.4 294.3 308.8 320.2 329.4 341.4 351.9 360.6 369.9 383.3 396.5 409.3 417.7
161.8 160.4 158.3 158.1 158.2 159 157.1 153.4 147.3 140.1 134.8 135.1 134.9 134.4 134 133.6 133.5 133.2 132.7 132.1 130.5 129.9 131 130.6 130 129.5 130.8 132 131.4 135.5 137.7 140.9 140.6 144.6 146.1 146.1 146.5 148.9 151 151.9 156.4 155.5 155.7 152.9 146.9 148.9 154.3 158.2 163.1 170.5 177.2 179.7 178.5 177 174.8 166.5 162.3 163.2 171.7 183.7 198.6 213.6 233.1 250.1 265.2 275.7 288.9 301.2 307.6 320.1 332.4 345 354.7 362.3 373.6 387.1 399.4 406.3
172.9 170.2 169.8 171.1 171.8 171.4 169.4 167.4 161.4 156.6 152.3 145.7 138.3 133.7 133.9 133.5 133.2 132.9 132.5 132 131.2 130.1 128.9 128.4 127.8 127.6 126.2 126.8 128.3 129.7 129.2 129.1 132.5 137.3 143.1 144.7 144.2 144.8 145.8 146.1 148.4 147.4 146.5 145.8 144 144.9 148.4 151.5 155.2 162.7 169.6 172.3 170.8 167.9 162.9 160.8 157.6 159 168.4 187.9 201.5 218.7 234.5 250.4 263.6 271.7 282.5 291.5 296.2 309.6 323.3 336.9 346.7 354.1 364.5 376.8 386.8 392.8
186.7 187.1 186.4 187.6 187.5 185.4 184.1 181.5 175.9 171.6 168.9 162.9 157.4 151.3 145.2 135.9 132.9 132.7 132.2 131.8 131.4 131.4 130.1 130.3 131.9 134 130.7 128.6 124.9 125 127.9 127.9 125.3 124.9 127.7 135.1 140.3 142.4 143.6 143.9 145.3 144.1 143.7 141.9 140 142.9 143.2 145.7 150.2 156.7 162.3 164.5 163.9 161.6 157.9 156.5 154.6 156.3 166.6 186.4 202.6 217.3 232.8 247.3 257 266.2 275.4 280.8 289 301.9 316.2 327.7 337.1 346.1 356.1 364.8 374.2 379.8
203.4 205 202.8 204.1 204.7 204.8 200.4 194.2 189.4 187.5 185 178.5 174.9 170.1 163.4 156.9 151.2 143.3 138.5 133.8 130.8 130.4 130.1 132.3 133.9 131.8 131.3 129.9 128.4 127.7 124.6 124.6 125 125.4 124.9 122.8 125.7 125.4 135.9 141.2 142.1 142.8 143.5 144.4 138.4 139.2 141.6 142.5 144.2 148.5 152.6 157.3 158.3 155.3 156 154.9 152.2 152.5 163.8 183.8 200.9 216 229.9 241.1 248.8 258.2 268 273.4 282.9 296.5 308.2 318 328.2 338.3 347.9 356 362.6 368.2
