public/OST50/NO57.asc
ncols 200
nrows 200
xllcorner 350000
yllcorner 770000
cellsize 50
[rows 35 to 69 of 200, columns 78 to 155 of 200]
218.6 221.8 220.2 219.4 220.5 220.5 215.4 211.5 206.1 203.4 200.7 196.6 193.3 189.7 181.5 177.3 172.8 168 162.7 156.2 149 142.8 142.1 139 134.8 132.2 131.2 131.1 130.2 129.3 128.3 128.4 126.7 126.4 127.1 126.7 122.3 122.7 125.4 126.6 135.1 139.5 141.6 141.3 138.8 136 139.1 140.9 140.6 141.8 146.1 149.6 150.2 151.7 152.4 150.7 147.8 149.3 159.5 177.2 196.5 212.9 226.8 230.9 238.4 250.4 259.8 262.6 278.1 289.6 300.4 308.7 318.4 328.2 340.4 349.6 351.1 355.1
235.2 235.3 234.7 234 235.8 236.1 232.7 228.6 222 219.4 217.7 215 211.3 207 199.8 194.3 189.3 184.7 179.8 174 166.8 158.8 153.8 146.7 140.8 137.1 132.8 136.3 133.9 133.6 132 127.6 127 126.7 126.6 126.3 126.1 123.8 120.9 124.9 125.2 129.9 133.9 135.3 136.1 131.9 137.3 139.5 139.1 138.8 139.5 142.6 144.8 146.9 147.9 146.8 145.6 145.9 155.4 167.8 188.6 205.9 221 226.3 233 242.2 250.9 260.1 274.1 283.6 291.6 300.3 310.2 319.7 330.7 340.8 341.2 339.8
250.1 250.3 248 248.7 250.8 253.7 252.6 246.1 239.9 235.3 233.9 230.7 229.6 223.7 215.9 208.9 204 200.4 195.9 191.3 183.5 176 172.7 163.5 157 157.3 154.5 150.5 147.1 145.1 141.4 136.1 129.1 126.5 125.3 125.9 125.8 125.5 123.7 120.7 125.2 125 129.5 129.7 129.7 128.2 134.3 135.7 135.1 135.1 137.3 138.3 140.4 142.3 141.9 144.1 143.9 143.8 151.4 161.6 176.6 192.7 207.4 220.1 229.4 239.3 246.3 254.1 268 276.2 282.6 293.4 302.9 310.8 319.6 328.1 328.4 325.3
265.2 265.1 264.7 265.7 267.4 271.5 269.1 266 260.5 252.4 249.2 247.6 245.3 240.6 232.7 223.9 218.3 212.9 208.1 204.5 200 194.4 188.7 176.3 177.7 178.3 173.9 169.5 165.9 161.3 153.3 148.9 143.7 140.2 133 126 125.5 125.2 123.6 122.9 121.7 123.9 125 124.6 124.3 123.4 127.5 129.3 128.8 126.1 129.4 134 135.5 136.4 136.5 143.1 145.1 142.1 146.8 156.3 166.9 185.9 199.2 214.4 220.1 230.3 240.7 245.9 256.1 266.2 273.6 283.4 292.8 301.9 308.4 312.7 312 310.2
275.6 280.3 283.3 281.7 284.3 289.1 285.1 283.7 278.3 270.2 266.5 263.7 260.6 256.4 248.5 240.4 232.9 225.5 219.9 215.1 211.4 207.7 200.9 198.4 203.2 199.5 193.5 186.9 184.2 178.1 171.2 166.7 160.7 157.5 151.2 142.9 132.9 125.5 124.4 124 120.5 123.5 124.6 124.3 123.9 123.9 124.6 123.3 123 123.2 123.1 124.5 133.1 134.6 134.6 137 142.9 141.1 145.5 153.5 161.5 177.5 196.9 209.2 215.9 225.6 228.8 238 247.3 255 263.2 272.1 281.4 290.4 296.3 297.6 296.7 296.7
284.5 293.9 301.6 302.3 305.9 302.8 303.8 300.7 295.5 289.6 281.6 279.5 277.1 271.8 265.7 258 249.7 239.3 232.6 226.6 222.6 217.2 212.3 214.3 218.1 214.1 206.7 201 198.2 193.5 190.5 185.7 179.5 174.3 168.1 161.4 156.8 148.7 140.5 129.6 122 121.6 123.3 123.1 120.8 124 123.4 123.4 123.2 122 122.2 121.4 122.8 133 135 136.1 138.8 140.5 142.1 148 158.7 173.3 192.8 206.1 212 219 219.9 231.4 239.9 246.5 252.8 260 267.9 274.4 280 280.8 281.4 282.8
296.7 310.6 319.3 318.7 323.9 319.9 317.2 317.2 315.7 305.7 297.7 296.7 294.4 290 285.7 279.3 265.5 253.7 246.1 237.3 233.4 227.8 222.2 223.6 226.1 221.9 216.3 211.3 208.3 205.1 203 199.4 196.6 192.9 186.3 178.9 173 166.7 159.1 152.4 140.9 123.7 120.5 120.5 120.3 120.7 122.3 122.6 122.2 121 121.7 122 121.6 120.7 134 135.2 135.8 140.6 139.6 143.4 153.1 166.8 186 197.5 205.3 209.9 214.3 220.7 231 237.7 242.8 248.2 255.6 257.9 261.2 264 266.7 269.2
304.3 321.7 328.9 329.3 333.9 331.7 327.6 327.3 330.4 318.4 307.3 306.5 305.6 302.1 297.8 291.5 278.7 268.8 258.5 249.6 243.7 236.5 231.3 230 232.5 229.9 223.8 219 216.6 214.1 212.2 210.6 208.9 207 203.4 198.1 190.2 182.9 176.8 169.8 161.3 149.9 142.4 133.9 123.8 121.4 120.8 119 118.8 119.9 120.2 120.2 120.2 120.7 126.9 132.9 134.3 138.5 139.1 139.3 146.5 159.5 176.5 187.7 197 201.9 210.1 213 219.1 226.7 231.8 234.6 241.8 244.4 246.4 249.4 253.3 254.2
303.3 317.7 328.3 330.5 333.7 334 332.5 333 335.2 326.3 317.1 311.9 308.8 304.5 302.1 294.6 284.7 276.5 266.9 258.5 252.8 247.2 239.2 237.9 237.6 234.8 230 223.5 221.8 221.8 220.2 218.2 217.6 217.7 216.7 211.7 203.6 196.3 191.4 187 177.7 168.1 158.7 149.4 137.4 122.9 122.5 121.7 121.5 121.9 119.6 118.1 118.2 119.1 119.8 123.9 132.5 136.6 138.8 138.3 139.2 150 164.8 174.9 187 196.4 203.5 207.7 207.6 216.7 219.1 222.3 228 230.3 234.7 239.7 240.2 240
295.7 307.2 315.5 320.6 325 330.1 332.3 334.6 333.3 328.8 321.3 317.9 311.8 306.9 304.3 297.7 289.5 282 273.2 265.6 260 254.9 246.7 242 241.1 237.8 233.2 230.2 226 227.5 225.7 222.3 223.8 228 228.1 223.2 214.1 203.4 197.9 197.7 193.8 184.1 172.7 165.2 155.4 143.1 127.6 121.6 121.8 122 121.5 120.8 120.2 118.7 117.2 119.8 130.6 134.3 137.6 138.2 137.4 141.6 153.8 164.1 178.6 187.7 193.1 199 200.4 203.6 207.6 211.8 217.6 221.3 224.5 225 237.4 255.7
281.8 290.3 299.7 305.5 312.8 319.3 328.8 328.7 327.4 325.1 321.1 318 313.9 306.5 301.6 297.3 290.7 282.6 274.8 268.9 263.6 256.8 249.8 246.8 243.2 240.1 238 234 229.3 228.5 227.8 226.4 227.1 234.8 236.1 233 223.2 211.3 203.8 202.5 200.6 194.1 183.1 178.5 172.8 158.1 146.3 137 128.7 121.7 121.6 121.1 120.6 120 119.6 117.7 120.2 131 134.1 136.6 137.1 135.9 146.4 157.5 170.5 179.7 182.4 189.4 193.7 196.1 198.4 201.8 206.4 205.3 219.8 234.6 250.5 268.1
268.9 277.2 284.5 292.4 300.1 307.6 314.1 316.3 316.2 318.6 319 316.7 311.8 304.4 299.3 295.9 289.1 280.8 273.1 266.9 263.1 262.1 257.1 252 249 246.8 243.5 236.4 232 229.8 228.1 228 227.8 232.8 237.9 234.7 226.3 217.8 210.9 204.8 202.6 197.1 190.4 187.5 180.2 167.5 155.4 147.5 137.3 131.8 121.9 121.5 121.1 120.5 119.6 118.8 116.7 119.8 125.1 132.9 136 135.5 140.6 150.9 159.5 167.6 175.4 180.6 184 189.6 191 191 199.8 214.9 228.4 242.8 260.9 278.3
254.6 264.4 272.7 279.3 286.9 293.9 299.5 305 311.2 315.8 316.4 314.8 308.8 302.7 297.6 290.6 284.7 278.6 271.4 267.1 270.1 270.9 266.4 262.4 259.8 255 249.5 240.1 234.7 230.6 227.8 226.9 226.7 228.1 232.4 230.9 227.5 222 215.3 208.5 202.7 197 194.1 192.5 184.6 173.5 164.2 153.6 140.4 132 123.1 122 121.5 120.6 119.8 119.4 117.6 117.2 119.7 124.6 133.7 134.5 136.9 143.2 150.9 158.2 166.2 170.7 175.8 180 179 189.6 202.7 217.6 232.7 250.4 266.3 283.8
243.1 251 260.5 266.7 274.5 282.4 290.4 297.5 305.3 309.8 311.7 311.5 306 300.6 295.7 289.7 283.9 276.1 269.3 270.3 276 276.3 276.4 272.2 268.3 263.1 256.6 244.8 238.8 233.2 228.3 225.3 223.7 223.2 224.4 225.8 225.8 223 217.9 211.8 204.8 199 194.6 190.7 184.5 177.1 167.4 158.1 144.6 134 127 122.9 122.1 121 120.1 120 119.3 115.9 119.3 120.1 128.7 133.1 135.5 137.7 145.5 150.8 158 163.1 168.5 170.5 176.2 186.9 201.7 217.4 236 254.1 269 282.9
235.4 243.5 251.2 257.3 264.3 272.4 280 289.1 296.4 301.6 305.1 305.7 303.1 299.7 296.7 292 285.5 276.7 274.8 278.4 282.6 284.4 283.4 279.5 275.5 271 261.6 250.4 242.5 235.9 230 226.4 223.2 220.6 220.5 219.8 220.6 219.8 217.4 212.9 206.8 199.1 192.8 186.8 182.9 175.6 167.4 157.1 147.1 137.3 128.7 125.2 122.2 120.5 120 119.8 119.5 118.3 118.5 119.1 119.5 125.2 134.6 135.6 137.8 143.1 151.6 155.5 161 165.4 173.5 183.5 199.5 216.3 234.6 252.2 265.6 278
230.8 238.5 245.1 251.9 258.9 266.2 272.4 279.5 285.9 292.2 298.6 300.5 300.2 299.1 296.7 292.9 287.3 283.5 284.6 292 292.2 290.4 287.2 283.5 279.4 274.5 265.1 255.4 247.1 238.6 232.8 228.2 225.1 222.5 219.9 217.2 215.9 214.5 212.9 210.1 204.3 196.5 188.8 181.4 176.3 171.6 162.1 154.1 145.9 138.2 130.2 128.4 124.8 120.7 119.6 119.4 119.2 118.5 115.7 118.9 119.9 122.2 133.1 131.9 137.6 142.2 147.9 151.5 157.8 162.8 170.5 181 196 210 229.7 245.2 258.7 271.5
232.3 234.2 239.4 245.9 253.4 262.8 269 275 281 286.9 292.3 296.6 298.1 298.6 296.5 293.9 291 291.1 296.3 300.2 300.8 298 293.8 288.8 284.9 279.7 270.6 260.7 252.6 241.4 235.4 230.8 227.1 224.4 221.8 218.4 214.5 207.3 203.5 200.4 197.5 193.7 190.7 185.8 179.7 172.5 165 155.1 146.6 140.3 134.2 129.1 125.7 122.5 119.3 119.1 118.9 118.6 115.7 118.3 120.2 121.9 128.7 135.1 137.2 141.3 145.9 150.5 155.3 158.6 167.2 177 190.2 204 221.3 237 250.2 265.6
238.3 241.6 244.3 250.5 254.1 262.4 267.2 273.2 279 285.3 289.7 295.2 297.8 300.1 300.4 298.4 298.1 303 306.7 308.7 309.1 306 302 295.5 290.2 284 276.3 265.9 256.8 245.5 238.6 233.2 229.3 226.8 223.6 220.9 213 218.7 217.7 214.9 212 205.9 201.1 194.7 187.7 179.5 170 160.4 150 141.2 136.7 132.5 126.3 121.9 118.7 118.5 118.6 118.8 117.7 116.4 120.1 120.4 128.6 132.9 135.9 139.5 143.2 147.9 151.9 159.2 165.5 173 184 197 212.3 227.5 241 258.3
244.2 247.5 251.9 256.9 262 266 271.8 277 283.3 288 291.9 294.9 298.3 302.5 304.8 306.6 307.8 310.4 314.1 316.4 314.6 310.6 305.9 300.7 294.5 287.4 279.3 270.9 260.8 251 243.9 236.9 232.1 230.2 227 222.1 223.3 223.6 222.7 221.2 220.9 216.3 209.7 201.9 195 186.1 176.2 164 153.1 143.3 141.3 133.6 128.3 122.8 118.1 118.1 118.2 117.8 117.5 115.4 118.3 119.5 125.8 130.9 134.3 138.1 142.8 145.8 150.4 157.4 163.8 170.4 180.7 190.9 206.9 219.9 233.2 248.6
250.9 255.1 258.7 262.4 268.3 274.3 278.6 282.5 288.2 293.7 297.5 301.9 305.7 308.4 310.8 313.5 317.4 320.3 322.6 321.9 318.6 314.6 309.4 303.8 297.5 290.8 283.2 276.3 267.1 258.9 249.9 241.4 235.6 232.8 229.8 226.5 229.2 228 227.7 228.7 229.3 225.2 216.6 209.4 202.6 195.2 185.5 173.5 162.9 149.9 142.1 135 128.5 122.4 120.1 120.5 117.3 117.5 117.4 115.2 117.1 118.5 122.8 128.7 132.5 135.7 140.7 145.2 148.8 154.3 161.3 168.3 177.3 186.2 201.4 212.3 226.2 241.5
258.6 263.6 268.5 271.2 277.4 284.5 288.1 292.2 296.1 301 305.3 309.1 313.7 318.2 319.8 322.7 326.4 329.1 332.3 332.5 327.3 320.1 312.8 306.8 300.2 294 286.9 281 271.6 264.1 255.9 247.5 241 236.5 232.9 231.9 235.5 234.4 234.3 235.8 237.4 234.1 227 220 212.3 202.1 192.1 185.8 175.7 161.6 146.4 136.9 127.2 122.9 120.3 125.2 122.1 117.2 117.7 115.1 117.2 117.9 119.9 124.3 129.2 133.2 138.5 143.7 148.1 152.2 159.1 165.9 173.2 183.3 193.8 202.8 220.4 233.8
268.1 273.3 279.1 283.8 289.7 295.2 300.2 303.6 306.9 310.7 314.5 318.1 323.4 326.1 329.9 332.7 334.5 336.7 338.3 338.5 335.8 329.8 320.7 310.4 303.9 297 288.8 282.7 275.3 268.3 260.5 253.7 247.7 243.6 236.8 236.3 241.4 242 242.2 243.1 244 243 237.5 229.6 215.3 204.8 199.8 197.1 187.1 170.7 158.6 140.1 128 122.7 120.3 125.6 117.5 117 117.8 114.9 117 117.5 120.1 122.7 125.7 130.9 137.1 142.8 147.6 152.4 158.3 164.4 172.4 182.6 193.6 205.8 217.3 229.9
279.3 286.6 292.8 297.9 301.6 307.7 313.1 316.3 318.9 321.9 325.3 330 334.6 337.5 340.9 342.8 344 344.4 343.4 341.6 338.2 334.6 326.9 318.5 308.4 300 292.6 284.3 278.2 271.2 264.2 258.9 254.7 249.9 243.6 246.2 247.4 247.9 249 251 252.8 249.9 243.6 235.4 221.6 217.5 209.1 203.8 192.4 175.5 162.2 144.6 131.9 121.9 122.2 124.2 116.9 116.5 116.7 114.4 118.7 118.6 121.1 122.9 125.6 130.4 135 141.2 147.5 153.4 157 163.8 170.8 178.2 190.2 202.9 215.7 228.4
290.5 298.7 307.8 313.9 318.3 322.8 327.3 330.6 333.7 336.3 338.5 342.5 346.8 351.5 354.2 354.7 355.3 354.9 352.8 349.7 345.3 338.7 331.2 323.6 316.6 307.5 299.8 292.4 282.5 274.8 268.7 264 259.8 254.5 246.4 252.2 252.2 253.2 254.8 257.3 258.6 256.3 251.6 245.4 230.1 224.1 213.3 202.5 191.4 174.2 158.6 146.1 132.8 121 121.9 123.6 116.2 115.8 114.2 120.9 127.3 120.2 121.2 121.1 124.9 132.5 135.2 142.4 148.8 153.3 155.5 166.6 177.8 188.5 196.7 207.2 217.1 228.1
301.8 311.4 322.1 330.6 335.6 339.6 344.8 348.3 350.3 351.7 354.3 359.8 362.4 365 366.8 368.7 368.8 368.1 367.4 363.2 355.7 349 340.6 331.5 321.2 313.7 308.3 300.8 290.9 282.1 274 268.8 264.2 258 256 256.8 257.2 258 261.1 264.9 267 266.6 261.3 253.3 238.9 228.9 216.3 205.9 192.9 175.4 160.1 146.4 133.8 122.9 118.2 120.5 114.2 114.1 116 127.4 126.6 121.6 120.5 120.6 127.4 133.1 135.5 144.3 148.7 149.5 157.4 170.8 183.2 190.6 202.1 212.1 222.4 231
314.2 325.1 336.1 346.1 354.3 359.7 364.8 367.2 368.3 369.9 376 378 378.9 379.7 382.3 383.9 385.7 384.8 383.3 377.6 368.5 359.1 351 341.9 331.5 320.1 314.1 308.8 300.3 289.8 281.3 274.6 268.7 262.8 263.5 261.9 262.3 263.7 269.3 274.1 275.8 275 270.7 260.8 246.4 231.6 220.4 207 194.2 177.1 165.1 148.6 134.8 125 117.2 118.7 112.4 115.3 116.7 121.5 123.4 120.7 119.3 122.6 127.9 129.4 137 144 145.6 149.7 163.1 175.1 184.9 195 207.7 216.4 226.4 235.7
328.9 339.7 350.1 360.1 369.7 377.7 383.4 384.8 386.4 390.9 394.3 394.2 393.9 394 396.3 400.4 402.5 402.4 397.3 390 379.6 366.7 358.9 350 340.5 330.4 321.2 313.4 306.1 295.1 287.4 280.9 270.5 271.7 269.7 267.9 268.4 271.6 275.8 278.5 280.3 279.4 275.2 264 249.2 236.8 223.3 208.3 195.5 179.2 167.4 151.4 139.5 124.6 117.3 115.5 114.1 115.3 116.4 120.7 121.9 120.1 119 125.1 128.5 130.9 139.3 142.4 143.5 153.5 168.7 179.7 186.7 202 212.2 221.6 233.3 243.4
345.4 356.5 365.5 373.9 383.6 390.8 397.4 403.6 410.4 413.1 412.6 410.7 410.4 409.9 411.1 415 416.4 416.5 410.2 401.5 389.6 375.8 364.5 355.3 345.3 336 326.6 316.8 307.5 299.1 292.5 285.2 278.7 279.2 276.7 274.1 274.9 277.8 280.3 282.9 284.5 280.4 274.1 263.8 249.8 236.2 225.2 211.7 203.4 184.1 168.4 154.1 137.3 126.4 120 114.6 115.1 115.9 116.2 118.4 118.6 117.6 118.4 123.3 130.1 132.1 137.2 143.8 153.9 162.2 169.2 181 196.5 207 217 226.8 238.5 250.4
362.1 372.2 380.9 388.9 397 405.3 413.5 428 431.7 433 431.2 431.1 429.9 428.7 430.6 430.4 429.7 428.7 420.9 409.8 397 383 369.9 357.2 346.1 337.2 329.2 320.4 310.1 299.8 288.1 290.5 288.2 285.2 282.2 282.3 284.3 285.8 284.5 283.7 281.8 279.4 273.7 261.6 248.5 236.5 224.5 214 206.2 186.6 170.4 156.4 139.7 127.4 120.8 112.8 114.7 115.8 116.2 116.4 116.6 116.9 117.6 123.4 128.2 133.6 139.6 149.8 160.2 169.5 165.4 186.4 204.1 212.8 221.8 230.8 241.6 254
376.7 389.2 398.3 406.3 414.4 425 440 449.1 450.4 449.8 450.1 451.7 449.4 446.3 444.6 444.6 443.1 438.4 428.2 417 403.1 387.4 371.8 358.2 346.6 338.4 331.6 322.4 307 304.5 302.5 299.3 294.7 292.5 292 292.6 294.7 294.4 289.1 283.8 279.1 273.1 267.1 256.6 245 236.7 226.2 215.5 204 190.2 172.9 157.3 143.7 133.1 123.5 114.4 114.5 115 115.6 115.9 116.2 116.3 117.6 127.5 131.1 135.7 139.5 157.8 169.1 178.1 186.1 199 209.1 217.5 225.1 234.2 243.7 254.5
391.6 404.6 415.9 424.2 436.1 451 467.4 469.3 467.3 465.8 467.8 468.6 464.5 458.7 453.9 453.1 451.2 446.9 434.6 420.5 404.5 387.5 371.2 357.4 347.3 341 331.2 319.6 317.4 313 307.3 303 302.3 302 302.8 303.2 302.6 300 292.8 283.8 274.9 267.5 259 250.9 241.8 233 224.2 214.9 204.6 192.6 175 158.7 146.2 135.4 126.5 119 112.1 114.3 115 115 115.8 115.9 118.8 127.9 128.6 138 151.7 163.9 176.8 183.2 189.7 201.6 212.8 220.6 228.7 235.7 244.3 254
405.1 419.4 432.5 445.2 458.6 474.8 487.1 489.7 486.8 487.2 490.2 485.2 477.4 472.1 466.7 460.9 457 450.9 438.8 422.4 404.3 386.4 367.6 357 349.5 339.7 331.6 327.3 322.5 317.9 314.3 314.8 314.9 313.5 313.1 310.8 307.9 302.5 294.1 283.5 273.1 263.3 253.4 243.8 236.5 228.1 220.2 212.2 204.4 194 177.8 158.8 144.1 133.8 125.2 118.4 112.2 113.9 114.3 114.3 114.9 115.4 118.9 126.6 131.5 142.2 156.7 166.3 179.6 184.1 191.9 206.8 215.4 222.2 228.7 235 243.1 252.4
417.3 430.5 446.2 460.8 478.5 493.1 502.9 506.6 507.5 507.3 509.3 502.1 494.3 489.3 479.4 469.9 459.3 450 439.8 421.7 402.3 381.6 368.6 360.6 349.5 340.5 337.8 332.6 329.4 328.1 327.4 327.7 326.2 324.3 320.2 316.6 310.3 303.4 294.7 282.2 270.1 259.8 249.2 239.8 230.1 219.9 213.1 208.3 203.7 194.9 178.6 162.7 146.4 131 123 117.3 113.9 111.6 114.1 113.9 113.9 114.7 117 125.8 133.2 148 161.1 167.5 176.4 181.8 191.2 205.6 214.6 221.4 227.4 232.3 239 250.1
424.7 439.3 460.3 474.6 493 506.9 516.7 521.1 526.1 526.3 523.1 517.9 511.2 504.5 493.5 482.4 467 450.9 436.9 419 398 382 371.1 360.9 352.5 351.4 347.6 343.4 342.7 341.2 339.7 338.9 336 331 325.5 319.6 311.5 302.3 292.3 280.3 268.2 255.4 242.5 230.6 218.6 217 209.2 195.8 190.8 191 181.6 166.9 151.5 135.6 124.9 117 114 111.6 113 113.6 113 113.4 118.2 124.9 131.9 148.7 161.6 163.6 165.9 182.1 189.3 201.7 210.1 218.7 224.2 229.5 234.7 244.5
428.1 445.7 467.8 486.9 503 518.1 527.2 535.5 543.4 543 538.3 535.5 527 516.7 508.3 496.1 477.5 456.1 436.2 418.4 398.9 383.9 370.4 365 362.8 359.9 358.3 357.3 356.9 354.2 350.4 345.9 342.1 335.9 328.7 320.4 310.9 300.7 288.9 276.8 263.6 248 231.7 236.6 236.5 234.9 228.1 214.8 196.9 181.3 169 158.2 151.3 138.1 125.9 117.6 113.7 112.6 111.4 113.4 113.2 113.1 116.3 125.5 128.5 143.9 154.9 155.9 165.1 175.8 185.9 195.6 205.5 212.6 219.2 225 231 238.2
