public/OST50/NO57.asc
ncols 200
nrows 200
xllcorner 350000
yllcorner 770000
cellsize 50
[rows 105 to 139 of 200, columns 0 to 77 of 200]
473.3 469.4 463.6 453.3 445.2 439.1 441.4 446 455.1 467.1 479.2 491.5 503.4 514.1 524.8 533.8 541.6 548.5 556.3 565.3 574.7 584.2 593.1 601.7 608.5 614.8 622.6 624 620 611.4 592 558.1 523.4 492.4 468.9 451.4 443.1 438.3 434.7 445.1 458.9 479.9 499.6 512.9 516.6 515.5 514.8 516.6 521.2 523.1 533.8 558 579.5 593.2 602.1 607.4 610.6 612.3 611.8 615.7 621 625.4 627.3 624.6 619.4 614.6 607 598 587.9 580.3 574.2 566.5 559.3 553.6 549.5 542.5 531.3 517.8
488 484.3 478.1 470.5 462.8 455.3 457.8 461.2 468.3 479.2 490.1 499.5 509.8 519.3 527.6 533.9 539.2 545.1 553.5 563 572.7 581.5 588.7 594.4 599.5 606.9 614 618.2 618.1 612.3 599.1 567.9 531.1 498.4 475 459.5 450.4 446.1 444.5 449.9 463.8 485.8 510.4 526.8 536.1 540.1 540.3 540.9 546.2 549.4 554.2 572 589.4 603.6 613.3 618.6 621.9 622.8 621.8 624.5 626.6 627.2 625.5 620.2 611 604.3 595.9 582.1 569.9 559.1 547.3 537.7 532.1 529.8 527.5 522.6 515.5 508
499.1 494.7 490.7 484.9 478.3 473.5 474.4 477.5 482 489.4 498.4 505.2 512.2 520.2 525 528.2 532.8 540 548.3 557.8 567.4 575.8 582.3 586.6 591 596.9 604.3 609.4 611.6 611.1 604.4 581.2 546.7 517.7 493 475.3 462.3 457.6 455.1 457.9 471 495.7 520.8 538.6 549.8 557.7 562.9 565.1 571.7 575.9 577.4 588.5 601.9 614.6 621.9 627 630.8 630.6 632 629.8 628.6 626.3 621.6 614.2 602.3 592.1 579.7 561.4 545.9 532.7 520.9 510.2 505.2 503.5 502 497.3 494 493.9
507.4 505 502.9 499.1 493 489 489.9 491.1 494.3 499.9 504.7 510.6 512.8 515.5 517.6 519.8 525 532.1 541.6 551.6 561.3 568.8 573.9 576.8 581.1 586.2 593.3 600.6 605.7 607.2 604.2 594.8 568.2 536 510 493.3 481.8 475.7 468.3 465.1 480.4 504.2 527.6 547.5 562 572.3 581.3 587.5 590.9 595.2 595.4 602.7 615.5 625.5 631.2 635.5 637.9 637.7 636.2 632 626.3 622 616.3 607.3 592.1 577.6 561 541 523.4 510.6 499.1 486.7 478.7 475.8 473.1 471.3 470.5 472.9
513.1 511.8 510.1 506.2 502.4 499.6 500.7 502.9 506 508.9 510.1 510.8 509.2 507 506.4 508.5 513 522.1 533 545.4 555.3 560.8 563.4 564.4 568.1 574.8 581.8 589.3 597.1 601.9 603.9 602.4 588.3 559.1 530.9 517.3 503.5 493 483.7 475.8 489.4 509.6 533.4 554 571.1 584.6 595.1 602.2 605.4 609.3 610.2 617.9 628 635.3 639.1 641.1 643.1 641 637.4 631.9 623.3 616.8 609.1 598 582.1 564.3 546.4 527.7 510.2 494.7 482.4 470 460.8 454.5 450 448 448.9 449.9
513.9 514.6 512.5 509.9 508.6 508.5 509.3 511.7 514.1 515.2 511.2 506.8 500.8 496.2 493.5 494.7 500.6 511.1 523.4 536.9 546.2 549.8 549.4 550 554.3 562.9 570.3 578 586.6 594.3 601.6 605.9 603.8 588.2 560.9 535.2 518.1 507.4 500 493.5 497.6 516.1 538.2 559.7 578 591.8 604.5 613.2 617.9 624.1 626.9 631.6 637.5 642.6 645.4 645.9 643.9 640.7 636 631.3 621.7 613.3 603.5 590.3 572.7 555.1 537.1 518.9 501.2 485.6 467.3 456.8 450.3 442.9 436.9 432.9 431.9 431.6
510.5 511.8 509.8 507 508.6 510.1 512.2 515.3 517.2 515.8 508.1 498.3 490.5 483.2 478.3 479.8 489.1 499.9 513.6 527.1 535 535.8 533.8 534.7 539.9 547.9 556.3 566.1 576.8 588.7 597.4 605 607.3 603.5 586.1 557.8 533.3 520.2 515 509.6 513.1 522.1 545.2 568.3 585.3 600.3 614.5 624.5 632.1 638.4 641 642.4 645.1 647.2 647.5 645.5 642 639.5 635 628.4 620.4 609.6 599 585.3 566.8 548.6 532 513.9 492.4 484.8 478.4 468.2 458.1 447 438.3 429.7 420.7 421.6
503.7 503.7 501.5 498.4 501.4 504.5 507.7 511.5 512.9 509.7 501.5 487.8 476.5 467.9 464 467 476.6 489.3 503.1 514.6 521.4 522 518.7 518.9 525.5 532.8 541.9 553.9 567 580.6 593.3 603 609.1 610.1 604 583.1 556 535.5 527.8 528.6 532.5 537.9 553 576.3 595.5 612 627.2 638.6 647.3 649.9 650.6 651.2 652.5 652.9 650.9 647.7 643 638.7 633 625.4 618.4 605.6 592.4 579.1 563 549.3 531.9 512.1 508.6 502.6 493.4 482.4 469.7 456.9 444.6 433.2 424.3 413.5
495.8 493.5 489.8 486.8 491.5 495.8 499.9 503.3 504.7 501 490.4 476.1 463.5 454.2 450.2 454 464.7 477.5 489.9 500.8 506.9 507.7 503.6 503.4 510.3 518.7 529.6 544.1 559.4 574.7 590.2 602.3 611.4 615.1 613.3 604.5 585.3 564.5 551.8 550.3 553.6 560.1 563.2 582.9 605.1 623.5 640.2 651.3 656.3 657.5 657.9 656.5 656.1 655.3 653.2 649.1 643.7 635.7 629.3 621.4 613.4 602.5 587.3 574.4 563.1 549.8 529.4 531.5 528.3 522.6 511 497 482.1 468.4 455.1 441.5 427.7 418.2
486.5 483.2 477.3 473.4 476.9 482.1 488.5 492.5 494.3 490.5 479.2 465 451.5 441.3 438.2 441.4 452.8 464.6 477.2 486.8 491.8 492.2 487.4 487.5 495.8 507.3 520.9 537 554.7 570.8 587 602.1 613.2 619.2 620.5 616 608.4 595.1 583.8 581.4 583.9 587.8 592 593.2 615.3 635.6 649.6 658.4 663 663.9 662.9 660.9 658.7 657.1 653.7 649 642.4 634.3 625.3 617.5 609.3 597.5 582.9 568.8 559.9 545.6 548.4 549 547.9 541.7 528.7 511.7 493.6 479.1 464.7 450.5 433.7 421.5
475.9 469.8 463.4 459.1 461.6 466.7 473.1 479.4 482.2 478.4 468.8 454.3 439.9 429.5 426.5 429.6 439.2 451.5 462.7 471.3 476.2 474.5 471.5 471.4 481 495.4 513.5 531.3 551.2 568.3 585.6 602 614.1 622.8 627.1 626 622.7 618.2 616 616.3 617.9 618.5 621.2 620.5 630.3 647.2 658.5 665.7 669.4 668.8 666.5 662.6 660.4 658.1 653.7 648.3 641.9 634.2 625 613.8 603.8 591.7 578.5 571.9 569.3 565.9 567 567.5 564.6 557.2 545.6 529.6 508.4 487.8 471.2 455.2 438.9 426.2
463.8 456 448.6 444.7 446.5 451.2 457.9 465.3 469.6 466.9 458.8 444.6 430.5 419.9 415.7 417.2 426.6 437.6 448.7 456 458.9 457.5 453.3 450.4 469.4 488.8 510.1 529.1 548.6 567.5 586.5 603.2 617.2 627.9 633.2 635 633.7 634.2 635.9 636.7 639.6 642.8 643.8 643.8 648.3 658.4 666 670.1 672 670.9 669.2 665.1 661.6 658.2 652.3 647 641.4 634.3 627.1 617.4 606.8 595.4 589.4 586.8 585.1 583.3 584.9 581.5 578.6 571.3 558.5 540.5 515.9 495 475.2 457.6 442.5 430.9
447.9 437.8 431.2 429 432.8 438.3 445.3 452.7 457.2 456.1 448.9 435 422 412 402.8 404.2 413.2 422.9 431.9 438.8 442.6 439.2 433.3 455.2 474.4 493.6 513.6 533.1 552.4 571.3 588.6 605.3 622.5 635.2 642.2 647.1 649.7 648.5 648.6 650.3 653.2 655.4 658.1 659.3 661.8 667 671.5 673.9 673.7 671.8 668.8 664.9 661.2 657.7 651.1 645.7 640.4 634.1 629.3 622.9 613.8 608.5 602.9 599.7 597 596.5 594.1 591.3 585.9 572.8 555.9 535 512.7 493.9 474.7 457.6 443.5 430.2
433 421.1 416.1 414.3 419.4 425.8 433.3 440.7 445.6 445 438.7 425.2 413.2 402.8 391 392 400.9 410.3 418.8 424.9 426.5 419.9 443.9 462 480.8 500.5 519 538.6 557.5 576.1 593.5 612.8 630.3 643.2 650.2 656.6 658.1 658.3 658.8 660.1 661.8 664.5 666.8 668.3 670.7 673.5 674.4 673.7 672.8 670.7 667.2 663.1 659.6 657.2 651.1 646.9 642 636.6 632.3 627.8 623.8 618.3 612.6 608.2 605.9 602.6 598.2 588.2 576.5 564.9 545.8 525.4 507.6 488.6 470.4 453 439.6 427.2
418.2 406.8 402 400.4 406.4 413.8 421.7 428.7 433.2 432.8 425.9 413.6 402.3 392.3 383.2 376.7 388.5 396.9 404.7 408 412.5 433.8 452.7 470 489 508.2 526.7 545 564.4 583.4 601.1 619.3 634.7 647.3 655.6 660.6 661.5 661.6 660.5 663 665.5 669.6 671.2 673.1 675 675.1 675.2 673.3 671.6 668.3 664.1 660.4 656.8 653.5 650.4 647.5 643.8 639.9 635.5 632.6 629.8 625.9 619.8 616.6 611.5 603.5 590.9 575.7 560.9 546.9 532.3 514.9 497.1 480.4 463.3 448.9 434.7 423.8
403.5 394 389.4 386.2 393.9 402.3 410.1 416.1 419.8 419.4 412.7 402.1 392.3 382.2 372.6 369.8 379.5 382.4 383.5 400.6 426.4 444.8 463.4 481.6 498.9 517 534.5 552.7 571.5 590.2 606.6 622.6 636 648.4 656.1 659.7 660.2 660.1 660.5 661.1 663.8 668.3 672.2 674.8 675.3 675.5 676.6 674.4 670.4 665.7 660.8 656.3 652.1 649.4 647.5 645.1 643.3 640.8 638.3 636.4 634.2 629.5 624.3 617.4 605.7 589.4 572.1 556.9 541.5 526.4 512 498.3 485 469.9 454.3 439.1 425.6 411
390.6 383.1 378.8 376.3 381.7 390.4 397.5 404 407.3 406 399.2 389.9 380.2 371.5 362.6 364.5 370.5 391.8 407.7 423.7 441.1 458.1 475.5 493.1 509.3 525.2 542.4 560.5 578.3 594.4 608.9 621.9 633.9 642.5 648.5 652.6 654.2 653.1 652.7 655.4 658.7 662.6 667.5 669.9 673.7 677.9 677.5 675 670.7 665.1 659.4 654 649 644.4 642.5 641.3 641 640.5 639.5 638 633.6 628.5 620.7 607.7 588.3 568.9 554 538.3 521.5 505.7 490.7 476.3 461.2 449.7 435.5 419.6 410.5 405.1
378.8 372.2 367.8 366 370.8 379 386.3 392.4 396.2 395.6 389.6 380.3 371.9 363 355.1 358.7 380 396.5 414.7 433 450.6 467.8 485.7 501.6 517.7 533.3 549.5 565.6 581.9 596.7 609.3 618.9 626.6 633.3 637.1 638.9 641.5 641.4 642.7 646.4 650.5 655.1 659.6 664.6 673.6 676.9 676.7 673.3 668.7 663.5 658.5 652.5 647.2 639.2 636.3 636.5 637.2 636.6 635.8 633.3 629.3 622.4 611.4 591.6 569.1 551.9 537.4 519.4 501.5 482.9 465.7 448.4 433.1 425.3 421.1 426.3 428 432.3
367.4 360.8 356.6 352.8 359.4 367.7 374.7 382.3 385.8 384.1 379 371.6 364.1 354.8 344.4 365.5 382.1 400.9 419.8 439.2 457.3 475.3 494 509.3 523.9 539.5 555 569 583.2 595.1 604.3 610.9 616.3 620 621.4 622.6 624.5 625.4 629 634.1 638.4 644.2 652.8 663.1 670.4 673.7 673 669.5 665.5 662.5 657.7 651.1 643.9 633.6 628 630.3 630.6 630.2 629 625 620.5 613.5 595.9 573.5 553.2 534.5 517.7 498.3 479.2 457 444.5 454.9 452.8 449 448.4 449.1 451.1 453.7
356.6 350 345.2 342.7 348.2 356.2 365.2 371.6 373.6 372.9 367.6 361.3 354.3 345.3 344.8 365.7 384.4 405.2 424.9 444.9 463.6 482.9 500.9 515.2 529.9 546.7 560.7 571 581.8 589.7 595.7 598.3 600.4 601.5 602.9 604.1 605 603.7 608.5 614.2 621.8 634.2 646.4 658.8 666.3 670.1 669.9 666.1 662 658.8 655.3 649.4 639.3 626 617.7 621 622.4 621.6 619.7 615.9 610.5 601.8 581.8 559.6 538.5 517.1 492.9 471.4 474.2 478.3 482.6 481 473.8 470.2 471 472.1 473.8 475.1
345.7 340.9 336.8 332 337.8 346 354 360.2 363.1 361.5 357.5 351.2 345.2 332.8 348.9 367.8 388.5 409.1 430.7 451.3 470.1 489.1 505.9 520.8 536.6 550.8 563.1 570.9 576.8 581.5 582.5 581.4 580.3 580.5 581.3 582.1 581.9 582.4 587 593.9 605.9 624.4 639.9 652.7 662 667 667.1 664.1 661.7 658.6 653.5 645.3 633.1 621.3 614.1 606.6 609.7 609 607.1 605.9 598.9 586.4 570.5 548.5 524.9 499.2 486 496.1 503.8 508.8 509.2 503.5 494.6 490.8 492.7 494.8 496.3 497.9
335.3 331.6 327.1 322.3 327.8 335.3 341.7 347.5 351.8 350.7 347.9 341 326.4 336.2 353.6 372.6 392.8 413.8 435.7 456.5 474.9 492.1 508.3 522.2 537.5 549.8 560.3 564.8 567.7 567.8 566.6 563.2 560.6 559 559.4 558.7 558.7 562.9 567.4 579 596.9 618 635.9 649.4 660.4 665.2 665.4 662.4 661.3 657.5 650.3 642.4 632.2 622.4 610.2 592.7 591.1 591.1 591.8 592.1 584.4 571.7 559.5 540 516.9 492.7 513.4 523.3 529.3 532.4 530.8 523.7 514.6 511.1 513.4 516.1 517.9 519.6
325.9 322.1 317.8 313.4 317.2 324.8 330.8 334.9 336.8 336.8 335.6 325.5 323.3 340.8 358.4 376.8 396.5 417.8 438.7 457.5 476 489.4 504.8 518.6 533 542.7 550.4 553.5 554.2 552.2 549.7 545.2 541.1 538.1 537.2 535.6 535.8 539.9 550.4 569.6 590.4 612.7 632.1 647.2 657.9 663.2 663.4 660.9 657.4 654.2 648 642.3 633.9 622.2 612.6 604.3 592.3 578.2 575.2 574.9 569.2 558.4 545.9 528.6 505.4 520.3 537.3 545.7 551.2 553.9 552.1 547 538.9 535 535.5 538.4 539.6 541.5
316.5 312.8 310 302.2 307.5 315.7 319.8 321.8 323.4 323.6 320.7 309.5 329.5 345.4 361.8 379.4 400.3 420.3 440.3 457.5 473.5 485.6 497 510.5 523.2 531.1 535.6 537.9 537 536 532.1 526.3 521.3 518.6 515.1 512.8 513 517.4 538.9 561.7 583.9 608.1 627.4 643 653.9 659.2 660.6 657.8 654.5 651.7 647.4 643.9 638.4 631.7 627.6 620.4 607.8 592.8 573.3 559.4 557.4 549 535.4 521.7 530.9 545 557.5 565 570.2 573.4 573.7 569.7 564.7 560.9 560.7 562.4 563.5 565.2
308.8 304.4 302.1 298.6 299.3 306.5 310.2 311.3 312.6 311.5 303.1 317.4 334.8 350.1 366 380.7 400.6 420.6 439.2 453.8 467.4 477.4 488.8 499.8 510.6 518.4 521.1 520.5 519.5 518.2 514.7 508.8 502.7 497.9 493 489.5 488.2 504.7 530.2 552.5 576.7 600.9 621.6 638.4 648.9 654.9 656.5 655.7 653.7 652.2 649.2 646.8 642.2 639.1 635.3 628.4 620.3 605.5 587.4 568.8 556 543.2 539.6 543.3 551.1 564.3 574 582 588.6 591.8 591.6 590.4 587.2 585.1 584.9 586.3 587 585.5
298.5 296 294.3 291.2 293.4 298.1 300.9 303 305.3 296.9 307.5 324.1 338.1 354 368.2 380.9 397.8 416.1 431.9 444.9 457.7 464.8 476.1 486.5 494.9 503 505.3 504.3 501.9 500 496.2 490.5 484.4 478.1 473.3 467.4 471.6 496.6 520.8 543.5 567.9 591.8 614.8 632.8 643.8 650.3 654.1 654.3 654 652.1 650.3 648.2 645.5 641.6 637.3 632.5 627.3 617.7 602.9 586.9 573 563.1 562.6 565.8 570.6 580 588.3 596.8 603.7 606.9 607.5 608.2 607.1 605 604.8 605.1 602.4 598.1
289 287.6 286.5 283.9 286.8 289.9 293.7 294.6 285.2 299.2 315.5 328.8 341.6 357.1 368.5 378.9 391.6 408.6 421.3 432.1 443.4 452.3 459.8 469.4 476.3 483.6 486.3 486.2 484.3 481.7 476.7 471.6 466.9 460.1 453.9 446.5 461.9 487.4 511.6 534.8 558.5 581.9 605.3 625.5 639.3 647.9 652.2 653.5 653.9 653.4 650.5 648.5 646.9 644 640.8 636.4 630.8 624.1 614.1 604.1 593.6 587.8 586.2 585.1 587.3 593.2 601.8 609.6 615.1 618 620 621.3 622.1 620.4 619 617.4 614.4 609.4
282.7 281.1 279 276.8 278.8 283.6 285.9 278.3 292.3 306.8 319.9 333.1 343.9 357 365.4 373.4 383.1 396.8 408.8 416.9 428 438.2 444.9 451.8 456.8 462.7 466.7 468.5 468 463.7 459.6 456.3 450.9 443.3 433.8 429.4 452.9 475.7 500 525 547.1 571.1 595.1 617.7 632.4 644.6 651.3 652.7 653.6 652.1 650.4 648.9 647.2 645.9 642.3 638.3 633.2 627.2 620.1 613.4 608.7 604.4 602.4 600.8 601.9 606.5 613.5 619.1 623 626.1 630.1 631.7 632.3 631.2 629.8 626.5 622.7 617.7
276.4 273.7 271.6 270.3 272.4 270.9 271 284.8 298.5 309.9 322.6 334.5 342.1 351 359.2 366.5 373.5 383 393.7 401 410.7 420.6 428.5 435.1 440.8 446.3 451.5 453.4 452.5 449.2 446 441.8 434.5 425.9 414.9 419.7 445.5 467 489 514.8 539 562.5 586.8 611.5 628.3 640.4 648.9 651.6 652.1 651.3 650.5 647.5 645.3 643 640.3 637.7 632.7 627.4 623 620.2 617.6 616.2 613.8 613.4 614.2 617.5 621.5 625.6 629.1 633.6 636.2 637.1 637 635.6 635.4 632.8 629 624.4
271.8 267.5 264.3 261.8 267.4 268.4 279.7 290.8 299.9 310.6 320.2 329.6 336.4 344.1 351.2 356.8 363.9 370 377 383.9 391.8 401.8 410.9 419.3 427.3 433 437.4 439.1 437.6 433.7 430.4 425.6 418.6 407.7 397 409.5 431.2 455.4 481.6 508.7 533.8 558.1 582.5 608.5 626.5 638.1 645.2 649.1 650.9 649.6 647.8 646 642.6 639 637 633.2 629 627.8 625.3 623.9 622.4 621.7 621.3 620.6 620.7 622.5 624.7 626.8 629.6 632 635.7 637.4 638.4 637.2 636.6 635.5 632.9 629.4
268 262.5 258.9 255.9 257.4 269.7 277.8 286.8 293.7 302.3 311.4 320.6 327.9 335.3 340.8 346.1 352 356.8 360.4 367.1 374.3 383.6 393.5 403.4 413.3 419 423.6 424.5 422.2 417.9 412.3 408.5 403.1 392.7 381.4 400.9 427.8 454.2 481.6 508.1 532.4 556.5 581.7 606.8 624.4 634.4 642.3 646 647.1 646.5 645.6 643.5 639.4 636.2 633.4 627.9 626.6 626.7 626.1 624.3 622.8 622.3 621.9 621.1 621.4 622.9 623.5 624 626.1 627.1 628.4 631.5 633.6 634.5 636.1 635.8 634.3 630.9
265.4 258.1 253.4 251.4 251.9 263.9 272.7 279.9 286.1 293.2 301.1 310.3 316.4 322.7 330.4 335.3 338.4 344 347.4 352.5 359.4 368.6 378.5 388.7 398.1 405.3 409.6 410.4 407.5 401.6 395.9 391.4 387.8 378.8 373.7 399.1 428.2 454.7 481.8 507.6 532.8 558.3 582.4 605.2 620.3 629.9 638.5 642.2 643 645.6 642.8 639.4 634.4 629.4 624.6 621.3 621.2 621.2 622.2 621.3 619.3 618.6 617.5 616.5 616.3 616.9 617 617.3 617.8 618 618.7 620.7 623.8 626.5 630.9 633.2 633.1 630.1
264.2 256.5 249.8 244.1 249.1 257.9 265.8 272.6 277.6 284.5 291.8 300.2 305.3 311.1 318.3 323.2 326 332 335.9 341.8 348.4 357.1 366.6 376 384.1 392.6 396.5 396 391.9 386.9 380.5 375.9 372.9 365.2 368 396.9 427.6 455.3 482 507.9 534.8 559.9 583.6 603.5 616.9 626.6 632.6 637.2 638.9 641.5 639.1 634.7 628.6 622.9 617.4 614.9 614.6 614.4 612.9 611.9 611.2 609.5 608.4 608.1 607.9 607.2 607.3 606.6 606.1 604.7 603.4 605 609.8 617.3 622.3 626.5 628.5 626.5
265.6 255.8 248.9 239.3 245.8 251.4 258.9 264.5 268 272.5 280.1 290.5 295.2 300.3 305.6 310.9 313.9 319.3 325.6 331.9 338.4 346.2 355.2 364.4 372.6 379 381.8 379.5 375.6 370 363.6 361.2 358.3 353.8 367.7 397.4 427.2 455.2 481.3 508.4 535.6 560 581.5 600.8 611.9 618.9 623.5 629.7 633.6 636 633.6 629.5 624.1 616.8 610.7 605.9 605 604 601.5 599.2 597.8 597.2 596.4 595.6 595.3 595.7 595 593.2 590.6 587.9 586 588.6 595.5 604.4 612 618.2 620.7 619.9
266.6 255.6 246.4 234.9 240.2 244.9 251.4 257.1 260.1 262.9 268.2 277.8 285.3 289.7 294.7 299.6 303.9 309 314.7 321.8 328.9 336.6 345.3 353.3 360.3 366 366.9 364.7 358.6 352.2 348.8 348.1 345.7 344.5 371.5 401 429.2 456.1 482.2 509.1 533.7 554.3 574.6 588.4 599.1 607.5 613.5 620.2 625.4 627.9 627.3 624.2 618.2 610.2 602.6 596.2 592.5 590.2 587.1 584.7 582.7 580.7 580.4 580.7 580.8 580.5 578.5 576.1 571.5 567.2 567 571.6 579.4 590.3 601.1 608.2 611.5 612
