public/OST50/NO58.asc
ncols 200
nrows 200
xllcorner 350000
yllcorner 780000
cellsize 50
[rows 35 to 69 of 200, columns 0 to 77 of 200]
687 678.9 668.5 659.3 647.6 637.5 626.4 615.2 602.6 587.9 572.7 553.6 531 512 496.9 484.2 472 461.2 450.5 440.6 436.3 433.6 428.8 423 415.9 404.9 392.4 379.4 366.2 355.1 346.8 338.7 330.5 320.9 315.2 304.8 306 318.4 327.5 335.7 344.6 350.9 367.8 382.8 398.3 412.6 426.6 439.8 454.3 469.7 483.8 497.6 506 511.9 518.1 523 527.4 535.8 540.6 544.4 546.3 544.2 540.2 533.9 534.1 539.5 544 547 547.3 548.3 551.3 551.8 550.7 549.6 547.8 546.3 545.7 544.3
692 682.7 674.1 663.9 653.8 641.5 631.8 619.5 606.1 590.5 572.5 553 532.1 512.9 496.7 481.5 469.4 458.5 448.7 438 431.4 425.8 421.1 413.5 406.4 396.2 384.3 369.3 358 350.8 342.8 335.1 325.3 317.6 310.7 309.2 315.4 323.7 333.1 344 354.3 364.9 372.5 392.5 405.3 418.8 431.7 444.6 458.6 474.7 491.9 505.3 515.1 520.8 526.5 531.7 537.3 542.8 547.8 551.5 552.1 548.6 543.1 534.4 538.3 543.3 547.4 549.4 548.4 549 550.2 551.7 550.8 550.3 548.8 547.6 543.8 543.9
695.5 687.5 679.3 667.9 657.5 647.7 633.4 621.8 607.2 591.1 574.1 551.9 530.6 511.4 494.7 478.8 467 455.8 445.5 436.5 427.4 419 413.7 405.5 397.7 387.2 373.4 362.1 353.8 346.3 338.1 329.5 322.5 311.4 307 311.4 319.7 331.6 342.9 355.9 367.9 379.3 392 399.3 414.1 425.6 437 450 463.8 479.6 496 510.1 521.4 528.5 532.9 537.7 543.3 547.4 552.9 555.7 554.9 551.4 546 541.1 541.8 546.6 549.7 551.7 549.4 548.3 551.3 552.8 552 550.7 549 545.8 545.6 542.6
699.3 690.3 683.6 673.9 661.6 651.2 638.4 623.7 608.7 592.2 572.5 551.5 532.5 513.7 493.8 478.4 464.6 453.1 442.1 432.3 424 415.9 406.2 398.4 389.7 376.4 365.1 355.4 348.2 340.7 332.5 324.4 316.9 311.7 308.9 317.2 327.7 338.5 350.4 366.5 380.4 392.9 404 405 421.1 432.7 442.7 454.3 467.2 479.9 498 512.1 524 531.5 537.5 543.3 548.1 552.8 555.9 557.4 556.6 553.3 547.5 544.3 541.9 548.1 551.3 553.7 550.9 552.7 553.3 555.6 554.3 553 550.1 547.8 546.4 544.5
698.8 692.1 686 678.1 666.4 655.5 642.5 628.4 610.9 594.5 574.2 556.4 536.4 517.4 493.9 478.7 465.3 452 441.7 431.5 419.5 410.6 403.3 391.3 380.9 365.2 356.3 347.8 339.9 333.8 325.3 317 313.8 312.6 315.7 322.5 334 345.3 358.2 374.4 389.8 403.4 415.2 422.6 424.1 438.3 447.5 458.4 471.8 483 497.7 511.8 524.1 532.6 540 546.4 551.8 555.6 557.3 558.7 557.1 553.5 549.1 545.8 546.7 548.1 551.5 552.5 554.3 555.1 556.3 559.2 558.3 555.4 552.2 549.9 547.5 545.7
698.8 692.2 686.4 679.3 671.6 659.5 645.1 629.8 614.9 597.5 577 559.1 540.3 519.6 498 479.3 466.3 455.7 442.7 432.3 422.7 412.6 403 392.5 378.3 359.8 346.4 339.4 335.1 329 321.8 316.6 312.8 316.3 320.8 328.1 340.1 352.8 368.6 382.8 397.4 411.3 423.8 431.9 435.4 441.7 452.1 461.6 472.6 484.5 496.5 509.9 522.3 532.5 541 548.1 552.8 556.5 557.8 559 556.9 553.7 550.5 545.8 548 549.8 552.3 554.3 556.4 558.1 560.3 562.9 562.2 558.8 556.7 552.5 549 547
695.8 690.4 685.6 680.1 672.5 661.6 648.7 634 618.2 601.9 579.8 561.4 541.7 522 498.2 479.7 467.5 457.3 444.7 434 423.5 413.4 402.2 390.4 377.1 360.6 348.1 341.4 333.1 325.3 321.1 317.1 319 320.4 325.3 333.5 345 360.6 374.6 390 404.5 417.4 429.3 439.1 444 445.9 453.3 462.3 472.7 483.1 494.5 507.5 520.3 530.9 539.4 546.4 551.3 555.1 556.7 557.6 555.8 553.3 549 546.9 548.9 550.2 552.9 556 559.5 560.6 566 566.4 566 563.3 560.2 554.9 550.8 547.7
691.3 686.5 682.7 677.4 671.8 663.1 652 638.1 620.1 603.9 583.7 565.5 543.5 521.7 499.8 482.4 470.2 457.7 447.9 436.2 425.6 413.8 401.8 393.2 378.2 363.2 350 340.8 332.9 327.8 323.7 319.4 321.5 325.2 332.2 336.2 347 362.6 378.2 393.3 408.8 422.2 433.7 443.7 451 454.1 455.5 461.5 469.5 479.3 491.7 504.7 516.9 527.7 536.4 542.4 546.9 550.7 554 555.7 554.5 553.5 551.9 549.9 549.8 552.9 557 559.4 563 565.4 567.8 570 570.3 566.7 563.5 557.6 553.3 549.3
686.2 680.9 678 674.8 668.4 662 652.7 639.5 622.5 606.4 586.8 569 545.2 523.4 501.3 485 471.5 458.9 448.2 436.3 425.7 412.1 400.3 391.8 377.9 361.9 349.5 340.6 333.1 326.4 326.3 321.3 325.2 329.9 339.2 348.4 354.6 363.7 372.1 391.4 408.3 423.4 435.7 445.5 452.8 458.3 461.3 466 469.6 477.4 489.8 502.2 514.6 524.7 532.2 538.3 543.5 547.6 550.6 554 554.5 553.6 552.6 551.2 552.6 555.2 560.1 565.2 567.6 570 572.6 573.7 573.6 571.8 566.8 560.3 554.6 550.1
679.1 675.8 672.2 668.8 664.8 659.6 651 640.6 623.6 608.9 590.1 568.2 547.9 523.9 503.1 484.6 472 460.6 448.9 436.3 424.6 408.4 400 391.1 377.8 364.1 350.1 340.6 334.3 331.1 328.2 322.8 329 335.5 346.8 357.1 365.8 375.3 383.1 395.9 402.9 422.5 436 445.1 452.8 460.4 465.6 471.3 476.4 482.2 490.3 502.2 513.4 522.4 530.2 536.9 541 545.7 548.9 552.5 554.3 554 552.9 551.1 554.2 559.7 565.2 568.9 572.2 574.7 576 578.2 578.1 575.2 570.2 564 556.6 550.9
671.1 669.4 665.9 662.2 660.5 655.6 649.1 639.4 623.9 610.4 593.5 571.9 547.8 523.5 501.8 485 470.6 459.9 446.9 436.3 422 407.1 397.4 387.3 375.2 362 349.2 342.4 335.8 332.7 329 324.3 331.9 341.9 353.7 364.8 374.6 383.6 393.9 404.8 420 432.2 438.5 445.7 453 459.8 468.1 476.6 484 491.4 499.8 508.8 518.3 525.8 531 536.1 540.5 543.6 547 551.3 552.7 553.2 552.8 552.6 556.3 561.9 567.6 571.8 575.5 579.2 580.5 582.2 582.1 579.4 574 567.4 559.7 553.6
664.8 663.2 659.8 657.4 654.6 650.3 645 636.8 624.2 611.4 594.4 574.1 548.7 523.6 500.7 484.8 471.9 458.2 446.6 434.9 418.2 406.1 396.8 385 373.9 363.6 352.4 342.9 336.5 333.2 331 326.3 336.3 349 360.7 374.8 387.4 399 408.3 418.6 432.4 439.9 444.1 449.7 454.1 461.9 470.6 480.7 490.4 499.8 507 515.9 523.1 529.9 535.3 538.3 540.9 542.8 546.8 549.5 550.7 551.5 553 554.4 557.4 564 569.7 574.2 578.9 582.9 586.2 587 586.7 583.4 578.2 570.5 563.1 555.5
659.7 655.8 654.4 649.9 646.8 644.8 639.6 632.5 622.2 609.9 593.9 573.9 548.6 523.4 500.1 484.6 471.7 458.3 445.1 433.1 418.6 404.9 395.3 386.8 376.9 364.5 351.9 344.2 338.6 334.7 331.3 325.9 340.4 354.6 371.9 386.7 400 412 422.6 432.3 442.7 448.5 453 456.2 461.1 467 476.3 486.1 497.3 507.4 515.5 523.3 528.7 534.1 538.8 541.2 541.8 543.5 545.8 548.3 548.7 548.9 552.9 553.9 559.9 565.1 570.3 576.2 581.2 586.3 589.6 591.1 590 586.9 581.1 573.4 565.2 558.7
654.2 649.6 645.5 643.4 640.8 637.9 633.6 627.8 618.1 606.2 591.8 573.4 548.5 525 501.3 485.2 470.5 458.2 445.1 431.8 417 405.3 395.2 386.8 375.8 366.3 352.6 345 340.2 336.2 331.3 332.6 344.2 360.2 382.9 399.8 413 426.4 436.5 445.9 453.1 457.9 461 464 468.8 479.5 486.5 496.9 506.7 515 523.9 530.1 533.6 538.1 541.7 543.6 542.7 543.1 543.1 547.1 546.8 549.2 552.9 557.5 562.2 568.6 574.2 576.8 581.9 587.5 592.1 593.5 593 589.7 583.3 575.8 568.2 560.6
651.7 644.7 641.1 636.4 633.5 630.1 626.3 621.7 614 603.3 588.9 573 550.7 526 502.7 485.3 470.9 456.5 442.4 428.5 416.9 403.2 394.5 385.4 374.7 363.7 354.4 347.7 342.4 338.1 333.7 337.7 347.1 367.1 390.8 408.6 424.1 436.5 445.8 458.3 464.2 467.6 469.8 473.4 480.4 490.4 499.6 505.6 516 523.9 530.2 535.1 538.1 540.9 543.2 542.9 541.5 538.8 537.9 542.1 548.9 551.3 555.3 560.2 566.3 571.6 574.3 581.2 583.7 588.1 592.4 595.2 594.7 591.7 584.9 577.1 569.1 562.3
649.5 642.5 638 633.6 628.9 625 621.5 616.5 609.5 599.6 585.9 570.3 551.6 527.5 501.8 483.9 468.3 453.5 439.2 424.6 413.7 404.5 393.2 383.8 373 362.6 354.8 348.3 343.1 338.7 336 339.6 349 370.2 395.2 415.9 431.7 443.7 456.7 466 472.3 476.4 480.6 485.5 493.6 502.1 512.2 519.4 525.5 531.2 537.1 540.1 541 542.5 542 539.8 536.1 525.5 536.9 545.2 550.6 554.9 559 562.7 568.8 574.5 578.9 581.9 587.2 590.7 592.7 595.9 595.8 593 585.7 577.7 569.5 562.8
645.3 640.7 636.6 632.3 628.7 621.4 617.2 611.5 603.9 593.9 581.2 566.6 548.4 527 502.1 482.4 466.3 450.2 435.2 423.1 413.3 404.6 391.2 381.6 372 362.2 353.9 348.2 341.6 343.1 344.9 343.4 350.2 370.9 396.3 418.6 434.7 449.3 461.6 470.4 477.3 484.3 488.9 495.2 503.6 513.5 522.7 528.9 533.2 538.4 542.6 543.8 543.8 542.3 539.6 535.4 522.9 524.8 536.8 545.9 553 558.7 561.8 566.2 572.5 576.1 580.1 584.2 588.3 591.4 595.2 595.5 595.4 592.4 585.4 577 568.4 561.4
646 640.4 637 631.8 627.3 621.5 615.2 608 587.6 570.9 555.6 551.3 539.5 521.6 496.5 476.4 461.2 446.7 431.8 418 410.1 400.4 387.9 380.3 370.2 360.5 353.6 346.1 343.6 348 349.7 350.9 343.9 367.7 393.3 415.4 435 449.8 462.3 472.2 480.4 489.4 495.3 503.6 512 522.5 531.4 537.6 540.2 544.5 547 547.1 544.3 541.2 536.2 526.6 513.9 524.1 536.1 546.5 554.1 559.7 563.3 567.9 572.6 577.4 581.2 586 589.8 592.4 594.2 594.2 593.4 589.9 582.9 574.9 565.8 558
646.3 640.6 635.4 629.6 624.3 619.3 614.2 605.9 595.7 581.2 551.2 523.6 513.1 503.9 489.3 471.6 457.8 441.7 427 413 402.2 393.4 383.9 375.6 365.6 358.4 353 348.3 353.8 354.3 356.6 358.1 352.1 361.7 384.9 409.4 431.9 447.6 460.5 470.4 481.7 491.3 499 508.5 517.8 528.1 537.2 543.4 546.1 548.2 549.5 547.1 543.3 538.6 531.5 514.8 506.2 520.7 534.9 546.2 554.3 560.7 564.4 567.2 571.5 575.4 579.6 584.1 588 591 591.8 592.1 590.3 586.6 578.9 571.6 561.2 553.8
645.5 640.4 634.3 628.1 622.5 617.9 611.8 603.2 592.6 579.7 560 534.1 509.9 476.3 470.4 461.1 446.9 429.9 415.4 402.2 392.3 382.2 374.5 368 361.7 356.8 358.4 358.7 359.9 361.7 364.4 367.1 360.9 352.2 372.4 398 423.2 442.3 454 467.1 478.8 490.9 500.3 510.8 520.6 530.8 539.5 545.3 548 548.9 548 545 539.9 533.9 520.5 506.7 505.8 521.6 534.8 544.9 553.8 560.5 563.4 565.7 568.7 572.5 576.7 580.9 585.3 587.9 588.4 587.5 585.3 581.6 574.8 566.6 557.4 548
647.2 641.9 635.4 629.5 623.7 617.8 611.2 603.2 592.1 572.4 536.4 524.8 507.6 484.4 463.6 440 429.5 418.4 402.7 393.2 383.6 373.9 370.8 365.6 366.9 367.3 366.1 366.7 368 370 371.8 375.2 371.9 363.4 361.7 383.4 408.6 429.6 445.9 459.9 473.6 488.1 499.6 509.5 520.1 529 537.1 542.8 545.3 545.9 544 540.5 535.1 525.7 510 500.4 504.3 520.7 533.2 542.9 550.4 558.4 560.5 562 564.4 567.7 571.7 575.4 579.3 582.1 582.6 581.4 579.2 576.3 569.8 561.2 551.4 543.5
649.4 642.8 636.7 631.3 625.1 618.4 611.9 603 591.9 578.7 553.3 523.9 498.2 474.2 452.5 434.7 422.5 408.8 397.3 386.9 376.6 378.8 376.6 375.9 375.7 373.6 374.5 376.7 376.5 378 380 382.1 380.1 370.2 369.5 370.9 390.6 411.8 430.3 450 466.9 482.2 494 503.9 514.8 523.2 530.7 536.4 540.2 540.2 538.5 535.2 528.1 513.2 503.6 493.8 506.6 517.7 531 540.6 547.7 553.2 556.4 557.9 558.8 561.6 564.9 568.2 572.1 574.7 574.9 574.4 572.6 568.8 563.5 555.8 546.4 540.1
652.6 644.7 638.8 632.9 626.3 618.6 611.9 601.7 590.3 575.7 552.4 523.8 495.7 472.5 452.6 435.9 419.3 403.6 391.6 385.4 385.9 386.9 385.7 384.9 384.2 385 385 384.6 386 386.7 388.6 389 386.5 380.7 376.1 375.2 379.4 392.6 414 434 453.2 468.8 482.3 494.7 504.8 513.9 521.6 527.9 532.2 532.5 531.6 525.9 515.6 505 496.4 494.9 505.8 515.5 527.4 537 544.4 548.9 550.9 551.3 551.6 553.9 555.6 558.2 563.6 566.9 567.5 567.2 565.6 562.7 558.4 550.6 542.7 536.8
654.9 648.3 641.8 634.2 626.6 618.4 609.4 600.2 584.2 566.7 541.8 520.1 494.2 470.2 448.6 432.3 416.7 398.1 388.6 395.7 396 400.3 396 393.1 392.6 394 393.6 393.2 395.1 396 396 394.5 391.9 387 382 389.5 388 384.6 395.3 410 429.7 445.5 461.9 476.7 488.1 497.5 507.1 513.5 519.7 522.7 520.6 514 503.9 497.9 485.6 496.5 503.6 511.8 521.4 532.9 539.5 544 545.1 544.8 544.7 545.3 546.6 548.8 553.1 557 559.1 559.9 559.1 556.6 552.9 547 542.5 537.8
659.9 650.8 643.9 636.8 627.3 617.5 607.3 594.4 576.6 552.5 530.1 508.7 488.4 465.9 445.4 429.4 412.7 398 399 406.6 410.2 408.9 406.3 403.1 401.7 401.8 400.7 400.2 403.2 403.8 404.2 402.2 399 394.6 388.2 397.3 403.5 399 395.3 396.8 410.9 423.8 439.5 454.6 471 482.5 491.1 498.4 504.7 508.3 507.1 500.8 495.4 490.3 483.8 493.5 500.2 508 515.8 527.6 534.8 539.1 539.8 538.9 537.7 536.7 537 539.9 544.2 547.6 549.3 550.4 550.1 549.4 547.5 543.7 541 537.1
662.2 652.4 645.1 636.7 626.9 616.6 603 584.6 561 541.2 521.1 502.2 479.8 460.5 442.8 421.8 403.8 413.3 416.3 420.4 423.1 420.1 415.7 413.8 412.1 411.3 409.4 408.8 410.8 410.6 411.5 408.8 407.3 403.8 398.9 404.4 411.3 417.8 416 412 406.5 412.2 426.7 442 453.6 461.1 469.7 476.6 484.4 492.4 494.5 488 480.3 477.4 484.6 488.7 495 503.3 510.6 521.1 531.9 536.1 536.7 536.3 533.4 531.9 531.1 532.8 536.1 538.1 539.9 540.5 541.7 542 541.5 540.8 538.5 534.8
663.4 653.9 644.5 635.6 625.8 614.6 598.2 572.6 549.4 531.1 513.5 494.7 475.9 454.9 436 413.9 424.2 429.4 437.1 439.3 438.9 433.6 427.4 424.6 425.7 423.2 420.9 418.1 418.7 419.8 420.3 417.8 415.7 412.2 410.7 409.1 418.7 430.1 437.8 436.5 431.5 427.6 426.4 425.8 431.4 441.3 450.7 456.8 466.8 476 470.1 471.2 478.9 483.8 487.1 494.2 497.7 504.9 515.2 525.3 532.4 534.5 535.4 533.8 530.1 528.4 526.8 527.6 528.8 530.4 531.5 533 533.8 535 535.5 535.9 535.5 533.2
663.5 654 642.5 632.7 622.3 609.4 588.7 564.4 542.5 521.7 504.3 487.3 469.5 449.2 425.8 433.5 442.4 451.6 458.3 459.7 455.7 448.4 441.5 438.5 439.8 436.2 434.3 432.4 428.9 430.2 430.5 428 425.5 424.3 421.5 413.2 425.4 437.5 449.4 458.6 456.7 451 446.6 448 451.1 459 462.8 465.6 463.7 470.8 475.6 474.2 479.1 486.9 491.6 496.4 499.3 505.7 516.6 527.5 534.7 537.9 535.9 531.2 528.3 523.8 523.8 524.5 524.8 526.1 526.7 527.6 528.3 529.1 530 531.5 531.1 530.5
663.8 653 640.8 630.1 620.2 603.6 584.3 558.8 534.8 515.8 496.2 478.2 461.5 441.4 442.6 449.4 460.6 470.2 477.1 479.8 474.6 463.1 456.1 452.7 455.6 453.4 449.8 446.7 443.1 442.8 443.6 440.4 437.1 435.1 431.7 427.9 431.4 444 458.1 470.2 479 479.7 473.1 471.1 471.5 478.1 483.3 486.8 482.8 488 496.7 496.1 478.5 491.8 496.3 500 502.7 506.6 516 529.5 535.7 539.5 537.7 532.7 528.4 525.5 520.5 520.8 522.2 523 523.9 524.2 524.1 525.6 526.1 528.2 528.4 528.9
662.8 651.8 638.7 626.6 615.5 599.1 580.5 557.4 535.6 515.7 494.9 476.5 458.9 448.3 458 471.9 483 490.2 498 500.1 495.9 483.8 475.9 472 471.9 471.4 467.7 464.8 458.4 456.2 452.5 453.4 451.1 448.3 437.2 439.1 439 451 466.1 479.1 491.2 498.4 504.4 498.8 499 503.2 503.6 501.8 490.8 500.3 504.2 502.9 486.9 494.6 499.3 503.2 507.5 513 524.4 531.9 537.4 540.4 538.3 532.4 527.7 525.5 522.3 519.1 519.8 520.2 521.5 522.1 522.6 522.5 526.2 526.8 527.5 528.5
661.4 650.6 634.9 624.2 611.2 596.2 580.9 560.2 538.3 519.7 498.9 478.4 462 460.6 478.3 493.8 504.4 511.8 518 523.2 519.5 501.4 497.1 491.3 490 486.7 483.7 481.4 475.8 473.5 467.7 469.1 463.7 459.3 451.6 450.6 451 457.8 472.2 485.4 498.7 511 518.6 519.9 518 514.8 511.9 508.7 505.5 506.6 507.9 506.4 490.1 498.2 504.1 507.7 514.6 522.8 531 535.9 539 541.2 538.7 531.6 527.2 524.6 522 518.6 518 516.6 519.3 519.8 521 522 524.8 526 526.3 526.4
659.6 647.4 634.1 622.3 609.8 596.6 582.8 566.1 543.3 522.6 503.3 482.9 468.2 476.8 494.9 509.1 519.5 532.8 540.9 545.7 542.6 529.1 517.1 511.5 510.8 506.7 500.4 500.1 495.9 491.8 487.3 483.8 477 471.4 466.3 465.3 463.3 466.2 477.8 490.5 506.3 519 525.2 526.9 524.2 521.7 517.1 513.8 511.8 510.5 511.3 508.2 495.7 503.6 508.4 514.2 524 532.1 538.1 540.9 540.5 540.5 537.9 532.3 526.6 523.7 521.6 519 517.3 516.8 515.3 518 519 521.3 522.6 523.9 523.6 522.4
657.3 645.3 633.1 620.6 609.2 597.5 584.5 569.1 548.9 531.7 516.3 493.5 468.1 489.8 508 523.1 536.3 548.8 558.7 564.6 565.8 556.8 541.6 535.3 531 533.7 528.7 519.3 516.1 512.2 506.5 498.1 490.3 482.7 479.9 477.2 477.3 480.4 487.2 497.8 512.4 525 532.7 533.6 530.7 526.4 521.6 517.6 514.6 514.4 512.9 506.9 504.8 509.8 514.2 521.8 530.8 538.5 544 545.7 544.1 539.4 536.2 531.5 526.1 523.7 520 517.8 516.5 515.7 515.7 515.9 517.1 520 521.1 521.7 520.7 519.2
656.3 643.5 632.1 619.1 608.8 596.6 584 572.1 556.9 540.8 524.7 503.4 477.2 500.8 518.8 534.3 549.4 563.4 574.9 583.4 588.2 585.5 577.1 568.3 560.3 557.9 559 550.5 543 536 524.5 514.9 504.6 494.4 494.2 493.1 492.6 495.8 502.9 508.5 523.2 533.7 539.8 541.3 536.6 530.8 526.1 521 518.5 515.6 510.5 509.9 512.1 515.9 519.9 528.4 537 544.4 548.9 549.7 544.8 539.1 534.6 529.2 525.6 522.9 519.7 517.6 514.9 513.4 515.8 513.8 518 519.1 519.3 518.2 517.8 515.4
655.1 643 630.9 617.3 606 594.9 583.8 572.7 561.9 547.1 527.4 506.7 486.4 503.2 528.5 545.9 559.5 575.5 588.5 598.5 603.5 606.7 605 601.6 595.6 592.7 588.6 581 571.3 558.8 543.3 529.8 518.1 514.3 509.1 509.7 513.5 514.3 521.8 527.4 537.6 544 546.7 547.6 543.5 535.9 528.9 523.7 520.2 517.7 511.1 515.6 517.2 520.8 524.6 533.1 542.1 548 551.3 549.3 543.8 537.7 532.2 527.5 523.5 519.4 518.6 516.3 515.7 513.2 514.9 515.3 516.6 518.5 518.7 517.7 515.1 512.4
