public/OST50/NO58.asc
ncols 200
nrows 200
xllcorner 350000
yllcorner 780000
cellsize 50
[rows 70 to 104 of 200, columns 78 to 155 of 200]
504.4 499.8 494.2 488.3 482.4 477.7 474 470.9 468.1 463.9 458.5 461.4 464.6 465.7 465.4 463.4 460.4 457.5 466 471.6 475.3 479.5 484.9 491.2 497.4 504.6 512.2 518.8 525.8 531.9 537.8 541.9 543.7 542.6 537.1 532.5 527 519.6 510.3 500.6 490 482.2 475.9 472.7 471 467.6 462 456.5 450.3 444.6 439.8 434.1 427.3 420 412.5 400.8 415.5 421.6 426.3 430.1 436.7 445.4 449.9 451.9 457.4 458.7 462.9 468.2 473.1 478.6 480.6 483.8 486.5 492.1 496.5 501 507.1 515
499.6 495 489.8 481.5 477.6 474.8 472 468.9 464.3 460.8 465.4 466.6 467.7 468.1 467.8 464.3 457.3 463.3 469.9 472.1 478.6 481.9 486.4 491.7 498.1 505.6 511.6 519.5 526.4 531.9 537.2 541.7 543.6 542.6 535.8 530.9 526.3 517.5 509.3 500.7 489.9 481.9 476.8 472.1 470.3 466.4 460 454 448.7 443.6 439.7 433.8 428.1 418.4 405.8 403 412.6 422.8 428 435.7 443.6 451.3 455.9 457.3 462.7 464.4 468.8 473.9 479.1 483.9 489.6 493.5 499.8 504.7 507.6 512.5 520.3 526
491.1 487.6 483 477.9 475.7 473.8 469.6 466.4 462.2 466.2 468 469 469.6 470.8 470.4 468.4 459.8 466.6 472.1 476.4 480.4 484.1 488.6 493.6 500.8 505.4 511.9 520.4 526.5 532.2 536.9 540.5 541.5 539.9 533.9 529.5 524.1 515.7 508.1 498.2 489.8 481.7 476.4 471.6 467.5 463.3 457.2 452 447.1 441.6 438.2 434.6 427.5 412.2 422.7 417.8 410.9 424.5 431.5 440.1 448.8 455.6 460.3 463.3 466.1 469 474.3 478.3 484 489.6 496.9 502.5 510.4 516.3 521 525.1 529.8 534.3
484.5 481.4 479.1 476.5 474.9 472.4 470.1 466.8 466 469.5 471 471.7 472.6 473.9 473 471.7 463.3 469.6 472.7 478.4 482.6 486.6 490.8 495.5 501.2 507.1 513.3 521.4 527.7 532.8 536.9 539.9 540.6 538.5 532.2 527.9 521.3 514 507.2 497.9 488.7 481.6 474.2 469.1 464.5 459.7 453.6 451 446.5 442 438.5 433.7 417.7 427.1 431.4 427.9 412.9 427.1 434.3 445.3 451.9 458.1 463.5 465.8 468.4 472.6 477.9 482.6 488.6 495.8 503.1 512 520.2 525 530.1 534.2 538.3 542.1
481.4 479.7 477.5 475.4 472.1 471.1 468.8 465.9 468.5 473 475.2 476.4 475.2 477.2 476 475 466.7 472.9 477.2 479.9 484.3 487.7 492.9 496.4 502.1 508.6 515.5 521.9 528.5 533.6 537.2 540.7 540.6 538 533.3 527.9 522.4 514.4 507 500.4 493.1 482.8 474 468.2 463.4 458.4 452.5 447.8 444.9 440.7 437 428.3 427.2 434.8 435.9 433.3 426.9 427.6 438 446.7 453.1 458.8 463.9 466.3 471.1 475.4 481.3 486.1 492.2 498.7 508.5 519.4 527.7 535 539.5 542.4 546.5 549
481.1 479.3 477.7 474.9 470.8 466.4 464.8 464.5 472.8 475.6 478.9 479.7 480.3 481.2 479.9 478.3 469.7 476.9 480 483.5 487.2 490.1 492.8 498.2 502 509.4 515.9 522.3 528.7 534.4 538 541.7 541.7 538.7 534.9 529.5 522.6 516.1 508.2 501.5 494.2 485.6 477.2 470.9 464.3 457.7 451.8 447.6 443.4 439.1 434.8 426.3 434.7 439 439.5 437.1 433.5 430.6 431.6 445.9 454.2 459 463.1 465.9 472 477.9 482.1 488.3 494.2 501.2 512.7 523.4 533.8 541.2 544.9 549.2 552.3 554.8
479.6 478.8 475.8 467.6 470.4 469.3 470.4 472 476.5 479.3 481.7 483 483.8 483.5 480.5 480.9 474.6 479.6 481.6 485.5 488.9 492.8 494.9 497.6 503.4 510.1 515.9 522.9 529 535 540.7 543.7 543.1 540.9 536.9 531.6 525.8 519.5 511.1 502.7 495.2 487.1 479.2 472.9 464.8 457 452.2 446.8 443.2 438.4 431.5 431.9 438.8 442.3 442.3 440.3 438.8 436.6 432.6 443.9 451.8 457.7 462.5 466.3 473 478.8 484 489.1 494.2 503.5 514.5 524.8 535.6 544.1 549.1 554.3 556.4 557.4
476.6 476.2 469.8 472.6 472.4 472.1 473 476.7 479 481.7 483.3 484.7 485 483.9 483.3 482.3 476.4 482 482.9 487.3 488.6 494.8 497.3 501 504.8 510.6 517.6 523.6 529.7 536 541.9 544.9 545.6 543.7 540.7 535.8 529.6 521.8 514.6 504.1 497.2 489.3 481.7 475.9 467.9 460.4 452.6 447.3 442.5 438.4 432 436.1 441.3 444.2 443.9 443.3 442.9 440.4 441.7 446.4 451.1 453.7 460.4 467 474.4 479.4 483.4 488.9 494.1 503.7 514.1 524.8 535.3 544 550.5 555.4 558.1 560.7
474.7 472 470.7 475.1 475 476.6 478.7 481.2 481.5 484.5 485.7 486.1 486.9 486.3 485.5 484.6 479.4 483.9 485.8 488.1 491.4 495.6 499.2 501.8 506.2 511.1 518.4 523.4 530.4 538.2 544.3 547.7 549.1 548.3 544.3 538.8 533.5 526.2 518.4 506.5 499.4 491.9 484.9 478.6 469.7 461.2 453.5 447.6 443.1 438.8 438.1 440.6 445.2 447.1 445.5 446.9 446.6 447.9 449.1 450.9 454.1 459.1 460.4 467 473.5 477.4 482.6 486.8 493.3 502 512.4 522.5 533 541.2 548.6 554.1 558.1 560
478.9 476 471.1 477.1 479.9 481.5 484.2 486.1 485.9 487.1 489.5 489.4 488.6 487.6 486.4 485.6 480.7 485.2 488.7 490.8 492.7 497.1 500.3 504.6 508.9 514.1 520.8 527.1 534 542.8 548.6 552.4 553.4 552.3 548.5 543.1 537.3 530.3 523.9 512.7 503.6 494.8 487.6 479.6 470.1 462.4 454.9 446.9 443.7 442.2 442.5 445.3 449.1 450.4 448.7 449.3 451 452.9 453.3 455.5 458.9 462.7 463.6 462.9 471.4 476.9 482 485.7 491.7 498.8 508.2 517.8 527.6 536.6 544.6 550.1 554.5 559
481.3 475.3 475.4 479.4 483.7 486.4 489.9 491.9 491.2 492 492.3 492.1 491.1 489.2 487.8 486.2 485.4 485.7 488.7 493 495.7 497.7 501.9 505.4 511.6 517.5 524.7 532.9 540.5 548 553.4 556.4 557.6 556.8 552.9 547.9 542.3 535 526.9 518.9 507.1 497.5 489.5 480 470.4 464.6 457.6 451.4 443.8 446.1 448.3 451.5 452.9 453.4 452.5 454.3 456.2 458.1 457.1 460.5 463.7 466.6 469 470.1 470.4 472 479.1 484.6 490.5 496.1 504.4 512.6 522.1 529.5 537.9 545.2 550 555.3
482.2 474.4 478.4 483.1 487.7 491.8 496.6 497.3 497.2 496.8 494.5 495.7 493.9 491.5 489.2 488.6 485.7 486.8 492.2 492.1 496.5 500.9 503.8 508.6 515.4 521.8 528.5 536.2 544.9 552.9 558.9 561.2 562 561.5 557.4 552.1 546.4 539.9 531.5 521.8 508.9 497.7 490.4 479.5 471.6 464.1 460.8 455.5 449 450.4 453.8 455.8 457.9 457.1 458.6 460.4 462.6 464.8 461.1 465.2 469.2 471.9 474 475.5 476.7 475.1 482.1 484.7 488.6 496 502.5 509.5 517.8 525.2 533.4 539.5 545.1 552.1
482.4 474 480.5 486.3 492 496.2 500.1 500.4 499.9 499.1 498.9 498.4 496.1 493.3 490.3 489.3 485.1 488.5 493.3 494.7 498.1 502.2 507.6 513.2 518.4 525.6 531.3 540.7 548.7 556.8 562.8 565.5 565.8 564.9 560.5 555.3 550.3 542.9 534.5 523.8 509.9 498.4 491.9 483.7 476.1 471.5 466.6 460 454.3 456 457.9 460.6 461.4 462.6 465.5 468.3 470.4 471.6 471.8 470.1 474.7 476.2 478.5 480 480.3 481.6 483.5 488 491.8 493.7 501.6 506.7 514.4 522.9 531.1 538.1 545 551.5
481.8 474.8 482.2 487.8 494 499.7 502.2 503.4 503.5 502.4 501.2 500.3 498.2 495.7 491.6 488.1 489.1 492.3 493.6 497.5 500.2 504.5 510.6 516.4 521.9 527.8 535.6 544.6 552.4 559.4 565.4 568.1 568.9 567.4 562.9 557.1 552.6 545.7 535.4 525.1 511.5 503.2 494.9 487.7 481.3 477.8 472.2 464.1 460.1 462.2 463.7 465.2 465.7 467.3 470.4 472.5 475.9 477.9 476.9 472.7 478 481.5 482.2 484.4 485.2 485.7 487.7 492.2 495.9 499.6 505.2 512.2 519.5 526.3 533.8 540.1 547.8 551.1
482.3 477.8 485.5 489.9 496 500.9 505 506.3 506 504.7 502.2 501.2 498.6 494.9 491.8 489.9 490.6 492.2 497.8 499.4 503.3 508.1 514.5 519.8 525.6 532.1 539.6 547.9 554.8 560.8 567.2 569.8 571.2 568.8 564.4 558.5 554.5 546.6 537.5 525.9 512.9 506.4 496.2 490.1 485.6 480.6 473.9 466.4 466 467.4 467.2 469.1 469.2 471.4 474.4 479.4 482 483.4 483.1 481.4 481.7 484.2 486.4 488.6 491.2 491.3 494.2 496.9 501 505.3 510.5 516.2 522.5 528.7 536 543.3 550.4 556.6
483.2 481.6 486.7 492 496.9 501.9 505.3 506.5 507 506 504 501.2 496.6 492.2 491.7 493 494.2 496.8 499.6 502.6 506.9 512.3 518.3 523.8 530.7 536.3 542.8 550.2 557.2 562.1 567.1 571.4 572.8 570.2 564.7 560.9 554.4 547 535.7 528.9 515.6 508.8 501.9 495.1 488.8 481.4 474.8 469.1 470.6 471.1 473.4 474.1 474 475.9 480.3 484.7 488.6 488.1 487.2 486.9 486.6 488.2 490.6 492.3 495.6 496.1 500.2 502 505.8 509.8 515.8 520.5 524.9 531.5 539 545.7 552.8 559.7
482 484.4 488.2 493.6 497.5 501.1 505.3 506.5 506.6 505.5 504.1 499.7 495.1 496.2 496.4 499.6 501.1 502.4 504.3 507.1 511.8 518 523.1 528.8 535 541 545.6 551.3 558.3 563.4 569 572.8 574.6 571.4 568.6 562.7 555.4 547.4 538.5 530 520.5 513.9 506.1 498 491 485.1 480.2 475.2 475.5 477.5 478.3 479.4 480 481.6 486.3 490.7 495 494.5 492.2 491.1 491.6 492.6 494.6 497.9 500.8 504 505.9 508.1 512.1 514.3 519.2 525.8 529.8 535.7 541.3 547.9 555.5 562
482.8 484.4 489.2 494.1 497.5 500.5 505.2 505.3 506.9 505.8 503.7 498 501.4 502.3 504.6 507.7 510.1 512.4 514.5 515.2 516.7 524 529.1 533.3 539 546.5 552.2 557.9 564.1 568.5 572.7 576.9 577.2 573.2 571.1 566.3 559 548.9 538.7 533.5 524.6 518.3 509.3 500.8 494 488.3 484.4 480.2 481.4 482.6 485 485.1 484.8 489.6 493.4 497.3 500.3 498.2 497.4 497.5 497.7 498.2 501.1 505.1 506.9 511.7 514.2 516.6 518.7 521.9 524.7 529 533.8 540.5 544.7 551.4 558.8 564
480.2 485 489.9 494.5 496.9 500.4 504.5 504.9 506.4 505 504.2 503.5 506.3 508.6 513.7 518.1 522.2 525.9 528.1 528.3 523.7 531.8 537.4 540.5 547.8 553.8 557.6 564.9 570.8 574.9 578.3 581.3 580.9 579.4 577.3 571.8 564.7 557.3 549.3 540 532 522.3 513.6 506.8 499.9 494.6 486.3 487.1 485.7 487 491 491.6 492.9 498.1 500.8 504.2 505.4 503.3 503.3 504 504.9 505.3 508.7 513.7 517.9 520.6 523.4 523.1 525.6 526.2 528.5 532 538.1 543.1 549 552.9 559.2 564.8
484.7 489.2 492.1 495 499.6 503.3 505.5 507.9 508.7 506.8 503.2 507.5 511.4 516.5 523.2 529 533.5 537.7 539.2 539.3 534.7 540.1 544.4 548.3 554.6 561 567.4 572.8 577.9 580.8 585.1 587.3 588.1 587.6 584.4 580.8 573.4 564.9 558.4 550.9 540.8 528.8 521.6 513.8 505.2 500.3 496 494.1 493.5 494.3 497.1 500.5 501.3 507.1 509.1 511.3 511.7 511.7 511.8 512.5 513.7 515.9 519.3 523 525.6 527.5 528.7 529 530.1 531 532.9 536.9 539.4 544.7 550.7 553.8 558.6 563.7
487.5 490.8 493.9 497.8 501.1 506.1 512.3 513.2 512.4 511.6 508 510 516.4 523.8 531.1 538.2 543.5 547.6 549.7 548.6 545.2 546.9 551.9 556.6 562.6 568.8 574.8 581.5 585.5 589.6 593.8 599.2 602.1 600.3 596.6 589.6 583 575.2 566.9 559.7 550.9 539.4 528.3 518.9 511.8 506.8 504 502.4 501.7 501.3 505.9 509.2 511.2 514.8 517.8 519.3 518.8 517.1 518.9 520.3 522.6 526.8 528.9 531.5 533.9 534.5 535.6 535.6 535.8 537.9 537.4 538.9 541.5 546.6 550.4 553.9 557.6 562
489.6 491.3 495.4 501.1 507.1 514.4 517.8 519.7 519.8 516 513.1 515.2 520.3 528.7 537.3 544.9 552.5 556.1 559 556.4 553 554.2 558.9 564.2 570.1 575.7 581.2 586 592.9 599.2 605 610.6 614.2 613.3 607.1 599.9 592.2 584.2 575.9 568.1 559.4 546.8 535.3 526.4 518.8 516.1 514.1 512.2 512.8 512.9 516.2 518.9 520.9 523.4 525.4 526.1 525.1 524.9 525.6 526.8 531.6 533.9 537.8 539.3 539.2 541.1 540.8 541 541.7 542.8 541.6 538.6 541.2 545.5 548.3 549.8 553.7 556.8
493.7 495.7 501.5 507.1 514.7 520.6 525.3 525.4 524.8 522 519.7 519.2 523.9 532.4 541 549.9 558.9 563 565.5 565 561.3 561.4 564.7 570.2 575.8 581.3 585.3 592 599.2 606.5 612.7 622.3 625.7 623.4 618.2 612 601.8 593.7 584.3 575.1 565.6 553.5 542.5 533.1 527.5 526.2 524.9 522.8 524.2 525.2 527.4 527.9 530.9 531.1 532.6 532.6 531.7 530.5 531.4 533.4 537.1 540.3 543.6 545 545 546.4 546.9 547.6 547.5 545.7 543.9 539.9 538.9 540.7 542.6 544.1 547.4 550.1
497.2 502.3 507.6 513.5 520.7 527.7 531 532.1 529.4 526.1 523.5 524.9 527.5 535.2 543.9 553.7 563.4 569.3 571.3 571.2 568.2 568.3 571.3 576.5 583.5 587.4 594.4 602.3 608.8 615 622.6 631.9 636.8 636.2 630.3 622.8 610.8 601.6 591.1 582 571.8 559.5 549 541.3 537.9 537 536.3 535.9 537.3 537.4 537.7 539.3 540 539.1 538.4 535.2 535.9 537.2 537.6 539 543 545.5 548.3 548.7 549.4 551 551.3 551.8 551.9 549.1 545.6 541.8 536.2 535.2 535.4 536.3 538.2 539.7
501.5 507.9 514 520.2 527 531.4 535.7 537.8 535.5 533.7 529.5 529.4 535.9 540.6 550.3 558.6 567.1 574.3 577.2 577 575.8 575.6 577.7 584.4 591.9 599.2 605.3 612.4 617.7 625 631.8 642 644.3 644.6 639.2 632.3 622.8 611.4 599.3 588.1 578.2 567.1 558 553.5 552 550.1 552.3 552.4 551.7 548.8 549 549 547.3 546 543.8 541.6 540.7 541.3 540.5 544 547.1 549.8 552 552.5 552 553.8 555.1 555.7 555 550.8 545.7 541.4 534.9 522.7 527.7 527.1 528.1 528.5
503.3 511.9 517.8 524.6 531.9 537.1 539.6 541.6 543.1 540.6 535.7 536.4 544.5 550.3 556.4 564.5 572.4 579.4 582.7 583.1 583.9 583.4 586.2 593.1 601.9 608.9 615.4 621.2 626.7 634.2 643 652.1 655.8 654.3 651 641.9 631.8 620.4 607.5 595 584.5 576 569.8 566.1 565.2 565.8 564.8 565.1 563 559.3 558.8 556.7 553.9 552.3 548.8 545.4 544 542.6 543.7 546.6 549 552.1 552.5 553.6 553.1 554.9 555.5 556.5 555.4 550.9 545.2 539.3 531.9 524.8 514.2 517.5 516.1 515.5
505.4 514.4 521.9 528.2 536.4 540.3 543.9 546.7 549.7 550.2 545.4 547.7 552.3 557.8 563.6 570.1 578.4 584.5 589.5 590.9 592.5 593.9 595.9 602 610.2 618.6 625.2 633.1 638.4 646.1 654.9 663.2 665.7 666.2 662.2 655.1 642.8 628.6 616.7 603.9 594.3 587 583.9 580.6 578.6 579.1 578.9 575.9 572.4 569 564.9 562.6 559.1 556.6 552.8 548.9 545.5 546.3 543.9 546.6 550.4 552.7 552.9 551.9 552.3 553.5 555.1 554.2 553 547.8 541.9 535.3 528.5 519.1 498.8 503 504.2 502.6
507.7 516 525.5 532.9 540.3 546.2 550 552.5 555.4 556.3 554.6 555.5 560.4 565.3 571 577.5 584.3 591 596.3 599.4 602.8 605.1 607.1 612.4 619.7 628 635 641.6 648.6 656.6 665.7 672.8 676.9 676.6 670.9 663.6 654 641.5 627.7 615.5 606.2 602.8 597.9 597.1 596 592.4 589.4 584.7 579.8 575.6 571.4 566.7 563.3 559 554.6 550.6 546.7 547.1 546.2 546.3 549.9 550.5 551 549.6 549.8 550.7 551 550.8 549.7 544.3 538.1 531.5 523.5 512.9 494.1 487 489.5 489.6
514.9 519.3 527.6 535.7 544.3 549.2 553.1 555.9 560.2 562.3 560.6 562.8 566.6 572.3 579.2 584.8 592.4 599.4 605.3 610.1 615.9 619.6 621.2 625 632.8 639 644.9 651.6 660.8 669.2 678.8 684.7 686.6 685.5 679.3 673.2 664.5 654.9 642.3 630 622.8 619.9 615.1 611.3 606.7 602.6 597.7 593.1 586.5 580.5 575 570.3 565.7 560 554.8 550.2 547.4 546 545.5 546.3 547.1 546.7 546.8 547.1 546.6 545.6 546.2 547.4 545.9 540.8 533.6 526.6 518.5 509 491.6 473 479.1 478
519.6 525.6 531.6 537.9 545.2 551.6 556.3 561.1 564.9 567 567.6 570.4 574.1 579.6 586.2 592.5 599.9 608.2 616.5 624.1 629.3 634.8 638.6 639.4 642.7 649.1 654.3 663 672.3 679 688.8 694.9 698 696.6 690.8 683.9 677.8 667 657.2 647 639.4 633.8 627 623 617.3 611.5 605.8 598.6 590.7 584.5 578.4 571.9 565.9 560 554.2 548.5 544.3 544.3 542.7 543.1 543.3 543.8 542 541.8 542 542.7 541.9 541.3 540.3 535.5 529.6 521.7 513.3 503.9 486.5 465.5 468.2 468.5
523 529.8 536.7 542.8 547.9 554.2 559.5 565.6 569.3 572.1 573.9 576.4 581.5 586.6 593.3 600.5 609.5 618.8 628.1 636.5 644 651 653.1 653.9 655.6 660.2 666.9 673.3 684.2 692.2 699.3 705.1 706.6 705.4 699.7 692.6 684.4 676.5 667.9 658.6 649.6 642.5 636.5 629.2 624.1 616.1 610.6 602.6 593.9 586.8 579 574.1 565.8 559.7 553.5 547.9 544.3 543.4 539.8 539.7 540 539 538.5 537.2 535.9 537.6 537.2 537.5 534.7 531.3 524.6 517.9 508.2 497.6 482.5 462.3 462.7 461
528.4 535.9 541.7 548.9 553.2 558.1 563.5 569.7 575 578.8 579.8 583.4 587.8 593.7 601.4 611.2 621.7 632.3 642.6 653.4 662.2 666.8 669 669 668.1 669.8 676.5 685.6 693.8 700.4 710.5 714.7 715.4 710.4 704.8 698.8 691 681.4 673.3 665.4 657.4 649.5 642.9 634.6 628.6 620 612.4 605.1 595 588.4 579.6 573 565.4 558.3 551.1 546.2 543.4 539.8 536.9 536 535.2 535 533.7 530.4 532.6 531.2 532.9 531.6 530.2 527.5 521.2 513.6 505.7 491.7 478 464.6 452.3 454.2
535.2 543.2 548.9 556 560.4 564.4 569.1 574.7 580 584.5 586.6 591.2 595.8 603 611 623.6 634.1 646.7 655.1 666.7 675.3 681.7 684.4 682.5 680.4 681 686.3 697.4 703.8 710.4 719.7 723 722.5 717.4 708.9 701.4 693.3 683.3 676.2 669.4 662 654.1 647 638.2 630.8 622.1 613.6 604.4 596 588.1 579.9 571.8 564.8 557.1 550.2 544.1 538.5 537 533.6 532.4 529.1 529.4 529.2 527.5 526.3 527.1 526.2 527.5 526.2 522.9 518.7 510 501 484.6 474.1 457.7 453 448.3
544.9 550.7 557.3 563.9 568.4 572.6 576.4 581.8 587.1 593.2 596.3 600.3 604.8 614 625.7 637.7 649.4 659.7 667.9 680 690.2 696.2 697 694.3 692.4 695.7 702.7 709.2 714.6 721 727.5 728.7 726.3 721.5 711.5 702.5 693.9 684.2 677.7 671.2 664.4 656.4 648.2 639.6 630.7 622.2 613.6 604.2 596 587.7 579.4 571.1 564 557 548.9 542.3 537.3 533.8 530.6 527.8 526.6 522.8 523.7 521.4 521 521.3 519.9 522.8 522.2 519.5 514.5 505.9 495.2 481.4 468.8 458.2 446.2 440.1
555.2 558.1 565.4 572.1 576.8 581.4 585.4 590.5 595.2 602.1 607.9 613 618.5 627.4 637.9 649.1 662.1 671.6 681.7 694.8 703.6 709.4 709.6 708.1 709.2 708.2 712.9 719.5 725.2 730.5 734.4 733.4 729.8 720.7 711 700 691.9 681.4 676.5 669.8 663.6 655.4 646.5 637.6 629.9 619.3 611.9 603.4 595.4 586.9 578.9 570.8 563.2 554.6 548.9 541.2 535.2 531.5 528.3 523.7 523.2 519.2 517.9 517.2 515.7 515.2 515.8 517.3 517.6 515.5 510.3 502.3 491.4 477.5 464.4 454.2 444.3 437.6
