public/OST50/NO59.asc
ncols 200
nrows 200
xllcorner 350000
yllcorner 790000
cellsize 50
[rows 0 to 34 of 200, columns 78 to 155 of 200]
135 134.4 134.4 135.6 136.4 138.3 139.7 142 141.3 140.9 139.6 138.6 138.6 139.7 139.2 139 139.2 138.1 137.4 136.7 137.4 134.4 135.9 135 132.6 129.6 129.7 131.4 130.1 131.5 132.3 130.9 129.6 128.8 128.8 128.1 127 126.1 124.4 121.6 126.4 129.5 130.3 129.4 128.2 128.1 127.7 127.9 126.6 125.7 125.2 125.8 124.2 119.6 119.7 121.3 119 114.7 110.7 107 116.3 120.9 123.9 124.7 130.1 135.3 135.7 135 133.6 132.9 133.2 129.5 126.4 121.1 112.4 103.2 98.7 98.3
133.9 133.1 133.6 135.7 141.2 144.4 145.5 145.1 144.5 145.3 141.1 140.9 139.8 142.6 142.2 142 142.3 142.2 140.9 138.8 140 137.2 139.1 139.3 135.3 134.9 133.1 133.4 131.8 131.6 134.7 132.4 131.3 130.7 130.1 128.6 127.5 126.8 126.4 126.2 120.4 123.3 127.5 127.6 127.7 127 126.7 125.6 125.7 123.9 123.6 123.4 124.7 121.6 118.8 117.6 118.5 116.1 111.5 107.6 110.1 114.6 117.7 120.1 121 125.6 126.3 125.5 123.7 123 122 119.1 112 103.9 98.9 96.7 94.4 93.9
132.5 132.5 134 140.5 143.6 148.8 149.8 147 144.7 144.1 140.4 140.5 142.7 144.9 145.4 143.7 144.7 145.7 145.2 142.7 142.8 141.6 140.9 141.3 140.6 139.9 137.9 132.5 133.9 133.5 134.5 133.8 132.1 130.8 131.4 129.3 128.7 128.4 126.6 125.9 124.7 121 121.6 125 125.4 125 124.9 125.3 123 122.5 120.9 120.6 122.2 121.2 118.8 116.7 116.1 115.6 112.2 111.1 107.4 105.7 110.9 117.3 117.4 117.3 116.5 116.2 115.3 114.7 106.6 98.3 95.4 94.7 94.5 94.5 94.4 97.7
132.5 132.5 134.5 140.4 143.4 147.2 148.8 146.6 145.1 145.4 142.4 142.8 144.8 146.1 146.6 144.9 147.6 148.1 148.5 145.2 145.3 145 143.2 142.5 141.5 141.7 140.2 135.8 134.7 134.2 136.5 135.7 134.6 133.3 131.5 129.8 128.5 128.4 127.5 126.5 125.5 123.4 119.2 120.5 123.9 124 124.5 123.6 122.4 122.1 119.8 118 118 117.6 116.5 114.9 115.2 114.7 113.7 113.5 111.8 111.4 109.5 107.6 107.6 109.4 109.4 109.1 104.4 96.3 95.9 95 95.1 95.8 98.7 98.5 99.5 99.8
132.1 134.1 136.2 141.2 144.1 146.7 148.8 149.5 147.3 148.8 147.8 147.5 148.7 151.7 150.8 148.9 150.4 151.1 151.9 148.2 147.7 146.5 146.6 145.7 143.2 141.1 141.8 139.3 136.1 134.2 135.5 136.9 136.7 135.1 133.6 132.3 131.2 129.1 126.8 126.4 126 125 123.5 119.6 120.5 123.6 122.9 123.5 121.9 120.9 118.2 117.1 116 115.1 114.7 114.2 113.8 113.3 112.6 112.1 112.5 111.4 109.6 106.3 99.9 99.8 99.6 97.6 95.5 95.2 99.6 99.5 99.2 98.9 102.5 102.4 103.2 102.7
135.9 139.4 139.4 143.9 145.6 148.3 150.4 150.2 149.7 151 152.2 152.7 152.7 155.1 153.9 152.7 154.1 153.8 155.5 154.5 151.9 150.7 149.3 148 145.4 142.5 142.1 140.3 139.8 136.2 136.7 140 139.8 137.1 135.6 133.8 132.2 130.7 129.8 128.7 126.7 124.4 122.7 120.8 118.7 118.5 118.3 121.2 119.9 118.9 117.7 116.8 115.4 114.7 114.2 113.6 112.6 111.4 109.1 110.5 108.5 108.5 109.4 109.4 107.3 107.6 105.7 100.2 95.6 100.4 99.8 99.6 102.8 103.5 103.3 103.2 103.8 104.5
143.1 147.9 143.6 144 145.7 147.7 149.9 151.9 153.7 154.1 155.4 155.2 155.5 156.6 155.9 157.8 158 157.2 157.1 156.5 155.7 153.6 152.1 149.4 147.1 144.8 143.4 143.6 143.4 139.3 140.1 142.5 140.9 138.3 137.4 135.2 133.2 132.1 131.1 129.5 128.1 127 125.7 124.9 124.8 120.7 116.9 115.9 116 115.5 115.3 114.7 114.6 114 113.8 112.1 112.5 110.4 110.8 107.8 108.1 108.8 107.9 105.9 104.2 105.4 102.7 95.6 95.6 100.3 99.8 103 103.7 103.7 103.4 103.1 103 102.8
144.7 147.2 144.6 144 146.2 147.6 150 152 154 155.4 155.5 154.4 155.5 156.5 158.7 159.3 158.9 158.5 157.4 156.1 156.1 155.4 152.7 150.1 148.5 146.9 145.7 146.2 144.9 143.6 142.8 142.2 140.5 139.3 138 136.5 134.2 133.3 132.1 130.4 129 127.9 126.9 125.6 124.9 123.7 122.7 121.4 118.9 117.6 117.7 116.6 115.4 114.7 114.1 111.6 111.4 111.2 107.8 106.3 107.3 108 106.3 103.5 102.7 103.5 100.1 95.6 98.2 100.6 100 104.1 104.3 104 103.1 102.5 102 101.8
147.9 144.2 143.2 143.5 147 148.9 150.3 151.8 153.5 154.8 154.7 154 154.8 156 156.7 157 156.8 156.9 156.1 155.1 153.9 153.4 151.8 149.2 148.1 146.1 145.1 146.3 145.4 143.6 142.2 140.6 139.8 139.2 138.3 136.7 134.9 134 132.7 131.3 129.9 128.9 128.2 127.4 126.1 124.6 123.5 122.4 120.1 119.2 117.7 116.8 115.4 114.5 114.2 112.7 110.8 110 109.5 108.3 105.7 105 105.6 106 103.7 103.6 100.2 95.8 98.9 100.3 100.1 104.6 104.6 104.3 103.4 102.1 101.2 102
145.8 143.1 142.6 143.5 145.7 147.6 148.8 150.5 152.3 152.4 152.5 152.7 153.9 155 154.2 154.7 154.9 155.3 154.6 154.3 151.6 149.2 150.6 149.5 150.3 145.5 146.4 146.6 146.7 143.7 142.2 140.3 139.7 138.6 138.3 136.6 134.8 133.8 132.5 131.1 130.2 129.8 128.4 126.8 126 125.1 123.7 122.3 120 119.2 118.2 117 115.4 114.3 113.7 113.1 111.7 109.9 108.5 108.3 105.9 105.3 110.6 109.2 105.8 105.6 100.8 95.9 98.9 100.6 100.4 104.4 104.2 104.1 103.6 102.4 101.6 102.2
142.8 142.5 143.1 143.1 144.8 147.1 148.9 150 150.9 151.2 152 152.4 153.2 154.3 153.4 153.5 154.6 154.6 153.5 151.5 150.5 150.9 150.6 150.4 150.6 148.9 147.1 147.5 147.9 144.5 143.1 141.3 140.5 139.2 139.4 137 135.7 134.6 133.1 130.9 129.6 128.3 127.5 126.2 125.2 124.7 123.1 121.5 120.6 120 118.1 116 115 114.2 113.6 112.9 111.7 111.4 108 107 109 108 108.7 108.9 107.3 108 100.8 95.9 99.2 100.3 103.5 104.7 104.9 104 103.7 103.6 102.6 102.4
144.5 144.9 143 143.5 145.4 148 150.7 151 150.4 150.6 152 152.7 153.5 154.1 153.2 153.3 153.7 153.7 152.3 152.3 151.8 151.9 151 151.4 152.8 150.2 148.9 148.5 149.3 147.5 145.6 144.1 142.4 141.3 140.5 138.5 137.8 136.9 134.3 132.4 130.5 129.2 127.8 127.1 126.3 125 123.5 123 121.2 120.3 118.9 116.9 115.2 114.3 113.8 113 112.6 111.4 108 108 109.4 110.7 110.9 110.2 109 110.3 101.7 95.9 99.3 100.6 104.4 104.7 103.7 101.8 102.4 102.3 101.9 100.2
141.3 141.2 143.3 143.7 145.9 147.6 149.6 149.8 150.4 150.8 152.2 152.5 152.7 152.9 153.3 153.6 153.5 153.8 153.5 153.4 153.9 153.4 152.3 152.4 154.1 153.2 152.6 152 151.6 151.6 149.8 147.1 145.8 145.2 144.5 141.9 141.1 139.3 137.2 135.4 133.2 131.4 130.3 128.9 129.2 127 126 125 123.8 122.2 121.4 119.8 118.3 115 115 114.5 114.5 112.4 112.5 112 111.6 113.6 117.3 115.5 111.3 110 103.7 96.2 99.4 100.2 104.4 104.4 102.8 102.7 102.1 102 101.6 101
139.3 141.1 144.2 146.1 147.9 148.5 149.9 151 152 152.3 152.6 153 153.7 154.1 154.9 154 153.3 153.9 154.5 154.6 155.3 156.9 155.8 155.1 155.5 155.2 154.3 154.5 154.1 155.1 152.2 149.2 147.9 148.2 146.1 144.7 142.4 141.8 139.2 138 136.2 134.8 133.2 132.8 131.9 130.2 128.5 127 126.3 124.8 123.8 122.2 120.8 118.3 117.8 116.9 116.1 114.3 113.7 114.5 113.6 115.7 118.8 117.1 113.7 112.3 106.4 96.8 98 100.1 104.1 104.1 103.4 105 103.6 103.4 101 100.6
139 142.4 146.6 148.5 150.1 150.5 152 153.2 154.3 154.3 154.6 155.2 156.4 156 156 155.6 155 154.8 155.3 156.3 156.6 157.6 157.7 156.5 156.5 156.4 156.4 156.4 157.6 157.4 155.7 152.1 149.6 150.4 148.4 146.9 144.9 143.9 142.2 141 139.8 138.3 136.8 135.3 134.4 132.8 130.7 128.9 127.7 126.5 125.1 123.4 122.1 120.6 118.5 117.8 116 114.9 114.5 114.8 114.2 115.2 117.4 116.5 114.4 112.3 107.5 96.9 96.9 100.1 103.8 103.8 105.8 105.9 105.3 104.5 101.5 103.8
140.7 144.3 148.4 150.8 152.1 153.6 155 156.1 157.1 156.8 156.7 157.9 158.9 158.7 158.4 158.1 158.1 158.1 157.7 157.2 156.7 157.1 157.6 157.9 158 158.6 158.7 159.2 159.6 159.5 159.7 158.1 154.7 153.7 152 151.2 147.4 146.1 145.7 144.5 142.7 139.8 138.8 137.8 136.7 135.1 132.8 131.4 128.3 127.4 126.1 125.4 123.5 121.8 120.3 118.3 116.1 115.3 115 115.6 116.3 117.1 116.7 115.2 114.9 114.1 111.1 99.9 96.9 100.3 101.3 104.1 106.9 106.8 105.6 101.5 104.5 107
142.6 145 148 151.3 153.8 155.1 156.6 157.5 157.6 157.6 158.9 160.1 160.4 160.1 160 160 158.8 158.1 158 158 157.5 158 159 159.4 159.9 160.5 161.9 161.2 161.7 161.7 162.2 161.6 158 157.3 155.1 153.5 150.7 149.1 148.9 147.7 145.3 143.4 142.2 139.9 138.8 136.6 134.9 133.5 131.2 129.4 128.2 126.6 125.4 123.6 122.3 120.4 117.1 115.8 115.8 116.4 117.7 117.3 117.9 116.9 115.3 114.6 113.1 101.6 97.1 97.4 101.1 104.3 107.5 107.1 106.5 102 106.8 110.7
142.3 143.7 146.9 150.2 152.8 154.9 155.7 156.2 156.6 157.9 159.1 160.1 159.8 159.2 158.6 159 158.9 157.3 157.6 157.6 157.8 158 159 159.9 161 161.4 163.4 162.5 162.8 163.2 162.6 161.2 158.7 157.4 157.1 155.9 153.6 152.1 151 149.8 147.8 145.9 143.6 142 140.8 139.1 138.1 135.5 134.3 131.8 130.5 129.3 127.4 125.6 124.2 121.8 118.9 117 116 117.1 119.7 119.9 117.2 116.2 114.9 113.8 113 104.7 98.2 97.6 101.2 106.6 108.3 107.5 105.7 106.2 111.2 113.2
138 141.1 145.2 149 151.3 152.8 153.3 153.4 155.1 156.3 156.4 156.4 158.3 157 157.3 156.7 157.5 156.9 157 158.1 156.8 158.1 159.6 159.9 160.8 162.6 163.1 163.5 163.9 163.9 163.7 162.6 160.1 158.5 158.4 157.7 155.9 154.5 153 150.5 148.4 147.2 145.4 144.2 142.2 140.4 139.2 137.8 135.8 134.2 132.2 130.6 128.9 127.5 126.2 123.7 120.7 119.7 118.7 121 122.3 122.2 118.4 116.3 116.6 115.7 115.3 109.6 101.7 97.6 100.9 106.2 108 107.8 101.5 109.8 114.7 116.8
135.6 137.3 141.2 144.9 147.6 149.6 149.8 151.9 152.2 153.4 153.7 155 156.8 156.3 156.1 155.9 156.3 156.1 157.1 158.6 158.4 159.1 160 161.9 162.5 163.5 164.1 164.3 164.8 165.4 165.2 165.2 163.3 161 160 159.1 158.1 156.6 154.7 151.5 150.3 148.3 147.2 145.4 143.8 142.5 140.6 138.6 137.1 135.6 133.7 132.2 130.5 129.8 127.6 124.9 122.8 121.8 122 123.5 123 121.2 119.8 119 119 119.2 117.6 115 102.7 97.6 97.6 104.3 106.6 105.9 104 116.1 121 123
134.1 134.1 136.4 139.3 142.1 145.5 147.6 148.1 149.3 149.8 151.3 152.3 152.8 153.1 153.5 154.3 154.9 155.3 156.5 158.1 159.7 159.8 161.1 162.9 163.9 164.7 165.6 166.2 167 167.3 166.9 166.5 164.9 162.1 161.4 160.8 160 158.6 156.8 153.7 152.2 151.2 148.5 147 145.2 143.2 141.8 140.5 138.5 137.5 135.9 134.5 132.5 131 128.7 126.4 124.6 123.8 124.1 123.5 122 120.6 119.9 119.4 120.6 120.2 119.7 118.4 105.3 100.5 97.6 103.9 106.7 105.8 109.2 121.5 126.6 128.5
133.2 131.7 133.4 134.8 136.5 139.7 141.8 143.2 143.4 145.6 147.2 147 147.7 149.3 151 152.3 153 153.6 154.7 157.1 158.6 159.9 161.8 163.7 165.1 166.4 168.4 169.6 171.1 171.4 170.5 169.8 166.9 163.9 162.7 162.6 162.2 160.4 158.3 155.8 154 151.8 150.6 149.2 147.4 145.7 144 141.9 140.4 139.6 138.2 136.1 133.8 132.1 130 128.1 126.4 124.9 125.1 123.8 122.9 122.2 121.7 121 121.1 121.3 121 120.1 114.4 101.2 97.6 101.3 107.4 105 113.7 127.9 132 134.6
130.2 130.5 131.3 131.5 131.5 133.7 136.4 137.8 137.1 138.6 143.5 142.8 144.4 145 146.3 148.2 150 151.6 153.3 156.2 157.6 159.4 161.5 163.7 166.4 168.7 171.5 172.6 174.1 174.2 174.2 173.2 170.1 167.3 165.5 165 164.3 162.7 161.2 158.9 157.3 155.6 153.4 152 150.2 148.2 145.3 144.2 142.7 141.4 139.6 137.4 135.3 133.7 132.1 130.4 128.4 127.4 126.8 126 125.1 124.6 123.8 122.8 122.9 122.7 122.6 121.6 118.8 102 97.6 97.6 105.4 104.9 117.6 131.2 138 140.5
127.8 129.7 129.2 127.6 127 129 130.6 132.8 132.1 132.8 135.1 137.3 140.3 141.7 142.8 144.1 146.2 148.8 151.3 154.6 156.7 158 160.4 162.7 165.2 167.6 170.4 171.7 172.2 174.2 175.7 175 172.6 169.6 168.2 166.9 165.5 163.6 162.4 160.8 159.6 157.1 155.2 154.3 152.7 150.6 148.9 147 145.4 143.7 141.7 139.3 137.4 135.6 134 132.3 130.3 129.4 128.2 127.6 126 125.1 124.6 124.8 124.7 124.7 124.3 124.8 118.5 102.5 97.6 98.9 100.6 102.9 115.5 129.2 140.4 142.9
125.3 126.9 126.7 124.5 124.5 125.4 127.6 129.3 130 129.5 130.8 132.1 135 137.3 139.2 141.3 142.3 144.7 147.1 150.7 153.4 154.7 156.9 159.3 161.6 164.1 166.4 167.4 168.4 170.8 174.2 175.3 173.3 169.6 167.8 166.8 165.5 164.2 162.8 160.7 160.1 157.7 156.6 155.3 153.7 152.1 150.6 148.9 147 145.3 143.3 141.6 140.2 138.2 136.2 134.2 132.4 131.9 130.4 129.7 128.5 127.6 127 126.6 126.6 126.8 126.4 125.6 113.7 103.1 100.9 97.9 99.4 101.9 111.8 126.1 140 144.5
123.7 123.1 123.8 124.8 124.8 123.8 123.9 126.3 128 128.3 128.6 128.7 129.7 131.8 134.5 136.9 139.4 140.7 143 145.4 147.2 150.4 152.7 154.7 156.7 158.7 161.2 162.8 164.4 166.1 167.4 168.9 169.5 167.1 165.5 165.6 163.7 162.9 161.4 159.4 158.9 157.2 156.6 155.8 154 152.2 150.6 148.7 147.1 145.5 143.5 141.8 140.4 139 137.2 136 134.5 134.1 133.6 132.9 132 131.2 130 129.2 129.1 129 128.2 127.2 111.9 104.3 100.9 98.7 99.9 101.4 111.7 125.1 138.2 148.8
122.2 121.8 121.6 123.2 123.8 123.2 123.4 123.4 124.5 125.2 125.8 126.4 128.2 129.6 131.3 132.9 134.5 136.8 138.1 140.2 142.4 143.8 146.1 148.7 150.9 153.3 154.5 157 159.2 161.8 163.4 165.2 167.3 165.7 163.6 162.6 159.9 159.4 158.4 157.5 156.7 154.6 154.6 153.5 151.8 150.3 148.9 147.6 146.3 144.5 142.3 141.1 140.4 139.4 137.7 137.5 135.9 134.4 134.1 133.8 133 132.4 131.7 131.4 131 130.2 129.5 129.2 119.9 106.3 100.7 99 98.7 102 112.6 126.2 140 149.6
120.9 120.8 121.5 121.1 121.9 122.3 123.3 123.2 124.4 124.1 123.6 125.1 126.9 127.3 128.7 129.3 130.7 132 133.2 134.9 137.3 137.9 141.8 143.2 145 147.3 148.7 150.7 153.8 155.9 157.4 159.1 161.1 162.4 161.1 158.7 157.7 156 155.7 155.2 154.1 152.5 152.3 151 149.7 148.3 146.6 144.8 143.5 142.2 140.6 139.1 138.4 137.4 136.9 135.4 134.8 134.4 133.4 132.7 132.1 131.8 131.7 131.7 130.3 129.9 129.4 128.7 125.2 110.1 100.9 100.1 98.7 102.2 115.1 129.1 138.9 151.4
122.1 121.6 120.8 120.7 120.8 120.2 120.6 122.8 124 125.4 124.5 123.8 124.9 125.5 126.7 128.3 128.5 129.4 129.8 129.7 131.7 133.2 135.1 137.7 139.1 141.2 142.5 144.6 147 150 152.3 153.8 155.3 158.3 158.4 156.5 153.7 153.2 152.7 152.3 152.1 150.8 150.5 149.5 148.3 146 145.4 144.4 141.4 140.1 139.4 137.1 136.1 136.5 135.7 134.6 133.6 132.7 132 131.1 130.6 130.4 130.2 130.3 129.1 128.4 127.9 127.8 125.7 112.1 101.9 100.3 98.7 102.8 120 133.8 144.9 155.4
122.1 121.4 121.1 120.6 120.1 119.6 119.4 119.8 119.3 121.7 122.9 125.8 125.3 123.8 126.3 127.4 127.8 127.8 128.1 128.6 129.9 130.7 131.3 132.7 134.2 135.9 138.1 139.2 141.1 143.6 146.3 148.7 150.8 153.6 155.7 156.7 153.6 152.4 152.4 150.2 152.5 151.1 150.3 148.8 147 144.8 143.9 143.2 143.2 142 139.8 137.6 135.3 134.7 134.3 133 131.8 131.2 130.8 130.4 129.2 128.7 128.4 128.7 127.5 126.4 125.8 125.4 124.1 112.2 101.1 100 98.7 102.1 124.6 141.2 152.6 161.9
120.6 120.7 120.3 120.2 119.5 120.2 119.3 119.4 118.9 118.5 119 120.6 122.7 122.3 123.2 126.4 128 127.9 127.9 127.8 128.6 129.3 129.8 129.8 130.7 131.9 133.2 134.8 135.8 137.7 138.8 141.2 143.7 146.1 148.7 150.4 151 148.7 149.1 149.4 150.9 151 150.5 149.2 147.7 146.4 143.6 142.2 141.8 142.1 140.8 137.9 135.6 133.7 133.7 132.7 131.6 131 130.5 130.1 128.6 127.9 127.3 127.5 126.1 125.3 123.9 120.9 116.7 107 99.4 100.2 98.7 102.4 126.3 143.6 153.6 162.8
114.4 117.8 120.3 120.7 120.4 120.9 119.7 120.1 119.4 118.3 118.2 117.8 117.9 117.4 119.1 119.9 122.1 123.9 126 126.2 127 127.6 128.1 128.6 129.5 131.1 131.6 132.1 133 134.1 135.3 136.3 138.2 140.1 142.3 142.6 143.1 142.8 145.5 147.6 147.4 146.9 146.7 146.3 146.1 145.6 144.2 143.1 141.9 140.6 140.6 138.6 136.2 134.2 133.2 132.7 131.8 131.2 130.8 130.3 129 128.5 127.9 127.1 126.1 122.9 118.9 120.6 121.4 104.1 99.4 99.4 99.7 104.3 128.3 142.5 151.5 159
116.5 116.2 119 120.2 120.5 120.7 119.1 118.8 117.7 118 117.2 118.1 117.4 117.5 116.5 116.3 116.7 116.6 116.6 116.7 118.6 121 124.6 127.4 128.1 128.9 130.5 130.7 130.9 131.3 132.8 134.1 135.1 137.2 139.4 138.6 138.9 139.5 141.6 141.4 141.8 141.6 142.2 143 142.7 142 141.5 142.4 141.3 140.6 138.8 136.8 134.6 133.7 132.7 132.1 131.9 131.1 130.7 130.1 129 128.4 127.9 127.7 125.9 123.6 122.7 123.9 118.8 101.3 100.9 99.6 104.4 110.7 130.5 141.6 147.7 154.6
116.6 116.1 116.8 118.6 118.7 118.9 118.5 118.8 118.7 117.4 117.9 116.5 118.1 118 116.7 116.2 116.9 116.8 115.4 115.4 115.5 115.4 115.9 118.6 123.7 128.2 130.3 131 131.2 131.7 131.6 133 132.3 135 136.1 134 133.1 135.8 137.7 138.4 138.3 138.6 139.1 140.3 139.5 138.7 138.6 139.2 138.6 138.4 137.6 135.3 134.1 133 131.8 130.2 129.8 129.5 129.2 128.9 128.5 128.1 127.3 127 126 124 122.2 125.9 113.3 100.6 100.7 99.6 104.3 118.9 133.2 141.3 143.8 146.8
116.6 116 113.6 115.7 115.5 115.9 115.1 115.7 115.8 118.5 118.5 119.5 118.6 118 116.7 117.4 117.5 117.4 116 116.3 115.6 115.3 116.3 116.2 115.6 117.9 122.9 127.2 129 130.1 129.6 129.5 130.3 132.5 134.3 131.8 129.8 132.3 133.6 134.5 135.9 136.7 137.2 137.3 137.1 136.4 135.8 136 135.8 135.3 134.5 133.6 132.2 130.9 130.4 129.3 128.4 128.1 128 127.5 127.1 126.6 125.8 125.7 125.5 122.7 122.1 124.5 102.9 101.6 99.8 99.7 104.4 126.1 135.6 139.3 142.8 147.8
