public/OST50/NO59.asc
ncols 200
nrows 200
xllcorner 350000
yllcorner 790000
cellsize 50
[rows 105 to 139 of 200, columns 78 to 155 of 200]
250.7 255.7 260.4 266.1 272.4 277.6 283.1 293 302.8 313.4 323.1 328.8 329.5 328.4 324.9 322.2 318.7 315.1 314.7 314.9 314.5 313.1 313.9 319.5 324.2 327.2 332.1 332.5 331.7 327.1 322.5 318.3 315.2 312.1 309.1 307.4 302.2 294.7 289.1 275.3 258.2 245.1 235.4 223.9 214.5 206.1 200.1 192.6 186.9 183.1 179.9 176.4 175.4 171.5 169.4 166.3 165.5 162.5 161.2 153.4 156.5 160.6 159.2 162 162.7 167.6 172.7 176.1 177.1 177.2 178 177.8 181.7 182.8 184 184 183.8 182.3
256.2 259.2 264.6 270.2 277.2 280.9 289.5 298.7 308.5 318.1 328.8 337.1 339.2 337.9 334.7 330.2 326.6 322.6 320.1 319.1 318.6 316.3 316.5 319.7 323.4 327.4 331.8 333.8 332.9 329.3 324.5 320.6 315.5 312.2 307.2 301.5 295.7 288.5 278.5 267 251.6 239 230.9 223.3 212.3 203 198 190.8 186.6 181.5 176.5 172.7 170.7 168.1 167.5 166.3 164.3 163.2 156.8 157.2 162.5 162.6 164.1 167.4 170.2 173.3 177 178.4 178.1 180.3 177.8 181.3 183.2 183.9 184.2 184.2 184.2 182.1
264.6 269.6 275.8 280.6 285.5 292.7 298.8 306 314.1 323 334.1 343.1 347.1 346.5 343.2 337.6 333.3 329.3 326.3 322.2 319.5 318.1 318.6 320.4 321.3 324.6 330.5 333.4 333.1 330.1 326.8 320.8 313.6 308.1 302.1 297.4 289.6 282.1 271.8 256.3 243.2 231.4 224.9 217.4 209.5 202.3 194 188.7 184.3 180.3 175.6 171.1 168.5 167.6 166.6 166.2 164.5 161.2 156.5 162.2 163.8 163.4 166.3 170.7 172.1 174.8 177.8 179.1 180.8 181.1 181.5 184.7 185 185.5 185.5 184.8 183.6 184.6
276.5 282.2 287.3 292.8 298 302.2 307 313 319.4 328.5 339 349.2 355.1 353.7 349.3 345.1 339.5 334.4 331.8 326.9 321.9 318.1 315.5 316.7 319.2 321 327.4 330.7 331.5 329.6 324.8 317.4 309.2 303.8 294.9 287.7 280.6 271 257.4 246.7 234.4 226.2 220.6 213.3 206.8 200.5 193.7 189.5 184.4 180.6 176.3 172.7 170.4 168.4 166.2 164.3 163 161.6 158.8 159.7 163.9 165.4 167.6 170.9 173.9 178 179.1 179 179.5 181.2 186.2 187.3 187 187.8 186.8 186 186.3 188.4
288.6 293.2 298.5 303.5 307.3 309.8 313.5 318.5 324.1 332.8 342.9 353.1 359.4 359.9 356 351.1 346 339.5 333.8 327.4 319 314.8 310.6 311.1 313.2 316.6 322.7 326.5 328 326.2 322.2 312.8 305.3 296.4 289 277.6 264.6 251.6 242.7 235.1 227.1 220.4 213.8 208 203.6 197.2 193 187.4 182.9 178.9 175.7 173.1 171.3 169.8 167 165.5 164.3 163.2 160.2 157.2 164.6 165.5 168.1 171.6 175.9 178 179.6 184.4 187.4 189.8 191.2 191.9 193.5 193.3 191.1 195.7 197.5 198.9
298.8 304.2 309.3 312.8 316.6 319.7 321.8 324.5 329.4 336.5 345.1 353.5 360.3 364.6 361.9 356 347.9 341.2 332.4 325.2 316.1 310.1 305.2 303 303.7 306.5 316.8 321.7 323.8 321.1 315.9 308.7 297 288.5 278.2 264.3 249 240.7 234.8 228.9 222.4 215.6 209.7 204.8 199.3 194 190.7 186.1 181.6 178.2 176.1 174.7 172.5 170.5 168 167.3 165.5 165 160.9 161 165 166.6 169.8 173 176.1 179 180.6 187.1 190.9 193 194.4 196.1 195.5 200.1 205.9 210.1 214 214.1
307.8 313.5 317.8 321.1 325.4 326.4 329.7 331.5 334 339.7 347 354.8 361.4 365.4 363 358.2 348.4 340 330.1 320.8 311.1 303.1 297.8 293 293.4 297.7 306.5 313.3 318.3 315.8 310.9 302.6 290.7 279.7 265.3 248.7 242.1 235.2 230.3 223.3 219.2 213 208.2 202.3 199.2 194.3 190.7 186.1 182.8 180.4 178.3 175.9 173.6 171.7 169.3 167.6 166.3 164.7 160.5 163.6 165.1 168.7 171.6 174.6 177.9 180.8 185.3 190.2 193.6 193.8 196.2 200.5 210.5 217.7 223.9 227.1 230.3 229.1
315.5 320.7 324.4 328.3 331.7 333.7 336 337.6 339.5 343.6 348.2 353.7 359.4 362.7 360.1 356.3 345.6 335.7 324.8 313 301.4 294.1 288.3 285.7 283.4 288.4 296.1 303.7 307.4 302.1 297.7 292.1 279.8 265 254.3 243.5 234.9 229.4 224.2 219 215.9 210.9 206.2 202.9 199.6 195.3 192.6 188.9 185.7 184.3 181.5 179.3 177.1 174.1 171.8 169.9 168.4 162.6 163.4 165 165.9 168.5 173.1 176.6 181.1 185.3 189.3 194.3 197.7 197.1 206 214.6 225.2 233 240.5 243.6 245.3 243.9
321 325.4 330.2 335.2 338.1 339.8 342.3 343.4 344.1 345.6 348.8 353.1 357.6 360.5 359.8 354.8 342 330.3 317.9 305.3 293.8 285.9 280.2 274.7 274.2 277.7 285.3 289.9 289.5 285.2 282.2 278.3 270.9 259.3 246.1 235.9 227.7 222 218.6 214.9 213.4 208.3 206.6 203.9 201.8 197.8 195.9 192.7 190.1 188 185.7 183.5 181.1 178 176 173.4 170.4 163.4 166.2 166.2 166.8 171.1 174.7 179.9 183.7 187.5 192.4 196.6 198.8 207.1 219.1 231.2 238.9 247.8 253.9 257.1 257.2 255.1
326.3 329.9 334.4 338.6 342.4 344.4 346.1 346.8 347.3 348 349.4 352.4 355.1 356.1 357.6 349.1 337 323.3 309.9 295.2 285.9 280.2 272.1 266.7 263.5 269.2 273.3 277.4 277.6 273.8 272.5 269.6 261.4 250.7 239 230.7 223.7 218.2 214.8 211.7 209.3 208.1 206.3 205.1 202.4 202 200.7 198.2 195.1 193.1 190.4 188.4 185.8 183 178.9 175.6 171.9 162.3 168.8 170.4 167.3 172.9 177 181.1 184.7 190 195.2 199.4 211.2 220.9 232.5 243.4 251.4 261.2 266.7 268 269.6 268.4
328.2 331.1 334.7 339 342.7 345.5 347.6 348.9 349.5 349.5 349 349.5 350 349.6 346.9 342.2 330.4 314.9 300.1 287.4 280 273.5 265 258.5 253.8 259.4 261.8 266.2 265.2 261 259.9 254.8 249 240.4 231.8 222.7 218.4 214.6 212.7 209.4 207 206 206.4 205.5 205.8 206.9 206.4 202.9 200.8 198.4 195.1 192.5 189.3 184.5 180 175.9 170.4 166.7 172.3 181 169.8 174.1 180.1 183.4 189.3 197 197.3 209 221.7 232.7 242.9 254.6 264.1 273.1 278.3 280.3 282 281.5
330.5 330.2 333.3 335.9 339.9 343.2 346.8 349.2 349.9 349.5 347.8 345.2 343.8 341.2 335.6 331.8 317.1 304 290.5 281.5 273.9 266.4 258.5 252 247.4 250.4 253.9 254.7 252.3 250 248.3 241.8 236 230.2 223 218.5 215.1 211.2 209.7 206.8 205.8 204.6 205.9 206.6 207.3 209.1 209.5 206.6 202.5 200.9 198.8 195 189.5 184.5 180.1 174.8 165.1 172.2 172.2 174.7 171.1 179.8 182.3 185.1 195 199.7 209.1 220.4 230.7 241.8 251.2 261.1 273 281.6 288.5 291 292.7 290.9
329.6 326.6 329.2 331 333.9 337.6 340.8 345.3 347.4 346 343.4 339.9 335.3 329.4 324.8 318.6 302.4 292.8 283.3 275.8 267 258.7 252.1 245.3 239.8 241.3 242.7 246.8 242.7 240.1 233.5 229 224.1 217.4 214.7 212.3 210.9 207.1 206 204 202.9 202.7 204.5 205.5 207.4 209 208 205.1 201.4 199.1 196.3 191.3 186.4 180 174.5 170.7 168.2 172.5 173.6 171.9 178.2 186.1 191.4 197.1 200.5 206.8 218.5 229.9 237.6 249.6 259 268 278.8 288.5 297.7 299.8 299.5 298.1
327.4 321.1 324.3 324.6 326.9 330.1 333.8 337.8 340.2 338.9 337.1 333 325.6 316.5 307.9 300.4 289.2 281.4 275.6 268.5 259.1 251.8 244.6 236.7 232.4 229.8 233 233.7 231.9 228 221.2 217.5 215.1 210.2 206.3 205.4 204.1 202.3 201.5 199.9 199.3 198 201.2 203.4 204.4 203.4 201.8 198.8 195.7 193.3 190.2 185.4 180.1 175.1 171.3 170.3 169 171.6 175.1 173.5 177.9 189.6 196.3 201.4 202.7 216.3 225.7 235.5 244.4 254.7 266.1 275.1 286.4 295.8 303.3 305.7 303.4 304
325.4 315.8 317.2 316.7 316.8 320.3 325.3 329.6 331.1 331 329.5 323.4 313.8 302.7 294.6 286.5 279.5 275.9 268.9 262.9 253.2 244 236.8 231.5 225 220.9 221 222.2 220.1 213.5 210.7 206.1 203.2 201.2 198.5 196.5 193.1 194.6 195 192.9 192.5 190.6 193.5 194.6 194.5 192 189.9 190.5 188.6 187.3 186.8 183.1 177.1 173.9 171.7 170.1 169.6 173.7 173.8 173.5 177.5 196.2 198.2 200.2 203.3 220.3 231.3 240 248.9 258.1 271 281.1 292 301.6 308 310.4 312.2 309.2
320.3 313.5 307.9 308.2 309.1 310.3 315.3 319.9 322.5 322 317.8 311.3 301.9 292.2 284.9 278.6 273.6 267.9 261.9 253.6 247 240.1 232 224 219.7 214 211.7 210.4 209 202.6 200.5 196.1 194.7 192.8 191.4 188.2 188.2 185.7 185.8 186.5 185.5 182.4 183.5 183.7 182.9 181.8 181.2 182.9 180.5 179.9 182.6 181 180.9 180.8 174.9 170.3 169.8 173.2 175.9 175.8 187.6 196.5 196 201.4 206.8 224.9 234.2 246.1 254 263.9 275.5 285 294.6 305.3 312.2 315.5 315.2 310.5
315.9 307.6 302.6 300.6 298.7 303.4 307 310.5 312.3 312.5 307.9 302 293.3 281.5 276.2 271.1 264.3 259.4 253.9 246.3 238.8 232.5 226.1 218.8 214.6 209.2 204.5 201.1 196.6 192.7 191.4 189.6 187.5 187.3 185.4 184.5 183.6 183.5 183.9 181.8 181.7 181.7 180.7 180.1 179.5 178.9 178 177.3 176.5 175.8 176 174.9 174.5 178.5 171.2 171.5 175.7 179.9 183.8 184.7 189.4 197.4 198.7 203.9 215.1 227.5 238.2 249 258.6 269.5 279 288.6 297.9 307.4 313.1 313.9 311.4 305.2
311.1 303.3 295.6 293.2 292.4 295.1 298.4 302.4 304.4 304.1 298.1 290.9 282.3 272.7 268.2 262.8 256.9 251 244.5 238.9 231.7 225.1 219.7 211.2 207.2 202.5 198.8 196.2 192.9 190.4 188.7 189 188.5 187.3 187 184.9 184.7 183.4 183 180.2 179.8 180.2 180.4 182 180.6 180.6 179.3 179.6 179.2 177.4 178.4 176.4 175.4 174.5 177.7 175.8 178.2 184.4 186.5 189.6 193 199.2 206.2 211 218.5 229.2 239.9 252 260.5 272 281.5 291.7 299.8 306.4 310 311.1 307.2 302.2
305.4 299.1 291.4 288.3 286.9 286.6 289.6 293.3 295 292.6 287.4 280.3 273.1 266.5 261.7 255.1 249 243.1 235.6 231 224.4 218.2 212.9 205.8 202.9 197.5 196.9 193.1 191.4 190 192.2 193.6 194 194.9 194.1 194 192.6 190.4 194.1 190.9 192.2 195.6 190.1 186.7 184.7 184.1 183.9 184.3 183.4 182.4 182.5 180.4 179.6 177.2 179 179.9 178.8 184 187.3 192 197.5 202.8 209.2 215.5 222.5 230.8 242.3 252.8 260.8 272.9 283.1 291.9 299.9 307.2 311.2 308.4 306.2 296.9
301.3 295.1 290.3 280.9 280.6 279 280.7 284.6 285 283.1 277.8 270.7 265.1 258.9 251.9 246.9 242.3 235.1 227.3 221.6 217.7 211.7 207.1 202 197.1 194 193.8 192.6 195.5 197.1 198 199.4 200.4 202.3 202.3 201.7 200.5 200.7 201.2 201.1 201.1 199.5 196.3 195.3 193.2 192.2 191.7 190.5 188.5 186.6 186 185.1 183.4 180.1 182.1 183.6 180.6 184.7 188.6 193.1 198.2 205.1 210.5 217 224.7 233.1 242.7 252.3 263.3 273.4 283.5 293.4 299.9 306.4 307.9 303.7 297.8 295.2
294.9 290.7 285.8 273.8 274.4 270.9 269.9 271.2 272.8 271.3 265.5 261.5 256.9 249 243.1 237.1 232.9 226.3 220.2 215.5 211.5 207 203.2 198 195.2 194.8 197.2 198.5 201.3 200.8 201.4 205.6 209 209.5 209.9 208.4 209 209.5 212.1 211 209.3 208 206.3 204.3 201.4 199.9 197.8 195.1 194.2 191.1 189.1 188.7 186.8 182.6 185 185.1 182.9 185.1 188.6 192.7 197.8 204.5 210.6 218.6 225.4 233.2 241.8 252.5 263.4 273.1 283.1 292.7 298.6 302.9 303.7 299.8 294.8 287.8
287.9 283.7 279.1 271.3 267.6 264.8 262.9 259.3 260.9 258.4 255.6 250.5 245.7 239.7 234.2 229.9 224.5 218.8 213.6 209.8 206.9 202.9 199 197.2 197.6 199.3 200.9 203.1 206.5 210.6 212.2 214.9 218.4 219.5 220.5 219.4 218 220.6 219.9 217.7 215.8 214.4 212 210.7 207.5 205.3 202.9 201.1 199.1 195.8 192.6 191.4 188.7 184.9 188 186.5 185.8 186.7 190.4 193.1 197.3 202.6 209.9 217.9 224.7 231.8 241.9 251.6 262.1 272.1 283.4 291.9 296.1 298.8 299.8 297.6 292.1 287.6
281.2 276.6 272.1 266.5 257.7 254.9 254.2 251.6 251.1 248.9 243.4 239.9 234 230.6 223.3 216.3 212.1 209.6 208.7 205.4 202.8 200.6 198.4 200.8 202.2 206 209 211.5 216.7 220.3 220.9 224.8 228.4 231.5 229.9 229.5 228.9 229 226.4 224.1 221.2 218.1 215.8 214.2 211.6 208.1 205.1 204.6 201.3 197.9 195.7 193.5 190.4 187 189.5 187.6 188.1 188.7 191.3 194.9 198.1 203 209.1 216.3 223.8 232.1 239.5 251.8 262.4 272.2 281.1 290.4 295 295.2 296.5 294.5 289.5 284
274.5 270.5 266.2 259.4 250.2 244.8 242.6 241.5 239.9 237.4 232.6 229.4 224.7 220.9 213.6 210.6 207.1 205.2 203.3 202.1 201.3 204.6 204.2 205.7 208 214.2 217.4 221.7 226.8 229.8 232.3 235.8 238.3 241.5 239.8 237.8 236.8 235 232.1 229.6 225.1 221.6 218.9 217.5 213 209.4 206.3 205.4 201.9 198.1 195.8 193.9 189.7 191.4 191.6 192.4 191.9 191.1 193.4 196.7 200.1 205 210.6 217.4 224.2 231.2 241.6 249.5 261.9 272.2 280.9 289.1 292.8 293.3 292.9 293.1 287.3 280.3
266.2 263.1 260.1 254 246.5 241.3 234.9 232.6 227.2 224.2 220.4 216.9 215.8 214.6 211.1 209.9 205 204.6 203.3 208.8 212.2 214.4 216.1 214.4 216.9 222.9 227.4 232.4 236.5 242.1 247.2 250.5 252.1 254.3 253.9 249.9 245.3 242.3 237.8 234.7 230.1 225.6 222 217.9 214.2 209.8 207 204.6 201.4 197.3 196.2 195 194.4 195.6 195.4 196.1 195.4 195.1 195.7 199.9 203.5 208 216.3 221.5 229.1 235.1 238.6 247.6 258.7 271.6 281.1 286.5 289.9 291.9 291.4 286.1 281.9 280.7
258.2 255.7 252.6 248.6 237.4 232.2 225.9 223.5 220.8 217.3 214.8 212.7 211.6 210 208.6 206.1 206.9 210.3 213.4 218.3 220.8 223.4 222.8 220.9 224.3 230.6 235.4 242.3 248.5 255.6 260.1 263.4 267 267.6 264.1 259.5 253.4 249.4 244.1 238.5 234.8 229.2 224.2 219.9 215.4 210.9 207 202.6 202.1 200.7 200 199.5 199.9 200.4 198.9 199.7 200.5 200.5 199 203.5 208.8 214.6 219.5 224.4 232.6 238.6 245.4 256.6 265.7 275.6 282.4 286.7 290.7 292.9 291.3 289.1 287.6 284.9
246.7 247.6 243.3 240.8 233.3 224.4 221.8 219 217 214.9 213.6 210.9 209.6 208.8 209.2 209.5 210.7 213.8 218.3 222.7 225.6 227.4 228.9 229.2 233.5 237.1 243.6 252.5 259.2 267.5 274.2 273.3 276.1 274.9 269.3 265.1 259.4 254.6 248.5 242.4 236.7 231.5 225.4 222.1 217.1 211.9 207.7 207.8 207.4 205.6 206.5 206.8 207.3 207.3 205.2 206.2 206.1 204.6 201.6 207.5 213.2 218.3 223.7 230.4 236.6 243.5 252.1 259.5 266.4 276.3 283.7 290.7 293.8 296 294.9 295.7 291.8 287.5
241.3 237.9 236.4 232 228.4 222 219.8 217.6 215.8 213.6 214.8 214.2 213.2 212.4 210.9 212.4 212.6 216.7 220.5 226.4 228.8 231.7 233.1 234.4 238.8 246.5 253.2 261 270.7 278.4 283.2 283.6 285.1 279.4 275.4 271.1 264.9 259.7 253.2 246.3 239.1 233.1 227.7 223.6 218.5 214.2 213.6 213.3 212.9 214.7 215.3 215.1 214.9 214.1 212.9 211.4 211 210.6 205.2 212.8 218.9 223.4 229 234.7 243.2 250.5 257.4 264.4 272.1 278.3 288.1 293.7 297.4 299.6 300.5 300.5 299.6 297
234.4 230.7 229.2 226.3 225.5 221.1 217.9 217 215.1 214.8 214.9 214.5 214.3 213 212.8 214.7 216.1 217.7 222.6 227.3 232.2 236.4 238.5 241.4 245.2 254.8 260.4 269.3 278.2 286 290.8 293.1 290.5 287.4 284.2 277.9 270.5 265.2 258.6 250.2 242.4 235.8 230.6 225.7 221.3 217.8 220.1 220.2 222.5 225.9 225.7 223 222.2 220.9 219.8 217.8 217.1 213 212.3 218 222.6 227.5 234.4 238.9 247.7 255.4 262.5 270.8 279.1 281.4 293.2 298.7 301.3 303.1 304.3 304.9 304.9 305.3
229.2 226.3 223.7 221.2 220.1 219.4 217.4 217.1 216.5 216.6 216 215.7 214.3 214.4 216.5 217.3 219.6 222.7 226.1 232.9 237.2 242.4 243.8 249.1 253.7 260.1 267.7 276.2 285.2 293.2 297.1 298.8 299.2 294.6 289.3 284.9 278.7 273 265.7 256.8 248.7 240.4 235.4 230.5 225.2 224.3 226.5 228.9 232.5 233.9 233.2 231.2 230.1 229.2 227.5 224.4 219.7 216.3 218.1 222 226.3 232.9 238.2 244.1 251.7 260.6 270.2 278.5 284.1 290.6 296.6 302.6 306.1 309 310.3 310.9 313.5 313.9
226.1 224.1 224.5 223.2 221.8 221.8 221.7 220.3 218.4 218.7 216.5 215.3 220.2 220.2 222.4 223.4 225.4 227.2 231.3 235.9 240.1 246.3 251.4 256.3 260.5 266.7 271.1 281.6 290.4 298.6 302.8 305.3 306.5 302.8 300.9 298.1 291 282.3 274.6 262.4 255 246.1 241.6 235.4 230.2 233.5 236.2 240.5 241.8 241.9 239.5 237.2 235.5 234 231.9 227.5 220.9 216.7 221.3 224.3 231.3 236.8 244.1 250.6 256.7 267 278.1 286.4 291.8 298.2 301.3 306.3 311.3 314.1 316.3 319.6 323.4 326.1
225.5 225 226.7 226.6 225.8 225.5 224.4 221.9 220.8 221.3 222.8 222.5 227.2 227.2 230.7 232.8 234.4 236.2 231.5 241.6 246 252.7 257.9 262.5 267.5 274.4 278 288.2 296.2 303.1 309.1 312.2 314.2 314.1 309.1 307.1 300.5 291.7 282.1 271.3 262.1 254.9 248.3 243.5 235.4 242.8 246.4 248.7 248.6 248.8 246.2 243.8 241.5 238.2 234.8 230.1 223.9 221.1 225.1 232.1 236.6 243.1 250.5 258.2 265.1 274.6 285.9 293.7 299.6 304 308 309.5 315.8 319.7 322.7 328.1 332.9 335
227.3 228.1 229.6 230 229.6 229.1 228.2 226.9 225.8 226.8 229.9 232 235.9 238.6 243.2 247.4 248.1 247.1 237.5 246.3 252.1 258.6 264.5 269.9 273.9 279 285.6 293.2 301.4 308.5 314.3 318.3 322.7 323.9 319.8 317.3 311 299.9 289.2 280.4 269.4 262.8 256.7 251.7 241.7 249.8 251.7 253.6 254.3 253.7 253 250.8 248.2 243.2 240.2 234 226.3 224.4 230.8 237.7 242.6 249.5 257.3 265.4 274 283.8 294.8 302.4 308.9 313.4 315.4 318.4 321.6 326.5 331 337.4 338.8 338.3
229.4 230.3 232 233.1 233.5 233.1 232.9 232 231.1 231.9 237.3 242.1 247 252.1 256.4 258.5 257.6 255.9 243.4 253.9 258.4 265.9 272.7 278.1 282 286.1 292 299.9 308.7 314.6 321.2 328.1 333.2 334.3 331.3 325.7 319.5 309.1 295.6 285.5 274.8 269.3 263.8 258.1 255.3 257.9 259.3 260.3 260.2 259.6 258.8 256.3 253.7 249.2 245.2 238.1 229.5 229 233.9 243.5 249.9 255.4 264.1 273.4 282.9 292.4 302.1 312.6 317.2 321.9 324.3 326 328.8 333.4 337.6 343.6 346.5 340.7
232.4 233.7 235.2 236.9 238.7 237.8 238.3 238.2 239.4 240.2 244.8 251.6 258.8 265.4 268.6 267.1 265.5 261.9 249.8 258.9 265.2 272.5 279.3 285.1 290.5 296.2 302.4 309.6 317 323.2 331 337.4 342.7 343.3 339 333 326.2 313.6 301.3 291.7 281.1 274.7 270 264.2 264.2 265.7 266.4 268 267.7 266.2 262.9 260.3 258.1 253.9 248.9 242.7 233.1 236.2 240.8 248.5 255.7 261.6 269.7 280.6 291.4 301.8 311 321.9 327.7 330.7 333.9 335.3 338.1 340.4 345 348.6 346.3 338.9
