public/OST50/NO67.asc
ncols 200
nrows 200
xllcorner 360000
yllcorner 770000
cellsize 50
[rows 148 to 184 of 200, columns 0 to 81 of 200]
92.9 90.2 88.6 87.6 87.6 90 92.6 94.1 95.5 97.5 99.2 100.5 101.2 101.9 104.2 106.4 107.8 108.9 110.4 111.8 113.9 116 118.2 119.9 121.6 123.8 125.9 127.2 126.5 125 123.2 120.5 117.7 114.9 112.1 108.9 106.4 105.3 104.3 103 101.5 100.3 99.1 97.5 95.3 93 90.6 88.2 85.3 82 75.7 69 67.4 70.2 74 75.5 76.2 76.4 77.4 77 77.4 77.5 75.4 74.4 73.6 72.3 70.1 65.8 63.2 61.3 59.9 59.3 56.9 55.4 55.5 55 54.8 54.7 54.9 55.3 55.5 55.6
91.7 89 87.6 87.6 89.5 90.9 92.3 93.1 94 95.8 97.7 99.7 100.5 102.1 104.5 106.1 107.2 108.2 109.3 110.9 112.7 114.9 117.5 119.5 121.5 123.5 125 125.7 125.1 123.5 121.9 119.2 116.3 113.5 110.6 108.6 107.7 107.7 106.6 105.5 104 102.4 100.9 99.1 97 94.9 92.6 90.3 88 85.6 80.9 74.7 68.9 65.9 69.3 71.4 72.8 74.7 75.1 74.9 75.2 73.5 72 71.3 71.2 69.3 66.9 63.3 61.1 59 57.6 56.2 55.3 54.7 54.7 54.6 54.5 54.5 54.6 54.8 54.9 55.1
90 87.6 87.6 88.4 89.5 90.5 91.6 92.1 92.6 94.3 96.1 98.1 100.4 102.1 103.5 104.7 105.8 106.9 108.2 110 111.8 113.9 116.6 118.6 120.3 122 123.4 123 123 122 120.4 118.3 115.3 112.3 110.1 109.2 109.8 109.6 109.3 108 106.3 104 102.3 100.2 97.9 95.7 93.4 91.5 89.1 86.8 84.2 81.1 76.3 69.2 64.4 65.9 68.2 70.7 72.5 72.5 72 70.5 69 68.5 67.9 66 63.3 61.4 59.6 57.8 56.2 55.3 54.6 54.2 54.6 54.6 54.3 54.2 54.3 54.4 54.6 54.8
90.4 89.6 88.2 88.3 89.4 90.2 90.5 91 91.5 92.9 95.1 97.6 98.5 99.6 100.4 102.6 104.4 105.5 107.3 108.8 110.4 113.6 115.2 116.9 118.6 120.2 121.1 121.1 121.1 120.2 119.1 117.1 114.6 112.2 112.4 112.5 113.1 112.5 110.1 108.2 106.3 104.2 102.1 99.9 97.7 95.4 93.6 91.8 89.9 87.6 85.5 83.7 81.1 76.3 68.7 62.8 63.7 67.1 68.9 69.5 69.7 67.9 66.7 66.2 64.8 62.7 61.1 59.7 57.9 56.4 54.8 54.3 53.9 54.1 54.5 54.6 54.3 54 54 54.2 54.3 54.5
89 89.6 89.1 88.6 89.4 89.4 89.5 89.9 90.4 91.2 93.3 95 94.8 95.5 96.7 98.7 100.8 104.1 105.6 107.2 110 112.6 113.5 115.2 116.9 118.4 119.1 119.3 119.3 118.5 117.8 115.9 114.5 114.6 115.4 116.3 115.3 112.7 110.2 108.1 106.1 104 101.8 99.6 97.5 95.7 94 92.2 90.5 88.5 86.1 83.6 80.5 77 72.3 66.8 63.6 63.6 66.3 66.8 66.1 65.2 64.3 63.2 62.6 61.2 59.8 58.1 56.4 55.1 54.3 54 53.6 53.9 54.3 54.6 54.3 54.1 53.8 53.9 54.1 54.2
88.9 88.9 89.6 88.7 88.7 88.7 88.7 89 89.3 91.7 90.6 92.3 92.3 93 92.5 94.1 98.3 102.3 103.9 106.3 108.9 110.8 112.7 113.5 115 116.5 117.2 117.4 117.7 117.6 116.7 116.4 116.6 117.3 118.9 117.6 115.3 112.8 110.2 107.9 105.9 103.7 101.2 98.6 97 95.4 93.7 91.7 89.3 86.9 84.6 81.5 78.3 75.2 71.5 68.3 64.3 61.6 65.9 64.6 63.6 62.1 60.7 58.9 58.5 57.8 61.5 61.8 57.1 55 53.9 53.6 53.3 53.7 54.1 54.4 54.4 54.2 53.9 53.6 53.8 54
88.1 88.2 89.1 88.2 88.1 88.1 88.1 89 88.6 88.8 89 90.6 90.9 91.6 94 91 95.3 99.6 101.8 104.9 106.7 108.4 110 111.7 113 114.6 115.9 116.7 117.6 117.6 118.3 119.4 120.4 120.6 119.5 117.6 115.2 112.5 110.1 107.6 104.9 102.2 99.5 97.2 95.5 94.3 92.5 90.2 87.6 85.1 81.8 78.5 75.3 72.7 69.8 66.8 63.9 61.3 63.8 65 63.5 58.8 56.9 55.4 54.9 57.4 64.7 61.2 56.6 54 53.5 53.2 53.2 53.5 53.8 53.8 53.9 54 54 53.6 53.5 53.9
87.2 87.8 88.5 88.1 87.5 87.5 87.6 88.9 89.5 88.2 87 89.1 90.2 89.6 88.9 89.2 90.8 94.8 98.8 101.2 103.5 105.2 108.1 109.6 112.3 114.1 116 117.6 119.2 120.7 121.5 122.4 122.2 120.5 118.4 116.4 113.9 111.1 108.6 105.9 103.2 100.5 98.1 95.7 94.1 92.4 89.6 86.8 84 80 77.3 74 71.1 68.9 66.3 63.5 61.2 60.7 62.9 63.3 60.1 57 54.6 54.2 54.1 54.1 54.9 54.6 54.1 53.2 53 53.3 53.7 53.6 53.1 53.1 53.2 53.4 53.6 53.4 53.3 53.9
87.3 87.8 88.1 88 87 87 87.5 88.6 89.4 88.3 87 87 86.8 87.1 86.2 85.9 88.2 90.9 94.5 97.2 99.5 102.2 106.6 109.8 112.5 115 117.7 120.1 122.3 123.7 123.6 122.9 121.4 119.3 116.7 114.3 111.9 109.1 106.9 104.2 101.6 98.9 96.8 94.3 91.8 89 86.3 83.1 79 75.1 72.3 69.5 67.1 65.3 64 62 60.1 58.9 65.9 64.8 62.6 59.2 57.6 54.7 54.8 54.2 53.9 54.2 53.5 53 53.4 53.7 54.1 53.8 53.1 52.5 52.7 52.8 53 53 53 53.3
87.3 87.8 88.1 87.9 87.3 87.3 88.1 88.7 88.6 88.7 88 87.5 85.9 84.5 83.5 84.4 86.3 87.4 91.8 95.1 97.2 102 106.8 110.9 114.6 117.5 121.1 123.8 125.7 125.3 123.6 121.2 119.8 117.4 114.9 111.7 108.7 106.4 104.4 102.4 99.9 97.2 94.4 91.3 88.1 84.8 81.3 77.4 73.1 70.4 67.9 65.6 64.3 64.4 63 61 59.7 59.6 60 66.1 65.6 62.5 56.3 55.6 55.1 54.3 53.9 53.7 53.6 53.4 53.8 54.2 54.6 54 53.2 52.6 52.5 52.4 52.5 52.7 52.7 53
87.1 87.5 87.1 86.9 86.7 86.5 87.5 87.3 87.2 87.9 88.5 88.3 87.5 85.8 82.3 82.6 83.3 84.3 88.8 93.5 98 104.2 109.5 113.4 117.3 121.1 124.4 126.5 126.7 124.9 122.9 119.7 117.4 114.2 110.8 107.9 106 103.7 101.8 99.7 96.9 93.6 90.2 86.7 82.8 79.1 75.3 72 67.9 65.6 63.6 62.3 62 62.1 62.2 59.9 59.2 58.8 58 60 62.9 61.9 60.2 56 55.2 54.4 53.8 53.7 53.5 54.4 54.5 54.8 55.1 53.9 53 52.7 52.5 52.4 52.4 52.3 52.4 52.7
86.6 87.1 86.8 86.6 86.4 85.2 84.4 85.6 85.8 86.8 87.8 88.2 88.1 87.1 83.8 81.1 80.9 82.3 87.2 95.2 102.8 108.2 112.9 117.4 121.7 124.2 126.1 126.7 125.3 123 120.1 116.9 114.3 111 107.7 105.4 103.3 101.2 98.2 94.9 91.7 88.3 84.9 81 77.2 73.4 70.9 68.7 64.4 62.6 61.6 60.5 59.9 59.7 60.3 58.6 58.2 57.8 57.8 57.8 56 57.2 58.9 55.8 55.2 54.5 53.8 53.7 54.2 55.5 55.8 55.9 55.2 53.9 52.9 52.8 52.6 52.5 52.4 52.3 52.4 52.6
86.1 86.9 87 86.6 85.9 84.7 83.8 83.3 83.7 85 86.2 87.1 87.1 86.6 85.6 83 80.1 82.9 91.1 101.4 107.6 112.9 117.2 121.6 125.2 125.9 124.9 123.3 121.4 118.8 115.8 113.1 110.7 108.2 104.9 102.9 100 96.9 93.1 89.6 86.4 83 79.2 75.4 72 69.7 67.5 65.4 62.1 60.4 59.6 58.7 58.5 58.5 57.9 57.5 57.2 57 56.9 57 55.8 55.5 56.9 55.7 55.1 54.5 53.8 54.3 54.9 56 56.3 56.3 55.4 54.1 53 52.8 52.7 52.5 52.4 52.4 52.4 52.7
85 85.9 86.1 85.4 85.3 84.5 83.8 82.9 82 81.8 83.5 85.2 85.6 85.5 84.6 82 80 86.9 97.5 105.5 111.4 116.5 121.3 124.3 125.4 123.8 122.3 120.2 117.2 114 111.9 109.6 107 104.6 101.9 98.6 95.4 92.6 88.8 85 81.2 77.6 74.2 71.1 68.7 66.4 64.2 62.1 60.4 59 58 57.9 58.5 58.6 57.3 57 56.9 56.6 56.5 56 54.9 54.6 54.7 54.7 54.1 53.7 53.7 54 54.6 56.1 56.3 56.2 55.5 54.2 53.3 52.5 52.4 52.4 52.5 52.5 52.5 52.7
82.2 84.2 84 84.4 84.4 84.2 83.5 82.6 81.7 80.9 81.7 83 83.4 83.9 83.3 80.2 82.9 91 101.3 107.8 113.1 119 122.3 124 122.9 120.8 118.4 115.5 112.5 109.5 107.4 105.4 102.6 99.6 96.1 94 91 87.8 84 80.7 76.1 72.2 69.7 67.5 66 63.6 61.5 61.3 59.2 57.9 57.5 57.6 57.8 57.4 56.7 56.4 56.4 56.2 56.1 55 54.3 53.6 53.5 53.4 53.3 53.5 53.7 53.9 54.5 56.1 56.2 56.1 55.7 54.5 53.7 52.9 52 51.9 52.1 52.5 52.6 52.7
80.1 83.2 83.8 84 83.9 83.7 82.9 82.1 81.3 80.5 80.1 80.9 81.4 81.9 81 80.3 84.2 92.5 102.6 109 114.3 118.8 120.6 119.8 118.4 115.6 113.3 110.8 107.8 105 102.8 100.8 96.4 93.2 90 87.5 85.2 81.5 77.5 74.2 71.1 68 65.7 63.4 62 60.5 58.9 58.3 58.3 57.4 57.1 57 57 56.8 56.1 55.9 55.8 55.7 55.2 54.3 54 53.7 53.4 53.2 53.3 53.4 53.6 53.7 54.7 56.1 56.1 56 55.8 54.8 54 53.2 52.3 51.7 51.7 52 52.5 53.8
78.1 82.3 83.3 83.3 83.6 83.2 82.3 81.5 80.7 80 79.4 79.9 79.8 79.6 79.4 80.3 85.6 92.9 102.1 109 113.4 115.6 115.8 114.5 112.3 109.8 108.2 105.7 102.8 100.5 97.9 93.3 88.8 85.1 82.1 80.2 79.4 75.6 72.9 70.1 67.3 63.6 61.9 61.1 59.6 59.1 58.6 57.9 57 56.5 56.5 56.8 56.8 56.2 55.6 55.6 55.6 55.5 55.1 54.6 54.3 54 53.6 53.3 53 53 53.3 53.5 54.8 55.8 56.1 55.9 55.8 55.1 54.2 53.3 52.5 51.7 51.8 52.3 53.3 54.5
77.2 78.2 80.9 82.3 83 82.6 81.8 81 80.2 79.6 79 79.1 79 79.4 78.9 80.5 85.2 91.4 99.4 106.3 109.3 110.3 109.7 108.2 105.8 104.3 101.8 96.7 93.7 90.3 87.1 82.3 79.2 77.1 75.1 73.7 73.8 71.8 69.8 66.2 62.6 59.9 59.4 59.6 58.9 58.8 58.2 57.5 56.6 55.9 56.2 56.5 56.2 55.2 55.3 55.4 55.5 55.4 55 54.5 54.3 53.9 53.6 53.3 53 52.7 53 53.5 54.2 55.5 56 55.8 55.8 55.7 54.7 53.7 52.7 51.7 52.3 53.1 54.5 54.2
76.9 77 78.1 81.2 81.9 82.1 81.3 80.5 79.8 79.2 78.6 78 78.4 77.8 77.8 79.7 83.8 88.7 94.2 99.5 102.8 104 102.5 100.4 99.1 97.9 92.7 87.1 82.6 79.3 75.7 74.4 73.7 73.2 72.5 71.4 70.2 68.6 66.1 61.4 58.3 57.6 57.9 58.2 58.2 58.1 57.9 57.1 56.2 55.5 55.5 55.6 55.1 55 55.1 55.1 55.2 54.9 54.3 54 53.9 53.6 53.3 53 52.6 52.6 52.6 52.9 53.8 55.2 55.9 55.8 55.8 55.8 55.3 54.3 53.3 52.6 53.7 54.3 54.6 54.4
76.6 76.7 77.2 80.3 80.8 81.3 80.8 80 79.4 78.8 78.2 77.7 77.4 77.6 77.1 78.3 80.6 83.6 88.4 91 94.3 95.2 93.9 92.5 92 90 83.8 77.4 75.4 79.5 76.6 70.4 71 71 70.6 68.1 65.7 63.8 60.8 57.2 56.6 56.5 56.5 56.7 57.4 57.4 57.3 56.4 56.2 55.8 54.6 54.5 54.7 54.4 54.5 54.6 54.4 54.2 53.6 53.5 53.4 53.3 53 52.6 52.4 52.5 52.4 52.4 53.5 55 55.9 55.8 55.8 55.8 55.8 54.9 53.9 53.2 53.9 54.3 54.7 54.6
76.2 76.3 77.2 79.8 80.6 80.2 80.3 79.6 79 78.2 77.4 76.9 77.1 77.3 76.7 76.7 77.3 78.8 82.5 83.9 85.6 86.7 86.9 85.9 84.9 80.7 75.8 76.8 79.2 78.5 74.5 69.4 66.2 63.1 62.1 62 61.5 60.2 57 56.6 56.4 56.4 56.3 56.4 57 56.9 56.8 55.8 57.1 55.8 54.7 53.8 54.6 54.1 53.9 53.8 53.6 53.5 53 53 52.9 52.9 52.6 52.3 52.3 52.2 52.1 52.2 52.9 54.7 55.8 55.8 55.8 55.8 55.8 55.3 54.1 53.3 53.8 54.6 54.9 55
75.6 75.7 77.1 79 81.1 80.2 79.2 78.4 77.6 77.1 76.7 76.5 76.7 76.5 76 75.6 75.5 75.9 76.8 78.3 80.3 80.7 81.1 80.4 78.3 74.9 76.7 78.2 76.2 73.6 72.2 65 62.5 60.9 59.7 58.9 59 58.1 56.8 56.5 56.2 56.2 56.1 56.2 56.6 56.3 56 55.7 56 55.5 54.3 53.6 54.6 54.7 53.2 53 52.8 52.7 52.5 52.5 52.4 52.4 52.3 52.1 52 52 51.9 52.1 52.2 54.6 55.7 55.7 55.7 55.7 55.7 55 54.2 53.3 54 55.1 55.2 55.3
75.3 75.2 76.1 78 80.4 79 78.1 77.6 77.1 76.5 76.1 76 76.2 75.7 75.4 75.1 74.7 74.4 74.4 74.4 76 76.1 75.9 75.6 74.9 76.2 76 74.2 71.9 69 67.1 65.2 62.7 60 58.4 57.9 57.7 56.8 56.6 56.4 56 56 55.9 55.7 56.2 56.1 55.5 54.5 54.4 54.2 54.1 54.4 54.5 53.5 52.7 52.6 52.6 52.6 51.7 52.1 52.1 52 52.2 51.9 51.8 51.7 51.6 51.7 53.2 55.4 55.6 55.6 55.6 55.6 55.4 54.7 53.9 53.4 54 54.7 55.4 55.3
74.9 74.8 75.5 76.9 79.2 78.2 77.9 77.4 76.9 76.3 75.2 75.8 75.5 75.2 74.9 74.5 74.2 73.8 73.2 72.9 73.2 73.2 73.2 72.9 73.3 73.4 72.3 71.2 69.2 68.5 67.1 65.2 63 60.2 58.2 57.3 56.9 56.7 56.4 56.1 55.9 55.8 55.4 55.2 55.8 55.8 54.6 53.7 53.4 53.5 54 53.1 52.4 52.7 52.8 53 53 53 51.4 50.8 51.9 51.7 52.6 52.4 51.9 51.4 51.4 51.5 53.8 55.2 55.5 55.5 55.5 55.4 55.1 54.4 53.9 53.3 54 54.7 55 54.5
74.4 74.3 74.9 76.6 78.4 77.4 77.1 77.2 76.5 75.5 74.6 73.9 74.9 74.6 74.3 73.9 73.5 73.1 72.5 71.6 72 72 71.8 71.2 71.1 70.3 69.2 69.5 68.7 68 66.8 64.9 62.9 60.6 58.6 57.2 56.9 56.9 56.8 56.3 55.9 55.3 54.9 54.8 55.2 55.9 55.2 54 53.3 54.1 53 52.7 52.4 52.4 52.4 52.3 52.4 53.4 51.3 51.2 51.5 51.6 51.2 52.6 52.2 51.7 51.2 51.3 53.7 54.9 55.2 55.2 55.2 55.2 54.9 54.4 53.2 53.3 53.9 54.3 54.4 53.9
74.1 74 74.4 77.2 76.8 76.7 76.3 76.6 76.4 75.5 74.6 73.7 74 74 73.6 73.2 72.9 72.4 71.3 70.3 70.7 70.6 70 69.5 68.9 68.1 67.8 68 68.1 67.3 66 63.7 62.5 61.1 59.1 57.4 56.8 56.9 57.1 56.9 56.3 55.6 54.8 55.1 55.9 55.9 54.5 54.7 53.7 54.6 53.8 53 52.5 52.4 52.4 52.3 52.3 52.4 52.3 52.5 52.6 52.6 51.1 50.7 51.5 50.8 51.5 52.1 53.6 54.3 54.7 54.7 54.6 54.5 54.2 53.8 52.6 53.2 53.6 53.3 53.7 53.2
73.8 73.8 74.1 76.4 77.4 76.6 76.3 76.5 76.3 75.5 74.6 73.7 73.1 72.3 71.8 71.7 71.5 71.2 70 69.1 69.1 68.2 67.9 67.8 67.2 66.8 66.2 66.3 66 65.5 64.6 62.8 62.2 61.6 59.7 57.9 56.8 56.9 57.1 57.3 56.6 56.4 55.6 55.9 55.9 55.5 54.7 56.3 55.2 54.3 53.9 53 52.7 52.4 52.3 52.5 52.7 53 53 53 53.1 53.1 51.9 52.2 51.4 50.7 50.6 51.4 53 53.7 54.1 54 53.9 53.8 53.6 53 52.7 52.9 52.9 52.6 53.1 52.6
73.5 73.8 73.6 75.7 76.6 76.4 75.9 75.7 75.5 75 74.4 73.8 72.9 72.1 70.8 69.6 68.8 68.6 68 67.8 67.5 66.8 66.1 65.7 65.3 65.1 64.9 64 63.6 63.2 62.9 62.5 61.9 61.2 59.8 58 57.4 57.4 57.3 57.3 57.7 57.5 56.6 56 55.6 55.5 55.6 56.1 55.4 54.5 53.8 53.1 52.8 52.7 52.8 52.9 53.2 53.5 53.6 53.6 53.6 53.6 52.8 52.9 52.3 51.3 50.5 50.2 50.6 51.2 52.2 51.8 51.7 51.8 51.6 52.3 52.7 52.5 51.9 52.1 52.4 52.2
73.3 73.5 73.6 75.8 75.7 75.4 75.1 74.9 74.7 74.2 73.7 73.1 72.2 70.6 69 68.8 68 67.1 66.7 66.5 66.3 65.6 64.8 64.2 64.6 64.8 64.3 63.3 63 62.7 62.4 62.2 61.8 60.7 59.5 58.6 58.4 58.3 58.2 57.8 58.3 58.3 57.2 56.8 56.8 57.1 57.4 56.4 55.5 54.8 54.3 53.9 54 53.9 54 54.1 54.2 54.3 54.2 54.1 54.1 54.2 53.9 53.3 52.6 52.2 51.8 51.3 50.9 50.9 50.4 50.1 50.3 50.7 50.6 51.2 51.9 52.1 51.2 52.3 52.3 52.2
72.1 72.9 73.7 75.7 74.8 74.6 74.4 74.1 73.9 73.4 73 72.4 71.1 69.9 69 68.7 67.9 66.6 66.1 65.9 65.2 64.4 63.7 63.5 63.9 64.4 63.7 63.2 62.9 62.6 62.3 62 61.6 60.8 59.8 59.6 59.4 59.2 58.7 58.3 58.3 58.6 57.8 58 58.3 58.9 59.1 56.6 56.1 55.6 55.2 55 55.1 55.1 55.2 55.2 55.3 55.3 55.2 55 54.9 54.8 54.4 53.8 53.2 52.7 52.5 52.4 52 51.5 51.9 50.8 50.3 49.9 50 50.6 51.2 52 52.2 51.9 51.7 52.1
71.5 71.8 73.2 74.8 74.4 74.4 74 73.6 73.2 72.9 72.6 72.1 71 69.9 69.3 68.5 67.7 66.2 65.6 64.8 64.1 63.3 63.1 63.1 63.4 64.1 63.6 63.1 62.8 62.5 62.2 61.9 61.5 60.8 60.4 60.4 60.1 59.8 59.4 58.9 58.7 58.9 59 59.2 58.9 59.4 59.2 57.4 56.9 56.5 56 56 56.1 56.2 56.2 56.2 56.2 56.2 56.1 56 55.8 55.6 55 54.4 53.7 53.2 53 52.9 52.7 52.5 52.3 51.6 50.5 50 49.7 49.9 50.5 51.8 51.9 51.6 51.4 51.5
70.2 71.5 72.1 73 74.1 74 74 73.8 73.5 72.7 72.4 71.8 70.7 69.7 68.8 68.8 67.1 65.2 64.3 63.6 63.3 63.1 63.1 63.1 63.5 63.8 63.5 63 62.7 62.4 62.1 61.7 61.3 60.6 60.4 60.3 60.3 60.3 60.2 60 59.7 59.5 59.9 59.7 59.8 60.2 59.4 58.3 57.7 57.3 56.8 56.9 56.9 56.8 56.8 56.9 57 57.1 57 56.8 56.6 56.2 55.6 54.9 54.3 53.7 53.5 53.3 53.2 53 52.5 51.3 50.3 50.2 50.1 49.6 51 51.7 51.8 51.4 51 50.9
65.5 70.4 71.7 72.5 73.5 73.6 73.3 73 73.3 72.8 72.2 71.6 70.5 69.4 68.3 67.5 66.3 65.6 64.5 63.7 63.4 63.1 63 63 63.4 63.4 63.4 62.9 62.6 62.3 61.9 61.5 61.1 60.7 60.5 60.3 60.2 60.2 60.1 60 59.9 60.1 60.1 60.1 60.2 60.8 60.1 59.3 58.6 58.1 57.7 57.8 57.6 57.4 57.3 57.3 57.5 57.9 57.9 57.6 57.2 56.9 56.3 55.5 54.9 54.2 54 53.8 53.5 52.9 52.3 51 50.5 50.5 50.3 49.3 50.6 51.6 51.7 51.3 50.9 50.5
59.2 70.4 71.1 71.9 72.6 73.1 73 72.7 73 72.5 72.1 71.3 70.2 69.3 68.3 67.5 66.8 66 64.9 63.9 63.5 63.2 63.1 63 63.1 63.1 63 62.8 62.5 62.1 61.8 61.4 61 60.7 60.6 60.4 60.2 60.1 60 59.9 59.8 59.9 60.4 60.7 60.8 61.3 61.1 60.4 59.7 59 58.6 58.5 58.3 58.1 57.9 57.8 58 58.5 58.6 58.3 57.9 57.5 56.9 56.1 55.4 54.6 54.5 53.9 53.4 52.8 52.2 50.9 50.2 50 49.9 48.9 49.7 51.1 51.4 50.8 50.1 50
57.6 67 70.3 71.1 71.6 72.1 72.6 72.4 72.1 71.9 71.5 71 70.2 69.5 68.6 67.8 67.1 66.4 65.3 64.4 63.8 63.4 63.3 63.5 63.4 63.4 63.3 62.8 62.4 62 61.6 61.3 60.7 60.6 60.4 60.2 60.1 60 59.9 59.8 59.7 59.7 60.2 60.7 61.2 61.4 61.4 61.3 60.2 59.3 58.9 58.8 58.7 58.6 58.5 58.4 58.6 59.4 59.3 58.9 58.6 58.2 57.6 56.8 55.9 55 54.4 53.8 53.2 52.6 52 51.2 50.5 49.7 49.2 48.7 49.6 50.5 50.2 49.8 49.7 49.7
67.4 49.7 68.8 70.2 70.7 70.7 71.7 71.1 71.1 71.2 70.8 70.3 69.7 69.2 68.9 68.1 67.8 66.8 65.8 65.2 64.5 63.9 63.7 64.1 64.2 64.1 63.4 62.7 62.3 62 61.5 61 60.4 60.1 59.9 59.8 59.8 59.7 59.7 59.7 59.6 59.5 60 60.3 60.2 60.3 60.5 60.2 60 59.5 59 58.9 58.8 58.7 58.5 58.1 57.8 58.6 58.6 58.5 58.3 58.2 57.4 56.3 55.2 54.6 54 53.4 52.8 52.2 51.6 51.2 50.6 49.9 49.3 48.8 49.7 50.3 49.4 49.4 49.3 49.4
67.7 65.7 57 68.1 68.9 69.3 70.7 70.2 70.2 70.3 70.1 69.6 69.1 68.7 68.4 68.1 68 66.4 65.9 65.5 65.2 64.5 64 64.7 65 64.2 63.3 62.7 62.2 61.7 61.2 60.7 60.1 59.6 59.5 59.5 59.5 59.5 59.4 59.4 59.4 59.4 59.2 59.1 59 58.8 58.6 58.4 59 59.7 59.2 59 58.9 58.6 58.2 57.8 57.4 57.8 58 57.8 57.6 57.5 56.6 55.6 54.5 54 53.5 52.9 52.4 51.8 51.2 50.7 50.2 49.8 49.2 48.9 49.6 49.9 48.9 48.9 48.9 48.4
