public/OST50/NO67.asc
ncols 200
nrows 200
xllcorner 360000
yllcorner 770000
cellsize 50
[rows 74 to 110 of 200, columns 82 to 163 of 200]
170.1 166 161.7 155.4 158.7 157.9 155 152.2 149.7 147.4 145.3 143.7 142.5 139.9 137.6 136.3 135.1 135.1 135.1 134.6 133.3 132.5 130.6 128.7 126.7 124.1 120.3 116.7 127.3 132.6 136.3 139.2 142.5 146.2 150 156.3 162.7 168.8 172.1 175.9 179.4 178.7 175.4 168.9 161.8 153 146.3 138.7 128.8 118.9 108.5 102.8 99.5 93.9 88.2 87.4 89.9 96.5 101.2 106 107.1 106.6 107.1 108.6 108.5 109 109.8 110.6 111.2 111.2 111.2 110.7 111.4 111.8 111.1 111.3 111.8 110.8 110.8 110.5 110.1 109.2
167.6 163.3 158.2 154.1 153.9 152.4 149.8 148.5 145.9 143.5 141.9 141 138.9 136.6 134.9 134 134 134 133.9 133.7 132.4 131.1 129.2 127.4 125.5 123.2 118.4 113.6 125.1 128.8 132.5 137.2 141.1 145.7 152.5 158.9 165 170.8 175.9 180.2 180.9 177.2 172.9 165.6 158.6 151.5 144.3 135.7 126.3 118.7 109.6 102.4 99.4 96.4 89 87.2 85.1 90.6 98.1 102 103.5 103.1 103.4 104.5 104.4 104.9 105.4 105.8 106.7 107.1 106.8 106.7 106.7 107.1 106.1 105.8 105.7 106.3 106.2 105.5 105.2 104.1
164.9 160.3 155.6 151.8 144.9 147.1 145.4 144.2 142.8 140.4 139.3 137.7 135.7 134.5 132.9 132.8 132.8 132.8 132.7 132.2 131.2 130.3 128.6 126.4 124.2 122.2 117.8 116.2 125.4 129.7 133 137.8 142.2 148.4 156.1 161.7 167.5 172.9 178.1 181.7 179.6 175.6 169.1 162 154.8 147.5 140.7 132.3 123.7 118.9 111.6 102.3 98 96.7 92.4 87 86.2 85.7 92.6 95.4 96.8 98.2 99.4 100.3 101.4 101.4 101.5 102.1 103.4 103.9 104.1 104.1 104.7 104.6 103 101.2 102.5 102.7 101.9 101 100.3 100.5
162.2 157.6 152.9 148.8 144.9 141.4 141.1 140.2 139.6 137.8 136.5 134.8 133.6 132.4 130.9 131.5 131.7 131.6 131.3 130.6 130 129.4 127.8 126.2 124.3 121.7 116.4 115.7 124.8 129.5 133.7 138.7 144.8 152.6 160.2 166.2 172.2 176.6 180.4 179.1 176.2 171.2 163.7 156.4 149.2 142.5 136.8 129.1 120.8 117.5 109.5 102.3 97.6 96.1 94.4 88.8 86.2 85 84.9 88.9 94.4 96.3 96.8 97.4 98.4 99.6 98.9 99.1 99.5 100.2 100.2 99.5 100.6 99.6 98.3 98 98.5 97.7 97.2 96.6 96.9 97.8
159.3 154.6 150.1 146.4 142.6 138.6 137.3 136.8 136.5 135 133.8 132.6 131.5 130.2 128.9 129.9 130.4 130.2 129.8 129.3 128.9 128.5 127 125.4 123.9 122.1 117.3 114.2 124.2 128.9 133.9 140.4 148.2 158 164.3 170.8 174.8 176.8 178.8 177 172.7 165.7 158.2 150.9 143.7 136.5 129 122.8 118.4 115.8 107.5 100.4 97.6 95.7 94.5 88.8 86 84.5 83.4 82.7 93.3 94.5 94.3 94.1 95.5 96.6 96.2 95.2 95.5 95.6 95.6 94.7 94.3 93.8 94.3 94.4 93.5 92.6 92.4 93.3 94.1 94.9
156.2 151.4 147.6 143.8 140.1 135.9 133.8 131.8 133.6 132.6 131.9 130.5 129.3 128.1 126.6 127 127.4 127.1 127.6 127.1 126.6 126.2 125.2 124 122.5 120.4 116.4 112.9 122.8 127.9 133.9 142.8 151.8 163.9 170.5 173.2 174.1 173.9 174.2 171.4 167.2 160.9 153 145.3 137.2 129 122.4 118 116 110.9 104.3 99.1 95.8 95.9 94.3 89.5 86 85.1 84.1 83.2 89.6 90.9 90.5 90.7 91.2 91.3 91.1 91.3 91.7 92 90.6 89.2 90.5 90.8 90.9 91.7 90.8 89.6 90.6 92.6 91.9 91.9
151.3 148.4 145 141.3 137.4 135.8 133.4 131.2 131.3 130.3 130.1 128.7 127.4 126.3 124.8 123.4 123.9 123.8 124 124.2 123.5 123.4 122.9 121.9 121.1 120.6 115.7 109.8 121.6 127.5 135.4 144.6 155 165.9 169.2 170.9 170.8 170.5 168.5 165.4 160.8 154.4 147 138.8 129.2 120.5 112.5 105.3 104.2 101.4 99.1 96.4 94.4 94.9 93.4 87.7 85.9 84.9 84.1 83.7 82.1 88.2 87.7 88.1 88.2 89.1 88.9 87.9 86.3 86 84.3 84.4 86.3 88.2 88.5 89 88.2 87.9 89 91.1 91.5 90.8
146 143.6 140.9 138.2 135.6 132.8 130.4 129 128.2 128 127.9 127.4 127 126.3 124.3 122.3 122.9 122.7 121.6 122 117.8 119.2 119.3 120.6 120.6 119.6 116.3 109.7 119 126.9 137.4 146.5 154.5 162 165.7 168.7 168.3 166.8 163.7 159.2 154.4 146.1 138.1 130.9 121.6 112.8 106.1 101.1 95 93.1 93 94.4 93.5 93.2 90.7 88 85.9 84.5 83.8 83.6 82.7 83.1 85.2 85.8 85.4 85.4 86.3 86.2 84.4 83.4 83.8 84.4 85.4 87.3 87.1 86.8 87.5 88.7 89.7 90.4 91.2 90.3
141.1 138.7 136.6 134.9 132.2 129.7 128.2 126.9 125.8 125.4 125.5 126 126.2 125.4 124.1 123.3 123.5 123.5 122.4 123 122.3 119.3 113.4 117.9 117.3 116.3 114.2 108.6 117.2 127.1 138.7 145.8 151.2 157.6 163 167.1 166.4 163.5 158.9 152.9 144.7 136.2 126.6 120.5 113.5 106.1 105.6 105.8 92.7 89.8 89 88.5 88.8 88.7 88 86.8 85.6 84.2 83.5 83.3 82.9 81.9 82.4 83.3 82.9 82.6 83.4 82.4 82 82.2 83.9 85 85.4 85.9 86 86.7 88.2 88.5 88.5 88.7 88 87
137.2 134.8 133.9 130.8 128.5 127.5 126.5 125.5 124.6 122.9 123.1 123.7 124.3 123.8 123.1 123.1 123.4 122.8 120.9 120.7 120.3 121 117.4 111.5 113.6 113.5 109.6 105.5 118.4 127.1 134.2 139.7 146 154.3 160 162.4 159.8 155.5 150.5 142.5 132.9 124.6 116.8 110.9 105.7 100 101.1 96.7 88.9 88.4 88.6 87.1 86.8 86.7 85.7 85 83.9 83.5 83.2 82.9 82.4 81 81.4 81.7 81.5 81.5 81.6 83.4 82.2 82.2 83.9 85.9 86.6 86.9 86.3 86.9 87 86.7 86.1 84.9 82.9 82.4
132.8 131.6 130.6 128.4 127.2 126 125.4 124.5 123.4 122.1 121 121.5 122.9 123 122.4 122.1 122.7 122.9 120.8 119.8 119.4 120.2 119.6 115.8 107.9 107 104.8 110.1 119.7 124.9 130.5 134.5 142.2 152 155.7 154.1 151.4 145.1 138 128.9 119.4 112.8 108.4 104.9 101 96.8 92.9 90.4 87.5 87.1 86.9 85.8 85.9 86.1 85.9 85.7 83.1 83.1 82.8 82.4 81.9 81.5 79.6 80.3 80.3 80.4 81.1 82.2 82.1 82.2 85 87 88.2 88.1 86.6 85.2 84.2 82.7 81.1 79.9 80 80.6
128.7 127.9 127 127 125.9 124.5 124.1 123.4 121.9 120 118.1 120.6 121.5 121.6 121.6 121.1 121.7 121.3 120.9 119.7 118 118.3 118.6 116.2 107 103.1 108 118.5 120.1 123.6 127.3 131.8 140.6 149 150.5 145.5 139.6 132 123.8 115.4 110 106.8 103.1 99.5 96.5 92.7 89.6 87.2 85.7 84.5 83.9 84.8 86.6 86.6 86.2 85.9 82.4 82.7 82.3 81.8 81.4 81 80.2 79.5 79.4 79.3 79.2 80.2 80.8 84.4 85.3 86.5 88.5 87.9 84.9 81.2 79.9 79.2 79 79.5 80.2 80.8
127.4 125.5 124.8 124.5 123.8 123.3 122.9 122.3 120.7 118.5 115.4 119.1 119.4 119.7 120 120.3 120.1 119.7 119.3 118.9 117.7 116.3 117.1 115.2 105.4 102.7 110.1 118.1 120.5 119.7 123.3 126.7 135.4 143.6 140.8 132.2 126.7 119.3 112.9 108.1 104.6 101.7 98.2 95.1 92.1 89.9 87.1 85.1 83.3 84.4 84.5 85.1 86 86 85.5 83.9 81.4 81.8 81.9 81.6 81.2 80.8 79.6 79.4 79.3 79 79.3 79.7 80.4 84 84.6 83.4 83.8 82.6 80.1 78.4 78.1 78.5 79.3 79.9 80.7 81.8
125.6 123.8 122.5 123.1 123.2 122.7 122.5 121.5 120.8 118.4 114.5 117 117.6 117.7 118 118.2 118.3 118 117.5 117.1 116.5 114.2 115 113.6 106 101.5 108.3 116.6 118.2 117.3 117.3 119.1 123.5 127.3 126 118.9 113.1 109.6 106.9 103.9 99.6 96.5 93.5 91.5 90.3 87.5 85.1 83.6 83.3 84.4 84.5 82.8 82.3 81.6 82.9 81 80.5 80.5 80.7 80.8 81 80.2 79 78.4 78.8 79.1 79.4 79.8 79.8 84 83.1 81.8 80 79.7 78.1 77.2 78.1 78.6 79.9 80.5 81.2 82.5
123.5 122.4 120.6 123.5 123.7 123.4 123.4 120.9 119.8 118.7 114.7 114.4 117 116.5 116 116 116.1 115.6 114.5 114.2 114 110.6 111.7 111.5 107.5 102.7 106 114.2 116.1 116 117 117.3 112.3 110.3 112.1 107.7 105.7 104.5 104 102.4 96.7 92.8 91.6 90 87.9 85.6 84.3 83.4 84.4 84 84 82.4 81.1 80.4 80.2 79.7 79.5 79.5 79.6 79.6 79.6 79.5 78.9 78.4 78.8 79.1 79.1 78.7 78.4 79.6 78.8 77.8 76.8 76.8 77.1 77.4 78.2 79.8 80.6 81.1 81.7 83.2
120.2 119.6 121.1 125.5 125.7 124.6 123.4 119.7 117.5 116.5 114.2 111.7 113.7 115.3 114.6 114.1 113.8 112.7 111.6 111 110.4 107.3 107.1 107.7 106.6 100.1 104.1 111.1 113.1 115.9 117.3 118.1 117.3 108.9 99.5 101.4 102.3 101 100.9 96.5 92.8 90.9 90.4 89 88.1 86.6 85.6 84.7 85.4 84.8 83.3 81.5 80.3 79.6 79.5 79 78.9 79 79 79.1 79.3 79 78.8 78.3 77.7 78 77.8 77.7 77.4 77.6 76.5 76.9 77.9 77.7 77.8 77.4 78.2 80.8 81.3 81.7 82.3 82.8
116.5 115.3 117.8 121.6 123.6 123.1 122.1 118.7 114.1 112.1 111.3 109.8 108.2 112.9 112.5 111.5 109.9 109 108.7 107.8 106.6 105.6 102.8 102.6 102.5 97.7 101.8 103.8 109.3 113.5 115.3 115.9 112.7 107.3 98.3 95.7 96.7 95.3 92.2 90 89.4 89.3 89 88.3 87.5 86.6 87 84.6 83.8 82.7 81.4 80.1 79.6 78.9 78.7 78.5 78.5 78.5 78.5 78.9 78.8 78.6 78.3 78.1 78.3 77.6 77.4 77 76.7 76.3 77 78.8 79.8 79.4 79.3 78.6 78.2 81.5 81.4 80.9 79.9 79.3
117.4 114.8 114.2 115.9 117.3 118 116.7 114.5 110.7 109.9 109.8 108.7 105 110.3 109.2 108.1 107 104.7 103.8 104.1 103.9 103.6 101.9 99.4 98 94.1 98.3 99.9 102.1 107 107.4 106.6 101.9 98 93.2 92.9 92.3 91 89.3 88.2 88.1 88.1 87.5 85.8 85.7 85.6 84.2 82 80.4 80.7 79.7 79.4 79.3 79.5 78.7 78 78.1 78 78 78.7 78.3 78.1 77.8 77.8 78 77.2 76.9 76.6 76.4 76.2 79.2 81.5 81.1 81.2 80.9 80 77.5 78.5 78.3 76.5 78.5 78.1
118.2 115.7 112.7 112.5 111.4 111.5 110.3 108.7 107.4 108.5 108.6 107.3 104.1 107 106.1 105.3 104.4 104.8 102.6 101.4 101.2 101.1 99.4 97.6 95.2 92.3 95.2 96.2 97.1 98.6 96.3 94.6 92.7 91.9 92.3 92.1 91.4 90.1 88.7 87.2 86.8 86 84.7 83.8 83.1 83.7 83.2 81.6 81.2 81.2 79.5 79.5 79.7 80.2 79.5 79.9 80.7 80.9 79.3 78.2 77.8 77.6 77.6 77.6 77.5 76.8 76.7 76.5 76.3 76.2 80.5 81.5 81 81 81.2 81.4 78.8 77.6 76.9 78.1 80.2 80.3
117.7 120.3 116.8 116.7 119.7 119.4 115.5 112.3 106.9 105 103.8 105.3 102.7 105.9 105.7 103.8 101.8 101.3 100 99.3 99.1 98 96.8 95.7 93.7 92.4 92.5 94.6 95.6 96.3 94.5 91.7 91 93 93.4 91.6 90.4 88.9 87.5 85.9 84.7 83.7 83.6 83.4 82 83.5 83.9 83.4 84.8 84 80.6 79.7 79.9 80.7 81.7 82.7 83.9 83.2 83.1 79.8 77.3 77.2 77.1 77 77 76.4 75.9 75.7 75.5 75.5 77.2 79.6 80.9 81.2 82 82.5 81.6 80.7 80.4 80.1 80.9 80.6
120.4 124.2 123.9 125.1 126.9 125.3 122.5 121.1 118.3 114.3 107.3 100.8 100.8 102.7 103.4 102.3 100.5 99 98.8 98.2 97 95.8 95.3 94.7 93.6 92.5 91.4 93.3 94 93.3 91.3 90.1 89.6 90.4 91.6 89.7 88.1 86.5 84.9 82.8 82.4 81.7 81.3 81.1 80.7 83.1 84 82.5 83.2 82.7 81.9 80.4 80.5 81.1 82 81.9 83.1 83.2 85.5 85.4 81.3 76.5 76.5 76.5 76.5 76.5 75.8 75.4 75.1 75.4 75.3 75.7 77.7 79.5 80.2 82.6 82.5 81.7 81 81.1 81.1 80.5
124.3 129.3 130.4 130.3 128.4 126.7 124 122.3 118.5 114.1 108.9 101.6 98.8 99.6 99.5 98.1 97.1 97.4 97.7 97.2 95.7 94.7 94.6 94 93 92.1 91.2 91.4 92.4 91.4 90.5 89.8 89.1 88.5 87.4 86.2 84.9 83.5 81.8 80.8 80.8 80 79.7 79.8 79.6 80.5 80.6 80.5 80.4 80.7 81.6 80.9 81.3 82 83.2 83.3 84 84.4 83 83.4 83.7 76.4 76.3 76.3 76.2 76.1 75.5 75.2 74.9 76.4 76.2 75 75.1 77.6 81.1 81.2 80.8 81.3 80.7 79.6 79 78
129.2 133 132.9 130 127.5 126.6 123.4 120.5 115 110.8 106.3 101.1 97.4 97.3 97.9 96.9 96 95.4 95.7 95.6 93.9 93.8 93.7 92.9 92 91.1 90.1 89.4 90.3 90.5 89.8 88.8 87.9 86.9 85.7 85.4 84.2 82.4 79.6 79.4 79.2 78.9 78.5 78.6 78.5 78.9 79.2 79.4 80.1 80.9 81.6 81.5 82.1 82.3 82.5 83.7 84.2 83.8 83.4 84.8 84.9 76.3 76.1 76 75.8 75.8 75.1 75 75 77.5 78 75 74.5 74.7 78.6 78.7 78.5 78.2 76.7 75.2 74.9 74.5
134.7 134.6 131.5 128.1 125 123.2 120.3 116.4 111.2 109.2 105.8 100.5 96.8 96.4 97.5 97.2 96.4 95.1 93.6 93.4 92.8 92.9 92.2 91.5 90.5 89.6 88.7 87.8 87.8 88.1 87.9 87.3 86.7 86.1 85.4 84.8 84 81.4 78.9 78.6 78.4 78.2 77.8 77.4 77.5 78.1 78.7 80.5 81.2 81.9 81.9 81.2 81.3 81.6 81.8 82.7 83.6 83.5 84 85.3 85.4 75.9 75.7 75.6 75.5 75.5 75.4 75 75.4 77.2 78.8 79.1 75.4 73.9 75.4 75.8 74.9 73.8 72.5 71.8 71.4 71
134.3 132.7 128.8 124.4 120.7 119.1 114.4 111.7 107.9 105.9 103.5 98.7 96.3 95.6 96.6 97.1 96.4 95 93.5 93 92.8 91.2 90.8 90 89.1 88.2 87.3 86.3 85.7 87.4 87.5 87.2 86.7 86.1 85.2 85.1 83.6 80.2 78.6 78.1 77.6 77.4 77.1 76.6 77.1 77.7 78.3 79.9 81.7 81.9 81.3 80.5 80.1 80.5 81 81.7 82.1 81.6 82 84.1 81.9 75.3 75.1 75.1 74.9 75 75 74.5 74.7 76.8 78.3 78.3 76 73.2 73.5 73.3 72.8 72.5 72 71.6 71.2 71
130.1 128.3 125 119.2 116.7 115.8 111 108.3 104.4 102 100 96.8 94.8 95.1 96.2 96.7 95.7 94.9 94.4 94 93.3 91.3 89.2 88.6 87.7 86.8 86.2 85.4 85 86.3 87.2 86.6 86.4 86.2 84.5 84.4 82.9 80.8 79 77.8 77.3 76.8 76.4 76.4 76.9 77.5 78 78.6 81.3 80.9 80.4 79.9 79.2 79.3 79.1 79 78.6 78.5 78.7 77.6 74.7 74.4 74.4 74.5 74.5 74.6 74.7 73.7 74.8 76 76.2 76.7 75.9 75 73.8 73.2 72.7 72.2 71.8 71.4 71.4 71.3
125.2 122.8 119.5 114.3 112.5 111.4 107.9 105.9 101.2 97.9 95.7 93.1 93.8 94.9 96.1 95.8 95.4 95.5 95.2 94.6 93.3 91.6 89.6 87.6 86.9 86.3 85.6 85.1 84.6 84.5 85.3 85.8 85 84.2 83.3 82.8 82 80.2 79.3 77.7 77 76.5 76 76.6 77.2 77.8 78.4 78.8 80.5 80.3 79.8 79.3 78.6 78.4 78.2 77.4 77.4 76.5 73.5 74 74 74.2 74.2 74.3 74.4 74.4 74.5 74.3 73.6 73.4 73.9 75.2 76.3 76.6 73.9 73.2 72.6 72.1 71.7 71.8 71.8 71.5
118.7 115.3 112.8 110.1 107.9 106.6 106.8 104.8 99.5 95.4 92.3 92.1 93.3 94.5 95.1 94.6 94.6 95.6 95.1 93.7 92.5 91.3 89.7 87.9 86.4 85.8 85.5 85.2 84.8 84.7 85.4 84.7 83.9 83.1 82.4 81.5 81 79.6 78.7 77.9 76.7 76.2 75.9 76.5 77.5 78.3 78.9 79 79.5 79.7 79.2 78.6 78 77.8 78.2 78.5 77.9 74.1 74.1 73.5 74 74 74.1 74.1 74.2 74.3 74.2 73.5 72.8 72.2 72.2 73.4 74.5 75.5 74.2 73.5 72.7 72.3 72.1 72.2 72.1 71.7
114.3 110.1 107.9 105.7 104 103.3 103.4 100.3 96.4 93.7 90.9 91.5 92.3 93 93.7 92.9 93.5 94.8 94.2 92.8 91.4 90.3 89.1 87.7 86 85.8 85.5 85.3 85 84.8 84.3 83.5 82.8 82 81.3 80.5 79.8 79 78.2 77.4 76.5 76.1 75.7 76.4 77.4 78.4 79.4 79.2 78.8 79.2 78.6 78 77.5 77.2 77.6 77.2 74 73.7 73.8 73.8 73.7 73.8 73.9 74 74.1 74.2 73.4 72.8 72.4 72 72 72.1 72.7 73.8 73.8 72.6 72.4 72.6 72.6 72.6 72.3 71.9
111 106.8 104.2 101.5 100.5 99.8 99.2 96.8 93.9 91.2 89.3 89.1 89.8 90.4 91.2 92 93.1 93.9 93 91.8 90.4 89.2 88.2 87.1 85.7 85.5 85.2 85 84.7 84.1 83.6 82.9 82.1 81.4 80.7 79.9 79.4 78.9 78.1 77.2 76.5 76 75.6 76.2 77.2 78 78.2 78.5 78.8 78.5 77.7 76.9 76 76.7 75.7 74 73.4 73.5 73.5 73.6 73.7 73.4 73.8 73.9 73.9 73.4 72.9 72.6 72.2 71.8 71.7 71.8 71.9 72 72.6 72.5 72.8 72.9 73.1 73 72.5 72.1
105.9 103.6 101 98.5 97 96.3 95.8 93 91 89.3 87.7 87.6 87.6 88.8 89.8 90.7 92.1 92.3 91.6 90.5 89.4 88.2 87.4 86.4 85.4 85.2 84.9 84.2 83.6 83.2 83 82.3 81.6 80.8 80.1 79.4 79.1 78.8 77.9 77.1 76.5 76 75.5 76.1 76.6 76.9 77.1 77.4 77.6 77.1 76.3 75.4 74.5 74.6 74.2 72.9 73.1 73.3 73.5 73.6 73.7 73 73 73.7 73.5 73.1 72.7 72.4 72 71.6 71.5 71.6 71.7 71.9 72 73.2 73.6 73.5 73.4 73.2 72.8 72.3
100.7 99.4 98 95.6 94 92.7 91.4 88.2 87.6 87.6 87.6 87.5 87.6 87.6 88.2 89.4 90.5 90.7 90.1 89 88.3 87.9 86.5 85.7 85.1 84.5 83.8 83.1 82.4 82.2 82.1 81.7 81 80.2 79.5 78.9 78.7 78.5 77.8 77.1 76.5 76 75.4 75.2 75.5 75.8 76 76.3 76.5 75.7 74.8 74 73.6 73.2 72.7 72.6 72.8 73 73.3 73.5 73.4 72.7 72.7 73.3 73.3 72.9 72.5 72.2 71.8 71.4 71.3 71.4 71.6 71.7 71.8 72.8 73.3 73.2 73.2 73.4 73.1 72.6
96.9 95 94.4 92.6 91.1 90.2 88.1 87.6 87.6 87.6 87.6 87.6 87.6 87.6 87.6 87.6 87.8 88.1 88.7 88.3 88 87.6 87.2 84.9 84.1 83.4 82.7 82 81.5 81.3 81.1 81 80.4 79.7 78.9 78.6 78.3 78.1 77.7 77.1 76.4 75.6 75 74.8 74.6 74.6 74.9 75.2 75.2 74.3 73.4 73 72.6 72.3 72.1 72.3 72.5 72.7 73 73.2 73 72.3 72.4 72.7 72.6 72.9 72.4 72 71.6 71.2 71.1 71.2 71.4 71.5 71.6 72.3 73 72.9 73.1 73.2 73.4 73
93.7 92 91 90.3 89.5 88.4 87.6 87.6 87.6 87.6 87.6 87.8 87.6 87.6 87.6 87.6 86.2 85.8 86.9 86.9 86.6 86.2 85.7 84 83.1 82.3 81.6 80.9 80.5 80.4 80.2 80 79.8 79.1 78.4 78.2 78 77.8 77.4 76.6 75.7 74.9 74.7 74.4 74.3 74.1 74 74 73.8 73.3 73 73.5 73.3 72.3 72.1 72.1 72.2 72.4 72.7 72.7 72.4 72 72.1 72.1 71.9 72.2 72.4 72 71.5 71.1 71 71.1 71.2 71.3 71.5 71.7 72.7 72.8 72.9 73.1 73.3 73.4
91.1 90.4 90 89.1 87.9 87.3 87.6 87.6 87.6 87.6 88.4 88.6 87.5 87.6 87.6 85.9 83.4 83.9 85 85.5 85.2 85.2 84 83.1 82.2 81.3 80.5 79.8 79.6 79.4 79.2 79.1 78.9 78.5 78.1 77.8 77.4 77 76.5 75.9 75.1 74.6 74.3 74.1 73.9 73.8 73.6 73.5 73.5 73.2 72.7 73 73.6 72.1 72.1 72.2 72.2 72.3 72.3 72.1 71.9 71.6 71.5 71.4 71.3 71.4 71.7 71.9 71.4 71 71 71.1 71.2 71.3 71.2 71 72.1 72.4 72.5 72.7 72.9 73
89.8 89.5 88.9 87.5 87.3 88.2 87.6 87.6 87.6 88 87.4 87.2 87.3 87.3 87.4 85.5 83.1 82.4 83.3 84.2 84.3 84.3 83.1 82.2 81.3 80.4 79.6 78.8 78.7 78.5 78.3 78.1 78 77.9 77.5 77 76.5 76.1 75.7 75.2 74.6 74.3 74 73.7 73.6 73.4 73.5 73.5 73.5 73 72.4 72.5 71.8 71.5 71.7 71.7 71.8 71.8 72.1 72.1 71.6 71.2 71 70.9 70.8 70.7 71 71.4 71.3 71.1 71.1 71.1 71.2 70.8 70.6 70.3 71.1 71.8 71.9 72 72.2 72.5
88.6 87.9 87.2 87.3 88.2 88.7 88.4 87.5 83.7 84.8 84.1 84.3 85.1 85.2 85.3 84.9 83.2 82.2 81.3 82.2 82.6 82.8 81.7 80.6 79.5 78.5 78.2 78 77.8 77.7 77.5 77.3 77.4 77.5 77 76.5 76 75.5 75 74.5 74.2 74 73.7 73.4 73.4 73.6 73.8 74 72.6 70.8 71.2 71.5 71 70.9 71.1 71.2 71.3 71.5 71.8 72.1 71.6 71.2 71.4 71.3 71.2 70.6 70.8 70.9 71 70.9 70.8 70.7 70.3 69.9 69.8 69.7 70.1 71.1 71.3 71.4 71.6 72.1
