public/OST50/NO68.asc
ncols 200
nrows 200
xllcorner 360000
yllcorner 780000
cellsize 50
[rows 35 to 69 of 200, columns 78 to 155 of 200]
281 273.7 265.2 257.5 249.3 241.2 227.8 212.4 199.9 190.5 182.1 175.9 170.7 167.5 165.1 165.1 161.9 161.8 161.2 160 159 159.4 161 166.2 172 177 183.6 189.8 193.8 196.6 197.3 195.4 192.8 189.8 185.3 179 172 164 155.3 143.6 128.1 118.5 117.1 127.2 137.6 146.1 152.6 157.5 160.4 163.7 166.7 173.2 178 182.5 187.6 194.7 206.6 220.6 235.5 250.2 259.1 264.6 268.8 274.1 278.5 285.5 289.5 293.5 292.1 294 291.9 298.1 300.7 303.3 308.7 319.5 331.7 340
287.9 279.5 271.5 261.4 251.7 241.7 228.9 217.5 204.9 195.3 184.5 179.2 171.4 167.9 167.1 168.7 164 163 164.2 163.3 163.4 165.4 163.5 167.1 172.6 176.9 181.5 185.9 189.5 192.1 193.2 192.1 188.4 185.2 180.9 174.2 167.9 159.5 149.3 136.9 121.5 115.6 124.7 136.6 146.5 155.4 160.5 163.2 167.7 170.3 174.5 181.6 185.9 191.3 198.5 207 220.1 236 250.3 262.6 273 277 280.3 282.4 284.2 291.4 294.1 296.3 299 301.1 303.8 307.5 309.4 311.3 317 327.4 339.8 347.2
292.9 284.1 275.1 264.7 255.8 245.4 232.7 220.3 210.3 201.1 189.1 181.7 173.9 170.9 168.8 170.2 167 165.2 164.9 166.7 168.5 168 168.1 168.3 170.6 174.1 179.8 182.6 185.9 186.5 188 187.4 185 181.4 176.7 170.6 162.9 154.5 144.7 129.5 117.9 118.5 129.1 142.5 151.9 159.5 164.6 167.2 172.8 176.1 180.3 187.7 193 197.9 207.3 219.2 232.2 246.4 259.5 276.2 286.2 287.7 288.6 290.9 291.7 296.2 301.3 302.2 309.1 312.8 312.8 315.3 316.5 321.3 328.6 338.2 348.4 355
297.1 287.5 277.6 267.3 257.4 247.7 237.7 224.2 214.9 205.8 193.4 185 177.3 178.2 172.8 170.4 168.6 167.5 169.1 169.2 171.3 172.4 169.7 169.3 170.8 173.2 177.7 179.6 182.1 182.3 184 183.2 181.1 177 172.4 166.4 159.5 150.4 138.6 123.6 115.6 121.5 133.5 145.7 154.9 161.8 167.1 171.4 175.9 180.7 186.1 192.5 198.8 204 213.9 226.8 240 252.1 266.7 281.8 294.4 296 297.3 296.5 299.3 301.9 305.8 313.9 318.9 321.4 321.2 322.3 325.9 333 340 348.1 353.6 359.2
301.4 291.3 281.3 271.7 259.9 252.1 241.1 231 219.2 209.7 198.2 188.8 187.3 179.4 174 172 170.2 168.5 170.7 170.1 171.2 172.2 171.3 170.6 171.1 172.2 173.9 177.1 178.4 179 179.7 179.7 178.2 174 169.3 163.4 156.5 147.3 134.1 120.4 118.8 125.4 135.4 146.9 156.6 164 169 173.2 177.6 183.1 191.1 196.6 203.6 210.5 220 230.8 243.1 254.3 268.9 282.4 296.2 298.5 299.7 301.9 304.8 310.4 317.5 316.8 326.1 329.4 331 331.7 333.4 339.4 346.8 352.4 358.4 363.7
304.3 294.9 285.8 276 265.3 257.3 247.6 234.9 224.4 212.7 205 204.5 189.9 182.5 176.2 172.6 169.2 168.9 173.7 172 172.8 176.8 177.1 172.4 170.3 171.5 172.4 175.4 175.7 176.6 176.5 176 175.1 173.6 167.2 161.6 155.2 143.6 130.3 120.1 119.2 127.7 136.7 146.3 157.4 163.4 169 173.7 177.8 183.4 191.9 199.6 208.5 214.1 224 235.4 245 255.3 265.7 279.4 289.2 298 300.3 304.6 311.1 314.7 325.2 328.9 334.2 338.2 339.9 340.3 340.8 346.2 351.4 355.5 359.7 366.6
307.2 299.2 291.6 282.5 270.5 261.4 251.6 238.8 223.7 221.1 219.6 208.7 198.6 191.1 182.8 178.4 172.8 171.6 175.7 174.1 174.7 179 176.2 172.5 171.3 171.6 172 174.3 174.9 174.7 174.6 174.1 174.9 172.6 164.8 159.2 155.1 140.7 129.4 119.9 119.9 129.2 136.8 145.7 156.5 161.5 167.1 172.4 178.4 184.1 193 202.2 210.4 215.2 224 232.3 238.7 251 259.9 272 281.9 291.5 297.7 306.5 318 328.4 335.9 340.2 343.6 345.2 346.3 347.6 347.6 349.7 353.3 357 360.8 367.5
309.1 302.3 294.6 285.6 275 263.6 254.5 243.7 239.6 237 227.5 218.4 208.6 200.8 191.4 184 179.1 176.9 177 175.9 176.7 175.4 174.7 171.7 171.7 172.1 171.6 174.2 174.5 173.9 174.2 174.8 170.7 168.1 163.3 156.5 149.7 141.1 127.2 120.4 119.7 129.2 135.4 144.8 153 158.4 164.6 170.6 176.7 182.8 190.5 200.9 208.9 213.7 221 228.3 234.3 245.3 255.6 266.4 278.5 287.7 301 311.3 322.1 332.5 339.5 345.4 349.3 352 352.1 352.4 352.2 352.8 356.4 362 365.2 368.5
307.7 302.4 294.9 285.7 278.9 269 259.3 254.9 251.8 243.9 234.5 229.7 219.7 208.5 201 194 187.6 183.8 181.9 180.5 177.3 174.7 172.7 172.6 172.4 171.7 172.2 174.4 175.6 174.8 171.6 169.4 168.1 165.4 161.3 155.3 147.7 138.8 121.8 120.8 121.3 129.2 134.2 143.1 148.8 156.2 162.4 169.1 175.8 182 187.5 197.7 206.9 214.1 220.4 227.6 236.5 245.7 257.7 268.3 280.7 291.1 303.3 316.2 326.8 336.3 343.1 350.9 354.1 355.6 355.2 355.2 355.1 354.8 357.4 361.1 366.3 371.4
305.9 300.1 293.2 286.3 280.1 270 269 266.2 264.4 252.3 245.5 240.2 230.5 220.3 210.8 203 195.6 190 186.1 183.1 181.2 178.1 174.7 173.6 172.8 172.6 173.1 175.9 176.7 172.3 169.5 166.7 164.8 162 158 152.8 146.3 132.3 122.8 122.4 121.7 126.7 134.8 141.7 147.1 152.6 161.1 166.8 172.8 178.1 185.4 197.7 208.3 216.3 221.4 229.7 240.5 251.4 261.6 272.3 282.1 292.7 303.1 317.2 327.3 335.6 346 355.1 358.3 358.3 355.7 355.2 355.2 355.2 355.2 359.6 366 371.5
302.8 298.2 293.8 288 281.9 278.8 276.1 271 266.2 260.6 255 249.1 241.7 231.4 222 212 203.1 198.1 192.9 189.5 188.4 184.5 178.3 174.2 173.5 174.5 175.1 175.5 175.1 171.5 167.1 164.5 161.7 158.4 154.4 149.6 144.4 127.7 122.6 120.9 118.4 128.2 129.7 139.6 145 152.2 158.6 164.3 169.3 176.4 186.8 199.8 211.1 220 225.8 232.8 243.9 254.2 263.5 273.1 282.6 293.7 303.2 315.9 325.4 334.2 341.1 350.1 354.1 353.5 352.7 352.9 352.1 351 352.3 356.7 362.4 369.1
304 300 296.1 290.4 286.7 284.3 285 280.2 272 268 265.6 258.8 251 240.8 231.2 222.2 210.5 204.8 200.9 198.9 195.4 190.7 182.5 177.4 176.4 175.2 174.1 173.5 174.3 171.9 165.3 161.5 159.2 156.2 152.2 146.8 141 125.4 123.5 122.8 118.3 126.6 130.9 139.8 145.2 151.4 156.5 161.6 167.4 175.3 189.1 201.8 212.1 220.2 227.1 235.7 244.1 253.5 262.3 270 279.2 289.2 298.6 306.7 317.5 324.9 335.1 343.2 347.9 347.7 347.2 347.4 345 344.6 346.8 349.4 355.8 363
306.3 301.1 298.4 295.6 291.1 288.8 285.9 282.8 280.2 278.9 276.2 268.4 260.3 250.3 237.8 228.9 219.5 210.5 206.6 203.9 200.7 194.7 188.7 180.3 176.2 176.4 173.8 170 173.2 170.4 163 160 157.7 153.5 150.4 143.7 126.9 124.1 122.2 120.3 122.7 128.1 131.8 138 143.4 149.6 155.2 160.2 166.2 176.9 188.9 199.5 209.2 217.7 225.9 234.5 242 249.1 255.5 263.5 271.7 280.7 285.6 291.1 304.1 312.7 322.4 334 340.3 340.8 341.4 340.2 336.3 333.8 337.9 342.9 348.6 357.1
309.1 305.7 301.6 298.9 296 294.1 292 290.5 289.9 288.6 284.6 278.1 268.2 259.1 246.3 236.4 224.9 216.1 209.6 208.9 204.9 197.6 188.6 182.1 176.6 176.1 173.7 172.9 163.3 165.6 159.3 157.3 153.3 150.7 140.8 131.1 125.4 121.9 123.5 127 123.6 128.1 130.4 135.3 141.8 146.5 152.7 157.9 164.7 174.7 184.1 194 202.7 212.6 223.3 231.4 238 242.1 244.8 253 260.6 266.6 271.4 278.1 285.6 297.9 309.4 320.7 327 328.5 327.8 322.2 319.8 326.1 331.2 337 343.4 352.4
313.1 308.8 307.9 305.4 302.8 300.3 300.1 300.2 299.6 297.8 292.8 284 273.6 263.5 252.4 240.6 230.7 220.5 216.9 210.7 206.2 198.6 190.1 185.1 179.1 176.7 174.8 169.2 163.6 158.9 156.2 152.5 142.4 132.4 126.9 123.9 124.2 124.1 125.5 131 132.3 126 128 134.5 139.8 144.3 149.9 155.5 162.1 170.5 178 184.4 193 205.9 216.8 225.2 230.9 233.7 234.4 240.4 247 254.2 256.6 263 273.7 287.1 298.5 308.7 313.4 315 309.5 306.5 311.5 316.8 323.9 333.3 340.8 349.6
316.9 315.1 312.9 312.2 311.2 310.4 309.7 310.1 308.8 306 300.6 288.9 278.9 271.9 257.2 242.9 234.7 224.6 218.2 212 206.8 198.1 192.4 185.5 180.7 177.2 173.3 167.2 160.2 156.1 153.6 146.4 132.4 127 125.5 126.6 122.2 126.4 132.6 134.8 135.9 136 126.7 132.8 137.5 142.4 146.4 150.5 157.2 164.5 172.6 178.7 187.8 200.1 211 218.8 224.9 226.6 227.8 232.9 234.7 240.3 248.2 254.5 267.4 278 287.1 295.7 301 298.8 293.1 295.9 301.9 312.2 322.4 332.1 340.8 349.1
319.5 320.3 318.6 318.6 319.6 322.1 320.1 319.1 316.6 312.6 305.2 294.7 285.1 275.2 261.5 247.4 237.1 227.9 220.3 213.3 206.9 199.3 193.6 186.4 181.1 175.5 167.6 161.7 158 153.8 136.6 132.5 124.8 122.9 125.7 125.2 125.8 128.9 135.5 138.3 139.7 140.4 139.6 132.5 132.5 137.7 142.5 147.8 153.6 159.7 167.4 173.5 184.7 196.6 206.7 214.6 218.3 219.4 221.1 223.3 227 232.2 239.4 249.2 259.6 267 275.1 282.7 287.7 282.5 279.3 288.6 300.4 310.9 321.4 331 339.2 346.8
323 322.4 322.6 324.2 326.5 327.8 327.9 326.2 322.5 316.2 308.3 298.3 287.3 277.7 264.2 252 240.8 230.5 222.3 215.4 208.6 200.9 194.5 186.6 181.1 172.4 162.2 158.4 150.3 128.4 127.2 127.2 127 126.2 125.8 126 129.5 134.9 138.3 141.1 144.8 147.5 144.9 140.6 139.5 135.3 139.5 145.2 150.9 157.9 164.6 172.1 182.8 192.8 202.8 208.7 212.3 211 212.6 214.7 218.4 224.5 233.3 242.4 248.9 257.1 263 271 272.8 267.6 276.5 288.6 297.3 307.5 317.7 328.2 336.4 344.6
326.3 327.1 326.8 327.9 332 333.9 333.3 330.8 325.3 316.6 309.1 298.3 288 277.7 265.3 251.6 240 230.8 222.8 215.7 207.9 202.4 194.4 186.6 180.1 172.6 160.5 154 129.2 128.7 128 127.7 127.4 126.7 129.2 131.9 134.9 137.9 141.6 146.2 150.5 152.3 152.4 148 142.8 138.6 138.6 142.2 149.1 156.2 164.9 172.4 180.6 189.5 196.9 202 204.1 203 202.3 204.7 210.3 217.9 225 233 236.6 243.9 254.4 258.6 262.9 260.3 276.2 288.5 294 303.7 313.6 323.4 332.3 341.6
329.1 328.6 329.8 332.2 335 337 336.4 332.9 325.9 316.7 308 297.4 288.1 277.1 263.2 250.9 239.4 229.5 221.9 215.1 207.3 201.7 196.6 186.9 181.4 172 157.4 135.6 129.8 128.7 128.2 127.9 127.4 129.4 131.8 135.9 139.7 143.7 148.5 152.3 155.5 157.7 157.9 154.9 149.5 146.8 142.7 139.7 146.7 156.1 163.5 171.9 178.9 185.4 189.1 194.6 196.1 195.5 193 195.7 199.4 205 211 219.9 224.7 230.5 241.3 247.2 244 257.3 274.8 287.3 291.8 300.1 308.1 317.2 326 335
330.2 329.5 331.1 334.2 336.7 337 335.2 329.4 322.1 314.4 305 293.7 283 272.8 259 246.6 237.6 227 221 212.3 205.4 200 193.1 185.6 177.3 167.3 149.5 127.6 129.4 129.4 128.7 129.2 130.8 130.7 134.9 138 143.3 147.4 151.9 156 159.2 162.6 162.3 161.3 156.8 152.6 149.2 149 145.4 151.8 161.1 167.8 174.3 179.1 184 187.5 188.8 186.4 184 186 188.8 193 197.5 201.8 209.1 218.8 226.8 235.9 235 252.8 270.5 281.4 287.3 296.3 304.2 309.4 315.2 321.8
326.1 327.4 331.2 334 335 332 328.6 323 315.6 307.3 299.6 287.8 277.7 268.3 257.4 245.8 234.5 227 217.3 210.4 202.9 198.1 190.5 183.7 174.6 161.2 148.3 130 130 129.9 130.9 131 131.4 134.1 138.6 142.2 145.9 151 155.7 160.1 164.4 166.4 166.7 166 161.6 158.4 155.4 152.3 151.1 151.3 152.9 159.7 164.6 168.6 173.9 179.2 181 178.3 178.9 180.8 183.6 185.4 188.1 188.3 195.8 205.5 215.6 218.1 236.3 251.6 264.4 274.1 282.1 291.1 297.2 296.9 303 310.1
322.6 322.5 327.5 330.1 330.3 326.2 321.1 314.4 306.8 298.7 291.3 281.8 272.5 263 252.1 243.5 232.6 223.9 215.3 207.7 199.4 195.7 188.6 178.2 169.3 160.2 147.1 128.2 130.6 131.2 131.6 132.2 132.1 138 140.8 145.1 148.8 153.5 158.4 163 167 170.2 171 170.6 167.3 163.2 159.6 157.9 158.6 158.3 158.5 163.3 166.6 166.6 165.4 170.1 173.2 172.6 178.7 179.9 188.1 191.3 199.3 203.1 191.3 198.7 205 219.1 234.7 248.2 258.4 267.2 273.6 282.6 286.4 286.6 292.5 302.1
315.5 316.2 321.1 323.1 322.2 318 311.3 304.2 296.2 290.6 281.1 275.4 267.4 258.3 248.3 239.8 231 221.5 213.3 206.6 199.1 191.8 183.7 175.7 167.3 158.8 145.2 132.7 130.4 131.9 132.1 133 132.2 140.3 144.4 147.8 150.7 154.6 159.6 164.1 168.2 171.8 174.4 173.6 171.7 169.6 165.8 165 165.7 168.7 168.8 172.1 174.5 175 177.6 177.3 182.2 187.9 194 198.5 203.7 211.8 217.4 216.9 211.7 201.2 200.2 212.7 226.1 238.7 249.8 257.8 264.9 269.5 272 273.4 280.6 290.4
306.6 309.3 313.7 314.1 312 306.1 299.6 293.5 286.7 280.6 274.7 269.5 263.2 255.9 247.5 238.8 228.2 219.5 211.7 204.4 197.6 189.5 182.8 174.7 166.2 155.7 145 137.8 133.7 130.3 130.8 132.6 135.9 142.8 146.7 148.1 150.7 154.5 159.3 163.1 167.3 170.9 174.1 175.1 174.7 173.3 171.8 171.1 173.1 177.4 176.5 179.6 182.1 185.3 188.8 194.4 200.8 210.5 217.1 222 227 233.3 231.1 227.9 222.3 212.8 196.3 207.5 218.3 228.3 237.4 244.1 252.3 259.3 261.7 266.1 271.9 280.3
298.1 300.9 303.7 302.9 299.8 293 286.2 279 277.7 275.2 270.9 266.4 261.9 252.6 246.4 238.2 227.2 218.2 208.4 202.3 195.4 186.6 179.3 171 163.3 152.8 143.4 138.8 135.7 138.5 136.4 133.9 131.3 141.6 145.3 148.4 151.4 154.8 158.6 161.2 165.5 168.8 172.3 175.6 176.9 177.1 177.7 178.4 180.9 184.3 186.4 187.9 191.1 194.3 198.9 208.9 216.9 226.3 235.5 242.3 245.4 246.8 244.4 239.4 232.3 224.7 213.6 202.7 210.3 217.8 223.4 228.8 237.1 244.8 249.5 255.6 261.6 272.2
287.1 289.1 289.7 286.9 284.6 275.1 269.5 269.5 271 270.2 267.7 264.1 259 252.3 245.5 238 225.6 215.4 206.9 199.6 192 183.7 175.1 165.6 157.3 150.2 143.7 139.1 139.2 141.8 142.4 142.5 136.2 130.1 146.6 148.7 151.1 154 156.6 160.5 163.9 167.6 171.7 175.8 178.7 181.4 181.6 183.4 185.7 189.6 193 198.3 201.7 204.1 210.1 218.8 225.7 235.4 246 252.7 255.8 256.9 254.4 250.8 243.1 234 224.8 216.8 210.2 209.3 213.2 218.7 223.3 231.6 238.9 245.5 253.4 264.3
273.3 275.8 275.3 273 266.1 260.9 260.9 263.7 264.9 265.5 264.6 261.9 258.5 253.1 245.6 236.4 225.7 214.9 206 193.2 190.4 182.8 170.8 161.9 155.2 148.7 142.8 140.7 141.7 144.4 145.1 142.2 143.4 138.2 142.9 147.7 149.8 151.7 155.4 159.1 162.9 165.9 170.5 176 180 182.4 185 186.5 191.1 196 200.2 205 208.9 215.2 220.5 225.3 234.7 243.7 253.9 260.5 263.5 265.1 263.3 260.3 253.6 242.7 232.7 224.4 218.5 216 214.4 211.7 213.9 223.3 230.4 238.8 247.2 257.1
259.6 260.8 261 260.9 253.4 253.5 252.7 255 256.2 257.4 260 259 258.2 254.2 245.6 236 225.1 213.8 204.3 195.6 186.8 179.1 170.4 162 156.6 148.2 143.7 141.6 142.3 140 136.1 136.8 141.3 139.9 143.3 148.3 150.4 151.8 155.2 158.9 161.7 164.7 170.5 175.5 181.1 184.9 187.8 190.1 195.3 201 206 210.8 216.3 221.7 228.8 235.9 243.2 250.1 259.6 267 270.4 272.2 270.6 267.4 261.1 251.5 240 230.9 225.6 222.1 220.8 220.8 219.4 218.4 223.9 232.4 243 252.6
246 245.7 244.3 243.1 243 244.1 244.8 244.3 246.9 250.8 253.5 255 254.6 250.4 244.3 232.6 221.2 211.2 201.3 192.3 184.8 179.2 169.2 163.9 157 150.4 144.6 143.2 143.2 137 136.9 136.9 136.6 141.7 140.4 147.1 151 154.2 158.6 160.4 163.2 164.1 170.1 176.1 180.7 185.7 189.3 193.2 198.5 203.2 209.5 215.7 219.6 228.3 234.8 242 248.8 256.5 263.7 271 275.3 277.5 277.4 274.3 267.7 258.2 246.8 238.5 231.4 229.1 226.6 227.7 226.4 224.6 220.9 228.1 237.8 245.3
234.4 235.5 233.9 234.7 232.7 232.9 234.5 233.8 237.3 242.5 247.9 250.3 249.8 246.5 238.7 229.3 217.8 207.5 197.9 188.8 181.5 175.5 169.7 164.5 160.1 156.3 147.4 144.3 142.4 137.8 137.4 136.7 135.2 134.2 134.6 147.1 152.5 155.8 160.1 162.3 165.9 168.5 169.2 174.8 180.8 186 190.2 194.8 200.2 204.6 211.6 218.9 226.5 232.8 239.4 248.1 254.6 261.5 268.7 275.4 279.2 281.6 281.8 280.1 275 266.3 254.5 245.1 239.9 237 235.8 233.5 233.5 233.3 230.7 225.1 230.1 239.7
225.5 224.7 224.3 225.1 224.4 223.7 223.7 223.8 226.3 233.2 240 242.8 243.8 241.6 232.9 222.5 212.4 202.2 194.2 185.4 180.2 173.8 169.2 167.2 164 159.9 153.8 145.8 144.5 137.3 137.4 137 135.9 134.3 142.4 149 152.9 156.7 161.1 166.2 169.2 172.1 173.8 174.4 180.4 185.8 190.4 195.2 201.2 206.8 212.8 220.7 228.9 236 244.1 253 260.3 266.8 275.3 281.8 284.6 286.9 288.3 286.8 280.6 273.1 263.3 253.6 249.4 247.7 245.9 244.3 241.4 242.1 239.9 232.5 229.8 230.4
217.2 217.5 217.1 215.5 215 214.1 217.2 216.6 218.8 224.1 231.1 234.8 235.8 232.1 225.8 215.6 205.3 197.6 189.7 182.9 178.9 174.8 173 170.8 167.2 164.4 158.4 149.1 146.1 139.1 137.6 137.4 136.6 134.5 144.5 148.6 152.5 157.1 162.5 167.8 173.2 176.4 177.9 180.3 179.9 185.5 190.5 195.5 201.6 207.2 212.8 221.8 230.9 239.1 246.8 256.2 264.1 272.3 282.3 287.4 288.9 292.9 294.9 293.5 291.8 284.2 271.8 262.7 263.6 261.7 260.2 257.6 255.2 250.7 248.4 242.8 237.6 236.3
210 208.9 207 207.1 206.7 208.3 209 210.8 211.1 216.6 224.8 228.6 227.9 224.2 217.6 209.7 199.2 191.4 186.1 181.6 178.1 175.9 175.8 174.6 170.8 167.1 161.8 153.2 147.8 138.2 137.7 137.4 137.2 135.2 143.7 147.7 153.2 158.5 164.3 168.8 174.5 180.2 182.8 184.1 185.7 186.9 191.3 195.6 201 207.8 213.4 222.6 231.8 242 248.1 257 266.9 277.1 285 290.5 293.7 297.8 300.4 300.3 299 293.7 283.8 280.4 281.2 279.2 277.8 274.2 270.6 263.8 258.1 254.6 248.4 246.9
202.9 201.5 200.3 199.3 198.3 200.2 202.6 205.6 205.6 211.2 215.2 220.3 219.6 212.7 207.9 199 190.8 187.2 183.2 179.7 177.4 176.3 176.5 175.3 172.5 168.7 166.3 157.9 148.3 138.5 138.3 137.6 137.6 136.4 141.1 147.5 152.7 158.3 163.1 169.3 175.1 182.1 185.2 189 189.5 190.2 191.9 195.9 200.6 207.2 213.1 221.1 231.7 242.1 249.2 258.7 267 276.7 285.5 291 296.9 301 303.1 306.7 305.7 301.9 298.8 297.6 300 298.7 300.7 300 291.3 282.6 270.6 265.9 260.9 262.1
