public/OST50/NO68.asc
ncols 200
nrows 200
xllcorner 360000
yllcorner 780000
cellsize 50
[rows 140 to 174 of 200, columns 0 to 77 of 200]
301 288.9 277.5 276.4 279.7 300.7 321.9 336.5 345.2 347.4 343.6 341.1 338.8 338.3 336.2 333 329.6 320.5 310.4 302.5 297.7 291.9 287.7 283.6 279.2 273.6 267.4 261.8 258.1 255.1 248.8 246 248.4 248.8 252.8 261.3 279.1 293.8 309.2 324.2 333.3 339 341.7 341.4 343.3 345.5 348.9 351.5 354.7 357.9 361.6 364.7 362.8 361.5 362.9 363.9 365.6 364.1 361.9 357.8 350.8 341.1 326.6 315 305.3 297.3 290.6 286 283.2 282.8 281.8 280.9 278.5 274.7 274.5 286.1 297.6 303.6
305.3 292.1 276.6 275.4 283.9 293.3 311.1 329.4 336.8 337.9 334.3 330.6 328 326.7 324.5 317.1 310.5 303.6 296.9 289.7 284.3 281.4 275.9 274.6 271.9 266.9 262.7 258.5 254.9 252.3 252.4 251.1 253.3 251.2 257.7 274.1 288.7 303.7 315.9 330.1 338.2 343.6 346 345.8 348.9 351.6 355.8 360.5 365 370.2 375.5 376.9 377.3 377.9 379.5 381.9 382.8 380.9 378.2 374.2 367.7 359 345.5 332.6 322.9 312 305 297.7 295.3 293.2 292.1 292.3 289.9 285.7 280.9 294.8 304.6 309.5
312.7 299.6 276.4 274.5 275.3 287.2 298.5 315.6 325.7 327.9 324.5 319.3 315.6 311.1 309.4 301.8 294.5 290.1 285 279 273.9 269.9 268.7 266.9 264.5 261.6 258.9 255.1 253.6 252.2 257 252.1 253.6 253.3 261.3 278.8 292.5 303.8 314.7 327.6 336.4 341.4 344.5 346.7 350.6 354.5 359.7 365 372.2 379.8 383.2 389.8 391.4 393.5 394.6 396.3 396.3 394.8 392.9 387.8 381.5 375.2 364.4 351.1 340.3 329.6 323.7 314.7 311.3 309.6 306.8 305.1 301.5 298.6 295.4 305.3 313.1 317.4
319.8 307.1 286.4 274.2 274.1 278.9 287.7 300 312.1 314.8 312.3 306.8 303.7 297.8 291 288.9 285.4 279.8 275 270.5 267.3 265.3 263.8 262.2 259.2 255.7 252.8 250.2 257 257.5 259.6 269.2 257.4 255.5 262.2 276.4 288.9 300.4 312.1 322.2 330.7 335.6 340.4 343.8 348.9 353.9 360 367.4 376.8 385.1 390.8 396.8 400.8 405 406.4 406.4 407.6 407.1 404 399.3 393.8 388 379.9 368.5 357.2 346.7 339.2 335.6 333 328.1 325.9 322.7 318.2 314.2 307.3 315.4 322 325.1
324.3 310.2 291.6 272.4 273.4 272.6 280 287.3 297.9 304 300.7 296.3 287.5 282.5 280.6 278.3 275.1 270.7 266.9 265.3 263.8 262.3 260.8 257 253.9 258.1 259.6 259.6 260.5 259.6 261.9 273.2 273.7 259.1 260.2 273.4 285 294.7 305.5 315.7 322.5 329.1 333.2 336.6 344 351.9 358.8 369.7 377.9 386.9 394.7 399.4 405 408.7 411.5 413.6 415.2 415.3 412.5 408.8 405 400.1 391.7 381.6 373.9 364.1 358.1 355.4 352.1 348.1 342 334.8 329 326.2 321.4 326.4 331.1 334.2
326.2 311.7 296.6 278.9 271.3 271 271.1 279.5 286.8 292.2 291.1 285.2 277.3 274 272.6 270 268.3 265.6 263.5 261.3 259.8 258.5 256.3 255.3 261.3 263 263.5 263.3 263.5 263.4 263.6 266.3 267.9 273.4 257.9 264.9 277.8 286.9 297.1 307.1 315.8 321.1 325.3 330.1 338.7 346.7 355 366.2 376.2 385.3 393.6 399.2 404.2 407.6 411.1 414.2 417.6 419.7 419.3 417 413.8 409.6 404.3 397.6 387.3 382.1 379.2 377.3 371.8 364.9 356.8 348.7 342.9 336.4 331.9 335.2 340.8 343
327.3 314.1 297.6 285.8 277 271.6 269.9 269.8 276.8 283.3 282.9 275.7 271.9 269.6 266.8 264.8 263.8 262.6 261.4 260.8 258.1 258.2 258.3 265 266.9 268 268.8 268.2 268.7 268.5 268 268.6 268.8 270.2 273 265.3 262.6 276.7 290.7 299.4 307 313.2 318.1 325 333.4 340.8 350.4 359.1 370.8 378.5 389.5 395.4 399.7 403.5 407.8 411.8 416.4 419.5 422.1 422.5 420.9 418.2 415.3 411.5 406.3 398.9 395.7 392.6 386 377 368.8 359.1 352.8 347.3 341.1 344.4 349.3 350.4
327.5 312.9 298 288.7 283.2 279.4 274.3 269.2 269.9 273.4 277.4 273.6 267.1 266.3 265.4 264 263.3 262.7 261.2 259.8 257.4 259.1 265.7 270.2 272.9 274.9 275.7 275.8 276 276.9 276.7 276.2 277.9 278.9 280.2 278.8 272.4 266.4 278.1 288.7 299.5 307.1 313.2 321.1 328.5 335.8 344.2 352.7 362.6 371.5 379.8 387.9 393.4 397.9 402 407.4 413.8 418.7 423.2 425.8 427.6 427.9 425.9 423.7 419.4 414.5 410.5 404.9 398 387 378.7 370 362 354.7 351.5 353.8 357.4 356.8
325 312.1 296.1 291 286.2 285.8 280.6 274.9 267.4 268.8 266.3 263.3 263.4 262.4 262.4 261.7 261.8 262.6 261 259.4 259.3 265.3 270.7 275.3 280.9 282.3 283.2 283.3 283.7 286.2 288 288.1 290 289.2 289.2 288.5 284.5 274.1 268.8 279.3 292.5 303.1 309 315.8 323.9 330 337.2 349.8 358.1 364.6 373.2 381.1 388.2 393.5 398.9 405 412.4 419.3 425.5 430.1 434.1 437.3 438.3 435.1 431.8 427.2 423.3 415.9 405.8 396 386.9 376.3 368.5 361.4 358.8 361.4 363.3 362.8
324.5 310.4 295.6 293 291.8 294 291.4 283.7 278.6 274.1 277.3 274.8 269.8 267.1 264.9 262.5 261.3 260.6 260.5 259.5 265.9 269.7 275.7 280.8 286.5 288.6 290.3 291.7 293.4 293.7 298.1 300.2 300.6 298.5 297.4 295.8 291.6 281.8 271.8 271.9 287.1 298.5 305.2 314 321 329.7 337.5 347.2 354.1 360.8 370.9 378.2 386.2 392.9 400.3 407.1 413.9 422.1 429 435.1 440.5 446.1 449.5 449 446.4 441.2 434.1 425.4 414.3 402.6 392.8 381.1 375.2 368.6 367.3 369.4 370.6 368.5
323 308.1 297.7 296.6 298 302 300.5 297.1 292.4 288.7 285.4 280.3 275.9 272.6 275.7 263 263.7 263.8 261.6 261.3 270 274.7 280.2 286 292.7 296.5 296.5 298.4 301.4 303.8 307.5 309 308.3 306.4 303.4 300.3 297 286.8 278.4 272.8 280.3 293.1 304 311.9 319.9 328.5 337.4 345.8 354.5 362.7 370.3 379.7 387.7 394.7 402.4 409.5 418.7 427.1 434.1 442.1 450.6 458.8 461.4 459.5 457.3 452.2 444.4 433 419.6 409.3 396.3 386.5 380.9 377 376.3 378.2 378.1 375.3
321.4 307.8 300.8 302 307.5 307.5 306.7 303.1 298.7 294.9 288.3 283.9 278.8 274.2 266.8 263.2 265.4 265.6 266.2 269.6 274.2 279.5 286 291.7 300.5 305.2 303.6 306.1 310.3 312.5 313.8 314.9 313.6 311.1 307.6 303.6 299.1 287.9 281.5 273.7 284.2 300.5 309.5 316.9 323.3 331.6 339.2 347.4 356.1 363.5 372.6 381.8 390.4 397.8 406 415.3 424.9 433.9 442 449.8 460.6 467.4 472 471.9 467.8 461.8 449.7 438.7 423.9 409.8 400.7 391.9 387.4 385.1 385.8 387.9 386.1 382.2
319.7 308.5 305.3 306.8 309.5 311.2 311.2 306.7 301 296.5 290.3 286.9 279.4 270.5 265.6 270.3 270.8 269.7 270.1 274 278.3 284.3 292 301.7 308.6 311.5 312.4 312.9 316.8 318.4 319.6 319.3 316.9 314.8 311.1 305.8 297.2 286.8 279.6 279 293 305.9 315.3 324.6 331.5 338.1 344.1 352.7 361.8 370.4 380.7 389.4 396.9 405.8 412.9 423 432.1 440.3 449.9 461.8 470.8 478.4 482.4 479.9 476.1 468.8 455.9 442.6 426.4 415.4 406.8 399.1 395.4 394 395.3 398.3 394 388
322.7 314.1 310.9 312.7 314.4 312.8 310.6 306.8 301.3 296.6 291.5 286.2 279.6 272.3 269 275.5 274.6 275 273.9 278.5 283.5 289.9 300 309.8 314.7 317.6 319 319 321.6 322.9 322.7 322.1 320 318.4 314 307 296.2 285.3 275.6 283.4 300.3 312.3 322.2 331.6 341 346.9 353.9 364.3 374.5 385.9 393 401.9 409.9 416.3 423.6 430.7 438.8 448.9 459.4 471.8 482.1 487.3 490.6 487.6 481.1 472.3 459.5 445.5 429.2 419.6 411.9 406.5 404.5 403.7 407.2 408.5 403.5 395
325 317.5 315.6 317 315.7 312.4 309.2 305 300.1 294.7 290.7 284.6 279.1 269.2 268.4 275.3 278.8 279.7 278.8 283.1 288.9 296.1 308 316.1 322.1 324 324.5 323.5 324.8 324.7 324.6 324.9 323.2 319.6 316.2 305.3 291.9 281.9 276 291.6 307 318.3 328 339.4 348.4 356.9 369.1 377.4 388.6 399.4 407.9 414.7 421.3 427.1 435.1 439.9 446.7 458.2 469 480.6 490.6 496.4 497 493.4 486.4 475.3 461.2 447.7 437 427.9 419.7 415.7 414.7 415.5 419.1 418.6 413.5 403.4
326.7 321.5 319.7 320.1 317.9 312.4 308.4 302.5 296.5 292.3 287.8 282.4 277.5 270.2 270.7 277.2 282.4 285 283.6 287.6 294.3 303.6 313.6 322.5 328.6 329.3 328.4 325.9 326.8 326.7 325.2 325.2 323.4 319.9 315.1 301.5 289.5 281.8 282.2 300.1 312.1 322.7 335.6 347.2 359.7 371.3 380.7 392 401.5 410.4 418.1 425.3 431.8 438.9 446.8 451 457.3 468.7 479.6 491.3 500.8 504.6 504 499.5 490.6 477.3 464.1 451.6 442.1 434.2 428.8 424.2 425.5 427.6 430.1 428.7 422.4 412.3
328.1 325 323.3 320.6 317.1 311.9 305.8 300.5 292.6 286.9 282.4 279.6 275.4 269 275.8 284.1 290.1 292.7 290.4 292.5 300.3 310.3 318.2 329.2 333 332.5 329.7 326.4 325.5 325.2 323.7 322.5 320.8 317.4 310.1 296.5 286.9 280.8 289.1 303.3 315.2 328.1 342.7 355.6 371.4 380.5 391.4 401.6 410.1 418.6 426.2 434.9 439.9 448.3 455.8 461.5 470.6 479.4 490 502.1 508.6 512.2 509 503.8 492.2 479.6 465.4 455.1 446.9 441.2 437.9 435.4 435.8 438.3 440.5 437.5 430.5 421.3
328.5 326.4 324.1 320 315.8 310.3 303.6 296.7 287.2 279.4 276.9 275.3 272.4 272.8 280.5 290.9 295.1 299.7 299.7 300.5 307.1 312.6 323.4 334.2 338.5 336.7 331.3 326.1 323.4 322.1 320.2 318.1 316.4 311.9 302.6 291.4 281.1 288.2 298 309.5 318.5 333 347.1 364 377.9 389.3 399.5 408.7 415.5 423.9 432.8 441.1 446.8 456.5 465.4 470.9 478.6 488 499.4 510.3 515.5 518 513.6 505.8 493.8 483 469.6 460.1 451.3 448.3 447.2 447.7 446.8 449.7 449.2 446.3 439.5 430.4
325 324.1 323 319.5 314.5 308.8 299.2 290.9 281.9 275.1 274 272.9 272.7 276.8 286.5 294.8 300.1 304.8 306.7 307.1 311.3 317.1 327.1 337.6 342 340.5 332.5 325.1 320.3 318.4 316 313 309.9 303.7 295.4 282.3 290.4 297.6 306.1 315.6 324.5 336.8 350.3 367.9 381.8 395.9 405.9 413.7 420.7 427.5 437.6 444.9 453 463.1 471.3 478.7 487 498.4 507.1 515.8 522 522 516.4 507.2 496.3 484.9 474.7 464.4 456.7 455.1 454.3 458 458.2 459.1 457.5 453.7 446.9 437.8
321.8 319.6 318.8 316.4 311.6 304.3 293.4 277 276 280.3 278.1 278.4 274.7 279.4 289.8 297 305.4 311.9 312.6 312.3 314.5 322 334.1 343.3 345.7 343.4 334.5 325.8 319.7 315.6 312.4 308.1 304.6 297.9 288.5 290.1 298.4 307.4 314.8 323.3 331.5 341.5 354.1 370.1 386.5 400.2 410 416.5 424.7 431.7 440.5 448 455.7 465.8 476 484.4 494.5 503.4 511.1 519.2 523.8 523 516.8 506.9 496.1 486.7 477.9 471 463.9 462.4 466.1 466.8 466.2 467.2 465.2 460.3 453.4 444.1
318.5 314.1 313.6 311.8 304.8 295.6 283 279.1 281.2 284.5 285.1 282 279.9 281.7 292.7 302.6 311.2 317.1 317.4 317 320.7 328.8 341 348.6 351 345.6 336 326 318.8 313.7 308.9 304.6 300.5 294.7 284.8 294.1 303.9 313.6 323.6 331.8 340.2 350.2 364.7 378.5 391.7 403.3 413.5 420.5 427.1 435.4 444.2 449.1 457.7 467.2 477.4 486.9 497.6 507.2 514.4 520.8 523.7 521.6 515.1 506.6 496.7 488.2 481.8 475.7 469.5 470.8 473.7 473.3 473.8 473.3 471.8 465.9 457.1 447
315.6 309.8 304.3 303.4 295.4 287.3 280 283.5 287.1 289.5 288.9 287.3 284.7 283.2 294 304.6 314.9 321.5 323.6 324.8 331.4 339.5 349 355.7 354.4 348.4 339.3 327.1 318.7 312.4 307.5 302.7 299.1 291.8 287.2 297.6 308.4 319.3 329.1 338.5 350.1 364.7 379.3 391.8 400.2 410.7 417.3 423.7 430.2 437.8 445.2 450.2 458 467.7 476.3 486.1 497.4 508 515.1 520.7 523.1 519.4 513.2 504.8 496.6 490.8 486 481 479.5 479.8 479.5 478.5 478.8 479.8 474.3 468.4 458.8 448.2
310.7 304.4 297.4 293 286.9 281.1 287.5 293.9 297.7 295.1 294.7 291.5 287.4 285.3 294.3 302.9 313.8 324.2 329.5 334.5 343 351.4 358.2 362.8 359.6 352.4 341.3 329.3 320.3 313 307.1 302.4 297 290.8 287 300.1 312.3 323.4 334.2 345.8 360.9 378.1 391.9 402.4 411.2 418 421.2 427.4 432 438.1 444.9 449.9 458.2 466.5 475 483.7 496.2 506.5 513.7 519.2 520.6 516.1 510.4 503.7 497.3 491.2 490.2 487.4 485.6 484.3 483.8 482.2 481.5 479.9 473.3 466.1 457.1 444.7
303.8 298.2 292.4 286.9 282.9 290.6 300 303.4 305.1 302.5 301.5 295.9 290.3 288.6 298.7 308.1 316.1 326.8 334.4 343.3 353.3 361 367.4 369.3 364.7 355.9 344.2 331.8 321.7 314.3 307.3 302.2 295.8 287.8 292 301.9 313.2 325.9 338.6 353.5 370.2 387 399.2 410.5 419 424.7 427 429.8 433.6 438.7 442.8 448.6 456.7 465.1 472.1 480.9 492.3 503.5 511 515 514.8 511.7 506.2 499.9 497.1 493 491.7 490.4 489 487.4 485.8 484.2 482.1 477.1 470.1 460.9 452.9 440
298 293.1 289.2 283.8 290.1 301.3 306 309.9 310 307.5 307.1 300.8 291.9 292.8 302.9 318.7 324.2 334.6 342.6 352.5 360.8 368.8 374.9 376.3 369.7 359.4 346.4 334.8 324.9 315.5 306.8 302 296.7 288.3 292.9 301.5 314.2 326.5 342.2 359.9 376 390.8 405.2 416.4 425.9 430.2 430.8 431.8 434.6 438.1 440.9 446.1 453.1 462.6 469.7 478.3 489.5 498.4 505.2 507.6 506.4 504.8 500.7 497 494.8 493.1 492.8 492 490.6 488.6 485.9 483.1 478.2 471.9 464.1 457.2 446.4 433.9
295 292.5 291.2 285.4 298.1 308 312.6 316.5 316.6 314.3 310.7 302.9 294 299.9 316.8 325.5 334 343.9 351.7 359.2 368.1 374.1 380.6 381 374.7 362.7 348.3 336.2 326.8 316.9 308.8 302.7 298.1 292 294.1 301.4 314.9 327.5 342.2 358.5 377.8 393.9 409 420.5 429.5 432.5 431.5 430.5 433 435.9 438.8 443.5 450.5 458.4 465.4 474.8 484.6 493 497.6 498.8 497.9 495.8 492 490.7 491.9 491.5 491.7 490.2 487.9 486.2 483.2 478.3 472.8 465.7 457.4 449.7 437.9 425.8
299 295 287.9 291.4 307.2 314.8 319.5 321.5 320.3 317.6 312.5 303.7 293.5 305.9 325 335.1 341.7 349.1 358.9 366.6 372.7 378.9 384.4 383.4 379 364.9 349.5 339 329.9 319.5 309.2 303.6 299 293.8 292.5 301.7 314.8 327.7 343 358.7 378.4 393.8 411.7 422 428.9 429.6 428 427.1 429.2 432.9 436 440.5 446.9 455 461.4 469.7 478.5 485.4 489.1 489.1 489.5 485 482.1 484.5 485.9 486.5 486.2 485.7 482.3 481.1 476.5 471.7 465.6 457.6 449.8 440.2 428.8 420.6
305.4 297.1 286.9 298 314.7 322.3 324.9 325.6 324.2 320.2 313.7 304.9 297.2 309.9 326.9 337.7 344.9 354.7 364.5 372.1 377.6 383.5 387.7 384.9 380 366 354.9 343.1 333.5 320.9 312 304.5 299.2 295.5 289.5 301.6 314.7 327.3 341.4 358.1 376.4 393.5 410.5 419.8 425.5 425.5 422.9 421.8 423.1 426.7 430.3 435.3 442 450.8 456.9 464.1 471.6 477.9 480.5 478.9 478.5 474.5 473 474.1 478.5 480.3 480.5 478.1 476.3 471.8 468.3 462.8 456.1 448.9 440.7 431.7 424.1 414.4
304.2 293.2 288.5 306.2 322.8 329.9 331.8 330.5 327.3 321.8 313 304.9 304.3 308 320.3 333.9 345.7 357.5 368.3 375.1 381.6 385.2 389.6 387.1 381 368.1 358.3 346.3 336.2 323.6 313.1 305.8 300.8 297.1 292.6 301.7 315.4 327.6 340.9 355.9 373 391.6 408.3 416.8 421.8 419.7 417.6 415.2 415 418.5 423.2 429.3 436.5 445.3 452 457.7 463.2 468.3 469.2 468.7 466.1 463 462.5 467 469 472.1 472.3 470.7 467.2 461.3 457.4 454 449.2 442.5 436.2 428 420 410.3
300.7 290 298.6 310.3 325.5 335.9 338.2 335.3 329.7 321.5 311.4 306.4 309.5 324.4 333.3 329.8 344.9 357.6 367.3 374.8 382 386.3 390.5 387.1 379.7 370.3 361 349.4 338.7 325.6 313.9 307.9 302.4 298.6 291.3 301.2 315.8 328.9 342.1 355.6 371.5 389.7 404.4 414.1 415.6 413.7 411.2 407.9 406.5 408.8 414.7 422.7 430.4 438.2 445.2 450 455.2 457.6 457.2 454.4 454 452.4 452.9 456.6 459.1 460.1 459.4 458.9 454.8 451.6 450.6 448.7 444.5 437.7 431.4 424 416.1 407.2
297.1 292.5 306.1 314.1 322.3 339.7 344.5 339.4 331.6 320.1 311.6 308.8 313 336 343 344.5 343 355.9 364.7 372.2 380.1 385.9 389.4 385.9 378.4 372.4 362.6 352.1 340.1 327.5 315.1 308.6 303.8 299.9 292.7 301.1 316.9 330.1 344.3 357.2 371.4 388.2 399.6 407.9 408.8 405.7 402 398.4 396.2 400.1 404.8 414.3 422.8 430.6 436.9 440.6 444.4 445.6 443.6 441.6 441.3 440.8 444 446.4 449 449.4 450 449.9 447.8 445.9 445 442.2 439.1 434.3 427.8 420.7 412.6 405
294.5 298.4 306.7 324.1 332.4 342.5 347.6 342.7 332.1 324.6 318.2 317.6 323.8 338.3 349.1 352.3 346.3 356.9 365.2 372.9 379.7 383.8 387.2 383.9 377.9 372.5 363.3 353.9 341.7 328.2 316 309.4 305.5 300.4 296.5 302.1 317.2 330.1 346 359.8 372.8 387.4 395 399.8 399.5 396.1 391.6 390.2 387.8 389.3 395.8 404.5 414.1 422.3 426.8 430.1 431.7 431.9 429 428.8 429.4 430.9 432.2 438.3 442.2 443.1 444.3 442.3 440.1 439.6 440.1 439.3 436.2 430.8 424 417.1 409.6 402
304.4 310.3 312.8 323.6 337.4 350.6 352 347.3 344.4 338.2 336 334.9 333.8 342.9 353.5 358.4 356.8 363.6 367 372.5 378.9 383.4 383.8 382.1 376.5 370.7 363.6 353.1 341.8 328.5 317 310.8 306 301.6 294.6 300.5 314.6 330 346.1 360 370.4 381.3 387.7 391 391 387.2 381.7 379.8 380 381.4 386.3 393.9 403.6 410.5 413.1 415.2 417 418.3 419.3 420.2 422.7 422.7 429.6 433.2 437.4 438.8 438.9 437 436.1 436.3 436.7 436.6 433.5 427.5 421 414.5 408 401.8
315.4 321.7 325.3 336.5 344.6 357.9 358.3 356.4 358.8 358.6 355.4 350.6 341.8 351.1 359.2 365 364.2 361.4 370.1 372.9 377.3 380.7 380.3 378.3 374.1 369.5 361.7 352.1 340.6 328.8 318.9 311.7 307.6 302.1 296.3 299.8 313.1 328.1 343.4 358.4 366.8 374.6 379.8 382.6 381.1 376.3 372.1 370.6 372.4 374.3 376.1 382.9 391 397 399.4 402.4 406 408.6 411 414.4 417.1 421.8 426.6 430.8 434.3 434.6 434.2 432.2 432.8 433.5 433.4 433 429.4 424.3 418.1 411.7 405.7 400
327.5 332.4 344.6 355.1 362.8 367.3 369.4 369.6 371.2 372.6 368.5 362.2 353.4 358 367 370.2 370.2 369.1 372.5 375.3 377.4 378.8 377.5 375 371.3 367 360.4 350.1 339 329.4 320.2 313.9 308.4 302.4 296.4 300.5 309.6 322.9 339.3 352.7 361.7 367.7 370.9 374.4 371.7 364.6 362.8 362.9 363.3 366.3 369.2 372.7 379.2 384.6 389.5 395.4 400.1 402.7 406 410.3 415.5 419.9 424.7 429.2 432.2 431.6 429.8 428.3 429.4 429.7 428.8 428.1 425.1 420.1 415.8 409.4 403.9 399.6
