public/OST50/NO68.asc
ncols 200
nrows 200
xllcorner 360000
yllcorner 780000
cellsize 50
[rows 0 to 34 of 200, columns 78 to 155 of 200]
124.5 124.8 124.2 122.4 120.6 119.1 116.6 117.3 116.3 112.9 111.5 109.9 109.1 108.1 106.2 103.6 103.2 101.2 102.8 103.6 104.1 103.2 101.8 101.6 102.1 104.9 114 113.6 120.4 116.4 115.1 126.7 129.8 132.3 134.8 138.3 140.9 145.8 149.1 150.2 150.7 147.7 141.7 134.1 124.2 101.8 95 96.1 100.5 108.9 124.9 136.6 150.8 164.2 175.2 186.5 195.8 207.3 221.2 230.9 245.1 259.9 275.1 287.6 296.8 297.9 299.5 304.6 306.3 296.9 291.8 289.6 287.5 284.5 281.1 275.9 273 274.4
118.6 119.8 120.7 117.6 117.1 115.2 114.7 113.4 111.8 111.4 110.2 109.9 108.8 108 105.8 103.7 103.6 103.2 102.9 102.9 104.5 103.1 103.8 101.9 105 114.2 113 115.7 117.7 116.5 122.6 129.1 134.4 139.7 141.5 141.5 145.6 149.4 152.5 153.1 154.6 152.8 149.5 144.4 129.9 106.7 95.6 97.1 102.4 108.4 123.2 136.6 151 163.5 175.1 185.7 197.2 211.1 223.6 237.6 250.5 266.5 279.2 291.9 300.5 306.5 310.3 312 310 302.6 296.5 292.6 291.9 287.4 284.5 281.6 280.4 282.6
117 116.8 115.6 114.8 114 113.2 113.1 112.5 112 110 109.2 109.3 107.6 106.8 104.6 103.9 103 103.7 103.3 103.4 105.7 104.2 105.5 105.1 113.9 110.9 114.4 115.2 118.2 119.8 126.4 133.6 142.1 147.9 144.2 146.4 150.8 152.8 155.7 156.7 157.5 157.4 155.2 150.2 133.1 110.8 93.2 98.5 102.9 107.9 121.9 135.8 148 160.7 173.4 185.7 200 213.5 227 240.8 256.1 271.2 282.8 293.3 303.2 309.1 313.5 316.9 311.5 303.4 297.6 293.7 293.4 290.5 287.5 286.9 284.8 287.4
118.9 116.7 116.4 115.3 114.6 114.4 113.2 112.3 111.4 109.9 114.9 110.3 106.3 106.4 105.5 104.8 103.7 103.2 103.8 104 106.7 107.2 108.1 110.5 110 111.8 113.7 119.4 122.2 125.8 133.9 139 142.6 144.8 148 150.9 155.2 157.5 158.7 159.5 160.9 160.7 160 154.8 140.8 114.2 95 98.2 101.5 108.3 118.7 132.3 145.6 159.4 173.2 187.6 200.8 213.8 228.4 243.5 259.1 273.5 284.8 293.5 302.5 308.8 312.7 313.7 308.4 301.3 297 294.6 293.3 291.2 289.5 289.6 288.3 289.8
120.2 123.3 115.8 115.6 114.8 115 113.5 112.8 111.2 112 113.1 114.5 109 105.7 104.6 104.5 103.8 104.2 107.3 111 113.6 118.8 111.1 116.6 122.6 122.8 124.9 130.4 121.2 128.7 139.3 142.2 146 149 150.9 154.4 157.8 161 162.4 163.7 165 165.4 165.7 160.5 144.9 118.6 98.4 95.7 101 107 116.6 128.6 143.4 157.1 172.9 187.6 200.1 214.3 228.4 244.2 258.7 272.3 280.5 289.7 298.6 304 305.6 305 300.7 297.2 294.3 293.8 292.9 291.9 291.8 292.1 292.2 293.3
121.7 120.1 120.1 118.4 116.9 115.5 115.3 113.6 113.2 116.1 112.1 111.1 115.4 109.3 106.3 106.1 107.3 108.6 115.7 120 123.5 117.7 113 126.3 136.6 141.1 147.6 135.9 122.1 131.6 139.1 147 150.7 152.2 154.1 157.4 160.9 163.9 166.2 169.3 170.6 171.2 171.2 165.6 149.5 121.8 99.5 99.3 97.3 107.1 114.6 127.2 141.2 155 171 185.8 200 213.6 228.1 242.1 254.8 266.2 276.4 283.8 291.3 296 296.4 296.5 292.8 291.4 288.3 288.8 288 289.6 292.6 295.1 294.9 296.9
122.8 122 120.5 119.1 120 115.9 118.8 116.3 113.5 113.9 116.6 115.6 111.9 112.9 113 113.4 113.7 113.2 116.5 121.6 117.9 121.4 116.7 119.1 133.3 130.4 137.4 127 124.3 134.7 142.7 148.3 153.1 156.4 158.3 161.3 164.8 167.4 169.6 172.6 176.4 177.8 177.2 171.2 152.6 127.2 104.1 100.8 101.4 100.6 112.8 124.5 137.9 153.3 169 183.9 198.7 211.5 224.7 237.5 248.5 259.5 269.3 276.8 282.5 286.5 285.4 284.7 282.4 282 279.6 280.8 282.2 284.7 287.9 291.3 293.3 294.2
123 121.4 121.4 119.9 118.6 117.1 115.6 115.7 115.4 116 118.2 118.1 122.6 122.5 121.3 123.4 118.1 119.1 120.3 119.6 121.2 125.5 118.1 116.8 124.9 123.6 125 122.1 128.5 139.1 144.8 152.6 158.2 161.6 163 167.5 171.2 173.1 176 178.5 182.6 183.6 182.1 174.7 158.3 136.2 117.3 109.2 103.9 98.3 107.6 119.8 135.1 150.8 165.8 181.3 195.5 206.7 218.9 232 242.1 252 261.3 269 272.6 275.8 276.2 274.6 272.2 271.3 272.7 273.3 274.6 277.4 282 284.6 288 288.2
125 123.3 120.4 120.5 118.3 117.8 120.2 117.3 121.9 129.9 130.5 133 135.6 129.5 128.8 127 125.7 124.7 124.5 122.2 125 125.2 126.1 122.4 122.8 124 123.3 129.9 132.5 140.1 148.6 156.8 161.3 166.3 170.4 174.2 177.8 180.6 183.1 186 188 188.7 185.9 176.9 163.5 142.9 122.1 113.9 109.5 104.5 96.6 115.7 130.7 146.4 161.9 177 190 201.1 213.6 225.6 235.3 242.8 252.4 258.2 262.2 265 265.8 264.7 262.9 262.4 264.3 264.8 266.1 268 272.2 274.7 278.8 280.8
125.7 124.2 121.4 119.5 124 127.2 130.8 133.5 134.7 140.9 146 146.5 148.4 142.9 140.6 138.6 131.6 129.2 126.8 125.4 127.2 127.4 127 121.7 125.3 128.6 132.9 131.7 134.9 143.4 151.4 160.1 167 172.2 174.9 180 185 187.3 189 191.4 192.4 192.2 189.2 180.5 170.8 151.7 132 117.6 112.2 107.9 99.7 109.9 124.2 141.4 156.8 171.4 183.3 195.8 206.9 217.8 226.6 234.4 242.1 247.4 252.3 255.3 255.7 255.4 254.1 254.7 256.2 256.7 257.5 258.4 261.4 266.2 269.9 273.1
132 127.4 126 128.5 135.4 137.7 139.8 144.5 149 158.2 160.9 162.8 159.8 153.2 148 143.7 144.5 133.1 131.7 129.4 126.8 126.6 127.7 123 132.9 131.8 132.5 133.6 137 148.7 155.9 165.3 172.7 178.4 181 186.1 190.6 193.8 196.1 196.4 197.8 196 193.6 185.7 172.2 158.9 142.1 127.2 116.8 112.4 103.1 99.4 120.2 136.5 151.5 164.8 175.9 187.5 199.5 209.8 218.1 225.5 231.2 237.8 242.3 244.8 246.2 245.6 245.1 246.4 247.9 248.1 249.4 250.3 253.7 259.4 263.7 267.4
144.8 139.8 136.8 140.2 143.4 147.3 152.8 159.9 167.6 176.3 175.3 174.1 164.9 159.5 150.7 142.9 142.7 135.9 140.2 138.3 139.1 133 131.7 123.9 128 130 131.6 135.9 142.4 152.1 161.7 171.5 179.1 184.4 189 194.6 197.9 199.9 201.3 202.5 204 202.3 197.7 187.3 173.9 161.5 150.2 134.2 122.4 115.3 103.8 101.1 117.3 131.7 146 157.2 168.7 180.7 191.2 200.7 209.8 216.1 222.8 227.6 232.4 235.3 237.3 239.1 239.8 240.1 241.7 242.7 243.8 246.5 250.7 254.7 259.1 262.9
147 148.4 146 149.6 154.3 161.4 167.9 177.5 184.7 191.5 193.2 183.4 173 162.5 153.5 144.8 144.6 145.4 143.5 140.8 139.7 132.1 131.1 126.7 126.5 130.3 133 138.5 146.9 158.3 167 175.6 183.9 190.3 194.5 199.8 203.7 205.5 207.6 209.5 212 207.5 201.6 190.4 175 163.8 155.2 142.3 129.7 120 104.4 102.2 114.1 127.3 139.8 151.5 162.2 174.4 183 190.7 201.6 209.1 213.4 218.5 223.9 226.6 228.6 230.6 231.8 234.9 236.1 237.8 240.2 242.3 247.6 252.5 256.8 260.3
157.8 156.2 156.5 158.1 164.9 173.3 182.6 192.2 199.9 206.6 203 188 176.3 167.3 155.5 145.2 146.1 147.9 143.8 140.7 135.1 132 130.7 126 126.9 133.4 138.6 144.7 151.8 163.2 173.2 181 189.2 194.6 199.1 204.9 208.7 210.5 212.6 214.6 214.9 209.6 203.2 191.3 176.1 166.6 157.2 145.2 131.3 119.6 106.5 99.8 114.4 124.5 136.4 148.1 158 169.1 178.1 187.1 194.3 201.3 206.7 212.3 216.5 219.6 222.1 223.9 228.1 228.6 230.7 234.6 236.3 240.1 245.7 252 256.3 261.4
168.5 165.4 166.9 171.3 179.8 187.4 194.9 205.4 213.8 217.3 204.6 187.1 175 168.8 156.5 151.7 146.6 143.2 141.5 140.4 137.5 131.5 133.4 126.7 130.7 137.9 142.2 146.3 156.9 168.1 176.8 185.7 193 199.2 203.5 209 212.2 214.1 216 216.2 216.1 209.6 201.9 189.2 176.4 166.2 155.4 145.2 130.6 119.2 105.2 103.9 111.3 120.6 132.9 141.8 154 164.5 174.1 181.9 189.7 195.7 201.4 207.2 211.6 214.5 217.1 220.9 221.5 222.7 225.3 228.8 232.7 238.3 245.7 252.7 258.5 263.9
177.7 173.8 178.3 187.2 191.6 199.7 207.4 218.8 226.2 222.7 208.8 187.8 177.6 166.4 156.9 156.5 149.4 145.7 142.8 137.5 134.1 134.5 133.9 127.3 132.9 142.2 148.2 150.1 161.2 172.7 183.1 190.7 196.5 201.8 206.6 212.4 215.2 216.4 215.8 215.4 213.1 206.1 198.2 187.4 176.2 165.3 154.1 140.1 124.2 112.4 101.8 112 118.7 127.2 135.8 143.7 150.9 155.7 167.9 175.7 184.3 191 196.7 199.9 204.7 208.2 210.6 213.7 214.6 217.2 220.2 226.2 231.7 239.4 246.3 253.5 260 265.1
190.2 185.4 192.7 200.5 204.8 211.4 221.9 233.3 232.5 219.8 206.8 189.4 176.5 169 165.4 163.7 157.6 148.9 147.1 141.6 134.1 132.9 131.5 131.7 139.7 149.6 156 156.8 164.9 176.2 186.8 192.4 198.6 205.3 209.8 213.6 215.3 216.3 213.8 211.7 207.7 201.3 193.2 183.7 174.3 162.3 146.2 130.9 120.3 102.7 107.5 117.3 124.1 132.8 141.5 151.4 160.1 166.6 172.8 177.4 179.4 186.8 191.1 195.6 201.4 200.9 203.6 207.2 209.3 212.8 218.1 223.9 232.7 239.6 246.6 253.4 260.3 266.6
205.6 202.8 207.7 212.6 217.6 226 237 244.3 237.2 222.8 206 188.7 179.6 175.4 169.6 164.2 163.7 155.4 152.9 144.2 138.1 131.2 131.7 135.6 145.3 154.8 160.2 163.3 171.2 181.2 188.4 196.5 202.2 207.3 211.8 214.5 215.8 214 210.6 207.5 203.2 196.4 188.8 180.6 170.9 154.4 136.5 123.9 103.2 105.7 114.7 120.9 130.1 138.3 147.4 156.6 164.6 171.6 176.8 182.8 189 194.9 200 204.5 207.5 209.1 209.1 207.4 210.3 213.4 217.9 226.1 232.6 239.8 247 253.7 260.4 267.6
223.8 218.5 221.8 226.7 232.6 239.3 249.6 252.8 238.9 221.3 205.6 187.6 179.4 178.4 171.5 166.6 164.5 161.4 155 146 137.1 133.3 134.1 139.3 149.1 157.9 166.4 168.3 176.8 184.2 191.9 198 203.8 208.6 212 214.1 213.7 210.6 207.5 205 200.2 193.4 186.2 178.3 165.5 148.3 131.6 108.9 106.8 111 117.2 126 135.1 144 152.1 162.8 169.7 175.1 180.9 185.7 191.8 197.5 204.3 211.1 215 216.1 215 214.6 212.9 216.1 219.3 226.8 233.4 240.5 248 255.7 263 269.9
236.9 234.3 234.7 241.9 245.3 254.4 260.5 257.1 239.7 223.5 205.3 192 182 179.6 170.6 168.2 168.8 161.6 152.5 143.9 138.1 133.8 138.8 144.4 153.3 161.7 170.6 172.4 180.2 185.9 193.7 199.5 204.6 208.4 211 212.6 208.3 206.1 203.5 200.1 196.2 191.3 183.1 172.5 159.9 140.9 122.4 103.6 107.6 114.2 120.5 128 138.1 147.9 156.3 166.3 173.8 179.7 185 189.6 193.5 200.2 207.2 216.9 220.9 221.7 222.2 221.4 219.1 219.3 222.7 227.7 234.4 241.9 249.7 257.8 265.5 272.8
248.8 249.5 250.1 252.2 258.5 264.9 267.1 259.1 240.9 222.8 205.8 193.6 180.5 179.2 171.7 169.8 164.4 160.2 156.6 150.6 138.6 135 142.8 149.4 157.2 163.2 172.4 176 182.5 188.7 194.5 201.1 204.6 207.9 208.2 208.2 203.8 203.2 199.8 195.1 191.1 185.2 176.5 166.2 155.8 136.9 116.3 107.6 109 114.3 122.3 131.9 141.2 151.6 159 166.8 175.8 180.7 186 190.8 197.1 206.4 216 221.7 225 228.6 228.6 229 227 227.8 229.9 230.1 237 244.1 251.7 259.9 267.9 275.9
259.4 261.1 260.7 263.2 268.1 273.4 271.3 258.3 240.3 221.7 205.3 194.1 180.7 177.6 173.7 166.5 163.9 165.5 161.7 151 139.1 142.7 147.8 155.2 162.8 169.1 174.3 177.1 182.8 188.6 194.6 198.4 201.7 204.6 205.1 203.6 201.5 199.5 196.1 191.3 186.4 178.4 170.5 162.6 151.6 137.5 113.6 107.2 110 116.3 123.3 131.3 141.5 151.1 158.9 166.1 173.6 179.2 182.5 189 197.6 208 217.7 223.6 229.6 234.2 235.3 235.3 234.7 236.7 235.4 232.8 240.8 247.9 255 262.7 270.5 279.2
268.8 269 269.3 271 273.7 276.3 269.3 256.1 238.8 220.5 203.4 191 181.1 175.1 172.8 167.1 165.7 168.4 162.9 150.7 138.4 146.8 150.8 159.7 166.3 173.2 174.8 178.4 182.9 189.6 194.6 197.5 199.8 201.8 201.7 200.8 199.9 196.4 192.5 187.2 180.6 174.2 165.4 158.1 149.7 136.4 114.1 106.5 107.9 116.2 122.3 129.3 139 148.1 155.3 162.2 168.9 172.3 177.7 182.8 192.2 203.9 214.6 226.4 235 239.3 240.1 241.2 241.3 243.5 241.1 236.2 244.6 251.7 258.8 265.1 274.5 287
277.2 277.2 275.9 275.7 276.9 274.1 266.2 254.6 238.6 217.4 201.1 189.4 182.8 175.2 174 168.4 166.5 169.9 160.9 155.2 140.6 154 157.1 162.5 166.7 173.7 174.7 178.7 183.5 189 193.5 198.1 200.5 201.2 201.6 200.5 198 193.7 189.7 181.8 176.1 169 162.5 154.7 147 135.7 123.8 107.2 106.3 109.7 119.1 127.4 135.2 143.8 149.9 155.4 160.8 169.9 176.6 184 195.5 209.5 222.4 231.5 239.3 243.7 246.3 247.2 247.9 248.4 246.7 244.8 249.3 255.8 261.1 268.8 278.4 290.3
283.1 282.7 278.2 279.2 276.9 271 259.7 248 232.4 213.1 198.5 187 181.9 175.5 172.5 167.6 166.2 171.9 168.9 160.9 143 154.1 152.8 162.1 167 173.2 174.6 178.5 185.3 189.6 194.2 198.2 199.5 200.3 199.3 197.9 194.5 189.5 183.7 178.2 171.8 165.6 158.8 153.4 144.7 135.6 124.3 110 108.7 106.1 112.7 123.9 130.8 136.5 145.4 151.1 160.8 169.6 176.9 190.4 204.3 218.6 229.5 238.1 244.2 248.8 250.4 252.3 252.7 253 250.6 249.1 251.1 256.4 263.3 270.3 279.8 291.8
288.7 289.5 282.7 277.2 275.4 266.6 253.5 240.8 224.2 208.4 194.5 187.4 181.7 175.6 172.6 168 170.3 170.3 163.2 153.9 143.9 146.6 155.6 163.9 168.7 174.3 175.8 178.9 184.8 190 194.2 197.2 198.5 198 197.4 195 190.1 185.7 180.5 175.1 170 162.5 157 151.6 145 136.3 126.4 117.9 110 109.9 110.6 115.7 125.3 134.1 141.6 151 162 170.8 181.8 197.3 212.3 225.5 234.9 242.9 248.9 252.8 255.9 257.4 255.8 255.6 254.4 251.9 253.3 257.5 264.6 271.9 281.1 292.8
292.7 292 286.4 279.9 273.8 263.5 250.3 231.4 216.8 202.2 191.2 187 181 175.2 171.9 169.7 165.3 161 159 153.3 146.4 145.2 154.3 162.9 171.2 172.3 175.9 178.3 184.4 189.4 193 195.9 196.9 195.8 193.9 190.4 187.1 181.9 177.4 173.1 168.4 161.9 155.9 149.1 144.3 138 129.9 122.2 116.3 112.8 110.6 108.5 124 131.2 140.4 150.9 163.8 174.8 187.3 202.7 216.9 228.9 237 246 252.1 257.3 259.1 260.4 259.7 258.9 257.4 255.2 257.4 259.4 265.2 272.2 280.8 291.1
294.1 293.7 287.5 278.4 270.6 259.5 246.9 225.9 211.8 199.9 190.2 185.1 181.1 175.3 169.9 170.2 163.4 160.5 156.5 152.4 150.1 144.6 156.5 161.6 165.1 170.2 174.4 178.6 183.4 187.8 191 193.6 194.4 193.1 191.9 188.5 183.7 179.4 175.3 171.2 166.7 161.2 154.9 149.2 145.5 140.2 133.3 128.1 122.8 115.9 111.4 109.2 122.4 130.3 140.7 151.5 164 175.9 189.3 203.7 216.1 227.8 237.8 245 251 256.9 260.5 263.1 262.4 262 260.3 260.3 261.4 261.2 264.9 270.3 279.8 289
293.9 292.1 287.4 278 268.4 256.2 242.6 226.6 208.4 196.2 188 181.3 177.8 172.1 169.3 168.9 164.6 160.8 159.5 158 146.5 146.3 148.5 155.5 162.6 168.8 174.3 178.2 182.9 186.6 190.8 192.9 192.9 191.7 189.9 186.6 182.2 178.9 175.3 170.9 166.5 160.9 155.6 149.7 146.4 142 135.6 131.3 126.8 116.8 112.2 109.3 122.3 130.6 141.2 152.8 164 175.4 186.4 199.7 212.5 224.4 232.8 243.5 252.7 260 263.9 265.8 266.4 265.6 266.3 265.7 266.8 267.8 267.6 274.5 281.1 287.1
292 291 285.3 276.9 265.9 253.4 238.9 224.1 207.2 195.5 187.3 178.8 173.9 170.7 169.3 169 165.3 160.6 158 150.3 147.5 147.8 150.7 156.6 162.3 165.7 172.3 177.5 182.8 187.7 191.3 192.9 193.2 191.7 190 186.8 182.8 178.7 174.8 170.1 165.5 160 153.8 148.4 144.9 142.7 136 131.5 126.1 114.7 113 110.5 121.3 132.1 141.4 152.3 163.4 174.7 186.9 199.2 212.7 220.9 231.7 242.2 253.6 262.4 267.2 269.7 270.5 270.6 270.2 273 272.6 272.8 272.3 277.7 285.3 292.4
290.1 286.6 282.2 274.6 262.4 250.8 237.2 220.7 208.1 194.3 186.8 177.6 171.9 169.5 168.1 165.8 167.6 161 152.8 148.5 157.7 148.9 152.1 158.4 163.2 167.3 172.3 176.5 184.3 190.6 194.2 197.3 196 194.4 192.4 188.3 183.5 178.2 173.9 169.3 162.7 156.4 150.6 146.7 142.7 135.2 121.9 117.2 115.1 114.8 113.7 111.3 127.1 133.6 144.7 153.7 164.3 176.3 187.1 200.2 211.2 222.7 232.2 242.5 253.9 265.4 272.1 274.8 275.1 274.7 275.8 277.7 278.6 278.5 281 283.1 290.2 297.7
285.6 283.5 278.7 270.9 259.6 246.3 234.1 219.8 203.8 193.7 183.8 176.8 171.6 169 168.8 166 160.9 156.5 151.4 156.5 156.8 150.3 153.9 158.8 164.5 168.7 173.9 179.6 188.2 193.3 197.3 199.8 198.5 196.6 193.7 189.1 183 177.5 172.2 166.6 159.3 152.2 144.6 128.7 118.5 116.3 113.7 115.2 114.3 113.5 118.5 125.3 131.4 140.3 151.7 158 165.3 175.9 187.3 198.4 211.7 223.3 234.4 246.1 258 267.3 275.9 277.8 278.2 279.5 280 281.2 283.4 284.2 286.3 290.6 297.3 307.2
281.7 277.2 274.1 265.2 253.7 242.7 231.3 216.9 203 190.1 182.6 175.2 170.8 166.3 165.1 159.5 157.2 154.9 155.7 157.7 152.2 151.8 154.7 160.2 167.1 171.7 178.2 185.8 194.2 198.7 200.1 201 199.6 197.5 194.2 189 182.4 175.6 169.7 162.7 154.3 145.8 127 116.6 115.8 114.3 116.1 115.8 116.9 124.2 130.1 133.1 143.2 152.5 158.7 164.4 171.9 181 191.1 202.5 219.1 229.6 241.2 249.7 262.4 272.3 278.6 280.5 281.5 282.9 284 284.8 286.8 288.4 292.7 297.9 308 316.6
278.6 271.4 266.6 256.4 248.3 239.9 228.5 213.4 202 189.5 181.5 174.1 168.7 164.9 162 159.7 157.9 158.5 159.5 154 153 155.6 157.2 162.5 168 173.4 181.3 190.8 197.5 201.3 201.6 201.4 199.7 196.7 192.7 186.9 180 173.3 167.6 157.3 147.7 128.1 117.2 116.5 114.4 122.7 126.9 132.1 134.5 134.8 138.6 148.4 156.5 164 167.7 173.2 180.8 189 201 215 231.7 241.1 249.5 257.1 266.6 275.7 281 284.5 285.1 286.8 287.6 287.3 288.8 291 297.7 304.3 315.6 325.6
276.6 269.4 262.9 254.1 244 234.1 223.1 208.9 197.1 187.3 178.6 172.9 169.1 165.6 163.2 161 160.8 160.7 160 155.9 155 155.5 157.9 164 170 175.4 183.7 190.5 198.4 199.7 200.2 198.1 196.6 193.9 189.4 183.6 177 169.5 161.1 149.8 136.9 119.6 117.7 115.9 125.2 134 139.5 145.1 150.8 150.4 154.6 162.5 168.5 173.8 177.6 183.5 192.7 201.5 217.4 232.8 244.6 253.1 259.2 263.2 273.3 280 283.9 288.7 289.3 290.8 290.3 291.4 293.6 296.4 303.3 311.7 323.7 334.6
