public/OST50/NO69.asc
ncols 200
nrows 200
xllcorner 360000
yllcorner 790000
cellsize 50
[rows 70 to 104 of 200, columns 79 to 157 of 200]
145.1 142.8 142.9 139.5 133.9 127.7 121.6 116.5 112.8 108.8 102.4 96.9 91.5 83.8 81 81.6 82.4 85.3 88.8 89.4 87.8 90.5 93.8 96.1 95.2 93 90.7 85.8 85.6 81 80 79.3 80.6 82.6 83.6 83 79.5 76.6 74.8 72 70 68.9 67.2 66.3 65.8 65.8 65.8 67.5 67.5 67.5 64.3 64.4 63.4 63.3 63.5 63.9 61 67.7 69.4 65.6 64.3 61.1 60.8 61.4 62.3 65 68.7 69.8 69.5 69.1 69.6 68.9 67.9 67.3 65.6 66.9 66.8 66.6 65.8
133.3 131.1 127.2 123.6 116.7 112.8 108.7 104.8 101.8 96.8 91.1 85.8 80.4 76 75.8 75.6 80.7 85.2 90.5 91.2 90.9 94.2 97.5 101.1 102.6 100.4 98.8 94.5 92.1 90 89.6 89.3 89.3 92.1 92.8 92.3 90.7 84.8 83.7 81.4 75.6 72.1 70 67.4 66.2 65.8 66 67.1 67.5 66.4 66.7 63.9 63.8 63.5 63.2 62.9 57.7 60.4 60.8 59.7 59.2 55.4 59.5 60 59.8 59.6 60.2 60.7 63.7 65.8 68.9 68.8 67.5 67.6 66.1 65.6 66.7 66.5 66.7
124.4 119.7 117.8 111.8 104.1 100.3 96.1 90.7 88.1 84.1 77.6 71.9 66.7 66.7 66.7 72.1 77.6 81.6 84.8 86.8 90.1 96.4 100.2 103.9 106.7 103.1 102.9 101 101.8 102.8 103.6 99.9 98.3 97.8 97.8 97.1 95.6 92.1 90 86.5 80.6 75.5 73.3 71.3 69.9 69.7 71.2 70.7 69.6 70.6 64.2 62.9 62.7 62.9 62.7 63.1 63.1 61.5 57.7 57.2 55.5 55.3 58.3 59.6 59.4 56.6 54.6 53.3 52.1 52.1 52.1 55.9 60.1 63.5 65.2 65.4 65.1 65.9 65.7
113.8 106.3 104.8 101.4 95.7 87.6 85.9 75.3 66.7 66.7 66.7 66.7 66.7 66.7 66.7 66.7 68.3 76.4 80.9 85.8 90.3 98.5 102.4 105.6 108.7 108.7 109.8 109.3 110.6 113.2 113.1 111 108.7 104.9 102.9 98.2 100.2 97.7 94.7 93.4 86.4 81.4 77.9 75.9 73.8 73.5 71.3 70.6 70.8 71.3 63.7 63.5 65.6 63.7 59.1 55.1 54.7 54.8 54.8 55.4 54.6 53.8 53.8 53.3 52.8 52.2 54.9 54.8 58.1 59 57.3 53.9 52.1 52 52 62.1 63.4 63.3 62.4
103.7 99.4 96.9 92.5 86.6 78.6 69.3 66.7 68.5 71 71.6 70.8 71 70.7 70.6 67.6 65.7 67.7 73.4 80.3 89.1 100.6 104.3 106 111 112.4 112.9 117.9 121.2 121.8 119 119.6 117.1 113.8 113.6 108.1 107.4 101.8 99.5 95.7 91.8 86.1 82.8 80.2 77.7 74.4 72.8 70.8 70.3 71.7 69.5 62.6 59.3 57.5 55.3 56.3 61 61.1 61.1 61.9 61.9 62.1 61.6 61.7 61.5 60.6 60.6 59.3 59.3 59.5 59.2 59 58.9 59 52 52 59 61.7 61.9
96.6 92.4 88.8 82.7 76.4 71.4 66.7 66.7 71.7 72.4 72.1 73.2 72.4 73.2 71.6 70.3 68.2 65.7 68 69.6 80.4 97.9 101.8 105.1 110.2 113.3 116.4 119.7 123 124.6 125.4 125.5 125.2 123.9 122.6 116.9 112.8 111.6 106.8 100.8 96.3 91.6 85.9 80.1 78.2 75.9 75.4 74.2 74.8 63 59.5 57.3 56.2 55.6 60.7 62.5 62.6 63 62.9 63 63 63.1 63 62.8 62.6 62.3 62.2 61 59.4 59.9 59.6 58.9 58.3 58.1 57.6 53 52 59.2 60.1
89 83.9 77.9 72.5 71.3 69.5 67.9 72.4 72.7 74.2 74.7 74.5 73.1 73 72.4 71.8 70.6 67.4 65.3 69.2 69.8 86.6 94.6 99.8 104.7 110.1 114.4 117.8 122.5 125.4 128.4 128.1 126.9 124.8 125 121.9 115.9 113 106.5 101.5 97.5 94.5 86.4 86.8 80.9 79.7 77.7 66.8 57.6 57.6 57.5 57 59.8 62.9 63.8 63.8 63.6 63.3 63.7 63.9 64 64 63.9 63.7 63.5 63.1 63 62.9 62.7 58.6 59.5 60.2 59.3 58.1 57.8 57.7 52 52 58.3
81.9 78.1 73.5 71.9 71.1 68.7 67.9 73.8 74.1 74.5 74.3 74.4 73.4 73.3 73.7 72.4 72.9 70.1 65.3 65.3 68.3 68.6 82.2 93.3 101.1 105 109 113.8 119.1 126.1 129.8 130.9 128.5 124.5 122.9 121.6 115.6 108.4 101.3 96.2 93.3 89.4 93.6 91.5 83.8 78.4 66.9 57.6 57.6 61.6 62.3 62.8 63.9 64 63.5 63.8 64.2 64.3 64.4 64.7 64.9 65 65 64.3 64.2 63.8 63.7 63.4 63 62.9 62.3 59.7 58.3 58.4 58 57.6 56.6 52 51.9
77.5 76.2 73 70.4 71.7 68.2 67.9 75.1 75.1 75.6 75.3 75.2 74.4 76 74.2 73.4 73.4 74.3 71 65.3 65.3 66.5 66.7 82.4 94.3 100.9 104.4 107.9 112.5 118.7 125.3 126.9 125.5 121.4 116.1 113 107.8 99 90.7 86.9 86.3 86.1 89.1 83.7 73.7 63.4 57.7 57.7 62.6 62.7 63.4 64.2 64.3 65.6 67.2 66.9 65.7 65.8 65.2 64.2 65.5 64.1 64.9 64 64.4 64.1 63.6 63.2 62.9 62.4 62 61.2 61.1 60.5 58.8 57.5 57.4 56.8 51.8
76.9 75.5 72.8 71.6 69.3 68 71 75.2 74.8 75.7 75.6 75.2 76 77 76.8 74.6 75.5 74.6 73.6 71.4 65.1 64.9 66.4 71.1 83.7 95.5 98.9 101.8 106.6 110.2 114.3 115.7 116.3 114.3 109.6 104.6 95.2 87.6 84.9 83.3 82.4 81.7 75.5 65.7 64.4 58.1 58 62.5 63.5 65.6 67 69.6 70.5 70.2 70.6 70.1 68.1 68.7 68.1 67.8 67.2 62.9 62.7 62.7 63.2 63.4 62.4 61.8 61.3 61 60.6 60.3 59.8 59.7 59.6 58.8 57.9 57.6 53.3
74.8 74.2 72.9 70.7 69.5 71.2 75.7 75.1 76.7 76.8 76.3 76.4 75.8 75.1 74.5 75.6 74.8 74.7 74.5 74.7 69.2 64.6 64.9 67.1 74 85 91.8 94.8 97.3 101.4 104.2 101.5 102.9 99.4 97.5 92.3 82.4 78.9 80.2 75 74.9 72.5 67.7 65.3 58.1 58.1 63.1 64.5 70.5 70.8 70.8 71.2 70.5 70.9 69 68.7 69.8 71.2 71.1 70.2 69 65.5 63.7 63 62.8 63 61.2 61.6 60.7 61.1 61.2 62.7 62.9 62.8 61.6 59.8 59.9 58.5 57.4
75.1 74.8 71.6 69.5 70.3 73.3 76 76.9 76.4 76.8 79.1 77.9 77.2 75.8 75.1 75.6 75.4 75.6 76 74 72.6 67.7 64.9 67.5 66.6 74.5 85.4 86.2 87.9 89.2 89.9 89.1 86 84.2 83 80 75.8 74.4 73.6 72.8 72.6 68.8 66.5 64.2 58.1 62.6 71.3 73.6 73 73.6 72.7 72.2 72.1 72.5 69.2 69.2 71.5 73 71.4 70.4 69 67.8 65.2 64.8 65.8 71.3 73.2 71.7 69.9 69.1 68.6 68.8 69.6 69.7 68 64.9 65.4 64.9 61.8
75.4 73.9 69.5 69.9 74 76.8 77.4 80 82.8 82.8 81.5 80.5 79.9 79 79 78 78.3 77.2 76.9 78 75.7 73.3 64.2 64.2 67.2 66.8 69.2 78.4 78.6 78.9 79.2 77.8 77.6 76.4 73.8 73.2 72.8 71.9 73.3 73.2 69.7 68 64.8 58.5 58.1 75.3 80.4 81.4 83 82.4 79.7 80.8 80.8 77.2 73.1 70 70.7 70.9 70.7 70 69.4 69 67.3 67.4 67.9 72.9 76.3 77.8 76.4 74.1 72.6 71.3 71.6 71.7 70.6 69.6 70.2 69.2 67.9
76.5 69.5 69.5 73.4 77.1 78.9 84.7 90.7 93.8 92 89.5 87.4 87.6 83.9 82.9 81.8 82.4 82.7 82.9 81 80.2 78.8 75 63.7 63.3 66.2 66.8 69 70.3 73.3 73.4 74.3 74.3 75.3 74.2 71.3 71.4 70.3 69.1 68.8 67.7 66 62.8 58.2 71.2 84.8 89.3 90.4 91.1 90.4 89.2 90.1 89.4 87.7 81.4 78.2 75.8 74.8 74.7 75.1 71.2 68.5 67.4 69.6 71.3 74 77.6 79.5 78 76.1 74.9 74.5 73.7 71.8 70.7 71.4 73.3 71 69.8
69.5 69.5 74.1 77.4 81.3 88.5 99.2 103.6 106.4 103.9 101.4 100.7 96.3 93.4 92.1 90.5 90.3 89.7 90.1 87.9 87.2 86 83.6 78.1 67.3 63.1 63 64.6 66.7 68.8 70.3 70.8 70.8 72.4 71.6 71.2 70.2 70.1 69.5 68.7 65.8 64 58.5 62.5 82.9 89.6 94.2 96.4 97.4 95.3 97.5 101.2 102.7 97.5 91.8 84.9 82.5 81.6 79 80.2 71.9 71.8 73.6 73.9 74.2 75.1 77.6 79.4 77.6 76.5 77 77.7 75.5 74.1 74 74.2 73.9 72.3 72.4
69.5 73.1 82 86.6 92 98.9 109 116.2 118 115 112.1 110.7 106.8 103 101.2 98.9 96.7 95.5 95.4 94.1 92.5 91 88.1 85.7 80.2 73.5 64.8 62.6 62.6 66.8 66.6 68 68.8 68.6 69 70.1 68.7 67 67 65.4 64.3 61 58.8 75.8 87.6 94 98.3 100.5 101 102.5 102.7 107 108.8 105.9 101.8 95.7 92.1 87.9 83 78.3 73.8 74.3 76.4 78.4 77.4 77.8 78.5 80 80.3 79.9 81.3 79.7 78.7 76.2 75.9 76.9 76.5 75.2 75.2
81.5 87.3 89.2 92.6 98.7 107.3 116.5 123.5 126 125.4 121.1 117.9 114.7 112 109.3 105.6 102.7 101.1 100.2 98.3 95.8 93.3 90.7 88 87.2 84.2 79.1 69.1 64.3 62.4 62 65.6 67 66.5 66.7 66.2 66.3 65.1 64.9 64.3 63.1 58.8 73.2 85.3 91.8 98.3 103 105.6 109.3 111.7 116.2 113.9 115 112.7 110.7 108 101.3 96.6 90.2 84 79.9 78.8 79.6 79.2 79.3 81.2 81.9 82.2 82.9 82.9 82.3 83 80.6 79 79.1 78.9 78.5 78.4 78
94.1 97 98.6 101.3 106.9 115.7 120.6 129.5 131.4 129.8 126.7 125.3 122.1 118.6 115.3 111 108.1 105.8 104.5 102.2 101.4 98.9 93.2 90.3 89.8 88.4 85.6 81.2 72.5 70.2 63 61.7 61.8 61.2 61.2 61.4 60.7 60.3 60.3 60.3 60.3 73.7 83.8 92.7 97.2 102.8 106.8 108.8 113.2 121 128.6 129.3 120.8 122.9 120.5 120.1 113.5 106.4 95.8 89.5 87 84.1 82.2 82.6 84.6 85.5 86 86.3 86.3 86.4 87.3 83.5 82.7 81.7 80.8 81.3 81.4 81.4 80.8
93.9 98.5 104 111.6 114.2 120.2 125 132.8 135.1 135.2 133.9 131.3 128.6 124.7 121.2 116.8 112.7 109.8 106.1 102.3 98.8 98.8 97.8 97.5 95.3 93 90.2 87.6 82.8 79.4 77.5 74.4 69.1 66.8 66.4 65.6 67.5 70 73.3 76.9 80 86.9 94.4 100.2 100.6 106.5 108.7 115.1 122 129.7 131.7 135.5 131.1 128.6 130.3 128.9 123 116.5 108.3 99.2 96 92.3 89.1 89.7 90.1 90.7 91.1 90.9 90.5 90.3 89.2 89.1 85.3 84.5 84.8 84 83.3 83.3 84.2
96.9 104.8 113.2 118.4 118.7 123.3 127.1 132.3 136.4 139.3 139.5 137.3 134.4 131.7 129.6 124.1 118.3 114.2 109.1 104.9 105.5 102.7 102.1 102.3 100.7 97.2 94.9 94.5 91.5 86.7 85.7 84.7 83.8 83.4 83.7 85.6 87.6 90.9 95.6 94.6 96.7 101.1 104.6 106.3 109 112.7 116.8 123.5 134.3 137.1 137.1 135.8 139.5 136.1 136.8 136.4 130.8 122.2 114 107.2 104.1 100.1 96.3 98.7 98.8 98.4 96.9 97.1 95.6 93 92 90.7 88.9 87.4 87.3 86.4 85.2 84.9 85.1
103.2 111.2 120.2 123 123.3 126.2 128.8 130.6 135.9 140.2 144.8 146.3 146 142.7 138.6 132.3 126.2 122 117.7 115.2 113.4 109.1 108.2 106.4 105.7 104.1 101.5 99.1 97.2 93.5 95.1 96.1 96.4 97.4 100 101.4 104.1 108.4 112.6 113.9 114.4 113.1 112.1 118.1 118.6 120.8 128.6 133.3 140.6 143.1 146.8 143 146.6 142.3 141.7 141.8 136.5 131.2 120.8 114 110.2 106 103 104.8 105.3 103.4 100.5 100.9 98.4 95.5 93.9 92.4 90.8 90 89.7 90 88.9 88.3 88.4
108.3 116.2 125.1 128.7 129.1 130.5 133.2 137.1 142.4 146.6 150.9 154.8 156.7 154.2 148.1 141.5 135.3 132 127.5 123.3 120.2 117.1 116.7 115.3 113.3 110.5 105.1 103.1 102.4 103.3 104.4 106.1 107.4 109.4 113 115.5 117.7 123.2 125.9 125.5 127 127.9 123.5 125.1 126 129.2 135.6 140.6 153.3 155.1 150.9 150.9 150.6 151.2 155.8 151.9 143.5 136.8 132.7 124.9 116.6 112.1 107.9 108.7 109.7 107.7 103.1 103.5 101.6 98.9 95.8 93.3 91.9 91.5 91.1 92.7 90 90.7 89.9
116.6 121.9 129.5 133.9 134.6 132.7 133.7 139.1 145.1 152 157.5 161.5 163.1 161.2 155.5 148.1 142.2 139.2 134.5 129.8 126.5 124 122.2 119.8 116 108.5 107.1 109.5 112.6 114.6 113.7 115 116.3 118.7 122.4 130.3 133.5 137.9 138.2 137.6 135.1 131.2 129.5 130.5 134.5 138.3 142.9 156.1 162 162.7 158.3 157.8 159.1 163.5 165.3 159.8 150.3 143.4 140 131.4 124.5 116.4 111.4 110.8 109.9 107.1 105.1 105.6 103.5 102.3 98.2 93.4 92 91.5 92.2 92.5 92.6 92.8 91.9
118.7 123.7 128.4 132.1 134.2 136.1 138.6 145.1 151.5 159.3 164.6 167.3 167.8 166.4 158.5 151.4 147.4 145.4 139.3 134.1 129.7 125 122.3 119.3 113 111.6 112.9 116.8 122.3 125.2 125.1 124.6 126.2 128 132.9 144.3 147.4 149 147.2 142.3 139 139.1 136.6 138.7 141.6 144.2 151 162.4 168.2 170.1 167.9 168.7 170.3 171.4 171.2 165.8 158.9 149.9 142.9 136.9 129.1 120.8 116.4 113.5 109.7 107.9 106.5 106.6 105.8 104 99.4 94.2 91.7 91.4 92 92.2 92.5 92.7 94.3
124.2 126.5 127.2 131.6 137.3 142.3 145.3 151.2 160.5 166.6 170.2 170.5 171 166.5 160.2 154.6 152 145.4 140.2 134.8 128.7 124.2 120.1 117 115.9 114.9 116 122.2 129.7 132.6 133 133.9 136.8 139.5 141.9 146.9 153.5 155.3 150.7 145.4 147 147.3 144.9 144.7 147.4 152.5 161.5 168.3 171.6 173.9 176 179.5 185.7 183 176.2 172 165 157.9 148.7 140.1 131.7 124.4 120.7 117.3 112.8 109.2 108.9 107.9 106.2 104.8 100.7 96.6 92.4 91.7 91.4 91.9 92.6 92.6 95.3
123.8 126.8 127.8 132.3 139.8 146.2 151.4 157.5 163.8 170.7 173.7 175.3 174.6 168 163.2 158.5 153.9 147.7 142.1 138.1 131.3 126.6 123.2 122.5 121.8 122.1 122.4 126.5 135.5 138.7 141.1 143.4 145.5 146.8 148.1 154.1 158.3 159.5 152.6 151 150.9 151.4 152.6 154.3 158.7 166 171.3 175.3 179.1 182.8 191.2 193.1 195.2 190.7 183.5 177.7 170 159.1 150.6 143.9 135.6 128.4 123.3 119.6 115.9 113.9 112.7 110 108 104.9 102.3 99.1 95 92 92 93.3 95.4 96 95.5
122.1 127.8 128.7 133.7 142.3 147.9 156.1 162.5 169.2 176 177.1 178.2 176.4 171.8 166.9 162.1 157 151.9 149.6 145.7 140.1 135.8 133.2 131.7 131.7 130.2 130.3 135.5 147.2 153.5 152.8 154.1 156.4 159 161 161.6 161.2 160.2 157.3 155.4 155.6 156.8 161.7 167.2 170.7 176.3 181.7 184.1 187.9 191.8 199.4 202.7 203.6 197.4 190.8 182.2 171.8 161.9 152.6 145.7 139.7 134.9 127.8 123.6 120.7 118.5 113.9 111.8 109.8 106.7 102.5 99 97.4 94.4 94 94.7 95.4 97 96.5
123.9 130.4 131.7 137.6 145.1 150.3 157.8 164.7 173.4 178 180 181.4 181.5 177.4 172.6 166.9 163.3 157.7 155.7 154.8 150.4 144.7 141.3 139.3 140.2 139.9 142.5 148.1 155.8 160.2 161.7 166.2 169 171.3 170.9 169 165.9 166.5 164.7 162.3 161.5 165 172.2 178 183.3 188.2 191.6 194.7 197.6 200 205.9 208.6 210.4 206.4 198.2 190 178.6 165 154.1 148 142.8 137.9 131.5 127.4 123.6 121 117.3 114.5 111.2 107.6 103.2 99.6 97.6 99.6 99 96.8 96.6 97.8 100.6
126.7 130.7 134.1 140.9 148.3 153.4 161.1 169.1 178.1 181.5 184 186.4 185.9 182.6 178.5 173.1 169 164.5 161.3 159.3 158.2 152.7 149.4 146.9 146.8 148.1 152.4 157.7 162.3 168 176.4 178.1 178.9 181.6 179.5 175.1 170.9 170.7 171.7 170.1 174.5 179.8 185.2 190.4 195.5 199.6 203.3 206.5 209.5 212.4 214.2 214.7 214.2 209.6 204.1 195.6 183.3 169.3 157.1 150.9 145.5 139.7 133.5 130.3 126.9 124.1 120.5 115.6 112.2 107.7 104.4 100.8 101.4 104.9 105.6 102.7 101.4 102.7 104.8
129.1 133.9 138.9 145.4 152.1 159.6 169.6 175.6 181.6 186 188.3 191.1 190.6 187.4 184 179.4 174.6 169.4 167 166.8 167.1 164.4 160.5 158.2 159 159.8 162 167.5 170.3 177.5 186.2 191.2 193.1 191.1 188.6 184.9 181.2 177.4 176.7 179.1 184.6 191.3 198.1 202.5 207.5 214.1 218.6 221.9 223.7 225.3 223.8 222.9 220.4 213.6 204.9 197.1 183.9 171.5 162.5 154.2 148.3 141.5 135.5 131.5 127.8 126.3 123.5 119.3 114.9 110.2 105.5 103.2 105 108.3 109.6 108 105.5 105.4 105.5
133.7 138.6 144 149.4 156.5 166.2 173.7 180.1 186.1 188.4 190.8 192.5 192.5 191.2 189.5 185.5 181.4 176.6 175.6 175 177.8 176.1 174.1 171.5 169.2 169.8 174 178 184.3 190.9 196.9 199.1 201 200.1 202.2 199.8 194.9 189.3 186.9 186.8 191.7 202 208.1 213.3 220.8 228 233.6 237.7 237.3 237.3 234.9 229.7 225.5 216.1 209 198 187 174.9 165.9 156.4 150.2 141.4 135.1 130.2 127.5 126.5 123.2 120.3 115.8 111.8 106.1 104 106.6 108.1 109.7 108.9 107.5 107.1 106.8
137.5 142.7 147.7 154.3 161.3 169.9 177.1 182.6 188.9 191.2 192 194.7 196 196.5 194.6 192.1 189.2 187 187 187.1 187.9 188.1 186.5 185.4 185.5 184.7 186.7 186.8 192.8 198.9 202.5 203.8 207.5 211.5 213.4 212.5 207.2 202.9 198 198.8 200.7 207.9 215.9 222.1 231.4 240.4 246.2 248.5 248.9 250.6 250.7 248.6 238.9 229.6 219.6 211.4 189.1 179.7 172.2 161.3 152.2 140.8 132.9 127.8 126.7 124.5 121.5 119 113.9 109.5 106.9 108.4 108.7 108.1 108.7 110.1 109.8 109.2 108.2
142.2 147.9 151.2 157.3 164.1 171.4 178.9 186.4 189.6 193 196.1 198.4 201.3 203.3 202.3 200.9 198.4 196.6 198 201.6 204.9 205.1 203.4 202.5 201.5 198.8 198 199 203.5 209.4 212.9 215.2 219.2 222.4 223.3 220.6 218.1 215 209.7 207.7 209 215.5 223.4 230 239.9 248.8 253.9 256.4 259.4 261.1 258.3 255.6 247.9 238.4 223.3 212.2 198.6 185.5 173.7 162.7 154.6 144.5 138.2 134.1 131.8 128 125.8 122.7 118.2 113 111.7 113 111.2 110.3 110.3 111.7 112.8 112.5 112.3
148.4 151.7 156.2 160.8 167.4 173.5 181 187.1 192.1 196.2 199.9 203.2 206.8 209.8 209.8 210 209.1 208.9 210.1 212.6 216.1 217 217.2 216.6 214.1 213.6 212.9 212.8 214.9 219.7 223.4 226.4 227.9 228.9 229 226.4 226.8 227.3 221.6 218.3 219 223.6 230.9 238.2 247.7 254.9 259.1 261.9 265.7 265.1 260.1 256 250.4 240.7 224.9 213.9 205.1 192.2 178.5 165.8 158 149.7 143.5 140 138.5 136 131.8 129.3 125.4 122 118 115.9 114.3 114.5 116.4 116.6 117.3 119.2 118
156.3 158.4 161.3 165.7 170.6 176 182.2 188.5 193.8 198.2 203.5 208.4 212.7 216.5 217.5 218.4 219.6 220.4 221.9 223.7 225.5 228.1 229.2 229 228.5 229.5 229.5 228.1 227.7 227 229.1 231 233.5 234.5 235 232.8 234.8 235 229.8 225.2 225.4 228.8 236 246.2 254.6 262.5 267.5 271.9 274.4 271.9 267.4 262.7 258.3 250.6 230.8 218.5 208.1 194.9 179.5 167.5 161.2 153.4 146.8 144.1 141.6 139.2 136.1 133.4 128.9 126.2 121.1 120.8 120.7 121.7 123.3 123.9 123.2 123.1 122
