public/OST50/NO69.asc
ncols 200
nrows 200
xllcorner 360000
yllcorner 790000
cellsize 50
[rows 35 to 69 of 200, columns 0 to 78 of 200]
90.9 98.4 106.4 118.8 131.6 139 141.5 147.7 149.8 150.5 151.3 154.5 156.1 158 160.7 162.8 166.8 171.3 174.7 180.9 184.6 190.4 192.5 193 187.3 177.5 179.8 179.2 187.3 198.8 208.6 217.7 219.8 226.5 227.8 225.9 223.8 220.1 208.2 198.8 183.9 173.1 164.5 156.6 151.8 149.2 145.8 143 137.9 132.7 128.4 124.4 125.7 123.9 120.1 116.8 113.1 111.2 114.1 114.2 111.1 108 107.6 107.6 107.8 108.7 109.4 114.8 118.9 120 122.1 124.9 127.9 130.3 133.7 134.7 137.1 137.3 137.1
91.8 93.1 103 112.8 121.8 129.6 138.2 139.8 143.4 145.9 148.4 152.1 155.6 158.6 160.9 164.9 170.2 174.7 179 176.6 177.6 180.5 181.6 181.4 176.4 170.3 168.5 174.3 180.3 186.8 196.2 204.5 208.5 218.8 223.7 220.9 224.9 223.4 215.8 201.2 190.9 177 167.7 160 155.2 152 147.4 143.4 138.3 132.6 129.4 125.3 120.4 119.2 117.3 117 115.8 114.5 112 109.9 109.2 108.7 108 107.4 107.2 106.9 106.1 108.2 111.9 116.1 118.5 119.9 123.1 125 126 126.4 126.1 127.9 129
90.4 92.5 97.4 106.6 114.2 122 128.6 132 138.9 143.2 148.6 152 156.7 159.8 162.4 165.4 171.4 174.5 178 176.2 176.4 174.9 174.2 172.4 170.4 167.9 167.9 167.7 172.6 182.2 191.5 196 203 209.6 213.5 214.6 213 217.1 214 206.8 192.5 183.3 172.9 162.4 156.9 153.1 148.8 146.5 138.1 133.6 130.3 124 125.7 130.3 124.1 119.3 118.3 114.5 113.4 111.8 110.3 109.1 108.1 107.4 106.7 106.8 106.8 106.7 107.3 108 113.2 117.1 119.9 121.3 123.5 122.5 122.8 124 122.1
88.6 92.4 92.4 100.1 105 113.9 123.5 132.2 140.6 143.8 149.2 156 161.7 167.8 171.5 176.6 177.4 181.5 182 180.7 176.2 173.9 171.4 169.1 168.1 168.6 167.8 167.5 168.3 171.2 182.5 189.6 196.4 207.6 211.2 208.9 207 207.1 203.7 203.8 193.8 182.9 173.5 163.3 154.3 147.9 144.1 140.5 135.7 129 130.3 131.9 139.7 149.6 149.8 148.1 137.6 128.5 120.8 118.6 113.9 110.5 108.4 107.7 106.8 106.4 106.3 107.3 107.6 105.7 107.6 110.5 114.7 118.3 122.6 123.7 122 120.8 119.8
88.8 90.9 92.1 93.4 101.2 107.4 116 125.5 135.3 142.3 149.3 154.9 163.7 169.7 178.8 187.1 188.8 186.8 186.3 185 178.4 174.4 172.6 170.4 169.5 169.2 168.3 167 167.6 168.3 174.6 180.7 185.6 194.9 201.4 204.7 205.6 203.7 201.7 199.5 186.3 177.6 172 161.5 154.6 144.9 142.3 139.2 136.3 137.1 139.9 146.9 153.7 162.5 167.6 170.4 167 147.9 137.7 126.1 121.5 119.3 113 109.2 107.5 107 107.6 106.2 105.5 105.5 105.5 107.1 109.4 112.4 115.8 121.4 121.6 121.5 122.5
88.3 89.1 91.8 92.1 94.1 101.1 108.7 118.3 126.5 136.3 143.6 151.2 160.6 168.6 177.3 185.6 190.6 195 192.9 186.3 180.5 177 175.7 174.9 172.6 171.6 169.8 168.7 165.9 166 168.1 173.7 177 181.5 191.3 198.6 202 200.8 201 197.1 187.2 176.8 169.7 161.5 157.7 154.1 148.6 140.9 143.7 148.9 152 157.8 165 172.3 176.2 178.1 176.6 173.8 160.1 147.9 135.4 126.4 121.7 116.4 111.8 107.8 108.6 108.4 105.5 105.5 105.5 105.5 105.5 105.5 107.3 111 112.7 118.9 119.6
87 87.6 88.9 92.1 91.8 94.3 104.8 111.2 119.8 128.4 137.2 144.9 159.7 166.9 172.9 179.4 186.4 190.6 188.7 181.9 178.5 176.8 176.1 174.8 174 173.4 171.8 168.7 166.8 164.5 164.2 166.5 169 173.5 181.9 192.5 198.7 199.7 199.7 194.4 185.2 175.8 168 163.3 159.2 155.2 148.3 150.3 156.5 159.2 164.3 169.6 170.8 174.9 176.8 178 180.7 179.7 171.3 162.4 152.9 143.5 135 128.4 121.2 115.5 114.6 114.2 110.2 108.6 107.8 107.2 106.3 105.4 105.8 106.8 108.8 110.8 112.4
83 84.8 87.4 88.2 90.7 92 94.8 104.3 114.2 122.7 133 137.4 148.5 160.4 169.1 176.5 182.9 183.7 180.4 176.2 173.7 175.1 173 171.8 170.8 168.9 168.7 167.3 166.6 165.3 161.7 162.8 164.3 165.9 175.8 184.4 187.8 191.1 195.1 189.5 181 173.2 164.2 160.8 156.4 150.6 150.6 167 168.7 170.2 173.9 178.3 181.7 179.8 180 180.9 181.1 180.1 174.8 167.8 161.9 153 145.5 139.9 135.3 128.7 125.1 123.2 118.1 115.4 113.3 111.7 111.9 111.8 110.3 108 107.3 107.8 107.3
90.4 83 83 85.9 86.8 90.7 91.8 97.4 106 115.4 125.4 132.9 140.7 153 163.3 169.8 176.1 177.5 172.3 168 165.1 164.8 165.7 165.5 164.7 164.5 163.9 163.6 163.6 163.7 162.7 157.6 160.5 159.4 166 176.5 181.7 181.5 183.4 181.4 175.1 165.8 158 154.5 153.6 150.6 160.1 166.6 174.5 180.3 189.1 188 187.3 183.7 181.5 182 181.5 176.4 173.8 168.6 162.8 157.9 152.5 145.7 140.1 134.9 130 126.5 122.4 120.7 116.5 114.9 115.3 116.2 116.3 113.5 111.4 110.6 109.4
106.9 92.8 83 83 83 86.4 87.8 92 96.3 108.5 117.5 127.7 134.2 142.7 149.1 157.9 162.9 161.9 159 155.3 154.7 154.4 155.5 157.6 158.3 158.4 158.2 158 157.3 156.3 157.1 156.3 156.2 156.9 162.1 169.9 177.6 180 178.6 175.3 168.2 158 154.5 152.4 150.6 150.6 158.7 167.4 177.1 183 189.5 189.8 189.5 185.9 183 183.9 177.6 173.4 169.5 165 160.1 156.1 152.3 147.1 142.8 136.2 132.3 128.7 124 120.3 116.9 116.5 115.7 115.1 116.3 115.4 114.1 111.7 109.4
118.3 111.2 97.1 87.1 83 82.7 82.5 86.4 88.1 97.3 113.1 122 128.4 132.7 139 141.1 143.7 144 145.6 140.6 143.3 143.5 143.8 145.8 148.3 149.2 150.3 151.9 152.6 152 152.6 151.5 148.5 152 153.3 161 169.7 171.9 171.8 169.9 163.1 156.6 154.9 152.6 152.2 158.2 168.5 169.2 177 184.5 188.1 187.4 186.1 186 181.4 180.2 175.3 170.9 165.9 160.7 155.9 152.6 149.9 145.7 140.6 134.6 129.7 125.8 122 117.1 114.5 113.7 112.9 112.3 111.5 110.4 108.6 108.1 106.8
114.6 113.1 111.2 106.8 92.3 83.7 82.5 82.5 85.2 88 101.1 111.8 118.2 120.9 124.7 128.5 131.9 131.7 129.6 126.7 132.6 133.1 134.7 137.3 138.3 139.4 141.2 144 146 146.3 146.4 146.4 145.3 146.4 148 150.4 156.2 163.9 164.8 162.9 159.5 157.3 154.4 161.5 165.3 166.7 171.6 176.2 176 186 188 185.6 181.8 181.5 176.9 173 168.2 163.4 159.1 155.3 151.8 148.4 144.9 140.8 135.9 131.2 124.9 121.7 119.9 116.5 115.8 114.1 111.5 109.5 106.3 104.9 103.2 102.9 101.1
111.3 110.1 107.4 106.3 107.3 93.9 86.6 82.5 82.5 82.7 88.6 95.4 101 103.5 108.9 113.9 117.3 118.9 117.5 116.7 124.1 126.3 127.7 130.7 131.1 131.1 133.5 136.2 138.8 141.1 142 141.6 141.6 142.2 143.5 145.3 148.9 154.6 157.2 160.1 158 157.8 157.9 165.9 169.9 171.5 169.8 176.5 180.5 183.7 182.1 180.5 178.2 174.5 170.5 165.9 161.1 156.3 153.7 149.2 143.6 140.3 137.4 133.9 131.8 128.4 123.7 121 119.8 117.3 117 116.8 112 109 104.1 101.3 98.8 96.6 95.4
105.8 104.9 104.1 103.2 102.3 102.1 88.5 86.6 85.5 81.8 81.1 86.4 90.2 94.1 96.8 102.3 107.5 108.8 108.4 110.4 115.1 119.2 119.7 122.7 124.3 125.5 127.7 128.9 130.4 135.9 137.2 137.4 139 140.2 142.1 143.9 146.9 149.4 153.1 156.4 156.8 158.4 163.3 168.6 171.9 175 173.9 171.4 177.7 178.5 176.9 174.1 172.1 168.3 163.8 158.3 153.4 150.6 149.5 145.8 143.4 137 133.4 131.1 128.2 125 121.7 118.9 117.4 114 112.7 111.7 110.2 106.9 101.3 98 95.2 92.7 91.5
101.7 101.8 100.9 101.1 100.7 100.3 96.5 88.2 86.8 85.6 80.9 80.6 85.3 85.5 87.9 90.3 96.5 100.1 101.5 104.7 109.3 112.4 116.6 120.5 122.8 125 126.5 126.9 127.8 129.7 131.9 134.1 135.5 138.9 142.8 144.5 148.1 150.6 151.7 152.7 156.4 160 164.4 169.2 172.4 173.7 174.8 173.5 170.8 170.2 166.6 165.2 167.7 162.7 155.5 151.1 148.7 143.4 143.2 140.5 135.8 133.9 128.7 125.8 122.2 121.3 117.4 113.7 113.7 109.4 107.9 106.5 104.6 101.4 97.6 94.7 91.6 90.6 88.7
97.3 94.5 94.7 95.2 96.7 97 97.7 89.4 89.1 87 85.2 82.2 80.6 80.6 85.2 88 88.6 94.1 96.8 100.4 107.5 115.4 121.8 126.6 129.8 131.5 132 130.2 130.3 130.8 131.6 130.9 133 134.7 137.2 140.9 144.8 147.5 150.4 153.8 157.6 160.8 164.4 169.2 172 173.9 175.1 175.2 174.1 173.1 171.4 169.8 167.6 165.5 159.2 154.1 149.3 144.2 136.5 133.4 130.7 129.2 128.5 125.1 123 119.2 115.1 111.7 107.5 104.8 103.3 101.5 98.8 96.1 92.9 92.1 90.3 88.8 87.4
91.3 90.8 90 90.6 90.1 89.2 91.9 90.1 88.7 88.5 88.1 86.8 86.4 83.6 79.9 88.8 90.9 94.2 98.7 103.4 110.6 118.6 131.2 137.3 138.7 137.6 136.9 136.2 135.7 138.4 139.4 139.1 135.6 134.5 137.6 140.3 143.7 148.6 150.8 155.3 158.9 161.2 163.6 167.2 170.1 172.5 173.7 174.6 173.8 172.7 170.2 168.1 166.4 163.3 159 154.9 150.4 145.9 140.5 136 132.9 133.2 133.8 131.2 127.6 123 118.5 113.5 109 106 103 101.7 101.1 98.2 97.2 95.2 91.2 89.2 88.5
90.2 90.4 89.6 89.6 89.6 89.4 88.8 89.9 90.3 90.2 89 87.5 86.2 85.3 80.3 90.2 95.4 102.7 107.1 113.1 118.8 125.1 133.3 137 136.8 142.9 150.5 160.5 153.5 146.8 149.6 150.7 147.5 142.1 138.6 140.3 144.8 147.6 150.4 155.3 158 159.4 160.9 164.8 168.4 170.6 171.3 171.2 170.5 169.4 167.5 165.2 162.7 159.1 155.7 151.8 147.3 142.7 138.4 137.1 136.2 134.3 131.8 129.5 126.8 124.1 120.5 116 111.7 109 108.7 107.3 105.6 104.7 101.9 99.9 95.4 94 92.1
90.6 90.4 89.8 89.7 89.5 89.7 89.7 89.5 90.4 90.8 89.3 89 88 87.2 81.1 79.3 95.6 106.9 113.8 121 128.5 135.5 140 138.2 143.6 155.1 157.9 163.6 167.7 162.1 158.3 155.8 153.5 149.7 144.1 143.3 147.3 148.3 150.1 154.1 155.7 156.8 158.7 161.4 164.9 168.2 169.1 169.2 168 166.4 163.9 161 159.1 155.4 152.2 148.4 145.2 141.8 139.7 138.4 135.7 132.6 130.7 127.9 123.8 121.8 118.5 115.5 112.3 110.4 110.3 108.2 108.2 105.7 102.7 101.5 101.5 98.4 96.9
92.9 91.6 91.2 90.4 89.8 88.8 89.9 89 90.5 91.6 91.2 89.6 88.4 87.9 84.3 79.3 88.1 100.8 112.9 117.7 128.6 135.2 141.6 143.3 143.4 148.2 153.1 158.3 161.2 160.7 161.8 159.5 155.2 151.8 147.6 145.6 146.9 148.6 150.1 153.9 156.6 157 158.1 158.4 161.2 164.1 165.9 166.8 165.9 164.1 161.4 158.8 156.5 153.5 149.4 144.8 143.3 141.4 138.4 135.7 132.6 131.2 128.2 124.5 121.1 118.4 116.3 113.6 113.2 111.6 110.9 109.8 108.2 105.9 103 100.7 101.1 99.4 96.6
103.4 97.8 95.5 92.9 91.7 90.4 89.3 89.3 88.3 89.9 90.8 90.2 88.9 88.3 86.3 79.3 81.4 91.4 106.5 115.8 123 129 133.4 138.5 139.6 141.1 146.8 148.6 150.8 152.6 152.5 151.2 148.7 147.3 144.7 143.6 145.9 146.1 148.1 151.5 155.1 155.6 157.3 156.9 159.6 161.8 166.4 169.6 167.4 163.3 159 155.7 152.9 149.7 146.2 142.7 139.4 137.9 134 132.7 130.6 127.5 124.4 121.7 116.9 115 113.6 112.9 113.4 110.5 109.1 108 105.4 103.5 101.3 98.3 97.9 94.3 89.6
117.7 111.2 106.8 102.5 100.7 101.5 100.5 94.4 93.6 91.4 88.7 90.5 89.9 89.2 87.4 82.9 79.3 84.6 96.3 106 113.4 119.8 123.1 126.6 128 133.3 136.7 139.3 141.9 143.9 145.1 143.4 141.8 139.4 138.9 139.2 139.2 143.1 145.3 147.8 151.3 154.4 155.8 157 156 160.5 169.7 172.8 168.1 163.7 159.3 154.7 150.1 146 141.6 138 135.2 131.5 129 126.9 125.3 123.5 120.4 118.4 114.4 113.9 112.6 111.8 109.2 107.2 106.4 103.8 100.7 98.7 95.3 97.2 88.2 86.1 84.6
128.6 122.4 117.5 114.1 112.3 108.5 106.8 105.4 100.8 98.6 93.9 89.3 89 88.6 88 87.7 79.3 82.6 85.5 96.1 103.3 110.2 116.1 118 119.6 123.5 126.1 130.8 131.8 136.5 138 137.1 136 135 134.8 135.9 136.5 140.5 142.9 146.4 149.9 152.6 154 154.5 153.5 154.6 156.3 159.1 158.8 157.5 154 150.2 145.7 140.9 136.7 132.6 129.4 126.7 123.8 122.2 119.7 117.3 114 114.1 112 110 110.6 107.9 104.5 101.5 100.8 95.2 94.9 91.5 90.4 90.3 89.7 92.7 93.4
134.2 129.8 124.8 120.7 120.1 115.4 112 109.3 107.6 101.6 98.3 99 89.5 87.7 88.5 88.1 86 79.3 83.8 85.2 92.5 99 104 111.7 112.2 114.7 119.5 123.7 124.1 125 126.1 127.3 128.4 130 132.4 132.6 135.7 139.5 143.2 146.3 149.3 151.8 152.5 153.3 151.9 151.2 149.4 149.4 149.9 148.5 144.2 139.3 133.8 130.3 127.4 125 122.6 120.4 118.8 116.9 111.9 112.4 110.6 110.9 109.7 105.7 105.3 100.5 96.1 95.3 93 93.4 95.9 96.6 96.7 97.6 100 102.8 105.4
136.1 133.1 130.5 126.1 123.6 120.4 116.4 113.3 110.2 105.8 102.5 100.5 98.5 94.3 87.6 85.4 84.3 79.3 79.3 84.1 84.9 87.1 92.7 99.1 102.6 106.8 110.5 114.4 114.6 116.1 117.1 120.4 123.5 126.6 130.9 134.6 136.7 139.5 141.8 146 147.9 149.8 151 150.7 149.1 147.2 143.6 142.5 141.3 137.8 133.8 129.7 124.8 120.6 117.5 117.6 116.5 116.8 115.4 111.6 108.5 109 107.2 106.9 104.4 103 100.2 99.1 98.9 96.1 99.1 98.8 102.2 103.8 105.2 106.6 107.4 108.2 110.9
138.7 136.1 132.4 129 125.5 123 120.3 116.4 112 108.4 106 104 102 99.3 96.9 90.3 86.7 85.6 79.3 81.5 84 83.8 82.7 93 94.1 96.5 100.4 102.1 106.2 106.7 110.5 116 121.1 127.2 129.7 132.4 134.7 137.5 140.3 144.3 145.4 146.9 146.5 145 143.7 141.1 138.9 136.6 133.6 129.7 126.2 123.3 119.1 114.7 114.2 115.3 114.6 114.7 111.7 109.3 109 109.8 110 107 102.5 100.9 100.5 101 101.1 104.2 104.5 101.8 106.9 109.5 110.7 111.2 111.7 110.6 113
140.6 138.5 135 130.7 126.9 123.7 120.6 117.8 114.6 111 108.5 106.7 105.6 101.2 97.6 95.1 87 86.7 83.5 79.3 84.4 83.8 83.6 83.5 88.8 92.5 91.1 92.2 92.8 97 103.6 108.1 117.2 122.8 125.8 128.9 131.7 134.9 138.6 141.4 143.2 145.8 146.4 144.2 142.1 137.1 134.3 131.1 128.8 125.8 123.2 118.5 115.4 112.6 112 112.2 111.2 109.3 111.2 106.9 111.1 110.7 108 106.3 102.3 104.1 106.2 112 113.3 115 114.8 114.6 112.3 112.4 113.7 117.2 116.8 117.2 117.8
142.1 139.4 135.6 131.5 127.5 124.2 121.2 118.8 116.3 113.1 110.3 107.8 104.4 101.2 99 97.2 91.8 87.4 85.3 79.3 79.3 83.3 83.4 83.1 83.4 84.6 84.7 85.5 86.6 87 94.6 102.4 110.5 116.6 120.5 124.4 127.5 131.7 134.3 136.4 140 141.3 142.9 141.9 140.1 135.7 132.5 128.3 126.3 123.8 120.9 117 113.7 110.6 109.1 108.3 108.4 109.1 108.5 106.5 110.5 108.5 107.7 108 110.7 114.9 117.9 120 121.6 122.1 123.4 123.3 120.1 120.4 118.1 119.2 120.8 121.2 121.7
143.5 140.1 136.3 132.4 128.7 125.2 121.8 118.9 116.8 114.3 110.6 107.5 103.2 100.3 97.9 97.9 96.2 88.3 87.1 86.4 80.9 78.3 81.5 83.4 83.1 82.3 83.4 84 84.7 84.8 90.8 96.6 102.8 110.7 115.7 118.5 123 128.1 128.2 132.8 133 136 136.5 135.3 133.9 130.6 127.7 125.4 123.2 119.5 117.4 114.1 111 107.8 105.3 105.1 106.3 106.4 106.3 106.8 108.2 109.2 111.5 115.4 121 125.3 126.5 126.8 126.3 126.8 128.1 130.1 131.2 138.3 140 134.3 125.3 125.5 124.7
145.4 141 137 133.4 130.2 126.7 122.7 119.1 115.8 113.2 109.9 106.4 102.2 99 97.3 97.5 96.2 89.3 87.3 86.9 86.5 82.4 78 77.4 82.6 82.7 82.1 82.4 81.9 82.4 86.5 91.5 97.1 104.9 114.8 116.8 118.7 121.7 125.6 127.9 129.3 132.2 132.7 131.3 128 123.9 122.1 120.3 118.8 114.8 111.5 109.5 106.8 105.6 103.9 103 102.8 101.9 100.1 103.1 108.8 112 115.8 119.9 127.5 132.9 136 137.7 136.8 134.8 137.8 142.1 144.2 153.2 152.4 146.5 137.8 132.4 130.9
146.2 141.5 137.5 134.2 132 128.1 123.6 119.7 115.2 111.6 108.4 105.2 101.7 98.4 97 96.6 96.2 93 87 87.4 87.3 85.9 82.6 77.4 77.4 81.5 82 82.2 82.9 82.3 81.4 90.8 94.6 100.2 108.6 117.9 119.8 121.4 122.7 127.7 128.1 129.4 129.5 127.1 123.5 121.2 118.4 116 114.5 110.1 106.4 103.6 102.2 101.3 100 99.4 97.8 97.4 96.3 102.2 109.9 115.4 120.5 124.8 130.2 134.8 141 146 144.4 143.2 145 150.8 152.8 155.5 156.3 153 151.1 144.8 139.5
146.1 141.7 138.5 135.8 133.4 129.3 124.9 120.1 115.1 110.6 107.4 104.7 101.9 98.3 96.4 95.8 95.4 90.1 87 86.9 87.5 86.4 84.8 83.8 77.4 77.4 77.2 81.2 81.7 82.1 82.4 84.9 90 98.1 106.4 114.3 118.8 120.4 122.5 127.3 127.9 128.5 125.1 120.8 117.7 115.6 112.9 110.4 107.5 105 102.8 102 99 98.3 98.1 98.6 95.1 94.1 95.5 102.9 110.9 117.7 124.4 128.5 133.2 139.4 146.5 154.4 154.5 150.6 148.6 151.8 155.4 157.5 159.6 164.3 164.2 160.9 150.4
146.9 142.2 138.9 136.8 134.1 129.6 125.1 120.7 115.9 111.4 108.1 105.2 101.6 98 95.3 94 92.6 91.2 86.5 86.8 87.6 87.5 87.1 85.3 83.6 83.5 77.1 77.1 77.1 80.6 81.1 82.1 85 95.5 104.3 111.3 116.2 116.5 117.6 122.3 121.3 119.1 117.4 114.6 112 106.6 107.2 106.8 100.9 96 98.4 97.9 95.8 97.1 95.2 96.5 94.2 93.1 94.1 101.2 109.1 117.5 125.1 131 135.6 142.7 149.9 158.3 162 157.9 154.2 155.3 157.1 158.7 161.3 167.6 173.9 173.6 162.3
148.3 143.6 139.8 137.6 133.4 128.8 124.5 119.8 115.3 111.6 107.5 104.2 100.7 96.9 94.1 92.5 92.4 88.9 86.6 86.8 87.7 87.7 87.8 86.1 83.5 83.3 83.1 82.7 77.1 77.1 77.1 81.1 82.6 88.6 99.7 105.9 109.1 110.4 111.9 115.2 113.9 109.4 106.2 102.5 99 95.7 94.4 93 92.1 91.2 93.6 89.8 88.2 89.3 89.4 90.1 91.4 92.3 94.9 102.1 109.3 117 124 130.8 138.3 144.8 153.4 159.4 163.8 163.3 161.2 160.1 160.5 158.3 160.5 166 173 177 167
149.5 145.9 141.9 135.8 129.6 124.3 121.1 116.5 111.9 108.3 104.9 101.9 99.1 96 93.9 91.3 90.5 88.5 87.4 87.6 87.7 87.9 88.1 87.8 85.7 83.2 82.8 83.2 82.7 82.5 77.1 77.1 77.1 84.3 92.5 97.9 101.6 103.6 105 105.7 101.9 97.8 94 92.6 86.9 86.4 85.6 84.2 83.4 87.2 85.7 84.7 84.2 84.4 84.9 86.6 88.4 90.4 94.9 101.5 108.6 115.9 121.7 128.6 136.4 141.9 149.7 157.9 163.3 165.4 165.4 163.2 163.1 162.1 160.6 157.8 165.9 168.6 160.6
