public/OST50/NO78.asc
ncols 200
nrows 200
xllcorner 370000
yllcorner 780000
cellsize 50
[rows 0 to 34 of 200, columns 0 to 77 of 200]
162.8 169.4 179.4 188.1 196 202.7 207.4 208.7 205.9 204.3 198.4 192.8 187.1 182.9 178.9 175.1 173.2 168.7 163.7 161.4 158.6 157.5 156.5 153.7 154.6 151.8 151.1 149.4 150.1 151.7 154.5 158.4 164.6 162.1 163.8 164.6 165.8 166.6 171.7 186.7 193.6 197.1 198.9 200.2 202.1 204 205.6 207.9 209.2 207.4 205 201.1 195.7 189.6 186.5 185.6 183.6 184.8 187 190.9 194 199.5 204 206.5 209.7 209.9 209.4 208.8 208.1 206.3 203 198.7 194.4 191.8 187.7 182.2 177.6 174.9
165.6 174.9 183.8 192.1 199.7 206.1 212.5 215.2 211.3 207.5 204.1 197.6 191.8 187.5 183.7 180.6 176.3 171.5 165.9 165.4 163.6 164.2 159.6 157.8 158 154.1 154.3 153.2 152.2 155.3 158 161.5 161.1 163.8 164.9 166.2 166.7 175.3 187.3 194.8 201.2 205.6 208.8 208.6 208.9 210.7 212 212.2 210.9 208.8 205.5 201 196.2 190.1 187.3 186.5 185.6 186.8 189.9 193.6 195.5 201.5 206.3 209.6 213.1 213.6 213.1 212.7 211.9 209.9 206.1 202.2 197.2 193.3 188.5 183.8 179.2 176.4
171.1 177.6 187.3 195.3 202 208.5 214.7 217.5 214.7 211.1 208.7 201.8 196.9 192.8 188.1 184.2 180.7 175.2 171 168.2 168.6 168.7 161.7 161.4 160.6 159.1 156.9 154.9 154.6 158.5 160.2 161.5 162.6 163 164.3 167.1 175 188.5 195.9 201.4 207.3 212.7 216.9 219.1 219.8 220 219.6 218.9 217.3 213.3 209.1 205.3 198.7 192.5 188.6 187.7 187 187.9 190.8 193.9 194.7 201.2 205.9 210.9 215.7 215.9 214.6 214.3 214.2 212.5 209 205.2 199.9 194.8 189.4 184.8 180.4 177
175 181.3 190.1 196.7 203.5 209.6 213.9 217.4 215.1 212.2 210.2 205.8 202.9 198.1 192.6 187.8 184.1 177.9 174.9 172.4 171.6 168.5 164.6 165.1 164.6 163.3 158.8 156.7 159.1 162.8 162.2 164.4 163.6 164.2 166.5 171.9 186.8 194.1 201.1 208.5 215 219.9 225 229.3 229.8 229.3 229 227.1 224.2 219.2 214.8 208.6 201 194.8 190.9 189.7 188.2 188.4 191.2 193.5 192.9 200.6 204.8 208.9 212.7 213.5 213.4 214.3 215.4 214.1 211.5 207.1 201.1 195.3 190 185.2 180.8 176.9
178.5 183.9 191.5 197.1 203.5 209.3 212.4 215.1 215.7 213.2 208.6 207 207.3 201.5 194.8 190.5 186 184 179.4 175.8 174.5 170.1 168.6 167.3 170 165.4 163.7 158.3 165.3 168.8 164.5 166.7 167.4 166.5 176.1 182.8 190.8 199.2 206.9 213.9 219.9 226.5 232.1 237 238.6 238.2 237.6 235.6 232.5 225.6 220.8 213.6 205.5 198 194.6 193.4 189.6 188.8 191.7 193.2 195 200 203.4 206.6 210.3 211.5 212.2 213 213.9 213.1 211.5 207.9 201.6 195.6 190.3 185.4 180.8 176.7
179 186 191.1 196.2 201.8 207.7 211 213.2 213.7 211.2 207.3 207.9 208.8 202.5 196.6 191.9 189.6 186.6 181.1 178.1 176.1 172.6 170.7 169.5 169.8 169.2 162.2 160.4 167.8 169.2 169.5 170.7 169 169.7 181.4 189.2 195.9 204.2 212.8 220.7 227.9 234 239.5 245.1 247.5 247.6 246 243.7 240.8 232.3 227.3 219.4 210.9 204.1 201.5 200.7 194 190.9 192.7 195.1 197.9 201.9 205.8 208.9 211.9 211 211 211.4 211.8 210.9 209.1 205.9 200.8 195.7 190.7 185.5 180.8 176.7
180.5 185.6 190.3 195.2 199.9 204.4 208.5 210.3 210.4 209.5 207.2 207.4 207.9 202.3 197.9 193.8 191.2 188 184 179.3 176.5 175.8 172.5 170.8 171.6 164.7 164.1 164.2 166.6 173.4 174.8 175.3 172.5 178.1 185.1 192.3 200.7 210.5 219.2 226.3 235.2 240.5 245.8 253 255.2 255.6 254.1 251.5 247.5 238.3 233.7 227 219.3 214 211.5 210.2 202 196.9 196.4 199.6 201.7 205.3 206.6 208.2 208.6 207.9 207.9 207.7 207.5 206.4 204.6 201.2 198.1 194.6 190.4 185.7 180.1 175.2
180.3 185.2 189.6 193.6 197.8 201.5 204.4 205.1 206.5 206.4 205.6 205 204.6 201.3 198.6 196.1 191.8 187.5 183.3 180.5 180.6 177.4 174.4 172.2 170.2 166.7 170.7 169.8 169.2 171 175.4 180.1 177.2 182.5 190.5 197.7 206.7 215.4 224.5 233.5 242.5 249 254.9 261 263.1 264.3 262.4 258.2 254.2 245.6 240.7 235.8 228.9 225.1 223.5 221.1 211 204.5 203.1 204.9 208.4 207 204.9 205.6 205.5 204.9 204.6 204.3 203.9 202.8 201 198.9 196.3 192.2 187.9 183.1 173.5 173.3
181.4 183.8 188.3 192.2 195.8 198.9 199.4 200.4 202.2 203.4 203.5 203.1 202.3 200.9 199.5 197.6 194.1 188.8 185.3 181.9 180.6 178.6 176.1 173.8 174 172 174.6 172.7 172.7 173.6 177.3 179.8 183.1 188.4 195.7 203.3 212.7 221 231 240.2 249 256 263 269.9 271.6 271.6 269.1 265 262.5 251.9 246.6 243.9 239.5 236.1 233.8 232.6 221.8 213.9 211.9 212 214.9 211 206.6 204.7 203.6 201.8 201.3 201.3 199.6 199 196.9 194.8 191.1 186.2 183.2 175.6 173.9 176.7
183.6 185.4 187.6 188.9 193.4 196.7 198.1 198.5 199.5 200.6 201.3 201.5 200.9 200.1 199.6 198.1 193.4 189.8 187 181.7 182.6 181.5 178.8 176.1 176 178 177.7 177.2 177.4 179.3 181.2 182.8 187.3 193.4 201.7 209.7 218.7 226.2 236.8 247.5 255.4 263.7 273 279.4 281.3 280.3 276.4 272.4 269.5 258.3 253.5 251.8 248.2 245 244.2 244.5 236.5 228.8 223 221.3 221.3 217.7 212.9 210.3 206.1 200.8 199.4 198.8 197.4 194.8 192.2 189.7 186.4 182.4 177.3 176.6 175.5 181.5
186.2 187.3 188.5 189.3 193.7 194.8 196.3 197.4 198.2 199 200.2 201 200.7 199.8 199.6 198.1 194.3 191.5 181.7 185.5 186.4 186 184.1 184.6 184.1 183 182.5 187 182.6 183.2 184.2 186.9 192.7 199.5 207.6 216.2 224.4 233.1 244.5 253.9 262.7 272.4 283.7 289.4 291.9 289.8 283.4 278.7 273.9 266.3 262.2 259 256.5 254.9 253.7 251.9 246.6 240.4 234.2 230.2 228.4 225.5 221.6 217.3 211 203.5 199.2 197.3 195.7 192.2 188.7 186.3 182.8 180.1 178.3 180.3 183.2 185.6
187.7 189.1 189.5 190.5 193.4 194.5 195.4 196.3 198 199.1 200.3 200.9 200.1 198.8 198.1 198.1 188.5 188.3 189.5 189.6 189.4 188.7 187.9 187.7 186.5 185.7 185.9 186.5 187.1 188.4 188.1 193 199 206.4 214.4 222.2 231 240.9 252.8 262.1 271.5 283 293.6 298.5 300.8 299.3 290.5 285.6 279.4 274.3 270.5 267.1 264.6 264.4 263.4 262.3 256.6 249.9 244.7 239 235.3 231 226.3 221 214.8 207.4 201.7 196.9 193.9 189.8 183 182.1 181.3 183.3 186.4 188.8 191.1 191.6
190.2 190.9 191.4 191 193.1 195.7 195.7 195 194 197.1 200.2 196.3 189.6 189.1 187.4 187.6 191.9 196.8 195.7 195.8 196.1 196 196.5 194 197.9 194.7 196.4 197.2 195 191.6 193.5 198.5 206.2 212.3 221.1 229.1 237.6 248.9 259.8 268.3 278.3 291.8 301.6 307.3 308.8 307.1 299.7 294.5 286.3 280.8 277.8 276.1 272.7 272.5 272.4 270.4 265.2 259.1 253 247.5 241.7 234.8 228.8 222.3 215.7 208.6 203.1 197.1 191 186.5 184.3 185.2 187 191 195.6 198 199.7 199.6
192.7 193.2 194.5 194.2 194.4 195.6 196 196.1 194.9 193.6 193 194.8 195.1 197.6 197.2 199.4 201.4 202.4 202.7 203.9 204.1 204.5 205 206.1 207.8 211.6 209.8 206.3 203.4 196.4 197.7 205 212 219.3 228.1 235.6 245.7 256.9 266.2 275.2 288.4 300.5 309.3 315.1 317.8 316 308.2 303.6 294.6 288.8 284.8 281.4 279 279.8 279.5 276.4 272.1 265.5 259.6 252.5 244 236.8 229.5 222.5 215.9 208.4 201.4 194.4 188.4 185.8 185.6 191.8 196.8 201.4 205.1 206.8 207.8 207.4
196 196.7 198.3 198.5 198 197.5 197.1 196.8 197.1 197.3 198.1 198.7 199.7 202.7 204.5 205.4 206.6 208.3 210 211.3 214 218.4 220.8 223 222.4 220.6 216.3 212.1 208 201.6 204.8 210.7 218 224.6 232.5 243 252.5 263.1 272.6 283.5 297.8 308.6 317.3 324.7 326.7 324.2 318.9 311.5 303.7 297.5 292.2 287 284.7 285.3 285.4 281.4 277.3 271.4 263.5 255 245.7 236.6 229 221.2 213.7 205.4 198.1 192.4 189.1 186.5 192.2 198.3 204.6 209.8 214 215.4 215 214.4
200.7 201.6 203.4 204.9 205.9 207.3 206 204 202.8 202.8 202.9 202.6 205.3 205.4 208.9 209.7 212.2 216.4 219.2 225.1 228.1 230.7 232.9 233.5 229.2 222.9 222.7 217.5 213.1 206.3 212.1 217.4 224.5 231.5 240 248.6 258.4 269 279.1 291.8 303.6 315.6 324.2 330.6 333 330.1 325.2 318 310 304.6 298.8 294 289.9 289.6 287.5 284.7 279.1 272.7 264.3 256.2 243.6 231.9 226.2 218.8 210.3 201.3 195.3 190.9 188.9 194.2 198.4 204.6 210.9 216.9 221.6 222.8 222.6 221.8
205.4 208.6 212.2 214.7 214.7 213.3 212.9 213.2 211 210.1 208.7 207.3 210.4 212.3 213.5 218 220.7 224.8 228.4 232.5 235.8 237.5 236.7 236 233.3 231.6 226.4 222.1 218.1 213.3 218.6 224.7 230.6 237.7 245.6 254.4 264.1 273.7 284.7 297.6 311.3 322.7 331.3 338 337.9 335.7 331.4 325.6 317.4 308.9 304.1 300.2 295.5 292.6 289.8 284.9 278 271.2 262.8 252.3 240.2 231.6 223.9 215.2 205.8 196.9 191.1 190.6 195.9 200.1 204.9 210.1 216.6 222.6 227.9 229.4 229.4 228.5
212.5 217.8 223.2 226.1 226.7 225.2 223.3 221.3 219.4 216.5 217.4 215.2 216.1 218.3 223.6 225.7 228.5 231.5 234.9 238.6 242 243.3 243 242.7 240.7 235.8 230.9 225.9 219.8 220.8 224.9 230.7 235.9 242.3 250.8 259.5 267.7 278.6 290 303.8 317.6 329.1 338.5 343.6 343.5 342 337.4 330.2 322 311 306.5 301.8 297.9 294.5 291.4 285.1 276.4 268.5 257.9 247.4 238 229.4 220.1 210.6 202.2 195.6 192.5 198 201.4 206.4 211 216.5 222.9 228.8 233.5 234.6 235 235
220.6 226.9 233.5 235.6 236.3 235.1 233.2 230.7 226.7 226.4 226.6 222.1 225.2 228 230.4 232.7 235.6 238.6 241.7 244.8 247.4 248.8 248.6 247.9 245.3 241.6 235.4 229.7 225.3 226 231.1 236.3 241.4 248 255.4 263.8 273.2 284.8 298.3 311.1 324.2 335.8 344.6 348.7 349.1 347.3 342.5 332.8 325 314.4 307.9 302.1 296.2 292.8 288.1 282.5 274 262.7 250.9 243.2 234.9 224.9 214.9 205.5 198.6 194.7 198.3 203.9 209 213.5 218.1 223.7 229.7 235.4 241.2 243.9 245 244.7
228.1 235 241.3 243 243.6 243.4 241.8 239.1 235.3 233.9 234 232.9 234 233.4 237.6 241.1 244.2 246.2 248.7 250.8 253.4 254.4 254.4 252.8 249.7 245.7 239.7 234 227.9 233 237.5 242.5 247.3 254.3 261.2 270 280.8 292.6 304.5 316.5 328.5 341.1 349.8 354.4 354.7 352.6 346.4 336.5 326.3 315.5 308.4 300.1 292.5 288.3 283.3 276.8 267.7 253.9 245.6 238.5 229.5 219.6 210.3 201.6 197 194 205.6 210.2 216.2 220.5 225.1 231.1 238.6 245.1 252.2 255.4 255.9 255.8
236.7 240.7 248.3 250.8 252.1 251.2 249.5 247.7 245 243.1 240.5 240.6 242 240.1 244.9 248.1 250.6 254 256.2 257.3 259.1 259.5 259.2 257 253.4 248.6 243.5 238.1 237.3 241.7 244.1 248.1 252.4 260.1 268.2 276.2 286.7 298.2 309.2 323.6 335 344.8 354 358.6 359.9 357 349.3 338.3 325.8 315.6 306.9 297.3 288.7 282.9 276.9 269.2 260.1 249.9 241.6 233.2 223.9 213.7 206.6 199.7 197.1 205.4 210.9 217.5 224.2 229.1 233.7 242 249.4 254.7 259.2 264.6 267.3 268.7
246.6 250.6 255.9 258.1 259.4 257.8 257.2 255 252.9 250.9 249.6 248.1 247.3 246.7 250.8 254.3 256.9 260.9 263.3 263.6 264.4 264.4 263.2 260.2 256.8 250.9 246.5 242.1 245.5 249 252.4 254.6 259.6 266.8 274.5 282.5 292.9 304.5 316 328.1 340.1 348.2 357.7 363 364.2 360.4 352.1 337.9 324 312.1 303.9 293.6 284.2 277.2 268.2 264.3 255.1 245.9 238.6 230 219.2 210.8 204.5 199.1 206.4 210.1 216.7 225.9 234.1 240.3 247.7 253.4 260 267.3 273.2 277.3 280.3 280.9
258.1 257.8 262.9 265.4 266.1 265.3 263.2 260.2 258 257.6 256.2 254.3 254.5 252.5 257.3 261.1 263.5 266.2 268.2 269.2 269.5 269.4 267.9 263.9 260.2 255 250.1 249.9 253.6 257.3 260.4 263.9 269.4 276.7 282.8 289.4 299.2 311 322.7 334.6 343.8 352.1 360.9 365.6 366.2 362 351.9 334.4 320.9 308.2 301.1 290.1 280.3 271.4 265.9 258.7 249.6 243 235.5 226.5 217 209.1 203.4 204.5 211.5 217.4 224.6 234.3 243.6 253 259.8 268.1 274.3 284.1 290.5 293.2 294.3 294.2
266.2 267.1 270.8 270.9 271.1 270 268.5 267.3 265.8 264.7 263.9 263.2 262.6 260.3 261.3 266.9 270.5 272.6 273.9 274 274.7 273.7 271.6 266.5 263.1 257 253.1 257 259.9 264 267.1 271.9 278.8 285.4 291.3 297 306.9 317.9 328.9 339 347.8 356.4 363.5 367.2 365.6 359.7 346.9 332 318.7 306 296.2 285.9 276.2 269.1 261.4 252.4 245.7 239.6 231.4 222 213 204.2 205.3 211.1 215.9 223.1 231.5 241.2 252.7 261.2 273 282.7 290.7 294.1 303.9 307.7 308.1 306.1
278.8 278 277.4 275.8 275.5 275.4 273.7 272.4 271.6 271.3 271.3 270.1 268.5 265.9 265.9 272.7 275.6 277.7 279.5 279.2 278.4 277.4 274.4 268.8 265.7 259.9 259.2 262 265.2 270.7 276 281.1 287.8 293.9 301.5 309 318.2 326.8 335.8 345.6 353.5 359.8 365.2 366 362.6 355.6 341.3 328.6 316.4 302.3 290.9 280.9 273.5 264.9 257.5 249.3 241.9 235 226.4 217.7 211.3 206 209.6 215.6 221.9 229.4 238.8 248.6 260.3 270.2 281.3 294.7 305 313.4 317.2 320.4 321 318
290.1 288.1 285.9 284.9 282.7 283.8 280.5 276 275.9 276.6 277.7 276.3 274.8 272.8 272.4 274.7 279.5 281.3 282.8 282.2 281.4 280.6 275.1 271 266.2 263.5 264 267 270.3 275.9 282.5 288.9 295.4 303.3 312.3 321.2 329.4 337.4 344.5 352.5 358.1 362.8 365 363.4 357.8 349 336.7 325.6 312 298.3 287 280.2 269.7 260.4 253.9 245.8 236.9 230.9 222.8 215 208.8 206.5 215.4 221.4 227.9 236.2 246.1 255.4 265 276 285.7 304.8 317.7 325.1 328.1 330.2 331.5 329.2
300.6 297.5 295.7 295.2 295.3 295.4 292.1 288.2 286.2 285.5 285.5 283.7 281.9 278.6 278.1 277.7 281.3 282.5 283.8 284.8 283.7 282.5 276.8 271.6 268.1 268 268.8 271.3 276.2 281.4 286.7 293.6 302.6 313 321.9 331.1 339 346.5 352.7 358.6 362.8 365.6 364.3 359.6 352.4 343.3 332.1 320.4 306.2 292.8 286.1 277.1 266.6 257.7 251 242.7 234.8 227.3 219.6 212.6 209.2 215.4 220.3 226.5 233.6 242.9 251.3 260.5 270.1 278.8 297.4 311 325 332.7 336.3 339.4 341.2 340.1
310.5 307.3 304.9 305 306 306.1 303.1 299.8 297.7 295.6 293.6 291 288 286 284.2 282.4 282.6 284.7 285.7 286.2 286.5 283.1 275.6 271.6 270.3 270.3 272.6 275.7 280.3 285.9 290.8 298.2 309.3 320.9 330.6 341.1 349.6 355.3 360.3 364.3 366.7 366.9 363.9 355.8 345.5 335.7 326.8 312.6 298.7 292 283.7 272.4 262.6 254.3 247.4 239.5 231.7 222.2 216.4 211.3 209.9 221 225.8 232.6 239.6 248.1 256 263 275.5 287.7 300.8 313.5 327.2 338.7 345 346.8 348.1 349
319.1 315.7 313.3 312.9 312.9 312.8 312.1 311.6 310.6 307.3 303.2 297.1 295.2 291.5 288.9 288.6 286.9 287.4 288.5 288.6 287.7 284.5 276.2 272.3 272.5 272.9 275.7 279.2 284.3 288.8 296.2 303.8 316 327 338.3 349.8 355.9 362.5 365.6 368.1 368.9 366.1 361.5 351.5 339.9 329.2 317.5 305.6 295.3 288.9 279.8 267.9 258.2 249.8 243.5 235.5 227.4 220.1 213.6 211.7 217.9 225.6 231.9 239 246 253.1 260.8 264.5 279.3 290.7 304.3 317.1 330.5 343.9 352.3 353.6 354.1 353.3
328.1 324.6 323.1 321 320.4 320.8 319.9 318.2 317.1 315.1 311.6 306.4 301.1 295.1 292.3 292.9 291.3 289.8 291.2 291.1 288 284.1 277.5 275.4 275.6 276.6 278.9 282.6 287.5 292.6 302.7 310.2 321.6 332.3 346.2 353.2 361.2 366.1 369 369.7 367.6 362.9 355.3 346.6 333.9 321.8 310.5 298.2 292.9 284.6 274.1 264.3 254.5 246.5 240.4 232.5 227.8 216.1 214 226.8 228.1 228.9 236.7 243 250.5 257.2 263.6 270.9 280.6 290.2 306.1 318.2 332 345.1 354.2 356.6 355.2 353.4
337.7 333.7 329.9 330.2 332.4 331.2 329.9 328.7 325.5 322.9 319.2 314.4 308.1 300.7 296.2 296.6 294.3 293.6 294.3 293.8 288.9 283.6 279 277.9 279.2 280.3 282.5 286.6 291 297.5 306.2 315.9 325.7 337.7 348.8 356.4 363.7 367.4 368.9 367.3 363.3 357.3 347.4 338.2 326.6 314.1 304.7 295.8 288.9 279.8 269.6 260.7 252 243.9 236.6 227.6 218.6 217.1 229.6 233.9 235.7 235.7 241.7 248.5 255.4 262.1 267.5 275.5 283.6 290.3 307.8 319.3 331.9 344.6 353.3 353.9 351.1 346.4
343.7 341.4 340.5 341.1 341.6 340.8 339.2 337.7 335 330.2 326.8 322.1 315.1 306.5 300.7 300.2 297.9 297 297.7 298 291.7 284.7 282.8 281.9 282 283.1 286.4 290.7 295.7 301.7 309.7 319.3 329.8 340.5 349.7 358 363.2 365.6 364.7 360.7 356.1 349.9 338.2 327.1 316.8 306.1 297.2 291.7 284.1 274.8 265.5 257.7 249.3 240.2 231.2 221.3 221 230.4 235.4 239.2 241.7 245.4 247 253.8 260.4 266.9 272.5 280 287.6 296.5 310.7 321.2 333 344.5 349.1 348.3 342.5 335.9
350 349.3 349.9 351 350.9 349.5 348.2 346.6 342.9 339.4 335.3 328.9 321.8 312.6 305.3 303.7 302.1 300.4 299.9 301.4 297 290.7 287.7 285.3 285.6 285.1 289.8 295.7 299 303.6 311.6 321.5 331 339.7 349.4 357.5 360.9 359.8 356.2 351.9 346.8 338.5 326.9 316.6 308.7 300.7 294.5 288.1 278.6 270.3 262.3 254.4 245.7 236.4 228 223.4 230.3 233.3 239.9 246.1 250.9 255 257.1 260.4 266 271.8 277.5 284.5 291.5 304.6 315.6 325.4 335.8 344.3 347.3 343.7 334.3 325.7
361.2 359.3 360.3 361.9 362.5 361.3 358.7 356.6 351.4 347.4 343 336.4 327.9 319 310.8 306.8 305.6 305 304.6 305.5 302.9 298.4 294.9 292.6 290.8 290.1 292.3 299.7 300.7 304.7 311.7 323.2 330.2 336.9 348.8 354 355.2 352.7 349.1 343.3 336.2 327.7 314.9 307 299.3 292 289.5 282 271.4 265.8 259.7 251 241.5 232.6 224.9 230.5 234.8 239 246.2 253.1 257.4 262.2 265 267.5 272.9 277 282.5 288.9 296.4 310.3 321.1 331.5 341.6 346.1 344.6 338.3 327.1 311.6
371.6 371.4 372.6 375.1 376.8 374.7 370.6 367.6 361.6 354.2 349.1 342.4 333.1 324.5 316.8 310 310.4 310 307.9 309.2 309 304 298.5 297.8 295 293.7 294.3 300.8 301.1 305.2 310.8 319.1 328.2 333.5 343.8 346.2 347 345.1 338.4 330.6 325.4 317.7 307.2 297.9 293.6 286.3 282.7 274.3 268.7 263.3 256.9 248.1 237.9 226.3 229.4 234.9 239.8 245.5 252.8 259.3 262.4 268.6 273 275.2 278.9 283.8 288.2 295 306.4 317.1 327.7 338.5 343.6 344.8 339.7 332.8 319.7 303.5
