public/OST50/NO78.asc
ncols 200
nrows 200
xllcorner 370000
yllcorner 780000
cellsize 50
[rows 105 to 139 of 200, columns 78 to 155 of 200]
289.9 301.3 311.5 315 315.6 314.4 312.3 311.8 311.1 310.4 309 306.1 303.4 299.6 296.3 293.9 292.3 290.9 290.2 289.2 288 286.3 283.1 279.2 275.2 271.9 268.4 264.5 259.9 252.6 247 243.8 238.3 234 229.9 226.6 223.2 229.2 230.6 231.5 231.2 228.4 223.1 217.7 210.6 203.8 207.4 211.1 213.2 212.2 210.3 207.8 204.9 201.5 196.8 190.4 185.3 182.1 180.5 179.2 178.3 177.3 175.2 171.1 166.6 165 165.8 168.2 169.5 169.8 168.2 167.2 166.7 165.7 163.5 165.2 166.2 167.1
281.9 294.7 304.3 308.9 309.4 307.8 305.9 305.2 304.4 302.8 301.8 299.7 296.6 293.9 290.5 288.5 286.3 284.8 283.5 283.2 281.4 279.6 276.9 273.9 271.1 268.1 265.1 260.7 255.2 248.8 241 234.8 229.6 225.2 220.3 216.2 208.2 217.4 220.5 221.8 221.3 218.4 215.8 211.8 206.9 198.7 198.8 202.2 203.1 203.2 201.7 200.5 198.3 195.4 190.8 183.4 178.3 174.5 172.7 173 173.2 173.2 171.3 169.3 166.3 163.2 161.4 162.2 163.4 161.9 161.2 160.8 160.3 159.8 159.6 161.4 162.2 162.3
276.1 287.9 296.7 300.9 302.9 301.2 299 297.7 296.8 295.9 294.5 292.2 290.1 287.3 284 281.5 279.6 278.1 276.9 276.1 274.1 272.7 271 269.1 266.4 263.4 260.6 257.1 252.8 247.2 240 231.8 221.9 217.7 211.8 207.9 203.1 206.5 209.5 211.8 211.7 210.7 208.5 205 200.8 195 188.4 192.7 193.9 194.3 193.5 191.7 187.5 183.3 180.5 177 174.4 171.8 168.9 167.5 168.5 169.6 168 166.3 164 161.6 159.1 158 157.6 157.3 156.9 156.6 156.4 156.3 157.1 156.4 156.9 157.7
269.6 282.4 291.1 293.2 292.2 289.5 287.6 285.9 285.8 287.7 286.2 282.5 281.6 277.2 275.9 274.3 273 271.4 270.3 269.2 267.9 266.3 265.2 263.7 260.6 258.6 256.2 253.5 250.1 243.3 237.2 230 222.2 213.1 203.7 200.4 197.1 196 199.2 202.3 202.5 202 200.7 198 194.2 189.3 184.2 184.3 185.8 185 184 181 178.6 175.4 174.7 172.6 170 168.4 165.3 163.4 164.5 164.3 164 162.8 160.9 159.1 157.1 155.7 155.5 155.6 155.6 153.9 153.2 153.3 153.6 152.8 152.7 153.4
262.4 277.1 283.5 284.6 283.9 280.6 275.5 276.9 280.8 280.9 280.4 277.7 272.6 267.3 266.3 260.2 265.3 264.3 263.2 262.3 261.4 260.3 258.4 254.5 254.8 253 251 247.8 244.3 238.5 233.1 227.1 220.6 214.3 206.8 199.3 190.5 187.6 188.5 193.5 194.9 194.6 193.7 191.8 188.7 184.5 179.9 177.4 176.5 176.7 175.8 174.7 173.3 171.7 170 168 166.7 165.4 162.9 159.3 159.9 160.1 159.8 158.4 157.1 155.8 154.8 154.5 153.6 153.4 153 152 151 150.8 150.6 148.8 149.5 149.9
259.3 272.2 276.8 278.1 276.9 274.5 271.2 273 275.3 277.1 275.6 272.7 268.3 263.3 259.4 256.2 254 256.1 254.7 255.4 255 253.7 249.6 249.4 247.4 246.7 245 241.3 236.4 232.7 228.9 223.2 217.9 211.8 206.3 200.8 194.7 188.3 181.2 182.4 187.6 187.8 187 185.3 182.7 179.3 175.4 171.5 171.6 172.2 170.9 169.6 169.1 167.8 165.9 164.1 162.8 162.1 160.5 158.2 157.3 157.2 156.6 155.1 153.9 153.6 152.8 152.2 151.9 150.3 150.2 149.5 148.8 148.6 148.4 147 146.9 147.4
254.4 265.2 271.3 274.4 271.9 269.3 267 269.3 270.9 272.6 270.8 267.4 263.5 259 254.3 248.8 246.2 249 248.1 246.3 245.9 245.5 244.4 243 241.2 241.1 238.9 235 231.1 227.9 223.7 219 214.2 209.1 204.4 200.1 195 189.4 182.8 176.5 178.4 179.8 179.7 178.8 177.7 175.4 172.5 169 167.8 166.2 165.6 164.9 164 163 161.7 160 158.8 158.3 157.3 155.6 153.6 154.1 153.6 152.5 152.1 151.6 151.4 150.5 150.4 149 147.8 147.4 146.8 146.5 146.1 144.3 144.8 145
247.7 257.1 265 267.4 267.2 264.8 262.7 266.4 266.9 266.3 263.4 262.2 257.9 254 249.7 243.8 237.7 238.4 238.4 238.2 238.4 237.5 236.8 233.6 233 233.6 231.6 230.2 226.7 222.9 218.9 214.8 210.8 206.3 202.4 197.1 192.4 187.7 181.9 176.9 173.2 172.8 173.3 173.6 173.1 171 168.8 166.8 163 161.7 161.2 160.7 159.9 158.6 157.1 155.5 154.3 153.3 153.4 151.8 150.2 151 151.3 150.8 150.2 150 149.9 148.9 148.8 147.7 145.7 145.4 144.9 144.5 143.9 143.2 142.6 142.7
242.6 248.7 258.1 261.6 260.9 258.7 259.8 263 264 262.6 260.3 257.3 253.7 249.5 243.5 237.3 231.2 230.3 228.6 229.3 229.4 228.9 227.6 225.4 225.3 226.3 225.5 223.6 220.6 216.6 214.9 210.1 206.6 202.3 195.5 193.5 188.8 184 179 175.5 171.5 169.1 168.5 169 168.1 166.2 164.9 163.3 161.2 158.7 158.4 157.3 156.4 154.7 153 151.6 150.7 150 149.8 148.6 147.3 148.8 147.9 146.6 146.1 146.7 147.3 146.9 146.9 146.2 144.3 143.3 142.9 142.3 142.3 141.7 140.9 141.5
243.5 236.7 251 253.9 253.6 251.8 257.1 260.1 260.6 258.7 255.4 252.4 248.8 244.4 239.5 233.6 226.5 222.4 221.9 222 221.9 220.9 218.7 216.8 217.3 218.5 218.2 217.2 214.6 211.7 207.7 204.3 201.3 197.1 192.6 187.7 183.8 179.7 176.4 172.7 170 167.8 165.2 165 164.4 163.8 162.2 160 158.1 156.3 155.4 154 152.6 150.9 149.5 148.1 147.5 146.8 146.1 145.3 145 144.8 144.4 144.6 144.3 143.7 144.4 144.9 144.5 143.6 142.4 141.8 141.3 140.5 139.4 139.2 138.2 140.5
242.4 228.6 243.3 246.9 246.4 249.4 254.1 256.3 256.3 253.5 250.3 246 242 237.7 233.1 228.3 223.3 217.9 216 215.6 215.5 213.5 211.9 209.7 209.6 210.7 210.4 209.2 207.5 204.6 200.3 196.7 193.1 191.2 187 183.5 180.3 176.4 173 170.1 167.5 165.8 164.9 162.3 162.3 161.5 160.2 157.6 155.6 154.1 153.4 152 150.2 148.4 147 145.5 144.1 143.6 143.5 143 143.4 143.9 144 143.8 143.5 142.8 143 143.2 143 142.1 141.2 140.5 139.8 139 138.1 137.2 136.3 138.1
239 228.9 236.5 240 240.5 247.1 250.9 252.1 250.6 247.1 243.1 239.1 235.2 231.9 227.7 223.4 218.7 214.8 209.6 209.5 209.7 208.2 206.3 204.1 202.6 201.9 200.8 200.1 198.7 196.6 192.6 190 187.8 185.4 183 180 176.6 173.5 170.5 168.4 166.5 164.7 163.5 162.7 159 158.3 157.5 155.5 153.3 151.6 151 150 148.1 146.5 145.1 143.7 142.5 141.4 140.7 140 142.4 143.6 143.8 143.7 143.6 143.6 143.6 143.4 142.7 142 140.5 139.3 138.6 137.7 136.9 135.9 134.7 135
235.5 228.2 228 230.8 239 244.3 246 245.6 243.9 239.5 237.1 233.3 229.7 226.2 222.3 218 214.2 210.6 207.5 203.8 204.6 203.3 201.1 199.1 197.3 195.6 193.8 191.9 190.2 189.1 187.4 185.9 183.8 181.1 178.7 176.4 174.3 171.4 168.3 167 164.7 162.7 161.3 160.2 157.6 155.6 154.1 153.1 151.5 151.1 149.9 148.5 146.9 145.5 145.1 143.1 143 142 141 138.7 141.4 143 143.5 143.2 142.6 143.6 144.4 144.7 144.6 142.9 141.5 140.2 139.3 138 136.7 135.3 133.7 133.4
232.6 226.1 221.9 231.1 235.7 239.2 240.1 239 237.7 234.6 231.5 228 224.3 220.6 216.3 212.3 209.7 206.7 203.7 198.4 199.6 198.5 196.2 194.5 193.5 192.2 190.1 187.9 186.7 185.5 183.9 182.4 180.3 177.7 175.2 173.4 172.3 169.9 168.2 168.2 167.6 166.4 164.3 162.7 160.5 159.5 158.1 156 154 152.7 151.3 150 148.5 148 147.4 146.2 145.4 143.7 142.2 139.4 138.1 139.9 140.6 140.7 140.8 141.8 142.7 144.1 144.6 144.9 144 142.6 141.6 140.4 138.7 137.3 135.6 134.3
230.6 223.4 215.5 225.4 229.9 231.8 232.5 232.8 231.4 229.6 226.1 223 218.9 214.8 211.4 208 205.2 202.9 200.1 197.9 195.1 194.4 192.6 191.8 191.1 189.7 187.9 186.7 185.7 184 182.1 180.3 178.2 176 174.8 172.9 171.7 172.1 172.4 171.5 170.2 168 165.8 164.1 162.5 160.9 159.2 157.7 156.4 155.1 153.6 152.5 151.8 150.3 148.5 146.8 145.2 143.2 141.7 140.2 136.2 135.4 137.2 137.8 138.1 139.1 140.3 141.4 142.1 142.6 142.9 143.2 142.4 141.4 140.4 138.9 137.3 135.7
228.1 220.3 208.9 218.7 222.6 225 226.3 226.8 226.1 224.3 222.5 218.2 214.7 210.7 207.7 204.6 201.6 199.7 196.3 194.4 193.6 191 190 189.7 189 188.1 186.8 185.9 184.7 182.6 180.5 178.7 177 174.6 176.2 175.3 174.8 175.1 174 172.2 170.1 168 165.8 164.3 162.7 161.5 160.1 159.7 156.8 155.4 154.4 153.7 152.5 149.5 147.1 145.3 143.4 141.5 139.7 137.8 136.8 133.2 134.9 135.3 135.8 136.2 137.3 138.8 139.8 140.4 140.7 140.9 141.3 141.1 140.2 139.1 137.6 136.3
225.7 219.2 212 211.9 215.2 218.4 220.1 221.3 220.5 219 216.6 214.3 211.2 207.5 204 201.1 198.1 195.6 192.9 191.3 190.8 189.7 188.5 188.2 187.6 187 185.6 184.7 183.3 182.2 179.2 178.5 177.7 177.6 177.5 177.4 176.5 175.1 173.4 171.5 169.7 167.8 165.8 164.7 163.5 162.3 160.8 159.1 157.4 155.6 153.3 151.9 149.9 147.5 145.5 143.4 141.1 138.7 137.1 136 135.1 134.1 132.1 132.7 133.7 134.7 134.9 135.3 136.6 137.9 138.2 138.8 139.5 139.6 139.7 139 137.8 136.6
223.5 217.9 211.5 200.9 208.8 211.8 214.3 215.7 215.5 214.5 213.4 211.5 208.2 204.9 201.1 197.5 194.5 191.7 189.4 188.9 188.4 187.6 186.9 186.6 186.1 185.5 184.3 183.8 184.3 184 181.7 180.2 180 179.4 178.8 177.4 175.8 174.1 172.5 170.9 169.2 167.7 166.5 165 163.8 162.3 160.7 159.1 156.2 154 151.6 149.2 147.2 145.5 143.2 140.9 138.6 136.5 136 134.9 134 133.4 132.3 130.7 129.9 130.2 132.5 133.1 133 133.5 134.8 136 137 137.3 137.7 137.9 137.3 135.9
220.4 215.7 210 203.9 201.2 205.7 209.4 211.4 212 211.8 210.5 208.4 205.5 202.2 197.9 194.2 191.5 189 186.1 186.1 185.9 185.9 185.1 185 184.4 183.8 183.3 185.3 185.6 185.5 183.8 182.3 180.6 179.2 177.9 176.8 175.1 173.3 171.6 170 168.5 167.5 166.5 165.1 163.4 162.2 160.1 157.6 155 152.6 149.9 147.6 144.9 142.8 141 140.4 139.7 140 139.4 138.2 137.3 136.5 135.6 134.1 130.3 128.8 127.9 130 130.7 130.9 131.3 132.6 133.3 134.1 134.4 134.5 134.3 133.5
217.3 213.2 208 202.3 195.6 197.7 203.5 207.5 209 209.3 207.7 205.3 202.4 199.2 193.8 191 189.3 187.2 185.2 183.4 184.1 184.4 183.6 183.7 183.8 184.1 185.5 185.4 186.6 186 184.1 182.2 180.4 178.5 176.9 175.5 174 172.2 170.7 169.3 168.1 167.1 165.9 164.5 163.1 161.6 159.7 157.2 154.7 152.2 149.7 147 143.7 143 143.1 144.6 144.2 144.4 143.2 142 140.7 139.7 138.9 136.4 133.7 133.1 129.3 127.9 126.6 126.8 129.1 129.6 129.5 131.3 131.2 130.9 130.7 129.8
213.4 210.9 206.8 201.2 194.9 190.2 197.9 203.2 204.6 204.4 204.3 201.6 198.4 194.3 190.2 187.7 186.5 185 183.3 181.9 182.1 182.1 182.2 181.9 184 186.4 189 188.5 187.7 185.6 183.6 181.8 180.3 178.5 176.4 175 173.7 171.8 170.4 169 167.9 166.7 165.2 163.9 162.5 161 159.2 157.1 154.7 152.5 150.2 145.7 146.3 148.6 145.9 148.6 147.5 147.9 146.7 145.3 143.7 142.7 141.2 137.5 136.7 135.9 133.5 130.9 127.9 127 125 125.6 126.8 127.8 128.1 128 127.9 127.2
210.2 207.9 204.9 201.3 195.5 187.9 191.5 197.2 199.4 199.9 198.4 195.4 192.5 189.1 186.7 183.7 182.8 182.4 181.6 180.2 179.9 180.6 179.8 182.5 184.9 188.3 189.5 189.2 187.8 185.3 183.5 181.8 180.1 178.2 176.3 174.7 173.6 171.8 170.4 168.8 167.5 166 164.7 163.3 161.9 160.4 158.5 156.8 154.8 152.6 149.3 145.8 151.4 151.4 148.8 152 151.7 151.2 150.2 149.4 147.3 146.6 143.3 141.1 141.3 139.5 137 134.4 131.9 129.6 126.4 124.3 122.7 121.7 122.9 123.3 124.5 124.8
206.2 204.3 202.2 199.5 195.1 189.3 184.5 190.8 192.9 192.4 190.9 188.8 186.3 183 180.6 178.9 177.9 177.6 178.4 178.2 178.1 180.3 183.4 185.7 187.4 188.6 189.7 189.1 188 185.6 183.9 182.3 180.9 179.3 177.3 175.5 173.6 172.2 170.5 168.7 167 165.3 163.7 161.2 160.8 158.7 157.4 154.6 152.1 148.8 147.2 148 153.5 153.1 152.5 154.7 154.6 154.6 153.8 153.3 150.8 149.7 145.2 146.8 146.2 144.2 142.4 139.1 136.8 133.8 131.6 129 125.2 122.3 120.6 119.6 118.7 118.1
201.9 200.5 198.9 196.8 193.8 189.8 183.1 183 184.1 184 182.7 181.2 179.5 177 175 174.3 174.3 174.4 175.3 177.2 178.7 180.9 182.9 185.5 187.6 189.6 190.8 190.6 189.3 186.8 184.3 182.8 181.7 179.9 178.2 176.5 174.6 171.9 170.5 168.6 166.8 165 163.2 160.6 158.2 156.2 153.5 151.4 152 152.8 149.4 152.9 154.1 154.2 155.9 157.4 157.7 158.1 157.7 157.4 155.5 154.3 150.3 153.6 153.7 152.3 150.8 148.8 145.1 141.1 137.2 133.8 131.2 128.9 126.6 125.1 126.8 125.1
198.3 197.3 195.8 193.8 192.3 189.1 184.6 180.3 179 178.5 176.5 174.8 174.4 173.2 170.1 174.7 176 178.7 178.6 178.4 178.9 179.8 181.5 183.7 186.9 189.8 191.2 191.8 191.1 188.8 186.6 183.9 182.5 179.9 177.9 175.6 173.9 172.4 170.2 168.1 166 163.7 163.3 160.6 160.9 160.7 158.7 158.4 156.7 154.3 154.5 156.8 157.6 158.3 158.2 160.5 161.1 162.3 162.2 161.5 159.9 158.4 156 159.1 160.4 159.7 158.3 157.1 152.4 148.2 144.3 140.8 137.4 134.3 130.8 133.3 133.9 133.1
193.2 193.7 193.1 191.6 188.7 186.7 183.6 179.6 175.6 175.8 174.6 173.3 172.7 170.4 172.9 174.2 175.1 176.9 178.3 178.2 177.4 178.2 179.1 180.3 184.1 187.5 190.2 191 191.5 190.5 188.4 185.9 183.3 180.6 177.8 175.4 173.1 170.9 169.1 167.5 167 166.2 164.8 163 163.7 162.2 160.9 160.3 158.7 155 157.7 160.2 160.6 160.7 159.1 162 163.7 165.5 165.5 164.6 163.2 161.5 159.4 161.9 164.4 165.1 164.1 162 158.8 154.5 150.6 146.6 143 139.3 129.1 139.7 140.8 139.8
189.6 188.9 189 187.2 184.6 182.9 180.9 178.3 174.3 173.7 173.1 172.2 171.2 171.6 166.4 170.5 172.2 173.1 174.2 175.8 176 176.2 176.5 178.5 181.1 184.7 189.1 190.5 191.3 190.9 189.2 187.1 184.4 181.2 178.4 175.7 173.5 172.2 170.9 169.6 168.7 167.7 165.1 165.3 165.1 163.6 162 161 158.5 156.4 158.8 160.8 162.5 163.2 161.6 162.2 164.2 165.4 166.2 166.2 165.7 164 163.8 164.2 166 167.2 166 163.7 161.4 158.6 154.4 150.4 147 143.1 142.8 144.8 144.8 143.4
190.3 186.5 184 183 181.8 179.4 177.3 175 173.6 170.4 170.6 170.7 169.7 170 167.3 166 168 169.3 170.2 171.2 172.9 173.9 175.2 177.3 179.8 183.8 188.2 190.6 191.2 191.3 190.2 187.8 185.3 182.1 179.3 176.9 175.7 174.3 172.5 171.2 170.3 168.5 166.7 167.3 166.7 165.1 163.5 161.4 158.4 159.7 162 163.9 164 165 164.8 163.8 164.8 166.1 167.8 168.6 168.9 168.6 168.6 168.5 168.9 168.9 167.7 165.2 163 160.5 157 153.4 148.7 144.3 146.6 148 147 145.3
190.7 187.5 183.9 180.4 178.9 175.9 174.7 172.9 171.4 169.7 168.2 168.3 167.1 167.2 166.8 163.3 164.4 165.8 167.1 169.2 170.5 172.3 174.6 176.9 179.9 184 187.3 190 191.4 191.7 190.6 189 186.5 183.8 181.3 179.2 177.5 176 174.2 172.4 171 168.9 168.8 169.2 168.2 166.5 164.5 162.8 159.5 163.2 165.5 167.2 166.6 166.5 167 168.8 167.5 167.7 169.7 171 172.1 172.2 172.9 173.1 172.8 172 170.3 167.5 164.7 162.1 158.1 153.7 149.7 147.7 150.6 150.9 149.7 147.2
190.3 188 185.6 182.5 181 179.9 178.1 176.1 174.2 172.4 169.1 166.6 165.3 164.3 164.5 162.5 161.4 162.7 165.1 166.9 168.6 171.2 173.7 176 179.3 182.9 186.3 189.3 191.1 192 191.1 190 187.8 185.4 183.1 180.8 178.6 176.9 175.3 173.5 171.6 170.7 170.9 170.5 169.3 167.4 165.3 163.4 163.5 165.4 167.2 168.4 169.7 169.7 168.9 168.6 170.9 169.6 171.9 173.7 175 175.6 176.8 177.6 176.8 175.7 173.5 170.3 167.3 163.9 160.3 157.1 154.4 154.3 154.4 154.2 152.8 149.8
188.5 186.6 186 184.7 183.4 182.3 181 179.9 178.7 176.6 174.6 170.5 166.4 163.4 161.3 161.1 158.9 159.7 161.3 163.7 166.7 169.3 171.9 174.8 177.7 180.8 184.3 187.5 190.3 192 191.8 190.7 188.3 186.1 183.8 181.6 179.4 177.5 176.2 174.9 173.2 172.5 172.1 171.7 170 168.2 166.4 166.6 166.8 167.8 170 171 172.1 173.1 169.8 174.2 173.7 172.2 173.3 176.4 178.5 179.3 180.1 180.9 180.3 179.4 176.9 173.6 170.6 167.4 163.7 160.8 158.9 158.6 158.7 157.7 155.7 152.5
190.9 188.7 187.3 186.5 185.4 184.3 183 181.8 180.8 179.7 177.1 173.6 169.9 166.4 163.9 162.2 159.2 158.2 158.3 160.9 164.4 167.7 170.7 173.7 176.8 180 182.7 185.6 188.9 190.8 192.1 191.4 189.3 186.9 184.6 182.4 180.3 178.4 176.9 176 174.9 174.2 173.6 172.8 171.4 169.8 169.1 170 170.8 172 174.4 175.9 175.6 177.1 178.8 179.2 178.5 176.4 175.6 180.3 181.5 183.6 184.2 185.4 184.8 184.1 181.6 177.6 174.4 171.3 168.6 165.3 163.6 163.4 163.9 162.4 160 156.6
194 191.2 188.9 187.7 186.8 186 184.7 183.4 182.3 181.3 179.1 175.6 172.1 168.6 166.1 164.5 161.1 157.2 156.3 157.9 162 165.8 169.6 172.7 175.8 179.5 181.6 184.6 186.8 189.4 191.6 191.6 190.5 188.7 185.8 183.4 181.4 179.6 178.3 177.2 176.6 175.9 175.1 173.9 172.7 172.3 173.5 176.1 177.6 178.2 179.5 180.4 181.1 181.9 182.7 183.1 182.3 180.5 180.3 181.8 184.7 187.2 188.6 189.5 189.6 189 187 183.3 179.9 176.4 173.6 171.1 169.1 168.4 168.9 167.7 165.8 162.2
198.4 195.8 192.4 190.7 188.8 187.5 185.9 184.4 183.1 182 180.2 177.1 173.7 170 166.8 165.2 162.8 158.7 155.4 156.1 159.4 163.5 167.5 171.6 174.7 177.4 181.1 184.5 186.9 188.7 189.5 190 189.2 187.9 185.8 183.5 181.7 180.4 179.2 178.8 178.4 178.2 177 175.9 175.8 176.5 177.9 180.8 181.9 182.7 183.5 184 184.6 185.2 186.5 186.8 186.4 187.2 188.1 190.2 191.9 192.9 193.5 194.2 194.4 193.8 193.1 190.9 187.5 184.5 181.5 179.7 177.4 175.4 174.5 174.6 174 168.5
202 199.2 196.3 193.6 191.4 189.3 187.6 185.6 183.3 182.1 180.1 177.2 174.1 170.6 167.4 164.3 162.3 159.5 155.6 156 157.3 161.9 166.5 170.8 174.6 178.1 181.6 184.5 186.5 187.7 188.4 188.9 188.6 187.6 186.1 184.1 182.6 181.1 180.2 179.9 180 180.2 179.6 179.1 179.5 180.4 182.4 184.4 185.5 186.5 187.2 188.4 189.5 189.9 191.9 193 193.5 193.6 194.2 195.7 198 199.3 201.3 203.3 203.3 203 201.6 200 197 193.9 191.4 189.6 186.1 183.3 181.4 180.8 177 174
