public/OST50/NS41.asc
ncols 200
nrows 200
xllcorner 240000
yllcorner 610000
cellsize 50
[rows 105 to 139 of 200, columns 0 to 77 of 200]
132.7 131.9 133.5 137.8 139.1 141.5 144 149.7 155.7 161.4 165.5 169.7 172.8 175.2 177.4 178.7 179.4 178.2 172.8 172.9 174.2 175.9 178.1 180.4 182.6 182.6 182.1 181.5 182.2 182.8 182.7 183 183.1 178.7 180.2 179.4 178.5 177.3 175.4 174.1 171.8 169.6 166.8 167.7 168.7 170.6 170.4 170 169.4 169.3 168.6 167.6 164.4 161.6 162.8 163.8 164 162.5 159.9 158 154.9 152.4 150.1 149.6 149 148.8 149.8 148.6 148.7 148.9 150.7 148.8 148.7 148.6 148.5 151 153.2 153.9
128.4 129.6 133.3 138.1 140.8 142.1 145.2 149.7 154.5 158.8 163.1 166.3 169.3 170.9 174.1 174.5 174.1 172 169.7 168.9 169.2 171.5 173.7 176 178 177.9 177.5 176.8 176 175.8 173.8 172.3 172.2 171.7 173.3 171.6 169.7 168.4 167.4 165.9 163.9 161.7 162.9 165.8 168.7 171.7 172 172 170.9 169.7 167 163.8 161.4 157.2 157.1 158.1 158.2 155.5 152.6 151.5 152.2 152.2 150.2 149.3 149.3 150.5 149.8 148.8 148.9 149 149.1 149.4 149.6 149.7 151.7 154.1 156.3 158.5
134.5 136.3 137.8 140.3 138.4 132 142.9 146.9 151.4 155.1 155.9 157.3 159.9 161.7 165.3 166.3 167.3 166.4 165 163.2 165 167.2 169.5 171.7 173.3 173.3 172.7 171.8 170.1 166.6 164 160.8 160.3 161.2 162.4 161 161.6 161.8 160.8 159.6 159.4 161.6 165.2 168.7 170.9 172.1 172.5 169.4 166.4 164.5 162 159 156.4 155.1 154.5 153.4 155.5 156.6 156.9 156.8 156.6 157 155.4 152 149.5 151.4 149.6 149.1 149.1 149.2 149.4 149.8 150.1 150.5 151.9 154.2 157.2 159.4
136.2 138.3 139.9 141 141.1 140.5 138.7 135.6 144.7 147.6 149.3 151.2 153.5 155.9 159.3 159.9 160.2 160.1 158.3 159.5 160.9 163.4 165.7 167.9 169.4 168.9 167.5 165.8 163.3 161.7 159 155.3 152.7 153.5 154.5 155.5 156 156.2 157.8 161.1 164.2 166.4 168.2 169.4 170.1 168.1 165.9 163.8 161.3 159.1 157.4 154.6 153.7 153.7 152.9 154.4 158.5 162.3 164 163.9 163.7 162.3 160 156.1 151.9 151.8 149.8 149.4 149.4 149.5 149.7 150.1 150.5 150.9 151.2 153.3 156.6 158.9
138.5 140.8 141.5 141.5 139.7 138.3 136.9 137.3 139 134.9 144.5 145.7 148.1 151 153.4 154.5 154.5 153.6 152.3 153.7 156.1 159.2 161.9 163.9 165.2 164.3 161.3 159.1 157.7 156.9 154.1 150.4 146 150.1 152.6 154.4 156.6 157.6 159.9 163.4 166.3 167.5 167.3 166.9 164.7 162.5 160.3 158.1 155.8 154.7 153.2 152.7 152.7 152.7 153.2 157.1 162.1 167.1 169.5 170.3 170.5 167.7 163.7 159.5 154.3 150 149.9 149.7 150.2 150.5 150.4 151.1 151.7 152.2 152.7 153 155.6 157.9
142.8 144 145.1 142.4 139 134.4 132.4 130.8 133.3 136.8 137.4 141 142.9 145.5 147.2 148.8 148.6 147.9 148.5 144.8 149.3 153.7 156.4 156.8 158.8 157.9 155.1 153.4 151.9 151.1 148.4 143.1 147.2 150.7 153.7 156 157.9 159.7 161.7 162.5 163.1 163.4 163.2 162.2 159.5 156.9 155.1 152.7 152.7 152.7 152.7 152.7 152.7 152.7 155.5 160.7 166 170.3 173.4 173.5 171.3 168.8 166.5 162.2 156.6 151.4 150.1 150.6 151.2 151.3 151.4 152.1 152.8 153.4 153.8 153.2 155.2 156.8
148.4 149.5 147.9 141.9 136.3 130.3 127.1 123.7 127.7 130.4 131.8 135.1 136.7 140.2 141.4 142.7 142.6 142.9 141.6 144.8 145.9 148.2 150 150.9 151.5 150.5 149.8 148.2 146.8 144.1 139.6 138.9 146 149.7 152.9 154.9 157.1 159 160.3 160.9 161.1 160 159.7 157.6 154.6 152.7 152.7 152.7 152.7 152.7 152.7 152.7 152.7 152.7 157.7 162.5 167.4 171 172.1 171.1 169 167.5 166.4 164.3 158.6 153.4 150.5 151 151.5 152 152.5 153.2 153.9 154.5 153.9 154 156.8 158.2
149 146.7 142.5 138.2 133.4 127.5 121.2 116.3 122.5 126.5 127.9 129.3 132 134.3 135.2 136.2 137.7 138.2 132.5 139.3 142.1 145.2 146 145.9 146.2 145.6 145 143.7 142.1 140 135.8 139.6 143.4 146.6 149.2 151.9 154.8 157.8 160.3 161.1 161 158.8 157.7 155.4 152.7 152.7 152.7 152.7 152.7 152.7 152.7 152.7 152.7 155 159 162.7 165.2 167.8 168.3 167.8 166.6 165 163.7 162.2 159.9 155.7 151.4 151.4 151.9 152.2 153.4 154.2 154.9 155 154.5 155.4 158 159.8
142.9 140.2 137 132.7 128.8 125.2 119.3 113.8 118.7 122.6 124.6 126.1 127.5 131.4 130.7 132.2 133.2 130.7 131.2 135.9 139.2 140.7 141.6 142.2 141.4 140.7 140.2 139.3 135.5 133.1 135.2 138.4 141.7 145.8 149.1 153.1 156.5 159 161.1 161.3 160.9 158.5 155.7 153.8 152.7 152.7 152.7 152.7 152.7 152.7 152.7 154.3 157.1 158.5 160.5 162.6 165.1 164.9 164.7 164.5 163.5 163 162.3 161.6 160 155.9 153.4 151.4 151.8 152.6 153.8 155 155.8 155.7 155.4 155.4 159.2 161.3
136.7 134 131.4 129.1 126.1 123.1 116 112.4 114.2 119.5 121.8 123 124.3 125.2 134.3 127.5 126.4 127.5 130.7 133.4 137.1 137.7 137.9 138.3 137 135.5 134.9 133.7 132 134.8 137.1 140.4 144.8 146.7 149.9 155 158.8 160.4 158.7 161.6 160 159 156.6 154.4 153.3 153.2 154.4 153.4 154.8 157.7 158.4 159.8 161.6 162.3 162.5 163.5 163.5 163.4 163.8 163.7 163.3 162.7 162.7 161.7 160.5 159.5 158 155.6 151.8 153 154.2 155.4 156.6 156.5 156.8 157.4 161.3 163.6
130.6 128.1 126.5 124.3 122.6 119.6 113.5 111.5 112.6 113 115.9 118.3 119 119.4 129.4 123.9 125.6 128.6 130.7 132.9 134.9 134.9 135 134.2 132.5 130.8 130.5 131 133.7 139.4 140.5 144.6 149.3 150.6 153.1 156.3 161 164.1 165.2 164 163.7 161.2 158.7 156.5 155.9 156.5 157.6 159.4 163.5 167.5 170.6 171.1 172.1 173.6 173.8 173.6 170.1 166.5 164.6 164.1 164 164 163.4 163.1 162.3 162.2 160.6 157.6 152.4 153.5 154.7 156.3 158 159.1 158.9 158.6 164.1 167
124.8 123.2 122 120.8 119.1 114.4 111.1 111 112 112.6 112.8 113.3 114.6 116.4 120.7 131.7 124.5 127.1 129.2 131 132.4 132.2 131.5 130.2 129.5 129.1 130.1 132.7 137.6 141.4 144.5 148 152.4 154.5 156.2 158.4 161.1 167.5 167.7 167.8 167.5 163.8 162.6 162.1 163.3 165.1 166.8 169.4 176.8 178.2 180.3 182.1 184.3 186.2 187.7 185.5 178.7 173.3 170.2 167.3 167.2 166.9 165.3 164.3 163.8 163.5 162.7 157.8 153.7 155.2 158.6 159.8 160.9 162.9 162.7 162.4 164.2 170.2
118.3 118.4 117.8 116.6 112.6 112.3 116.6 115.6 113.7 113 113.8 114.4 117 120.3 122.6 136.5 120.8 126.2 127.7 129.6 129.7 129.6 128.5 128 128.3 130 132 135.7 139.4 143.4 147.1 152 154.5 157.4 161.3 163 163.9 167.8 172.3 172 172.3 170.3 170.1 171.3 174.2 176.3 180.7 183.9 186.9 188 189.9 193 195.2 195.2 195.1 189.5 182.9 178.4 175.6 172.5 170.7 169.3 166.3 164.7 162 162.8 161.4 155 156.3 159.2 162.4 163.5 164.8 166.4 167.8 168.3 167.2 170.4
110.1 113 108.8 109 112 117.9 120.3 118.8 116.8 115.2 114.5 115.9 118.6 122.5 126.1 133.2 122.2 124.4 127.8 127.7 127.5 127.2 127.1 128 129.5 131.7 134.6 138.6 142.2 147.8 150.9 153.4 156.6 160.4 165.4 169.1 172.5 174 176.7 175.3 178.6 181 182.2 184.2 186 188.8 189.5 192 194.1 195.8 197.9 200.5 200.2 196.9 194.9 188.1 185.1 184 180.5 177.9 173.4 169.2 164.4 161.8 161.4 159.1 158 158.2 162 164.7 166.4 167.9 169.4 170.5 172.2 173.4 171.4 171.4
105.1 105.1 114.8 113.2 115.8 119.3 121.2 120.4 118.4 116.9 115.9 117.6 120.4 124.1 127.9 131.9 130.3 122.2 126.2 126.3 126.1 126 127.5 129 130.4 133.6 137.4 141.8 148 149.6 155.8 159.4 164 167.2 169.9 173.9 178.2 180.8 179.9 181.9 186.3 187.5 190.8 193 195.1 196.1 197.1 198.3 199.6 200.1 200.3 198.4 196.2 193.7 190.6 189.4 190.4 191.5 186.2 181.5 176.7 168.1 162.2 166 165.3 165.3 164.1 164.3 167.8 169.9 170.9 172.4 173.8 174.2 175.8 177 176.2 172.7
116.6 115.5 114.8 114.6 117.3 120.4 122.3 121.5 120.4 119 118 119.5 122.2 124.5 128 132 131 129 122.9 125.5 125.9 127 128.5 130 132.3 134.8 141.5 148.4 153.1 158.8 163.9 168.3 172.7 175.8 179.7 181.9 185 187.6 190.6 192.9 194.4 195.8 197.5 199.3 199.9 200.3 200.6 201.1 202 200.4 198.3 194.5 191.4 191.1 189.8 188.5 189.6 193.1 191.7 187.5 174.9 167.1 168.5 169.4 169.4 169.4 169.4 163 170.9 172.2 171.6 172.5 174.9 178.2 178.8 180.5 182.1 175.7
115.1 115.6 114.6 116.5 119.3 122.2 124.3 125 123.5 122.1 121.7 122.6 125.1 126.8 128.3 134.1 131 129.8 128.6 128 128.2 128.8 129.2 132 135 140.5 147.2 154.1 161 167.1 170.9 174.9 178.4 182 185.8 189 192.5 195.5 198.7 199.9 201.4 202.7 203.8 204.2 202.8 203.2 203.6 202.9 201.6 200.3 197.5 193.8 191.6 190.7 189.9 189 188 190.8 187.7 181.7 174.1 168.2 174.5 174.4 174.3 174.3 174.3 171 172.1 178 179.8 180.6 182.3 182.9 183.1 184.2 185.7 176.8
113.9 118.3 116.3 118.5 121.3 125 127 128.7 128.8 127.9 128.5 128.2 127.7 129.2 130.7 138.6 131.6 131 130.7 130.3 130.3 131.1 132.4 135.9 140.7 147.5 149.2 159.5 165.4 171.5 176.7 180.9 185.3 188.9 192.8 196.7 199.9 203.3 205.2 206.7 208.6 210 209.9 209.9 208.3 206.8 206.4 204.2 202 199.6 196.9 194.3 192.1 191.9 191.4 192.9 188.3 186.9 184 180 171.4 176.6 178.4 179.4 179.3 179.4 179.4 179.1 170.2 181.2 183.8 185.4 186.7 187.8 188.7 190.7 191.4 184.4
113.1 116.7 117.4 121.2 124.7 128.2 129.8 131.5 133.9 132.4 133.2 133.1 130.4 130.6 131.1 139.1 132.8 132.7 132.6 133.1 134.2 134.6 137.3 141.9 149.5 155.6 160.5 159.2 170.5 179.2 186.6 190.8 193.7 196.4 199.6 203 206.6 208.5 210.8 213.5 215 216.9 216.6 215 213.3 210.7 208.2 205.9 203.6 201.1 198.3 195.6 194 194.3 197.1 199.2 188.1 186 184.6 176 178.4 179.8 181.8 183.3 184 184.6 184.7 184.2 179.8 184.6 186.8 188.7 190.6 192.2 194.3 196.5 198.4 192.1
111.8 115.6 119.6 123.7 128 131.4 133.3 134.5 136 134.8 135.6 136.2 132.8 131.9 133.7 134.1 134.4 135.7 136.4 137.4 138.8 140.2 144.2 150.8 159 163.8 168.8 173.8 178.9 179.1 187.3 193 197.5 200.9 203.3 204.7 206.7 208.7 211 213.5 214.4 215.5 217.2 217.4 215.2 213.6 210.8 207.6 205.2 202.8 200 197.2 196.1 196.3 194.5 193.6 194.4 192.3 188.5 180.4 181.1 183.7 182.9 184.8 186.1 187.9 189.1 187.9 186.2 182.4 188.2 190.5 193.6 196.4 198.6 201.1 204.5 200
100.9 119.2 123.3 127.2 131 134.3 136.5 137.4 136.6 136.5 136.1 136.7 135.7 136.4 139.8 137.1 137.9 138.7 140.7 142.3 143.9 149.3 156.2 160.3 165.2 170.4 175.8 181.1 185.7 189.4 189.9 191.9 196.1 198.9 199.9 201.5 204.8 207 209.8 213 214.6 215.7 217.4 217.6 217.6 217.1 212.7 209.8 207 204.4 201.8 199.5 199.2 202.1 201.5 202 200.7 197.7 192.1 187.3 187.4 186.6 185 186 187.8 189.2 191 189.6 189.5 189.9 185.5 191.7 196.6 199.9 201.2 205.7 208.3 206.8
95 115 125.3 129.9 133.6 136.3 138.1 140.5 139.6 138.3 137.6 139 139 138.2 138.4 139.7 141.4 143.2 145.6 148.8 153.8 158.3 162.6 165.7 171.3 177.2 182.8 187.8 191.8 194.3 195.9 196.2 195.6 196.7 198.2 199.9 202.1 205.7 209.2 212.4 214.9 217.2 218.3 218.7 218.4 218.2 215.4 212.6 209.8 207 204.3 203.5 205 205 204.8 204 202.6 199.1 198.8 187.6 193.8 193.1 191.4 189.8 190 190.8 191.4 191.8 192.2 192.6 190.7 192 197.8 202.8 205.4 208.2 213.1 213.5
96 105.1 125 132 135 138.2 140.4 142.6 144.7 144.5 144.7 144.2 142.3 141.2 141.3 142.8 144.4 146.1 148.2 151.4 155.7 161 167.1 169.7 174.7 179.2 184.1 189.2 192.7 195.5 196.9 197.5 197.9 198.5 200.1 201.8 204.2 205.8 209.1 212.5 215.4 218.6 219.9 221.6 222.3 221.3 219.3 216.4 213.6 210.8 208 206.8 208.1 208.4 207.1 204.4 203.4 202.6 200.9 196.2 200.4 199.9 198.8 198 198.2 197.6 197 196.1 196.1 196 195.7 192.3 200.3 205.3 209.3 213.5 216.7 220.3
97.2 102.8 125.2 133.9 135.4 139 141.8 144 147.1 150.3 150.3 147.6 144.6 143.2 144.1 145.1 146.5 148.3 150.2 153.8 158.2 162.8 168.3 172 175.5 179.5 183.6 187 190.3 192.6 194.1 195.7 198 200.3 202.1 204.1 206.7 208.5 210.5 213.7 217.5 220.2 222 223.4 223.8 223.3 222.9 220.3 217.4 214.5 210.8 209.6 209.2 209 207.9 205.9 204.8 204.3 194.5 203.3 204.4 204.7 205 206.2 206.4 206.6 207.1 204.8 204.6 202.3 200.6 199.3 202.5 208.7 212.9 217.4 220.9 224.4
98.1 104.9 124.8 134.5 136.7 138.9 142.9 145.6 148.6 151.4 151.1 148.2 146.2 144.5 145.7 147.7 149 150.4 152.2 156.2 160.6 164.8 168.2 172.1 175.9 180.2 184.6 188 191.2 193.1 194.5 194 196.3 198.6 202.2 206.5 209.3 211.7 214.2 216.5 220 222.6 222.9 222.8 223.2 224.3 224.9 223.4 221 217.7 213.6 211.3 209.9 208.7 207.8 206.6 205.5 205.1 200.6 205.1 207.3 209.2 210.2 211.5 214 214.4 216.8 215.7 216.6 213.3 209.8 208.1 204.7 209.6 215.6 220.7 224.7 227.8
97.6 98.6 104.4 113.6 131.5 137.4 142.1 146.1 148.4 150.3 149 148.1 143.4 146 147.1 149.7 151.7 153.9 155.7 158.1 162 166.2 169.9 173 176.7 181.1 185.5 189.3 192.1 194 195.4 195.6 195.6 196.9 200.4 204.9 209.2 212.5 216.4 219.8 221.7 224.2 223.2 219.6 219.9 221.9 223.8 224.6 223.6 220.8 217.6 214.4 211.5 209.8 208.8 208.1 207.5 207.4 202 201.9 207.8 209.7 211.8 215.5 218 220.5 223.5 223.9 223.2 220.3 218 216.9 209.7 216.3 218.8 223.5 228.6 231.7
103.6 101.6 100.9 99.4 106.6 127.2 139.7 145.4 148.5 150 149.9 149.4 146.7 149.6 151.1 153.3 155.7 158.1 160.4 162.6 165 168.9 171.9 173.8 177.5 182 186.5 190.7 193.1 194.7 196.2 197.3 196 196.5 198.8 201.9 205.4 209 215.3 221.1 222.4 221.9 218.3 216.1 217.4 219.9 222.5 224.1 223.7 221.7 219.7 215 211.8 209.6 209.9 209.2 207.3 205.8 203.5 202.3 204.6 209.5 212.5 215.7 219.7 222.9 226.8 227.7 228.3 227 225.3 224 218.1 218.9 226.4 227.6 232.3 235.5
115.8 106.7 104.1 104.1 102.2 108.8 135.1 142.3 148 149.9 151.1 152.4 150.8 154.1 155.6 157.2 159.5 161.8 163.8 166 167.8 171.2 172.7 174.7 178.4 182.8 186.3 189.2 193.4 195.7 197.2 198.4 197.3 196.6 197 199.3 201.6 205.1 212.3 220.6 221.7 219.8 213.3 212.5 215.8 219 221.8 223.2 222.7 221 217.3 213.9 211.5 209.4 209.6 209 208.8 208.8 207 208.1 208.9 209.8 210.1 214 218 222.6 226.4 228.8 231.6 231.7 230.1 229 226 219 230.7 233.8 235.4 238.5
129.6 123 121.2 117.1 106.6 104.5 126.4 140.1 145.1 148.4 150.3 154.5 153.9 157.6 159.2 160.9 163 165.1 167.2 169.1 170.8 172.6 172.9 175.3 177.8 180.9 183.8 186.6 190.9 195.6 197.5 198.8 197 196.4 195.8 196 197.5 199.7 207.7 214.3 217.1 215.5 208.7 209.7 212.8 216.5 219.2 219.1 218.5 217.4 214.8 212.9 211.5 210.2 210.1 209.2 210.1 210 210.2 212 213.2 214.2 215.1 216.7 217.6 221.4 224.4 227.2 230 230.6 231.9 230.9 231.5 230.6 232.6 237.7 239.8 241.7
138.2 138.4 136.7 128.2 116.5 103.9 115.3 140.1 144.1 146.6 149.1 153.7 152.5 159.8 162 163.5 165.5 167.2 168.9 170.6 172.3 174.1 174.6 176.5 176.6 178.4 181.2 184.1 188 192.1 194.8 194.6 190.9 191.2 190.8 191.5 191.8 192.7 195.5 200.3 201.3 202.3 203.1 206.6 209.7 212.4 214.7 214.6 214.2 215.4 213.5 211.2 212.2 212.6 212.3 212.7 212.3 214.1 213.8 215.6 218.2 219.3 220.3 220.5 220.9 221.9 224.6 227.2 228.9 231.6 233.4 234.2 235.4 236.6 234.8 240.6 243.3 244.9
148.9 147.9 143.7 136.1 127.8 110.8 103.4 124.5 146.2 148.4 149.8 152.3 149.2 159.5 162.1 163.6 164.9 165.7 167.6 169.9 173.1 175.4 176.3 177 177.1 177.3 178.5 181.4 183.8 186.4 187.5 186.1 185.6 185.7 185.5 185.3 185.5 185.9 186.8 189.8 192.7 196.1 199.2 202.7 206 208.3 210.2 210.6 212.2 211.1 211.6 213.5 214.7 215.4 215.9 215 214.7 218 217.9 220.2 222.9 224.5 225.5 225.5 225.9 226.8 229.3 230.5 232.8 234.9 236.9 239 240.1 240.9 241.8 243.7 245.7 247.7
151.7 151.9 149 145.2 137.3 123.8 108 112.7 132.9 149.5 151.8 152.6 145.9 157.4 160.4 161.2 160.5 161.5 164 166.7 170.6 174.8 177 177.4 177.5 177.5 177.7 177.3 178.7 179.8 179.8 180.7 180.7 180.6 180.6 179.9 179.8 179.7 180.1 183 186.4 191.4 195.3 198.4 202 207.1 210.7 211.8 213.2 213.3 213.2 215.1 217.1 217.6 217.8 219.5 221.7 223.2 225.3 224.5 226.7 229.9 231.6 232.3 234 234.5 234.4 236.2 237.6 239.3 242.3 243.5 243.8 244.7 246 243.4 249.1 251.1
152.5 153.5 151.3 148.6 144.7 130.5 107.3 108 126.6 148.1 152.4 152.5 153.1 154.7 156.8 157.6 157.6 158.4 160.8 163.5 167.6 172.9 176.8 177.6 177.7 177.4 178.2 176.6 174.6 173.9 174.3 175.7 175.5 175.4 175.6 174.6 175.1 176.4 181.2 184 185 187.4 191.1 197.1 202.3 207 211.3 214.8 216.4 218.1 220.2 221.1 223.5 225.8 226.1 226.2 229.4 230.4 231.1 229.6 233.8 235.5 237.5 238.5 240.1 240.6 240.4 242.3 243.4 244.3 246.8 248.2 248.3 249.5 250.4 249.4 253.1 254.4
153.1 155.4 153.7 150.4 146.6 131.3 106.6 115.7 133.7 147.8 153.1 154 154.3 151 154.5 153.5 154 155.5 157.8 160.7 163.9 168.4 173.8 176.9 177.5 177.3 175.6 172.4 170.5 169 170.2 170.8 170.6 169.7 171.1 172.5 175.2 179.1 182.7 186.5 188.2 192.7 197.3 201.3 205.2 208.3 211.5 215.8 220.9 225.7 225.3 227 229.3 231.8 233.9 232.6 235.9 236.5 236.9 235.6 237.7 240.5 243.3 244.8 246.1 247 247.2 247.9 248.8 249.3 250.8 252.5 252.7 253.7 254.7 254.5 256.2 258.1
155.3 157.2 156 152.3 147.5 128.4 107 123.7 142.5 146.2 151.7 155.7 155.9 152.8 152.1 151.7 152.1 152.7 155.3 158 160.7 164 167.6 169.6 170.7 171.8 171.2 168.8 166.6 166.1 166.3 166.2 167.2 168.2 169.7 173.4 176.7 180.5 184.4 189 191.3 195.9 200 203.9 207.8 211.5 215.5 219.4 222.8 227.5 231.1 232.8 235.2 237.4 239.3 239.2 241.9 242.1 242 241 242.4 244.3 247.8 250.6 251.5 251.5 252 252.1 253 254 255.4 256.5 256.9 257.3 258.3 259.4 255.5 260.9
