public/OST50/NS41.asc
ncols 200
nrows 200
xllcorner 240000
yllcorner 610000
cellsize 50
[rows 0 to 34 of 200, columns 78 to 155 of 200]
83.5 79.7 76 82.5 86.6 90.1 93.7 96.5 97.8 97.6 97.8 95.3 93.9 93.7 94.8 96.2 98.3 98.2 101.4 106.7 112 117.4 121.6 124.8 128 130.4 132.2 134.3 134.9 135.1 135.2 135.1 134 130.9 128.9 130.9 132.9 133.6 140.1 143 145.2 147.5 148.6 149.8 150.8 151.4 152 151.3 151.2 152.8 154.5 156.2 156.5 157.4 158.1 158.9 159.1 159.1 157.6 157.6 156.4 154.9 152.8 152.2 149.9 146.4 144.1 143.5 142.3 143 144.9 146.8 148.5 149.3 148.9 148.2 146.5 144.9
78.7 73.9 80.2 83.1 86.6 89.8 93 95.8 97.1 97.3 97.7 97.8 96.1 95.8 96.8 98 100.6 101.4 103.8 106.5 111.4 115.3 118.9 122.2 125.5 127.8 129.2 132 133.9 134.6 134.7 134.4 131.7 128.4 124.2 125.7 128.8 129.6 136.2 139.7 142.5 144.7 145.5 147.5 149.3 149.5 149.9 149.6 149.4 150.9 153.8 154.3 154.3 154.7 155.4 155.7 155.9 155.9 155.1 152.7 151 150.2 148.4 145 143.8 142.4 141.2 140.5 139.8 141.9 144 146.1 147.8 149.6 150.5 150.3 149.1 147.5
74 78.9 80.1 83.3 86 89.3 92.7 95.4 97.2 97.2 96.2 97.8 95.2 96.1 97.2 99.4 102.3 103.6 106.1 108.6 110.1 111.8 116.2 120.1 122.7 125.6 126.9 128.3 130.7 131.8 131.7 131.3 128.6 125.8 122.6 124.5 127.7 129.3 130.9 136.5 140.4 142.9 144.1 146 147.9 148.1 148.4 148.1 148 148.6 151.5 153.7 154 153.1 152.8 153.4 153.9 153.3 152.6 151.1 149.7 145.7 144 142.5 141.3 140 139.4 138.5 138.6 141.1 143.3 145.4 147.1 148.9 150.5 150.8 150.4 148.6
79.7 78 81 82.6 85.4 89.7 94 97.9 99.6 100.2 100.3 99.9 97.4 96.6 97.2 100.9 103.8 105.9 109 111.9 113.8 116.1 117.9 120.5 122.7 123.3 124.9 126.1 127.8 128.8 128.9 128.4 126.4 123.7 121.2 124 127 130.4 128.5 136.5 139.3 141.9 143.1 144.6 146.6 146.8 146.5 146.2 145.9 146.1 147 148.4 149.8 149 149 150 152.4 152.3 150.2 148.8 148.1 146 144.5 143 141.5 139.8 138.2 137.7 138.2 140 142.4 144.6 146.4 148 149.4 150.6 149.4 148.4
82.8 81.4 82 84 86.6 91.5 96.2 100.1 101.8 102.8 103.6 100.6 98.5 96.8 97.2 101.5 104.6 106.8 110.5 113.9 116.7 119.3 121.2 123.4 125.2 126.1 126.4 126.7 126.6 126.7 126.6 125.6 123.8 122 120.8 122.9 125.5 128.8 131.8 135.6 138.2 140.8 142.1 143.8 145.2 145.4 144.7 144.3 144.3 144.6 144.3 144.3 144.4 143.1 145.5 146.5 147.6 148.7 148.9 148.2 147.5 145.6 144.3 143 141.7 140.2 138.2 137.2 137.8 138.9 141.4 143.6 144.5 145.6 146.8 148 147.7 147.2
90.4 87.6 84.1 84.4 87.8 92.6 98 102 103.9 105 105.7 102.9 103.3 99.9 96.7 100.5 104.3 107.6 111.4 114.5 117.5 120.2 122.8 126.1 127.6 128.3 128.6 127.9 126.7 125.5 125.2 123.5 121.7 119.7 120.2 121.8 124.3 127.2 130.4 133 137.2 139.8 141.4 142.5 144.7 143.6 143.1 143.3 142.7 142.5 142.3 141.3 140.3 138.9 143.1 144.6 145.8 146.6 148 147.4 146.9 145.2 143.9 142.7 141.4 140.1 138.8 136.4 136.7 137.9 139.7 140.9 141.7 142.8 144.7 145.5 146 145.5
96.1 93.2 88.8 86.4 89 94 99.6 103.7 105.7 106.9 107.1 105.5 104.4 101.2 97.1 99.5 103.6 108.2 111.8 114.5 117.5 120.5 123.5 126.9 128.4 129.2 129.2 128.2 126.9 125.6 123.6 121.8 119.9 118.1 118.5 120.3 123.3 126.5 129.2 129.6 136.8 139.8 141.3 142.2 143.1 145.2 142.7 142.6 142.7 141.6 139.6 139.6 137.7 136.7 141.2 142.8 143.9 144.3 145.8 146.6 146.2 144.8 143.6 142.3 141 139.8 138.6 137 136.9 137.4 137.9 138.4 139.3 141.1 142.3 143.2 143.8 143.4
100.7 97.6 94.6 90.8 90 96.5 101.2 105.2 106.9 107.8 108 103.2 104.9 100.7 97.7 98.7 104.5 109 111.7 114.5 117.2 119.9 124.2 126.7 128.4 129.7 129.3 128.3 127.1 124.9 122.7 120.7 118.9 117.4 118.1 119.4 122.6 125.8 129 129.1 136.1 139.7 140.9 141.9 142.8 144.1 142.7 141.9 140.5 138.9 137.1 136 134.7 137.2 139.7 140.8 141.6 142 143.4 144.3 144.8 144.4 143.1 141.9 140.2 138.5 137.3 134.4 135.9 136.1 137.3 138.2 139.1 140.5 140.7 140.9 141.5 141.2
105.6 101.4 98.1 93.9 92.2 97.6 101.8 105.7 107.8 108.6 108.3 103.2 104.1 100.8 98.5 99.4 103.8 109.2 112 114.5 116.8 119 121.7 124 126.1 126.9 127.4 127 125.9 124.1 121.9 119.7 117.8 117.1 117.8 118.8 121.8 125 128.5 131 135.4 139.5 141 141.7 142.3 142.2 141 139.3 137.7 136.1 134.4 133.1 135.2 136.7 136.6 136.9 138 138.9 140 140.8 141.5 141.8 141.4 140.2 137.6 135.3 133.5 134 134.3 135 137.3 137.9 138.8 139.6 140.2 140 139.3 140.6
107.7 103.3 99.9 95.7 92.9 97.9 102.3 105.2 107.6 108.2 107.6 103.3 101.9 100.4 99.5 100.2 104.6 108.9 111.9 114.2 116.4 117.9 119.7 121.9 123.1 123.5 124 124.6 123.9 122.8 120.9 118.9 116.8 116.8 117.1 118.9 121 124.6 129 129.6 134.1 137.7 139.9 142 142.7 141.8 140.7 138.2 135.6 133.3 131.5 131.1 134 134 134.6 135.4 136.5 136.2 137.3 138 138.7 137.9 137.5 136.6 135 132.7 130.6 131.9 132.7 135.1 137.2 137.7 138.6 138.6 139.3 140.1 140.3 141.8
105.6 103.6 100.2 97.1 93.9 97.3 101.1 104.8 107.2 107.7 107.1 105.3 103.2 100 99.8 101.2 104.5 107.7 111 113.7 115.3 117 118.7 119.5 120.6 120.8 121.2 121.6 121.2 120.4 119 117.1 116 116.3 117 118.8 120.7 124.3 127.5 130.8 133.8 136.5 138.7 141 142 141.2 139.9 138.1 135.8 133.2 130.1 128.9 131.7 132.4 133.2 134 134.8 134.5 134.2 135.2 135.9 134.7 133.7 132.7 131.9 130 128.6 132 133.9 135.4 137.1 137.6 138.1 135 136.3 138 141.4 142.4
103.7 102.6 101.8 100.2 94.7 96.5 100.2 103.9 106.4 107.5 107.2 104.7 103 101.2 100.9 102.1 103.8 106.7 109.9 112.6 115.2 116.9 118.6 118.2 118.1 118 118.4 118.2 117.7 117.3 116.8 116.4 115.6 116.3 117.1 118.5 121.4 125.3 128 130.2 133.1 135.9 138.3 140.1 140.5 140.5 138.3 136.4 134.4 131.4 127.8 129.5 130.3 131 131.8 132.5 133 132.7 132.4 132.4 132.6 131.7 130.7 129.1 127.8 128.6 130.9 133.2 135.2 136.8 136.5 135.1 134.2 137 137.9 137.5 139.9 141.3
105.7 105.5 105.8 104.7 98.1 95.7 99.4 103 105.3 106.4 108.6 106.9 106.1 104.5 105.5 105.2 104.3 106.4 108.6 111.2 113.8 116.5 118.6 118.5 117.9 116.6 115.4 115 115 115.1 115.2 115.9 115.3 116 118.7 121 123.7 127.3 129.6 131.5 133.2 135.2 137.8 138.6 138.9 138.3 136.3 134.5 132.7 129.8 126.2 127.9 128.5 129.5 130.3 131.1 131.2 130.9 130.6 130.3 129.7 129.1 127.6 128.4 129.4 130.8 133 135 136.1 134.6 134.1 136.9 137.5 138.2 137 137.1 137.2 138.7
106.5 107.5 106.4 104.9 101.3 95.8 98.5 102.2 104.3 107.3 109.9 108.9 109.9 111.3 111.7 111.6 110.5 108.7 108.1 110.4 113 115.8 118.5 119.2 118.4 117.4 115 114.7 114.5 114.6 114.8 114.8 115 116.6 120.8 123.7 126.1 128.8 131.1 133.2 135 136.7 137.3 137.1 137.3 135.9 134 132.3 130.5 128.7 125.4 124.3 126.4 127.6 128.6 129.5 129.5 129.3 129 128.8 127.2 129.4 130.8 131.7 132.5 133.7 134.7 134.5 135 133.6 138 138.6 137.9 137.1 135.7 133.6 134.3 135.4
107.2 107.3 104 102.5 100 96.3 100.9 103.9 105.8 109 111.2 107.8 114 115.3 115.7 116.3 115.3 114.1 111.4 111.5 114 116.5 118.9 120.4 120.3 119 115.7 114.5 114 114.1 114.3 114.4 115.5 118.8 122.9 125.2 128.5 131.2 132.7 134.8 136.7 137.3 137.1 136.1 135.3 133.3 131.5 129.7 127.7 125.9 120.8 123.6 124.3 124.9 124.1 125.5 125.6 127.2 129.1 131.5 132.3 132.9 133.5 134.2 135.4 135.4 133.5 133.6 134.7 135.9 136.4 136.8 136.3 135.2 132.5 130.5 131.3 132.7
103.3 102.4 101.9 101.9 102.7 105 107 108.4 109.8 110.7 112.5 107.7 114 116.2 118.4 119.5 120.1 118.6 116.5 113.6 115.2 117.8 120.4 121.6 122.2 120.6 118.3 115.3 114.4 114.1 114 115.1 116.2 120.8 124.9 126.8 130.1 133.3 135.1 136.2 136.9 136.9 136.7 135.1 133.4 130.7 128.8 126.8 124.9 122.9 118.8 118 119.5 126.6 128.9 130.6 129.8 131.1 133.5 133.9 135.3 135.8 135.9 136.2 137 133.2 134.2 134.5 133.4 132.7 133.1 133.1 132.4 130.5 128.8 128 128.8 129.6
101.8 103.9 105.9 106.5 108.4 111 111.3 112.7 114 114.1 114.8 111.7 110.9 112.5 114.8 119.1 121.1 121.8 120.9 117.1 116.4 119.1 121.8 123.2 123.9 122.7 120.2 117 114.9 114.3 114.6 115.7 119.2 122.7 125 127.3 130 132.1 133.5 134.4 134.7 134.5 133.5 132.4 130.7 128 126 124 122 119.6 115.8 119.8 125.3 128.3 131.1 133.2 134.1 134.9 135.6 135.7 137.1 137.7 137.5 136.6 133.9 132.2 134.1 132.5 131.3 130.2 129.6 127.6 127.2 125.6 126.3 126.4 127.3 128.1
104.4 106.7 109.8 111.3 113.4 115.5 117.1 117 117.5 117.6 116.2 110.8 107.4 108.7 111.7 115.2 118.2 120.5 119.8 118 117.1 120.2 122.9 124.8 125.4 124.5 122 118.8 116 114.8 115.3 117 122.1 123.5 124.8 127.1 129.1 130.3 131.8 132.1 132.4 131.7 130.7 129.7 128.3 125.6 123.2 121.1 119.2 114.8 116.8 121.7 127.2 130.1 133 134.7 136.3 137.2 137.7 136.9 136.7 136 134.9 133.9 132.8 129.5 131.7 128.8 123.6 123.9 123.4 123.9 123.9 123.9 123.9 124.9 125.8 126.6
107.7 109.9 113.2 116.8 120.4 121.9 122.1 120.7 119.7 118.1 115.1 111.2 107.1 108.3 107.4 110.2 114 116.1 116.5 116.3 116.9 120.1 123.6 126 126.6 125.3 122.6 119.8 117.2 115.7 117.1 119.8 123 124.5 125.3 126.9 128.3 129.4 129.8 130 129.3 128.8 127.9 126.7 125.4 123.4 120.7 116.8 114.1 115.9 119.6 123.7 128.3 130.7 132.6 134.2 136.1 136.3 135.1 134.4 133.9 133.4 132.3 131.3 128.8 127.8 126.7 121.5 126.7 127.8 127.1 126.7 126.4 125.7 123.9 123.5 124.5 125.7
110.9 113.8 117.7 121.2 123 123.5 123.6 122.5 120.8 118.4 116 112.4 108.6 106.8 106.1 106.7 109.2 111.9 113.8 116.6 118.1 121.5 125.5 127.6 127.4 126 123.7 121.2 118.3 116.9 118.6 120.6 123 125.1 126 126.5 127.5 128.3 127.8 127.5 126.2 125.7 125.2 124 122.7 121.3 118.2 114.2 113.9 116.6 121 125.6 128.8 130.7 132.1 133.6 134 133.4 132 131.2 130.3 129.5 128.7 127.4 125.3 122.8 121.6 127.5 129.9 130 129 127.6 127.6 126.2 124.6 123.4 124.1 124.1
114.2 118.4 121 122.8 123.9 124.6 124.1 123.4 122.2 119.8 116.9 113.4 109.4 106.9 105.1 105.7 106.5 109.6 113.1 116.6 120.4 124.2 127.5 129.5 128.7 127.8 125.1 122.4 119.7 115.9 118.6 121.8 124.1 125.3 125.9 126.4 126.8 126.1 125.2 124.4 123.2 122.4 121 121.6 120.8 119.6 116.5 112.1 116.3 117.4 121.6 125.9 128.2 129.4 130.8 131.2 130.8 129 127.6 126.6 125.8 125 123.5 120.4 119.4 120.5 126.2 128.7 131.1 132.5 133.7 132.5 131.1 127 125.5 124.6 123.1 124.2
118.8 121.7 122.5 123.1 123 120.2 121.1 121.2 120.6 119.2 116.8 113.4 109.7 107.1 106.2 105.1 105.8 108.7 112.8 117.1 122.2 126.4 129.1 130.9 130 129.5 127 124 120.2 114.4 117.1 121.3 122.4 123.9 125.1 125.4 124.2 123 121 119.9 119.7 118.4 116.9 117.4 116.9 115 112.4 115.3 117 118.6 120.8 124.1 125.9 127 128.1 128 126.5 124.8 123.1 122.2 121.3 119.7 116.5 117.7 123.7 128.3 130.1 131.6 133.8 135.1 135.2 135.3 135.3 132.4 130.4 127.6 125.8 123.5
119.3 119.2 119.4 119.6 118.1 117.3 117.6 118.1 118.5 117.3 115.8 113.6 110.3 107.4 106.6 105.6 106 109.3 113.5 117.9 122.7 126.3 128.9 131.4 131 130.8 128.9 126 121.1 116.1 118.1 118.9 120.5 122.2 123.9 123.6 121.5 119.6 117.5 114.9 115.3 112.7 112.8 112.2 110.6 110.4 110.4 113.9 115.8 117.7 119.6 121.7 122.8 123.3 124.4 124.1 121.7 119.7 118.3 117.4 116.6 112.9 117.3 122.4 127.8 131.1 132.8 134.7 135.8 136.3 136.4 136.1 135.9 136 134.5 131.4 127.7 123.4
117.7 119.3 120.1 119.9 119.6 118.6 116.7 116.1 116.7 115.5 114.1 112.1 110.6 107.7 107.1 106.4 106.7 110.8 114.9 118.8 122.7 126.1 128.7 131.2 131.8 130.4 128.4 125.7 122.2 117.7 112.1 114.5 116.9 119.1 120.6 120.2 118.3 114.4 111.2 109.3 109.7 110.9 112.2 112.5 112.6 112.9 113.1 112.8 113.7 115.9 118 119.2 119.7 120.2 120.6 118.9 116.8 114.6 114 113.3 112.6 115 119.4 124.1 129.1 132.4 135 136.5 137 137.2 137.7 138.2 138 137.4 135 131.5 127.8 123.5
119.8 121.1 120.9 120.4 120 119.1 117.6 116.2 114.8 114.3 113.9 111.1 108.6 107.6 107.5 107.3 106.3 109.8 113.5 117.6 122.5 125.3 127.5 129.8 131 129.9 127.9 124.5 121.1 117.8 110.2 111.3 113.3 114.8 115.9 114.7 113.2 109 109.7 110 111.9 113.8 115.6 116.8 117.9 118.5 117.9 117.2 115.7 115.2 115.7 116.2 116.5 115.8 116 115.3 113.1 112.2 111.6 113.1 114.7 116.8 121.4 126.1 130.7 133.5 136.1 138.8 139.1 139.1 139.3 139.7 139.1 137.1 134 130.5 126.8 123.8
122.8 123.3 122.8 122.4 122.1 120.8 118.9 117.1 116 114.2 113.5 111.3 109.2 109.1 107.9 104.4 105.5 107.2 111.7 116.1 120.3 123.3 125.8 127.9 129.7 128.2 126.4 123.1 119.7 116.5 106.9 107.9 109.1 109.8 109.8 109.4 109.3 109.1 109.7 111.7 114.2 116.3 118.1 119 120.5 120.8 120.8 120.9 119.4 117 116.1 115.7 113.8 112.2 111.7 111.8 111.6 113.3 114.8 116.5 119.4 122.2 125 128.1 131.4 134.4 137.1 139.2 141 141.3 141.1 140.7 138.7 135.6 132.4 129.5 126.5 124.6
125.5 126.1 125.7 125.2 124.6 123 121.1 119.3 117.5 115.3 114 113.4 112.9 110.4 108.3 105.5 104.5 107 108.5 112.6 116.6 119.5 122.5 124.4 125.4 124.5 122.8 121.5 118.3 114.7 106.3 106.3 106.5 107.6 108.2 108.3 109.4 109.3 110 113.8 116.4 118.8 119.8 120.5 121.2 121.2 120.8 120 118.4 117.3 116.8 115.2 112.8 110.6 111.8 112.5 113.5 115.1 117.3 119.5 122.3 125.2 127.5 129.7 132.1 134.5 136.7 138.2 140.1 141.3 140.9 140.2 136.9 133.6 130.4 127.9 125.3 125.6
128.2 128.8 128.5 127.9 127.1 125.4 123.9 121.4 118.6 116.1 115.1 114.1 112.5 111 109.4 107 105.4 106.2 107.7 111.7 114.9 117.3 119.3 120.5 121.6 121.4 120.4 119 116.2 111.7 106.4 107.3 107.1 107.5 108.5 109.6 110.1 112.1 115.8 119.6 120.1 121.5 122.3 122.7 121.2 119.6 119.3 118.7 117.6 116.4 115.5 114.1 111.7 111.6 114.1 115.1 115.7 117.5 119.8 122.5 125.3 128.1 130.1 131.3 133.4 134.3 135.5 136.9 137.4 137.7 137.5 136.5 134.5 131.9 128.5 126 124.4 127.1
129.2 130.4 130.9 130.4 129.5 127.2 124.6 121.9 118.9 116.7 115.3 113.8 111.7 109.4 109 107.7 106.8 104.8 109.5 107.6 113.1 115.8 117.5 118.8 119.7 119.5 118.6 116.6 114 109.4 106.1 106.5 107.6 107.5 108.5 109.7 113 118.2 118.7 122 123.6 124 124.8 124.5 123 121.4 119.2 116.9 115.4 114.5 114.1 113.1 110.7 111.8 114.6 116.5 117.7 120.2 122.7 125.5 128.3 130.8 132.6 133.8 134.2 134.3 133.3 133.3 133.4 133.7 133.6 132.9 131.1 128.7 126.4 124.9 125.5 127.9
129.8 131.4 132.2 130.9 128.4 125.6 122.5 120.1 118 115.7 115.1 114.1 111.9 109.6 107.2 105.9 105.1 105.6 109.3 110.7 108.3 111.7 114.4 117.2 117.9 117.8 115.3 113.1 111.5 107.4 105.8 105.6 106.7 108 108.6 110.6 114.5 116 116.5 119.7 121.7 122.8 124.5 125.6 124.7 122.9 121.3 119.2 117.2 114.3 112.8 112 110.2 111.5 113.3 115.4 116.7 119.2 123.4 127 130 132.4 134.6 135.8 135.6 134.3 132 131.1 130.6 129.4 129.4 129 128 126.8 125.5 124.4 126.3 128.5
130 131.1 130.8 129 125.9 123.7 121.3 118.6 116.4 114 113.6 114 112.3 109.9 107.7 104.7 103.6 103.7 104.4 108.7 111.1 109.4 110 110.6 111.4 111.7 111.3 109.4 108.3 105.6 106.2 106.6 106.6 106 107.5 109.6 113.2 116.1 119.5 120.2 120.3 124.1 126.6 128 125.6 126.4 125.5 122.8 119.9 116.4 113.5 111.3 109.7 110.8 111.9 112.5 115.3 118.5 122.5 126.1 129 131.5 134.7 137.8 137 136 133.6 130.5 128 126.6 126 126 125.8 125.5 125.3 124.9 127.6 131
130.2 129.9 127.4 125.1 122.7 121 118.7 116.3 113.8 111.8 110.2 111 111.4 109.3 106.4 102.8 101.7 103.9 104.5 105.4 103.5 107.2 105.4 107.1 111.2 106.6 106.3 106.4 107.2 108.2 108.8 109.5 109.6 109.4 109.1 108.1 110.9 114.5 117.9 119.9 122.4 126.5 128 128.3 128.2 127.3 125.7 123.5 121.2 117 112.7 110.9 110 111.4 112.8 113.5 116.5 117.5 121.1 124.7 127.4 130.2 134.7 138.3 140.6 141.1 139 135.2 131.8 130 127.8 126.8 126.2 125.6 125 126.3 130.4 133.7
124.6 125.2 123.4 122.2 120 117.8 115.1 113.3 111 106.1 104.2 104.9 105.6 105.5 101.6 102.4 103.8 105.3 105.8 106.7 109.6 111.7 110.8 111.5 112.9 110.6 109.8 110.2 110.5 111 111.8 112.8 113.3 112.7 111.7 110.8 107.5 110.4 114.4 118.1 121.5 124.8 125.6 127.2 128 127.2 125.8 123.9 121.3 116.7 112.2 110.4 110.8 112 113.5 115.8 118 120 121.4 123.6 127 130.5 135.8 138.7 141.1 143.6 144.6 143.8 140.4 136.2 132.5 129.8 127.9 126.1 125.2 128.7 133.1 136.5
119 119.7 119.3 118 116.3 113.6 111.6 109.4 105.1 102.5 101.7 101 100.1 101.8 106.7 108.3 109.5 109.9 111 109.7 111.3 112.8 112.5 113.3 114.8 115.5 114.6 114.2 114.3 115.1 115.9 116 116 113.8 112.5 112 109.1 109 109.3 111.5 115.5 120.1 122.4 124.7 126.2 126.1 125.6 124.3 121.1 115.6 111.3 109.9 112.4 113.4 115.1 117.4 119.7 122 124.3 126.1 128.2 130.8 136.8 139.5 142.3 144.8 145.8 146.2 146.2 144.7 141.5 137.9 131.8 128.8 126.1 131.5 135.6 139.4
113.8 114.9 114.9 114.1 112.6 108.9 107 104.4 101.9 100.9 100.4 100.6 103.1 106.1 109.1 112.4 115 116.3 116.8 115.8 114.7 114.8 114.3 114.3 115.9 118 120.5 121.3 121.1 120.4 120.7 119.8 117.4 114.5 112.6 111.2 110.1 110.3 112.2 111.1 109 111.4 115.1 118.7 121.5 121.9 121.8 120.4 116.7 113.1 110.1 111.2 114.3 116.9 119.5 121.8 123.5 125.1 127.7 130.2 132.7 135.1 137.5 141.2 143.8 146 146.8 146.8 147.5 147.3 145.2 142.2 136.5 129.4 127.9 133.6 138 142.2
