public/OST50/NS70.asc
ncols 200
nrows 200
xllcorner 270000
yllcorner 600000
cellsize 50
[rows 105 to 139 of 200, columns 78 to 155 of 200]
404.9 403.7 402.1 399.2 390 380.2 368.7 359.5 346.4 330.3 321.6 316.2 312.1 309 310.1 314.8 321 329.5 341 356.5 369.4 385.6 398 410.7 429.7 444.3 455.4 462.1 463.4 462 461.2 458.8 454.4 449.2 441.5 438.4 436.6 436.3 435.7 437.1 437.1 439.2 442.2 445.4 445.8 447.5 449.9 452.5 456.5 459.6 461.2 461.2 462.9 467.3 470 471.3 472.5 473.2 473.9 474.5 473.6 472 469.7 465.5 460.5 456.9 452.7 448.4 445.1 441.7 435.3 432.1 425.1 410.4 396.1 396.5 409.1 421.6
399.3 397.9 396.1 393.7 388.7 375 362.4 345.8 334.6 325 317.7 312.6 308.8 305.6 304.9 308.8 312.9 318.9 333.4 346.7 358.8 372 384.8 401 421.5 442.6 455.3 461.2 461.4 461.2 457.3 453.2 448.8 442.5 435.3 430.5 428.2 430.2 431.1 430.6 431.5 433.1 435.4 436.6 437.7 441.4 444.9 448.8 453.2 457.9 461.2 461.8 463.1 466.7 469.8 471.2 472.9 474.7 474.8 474.8 474.4 472.9 469.5 464.1 458.7 452.7 448.3 445.3 441.5 434.8 428.3 423.8 409.2 397.9 398.8 408.4 421.6 426.9
391.3 389.4 389.4 385.3 378.9 368.3 353.6 339.3 328.1 319.5 312.8 306.5 302.7 300.3 300 305.1 311.2 314.5 324.9 338.9 349.8 358.8 376.1 394.6 416.8 438.5 452.2 457.3 456.3 455.9 453.6 448.4 443.8 436.6 428.2 421.4 417 422.6 423 423.3 425.1 425.3 426.3 427.7 432.5 438.3 442.8 447.5 449.7 452.9 456.9 459.2 460.8 462.7 465.9 468.8 471.8 474.7 474.8 474.6 474.3 473.7 470.4 463.4 455.6 449.2 443.1 438.3 433 427.1 418.2 406.2 399 398.9 410.7 422 429.6 431.2
385 382.9 381.6 375.1 369 363.4 351.5 337.9 323.6 313.9 306.6 300.7 297.6 296.3 296.7 300.9 304.7 309 318.8 330.6 339.8 350.2 366.4 386 410.7 431 447.3 451.7 451.2 451.2 450.1 444.5 437.6 430.1 420.9 414.7 409.4 413.6 415.2 417.2 418.2 417.9 418.8 424.3 432.3 439.1 443.6 445.1 447.1 449.5 450.7 452.9 455.1 458.3 461.4 464.5 469.7 473.5 474.5 474.6 474.5 473.1 470.4 462.7 454 444.5 436.2 429.3 422.1 414.9 404.3 398.5 399.4 408.3 420.9 428.4 435.7 437.5
380.9 377.8 373.1 368.1 361.9 355.9 344.2 327.5 316.7 306.1 300.6 295.5 292.6 291 290.9 295.9 301.1 306.9 314.9 321.8 331.4 342.9 359 379.2 401.3 422.8 439.3 447 448 447.1 446.1 440 429.9 421 412.9 407.8 402.2 407.2 409.4 411.5 411.5 412.9 419.5 427.6 435.1 440.8 442.2 442.2 443.3 444.8 445.9 447.6 449.4 452.6 455.8 459 466.5 471.3 472.8 473.7 473.4 471.9 468 461 452.3 440.2 430 420.5 411.7 405.8 399.9 400.2 408.5 416.2 425.4 433.7 438.7 441.1
377.6 373.3 367.3 361.4 353.4 340.3 328 317.4 307 299.5 295.9 290.6 287.1 285.2 285.1 289.5 295.6 302.7 309.7 315.9 324.5 335.7 352.2 370.4 392.9 415.5 431 441.4 444.8 443.4 440.6 433.5 424 414.4 406.3 400.5 399.5 401.3 404 406.7 409.3 413.4 423.6 432.3 438.2 442.9 444 442.7 441.2 441.9 440.8 439.7 441 444.6 448.5 453.5 462 469.5 471.2 471.3 470.2 468.4 465.5 459.1 447.7 437.2 424.4 413.7 404.5 400 398.4 400.1 410 420 430.4 436.4 440.9 439.4
374.2 368.9 358.7 347 337.1 328.3 319.2 307.5 297.9 291.9 289.5 285.5 281.6 279.5 279.3 283.6 287.9 296.7 304.4 310.8 318.5 330.3 346.1 361.9 383.7 407.4 423.3 435.5 439.7 438.2 434.2 426.8 417.8 407.6 399.7 392.8 390.7 393.1 399.3 403.5 410.9 418.3 429.4 435.5 440.7 444.4 446.1 445 444 441.9 441.5 441.1 432.7 434.3 440.4 447 454 460.1 463.8 465.3 465.2 464.2 461 454.5 444.1 431.2 418.7 407.2 399.1 395.5 395.8 399.7 408.2 422.8 430.3 433 434.8 432.3
371.2 364.7 354.4 342.6 334.6 321.4 311.4 298.1 289.8 285.2 282.4 280.1 278.4 274.9 275.9 278.1 283.2 290.1 296.9 304.6 313.4 323 340.1 356.3 377.2 401 418.7 429 429.4 429.8 426.9 419.7 410.1 398.8 392.6 388.4 389.3 392.9 400 405.5 413.1 422.9 432.7 439.3 443.9 446.6 448.7 448.6 447.3 444.9 442.8 441.1 434.5 429.5 432.4 440.5 445.8 451 455.2 457.8 458.1 459 456.1 449.4 439.2 427.3 414.4 403.7 394.9 393.3 391.4 400.3 413.1 420.2 424.2 424.3 425.1 425
369.4 366.1 357.7 342.6 329.8 316.8 305 292.6 282.6 279.2 275.8 275.9 275.1 270.3 270.3 272.9 276.2 282.6 289.6 298.4 307.6 319.1 333.7 350.9 370.2 392.5 408 417.5 421 424.1 419.5 411.4 400.6 391.9 385.9 381.2 387.7 393.9 400.4 408.3 415.6 427.7 435.7 441.3 445.2 448.2 450.8 451 450.3 448.5 445.7 441.6 437 430 423.6 431.9 436.8 441.9 446.4 449.3 451.8 452.1 449 443.2 431.9 421.4 409.4 401.6 394.4 391 389.3 397.2 410.4 411.1 413 413.8 414.7 416.8
371.4 367.7 352.1 335.6 321.6 306.2 295.6 285.9 278.7 273.6 271.3 270.6 271.3 266.7 265.3 266.3 268.6 273.7 282.1 290.9 301.3 314.4 325.7 343.6 362.3 387.6 401.3 410.4 414.5 413.6 408.2 400.7 390.4 385.1 382.1 378.9 386.9 394.4 401.8 410.8 418.7 428.6 436 441.9 446.2 448.9 451.4 454.1 453.6 451.4 448.4 443.6 438.5 431.6 415.8 420.8 426.9 432 437.1 441.3 443.9 444.7 441.1 437.2 427.2 418.9 411.1 403.4 395.8 389.4 379.6 389.1 394.3 399.2 402.4 404.6 404.8 410.1
368.9 357.6 341.9 327.5 312.5 297 286.3 279 272.9 269.3 267.1 261.6 259 258.7 258.9 260.5 260.7 266.5 275.2 283.3 293.2 305.1 318.7 335.4 352.3 377.5 394.6 402.1 403.6 400.4 395.4 389 383.3 377.4 376.5 373.3 382.7 392.9 401.5 410 419 425.8 433 441.5 445.9 449.7 454.3 458.3 458.6 456.4 451.7 445 438.2 430.6 421.1 409 415 421.9 427.9 432.5 436.2 437.4 435 432.3 426.4 419.1 412.1 402.5 394.8 386.9 372.2 376.7 384.3 390.8 392.4 396.7 402.5 413.1
358.1 346.4 330.4 315.3 301.2 288.5 279.3 272.7 269.8 268.2 267 272.7 267.7 260.8 256.6 255.2 256.1 259.9 267.1 274.7 284 297.7 312 325.4 344 365.2 385.2 389.9 388.9 388.2 383.8 379.6 375.5 371.3 369.8 370 378.4 388.2 397 404.2 413.2 419.6 429.6 439.1 445.5 449.9 457.1 461.2 461.7 461.2 454.7 447 439.4 429.6 419.5 409.1 400.9 410.6 415.6 422.3 426.9 428.3 427.8 425.2 421.2 415 408.3 398.6 391.3 380.5 370.4 369.4 372.9 380.7 390.8 401.8 411.9 419.4
343.7 333 317.3 302.7 290.5 281.2 273.2 268.7 269.2 271.8 279.1 279.9 272.5 265.3 260.2 253.5 251.2 254.8 258.5 265.2 274.3 285.2 298.6 314 330.9 349.7 361.9 368.7 374 373.2 372.3 369.6 366.1 362.7 359.6 361.8 372.9 382.4 390.5 397.3 405.6 413.6 424.5 435.9 443.5 451 458.5 462.3 462.9 461.4 456.1 450.2 443 433.6 424.1 415 403.2 390.1 399.2 408.2 417.4 421.3 421.5 417.8 415.8 410.6 404 394 380.7 370.2 359.5 360.3 374.2 386.5 396.6 411.4 420.8 427.9
325.1 312.9 301.9 292.5 281.7 273.9 268.9 271.8 278.5 281.9 281.3 279.9 273.7 267.6 263.7 257 249.9 248.9 251 255.6 263.2 271.6 283.7 299 313.5 326.9 338.2 348.1 355.1 357.7 358.2 355.9 353.5 351.2 349.1 352.5 363.4 374 383 391.1 399.1 409.6 421.8 433.6 444.3 452.9 460.5 463.4 463.4 462.3 458.2 451.9 447.4 439.7 429.9 418.5 406.2 393.8 376.4 392 402.8 414 414.7 411.7 409.2 403.7 396.2 384.1 370.1 359.4 348.9 366 378.8 393.1 401.5 417.6 429 439.9
305.3 298.9 290.3 280.9 273.8 269.3 274.9 282.9 286.7 288.6 285.9 280.6 275 270.1 264.4 258.1 252 248.8 248.5 249.6 251.7 260.3 267.2 277.3 289.5 304.2 318.8 328.5 334.6 337 337.1 338 338.7 337 335.1 339.6 349.9 363 373.3 382.2 394.7 407.7 420.1 434.2 444.5 452 459 463.7 465.8 464.2 461.7 457.5 452.7 445.2 436.1 418.9 404 388.3 370.5 370.6 385 400.6 406 404.2 401.2 394.8 385.9 372.9 360 351 351.9 368 385.8 396.1 412.1 428 439.6 451.2
288.6 282 278.2 272.2 269 278.1 285.8 289 291.9 291.6 289.7 283.8 277.3 272.4 266.8 259.6 253.2 248.6 246.5 244.5 244.4 248.2 252.8 261.7 273.6 285 295.9 303.4 309.2 312.6 314.5 315.8 318.1 319.3 320.1 318.9 338.4 351.2 363 380.4 394.4 409.2 421.7 435.3 444.1 451.5 458.7 464 468.1 469.4 466.1 462.5 456.6 447.6 436.5 416.8 398.4 380.3 361.9 348.9 363.7 382.6 394 395.6 392.7 385 373.5 361.8 350 339.1 352.6 370.5 385.7 396.9 416.8 434.1 446.6 459.3
278.5 276 273.4 276.2 284.9 289.5 294 294.8 296.6 296 292.8 289.7 282.2 275.4 269.4 261.7 255.2 249 244.8 242.3 241.4 242.2 244.3 251.5 259.5 266.6 273.4 279 284 289.5 291.1 291.8 296.9 300.8 301.7 304.5 322.6 340.9 361 378.5 395.8 409.9 421.4 433.7 443.3 451.3 458.3 464.5 469.6 472 469.3 465.8 461.3 452.7 436.3 412.3 391.6 374.9 359.3 341.8 343.2 357.7 373 380.2 378.4 370.3 359 348.4 338.9 336.8 345.5 361.6 378.2 393.7 413.9 433.7 449.9 461.8
276.4 277.4 282.8 286.9 293.2 296.9 299.3 301.4 303.3 303.1 300.1 294 287.4 281.3 273.9 265.5 257.7 250.9 246.8 242.2 242.1 243 240.7 244.5 248.5 252.9 257.4 261.2 263.4 266.1 269.1 271.5 276.4 280.8 281.9 293.2 313.3 331.3 354 375.5 391.9 407.2 416.5 430.3 442.3 451.6 460.2 467.5 471.7 474.4 472.6 468.8 465 454.3 433.3 407.8 386.1 370.4 355.3 342 328.8 339.6 349.1 357.9 362.3 355.4 345.5 335.5 329 329 339.1 351.3 368.4 390.7 407.2 432.2 446.7 459.8
280.1 288.9 290.6 295.4 300.7 304.3 306.4 310.8 313 312.4 307.4 301 294.1 285.7 277.8 270.3 260.3 252.8 250.1 245.7 242.1 241.8 240.4 239.1 240.7 242.6 246.2 247.6 249.2 250.6 254.7 256.4 260.1 265 266.2 284.5 300.3 320.5 344.3 368.5 389.6 398.8 412.6 430.4 444.4 453.5 462.5 470.6 474.8 476.4 475 472.8 466.8 457.2 431.6 408 385.9 369.1 353.9 339.8 329.8 323.5 332.5 338.7 340.8 337.1 329.9 327.6 330.6 343.1 341.8 342.9 359.8 383.9 405.4 432.2 441 452.3
290.1 291.4 295.7 301.7 307.2 312.2 316.3 320.3 322.5 321.8 315 307.5 298.6 291.5 281.9 273.9 264.8 256.7 253.2 250.3 246.8 244.2 241.6 238.9 238.3 238 238.9 241.1 240 242.2 244.2 245.3 249.4 251.7 257 269.4 288.3 308.3 335.6 361.7 378 391.5 411.1 430.6 444 454.6 465 472.1 476.3 478.4 476.7 474.3 468.6 461.3 443 417.5 392.7 370.2 353.1 339.2 328.8 319.7 320.6 323.8 323 318.8 318.8 333.2 340.9 352.6 357.7 348.8 355.5 377.4 400.1 419.9 432.2 443.3
293.3 295.9 301.7 308.4 314.1 320.8 326.7 331.1 334.2 330.8 323 314.8 305.2 297 287.5 277.2 267.5 261.6 258.5 255.6 251.8 248.3 244.3 240.5 237.9 235.8 234.3 234 234 234.6 236.5 238.7 242.6 244.9 246.4 257.3 274.7 293.7 319.7 354.2 378.1 396.4 414.3 429.4 443.7 458.6 467.4 474 478.1 479.6 478.1 475.9 470.4 463.3 447.7 421.9 394.7 370.4 351.5 336.7 326.4 313.8 310.2 310 320.9 326.5 336.7 345.8 358.2 370.3 372.1 365.6 358.1 371.2 387.9 407.8 422.4 431.8
299.3 301.5 306 314.5 322.4 329.6 335.9 342.4 345.2 340.3 333 322.9 312.6 302.5 292.5 281.5 273.7 271.7 267 262.4 258.6 253.4 249.1 245.2 240.4 238.4 235.5 232.2 231.7 230 230.4 233.7 237.5 239.5 242.1 247.2 260.2 280.4 306.6 335.1 376.3 402.7 417.2 432.6 447.7 460.7 470 476.1 479.2 481 478.7 474.2 467.6 458.5 442.7 417 391 367.1 347.7 331.3 319.2 306.7 311.4 321.3 332.2 342.7 352.1 364.2 376.5 390 391.4 379.7 369.9 367.2 379.7 395.8 406.5 415.9
306.4 307.3 311.4 320.8 329.6 340 347.8 352.2 355.2 350 341.3 330.7 320.1 310.7 301.1 290.3 286.1 281.8 276 271.4 266.7 259.1 254.1 249.9 246.4 242.5 239.5 237.1 234.9 231.5 229.8 229.1 231.9 233.6 234.9 240.3 248.5 266.1 290.1 324.5 362.2 395.4 417.6 437.1 451.1 463 472.8 478.7 481.3 481 478.6 472.2 464 452.5 431.5 408.2 383.4 361.1 342.1 324.4 308.9 304.9 315.1 327.6 342.1 355.6 371.6 384.8 396.8 413.1 409.5 396.3 385.4 380.2 378 380.8 389.4 399.3
313.7 314.2 319.9 329.3 338.6 350.2 358.9 363.4 365.5 361.3 353.3 342.4 330.3 319.6 310.2 303.2 297.4 292.3 287.1 280 275.2 268.4 261.7 256.9 253.4 249.9 245.2 242.2 239.4 236 231.8 229.1 229.3 228.7 229 234 240.2 250.9 273.1 307.7 346.1 380.4 404.5 436.2 454 466.4 474.7 480.5 481.9 479.6 475.2 468.5 459.9 442.6 416.3 394 371.1 351.5 332 318.1 303.6 307.9 321.9 337.3 354.5 375.8 391.4 410.7 424.6 433.8 428.7 415.5 403.1 395.4 393 393.7 399.7 407.3
321.9 321.1 328 337.1 348.3 357.6 366.5 374.1 377.2 375.1 365.3 353.4 341.2 328.7 323.4 316.9 310.1 302.8 298.6 292.2 284.9 279.1 273.5 266.3 261.3 256.5 252.7 249.8 244.5 239.8 234.4 230.8 229 227.3 226.7 227 229.4 238.1 262 292.5 320.8 347.9 385 413.5 445.9 466.8 476.3 480 479.6 478.1 473.2 464.8 451.9 429.9 404.6 379.2 357.8 338.9 324.7 310.1 299.1 313.3 330.2 349.8 369.3 392.5 413.2 429.2 445 453.1 446.9 435 424.7 415.3 413 414 421.3 425.2
330.9 331.2 337.9 345.6 356.6 363.5 373.4 384.5 393.2 387.3 377 364.9 352 342.3 336.2 333.3 326.7 320.6 314.5 307 298.6 292.7 284 276.3 270.5 265.8 261.2 256.7 249.8 243.2 236.2 230.9 228.2 227 225.7 224.2 225.3 228.1 245.5 271.8 297.9 326.7 356 387 428.7 449.2 463.8 475.3 477.8 476.7 470.9 463.7 453 426.7 403.1 379.4 356.2 338.1 320.6 306.1 296.7 318.8 338.1 357 382.9 405.6 423.9 440.3 456.3 465.7 464.8 456.7 446.9 436.7 436.6 437.4 442.8 445.7
340.7 340.9 347.2 355 363.7 372.5 384.9 397.3 403.9 399.3 388.2 376.2 364.3 357.3 351.1 347.8 345.6 339.7 332.7 324.3 315.1 301.9 295.2 288.3 281.6 276.3 270 264.2 256 248.2 241 234.5 229.6 228.1 223.2 222.8 223.6 222.6 233.6 251.9 275.7 304 331.3 367.9 397.1 415.2 448.5 465.1 471.7 474.8 471.7 468 459.3 437.5 411 384.1 356.9 335.1 317.6 302.3 300.7 323.2 345 366.9 392 414.7 435.8 448.2 464.5 471.8 476.8 477.6 469.5 463.5 463.8 464.9 467.3 469.7
348.4 349.3 356.8 364.3 374.2 386.6 397.4 407.2 412.2 407.8 398.2 386.6 378.9 372.8 369.6 370.5 369.4 363.7 356.2 344.8 332.5 321 310.4 301.9 293.3 286.7 277.7 270.3 263.1 254.6 247.2 241 233.6 227.9 224.1 223.5 222.8 222.2 224.1 233.9 257.5 281.9 311.1 336.9 369 408.9 432.3 442.1 464.1 474.3 474.8 470.7 462.7 442.6 414.9 386.9 357.8 331.4 311.4 295.2 304 323.5 346.8 373.4 396.6 418.1 436.1 452.4 467.4 479.2 484.1 489.5 488.8 491.4 489.5 492 490.5 488.7
354.6 359.3 368.2 377.7 388.2 398.7 408.6 417 418 413.9 407.7 399.2 393.4 389.8 389.8 394.6 396.9 389.5 380.3 369.7 354.7 341.1 328.8 316.2 305.8 296.6 287.9 280.1 272.9 263.6 253.3 243.5 234.5 228.6 224.1 223.1 222.2 222.4 220.9 224.4 240.1 262.9 285.5 318.9 351.7 382 394.8 423.2 447.8 473.2 474.4 473.6 465.5 443.7 415.2 385.3 356.4 328.5 306.1 288.3 306.6 327.5 350.1 374.2 397.8 417.5 435.9 452.6 466.7 477.7 487.1 493.6 499.8 504.6 504 502.7 499.5 495.6
365.1 372.7 382 389.8 399.4 409.1 418.8 423.5 424.3 420.6 417.6 413 408.9 409.7 413 419 421.2 417.3 409.7 395.1 376.5 359.5 344.9 332.3 320.6 310 299.1 290.6 281.1 271.4 258.8 248 237.5 229.9 225 222.7 221.7 221.8 219.5 219.8 232.7 250.1 267.6 297.7 327.6 355.5 374.2 399.4 443.8 473 474.8 474.2 461.9 437.3 408.3 378.7 352.6 325 301.3 290.2 306.8 329.6 352.8 378 402.2 422.3 440.1 454.2 467.2 477.8 488.3 495.7 500.5 502.9 502.2 501.7 499.4 499.2
377.4 384.3 392.7 401.2 410.8 421.5 428.4 429.6 428.6 427.6 426.8 425.5 425.5 429.4 434.4 437.6 438.3 434.1 427.8 413.7 398.3 378 361.7 348.7 338.3 326.9 311.3 299.3 288.2 277.1 263 250 240.7 231.1 225.8 223.2 221.3 222.2 219.2 219.8 224.5 232.6 249.9 274.9 304.4 316.4 357.2 410.8 453.9 473.5 473.2 471.1 457.9 430.3 401.3 372.1 343.7 317.2 296.4 287.5 308.3 332.7 355.9 385.6 405.7 423.6 440.7 451 462.9 474.6 485 493.3 494.9 495.3 496.1 497.1 499.1 501.1
390.1 396.9 404.7 414.5 422.8 430.5 436 437.4 435 434.5 434.2 435.4 438.3 444.1 447.3 448.2 446.2 442 434.1 427 413.5 398.3 381.3 369.9 356.1 341.5 324.3 310 293.1 284.4 270.5 254 245.4 233.6 225.9 223.3 221.3 221.9 219.8 218.8 219.5 228.1 243.7 263.7 283.1 316.8 359.8 419.3 460.3 468.7 467.3 461.8 446.6 421.9 394 364.4 335.2 311.6 289.7 289.5 311.5 335.4 359.7 385.2 406.7 418.6 428.5 439.4 455.4 469.4 480.3 485.6 483.8 484.6 486.2 489.4 492.2 493.3
402.2 409.2 420.8 428.5 436.4 440.8 442 441.8 439.8 438.9 439.3 441.9 446.2 451.7 453.5 452.3 450.4 444.6 440.7 438 432.9 420.3 406.8 394 379 360.3 341.2 321.3 305.1 288.4 272.8 259.2 248.1 236.2 228.3 223.8 220.8 219.1 218.6 217.2 217.5 224.1 236.6 251 276.4 311.5 364.3 432.2 450.3 452.3 456.9 453 436.9 413.2 385.1 355.1 326.6 302.9 282.2 292.8 313.9 332.9 357.8 378.4 392.9 400.1 406.3 427 445.7 462.5 471.7 471.6 470 470.8 472.7 478.7 482.9 484.7
414.6 422.6 432 439 445.5 446.9 447.4 446.2 443.3 441.6 441.5 444.7 450.8 453 453 451.8 452.1 449 447.6 446.4 446.3 442.7 434.5 423.3 405 378.2 355 334.7 312.8 295 279.4 263.7 249.8 239.4 231.8 225.2 221.8 220.1 217.8 216.9 216.9 218 226 240.3 271.2 309.9 372 384.4 404.3 422.7 429.2 438.1 429.8 405.7 376.5 348.6 324.4 299.5 278.1 290 309.5 327.2 346.7 361.7 368.3 372.8 393.2 412.9 435.5 452.3 460.2 455.4 452.8 453.9 460.8 467.5 473.2 473.5
423.9 433.2 441.4 447 450.6 451.2 451.1 448.8 443.7 442.3 442.1 445.6 448.8 450.7 451.8 451.6 451.9 450 452.4 452.9 454.6 454.3 451.9 442.7 424.3 394.1 366.7 344.8 322.7 300.3 282.2 268.2 254.2 242.8 233.1 225.6 222.1 219.4 217.1 216.9 216.9 216.9 220.6 236.9 263.9 292.6 319.2 337.6 363.3 373.3 392.1 405.1 411.7 401 379.4 353 329.4 304 279.7 282.7 297 313.3 328.6 337.6 346.4 359 377.9 399.7 421.7 438.5 442.6 440.7 438.2 437.1 445.8 454.9 460.3 463.9
