public/OST50/NS70.asc
ncols 200
nrows 200
xllcorner 270000
yllcorner 600000
cellsize 50
[rows 35 to 69 of 200, columns 0 to 77 of 200]
419.8 420.1 419.5 419.4 413.1 403.5 386.2 373.1 363.2 354.4 348.3 346.8 351.9 356.4 362.7 368.5 373.3 375.7 379.3 380.6 380.8 378.6 374.5 367.4 362 357.1 351.3 350.9 354.6 358.6 365.2 370.1 373.8 375.5 374.9 373 368.1 363.9 362 361.4 359.9 361.6 364 364.3 365.2 366.9 368.7 368.1 366.4 363.3 361.2 361 357.6 353.8 351.3 349.1 345.3 341.9 339 339.3 337.3 335.8 334.4 332.5 329.8 328.1 325.2 322.8 320.1 318.9 317.5 314.7 311.9 308.2 306.6 304.4 302.1 299.4
429 428.4 425.3 420 410.3 397.9 381 370.4 360.8 351.4 349 352 357.1 366.5 375.2 382.3 386.2 389.1 392.5 394.2 393.5 391.9 381.8 372.9 366.3 360.6 357 359.8 361.5 366.3 374 380 384.4 386.6 386.6 384.1 379.6 373.6 371.3 369.5 366.7 368.4 369.5 370.3 370.2 370.5 371 370.9 368.3 365.8 363 360.3 357.8 354.4 350.9 349.4 346.8 343.2 341.6 341.5 338.9 337.1 335.3 333.3 331.4 330.3 327.8 325.7 323.6 321.5 321.1 317.7 314.4 310.4 308.7 304.6 301.5 300.9
439.2 435.6 430.8 419.8 407.3 392.6 378.5 368.4 358.7 349 351.4 356.6 366 379.3 390.8 396.6 402.3 405.7 408 406.7 403.6 398.7 387.8 375.7 366.5 359.4 360 363.6 367.8 373.3 381.9 389.1 393.8 395.4 395.9 393 387.4 380.6 379 376.1 371.7 373 374.9 374.7 374.4 375.1 373 371.6 369.2 366.6 363.7 360.4 357.8 355 352.4 350.9 348.5 346.9 345.5 344.4 341 338 336.1 334.5 332.9 330.9 330.7 327.3 325.9 324.1 322.1 320.3 316.5 312.1 308.6 305.6 302.1 300.2
449.6 441.6 432.3 418.9 406.1 388.4 375.6 366.3 357.2 349 357.3 364.3 378.5 393.5 405.4 414.9 419 422 418.1 413.9 409.2 400.4 386.5 375.3 365.4 359.7 364.2 368.2 373.2 379.7 389 396.9 401.6 403 403 400.3 393.6 388 385.6 382.9 378.5 379.1 380.3 379.1 379.7 377.6 374.9 372.2 369.6 367 363.7 360.4 358.6 356.4 353.8 351.3 349 349.3 349.9 347.2 343.6 339.2 337.7 336.3 334.4 332.2 330.2 329.2 328.2 326.6 324.5 322.2 317.7 312.7 311 307.7 301.1 299
452.5 444.6 432.8 418.5 403 385.7 372.5 363.7 358.7 361.1 366.6 375.7 392.4 409.4 419.4 424.5 427.9 425.6 419.2 409.5 402.6 392.7 380.4 370.8 367.3 367.1 371.2 373.6 377.6 386.9 396.4 405.1 409 410.5 410 406 399.2 395.8 393.3 389.6 384.4 385.4 384.5 383 381.7 379.5 377 374.4 371.3 368.5 365 361.4 358.7 357.8 355.3 352.9 350.2 351.3 350.2 350.6 345.8 341.6 339.9 337.4 334.9 332.5 330.2 328.7 327.7 326.4 324.2 321.4 317.1 312.3 310.1 308.9 305.7 303.6
455.2 445.3 431.9 417 399.7 383.3 370.3 360.8 359.3 366.4 374.2 386.3 408 422.6 428.5 431.9 431 424.6 415.3 406.2 395.9 385.1 376.6 372.2 371.9 372.7 375.8 379.5 386.3 395.3 405.3 413 415.8 417.7 416.3 412.2 406.3 401.8 398.6 395.2 390.1 390 388.6 386.5 384.3 381.5 379.3 376.6 373.2 369.4 366.6 363.6 362.3 360.2 357.4 354.1 350.4 350.6 349.2 347.5 344.5 342.4 339 336.6 334.6 332.3 330.1 328.8 327.8 325.7 323.6 320.7 316 310.9 309.6 311 309.8 308.2
456.5 444.3 428.5 409.5 395.5 381.1 369.5 360.4 364.8 372.5 381 394.9 422 432.1 435.8 434.2 429.1 420.5 408.6 396.6 386.6 378.8 379.7 376.8 376.8 378.8 382.8 388.6 397.1 406 416.1 421.1 422.3 423.4 421.7 418 412.9 408.8 405.1 399.8 396.7 395.9 394.8 390.3 386.6 383.8 381.8 379.2 375.6 371.6 368.9 366.6 364.2 361.3 359 354.3 350.2 349.8 345.9 344.4 342.5 340.3 338.8 335.8 333.7 331.7 330.8 329.7 326.7 324.5 322.3 319.6 316.3 313.1 312.1 313.2 312.5 311.7
457.8 445.4 427.4 409.2 394 382.1 369.6 367.9 371.2 380.7 392.4 414.2 432.1 441 441 434.6 425.3 413.1 395.7 388 383 380.6 381.8 381.7 382.8 386.5 392.2 400 409.4 418.3 424.5 428.7 429.3 428.8 426.2 423.1 418.4 412.6 408.2 402.9 402.2 401.6 401 393.7 389.8 388.1 385.2 381 376.6 370.4 369.5 367.2 364.8 361.1 358 355.8 352.8 349.8 345.9 342.2 339.5 339.4 337.3 335.2 332.8 330.2 330.7 329.5 327.2 324.3 321 319.8 318.4 316.3 315.9 317.4 317.2 315.1
460.1 447.8 428.2 411.7 396.3 377.7 369.9 371 374.8 386.3 406.1 431 442.1 443.9 439.8 431.5 416.2 402.9 393.3 388.8 386.5 385.6 384.5 386.5 391.8 399.6 407.6 414.5 421.3 427.2 432.6 436 435 433.2 431 427.5 422.1 416.3 410.4 407.8 406.7 405.6 402.8 397.6 392.5 388.5 385.4 381.5 377.4 370.5 368.9 368.6 365.6 362.5 358.9 358 354.3 350.4 348.3 342.2 341.2 338.6 336.4 334.6 332.8 331 330.6 329.5 327.2 325.3 324 321.9 319.8 318.7 319.5 320.5 320.4 318.3
462.2 447.8 430.9 415.2 394 376.1 373.1 376.4 380.2 395.1 421.8 438.9 443.3 440.5 436.2 426.3 410.5 398.8 396.8 393.3 389.5 391 393.7 398.8 408.3 417.8 425 429.1 432.1 436.7 439.7 441.2 440.2 438 433.7 430.6 424.5 419.5 415.2 413.1 411.9 410.3 407.2 399.6 393.7 389.4 386.8 383.1 379.4 372.9 370.3 369.2 367.3 364.5 361.6 359.2 355.8 351.1 347.6 343.6 339.5 338.4 337.1 335.3 333.6 332.2 330.8 329.4 327.7 325.8 324.2 323 321.5 320.9 321.2 321.6 321.1 318.5
464.8 448.2 430.8 412.8 388.3 377.9 378.7 382.5 391.8 410.4 426.9 437.2 439.9 441.1 435.2 427.4 421.5 410.3 403.2 399.6 395.6 401.8 411.4 418.5 426.3 433.8 438.6 442.2 443.6 445.1 446.8 445.8 444.6 439.7 436.5 432.6 427.8 422.6 420 419.1 417.4 411.7 406.3 400.3 394.3 388.9 388.2 384.7 379.4 375.1 373.7 370.8 367.9 365 361.5 358.9 354.4 350.1 347.6 343.9 340.3 338.9 337 336.1 334.8 333.4 332.1 329.6 328.2 326.4 324.5 323.3 320.3 320.3 319.3 321.1 315.5 311.3
461.7 442.6 423.4 398.9 379.1 380.5 384.6 389.3 399 414.7 425 433.5 438.8 441 438.7 432.5 424.1 415 410.1 404.4 400.2 412 424 433.2 441.1 445.6 450.2 452.3 454 454.2 453.2 451.5 448.4 443.6 439.6 433.6 429.8 426.3 422.6 421.2 420.4 411.7 405.3 400.3 397.2 390.9 390 383.9 381 378.7 375.5 372.6 369.7 366.8 362.7 361.2 355.1 349.7 347.7 344.5 341.2 340 337.3 336.1 334.4 332.6 330.8 329.8 328.1 326.6 325 322.4 319.2 319.4 315.2 314.8 310.1 308.1
457.6 432.8 406.8 387.5 384.3 388.1 391 396.2 405.6 418.4 429.4 436.1 441.4 445.7 442.9 434.9 426.8 418.2 411.6 409.8 413.7 423 434.4 443.8 450 455.1 459.6 462.1 462.6 461.3 459 456.1 452.3 447.6 442.2 436.9 433.3 428.9 425 421.7 417.5 413.2 408.8 403.9 399.4 394.9 390.2 387.6 384.9 381 377.3 374.6 371.7 369 366.2 362.7 359.2 351.3 348.3 345.1 341.3 339.4 336.7 335.8 334.7 332.9 331.1 330.7 328.4 325.7 323.3 320.8 318.9 318.5 313.6 309.7 308.7 306.8
439.5 412.1 389 388.2 389.2 392.5 396.6 406.9 418 428.7 439.6 444.9 450.2 450.8 446.7 437.2 429.2 420.9 418.8 418 421.4 432.9 443.5 452.1 458.1 463.1 467.3 469.4 469.9 466.7 463.5 460.7 456.1 451.3 445.1 440.3 435.4 430.5 426 422.4 418.3 414.2 411 406 401.1 397.4 393.6 390.9 389.2 381.9 379.1 376.5 373.8 370.9 367.5 363.9 358.2 351.9 350.7 345 341 337.7 335.8 336.1 334.8 333 331.7 331.5 330.5 326.8 324.4 322.1 320.9 319.9 316.7 311.8 310.3 305.8
419.4 395.2 389.4 390 392.2 398.7 412.2 423.4 432.4 446.1 452.1 454.8 457.4 455.3 449.3 440.5 431.9 425.8 426.7 426.3 429.4 440.5 450.5 459.4 465.2 469.9 473.5 475.4 475 471.6 468 464 458.8 452.3 445.6 440.9 436 432 427.5 423.3 419.3 415.1 409.8 407.5 403.6 398.2 393.2 391 390.6 385 380.6 376.3 373 370.2 364.4 359.9 356.2 352.8 349.1 342.4 338.6 335.5 334.5 334.2 333.6 332.1 332.5 332 330.5 327 326.4 324.1 323.8 320.6 319.4 314.9 308.8 304
401.6 388.9 391.1 395.7 405 418.1 426.4 438.4 450.2 463.6 466.6 467.2 464.9 459.3 452.7 444.4 437.2 435.6 436.3 432.4 435.7 445.7 456.3 464.1 470 476 479.7 481 479.9 475.9 471.2 467.1 460.8 452.9 446.2 440.3 434.6 430.5 427.1 423.7 420.9 417.8 414 410.4 406 401 393 389.7 386 380.9 377.4 373.2 369.9 365.3 359.5 357.4 351.3 348.5 344.1 339.4 335.9 332.3 330.9 331.2 331.3 330.1 330.1 330.2 328.7 326.8 327 324.8 324.8 321.3 319.3 315 309 303.2
388.9 390.9 398.7 412.3 424 434.4 444.1 459.3 471.6 477.6 478.1 475.3 471.4 465.8 457.2 448.9 441.6 445.6 446.1 442.5 444.6 450 461.1 468.9 474.8 480.9 484.5 485.9 483.8 480.5 475 468.4 460.4 453.9 447.6 440.7 434.4 429.2 425.6 422.7 421.3 420.4 415.5 411.4 406.8 401.4 395.1 388.2 382.7 378.8 374.4 370.4 366.7 360.9 356.1 352.2 347.2 342.1 338.7 334.6 330.8 328.1 325.3 324.2 324.8 323 322.6 322.7 321.3 320.7 322.6 323.1 320.8 317.1 315.4 312.1 306.7 300.6
396.6 405.6 419.1 433.1 444.9 453.5 469.1 481.6 487 489 487.7 483.2 478.8 472.5 464 454 452.5 456.6 454.2 453.1 456 458.9 466.2 473.6 479.7 485.5 488.8 490.6 487.2 483.5 477.9 468.9 460.4 454.1 447.7 441.1 438.7 430.2 425.3 421 418.5 414.5 409.9 405.1 399.8 400.1 391.4 384.3 381.1 378 372 368.3 362.7 357.2 352.6 348.6 340.9 338.1 333.4 328.8 325 322 318.5 315.5 314.4 312.2 312.3 314 312 310.3 311.9 309.5 307 304.8 306.5 305 299.6 294
409.5 427.4 441.1 453.8 468 481 491 496.4 498.8 496.7 494.5 490.5 486.1 480.5 472.2 462.4 463.4 465.9 463.8 463.7 465.5 468.2 474.4 479.2 484.7 490.1 492.7 492.4 490.6 485.7 478.5 471.7 462.5 457 449.7 445.2 440.6 433.3 427.1 421.2 414.2 409.4 402.7 399 393.5 389.1 383.9 378.6 377.2 375.3 372.2 366.2 359.4 353.3 348 342.8 337.8 334.3 329.6 324.8 320.4 315 310.9 307 302.5 299.3 298.9 297.7 296.3 296.1 295.9 293.3 290.6 286.6 287.1 286.6 282 276.3
426.9 445.6 456.9 474.2 488.9 498.9 505.4 508.3 509.7 506.3 502.9 497.8 493.2 487.7 479.4 471.8 472.7 474.4 473.1 473.6 475.2 477.1 481.2 486.1 489.9 494.6 496.7 495 492 485.9 478.6 473.8 470.2 461.7 453.6 448.5 444 437.3 429.7 423.8 414.7 406.9 398.8 392.5 387 384 379.2 373.4 371.7 370.7 368.3 362.6 355.8 349.8 344 339 335.2 330.7 325.8 320.9 315.2 308.3 301.7 295.8 290.1 288.5 286.3 284.5 286 285.7 281.7 276.7 272 267.9 267 263.8 258.9 251.6
446.8 463.4 475.3 491.9 503.6 511.3 515.8 518.4 516 514.8 510.5 505.6 499.6 493.8 486.1 480.5 481.4 483.3 483 482.6 483.8 484.8 488.6 492.7 496.5 499.1 499.8 496.7 491.6 486 480.8 476.8 472.3 465.6 457.7 453.6 448.6 440.4 431.2 426.4 416.6 406 397.3 391 384.8 381.4 375.6 368.4 368 367.2 364.7 359.5 352.4 348.7 343.2 337.8 332.6 326.6 320.5 313.9 305.4 296.9 290.3 286 281.1 279.7 278 271.6 268.4 266.9 262 254.1 250.8 248.7 248.7 248.2 246.2 251.3
464.7 482 495.3 509.3 515.6 519.8 523.2 523.5 522.6 520.2 515.9 511.2 505.7 499.8 493.3 489.9 490 491.1 490.6 489.7 491.4 493.7 495.2 498.8 501 501 501 497 491.3 488.1 483 477.5 473.1 467 461.6 455.3 448.8 440.8 433.6 427.7 414.6 405.3 397.9 390.4 382.6 378.2 373.4 368.8 364.9 363 361.2 357.2 351.8 347.4 341.9 335.3 326.7 318.9 308.8 301.8 293.5 285 277.9 272.1 268.9 264.9 263.7 267 270.5 268.7 269.3 278.3 275.3 274.8 273.4 271.4 270.4 252.9
485.5 500.6 513.1 516.9 522.5 524.8 524.8 524.8 524.7 522.8 519.4 514.8 510.4 504.8 499.3 498.7 498.1 497.9 496.3 496.7 497.9 501 500.7 501 501 499.9 501 496.6 491 489.4 483.3 478.4 473.6 467.7 463 458.4 451.5 444.6 433 421.6 412.7 407.2 400.9 393.3 384.9 377 372 368.4 363.7 361.7 358.3 354.6 348.9 343.5 340.7 330.9 317.7 306.3 297.1 289.9 282.5 271.9 271.6 280.6 283.2 283.5 287 291.6 297.7 294.7 298.2 301.5 297.6 294.2 290.4 284.7 274.8 259.9
498.8 512 517.3 521.3 524.8 524.8 524.8 524.8 524.8 524.3 521.9 518.6 514.3 509.9 507.7 507.3 506.7 503.3 499.8 501 502.1 501.3 501 500 498.7 496.8 497.1 493 488.7 485.1 481.9 479 473.7 468.3 461.5 457.5 453.1 443.8 432.7 421.9 414.8 409.2 401.8 392.5 384.2 375.2 368.9 364.7 361.3 357.6 355.2 350.4 343.9 339.2 329 316.5 303.5 295.7 287.3 278.8 275.7 284.1 290.8 298.5 305.1 308.6 308.2 312.6 313.9 313.3 313 310.6 307.3 301.5 296.9 289.3 268.6 283.9
505.9 515.6 518.9 521.9 524.8 524.8 524.8 524.8 524.8 524.5 523.3 521.7 517.9 513.4 511.9 512.1 511.8 508.9 507.7 509.2 506.6 504.3 501.3 497.5 493.3 490 487.9 484.4 482.2 478.6 476.6 475.4 471.7 466.6 459.8 453.7 446.7 438.3 431.6 423.1 415.4 408.3 399.9 392.3 382.4 375 369.9 363.2 357.4 351.7 348 342.7 334.1 325.3 314.3 301.2 293.5 286.2 277.9 283.8 292.5 300.3 308 313.3 318 320.3 322.8 324.7 324.1 323.2 321 318.1 312.7 308.1 299.7 284.8 287.9 293.2
503.8 512.1 516.4 520.8 524.4 524.8 524.8 524.8 524.7 523.6 523.2 522 519.2 519.2 516.2 514.8 512.9 510.2 511 510.1 507.3 503.2 497.9 493.9 488 481.9 475.5 468.7 466.4 466.1 466.3 469.3 465.6 461 455 450.3 444.6 437.8 431.4 421.6 414.3 406.3 398.4 390.4 381.2 374.8 369.1 359.7 351.3 343.8 334 325.9 316.5 309.7 303 291.9 286.7 281.2 290.5 296.9 304.5 313.1 319.1 325.1 328.8 331.5 334.7 333.5 332.3 330.6 326.4 322.4 317.2 309.3 294.3 292.2 298.4 296.3
495 505.1 511.8 516.1 520.7 523.7 524.8 522.8 521.8 521.3 521.4 521.2 521.1 519 516.4 514 510.4 511 509.6 505.9 503.1 496.9 489.4 484.8 477.8 470.5 460.8 452.8 446.9 446.2 451.3 455.4 452.1 452.4 447 444.5 439.6 436.2 427.2 420.9 413.6 405.3 397.3 389 381.6 377.5 368.4 352.6 338.3 327.5 317.3 310.7 303.2 298.4 293.2 286.2 286.2 295.9 303.6 309 317.1 325.3 331.4 335.1 337.9 339.7 342.4 341.3 340.3 335.6 330.5 324.2 315.9 307 298.3 304.7 304.2 302.3
483.7 493.1 502 508.6 513.8 516.9 518.4 517.4 515.8 514 514.7 516 514.8 513.6 511.4 509.6 506.8 500.1 496.8 492 488.9 479.3 472.5 466.6 460.6 454.2 444 429 423.1 422.6 428 427.3 424.6 427.2 432.1 431.8 425.6 421.6 417.6 412.1 408.5 400.8 389.9 380 381.1 370.5 346.6 332 322.3 313.4 305.6 300.6 294.2 288.4 287.8 291.2 301.4 308.5 315.2 323.1 330 337.5 340.3 342.9 345.5 347.4 347.8 345.4 342.1 340.4 331.3 322.3 313.9 307.8 307.3 311 309.2 308.3
465.3 477.2 485.9 492.2 502.1 506.6 508.1 508.7 506.9 505.1 505 505.6 502.8 502.9 500.4 496.5 487.4 478.7 472 466.4 460.3 451.3 445.6 436.9 428.8 422.5 412.4 402.5 395.8 398.8 398.1 396.1 393.7 397.1 399.3 400.5 396.3 395.1 391.5 383.5 381.7 376.8 365.9 356.5 349.6 337.9 326.7 318.9 311.1 304 300.1 294.7 290.3 288.9 298.7 305.6 312.8 320.1 326.8 334.4 343.4 346.8 351.4 354 356.8 356.7 356.1 348 341.5 334.4 327.3 318.1 310.5 308.8 311.3 313.6 314.7 315.8
440.5 451.9 460.6 471.4 481.1 489 492.7 496.7 495.6 493.1 491.5 488.3 485.7 481.3 472.9 465.1 455.9 448.3 439.8 435.2 425.2 417.8 406.6 399.8 394.1 389.1 381.6 373.3 370.9 370.4 368.1 364.8 368.4 367.2 366.4 367 362.4 359.4 357.2 350.4 349.5 347.4 341.2 332.9 326.3 321.6 312.5 311.1 303.5 297.4 294.5 292.8 291.6 300.9 310 321.1 324 333 338.3 347.7 353.7 357.5 360.8 362.9 363.5 360.8 359 346.3 337.3 330.1 322.6 313.8 309 310.8 315.9 319 322.1 325.5
414.5 424.3 432.9 442.4 450.8 458.7 468 477 482 478.5 472.9 465.8 457.7 448.5 439.4 429.3 421.2 414.7 406.9 399.9 390.8 382.1 375.7 367.8 361.4 357.8 354.7 350.3 344.8 346.4 342.9 341.8 339.5 339.2 339 337.1 332.6 332.1 329 326.7 327.1 323.3 320 315 311.8 306.3 301.5 298 297.6 293.9 293.4 292 302.3 307.5 315 323.9 333.3 343.5 353.7 360.8 366.4 367.2 370.4 369.1 366.8 361 352 343.2 334.3 326 319.7 312.3 311.9 315.9 321.9 326.9 331.7 336.5
391.2 395.3 405.2 410.6 418.6 427 434.6 443.7 452.3 453.1 445.4 432.7 422.2 410.9 403.1 392.8 385.7 377.4 374.2 366.6 355.6 352.4 343.7 345 341.5 337.8 334.4 332 328.2 327.6 327.4 326.4 323.4 321.9 322 320.1 318.7 317.6 314.6 313.7 312.2 310.6 307.5 306.5 304.6 300.8 297.4 296.3 295.3 294.1 296.4 304.8 311 313.1 321.2 331.8 347.4 361.1 370.6 376.1 377.9 378.8 378.3 374.6 369.7 356.3 348.2 339.8 332.4 323.7 318.9 318 320.8 324.2 326.8 333.9 344 347.5
371.1 372.1 378 383.7 387.8 393.2 400.9 408.4 417.9 420.4 413.8 403.8 393.8 383 370.7 359.7 354.3 351.4 344.4 338 335.8 331.8 330.9 329.3 328.8 326.6 323.7 321.9 321.5 321.2 320 319 316.3 313.5 314.2 312.9 311.6 310 308.8 307.6 305.4 303.1 302.8 302.8 300 298.6 297.8 297.2 302.5 308.6 310.6 309.1 316.4 321.9 332.4 345.1 361.4 377.6 384.7 387.6 388.2 387.6 383.2 376.8 366.6 354.3 343.3 336.5 329.3 321.7 318.9 323.6 328.6 332.8 332.7 341.5 351.5 357.4
354.9 357.3 359.6 361.5 363.4 367.3 371.6 373.5 381.7 385.8 381 372 363 353.9 346 340.8 336.6 332.9 328.7 325.1 324.4 322.3 322.8 320.5 319.6 318.7 317.8 318.7 319.4 318.9 318.4 315.5 311.9 310.1 310 309.3 308.7 307.5 305.8 304.8 303.3 302.3 302 302 299 299.2 306.4 305.7 312.6 315.1 320.1 318.8 324.9 332.3 345.5 361.4 376.3 389.5 395.3 396.9 394.9 391.5 386.2 376 361.3 351.1 341.7 335 326.6 319.4 322.4 328.7 335.9 341.2 341.5 346.8 356.9 362.8
349.4 350.7 350.3 348.8 350.4 349.8 350.3 352.9 356 356.7 352.7 347.8 344.5 337.3 333.4 330.9 327.4 324.2 323 321.1 321.7 320.6 318.9 318 316.3 315.2 315.6 314.3 314.3 312.4 312.7 311.4 309.4 308.8 308.8 308.2 307.7 306.2 304.2 303.8 302.5 302.8 302.9 301.4 303.2 309.1 309.3 314.9 318 322.6 327.6 330.3 336.3 344.8 359.2 372.5 383.7 394.7 403 404.1 398.9 394.3 387.8 372.8 360.3 350.1 341.6 334.3 328.6 325.8 330.8 338.7 345.6 350.5 350.4 352.5 361.6 367.9
