public/OST50/NS71.asc
ncols 200
nrows 200
xllcorner 270000
yllcorner 610000
cellsize 50
[rows 70 to 104 of 200, columns 78 to 155 of 200]
461 459.1 456.8 452.9 448.8 443.4 436.5 428.8 419.4 409.9 401.8 393.5 383.5 372.8 369.8 370.7 376.7 386 395.1 405.6 415.6 426.5 434 441.7 448 453.3 457.1 461.8 463.6 464.6 465.6 466.1 468.3 469.3 470 471.5 471 471.1 471.1 471 471.6 472 472.4 471.4 472.5 473 472.1 470.9 468.2 462.3 456.5 448.9 439.8 430.4 419.9 408.7 398.7 391.4 386 380.1 376.1 369 370.3 373.5 379.2 383.6 386.8 389.7 398.2 404.3 408.4 416.9 420.1 428.9 444 455.9 462.4 466.4
452.6 450.1 447.1 444.8 440.6 434.7 427.3 419.7 410.7 400.9 393.4 385.8 375.7 371.8 372 371.5 373.2 384.7 395.9 405.9 415.8 422.2 432 439.2 444 448.5 453.4 457.9 460.3 460.7 460.8 463 466.6 468.1 469.8 471.9 472.2 473.3 473.6 473.2 474.4 475.3 475.4 476 478.1 477.6 476.3 473.8 468 460.4 451.8 445.3 435.9 426.2 416 405.3 395.4 389.4 387.1 377.8 369.3 375 378 383.4 390.1 396.3 402.5 401.7 404.9 412.4 418.5 423.8 427.2 436.9 446 456.7 464 469
442.7 439.8 436.8 436.2 430.8 425 418 410.9 401.5 394.2 386.1 375.6 373.8 376.9 378.2 378.4 375 377.7 392.5 403.7 412.3 420.9 429 434 438.3 442.4 446.5 450.6 453.6 455.4 458 460 464.8 468.7 471 471.9 474.1 476.4 476.6 479.1 478.4 477.9 479.3 480.4 481.2 480.8 479.5 474.2 466.3 454.6 443.5 433.7 423.4 416.4 408.2 398.9 393.9 389.7 377.1 380.1 380.6 386.4 389.7 395.9 400.6 408.8 415.8 420.5 420.3 423.8 429.8 437.7 443.3 443.8 454 461.4 471 471.9
432 429.6 428.3 425.2 419.9 415.6 409.1 401.5 393 384.2 377.4 379.2 380.1 383.2 385.1 385.8 382.6 375.9 383.4 399.2 407.4 415.1 423.3 428.6 433.3 436.1 439.7 443.1 446.4 449.4 453.2 458.1 462.4 468.3 471.7 473.7 476.7 479.1 480.8 480.8 481.2 481.4 482.4 483.3 483.4 483 481.2 476.3 470.5 462.5 450.9 437.2 423.3 411.8 406.5 399.9 396.8 383.7 388.9 394 397.3 398.2 401.8 406.2 412.8 423.9 435.1 439 440.4 439.1 443.9 449.3 455.2 458.3 463.4 467.6 471.4 473.4
422.2 419.4 417 414.1 410 406.5 400.8 393.3 386.8 381.5 380.5 382.7 388 391 393.4 393.3 390.5 382.8 379.1 391 402.5 408.5 417.1 423.4 426.9 428.9 433.6 438.5 441.3 447.2 450.4 457.8 462.5 468.7 472.8 476.1 479 481.2 483.1 484.3 485 485.3 485.9 487.2 486.8 486.4 483.4 480.1 476.2 469.8 461.4 447.6 431.6 417.1 407 395.3 391.4 395.6 401.4 405.2 410.2 415.8 420.8 423.3 431 438.2 447.3 450.7 454 455.7 458.8 461 465.6 468.2 471 470.8 472.9 475.2
413.1 409.4 407.3 404.8 401.2 397.9 392.1 385.8 383.2 384.2 386 389.3 395.3 398.8 401.2 400.3 396.8 390.2 381.3 381.7 394 403.6 410.3 416.6 420.6 423.9 428.1 432.4 439.6 444.2 450 457.2 464.5 470.4 474 477.4 480.9 482.1 484.8 486.2 487.7 488.9 489.2 490.1 489.8 488.2 485.6 483.4 480.4 475.3 467.8 455.1 436.2 419.9 410.7 406.8 403.1 406.4 414.2 418.7 424.1 430.4 435.8 442 444.2 453 458.9 462.1 465.9 468.6 471 470.9 473.7 474.2 474.6 473.5 474.1 475.9
401.6 401.4 399.2 396.2 392.4 388.6 385.8 385.1 385.7 387.7 392.5 397.9 402.6 406.1 408.7 407.4 404.8 399.2 392.1 382.9 388.9 393.8 403.2 411.2 415.3 419.2 424.5 431.8 438.2 444.5 450.8 457.5 464.5 468.9 471.3 476.1 479.7 482.8 486.1 487.7 489.3 491 491 490.2 489.6 488.5 487.5 484.9 483.4 478.5 470.7 459.3 440.7 425.3 415.9 415.2 415.8 418.2 426 436 438.3 443.1 447.8 452.7 458.4 464.8 469.8 472.5 474.8 477 478.5 478.2 478.3 478.8 477.2 476.2 474.5 475.2
394.6 393.9 393.5 387.8 384.7 385 385.7 387.5 389.7 393.1 398.5 404.2 408.6 411 413.6 413.5 411.2 406.7 397.6 387.6 383.4 394 400 399.1 412.5 419.2 425.6 432.2 438.3 444.4 451.5 456.5 460.8 466.8 472 477 480.4 484 487.1 489 489.5 489.3 488.8 488.8 488.4 487.5 486.5 485.9 484.7 481 472.6 461.9 442.4 430 420.3 425.7 424.4 428.3 439 445.5 449.3 454.2 460.2 463.3 467.7 471.7 476.2 480 481.3 482.8 483.8 483.1 482.8 480.9 478.8 476.5 474.6 472
390.1 386.4 385 378.9 383.3 388.1 392.8 393 396.2 400.8 405.9 409.3 413.4 415.4 417.9 418.7 416.9 411.7 404.3 397 385.8 391.6 402.1 408.9 414.2 419.4 425.4 431.2 438.1 443.5 449.7 452.5 461.3 467.6 473.1 477.7 481.4 485.1 487.9 489.1 488.5 487.8 487.1 485.9 485.3 486 485.2 484.8 483.4 479.6 473.3 462.5 447.2 437.3 432.1 436.1 436.4 440.6 448.6 454 459.3 463.4 468 471.4 472.9 475.2 479.7 482.1 484.3 486.4 488.1 488.4 487 483.2 481 476.9 472.7 470.4
385.6 376.5 375.6 377.7 386.2 390.8 394.1 398.6 403.4 408.4 410.4 413.6 418.1 420.5 421.2 421.1 419.2 414.7 409.2 404.4 393.9 390.2 401.6 407.8 413.5 419.6 425.3 430.8 435.3 440.6 447.4 453.6 460.3 467.2 474.2 478.9 481.9 484.5 486.9 487.5 486.4 485.2 484.2 483.4 482.7 482.6 483.6 483.3 482.8 479.4 474.9 466.9 456.9 448.4 448 447.3 446.1 452.6 457.2 461.2 466.8 470.6 473.4 476.1 477.1 478.9 480 481.4 483.9 486.3 488.4 490.5 488.7 485.3 480.9 473.9 469.4 465
389.7 383.7 371.7 386.1 392 395.5 398.5 403.7 409.8 413.5 416.9 419.9 421.4 422.3 421.1 421.1 419 416.4 414.3 408.9 402.9 387.4 399.5 404.7 410.2 416.3 424.3 428.7 431.1 440.9 448 454.3 461.4 469.2 474.9 478.9 482.6 485.1 485.6 485.8 484.3 482.2 481.2 480.8 480.1 479.3 480.7 481.4 481 479.8 476.7 470.8 467.2 460.5 459.9 456.7 456.5 461.5 464.3 467.8 471.9 476 477.7 478.9 478.4 478.1 477.6 478.3 481.7 484.2 486.7 486.8 485.2 481.5 477.8 469.5 465 460.5
384.8 364.2 380 392.6 396.9 400 404.6 411.4 416 419 421.4 423.3 423.6 422.2 420.9 421.1 417.6 416.3 415.4 410.6 405.3 395.2 391.1 402.6 408.8 415.6 420.7 427.6 434.1 442.3 449.3 456.4 463.8 470.5 476.7 480.9 482.9 484 483.5 483.1 481.1 478.3 474.6 475.7 476.8 477.1 478.9 480.9 481 479 478.5 477 472.8 466.8 466.4 464.8 464.2 465.1 469 472.3 475.9 478.5 479.4 479.4 475.7 473.2 472.2 471.3 473.9 477.3 480.1 480.9 480.2 477.8 473.4 467 460.9 455.5
354.8 356.2 384.9 398.4 403.8 407.8 411.7 415.2 419.3 422.3 424.4 425.2 425.1 423.1 421.1 418.5 416.1 415.2 414.1 409.9 404.6 392.6 398.2 404.7 411.1 415.9 421.8 428 434.7 443.1 450.7 457.8 465 472.7 479.1 484.3 486.1 484.9 481.2 480.5 477.8 471.3 469.3 469.9 471.8 472.8 474 476.2 476.7 476.6 477.7 478.6 474.9 470.7 471 471 468.9 468.6 470 472.8 475.9 479.2 481 478 472.6 467.3 463.7 462.5 463.5 466.2 468.7 470.8 472.4 472.1 469.2 463.3 457.2 452.5
342.4 370.9 393.4 402.3 409.1 413.4 416.8 419.5 421.8 423.1 426.1 426.5 423.8 422.5 420.1 417.1 414.6 412.8 411 406.5 402.5 393.7 398.6 404.3 408.2 413.8 419.9 426.2 433.8 441.4 449.3 458 466.3 473.4 479.9 486.3 488.8 487.9 484 480.1 475 468.9 465 464.1 466.1 466.4 467.7 469 469.7 470.7 471.7 472.7 471.6 470.7 469.8 470.6 467.9 465.6 467.7 470.1 474.5 478.7 479.3 474.3 467.7 460.3 455 452.6 452.1 454.7 458.8 461.2 464.2 465.4 464.6 459.2 454.2 448.1
355.9 385.7 399.7 408.3 415.8 419.9 420.9 422.9 423.9 424.8 426.8 425 421.1 420 418.5 415.2 413.2 410.1 406.4 402 399.2 393.1 398.9 402.2 406.2 411.7 417.9 422.6 430.2 439.2 447.2 456 465.5 473.4 481.3 488.5 491 490.8 486.8 480.8 476.3 469.9 461.9 459.5 458.3 458.5 459.1 459.6 458.5 461.1 464 465.8 467.7 467.4 466.9 465.1 462.3 460.5 463.2 466.5 471.1 471.5 471.9 469.6 463.5 455.1 440.8 435.4 434.5 437.3 445.6 451.8 455.9 459.1 459.3 456.7 451.7 443.9
367.1 393.7 406.2 413.8 421 424.3 425.4 427 426.8 427.2 427.2 424.1 419.7 417.2 414.9 412.4 408.9 405.2 405.4 400.3 400.3 398.4 398.4 400.9 404.5 409.7 416 419.1 425.8 434.7 444.2 455 464.4 474.3 483.1 490.6 490.9 490.7 488.5 482.1 478.1 472.6 467.1 458.7 451.2 451.7 451.3 449.9 451.9 455.3 457.7 459.6 461.3 463.1 462 459.5 456.8 454.8 455.7 458.9 463 464.3 465 463.8 459.1 451 436.4 422.4 415.3 422.5 432.1 438.8 449.5 453.1 455.4 454.2 448.1 438.4
380 398.3 411.1 417.4 423.4 427 429.7 429.9 429.7 430.1 428.4 424.1 418.9 418 415.9 413.9 413.3 412.4 410.7 407.7 405.3 402.7 403.1 399.2 401.4 406.9 412.1 416.4 422.7 430.2 440.6 454 464.3 475.2 484.1 491.4 493.5 493.3 492.5 488.8 482.1 476.5 470.6 465.3 457.6 447.7 441.5 441.1 440.4 445.3 450.5 453.4 454.3 455.4 455.2 452.4 447.7 444.1 445.4 448.4 454.5 457.8 458 457.7 454.8 446.6 434.1 419.4 399.9 412.9 414.7 427.1 438.6 447.3 452.3 451.4 444.1 431.8
388.4 402.8 412.5 418.2 423.5 429.2 431.3 432.6 432.4 431.3 429 422.9 419 418.8 417 416.2 416.7 415.7 414.6 412.6 410.8 407.3 407.6 403.1 398.9 402.6 408.3 414.7 421 427.4 436.2 447 460.5 472.6 484.3 491.7 496 497.3 496.5 490.8 484.6 479.8 479.3 475.1 467 457.6 447.5 438.1 429.9 432.5 437.4 439.7 442.6 444.2 445.4 442.2 436.9 435.7 438.9 442.2 447.4 451.8 453.4 453.3 451 443.2 431 413.9 395.2 392.6 405.3 414.4 429.2 439.6 446.1 445.7 438.4 426.2
386.2 399.6 408.2 416.1 424 430 434 435.3 434.5 433.2 430 423.4 419 421 420.9 420.1 421 422.2 421.8 420.3 418.3 416.3 412.9 409.1 402.3 406.5 410.4 413.1 420.2 428.5 438.1 445 456 471 482.9 492.1 497.3 500.9 498.9 494.1 490.7 488.8 485.8 482.4 476.6 469.8 460.8 449.4 439.1 427 423.8 426.7 428.9 431.8 433.5 431.9 429 424.5 428.9 432.8 436.7 441.6 443.8 444.7 443.1 436.3 427.2 412.6 395.6 380 399.6 408.3 417.6 431 436.4 436.1 430.9 418.4
404.1 407.8 413.5 419.7 425.6 431.9 435.8 438.9 438.9 436.3 430.3 425.3 424.4 423.2 425.2 426.7 428.4 429.8 428.7 427.7 424.9 422.5 417.6 409.6 407.5 412 415 420.8 423.2 426.2 440 451.6 461.8 473.2 484.6 492.3 498.4 501.7 501.6 498.3 495.9 493.5 490.4 488.8 484.2 479.7 471.3 458.3 447.5 436.6 424.2 415.6 418.9 418.9 418.9 420.6 417.5 412.6 417.2 419.4 423.4 428.9 432.1 433 432.6 428.7 421 409.6 392.8 377.5 390.4 397.4 408.2 423.1 430.9 430.6 422.6 409.9
408 414.1 419.8 425.1 431.6 437.5 441.1 442.9 443.2 441.5 437.9 431.1 430.6 429.6 431.6 433.8 435.7 436.3 435.5 432.7 429.2 426.4 416.6 408.1 412.1 420 425.9 431.6 437.1 441.9 443.9 457.6 466.9 478.8 487.2 494.1 499.5 503.1 501.9 500.3 499 497 494.9 493 490.1 484.6 477.3 467 456.9 444.7 432.5 421.5 411.1 407.5 407.5 407.2 404.4 400.3 407.2 407.8 411 414.5 418.4 419.8 419.1 417.9 413.6 405 389.5 376.3 380.1 391.1 400 412.4 418.8 419.8 413.7 402.5
412.6 419.8 425.6 430.8 437.1 442.2 446.6 448.4 448.3 447 441.7 435.6 435.3 437.6 439.8 442.6 443.8 442.7 440.3 436.2 432.2 427.1 416.8 409.1 418.5 425.8 434.2 443.2 448.7 455.3 460 463.5 473.6 484.1 491.2 497.7 502.2 502.8 502.5 501.1 500.9 498 495.2 492.1 491 486.6 481.3 474 465.4 453.2 441.6 430.4 417.9 410.9 401.4 392.2 388.9 391.9 394.1 394 396.9 400.5 404.1 406.8 407.9 406.9 402.1 394.9 384.5 370 373.1 381.2 389.7 396.5 404.1 405.1 404.3 393.2
415.9 421 427.8 435 441.2 446.2 450.4 453.1 452.8 453.3 448.9 443.8 445 448 448.5 450.9 450.3 448.3 444.1 439.5 433.2 425 416 415.3 423.7 431.7 443.3 451.3 457.7 463.6 469.7 475 481 489.4 495 499 503.5 503 501.4 499.7 497.9 495.3 492.8 490.8 491 487.2 482.9 477 469.2 458.8 449.4 439 429.2 417.9 414 405.8 400.2 391.2 383.1 380.9 383.1 385.1 389.5 392 393.7 394.5 392.9 388.8 378.1 364.2 365.6 372.6 378 382.4 386.8 388.5 389.7 383.4
417.6 422.4 429 436.1 443.1 449.3 454.1 457 459.8 459.8 457.6 454.6 455.5 457.7 458.8 458.1 455.1 451 445.8 439.4 429.9 421.1 413.4 421.1 426.7 435.5 447.1 456.7 463 469.5 476.3 482.3 487.6 492.9 496.9 500.2 500.5 500.2 498.3 496.2 493 490.1 488.6 488.2 488.4 486 483.5 479.1 472.8 465.4 455.3 446.3 437 429.7 424.1 418.8 414.8 406.5 397.5 386.5 373.9 373.2 374.7 376.5 379.5 380.9 381 378.8 370.6 359.3 353 361.9 366.4 369.6 372 373.2 373.6 370.2
420.9 425 430.6 438.1 445.9 451.9 458.1 461 464.9 466.9 467.1 464.2 465.3 464.6 464.4 462.7 457.4 451.7 445.7 438.1 430.6 421.8 416 424 429 438.9 449.7 458.9 465.8 472.6 479.7 486.6 490.9 492.2 495.4 497.5 497.4 495.8 494.3 491.5 488.1 484.9 483 482.5 482.9 483.5 482.8 481.2 477.4 470.2 461.8 453.4 443.8 440.7 437.5 434 429.2 420.4 411.2 400.4 387 377.5 369.8 364.8 367.5 369.1 367.6 364.8 359.9 355.4 349 345.7 353.1 354.8 358.3 359.2 358.9 356.3
424.1 427 432.4 439.9 448.3 456.1 462.6 467.4 470.9 472.6 473 472.9 472 470.4 468.9 465.6 459.7 454 447.1 439.6 431.9 425.6 420.9 422.1 428.5 438.7 449.6 457.8 465.2 473.1 481 488.8 490.7 490.7 493.2 494.1 492.8 491.2 489.7 488.2 484.4 480.1 476.4 475.4 477.7 480 481.2 482.2 481.8 476.9 469.5 463.1 458.7 455.1 451.3 448.1 442.8 434.6 425.9 414.6 403.5 392.8 384 375.6 365.7 356.2 356 352.3 349.5 345 340.6 336.2 335.1 338.5 341.8 341.5 340.2 337
425.4 428.4 434.2 442.3 451.2 460.4 466.9 471.8 474.8 476.8 478 477.8 476.5 474.1 471.9 468.6 463.1 457.5 449.6 443 437.6 429.4 423.6 423.4 430.4 437.4 447.4 456.4 464 470.8 477.9 485.4 490 490 490.3 488.9 487.2 486.9 485.4 483.6 480.9 474.4 467.6 465.2 467.8 472.3 479.4 481.7 482.3 480.7 476.3 473.1 468.9 465.9 462.9 459.6 455 447 437.4 426.9 416.1 407.5 398.9 389.6 380.1 373.3 367.3 364.2 360.6 357.2 352.2 344.6 342.6 334.2 331 325.3 324.5 319.8
427 429.9 436.2 443.9 452.6 461.6 469.1 471.3 474.4 478.1 480.3 479 478.3 477 475.1 471.6 466.2 461.1 455.3 449.3 443.6 438 428.9 425.3 430.9 435.4 441.9 453 462.7 469.4 476.2 480.5 484.7 484.8 482.7 479.8 480.9 481.6 481.6 479.9 477.7 471 460.2 453.3 457.5 463.6 472.2 480.9 482.8 482 480.7 479.3 475.5 472.3 471.2 467.4 463.3 456.2 446.4 438.5 430.1 422.3 411.9 403.5 394 387.9 382.3 376.6 374.2 369.2 365.5 358.9 350.4 344.6 346.6 343.3 338 342
428.9 431.5 438.3 445.5 453.4 460 467.2 469.6 472.1 476.8 479.8 478.9 481 480 477 474.1 468.8 464.5 460 453.9 447.4 441.3 434.2 429.9 432.2 439.8 448.3 453.7 460.4 468.9 475 478.4 481.3 481 478.2 477 476.7 477 477.3 476 474 469.7 458.2 446.7 448.2 454.5 465.5 474.6 479.7 481.1 481 480.3 477.1 474.5 473.8 469.9 465.2 459.4 453.4 446.7 439.7 431.1 424.2 416.3 409.1 405.6 399.2 392.6 385.2 381.1 374.6 367.5 358.4 358.5 357.3 355.4 355.3 358.4
431.6 435.5 440.9 447.2 453 459.1 463.8 469.6 469.1 474.4 479.4 481 480.8 480.9 479.4 477.2 471.5 466.4 461.4 456.5 449.8 443.1 438.1 436.7 440.4 445.6 452.7 459.4 464.3 470.7 475.1 478.5 478.5 479.2 477.3 473.5 473.3 473.6 474 473.4 470.6 465.6 456.5 441.4 439.8 446.3 458.7 468.3 476.7 479.3 476.3 475.8 475.1 471.4 469 469.1 464.8 459 457.1 451.8 445.8 440.3 433.8 431 424.2 419.3 413 405 395.2 387.6 377.9 371.8 371.1 370.3 369.1 370.8 371.9 376.5
434.5 438 442.2 447.5 452.2 457 462.4 467.3 469 472.2 476.9 477.6 480.1 478.8 477 474.9 471.1 466.6 461.5 455.7 449.4 440.4 441.6 444 449.3 455.3 460.6 465.1 469.1 474.6 477 477.4 474.7 470.8 470.8 468.7 467.2 469 470.3 470.5 466.3 460.7 450.4 435.7 430.6 441.8 453.4 463.8 470.2 469.8 468.2 466.7 466.5 463.1 461.1 461.6 458 456.6 452.2 451.1 449.3 447.4 442.4 439.1 432.1 426.9 419.7 409.4 399.8 390.9 384.8 383.1 385.4 384.5 384.2 387.8 390.7 392.2
434.8 438.6 442.3 448.1 452.8 456.2 459.6 462.8 464.4 467.4 471.4 473.9 474.5 476.4 475.2 473.1 470.1 465.5 460.1 452.5 447.5 443.1 444.6 448.4 455.9 462.8 468 471 473.7 475.5 476.7 475.4 472.7 468.4 465.4 462.9 461.1 463.1 463.5 464 460.6 454.5 443.4 429.6 428.4 436.2 449.7 460.4 465.5 465.1 461 458.2 455.3 453.7 453.8 452.4 450.7 447.6 445.3 445.6 448.3 447.5 446 444.5 438.5 430.7 420.2 412.7 407.4 401.7 397.3 396.6 400.2 401.5 402.6 403.7 407.2 411.3
432.9 437.1 441.8 444.8 449.2 451.4 454.2 456.2 458.8 461.1 464.6 468.5 470.2 473.2 472.8 471.4 467.7 462.7 457.7 450.1 447.1 446.7 448.5 452.3 460.9 467.6 471.6 474.7 475.7 476.1 474.8 472.2 470.1 464.4 459.4 456.8 453.7 457 457.6 457.1 453.8 447.3 436.2 421.1 424.6 435.5 447.7 456.2 459.7 457.2 451.8 448.1 445.3 444.1 442.5 441.2 439.7 438.2 438 438 442.1 445.5 445.3 445 439.2 430.1 427.4 422.5 419 415 412.6 414.2 416.7 420.3 422.2 425.2 429.4 434.2
428.6 430.7 435.3 439.1 441.1 443.1 444.7 446.4 448.1 452.1 456.3 460.7 466.7 469.8 470.8 468.2 463.6 459.8 454.4 449.2 448 449 451 457.3 463.3 469.9 473 475.2 474.2 473 471.6 468.7 465.1 460.4 455.3 451 446.8 449.8 451.2 450.9 446.1 439.3 427.1 411.6 422.5 433.1 441.8 447.4 448.4 446.4 442.8 438.2 435.2 434.4 433.6 429.4 427.7 426.4 429.4 430.5 436.8 441.1 442.1 443.2 440 435.4 435 432.1 429.3 429.6 428.4 431.3 436 442.6 447.7 450.4 452.3 458.5
418 421.6 425.9 429 433.5 435.6 437.3 436.6 438.4 442.9 448.2 456.7 461.9 466.3 465.5 464.1 459.8 456.2 452 449.2 451 450.6 453.6 459.4 464.1 469.2 470 470.7 469.8 468.2 466.1 463.4 460.2 458.2 452.6 446.5 439.2 442.5 442.6 442 438.1 431.6 418.3 406.5 417.5 426.7 431.8 435.3 436 434.8 432.1 428.4 425 423.2 421 418.2 415.6 415 418.7 424 430.2 435.7 439.8 439 438.7 440.2 439.9 439.1 440.2 441.8 445.9 451 456.3 460.1 462.9 466.2 471.2 474.8
