public/OST50/NS71.asc
ncols 200
nrows 200
xllcorner 270000
yllcorner 610000
cellsize 50
[rows 70 to 104 of 200, columns 0 to 77 of 200]
397.4 405 410.6 417.8 423 424.7 425.3 423.5 421.7 416.9 415.8 413.8 407.5 401.1 397.2 395.1 394.6 393.3 392 389.1 388.4 388.1 391.1 397.7 402.6 407.7 408 410.6 410.6 410.1 407.5 402.3 396.1 388.2 391.5 392.8 375.7 354.6 343.5 336.3 337.1 349.8 356.8 366.4 376.8 390.6 400.1 410.5 424.9 436.8 444.5 453.4 460.3 468 471.4 472.5 474.8 477.1 479.8 480 481 481.5 483 485.3 487.3 491.7 494.7 495.1 491.3 488.8 483.2 478.8 474.7 471.3 468.7 464.1 463.2 462.7
409.4 419.3 426 428.8 430.3 430.9 432.5 430.9 428.9 425.1 419 417.3 414.7 409.5 406.4 403.9 403.5 400.4 395.3 395.5 393.2 394.8 396.8 402 406.3 410.1 416.7 413.5 414.7 416.4 409.4 393.7 382.1 376.1 375.4 372.8 355.4 339.1 330.1 335.7 347.4 354 357.9 361.2 384.7 396.7 406.7 419 430.9 440.7 449 455.2 460.8 467.7 469.7 473.3 477.1 479.3 482.8 485.3 486.4 486.3 488.2 490.4 494.8 498.7 500.9 498.3 491.9 484.7 478.1 473.2 468.3 467 462.7 455.6 454.9 453.1
417.2 427.5 435.9 442.3 444.6 445.5 443.5 440.2 437.3 432.5 427.2 423.3 421.1 419 415.6 412.3 408 405.4 403.4 402.2 401.9 401.7 401.6 405 408.9 410.8 418.3 416.2 417.1 416.3 407 389.4 370.6 362.8 356.5 348.9 332.4 326.2 333.8 344.3 354.2 366 378.6 387.3 382.7 400.4 414.2 424.6 433.8 441.3 449.6 455.4 460.9 466.4 471 474.4 478.7 482.4 487 490 492.2 494.4 497 497.1 500.3 501.7 501.2 496.9 488.2 481 473.2 466.8 461.1 459.8 455.1 452.2 443.8 443.4
420.9 430.8 440.2 447.7 451.2 452.7 451.2 444.8 440 434 429.6 428.4 426.9 425.1 422.8 419.7 414.8 411.5 409.4 407.6 406.3 406.6 404.8 405.7 409 413.6 417.6 415.2 416.6 414.8 405.8 383.9 359.1 336.8 332.5 324 322.6 330.3 338.9 350.1 361.8 376.4 390.7 400.9 405 402.6 419.9 426.6 433.1 440.7 448.1 454.3 460.2 464.9 469.1 474.7 480.8 485.8 491.2 495.2 499.2 502 504.6 504 502.3 503.2 500.9 491.4 483.1 475.1 468.3 460.8 452.9 449.6 446.6 441.9 431.7 433
424.7 433.2 439.4 445.8 450 449.2 447.8 440.5 438.2 434.1 432.5 433.2 433.7 431.5 429.3 426.5 421 416.8 413.5 410.5 408.7 409.4 407.1 406 410.9 413 412.8 413.6 413.2 407.2 397.9 370 344.9 327.1 317.7 318.3 327.5 336.3 344.7 357.5 374.1 390.4 400.2 407.5 415.2 420.4 420.1 427.8 431.3 439.2 441.3 449.1 455.4 463.2 472.3 479.7 484.9 489.5 494.2 498.7 506.4 506.5 509.3 509 504.5 499.9 491.4 481.5 475.1 468.2 461.5 452.4 443.9 440.5 437.9 433 426.1 422.4
428.1 433.8 439.2 442.8 442.8 442.2 441.6 440.5 436.4 436.2 435.2 439 439.3 437.5 434.8 431.5 425.9 420 415.7 412.4 408.9 408.9 406.9 406.2 408 408.5 408.7 403.9 402.2 393.8 371.7 343 328.8 314.7 317.6 324.9 333.1 342.1 353.4 373.2 386.2 396.3 405.4 411.7 417.9 423.2 426.1 429.1 432.1 438.5 443.4 450.5 459.4 467.5 475 481.1 488.5 493.7 498.3 499.7 504.8 506.3 505.5 505.2 499.2 488.6 481.3 472.7 465.7 460 450.7 442.3 435.1 429.7 428.7 424.6 419.7 412.9
427.2 434.6 441 439.2 438.2 435.4 434.3 434.8 433.6 435.9 439.9 440.9 442.7 441.2 437.9 433.1 430.1 421.3 416.5 412.2 408.9 406.1 403.3 402 402.3 400.6 397.6 389.8 380.5 362 339.7 324.6 311.9 312.1 323.6 332.2 340.6 353.1 368.4 380.6 390.1 399.2 407.5 413.4 418.1 419 420.7 428.5 433.2 439.6 446.6 454.1 462.4 470.7 478.8 486 492.6 497.1 507.7 507 505.3 502 498.4 496.7 485.8 479.1 473 465.1 459 449 442.2 435.4 427.7 423 419.5 417.3 413.9 408.2
431.5 432.3 434.1 434.9 432.6 429.8 425.1 424.6 428.6 431.4 436.7 441.1 441.6 438.3 436.5 431.8 427.9 422.1 415.5 410.9 404.7 399.6 391.6 387.9 388.2 384.4 377.4 370.4 360 340.3 318.2 306.6 309.7 323.6 333.4 341.5 353.5 365.5 374.5 382.4 391.4 399.6 407.2 411.8 413.3 414.1 419.7 428.3 434.2 441.6 450 459.3 467.8 475.9 483.6 490.7 496.7 502.6 507.6 506.9 504.7 495.2 485.7 479.3 472.1 468 464.9 459.1 453.3 444 435.5 427.9 421.9 416.5 411.2 410.1 407.8 402.5
434.6 435.2 432.4 429.2 429.7 423.6 421.1 417.2 421.9 425.7 427.4 429.5 432.9 433.1 432.2 427.9 421.6 416.4 409.8 400.8 391.6 383 375.5 370 361.7 363.5 361.1 355.5 339.5 320.1 304.4 312.2 321.1 334.9 343.5 352.3 360.6 367.5 376.2 383.9 390.3 397.7 403.7 405.2 410 415.9 421.5 429.2 437.3 445.8 454.9 464.8 473.6 482.3 490.6 495.8 500.3 502.3 507 503.6 495.4 479.8 471.6 467.8 464.3 460.5 457.9 453.6 448.4 442.5 435.3 428 421.1 413.2 406.4 400.8 400 394.9
437.4 435.8 432.4 427.5 422.3 417.8 412.5 409.4 410.1 415.2 416.7 415.6 416.2 419.2 418.1 415.1 411 404.7 399.3 390.5 381.3 374.3 360.2 354.2 349.2 350.1 348.9 343.8 329.3 301.3 312.1 320.2 326 336.8 344 354.6 361.7 368.8 375 380.6 386.5 393.3 398.6 400.1 405.2 414.3 421.9 430.2 438.2 450.4 459.5 469 479.1 489.5 497.3 502.3 506.4 505.7 501.1 492.3 479.9 468.8 461.2 458.1 457.5 455 454.1 449.7 443.8 438.5 433.2 425.9 419.1 414.4 407.6 401.6 395.9 391.2
437 434.5 432.4 426 415.5 409.3 402 397.6 395.5 401.1 400.5 398.5 396.2 398.3 399.8 400 395.3 389.4 384.6 379.5 370.8 360.4 352.4 345.7 341.2 340.9 339.7 332.5 321.9 299.3 303.4 305.8 316.2 332.4 346.1 353.9 360 364.6 368.8 373.5 377.6 386.1 387.6 393.6 402.7 410.5 419.9 429.9 441.4 453.1 463.9 473.9 481.8 489.4 496.3 500.9 506 499.2 490.3 478.5 467.4 458.7 452.1 450 451.2 451 450.2 447 441.6 435.9 430.7 423.2 419 413.8 409 402.5 397.2 393.3
434.4 432.7 430.3 425.7 413.8 398.6 390.1 388.7 384.3 385.8 385.5 385.7 385.5 385.8 386.6 384.8 380.5 375.9 371.8 367.2 359.9 352.1 344.7 338 336.1 334.3 338.2 334.4 327.7 310.5 289.9 295.3 307.2 329.5 341.6 349.5 354.3 358.2 361.9 360.8 368.6 369 383.4 391.9 396 403.5 415.8 427.5 440.6 453.9 464.2 476.5 481.7 490.5 491.6 493 492 487.1 472.8 464.4 458.1 449.6 441.9 443.2 446 445.6 446.3 443.4 438.4 432.2 427.1 421.4 415.8 409.5 403.7 402.1 397.9 391.8
431 431 425.8 419.9 408 394.9 387.1 381 378.9 378 378.6 377.5 378.3 378.4 375.9 372.5 369.3 363.8 357.5 354.6 348.6 342.3 338.1 329.1 320.1 327.9 331.5 332.3 331 319.4 298.6 287.1 292.3 318.4 335.5 341.8 346 350.6 351.7 350 354.6 368.8 374.9 380.9 388 397.8 410.2 424.3 438.8 451.2 459.3 467.3 472.9 482.1 487.5 479 471.7 465.4 456.4 451.9 444.5 438.2 431.4 438.4 439.9 440 440.3 439.3 430.4 427 423.6 415.3 409.7 406.3 398.2 393.8 385.1 374.1
422.3 421.8 418.9 408 398.7 392 387.8 382.5 375.4 370.5 369.1 369.8 368.9 367.8 366.7 363.2 358.1 351.6 342.8 340.1 336.2 330.4 324.3 318.1 306.6 315.3 319.3 320.7 320.6 318 304.2 282.2 284 310.6 325.8 331.4 333.7 338.1 339.9 333.8 347.8 356 364 367.8 380.4 389.8 405.6 422 434.9 446.2 455.1 460.2 465.2 468.9 466.9 459.5 454.4 447.3 443 437.4 430 423.8 426.5 430.3 432.8 432.5 431.6 429.7 422.8 417.1 408.5 396.7 385.3 369.5 364.3 359.5 352.8 339.2
408.7 403.8 401.5 395.1 392.8 387.2 383.1 378.3 372.3 365.7 351.6 358.7 359.7 358.1 355.6 351.8 347.3 340.5 334 328.4 326.7 319.7 310.6 305.4 295.8 298.3 300.4 299.4 299.1 301.2 297.5 284.5 279.5 299.9 311.4 315 316.5 318.5 322.5 324 336.5 348.2 349.7 360.2 371.4 387.2 403 415.3 426.3 436.4 444.4 450.6 455.2 450.7 446.4 441.1 435.1 430.4 426.7 422.1 412.5 413.6 421.9 423.1 424.8 426 424.2 421.3 405.3 391.7 380.9 362.2 342.2 333.3 330.4 327 316.6 325.9
397 392.7 391.3 386.9 384.3 381.9 377.5 371.5 366.8 362.1 352.4 340.5 350.3 347.5 344.9 340.2 335.8 330.1 322.7 315.1 314.5 308.2 298.1 290.2 287.6 288.7 287.2 285.4 284.8 282.3 272.7 272.6 288.2 293.6 296.7 299.4 301.9 303.7 302.3 319.6 331 331.4 348.5 356.8 366.7 380.7 393.3 404.1 413.5 420.9 427.2 436.3 434.2 431.2 426.7 423.9 421.3 415.5 408.7 401.6 394.7 409.3 413.6 415.6 418.7 419.6 415.2 403.3 379.2 353.3 348.5 332.2 313.3 305.7 306.5 309.2 323.3 343.4
390.2 388 382.5 378.8 375.8 373.4 370.5 368.1 360.5 354.3 347.6 334.6 337.9 339.7 333.7 328.8 323.2 317.9 310.6 306.8 300.8 297.1 288.3 283 281 281.1 280.5 279.7 278.6 269.4 281.1 283.5 287.3 288.6 290.8 292.4 293.8 293 301 312.4 319.7 325.9 335.6 346.4 355.5 364.9 377.3 390.8 399.8 406.7 410.4 414.1 414.4 413.7 410.6 408.5 405.9 395.4 381.8 378.6 393.3 400.1 406.2 411.9 415.2 414.7 400.9 381.4 354.6 330.9 315.5 303.5 299.9 308.2 323.5 321.5 329 348.3
382.4 379.1 375.5 370.8 367.5 364.9 362.9 360.4 355.3 347.2 338.2 329.5 315.6 323.1 318.6 314.3 310.6 306.7 302.1 297.6 293.1 288.4 283.1 279.1 275.7 275.5 275.1 274.9 271.9 266 273.5 279 281.3 283.7 285.4 286.7 288 287.4 293.5 302 298 309.4 320.4 329 338.5 346.7 354.2 369.8 382.4 390.6 395.7 396.3 397.4 397.8 397.8 394.9 380.7 368.5 366.3 380.8 390.5 397.6 404.2 407.1 408.3 399.4 382.3 363 337.8 309.5 297.9 300.4 314.8 328.2 337.8 350.7 348.2 368
378.6 371.1 370.8 364.2 359.5 358 355.1 352 348.2 341.9 335.8 326.1 309.1 311.1 308 305 303.7 301.8 298.5 293.2 290.1 282.5 279 274.9 272.3 270.1 269.9 268.9 263.8 259.5 271.9 275.2 277.1 279.1 280.1 281.4 281.8 280 286.5 293.6 292.6 298.5 305.5 311.6 323.6 332.8 340.4 350.9 361.6 369.5 376.1 380.1 380.4 384.5 385.2 378.5 356.2 357.1 370.8 381.1 389.9 399 402 399.6 390.8 371.5 356.3 339.5 320.6 293.3 300.2 317 331.9 351.1 369 375.9 356.5 380.3
379.3 370.3 359.1 352.6 351 348 347.1 344.7 340.8 335.7 329.9 320.9 310.3 299.8 300.4 300.3 297.8 296.7 295.1 291.2 290 282.9 276.9 271.1 271.2 271.2 269.5 265.6 260 260.2 268.2 270.7 273.3 274.6 275.4 277 278.8 278.4 280.8 283.6 281.1 287.9 292.6 297.7 308.4 317.9 329.4 337.8 345.4 351.8 358.2 363.9 362.7 366.5 365 347.3 345.6 361.5 373.1 383.5 390.9 397.7 397.6 390.8 366.6 343.2 326.5 310.7 295 289.8 314.8 332.8 354.6 377.1 392.3 391.5 372.6 395.5
376.9 368.3 357.3 346.3 342.4 338.2 337.4 336.7 334.5 330.6 323.5 312.9 304.2 294.2 293.7 293.5 293.4 292.2 290.9 288.6 287.2 283.5 276.9 269.5 269.1 270.8 266.5 259.7 259.1 261.8 264.4 267.8 271.1 271.1 272.3 272.3 274.2 273.6 271.5 273.1 276 278.8 282.6 288.7 295.7 303.8 316 326.9 334 341.6 346.8 349.7 351.4 345.1 343.8 328.7 350.1 363.5 373.2 383 390.6 394 388.7 372.2 343.8 316.9 296.2 286.7 296.9 311.3 327.4 352.9 377.7 397.7 404.2 403.2 387.6 401.4
371.7 363.3 352.6 340.6 332.6 331.2 329.8 327.5 326.5 325.3 320.5 312.1 299.2 289.6 289.1 288.5 288.9 287.9 286.3 284.1 281.8 281.4 275.5 269.5 268.9 267.9 264.3 259.9 255.3 261.2 261.7 264.9 267.2 269.8 268.3 269.8 271.1 271.1 268.8 266.9 269.6 273.4 276.9 280.6 284.3 291.6 301.8 313.9 323 330.6 335.4 339.8 336.8 332.6 325.7 332.1 350.5 361.8 371.2 378.2 383.9 381.4 372.2 349.9 323.1 295.8 283.5 294.4 308.9 323.3 346.3 372.6 395.3 406.4 409.3 407.9 401.5 402.6
363.7 352.2 342 333.9 319.1 322.8 321.4 319.4 319.4 317.2 311.2 303.5 294.1 285.9 280.8 281.5 285 283.3 281.7 279.5 277.9 276.4 272.7 265.6 263.9 263.6 262.2 258.9 251.3 250.6 257.6 259.8 262.8 264.3 266 266.9 270 267.3 265.3 262.1 262.4 266.9 269.5 272.9 275.7 280 288 301.4 310.4 316.6 322.8 327.3 322.4 323.3 315.5 324 346.7 358.3 366.1 371 374.6 368.2 352.6 329.2 308 280 289.5 305.6 316.7 342.3 366 389.8 409.1 411.6 412.6 410.5 401.8 407.4
348.5 341.2 333.8 327.4 321.2 318 312.8 313 311 308.7 305.6 298.6 291 285.3 281.6 278.7 278.9 278.1 277.1 275.4 274.1 272.1 269.2 262.2 259.3 261.9 261.6 259.1 253.4 249.2 249.4 253.7 256.9 259.8 262.5 263.6 262.2 262.6 261.6 261.8 259.2 259.1 261.6 264.8 267.4 269.6 275.3 287.4 297.1 302.5 305.1 301.6 310.7 304 306.9 325.5 339.5 348.9 357.9 360.1 356.7 346.7 331 308.5 287.2 278.4 294.5 312.6 331.5 359.8 384.2 403.3 411.7 414.1 414.1 412.1 410.1 413.5
338.2 331.9 326.3 320.3 312.8 309.8 308.9 307 305.9 303.4 300.3 294.8 288.8 282 280.1 276.1 272.7 272.4 271.6 271.3 270.4 267.9 263.9 258.6 258.7 258.9 259 257.5 253.3 251.1 247.5 246.8 250.2 257 258.5 259.2 258.7 258.1 257.7 256.5 256.1 253.5 254.5 256.7 259.7 259.4 263.6 269.7 285.1 290.4 293.8 278.1 296.1 296.9 306.9 320 326.1 332.8 339.7 342.3 341.2 326 304.9 284.9 278.3 291.6 304.8 323.2 349.4 374.9 397.4 407.2 413.7 415.7 416.2 415 417.2 416.7
329.5 323 317.4 312.5 305.7 296 301.8 300.5 301.1 299.1 296.5 293.5 289.3 280 276.9 273.2 270.8 268.7 267 263 259.5 259.4 259.4 254.1 253.1 253.9 254.1 253 250.5 251.2 250.4 245.5 248.2 252.7 254.4 254 253.9 253.8 252.7 250.9 251.8 250 250.4 250.5 252.7 252 253.7 255.9 264.7 275.2 274.1 268.3 285.3 287.3 297.5 306 312.3 316.3 319.2 322.5 318.2 301.7 280.8 271.8 281.7 298.3 315 342 367 387.7 405.9 410.9 415.8 417 417.3 418.2 419 421.1
322 308.6 295.5 300.6 293.8 291.4 298.5 296.9 296.8 296.2 293.8 290 285.5 279.5 274.2 271.3 271.2 268.7 266.6 263.5 264.1 261.8 259.7 255.2 249.9 249.1 250.4 249.6 251.2 251.2 251.2 250.9 239.8 247.3 248.3 249.3 249.2 249 249.6 248.8 248.9 248.5 245.9 244.7 246.1 246.5 245.9 247.4 251.3 254 257.9 268.2 269.5 279.7 283.8 288.3 293.5 297.6 299.4 302.5 298.1 275.2 268.5 283.5 292.5 313.5 335.2 361.5 379.5 395.2 404 410.8 417 419.6 420.1 419.6 419.7 422.5
297.7 287.4 278.4 269.7 290.2 287.2 294.2 293.3 292.6 292 291.1 287.1 281.5 277 272.4 269.5 269.1 268 266.1 266.3 265.4 263.8 261.3 257.7 254.9 252.1 247.7 243.6 247.1 250.8 249.9 251.2 240.4 239.2 242.3 244.6 244.5 244.3 244.7 243.6 243.9 243.1 242.1 241 242 241.1 240.2 243.7 248.7 251 254.6 252.1 264.3 270.4 272.4 274.9 279.1 283.3 286.9 290.1 274.2 267.2 280.8 292.3 311.6 331.7 350.4 367.2 380.1 393.3 403.3 411.3 416.5 420.8 420 421.1 421.6 424.3
279.5 271.2 254.3 246.8 284.4 277.7 289.8 290.1 289.1 289.5 289.4 285.5 283.2 278.2 275 271.8 270 268 266.6 266.4 265.3 264 262.4 261 261 256.9 252.3 251.1 242.4 239.8 245 247.1 241.4 239 240 240.2 239.7 240 239.7 239 239.3 240.7 240.9 241 239.1 240 240.7 242.2 245.8 248.4 250.3 254.1 257.5 258.1 256.6 260.8 266.6 271.9 262.7 259.7 270.1 280.3 292.4 309.6 320.9 333.6 346.3 360.7 373.1 386.2 398.9 408.8 411.9 410.9 415.3 420.6 422.5 425.9
256.2 251.6 237.3 225.1 267 280.6 278.1 284 283.3 285.6 284.5 283.2 280.7 278.7 273.4 270.3 271.3 269.6 266.4 266.7 265.3 263.9 262 261.2 261.4 260.3 255.3 250.5 244.8 239 241.1 241.7 240.5 238.6 238.9 239.4 238.1 237.7 238.4 239 239 239 240.2 238.9 238.7 239.2 240.2 241.7 243.2 245.1 246.3 246 247 248.6 248.2 247.2 253.5 256.8 263.9 270.6 277.3 286.7 295.7 308.8 319.5 329 339.9 351.4 365.2 376.1 385.7 388.3 387 390.2 407.9 417.8 424.5 428.1
237.3 235.8 230.8 218.3 244.1 277.5 266.8 280.8 278.8 282.7 281.4 281.1 281.1 278.7 275.6 274.4 271.4 270.8 269.2 268.8 266.6 265.9 265.1 260.8 260 258.6 254.7 252.4 249.1 241 239.5 238.5 235.4 232.9 231.2 231.5 231.5 231.5 233 234.8 237 238.8 238.4 235.3 236.5 238.3 239.5 240.2 241 241.7 241 238.5 242 242.3 246.1 255.3 258.5 260.9 264.5 269.6 273.5 280.1 290.6 300.5 310.4 321.7 331.2 341.6 347.6 355.4 361.1 360 365 393.5 411.4 419.4 425.9 430
229.5 219.8 218 207.9 223.2 260.3 272.9 277.4 274.5 280.8 280.8 281 279.5 277.2 275.2 272.5 271.3 271.1 271.1 268.2 265.3 262.6 260.5 258.8 256.3 252.9 251.6 250 245.5 240.5 237.4 234.4 234.4 231.7 231.3 231.4 231.5 231.8 232.9 234.2 236.1 237.2 236.1 235 232.2 235.6 235.5 234.4 233.3 235.7 237.9 244 247.2 250.6 251.8 254.8 259.1 261 261 264.4 265.5 270.8 280.1 289.9 300.3 309.2 321.3 326.8 334.8 341.3 340 350.2 373.8 395.5 413.3 421.4 427.8 431
223 208.9 204.5 194.9 209.3 248.4 270.6 273.1 269.1 275.7 276.7 276.3 276.1 274.9 273.2 270.6 271.1 271.1 271.1 270.5 266.7 260.6 259 256.2 252.8 250.4 242.7 242.7 240.4 239.2 233.5 231.2 232.5 231.2 231.3 231.4 231.6 232.1 233.2 234.3 235.7 235.9 234 233.5 230.9 229.9 236.8 236.3 240.9 242.5 243.4 243.2 245.4 248.3 250.6 253.3 255.7 259.3 260.9 258.8 258.3 258.4 266 279.9 286.3 293 306.2 316.6 312.5 330.8 343.7 355.9 378.7 393.9 407.2 418.2 425.2 429.7
215.1 202.7 198.2 186.6 213.4 244.9 268.1 266.6 267.4 271.4 272.5 272.1 271.9 272.3 270.9 270.9 267.8 267.3 266.5 267.8 265.6 259.7 257.4 252.8 250.8 248.2 241.2 239.2 237.2 233.9 230.7 230.5 229.5 231.2 231.3 231.3 231.5 232.3 233.3 234.3 234.9 234.2 233 232.3 229.3 236.5 239.9 240.4 240.9 241.8 248.2 246.2 244.6 245.1 248.1 248.9 250.8 252.2 254.3 253.8 250.6 249.3 257.2 264 277.5 291.9 292.6 306.4 317.2 327.2 346.8 366.5 382.4 395 403.9 410.9 418.2 425.2
206.9 199.6 191.5 179.9 212 230.1 259.4 259.2 262.1 267 267.7 267.5 267.2 268.1 268.4 268.9 267.5 265.7 260.4 265 264.8 258.8 255.4 250.7 249.6 245.3 241.7 237.4 234.8 230.8 229.2 228.3 230 231.9 230.3 229 230.6 233.1 234.3 234.6 234.7 233 232.5 227.3 231.1 237.1 239.3 241.1 241.8 244.7 248.8 250.6 248.9 246.5 247 245.5 246.1 246.8 247.5 247.1 246 249.5 256 262.2 273.6 283.5 295.4 302.1 312.1 331.3 345.7 360.4 372.9 387.1 397.2 405.7 412.1 415.8
