public/OST50/NS80.asc
ncols 200
nrows 200
xllcorner 280000
yllcorner 600000
cellsize 50
[rows 140 to 174 of 200, columns 78 to 155 of 200]
159.6 157.2 156.7 156.9 157.6 168.4 172.9 174.8 176.3 180.8 188.6 194.2 202 211.2 217.4 221 222.6 222.4 221.7 220.7 219.5 217.6 214.2 209.4 204.1 199 195.8 192.6 189.2 184.3 180.1 176.4 176.2 173.5 168.2 161.6 155.2 149.6 143.3 134.8 122.8 109.2 93.1 71 84.1 98.9 118 130.7 141.4 147.4 154.8 160.4 161.1 159.3 154.6 152.4 150.2 145.3 131.2 146.2 153.7 163.4 169.6 178.7 180.8 184.9 186.9 187.7 190.1 184.5 178.6 176.9 176.1 175.1 174.8 174.7 174.7 174.2
159.2 157.7 156.7 156.9 159.7 169.7 174.1 174.9 176.8 182.1 187.7 193.1 203 211.5 217.6 221.4 223.4 223.1 221.9 220.8 218.9 217 213.4 209.1 203.6 198.3 194.4 191.5 188.2 184 179.5 173.2 173.1 168.2 162.2 155.7 150.4 143.7 133.7 126.9 119.9 108.1 88.2 71.9 83.8 101.3 124.8 135 144.2 149.2 153.2 158.3 160.4 157.1 154.2 152.9 151.2 147.1 147.8 131 154.7 164.5 172.8 182.6 184.5 186.7 187.7 186.2 187 185.2 180.8 177.2 175 173.9 173.4 175 175.5 175.1
159.9 158.2 157.4 156.7 161.6 169.6 174.2 176.3 177.5 181.9 187.1 194.1 203.8 212.3 217.5 221.6 223.5 223.4 222.2 220.3 218.4 216.3 212.7 208.9 203.6 197.4 193.3 190.4 187.6 183.4 178.2 169.5 164.7 163.7 160.5 156.8 153.5 146.2 133.5 116.5 109.6 99.6 81.3 77.4 85.5 102.9 128.5 140.3 148.1 150.8 153.9 157.7 159.8 157.9 157.1 154.9 152.1 149.8 149.8 151.6 156.9 164.7 173.9 184.2 187.8 188.6 187.5 184.2 184.2 183.4 180.5 176.3 174 173.7 172.8 173.8 175.8 176.7
160.3 158.5 157.7 155.6 161.9 169.5 174 176.7 177.1 179.4 188.5 197.7 204.6 212.6 217.9 221 223 223 222 220 218 215.6 212 208.6 203.6 197.2 192.4 189.5 186.7 181.6 174.5 173.1 173.3 170.4 165.6 160.3 155.4 147.1 133.2 117.1 97.4 88.9 73.2 79.6 85.8 103.4 131.7 145 151.2 153.7 156.3 158.9 159.9 161.3 162.8 160.1 155.9 153.6 154.2 155.7 162.8 166.9 174.2 185.1 191.8 191.7 188.3 182.5 182.3 181.9 179.8 177.3 173.6 172.5 171.6 172.6 175.4 177.1
160.3 158.9 157.6 157.7 161.8 169.6 173.8 177.4 177.6 180.3 190 199.8 206.6 212.9 218 221.4 222.7 222.7 221.5 219.6 217.7 215.2 211.4 207.8 203.2 197.4 191.8 188.7 185.5 179.9 179.1 177.6 175.5 172.1 166.8 160.4 154 142.9 128.9 111.8 95.3 81.7 70.4 79.9 89.7 108.1 133.2 149.1 155.1 157.5 158.9 161 162.1 164.9 165.5 163.3 159.9 159.5 159.9 161.4 163.6 168.8 174.8 184.6 193.1 194.3 188 182 179.8 180.3 178.7 176.1 172.3 170.9 171.1 172.2 175.4 178.2
159.2 158.3 157.1 156.9 162.3 169.3 173.9 177.5 178.6 180.8 190.2 199.7 207.2 213.3 218.2 221.6 222.6 222.2 221.1 219.3 217.4 214.8 210.8 206.7 202.5 196.7 191.9 189.2 186.3 183.5 182.8 180.7 176 172.1 166.3 159.7 151 138.2 122.5 102.7 90.6 79.6 70.4 83.7 99.5 120.1 140.8 151.9 159.1 160.7 162.1 163.9 167.8 169.1 167.2 164.1 163.6 163.7 163.8 165.1 164.7 169 174.1 183 193.4 194.3 188.4 181.3 178 178.5 177 175.3 172 169.7 170.4 171.9 175.6 178.5
158.3 157.4 156.6 157.4 165 170 173.9 177 178.3 182.7 190.4 199.8 208 213.9 218.6 221.6 222.7 222.2 220.7 218.8 217 214.1 210.2 205.8 201.1 196.8 192.9 190.5 188.1 186.7 186.4 183.7 177.4 172.8 165.9 158.5 149.3 135.3 119.2 96.9 88.1 77.5 70.4 86.5 109.2 130 149.3 153 158.8 162.7 163.9 166 170.5 171.2 168.6 167.5 166.5 165.5 165.5 166.7 166.8 167.2 172.1 181.5 192.3 193.7 188.5 181.2 176.6 176.5 175.1 173.5 170.5 168.8 171.3 171.8 176.4 178.7
157.5 156.6 156.6 159.8 163.3 170.7 174.2 176.9 178.3 185.3 192.3 200.1 208.8 214.9 218.7 220.8 222.8 221.9 220.2 218.3 216.3 213.4 208.7 204.1 199.5 196 193.9 191.6 189.2 189.4 190 185.9 178.4 171.1 164.6 157.1 147.2 133.5 115.1 91.1 88.7 74.6 74.1 87.6 111.9 130.4 147.8 154.8 158.6 162.7 165.1 167.5 171.7 172.7 170.1 167.9 167.9 166.9 167.6 169.3 171.1 169.6 171.7 180 188.3 190.6 187.2 181.4 175.6 174.3 173.2 171.5 170 167.5 169.9 171 176.1 178.4
157.3 156.1 156 163.2 167.8 169.7 174.1 177.9 179.7 185.8 194 200.6 208.9 215.3 219.6 221.9 223 221.7 219.7 217.7 215.4 211.8 207.6 203.1 198.4 196.1 194.3 191.9 189.4 190.1 191.6 186.2 176.7 168.5 162.7 155.5 145.6 130.3 110.4 90.5 88.6 71.3 81.6 92.1 113.4 130.8 152.1 155.8 159.4 162.5 166.3 169.7 174.2 173.4 171.2 168.8 168.5 168.7 169.9 173.2 174.1 172.9 173.9 185 186.3 187.8 185.1 179.7 175.1 174 171.5 169.4 167.5 166.1 168.7 170.4 174.6 178.6
156.2 155.3 158.1 164.7 170.2 172.3 175.6 178.8 182.5 188.5 195.6 201.6 209 215.3 220.5 222.6 223.1 221.7 219.9 217.5 214.5 211.2 206.8 202.3 198.2 196 194.4 191.8 188.8 188.8 190.3 184.2 175.2 167.9 160.9 154.5 144.9 128.5 104 89.8 76.6 70.4 81.2 95.5 117.4 136 147.9 155 160.2 162.3 165.3 167.3 169.7 170.9 170.2 169.6 170 170.5 172.3 176.7 177.1 176.8 177.2 180.9 185.3 185.9 182.9 177.7 174.8 173.6 171.2 167.3 164.5 165.1 168 169.6 173.2 178
155.6 155.3 160.9 167.8 171.3 174.4 177.8 181.1 185 190.7 196.1 202.5 209.3 215.1 220.5 223.3 223.3 222 220.1 217.4 214 210.5 206 201.6 197.8 195.8 194.3 191.3 188.2 186.6 187.5 179.5 171.2 166.2 158.7 152.9 143 125.6 101.1 91.2 74.7 69.8 83.9 97.3 116.7 133 144.6 152.8 158.1 162.3 164.7 166.5 171.5 171.9 170.8 171.1 171.4 171.8 173.3 176.8 179 180 178.9 178.5 183.1 184.2 182.8 178.9 174.1 171.3 170.4 166 162.3 163.2 166 168.7 171.6 176.5
154 155.8 163.7 169.4 172.9 177.9 180.9 183.6 187.4 193 197.8 203.5 209.6 215.4 220.1 223.6 223.4 222.5 220 217.1 213.6 210 205.4 200.8 197.5 195.2 193.4 190.6 186.8 183.9 183.3 182 178.5 169.3 159.7 151.5 141.1 122.5 97.7 91.3 73.5 71.5 83 98.2 119.4 132.8 143.5 152.1 156.9 161.4 166.1 167.9 174.1 174.9 172.7 172.5 172.8 173 174 176.1 178.5 180.6 180.2 179.6 181.8 182.5 182.5 179 173.4 171.2 170.3 164.9 161.1 160.8 163.8 166.4 170 175.5
153.8 156.8 166 172 173.6 178.1 182.4 186 190.2 195.1 199.8 204.5 210.3 215.4 219.9 223.2 223.6 222.6 219.7 216.6 213 209.4 205.5 201.8 198.6 195.5 193.8 190.9 188.3 185.8 182.5 180.9 176.5 170.1 161.3 153.1 140.4 122.1 97.8 89.8 73.1 74.7 84.7 99 119.5 133.6 146.5 152.4 155.2 158.2 162.5 165.8 172.7 175.1 175.1 173.6 174 174.3 174.6 175.8 178.6 180.7 180.9 180.4 180 180.4 179.8 177.1 174.8 172.7 171.2 164.7 159.7 156.8 161.7 164.6 169.6 173.9
155.5 161 168.3 172.7 174.5 180.1 183.8 188.9 192.6 197.7 203.3 206.9 211.8 216.4 220.7 222.7 222.8 221.5 219.2 216.4 213.3 209.7 205.5 202.1 198.6 195.3 193.4 190.5 188.9 185.9 182.1 178.3 175.6 171 162.8 153.2 139.7 121.8 99.3 86.9 76.6 74.1 84.1 100.2 118.5 133.5 148.1 152.1 154.4 156 159.2 166.1 173.5 173.8 173.9 174.2 174.5 175.1 175 175.7 178.2 180.1 180.8 180.4 178.9 178.1 177.1 175.6 173.8 172.2 170.7 164.9 159.4 154 160.2 163.1 168 172.2
162.7 168.4 171.9 173.5 176.7 181.3 185.6 191.1 196.2 201.1 206.2 209.2 213.5 217.6 220.4 221.9 221.8 220.5 218.2 216.3 213.8 209.6 204.9 201.5 198.3 194.5 192 189 187.8 184.9 181.2 177.2 174 169.7 162.4 151 137.8 120.9 100.8 84.3 79.9 70.8 83.7 101.5 116.9 130.1 145.4 150.6 154.1 154.9 159.9 168.5 174.1 173.2 172.5 173.2 173.7 174.4 174.9 176.1 177.3 179.2 182.4 182.2 178.4 176.5 174.8 173.3 172.6 171 168.7 163.9 158.9 153.4 158.1 161.2 165.8 169
167.2 172 174.5 175.6 178.1 182.4 187.5 193.8 199.8 205 209.6 211.9 214.6 218.2 220.6 220 219.7 219.4 217.8 216.7 214.4 210.4 205.6 201.7 198.4 194.5 190.4 187.3 185.8 183.4 180.2 175.8 170.6 167.5 161.5 148 137.2 121.5 104 85.5 80.4 69 82.1 97.8 113.1 125.9 140.1 147.3 152.9 155.4 159.9 167.7 172.2 171.8 172 172.4 172.9 173.7 175.7 177.1 178.2 179.1 182.2 182.1 178.8 175.5 172.8 171.1 170.4 170.5 168 163.1 157.6 152.1 156.1 159.3 162.7 165.9
163 170.1 174.3 177.1 179.3 183.5 191.3 196.4 203 209.8 214.8 215.5 216 218.2 219.5 218.5 218.1 218.2 217.4 216.2 214.8 210.8 204.8 200.6 197.7 193.9 189 185.7 183.8 181.1 178.1 172.9 167.2 163.3 156.4 146 137 122 105.9 89.7 82.2 68.7 80.2 92.6 109.5 124.7 135.9 143.8 151.4 156.8 159.6 165.6 169.1 171.1 171.5 171.8 172.5 173.8 175.6 176.9 178 179.2 182.6 182 178.9 174.8 170.9 169.4 168.1 169.3 168.4 163.1 155.8 151.5 155.3 157.6 160.1 163.3
158.2 167.1 172.7 176.6 180.1 185.7 192 198.6 206 213.4 218.1 219 217.1 217.5 217.8 217.4 217 216.3 215.7 215.5 213.5 210.3 205.8 201 197.8 193 187.9 183.4 180.7 178.7 174.5 169 163.6 159.5 153.1 145.1 133.8 121.1 106.2 93.2 81.8 68.6 77.2 90 109 127 137.5 144.8 151.7 157.4 161.4 164.5 167.2 169.3 170.6 171.3 172.4 173.8 175 176.3 177.4 179 181.5 182 179.2 173.7 169.4 168.1 166.6 165.9 165.9 162.9 154.9 150.9 153.1 155.6 158 160.9
153.8 160.1 166.2 172.1 177.4 186.3 193.3 201.8 210.1 216.5 221.2 222 218.8 217.5 216.4 215.5 214.9 213.8 213.9 214.1 212.7 210.8 206.7 201.3 198.1 192.8 187 181.4 175.7 175.5 170.4 165.6 160.9 156.6 150.2 141.5 133.2 121.2 107.5 94.3 83.1 73.8 69.3 88.5 108.6 126.1 138.3 145 151.5 158.9 162 164.1 165.7 168.1 170.3 171.2 172.5 173.8 175.3 175.4 176.4 178 181 182.8 179.5 174.5 169.9 167.6 165.5 164.2 163.2 162.8 156 150.7 150.9 153.6 155.3 157.6
153.5 160.3 165.8 171 179.5 188 195.7 205.7 212.1 219.4 223.5 223.3 220.8 218.3 216.5 214.4 212.4 211.6 212.1 211.7 210.5 209.8 206.6 202.3 197.4 193 189.4 184.4 177.4 170.3 162.6 162.2 157.4 153.8 148.1 143.2 134.7 123.4 111 95.1 85 79.1 67.8 86.3 106.5 121.5 133.5 142 150.5 159.2 163 164.4 166.2 168.8 172.4 173.2 173.5 174.4 174.6 174.5 175.5 177.2 179.9 183.3 180.7 176.6 172.5 168.2 164.8 163.2 162.4 161.5 157.1 151.9 149 151.3 152.7 154.9
159.3 169.3 172.5 177.9 183.9 191.2 197.8 206.1 214.2 220.3 221.7 222.7 220.9 218.9 215.9 213.5 210.5 209.3 208.9 208 207.7 207.6 205.7 202 195.8 191.4 188.1 183.4 176.4 169.9 163.4 149.8 150.6 147.1 142.5 140.7 135.6 124.7 112.5 95 85.5 80.6 69.7 80.5 101.1 114.2 124.6 136.2 146.7 156.9 162.2 164.7 167.7 170.2 174.1 176.4 176 176.5 175.6 173.7 173.9 174.8 179.2 183.7 182.3 178.9 174.4 167.9 163.9 163.2 161.9 160.5 156 151.3 145.2 148.6 151 153
162.9 170 176.2 181 187.2 194 200.1 207.4 215.1 219 220.7 223.7 221.6 219.7 216.1 212.8 209.8 207 205.7 204.7 204.2 204.4 202.6 200 194.4 188.9 185.3 182.3 173.9 165.5 160.6 151 143.3 140.5 137.3 136.1 131.1 123.4 112.2 95.6 85.9 81.7 74.3 74.2 93.7 107 118.1 130.5 141.5 151.2 158.4 163.1 167 169.1 175.5 179 178.7 178.4 177 174.4 172.5 173.2 178.1 182.4 181.7 179.9 174.3 168.4 163.6 159.3 160.8 160.3 154.9 151 144.6 147.2 149.1 150.8
165.2 171.1 177.9 181.2 189.8 197.6 203.5 209.4 216.8 220.4 224.8 223.4 222 220.2 216.5 212.1 209.2 206.4 204.1 202.3 201 199.8 197.6 195 189.9 185.6 181.5 176.2 169.4 162.9 158.8 150.5 142.8 137.4 135.1 134.4 128.8 121.8 110.6 94.7 86.2 82.8 77.3 67.8 93.9 108.3 118.4 124.4 137 147.9 156.2 162.9 165.8 168.6 176.7 180.3 180.4 177.9 176.2 173.3 172 172.1 176.4 180.8 180.9 180 174.7 169.8 163.9 159 157 157.8 154.2 151.2 145.6 145 147.2 148.5
165.2 173.4 178.8 183.4 194.8 201.5 205.3 211.3 217.5 223.1 221.9 222 221.3 219.4 215.4 211.6 208.7 206.3 203 199.9 198.9 194.9 193.4 190.3 187.1 182.7 176 170.1 166.9 161.5 156.7 151.3 144.7 136.5 133.8 136.5 128.1 117.4 107.7 91.3 85.5 82.9 76.1 71 97.5 109.8 118.6 124.7 135.9 148.5 155.2 163.2 165.6 169.9 176.2 179.7 179.5 176.8 174.8 172.5 171.2 170.6 174.5 179.5 179.7 179 172.9 165.7 162 158.9 154.1 156.3 153.3 148.8 133.8 143.1 145.2 146.4
167.7 174.1 178.9 186.7 198.7 204.1 207.7 213.7 219 219.6 220.1 221.3 220.3 217.7 214.3 211 208.2 206.2 202.7 199.1 195.3 191.7 186 186.9 185.2 179.8 172 166.2 164.6 162.1 153.6 147.1 141.2 134.6 130.8 132.8 125.3 117.4 104.6 90.5 84.9 82.9 67.3 81.5 97.7 109.3 119.9 127.4 136.1 148.3 155.6 161.7 162.3 168.7 174.9 177.5 176.3 174.5 172.8 172.1 170.7 169.8 173.1 178.3 178.8 176 170.4 165.8 162.5 158.9 154.6 151.3 148.5 144.1 141.6 141.2 143.2 144.3
168 173.9 179 190.5 201.5 205.2 208.8 214.8 219.9 221.2 222.2 220.2 218.7 216.5 213.3 210.1 207.6 205.2 201.6 196.6 193.2 190.9 182.8 176.7 178.9 177.9 171.6 162.7 160.9 159.7 151.6 143.4 136.7 131.6 129 128.9 121.6 113.6 100.4 86.8 84 77.2 70 86.5 96.3 109.6 121.2 129.4 137.1 146.3 155.9 161.4 162.1 167.3 173.6 175 174 173.1 172.6 172.2 170.6 168.8 171.4 177.1 177.1 173.6 169.1 164.6 161.7 156.6 152.6 146.7 143.2 141.4 140.2 137.7 141.3 142.4
169.7 173.1 181.8 194.2 201 205.3 210 215.8 220.3 223.4 221.1 219.7 217.7 215.5 212.2 208.8 206.1 204.2 202.5 198.8 194.6 191.8 186.6 180.9 177.2 167.3 169.4 160.9 156.4 153.7 146.3 139.4 133 126.6 125.5 124.1 118.6 109.5 97.3 87.3 82.7 67.3 80.9 89.6 100.3 118.4 126.3 132.3 140.1 146.8 151.8 157.6 163.3 167.6 171.9 172.9 172.8 172.7 172.4 171.9 170.7 168.8 169.8 175.3 175.2 172.5 168.5 162.8 159.5 152.7 148.1 144.4 142.1 140.7 139.2 138.1 132.3 140.3
169.3 177 185.8 195.8 200.7 207.9 211.6 215.6 222.1 223.9 221.2 219.4 217.5 214.7 211.1 207.5 205.1 203.7 203.6 199.1 195.4 191.6 187.1 182 177.7 169.8 161.9 157.3 151.9 147.9 139.7 133.8 128.6 123.5 119.4 119.3 114.9 104.9 93.8 84.8 81.1 67.3 83.6 92.6 105.3 120.9 128.4 135 144 147.4 151.4 160.9 165.3 167.5 170.8 171.1 171.3 171.9 172 171.4 170.4 168.6 168.6 173.5 174.3 172.7 168.2 161 156.7 152.1 147.1 143.5 142 140.4 138.5 137.1 137.2 136.5
172 179.1 189.3 197 202.5 207.9 211.8 217.1 222.3 224 222.2 220.9 218.6 215.1 210.9 206.8 203.7 201.5 200.1 196.7 194.2 189.4 187.8 184.4 180.1 170.8 159.8 148.7 146.4 140.8 133.6 125.6 119.7 118 113.7 114.2 109.8 99.3 88.8 82.6 68.3 74.4 86.8 94.8 109.5 123.8 130.8 137 143.5 146.4 156.2 162.1 164.8 167.4 168.7 168.3 169.7 170.8 170.9 170.4 169.9 168 167.7 171.7 173.6 171.8 166.1 158.5 153.9 151.5 146.2 142.2 141.5 140.3 137.6 135.6 136.4 137.1
172.2 180.2 190.3 196.5 202.5 209.2 213.1 217.3 223.2 223.7 223.6 223.4 220.2 215 210.2 206.3 202 199.1 198 194.8 191.1 186.7 184.4 182.9 178.2 170.5 159.3 150.4 137.2 133.1 124.6 118.3 113.4 113.3 110.4 107.8 102.5 93.9 84.8 72.8 69 84.7 90.6 97.3 108.1 121 130.3 135.3 140.7 151.8 158.8 162.1 164.2 166.9 166.6 166.6 167.9 169.2 169.7 169.4 169 167.1 167.3 171 172.5 169.7 164.2 157.7 153.1 150 144.4 142.3 140.2 137.6 135.4 133.5 134.1 135.3
171.5 180.9 189.5 196.2 203.3 209 212.5 217.8 222.6 225.5 226.5 223.2 217.1 212.1 207.4 203.4 199.9 197.4 196.2 194 188.7 183.4 181 178.3 173.5 167.9 160.2 150.7 136.8 128.8 123.4 120.4 112.9 107.7 103.8 101.9 96.7 87.6 78.7 66.7 85.5 88.4 94.2 100 108 119.6 129.7 135.3 142 152.3 157 160 163 164.4 164.8 166.2 167.5 168.1 168.6 168.5 168.1 166.8 164.3 169.8 170.8 167.6 163.9 158.8 151.8 148 144.5 140.6 137.1 134.9 132.8 131.5 131.7 133.3
171 182.4 190.3 196.5 204.2 209.6 213.1 215.7 221.6 224.5 223.3 219.5 216.6 213.2 208.1 202.2 199.1 196.8 197.1 194 188 184.5 180.8 176.7 172.3 167.4 159.7 152.7 144.3 135.4 126.8 119.1 112.4 106.5 99.5 94.4 87.8 83.7 67.6 75.2 87.4 93.9 99.3 103.8 111.2 119.7 129.9 139.7 144.2 152.4 157.8 161.3 162.1 162.6 163.8 165.1 165.9 166.7 167.4 167.2 166.6 165 163.6 168.5 169.3 166.6 162.9 158.3 152.6 147.4 141.8 137.9 134.2 132.2 130.7 129.7 129.5 130.5
169.9 183.3 190.2 194.9 202.5 207.9 212.2 214.1 217.9 221.2 220.1 219.6 218.1 214.7 209.1 204 199.8 196.3 195.7 192.3 186.2 182.8 178.8 174.7 170 164.6 158.5 151.1 142.7 135 128 120.7 113.4 108 98.2 91.3 85.5 74.6 66.2 85.6 92.3 98.9 105.4 108.1 115.1 123.7 134.8 140.4 146.3 154.7 159.2 163.2 163 161.2 162.2 163.2 164 165.1 166.1 165.5 164.9 162.7 160.1 166.5 167.1 165.2 163.4 160.4 152 143.9 140.1 137.3 134.3 130.9 129.1 127 127.6 128.2
170.8 185.2 189.4 193 200.1 209 215.6 219.5 220.6 220 220.3 220.5 218.4 215.5 210.9 206 201.7 197 194.2 191.1 187.5 183.2 178.5 173.5 167.9 160.6 154.4 149.2 141.9 134.8 127.5 119.5 110.9 102.8 96.3 87.5 79.8 65.9 81.4 88.8 93.8 100.1 107.5 111.7 117.2 124.9 133.8 144 150.6 154.9 158.7 162 163.4 162.2 161.5 162 162.1 163.4 164.4 163.6 162.9 161 157.5 164.1 165 165.2 165.9 159.2 149.9 141.7 138.7 136.8 133.4 130.5 128.2 125.3 125.8 126.2
177.9 183.3 187.7 196.3 204.7 213.9 220 221.9 219 217.9 218 218 216 214.4 209.7 205.4 201 197.8 194.3 190.3 187.8 183.3 178.8 173.5 166.5 158.4 150.7 143.7 139.2 132.5 124.8 115.4 104.7 96.6 89.1 82.8 67.8 75.6 83.9 90.1 94.9 101.2 107.6 112.8 118.5 126.1 136.3 147.9 152.4 155.4 158.4 161 162.9 162.9 162.2 161.4 161.4 161.7 162.4 161.5 159.9 157.9 156.3 161.3 163.5 164.4 164.2 155.8 147.3 140.3 136.8 133.9 131 129.2 127.4 123.4 124.2 124.6
