public/OST50/NS80.asc
ncols 200
nrows 200
xllcorner 280000
yllcorner 600000
cellsize 50
[rows 105 to 139 of 200, columns 0 to 77 of 200]
347.9 344.7 341.5 336.7 331.6 327.1 322.9 319.7 317.2 314.1 311 308.1 305.5 303.3 301.1 298.7 296.3 294 291.9 290.3 288.5 286.6 285.1 284 282 279.9 275.9 275.6 274.5 271 264.6 258.9 252 241 229.4 217.9 221.2 233.1 243.7 249.1 255.2 256.5 254.2 258.8 259 258.3 258.8 256.6 253.1 250.2 238.9 250.2 254.1 259.6 266.3 268.8 269.7 272.1 276.1 279.2 280.8 279.9 279.8 276.5 271.2 264.7 254.8 244 236.8 230.7 223.1 210.9 195.5 181.5 169.3 160.8 154.7 148.4
349.1 345.9 344 339.8 332.8 327.8 323.7 319.9 317 313.7 310.4 307.6 305.3 303.6 301 298.7 296.2 293.6 291.8 290.2 289.8 289.2 288 287.4 284.7 281.3 280.5 276.6 272 267.7 264.7 259.4 252.1 242.7 233.6 222.3 213.5 223.4 227.1 229.6 236.1 234.5 238 244.6 248.6 249.1 248.3 245.7 244.1 244.2 227.5 243.1 246.1 253.7 260.8 262.7 261.8 263 267.8 271.5 273.8 274.8 275 272.1 269.8 265.5 257.9 249.7 242.7 235.8 227.7 215.3 200 185.3 173.2 164.8 158.4 152.1
350.9 345.3 343.6 339.8 334.2 328.6 323.9 320.7 316.4 313.2 310.4 307.9 305.3 303.2 301.2 299.3 297.5 295.3 293.6 292.5 291.7 292 291.9 288.2 284.3 283.7 280 275.6 271.3 266.7 260.9 259.4 251.9 243.2 235 225.9 210.1 211.7 219.6 217 219.5 220.5 225.4 231.1 233.5 235.3 234.8 232.9 234.6 235 231 234.7 233.9 241.1 243.6 246.6 249.3 251.9 255.3 259.7 262.4 264.1 264.1 264.9 265.4 263.9 259.1 253.4 245.4 238.3 230.1 218.1 207 192.6 180.7 171 163.7 157.2
353.2 341.7 338.6 337.7 335.3 330 324.7 320.1 316.3 313.8 311.8 310 307.9 306.8 304.2 302.2 300.1 298.4 296.9 295.6 293.5 293.1 291.6 288.4 284.7 281.8 279.5 275.4 270.6 266.6 261.1 254.4 253.1 245 238.4 229.4 219.3 211.6 205.3 204.1 204 210.2 212.3 215.8 214 217.9 220.6 223.2 226.2 226 218.5 225.1 224.8 226.3 226.6 230.4 234.1 237.9 241 243.3 246.5 248 251.1 256 257.7 257.5 255.3 252 245.5 240 231.5 223.8 213.3 201.6 188.7 177 170.4 162.4
353.5 347.4 341.7 337.4 334.1 332.6 326.5 321 317.4 315.1 313 311.9 311.4 308.9 306.6 304.8 302.5 301 299.4 297.4 294.4 292.7 290.5 288.8 285.4 281.6 278.7 275.3 271.8 269 263.7 253.2 249.7 245.8 238.4 230.1 222.4 216.5 208.2 209.9 207.4 203.7 201.6 200.6 200.7 205 209.1 213.8 216 216.5 208.3 211.8 212 211.5 212.4 215.1 218.9 222.6 226.2 228.8 230.6 234.3 237.5 242.8 246.7 248.9 248.9 247.7 244.3 241.5 235.8 228.7 217.5 205.8 194.9 186 174.8 159.9
347.9 346.8 342.1 337 331.7 330.9 327.1 322.5 318.8 316.1 314.6 313.7 313 311.2 309.8 307.4 305 303.5 301.7 299.6 296.3 291.9 290.3 288.8 285.7 282.4 279.3 275.5 271.8 268.3 257.1 261.9 257.1 245.8 231.6 226.7 221.1 213.7 212.5 213.5 211.5 209 204.3 202.5 199.6 198 198.1 198.2 203.3 202.8 196.7 202 200.6 197.8 197.9 200.1 204.9 210.8 216 217.8 219.3 221 225.7 230.7 234.2 236.8 238.9 239.9 240.5 239.4 235.5 229.9 220 208.5 198.2 188.1 173.2 160.7
344.9 340.7 339.4 335.5 332 328.4 326.4 323.7 320.3 318.1 316.6 315.6 315.6 314 312 309.7 309 308.3 303.7 302.3 299.6 295 292.3 289.6 286.6 283.3 280.2 276.4 270.6 263.3 267.6 265 259.9 252 237.7 225.1 226.3 225.5 220.5 220.5 218.9 216.7 214.3 213.3 208.8 204.8 201.3 197.6 194.2 194.4 194.3 193 190.3 190.7 189.4 188.4 188.8 198.2 202.9 205.9 209 209.2 213.2 218.2 221.1 223.8 227.5 231.1 233.3 234.2 232.7 229.2 220.5 209.6 201.8 194.9 181.3 166.8
339.1 336.2 334.2 332.4 329.8 327.5 325.8 323.7 322 320.2 318.6 319.1 319.1 317.1 314.6 312.8 311.9 312.5 311.9 303.6 301.5 297.2 293.4 290.8 287.6 284.2 281.1 276.8 272.1 273.4 273.1 270.3 265.4 256.9 242.7 229.2 232.7 228.8 226 229.8 226.4 223.1 221.5 223.4 220 216.1 212.1 207.7 201.7 198.8 197.4 191.9 197.9 198 193.7 189.4 186.8 185.3 188.4 192.2 190 197.5 200.4 204 206.9 210.1 214.9 219.2 223.6 225.9 226.6 224.4 218.2 211.7 205 198.7 185.9 171.4
333.6 331 329.2 327.6 326.9 325.7 323.8 321.9 320.8 320.2 320 322.2 322.8 320.8 317.5 314.9 313.7 312.4 311.3 308.3 302.7 299.5 295 291.6 288.2 284.7 281.3 276.9 276.6 278.6 278.3 276.3 271.2 261.2 248.8 240.5 233.2 233.6 238 238.8 241.8 242.3 240.1 236.8 232.4 227.7 223 216.1 211.9 207.9 206.2 205.8 205.7 206.3 202.3 198.3 194.3 189.5 186.6 186.1 178.8 185.5 187.8 188.3 190 193.3 199.7 204.4 209.8 213.5 214.9 215.6 214.1 211 205.8 199.6 190 180.4
325.5 324.5 323.7 323 322.4 322.8 321.9 319.6 318.2 319 321.1 323.6 324.7 322.7 320 317 314.9 313.3 311.7 309.1 305.1 301.6 297.1 292.8 289.4 286.1 281.5 276 280.8 281.6 281.5 280.5 275.7 269.8 260.2 255.7 240.7 249.5 252.5 256.3 258.9 259.3 255.4 250.5 245.5 239.8 231.5 226.2 222.7 219.2 216.7 215.2 214.2 213.2 210.6 206.9 201.9 197.9 196.1 196.4 187.1 175.1 172.9 171.1 175 175.5 182.3 188.6 194.3 199.2 202.5 203.9 204.3 204.7 203.1 199.9 194.7 186.7
317.6 318.8 318.4 318.1 318 317.9 318.6 317.5 317.1 321.1 324.1 326 325.8 323.4 320.5 318.4 316.8 314.8 313 310.4 307.1 303.6 299.2 294.9 291.6 287.9 282.8 280.2 285.2 285.5 285.6 284.1 283.2 277.8 271.9 269.3 244.2 266 268.5 271.8 271.8 270.4 267.4 262.8 257.2 248.6 241.4 237.9 233.7 229.5 226.7 223.7 221.2 220.4 219.6 216.8 213.8 211.1 209.4 207.1 199.6 191.9 189.8 181.4 177.7 172.5 166.8 175.7 181.9 186.7 190.5 193.3 193.7 194.6 195.8 199.4 200.9 192.3
313.7 315.8 315.8 315.2 314.4 313.4 314.2 314.6 316.3 320.8 324.9 327.7 327.7 324.8 322.1 318.7 317.4 314.9 313.6 310.7 307.7 305.1 301.1 296.7 293.8 289.6 283 287.3 289.8 289.9 290 290.7 290.5 284.1 279.6 256.8 272 283.4 283.8 283.4 283.3 280.8 277.8 273.6 268.6 260.3 253.4 249.1 242.4 236.9 233.3 230.7 228.1 228.4 228.5 227.9 227 226.6 225.2 223.6 218 211.9 204.7 194.4 187.7 182.1 176 167.2 168 171 178.1 180.3 180.8 180.2 183.6 191.3 199.3 197.8
309.7 311.9 312.6 312 311.4 311.2 309.9 313 315.5 320 323.3 327.2 327 325.6 322.4 319.5 316.4 314.5 313.4 310.6 307.8 306 303.1 298.7 295.1 291.6 286.1 291.6 293.4 293.5 294.9 295.7 296.2 292 287.7 280.7 293.6 295.5 295.3 295.2 293.7 291.4 288.3 284 277.9 271.4 265 258.4 251 244.8 241.2 237.5 235.3 236.6 238 237.8 240.4 240.5 239.8 238.6 234 228.9 220.5 207.8 198.6 192.5 180.5 173.2 168.7 162.7 163.2 162.4 160.1 158.7 160.4 173.6 182.5 188.7
310.6 305.4 307.4 309 309.2 311.4 308.2 312.5 314.8 316.4 321.2 325.7 326.7 326 323 319.9 316.7 313.6 311.7 310.2 308.8 306.8 303.8 300.6 297.5 294.1 293.8 296.1 298.1 298.7 299.2 300.3 300.6 300.3 299.2 300.9 304.1 306.6 306.6 306.3 304.2 301.7 298.5 295.2 288.5 281.8 274.7 267.8 260 254.7 251 248.4 249 250.6 251 251.4 252.3 251.6 249.1 246.3 242.7 237.6 230.3 218.9 210.1 201.5 194.1 188.8 183.9 180 176.8 172.9 169.3 167.6 161.2 157.5 161.8 174.5
315 311.5 306.4 304.9 307.9 306.9 306.2 308.5 309.3 315.6 321.7 325.5 326.5 325.9 323.1 319.8 317.1 314 311.9 310.7 309.5 307.4 304.4 302.1 299.9 296.4 297.3 300.2 302.7 303.9 304.5 304.6 305.1 305.5 307 310.8 314.4 317.5 317.2 315.9 313.1 310.6 308.2 304.3 297.9 291.6 284.2 278.1 273.1 268.5 265.2 263.1 264.2 263.6 262.8 261.9 259.4 257.2 254.4 252.2 250.8 245.3 237.4 228.7 218.7 215.8 208.9 201.7 199.2 195 192.2 185.2 183.3 179.3 170.6 163.9 157.4 153.6
326.8 320.3 313.3 306.3 303.2 305 304.9 302.8 307.8 315.8 322.4 323.8 324 323.8 322 319.8 317.6 314.6 312.2 311 309.7 307.9 306.3 304.2 301.4 298.3 300.9 304.1 306.6 309.1 309.4 309.5 309.4 310.6 314.4 320.5 324.1 326.7 325.9 323.6 320.7 317.8 314.4 310.8 306.6 301.9 295.1 290 287.2 284.3 280.5 276 273.2 272.6 273.5 271.7 266.9 262.8 260 260.1 257.9 253.7 246 238 230.5 230.1 222.8 219.5 217.8 212.2 204.8 200.7 195.2 191.5 181.1 170.4 165.6 157.7
333.6 323.1 315.6 311 307.7 302.9 299.7 301.6 304.5 311.3 317.6 320.7 322.3 322.1 321.1 319.7 317.5 315.1 312.9 311.5 310.5 309.5 308.1 305.7 303.2 299.7 304.2 307.9 310.4 312.4 313.4 314.1 314.4 317 321.9 327.5 330.8 332.9 331.3 329.5 327.7 323.9 319.6 316.1 312.5 309.3 303.3 298 295.3 292.5 287.7 283.4 280.8 279.6 281.4 281.2 274.8 269.8 268.9 267 264.4 260.8 255 247 242.9 242.3 239.7 237.1 234.1 229.7 222.5 214.9 206.5 201.1 194.1 183.7 170.7 165.5
342.6 331.9 321.3 315.1 309.7 306.9 302.8 296.9 300.1 304.6 309.8 316.5 318.5 319 319.7 318.7 316.6 315.5 313.9 312.3 311.2 310.2 308.8 307.8 305.8 305.3 308.4 311.4 314 315.8 317.3 318.4 320.4 322.7 327.9 332.4 335.4 335.6 334.7 334 331.7 327.8 323.2 319 316 313.4 309.6 305.3 299.9 294.8 291.1 287.2 285.2 283.4 284.4 284.8 279.7 275.1 274.4 272 268.3 264.8 260 256.3 252.5 251.8 252.7 251.3 249.4 245.1 238.2 229.8 219.2 210.9 203.1 193 181.2 171.7
352.3 340.5 328.2 318.6 311.7 308.3 305.1 301.3 296.1 298.9 303.1 309.9 314.5 316.4 316.7 316.5 316.1 315 313.9 313.1 312.1 311 309.9 310.1 309.2 309.1 311.7 314.1 317 319.1 322.7 325.3 327.1 329.1 332.3 335.8 337.9 337.1 336.2 335.1 332.6 328.8 324.5 319.5 316.6 315.2 312.7 310.3 303.2 297.1 292.2 288.9 287.7 284.3 282.3 282.6 280 278 277 274.6 271.2 269.8 267.8 264.9 261.6 258.6 259.2 259.5 260.9 259.2 253.9 245.2 232.8 218.5 208.2 199.6 189.7 180.8
358.9 347.1 333.9 322.9 315.7 310.1 305.4 299.5 296.6 293.7 298.5 303.7 307.9 315.2 315.2 315.3 315.7 314.5 314 313.6 313 311.9 312 312.5 312.1 312.2 314.3 316.5 320.3 324 328.1 332.3 334.3 336.3 337 338.5 339.7 339.1 337.6 335.4 332 328.1 323.5 319.1 315.5 314.4 312.4 310.7 306.5 299.1 292.6 288.5 286.3 283.3 280.4 279.3 279 277.8 276.2 274.1 273.9 274 273.1 271.8 269.1 266 263.5 263.7 268.5 270.1 266.5 256.2 242.2 227 211.1 205 195.5 186.6
361.5 350.6 339.3 328.9 320.6 309.3 304.3 302.4 299.2 296.9 292 298.3 302.5 307.7 311.5 312.9 313.6 313.4 313.4 313.4 313.4 312.4 313.4 314.4 314.7 315.4 317.2 320.3 325.2 329.9 334.6 338.9 341.3 341.7 341.7 342.1 341.8 340.5 338.3 335.7 332.3 328.5 323.1 318.2 312.2 309.8 308 305.2 303.4 298.7 292.2 287.1 282.5 279.4 276.5 274 273.3 273.2 273.1 273.1 274 274.5 274.2 275.3 274.5 270.7 266.2 263.5 268.2 272.7 268.9 258.1 245.3 229.8 215.7 206.8 196.3 184.6
363.7 352.7 343.6 329.7 322.5 309.8 306.4 304.1 299.8 296.9 293.6 293.2 299.4 302.3 306.2 309.4 310.7 311.3 311.7 312.5 312.9 313.2 314.5 315.9 316.9 318.1 319.5 323.4 329.1 335.3 340.2 344.8 346.6 346.8 346.2 344.4 343 340.7 337.6 334.5 331.5 328.5 324.1 316.8 309.3 304.6 301.3 298 295.4 292.6 288.1 282.8 277.7 273.5 270.2 266.8 265.3 266.7 266.9 268.4 270 270.4 271.1 272.5 274.3 271.5 268.1 265.4 262.3 266.4 265.7 257.4 242.7 228.2 216.1 205.9 195.7 179.2
364.5 355.5 345 334.2 325.7 317.6 310.6 305.5 300.2 297.7 294.5 289.8 296 298.8 301.3 304.8 308.1 308.7 309.8 311.1 311.7 313.3 315.3 317 319 320.6 322.5 326.3 331.7 338.5 345.5 349.6 351 350 347.4 345.1 342.6 339.6 336.4 333.3 330.2 327.1 323.1 314.7 306.4 300.7 296.3 292.5 288.6 285.7 281 276.5 272 265.7 261.2 257.1 255 256.7 259.1 261.3 262 263.9 265.5 267 268.6 268.7 267 267 262.3 256.6 257.9 253.8 241.3 228.3 216.4 206.3 189.1 178.6
367 358.2 346.2 336.5 327.9 319.1 314.7 310.1 302.9 298.5 294.2 291.9 290 294.7 297.3 299.9 303.5 306.5 308.3 309.4 311.3 313.6 315.8 318 319.8 321.8 324.2 328.7 334.4 342.6 350.2 353.6 353.3 351.3 348 344.7 341.5 338.5 335.3 332.2 328.7 324.9 319.6 312 304.5 297.6 292 286.7 282.2 278.2 274.2 270.8 266.2 260.5 252.7 251.1 247.7 243.4 249.6 253.6 254.5 255.1 256.8 258.5 260.9 262.2 262.5 263.6 262 256.1 247.5 246.2 237.9 224.9 212.9 197 187.2 177.9
366.8 357.9 349 341.3 331.5 323.3 316.2 312.3 308.5 299.4 296.9 294.4 286.1 290.9 293.8 296.8 299.4 302.3 306 308 310.1 313.4 315.9 318.3 320.3 322.7 326 331 337.5 346.7 354.3 356.7 354.8 351.9 348.7 344.7 340.2 336.7 333.7 331.2 326.5 321.8 315.7 309.5 302.6 296 289.6 283.3 274.9 272.7 270.4 266 262.5 263.2 264.1 262 259.3 254.6 244.2 235.5 246 247.1 247.6 249 251.2 253.7 255.6 256.8 257 254.3 246.9 240.1 233.2 220.3 206.1 194.2 185.6 175.9
367.5 359.4 350.9 343.9 336.4 329.8 322.7 314.5 307.8 302 300.5 296.4 292.1 289.4 289.5 293.9 296 298.2 302.2 306.3 308.3 312.9 315.3 317.6 320.9 324.6 328.7 333.6 340.6 351.6 357.5 357.3 356.1 353.8 349.9 344.5 339.7 336 331.9 328.6 324.7 319 312.9 307.2 301.5 295.3 287.2 284.9 282 280.3 279 277.2 275.8 274.5 273 270.5 268.1 263.7 254.5 240.5 235.5 240.4 239.6 239.3 241.1 243.5 245.2 247 248.6 248.2 243.6 236.9 228.9 218.3 205.8 195.2 185.5 177.3
369.4 359.7 351.6 345.4 338.4 332.7 324.6 315.8 308.5 302.5 298.3 294.5 292.8 286.3 283.9 289.4 293.7 295 298.4 303.1 306.2 310.3 312.8 315 321.6 327.8 332.3 336.4 343.2 351.3 356.1 357.4 356.6 355.7 353.7 347.5 341.2 336.2 331.3 326.9 320.4 315 310.1 303.9 303.3 297.3 293.9 290.2 289.4 288 286.7 285.8 284.7 283.5 281 278.4 276.4 272.7 264.5 252.7 237.4 226.9 232 230 229.9 231.3 233.4 235.8 238.5 239.7 239 234.4 226 216.4 206.1 195.1 185.4 178.1
372.6 360.6 348.9 344.6 338.5 333.2 326 321 313.8 308.9 303.5 297 288.3 284.4 283.3 284.6 291.7 292.3 294.8 298.7 303.7 306.8 309.1 315 322.8 330.6 336.5 340.4 344 347.8 352.6 355.5 355.9 354.8 353.1 349.9 343.9 338.4 333 328.2 323.2 317.8 313.3 309.9 307 302.3 299.7 298.4 297 295.6 294.2 293.7 293.3 291.5 288.4 285.2 282.5 279.2 273.6 262.9 248.8 233.8 223.9 217.5 218.6 219.6 221.6 224.3 227.2 230.3 231.8 229 222.4 214.5 206.9 198.9 188.3 179.6
378.5 366.8 356.9 347.7 340.2 331 324.2 319.7 314.5 309.7 303.5 296.7 292.9 289.1 280.8 282.4 288.3 290 292.1 294.9 299.7 304.1 306.7 315.5 323.6 331.8 339.1 342 344.1 346.9 350.5 352.4 353.7 353.1 351.9 349.5 345.8 341.9 337 330.6 325 320.1 315.9 312.1 309.3 307.7 305.6 304.2 303.9 301.8 300.5 301.3 300.8 297.5 293.4 290.7 288.2 285.7 280.8 272 261.2 246.4 232.8 225.2 217.8 210.2 211.9 213.7 216.4 219.8 223 223 218.4 212.4 204.9 198 189.4 181.7
381.3 371.9 361.6 353.3 344.1 334.7 327.9 320 314.9 309.3 303.9 302.1 296.6 293.4 288.8 280.3 286.9 288.7 290.3 292.4 294.8 302.2 308 317.3 323.8 331.3 338.4 343.1 345.6 347.5 348.8 350.4 351 351.4 350.1 348.2 346.2 344.1 340.5 335 327.8 322.5 318.4 314.3 312.2 310.8 309.1 307.3 307.1 306.3 306.6 307.3 305.3 301.2 294.9 292.2 293.4 292.5 287.3 279.1 270 257.3 242.5 234.2 226.8 217.2 205.8 205.4 208.3 210.7 213.8 214.9 213.4 209.4 201.8 195.3 189.2 182.2
382.9 374 363.9 354.3 345.3 335.1 327.8 321.2 316 310.2 305.8 302.7 299.7 295.9 291.9 277.5 286 287.2 287 291.5 297.8 305.4 311.8 319.8 325 332.8 338.3 343 345.8 347.7 349 349.4 349.7 349.7 350.3 349.1 346.7 344.6 341.5 336.3 330.7 324.9 319.7 316.2 313.5 310.8 308.3 307.7 307.9 308.4 306.8 306.4 306.6 301 294.1 291.4 296.7 296.1 291 283.3 274.5 263.9 254.3 245.9 236.2 225.1 214.3 201.5 198.9 201.5 204.3 206.7 207.3 204.9 198.8 192.7 186.7 180.7
380.8 374.7 364.5 354.8 345.1 335.3 327 319.8 314.7 309.3 304.6 300.3 298.3 295.3 291.8 281.7 279.4 285.5 284.2 291.3 301 308.9 317.1 321.3 325.8 334.9 340.6 344.1 346.4 348 349.4 349.1 348.5 348.7 350.1 351 346.6 343.3 339.2 335.5 330.4 325.1 319.1 315.2 311.9 308.5 306.2 304.4 304.8 305.7 303.9 301.3 300.6 298.5 292.2 288.6 294.1 296.3 292.7 284.8 276 266.6 261.5 256 248.1 234.1 218.8 208.5 200.4 193 195.1 199.6 201.5 199.2 195.6 189.7 183.9 178.2
377.3 371.8 364.6 354.5 343.8 334.4 325.8 318.9 313 307.3 302.5 298.2 295.1 293.6 290.7 282.7 272.6 281.2 280.3 288.4 298.9 310.2 320.3 326 331.1 337.8 344.1 349.7 352.1 350.5 349.7 349.4 348.5 346.1 346.5 348.1 344.1 339.7 335.7 331.5 327.1 321.6 316.2 311.5 307.9 304.3 301.8 299.5 298 297.4 296.3 294.9 293.1 291.6 288.8 283.8 287.3 290.7 290.2 284.4 276.9 268.8 265.4 260.2 253.4 243.6 226.7 218.2 207.4 197 188.1 189.7 193.6 194 190.8 185.8 179.2 173.1
372.5 368.5 361 351.8 341.8 331.4 322.9 316.4 309.1 304.5 300.2 296.2 293.1 291.1 288.7 284.1 274 273.8 275.5 285.1 295.9 309.6 321.9 331 336.4 342 350.1 357.4 359.5 357.8 353.7 349.6 348.7 345.2 342.2 341.1 339.7 336.6 332 326.9 321.9 316.6 312 307.1 302.4 298.3 294.8 291.9 290.4 288.8 287.9 287 285.5 282.8 281.1 279 278.9 283.4 285.2 281.9 275.4 268.6 264.4 260.4 254.2 246.7 234.6 221.6 211.1 197.9 188.1 182 184.9 187.6 186.5 182.4 176 168.9
367.5 365 357.2 346.9 335.2 324.9 312.1 310.6 307.1 299.7 296.8 293.3 288.8 286 287.3 285 281.6 277.7 269.5 281.4 290.7 302.6 317.5 332.5 338.7 345.1 354.3 360.9 364.3 363.8 358.1 351 348.1 345.1 341.5 337.6 334.2 332.3 327.6 321.8 316.1 311 306.7 303.5 298.2 290.2 285.6 283.4 281.7 280.1 278.5 277.4 276.6 273.9 272.1 272.3 270.6 273.2 277.1 277.5 271.9 267 262.6 258.3 252.9 246.1 236.8 225 213.1 199 187.3 179.3 178.6 180.9 181.7 179 174.4 167.2
