public/OST50/NS81.asc
ncols 200
nrows 200
xllcorner 280000
yllcorner 610000
cellsize 50
[rows 35 to 69 of 200, columns 78 to 155 of 200]
336.9 343 347.9 352.6 356.5 361.3 367.9 371.8 378.8 385.7 391.2 399.3 404.3 407.3 409.3 411.3 407.7 402.8 394.1 384.1 374.1 365.3 358.3 349.8 342.7 334.3 325.8 321.3 315 309.3 309.4 314.9 327.4 338 348.3 358.3 368.2 378.1 381.6 383.3 385.1 384.2 381.8 377.7 370.3 362.4 353.5 340.7 328 320.9 331.3 345 360.7 374.9 388.8 401.4 411.9 422.9 429.8 433.3 435.7 436.3 437.3 438.8 440.5 439.7 438.2 433.2 424.5 417 418.7 423 421.7 420.5 418.2 411.8 403.7 388.8
324 332.5 337.8 339.2 342.8 347.7 351.7 354.3 362.8 372.2 381.6 393 402.5 407.5 410.2 412.1 409.9 407.2 400 392.2 382.3 373.4 364.9 356 346.7 338.6 330.1 322.9 317.5 313.4 311.3 318.3 331.7 342.7 353.3 363.6 375.6 384.4 388.8 390.3 391.7 391.4 387.6 384 374.8 366.8 357.7 346 334.6 322.4 329 343.5 357.2 370.9 384.8 399.3 408.4 421.5 428.8 434.7 438.3 441.5 443.4 445.2 446.5 445.9 444.2 439.3 429.5 420.2 425.2 429.5 429.3 426.6 424 417.9 407.4 395.3
310.2 319.6 319.9 327.9 330.7 339 339.9 349.5 350.3 359.1 370.8 388.3 398.7 406.3 411.7 414.2 413 410.1 404.1 396.1 388.1 379.9 369.3 359 350.7 342.5 333.8 324.8 319.1 315.1 313.2 319.7 332.9 345.3 355.8 369 382.6 389.7 395.3 397.7 399.1 397.7 393.7 388.4 379.2 370.5 362.1 349.7 336.6 326.3 328.2 340.6 354.1 367.8 381.4 394.9 406.3 416.6 427.1 433.9 440.4 445 448.5 451.7 453 452.8 451.4 447.5 439.6 432.9 435.1 437.1 434.9 431.9 429 421.5 412.4 400.2
310.1 321.6 326.7 334.5 342.6 348.8 353.3 357.1 360.9 365.3 368.4 380.8 397.1 405.6 413.8 416.7 415 410.6 405.9 399.2 389.3 379 368.6 359.3 350.8 344.3 336.2 327.1 320.2 313.6 309.5 319.3 331.6 345.2 358 374.6 386.5 394.2 400.9 404.6 404.8 401.4 398.1 392.8 384.2 375.9 366.5 353.8 340.9 327.4 327.3 338.2 351.5 364.8 377.9 390.5 403.2 413.5 423.8 431.7 440.8 447.8 452.9 457.5 460.5 461.4 458.9 455.5 450.2 445.6 444.2 442.9 440.7 437.5 432.8 424.1 414.7 403.7
309.7 324.6 336.2 343.6 351.7 359.3 364.6 369.8 374.2 379.3 384.3 394 403.6 409.8 415.4 418.3 415.5 410.7 405.8 396.6 386.5 376.4 366 357.1 349.7 344.3 335 326.6 319.4 313.1 311.4 321.7 335 348 359.1 375.8 387.1 396.9 404.3 406.8 409.4 406.2 401.7 396.7 389.1 381.4 371.6 359.3 346.1 332.8 325.7 336.1 349.3 360.8 372.7 385.6 398.9 410.1 420.7 429.9 439.9 448.3 456.7 462.9 466.8 469.3 467.2 465.5 461.5 456.7 453.6 450.5 446.1 440.3 434.3 426 415.9 402.9
316.7 331.6 342.2 352.1 359.8 365.9 371.2 377.6 384 389 394.4 402.9 409.8 414.5 418.3 418.5 414.7 409.6 402.1 393.9 383.7 373.5 363.5 354.6 347.7 340.8 331.9 324.8 319.3 314.3 311.4 320.8 336.8 349.4 358.7 372.6 385.5 394 402.2 408.5 410.6 409.7 405.4 400.2 394 387.1 378 363.9 350.7 338.8 330.5 333.6 345.1 356.2 368.5 381.9 394.5 406.2 417.3 428.3 437.9 449.9 458.9 466.7 472.9 475.8 476.9 475.6 471.8 465.6 461.8 456.7 449.8 443 434.5 426.5 414.5 401.5
320.1 331.5 345.5 355.5 364.3 372.5 377.6 383.8 389.5 396.5 402.8 409.8 415.1 419.9 420.7 419.1 413.3 405.8 397.9 389.9 381.1 370.9 360.8 354.3 346.2 337.7 329.9 324.9 320 315.2 313.7 317.9 330.9 344 356 369.3 381.4 391.2 399 406.3 410.2 411.2 409 403.7 397.4 390.5 382.8 369.2 354.5 343.7 336.8 330.6 341.1 353.7 365.7 379.2 392.9 405.1 415.5 426.4 437.4 449.7 461 469.3 476.8 481.5 484 483.1 479.2 474.6 467.4 460.7 453.4 444.1 433.5 422.8 411.3 396.1
331.2 329.8 339.8 353.7 365.9 373.4 381.2 387.6 394.4 399.9 406.9 413.4 418.2 423 422.8 420 413.2 404 394.7 385.7 377.8 368.3 361.4 353.2 344.8 336.5 330.7 325.5 319.2 317.3 316.1 314.2 321 333.3 348.1 364.3 375.7 387.5 394.6 402.1 408 411.2 410.6 406.9 400.5 393.6 385.9 373.7 359.2 348.8 342.4 335.4 340.5 352.5 364 377.5 390.5 401.9 412.7 424.5 436.6 448.1 459.4 468.9 477.1 485.2 488.6 489.2 484.5 479.7 472.9 466 454.8 444.3 432.6 419.9 406.6 384.8
336.2 332.5 337.1 347.9 359.6 371.1 379.1 386.5 394.1 400.7 408.1 414 418.5 421.9 422.5 419.6 412.8 404.1 394.9 386.1 376.6 366.9 359.6 351.6 343 332.8 330.8 326.8 323.9 320.8 319.1 315.7 315.9 323.2 336.8 352.9 368.7 380.7 390 397.6 404.4 409.5 411 407.1 402.1 396.5 388.2 378.3 365.3 353.5 346.5 340.2 335.8 348.1 362.4 373.7 385.5 398.1 407.9 419.5 431.4 443.9 456.6 467.4 476.2 484.4 491 493.1 489.3 483.7 476 468 454.9 443.5 428.3 415 401.1 379.6
345.3 342.3 339.3 340 350.3 361.7 372 381.1 389.5 398 406.3 412 417.8 421.4 420.9 418.9 411.5 403.2 394.5 385.8 375.9 365 357.4 350.1 344.3 339.9 334 329.4 326.4 324.6 324.7 319.3 316.1 317.9 324.6 341.5 359 373.1 384.1 393.2 400.4 407.1 410 409.2 404.2 398.6 391.1 382.3 369.4 361.4 354.5 347.6 340 343.6 357.1 367.5 380.5 393.3 403.2 413.6 425.1 437.8 450.7 462.9 473.2 482.8 489.5 492.5 490.9 485.4 477.6 467.7 456.1 436.6 416.6 401.8 391.3 383.3
352.6 347.6 343.7 345.7 347.8 352.5 362.9 371.9 382.3 393.2 403 409.6 416.2 420.9 419.3 418.2 410.3 402.1 392.5 381.9 370.1 364.6 360.3 355.9 348.9 343.5 337.5 331.7 329.6 329 328.8 327.2 323.2 317.8 320.6 331.3 350.2 364.8 376.4 388.2 396.6 403.8 409.6 408.6 406.3 399.5 393.1 385.3 376.3 369 361 354.3 346.9 341.8 350.1 359.9 373.7 384.8 394.6 406.3 417.6 431.6 442.9 454 466.2 475.8 485.2 489.5 489 485.5 478.7 470.1 459.1 447.3 426.1 410.1 396.7 387.5
366.7 358.4 352.8 352.8 351.7 353.9 354.5 363.9 375.4 387.6 400.2 406.8 414.2 419.5 420.9 417.4 410.3 403.2 388.9 383.9 375.7 371.9 364.5 357.9 351.8 345.8 340.5 335.3 333.6 334.5 333.9 333.5 331.2 321.5 318.5 321.3 341.1 356.8 369.5 382.3 392.7 399.8 407 408.4 406.9 402.7 396.2 389.2 381.2 373.2 367.2 360.5 353.1 347.7 342.9 352.7 365.7 376 385.9 397.2 408.6 420.9 432.1 443.3 457.3 470 478.4 484.9 486.3 483.8 478.1 472.2 461.4 449.4 431.7 413.6 398.7 391
383.7 375.4 369.2 361.3 360.3 362.5 360.8 364 370 382.4 395.7 405.5 413 418.6 420.1 417 409.8 403.1 395.8 390.9 386 377.8 369.3 362.2 353.9 348 343.1 340.7 340.3 340.9 340.3 339.8 336.8 331 320.3 321.5 331.1 350.9 363.8 376.6 388.9 396.1 404.2 408.7 407.2 403 398.7 393.5 385.5 379.7 373.9 366.7 360.1 353.9 349.9 347.9 357.9 367.1 377.6 387.2 399.7 412.1 423.2 434.6 446.7 462.4 471.6 478.4 481.9 481.1 477.8 472.1 463.9 451.6 435.5 417.5 403.8 394.5
396.6 390.6 383.6 378.4 373.9 370.7 369.6 369.8 373.7 382.7 392.3 405.6 412.4 416.5 419 418.5 416 412 405.4 400.2 394.7 385.4 375.5 367.9 359.6 352.7 349.5 348.3 347.3 347.4 347.1 345.8 343.3 337.4 330.1 320.8 321.7 340.6 358.1 370.9 383.7 392.6 401.5 408.1 407.5 403.8 402.5 398 392.2 386.4 380.4 373.3 367.1 360.9 355.2 349.3 349.4 358.5 369 377.3 387.7 403 415 428.4 439.7 450.2 462.3 471.8 475.6 477.5 474.9 471.5 463.7 452.7 438.8 423.7 410.1 397.7
404.1 399.6 394.7 389.6 385 381.4 381.2 380.9 374 384.5 393.4 404.6 412.8 416.9 419.2 420.1 418.3 417.1 413.8 408.5 403.2 394 384.3 374.9 366.3 359.3 357.4 356.1 354.9 354.5 353.5 351.6 349.8 342 334.4 325.6 321.3 334.4 352 365.6 378.4 389 398.8 405.4 410 409.7 406.6 403.1 398.9 393.1 386.6 380.3 374 367.1 360.3 354.2 350.2 350.5 360.2 368.2 381.5 392.6 408.3 420.9 431.4 441 452 463.6 467.6 471.6 472.9 470.1 462.7 452.5 438.9 426.3 412.6 403.8
402.5 401.6 399.2 394.9 393.8 391.5 390.6 389.6 388.4 390.3 397.8 405.8 412.9 417.5 421.5 423.1 423.9 423.9 421.2 415.8 410.3 401.5 393.1 382.6 372.1 367.9 366 364.6 363.8 363.1 362.2 360.7 356.2 348 339 329.5 322.7 327.6 344.7 360.9 374 385.8 396.1 403.2 409.5 411.8 410.5 406.9 404 399.8 393.5 386.7 379.9 372.7 365.7 359.5 355.3 351.1 352.9 363 376.4 387.2 400.9 413.1 425.1 434.3 442.8 452.8 460.6 465.5 468 466 458.2 446.2 434.2 423.2 412.9 412
395.7 396.1 397.8 397.2 395.6 397 394.2 394 396.6 399.3 402.3 408.6 414.1 419.3 424.2 426.8 427.5 428.2 427.3 422.8 416.5 408.1 398.6 388.1 378.8 376.4 374.5 373.5 372.6 371.7 370.5 366.6 362.3 353 343.3 333.9 323.3 324.7 338.6 357 371.5 382.8 393 400.2 406.5 410.4 411.1 410.8 407.7 404 399 392.2 385.3 378 371.2 366.1 364.1 358.1 351.6 358.2 370.2 381.4 392.6 404.6 416.8 427.9 435.7 443.5 450.5 457.2 459.2 454 445.8 434.6 427.3 421.5 419.3 424.3
385.9 388.6 389.8 392.1 391.3 393.6 394.9 397.6 400.2 402.4 405.4 409.7 414.9 420.2 425.4 429.8 431.1 431.8 430.4 426.5 420.4 412.3 403.7 394.4 386.8 385 383.2 382.3 381.5 380.2 376.8 372.2 367 358.4 349.1 339.9 324.9 326.8 332.8 350.7 367.9 379.7 388.1 395.3 402.9 409.3 411.3 411.1 409.4 405.7 402.6 396.4 389.8 383.2 376.9 373.3 369.8 364.6 359.5 353.6 361.8 373.6 385 397 409 420 427.7 432.8 439.6 445 442 436.2 432 427.5 427.2 425.6 431.6 439.1
375 378.5 381.6 383.6 386.8 388.9 390 395.5 399.9 402.5 405.8 410.6 415.7 420.9 425.9 429.8 432 432.3 430.9 427.6 422.4 416.9 409.7 402.7 394.9 392.7 390.6 389.7 388.9 386.1 382.4 378 370.8 363.1 353.9 344.4 335.7 325.9 329.8 345.4 361.5 373.9 383.1 390.5 398.2 405.6 408.7 410.6 409.8 407.7 404.7 400 393.8 388.6 383.5 379.8 375 370.1 365.1 360.2 354.5 366.1 377.4 388.9 399.1 408.3 416.5 423.9 428.7 430.2 425 422.9 423.1 428.2 432.4 439.5 447.1 451.4
363.9 367.2 371.4 375 378.6 383.1 384.9 390.4 395.9 400.9 405.9 410.7 415.9 421.1 426.1 428.8 429.3 430.4 430.7 428 423.4 418.6 414.3 409.5 404.1 399.5 397.3 395.9 394.2 391.6 387.7 381.7 373.9 366.5 357.8 348.6 339.5 330.2 327.2 343.2 356.2 367.9 378.2 385.7 393.5 400.6 404.9 409.1 410 409.6 406.8 403.5 399 394 389.9 385 380.2 375.3 370.5 365.2 358 358.7 367.7 378.7 389.1 396 403.1 411.2 416.8 413.1 410.7 415.5 427.6 437.8 447.2 454.7 459.8 462.7
352.3 356.1 360.6 365.3 370.5 374.6 379.7 386.3 392.8 398.9 404.5 409.1 414.6 420.1 421.3 424.5 426 425.6 425.3 424.8 422.1 420.6 416.6 412.4 408.3 405.1 403.1 399.8 396.8 394.1 390.4 384.3 377.1 369.8 361.8 352.7 343.3 333.7 328.2 338.6 350.9 361.4 372 379.9 386.1 393.4 400.5 405.6 407.4 410 409.6 406.7 403.7 399.9 395.1 390.2 385.3 380.4 375.5 369.7 362.8 362.1 359.4 367.4 378.5 385.5 393.7 397.6 400.8 399.4 408.9 423 440.3 450.3 456.9 464.6 471.5 470.2
342.7 345.7 350.1 354.7 360.3 365.8 373.3 380.6 386.8 392.4 398.8 405.4 411.3 414.5 416.6 417.2 417.3 417.7 418.3 419 420.5 419.9 419.3 415.3 411.6 407.9 404.5 401.1 397.4 393.4 389.5 385.6 380.1 373 365.5 356.3 347 336.4 329.1 332.6 345.4 355.9 366.4 374.3 381 388.6 396.4 402.3 406.6 410.6 411.1 410 407.4 404.8 400 395.1 390.3 385.1 379.4 373.7 371 369.3 365 359.4 370.8 379.3 385 388.6 389.5 402.1 413.9 426.6 439.4 448.5 456.6 464.8 470.5 469.9
332.1 335.6 339.6 344.1 349.7 357.8 366 374 379.9 386.2 395.2 402.4 406.4 410.7 409.2 407.8 408 408.9 411.8 414.2 416.9 419.2 419.4 418.4 414.8 410.3 406.3 399.9 395.7 391.8 387.9 383.9 378.3 372.5 366.4 358.1 349.6 339.9 330.6 331.7 341 351.1 361.5 369.9 377.7 385.4 395 402.8 407.8 411.6 413.3 414.1 411.4 408.8 404.9 400.1 394.7 389 383.4 377.7 375.2 373.6 371.3 366.6 361.4 370.2 376.3 380.7 389.7 400.1 410.9 420.9 430.9 440.3 448.3 455.8 461.5 463.9
321.5 325.2 326.5 330.8 336.7 349.3 359.2 367.6 376.2 382.1 390.4 399 401.7 401.5 399.7 398.3 397.2 401.9 405.7 410 414.7 416.8 420.3 420.6 417.7 412.7 405.6 398.6 394.2 390.2 386.2 381.9 376.3 371.1 365.1 356.1 348.6 340.8 332 330.8 339.6 350.2 359.3 367.2 376.1 385.6 395.2 403.3 408.7 413.6 416.3 418 416 412.9 409.9 404.3 398.8 393.2 387.7 382.3 380 378 376.3 372.8 367.6 364.5 370.8 378.9 384.4 392.2 400.5 410.3 418.8 428.4 436.2 442.6 449.9 454.2
309.6 310.1 320.3 325.8 335.6 353.3 360.7 368.6 374.4 379.6 386.9 391.3 393.8 391.8 389.5 387.5 384.2 389.6 398.4 406.2 411.6 416.6 420.2 422.8 419.9 413.8 405.8 397.3 392.7 388.7 383.5 378.3 374.1 368.6 359.9 351 342.8 338.2 336 332.2 340.5 348.7 356.8 366.4 376.5 386.1 394.5 403 410.3 415.3 419.7 422 421.3 418.8 414.2 408.9 403.4 397.8 392.3 388 385.7 383.4 381.1 378.8 373.3 367.9 367.5 370.9 375.9 380.1 389.7 398.6 406.8 416.4 420.9 424.9 430.4 442.2
311.2 314.3 322.4 331.6 342.1 353 361.5 367.8 373 378.3 383.3 386.3 385.6 383.3 378.6 374.8 371 382.1 393.6 402.3 409.6 415.8 420.8 423.3 420 413.6 405.8 396.8 391 383.7 378.1 372.5 367.2 360.8 351.3 344.7 347.1 344.2 342.1 336.4 335.4 343.1 350.6 362 374.6 383.2 391.6 401.3 411 417.4 422.7 425.7 425.4 423.2 418.3 413.4 407.9 402.4 397.3 393.9 391.6 389.4 386.5 383.6 378.8 373.2 368 370.9 379.3 383.4 387.6 389.3 396.3 401.1 409.1 416.9 431.7 440.5
310.1 317.6 325.8 334.6 343.6 352.9 360.7 366.1 371 374.8 378.6 380.3 378.3 374.6 365.8 360.8 368.9 380 390.6 400.4 409.3 416.6 421.3 421.7 420.4 413.1 404.7 395.9 387.9 380.7 373.4 367.1 360.3 351.4 355 355 354 352.1 349.8 345.4 338.5 338.4 344.7 356.3 371 380.3 390 399.9 409.9 416.2 423.1 429.9 429.3 426.6 422.5 417.5 412.4 408 403.6 399.9 396.9 394 391 388.1 383.7 377.7 370.7 372.8 382.4 387.3 392.5 399.3 401.8 406.5 410.3 425.8 438.8 453.8
311.4 320.4 329 337.6 346.1 354 359.9 364 368.2 371.7 372.6 372.1 370.2 362.6 350.4 360 368 379.3 390.1 402.3 409.8 415.8 419.1 419.7 418 412.2 403.2 394.5 385.7 376.3 369.8 362.7 360.9 361.4 363.3 362.6 361.4 359.1 356.8 354.5 345 338 341.8 351.7 366.2 379 388.9 398.8 408.3 414.8 423 430.5 431.2 430 426.6 421.8 416.9 413.1 408.8 405.6 402.3 399.2 395.9 392.6 386 378.6 372.3 371.7 380.8 388.7 397.2 403.4 408.1 414.3 421.5 429.2 443.1 457.1
313.2 322.2 329.8 337.6 344.9 352.3 357 361.3 365.6 367.1 365.7 363.9 360.6 354.2 343.1 359.7 367.7 378.4 388.2 398.4 405 410.4 413.3 414.2 412.2 408.2 401.1 391.7 381.9 371.8 360.8 366.1 368.5 369.9 371.7 370.7 369.1 366.8 364.2 361.2 352.8 339.2 341.2 349 361.6 374.9 386.8 397.7 406.7 415.4 424.4 430 432.3 431.8 428.8 426 421.1 417.3 413.5 411.3 408.4 405 401.9 394.4 386.1 379.2 377 374.8 378.5 386.5 395.4 404.1 412.3 420.3 428.9 437.4 448.4 459
317.3 323.3 330.5 338.1 344.9 349.8 354.1 358.4 360.6 360.2 358.5 356.1 350.8 342 345 356.8 364.2 373 381.7 389 395.8 400.1 403.9 404.9 405.3 402.3 393.4 387.5 374.7 366.7 370.3 373.4 376.2 379.1 379.9 378.2 376.6 375 372.5 367.4 358.5 344.9 339.8 346.2 357.8 372.9 385.6 396.5 406.1 414.9 422.4 428.1 431.2 432.7 430.3 429.2 425.4 421.8 418.7 416.6 414 410 404.8 397.5 388.8 380.1 382 378.2 374.4 382.5 393.5 403.9 413.9 425.2 435.3 443.8 453.8 463.7
319.8 325.6 331.2 338.3 343.5 347.5 351.2 354.3 354 351.8 348.9 339.1 333.3 330.1 337 345.6 353.4 363.5 367.7 377.4 384.4 391.9 394.4 395.7 395.9 389.6 386.5 377 375 373.2 377 381 384.8 387.3 388.1 386.3 384.4 382.6 380.9 374.7 364.8 350.5 340.3 344.8 354.7 369 381.9 393.2 403.1 413.7 419.9 425.8 428.8 430.8 431.9 430.7 429.3 426.3 424.3 422.5 418.9 414.2 407.9 400.5 391.7 387.1 388.4 385.5 381.4 381.1 390.2 403.6 417.8 429 440.1 450.1 458.3 468.2
322.7 327.4 332.1 337 340.4 344.1 348.2 345.5 343.1 338.2 330.5 325 322 339.6 347.4 354.3 358.8 368.1 379.2 386.6 392.6 398.1 400.2 399 398.6 394 390.4 383.8 379.9 380.2 381.5 389.4 393.3 395.4 396.2 394.9 392.9 390.7 387.6 380.1 369.8 356.5 343.6 341.3 351.5 364.4 376.1 387.8 398.2 406.9 413.6 418.9 424.1 428.1 430.2 432.6 433.4 430.7 430.2 428.5 423.8 419.6 412.9 404.7 393.5 391.5 395 392.1 388.5 381.6 387.8 402.5 417.4 428.8 440.2 452.4 462.5 472.4
324 328.6 333.2 337 338 340.8 339.2 333.5 327.9 318.5 308.6 317.3 333.4 340.5 349.1 356.4 365.1 375.1 386 392.6 396.6 400.1 401.1 401.1 401.6 397.9 393.8 389.6 387.4 387.6 392 398.3 402.2 404.1 403.9 402.9 401.8 398.6 392.1 384.8 374.2 359.4 348.6 340.9 341.6 353.7 366.6 378.3 387.8 396.3 403.5 410.6 416.5 422.7 427.6 432.6 435.5 435.7 435.3 434.1 430.1 426.1 418.9 409.3 398.7 397.6 400.7 398.3 394.5 384.5 386.2 400.8 414.2 427.7 439.9 452 463 476.8
322.5 329 334.7 338.4 338.1 336.6 332.5 323.6 310.4 299 313.3 327.6 336.8 343.2 351.3 361.2 371.1 381.6 390.8 396.1 398.6 402.1 403.5 404 404.1 401.2 399.4 397.9 397.9 399.3 402.8 407.9 410.3 412.5 411 409.5 408.1 403.4 396.5 387.4 376.6 360.7 353.1 346.5 343.5 346.1 353.6 365.6 375.1 384 393.9 402.2 409.3 416.9 424.1 431.6 437.2 440.2 442.7 442.4 438.2 432.9 426.1 416.1 406.6 400.7 405.4 403.9 398.1 391.1 385.2 394.5 408.3 422.4 436.9 451.4 464.3 475.5
317.9 326.4 330.5 334.1 334.4 328.7 324.2 314.9 300.1 297.7 320.7 333.8 342.4 348.9 358.3 368 377.8 388.1 394.1 398.2 401.1 404.1 406.1 406.8 406.6 405.8 405.4 405 404.7 406.4 410.5 414.9 417.3 419.1 418.5 416.2 413.7 407.9 398.8 389.5 375.4 362.4 353.3 349.4 350.6 347.9 346.5 352.1 361.2 372.2 382.1 392.7 403.6 412.2 421.4 430.1 438.5 446.1 450.6 450.8 446.1 439.8 433.2 424.9 415 411.8 413 410.1 405.4 399.2 393.5 389.8 402.5 416.6 430.7 444.3 459.6 470.4
