public/OST50/NS81.asc
ncols 200
nrows 200
xllcorner 280000
yllcorner 610000
cellsize 50
[rows 140 to 174 of 200, columns 0 to 77 of 200]
292.9 290.1 286.7 284.2 284.7 284.5 284.2 284.1 285.3 286.4 287.5 288.6 296 304.1 315.5 324.5 337 350 360.9 373.3 385.4 398.8 412.9 424.5 433.6 442.9 450 457.6 465.5 473.8 481 482.3 484 481.9 479.8 479.4 480.8 481.7 480.4 478.6 473.8 465.5 456.1 444.9 430 415.6 403.3 391.9 380.6 365.6 349.5 335.2 322.9 312.7 309.7 312.2 300 300.7 310.3 310.5 309.6 314.6 315.8 314 310.9 323 331.1 336.8 342.8 348.6 352.1 355.4 362.1 365.4 365.7 363.8 361.4 352.3
297.9 295.1 291.7 286.4 284.9 284 283.1 282.1 282.8 284.3 285.7 287.8 292.8 300.2 306.9 315.9 328.1 340.1 350.1 362.6 372.5 384.7 398.5 413.2 427.6 438 446.4 454 462.1 470.1 475.6 479 478.4 479.1 479.3 478.6 478.9 482.2 481.8 479.7 474 465.4 453.3 441.4 425.9 411.2 398.6 386.1 374.3 359.2 343.4 330.7 320.4 312.3 319.8 320.6 308.2 314.8 319.6 324 326.1 327.5 328.5 325.8 321.2 321 332.4 340.4 346.4 352.5 356.7 357.5 368.4 371.9 371.7 369.3 366.9 354.3
302.9 300.1 296.8 290.8 284.5 282.9 282 281.3 281.5 283 283.6 287 291.3 295.7 300.8 307.3 318.9 331 339.5 350.4 359.6 369.3 388.7 407.9 423.9 433.4 442.8 450.5 458.3 463.6 468.8 471.9 472.3 471.5 470.8 471.8 472.7 477.1 481.7 478.6 473.2 464.9 451.9 439.7 425 408.7 395.5 382.8 369.7 354.8 337.9 328.2 320.9 323.7 327.8 324.8 312.8 320.7 327 331.8 334.8 337.1 337.1 336.2 331.7 325.3 330.8 340.1 348.7 355.9 364 367.2 371 377.2 378.5 375 372.4 361.5
303.8 302.4 299.7 293.8 287.5 282 281.2 281 280.7 280.9 281.6 285.7 289.4 293.6 298.7 303.5 312 322.1 331.1 340.1 349.5 363.4 378.5 398 415.1 427.2 438.2 446.3 451.6 456.8 462.1 465.2 463.9 462.6 462.2 465 467.3 471.9 476.1 476.1 471.1 464.2 452.2 440.2 425.6 408.5 393.2 379.7 366.2 353.4 337.5 329.7 328.3 331.3 335.5 332.9 316.6 327.7 333.3 338.9 342.8 345.4 346.6 343.7 338.6 333.2 331 338.9 348.4 353.5 361.7 369.7 376.2 383.5 384.9 383.6 378.4 367
302.2 300.6 297.4 292.7 287.4 282.4 280.2 279.4 279.1 279 280.2 283.8 287.4 291.3 296.9 301.8 310.9 316.5 324.6 333.7 345.2 356.1 370.7 386.5 403.9 419 431.1 442.6 448.8 454 456.7 455 453.9 453.1 453.6 457 461.7 466 470.3 473 467.2 460.8 450.3 439.8 425 408.3 393.3 377.3 362.7 350.6 343.5 337.8 335.3 339.7 343.7 336.6 324.9 334.9 341.4 348.6 354 355.7 355 351.8 344.8 344.7 345.5 348 348.7 351.9 360.5 370.3 381 389.3 391.9 390.9 388.1 372.7
299.8 298.7 295.5 291.2 285.6 283.2 280.9 278.7 277.4 277.2 278.9 282.1 285.5 289.1 294.5 300 306.1 311 318.2 328.2 335.7 344.4 358 373.9 391.2 410.4 425.3 437.2 445 447.5 446.4 444.6 442.8 441.9 444.7 449 454.5 459.4 463.9 466.1 461.8 456.7 446.8 436 424.5 410.1 396.4 378.4 366.7 360.7 355 343 347.1 352.4 348.2 341.9 335.1 343.5 351.5 358.9 365.1 364.7 363.6 360.7 352.1 355.3 357.4 359.7 360.1 359.3 360.9 365.4 384.1 395.1 399 398.3 394.8 382.2
297.4 296.4 293.9 289.6 286.1 283.9 281.4 278.5 275.7 275.4 277.7 280.8 284 287.2 292.1 296.4 300.9 305.6 311.2 318.7 326.4 335.5 347.6 361.7 378.4 399.4 418.6 428.7 436 438.5 435.1 433.5 432 432.5 436.7 441 445.3 452.7 455.7 452.7 449.2 444.8 439 432.1 422.6 413 398.8 387.9 379.8 373.5 366.1 350.3 362.7 362.6 356.6 351 349.9 357.1 363.4 370.7 374.4 375.3 374.1 370.1 365.8 367.3 369.3 371.4 372.7 370 371 365.8 383.1 399.7 406.8 407.9 402.5 390.4
294.6 294.1 292.4 289.1 286.8 284 281.2 278.3 275.5 273.4 276.5 279.6 282.8 285.9 288.5 291.9 296.3 300.8 305.2 309.7 317.2 326.8 338.5 351.9 366.1 388.1 407.6 416.8 426.2 428.7 423.5 421.3 419.1 421.6 428.3 433.1 437.3 443.5 441.5 439.4 436.7 434.2 431.5 427.7 424.5 420 409.3 399.9 393.4 387.6 370.5 358.9 374 374.8 367.5 360.7 362.7 369.1 375.6 380.6 383.4 385.6 383.7 380.7 381.4 382.3 384.1 387.7 387.5 383.2 379.7 377 397.6 410.3 416.4 418.8 410.1 399.6
291.6 291.6 290.2 288.5 285.6 282.6 279.6 276.8 273.9 271.1 275 278.5 281.7 284.3 287 289.6 292.3 296.1 300.6 303.5 310.4 319.3 330.1 343.8 356.4 373 393.8 405.5 413.1 417.8 414.4 408.4 407.3 410.8 417.5 424.2 429.8 430.9 430.3 430.9 429.4 426.3 423.6 423.4 425.2 425.2 421 411.6 409 396.1 367.5 381.9 387.5 389.1 381.8 374.7 370 381.7 390.2 395.1 399.2 400.4 397.9 397.3 397.8 400 402.9 406.5 406.7 399.2 372.7 386.4 409.5 420.6 425.8 426.3 424.4 411.5
288.8 288.5 287.7 286.6 283.7 280.7 277.7 274.7 271.7 269 273 276.9 280.2 282.8 285.4 288.1 290.7 293.4 296 298.8 304.8 312.4 322 335.1 347.7 359.3 379.3 391.3 396.7 402.1 399.7 396.2 393.5 401.6 409.1 414.7 418.5 421.1 421 422.5 422.1 419.5 417.5 419.9 421.9 425.2 424.7 421.4 418.4 400.5 382.1 400.1 401.1 402 397.4 390.1 389.5 395.3 404.3 408.8 413.3 416.1 413.6 413.9 414.8 420.3 422.6 424.9 423.4 417.3 388 400.1 421.6 430.4 434 434.2 434.1 423.2
284 284.9 284.4 284.1 282.2 279.5 276.5 273.5 270.5 267.3 271 274.6 278.4 281.1 283.7 286.4 289 291.7 294 295.6 298.9 304.9 314 326.3 338.9 349 362.7 374.8 380.7 387.1 387.1 384.4 381.3 390.5 398.3 402.4 406.3 409.7 412.3 413.6 413.7 412.8 412.5 417.1 419.9 424 428.1 425.8 417.6 392 407.1 413.4 415.5 417.5 417.6 410 408.1 411.1 418 428.4 432.2 433.1 431.4 434.3 436.3 438.8 439.1 439.4 439.4 432.3 401.5 414.4 430.4 438.4 443.8 443.5 442.8 435.1
279.2 281 282.1 281.8 279.9 277.7 275.4 272.4 269.3 266.2 268.5 272.2 276 279.4 282 284.7 287.3 289.8 291.3 293.2 295.7 298.3 306.4 315.1 327.7 340.4 349.2 360.7 369.2 373.2 373 369.7 370.4 380.7 385.7 389.8 393.9 391 393.2 398.2 398.7 399.4 406.5 414 420.6 422.8 424.1 422.2 403.6 406.7 416.4 424.2 429.5 432.2 434.3 430.6 430.2 433.3 442.6 446.5 449 450.2 449.6 450 448.6 449.2 452.7 453 453.1 437.9 409.7 430.4 441.4 446.3 451.7 453.6 453.6 445.3
274.4 277.3 279.9 279.6 277.4 275.3 272.8 270.5 267.4 264.2 266 269.8 273.7 277.5 280.3 283 285.6 287.1 288.7 290.8 294 298.1 306.4 310.3 315.7 327.2 338.1 346.8 355.9 358.8 359.3 356 363.5 370.8 373.9 375.5 372.8 371.5 376.6 381.4 388.7 398.9 409.3 416.7 421 420.3 420.6 413.4 404.2 412.6 421.5 430.1 435.8 441.7 444.5 446.8 449.6 452 457.2 459.7 460.3 461 461.8 461.3 460 459.1 461.3 463.3 457.6 444.2 419.5 442.7 453.4 456.1 459.6 461.3 462.9 453.3
270.4 273.4 275.9 276.9 274.2 271.6 269.3 267 264.7 261.6 265.5 268.1 271.3 275.1 278.6 281.3 282.9 284.5 286 289.3 292.6 296.3 300.3 304.2 308.4 314.6 325.3 332.5 339.9 344.1 343 341.6 355.5 357.4 359.7 359.1 358.4 360.6 367.6 378.4 387.5 397.3 407 413.4 416.5 418.1 417.5 412.8 413.8 417 426.3 434.8 442 449 453.2 456.6 460.3 462.7 466.5 468.3 469.8 470.6 470.9 468.6 466.6 464.8 466.1 466.8 459 443.6 439.7 453.6 458.3 462 465.3 466.9 469.2 465.5
266.5 269.4 271.2 272.9 270.3 268 265.8 263.6 261.6 260.8 265.1 268.1 271 273.9 276.8 278.7 280.3 281.8 284 287.4 290.8 292.4 295.5 299.5 304.2 310.3 315.1 321.4 328.6 331.9 329.2 330.5 342.3 343.5 344.6 344.2 350.9 360.3 368.8 376.2 385.5 394.8 403.3 410.8 415.4 412.9 410.9 411.3 411.6 417 426.4 437.1 446.9 454 462.2 466.4 470.2 473.5 475.6 476.9 477.9 476 473.7 471.2 469.1 468.8 467.3 461.7 455.8 448.2 450.7 454.8 459.3 464.7 470.2 472.6 475 477.2
262.5 265.4 267.1 269.1 268.7 266.8 264.9 262.9 261 258.6 261.3 264.6 267.8 271 273.8 276.1 277.6 279.1 282.1 285.6 288.7 289.8 290.8 294.8 299.9 306.1 310 313.8 319.8 321.4 322.4 324.9 331.2 335.1 336.9 344.1 351.7 361 368.3 375 384.9 395.5 404.8 412.2 414.6 410.5 403.4 404.3 408.2 418.4 429.1 440.5 451 459 467.2 475.3 479 481.2 481.5 481.2 479.9 478 476 473.7 468.1 464.4 461.4 456.7 451.8 442.6 447.2 452.8 456.1 460.9 467.9 476.2 479.8 482.6
259.9 261.7 263.7 265.7 266.8 265.7 264.3 262.3 260.4 257.8 259.1 262.3 265.2 268 270.7 273.4 274.9 276.6 280.3 283.8 286.3 287.3 288.3 290.1 295.7 301.5 304.8 308.2 312.8 315.1 316 320 325 327.7 334.2 342.3 349.4 357.8 365.1 375.3 385.6 396.1 406.5 409.7 411.4 408.1 400 398.6 409.6 420.9 431.9 443.9 453.7 462.2 470.7 479 480.9 481.5 482 481.4 480.4 477.7 474 467.6 462.5 458.1 452.1 443.8 439.2 435.7 437.6 444.4 450.6 456.4 463.9 471.7 480.6 486.9
256.8 258.7 260.4 262.3 263.6 263.7 262.6 261.5 259.7 255.5 256.2 260.2 262.2 264.9 267.7 270.5 272.3 274.8 278.5 281.9 283.7 284.7 285.7 286.9 291.7 296.4 299.8 303.2 305.4 306.6 311.4 316 320.7 325.4 331.8 340.4 347 355.6 366.4 379 388.4 398.7 403.4 404.9 404.4 401.5 391.2 399.3 411.4 422.6 432.8 443.4 452.5 460.8 469.3 476.6 479.6 480.2 480.3 480.2 478.2 474.4 468.4 461.2 456.4 447.7 434.6 425.7 420.7 411.1 412.4 417.3 424 433.5 447.8 466.1 473.6 479.3
253.8 255.7 257.4 258.6 260 261.5 260.6 258.1 250.2 252.4 258.8 262.4 263 263.6 264.6 267.4 269.6 273 276.7 279.6 281.1 282.1 283.1 284.9 288.7 291.5 294.8 297.8 300.5 304.7 311.1 315.6 319.3 323.9 329.7 339 347.3 357.5 369.5 382.1 392 396.6 399 401.2 398.7 391.9 386.5 400.4 412.6 421.4 432.1 442.9 451.5 459.4 466.9 473.6 478.3 478.5 478.3 477.5 472.5 468.4 462.9 455.5 444.6 431.6 419.5 403.6 396.4 381.7 381 387.1 399.4 414.4 428.8 443.8 460.3 471.6
251.7 251.6 252.1 254.3 255.9 251.8 248.7 253.1 254.1 256.3 261.3 264.5 265.1 265.7 266.3 266.9 267.7 271.2 274.9 277.3 278.5 279.9 282.3 285 286.5 290.4 294.3 299.2 303.7 305.8 311.2 315.3 319 322.9 331.1 339.5 347.7 357.1 369.9 382.6 389.8 394.2 395.4 393.3 391.9 381.9 385.8 401.8 411.2 420.2 429 437.4 446 454.8 462.2 468.9 473.8 474.8 474.2 470.6 464.4 460.4 448.1 437.6 425.7 412.7 399.3 380.7 367 355.2 349.9 359.4 374.1 393.3 404.2 416.9 431.4 446.9
249.1 249 246.8 248.1 248 247.4 253.7 258.9 258.9 260.6 263.9 266.7 267.3 267.9 267.8 267.8 268.1 271.2 274.2 276.1 278.2 280.3 282.6 286.3 290 293.5 296.9 301.4 305.4 307.1 311.6 315.3 318.9 322 329.2 337.4 345.7 354.6 367 378.4 387.1 387 385.3 383.2 378.9 369.1 386.1 397.5 406 413.3 420.5 429.3 437.5 446.3 455.3 462.2 464.8 467.4 469.8 463.3 456.8 444.2 429.9 416.4 401.3 385.5 372.3 353.3 331.7 325.3 324.1 335.5 349.1 364.6 373.7 387.1 402.1 417.6
246.5 246.3 244.2 242 243.6 250.7 256.5 260.5 264.3 264.9 267.4 268.6 268.5 268.5 268.4 268.3 268.5 271.6 274.4 275.4 278.4 280.6 282.8 286.5 291.4 296.5 299.9 303.7 306.7 311 315.4 316.3 318.6 321.2 327.1 335.4 343.7 352.6 360.6 368.5 373.3 376.2 374.1 370.9 364.9 364.3 381.6 391.1 398.2 405.2 412.2 421.4 430 437.9 446.9 453.9 457.1 460.2 460.1 453.8 443.9 425.3 408.2 391.1 376.3 360.1 342.9 326.8 306.9 300.8 298.9 307.8 319.7 334.8 346 359.3 373.2 387.8
243.8 243.6 241.5 238.8 244.2 249.5 253.3 257.3 261.3 264.7 266.8 268.1 269.1 269 269 268.9 269.1 272 273.7 274.9 278 281 283 287 292.6 298.2 302.9 306.4 310.2 314.4 316.9 318.2 318 319.8 322.5 330.4 337.2 342 346.5 353 358.6 361 360 353.2 344.5 360.8 376.6 383.7 390.2 397.2 404.4 414.9 424.4 431.6 439.6 446.3 449.8 453.5 449.5 440.9 420.6 402.3 385.1 367.1 351.4 334.8 317.1 298.8 286.9 288.5 294 293.9 295.5 309.4 323.1 336.3 349.5 361.6
241.4 240.5 237.5 237.5 242.9 247 251 255.1 258.9 261.3 263.9 265.9 267.3 268.8 269.5 269.6 269.8 272 273.1 274.5 277.5 280.5 283.5 288.1 294.8 301.8 307 312.2 311 313.2 314.7 316.1 316.9 318.2 319.5 324.9 329.3 333.8 337.1 340.2 346.2 349.7 345.1 337.8 354.8 354.6 364.3 372 382.6 389.8 401.3 411.9 420.8 428.3 435.8 440.9 444 443.8 438.9 422.9 397.6 379.3 362 340.2 319.5 304.2 289.3 283.2 295.1 304.1 311.8 315.1 313.3 306.1 302.6 312.6 323.8 335.8
238 236.3 234.2 237.9 240.7 244.8 248.8 252.6 255.9 257.9 260.1 263.4 265.1 266.6 268.1 268.7 270.4 271.4 272.4 274.1 277.1 280.2 285.1 293.9 300.9 307.5 311.4 315.3 316 313.8 313.8 313.8 315.2 316.4 317.6 319.1 322.2 326.7 330.3 331.9 334.9 338.2 327.8 340.7 351.9 356.3 364.5 374.9 384.6 397.1 401.9 408.1 417.1 424.7 432.3 435.9 434.8 432.6 422.9 401.1 378 356.3 337.1 315.3 291.4 275.4 288.5 302.6 313 320.8 328.6 335.2 337.2 333.6 325.3 314.2 309.3 311.1
234.4 233.9 235.1 236.8 238.7 242.6 246.3 250 252.4 254.4 256.6 259.5 262.8 264.4 265.5 264.3 266.7 270.2 271.5 274.1 277.2 281.9 289.4 295.9 305.2 310.5 313.8 316.9 317.9 316.5 316.5 316.1 314.9 314.3 315.4 317 319.2 321.4 323.7 325.3 327.9 325.5 324.2 332.4 343.6 352.6 364.3 376 387.4 395.5 399.4 404.9 413.4 420.9 426.2 429 425.3 420.1 402.7 379.7 358.9 333.5 310.3 289.4 271.5 290.6 308.2 320.1 332.3 340.1 348.5 356.1 359.2 358.7 352.4 343.9 337.5 326.4
230.9 231.9 234.3 235.8 237 240 243.7 247.1 248.9 251 253.2 255.7 259 262.2 260.4 260 263.9 269.1 272.5 275.6 278.7 284.8 289.2 296.1 303.7 310.1 313.6 315.4 316.4 315.7 314.5 313.3 312.1 312.2 313.2 314.8 316.9 318.3 318.3 319.3 318.8 315.2 321.2 326.8 334.3 346 357.8 367.6 378.9 387.9 395.2 400.8 406 412.4 419.3 420.3 416.4 404.5 386.9 366 334 308.7 285.7 266.7 290.7 308.6 324.3 337.5 351.7 360 369.3 379.8 382.9 385.1 380 371.8 357.8 340.1
231.6 226.8 233.7 234 233.8 236.6 241.1 243.6 245.4 247.6 249.7 251.9 255.2 257 255.8 263 266.7 271.1 274 277.1 280.5 285.4 290 295.8 302.3 309.7 312.1 312.6 313.8 313.9 311.3 307.4 307 310.1 310.8 311.7 313.1 313.8 313.3 314.1 308.9 306.7 314.1 321.6 329.7 339.9 347.8 358.5 367.2 374.4 381.6 388.1 393.6 398.6 401.3 400.9 396.7 384.9 367.9 349 327.7 293.4 265.8 284.1 309.7 325.3 338.6 353 367.7 380.2 390.8 401.6 407.3 409.2 402.3 386.3 368.3 345.3
230.3 221.4 231.7 231 230.5 232.6 236.7 239.9 242 244.1 246.3 248.5 249.2 250.9 260.2 269.7 270.9 273.6 276.8 279.4 281.6 286.3 290.9 296.5 302.7 307.4 309.3 309.9 311 310.6 307.8 301.5 303.8 305.8 307.1 308 309.2 308.8 308.4 306 302.9 303.2 309.8 318 323.3 330 337.8 346.7 353.8 360.7 367.9 374.6 381.6 385.2 388.6 385.8 379.4 366 349.5 330.8 307.9 279.6 271.7 297.3 320.5 336.3 351.8 366.7 381.5 394.4 408 420.4 426.1 427.6 417.5 399.1 377.5 352
228 227.7 219.7 224.2 232.3 234 235.2 237 238.9 238.7 240.7 243.6 249.9 257.6 264.2 269.4 272.6 275.1 276.9 278.3 279.9 284.2 289.8 294.5 298 300.9 302.9 305.3 305.1 303.6 302.1 298.7 299.8 301.3 302.6 303.9 304.6 304.3 304 301.9 298.5 297.9 304.7 309.1 313.7 320.4 327.2 333.5 340.9 347.7 354.5 361.7 366.9 370.4 373.4 369.5 360.9 346.7 329.3 308.5 277.4 258.5 276.7 295 314.5 341.6 361.5 375.3 390.4 405.9 419.5 431.3 440.8 442.4 431.2 408 386.8 360.9
223.3 225.6 229.3 232.6 237.1 236.1 236.1 237.1 237.9 240.7 246.4 252.4 259.4 263.3 266.5 269.3 272.2 274.1 275.8 277.3 279.1 282.9 288.1 291.8 294.3 296.3 297.6 299.2 299.5 298.2 297.3 294.1 295.3 296.8 298.1 299.4 299.9 300 299.7 298 294.7 294.5 297.4 300.3 304 310.5 316.3 321 328 334.8 341.9 347.8 351.1 352.9 353.3 350.7 345.1 327 304.5 280 256.4 276.8 298.7 322.1 341.8 355.6 361.8 382.7 398.1 412.1 425.5 437.9 448.5 447.8 436.7 416.9 396.8 375.8
213.2 223.7 228.3 232.6 236 237.1 238 240.5 244.2 248.7 254.3 255.9 259.1 262 265.2 268.6 271.5 273.4 273.4 275.5 277.6 279.8 284.4 287.2 289.9 292.2 293.4 294.7 294.4 292.8 292.1 290.8 290.9 292.3 293.3 295.1 295.6 295.8 296.8 291.3 289.6 290.2 292.6 295 297.1 300.1 305.4 310.1 315 322 328.7 334.3 335.4 337.1 337.5 337 325.8 304.5 279.3 257.6 268 292.9 315 337.2 358.8 374.1 378.3 388.7 404.2 417.9 430.6 442.1 452.8 456.6 445.2 424.1 404.4 384.2
216.6 222 226.8 232 235.5 238.6 242.5 245.1 250.5 254.2 255.6 256.7 258.5 260.4 263.6 265.9 268.5 271.1 270.8 271.9 272.9 275.6 279 281.7 284.4 286.4 287.4 288.5 288.4 288 287 286.9 285 287.3 289.2 291 291.7 291.8 292.6 288.7 285 285.6 287.8 289.7 291.7 294.2 294.7 299.2 303.8 307.9 315.1 320.3 321.9 323.6 325.9 320.2 300.6 277.5 252.1 261.6 284.8 307.1 327.8 350.4 370.4 387.4 393.7 395.8 407.7 420.1 432.2 444.3 454.7 459.8 453.6 431.9 412.3 392.8
213.7 218.1 224.9 230.5 236.2 240 244.1 248.2 251.8 254.4 254.6 256.1 258 259.8 260.9 261.8 263.3 264.7 265.3 266.8 268.1 270.7 273.4 275.9 278.4 280 281.1 281.9 281.6 281.2 281.9 281.4 281.4 282.6 285.2 287 287.7 288.4 290.1 285.5 280.8 281.5 283 284.6 286.3 288 288.4 289.4 292.8 297.7 304.5 310.1 312.6 313.9 313.4 298 275.5 251.8 253.2 278.3 299.3 320.2 340.6 361 380.4 398.1 409.9 413.3 417.2 423.8 435.9 447.4 458.1 463.1 461.5 444.3 423.6 403.6
209.8 215.1 223.4 229.5 235.6 240.9 244.6 248.3 251.6 253.7 253.9 255.5 257.3 259 259.6 260.4 260.4 259.9 260.6 262.2 263.7 264.9 267.4 269.9 272.4 273.7 274.8 275.2 274.8 276.2 277.4 277.4 278.9 280.2 281.4 283 284.2 285.9 287.5 283 278 276.8 280.3 281.7 282.9 283.9 284.7 285.3 286 288.5 293.7 299 303.1 305.4 295.6 271 249.7 250.4 271.8 292.7 314.7 332.9 349.7 367.1 386.7 406.4 420 428 430.8 434.1 443.7 452.9 462 467.9 467.4 456.8 435.9 415.8
