public/OST50/NS90.asc
ncols 200
nrows 200
xllcorner 290000
yllcorner 600000
cellsize 50
[rows 35 to 69 of 200, columns 0 to 77 of 200]
250.8 249.3 255.7 264.8 275.8 288.5 286.4 291 313 321.2 330.8 331.3 328.4 326.6 324.3 321.2 323.5 325 331.1 335.7 342.1 342.7 343.5 346.4 362.4 367 359 351.2 344.6 337 334.3 333.3 330.3 328.6 327.6 327.5 327.4 327.2 326.7 325.5 324.2 323.1 323.6 324.8 325.2 325.2 325 325.6 327.3 329.9 328.1 325.9 325.2 324.9 324.2 322.7 321.2 321 321.5 323.8 325.6 329.3 332.9 336.7 342.3 349.4 356.4 367.5 379.1 394.1 409.2 425.7 441.8 459.4 476.2 490.1 502.4 511.1
249.2 245.9 257 263.6 270.9 267.4 292.6 311.2 324.2 339.7 346.3 348.2 342.4 340.9 339.1 336.2 346.3 346.3 348.3 351.9 362.4 364.3 363 368.7 383.7 388.7 375.8 364.5 356.4 347.9 341.1 337.5 337.8 335 332.2 331.4 329.9 328.5 327.3 326.3 324.5 322.6 324.9 324.7 324.1 324.1 324.1 324.1 324 324.1 323.5 324.9 324.6 324.3 324.1 323.1 322.7 322.3 322.9 324.6 328.2 331.8 335.5 339.1 343.7 349.7 356.6 368 380.5 394 409 425.7 443 460.8 478.8 493 506.3 517
249 243.9 251 251.2 253 280.4 310.1 330.8 351.9 365.8 367.5 368.8 359.5 358.7 356.4 358.2 364.1 368.6 368.9 373.5 378.5 385.3 392.3 395.2 408.2 402.7 391.8 380.3 369.5 361.3 353.9 351.2 348.9 348.6 345.1 342.9 340.4 338.5 336 333.9 332.2 330.6 332.2 328.6 325.7 324.9 324.4 324.3 325.2 324.5 324.8 325.1 324.7 324.4 323.9 323.5 323.7 323.6 323.5 326.8 330.1 333.4 336.7 339.9 341.7 348 356.3 368.3 380.1 394.4 410.5 426.9 444.2 461.7 479.7 494.4 510.6 522.8
246.3 242.1 242.3 244.2 269.7 297.5 328.3 354.8 370.6 385.2 392.5 390.5 383.8 378.8 379.3 379.7 384.1 387.1 389.5 398.4 403.3 409 416.7 423.9 427.1 416.5 403.9 387.8 377.7 371.4 364.1 361.4 361.2 361 359.4 355.3 354.6 352.3 347.5 345.9 343.1 340.8 336.9 331.9 327.9 325.6 324.7 325 326.7 326.4 326.5 326.3 325.7 325.1 324.6 324.2 324.7 325.1 326 327.3 330.6 333.9 337.2 338.7 341.2 345.6 354.8 365.6 378.5 395.8 412.1 428.5 445.3 462.8 480.4 497 513.7 526.3
242.8 240 240.3 254.3 281.6 310.2 341.6 363.3 380.7 397.7 405.1 403.6 401.6 399.7 398.4 401.5 403.9 404.2 407.7 413.4 424.6 430.9 439.4 442 439.7 425.7 410.5 393 383.8 377.8 371.5 372.6 373.2 373.1 372.1 368.8 372 367.7 361.7 357.3 353.6 349.7 344.8 340.7 336.4 331.4 327.7 328.1 328.8 328 327.8 327.6 326.8 326.2 325.6 325.5 325.9 326.4 328.2 329.9 331.2 334.4 336.7 340 343.2 347.7 353.9 361.2 375.8 397 413.6 430 446.5 464 483 499.2 515.6 528.9
240.1 237.9 237.8 251.4 283.5 314.9 348.7 376.5 392.6 405.3 411.9 415.2 418 417.5 415 419.4 423.3 424.7 431 434.5 442.2 448.4 455.6 454.5 445.6 431.6 413.8 397 388.9 380.9 381.1 381.4 384.2 384.9 384.1 383.8 384.7 379.8 373.9 368.4 364.1 358.9 352.6 348.4 344.4 340.5 336.4 334.8 332.6 330.8 329.5 329.2 329.1 328.5 327.5 326.8 326.9 327.8 329.5 331.3 333.1 335.3 339.3 343.5 350.4 356.7 363 370.5 376.5 394.4 415.5 431.9 448.3 467.4 485.4 501 516.7 531.5
239.4 236.4 236.6 254.8 285.4 317.8 355.7 382.4 402.9 419.7 424.8 429.6 433.4 434.6 436.6 440.3 442.1 443.9 448.7 451 457.7 464.4 468.8 461.8 450.2 433.1 413.8 401 393 388.4 388.1 389.7 394.1 397 398.3 398.7 394.3 390.2 384.8 379.6 374.5 367.8 360.8 355 350.1 345.6 341 338.9 336.1 334.3 333 332.2 331.7 331.7 329.2 328.2 327.8 329.6 331 332.5 335.8 340.5 344.8 351.3 359.3 365.6 376.3 386.6 398.1 397 413.7 435.4 452.1 469.3 484.3 499.2 514.9 532.1
236.9 235.4 236.1 255.2 284.1 314 350.1 383.7 410.4 426.3 436.7 444.3 448.2 452.4 455.7 459.3 461.3 462.7 466.6 467.5 471 474.8 475.3 467.9 455.6 437.9 419 406.4 397.8 395.3 396.6 400.1 404.3 407.2 408.9 408.2 403.5 399.3 393 385.7 380.2 372.3 364.8 358.6 354.2 349.9 345.6 342.5 339.7 337.7 336.5 336.9 336.7 334.9 330.7 328.6 330 331.8 333.3 334.8 339.7 344.7 352 359 367.4 379.6 391.8 405.3 417.7 422.1 415.8 435 454.9 468.9 482.4 496.9 513.5 530.3
235.8 233.3 235.2 252.6 281.6 310.7 346.4 385.1 414.9 431.6 445.7 455.6 461.7 468.1 471.9 474.9 475.3 476.9 477.8 477.7 478.6 482.1 482.3 475.3 460.7 444.1 424.5 412 408.1 407.6 410.3 415.5 417.8 418.8 419.9 417.6 412.8 407.7 400.2 392.3 384 375.3 367.7 362.8 358.5 354.2 348.9 346.5 343.8 340.1 340.8 341.5 340.8 337.5 333.3 329.9 332.2 333.9 335.5 338.1 343.5 348.9 358.4 368.1 379.4 393.8 408.6 420.8 429.9 435.7 439.8 437.3 455.1 468.8 482.1 495.5 512.7 528.1
232.4 232.2 236.6 253.2 278.6 307.5 338.9 378.5 416.3 438.1 453.4 465 472.7 479.9 483.4 487 488.1 488 487.4 488.8 489.5 490.9 490.6 481 466.7 447.7 430.2 417.7 419.1 423 427.1 431 431.6 432.2 429.2 424.7 419.3 411.2 403.3 395.3 386.9 378.3 371 367.3 362.8 358.5 352.2 350 347.8 344.9 348.6 348.7 344 340 332.2 331 334 336.7 338.6 342.6 347.6 353.1 364.3 378.5 392.1 406.7 420.2 431.7 440.2 446.9 452 454.6 451.2 467.6 480.9 494.2 509.8 526.5
232.6 232.2 234.2 252.9 275.6 304.3 334.3 376.1 414.4 441.3 455.7 467.1 476.4 484.1 490.5 493.9 495.9 493.4 490.8 492.9 494.4 494.6 494.1 487.6 473 453.2 436.3 430.1 433.7 437.8 442.6 444.1 442.6 439.3 435.2 430.4 422.4 414.3 406.4 398.4 389.8 381.2 374.7 368.5 364.3 361.2 355.7 353.5 350.7 350.8 351.7 351.1 346.5 341.4 334.3 332.2 336.2 340.2 344.2 348.8 351.3 358.3 371.9 387.8 402.2 415.2 428.4 439.3 447.9 456.7 461.4 466.6 463 466.7 480.8 494 510.1 525.5
230.7 229.8 231.9 247.1 272.5 300 333.8 372 401.5 435.6 451.1 463.3 475.8 488.8 494.8 493 491.3 489.3 492.7 495.8 499.3 499.3 496.4 492 479.9 460.7 446.4 445.4 448.9 453.3 456.1 456.1 453.8 448.4 442 433.7 425 417.5 409.4 401.3 392.7 383.8 377.7 372.2 366.1 360.9 357.8 355.2 355.1 354.4 354.2 352.6 345.5 340.4 338.3 336.7 340.3 344.4 350.1 354.9 361.4 366.9 376.8 395 410.4 422.6 433.4 445.3 456.3 464.9 472 477.6 477.1 471.3 483.5 496.6 512.1 524.4
228.3 228.8 230 241.7 266.7 294.5 325.8 354.1 382.7 419.3 446.1 455.8 473 485.2 489.1 484.9 482.4 487.1 493.2 500.4 505.4 503.5 500.6 496.7 488 473.7 461.2 463.6 468.4 471.1 471.5 468.3 463.2 455.8 447.6 437.4 428 418.7 411.7 402.8 392.6 383.3 379.5 372.8 370.8 365.3 361.8 361 359.2 357.9 356.6 352.3 345.9 339.6 338.9 340.4 344 349.4 355.7 364.7 372.6 382.6 392.5 400.6 416.5 427.3 438.2 449.7 461.3 472.5 480.8 487 489.2 484.8 489.4 501.8 514.8 524.7
227.8 228.1 228.4 238.7 261.6 284.9 310.5 336.5 364.7 402.1 440.7 448.1 465.1 474.5 476.2 474.1 472.2 482.5 491.1 499.4 508.4 504.1 503.7 502.8 495.7 485.9 477.5 484 488 486.9 485 479.8 470.2 462.1 453.1 442.4 431.3 421.2 411.5 402.5 393.3 387.7 383.8 378 374.2 369.3 367.2 366 363.4 360.7 358.5 352.4 345.6 339.2 339.8 343.2 350.2 358.3 366.6 377.4 390.5 403.7 409.6 417.2 422 432.1 442.9 454.3 467.2 479.2 489.4 494.9 500.1 502 503.7 511.9 519.6 528.8
226.5 227 227.4 238.6 258.1 279.1 300.1 321.9 351.8 394.2 426 445.3 452.3 460.7 462.3 460.4 469.5 477.6 486.2 495.4 499.5 504.1 507.7 510 501.8 494.2 494.6 499.1 501.4 499 495 486.4 477.3 468.5 457.4 443.9 431.5 422 411.5 406.4 400.5 393.8 388.9 384 379.2 375.5 372.2 370.3 367.8 365.8 360.2 353.5 344.3 341.1 345.4 350.6 357.4 368.2 380.3 393.8 408.7 419.1 424.6 432.2 436.7 438.4 448.5 460.8 473.5 484.8 495.7 501.7 506.9 511 516.2 520.6 527.7 536.3
226 226.1 226.1 234.7 250.7 271.1 288 310.3 337 371.6 412 436.1 438.2 445.2 445.2 449.6 458.8 473.7 482.8 491.1 500.2 508.3 511.1 512.7 509.1 504.5 506.1 510.3 511 508.3 504 493.2 482.5 470.2 456.9 443.8 432.5 427.8 424.1 419.4 410.6 403.9 397.9 393 387.7 383.3 379.8 375.8 373.1 370.7 363.3 354.7 343.4 348 351.7 358.1 368.4 382.4 396.2 414.1 424.6 431.1 437.1 441.2 446 449 454.3 466.5 479 489.6 500.5 507.6 513.6 518.8 524.4 529.6 537.2 545.6
224.5 224.7 225.1 230.8 242 259.6 278.4 300.7 328 360.5 397.5 412.6 416.1 423.5 433.3 438.9 446.9 463.9 474.7 485.5 498 510.1 513 515.6 515.3 515.8 516.7 518.9 517.5 513.6 507.3 496.6 483.4 469.2 456.3 442.3 441.4 441.6 439.3 435.6 425.4 416.7 407.2 402 396.9 392 389.6 386 381.8 375.4 366.4 355.4 342.7 354.3 358.4 365.9 381.6 397.1 413.4 426.1 435.9 441.2 447.1 452 455.7 459.4 460.5 471.6 484.1 495 505.4 513.3 520.8 528.5 534.4 540.5 548.6 556.7
224.1 225.1 225.9 228.2 233.6 248.3 268.4 291.2 323.6 350.1 372.6 384.4 396.6 407.9 419.5 424.6 437.7 460.2 471.3 484.4 498.9 513.1 516.7 518.9 521.2 522.8 526.7 529.5 527.6 518.9 510.2 498.6 484.8 470.3 458.1 455.2 454.8 457.5 455.1 454.3 443.4 433.8 423.8 416.3 412.8 407.2 401.7 394.7 387.2 379.9 366.4 354 348.3 358.5 365.5 377.1 395.7 411.8 423.9 434.9 444 451.2 457.1 462.8 466.5 470.5 475.5 483.1 492.2 500.4 510.8 522 530.2 537.8 544.3 551.9 560 568.1
223.9 224.5 225.3 227.5 233.9 252.6 276.7 307 341 360.4 367.9 365.1 382.6 396.2 403.2 420.8 439.5 453.8 469.8 483.2 496.4 511.5 518.6 522.4 525.9 532.3 535.8 535.1 530.9 523.3 513.5 499.2 483.4 477.2 473.1 471.4 470.7 471.8 471.3 472.5 462.4 453.4 440.3 433.5 430.1 423.2 416.7 407.3 394.4 379.9 364.6 350.8 354.3 363.6 371.6 387.7 404.9 418.3 430.2 441.9 451.6 458.9 466 472.9 477.6 481.6 486 492.6 501.1 509.6 518.9 529.5 539.6 547.3 554.5 563.1 571.6 579.7
223.2 223.4 224.1 228 237.8 261.9 287.2 313.5 349.1 387.3 391.7 386.1 373.5 388.1 402.1 419.4 436.1 451.1 468.8 482.4 494.8 507 519.4 526.6 531.4 540.3 540 538.6 534.1 526.4 515.8 501.7 496.3 492.4 488.7 487 486.6 486.1 487.2 486.3 479.3 471.8 459.2 452.6 444.1 436.3 424.8 410.8 393.6 375.5 361 349 360.3 368.6 377.1 394.2 409.9 424.8 436.5 448.2 458.6 466.7 474 481.4 487.1 491.6 497 503.8 510.2 518.7 528.2 537.7 547.9 556.8 564.8 573.3 581.9 590.6
221.6 222.2 225.2 229.7 244.6 267.7 292.3 321.3 357.6 394.8 402.8 400.2 391.6 385.2 399.7 415.8 431.5 448 465.6 478.6 491.1 506.5 521.1 528.8 537.7 541.1 543.8 542.8 537.6 529.4 521.7 515.6 512.2 508.2 504.3 502.7 501.1 498.8 499.6 495.8 490.3 483.3 473 464.8 457.5 442.1 427.8 407.8 388.6 371.9 358 355.7 365.2 373.3 383.1 399.4 414.6 429.9 442.7 453.2 464.2 473.3 481.6 488.9 494.9 500.3 507.8 514.9 521.4 528 537.5 547.1 556.7 566.3 575 583.5 592 600.7
220.6 224.4 228.9 235.9 252.7 271.5 298.5 329.4 370.9 398.2 405.5 407.7 410 405.5 399 410.8 425.6 442.5 454.9 468.3 482.1 501.5 516.2 528.9 538.8 541.2 544.7 545.5 540.3 535.5 528.9 527.6 526.5 522.1 517.7 515.9 513.7 512.1 510.9 505.9 500.4 492.1 483.5 474.3 463.5 444.8 424.3 403.4 384.4 370.5 356.6 359.2 367.6 377.7 388.9 403.3 418.2 433.9 447.8 459 470.1 479.2 487 495.2 502.1 509.1 516.8 524.5 532.3 538.8 546.9 556.5 566.2 575.9 585.2 594.6 602.3 607.2
221 227.3 235.3 245.6 259.3 279.7 303.6 333.8 377.8 401.6 409.9 415.1 417.9 413.6 406.6 409 419.3 431.9 444.5 455.9 472.1 488.9 507.3 524.6 533.9 540.6 543.8 543.7 541.5 540.7 538.1 539.1 537.7 534.4 531.1 527.8 524.5 522.6 519.3 515 508.3 497.9 488.9 479.5 464.2 440.2 418 399.7 383.2 369.2 355.5 360.4 370.5 380.3 392.7 407.3 421.9 436.5 450.2 462.2 473.9 484.4 492.3 500.9 507.7 517 524.6 532.3 540.2 548.1 556.2 566.1 575.8 585.5 593.9 602.3 606.9 611.4
223.1 229.3 242.9 255.2 267.3 288.1 310 336.5 370 401.2 416.6 422.1 424.3 421 417.5 411.6 412.4 422 433.6 443.9 458.9 477.7 496.6 513.5 523.2 531.5 537.3 540.2 542.6 542.8 545.9 547.7 546.7 543.4 540.3 537.2 533.8 529.9 525.7 521.2 513.9 502.8 491.5 480.3 459.5 436.4 416 398.3 381.9 367.7 355.3 366.6 375 383.3 396.7 410.9 424.9 438.6 452.4 464.7 476.2 487.2 497 505.2 513.3 524.5 532.3 540.2 548.1 556 563.6 573.6 583.9 593.9 601.8 607 611.5 616
224.7 234.4 252.1 264.4 276.5 294.5 314.6 337.6 369.7 398.4 419.6 430.5 432.3 429.5 429 425.6 422.2 419.8 424.4 436.4 450.1 467 483.4 495.3 505.1 515.2 527.3 533.2 540.2 546.5 551.1 553.8 554.5 551.9 548.7 544.4 540.1 535.7 530.4 525.5 516 504.1 492.2 477.8 456 433.1 413.9 396.4 380 366.2 358.1 370.7 378.1 386.7 398.4 412.2 426.5 439.5 451.9 464.1 476.6 486.9 495.9 506 518.1 529.7 540.2 548.1 555.9 563.5 571.1 580.1 591 599.6 605.5 610.1 614.2 617.5
227.2 243 260 277.8 299 318.8 337.6 359.2 374.9 404.5 421.4 435.5 439.4 438.9 439.4 441.6 438.4 430.2 428.1 431.6 443.4 454.2 466.7 475.3 484.4 495.6 511.7 527.7 539.5 548.3 554 557.2 559.7 558.3 554 550 544.7 538.9 533.8 526.6 513 501.6 489.9 472.2 451.2 429.9 411.3 393.5 378.1 366.4 361.6 369.6 378.9 389.1 398.4 412.1 425.3 437.9 450.3 462.4 474.7 484.8 496 507.5 520.8 534.4 546.8 554.4 562.5 571.1 578.7 586.6 596.3 602.9 608.6 612.1 614.2 616.6
238.7 255.2 271.7 295.8 318.5 340.7 362 383.6 408.9 434.8 443 447.2 452.5 450.6 452.2 454.4 454.5 446.9 436.4 429.8 439.4 447 452.8 458 467.4 478.6 493.9 517.1 533.3 546.1 555 559.8 562.2 561 556.5 551 545.4 539.2 530.8 522 510.4 498.5 482.6 462 442 422.9 405.3 387.5 372.8 362.1 364.9 369.3 375.4 386.1 396.3 410.4 423.7 436.4 448.6 460.8 472.1 483.1 493.9 507.8 523 537.5 549.5 557.9 566.1 574.5 583.2 590.4 600.1 605 608.5 611.9 613.9 615.2
245.8 264.5 287.7 317.2 342.3 363.2 382 406.2 430.2 451.6 461.3 463.5 464.4 462.1 463.3 466.3 466.5 462.6 456.4 439.7 436.3 440 445.8 451.1 460 471.3 487.1 508 528.9 548.2 559.2 562.7 565.2 563 558.1 551.5 544.9 534.2 525.1 515.7 504 491.1 471.7 452.2 435.3 416.2 399.1 382.5 370.6 364.3 368.6 372.8 378.1 385.3 392.5 404.6 418.5 434.1 445.4 455.8 468.6 479.9 491.3 505.2 524 538.5 551 561.1 568.7 576.1 583.5 590.2 597.3 603.1 608.5 611.5 613.4 613
251.7 273.4 304.2 334.9 365.3 388.8 409.8 430.3 453.9 477.7 481.8 480.5 475.8 472.5 471.7 474.7 473.3 469 462.4 446.2 442.3 449.1 455 465.6 474.9 485.5 497.3 511.9 528.7 549.7 560 564.5 567.3 563 555.7 548.7 538.8 529.5 517.3 504.9 492.5 477.8 460.4 442.6 425.8 409.1 392.2 380.7 368.8 367.4 372.5 378.1 383.5 388.5 393.9 402.4 411.7 424.8 437.1 451.3 465.1 476.6 489.2 502.7 520.8 534.1 546.1 556.8 567.3 574.8 582.3 587.1 594.2 601.2 608.9 610.5 610.5 608.4
256.1 286.3 317.3 350.4 383.9 418.6 441.9 460.2 481.5 495.2 496.4 497.1 486.1 480.2 479.3 479.7 477.4 469.8 457 447.9 451.8 459.3 472.3 485.7 496 506.2 515.5 527.9 541.4 554.1 562.7 566 567.4 561.6 553.8 546.2 534 520.3 498.5 488.7 478.1 463.5 448.5 433.3 416.9 400.6 386.3 377.8 366 372.4 376.1 383.1 389.5 399.5 406.8 415 426.6 432.9 439.4 442 458.2 470.8 484.2 496 511.7 526.9 541 552.4 564.3 571.4 578.5 585.5 588.5 596.5 604.1 607.8 605.3 601.8
271.5 296.2 329.2 364.9 404.2 431.2 458.9 478.7 494.7 509.3 516.3 505 493.9 488.4 485.3 483 480.1 464.7 451.1 455.6 462.8 473.9 488.6 504.3 517.3 526.5 534.6 545.5 556.4 563.8 566.1 569.4 566.8 561.4 552.2 541.7 529.2 507.2 484.7 471.8 461.8 449.2 435.7 421.2 407.3 394.6 385.1 371.8 369 374.9 381.1 387.7 394.8 406.7 416.3 427.4 436.8 444.5 451.9 456.1 458.1 460.4 474.2 487 500.1 513.5 528.3 541.8 555 565.2 573.8 578.6 582.7 589.2 596.8 597.6 593.5 590.8
281.8 305.1 340.1 376.4 414.2 439.5 465.7 487 504.8 516.1 516.3 506.8 497.2 491 486.1 483.5 477.1 460.9 458.6 463.9 472.8 487.1 505.7 524.6 538.3 547.4 554.6 561.6 569.8 573 574.5 572.7 568.5 560.7 550.4 537 521.9 497.2 475.6 456.2 445.3 435.6 424.8 412.2 399.7 388.7 382.3 369.2 370.7 378.3 386.1 392.4 401.7 413.6 425 435 444.4 452.5 460.1 467.2 472.4 470.6 477.9 479.5 490.4 500.4 514.3 527.1 540.9 555 561.4 566.4 571.4 576 581.4 586.5 588.6 588
292.5 312 351.1 392.7 430.7 454.8 475.8 496.8 507.7 512.1 510.6 502.5 494.8 489.4 484.7 480.7 471.9 461.6 462.3 470.4 482.1 500.3 521.1 540.6 554.1 563.6 571.1 577.5 582.5 584.1 582 577.2 570.1 560.7 546.2 532.2 514.4 490 468.2 451.3 434.6 423.7 413.3 403.8 392.9 385.7 379.1 369.4 374 381.6 389.5 397 408.4 419.8 431.3 441.8 452 460.5 468.7 476.6 482.6 481.8 486.8 494.6 499.2 506.6 509.1 519.5 538.1 551.7 563.5 570.9 576.6 579.2 585.4 592.3 593.2 589.5
303.4 319.4 359.7 407.3 443.5 463.2 479.3 492.5 499.3 501.1 500 493.4 484.1 480.2 479.1 477.7 470.8 465.7 467.7 476.8 489.7 507.6 530.1 549 562.9 573.9 581.5 589.1 593.1 591.8 587.2 580.4 570.5 556.8 542.2 527.5 507.2 484 465.7 448.1 431.9 416.1 405.6 396.6 388.9 382.4 373.2 373 378.8 385.1 393 402.8 414.5 426.1 437.5 448.3 458.6 469 477.4 485.8 491.4 496.8 494.5 502.2 511.9 520.2 529.4 539.6 550.9 562.8 571.2 580.4 587.4 592.4 597.4 597.1 595.3 591
316.3 327.8 364.4 406.5 439.8 458.2 472.2 480.8 486 486 483.5 476.2 466.8 469.2 470.9 480.2 474.7 469.7 470.2 479.7 494.6 511.7 535.1 553.7 567.4 580.8 590.9 598.6 597.9 595.6 588.9 580.5 566.8 553 538.7 522.7 501.4 479.8 461.5 445.5 429.5 415.6 402.7 391.3 384.6 378 373.3 375.4 381.9 388.6 398.1 408.7 420.3 432 443.6 455.6 467.4 477.8 486.2 494.6 502.3 507.4 508.2 510.8 520.7 528.9 540.1 551.3 561.3 569.1 577.4 587.1 597 601.3 600.6 599.2 595.3 591.2
