public/OST50/NS90.asc
ncols 200
nrows 200
xllcorner 290000
yllcorner 600000
cellsize 50
[rows 0 to 34 of 200, columns 78 to 155 of 200]
308 309.3 309.8 312 316.4 319.5 323 326.1 328.5 332.8 336.7 341.7 346.8 354 359.3 364.2 369.1 370.3 375.8 380.6 388 393.2 397 402.8 403.6 401.3 398.4 393 387.7 383.2 378.3 373.2 365.3 354.2 342.9 332.3 324 318.2 314 309.8 305.6 301.9 298.7 294.3 291.9 292.6 292.5 288.8 288.9 288.9 289 289.2 290.5 291.7 292.8 295 297.7 299.7 300.9 302.4 303.9 305.4 307 308.5 310.7 313.5 316.2 319.2 322.1 323.7 324.7 327 330.2 332.2 328.7 324.5 324.6 330.4
310.7 310.2 309.7 312.4 317 320.7 323.6 326.8 329.4 334.3 338.1 346.7 356.5 363.7 371.2 377.4 382.1 386.4 389.8 392.2 397.2 400.4 401.9 406.8 401.8 398.6 394.9 392.9 388.1 383.1 376.1 368.6 360.6 348.8 338.3 329.4 322.3 318.4 314.5 310.6 306.4 302.7 299.4 295.2 294.4 294.7 293.8 289.1 289.1 289.2 289.4 289.5 289.9 290.2 290.7 292.6 294.7 296.8 299 300.9 302.4 304 305.5 306.9 309.6 312.3 315.1 318.1 319.5 319.9 320.9 323 325.3 326.2 321.5 325.8 330.5 335.8
310.8 310.5 310.3 312.7 317.3 321.9 324.9 327.6 330.6 335.8 345.3 355.8 366.2 375.8 384.4 391.1 393.8 397.2 400.3 402 404.6 404.7 404.4 402.2 399.4 395.6 391.8 389.1 382.6 375.4 368.3 360.9 353 341.9 333.6 326.3 321.9 318 314 310.1 306.2 303.5 300.1 297.1 297 296.9 295.3 294.2 291.6 289.6 289.9 290.1 289.9 289 290.1 291.2 293 294.6 296.8 299.3 301 302.5 303.8 305.8 308.5 311.2 314.1 315.3 315.7 316.1 317.1 319.2 320.2 316.8 326.6 331.7 334.6 338.6
311 311.1 314.8 317.6 317.2 323.2 326.6 328.6 333.1 343.4 356.3 368.5 379.1 388.9 397.9 403.3 406.1 408.8 410.5 409.1 408.2 405.5 402.7 399 394.6 391 387.8 382.6 375.4 368.3 361.1 354 346 337.1 330.3 325.8 321.3 317.1 313 309.1 305.1 302.7 300.8 298.7 298.6 299.5 298.5 297.4 295.1 292.8 292.1 291.4 290.9 289.7 289.6 290.6 291.5 292 294 297.2 299.5 300.9 302 304.7 307.4 310.1 311.1 311.5 311.9 312.3 312.2 313 314.3 324.9 331 332.1 335.7 340.2
311.8 314.1 317.6 320.9 320.3 322.5 327.7 330.9 341.8 356.9 370.2 381.8 392 402 409.5 413.8 415.8 414.3 411.1 409.3 404.4 400.9 397.3 393.6 389.9 385.7 382.4 376.3 370 363.2 356 348.8 340.6 334.3 329.8 325.3 320.8 316.5 312.2 308 304.1 301.8 299.3 300.9 302.1 302.8 301.7 300.7 299 295.9 294.7 293.7 292.7 291.5 290 290.1 291 291.4 292.6 295.7 298 299.7 301.5 304.2 307 307.9 310.5 309.9 309.9 307.9 312.7 316.5 321.8 325.5 329.4 330.9 335 340.2
312.4 316.8 319.9 322.9 323.7 323.3 328 336.9 356 370.5 384.1 394.7 404.3 413.9 418.6 418.8 418 414.6 409.2 404.3 399.4 395.3 391.7 388 384.3 380.6 376.1 369.8 363.6 357.3 350.9 343.7 337.6 333.8 329.3 324.8 320.3 315.9 311.6 307.4 303.1 300.2 302.5 304.5 305.5 306 305 303.7 301.3 298.4 297 295.9 294.8 293.7 292.1 290.5 290.7 291.4 291.8 294.5 296.8 299 301.4 303.5 303.9 306.1 309.5 309.5 303 309.8 317.2 316.8 319.3 322.8 326.4 329.7 334.9 340.1
321.1 326.4 329.5 331.5 330.4 327.1 330.1 346.9 364.3 382.5 395.4 408.1 415.3 420 421.8 419.2 416.5 408.7 403.1 399.2 394.4 389.7 386.1 382.4 378.4 373.8 368.9 363.3 357.1 350.8 344.6 338.8 334.9 331 327.5 323.7 319.7 315.3 311.1 307.1 302.3 301.8 305.8 308.2 309 309.2 308.2 306.1 303.7 300.9 299.4 298.3 297.2 296 294.5 292.9 291.3 291.7 292 293.2 295.1 296.9 301.3 301.8 301.1 303.9 306.3 300.2 306.7 310.2 314.5 316.5 316.8 320.3 324.3 328.7 334.2 339.5
328.6 333.3 338 338.9 338.6 332.5 332.9 349.9 366.6 386.7 403.8 414.6 421.2 422.8 420.4 415.3 408.8 401.3 396.4 392.5 388.5 384.5 380.4 375.8 371.2 366.5 361.4 356.7 350.5 344.3 338.1 335.2 332 328 324.4 320.9 317.4 313.7 309 305.6 302.7 305.3 308.6 311.1 312.3 312.9 310.6 308.5 306 303.5 301.9 300.8 299.6 298.3 296.9 295.4 293.8 292.2 292.1 292.9 294.5 295.6 299.2 299.6 298.9 301 300.7 299.5 304.7 308.2 310.4 316.9 316.4 318.8 323 327.7 333.3 338.6
334.7 339.7 344.4 346.3 344.8 339.4 332.9 344.6 361.8 382 402 414 420.5 420.2 416.1 406.3 400.8 393.9 389.8 385.8 381.9 378.1 373.5 368.6 364 359 353.9 349.4 343.9 337.7 334.4 331.5 328.3 325.1 321.4 317.8 312.9 308.6 308.3 309.7 307.7 308.6 311.6 313.6 315.3 316.3 315.3 310.9 308.5 306 304.3 303.1 301.8 300.7 299.4 297.8 296.3 295.1 293.4 292.2 293.2 294.5 296.3 297.2 296.7 293.7 293.7 296.7 299.7 303 306.4 311.3 315.6 317.4 321.8 326.6 332.2 337.7
340.9 345.8 350.7 353.5 351.3 349.4 337.4 339 351.1 366.7 385.2 396.1 405.3 406.5 401.3 397.2 391.9 387.1 383.3 379.4 375.6 371.8 367.6 362 356.7 351.6 346.4 341.9 337.4 333.7 330.8 327.9 324.8 321.7 317.2 312.6 311 312.1 313.5 312.4 308.7 310.7 312.7 315.2 316.9 318 318.2 316.6 313.2 309.4 306.8 305.7 304.7 303.5 301.8 300.2 299.3 298.2 297 294.4 292.5 292.1 294.1 294.9 291.7 296.1 297.1 297.4 297.5 300.5 303.4 306.8 313.5 316.1 320.5 325.5 331.1 336.8
347.1 352 359.3 363.4 362.6 357.9 349.8 338.4 341.9 353.1 364.9 378.2 386.7 391 389.4 386.8 381.9 381.3 376.9 373.1 369.3 365.4 361.7 356.1 351.4 346.3 341.2 337.5 333.5 330.5 327.6 324.7 321.9 317.9 315.2 315.7 315.4 315.2 314 312.3 310.9 312.6 314.5 316.4 318.4 319.5 320.2 321.1 319.7 316.6 311.1 308.6 307.6 306 304.6 303 300.9 299.2 297.5 299 299.7 297.8 295.7 291.5 295.8 296.5 297.3 298.1 297.3 298.6 301.9 305.7 309.9 314.2 318.8 323.8 329.2 334.8
356.5 363.6 371.8 377.8 378.5 372.5 364.8 350.4 340.5 343 352.6 361.7 370.8 375.9 376.6 376.3 375.7 375.1 371.7 366.8 363 359.1 355.4 350.6 346.4 342.1 337.7 334.1 330.3 327.3 324.4 321.6 319.3 316.5 318.6 318.3 317.7 316.5 314.5 312.3 313.3 314.9 316.8 319.1 320.5 322.6 323.8 325.1 325.3 322.7 317.7 314.8 311.1 309 307.6 306 303.9 301.8 300 302.2 302.8 300.5 299.4 299.3 298.4 297.6 298.4 299.1 297.6 297 300.4 303.5 306.4 310.3 315.6 321.1 326.6 333
363.2 378 387.6 397.3 397.4 390.4 378.8 363.9 351.9 346.4 345.9 351.6 359.2 365.5 367.6 369.5 369.4 368.9 365.9 361.8 356.6 352.8 349.8 346.4 342.2 338 334.4 330.9 327.3 325 322.4 318.1 318.7 319.6 321 320.2 319 317.7 316.1 314.2 315.6 317.1 319.5 321.6 324.6 327.3 328.5 329.6 330.8 327.9 325.9 322.7 316.2 313 310.5 309.1 307 304.8 303.2 305.4 305.9 303.8 303.4 302.6 301.7 300.9 300 299.7 298.4 298.4 297.9 300.1 303.1 306.1 309.9 317.7 324.4 331
377.6 392.2 403.8 413.4 415.3 406.8 391.5 375.9 361.1 350.3 348.4 350 353 358.2 362.3 363.2 363.5 362.7 360 356.5 351.5 348.8 346.5 343.1 339.1 334.3 330.5 328.1 324.8 323 321.2 322 324.1 324 322.7 321.5 320.3 319 317.5 316.2 317.7 319.7 322.5 326 329.3 332 333.2 334.3 336.6 334.9 333.6 327.9 323.1 317.9 314.9 312 309.9 307.5 306.9 309 310 308.2 306.8 305.8 304.8 303.7 303.1 302.8 300.7 299.9 297.6 298.5 301.4 304.9 307.8 313.9 317.4 327.6
389.8 404.2 416.9 424.8 428.8 421.4 405.8 386.6 370.2 358.8 352.2 352.6 353.6 357 358.2 359.3 359.7 358.2 355.2 351.5 348.1 345.6 343.2 339.7 335.8 330.9 327.4 324.7 325.9 327.2 326.7 326 325.6 325.9 324.4 322.8 321.5 320.3 318.8 318.2 319.7 323.2 327 330.6 334 336.7 338.2 341 343.9 344.1 342.9 337.4 331.3 324.9 319.9 316.8 313 309.9 310.8 313.6 314.8 312.4 310.6 308.3 307.3 306.4 307.3 305.7 303.2 301.2 300.9 298 300 304 305.7 311.9 316.5 321
398.7 410.2 423.9 434.3 436.7 429.8 414.8 397.9 381.5 367.1 359.1 355.1 355.8 356.3 354.5 355.6 356.4 354.1 350.9 347.5 345 342.5 339.8 335.9 332.2 329 329 329.4 330.9 331.5 329.8 328.3 327.6 327.7 326.2 324.6 322.9 321.5 321.1 321.7 323.2 327.6 331.5 335.1 338.5 342.9 345.7 348.5 351.4 352.5 352 346.4 339.4 332.2 325.3 321.4 317.3 313.2 315.5 316.4 316.5 315.9 315.2 312.7 310.2 310.5 310.7 307.9 305.2 302.9 302.1 301.4 300.9 300.8 304.1 306 313 316.9
406.3 416.6 428.8 440 440.5 430.2 415.4 400.8 387 373.9 364.2 358.9 357.9 357.8 356.1 353.1 353 350.7 348.3 345.2 342 339.3 336.1 335.3 334.9 334.2 334.4 334.7 336.2 335.4 333.8 332 330.2 329.6 328.1 326.5 324.8 323.8 324.8 325.4 326.7 331.1 335.5 340.9 346.2 351.2 354 356.7 359.8 359.3 358 353.8 347 339.3 331.1 324.9 320.4 316.4 318.7 322.3 323.2 322.9 321.4 318.7 315.6 314.1 312.4 309.7 307.3 304.7 303.3 302.6 301.8 302 298 304.4 307 310.9
412.6 423.3 434.7 439.4 434.9 423.2 411.1 398.7 385.9 375.8 366.5 361.9 361.8 360.5 357.6 354.4 351.3 349.3 346 343.1 340.5 339.4 338.3 337.9 337.8 339.4 339.8 339.9 340.9 339.4 337.8 336 334.2 331.8 329.8 328.1 326.5 326.8 327.2 328.3 330.2 334.9 339.6 345.8 352.3 359.3 362.7 365.8 368.7 366.6 363.6 357.7 351.2 344.9 335.2 328.8 324.3 319 322.8 327.7 329.6 330.5 328 325.1 321.8 316.9 314.3 311.1 308.7 306.4 304.7 303.5 302.6 302.6 303.6 304.4 305.6 310.1
418 427.8 433.4 433.4 426.5 416.8 404.6 392.4 384.8 375 366 366.4 365.9 364.2 359.5 355 351.1 348.3 345.4 343.9 342.7 341.7 340.5 340.5 342.4 344.3 344.9 345.3 344.9 343.4 341.8 339.7 336.6 333.6 331.7 329.8 329.5 329.9 330.4 331 335 339 344.1 350.5 357.5 365.4 370.1 374.1 375.8 372.7 366.9 361.5 355.6 349.4 340 332.2 326.3 323.1 328.4 333.6 335.8 337.7 334.9 332 327.5 321 316.2 312.9 310.1 308.4 307.4 305.8 304.1 303.9 305.5 306.7 311.6 324.2
426.4 429.2 430.1 427.2 418.5 409 398.3 389.9 382.9 374.2 373.2 371.2 368.8 365.9 362.7 358 353.4 349.6 348 346.4 344.8 343.9 343.1 345 347.2 349.1 349.8 350.5 348.5 347 344.6 341.3 338.2 335.6 333.6 332.2 333.1 333.6 334.1 334.9 338.2 343 349 355.6 363.2 370.5 376.2 379.9 381.2 376.6 370.1 363.6 356.6 349.4 341.2 333.2 326.8 330.2 335.7 340 342.6 344.5 341.3 337.7 331.9 325.4 318.7 315.1 311.5 311.2 310 308.4 306.7 305.8 307.4 313 325.3 337.9
434.5 430.4 426.8 421.2 412.1 402.1 394 386.3 378.1 376 376.5 376 372.5 368.2 364.8 361.2 356.2 352.4 350.7 349 347.3 346 347.9 349.9 352.1 354 354.7 354.5 351.7 350.1 346.8 343.2 339.8 337.8 336.4 335.1 336.1 337.1 337.8 338.7 341 346.1 351.4 360.6 367.9 375.2 380.7 382.5 381.1 376.3 369.8 363 356 349.4 342.2 334.2 333.4 339.2 342.3 346.4 349.3 350.6 348.5 344.7 336.7 329.1 323.5 319.9 316.2 314.3 312.6 311 309.3 308 314.3 326.4 338.8 339.8
438.7 433.3 424.8 416.2 406.2 397 390.5 388.3 386.3 384.3 382.2 380.7 379.2 374.9 370.6 365.7 359.6 355.8 354.3 352.8 351.1 350.4 352.7 354.9 357.2 358.9 359.8 358.4 354.9 352.8 349 345.3 342.3 341.1 339.3 338.2 339.1 340.1 341.1 342.5 344.9 348.8 354.3 361.6 369.6 378.6 382.5 383.2 380.3 376 369.6 362.5 355.2 348.6 342.1 335.6 342.6 346.9 349.9 353 355.8 356.5 354.8 348.9 342.5 334.4 328.8 324.6 320.9 318 314.6 313 311.6 315 327.6 339.7 339.8 339.8
442.1 431.1 421.4 412.5 404.2 399.2 395.8 394.6 393.1 391.1 389.1 386.3 385 381.6 377.3 371.6 364.8 361.4 358.8 357 354.6 354.2 356.5 358.7 360.7 362.2 362.9 361.5 358.5 355 351.2 347.4 345.9 345.2 343.3 341.9 343 344.2 345.6 346.4 348.3 351.2 358.6 366.5 373.3 380.6 381.3 382.1 379.4 375.6 369.8 362 354.5 347.9 342.3 345.5 349.6 354.9 357.8 360.8 363.1 362.8 359.1 352.9 346.8 341.2 335.2 330.9 325.8 320.9 318 314.7 315 328 340.5 339.8 339.8 339.8
442.1 431 419.6 411.1 405.1 403.1 402.2 400.8 399.4 397.9 395.9 393.2 390.4 388.3 383.6 377.5 372.9 369.4 365.1 359.8 357.9 358 359.9 361.9 363.9 365.1 365.9 364.7 362.6 359.8 355.8 351.8 350.1 349.2 347.4 346.2 347.4 348.9 350.4 351.1 351.1 355.8 362.4 370.3 376.3 381.3 381.8 382.3 379.7 376.5 371.5 364.4 355.7 349.2 351.7 355.2 358.5 362.8 365.8 369.1 372.1 370.2 364.3 357.6 351.1 345.5 340 335.4 329.9 323.8 319.7 316.5 328.3 341.3 339.8 339.8 339.8 339.8
442.1 431.8 422.2 413.2 411.3 409.7 408.5 407 405.6 404.2 402.6 400.2 397.4 394.5 389.5 384.1 379.9 375.6 371 365 359.7 361.5 363.3 365.1 367.1 367.9 369.4 370 367 364.4 361.6 359.1 357.5 355.5 351.8 350.8 352.2 353.8 355.3 355.7 356.1 359.2 365.1 373.1 379.1 382 383.1 383.2 380.8 377.5 373.2 366.9 358.3 356.7 360.8 363.6 366.8 370.5 373.6 377 381.5 375.6 369.6 362.9 356.2 352.2 346.5 340.5 335.2 329.9 323 329.2 342.3 339.8 339.8 339.8 339.8 339.8
444.3 435.3 425.1 420.2 418.4 416.6 416.1 414.7 413.3 411.8 410.4 407.3 404.6 401.9 397.4 391.4 386 381.7 376.6 370.5 366.6 366.7 368.1 369.5 371.6 372.7 373.7 375.2 374 373.5 371.5 367.5 365.5 363.2 359.5 357.8 358.1 359.1 360.1 361 361.5 362.1 368.6 375.1 381.3 382.7 384.1 384.1 381.8 378.5 374.2 369.3 361.1 366.1 369.8 372.5 375.2 377.7 381.4 387.6 392.6 384.9 374.6 369.3 364.8 358.9 352.4 346 341.3 335 327.4 343.2 339.8 339.8 339.8 339.8 339.8 339.8
448.6 441.9 433.7 429.8 426.4 427.3 428.9 427.5 425.6 423.1 420.7 417.5 413.3 409.2 405.4 399.3 393.3 387.8 381.9 375 369.6 371.1 374.5 376 377.5 378.9 380 381.5 383.1 383.1 381.2 376.9 373.5 370.8 366.8 364.6 364.8 366.3 368 369.6 369.4 366.9 372 379 385 386.1 387.2 386.8 384.5 381.8 376.9 371.6 367.6 375.5 378.6 381.6 385.4 392 397.3 402.8 399.2 391.5 381.4 375.6 369.9 365.6 358.7 351.8 345.6 339.5 343.2 339.8 339.8 339.8 339.8 339.8 339.8 339.8
456.5 450.1 444.2 440.4 439 440.5 439.9 438 435.8 433.4 431 427.6 423.4 419.2 414.3 408.3 402.2 394.6 386.5 379.5 379 379.5 380.7 381.6 383.3 385.2 386.3 390.2 391.4 391.4 390.9 386.3 381.5 378.1 373.6 371.4 372.8 374.3 376 377.7 375.4 370.2 376 383.2 390 391.5 392.7 391.2 388.8 386 382.1 377.7 375.9 384.6 388.8 393.2 398.4 404.9 409.9 413.1 407 397.7 387.9 380.4 375.6 372 365.5 358.6 352.2 345.3 339.8 339.8 339.8 339.8 339.8 339.8 339.8 339.8
464.3 460.3 455.1 452.5 453.7 452.7 449.9 447.5 445.5 443.6 441.2 437.7 433.6 429.5 424 418.1 410.6 401 391.6 386.3 383.9 384.8 386.2 387.3 389.2 391.4 394.4 399.1 399.8 399.9 399.9 395.1 390.2 384.3 378.6 380 381.4 382.8 384.2 385 381.3 377.5 382.6 388.7 394.7 398.3 397.8 396.8 395 392.7 389 384.6 384.5 393 399.3 405 412.1 417.1 422.4 419.2 411.9 403.5 394.6 385.9 381.2 377.6 372.2 366 358.7 350 339.8 339.8 339.8 339.8 339.8 339.8 339.8 339.8
472.1 469.2 466.3 466.3 465.3 462.4 459.8 457.1 455.1 453.2 450.9 447.1 443.1 438.9 432.6 426.1 416 407 397.7 393.5 390.2 389 392.9 394.7 396.6 400.6 406 409.7 410.6 409.5 408 403 397.9 392.9 388.4 388.6 390.1 391.5 392.9 390.6 386.7 383 387.3 393.3 399.1 405.4 406.7 406.4 404 401.3 397.1 394.9 398 402.3 408.7 418 426.3 432.1 429.9 426 417.8 410.4 402.3 391.3 383.6 380.1 376.7 370.2 363.8 355 345.4 339.8 339.8 339.8 339.8 339.8 339.8 339.8
478.2 478 478.5 477.7 475.4 472.5 469.6 466.9 464.8 462.8 459.3 455.7 451.9 447 440.9 432.5 420.9 412.6 406.4 401.6 397.9 395.2 399.2 403.6 405.4 414.9 421.1 423.3 422.5 421.4 417.1 412.7 407.5 402.3 398.8 398.2 398.7 400.1 399.8 396.1 391.6 388.5 392 397.3 403.6 410.6 416.2 416.9 415.7 412.3 410 407.6 406.8 411.7 418.5 431.8 442 440.4 436.3 430.6 422.9 416.7 410.1 394.8 385 380.9 376.4 373.1 366.8 357.8 349.7 341.2 339.8 339.8 339.8 339.8 339.8 339.8
487 487.2 487.5 488.1 485.4 482.5 479.6 476.8 474.4 471.3 467.7 464.1 460.4 453.4 445.9 436.9 428.3 423.1 416.9 411.7 407.3 403 406.3 412.4 420.3 429.4 435.6 438.1 435.1 431.1 426.3 422.4 417.7 412.5 409.4 408.2 407.9 408.7 405.4 401.7 397.2 395.2 398.4 403.5 411.4 419.4 424.4 426.7 426.3 424.1 421.9 420.1 418.9 426.1 436.4 446.9 453.6 447.7 441.8 434.6 427.7 420.3 411.9 396.9 385 379.3 375.8 372 367.1 359 350.9 345.6 339.8 339.8 339.8 339.8 339.8 339.8
492.4 494.9 497.1 498.7 495.9 493.1 490.2 487.3 483.2 479.5 475.7 472 468.2 459.6 450.7 444.6 437.8 432.7 427.5 421.8 417.4 411.3 414.5 422.7 435.8 444.8 450.3 447.8 444.7 440.2 435.6 431.2 427.7 422.6 420 418.8 417.6 415.6 411.3 407.3 404 403 405.4 411.7 420 428 434.9 440.5 441.7 439.7 437.4 434.6 436.1 443.3 450.4 459.1 460.2 453.7 445.3 437.6 431.9 423.5 413.3 397 386.9 378.1 373.2 369.5 364.1 358.5 353.3 346.7 339.8 339.8 339.8 339.8 339.8 339.8
499.5 503.9 508.1 509.9 507.7 505 501.7 497.7 493.1 487.6 483.7 480 475.6 467.6 461 454.2 447.4 442.3 437.1 431.9 425.9 419.6 423.9 436.2 446.6 456.4 459.7 457.3 453.5 449 444.6 440 436.5 432.8 430.6 428.8 425.9 421.6 417.2 411.5 408.9 409.3 414.1 419.8 427.7 438 446 452.8 459.8 460.8 457.5 451.7 450.4 455.8 462 462.9 461.4 453.6 446.4 438.4 432.1 424.1 411.8 397.7 388 379.5 372 366.3 361.3 356.3 352.8 346.8 339.8 339.8 339.8 339.8 339.8 339.8
509.1 514.1 518.7 520.9 518 515.4 511.8 507.6 502.9 497.6 491.9 487.9 483 476.6 470 463.8 457.1 451.9 446.8 441.4 434.1 428.9 435.7 445 455.1 463.3 465.7 464.3 459.7 455.4 451.9 448.5 445.5 442.1 439 435.7 431.4 427 421.9 415.7 412.8 416.1 421.7 427.6 435.1 446.6 457.4 464.2 476 477.9 475.1 468.7 466.5 468.7 469.9 467.6 459.8 451.2 442.5 434.4 428.4 421.5 409 398.6 388.3 378.3 370.7 364.3 359.3 354.3 350 345.8 339.8 339.8 339.8 339.8 339.8 339.8
