public/OST50/NS90.asc
ncols 200
nrows 200
xllcorner 290000
yllcorner 600000
cellsize 50
[rows 70 to 104 of 200, columns 0 to 77 of 200]
330.3 339.7 365.5 404.7 434.5 449 459.7 467.5 468.4 466.7 464.2 458.8 461 477.2 491.6 492.5 482.3 473.9 476.2 483.9 498.3 515.8 538.2 555.9 570.6 584.9 598.1 603.7 600.1 594 585.8 574.8 561.9 547.8 533.6 516.8 495.1 474.1 457.7 442.1 426.1 412.6 400.4 390.2 381.9 377.5 374 378.3 385.2 393.3 403.4 414.5 426.6 438.8 451.6 464 476.2 486.6 495 503.3 511.4 516.8 520.2 523.8 529.4 539.6 550.2 558.3 566.8 575.5 583.9 593.6 602 603.6 602.9 599.1 596.2 593.7
351.5 349.6 359.8 394.6 421 437 447.4 450.9 449.2 447.4 445.1 453.1 472.3 492.1 501 501.7 491 478.6 479.9 488.8 501.7 518.1 538.9 556.9 571.6 585.5 596.5 601.6 597.2 587.5 577.5 566.2 552.8 539.3 525.8 506.6 486.4 467.1 452.6 438.6 422.6 410 400 390 380.8 376.8 376.7 381.5 390 398.4 408.7 421.4 434.5 447.2 460 472.4 484.3 494.6 503.9 512.1 520.4 525.5 530 534 538 547.1 554.7 562.4 571 580 589.3 598.5 605.2 606.3 605.4 603.7 602 597.6
380.6 359.1 366.4 387.9 397.2 418.1 429.1 429.8 428.7 430.3 447.7 465.1 482.6 499 510.7 510.6 500.9 490.1 485.7 494.9 507.8 523.3 539.4 556.7 572.1 583.6 592 594 587.3 578.1 567.5 555.7 542.9 529.1 514.2 494.4 475.4 459 446.8 433.2 419.6 409.6 399.3 388.9 380 379.5 378.4 385.3 393.7 402.8 414.9 429.2 442.7 455.5 468.3 480.6 490.3 500.5 510.8 519.8 528.6 535.2 539.7 543.8 546.7 551.1 558.7 566.7 575.3 584.5 593.6 602.9 608.9 611.8 611.2 609.6 606.5 601.6
412.4 388.1 377.2 394.9 392.5 391 402.2 416.4 435.5 450.8 467.5 482.6 498.8 509.7 517.3 517.3 508.1 498.2 497.6 502.2 513.7 525.3 541.6 558 570.7 579.6 583.3 581 576 565 553.7 542.8 530.3 517.1 498.9 480.5 463.8 451.8 438 424.7 412.1 402.1 392.9 384.3 379.4 379.1 381.8 389.4 397.5 408.7 421 437.1 450.8 463.7 476.7 485.7 495.2 505.3 515.2 524.8 533.5 541.6 547.4 550.2 552.9 556.8 563.1 571.4 580.6 590.4 598.8 607.9 614.4 616.3 615.2 612.8 609 603.8
421.1 400.6 381.3 408.1 416.2 425.2 433.4 447.1 462 477.9 489.8 502 512.7 521.6 522.9 520 509.7 503.2 505.3 509 516.1 526.3 541.3 556.6 567.3 572.8 571.9 567.9 559.7 547.8 537.4 526 515.1 499.1 483.4 464 447.7 437.1 427.4 414.4 404.6 396.1 388.5 381.1 379 382.3 385.8 392.4 401.9 413.1 426.9 443.5 459.1 472.2 482.2 490.8 500.2 510.1 519.5 529.9 538.4 546.6 551.8 555.5 557.2 562.9 570.6 576.8 585.8 596.2 604.5 612.8 617.8 621 618.6 614.4 608.3 601.2
412.9 393.1 394.6 415.1 427.1 438.2 453.7 470.2 485.4 499.1 511.6 519.1 526.4 527.3 521.3 510 499.4 501.6 510.8 515.5 517.3 521.3 535.6 550.8 561.8 563.5 562 555.1 542.2 528.7 518.4 505.2 489.5 473.4 457.2 443.8 430.8 421.5 412.1 403.9 396.7 390.2 384.3 381.4 382.6 385.1 389.3 396.3 407.5 418.9 433.9 449.4 465.6 478.5 487.4 496 505.2 514.9 523.8 534.4 543.5 550.4 555.6 560.7 565.2 571.7 578.6 584.4 591 602.1 609.9 617.1 622.3 620.9 619.6 613 605.9 598.8
417 402.3 397.1 417.2 429.4 444 460 478.5 494.9 510.6 520.8 524.3 523.6 517.8 505 491.6 485 498.3 513.3 518.7 509.8 503.3 521.5 535.6 546.5 548.1 545.5 535.6 522.7 508.5 494.6 479.3 466.1 452.5 440.4 424.8 414.6 406.1 399.9 394.4 389.6 388.7 385 382.3 383.7 386.4 392.4 401.5 413.3 426.5 441.6 456.6 471.4 483.2 492.3 501.2 510.3 519.7 528.2 537.4 545.8 551.9 559.9 567 574.7 581 587.9 596.5 602.8 607.9 613.7 618.6 621.5 620.9 616.3 610 603.7 598.1
425.4 411.2 399.9 414.3 430.3 445.4 463.3 481.2 498.7 514.8 521.8 520.3 511.9 500.8 487.3 470.8 476.7 494.3 506.1 495.5 480.8 479.4 497.8 511.4 524.7 524.3 519.3 511.4 498.8 486.7 470 453.9 442.6 434.1 426.6 411.8 401.9 395.3 391.7 387.7 387.6 387.6 387.6 385.7 383 389.1 395.6 407 418.9 433.2 447.9 462.7 477 487 496 505.5 516 524.7 531.9 539.3 548.4 554.2 564.6 573.9 582.5 590.7 599.5 608.2 611.4 611.5 614.6 619.1 620.5 617.9 614.1 608.9 604 597
435.2 420 410.9 411.6 431.5 446.7 463.5 480.2 495.2 506.4 508.1 503.7 495.1 483.2 472.1 455.3 469.3 485 477.8 462.7 451.4 457.3 471.3 483.9 492.8 495.1 491.4 485.1 468.2 454.3 443.5 435.3 426.4 419.3 412.2 399.8 393.9 389.3 387.8 387.6 387.6 387.6 387.6 388 387 392.8 401.1 411.7 425.3 439.8 453.1 467 480.2 490 499.8 510 520.2 527.7 534.9 542.3 550.2 559.4 570.9 580.2 589.2 600.7 609.4 614.6 615 615.5 616.3 619.5 618.3 615.2 612.4 609.3 604.4 598
442 430.8 418.1 413 429.2 445 462.1 478 490.1 497.1 495.3 488.7 478.5 466 453.9 447.6 462.9 459.1 444.9 432.8 420.8 430.5 442.4 457 468.2 475.8 469.5 452.4 437.1 425.8 422.6 418.1 412.2 405.9 399.9 394.3 390.7 387.9 387.7 387.6 387.6 387.9 388.3 388.8 389.3 396.6 405.5 416.5 431.7 447.2 460.4 473.6 484.9 494.6 504.3 514.4 522.1 529.4 537.7 545.3 555.2 566.3 577.2 586.4 598.1 609.9 614.4 617.6 618.5 619 619.5 618.1 616.3 613.6 610.6 608.7 604.8 599
446.6 439.1 428.1 421 430.1 442.9 459.9 473.8 484.2 487.1 483.9 474.2 456.6 444.9 433.6 444.5 446.8 431.8 418.1 405.7 395.4 405.5 418.7 440.4 456.4 456.6 438.5 422.8 413.9 412.1 410.9 408.3 405.7 402.4 399.7 395 392.1 391.7 391.5 390.5 389.2 389.5 389.7 389.8 389.6 399.5 409.7 422.7 437.3 453.7 466.5 476.1 485.7 496.7 507.7 518.6 524 531.1 539.4 549.4 560.8 572.1 583.4 592.9 602 612.4 617.4 620 621.9 622.4 621.3 619.3 617.5 614.4 612 609.7 605.6 602.3
444.3 440.6 434 428.2 431.6 442.3 456.3 469.6 476.1 470.6 458.9 446.3 434.9 417.2 418.5 434.6 422.5 405.2 390.2 380.1 379.2 388.6 406.4 424.6 427.8 413.7 403.1 398.8 402.9 402.3 404.9 407.5 409.3 408.5 405.2 402.2 398.3 397.3 396.6 395 393.4 393.3 394.5 392.9 394.3 403.7 414.3 426.8 441.4 455.7 466.4 475.4 485.2 496.9 508.6 518.4 525.2 533.3 542.3 553.6 565 575.9 585.5 595.5 604.4 614.9 620.1 620.9 623.5 624.9 622.4 620.2 618.5 616.7 615.1 613.3 609.5 605.5
430.5 444 442.8 435.6 434.5 439.7 451.4 460.7 463 442.6 427.2 414.3 408.1 394.8 405.1 406.3 396.6 381 366.2 363.7 366.6 373.8 390.2 395.5 386.9 378.2 380.2 386.3 393 400 409.8 418.4 421.2 421.2 415.5 410.9 406.5 405.8 404.8 401.4 399.8 398.9 400.1 396.7 399.7 408.5 418.7 432 445.2 456.3 465.1 473.7 483.5 494.7 508.1 517.1 524.3 534.3 545.7 557.2 568.5 577.7 587.3 597.3 607.1 615.8 618.5 620 622.9 625.6 626 625.9 620.3 619.8 617.7 615.3 612.6 609.4
437.9 460.5 455.8 444.5 439.8 439.9 442.6 447.4 437.5 417.9 399.4 390.5 383.5 379.5 390.8 382.6 371.2 355.4 352.4 351.9 352.5 355.8 362.7 359.9 357.5 363.2 370.5 381.1 398 411.5 429.8 437.1 434.3 432.5 428.2 424.5 420.9 417 416.4 411.6 407.3 406.7 405.8 400 402.2 410.7 421.3 433.8 445.8 454.8 463.4 472.1 481.8 491.7 503.5 513.7 525.6 537.5 548.9 560.3 571.2 581.7 589.8 598.8 609.8 613.7 616.3 618.8 621.5 623.3 623.9 622.8 622.6 624.2 621.1 617.8 614.8 612.4
444.3 470.4 470.5 462 451.5 442.5 436.6 433 416.3 398.9 395.1 393.8 376.9 362.1 369 361.3 349.7 345 343.9 343.8 342.5 341.4 340.1 343.4 350 360.8 375.8 394.8 418.4 443.2 452 449.7 443.3 441.3 440.1 439.1 435.9 432.1 427.6 424.7 419.4 415.1 411.5 403.6 404 412.8 424 434.3 444.7 453.5 461.7 470.4 480.2 488.7 498.6 511.7 528.5 540.6 552.1 563 574 584.5 594.8 602.1 606.4 610.4 613 614.8 619.3 621 622.1 625.5 629.2 628.4 625.4 622.2 619.2 618
450.6 477.3 485.8 479 465.8 452.4 439.3 425.9 417.1 420.6 423.7 422.4 396.8 372 350 347.2 342.5 340.8 339.2 336.2 335.3 334.2 334.3 343.2 357.5 374 393.8 414.5 444.6 466.8 470.5 462.1 454.8 451.2 452.2 452.4 450.8 448.5 443.1 437.8 431.2 424.4 415.8 406.8 407.2 412.7 422.3 429.9 438.5 447.5 456.4 468.3 477.6 485.7 495.5 512 527.9 539 553.2 565.7 576.8 586.7 594.3 599.7 603.2 606.7 609.2 610.8 615.8 619 623 629.5 631.4 631.9 629.6 627 625.1 623
455.1 478.5 491.7 492 482.3 470.1 458.2 448.8 446.6 445.4 449.8 440.3 413.4 382.3 353.4 339.9 339.9 336.1 332.7 329.4 329 329.8 338.6 351.1 370.1 391.6 411.4 434.6 462.4 479.5 479.9 471.9 467.6 466.4 467.4 468.5 469.1 464.6 457.2 448.1 438.8 431 423.4 410.7 413.7 415 417.8 425 431.9 440.2 449 460.2 471.9 481.1 490.7 507 523 536.6 550.2 563.8 577.3 584.5 591.5 596.4 599.8 603.3 606.8 609 612.6 617.1 621.6 628.3 632.3 633.3 631.7 629.7 628.8 627.1
450.3 469.8 488.4 501.8 496.5 487.3 478.3 470.4 467.9 468.3 466.5 440.8 405.7 374.3 346.8 337.2 332.5 328.5 325 322.8 325.3 331.6 346.4 366.8 389.2 409.6 431.8 455.2 479.6 491.7 491.1 488.2 484.4 483.2 485.6 488.9 489.8 482 468.8 455 444.6 436.8 429.1 414.9 417.9 425.7 429.9 435.2 440.1 443.1 444.5 453.1 463 475.7 485.2 501.4 516.4 532.7 546.1 560.1 572.4 580.8 587.4 592.2 596 600.2 604.5 609.7 613.5 616.5 620.2 627.5 631.7 633.2 633.2 631.4 629.9 629
430.5 464.7 489.5 509.1 509.1 501.6 491.5 485.7 482.8 481.1 461.7 428.8 393.9 363.4 341.6 334.9 328.4 323.2 320.5 321 327.7 341.1 358.5 383.6 408.9 432.6 457 481.3 498.6 505.5 505.8 510 509.3 507.2 510.9 511.2 501.3 486.6 473.8 460.5 449.8 441.2 434.9 419.4 425 432.4 439.1 448.5 454.1 459 462.1 462.8 464.8 469.1 480.2 494.1 508.3 523.6 537.9 552.1 560.4 566.5 573.6 582 588.2 595.3 601.4 607.2 612.3 614.8 617.6 621.3 626 628.7 629.7 630.4 631.1 630.3
443.6 467.3 487.5 504.3 502.6 492.7 485.5 479.4 476.3 470 448.5 417 381.8 351.6 340.8 329.9 323.4 320.5 319.8 321.2 335.2 351.7 374 400.1 428.7 457.3 483.3 498.8 514.1 525 526.2 531.6 535.2 532.1 534.9 527.4 510.1 491.6 478.5 467.3 456.7 447.4 438.1 423.4 429.9 440.5 449.6 457.4 462.3 466.9 473 479.3 483.9 487.9 491.7 498.2 502 514.1 526.6 537.9 546.5 551.3 558.2 567.4 576.8 587 597.9 603.2 607 609.9 614.3 618.8 621.7 624.5 626.1 627.7 629.7 630.6
450.3 479.5 489 488.8 481.5 468.3 456.8 452.4 448.3 442.2 425.1 398.7 370.9 348.7 338.7 325.1 319.1 317.3 318.2 327.6 343.8 365.4 389.3 417.2 448.9 479.5 503.2 511.5 524.1 537.7 541.3 546.3 555.1 549.7 546 534.9 520.6 502.1 485.2 474.5 464 453.4 443.7 427.9 432.8 446.9 455.6 461.8 468.2 474.6 479.9 490.6 498.5 505.4 510.8 518.1 525.1 531.3 539.1 543.5 550.3 559.8 565.8 566.8 571.1 579 585.2 594.5 601.8 605.1 611.1 616.3 619.8 622.9 625.1 627.9 629.3 631.3
450.2 475.5 481.2 470 453.1 437 420.8 413.2 414.2 410.9 403.7 384.8 360.6 344.6 330.8 318.7 312.8 313.6 320.9 337 357.3 380.9 409.8 438.3 470.9 502.2 514.4 524.7 534.4 544.9 550.4 556.8 559.5 556.6 549.5 539.5 528.3 511.8 494.6 482.1 472.4 461.9 448.6 434.1 435.1 450.4 458.7 464.9 471.3 478.8 486.7 495.6 503.4 512.2 522 533.8 544.2 551.5 558.3 565.4 571.5 580.5 588.8 591.8 592.3 592.5 594.2 599.3 601.1 605.2 610.8 614.4 618 621.3 623.1 628.6 631.4 637.7
441.9 458.3 457.8 444.7 422 404.9 388 380 382.8 388.4 387 370.2 350.3 334.8 320.6 312.7 309.5 313.8 329.4 350.4 373.3 401.5 431.7 464.8 493.4 509.9 522 533 545.6 551.2 557.7 562.1 562 557.8 550.9 542.5 531.5 519.4 505.6 493.6 482.8 467.5 453.4 439.5 436.1 453.4 461.8 468.4 475.2 481.7 489.5 498.6 507.1 517.3 529.9 542.5 555.2 566.2 575.2 582.8 590.3 596 600.1 605.1 608.7 608.9 608.7 607.1 608.7 608.9 610.4 612.7 617.9 624 627.8 632.1 639.4 645.5
422.5 433.5 430.8 413.7 394.6 375.5 361 355.4 364.1 373.1 368.7 355.9 339.4 323.6 308.7 304.9 307.6 321.4 340 364.1 392.3 421.7 452 481.6 502.1 516.4 529.4 543.7 552 557.6 563.3 567.2 564 558.3 550.9 542.8 532.4 521.5 509.2 497.1 484.7 471.7 457.8 443.7 438.4 453.5 462.7 470.1 477.1 483.9 492 501.2 510.9 522.2 535.6 548.9 561.5 573.9 586.1 595.9 602 606.9 611 615.2 617.2 617.2 618.4 616.7 615.7 614.4 614.6 616.5 620.8 627.2 632.7 641.8 649.3 650.8
402.3 407.5 400.7 383.5 369.4 351.8 337.2 335.7 351.1 355.8 351.4 340.9 328.8 309.1 302.8 301 314.9 331.6 349.5 379 411.8 441.4 472 495 507.4 523.6 541.1 552.3 558.2 562.4 565.5 569 563.9 556.9 550 541.2 532.3 522.3 512.1 497.3 486.3 473.7 460.6 445 444.7 453.6 462.5 470.5 477.4 484.4 492.4 501.1 511 524 538.8 553.5 567.8 581.8 594.6 604.6 611.8 615.5 619.5 623.6 625 625.4 625.4 622.1 621.2 619.4 623 625.3 630.3 637.1 646.4 654.1 655.9 652.1
378.1 378.9 371.8 360.5 346.3 329.4 318.3 323.6 336.7 337.6 336.3 330.8 313.3 295.8 296 306.9 324.2 341.7 366.8 394.2 427.7 460.6 483.8 501.2 513.5 533.1 547.7 555.4 562.5 566.5 567.2 565.5 560.7 554.4 546.3 537.2 528.2 519.3 508.7 495.8 486.9 474.9 461.6 447.6 445.7 453.9 462.2 470.5 477.8 485.2 493.7 501.3 511.8 524.2 539.5 555.5 572.2 586.6 600.3 611.6 618.4 622.7 626.5 630.1 630.8 629.9 628.6 627.1 627.2 628.3 630.6 636.2 646.1 655.4 661.2 665.1 660 649.3
354.6 353.5 347.6 336.4 321.6 306.8 301.6 314.8 322.8 327 327.6 316.9 301.1 289.8 299.1 315.5 333.1 353.1 380.7 409.2 442.5 466.6 485.2 506.7 524.2 538.2 550.7 558.2 564.5 568.5 565.8 562.2 556.4 550.8 542.3 533.2 524.2 515.1 505 494.3 485.1 475.1 462.9 449.6 446.6 453.9 462 470.3 478.2 486.4 494.3 501.7 512.8 525.2 540.3 558.2 574.4 589.3 603.2 613.5 622 627.5 632.6 631.5 631 631.5 631.9 633.9 636.1 637.8 642.7 652.4 663.1 670 672.5 669.1 660.2 646.5
331.2 332.2 325.9 312.3 297.6 283 293.5 304.9 315.6 318.1 312 301.4 288.1 290.1 305.3 322.5 342.7 365.8 392.3 421.8 452 471.8 491.4 509.5 527.5 540.4 552.3 560.5 565.8 568.1 565.3 558.8 552.9 546.5 538.2 529.2 520.1 511.1 502.5 492.6 482.1 471.7 461.6 450.1 448.1 453.6 463.1 470.5 478.1 487.6 494.1 502.5 514 526.2 540.6 556.6 572.4 587.3 601.5 613.8 623.2 629.1 631.5 631.3 632 634.7 639.9 644.9 648.7 652.2 660.2 669 675.1 678.4 673.2 666.9 657.1 643.5
312.7 312.7 301.4 287.7 274.9 271.9 285.1 296.1 304 301.3 295.4 286 280.9 293.3 310 329.7 349.4 377.5 402.8 433.7 459.9 480.9 499.6 517.8 531.4 542.7 554.2 562.5 565.9 567.2 564.6 556.7 549.4 541.9 533.8 525.1 517 509.7 501.5 491.7 482.1 471 460.6 452.1 452.6 455 461.1 468.7 476.5 487.6 493.9 503.9 515.3 527.4 541 555.2 569.6 583.6 596 608.4 620.2 628.7 630.2 631 632.7 640.1 647.5 653.4 658.7 667.3 674.3 679.2 682.7 680 674.3 664.5 652.9 640.1
289.1 288.6 276 266.4 267.9 269.5 277.5 287.2 287.5 283.8 279.1 270.5 284.9 299.7 315.6 335.9 359.3 387.8 415 445.3 470.7 491.6 506.7 523.4 536.7 548.2 559 564.5 566.8 566.7 563.1 556.8 548 539.8 531.8 523.5 516.1 508.8 500.3 490.8 481.2 471.6 460.2 456.2 457 459.2 462.7 468.2 475.1 483.3 494.1 505.5 516.9 528.4 541.2 555.4 568.2 578.7 590 601.6 614.2 622.8 628.4 629.5 638.8 646.2 653.8 662.1 669.4 677.3 681.9 688 683.5 680 669.8 659.3 648.3 635.8
270.2 265.6 257.4 250.5 255.8 262.6 270.6 276.8 276.2 269.1 263.4 272.3 289 306.2 322.4 342.5 368.2 395.9 426 456.3 481.9 497.8 513.2 528.6 540.9 550.7 559.9 565.3 566.7 565.7 561.5 557.3 548.4 539.9 531.7 523.6 515.3 507.7 499.1 489.8 480.3 471.7 465.5 461.2 462.2 464.3 468.7 475.8 483 490.1 499 510.3 520.2 530.1 541.8 555.6 566.3 577.1 587.6 598.2 608.8 617.9 624.6 633.6 644.3 652 659.9 670 676.2 682.7 686.9 686.7 681.6 675.4 665.4 654.5 643.6 631.5
250.2 247.7 243.4 245.6 250.2 259.9 266.9 269.4 263.2 257.9 262.9 277.7 293.4 310.2 327.4 351.1 378.3 407.6 438.6 469.5 489.4 504.2 519.2 533.8 543.4 553.1 560.6 564.9 566.7 564 560.7 554.7 547 539.9 531.9 523.9 514.4 506.4 497.8 489.4 483.6 477.9 470.4 466.3 466.6 469.9 475 481.5 489.1 496.5 504 513.7 523.7 533.7 544.3 555.7 567.4 577.3 587.5 597.6 607.4 615.5 625.1 637 649 657.2 665.6 674.1 681.1 684.7 685.6 683.1 677.7 670.6 661.2 650.5 639.4 626.5
238.2 233.6 236.8 241.8 250.9 264.2 262.3 254.9 249.9 253.4 269.6 283.5 298.4 317.7 341 362.8 390.3 422.2 454.1 479.4 495.1 509.8 524.7 535.8 545.8 554.2 560.7 563.4 564.9 562.6 559.2 550.7 545.4 539.6 532.1 524.2 515.7 508.5 500.9 495.1 489.8 483.7 475.5 471.8 472.1 475.7 480.5 487.5 495.1 502.6 510.2 517.8 527.5 537.7 548.9 558.5 567.8 577.9 588.7 599.5 608.7 617.2 628.7 641.3 652.9 661.6 669.4 673.5 678.4 678.8 680.1 677.4 673.2 666.1 657.2 647.1 636.3 622.9
230.7 230.7 233.1 241.4 253.3 252.1 249.8 245.8 253 262.6 276.8 292.6 310.5 332.8 355.4 379.3 412.7 442 470.3 484.4 498.8 513.4 527.8 537.8 546.6 554.6 559.8 562 561.2 559.8 554.7 545.3 542.6 541.4 534.2 526.7 520.2 513.2 507.2 501.7 496 488.7 480.5 476.9 478.1 481.4 485.4 493.5 501.1 508.7 516.3 524 531.6 541.4 551.5 561.5 571.6 581.4 591.4 601.5 610.8 620.8 632.4 645.5 656.7 664.6 666.9 672 673.3 673.3 672.9 670.9 666.4 661.6 653 643.8 633.2 619.8
225.4 227.8 231.5 240 243.2 240.9 239.5 246.4 259.1 273.1 288.7 307.6 329.8 352.2 376.8 406.3 432.6 461.1 475.8 487.8 501.9 516.2 529.4 536.9 544.7 552.1 557.2 558.7 556.9 548.2 543.1 545.8 547.1 543.5 537.4 531.5 525.6 519.8 514.3 508.8 501.8 493.4 485.5 482.3 484.3 487.2 490.4 498.4 506.6 514.9 522.6 530.2 538.2 546 555.8 565.9 575.9 585.6 595.3 605.2 614.7 625.2 636.5 648.6 653.3 657.6 661.2 662.1 662.6 662.5 664.1 664.5 660 655.7 649.7 640.5 630.7 619.4
