public/OST50/NT00.asc
ncols 200
nrows 200
xllcorner 300000
yllcorner 600000
cellsize 50
[rows 105 to 139 of 200, columns 0 to 78 of 200]
440.4 435.9 433.5 433.2 432.9 432.3 434.4 436.7 438.9 440.8 442.6 444.1 445.9 447.7 449.4 448.5 448.4 446.1 438.7 432.8 427.9 420.7 414.1 408 405.4 402.8 400.6 398.9 396.6 393.3 390.5 388.3 383.6 378.2 372.8 367.5 362.5 358.6 354.2 349.5 343.9 338.3 332.9 328 322.5 317.1 312 307.2 302.3 295.4 287.2 290.4 287.9 284.2 280.8 277.8 274.9 265.6 263 263.9 263.9 264.3 263.8 263.8 260.8 256.4 253.1 250.4 246.8 241 235.1 232 228.4 226.7 224.6 223.1 221.9 220.8 219.5
444.9 438.4 434.4 434 433.8 434 436 438.4 440.7 442.3 443.7 445.2 447.4 450.3 452.5 454.4 458.1 455.4 446.3 437.9 432.4 424.9 417.3 410.9 406.1 402.3 399.5 396.8 392.9 389.3 386.3 383.8 381.5 375.6 370.2 365.4 360.6 356.6 352.2 348 343.1 337.7 332.5 327.7 322.7 317.5 312.3 307.3 302 291 293.5 292.6 289.5 285.9 282.6 279.4 274.3 269 271.2 273.4 274.5 274.9 274.7 272.8 269.3 266 260.9 254.6 249.1 243.9 237.5 232.4 229.2 226.9 225.1 223.2 222.1 221 219.6
447.7 440.7 434.9 434.6 434.2 434.9 436.7 438.9 441.8 443.9 445.3 448 451 454.6 458.4 464.1 465 460.2 452.7 444 438.8 430 421.3 414.4 407.7 402.9 397.6 393.1 388.6 384 380.1 377.5 375.1 372.4 367.7 363.2 358.9 354.6 350.3 346.2 342 336.6 331.6 326.7 322.5 317.6 312.3 307.1 301.3 296.7 297 293.4 290.6 286.5 283.6 280.5 276.2 278.8 281.9 282.4 282.9 282.8 283.4 282.4 278.3 275.6 268.7 260.4 253.8 247.4 241.4 237.7 234.5 231.8 228.2 224.4 222.5 221.2 219.8
449.6 442.7 436.2 434.4 433.8 434.3 436.4 438.8 442.2 444.8 447.4 451.6 455.6 459.9 465.6 466.9 465.4 462.5 457.7 452.6 444.8 432.9 422 416 408 401.2 392.7 387.2 382.7 378.3 373.8 371.2 368.9 367.1 364.5 359.9 355.8 351.8 348.6 344.5 340.3 335 330.1 326.5 322.1 317.7 313.1 306.9 300.4 298.6 298.7 295.5 291.8 285 284 276.4 278.8 286.9 290.1 290.6 290.1 290.3 293.4 293.1 288 282.7 275.7 268.5 262.7 253.9 247.7 243.2 238.6 236.5 232.8 227.5 223.8 222 219
450.8 444.3 437.5 433.8 432.8 433.4 435.6 438.4 441.4 444.1 447.9 452.7 459.2 466.4 468.7 468.8 466.4 463.8 460.6 453.8 444.7 432.2 425.1 416.7 405.8 397.3 387.8 381 376.6 372.4 368.6 365.1 363.7 361.6 359.1 356 352.2 348.5 345.6 342.6 338.9 333.4 328.4 324.8 320.5 316.2 310.8 304.4 302.3 303.1 299.3 296.9 293.4 289.1 279.3 283.4 288.3 293.2 294.9 296.9 297.5 300.2 301.5 300.3 298.7 295.2 286.6 278.8 272 262.4 255.6 249.5 244.7 241.5 237.8 233.3 228.4 224.6 222.4
450.1 443.5 437 432.9 431.8 432 434.2 437 440.4 443.8 447.1 452.8 460.1 466.8 466.8 465.9 464.9 462.7 458.1 452.4 444.3 433 425.7 411.8 401.9 392.1 382.9 374.9 370.9 367.3 363.5 360.2 358.2 356.1 353.7 351.5 349.3 346.4 342.8 340 337.6 333.9 329.3 324.3 320.4 315.8 311.6 308.1 305.6 306.5 302.5 297.7 293.7 286.8 285.1 289.8 294.6 299.6 305.1 305.9 306.5 307.8 307.6 306.3 305.6 303.5 299.8 290.5 277.2 269.2 262.5 256.3 251.4 248.2 244 240.1 235.8 232.6 227.8
448.3 441.7 435.4 430.8 429.9 430.3 432.6 435.3 439.3 443 446.5 451.3 459.4 464.1 465.1 463.7 460.9 457.6 451.7 447.3 437.3 424.3 412 401.4 393.3 383.8 375.2 369 364.9 361.1 357.2 353.7 352.3 350.8 349.3 347.9 345.9 343.6 341.1 338.4 336 333.4 329.5 325.7 321.7 317.7 314.2 311.3 307.4 306.8 303 288.8 287.6 291.1 292.7 294.7 299.2 305 311 313.6 313.2 315.7 318.5 318.2 315.7 313.7 311.5 298.3 287.2 279.4 270.3 263.1 260 260.1 255.4 250.2 245.5 239.8 234.2
447 440 434.1 428.8 427.9 428.4 430.3 433.6 438.1 441.8 444.9 449.9 456.4 460.3 462.3 460.9 455.5 450.9 444.7 432 420.5 409 397.2 388.2 381.4 373.9 367.6 363 358.9 355 351.9 349.2 348 346.6 345.5 344.5 342.8 341.2 339.3 337 334.5 332.1 329.4 325.6 321.7 318.6 315.3 313.8 304.2 293.2 291.3 288.1 297.2 297.4 297.6 299.9 304.9 308.8 313.6 320.1 324.4 327.6 331.1 332.1 326.5 325.5 324.3 312.6 297.5 290.3 285.7 272.9 270.7 271.2 269.4 262.5 254.5 248.3 243.3
447.1 438.8 432.6 427.3 425.4 426.1 427.2 430.2 434.5 440 443.2 447.7 452.4 454 452.7 451.4 447 438.7 424.2 414.4 405.2 394.3 384.1 377.2 371.2 365.8 361.7 357.4 354.2 351.2 348.2 345.2 343.5 342.5 341.5 340.6 339.2 337.8 337.8 335.3 333.2 330.8 328.3 325.5 321.8 318.7 315.8 310.2 296.2 299.4 299.9 301.8 301.9 302.1 303.6 306.6 310.5 314.4 320.2 326.9 330.5 332.9 335.6 335.1 333.3 332.7 330.4 320.8 305.8 295.9 289.3 283.3 280.8 279.7 275.2 268.8 261.1 257.3 251.5
449.3 441 434.1 429.9 424.6 421.5 422.5 425.3 428.6 436.4 439.4 440.9 443.2 441.5 437.1 430.2 422.3 413.3 402.9 394.1 387.3 380.2 373.4 368 362.8 359 356.7 353.7 350.5 347.4 344.4 341.5 339.8 338.1 337.6 336.7 335.3 334.9 333.7 332.3 330.9 329.3 327.5 321.6 318.4 311.4 301.3 304.1 307 308.5 308.3 308.7 308.5 308.8 310.7 313.9 318.6 321.2 324.1 329.2 333.6 335.8 337.1 336.8 335.8 335.3 334.9 324.2 311 300.2 293.1 285.2 286.6 282.5 277.3 271.5 266.6 263 257.9
452.8 444.8 440.1 434.5 427.1 419.9 416.6 417.8 421.6 426.4 428.7 429.8 429.8 424.2 418.9 411 404.3 396.6 390.3 384.3 378.3 371.3 363.8 360.7 358.1 355.7 353 349.6 346.7 343.6 340.6 338 336.1 333.9 333.8 332.9 331.4 330.9 329.8 329.3 329.2 327.1 319.3 311.4 307.5 306.3 310 311 311.7 313.3 314.6 314.7 315.7 317.1 319.2 324.5 333.5 332.2 335.7 338.4 338.8 342.1 346 341.1 336.2 333 332.6 324.3 312.9 302.8 295.5 290.8 288.6 283 276.3 272 268.1 265.6 261.2
455.9 452.8 447.5 441.5 433.3 421.8 410.6 409.4 411.9 414.6 415.8 416.1 415.3 410.1 403.5 396.8 391.5 385.9 380.9 375.2 369.5 363.5 359.5 357 353.9 351.1 348.5 345.6 342.4 339.8 336.8 334.5 332.5 330.2 330.2 327.8 326 328 327.5 325.5 323.2 316.1 317.3 317.3 315.9 313.8 314.7 316.4 316.6 317.1 319 321.2 324.4 330.6 334.3 336.7 337.6 338.5 342.4 346.7 347.2 346.1 343.6 339.8 334.4 327.8 323.8 318.5 309 300.7 295.2 290.7 287.4 282.8 276.8 271.7 268 264.8 262.2
464 460.8 455.4 447.4 437.4 425.7 414.1 405 404.3 404.7 404.9 404 400.7 396.3 390.4 384.5 379.9 376.9 373.1 368.3 364.1 358.9 355.2 352.8 350.6 348.2 345.7 343.5 340.4 337.5 336.7 335.1 333.7 332.7 334 333.3 330.8 324.7 325.5 321 325.4 324.3 323.9 322.6 321.3 320.5 321.1 322.2 322.1 322.7 323.9 327.3 336.2 342.2 347.6 354 353.2 349.2 348.8 350.7 346 341.7 337.7 331.7 325.5 318.6 313.3 308.6 302.6 297.4 293.1 288.7 285.1 282 276.1 270.2 266.4 264.1 261.9
471.7 469.8 465.3 456.6 448.3 431.5 419.3 407.9 396.5 397.5 396.8 394.1 389.5 384.5 379.5 375.6 372.3 368.8 365.9 363.1 359.5 356.2 353.1 350.7 348.6 346.3 344.4 341.9 341.8 340.2 338.4 336.4 335.4 336 336.8 337.3 336.1 331.5 325.5 329.5 330.8 330.5 329.6 328.3 327.8 327.4 327.4 328 327.8 332.2 335.7 343.3 351.7 356.9 359.9 367.3 364.1 356 350 348.1 341.7 336 328.8 320.8 315.5 310.2 304.2 300.3 296.8 292.7 288.3 284.1 280.6 277.8 274.7 270.1 266.6 263.8 261.6
480.7 480.2 477 468.2 456.2 438.4 424.8 412.2 401.8 389 387.4 384.7 380.4 376.3 371.9 369.2 367 364.7 362.3 359.5 357.4 355.5 353.1 351 349 347 345.5 344.8 343.5 341.5 339 337.5 339.4 339.7 339.9 340.4 339.4 337.9 335.3 335.5 336.2 336 335.3 334.8 334.3 334 334.2 335.4 339.1 344.9 351 357.8 362.5 364.7 367.1 369.7 367.1 358.9 352 346.4 337.5 328.4 320.7 313.3 308.6 303.3 299.1 294.8 291.6 287.8 283.5 279.4 276.1 273.8 272.4 269.6 266.3 263.7 261.3
487.4 484.8 482 476.2 465.4 445.1 430.1 415 403.8 393 382.7 379.2 376.2 373.6 371.6 370.2 368 365.5 363.1 359.8 357.5 355.7 354.3 352.8 351.3 349.7 348 347 345.1 343.4 342 342 343.3 343.4 343.6 343.5 342.7 341.7 341.2 341.3 341.4 341.3 341.4 341.2 340.8 343.3 344.8 348.2 353 357.1 363.1 371.1 374.5 381.7 381.2 374.5 368.9 361.2 352.9 346.3 334.1 322.2 313.6 307 301.4 298.3 294.8 290.1 286.4 282.9 278.6 274.4 272.3 271.1 270.1 269.2 266.2 263.5 260.7
493.1 489.4 485.6 480.8 470.9 454.3 437.5 420.9 406.2 394.1 384.2 379.5 376.9 374.4 372.5 371.1 369.7 367.9 365.7 363.1 361.1 359.3 357.9 356.4 354.7 352.9 351 349.3 348.1 347 346.2 346.2 346.9 347.3 347.2 346.6 345.8 345.1 345.7 346.7 346.7 346.6 347.2 349.3 352.1 353.5 356.8 361.4 366.2 367.6 371.7 377.6 381.8 385.7 383.9 379.2 373.6 366.5 356 344.1 331.3 319.5 310.1 301.6 296.4 294.6 289.4 284.3 281.4 277.8 273.7 270.9 269.6 268.9 268.4 267.8 265.5 261.8 259.5
499.4 495.2 489.7 484.6 476.9 461.8 443.8 425.4 406.6 395.1 384.2 380.3 377.9 375.7 373.9 372.5 372.1 370.5 368.4 366.6 364.7 362.8 361.5 359.9 358 356.1 354.2 352.3 351.2 350.1 349.3 349.6 350.1 350.6 350.5 349.9 349.3 349.3 350.7 351.7 352.3 353.9 355.5 359 361.8 362 364 368.1 372.4 375.1 378.3 383.8 388.1 388.9 388.7 384.4 378.4 370.2 357.2 343.1 328.7 317.9 309.2 301.8 296.8 293.1 288.1 281.3 277.2 273.6 270.8 268.5 267.5 267.6 267.3 266.5 264.1 260.9 259.1
502 498.9 495 490.3 480.7 466.6 448.9 429.6 411 395.8 385.3 381 378.5 376.6 375.1 374.1 374.6 373.1 371.1 369.5 368.1 366.4 365.1 363.6 361.6 359.7 357.4 355.4 354.3 353.3 352.2 352.6 353.1 353.6 353.9 353.6 353.4 353 354.3 356.1 360 362.6 364.5 365.9 367.6 368.9 370.7 373.5 377.4 380.1 383.8 391.1 396 393.8 390 388.4 383.1 371.6 357.5 339.7 326.9 320.3 312.6 304.6 299.7 295.5 290.9 287.6 283.3 279.1 275.6 272.8 270.7 268.8 267.9 266.1 262.8 260.7 258.9
501.8 501.1 499.6 493.2 483.7 467.3 447.6 429.2 411.7 396.1 385.3 380.9 378.3 376.3 375 374.2 374 374.9 373.9 372.2 370.6 369.7 369.1 367.6 365.4 363 360.7 358.5 356.6 355.2 355.2 355.3 356 356.4 357.3 357.9 358.4 358.3 359 362.6 365.8 367.8 369.4 371 372.9 376.9 378.7 379.9 383.2 385.9 390.7 397.2 399 397.2 392 386.4 378.8 367.6 353.6 339.7 328.3 321.5 313.9 308.5 304.5 299 296.9 294.2 290.1 286.8 283.6 279.9 275.7 271.9 267.8 265.7 262.6 259.3 258.2
500.3 498.8 498.7 492.1 482.8 468 446.1 427.3 408.9 394.5 385.4 380.4 377.2 374.9 373.5 373.4 371.9 372.9 373.7 373.7 373.1 372 370.9 369.7 367.4 365.5 363.5 361.4 359.4 357.7 357.4 357.6 358.4 359.2 360.4 362 363.2 363.3 364.3 367.9 372.1 373.7 374.4 375.1 378.2 383.5 385.6 387 388.9 389.4 394 398.3 398.3 394.4 390.6 382.7 373.4 364.3 352.6 342 330.7 321.1 314.7 311.3 306.9 304.2 302.6 300.7 297.9 294.8 291.4 287.7 282.2 275.4 268.9 264.5 260.9 257.8 256.5
499.5 493.9 493.7 489.8 478.1 463 447.9 428.1 407.2 395.3 388.5 383 376.7 371.9 369.7 370.1 370.3 370.1 371.3 372.7 373.4 372.6 371.8 370.9 368.9 367.1 365.3 363.7 361.9 360.1 359.8 359.5 360.1 361.1 363.1 365.1 368 369.7 370.3 373.4 377.8 378.6 377.7 378.4 381.2 387.2 391.2 391.4 391.6 391.6 393.3 394.3 394.3 392.4 388.6 380.6 373.3 367.1 354.3 343.1 331.3 322.6 316.7 315.4 311 309.1 308.1 306.5 305.7 299.5 296.3 291.8 285.4 277.9 268.7 264 260.2 258.2 256.4
494 488.7 487.9 484.8 471.6 459 447.2 430.3 412.1 401.3 393.5 386.3 377.7 372.1 365.3 364.8 366.4 367 368.3 370.4 371.7 371.6 371.5 370.9 369.6 368.3 366.7 364.9 364.2 362.5 362 361.6 361.6 363.2 365.7 369.5 373 374.2 374.5 377.2 379.3 380.7 379.8 380.5 384.3 389.5 393.6 392.6 391.2 388.9 389.7 391 392.4 391.1 388.8 385 378.4 369.7 356.4 344.7 332.7 322.5 319.3 317.3 312.7 311.6 311.1 310.4 309.8 305 301.8 296.6 288.6 280.3 272.9 267 264.3 262.4 258.8
483.1 482.2 479.5 471.5 465.5 459.5 449.4 434.2 419.4 410 397.4 388.5 377.9 370.9 363.6 356.9 360 361.2 361.6 366 368.4 369.5 369.6 369.6 369.5 368.9 367.5 366.1 365.8 365.1 364.4 363.8 364.4 366.6 369.8 372.7 375.4 376.3 377.1 379.3 382.5 384.3 384.1 384.4 389.1 393.1 393.9 391.6 388.9 385.1 385.1 388.9 392.6 391.3 389 385.3 380.3 368.6 358.7 347.8 336.9 325.5 319.4 317.2 315.3 315.5 316.4 315.2 313.8 310.5 306.6 300.5 294.5 287.7 281.6 268.7 268.3 266.8 262.1
472.2 470.7 466.4 465.6 466.1 461.3 451.3 437.6 427.7 418.1 402.9 388.2 378 368.5 361 353.1 350.6 350.2 351.3 359.7 363 365.1 366 366.9 368.5 368.6 367.4 366.6 367.4 367 366.7 366.8 367.8 370 372.9 375 378.6 379.3 380.5 382.4 386.2 389.2 390.3 393.1 396.8 396.7 393.2 384.8 381.3 377.9 380.4 385.9 388.9 388.6 385.9 381.8 377.2 369.1 359.7 351.3 342.8 333.2 326.5 321.8 320.6 321 321.4 320.1 319.4 317.3 314.4 310.6 305.3 298.4 292.5 285.9 278.9 272.9 267
470.2 462 461.6 461.8 462.6 456.8 448.1 440.4 432.8 418.2 401.5 385.7 373.9 363.7 356.2 350 341.6 341.5 343.5 350 354.8 358.7 361.3 362.6 364.9 367 366.9 365.7 367.5 368.9 369.3 370.9 372.2 374.2 376 378.9 381.3 382.9 384.6 387.3 391.1 395.4 398.2 400.8 401.9 400.1 393.1 378.6 372.3 368.3 373.4 381.6 384.1 384.8 380.8 376.5 371.8 367.8 362.2 354.1 345.2 336.9 331.5 328.3 325.8 324.6 325.6 326.4 325.8 324 322.3 321.8 316.7 310.5 307.2 297.2 288.9 281.1 270.6
461.4 458.7 460.2 460.2 458.1 453.7 449 442 426.9 408.5 394.4 381 368.7 357.9 350.7 345.7 335.9 335.9 335.4 339.7 344.8 349.5 353.8 356.7 359.5 363.5 363.1 363.6 366 369.4 372.2 374.7 376.6 378.1 381.2 383.8 385 386.2 388.7 393.3 397.3 400.1 402.1 403.5 401.4 398.1 388.1 374.9 360.6 356.6 364.4 371 371.6 372.5 371.1 369.1 366.3 363.8 360.4 354.9 347.7 340.1 335.7 332 330.6 331.5 332.2 332.8 333 331.8 329.7 329.7 329 323.9 320 310.9 299.4 291.6 280.8
454.8 458 460.5 460.1 457.4 453.2 441.5 426.4 410.5 398 387.3 375.8 362.8 353.8 348 343.1 336.1 330 329.3 332 335.7 337.6 341.2 345.8 350.1 354.8 358.5 360.7 364.1 369.5 375 378.1 379.6 383.3 388.9 391 388.7 389.8 394.4 399 403 404.1 403.5 401 394.5 385.6 376.6 366.7 355.2 345.8 351.5 355 355.9 359.8 362.7 362.5 361 360.1 358.3 353.9 349.1 345.1 341.6 337.6 336.5 337.1 337.6 337.5 337.1 335.6 335.4 336.3 336.3 332.5 322.8 313.2 305 300.1 288.5
451.5 456.3 458.9 458.9 454.6 446.2 429.3 414 401.8 389.5 376.8 367.6 358.2 350.7 344.4 339.2 332.4 328.4 323.3 323.1 325.2 325.9 327.7 331.5 336.5 344.2 350.4 354 358.6 367 374.4 379.1 381.9 386.9 387.6 388.3 390.2 394.9 399.2 403.4 402.6 401.3 395.7 388.8 382.1 374 365.2 355.7 345.9 337.5 339.4 342.5 346.6 349.9 352.5 354.5 355.9 356.4 354.8 354.4 352.3 348.5 344.8 342.6 341.1 341.4 341.4 340.8 340.1 341.3 341.7 341.4 341.1 334 325.1 315.9 306.7 299.5 295.9
447.9 453.5 456.4 456.1 448.2 432.3 415.7 403.4 393.2 379.4 368.9 360.1 352.2 344.7 339.3 335.5 328.2 318.5 317.2 313.5 316.1 316.9 317.9 318.3 322.9 330.3 337 343.5 350.6 357.4 366.8 374 378.3 381.3 383.3 385 387.7 391.3 395.3 396 392.5 388.8 383.6 377.2 371.7 364.3 355.2 346.4 339.6 334.2 332.6 336.2 338.4 340.3 342.9 345.2 349.7 351.1 350.1 350.6 351 349.8 347.2 345.1 343.6 343.1 342 340.8 341.2 342.8 343.1 340.5 337.5 329.7 322.1 313.8 305.3 302.6 301
441.9 450 449.9 442.6 427.4 411.7 400.4 392.2 381.3 369.9 361.6 351.9 341.7 337.9 333.3 324.3 320.2 326.1 320.9 315.5 312.7 311.6 310.6 309.5 310.6 317.3 321.4 326.7 337 345.4 354.4 364.6 371.1 376.8 380.2 382.4 384.4 387.7 391.1 388.6 384.5 380 375 369.5 363.1 355.5 348.2 343 337.9 332.8 327.5 329.9 331.9 334.1 336.3 338.8 343.5 344.6 344.2 345.6 347.1 347.6 346.1 345.4 344.4 343.2 341.5 339.6 339.7 340.1 336.6 332.8 328.8 323.4 316.7 310.9 306.2 301.3 300.6
428.1 439.2 437.7 423.4 409.1 396.8 388.3 379.9 368.8 360.2 352.6 346.4 340.7 332.4 334.6 336.9 339.8 338.7 329.8 321.2 317.2 316.7 316.2 312.4 308.5 305.9 308.6 314.7 323.1 331.8 341.3 352.1 361 368 374.1 380.2 381.6 385.4 386.9 384.7 379.8 373.7 369 363.9 356.8 350.9 346.4 342 337 331.7 326.5 326.1 328 329.9 331.5 331.8 334.7 336.2 338.6 340.7 342.9 343.5 344 343.2 342.1 341.5 340.8 339 337.9 335.1 330.5 325.7 321.5 318 312.8 307 301.4 298.2 297.3
408.6 415.9 414 405.2 393.6 384.4 377.6 367.6 360.3 351.4 344.6 342.6 347 351.6 353.5 356 358.7 355 346.3 337.1 330 328.1 326.8 318.4 311.3 306.8 303.8 307.4 312.7 320.5 327.8 339.2 349 358.2 365.8 373.2 378.4 381.6 384.3 383.6 377.2 371 364.7 359.1 354.5 349.6 344.9 340.5 336 331 326 323.8 324.1 326 327.9 326 326.8 328.8 330.8 335 336.8 337.6 340.1 340.2 339.2 338 336.8 335.1 332.4 329.3 324.5 319.7 315.4 312.4 307.4 302.3 297 293.3 292.4
382.9 388.8 391.4 386 378.3 366.6 360.7 356.6 350.9 345.5 351.8 358.5 362.5 366.2 369.8 373.2 373.9 370.9 363.5 356.5 351.7 341 334.4 325.2 317.7 310.7 306.5 301.5 303.9 308.9 317.3 327.8 337.4 347.4 360.2 370.5 376.9 382.1 384.5 384.2 378.2 371.8 365.8 360.1 353.5 348.3 343.6 339 334.6 330.2 326.2 323.8 323.3 321.5 322.4 320.8 321.1 323.1 322.6 325.6 329.8 331.3 332.7 333.8 334.3 333.7 332.7 330.8 327.8 322.6 317.6 313.3 308.9 306.7 301.6 296.3 293.4 286.9 284.8
371.7 361.6 364.5 365.1 360.2 358.3 353.4 348.3 349.9 358.1 366.1 371.4 375.9 380.6 384.9 386.6 387.2 383 378.7 371.8 365.8 358.3 347.9 332.3 323.5 316.6 310.2 305.9 302 297.9 307.3 316.7 326.5 338.2 354 368.2 378.4 381.9 383.1 384 379 372.8 366.7 359.8 353.7 348 342.2 337.4 333.2 329 326.8 325 323.7 320.5 318.2 317.6 317.9 317.3 317.6 320.1 323.7 325.1 326.4 325.9 326.5 326.9 326.5 326.3 322.5 316 310.1 305.4 301.7 300.4 296.1 289.2 286.7 280.5 277.7
