public/OST50/NT00.asc
ncols 200
nrows 200
xllcorner 300000
yllcorner 600000
cellsize 50
[rows 105 to 139 of 200, columns 79 to 157 of 200]
218.2 216.8 216.3 216.2 217.1 225.3 227.5 227.9 227.9 228.8 228.5 227.6 231.7 234.9 235.7 233.9 229.7 230.2 233.1 235.5 237.5 240 244.1 249.2 252.7 254.6 255.9 256 255.1 254.8 253.8 253.3 248.4 239 236.2 236.4 236.2 232.2 224.8 215.2 207.8 203 199 188.1 176.5 167.4 161.8 143.8 144 147.3 137.4 135.7 138.1 138.8 145.9 159.5 167.1 172.1 176 183.4 188.4 195.2 198 204.5 207 205.5 206.4 206 204.7 203.4 200.1 190.1 185.5 184.4 181.1 177.7 175.5 173.3 168.8
218.2 216.8 215.8 215.3 215.2 219.3 221.6 222.9 222.9 223.1 223.7 227.1 232.3 233 234.3 231.4 226.7 223 227.4 230.1 232.3 234.8 239 245.5 248.5 249.6 250.6 251 251.8 250.9 249.9 249.5 245.4 238.7 235 233.7 235 231.7 224.5 216.8 211.3 207.9 204.6 192.1 180.5 170.4 165.4 150.2 143.8 146.8 141.5 130.9 135.9 138.6 140.5 150.8 162.5 169 172.5 178.7 184.1 192 196.3 206.5 208.7 208.8 207.1 205.5 204.2 203.7 201 193.5 186.1 184 182.3 179.1 176.6 174.5 169.5
218.3 216.6 215.3 214.4 212.5 211.6 215.4 217.6 217.2 216.9 217.6 223.2 229.1 229.5 229.5 228.5 223.8 219.7 223.3 224.7 227.5 231 235.2 240.3 243.9 244.9 244.9 245.5 246.7 246 245.1 244.7 242.8 238.6 235.5 230.9 231.9 230.1 223.7 219.4 215.7 211.3 204.9 194.3 183.4 175.7 167.9 156.8 143.8 146.3 145.6 137.1 125.1 134.4 137.5 140.2 157.2 168.2 167.9 173.1 178.7 186.4 195 202.8 207.1 207.5 206.8 201.9 200.2 199.5 197.4 195.8 188.4 183.3 182.2 180.1 177.8 175.8 170.5
218.5 216.6 217 216.5 214.5 213.5 212.2 212.6 212.2 212.2 212 217.7 223.4 224.2 225 226.3 220.8 217.7 220.3 220.1 222.7 227.7 229.6 233 237 239.4 240 240.1 241 240.8 240.3 240.4 240.1 235.9 235.4 230.9 229.1 230.3 228.2 224.4 219.3 211.4 203.9 195.8 187.4 178.4 170.4 162.5 149.7 146.3 145.7 142.5 134 128.7 130.8 136.8 146.1 160.6 162.1 167.3 170.7 178.3 188.8 198 202.3 205.7 203.9 198.9 196 194.2 195.1 194.4 187.3 184.4 181.5 180 178 175.4 170.9
220.5 219.6 218.1 215.9 214.7 213.4 212.2 211.8 211.5 211.1 211 216.2 218.1 219.3 220.7 221.9 218.5 211 214.7 214.9 217.3 222.8 224.3 226.3 229.8 233.5 235.4 235.8 235.9 236.3 236.6 236.3 236.2 233.6 231.9 229.4 227.8 229.1 232 229.5 222.6 211.8 204.7 199.5 191.6 181.8 173 165.8 155.3 146.6 145.7 145.2 135.8 131.3 122.5 135.6 141 149.7 155.9 161.6 166.2 173 180.2 188.3 197.2 201.9 199.8 195.2 191.7 190.4 191.4 191.7 187.2 188 181.9 179.9 177.9 174.5 170.2
223.8 221.4 219 216.4 214.8 213.3 212 211.1 210.9 210.3 210.2 211.2 212.7 214.6 216.8 218.1 216.9 210.3 208.7 209.4 210.5 216.7 219.6 220.8 224 227.4 231 232.7 231.9 232.3 233.4 233.2 232.9 230.8 229.1 227.6 227.9 230.1 232.8 230.5 223.4 214.4 207.6 202.8 195.2 185.1 176.6 168.7 160.5 148.3 144.6 144.1 142.1 132.8 127.3 131.5 135.6 141.4 150.2 157.7 165.2 173.4 177.2 182.2 188.3 192.4 191.5 189.4 187.5 188.5 187.8 188.7 185.2 183.2 181.6 180.1 177 173.6 169.4
228.3 224.3 220.7 218.2 217 215.6 213.6 211.4 210.3 209.6 209 209.6 209.6 210.5 213.4 213.4 212.8 207.9 204.6 204.8 205.3 211.6 213.7 216.3 218.1 222.1 226 228.1 228.6 228.3 229.4 230 229.4 227.3 225.9 225.6 227 229.3 231.4 230.1 225 218.1 211.3 204.7 197.7 189.5 182.1 173.6 164.5 153.8 144.7 142.9 140.5 135.2 129.5 129.8 133.5 137.5 145.5 154.7 166.2 176.4 178.8 180.2 186.6 188.8 187.1 183.3 181.7 183 185.2 184.9 181.4 179.7 178.6 179.8 176.4 172.9 167.9
237.9 233.5 226.9 223.8 221.7 219 215.2 213 211.7 210.2 209.1 208.9 208.9 209 209.9 209.4 208 205.2 202.3 202.4 203.7 207.4 210.8 211.7 212 217.2 220.3 222.7 223.8 223.4 225.2 226.4 225.8 224.7 223.5 222.7 224.2 225.8 227.2 228.9 225.9 220.1 212.3 205.9 200.2 193.6 186.2 179.8 170.5 157.6 147.5 144.1 140.6 138.4 131.7 126.8 127.9 134.4 141.4 152.4 163.2 169.4 174.4 177.5 183.7 184.6 183.5 179.9 177.1 177 180.4 180.4 178.6 176.3 175.2 175.4 174.8 171.4 166.5
246 239.9 233.1 228.5 226.2 226.7 223.6 219.8 215.2 211.5 208.8 208.1 207.5 205.4 204.9 205.7 205.2 202.5 200.3 201.3 202.6 204.8 205.6 206.9 207.2 210 213.7 216.7 218.8 219.3 220.6 222.2 222.2 221.3 220.5 220 220.5 222.5 225.3 226.7 225.4 220.5 212.4 206.6 202.1 197.1 190.2 183.4 175.8 164.4 149.8 144.5 140.8 139 133.4 127.7 124.8 131.8 136.5 147 159.1 164.5 169.3 173.3 178.6 179.8 179.1 176.1 173.8 172.9 173.7 176.7 174.1 173 171.7 172.5 169.9 164.3 165.8
251 244.6 241.3 233.9 232.1 232 228.8 226.1 221.6 215.6 209.9 207.5 207 205.4 203.9 202.5 203 201.2 199.6 199.7 201.3 201.2 201.7 202.9 203.3 204.2 208.4 211.6 213.9 214.8 216.4 218 218.7 218.4 217.9 217.6 218.6 220.3 222.4 224.5 223.4 218.2 212.5 207.7 203 198.8 192.6 185.5 178 171.2 156.9 145.1 142.2 141.4 136.8 129.6 121.5 126.5 133.4 141.9 154.5 164 168.9 171.9 174.3 175.5 175 172.9 169.3 168.6 168.1 170.8 170.1 168.8 168.3 170.7 168.9 164.8 159.6
255.3 249.8 246.8 242.1 238.4 235.1 232.6 230.1 227.3 222.8 218.4 215.7 211.8 209 207 204.8 201.1 199.9 199.5 198.7 199.5 199.2 198.7 198.8 199.3 200.9 203.6 206.2 209 211.3 212.6 214 215 215.4 215.7 216 217.2 220 221.1 222.9 221.3 217.4 212.7 208 203.8 199.4 193.9 187.4 182.1 175.2 163.6 144.7 141.6 138.9 137.2 131.5 124 123.8 132.1 138.2 150 162.4 166.4 167.6 169.5 169.5 170.3 169.5 166.7 164.2 163.7 163.5 163.7 164.7 165.2 167.4 167.3 163.9 157.7
257.7 253.4 251.1 248.5 243.8 240 237.3 234.1 231.5 229.4 227.1 223.9 219.2 216 211.5 207 204 200.1 197.5 197.5 197 197 196 195.1 196.3 197.6 199.7 202.2 205.2 208 208.9 209.8 212 212.3 213.3 214.8 215.2 218.1 220.4 222.4 220.6 217.7 212.4 207.9 205.1 200 194.7 188.8 182.2 176.3 168.3 152.3 141.6 139.5 138 135.3 127.1 120.5 126.8 133.3 142.2 157 159.5 163.3 165.2 168 170.5 169.1 167.1 163.1 159.1 158.5 158.7 160.1 162 164.1 163.1 160.5 155.9
258.9 254.9 253.4 251.6 247.9 245.4 242.7 238.7 236.2 234.3 230.9 227.8 226.7 223.3 219.9 214.5 208.8 203.9 199 194.4 194.7 194.9 194.2 193.2 193.1 193.7 194.9 197.7 201.1 203.5 204.4 205.3 208.4 209.4 209.9 212.5 213.4 216.5 221.3 223.2 222.2 218 212.5 208.1 206.6 201.6 195.4 189.9 183.2 177.5 170.9 160.5 144 140.2 138.6 137.9 130.7 125 123.4 132.7 141.3 149.8 157.7 161.9 168.4 172 171.9 171.7 168.8 162.6 156.1 154 153.5 152.8 157.1 159.9 158.9 156.7 154
259.5 256.7 255.3 254.1 252.7 250.6 247.7 242.8 239.7 237.4 235.9 235.4 234.2 231.1 228.2 223.9 218 213.4 207.7 199.8 198.3 193.2 191.5 191.4 190.6 190.1 190.7 193.2 196.4 198.4 200 201.5 204.8 206.3 207.6 209.8 211.6 213.5 218.6 220.5 221.7 219.1 212.2 208.4 205.6 201 195.7 191.2 184.9 179.1 173.7 165.3 153.1 140.7 138.6 138.8 134.3 128.3 123 132.3 136.4 147.1 157.6 160.3 162.4 167.6 170.8 171.1 166.4 159.7 153.4 151.1 149.9 146.9 150.7 153.8 154.2 152.2 150.4
259.5 257.6 256.4 255.4 255.3 254.3 251 246.4 242.6 240.8 239.3 238.5 237.7 237.4 234.7 232.2 227.6 221.1 212.8 207.4 204.1 198.2 198.2 191.4 188 186.7 187.9 188.7 191 193.9 195.8 198.1 201.3 203.4 205.3 207.4 209.4 210.6 214.7 217.2 219.1 217.1 211.9 209.1 205.8 201.4 196.6 192.2 187.3 181.8 175.8 167.9 157.7 145.2 139.1 138.3 134.6 129.9 125 124.3 133.8 141.8 152.1 159.1 161.6 167.6 171.7 170 164.1 162.7 154.5 150.2 146.2 143.2 144.3 147.9 149.1 148.8 146.7
258.6 257 255.7 255.4 256.1 256.1 252.7 248.2 244.7 243.5 242.8 241.7 241.1 241 238.5 237.3 235 229.6 220.6 211.6 207.4 202.5 196.8 193.2 189.9 187.1 187 186.7 187.6 188.6 190.8 193.9 197.5 200.3 202.4 204.4 206.4 207.9 211.3 214.9 216.7 216.2 212.9 209.8 206.6 202.4 197.4 193.1 188.9 184 178.8 170.1 161.1 152 142.8 139.5 137.5 131.4 125.7 123.2 133.6 138.3 150.7 156.6 160.8 164.8 169.8 170.9 167.1 165 157.3 150.8 144.5 140.3 140.2 142.3 145.4 145.6 143.4
257.9 256.3 254.7 253.8 254.3 254.4 253 249.6 246.8 245.6 244.9 243.2 244.1 244.3 243 244.1 242.4 236.2 226.3 214.9 211.2 205 198.9 193.6 192.3 190.5 186 186 185.5 184.7 186.6 190 193.7 197.6 199.4 201.4 203.4 205 208.3 212.4 214.2 213.6 213.1 210.6 207 202.8 197.7 193.6 190 185.6 181.9 173 165.6 157.5 149.1 141.9 139.1 135.1 127.9 122.3 132.6 136.5 143.6 151.5 157.7 161.3 165.5 168.4 166.2 164.4 159.8 151.2 142.6 136.3 134.7 137.3 141.1 142.1 140.1
257.3 255.6 254 252.7 252.2 252.2 252.4 250.2 247.3 247.1 246.3 244.4 245.9 247.2 247.7 248.6 247.6 241.5 233.2 219.4 213.2 206.2 198.8 196.3 193.7 191.3 189 187 186.2 184.4 183.4 186.5 189.9 194.6 196.8 198.6 200.4 202.1 205.3 209 211.6 211.3 211.8 208.8 207 203 198.4 194.5 190.8 185.8 182.1 177 169.4 161.5 153.2 145.4 141.5 138.6 129.6 117.9 124.2 133.9 138.9 148.2 153.2 157.5 166.6 170.4 166.8 166.8 161.5 152.1 142.3 133.7 130.8 131.2 135.3 137.7 136.6
257.1 255.2 253.4 251.7 250.5 251 251.6 249.3 246.6 246.2 245.7 244.8 246.7 249.5 250.9 252.2 250.2 244.9 238 229.4 216.9 210 202.1 197.9 196.3 192.5 190.3 191.1 187.2 184.6 182.7 182.7 185.9 191.1 193.7 195.8 197.4 199.1 201.8 206 209.4 209.4 209.5 207.9 206.1 202.9 200.1 196.7 191.6 186.1 182 178.2 172.3 164.7 157.4 150.2 144.5 142.1 138.8 119.9 122.4 132.5 134.8 143.7 150.8 157.4 163.1 166 167 164.4 159.7 152.4 142.2 132.3 126.8 126.5 130.2 133.3 132.8
256.3 254.5 252.6 251 249.3 249 249.6 248.4 245.9 245.1 244.8 244.8 247 250.9 253.8 254 252.4 248.4 242.2 234.9 224.3 212.1 207.4 204.5 199.9 194.3 190.2 189.3 188.3 185.1 181.4 181.7 182.6 187.3 190 192.8 194.5 196.4 198.6 203.4 207.3 207.6 207.6 206 204.2 202.7 200.8 197.6 192.8 186.8 182.9 178.9 173.7 166.3 159.7 153.4 147.3 145.1 141.8 129.6 115.5 125.6 133.2 137.3 147.1 152.1 159.2 163.9 164.5 161.9 156.2 150.9 142.3 130.8 124.5 124.7 125.8 129.5 129.8
255.3 253.7 252 250.3 248.5 247.3 247.8 247.4 245.5 244.4 244 244.5 246.1 251.4 255.8 254.4 252.4 248.9 244.1 239.2 229.7 217.7 210.8 206.8 202.2 197.7 193.1 190.2 187.4 185.2 183.3 181.1 180.7 183.1 186.1 189.3 191.6 194.1 196.3 200.1 204.8 206.2 205.5 204.2 202.9 201.9 199.9 196.7 193.8 187.7 183.7 179.7 175.3 168.1 161.4 155.8 149.7 147.8 144.5 136.2 125.2 116.4 130.7 131.4 140.6 150.8 157.8 162.3 162.7 161.2 155.1 146.4 138.1 129.5 125.3 122.1 122.6 125.6 126
255.3 253.1 251.2 249.5 247.7 246.1 246.2 246.5 245.1 243.5 243.2 243.6 244.8 251.1 255.7 253.8 252 249.1 245.6 241 231.9 220.5 213.9 209.9 203.7 200.3 197.7 193.3 188.3 185.7 191.2 186.4 183.8 179 182.6 186 189.4 192.4 194.5 197.3 202.1 204.9 204.2 202.9 201.7 200.2 198.6 196.1 193.2 188.6 183.5 181.6 176.8 169.8 163.1 157.8 151.6 148.6 147 139.5 130.4 122.8 122.6 131.5 131.4 144.1 152.4 158 159.9 159 152.4 142.6 133.7 131.4 127.5 121.2 120.3 122.1 122.8
255.8 252.3 250.3 248.8 246.6 243.7 243.6 245 243.8 242.7 242.2 242.1 243.5 248.6 252.7 253.5 250.9 248.6 244.9 240.6 232.6 221.8 216.3 210.3 204.7 201.3 197.7 193.6 189.7 187.9 186.1 184 182.8 178.9 179.4 182.5 186.1 189.5 191.9 194.4 199.5 202.2 202 201.3 200.1 198.6 196.5 194.3 191.8 188.3 184.4 182.7 178.4 172 166.2 160.5 153.1 149.9 148.5 143.2 136 124.8 114.4 127.5 130.7 132.4 145.3 153.1 155.8 153.2 147.3 140.7 137.1 136.3 127.7 119.1 116.8 119.1 119.7
257 253 251.6 249.8 246.8 245.4 242.3 242.8 242.2 241.5 240.3 240.2 241.2 246.1 250.1 251.2 249.5 247 244.3 240.7 233.1 223.7 216.8 211.1 206.5 205.6 199.7 193.8 194.4 192.8 191.2 185.7 183.2 180.6 177.8 179.7 182.9 186.5 189 191.5 196.5 199.3 199.3 199 197.8 196.7 194.8 192.5 191.7 188.4 185.1 182.8 178.9 174 167.8 162.3 155.6 151.1 149.8 145.5 139 132.2 121.2 119.2 128.7 128.5 133.4 145.4 146.9 145.3 142.7 140.6 138.4 135 127.7 120.4 115.5 116.2 117.2
261.2 256.9 254 250.6 247.8 245.7 243.2 241.5 241.2 240.6 238.9 238.3 239.5 243.4 247.3 248.3 247.1 245.5 242.8 240 232.8 223.9 220.5 212.8 209.1 206.2 199.8 198.6 199 195.9 193.1 186.3 184.3 182.6 180.1 176 180.3 183.9 186.5 188.9 193.5 197.8 197.3 196.7 195.7 194.7 194.1 197.4 191.2 188.4 185.8 182.8 180.1 176.9 172.4 166.3 158.4 152.4 150.6 147.3 140.1 128.4 125.4 118.9 116.5 127.8 127.6 132 140.4 143.4 140.7 137.6 136.4 133.7 127.1 119.5 113.9 114.3 114.5
265.8 263.5 257.1 253.6 250.4 247.5 245.1 242.3 240.6 240.3 237.9 236 237.4 239.7 244 246.1 245.2 243.1 240.9 238.2 232.5 224.3 220 215.8 210.5 207.8 202.5 205.3 199.4 197.7 192.6 188.5 186.3 184 180.2 176.1 177.7 180.1 185.3 187.5 190.6 196 196.2 195.3 194.2 193.3 192.2 192.1 191 188.7 185.9 182.9 180.9 178.3 174.6 168.4 161.1 154.9 150.9 149.3 133.8 136.1 129.4 126.5 118 111.2 126.7 126.3 128.8 137.5 139.3 135.3 132.5 129.9 124 117.6 112.5 112.5 111.9
270.9 266.2 261.5 258.6 254.7 251.5 248.3 241.2 240.3 239.7 237.5 234.9 235.4 236.5 240.3 243.5 243.1 240.8 238.7 236.8 231.9 224.8 222.8 218.2 211.3 207.3 206.8 207.3 202.7 196.4 193.5 187.5 186.1 184 180.1 176.4 175.8 178.5 180.7 184 187.9 193.8 194.9 193.9 192.8 192.4 191.7 190.7 189.6 188.6 185.9 183.3 181.9 179.3 175 167.6 160.4 153 144.3 142.2 132.4 140 129.6 132.8 121.6 115.7 119.4 126.7 124.3 124.4 133.5 132.6 129.6 127.2 123.5 116.3 112.1 112.1 111.2
281.6 273.7 268.7 265.4 258.1 255.1 251.1 247.2 240.4 239.9 236 234.2 233.6 234.1 236.9 240.9 240.9 239.3 237.8 235.5 231 226.2 224.3 219.1 211.2 207.6 211.9 208 203.5 197 191.1 186.8 185.1 184 180.4 176.1 175.2 173.5 177.6 181.5 185 190.4 193.2 192.3 191.9 191.4 190.7 190 189.1 188.5 186.3 183.5 182.5 180.2 174.5 166.2 150.3 142.4 138.1 130.1 149.9 149.9 146.9 139 129.3 119.6 114.9 122.3 125.5 122 120.7 126.7 126.1 124.7 122.3 118.1 112.7 111.6 110.8
290 282.6 274.2 270.2 259.6 254.8 251.2 247 241.9 237.4 234.7 233.7 233.2 232.8 234.7 238.1 239.2 238 236.4 234.1 230.8 225.8 222.9 218.1 211.8 209.2 214.4 208.4 204 199.1 193.5 188.8 187.2 184.5 181.4 176.4 175.3 174.7 175.1 177.4 179.5 185.7 190.8 190.7 190.6 190.4 189.9 189.2 188.6 188 186.3 183.5 182.7 178.6 170.2 152.8 133.9 142 158 159.9 166.5 162.6 153.8 144.6 134.6 125.2 115.1 116 120.6 123.9 119.7 118.9 117.7 121.4 119.3 115.8 112.6 111.1 110.3
294.1 290 281.8 275.1 264.2 256.6 250.5 246.3 241.3 235.9 232.5 232.9 232.7 231.5 232.9 236.7 237.8 236.1 234.1 232 229.3 225.4 222.3 217 212.7 210.7 214.2 209.1 205.4 203.2 198.4 195.9 192.3 188.8 183.4 180.9 178.5 175.1 174 174.1 174.5 179.5 186.7 189.1 188.8 188.7 188.5 187.9 187.2 187 185.1 183.3 179.4 171.8 156 142.6 141.6 156.9 169.6 175.4 175.6 169 158.7 149.9 139.7 128.6 119.4 110.3 114.6 118.8 121.4 119.3 117.3 116.4 114 113.8 111.7 110.4 109.1
298.4 294.4 282.3 278.5 270.6 259.3 252.8 245.8 240.2 236 233.9 231.7 232.8 231.4 230.7 234.5 235.7 233.9 232 230.1 226.1 222.6 220.8 216.5 212.5 211.5 213.2 209.1 206.1 204.4 204 200.9 195.9 193.1 187.5 186.5 182.4 178.7 173.3 172.9 172.9 173.9 181.9 186.1 186 185.4 184.8 184.9 185.5 185.4 184.3 181 173.3 155.6 144 144.5 157.8 168.3 186.5 188.7 185.8 175.5 163.7 154.1 143.4 130.2 123.6 116.2 110.1 112.7 117.7 119 116.1 116.2 114.9 113.2 110.1 110.4 110.6
297.1 292.2 278.4 278.6 274.9 260.6 253.4 246.1 239.9 234.2 232.4 230.7 232.4 231.2 228.5 231.6 232.7 231.1 229.6 227.3 224 222.5 219.2 214.9 211.1 212.5 211.7 209.4 207.5 205.8 202.8 201.8 203.4 202.7 196.8 191.2 187.9 185.3 178.7 175.4 171.8 172.3 174.8 181.8 182.4 181.7 181.6 182.3 183.2 183.5 182.3 177 160.5 141 145.6 164.7 172 190.7 200.3 200.6 191.5 180.9 169.5 158.6 147.2 132.6 124.9 117.8 112.1 110.2 113.6 115.9 116.5 114.2 114 113.6 113.2 108.8 105.3
291.4 287.7 277 275.6 268.5 260.5 253.7 246.5 240 234.3 230.8 231.8 231.7 230.6 228.1 228.1 230.1 228.7 227.7 225.6 224.2 222.4 218.3 213.8 211 212.6 212.6 213.1 210.2 208.7 207.9 210.2 211.9 206.3 201.8 194.8 191.3 189.5 184 180.4 173.7 171.4 171.5 175.1 177.9 178.3 179 179.7 180.5 181.5 180.2 171.7 146.7 151 165.7 175.8 190.3 202.5 209.3 208 196.6 184 173.3 163 152.5 140 128.4 119.1 116.7 111.5 104.3 112.9 114.2 113.4 113.7 112.8 112.8 112.4 104.9
284.5 282.3 274 273.1 267.3 263.3 256.2 247 240.4 233.9 230.7 229.9 230.8 229.9 227.3 226.2 226.4 226.2 226 224.9 223.5 222.2 219.1 215.1 211.2 213.1 214.9 215.1 213 214.9 215.9 218.3 213.9 210 205.2 197.8 193.8 194.3 189.7 185.2 181 176.5 170.9 169.8 172 174.3 175.5 176 177.5 179.3 178.4 171.1 149.4 160.9 176.9 184.5 204 195.9 194.5 212.1 200.5 187 175 165.2 156.3 146.4 134.7 124.2 117.3 112.7 112.1 102.7 110.8 112.5 112.1 112.1 111.5 105.1 112.2
277.8 276.5 269.7 267.4 263.1 260.6 255.5 247.1 240.5 234.3 231.1 227.7 228.8 229.4 226.7 225.6 225.3 225 224.7 224.1 222.8 221.5 220.1 217.1 212 213.2 215.1 215.1 215.8 221.2 222 220.3 219.1 211.6 206.7 201.8 199.8 198 192.2 187.4 183.8 179.4 172.6 169.3 168.9 169.5 169 169.9 171.2 176.1 176.6 173.3 154.2 167.5 183 190.8 195.2 194.5 199.3 212.6 202.3 191.6 177.1 168.9 159.3 148 135.9 127.7 120.6 115.6 110.2 110.2 101 109.9 110.1 110.4 109.2 106.9 112.4
