public/OST50/NT01.asc
ncols 200
nrows 200
xllcorner 300000
yllcorner 610000
cellsize 50
[rows 70 to 104 of 200, columns 78 to 155 of 200]
450.4 437 422.2 405.7 392.6 384.1 376.8 371.9 367.4 363.5 359.2 357.6 360.8 361.9 361.4 359.4 355.3 359.5 364.8 371.5 378.3 384.9 390.1 394.9 399.5 401.7 404.4 403.5 399.4 391.4 379.9 367.5 354.2 346.2 353.9 357.8 358.4 357.5 353.6 347.4 341.4 343 344.7 350.3 361.2 369 376.2 383.4 390.9 397.9 406.4 415.3 424.1 432.9 439.6 445.7 450.6 453.7 455.8 453.8 450.6 446.4 441.4 434.3 426.6 418.8 413.3 405.7 400.3 404.4 410.7 419.3 426.9 433.5 439.9 442.3 443.1 443.5
444.9 430 416.1 402.8 391.6 383.7 376.9 371.9 367.1 364 358.9 359.8 361.3 362.7 363.5 363.1 358.2 359.9 365.8 373 381 387.8 392.1 396.6 399.6 401.6 401.4 397.2 391.1 381.9 366.9 352.6 350.8 359.5 367.1 371.8 370.6 367.2 362.5 355.2 344.8 343 344.2 345.7 352.6 361.4 368.2 374.5 381.5 391.8 401 409.1 419.7 429.4 435.2 439.2 444.7 449.2 450.1 448.9 448.1 445.1 440.5 435.2 428.9 424.1 419.2 410.9 411.6 403.2 406.9 406.1 419.2 430.6 437.6 440.2 440.8 441
436.6 421.6 409.6 399.1 388.7 380.9 375.5 370.9 367.2 364.1 358.7 360.5 362 363.5 364.4 363.9 360 360.6 366.9 374.3 383 388.8 393.5 397.5 399.1 399.3 395.9 390.4 380.8 361.1 351.7 359.4 365.7 374 380.8 385.8 384.4 381.3 374.9 366 355.4 344.6 344.2 344.3 345.7 352.5 361.5 367.4 372.4 380.1 391.4 400.5 411.3 421.2 427.9 431.9 437.9 441.7 442.5 443.7 442.7 441.2 439.3 435.2 431.6 428.3 423.5 419.4 411.1 414.5 416 416.1 411.7 427.3 433.4 437.1 437.4 434.5
427.7 414.4 404.6 394.6 384.9 378.7 373.2 370.4 366.7 362.2 361.6 361.5 362.8 364.8 365.3 364.9 362.1 361.9 368 375.8 384.2 390 393.6 396.7 397.6 396.1 391 384.5 365.7 352.5 365.4 372.1 377.8 384.3 390.4 395.5 397.6 396.8 389.9 380.7 368.3 357.9 349.5 345.2 345.2 348.1 353.8 361.4 364.9 370 379.5 388.5 398.5 408.1 415.8 421.2 426.9 431.5 433.4 436.6 436.7 436 435.4 433.9 431.3 429.3 424.8 421.7 418.2 419.4 421.8 421.6 418.1 419.2 430 433.4 429 436.6
420.3 409.7 400.5 391.2 383.2 377.3 373 370.3 367.5 362.2 363.8 363.5 364 365.3 366.2 365.6 362.7 362.7 368.9 376 383.6 389.5 392.6 395.3 395.9 392.8 386.9 378.3 356.1 361.3 372.5 379.1 384.5 391.7 399.1 403.9 407.6 408.6 403.9 395.6 383.2 369 357.2 346.7 346.5 347.4 348.7 353.9 359.5 363.5 367.6 376.2 384.1 391.5 399.6 404.6 411.1 418 423.4 427.3 429.1 429.1 429.2 432.1 432.8 429.5 425.6 422 421.6 423.3 425.6 427.3 425 416.7 421.6 424.2 431.6 435.9
416 405.4 395.9 388.2 381.4 376.8 372 369.6 366.5 364.2 365.5 365.6 366.3 367.1 366.7 364.9 363 364.6 369.1 376.1 383.1 388.8 391.7 393.7 393.8 390.1 382.8 371.8 356.3 366.9 376.2 383.6 390.9 398.2 406.7 412.7 416.5 418.3 415.2 408.3 397.1 381.3 365.7 354.8 347.1 346.6 347.4 348.5 352.1 357.4 360 365.9 369.7 374.1 380.5 387.1 394.6 402.3 409.8 416.2 419.5 421.2 422.8 427 429.6 427.4 423.4 419.4 423.1 425.8 427.5 428.8 430 425.6 416.4 426.3 431.5 435.3
413.2 403 394.5 386.6 380.6 375.4 370.3 367.6 366.7 367.4 368.5 368.6 368.9 368.8 368.2 366.3 364.3 363.9 369.2 376.2 383.3 388.5 391.1 392 391.4 387.2 379.2 369.1 358.8 370.7 379.3 387.4 394.7 403.7 413.3 420.3 424.2 425.8 423.7 417.5 406 391.4 374.9 362.4 353.2 349.7 348.9 347.5 349.1 351 354.6 356.3 356.2 360.2 365.9 370.7 379.2 388.8 396.1 402.8 409 411.5 416.6 422.1 423.9 421.8 417.5 422.6 427.4 427.4 429 430.9 433.3 429.9 426.5 422.8 430.4 434.8
410.6 399.7 392.4 385.7 380.4 376.2 371.3 369 371 372.3 372.1 370.8 369.9 370.2 369.5 367.5 365.9 365.1 369.6 376.2 382.2 387.5 389.8 389.9 388.7 384.2 377.2 367.6 360.8 372.8 382.8 390.7 398.8 409.3 418.3 425.7 429.9 431.5 428.6 421.5 410.5 397.7 383.4 368.2 358 353 355.2 355 351.2 349.7 351.3 352.3 353.2 353.5 354.1 357.3 366.6 374.9 382.7 388.8 397.3 402.6 408.1 414.4 418.2 414.7 417.1 425.1 426.3 427.7 430.7 430.5 432.6 431.6 429.2 426 425.1 433.2
407.8 398.3 391 385 379.6 374.9 376 377.5 377.3 378.9 378.7 376.4 374.2 372.5 371.2 368.8 367 366.8 370 375.2 380.7 384.7 386.3 387.2 385.4 381.3 374.7 364 363.4 373.8 385.3 393.7 402.5 412.7 421.5 428.7 433.8 435.5 431.6 424.2 414 403 389 374.2 361.3 355.5 360.4 362.2 362.1 362.1 361.6 361.4 359.3 358.8 356.1 354.2 356.1 360.9 372 378.6 386.2 395.1 401.4 406.2 411.7 407.4 417.3 424.7 423.6 426.5 431.5 431 431 432.4 431.9 431.3 428 427.1
404.1 396.7 389.6 383.6 378.8 380.9 384 384.2 384.1 385.7 384.8 382.3 379.3 377 373.2 370.1 368.1 367 370.8 375.5 379.9 382.3 383.6 383.9 382.2 378.1 372.3 362 364.5 377.4 386.9 396.3 405.6 415.3 423.5 431.2 437.2 438.6 434.5 427.3 419 408.2 394.1 379.5 360.4 365.5 370.3 371.5 373.6 373.9 373.6 372.3 369.2 367.1 363.9 357.9 355.9 357.9 365.4 371.5 377.6 387.7 394.5 399.5 403.4 407.6 416.8 421.5 421 425.9 429.6 428.8 429.6 431.8 433 433.8 434.5 433.4
402.1 395.5 388.5 387 389.4 390.9 391.7 391.9 392 392.2 390.7 387.7 383.1 379.4 375.4 371.4 368.5 367.8 371.5 375.1 378.5 380.8 381.2 381.2 380 376.1 369.6 361.4 366.5 378.7 390 399.5 409.1 417.8 425.7 433.9 441.1 442.9 439.8 433.2 425 413.4 399.7 382.9 363.2 374.5 380.7 384.4 389.5 389.8 389.8 389.7 386.7 382.6 374.1 367 355.9 356.8 360 366.8 371.9 379.7 386.8 392.5 396.8 406.1 415.1 418 419.5 424.8 426.9 425.8 428 430.7 433.4 436.6 438 437.4
399.9 394.6 391.6 393.6 396.2 398.7 399.6 400.3 400.1 398.7 396.3 391.8 386.8 381.5 377.4 374 370.3 369.4 372.1 375.1 377.9 379.9 379.7 379.1 377.5 373.1 367.7 361.9 369.4 380.4 391.2 402.2 411.7 420.5 428.8 437.2 445.1 448.2 445.4 439.8 431.3 420.1 406.1 388.4 368.4 379.2 388.6 394.1 398.9 402.7 405.6 408 405.6 399.5 386.5 373.5 361.3 356.7 358.2 367 370.8 375.9 380.8 387.5 394.6 402.7 411.8 414.3 417.2 422.4 422.7 423.3 426.7 432.2 436.8 440 440.8 439.5
396.3 394.8 397.4 400.1 402.7 406.1 408.4 408.7 407.1 405.5 401.9 396 389.4 383.4 379.8 376.5 373 372.2 372.6 375.3 377.3 379.7 378.9 376.8 374.1 371.1 365.2 365.1 370.6 381.6 392.2 403.3 413.5 422.2 430.9 439.2 446.1 450.6 450.4 445.8 437 426.6 412.4 393.7 370.6 382.4 392.3 400 406.1 414.1 419.8 424.6 425.2 417.8 399.9 382.1 370.8 358.5 358.2 367.4 372 373 376.4 384 391.2 399.7 407.2 410.2 414.4 418.5 418.7 422.6 427.6 433.2 437.8 439.9 440.5 440.3
396.3 398.7 402.8 406.3 409.2 413.5 416.6 415.7 413.3 410.5 406.1 399.2 392.1 385.5 382.5 379.3 376.1 374.3 374.6 375.8 377.1 378.5 377.6 375.3 372 369 365.1 366.6 370.6 379.9 392.6 403.5 413.6 422.3 431 439.3 446.6 450.8 452.5 450.1 443.2 431.7 416.6 399.3 377.4 382.6 395.2 404.4 414.7 423.5 430.7 437.9 441.2 433.6 413.8 392.7 378 368.4 359.2 364 370.5 371.2 373.6 380.3 388.8 396.1 402.3 407.5 411.5 415 417.7 421.8 427.5 433.3 437.5 438.8 439.3 438.9
397.8 404.2 409.3 413.4 416.8 421.4 423.5 422.2 418.7 414.1 408.1 401.7 394.5 388.3 383.5 380.7 378.3 377 376.5 377.2 377.9 378.4 376.8 374.1 371.6 369.5 366.7 367.3 371.5 381.8 392.3 403.9 414.1 422.6 430.6 438.9 446 450.3 453 452.2 445.9 434.4 418.4 401.4 385.1 385.5 397.4 409 420.5 430.8 440.3 448.6 453.7 447.7 424.9 402.7 383.4 373.7 359.9 359.7 366.5 368.8 371.6 378.1 386.1 392.1 398 404.4 408.2 412.1 416.4 420.8 427.5 433 436 437.3 437.7 437.7
406.1 411.7 416.8 422 425.2 429.5 430.1 429 424.6 418.8 411.2 403.5 396.9 390.1 384.9 381.4 379.9 380.1 379.5 379.4 379.4 379 377.2 374.3 371.8 369.8 365.2 368.4 372.5 382.8 393.1 403.4 413.4 421.7 429.9 437.7 445 449.6 452.6 452.3 446.5 434.9 419.1 403 387.9 388.3 401.4 413.1 424.6 435 446.2 456.2 459.9 455.4 429.5 408.3 388.4 375.8 364.3 360.1 366.2 368.7 372 376.3 382.9 387.8 393.9 400.5 405.1 409.6 415.1 420.2 426.7 431.7 433.8 435.6 436 436.9
414.9 421 427.2 431.5 434.1 436.4 436.9 434 428.5 422.5 415.6 407.4 398.6 391.2 385.2 380.7 383.2 384.2 383.8 383.6 382.9 380.5 377.9 374.5 372 369.9 367.6 369.8 372.8 383.5 392.7 402.8 412.1 420.5 428.7 436.7 443.6 448.5 452.1 451.9 446 433 417.7 401.6 387.4 392.1 405.2 416.2 427.6 438.4 450.2 459.7 461.4 452.1 431.4 410.2 392.1 378.3 368.8 360.2 363.8 365.6 369 372.5 378.9 384.8 391.4 396.2 403.2 408.3 414 419.1 424.8 429 431 431.6 431.8 437
425.2 430.7 436.5 440.8 443 443.4 442.4 438.2 432.2 424.7 418.8 410.3 400.3 391.6 385.9 383.5 386.8 389.1 389.4 389.2 386.8 382.4 379.2 375.2 372.1 370.1 368.9 370.2 373.9 384.6 393.2 402.1 410.9 419.7 428 435.7 442 446.3 449.6 450.6 443.6 430.5 415.1 400 388 397.8 408.1 420.2 430.4 441.6 452.7 460.8 462.3 447.1 430.2 410.7 393.3 380.9 370.7 360.4 365 369.1 374.9 378.6 379.5 384.5 387.9 392.1 398.2 397.8 404.4 417 422.8 424 422.8 427.1 433.6 437.4
435.5 441.2 444.8 448.4 449.4 449.2 446.9 441.6 436 427.7 419.8 410.7 401.1 392.5 386.6 388.1 392 395.1 395.1 393.6 389.5 383.8 378.9 375 372 370.4 368.7 369.9 374.4 384 394.6 402.6 411.2 419.7 427.2 434.9 440 444.8 449.4 448.7 441.3 428.5 414.4 401 392.6 398.1 409.8 423.8 432.8 443.5 454.5 464.5 457.7 443.1 425.7 409.6 395.1 383.9 374.2 362 364.1 368.9 374.4 379.4 382 385.3 393.1 397.8 407.4 414.2 415 416.2 416.4 423.8 429.1 433.8 438.4 442.3
444.1 448.7 452.3 455.1 455.8 454.9 449.6 443.4 437.2 428.6 419.3 410.2 401.7 394 387.8 391.8 396.6 401.2 400.7 398 391.5 385.1 379.1 375.1 372.3 370.7 369.2 370.3 375.4 384.3 395.3 405.4 414.1 422.3 429.4 434.4 440.6 445.7 449.2 447.6 439.3 427.7 415.3 402.2 397.3 403.1 413.3 427.2 435.9 445.9 455.7 466.4 455.9 439.4 421.8 408.2 396.1 386.8 376.8 362.3 363.5 369.3 375.2 382 385.2 389.8 395.8 400.3 410.2 416.1 418.4 421.9 427.2 432.4 436.6 440.4 443.3 446.2
448.5 453.7 457 459.5 460 457.2 449.8 441.8 435.1 426.9 418.1 410 402.6 396.1 390.6 396.7 403.5 407.1 405.4 400.9 394.2 386.6 380.4 375.2 372.4 370.9 369.5 371.4 376.8 385.5 396.8 407.5 416 424.5 431.1 436.3 441.5 447 449.8 446.7 438 427.3 415.9 404.7 402.1 410.3 419.8 431.8 439.3 446.5 454.8 460.2 451.6 435.4 421.7 405.9 393.2 385.2 376.9 362.3 363 368.7 375.6 383.1 386.3 390.5 396.2 403.3 412.6 417.8 422.8 428.4 434.1 439.5 443.7 446.7 449.3 452.2
449 454.3 459.2 462.3 461.2 455.7 448.4 439.8 432.8 425.8 417.7 411 404.9 399.4 394.8 401.1 409.1 410.6 409.3 404.3 396.1 387.2 381.4 375.4 372.5 371 369.5 372.4 377.8 384.4 398.6 408.6 417.5 426 432.7 439.3 445.5 449.4 449.9 445.6 437.1 426.8 417.3 406.1 408.9 416.5 425.6 436.6 443 448.9 453.6 455.8 446.4 433 422.3 405.7 392.8 385.1 377.3 366.6 364.3 368.3 375.2 381.4 385.9 389.6 395.8 404.4 414.7 419.3 425.7 435.5 441.5 447.2 452.3 454.5 456.5 458.7
449.1 453.3 459.2 459.6 458 452.1 446.1 439.6 432.4 425.6 419 414.3 408.3 403.3 400.5 405.5 411.4 412.5 411.7 407.3 398.7 387.7 380.5 374.9 371.9 370.5 370.6 373.4 378.9 388.2 401.1 411.5 420.7 430.2 436.9 442.8 449 450.9 450.6 445.3 436.2 426.8 417.6 408 414.5 422.5 430.7 440.7 447.3 450.4 452.3 451 443.7 433.2 422.7 406.9 393.8 385.4 376.8 366.6 365.7 367.5 373.6 379.7 385.2 389.2 395 404.1 412.7 419 429.4 441.5 447.4 452.3 460 464.6 466.5 465.5
447.6 450.1 454.3 455.8 453.2 449 444.2 439.3 432.8 426.5 420.2 416 412 406.4 407.1 411.5 414.7 415.3 414.4 410.4 400 388.4 381 374.7 371.7 371 372 374.7 380.8 390.9 404.5 414.7 425 433.8 440.9 446.8 451.2 453.1 451.4 446.2 436.8 427.8 420.2 411 420.9 426.8 435.1 443.8 450 452.4 452 449.3 441.5 434.7 425.2 410.7 397.4 385.9 376.2 368 366.2 366.9 371.3 378 383.7 389.1 394.3 402.6 411.1 420.6 432 443.1 448.6 457.5 469.2 474.7 473.2 471.2
445.5 448 449.9 450.7 449.6 447.2 444.2 441.5 437.4 429.5 423.4 419.9 415.9 411.2 412.4 415.9 418.9 418.9 417.4 412.6 404.8 392.6 382.8 375.4 372.4 371.6 373 376.1 382.3 393.6 407.5 418.6 429 437.2 444.5 449.7 453.8 455.6 453 447 438.2 429.8 423.3 416.9 425.8 432.6 440.5 446.8 451.4 453.5 451.6 447.5 439.4 433.9 424.4 411.9 398.9 388 375.4 368.4 366.1 367.4 370.7 376.3 381.9 387.9 392.9 402.9 412.9 421.7 432.7 442.6 450 462.4 475.1 480.8 478.7 475.2
444.5 447.1 448.5 448.6 447.2 445.4 446.4 444.6 442 435.7 427.9 424.4 420.8 416.8 418.4 421.4 423.3 423.4 421.3 416.6 410 398.7 386.8 377 373.3 372.2 373.2 377.4 384.3 397 410.5 422 430.5 439.1 447.2 452.3 456.8 457.7 454.1 447.8 440.1 432.4 426 426.5 431.6 437.1 443.9 448.3 451.5 452.4 450.7 447.4 438.4 431 421.9 408.9 397.1 387.8 375.9 368.8 367.8 368.6 371 375.1 380.8 386.6 392.3 403 412.6 421.1 431.6 441.2 452 464.1 476.2 481 479 473.9
443.8 445.8 447 446.6 447.2 447.2 448.4 448.1 445.6 441.9 435.7 429.9 426.5 422.9 424.6 427.2 428.8 428.6 425.6 421.2 414.9 405 390.8 380 374.2 373.3 373.8 377.9 384.5 397.7 411.8 422.5 430.8 438.4 447.4 456.7 460.3 458.7 454.2 448.6 441.6 435.9 430.5 433.2 436.6 442.3 447.6 451.3 452.6 451.7 449.5 444.7 437.8 427.8 419.7 412.7 400.8 388.3 375.6 367.4 368.6 369.9 371.5 375.1 379.9 385.8 393.7 404.2 412.7 419.6 427 438.4 452 463.7 474 477.5 474.3 468.5
443.1 444.3 445.4 447.5 448.7 449.4 449.6 449.2 448.5 445.8 442.1 438.1 433.2 430.4 432.1 434.5 436.4 436.4 432 426.5 420.8 411.2 397.4 384.2 376 374.2 374.1 378.2 384.3 394.7 408 420.3 430.3 437.1 446.4 456.7 462.9 460 454.6 449.5 444 438.8 436.8 438.5 443 448.5 453.1 456.2 455.2 452.2 447.9 442.5 435.5 428.6 425.8 420.4 408.1 390.6 377.7 368.6 369.5 370.6 371.9 374.8 379.2 385.3 394.6 405.2 411.5 418.2 425 436.3 449.7 460.7 466.3 468.4 465 461.5
442.1 442.9 443.9 447.1 448.4 449.1 449.4 449.1 449.5 449.8 446.8 443.9 440.7 438.2 438.9 441.5 443.4 443.6 440.6 435.2 426.5 415.4 402.8 387.4 379.5 376 374.3 377.8 382.8 391.3 403.5 415.6 427.5 435.7 445.1 454.8 459.3 459.1 454.2 450.9 447.3 443.5 442.9 445.9 450 454.4 459.1 461.3 460.5 453.8 448.5 442 437.2 432.9 431.5 425.3 412.1 393.2 379.8 369.6 370.1 371.3 372.7 375.1 379.5 386.4 396.2 404.8 410.6 416.6 423.3 435.2 447.1 456.2 459.3 458.2 456.1 453.3
440.7 441.5 442.7 444.7 445.5 446.6 448.3 449.1 450.1 450.7 449.4 447.9 446.4 444.5 445.4 447.4 449.1 448.8 446.3 441 431 417.8 405.7 390.4 380.5 376.7 374.4 377.5 381 387.5 399 410.4 423 432.7 441.7 450.9 456.1 456.6 454.9 452.8 450.6 449.6 449.1 451.6 455.3 460.1 464.9 467.4 467.3 458.8 451.3 445.7 442.7 440.6 437.6 427.5 412.9 396.6 381.4 369.5 371.3 372.5 374.4 376.3 380.4 388.1 398.1 406.3 410.5 415.8 423.9 431.6 441.8 449.1 450.6 448.3 446 445.7
438.4 440 441 441.6 442.2 443.4 446 448.8 450.6 451.3 451.4 452 451.4 449.9 449.8 451.3 452.8 451.4 448.1 441.3 432.2 418.8 406.3 391.3 381.6 377.4 375 377.8 380.8 385.9 394.8 405.5 417.8 428 437.2 446.3 451.8 453.5 454.2 453.3 453.3 453.4 454.8 457.7 461.3 466.4 471.3 473.2 471.5 464.2 457.1 452 448 446.2 441.5 431.3 413.3 396.4 381.3 370.6 372.5 374 375.7 377.5 382.8 390.2 400.6 407.7 411.4 416.7 422.8 428.6 436.2 441.3 441.5 438.7 437.6 439.6
436 433.5 437.3 438.4 439 440.8 443.8 447.5 450.8 452.5 454.1 454.7 455.2 454.6 454.2 454.7 455.4 452.7 449.3 439.5 430.3 419.2 405.6 390.6 381.9 378.1 375.4 376.9 380.2 385.1 392.5 401.1 412.6 423.4 432.6 441.1 447.4 450.3 453.6 454.9 456.1 458 460.5 464.2 467.9 473.9 478.7 480 476.5 469.8 460.6 457.9 452.8 449 442.8 433.9 415.1 395.4 381.2 371.3 373 375.1 376.8 378.6 384.2 392.7 401.2 408.2 411.8 416.6 420.5 425.3 430.9 434.8 433.5 431.3 431.2 435.8
435.6 428.1 431.6 433.7 436.7 439.4 442.3 446.9 450.7 453.9 456.7 457.3 457.9 458.2 457.5 456.9 456.9 455 449.1 437.9 427.2 416.5 404.3 389.6 382 378.9 376.7 378.2 381 385.7 392.1 400.6 410.3 419.6 428.4 436.3 442.6 448.5 452.9 455.9 459.5 463 466.9 470.7 475.8 481.5 485.9 486.5 483.4 475.6 465.5 459.5 456.2 451.7 443.7 433.4 414.9 393.7 379.6 373.7 374.6 374.8 376.9 379.2 386.3 394.2 401.9 407.2 410.8 414.6 418.4 421.8 425.9 428.4 427.5 425.9 425.8 431.1
433.4 425.2 427.5 431 434.2 437.2 440.1 445.3 450.6 454.7 458.3 459.3 459.8 459.8 458.3 457.5 457.1 453.7 447.1 435.3 423.7 412.9 400.3 389.5 382.4 378.8 377.1 378.7 381.9 386.4 392.4 399.4 407.4 416.1 424.8 432.8 439.3 446.1 451.6 456.9 462.7 468.1 473.3 479.5 485.3 488.4 492 492.8 490.1 481.8 470.6 461.9 458.1 452.6 444.3 430.4 412 391.5 377.5 374.5 375 375.9 377.2 378.2 379.5 384.4 385.4 396.2 409.3 413.4 416.1 418.2 421.5 423 421.8 420.6 421.2 428.7
431.4 425.1 424 428.4 431.4 434 438.3 443.2 449.2 454.6 458.8 460.4 460.9 459.8 457.2 454.9 452.8 449.2 442.5 431.1 421 409.2 396.7 389.2 382.5 379 377.8 378.7 381.8 386.3 390.6 396.5 404.5 412.8 421.2 429.1 436 443.1 450.7 458.5 467.6 474.6 480.8 487 493.1 496.3 497.2 496.8 495.6 487.2 476.1 468 464 453.3 444.1 424 408 390.1 377.5 375.2 376.2 377.4 380 383.1 389.7 396.6 399.9 387 407 412.1 414.3 415.5 417.3 418.3 417.8 416.7 418.2 427.1
