public/OST50/NT01.asc
ncols 200
nrows 200
xllcorner 300000
yllcorner 610000
cellsize 50
[rows 140 to 174 of 200, columns 0 to 77 of 200]
336.9 336.5 337 337.8 339.1 341.1 343.9 347.6 350.2 352.8 354.3 354.1 353.5 354.2 359 362.4 366.8 369.4 373.6 378.2 377.8 372.5 366.8 360.9 353.1 344.7 336.2 327.2 315.8 299.2 277 262.1 255.1 258.9 261.8 269.5 281.3 287.5 308 322.1 337.1 352.2 369.8 375.9 377.6 377.3 376 377 372.2 368.5 363.7 358.2 349.9 337.9 326.3 318.9 311.9 306.5 301.7 298.8 288.2 269.8 280.9 289.6 299.5 308.1 313.2 313.9 308.8 309.1 308.9 310 311.1 292 316.6 335.8 349.5 358.7
341 341.2 342 342.9 344.4 345.6 347 350.1 354 356.7 358.4 358.5 357.8 356.8 358.6 361.4 365.5 368.4 371 372.7 374.2 371.4 368 363.2 355.7 347.8 339.1 332 321.4 308.3 288.1 272.6 254.6 257 257.9 259.8 267.9 282.5 282.5 301.2 320.7 335 351.7 353.9 356.2 359.6 362.1 359.2 356 351.3 346.6 341.5 332.2 322.8 312.4 306.7 303.4 298.7 293 288.9 285.5 266 269.8 275 286.8 295.5 300.8 298.9 295.1 295.6 295.5 291.1 291 311.2 330.6 347.9 361.5 369.1
345.2 346.4 347.6 348.5 349.8 350.7 351.8 354.5 358.3 361.1 362.3 362.4 361.9 361.1 360.1 363.1 366 369 371 371.7 371.6 370.6 368.6 363.8 357.1 350 342 335.2 325.4 310.5 291.9 275.4 267 252 256.3 257.1 257.4 266.1 278.4 282.6 291.4 309.1 324.9 329.7 334.9 336.9 344.9 345.6 340.2 334.8 330.2 326.8 319 310.6 301.9 299.1 296.5 294.5 289.3 284.5 278.5 269.5 260.5 266 275.9 276.6 278.9 282.4 279.7 278.2 289.7 302 315 331.5 347.4 361.7 371.7 377.6
350.6 351.8 352.9 354.2 355.5 356.8 358.2 360.2 363.3 364.4 365.6 366.2 365.8 365.5 364.7 364.6 368.3 370.3 371.5 372.9 373.4 372 369.2 363.7 357.4 351.4 344 336.8 329.4 318.4 301.2 289.5 273.1 263.2 251.8 256 255.8 254.3 261.5 269.7 282.6 282 294.2 309.2 313.5 318.4 324.1 325.6 325.2 320.6 317.4 314.3 309.1 302.4 298.4 296.9 299.6 296.5 291.6 289.1 283.2 270.5 261.3 256.2 259.9 265.1 270.6 275.3 285 299.8 314.7 325.8 339.1 351.1 362.3 369.7 375.7 382.2
356.5 358.2 359.8 361.3 362.4 363.8 365.3 366.7 368.7 369.3 370.6 371.2 370.9 370.6 370.2 369.9 370.4 372.9 374.2 375.7 377 376.2 372.1 366.7 359.5 351.5 345.1 338.1 330.1 322.2 314.7 304.6 290.2 273.9 266 254.8 251.6 253.9 248.4 254.7 263.9 272.6 281.1 279.5 289.5 299.3 304.6 307.3 307.8 306.2 304.5 302.1 299.9 297.2 296.8 299.6 303.4 300 291.5 286.1 280.4 272.6 262.7 248.7 260.1 271.7 283.7 292.3 303.5 315.8 328.1 340.3 355.1 363.3 369.4 374.1 378.6 384.6
364.3 366.5 368.1 369.6 370.7 372.4 374 375.8 378 378.2 377.5 376.6 376.5 377.1 376.2 375.2 374.7 374.7 377.8 379.1 380.4 380.3 375.8 370.3 362.6 354.5 347 341.5 335.1 330.3 326.4 319.6 307.3 293.4 281.8 268.6 258.2 256.8 255.2 248.6 250.4 256.3 263.2 270.4 278.3 276.2 277.3 285.7 291.2 290.2 289.3 289.7 290.1 293.4 295.2 297.6 297.8 296.1 288.6 282.3 276.5 270.3 260.6 250.8 262.5 277.1 291.9 303.2 314.6 326.3 336.2 349.4 360 367.3 372 376.2 380.7 386.2
373 375.7 377.6 378.9 380 381.3 383.8 385.9 386.8 386.8 384 382.3 382.7 383.5 383.2 381.3 381.1 380.4 381.7 383.6 384.6 383.1 380.1 374.6 368.3 358 349.8 344.4 339.9 336.5 333.1 326.8 315.8 303.7 293 277.6 264.4 262.4 258.2 254.7 249 247.1 250.6 249.3 256.8 262.4 269.4 272.8 271 269 274.2 273.4 275.8 282.5 286.5 288 288.8 288.1 283.3 277.1 270.8 263.9 247.9 249.8 259 274.5 292.5 307.7 322.1 333.9 343.2 352.2 360.1 367 371.4 376.6 381.8 387.1
383.6 386.1 388.1 389.2 390.1 391.1 392.4 394.9 395 393.9 391.4 390.2 390.4 389.8 389 387 386.4 385.9 386.3 388 388.3 386.4 383.4 378.8 371.4 364.7 355.7 348.9 344 340.9 336.9 330.7 320.2 304.3 281.6 274.1 279.1 278 269.3 261.2 256.4 252.6 248.1 247.1 245.3 245.2 249.4 256.8 259.2 263.7 267.2 265.2 262.7 260.9 263.6 267.3 271 271.7 267.3 266.7 262.1 257.9 244.3 246.4 256.9 269 288.1 308.4 325.2 336.6 346.8 354.8 360 364.1 370.6 376 381.8 387.4
395 396.8 398.6 400.3 401.3 402.1 403.2 403.4 402.5 400.9 399.1 397.7 396 395.2 394.3 392.5 391.8 391 391.3 392 391.6 389.9 386.7 382 375.3 368.6 361.5 353.2 348.1 344.8 339 330.7 310.4 283.8 286.7 298 297.8 291.7 289.3 283.5 272.3 262 254.4 251.7 249.4 246 245 247.1 248.8 249 254.7 256.6 254.8 259.2 258.5 257.3 255.4 253.3 251.7 249.7 250 245.7 240.2 241.5 253.1 266.5 281.9 303.2 322.5 336.3 348 354.4 357.4 360.7 368.1 375.8 381.8 387.8
405 407.1 409.1 410.8 412.4 412.6 412.1 411.7 411.8 409 406.4 403.4 401.2 400.2 398.5 398 396.9 395.7 395.8 396.4 395.3 392.9 389.8 384.9 378.7 372.4 365.1 358.8 353 348 341.5 328.5 301.5 293 311.2 316.9 314.2 312 312.7 308 303.2 294.8 282.8 260.9 255.4 251.3 246.9 241.2 241.7 242.8 242.9 248.8 249.8 255 247.9 245.9 245.3 244.5 243.7 242.4 245.5 244.8 243.3 238.1 247.6 258.5 273 288.4 310.2 331.1 345 352.1 353.5 356 362.9 374.4 382.6 387.4
420.3 420.9 421.6 421.3 422.3 423.1 421.9 421 420.1 417.3 413.3 409.3 407.6 406.1 403.7 402.2 402.4 400.9 400.5 400 397.9 395.8 392.7 387.7 380.7 373.8 368 362.2 356.2 348.8 341.1 329.4 297.1 303.9 323 327.2 328.5 329.7 330.9 327.1 326.1 320.9 306.4 291 277.2 267.1 257.8 251.9 250.9 249.9 249.6 248.6 248.1 243.9 245.4 253.5 240 234.2 234.6 232.4 231.6 231 240.2 242.6 242.2 247.6 255.2 276.1 297.2 319.8 337.5 346.7 348.7 348.2 355.3 371.7 380.5 385.9
427 427.9 431.9 431.4 431.8 432 432.5 432.4 427.6 425 420.6 416.9 414.4 412.3 409.5 407.7 407 406.5 405.9 404.2 401.8 399.3 395.4 390.3 382.9 375.5 368.7 362.9 356.2 349.3 342.2 329.8 299.6 313.5 332.1 341.1 343.9 345.5 346.3 344 342.4 337.5 325.9 311 299 289.7 281.7 271.4 263.8 254.5 252.9 252 242.6 237 246.2 244.9 246.1 251.6 244.4 240.3 236.8 234.4 231 236.2 241.6 241.5 248.3 262.8 283.1 306.1 324.3 337.1 340.7 338.5 354.4 365.7 374.9 380.7
442.9 444.7 445 442.5 442.6 443.8 444.2 441.4 435.4 433.8 428.7 424.9 420.7 418.4 415.5 412.5 412.2 412 412 410.5 408.1 404.7 399.7 394.1 386.4 378.2 370.1 363.5 356.2 349.4 341.7 329.8 300.5 325.8 341.1 355 356 358.7 361.3 357.6 354.5 351.5 341.3 327.6 316 306.6 298.1 283.6 268.3 250.7 264.9 263 260.7 260.1 260.9 263.5 265.1 259.9 251.5 249.1 244.3 239 236.4 231 234.8 240.4 241 256 270.9 291.4 308.5 322.5 321.1 334.5 346.7 356.6 366.7 373.5
452.7 454 453.5 452.7 452.3 453.1 453 451.9 448.6 444 439 434 427.2 424.6 420.9 417.6 418.5 418.5 419.4 419 415.1 409.3 402 400.5 389.6 381 371.9 365.5 357.5 347.3 326.6 315.6 310.7 335.2 349.8 361.3 367.8 372.7 375.9 371.5 367.5 362.9 356.1 341.4 326.5 314.7 305.3 287.4 258.5 266.5 273 271.7 271.9 273.9 280.4 285.2 283.8 274.8 263.2 253.9 251.4 246.4 241.3 236.4 231.6 228.8 239.3 241.2 262 280.3 295.5 306.8 304.5 321.4 335.2 345.5 355 363.9
459.3 460.9 461.1 460.8 460.6 461.7 461.1 460.9 459.2 454.4 448.5 441.5 434.2 428.6 426.4 425.7 425.1 425.2 424.7 422.8 418.3 412.4 406.1 401.5 392.7 383.1 374.4 367.4 361.2 352.9 336.9 311.3 325.6 343.3 358.4 370 378 381.7 383.6 383.8 379.7 375.7 366 349.5 333.1 322.6 310.7 287.6 258.8 272.3 277.9 281.9 283.5 288.2 294.3 298.4 296.7 286.8 276.2 267 255.6 251.7 243.5 238.4 232.3 229.9 233.8 238.2 246.1 271.7 282.1 290 282.2 303.7 319.8 332.4 343.2 353.3
465.3 467 468.5 469.2 470.3 469.5 469 468.9 467.5 463.2 457 449.4 441 436 432.2 428.8 429.1 430.6 429.2 425.9 421.6 414.4 406.5 401.8 395.1 386.3 376.9 370 365.1 358.8 346.4 322.3 331.3 351.2 366.7 377.5 384.4 389.7 391 391.5 388.4 383.1 372.8 357.8 341.4 330.7 319 296.9 272.8 270.5 285.9 293 296 301.6 304.2 305.5 303.1 295.6 288.4 276.3 265.4 255.8 248 239.4 233 229.3 230.2 234.5 236.8 255.1 271.4 276.7 277.3 292.7 305.9 316.8 329.6 342.6
470.9 473 475.8 478 477.9 476.7 476.1 473.8 471.2 468.7 460.9 453.6 445.7 440.9 436.9 435.3 433.5 432.8 431.4 428.7 425.6 419.7 413.9 402.7 397.9 388.7 379.8 372.5 366.7 358.9 347.9 323.7 337.9 357.1 371.7 383.3 391.1 396.6 400 399.5 395.3 388.1 376.9 361 346.7 338.4 327 308.3 287.3 265.3 284.2 295.7 303.2 307.5 308.5 308.9 308 301.9 292.5 281.2 268.4 259.1 249.8 241.6 235 227.6 229 230.2 234.8 234.8 259.4 258.4 271.2 282.3 292.2 302.6 315.6 328.3
475.5 478 480.3 483.7 481.8 480.8 478 473.3 470.8 467.8 461 455.3 448.7 444.3 440.8 439.7 438.5 435.8 434.3 432.6 429.7 424.7 418.6 412.4 402.2 392.5 383.2 376.3 368.8 359.8 349.4 330.4 345.6 363.6 378.3 387.8 397.4 403.5 405.5 404.9 399.8 390.7 379.1 363 353.4 344.2 330 314.8 297.6 273.4 278.5 291.3 302.7 309.1 311.4 311.2 310.5 305.7 297.5 287.6 276.9 264.8 251.5 244.8 237.4 228.1 228 229.2 232.3 233.5 242.3 249.7 260.5 271.9 280.6 289.5 302.4 315.5
478.8 481.1 479.1 480.4 480.1 478.7 473.9 469.1 465.1 459 459.7 455.4 451.6 447.2 444.3 442.7 440.7 439.9 438.2 435.4 431.7 427.4 421.5 415.2 407.4 397.6 387.4 378.4 370.7 361.7 351.5 331.1 352.8 370.5 384.4 394.6 402.9 408.5 410 407.2 400.5 393 378.9 364.8 355.2 343.2 330.3 318.5 305.5 284.9 274.4 287.4 300.5 307.2 310.6 310.8 309.1 306.3 299.8 292.8 284.1 270.3 256.1 245.9 244.1 233.5 226 227.6 227.2 230.3 231.8 238.5 249.4 261.8 270.4 278.9 289.6 304.5
477.9 474.5 469.6 472 473.1 471.7 464.7 461.4 456 458.1 456.4 454.1 451.9 448.9 446.9 444.9 443.7 440.4 439.7 436.8 433.2 429.3 424.1 419 411.8 401.8 390.3 380.6 372.2 362.2 343.7 344.7 363 378.5 390.8 400.4 408.2 412.4 413.3 407.6 399.3 392.3 377.3 364.6 348.7 340.7 328.1 318.5 308.1 290.2 275.3 284.2 298.2 304.8 307.7 307.3 306.1 303.8 300.6 294.1 292.6 285.2 269.9 254.1 244 242.4 230.3 224 226.4 228.7 230.1 232.8 241 249.1 253.9 262.9 278.6 291.9
476.2 472.5 467.5 462.4 461.8 458.6 457.2 453.1 456.5 453.1 451.9 451.6 450.3 448.9 447.4 445.7 445 443.9 439.6 438.4 435.6 431.7 426.9 421 414.2 404.2 391.3 381.3 371.4 361 338.7 357 372.7 385.8 397.3 406.6 413.5 418.1 413.2 405.6 398.3 389.4 373.3 359.9 346.4 335.9 325.7 315.8 307.7 292.4 273.4 283.9 291.8 302.3 305 305.9 305 305.5 306.6 306.5 304.2 299.1 284.4 274.9 262.1 248 234.9 229.1 226.3 224.9 228.3 228.3 231.7 236.9 242 258.9 266.5 281.7
473.6 469.7 462.4 456.9 453.1 449.6 448.3 448.4 447.8 446.8 446.4 447.9 447.8 447.3 446.5 445.3 444.1 443.7 441.2 439.9 437.7 433.6 428.5 421.6 414.1 404.9 392.8 382.7 373.7 363.1 343.2 365.6 379.9 392.1 404.2 413.8 418.6 419.3 412.3 405.6 397.8 385.1 369.1 354.6 344.2 333.4 322.5 312.5 303.1 295.9 277.6 293 294.1 296.5 306 307.7 309.6 312.2 315 315.2 313.6 311 303.5 294.3 278.5 261.5 243 234.5 227 225.9 226 226.8 227.1 229.5 236.4 252 262.2 273
465.6 463.9 457.8 452.2 446.9 441.6 441.3 440.1 440.5 440.1 441.4 441.6 443.8 444.8 444.3 444.2 443.2 442.7 441.7 440.7 438.4 432.9 427.7 420.1 412.8 403 393.6 385.6 376.7 364.1 348.7 370.9 386 398 410.8 419.1 423.8 422.6 414.3 404 395.2 379.3 364.3 349.4 339.4 329.7 319.6 309.4 297.4 279.6 290.1 300.6 302.9 300.1 303 310.6 314.8 318.4 321.2 324.3 323.6 322.5 316.2 303.7 291.7 276.7 259.5 246.1 236.5 227.1 225.8 221.5 225.8 229.2 233.8 243.6 253.4 269.8
464.6 461 455.4 449.4 442.8 437.6 435.3 434.1 433.3 432.6 434.1 436.3 438.5 439.8 441.3 442.3 442.2 441.3 440.9 439.6 436.1 430.7 424.4 418 410.4 401.1 393.7 387 380.9 365.1 358.7 377.1 391.8 403.6 417.2 422.4 423.7 422 414.4 403.8 392 374.4 358 345.3 335.6 327 317.3 301.4 285.6 304 304.6 306.6 309.9 307.8 303.4 309.6 318 322.6 324.8 326.1 325.3 324.3 318.3 316 301.8 289 268.2 242.6 242.5 233.1 225.9 223.6 224.2 227.9 233.7 238.8 248.6 263
462 460 456 449.6 443.8 435.8 430.4 428.6 426.9 426.5 427 428.3 429.6 433.9 435.7 438.8 439.9 438.8 436.9 434.2 429.8 425.1 420.2 414 407.2 399.5 393.4 387.2 381.8 364 368.8 384.9 396.8 408.5 418.1 422 421.9 419 412 401.9 387.7 368.8 352.7 341.3 331.5 322.6 310 293.9 303.4 308.3 311 312.2 316.1 314.3 309.8 309.4 318.2 324.9 329.4 329.7 330.8 330.8 328 321.4 311 293.5 274.1 256.1 241.7 235.3 232.1 224 222.9 226.4 231.6 234.8 248.5 261.5
461.8 462.4 458.6 452.7 443.9 435.3 427.1 425.3 423.4 422 421.1 421.6 422.8 424.7 429.2 431.6 432.6 432.3 430.5 427.3 418.8 411.1 410.6 407.3 403.1 398.1 392.7 385.7 377.7 361.2 377.9 391.6 401.8 412.5 418.9 422.4 421.1 417.2 409.2 398.7 381.1 362.9 349.3 338.5 327.8 318 303.4 306.8 312.3 314.6 316.4 317.8 320.3 319.5 316 313.5 317.8 324.9 330.9 333.6 335.2 335.9 333.6 327.6 314.9 298 282.7 264.1 240.4 238.3 231.3 224.4 222.4 224.7 230.1 239.3 255.8 274.8
463.1 465.1 460.1 453 445.1 435.9 427.5 423.4 419.6 418.2 416.7 416.8 417.1 418.3 423.1 423.7 424.1 423.6 423.2 420.5 418.2 414.3 408 405.2 400.1 396.2 391 381.6 367.7 375.5 386.9 400 408.6 416.8 420.7 422.3 420.2 414.2 407 394.6 375.2 358.4 345.5 334.9 323.9 305 302.8 315.2 318.8 320.9 323 322.3 324.5 324.8 322.6 320.1 320.8 325.1 332.2 335.3 338.1 340.3 337.5 329.2 317.9 298.9 283.4 263 247.3 239.2 232.5 223.9 221.3 223.9 231.4 241.1 261.4 282.4
464.7 465.9 461.9 454.4 451.5 437.7 428.7 422.5 419.3 414.5 413.1 412.7 413 413.9 415.4 417 418.1 418.2 417.6 415.8 413.9 410.8 406.9 401.8 396 393 388.9 374.6 378.2 388.5 397.9 407.9 415.3 419.5 423 424.1 419.7 412.5 400.2 389.3 369.5 354 341.2 327.7 316.1 308.3 318.9 324.4 327.3 328.9 330.9 326.8 327.7 329.6 327.4 325.9 325.8 326.5 332 337.2 339.8 341.4 341.8 335.1 320.9 302.9 285 267.7 249.8 239 232.3 222.7 220.7 222.3 231.2 243.9 264.6 285.4
465.2 465.8 461.8 456.4 450.7 441 432.4 426.1 420.5 416.6 412.7 410.8 410.7 411.3 412.3 411.6 412.7 413.8 413.9 411.9 409.6 406.6 402.8 396.9 391.6 389.5 381 379.6 389.6 398.4 406.7 414.2 419.6 422.7 424 421.2 417.1 407.6 395.4 379.9 363 348.5 335.2 316 311.5 322.9 328.3 333.3 336.4 335 334.1 332.6 331.7 332.6 331.3 329.3 331.5 332.2 333 337.4 341.6 343.4 345.5 337.5 322.6 305.6 289.1 268.7 250.2 235.9 225.7 222.1 220.4 221.2 229 242.3 264.2 285
464.9 465.7 462.3 457.5 450.3 442.6 436.1 429.3 422.8 418.1 414.1 410.9 409.4 408 407.5 413.1 409.9 410.6 410.6 409.2 406.4 403.6 398 389 386.2 389.3 393.2 392.1 400 406.2 412.4 418.1 423.3 425.5 423.6 419.6 413.5 403.4 390.9 372.3 358 342.3 327.7 308 320.5 328.7 335.6 340.2 342.2 338.9 338.1 337.8 336.5 336 335.4 334.7 337 337.3 336.8 339 343.3 346.2 347.7 342 326 309.7 288.7 267.3 252.6 237.6 225.6 221.8 220.2 220.5 223.3 242.7 262.2 283.4
464.2 465.1 463 458.4 451.8 444.3 438.2 431.5 423.8 418.5 414.4 411.6 409.8 407.9 406.9 407.1 407.1 407.2 407.1 406.2 403.4 396.5 391.4 395.7 401.2 401.1 401.1 402.6 405.9 411.5 416 421.3 425 425.8 422.3 417.8 408.9 399.4 384.1 365.6 352.5 337 318.5 319.8 329.1 339 344.8 345.1 344.8 341.2 341.2 344.4 341 340.5 341.8 342.5 342.7 341.6 340.6 339.5 344.2 348 348.3 344.3 332.3 312.4 288.8 266.8 249.9 236.8 225.3 219.9 219.8 219.9 222.5 238.4 259.3 281.5
462.4 465.2 463 459.3 453.8 446.3 439.3 431.1 423.8 418.3 413.9 411.2 409.5 407.5 405.3 403.1 403.4 403.9 403.3 402.3 395.4 397.6 402.3 404.7 406.8 407.4 408.2 410.1 412.2 414.3 417.1 422.1 424.6 423 420 413.3 403.4 389.2 374.3 361 346.5 326.3 318.8 327.8 337.1 351.2 357.4 357.2 353.6 347.4 345.8 348.3 345.5 344.9 346.7 346.8 346.1 344.9 343.3 341.9 344.2 349.6 349.3 346.1 335.3 313.3 288.7 265.8 247.2 237.6 226.3 217.5 218.9 219.6 224.4 234.5 254.3 275.9
456.5 462.9 461.8 458.1 452 446.1 438.9 429.5 422 417.2 416.1 413.6 411.9 410.6 407.9 405.9 402.1 402.5 402 401.1 403.9 405.9 408 411.6 413.9 415.1 416.3 416.2 417 416.8 416.2 418.5 421.6 419.6 415.3 407.7 395.8 382 368.4 358.6 340.5 319.6 323.8 334.9 347.5 359.1 367.7 369 368.6 359.2 357.6 355.2 350.7 348.5 350.9 350 348.9 346.4 344.9 343.5 344.2 348.6 349.5 345.6 336.8 310.2 285.3 264.3 246.6 235.2 226.9 217.3 217.5 219.6 224.7 231 248.1 270.3
452.3 456.1 457.2 454.2 449.9 443.1 432 425.6 420.5 424.2 420.1 416.6 414.2 412.4 410.4 407.5 406.6 406.3 406.3 405.8 407.9 411 417.1 420.8 422.4 422.9 421.7 420.5 420 417.7 414.7 415.1 416.8 415.2 408.4 400.7 388.6 376.6 365.9 355.2 338.5 318.2 331.6 341.3 354.9 366.9 377.7 380.5 378.6 375.7 370.7 365.3 357.8 353.3 354.7 353.8 350.9 349.1 346.5 344.8 344.1 342.4 340.3 342.9 334.2 313.2 287.5 263.5 247 234.5 228.9 216.8 212.9 218.7 221.8 227.7 246.7 268.8
452.1 450.8 453.1 449.5 443.4 435.5 426.8 435.8 432.7 428.5 423.9 419.7 416.3 413.7 411.3 409.7 409.2 408.7 408.6 409 412.3 417.6 423.4 427.7 428.2 426.4 424 422.8 420.9 418.7 414.4 412.4 411.1 408.5 401.4 394.1 384.1 373.7 363.1 351.6 334.7 325.3 337.5 348.4 363.4 375.1 383.1 389.1 390.9 388.3 386.4 372.4 363.5 359.3 357.8 356.4 353.4 349.8 347.7 346.2 346.1 349.8 349 344.3 330.6 301.9 282.2 261.5 244.3 229.3 229.1 216.6 212.4 217.5 217.7 228.8 245.2 267.9
