public/OST50/NT10.asc
ncols 200
nrows 200
xllcorner 310000
yllcorner 600000
cellsize 50
[rows 0 to 34 of 200, columns 78 to 155 of 200]
379.3 362.3 355.5 351.3 345.1 322.5 286.3 248.6 215.5 194.9 181.3 173.8 164.7 156.1 169 168.8 163.3 162 162.5 166.7 171.1 168.9 161.5 148.9 147.5 147.4 147.4 147.7 155.3 173.6 191.8 206.1 220.9 231.6 243.3 257.3 269.4 281.6 292.3 299.9 308.6 320 330.7 346.5 367.8 379.2 395.6 418.3 440.1 457.3 481.4 503 520.9 547.4 569.6 572.9 575.5 580 588 592.2 598 600.7 599.5 596.5 583.4 577.4 568.9 566.3 558.3 554.6 549.6 545.8 541.2 539.8 536.4 534.2 527 522.3
375 359.3 327.4 340.1 323.5 296.1 264.8 233.8 205.2 187.8 177.2 168.8 161.6 156 164.6 162.2 157.5 156.3 159.9 165.4 167.3 161.2 153 147.8 147.4 147.4 147.5 149.1 168.6 186.5 201.2 213.7 228.3 238.9 248.5 262.8 275.6 287.4 296.4 304.2 312.9 324.4 334.3 351.3 366.9 381.4 396.3 415.9 435.1 452.3 470.1 489.6 507.6 534.2 545.8 545.6 550.9 560.2 571.9 581.9 587.3 590.4 590.7 580.4 571 563.4 558.9 552.5 545.2 539 539 535.8 532.3 533.2 530.5 527 523.1 523.6
373.2 356.9 339.8 296.7 303.9 276.2 246.6 219.2 196.2 180.8 170 165.5 163.2 151 156.4 154.9 152.7 153.4 158 162.4 161.2 154.5 147.4 147.4 147.3 147.4 147.6 163.2 183.2 197.1 208.2 221.4 232.3 241.2 253.9 267.9 280.9 292.5 301 308.1 317 327.2 339.4 353.2 366.4 383.2 395 410.7 425.6 441 457.5 473.7 491 508.2 521.3 524.5 531.9 543.1 557.5 571.1 576.4 579.5 573 565.3 559.2 553.2 547.9 539.3 530.9 525.3 525 521.5 520 522.4 516.5 519.1 524.6 525.8
371.2 354.4 337.9 307.3 260.8 244.1 232.3 207.5 186.8 175.3 168.6 163.4 161 151 152.4 152.3 150 151.6 154 153.5 153.2 146.8 146.9 147.1 147.1 147.4 156.2 174.8 190.3 202.9 215.3 226.4 236.3 245.7 260.3 272.4 286.1 296.6 304.9 312.2 320.9 331.3 341 354.5 370.1 382.2 393.4 403.4 416.5 427.6 442 456.1 471.7 487.8 494.6 504.6 512.4 525.3 544.7 557.8 560.7 565.5 562.8 553.2 548.5 540.8 533.6 520.3 515 511.1 510.6 508.9 507.4 506.1 507.4 518.8 524.1 529.7
371.4 354.5 335.1 313.5 279.5 247.8 215.8 200.5 188.4 176.1 166.9 161.2 156.6 151.7 149.8 150.6 148 148.1 149.7 149.2 146.1 146.4 146.8 147.1 147.1 152.1 166.3 180.4 195.2 207.4 219.8 231.1 240.7 251.5 265.1 278.7 290.5 299.6 307.9 314.5 321.6 333 341.5 353.4 369.2 381.9 392.7 400 407.6 418.4 431.5 444.9 454.8 466.5 480.1 485.1 493.2 508.6 525.5 536.6 545.1 547.4 548.2 540.4 533.4 527.6 520 509.2 500.7 499.9 503.1 499.4 497 496.5 506.5 516.1 519.8 523.2
364.9 345.7 329 314.8 285.2 244.2 218 198.9 182.4 172.4 165.1 159.7 156.2 152.7 150.4 149.4 147.1 146.7 146.3 145 145.5 146.6 147.7 148.3 151.8 162.5 175.4 188 200.5 211.5 221 232.6 242.1 257.1 269.3 284.3 294.1 302.1 309.5 314.3 320.9 328 337.8 350.6 368.1 386.8 390.6 399.3 407.5 417.6 429.7 446 450.5 457.1 465.5 474.9 484.3 495.7 509.7 517.7 524.4 530.6 531.4 528.4 524.9 515.7 506 496.5 492.6 492.4 492.9 489.9 488.2 493 497.8 500.1 505.9 514.3
355.5 337.8 321.8 303.9 278.9 246.4 216.4 197.9 181.2 170.1 162.6 158.1 154.8 151.8 150 148.6 146.6 146.2 145.7 144.8 146 147.7 149.6 150 158.4 165.4 180.4 193.2 205.4 214.1 222.7 231.9 245.8 260.5 275.1 287.6 297.1 302.9 307.2 311.3 319.6 324.2 335.3 349.1 365.5 379.5 385.1 395.6 407.8 418.7 429.7 441.4 451.1 459.1 464.1 477.9 480.5 485 497.4 505 507.8 511.2 519.3 518.9 511.4 502.6 495.7 491 487.5 485.7 483.1 480.7 483.2 482.7 485.7 488.8 494.7 507.6
349.2 328.5 310.7 292.7 268.3 246.1 217.7 196.6 176.4 165.8 161 156.3 153.3 150.2 149.2 147.9 146.1 145.4 145.3 144.2 146.1 149.4 151.6 154.2 162.5 171.9 185.3 198.2 209.4 216.3 224.3 235 249.4 263.4 277 288.9 294.5 299 302.7 307.6 316.1 327.4 337.7 350.4 361.7 372.3 383.4 397.1 407 413.8 424.4 437.2 447.8 454.6 459.9 463.6 473.7 485.7 492.7 492 490 495.2 505.1 503.7 497.8 494.5 489.9 487.1 485.9 482 478.2 476.5 476.4 473.3 475.9 481 485.7 499.3
342.3 318.7 300.8 283.7 260.6 237.8 215.1 190.3 170 161.8 156.7 153.1 150.3 148.4 147.5 147 145.7 144.6 144.5 143.7 147.4 153.7 153.8 156.9 171.7 179 190 201.1 211 218.5 226.2 240.4 252.7 266.9 277.2 281.5 288.2 292.5 298.7 305.1 315.4 328.2 337.3 349.6 357.4 370.8 386.4 394.5 401.3 409.7 423.7 436 441.2 443.3 448.1 455.7 462.9 475.5 475.9 472.2 475.1 480.8 488 487.5 486.9 486.8 485.1 484.6 483.7 481.8 479.3 473.1 471.1 470 472.1 474 477.4 487.9
334.1 310.1 294.6 275.9 257.1 234 210.2 185.2 166.9 160.5 154.5 150.4 148.5 146.6 145.8 145.3 144.8 143.8 143.9 144 148.6 163.1 163.2 158.9 170.1 183.4 193.8 202.4 210.6 219.1 229.5 247.1 258.7 267.1 274.7 279 285.3 289.1 293.3 301.2 311 323.5 334.1 344.2 353.9 372 381.2 387.3 392.8 405.2 417.9 423.3 428.6 430.1 435.2 442.6 449.1 454.9 456 459.7 464.2 467.8 471.1 473.9 477.2 478.8 479.8 482.6 483.2 483.6 481.6 474.8 469.5 468.4 467.9 468.8 470.4 480
322 301.8 290.1 273.9 253.5 232.2 205.6 177.6 163.8 157.3 151.7 147.5 145.8 144.9 144.8 143.9 143.3 143.1 143.1 143.6 157.8 164.1 167.8 172.1 177 185.1 187.7 206.9 214.5 218.6 230.5 244.5 253.4 260.9 265.6 272.9 280.8 274 283.2 296.7 310.6 316.8 327.5 342.7 356.2 362.1 370 377.8 380.3 391.1 406.9 412.4 414.7 417.4 423.8 428.8 432.9 437.7 441.7 448.1 451.6 455.8 461 465.4 471.9 476.1 484.1 488.9 487.9 485.7 484.6 479.2 473 468.1 467.4 466.5 468.3 473.5
309.8 297.4 287.3 270.5 251.1 226.6 196.1 171.3 162.4 155.4 148.4 144.4 143.4 143.7 143.8 143.2 142.4 142.6 143.4 153.4 160 164 169.5 172.7 178.2 190.6 203.2 207.1 207 214.2 228.8 230.3 236.2 243.6 252.2 257.8 266.6 287.9 296.4 288 303.3 320.4 332 324.2 335.2 349.1 366.8 370 382.1 387.3 384.6 398.3 402.3 407.5 413.6 416.5 417.8 424.6 427.2 434.3 436 447.7 458.3 465.6 470.9 478.3 487 490.3 488.8 488.7 487 482.9 477.3 471.3 469.7 466.8 465.9 467.4
302.3 296.3 278.9 264.8 243.6 214.9 185.3 167.2 159.7 151.9 143.2 142 142.2 142.5 142.8 142.2 142.9 142.5 150.7 155.3 160.4 162.7 168.9 175 183.9 196.2 205.5 213.3 221.6 228.1 234.5 242 250.2 260.3 272.2 280.3 288.2 297.3 303.6 310 319.8 332 343 349.4 357 366.8 376 385.2 391.2 395.7 401.5 407.3 411.1 414.9 420.7 426.2 430.2 431.6 435.1 440.2 447.1 449.2 452.8 462.4 469.1 475.5 479.5 485.3 490.5 491.5 490.8 487.6 483.3 477.4 473.1 469.7 466.5 466.3
299.5 283.7 271.8 253.2 231.5 205.1 175.6 163.3 157.2 146.8 141.3 141.2 141.7 141.7 141.8 141.9 142 147.8 147.4 151.2 157.9 163.4 172.2 179.5 190.2 197.6 206.4 215.2 222.7 230.3 238.9 247.4 259 269.9 279.3 287.1 297 305.7 310.6 318.5 332.1 342.2 351.4 359 367.8 376.4 386.9 397.2 405.6 412.7 419.1 423.1 424.5 429.9 435.9 441 443.4 443.7 449.9 455.7 462.3 463.2 465.1 465.3 467 473.4 479.6 485.3 491.9 494.4 493.1 491.2 486.5 481 476.6 472.5 467.9 463.5
289 279.8 264.7 245.7 222.3 194 169.8 158.4 150.5 146.5 140.4 140.7 141.3 141.3 141.7 142.2 144.9 142.3 145.2 152.5 157.8 164.4 173.2 185.6 194.4 200.5 208.3 217.1 226.5 235.5 244.7 256.8 268.1 278.7 290.2 300.1 311.5 316.4 324 331.2 341.4 349.6 358.6 366.7 376.1 388.8 403.3 414.5 422.3 430.1 435.3 442.4 443.2 447.4 453.9 457.6 459.2 464.2 471 475.5 479.8 480.9 484.4 484.2 483.3 481.5 481.6 487.8 494.2 496 494.3 492.4 489 484.2 478.7 474.1 468.8 463.3
283.8 273.6 257.6 237.1 211.4 183.7 162.8 154.8 146.4 141.9 140.3 140.6 140.9 141 141.4 141.8 141.6 141.7 147.2 151.6 157.3 168 179.9 189.9 199.3 204.7 210.9 219.5 230.4 239.9 253.4 266.4 278.5 289.9 303.8 315.2 322.7 330.2 336 339.7 347.8 355.9 365.5 374.8 389.9 405.2 418.2 434.4 437.9 447 452.9 456.8 459.8 466.4 474.2 475.4 479.2 485.9 490.2 494.5 498.3 500.3 502.7 501.9 498 493.7 489.8 489.4 493.1 494.9 497.8 497.9 493.9 486.6 480.1 474.3 468.4 463
277.7 265.8 248.1 224.2 199.6 175.7 158.3 150.4 142.4 146.3 140 140.6 140.6 141 141.1 141 141 144.3 147.6 151.4 159.2 171.5 183.7 192.4 200.3 206.8 214.6 224.3 237.5 250.6 263.2 274.8 289.2 303.4 315.8 325.5 333.9 339.6 343 347.1 354.5 365.1 375.8 388.8 402.5 417.9 434.8 444.6 458 465.3 466.8 469.5 473.8 483.5 487.1 492.9 501.8 508.9 511.5 514.5 516.2 517.7 518 512.8 509 504.1 497.5 495.7 496.8 500.2 504.9 505.8 500.7 489.7 481.6 475.4 468.6 462.2
270.6 254 231.5 211.7 191.7 167.9 153.7 146.2 143.6 148.6 139.9 140.1 140.4 141.2 141.2 140.9 141.4 145.2 148.1 154.7 165.8 177.7 186.7 195.4 202.5 210.7 219.2 232.3 248 260.3 272.8 286.3 301.2 314.4 325.3 334.7 341.3 346.6 349.2 352.5 362.8 375.2 385.3 398.5 411.9 429.6 443.8 459 475.1 477.4 486.9 489.3 492.9 497.4 501.6 509.7 520.2 529.1 533.2 537.9 537.1 534.7 528.6 527.5 525.2 513.5 502.7 500.7 500.8 505.2 510.5 511.7 507.4 497 485.4 478.8 470.5 462.9
256.1 235.5 217.8 203.3 181.7 158.2 148.2 143.2 142.3 141.7 139.9 139.8 140.3 141 140.9 140.8 141.3 145.7 152.5 159.2 171.3 179.8 188.6 197.2 205.5 214 226.4 243.3 257 269.6 282.9 296.8 311.9 323.6 334.6 344.1 349.5 352.9 354 359.9 371.4 382.6 394.5 407.5 423.6 442.2 455.9 470.9 486.3 493.1 500.1 506.8 513 514.7 522.8 531 539 546 551.6 554.1 545.7 539.2 535 537.7 533.1 522.1 507.7 503.3 504.6 507.6 510.3 512.8 509.3 500.6 489.9 481.3 472 462.1
238.1 222.7 210.1 192.4 166.1 152.4 145.5 140.8 139.5 140.1 140.2 139.8 140.4 140.5 140.5 140.5 142.5 147.3 158.3 165.2 173 182 190.8 197.5 205.6 220.6 239.1 253.9 266.8 279.5 293.7 307.7 321.1 333.5 346 354.7 360 360.8 362.9 368.3 378.7 390.9 404.6 420.3 437.5 452.8 468 484 496.6 509.8 513.4 521.4 526.8 532.7 541 548.8 552.9 558.5 558.7 554.1 544.3 540.6 538.3 537.5 533.1 524 510.5 505.5 507.3 509.5 511.2 510.6 510.3 504 496.2 486.2 473.5 461.8
226.8 214.1 204.6 184 158.9 148 143.8 142.4 139.5 139.5 139.5 139.5 139.7 139.9 140.6 141.8 143.9 149.5 158.3 168.1 175 182.2 190.2 200 215.9 233.9 251.5 263.5 275.4 289.9 303.9 317.1 328.5 342.7 355.2 366.4 370 368.9 372.6 377.5 386.6 400.6 413.8 428.4 444.8 461.3 477.5 491.7 508.6 520.7 526.6 534.6 539.1 546.1 551.7 556.6 561.8 564.8 556.7 548.5 543.6 541.4 542.7 538.6 530.5 521.4 510.5 506.4 507.8 510.3 508.7 508.8 509.8 508.9 503.2 492.2 479.6 467.3
221.4 207.8 195.7 173.4 153 146.5 143.9 143 141.7 139.1 139.2 139.5 139.8 139.7 141.2 143.8 146.2 151.8 159.4 166.3 175.6 185.1 194.5 209.4 229.3 246.1 259.3 270.1 283.4 297.9 311.6 323.7 336 347.3 362.8 373.1 371.9 374.8 378.9 384 392.9 403.7 416.5 431.9 448.6 466 482.1 502.5 518.6 528 534.3 539.1 547.1 554.6 559.7 563.2 562 560.4 553.2 547.1 543.8 545.3 544.7 533.5 524.7 517.7 506.9 503.3 504.1 506 505.5 506.4 511.7 512.9 508 494 483.8 473.7
215 203.2 186.5 165.7 152.2 144.1 143.7 142.7 145.3 139.6 138.9 139.6 139.5 139.4 140.7 143.2 146.9 150.2 159.5 168.7 175.8 187.3 207.4 225.3 240.5 254.6 265.5 276 290.6 303.9 316.4 329.8 340.7 353.3 366.1 369.3 372.6 379.8 382.2 387.3 393.7 402.9 414.1 428.9 443.2 462.6 483.5 501.6 514.7 526.3 535.2 541.7 552.6 561 564.5 566.4 565.2 558.5 551.8 544.6 539.4 537.1 531.6 525.5 518 512.3 502.3 497.7 497.4 495.8 499 505 510.2 511.7 503.8 492.9 486.4 482.2
204.8 192.2 173.9 156.5 144.5 142.3 143 141.6 138.7 138.7 139.1 139.2 139.2 139.1 140.2 143.3 150 156.5 163.2 172 184.2 195.2 215.5 235.1 249.3 260.5 269.9 283.5 296.4 308.5 320.4 332.3 343.6 355.2 362.1 367.4 375.1 379.1 383.5 387 394 401.4 410.6 422.6 441.9 461.9 477.2 488.9 501.5 515.5 527.2 537.9 548.2 554.5 558 561.1 563.7 558.3 549.7 541.6 533.8 528.4 522.4 516.4 507.5 502.1 495.2 490.5 487.7 486.8 490.9 495.9 500.3 502 496.2 489.9 486.6 483.3
196.7 178 160.8 146.1 141.5 141.8 142 139 138.9 138.8 138.9 138.8 138.8 138.7 141.6 147 151.8 158.2 167.5 181.4 194.6 209.7 222.9 240 249.8 256.7 275.8 288.8 301.2 311.8 322.6 332.8 346.2 354.6 361.5 367.4 373.4 378.6 382.3 386.8 392 398.4 407.3 422.8 442.2 453.6 462.7 475 493.1 508.4 520.6 531.8 541.1 547.2 553.1 556.7 558.5 554.1 548.1 541.7 533.1 523.1 516 508.8 500.2 492.7 486.9 483.8 481.6 480.9 481.6 483.7 486.4 486.4 484.9 482.9 482.6 482.1
184.5 167.3 152.4 143.6 141.7 141.6 141.3 138.4 138.4 138.4 138.7 138.3 138.3 138.4 143.3 147.8 154.9 165.4 178.8 191 207.7 225 235.9 247.3 256.5 268.9 280.6 289.8 299 312.5 322.5 333.7 344.7 352 358.2 364.7 371.7 377.2 381.7 387.2 392.2 398.6 409.3 423.8 435.7 443.2 453 468.4 483 497.8 512.5 526.8 535.1 544.1 552.7 557.7 558.3 555.8 550.3 542.3 533.5 522.6 513 503 492.7 484.1 480.7 479.4 476.8 473 473 474.2 475.7 473.5 473 475 475.6 478
173.9 156.9 147.4 143.3 141 141.3 138.4 137.6 137.6 137.8 138.2 138.2 138 140.1 144.4 151.5 162.6 176.2 188.8 202.3 219.2 233.7 244.5 253.9 262.1 275 284.1 296.7 306.8 314.6 322.9 334.4 339.7 350.3 357.7 361.8 369.1 371.9 378.9 383.6 393 401.8 412.7 422.1 430.3 439.5 455.8 471.4 488.3 504.1 519.9 532.7 541.3 550.8 557.5 562.3 560.7 557.2 550.8 545 535.2 525.1 514.3 502.7 490.1 477.5 471.5 470 464 464.3 462.9 465.3 465.9 463.7 463.6 466.6 468.6 474.2
159.5 151.8 145.9 143.4 140.3 139.4 137.3 137.8 137.4 138.2 139.8 140.4 140 139.9 146 158 172.8 183.9 197.8 211.5 226.6 239.9 249.9 259.3 269.3 280.2 290.6 300.2 308.7 317.9 328.3 336.7 344.2 352.8 360.2 365 374.3 377.2 382.3 388.8 395.9 406.1 415.4 422.6 432.9 448.7 464.4 481.2 498 513.4 526.2 537.9 547.4 555.5 564.8 569 566.3 560.5 554.6 548.8 538.5 528.4 518.7 509.5 496 481.3 472.2 466.8 463.7 461.4 457.2 457.5 459.2 459.2 458.4 459.7 460.6 465.6
154.3 147.5 143 140.6 138.5 136.9 137.4 137.7 138.2 139.8 141.6 143.1 142.9 143.7 152.6 166.3 180.7 192 206.9 220 234 245.3 254.6 264.6 275.1 284.3 294.9 305.3 313.7 325.7 337.4 344.1 350.2 355.2 361.1 367.8 375.9 381.6 386.9 394.5 401.2 410.9 419.3 427.9 443.1 460.6 478.6 494.4 506.5 518.1 530.5 542.3 551.7 561.8 570.7 573.6 571.2 568.1 564.2 557.1 548.7 536.3 524.2 515.6 502.8 490.2 483.9 476.5 469.3 463.9 459 453.1 452.2 453.9 454.9 453.9 450.7 454.1
153.6 144.4 141.3 139.3 137.6 137.1 137.4 138.4 139.7 141.4 143.1 145.3 146.2 151.5 163.7 174.1 186.8 201.1 214.2 228.5 240.2 250 259.8 270.6 280.4 290.3 302.2 312.5 326.4 340.2 347.6 354.5 360.4 364.5 373.3 381.5 386.1 390.7 392.8 399.2 407.4 416.1 424.5 435.9 450.9 469.2 487.2 498.8 510.8 523.3 537.4 548 559.1 567 574.5 577.8 579.4 576.6 574 570.7 562.1 550.4 536.2 525.8 512.3 503 494.8 488.7 480.1 470 461.6 456.7 449.1 448.9 449.5 445.6 442.8 445.3
153.4 143.4 140.2 138.3 137.1 137.1 137.7 139.6 141.2 142.9 144.5 147.3 149.3 158.4 171.1 182.5 195.9 209 222.2 234.2 244.7 254.8 265.7 276.3 286.4 297.5 308.9 321.9 337.2 350.2 360.4 366.1 374.1 382.6 392.6 398.3 400 401.3 402.1 404.2 412.7 421.7 429.6 441.3 456.8 472.7 486.8 501.2 515 529.8 543.4 554.6 568.4 574 581.3 584.8 583.1 584 584.6 584.2 576.2 568.8 556.8 543.7 528.9 518.2 506.3 501.3 494.4 483.4 471.4 462.9 455 447.6 440.8 437.4 435.7 435.4
148.6 140.6 138.7 138.1 136.6 137.6 138.1 139.6 141.4 143.8 146 147.9 150.9 166.4 178.6 192 204.4 216.7 227.8 238.1 248.9 259.1 269.6 280.7 292.4 302.6 314.3 326.1 340.2 352.4 361.9 375.7 388.7 401.3 410.6 413.1 414.9 414.8 413.1 412.5 417.5 425.6 434 446.2 460.8 473.3 487.8 505.6 521.1 533.1 544 557 571.9 578 586.7 592.3 591.7 595.4 598.1 596.7 594.1 587.4 578.3 565.9 549.9 536.6 524.5 516.9 510.4 499.3 484.5 472.8 462.1 453.2 441.7 428.5 427.9 427.4
141.8 137.1 136.1 135.7 135.8 136.1 137.9 139.1 140.3 143 145.6 154.6 161.9 161.5 183.1 200.2 212.4 224.1 232.8 242.5 252.2 262.8 272.8 282.8 293.7 304.2 314.3 325.9 338.3 349.3 365.9 382.7 401 415.1 424.3 429 429.7 425 421 419.8 422.9 429.3 439.7 451.7 461.9 475.2 492.2 510.6 522.6 534.9 545.2 554.5 567.6 579.4 589.8 596.3 602.1 603.6 605.4 607.6 610.3 602.4 597.5 585.5 570.7 554.8 542.6 530.3 520.9 510.2 496.6 483.2 471.1 460 450.1 436.5 423.5 418.6
137.6 134.5 134.7 135.1 135.5 136 136.2 137.9 139.5 143.3 153.2 162.6 170.3 177.9 190.2 197.8 197.3 215.4 231.7 242.7 253.4 262.5 271.6 280.8 290.6 298.4 310.1 322.1 332.9 347.7 363.4 383.4 404.9 422.7 432.6 439.4 434.9 430.4 426.4 424.4 426.7 431.9 442.6 453.8 463.2 477.3 494.5 508.6 523 533.4 540.6 552.4 562.6 578 590.5 598.7 606.5 609.6 612.5 620 620.6 612.4 602.7 592.9 580.8 565.9 553.1 540 527.2 515.4 502.6 492.8 481.3 469.3 457.4 444.3 429.1 413
134.6 134.9 134.5 134.8 135.2 134.8 136 137.9 140.5 150.1 160.1 170 177.7 188.7 200.2 211.7 220.1 226.9 218.2 237.1 232.4 244.8 248.3 259.5 276.8 291.6 303.8 316.1 329.5 343.5 358.3 375.5 391.5 407.9 422.1 428.2 431 431.5 426 422.6 425.4 432 440.8 452.8 465.1 479.2 493.7 508 519.6 527.6 534.7 541.7 551.7 565.8 579.1 592.7 604.7 612 618.7 620.2 619.4 613.2 604.2 595.5 583.4 566.7 550.6 536.5 525.7 514.4 500.1 491.6 485.7 477.9 462.8 450.1 433.2 415.6
