public/OST50/NT10.asc
ncols 200
nrows 200
xllcorner 310000
yllcorner 600000
cellsize 50
[rows 140 to 174 of 200, columns 78 to 155 of 200]
389 392.4 394.2 406.2 423.4 440.9 459.2 477.3 497.7 513.3 524 530.2 527.8 526.8 523.6 525.6 528.9 531.9 533.2 534.1 531.4 512.3 483.7 459.5 435.6 413 392.3 377.9 372 363.6 351.5 333.3 311 289.9 279.8 276.8 281.2 286.3 302.3 322.3 349.1 366.2 377.7 391.9 411.8 429.1 446.9 468.8 483.1 494.8 499.2 498.7 495.4 489.3 479.7 464.2 448.2 427.3 421.4 440.4 457.8 470.7 481.7 490.9 501 507.7 509.2 506.7 501.3 495.6 487.8 479.5 469.5 462 454.3 447.5 439 431.4
403.7 407.4 409.8 419.9 437.5 456.3 475 494.4 516 529.1 531.6 530.7 522.1 517.2 515.7 519.4 524.5 529.9 534 536.8 539.7 532.2 508.9 482.5 456.4 430.7 411 396.4 390.2 380.1 363.7 342 313.8 291 279.2 274.4 272.3 280.4 306.4 333.8 364.9 390.6 402.2 411.1 425.5 444.3 463.6 479 493.2 500.1 500.6 498.5 494.3 486.8 476.4 461.4 444.6 426.4 413.8 431.1 446 463.1 477.2 488.5 498 505 506.1 505 500.2 496 491.8 485.9 476.2 466.8 460.7 453.8 445.2 438.7
418 422.2 426.4 437.9 454.6 473.1 487.4 507.7 525.6 534.7 529.9 519.1 510.2 505.4 501.3 509.6 517.8 527.4 533.6 540.3 544.5 542.5 531.1 505.9 479.5 455.4 434.6 418.6 409 400.7 375.1 344.3 312.3 287.5 276.3 269.7 270.6 283.3 311.7 341.7 379.9 399.2 413.3 425.6 441.5 460.1 478.7 492 500.1 503.2 502.3 497.8 491.6 482.5 469.2 456.7 440.7 423.3 409.2 425.9 443.2 460.3 473.9 485.6 494.7 500.7 503.6 502.3 498.8 494.6 491.8 488.3 482.1 472.6 466.2 460.6 454.4 447.8
430.2 437.9 445.9 457.7 474.2 489.5 501.8 517.6 529.5 529.3 519.1 504.5 495 491.4 491.7 495 511.8 525.5 535.3 542.3 548 545.7 535.1 519.6 493.7 473.9 457.2 437.7 421.8 404.4 372 339.3 304.8 279.5 273 269.3 273.8 291 318 352.6 385.3 407 428.5 442.5 456.6 474.6 489.3 502.1 505.2 503.5 499.7 494.2 487.2 476.9 464.4 453.6 437.6 418.1 404.6 422.7 440.1 457.7 472.4 485.8 495.1 498.8 498.8 499 496.5 491.8 488.3 488 487.1 482.8 477 470.5 464 458.1
444.9 454 465.9 477.4 493.1 505.7 514.3 522.6 527.3 523.7 507.6 491 477.4 474.1 472 491.7 507.9 522 535.3 543.7 548 541.9 530.3 513.3 491.9 475.9 461 440.5 418.8 393 359.9 326.1 294.6 273.8 268.7 268.9 276.9 296.6 324.5 359.6 383.5 408.1 435.3 454.3 469.4 483 498.6 508 507.8 503.6 495.5 489.8 482 471.4 460.2 450.5 437 417 402.3 421.1 438 455.3 471.7 486.5 493.8 495.2 493.5 492.9 491.7 486.5 490.6 491.9 491.1 490.4 489 485.5 480.8 475.5
461.6 473.7 484.2 496 509.7 516.9 521.3 526 525.9 515.8 495 472.7 457.1 445.8 465.3 485.7 504.1 522.6 533.6 541.8 542.4 531.8 519.2 503.1 485.7 470.5 452.2 429.6 405.5 372.6 341.9 309.5 282.6 270.2 266.8 269.4 281.5 300.1 327.8 362.4 384.2 414.7 441.4 460.2 473.5 488.8 505.4 512.2 508.7 501.7 492.8 485.9 476.5 466.2 455.9 448.1 437.8 419.1 396.4 414.5 431.4 448 466.7 484 490 489.9 484.6 482.7 478.1 492.2 496.9 497.9 497 496.2 496.8 497 493.1 488.1
481.3 493.2 505.8 517.6 524.1 526.1 527.6 528.9 525.3 506.6 483.8 459.2 436.7 441.7 460.8 479.6 499 517.8 528.4 532.7 529.9 519.7 506.8 492.4 477 460.3 438.5 415.3 386.4 353.5 322.8 294.2 273.7 267.8 267.1 268.3 284 302.7 332.4 362.9 386.4 420 446.3 465.7 479.4 495 510.1 514.8 509.2 502.4 491.9 481.6 471.8 462 452 444.6 439 423.9 402.7 400.3 417 438.2 459.2 476.6 482.1 479.5 473.7 467.8 482.4 492.8 499.3 502.3 502.6 503.1 503.8 506.4 504.1 499.3
499.5 513.8 527.7 534 533.8 532.3 531.3 528.8 522.5 499.5 475.7 452.2 426.1 433.4 452 472.7 486.3 501.7 514.4 517.5 513.8 503.3 492.2 479.3 466.3 449.6 429.1 400.6 370.6 341.7 309.4 283 268.7 266 265.3 270.5 286 307.1 340.4 364.6 386.1 420.3 448.4 467.5 484.4 500.4 512.6 515.5 511.5 504.5 493.3 480.2 470.6 459.6 448.4 438.7 433.8 425.2 409.5 389.5 406 428.4 450.8 466.5 469.1 465.1 459.8 464.8 482 491.7 498.2 503.9 504.5 507.6 510.6 514.1 514 509.8
517 528 535.1 537.3 533.9 531 528.7 525.6 519.7 498 471.7 445.6 419.4 423.4 439.7 454.1 466 473.8 487 495.7 493.8 487.9 478.7 468.3 457.4 442.2 421.8 388.8 356 324.2 297.8 276.5 266 265 265.2 275.7 289.4 312.4 343.9 365.9 386.4 418.9 445.3 467.7 485.5 503.5 516.3 518.7 515.7 508.2 495.8 480.7 469.3 458.2 445.6 432.2 423.7 418.4 407.3 390.6 397.5 423.7 441.5 449.4 451 447 447.1 467.2 480.7 491 497 500.2 501 506.5 512.1 520.5 521.9 518.9
521.5 526.5 528.6 528.8 526.4 523.2 522.3 520.5 516 498.8 472.4 444.1 416.7 414.3 422.1 433.1 439 447 461.2 472.2 475.3 473.7 467.6 458 447.7 435.3 412.9 376.7 343.4 313.8 289.6 269.2 263.7 264 267.3 278.2 292.8 317.1 344.4 365.3 384.8 415 440 464.1 484.9 505.2 519.5 521.9 517.9 509 496.8 482.8 469.8 457.5 444.8 431.2 418 407.9 399.5 386.5 396.2 417.5 434.3 438.6 436.3 430 452 468.5 481.1 488.2 490.9 492.8 494.1 502.3 509.8 520.7 526.4 522.3
514.4 517.5 517.5 516.3 514.6 513.6 514.2 512.8 510 501.1 480.6 456.6 432 409.3 403.6 410.1 412.3 422.8 436.4 451 457 458.1 456.5 449.5 440.4 426.7 400.9 365.1 333.4 304.4 280.5 264.3 261.3 261.6 267.4 278.7 292.4 313.4 340.6 363 377.2 409.1 431.8 460.1 483 505.9 520.6 523.4 517.9 509.4 497.8 485.2 472.4 458.6 446.2 433.2 422.5 408.1 393.7 381 395.7 411.7 426 427 421.1 435 454.2 469.8 478.3 480.2 480.6 479.5 481.9 492.3 504.7 518 524.6 523.1
509.6 510.1 507.6 503.1 499.4 498.6 501.8 502.8 501 499.4 488.8 471.7 454.1 428.4 409.8 393.2 394.3 400.2 410.3 424.9 437.9 444 444.3 438.6 429.7 416.5 386.6 353.6 323 295.4 273.1 260.6 260.4 263.6 269.6 281.4 298 320.2 346 368.8 384.3 403.1 418.4 450 480.3 501.9 518.1 521.2 517.5 510.2 499.2 488 473.8 460.9 448.5 433.8 423.6 409.4 396.2 378.2 389.8 409.2 419.8 414 421.3 437.8 455.3 466.6 468.8 468.5 465.1 460.9 465.4 480.4 499.1 514.2 522.6 523.2
505.7 501.7 494.5 485.3 482.3 482.3 485.8 489.8 492.6 495.1 493.3 483.6 469.2 452.2 426.3 406.6 386.7 387.3 395.1 401.6 417.3 427.2 430.5 426.7 418.5 402.7 373.8 342.4 312.6 282.9 265.6 259 259.9 264.5 273.9 289.4 308.7 333.5 360.9 377.8 397.9 415.6 435.1 458.3 480.5 500.1 517.5 520.3 516.9 510.4 501.3 490.7 476.8 464.5 452.1 434.2 420.9 407.1 395.2 378.2 382.1 399.6 405.6 403.1 421.2 438.1 450.7 457.8 458 454.9 451 445 455.5 472 494.4 511.2 522.4 524.9
502.7 494.7 480.5 460.8 456.1 461.3 471.2 477.7 482.7 488.9 494.9 491.4 482.5 466 447.5 422 395.7 373.5 380.6 387.9 394.5 409.4 417 415.6 407.9 392.4 363.9 334.2 301 274.8 260.3 258.1 259.5 266.2 281.6 298.6 322.8 353.5 370.7 389.9 409 428.8 445.8 466.1 483 500 515.7 520.2 517 511.3 502 492.3 479.5 467.5 455.7 442.6 419.5 407.3 393.2 379.6 373.8 389.6 395.4 403.7 420.1 433.7 443.1 445.5 444.4 441.6 434.5 442.4 458.1 474.9 494.9 511.9 524.1 527.5
501 488.3 467.6 441.5 432.3 439.2 454 466.6 475.4 482 492.8 496.5 486.1 473.2 460.2 433.5 406.2 384.2 363 374.4 385.9 393 400.9 402 397.9 383.5 355.2 323.8 291.9 272.1 258.5 256.7 258.9 272.5 291.8 311 335 362 382.2 396.2 416.7 437.4 454.1 470 485 499.5 513.3 517.7 515.5 510.1 502.4 493.1 481.6 470.2 458.4 447.7 429.3 410.2 395.8 379 370.3 380.1 386.4 404.1 416.1 424.5 428.3 429.6 430.2 426.5 424.2 444.7 458.9 479.8 499.9 516.7 527.7 528.6
499.7 480.7 455.8 430 405.1 423 439.3 454 450.7 472.3 481.9 487 481.2 471.5 462.3 439.6 415.2 388.4 363.3 360.8 371.8 381.6 387.9 390.9 389.4 376.7 347.5 316 289.7 267.2 256.8 254.4 263.3 282.3 299.9 318.1 341.3 363.8 383.7 398.1 415.5 436.3 455.5 470.5 484.6 497.1 508.1 513.6 511.8 507.9 502 493.8 482.9 472.7 459.5 451.5 436.1 413.6 397.7 379.9 368.4 371.8 386.8 399.4 408.1 412 411.7 411.4 408.8 416.8 431.8 446.9 464.6 485 506.5 522.9 530.8 529.3
494.2 470.4 445.2 421.7 396.4 405.9 421.2 427.1 445.4 461.6 468.2 470.9 469.6 464 455.8 445.4 423.9 398.8 375.2 351.9 354.5 362.9 371.7 377.2 377.9 368.2 342 310.4 282.7 260.5 253 255.8 269 286.4 302.6 319.2 340.3 361.6 379.4 395.4 414.1 433.9 454.7 468.8 482.3 493 503.7 508.9 507.3 504.1 499.5 493 483.6 473.4 461 449.1 435.6 417.1 397.8 381.8 369.4 369.6 381.7 392 396.2 392.7 396.2 407.7 413 421 437.2 455.6 471.9 489.9 513.4 529.6 535.7 530.5
482.4 460 436.9 413.5 389.6 392.2 397.8 420.4 438.7 449.1 455.6 455.7 456.8 453.4 447.6 441.9 429.6 410 383.4 361.1 341.8 347.8 356 365.6 367.7 358.7 333.6 303.7 275.1 256.3 250.7 258.6 270.4 288 302.7 320.2 337.3 356.9 372 390.5 412.6 434.2 452.5 467.3 478.8 489 500 503.6 502.1 499.3 496.5 491.8 484.4 474.4 463.3 447.2 434.4 412.2 394.3 379.4 368.7 365.8 372.8 376.8 388 403.2 416.2 425.9 430.1 433.6 442.2 461.2 477.4 496.3 517.5 532 536.1 531.9
472.9 451.7 426.9 402.7 380.8 371.9 391.5 410 422.3 427.7 434.9 440 443.4 443 440.5 434 426.4 414.4 395.5 371.2 352 335.7 339.5 353.7 355.5 344.6 321.7 293.7 267.5 252 249.1 261 272.2 288 300.9 315.1 336.3 354.4 375.3 395 414.3 437.1 455.4 467.2 476.2 485.5 493.7 497.3 496.1 496.2 493.7 490.8 484.1 475.3 464.1 448.6 423.4 409.4 390.7 376.4 364.4 365.5 370.9 390.7 409.2 423.3 435.5 443.3 448.1 451 457.4 461 480.6 503.2 522.4 534 534.7 529
466.8 445.2 416.7 391.7 369.5 361.1 380.4 392.9 403.3 410.2 415.1 424 429.2 430.8 430.3 427.3 419.4 412.5 402.6 381 359.5 339.3 324.9 337.9 339.4 329.4 308.9 284.2 260.5 248.7 247.8 264.4 279.3 295.1 310.9 329.2 349.9 364.7 384.9 403.5 420.6 442.2 457.8 468.4 475.4 481.8 487.4 490.8 493.2 494.1 493.2 490.3 485.7 477.3 464.7 444.7 424 405.3 386.4 371.4 362 364.1 378.6 399.5 420.8 438.6 452.3 462.6 468.8 469.4 478.3 486 495.1 511.7 528.2 534.5 531.5 524.2
466.4 443.2 416.9 390.6 365 352.9 363.3 372.3 381.5 387.3 395.1 409.3 415.2 419.3 421.6 419.5 415.2 409.7 399.7 383.3 362.4 344.4 323 321.2 324.5 316 296.1 274.5 257 246.2 250.5 268.2 286.1 303.5 320.9 340.1 363.4 382.5 398.1 413.4 428.5 445.7 458.4 466.6 472.8 477.4 480.9 485 489.4 492.1 492.5 491.5 487.4 479 464.7 445.3 417.9 401 387 370 360 366.1 381.3 405.7 428 450.1 467.3 479.4 488.1 490.5 501 505.8 511.6 521.9 530.9 531.9 525.7 519.1
472.6 446.9 420.5 396.5 373.4 346.3 346.4 350 356.1 359.2 373.5 388.7 399.8 408.1 415 411.8 407.8 403.6 397.4 384.3 362.7 345.2 323 310.7 312.6 303.4 284 265.5 251 244.6 255.3 274.4 293.6 312 330.4 350.2 377.9 396 409.5 423.7 437.1 448.9 459.3 466.3 471.1 472.1 473.4 478.9 485.4 488.2 491.2 492.1 488.9 481.9 469.7 450.1 425.8 402 385.2 369 359.4 368.5 385.5 407.1 432.2 455.4 475.1 489.2 501.4 509 515.3 520.1 525.1 528.8 530.9 527.9 521.3 513.8
478.7 454.4 431.4 409.5 387.4 365 343.1 333 329.9 337.4 349.4 364 379.1 394.2 402.8 404.4 401.8 398.8 392.4 381.3 362.9 346.3 325.1 304 300.1 285.4 270.7 255.4 244.8 244.9 262.5 281.3 301.4 321.1 341.7 362.3 387.2 405.9 420.3 433.9 446.6 456.4 462.4 466.4 467.5 464.6 464.6 469.7 477.4 484 488.9 490.7 489.5 482.9 472.1 454.3 431.3 408.1 387.1 367.5 357.2 364.5 389.6 416.6 436.7 448.4 473.7 493.9 507.6 516.1 522.2 528.5 530.6 531.1 527.3 521.4 514.2 506.4
485.5 463.6 444.6 425.8 403.1 381.9 362.7 344.4 325.8 317.6 330.9 345.2 360 371.3 388 396.3 397.1 393 386.2 374.3 359.5 343.4 319.9 301.5 287.2 273.2 260.4 250.7 241.9 247.6 268.1 288.9 310.3 328.4 351.5 375.7 395.2 413.9 429.5 442.8 454.2 462.1 466.2 468.3 464.9 455.6 451.9 458.1 468.4 478.1 484.1 487.6 487.2 482.7 472.8 456.8 432.8 406.5 384.3 365.9 355.5 366.6 389.2 418 442.9 463.5 479.6 494.7 509.3 515.8 523.7 527.9 527.3 523.6 519.2 511.1 502.7 494.7
491.9 473.2 458 441.8 422.2 398.3 379.6 359.6 337.1 314.9 308.4 320.9 345.8 359.8 376.2 389.4 390.9 386.8 379.2 365.9 352.7 333.2 311.9 294 278.6 262.5 250 243 239.7 251.8 273.7 295.8 317.5 339.4 363.4 387.5 405.1 421 435.3 449 460.3 467 470.1 471.7 467.7 453 439.9 442.5 455.9 470.2 478.4 483.3 483.3 478.5 468.8 452.5 426.5 402.5 381.4 360 354.6 367.7 394.1 419.8 444.5 466.5 484.5 495.9 507.1 512 519.4 519.4 515.1 512.7 505.7 495.9 486.4 479.6
493.1 482.7 470.1 454.8 438.1 418.1 390.6 369.2 343.5 320.8 302.7 307.9 328.6 349.4 369.9 385.2 386.8 381.3 372.1 356.5 338.2 317.7 298.6 281.3 266.7 256.6 247 241.5 238.4 258.7 282.1 306 324.2 348.8 374.3 401 416.4 429.5 441.4 454.6 465 473.6 476.5 474.5 466.6 448.7 433.1 427.6 445.4 460.4 471.8 477.2 477.2 472.1 460.6 440.4 416.7 393.1 371.3 352.9 355.1 375.1 398.8 422.7 445.4 468.8 488.5 500.6 505.9 506.5 505.4 501.8 498.4 495 487.1 476.3 469.3 461.7
492.7 482 471.2 460 446.6 423.5 395.5 370.6 342.5 319.7 304.1 298.5 319 341.6 363.7 378.5 377.5 373.8 361 345.3 320.3 301.2 285.9 270.2 257.7 250.4 241.7 236.1 246.1 270.7 295 315.3 335.9 361.6 388 411.9 426 437.7 450.1 461.9 471.7 477.8 480.2 474.1 463.2 441 426.5 417.6 436.5 447.2 458.9 466.8 467.6 462.1 449.1 427 405.7 382.5 362.1 351.6 360.5 380.2 403.6 426.5 448.1 469.7 490.6 499.6 500 496.2 487.6 481.2 478.8 474.2 465.6 458.3 454.4 451.3
488.2 479.3 468.5 457.1 442.4 421.2 399.1 369 340.8 318.8 301.8 289 307.5 333.7 357.6 368 366.1 362.6 349.9 321.4 303.7 286.5 270.9 257.6 248.9 242.2 237.3 233.7 259.6 286.6 309.4 324.9 348.9 373.7 401.4 419 433.5 447.4 460.6 470.2 475.8 478.9 479.3 473.2 455.6 434.5 419.3 413.4 423.6 432.4 441 448.7 450.8 448.6 432.3 412 392.3 370.5 350.1 350.7 366.2 385.9 410.1 431.6 451.2 471 487.5 494.6 491 479.3 465.5 458.8 454.2 449.1 444.2 444 441.8 442.8
480.3 473 466.1 455.3 439.8 419.2 393.1 365.1 336.7 315.4 296.6 286.7 309 331.9 352.7 356.9 354.5 350.9 329.7 308.7 287.1 269 255.6 246.7 236.5 235 244.8 258.4 280.8 303.1 319.2 338 361.1 385.4 410.3 424.5 438.6 455.3 469.6 475.5 480.5 481.1 479 472.7 452.9 431.1 413.2 404 406.8 414.5 420.1 425.6 429.8 428.2 414.7 397.9 377.4 359.2 348.1 352 374.1 396.3 416.2 437.1 453.2 468.9 481.3 487.4 475.2 458.2 443.8 436.8 434 430.5 429.9 430.5 432.7 435.5
472.9 467.6 459.6 449.2 435.7 416.6 388.7 361.7 335 309.7 288.7 287.8 308.8 327.5 346.5 345.5 343.9 330.3 311.8 289.5 270.4 254.4 244.7 237.3 232 244.6 260.6 278.3 294.7 311.9 330.7 350.4 371 396.1 415.8 427.9 442.9 461 474.2 480.3 484.5 484.7 482.7 474.9 453.6 431.4 412.8 396 393.1 395 398.4 400.3 404.6 405.2 397.1 381.1 364.5 346.7 347 362.3 380 396 417.6 441.1 455 469 477 477.1 457.3 440.8 426.9 417.2 416.2 415.6 416.7 421.1 427.2 433
464.2 458.4 450.8 438.1 427.4 412.8 388.3 361.6 333.1 306.9 284.2 287.2 306.3 320.8 333.3 331.9 325.2 311.6 293.4 274.1 256.9 244 234.9 228.6 241.6 258.8 276.6 290 305.7 323.7 341.3 360.1 375.2 392.1 408.4 430.4 447.5 465.2 477.8 486.3 488.8 488.5 486.4 479.7 459.8 435.8 417.5 402.6 388.3 378.5 376.5 377 379.9 382.9 378 368 351.9 345 354.1 373.1 393.3 413.6 431.6 442 457.6 468.8 474.1 462.3 442.4 425.2 414.3 402.4 399.6 403 416.5 425.3 430.3 435
453.9 447.7 434.8 423.8 417.3 407.2 387.4 363 335.7 306.8 279.3 285.1 302 316.9 322.5 319.2 308.6 295.6 278.2 259.3 244.4 233.7 226 241.1 255.8 271.4 286.9 304.7 318.4 335.1 343 349.9 359.4 375.7 392.5 423.1 448.4 465.9 480 487.3 492.2 494 490.9 485.1 470.6 447.9 426.8 410.9 397.2 384.5 373.3 362.3 361.1 359.2 359.9 354 343.4 344.4 361.7 383.1 406.7 428.2 447.1 460.1 465.1 468.8 466.2 446.8 428.1 413.8 399 391.8 393.4 406.2 420.4 430.1 433.9 435.4
444.7 436.1 422.9 408.2 404.1 400.6 384.4 364.4 340.5 310.7 282.8 276.9 293.8 304.3 307 303.6 294.3 279.1 262.7 245.7 229.5 226.3 237.3 252.7 264.1 279.7 299.2 313.1 318.3 323.3 322.3 337.3 354.2 371.4 394.3 421.7 448.7 465.9 480.9 487.3 493.6 495.4 493.2 488.2 478.5 461.4 442.9 427.5 413.2 397.9 383 368.2 357.9 351.8 347.7 344.4 341.8 350.7 372.5 398 421.1 442.8 459.4 471.7 475.2 469.8 456.9 434 416.8 402.7 389.3 383 388.4 401.9 416 430 435.6 435.5
434.1 423.6 407.8 390.5 388.5 384.9 378.7 363.4 344.2 317.4 290.7 267.5 280 289 294.1 290.2 275.7 261.6 249.1 234.3 224 232.7 241.6 257.1 271.2 290.4 298.9 303.2 304.9 305.3 324.3 347 365.4 384.2 403.3 425.2 449.3 466.7 482 488.1 493.8 494.4 492.7 488.7 482.8 472.9 459.6 445.8 431.8 415 396.9 377.7 364 351.6 343.9 340 342 357.9 385.2 412.5 436.7 455.3 470.2 482.3 480.5 469.1 451.3 426 406.8 393.1 383.1 376.7 384.3 394.4 409.9 425 432.9 432.9
426.1 413.3 394.6 382.2 367.3 370.4 368.8 360.8 343 322.4 300.5 274.1 259.5 275.1 277.3 270.6 259.4 249.2 237.9 224.5 229.2 239.7 246.9 260.3 272.2 280.1 288.8 283 302.8 319.4 336.2 358.3 376.7 396.4 415.5 436.5 455 470.3 482.8 487.6 490.9 491.4 489.7 486.2 481.8 476.9 472.6 464.4 449.4 432 408.7 385.6 368.3 352.3 340 339 345.4 364.9 393.6 424.7 451.4 468.6 482 491.5 488.1 473.9 452.6 424.9 404.4 386.4 379 372.2 376.6 385.3 398.3 415.5 424.4 425
