public/OST50/NT11.asc
ncols 200
nrows 200
xllcorner 310000
yllcorner 610000
cellsize 50
[rows 105 to 139 of 200, columns 0 to 77 of 200]
521.9 528 531.1 528.8 524.7 516.6 509.1 506.2 510.8 517.3 523.7 531.8 542.1 559.4 575.5 591.3 607.4 617.4 618.1 613.5 613 613.3 613.7 621.8 635.8 650.8 661.9 670.8 671.6 664.7 652.3 641.8 633.6 625.5 620.7 616.9 613 609.2 605.2 602.4 600.2 598.9 595.5 592.1 587.4 582.9 578.6 575 572.3 571.4 569.3 567.5 570.3 574.1 579.6 592.9 607.7 622.5 630.8 638.4 645.4 649.7 655.9 659.2 659.5 659 653.8 651.4 661.4 667.2 672.7 681.3 689 694.4 699.4 703.5 706 706.7
527.2 532.7 534.7 536.1 532.6 521.6 513.3 512.1 516 521.1 527.5 536.6 548.8 565.4 583.7 605.6 624.7 634 633.3 628 627.7 627.5 627.2 628.3 641.4 659.5 672.9 680 682.9 674.7 663.4 650.3 636.7 627.4 621.3 615.3 610.8 607.2 603.2 600.2 597 595 592.7 589.5 586.4 582.1 577.7 574.9 573.3 572.4 571.1 568.1 568.9 570.3 574.9 586 597.4 608.3 615.9 621.3 627.8 632 635.4 640.6 640.9 641.8 639.8 640.7 649.8 654.9 662.7 674.6 684.4 692.1 696.7 702 707.2 708.8
531.7 537.6 542.2 544.5 538.5 525.6 517.4 516.5 521.2 526.2 533.6 544.2 556.3 575.2 597 621.1 640.8 648.9 651.7 645.3 642.5 641.4 642.6 644.2 642.7 663.8 680.8 689.6 688.7 682.4 671.1 657.9 643 631.9 623 616.3 611.6 608.5 605.4 600.8 596.3 591.5 588.3 586.1 583.8 579.9 577.3 575.5 574.5 573.3 571.4 568.9 569.5 572.3 575.5 582.3 588.9 596.4 603 609.2 612.9 617.7 619.2 625.1 627.6 630 626.9 630.3 635 640.3 654.9 673.4 683.3 691 696.9 703.3 707.8 709.6
543.7 550.2 554.5 549.7 539.5 527.5 521.6 520.9 525.7 532.6 540.1 553.8 569.5 588.4 613.6 637.9 655.6 666.2 669 664.1 659.2 656.8 657.3 658.6 660 669.2 686.5 694.5 690.3 683 674.9 662.8 646.3 632.8 624.2 619.6 616.1 614.6 615.2 611.5 603.1 595.9 588.5 584.5 582.2 579.7 577.4 576 574.8 573.2 571.4 569.4 571.1 572.9 576.5 579.9 584.9 591.4 594.8 599 603.2 604.6 608.1 612.4 615.8 618.4 615.1 622.2 636.6 652.1 664.4 676.5 684.4 690 697.5 704.3 708 710.2
561.2 566.3 565.2 557.1 542.4 527.9 524.2 523.8 531 539.2 550.3 565.7 582.8 605.6 628.5 651.9 671.4 682.5 685.8 683.7 678 675.1 673.8 674.8 678 681.5 692.7 698.5 696.9 683.5 673.4 661.5 644.9 632.7 632.6 625.2 623.1 624.5 625.5 622.1 612.3 600.4 592.8 588.2 585.4 581.9 578.5 576.2 573.9 572.2 571 571.3 573.1 576.8 577.8 580.1 584.6 588.4 591.7 593.7 595.3 597 600.2 602.8 606.1 608.1 612.3 625.5 641.7 656.7 667.2 678.7 684.6 690.4 698.1 703.2 708 709.5
575.6 577.6 572.6 556.7 540.8 527.9 526.3 529.2 538.4 548.6 562.8 578.5 598.6 620.5 644.4 667.5 687.2 698.9 701.5 703 700.2 699.5 699.2 699.9 700.8 702.8 705.1 706.4 700.9 687 666.5 652.5 650 645.6 640.1 631.9 633.2 635 635.2 632.3 625.9 613.4 605.3 598.2 590.8 587.7 584 579.7 577.3 574.5 573.1 575.8 577.4 579.2 580.8 584.8 586.1 588.1 592.6 594.3 595.9 597.2 599.3 601.6 603.3 605.7 612.2 626.6 640.9 655.4 666.8 676.2 683.1 690 697.4 702.7 706.6 707.2
588.1 583.4 566.6 546.6 531.4 527.5 529.6 538.1 548.6 562 577 593.7 615.7 639 663.8 684.1 701.6 711.5 719.5 724.2 725.6 727.7 729.5 730 730 728.3 720 713.7 700.1 676.6 669.7 667.2 665.6 659.1 650.8 639.4 643.4 646 646.1 644.8 641.9 633.1 626 615.7 601.5 598.2 593.2 588.6 585.4 582.9 582.2 586.3 588 588.1 591.5 594.3 597.1 596.6 594.7 594.5 596.2 597 597.7 599.8 600.4 603.7 612.4 624.5 636.8 649.9 661.9 670 679.9 688.3 694.4 698.2 701.8 702.1
586.9 565.8 550.3 533 525.3 528.7 541 554.2 566.4 578.8 597.2 615 639.9 661.1 680.1 698.7 711.2 723.5 733.1 739.9 744.1 746.2 747.8 748 746.4 739.8 728.8 717.3 695.3 684.3 685.6 680.9 677.8 672.6 661.2 648.4 656.1 659.1 660 660.1 658.6 654.3 647 635.6 620.8 612.9 611.1 607 601.1 598.7 598.7 603 603.3 602.9 605.8 610.5 613.8 609.9 602.9 597 595.5 596.4 597.2 598 600.6 602.5 610.2 620.6 630.9 644.5 654.7 664.3 675.7 685.2 690.6 693.8 695.7 695
563.3 546.5 531.5 521.1 526 539.4 555 571.7 588.3 603.7 617.7 636.9 658.5 676.9 693.8 709.2 719.5 734.1 745.5 750.4 754.9 757.5 759.3 759.7 757.5 749.3 734.1 718.4 698.2 698 700.6 691.8 687.3 682.1 673.3 661.5 669 672.2 674.2 675.5 674.1 670.7 665.2 656.7 642.7 634.2 633.4 629.8 622.9 621.8 622.1 625.6 625.1 625.7 625.8 631 633.7 626.1 615.7 605.1 597.2 597 597.5 599.5 601.9 604 608.9 616.2 626.6 638.6 644.8 657.1 668.9 678.3 685.5 687.3 688.4 688.2
538.9 529.1 521.8 521.3 536.5 553.2 572.4 592.7 607.4 620.5 636.1 652.7 670.9 687.9 703.9 715.4 728.6 743.4 752.6 758.2 762.6 765 766.3 767.3 764.8 755.6 738.4 720.4 700.3 710.6 715.9 712.8 704.8 694.5 685.3 675 683.5 686.1 686.3 688.9 690.5 688.2 683.8 676.5 654.5 659.1 657.7 654 647.4 649.3 650 652.9 652.1 652.9 653.1 653.5 649 640 625.9 612.5 605.6 603.4 603.3 603.6 604.2 605.1 607.5 612.3 618.5 629.3 639.4 647.7 658.4 668.8 676.8 680 682.2 683
524.7 519.4 515.8 529.3 546.7 566.9 589.4 605.4 617.9 631.9 647.8 662.9 678.6 696.4 709.7 722.4 737.2 748.5 756.2 762.6 766.7 770 772 772 768.8 759.9 743 725.7 709.1 720.2 726.5 729.9 722.5 712.8 699.6 685.2 695.2 696 700.1 705.3 708.4 709.9 706.3 692.7 684 681.7 680.7 676.7 672.3 675.8 678.3 682.7 683.5 682.8 679.8 675.7 662.9 649.9 634.3 623.1 616.1 612.6 610 608.5 606 605.8 606.7 609.3 613.1 622.5 631.6 642.2 651.8 661 669.2 674 676.8 678.1
512.2 510 519 535.1 554.1 577.2 591.9 605.5 619.9 635.8 650.5 667.5 684.2 700.3 712.2 727.3 739.1 748.7 756.5 763.2 769 772.9 775.7 775.9 772.7 764 749.5 730.8 716.7 727.8 736.4 741.4 737.7 727.2 710.4 701.1 707.1 713.3 718 723.8 727.5 727 723.9 716.7 706.5 703.6 703.3 698.4 695.7 698.6 702.7 705.5 704.9 705.6 697.5 689 674.3 659.6 644.9 633.5 627.2 621.2 616.5 612.7 608.6 606.5 604.9 606 610.4 618.5 627.6 637.7 645.4 655.8 663.6 669.4 672.8 673.6
506 511.1 518.7 534.5 551.1 567 581.3 596.4 614.4 631.4 648.8 667.5 684.9 698.1 712.4 727.3 737.6 746 753.9 763.6 770.4 774.4 778.3 778.9 777 769.1 753.2 738.7 722.8 732.8 743.9 749.4 747.2 739.1 721.6 721.2 727.2 731.7 734 737.2 738.5 738.3 736.4 728.5 723.4 722.3 722 716.7 715.8 716.5 719.5 719.9 719.4 716.7 710.1 697.5 681.4 664.3 651.2 641.3 635.1 628.7 623.3 616.1 610.1 606.9 604.8 603.3 608.8 615.8 624.1 633.7 641.9 651.9 659.1 665.1 669.2 671.8
504.7 516.1 530.3 540.2 549.4 565.3 578.1 585.8 603.7 624 643.1 665.2 682.2 695.5 710.4 723.3 733.6 742.1 751.2 763 771.2 776.9 780.2 782 780.2 775.8 765 749.1 731.6 738.5 750.1 753.7 753.6 747.1 728.7 734.7 741 743.3 744.7 746 745.7 744 740.3 734.6 728 726.2 727.9 728.4 728.3 730 731.5 729.3 727.4 722.3 715.7 703.5 684.3 668.2 655.1 646.6 640.1 633.5 627 619.8 612.2 605.9 603.4 601.9 605.3 611.4 618.3 627.4 637.9 646.6 655.7 662.2 665.8 670.6
507.9 522.5 539 550.7 561.9 575.6 588 600.6 609.3 616.6 635.7 661 678 693.5 707.8 719.2 728.3 737.9 748.8 760.4 769.9 777.2 782.4 785.1 784.3 781.3 775.1 762.6 742 743.8 754.1 758.7 757.8 754.3 739.5 748.6 753 754.6 754.7 751.2 749.7 746.5 740.5 731.4 727.2 726.6 728.9 731.7 733.4 736.4 738.3 734.2 731 724.4 716.5 704.7 688.8 673.5 660.4 652.2 644.3 635.4 628.7 621.3 613.8 605.1 600.8 599.6 602.6 607.5 613.6 621.3 631.3 641.8 651.8 659.1 665.3 670.9
511.6 527.9 548.4 561.1 574.3 588.8 604.7 618.7 631.5 640.9 646.7 657.1 670.8 691 705.4 716.7 726.1 735.6 747.1 757.6 768.6 777.1 784 787.6 788.1 787.1 781.9 773.7 755.2 749.5 760.9 764.2 763.2 760.1 750.6 758.4 761.4 763.2 761.5 757.6 752.2 747 740.9 730.6 720.7 719 723.3 728.7 732.7 735.5 736.4 734.4 733.5 725.4 716.4 706.1 694 680 667.3 656.9 647.5 638.8 631.7 623.2 614.2 604.7 598.4 596.4 600.2 603.7 608.5 615.7 626.6 638.6 648.7 657.3 665.4 671.1
514.2 533.5 552.8 571.2 587.9 606.7 623.1 636.3 648.3 659 669.5 678.5 685.6 695.5 702.8 716.1 725.7 733.7 746.1 756.5 767.7 777.9 784.6 789.3 791.3 791.8 787.6 783 772.2 761.4 768.1 770.3 769.5 766.4 762.1 764.9 766.7 766.5 763.8 760.4 753.9 746.8 739.3 725.4 715.5 711.8 716 722.5 726.4 725.2 727.6 728.7 727.9 721.6 714.4 705.2 694.9 684.1 671.8 660.1 649.2 641.4 632.3 623 614 604.6 596.6 592.5 595.9 599.7 603.1 611.9 624.8 636.1 647.5 656.5 664.7 669.5
518.6 537 558.7 580 600.7 621.6 636.5 648.9 659.2 668.2 679.6 690.4 699.1 707.7 713.8 720.2 727.1 735.8 746.3 756.5 767.3 777.9 785.5 791 794.7 795.2 793.2 789.3 783.9 778.6 775.4 774.2 772.7 770.4 768.6 768.2 768.5 766.6 764.1 761.7 754.4 747.2 736.5 721.3 705.9 700.2 704.7 712.4 716.6 718.5 720.3 722.3 721.5 717.7 710.5 702.2 692.4 682.8 672.7 662 652 644.7 635.8 623.4 611.4 603 595.2 586.4 591.1 593.1 597.4 608.3 621 635.2 647.6 655.8 661.8 666.6
519.3 536.9 563.1 587.5 611.1 632.2 647 659.4 667 676.7 688.4 698.4 707.4 715.2 723 727.5 732.3 740.1 748.3 758 767.8 777.9 788 793.9 798.7 798.6 797.1 794.3 790 784.5 780.1 776 773.4 771.6 769.6 768 765.9 764.4 764 760 751.1 743.9 732.1 717.9 697.7 687.3 692.9 696.8 700.8 709.9 714.8 715.4 714.7 711.2 705.2 697.7 689.2 680.3 668.9 657.2 651.6 645.8 636.7 624.4 607 599.9 592.1 581.8 584.1 586.4 592.2 605 619.1 633.8 645 651.7 656.5 659.6
517.2 537.1 567.8 594.1 618.6 639.8 654.8 666.2 675.5 685.4 695.4 704.6 712.8 720.2 726.8 731.7 736.6 744.7 751.7 759.6 768.2 779.5 788.5 797.9 801.9 802.2 800.8 799.1 794.7 789.4 781.4 776.1 772.1 769.1 765.5 761.3 757.7 757.9 757.4 753.1 743.6 733.7 716.7 702.3 688.8 679.9 674.7 677.3 678.6 691.9 702.5 705.4 707.2 703.3 698.9 692.7 685.2 675.3 663.5 653.8 649.7 641.3 632.8 616.2 602.7 596.1 588.1 577.8 576.4 577.7 588.8 602.3 617 631.6 641.4 648.1 652 653.3
512.6 531.7 564.3 594.1 623.2 646.3 661.2 673.1 683 692 700.5 708.6 715.6 722.1 728 733.2 740.1 748.3 754.9 763 770.1 780.6 790.6 798.6 802.2 804.3 804.3 802.4 798.3 793.2 783.2 771.9 762.5 755.2 747.3 743.5 741.3 734.5 728.4 720.5 708.1 695.6 680.6 673.6 672.8 673.4 649 656.5 659.4 667 681.1 692.2 695.2 695 692.5 687.2 680.6 671.2 659.1 647.7 640.1 633.1 622.7 608.3 597.5 590.7 582.7 572.9 564.8 573.2 586.7 600 615.4 629.7 637 642.3 643.7 647.3
508.5 528.6 558.8 593.2 625.1 650.9 665 678.5 688.3 697.3 704.4 710.2 716.3 721.8 727.2 733.3 741 749.7 757.1 764.2 771.2 782.1 791.8 799.5 802.7 805.6 806.5 804.7 801.3 795.6 782.7 765.9 741.9 729.7 718.4 715.4 708.6 696.7 688.1 680 668.6 656.4 644.7 643.4 645 642.8 625.4 617.5 626.8 637 645.8 651.7 661.8 672.5 678.2 682.2 677.8 669.8 659.5 644.5 637.5 627.1 612.6 600.7 590.3 582.5 574 565.1 561 569 583.3 600.2 615.5 625.6 632 635.7 638.9 645.7
504.3 523.6 554.1 589.5 626.3 651.8 667.1 680.3 690.1 698 705.1 710.2 714.6 719.6 725.7 733.5 740.6 746.8 755 762.4 770.2 782 791.3 796.4 801.7 805.4 807.4 807.3 803.6 797.9 786 764.6 740.8 717.9 701.1 690.6 680.2 669.2 659.7 652.8 643 629 620.8 615.9 608.3 602.8 594.1 584.9 587.2 595.9 602.3 608.1 623.1 631.8 632.7 647.5 664.8 667.8 659.4 648.1 635.9 619.7 605.8 594.7 581.3 573.8 566.4 557 552 566.5 582.5 600.6 612.7 622.4 627.4 631.2 638.2 644.1
500.3 520.2 546.3 588.4 622.8 650.5 665.8 679 687.9 695.8 702.1 706.4 710.9 715.4 721.6 729.6 736.8 742.2 750.7 759.5 766.5 776.9 786.8 793 798.1 803.9 807.2 807.9 804.8 800.3 790.3 774.8 756.6 725.5 697.6 682.2 667 658.4 650.4 640.1 628.4 616.4 608.3 598 588.1 580.1 572.2 564.7 550.5 558.9 563.3 566.4 576.3 586.4 581.7 599.5 622 644.1 654.3 644.6 628.5 618.3 601.9 582.2 568.9 561.5 557.8 545.9 547 560.5 582.3 600.2 610.9 618 623.5 630.5 636.4 640.6
496.1 514.7 540.1 579.6 616.8 643.4 661 674.1 683.1 689.6 693.9 698.3 703.4 708.5 714.2 721.8 728.9 734.8 743.8 752.5 760.1 767.1 777.7 786.4 792.2 800.4 805.3 807.6 805.9 801.2 794.6 783.3 769.5 734.7 702.9 684.2 666.1 655 646.4 635.9 624 608.5 597 585.9 575.1 563.6 550.7 539.6 526.9 526 528.8 528.9 529.9 534.2 540 555.7 573.3 595.8 613.9 624.8 617.2 609.7 586.8 570.9 557.2 549.4 547.9 534 553.8 577.2 593.3 603.3 607.7 614 622.3 629.3 634 638.2
491.3 511.5 537.3 570.7 605.5 632.3 652.3 665.9 674.4 677.9 683.1 687.5 692.6 696.5 701.4 708.5 717.2 725 733.6 742.5 750.7 756.8 765.4 776.4 786.1 796.3 802.5 805.9 805.6 802.5 796.7 787.7 773.9 746.3 712.9 687.9 669.7 653.8 642.3 630 617.1 603.2 589.3 577.7 562.3 545.6 531.7 521.3 510.3 499.2 496.9 496.3 497.1 499.3 505.1 520.7 535.6 551.5 567.2 578.9 583.9 581.5 566.1 553.2 541.3 535.9 530.6 540.6 566.2 587.4 601.7 610.4 616.4 617.5 622 627.5 631.4 633.3
485.6 510.7 533.7 558.9 591.4 617.9 638.8 650.8 660.5 664.3 669.1 673.7 677.3 680.9 685.9 692.7 702.8 710.9 719.5 728.6 736.5 742.7 752.4 768.7 780.2 792.2 799.2 802.2 805.1 802.9 798.3 789.9 774.2 753.9 728 705 678.9 656 642.1 629 616.9 604.9 592.3 577.6 562 543.4 523.7 504.9 495.5 482.8 470.4 466.2 463.3 465.8 476.4 489.5 502.8 518.5 529.8 544 549.9 550.4 543.2 533.3 523.8 516.1 526.8 554.8 577.9 596.7 611.7 621.3 626.9 626.3 625.1 626.3 628.7 628.8
480.6 504.7 524.7 549.5 576.1 602.3 621.6 634.4 643.1 650 653.9 657 660.5 663.4 666.3 676.1 685.7 694.3 703.4 711.9 719.3 731.3 745.3 762.9 776.8 787.4 795.3 798.3 803.2 802.9 799.3 790.4 773.8 755.6 738.6 721 698 671.3 650.2 635.3 622.4 609.5 601.1 592.9 574.5 555.1 532.8 510.1 486.1 459.9 448.6 443.2 438.8 443.4 450.2 462.6 472.4 484.4 493.8 505.4 519.3 523.7 519.5 511.8 506.2 503.3 529.6 566.3 591.5 609.8 625.3 634.3 638.7 637.8 634 629.5 629.2 629
473.7 496 516.2 537.9 562.5 584.9 604.2 616.1 623.2 629 634 638 641 644.7 649.7 659.1 667.5 675.7 684.5 693.4 708.2 726.1 742.2 759.1 772.5 783.5 789.3 798.1 803.2 803.1 797.5 789.3 775.4 760.4 745.7 743.2 729.3 697.3 671.7 647.7 630.1 615.5 611.5 605.4 587.9 563 543.6 519.8 490.4 460.6 434.4 423.9 422.6 424.5 431.1 439.9 446.2 453.3 463.1 476.9 489.7 497.3 494.8 487.2 478.3 498.7 529.1 566.4 604.7 623.3 638.9 647.5 649.2 647 641.3 635.2 634 632
460.6 484.6 506.4 527.4 549.8 569.8 585.5 595.4 600.8 605.7 610.9 614.9 617.6 620.4 628.6 636.7 647.9 654.7 660.9 686 706.1 722.8 739.7 754 766.9 776.6 786 797.5 801.3 800.3 795.5 786.4 778.3 769 760.3 760 762.3 746.5 700.3 671.7 645.9 626.8 623.3 617.2 600.7 571.4 552.1 537 503.5 467.7 438 415.3 404.9 408.4 412.2 414.8 420 427.7 440.7 454.1 464.5 469.9 469.9 465 463.1 494.1 529 572.2 608 635.2 650.5 656.4 656.1 653.5 647.4 642 639.4 639.5
450 469.3 492.2 514.4 534.5 552.9 564.9 572.3 575.3 580.1 585.1 588.6 591.1 592.1 602.1 610.5 623.8 648.3 670.7 688.6 704.3 719.2 734.7 747.6 759.4 770.1 786.3 795.6 798.5 797.3 792.4 786 778.6 770.5 766.2 767.6 768.4 765.1 735.3 701.8 671.9 647 631.2 622.6 605.8 583.1 567.8 545.9 510.4 474 444.2 422.2 401.5 388.9 393.7 398 397.7 403.2 416.7 434.4 441.8 448.7 444.3 443.1 466.6 497.7 531.7 569.4 608.4 643.1 657.9 661.8 661.8 659.1 654.3 649.5 648.8 650.1
456.3 471 473.6 495.6 516 531.4 541 546.5 549.4 553.5 557.4 559.8 561.3 579.1 598.3 619.7 640.2 659.8 677.4 691.6 704.1 716.9 729.8 740.2 750.4 768.3 784.2 792.6 793.6 792.3 788.6 782.9 776.2 769 766.7 768.7 769.1 766.9 761.5 733.3 698.8 669.5 647.4 631.9 616.5 600.3 583 552.5 516.7 481.1 452.8 431.2 409.7 388.3 378.2 384.1 385.3 384.6 390.1 411.1 422.1 426.3 424.8 438.6 467 496.3 532 569.9 607.7 645.9 662.9 665.6 665.1 663.6 660.3 658.2 659.4 661
470.9 490.7 499.2 488.6 498.9 510.6 516.8 522.7 526.1 529.7 537.6 551.9 567.4 584.8 607.6 627.9 647.3 665.4 679.7 691.5 702 711.5 719.1 732.5 747.3 765 780.6 787.8 787.4 784.6 781.4 777.2 770.4 764.7 762.5 766.5 766.9 764.8 760.8 750.8 721.6 693.9 669.1 648.9 637.8 619.6 594.1 559.1 523.5 487.8 459.6 437.1 417.4 396.1 376.9 371.9 372.7 369.6 369 390.1 403.3 408.5 403.6 435 467.7 500.6 537.8 575.4 611.4 648.5 667.1 667.3 666.5 667.4 668.3 667.8 668.4 671.6
489.3 510.6 524.5 521.1 515 516.3 522.8 530.4 538.4 547.1 554.5 553 565.3 583 601.5 621.4 644.1 664.8 678.2 686.6 691.9 692 713.3 729.6 748.8 764.4 773.5 779.2 779.5 776.8 773.4 768.5 761.1 757 757.7 762.7 762.1 760.4 756.7 748.3 733.2 715.3 687.7 670.3 666 642.2 607.4 572.7 535.8 500 470.6 443.3 419.9 400.4 380.5 358 359.8 362.1 355.6 372.2 385.6 389.5 402.9 431.9 465.7 498.8 534.4 572.2 609.9 644.2 666.9 669.6 672.4 675.8 676.6 675.8 676.1 678
505.9 525.9 543.5 551.6 548.2 547.6 550.3 555.1 563.8 572.6 581.7 585.6 583.8 578.6 590.8 613.7 636.3 657.1 669.8 671.8 671.5 692.1 708.6 731.2 752.4 761.4 769.5 771 771 767.5 759.3 751.3 746.7 743.4 750.4 754.3 754.1 752.1 747.1 740.2 727.1 710.3 697.7 691.5 687.3 660 627.4 589 551.4 518 485.6 455.4 428.8 404.8 381.9 360.8 347.2 351.3 351.9 358 369.6 379.3 405.4 433.6 468.1 508.5 553.3 592.3 628.3 651.7 666.5 673.4 679.6 681.4 681.9 681.1 680.9 681.1
