public/OST50/NT11.asc
ncols 200
nrows 200
xllcorner 310000
yllcorner 610000
cellsize 50
[rows 35 to 69 of 200, columns 78 to 155 of 200]
435.1 447.7 465.9 487.3 514.5 550.8 578.3 601.3 632.6 665.1 693.1 707.7 713.8 717 721 722.3 725.9 730.2 735 738.9 741.9 745.2 747.4 750.2 753.5 755.5 760.1 762.7 763.4 762.9 761.2 756.8 749.4 738.8 722.6 696.9 663.9 628.6 596 566.5 548.6 547.4 564.1 585.9 607.5 634.9 665.4 694.4 715.1 728.1 739.8 750.2 759.1 767 775.7 779.5 781.1 779 774.5 767.2 758 745.3 732.2 718.1 700.2 682 667.9 658.1 644.9 627.2 608 588 569.2 547.8 526.7 505.2 487.5 468.6
432.2 443 460.5 481.2 507.1 537.1 557.6 590.8 627.2 660.2 683.8 699.8 709.2 714.3 721.6 725.6 732.1 737.4 743.8 749.4 752.8 756.3 758.5 760.6 764.1 768.2 768.4 768.6 767 764.3 761.1 754.6 746 734.3 719.7 695.5 664.9 632.4 599.3 571 554 551.6 565.7 587.5 613.3 641.4 672.5 699 715.7 730.1 742.1 753.3 762.4 771.5 777.3 781.9 783.9 783.3 776.4 761.9 749.3 735.5 718.7 702.9 682.8 667.9 656.1 644.2 628.4 612.8 594.6 575.8 553.1 533 511.4 489.4 486.4 485.1
433.4 445.6 458.8 477.2 498.7 524.8 549.7 583.2 619.1 650.6 671.3 687 702.2 710.1 718 728 734.8 741.2 748 753.9 758.7 762.1 766.6 770.6 773.3 775.1 774.5 772.1 767.8 763.6 759.1 751.2 740.6 729 714.6 691.8 662.1 631.1 599.7 572.7 557.4 553.7 567.7 590.3 617.4 649.4 678 699.5 716.1 730.8 742.6 755.3 765.2 771.8 777.8 783.3 786.5 785 775.3 757.8 740.5 724.1 706 686 669.8 657.1 645.3 631.5 617.3 600.8 582 563.7 542.2 520.8 514.1 512.3 508 507.1
438.3 445.7 457.9 474.6 495.4 519.1 543.1 572 610.9 642.2 659.9 675.8 691.4 701.7 712.9 724.7 733.1 742.4 750.1 756.3 761.1 766.6 772.6 776.7 778.7 779 777 774 767.1 762.5 755.5 745.8 734.8 722.9 708.2 686.5 659.5 630.2 599.1 572.7 563.4 559.2 569.9 588.6 619.9 652.8 679.8 698 714.1 728.8 743.1 755.6 766 772.2 778.6 784.2 787.6 782.7 771.8 755 733.4 711.7 690.4 673.4 661 648.3 635.2 621.5 606.6 589.7 572.1 552 533.3 536.9 536 532.5 528.9 529.9
441.8 447.9 458.9 474 491.4 514.2 540.5 571.1 606.1 634.7 652 667.2 681 692.2 704.8 717.2 728.2 739.2 749.4 757.5 763.2 770.1 777.4 780.5 782.6 781.7 777.7 773.6 765.5 757.8 749.7 739.4 727.3 715.4 699.6 679 658.2 631.7 599.9 584.2 573.2 568.6 573.8 596.1 623 655.1 678.3 694.3 710.6 724.4 742.5 755.1 765.4 774.9 782.5 786.1 786.3 780.3 768.4 753 725.4 700 680.4 667.7 655.8 641.8 626.5 612.2 596.3 578.8 561.7 547.3 554.5 556.9 556.5 554.6 553.8 556.2
446.5 449.9 461.4 474.8 488.4 509.1 534.4 566 599.9 625.4 644.9 659.6 671.5 682.5 697 709.3 720.8 732.4 745.5 756.1 763.5 772.2 779.6 783 783.9 782.4 776.4 770.7 761.4 751.7 743.4 731.7 720.2 705.8 689.5 670.4 651.9 623.9 611.9 597.1 584.3 580.1 581.7 602.6 625.9 653.5 675.2 691.8 708.1 724.1 742.4 755.7 766.7 777.3 784.1 785.3 784 778.8 767.1 747 718.7 692.5 675.7 663.5 650.7 634.3 619 602.6 585.6 566.1 566.6 571 575.5 579.5 580.2 578.4 580 582.5
447.5 453.7 467.7 481.8 490.7 507.5 531.6 562.6 592.2 614.9 633.7 651.2 661.5 674.5 689.6 701.1 712.3 724.3 740.1 752.2 761.9 770.4 778.4 781.9 784.1 781 776.5 768.1 758.8 744.1 732.2 721 708.5 692.5 677.4 661.8 657.6 649.1 631.7 611.3 600.3 597.5 594.7 609.9 631.7 655.1 675.1 692.4 710.2 725.6 744.1 757.6 770 777.7 783.4 785.9 784.6 777.9 765.3 740.1 712.1 687.5 672 660.2 645.4 626.6 611.7 601.4 595.9 587.8 589.6 594 600.4 605.6 605.2 602.4 600.7 604.8
447.4 461 475.6 490.8 500.2 510.4 530.7 556.4 586.5 604 623.2 641.3 652.2 666.6 680 690.9 705.5 715.9 731.7 744.4 756.2 766.2 773.5 780.1 781.7 780.4 776.2 767.6 760.2 745.1 721.6 708.9 694.4 681.2 669.9 668.9 669.7 665.8 651.6 633.5 620.8 614.7 607.3 615 634.8 655.5 675.1 694.2 713.6 729.7 746.5 759.8 770.8 779.7 787 788.2 785.1 778.2 763.8 737.5 710 685.7 672.3 662.1 650.8 638.3 626.9 621.3 614.1 612 614.3 619.5 625.2 628.2 626 617.9 612.4 614.9
451.8 468.2 483 496.9 508.3 520.1 538 553.9 580.6 598.8 616.7 633.3 645 659.3 671.3 681.6 693.8 709 723.4 737.2 748.7 759.5 767.8 775.3 779.4 778 775.4 768.7 761.7 751.7 731.8 710.3 693.6 681.3 683 682.8 682.5 681.2 673.5 655.6 635.6 628 620.9 621.9 636.7 656.9 676.1 697.3 716.5 734.1 749.8 762.8 774.5 783.9 791 792.6 788.8 781.1 766.1 743.2 718.1 695.3 680.7 668.1 657.6 648.8 641.9 639.2 637.2 636.5 638.1 643 643.4 638.7 631.6 620.7 619.1 615.9
457.7 474.3 489.1 503.5 514.5 526.8 550.8 567.8 583.1 601 615.7 628.8 641 653 664 675.8 686.9 701 716.8 731 742.5 752.4 760.9 769.7 775.6 774.3 773.7 768.4 762.6 755.4 743.9 725.8 707.1 701.6 699.8 695.8 696.2 694.9 690.6 674.6 658.3 642.7 632 625.8 638.9 657.7 677.6 700.5 722.1 738.2 750.9 765.5 778.6 789.8 794.6 798.4 795.9 787 770.2 751 728.7 707.5 693.5 681.4 670.4 663.4 659.2 659.8 656.8 654.8 654.2 651.5 647.1 636.8 627.4 619.9 617.8 607.8
463 479.7 496.9 508.7 520.8 533.5 554.6 577 593.5 606.5 618 626.9 638.1 649.7 659.6 671.5 681.3 693.3 709.1 723.4 734.8 744.4 754.5 763.4 770 772.5 770.8 767.5 763.3 757.4 750 738.9 721.2 719.6 719.2 714.6 710.8 707.2 698.4 687.5 670.6 653.8 638.2 633 640.5 659.2 678.5 702.6 727.1 743.1 756 768.5 783.2 793.8 798.3 800.6 797.9 791.2 775.7 759.5 741.4 724.2 710.6 700.1 690.5 684.2 678 670.4 666.2 663.7 655 647.6 639.7 627.8 621.1 615 607.3 601.6
464.9 486.8 502.4 513.7 526.5 544.1 556.7 576.5 593.4 607.2 617.3 625.6 634.1 646.3 654.5 664.5 675.2 686.2 701.2 713.7 723.5 732.8 744 753.7 765 767.9 767.2 765.8 762.7 758.4 753.3 745 738.2 735.7 731.6 727.3 722.2 714.8 705.5 691.6 671.2 657.6 649.7 640.8 647.1 662.6 683.3 708.5 731.2 748.2 759.9 772.7 786.6 794.4 798.2 799.9 798.4 792.9 782 766.8 750 735.9 724.8 714.1 705.7 694.5 685.2 677.3 669.7 661 648.3 639.4 629.7 620.7 614.6 608.6 601.5 594.6
472.2 491.1 504.7 517.8 530.5 544 553.4 570.4 582.9 594.6 605.9 616.9 626.6 637.8 648.8 655 668.1 676.4 689.9 701.6 713 723 732.9 743 753.7 759.9 761.3 761.4 760.8 758.2 754.3 750.6 746.3 742.9 739.5 735.1 728.7 719.3 706.9 689 680.4 666.5 656.3 646.6 654.4 669 691.7 716.1 734.8 750.4 761.7 776.1 785.9 793.8 797.5 800.3 799.6 794.8 784.8 772.6 757.2 743 730.5 719 708.5 698.5 689.8 679.6 664.9 652.4 639.9 629.2 619.5 612.9 607.3 601.7 595.9 589.6
477 491 503.5 516 524.2 533.6 540 552.5 566.6 577 586.3 598.1 608.9 621.6 634.1 645.4 657.4 668 680.2 690.2 699.8 710.9 722.1 733.1 743.3 748.4 752.3 754.5 756.5 755.8 754.8 753.4 751.5 748.9 744.8 740.7 731.6 715.9 709 706.3 693.5 673.1 660.7 653.9 662.3 676.9 696.1 717.4 736.1 750.6 762.6 774.1 785.4 792.7 796.7 799.3 799.6 795.3 786.3 775.5 761.6 746.3 732.6 719.8 707.2 697.3 686.4 670.8 654.7 641.1 628.9 618.9 610.6 605.3 600.1 594 589.4 584
481.6 485 490.4 502.6 508.8 512.3 518.8 529.5 543.9 555.2 567.9 580.1 590.1 604.2 616.8 630.5 642.3 657.2 670.2 679.9 689.8 701.8 710.7 722.1 732.3 738.3 741.5 745.5 749.1 752.4 753.3 753.8 753.3 751.6 748.3 743.2 730.5 731.6 729.1 723.5 706.1 685.3 671.3 663.2 667.9 680.1 699 717 734.3 749.1 762.1 773.8 782.9 790.3 795.9 798.3 798.5 795 787.8 776.4 761.8 746.1 730.1 715.1 701.4 688.7 673 655.7 640.1 627 618.3 609.5 603.7 599.2 593.8 587.3 583.3 579.4
485.2 490 497.3 501.8 508.2 520.6 524.1 522.7 523 533.1 545.6 556.2 568.4 586.2 599.7 613.3 628.5 644.1 657.6 669.9 681.4 692.7 702 712.2 719.9 726.9 731 734.8 741.5 745.8 749.8 751.5 752 751.9 750.4 741.8 740.9 742.8 739.3 733 719.7 701.4 685 673 672 681.3 697.8 715 729.1 745.2 757.8 771.4 781.6 788.6 794.2 797.1 797.7 796.4 789.2 776 756.9 739.3 721.2 704.3 689.2 670.4 652.9 637 623.8 615.4 607.9 601.1 597.2 593.8 586 581.8 578.1 573
490.3 494.7 502.1 506.7 515.1 523 532.8 539.9 541.7 536.4 529.5 540 552 563.5 578.5 595.3 611.5 627.7 644.8 660.3 673.9 684.7 693.8 702.3 707.8 713 718.6 724 732.1 739.2 743.7 747.6 749.8 750.8 749 744.1 749.5 749.3 745.7 742 736.3 721.5 702.3 687.2 679.8 684.1 697.9 711.3 724.3 740.3 753.6 769.2 779.7 786.1 792.1 795.7 796.6 795.2 785.2 766.5 745.5 727.1 705.5 686.2 665.3 647.9 632.4 620.4 610.4 603.8 598.7 593.1 589.4 584.5 579.2 575.4 572.1 565.8
490.1 501.6 506.7 509 514.5 523.9 535.7 551.7 557.5 554.9 551.3 542.5 542.7 551.6 564.1 577.8 592.9 611.3 626 645.7 662.3 674.3 684.8 691.4 694.3 697.2 700.8 712.9 721.5 730.3 736.9 742.2 745.2 747.2 746 751.2 754.2 753.3 751.3 748.6 745.6 736.6 719.2 699 686.8 686.8 697 707.8 719.9 735 751.9 764.7 774.2 782.7 788.9 793.3 793.3 775.8 760.5 741.5 725.2 706.9 686.6 664.7 643.9 628.4 614.5 605.4 598.8 594.2 590.6 584.6 579.6 575 570.3 566.2 563.5 557.4
493.6 507.4 511.3 514.1 517.7 524.8 540.3 562.1 570.6 570.9 568.3 561.9 551.1 545.2 555.4 566.3 578.7 594.1 609.5 627.1 644.6 659.6 671.5 677.4 680.8 683 689 701.2 710.7 719.9 727.7 733.4 737.9 741.5 745.9 751.6 754.5 755.4 755.4 753.7 750.2 743.2 727.8 709.2 695.1 690.5 696 703.4 715.5 727.8 746.5 758.4 768 776.5 783.4 777.7 760.7 742.6 727 712.1 697.3 680.7 659.8 642 625.8 613.2 598.2 592.6 588.4 585.5 582.1 575.3 570.1 565.9 560.7 556.7 554.9 551.3
503.7 511.8 514.7 518.3 522.5 532.5 553.2 570.9 586.1 589.8 587.8 581.4 571.2 560.7 549 559.8 569.1 579.8 592.7 607.5 624.4 639.1 652.1 660.3 664.9 664.2 680.5 690.1 699.5 708.4 715.6 721.6 728 735.1 742.9 749 753.5 757.5 757.9 758 753.2 745.6 733.3 714 700.2 693.9 696.4 701.3 710.9 723.7 739 750 756.7 758.5 756 743 720.5 701.9 692.4 680.3 665.4 651.5 635.6 622.2 604.4 593 584.8 580.8 578.8 577.7 573.4 564.6 560.9 558.7 552.8 549.1 547.4 542.5
510.8 514.9 518 521.5 526.5 538.6 559.7 579.9 598.4 610 615 608.1 596.7 583 569.4 558.4 564.6 573.2 581.9 591.2 604.1 616.7 628.9 638.6 640.4 657.5 669.7 679.6 688.1 696.3 703.6 709.9 719.3 730.3 738.9 747.2 754.2 759.1 761.1 760.2 756.6 745.1 731 712.1 701.8 694.4 694 697.5 707.1 718.7 730.8 739.8 730.5 716.5 699.7 691.4 676 665.7 656.6 644.2 632 622.6 612.3 597.9 584.1 577.6 570.4 569.6 571.6 570.8 564.2 556.7 553.1 550.4 545.4 542 540 535.9
513.6 517.9 519.7 523 532.5 547.7 568.4 587 607.2 624.6 635.7 637.1 627.2 607.9 590.4 576.1 565.3 569.9 579.9 586.1 591.1 599 608.3 615.6 631.2 645.4 657 667.6 676.1 681 693 705.7 716.1 727.2 738 747.1 755.4 760.2 762.6 762.2 757.4 743.1 726.8 710.9 699.1 693.2 692.3 694.3 699.3 708.2 716.4 708 684.6 663.5 653.3 647.5 637.3 631.3 621.6 609.4 601.1 593.6 585.5 577.1 570.1 562.3 558.7 560.9 564.4 564 558.5 550.3 545.7 541.4 538.8 535.1 530.6 528.3
516.3 521.7 523.8 528.6 540.9 558.7 577 597.3 615.2 635.8 650.9 657.2 654.6 635.4 612.2 595.7 581.5 572.4 573.7 580.1 586.3 591.7 605.5 615.6 619.1 630.8 643 652.2 660.5 678 693.5 705.7 715.8 725.8 737.9 749 755.7 759.6 762 762.3 757.4 742.6 724.9 709 697.2 691.8 691.3 688.1 688.3 688.1 682.4 674 640.9 622.7 615.4 610.1 604.1 598.2 592 581.8 577.2 574 567.9 564.6 560.5 553.4 552.6 556.1 557.4 553.4 545.2 541.4 538 534.4 535.5 532.4 524.6 519.9
522.4 526.9 529.3 537.6 552.9 570.9 588.2 607.5 631.9 650.9 664.8 670.7 669.7 655.6 633.8 613.2 599.1 586.8 582.5 578.3 587.1 591.8 602.9 618.1 628.7 639.8 643.9 647.9 658.2 676.7 693.2 704.8 715.4 726.7 738.8 748.5 754.4 759.2 762.4 763.5 758.6 741.5 723.8 710 697.2 690.4 688.7 681.1 672.9 661.4 644 623.6 604.1 590.8 582.8 577 574.9 574.5 569.4 559.9 558.3 555.8 555.9 556.2 552.4 549.2 548.9 550.2 550.1 541.3 538.5 538.2 532.5 529.2 531.5 522.4 518.5 512.7
527.5 532.4 537.3 548.8 563.8 580.8 599 619.8 644.1 663 672.6 679 679.9 673.4 654.4 632.2 611.5 598.9 592.8 588.1 584.5 591.5 600.6 612.1 629.7 645.5 658.4 668 668.8 672.8 690.1 702.7 715.3 727.6 738.3 746.7 753 758.8 762.1 764.4 759.6 744.9 724.4 709.5 696.3 690.9 684.8 673.6 653.6 631.4 613.4 590.8 573.8 562.2 556.2 553.6 550.9 553.3 548.6 545.6 547 544.6 543.9 549.6 545.1 547.8 544.8 548.1 543.3 535.9 537.2 532.7 529.5 526.4 525.1 516.6 514.1 509.4
534.7 539.4 545.3 557.7 573.3 590.9 609.4 633.9 656.1 671.5 680.3 685.3 686.6 682 668.1 648.1 626.2 611.7 603.9 597.5 593.4 590.8 600.1 613.1 627.2 646.7 666.6 679.5 687.9 693.1 699.4 709 719.1 728.9 738.1 746 753.5 759.5 763.2 763.6 761.6 747.7 723.3 708.2 699.1 691.2 683.8 669.7 641.5 607.3 585.9 563.4 548.9 543.5 538.1 533.7 530.1 533 533.6 529.6 532.4 534.6 536 536.3 540.4 546.4 544.3 543 539.5 531.5 533.3 531 527.2 525.6 518.8 513.1 510.7 508.9
548.3 552 556.9 563.4 581.6 600.5 622.3 644.6 663.9 679 686.6 690.6 692.4 688.9 678.6 659.3 640.9 625.7 618.2 610.8 602.3 596.4 598.8 611.5 627 647.9 669.8 685.6 694.9 702.7 711.5 719.6 726.5 732.9 739.4 746.6 754.2 759.5 762.7 762.6 761.2 749.5 721.5 705.9 697.7 691.2 686 674.5 638.7 593.9 571.3 551.1 535.7 533.5 527 521.3 517.5 514.5 522.4 520.6 518.9 524.9 533.2 536.8 527.1 537.1 543.6 541.8 537.1 530.5 529.4 530.8 525.4 518.9 518.2 510.9 509.6 506.3
561.5 567.8 574.6 581.1 590.6 613.5 633.7 652.6 668.8 682.2 691.3 695.2 697.1 695.7 688.1 672 655.6 643.8 636.8 627.1 620.7 610.2 598.5 612.4 625.6 648 671.9 688.1 697.8 708.1 718.1 726.7 733.1 736.8 741.9 748.8 755.3 759 761.9 763.3 760.6 747.9 721.1 704.6 696.5 691.9 684.6 660.2 614.9 585.1 561.1 544.4 533.3 526 522.2 515.3 511.5 511.5 511.5 511.5 511.6 519.3 524 525.7 524.3 531.7 541.6 541.3 536.1 531.2 527.4 523.8 520.7 519.9 517.4 510.3 509.2 504.8
580.8 586.4 596.6 605.3 610.6 615.7 640.3 656.1 672.8 685.3 693.8 700 702.5 702.4 697.9 687.3 675.5 664.9 657.6 647.9 639.5 627.3 612.4 612.3 627.7 645.4 667.9 686.8 699.2 710.8 722.4 730.4 736 738.6 743.6 750.6 755.7 758.5 761 763.1 757.2 743.1 721.8 702.7 695.6 690 677.1 643.6 606.2 577.3 553.2 538.8 530.1 523.4 515.9 513.5 511.5 511.5 511.5 511.5 511.5 513 518.1 521.1 523.7 525.9 537.5 534.7 531.7 529.8 528.8 521.2 520 518.5 515.6 511.9 510.8 508.1
604.5 610 620.9 630.5 633.5 636.3 636.7 657.4 675.6 689.3 698 706.3 711.3 710.4 710.4 704.5 696.2 689.2 682 668.6 656.4 642.1 623.5 611.9 631.9 646.6 667.7 683.8 697.8 710.7 722.7 731.3 735.2 739.5 744.4 751.9 756.3 759 759.5 759.3 750.7 740.2 720.2 705.8 696.5 690 669.3 634.5 601.7 576.9 558.2 543.6 532.5 523.5 517.3 512.2 511.5 511.5 511.5 511.5 511.5 511.5 511.5 514.3 520.8 521.9 531.2 530.1 527 527.6 527.7 521.3 521.1 520.9 519.8 516.1 515.6 514.8
633.9 640.6 643.4 652 657.1 657.7 656.5 659.1 679.4 694.2 703.5 712.4 717.5 719 719.9 718.6 713.5 707.2 698.9 684.5 670.4 652.1 629.9 616.9 636.6 648.2 664.1 680.4 693.7 707.3 719.7 728.7 734 739.8 745.6 751.8 757 759.4 757.8 753.9 746.1 735.6 719.9 709.1 700.8 694.4 678 641.5 608 585 567.4 551.3 537.1 525.8 517.9 511.5 511.5 511.5 511.5 511.5 511.5 511.5 511.5 511.9 518.5 519.2 524 522.6 522.2 524.2 527.4 527.3 524 522.2 521.5 519.6 520.4 520.7
656.4 663.6 665.4 670.5 673.6 675.6 676.2 681 687.9 701.1 711.6 720.8 727.2 730.3 731.5 728.8 725.1 719.2 709.4 693 678.6 660.1 637.4 619.9 636.9 648.4 662.6 678.9 693.9 707.4 719.2 728 735 741.2 748.7 753.1 757.1 758.3 756.4 751.3 741.2 729.8 719.8 711.3 705.8 699.3 685.8 655.1 616.5 595.2 576.5 560.3 545 531.4 521.7 512.2 511.5 511.5 511.5 511.5 511.5 511.5 511.5 511.5 515.1 516.1 519.5 522.6 522.6 524.8 526.8 526.6 525.8 525.4 523.1 523.3 524.9 525
669.6 675.6 681.1 685 688.2 691.6 693.8 697.3 704 711.1 720.7 730.5 737.7 740.6 742.1 740.2 734.9 727 719.3 701.1 683.1 661.3 654.2 632.6 635.1 651.1 664.7 681.7 695.8 710.6 723 731.6 740.5 747.2 752.9 755.1 757 757.5 754.9 747.2 735.6 726 718.8 710.7 706.3 703.8 692.1 665.1 638.8 614.8 591.5 573.3 557.5 545.5 534.7 523.7 513.4 511.5 511.5 511.5 511.5 511.5 511.5 511.5 511.5 511.5 518.7 523 523.6 524.1 526.2 526.6 527 526.5 525.3 527.4 528.3 528.7
677.1 685.7 691.8 695.6 699.5 702.3 705.3 710.2 716.8 724.6 732.9 741.5 748.3 751.7 751.9 749.4 743.3 735 726.8 710.4 691.2 679.6 667.7 643.6 647.6 650.2 667.4 683.5 698.5 713.2 725.4 737.1 747 751 754.8 756.3 757.3 754.9 749.1 741.1 731.9 723.5 715.4 711.3 709.5 706.8 704.3 696.6 668.6 642.2 616.3 598.1 581.9 568.2 551.6 534.8 524.1 514 511.5 511.5 511.5 511.5 511.5 511.5 511.5 511.5 516.9 521.3 523.2 523.7 525.8 526.4 530 525.4 528 530 531.4 531.7
681.6 691.4 698 702 705.1 707.5 712 719.3 727 733.8 742.7 752.2 757.3 760.3 761 757.2 751.1 743.2 734.6 719.9 701 688 670.4 652.2 662.4 669.9 664.3 683.5 700.5 716.1 729.3 740.8 748.4 754 757.1 757.4 756.5 750.8 744.4 736.7 728.9 721.1 714.6 711.8 709.8 708.5 714.2 721.5 713.3 674.9 648 630.3 608.5 591.4 568.5 549 535.6 524.6 515 511.4 511.5 511.5 511.5 511.5 511.5 511.5 511.5 519.5 523.7 523.4 526.7 531.5 526.4 527.5 530.2 532.3 533.4 533.3
