public/OST50/NT20.asc
ncols 200
nrows 200
xllcorner 320000
yllcorner 600000
cellsize 50
[rows 105 to 139 of 200, columns 78 to 155 of 200]
259.8 271.1 281.4 292.6 296.9 300.7 306.6 318.1 329.2 330.6 319.7 307.2 293 285.8 282.1 282.9 278.9 288.1 291.5 295.7 306.8 318.5 330.3 340.4 346 350.6 352.8 351.7 343 338.9 341.7 345.9 353.6 358.3 364.6 371.3 373.7 373.6 371.1 365.1 356.1 348.3 339.6 335.7 332.4 330 324.6 318.6 310.4 302.8 296.2 290.2 282.2 285.5 289.6 291.9 297.7 304.3 310 315.2 318.5 320.8 321.7 321.2 318.8 317.7 320 322.3 324.8 328.9 334.1 341 348.1 355.1 362.4 364.8 365.8 366.1
260.1 272.6 281 289.6 295.2 298.8 307.8 320.9 328.9 327.8 320.3 306 289.9 284.7 280.8 277.2 282.8 286 289.1 296.1 308.6 321.2 334.1 343.2 349.2 352.9 353.5 351 337.4 333.9 338.4 344.1 350 356.1 365.3 371 373.4 373.3 370.2 360.5 352.2 344.7 336.4 332.4 329.4 327.3 320.7 314.5 306.8 299.3 293.8 287.4 280.3 285.4 289.1 291.9 298.7 305.7 311.8 315.3 318 320 320.2 318.1 316.2 318.7 321.1 322.1 324.2 329.5 336.3 343.9 351.5 355.2 361.3 363.1 363.5 361.8
260.6 269.8 279.6 288.6 293.8 299.9 307.8 320.1 327.7 331.1 323.4 302.3 288.2 283.7 279.1 275.4 280.2 282.7 285.1 296.1 309.4 323.4 334.4 343.9 348.5 355 350.6 343.1 332.4 331.7 337.1 340.7 347.8 356 364.6 370.8 373.5 373 365.7 356.8 349.5 343.2 334.7 329.8 326.3 324.2 318.5 311.5 303.8 296.3 290.8 284.5 279.5 283.1 287.4 291.2 298.5 305.3 311.5 314.7 317.2 319.1 317.9 315.4 315.5 317.4 319.7 322.7 327.4 333.4 340.7 347.6 353.2 355.6 359.1 360.9 359.1 357
259.7 267.6 276.9 286.5 292.8 298.4 306 318.7 328 339.5 326.6 300.7 286.5 281.7 276.2 274.1 276.8 278.8 282.9 295.9 311.4 324 335 341.3 347.9 349.9 342.8 332.1 326 331.2 334.2 337.4 346.4 355.3 364.9 371.4 373.3 370 361.5 354.9 348.5 338.9 330.8 326 322.8 320.6 314.6 308.3 299.5 292.2 288.5 281.7 279.4 281.5 284.9 290.8 299.4 307.9 311.9 314.2 315.4 316.8 314 312.7 314.7 317.1 321.4 326.1 330.9 337.4 344.1 350.6 353.9 355.9 357.5 357.3 356.1 353.1
257.5 265.7 274.8 283.8 290.4 295.7 304.9 317.9 331.7 339.8 328.2 303.8 285.8 279.2 272.3 273.5 275.1 276.1 282.1 293.3 312.5 324.7 334.9 341.9 343.4 340.5 331.4 325.5 322.8 328.2 330.8 334.8 345.7 355.4 364.7 369.8 368.9 364 358.4 352.8 346.6 335.2 327.1 322.6 318.6 315.1 310.2 302.2 294.7 289 286.9 281.7 278.8 280 286.9 294.7 302.9 309.4 311.7 313.7 314.3 315.5 312.2 312.8 315.7 319.4 325.1 331 336.3 340.7 346.4 350 352.8 354.3 353.7 352.5 351.3 349.8
256.7 263.3 271.3 280.3 287.5 294.7 304.6 319.9 330.8 332.3 320.2 306.8 290.7 275.6 271.2 271.2 273.3 274 279.4 292.9 307 319.6 335.2 339.4 334.8 329.1 323.2 321.8 320.4 324 328.6 335.4 347.1 355.2 362.1 364.3 362.7 357.4 352.9 350.6 343.5 332.8 323.1 319.2 314.8 310.7 304.7 296.7 289.8 286.3 284.3 278.4 278.3 281.5 290.4 297.5 304.1 310.4 312.1 312.9 313.6 313.7 310.3 314.3 317.4 322.5 329.3 335.9 341.1 345.4 348.7 350.4 351.3 350.4 349.1 347.4 346.9 346.4
254.5 262.1 270.5 277.2 284 292.7 307.7 323.5 329.8 325.7 320.1 313.1 299.2 280.1 271.6 270 271.4 272.6 277 288.8 304.2 314.8 327.5 331.7 325 320.3 318 316.5 315.3 319.7 328.2 336.5 345.3 354.3 357.1 357.2 354.8 351.2 349.4 345.5 339.2 330.8 321.1 315.4 311.3 305.7 298.4 291.7 285.3 282.8 280.2 277.3 278.2 283.9 290.6 295.4 301.4 309.2 312.6 311.8 312.6 311.9 312 316 321.5 326.8 333.2 338.7 343.7 348.6 351.4 351.8 352.3 349.7 346.1 342.6 341.1 339.5
253.8 261.5 269.1 276.1 283.4 297.5 315.6 329.4 327.6 324.4 323.3 316.1 303.9 284.2 272.8 268.3 269.7 271 275 285.8 297.6 308.8 320.7 322.7 316.6 314.9 312.6 308.8 311.4 316.4 326.2 337 344.9 349.3 351.3 349.8 347.9 348.5 346.4 341.7 335.8 328.8 317.8 310.9 307.1 301.9 296 288.7 282.8 280.5 276.9 277.1 281.4 287.4 291.5 296.7 302.9 307.4 310.1 309.7 310.6 308.2 312.8 318.1 323.3 328.4 333.8 340 345.5 350.5 353 352.7 352.1 348.8 344.6 340 338.1 336.5
255.8 261.8 267.3 274.7 285 300.3 317.5 327.4 328.3 325 323.1 320 308.1 290.3 273.8 268.2 269.1 270.3 276 284.4 293.2 302.4 310.4 314.1 310 308.6 305.9 305.5 310 317.6 328.3 337.4 343.1 342.2 343.5 341.1 341.6 344.3 343.4 339.1 334.3 327.3 317.5 308.1 302.1 298.1 293 286.8 279.7 277.2 276.2 278.1 284.9 289.6 294.3 297.4 304.6 307.8 307.2 307.2 307.4 307.5 313.6 318.5 323.7 328.2 334 340.3 346.3 351.6 352.8 351.6 350.3 346.6 342.3 337.8 334.8 332.2
251 257.7 266.4 273.5 287.9 299.6 320.5 325.8 326.3 324.3 323.7 323.1 313.8 297.6 277.6 268.2 267.9 270.4 276 280.5 288.5 296.9 304.2 305 302.9 302 295.7 302.2 308.8 318.6 328.1 334.6 335 335 334.5 333 334.6 337.8 337.9 336.9 330.6 325.2 316.4 304.8 297.7 294.6 289.9 285.8 277.8 275.6 275.9 281.3 285.2 289.2 295.2 299.6 303.7 306.8 305.4 304 304.3 307.8 313 318.9 322.9 326 333.3 340.1 346.6 350.1 352 350.1 347.7 342.7 338.2 335.2 332.2 327.7
250.1 256.8 264.4 277.8 288.4 300.2 318 322.4 323.6 325.2 322.3 324.5 318.2 301.4 283.8 266.9 267.6 270.6 274.9 278.8 284 291.7 297.5 298.3 296.8 295.9 292.5 299.9 308.2 318.8 325.8 326.8 325.6 326.4 327 325.2 326.7 329.1 330 330.7 325.5 320.9 312.5 302.7 296.1 288.4 284.4 283.9 279.4 275.4 277.8 282.7 286 290.4 295.7 299.7 302 302.9 302.6 301.2 304 308.6 313.8 318.2 321.3 324.1 333.3 340.7 344.9 347.5 348.7 347.1 343.8 339.3 336.4 334 330.4 325.5
246.3 253.7 263.4 276.1 290.7 299 312.7 317.6 320.4 322.7 318.6 322 316.4 300.9 283.1 270.8 265.9 268.1 273.9 277.9 282 285.5 289.9 291.5 290.9 290.4 288.7 297.7 306.3 315.3 323.2 321.9 318.9 318.2 318.2 317.7 319.3 322 323.7 324.2 320.5 316.8 307.5 298.7 293 289.1 283.8 281.3 275.6 275.8 279.9 284.2 287.1 290.7 295.6 298.8 300.2 299.5 299 300.7 305.3 308.4 312.2 316.9 320.3 325.9 334.2 338.7 342.7 345.5 344.6 343.9 340.7 338 335.3 332.4 327.4 322.8
241.3 253.7 265.9 277.3 289.2 297.6 306.2 312.3 316.7 315.6 313.3 314.6 310.3 295.8 282.2 270.7 265.3 267.1 271.7 275.1 277.7 280.1 284.8 284.8 284.3 283.7 284.8 293.8 302.3 311 316.8 315.3 312.5 309.9 309 309.4 313.7 316.7 319.1 320.1 315.9 310.1 302.6 293.3 288.2 286.4 282.3 279.2 275.4 275.6 280.7 283.8 287.1 291 295.2 297 297.6 296.7 296 302.6 307.7 309.6 311.9 314.7 320 327.3 334.9 337.1 340.2 343.5 342.3 341.3 338.9 336.5 334 330.3 324.8 319
241.6 250.8 261.8 276.7 288.9 297.5 302.6 309.5 309.7 309.3 306.7 305.8 301.9 290.7 279.6 268.9 265 264.2 269.4 271.9 273.2 275.6 279.7 279.6 278.8 276.8 282.7 289.6 296.6 303.1 307 307.4 304.5 300.7 300.5 302.3 305.9 310.6 315.5 315.9 313.5 308.3 298.1 289.7 284.1 282.4 280 276.9 273.8 275.6 279.3 282 285.7 290.5 292.5 292.6 290.5 296.5 301.1 305.3 309.5 312 314 316.1 320.8 328 333.9 335.9 338.4 340.8 340.6 339.5 336.6 333.8 330.9 326.6 320.3 314.6
238.9 247.9 261.8 273.6 287.2 295.5 297.9 302.2 303.1 302.5 299.3 297.3 293.7 284.8 274.5 267.6 261.7 262.8 266.7 268.9 269.9 271.4 273.9 274.1 273.8 272.5 280.7 287.4 291.8 296.9 300.4 299.2 295.1 294.4 295.6 297.7 300.3 304.6 309.6 311.5 309.7 305.5 295.6 284.1 279.5 278.8 277.3 274.2 273 275 276 279.2 282.3 283.3 286 289.5 295.9 300.5 304.9 309.8 313.4 315.1 317.3 321.1 325.6 330 334.1 335.6 336 337.9 339 338.1 335 332 328 322.3 316.4 311.1
235.5 246.4 257.7 273.7 289.3 292.8 292.8 294.7 296.9 295.8 292.9 290.3 287.8 279.9 271.8 264.9 260.1 261.9 264.7 266 266.9 268.3 270.2 269.6 269.1 269.9 277 284.3 289 290.9 292.6 290.8 288.9 291 293.1 293.8 295.8 299.2 303.8 305.9 307 300.1 291.2 281.3 275.7 275.1 271.1 272 273.4 275.6 278 280.8 284.9 289.6 293.3 297.1 301.1 305.8 310.5 313.9 317.3 320.1 322.8 325.6 329.3 331.6 334.6 334.4 334.8 336.1 337.8 336.6 333.6 329.8 325 319.7 313.8 307.8
234.7 245.8 256.4 270.3 284 287.4 287.5 287.4 290.1 288.7 285.7 284.9 281.6 274 268 264.8 258 260.5 261.9 263.2 262.9 264.1 265.5 264.8 264.3 269.5 274.6 281.2 285.6 287.6 285.8 284.7 284.6 287.2 289.1 289.8 291.7 294.2 298.5 301.7 302.3 295.9 288.6 282.2 276 271.7 270.6 273.2 275.2 276.9 279.2 283.4 288.5 293.7 297.6 301.7 307.4 311.6 315.6 319.8 322.9 326.2 328.4 328.8 331.2 332.5 334.3 333.1 333.3 335.2 337.9 335.8 330.6 326.8 322.4 317.1 311 304.2
232.4 246.2 255.2 266.4 276.7 281.6 280.5 280 282.9 282.2 279.9 279.2 274.3 268.7 264.2 262 254.7 257.7 259.1 260.1 260.1 259.8 259.8 261.5 263.6 267.9 273.8 279.4 281.8 281.6 280.8 280.5 280.9 283.5 284.5 286.1 288 289.9 292.5 296.4 297.9 292.5 288.1 280.6 274.3 271.5 270.5 273.8 275.8 277.7 280.7 286.7 292.4 297.6 302.6 308.6 314.2 318.1 320.2 323.9 327.6 330.6 331.4 331.2 332.6 331.8 331.2 331.7 331.3 333.9 337.6 333.9 328.9 324.7 319.7 313.4 306.8 299.2
231.4 244.4 256.2 264.6 269.5 273.3 275.3 275.7 274.9 274.8 274.6 274.5 268.6 263.2 259.5 257.6 251.1 256.2 257.7 259.2 258 257.3 258 260.1 263.8 267 270.7 275.2 275.4 274.7 274.4 275.3 276.6 278.9 280.9 283 284.9 286.8 289.5 293.7 295.3 289.5 285 281 274.2 270.4 270.8 273.8 276.1 278.8 283.2 289.5 295.8 301.4 309.4 315.7 321.3 325.4 325.8 326.9 330.3 333.4 332.7 332.6 329.2 326.6 329.6 332.1 329.8 332.3 333.9 328.9 324.9 320.7 315 308.2 300.9 294
225.5 243.5 254.3 260.8 266 270.1 271.8 271.4 270.9 268.4 267.5 267.9 263 258.4 257.1 254.9 249.7 255.1 256.9 259.2 256.8 256.1 256.7 258.9 262.4 266.3 269.6 269.6 268.7 268.7 268.6 269.6 271.4 274.7 278 280.2 282.2 284.2 286.1 289.4 293.4 287.1 282.8 279.1 274.8 269.6 271.3 274.1 277.9 281.6 287 293 298.7 305.7 314 321.3 327.1 330 329.4 328.7 330.5 332.2 329.5 328.2 325.1 322.5 326.6 327.5 325.9 329.5 329.3 324.2 320 315.2 307.7 301.1 294.3 287
222.1 235.8 247.7 254.5 262.4 266.7 268 267.8 266.7 264.4 262.3 260.3 256.6 255.5 255.1 252.1 247.3 253.2 255.6 257.2 255.7 254.5 255.3 257.1 260.8 265.1 267 266 263.7 263.6 265 268 272.5 273.5 274.4 278.1 279.7 281.5 283.2 285.8 289.7 286.1 281 277.9 271.8 269.2 272.2 275.2 279.6 284.4 289.7 296.1 301.4 308.9 317 325 330.7 332.4 330.7 330 330.3 328.3 324.7 322.5 321.1 319.5 321.6 322.7 321.2 322.4 323.1 320.2 314.3 309.2 301.8 293.9 287.3 280.7
220.4 231.3 240.8 251.3 257.9 263.1 263.9 262.3 261.6 260.1 258.1 255.3 252.8 254.5 252.7 249.6 244.2 250.9 255 256.6 254.2 254.1 254.4 255.7 259.2 263.8 263 260.7 260.5 263.7 268.7 277.4 280.8 281.4 279 279.1 279.4 279.9 280.6 282.2 284.6 286.2 279.5 275.7 269.3 268.9 273.6 276.2 280 285.4 291.4 298.7 305.3 312.4 319.5 326.2 330.1 332.1 331.4 330.5 327.6 323.7 320.6 318.7 317.2 316.1 316.7 316.8 317.4 318 319.3 316.8 311.2 305.1 296.9 289.1 282 275.6
213.5 224.9 236.6 247.5 254.2 259.8 257.3 256.6 256.1 254.6 254.7 250.9 251.4 252.6 249.9 246.3 239.3 248.6 252.3 254.5 254.1 254.1 254.1 255.8 258.7 260.6 258.6 258.9 264.1 270.2 277.7 285.8 290.9 289.7 285.1 281.7 279.7 279.3 279.3 279.6 281.1 283.4 279.1 272.8 268.9 270.3 275.3 277.3 280.1 285.8 292.3 299.7 306.8 313.9 320.2 325.1 327.9 329.7 329.8 326.8 323.4 321.3 319 316.5 314.1 314.6 315.5 313.6 313.1 315.1 315.3 311.9 307.1 300.5 292.9 284.7 278 272.6
213.5 221 232.7 243.3 251.6 255.7 254.9 252.7 251.6 251.7 251.5 247.5 249.6 249.1 246.1 241.8 233.7 246.4 251.6 249.1 253.7 254.1 255 257.7 258.7 257.6 257.7 261.5 270.4 277.6 287.3 296.5 302.2 301.5 292 285.1 280.5 278.9 278.5 278.2 278.3 280.4 277.9 271.8 268.4 271.7 276.4 278.8 281.6 286.6 293.2 299.9 307.1 312.2 317.8 322.7 324.9 325.9 325.2 323.1 320 318.3 315.9 313 311.9 313.8 313 308.2 309.2 309.8 309 307.1 302.4 296.1 289.2 282.7 276.6 271.7
211.5 218.7 230.6 240 248.4 251.4 249 248.4 248.7 249.4 249.7 245.3 246.1 244.9 241.9 241.8 231.2 243.7 246.4 250 251.9 255.5 257.6 259.6 257.7 257.4 261.3 267.9 275.9 285 295.8 307.3 309 307.2 299.5 290.2 284.4 279.8 278.4 277.1 276.8 277.2 275.2 271.6 267.9 272.6 275.5 279.6 284.1 286.5 294.1 300.5 305.6 310.2 314.3 317.7 319.8 319.9 318.9 317.8 315 312.7 311.2 308.1 307.5 309.3 307.8 301.1 305.5 304.7 304.8 302.1 297.2 292.3 286.1 281.2 276 271.6
211.3 213.6 225.2 237.3 246 246.7 245 246.2 248.5 247.2 246.8 240.8 241.2 239.9 238.2 238.2 231.2 243.2 245.8 249.3 254.9 257.1 259.1 258.6 254.7 260 265.7 273.7 281.9 292.7 303.8 311 314.2 310.1 304.3 294.8 289.3 283.3 277.9 276.2 275.2 275.1 274.8 272.5 268.6 269.1 272.5 275.8 282.2 287.8 290.8 296.9 301 305 308.8 311.6 313 313 312.4 311.7 309.1 307.1 305.7 303.2 299 302.9 304.6 299.6 302.8 302.1 300.7 296.1 291.6 287.6 281.8 276.6 270.9 271.9
210.9 212 219.3 232 241.7 245.9 244 244.9 246.3 244.5 242 236.6 235.5 234.5 235.5 234.4 234.1 242.4 244.9 250.1 254.4 256.2 256.3 252.6 256.7 264 272.9 280.6 289.2 300.4 311.9 316.8 316.9 312.7 307.1 299.7 294.2 288 279.7 275.3 273.4 272.9 273.9 273.6 268.2 265.9 267.4 273.6 280.2 286.2 290.8 292.5 294.8 297.4 301.2 304 305.6 305.6 305.3 304.3 302.7 301.7 300.1 297.9 292.6 292.6 299.9 298 298.6 298 294.4 290.1 286.8 283.2 277.8 269.3 270.9 272.5
210.5 210.5 212.8 227.1 236.7 240 242 242 243.5 241.3 239.1 234.2 232 231.9 233.3 231.7 231.9 236.1 242.8 249.6 250.5 251.4 250.4 257.4 262.9 271.6 280.5 288.4 296.7 309.1 317.7 318.2 316.3 313.1 308.2 304.9 299.3 292.9 285.4 280 276 275.1 275.2 276 275.1 270.6 265.7 264.3 271 284.9 289.8 291.4 290.9 290.2 291.3 293.6 296.6 298.1 297.4 295.6 296.4 295.6 294.6 292.2 288.7 289.8 295.3 295.6 292.1 291.9 289 284 281.4 278.5 274.3 270.8 271 275.2
210.1 210.2 212 221.7 231.6 234.6 238.9 236.7 238.5 236.2 233 231.4 229.6 228.8 227.4 231.1 236.7 240.7 239.9 240.6 249.2 252.8 256.7 261.1 269.1 276.9 286.8 296.7 305.3 314.9 318.6 317.1 316.2 315.1 310.8 306.2 303.8 298.4 292.5 286.7 282.8 280.7 283.3 282.7 281.7 281.1 273.9 268.2 264.8 272.9 285.2 288.6 288.6 287.1 287.2 287.6 286.6 287.3 287.9 286.7 288.4 288.8 287.8 286.3 283.3 287.9 292.3 292.3 288.8 286.9 283.9 278 271.9 269.9 268.1 270.9 276.4 281.3
209.6 209.5 209.5 214.3 226.8 231.8 233.9 232.5 231.6 230.1 228.2 227.3 227.2 222.6 231.5 238.6 243 245.2 249.2 252 254 258.9 264.3 270.9 279.3 288.1 295.5 303.9 314 319.8 321.1 319.4 320.1 315.4 310.6 309.4 309.1 303.6 299 293.2 288.5 289.2 290.7 291.4 290 289.8 288.5 279.5 273.1 263.7 268.3 273.5 281 283.1 283.4 283.3 282.5 281.9 281.4 282.1 282.6 282.1 281.4 280.2 281.4 285.3 287.4 287.2 285.6 282.6 278.2 272 267.4 268.6 271.1 278.1 283.4 288.8
209.6 209.4 209.3 209.8 221.1 226 229.1 229 223.3 222.2 221.5 222.2 222.2 223.8 235.2 241.6 245.9 248.1 252.4 260.6 265.2 274.6 283.5 287.2 292.6 298.3 303.7 311 319.6 327 325.3 321.8 318.7 312.6 312 312.8 310.8 308.7 304.7 298.9 296.1 296.1 297.1 297.8 298.6 299 298.2 292.5 283.4 274.9 265.4 257.2 264.3 274.6 278 278.1 278.4 278.1 278.6 278.8 279.2 278.4 277.2 275.9 279.1 281.2 281.9 282.4 280.9 277.8 273.8 267.7 267.6 273.5 278.5 283.1 288.9 295.9
209.5 209.4 209.3 209.4 217.8 222.2 223.5 222.4 218 212.8 217.1 220.7 223.6 230.6 237.7 243.5 249 251.3 257.5 270 281.5 292.2 297.1 302.2 304.5 307.2 310.8 316.4 325.6 327.4 325 318.5 313.1 309.8 312 314.5 314.2 313.2 309.3 304.4 302.2 304.6 305.3 303.4 305.2 307.1 307 303.9 294.2 281.9 269.6 261.1 256.5 266.6 271.9 273.1 273.5 274.2 274.9 274.9 274.5 273.4 273 273.8 276.2 276.6 277.3 277.4 276.7 273.8 270.1 266.1 275.7 278.7 280.6 287.7 294.7 300.9
209.1 209 209 210.3 215.7 217.8 217 215.5 210.3 223.4 225.8 226.7 231.3 235.9 243.1 249.4 254.7 259.1 265.7 278.8 292.3 302.8 308 312.4 312.3 312.3 313.4 317.2 321.1 324.6 318.8 313.7 307.7 309.2 313.4 315.1 315.7 316.2 314 308.6 307 311.1 313.4 311.3 309.9 313.3 314.5 311.4 305.4 291.3 275.3 264 257 262.1 267.1 268.2 268.6 270 270.4 270.6 269.4 267.8 267.4 269.3 271 271.6 272.1 272.4 271.4 268.4 265.5 276.9 280.1 282.2 284 290.4 298.5 304.3
208.6 208.5 208.4 208.3 210.6 212.8 212.6 211.8 221.3 226.2 228.4 230.9 236.1 247.3 261.8 270.5 273.2 275.1 277.5 285.1 300.5 309.3 314.6 315.9 313.8 311.4 311.8 314.6 316 315.8 311.2 307 304.7 308 313.9 315.2 316.4 318.2 316.2 310.3 310.5 317.2 320.7 320.5 321.6 322.1 320.4 317.4 310.9 295.8 279.3 265.5 259.2 253.8 254.8 264.5 264 266.1 266.1 265 261.2 259.4 258.8 261.1 262.8 263 262 264.1 264.2 269.4 276.8 281.4 284.3 287 291.2 294.9 301.1 306.7
208.2 208.1 208.2 207.8 208.4 210 209.3 215.5 221.9 227.9 231.2 234.8 245 265.3 276.8 284.8 289.8 293.5 300.2 299.6 300.3 313 318.1 315 311.4 309.1 310 309.7 309.2 309.1 305.2 301.5 301.6 305.1 309.6 312.9 314 316.1 314 309.8 314.1 318.6 323.4 327.5 330.1 327.8 324.4 318.5 309.6 295.7 281 267.2 259.1 253.5 252.7 261.4 260.7 261 261.5 258.1 255 262.5 266.4 267.6 267.2 268.5 270 273.3 278.2 280 284.3 288.3 292.4 293.1 297.5 302.4 302.6 309.5
