public/OST50/NT20.asc
ncols 200
nrows 200
xllcorner 320000
yllcorner 600000
cellsize 50
[rows 105 to 139 of 200, columns 0 to 77 of 200]
385 376.5 363.4 355.4 339.8 329.1 319.6 320.7 324.2 330.4 338.2 349.2 363.6 373.6 380.5 396.3 410.2 414.2 409 401.4 389.1 374.8 362.9 352.6 340.6 333.3 323 315.9 316.4 321.9 325.2 326.8 327.6 327.9 329.8 334.8 340.6 346.9 353.4 355.9 361.1 366.9 369.7 363.7 359.2 353.8 350.7 347.5 342.6 337.4 331.3 323.9 318.4 310.4 302.3 288.5 290.6 288.1 285.1 279.9 276.5 271.6 267.2 260.4 252.5 245.7 236.4 228.3 225.9 225.8 225.9 224.8 225.7 227 227.2 237.5 244.1 250.8
392.2 378.5 365.5 357.8 345.5 333.6 323.2 318.7 319 324.4 332 342.4 353.3 360.5 369.3 384.1 402.5 411.7 411.3 405.3 393.1 380.5 369.1 358.9 346.6 338 330.6 319.7 313.6 313.9 321.1 322.7 322.9 323.2 324.8 327.5 333.6 340.4 346.5 352.9 360.4 366.6 369 364 358.1 353.7 350.5 347.7 343 337.6 331.6 325.3 318.9 313.5 303.8 291.1 286 283.6 280.4 278.1 274.3 269.4 265.7 258.9 250.8 242.4 232.4 225.1 225 224.8 224.7 224.2 224.9 226.2 228.7 237.1 244.8 251.9
408.1 393.5 374.3 359.9 344.4 336.9 327.2 318.1 317 318 325 331.5 340.4 350 361.5 374.7 390.3 404.2 406.6 404.6 395.6 387.6 376.7 365.8 355 341.4 335.7 323.7 315.6 310.5 308 317.3 318.3 317.9 318.7 321.1 326.8 332.9 339.5 348.3 357.7 367.4 370.2 366 360.5 354.5 350.9 348.4 343.8 340.2 335.2 327.6 320.3 315.2 310.4 300 285.9 275.8 275.5 273.7 272.2 268.4 264.4 256.2 247.5 238.7 230.3 224.4 224.2 224.1 223.9 223.9 225.2 226.2 232.7 238.5 244.6 251.2
420.7 413.1 401.5 382.9 365 348.5 333.5 321.2 316.3 315.9 317.9 323.2 332.3 343.5 353.9 367 386 396.9 400.9 400.5 396 390.7 383.1 372.9 364 348.7 343.8 337 330 323.1 315.7 308.4 307.9 310.5 311.9 314.8 319.9 325 334 342.8 356.5 368.5 371.9 367.6 361.6 355.1 352.4 348.9 345 342.3 338.7 333.7 328.3 320.5 314 309.3 300.6 286.9 272.4 265.9 268.4 265.4 260.9 255.1 246.3 239.3 230.5 223.8 223.6 223.3 223 223.2 224.6 226 234.8 239.4 244.4 252.1
429.4 424.8 416.2 405.2 387.7 367.6 344.9 330 320.1 315.2 314.6 319.7 324.6 336.9 347.4 359 376 390.6 397.2 397.3 396 391.4 386.9 379 371.9 362.2 352.6 348.4 340.4 331.6 323.4 314.8 309.9 304.9 301.8 305.9 315 322.5 328.7 339 349.8 365.3 371 366.3 360.5 355.3 352.6 350.5 349.1 346.4 343.3 338.4 334.2 328.5 321.4 312.9 305 296.1 283 269.1 265.2 261.1 258.6 252.9 244.1 238.5 230.6 223.1 222.8 222.5 222.3 223 223.6 225.9 234.7 240.5 245.5 250.8
433.1 432.1 427.6 421 402.8 381.3 356.2 336.3 323.2 315 313 313.9 322 328.9 340.9 352.3 366.5 384.6 392.5 394.7 395.1 392.3 388.2 385.7 379.9 373.7 365 358.2 350.3 342 330.1 319.5 313.4 310 304.9 300.3 309.3 315.4 321.1 333 342 357.5 364.6 362.5 358.1 356 353.5 353.8 353.4 351.8 348 345.3 340.6 335.4 327.4 319.4 310 300.3 289.2 272.6 258.1 260 255.6 251.8 244 238.8 232 222.6 222.1 221.6 221.6 222.8 222.9 225.4 234.6 240.8 245.9 250.6
438.5 436.6 434.5 431.2 416.5 392.2 364.8 341.6 329.3 316.2 313 311.7 317.2 323.4 332.9 346.3 360.2 377.7 388.9 390.5 392.8 392.4 389.1 388.4 386.2 379.3 373.8 367.5 358.8 351.3 336.9 321.4 312.7 308.6 298.5 302.2 309.7 311.6 315.9 323.6 334.2 346.2 356 356 353.9 352.7 351.9 357.1 359.4 357.7 352.7 351.7 346.2 339.1 329.7 322.7 313.4 303 291.8 276.4 255.4 252.1 253.5 249.1 243.7 237.8 230.8 225.7 223 221 220.7 221.9 222.4 224.9 234 239.2 244.5 249.8
440.6 438.9 437.9 436 425.2 403.6 376 346.6 334.4 321.2 313.6 310.4 313.8 320.1 328 339.6 353.7 368.8 383.2 387.9 390 390.5 389.2 387.8 385.8 381.5 375.2 371.4 365.5 356.6 342.7 324.2 312.1 306.1 297.9 296.3 307.2 309.2 311.7 317.6 326.7 340 349.2 351.4 349.7 348.3 348.6 358.1 362.7 363.4 360.9 357.5 352.7 338.9 330.1 325 315.2 304.5 292.9 281 265.6 245.7 242.9 243.2 241 235.7 230.3 225.7 223.2 220.6 220.2 221 221.8 229.8 234.1 237.5 242.5 248.1
438 437.2 436.7 435.8 427.9 411.3 385.6 354.4 337.4 324.5 313.2 310.2 309.6 316.7 325.5 335.8 347.5 362 375.2 385 385.8 385.3 385.4 384.4 379.5 378.4 373.5 370 365.2 358 343.5 327 311.7 304.1 292.6 296.9 304.4 306.2 308.5 312.3 319.4 330.2 340.4 343.9 342.5 341.6 345 354.8 364.5 367.8 366.4 359.9 350.1 333.8 326.2 322.1 313.9 304.3 294.2 282.5 267.8 254.9 248.9 230.9 230.5 230.6 227.9 225.7 223.3 219.9 220 220.3 221 228.5 233.1 236.3 242.1 248.9
432.2 433.4 433.8 432.8 427.3 413.8 390.2 358.6 339.2 325.8 314.9 310.1 308.6 311.9 322.5 334.3 344.1 357 368.6 378.9 380.5 379.8 376.8 368.8 370.7 371.3 366.5 365.9 362.1 354.9 342.1 328.3 314.5 303.6 294.3 291.5 299.8 304.3 306.2 308.9 314.3 321.3 330.8 335.2 331.5 336.2 339.9 350.1 359.6 364.4 363.8 353.8 342.9 330.2 322.1 317 311.4 303.1 294.7 284.5 271.9 258.6 250.8 242.8 234 224.9 222.9 223.6 221.9 219.1 220.1 219.6 220.1 224.4 229.2 233.9 239.3 244.3
422.1 425.3 429.4 428.8 423.4 408.1 383.9 361.3 342.1 329.6 318.3 310 308.1 307.2 320.1 330.3 340.4 351 363.3 376 378.1 376.7 371.2 366.9 362.8 362.5 359.7 360.5 358.9 350.8 342.4 329.9 316.5 305.2 294.9 291.6 292.6 303.4 304.8 305 308.8 315.3 322.7 326.8 326.8 329.7 334.9 343.3 351.4 356.3 355.6 348.1 338.6 328.1 319.6 313.4 307.9 300.7 294.8 286.4 274.4 262.2 251.1 243.9 237.4 231.2 223.8 222 220.6 219.7 219.6 219.2 219.1 220.6 224.2 228.3 238.5 243.5
408 414.5 418.3 420 415.4 396.6 377.9 361.1 344.5 331.9 321.6 313.5 307.7 305.3 318.1 327.8 337.3 347.7 359.6 370.4 376.6 373.7 366.6 359.9 355.8 355.5 353.1 352.2 352.4 348.1 339.8 328.6 316.2 304.7 295.3 290.8 291.7 300.1 302.2 302.5 305.1 309.9 315.6 319.4 320.7 324.2 329.3 337.8 345.7 347.3 346.8 340.4 332.4 324.5 317.1 310.4 304.7 298.8 294.3 285.8 275.5 263.6 253.3 243.3 232.5 229.7 222 219.8 219.1 219.3 217.6 218.9 218.5 219 220.8 228.1 234.6 241
387.6 396.5 402.6 406 402.7 389.9 372.6 358.6 345.5 333.4 323.5 316.9 307.4 304.4 314.9 325.1 334.9 344.8 355.7 366.4 370.8 369.4 360.6 354.8 349.6 347.9 346.7 345.1 346.2 344.3 339.3 327.8 317.4 307.6 299.1 291 286.7 291.4 297.4 298 299.9 305.1 307.3 311 314.1 317.4 321.4 329.6 336.2 338.8 337.7 332.3 325.1 318.3 311.2 305.8 301.1 296.9 293 285 275.6 264.8 255.5 247.2 236 227.3 221.9 218.4 218.5 218.7 219 218.5 217.8 217.7 218.8 224.1 229.5 233.9
364.5 373.6 381 386 384.6 376.5 371.1 357.2 346.4 334.7 325.2 317.6 306.8 303.7 314.3 322.9 332.9 342.8 354.5 364.4 367.7 364.5 357.6 351.2 345.1 341.4 338.9 339.1 340.6 339 334 328.5 319.7 309.4 302.5 291.5 287.9 285.5 287.1 292.8 294 297.1 300.3 304.2 306.2 308.7 313.6 320.8 326.7 329.1 328.5 323.9 317.7 313.4 306.7 300.9 295.7 292.4 289.2 282.6 274.4 266.1 257.8 250.3 243 230.1 223.4 217.9 218.4 218.6 218.5 217.3 217.9 217.5 217.4 221.2 224.2 230.7
350.7 359 367.6 368.7 369.1 368.9 368.6 356.6 347.3 338 328.4 318.7 304.8 302.8 312.7 321.3 331.3 341.3 350.5 360.8 365.2 363.4 355 348.3 340.6 336 334.5 333.2 334.2 333.1 332 327.3 318.8 309.3 301.8 293.7 287.9 285.1 283.4 287.2 290.1 291.8 294.7 299.3 300.8 302.7 304.8 311 317.8 320.5 319.9 316 311.6 307.5 302.2 296.5 291.5 287.8 285.4 279.7 274 267.6 260.6 253.3 245.6 235.9 224.9 219.2 218.1 217.9 217.8 217.8 217.8 216.9 216.5 218.1 220.7 228.4
343.8 348.5 353.1 355.1 359.8 364.8 362.7 355.2 347.4 341.6 332.6 320.9 304.3 302.1 306.6 320.1 330.2 340.3 349.2 357.5 363.1 362.1 354.4 347.2 339 332.5 329.4 328.5 329.2 330.5 327.7 325.2 316.5 306.9 298.7 295.8 291.8 288.5 283.2 283.1 286.1 289.2 292.1 295 296.7 298.6 300.1 303.1 308.6 311.8 311.9 308.6 305 301.2 297 292.3 287.7 284.6 281.7 277.3 273.7 269.4 263.5 256 248.8 241.5 230.2 220.4 217.2 217.1 217.1 217.1 217.2 217.1 216.4 216.7 218.1 224.9
336.9 339.1 342.5 348.7 353.1 358.8 359.5 355.4 347.1 341.9 333.7 322.8 305.6 301 306.1 319.4 329.8 339.3 348.9 359 365.5 365 355.4 348.1 341.2 332.8 328.2 326.8 326.3 326.9 325.7 320.7 314.5 306.4 301.5 298 293.4 291.7 289.4 281 278.3 278.5 289.1 292.6 294.6 294.2 295.6 296.9 300 301.8 302 300.5 297.2 294.4 290.5 288.4 284.9 282.3 278.7 275.5 273.2 270.7 265.8 259.5 252.3 245.9 237.9 223.7 217 216.5 216.3 216.3 216.4 215.2 216.7 217 219.6 223.2
325.1 333.9 337.5 341.5 347.3 353.4 357.4 355.7 346.9 340.9 333.1 323.1 306.4 299.4 306 318.3 329.7 338.5 352 361.4 367.2 366.8 358.1 349.7 341.9 333.3 327.4 325.6 322.7 322.3 320.5 318.1 311.9 307.8 302.9 299.2 294.9 292.4 289.5 288 285.1 277.8 279.9 284.1 290.4 291 291.3 292.1 292.7 293.9 295.2 293.5 291.2 289.7 286.8 284.2 281.9 279.3 275.6 273.6 271.4 270.1 266.8 261.4 255.8 249.7 242.5 230.5 218.3 216.1 216.1 215.9 215.6 216.2 216.5 218.5 222 223.7
321.1 325.6 331 334.7 342.6 350.2 353.9 352.4 346.6 339.1 331.6 323.1 307.9 298.5 305.6 317.4 327.9 340.9 356 365.1 369.2 367.1 358.5 351.5 343.4 334.8 327.2 324.3 320.1 319.2 315.9 314.7 311 307.5 302.7 298.7 294.6 290.7 289 288.2 285.7 283.4 275.1 274.5 282.5 287.4 288 287.7 287.5 288.8 289.5 288.3 286.4 284.5 282.3 280.9 278.6 276.3 273 271.2 269.5 267.7 265.6 260.4 255.2 251.5 245.2 236.1 222 216.1 215.7 215.4 215.2 215 216.1 217.4 221.7 222.7
318.5 319.9 324.2 330.4 339.5 345.9 350.1 348.8 343 335.7 328.3 320.2 309.7 297.6 300.4 316.2 327.2 345.9 359.6 370.1 370.3 368.1 358.4 351.5 342 333.9 328.5 323.2 320.6 317.4 315 313.1 310.8 303.6 304.7 301.3 296.4 292.7 289.4 287.1 284.4 282.5 276.7 273.4 275.8 278.8 283.4 283.3 283.5 283.6 282.8 282.6 282.2 280.5 278.7 277.2 275.6 273.7 271.7 269.6 267.4 265.7 264.1 259.6 254.8 252.6 247.8 241.4 228.3 217.2 215.2 215 214.8 214.6 214.2 215 218.8 221.6
331.4 316.5 318.9 326.6 335.3 340.7 343.2 342.7 337.3 330.5 327.3 319.2 308.5 299.6 297.6 315.7 329 348.2 365.5 372.5 373.3 368.4 357.4 351.1 342.1 335.8 330.5 324.8 320.5 317.1 313.4 312.2 311.9 310.4 308.2 305.4 300.6 298.1 293.9 290.4 287.4 287.7 284 274.9 270.1 267.3 273.6 278.4 279.4 275.6 276.1 276.1 276 274.7 273.4 273.1 272 270.8 268.7 267.3 265.2 262.6 262.2 258.8 255.3 253.3 250.8 244.5 233.1 222.3 215.7 214.6 214.4 214.2 213.6 216.4 216.4 218.5
333.6 315.1 313.9 319 329.2 334.2 336.3 335.1 331.4 327.6 325.3 317.4 307.5 301.3 295.5 314.6 328.1 350.3 365.8 375.2 376.3 370.6 359.6 353.6 343.8 336.4 331.6 326.3 321.2 317.3 314.4 312.4 312.9 312.3 309.7 307.7 305.3 302 297.7 293.9 290.9 290.2 288.1 285.3 277.9 271.4 266.3 267.9 274.2 272.4 271.6 270.5 270.1 269.8 268.4 268.1 268.1 267.6 265.8 264.7 262.4 259.7 260 258.9 256.2 254.1 252 247.6 236 226.7 218.9 214.7 214 213.6 213.4 213.1 213.6 213.7
335 328.9 320.9 311.8 324.3 329.1 331.8 329.9 328.8 327 323.6 315.5 306 298.7 296.5 311.9 326.6 349.6 363.8 374.7 378.6 372.9 367.8 357.9 348.8 338.3 332 327.3 322.8 319.2 316 313.5 313.3 312.7 312.2 309.8 306.7 302.1 298.3 296.1 293.6 291 287.8 285.5 280.1 275.5 271 264.7 265.8 264.1 266.1 267.3 266.3 265.2 264.7 264.3 264.1 263.9 262.7 262.1 259.9 257.6 257.8 258 256.9 254.7 252.6 249.8 241.6 231.4 222.7 216.4 215 213.3 212.6 212.6 213.2 214.2
336.7 329.9 324.3 311.5 314.5 324.1 326.5 326.4 327.2 325.2 320.5 313.1 304 296.6 297.1 309.3 320.7 339.5 357.9 372.1 378.9 378.3 372.7 362.6 353.1 343.5 334.6 329.1 325.3 321.2 317.8 314.9 314.1 313 311.7 310 306.7 302.1 300 298.1 294.6 289.8 286.5 282.3 282.5 278.3 275.7 273.3 265.7 271.2 266.2 260.4 260.3 260.4 261.4 261.2 260.3 259.4 259.8 259.6 258.2 257.9 256.7 257 256.2 254.1 252.2 249 242.6 235.9 227.4 219.3 215.3 213.4 212.6 212.3 212.1 212.3
337.5 331.5 324.6 312.5 307.6 318.6 320.8 323.1 323.7 320.3 315.4 310.5 302.5 296.2 293.2 306.5 314.2 328.4 347.9 371.7 381.6 382.3 379.6 370 359.6 351.8 343.1 334.9 327.5 323 320.5 317.1 314.8 313.6 311.5 309 306.3 303.1 301.5 298.4 292.6 290 289 287.5 285.6 282.4 278.5 276.8 275 273 270.6 266.4 264 255.8 255.7 257.4 258.3 257.1 257.1 256.8 256.2 257.5 255.6 254.3 253.9 253.2 251.2 248.8 243.7 238.5 233.1 224.7 216.1 213.1 212.3 211.9 211.7 211.6
338.1 332.7 327.1 321.6 308.8 305.5 318 319 318.2 314.1 311.3 307.3 301.1 296.6 292.3 303 309.3 319.5 336.9 362 376.9 383.8 383.7 376.7 368.2 356 347.7 339.2 331.5 327.8 322.5 318.9 316.9 314.5 311.7 309 306.2 304.6 303 298.5 296.9 295.2 293.3 291.2 288.3 283.5 278.6 275.6 273.8 272.3 270.6 268.6 267.4 265.4 261.8 250.7 255.6 254.2 255.4 254.6 254.5 254.8 253.8 253 252.5 251.8 250.5 248.9 246.2 241.8 237.2 231.7 222 214.6 212.3 211.6 211.3 211.3
338.4 333.2 328.1 323.2 312.9 306.4 303.1 303.9 313.8 309.2 307.8 305.5 300.5 295.6 292.2 293.8 305.5 313.6 330.4 347.3 366 377.5 383.3 378.8 374 362.8 350.8 343.2 336.5 330.8 324.7 320.2 317.7 315 311.2 307.9 306.4 305 303.6 301 301 298.5 295.6 292.4 288.4 283.5 279.5 276.1 274.4 272.6 270.3 267.6 266.9 266.9 266.1 257.6 250.3 252 252.6 252.6 253.1 253.8 252.7 251.8 251 250.8 252.3 250.6 248.2 246.1 241.2 236.1 226.6 216.9 212.2 211.2 211 210.9
337.7 333.1 328.9 325.1 320.9 317.6 309.7 300.2 302.3 300.5 299.5 299.6 297.7 294.6 291.1 289.5 299.8 308.4 318.5 331.9 352 365.9 375.3 377.6 376.1 367 354.2 346.2 339.9 333.3 326 319.6 317.4 314.3 310.6 307.7 306.3 305.1 303.9 303.1 302.9 300.1 295.8 293.3 289 284.7 280.7 277 274.9 272.6 270.3 267.7 266 264.9 264.6 262.4 253 247.7 249.4 250.8 252.6 253.5 252 250.4 249.8 250.4 252.6 254.2 252.5 250.6 246.1 239.1 229.1 222 212.3 210.9 210.7 210.6
335.8 333.2 330.3 326.8 323.8 322.7 322 319.7 307.3 306.4 300 294.7 294.4 292.6 289.1 287.9 292.1 301.7 308 320.3 340 357.6 369.2 376 377.8 368.5 357.8 346.9 340.5 333.5 326.3 320.7 316.3 314.1 311.6 308.7 306.7 305.7 304.6 304.2 302.7 299.9 296 292.5 289.5 285.8 281.6 277.6 274.9 272.6 270.3 267.9 266.3 265.5 264.6 262.4 259.2 247.8 245.4 247.2 251.3 251.5 251.1 249.2 249.2 250.1 253.3 257 256.4 254 252.1 245 234.4 227.6 217.1 210.8 210.6 210.4
333 332.2 330.4 328 326.4 325.9 325.4 322.1 318.8 316.3 312.3 306.7 294.6 292.3 290.2 287.3 286.9 290.8 302.6 310.6 330 347.8 362 371.8 376 367.1 355.7 346.6 339.9 333.3 326.5 321 317.2 314.8 312.4 309.3 307.1 306 305 303.7 302.3 299.6 295.5 291.1 288.1 285 282 278.2 275 272.6 270.2 268.1 264.8 261.7 258.1 255.6 251.4 249.2 246.5 244.7 249.7 249.4 249.1 247.8 248 249.8 253.5 255.5 258.2 258.3 257.1 248.9 238 228.6 221.1 210.8 210.2 209.8
332 331.2 329.5 329 329.8 330.7 331.3 326.6 324.3 321.7 318.5 313.9 306.7 299.7 293.4 285.9 286.3 286.1 296.2 305.2 317.1 335.3 359.1 371.8 373.2 365.2 354.7 346.5 339.9 334.6 329 323.3 319.2 314.6 311.6 310.7 308.4 306.2 304 302.6 301.1 299 296.4 292.1 288.7 285.5 282 279.2 275.6 272.8 269.4 264.2 261.4 262.5 260.6 258.2 255.1 252.2 247.2 241.8 245.2 248.1 247.3 246.9 247.4 248.7 252.4 257.2 261.7 262 260 252.1 240.4 228.5 222.9 211.4 209.8 209.7
329.7 327.8 329.5 331.7 333.6 335.8 335.4 332.6 331.3 328.3 326.3 320.3 311.8 304.5 296.9 290 284.9 285.4 287.2 301.2 311.1 330.2 353 368 370.6 365.2 356.5 349 341.7 336.8 331.8 326.5 321.3 314.8 312.4 312.2 309.9 307.6 305.3 303.2 301.5 298.5 295.8 293.4 290.6 287.1 283.2 280.2 275.9 270.3 269.6 270.7 266.2 262.9 261.9 261.4 256.7 253.7 250.1 241.2 238.5 245.8 246 246.4 247 248.3 250.1 255.5 261.3 264.7 264 251.8 242.8 230.4 222.9 215.4 209.6 209.6
325.8 327.3 330.8 333.4 336.6 339 340.1 341.1 341.9 339.9 336.7 331.5 322.4 307.9 299.8 291.3 284.2 284.7 285.3 296.8 305.4 325.4 349.9 367.6 370.6 366.7 358.6 351.3 345.9 338.8 333.4 329.4 323.9 317 313.8 313.1 310.9 307.8 305.5 303.6 300.9 298.5 295.2 292.9 290.5 286.6 281.2 275.9 275.4 275.4 275.1 271.9 267.3 262.8 261.8 260.6 256.9 253.7 250.6 242.8 238 239.3 245.1 244.6 246.7 248.6 250.5 255.3 259 267 263.4 254.1 243.5 230.6 223.6 214.5 209.2 209.1
324.9 328.1 330.7 333.9 338 340.9 344.5 349 352.5 352.7 350.1 343.5 332.4 318.1 299.8 292 282.6 283.5 284 288.3 301.7 320.4 342.1 362.6 370.2 368.9 361 354 348 343.7 336.4 331.5 326.6 320 316.4 314.2 311 307.3 304.9 301.4 298.9 296.6 294.7 291.3 287.6 282.9 279.5 279.7 281.5 278.7 276.7 272.4 267.3 263.3 261.4 259.5 256.5 252.6 249.5 245.9 238 234.1 242.5 242.6 245 248.1 250.7 255.6 259.2 262.9 261.3 254.2 243.7 230.5 223.7 215.2 208.8 208.7
324.4 326.7 330.5 334.4 338.6 344.3 348.1 353.2 360.7 364.7 363 355.5 342.9 323.1 305 293.7 283.3 282.3 282.9 284.3 299.9 315.9 336.1 357 367 368.3 361.3 354.4 348.4 344.5 340.1 335 329.1 322.9 317.7 315.2 311.5 306.9 303.4 299 296.3 293.9 291.4 288 284.5 282.3 280.8 281.4 282.7 281.5 278 274.2 268.6 263.7 261.7 258.8 255.8 250.7 247.4 246.7 239 234.9 239.1 244.1 244.7 247.1 250.8 252.3 256.8 260.9 258.2 252 244.2 231 223.3 214.3 208.5 208.2
