public/OST50/NX25.asc
ncols 200
nrows 200
xllcorner 220000
yllcorner 550000
cellsize 50
[rows 0 to 37 of 200, columns 0 to 84 of 200]
101.1 104 107.1 109.4 109.3 111.5 115.4 117.4 117.9 122.1 125.6 126 124.3 126.3 127.3 129.4 130.5 132 131.8 131.9 130.3 126.7 126 121.8 126.4 128.4 127 122.5 120.4 118.3 115.8 112 107.3 104.8 100.2 99.5 96.2 90.2 83 80.5 79.1 79 78.8 80.9 81.9 84.5 87 83.5 79.3 80.5 80.1 79.6 80.2 80 80.5 82.2 81.9 82.1 83.6 84.4 84.5 86.9 86.2 87 86.5 88.6 88.7 89.1 89.4 90.7 91.4 90 89.4 89.2 89.1 88.7 88.6 89 89 88.8 88.5 87.9 88.2 87.7 87.4
100.3 103.3 105.8 107.6 109.7 112 115.1 117.8 118.7 122.6 124.6 123 123 124.2 126.2 128.4 130.7 130.8 131.1 130.3 127.9 125.6 124 120.9 125.1 124.7 122 119.3 117.8 115.7 112.9 108 104.5 101.2 98.4 96.1 90.3 84 80 79.2 77.9 77 76.8 77.8 78.7 82.9 84.5 81 78 78.8 77.1 78.9 80.2 79.7 80.2 81.5 80.8 81.8 82.1 83.4 83.6 86.3 85.9 85.7 85.6 88 89.3 88.3 91 90.3 90.1 88.1 88.5 88.6 88.5 88.1 88.1 88.6 88.6 88.5 88 87 88 87.6 87.3
101.2 105.4 106.7 109 110.5 112.3 115.5 117.8 119.7 122.5 122.6 121.6 121.9 124 125.8 128 129.2 128.2 128.1 127.4 125.1 123.9 120.3 120.9 122.2 121.1 118.9 117.9 115.8 112.7 109.6 106 99.4 97.8 94.3 91.4 85.7 80.6 78.8 80 76.9 75.8 75.6 76.3 77.7 80.8 81.4 80.1 76.2 74.8 80.7 79.9 78.8 79.9 81.5 80.8 81.1 82.2 81.9 83.3 83.8 86.3 88.4 85.7 84.6 89.6 88.4 86.8 88.9 89.2 88.5 88 87.4 87.7 88 87.7 87.6 88.1 88.3 88.2 88.3 87.4 85.9 87.2 87.1
102.6 105.3 107.7 110.9 112.7 113.9 116.4 118.2 120.8 120.5 119.7 120.7 121.5 124.6 126.2 127.5 126.5 126.8 126.5 123.9 122.1 120 118.8 120.2 119.5 117.7 117.1 114.8 111.2 108.2 104.8 102.1 96 94.5 90.6 85.4 82.2 79.4 77.4 80.3 75.2 74.8 74.3 75 76.5 77.9 78.3 77.2 74.2 75.1 76.9 80.1 83.5 82.8 83 82 82.5 83.7 83.2 84.1 86.2 84.9 85 84.8 83.4 86.9 87.1 85.5 87.4 87.1 86.2 86.9 86.5 87.4 89.5 87.3 87.3 87.7 87.9 88.5 91.7 89.3 86.9 85.5 87
103.6 106.3 111.4 114.2 114.2 114.6 116.6 118.5 119.8 119.6 118.5 120.2 121.3 123 124.7 125.5 124.6 124.1 122.9 119.8 118.7 116.9 117.5 117.4 116.3 116.3 115.3 111.9 106.4 103.2 103.9 97.2 93.9 91.3 84.4 81.9 79.9 77.6 76.8 74.8 74.7 74.5 74 74.3 74.9 75.8 75.7 74.7 75.5 75.7 75.7 78.9 82.3 79.9 80.1 80.7 81.6 82.3 83.4 84.4 85.1 84.3 84 83.2 82.6 83 86.1 85.3 85.2 85.1 85.3 86.1 86.3 87.4 88 86.7 87.2 87.4 87.8 91.6 96.5 94.1 87.2 84.9 86
105.7 108.5 110.6 111.7 113.4 115.1 116.8 118.5 118.9 118.7 119.1 120.4 121 121.4 122.3 123.7 122.7 122 118 117.1 115.7 116.7 117.6 116 115.2 115.4 111.3 107.2 102.1 100.7 96 93.3 91.3 87 82.1 80.3 79 79.6 76.6 75 75.2 74.3 73.6 73.6 75.1 73.4 73.5 74.8 77.3 74.9 75.7 77.1 79.2 79.3 80 81.3 82.5 82.5 83.9 86.2 86.7 84.8 86.2 86.1 82 81.8 85.4 84.6 85.3 85.3 85.2 85.8 86.1 85.4 85.6 85.9 86.6 87.2 88.7 97.6 100.4 95.6 87 85.4 84.3
104.3 109 110.3 113.2 114.3 114.8 116.3 117.3 117.8 118.4 119.2 119.6 120.7 120.5 120.6 121.9 120.9 120 115.7 114.2 113.1 114.3 114.1 112.4 114.8 111.8 106.3 102 98 94.5 92.4 90.2 87.8 82.2 79.8 79.4 79.2 78 78.1 76.7 75.4 74.7 73.9 72.9 74 72.5 73.5 75.3 76.1 72.9 75 75.2 77.3 80.9 80.5 85.8 83.9 84.2 83.7 84.8 84.1 82.7 84 81.6 81.6 81.3 81 82 85.3 83.4 84.7 85.4 85.6 84.6 85.2 85.5 86.1 86.5 94.1 100.8 101.2 93.1 86.5 84.5 84.2
106.5 108.9 112.7 115.9 116.1 115.9 117.6 117.3 117.3 119.1 120.4 120 119.6 119.7 119.1 118.2 116.2 114.4 115.1 113 111.6 112.1 111.9 112.5 112.2 106.8 102 97 93.8 91.7 90.3 88.4 84 79.7 78.7 78.2 77.6 77.5 78.7 76.7 75.1 74.3 73.4 72.4 72 71.8 72.1 73.5 74.5 72.1 73.7 74.5 78.1 79.4 80.7 84.7 85.8 84.6 84.2 83.4 83 81.8 81.2 81.3 81.3 81.1 80.8 80.6 82 82.4 84.2 83.3 82.6 83.7 84.6 84.2 85.6 86.6 95.6 99.3 97.2 89.8 85 83.6 83.9
108.5 111.4 112.8 115.5 116.8 116 115.7 116 118.2 119.7 120.6 119.4 117.9 117.4 117.6 115.9 113.3 112.2 112.8 110.4 110.5 109.6 110.2 111.5 107.9 101.7 97.6 93.3 91 89.8 88.9 85.3 81.2 78.6 77.5 77 77 77.5 78.6 76.7 74.1 73.6 71.8 71.5 71.2 71 71 71.7 70.6 71.7 72.5 74 75.8 78.7 82.6 81.2 82.4 83.5 82.9 82.8 83.1 81.5 81 80.9 80.7 80.4 80.2 80.2 82.5 83.2 81.7 81.9 81.8 82.8 83.7 84.1 84.7 89.1 95 96.6 91 84.2 83.3 82.8 83.6
110.2 113 114.1 114.9 115.9 114.8 114.5 116 118.5 119.9 119.2 118.7 116.1 115 112.5 111.9 110 111.3 105.8 108.3 107.8 107.2 108.4 107.4 102.6 99.2 93.8 91.3 90.1 88.3 87.3 82.7 79.8 77.3 76 75.7 76.5 77.1 77.5 77.3 72.3 71.5 71.4 71.1 70.6 70.4 70.3 70.7 72 73.7 77.3 75.3 80 77.9 79.6 80.2 80.1 80.7 82.7 81.3 81 80.1 80.4 80.3 80.1 79.8 79.6 79.6 79 79.9 80.3 80.8 81.5 81.6 82 82.7 83.7 88 92.2 93.3 85.4 83 82.2 82.6 85
112 113.4 114.8 115.1 114.8 114.4 114.2 116.8 119.1 119.2 116.5 114.3 112.5 111.6 109.1 107.7 107.5 104.5 105.8 104.9 104.5 105.5 105.4 102.7 99.6 95.3 92.2 90.9 89.9 87.5 84.3 80.8 78.1 76.1 75 75.6 76.9 79 79.7 77 70.4 70.4 70.5 70.4 70 69.8 70.8 71.8 73.2 75.1 79.5 77.2 78 81.6 82.6 81.7 79.5 79.2 80.8 80.4 79.9 79.5 79.7 79.8 79.9 79.8 79.6 79 78.9 79 81.7 80.5 80.9 81.1 81 82.2 83.4 85.9 91.3 89.4 82.3 81.4 81.9 82.1 81.7
112.3 114.1 114.7 115.2 114.6 113.5 114.6 116.9 117.8 116.2 112.8 110.5 109.2 108.8 106.6 104.3 102.7 103.6 104.2 103.4 102 103.9 102.2 98.7 94.4 92.4 90.9 91.2 90.4 85.1 81.3 78.6 76.9 75.8 74.6 75.9 79.5 79.1 77.9 74.7 69.8 69.4 69.4 69.1 68.9 68.8 73.2 73.4 74.4 76 76.6 76.6 78.1 79.9 80.8 79.9 77.9 77.6 78 79.8 78.9 79 79.2 79.5 79.2 79.1 79.3 78.4 78.4 78.8 79.2 80 80.3 80.6 80.4 81.6 82.7 84.4 89 82.9 81.3 80.8 81.1 81.1 81.1
112.3 114.1 114.9 114.4 113.2 112.3 114 115.5 115.4 112.8 110.5 107.5 105 106.3 102.2 101 100 103.3 101.8 100.8 101.6 100.4 96.2 93.2 90.8 89.8 91.7 92.5 89.6 83.7 79.5 77.3 75.9 74.8 74.4 79.2 80.7 75.9 75.9 70.3 69.1 68.7 68.4 68.4 68.3 70.2 73.1 73.9 75 74.8 75.5 75.9 76.5 76.6 76.5 76 75.3 75.9 77.5 78 77.7 79 79.3 79 78.6 78.4 78.2 77.9 78.2 78.7 78.8 79.3 79.7 80 80.4 81.4 81.8 82.6 83 81.2 80.8 80.3 80.1 80.3 81
112.1 114.5 114.1 113 111.6 109.7 113.2 115 112.5 108.8 106.6 103.1 99.8 99.9 101.6 101.2 100.3 99.2 97.8 97.8 98.8 97.1 94.5 93.6 91.6 89.3 91.3 90.6 87.7 82.2 78.5 76.4 75 74.1 75.7 80.6 78.9 74.5 72.3 69.1 68.4 68.2 67.9 67.9 67.9 70.3 72.8 73.3 72.8 74.7 76.1 75.5 74.8 74 74.2 75.1 76.8 76 76.4 76.1 76.7 78.3 78.9 77.9 77.7 77.7 77.5 77.5 78 78.4 78.5 78.6 79.1 79.4 80.4 80.7 80.6 80.6 80.3 80.1 79.8 79.4 79.9 80.8 81.6
111.5 114 112.7 111.3 108.6 110.9 111.8 111.9 108.9 106.3 101.9 98.1 96 97.4 100.7 97.9 98.4 96.7 96 96.5 95.9 94.3 96.3 98.2 95.1 90.7 88.3 87.8 85 80.4 76.9 77.9 75.3 73.5 77.3 79.3 76.8 73.2 68.5 68 68 67.7 67.5 67.4 68.6 69.9 71.3 71.6 74.1 74 75 74.2 74.2 73.7 73.6 74.1 74.5 76.2 75.3 75.3 76.3 78.1 78.4 77 76.9 77 77.5 77.3 77.5 78.1 78.2 78.2 79 79.4 79.5 79.1 79.3 79.6 79.3 79.1 78.9 79.2 79.8 81 82.8
111.1 112.8 110.7 107.7 108.3 108.9 108.8 107.5 104.9 101.1 96.7 95.1 93.9 97.3 95.9 95.1 95.5 93.5 95.6 94 92.9 96.1 100.6 103.2 98.7 93.3 88.2 84.5 84.4 80.9 74.8 73.2 73.9 73.6 76.8 76 74.3 70.4 67.8 67.1 66.9 66.7 66.4 66.8 68 69 71.1 71.8 72.3 73.9 73.9 75.7 75.3 72.6 72.7 73.4 74.4 75 74.8 76.5 76.4 75.4 76.4 76.4 76.4 76.5 77.7 77.9 76.7 77.6 77.3 77.3 77.8 77.9 78.1 78.8 78.6 78.8 78.8 78.6 79 79.6 80.4 81.3 83.6
110 110.5 108.6 105.3 105.9 106.3 105.3 101.9 99.4 96.6 94 94.2 92.6 93.6 93.6 92.3 93.1 91.2 91.9 91 93.4 98.5 106.6 106.1 98.6 92.7 88.8 82.9 83.7 80.1 74.9 72.2 72 74.6 73.3 74 73.9 68.9 67.2 66.1 65.8 65.7 66.1 66.8 68.4 70.6 71.5 69.4 72.6 70.6 70.4 73.5 71.9 72.1 72.2 72.7 73.4 74.3 75.1 75.4 75.3 76.1 75.4 76.5 75.5 75.8 76 76.2 76.2 76.5 76.5 76.8 77.2 79.1 78.2 78.1 78.7 79.2 79.7 79 79.6 79.9 80.4 82 84.3
108.1 107.3 104.8 103 103 103 99.8 97.1 95.5 92.4 94.4 93 90.7 89.8 90.6 89.3 87.2 87.9 89.6 90 95.6 102.2 104.3 101.4 95.9 91.5 86.5 81.2 80.5 79.3 75.8 72.4 71.1 70.3 70.5 72.6 69.6 67.9 65.7 65.2 65.1 65.2 65.9 67 68.5 69.9 70 68.1 69.8 73.4 73.7 73.9 72.9 72.8 73.4 73.8 74.6 74.7 74.2 74.6 74.9 75.2 75.6 76.1 75.7 77.2 76.9 76.4 76.3 76.7 77.6 77.5 77.2 77.4 77.6 79 81.3 84.5 87.8 81.4 80 80.1 80.5 81.5 82.8
105.1 103.7 101.3 100.4 99.8 99.9 97.7 92.2 91 89.5 90.3 88.7 87.3 85.5 86.9 86.7 84.6 85.7 88.1 88.8 94.8 98.9 97.8 96.1 92.9 88.9 84 80.6 76.7 76.6 76.8 75.3 73.6 71.4 65.2 69.6 68.4 66.4 64.5 64.4 64.4 64.9 65.4 65.5 65.3 65.8 66.3 70.2 70.9 70.5 72 71.9 75.5 78.5 80.5 79.8 76.8 77.5 76.4 75.6 75.6 75.8 76.2 76.9 80.4 84.9 84 78.1 78 78.4 79.7 77.9 77.8 77.9 78.5 82.4 85.7 91.3 91.6 83.9 79.7 80.6 80.6 81.7 82.9
102.7 100.4 97.6 97.5 96.6 97.5 96 90.5 86.7 88 87.9 87.7 85.7 83 83.1 83.6 82.4 80.9 84.2 90 92.9 93.2 93.3 90.8 87.8 83.4 82.7 81 77.9 74.8 74.2 73.2 72.2 67.7 66.2 66.7 66.2 64.4 63.6 63.7 63.6 64.4 64 64.9 64.3 66.2 67.9 68.1 68.6 69.4 70.1 72.3 79.2 83.1 85.2 85.5 83.1 81.3 81.2 79.4 76.1 76.3 76.8 78.2 85.5 92.4 87.3 80.2 78.9 79.4 79.7 78.3 78.1 78.4 81.8 85.9 90.7 97.8 90.1 83.8 80 80.3 80.8 82 84
98.9 97.1 95.9 95.3 94.1 95.4 90.6 85.9 84.2 85.2 84 84.2 82.2 83 79.2 80.5 78.4 80.9 83.7 89.2 92.1 90.2 88.9 86.8 81.2 81.6 82.1 78.6 79.9 74.5 74.2 72.6 71.8 65.7 66.3 65.9 63.9 63.2 62.7 62.6 63.9 63.1 65.1 67.9 64.8 66.4 67.1 67.9 68.5 68.8 69.9 73.6 82.8 87.3 93.2 94.3 88.2 87.5 88.7 84 79.6 77.1 77.6 81.7 92 94.4 87 80.4 79.6 79.5 79.6 78.8 78.2 80.7 84.7 88.9 96.2 96.8 88.6 82.7 80.2 81.7 81.6 83.7 86
95.4 94.3 93.6 92.5 94 94.3 86.9 81.7 81.9 81.3 80.7 79.9 81.6 83 78.2 76.7 74.8 77.6 82.5 86.5 89.1 87.4 86.3 83.3 80 81.4 79.9 78 75.8 74.7 72.1 71.9 71.6 62.5 68.5 64.7 61.8 61.2 61.6 62.1 62.6 67.7 72.4 73.2 73.2 73.8 71.4 69 69.4 69.6 70.7 77.3 87.1 95.7 100.5 96.4 95.2 97.2 94.4 87.2 83.9 79.3 78.3 86.4 96.1 92.4 85.7 81.5 80 79.4 78.5 78.4 78.9 82.6 87.2 93.7 99.3 93.4 86.7 81.9 80.8 82.5 82.5 84.2 86.9
91.7 90.2 91.1 93.5 93.9 91 80.9 76.9 77.2 77.8 77.8 77.8 81.5 82.6 79.7 73.3 72.2 76.5 78.8 81.3 82.7 83.1 82.1 79.1 79.5 79.4 75.4 73 74 73.5 71.4 70.8 70.6 60.8 65.3 61.9 61.9 63 65.9 69.1 71 73.7 76 77.6 79.2 79.2 76.4 70.8 70.5 70.3 72.9 80.8 89.5 97.3 98.5 96.9 101 103.5 96.2 89.6 85.6 80.4 79.7 91.2 97 90.1 84.6 81.1 79.2 78.2 79.2 80.2 81 84 90.3 100.5 95.2 88.9 85.3 81.5 83.4 83.7 84.6 85.4 86.4
91 91.4 93.4 95.7 91.3 87.2 77.2 73.7 72.1 73.9 72.6 77.1 80.1 81.1 79.6 76.3 69.9 73 73.5 76.4 76.4 79 77.7 76.8 78 73.8 72.7 71.9 71.7 71.7 70.7 69.6 68.2 61.2 60.3 59.3 62.3 69.2 71.5 74.1 76.4 79.3 81.1 82.6 86.5 87.2 79.5 71.9 70 70.8 74.8 81.1 89 94.4 92.9 97.3 107.3 105.1 97.2 90.3 86.1 81.2 85.7 92.1 94 87.1 83.4 81.5 81 81.3 81.7 82.3 83.5 86.6 96 96.8 89.8 86.2 84.5 82.3 83.1 83.7 84.8 85.5 86
90.9 93.1 97.4 94.2 87.4 82.4 77.4 72.7 69.1 69.7 72 74.3 75.6 77.5 79.3 75.9 68.4 68.2 70.3 71 74.2 75.2 74.7 76.3 74.7 73.3 73.1 72 72.4 70.7 68.8 66.4 60.7 59.9 57 60.6 69.2 73.6 79.1 83.6 85.5 88.5 90.3 92.4 93.3 87.7 78.2 71.6 70.4 71.5 74.8 80.3 85.6 87.7 89.9 98.1 107 107.5 97.4 90.2 84.4 80.1 86.4 90.4 88 84.5 82.6 82 82.3 82.5 82.8 83.1 83.7 88.5 92.8 90.3 85.9 83.1 82.7 82.7 83.6 84.5 85.8 86.4 86.7
91.5 96.1 98.7 93 85.4 81.3 76.9 69.9 66.8 67.4 70.1 75.1 79.1 80.4 79.2 72.1 66.1 65.9 67 69.2 71.3 72.6 73.7 74.9 72.7 72.1 73.7 71.9 71.2 69.6 68.2 64 58.8 57.5 57.6 65 70.5 78.4 85.2 87 89.9 93.8 96.9 98 94.2 85 76.7 70.9 70 70.7 73.2 78.2 80.7 80.1 87 93.9 103 103.4 96.5 87.3 83.2 80.9 84.8 84.9 83.4 84 84.4 84.2 83.7 84.3 84.3 84.8 85.1 86.3 86.9 86 84.7 83.4 83.6 83.4 84.5 85.7 86.7 87.6 87.5
93.4 97.9 96.8 87.9 81 77.8 72.6 69 64.8 64.9 69.8 75.2 76.7 77.1 75.2 65.7 65.2 64.6 65.8 68 69.7 71.5 72.7 72.9 73.2 72.9 71.9 71.3 69.8 68.5 65.7 63 57.1 55.6 61.9 66.6 74.4 82.1 85.7 86.3 89.2 93.1 94.8 96 90.9 80 74.6 70.4 69.4 70.3 72.2 74.9 74.8 78.3 85.6 91.3 97.1 97.8 91.5 85.3 81.8 83.5 82.9 83.2 83.5 84.2 84.7 84.4 84.2 84.2 83.7 84.5 84.4 85.3 86.1 86.7 85.7 84.1 84.9 85.7 86.9 87.8 88.3 88.5 88.7
94.2 97.2 92.6 83.4 78.6 73.6 68.4 65.2 63.1 65.3 69.6 72.4 73.8 73.8 69.8 64.7 64.1 63.6 65.1 68 69.4 72.2 73.8 73.2 74.7 73.1 72.3 71.2 68.5 66.1 62.9 61.4 55.7 58.8 62.3 69.3 76.7 82.3 83.5 84.2 86.3 88.6 89.4 90.6 85.1 74.9 71.8 68.1 68 68.4 69.6 71.2 72.3 79.5 83.8 87.3 91.2 91.8 87.8 84.5 82.3 82.8 82.7 85.3 84.8 85.6 86.2 87.5 85.6 85 84.7 84.6 85 86 87.7 87.1 86.7 86.2 86.4 87.2 87.6 88.1 88.9 89.1 89.4
90.7 92.6 87.2 78.6 75.2 69.8 66.7 62.8 62.2 65.3 67.1 69.6 71 70.2 65.8 63.5 63 63.3 67.1 69.4 72.8 74 74.1 74.4 75.5 76.6 75.6 70.5 67.9 63.9 60.3 57.6 54.6 58.3 64.3 70.8 79.1 80.2 78.4 79.1 80.6 82 83 83.8 78.3 71.2 68 65.8 66.9 68.4 69.7 71.2 72 77.5 82.1 85.5 87.5 83.7 83.7 83.1 84.7 85 83.6 83.4 83.9 87.1 90.2 90.6 87.2 86.3 85.7 85.6 85.4 86.3 87.5 87.7 87.6 87.4 87.5 87.9 88.6 88.6 89.1 89.7 89.9
90.5 89.5 81.4 75.3 71.6 66.6 64.9 62.2 60.8 63 65.3 67.8 69.4 67 61.9 62.2 62 63.4 65.4 70.3 75.4 75.5 75.1 75.1 75.6 74.6 73 68.5 64.3 61.3 56.9 55.4 53.4 59.2 64.2 71.6 76.4 74.7 72.4 72.1 73.1 74.3 76.3 76.1 68.9 64.3 63.9 66 67 69.1 71.8 72 72.2 76.3 79.2 81.6 84.2 84.6 84 83.1 84 85.2 83.8 83.5 83.4 87.8 93.9 90.7 88 87.2 86.9 86.6 86.3 87 88.1 88.1 88 88 88.2 88.6 89.1 89.2 89.4 89.9 90.1
89.5 87.6 77.8 72.1 68.5 64.3 60.8 59.8 57.2 60.7 63.9 66.7 68 61.3 62.8 62.7 62.5 62.7 65.6 71.9 76.5 74.6 74.1 74.5 74.1 75.7 71.7 66.4 60.8 57.1 54.4 53.6 54.6 59.5 65.4 69.9 69.8 67.4 65.6 65.5 66.1 68.5 69.6 68.4 62.4 63 63.8 66.3 67.9 71.1 72.2 72.6 72.6 75 80.5 82.1 83 83.1 82.6 84.7 85 84.2 83.5 83.2 83.9 91.4 96.7 89.5 88.6 88.1 87.8 87.4 87.2 88 88.5 88.5 88.4 88.5 88.7 89.2 89.6 89.7 89.7 89.9 90.3
84.6 83.6 72.3 68.2 65.3 62 57.6 55 56.9 58.9 62.5 65.6 64.7 60.5 60.4 62 63 63.3 65.1 72 73.5 73.9 73.7 74.8 74.5 72.8 70.3 64.5 59.1 54.3 52.8 53 55.7 60.8 64.8 65.1 62.5 59.7 59.5 59.8 60.1 62.4 62.8 62.8 62.1 63.8 67.4 67.9 71.4 71.6 74.9 75.9 77.8 79.3 80 81.9 82.2 82.9 84.2 85.3 84.7 84.2 83.6 84.2 85 93.8 93.6 90 89.4 88.9 88.5 88.2 88.3 88.7 88.7 88.8 88.8 88.8 89.2 89.4 89.6 89.5 89.7 90.4 90.5
79 76.9 66.3 63 61.5 59.4 54.7 52.6 54.3 57.8 62.2 64.9 62.5 59.4 59.5 61.4 64.6 67.8 70.3 71.1 73.8 74.3 75 73.5 73.4 71.9 67.7 62.1 56.7 53.7 54 51.9 56.4 61 62.6 59.3 56.4 56 56.1 56.7 57.5 59.7 61.1 60.9 62.2 66.1 68.9 70.5 72.1 75.7 75 77.3 79 79.3 80.2 81.2 82.4 82.5 84.1 84.4 84.8 85.8 85.9 85.5 90.2 91.4 91.2 90.7 90.1 89.6 89.3 89.1 89.1 89 89.1 89.1 89.1 89.2 89.2 89.5 89.6 89.5 89.5 89.9 90.3
73.6 68.5 61.6 60.2 59.9 58 54.2 52 53.5 56.7 61.5 63.5 61.2 58.8 59.4 62.2 63.9 64.5 67.3 71.6 73.9 73 74.7 74 71.7 68.3 63.3 59.9 53.5 52.5 51.5 51.6 56.7 59.1 57.6 55.4 56.2 55.9 55.6 56 59.1 61.8 63.2 64.5 65.7 67.3 69.4 72.5 73.7 75.8 77.1 79.8 79.2 79.9 82 80.4 82.8 82 83.3 84.4 85.3 86 86.9 88.3 91.6 91.2 90.8 90.6 90.5 90.4 89.9 89.6 89.4 89.3 89.3 89.5 89.6 89.9 89.9 89.7 89.6 89.5 89.6 89.8 90.1
67.7 60.7 60.1 58.7 59.5 56.3 53.6 52.3 53.7 58.1 60.8 62.7 60 58.7 60.7 62.5 64.6 65 67.1 68.5 73.2 75.7 73.4 70.1 67.3 63.2 58.9 57.1 52.6 51 50.8 50.8 56.4 56.3 53.9 54.3 55.6 54.8 54.9 57.3 62 68.6 71.5 71.7 70.2 72.4 72 73.1 75.2 76.5 78.4 78.3 79 79.7 80.9 80.3 81 85.5 86.1 85.7 87.6 87.5 88.9 90 90.9 90.6 89.9 89.6 89.6 90.3 90.3 90.1 89.7 89.4 89.5 89.6 89.2 88.9 89.1 89.3 89.4 89.4 89.8 89.8 90
62.8 58.7 57.9 59.8 55.7 55.5 50.6 49.7 56 58.9 62.9 63.3 58.8 59.1 60.8 63.3 66.1 66.1 67.9 68.2 73.7 77.3 71.8 68 64.1 58.7 57.7 54 53 50.2 49.6 53.1 54.2 52.5 52 54.9 55.1 54.7 56.6 63.1 66.2 73.4 79.5 76.4 72.9 74.1 75.8 77.6 76.6 76.8 77.9 78.4 80.4 80.2 81.2 81.2 82.7 85.4 85.8 86.3 87.7 89.1 89.3 89.8 90.4 90 88.8 88.5 89 90.3 90.4 90.4 90 89.6 89.5 89.3 89.1 88.9 88.4 88.6 88.7 89.4 89.7 89.5 89.7
57.2 56.8 58.9 59.6 54 51.4 48.6 54.7 58.6 62.6 65.1 61.7 57.3 58.6 59.3 61.6 63.8 67.4 69.4 68.9 76.7 74.6 72.6 72.2 65.7 61.9 54 51.2 50.1 49.8 49.5 53.7 51.2 51.4 52.6 53.4 55.9 56.5 59.5 65.4 69 76.6 83.7 78.2 74.4 76.5 79.3 81.5 81.2 79.2 79.5 81.8 81.3 81.5 82.6 84.1 85.1 85.4 86 87.7 89.5 89.4 89.9 90 90.2 89.5 88.7 88.9 89.9 90.5 90.8 90.9 90.5 89.7 88.9 89.2 89 88.8 88.1 87.7 88.3 88.8 89.1 89.1 89.4
55.8 56.8 59.8 60.3 54.4 50.1 48.1 56.4 61 64.5 63.1 56.3 57.3 59.2 61.6 63.5 67.1 70.3 70.6 70.4 75.1 73.9 70.9 69 64.9 58.8 53.3 50.9 51 49.9 49.8 50.5 50.1 52.2 52.9 56.7 57.1 58 61.3 66.7 72.6 81.1 85.6 78.5 78.4 79.9 83.3 88.5 83 80 79.9 80.9 82 82.9 84 84.6 86.3 87.3 89 87.7 88.9 88.9 89.4 90.1 90.1 89.8 89.6 90.3 90.5 90.3 90.5 90.4 90 89.4 88.4 88.1 88.6 88.7 87.3 86.8 87 88 88.4 88.7 89.1
