public/OST50/NX25.asc
ncols 200
nrows 200
xllcorner 220000
yllcorner 550000
cellsize 50
[rows 0 to 37 of 200, columns 85 to 169 of 200]
86.9 85.8 84.7 85.5 86.1 86.3 87 87.8 92 97.7 96.6 95.5 95.5 95.5 95.5 95.6 95.6 95.6 95.7 96 96.8 98.3 106.9 114 116.3 112.3 105.2 97.2 97.8 98.8 98.2 102.6 103.5 99.2 100.1 95.8 94.7 94.8 94.5 94.3 94.2 95.3 97.1 96.9 91.4 95.5 95.4 91.4 87.2 86.7 85.9 86.2 85.7 84.8 84.4 83.8 83.9 83.4 83.8 84.1 83.7 83.1 81.7 81.1 81.2 81.7 82.2 81 80 78.9 77.2 77.1 75.7 76.6 76.8 76.5 75.7 73.7 75.1 75.3 76.4 76.6 76 75.2 75.4
86.7 85.6 84.9 85.1 85.9 86.3 86.7 87.7 95.4 98.3 95.4 95 95.1 95.2 95.3 95.4 95.6 95.7 95.9 96.2 97.1 101.1 109.5 115.8 118 115.5 106.4 99.3 99.2 100 99.4 99.2 99.9 99.7 98.2 100.7 99.7 98.7 96.3 94.2 93.5 94.8 94.9 92.4 90.8 91.6 87.6 86.7 87.3 87 86.5 84.8 84.6 84.3 85.9 89.8 85.7 84.2 84.1 84.1 84.2 83.6 83.5 82.6 82.1 81.9 81.1 80.6 79.7 79.1 77.7 77.1 76.9 76.8 76.7 76.6 76.2 76.1 76.3 76.6 77.3 78.7 76.5 76.2 76.2
86.4 85.5 84.8 84.6 85.5 86 86.4 89.9 97.5 95.7 94.5 94.5 94.7 95 95 95.2 95.5 95.9 96.1 96.4 97 99.8 107.5 112.2 115.5 116.3 110.7 104.2 100.7 101.3 102.1 102.6 103.6 103.3 104.4 103.2 100.5 99.1 96.9 94 93.7 92.9 91.7 89.7 88.5 87.5 87.3 86.6 86.5 85.9 85.3 84.3 83.7 84.9 92.9 93.8 86.6 85.3 85.1 85 84.7 84.1 84 83.7 83.4 82.9 82.2 81.5 80.7 79.8 78.7 77.7 77.1 76.7 76.7 76.7 77 76.9 77.5 77.3 78 77.9 79.9 77 76.8
86.3 85.5 84.8 84.6 85.2 85.8 86.7 93.4 95 93.8 93.7 94 94.3 94.6 94.8 95 95.4 95.8 96.2 96.6 97.3 98.8 103 106.8 111.8 114.8 114.2 113 104 103.2 105.5 104.7 105 105.3 105.5 102.6 97.9 95.5 94.6 87.9 88.8 89.6 89.4 90.4 89.5 88.3 86.2 85.6 85.2 84.7 84.8 83.8 84.2 88.6 97.3 95.8 87.4 86.1 85.6 85.2 85 84.7 84.6 84.5 83.9 83.6 83.1 82.5 81.9 81.6 82 78.5 77.7 77.2 76.8 76.9 77.5 78 78.3 78.6 79.2 80.9 80.7 80.9 79.5
85.6 85.1 84.5 84.1 84.8 85.9 89.3 92.9 92.4 92.4 92.8 93.2 93.8 94.2 94.4 94.7 95.2 95.6 96.1 97 97.7 98.5 101.1 103 108.3 114.7 118 114.8 105.8 105.1 106.2 108 107.8 105.8 104.3 100 98.5 92.5 90.5 90 90 91 88.4 87 86.9 86.3 85.7 85 84.4 84.5 84.1 84 84.5 91.6 98.6 97.5 88.6 86.4 85.7 85.4 85.2 85.1 85.1 85 84.1 83.9 83.6 83.1 82.8 83.2 86.6 79.7 78.1 77.9 77.2 77.2 78.7 79 79.5 80 81.2 81.7 81.5 81.4 82.3
85.3 84.8 84.2 83.6 84.6 86 89.7 88.5 88.4 89.8 91.1 92.3 92.8 93.3 93.8 94 94.6 95.4 96.6 98.2 99.9 101.5 100.4 102.8 107.3 113.8 120.2 112.3 106 106.4 105.7 106.8 105.8 99.7 96.4 95.1 91.4 89.8 90.3 90.6 88.9 88.4 87.8 86.9 86.4 85.6 85.1 84.6 84.3 84.4 84.3 84.2 84.8 94.7 100.4 98.3 88.2 86.8 86.2 85.6 85.5 85.3 85.1 84.9 84.4 84.2 84 83.6 83.8 87.2 87.2 80.1 78.9 78.6 78 78.5 79.5 80 80.6 81.3 81.9 82.1 82.1 82.6 82.4
84.7 84.2 83.7 83.4 84.6 88.4 89.3 86.6 86.9 87.5 89 90.1 90.9 92.1 92 96.5 96.1 98.4 101.9 101.1 98.1 101.2 101 102.9 106.9 114.1 116.3 108.9 103.9 104.5 100.8 98.2 95.5 93.1 91.4 90 91 91.1 90.5 89.4 88.4 87.7 87.2 86.5 86 85.5 84.9 84.6 84.3 84.3 84.3 84.5 86 95.9 101.1 97.3 89 86.8 86.2 85.7 85.5 85.6 85.3 84.8 84.4 84.7 84.8 84.1 85 88.7 83.2 80.7 80.1 80 80 80.1 80.6 81.1 81.8 82.3 82.4 82.1 82.6 82.4 82.5
84.2 83.5 82.5 83.3 84.8 86.7 87.4 86.3 86.7 89.8 89.2 89.6 91.4 94 99 102.1 104.2 104.6 106.1 106.3 105.5 103.3 100.5 102 106.6 111.1 106.9 101.2 96.4 95.2 94.8 93.8 92.8 92.9 92.3 90.1 90.2 90 89.4 88.8 88.3 87.2 87 86.5 85.8 85 85.1 84.7 84.3 84.3 84.4 84.9 87.2 96 100.7 96.7 88.2 86.7 86.3 85.9 85.6 85.5 85.4 84.6 84.4 84.5 84.7 84.9 86.7 88.3 81.7 81.7 81.4 81.3 81.4 81.6 81.9 82.2 82.6 82.5 82.5 82.8 82.8 82.7 82.5
83.7 83.9 83.3 83.6 84.1 85.2 85.6 85.8 89.9 91.3 92.7 92.6 99.1 102.2 107.5 109.8 110.7 111.5 110.4 111.1 110.3 102.4 100.7 104.2 107.7 104.9 96.6 95.6 94 92.9 93.8 93.4 92.2 91.5 90.4 89.8 89.7 89.9 89.7 89.8 88.8 87.7 87.4 87 86.2 85.4 85.1 84.8 84.4 84.4 84.4 85.1 87.8 95.7 99.2 94.6 87.1 86.5 86 85.9 85.5 85.3 84.9 84.5 84.3 84.3 84.4 84.9 86.6 85.4 82.3 82.2 82.2 82.3 82.3 82 82.2 82.6 82.8 82.5 82.9 82.7 82.7 82.6 82.7
82.7 82.1 82.3 83 85 86.1 86.6 87.4 93.2 96.2 98.8 100.5 105.9 108.7 111 110.7 114.1 116.6 113.5 115.4 109.2 100.9 100.4 107.1 108.2 103.2 93.4 93.7 94.1 93.7 91.5 90.8 90.3 89.8 89.4 89.1 89.3 89.6 89.5 90.1 89.1 88.4 88 87.4 86.7 85.9 85.2 84.9 84.6 84.5 84.4 84.5 88 93.7 95.2 90.2 86.5 85.8 85.6 85.5 85.5 85.1 84.6 84.1 83.7 83.8 83.9 84.5 85.3 83.3 82.6 82.6 82.5 82.3 82.3 82.3 82.4 82.4 82.4 81.8 82.2 82.5 82.6 82.7 82.4
81.5 82 83.4 86 87.7 88.5 89 88.9 97.2 102.3 104.9 104.8 107 109.3 109.2 110.6 113.9 114.5 116.1 114 105.3 99 101.7 106.9 105 97.5 93.6 93.7 93.5 92.3 90.7 90.1 88.9 88.5 88.4 88.3 88.9 89.3 89.6 89.7 89.1 88.8 88.7 87.6 86.7 86 85.4 84.9 84.6 84.5 84.4 85.4 87.2 90.1 91.4 86.7 86.1 85.7 85.2 85.1 85.1 85.2 84.2 83.7 83.2 83.4 83.6 83.8 83.7 82.9 82.7 82.6 82.4 82.4 82.4 82.4 82.3 82 81.6 81.1 81.4 81.9 82 82 81.9
82.3 83.1 85.3 88.2 89.2 89.4 90.8 90.2 98.2 102 103 104 103.7 105.9 106.4 109.2 110 113.2 116.1 108.8 101.1 97.1 102.9 105.7 100.3 93.1 93.3 93.5 93.1 92.2 91.6 89.2 87.7 87 87.7 87.7 88.1 88.5 88.8 89.1 89.7 90 91.1 87.7 86.9 86.2 85.6 85.1 84.7 84.6 84.5 85.9 87 90.4 90.9 86.4 86 85.8 85.3 84.8 85 84.7 83.7 83.2 82.9 83.4 83.5 83.3 83.1 82.5 82.4 82.4 82.4 82.4 82.4 82.4 82.2 81.6 81.1 80.7 80.5 80.7 80.6 80.7 80.8
82.7 84.3 87.3 88.8 90.1 90.5 91 91.8 93.5 100.7 101.5 101.8 102.5 102.9 104.3 106.2 107.2 112.2 110.9 102.4 96.7 97.8 102.6 101.4 92.6 93.5 92.4 92.1 91.6 90.3 88.8 88 87.5 86.2 86.2 87.4 87.2 88.1 88.7 89.4 90.7 94.4 96.1 88 87.2 86.5 85.9 85.3 84.5 84.4 85.2 86 89.5 92.8 88.6 86.1 86.1 85.6 84.8 84.1 83.4 83 82.8 82.6 82.5 82.9 82.9 82.7 82.5 82.1 81.9 81.9 82 82 82.1 81.9 81.3 80.6 80 79.6 78.5 78.2 77.6 77.1 78.2
84.4 87.2 89.7 90.2 90.7 90.9 90.9 92.5 93.1 99.7 100.8 100.4 101.4 102.1 103.3 103.5 105.1 108.2 104.5 97.8 93.8 97.1 96.7 93.2 91.3 90.9 90.9 90.4 89.9 88 87.3 86.9 86.3 84.8 84.6 85.9 86.2 87.4 88.8 90.7 94.8 101.7 97.8 88.9 87.5 86.8 86.1 85.5 84.7 84.9 85.9 86.8 92.1 91.8 86.1 86.2 86.1 85.4 84.8 84.1 83.2 82.8 82.2 82.2 82.1 82.3 82.3 82.2 81.9 81.7 81.5 81.6 81.7 81.5 81.3 80.9 80.3 79.6 78.5 78.2 76.5 76.5 76.3 77 76.5
85.5 88.7 91.3 91 91.4 91.3 91.3 91.9 92.7 97.2 98.9 99.6 100.4 101.6 100.9 100.4 102.4 102.5 98.4 93.4 93.3 93 92.1 91.6 90.5 89.3 89.2 88.6 87.9 87.1 86.3 85.9 85.1 84.6 84.6 84.6 84.6 86.4 89.6 94.5 100.5 105.4 96.6 88.6 87.9 87.2 86.4 85.8 84.9 85.4 86.2 87.4 92.1 87.7 86.2 86.3 86 85.4 84.7 84 83.1 82.4 81.8 81.5 81.4 81.6 81.7 81.7 81.5 81.3 81.4 81.3 81.2 80.9 80.5 80.1 79.1 77.7 77.4 78.8 78.2 78.2 78.2 79.1 78.9
86.8 89 90.6 90.8 90.7 90.3 92.4 93 93.5 96.4 98.1 99.2 98.6 97.9 96.9 96.7 96.3 93.9 93.2 92.4 91.6 91.6 91.2 91.2 90.3 89.3 88.3 87.9 87.1 86.6 86 85.3 84.5 84.6 84.6 84.6 84.6 85.7 91.4 101.8 107.2 102.6 89.5 88.7 88.3 87.7 87.1 86 85.5 86.1 87.7 88.4 89.4 86.6 86.3 86.1 85.8 85.3 84.6 84 83.2 82.4 82 82 80.5 80.9 80.6 80.8 80.7 80.8 80.7 80.6 80.5 80.2 79.9 79.4 78.7 77.6 78.1 79 79.1 79.6 80.3 80.5 80.5
86.4 87.2 89 90 90.4 90.7 93.5 94.1 96.3 96.5 97.1 97.7 97.5 94.3 91.6 92 91.7 90.2 90.7 90.6 90.9 90.9 91.2 91.8 91.7 91.1 88.8 87.6 86.8 86.2 85.8 85.2 84.7 84.6 84.6 84.6 84.6 87 97.2 104.3 103.6 97.6 89.2 88.9 88.6 88.1 87.7 87.3 86.7 87.1 88.7 88 87.3 86.8 86.4 86 85.6 85.2 84.6 84.1 83.6 82.7 82.6 82.1 80.9 80 79.5 79.9 80.3 80.4 80.1 79.9 79.8 79.6 79.3 78.7 77.9 77.7 79 79.9 80.2 80.7 80.9 80.9 80.8
84.7 89.5 89.3 89.8 91.4 91.7 94.1 96.2 96.5 97.2 97.3 99.1 97.6 91.8 89.8 89.5 89.4 89.4 89.4 89.3 90.2 91.1 93.1 95.2 98.2 96.8 89.7 87.3 86.5 86 85.7 84.7 84.7 84.6 84.6 84.6 84.6 89.8 97 99.8 97.7 90 89.4 89.2 89.1 88.8 88.4 88.1 87.8 88.1 89.3 88.1 87.7 86.9 86.5 86.1 85.7 85.2 84.7 84.2 83.6 83.2 82.7 81.9 80.9 80.2 79.4 79.4 79.9 80 79.7 79.4 79.2 79 78.8 78.7 78.1 79.4 79.8 80.4 80.9 81.5 81.4 81.3 81.1
87.7 91.5 89.3 89.9 90.7 91.5 97.8 98.5 95.7 97.6 99.5 100.3 94.7 89.8 88.7 88.5 88.7 88.8 88.7 87.8 90.5 92.7 95.7 101 107.1 97.8 89.8 87.4 86.1 85.8 85.7 84.7 84.6 84.6 84.6 84.6 84.6 88.7 93.3 94.1 92.9 90.3 89.7 89.5 89.4 89.2 89 88.8 88.8 89.3 90.4 90.6 88.1 87 86.6 86.1 85.7 85.1 84.5 83.8 83.2 82.7 82.5 81.7 80.9 80.1 79.6 79.1 79.5 79.7 79.6 79.4 78.9 78.3 78.1 78.3 78.6 79.6 80.3 80.9 81.4 81.9 81.8 81.7 81.4
89.7 89.2 88.1 88.7 91.8 95.2 102.3 97 95.7 98.1 100.1 96.5 91 88.6 87.8 87.6 87.9 88.1 87.7 88.5 91.6 95.6 102.8 111.1 108.2 96.8 89.2 86.7 85.7 85.6 85.6 84.8 84.5 84.6 84.6 84.6 84.6 86.2 89.4 90.4 91.5 90.3 90.1 89.9 89.8 89.7 89.5 89.4 89.2 89.7 91.5 91.8 88.1 87.1 86.7 86.5 86.4 85.9 84.3 83.7 83 82.5 82.2 81.4 80.8 80.2 79.6 79.1 79.1 79.2 79.5 79.5 78.7 77.6 77.6 78.2 79.1 79.9 80.7 81.3 82 82.1 82.2 82.1 81.8
88.4 87.9 88.2 89.8 91.9 100.7 102.1 95.4 94.9 96.2 95.1 91.2 88.8 88.1 87.2 86.9 86.9 87.1 86.9 89 93.2 99.9 110 112.8 105.9 95.1 88.2 86.3 85.6 85.5 85.3 85.2 85.2 85.7 84.5 84.6 84.9 86.2 87.7 89.5 91.2 90.5 90.4 90.2 90.1 90 90 89.9 89.8 89.9 91.2 90.1 88.1 87.8 87.4 86.9 89 88 83.9 83.7 83.1 82.6 82 81.3 80.6 79.8 79.4 79.3 79.4 79.4 79.5 79.5 79.1 77.9 78 78.3 79.5 80.2 81 81.8 82.6 82.6 82.6 82.5 82.2
87.1 87.8 87.5 88.9 95.1 103.3 98 95.2 94 92.6 91.1 89.9 88.4 87.5 86.7 86.1 86 86.3 86.2 88.8 94.4 103.4 108.9 108.1 100.7 92.2 87.1 85.8 85.4 85.4 85.4 85.7 86.4 87.3 86.9 86.9 86.6 87.1 88.1 89.6 90.7 90.7 90.7 90.5 90.4 90.3 90.3 90.2 90.1 90.2 90.1 88.8 88.4 88.3 88.6 91 94.2 88.6 83.7 83.5 83 82.5 81.8 81.1 80.4 79.9 79.8 79.9 79.2 79.2 79.1 79.4 78.1 78.1 78.9 79.6 80.2 80.8 81 81.9 82.7 82.8 82.6 82.9 82.2
87.1 87.2 87.8 89.4 99.8 103.4 97.1 96.2 96 97.2 98.4 92 88.3 87.2 86.4 85.7 85.6 86 86 87.5 93.3 99.1 101.5 101 93.6 87.2 86.4 85.3 85.2 85.6 86.5 87.2 87.8 88.9 89.8 91.2 88.6 88.3 89 90 90.6 90.8 90.8 90.8 90.7 90.7 90.6 90.5 90.5 90.3 89.9 89.1 88.6 88.8 89.3 95 96.3 86.9 83.5 83.3 82.9 82.4 81.6 80.9 79.8 79.7 79.5 79.4 79.2 78.4 78.6 78.8 77.9 79.4 79.7 80.3 80.5 80.4 81.3 82.4 82.5 82.8 82.4 82.8 82.2
86.8 87.5 88.9 93.6 101.6 102.8 99.9 101.4 102.8 106.8 105.2 99 89.1 87 86.1 85.4 85.4 85.3 85.4 86.3 89.4 93.7 95 94.7 87.8 86.3 85.5 84.8 85.9 87.7 89.1 91.7 93.1 94.4 94.1 92.7 91 89.6 90.1 90.7 90.3 90.7 90.8 90.9 90.9 90.9 90.8 90.7 90.5 90.3 90.2 89.9 89.5 89.8 91.7 98.1 93.9 83.8 82.9 83 82.9 82.3 81.4 80.7 80 79.4 79.2 79 78.8 78.2 77.7 78.8 79.6 80 80.4 80.6 80.8 80.4 80.8 81.9 82.2 82.2 82.3 82.6 82.4
87.3 87.8 89.1 95.6 101.1 101.2 104.2 107.3 109.8 111.7 108.9 101.6 90.3 87.6 86.3 85.5 84.8 84.8 84.8 85.8 86.5 88.6 90.5 88.9 86.4 85.6 85.1 85.5 86.8 89.4 92.5 97.9 98.5 96.7 96.6 92.7 92.1 90.4 90.6 91.1 90.8 90.7 90.9 91 91.1 91.2 91 90.8 90.6 90.5 90.4 90.3 90.3 90.7 96.3 97.7 89.5 83.4 82.7 82.8 82.8 82 81.1 80.6 80.1 79.5 79.2 78.8 78.6 78.3 78.3 79.1 80 80.3 80.7 81.2 81.3 80.6 81.5 81.4 81.7 82 82.5 83.5 82.8
87.8 88.2 90.8 95.3 96.9 100.8 105.9 108.5 111.5 112.3 109.5 100.1 88.5 87.8 86.6 85.7 84.7 84.4 85.2 85.5 85.4 86.3 86.9 85.7 85 84.6 84.3 85.8 90 90.1 97.7 101.5 100.6 97.7 96.5 93.3 92.8 91.2 91 90.9 90.8 90.8 90.9 90.8 91.1 91.2 91 91.1 90.9 90.8 90.7 90.8 90.8 91.4 97 94.7 85.9 83.2 82.6 82.4 82.1 81.7 80.9 80.5 80.1 79.5 79.3 79 78.9 78.3 77.8 79.5 80.2 80.7 81.1 81.4 81 83.4 86.5 81.3 81.7 82.4 83.1 83.5 83.4
88.7 89 89.9 92 91.9 99.5 104 106.3 109.4 110.6 108.2 96.5 88.7 87.8 86.9 85.8 84.8 84.3 85 85.3 85 85.2 85 83.7 83.6 88.1 92.9 94.1 95.1 94.3 98.9 99.3 100.2 100.9 94.6 94 93.1 92.6 91.6 90 90 90.6 90.3 90.5 91 91 90.9 91.1 91.1 90.9 91 91.1 91.2 92.3 94.5 90 84.7 83.4 82.8 82.3 81.9 81.1 80.7 80.3 80 79.5 79.3 79 78.5 78.5 78.9 79.9 80.4 80.9 81.1 81.1 83 88.1 90 81.8 82.1 82.9 84 85.7 86
89.7 89.9 90.2 90.7 91.7 96.5 100.6 102.7 105.7 108.3 104.7 90.5 88.3 87.4 86.8 85.6 84.6 84 84.4 84.5 83.3 83.5 84.3 84.5 89.3 92.3 94 93.7 95.2 96.3 97.3 98.8 99.4 99.2 95.3 93.7 93.2 92.7 90.3 89 89.8 90.1 89.6 90 90.4 90.7 90.8 90.4 90.6 90.9 90.9 90.8 90.9 91.8 90.5 84.6 83.7 83.3 82.8 82.1 81.3 80.5 80.3 79.9 79.6 79.5 79.2 79 78.7 78.8 79.6 80 80.5 81 81.7 82.5 87 94.9 91.3 82.6 82.6 83.9 85.1 86.6 85.7
90.1 90.3 90.4 91 91.9 92.9 97.1 98.8 102 104.8 99.7 88.2 87.6 86.6 85.7 84.6 83.9 83.3 83.3 84.5 85.9 87 86.8 88.9 90.7 93 96.2 94.9 93.8 94.1 96.4 97.3 98.6 98.8 95.9 93 92.3 91.3 89.6 88 88.7 88.6 88.4 89 89.4 89.7 90 89.7 89.6 90.1 89.9 89.8 89.6 89.9 87.5 84.2 83.6 83.2 82.6 81.9 81.2 80.5 80.1 80 79.9 79.6 79.1 78.8 78.3 78.8 80 80.4 80.6 81.3 82 86.4 94.2 98.1 91 83.6 83.4 84.4 85.6 86.6 86.2
90.3 90.5 90.6 91.2 91.6 92 93.1 96.3 99.4 100.9 94.6 87.5 86.8 85.7 84.4 82.6 83.3 83.9 85.8 87.1 88.9 90.5 91 90.6 91.9 92.9 94.3 94.9 93.1 93.9 94.2 95.5 95.9 94 93.6 92.5 92.1 92.6 89.3 87.4 87.6 87.8 87.9 88.6 88.1 88.3 88.7 88.9 89.1 89.2 89.3 89.4 89.5 88.7 87.4 84.9 83.6 83.2 82.4 81.9 81.5 81 80.6 80.2 80 79.7 79.2 78.2 78.5 79.2 80.1 80.9 81.1 81.9 84.8 91.2 98.7 98.3 87.7 83.7 84.2 85 85.8 86.7 86.7
90.5 90.7 90.9 91.3 91.6 91.8 91.9 93.1 97.4 96.9 88.6 87 86.1 84.3 83.3 83.3 85 86 87.5 89.6 89.8 91.4 93 91.4 92.2 92.3 93 93.4 92.7 92.8 93.7 95.2 96.3 96.6 94.5 93.5 90.9 89.2 88.9 86.4 86.7 87.2 87.3 87.3 87.6 88 88.3 88.6 88.7 89 89.2 89.4 89.2 88.6 87.7 86.1 85 83.1 82.3 81.9 81.4 81.3 80.8 80.4 80.1 79.8 78.8 78.5 78.8 79.9 80.4 81.2 81.9 84.7 88.6 94.1 100.2 96.1 85.9 84.2 85 85.8 86.8 87.3 87.6
90.6 90.8 90.9 91 91.1 91.2 91.4 91.8 94.4 91.7 86.7 86.3 85 83.1 83.1 84.1 87.7 86.5 87.2 87.8 89.7 91.2 91.7 92 92.5 92.9 93.2 93.1 92.7 92.1 92.7 93.9 93.7 94.7 91.6 91.2 89.9 88.4 86.8 85.1 85.7 86.6 87 86.5 87.8 88.9 88.7 88.1 88.6 88.9 89 90.1 89.2 88.1 87.6 87 85.8 83.3 82.2 81.8 81.4 81.5 81.1 80.7 80.3 79.7 79.1 78.4 78.4 79.8 80.7 81.3 86.5 89.3 90.7 96.5 98 91.7 87.2 85.5 85.5 86.5 88.2 87.9 87
90.6 90.8 90.9 90.9 90.9 91 91.1 90.9 89.6 88 86.5 85.1 83.6 82.6 83.6 84.3 85.3 85.4 86.2 88.1 90 90.7 91.3 92.4 91.9 91.6 92.4 92.1 92.6 91.4 91.7 91.9 91.7 91.4 91.2 89.9 87.9 86 84.5 84.1 84.1 84.1 84.1 87 86.9 87.4 87.4 87.7 88.6 88.6 88.6 89.1 89.8 87.6 87.3 86.7 85.5 82.8 82 81.7 81.1 81.6 81 80.8 80.5 79.5 78.9 78.4 78.6 80.2 81.8 87.9 90.3 89.8 90.2 94 93.2 88.6 87.6 86.9 86.5 87.2 87.4 87.7 86.8
90.4 90.6 90.8 90.9 90.9 90.9 91 91.1 89.4 86.3 85.4 84.1 82.8 82.8 83.8 84.6 85 85.9 86.4 89 89.6 89.8 90 89.8 90.5 90.7 91.2 91.5 92.8 91 91.2 91.3 90.7 89.9 89.5 88.6 87.3 84.2 84.1 84.1 84.1 84.1 84.1 84.5 85.3 86.1 86.6 87.7 88.3 88.5 88.6 88.3 87.7 87.5 86.6 84 83.1 82.2 82 81.7 81.3 80.8 80.4 80.4 80.3 79.2 78.5 78.7 79.4 80.5 85.3 90.5 89.4 89.1 89.2 89.7 89.3 88.7 87.9 87.5 87.2 87.7 88.1 88 86.7
90.3 90.4 90.4 90.1 89.8 89.8 89.9 90.5 88.4 85.7 84.4 83.6 82.4 82.7 83.5 83.9 85.2 85.7 88 89 89.2 89 89 89.3 89.7 90.4 90.8 91 90.8 90.7 90.5 90.2 89.7 89 88 87.1 86.5 84.1 84.1 84.1 84.1 84.1 84.1 84.1 84.1 84.5 86 87.2 87.9 88.2 88.5 88.6 88.3 88.1 87.1 83.7 82.9 82.5 82.1 81.9 81.8 81 80.2 79.7 79 79 79.3 79.8 80.5 81.2 86.1 88.9 88.4 88.6 88.9 89 88.9 88.8 88.5 87.9 88 88.2 88.5 89.4 87.8
90 90.1 90 89.6 89.3 89 88.4 87.9 86.6 85 84.3 83.7 82.8 82.7 83.4 84.3 85.1 85.5 86.7 87.5 88.3 89.5 88.6 89.3 89.4 90 90.4 90.6 90.5 90.4 90.2 90 89.6 89.3 88.1 86.7 85.2 84.1 84.1 84.1 84.1 84.1 84.1 84.1 84.1 84.1 84.4 86.7 87.2 88.1 88.3 88.3 88.7 87 84.4 83.5 83.1 82.7 82.3 82.3 82.1 81.8 79.8 78.8 79.1 79.4 79.8 80.9 81.2 82.3 86.1 87.5 87.9 88.3 88.9 89 89 88.8 88.6 88.3 88.4 88.7 89.2 90.1 88.7
89.6 89.7 89.6 89.2 88.9 88.3 87.4 86.6 86.2 84.9 84 83.3 83.6 82.4 83.1 84.3 85 85.3 86.5 87.2 87.5 87.9 88.5 89.3 89.2 89.6 90 90.3 90.2 90.1 89.9 89.8 89.4 89.2 88.4 86.5 85.7 84.1 84.1 84.1 84.1 84.1 84.1 84.1 84.1 84.1 84.1 87.1 87.6 87.8 88 87.8 86.8 84.7 84.3 83.5 83.3 82.9 82.5 81.9 81.1 80.3 79.4 79.1 79.8 80.3 80.7 81.8 81.9 82.4 83.8 85.7 87.4 88.1 88.8 89.1 89.2 89.2 89.1 88.9 88.9 89.1 89.8 90.4 89.9
89.2 89.3 89.2 88.8 88.3 87.6 87 86.6 87.6 85.1 84.3 83.3 82.4 83.1 83.5 84.3 85.6 86 86.6 87.3 87.2 87.7 88.3 88.5 88.9 89.6 90 90.2 90 89.8 89.7 89.5 89.2 88.7 87.1 86.5 86.5 84.5 84.1 84.1 84.1 84.1 84.1 84.1 84.1 85.9 87.2 86.9 87.6 87.9 87.6 87.4 86.7 85.7 86 83.6 83.7 83.5 82.5 81.2 80.5 79.7 79.1 79.9 81.5 80.7 81.3 82.1 82.3 82.7 83.5 84.4 85.8 87.8 88.8 89.3 89.5 89.5 89.5 89.6 89.6 89.6 90.3 90.5 90.3
