public/OST50/NX26.asc
ncols 200
nrows 200
xllcorner 220000
yllcorner 560000
cellsize 50
[rows 140 to 174 of 200, columns 0 to 78 of 200]
159.8 159.7 159.5 159.3 159.1 159.2 160.5 164.8 168 166.6 171.1 172.8 174.6 175.6 175.3 187.3 186.5 186.6 183.1 189.5 194 185.3 176.8 169.1 161.5 153.6 148.6 147.3 145.7 142.9 142.3 140.7 138.7 137.8 139.1 137.6 136.4 136.3 136.2 135.2 134.6 133.6 132.7 131.9 131 132.5 133.2 134 135.1 136.4 141.1 137.8 134.2 131 129.6 128.6 126.7 126.8 125.2 124.3 124.7 124.5 124.2 122.4 117.9 116.3 115.9 115.2 114.5 113.1 112.8 113.8 114 112.2 107.8 105.4 106.4 107 107.6
159.7 159.4 159.6 159.4 159.2 159.3 163.1 167 168.7 168.9 171.8 172 173.2 175.8 173.8 187 182.6 179.1 180.2 188.7 191.2 184 172.8 165 157.8 153.2 154.2 146.8 153.1 152.9 148.2 145.6 143.4 141.3 142 140.3 136.7 136.5 136.2 135.6 134.5 132.5 131.8 131.1 132 132.1 133.2 133.6 135.2 138.3 145.9 138.8 134.1 131.2 129.1 127.9 127.8 125.6 124.8 122.4 122.7 123.2 123.7 121.5 116.6 115.6 114.6 113.7 113 113.1 112.5 111.5 112.9 110.2 107.9 105.7 105.4 106.5 106.4
159.4 159.2 159.1 159.4 159.3 159.7 162.1 163.7 166.2 167.4 170.9 171.3 171.2 174.5 171 172.2 171.4 172.9 180.3 185.7 186.3 177.1 170.2 159.4 156.6 155.5 152.5 155.5 158.9 156.9 152.4 155.4 150.5 141.9 142.2 138.5 136.8 136.5 136.2 135.7 134.5 132.5 130.2 131.8 132.1 132.5 132.9 133.2 136.2 139.9 142 136 133.9 131.1 129.2 126.3 126 123.8 122.9 121.3 120.7 121.4 120.6 116.8 115.4 114.9 112.7 112.4 112.5 111.4 110.2 109.8 108.7 108.1 107 106.5 105.6 105.9 105.7
159.1 158.9 158.9 158.9 159.3 160.2 160.9 161.1 164.2 163.9 167.3 169.5 169 167.8 167.3 165.7 165.3 172.1 175.7 180.2 175.2 171.8 163.8 162.1 160.2 154.8 155.5 159 162.9 160.1 165.6 167 152.6 142.2 143 137.6 136.7 136.6 136.3 135.7 134.6 133 131 131.4 132.4 133.1 133.7 134.2 140.1 139.3 139.5 134.7 133.7 132 128.2 124.6 124.4 123 119.6 119.2 117.6 117.1 117 115.2 114.8 114.3 111 108.5 110.1 110.5 107.4 106.4 105.7 106.1 104.3 105.4 106.5 107 107.4
158.7 158.7 158.6 158.6 159.1 160 160.1 159.2 158.7 161.1 163.8 166.5 164.2 165.2 162.4 162.1 164.8 171.6 172.9 172.9 169.4 164.4 166.2 164.5 158.1 158.7 161.2 164.3 166.9 171.3 180.2 169.1 152.1 142.7 143.9 137.1 136.6 136.5 136.3 135.8 134.6 133.2 131.5 131.3 132 132.8 133.6 135.9 141.2 137.9 139.1 132.8 132.8 130 128.7 123.6 122.1 119.7 119 118.9 115.5 114.3 114 114.5 114.7 113.5 109.2 107.8 107.3 106.6 105.1 106.3 106 104.5 104.5 107.4 107.3 108.5 108.9
158.5 158.4 158.3 158 157 156.7 155.3 156.8 156.2 158.3 160 163.8 161.6 162.6 161.4 161.3 168.6 167 166.9 167.3 164.7 166.6 166.4 162 160.1 163.6 164.7 164.8 172.9 176.2 179.5 163.5 149.6 139.6 139.5 136.7 136.5 136.4 136.3 136.2 135.5 134.1 132.4 132 132.2 133 134 138.5 139 133.8 138.6 134.3 130.8 127.6 127.6 122.6 121.5 118.9 118.1 117.6 112.7 112.3 115.2 114.5 112.3 109 108.6 107.2 106.8 107.4 109.5 107.6 105.4 106.2 106.8 109.1 110 111.4 111.5
158.1 157.8 157.4 157.1 155.2 152.6 152.1 155.4 154.2 154.9 155.2 157.7 158.2 160.1 160.9 159 162.9 162.8 163.4 163.9 166.1 167.2 166.2 162.3 163.2 164 164.7 165.2 174.1 175 167.1 152.4 141.6 138.6 136.6 136.9 136.8 136.7 136.7 136.6 136.5 134.9 134.8 130.6 133.1 134.4 135.8 138.4 136.2 132.2 131.5 132.2 127.3 127.6 125.5 121.8 118.8 118 118.2 119 113.1 111.6 113.5 110.4 108.3 107.4 106.3 107.4 107.9 110.2 110.8 108 106.3 107.9 108.9 111.5 112.4 112.3 112.5
157.2 156.9 156.5 155.6 151.2 149.8 149.5 152.5 152.5 152.5 153.3 154 156 157.4 156.9 157.9 160.1 161.9 163.3 166.5 167.4 166.3 164.1 163.2 164.8 164.5 164.5 164.7 166.3 164.3 153.6 144.5 138.7 136.1 135.6 135.7 136.6 137.1 137.1 136.6 136.6 133.9 131.7 130.7 132 133.1 134.3 136.7 133.5 131.5 128.6 129.3 128.8 126.5 122.9 119.5 117.7 117 118.2 116.7 110.9 110.5 109.5 108.3 107.2 107.4 108 109.5 108.4 109.5 110.1 106 106.9 108.7 110.8 112.7 113.2 112.7 114.9
156 155.7 155 152.1 146.7 148.7 147.4 149 149.6 151.8 152.3 153.3 154.9 155.9 155.7 154.8 157.1 162.6 167.9 170.5 169.5 166.5 164.8 165.4 165.4 165.3 165.3 161.8 161.8 158.6 149.1 141.7 135.4 134.6 134.4 134.7 135.7 136.7 136.9 135.8 134.1 131.8 130 131.5 131.5 131.4 133.3 132.8 131.6 129.9 127.9 127.4 124.4 122.5 120.2 118.7 116.9 115.6 115 112.1 109.6 108.6 108 107.4 106.3 108.1 113.7 112 109.8 108.9 107.2 107.5 108.1 109.6 112.2 112.8 113.1 114.2 118.9
154.1 153.9 150.7 148.8 148.1 143 141.8 146.3 148.8 151.5 152 155.1 154.5 155.3 154.1 154 161.1 169.4 173.7 176.3 177.9 175.8 169.1 166.5 165.7 163.9 164 158.5 157.7 153.9 145.6 138.9 134.1 133.1 133.4 134 134.9 135.8 136.2 135 131.3 131.6 130 130.9 130.4 131.1 132.7 131.9 129 127 128.1 125 123.8 119.7 120.2 119.2 117.7 113.8 116 110.4 108.2 107.4 107.3 106.8 108.7 114.3 117.3 111.6 110.1 109.3 107.7 108 109 112.2 113.2 113.1 115.9 117.8 120.9
151.5 150.5 149.1 147 144.5 136.6 140.3 145.3 147.9 150 151.3 160.7 154.6 156.5 153.2 162.5 167.2 178.9 185.9 184 188.9 185.5 173.5 171.1 165.4 159.8 157.6 155.9 153.7 147.3 140.8 134.6 132.4 132.2 132.4 133 134.3 135.6 134.6 132 130.3 131 128.6 131.8 129.5 131.6 131.8 129.7 128 124.9 123.8 122.7 121.1 118.7 118.4 117.2 116.4 113.5 111.6 109.6 107.9 107.6 107.3 108.4 112.1 118.2 119.1 112.1 112.7 110.5 108.7 107.8 109.9 113.1 113.4 114.2 118.2 123.1 126.8
149.2 148.1 148.3 144.7 140.8 134 142.4 143.9 147.3 149.9 152.7 160 153.3 152.7 153.3 166.2 179.5 185.3 191 191.8 196 192.3 175.7 172.6 162 156.8 152.8 150.6 147.4 141.1 137.2 134.7 133.1 132.3 131.5 131.7 132.9 135.8 133.4 130.2 129.3 129.8 127.3 128.6 128.6 130.1 130.5 127.3 124 122.2 121.7 121.3 120.7 116.8 114.9 114.2 113.8 112.3 110.7 109 107.6 106.6 107.3 109.1 114.7 120.4 116.7 113.7 113.7 110 108.7 107.3 110.6 112.3 113.4 119 124.1 129 130.5
146.8 145.7 146.9 142.1 134.5 130.3 139.2 144.7 147.4 149.8 152.9 153.8 150.6 154.6 161.6 168.4 180.4 188.9 194.3 200.9 198.7 193.8 174.7 164.6 158 153.5 150.7 147.7 143.5 140 139.2 136.7 134.9 133.7 132.6 131.2 132 133.6 132.5 129.6 129.3 127.7 126.4 126.3 126.9 128.8 125 121.7 120.4 119.5 121.4 122 117.6 117 115.6 113.6 111.9 110.9 110.5 108.5 107.1 107.6 110.3 110.3 115.6 118.1 113.7 113.2 112.5 110.4 109.2 108.5 111.3 112.6 114.4 123.4 129.6 132.1 134.1
143.5 142.8 144.2 142.7 130.7 128.9 138.3 148 149.1 148.4 148.9 146.4 150.1 159.1 166.3 170 183.8 190.3 203 203.5 196.8 184.8 174.6 164.7 157.8 152.6 149.8 147.7 145.2 143.8 143.6 140.6 137.8 135 132.2 130.9 131.1 131.1 129.9 130.4 129.3 127.2 126.9 126.7 124.2 124.6 121.3 118 117.6 118.2 120.9 120.5 118.1 115.9 115.1 114.2 113.1 109.8 108.2 107.4 107.2 108.7 110.9 114.3 117.2 114.7 113.2 112.7 111.8 111.5 110.2 110 111.8 113.8 122.5 127.3 132.3 134.3 137.2
141.5 140.7 141 140.7 130.3 129.1 138.9 147 146.4 143 143.9 145 150.5 160.9 167.2 174.3 185.6 193.4 200 200 190.1 178.2 170.9 160.7 157.2 153.5 150 147.3 146.4 145.7 145.7 144.4 141.7 136.7 132.5 130.4 133.6 130.6 127.9 127.8 127.8 125.9 123.7 120 119.4 119.4 117.8 116.7 116.8 116.7 117.6 116.1 115.9 116.5 112.8 114.1 114.2 108.1 107.3 107.4 108.3 109.4 111.1 115.4 115.7 114.4 113.4 113.8 115.3 115.2 111 111.9 114 120.9 127.6 130.9 133.3 134.9 138.7
139 137.3 135.2 130.2 129.9 128.5 129.3 136.9 136.5 137.7 139.6 143.8 149.1 162.4 169.3 176.4 186.5 191.4 193.7 188.6 180.7 172.3 165.8 161 154.5 150.9 148.3 148 146.2 146.1 143.1 142.6 140.6 138.2 132 129.8 132.1 129.8 127.3 124.8 124.3 121.1 119.5 117.3 117.5 116.4 115.1 114.6 115.3 116.9 116.3 114 114 114.1 111.4 112.4 114.2 107.8 108 108.2 108.8 110 113.6 114.3 116 115.6 118.4 119.6 122 116.3 112.5 114.9 122 128.4 130.5 132.5 133.8 136.2 141.1
135.5 131.3 129.4 130.3 130.6 127.9 128.4 129.6 132.4 132.6 135.4 145.9 150.4 163.8 174.5 178.5 183.4 187 185.2 183 173.8 168.5 162.6 155.5 153.4 150.3 148.4 148.8 145.8 144.9 142.9 142.3 141.7 139.1 133.2 129.4 129.2 128.3 123.9 122.9 119.4 117.7 116.7 115.7 115.7 114.5 113.3 113.9 113.1 114.3 112.9 114.2 114.5 113.8 110.1 108.8 109.9 108.2 107.7 108.9 109.7 111.3 115.1 120.1 122.4 121.9 124.5 126.6 125.1 116.4 115.6 120.9 129 130.6 132.8 133.9 135 139.2 141.4
129.1 128.1 128.5 128.3 128.5 128 128.9 132.4 134.1 134.2 137.1 143.9 153.2 164.9 173.1 176.4 177.2 178.7 174.7 173.1 169.9 168.7 161.4 156.8 157.3 152.3 147.6 146.8 144.4 143.7 142.9 142.3 141.7 141.7 136.4 128.5 127 123.5 121.4 118.8 117.5 116.5 116.1 115.5 114.7 117.7 120.5 117.2 116.4 113.3 110.4 114.2 113.6 110.2 108.5 107.8 107.8 108.3 109 110.4 112.8 114.7 121.4 128.1 128.3 131.5 133.6 132.2 126.8 118 119.6 125.7 129.1 130.8 133.8 135.2 136.9 139.9 142.6
125.5 126.9 127.8 128.4 128.7 133.5 133.8 137.3 135.8 135.8 141.7 149.3 154.3 164.1 170.2 171.5 171.5 169.7 168 169.5 170.5 175.5 163.9 160.8 156.3 152.9 145.6 144.3 143.1 145.3 142.7 141.5 141.6 147 133.9 127 124.7 120.6 118.7 117.6 117.2 116.6 116.2 116.4 119.8 121.7 121.4 116.5 116.7 111.9 108.8 109.5 109.6 108.1 108 108.8 109.3 113.9 114.2 118.9 122.4 126.4 130 133 134.9 139.3 140.1 137.3 128 121.6 124.8 127.8 129.6 133.1 134.8 135.9 138.7 141.3 144
124.9 126 127.6 130.3 132.2 134.7 134.9 135.6 136.1 136.3 140.1 151.4 156.3 160 164.5 165.7 164.2 159.5 161.1 169 172.3 169.1 160.8 158.4 155.2 150.8 145.1 144.2 142.5 145.1 139.5 140.7 138.5 139.4 124.3 124.8 122.3 118.2 117 116.3 117.1 117.3 116.8 120.8 122 122 119.9 115.4 111.8 110.9 109.2 108.6 108.5 109.8 111.7 112.7 117.6 119.5 120.8 125.3 128.1 133.9 138.4 141.1 139.9 147.2 146.2 138.9 130.1 126.3 128.6 130.8 131.4 133.9 136.3 137.7 139.9 142.5 145
124 125.3 127.6 131 133.9 134.1 134.3 135.7 136.2 138.7 140.9 149.7 154.2 157.8 158.9 159.2 157.1 157.1 159.1 165.3 165.7 158.5 158.6 156.2 149.8 151.4 144.3 142.4 142.3 143.3 137.2 136.6 133.6 122.8 121 122.4 119.9 118.3 116.2 115.4 116.2 117.2 123 123.6 121.6 121 119.1 112.3 112.9 110.1 108.8 108.6 113.6 118.5 119.5 122 124.1 126.1 127.7 130.3 134.8 140.9 144.6 145.8 144.7 147.6 144.7 135.4 129.3 129.2 131.3 131.9 133.1 134.6 137.6 140.5 140.9 143.3 145.4
123.1 125.5 131.6 134.8 134.4 134.2 134.1 135 135.6 137.9 140.5 150 154.3 154.2 156.1 156.3 156.7 157.2 163.4 169 162 159 159.8 156.7 147.6 149.2 143.3 142.4 140.8 139.2 132.2 130.5 124.4 123.2 119.8 119.8 117.1 116 115.8 115.1 115.7 117.2 124.3 123.8 124.2 119.7 116.3 112.4 112.7 109 111.9 115.7 121.6 125.5 128.3 130.7 132.4 134.8 135.2 138.8 144.5 149.3 150.1 149.8 149.8 148.1 143.9 134.6 131.1 132 133.6 134.2 136.1 138.5 143.3 144.2 142.8 143.7 145.8
125 130.5 136.4 140.1 137.6 134.3 134.1 134.4 135.4 137.3 142.2 149 151.4 153.6 155.5 156.3 157 156.7 157.2 163.9 158.4 161.8 158.1 160.3 144.9 141.6 140.8 135.2 133.1 130.6 129.5 126.6 125.7 129.4 119.8 119.2 115.9 115 114.8 114.6 115.7 117.6 118.2 119.6 119.6 117.4 111.5 111.1 113.2 112.5 116.7 122.2 128.8 132.6 138.5 140.7 145.3 144.9 147.9 149.5 154.1 154.9 151.3 151.1 151.1 149 144.3 136.4 134.9 135.9 136.2 136.3 138.8 145.2 146.3 145.1 144.5 144.1 146.6
125.5 131.9 141.5 141.4 141 138.1 136.9 136.5 136.3 140.3 146 148.4 149.4 152.6 156.7 157.8 155.6 156.4 159.3 163 156.2 161.3 159.4 159 144.6 139.7 136.1 132.9 130.1 127.6 126.6 126.7 128.6 127.2 120.1 118.1 114.5 114.5 114.8 114.6 115.2 118.2 118.8 118.2 116.2 111.8 111.3 113.2 114.5 114.6 123.2 131.4 136.2 144.6 150.1 149.4 149.8 152 154.6 155.6 156.2 152.2 151.5 151.1 150.6 148.9 146.2 139.2 138.3 138.3 138.2 139.1 144.1 149.3 148.3 146.6 144.9 145.2 146.5
127 132.4 140.7 141 142.5 142.1 139.2 138.2 138.6 143.3 146.9 147.4 149.1 152.6 154.4 155.8 155.8 156.4 157.5 157.2 153.5 154.9 151.6 148.5 140.3 138.5 138.1 133.5 132.3 127.9 126.6 125.8 123.9 120.6 118.6 116.3 113.8 113.9 114.6 114.3 114.7 117.4 118.1 114.7 112.8 111.8 111.7 112.9 114.2 121 130.8 140.9 150.5 156.3 154.9 151.9 151.1 153.6 155.7 156.6 157.5 156.7 152.4 152.4 152.3 153.9 147.9 141.6 141.4 140.8 140.6 145.2 151.6 151.9 150.2 147.3 145.6 144.6 142.9
129 132.3 138.3 139 140.2 141.8 139.4 139.1 140.8 146 146.3 147.7 148.7 152.5 154.4 154 157.2 158.1 155.1 155.6 150.9 147.1 145.6 140.5 140.5 138.3 136.6 134.3 133.8 128.6 128.4 122.7 122 116.6 115.3 114.4 113.8 114.5 114.2 113.8 113.8 114.8 113.2 114.1 113.5 112.4 112.4 112.9 119.1 130.1 142.3 152.3 157.9 158.2 154.8 152.3 152.6 154.1 154.8 155.6 158.1 154.6 153.5 155.8 161.7 159.6 151.1 145.7 144.5 144.3 143 152.2 154.7 154.2 152.2 147.9 145.8 143.2 138
132 134.9 137.1 138.4 138.9 139.2 139.1 140.3 142.9 146 146.2 147.5 149.5 152.7 152.5 158.5 162.2 156.4 152.3 152.7 151.8 144.8 141.3 138.4 137.9 136.1 133.2 130.9 133 124.9 120.3 118.6 116.8 114.4 113.9 113.1 113 113.6 113.8 113.4 113.9 117.2 117.7 114.3 113.7 112.3 112.6 113.4 123.8 138.9 152.3 156.5 156.1 156.4 153 152.6 153.4 154.4 157.8 157.7 157.8 156.7 159.3 166.5 169.8 163.7 153.3 148.1 147 146.9 149.6 154.5 155.3 155.2 153.3 150.2 149.9 145.8 137.5
132.4 134.9 136.8 138.3 139.5 140.4 141.4 143.5 144.5 144.1 145.7 148.7 148.9 151.1 152.7 156.3 156.2 151.7 151.9 150.8 149.1 145.7 139.1 136.9 134.9 130.6 130.1 128.3 125.4 118.6 115.5 115.6 115.1 113.6 113 112.9 112.9 113 113.2 113.8 116.6 120.3 117.8 118.3 113 112.3 113.7 117.2 131.8 145.7 153.6 153.6 154.5 153.4 152 152.4 154.6 156.6 158.5 159 159.4 162.4 167 169.1 168.3 160.2 155.1 153.2 156.6 155.1 153.3 154.8 155.6 154.8 154.7 153.7 152.6 147.2 138.9
132.8 135 136.6 138.1 138.9 139.1 144.1 145.6 146.6 147 147.3 148 148.9 150.1 153.1 156 150.8 152 153.3 149.9 145.3 139 136.5 134.2 129.9 128.3 125.7 124.2 123.8 121.9 115.2 114.3 113.8 113.6 113.3 112.9 112.9 113.6 113.9 114.6 118.9 124.9 118.8 116.7 113.9 113.3 115.8 122.9 137.6 145.9 150.1 152.2 154.6 153.2 151.6 152.1 154.6 157 160.7 162.2 163.7 167.7 167.7 167.8 163 157.8 157 157.1 155.5 151.8 153.4 154.7 155.7 154.8 156.2 156.6 154 147.6 142.7
134 135.5 136.7 137.6 138.6 140.7 145.6 147.6 148.9 149.2 148.9 148.6 148.7 150.5 151.6 151.6 148.7 148.3 147 148.1 146.2 136.7 135.8 131.9 129.4 125.2 124 123.1 123.2 124.2 116.1 115.3 114.9 114.8 115.4 114.6 114.3 114.4 115.3 115.7 120.8 118.4 115.9 115.6 113.5 114.3 120.7 128 136.5 143.2 150.1 151.3 151.2 150 149.7 151.2 155.2 160.1 164.6 165.9 166.7 167.1 165.9 163.6 159.7 157.5 156.4 153.6 150.2 150.3 152.6 154.4 154.1 154.5 156.5 155.2 151 146.4 142.4
138.2 138.3 138.7 138.3 138.6 141.5 147.1 149.4 149.4 149.6 149.1 149 149.1 149.9 150.1 148.1 147.9 145.4 144.7 144.6 135.8 135.5 131.5 127.4 125.9 124.7 123.7 122.6 123.2 120.6 123 125.4 127.9 125.2 120.7 117 116.3 115.6 116.4 116.3 118.8 117.1 115.6 116.2 113.5 117.1 123.1 131.8 140.2 145.9 148.7 148.1 146.9 147.2 149.1 153.2 158.1 163.3 166.5 167.3 165.8 164.9 163.7 160.8 159.4 154.8 152.1 148.2 145.9 148.1 150.6 151.7 151.2 152.9 153.7 149.9 147.6 142.9 139.1
143.9 137.9 138 139.1 139.4 145.3 146.1 147.4 149 149.3 149.5 148.7 147.9 147.6 147.2 146 145.5 144.8 144.5 140.1 129.3 129.2 126.1 125 124 123.8 123.5 126.6 132.6 136.3 141 143.2 141.3 134.3 124.6 119.6 118.9 117.1 117.2 119.6 118.2 117.5 114.6 114.3 114.1 118.7 129.1 137.7 143.4 145 146.5 145.6 146.2 147.3 151.5 157.8 161.9 165.7 166.8 165.5 162.9 162.1 161.4 159.4 155.9 151.5 145.1 143 143.4 146.5 147.7 147.1 147.3 148.7 148.5 145.7 142.5 137 134.3
138.1 134.8 134.7 135.6 137.1 142.1 144.8 144.1 147.7 149.4 150.2 149.5 150.3 149.3 145.4 145.3 146 150 148.1 133.8 127 125.2 124.5 124.7 125.1 124.4 131.4 140 144.9 150 153.6 152.3 145.3 132.1 123.8 121.7 119.7 118.2 117.2 118.1 115 114.8 114.4 114.2 116.1 125.9 134.6 142 143.5 145.3 143.9 145.1 145.8 151.6 157.6 161.3 164.9 165.6 163.6 161.8 161.5 160.8 158.1 155 152 144.7 139.8 138.9 141.1 143.3 143 142.7 143.4 143.6 142.5 137.8 135.4 132.5 128.6
132.7 131.9 132 132.8 134 138.7 141.9 146.8 151.3 154 155.7 151.8 148.4 144.9 145.3 145.8 144.3 149.3 141.9 132.4 126.5 125 124.6 124.9 130.2 135.9 145.4 151.3 155 159.7 161.5 157 145.4 133.3 127.3 125.7 121.6 119.8 116.3 114.7 114.3 114.3 114.3 114.8 120.4 129.6 138.5 142.2 142 143 142.4 143.9 150.5 155 158.8 162.5 165 162.7 160.3 159.9 161.4 157.8 153.4 148.8 143.7 138.5 136.2 137.5 139.4 139.4 138.5 138 137.7 136.8 134.7 133.6 131.7 124.5 120.2
129.8 129.6 130 130.7 133.5 137.3 142.5 147.8 154.5 156 154.2 150 145.2 145 153.7 145.5 144.1 146.6 135.4 128.5 126.7 125.4 128.1 134.9 140.6 148 152.9 157.5 164 165.7 163 154.8 138.9 136.7 129.6 125.9 121.6 115.6 115.4 114.5 114.5 114.5 114.6 117.2 123.5 133.2 137.8 139.3 140.9 141.6 140.8 145.1 150.9 155.5 159.6 162.6 161.7 159.1 157.6 160.3 158.4 152.7 147.8 143.1 137.4 133.9 132.3 136.3 138.8 135.7 132.8 132 131.8 131.9 129.4 127.1 120.6 115.4 115.6
