public/OST50/NX26.asc
ncols 200
nrows 200
xllcorner 220000
yllcorner 560000
cellsize 50
[rows 70 to 104 of 200, columns 0 to 78 of 200]
114.7 119.9 124.6 124.8 129.4 131.1 134.5 139.5 141.6 142.8 145.6 151.2 154.3 156.1 158.8 162.3 166.9 171.1 173.1 173.5 173.7 173.2 168.3 164.8 164.7 162.2 161.4 159.3 161.4 166.7 168.3 170 172.1 176.6 181.8 188.6 191.8 195 200.3 203 207 203.8 194.4 189 186.2 184.4 179.3 173.1 170.3 171.6 170 163.6 164.6 166.6 167.7 177.9 187.2 197.3 204 205.5 214.1 225.6 230.8 232.9 233.5 236.8 228.5 224.7 216.7 213.4 208.7 201.8 193.3 179.8 172.6 171 169.6 166.6 165.6
113.4 117.6 120.7 124.7 127.5 129 133.5 140 142.1 143.9 146.3 149.7 153.8 155.7 160.8 166.8 170.3 172.4 175.6 175.7 175.4 172.9 167 161.9 161.3 159.3 157.4 161.1 166.6 171.2 168.8 169.4 171.5 174.1 181.3 186.7 187.2 193.8 197.8 200.7 204.7 199.2 190.2 187 182.7 181.1 176.6 168.4 167.8 169.9 167.2 161.5 161.5 163.3 167.2 176.3 185.9 194.7 198.9 201.5 215.5 221.1 224.5 230.1 229.1 226.8 221.6 217.3 212.5 212.3 208.4 200.1 191 176.5 172.2 171.4 170.2 166.4 164.7
111.7 116.2 119 122.5 125.7 127.5 132.1 138.7 141 143 145.7 149 153.1 158.2 163.7 168.5 172.2 174.3 175.7 175.8 175.6 171.5 165.5 159.9 158.5 157.1 157.7 165.1 167.7 169.3 167.1 168.5 170.6 173.6 179.1 182.1 185.1 191.9 194.7 198 198.8 191.9 185.4 180.1 178.9 175.8 172.6 165.5 165.7 167.9 164.2 158.9 159.1 161.2 168.8 175.8 183.5 189.4 198.6 198.1 210.2 213.9 217 219.9 217.9 212.8 212.3 209.2 210.3 212.5 206.1 197 185.2 173.6 171.2 171.4 169.9 163.9 164.1
108.4 112 116.3 120.5 122.7 128.2 132.4 137.9 139 142 144 146.9 151.3 159.9 166.2 171.1 175 177.4 176.9 175.6 175.4 169.4 163 159.4 158 156.5 157.7 164.4 166.2 165.7 166.2 168.2 169.3 172.5 178.7 177.9 184.7 188.9 191.2 193.3 191.6 183.5 178.6 175 172.6 170.6 165.8 162.9 164.3 166 160.6 157.3 158 161 168.4 173 179.5 189.2 197.1 194.5 209.1 209.1 212 213.2 206 207.1 207.5 203.4 208.2 210 200.7 191.8 177.8 170.3 170.1 171.6 168.3 163 162.2
106.9 108.9 114 118.8 121.6 126.5 130.7 134.6 137.1 140.5 143.1 147.2 151.9 160.3 167.9 174.6 178.2 178.9 176.9 174.9 173.3 169.3 164.2 160.8 158.1 155.9 157.5 161.2 161.9 162.3 165.5 168.7 168.7 171 175.5 177.7 183.1 184.7 187.3 188.4 183.1 178 173.4 171.6 169.4 165.2 163.2 160.8 162.7 163.1 157.6 156.1 156.2 158 166.3 168.5 176.1 184.4 190.1 195.2 203 206.2 205.8 202.7 200.6 200.5 198.8 198.4 202.5 202.4 192.9 182.3 171.2 166.8 167.8 169.4 166.1 161 162.8
107 107.4 112.7 116.3 119.9 124.3 129.8 133.6 136.1 139.7 143 146.6 152.3 158.6 169 176.3 180.9 179.7 177.8 173.8 172.2 168.8 162.4 159.6 158 154.3 155.6 158.1 159.5 162.7 167 167.5 167.6 169.3 171.9 177.9 180.3 180.9 183.4 182.1 177.9 173.2 169.2 167.6 165.1 159.5 159.3 159.2 161.1 158.8 154.9 154.6 153.8 156.1 162.4 168.6 174.1 183.6 189.1 191.7 198.7 201.7 200.4 199 194.9 194.3 192.3 190.5 194.7 191.2 182.6 172.5 166.4 163.1 167.7 167.1 162.9 160.4 167.2
106.9 108.6 112.3 115.3 118.7 122.4 130.1 133.5 137.1 140.6 143.9 147.8 153.1 159.6 166.7 176.5 179.7 177.6 175.1 172.5 170.1 166 159.6 157.7 155.9 152.3 153.4 154.6 156.8 164.3 167.7 166.1 166.5 168.6 171.1 177.1 178.6 179.6 180.4 177.2 173.4 168.5 165 163.4 161.1 156.1 156.3 157.3 159.2 155.8 152.9 152.2 152.8 157.5 161.8 168.7 176.9 183.8 186.2 187.6 192.4 196.9 194 190.6 187.8 189.1 187.4 184.3 185.7 181.2 172.6 166.6 160.8 162.1 165.3 163.4 158.9 160.3 167.4
110 109.1 110.5 112.8 117.2 124 129.6 134 138.4 142.3 145.5 149.3 154.2 160.8 167.2 172.6 174.8 174.1 171.5 169.3 166.8 163.1 156.9 155 154.1 150.5 151.6 153.6 160.3 165.6 166.6 164.8 165.9 167.6 170.6 175.5 177.2 177.2 176 172.3 168.6 164.5 161.8 159.5 156.1 153.2 153.8 155.6 156.3 153.4 151.7 150.9 154.9 158.4 163.5 170.3 177.2 183.2 184.3 185.9 188.3 191.6 193.9 186 187.1 183.6 180.4 179.3 178.9 172.5 167.1 161.9 160.8 161.2 161.3 157.9 156.2 159.4 164.5
106.7 108.5 108.1 110.7 116.3 123.9 129.2 134.4 140.3 143.7 146.8 150.7 155.2 160.3 166.2 170.1 170 168.9 166.4 165.3 163.4 159.4 154.2 152.1 151.1 148.7 150.3 155 162.5 167.2 165.5 162.3 164.1 165.5 169.6 172.5 174.6 174.8 173.1 168 162.7 160.7 158.6 156.3 153.4 151.4 151.9 153.5 153.1 152.1 151.2 150.5 154.1 158.7 163.2 171.1 175.8 179.9 181.6 183.6 186 191.8 194.9 185.5 182.7 178.5 176.1 175 172.4 168.8 164.9 160.5 156.7 158.1 157 153.2 153.2 156.3 156.6
107.4 107.9 106 108.2 115.2 122.1 128.2 135.1 140.9 144.6 148 151.7 155.5 160.1 164.6 165.7 165.7 164.9 163.1 161 158.5 153.6 150.1 148.5 147.5 147.6 149.6 157.7 163.8 166.8 163 160.3 162.3 164.4 168.7 171.5 173.1 172.3 169.2 163.2 159.5 158.1 156.6 154.7 152.8 151.1 150.2 150.7 151.5 151.2 150 150.4 153.2 157 161.9 168.9 173.4 177.3 177.7 180.4 184.5 191.2 189.2 181 177.8 174.1 171.1 168.5 166.7 166.5 164.7 160.8 154.1 154.1 152.6 149.7 150.6 153.5 153.2
107.6 106.1 106.1 108 114.4 119.1 126.2 134.2 140.4 144.5 148.2 151.7 155.3 159.4 162.9 162.7 160.4 159.9 159.6 157.2 153.1 149.7 145.3 145.2 144 147.2 150.5 157.2 163.5 164.8 160.5 159.6 160.8 163.2 168 170.7 171.3 170 165.3 159 158.6 157.2 155.4 153.7 152.3 150.8 149.9 150.2 150.8 150.1 148.8 148.2 152 158.2 161.8 166.6 169.4 172.7 175.2 176.6 182.5 189 187 180 175.4 169.3 166.3 163.7 163.4 164.2 164.7 158.7 151.8 151.2 148.7 148.3 148 148.6 149.9
107.3 103.4 106.6 109.6 111.9 116.1 123.5 131.9 137.6 143 147 151 154.7 158.4 160.7 159 156.2 154.8 154.8 152.8 149.7 145.6 142.8 141.7 144.8 146.8 151.3 157.2 161.9 161.5 156.8 158 159.7 162.3 167.2 170.8 169.8 165.8 160.7 157.5 157.3 156.1 154.4 152.7 151.3 150.3 149 149.4 150.5 148.7 147.9 147.3 149.3 155.7 160 165.6 169 170.8 173.1 176.8 182.4 187.3 180.4 177.1 171.9 166.9 162.6 159.8 161.5 165 163.6 156.6 148.8 149.4 147.5 147.1 147 147.1 147.8
103.1 102.7 105 108.1 109.9 114.5 120.6 126.8 133.3 139.3 144.8 149.1 153.1 156.8 156.9 154.1 150.8 150.2 151.8 150.2 147.2 143 140.2 138.9 143.2 145.3 150.6 154.8 158.9 157.3 154 156.1 158.3 161.1 166.4 169 165.2 160.9 156.8 156.4 156.1 154.8 153.3 151.7 150.5 149.6 148.5 149 149.3 148 147.1 147 148.4 153.9 158.7 164.3 169.5 170 171.8 176.5 180.2 182.7 178.6 176.8 169.7 164.1 159.9 156.9 160.6 164.8 161 154.1 150 148.5 147.6 146.4 146.2 146 146.1
97.1 100.8 102.7 106.3 110.3 115 118.7 123.4 127.6 133.2 140.9 145.9 150.2 152.6 151.5 149.3 148.4 148.3 150.1 148.6 145.3 141.8 138.6 137.8 140.5 144 148.5 152.5 154 150.2 151.5 154.9 156.7 160.1 165.5 165.7 160.3 156.4 156 155.6 155 153.6 152 150.5 150.4 149.6 148.3 148.7 147.9 147.3 146.4 148.2 149.8 154.5 158.7 164.5 167.3 168 170.9 177.9 177.6 176.1 175.4 173.2 166.4 164.1 158.3 155 159.6 162.8 157.5 151.7 149.9 149 148 146.8 145.2 145.5 144.8
95.8 100 103.9 108.9 115.7 119.6 122.9 125.2 126 128.6 136.5 141.4 145.2 146.7 145.7 146.5 145.9 145.9 147.2 146 142.4 139.1 136.7 136.5 138.4 141.8 145.3 147 147.8 145.7 148 153.8 154 159.6 164 162.4 157.2 155.5 155.2 154.8 154 152.5 150.7 150.1 149.9 149.7 148.4 147.1 146.4 146.3 146.9 148.9 150.3 152.8 156.4 161 162.4 165.7 169.9 176.8 174.6 170.8 169.1 167 164.2 163.1 156.1 154.9 159.3 159.4 155.2 151.1 150.4 149.4 148.4 147.2 145.6 144 143.2
100.3 103.9 108.2 114.1 119.7 124 128.4 131.7 132.5 130.1 133.4 136.9 140 142.5 144.6 145 144.4 143.5 143.4 142.2 139.8 137.3 134.7 135 136.8 138.9 140.1 140.6 140.8 141.5 145.2 149.6 152.5 158.1 161.2 159.1 155.7 155 154.8 154.3 152.8 151.1 149.8 149.6 149.4 149.2 149 147.8 146 145.5 146.1 147.6 149.8 152 153.2 156 159.1 164.4 169.5 172.3 168.5 165.1 163.2 162.8 163 160.1 153 153.7 156.9 154.4 152.4 151.2 150.9 150.1 148.9 147.6 145.7 144.3 141.6
102.9 105.4 111.1 116.4 122.5 126.9 132.3 136 136 131.5 132.3 134.8 139.8 146.1 147.1 144.6 143.4 142.3 140.4 139.2 137.7 135.7 133.2 133.5 135 137.4 138.7 138.5 138 141.1 147.7 150.5 152.3 155.9 156.4 154.1 154.9 154.5 154.2 153.3 151.5 149.9 149.3 149.1 148.9 148.8 149 148.2 146.2 145.4 145 145.9 147.7 149.7 151.6 153.5 156.6 165 168.8 168 164.8 161.6 160.3 159.9 160.5 156.4 149 149.6 150.8 151.9 150.9 151.1 151.2 150.9 149.7 148.2 145.9 143.3 141
101.9 106.3 111.4 116.5 121 125.8 131.6 135.9 135.7 131.3 132.1 134.3 142.8 150 149.7 146.4 144.1 142.5 140.8 139 136.5 133.7 132.3 132.6 133.8 136 137.2 137.1 138 139.5 146.3 148.4 149.6 151.5 150.5 152.3 153.3 154 154.5 153 150.3 149.4 148.8 148.6 148.4 148.6 148.9 147.9 145.7 144.3 144.5 145.2 146.2 148 149.8 151.6 156.9 164.6 165.5 164.7 161.3 158.9 157.5 156.6 156 151.2 145.5 145.3 146.7 148.8 150.3 150.8 150.8 150.9 150.8 149.2 144.5 142.4 140.7
99.6 104.2 108.7 112.8 116.4 121.2 126.6 131.9 133.7 129.6 130.7 135.6 146.3 152.7 152.3 149.8 147.9 146.7 144 140.6 137.4 134 131.6 131.8 132.9 133.9 135.3 136.5 139.2 139.7 144.3 146.5 146.8 147.7 148.4 151.6 152.8 154 153.8 152.3 151.2 150.1 149.5 148.6 148 148.3 148.5 147 145.4 143.4 143.8 144.4 145.5 147 148.4 150.2 156.1 163.2 164.5 162 158.3 156 154.5 152.6 149.1 143.9 143.7 142.1 144.4 146.2 149.2 150.7 150.7 152.7 153.3 149.6 143 141.4 140
95.3 100 103.9 106.8 108.8 113.7 118.7 123.9 130.2 127.4 130.2 140.5 148.9 152.5 153.1 151.4 150.9 149.2 146.1 140.6 136.2 132.9 131.1 131.3 132.8 133.6 135 138.5 140.5 139.4 141.4 144.6 145.6 147.4 149 152 153.3 154.2 153.8 154.4 152.1 151.1 152.8 149.3 148.7 148.2 147.9 147.3 145.6 143.5 143.4 144 145.2 146.5 147.3 149.8 155.4 161.8 161.2 158.5 155.2 153.4 151.2 149.1 143.7 142.1 140.6 141 142.5 144.6 148.2 149.9 152 155.2 152.4 146.3 141.5 140.7 139.9
92.1 94.8 97.7 100.2 103.3 107.2 111.9 117.7 124.6 125.3 132.5 139.9 140.6 143.7 147.5 147.8 149.3 148.5 145.3 139.7 134.7 131.9 129.8 130.6 133.1 133.5 136.2 137.8 138.2 139.9 141.4 143.4 144.9 146.4 150.8 152.7 154 154.8 154.4 154 152.7 151.6 151.4 149.2 148.7 148.3 147.7 147 144.9 143.3 143.4 143.9 145.1 146.3 147.8 148.5 152.3 156.1 156.3 154.4 152.8 151 149 146.4 143.8 141.8 140.4 140.5 141.5 144.4 147.7 150.5 154.3 155 149.5 142.6 141.2 139.9 139.3
89 90 90.9 94.1 98.9 101 107 111 115.5 120.7 127.4 129.2 132.8 135.9 138.7 139.8 142.3 143.4 140.7 135.5 133.2 130.9 129.6 131.2 133.5 134.6 136.3 137.1 137.6 140.3 141.5 143.5 144.5 149.9 152.6 153.1 154 155 153.8 153.5 151.5 152.2 151 147.6 147.9 147.2 145.9 145.2 144.4 143.1 143.3 143.7 144.9 146.2 147.5 148.5 150.8 152.2 152.9 152.1 150.7 148.9 147 144.6 142.9 141.3 140.5 140.6 141.7 144.3 146.9 152.4 154.6 152.3 146.2 141.1 140.1 139.3 138.5
88.9 88.6 89.3 92.2 94.2 99.1 103.2 106.1 108.7 114 119.6 122.7 126.4 128.4 130.8 133.3 135.8 138.7 136 133.8 131.5 129.2 128.9 130.6 133.5 133.8 135.6 136.9 137.5 141.7 141.2 142.8 145.8 150.7 152.3 154.6 158.3 155.6 153.5 151.5 150.5 150.1 146.8 146.6 146.1 145.8 146.4 145.5 143.1 143.1 143.3 143.5 144.8 146.1 147.3 147.9 149.2 149.1 149.8 149.8 148.6 147 145.2 143.6 141.9 140.5 140.2 141.2 142.7 144.5 147.5 151.7 152.5 148.9 142 140.1 139.1 138.2 141.7
88.8 88 88.7 89.9 92.3 95 98.4 100.9 102.3 111.4 116 118.4 119.7 121 123.5 127.6 130.7 134.8 133.3 131.2 129.4 128 128.8 130.1 133.1 133.9 134.3 135.3 141.5 142.5 142.5 143.9 146.4 152.4 153.9 155.9 156.7 154.6 154.6 150.4 149 148.1 145.5 144.5 145.6 145 146 144.3 143.1 143.1 143.7 143.6 144.7 145.9 146.9 147.7 148.4 148.3 148.1 147.9 146.6 145.2 144.2 142.6 141.3 140 140.5 142 143.2 144.6 148.1 149.7 150.2 145.6 141.2 139.5 139 140 146.7
86.8 86.8 87.8 89.4 91.1 93.6 95.4 97.3 103.7 107.9 111.6 114.1 113.3 115.3 119.6 122.3 126.8 132.1 130.8 128.6 127.2 128.1 129.1 130.2 132.3 134.1 134.1 135.7 140.7 141.3 142.6 144.1 147.6 155.5 153.8 154.9 153.8 152.3 150.3 148 148.1 147.1 144.3 144 144.3 144.2 144.2 142.7 142.9 142.5 143.3 143.7 145 146.7 147.2 148 147.6 147.2 147.1 146.8 145.9 145.8 144.1 142.7 141.1 139.7 140.6 142.3 143.2 144.2 146.2 147.6 147.8 142.4 141.1 139.9 139.2 143 148.1
86 88.7 91.7 93.3 90.4 91.7 94.2 96.3 97.7 103.2 105.4 108.1 109.3 114.4 118.1 121.3 124.2 129.1 129.2 127.3 126.6 128.3 129.3 130.7 131.3 133.4 136.2 136.6 140.2 140.9 142.7 144 146.6 152.2 152.7 150.1 151.4 149.9 147.8 146.6 145.4 144.9 143.5 143.5 143 143.4 142.4 142.3 142.5 141.4 142.3 143.5 145.3 147.3 147.8 147.2 146.9 146.5 146.1 145.6 144.8 144.1 143.4 141.9 140.3 139.4 141.3 143.2 143.7 144.1 144.9 146.9 146.3 142.7 141.4 140.6 140.8 147.4 149.1
91.8 94.7 96.8 97.9 99.6 98.6 99.9 99.9 99.7 104 105.1 102.8 108.6 113.7 118 120.1 122.8 126 126.9 126.4 127.3 129.3 130.6 131.5 133.4 133.9 135.1 136.6 137.7 140 142.2 144.1 147.9 149.1 149.1 147.9 147.1 147.5 144.8 145.5 144.3 142.7 142.3 142.6 142.4 142 140.8 141 141.2 140.8 141.5 142.6 144.8 146.6 147 146.5 146.2 145.9 145.1 144.5 143.8 143 142.1 140.9 139.2 139.8 141.8 143.6 144.2 144.8 145.2 145.6 145.7 143 141.6 141.8 143 148.8 146.4
95.8 96.5 100.4 101.4 102.1 102.3 103.8 104.4 104.8 107 108.5 109 105.5 111.8 116.5 119.4 121.9 124.5 125.3 125 127.4 129.1 130 131 132.5 133.4 134.1 136.5 139 141.6 143.2 144.1 145.6 146.4 146.7 145.5 144.9 144.5 143 143.3 143.2 141.6 141.2 141.9 140.8 140.5 139.8 141 140.3 140.2 140.8 141.9 143.6 144.8 145.7 145.7 145.5 145.2 144.1 143.4 143.1 142.4 141.2 140 138.7 141.3 142.7 143.7 144.3 144.8 145.1 145.6 146.1 142.5 142.4 142.7 145.2 149.4 142.8
99.3 99.5 102.5 103.2 104.6 105.5 106.5 107 107.5 109 110.2 115 112.1 109.4 113.3 118 120.8 123.5 124.3 124.1 124.9 126.9 127.9 130 131.2 133.3 135 138.3 141.5 142 143.1 143.8 144.5 145.5 146.3 144 142.8 142.8 141.6 142.4 140.9 140.4 140.9 139.8 140.3 139.9 139.9 140.6 140.3 140 140.3 141.6 143.2 144.4 144.9 144.6 144.1 143.6 143 142.8 142.6 141.9 141.2 139.7 139.4 141.6 142.7 143.6 144.2 144.7 145.1 146 146 143.4 142.2 143.6 145.6 147 140.8
101.1 100.5 101.9 103.5 104.3 107.3 109.5 109.8 109.3 111.1 113.3 115.6 111.2 110.5 114.3 116.6 119 122.5 122.7 123.7 125.1 127.7 130.7 131.1 132.3 134.3 137.4 138.6 140.8 141.3 142.6 143.6 144.4 145.1 143.1 142.1 141.6 141.2 140.8 140.6 140.8 140.2 139.3 139.1 139.5 139.8 139.6 139.1 138.8 138.3 139.3 142.2 144.3 144.3 143.7 143.4 143.5 143.1 142.5 142.2 142.1 141.4 140.6 139.6 139 141.7 142.6 143.4 144.1 144.7 145.4 148.8 145 144.1 143.6 144.2 145 143.8 139.4
102.5 101.8 103.8 107.2 107.9 109.5 112.2 112.2 111.7 111.8 114.7 115.3 111.1 112.7 115.9 116.3 117.7 121.6 122.3 123.9 126.1 127.9 130.3 131.1 133.7 135.4 136.9 139.1 140.1 140.8 142.1 143 143.9 143.3 142.3 141.2 141 140.6 140.2 139.8 140 139.9 138.8 138.1 139.3 138.8 137.3 137.5 137.6 137.7 139.4 142.5 143.2 143.5 142.9 142.8 142.9 142.6 142 141.7 141.5 140.9 140.1 139 139.5 142.1 142.7 143.4 144 144.7 145.8 149.3 144.6 143.9 143.6 143.6 144.4 143.9 140.2
104.1 106.2 110 111.3 113.3 113.7 115 114.4 114 115.9 117.5 116.6 111.7 111.2 113.1 115.3 117.8 120.8 123.1 125.5 126 128.8 130.1 132.3 134.2 135.9 136.8 138.1 138.7 140.3 141.7 142.3 141.9 142.3 141.4 141 140.5 140.1 139.6 139.1 139.1 138.9 138.1 137.5 138.7 138 138 136.3 137.2 137.1 138.4 141.1 141.7 142.1 142.1 142.3 142.3 142.1 141.5 141.1 140.9 140.2 139 137.9 140.9 142.5 143.1 143.7 144.4 145.1 148.3 147.5 144.5 143.7 143.3 143.1 144 143.9 137.8
109.8 112.3 114.3 114.8 117.1 119.1 119.1 117.9 119.2 118.1 118.9 117.9 114.3 112.9 112.9 115.1 118.1 119.9 125.3 128.1 130.2 129.9 130.8 133.1 133.8 136.5 137.6 138 138.5 139.1 140.4 141.3 143.7 141.2 140.9 140.3 139.9 139.5 139 138.4 138.2 137.7 137.3 136.9 137.6 137.8 137.5 136.6 137.1 138.4 139.6 139.7 140.4 140.8 141.8 141.6 141.2 141 140.8 140.2 139.1 138.8 137.9 139.4 141.7 143.2 143.6 144.1 144.7 145.1 148.3 145 144.2 143.5 142.6 141 141 138.6 138.5
113.5 114.3 116.5 119.5 120.5 121.1 120.7 120.9 122.5 119.1 118.7 117.6 114.9 113.6 114 115.8 118.1 120.9 124.1 129.3 129.9 130.4 131.1 133.1 134 138.1 137.8 137.9 138.4 138.8 140.1 144 146.4 140.4 139.7 139.2 139.1 138.9 138.3 137.5 137.5 135.6 136.1 136.3 136.9 137.1 137.6 136.3 136.8 138.2 139.5 139.7 140 140.5 141.3 140.7 140 139.5 139.1 138.6 137.5 137.3 138.8 140.5 142.1 143.7 144.1 144.4 144.7 145.1 144.8 144.6 143.9 143 140.6 140.9 140.5 140 140
116.5 116.6 118.8 121.1 122.8 124.7 126.5 125.2 124.3 121.4 118.5 117.3 115.1 114 115.1 118.6 120 121.8 123.5 126.8 128.3 129.7 130.8 132.6 134.6 138.5 137.4 137.7 138.3 138.9 141.9 147.6 146 138.9 137.8 137.7 137.4 137.7 137.3 136.4 135.3 134.8 135.2 135.4 135.1 136.1 135.9 135.6 136.7 138.1 139.3 139.6 140 140.4 140.5 139.9 138.8 138.4 137.9 137.7 137.5 138.3 139.2 141.1 142.7 143.7 144.2 144.6 144.9 145.1 144.7 144.2 143.5 142.5 141 141.3 143.8 141.7 140.7
