public/OST50/NX27.asc
ncols 200
nrows 200
xllcorner 220000
yllcorner 570000
cellsize 50
[rows 140 to 174 of 200, columns 0 to 77 of 200]
285.4 277.3 272.7 269.3 266.7 261.2 255.4 251.6 243.9 237.8 232.9 231.1 229.1 226.9 226.7 226.8 228.9 229.4 224.4 216.5 215 213.4 212.3 212.1 212.6 213.3 213.6 214.4 212.9 210.9 208.3 205.6 204 203.5 203.4 200.6 198.8 198.7 199.6 201.2 203.2 204.1 204.9 207.2 210 214.9 221.8 231.5 239.6 244.6 249.9 255.7 260.7 264.2 267.4 268.6 270.6 271.5 271.4 270.9 268 263.8 262.7 262.6 262.6 260 255.4 250.2 245.9 243.5 240.6 236.2 229.3 223.1 218.2 213.3 208.8 204.1
283.3 277.7 269.4 265.5 262.9 256.6 252.3 247.3 240.7 236.3 232.1 230.3 227.3 223.1 221.1 223.3 226 225 220.5 215.3 214.5 213.1 211.5 211.9 211.6 212.2 213.5 213.7 213.6 211.4 208.2 205.3 203.5 202.7 201.7 200.7 198.3 199.2 201.2 204 205.8 207 208 208.3 209.6 215.8 222.5 231.3 241 246.8 252.3 257.6 262.4 265.2 268.4 270.7 272.3 272.2 271.8 271.2 270.1 264.1 258.8 258.4 258.7 257.5 253 248.5 244.3 243.8 242.3 239.3 233.6 227 219.6 213.8 208.9 203.9
278.7 270.3 262.8 259.8 255.7 251.9 248 243.7 238.6 235 230.5 228.4 225.1 220 216.7 219 222.1 220.2 215.1 214.5 214.1 212.5 210.7 210.8 210.8 211 211.4 213 214.6 213.2 208.2 204.7 203.1 202.3 201.1 199.4 197.7 200.9 203.2 207.3 208.8 209.2 209.3 208.9 210.6 218.1 225.7 232.6 240.4 247.3 253.3 258.1 262 265.5 269 271.4 272.4 272.5 272.1 271.8 270.8 264.8 257.1 254.3 254 253.4 249.6 246.1 244.2 244.4 244.5 243.1 238.2 228.7 219 213.9 209 204.9
270.5 259.5 256.2 253.4 249.7 246.1 243.1 239.9 236.6 232.9 227.6 225.8 223.4 218.6 215.8 215.3 217.2 215.3 213.7 214.2 213.5 211.7 209.6 209.2 209.5 209.1 210 211.1 212.2 210.9 208.6 205.3 202.5 201 199.7 198.5 197.8 199.5 203.4 208.7 210.6 210.5 210.2 210.2 212.6 219.9 227.2 234.7 243.4 250.3 253.1 256.1 259.9 265.1 269.5 271.5 272.7 272.5 272.5 272.3 270.6 263.3 256.1 251.5 249.2 247.6 245.4 241.9 242.1 244.5 247 247.9 241.4 229.1 217.6 213.7 210.6 207.3
260.5 252.9 250 248.4 244.2 241.4 238.8 236.3 233.4 229 224.7 221.9 220.4 218.6 215.2 213.5 213.3 212.4 212.9 213.6 211.9 210.6 209.4 209.5 210.3 210.3 208.7 209 209.5 209.5 208.6 207.4 202.6 201.3 200.3 198.4 198.6 199.1 203.9 209.2 210.7 210.8 210.7 212.4 214.4 219.1 226 234.6 244.3 250.1 251.2 253.8 259.8 264.7 267.8 270.3 271.8 271.9 272.4 272.7 271.1 263.9 256.2 251.1 247.6 245.8 244.8 242.2 240.8 243.7 247.8 246 236.2 225.3 218.2 215.2 212.5 210.1
253.3 248.9 246.7 243.9 239.7 238.6 236.4 233.7 230.1 226.4 222.8 219.6 218.2 216.9 214.9 213 212.1 211.5 212.1 212 210.4 209.3 209.6 210.2 211.6 211.4 210.7 208.1 207.5 208.8 209 207.4 204 202.1 200.3 198.2 198.7 198.7 202.3 209.5 210.8 211 211 212.9 215.7 218.7 223.5 232.7 240.5 242.9 250.4 257.4 261.6 261 264.7 269.2 270.6 271 271.3 272.1 270.8 264.7 257.2 251.4 248 246.7 244.2 241.1 239.2 240.4 241.9 238.4 231 224.6 219.3 216.9 214.5 213.7
248 245.7 243.7 240.3 239.4 239.4 238.1 234.8 229.1 224.1 220.3 218.8 216.8 214.4 213.1 212.4 211.8 211.3 211.1 210.4 209.6 209.1 210.2 211.1 213 213.3 211.8 209.2 206.4 206.6 206.9 208.1 206.5 203.5 200.1 198.3 197.6 198.3 201.7 208.7 210.7 211.2 212 213.3 215.4 217.7 219.9 226.4 236.2 242.7 250 256.5 257.6 257.3 262.1 265.6 266 269.4 270.2 271.1 268.8 264.3 259.1 252.8 248.4 246.6 244.1 240.7 236.9 236.2 236.3 232.8 227.9 223.3 219.5 217.8 216.5 216.9
246.7 244.6 242.9 241.8 240.7 240.5 238.3 235.8 229.3 223.4 219.5 217.3 215.2 213.9 212.6 212.2 211.8 211.2 210.9 210.4 210 210.5 211.4 212.1 212.6 212.4 210.1 208.5 206.2 204.8 206 206.5 205.4 202.1 199.4 197.9 197 197.2 200.2 206 210.4 211.2 212 212.9 215.1 216.9 218.2 222.7 232.5 243.3 250.9 251.3 250.9 254.2 257.6 261.9 264.9 270 268.1 267 266.1 262.2 260.7 255 249.6 246.3 242.9 239.1 235.5 233.3 231.7 227.6 223.9 221 220.3 218.8 218.9 221
247.9 246.2 244.7 243.5 241.7 239.7 236.7 232.6 228.8 223.1 219.3 217.4 215.7 214 212.7 212.1 211.7 211.3 211.2 211.3 211 211.5 212.1 212.4 212.2 210.9 208.5 207.3 205.7 204.7 205.7 205.8 206 204.6 202.3 197.8 196.5 195.8 197.1 201.5 207.4 209.5 211.4 212.3 213.1 214.3 215.4 220.7 226.7 233.4 242.2 244.3 245.7 249.6 253.7 257.8 263.2 265 264.8 264.4 262 258.8 259.8 258.3 250.2 244.5 239.7 236.3 234.8 233.2 229 224.3 220.5 220.3 221.1 220.3 221.8 223.4
249.9 249 247.6 246.4 243.6 240.3 234.9 230.6 226.9 223.2 219.5 217.7 215.9 213.8 212.7 212.2 211.7 211.9 212.2 212.5 212.3 212.7 212.3 212 211.2 209.5 208 206.4 204.9 203 205.7 205.9 206.2 204 202.3 198.9 196.2 195.1 195.7 199.1 204.1 208 210.7 211 210.7 211.5 212.6 216.6 220.5 228.3 233.1 236.2 238.6 243.1 247.6 252.4 258.4 260.1 261.3 261.4 258.5 252 252.9 253.7 247.4 240.8 237.1 235.2 233.7 230.3 225.8 221.3 218.1 218.8 220.9 222.9 223.8 224.7
251.2 251.3 251.2 250.7 246.8 240.8 234.6 229.1 225.7 223.1 219.8 218 216.4 214.3 212.7 212.3 212 213.4 213.7 215.1 215 213.7 212.4 211.3 209.7 208.2 207.1 206 204.4 203.2 204.7 206.5 206.4 202.1 198.2 197 195.5 195 194.9 197.8 201.8 205.7 209.4 209.9 209.5 209.9 210.3 213.2 217 222 226.9 230.1 232 236.8 242.2 246.5 250.8 253.2 255.4 256.4 253 248.1 246.5 245.3 241.1 234 233.4 231.7 230.4 226.3 221.8 217.5 216.5 218.7 221.6 223.1 224.1 224.9
253 255.7 255.7 255.1 250.3 243.8 236.6 229.1 224.9 222.2 220.1 218.5 217 215 213.3 212.7 212.4 214 215.9 218.6 218.1 215.5 212.8 210.5 208.9 207.7 206.4 205.2 204 203.2 202.9 203.6 201.9 199.6 197.4 195.7 194.2 194.1 194.2 196 199.9 202.2 206 207.6 208 208.2 208.4 211.2 214.2 217.9 221.5 224.3 230 233.2 235.9 239.5 243 245.7 248.4 249.4 245 242.5 243.4 241.2 235.5 230.6 230.2 228.2 225.9 221.8 217.7 215.3 216.1 218.5 220.9 222.2 223.6 224.5
256.5 258.6 259.6 258 253.4 247.1 238.1 230 225.6 223.5 221.9 220.6 219.1 216.5 214.7 212.5 212.6 214.8 218.6 220.5 220.1 217.5 213.7 210.3 208.3 207.1 205.9 204.6 203.4 202.3 201 200.4 199.2 198.1 196.7 195.2 193.3 193.5 193.1 193.8 196.2 198.9 202.4 204.8 204.5 204.9 206.1 208.9 211.8 214 216.7 218.3 225 227.9 229.8 232.7 235.9 238.3 239.6 240.8 238.2 238.2 238.2 236.2 232.9 228.9 226.4 224.6 222.3 218.3 215.9 214.3 214.9 217 219.2 221.2 223 223.9
261.3 262.5 263.1 261.7 256 248.3 239 231.4 227.3 225.3 223.7 222.4 221.1 218.7 215.1 212.4 213.4 216.2 220.2 220.4 219.7 217.3 213.6 209.9 207.8 206.5 205.3 204.1 202.8 201.7 200.3 198.5 197.8 196.9 195.5 194 192.8 191.9 191.4 191.6 192.4 196 199.4 200.1 200.5 202 204.9 208.3 209.4 211.5 213 215.9 219.8 222.9 225.1 228.3 230.4 231.5 231.7 232.1 231.6 231.9 232.1 229.3 227.6 224.3 221.2 219.1 217.1 215 212.4 211.6 213.2 214.9 217.3 219 221 222.3
263.4 265.3 265.8 262.8 256.2 248.3 239.4 233.2 228.5 227 225.4 224.3 222.5 219.9 216 213 212.7 213.9 217.1 219.1 218.5 215.6 212.6 209.5 207.9 206.3 204.7 203.5 202.3 201.1 199.5 197.7 196.8 195.7 194.3 193.1 191.9 190.7 189.9 189.5 190.2 193.2 197.6 199.4 200.6 203.1 205.4 205.9 206.6 209.1 211 213.5 215.6 218.6 221.3 224.7 225.6 227 227.2 225.6 224.8 225.8 225.5 222.9 221.6 219.2 217.7 215.3 212.8 210.7 209.1 208.6 210.2 211.8 215 217.1 218 217
264.3 266.3 265.9 261.8 255 246.5 239.6 234.4 229.7 228.4 227.2 226 223.9 220.8 217.1 214.7 213 213 213.9 218.2 217.8 215 212.1 209.5 207.9 206.3 204.7 203.1 201.7 200.5 198.8 197.3 195.9 194.7 193.5 192.2 191 189.7 189.3 189.2 190.6 195.1 201 204.8 206.4 206.4 205.1 204 203.9 206.4 209.2 212.2 214.8 217.3 220.3 221.9 222.2 222.5 220.9 219.4 218.8 218.8 218.5 218.5 218.8 215.5 214.1 211.8 209.5 208.5 207 205.2 206.6 208.6 212.5 213.8 213.9 215.3
264.2 266.7 262.7 257.7 251.6 244.6 239.7 234.9 230.9 229.5 229 228 225.8 222 218.7 216.8 212.9 213.3 214.3 216.3 216.4 214.7 211.8 209.7 207.7 206.2 204.6 203 201.5 199.9 198.1 196.3 194.6 193.4 192.1 190.9 189.6 189 188.6 189.2 192.8 197.8 204.1 208.2 208.5 206.3 203.5 202 201 205.1 210.1 212.3 214.3 216.2 218.1 218.9 219.6 219.5 218.5 216.1 215.3 212.8 212.3 214.2 213.4 211.1 210.5 208.8 208 206.9 205 202.5 203.2 204.7 208.9 210.5 212.4 212.2
262.4 262.5 257.9 252 248.9 244.3 239.3 234.2 232 231.1 230.8 230.1 227.6 223.6 220.4 218.2 216.2 214.5 214.6 215.4 215.2 213.9 212.2 210.1 207.8 205.8 204.3 202.7 200.8 198.7 196.8 194.9 193.1 191.9 190.8 189.5 188.9 188.5 188.7 189.8 193.1 198.3 203.4 207.7 207 204.1 200.2 199.5 199 202.5 208.3 211.4 212.9 213.8 214.7 215.8 216.7 216.2 216.1 213.1 210.2 207.7 206.8 209.4 207.8 207.4 206.7 205.8 204.8 203.9 202.3 199.5 199.4 201.1 203.3 206.9 207.5 209.3
258.7 258 253.1 249.8 247.6 242.8 237.9 234.2 233.5 232.6 231.7 230.3 228.1 224.2 220.3 217.4 216.1 215.7 215.3 214.9 214.1 213 211.5 210 208.3 205.9 203.8 201.7 199.5 197.6 195.7 193.8 191.7 190.5 189.2 188.9 188.5 188.1 189.1 190.4 192.5 195.3 198.5 200.4 200 199.1 197 195.2 196.6 200.1 203.9 207.9 208.5 209.8 211.4 212.6 213.5 212.7 212.3 209 205 202.7 202.8 204 204.3 203.8 203.2 202.2 201.2 200.3 198.3 196.2 196.2 198.9 199.9 201.5 203.9 204.8
253.9 253.5 250.5 249 246.1 241.2 236.6 234.2 233.7 232.9 231.6 229.8 227.1 223.3 219.2 215.9 214.7 215.1 214.8 213.7 212.5 211.7 210.6 209.2 207.1 204.8 202.8 201 199.1 197.2 195.3 193.9 191.9 189.9 188.7 188.4 188.1 187.4 188.4 189.6 190.6 190.7 192 193.5 193.2 193.7 192.9 191.4 192.7 195.2 198.1 200.2 201.1 203.8 207.1 208.9 209.2 209.8 205.6 200.8 199.5 198.7 200.1 200.6 200.7 200.2 199.6 198.7 197.8 197.1 195.2 193.3 195.1 197.4 198.8 199.3 201 200.9
248.3 248.8 247.3 246.3 243.3 239.1 236.5 234.2 233.8 232.9 231.3 229.3 226.3 222.2 218.4 214.6 213.3 212.8 213.3 212.4 211.3 210.3 209.3 208.3 206 204.2 202.3 200.4 198.6 197.2 195.8 194.8 193 191.1 189.8 188.5 187.6 186.6 186.8 187.7 188.5 188.9 188.9 188.7 189.2 190.2 190.3 190 190 188.6 189.4 191.3 193.5 197.3 201.1 201.8 201.7 204.4 200.2 195.6 194.3 194.5 197.8 198.2 196.8 196.4 196.6 196.4 195.9 194.9 191.9 192.8 194.9 196.5 197.6 198.1 197.2 197.3
243.8 246 244.8 241.9 239 238 236.1 234.2 232.4 231.8 230 227.4 224 219.9 215.9 211.9 210.5 210.8 211.3 211.1 210 208.9 208.2 207.9 207.4 206 204 202.1 199.6 197.8 196.3 195.7 194.1 192.4 191.1 189.8 188.5 186.1 184.9 185.2 186 186.5 184.8 183.7 185.5 188.2 189.1 190.1 189 186.1 183.9 185.2 188.5 192.6 194.8 195.1 196.5 197.9 194.5 190.4 190.2 191.6 192.8 193.7 193.3 193.1 193.3 194.3 193.2 191.8 191.7 192.8 194.5 196.5 197 197.1 195.7 195
240.1 239 238 238.1 238.2 236.3 234.9 233.5 232.1 230.4 227.7 225 221.3 216.6 211.4 207.8 208 208.8 209.3 210.2 209.1 208.3 207.8 207.6 207.2 206.7 206.3 204.8 202.8 198.7 196.7 196.5 195.6 194.1 192.5 190.9 189.5 187.5 184.6 183.7 183.5 182.7 181 180.8 183.5 187.4 188.3 190.3 190.6 186.4 182.8 183.2 185.8 188.3 189.2 189.7 189.9 190.2 188.3 187.2 186.5 188.5 189.1 189.8 190.2 189.9 189.8 190.4 189.1 187.5 190.2 192.4 194.7 196.7 197.3 197.7 197.9 194.2
236.5 235.8 235.9 236.6 236.5 234.5 233.1 231.7 230.4 228.5 225.7 222.9 218.8 213.2 208.4 204.4 205.7 208.3 210.4 210.3 208.5 207.9 206.7 207 207 206.6 206.2 205.6 203.1 199.6 197.1 196.7 195.8 194.4 192.7 191.1 189.9 188.7 187 184.4 181.4 180.6 180 179.9 181.9 183.7 185.4 190.1 190.6 185 181.8 181.7 182.7 184.2 184.7 186.6 187.8 186.4 187.4 187.3 186.7 185.9 185.9 186.5 186.8 186.7 186.5 186.1 185.3 186.7 189.6 194.6 199.8 199.1 198.7 201.5 201.8 193.4
233.6 233.6 233.5 234.1 234.1 232.8 231.2 229.9 228.7 226.9 224.4 220.6 216.5 212 207.6 204.4 205.4 208.6 210.4 210.1 208.5 207.6 206 206.5 206.9 206.3 205.9 205.1 201.8 197.7 196.9 196.4 195.3 194.1 192.9 191.5 190.4 189.3 188.7 186 181.6 180 179.4 178.8 178.2 179.7 181.9 186.2 183.5 179.8 179.4 180 181.1 182.3 183.2 184.4 185.8 187.2 188 187.8 186.1 184.9 184.5 184.9 185.2 185 184.5 183.8 184 186 193.1 199.1 202 200.4 201.2 205.8 202.2 192
232.2 231.7 231.6 232.1 232.1 231 229.8 229.6 228 226.1 223.2 219.5 215.5 211.8 207 203.6 204.4 207.7 210.3 209.7 208.3 206.6 205.4 205.9 206.8 206.2 205.5 204.3 199.7 195.9 195 195 194.7 193.6 192.5 191.7 190.7 189.6 188.9 186.7 183.5 181.2 178.5 179.5 179.8 179.7 178.3 180.3 179.1 178.5 178.5 180 181.5 184 184.7 185.8 187.9 189.1 189.8 187.6 185.4 183.7 183.2 183.3 183.6 183.2 182.9 182.7 184 187.7 195.2 198.1 198.1 198 202.1 205.2 196.8 190.5
231.3 230.8 231.1 232.9 233.6 233.9 234 230.9 228 225.6 222.3 218.8 215.1 211.4 207.6 203.1 202.9 206.7 210.1 209.6 209.3 206.5 204.9 204.9 206.1 205.9 204.5 201.1 195.6 193.7 193.3 193.2 193.2 193.1 192.2 191.6 190.6 189.6 189.1 188.7 186.3 184 182.2 181.8 180.7 180.1 179.4 178.4 178.5 177.8 177.9 180.1 182.9 187 188.5 189.6 189.9 190.2 188.9 186.8 184.7 182.8 182.2 182.1 182.1 182.7 185.1 182.9 185.6 192.1 193.3 192 191.7 193 196.9 194.4 189.5 189.5
231.1 232.1 233.3 238 238.8 238.6 234.9 231.3 227.6 224.4 221.3 217.9 214.4 211.5 208.8 204.3 202.6 205.2 209.6 210.4 209.8 206 203 204 204.9 203.3 200.4 197.1 193.4 192.3 191.8 191.8 192.1 192.2 192 191.4 190.6 189.8 189.4 189.1 188.4 187.1 185.4 184 182.1 180.5 179.1 177.9 176.8 176.6 178 180.2 183 187.1 189.3 190.4 190 189.5 187.2 185.2 183.3 182.7 182.9 183.3 184.4 187.4 184.8 183.6 186.7 189.5 188.9 189.2 189.8 192 192.2 190 188.4 189.1
233.1 234.5 237 239.9 241 239.2 234.1 229 225.3 222.6 219.9 215.6 212.1 209.7 208.6 204.9 200.9 202.5 207.6 210.3 208.8 204.9 200.4 202.3 203.1 200.7 198 194.8 192.2 190.9 190.4 190.7 191 191.4 191.3 190.9 190.6 190.2 189.8 189.5 188.9 186.1 183.8 182.2 180.5 178.9 177.3 175.8 175.4 176.6 178 180 181.3 184.8 189.2 189.9 189.8 188.3 185.6 183 182.1 182.6 183.2 185.3 186.5 187 186.3 185.4 185.9 187.7 187 187.7 188.4 188.9 189.4 188.5 188.7 188.7
233.4 234.6 237 239.2 240.5 238.5 231.7 227 223.4 220.1 216.6 212.1 209.3 208.3 206.7 204.1 200.9 200.8 204 206.8 205.7 202.4 199.3 200 201.2 199.5 197 194.6 192.1 190.7 190.3 190.3 190.9 191.7 191.6 191.9 191.4 190.1 189.9 191.5 188.2 183.5 181 179.6 177.8 176.7 175.1 173.3 175 176.4 178 179.5 180.5 182.4 189.3 190.6 188.9 186.4 183.4 181.2 180.8 181.8 183.1 185.9 186.4 187 187.3 185.7 187 189.5 187.8 187 187.4 187.8 189.8 190.1 189.4 189.3
229.1 230.9 235.7 237.9 239.2 238.1 232.7 227.3 221.7 217.7 213.7 210.2 208.6 207.9 206.2 204 201.8 200.8 202 202.6 201.8 199.3 198.5 199.9 200.3 198.7 196.4 194 192.6 191.2 190.9 191 191.4 192.5 193.5 193.7 192.2 190.3 188.8 187.3 182.3 178.9 177.3 176.8 175.2 174.2 172.9 173 174.9 176.9 178.4 179.7 179.4 180.1 185.4 187 186.1 183.5 181.4 179.9 179.6 181.6 184.1 184.1 185.2 189.7 187 185.8 187.5 192.6 189.1 187.9 188.4 189.4 192.9 194.9 190.8 190.1
232.2 227.2 232.7 237 237.4 236.9 232 227.3 221.4 217.4 213.5 210 208.6 207.9 206.1 203.9 201.7 199.6 199.5 200.1 198.6 196.9 196.6 198.4 199.2 197.3 195.4 193.9 192.7 191.5 191.7 192.3 193.2 194.1 194.9 195 193.2 191 188.8 184.6 178.3 175.5 174.6 173.6 172.4 171.1 170.9 171.7 174.3 176.6 177.9 178.7 178.3 179 180.2 181.9 182.4 181.4 179.8 179.4 179.4 181.2 182.7 183.6 185.8 188.5 185.3 185.2 187.5 193.8 190.1 189 189.1 191.4 201.5 199.8 195.2 191.4
237.4 229 226.2 231.9 233.1 232.6 231.3 226.8 221.5 217.4 213.2 209.9 208.8 208.1 205.9 203.7 201.4 199.3 197.7 197.8 196.4 194.9 196.2 198.2 198.9 196.6 194.5 193.9 193.2 192.4 193.6 194.2 195.2 196.2 196.9 195.9 192.7 190.8 190.3 185.1 179.3 175.2 172.7 171.6 170 170.5 171.5 172.4 174 175.8 176.9 177.6 177.3 177.5 178.1 179.1 179.4 179.4 179.5 179.2 179.7 181.3 182.6 184.2 187.4 185.7 184.1 184.4 185.9 192.1 191.1 190.7 190.6 200.3 205.2 201.9 196.9 192
242.8 234.2 225.4 225.8 229.1 229.5 230.3 225.9 221.4 217.6 213.7 209.8 209.4 208.7 205.9 203.5 201.2 199.1 196.7 195.3 194.4 193.2 196.7 200.6 199 196.9 196 195.1 194.4 194.6 195.1 196.1 197.2 198.4 197.3 194.6 191.6 191 189.7 185.3 179.8 175.5 172.7 171.5 169.7 171 172.4 173.2 173.8 174 175 176.1 176.1 176.5 177.2 177.8 178.2 178.6 178.8 179 180.1 181.5 183.1 183.6 184.9 184.3 183.3 183.6 184.3 190 191.4 191.3 196.5 203.2 203.4 199.7 195.3 193.8
247.8 241.5 230.5 222.8 225.6 228.1 228.3 225.8 221.2 218.8 215.6 211.3 210.4 209.2 206.4 203.6 201.1 198 194.5 192.1 193 193.8 197.5 200.3 199.1 198 197.5 196.5 195.6 196.1 197.7 198.3 199 197.7 196.1 193.4 191.4 190.9 188.9 184.6 180 175.9 173.6 172.4 171.3 170.2 171.2 171.9 172 172 172.4 173.8 174.9 175.8 176.7 177 177.5 177.9 179 179.2 180.2 182.7 183.2 182.9 183.2 183.7 182.3 182.5 183.5 190.7 192.4 191.9 199.5 201.2 199.1 197.8 195.8 195.6
