public/OST50/NX27.asc
ncols 200
nrows 200
xllcorner 220000
yllcorner 570000
cellsize 50
[rows 70 to 104 of 200, columns 0 to 77 of 200]
217.8 219.6 222.7 227.6 233.6 240.3 242.4 238.7 236.5 239.6 240.3 235.1 228.3 224.8 222.2 215.9 211.4 208.4 202.7 201 198.4 197.2 196.4 194.6 193.2 192.2 190.6 192.5 191.9 192 191.5 190.9 189.8 189.5 188 187.5 190.1 189.1 187.9 189.3 190.1 190.7 191.8 192.9 195.6 198.4 200.3 200.4 199.1 194.4 190.2 187.6 182.5 180.5 178.5 177.3 176.4 176.2 176.7 175.6 175 174.4 173.8 173.6 173.6 173.7 172.9 171.2 169.5 167.4 164.6 164.6 164.7 164.7 165 165.9 165.9 165.4
218.3 220.7 225.6 231.7 237.9 242.1 241.7 237.8 235.2 235.9 234.8 232.7 229.8 225.9 222.6 217.9 212.7 209.8 205.4 203.8 201.6 199.6 198.9 197.3 195.8 194.5 193.6 193.4 194 193.2 192.5 192.1 189.6 189.7 189.4 190.4 190.8 191.1 189.9 189.3 190 190.6 191.4 192.5 194.6 197.2 200.1 200.7 200.2 198.5 194.5 189.4 181.3 179 177.3 177.2 178 178.3 178.4 177.9 177.1 176.4 175.7 175.7 175.9 176.1 175 173.6 172.2 169.9 167.4 166.5 166.2 165.5 165.5 163.6 165.9 165.9
219.2 223.6 229.7 234.7 238.8 239.9 238 234.1 232.2 233.7 233.9 231.1 228.9 225.2 221.9 216.2 213 212.6 211.9 207.8 205.3 202.2 203.2 202.1 198.2 196.3 195.4 195.6 195.7 194.7 193.9 192.8 191.5 191.6 190.9 193.3 193 192.6 191.4 190.7 190.7 191.3 192 191.4 192.2 194.9 197.3 197.2 196.4 195.2 192.2 186.5 180.2 178.1 177.7 178.8 179 179.1 179.2 179.2 178.7 178.3 178.5 179 179.2 179.4 177.2 176 175 172.4 170.2 168.8 168 167.2 166.5 165.1 164.6 164.8
222.8 226.6 230.7 234.2 236 234.8 231.9 228.8 230 232.3 232.1 229.8 228.6 223.6 221.3 217 217 217.7 215.3 211.7 208.3 207.9 206.7 206.1 200.9 198.1 197.9 198.1 197.5 196.4 195.5 194.9 193.5 193.5 193.7 194.5 194.2 193.7 192.9 192.1 192 192.1 192.1 191.3 191 191.7 193.5 193.3 193.4 191.4 188.2 183.5 180.2 179.1 178.9 179.6 180.5 181.1 181.4 181.5 181.7 181.2 181.4 182.1 182.6 182.2 180 178.3 177.7 177.5 174.8 170.7 169.4 168.9 168.3 167.1 166.2 165.9
224.8 227.6 229.7 231.3 230.9 229.3 226.3 226.5 228.2 229.6 229.6 228.9 227.7 226.1 224.2 221.4 220.7 221.6 219 217.8 214.7 211.9 211.4 209 204 201.3 201.1 201.8 199.9 199.8 197.6 196.1 195.6 196.6 196.7 196.3 195.3 194.8 194.4 193.5 193.3 193.2 192.3 191.1 190.6 190.1 190 189.7 189 187.3 184.6 181.7 180.9 180.5 180.4 181.2 182.3 183.2 184.3 185.2 185.4 184.8 184.4 185.1 185.8 185 184.4 184.1 183.3 181.6 180.1 177.1 176.5 173.7 171.3 170 169.3 168.2
224.2 225.8 226.8 226.9 225.9 223.3 222.7 225 227.5 228.8 230.4 229.9 229.3 227.8 227 225.6 224.6 226.3 225.3 225.8 223.1 219.3 215.5 213.8 209 203.9 203.7 203.9 203.1 201.5 200.4 198 197.5 197.8 198.1 198.4 198.2 196.9 195.7 195 194.6 194.3 193.6 192.1 191.1 190.2 188.8 187.3 186.2 184.8 184.3 184 183.2 182.3 182.2 183.6 185.6 186.5 188.6 189.9 190.1 189.3 188.5 187.7 187.5 189.5 191.2 190 189.4 189.1 187.3 183.7 180.9 177.7 173.7 172.4 172 171.4
221.1 222 222.9 222.2 221.1 219.4 221.2 223.7 226.9 228.8 230.1 231 231.5 230.5 230.2 228.6 230.2 230.6 231.3 231.8 229.1 225.6 220.6 216.1 211.2 206.9 206.2 206 205.6 202.6 201.5 200.9 199.9 200.1 200.5 200.4 200.1 199.6 198.4 196.9 196.2 195.7 194.8 192.8 190.8 189.3 187.6 186 185.1 186.3 187.5 187.5 186.2 183.7 185 187.7 190 193.3 197.6 200.1 199.7 197.5 194.6 190.9 188.5 188.9 198.3 196 195.3 195.2 193.6 188.4 183.4 177.6 175.5 173.7 174.2 173.7
217.3 218 218.7 218.3 216 217.6 219.2 221.3 225 227.1 231.2 233.1 235.6 235.1 234.2 230.9 235.6 233.9 233.7 234.3 233.2 229.8 227.4 219.4 213.1 210.7 210.1 209.9 206.1 204.2 203.8 203.3 202.5 202.6 202.5 202 201.6 200.8 199.5 199.7 199.2 197.5 195.8 193.7 191.7 189.4 187.4 187.5 188.6 189.9 191.3 190.8 188.5 185.3 188.7 194 199.9 204.4 208.3 209.9 208.2 203.8 200.1 198.8 196.8 202.4 203.3 202.1 202 202.3 200.1 194.9 184.6 180.4 179.9 176 177 177
213.8 214.2 214.4 214.7 216.6 222.3 221.8 221.8 223.6 226.6 230.1 233 238 238.9 236.8 233.7 234.9 236 237 237.2 236.3 235.7 228.6 222.1 218.5 216.2 215 211.5 208.5 205.9 205.9 205.3 204.7 204 203.9 203.1 202.6 201.5 200.9 202.1 200.1 198.7 197.1 195.1 193 190.7 188.8 190.7 193.3 196.2 197.5 195.1 189.2 189.2 195.6 202.1 207.5 211.9 216.3 218.2 215.2 209.4 208.3 209.4 208.7 211.2 211.2 210.1 209.7 207.8 205.3 198.5 188.6 185.6 182.5 180.3 181.1 181.2
210.7 210.8 212.4 215.5 223.4 228.3 225.2 223 223.1 225.8 229.7 231.9 237 238.6 236.5 234.7 235.5 237.8 239.2 239.9 237.5 234.9 231.2 229.9 226 221.8 216.9 213.3 210 210 209.9 207.8 206.9 206.2 205.4 204.6 203.7 202.9 202.1 201.8 201 199.8 198.5 196.4 194.2 192.3 191.1 192.7 197.7 198.5 197.5 193.3 193.4 198.1 202.6 207.8 212.2 216.3 219.7 220.9 220 214.8 213.7 217 219.7 221 220 218.9 217.5 213.7 208.4 201.8 196.1 190.2 186.5 185.7 186.2 186.2
208.8 210 212.2 219.7 226.5 229.1 225.3 224.4 224.1 225.5 230.2 233.8 235.7 236.4 236.1 235.9 236.4 237.8 239.5 239.3 238.5 236.8 236.9 235.4 230 224.1 218.8 215.8 214.6 214.4 214.1 211.7 209.7 208.5 207.7 206.5 205.5 204.4 203.4 202.2 201.4 200.7 199.3 197.7 195.7 194.3 193.7 195.4 198.5 198.3 195.7 193.7 199.5 201.1 203.1 209.1 212.8 217.6 220.7 221 220.9 219.5 219.3 222.8 226.6 228.2 228.4 226.6 223.2 218.2 211.3 205.3 201.3 197.4 194 192.6 191.7 190.8
210.3 211.7 214.9 222.3 226.9 226.2 225.9 225.8 225.8 227.5 230.8 233.8 235.5 236.6 236.4 236.7 237.1 237.6 239.6 240.3 240.8 241.2 241 239.8 234 227.8 224.1 220 220.3 218.9 217.3 216.5 214.9 214.4 212.7 211.4 208.1 206.3 204.3 203.1 202.3 202.1 200.7 198.9 197.5 196.5 196.3 196.9 197.8 196.2 195.3 196.5 200 200.5 201 206.7 211.1 217.4 221.4 222.1 222.2 222.3 224 227.3 230.5 231.5 231.4 230.7 226.9 222.3 216.7 210.3 205.7 203.4 200.9 198.8 197.3 195.6
210.5 212.3 215.9 219.7 222 225.5 228.6 228.7 227.7 229.5 231.7 234.2 236.1 236.9 237.1 237.4 237.7 238.6 240.4 242.7 243.1 242.7 242.7 240.8 240 236.7 228.9 224.4 225 223.9 222.8 221.7 220.3 219.6 218.1 216.1 211.3 210.1 206.8 204.2 203.9 204 202.9 200.8 199.2 198.3 198.1 198.4 197.2 195.1 196.4 196.6 197.1 198 199.3 201.7 207.5 216.1 222.3 224.5 225.6 225.7 227.8 230.5 231 231.8 231.5 230.1 227.6 223.8 218.4 213.5 208.8 205.9 204.1 202.5 200.7 198.8
210.7 212.6 214.8 217.1 220.2 226.3 229.7 230.4 229.8 230.5 232.2 234.8 236.9 237.6 237.8 238 238.3 239.7 242.5 243.1 243.7 243.6 242.9 242.1 241.4 238.6 229.3 228.6 231.3 232.8 229.1 226.5 224 223.4 221.3 218.2 216.4 213.5 208 206.6 206.2 205.9 204.7 203 201.5 201.1 200.3 199.8 198.8 197.5 197.4 198.7 201.4 200.6 200.7 200.7 203 213.8 223.5 226.8 228.6 229.2 230.4 231.2 231.6 232 231.1 229.5 227.8 224.7 219.3 216.6 213 209.6 207.4 205.2 203.1 201
210.6 211.9 214.2 216.2 219.6 225.1 228.1 230 230.8 231.2 232.7 235.6 237.7 238.3 238.5 238.7 239.9 241.2 243.4 244.1 244.3 243.8 243.2 242.1 240 236.2 232.6 234.6 239.8 239.1 235.6 233 231.6 228.2 224.5 222.3 221 217.2 212 210.9 210.7 209.1 208.3 207.5 206.9 205.6 204 201.4 199.7 198.3 198 200.9 207.3 208.9 208.7 206.5 202.8 211.9 224.6 229.4 230.1 230.8 231.3 231.9 232.4 232.1 231 229.8 228.2 225.1 222.1 219.7 216.7 213.2 209.8 207.2 204.9 201.9
210.1 211.1 212.9 214.9 217.7 222.7 225.7 228 229.9 231.6 233.5 236.7 238.6 239 239.3 239.8 241.5 243.4 245.1 245.2 245.3 244.2 243.6 242.6 240.7 238.4 238.3 242 244.7 242.9 241.6 241.6 241.5 239.5 232.5 227.5 222.6 218.6 216.1 215.7 215.4 214.4 212.5 211.6 209.5 208 207.1 204.8 201.5 198.5 197.7 202.9 209.7 212.2 214.3 214.3 213.5 219.1 228.4 230.3 231.2 231.7 232.1 232.7 233.1 232 230.8 229.6 228.4 225.8 223 220.3 217.6 215.1 211.8 209 205.6 201.8
209.5 210.4 211.9 213.7 216.2 220.3 224.4 227.5 230.2 232.3 235.4 238 239.1 239.8 240 240.8 242.4 244.9 248.4 247.2 246.7 245.7 245 244.7 245.2 242.8 244.7 247.6 247.8 247.7 246.8 249.5 248.8 245.1 238.3 229.6 224.2 219.5 219.1 219.3 218.9 217.9 216.6 215.6 213.5 212.4 210.6 208.8 204.5 200.4 198.6 202.8 209.1 213.8 217.3 220 221.9 225.8 229.4 230.7 231.4 231.9 232.4 233.1 233 231.9 230.7 229.3 227.9 226.1 223.3 220.4 217.7 215.2 212.7 209.7 205.9 201.7
208.7 209.4 211.5 215.5 217.2 220 225 227.9 230.8 235 238.6 240.8 241.1 241.5 242.5 244.5 246.7 249.4 250.7 252.1 251.5 251.1 251 250.2 250.5 250.8 253.1 253.8 251.9 252.3 254.9 256.5 253.8 248.3 242.6 230.1 225.8 223.4 222.1 222.1 221.2 220.2 219.2 219.1 219.5 219.1 216.7 213.4 209 204.7 200.7 202.1 208.6 213 217.8 221.2 224.6 228.3 229.8 230.2 230.7 231.3 232.2 233.2 232.6 231.6 230.1 228.7 227.3 225.4 222.8 220.2 217.6 214.8 212 209.1 204.7 200
207.7 210 213 218 220.1 222.6 226.1 229.3 234.4 238.6 241.9 243.8 244.8 245.9 247.7 250.8 253.8 256.4 256.9 258.5 260.3 258.8 259.5 259 258.1 258.1 260 258.8 256.7 257.1 259.5 258.4 256.7 251.7 241.6 232.5 229.9 227.6 225.6 224.3 223.3 222.4 222.6 223.2 225.1 225.8 224.4 219.8 212.5 207.4 202.7 201.8 205.6 209.3 214 220.2 223.9 228.3 229.7 230.1 230.6 231.4 232 232.2 232.4 231 229.5 228.1 226.6 224.4 221.8 219.2 216.3 213.5 210.2 206.9 202.9 198.5
207.7 211.1 215.1 220.1 222.3 224.2 227.9 232.5 237.4 241.3 244.9 247.2 248.7 251.9 255.4 257.9 260.9 263.2 264.4 266.8 269.3 268.1 271.5 269.8 263 263.8 264.1 262.6 261.6 261 260 259.5 258.9 253.4 243.8 234.7 232.3 229.6 227.6 226.4 225.8 225.6 226.2 226.9 229.8 232 231.1 226.4 218.2 212.6 210.1 206.8 205.2 205.7 211.5 218.4 222.1 226.8 229.3 230.2 230.7 231 231.3 231.6 231.7 230.4 229 227.5 225.9 223.4 220.4 217.4 214.4 210.9 207.6 204.2 200.7 196.2
209.1 212.8 216.8 220.7 223.3 225.3 229.1 234.2 239 243.3 247 249.5 253.6 257.8 260.5 264.4 267.9 271 273.1 274.8 277.2 277.8 280 277.8 270.3 267.5 265.3 264 263.1 260.9 260.4 259.9 256.7 253.2 245.4 235.8 234.7 231.5 229 228.9 229 228.8 229.7 231.9 235.3 237.5 237.7 233 225.6 220.2 218.7 215.9 213.9 212.1 210.7 216.3 220.5 226.6 230.2 231.1 231.3 231 230.9 231.2 230.9 229.5 227.8 226.1 223.8 220.9 218 214.9 211.9 208.6 205.1 201.9 197.9 194
210.3 214.2 217.5 220.2 223.3 226.3 230.8 235.8 239.8 244.5 248.5 253 258 262.3 265.1 268.7 272.9 277.3 279.9 280.9 283 283.5 284.4 282.3 275.6 271.4 267.5 262.9 261.7 260 259.1 257.8 255.2 249.6 240.5 238.2 236.4 233.8 232.1 230.8 231.8 232.1 234.4 238 241.1 241.9 240.9 238.6 233.3 228.2 225.7 223.6 221.8 218.1 213.3 216.5 220.7 226.9 230.6 232.2 232.1 231.3 231.1 231 230 228.8 226.8 224.2 221.1 218.2 215.3 211.8 209.5 206.2 203.2 200.1 194.6 190.4
210.8 214.8 218.7 221.3 223.8 227.6 232.6 236 240.1 244.9 249.6 255.9 263.2 268.2 269.4 271.4 275.3 280.7 285.9 285.6 289.9 286.9 285.2 282.6 279 272.7 266.7 262.1 260.3 259.1 257.2 255.2 252.3 246 241.4 238.8 237.2 234.9 234.3 235 235.6 235.9 238.4 242.2 245.6 247.3 244.7 240.1 237.3 232.6 230.2 228.5 225 218.4 217.6 220 224.2 229.5 232 233.5 233 232.3 231.2 230.3 229.2 227.5 225.1 222.2 219.5 217 213.6 209.1 206.6 204 200.9 196.9 191.5 187.8
212.3 215.5 218.9 221.9 224.4 227.9 232.1 236.4 240.1 245.1 250.9 257.7 264.9 267.8 270.3 273.9 278 283.5 290 289.4 293.2 291.3 285.3 282.4 278 272.4 267.2 261.7 259.3 256.5 254.4 252.3 249.2 243.9 240.1 238.5 237.3 237.4 237.5 237.6 238.2 239.2 241.2 244.1 248 248.9 247 241 238.7 235.5 233.3 229.7 225 224.1 224.8 225.8 230.4 232.4 233.9 236.7 236.2 233.4 231 229.6 227.7 225.9 222.6 220.8 219.3 217.3 213.6 209.9 205.9 200.8 198.1 194.5 189.6 186.2
214.1 218 220.2 222.2 225 227.4 231.1 236.7 241 247.3 253.1 258.4 261.5 264.5 267.7 273.6 280.6 284.2 288 289.6 293 291.9 287.6 281.3 278 271 264.2 260.6 257.9 254.6 251.3 249.2 245.2 240.5 238.8 239.3 239.3 239.7 240 240.3 239.9 240.5 242.7 245.6 247.9 248.7 247.4 243.1 239.6 237 234.2 231.7 232.2 234.5 234.8 236 238.5 236.8 237.1 239 239.3 236.5 232.3 228.7 226.4 225.6 226.1 226.6 224.7 220.9 216.1 211.7 206.7 200.4 196.9 193.6 189.6 185.7
215.5 217.7 220.2 222 223.8 227 231.3 237 244.1 250.3 254.7 258.6 260.8 262.3 266.1 272.9 279.2 283.4 285.6 288.8 292.6 293.8 288.7 281.2 277 272.2 263.3 257.7 254.7 252.4 249 246.2 241.9 239.3 239.2 239.7 240.2 240.5 240.8 241.1 241.4 241.7 244.1 246.5 247.3 246.6 245 241.2 239.6 237.7 235.7 236.6 239.3 242.7 244.6 245.4 245.3 243.1 240.5 241.4 240.6 237.8 233.3 228.9 227.9 227.3 228.5 230.4 228.8 223.7 219.1 214.4 207.6 201.4 196.7 193.3 189.8 186.1
215.8 216.8 219.4 221.9 224.3 227.2 232.9 241.3 248.4 251.1 255.1 258 259.8 261.6 265 270.2 275.2 280.1 284 288.5 290.3 292.4 287 280 275.7 268.2 260.3 256.6 254 250.3 246.9 244 240 239.5 239.5 239.7 240.4 240.7 241 241.3 241.5 241.7 243.3 244 243 242.9 241.2 239.8 239.4 237.6 238.1 242.1 246.6 250.4 252.7 253.5 251.9 249.5 246.2 243.5 242 238.8 234.4 230.6 229.2 229.6 230.3 230.4 229.3 225.4 220.6 215 208.3 201.3 196.1 192.8 189.4 186
214.2 215.3 218.2 220.8 223.9 229.1 237.5 244.8 248.9 252.2 255.7 257.5 259.1 262.2 266.7 269.3 274.9 278 281.9 287.4 288.1 286.3 283.3 277.5 272.1 264.1 257.8 255 252.6 249.6 246.4 242.9 239.4 238.7 238.8 239.8 240.7 240.9 241 241.2 241.2 241 241.7 241.6 240.5 240.1 240.4 239.1 238.6 238.5 241.9 247.5 253 258.2 261 260.7 259.7 256.5 251.9 246.6 243.6 239.6 235.3 231.2 229.1 229.3 230.1 229.6 228.6 225.8 220.8 215 208.4 201.2 195.6 192.2 189.1 186.5
213.4 213.8 216.4 219.8 224.3 232.3 239.5 245.4 248.1 251.1 252.7 256.9 261.1 265.2 268.3 270.2 272.5 277.5 280 283.9 283.9 282.8 279.4 275.9 271.2 262.9 259.2 256.4 252.3 248.5 244.9 240.6 239.2 238.5 238.6 239.5 240.2 240.2 240.5 240.5 240.3 240.1 240.6 240.8 240.5 240.1 239.6 239.6 239.4 241.6 245.9 252.2 258 264 269.2 271.7 270 265.5 260.4 254 245.4 239.2 233.2 229.5 226.2 224.4 224.1 223.6 223.5 222.3 220 213.8 207.2 199.9 194.7 191.6 188.4 185.1
212.8 213.6 216.4 220.1 227 234.1 241.2 242.6 245.6 248.3 251.3 257.8 264.5 268.1 269.2 270.5 272.1 275.2 278.5 282.2 283.5 285.9 278.7 275.7 271.1 268.2 262.2 256.2 252 248.1 244 240.2 239.3 238.8 238.4 239.1 239.2 239.1 239.2 239.4 239.4 239.3 239.6 240.4 240.6 240.3 240.3 241.2 242.4 244.9 250.1 257.2 264.1 270.9 280.1 284.7 282.1 276.4 270.7 260.5 250.1 239 231 226.5 222.5 219.3 218.8 219.7 219.8 219.3 216.9 212 204.9 197.1 193.1 190.8 188 185.2
213.5 214.4 217.6 222 229.4 235.5 239.3 240.3 242.1 245.1 252.2 260.2 265.1 267.7 267.8 269.1 271.6 275.7 279 281.6 282.3 281.5 278.7 275.5 274.3 269.1 263.6 255.8 251.1 246.6 242.3 240.1 239.6 239.1 238.6 238.1 237.6 237.2 237.5 238.2 238.2 238.4 239.2 240.1 240.6 240.4 241.5 243 245.5 250.2 256.2 263.6 270.8 280.8 287.7 292.3 292 287 277.2 265 252.6 241.1 232 226.1 221.1 216.9 215.8 216.8 217 216.1 213.5 208.9 201.5 195.6 193.7 192.2 189.7 187.1
214.2 215.8 219.1 223.8 230.3 235.1 236.3 237.8 238.5 246.2 251.9 259.6 263.8 264.6 265.8 267.7 273.7 278.9 280.9 282.1 281.4 280.8 279 277.7 275.5 270.3 259.9 253.7 249.8 245.4 241.9 241.2 240.8 239.7 238.4 237 235.6 235.4 235.4 236.8 237.7 238.2 239 239.7 240.7 241 241.9 244.8 249.4 255.2 261.7 269.8 276.6 285.8 292.8 297.2 298.9 292 282.4 270.5 257.4 245.8 234.8 228 221.1 218 215.3 214.6 213.4 211.9 209.8 204.5 200.8 198.2 196.8 194.9 192.5 189.9
214.8 216.9 219.4 224.4 230 231.6 232.9 233.7 238.3 245.5 253.1 257.6 259.7 261.3 263.8 269.5 276.8 283.1 285 282.7 282.4 281 279.7 277.2 274.3 268.6 258.5 252 248.2 244.9 243.3 243.9 242.1 239.8 238 237.9 235.4 233.4 233.6 236.1 237.3 238.1 238.5 239 239.9 242 244 248 254 260.7 267.5 275.9 284.3 291.2 297.5 301.9 302.7 297 286.7 274 261.5 247.9 236.7 229.9 223.6 218.6 216.2 213.4 211 209 205.5 204.9 203.7 200.5 198 196.3 194.7 192.2
214.3 216.7 219.7 222.7 225.7 227.7 229.6 231.7 238.2 245.5 251.2 253.6 256.4 259.3 263.5 270.8 278.7 285.5 284.6 283.5 283.5 281.1 279.2 276.7 273.9 271.7 255.6 250.9 248.1 247.4 247.4 245.1 242.3 241 240.1 239.3 235.5 232.2 232.8 235.3 237.8 238.3 238.6 238.9 239.5 243.1 247.7 252.1 258.8 266 274.1 283.2 292.2 297.9 301.9 306.9 308.7 300.8 290.1 278.1 263.6 248.2 238.7 232.3 226.7 220.7 216.7 214.2 211.6 211.8 211.2 210.7 209.1 206.3 201.1 197.2 195.6 194
213.6 216.1 218.4 220.5 222.3 224.7 227.5 233 239.3 244.9 248 253 257.3 261.3 264.1 271.4 279.8 284.9 283.2 282.5 285 282.3 281 277.8 273.8 271.4 261.3 252 249.7 248.9 249 245.4 243 242.8 241.2 238.4 233.1 230.6 232 234.5 237.3 238.4 238.2 238 241.1 246.1 251.3 257.2 265.9 275 283.3 290.6 298.8 301.6 305.1 309.5 308.9 301.5 292.3 277.2 252.2 250.2 239 233.3 228 221 218.4 216.3 213.2 214.4 217.9 216.6 214 209.8 204.1 199.7 198.1 196.5
