public/OST50/NX38.asc
ncols 200
nrows 200
xllcorner 230000
yllcorner 580000
cellsize 50
[rows 105 to 139 of 200, columns 0 to 77 of 200]
195.6 188.2 193.7 191.7 190.7 191 190.7 191.6 191.9 190.4 191.8 193.6 195 194.9 194.1 192.3 190 187.1 186.6 186 183.3 182.4 183.7 190.8 188.3 188.1 185.6 184.7 179.8 177.6 178.2 181.8 185.5 187.9 189.3 189.7 190.5 190.4 189.4 191.4 194.6 197 197.5 197.6 202 203.7 207.3 209.9 211.7 214.8 217.2 218.1 220.4 223.4 225.8 230.6 232.7 236.4 239.4 243.3 248.3 252.6 254.9 255 253.1 248.3 242.6 235.9 230.4 225.6 221 217.6 214.4 213.1 213.8 212.3 215.2 208.5
190.4 188.5 192.6 189.9 189.7 189.8 190.3 191.6 191.9 190.7 191 191.5 191.1 191.2 191.7 189.2 187.4 184.7 184.8 183.1 180.8 180.3 181.9 185 189.2 187.2 183.8 180.5 177.6 177.9 178.4 180.9 181.8 185.4 186.2 188.4 189.6 187.9 188 189.3 190.5 194.4 195.1 197.7 202.2 205 207.8 210.7 212.7 214.8 217.2 219 221 225.1 228.3 230.3 234 238.2 242.8 247.7 252.7 256.2 257.1 256.9 253.2 247.3 240.3 233.8 228.9 224.7 219.6 216.1 213.3 211.7 211.5 214.9 209.5 208.8
186.9 188.7 189.5 189 189.9 189 189.7 191.1 191.1 190.3 188.7 188.4 188.4 189 189.2 187.8 186.6 185.6 185.1 184.8 182.8 178.9 180.5 184.3 189.9 184.6 179.8 178.7 176.9 177.3 177.4 177.9 181.2 184.5 185.3 185.9 187 187.9 189.2 190.7 192.8 196.7 198.8 201.4 205 207.8 210.8 211.9 213.1 214.3 216.9 218.9 224.2 227 228.7 230.2 233.7 240.5 246.5 251.7 256.8 258.6 260.4 258 253.1 244.3 237.7 232.2 228.4 225 220.5 217.3 213.2 210.4 210 217.9 208.3 209.8
187.7 187.8 189.3 189.1 188.6 188.2 188.6 188.9 189.2 187.8 185.9 186.1 186.4 187 186.6 185.3 184.2 184 183.6 184.4 184.4 179.4 179.2 181.4 182.1 181.1 177.7 177.6 176.7 176.1 176.8 177.4 179.7 182.7 183.8 181.8 189.6 190 192 193.7 195.9 199.3 202.7 204.9 207.7 209.9 211.6 213.2 213.9 214 215.8 220.8 223.5 226.2 228 231.4 237.8 244.5 249.7 255.2 259.9 262.4 261.5 257.1 248.8 241.3 234.9 228.9 226.3 224.1 221 218.2 214.7 209.3 208.6 210.3 209.8 211.7
187.2 186.9 188.7 194.4 190.7 186.9 187.3 187.2 187.4 186.1 184.3 184.2 184.5 184.1 183.3 182.4 181.6 181.4 180.9 180.5 180.6 178.3 178.1 179.1 179.7 177.7 176.7 176.1 175.9 176.1 176.5 176.9 177.5 179.5 180.8 182 189 191.7 193.3 195.5 198 201.3 206.8 208 209.5 210.6 211.9 212.9 212.5 211.6 213.7 218.3 222.3 225.9 229.5 235.5 242.9 248.2 253.3 258.5 262.5 263.7 259.9 252.7 242.4 237 230.5 225.7 224 221.9 218.7 217.1 213.2 210.4 209.4 211.2 212.5 214.3
191 186.5 186.5 189.7 189.7 190.2 185.8 185.8 185.6 184.8 183.2 182.5 181.7 180.3 180.3 180.4 180.5 180.7 180.2 179.8 179.4 177.3 177.7 178.5 178.2 176.9 175.8 175.3 175.4 175.8 176.6 176.3 176.8 179.4 181.2 188.5 192.9 193.7 194 195.8 197.5 201.1 204.1 206.4 208.1 209.1 209.9 210.6 210.5 210.2 213.6 218.5 223.5 227.6 233.5 241.8 246.8 251.4 256.2 260.2 263 261.7 256.7 249.4 240 234.2 228.7 224.8 221.9 219.4 217 216.2 217.9 216.5 211.7 213.2 215.3 217.5
189.4 184.4 183.2 184.8 186.9 186.9 184.9 184.4 182.8 181.9 181.2 179.9 180.4 178.5 179 179 179.6 180.1 179.6 179.5 178.9 177.7 176.8 177.5 177.2 176 174.9 174.6 176.7 178.7 177.2 176.8 178.7 183.1 185.6 190.8 193.4 194 194.4 196.2 198.4 201.7 203.5 204.9 206.4 207.2 207.6 208 207.8 209.3 214.8 221.1 226.4 231.4 237.2 244.4 248.9 253.1 256.9 261 261.8 259 252.3 245.3 239.6 231.8 227 225.8 223.3 221.7 216.8 216.5 217.5 215.7 213.8 215.6 219.4 220.4
188.1 183.6 181.9 182.3 183 182.9 182.3 181.3 180.9 180.5 180.5 180.3 178.2 177.5 179.4 179.2 178.5 179.2 179.3 179.3 178.3 177.8 180.5 177.9 175.1 176.6 175.4 174.8 179.3 181.6 178.1 178.8 182.9 185.1 186.8 191.9 193.5 192.9 193 194.9 198.5 201.2 202.4 203.2 204.3 204.1 204.5 205.5 205.4 211.9 218.8 224.2 230.2 235.7 239.7 244 247.6 251.7 255.9 259.5 258.9 254 248.3 243.3 234.9 230.3 229.9 229.3 224.8 222.3 217.4 217.5 217.5 216.7 216.2 219.5 223 223.1
182.9 182.4 180.9 180.4 181.7 181.4 181.1 180.2 180 179.7 179 178.5 177 176.6 177.7 177.8 178 178.5 178.8 178.5 177.9 177.2 180.8 175.7 173.5 175.7 174.1 177.9 181.9 182.8 181.2 180.9 183.9 186.8 188.5 190.2 191.1 191.3 191.4 193.2 197.4 199.4 200.1 200.8 202.3 203.3 205 204.2 212.5 215.4 220.5 226 231.7 236.3 238.9 242 244.9 248.7 253.7 255.9 254.5 249.5 244.7 240 235.6 229.2 229.1 227.4 224.9 222.4 221.8 217.3 218.2 218.6 219 222 225.8 227.8
181 181.2 180.1 180.1 180.6 180.1 179.6 178.9 178.3 178.1 177.1 176.2 175.5 176.7 178 176.6 177.2 177.7 178.2 178.1 177.8 177.2 176.9 174.9 174.1 173.3 172.7 177.1 181.3 183.1 183.5 184 185.4 187.3 187.8 187.7 188.7 189.1 190.3 192.5 195.9 196.5 197.2 199.4 201 201.4 203.9 205.9 212.7 216.9 221.4 226.1 229.9 232.9 236.6 239 241.6 245.9 250.8 251.5 249.5 245.9 241.4 236.9 231.8 227.7 227.3 226.1 224.2 221.6 219 218.5 219.5 221.6 223.2 227.5 233.3 239.8
180.2 180.2 180 179.8 180.6 180 179.4 178.7 177.5 176.9 175.8 174.7 178.2 177.3 176.6 175.7 175.9 176.3 177.1 177.7 177.7 176.9 175.3 174.4 172.9 172.3 173.9 177.6 180.4 182.2 184.6 185.3 185.6 186.8 187.5 187.5 187.1 187.7 190 192.1 193.6 194.4 195.9 197 198.5 200.3 206.6 209.7 213.6 218.7 221.7 224.4 228.2 231 233.9 236.4 239.3 244.3 246.9 246.8 245.8 243 239.2 235.3 230 226.5 225.5 225 224.5 222.4 223.7 225.2 225.2 226 231.1 238.8 245.5 247.6
179.3 179.1 178.8 178.5 179.3 178.8 178.2 178.1 176.9 176 175.5 174.9 176 175.6 175.3 175.3 175.4 175.3 175.4 175.5 181.7 178.4 175.5 173.9 171.5 173.1 174.9 177.1 179.2 181.1 183.4 184.5 185.7 186.4 187 186.9 186.1 185.7 189.9 191.4 192.7 193.1 193.9 194.9 197.4 200.4 206.8 210.8 214.5 218.1 219.1 223 226.5 229.1 231.1 233.6 237.3 240.8 242.4 242.4 241.8 240.2 237.6 234.2 228.2 225.5 224.6 224.5 224.1 225.5 230.2 232.9 231.5 235.6 242.3 248.5 251.3 253.5
178.2 177.7 178.6 177.8 177.3 176.7 176.2 175.7 175.8 175.1 174.9 174.3 173.7 173.5 173.7 174 173.8 173.6 174.2 175.2 176.6 176.3 174.5 172.7 170.9 173.5 175.7 176.9 178.6 180.3 182.8 184.1 185.5 186.2 186.4 185.2 186 186.9 190.9 192.8 191.9 193 193.5 193.3 196.8 202 206.8 211.5 215.3 216.8 216.8 220.7 224.1 226 228.3 231.6 234.9 236.8 238.2 238.3 237.9 236.7 235.3 232.4 228.6 227.1 227.2 227.2 228.4 230.9 233.9 238.6 240.7 246.5 252.3 257.2 258.4 258.5
177.3 178.1 178.6 177.4 175.6 175.1 174.5 173.8 173.6 173.9 173.4 171.3 171.8 173.1 181.1 174.3 173.2 172.6 173 173.4 173.4 173.3 171.2 170.9 173.9 174.9 176 177.3 178.8 180.4 182.3 184 185.3 185.1 184.5 183.2 184.7 187.3 190.7 191.4 191 191.9 193.3 193.5 200.7 204.1 207.5 210.4 212.5 212.6 214.3 218.9 223 223.3 225 229 232.3 234.8 235.9 235.2 234.6 233.7 232.9 230.8 229.9 230 230.4 231 233.7 237.4 240.8 244.9 250 256.5 259.7 265.4 265.4 266.4
178.9 178 176.7 175 174 173.8 173.2 172.7 172.4 172.5 172.5 169.8 170.9 173 178.6 173.9 171.4 170.1 170.5 170.4 170.7 170.7 169.7 172.6 173.8 175 176.3 178.1 179.6 180.3 181.7 182.9 184.6 183.8 182.9 182.9 184.2 187.4 189.2 189.9 189.7 190.1 190.6 195 202.4 205.6 206.1 208.2 209.5 212 215 218.6 219.8 221 224.4 228 230.1 232 233.8 233.5 230.4 229.6 230 229.7 230.5 235.1 236.7 237.6 239.5 242.3 246.4 254.9 258.9 263.7 266.8 270.8 271.7 271.6
178.9 175.2 179.5 174.6 172.7 172.3 172.1 171.6 171.1 171.2 171.4 169.5 169 172.3 168.5 169.2 168.6 167.6 169 168.6 169.4 169.2 170.7 172.2 174 175.4 176.8 178.6 179.6 180.1 181.8 182.9 184.4 183.1 181.9 183 184.1 186.5 188.4 188.5 188.7 189 190.7 198.2 202.8 202.9 204.2 205.7 208.3 211.8 214.5 215.7 216.9 218.5 222.6 224.9 227.1 228.9 229.6 228 225.7 227.8 228.8 229.2 234.7 237.9 241.1 242.5 246.7 250.9 257.1 261.8 265.8 269.1 272.2 275.5 276.2 275.6
179.9 174.3 174.9 174.5 171.6 170.5 170 170.4 170 169.9 170.5 168.7 165.3 167.1 172.6 172.6 171.5 172.2 174.7 170.5 172.6 172.5 172.9 174 173.9 175.9 177.3 178.6 179 179.9 181.6 183 182.8 181.6 183.2 183.4 184.6 186.3 187 187.6 188.4 191.3 192.8 197.7 200.7 200.9 202 204.5 206.5 210.1 212.1 213.4 215.7 217.3 220.1 221.7 223.1 224.7 223.9 220.6 222 223.9 226 231 234.2 237.4 244.9 247.5 252.7 260.4 266.4 267.8 269.5 271.6 277.2 280 278.7 276.5
180.2 171.4 169.7 169.5 169.9 171.7 168.6 169.1 168.8 168.9 169.7 165.9 165.5 170.5 175 176.6 175.3 175.7 174.2 174.1 174 174.7 175 175.6 175.7 176.6 177.5 177.7 178.1 180.2 181.8 182.9 182.3 181.8 182.4 183.8 184.7 186 187 187.7 189.5 193 196.1 197.6 198 201 202.8 204.8 206.6 209.1 210.7 212.3 213.9 215.5 220 222 222.9 222.6 219.6 218.2 220.3 223.4 228.6 233.7 237 240.8 248.8 254.1 261.4 268.5 272.7 271.6 274.6 275.9 281.7 282.7 280.4 276.2
176.2 173.1 167.3 167.3 168.9 168.3 168.1 168.3 169.2 172.1 167.5 163.8 168.9 169.3 170.8 175.2 176.7 177 176.4 176.7 176.5 176.1 175.9 175.7 175.7 176.4 176.6 176.5 178.5 180.6 182.2 183.2 181.1 181.7 182 183.9 184.9 187.2 188.4 191.3 194.5 196 198.1 199.3 199.3 202 206.1 208.4 206.2 208.5 210.1 211.4 213.1 215.6 219 220.3 220.3 217.8 215.7 217.9 220.5 225.1 230.7 235.1 239.7 244.5 251.9 259.7 267 270.3 272.1 273.6 276.7 280.4 284.3 284.7 279.9 274.4
173 171.6 169.1 165.3 166.9 167.5 166.7 166.9 169.4 168.7 166.2 163.7 165 166.6 167.8 170.5 172.4 172.6 173 175.2 176.2 176.6 176.6 176 175.6 175.9 176.2 176.1 177.3 179 181.8 181.2 180.4 182.3 182.7 182.6 185.3 187.9 191.6 197 196.3 197.7 198.9 199.4 200 201.7 203.4 203.7 205.9 207.9 210.1 212.8 212.6 214.9 217 219 219.3 212.6 214.2 218 222.2 226.6 232.4 236.8 242.4 249.2 255.5 264.7 268.8 269.9 272 276.9 280.9 285.4 287.6 280.1 273.7 272.4
167.6 165.8 169.7 165.1 165.4 166.5 166.4 165.7 167 167 165.7 163.3 164.5 164.9 166.6 168.6 169.5 169.2 170.4 172.6 174.1 175.3 179.9 176.2 176.4 175.6 174.8 175.6 176.1 178 180.6 181.4 181.7 184 184.2 183.4 186.1 190.2 193 195.1 196.7 199.8 199.7 200.1 201.3 204.3 204.8 206.7 207.7 209.4 210.7 211.5 211.3 213.3 214.2 215.6 212.8 210 215.2 220.3 224.4 229.2 234.3 238.5 243.3 250.4 258.1 265 266.6 269.5 274.5 279.4 283.6 285.5 279.2 270.1 268.5 270.5
164.4 164.8 165.2 166.1 165 165.7 167.5 165.8 164.6 165.1 166 163.8 164.6 164.6 165.9 172.2 169.2 167.1 167.4 170 171.6 176.5 177.1 177.4 175.1 173.6 173.5 174.9 176 177.3 179.8 183.1 185.6 186.2 184.9 184.7 185 187.8 191.3 193.8 196.5 199.1 200.4 200.9 202.2 204.9 206.2 207.6 209.4 210 210.9 211.1 210.4 210.5 210.3 210.3 209 209.8 216.3 222.4 227.1 231.9 236 239.3 243.6 249.5 256.9 260.5 269.6 270.4 272.2 276.7 278.6 275.9 270.8 266.6 266.4 268.8
162.7 163.2 163.6 164.3 164.7 166.7 170.4 166 164 163.3 163.2 163.7 164.8 164.7 165.2 169 165.1 165.1 165.2 167.3 172.4 177.1 175.8 174.6 174 172.5 173.9 174.4 175.8 177 180 184 187 188.3 185.8 185.2 185.1 187.9 191.9 193.9 196.8 199.7 200.9 201.4 203.4 205.3 206.8 207.3 211.5 213.5 211.2 210.8 209 206.5 205.1 206.4 208 213 218.7 224.1 228.8 233.6 236.6 241.2 245.3 249.9 256.5 258.5 265.1 266.3 268 271.4 271.6 270.3 266.7 263.5 265.6 267.5
162.9 162.5 162 162.3 163.6 164.8 166.9 166.2 163.6 163 162.9 163.1 164.9 164.7 165.7 165.3 164.3 164.9 165.6 167.4 171.8 174 175.1 173.5 172.6 172.3 172.7 174.4 175.8 178.1 180.1 182.6 185.3 189.1 187.6 186.2 185.9 188.7 193 195 197.4 201.5 202.4 201.8 204.2 205.7 207.1 211.3 212.4 212.4 210.5 209.7 207.1 205.9 204.8 205.1 209.5 214.7 220.7 225.3 229.8 234 238.5 242.7 246.4 249 253.4 257 259.6 260.2 266 270.1 265.5 265.1 260.3 261.8 263.6 265.6
165.8 163.9 162.1 161.5 164.4 164.9 165.3 164.6 163.4 162.7 162.5 162.5 163.6 164.1 165 165.1 165.5 166.2 165.9 166.8 170 171.9 172.5 171.7 172.4 172.3 173 173.9 176 179.6 181.3 181.7 184.3 186.4 186.4 187.6 188.7 190.9 194.2 196.5 198.3 200.2 200.7 203.9 204.6 205.5 206.9 209.2 211.7 210.2 209.6 206.8 204.5 203.9 203.2 207 211.1 216.4 222.2 226.8 231.1 235 240.5 243 243.8 245.8 249.1 252.4 253.9 256.7 260.9 263.7 258.1 257.8 260.2 263.5 264.3 267.5
169 164.1 162.4 162.5 164.6 164.9 164.8 164.4 162.9 162.4 162.2 162.9 163 163.2 164.3 165.3 167.2 167.8 168 168.4 169.8 170 171.8 172.2 172.7 172.5 173 174.7 175.5 180.3 181.1 182.3 184.6 186.5 187.8 188.6 190.6 192.5 198 198.9 198.8 200 201.5 203.8 204.6 205.7 207.5 210.4 210.1 208.1 206.1 203.5 202.7 201.6 203.1 208 212.6 217.9 223.8 228.3 232.9 237.4 241.5 242.5 242.6 242.9 244 246.9 250.5 252 253.7 253.5 253.5 252.7 257.7 261.2 263.8 268.2
168.4 165 162.8 161.6 164 165.6 163.4 163.2 162.4 162.2 163.9 164 164 164.6 167.8 166.5 167.4 168.2 169 170.2 171.7 172.4 172.7 173.8 173.1 172.8 173.7 177.1 179.1 180.5 181.9 183.5 185.8 187.4 188.7 189.4 190.4 191.6 195.5 200.2 200.1 202.3 203.4 203.4 204.8 207.3 208.4 210 207.6 206 203.1 201.1 200.5 200.6 205.2 209.8 214.3 219.6 225.3 230.1 234.1 238.4 242.8 241.3 239.6 239.1 239.5 242.1 245.5 248.1 248 246.7 247.9 251.3 255.4 258.4 262.8 271
167.7 166.3 162.9 161.3 163.2 164.7 163.2 161.1 162.4 162.9 164.2 164.4 165.2 165.6 166.3 166.4 167.3 168.3 169.1 170.7 171.3 170.8 170.9 171.6 172 173.1 176.4 179.2 181 181.8 182.4 184.3 186.6 187.5 189.5 190 190.4 191.1 193.3 197.1 200 202.6 203 203.2 204.7 205.6 208.4 207.4 205.1 205.4 200.8 199.9 199.9 204.2 208.1 212.2 215.8 221.4 227.5 229.8 231.4 234.9 237.6 236.9 236 236.4 236.4 237.9 240.6 242.8 243.5 243.6 245 250.2 254.1 257.6 263.4 274
166.6 167 163.9 162 165.9 162.9 162.6 161.6 163.2 162.6 163.9 163.9 165.1 165.8 166.4 166.4 167.4 168.1 169.3 170.3 170.5 170.6 170.8 170.9 172 176.6 179.9 181.5 181.6 182 183.3 184.2 185.5 187.8 189.5 190.5 191.5 192.4 193.8 195 198.8 202 201.4 204 203.6 204 204.3 204.2 202.6 200.2 198.8 198.8 201 207.7 210.7 213.8 217.6 223.5 226.2 227.5 228.9 231.4 233 231.5 229.4 230.2 232.2 234.8 238.9 240.5 240.6 242.1 245.4 249.3 253.5 257.7 266 275.3
166.2 170.7 164.4 161.2 163 161.3 161.8 161.3 165 163.4 162.9 163 164.3 164.7 165.5 166.3 167.9 167.3 167.4 167.8 169.6 170.2 170.4 170.4 172.8 177.8 181 180.3 181.3 182.1 182.3 183.2 185.5 187.2 189 191.1 193.2 193.1 194.1 195.6 197.2 199.5 202.5 202.8 201.8 202.7 203.6 201.7 197.1 200.1 199.8 203.6 203.1 209.3 212 214.9 219.7 223.5 225.4 226.6 225.9 228 228.9 227.5 227.8 227 228.4 232.6 234.4 235.1 236.1 241.5 246.5 249.5 253.2 257.7 267.5 276.8
166.6 168.1 164.3 165 160.7 162.5 163.6 164.7 167.4 164.2 163.8 163.4 163.7 163.9 164.6 165.7 166.3 167.2 167.9 168.7 169.7 169.1 168.8 170.3 173.4 176.5 178 178.4 181.6 182.2 182.2 183.1 185.3 189.2 190.2 191.6 195.6 192.4 193.3 194.6 195.7 197.7 200 199.7 198.1 200.5 198.5 196.7 196.4 199.9 203.4 207.1 207.4 210 212 214.2 218.3 221.5 224.5 224.4 223.3 224 225.1 224 222.7 222.5 226 230.1 232.1 233.7 238.7 242.7 246.9 248.8 253.9 260.7 268.2 276.7
167.5 165.3 164.9 162.9 159.9 160.7 161.2 164.5 167.2 164.3 163.9 163.6 163.4 164.2 165.7 166.3 167.3 168.7 169.1 169.1 169.1 169.6 169.4 171.9 174.8 176 176.8 178.6 182.5 182.4 182.4 183.3 188.6 190 190.1 192 194 191.3 192.2 193.2 194.3 196.3 198.1 199.3 197.2 196.6 194.2 193.7 198.3 201.4 203.7 206.6 208.6 210.3 211.4 213.7 216.9 219.4 221.7 223.2 220.6 220.5 220.9 220.5 220 221.3 224.3 227 229.7 234.8 241.6 244.8 247.3 249.1 255.8 261.9 270.7 279
167.1 163.1 162.6 163.3 162.5 159.8 159.7 161.4 166.5 164.3 164 164.1 164.7 165.6 167.1 167.2 169.1 169.8 169.8 168 168.5 169.7 171.4 174.6 177.1 179.4 181.1 181.9 183.1 182.9 182.6 183.3 189.5 190 189.5 191.3 191.8 189.8 191.2 192.1 193 194.3 195.9 196 193.6 193.3 191.8 195 199.3 201.3 203.3 205 209.4 209.4 210.7 213 215.6 216.9 218 217.8 216.9 216.4 215.9 218.9 219 223.9 226.7 228.5 232.3 241 245.4 248 250.4 253.3 257.3 263.7 272.1 279.9
165.5 161.6 161.6 161.7 161.7 160.4 159.7 160.8 164.6 164.9 165.5 165.9 166.1 167.3 167.8 167.3 169.6 169.8 169.4 168.2 169 171 172.4 174.7 177.1 179.1 181.1 183.2 183.6 183.4 183.4 183.9 187.6 188.1 188.3 189.9 189.8 188.6 189.3 190.6 190.9 192.3 193.2 193.1 191.1 190.5 194.1 199.1 200.2 201.5 202.9 204.5 207.7 207.2 209 210.4 211.8 210.2 212.5 211.4 210.9 210.5 213.2 216.9 222.8 228.5 231.6 232.8 238.4 244.3 248.4 250.7 253.5 257.5 264.2 269.5 275.3 283.7
164.9 160.9 160.9 162.6 161.1 159.9 161.5 162.9 164.5 165.7 166.2 166.7 167.2 167.8 168.2 168.1 169.6 169.3 168.9 169.1 171 172.1 173.2 174.7 176.8 178.8 180.8 182 185.3 183.9 184.1 185.5 186.8 186.7 187.3 188.5 187.7 186.9 186.6 188 188.9 190.4 190.7 190.7 188.9 191.2 196 200.2 201.4 202 202.7 204.6 206.9 207 207.2 207 204 202.5 202.5 204.4 208.1 213.4 220.2 221.9 227.8 234 235.7 236.9 243.4 248.1 251.6 253.9 257.9 262 267.7 274 279.8 287.2
