public/OST50/NX38.asc
ncols 200
nrows 200
xllcorner 230000
yllcorner 580000
cellsize 50
[rows 70 to 104 of 200, columns 0 to 77 of 200]
226.4 227.4 229.1 235.5 238.3 234.9 236.3 239.1 242.2 243.3 243.6 245.8 247.7 249.4 251.1 251.4 255.6 258.4 257.7 258.9 259.7 258.6 258.8 259.3 260.7 260.9 254.6 251.2 248.8 248 247.4 243.8 241.7 239.4 235.5 232.5 230.6 229.1 226.9 226.5 225 225.4 228.4 227.8 227.1 225.1 221.5 219.2 222.1 224.1 225.3 225.5 225.5 224.7 225.1 223.8 220 218.7 218.4 212 208.8 208.1 212.4 215 216.8 218 221.4 221 221.3 219 215.1 214.3 212.4 214.9 217.9 220.6 220.7 219.9
230.9 232 232.6 235.8 239.3 240.5 239.3 240.8 244.7 247.4 246 246.6 249 251.4 252.6 254.1 257.3 258.8 260.9 264 264.5 262.8 261.9 261.8 260.9 261.7 257.9 252.1 249.2 248.5 246.6 243.1 241.4 242.1 239 234.4 231.1 228.3 227.2 226.6 224.8 223.9 226.3 227.4 226.9 225.5 222.9 219.1 219.9 222.1 224.3 224.5 223.8 222.1 221.7 222.6 220.3 213.6 214.6 211.7 211.7 205.7 210.3 211.9 213.2 214.9 216.6 219.1 220.3 215.9 215.6 214.6 212.4 213.3 216.1 217.5 217.4 217.2
230.1 231.8 234 236.1 239.4 241.3 241.5 242.8 248 250.3 249.8 248.6 250 252.4 253.8 256.3 258.1 258.7 260.9 266.1 268.1 267.3 264.9 262.3 259.8 260 259.3 253.1 249.5 246.2 243.5 241.8 240.4 240.3 237.8 234.3 232.3 229.8 228.6 229.8 228.4 224.2 223 221.5 222.9 222.5 223.8 219.9 216.2 219.9 222.4 222.2 222.1 219.6 217.9 217.6 219.7 212.3 211.2 207.6 206.8 205 210.4 211.3 212 213.1 214.9 216.6 217.4 215.4 215.2 211.7 211 213.4 215.3 216.2 215.9 214.1
230.8 233 235.2 237.5 240.6 243.3 243.1 245.3 249.1 251.4 255.4 255.9 254.1 253.2 255.2 257.5 259.2 260.1 261.2 267.1 270.7 268.3 264.1 261.1 259.8 258.5 256.3 251 247 244.9 242.9 240 239.2 238.8 236.6 234.4 233.3 231.5 230.8 232.7 230.9 227.4 223.8 222.6 218.7 219.3 222.1 217.4 212.9 218.8 222.1 221.4 221 217.9 213.7 212.3 217.4 210.8 210.2 205.1 203.6 204 207 210.3 211.2 212.1 214.2 216.3 217.1 214.3 215 210.4 211.5 214.2 214.9 214.7 213.2 211.3
231.3 234.2 236.7 239.3 242.1 244.3 244.6 247.7 250.5 252.7 256.2 258 259.1 259.1 255.9 258.3 260.2 262.2 268.2 272.6 269.3 264.3 262.6 261.7 262.5 257.4 250.8 248.4 245.4 243 240.2 240.1 240 239.4 239.9 241.6 240.4 238 234 233.8 231.8 228.9 224.3 223.6 220.5 219.4 219.2 216.8 213.8 209.7 215.9 220.5 219.4 216.3 209.3 206.2 214.3 207.1 206.6 206.9 203.2 202.7 203.7 207.5 209.8 211.3 212 214.4 216.4 215.4 212.3 210.6 211.4 213.9 214.5 214.1 210.6 209
230.7 234.9 237.6 240.1 242.6 244.5 246.2 251.3 250.6 253.5 256.3 258 261.4 261.2 257.5 260 261.9 263.9 267.9 267.9 265.6 263.7 262.7 263.3 263 253.1 249.6 246.7 243.9 241.1 240 240.2 240.3 241.6 241.8 242.7 243.2 238.1 236 235.5 232.8 230.2 227.6 229 223.9 219.9 220.4 219.6 217.9 212.7 208.9 219.7 218.2 216.3 203.4 201.9 205.7 204.5 205.5 203.4 203.8 201.9 202.3 205.3 208.4 207.6 206.8 211.8 214.8 212.2 209 208.4 210.1 211.8 210.8 210.1 209.4 207.4
230.3 234.3 237.1 240.2 243.1 244.6 247.9 251.7 250.8 253.6 255.8 257.4 262.2 261.3 259.7 262.3 264.1 265.8 267.5 267.3 266 264.3 263.1 262.9 258 249.5 247.6 245.3 242.4 241 240.7 242.2 242.9 242.5 243.2 242.8 241.1 238.3 238.5 237.5 235.7 234.3 232.8 233.4 227.3 221.4 221.2 219.5 218.8 215.9 208.7 216.9 216.3 214.8 202.6 200.9 202.1 203.3 204.8 205.3 201.3 201.2 201.1 201 202.8 205.7 207 206.4 209 205.8 206 207.4 208.4 207.5 206.4 207 208.2 206.4
228.7 233.1 236.2 239.1 242.8 244.9 247.9 249.3 249.7 252.2 255.5 257.7 261.4 261.7 262.4 264.9 267.4 269.3 270.2 269 266.8 263 260.6 256.3 251.9 248.7 246.3 244.3 242.4 241.3 242.1 243 243.3 243.3 243 242.8 241.6 241.4 240.6 239.8 239.3 236.6 233.8 233.6 228.2 221.4 221.7 219.9 218.2 216.3 207.1 206.1 212.5 211.7 201.8 201.2 200.7 200.9 203.9 201.8 201.4 200.4 200.5 200.4 200.4 202.3 207.3 206.5 204.2 210.6 204 204.4 205.5 205.3 208.3 208.1 206.6 206.8
227.5 232 234.3 236.7 241.8 245.5 247.9 248.4 247.7 250.4 255.1 261.4 263.5 263.6 265.2 265.5 268.6 269.4 268.5 266.5 265.5 261.9 258.7 253.7 252.1 250.4 246.2 242.4 241.3 241.1 241.7 242.5 243.6 243.4 243.2 243.4 244.2 245 244.4 243.8 242.3 237.6 234.6 232.8 229 222.6 221.3 222.2 218.3 211.7 213.1 206.7 203.8 209.7 207.9 202.2 203.6 200.9 202 200.9 201.9 201.3 200.9 200.8 200.7 201.9 205.1 204 206.2 214.8 208.2 204 204.8 207.2 208.6 210 211.2 206.8
228.6 232.8 235.2 237.8 241.3 243.7 247.7 248.5 249.1 251.8 257.4 262.5 264.4 265.7 267.8 265.9 266.3 266.1 266 264 263.7 262 258.5 253.3 249 247.1 243 241.5 241.8 241.6 241.6 242.8 243.8 243.6 244.1 244.5 244.5 245.9 248 246 242.2 237.9 235.1 230.6 226.3 223.1 221.8 221.5 218.5 209.7 211.5 205.5 202.1 205.8 209.5 204.9 204.9 203.6 205.1 207.8 202 202.3 202 202.2 200.2 201.5 202.9 201.6 207.2 213.8 214 206.3 207.7 209.4 210.1 210.7 211.4 208.7
230.2 232.8 236.2 239.1 241.5 243.7 247.5 251.4 253.7 255.2 258.5 261 263 266.9 268.7 266.5 265.1 264 263 262 260.6 257.1 254.3 250.4 248.1 245.5 242.9 242.4 242.3 242.3 242.5 242.6 244 244.4 244.9 245.3 246.4 249.5 250.7 246.7 241.5 235.3 233.3 229.3 224.6 222.8 221.4 220.1 217.1 209.6 210 202 200.7 202.3 203 201.3 201.2 201.9 207.1 206.5 202.8 202 202.6 204.7 201.8 201.2 202 201.7 204.7 212.7 217.9 208.8 210.3 211.6 212.2 212.1 211.6 209.7
229.8 231.7 235.8 239.5 242 244.6 248.3 252.2 254.9 256.4 258.3 263.9 267.3 267.5 265.5 265.3 265 263.4 262 258.3 258.5 254.7 251.3 249.1 247.6 246.7 243.4 242.7 243 243.2 243.3 243.4 244.9 245.3 245.7 246.4 247.6 248.6 246.7 244.7 240.7 234 230.6 228.7 223.8 220.9 218.6 215.7 205.1 201.3 200.9 201.1 200.7 199.7 201.3 202 200.4 203.2 205.9 207 205.5 205.5 208.4 209.3 204.5 204.4 202.6 204.3 208.5 210.7 215.7 212.7 213.3 213.9 213.4 212.8 212 211
229.5 232.4 236.4 239.4 241.3 243.9 247.6 250.3 251.1 249.9 255.2 261.3 266.6 266.8 264.9 265.1 264.2 263 260.4 255.4 254.5 253 251 248.6 245.8 244.2 243.3 241.7 243.1 243.9 244.1 244.2 245.9 248.7 246.9 246.9 247 245.5 242.5 240.7 239.3 233 229.7 227.5 223.3 217.6 212.6 209.8 199.8 199.6 199.8 200.3 199.4 199 205.7 206.8 207.5 205.1 204.3 204.5 204.3 204 205.5 207.7 205.4 206.2 206.4 206.9 213 214.5 216.8 214.9 216.1 216.5 215.8 213.4 211.6 210.6
229.9 233.2 236.3 239.5 240.1 240.8 243.5 244.1 244.6 245.5 250.9 255.1 261.3 264.6 264.2 263 262.1 260 257.4 252.3 251 249 246.6 244.9 243.2 241.7 241.5 240.9 243.5 244.7 244.8 244.9 245.8 250.1 249.7 244.8 245.6 242.1 239.6 239.6 238.6 232.5 229.2 227 224.4 216.7 208.9 204.7 199.8 199.6 199.3 199.5 200.1 198.8 203.9 202 202 205.2 204.2 203.4 203.5 203 205.2 206.7 206.6 207.7 207.7 213.1 214 215.2 221.2 219.3 219.2 218.6 218.7 213 211.1 210.1
230 231.9 233.2 236.2 237.5 238.4 240.2 243.1 245 245.4 247.5 251.3 259.6 263.9 260.5 259.1 257 254.2 251.5 247.4 246.1 244.6 242.3 240.5 239.5 240 240.1 239.9 244.1 245.7 244.7 244.3 249.4 249.4 247.5 244.3 242.4 238.4 237.7 237.8 237 231.1 230 226.6 221.1 215.7 208.5 201.6 199.1 199.1 198.8 198.7 198.9 198.9 202.2 204.3 200.7 204.6 205.9 203.6 203.1 203.6 205 206.2 207.9 209.4 212.4 213.4 214.7 217 224.1 224.1 219.5 219.3 217.7 214.3 211 209.7
229.1 229.9 231.4 232.8 234.1 235.1 237.7 242.8 245.9 246.6 248.6 252.3 256.6 254.4 251.5 252.7 251.5 248.2 245.6 244.2 241 240.4 240.1 237.8 236.7 237.6 239.3 239.4 245.5 247.2 243.7 244.5 246.6 245.4 241.6 239.3 238.6 236.9 236.3 236.4 234.2 229.7 229.2 223.7 218.2 213.9 203 198.9 198.7 198.5 198.4 199.4 198.6 198.1 198.6 204.3 201 200.2 203.7 203.3 207.8 206.4 206.1 208.5 210.9 212.9 213.7 214 216.8 220.8 226.8 225.4 220.9 218.4 215.5 212.2 211 210.8
227.3 228 228.8 228.5 229.2 228.2 227.7 238.9 244.7 247.5 249.4 250.5 249.3 246.7 245.4 245.5 244 241.9 239.1 237.2 236.2 238.9 238.7 236.3 234.9 235.7 237.7 240.8 244.2 243.2 240.6 243.2 241.5 239.7 237.8 236.7 236.6 236.6 236.5 235 231.2 227.9 224.4 219.8 215.1 208.3 201.3 198.6 198.3 200.4 200.7 202.1 202.1 200.3 197.1 200.6 198.2 198 200 203.8 208.8 208.4 208.3 210.7 215.3 216.4 216.9 220 224.2 228.3 228.5 226.4 222.1 218.9 216.2 214.1 212.6 212
223.9 224.7 224.1 222.4 221.4 221.2 223.2 228.8 235.8 237.1 244.3 245.9 245.2 242.3 241 241.4 238.8 237.1 236 235.3 234.4 236.7 236 234.1 234.4 234.9 236.6 238.7 239.9 239.3 238.7 239.7 237.7 236 235.5 237.3 239 237.4 235.7 232.6 227.5 224.9 221.4 219.1 212.5 206.3 200.8 198.9 198.3 199.4 200.7 202.2 201.5 199.2 196.5 196.6 197.6 199 203.3 206.7 210.3 210.2 211 215.7 219.5 220.5 223.5 227.8 229.8 231.6 230.6 227.9 223.9 220.1 217.2 215.4 213.8 212.2
220.1 222.2 220.5 219.3 218.4 221.5 224.3 226.5 229.1 231.9 236.7 239.6 240.6 236.6 239.3 239.2 235.8 236.1 236.3 236.2 233.3 232.7 233.8 234.1 234.2 235.1 236.9 237.5 238 238.5 238.6 237.9 234.4 234 234.6 235.5 235.5 234.4 232.7 228.8 225.6 223.2 219.4 215.9 209.6 202.9 199.9 199.2 199.1 199 199.2 200.2 200.8 198.5 196.6 196.6 198.7 200.6 203.7 207.3 210.9 214 218.5 219.5 222.2 225.5 229.6 232.4 233.4 234.2 232.5 229.5 225.8 220.3 217.4 215.2 214.7 213.1
220.4 221.1 219.1 216.3 217.6 223 223.1 225.7 229.5 231.9 232.1 231.8 230.8 230.7 238.7 233.1 231.7 232.2 233.9 236.1 232.9 231.4 232.2 232.7 233.8 233.6 234.3 235.1 235.4 237 237.7 237.7 232.9 231.4 231.4 231.5 231.5 230.9 228.6 226.1 223.6 221.2 218.5 214.9 208.7 201.8 199.6 199.8 199.6 199.3 199.7 198.5 198.3 197.1 196.7 197.5 200 203 206.1 210.3 212.8 217.8 221.5 225 227.7 232.5 235.5 235.8 235.7 235.8 234.3 231.1 225.9 220.4 217.7 214.5 214 212.5
220 219.9 218.7 212.8 217 220.2 221.8 224.6 229.1 230.9 229.5 226.5 225.2 226 229.5 229.1 228 227.1 230.4 234.2 231.3 229.8 230.5 231 232.7 231.7 230.9 231.6 233.1 233.6 234.8 236.9 233.5 229.7 228.3 228.8 228.5 228.1 226.4 224.2 223.2 221.9 219 214.3 208.2 200.8 200.2 199.5 198.5 196.8 197.1 197 196.2 195.5 196.4 199.5 203.3 205.6 208.4 212.3 220.6 222.6 225.2 229.6 233.5 237.6 240.1 240 239.6 238 233.9 230.1 224.3 219.5 218.9 215.1 213.7 215.5
216.8 217.8 215.8 212.5 214.9 216.3 219.5 224.3 227.5 227.2 223.5 222 222.9 224.7 224.1 221.2 220.9 221.7 224.2 228.4 229.4 228.9 229.6 229.5 229.5 229.3 227.3 227.3 229.4 230.7 230.7 231.5 231.1 228.2 225.8 225.4 225.7 224.8 221.9 221.3 221.2 220.2 216.6 210.8 205.9 202.4 200.4 199 197.4 195.4 195.1 195.3 195.7 194.5 199 202.5 209.6 211.8 214.9 214 221.5 226.1 229 234.4 238.3 241.4 243.9 243.9 241.7 238 234.1 229 223.5 220.6 220.9 222 218.2 215.3
214.2 214.9 213.6 211.1 212.8 214.3 216.1 219.1 220.7 219.6 218.1 218.3 222.2 223.8 221.3 218.5 217.3 217.6 219.8 222.5 225.5 227.1 227.5 229 227.9 224 222.6 224.6 226.9 226.4 226.6 228.3 228.9 226.2 223.3 221.7 220.7 219.4 218.8 218.3 217.1 213.8 209.6 207.9 204.9 203.9 201.2 197.8 194.9 195 194.9 194.1 194.9 198.3 205.8 209.7 213.9 217.7 221.6 221.6 224.8 228.6 233 238.5 241.4 245.1 247.5 245.3 242.3 238 232.5 227.9 223 221.4 222.4 223.5 216.5 214.9
210.5 211.7 212 210.9 211 213.5 215.6 216.9 215.9 214.4 214.9 215 218.8 221.4 218.8 218.1 217.3 216.9 216.9 219.1 220.6 223.2 226.6 227.4 223.1 220.1 220.7 223.6 226.2 223.3 222.4 223.8 225.2 225.1 220.3 219.3 216.9 216 216.7 214.5 210 208 205 203.3 201.7 200.3 198.2 194.8 194 193.8 194.3 194.2 197.7 201.7 211.2 213.9 218.4 221.7 222.8 226.1 229.3 233.3 237.9 242 244.7 248.1 249 245 240.7 234.1 229.7 227.2 224.6 224.2 225.2 221.3 215.4 214.3
206.3 209.3 210.3 211 211.3 213.6 216.9 216.1 211 212.3 213.4 213 214 216.8 216.2 215.2 215.8 216.8 217 216 217 220.7 225.3 225.3 219.9 217.8 218.9 219.3 221.1 218.7 216.1 218.4 219.2 215 213.5 213.3 214.1 213.2 216 211.5 209.6 209.3 203.7 201.3 197.9 195.3 194.5 193.8 193 193.6 194.3 196 201 208.4 213.7 218 222.9 225.2 226.8 229.7 231.3 237 240.5 244.3 248.1 251.1 250.6 243.6 238 231.8 229.8 228.8 227.2 225.5 224.5 216.1 214.2 213
200.8 207 210.9 210.4 211 212.3 210.8 209 209.7 211.5 214.8 212.2 211.8 212.6 212.6 212.5 213.8 214.7 214.8 213.1 213.2 218.2 218.9 217.5 217.6 216.3 216.6 215.8 214.5 213.4 209.8 211.5 213.4 207.7 208 206.5 208.4 209.5 214 210.7 208.7 203.8 203.6 201.4 195.6 192.9 192.9 192.9 194.1 194.3 195.8 200.2 205.7 209.5 212.8 216.9 223.3 228.6 229.7 232.1 234.5 240.2 242.1 245.6 249.6 250 243.9 237.4 235.2 232.3 231 230.8 227.5 223.4 220.8 215.2 213.1 211.7
200.7 206.1 209 207.8 209.5 207.3 207.3 209.1 210.9 212.2 213.7 213.2 210.9 210.7 210.2 210.2 211.9 212.3 212.5 211 209.3 212 213.5 214.4 213.5 213 214.7 212.3 209.3 207.6 206.2 203.2 207.6 205.6 205.3 202.3 203.3 202.4 206.1 208.7 207.6 203.9 202 196.3 195.4 192.2 192.4 193.2 200.3 198.6 202.9 206 208.3 210.4 212.7 216.7 223.1 228.9 231.6 235.1 238.6 241 242.3 244.6 246.1 241.6 237.1 236.7 235.4 233.3 232.2 230.8 225.8 221.4 217.9 215.1 212.4 210.7
199.6 200.4 202.8 203.4 206.5 206.9 207.7 210 212.3 213.6 213.1 211.3 209.8 209.2 209.7 208.5 206 206.1 209.4 211.3 209.5 209.7 212.3 212.6 214 208.8 210.7 207.6 203.6 203.1 201.7 201.3 202.4 202.7 202.3 199.9 198.7 195.1 196.7 206.9 207 202.5 196.1 192.1 192.8 197 193.6 194.2 199.2 203.8 206.9 212 216.1 216.5 216.4 218.5 223.1 229.1 233.3 238 241.3 241.3 242.4 243.5 241.1 238 237.2 236.8 236.4 234.8 233.4 228.5 222.9 220.2 216.6 213.9 211.1 209.4
201.7 201.8 203.5 206.4 206.8 207.4 208.9 210.7 211.3 210.7 211.1 209.7 208.3 206.6 207.5 202.8 203.5 204.6 206 208.2 207.8 211.6 211.2 208.9 209.4 205.4 203.8 201.3 200.1 199 197.8 198.3 198.9 199.4 198.6 195.7 195.4 195 190.2 196.3 201.6 198.3 192.5 191.8 195.5 199.2 197.7 199.1 203.4 208.8 212 216.4 217.1 220.4 220.9 220.4 224.9 229.9 234.8 239.7 242.7 241.5 241.2 240.8 240 239.3 238.7 238.1 237.1 235.3 232.6 225.8 222.8 218.1 215.9 214.5 210.2 207.9
198 197.1 203.8 204.5 205 206 206.8 207.6 207.1 206.2 205.4 204.9 204.9 200.7 197.7 203.6 204.1 203.3 204.1 205.4 206.4 208.6 207.7 206.4 203.5 200.8 199.1 198.7 198.4 197.7 195.9 196.5 196.3 195.7 194.1 193.8 200.8 197.3 187.4 189.8 191.1 193.7 191.9 199.7 200.7 201.2 202.5 205.6 208.6 212.3 216.8 218.5 218.6 220.8 222.4 222.7 226.4 230.8 236.8 241.4 242.4 240.8 240 240 241.1 241.4 240.7 239.3 237.5 235.1 230.9 228.7 223.7 219.4 216.7 215.8 211.1 207.5
193.4 197.7 202.5 202 202.7 204.7 203.3 200.7 200.7 199.9 197.7 198.2 196.8 195 199.4 203.3 204.4 200.9 200 201.1 203.7 204.8 205.9 204.1 200.2 201.1 198.5 198.2 197.6 202.3 193.2 195.2 195.3 193 189.7 189 190 187.1 192.5 194.2 192.5 194.3 196.3 200.2 206.1 204.2 207 209 211.5 215.7 219 219 220.3 222.8 226.4 225.3 227.6 231.4 237.7 240.7 240.3 238.7 239.2 240.4 243.2 243.6 241.9 239.7 237.1 233.7 231.2 230.4 224.1 219.9 215.1 212.8 209.4 208.1
192.7 194.5 198.6 199.5 199 198 196.4 193.6 193.8 193.1 191.9 192.5 192.2 193.7 197.2 199.7 203.7 201.6 199 196.5 197.6 202 205.2 203.8 199.8 198.9 198.6 198.6 195.4 196.1 190.7 197.4 197.2 190.5 186 184 183.9 193.4 196.5 197.6 197.8 197.7 196.6 198 200.6 204.1 209 210.9 214.8 218.2 219.9 218.7 220.9 223.6 225.2 225.6 226.7 231.8 235.3 238.2 237.9 238.2 239.7 242.5 244.9 244.9 241.9 238.6 235.3 232.5 232.6 230.2 224.3 220 212.1 211.6 209.2 207.1
192 190.5 192.3 197.5 197.6 194.8 193.6 191.5 190.8 190.9 192.7 191.5 192.3 193.3 195.3 197.8 199.1 199.4 198.3 194.3 192.8 196.3 201 199.6 200.4 196.9 196.1 196.1 193.5 191.2 186.7 193.4 192 183.6 183.6 188.6 193.1 195.4 197.1 198.1 199.5 197.7 196.8 197.9 199.5 203.9 207.4 211.2 214.1 217.2 216.7 218.7 221.2 223.2 224.7 225.1 227.4 231.1 234.8 236.8 237.9 238.4 241.8 244.7 247.2 246.7 243.1 238.8 234.7 233.3 233.2 228.3 222.9 217.8 211.3 211.4 213.1 207.2
193.9 191.7 191.1 193.3 194.7 192.9 191.8 191.1 191 190.8 191.5 191.4 192.3 192.9 195.7 198 198.7 198.3 199.4 196.9 191.1 191.9 195.4 194.2 199.5 194.5 192.3 191.8 190.3 186.7 186.4 187.3 180 184.6 186.1 190.2 193.4 194.4 195.9 197.4 201.2 201.5 197.2 199 200.9 204.3 207.2 211 213.5 215.8 216.1 218.5 220.9 222.4 224.2 227.3 230.6 232.9 236.8 238.1 238.7 241.8 245.5 248.1 249.4 246.6 243.4 239.1 235.3 232.6 229.2 224.1 219.4 215.8 213.9 211 210 208.5
196.4 193.5 189.8 192.2 191.9 191.9 191.2 191.4 190.7 190.5 191.6 192.9 195.7 196.7 196.2 197.1 196 194.6 193.8 196.1 190.5 188.1 188.7 192.5 193.2 190.9 189.7 187.9 186.7 182.7 180.3 178.8 183.3 191 189.7 191.6 192.8 192.9 193.3 195.5 197.8 202.1 202.6 198.2 200.8 203.9 206.8 209.5 212.7 213.5 215.7 218 220.2 220.8 223 227.5 232.3 234.5 237.9 239.6 243 247.2 250.6 251.8 251.9 248.9 243.1 238.3 232.8 228.6 224.1 219.5 216.5 214.2 213.1 212 209.8 208.2
