public/OST50/NX46.asc
ncols 200
nrows 200
xllcorner 240000
yllcorner 560000
cellsize 50
[rows 152 to 189 of 200, columns 0 to 83 of 200]
33.5 32.7 31.8 31.9 34.9 36.1 33.4 31.5 31.5 31.5 30.4 30 29.8 30 30.6 34.5 35.5 34.2 42.3 45.7 43.8 51.6 48.7 54.8 65 66.4 70.2 72.1 74 74.2 73.5 72 72.6 70.7 67.2 64.5 61.4 57.1 46.9 43.2 42.8 33.1 27.7 27.6 24.7 21.9 20 17.1 16 13.8 10.7 9.7 9.6 9.3 9.2 9.1 9.1 9 8.8 8.6 8.2 7.2 7.4 8.8 9.6 9.5 1.5 -3 -3 -3 -3 -3 -3 -3 -3 5.7 9.5 9.7 9.8 9.5 7.7 5.4 5.5 5.3
36.2 33.6 31.7 31.4 31.4 32.2 32.2 31.5 32.9 32.3 30.8 30.5 29.8 30.6 30.9 32.3 35.4 32.4 35.1 39.8 40.2 45.6 44.6 50.7 60 64.4 67.7 71.2 73 73.1 72.3 71.4 71.6 69.3 67.1 64.1 61.6 52.8 48.2 42.7 39.2 34.3 30.5 30.2 25.9 20.5 17.8 15.3 14 12.1 10.1 9.5 9.4 9.2 9.1 9.1 9.1 9 8.6 8.3 7.8 8.1 7.9 9.4 9.5 9.8 8.8 3.7 -3 -3 -3 -3 -3 -3 8.7 9.8 9.9 9.9 9.9 9.8 9.8 9.6 7.7 8.3
39 36.4 32.3 31.4 31 31.1 32 31.7 31.5 30.7 30.5 31.5 30.4 29.2 30.8 32.1 33.7 32.3 32.2 36.1 41.2 43.2 44.1 53.6 56.7 61.6 64.5 69.6 71.5 72.3 71.6 72.1 71.7 70.2 66.2 61.9 59.2 56.4 47.3 38.5 37.3 36.2 32.7 29.1 22.1 18.7 15.9 13.5 10.7 10.3 9.8 9.8 9.6 9.5 9.4 9.3 9.3 9 8.6 9.3 9.6 9.6 9.7 9.5 9.4 9.5 9.6 8.6 4.7 5.5 5.8 6.7 7.7 9.8 10.1 10.3 10.6 10.6 10.3 9.9 9.8 9.6 8.5 9
39.9 37.6 33.7 31.9 32.1 31 37.7 32.5 33.3 31.8 30.9 31.1 32.1 30.3 30.6 32.2 32.9 31.7 32.2 34.6 41.3 42.6 47 51.8 55 59.5 61.7 65 69.3 71.3 71.5 73.9 72.4 71.6 68.6 63.8 62.8 54.2 46.8 36.4 36.1 37.1 29.6 26.6 21.2 17.6 13.7 11.8 10.5 10.5 9.8 9.8 9.8 9.8 9.6 9.5 9.2 9 8.8 9.5 9.7 9.8 9.9 9.6 9.4 9.4 9.4 8 5.7 8.7 9.4 9.3 9.8 10.1 10.7 10.7 11.3 11.6 11 10.2 9.9 9.1 9.7 9.3
40.3 37.1 36 36 33.7 32.7 34.8 36.8 31 31 31.3 31 31.2 32.5 29.2 31.2 35.4 31.3 32.7 34.6 44.8 43.1 46.9 48.9 52.1 55.7 62.2 67.2 70 70.1 70.6 72.6 72.2 71.9 69.7 65.8 60.7 52.4 45.4 35.7 33.3 33.5 27.9 23.7 20.2 16.6 13.4 11.6 10.6 10.2 9.7 9.7 9.7 9.7 9.7 9.6 9.4 9.2 9.4 9.4 9.9 10 10.2 10.1 9.4 9.2 8.7 8 6.3 9 9.7 9.8 9.7 10.8 11.4 11.2 11.5 12.1 11.9 11.5 11.3 10.3 10.3 10.1
40.9 37.5 37 36.7 34 31 31.4 34.5 31.8 31.4 31 31.5 30.7 30.3 28.4 28.7 33.3 32.2 31 32.8 38.8 44.4 44.9 46.6 48.8 55.2 61.8 65.6 69.9 68.8 68.9 70.4 70.4 70.4 69.1 65.2 59.2 48.6 41.1 35.1 30 28.2 25.7 22.5 20.3 16.5 13.2 11.5 10.9 10.3 9.6 9.5 9.5 9.5 9.4 9.4 9.4 9.3 9.2 9.3 9.9 10.2 10.4 10.6 9.9 9.2 9 9 8.3 6.7 8.1 9.1 9.4 10.4 11.4 12.1 12.3 13.7 13.4 12.9 11.7 11.3 11 10.5
41.9 40.6 37.4 35.5 33.6 31.5 30.2 30.7 31.5 32.4 33.1 31.1 28 27.5 27.7 28.5 30.6 32.7 31.2 30.9 36.5 42.2 44.5 47.3 48.1 57.3 61.7 62.9 65.8 67.4 66.3 67.7 68.1 68 67.1 63.6 57.3 47 38.6 32.5 29.9 28.8 28.5 22.7 21.5 17.2 13 12.4 11.9 10.4 9.7 9.5 9.4 9.3 9.2 9.2 9 8.9 9.2 9.4 10.3 10.9 12.1 12 11 9.6 9.4 9.3 8.5 6.9 8.6 9 9.1 9.9 10.8 12.1 13.1 14.1 14.7 12.7 11.8 11.5 11 10.5
37.4 40.3 37.3 35.7 32.7 31.9 31.9 29.5 29.3 30 30.7 29.4 27.4 26.6 27.1 28.3 29.9 35.9 31 31 38.2 39 43.2 46.2 49 52.3 59.6 60.1 62 64.1 63.1 64.5 65.4 66.3 66.3 59.4 53.1 43.1 36.2 35.9 36.7 32.6 29.2 23.3 21.7 18.7 14.3 13.1 11.2 10.4 9.7 9.6 9.4 9.3 9.3 9 8.5 8.8 9.7 10.2 10.9 12.5 13.2 12.8 11.6 9.8 9.5 9.1 9 6.5 9.1 9 8.9 9.6 10.7 11.9 13.1 14 13.4 12.5 12 11.5 11 10.5
38.5 39.1 39.8 35 33.4 31.9 31.2 29.7 29 29 31.9 29.7 26.6 26 26.6 28.5 32.3 33.9 29.9 29.1 36.9 37.4 40.8 44.5 47.4 50.6 53.2 55.5 59 57.1 60.3 59.4 61.5 63.8 60.3 52.2 45.5 41.9 39.3 37.9 35 32 28.9 24.7 22.2 19.8 17.7 15.9 10.6 10.4 9.8 9.6 9.5 9.4 9.6 9.2 8.4 8.7 9.7 12.2 12.9 13.7 13.5 13.3 12.3 10.5 9.4 8.7 8.5 6.2 8.9 9 9.2 9.7 10.8 11.9 13 13.6 13.3 12.4 12.1 11.6 11.1 10.6
35.9 39.5 33.7 34.4 33.4 36.3 37.9 31.7 29 28.6 28.7 28.9 26.9 25 28.3 26.2 33.5 34.5 33.3 29.3 31.5 36.6 38.7 38.6 43.9 46.8 46.6 50 46.2 45.3 47 52 50.3 50.1 52.6 51.9 47.9 46.8 43.4 39.9 38.5 32.5 30 25.5 21.4 18.7 16.1 12.7 9.9 9.6 9.4 9.3 9.1 9.2 9 8.9 8.2 9.1 11.8 13.4 13.9 13.8 13.5 13.1 12.3 11.4 9.9 9 8.5 6.2 9 9.4 9.7 10 10.9 11.9 12.9 14.5 14.4 13.2 12.5 11.8 11.2 10.5
33.6 33.4 33.8 34.3 34.7 39.8 42.5 33.9 29.5 29.5 28.4 28.5 26.7 24.8 26.1 25.3 31.5 34 32.3 29.5 27.3 30.4 33.9 36.1 36.6 37.3 36.2 34.4 36.4 36.9 42.6 46.5 50.2 49.9 51.6 52.5 48.7 45.6 44.2 41.1 37.8 35 30 25.6 21.7 17.1 13.5 10.4 9.5 9.1 8.9 8.9 8.9 9 8.9 8.4 9.2 10.1 13.3 13.8 13.9 13.7 13.5 12.9 12.4 11.8 10.6 9.3 7.6 7.7 8 9.3 9.8 10.2 10.8 11.8 12.7 13.3 14.1 14.2 13.8 12.9 11.2 10.5
36.5 34 34.6 35.2 35.8 39 45.4 38.8 30.6 29.4 29.9 28.9 26.5 25.4 23.8 21.9 26.2 28 29.6 27.5 25.1 25.3 27 29.7 28 27.6 30.3 32.8 36.4 40.7 47.4 51.9 56.8 55.1 53.7 53.7 53.8 47.1 42.5 37.8 36.6 33.5 30.9 24.9 21.9 16.6 12.8 10.1 9.2 8.7 8.9 9.1 8.8 8.8 8.9 8.4 9.4 11.2 13.4 13.6 13.8 13.7 13.5 13 12.3 11.4 9.7 9.3 7.5 7.8 8.9 9.6 10 10.3 10.6 11.6 12.1 12.2 12.7 13.1 13.2 11.7 10.7 10.5
40.8 35.6 34.3 37.6 36.2 39 44.1 41.5 33.9 30.4 31.9 31.5 28.3 26 23.9 24.4 20.5 22.5 25 26.4 22.4 20.7 21 23.7 26 28 33.2 37.6 41.5 45.1 48.3 52.6 54.8 53.5 52.8 52.7 51.8 47.9 43.6 40.5 34.6 30.9 29.3 26.1 22.4 16.6 12.8 9.8 9.7 9.1 9.1 9.3 9.3 8.7 8.6 8.9 9.6 11.9 13.5 13.6 13.8 13.5 13.2 12.7 12 10.9 9.8 9.2 9.3 9.5 9.1 9.7 10 10.3 10.7 11.4 11.6 11.7 11.7 11.3 11 11 10.9 10.7
45.8 37.8 34.6 35.8 35.2 37.1 42.8 42.9 37.4 32.5 30.4 30.8 28.1 25.4 24.3 20.7 20.1 19.5 19.9 20.4 20.9 20.1 19.6 22.8 27.3 31 36.2 40.4 45.5 46.9 45.7 48.2 51.3 52.4 51.8 52.3 52.5 48.7 45.3 42.1 38.8 33.3 27.2 24 21.6 16.9 12 9.7 9.6 9.4 9.4 9.8 9.7 9.5 9.7 10 10.1 12.2 13.6 13.7 13.7 13.4 12.9 12.4 11.2 10.5 9.8 9.3 9.8 9.8 9.4 9.8 10.1 10.4 10.7 10.9 11 11.1 11.2 11.1 11.1 11.2 11.2 11.3
48.1 41.8 36.2 35 34.7 37 41.9 43.1 39 34.2 30.6 27.6 26.4 25.1 21.5 20.2 19.8 19.3 18.3 18.3 18.4 18.8 19.1 23.8 28.9 32.6 37.9 39.7 40.8 43.9 46 45.4 47.8 51.5 51.8 53.1 53.3 50.5 46.9 41.8 37.7 36.5 29.3 23.1 21.8 17.9 12 10.3 9.5 9.5 9.6 9.8 9.9 9.7 9.8 9.9 10.1 13 13.6 13.6 13.6 13.3 12.8 11.9 10.8 10.3 9.8 10.2 10.3 10.4 10 9.9 10.2 10.4 10.7 10.9 10.9 11 11.2 11.3 11.3 11.3 11.4 11.6
48.2 44.3 38.2 35.2 34.2 35.3 39.2 41.7 38.6 34.5 30.7 28.5 26.7 23.5 20.6 19.8 19.4 19 18.2 18.2 18.5 19 19.7 22.9 27.5 31.5 34.1 37.8 39.8 41.5 44.2 43.9 44.7 48 49.2 51 51.4 51.2 45.5 41.1 35.8 33.5 30.6 25 21.8 18.5 13.5 10.7 10.4 9.5 9.6 9.7 9.9 9.9 10 10.1 10.4 12.2 13.2 13.3 13.3 12.9 12.7 11.2 10.7 10.6 10.5 10.5 10.6 10.6 10.6 10 10.2 10.4 10.6 10.8 10.9 11.1 11.4 11.5 11.5 11.5 11.6 11.8
47.7 44.5 38.6 35.7 34.4 34.9 35.1 37.4 36.5 33.5 30.9 28.9 25 21.9 20.3 19.5 18.8 18.3 18.5 18.6 19.4 20.3 20.9 22.6 25.6 29 32.7 36.1 38.8 40.8 43.4 44.9 44.7 46.3 46.7 48 47.8 47.6 44.4 39.6 36.4 32.1 27.3 23.4 21.8 19 16.2 15.9 11.9 9.4 9.6 9.7 9.9 10 10.3 10.6 11 10.3 12.7 12.7 12.3 11.9 11.6 11.5 11.8 11.5 10.7 10.8 10.8 10.7 10.7 10.3 10.4 10.5 10.6 10.8 11.1 11.3 11.6 11.6 11.7 11.7 11.8 12
46.8 43.1 38.7 36.7 34.1 34.2 33.9 33.7 34.7 33 30.1 26.3 24 23 21.3 20.3 19.6 17.6 17.8 18.1 20.1 21.2 22.4 23.6 25.5 28.4 32.1 36.1 38.2 40.6 44.8 46.2 44.8 45.5 45.7 45.9 45.3 44.1 42.4 38.7 35.1 32.6 26.9 23.6 22.8 20.5 17.6 15.1 11.1 10.3 9.5 9.7 10.1 10.6 10.4 10.9 10.9 10.4 12.8 13.1 12.7 12.3 12.2 12.5 12.6 11.9 11 10.9 10.8 10.8 10.7 10.7 10.6 10.7 10.8 10.9 11 11.3 11.5 11.6 11.6 11.7 11.8 11.7
46.2 41.4 38.6 36.6 34.5 34.6 31.8 30.6 31.1 29.3 26.9 25.5 24.5 23.9 23 20.8 19.7 17.4 17 17.7 19.5 22 23.4 24.6 26.4 29.6 33.3 36.5 38.7 40.6 43 45 45.6 44.7 44.9 45.6 46 43.1 40.7 37.8 34 31 27.8 25 23.6 20.6 16.2 13.8 11.9 10.1 9.6 10 10.4 10.8 10.7 11.4 11 10.6 13.2 13.1 13.3 12.9 13 13 11.9 11.3 11.1 11 10.9 10.9 10.8 10.8 10.8 10.8 10.9 11 11.1 11.2 11.5 11.5 11.6 11.7 11.9 11.7
44.1 40.3 38.1 36.1 33.1 33.1 31.9 32 30.3 30.3 30.5 27 25.9 23.8 22.2 21.3 20.1 18.2 16.5 17.6 19 21.1 24.2 24.9 27 31.3 34.8 36.5 39.4 40.9 42.2 45.6 47.3 46.3 44.5 45 47.5 44.8 39.9 37 35.1 30.5 26.9 25.6 23.3 19.8 15.8 13.2 11.3 9.8 9.6 9.9 10.3 10.7 11 11.5 11 10.6 12.9 13.7 13.5 13.4 12.4 11.2 11.4 11.3 11.2 11 11 10.9 10.9 10.9 10.9 10.9 10.9 11 11.2 11.3 11.4 11.5 11.6 11.8 11.9 11.7
40.3 39 36 34.3 33.1 32.1 32.9 33.1 31.9 31.8 30.8 28.3 27.7 24.1 21.9 21 19.7 18.1 15.4 16.9 19.3 20.6 22.7 25.3 26.6 29.9 33.3 36.6 38.6 40.8 42.8 44.7 45.7 45.4 44.2 44 44.8 44.9 41.5 35.9 33.3 30.1 26.1 24.4 22.4 19 15.6 13 10.8 9.9 9.6 9.9 10.2 10.6 10.7 11.7 11.2 10.7 11.5 13.9 12.7 12.2 11.3 11.3 11.3 11.3 11.2 11 11.1 11 11 11 11 11 11 11.1 11.2 11.3 11.3 11.5 11.7 11.9 11.8 11.6
36.1 36.2 34.5 32 30.3 32.5 34.2 34.4 31.5 31.3 30.8 29 26.6 24.7 21.5 20.3 19.2 18.4 14.8 16.3 18.2 19.1 21.4 24.9 29 30 32.3 35.8 38.3 39.4 43.1 44.4 45.6 45.9 43.7 42.4 41.7 42 41.9 37.8 33.7 31.2 28.4 25 22.2 18.6 15.8 13.1 10.5 10 9.6 9.9 10.2 10.5 10.8 11.1 11.3 11.1 12 13.1 11.8 11.2 11.3 11.3 11.2 11.2 11.2 11.1 11.1 11.1 11.1 11.1 11.1 11.1 11.1 11.1 11.1 11.2 11.2 11.4 11.6 11.9 11.8 11.6
30.3 32 33.4 30.4 29.4 33.3 33.7 33 32.8 33 30.3 27.7 25.9 23.3 21.6 20.4 19 18.7 14.9 15.5 18.6 19.5 22 25.2 28.3 31.7 33.3 35.5 37.1 39.6 41.9 43.9 45.4 45.8 44.9 42.5 40.2 40.4 39.9 39.2 37.5 33.7 31.6 26.2 22.5 19.3 16 13.3 10.8 10 9.8 10 10.2 10.5 10.7 10.8 11 11.2 13.1 11.1 11.2 11.3 11.4 11.4 11.4 11.3 11.2 11.1 11.1 11.1 11.1 11.2 11.2 11.3 11.3 11.3 11.2 11.2 11.1 11.3 11.5 11.7 11.8 11.6
25 26.1 27.3 29.1 29.1 31.4 33.8 34.3 34.1 32.4 30 27.8 25 23.2 21.7 21.6 20.3 17.2 15.3 14.8 15.8 19.3 21.3 24.9 26.8 30.3 33.8 35.7 36.5 39.1 41.7 42.9 44 44.7 44.5 42.8 40.3 39.8 39.6 38.5 37.2 34.2 31.6 26.7 23.2 20.8 16.4 13.4 11 10.1 9.9 10.1 10.3 10.6 10.9 11.1 11.4 11.8 11.1 11.2 11.3 11.4 11.5 11.5 11.5 11.4 11.3 11.2 11.2 11.2 11.2 11.3 11.3 11.4 11.5 11.5 11.4 11.4 11.3 11.3 11.3 11.5 11.7 11.5
23.6 23.3 23.1 26.9 27.4 28.2 30.5 32.9 33.7 31.9 29.6 27.3 26.1 24.7 22.8 21.1 19.3 16.8 15.1 14.2 15.3 18.1 20.8 22.6 25.6 28.9 33.5 37.3 36.8 38.9 42.2 43.2 42.7 43 43 42.5 41.7 41.6 41.6 40.1 37.8 36.4 34 29.5 25.4 20.7 16.4 13.4 11 10.2 9.9 10 10.2 10.7 11 11.2 11.5 11.8 11.1 11.2 11.3 11.4 11.5 11.6 11.6 11.5 11.3 11.2 11.3 11.3 11.3 11.4 11.4 11.6 11.7 11.7 11.6 11.6 11.5 11.5 11.4 11.4 11.6 11.5
25.8 22.9 22.1 25.1 27.6 28 29.7 31.1 30.4 31 29.6 27 26.2 25 22.8 20.7 19.2 16.6 14.4 13.8 15.2 15.8 19.4 22.1 24.6 28.2 33.2 38.9 39 39.3 40.3 43.2 42.6 42.9 43 43.6 44.5 45.2 43.1 41.7 38.6 36.1 36.5 31.2 25.8 21.6 17 13.5 10.9 10.1 9.8 9.9 10.3 10.8 11.1 11.3 11.4 11.5 11.1 11.2 11.3 11.4 11.5 11.6 11.7 11.5 11.4 11.3 11.4 11.4 11.4 11.5 11.6 11.7 11.9 11.9 11.8 11.8 11.7 11.7 11.6 11.5 11.4 11.4
35.1 27.9 20.2 24.3 26.3 27.3 30.2 30.8 28.8 29.3 30 27.3 25.6 23.6 22.2 20.6 19.1 17.1 14.2 13.1 14 15.6 18 21.3 23.8 27.5 33.5 38 39 39.1 39.6 41.5 42.5 42.9 43.4 44.1 44.6 45.9 42.5 40.8 38.6 35 35.4 31.7 27.1 22.7 17.1 14 11.4 10.4 10.1 10.1 10.5 10.8 10.8 11 11.1 11.2 11.1 11.2 11.3 11.4 11.5 11.7 11.7 11.5 11.4 11.3 11.4 11.6 11.6 11.6 11.8 11.9 12.1 12.1 12 12 11.9 11.8 11.8 11.7 11.6 11.3
41.7 34.5 25.8 18.7 25.5 26.2 28 28.2 29.5 28.9 30.9 26.8 23.8 21.6 21 20.7 19.8 17.8 14.1 12.6 12.9 14.7 16.7 19.4 23.2 26.9 32.2 36.9 37 38.2 39.1 40.3 41.2 43.5 44.9 46.3 44.9 45.1 43.3 41.2 39 36 33.7 29.8 27.1 23.8 17.8 14.6 12.6 11.8 10.5 10.4 10.8 10.8 10.8 10.7 10.8 10.9 11.1 11.3 11.4 11.5 11.6 11.7 11.7 11.6 11.4 11.3 11.5 11.6 11.7 11.8 11.9 12.1 12.3 12.3 12.2 12.2 12.1 12 12 11.9 11.8 11.2
40.8 39.9 33 23.7 19.8 23.3 24.3 25.1 27.8 28.4 28.9 26.2 25.3 20.7 19.4 18.6 19.1 18 15.1 12.9 11.9 13 14.3 16.5 20.6 25.6 28.4 32 36.3 38.5 39.2 42.3 43.8 45.4 45 44.8 45 45.2 43.6 42.7 41.2 38.4 33.9 31.5 27.9 25.6 19.8 16.4 14.4 13.1 11 10.6 10.8 10.8 10.7 10.6 10.7 10.6 10.7 11.3 11.4 11.5 11.6 11.7 11.8 11.6 11.5 11.4 11.5 11.7 11.8 11.9 12.1 12.3 12.4 12.5 12.4 12.4 12.3 12.2 12.1 12 11.7 11
33.2 35.9 34.9 28.3 19.2 19.8 23.3 24.8 26.7 26.3 26.3 26.6 26.4 21.5 19.4 17.9 16.4 16.4 16.4 13.2 11.9 12.1 13.2 14.1 18.2 21 25.9 29.1 32.8 36.9 40.2 45.1 46.6 47.9 48 45.8 44.4 44.1 43 42.6 42.1 41.3 36.3 31.7 29.4 26.2 23.5 18.6 16.1 13.3 11.4 11.1 10.7 10.5 10.4 10.3 10.6 10.4 10.4 11.3 11.4 11.5 11.6 11.8 11.8 11.7 11.6 11.5 11.6 11.7 12 12.2 12.4 12.5 12.6 12.6 12.6 12.5 12.5 12.4 12.3 12.3 11.7 10.6
26 28.6 29.1 27.9 21.2 16.9 21.1 24.6 27.5 26.1 26.1 21.4 24.9 21 19.2 17.3 15.7 15.7 16.4 13.2 12 11.2 11.8 12.3 14.3 16.8 22.3 26.3 31.5 35.6 39.2 42.9 45.2 47.1 49 46.8 45.4 44 43.3 41.8 41.3 40.6 38.9 35.8 31.5 28.7 25.6 20.4 18.5 14.7 12.1 11.8 11.1 10.7 10.4 10.1 10.6 10.4 10.3 11.2 11.4 11.6 11.7 11.8 11.9 11.8 11.7 11.6 11.6 11.8 12.2 12.5 12.7 12.7 12.8 12.8 12.7 12.7 12.6 12.6 12.7 12.8 12.6 11.7
21.1 22.1 22.4 21.9 21.7 16.3 16.3 20 21.8 25.5 21.2 20.1 20.8 20.1 18.6 17.3 15.2 15.8 16.6 13.3 12.5 11.1 11.8 12 12.6 16.5 20.9 25 28.8 33 36.9 40.8 44 45.9 46 46.2 45.4 44.6 43.9 42.2 41.4 43.6 42.7 39.9 34.3 31.9 26.8 20.8 19.7 16.7 12.8 12.3 11.8 11.1 10.8 10.5 10.7 10.8 10.9 11.2 11.4 11.5 11.7 11.8 11.9 11.8 11.7 11.7 11.7 11.9 12.2 12.6 12.8 12.8 12.8 12.9 12.7 12.5 12.3 12.6 12.9 13.3 13.1 12.6
17.6 18.3 17.4 18.4 18 15.7 14.6 17 19.8 20.5 18.3 18.2 19.4 18.8 17.6 16.9 15.2 14.2 14.3 12.7 11.6 11 13.1 12.1 12.4 15.7 18.3 22.6 27.5 30.4 33.8 37.6 41.8 43.8 44 44.2 44.2 44.6 43.1 41.7 42.4 44.5 45.2 42.8 37.1 34.1 29.5 22.2 18.5 14.9 13.5 11.6 11 10.5 10.3 10.5 10.6 10.8 11 11.2 11.3 11.5 11.6 11.7 11.8 11.8 11.7 11.6 11.8 12 12.3 12.6 12.8 12.8 12.9 13 12.8 12.6 12.9 13.5 13.8 13.9 13.8 13.6
16.3 16.3 16.8 17.3 17.8 16 14.5 15.6 17.1 17.5 16.4 16.8 16.9 18 18.1 17.4 14.8 13.3 13.3 12.2 11.1 11.1 14.5 12.8 12.3 13.9 15.6 20.3 24.7 30.7 32.2 35.8 38.8 44.4 43.4 42.3 42.2 42.5 42.2 42.1 42 43.7 43.9 42.7 38.1 33.7 30 24.9 17.9 14 11.4 10.9 10.5 10.3 10.4 10.5 10.6 10.8 11 11.1 11.3 11.4 11.5 11.7 11.7 11.8 11.7 11.8 12 12.2 12.4 12.7 12.9 12.9 12.9 13 13 12.8 13.6 14.4 14.6 14.5 14.4 14.3
15.7 15.6 16.1 16.9 17 15.9 14.6 13.8 13.7 14.3 15.1 15.1 15.3 15.4 18.3 17.6 16.2 13.6 13.6 12.1 10.6 10.9 14 12.2 12.3 12.3 13.7 16.9 20.6 25.6 33.5 34 35.4 38.7 40 40.5 41.5 41.7 41.7 41.9 42.2 43.9 43.5 42.5 38.5 34.8 32 26.6 17.8 12 11 10.7 10.5 10.4 10.3 10.6 10.7 10.8 11 11.1 11.2 11.3 11.5 11.6 11.7 11.7 11.7 11.9 12.1 12.3 12.5 12.7 12.9 12.9 13 13.1 13.1 13.5 14.2 14.7 14.7 14.5 14.4 14.3
15.5 15.6 16 16.5 16.3 15.4 14.5 13.8 13 11.7 14 13.9 13.1 13.6 14.2 15.2 16.8 13.8 13.3 11.5 10.6 10.9 14.2 12.5 12.5 12.6 14.3 16 17.3 21.4 25.7 31.4 32.9 34.5 37.6 39.9 41 40.8 40.9 41 41.8 43.4 43.4 41.5 39 36.4 34.9 28.4 18.8 11.7 10.9 10.6 10.5 10.4 10.3 10.2 10.2 10.5 10.9 11 11.2 11.3 11.4 11.5 11.6 11.7 11.9 12.1 12.3 12.5 12.7 12.9 12.9 12.9 13.1 13.3 13.4 13.8 14.3 14.8 14.7 14.5 14.4 14.3
16.8 15.5 15.3 16 15.6 14.9 14.1 14 12.5 12.1 11.9 12.1 11.5 11.3 11.3 10.8 13.1 12.7 12.1 11.7 10.6 10.8 13.1 13.7 14.5 16.2 16.8 15.9 16 16.9 20.4 26.2 31.1 33.9 37.7 39.8 40.4 40 40 40 40.6 42.9 40.4 39.5 38.7 38.9 37.4 31.3 21.7 13.7 10.9 10.7 10.5 10.4 10.2 10.2 10.1 10 10.3 10.8 11.1 11.2 11.4 11.4 11.7 12 12.2 12.4 12.6 12.8 12.9 12.9 12.9 12.9 13 13.4 13.8 14 14.5 14.8 14.7 14.5 14.4 14.3
18.1 17.1 15.8 15.1 15.1 15 16.2 15.9 12.5 12.3 12.1 11.8 12.3 12 11.4 10.9 10.7 11.7 14 12.9 10.9 10.9 12.9 16.6 17.5 19.4 19.7 18.4 15.3 15.9 20.4 26.1 30.3 33.5 36.5 38.9 40.6 42 39.7 38.1 37.3 38.2 37.4 37.8 38.7 38.9 35.9 31.8 22.9 16 11 10.7 10.5 10.4 10.2 10.2 10.1 10 10.3 10.6 10.9 11.1 11.4 11.7 12 12.3 12.4 12.6 12.8 12.9 12.9 12.9 12.9 12.8 12.9 13.3 13.7 14.1 14.4 14.8 14.7 14.5 14.3 14.3
