public/OST50/NX46.asc
ncols 200
nrows 200
xllcorner 240000
yllcorner 560000
cellsize 50
[rows 38 to 75 of 200, columns 0 to 83 of 200]
75.8 76.4 76.4 77 78 78.2 79 79.9 80.9 81.4 81.9 82.1 82.1 82.2 82.2 81.5 80.5 79.8 78.5 78.8 76.3 70.8 64.8 58.2 58.2 57.9 58 57.8 54 52 51.2 51.5 51.8 53 53.4 52.3 49.7 48.5 46.7 45.1 44 44.7 45.8 45.7 45 41.9 43.3 43.9 43.1 44.5 48.9 52.7 56.7 57.8 58 58.6 60.8 63.9 68 73.5 79 81.6 82.9 85.5 88.8 92.6 96.5 100.1 102.5 103.9 104 106.5 107.3 106.9 108.1 108.4 106.3 105.2 101.7 97.8 96.9 98.5 101.4 104.8
72.9 73.6 73.9 74.6 75.6 76.1 76.9 77.8 78.5 78.8 79.2 79.4 79.5 79.5 80.4 79.6 78.4 76.3 75.1 73 71.3 66.9 61.1 56.2 55 54.7 54.5 53.6 51.2 49.9 49.5 49.4 50.1 50.6 50.9 50.7 48.3 46.1 44.3 44.1 41.1 39.2 40.8 42 42.6 41.9 43.6 47.1 48.5 47.7 48.8 52.4 56.7 58.3 58.7 59.3 61 64.7 67.1 73.8 79 82.1 84.9 89 92.5 94.8 98.9 103.3 105.4 106.8 108.2 109.9 109.4 109 109.9 109.3 107.3 105.8 103 98.5 96.6 98.1 99.7 101.4
70.2 70.8 71.4 72.3 73.4 74.2 74.7 75.3 76 76.8 77.2 76.5 77 77.9 78.9 78.3 77.7 75.9 73.2 68.7 65.9 60.8 57.2 53.9 51.9 50.9 50.9 50.5 49.2 47.7 48.4 47.9 47.9 48.5 48.4 47.2 46.2 43.9 42.2 40 39.1 40.1 40.7 41.4 41.4 43.3 46.9 50.5 52.6 49.3 49.4 52.7 56.4 58.5 59.3 60.3 62.4 65.4 70.8 72.1 74.9 80.8 86 90 92.6 96.1 100.8 104.4 106.1 109.1 111.2 113.5 111.9 111.8 111.5 110.1 108.2 105.7 103 99.6 96.6 95.7 98.5 100.3
68.5 68.9 69.6 70.6 71.8 72.6 73.2 73.4 73.5 74.2 74 74.1 74.5 75.5 77.1 77.2 76.6 74.4 71 66.8 62.6 57.8 53.3 50.4 46.8 48 48.2 48.3 47.1 45.9 47.4 47.3 45.5 46.4 46.3 44.6 43.1 40.6 38.4 36.8 38.9 39.5 40 40 41.7 43.8 46.8 49.9 51.4 50.9 51.8 54.5 58.2 60 60.4 63.6 67.7 72 75.4 74.6 78.3 80.3 85.4 89.4 92.3 96.7 101.3 105 108.1 111 113.2 114 113.1 113.7 112.6 110.6 108.5 105.9 101.6 98.6 97.6 93.9 96.2 96
68.3 68.4 68.7 69.7 70.6 71 71.5 71.9 72 71.8 71.9 72 72.2 73.7 75.4 75.8 74.8 72.1 68.5 63.6 59.7 54.4 49.3 47.9 44.3 44.2 45.7 46.2 45.1 44.2 44.1 45.3 44 42.7 42.7 42.4 38.1 36.3 39.4 39.4 38.8 38.8 46.5 44.1 42.2 44.6 47.5 50.3 51.7 51.7 52.9 55.7 59 60.6 62.6 71 73.3 73.7 78.9 82.1 81.7 82.3 86.7 89.9 93.7 98.4 102.4 106.7 110.3 112.1 114 114.4 114.7 114.5 112.9 110.5 108.2 104.3 100 96.9 94.2 92.4 90.9 90
67.7 67.8 68.1 69.1 69.6 70.1 70.4 70.7 70.2 69.6 69.8 69.9 70.2 71.2 72.2 73.2 72.2 69.8 66.1 61.7 57 52.5 48.5 47 44.1 42 41.4 42.2 43 41.9 41 41.4 41.8 40.1 38.9 36.9 36.5 38.1 41.6 44.9 44.4 44 43.6 42.7 43.7 45.4 48.1 50.6 51.9 52.1 52.6 55.6 60.4 62.1 66.8 73.1 77.6 77.5 79.3 83.6 83.7 87.2 89.8 93.2 95.7 99.4 103.4 106.7 110.6 112.3 114.6 115 115.6 114.5 112.5 109.8 106.2 101.9 97.9 94.6 87.5 83.3 81.4 83.4
66.6 67.1 67.5 68 68.5 69 69.5 69.9 70 69.1 68.2 67.9 69.2 70.3 71.3 71.8 70.3 68.5 64.7 61.3 55.7 52 48.4 45.9 43.5 40.8 38.5 38.9 39.7 39.5 38.6 38.1 38.8 36.7 34.1 36.2 37.9 42.8 43.5 43.4 42.4 42.3 43 44.9 46.2 47.4 48.9 50.6 52.1 52.7 54.4 57.7 61.6 65 67.8 77.5 81.5 81.3 82.9 85.7 87.2 88 91 95.1 97.2 100.4 105.4 110.6 111.5 112.6 115.8 116.2 116.7 114.6 112.1 108.1 103.8 98.6 93.9 90.8 86.2 80.1 77.5 79.8
64.9 65.6 66.1 66.6 67.2 67.7 68.1 68.4 68.6 67.3 66.4 65.8 67.1 68.4 69.4 69.9 69 66.8 62.9 58.5 53.1 49.2 47.2 43.9 41.5 38.4 37 36.7 37.8 36.9 36.4 37.2 36.5 35.2 38.6 38.1 43.6 42.7 42.4 42.4 41.9 43.1 43.8 46 48.8 50.3 52.3 54.7 57 56.9 57.2 62.9 65.2 69.1 72.2 78.2 81.1 84.3 86 89.5 93.7 90.9 93.7 96 99.1 104.1 106.9 109.9 112 115.3 117.9 118 117 114 111.7 105.2 101.3 96.1 90.3 85.3 78.8 79.4 77.2 77
63.5 64.1 64.6 65.1 65.6 66 66.5 66.5 66.4 65 63.7 63.6 64.5 65.4 66.5 67.5 66.9 63.3 59.6 54.9 50.2 45.8 43.2 41 38.9 34.5 33.5 34.7 35.2 38.3 36.5 36.6 35.8 34.9 38.1 38.6 44 42.6 42 41.8 42 43.5 44.9 47.2 50 53 55 56.5 58.6 59.5 63.5 66.5 67.9 71.7 77 79.4 83.7 88.3 94.1 96.5 96.4 94.7 94.7 98.4 103.7 106.3 108.4 109.9 114.5 118.7 120.1 117.7 114.7 111.9 108.8 102.6 98.2 93.7 84.3 78.5 75.8 75.9 73 78.1
60.3 63 63.5 63.3 63.9 64.4 64.8 64.8 64.6 64.3 63.6 63.4 64.1 64.9 65.8 66.6 63.5 60.3 56.4 51.8 47.2 42.3 39.8 37 34.1 32.4 33.5 34.8 37.7 41 38.6 36.1 32.5 34.9 36.3 38.5 37.9 41.5 41.2 41.5 42.3 43.2 45.5 48.4 51.2 53.9 55.9 58.3 62.7 66 68.7 70.3 71.2 76 80.9 85 89.5 96 99 97.4 97.4 97.6 98.2 100.9 103.4 105.5 107.7 112.1 114.2 116.3 116.7 114.4 111.1 108.7 105 99.5 94.6 88.7 78.8 73.9 73 72.1 69.7 74
56 61.3 61.4 61.3 62.1 62.7 63.1 63 62.7 62.4 62.2 62.5 63.5 64.4 65.3 65.6 62.8 57.8 53.8 48.7 44 41.5 37.9 34.4 30.9 32.1 33.4 34.6 36.8 39.1 37.1 36 34.6 33.9 35.6 39.3 38.2 39.2 40.5 40.8 41.8 43.3 45.4 48.3 51.5 54.9 58.4 61.4 63 66.4 73.5 73.2 73.7 80.5 88.3 90.1 94.3 99.6 101.5 99.1 99.6 100.4 100.5 102 104.1 106.4 109 110.4 112.3 113.2 112.9 110.2 107.5 104.7 101.8 94.7 89.1 81.3 73.3 70.5 69.1 70.8 67.8 70
55 56.8 59 58.6 59.5 60.4 61.1 60.7 60.6 60.6 60.6 60.7 61.7 62.6 63.6 64.1 61.3 56.6 52.4 46.1 42.3 38 35.2 31.4 29.7 32 33.3 34.4 35.5 36 37.1 35.7 33.8 31.9 33.3 38.4 37.9 36.6 38.9 41.6 42.9 44.2 46.4 50.2 53.4 56.5 59.9 63.2 65.3 67.6 74.6 77.3 80.7 84.9 93.5 97.7 102.1 104.8 104.8 101.7 102.1 101.5 101.4 102.9 104.4 106 106.7 109.5 109.3 108.9 108.4 107.6 103.2 100.5 97.3 88.8 81.2 75.6 71 68.9 66.8 65.6 65.3 65.9
54.9 54.1 55.1 55.8 56.9 58 59 59 59 59 59 59 60 60.9 61.9 62.3 60.6 57.5 45.7 41.1 37.7 35.1 32.3 29 29.9 31.9 33.1 34 34.7 34.9 34.3 33.9 32.6 30 33.5 33.9 37.4 36.6 40.2 44.1 45.8 48.1 50.8 53.8 55.5 58.1 62.4 65.8 70.6 74.8 77.4 79.6 83 88.1 100.5 103.4 106.1 109.3 106.1 104.4 103.2 102.5 102 102.3 102.8 101.9 109.2 109.9 103.8 103.7 104.5 102.8 99.3 95 91.3 81.9 76.2 68.2 66.7 66.1 63.8 63.8 64.6 65.6
54.9 53.8 53.1 54.3 55.5 56.5 57.5 57.2 57.3 57.3 57.3 57.7 58.9 59.7 60.4 59.6 57.9 54.6 43.7 38.2 34.4 31.2 29.1 29.4 30.1 32 32.6 33.3 33.9 34.3 32.9 31.9 31.3 30.5 32.9 33.7 39 38.4 42.6 46.9 49.6 52.3 55.1 57.4 58.6 60.6 64.1 69.4 73.7 76.7 81.3 83.5 87.7 99.3 106.3 109.6 110.7 110.1 108.2 106.5 104.5 103.8 103 101.3 100.4 97.9 102.7 101.3 96.5 99.7 100.6 98.7 95.5 89 81.4 74.3 65.8 64.2 63.7 62.5 62.4 62.7 64.2 65.6
53 54 52 53.2 54.2 55.3 56.8 56.5 56.2 55.9 55.7 56.2 57.3 58.1 58.8 56.9 54.1 48.9 40.4 36.4 32.4 29.4 28.6 29.3 30.9 32.4 32.8 33.4 33.6 33.6 32.5 30.9 30.8 28.1 36.2 40.4 39.8 41.9 46.9 49.2 51.3 54.3 57.2 59.3 61.2 63.3 66.4 69.9 74.9 78.4 86.1 91.7 97.5 103.8 112.1 117.3 112.5 110.2 110 108.7 106.5 104.6 102.6 99.1 98.1 95 96.7 94.4 93.7 97.8 96.7 93.8 91.4 81.4 76.6 71.2 63.3 62.1 61.6 62.2 61.6 61.7 63.2 64.9
49 50.6 50.3 51.4 52 54.5 56 55.8 55.4 54.9 54.2 54.5 55.4 56.3 56.7 54.1 49.6 47.1 39.6 35.4 30.7 29.3 28.6 30.1 31.6 32.3 32.9 33.5 33.5 33.5 30.8 28.9 26.3 36.7 40.6 40 39.4 44.3 49 51.1 53 55.5 58.1 60.4 63.2 66 69.2 72.3 77.3 82.3 91.3 99.3 104.5 107.9 116.9 116.8 114.2 113.1 113.2 110.3 107.4 104.8 102.2 97.9 96 94.1 88 90 90.7 96.8 93 87.4 81.5 76.3 72.5 67.6 63 61.2 62.9 67.5 60.8 60.8 61.7 63.7
45 47.2 46.8 48.1 49.6 52 54.1 53.9 52.9 52.9 52.8 53 53.8 54.7 54.3 50.4 47.9 45.7 40.1 32.9 29.5 28.4 28.4 30.5 31.8 32.2 32.3 34 33.5 30.9 26.9 29.9 32 40 39.8 39.4 40.9 45.1 48.7 51.1 53.9 56.6 58.8 61.4 64.2 68.9 72.7 77.3 83 89.7 95.1 103.3 110.7 114.9 116.5 121.1 122.8 118.9 113.8 110.5 107.8 104.4 100.7 95.4 89.7 83.3 82.9 87.1 90.9 93.4 87.7 80.9 74.1 69.5 65.4 63.1 61.5 60.2 61.4 60.5 59.8 59.8 60.6 63
37.1 39 42.9 45.7 47.1 49.2 50.2 50.6 50.4 50.9 51.3 51.6 52.2 52.3 52.3 48.5 47.8 45.5 38.2 30.9 29.1 28.5 28.4 30.7 31.8 32.2 30.8 29.9 29.1 26.8 29 29.8 39.5 39.1 39.3 39.9 42.5 46.7 48.9 50.9 53.4 56.5 60.9 62.8 67.7 74.6 78.8 84 91.8 101.2 102.5 109.2 115 117.5 121.5 127.8 127.5 122.8 114.9 109.4 105.6 100.7 94.6 88.3 83.5 80.8 84.6 87.3 89.2 88.7 82.3 73.5 67.5 67.1 64.5 64.6 62.5 59.8 60.7 61.6 58.9 59.3 59.8 62.5
35.1 34 35.9 40.5 43.8 45.4 46.3 47.1 48.1 49 49.5 50 50.2 50 50.5 48.5 46.5 40.8 33.2 30.1 28.8 28.5 28.5 29.2 31.2 34.3 26.9 27 26.2 28.1 32.2 38.5 40.4 40.2 40.3 41.9 44.6 47.9 49.7 51.6 54.3 58.7 63.7 67.6 72.8 80.8 86.9 93 99.3 105.3 112 118.7 120.6 121.6 120.8 124.5 123.1 118.8 111.8 105.1 100.2 95 88.3 83.6 79.6 78.4 84.5 88.2 87.1 84.2 76 67.8 69.1 70 67.5 63.7 61.8 62.1 58 59.5 58 58.9 60.4 62.7
37.3 36.5 29.4 30.2 33.4 38.7 43.2 42.6 45.8 47.8 48 48.6 48.2 48.8 48.7 46.6 44.3 39.5 33.5 30.2 28.8 28.1 27.1 30.1 31.5 32.1 25.9 25.2 27.9 31.9 35 38 40 40.4 42 45.2 48.1 52.1 54.4 56.4 59.2 63.5 67.8 71.5 76.6 82.2 89.7 98 104.7 112.8 124.3 126.5 127.7 127.4 123.5 118.8 114.4 112 107.6 99.9 95.4 90.4 84 80.1 77.1 74.2 74.8 83.9 82.5 76.8 67.5 66.5 68.7 69.1 67.2 61.2 58.8 57.4 57.2 57.6 57.7 59.3 60.5 62.9
32.9 35.6 33.1 22.5 22.3 27.6 36.9 41.7 43.9 46 47.1 47.2 47.6 46.5 44.9 43.9 42.4 40.4 36.9 30.5 29.6 30.3 29.3 28.5 30.7 31.7 28.4 25.7 27.4 32.7 34.6 37.1 38.8 41.5 43.5 47.8 51.6 56.7 61.4 61.1 65.1 69.7 72.7 76.3 80.9 83.4 91.7 102.2 112.3 118.6 127.2 131.9 134.3 132.9 126.8 117.5 108.9 105 100.6 95.2 91.1 85.5 79.4 76.3 72.6 68.8 70.1 77.4 75.9 69.4 64.5 65.3 65.6 66.2 62.4 57.8 57.5 58.1 55.8 56.1 57.9 60.3 61.2 62
14.9 26 28.9 23.5 15.8 15.6 22.6 35.6 41.8 45 45.7 45.9 48.9 47.1 42.8 40.9 39.5 39.1 37.1 34.4 30.6 31 30.4 28.2 30.3 30.9 23.8 25.9 32.5 33.8 35.3 37.8 41.9 45.7 46.1 53.4 58.9 61 61.8 64.5 70.5 74 76.4 79.9 85 90.1 95.7 102.7 109 120 127.8 133.2 134.3 133 126.1 115.4 107.4 100.2 95.6 91.9 87.6 81.9 75.7 70.7 65.3 65.2 67.7 71.6 67.2 62 62.5 62.9 64.4 60.8 59.3 56.9 57.2 58 55.1 55.3 57.6 60.2 61.2 62
14.7 17 21.7 15.2 13.4 13.2 10.4 18.3 29 37.1 39.3 42 44.7 43.1 41.2 38.2 37.9 37.5 36.5 34.1 31.2 30.3 29.1 27.7 30.4 25.9 22.7 30.3 33.2 34.8 36.8 42.5 45.6 47.2 49.8 56.9 60.5 62.5 64.9 69.4 75 76.7 80 84.9 91.5 96.3 102 108.5 112.8 119 125.8 126.6 124.9 123.2 117.4 110.8 106.9 101 95.5 89 83.4 77.3 69.7 63.4 61.8 63.5 68.6 64.2 60.9 60.8 60 61 61.4 58.3 59.8 56.6 57.6 54.9 54.1 54.9 56.6 58.5 59.1 62.9
26.5 14.2 14.2 18.4 31.4 27.2 19.5 12.2 10.7 20.5 30 34.5 38.8 39.1 38.6 38.1 36.2 35.8 34.5 33.5 32.3 30.5 28 24.8 29.8 30.3 23.4 31.4 33.4 34.1 38.8 44.2 49.7 51.8 55.7 58 62.8 67.6 70.9 73.2 75.5 79.4 84.3 92.2 96.5 101.6 108.4 118 124.8 124.9 116.8 115.7 114.8 114.7 110.9 105.8 102.9 100.4 96.8 88.2 81.3 72.6 63.6 59.6 58.8 61.4 61.8 57.6 57.6 58.3 59.1 59.6 58.8 56.7 56.3 54.9 56.1 53.2 53.8 56.9 59.3 60.2 63.6 69.1
30 32 36.3 35.8 36.3 37.7 28.4 23.4 24.7 10.7 16 24.9 30.4 34.6 37.2 37.8 35.8 34.8 33.2 31.6 32.1 31.6 31.3 29.3 22.9 28 21.6 30.9 33 34.3 38 46.6 51.5 55.3 58.6 62.5 66.7 71.7 74.1 75.7 76.3 82.6 87.7 94.7 98.9 106.5 115.3 120.9 127.1 124 112.7 110 110.8 115.5 109.7 104.7 101.1 99.8 94.8 86 77.3 66.9 59.1 54.1 53.4 53.9 53.4 52.4 53.6 54.8 54.7 57.1 60.1 56.8 55.1 52.9 53.6 53.1 58.7 65.3 70 70.7 74.3 77.1
34.1 35.6 34.7 34.7 35.2 32.8 27.2 30.7 35.9 37.6 16.3 12.3 22.6 31.5 34.7 35.9 35.6 32.8 30.1 29.1 31.5 31.1 30.7 30.4 23.1 21.8 21.8 31.7 32.8 37.7 42.9 49.3 54.3 58.5 61.8 65.2 69.8 74.4 77.9 81.3 82.4 85.8 91.1 99.4 105.6 113.7 121.8 122.6 125.2 117.4 108.6 107 109.3 113.9 111.9 103.9 96.8 94.2 88.8 81.1 72.4 61.9 54.7 51.7 50.5 49.2 48.6 47.9 48.9 51 49.6 56.4 61.2 58.9 57.1 51.9 52.3 54.6 63.8 73.1 82.7 83.3 85.1 86.1
40.6 40.5 36 33.8 32.4 30.7 36.4 35 39.1 41.2 39.2 32.9 10.6 29.3 31.9 32.3 31.2 30.5 28.9 28.3 30.3 30.6 30.1 24.4 17.5 20.4 30.3 31.9 35 43 49.7 55.3 59.6 62.4 66 70.7 74.8 78.1 82.9 86.2 89.1 90.3 94.6 102.1 107.9 117.4 122.2 122 114.3 107.4 106.4 104.7 105.5 111.6 108.4 101.4 92.1 86.7 81 73.6 64.8 54.9 51.4 48.2 46.7 45.5 44.5 44.5 46.3 47.3 47.3 54.9 54.9 53.6 50.9 50.8 57.3 62.1 67.8 79.5 87.6 89.9 90.4 92.9
41 40.4 36.7 31.8 32 32.5 35.7 36.9 38.2 40.1 39.3 34.2 25.5 10.3 23.1 27.6 27.9 27.9 26.6 27.4 29.5 25.1 16.5 17.5 20.1 29.7 30.6 33.1 39.9 47.6 54.3 62 67.7 70.9 74.4 76 78.3 81.8 86 91.4 92 92.6 96.9 103.3 109.2 114.9 120.7 117.1 107.8 106.8 107.6 101.3 100.2 104.7 105.8 97.4 86.1 79.7 73.3 62.2 56.5 52.3 47.6 44.5 42.7 41.9 42.4 43 44.6 46.1 46.5 48.1 48.7 49.4 57.3 62.5 66.9 69.1 73 84.1 94 94.8 94.5 98
36.7 38.5 33.8 36.7 41.7 38.5 35.7 34.7 34.3 36.8 36.1 35 35.3 27.9 10.1 15 25.2 25.3 25 27.9 28.9 16.7 17.9 18.4 19.9 30 30.3 36.5 43.8 49.6 55.9 63.8 70.8 77.4 80.7 80.8 81.2 83.4 87.8 91.6 92.8 94.3 95.9 99.1 104.6 111.3 110.9 109.7 101.9 99.7 97.9 95.3 95.4 97.6 100.3 92.2 80.6 74.7 63.3 54.6 52.3 48.6 44 42.1 41.5 41.4 42 43 44.1 48.6 53.7 59.4 60.2 65.4 71.9 76 76.2 76.6 80.2 90.8 100.8 100.6 99.3 101.4
33.6 34.4 33.7 39.6 49 50.4 45.8 42.8 33.4 32.3 33.9 37 39.6 34.7 28.1 10.5 10.7 22.6 24.5 27.4 28.8 13.5 17.3 18.2 29.7 30.3 31.4 37.1 44 49.3 55.5 63.6 70.3 77 82 82.1 82 86.5 92.3 91.6 92.5 94.7 96.1 94 99.6 102.3 99.7 96.8 93.9 90.9 89.8 89.2 89.9 87.4 87.3 81 74.5 66.4 60.7 57.5 49.1 45.2 41.6 41.1 40.6 41.1 41.7 45.7 53.5 58.3 62.7 66.4 69.2 74.7 79.1 82.5 83.1 83.7 87.6 94.2 105.6 105.5 106 105.4
33.2 33.5 35.4 37.9 41.6 48.6 49.7 45.3 39.9 37.1 31.9 33 33.8 30.6 29.2 25.5 13.9 10.9 11.2 28.6 29.7 12 17 18.2 23.9 29 29.6 36.4 42.1 48.7 54.8 61.9 67.3 73.2 79.1 84 81.3 86.8 93.3 94 91.7 93.9 91.1 90.2 88.4 90.7 90.4 87.8 84.4 84.9 85.5 87.7 87.4 88.7 89 84.8 76.8 66.8 61.5 59.9 58.5 47.6 40.6 40.3 40.3 42.9 46.6 49.1 60.3 66.3 68.6 71.3 74.4 77.9 82 86.3 90.4 92.3 96.1 98.9 103.5 109.2 111.1 109.3
37.4 39.5 44.7 42.9 45 47.7 50.3 46.9 40.2 38.9 36 32.1 30.2 28.8 27 25.6 23.4 17.1 11.1 15.5 25 12.5 16 16 15.7 27.5 28.8 32.8 41.2 48.7 54 59 63.8 69.6 76.5 77.7 80.5 85.6 90.6 90.9 90.3 89.9 86 82.9 76.6 80 83.1 80.9 83.2 85 85.6 90.9 90.6 93.1 96.6 89.3 74.4 66.2 60.2 58.3 53.9 46.5 38.9 39 43.9 49.2 47.4 50.3 58.8 67.1 70.1 72.4 75.5 79.9 84.6 89.8 93.7 98.4 105.4 105.5 105.9 110.8 115.8 114.8
42.5 47.2 50 49.9 49.5 51.8 49.9 47.2 43.1 38.9 37.3 36.3 30.9 27.6 26 24.9 23 20.4 12.5 12.5 19.3 13.1 15.3 15.1 19.2 27.2 26.9 29.1 37.1 47.6 52.3 57.6 62 66.1 72.1 80.6 85.8 86.1 90 90.8 90.9 90.9 84.8 79.6 75.8 72.6 78.3 80.6 84.4 86 84.4 89.7 89.8 88.8 95.7 87.8 74.4 63.9 56.8 52.1 46.6 40.8 38.7 38.5 39.4 40.7 43.6 49.5 57.5 62.6 68.1 72.2 76.5 82.6 90 92.8 98 105.6 114.8 115.5 111.4 114.2 118.9 118
45.8 51.9 56 56.9 56.1 51.4 50.4 50.3 47.8 42.5 38.2 37.6 35.2 29.9 26.6 24.4 22.8 19.6 13.7 11.4 12.2 11.9 15.1 14.4 21.9 29.4 28.2 28 31.2 42.3 50.5 56.2 60 63.6 70 78.1 79.6 84.3 88 88.6 86.7 83.2 79.6 74.4 69.6 67 74.2 77.6 81.3 81.9 82.1 85.9 87.9 88.8 90.4 82.9 70.1 58.9 51.6 43.9 37.8 37.7 37.8 37.7 37.7 38.4 44.6 50.5 53.9 59.3 63.9 67.2 75.2 83.6 89.9 92.2 100.2 114.1 122.9 123.5 116.4 116.9 120 119.5
51 53.1 58.1 60.3 59.9 57.5 52.5 51.4 50 45.7 42.9 40.8 35.3 31.5 30.3 28.6 23.8 20.6 14 12.6 10.7 12.1 13.2 14.3 18.2 28.7 32.1 26.8 29.5 38.3 48.5 55.1 59.8 63.1 65.8 69.2 75.5 78.2 82.3 82.4 79.2 75.6 72.1 69.7 66.4 63.1 69.7 73.9 77.6 79.9 80.9 86.8 89.6 89.1 92.3 86.1 70.7 55 47.6 39.1 37.1 36.8 37.4 37.5 37 37.3 41.9 47.2 50.4 53.8 57.5 64.5 75.3 84.1 89.4 91.7 103.6 120.8 129.1 132.7 120.3 120.9 122 121.4
53.7 56.8 59.8 61.6 61.6 60.1 58.3 54.5 52.5 49.7 49.6 47.6 40.7 34.1 31.2 30.3 26.4 21.3 13.7 11 11.1 12 12.8 13.6 21.6 28.6 27.9 25.8 28.1 36.2 46.8 53.5 58 60.4 62 64.6 70 74.4 74.8 73.5 72.8 70.1 66.9 64.4 61.9 62.9 68.5 72.2 75.5 78.2 79.3 88.2 93.8 93.5 86.5 84.5 71.2 55 48.3 40.2 37.2 36.5 36.3 36.7 36.7 37.8 41.3 45.6 50.7 53.9 58.9 68.6 78.1 85.7 88.4 95.2 109.2 122 132.1 135.6 127.3 123.2 123.2 123.3
51.5 59 61.3 62.3 62.9 62 59.4 58 55.8 53 52.3 50.5 44.9 38.6 32 31.2 27.3 22 14.7 9.9 10.8 12.5 13.4 14 22.2 28.4 33.4 25.7 27.5 35.2 44.2 49.8 53.9 55.3 57.6 59.3 62.4 66 67.5 67.6 66.9 67.2 64.8 61.2 59.3 61 65.7 71.9 71.5 74.3 77.4 85.9 95.2 94.9 82.8 79.5 69.1 55.5 48.8 43 37.4 36.3 36.1 35.9 36 38 41.7 45.5 49 54.8 64 73.8 82.4 87.1 90.9 99.9 114.4 121.8 131.1 136.1 134.5 123.4 123.2 123.4
51.3 56.7 62.6 65.4 65.3 64.9 63 61 56.4 53.3 51.1 51.8 49.2 45 34.2 30.2 27.2 21.8 16.5 9.5 11 12.5 13.4 14.4 17.1 28.5 33.6 26.8 26.2 32.1 37.4 42.5 47.9 50.4 53.6 55.5 57.6 59.6 61.3 61.1 61.7 62.1 61.5 59 58.2 59.2 62.2 67 70.1 70.7 74.5 81.5 88.7 91.6 82.8 75.3 62.9 51.6 47.2 43.3 38.9 36.2 36 35.9 35.6 37 41.8 45.1 51.1 62 69.6 77 83.8 87.4 97.6 108.9 119.2 125.4 131 138.6 138.8 126.3 123.3 123.4
