public/OST50/NX48.asc
ncols 200
nrows 200
xllcorner 240000
yllcorner 580000
cellsize 50
[rows 105 to 139 of 200, columns 0 to 77 of 200]
402.2 401.8 400.4 401.4 399.8 398.1 399.8 400 406.6 412.1 417.4 430.9 444.4 457.5 469.1 479.6 484.3 488.9 491.4 495.7 499.9 508.7 517.4 526.6 536.1 547 553.7 561.8 570.5 580.2 591.3 603.5 614.9 628.9 647.3 664.3 676.7 685.2 686.2 678.4 652.4 643.1 640.9 655.3 676.8 690.4 700.9 706.1 708.9 708.8 699.6 658.1 621.3 595.1 581.4 561.5 554.3 547.1 547 555.7 564 568.8 577.1 598.2 616.2 607.9 591.9 582.6 578.6 574.1 578.3 592.9 597.3 602.6 600.4 592.8 584.4 567
392 391.4 391.5 390.7 389.3 388.1 389 391.3 396.1 407.1 423.9 441.3 457.1 471.4 487.1 498.4 500.6 503.9 506.1 511.6 515.5 520.2 527.6 532.2 537.3 544.5 550 558.8 567.6 578.7 589.4 602.1 615.3 627.1 644.5 661.3 673.7 680.3 677.2 649.3 630.2 619.2 617.8 641.1 662.2 679.2 689.8 696.8 699.7 698.1 687 645.5 608.7 584.9 570.3 556.2 543.8 537.3 540.2 550.3 553.5 557.2 564.8 581.7 599.5 579.5 580.8 572.9 564.2 564.1 555.9 579.9 587.2 588.9 588.3 581.4 565.1 550.3
381.8 386 383.8 379.9 379.3 379.9 382.9 389.3 400.6 414.2 441.4 458.6 473.9 488.9 500.1 509.2 513.7 517.4 521.5 525.6 528.3 533.1 538.5 543.3 545.1 550.4 554.9 561.4 571.2 579.5 590.9 603.5 614.7 626.8 646.1 661.8 672.8 675.9 651 626.8 612 599.9 606.2 623.6 643.7 664.7 677.7 686.8 688.5 685.7 670.6 634 599.8 579.1 562.8 555.7 542.3 534 539.4 544 542.7 545.3 554.6 562.9 576.8 548.7 558.1 561.9 542.3 549.7 535.8 558.7 568.4 565.7 570.2 550.1 536.9 531.6
375.2 378.4 375.9 373.9 374.6 377.4 383.1 394 405.8 425.8 452.8 467.8 485 501.7 515.9 524.3 531.4 535.1 539 543.3 543.7 543.5 547.1 551.2 555.4 561.3 564 571.2 578.9 586.7 596.9 608.3 619.7 631.1 648.9 663.3 669.1 652.9 627.3 609.9 594.3 579.2 588.5 606.1 622.9 643.5 660.3 672 674.8 670.8 663 628.8 595.4 576.6 561.7 552.6 538.3 531.8 536.8 539 533.5 535.7 544.4 549.9 531.5 524.8 531.2 533.1 529.4 523.6 519.5 529.9 545.5 550.2 549 526.6 528.9 533.2
369.8 370.5 368.5 371 373.6 376.4 387.3 399.9 413.1 434.9 461.6 476.6 496.5 515.1 529.4 538.3 546.9 553.5 557.7 563.5 571.8 568.9 571.5 570.9 570.8 571.5 575.1 580.5 587.5 596.7 607.6 618.7 630.3 641.4 654.9 662.7 653.2 633.1 607.9 590.7 574.6 561.2 573.1 588.9 604.7 622.2 639.3 652.1 658.2 656.4 647.6 618.9 591.8 576.3 560.6 548.5 535.5 529.8 529.1 528.4 523.6 528.1 528.5 525.5 504.2 502.2 504.5 499.1 500.9 501.9 506.1 513.1 529.3 535.5 529 522.9 537.6 542.2
364.5 365.4 368.3 370 374 385.7 393.8 411.7 427.1 448.3 470.1 486.9 506.9 527.1 539.4 549.9 559.7 567 574.9 586.9 593.2 594.9 600.4 601.5 598.5 602.9 599 602 605 613 625.1 634.9 645.5 655.8 662.9 654.8 633 607 585.9 570.3 556.8 543 554.9 571 587.5 604.6 619.4 632 642.1 643.8 636.4 615.8 589.4 574.7 559 542.3 535 527.8 519.2 517.2 513.7 514.3 504.5 491.7 488.2 485.8 483.6 482.1 487.8 491.3 501.4 507.4 513.4 515.7 519.4 531.9 545.5 533.9
361.7 363.9 367 370.5 379.5 394.7 409 424.1 435.8 456.7 474.1 495.7 516.9 535.2 548.7 561.1 570.1 578.9 590.5 602.6 611.7 616.1 621 622.5 628.3 631.8 630.1 630.2 634.5 641.2 647.4 655.5 664.5 667.7 658.4 633.7 609.3 582.8 564.4 551.2 538.5 524.3 535.8 552.9 569.6 584.5 601.3 616.1 627 628.5 630.6 612.9 590.3 576.2 559.6 544.2 532.4 523.7 513.3 505 506.2 504.5 492.2 479.1 477.8 468.9 470.3 470 475 490.2 502.4 501.1 502.9 512.7 530 543.4 546.2 531.3
362.8 366.6 371.6 379.1 391.3 405.5 419.4 434.8 445.3 461.4 480.3 503.3 525.5 543.2 561 573.4 581.7 591.7 603 615.2 622.7 629.1 636.1 639.9 648.6 650.2 652.6 654.7 658.5 664 667.5 673.7 675.7 663.2 635.9 610.2 588.9 564.4 546.1 532.8 524.5 509.9 519 535.1 548.7 563 582.5 599.8 609.1 613.2 620 609.1 596.1 576.1 561.7 543.6 533.7 526.1 515.3 502.3 498.1 489.6 475.2 468.6 461.9 460.6 458.6 457.8 471.6 485.9 495.6 492.9 502.6 527.4 528.8 537.3 534.8 512.5
365.1 370.5 377.8 387.5 399.5 412.9 426.3 439.2 451.9 469.6 487.7 511.2 529.9 549 567.1 579.7 588.5 601 613.4 624.3 631.2 638.7 645.8 652.4 659.8 664.6 668.1 671 675.3 679 681 683.6 671 636.9 610.6 588.4 558.9 542.8 526.8 514.2 502.1 492.5 502 512.7 525.6 541.5 560.2 577 587.8 594.6 605.5 602 592.6 579.3 555.6 543 534.7 524.3 511.6 500.8 487.8 472.5 462.7 457.1 446.7 447.2 441.9 452.6 465 478.6 483.5 492.4 514.2 521.6 516.8 510.9 504.9 492.7
367.2 371.8 384.6 398 407 416.5 428.8 438.6 456.1 475.2 493.1 515 534 553 571.8 583.9 592.8 606.2 618.8 628.1 635.8 645.6 654.4 662 669 675.3 679.9 684.1 687.2 690.3 690.4 678.9 646.7 615 589.6 566 539.9 522.2 505.5 493.7 479.6 482.4 484.4 491.5 502.9 517.6 534.8 547.9 563.7 575.7 581 582.5 584.3 577.3 554.3 542.4 531.5 519.7 506.4 493.7 478.2 458.7 451.7 444.6 438.7 435.5 431.5 441.8 458.6 468.7 481.2 499.9 512 508.7 498.9 490.3 485.8 476.4
378.6 384.2 386.3 397.6 406.2 417.4 433.9 446.5 459.3 475.7 495.6 515.3 534.4 554.9 572.6 585.2 595.1 607.8 618.5 628.6 638.2 650.7 657.9 666.4 675.5 682 687.9 692.6 696.3 697.6 691.2 658 625.5 600.3 575.3 548.4 526.3 507.2 492.1 477.3 471.2 471.2 471.1 475.2 485.8 499 513 524.3 537.6 547.2 559.9 568.5 577.5 570.3 553.8 541.9 530.4 511.3 498.8 483.2 467.1 450.5 446.2 432.6 429.4 427.1 431.4 442.6 456.4 472.9 494.5 498.4 487.7 484.6 476.5 473 470.2 464.8
383.9 392.4 397.5 400 406.7 416.6 432.1 443.6 462 477.4 497.5 514 533.1 552.9 570.6 582.9 596.2 606.2 616.1 627.2 640.7 652.1 661 668.6 678.4 686.6 693.9 698.8 701.9 701.9 677.9 639.9 612.1 590.5 567 538.7 515.8 495 479.8 468.3 463.8 463.2 461 462.3 470.5 481.4 494.2 505.9 514.8 521.5 538.7 551.6 558.9 558.2 553 537.6 524.6 499.8 487.8 469.8 456.1 438 436.3 426.4 422.9 421.8 429.1 440.2 456.2 479.3 498.1 489.5 477.2 472.5 466.2 463.6 462.6 463.1
393 396.4 404 407.2 414.6 422.3 440.5 454.5 468.7 483.8 499.6 514.6 529.9 548.6 564.1 578.3 592.1 603.5 613.7 624.8 638.9 650.2 660.7 670.3 680.4 689 698.2 703.5 705.6 701.8 666.2 632.1 605.4 584.6 561.5 535.3 511.3 489.4 472.5 460.4 456.5 455.9 453.4 453.1 455.8 467.1 475.7 486 494.6 504.3 513 526.3 538.1 538.4 544.5 531.6 522.6 496.3 475.6 458 440.7 433.6 431.3 422.3 417.3 419.6 426.3 443.1 461.7 487.6 496.8 488.4 477.1 467.4 465.5 464.5 462.2 466.1
406.5 408.4 413.3 417.8 424.6 433.1 444 460.3 472.9 485 499.8 514 529.2 542.6 558.9 573.2 586.1 598.3 609.3 622.1 635 645.7 655.3 670.6 681.9 692.4 700.4 706.2 708.6 696.4 662.7 629.9 603.7 582.7 559.9 533.5 510.8 490.1 472.9 459 452.1 450.5 450.3 448 445.3 451 459.2 467.4 475.8 487.2 495.4 504.2 509.7 521.8 533.2 520.8 502.7 483.6 462.6 446.3 429.2 425 423.7 418.3 414 417.8 425.3 449.6 482.7 498.7 500.5 492.9 485.2 469.7 464.5 461.1 464.8 469.5
416.2 421.5 426.5 431.5 435.8 441 453.9 464.8 476.3 488 499.3 513.3 525.8 538.6 552.6 566.9 579.5 592.3 604.9 618.5 632.6 644.6 657.2 671.5 682.1 693.9 702.2 708 710.5 700.3 666.7 633.8 604.3 583.6 561.5 536 515 498.4 481.1 465.5 454.4 448.5 445.9 445.7 436.7 438.9 441.6 447.2 457.9 469 479.2 485.2 493.6 506.4 516.8 509.6 487.9 468.8 451.1 437.1 423.7 422.4 418.6 414.3 412.5 418.3 432.7 463.5 483.2 494 498.9 497.1 488.5 471.8 462.8 460.3 468.3 466.8
424.4 431.5 434.7 444.5 448.7 455.8 463.3 471.9 481.1 491.5 501.4 511.5 523.8 535.6 546.7 558.9 572.7 587 601.8 616.4 630.1 645 659.9 673.5 684.4 695.1 703.6 709.5 713.5 712.2 679.5 644.3 615.4 589.8 566.9 543.1 523.8 506.3 488.7 474.7 460.9 450.6 441.2 440.3 431.6 427.3 428.6 435.7 446 452.1 460.2 467.4 476.2 490.6 502.4 492.3 476.3 451.6 441.3 424.8 417.3 413.9 412 407 416 429.1 442.9 463.8 479.7 486.2 492.7 492.5 487.6 473.4 461.4 460.8 463.4 465.4
435.8 443.5 449.7 456.9 461.1 467.2 472.8 478.5 485.8 493.9 501.4 510.3 520.3 533 543.5 555.3 568.6 582.8 597.7 615 633.3 647.4 662.3 674.5 684.8 695.4 703.5 709.8 714.4 717.3 702.5 666.3 632.5 603 572.8 550.3 532 516.8 501.2 485.7 471.4 456.2 444.6 434.2 423.8 418.9 418.2 427 434.3 442.1 446.4 456.5 462.9 463 476.1 478 465.1 438 427.9 417 412.8 407.1 403 408.6 422.7 431.7 437.2 471.2 480.6 479.5 488.3 480.7 481.2 467.9 456.8 461.2 464.4 467.6
447 455.6 462.2 468.1 471.8 475.9 480.5 486.7 491.9 497.6 503.3 512.8 522.4 532.3 542.8 553.3 567 582.1 598.3 614.4 629.9 646 661.2 673 684.1 693.9 702.3 707.9 713.3 718 717.6 691.4 650.5 616.8 585.3 560.1 543.5 528 512.7 496.7 481.5 467.5 453.4 437.6 421.1 416.9 414.4 418.5 423.7 429.5 433.7 440 443.1 446.7 449.5 449.9 444.9 427.3 416.1 409.8 403.1 400.5 402.1 406.4 416 421 448.8 478.1 485.3 481.6 477.7 478.4 477.8 466.8 455.5 465.4 467.9 476.9
456.2 463.9 470.3 475.7 480 485.1 490.4 495.6 501.1 501.7 508.4 516 524.6 534.9 543.5 554.5 568.6 582.1 596.2 612.8 626.4 641.7 656.2 668.2 680.5 690 698.3 705.2 710.1 713.4 712.9 700.3 669.5 631.7 596.4 571.1 556.4 542.3 525.7 504.7 487.7 472.6 459.8 440.3 424.6 414.8 412.7 412.8 415.7 417 420.9 424.2 427.8 436.6 430.8 429.2 421.8 414.8 407.4 401.4 399.5 399.4 400 406.5 413.8 417.9 442 472.9 484.3 481 472.3 473.9 469.1 461.5 450.2 462.5 473.5 481
461.7 468.5 474.8 482 487.6 493.1 498.7 503.9 509.2 512.8 519.6 524.6 531.4 538.7 546.5 557.2 569.1 582.6 595.2 607.6 621.3 635.3 648 661.3 673 683 692.8 699.6 703.5 705.4 699.6 683.9 662.6 641.8 609.7 583 569.9 555.7 535.9 516 496 474.5 464.1 442.3 424.9 414.5 411.5 409.1 406.1 407.7 409.5 413 417.8 420.1 405.9 415.2 406.5 401.1 400.6 397.3 398.2 398.1 399.8 406.9 413.8 416.9 438.7 473.3 481.6 482.3 474.9 466.6 463 449.8 440.4 451.6 463.5 473.9
465.9 473 479.5 486 492.6 499.9 504 509.7 515.5 522 527.4 532.4 536.8 544.1 551.5 560.2 571.5 582.5 593.4 605.3 617.7 628.4 642.5 654.6 664.3 674 684.1 691.2 692.9 692.1 681.1 666.2 648.3 633.7 609.6 590.4 578.9 554.3 543.5 520.8 500.9 477.2 462.1 445.8 428.6 416.7 410.9 404.8 398 398.8 400.3 402.6 405.5 404.8 398 402.6 396.7 389.3 391.4 398.5 397.1 396.4 400.2 405.1 412.6 429.2 459.8 477.8 475.8 476.9 472.8 463.8 455.9 436.8 427.4 438.3 439.8 456.5
466.2 474 483.7 490.7 498.5 505.8 511.8 516.8 523.8 529.1 534.4 538.9 544.2 550.9 557.2 566 575.1 583.8 593 601.6 611.9 622.8 634.6 644.9 653.6 664.1 673 677.9 680.6 674.3 661.5 647.2 633.1 619.5 594.5 584.2 567.6 549.7 542.1 520 493.2 476.8 452.3 436.9 432.2 421.3 409.2 399.9 394.1 392.4 388.4 393.8 399.7 394 391.5 392.4 386.6 384.5 388.3 395 393.4 394.6 400.2 407.2 421.2 443.9 472.9 474 475.1 472.6 466.4 461.6 444.2 426 414.2 419.3 418 428.1
466.6 479.8 488.8 496 504.7 510.7 517.6 526 532.8 539.8 544.8 547.3 551.8 557 562 569.2 576.8 584.4 592.1 599.7 608.2 616.6 623.9 632.8 641 652.3 660.6 664 662.6 654.7 643.5 629.5 615.3 599.2 583.8 575.5 561.2 544 538.6 516 493.1 464.8 445.7 427.9 432.2 422.6 411.4 398.9 390.9 378.8 378.8 383.1 388.1 381.3 383.8 380.7 377.3 381.4 389.1 393.8 390.6 393.5 400.1 418.2 434.8 455.9 474.9 476 472.4 468.9 461.4 452.9 435.9 419.2 405 404.8 400.8 408.8
464.8 478.3 490.5 500.8 508.8 514.6 523.6 531 537.9 546.3 551.8 554.2 558 562.4 567.3 571.8 577.4 583 589.4 594.6 600.8 608.2 614.1 620.5 628.6 636.8 643.2 646.5 645 636.9 628.2 613.4 595.2 580.9 573 562 551.9 542.7 526 501.8 481.1 453.1 444.9 427.7 420 420.7 410.3 396.5 385.5 375 368.5 372.3 375.7 370.2 373.4 371.5 373 378 389.6 392.1 389.7 392.6 404.2 424.6 445.4 463.8 479.2 480.1 474.2 470.6 465.1 456.6 437.6 413 397.1 393.9 390.2 393.6
462.5 473.3 486.8 499.1 508.9 516.7 527.1 535.3 542.5 549.6 553 557.2 560.3 566.4 570.3 573 575.5 580.3 583.3 586.6 592 596.1 602 607.4 616.2 624.3 629.9 630.6 629.6 620.3 613.2 598.6 583.6 569 559.9 548 539.2 532.3 520.5 491.5 464.3 440.9 437.2 424.2 415.7 417.9 404.2 393 383.3 367.8 362.5 364.9 364.9 360.6 364 365.7 368.5 373.7 385.4 383.9 388.7 389.4 406.7 429.5 446.1 457 470.2 475.8 471.3 465.8 459.3 446.7 433.6 405.6 393.1 389.8 383 386.1
457.3 471.1 483 494.8 503.1 518.5 529.7 536.4 542.4 549.9 552 557.1 562 566.6 569.4 571.6 572.3 574.6 576.3 577.7 580.1 583.4 587.4 593.1 601.7 608 615 612.7 607.4 602.2 597.8 580.2 565.7 559.1 540.9 532.7 524.4 519.4 505.6 481.6 458.6 443.3 426 419.1 413.9 411.8 397.8 388.3 378.7 365.1 357.9 357.2 355.9 357.3 360.1 359.9 363.1 371.5 378.2 376.6 380.3 388.7 408.1 431.9 438.4 448.5 455.2 467.3 463.3 456.6 451.8 428.1 419.3 397.4 384.7 383 375.7 379.1
450.9 465.4 478.1 488.5 501.6 514.9 526.9 537.3 542.9 544.3 548 554.7 557.3 562.9 561.9 564.1 565.7 566.7 567.5 568.4 569.8 571.4 573.4 576.5 582.3 587.8 593.8 592.4 592.3 586.7 580.4 563.4 553.9 542 528 521 510 503.6 490 466.5 446 440 426.3 409.9 407.6 402.9 393.5 382.9 371.5 361.6 354.6 352 350.7 353.2 356.3 354.9 359.3 367.4 370.8 368.1 379.7 387.4 405.4 428.5 426 430.4 443.9 454.4 454.6 450.2 440.1 405.4 389.2 377.4 375.3 375 371.4 374.9
449.1 459.7 470.2 483.5 497.9 510.1 524.2 533.4 539 542.1 545.4 549 553 553.2 554 553.3 554.3 556.1 557.3 558.4 558.7 558.4 561.1 566.1 570.6 574.4 575.7 574.4 578.3 573.3 564.2 547.7 540.6 528.1 517.3 500.3 493.6 488.4 480.3 456.9 443.7 433.4 421.1 410.6 403.1 396.3 388.7 379.4 369.4 361 353.2 348 349.1 350.9 352.4 347.9 353.5 362 362.4 364.9 378.4 394.7 404.3 419.4 425.9 429.2 440 446.3 443.1 432.9 416.6 395.3 374.9 369.9 371.3 370.7 368.6 373.4
446.8 457.9 468.4 480.1 492.7 505 521.9 525.2 535.1 536.9 542 543.5 544 545.2 543.9 542.9 546.7 544.7 544.8 545.1 543.9 546.7 551.4 556.3 560.7 562.4 561.6 561.2 563.6 557.5 545.6 535.8 528.1 515 508.1 489.2 475.6 472.9 473.3 454.5 445.2 429.7 420.4 411.8 400.2 394.1 386.1 379.1 366.6 359 352.6 347.3 343.6 347.9 345.8 340.6 346.4 354.2 350.8 366.8 386.6 397.4 413.6 435.5 439.9 440 446.6 445.4 441.9 426.6 406.5 382.2 368.4 366.1 367.1 366 366 369.6
443.4 452.6 465.1 476 485.8 502.1 513.3 522.4 528.8 536.4 535.3 537.4 536.6 537.5 536.5 533.6 531.9 533.1 534.8 534.1 535.1 537.8 541.3 544.3 548.3 552.4 552.8 552.7 549.5 542.4 533.3 529 516.9 505.5 494.1 480.8 470.6 459.5 460 446.1 445.4 427.4 419.6 407.1 400.4 391.9 389.6 374.9 360.9 357.6 351.7 344.4 339.8 341.7 338.4 332.2 336.3 333.3 349.6 369.9 393.2 406.7 428.8 436.1 441.6 444.6 447.4 442.2 438.6 427.5 399.8 374.9 364.9 363.5 365.5 363.8 363.8 367
441.5 451.9 463.6 473.6 487 498.3 507.3 518.1 529.4 534.9 533.5 532.3 532.3 533.9 530.9 527.7 525.9 524.9 527.2 526.7 528.4 530.5 531.4 534.1 538.2 541.6 543.8 542.6 537.8 530.6 524.2 516.2 509.7 492.3 487.3 473.8 462.6 453.2 447.2 434.9 430.8 420.4 413.6 403.6 396.9 397.9 381.9 366.6 361.9 357.9 348.5 338.7 331.5 334.3 330.3 322.9 323.2 330 351.5 382.8 401 424.3 429.6 440.9 443.5 442 438.6 433 427.4 414.6 393.4 370.3 362.5 361.5 364.7 360.9 363.2 364.8
442.3 452.8 464.1 474.6 485.2 496.1 512.2 519.2 530.2 533.4 534.6 530.4 529.8 526.6 525.8 521.8 519.9 517.8 518.8 518.2 519.8 520 521.3 523.5 526.4 530.9 532.2 531.7 527.8 519.5 514.9 509.2 497.6 485.2 474.7 463.8 454.5 446.2 436.2 427.8 429 419.9 409.7 402.4 391.1 391.5 370.8 364.4 362.4 356.2 345.5 332.4 324.6 329 322.5 314.2 316.9 330.2 365.9 390.9 412.2 437.2 439.5 441.5 441.2 432.6 425.6 421.6 413.7 405.2 388.4 366.7 362.1 362.3 364.7 360.1 361 366.5
449 457.4 469.6 479.1 486.5 503.1 515 525.2 532.6 534.3 534.1 529.9 526 522.3 519.5 516.4 514.6 511.4 510.4 509.5 511 512.1 511.7 514.8 518.9 522 522.9 521.5 519.4 514.9 507.3 499.8 492.2 479.7 468.7 459.1 453.5 442.5 431 424 424.1 414.4 404.9 397.4 385.7 381.6 367.2 363.9 361.5 354.7 342 327 318 322.7 316.2 311.9 319.9 340.1 377.6 406.3 440.2 444.2 447.2 444.2 438 424.1 412.6 407 401.8 397.8 385.8 371.6 362.7 362 362.8 359.9 358.9 357.1
451.9 461.9 472.9 480.8 487.8 502 516.5 530.2 534.1 536.4 532.4 527.4 525.6 519.5 513.5 510.5 509.7 505.2 503 502.2 502.4 503 504.4 507.5 509.5 513.8 514 513.5 510.9 509.3 504.1 490.8 477.3 470.9 459.5 452.4 456.3 441.2 433 423.8 417.2 409.9 400.2 391.5 379.1 375 369.2 364.1 360.6 351.5 338.9 322.6 314.1 316.6 312.3 312.7 330.6 364.8 403.9 428.6 452.1 451.8 448.6 445.4 435.3 421.2 411.2 402.4 395 388.2 379.3 369.1 361.6 361.4 361.2 359.1 358.2 353.3
457 466.2 476.3 483.2 495.5 509.3 520.8 531.2 536.1 537.9 531.9 525.9 522.3 516.8 510.4 506.1 502.2 497.9 493 494 494.4 494.9 500 501 502.1 503.3 506 505.9 506 502.9 497.9 487.3 476 467 460.1 451.2 446.7 438.6 432.2 423.1 413.5 402.4 392 380 374.4 370.6 368.7 365.4 356.8 347.1 336.6 320.1 305.3 306.5 304.7 312.1 344.1 390.7 416.1 435.4 452.9 456.2 453.8 443.4 432.4 418.5 415.5 403.4 395.6 393.5 381.3 370.9 362.9 361.5 360.2 358.4 360.3 357
