public/OST50/NX48.asc
ncols 200
nrows 200
xllcorner 240000
yllcorner 580000
cellsize 50
[rows 70 to 104 of 200, columns 0 to 77 of 200]
406.4 413.2 418.8 417.6 419.7 423 425.1 421.8 422.6 427.9 432.5 435.7 441.6 446.1 459.1 458.2 456.4 453.6 452.1 449.4 449.3 450.7 455.9 460.4 465.3 468.1 474.1 480.6 482.7 488.7 496.3 506.4 512.8 522.7 534.3 546.8 560.9 572.5 584.9 602.5 618.6 630.3 639.6 642.1 641.8 637.6 632.2 633 630.6 633.7 636.1 639.3 636.4 628 627.9 600.5 581.2 546.3 516.4 496.6 487.5 486.3 486.7 492.5 497.4 499.4 501.9 504.5 506.1 508.3 508.6 509.1 507.5 504.7 498.9 496.6 490.7 485.3
400.2 406.9 409.6 413.3 413.1 411.7 412.1 414.7 415.4 422.6 421.2 426.1 430.9 433.8 438.3 439.9 438.4 439.1 436.5 436.1 435.5 436.8 442.7 444 445.7 450.6 455.3 461.2 464.7 472.3 478.4 484.6 492.4 503.6 512.2 522.4 531.1 542 552.4 570.5 584.6 600.6 612.3 616.7 621.3 621.8 623.4 627.2 629.3 632.5 636.7 641.9 642.6 635.7 632.4 620.8 584.8 550.4 526.6 504.2 492.5 491.6 494.7 497.5 503.6 506 507.1 511.1 514.5 514.2 512.1 509.5 507.6 503.7 500.8 495.3 490.4 484.7
387.6 397.8 405.4 409.2 412.3 405.2 406.1 410.1 412.1 413.3 414 423.4 425.6 424.2 426.9 431 428.1 428.2 426.4 428.2 426.4 428.9 434.6 433 434.8 438.6 445.9 449.3 452.8 459.6 463.9 471.4 479.1 486.2 492.7 500.2 506.3 520 529.9 543.9 555.5 571.5 586.2 600 607.8 612.3 619.9 625.9 630 634.5 638.5 641.7 647.7 646 641.6 632.7 592.4 561.8 536.4 515.8 501.6 498.9 502.8 503.6 507.8 510.9 513.6 517.2 518 518.5 514.4 509.8 508.4 504 500.6 494.8 489.8 483.9
388.7 391.9 393.1 398 404.2 409.5 407.6 410.7 410 411.3 412.8 417.1 419 419.1 420.2 422.2 421.7 421.9 423.5 424.5 423.9 427.3 428.3 425.5 431.1 436.7 441.7 441.7 443.9 449.6 455.3 458.9 464.6 469.8 476.7 485 493.9 505.3 515 520.6 530.9 545.4 559.9 575.8 590.9 602.1 615.1 624.5 630.6 634.9 640.4 645.9 654 658.4 649.1 644.4 604.8 576.4 550.3 528.5 511.6 505.5 507.6 508.5 512.9 515.2 519.7 521 521.4 519.9 515.4 510.2 505.8 501.2 496.4 492.9 487.7 482.1
400.5 403.4 406.5 408.4 409 412.6 413.1 410.4 411.6 413.8 414.9 414.8 416.1 417.2 418.1 419.7 419.9 420.2 421.3 421.9 421.4 422.2 425.4 424.8 426.2 429.4 430.1 433.9 439.1 444.9 449.9 454.5 458 462.7 467.7 474.2 480.1 489.9 499.9 510 519.2 529.4 537.4 552.4 565 588.6 607.5 621.6 629.7 636.8 646.3 654.3 660.2 662.5 664.6 655.3 620.3 589.7 563.9 541.8 522.3 512.5 510.7 514.6 518.1 520.1 523.7 524.8 523.9 520.3 516.5 509.3 503.7 500 497.1 492.5 486.2 481.8
402.3 404.5 407.1 410.2 412 415.3 418.5 419.3 421 421 421.3 421.2 423.8 425.7 421.8 422.9 423.2 421.3 420.4 420.9 420.7 420.8 422.4 422.7 423.5 425.1 428.1 430.3 434.8 439.8 449.3 458 457.8 461.2 466.3 469.5 477.3 478.5 484.1 491.9 506.6 511.7 524.5 543.6 557 576.3 599.2 618.9 629.6 640.5 652.3 660.4 665.6 671.5 673.7 671 639.3 606.6 579 556.6 538.6 520.8 517.1 521.9 522.2 525.6 526.8 527.8 525 520.3 515.3 508.9 503.1 498.6 495.8 489.6 484.4 479.3
405.9 407.7 409.7 412.5 415.4 418.1 421.1 423.5 426.3 428.1 430.2 431.5 433.1 435 433.7 431.9 432.1 426.9 422.5 422 420.8 421.6 421.4 422.2 422.5 423.2 424.9 427.7 431 436 444.3 451.9 455.3 459.8 463.9 468.6 471.8 474.3 479.7 486.9 494.5 505 521 539.3 549.5 571.8 589.9 617 633.3 645.8 656.3 665.4 674.4 682.6 688.6 688 657.2 628.8 596.9 571.1 549.9 535.5 525.2 528.6 528.5 529.8 528.9 527.4 524.9 520.5 515.6 509.4 503.8 496.7 492.9 487.4 482.8 479.5
410 411.4 414 416.8 419.5 422.5 425.5 428.8 431.1 433.4 435.5 437.2 438.2 439.3 439.8 439.7 439.1 438.4 432.4 426.3 424.7 422.5 421.9 422.3 422.5 423.5 425.7 427.7 430.6 435 440.9 449.1 451.2 454.5 457 461.9 466.4 472.9 480.7 487.7 493.5 500.7 514.5 529.1 546.2 566.4 587 614.3 638.2 651.1 659.6 673 684.9 694.4 704.5 708.6 686.4 651 617.9 588.7 565.5 548.6 538.2 534.6 533.3 532.4 529.8 527.8 520.6 516.1 511 504.5 500.1 497.2 493.2 487.1 483.2 479.9
414.9 415.9 418.8 422.6 426.1 428.4 431 433.2 435.6 438.1 439.8 441.6 443 444.8 443.8 444 443.6 443.4 441.6 433.5 426.1 422.2 421.9 422.3 422.7 423.7 425.7 427.8 430 434.5 438.5 442.8 450 457.6 462.5 464.5 471.8 477.6 482.6 488.4 498.6 505.3 513 526.5 548.4 566.4 588.8 615.4 641.7 655.4 665.8 680.7 694.3 706 722.6 731.8 714.8 676.5 642.9 612.1 587.1 569.5 558.3 546.4 538.9 532.8 530.2 527.4 522.9 516.2 508 504.1 502.3 496.2 493.3 488.5 485.3 481.1
420.9 422.5 426 429.6 432 434.1 435.1 437 439.6 443 444.8 446.5 449.3 450.5 449.3 448.7 445.6 446.8 441.4 437.6 428.7 422.4 422 422.3 423 423.9 425.6 427 431.5 437.8 441.7 448.3 453.7 460.5 468 473.2 473.6 480.7 487.4 493.4 500.2 509.6 524.4 533.2 549.3 569.4 591.1 619.5 645.2 661.3 675 688.3 702 714.5 734.8 750.2 745.4 717.7 680.7 639 614.5 602.6 575.8 555.9 548.2 532.1 526.5 523.3 517.8 513.2 506.1 504.2 502.2 498.9 494.1 491.5 487.5 486.3
428 429.1 432.2 435 437.4 438.8 440.1 441.8 444.2 447.5 450.4 453.6 455.5 456.8 455.1 454 450.3 447 443.4 436.4 427.7 422.4 422.2 422.3 423.1 423.9 425.1 426.1 431.6 441.3 444.5 452 457.7 465.9 473.6 478.5 483.6 483.6 492.9 501.3 508.3 515.7 530.2 542.6 554.4 574.1 599.1 627 650.9 667 681.5 695.8 709.8 721.8 744.7 762.7 774 744.9 706.6 659.8 645.9 618.1 590.8 585.6 568.9 538.1 522.9 522.5 516.4 508.7 504.9 504.3 502.1 498.9 497.3 494.8 494 492
435.2 435.8 438.1 440.3 442.5 444.2 446.9 448.8 451.6 455.6 458.8 462 462.6 463.3 462.2 459.2 454.6 449.1 445.3 438.9 430.8 423.1 422.7 423.7 422.8 427 430.3 435.4 441.8 449.3 453.7 460.1 466.5 476.9 485.4 488 493.6 496.8 498.2 509 517.8 527.4 535.4 547.8 562.5 581 604.8 633.4 656.4 672.7 687.3 701.7 713.2 725.7 748.8 771.1 782.6 758 719 672 631.6 606.9 595.7 606.6 581.8 545.6 521.7 521.2 515.6 511.6 506.5 505.7 504.5 503.3 500.5 499.2 498.3 497.3
440.5 442.5 443.5 444.9 447.7 451.1 454.3 456.8 458.9 462.7 467.1 471.1 472 472.3 470.8 468.5 464.4 458 452 446.2 440.7 431.2 432.3 435 438.1 441.8 447.6 452.1 459.1 465.9 470.4 477.8 486.1 493.5 505.6 510.3 510.1 512.9 513.7 516.8 523.9 535.2 544.6 554.3 569.9 589.8 612.8 640.3 661.6 677.3 692.8 703.8 713.8 728.4 748.8 774.7 778.5 735.9 690.7 651.6 619.3 609.3 612.2 621.2 597 556.6 532.7 520.8 517.5 515 511.1 509.1 507.5 507.2 506.3 504.7 502.1 501.1
445.5 448.3 449.4 451.8 457.4 458.5 461.3 464 467.8 473.4 479.8 483.3 485.3 485.2 484.1 481.5 477.8 472.2 466 460.9 455 448 448.3 449.6 454.1 461 466.3 471.4 480.8 494 499.1 508.4 518.3 532.4 538.9 538.4 533.1 531.9 529.9 531.7 535.6 542.9 553.7 566 580.5 599.4 619.7 644.9 666.1 682.4 695.3 705.5 716.8 728.9 748.2 771.8 762.9 716 682.2 645.7 620.3 619.6 630.6 647.8 612.3 568.7 545.2 530.9 524 519.8 517 513.9 512.1 512.1 511.5 509.4 506.4 506.5
451.8 455.6 458.7 462.6 463.8 467.3 470.3 477.9 481.4 492.6 497.7 495.2 497.3 498.5 498.2 495.2 493.5 488.3 482.8 477.7 470.1 468.8 468.6 471.7 478.4 485 491.2 497.6 512.2 527.3 541.6 559.8 574.6 572.7 575.1 566.9 560.7 561.1 557.8 554.7 549.4 553.2 562.1 575.6 588.2 608 628.5 651.8 667.6 682 693.7 705.5 716.3 729.7 750.6 772.7 754.1 714.5 680.4 645.1 632.7 636.1 657.5 657.9 626.2 583.1 556.3 542.9 532.8 526.1 522.3 520.2 519.1 517.5 516.3 514.1 511.9 508.2
457.9 464.2 467.8 473.3 476 480.4 483.9 493.2 499 510.5 514 512.6 516.5 519.8 515.4 513.4 511.9 506.6 501.9 498.5 496.7 495.8 497.4 503.1 524.6 529.8 539.6 554 568.1 580.1 593.9 608.1 620.5 611.4 602.1 594.4 582.6 582.9 581.9 575.4 565.2 564.8 571.3 581.6 595.5 611 635.4 654.2 671 683.2 694.6 706.9 720.9 737 761.6 782.1 750.8 717.6 682.4 657.9 649.7 661.4 675.9 663.9 633.7 594.7 567.5 552.7 542 533.9 529.6 525.7 525.3 524.4 522 520.1 517.1 513.9
462.5 470.2 474.8 482.5 489.2 496.2 504 511.3 516.7 532.8 537.7 541 545.6 546.9 543.8 541.9 536.7 532 527.5 527.3 539.5 539.5 535.4 543.8 562.5 577.1 598.4 609.9 626.3 638.2 641.5 660.2 668.1 654.2 638.7 621.3 604 606.9 609.1 587.5 577.8 575.4 581.1 588.5 600.9 620 639.6 658.7 676 688.2 702.1 717.5 735.2 756.6 781.3 800.3 762.3 731.2 698.3 682.5 676.1 685.2 702 683.4 640.7 607.3 576.5 561.1 551.3 543.7 539.4 535.4 533.8 533.2 531.3 528.8 525 521.1
463.7 469.6 477.4 491 500.8 510.2 519.3 525.8 536 553.1 558.7 564.1 569.8 569 571.5 572.1 567.1 565.4 563.3 562.8 576.5 588.4 589.8 601.2 613.6 628.4 642.9 660.5 673 678.4 687.7 699.2 703.1 699.1 677.2 647.6 630.6 631.1 632.9 601 589.3 584.4 588.8 596.9 607.2 627.5 643.7 662.3 682.7 699.4 718.5 739.3 760.3 779.7 802.1 821.6 789.3 757.5 729.4 719.7 711.5 717.3 723.2 695.6 653.7 616.5 586.2 570.3 559.3 553.7 549.4 545.3 543.2 542.2 540.5 537 531.8 528.7
470.2 475.3 485.2 494.7 503.6 520.6 529.6 539.4 552.2 562.2 569.5 577.8 579.8 579.5 585.1 589.1 591.7 590.2 592.2 596.9 605 614.5 622 637.3 649.8 661.3 671.3 678.7 690.2 700 708.6 717.4 723.2 727.9 713.5 688.4 671.4 655.4 645.2 616.9 606 595.7 599.9 606.1 617.5 633.7 649.6 668.5 692.3 715.9 740.5 764.4 784.9 807.3 826.9 840.8 815.3 789.9 767.3 754.7 746.5 747.2 726.6 691.3 652.6 620.2 594.2 580.5 572.5 566.1 560.8 557.1 554.3 550.8 547.4 543.3 537.3 534.7
473.4 479.6 489.6 498.8 511.3 522.9 536.3 546 560 566.5 572.6 582.2 583.7 583.7 589.8 595.4 602.1 606.8 608.5 614.2 620.2 627.6 638.6 653.4 661.8 671.1 681.5 689.6 699.8 708.8 716.9 725.5 732.8 739.6 739.5 729.2 720.7 691.4 662.8 637.5 625.2 611.5 614.2 618.4 627.3 642.7 656.2 676.1 702.9 732.3 761.5 788.1 812.8 833.1 839.5 842.7 839.3 824.2 812.6 796.3 780.3 747.1 713.5 683.8 651.3 624.3 602.2 594.3 586.8 578.7 573.6 570.4 567.3 563.2 556.3 551.7 544.9 540.8
469.1 480.7 492.9 506.1 515.9 529.6 540.8 548.8 562.2 566.1 570.1 573.8 579.9 586.3 592.1 599.2 605.3 609.9 615.5 621.4 628.5 637.1 651 662.4 669.6 679.3 687.4 697.4 706 714 723 729.9 737.7 745.2 749.8 754.3 751.4 714.1 682.5 664.5 647.5 636.4 632.8 635.4 639.2 651.6 664.6 686.4 715 749.9 783.9 815.2 830.4 834.3 837.9 840.3 839.3 837.2 834.4 825.5 794.9 758.2 722.8 696.7 669.1 637.5 618.1 610.1 607.2 602 596.2 585.3 580.5 573.8 563.7 559.8 552.4 551.6
468.5 478.9 491.9 501.9 516.5 531 541.6 548.4 554.1 558.8 563.3 570.7 574 581.6 585.8 592.3 597.9 606 612.8 619.6 631.4 641.6 657.5 667.3 678.2 687.2 693.6 704 710 717.3 726.3 732.1 739.3 746.7 752.9 757.9 762.9 744.5 707.3 694.9 680.1 668.4 658.7 657.1 656.8 664.2 677.8 698.3 728.4 764.2 802.1 823.4 828.1 829.7 833.8 837.4 836.3 834.7 832.2 823.2 803.7 775.9 741.8 714 686.3 658.7 643.4 633.3 635.7 630.8 626.7 612.3 597.3 583.8 576.1 566.5 559.4 555.7
466.5 478.5 489.7 500 513.7 527.1 536 542.3 545.8 550.4 554.6 560.9 567 571.4 576.2 579.8 586.1 593.6 602.1 613.8 625.4 639.7 657.1 670.9 681.2 689.8 699.6 705.7 712.1 719 727.1 733 740 746.9 753.5 760.9 767.8 771.2 747.1 733.5 718 700.7 687.7 687.6 683.7 689.7 698.5 717.6 746.1 783.7 814.8 819.4 823.6 825.4 826.9 829.9 830.2 827.6 824.1 814.4 799.1 775.9 754 732 710.5 692.4 684.4 670 667.7 648.2 639.5 624.2 606.9 588.3 581 573.5 564.6 559.4
465.9 475.6 489.1 502 512.8 522.6 528.4 533.5 537.7 541.3 547.4 551 553.5 558 564.6 571.5 578.7 586 593.8 602.4 614.2 629 647.4 665.4 678.5 689.4 699.5 706.6 713.2 720.6 728.8 735 742.1 749.1 754.9 764.1 770.2 775.1 777.7 770.7 760.4 736.6 724.5 719.6 730.8 727.7 739.2 746.2 770.2 800.8 811.4 814.8 818.8 819.4 819.8 820 819.9 818.5 814.6 806 793.9 773.2 753.3 739.9 720.2 709.4 699.5 684.2 680.3 657.7 644.2 630.9 610.6 598.7 589.5 580.7 573.3 561.6
458 471.2 484.5 497.9 508.2 516.8 523.5 526.7 528.4 532.1 535 538.3 542.8 548 554.5 562.1 572.3 580.7 588.7 596.7 606.7 619.9 637.5 655.9 670.1 684.8 696.9 705.6 713.3 720.6 726.4 733.6 740.3 747.7 754.9 764 770 774 777.8 778.6 776.5 774.2 765.6 769.9 771.4 771.1 777.4 784.1 790.1 797.6 803.1 808.7 810.3 806.4 804.9 806.1 806.9 806.7 803.4 795.5 786 771.9 755.2 741 723.7 708.4 702.8 696.4 688.2 663.5 646.4 631.9 616.8 603.3 593.8 584.4 573.3 563.6
454.8 468.9 483.4 494.1 503.5 511 515.2 517.8 518.8 520.2 522.2 527.3 531.5 536.7 546.9 555.4 565.9 576.5 585.4 593.8 603 613.6 629.2 644.7 660.9 675.1 690.1 700.5 710.6 717 723.6 730.2 737 744.8 752.4 760.2 766.3 770.7 772.9 775 772.9 772.7 776 778.6 780.1 780.9 784 783.6 787.6 792.6 795.7 798.5 798 778.3 777.1 782.7 787 786.1 784.5 782.9 772 764.8 752.1 738.1 727.4 706.4 700.9 691.7 684.5 668.9 655.9 642 622.7 608.2 595.9 583.2 573.2 561.7
454.6 468.2 482 492.4 499.1 503.3 505.3 506.1 506.3 507.4 510.3 514.9 520.7 526.1 537 551.7 562.1 573.2 582.6 592.1 601 611.2 622.7 638.5 651.6 667.3 676.8 688.9 700.4 709 715 722 730.3 738.3 746.1 752.6 757.9 761 765.4 766.2 765.9 766.4 768.5 771.4 771.4 772.6 775.3 777.5 780.6 783.9 785.5 788.3 782.6 757.5 754.6 751 758.8 758.6 760.4 758.6 757.5 752.1 742.7 731.9 721.7 703.7 704.6 689.5 685.3 669.4 663.6 652.4 633.1 615.9 606.2 596.8 584.2 571.3
454.8 468.6 480.5 488 493.2 495.1 495.7 491.8 493.1 495.5 498.6 503.8 509.6 517.4 529.3 544.8 556.6 567.8 579.5 587.5 597.2 605.8 616.4 630.2 644.4 657.2 669.5 679 687.1 695.6 702.6 710.3 718.5 725.7 734.3 742.1 748 752.1 755.9 757.1 757.5 758.6 759.9 762.2 762 764.4 766.8 770.2 773.7 775.3 776.8 775.8 765.2 737.3 736.8 725.2 725.1 728.1 727.6 732.7 734.5 732.2 725.3 720.8 715 697.7 699.8 686.9 676.6 662.7 658.4 648.9 633.5 623.6 607.3 598.7 585.5 573.5
456 467.9 478 483.9 484.6 483.7 479.7 479.4 481 484.8 488.5 493.6 502.6 512 522.8 537.6 548.3 560.4 572.2 581.4 591.6 600.5 610.7 623 635.6 647.3 657.4 667.3 676.7 683.5 690.2 696.8 704.1 712.5 720.9 728.9 736.9 742.5 744.5 747 748.9 750.5 752 752.4 753.9 756.9 759.3 761.8 763.9 765.9 767.6 762.6 743.2 713 709.3 695.2 699.6 699 698.6 703.4 705.5 706.5 707 706.5 697.2 690.9 687.8 679.5 671.5 656.8 647.7 638.7 633.4 619.7 608.4 597.1 585 571.3
456.7 466.7 473.5 475.3 474.1 470.3 468 467.7 470.3 474.8 479.6 486.3 497.3 506.7 517.8 527.6 539.4 551.6 561.2 571.7 580.7 591 600.7 615.4 628.1 636.1 648.4 655.4 660.8 668.1 673.4 679 686.7 696 704.4 715.4 724.4 731.8 735 737.6 739.5 741.1 741.4 741.6 744.1 746.7 749.6 752.9 755.5 757.4 758.1 746.6 716.1 691.6 685.2 668.3 675.6 671.3 669.5 671.5 673.1 677 685.4 690.4 684.8 683.5 679.4 669 664.6 652.5 638.9 633.6 627.4 619.6 592.7 589.6 579.7 567.6
452.2 462.2 466.4 464.8 460.8 458.7 457.1 458.3 461.4 464.1 470.2 480.8 492.5 500 508 517.6 529.5 538.9 549.9 559.6 568.5 577 590 603.8 614.6 626 632.9 640.9 646.7 653.8 659.9 665.5 672.4 680.8 690.9 701.6 712.3 720.1 725.4 728.2 730.4 730.8 729.7 731.2 731.7 733 739.7 743.7 748 749.8 748.3 731.8 697.5 672.5 659.4 648.3 645.4 646.7 643.9 643.9 643.3 648.9 670 673.5 673.4 678.7 671.7 655.6 652.2 638.1 629.7 630.8 625.7 616.8 594.1 576.9 569.2 564.7
448.2 456.9 456 451.8 447.8 446.3 446.8 448.9 449.4 453.2 462.3 474.2 481.7 488.7 495.1 504.3 512.7 521.9 533.9 544.5 553.9 562.8 574.3 591.4 603.5 611.9 617.2 624.4 629.8 638.6 643.5 649.8 657.5 667.3 680 692.2 700.4 708.8 716.1 718.5 718.8 717.9 714.4 717.7 717.9 721.7 731 737 740.8 742.2 738.8 714.6 681.8 653.2 634 626.8 623.2 621.7 615.9 610.3 615.3 625.8 645.2 657.1 661.5 666.1 659 641.3 629.8 625.3 624.4 620.5 619.5 613.6 603 585.5 574.7 563.5
445.2 446.3 446.5 437.5 434.3 431.1 435.5 437.5 438.7 443.5 455.9 462.7 468 474.8 481.3 487.3 495 504.8 516.2 525.6 535.7 544.8 555.6 571.6 584.2 591.2 600.2 604.4 610.1 618.6 626.7 633.9 643.3 655.6 671.5 682.8 691.5 700.4 707.8 709.3 707.8 702.2 698.6 699.8 699.7 715.1 723.1 730.5 733.1 734.2 730.2 698.8 662.6 635.2 618.2 606.5 605.8 599.2 592.9 589.3 597.6 612.2 631.7 645.7 651.5 656.2 646.7 626.1 615.8 609.6 617.3 612.3 615.9 609.5 603.1 591.6 580.5 568.8
434.9 430.9 428.1 425.7 420.6 421.3 422.8 425.4 427.3 433.8 443.4 448.1 455.1 457.8 468 472.7 480.2 489.3 499.6 510.5 520.8 529.4 535.7 548.7 565 572.3 580.8 586.3 592.2 599.4 609.2 617.9 629.8 645.9 660.8 673.9 684.8 692.2 700.7 702.6 698.6 684.4 679 679.9 694.7 708.8 715.2 721.6 725.7 726.8 720.6 684.5 645.9 617.7 604.3 590.4 580.6 577.9 573.6 573.3 582.8 597.4 608.3 625.8 637.6 646.8 627.1 607.5 603 596.9 603.2 600.7 606.9 607.3 605 599.7 588 574.8
417.5 414.2 413.9 411.5 409.8 408.8 410.2 414 416.6 421.7 427.1 435.6 437.5 447.5 456.9 462.6 468.7 476.2 487.9 499.3 510.3 517.4 525.4 531.2 546.6 556.4 564.2 568.3 576.4 585.5 595.1 606.7 619 634.5 652.6 669.8 682 688.5 694 693.8 678.4 667.2 662.1 666.4 687.5 700.5 708.2 714 717.8 718.3 710.4 672 633.8 606.6 592.3 572.5 565.6 558.2 555.7 562.6 571.9 583.9 593.6 605.1 621.6 632.9 610.4 594.3 592 583.1 591.6 593.9 606.3 611.4 609.1 600.1 591.6 577.5
