public/OST50/NX75.asc
ncols 200
nrows 200
xllcorner 270000
yllcorner 550000
cellsize 50
[rows 0 to 34 of 200, columns 0 to 78 of 200]
90.2 92 96.1 99.7 106.3 112.4 112 121 124.3 115.3 107.5 102.6 95 87.1 86.9 81.6 78.1 74.5 72.3 67.6 63 57.9 59.5 60.2 55.6 53 53.4 51.6 51.5 51.7 53.5 54.4 54.1 52.2 53.1 55.9 52.8 53.2 53.1 53.5 53.4 52.1 51.4 50.6 47.6 45.6 46.3 48.1 52.1 50.9 45.3 45.1 45.8 44.4 46 47 47.1 46.4 46.3 45.8 46.5 44.4 45.7 46.9 46 44.9 44 43.5 39.8 39.8 42 50.5 63.5 60.9 59.2 58.2 57.9 53.4 53.3
91.6 92.7 94.6 99.4 105.6 109.9 115.7 120.4 116.4 109.9 106.1 95.9 88 80.4 80.4 78.7 77.3 74 71.1 65.5 61.6 59 57.6 56.4 54.5 53.6 52.4 51.2 51.3 51.1 52 52.5 52.4 52.8 52.4 53.7 52.7 51.1 53.8 52.7 51.6 51.6 50.1 49.6 46.6 45.5 45.9 47 49.1 47.4 45.3 46.4 45.3 45.6 48.6 48.4 47.2 46.4 45.6 45.4 44.2 45.1 45.9 45.7 46 43 39.8 39.8 39.8 49 57 63.1 65.2 62.6 59.2 57.1 56.1 53.8 53.9
91 92.1 93.3 98.3 104.7 108.5 114.3 114.8 112.3 103.5 96.9 90.6 82.1 79.8 79.2 79.2 79.1 77.4 73 65.6 59.5 58.1 56.1 54.4 52.9 52.3 51.2 50.7 50.9 51.7 51.1 51.1 52.1 52.1 51.6 53.5 50.2 52.5 51.4 51.5 50.7 49.8 48.8 48.2 45.5 45.7 44.7 45.1 46.1 46.9 47.3 44.3 44.6 45.3 48.6 48.3 46.8 46.4 44.5 43.8 44.7 44.1 44.6 45 39.8 39.8 42.1 47.9 54.3 60 62.2 59.4 61 60.1 59.1 57.1 55.8 55.9 55.8
91 91.1 92.3 97.8 103.6 107.3 111.8 112.3 106.8 99.4 93.6 87 77.9 78.5 78.7 82.2 83.2 82.1 73.8 65.2 60.3 58.7 56.9 54.6 52.5 51.4 51.5 51.9 50.6 51.6 50.9 51.4 51.3 51.2 54.4 55 49.3 52.6 51.3 51.3 51.1 50.2 47.8 45.9 45.2 44.9 45.1 45.8 45.6 46.5 47 44.6 44.3 45 47.2 47.1 46.5 45.3 43.9 42.6 42.7 41.6 39.8 39.8 39.8 44.3 45.3 51.2 56.6 61.1 58.2 55.1 58.2 59.5 58.5 58.5 57.5 57.8 57.8
90.1 90.1 90.6 96.3 102.4 105.4 108.7 107.4 102.2 96.7 90.5 77.8 76.6 77.1 78.9 84.2 84.9 83.2 72.5 63.8 61.1 59.4 58.8 55 53 52.1 53.2 54.7 51 49.8 51.2 51.9 50.3 50.9 52.3 53.2 48.7 51 51 51.1 49.2 48.2 46.1 44.8 44.7 44.6 44.9 48.5 45 46.7 44.8 45 44.5 45 47.1 46.3 44 39.8 39.8 39.8 39.8 39.8 39.8 39.8 44.8 45.2 45.5 48.3 55.5 57.3 53.8 54.5 57.4 58.7 58.7 59.3 59.9 59.1 60.4
89.3 88.8 90.8 95.7 101.5 104.3 104.2 103.3 99.7 94.4 87.3 76.5 76.1 77.3 79.1 86.1 88.4 84.3 70 64.4 64.7 63.2 61.3 58.6 54.4 53 52.3 52.4 50.4 50.1 49.5 50.9 50.9 50.4 50.8 51.1 49.4 49.9 49.4 48.9 49.1 47.8 45.7 44.3 44.4 44.3 49.2 51.6 45.1 45.7 45 44.6 44.8 45.8 45.1 43.5 39.8 40.9 40.9 40.7 39.8 39.8 42.8 44.3 45.3 45.3 45.3 46.7 52.1 52.6 52 55.2 58 59.5 59.6 60 62 60.6 60.7
88.3 88.8 93.6 97.3 102.3 101.6 101 99.6 95.1 90.3 77.6 76.5 76.4 80.3 85.1 89.4 87.8 80.9 70.4 70 71.3 70.1 66.2 62.4 57.3 54.9 54.7 55.2 51.1 50.9 49.8 49.1 49 50.2 50.6 51.3 50.6 49.8 47.2 49.2 50 52.9 44.9 43.6 44.1 43.9 51.2 52.9 45.7 45.1 45.6 45.9 44.2 42.4 44.5 39.8 40.9 40.7 40.9 39.8 41.6 42.6 44.2 45.1 47.2 47.2 46.1 46.6 48 49.9 52.8 54.7 57.7 60.1 60.9 60.4 61.7 61.5 62.3
88.2 91.4 93.8 99.3 100.2 98.3 95.4 90.6 88.1 79.1 77.3 77.9 83 93.4 89.4 86.7 83.8 72.1 72.6 75 78.5 72.8 69.1 63.5 59.7 55.7 55.2 54.7 51.9 52.1 52.5 51.7 49 49.9 50.5 51.3 53.2 52.8 51.9 53.5 49.1 47.4 43.6 43.2 43.9 49 52.3 51.2 45.8 45.4 45.7 44.6 43 42.1 41.3 41.3 41.2 40 39.8 41.4 42.1 44.6 46.1 46.8 46.4 47.2 47.3 47.1 47.8 49.4 52.8 55.4 58.6 60.8 61.7 60.8 62.5 63 64.2
88.9 91.7 93.6 98.2 96.8 94.6 88.6 87.2 82.1 77.4 78.8 80.9 80.5 87.2 87 85.9 81.4 73.9 75.9 78.8 81.2 77.5 72.9 69.1 64.4 60.7 58.4 56.2 56.2 52.9 52.1 50.2 48.9 48.5 50.6 51 53.1 52.4 52.1 49.8 46.7 44.5 42.4 43.8 51.1 52.9 51.9 47.2 46.1 45 43 43.7 42.8 41.1 39.8 40.6 41.1 40.4 41.7 44.4 46.2 45.6 46 46.3 46.4 47.5 47.2 47.8 51 52.5 54 56.6 59.5 61.3 61.7 62.6 63.2 66.3 68.2
88.6 90.2 95 96 91.8 89.9 88.4 85.2 77.5 74.5 76.5 78.7 82.8 88.4 88.6 85.7 76.3 75.6 80 82.2 80.9 79.5 75.5 73.7 70.7 64.4 61 60.4 57.8 55.7 53.7 52.3 50 48.4 51.1 50.1 52.8 50.1 48.6 49.3 50.1 43.6 43.6 50.3 56 53.6 47.9 46 44.8 43.6 42.1 41.4 41.3 38.5 40.4 38.5 38.5 42.8 44.4 46.9 46.4 46.1 46.8 46.3 46.4 46.9 47.2 48.5 50.4 52.9 55.1 57.3 59.5 61.7 63.2 64.3 64.9 65.4 66.6
87.9 89.8 92.4 92.2 89.8 88.6 86.3 80.2 74.9 73 74.6 77.9 83.6 88.4 88.5 83.4 76.6 78.8 80.5 79.6 79.3 79.8 77.1 73 69.1 63.1 63.8 61.7 58.9 57.8 55.5 53.2 51.4 49.9 47.3 50.7 48 48.1 49.3 48.6 45 42.8 46.6 52.8 54.7 46.2 43.8 43.1 43.4 43.2 40.8 41 38.5 38.5 38.5 44.3 46.8 44.5 45.1 46.5 46.4 46 46.7 47.2 46.9 46.7 48.2 49.6 51.7 53.8 56.2 58.1 59.6 61.6 63.5 64.4 64.8 65.2 66.6
87.3 89.9 90.2 89.2 87.7 85.7 82 76.1 74.1 72.6 73.7 76.2 82.1 86.5 88.5 80.5 80.8 81.6 78.7 81.9 79.8 78.6 72.4 70.8 71.5 69.1 67.5 67.2 64.5 60.7 57.4 54.2 50.6 49.8 49.9 45.6 46 46.7 49.6 48.4 42.9 45 48.3 51.8 46.7 43 42 41.5 41.7 41 41.5 38.5 38.5 41.7 48 46.8 46.8 44.7 45.8 46 46.5 46.3 46.9 47.5 47.6 47.7 50 54 54.9 55.1 56.7 58.4 60.4 61.7 63 63.1 65.1 66.3 66
84.9 87.9 88.3 86.4 84.9 82.6 77.2 74.5 73.4 71.5 72 73.1 81.8 85.4 86.2 81.9 83 82.8 79.9 80.2 79 76.9 75.3 74 72.3 72.8 70.9 67.9 66.2 63.4 60.1 55.1 50.6 47.8 47 45.6 45.6 46 47 46.3 41.8 42.4 43.6 44.5 41.4 40.3 41 40.7 41.5 41 38.5 38.5 42 44.3 48.3 46.8 45.5 44.6 46.4 47.4 47 46.9 47.4 48 48.5 52.3 57.8 62.5 61.2 57.1 57 58.1 60.1 62 63.2 63.9 65.4 65.8 63.3
83.2 86.2 86.1 84 81.4 77.1 74.4 71.6 71.3 70.2 70.8 73.8 80.2 84.1 84.1 83.3 83.9 81.5 79.1 79.3 77.4 75.2 73.8 72.9 73.8 76.1 75.1 71.5 68.7 65.2 60.7 54.5 49 47.2 47.5 47 46.5 45.7 45.5 42.5 42 43.2 42.4 39.9 40.2 40.3 40.4 41.4 41.2 38.5 38.5 42 43.7 44.4 47.5 47 45.4 45.7 48.9 48.5 47.3 47.9 49.1 50.1 50.9 56.9 61.5 66.6 66.1 60.3 57.4 57.6 59.4 62.1 63.3 64.4 64.7 63.9 63.3
80.4 83 82.2 80 76.2 73.4 71.6 71.7 69.5 69.7 71.8 79.1 79.6 82.8 84.2 89.4 88.3 80.2 77.6 76.8 75.6 74.2 72.4 73.1 76.7 82 78 72.5 67.5 61.2 55 52.9 49.4 47 47.8 46.2 46.1 45.9 43.8 43.6 41.2 41.9 41.7 41.5 40.5 39.9 40.4 41.6 38.5 40.3 42.8 43.2 44 46.4 46.7 45.8 45.8 47.7 49.2 49.2 48.9 49.6 50.4 50.8 50.6 59.6 64.5 70.6 67.8 61.9 58.3 58.4 59.4 63.4 62.7 63.4 64.2 61.3 64
77.2 80.5 76 77.3 71.7 70 70 70.6 69.9 70.1 73 78.5 78.8 80.7 85.3 88.3 84.9 77.1 76.5 75 74.1 72.4 69.6 73.5 78.7 81.8 76.9 70.2 65.4 58 53.7 52.3 49.6 46.9 47.1 46.2 45.3 45 43.8 43.4 43.9 43.2 41.4 41.6 38.5 38.5 38.5 38.5 40 41.5 43.6 43.6 44.3 45.7 45.8 45.6 46.7 48.8 49.6 50.1 50.2 50.3 51.3 53.4 51.4 60.7 66 71.2 67.6 62.3 57.8 58.5 60.7 64.4 62 63.5 60.4 62 64.3
77.1 72.7 66 71.6 69.2 67.7 69.4 71.6 69 70.1 74.9 76.1 76.8 79 81.6 82.2 79.4 74.6 74.2 73.3 72.6 70.2 68 71.9 76 77.1 74 66.5 62.5 60.5 56.9 51.9 47.3 46.9 46.3 45.9 44.7 42.7 41.2 41.1 41.9 43.1 40.6 41.5 38.5 38.5 38.5 40.2 41.5 42.1 42.6 43.3 44 45 45.3 46 47.2 49.1 49.9 50.3 51 53.1 54.2 54.7 55 59.7 66.4 71.6 66.2 59.1 57.9 59 61.7 65.2 63.2 62.4 60.9 62.4 62
76.3 75.5 64.4 65.4 67.7 72.6 72.3 68.9 67.7 70.3 72.6 72.9 79.5 79.7 83.7 82.4 77.6 72.4 72.2 70.9 70 67.7 68.5 70.7 74.3 75.2 69.8 65.7 63.3 56.7 52 47.7 45.2 45.1 45.8 46.3 45 42.6 41.8 41.5 42.1 42.9 41.1 40.1 38.5 38.5 40.1 41.3 41.4 41.7 43.2 43.8 44 45.3 45.6 46.9 47.6 48.6 50.4 51.1 51.9 54 55.9 56.2 58 58.4 63.4 67.1 61.4 58.3 57.9 58.9 62.2 65.6 62.9 60.4 62.4 66.2 66.8
73.6 73.4 64.6 62.5 70 75.7 74 69 67.6 70.1 70.1 74.6 78.1 80.6 82.2 81.3 73.2 70.2 69.2 69.6 68 66.2 66.5 69.3 75.3 71.9 68.3 62.7 61.1 53.6 49.2 45.7 45.2 43.2 44 45.9 45.4 43.8 40.9 40.5 40.2 40.4 40.1 41.2 38.5 39.6 40.8 41.8 41.2 41.6 43.1 44.3 44.4 45.2 46.5 47.1 48.2 49.2 51 51.2 52.2 55.6 56.2 60.3 59.9 62.1 59.6 60.4 59.7 58.5 58.7 59.9 62.8 65.7 60.5 61.4 67.1 68.5 67.3
71.1 68.6 61 64.3 70.4 74.5 71 66.4 67.2 68.4 66.6 73.9 77.5 80.4 80.2 75.5 67.7 67.1 69.4 69.7 67.2 65.3 66.9 70.1 72.7 69.7 63.4 60.2 55.1 50.4 45.6 43.4 41.3 45.2 44.8 46.5 42.7 41.5 40.8 40.8 40.3 40.5 43.7 41.6 38.5 39.9 41 41.5 41.1 41.4 42.8 45 44.5 45.1 46.4 47.1 48.3 49.5 50.6 51.6 53.4 56.3 56.7 60.1 61.8 61 57.7 59 58.8 58.4 58.8 59.5 63 62.8 60.3 66.2 68.4 68.1 66.9
68 64.7 60.3 62.4 68.3 69.4 65.2 64.9 65.2 69.2 69.2 73.1 77.2 76.7 75.9 68.1 67.5 66.7 68 69.5 65.9 64.7 66.2 70.8 71 67 60.8 54.6 49.5 43.5 41.2 41.7 41.6 42.4 42.2 42.3 43.5 42.6 43.3 42.5 40.6 44.6 47.5 44.6 38.5 40.1 41.3 41.2 41.3 41.5 42.6 43.4 44.5 45.6 46.2 47 48.1 49.6 50.4 50.7 53 55.9 58 61.3 63 62.3 57.9 58.2 57.9 57.2 57.5 60.3 63.6 61.4 62.6 66 68 69.7 66.2
66.4 62.3 60 60.9 66 64.3 62.9 64.4 65.6 63.3 68 71.9 74 75.3 69.9 68.5 67 66.3 66.6 67.7 63.8 65.2 67.3 68.7 68.4 61.5 52.1 44 42.9 42.2 41.6 41.9 42.9 45.2 43.1 47.1 44.9 44.2 44 42.2 41.4 44.4 49.7 47.2 38.5 39.9 41.2 41.2 41.3 41.4 41.9 43.1 44.8 45.3 46.4 47.1 48 50.4 50.3 51.4 53.6 54.8 60.8 61.4 63.2 60.6 59 57.6 57.2 57 57.7 60.2 62 60.2 66.1 66.2 66.4 67.5 67.9
63.3 59.6 57.9 58.8 61.4 62.6 68.1 61.2 62.2 65.3 68.7 71.6 74.7 73.2 70.1 67.3 65.7 65.4 67 65.3 64.1 65.5 68.3 68.2 60.4 51.7 45.1 43 42.9 42.9 44 45 47.2 48.6 47.8 46.1 45.6 45.2 44.8 42.2 42.7 45.2 50.1 45.8 39.8 38.5 41.1 41.3 41.5 41.6 41.5 43 44.6 45.1 46.4 46.9 48.5 49 50 51.5 54.1 56.8 59.8 60.4 60.6 60 58.5 57.8 57.4 56.4 57.5 61.3 59.2 61.6 64.9 66.7 67.8 67.3 66.3
61 58.2 56.9 56.5 59.2 61.8 64.4 59.7 61.3 66.5 69.4 71.8 70.9 71.6 68.8 67.4 65.2 66.6 65.6 64.2 66.5 66 65.7 57 47.1 47.2 49.8 51 46.3 44.8 45.4 46.6 49.7 50.5 50.1 49.2 47.9 46.9 43.3 41.7 43.6 46.2 48.9 44 41.3 38.5 40.6 41.2 41.2 41.3 41.5 43.2 44.3 45.1 46 47.3 48.2 48.7 50.3 51.9 54.3 56.6 59.7 58.2 58.6 60.1 58.1 57.3 56.8 56.9 58.1 58.6 59.3 64.2 63.6 65.7 67.6 66.5 66.2
60.2 57.4 56.4 54.6 57.5 59.8 58.3 57.4 65.9 67.8 69.6 70.8 70.9 68.4 67.4 63.9 64.9 66.7 64.5 65.4 67.3 60.7 55.6 50.7 50.5 52.6 55.4 52.4 50.2 46.3 46 49 51 55.9 52.5 48.8 46.3 45.4 41.5 43 43.8 46.1 46.6 43.4 41.9 38.5 39.7 41 41.1 41.2 41.8 42.8 44 44.9 45.3 45.8 46.7 48 49.5 51.7 54.6 55.8 58.3 60.3 60.6 58.7 56.9 58 57.5 57.3 58 58.3 64 65.7 66 64.5 67.1 67.1 66.2
61 57.3 55 53.2 56.4 57.5 58.1 56.3 64.6 67 69.4 72.9 71.1 69.9 63 59.5 63.8 65.4 62.7 61.2 59.5 56.1 52.7 53.5 58.5 55.2 53.6 52.4 51 46.5 47 48.9 57.6 57.1 51.3 47.4 46.5 45.1 42.2 43.4 44.2 46.1 45.4 43.7 44.2 38.5 38.5 41 41.1 41.3 41.9 42.6 41.8 43.2 44.6 45.9 46 47 49.5 52.2 54 55.4 55.3 57.4 55.4 56.4 56.2 57.2 57.6 57.2 56.9 59.1 64.5 65.5 66 66.3 66.6 67 66.4
54.5 55.2 52.1 53.3 56.8 57.9 57.6 60.4 65.5 66.8 69 67.3 66.3 66.3 59.5 57.4 57.6 59.5 56.6 57.3 59 56.8 56 60.4 59.7 56.8 52.3 51.1 49.4 47 47.5 53.5 56.3 56.7 55.3 49.9 47.9 43.1 42.7 43.8 44.2 46 44.1 43 43.4 40.1 38.5 40.7 41.1 40.8 41.1 41 42.7 44.7 45.8 46 47.7 48.6 46.8 50.6 54.2 54 56.3 57.4 57.3 56.5 56.7 57.1 57.4 56.9 59.2 60.1 65.8 67.4 66.8 68.5 66.6 67 66.7
52.3 52.8 50.8 53.4 56.9 57.9 55.8 62.9 63.4 63.6 66.6 61.7 60.4 58.4 55.8 55 55.6 56.1 56.7 57.1 57.1 59.6 60.5 59.9 56.7 53.2 51.3 51.1 53.2 51.1 54.3 56.5 57.8 58.4 54.6 49.5 46.9 43.4 43.6 43.8 44.2 44.9 43.7 42.9 42.7 39.5 38.5 38.5 40.5 40.7 40.5 41.5 42.4 44.8 46.5 46.9 48 48.4 49.8 48.9 54.8 56.8 57.8 58 57.5 56.5 56.8 57.1 57.9 57.4 58.8 61 65.2 69 71.5 68.7 67 66.7 67.2
49.1 51.8 51 58.1 57.2 58.4 54.8 59.6 57.5 60.2 58.6 59 58.2 54.2 54.6 54.1 55.5 56.2 63.9 61.8 58.7 60.2 64 59.4 54 52.6 52.1 53.9 56 55.6 55.7 57.2 60.6 57.4 52.3 49.1 47.6 43.7 43.6 43.7 43.9 44.5 43.9 42.9 43.9 41.2 38.5 38.7 41.7 40.5 41.3 41.9 42.4 45.1 45.9 47 47.6 49.1 49.5 52 56.1 58 57.2 56.8 56 56.5 56.8 57.1 57.9 59.4 62.1 63.4 67.6 71.5 71.9 70.4 68.8 68.1 67.8
48.6 51.4 51.9 55.7 55.1 57.4 55 55.6 52.7 53.5 54.2 54.3 54 53.7 53.1 53.4 55.7 56.8 67.7 66.3 63.8 62.6 63.6 58.6 53 53.3 53.4 53 52.4 54.8 57.9 59.3 58.4 54.7 50.4 47.9 43.5 43.4 43.8 43.6 43.5 44.6 44.2 43.5 43.4 41.5 38.5 38.5 41.5 41.7 40.9 42.2 41.9 44.1 45 47.2 49 50 52.1 55.2 57 57.1 57 56.9 56.7 56.6 56.8 57 58.3 62.9 64.7 68.3 69.2 72.3 72.8 72.8 70.9 69.3 68.3
49.9 50.2 51.8 56.1 56.6 54.6 53.3 54.1 57.5 55.7 53.5 53.2 53 53.2 54 54.4 59.7 59.8 68 66.3 63.9 64.4 60.2 58.4 55.3 55.7 57.2 57.4 53.1 57 57.3 57.1 56.3 55.1 50.6 47 42.8 44.7 42.7 43.7 43.4 44.3 43.6 43 45.3 45.8 41.1 38.5 41.2 41.9 42.6 41.5 41.8 42.8 46 47.1 50.3 50.8 52.9 56 57.3 58.3 57.1 56.9 57.9 57 56.8 61.6 67 70.1 72.5 70.7 71.5 73.5 76.1 75.3 72.1 70 69.1
47.4 50.6 50.3 53.7 52 51.4 51.8 59.6 59.6 54.9 52.5 52.6 53 56.1 55.1 57.3 61.7 62.7 68.2 65.6 64.4 63.5 62.6 58.5 57.2 59.1 60.5 59.1 57.3 58 58.1 57.4 56.2 52.9 50.6 43.7 42.8 44.9 45.3 45.8 44.7 44.4 43.4 44.2 45.2 44 40 38.5 41 42 43 44.1 42.2 42.4 45.8 47.3 51.1 50.7 53.1 56.5 58.1 58 56.9 56.9 57.2 56.7 57.2 65.8 70.6 74.3 78.4 74.5 73.5 74.2 76.5 76.1 74.3 73.6 70.8
49.1 48.9 49.2 51.2 53.5 51.8 53.3 59 58.7 57.9 52.8 53 61.5 58.5 56.4 59.1 64.6 65.4 70.1 67.6 66.7 66.8 63 59.6 58.1 60.9 62 57.1 57.4 57.5 57.8 57.4 55.1 51.6 47.9 43.1 45 45.4 45 44.1 44.3 43.3 42.3 43.7 43.8 42.1 39.6 38.5 41 42.3 43.2 44.3 44.3 43.4 43.9 49.1 50.9 52.2 53.5 57.8 58.8 57.7 56.9 61 58.2 57.3 59.6 69.5 73.9 77.5 83.2 76.3 75.3 75.7 76.2 77.3 76.5 73.9 73.3
46.1 47.3 53.2 54.8 54.2 52.8 55.2 58.1 59.1 61.1 59.2 62.5 68.4 64.1 58.3 61.7 66.2 68.6 72.3 69.3 69.4 66.4 62.6 60.8 58.2 58.7 59.7 58 58.1 57.6 58.3 57.5 54.9 51.5 45.8 43.2 44.9 44.2 43 43 43.4 42.3 40.2 39.7 41.4 39.9 38.5 38.5 40.9 42.4 43.2 44.6 44.4 42.7 43.2 47.4 50.5 52.9 53.5 56.9 59.7 58.8 57.1 59.6 57.7 58.9 66.4 71.2 78.8 83.8 86.1 77.2 76.9 79.2 77.1 78.7 78.4 75.8 76.8
47.3 51.4 55.9 56.7 55.8 57.9 57 58.2 64 64.8 69.5 69.3 67.8 64.1 63 63.3 65.4 69.9 73.4 69.7 64.4 62.5 62.2 59.7 58.4 59.4 58 62 61.7 60.1 58.4 57.4 53.8 49.8 42.6 42.6 44.5 43.4 42.6 42.7 41.4 38.5 38.5 38.5 38.5 38.5 38.5 41.4 42.1 42.6 43.3 45 44.8 44.6 46.8 47.4 50.7 54.7 55.4 58.2 59.5 61.9 60.1 60.4 60.4 67.4 76.5 77.9 79.6 82.8 82.3 78.5 78.8 80 79.2 78.9 80.2 79 79.1
