public/OST50/NX75.asc
ncols 200
nrows 200
xllcorner 270000
yllcorner 550000
cellsize 50
[rows 140 to 174 of 200, columns 79 to 157 of 200]
138.1 137.1 136.1 137.5 142.1 143.4 144 145.8 147.1 148.9 148.1 146.6 146 147.2 149.9 156.4 164.1 171.6 179.5 190.5 199.6 209.8 216.7 223.9 233.2 237.6 247.3 255.9 258.6 249.3 227.7 208.9 196.8 183.9 170.3 167.2 167.4 161.7 152.7 150.1 147.8 142.8 139.5 134.2 129.3 122.9 117.8 113.6 109.8 103.5 103.8 101.5 98.8 95.5 94.4 95 92.7 84.5 91.5 98.6 103.8 112.8 123.5 134.7 145.9 147.3 145.6 139.8 137.5 135.2 137.2 137.5 140.4 144.3 144.9 147.7 147.1 139.9 133.5
136.1 135 138 141.2 141.3 143.4 144.5 145 146.9 148 146.4 146.8 145.8 147.5 149.5 152.9 160.1 168.6 178 193.7 201.1 214.9 230.3 230 235.7 239.9 246.6 255.8 259.8 249.1 230.4 214.9 200.8 189.4 178.1 175.3 175.9 173.4 165.4 156.1 151.1 147.9 143.3 138.2 133.4 128 122.1 117.3 113.6 107.7 105.7 105.9 105.2 97.4 95.5 95.7 98.5 97.4 83.7 87.8 93 99.4 110.2 117.7 120.9 126.5 131.7 133.3 130.5 128.2 129.5 131.1 131.2 133.1 134.7 140.3 145.6 143.7 132.6
133.5 135.7 137.2 139.5 139.8 141.4 143.6 145.3 147.9 149.8 147.5 145.4 145.7 146.2 148.1 153.5 159.6 169.8 179.1 195.8 205.4 216.4 231.9 245.9 242 240 241.8 255.9 257.4 250.4 235.3 223.9 205 199.3 185.6 183.2 183 179.7 175.2 167.1 159.5 152.3 146.4 142 137.2 132.5 127.3 122.5 118 111.7 109.8 109.4 111.5 103.4 98.8 97.7 101.4 101.1 96.9 84.8 82.2 89.9 97.8 104.4 105.9 107.8 113.4 116.9 119.6 118.8 122.2 123.1 122.5 128.5 130 134.7 140.5 142.8 138.5
132.7 135.1 136.2 139.2 138.9 139.4 141.8 143.4 144.9 146.3 146.8 146.7 145.9 145.7 146.6 153.2 157.7 165.5 177.9 194 209.9 213.8 224.5 247 254.9 250.2 243 245.2 253.6 248.1 242.3 224.7 214.3 206.3 191 191.5 191.3 192.4 184.5 178.3 166.6 158.5 150.8 144.9 140 136.6 131.2 126.4 121.4 115.9 113.6 112.9 114.6 108.8 106.5 102.7 103.1 103.3 99.9 94.3 83.4 83.1 88.1 91 96.6 97.7 99 103.5 107 106.6 110.5 111.8 113 118.1 122.9 126.9 134 137.5 136.3
132.2 135.2 136.4 137.3 137.7 140.8 145.1 141.2 142.7 143.2 145.4 147.8 146.7 145.6 145.4 150.9 159.5 164 174.9 187.1 204.1 214.2 221.1 231 252.1 254.8 265.9 253.3 252.4 248.2 238.5 232 224 214.7 201.8 205.4 200.6 207 202.2 191.4 181.2 172 164.6 154 144.9 139.5 135.6 128.1 123.2 119.5 118.1 118.4 117.7 114.8 113.1 109.5 104.9 104.9 104.6 99.2 91.5 79.5 86.1 88.2 87.7 90.6 91.7 94.7 96.5 97.8 101 106.3 108 112.8 115.5 116.2 122.1 129.5 131.3
131.7 133 136.7 137.8 137.9 142 146.1 143.5 140.2 142.4 147.4 151.3 148.7 145.9 145.3 149.2 156.7 166.9 169.9 185.8 198.2 212 220.9 224.8 238.1 249.7 263.1 269.4 254.6 251.3 247.8 238.7 230 221.5 209.7 211.2 210.7 217.8 216.5 202.7 193.5 183.4 176.2 164.2 155.8 145.1 140.1 135.7 130.2 125.1 124.3 125.1 123 120.8 118.6 116.5 109.8 106.2 102 102.7 97.9 85.7 76.8 83.1 82.8 84.5 88 89.2 90.5 91.9 92.6 95.9 100.6 102.5 109.7 113.4 112.1 114.7 119.5
132 133.1 135.2 137 139.1 142.5 147 144.1 139.4 143.2 147.9 152.9 151.8 146.9 146 147 156.6 165.8 168.1 179 198.4 204.3 216.4 222.5 231.2 241.4 249.3 260.2 260.2 256.2 255.7 248.8 246.3 242.3 222.6 218.5 218.2 224.5 224 215.1 201.9 194.9 187.2 176.4 164.6 157.2 147.5 141.3 137.1 132.9 130.8 130.3 128.3 126.1 123.9 119.7 112 108.6 105.1 101.8 98.7 95.6 84.8 76.9 76.4 77.7 79.9 83.4 88 87.5 87.1 89 90.9 91.5 94.2 100.2 102.9 103.9 105.8
131.9 135.1 134.3 135.5 138.4 141.8 145.2 143.6 138.8 143.1 147.8 152.5 154.7 148.8 146.1 147.3 153.8 158.8 167.5 169.1 183.6 200.6 210.9 219.7 220.4 232.5 240 250.9 259.4 258.5 255.1 252.8 255.1 254.6 237.3 229.3 231.2 232.7 228.4 221.2 210.2 203.9 194.7 186.6 175.5 164.9 160.3 149.2 145.4 139.7 137.9 135.7 133.5 131.4 129.2 123.8 121.1 113.4 109.2 103.3 100.9 97.4 89.6 81.4 77.2 71.6 75.8 79.2 80.7 82 82.1 82.7 82.9 83.9 86 90.9 94.6 97.7 95.4
132.6 136.2 136.1 137.3 138 140 143.2 141 137.4 142.2 146.1 150.4 154.1 149.8 145.7 145.9 146.5 156.5 160.2 166.5 177.2 190.1 200.4 208.4 216.1 215.1 227.3 247.6 256.4 263.3 252.3 249 258.5 260.2 248.7 239 237.7 245 238.9 226.4 220.5 213.2 202.6 192.5 183 174 167 158.8 151.6 147.5 143.8 141.4 138.9 136.6 130.2 130.7 125.6 120.9 116.1 108.9 104.2 100.4 96.1 91.4 85 78.8 69.8 73.5 74.2 76.9 77.6 77.4 77.4 78.7 79 82.5 85 85.2 88
132 136.1 137.1 136.8 137.1 138.7 138.8 137.6 137 140.5 144 146.3 148.7 147.6 145 145.8 147.9 151.4 157 163.2 173.2 184.4 187.7 199 204.2 209.7 213.6 229.7 253 258.3 253.6 248.1 254.9 264 257.8 254.5 247.9 255 248.7 233.9 227.9 220 211.6 202 189.4 180.5 172.3 165.5 159.6 154.1 148.5 146.3 142.6 140.8 137.3 134.8 131.2 127.2 121.3 115.6 112.4 106.4 101.9 99.4 95.1 87.3 79.4 70.7 70.1 71.1 71.7 74 74.2 73.9 75.9 78.1 77.8 78.4 80.2
136 135.9 137.9 138 137 136.8 137.1 136.3 136.5 139.8 140 142.6 142.8 145.4 145.7 146.1 146.7 148.7 154.8 159.7 160.1 167 180.7 190.6 198 203.7 211.1 216.8 234.1 250.9 247.2 247.8 251.2 262.8 262.8 263 255 258.1 253 248 237.4 227.6 215.2 205.9 196 185.5 177.9 171.9 167.3 161.8 157.7 150.8 148.8 146.8 142.4 139.1 135.8 132.4 128.6 123.1 117.7 114.2 110 103.9 96.5 95.9 90.6 86.3 80 75.2 69.7 68 68.3 71.2 70.6 72.2 73.2 73.8 74.7
137.7 137.6 136.6 136.7 135.8 135 135.3 135.6 139 138.6 140.3 143.1 144 144.9 145.8 148.1 147.7 149.5 147.9 152.6 156.9 166.3 180.6 188 197.8 199.8 208 217.6 217.5 240.2 245.1 256 256.9 254.7 260.7 264.3 258.3 261.8 269.2 263.6 246.7 236.6 220.9 211.6 204.2 191.5 185 178.1 172.4 170 165.4 158.7 154.2 151.1 148 144.7 140.7 137 133.6 128.7 125.6 120.8 116.3 112.2 106.1 101.8 97.9 94.6 90 84.4 79.2 75.7 71.9 69.1 66.4 65.8 67.6 69.3 68.8
135.5 137.4 135.2 135.5 135.3 134.9 135.2 135.5 136.9 140.5 140.2 143 144.7 144.7 146.3 146.4 148.2 146.9 147.5 148 155.9 163.8 177.8 187.9 195.5 196.7 201 209.6 216.9 224.5 237.7 247.8 261.7 266.2 257.5 263.7 264.3 258.4 274.5 270.8 262 237.2 232.5 226.9 206 195 188.5 183.5 177.8 174.9 170.2 168 164 156.3 152.7 150 145.8 142.3 138.3 134.2 131.4 127.5 123.2 119 115.4 110.9 105.5 102 101.2 94.9 89.5 81.4 78.2 74.5 70.7 65.2 65.6 65.5 66.4
135.6 134.2 135.5 135.5 134.6 134.9 135 135.2 135.9 138 140.2 145.5 148.9 146 146.4 147.2 146.9 147.6 147.1 148 151.3 160.6 166.8 178.3 185.2 192.4 198.7 207.7 217 226 233.5 241.9 254.4 262.8 257.9 264.5 264.4 259.1 273.1 273.1 262.5 247.4 229.9 227.7 216.3 204.9 191.3 187.4 181.8 177.8 176 173.9 169.2 163.8 157 153.5 149.9 146.4 142.2 139 136.3 132.2 127.3 123.7 119.4 115.4 110.5 105.6 103.4 99.8 96.5 88.5 81.5 76.1 72.8 69.2 64.6 63 63.1
135.6 135.9 134 135.4 136.9 136.3 135 135.2 136.8 137.5 141.1 145.8 151.3 147.6 146.8 147.3 146.9 147 151.5 149.6 151.2 154.4 160.1 169 178.9 189.2 198.5 201.1 212.3 220.4 233.8 242.9 248.5 259.1 259.4 264.7 265.7 262.3 265.6 274.5 266.3 256.4 244.4 233.9 223.2 213.6 197.4 194.5 186.1 180.6 177.1 178.4 175.2 170.5 164 157.6 154.1 149.9 146.7 143.3 140.7 136.9 131.3 126.7 122.8 119.5 114.1 109.3 106.5 104.1 97 92.9 87 82.1 75.9 71.6 67.1 64.2 61.3
132.7 136.3 139.9 135.7 136.3 138.6 137 135.3 137.5 138.2 138.6 144.6 151.4 148.9 146.9 147.6 147 146.5 148.6 149.4 146.2 150 154.5 161.3 171.5 188.9 191.1 197 207 218.2 230.8 241.6 250.6 255 260.1 260.3 261.7 264.4 258.6 275 270.1 261 251.4 247.3 232 222.8 212.8 200.3 196.5 188.4 180.3 179.5 179.2 180.1 171.3 162.9 157.3 153.1 148.8 146.5 144.2 140.9 136.3 131.7 126 121 116.1 111.4 108 105.5 100.2 93.8 88.8 83 79 74.3 69.7 66.9 64.1
130.6 133.2 138.3 138.4 138.2 137.5 137.4 137 136.1 136.9 139.6 142 148.4 147.3 145.6 147.2 147.7 147.1 146.9 146.4 146.6 146.1 150.2 157.9 168.2 180.8 186.5 193.3 204.2 217.2 236.7 246.6 253.5 254.7 254.8 253.1 250.9 253.1 256.8 274.9 275.3 262 251.9 248.6 242.8 230 215.9 203.3 197.5 190.8 187.5 184.1 181.9 179.9 174.1 166.6 159.1 154.3 150.5 148.5 146.5 144.2 140 135.5 130.2 125.6 120.1 113.8 109.2 105.4 102.9 99.2 91 85.2 80 75 72 69.8 67.3
136.5 136.4 138.8 137.1 141.3 137.6 137 138.2 137.7 137.4 139.1 139.5 143 142.9 144.5 146.6 147.2 146.5 145.7 144.3 144.2 144.6 146 150.6 163.1 173.2 178.7 189.6 203.8 214.6 227.2 242.3 247.5 252.1 251.2 246.2 242.6 242.4 252.2 273.2 280.9 273.3 265 245.9 240.1 230.5 217.3 209 199.3 195.1 191.4 188.4 186.4 182.8 176 169.6 161 154.7 150.5 147.7 146.5 146 143.9 140.7 135.1 128.5 123.9 118 111 105.6 101.2 98.2 95 87.6 83.2 78.4 75.3 70.7 64.3
139.3 139.4 143.1 137.3 137 140.4 138.9 136 136.2 136.4 137.2 138.8 140 140 143.4 145.9 146.2 146.3 145.6 144.8 143.9 143.1 144.4 148.4 154.5 159.7 174.5 185 198.9 209.6 219.9 225.6 233.3 241.5 238.2 234 236.3 236.3 247 260.6 286.2 280.8 275 260.8 243.1 234.6 232.3 216.8 203.9 195.2 190.3 189.4 186.7 182.4 177.3 171 164.5 157.2 151.1 146.5 145.7 146.3 145.7 143.7 139.8 133.8 127.2 120.3 114.8 107.6 102.1 97.5 94.8 94.3 89.2 84.5 79 73.4 72.5
139.3 141.3 141.7 137.8 142 140 134.8 136.5 134.8 135.2 136 137.6 139.3 140.1 141.2 147 146.4 144.9 145.3 143.6 142.1 143.8 144.2 147.9 154.9 159.9 164.7 171.1 187.3 199.5 208.7 214.7 217.8 223.6 223.6 226.2 231.2 234.1 241.2 251.1 273 283.3 277.7 266.7 260.2 250.6 233.3 223.1 211.3 201.3 194.2 185.7 183.3 180.9 175.6 174.2 170.6 159.3 153.3 146.3 144.4 145.1 145.8 144.4 140.7 135.9 129.6 121.3 115.5 109.8 104.1 98 93.6 91.2 89.8 86.3 82.2 78.9 80.2
137.4 140.5 140 141.8 141.1 140.4 138.8 137.3 132.4 133.2 135.8 137.2 139.1 138.2 140 143.7 146.1 144.4 147.6 143.3 142.1 141.4 142.1 141.8 151 157.5 161.5 170.3 178.7 187.5 196.4 204.8 209.5 210 214.2 221.2 229.1 234.5 234.9 234.8 244.8 272.1 271.9 271.6 272.5 262 248.1 228.2 217.5 205.1 198.3 189.9 183.5 177.9 172 168.9 165.5 160.2 153.5 147.5 143.7 143.2 143.7 142.7 140.8 137.8 131.9 123.9 115.9 110.1 104.9 99 95.5 91.2 88.9 86.7 83.1 83.7 80.2
134.5 139.1 138.9 140.8 140.2 140.4 138.8 138.4 133.6 132.6 132.2 135.7 136.6 136.2 140.4 140.6 144 145 147.3 143.7 141.1 140.7 140.4 141.1 145.5 152.8 159 163.9 175.5 182.9 190.3 196.8 200.5 200.9 206.3 216 226.2 231.4 232.5 233.6 231.4 250.4 261.6 270.2 273 266.4 250.8 239.6 223.8 218.7 202.8 194.9 187.2 184.8 172 165.3 161.7 158.2 152.5 147.5 143.2 141.3 141.3 140.5 139.3 136.3 132.3 125.8 115.8 109 104 99.5 95 91.1 88.8 87.4 85.7 86.9 86.5
133.9 138.2 138.7 138.2 139.5 138.9 138.2 137.5 134.4 132.3 132.6 132.4 134.3 134 136.5 138.8 141.5 143.5 147.8 142.5 141.2 140.9 140.7 140 140.8 142.3 148.6 161.9 171.4 176.9 183.5 188.3 192.2 201.7 210.4 217 218.2 225 232.3 240.6 231.6 236 249.9 261.9 272 268.6 261.1 245.7 229.7 222.7 211.4 199 192.8 185.6 179 166.6 159.3 156.3 152 146.6 142.9 139.9 139 137.8 136.4 134.8 130.9 126.9 121.3 109.2 102.9 98.6 94.1 91.1 89.5 88.3 87.2 88.1 88.5
133.8 135 137.8 137.6 139.1 138.1 137.8 137.2 134 132 134.1 131.9 133.4 133.4 137.6 138.8 142.3 142.3 144 144.4 142.4 141.2 140.2 139.3 143.5 143.4 145.8 154.6 161.1 167.9 175 180.9 191.1 200.9 210 221.9 224.7 227.3 229.9 236.9 233.7 232.4 239.5 250.7 271 273.1 258.3 253.1 236 221.6 216.1 204.1 196.6 188 182 170.6 164.1 154 151.1 146.7 143.6 140.1 137.3 135.2 133.9 131.9 129.7 125.8 121 113.4 105.3 100.5 97.5 92.7 91 89.6 88.5 89.3 90
135 131.8 135.8 135.9 138.1 138.3 136.9 136.1 133 132.5 133.4 131.6 133.2 131.8 132.9 137.9 138.9 140.7 143.3 142.7 141.3 142.2 141.3 139.3 138.9 142.8 142.9 143.6 149.5 159.9 170.5 173.1 185.2 201.3 212.8 223.9 230.8 234.6 236.7 239.5 234.9 226.7 232.2 239.2 258.4 272.2 262.8 249.4 237.9 217.7 212.3 206.8 193.1 186.5 181.1 171.3 166.7 158.1 156.3 147.9 145.1 141.8 139.3 136.7 133 127.6 126.9 125.3 120.9 115 108.1 103.7 99.3 95 91.7 90.3 90 90.7 91.4
131.1 129.9 133.2 135.4 135.7 136.8 137.1 134.4 132.5 132.7 132.1 132.3 130.8 130.8 132 137 138.3 141.4 142.6 139.3 142.5 142.8 140.9 139.6 137.8 138 140.6 142.3 142.9 152.1 162.7 171.3 181.2 194.1 212.9 223.3 228.9 233.1 242 238.4 235.5 223 225.6 233.1 241.1 251 255.2 246.1 235.1 215.9 208.9 204 195.3 185.5 177.8 172.2 168.1 162 159.8 151.5 146.1 143.1 140.5 137.3 134.6 130.9 127.8 123.5 120.3 115.3 109.8 105 102 99.9 94.1 93.2 92.3 92.8 92.2
127.8 129.2 132.4 134.5 134 134.1 134.8 131.5 132 131.5 134.3 130.8 129.9 133.2 131 134.9 137.9 140.8 139.2 138.6 141.6 140.4 139.7 137.2 136.6 137.2 137.9 140.8 142.2 145.6 153.9 166.3 180.1 190.7 209.1 228.9 232 233.5 235 238.8 236.6 229.1 221.3 229.8 233.5 240.3 240.3 238.6 225.4 213 204.5 200.5 192.8 185.6 180.8 173.4 168.7 167 166.6 157.8 148.3 145 142.2 139.7 137.8 133.1 128.9 125.3 121.2 116.5 112.7 108.8 104.9 101.9 96 94 92.5 92.4 92.3
123.4 128.6 130.3 131.8 134.6 131.1 131.4 130.5 128.6 129.6 128.3 128.7 131.1 134.9 135.1 135 132 136.9 136.7 139.7 138.5 139.4 137.6 136.9 136.6 135.5 135.6 138.2 140.2 145.4 156 163.3 174.6 190.3 201.5 221.7 229.6 235.9 241.8 235.3 233.2 228.8 219.9 225.5 226.2 232.4 235.9 225.3 215.6 209.9 203.2 198.2 193.6 198.7 189.1 180.9 172.6 172.1 168.7 162.3 152.5 147.8 144.5 141.6 140.8 140 131.3 125.3 121.1 116.9 112.7 108.8 105.9 102.7 97.9 96.9 93.4 92 91.2
124.5 126.8 129.6 130.1 131.9 130.8 131 127.8 126.9 129.7 131.3 131 134.2 134.8 136.4 135 134.4 132.2 134.2 137.7 138.4 135.1 135.9 136.7 135.7 135.4 135.6 136.9 139.2 140.7 151.3 159.2 173.3 188.9 198.2 203.2 218.2 230.6 244.2 241.1 237.6 230.3 219.4 222.4 227.9 224.9 224.7 221.6 214.3 208.4 204.5 198.3 196.3 199.4 196.9 183.6 183 178.9 175.7 166.5 158 150.5 147.1 144.4 143 141.6 136.5 127.6 121.8 117 112.4 109.3 105.9 102.8 99 97 94.8 92.2 90.1
122.1 127.2 125 127.1 126.2 129.4 128 126.8 128.9 131.5 131.1 132.7 134.2 135.7 137.9 140.2 138.8 134.6 132 134.6 135.6 135.7 135.3 135.7 136.3 134.2 134.1 134.7 135.8 142.7 147.3 157.6 171.9 190.9 202.1 199.9 202.2 214.6 232.8 236 240 233.6 221.3 223.3 230.5 235.1 224 226.2 222.1 219.9 212.4 205.7 201.7 198.8 195.5 189.8 185.3 181.6 174.5 168 161.6 153.3 149.8 147.4 146.3 146.4 144.8 133.6 123.8 118.9 113.5 107.9 105.1 102.8 99.8 96.8 94.1 91.3 88.4
119.7 120.3 120.4 123.9 123 125.2 127.4 131.8 132.6 133.7 133 134.4 135.5 137.7 141.5 145.2 144.5 140.5 135.2 131.7 132.6 137 134.2 134 134.9 133.6 133.5 134.2 133.8 138.2 147.4 155.8 168.6 186.1 206.7 209.6 203.4 202.7 218.8 233.1 239.3 233 225.5 220 231.2 236.5 230.1 225.9 225.3 225.3 216.5 213 211.6 208.2 200.3 194.8 186.8 181.5 174.9 168.7 162.6 155.8 152.4 150.3 148.1 146.5 144.6 138.9 130.7 123 117.2 109.2 104.4 102.3 101 97.6 92.9 90.4 88.7
119.3 125.7 127.4 125.1 128.3 129.4 131.2 132.6 136 136.9 138.3 136.1 135.9 138.9 144.1 148.5 147.3 142.9 137.5 131.8 132.7 133.5 134.5 133 132.4 132.8 132.9 134.1 135 137.4 144.1 152.2 170.7 182.6 197.6 207.2 210.3 206.3 201.7 211.1 222 229.5 225.7 217 228.3 234.2 230.3 223.5 222.6 221.6 218.4 221.2 222.4 211.5 208.9 209.1 198.1 182 176.2 173.8 167.4 160.2 154.6 153.1 150.9 145.5 141.2 137.5 132.1 123.4 116.6 110.2 104.1 101.6 100.2 97.9 94.4 91.1 87.3
121.7 126.3 128.6 131.1 134.8 138.5 132.8 135.9 138 137.3 137.8 136.6 141.1 140.8 145.8 150.9 151.3 145.2 139 131.8 132 133.9 132.8 132.2 132.1 132.3 133 135.7 134.8 139.3 144.8 147.9 157.9 170.7 182.4 193.2 198.4 204.9 198.9 197.3 203.3 213.3 218.3 214.3 219.6 231.1 229 220.9 220.4 219.3 219.7 224.7 220.5 219.7 216.4 207 202.1 188.2 176.9 174.2 168.2 161.5 157.2 156.2 153.1 146.8 141 134.9 130 124.4 116.4 112.3 105.6 102.2 99.8 97.6 95.1 93 88.3
121.5 127.1 128.7 132.3 138.9 139.7 136.2 139.2 139.3 139.8 138.5 140.2 143 142.1 146.5 150.4 147.4 144.2 140.7 133.9 131.7 131.7 132.3 132.2 132.3 132.6 133.9 134.5 136 141.1 147.8 152.3 152.1 161.2 168.1 174.8 183 189.6 192.3 194 193.7 200.4 206.1 211 210.7 226.1 228.2 225.8 219.7 219.4 220 226.4 224.2 214.8 212.3 205.5 199.4 191.2 182.4 173.8 171 161.2 156.9 161.4 153.7 148.2 142.1 134.6 129 125.3 115.2 110.4 107.5 104.1 100.6 97.4 95.5 93.3 89.9
117.8 125.4 130.6 137.5 144.7 139.9 140.2 141.4 142.8 143.2 143.3 142.3 143.7 141.7 145 147.6 144.3 141.7 139.3 136.4 132.4 131.7 132.8 133.1 133.2 132.5 133.3 134.4 137.5 140.7 146.6 151.2 158 157.3 163.8 172 176.5 180.5 184.7 187.9 188.2 191.7 196.3 202.7 203.8 214 231.3 233.8 225 220.7 222.3 226.7 222.5 211.2 208.6 205.1 195.9 189.4 182.3 174.3 168.4 160.7 156.2 157.4 156 149.3 143 136.1 128.1 123 116 109.7 106.7 107.6 102.2 98.9 95.2 92.1 90.8
