public/OST50/NX86.asc
ncols 200
nrows 200
xllcorner 280000
yllcorner 560000
cellsize 50
[rows 0 to 36 of 200, columns 83 to 165 of 200]
126.3 128 127.6 127.2 124.8 123.2 119.5 113.7 111.9 108.1 108.1 115.1 120.1 117.8 112.1 102.3 96.9 100.6 97.7 94.2 91.1 90.9 92.6 92.3 92.5 93.7 96.9 96.4 96.1 99.6 101.5 100.5 100.8 99.9 99.7 103.6 105.3 106.4 109.4 111.7 114 122.2 129.8 135.2 143.5 148.4 153.1 158.9 164.4 167.8 166.4 168.1 169.2 166.6 160.7 153.6 147.1 139.5 136.1 132.1 128.4 126.4 123.9 122.6 120.5 120.7 118.6 113.9 110.6 110.2 107.3 104.2 105.6 103.6 100.1 95.6 93.8 92.6 91.3 89.5 88.4 87.4 86.6
127.9 127.1 128.2 127.1 124.7 121.1 116.3 112.3 111.7 108.8 107.6 112.5 119.4 120.5 114.6 107.1 98.1 93 93 91.7 90.2 90 90.5 92.1 97.1 97.5 96 95.2 95.8 98.6 99.9 99.9 99.3 98.5 100.7 101.8 102.7 105 108.6 111.4 114.8 123.7 130.6 136.5 143.7 151.3 158.8 165 167.8 169.7 172.6 173 173.4 169.9 163.7 155.9 149.6 142.5 135.3 129.6 127.9 126.6 125.8 124.6 123.9 121.5 119.2 117.3 114.1 110.6 112.6 112.6 110.3 106.1 101.1 97 92.9 92.1 93.9 90.8 87.8 86.4 85.8
130 130.1 129 125.1 121.4 117.4 116.7 118.3 119.4 116.3 108.5 109.7 113.8 116.5 115.3 110 102.3 96.3 92.1 90.1 89.2 89.1 91.6 97.2 99.7 98.8 95.4 94.7 95.5 97.2 97.6 97.7 97.1 97.1 99.4 100.2 102.3 105.5 110.5 116.3 119.2 123.9 131.4 138 144.9 152.1 160.2 166.5 172.1 174.7 178.4 179.7 176.6 171.6 163.3 157.4 151.4 144.7 136.8 130.6 127.6 127 125.9 124.2 122.7 121.7 119.5 116.5 113.3 110.8 111 111.1 109.3 105.2 100.2 94.5 91 91.3 92.4 89.4 87.2 86.4 85
130.5 128.1 126 122.3 118.7 116.2 118 122.8 126.1 125.8 120 113.1 108.9 108.7 111.6 111.2 103.8 96.4 90.3 88.7 88.8 92.8 97.8 101.5 101.7 100 97.6 96.8 96.1 97.6 98.2 96.5 96.2 97.9 100.2 100.1 101.6 106.6 110.3 116.3 120.6 124.8 133.6 142.3 150.3 156.3 167.1 174.8 179.8 181.3 181.5 180.9 174.5 168.2 162.7 158.1 152.1 145.5 138.4 132.3 127.4 124.7 124.1 123 121.4 120.4 117.6 114.8 112.5 110.4 109.3 110.2 106.8 102.4 98.1 94.4 91.5 90.2 90.5 89 87.4 86.6 85.2
126.2 124.5 122.8 120.1 119.9 118.2 117.2 120 123.5 127.3 124.5 116 109.9 102.5 104.2 105.9 104.5 98.3 92 88.4 88.5 95.5 103.1 103.1 100.5 98 97 96.1 95.5 95.7 95.6 94.7 95 97.8 100.1 100.2 101.9 106.1 109.4 115.4 122 128.7 134.9 144.9 156.5 163.8 176.2 181.8 185 186.4 183.8 180.6 174.2 167.8 162.6 157.7 152 146.1 138.8 133.1 128.9 125.2 122 120.9 120.5 118.5 117 114.7 112.3 110.1 113.1 113.8 109.9 102.9 98.2 95.1 92.9 91.5 90.1 90.2 88.3 86.7 85.2
121.8 121.4 120.8 120.7 121 119 115.1 115.8 119.5 123.5 125.1 119 111 103.2 97 98.6 98.8 96 94 90.1 88.4 92.3 99.4 101.9 100.3 97.4 96.4 95.9 95.5 94.2 93.3 94.1 96.9 99 99.2 99.8 101.7 104.2 107.8 116.5 122.8 128 136.4 146.7 158.2 166.3 177.6 187.7 192.2 192.9 188.1 183.1 177.7 169.4 162.8 155.4 149.2 145.7 141 135.6 130.9 125.9 122.1 120.4 118.9 117.4 115.9 115.7 112.3 110.5 114.7 114.8 110.7 105.1 99.8 95.9 95.8 93.4 91.5 90.5 88.7 88.3 86.8
123.5 121 117.5 116.7 116.3 114.6 109.5 113.5 116.1 118.5 119.4 117.8 111.8 103.1 95.8 92.5 93 92.7 90.2 88 87.6 89.5 94.1 98 97.5 97.1 95.9 95.3 94.1 93.3 92.5 92.6 93.2 96.6 98.2 96.9 100.2 102.6 107.2 117.2 123.2 129.2 136 146.9 158.5 170.7 180.3 192.5 194.7 197.2 189.9 184.4 178.4 172.1 163.1 156.1 148.4 144.7 142.1 137.2 133 127.5 122.5 119.6 117.5 116.2 114.9 113 111.1 109.6 114.2 114.7 111.6 106.6 101.9 98.6 98.6 98.2 95.4 94.2 92.8 92.8 90.2
122.6 120.5 117 114.1 111.7 109 110.4 115.7 115.9 113.5 112.8 111.2 107.5 101.8 95.4 89.8 89.4 88.8 86.8 86.7 87.2 87 87.9 91 93.4 95.3 95.3 94.5 94 91.7 91.9 92.8 92.6 96 97.6 98.1 100.4 102.6 107.5 115.1 124.1 130.7 138.2 148.6 160.6 173.8 179.9 190.3 194.6 196.3 190.5 183.1 178.5 175.4 170.1 162.4 153.5 147.7 143.8 139.2 135.4 127.9 124.1 120.8 116.7 115 113.1 111.4 109.7 108.3 115.5 114.1 112.7 110.4 107.2 103.2 103.9 102.3 101.5 101.5 98.6 96.2 94.8
119.8 118.9 115.3 111.5 110 106.8 108.3 112.4 114.3 112 109.5 106.2 101.5 97.3 92.8 88.4 86.7 86.5 85.8 85.9 86.4 86.7 86.9 87.3 89.6 90.4 91.5 92.6 91.6 91.8 93.1 93.9 92.3 95 96.5 97.6 99.6 103.6 109.3 114.4 124 131.5 139.5 148.6 160.8 171.3 177.2 184.6 190.4 193.9 191.7 184.4 184.4 182.7 174.1 168.4 158.2 151.4 148.7 141.2 138.7 132.4 126.9 121 116.7 114.7 112.1 109.6 108.4 108.4 110.4 113.3 114.4 112.5 109.4 106 105.3 104.7 106.5 107.6 104.1 104.1 101.2
116.5 116 115.8 113.7 110.5 105.5 105.1 106.4 109.2 107.8 106 101.9 97.2 92.6 87.6 85.9 86.4 86.5 85.9 85.4 85.6 88.2 89.8 87.6 88.3 89.1 89.4 90.2 91.5 92.5 94.8 94.3 92.8 94 95.7 97 100.8 105.7 111.9 118.2 124.7 131.6 141.8 151.9 161.4 168.5 173.2 178.9 187.1 188.5 187 184.4 190.7 190.1 182.1 174.1 166.8 158.6 151.3 145.2 141 136.7 131 123.7 117.7 113.7 110.3 108.2 106 105.6 108.4 109.1 111.3 111.3 110.7 107.3 106.2 105.6 108.5 109.8 109.9 110.4 106.9
120.5 120 117.2 113.8 108.7 104 106.1 110.3 110.4 105.7 100.2 96.7 92.6 88.2 85.9 85.9 86.3 86.6 86 85.5 87.5 94.1 98.4 95.9 90.8 88.3 89.4 90.3 91.7 93.9 94.7 95 92.8 94.1 96.8 100.7 105.5 109.2 114.9 120.2 125.6 132 140.8 148.8 155.9 161.8 166.8 173.8 180.6 185.2 185.2 184.1 192.3 194.5 188.2 177.5 171.1 164.7 158.5 149.9 143.4 141.5 134.2 126.5 118.8 113.7 109 106.7 105.8 104.1 105.9 106.9 106.2 105.9 106.6 107.1 106.4 107.3 111.5 113.8 114.3 114 113.4
120.9 119.1 115.7 112.2 106.1 105.7 112.3 115.9 112.6 107.1 100.5 94.4 89.3 87.3 87.4 86.8 86.4 85.9 85.6 84.9 87 93.8 100.1 99 95.1 90 88.6 91.1 92.4 93.8 93.6 91.8 92 94.7 99.6 104.3 109.7 112.2 116.2 121.8 127.1 133.2 138.2 143.8 150.1 155.3 159.6 166.7 171.7 176.6 178.1 181.6 188.4 195.5 191.2 180.7 176.7 174.8 165.9 159 149.2 143.7 135.9 127.7 120.6 113.9 108.2 105.3 104 102.8 103.4 104 103.5 102 103.8 104.9 105.8 108.8 113 115.3 116.1 118 117.3
118.8 117.2 114.1 112.3 106 106.2 113.1 117.1 112.3 106.5 99.3 93.4 89 87.5 87.9 87.1 85.9 84.5 84.2 84.1 85.6 90.6 96.3 99.4 96.5 92.1 88.9 89.7 90.5 91.7 91.7 91.2 91.5 94.2 101.6 106.4 112.4 115.2 118.8 121.1 128.4 134.1 138.8 140.4 144.7 150.4 153.7 158.9 163.4 168.3 173.6 176.1 186.6 194.8 190.7 183.7 173.7 171.1 165.9 158.7 153.2 146.4 135.8 129.7 122.4 113.5 109.2 105.1 102.3 101.3 100.8 101.1 101.9 99.2 100 103.4 106.4 109.2 111.9 114 116.6 120.8 122.4
112.7 113.8 114 113.7 108.7 104.2 108.7 112.6 110.4 106.5 100.4 93.2 88.1 87.5 87.4 86.3 84 83.5 83.5 83.5 83.9 86.5 91.4 95.5 95.5 93.4 89.3 89.2 89.3 90.8 92.2 91 91.1 97.1 104.8 109.8 114.6 117.7 120.9 123.3 128.1 133.8 138.2 139.8 142.6 146.3 148.9 152.8 156.6 162.5 168.3 170 176.1 188.2 186.4 183.3 177.1 167.7 160.8 160.7 157.2 144.6 138.2 130.6 122 113.6 109 104 101.4 100.1 100.1 99.9 98.6 98.2 97 100.7 103.8 107.1 109.7 112.5 115.5 119.7 123.1
110.4 111.3 112.6 114.2 111.1 104 102.7 106.1 108.7 106.7 100.9 94.6 88.6 86.2 86.3 84.9 84.6 83.5 83.5 83.4 83.6 83.9 85.9 88.7 92.5 93.3 90.9 89.9 88.8 90.3 91.3 92.3 94.7 101.7 108.9 113 117 120.2 122.8 126 128.2 131.9 136.9 139.5 138.9 142.7 144.5 146.9 150.5 153.2 158.9 161.1 166.7 181.6 185 181.9 177.3 175.6 167.8 158.1 152.2 143 137.4 131.5 123.2 114.7 110.6 105.2 100.8 99.2 99.4 99.5 98.4 96.9 95.5 97.8 101.5 104.6 107.5 110.9 115.1 117.7 120.3
106.9 107.9 108.4 108.5 108.7 105.1 99 100.8 104.2 104.1 101 95.1 89.2 86 84.9 85.2 84.7 83.8 83.7 83.8 83.9 84.1 83.9 84.6 85 88.1 89.5 88.4 87.9 91.8 91.8 92.5 98.5 105.3 111.9 117.9 119.8 122.1 124.9 127.6 129.9 131.8 133.8 136.2 136.5 136.1 140.2 142.4 145.9 147.3 151 155 159.4 172.3 181.5 182.9 176.6 172.9 165.4 157 150.8 146.1 141.7 137.7 130.8 117.7 109.4 105.2 102.4 100.3 97.4 97.2 96.5 95.8 98.1 99.4 100.7 101.7 105.3 109.1 111.9 114.5 114.5
103 102.9 102.5 104 106.1 104 101.1 96.1 97.2 98.4 98.1 95.1 90.5 85.2 84.9 83.8 84.8 84.5 84 84.1 84.3 83 83.4 83.4 84.1 84 86 87.5 89.4 92.1 92.2 97.6 102.9 109.3 116.5 119.3 121.2 123.2 123.5 127.4 131.5 133.8 134.3 134.3 134.2 133.5 133.7 137.8 141 143.8 147 149.7 153.3 158.4 171 176.5 172.7 167.8 163.1 157.4 153.3 150.7 146.9 144.1 134.8 122.7 111.7 106.3 103.1 98.8 96.7 94.6 93.5 97.3 101.9 102.8 101.6 99.4 102.1 103.8 105.6 106.6 108.7
100.8 99.9 100.3 101.4 103.5 105.9 105.7 101.1 95.5 92.6 93.6 93.9 90.8 87 84.8 86 84.9 83.4 82.9 82.6 84.2 89.6 90.6 88.4 83.7 84 86 87.5 89 90.3 92.4 98.5 105.6 111 115.7 119.9 122 121.7 123.3 128.4 131.6 133.3 133.7 133.3 133.7 132.2 129.8 133.1 137.1 141 143.1 145.3 148.1 151.9 159.8 166.4 166.4 167.1 166.5 159.5 155.1 152.4 148.5 143.1 136.3 123.5 112.2 103.8 100.1 97.1 94.1 92.9 93.2 97.2 102.4 103.4 101.7 98.6 97.8 97.4 99.3 102 102.3
104.9 103 103.5 103.5 101.4 102 102.1 100.2 95.9 92.6 90.5 90.3 90.2 90.4 89.2 87.4 85.9 83.1 81.9 81.7 85.8 92.3 97.4 94 90.1 84.8 86 86.2 89 88.4 92 99.3 104.7 109.5 115.8 116.7 119.1 120.7 122 125.6 129.7 132.2 132.3 132.3 132.7 132.7 128.7 129.1 133.3 137.5 138.5 140.9 143.5 146 147.8 155.2 162.2 163.4 164.3 159.2 152 147.1 143.1 136.5 128.3 120.2 111.9 102.3 96.8 93.3 91.9 92.3 94 97.5 101.5 101.2 99.6 97.3 93.7 92.9 93.8 96.4 96.1
110.9 107.3 105.8 103 103.2 98.9 95 95.5 94.2 91.6 90 89.8 90 89.4 88.8 87.5 85.7 84.1 83.8 81.5 85.1 91.5 97.7 101.1 97.8 92 85.5 87.4 88.6 87.3 92.6 97.5 102.9 106.2 111.1 113.9 117.2 118.6 120.8 123.9 128.7 129.5 130.1 130.7 131.8 132.5 130.6 125.8 128.9 132.4 133 135.6 139.3 140.4 141.3 145.8 152.9 154.5 156.2 154.7 148.5 141.4 136.9 132.1 124.1 116.7 108.9 101.3 94.4 91.5 90.3 91.3 94.1 97.5 100.8 99.3 96.7 93.5 90.2 89.4 89.8 90.9 90.4
110.1 109.3 107.7 102.8 98.1 95.7 93.1 91.9 90.3 91.1 90.5 89.9 90 89.4 87.9 86.9 86.6 85.1 85 82.2 83.8 89.3 94.8 100.1 101.5 97.6 90.7 87.7 86.8 86.6 90.7 94 99 103.1 107.9 110 114.8 117.8 119.1 122 125.9 128.3 129.5 129.3 130.9 130.1 129 124.7 125.9 126.8 127.9 131.2 134.4 134.4 136.1 138.7 144.2 146.2 146.9 148.4 143.4 136.7 129.7 126.5 118.9 111.9 106.5 98.4 93 90.4 90.3 89.7 96 100.4 100.5 97.4 94.7 90.7 88.3 87.3 86.8 86.3 85.9
103.2 102.7 103.6 101.4 97 92 89.3 87.9 89.5 90.2 90.1 88.4 88.2 88.1 87.9 86.7 85.6 85 84.3 82.1 82.9 85.7 90.5 95.1 100.3 99.2 94.4 87.9 84.8 84.7 89 91.7 95.4 99.4 104.4 106.9 111.5 115.6 116.8 119 123.1 126.7 128.4 127.4 127.2 129.7 127.5 124.9 119.2 121.4 123.7 125.8 128.3 127.8 129.7 132.1 135.3 137.1 139.1 140.9 136.6 132 126.2 120.3 112.5 107.8 103.4 97.3 93 88.9 85.7 90 98.3 100.6 98.7 95.8 92.6 88.2 86.1 85 83.6 82.6 82.2
97.2 96.9 96.6 96.4 93.5 89.2 87.2 85.7 87.2 86.7 86.5 85.9 85.7 85.4 85.2 85.4 84.9 83.9 83.1 81.9 81.1 81.2 86.1 90.3 95.4 97.7 93.8 87.3 83.3 83.9 87.5 90 93.6 97.9 101.4 104.1 107.3 111.1 113.9 116.7 120.4 124.2 125.1 124.8 126.1 127.2 124.8 122.1 118.9 117.1 119.3 119.8 121.1 121.4 124.6 126.8 126.3 128.8 131.4 132.7 131.2 127.2 122.1 116.4 108.5 103.1 100.6 95.5 91.1 86.6 84.5 87.6 99 101.3 98.9 94.6 90.5 86.4 82.7 81.6 80.8 81.2 81
92.2 91.7 91.4 90.1 87.6 84.1 79.8 80 81.9 82 82.7 83 82.5 81.7 81.8 81.9 81.6 80.8 80.8 80.8 80.3 80.1 81.9 83.3 90.5 94 91.5 85.6 83.7 82.6 84.7 88.1 93.1 97.1 99.3 101 103.1 107.4 110.2 113.4 117 120.7 121.8 122.2 123.4 124.1 122.2 120.1 117.6 112.7 114.2 114.6 114.5 112.3 119.1 120.5 120.2 122.5 126.5 129.8 128.6 125.2 121.1 113.8 106.4 99.7 95.5 92.7 88.5 84.4 82.7 88.5 98.1 100.3 96.4 92.8 88.7 84.4 80.9 78.5 78.8 79.5 79.3
87.4 86.5 85.3 84.5 81.7 79 73.5 75.5 77.5 78.3 78.8 79.2 79.5 78.8 77.3 76.1 79.9 80.6 80.6 82.3 82.6 84.4 84.4 83.9 86.3 91.1 89.1 84.2 83 81.3 82.2 86.4 90.8 95.1 97.1 98.9 100.8 105 109.7 114.7 115.1 116.9 117.7 118 121.2 122.3 120.3 118.1 116.3 113.4 107.2 104.7 106 107.7 110 113.3 116.6 115.2 120 123.9 128.4 127 122.1 115.1 107.4 99.1 95.3 88.2 84.2 81.9 80.5 88.1 95.1 97.6 93 90.2 85.9 81.6 78.1 75.2 76.8 77.4 77.4
82.5 82.2 81 78.5 76.7 73.7 71.4 72.3 74 74.2 72.9 72.7 73.3 75.9 80.7 83.7 86.8 85.3 85.8 85 86.2 85.4 87 86.5 90.1 89.2 86.7 83.8 81.2 80.6 80.8 83.9 88.5 93.5 95.2 99.6 103.4 108.2 111.5 113.3 111.9 113 115.7 115.6 118.6 119.7 118.7 118.6 117.3 115.5 109.9 101.7 101.8 106.2 109.7 109.8 109.6 111.1 115.7 120.5 124.6 128.7 123.5 117.1 109 101.5 97.7 90.1 85.3 81.8 79.3 89.5 95.5 92.7 90.4 87.3 83.1 78.5 73.9 71.9 74.3 74.1 74
77.6 77.1 74.6 72.7 71.3 70.6 68.8 69.7 69.3 70.3 73.6 75.5 78.8 84.3 89.2 90.8 91.1 90.4 89 89.5 88.4 89 88.8 88.6 90.6 87.5 85.8 84 81.6 81.1 81.9 83.6 87.5 91.1 95.7 101.3 107.5 112.6 115.2 112.2 108 109.1 110.7 113.3 113.6 115.1 116.9 118.4 119.2 117.5 114.5 103.2 98.4 102.1 104 105.7 107.1 107.1 111.7 117.4 121.1 126.9 123.3 116.2 105.5 103 97.5 90.5 84.7 81.7 78.9 88.3 90.8 88.3 88.2 85 80.2 74.6 69.7 67.5 67.3 68.5 70.7
72.5 72 68.6 66.1 67.7 68.4 66.4 67.4 69.8 72.5 75.7 79.3 84 90.4 92.8 94.2 94.1 93.3 92 93.1 91.4 91.6 93.2 91.4 88.6 86.5 85.1 84 82 82.7 81.1 83 85.7 94.6 101.4 105 111.4 114.4 114.2 111.1 105.9 106.4 107.8 107.2 108.4 111.6 113.6 115.9 117.3 116.2 113.7 107.1 99.2 93.5 100.4 102 102.6 105.8 111 114.5 117.1 121.5 122.7 113.2 103.6 98.6 95.4 89 82.6 80 76.3 81.9 83.4 83.7 83.4 80.6 76.4 71.4 66.5 66.1 66.2 66.5 66.8
68.6 68.3 65 63.9 64.9 66.3 67.3 69 71.6 74.3 78.6 83.7 91.1 93.8 97.4 98.3 98.3 99.4 95.7 95.6 94.5 94.8 93.1 91.9 89.5 87.2 86.5 85.1 83.2 80.9 80.2 82.2 86.1 95 100.1 106.3 111.3 111.8 111.3 109.8 105.8 98.7 100 104.3 105.3 109 111 115.2 115.1 113.8 112.3 107.5 99.3 92.9 92.9 98.1 101.1 104.2 111.5 108.3 110.1 112.7 113.9 108.5 101.8 96.8 91.5 86 80.8 75.8 72.6 75.9 77.9 78.4 79.2 76.6 73.3 69.1 66.1 65.8 66.4 66.4 67.9
61.3 61.6 62.2 62.8 63.6 65.9 67.8 72.8 75.6 78.2 83.1 90.2 96.6 100.5 102.2 101 100.4 98.7 97.5 97.9 97.1 95.6 94.1 92.7 88.2 87.4 87.5 88.1 83.4 81.4 81 80.8 86.9 92.6 97.8 104.9 109.1 109.2 108.3 106.7 103.8 99.1 94.5 100.3 101.6 105.2 106.7 109.4 111 112 111 107.1 99.8 91.7 89.8 90 96.2 98.5 101.9 99.1 101.7 103.6 106.1 104.2 99.3 93.1 87.5 82.5 78.1 74.1 70.7 73.1 73.3 74 76 73.9 71.2 67.9 65.9 65.4 66.4 67.3 69.3
60.1 60.9 61.7 62.4 63.4 66.4 69.2 74 80.4 82.9 87.5 92.6 98.6 102.6 105.3 104.3 103 101.6 100.6 99.4 97.9 95.3 94.2 91.4 88.9 87 86.8 86.6 85.4 81.8 81 79.1 83.9 90.3 95.2 103.1 105.2 105.6 104.5 102.3 99.1 97.1 91.7 96.5 99.3 101.3 102.1 104.3 106.8 109 107.8 103.6 100.6 91.8 87.3 86.1 90.1 90.7 91.5 93.2 93.7 97 98.8 98.4 96.2 91.2 85.6 80.2 76.2 71.3 69.9 70.3 69.4 71.1 73 72.6 67.5 66.4 65.5 65.9 67.6 68.8 69.8
59.3 60.1 60.9 61.7 63 65.3 71 74 79.4 82.3 88.3 92.1 97 99.8 105.5 101.5 101.5 101.6 100.7 99.1 96.9 95.4 94 90.5 88.7 87.3 86.3 85.9 85 82.7 82 78.5 80 87.3 91.8 98.4 101.4 101.8 99.4 96.5 94.8 94 89.3 90.1 94.3 94.4 97.3 100 103.9 106.4 104.9 101.8 98.8 92.7 86.9 82 83.4 83.8 87 88.5 88.4 89.4 92.7 92.2 92.3 88.5 82.8 77.6 72.2 68 67.5 67.7 67.6 70.8 71.7 70.4 65.8 65.8 66.5 69 69 68.9 69.7
59.3 59.6 60.3 61.1 64.2 66.2 69.8 73.2 76.2 81 86 88.3 91.5 95.5 98.6 101.2 101.7 101.6 99.7 99.1 98.8 95.6 92.7 90.2 88.6 87.1 87.2 85.5 85.2 83.3 80.6 78.3 78.5 82.7 88.5 94.2 98.7 96.7 93.4 90 88.4 88 84.8 84.2 88.7 90.6 95.4 97.8 101.4 104.8 102.7 99.5 95.5 90.6 84.8 81 79 80.1 80.2 79.7 82.8 84.2 84.3 87.5 88.3 83.5 79.1 72.6 68.1 66.8 66.4 66 66.1 69.3 70.7 68.7 65.7 65.7 67.2 68.7 69.6 69.3 69.6
59.3 59.5 60.2 63 63.4 67.8 70.3 71.6 74.3 78.8 81.3 86.7 91.9 94.4 96.5 101.8 102.9 101.4 100 102.5 104.8 103.8 99.1 92 88.7 87 85.9 85 85.3 86.3 80.4 79.3 78.8 80.4 83.8 90.3 94.9 91.8 87.6 84.6 81.8 82.4 81.4 82 85.3 89.3 91.4 95 97 100.3 98.4 95.2 91.4 88.2 83.2 78.8 77.7 77.2 77.3 74.5 76.8 79.7 77.7 79.9 82.7 81 75.9 70 65.7 65.6 65.1 65.2 65.4 67.4 67.1 65.3 65.4 66.4 69.3 69.5 69.6 70.4 70.5
67.6 66.2 60.8 62.1 64.9 67.4 69 70.7 73.4 76.2 78.8 85.4 90.9 91.8 93 98.5 100.8 102.7 102.7 101.2 103.8 105.5 104 98.4 91.1 88 88.7 86.7 87.7 86.7 82.1 82 78.5 79.2 80.9 85.1 90.9 89.8 84.2 80.3 79.3 79.6 79.3 80.6 84.4 87 86.9 92.9 94.4 94.8 92.9 92.3 89.8 86 81.7 77.6 75.9 74.8 74.9 72.9 72.8 76.7 77.7 74.3 76.5 76.6 73.9 67.5 64.6 64.3 64.5 64.8 65 65.4 65.8 69.2 68.8 67.8 68.3 72.1 71.1 71.9 72.8
72.3 76.8 71.2 63.2 63.7 66.7 67.8 74.6 79.9 81.1 78.9 82.6 87.4 89.8 91.8 96.9 103.2 107 107.5 104.3 100.4 103 104.6 102.4 95 91.2 91.3 89.8 89.5 88.1 84.8 82.7 79.9 78.3 79.7 81.1 86.3 88.1 83.4 78.8 78.1 79 79.3 77.9 82.2 83.4 84.3 90.2 90.9 90.4 90.6 89.3 88.2 84.2 80 76 73.6 73 72.6 71.2 70 71.8 75.9 73.9 72 70.9 70.1 66.2 64.2 64.1 64.3 64.5 64.7 64.4 68 71.4 70.8 69.8 71.8 74 73.3 74.8 76.8
72 77.2 79.6 70.5 64.7 65.6 66.9 74.3 80.5 83.1 80.4 80.9 87 90.7 93 98 104.2 107.3 106.2 103.3 99 98.7 102.9 102.9 97.5 92.2 90.8 93.9 94 89.6 86.6 86.2 82.8 80.1 78.4 79 81.3 83.6 82.2 79.3 77.5 77.7 78 77 77.8 79.9 80 81.1 84.6 85.6 88.1 86.1 84.8 81.7 78.3 74.4 71.6 71.2 70.9 69.9 68.9 68.6 73.7 74.7 72.4 70.7 68.3 65.7 64.1 64.1 64.2 64.4 64.6 64.8 67.7 71.2 72.6 72.1 72.6 74.9 74.8 76.8 78.1
