public/OST50/NX86.asc
ncols 200
nrows 200
xllcorner 280000
yllcorner 560000
cellsize 50
[rows 74 to 110 of 200, columns 83 to 165 of 200]
58.2 66.6 72.9 75 73.4 75.6 78.4 78.3 78 79.2 81.3 85.7 93 97.3 101.9 104.9 110.1 115.7 118.8 123.4 129.3 133 128.8 126.1 125.2 133.3 129.9 120.2 109.5 96 79.3 74.3 67.3 63.3 62.4 63 65.8 66.8 68.8 68.6 67.8 64.5 63.1 58.5 56 54.3 53.5 53.3 53.2 53.2 53.4 53.6 53.7 53.7 53.7 60.4 71.4 72.3 70.8 68.4 68.6 72.7 74.3 80 83.1 85.2 86.6 85.3 86.4 87.3 87.1 87.2 83.4 80.4 78.6 83 87.8 92.3 96.5 99.8 101.1 101.2 101.9
62.7 70 76.4 82.2 79.5 79.5 81.8 78.1 73.7 76.6 78.8 79.2 87.9 95 98.7 100.1 108.6 112.6 117.2 122.7 128 132.4 129.3 124.1 122.2 126.7 127.3 120 109.2 93.3 78.7 72.6 68.7 64.3 62.8 66.1 70.3 66.4 70.5 72.5 69.2 63.9 59.8 57.4 55.7 53.9 53.4 53.1 53.3 53.7 53.3 53.6 53.7 53.9 54.3 56.5 65.7 63.8 63.3 64.9 72.9 79.7 84 84.7 86.8 89 88.6 86.8 86.7 87.3 87.5 85.1 84 83.3 80.3 83.4 88.1 92.8 97.2 101.4 102.6 104.1 104
63.5 68.8 74.6 79.3 86.4 82.8 81.9 80.8 76.4 73.5 75.6 75.9 83.1 90.9 94.2 99.2 105.5 109.6 115.4 119.3 125.3 130.1 130.2 120.4 119.4 121.4 121.3 114.2 105.2 93.5 76.9 71.9 68.5 63.2 61.1 67.4 71.3 68 68.8 70.9 64.1 60.4 59.8 59.3 58.5 55.1 54.1 54.8 52.9 53.9 54.2 53.5 53.4 54.6 54.9 56 57.8 62.1 65.1 68.4 75.1 82.8 87.7 90 91 91.3 90.1 88 87.7 87.6 87.6 86.1 85.2 86.9 80.3 85.6 89.1 93.9 98.1 102.3 104.2 106.2 106.7
63.5 68.1 72.5 76.2 84.3 83.7 77.4 77 77.1 72.6 74.3 73.8 80.4 86.5 91 96.3 101.1 107.7 112.9 117.4 122.5 125.1 129.3 119.1 114.3 115 114.8 110 101.3 89.4 75.3 71.6 66.5 61.6 60.2 64.3 70.1 67.2 66.1 69.6 59.8 59.6 62.3 61.5 58.5 56 54.3 54.2 53.5 53.6 53.6 53.3 53.9 56.6 58.8 62.2 65 67.4 71.9 74.5 77 84.2 88.6 91.3 93.3 93.2 90.5 89.2 89.4 89.4 88.1 87 86.2 85.6 81 86.8 90.9 95.8 98.9 102.3 104.8 107 109.1
62 66.2 69.7 73.7 81 82.2 74.7 71.5 71.9 70.7 69.6 70.8 76 81.6 86.7 93 101 105.8 110 114.8 119.7 123.2 124.4 117.1 114 108.2 106 103.2 95.2 84.9 73.8 69 62.8 56.2 55 57.9 66.7 65.1 62.7 63.1 61.4 58.4 58.2 58.2 57.1 55.9 53.7 55.6 52.8 52 52.1 52.4 53 57.6 61.7 66.4 67.9 72.4 77.5 78.7 81.3 85.4 90 92.8 95 94.2 92.5 92.4 91.4 90.9 88.8 87.7 86.7 84.5 81.9 87.4 93.1 98.9 99.6 102.3 105.3 107.8 110.3
59.4 62.7 66.3 70.9 77.3 78.8 73 66.5 65.8 67.1 68.2 67.1 73.7 76.6 83.6 90.6 97.8 102.1 104.9 113.1 122 129 121 114.3 113 108.5 105.1 100.7 92.8 85.4 77.4 70.5 67.7 57.3 53.4 53.7 58.4 58.7 57.9 61 63.4 59.4 57.6 55.5 54.8 53.2 53.8 55 51.9 51.8 52.1 52.5 54.6 60 64.2 68.6 70.5 77.3 80.5 82.7 85.1 87.6 90.8 93.9 96.5 95.8 95.1 93.2 93.3 91.6 89.4 87.9 87.1 84.4 82.9 89 94.3 100.1 100.8 103.2 106.9 109.5 111.5
52.5 59.3 62.7 66.3 72.4 75.3 72.1 66.7 62.5 63.3 63.1 67.9 72.7 76.2 83.4 89.3 95.9 99.5 100.8 111 122.2 126.9 118 111.8 112.6 109 102.7 96.4 90.1 82.5 75.6 70.8 67.5 60.1 53.9 52.9 54.8 53.1 54.8 56.9 58.1 59 57.5 53.9 52.7 52.1 52.9 54.2 52.7 52.9 52.8 52.8 56.6 62.9 67.9 68.3 73.7 79.4 82.4 84.9 86.5 90.1 92.4 95.8 97.6 97 96 92.9 92.9 92.4 89 88 85.9 83.2 87.5 91.8 94.3 99.9 101.5 103.8 107.1 110.4 112.5
51.5 53 56.1 60.4 65.5 70 68 64.9 60.5 60.5 62.3 66.7 71.6 73.9 81.9 87.3 93.3 98.2 97.9 102.5 109.5 113.5 113.5 107.9 105.6 104.3 97.4 92 85 79.3 73.9 71.2 66.9 60.8 57.2 50.2 50 50.6 49.1 50.2 51.6 55.9 53.5 55.8 54.4 52.6 53.3 52.7 51.8 52.2 52.2 52.9 57.4 63.1 68.2 69.7 74.7 80.4 84.7 88.8 90.3 92.9 94.1 97.3 98.6 98 96.6 93.4 91.3 92.2 90.3 88.9 86.3 82.8 87.6 90.1 93 98.5 101.1 103.8 107.1 110.7 113.2
52 54.1 53.2 54 59 62.8 62.4 61.2 58.7 59.8 64.1 64.4 68.3 73.7 79.7 86.1 90.4 95.3 96.6 97.1 99.6 103.2 104.6 104.2 100.7 97.2 94.9 89.6 82.6 77.1 72 68.5 63.8 57.7 51.8 49.1 49.1 49.1 49 48.4 49.7 51.1 52 54.9 60.2 56.9 54.6 51.9 51.8 51.5 52.8 56.3 58.7 61.6 67.2 73.3 77.4 80.8 84.4 89.9 92.7 94.2 96.2 98.8 99.2 98.4 97.3 96 92.9 92.3 90.1 88.6 86.8 84.1 84.5 89.9 93.2 98.5 101.8 104.1 107.4 110.5 113.5
52.4 51.9 52.9 53.7 55 56.5 56.7 57.2 57.6 58.9 61.4 61.9 69.5 74 77.9 83.8 88.8 92.7 93.8 92.9 92.3 94.1 94.8 96.8 93.8 89.1 88.5 86.3 81.8 73.8 69.4 66 58.7 53.8 51.2 48.6 48 48.3 48.2 50 51.3 55.2 52.9 53.3 58.2 60.9 61.5 52.6 51.6 52 55.9 58.8 61.4 64.4 70 75.7 79 81.4 85.5 91.1 94.1 97.1 99 100.3 99.5 98.7 96.5 96.9 93.4 92.4 89.5 88.1 86.5 84.8 86 90.5 94.7 98.8 100.8 103.4 107.6 110.6 111.3
53.1 52.2 52.4 53.8 58 56.4 56 56.4 56.7 57.3 59.1 60 68.1 73.4 78.9 80.6 87.5 90.3 92.2 89.7 86.5 88 88.1 88.8 89.3 88.2 82.8 80.6 76.3 70.5 67 63.4 59.9 55.3 53.4 49.4 48.1 47.7 48.3 54.4 59 60.4 54.6 52.8 55.6 61.5 61 57.8 51.8 51.4 56.8 59.3 61.5 66.1 71.1 76.8 81.3 82.5 86.9 91.8 95.9 98.3 100.1 101.5 101.2 100.4 97.2 96.9 92.2 90.3 88.7 87.6 87.2 85.5 85.6 89.1 94.5 98.8 100.3 101.5 105.7 107.7 110.1
57.9 51.3 51.9 54.8 58 56.6 55.7 55.5 55.9 56.5 57.7 59.2 66.9 73.1 76.9 80.7 84.7 85.5 89.1 85.8 82.6 82.5 83.2 82.3 81.6 84.3 82.9 76.5 74.4 69.1 64.4 60.5 58 54.2 50.6 48.4 47.3 47.4 48.5 59.2 66.4 67.4 63.6 55.5 59 62 61.2 60.8 59.1 51.8 53 59.4 64.1 69.4 74.4 79.2 83.5 84.7 88.1 91.7 96.6 98.4 99.9 102.6 102.6 101.8 99.5 96.4 93 89.7 88.8 88.2 85.1 85.9 86.8 90.8 95.1 99.1 100.5 101.4 104.3 107.2 109.6
58.1 52.1 51.5 53.4 53.9 55.8 54.3 54.5 54.7 55.8 56.7 58.3 64.8 69.2 73.8 79.9 81.2 81.9 84.3 81.9 80.5 79.6 78.5 77 76.2 78.6 79.3 76.2 69.5 66 59.3 56.7 56.2 54.3 50.7 48 47.1 47.7 53.5 62.7 69.1 71.8 68.2 64.9 60.6 61.7 60.2 60.6 60.6 54.5 51.6 54.3 64.9 69.1 75.1 79 82.3 87.5 88.7 91.4 96.7 99.2 99.6 102.2 103.2 101.9 98.9 95 92.9 91.4 90.1 91.6 87.3 86.1 87.1 89.2 93.3 96.2 99.1 101.5 101.9 105.5 109.4
54.3 53.3 51.3 51.7 52.2 53.3 54.3 54.4 54.5 53.9 55.3 56.5 61.8 66.3 73.2 76.7 78.2 78.8 77 78.7 77.5 75 71.7 70.9 72.2 73.5 75.9 73 67.9 61.6 58.6 57.3 53.5 52.7 49.8 47.6 47.1 47.5 53.3 64.4 70.2 74.3 70 66.5 62.6 59.3 58.6 58.6 59.5 59.8 51.1 59.4 68.5 73 75.5 79.9 85.6 89.3 89.9 91.2 95.8 98.9 99.9 100.6 102.9 101.5 99.2 95.8 94.3 93.4 91 92.4 92 86 86.4 89.5 92.9 97.4 100.6 101.8 102.7 105.5 109.8
53.5 53.6 52.5 51.4 51 52.7 54.4 54.4 54.3 53.6 53.6 54.7 58.3 63 67.9 69.4 72 73.8 69.8 72.5 72.7 71.3 68.2 67.2 67.8 69.1 71.2 71.3 69.2 63 61.3 59.7 53.6 50.7 49.5 47.2 47.3 47.5 52.8 62.2 67.9 73.8 70.7 66.4 63.8 58.1 58.5 56.6 57.9 53.8 51.2 63.6 70.1 74.6 77.6 80.6 86.6 89.4 91 91.2 94.9 98.2 99.6 99.2 101.3 101.7 99.9 95.5 94.5 94.1 92.2 92.1 91.3 88.9 87.2 90.4 94.2 98 100.8 103.9 105.5 106.9 110.6
52.8 52.9 53.7 53.6 50.9 51.4 51.3 52.1 52.9 53 52.6 53.5 54.8 59.2 63.1 65.1 69 63.3 62.2 64.6 65.7 67.4 64.8 62 62.7 63.8 66.1 67.6 66.9 66 66.3 59.1 57.6 51.4 48.3 47.6 47.5 47.6 52.1 58.4 64.8 71.6 70 65.1 61.9 58.5 54.8 55.9 53.5 51 58.7 68.6 72.3 78.2 81.9 84.4 85.3 87.2 90.2 90.7 93.2 96.8 99.1 98.7 100 101.3 100.5 97.2 95.1 95.5 93.3 92.5 91.6 90 87.8 90.4 93.8 96.7 101 104.2 105.8 109.3 113.5
52.1 51 51.7 52.5 52.3 50.7 50.4 49.9 50.9 51.9 52.2 52.4 52.7 56.7 57.5 59.6 60 55 57.3 58.7 61.2 62.9 62.3 59.7 58.9 58.8 61.2 64.3 65.3 62.7 61.8 60.4 55.3 50.4 48.2 48 47.8 47.5 49.5 56.5 62.4 67.9 66.8 62 56.6 53.7 51.2 52.4 50.7 51.6 64.1 69.6 73.2 79.6 83.5 87.2 88.7 90.8 91 92 93.4 94.8 97.7 97.9 98.4 100 101.1 98 95.2 96.3 95.3 92.6 92 89.7 88.2 89.9 92.4 95.7 99.3 102.8 105.5 107.4 109.7
51.6 51.9 52.1 52.4 51.4 51.7 51.6 50.3 48.7 49.8 50.5 51.8 50.4 51.7 55.3 54.1 52.1 51.5 55.1 56.7 56 56.8 58.6 59.1 59.9 58.4 57.7 59.4 61.3 60.6 58.4 57.3 52.2 50.9 48.3 48.1 47.8 47.5 47.6 52.6 59 62.9 62.5 56.3 49.9 49.8 50.3 51 51.2 59.5 66.1 70 76.4 81.3 85.5 88.7 91.5 93 91.6 91.9 93.1 95.1 96.7 97.6 98.1 99.1 100.4 98.4 95.2 96.1 96.8 94.7 92.5 90.8 88.6 88.9 91.1 94.4 97.5 101.7 104 104.7 107.7
53.4 53 52.7 52.3 52.8 53.4 54 53.3 51.6 50.3 48.1 47.8 48.1 49.2 49.2 51.1 50.8 50.5 53.5 56.1 55.5 55.4 55.8 59.7 61.2 59.4 55.7 55.7 57.2 57.6 53.7 52.7 50.8 50.6 48.3 48 47.8 47.5 47.5 48.5 54.8 59 57.1 49.5 49.6 49.7 50 50.9 60.8 64.5 67.1 72.4 78.2 83.1 87.2 90 92.8 94.7 93.5 92.2 92.8 94.6 95.6 96.3 97.3 98.9 100.4 99.2 96 96.2 96.6 95.9 93.5 91.1 88.9 89.2 90.7 93.7 96.7 101.7 103.1 104.2 106.8
53.5 53.7 53.3 53.8 54.3 55 55.5 55 56.5 54.3 49.9 48.6 47.2 47.1 47 48.3 49 50.1 51.9 54.4 55.3 56.2 57.9 63.1 64.1 58.9 55 52.6 53.6 53.4 50.7 48.5 47.9 48.6 48.2 48.3 48 47.7 47.6 47.8 51.7 55.1 53.5 49.3 49.5 49.5 51.1 54.9 61.1 64.9 70.2 74.6 79.9 86 88.9 91.3 94 95.6 94.3 92.7 93.3 93.9 94.8 95.5 96.8 98.7 100.6 99.6 97.3 96.8 96.7 96.4 94.5 92.1 89.9 89.7 90.1 93.9 95.5 101.2 103.1 103.1 104.7
54.1 54 55 56 56.9 57.2 58.1 57.8 56.6 54.9 51.7 50.7 48.2 46.9 46.5 46.9 47.9 49.1 51.7 55 58.8 58.9 65.4 65.7 67 60.8 56.3 51.4 49.7 49.4 48.2 47.2 49.1 49.7 48.1 48.4 48.2 48 47.8 48.5 50.6 50.7 49.2 49.3 49.3 49.3 52.1 56.8 62 66.9 72.1 75 83.3 88.1 91.2 92.5 94.3 96.1 96.2 93.4 93.5 94.7 95.7 95.8 96.1 97.3 98.9 98.6 97.3 97.7 97.5 97 94.8 92.7 90.5 90.1 90.6 93.4 96.4 100.7 101.9 102.3 103.9
54.7 55.8 56.9 57.8 59.1 61 61.6 59.6 58.8 56.2 51.9 50.3 49.1 47.5 46.5 46 47 48.1 51.3 58.3 65.6 66.2 67.2 67.6 63.2 62.4 57.2 52.9 48.7 47.8 47.3 47.4 47 49.1 48.3 48.4 48.3 47.8 48.2 48.4 51.9 49.1 49.3 49.2 49.1 50.2 53.1 57.1 63.5 68.2 71.8 77.7 85.3 88.9 93.1 93.4 93.9 96.6 96.5 95.2 93.6 94.5 95.2 95.8 95.7 96.6 99.3 100.4 98.8 98.1 97.6 97.5 96.3 94.2 91.5 90.5 91 94.4 98.5 98.1 100.5 103.1 103.2
56.2 57.8 59.8 61.7 61.9 62.1 63.3 63 58.2 55.6 53.7 50.8 49.5 48 45.5 45.2 46.2 48.5 53.8 62.2 68.1 70 66.8 65.1 61.7 60.2 58 51.2 47.7 47.4 47.2 47.3 48.1 48.3 48.6 48.8 48.1 48.6 47.8 48.7 51 49.4 49.3 49.2 49.2 51.3 56.2 58.1 63.4 68.4 73.2 78.6 83 89.1 92 96 96.4 97.3 96.6 95.9 94.2 94.4 95.1 96.7 97.1 98.1 100.4 100.4 98.7 97.7 97.8 97.6 96.5 94.2 92 90.9 91.4 92.9 95.9 96.6 98.6 100.5 102.8
58.9 59 64 66 65.5 64.6 65.5 64.4 61.4 58.7 57 54.1 49.1 46.8 45.2 45.1 45.7 48 53 61.5 65.7 67.6 66.4 63.4 60.2 56.2 55.2 50.5 47.1 46.7 46.9 48.5 48.6 48.1 48.1 48.4 49.8 51.2 51.3 47.7 48.2 49.1 49.6 49.6 49.9 54.6 56.7 57.5 64 68.8 73.3 79 85 87.9 92.5 96.4 97.7 97.5 98 97.2 94.9 95.1 95.6 98.5 98.3 99.2 100.7 101.5 99.5 98 98.3 98.2 96.8 94.8 92 91.1 91.9 92.9 94.7 96.3 98.6 99.9 102.3
58.6 58.6 66.2 71.8 70.5 71.7 66.5 64.9 63.8 60.8 59.2 56.1 50.4 45.5 45.1 44.8 45.1 47.6 51.8 58.5 62.1 63.1 63.4 60.7 57.4 53.1 51.5 48.3 46.8 46.7 46.7 47.3 48.2 48 47.6 47.7 47.5 50.9 52.8 53 49.8 48.2 48.9 49.9 52.2 56.3 57.4 60.2 64.4 69.3 74.2 80.1 85.2 87.5 89.6 94.8 97.3 97.9 98.5 98.7 96.7 95.6 96.1 98.3 98.9 100.7 103 102.2 100.6 98.4 98.9 98.7 96.7 95 93.5 91.7 92.4 93.2 95.4 97.7 100.4 101.5 102.8
64.5 62.5 65.7 73.4 76.4 72.1 70.4 66.1 64.1 62.1 59.8 55.7 50.1 44.7 44.5 44.4 44.8 48.7 54.3 55.8 57.5 58 58.9 57.7 53.6 49.6 46.8 46.4 46.7 46.6 46.6 47.4 47.4 47.5 47.4 47.3 47.3 47.9 48.8 50.5 51.7 49.7 49.2 50.2 55.8 56.2 58.4 62.1 66.6 71 75.9 80.3 83.3 86.8 88 92.5 95.7 96.8 98.7 99.7 99.1 98 96.8 98.5 100 103.9 104.8 103.8 101.6 99.2 100.4 99.1 97.4 95.8 95.5 94.5 93.1 93.6 95.4 97.5 100.4 101.6 102.7
74.4 74 67.9 73.9 78.1 77 73.5 69.8 64.5 63 59.3 55.8 47.2 44.2 44.1 44.1 46.1 51.4 52.5 54.6 53.8 54.2 53.5 53.4 49.8 46.5 46.1 46 46.1 46.3 46.9 47.2 47.1 47.7 47.2 47.2 47.4 47.6 49.5 50 50.8 50.5 50.5 52.3 55.5 57 58.9 63.6 68.1 72.4 76.3 79.9 82 85.5 87.5 91.4 93 94.8 97.6 99.7 98.5 97.8 98.9 102.8 103.1 105.2 106.3 106.5 103.6 100.7 100.6 100.7 99.8 98.1 97.6 96.6 94.7 92.7 94.6 94.9 99.2 101.5 103.3
80.8 82.7 78.7 77.1 80.3 81.4 74.5 69.5 65.7 62.9 57.7 51.6 45.7 43.9 43.8 44.2 48.8 52.4 51.7 50.7 51.7 52.2 51 50.5 47.7 46.4 46 45.8 45.9 46 46.6 46.3 46.5 48 47.6 47.5 47.7 47.9 48 50.5 51.3 51.9 53.1 54.6 55.7 58.9 60.4 64.8 69.8 72.9 76.6 79.1 81.1 85.3 88.9 91.1 92.6 93.9 94.5 97.4 99.9 101.1 103.8 105.1 106 106.6 108 108.4 106.1 102.8 101.4 101.4 100.6 99.8 98.7 97.2 95.9 97.7 93.7 94.3 97.4 101.2 102.7
84.5 86.9 87.9 87.7 87.4 85.9 84.9 79 71.8 64.2 59.9 51.3 44.6 43.9 43.8 46.7 51.8 51.4 50.8 48.4 48.7 49.2 51.1 49 47.3 46.3 45.9 45.6 45.7 45.8 46 45.9 46.2 50.4 47.7 47.7 47.5 47.6 47.8 48.5 51.4 53.6 54.7 55 59.1 60.2 63.1 67.4 71.2 73.3 76.1 78.1 81 85.4 88.1 89.9 92.3 94.2 94.7 100.4 104.2 105.6 106.5 107.3 108.2 109.2 109.6 110.3 109.1 105.8 101.5 102.1 101.2 100.3 98.5 97.8 98 98.5 96.7 94.4 95.6 98.3 102.1
91 92.9 92 93.4 96.5 92.1 89.5 86.7 79.7 70.2 61 51.9 43.5 43.3 44.9 50.7 52.1 50.4 49.5 49.4 47.8 48.4 49.8 48.6 47.2 46.3 45.9 45.5 45.5 45.6 46 46.3 46.4 47.6 47.2 47.2 47.3 47.5 47.6 48.3 52 56 56.2 56.9 62.5 61.9 64.8 67.4 71.1 72.7 74.8 77.3 80.9 84.5 86.5 90.8 94.9 98.1 99.2 102 105.6 108 108.8 109.7 110.6 111.2 111.3 111.9 112 109.7 104.4 103.5 102.9 100.8 99.3 98.1 98.1 99.6 99.5 97.1 95.9 98.1 102.2
96.6 99.1 100.2 99.7 101.4 103.5 100.1 90.5 81.4 71 59.4 44.7 43.1 43 44.8 47.5 49.7 49 49.4 49.4 48.9 50 48.4 48.6 47.3 46.4 45.8 45.5 45.5 45.5 46 46.6 46.8 46.9 47 47.1 47.2 47.3 47.5 48.3 49.5 55.4 57.3 62.4 64.6 63.1 65.1 68.1 70.3 74.2 75.2 77 79.3 83.5 87.9 92 96.7 100.5 102.9 104.6 107.3 110.4 111.2 112.2 113.2 113.5 113.3 113.8 114.4 111.9 107.4 104.5 104.8 102.2 100 99.2 99.2 99.6 99.8 99.4 97.5 97.7 102.6
102.5 104.2 105.4 105.6 109.2 109.8 110.8 102.5 82.7 64.2 49.5 42.8 42.6 43.1 44.2 45.5 47 49.8 50.3 49.2 48.3 48 47.5 47.4 47.4 46.5 45.8 45.5 45.4 45.4 46 46.4 46.6 46.8 46.8 46.9 47 47.2 47.6 50.1 53.6 56.1 58.3 60.9 65.8 62.8 66.6 68.1 69.5 73.4 75.3 76.6 79.2 83.8 87.3 92.6 97.4 101 104 107.3 109.1 112.2 113.6 114.8 115.7 116 115.7 115.6 116 114.7 110.2 108 106.2 103.9 101.1 100.4 100.4 99.7 100.5 100.5 99.2 98.8 104
106.6 108.9 111.2 112.1 116.6 120.5 119.4 111.8 81.3 56.8 48.7 43.9 42.6 43 44.1 43.2 43.7 45.6 45.8 49 48.8 49.2 48.4 47.4 47.1 47.6 46.9 45.6 45.9 45.7 45.8 46.2 46.5 46.6 46.7 46.8 47 47.4 48 51.3 55.4 58.1 59.6 62 60.5 62.3 65 67.3 69.7 72.4 74.5 76.4 79.5 83.6 88 93.4 98 101.4 105.1 109.1 111.8 114.1 116.1 117.5 118.3 119 118.8 118.8 118.9 118.2 114.8 111.1 107.9 105.5 102.9 101.8 100.9 100.3 100.9 101.5 100.7 99.5 100.3
111.4 114.4 117.2 117.9 122.6 126.1 122.8 102.5 74.2 59.3 49.6 46 44.5 42.5 42.7 42.1 42.9 43.8 44.9 47.8 48.4 48.1 49.2 48.2 47.4 47.1 46.5 46 45.1 46.2 46.3 46 46.4 46.5 46.6 46.8 46.9 47.1 47.6 52.6 56 57.3 59.1 59.1 60.6 62.6 64.7 67 69.7 72.1 74.3 75.8 80.1 84.3 89.8 95.1 98.8 101.7 106.2 110.7 112.8 114.9 119 120.8 121.6 122.8 122.7 123 123.1 121.4 118 114.7 110.2 107.9 105.1 102.9 101.4 100.7 101.3 101.6 102.2 102.8 102.4
113.7 117.8 123.2 127.6 124.9 123.5 119.8 95.3 76.5 61.8 51.6 44.9 42.7 42.2 42.2 42.3 43.3 44.2 47.2 46.2 46.4 47.9 47.9 47.4 47 46.6 46.4 46.6 45.4 45.9 46 46.2 46.3 46.5 46.7 47 47.2 47.4 48.3 53.6 54.4 55.8 55.5 57.6 58.7 62.2 64.7 66.8 69.2 71.6 73.9 75.3 80.5 85.5 90.5 95.5 99.7 103.1 108.1 112.2 114 116.3 119.1 121.3 124.9 126.6 126.8 127.1 126.6 124.8 121.9 118.1 112.8 109.6 107.3 105 103 101.3 101.4 102.1 103.7 104.5 104.9
116.5 120.3 125.6 132 136.3 124.1 107.2 92.3 73.9 62.9 49.7 43.5 42.4 42.2 42.3 43.3 49.3 44.5 44.9 47.6 48.3 46.2 46.9 47.5 47.2 46.8 46.4 44.1 45 45.9 46 46.2 46.3 46.6 46.8 47.1 47.4 47.8 50.7 52.4 52.9 53.6 56 58.1 59.7 65.4 65.5 66.2 69.2 72.5 74 75.7 80.5 85.9 90.7 95.4 99.8 106 108.5 112.7 115.6 118.4 122.5 127.6 129.6 130.3 130.3 130.6 130.5 129 125.9 122.7 116.7 112.6 109.5 106.7 103.5 102.1 102.2 104.1 104.5 105 105.8
119.4 123.7 128.2 127.5 127.2 115.3 103.9 87.7 70.2 59.5 48.3 42.7 42.5 42.3 42.2 42.3 50.7 50.2 45.7 45.2 47.3 48.4 48.3 46.8 46.6 46.3 46.5 45.3 44.5 45.6 46 46.2 46.5 46.7 46.9 47.1 47.3 47.2 50.4 50.4 52.1 54.9 58.3 60 64.2 68.7 68.6 68.1 70.2 73.9 76.1 78 81.2 87.5 93.1 98.4 107.9 105.5 110 112 115.8 119.7 124.1 127.2 130.1 131.8 132 133 134.1 132.9 129.6 126.1 120 116.2 112.7 108 104.8 103.5 103.4 104.8 105.3 105.6 105.9
