public/OST50/NX91.asc
ncols 200
nrows 200
xllcorner 290000
yllcorner 510000
cellsize 50
[rows 114 to 151 of 200, columns 84 to 167 of 200]
94 92.8 89.8 86.4 84 81 76.7 74.7 77.8 85.7 95.6 103.8 111.3 117.7 123.1 127.2 127.8 127.3 126.1 123 119.8 117.5 116.1 114 112.4 111.4 112.2 113.1 112.3 109.6 104.9 101.1 98.8 94.8 90.2 84.3 78.5 73.4 68.6 65 60.5 61.2 64.7 69 73.6 77.1 81.4 83.7 84.5 88.2 89.7 89.4 87.2 82.9 79.9 77.9 75.1 72.2 74 76 78.2 81.1 83.6 85.6 86 86.5 86.4 85.4 85.1 84.8 84.2 85.2 82.7 71.9 65.2 59.4 51.4 44.1 38.1 33 27.2 22 17.1 15
94.1 91.8 89.1 85.7 82.4 79.1 74.3 73.9 77.9 86.4 95.7 103.4 111.2 117.6 123.3 127.3 129.1 128.3 126.6 123.2 119.8 116.7 114.5 112 109.7 108.5 108.7 110.6 110.9 107.7 103.6 100.4 97.6 93 89.1 83.3 77.7 72.8 69.3 65.1 62.5 59.4 63 67.4 72.1 76 80.5 83.9 84.6 87 88.8 88.6 86.2 82.7 79.8 77.8 74.6 72.3 73.5 75.9 78.8 81.7 83.5 85.3 86.1 86.3 85.9 86.3 87.3 87 89 90.6 87 86.1 80.1 71.8 58.4 47.4 39.8 33 25.3 18.9 14.6 14.4
93.9 91.8 87.9 84.5 81.2 77.8 72.2 73.2 77.2 85.7 95.4 103.1 110.4 117 122.5 126.4 129.5 128.7 127.1 123.5 120 116.8 113.7 110 107.2 105.3 105.5 107.5 108.4 105.8 102 99 95.8 91.7 87.7 82.2 78 73.3 69.6 66.7 63.5 58.1 61.9 66.1 70.4 74.9 80.7 84.1 86 87.7 88.1 87.3 86 82.4 80.3 77.6 74.6 71 72.8 76 79.1 82 83.9 85.3 86.2 86.8 86.5 87.7 88.9 90.2 92.9 94.4 95.6 94.9 95.2 94.1 81.2 56.9 42.8 33.4 24.7 16.9 12.3 12.8
92.9 91.1 86.7 83.4 80.1 76.6 70.4 72.6 77.5 85.3 94.1 102.6 109.9 115.8 121.5 126.1 129.2 129.1 126.2 123.3 120.2 116.8 112.7 108 105.2 102.1 101.8 103.7 104.3 104 100.5 97.3 94 90.5 86.2 82.1 78.9 73.9 69.6 67 63.6 58.7 59.5 65.5 70.3 74 80 84.7 87.2 87.6 87.5 87.2 85.3 82.6 80 76.5 73 70.5 73.2 76.1 79 81.9 84.8 86 86.4 86.8 87.7 88.9 90.6 92.2 95.4 97.4 100.1 102.3 103.8 102.5 97.6 75.7 56.3 36.3 24.2 14.4 11.9 11.1
91.3 91.1 85.8 81.4 78.1 74.2 69.2 71 76.7 84 92.6 101.1 108.8 113.7 119.9 125.9 129.2 129.4 126.3 122.8 118.8 115.3 111.1 106 102.8 99.4 98.6 99.7 101.5 101 98.3 95.5 92.3 89.2 85 81.8 79.3 73.5 68.8 65.9 63.2 57.2 59.2 65.3 69.6 73.8 79.3 85.8 88.7 88.7 86.5 86.3 84.5 81.7 78.6 75.2 71.8 70 72.8 75 78.4 81.7 84.1 85.9 86.2 87.5 89.1 90.9 92.1 94.5 97.6 99.7 102.8 106.1 107.6 106.3 101.7 85 66.9 43 23.6 16 12.1 11.3
90 89.1 85 79.4 75.9 72.9 67.8 69.6 76.6 83.4 90.7 100.9 108.1 113.5 118.4 124.4 129.2 130.7 127.6 122.6 117.9 114.1 109.6 104.6 100.2 96.3 94 96.3 98.3 97.5 96.8 94.7 90.9 87.7 84.8 81.7 77.7 72.2 67.6 65.3 62.1 54.3 60.5 64.8 69.5 75 79.5 85.1 88.4 88.9 88.1 86.2 84.1 80.9 77.1 73.8 70.4 69.3 72 75 78.4 81.1 83.7 85.4 86.4 88.3 90.4 92.3 94.6 96.8 99.4 101.3 103.7 106.9 110.1 108.5 102.3 88.7 68.8 46.1 25.6 15.2 14.2 11.4
88.2 87.6 83.1 78.1 73.9 70.9 66.4 69.3 74.1 81.6 89.6 98.2 106 113.4 118.8 124.2 128.9 131.2 129.4 123.7 117 113.1 108.5 103.5 97.9 93.3 90.3 93.2 94.8 94.2 93.8 93 89.4 86.8 84.3 81.7 76.7 71 67.4 63.4 57.5 56.4 61.5 65.4 71.3 76 80.5 85.6 89 88.9 87.9 86.4 83.4 80.2 75.2 72 69.2 69.1 71.8 74.5 78.1 80.7 83.6 85 86.4 87.9 90.9 93.8 96.1 98.5 100.2 102.7 105 107.8 110.8 109 100.5 87.3 67.5 46.3 24.8 13.4 10.5 11.2
85.8 85.7 81.2 77.1 72.6 69.5 64.7 67.7 73.4 81.1 89 97.7 104.9 112.7 118.7 124.4 129.1 131.6 130.3 125.2 118.5 111.8 106.9 102 96.6 91.8 87.7 90.4 91.7 91.4 90.8 89.8 88.1 86.2 83.2 80.4 75.5 69.6 66.3 58.6 52.2 58.6 62.8 66.4 71.4 76.4 81.4 86.4 89.6 89.9 88.3 86.2 83.2 78.4 73.9 70.3 67.6 68.9 71.6 74.2 77.7 80.8 82.7 84.1 85.5 87.9 91.3 94.5 96.3 98.4 101 103.1 106.2 109.2 110.7 107 97.5 85.5 65.9 44.3 23.3 12.7 10.6 11.3
83.3 84.1 80.2 76.2 72.1 68.1 62.4 65.1 72.2 78.5 87.7 96.4 104 111.3 117.2 123.2 128.5 130.8 131.1 126.8 119.4 111.7 106.3 99.8 95.1 90.4 85.3 87.2 88.8 88.5 87.6 86.6 85.5 84.1 82.1 78.9 74.9 68.6 65.2 59.9 52.2 59.7 63.7 67.8 72.5 77.8 82.8 86.7 89.9 89.7 88.5 86.1 81.5 77.6 72.9 69 66.8 67.8 70.2 73.5 76.9 80.2 82 83.5 85.4 88.2 91.6 94.1 95.8 97.9 100.1 103.4 107 110 108.7 103 92.4 80.2 63 41.8 21 13.8 11 11.6
80.7 81.7 78.5 74.1 70.3 66.4 60.1 62.7 69.7 76.8 86.2 94.6 102.5 109 115.1 121.8 127.3 130.3 131.8 128.1 120.4 112.5 106.7 100.2 95 89 82.2 79.7 79.8 80.6 80.9 82.4 81.8 81 80.4 77.6 73.3 68 63.6 57.3 49.9 59.3 63.5 68.7 74 79.1 83 87.6 90.7 91.3 88.9 84.9 80.7 76.4 72.2 67.7 65.6 67 69.4 72.4 75.8 79.4 81.7 83.7 86 88.7 92.6 93.8 95.3 97.1 99.8 103.3 106.5 108.1 105.4 97.5 87.4 73 59.5 38.3 18.2 10.8 11.6 11.5
77.7 79.2 76.7 72.1 68.3 64.7 58 61.6 67.6 74 83.4 92.1 100 106.6 113.1 120.5 125.7 129.7 131.4 129.9 122.5 113.5 106.7 100.8 95.3 87.6 87.1 85.6 82 80.5 78.2 73.8 76.3 76.6 77 75.4 72 65.5 61.5 53.2 50 58.5 63.5 69.8 75.6 79.7 83.9 88 90.1 90.2 88.4 83.6 79.3 75 70.3 66.4 65.2 66.9 69.8 72.3 75.8 78.1 80.4 82.8 86.1 89.2 92.5 93.5 94.8 96.6 99 102 104.1 103.9 98.7 90.7 80.7 66.8 51.8 32.3 15.3 10.2 11.1 12.4
72.9 75.1 74.1 68.7 66.2 63.2 57.5 55.4 64 72.1 79.9 89.3 97.7 104.5 111.2 118 124.6 129.5 132.3 132.6 126.8 116.5 108.8 102.7 97.3 90.4 90.5 91.5 91.7 87.6 81.2 72.7 67.6 70.7 72.2 71.9 69.2 64.3 56.9 47.3 50.5 58.3 64.5 70.9 75.8 79.9 84 87.7 89.4 89.2 86.7 82 77.7 73.1 68.7 65.3 63.9 66.5 69.7 72.5 75.2 78.2 79.8 82.3 86.4 89.6 92.8 93.4 94.7 96.1 98.7 100.5 100.4 97.9 92.9 83.9 73.1 61.7 43 25.8 13.1 11.1 11.2 11.1
69.2 70.9 70.7 66 62.5 60.5 58 50.4 62.5 70.6 78.9 87.3 95 102.2 109.6 117.5 124.7 129.8 132.7 134 130.8 120 111.6 105.5 99.5 94.8 95 96.1 94.8 90.2 84.6 77.4 70 67.5 67.1 66.9 65.9 61.1 53.6 43.9 51.8 57.8 63 70.6 76 80.1 83.3 86.7 88.1 87.8 85 80.3 75.7 70.9 67.1 64 63.5 66.3 69.2 72 75.9 78.6 80.3 83.1 86.6 90.4 93 94.1 95.2 96.7 97.9 96.5 95.3 91.2 86 77.5 67.2 53.3 32.9 18.8 8.7 10.8 10.8 10.7
65.5 65.2 65.8 64.8 59.2 57 55.3 47.9 59.7 67.2 75.3 84.8 93.6 101 107.8 117.1 124.9 130.4 134.2 135.4 133.9 124.6 114.4 108.8 103.8 99.2 98.6 99.9 96.8 91.7 85.9 78.4 71.8 68.9 65.2 61.4 60.5 57.3 50.1 43.1 50.6 56.4 62.4 69.6 75.2 79.1 82.3 84.9 85.9 85.6 82.5 78.1 73.8 69.5 65.7 62.9 63.4 65.8 69.2 73.4 76.9 79 80.4 83.2 87.8 92 94.3 94.7 95.9 96.2 94.4 93 89.4 85.4 78.4 70 60.2 41.4 25.5 14.6 8.7 10 10 10.2
2.6 60.2 60.9 62 58.8 54.5 51.8 44.6 54.5 63.8 73.4 83.8 92.5 100.3 107.6 116.1 124.3 129.2 134 136.5 135.7 129.8 119.9 112.4 107.5 103.5 102.6 102.5 98.2 92.9 86.3 80 73.5 68.2 64.4 60.5 55.6 51.9 46 41.4 48.2 54.5 61.1 68.6 73.9 77.7 80.3 82.8 83.8 83.2 80.4 76.1 71.8 67.6 63.5 61.1 63.9 66.7 70.8 76.5 78.9 79.7 81.4 84.3 89.4 92.9 94.2 95.1 95.6 94.1 91.5 88.7 84.1 78.9 69.1 61.9 48.7 29.3 17.1 12.8 10.7 9.9 9.7 10
-2.5 55.5 56.8 57.4 56.6 52.9 48.1 42.5 50.4 61.8 71 81.3 90.8 99 105.7 114.2 122.1 128.6 133.1 137.3 136.6 133.4 125.3 117.1 111.1 107.3 105.5 104 98.4 94.4 88.9 80.5 73.8 67.7 62.8 58.3 53.5 47.3 44.3 37.9 45.4 51.7 59 66.6 72.2 75.5 77.7 79.9 81 80.4 77.9 74.2 70.1 66.2 62.6 63.5 65.6 69.2 74.2 78.4 80.9 81.6 83.2 86.3 90.6 94 95.2 94.8 94.4 91.8 88.7 83.4 77.7 70.3 60.8 50.7 36.4 19.7 14 10.7 10.3 10 9.9 10.1
-2.5 10.4 52.2 52.3 52.8 50.9 45.1 25.5 48.9 59.3 68.4 78.8 88.9 96.9 104.7 112.5 120.9 127.6 133.5 137.4 138.6 135.2 128.7 121.6 115.6 110.7 108.2 104.8 99 94 88.8 80.2 74.3 68.4 64.2 60.2 55.9 50.4 44.2 37.6 41.5 48 56.1 63.5 67.3 70.5 72.7 75.3 77.3 77.3 75 71.7 68.2 63.9 63.1 64.5 66.8 72.5 76.1 79.5 82 83.3 86.1 89 92.2 95.2 95.1 93.9 92.2 88.7 83.8 77.1 68.1 58 46.7 36.2 23.4 15.6 12.5 9.9 10.3 8.6 10 10.3
-2.5 -2.5 49.3 49.5 49.2 43.6 24.6 27.7 45.6 56.7 66.7 76.8 87.4 95.2 103 111.5 119.5 127.2 134.4 138.2 140 136.9 131.4 124.5 119.1 113.9 109.8 106.4 100.8 95.8 88.6 81.2 76.7 70.3 65.4 61.3 56.6 51.1 45 35.9 37.4 43.6 52.9 59.6 62.3 65.1 68 70.6 73.1 74 72.1 69.6 64.7 58.2 63.1 66 69.2 73.9 77.6 80.7 83.6 85.9 88.4 91.1 93.8 95.7 94.4 92.3 89.3 83.2 77.4 67.9 55.9 40.9 32.7 22.4 15.4 13.1 9.9 9.6 10.1 10 10.6 10.8
-2.5 -2.5 -2.5 2.9 43.6 24.6 12.5 37.2 43.3 53.6 64.1 76 87 94.9 101.3 110.1 118.6 128 135.1 139.6 140.6 138.1 133.8 127.2 121.2 115.9 111.8 108 102.8 96.9 90.9 84.6 76.6 70.7 65.9 61.5 56.2 50.4 44.9 37.7 34.1 40.9 48.5 55 58.5 60.2 63.2 66 68.4 68.5 67.5 65.1 61.8 61.4 64.4 67.8 71.4 74.8 79.4 83 86.5 88.8 90.8 93.7 95.8 95.1 93 89.1 82.9 76.3 67.8 55 38.9 25.7 16.3 13.3 12.2 9.9 9.1 9.7 10.1 10.5 10.8 11
-2.5 -2.5 -2.5 -2.5 1 1.3 2.8 34.2 40.2 51.3 62.5 75.7 86.3 94.2 100.8 109.2 119.4 129.5 136.1 139.3 140.6 138.5 135.5 128.7 122.4 116.5 111.7 107.9 105.3 99.3 93.1 86.7 79.6 72.3 66.7 60.9 55.3 49.8 44.8 39.3 33.5 38.9 44.3 49.6 55 57.3 60 63 56.7 47 47.6 48.8 53.5 61.8 65.4 69.3 73.4 75.8 81.4 85.3 87.7 90.5 94.3 96.1 95.8 93.7 88.7 82.4 76.8 68.6 55.9 41.1 25.9 16.2 11.1 10 11.2 9 9.2 9.5 9.9 10.2 11 11.7
-2.5 -2.5 -2.5 -2.5 -2.5 -2.5 0.2 3 37.6 48.8 61.8 74.6 85.6 93.4 100.5 109.2 120 130.5 135.6 138 139.8 137.5 134.6 129 122.2 115.7 109.9 106.2 104.2 100.1 94.7 89 82.8 75.4 67.8 61.4 54.8 49.2 44.6 41.8 33.2 37.2 42.1 44.8 51 54.4 57.2 51.1 43.4 52.2 59 60.8 60.9 63.5 65.8 70.7 74.6 78.3 84.4 87.7 89.7 93.3 96 96.2 94.7 89.7 83.1 76.6 68.6 60.7 47.7 31.7 18.4 11.6 9.7 11.7 10.1 9.5 9.3 10.1 10.4 10.5 13.1 14.4
-2.5 -2.5 -2.5 -2.5 -2.5 -2.5 -2.5 1 4.3 47.2 59.9 73.9 83.9 94.1 102.8 109.6 120.1 129.4 133.7 136 137.7 135.8 132.5 127.6 122.2 114.1 108.7 103.4 102.1 99.9 95.8 91 84.8 77.4 68.7 62.1 55.2 48.5 44 40.1 32.1 34 39.6 41.6 46 47.6 45.2 40.1 53 58.5 60.8 61.8 62.3 64.3 68.2 72.2 76.9 82.2 87.5 89.7 92.3 95.4 96.9 95.5 91.6 84.6 76.3 68.6 59.1 50.6 38.1 22.6 11.2 10.9 11.2 9.4 8.7 9.3 9.7 10.4 11.3 13.9 17.8 20.4
-2.5 -2.5 -2.5 -2.5 -2.5 -2.5 -2.5 -0.5 1.5 5.4 56.6 71.9 82.6 94.8 103.8 110.6 120 127.6 130.9 133.3 133.9 132.7 129.5 125 120 111.5 105.6 100.4 99.5 98.2 95 91.5 85.8 78.6 68.6 62.5 56 48.8 43.8 39.7 33.4 31.3 36.2 36.7 34.4 36.4 40.1 49.5 55.5 57.4 59.5 61.2 63.3 65.9 69.9 73.8 79.4 85.4 89.8 92.1 94.4 96.7 97.1 93.5 86.7 79 68.2 59.3 47.8 36.7 26.1 14.5 9.7 10.7 9.3 8.6 8.7 9.6 10 10.5 13.7 17.9 21.7 26.1
-2.5 -2.5 -2.5 -2.5 -2.5 -2.5 -2.5 -2.5 -0.3 1.9 29.1 68 82 95.2 101.6 111.2 120.5 126.6 128.6 130.1 130.4 129.3 126.6 121.6 116.6 108.2 101.9 97.5 97 95.9 93.2 90.3 85.2 78.2 68.6 61.6 56 49.2 43.6 38.9 35.2 29.4 30.7 32.9 38.4 43.7 46.8 50.7 53.5 55.7 58.7 61.9 64.9 67.4 71.4 76.2 82.7 88.7 92.6 94.7 96.1 97.3 95.1 88.5 80.2 70.5 59.1 48.5 37.4 25.4 13.9 9.6 9.3 9.8 8.9 8.6 8.9 9.7 10.5 12.9 17.7 22.7 27.2 32.9
-2.5 -2.5 -2.5 -2.5 -2.5 -2.5 -2.5 -2.5 -2.5 0.5 2.7 66.7 80 89.6 100.3 112.7 122.1 126.4 128 127.4 126.5 125.4 122.7 117.6 112.2 104.7 97.9 93.2 92.7 93 90.7 87.7 84.2 78 68.7 61.1 55.1 49 42.9 38 35.2 29.7 30.1 35.5 40.2 45.1 45.6 48.8 53.5 57.4 60.4 63.2 66.2 69.2 72.7 78.7 86.2 91.7 94.6 95.9 95.3 95.1 92.2 83.2 70.7 59.3 48.4 37.5 26.5 15.3 9.7 9.2 10.4 9.5 8 8.8 9.6 10 11.8 17.2 25 30.8 35.6 39
-2.5 -2.5 -2.5 -2.5 -2.5 -2.5 -2.5 -2.5 -2.5 -2.5 1.5 31.3 76 85.1 98.3 113.2 122.8 126.3 126.3 124.2 123.6 122.1 118.9 113.4 107.1 100.6 94.2 89.2 87.9 88.7 87.2 84.4 80.8 75.7 67.5 60.4 54.4 47.5 40.6 37.5 34.4 28.4 29.3 34.4 39.5 41.8 45 51.3 55.3 58.7 61.4 64.2 67 70.7 75.4 83 90.6 94.4 95.7 95.9 93.3 91.3 85.8 74.8 61.7 48.7 36.1 24.9 14.8 10.4 9.2 10.2 9.2 8.3 8.2 8.5 9.3 11.7 16.9 26.3 32.7 35.8 40.4 45
-2.5 -2.5 -2.5 -2.5 -2.5 -2.5 -2.5 -2.5 -2.5 -2.5 0.5 6.4 71.3 82.8 95.3 112.5 121 123.9 124.3 122.2 121.3 121.8 115.9 110 103.6 97.3 90.8 85.8 84.6 83.9 83.1 80.3 77 72.3 65.7 58.4 52.5 46.4 41.1 36.8 32.9 27.2 28.9 31 35.2 42.1 48.1 53.2 57 59.7 62.4 64.8 68.2 73.5 81.9 91.2 94.7 96.8 96.1 93.8 90.4 85.5 77.5 64.4 51.5 38.6 26.4 13.9 10.3 9.8 10.5 8.9 8.5 8.7 8.6 8.8 10.2 18.9 27.3 33.1 36.9 41.2 45.9 52.1
-2.5 -2.5 -2.5 -2.5 -2.5 -2.5 -2.5 -2.5 -2.5 -2.5 -2.5 3.3 67.3 80.9 93.9 110 117.2 120.6 121.8 120.5 119.1 118.7 113 107.4 101.2 94.7 88.4 83 81.4 80.5 78.2 75.3 72.4 68.3 63.3 57.5 51.4 45.1 40.5 35.9 31.8 25.9 26.3 30.4 35.4 43.4 49.2 54.1 57.6 60.2 63.3 66.2 70.8 80.3 88.2 93.3 95.3 96.3 93.7 89.8 85.3 78.4 67.3 54.3 40 28.3 16.8 9.6 9.2 10.2 8.8 8.5 8.5 8.3 8.7 9.8 17.7 27.8 35.3 40.9 44.6 48.9 51.6 58
-2.5 -2.5 -2.5 -2.5 -2.5 -2.5 -2.5 -2.5 -2.5 -2.5 -2.5 2.4 53.2 78.7 91.8 107.2 113.5 117 119.2 119 117.7 116.1 110.7 104.8 98.9 92.6 86.2 80.7 78 76.5 74.7 71 67.6 63.8 60 55.2 49.6 43.4 39.6 33.8 30 25.2 25.2 28.6 36.5 43.5 49.1 53.3 56.8 60.5 64.3 68.9 76.3 84.3 89 91.1 91.9 91.1 87.9 83.9 77.7 68.8 55.4 43 29.2 17.7 10.3 9.1 9.9 8.7 9 8.4 8.3 8.7 9.3 15.3 26.5 36 42.9 47.9 52.9 56.7 60 64.1
-2.5 -2.5 -2.5 -2.5 -2.5 -2.5 -2.5 -2.5 -2.5 -2.5 -2.5 0.8 5.9 75.3 90.3 104.2 110.1 114 116.2 117.4 116.5 114.1 108.6 102.7 96.4 89.4 84 78.3 75.4 72.4 70.3 66.7 62 59.4 57 52.9 48.2 42.5 37.7 32.2 28.4 23.5 24.8 27.9 36.8 42 47.6 53 57.4 61.3 66.2 74.8 80.6 86.9 87.3 87.5 86.3 85 80.8 75.8 70 56.2 43 30.7 18.3 9.5 9.1 9.9 8.2 8.9 8.2 8.3 8.3 8.9 12.9 23.6 35.5 45.7 51 55.6 60.6 64.6 66.6 70.4
-2.5 -2.5 -2.5 -2.5 -2.5 -2.5 -2.5 -2.5 -2.5 -2.5 -2.5 -2.5 3.1 72.9 87.4 100.9 107.5 113 115.7 116.9 114.5 112.6 107 99.7 94.3 86.2 80.9 75.4 72.4 69.2 65.9 61.3 57.9 55.4 53.7 50.8 46 40.8 34.9 28 25 23.5 25.8 31.2 36.3 41.7 47.3 53.4 57.8 62.6 68.8 76.4 82.6 85.9 84.6 82.2 80.8 76.6 71.4 65.7 57.5 46.2 31.1 19.7 11 9.1 8.5 8.2 8.9 8.1 7.6 8.1 8.5 11.8 22 32.9 43.8 51.4 57.1 62.4 67.2 70.9 72.3 75.7
-2.5 -2.5 -2.5 -2.5 -2.5 -2.5 -2.5 -2.5 -2.5 -2.5 -2.5 -2.5 1.1 34.7 84.4 98 106.3 112.7 114.9 116.2 113.5 110.3 105.1 97.4 92.4 84.1 77.8 72.7 69.4 65.9 60.8 56 53.2 51.7 50.2 48.2 43.7 38.1 33 24.4 22.2 24.7 28.1 31.1 37.1 42.8 48.7 54 59.1 64.4 72.7 78.2 81.2 82.6 79.7 76.8 74.1 69.3 62.5 54.3 47.4 38.7 21.3 11.6 9.2 9.6 8.7 8.2 8.1 8 8.3 8.2 9.8 19.9 30.4 40.5 49.7 56.6 62.3 67.6 72.6 76.1 79.4 82.8
-2.5 -2.5 -2.5 -2.5 -2.5 -2.5 -2.5 -2.5 -2.5 -2.5 -2.5 -2.5 -2.5 5.4 81.2 95.3 105.1 110 112.3 113.7 113.1 109.2 103 94.9 88.7 81.4 74.6 69 64.5 61 57.2 52 48.5 48.3 46.9 44.8 41.2 34.6 29.9 21.4 22.7 25.9 29.1 31.1 37.6 43.6 49 54.5 60.1 69 75.1 77.9 79.3 78.4 75 70.1 66.7 62.1 54.3 44.9 38.8 29.6 14.6 9.7 9.6 9.1 8.1 8.2 8.5 8.5 8 8.5 13.8 25.6 36.7 46.5 53.9 60.7 67.1 72.5 78 82.5 86.5 89.9
-2.5 -2.5 -2.5 -2.5 -2.5 -2.5 -2.5 -2.5 -2.5 -2.5 -2.5 -2.5 -2.5 1.8 78.7 91.7 104 107.6 109.8 112 112.1 107.8 102.2 93.4 86.2 78.9 72 66.1 61.6 57.5 52.2 47.2 43.5 44.1 43.4 41.4 38.2 32.5 25.9 20.4 22.6 25.4 27.7 32.2 38.1 44.3 49.9 55.4 64.5 73.5 75.8 75.8 75.7 73.3 68.3 62.6 58.5 53.8 44.8 36.3 28.6 19.4 10.7 9.1 9.5 8.3 8.5 8.4 8.3 8.4 8.3 9.3 20.1 32 42.2 50.3 57.9 64.8 71.5 78 83.6 88.5 93.8 99
-2.5 -2.5 -2.5 -2.5 -2.5 -2.5 -2.5 -2.5 -2.5 -2.5 -2.5 -2.5 -2.5 -2.5 74.1 87.8 103.7 105.8 106.3 110.3 111.2 107.8 101.3 93.2 84.1 77 70.2 63.6 58.6 53.3 48.1 43.1 38.7 39 38.6 36 32 27.7 22.6 19.1 21.3 24.4 27.1 31.8 38.1 44.7 51 58.7 70.1 74.4 74.1 72.6 71.4 67 62 56.2 51.4 45.8 35.5 27.6 20.6 13.1 9.1 9.2 8.2 8.2 8.7 8.2 8.5 7.7 8.9 13.9 26 37.4 46.9 55.1 62.9 69.4 76 82.9 89.3 95.6 101.1 105
-2.5 -2.5 -2.5 -2.5 -2.5 -2.5 -2.5 -2.5 -2.5 -2.5 -2.5 -2.5 -2.5 -2.5 2 84.2 99.1 102.2 104.1 107.9 109.5 106.9 99.7 91.6 82.5 75.3 68.9 62 56.6 51.4 44.9 39.5 34.6 35.2 34.3 31.4 27.4 24.2 19.4 18.6 21.4 23.6 25.8 31.2 39.4 46 52.2 62.3 70.5 72.2 70.9 69 66.8 60.8 55.4 49 44.4 38.7 27.6 19.6 13.5 9.3 8.9 8.2 8.3 8 8.5 8.3 7.5 8.2 10.6 19.3 31.3 43 51.8 59.8 67.7 73.7 80.8 87.8 94.6 101 106.4 109.4
-2.5 -2.5 -2.5 -2.5 -2.5 -2.5 -2.5 -2.5 -2.5 -2.5 -2.5 -2.5 -2.5 -2.5 -2.5 81.4 90.9 98.4 101.9 105.9 108.7 107.3 99.8 91.8 82.5 74 66.6 60.5 54.6 49.4 43.5 37.6 31.2 31.2 31.3 27.6 24.6 21.9 16.5 19 20.8 22.8 26.3 32.1 41 47.1 53.8 64.2 69.7 68.8 67 65.1 62.4 55.8 47.9 42.7 34.8 28.6 20.3 14.5 9.3 8.9 8.1 7.9 7.8 8 8.1 7.9 7.9 9.2 15.2 24.4 37.4 48.9 56.6 64.8 71.6 78.6 85.8 92.3 99.1 105.2 111 114.1
-2.5 -2.5 -2.5 -2.5 -2.5 -2.5 -2.5 -2.5 -2.5 -2.5 -2.5 -2.5 -2.5 -2.5 -2.5 4.3 86.8 94.7 100.9 105.2 107.6 107.5 101.4 93.2 82.2 73.6 65.3 58.9 53 47.9 42.4 36.2 31.3 26.4 26.1 23.8 21.3 17.4 17.4 19.9 21.3 23.2 26.3 33.5 41.5 47.4 52.5 61.5 65.5 64.6 62.2 59.7 55.7 47.5 40 34.6 26.1 20.9 14.6 9.1 8.1 8.6 8.3 7.8 7.6 7.8 7.9 7.8 8.1 11 19.2 32.1 43.9 53.1 61 69 76.1 81.4 88.9 96.8 102.8 108.1 114.8 117.9
