public/OST50/NX91.asc
ncols 200
nrows 200
xllcorner 290000
yllcorner 510000
cellsize 50
[rows 76 to 113 of 200, columns 84 to 167 of 200]
-2.5 -2.5 -2.5 -2.5 -2.5 -2.5 -2.5 -2.5 -2.5 -2.5 -2.5 -2.5 -2.5 -2.5 -2.5 -2.5 -2.5 -2.5 -2.5 -2.5 -2.5 -2.5 -2.5 -2.5 -2.5 -2.5 -2.5 -2.5 -2.5 -2.5 -2.5 -2.5 -2.5 -2.5 -2.5 -2.5 -2.5 37.8 46.7 53.6 60.9 67.5 73 78.6 82 84.5 87.3 90.6 92.9 95 95 94 94 94.6 96.9 99.4 100.7 100.8 100.6 97.2 94 91.4 89.2 83 77.6 64.3 52.6 44.4 37.5 28.3 21.8 15.8 13.3 12.6 11.6 9.9 11.3 10.7 11.9 14 17.3 22.5 27.3 31.8
-2.5 -2.5 -2.5 -2.5 -2.5 -2.5 -2.5 -2.5 -2.5 -2.5 -2.5 -2.5 -2.5 -2.5 -2.5 -2.5 -2.5 -2.5 -2.5 -2.5 -2.5 -2.5 -2.5 -2.5 -2.5 -2.5 -2.5 -2.5 -2.5 -2.5 -2.5 -2.5 -2.5 -2.5 -2.5 -2.5 35.8 44.7 54.5 60.6 67 73.5 78.8 83.5 84.2 85.5 87 91.1 93 94.2 94.4 93.8 94.4 95.3 97.3 99.7 101.2 101.3 101.2 98.5 96.1 94.2 92.5 87.4 78.5 69.1 57.9 48.3 41.7 31.3 22.8 16.5 13.1 12.8 11.6 10.2 14.6 10.7 11.7 14.1 17.3 22.9 29.4 33
-2.5 -2.5 -2.5 -2.5 -2.5 -2.5 -2.5 -2.5 -2.5 -2.5 -2.5 -2.5 -2.5 -2.5 -2.5 -2.5 -2.5 -2.5 -2.5 -2.5 -2.5 -2.5 -2.5 -2.5 -2.5 -2.5 -2.5 -2.5 -2.5 -2.5 -2.5 -2.5 -2.5 -2.5 -2.5 22.4 41.6 53 61.5 65.6 69.9 76.1 83.2 84.6 85.3 85.8 88 90.9 92.5 93.4 93.5 93.6 95.1 95.5 97.3 99 100.7 101.5 101.5 99.5 96.5 95.4 93.9 90 81.6 70.7 62 53.4 47.5 37 23.5 17.2 12.2 10.8 10.2 10.1 13.3 11.4 12.4 14.6 18 23.1 30.1 33.5
-2.5 -2.5 -2.5 -2.5 -2.5 -2.5 -2.5 -2.5 -2.5 -2.5 -2.5 -2.5 -2.5 -2.5 -2.5 -2.5 -2.5 -2.5 -2.5 -2.5 -2.5 -2.5 -2.5 -2.5 -2.5 -2.5 -2.5 -2.5 -2.5 -2.5 -2.5 -2.5 -2.5 -2.5 4.1 31.8 49.8 65.5 68 70.8 79.5 83.3 84.9 85 85.4 85.6 87.5 89.9 92 92.9 93.4 93.6 96.1 96.9 97.6 98 99.5 100.9 101.2 99.6 96.5 96 95.2 92.4 82.9 72.4 65.5 58.9 51 42.5 26.6 18.6 12.2 10.9 10.7 10.5 10.7 11.9 13.2 15.2 18.6 22.5 28.9 33.5
-2.5 -2.5 -2.5 -2.5 -2.5 -2.5 -2.5 -2.5 -2.5 -2.5 -2.5 -2.5 -2.5 -2.5 -2.5 -2.5 -2.5 -2.5 -2.5 -2.5 -2.5 -2.5 -2.5 -2.5 -2.5 -2.5 -2.5 -2.5 -2.5 -2.5 -2.5 -2.5 -2.5 2.5 18.9 43.6 67.5 74.9 77.2 82.5 91.3 89.5 87.4 86.3 85.3 84.9 86.6 88.7 90.7 92.3 92.5 94.2 98.2 98.2 97.2 97 98.4 99.9 100.4 99.1 95.7 95.2 95.1 92.6 83.9 74.1 67.9 62.2 55.9 45.9 30.6 20.9 13.7 11.3 11.1 10.7 10.3 12.7 13.4 15 18.5 22.5 28.1 32.2
-2.5 -2.5 -2.5 -2.5 -2.5 -2.5 -2.5 -2.5 -2.5 -2.5 -2.5 -2.5 -2.5 -2.5 -2.5 -2.5 -2.5 -2.5 -2.5 -2.5 -2.5 -2.5 -2.5 -2.5 -2.5 -2.5 -2.5 -2.5 -2.5 -2.5 -2.5 -2.5 2.3 21.1 40.2 59.5 76.2 77.8 84.7 99.9 101.1 103.6 91.4 86.8 85.5 84.8 86.2 88.4 89.9 91 91.4 93.7 98.1 98.2 97.1 96.3 97.3 98.2 99.2 98.4 95.5 94.3 94.7 92.9 83.5 75.3 69.9 65.1 58 47.6 34.2 22.9 16.3 11.3 11 10.7 11.1 15.8 13.4 14.4 18.5 24 29.2 33.6
-2.5 -2.5 -2.5 -2.5 -2.5 -2.5 -2.5 -2.5 -2.5 -2.5 -2.5 -2.5 -2.5 -2.5 -2.5 -2.5 -2.5 -2.5 -2.5 -2.5 -2.5 -2.5 -2.5 -2.5 -2.5 -2.5 -2.5 -2.5 -2.5 -2.5 -2.5 1.6 14.4 32.5 54.5 62.6 72.6 91.8 116 118.7 120.1 116.7 93.6 93.6 86.2 85.1 85.1 88.1 89.1 89.1 90.3 91.9 96.6 98 96.6 96 95.7 97.2 98.6 96.7 94.1 91.9 93 91.2 83.4 75 71.1 67.6 60.6 50 36 24.1 17.7 12.3 11 10.9 11.8 15.2 13.3 14.7 18.1 24.8 31.6 34.6
-2.5 -2.5 -2.5 -2.5 -2.5 -2.5 -2.5 -2.5 -2.5 -2.5 -2.5 -2.5 -2.5 -2.5 -2.5 -2.5 -2.5 -2.5 -2.5 -2.5 -2.5 -2.5 -2.5 -2.5 -2.5 -2.5 -2.5 -2.5 -2.5 -2.5 -2.5 3 19 44.6 57.8 74.1 93.9 122.9 121.8 121.2 121.6 121.3 100.6 94.4 87.2 85.2 86.5 87.8 85 86.6 88.5 91 94.5 95.6 94.1 93.8 95.3 96.3 98.3 95.5 92.7 90.5 91.2 90.7 85.1 76 71.9 67.7 63.8 55.7 39.3 25.7 19.4 13.4 11.5 11.6 12.1 12.5 13.6 15.2 18 25.1 32.3 35.2
-2.5 -2.5 -2.5 -2.5 -2.5 -2.5 -2.5 -2.5 -2.5 -2.5 -2.5 -2.5 -2.5 -2.5 -2.5 -2.5 -2.5 -2.5 -2.5 -2.5 -2.5 -2.5 -2.5 -2.5 -2.5 -2.5 -2.5 -2.5 -2.5 -2.5 1.2 17.2 27 46 67.3 92.1 121.6 129.1 128.9 122.7 121.7 121.5 114.8 94.5 90.1 85.8 87.3 84 83.9 84.4 86.1 89.6 93.6 93.9 93.2 92.5 94.5 95.4 97.6 94.5 91.7 89.1 89.6 89.5 85.3 77.8 70.6 67.6 64.6 58.9 45.1 28.2 21.5 15.5 13.2 12.3 12.4 12.6 14.2 16.3 19.4 26.3 31.8 34.3
-2.5 -2.5 -2.5 -2.5 -2.5 -2.5 -2.5 -2.5 -2.5 -2.5 -2.5 -2.5 -2.5 -2.5 -2.5 -2.5 -2.5 -2.5 -2.5 -2.5 -2.5 -2.5 -2.5 -2.5 -2.5 -2.5 -2.5 -2.5 -2.5 0.5 4.6 17.3 26.8 47.7 66.3 95.5 128.4 130.1 130.7 125.2 122.4 121.2 117.3 100.5 93.7 85.9 86.3 82.9 83.3 83.8 84.9 88.9 92.9 93.6 92.2 92.2 93.3 94.4 95.7 93.5 91.4 89.2 87.8 87.5 84.4 75.9 68.9 66.9 65 60.7 47.7 29.8 23.1 18.2 14.4 13.1 13.1 13 16.4 16.6 20 26 30.3 32.4
-2.5 -2.5 -2.5 -2.5 -2.5 -2.5 -2.5 -2.5 -2.5 -2.5 -2.5 -2.5 -2.5 -2.5 -2.5 -2.5 -2.5 -2.5 -2.5 -2.5 -2.5 -2.5 -2.5 -2.5 -2.5 -2.5 -2.5 -2.5 -2.5 1.3 14.4 13.9 33.3 51.4 75 106.2 128 128.8 129.3 126.3 122.9 120.8 117.5 112.8 100.7 86.8 85.6 83.2 83.1 83.7 84.2 87.1 91.3 94.4 92.6 91.5 92.9 93.9 93 92.4 90.9 88.5 86.7 84.8 82 71.1 66.2 65.5 65.3 61.2 51.1 32.1 24.4 19.7 16.2 14.8 13.9 13.5 16.3 17.2 20.7 25.7 29.4 31.3
-2.5 -2.5 -2.5 -2.5 -2.5 -2.5 -2.5 -2.5 -2.5 -2.5 -2.5 -2.5 -2.5 -2.5 -2.5 -2.5 -2.5 -2.5 -2.5 -2.5 -2.5 -2.5 -2.5 -2.5 -2.5 -2.5 -2.5 -2.5 -2.5 3.1 21.5 24.4 45.4 63.7 89.9 119.4 127.6 127.4 127.9 125.9 122.7 119.8 116.8 113.2 103.4 87 84.1 82.9 83 83.3 83.8 85.4 90.1 94 93 91.3 93.1 94.9 93.2 91.7 89.2 86.9 84.3 82.1 77.6 67.8 64.4 64.9 65.1 60.7 52 34 26.3 21.4 18.3 15 14.1 14.4 15.3 17 20.3 24.7 27.9 29.7
-2.5 -2.5 -2.5 -2.5 -2.5 -2.5 -2.5 -2.5 -2.5 -2.5 -2.5 -2.5 -2.5 -2.5 -2.5 -2.5 -2.5 -2.5 -2.5 -2.5 -2.5 -2.5 -2.5 -2.5 -2.5 -2.5 -2.5 2.5 4.7 20.2 36.7 45.8 60.8 79.8 120.6 117.3 126.7 127 127.8 125.1 121.4 118.6 115.8 111.3 105.8 89.7 84.3 83.7 83.1 83.4 83.7 84.6 89 92.6 93.8 93.2 92.9 93.7 90.6 88.5 87.2 85.3 82.8 78 73.9 65.8 63 64.4 63.5 60.2 51.4 36.1 28 22.6 17.4 15.4 15.5 15.4 16.4 17.4 19.9 23.2 26.3 27.5
-2.5 -2.5 -2.5 -2.5 -2.5 -2.5 -2.5 -2.5 -2.5 -2.5 -2.5 -2.5 -2.5 -2.5 -2.5 -2.5 -2.5 -2.5 -2.5 -2.5 -2.5 -2.5 -2.5 -2.5 -2.5 3.3 7.4 23.8 31.8 42.8 57.4 67.2 82.2 108.3 128.5 128 127 126.4 126.5 124.1 119.9 116.6 113.8 109.5 105.3 92.8 84.4 84.4 83 83.2 83.4 83.9 87 90.4 92.1 93.4 94.2 92.6 90.2 87.8 85.4 83.6 80.9 77.4 68.9 65.9 62.9 63.2 61.6 59.4 52.2 36.8 29.1 24 19.3 16.5 16.9 16.7 17.5 17.8 19.1 21.6 25 25.7
-2.5 -2.5 -2.5 -2.5 -2.5 -2.5 -2.5 -2.5 -2.5 -2.5 -2.5 -2.5 -2.5 -2.5 -2.5 -2.5 -2.5 -2.5 -2.5 -2.5 -2.5 -2.5 -2.5 10.5 16.5 26.5 44 51.6 63.7 66.7 76.7 95.4 111.6 126 129.2 130.2 127.3 124.8 122.8 122.4 118.6 114.9 112 107.1 102.6 95.1 84.2 81.3 82.7 82.7 82.8 83.2 87.2 90.4 90.7 91.6 94.3 92.7 89.1 86.6 83.9 81.8 79.5 76.5 70.6 65.5 61.7 61.6 59.3 57.7 51.3 37.3 30.2 24.8 20 17.2 18 18.4 19 18.1 20 21.6 24 24.4
-2.5 -2.5 -2.5 -2.5 -2.5 -2.5 -2.5 -2.5 -2.5 -2.5 -2.5 -2.5 -2.5 -2.5 -2.5 -2.5 -2.5 -2.5 -2.5 1.8 6.4 24.4 40.6 92.4 100.3 97.8 102.4 104.8 106 109.7 110.4 118 123.4 126.4 128.9 129.5 126.2 123.4 121.7 120.7 119.1 114.3 110.7 105.1 99.2 94.7 84.6 82.8 81.5 82.2 82.3 84.2 89.6 92.9 92.7 90.5 89.8 89.5 87.9 86.3 82.8 80.9 76.7 74.4 70.4 66.4 62.1 59.9 55.7 55.2 48.9 37.7 30.9 26.2 20.7 18 18.4 19.4 20.4 20.8 21.5 22.1 24.2 25.6
-2.5 -2.5 -2.5 -2.5 -2.5 -2.5 -2.5 -2.5 -2.5 -2.5 -2.5 -2.5 -2.5 -2.5 -2.5 -2.5 -2.5 6.6 16 30.3 97.3 94.9 105 107.7 102.5 111.6 114 102.4 112.8 111.5 111.9 116.9 122.3 125.7 127.3 127.6 126.1 119.6 119.5 119.1 119 113.4 109.1 103.8 97.1 89.2 84.2 81.8 80.4 81.6 84.7 89.7 94.3 97.2 96.8 89.3 89 87.7 86.7 84.8 82.3 79 75.7 72.3 68.6 64.8 60.7 57.2 53.3 52.8 46 36.7 31.2 26.4 21.6 18.9 19.3 20.5 21.2 22 22.9 23.3 27.9 27.5
-2.5 -2.5 -2.5 -2.5 -2.5 -2.5 -2.5 -2.5 -2.5 -2.5 -2.5 -2.5 -2.5 -2.5 -2.5 -2.5 10.3 51.3 95.3 97.4 99.2 102 104.8 106.7 108.3 110.3 112.5 113.6 112.8 111.9 111.6 115.6 119.8 123.2 125.4 125.5 124.7 119.1 117.4 116.7 117.2 112.3 107.2 101.6 94.7 89.7 83.9 83.2 80.6 82.5 90.7 96.3 99.4 99.5 97.5 87.6 88.6 86.7 85 83.2 81.3 78.5 75 71.9 68.7 62.8 59.1 55.4 50.9 50.7 45.3 36.8 30.6 26.2 21.7 20 20 21.4 23.2 24 20.8 23.5 28.5 28.8
-2.5 -2.5 -2.5 -2.5 -2.5 -2.5 -2.5 -2.5 -2.5 -2.5 -2.5 -2.5 -2.5 -2.5 -2.5 8.2 81.3 93.4 95.3 96.8 99.3 102.4 103.6 104.8 105.9 108.4 111.4 113.3 113.3 112.4 111.7 114.5 118.1 119.8 122.5 123 122.1 118.3 115.3 114.8 115.3 110.4 105.1 99.9 94.1 89.9 84.6 81 78.7 80.9 90.6 97.7 99.5 99.5 95.9 86.8 88.6 85 83 81.1 79.3 76.9 74.1 68.1 67.7 64 60.3 56.1 48.5 48.7 44.4 35.4 29.7 25.8 22.6 21.2 21 22.3 24.2 25.2 18.2 26.9 24.6 29.2
-2.5 -2.5 -2.5 -2.5 -2.5 -2.5 -2.5 -2.5 -2.5 -2.5 -2.5 -2.5 -2.5 -2.5 2.7 66.1 91.4 93.4 95.3 96.6 99.2 101.2 102.3 103.2 105.6 108.8 111.9 114.5 113.3 112.1 111.8 114.2 116.9 118.8 119.8 120.7 120.9 117.1 114.2 111.1 112 108.1 102.8 97.7 93.4 89.5 85 81.6 79.5 79 89.6 97.2 97.5 96.9 94.3 85.8 85.2 83.5 82 80.1 78.2 76.6 74.5 73 71.1 66 61.8 56.9 51.3 47 40.1 33.4 28.2 24.4 23.3 22.4 22.1 23.6 25 25.9 25.1 26.5 28.2 29
-2.5 -2.5 -2.5 -2.5 -2.5 -2.5 -2.5 -2.5 -2.5 -2.5 -2.5 -2.5 -2.5 1.2 18.4 81.7 92.4 93.9 95.2 97.4 99.7 101.7 102.8 103.5 105.6 109.5 112.5 114.2 113 111.7 111.8 113.3 115.8 117 117.1 118 118.1 115.1 112.7 109.3 107.7 104.9 99.9 95.6 92.3 88.9 85.3 82.2 79.7 78.6 82.8 88.5 92.5 93.9 92.4 84.3 84.2 82.3 80.8 79.3 77.7 76.4 75.7 74.6 72.6 67.3 62.8 57.7 54 49.9 43.6 35.7 30.4 25.1 20 19.7 21.7 24.3 25.7 26.9 26.5 25.6 27.4 28
-2.5 -2.5 -2.5 -2.5 -2.5 -2.5 -2.5 -2.5 -2.5 0.7 2 3.2 7.9 17.2 79.1 90.5 93.5 95.2 97.2 99.6 101.6 103.8 104.4 104.6 106.9 110.7 113.5 114.4 113 111.5 110.4 112.1 113.8 114.4 114.2 115.1 114.8 112.6 110.2 107.7 104.9 101.4 97.5 93.2 90.2 87.7 84.7 82.1 79.4 78.4 78.9 81 83.2 83.5 83.8 83.2 82.8 82.1 80.6 79 79.6 76.5 75.9 75.2 72.1 69.5 65.6 62.2 56.4 51.2 44.6 37.2 30.7 24.9 19.7 19.7 22.7 24.8 26.3 27.9 27.3 22.3 26.1 26.7
-2.5 -2.5 -2.5 -2.5 -2.5 -2.5 -2.5 -2.5 20.5 24.6 30 50.8 67.7 80.4 90.9 93.4 94.2 96.7 99.3 101.9 103.8 105.2 105.9 106 108.7 112.5 115.1 115.3 113.2 111.6 109 110.2 111.2 111.3 111.3 111.3 111.1 109.6 107.2 104.8 101.5 97.6 94.6 90.9 88.6 86.5 85.3 82 78.5 79.3 80.5 82.7 84.1 83.6 83.2 82.5 82.1 81.3 80.2 78.7 78.6 78.1 76 76.2 73 69.5 66.6 64.3 59.5 52.4 45.4 37.9 30.8 25.4 19.7 19.7 19.7 25.2 27.1 28.9 27.6 17.3 24 24.5
-2.5 -2.5 -2.5 -2.5 2.1 5.7 11.4 28.4 55.1 73.1 82.6 85.4 88 90.2 93.8 96.1 98.2 100.2 102.6 103.9 105.6 107.2 107.7 108.9 111.8 115 116.8 116.8 113.6 111.1 108.6 108.1 108.2 108.3 107.8 107.6 107 105.7 103.3 100.8 98.2 93.9 91.6 89.1 87.5 85.8 83.7 79.6 79.3 81.6 82.7 84.4 85.9 85.2 83.2 82 81.3 80.5 79.3 78.2 77.4 76.9 75.8 76.2 73.4 69.6 67.1 64.6 61.5 54.3 47.2 38.4 30.5 23.8 20.2 19.7 19.7 23.9 27.5 29.6 27 22.4 21.9 21.7
-0.6 2.7 11.6 19.4 33.3 56 77 76.9 75.9 79.9 82.9 86 88.5 91.2 94.5 97.5 99.7 103.4 104.9 106.1 107.7 109.1 110.6 112.6 116.6 119.4 119.9 118.3 113.7 109.9 107.2 105.7 105.3 104.8 104.1 102.9 103.2 101.7 99.3 96.9 94.7 91 87.5 86.9 85.4 83.8 80.6 77.5 81.6 84.3 86 86.6 87.3 86.3 83.6 81.4 80.6 79.6 78.4 77.2 76 75.5 74.8 74 72.1 69.1 67.3 65.1 61.8 57.7 48.4 39.3 28.7 29 23.6 19.7 19.7 21.4 27.6 29.8 26.9 22.9 20.5 19.9
35.6 51.7 54.1 53.5 65.5 81.4 80.8 79.8 80.5 80.9 83.1 85.8 88.7 92.7 96 98.9 102.5 106.2 107.5 108.2 109.4 111.4 113.2 116.6 119.5 122.2 123 120.8 115.3 110.7 107.4 103.4 102.3 102.2 101 99.9 99.6 98.3 96.7 93.8 91 88.4 83.7 83.9 83.1 81.5 76.4 79.4 82.3 85.6 86.9 87.7 88.8 88.2 84.6 81.3 79.5 78.6 77.3 76.1 75 74 73.7 71.8 69.8 68.7 66.8 65 62 58.6 51.5 42.8 35.4 31 27.7 22.8 19.7 19.7 25.2 28.6 26.4 22.1 19.7 18.6
71 80.9 78.4 83 85.1 84.5 82.9 82.3 81.5 81.5 83.1 86 89.8 93.1 97.2 101 105.1 108.5 110.1 110.9 112 113.7 116.6 118.9 121.8 124.3 124 122.4 117.3 111.7 107.2 103.4 99.4 99.5 98.3 97 95.7 94.2 91.8 90.6 87.5 85.3 81.5 81.1 81 76.2 78.7 81.1 83.8 86.6 88.9 89 89.2 87.6 85.5 82.2 79.4 77.6 76.3 74.7 74.1 73 72.3 70.7 69 67.1 65.5 63.9 62.1 60.4 56.8 48.9 39.1 32.1 28.6 24 19.7 19.7 22.2 26.9 25.5 22.4 17.2 16.4
88.2 89.3 93.2 91.6 89.4 87.3 84.9 82.2 81.4 81.7 83.8 87.5 91.2 93.7 97.6 101.6 106.5 109.9 112.3 113.9 115.1 116.6 120 122.3 124.3 125.8 124.8 123 119.9 114.1 108.6 104.1 97.7 95.2 95.1 94.2 92.4 91.4 90.1 87.4 82.8 82.6 79.6 77.6 78.1 75.8 79.5 81.7 84.9 88 90.2 90.6 89.3 88.9 86.3 82.8 79.8 77.5 75.5 74.7 72.7 72.3 72.1 70.3 68.3 66.6 65.9 64.2 64.4 65.1 59.2 53.3 44.2 33.4 29.7 26.3 20.4 19.7 21.7 25.9 24.5 20.2 18.3 16.5
94.5 95.3 94.5 93 90.9 89.3 86.6 83.5 81.7 82.7 85.2 88.7 91.9 94.2 97.9 102.8 107.9 111.5 114.4 116.6 118.2 119.6 123 124.7 126.2 126.8 128.3 125.4 121.5 116.8 110.1 105.3 101.2 96.8 91.3 88.7 88.1 87.9 87.3 83.8 80.8 79.1 77.8 74.6 73.2 77.1 79.4 82.5 85.6 88.9 90.5 90.9 90.3 88.5 86.6 83.5 80.8 77.7 75.9 74.6 73.3 72.6 72.1 70.1 68.1 66.4 66.4 64.7 64.7 65.3 60.4 54.8 49.5 36.3 31.7 28.5 23.7 19.2 19.3 23.6 23.6 19.5 16.8 16
97.1 97.2 95.3 93.9 91.7 89.9 87.4 84.7 82.6 82.8 85.6 89 91.6 94.5 99.1 104.7 109.3 112.8 115.9 118.5 120.3 122.1 124.3 125.9 126.9 127.1 126.8 125.1 123.3 119 112.5 106.5 102.6 99.3 95 91.4 86.5 83.6 84.1 81 78.2 76.6 76.6 73.9 72.6 76.5 80.4 83.6 86.8 89.7 91.6 91.5 90.1 88.4 86.7 83.6 81.1 78.5 76.6 75.8 74.7 73.6 73.2 71.8 69.6 68.5 68.5 67.8 66.5 61 58.9 55 48.3 38.4 33.3 29.5 25.8 20 17.1 20.1 22.6 18.6 16.8 15
97.8 97.5 96.1 94.6 91.4 89.4 86.7 84 82.5 82.6 85.4 88.8 92.3 95 99.8 105.2 110.3 114.2 117.8 120.2 122 123.8 125.6 126.4 126.9 125.9 125.3 124.6 123.7 119.8 114.1 108.7 104.1 99.6 96 92.3 88.3 82.6 79.3 77.3 75.8 75.9 76.2 73.7 71.1 76.2 79.5 83.5 87.9 90.3 92.6 91.8 90.2 87.7 85.9 84.3 81.8 79.3 78.1 78.4 77.7 76.1 76.5 75.6 75 73.9 73.6 71.7 71.2 61.9 59.8 54.9 50.4 41.7 33.3 29.6 25.5 20.6 17.8 18.1 20.1 19.1 17.5 15
97.7 96.7 95.8 94.8 92.5 88.9 85.8 82.7 81.2 81.7 85.1 89.4 92.8 94.4 101.4 106.1 110.8 115.6 119 121.7 122.1 124.1 125.9 125.8 126.3 124.9 124.1 123.7 123.2 119.8 113.6 108.6 104.3 99.4 95.7 91.7 87.5 84 77.3 74.2 77 76.6 75.6 72.5 72.9 74.7 79.9 84.6 88.7 91.6 93.5 92.9 90.3 87.7 85 82.9 81.4 79.3 78.7 79.4 79.2 79.5 80.1 80.3 81.4 80.8 81.5 78.6 77.3 73.3 64.7 56.8 49.9 44.2 35.9 29.1 26.1 21.4 18.7 16.8 16.7 18.3 17.8 15.9
96.6 95.3 94.7 94.5 92.6 89.2 84.2 81.2 79.9 81.8 85.1 89.9 93.6 97.5 103.9 108.5 112.9 117.1 120.2 122.4 122.7 124 125.5 125.3 124.9 123.5 122.3 122.3 122.1 118.5 112.7 108 104.7 100 94.3 90.1 87.1 82.4 74.5 73.2 76 75.5 74.9 70.6 75 75.8 79.2 84.7 88.8 92.2 94.6 93.5 90.7 87.4 84.4 81.9 80.1 78.6 78.2 79.3 80 80.8 82.3 83.6 84.6 84.7 84.2 83 82 78.5 69.1 58.6 51.3 44.9 38.2 33.7 29.4 25.2 20.1 16.6 16 16.8 16.3 15.6
97.9 95.6 94.3 93.7 91.7 87.9 83.1 80 79.5 82 86.6 92.7 98.4 103.3 106.9 111.1 115.4 119.7 122.6 123.2 123.7 124.3 124.1 123.5 123.5 122.2 120.5 120.6 120.5 117 112.2 107.3 104.6 100.2 94.2 89.4 86.2 82 75.7 72.3 73.9 73.5 72.6 70.9 75.5 78 80.3 83.8 88.7 92 93.8 94 91 87.3 83.7 80.7 78.8 77.4 77.8 79.1 80.3 81.8 83.2 85.3 86.1 86.2 85.7 84.7 83.4 80.6 71.6 59.7 52.1 47.5 42.2 38.1 32.7 27.1 22.7 17.8 15.9 15.5 15.2 15.2
98 96 94 92.7 89.6 86.6 82.6 79.3 78.7 82.4 88.8 96.8 103.3 106.7 111.6 116 118.5 121.9 124.1 123.7 124.1 123.3 122.5 121.9 121.9 120.5 119.1 119.6 119.3 115.6 110.8 106.4 103.7 100.1 94.4 88.2 83.9 79.8 73.5 69 71.2 71.6 68.8 73.9 76 79.3 82.5 83.6 87.4 91.4 93.7 93.1 90.6 86.7 82.7 79.7 77.8 76.3 77.3 78.8 80 82 84.3 86.4 87 86.9 86.5 85 83.3 80.5 71.8 61.8 53.5 49.1 45.9 44.3 38 32.1 26.2 22.8 18.4 15.9 15.4 14.1
97.4 95.2 93.4 90.9 88.3 85.5 82 78.3 78.5 83.3 90.9 100.4 107.6 112.4 117.3 121.2 123.1 124.8 124.6 124.4 123.3 121.7 120.9 120.2 120.2 119 117.6 118.7 118.3 114.2 109.4 105.8 102.8 99.2 94.2 86.9 82.3 77.9 72.3 65.5 68.6 67.9 67.7 73.3 75.8 79.4 82.3 84.7 87.6 90.8 92.5 92 89.6 85.6 81.8 78.7 76.6 75.1 76.6 78.3 79.5 81.9 84.6 86.8 86.9 87 86.5 84.7 82.9 81 76.9 72.1 62.2 53.2 51.1 49.8 43.5 36.2 30.9 27 24.5 20.6 15.2 14.9
96.2 94.4 91.8 89.4 87.1 84.2 80.2 76.1 78.5 83.8 93.1 102.8 110.9 115.6 120.4 124.6 125.3 126.4 126.5 123.5 121.8 120.2 119.3 118.4 117.7 117 116.1 117 116.5 112.5 107.9 104.7 101.6 97.9 92.5 86 80.8 76.6 71.8 65.9 65 63.5 67.2 72 75.9 79.1 82.1 84.3 86.9 89.9 91.2 90.9 88.7 84.6 81.1 78.5 76 74.1 75.7 77.2 79.2 81.7 84.2 86.4 87 87.1 86.5 84.3 82.5 81.1 79.6 76.9 67.9 58.6 55.9 54.7 47.6 40.2 34.2 30 28.4 25.2 19.3 15
95.7 93.5 90.5 87.9 85.7 82.5 78.3 75 78.1 84.8 94.7 104 111.2 117.2 122.2 126.2 126.8 127.2 126.4 123.1 120.3 118.7 117.9 115.8 114.9 114.2 113.8 115.1 114.1 110.8 106.3 102.6 100.3 96.6 92.2 84.5 77 74 71 65.4 60.9 63.1 66.3 70.1 74.8 78.7 81.8 83.4 85.5 88.9 90.4 90.3 87.8 83.5 80.6 78 75.5 73.1 75.1 76.6 78.7 81.2 84.1 85.5 86.9 87 86.3 84.5 84.8 83.1 81.3 80.7 76 63.8 60.3 57.2 50.2 43.4 37.4 32.4 28.2 25 20.1 15.4
