public/OST50/NX95.asc
ncols 200
nrows 200
xllcorner 290000
yllcorner 550000
cellsize 50
[rows 0 to 39 of 200, columns 92 to 183 of 200]
398.5 395.1 394.3 389.8 385.8 384.1 381.8 377 378.3 384.9 387.9 389.9 383.5 373.3 363.7 350.6 340.3 324.3 311.7 299.1 286.3 275 266.7 260.4 252.7 238.9 228.9 218.2 208.9 204.8 201.1 203 207.4 210.6 209.6 200.3 185.9 182.7 179.2 169.4 170.9 171 165.2 159.5 152.8 146.8 142.5 135.7 127.3 117.3 110.4 104.5 99.7 93.6 86.7 81.6 77.3 71.7 63.8 53.4 42.5 39.1 34.3 31.4 30.1 30.5 31.3 32.9 29.7 19.5 10.3 8.7 6.6 6.9 -2.5 -2.5 7.6 9.2 9.1 9.2 9.2 9.2 9 9 7.7 7.3 6.8 6.5 6.4 6.8 5.5 6.9
393.3 394.1 385.8 384.6 378.5 376.2 374.6 369.3 371.5 380.7 385.6 389.5 382.8 370.5 359.9 348.4 333.2 321.1 308 294.2 280.8 269.5 263 258.7 251.8 241.4 230.8 216.7 208.7 202.3 196.7 192.9 193 194.4 194.2 183.9 179.2 178 169.7 166.3 170.3 167.8 162.7 157.1 151 146 142.2 133.8 126.4 115.6 109.6 104 97.4 92 87.1 81.8 76.1 69.5 62.2 52.1 41.8 36.6 33.2 31.2 28.3 29.6 31.4 33.5 32.2 22.2 11.5 9.5 8.7 8.8 8.8 -2.5 -2.5 8.6 8.8 9.1 9.3 9.3 9.1 9.1 9.1 8.9 8.3 7.7 7.2 7.1 7.6 8.3
387.4 389.6 382.4 377.7 374.9 372.7 368.9 366.2 365 372.4 377.8 383 381.2 364.6 353.3 343.8 326.6 312.5 299.5 288 273.8 261.3 257.9 253.9 248.2 239.3 228.1 219 212.1 205.3 198.2 189 187.1 182.5 178.8 174.2 174.8 169.3 164.6 167.2 168.3 166.2 161.4 154.9 149.2 145.5 143.9 136.3 124.9 115 108.3 102.3 95.6 91.9 87.2 80.3 73.9 67.8 60.1 50.7 40.9 36.3 31.5 28.7 27.4 28.8 32.1 32 30.9 22.9 13.3 10 8.9 8.7 8.7 -2.5 -2.5 8.5 8.8 9.2 9.3 9.4 9.2 9.2 9.2 9.2 9.1 9 8.6 8.4 8.4 9
380.6 382.3 381.2 371.6 372.7 368 366.6 364.4 359.9 362.4 366.2 370.7 367.8 355.4 342.1 331.7 317.7 303.5 289.1 274 264.3 252.5 246.3 245.9 242.7 236.7 230.5 223.9 216.5 208.9 200.8 187.5 181.1 174.4 171.9 171.5 169.2 164.8 161.3 165.5 166.2 163.4 158 151.6 148.6 147 143.9 137.5 125.4 113.9 106.8 100.7 95.3 90.4 85.7 79.1 72.9 66.8 59.4 50.8 41.5 35.3 30.6 28.5 27.5 27.9 33.9 31.7 29.5 23.9 13.8 11 9.2 8.6 -2.5 -2.5 8.4 8.1 8.9 9.2 9.3 9.4 9.4 9.3 9.3 9.3 9.2 9.1 9.1 9.1 9.2 9.5
375.5 375 374.9 369.4 371.9 370.4 364.1 362.5 355.4 352 352.4 354.4 350.2 341 329.5 319.2 309.3 293.2 280.1 264.3 254.1 241 236.3 239.1 235.7 233.6 230.7 226.9 221 210.4 202 187.7 178.3 166.1 168.9 168 165.9 161.4 158.2 161.9 163 158.7 153.9 150.5 150.6 147.8 142.8 137.9 126.5 113.2 106.4 99.9 92.7 87.7 83.4 77.2 71.4 65.2 58.2 50.2 41.9 34 29.8 28.1 29.1 27.5 29.3 29.4 25.8 19.8 14.4 11.5 9.4 8.6 -2.5 -2.5 -2.5 7.8 9 9.3 9.3 9.4 9.4 9.4 9.4 9.3 9.2 9.2 9.1 9.1 9.2 9.5
369.7 369.2 365.9 366.7 369.7 373 366.6 359.9 350.2 342.5 339.7 338.7 335.9 327.2 317.3 306.3 296.8 281.2 266.8 253.3 241.9 231 227.7 228.3 227.9 231.2 228.8 229 219 207.8 199.6 185.1 175.9 171.2 169.2 161.8 154.3 151.9 152.2 156.1 156.1 154.8 150 150.6 150.1 146.4 140.9 136.6 125.1 113.2 105.4 97.9 90.7 86.2 81.1 75.2 70.2 63.3 56.2 48.4 40.4 34 30.4 27.5 27.1 28.3 26.6 22 18.4 15.7 13.1 11.8 11.1 9.4 8.7 9 -2.5 -2.5 -2.5 9.1 9.1 8.5 8.9 9.1 9.3 9.4 9.3 9.3 9.2 9.2 9.2 9.5
362.1 361.7 361.2 367.1 367.2 371.2 367.1 357.9 345.7 336.9 331.2 326.3 324.1 316.4 304.2 293.9 284.5 272.3 257.9 243.2 231.2 218.7 219.4 221.5 218.5 222.7 221.7 220.5 212.1 203.8 189.4 177.8 174.3 170.6 169.3 166.9 162.4 156.6 147.6 145.8 148.8 149.3 147.4 149.3 147.9 144.2 138.9 133.2 122.5 111.8 103.2 95 88.8 85.4 80.2 73.6 68.5 62 53.8 47.3 41 34.5 29.7 27 26.2 29.1 28.9 20.6 18.6 14.5 15.5 14.6 13 11.7 10.6 9.9 9.4 8.9 -2.5 -2.5 6.5 6.7 7.5 9.1 9.2 9.2 9.2 9.2 9.3 9.3 9.3 9.4
353.6 359.5 359.5 367.4 363.6 365.6 364.2 355.3 340.1 327.5 322.9 315.3 310.7 303.8 290.1 281.9 272.5 260 249.3 234.4 218.6 206.7 208.9 213.3 210.3 207.8 209.9 209.9 205.3 192.1 178.3 175.1 171.1 170.5 169.4 167.8 162.6 157.1 152.5 143.9 141.7 140.6 144.1 146.1 145.5 141.5 135.9 129.7 118.6 109.2 99.6 91.5 85.5 84.5 78.3 72 65.9 59.2 52.6 47.3 41.9 35.3 28.9 25.8 25.4 27.5 25 17.3 17.9 16.1 16 16.1 14.4 13.3 12.2 11.4 10.3 9.7 9 -2.5 -2.5 8.1 6.6 9 8.9 9 9 9 9.1 9.2 9.3 9.3
350.8 352.7 356.6 360.5 359 359.4 358 350.8 334.6 321 313 305.3 299.5 292.4 279.7 272.3 260.8 250.5 240.3 227.7 211.2 200.9 199.7 202.6 201.2 196.6 196.2 196.5 188.8 178.2 174.9 171.5 170 170 169.5 167.7 161.6 155.6 150.3 144.2 134.3 136.1 138.9 141.2 141.9 138.7 131.7 125.2 114.6 105.4 95 89.3 82.5 78.6 73.9 69.6 63.5 56.7 51.9 47.4 41.7 35.1 27.4 24.8 24.8 24.6 23.2 17.6 19.1 13.5 14.1 15.7 15.7 14 13.6 12.8 11.8 10 9.2 8.4 5.9 6.8 7 8.8 8.9 9 9.1 9.2 9.3 9.3 9.3 9.3
350 347.9 350.5 352.5 354.7 353.3 348.9 345.6 332.7 317.1 309.2 296.4 288.9 281.6 269.5 260.5 252.8 241.4 232.4 223.4 207.1 197.2 195.9 194.5 191.9 187.8 183.6 181.5 174.7 174.1 170.8 169 168.9 169 169 166.5 160.5 154.2 147.1 141.7 136.5 127.5 133.9 133.4 132.6 132.8 127 119.5 110.3 101.1 91 87.8 80.3 76.4 72.6 67.9 61.8 57.2 52.7 48.4 41.7 32.4 26.9 24.1 24.4 25.3 24 20.9 19 11.6 11.9 13.3 13.6 13.6 13.6 12.9 12.6 12.3 10.4 7.4 7 8.5 9 9.1 9 9.1 9.2 9.3 9.3 9.3 9.4 9.4
350.4 346.3 346 345.8 346.8 347 342.2 338 332.1 312.6 303.4 291.1 280.3 270.7 259.9 253 245.5 234.7 224.7 214.6 201.8 195 193.9 190.7 187.3 184.2 173.7 169.4 170.2 167.4 166.7 167.4 167.9 168.1 168 164.3 159.8 151.9 144.1 139 133.9 129.7 128.4 128.9 128.3 124.1 120.4 114.3 106 96.6 89.6 88.1 79.6 75.4 71.5 65.9 61.8 57.6 53.4 48.3 40.8 32.2 25.8 23.7 23.9 26.1 26.8 22.7 19.5 11.9 10.4 11.1 11.2 11.3 11.6 12.8 12.9 12.7 12.2 7.6 8.3 9 8.9 8.8 9.2 9.3 9.4 9.4 9.4 9.4 9.4 9.4
350.8 346 342.5 341.7 340.6 338.8 337 332.6 326.1 309.1 302.6 287.7 273.8 262.8 254.1 247 240.9 229.7 217.7 207.8 196.6 192 187.8 183.9 177.3 171.4 164.4 163.3 164 160.3 165.3 166.9 167.4 168 166.3 162.7 157.9 149.1 141.8 136.5 130 127.6 119.2 126.3 123.3 120.1 115.4 109.6 101 92.7 87.9 87.1 78.9 74.4 68.5 64.1 61.4 58.5 52.8 45.8 36.9 29.9 24.7 23.4 23.3 27.3 28.4 21.7 19 12.6 9.7 9.5 9.4 9.3 9.7 11.1 12.4 12.6 11.9 7.4 6.1 5.2 5 5.6 8.8 9.4 9.4 9.4 9.4 9.4 9.4 9.3
347.8 343.7 341 338.2 336.8 331.2 330 326.1 316.7 305.3 295.9 280.5 268.6 259.7 251.6 244.2 238.8 227.4 214.8 204.1 191 185.3 180.2 175.2 168.8 162.8 159.3 157.6 158.4 160.6 164.1 165.9 166.5 166.4 164.9 161.5 154.7 147.2 140 133.9 127.7 125.7 121.1 121.8 119.3 116 111.1 104.4 95.8 89.2 85.7 82.4 76.3 72.9 69.6 67.3 63.9 60.4 55.1 46.8 36.9 29.4 25.9 24 23.2 27.8 27 20.8 18.4 12.5 9.6 8.9 8.9 8.9 8.9 9.6 11 11.6 10.5 9.1 7.3 8.2 6.7 6.6 9 9.3 9.7 9.4 9.4 9.3 9.3 9.2
345.9 341.7 338.9 334.8 332.5 323.9 320.9 315.9 307.1 301 294.2 283.6 267.3 258.5 252.4 244.4 240.1 229.9 216.9 202.7 187.4 180.7 173.7 169.1 165.5 166.3 165.2 156.9 156.5 158.9 162.2 164.6 164.9 165 164.2 159.3 153.6 145.3 138.5 131.9 126.2 124.2 118.8 117 116.2 112.9 107 98.7 91.3 87.1 86.9 85.5 77.7 75 71.8 68 64.9 59.7 54.7 47.6 37.1 30.8 26.3 24.2 22.6 26 27.1 21.1 18.7 12.8 9.4 9 9.1 8.9 8.9 9.3 10.8 10.6 9.7 9.4 8.6 6.5 6.9 8.8 9 9.3 9.6 9.9 9.4 9.3 9.3 9.2
346 340.2 335.6 328.7 325.1 317.6 312 303.8 299 295.4 292.9 282.4 265.1 258.8 252.6 248.5 240 230.3 217.2 202.4 184.4 177.9 171.6 165 163 165.4 162.7 155.7 156.1 158 160.5 162 163 163.1 159.4 156.3 154 145.2 137.2 131.2 126 121.8 118.5 110.2 113.4 109.1 102.9 95.6 87.8 79.1 77.4 83.7 78.7 75.7 72.6 68.9 64.5 59.7 53.6 45 36.7 32 27.7 24.1 20.2 26 24.6 19 16.4 13.2 9.6 9.6 10.3 10.2 9.6 9.3 9.9 9.6 9.4 9.1 7.1 8.3 9 8.9 9 9.3 9.6 9.5 9.6 9.3 9.2 9.4
343 337 329.7 323 319.5 313.1 304.2 295.5 291.6 289.8 286.1 279.8 265.7 259.9 254.3 252.8 243.6 230.8 218.9 206.9 188.6 173.9 166.9 164.1 158.8 159.8 159 154 155.2 156.9 157.9 159.7 160.1 158.4 154.9 156.1 150.6 142.3 135.8 130.6 125.5 120.7 117 112.5 107.8 103.6 97 91.7 82.4 84.3 77.2 79.7 78.7 75.3 72.4 69.5 64.4 58.6 52.6 42.9 33.5 30.4 28.8 22.1 18.6 18.1 18.1 15.3 14.9 12.7 11.7 11.1 10.8 10.1 9.3 9.2 9 9.2 9.2 9 8.3 8.2 9 9 9 9.3 9.2 9.2 9.2 9.2 9.3 9.4
339.8 336.5 325.1 318.8 314.6 307.1 299.7 294 288.1 280.9 275.3 274 265 258 251.8 253 244 228.6 219.4 203.9 181.7 168.9 168 166.9 158.5 153.9 154.1 153.9 155 156.2 156.4 156 154.5 153 154.2 152.5 145.7 138.6 134.5 128.3 123.5 119 116 113.8 106.4 102 98.4 94.3 90.8 87.6 83.1 74.4 73.9 73.5 71.6 68.5 63.9 52.8 50.2 38.4 26.7 22.5 18.2 17.6 15.7 15.1 14.1 13.5 12.9 12.4 11.7 11 10.1 9.4 9.3 9.1 9 8.8 8.9 8.7 8.4 6.2 7.9 7.4 9.1 8.9 8.8 8.9 9.1 9.3 9.3 9.3
333.7 331.7 324.4 316.6 314.3 308.3 297.4 291.3 281.4 274.9 266.5 260.7 257 248 242.2 248 237.6 225.2 211.4 185.2 171.7 173.5 172.1 160.9 157.2 156.3 154.5 154.3 153.7 154.8 154.8 152.1 149.2 150.9 151.9 147.2 141 136.3 131.2 125.4 120.8 117.4 114.5 110.7 107.2 103.2 99.1 95.7 92 88.6 84.7 80.9 74.7 71.6 65.8 55.5 52.9 58.2 51.1 24.3 16.7 18.4 16.4 16.2 15.2 14.6 13.7 13.9 13.5 12.7 11.5 10.8 10.2 9.4 9.1 9 8.7 8.4 7.9 7.6 7.8 8.6 7.2 8.3 7.8 8.7 8.9 9.1 9.3 9.3 9.3 9.3
326.8 324.6 320.1 314 313.7 303.7 296 287.6 276.2 268.7 259.5 251.3 246.1 238.7 232.6 233.6 226 209.4 185.4 177.8 178.5 177.2 166.1 159.9 159.2 157.5 155.5 153.6 153.2 153.4 153.3 148.5 146.3 148.9 147.9 142 137.7 134.6 129.3 122.9 118.4 115.6 112.4 108.8 105.5 102.1 99.1 96.1 92.5 88.5 84.1 79.9 76.3 73.4 70 66.7 63.6 59.1 51.8 38.1 26.9 26 25.1 22.5 28.1 28.5 21.7 15.5 14.7 12.4 11 10.6 10.2 9.4 8.9 8.9 8.7 8.4 8 7.9 8.3 8.8 7.5 7.6 8.1 8.9 9.1 9.4 9.2 9.3 9.3 9.3
316.2 315.9 313.3 309.2 305.2 303.4 294.9 282.5 270 263.2 250.3 242 231.8 223.6 220.5 217.6 204.9 189.7 184.6 182.7 180.2 171.2 163.5 163 160.6 157.9 155.8 154 150.9 151.5 149.6 146.7 145.4 145.2 142.7 138.5 136 133 126.2 120.4 116.3 114.1 110.5 107.2 104.1 100.9 99 96.4 93.2 88.4 83.5 80 76.5 73.1 69.9 66.8 63.4 58.5 51.8 38.8 28.5 26.5 21.8 26.8 32.1 28.3 18.6 15 15.3 11.7 10.8 10.5 10.1 9.5 8.7 8.6 8.5 8.2 8.2 8.3 8.6 8.8 6.8 8.9 8.4 9.1 9.3 9.3 9.2 9.3 9.3 9.3
309.4 308.3 306.1 300.2 295.3 293.5 286.4 276.8 264.1 256.6 248.9 236.4 221.5 211.5 209.9 200 190.7 186.7 184.3 181.5 175.3 171.4 168.9 165.4 160.1 158.2 156.6 153.9 150.8 148.4 148.3 145.1 143.5 140.7 138.8 136 133.6 128.6 122.8 118.6 115.4 112 108.3 105.4 102.7 100.8 98.9 96.4 93 87.6 83.3 79.7 76.1 72.5 69.4 66.2 62.3 56.8 51.8 36.9 30.3 27.5 23.3 27.1 33.8 28.9 18.3 15.4 15.8 11.9 10.6 10.3 9.9 9.6 8.7 8.4 9.1 9.1 8.9 7.7 8 7.7 8.3 9.4 9.4 9.3 9.3 9.2 9.2 9.3 9.3 9.3
305.4 301.3 297.1 291.1 286.8 281.1 275 265 254.2 249.9 245.4 235.4 215.7 202.3 194.5 192.1 186.4 184.1 182.3 178.1 173.7 174 170.6 165.6 159.2 158.4 156.1 153.6 149.9 147.7 145.5 143.6 140 137.6 135.2 134.1 129.7 125.1 122 118.9 114.6 110 106.3 104.3 102.2 100.5 98.8 96.2 91.5 86.2 82.5 78.8 75.2 71.4 68.5 64.7 60.1 55.3 49.1 36.7 33 29.3 24 27.2 34.8 30 16.2 17.2 18.4 11.9 10.5 10.1 9.7 9.2 9.3 9.5 9.3 9.1 9 8.9 8.7 8.6 8.2 9.2 9.4 9.4 9.3 9.2 9.3 9.3 9.4 9.4
297.2 293.6 287.9 278.9 273.6 267.9 262 256.3 248.4 242.6 239.4 227.2 205.8 194.5 189 185.9 184.2 182.6 180.5 176.9 176.5 174.3 170.3 164 157.9 156.7 153.9 151.9 149.2 147.6 140.9 141.6 137.3 134.9 133.2 131.5 127.4 124.3 121.5 118.7 113.6 107.8 105.4 103.4 101.9 101 99.1 96.1 90.8 85.8 83.3 79.6 74 69.8 67 62.4 58.1 52.8 45.7 37 34.3 29.8 24.6 28.1 31 27.3 21.2 16.9 15.9 12.4 10.4 9.7 9.5 9.7 10 9.9 9.6 9.3 9 9 8.9 8.4 8.4 9.1 9.1 9.2 9.2 9.3 9.3 9.4 9.4 9.4
286.6 283.8 277.1 268.1 261.8 256.2 250.6 244.1 240.4 233 226.2 207.3 195.8 191 185.8 184.4 183.3 182.7 181 179.3 177.3 173.9 167.7 160.5 156.1 154.8 151.8 150.2 149.1 146.7 143.2 138.4 135.3 132.6 130.1 128.2 125.5 123.1 120.5 117.7 112.6 106.3 104.4 103 102.4 101.6 100.8 96.8 91.6 86.7 83.3 78.9 72.8 68.7 64.8 61 56.4 50.4 43.6 36.4 34.2 30.4 25.8 23.8 17.6 20.4 16.3 13.3 14.6 12.6 10.5 10.7 10.2 10.1 10.3 9.9 9.6 9.3 9.1 9 8.9 8.5 8.3 8.7 9 9.6 9.2 9.3 9.3 9.3 9.4 9.4
273.2 272.2 264.1 256.4 250 242.8 241.6 233.1 225.6 218.7 205.3 201.3 192.4 186.8 185 185.4 186.4 187 184 181 177.9 170.6 163.6 157.6 153.8 152.7 149.7 149.7 147.8 144.8 139.4 132.5 132.4 129.6 126.7 126.1 123.8 121.4 119.4 117.6 111.3 105.6 103.5 102.5 102.6 102.7 100.8 95.9 91.4 87.3 82.4 76.5 72.3 68.1 63.8 59.5 54.4 47.7 41.4 35.5 33.1 32.3 27.7 21.4 16.5 15.4 14.4 13.3 13 11.9 9.5 11.3 10.8 9.8 10.6 10.2 9.9 9.5 9.3 9 8.8 8.4 8.6 9.6 10.5 11.3 9.6 9.2 9.3 9.3 9.4 9.4
269 262.2 256.6 248.3 240.6 234.6 226.6 216.8 209.2 198.3 194.8 191.1 186.5 185.1 186.6 191.9 196.9 196.5 187.4 183.5 177.7 168.5 160.9 154.9 150.7 148.7 147.2 147.3 144.7 143 136.7 131.8 128.7 126.2 124.1 123.5 121 119.5 118.9 116.6 110.3 105 102.5 101.4 101.3 100.9 97.7 94.1 89.9 85.7 80.7 75.3 71 66.2 62 57.5 51.6 45.8 39.4 34.8 31.5 30 27.5 21.6 17.6 14.6 13.5 12.4 11.7 11.2 10.8 12.5 11.3 11.2 11 10.7 10.4 10.1 9.8 9.7 10.1 12.8 12.6 14.1 16.8 19 12.4 9.7 9.3 9.3 9.4 9.4
267.7 259.1 249.1 241.5 231.3 220.2 216.2 206.9 195.4 188.4 186.8 186.1 184.7 187.9 198.5 202.5 207.8 198.4 190.8 184.8 179 166.5 157.6 151.8 147.8 146.3 144.8 143.6 141.6 138.7 131.8 129.7 125.2 121.9 121.4 120.1 118.6 117.5 116.6 113.5 108.5 104.2 100.7 99.4 98.9 97.5 94.7 91.1 86.4 81.8 76.9 71.6 67.5 63.6 59.8 55.1 49.6 44.8 38.8 33 30.4 27.3 23.5 21 18.4 16 12.9 11.6 10.8 10.1 12.1 12.5 12.2 12.5 12.1 11.4 10.9 10.7 10.9 11.8 15.2 19.5 21.9 22.9 24 24.7 19.3 13.2 10.5 9.6 9.5 9.5
261.2 252.3 244.9 233.6 223.4 211.2 203.1 191.1 184.2 182.9 184 182.7 186.7 198.1 203.4 206.1 203.4 199.9 191.6 183.5 175.7 164.5 154.7 148.5 145.5 144.1 142.1 140.1 137.6 132.1 129.2 127.3 123 119.2 117.8 117.2 116.4 115.9 114 110.4 106.6 102.8 98.7 97.9 96 93.4 90.7 87.3 82.9 78.7 74 69.3 65 61.5 57.1 51.5 46.7 41.4 36.3 30.9 27.9 27.1 24.1 21.8 18.1 14.9 12.3 11 10.7 12.1 13.2 13.3 13.4 13.4 13.2 12.5 12.4 12.7 13.5 16.2 20.9 24.5 26.8 28.1 28.4 27.9 24.7 17.6 12.1 10.3 10.2 10
246.8 243 237.4 230.3 218.4 202.5 189.3 181 180 180.9 181.9 184.7 195.5 201.4 203 203.7 203.2 197.4 188.3 179.8 170.5 160.4 151.9 146.3 144 141 138.8 135.3 131.2 128 126.4 123.5 119.7 113.5 115.2 115 114.7 114.4 112 108.3 104.8 100.8 96.4 94.1 91.1 88.6 86.4 83 79.5 75.3 70.9 67 63 58.5 53.9 49.7 45.5 39.1 34.1 28.7 25.1 24 23.6 20.4 16.4 13.7 11.6 10.7 12.1 13.5 13.8 13.8 13.7 13.7 13.8 14.3 14.6 15.6 17.5 20.9 24.9 27.9 30.1 32 32 30.4 26.3 20.6 13.4 11.8 10.6 10.6
232.6 229.6 225 218.3 200.5 187.9 180.5 178.1 178.5 179.3 182.2 188.3 194.6 197.1 199.1 200.1 197.4 190.6 181.6 172.7 165.1 158 150 144.2 141.7 138.3 134.5 129 126 125.2 122.4 119.3 116 109.8 113.3 113.1 112.9 113.5 111.2 106.2 103 98.5 94.1 90.5 86.4 84.4 82.2 78.5 75.2 71.9 68.2 64.6 60.7 56.4 52.2 47.9 42 36.7 31.4 27.8 23.4 22.4 22.2 17.6 15.3 12.7 12.1 12.2 13 13.4 13.7 14 14 14 14.5 15.4 15.9 18.2 21.2 25.3 28.7 31.2 33 34.8 34.4 31.6 27.2 22.2 16.1 12.9 11.9 11.3
218.1 214.3 207.7 195 185.1 178.3 177.3 176.1 177.2 179 182.7 185.4 186.8 191.3 193.6 193 188.6 182.3 174.1 166.1 160.6 154.3 146.7 142 138.7 135 128.4 124.7 122.1 120.8 117.6 114.2 113.1 106.5 110.3 110.1 111.6 112.1 108.3 103.7 100.6 96.1 91.7 87.6 83.5 80.9 77.7 74.5 71.8 69.2 66 62.6 58.8 54.3 49.8 44.2 37.9 33.1 27.9 24.7 21.8 22.1 21.9 15.8 13.8 12.6 12.5 12.4 12.7 13.1 13.4 13.6 14.1 14.4 15.3 16.2 17.4 20.6 24.6 28 30.6 33.2 35.2 36.2 35.9 32.3 28.1 23.3 18.1 14.2 13.5 12.4
202.4 198.5 188.9 181.7 173.4 174.9 174.3 175.7 177.6 178.4 179.7 179.7 178.8 182.7 185.4 183.8 179.9 174.3 166.9 161.2 155.5 149.1 143.2 139.2 135.4 130.3 125.3 121.6 118.4 116.2 113.3 111.1 110.3 106.3 107.2 108.1 109.7 107.1 103.5 100.9 98.1 93.6 88.9 84.8 81.2 77.7 73.3 70.3 69.4 67.3 64.3 60.9 57 51.8 47.5 39.9 35.4 29.9 24.8 22 20 19.5 17.4 15 13.2 12.6 12.2 13.2 13.6 13.7 14.1 14.4 14.4 15.9 16.9 18 19.5 23.7 27.6 30.4 32.6 34.9 36.5 36.7 36.6 33.2 29.2 24.4 20 15.7 14.1 13
188.8 179.9 175.8 168.2 170.4 171.8 174.6 175.7 175.7 175.1 175.3 173.9 172.2 174.5 176.7 175.4 171.4 166.2 160.2 155.2 150 144.2 139.2 135.9 131.2 126.7 122.7 119.2 115.3 112.8 110.1 107.6 105.9 106 104.9 105.9 104.9 102.5 99.6 98 96.5 91.6 84.8 81.6 78.7 75 71.4 65.8 66.5 65 62.6 59.1 55.2 49.8 43.9 37.8 32.8 28.4 23.4 20.4 18.5 17.2 16.1 13.8 13.3 13 13.3 13.5 14.5 15.6 15.8 15.5 15.8 18.3 20.4 21.7 23.5 27.2 30.9 33.4 35.3 36.8 36.8 36.7 36.5 33.6 29.5 24.6 21 16.5 14.9 13.7
171.3 168.1 163.9 164.8 169.7 174.8 177.6 174.3 172.2 171.4 168.5 165.9 166.2 166.5 167.3 166.2 162.8 158.2 153.9 149 143.9 139.4 135.6 131.4 127.4 123.3 120.2 117 112.7 110.5 108.2 105.6 103.5 101.8 104.2 102.2 99.8 97.4 95.4 94.4 92.7 86.1 81.1 79.3 76.9 73.1 69.3 64 61.6 61.3 60.7 57.2 53.1 47 41.6 36.1 31.3 27.6 22.9 19.2 16.5 16.7 15.1 13.8 13.4 13.7 13.6 13.7 14.7 15.3 15.8 16 17.5 20.3 22.3 24.1 26.9 30.3 33.5 35.6 37.7 37.8 37 36.7 36 33.1 29.4 24.3 20.7 16.7 15.4 14.3
160.4 157.6 158.6 165.5 171.2 177.7 176 170.8 169.2 166.6 163.4 160.5 159.3 159.4 159.1 157.6 154 150.8 147.1 142.5 138.3 134.8 131.6 127.9 123.9 119.9 117.1 114.3 111 108.9 106.6 103.7 99.6 103.4 101.4 98.1 95.4 93.4 92 90.1 85.3 80 78.5 77.8 74.8 71.3 67 63.7 57 56.8 56.4 54.3 51.1 46.3 39.8 34.4 29.4 25 21 17.6 16 15.3 15 14.6 14.1 13.8 13.8 13.8 14.5 15.2 16.1 18.5 20.3 21.9 23.4 27.7 30.6 33.4 35 37.1 38.7 38.8 38 37.3 35.7 32.5 29 24.3 20.2 17.1 15.3 14.8
150.8 151.7 158.8 166.3 173.4 173.9 169 166.3 164.2 161.7 159.2 156.6 154.3 152.7 151.5 149.8 147.5 144.3 140.6 137 133.7 130.4 127.1 123.6 119.9 116.5 114.3 111.5 109.3 107.3 104.6 101.6 96.3 99.6 95.6 93.1 92 90.9 89 84.6 78.4 75.8 75.9 75.7 72 67.7 63.3 61 55.9 51.8 52.1 51.4 48.7 43.7 37.8 32.7 27.9 23.3 19.3 16.8 15.7 15.3 15.3 14.9 14.5 13.7 13.6 14.4 15.2 16.4 17.9 20.8 21.6 23.1 27 30.9 34.3 35.6 36.4 37.8 38.2 39.5 38.9 37.6 35.7 32 27.9 23.6 19.9 17 15.8 15.4
145.6 151.6 158.7 165.9 169.8 167.7 164.3 161.4 159 156.2 153.7 151.1 148.9 146.9 144.8 143.2 141.4 138.8 135.6 132.7 129.4 126 122.7 119.1 115.6 113.1 110.9 108.8 106.9 105 102.2 99.4 94.7 90.3 91 89.6 88.8 87.9 84.4 78.6 75 74.6 74.1 72.2 68.3 64.1 59.5 56.8 53.3 48.7 48.4 47.7 45.1 40.5 35.4 30.9 26.7 21.7 18.3 16.5 16.1 16 15.5 14.7 14 13.5 14.1 15 16.7 19 20 20.5 22.5 26.4 30.5 34.2 36.3 36.7 37.2 37.5 37.9 38.9 39.1 37.3 35.2 31.6 27.5 23.1 19.4 17.4 16.4 16.1
144.9 152 158.2 161 163.5 161.9 159.1 156.4 153.4 150.7 148.1 145.6 143.1 141 139.5 138.1 136.2 133.9 131.3 128.6 125.5 121.7 118.2 115 112.2 109.9 107.7 105.6 103.7 101.6 98.5 95.1 92.7 87.3 87.1 86.6 86.4 84.1 78.4 74.8 73.7 74.3 70.8 68.7 64.6 60.5 55.9 53 49.1 45.8 46.5 43.6 40.2 36.4 32.7 28.8 24.1 19.9 17.4 16.6 16.5 17.8 15.4 15 14.3 14.2 14.3 15.7 17.5 21.1 22.3 21.9 25.8 29.8 33.4 36.1 37.1 37.2 37.5 37.7 37.5 37.1 37.8 35.8 33.7 30.4 26.7 22.5 20.9 18.1 17 16.7
146.7 152.2 153.4 154.9 156.7 154.9 152.6 150.6 147.8 145.1 142.6 140.4 138.2 136.8 135.7 134.3 132.3 130 127.6 124.8 121.6 117.9 114.2 111.2 108.8 106.6 104.5 102.5 100.5 97.5 94.7 91.2 87.9 81.1 83.9 84.4 83.2 79.2 74.2 71.9 71.8 69.9 67.6 65.1 60.9 56.8 52.4 49.1 45.4 43.6 42.5 39.4 37 33.5 30.3 26.4 21.7 18.5 17 16.9 17.1 15.7 15.9 14.6 14.2 14.5 14.8 15.7 17.4 20.1 22.6 24.9 29 32.9 35.6 37.3 37.7 37.7 37.7 37.5 36.7 36.1 35.8 34.3 32.1 29.4 26.5 25.8 23.4 19.9 18.3 17.2
147.6 148.2 148.2 148.2 149.3 147.4 145.6 144 142 140 137.8 135.6 134.4 133.3 132.3 131.2 128.9 126.6 124.2 121.8 118.1 114.2 110.5 107.6 105.6 103.4 101.3 99.3 97 94 90.6 87.5 85 82.7 74.2 78.4 77.9 74.5 71.2 70.7 69.8 67.3 64.7 61.3 57 52.9 48.1 44.5 41.3 42.2 39.4 37.2 34.2 31 27.7 23.8 19.5 18.3 17.3 17.4 17.5 16.5 15.8 14.6 14.3 15.1 15.7 17 18.7 21.4 24.2 27.9 31.7 35.7 38.2 38.6 37.5 37.3 37.3 37.3 36.3 36.2 36.4 34.7 33.1 30.3 29.9 28.3 24.9 21.9 19.5 18.4
