public/OST50/NX95.asc
ncols 200
nrows 200
xllcorner 290000
yllcorner 550000
cellsize 50
[rows 0 to 39 of 200, columns 0 to 91 of 200]
100.8 104 108.5 113.9 117.7 120.6 122.8 123.7 124.3 123.6 121.4 117.3 113.1 108.8 104.4 99.4 93.9 91.2 89.7 90.3 86.9 82.2 84.4 85.3 84 84 84.7 84.4 81.5 78.8 76.2 73.4 65.3 66.3 67.1 66.2 67.2 69.3 70.5 72.7 65.8 74.5 76.4 77.1 77.8 76.7 74.5 75.6 76.5 84.7 96.3 108 117.7 129.1 139.4 151.4 161.9 173.6 184.9 192.4 195 200.9 208.9 218.5 236.1 257.2 274.1 291.8 306.5 322.7 333.7 342.6 351.8 356.2 355.8 353.2 345.5 339.7 331 328.6 328.2 332.8 344.5 350.2 357.6 370.1 386.8 402.9 413.4 412.2 405.5 403
97.2 100.2 104.2 109.8 113.8 116.6 118.6 119.7 120.8 121.2 119.1 115.3 111.3 106.9 101.7 96 92.4 89.7 88.1 87.1 86.1 81.6 80.5 83.7 82.6 81.9 82.6 83.2 81.2 78.1 75.3 73.8 71.1 62.7 67.6 63.9 65.1 67.3 68.1 69 69.3 71.7 74.4 76.5 77 75.9 73.6 72.5 73.8 77.3 85.6 97.8 110.2 120 131.1 142.8 155.2 166.5 177 184.5 188.8 193.9 201.3 210.5 223 243.6 259.9 279.1 294.1 309.7 320.8 330 337.4 342.8 343 340.4 335 328 323.2 320.2 320.9 327.7 341.1 345.3 349.8 358.3 375 394.6 401.2 406.7 395.8 398.7
93.2 96.5 100.5 105.1 109.9 113.8 115.1 116.1 117.2 118.4 116.6 113.2 108.7 103.7 98.8 94 91.1 88.4 86.7 85.6 84.8 82.3 78.8 79.3 80.6 80.1 80.5 81 80.7 77.6 74.6 72.2 70.7 63.9 62.2 62.8 62.5 64.2 65.9 65.7 64 69.5 72.1 74.8 76.5 75.5 73.3 71.4 72.4 73.1 78.2 89.4 100.3 112.6 122.3 134.1 146.8 158.3 166.8 174.7 181 186.1 193.5 203.3 216 232 247.8 266.1 280.7 294.7 306.5 316.8 323.9 328.8 329.4 326.9 322.6 315.5 312.3 311.2 313.8 320.8 333.8 339.5 343.1 349.5 360.5 378 388.9 394.3 389 391.8
89.3 91.5 94.6 100.4 105.9 110 112.4 113 113.7 114.5 114 110.2 105.7 101.2 96.4 91.6 88.8 86.3 84.9 85 83.8 81.9 79.3 77.5 78 79.2 78.4 78.6 78.6 78.1 73.4 71 68.8 64.9 59.2 61.8 60.9 60.8 63.7 62.4 60.2 66.5 69.7 72.8 75.2 75.4 73 70.3 70 70.5 72.2 82.6 92.4 103.5 114.7 125.8 137 148.3 157.5 165.5 171.9 178.9 185.9 196.2 207.5 219.8 235.2 251.8 266.7 279.9 292.3 303.6 309.9 314.6 317 316 311 303.9 301.1 300.9 305.9 312.1 323.6 331.4 336.8 343.2 350.1 360.3 368.8 380 381.3 382.2
86.7 88.2 91 94.9 100.6 105.8 108.7 109.4 109.9 110.1 109.7 107.1 103.3 98.7 94 89.3 86.3 83.7 83 82.6 82 80.4 77.5 76.3 76.1 77.6 77.6 76.4 76.1 76.5 73.9 69.8 67.7 65.6 57.3 60.4 60.5 58.3 60.6 60.6 62.1 63 67.7 70.5 73.4 74.7 73.4 70.2 68.7 68.7 69.4 74.5 85.4 95.5 107.2 117.5 128.1 138.9 148.6 156.2 163.6 170.9 178.3 187.6 199.4 210.5 224.2 237.6 251.7 265.2 277.8 288.4 295.2 300.2 303.4 302.8 298.2 291.9 289.4 291 297.4 304.2 312.4 321.8 329.9 338.8 344.9 348.8 353.9 362.1 369.5 373
84.3 85.8 87.5 89.7 94.6 100.8 104.3 105.7 105.8 105.5 105.3 103.6 100.8 97 92.5 87.5 82.9 79.4 78.5 79.1 79.7 78.9 76 74.6 74.6 74.3 76.3 74.7 73.7 74 74 69 66.2 64.5 58.3 57.1 58.6 57 57.7 58.3 61.5 60.5 64.3 68.4 71 73.3 73.7 70.5 67.8 67.1 67.7 69.7 79.2 88.4 99.8 111.4 120.7 130.7 140 147.9 155.5 163.1 170.9 179.5 192.6 204.4 214.8 227.4 237.8 250.2 262.4 272.6 280.6 285.5 287.4 286.9 284.3 280.7 278.4 282.5 289.8 296.8 304.7 314 325.5 333.4 340.6 345.6 346.2 349.5 355.7 362.9
81.3 84.7 84.6 86.3 90.1 95.3 99.5 101.4 101.6 101.7 101.3 100.8 99.6 97.2 92.6 86.1 80.7 77.1 74.9 75.6 77 77.1 74.7 72.4 73.2 71.6 73.3 73.1 71.5 71.9 72.6 69.2 64.9 62.6 59.3 55.4 55.6 55.8 56.4 55.2 58.2 58.5 60.5 65.5 68.4 70 71.5 70.8 67.3 65.9 66.4 67.4 71.9 81.6 94.2 107 114.9 123.5 132.2 139.9 147.8 156 163.3 172.2 186.7 198.4 207.3 217.8 226.9 237.4 246.9 256.2 264.3 270.7 274.2 273.5 271.5 270.2 268.3 274.2 282 290.8 298.9 307.5 318.8 326.3 334.4 340.6 346.2 346.7 347.5 356
77.4 82.7 83.7 83.7 85.8 89.9 94.1 96.5 97.3 97.8 97.1 96.6 96.3 94.9 92 85.3 79.2 76.2 73.5 72.7 72.7 73.7 72.8 70.2 69.1 69.5 69.3 71.3 70.1 69.6 70 68.4 64.1 60.4 58 53.6 54.3 54.5 54.7 55 54.6 57.1 58.8 62.5 65.8 67.7 69.1 69.8 67.3 65.8 64.9 65.8 67.6 74.9 86.1 99.2 108.9 115.7 124.8 132.5 140.7 149.3 157.7 167.9 180.2 192.2 200.1 209 217.3 226.1 234.7 242.6 249.9 257 261.9 262.1 260 259.4 260.3 266.4 275.8 284.9 293.1 301.6 311.2 318.1 327.7 338.6 345.8 347.6 347.7 350.1
74.3 77.7 82 82.8 83.2 84.9 88.7 91.7 93 94.1 94.2 93.6 92.8 91.9 90.5 84.3 79 75.2 71.9 69.9 68.9 68.3 68.4 67.8 66.9 67.9 67.3 69.5 69.3 67.4 66.7 66.7 62.6 58.6 56 53.4 53.3 53.2 53.6 53.5 53.4 54.7 58 59.6 63.4 65.5 67.3 68.7 67.8 65.9 63.8 64.5 66 69.8 80.4 91 102.7 109.9 118.5 125.7 133.8 143.7 153.1 162.5 173.9 183.6 192.2 200 207.6 216.1 223 230 237.3 245 250.3 251.5 250.4 251.7 255.1 261 270.3 279.2 287.4 295.7 305.2 310.6 322.4 335.8 342.5 347.7 351.9 351.4
78.4 73.9 77.1 80.1 80.5 80.7 82.9 87.4 89.7 90.8 90.8 90.9 89.8 89 87.6 83.9 78.8 74.9 72.1 69.3 66.9 66.3 66 65.9 65.4 66.3 66.4 66.6 67.6 66.9 65.2 64.3 61.9 58.1 53.7 52.1 52 51.9 51.9 52.7 52.5 52.7 55.5 56.8 60.5 63.7 65.6 67.2 67.8 65.8 63.2 63.5 64.9 66.9 73.9 85 96.8 104.5 112.2 120.3 127.4 137.7 147.3 156.8 166 175.1 184.1 191.3 198 205.4 212.2 219.2 226.9 234.6 239.2 241.3 242.3 245 249.4 255.5 264.3 273.2 282 290.8 298.6 304.9 317.3 330.5 340.6 348.2 353.8 353.2
84.7 78.3 73.5 73.1 75.4 75.6 77 83.3 86.4 87.4 87.4 87.4 87.4 86.6 84.8 83.4 79.3 75.4 72.5 69.7 67.5 66 65.2 65 64.6 64.1 63.9 64.2 66 66.3 65.1 63 60.5 57.7 53 50.8 50.7 50.6 50.6 48.4 51.1 51.7 52.1 54.7 58.9 61.5 64.3 66 67.4 65.9 63.1 62.5 63.9 64.6 68.5 79.1 91.8 100 108.7 116.7 124 133.4 142.5 151.4 159.7 168.4 176.8 183.9 190.2 196.1 202.3 208.7 216.5 224 229.4 232.7 234.5 238.3 243.1 249.6 257.9 266.9 276.1 285.7 293.9 300.7 314.7 324.4 338.2 348.8 356.2 353.5
88.1 85.5 80.7 74.8 72.9 72 72 76.1 81.7 83.8 83.9 83.1 82.7 82.1 81.3 80 80.8 76.4 73 70.5 68.4 66.1 64.1 64 63.4 62.9 61.6 61.5 64.1 65.8 65.1 62.9 60.2 57.4 53.7 49.7 49.6 49.7 49.8 49.5 49.7 50.4 51.4 52.7 57.1 59.9 62.7 65.1 66.7 66 63.4 62 62.8 63.8 65.7 72.7 83.3 95.8 104.2 112.6 120.9 129.8 138.8 147.9 155.1 162.6 170.3 178 183.4 189 195.6 200.7 205.9 212.9 219 223.3 228.5 233 237.5 243.9 251.7 260.5 269.8 279.4 290.2 298.1 306 319.2 334.7 344.4 353.5 353.3
89.8 86.8 84.2 78.9 76.4 73.1 71.9 70.7 75.4 77.4 75 74.3 75.4 76.2 76.7 76.4 75.4 77.5 72.3 68.3 65.8 64.2 63.1 62.3 60.9 60 57.8 55.6 60.2 62.9 64.3 63.1 60.7 57.9 54.9 48.4 48.1 48.5 48.5 48.2 48.6 48.6 50.6 51.1 55.7 58.9 62 64.6 65.9 66.4 63.8 62 62.4 63.3 64.8 68 77.5 90.2 98.4 107.5 116.2 126.1 135.5 144.1 151.6 158.9 166.7 171.2 176.7 182.5 188.6 194.6 198.9 203.9 209.9 216.6 222.6 227.8 232.4 238.7 245.8 254.1 264.5 274.7 285.4 295 302.4 312 328.9 340.3 346.4 350.6
90.8 87.1 84.9 82.9 80.6 77.5 72.8 71.5 70.6 71.2 72.9 72.4 71.6 70.7 70.9 71 70.8 72.3 70.3 66.1 63.8 63.8 63.2 60.5 59.9 57.5 58.3 55.9 52.1 55.5 59.8 60.1 58.6 52.6 49.7 47 46.3 46.6 46.5 46.6 46.9 47.1 48.7 50.2 54.1 58.2 61.9 64.3 66.4 66.3 63.5 61.6 62.2 62.9 64.4 66.1 71.7 82.3 93.9 103.8 113.3 124 133.2 140.6 148 155.7 161.7 166.1 171.9 178.6 186 191.5 196.6 199.6 205 212 218.1 222.4 227.3 232.6 239.1 248.7 260 271.6 283 293.8 297.9 309 325.1 337.6 341.4 347.3
89.8 90.1 89.2 86.2 84.6 81.7 77.3 73.9 72.9 71.9 71.3 71.8 72.3 72.5 70.9 68 66.2 66 65 64.7 64.9 66.7 69.7 68.5 66 65.6 64.9 62.1 57.2 56.4 53.8 51.4 50.3 49.4 48.2 46.9 46 44.8 44.4 44.9 45.1 45.6 46.7 49.4 52.8 56.6 62 65.8 66.1 66.3 63.6 61.8 62.1 62.7 63.6 65.1 67.5 74.6 90 101.8 112.5 125.7 136.4 145.1 148.3 156.6 164 169.7 176 182.6 189.6 195.2 200.1 201.4 203.7 211 216.5 220 223 227.7 236 247.1 258.9 270.2 280.8 291.3 295.7 304.6 317.4 332.4 338.7 344.6
91.5 92.1 91.7 89.3 87.9 85.5 83.7 81.7 79.2 78.4 79 80.8 81.4 79.5 75.4 74.9 72.5 70.9 71.7 71.2 72.6 71.6 70.9 69.9 68.5 67.4 67.9 66.4 63.7 63.6 61.4 58.1 56.1 53.4 48.3 46.9 45.5 44.5 44.6 44.5 44.6 44.3 45.5 48.6 52.1 56.9 61.9 65.6 65.8 65.4 63.7 61.5 61.6 62.8 63.8 64.4 65.6 70.3 83.2 99 112.1 127.8 140.3 148.8 153.1 161 169.1 175.5 181.1 187.6 194.1 200.1 205 207.4 209.4 212.7 216.9 220.2 222.8 228.4 236.2 244.7 257.4 269.6 279.9 287.5 293.6 298.7 316.6 324 338 343
92.7 91.7 92 92 90.3 87.9 87.8 87.7 89.4 88 88.3 88.1 90.7 88 86.1 85.4 83.2 83 81 79 76.1 74.1 72.3 71.2 70 70 70 69.9 67.5 65.4 65 63 61 58.2 53.5 49 45.5 44.5 44.1 43.9 43.3 43 44.4 47.4 50.9 53.9 60 65.7 65.6 65 63.4 61.5 61 62.9 64 63.9 64.5 66.7 75.2 92.5 110.4 128.8 141.8 151.8 158.7 168 176.7 180.9 186.4 193 200.3 207.5 213.2 216.2 215.9 216 217.9 221.3 224.7 230.4 238.6 247.1 256.4 266.2 276.5 287.4 291.7 298.8 312.6 319.9 332.6 340.5
95.1 91.8 90.7 91.5 91.1 90.4 89.7 89.9 90.6 93.2 94.1 94.1 94.4 95.3 94.4 91.7 89.1 86.9 83.7 80.8 77.4 75.6 74.5 73.3 72.4 71.9 71.9 72.4 71.6 68.9 67.1 65.1 62.9 60.5 55.5 50.9 46.8 44.7 43.6 43.2 42.4 41.7 43.3 46 49.5 53.2 57.9 62.9 65.4 64.4 62.4 60.6 59.6 62.6 64.4 63.5 63.5 65.1 69.5 82 104.8 126.8 142.8 155.4 164 173.5 183 187.3 192.9 200.5 209.1 216.1 222.6 226.8 226.9 223.8 222.3 223.7 227.3 232.1 240.3 247.5 255.4 263.5 271.9 282.6 295.7 296.7 306.5 318.4 325.8 331.3
99.7 93.9 89.9 89.8 91 90.4 90.6 91.2 91.5 93.2 96.1 96.8 96.4 96.6 98.1 95.7 92.9 89.5 86.3 82.3 78.5 76.6 76.5 75.4 74.6 74.6 75.9 76.6 75.1 72.6 69.1 66.9 64.1 61.3 59.1 53.9 48.7 44.8 42.7 41.8 41.3 41.4 41.8 45 48.6 51.1 55.4 60.2 64.3 63.5 61.5 59.5 58.5 62.7 65 63.7 63.1 63.4 67.3 74.6 96.7 122.6 141.5 155.1 166.7 175.5 186 192.4 200.3 209.7 218.4 225.5 232.7 238.1 239.5 236.9 232 226.1 228.5 233.3 238.9 245.8 252.8 259.4 267.1 276.6 288.8 292.1 300.5 314.9 322.3 323.5
106.2 97.7 91.1 88.3 89.5 90.3 90.3 90.9 91.3 93.1 97.2 99.1 98.9 99.3 99.9 98.9 96.1 91.6 86.9 83.4 79.8 77.7 77.4 77.3 77.5 78.4 79.1 80.4 79.1 76.4 73.5 69.4 66.6 63.4 60.3 56.6 51.7 46.8 43.4 40.3 40.6 40.7 40.4 43.8 47.3 50 53 57.6 61.1 61.8 60.6 58 58.9 61.4 65.5 64.8 63 62.9 65.2 70.5 84.4 113.8 136.5 154.4 169.4 176 191.7 194.3 205.4 217.5 227 234 242.1 249.3 252.6 249.1 242.1 232.7 228 231.2 235.3 241.9 248.5 254.9 261.6 268.1 278 283.5 293.1 307.3 318.2 317.4
116.4 105.5 96.1 89.5 87.4 88.2 89.1 89.4 90.3 92.5 96.5 100 102 103.2 103.6 102.7 99.9 96.5 89.3 84 80.9 78.7 78.4 78.9 80 81.4 82.3 83.6 83 80.9 78.1 73.9 68.9 65.4 62.3 59.4 54.6 50.6 46.3 42.1 40 39.7 38.6 40.9 45.2 48.5 51.8 55.2 58 60.1 59.7 56 59.4 64.7 67.4 66.2 63.9 62.8 62.8 67.3 75.8 103.3 128.9 150.1 171.1 177.8 193.9 194.4 205.5 223.2 234.1 240.3 251.7 260.6 264.4 262.3 252.8 238 230.4 227.2 229.8 236.4 243.1 249.2 256.3 264.7 268 273.6 284.7 295.3 307.6 311.5
129 117.4 106.3 95 88.3 86.7 87.3 87.7 88.3 89.9 94.5 98.8 103.3 108.4 107.3 105.5 103.2 99.8 92.7 85 80.5 79.2 79.8 80.8 82 83.1 84.4 86.3 86.1 84.8 81.6 77.7 73.3 67.2 64.6 62 57.7 54.6 50.3 44.7 40.7 40.2 39.7 38 43 46 49.4 52.9 55.6 57.5 57.6 54.1 60.8 67 69.6 69.1 65.8 63.2 62.4 64.6 70 91.4 117.3 139.2 161.8 174.4 190.7 194.7 205.8 225.4 238.6 244 261 269.1 270.9 263 253.9 239.1 232.2 228.7 224.9 230 235.7 241.9 250.6 259.6 266.8 268.1 275.5 289.2 296.9 303.9
141.9 130.4 118.2 105.9 93.6 87 85.7 86.4 87.2 86.9 90.8 95.7 102.2 108.6 110.4 107.1 104.3 101.8 96 88.1 80.3 78.2 78.2 80.3 82.8 84 85.6 87.6 88.3 87.6 85.6 81.8 77.1 70.2 64.6 63.7 60.8 56.9 53.9 48.6 43.3 40.2 39.3 39 39.1 43.2 45.9 49.3 52.2 55.6 54.3 54.1 61 67.9 73.8 72.6 69.6 65.6 62.3 62.3 65.5 73.7 102.4 128.7 151.1 166.8 179.2 190.4 205.8 223.8 237.8 247.5 261 271.5 268.1 255.8 246.9 235.6 229.8 224.6 221.8 224.1 229.1 236.1 244.2 253.4 261.1 265.6 269.4 278.7 287.5 293.6
150.6 141.7 130 118.1 104.6 91.8 85.4 85 85.1 85.4 85.9 91.3 98 105.6 108.9 108 103.6 100.9 95.3 88.7 81.3 75.7 76.2 78.2 81.7 84 85.8 87.7 89.8 89.3 87.7 85.1 80.9 75.3 66 62.7 61.9 58.1 55.9 51.6 45.9 41.4 39 38.3 36.8 42 43.8 45.8 49.5 50.2 47.8 54.3 60.5 67.6 76.4 80.4 73.4 67.9 62.6 60.9 62 66.7 83.3 116 136.2 155.3 171.5 179.4 204.7 216.8 229.4 244.4 258.8 268.8 262.8 248.2 239.5 235 229.2 221.7 217.6 219.3 223.3 230.4 237.6 246.1 252.6 259.7 264.9 275 279.4 280.6
154.8 150.7 142.9 129.8 113.9 99.4 88.4 86.1 83.9 83.9 83.6 85.5 91.4 98.3 103.2 104.9 103.7 99.3 94.2 89 81.8 74.3 73.1 75.1 79.5 83 85 86.9 90.1 89.9 88.8 86.9 83.7 78.9 72.4 62.2 59.7 57.6 56.8 54.1 48.8 44.3 39.7 38.1 35.6 37.4 43.1 42.7 42.4 49.4 51 53.7 59.7 67.1 77.4 89.1 85.7 72.5 64.7 60.7 59.8 62.8 67.8 90.6 117.6 140.8 156.9 170.3 199 211.8 225.7 228.8 251.5 259.9 258 242.8 235.4 233 227.2 220.3 215.8 216.1 218.6 224.6 231.3 238.8 244.3 250.8 260.7 271.8 273.9 276.3
156.1 154.7 151.1 138.2 120.6 103.8 92 85.8 83.8 82.4 82.4 81.8 83.5 89.6 95.7 99.5 99.2 96.4 91.9 86.6 81 74.9 70.5 72 74.9 80.1 83.5 85.5 87.8 89.6 89.1 88.1 86.8 83 77.4 69.9 58.4 56.5 56.2 55.6 51.1 46.1 41.5 38.2 37 35.6 35.6 38.2 40.9 47.8 49.4 52.2 57.6 65.1 75.8 93.1 98.7 84.8 70.7 62.4 59.2 60 62.7 71.7 99 128.1 142.3 162.7 193.7 212.9 221.5 220.4 240.5 252.7 253.8 241.1 233.5 227.9 224.9 220.8 215.1 213.4 213.9 217.7 225 231.9 236.4 242.5 253.3 262.2 269.9 272
152.2 152.3 149.6 141.9 124.3 106.7 95.7 87.7 83.3 81.9 80.2 79.8 79.2 81.6 87.1 91.2 93.1 91.6 88.4 84.5 80.4 74.8 69 69.2 71.9 75.7 79.8 83.5 85 87.2 89.6 88.9 88.3 87.8 82.9 75.7 66.2 55.6 54.5 54.4 52.5 49.1 44 39.6 38.1 35.9 34.8 35.6 37.6 40.2 46 50.6 57.1 64.2 74.4 91.7 106.1 99 83.1 68 61.1 58.5 59.2 61.6 75.6 107.6 133 150.9 183.6 207.7 218.7 218.4 224.2 241.6 245.2 238.6 230 227.6 227.4 224.1 218.1 210.6 208.4 209.8 216.4 222.4 227.4 235 244.4 253.6 262.9 269.9
145.6 145.9 145 138.9 127 112.6 101.2 91 84.6 81.7 79.7 78.6 76.7 75.6 78.9 82.3 85.2 86.4 85 82.9 79.8 75.5 68.9 66.8 68.9 72.3 76 80.1 83 84.3 88.5 90.1 89.7 89.2 88.4 81.1 72.5 63.2 53.3 53.2 53.1 52.1 47.1 41.3 39.3 38.5 37.4 34 35.7 37.3 41.6 48.7 54.9 63.4 74.3 90.8 107.3 113.7 99.2 80.8 67 58.7 57.9 58.9 63.3 87.2 118.3 135.1 167.2 194 209.2 217.7 215.7 230.4 236.2 231.8 228.7 228.3 227.8 228.8 220.8 215.8 206.2 204.2 208.6 213.6 218.1 226.2 233.3 241.7 253.2 262.8
140.2 139.1 138.5 135.3 128.3 118.1 108.1 96.5 88.2 82.2 79.9 77.9 75.8 73.5 73.5 75.5 78 80 81.4 81 79.3 74.5 68.9 65.1 66.9 68.6 72.3 76.2 79.2 81.5 84.8 88.4 90.9 90.3 89.3 85.9 78.7 67.4 57.3 53.5 52.8 52.1 48.3 43 41.5 41.1 40.5 37 32.9 33.9 36.2 42.8 51.3 61.2 72.6 88.1 103.9 119.8 115.5 96.4 77.1 65.4 57.1 56.6 59.4 68.7 99.3 121.8 150.4 181.9 200.4 214 215.6 219 223.9 222.6 224.7 228.6 230.8 227.5 223.1 215.3 208.5 202.5 202.1 205.4 208.5 216 223.2 231.1 240.8 249.5
136.6 133.1 131 130.3 125.7 120.9 113.4 104.3 93.2 86.2 80.9 78.6 76.2 72.8 72 71.7 72.9 75.1 77.2 77.9 76.9 73.4 69.1 63.9 63.8 65.1 68 72.1 75.7 78.6 81.3 85.4 89.7 90.1 89.6 88 84.5 71.1 62.6 56.1 52.7 52 50.7 45.3 43.3 43.5 44.4 40.8 37.2 33.2 30.5 36 45 58.5 68.5 84.2 100 116.5 126.4 114.2 92.9 71.8 61.2 55.7 55.3 59.5 77.3 104.3 133.9 164.4 190.3 205.1 210.3 208.6 210.7 215.5 220.4 227.3 230.7 227.4 224.5 215.9 210.2 205.1 198.9 198.6 200.3 205.2 215.2 222 228.3 233.8
131.1 129.1 126.3 125.1 121.3 118.7 118.3 109.7 97.6 91.3 85.9 81.3 77.8 75.7 73.2 71.2 71.6 71.8 73.6 74.8 74.3 71.8 69.8 64.9 61.5 61.6 63.6 67.4 72.5 75.9 77.5 80.4 89.8 89.9 88.4 86.8 84.9 76.1 64.3 58 53.6 52 51.3 47.8 45.2 44.8 45.2 43.4 40.1 34.8 31.3 32.2 39.6 50.5 62.7 79 94.9 110.8 126.3 127.6 107.8 84.9 65.9 55.1 53.3 54.7 60.4 89.5 119 148.8 177.4 191.1 201 202.6 203.8 211.4 220.1 225.8 229.1 229.6 227.1 222.4 216.3 208 199.4 192.4 191.2 196.7 205.9 210.7 214.2 217.6
129 126.1 123.6 121.6 120.1 118.7 118.6 115.6 105.4 100 93.3 87.1 83 81.2 78.3 74 71.3 70.3 71.2 72 71.4 70.2 67.8 65.6 61.2 59.1 59.4 61.2 64.5 70.5 73.2 72.8 80.4 87.5 84.9 82.9 80.7 77.5 68.1 62.6 54.5 51.7 49.3 46.9 45.3 44.9 44.7 44.7 44 37 31.1 29 33.8 44.5 56.5 74.8 89.4 101.8 118.4 132.7 121.3 97.7 72.8 60.1 53.3 53.5 55.4 73.4 105.4 131 160.6 178.8 191.5 196.2 203 207.3 214.9 220 228.5 233.4 232.2 231.5 223.7 212.2 202.8 193.4 184.1 187.3 196.3 198.8 200.7 202.1
127.2 123.8 122.2 120 119 119 118.5 117.6 113.9 109.4 103 95.5 89.2 86.4 83 79.7 76.4 73.4 71.1 70.2 69.8 68.7 65.8 63.5 61.7 58.9 57.4 57.3 59.7 63 67.4 67.7 67.3 75.2 79.1 80.2 76.8 74.8 70.5 63.7 56.7 51.4 48.4 45.1 43.3 42.7 43 44.7 43.8 37.9 32.5 29.2 30.6 39 49.7 69.4 83.1 95.2 108.4 125.6 129.2 107.9 84.1 66.9 57.2 51.9 52.8 59.5 87 116.9 145.1 163.7 181.7 191.7 199.9 206.7 207.2 214.6 228.6 234.9 235.1 234.8 228.8 216.6 204.5 194.4 185.2 175.6 180.9 183.5 185.8 188.2
126.4 123 121.1 119.9 119.4 119.1 119.6 119.7 118.9 117.7 112.2 105 98.2 93 89.9 85.3 82.1 79.7 76.2 72.1 70.8 69.6 66.3 62.8 60.7 58.5 56.7 55.5 55.3 57.1 61.5 63 61.7 63.5 69.1 73.3 71.7 69 67.1 63.7 56.7 51.4 49.3 47 42 40.2 40.8 42.6 44.3 39.9 36 28.7 28.8 32.6 41.8 61.2 77.2 91.1 99.6 113.1 124.7 115.7 93.5 74.6 63.5 53.8 50.9 52.7 68.7 102.6 129.7 155.7 170.6 189.4 196.4 203.5 203.4 208.7 223 232.8 237.3 240.2 230.1 217.5 206 194.9 183.8 174 166.9 170.4 173.8 174.7
126.1 123.3 122.2 121 120.4 121.1 122.3 123.7 124.5 124.5 121.7 116.3 110.2 105.1 99.1 92.4 88.8 86.7 82.7 78.5 74.4 71.5 70.5 67.8 61.5 57.8 56.1 54.6 52.8 51.8 55.4 58.8 57.8 57.5 60.5 64 65.6 64.2 63.8 62.1 55.8 51.4 51 50.7 49.7 42 39.1 40.3 42.5 41.9 38.2 32.6 27.2 27.8 37.2 52 71.5 84.9 95.1 102.2 113.4 115.9 101 82.8 72.5 60.4 51.2 49.3 55 88.2 115.5 139.8 160.2 181.3 189.5 192.2 195.8 204.6 213.7 227.8 232.4 236.5 227 216.6 204.9 193.4 182.1 172.1 162.6 160.8 164.6 162.5
123.4 123.1 122.8 123.7 124 125.1 127.3 129.7 131.3 131.9 132.4 128.8 123.2 117.2 111.1 103.9 96.5 92.7 89.3 85.3 80.6 76.7 73.3 70.9 65.3 58.9 55.6 53.5 51.6 50 49.3 53.7 54.7 54.2 54.9 57.6 58.6 58.9 60.2 60 55.7 51.8 51.9 53.9 55.8 54.2 40.6 37.5 39.4 39.9 37.2 34.1 28.2 26.3 32.3 45.6 62.8 78.6 93.9 102.7 104.1 108.4 103.3 89 82.2 69.3 56.2 47.9 50.9 68.4 97.5 119.7 143 163.1 176.1 181.6 195.5 203.2 207.6 217.6 225.4 226.4 218.6 212.2 202.7 191.7 179.3 168.9 158.2 154.8 156.1 152.8
119.3 122.1 122.7 125.2 127.7 128.8 130.7 133.1 138.5 141.5 141.9 139.2 135.7 129.7 123.6 115.3 106.1 99.6 96.5 92.7 89.3 83.9 76.9 72.3 68.6 62.6 58.1 52.2 51 49.4 48.2 48.1 49.7 50.7 51.9 53.3 54.3 54.6 54.7 57.3 55.1 51.9 52.6 56.9 59.3 60.9 52 38.8 35.6 36.7 35.1 31.5 28.1 26.5 28.5 40.8 53.8 71.3 89.2 107.5 109.9 105.1 98.9 89.2 85.5 78.6 64.4 51.1 47.4 53.9 74.9 102.2 126.3 145.6 161.9 174.7 191.8 203.6 211.1 205.5 220.4 216.8 208.5 205.1 198.6 189 174.4 163.3 153.7 147.9 146.3 144.6
113.5 117.6 122.8 126.1 129.3 132.2 134.6 138.8 146.5 151.9 152.9 152.3 150.2 150.1 142.2 128.7 118.1 109.7 105 100.4 94.6 91 83.7 75.9 70.8 65.9 61.5 56.4 50.9 47.5 47.3 47.6 47.7 48.2 48.8 51.6 51.8 51.4 52.2 55.3 56.2 51.9 53.8 60.2 62.3 64.9 62.5 49.6 36.3 33.3 32.4 29.2 26.2 24.6 27.1 35.1 47.1 61.8 82 103.5 116 110.6 100.3 91 86.6 81.9 72.4 58.2 45.6 48 60.1 85.2 110.5 130.3 148 164.8 185.9 203 209.8 203.5 207.9 212 201.3 198.1 191.9 181.5 167 157.4 148.3 141 139 140.5
108.7 113.6 121.3 125.7 129.4 134.6 137.5 143.3 148.7 156 160.9 163.2 168.6 170.4 161.4 146.5 132.4 122.8 115 107.2 100 94.8 90 82 74.5 68.9 63.9 58.9 53.9 50.2 49.1 47.5 46.7 46.9 47.2 49.4 51.7 49.8 50.6 51.4 53.3 52.7 55.3 62.9 65.4 68.6 69.2 59.3 46.3 34.1 30.3 29.6 25.6 24.2 26.6 32.8 44.8 57.5 71.5 92.4 111.7 114.6 100.8 89.8 86.1 81.3 75.9 66.1 50.1 45.1 51.6 68.4 92.7 113.3 131.4 149.7 171.1 193 200.9 201.8 193.3 195.6 195 185.6 180.1 172.8 162.4 151.3 140 134.1 136.3 139.4
104.6 109.5 116.9 125.1 128.4 133.5 138.1 143.5 150.1 156.6 163.4 170.8 177.2 180.1 174.8 162.6 148.4 135.6 126.9 113.8 105.9 99.7 94.4 88.6 80.9 73.7 67.9 62.3 57.3 53.1 50 48.4 47.6 46.4 46.4 46.8 48.3 49.7 48.3 48.6 49.1 50.8 55.1 62.9 67.6 72.2 74.2 67.3 55.3 42.8 30.6 27.2 24.7 22.4 25.8 32.7 42.8 53.5 63.9 80.1 99.9 114.1 102 86.6 81.9 80.7 77.6 70.6 55.7 41.2 45.2 56.4 77.2 98 115.5 136.7 157.6 178.5 190 190.6 179.8 176.1 175.6 171.9 170.2 165.1 152.3 140.2 133.3 131.1 134.7 142.6
