public/OST50/NX96.asc
ncols 200
nrows 200
xllcorner 290000
yllcorner 560000
cellsize 50
[rows 36 to 71 of 200, columns 0 to 80 of 200]
228 227.8 223.9 216.7 207 193.1 178.6 161.2 141.1 118.7 106.3 101.6 96.5 92 87.5 84 80.8 79.1 78.7 78.5 78.7 79.2 80.6 82.4 83.8 86.1 87.4 88.7 91 93.6 95.9 98 102.6 106 106.8 106.2 105.4 105.1 103.8 103.1 102.7 102.6 101.8 102.2 104.8 110.7 116.4 118.7 121.9 125.5 127.8 129.3 129.8 131.2 132.7 133.8 136.9 141.3 145.5 149.6 153.1 158.1 162 163.2 159.6 154.4 150.2 142.8 135 130.1 125.7 120.5 117 115.1 109.8 107.3 105.6 102.6 100.6 96.6 93.6
241.2 238.4 234.7 228.1 219.4 206.9 190.3 173.3 150.7 128.5 106.5 100.6 95.5 90.4 85.7 82.3 79.3 78.7 78.5 78.5 78.7 79 79.3 79.9 81.2 82.3 83.3 82.9 84.2 86.3 90.6 94.1 97.8 101.3 102.1 102.5 102 100.8 100.2 99.4 100.2 100.5 99.7 102.7 107.1 109.4 114.2 120 123.2 126.2 128.5 129.8 131.8 134.3 135.7 134.9 136.1 138.1 140.9 144.7 148.5 150.9 149.9 150.8 147.3 144.2 140.7 134.9 128.9 125 122 121.3 118.5 116.1 112.9 110.1 107.4 103 101.8 100.7 96.4
250.7 249.2 245.8 240.1 230.3 216 200.5 186 160.8 137.8 113.3 99 92.9 88 83.8 81.7 79.9 78.4 78.5 78.5 78.8 79.1 79.4 79.2 79.4 80.4 80.9 80.5 80.7 82.3 86.5 92.4 94.8 96.8 97 97.4 97.1 96.6 95.6 95.1 95.9 96.4 99.5 104.1 108 110.5 113.5 118.2 124 127.2 128.5 131.7 134.2 135.9 137.5 138.2 137.8 139.2 141.6 143.2 145 145.8 144.2 141.4 136.7 134.8 131.9 127.6 124.4 121.1 118.2 117 120.4 118.6 116.7 114.9 111.7 108.4 105.1 105.3 101.3
262.3 259.1 254.7 248 234.2 224.6 210 197.9 180.2 148.4 122.9 104.7 96.5 87.5 84.2 81.6 79.5 78.5 78.5 78.6 78.9 79.2 79.5 79.2 79.1 79.6 79.8 80 80.3 80.9 82.1 86.7 91.3 91.5 91.6 92 91.6 91 90.1 90.5 90.9 93.7 98.7 101.2 104.7 110.5 116.2 119.6 121 127.8 129 132.5 136.8 138 139.1 144.1 142.8 141.4 143.8 144.3 146.2 144.3 142.6 137.9 131.4 127.3 124.2 122 120.6 117.5 114.7 115.4 116.6 117.5 118 116.9 114.9 113.1 109.4 106.5 101.2
274.5 266.6 267 254.1 242.5 227.4 217.9 204.1 190.3 166.4 131.2 109.4 97.8 88.4 85 81.9 79.7 78.7 78.4 78.7 79 79.3 79.6 79.8 79.8 79.9 79.7 79.5 79.9 80.2 80.5 84.3 88.1 88.4 88 86.9 86.6 86.8 87 87.9 90 93.3 98 100.9 103.6 107.4 112.1 118.8 120.9 123.2 127.2 132.3 139 140.1 142.6 146.3 149.6 149.3 150.4 153.7 152.8 149.2 144.5 138.3 128.2 122.5 120.4 117.4 115.9 115.2 113.1 112.8 114 115.7 116.3 116.1 115.3 113.7 111.6 110.9 108.4
285.1 277.6 277.1 265.1 251 233.3 220.3 206.2 192.4 168.1 137.1 117.7 101.5 92.7 87.7 82.7 80.2 79.1 78.6 78.9 79.2 79.5 80.5 82.6 82.5 82 81.9 81 80.3 80.2 80.5 81.3 84.9 86.2 86.1 85.3 84.9 85.8 86.9 88.6 90.4 93.5 97.5 100.5 103.5 107.4 112.1 116.3 120.4 123.1 126 131.9 136.9 142.6 147.3 151.3 154.5 156 158.7 160.7 160 158.6 154.9 143.3 133 124.8 117.7 115.3 111.4 110.4 108.1 108.3 110 110.8 113 113.4 113.3 112.8 112 111.8 110.7
291.8 289 284.5 278.5 261.5 244.2 223.9 211.6 194.8 168.9 143.8 123.9 108.3 96.9 91.6 86.2 81 79.3 78.8 78.9 79.5 79.8 81.5 83.3 83.9 83.6 82.1 81.9 82 81.4 81.6 80.8 82.2 83.9 84.6 84.4 84.2 85.4 86.7 88.6 90.8 92.4 96.5 99.6 101.7 106.6 111.5 115.8 120.3 124.5 128 132.5 139 145.6 151.8 155.7 160.6 162.4 165.9 168.2 167.7 166.4 160.4 149.8 138.9 129.2 120.6 111.3 107.3 105.5 103.7 102.1 104.7 106.5 107.1 109 107.9 109.8 109.6 109.6 109.8
297.6 298.7 290.9 287.4 274.7 251.7 232.3 218.6 202.8 177.2 151.8 130.2 114.9 101.1 95.3 89.5 84.5 80.1 78.2 79.1 79.5 80.2 82.7 83.8 84.4 83.6 81.9 81.9 82.3 82.1 81.6 81.3 81.3 81.9 82.5 82.9 83.8 85.1 86.4 87.5 89.6 92.7 95.4 99 101.2 104.4 109 114.8 120 124.8 130 135.6 141.9 148.3 154.5 160 166 169.2 172.4 174.5 174.3 171.9 165.1 154 144.2 133.6 125.9 116.6 108.2 103.3 100.7 98.2 99.4 100.8 100.7 102.6 102.6 106.4 107.5 107.9 109.9
301 305.9 302.4 296.7 285.8 265.9 244 227.2 208 187.6 160.6 134.9 120.3 106.5 97.7 92.4 87.4 83 78.8 77.9 79.2 80.4 81.9 83.4 83.5 82.8 82 81.4 80.8 81.5 81.6 81.6 82 81.8 81.8 82.5 83.2 84.7 85.5 86.9 88.6 90.4 93.7 97 101 104.1 108.4 114.1 120.1 125.4 130.4 136.5 142.6 149.5 155.5 161.8 167.7 174.4 177.8 178.8 178.6 176.6 168.9 157.3 146.4 136.4 130 121.4 111.7 104.5 98.4 96.2 93.4 92.8 94.6 98 98.1 101.1 104.3 106.7 108.5
301.4 310 307.8 298.9 292.2 278.6 260.7 242 220.7 195.3 172.9 142.2 123.9 111.4 101.9 95.5 89.9 85.4 81.4 78.7 78.5 80.4 81.8 82.7 82.1 81.7 81.9 81 80.3 80.1 81.8 82 82.8 82.4 82.2 82.7 83.2 83.8 84.6 86.3 87.9 89.5 91.3 94.4 98.6 103.5 109.1 113.5 118.7 125.5 130.6 136.3 142.5 148.6 155.3 164.3 170.4 177.6 180.8 182.7 182.3 181.2 172.1 160.4 149.3 138.6 133.7 126.2 117.5 108.4 102.9 96 93.1 90.9 91.4 91.3 94 96.3 98.4 102.1 105.6
302.8 313.5 312.5 300.5 296.5 291 280 258.9 237.2 210 189 156 130.2 116.9 107.6 98.8 92.7 87.5 83.1 80.8 78.8 78.6 80.2 81.2 81.1 81.4 81.9 80.9 79.9 79.6 81.7 82.9 83.5 82.7 82.6 83.2 83.7 84.2 84.4 85.5 86.9 88.4 90.2 92.7 96.9 102.2 108.8 114.3 119 125.4 131 136.4 142.2 148.7 158.6 166.8 174 180.7 184.6 185.9 185.8 185 176.7 162.9 150.1 140.2 134.8 127.3 119.4 111.2 105.8 99.2 93.8 91.1 88.9 89.2 90.3 91.9 93.8 96.2 101.5
302.7 312.8 313.4 307.2 301.5 301.8 294.4 276.4 255.1 231.3 203.3 172.4 141 125 113 104.1 95.7 89.4 84.9 81.4 79.3 78.3 79.8 80.5 80.8 81.3 81.7 80.8 79.6 80.7 82.8 84.1 83 82.3 83 83.7 84.3 84.6 84.7 85.3 86.7 88.2 90 92.4 96.4 100.8 107.6 114.4 119.9 125.2 130.9 136.5 143.2 150.2 160.8 169.8 176.9 183.3 188.4 190 190.3 191.6 186.6 170.2 152.3 138.4 133.3 124.8 116.9 110.7 106.2 100.3 95.5 91 88 86.4 87 88.2 89.1 91.8 97.2
296.3 310.4 317.4 313.4 304.6 302.6 297.6 287.3 269.2 248.5 224.8 187.9 153.6 132.8 120.8 109.2 100.4 92.9 86.9 83 79.6 78.1 79.1 80.2 80.6 81.1 81.6 80.8 79.4 80.5 81 81.7 82.6 82.2 83.1 84.1 84.8 84.8 84.9 85.2 86.8 88.3 90.1 92.7 96.4 101.8 108.5 113.9 118.9 125.2 131.6 138.2 144.9 153 161.6 171.1 180.8 187.2 192.3 193.7 191.6 194 190.9 178.9 154.2 138 127 119.6 111.8 104.9 101.5 98.7 94.7 89.6 86.3 84.6 84.7 84.9 85.5 87.5 91.3
291.2 307.3 316.2 319 314 300.5 298 291.8 275.8 263 240.4 202.9 167.6 142 128.8 117.2 105.8 97.2 89.8 84.8 79.9 77.8 77.9 79.7 80.4 80.8 81.4 80.1 79.4 80.1 80.6 80.8 82 82.3 83.2 84.2 84.9 84.9 85.2 85.8 87.3 89.4 91.3 93.9 96.7 101.3 106.2 112.3 117.6 124.2 132.4 139.9 146.4 155.1 164.8 172 179.9 186.8 191.8 195.5 188.2 180.8 178.6 163.1 143.3 128.1 118.8 111.3 105.4 99.6 95.8 92.5 89.8 88.2 85 83.2 81.4 81.8 83.2 84.8 86.7
286.1 302.5 311.8 320.6 317.5 305.4 295.3 291.8 279 265.9 250 217.1 183.9 153.9 135.6 122.5 110.4 101.4 93.6 86.4 80.7 78.6 77.1 78.6 80.2 80.5 80.1 79.6 79.5 79.5 79.9 80.7 81 81.7 83.4 84.4 84.9 85.4 85.8 86.7 87.8 89.7 91.8 93.7 97.7 101.8 105.9 110.8 116.7 123.2 133.1 141.9 149.3 157.8 164.6 171.9 178.6 182.3 182.7 181.9 180.2 160.9 150.7 138.3 126.8 115.9 108 100.2 97 94 90.7 87.5 84.9 83.6 82.1 82 80.3 78.3 78.5 79.3 81.7
281.9 296.7 308.6 316.6 317.3 305 289.6 288.3 278.4 264 249.1 225.2 194.5 166.9 145.9 130.8 117.6 105.5 97.1 88.4 83.3 78.8 76.1 77 80.2 80.3 79.6 79.2 79 79.2 80.3 80.7 80.8 81.2 82.9 84.6 85.3 86.3 87.1 88.4 88.7 90.1 92.3 94.5 97.3 99.7 104.1 109.7 114.5 122.8 133.3 143.3 150.3 157.9 166 172.9 174.1 164.4 154.6 149.9 146.4 136.3 130.1 122.1 112.7 103.9 97.2 92.1 89.3 87.6 86.5 81.6 80.2 79.6 79.2 79.1 77.7 77.7 75.9 76.5 77.5
276.3 292.1 304.7 311.9 313 301 285.5 278.3 273.3 262.9 248.4 229.8 210 182.1 159.4 139.8 125.4 110.6 99.6 90.8 84.8 79 76.1 75.1 77.8 78.9 79 78.8 78.6 78.4 78.7 79.5 80.4 80.5 82 84 84.8 85.7 87.1 88.5 88.5 90.8 93.4 94.5 95.1 98.1 101.9 106.3 111.8 120.1 130.7 139.7 147.8 155.3 160.3 166.4 158.9 141.4 133.1 128.7 123.7 118.9 114.1 106.4 100.7 94.9 90 86.4 84.7 83.6 81.6 79.2 77.5 77.4 77.4 77.6 76.5 75.5 74.8 74.4 74.6
271.6 282.8 298.4 306.6 306.4 290.1 283 271.3 267.5 260.9 248.4 230.2 213.6 195.1 171.3 149.5 130.4 114.6 101.4 93 85.9 79.9 76.4 74.5 75 77.7 79.2 78.3 78.2 78 78.3 78.9 80.5 80.3 81.1 82.7 84.3 85.8 87.2 88.3 87.3 90.1 92.4 93.2 94.2 95 97.8 103 107.2 114.4 124.8 132.9 141.2 144.6 140.4 136.1 127.6 120.6 114.8 111.4 106.7 101 96 90.2 88 87.9 84.1 80.9 80.6 80.3 79.1 77 76.6 76.6 76.7 77.5 76 74.4 73.9 74 73.4
267.9 273.4 287 296.2 300.4 288.9 274.4 264.2 262 258 246.8 230.9 215.9 199.7 181.7 156.9 133.1 116.7 102.8 94.2 86.8 81 76.1 74.7 74.4 76.6 78.7 78 77.7 77.5 77.3 78.6 80.5 79.3 80.5 82.3 83.8 84.9 85.9 87.3 88.2 89.2 90.7 91.6 92.2 93.1 94.2 96.7 100.9 106.3 111.7 113 114 114.8 113.2 111 107.1 102.7 98.9 94.5 90 86.4 82.5 81.2 77.4 75.7 75.9 75.6 75.6 75.7 75.6 75.1 75.3 76 77.6 78 78.4 77 74 74 72.8
259.6 265.6 273.6 284.4 291.9 284.3 272.4 260.1 257.9 253.5 244.7 231 217.5 201.3 184 160.6 138 118.2 104.7 95.8 88 82.4 77.3 75.5 74.6 74.1 77.5 77.7 77.2 77 76.4 77.4 79.6 78.4 79.6 81 82.2 83.2 84.1 85.9 86.7 87.7 89.1 89.7 90.1 90.8 91.3 92 94.9 97.2 99.2 99.9 100.9 101.3 99.7 96.5 92.6 90.1 86.8 84.5 80.6 78.1 76 74.2 72.6 71.8 71.7 72.6 73.4 73.4 73.6 74.4 74.8 75.4 76.9 76.7 77.4 76.6 73.5 73 72.6
251.5 256.1 262.5 270.4 277.6 273.7 265 256 252.6 247.5 238.7 228.2 216.1 201.7 184.5 161.8 141 120.9 107.1 97.6 90.5 84.7 79.7 76.3 74.7 73.9 75.2 76.2 77.6 78.3 77.5 77.2 77.3 77.6 78.1 79.5 80.6 82.2 82.7 82.9 85.2 86 86.4 87.2 87.5 87.9 88 88.2 89.6 91.3 92 90.8 88.1 89.9 88.5 86 82.2 78.6 77.5 75.8 73.3 71.6 70.2 69.8 67.9 68 68.8 70.7 72.6 73.2 71.5 73.7 74.7 73.7 73.9 77 77.5 76.2 74.1 72.5 71.5
246.3 249.2 254.1 259.8 263.7 262 255.1 250.7 247.7 241.2 234.6 224.5 212.3 199 183.1 161.1 140.7 124.7 110.5 99.4 92.3 87 81.4 78 75.2 74.4 74.6 75 76.7 77.3 77.4 76.7 76.8 76.9 77.2 78.2 80 81 81.3 82.2 82.8 82.6 83 83.8 85 83.7 83.1 83.2 85.1 86 87 84.8 82.7 79.2 79.7 79 76.5 72.1 68.9 67.3 66.1 65.4 65.4 65.8 66 65.9 66 68.2 69.4 70.7 68.1 67.8 71.4 71.7 73.4 75.7 76.5 76.7 76.4 73.5 71.4
242.1 244 243.2 245.9 251.4 250.9 248.9 246.7 243.5 238.5 230.4 221 208.3 196.3 178.5 160.7 140.6 125 111.3 100.1 94 89.1 83 79.6 76.9 75.3 74.2 73.8 75.1 77.2 76.8 76.2 76.3 76.3 76.4 76.8 78.8 79.8 80 80.7 80.6 80.3 79.6 79.6 80.3 79.4 78.4 78.5 80.5 81.5 82 79.4 77.2 74.6 72.9 72.5 70.6 67.3 65.7 64.5 64.4 64.4 64.4 64.7 64.8 64.8 64.7 64.9 65.3 65.2 65.3 65.4 66.3 68.1 74 76 76.4 76.5 76.4 74.3 71.7
238.8 240.2 240.5 240.6 243.6 244.2 243.1 242 239.2 234.1 226.9 217.9 205.4 190.7 174.6 158.1 140.2 124.9 111.5 100.9 96.3 91 85.5 81.2 78.5 76.3 74.6 73.5 73.6 74.5 75.2 75.2 75.2 75.3 75.3 74.6 76.4 78.1 78.6 78.5 78.5 78 77.5 77.1 76.4 75.8 75.4 75 75.2 76.6 76.8 75 71.6 69 67 66 65.8 66.3 64.7 64.5 64.5 64.4 64.2 64.7 64.8 64.8 64.7 64.9 65.1 65.7 66.2 67 67 67.3 69.6 74.1 75.9 76.5 75.5 74.9 71.3
236.2 236.7 238.8 237 236.8 237.1 236.5 235.2 233.4 229.4 221.7 212.3 200.2 185.7 170.9 155.3 139.2 126 113.2 103.7 98 93.2 88.6 83.8 79.7 77.5 75.3 74.2 73.4 74.1 74.1 74.2 74.2 74.2 74.2 73.5 73.5 74.8 76.1 75.7 75.9 75.9 75.5 75 74.4 73.6 72.9 72.6 72.5 72 71.5 70.7 67.7 66.8 66.3 66.5 66.1 66.2 65.8 65.3 65 64.7 64.6 64.5 64.6 64.8 65 65.4 66.8 66.9 67.7 69.1 69.3 69.4 69.8 71.2 73.5 74.7 74.2 72.7 70.9
232.1 234 235.7 235.4 231.5 229.3 229.6 228.1 226 223 214.6 205 193.4 181.1 167.3 153.4 139.2 128.2 116.4 106.6 100 95.4 91.2 86.6 82 79.7 77.5 75.6 74 73 73.1 73.1 73.1 73.2 73 72.6 72.5 72.7 72.9 72.7 73.5 73.8 73.3 72.8 72.8 72.3 71.7 71.3 71 70 68.9 67.6 66.8 66.4 66.7 67.7 67.2 66.8 66.8 66.2 65.9 65.4 64.9 64.5 64.4 64.4 64.4 64.9 66.3 68 68.9 70.3 71.2 71.1 70.8 71.3 72.2 73.2 72.3 71 69.7
228.9 229.2 229.8 230.3 229 226.6 223.1 221 218.9 214 207.6 198.4 187.6 175.6 162.8 150 138.3 128.6 118.9 109.5 102 97.6 93.4 88.8 84.3 82.2 79.9 77.9 74.3 73.2 72.5 72.3 72.7 73 72.8 72.3 71.6 71.1 70.8 71.3 72 73 72.3 71.2 71.1 71 70.5 69.9 69 68.1 67.5 66.9 67 67.1 67.8 68.8 68.4 67.9 67.5 66.8 66.3 65.8 65.2 64.8 64.2 63.8 63.7 64 65.4 67.9 69.4 70.6 71.7 72.3 71.9 72.6 72.8 72.7 70.4 68.5 66.5
225.1 224.6 224.4 225.8 225.1 220.3 214.7 213.8 212.1 206.7 200.8 192.5 182.2 170.1 159.2 148 137.2 128.4 119.9 112.2 104.4 99.8 95.7 91 86.7 84.3 82.3 80.7 77.2 74.6 72.9 72.7 73.1 73.1 72.8 72.4 71.5 71.3 71.7 70.5 70.1 71.5 70.6 70 69.7 69.4 68.8 68.3 68.2 67.8 67.6 67.7 68 68 69.7 70 69.9 69.4 68.8 67.8 66.8 66.1 65.5 65.1 64.3 63.4 63.1 63 64.8 67.2 69.4 70.6 71.7 72.4 73.2 74.2 75 75.1 72.7 68.2 65.4
219 219.8 219.4 220.1 220.3 216.3 212.1 209.5 206.6 201.5 194.1 186.2 176.9 165.8 156.2 146.1 136 129.2 122.3 115.8 107.9 103 98.2 93.3 89.2 86.7 83.8 81.7 79.4 76.1 73.4 73.2 73.2 73.2 72.8 72.4 72.2 72.3 73.3 71.8 70.3 69.7 69.7 69.8 69.1 69.2 68.9 68.8 68.6 69 68.2 68.2 69.1 70.5 71.9 72.3 71.2 70.6 70 69.1 67.6 66.8 65.9 65.1 64.3 63.2 62.7 61.6 62.2 64.8 68.3 70.1 70.9 71.2 72.6 74.9 76.8 76.8 76.1 72.6 67.2
213.6 214.3 214.5 214.8 214.1 212.1 208.5 204.7 200.1 194.8 187.4 179.9 171.8 162.4 154.3 144.9 136.1 130 123.5 117.3 110.8 106 99.4 95 91.6 88.9 85.9 82.7 80.3 77.7 74.6 73.6 73.5 73.3 73.1 72.9 72.8 73.2 73.9 73 72.3 71.6 70.4 70.5 69.9 70 70.1 70.4 70.5 70 69.7 69.7 70.6 72.3 73.8 73.6 72.9 72 71.3 70.5 69.2 69.3 68.6 67.1 66.7 64.8 63.3 62.1 60.9 61 63.7 67.9 69.5 70.5 72 74.5 77.4 77.5 74.9 72 68.8
209.5 208 208.5 208.3 207.3 204.6 201.3 197.5 193 187.5 181.2 174.7 167.8 160.9 153.8 145.8 137.8 131 124.4 118.2 111.8 106.8 102.5 98.3 95.2 91.6 87.8 84.5 81.3 78.5 75.8 74.5 74 73.8 73.7 73.5 73.4 74 73.8 73.7 73.1 72.7 72.1 71.6 72 71 71.2 71.5 71.9 72.1 71.3 72.3 73.4 74.1 74.6 74.3 73.8 73.6 72.8 72.9 73.5 75.1 75.4 74.7 73.5 70.8 67.9 65.7 63.1 60.3 59.2 62.8 68.9 70.8 70.6 73.7 75.9 74.2 73.4 70.2 66.7
205 203.5 201.8 201.2 198.8 196.9 193.3 189.4 185.6 181.3 176.8 171 164.8 158.9 153.3 146.5 139.5 132.4 126.1 121.6 117.1 111.9 107.3 102.9 99.1 95.3 90.7 86.4 82.9 80.5 77.9 75.3 74.5 74.4 74.2 74.2 74.9 75.5 74.8 74.6 74 73.5 73.1 72.7 72.9 72.4 72.4 72.6 73 73.8 73.7 75.5 76.5 76.8 76.5 76.6 76.6 74.9 76.3 77.1 79.4 81.6 81.5 81.6 81.6 78.7 75.4 72.5 68.6 63.5 58.8 58.5 64.8 68.2 69.3 71.6 72.5 70.7 68.6 65.9 63.2
198.9 199 197 194.5 193.8 189.1 186.1 183.2 180.3 176.9 172.8 168.2 163.2 159.7 154.7 147.9 140.7 135.2 131 127.1 121.9 116.9 112.3 108 103.1 98.8 94.2 90.2 86.3 83.5 80.9 77.4 77 76.3 75.7 78.8 79.2 78.7 77.4 76.5 75.8 75 74.2 73.9 73.9 73.5 73.7 74.7 75.4 77 78.6 78.6 78.9 78.8 79.8 78.4 78.1 79.1 80.8 82.8 84.8 86.8 86.9 87.1 87.1 84.8 81.1 77.9 73 67 62.4 56.7 57.9 63.8 65.2 67.2 67.9 66.7 64.6 62.8 59.9
197.4 193.5 191.9 188.7 187.6 186.2 182.9 179.8 176.8 173.6 170.1 166.8 163.7 160.4 157.2 150.7 145 140.4 136.3 132.5 127.4 122.9 118.5 114 108.2 103.6 97.5 94.3 90.5 86.8 83.9 81.6 81.6 80.4 81.3 81.9 82.2 81.4 79.5 78.4 77.6 76.9 76.1 76.1 76 76.5 76.6 77.9 79.4 81.7 83.6 81.7 83.5 84 83.5 82.1 78.7 82.1 84 85.6 87.6 90.5 92.1 92.5 92.5 89.7 85.9 80.8 75.9 70.1 64.9 59.2 55.6 56.6 59.7 62.1 62.7 62 60.6 59.2 57.1
199.8 193.4 188.1 184.8 184.1 182.5 179.9 177.2 174.7 171.4 170.1 169.2 167.3 165.4 162.5 155.9 151.5 147.6 144 140 136.3 131.5 127.7 121.8 115.8 110.6 106 99.3 94.2 90.9 88.5 87.3 88.4 87.5 86.7 86.7 86 85 83.1 81.4 79.5 78.8 78.8 79 79.6 81 82.2 83.5 84.3 84.6 85 85.3 87 86.1 86.4 85.7 82.6 86.2 86.9 88.3 91 93.9 96.2 97.1 97.6 95.2 91.1 86.4 80.4 73.8 67.7 60.6 56.4 55.7 55.6 56.1 58.3 57.7 56.8 55.7 54.1
201.6 196.2 190.9 185.1 181.6 179.9 177.6 175.8 175.2 175.6 175.3 174.8 174.3 171.7 168 164.4 160.7 157 152.9 148.3 144 139.7 135.3 131.2 125 119 113.3 106.2 100.5 96.8 92.4 91.5 95.7 94.8 93.6 92.7 91.4 89.9 88.4 87.2 84 81.6 82 82.6 84.1 85.3 86 86.9 87.5 88.2 88.8 89.5 89.6 89.8 89.7 87.2 84.9 89.9 89.9 91.2 94.1 96.9 99.5 100.9 102.5 100.9 98.5 94.4 86.8 77.4 69.6 63.1 58.3 55.3 54.1 54.2 54.6 54.2 53.9 52.8 51
