public/OST50/NX96.asc
ncols 200
nrows 200
xllcorner 290000
yllcorner 560000
cellsize 50
[rows 108 to 143 of 200, columns 81 to 161 of 200]
269.8 264.8 257.2 246.4 233.4 218.6 198.6 182.9 174.8 172.8 173.1 173.6 175.1 176.2 176.8 177.4 178.5 179.3 179.6 177 164.3 147.4 133.6 123 114.7 113.5 113.2 116 123.3 125.6 127.5 128.6 128.3 126.3 125.3 123.9 121.3 117.3 105.9 92.3 77.4 63.2 52.8 45.3 39 33.1 26.6 26.6 26.6 26.6 26.6 26.6 26.6 26.6 26.6 26.6 28.6 35.4 37.6 39.2 40 44.7 47.7 48.7 48.8 47.9 46 41.4 36.2 31.3 28 27.4 27.6 28.3 30.3 34.1 34.4 35.1 36.6 39.2 43.4
271 265.2 256.8 246.6 232.8 218.5 199.9 185.5 175.7 173.8 174.1 174.5 175.9 176.5 177.1 177.7 178.3 179.7 178.8 174.7 162.8 148.6 133.2 122.5 117.8 119.4 120 127.3 131 134.6 136.9 139.1 139.4 137.4 136.2 134.4 130.5 126.2 114.8 99.1 82.3 65.9 57 49.4 42.9 36.4 26.4 26.6 26.6 26.6 26.6 26.6 26.6 26.6 26.6 26.6 26.6 33.9 37.1 39.4 36.9 37.9 41.5 43.8 43.9 43.2 41.3 39.2 36 31.4 28.4 27.6 28.2 29 31 33.1 35.1 35.7 37.5 40.3 44.1
271.5 266.2 257.4 246.8 223.7 218.5 199.3 188.2 176.9 174.7 175.1 175.5 176.2 177 177.7 178.4 178.7 178.4 175.3 168.8 158.3 146.2 137.4 125.5 123.5 126.4 129.1 134 140.8 143.6 145.9 147.4 148.3 147.6 145.6 143.2 139.4 135.1 123.4 104.4 86.6 71.4 61.3 52.9 48.1 40.7 30 26.6 26.6 26.6 26.6 26.6 26.6 26.6 26.6 26.6 26.6 29.4 35.3 38.2 37 34.7 35.6 39.3 39.9 40.8 40.5 38.4 33.7 30.7 28.7 28.1 30.1 31.6 31.1 32.3 36.4 37.3 38.3 40.9 44.9
270.7 264.4 256.9 247.3 234.6 221.4 203.5 188.6 178.6 175.5 176 176.8 177.1 177.6 178.4 178.9 178.2 176.5 173.7 166.5 155.5 145.2 139.4 132.4 126.5 132.6 136 138.2 145.9 149.4 152.7 154.7 156.9 157 154.6 151.8 147.2 141 129.1 106.8 88.3 73.7 63.3 54.7 50.6 44.3 34.8 28.2 26.6 26.6 26.6 26.6 26.6 26.6 26.6 26.6 26.6 26.6 33.3 35.1 34.8 33.5 30.9 33.8 36.3 38.5 39.4 37.4 33.5 30.7 28.7 30.3 31 32.6 32.4 33.4 36.8 38.5 39.3 41.2 45
270.5 264.3 257.3 247.7 235.6 221.6 205.6 190.6 180.8 177 177.7 178.4 178.9 179.1 179.2 179.2 179.1 176.6 172.9 165.3 156.2 147 140.7 134.7 133.3 138.5 142.3 144.3 150.8 156.5 159.2 162.1 164.4 165.5 162.9 159.9 156.4 145.8 129.5 107.8 89.6 75 64.4 58.5 52.6 45.4 37.5 32.1 27.5 26.6 26.6 26.6 26.6 26.6 26.6 26.6 26.6 26.6 26.6 31.5 31.5 30.2 29.1 28.8 32.9 35.6 37.4 37 34.3 30.7 29.6 33 34.8 33.3 33.4 34.6 37.6 42.1 40.2 41.5 44.9
272.7 266.1 257.9 248.1 237 225.3 210.6 195.3 183.7 178.6 179 180.1 180.5 180.9 180.4 179.8 179 176.7 171.9 165.6 156.9 147.9 141.4 133.6 141.4 143.7 147 150.7 157.1 163.6 168.8 171.4 173.1 173.1 170.5 167.5 162.5 145 128.7 107.8 89.5 75.9 66.7 60.2 53.4 46.4 40.9 36 30 26.6 26.6 26.6 26.6 26.6 26.6 26.6 26.6 26.6 26.6 27.4 28.6 26.7 26.6 26.6 27.1 29.4 33 35 34.6 31.3 29.8 33.7 34.9 34.4 34.2 36 40 45.3 42.1 41 44.9
275.4 268.3 259.8 250.2 240.3 228.2 215 200.1 187.6 180.9 180.4 181.7 181.7 182.1 181.4 180.4 178.7 175 170.7 165.2 157.1 149.6 143 139.8 145.2 149.4 153.3 157.7 164.4 171.2 177.6 179.4 180.6 178.4 176.5 173.8 167.5 142.8 125.8 106.6 89.3 77.2 68.8 61.2 54.9 49 43.4 39.1 33.5 27.3 26.6 26.6 26.6 26.6 26.6 26.6 26.6 26.6 26.6 26.6 26.6 26.6 26.6 26.6 26.6 26.6 28.5 32.4 33.8 31.5 31.2 34.4 36.5 35.7 35.1 36.7 39.8 48.2 44.9 41.9 43.5
278.8 271.2 262 252.4 242.4 231.1 218.8 205.6 189.9 183 182.1 183.4 182.9 183 182.2 180.3 177.1 173.3 170.1 165.4 157.9 151.3 141.9 144.8 151.3 154.9 158.2 164.3 171.8 180.7 187.5 190.7 189.4 184.1 180.7 176 164.6 141.9 123 105.6 89.9 79.9 71.6 62.7 56.8 52.3 47.1 42.2 37.6 31.1 26.6 26.6 26.6 26.6 26.6 26.6 26.6 26.6 26.6 26.6 26.6 26.6 26.6 26.6 26.6 26.6 26.7 29.2 30.8 30 31.6 33.4 36 36.4 36.6 37.4 40.3 48.2 47.4 42.1 41.6
283.3 275.9 265.6 255.4 245.4 234.6 221.2 208.4 193.2 186.3 185.2 184.8 184 183.3 182.5 179.8 175.8 172.4 169.7 166 161.5 155.2 149.7 150.3 156.6 160 165.4 172.3 179.9 188.4 197.7 200.8 194.7 185.6 181.5 176.8 161.6 140.4 122.4 105.4 92.5 82.4 74.9 67.2 59.3 54.6 51.8 47.2 42.4 35.8 29.2 26.6 26.6 26.6 26.6 26.6 26.6 26.6 26.6 26.6 26.6 26.6 26.6 26.6 26.6 26.6 26.6 27.3 29 30.1 31.3 32.7 36.1 37.2 37.7 38.4 40.1 47 47 42 40.1
288 280.5 270.1 259.4 249.8 238.9 228.4 215.8 202.2 191.3 187.3 187.2 183.9 183.3 181.6 178.2 175.2 172 168.8 165.8 162.5 157.5 150.2 159.6 162.5 165.3 171 179.6 188.6 197.7 205.6 208.3 201.3 188.6 182.3 177.2 158.8 139.1 124.4 108.1 96.1 86.6 78.7 70.4 62.4 59 57.1 52.6 47.6 40.7 33.9 27.7 26.6 26.6 26.6 26.6 26.6 26.6 26.6 26.6 26.6 26.6 26.6 26.6 26.6 26.6 26.6 27.2 29 30 31.2 32.3 34.7 36.2 37.1 38.8 39.8 44.7 46.4 43 39.1
294.3 287.2 277.2 267 256.4 245.7 233.3 221.3 209.5 196.3 192.3 188.4 184.5 182.6 180.3 177 173.7 171.7 169.2 165 167.9 166.3 163.7 166.6 168.3 171.9 179.6 188.3 197.3 208 212.7 213.2 206.3 195 184.6 174.5 158.6 140.7 126.3 111.6 100.5 90.9 83.3 75 67.8 65.5 62.6 58 52.8 45.9 37.8 30.7 26.6 26.6 26.6 26.6 26.6 26.6 26.6 26.6 26.6 26.6 26.6 26.6 26.6 26.6 26.6 27.8 30.1 30.4 31.1 32.3 34 35.5 36.1 38.5 38.9 43.2 44.8 42.3 38.3
301.1 294 284.7 275.7 265.4 254.1 242.9 228.9 218 202.3 195.6 190.3 184.9 181.4 178.8 175.7 172 169.3 167.7 171.4 171.1 170.7 169.8 171.4 173.5 179.8 188.5 197.2 206 217.4 224.1 217.9 211.6 200.6 188.3 174.5 161.1 145 129.8 116.7 106.3 98.2 89.4 81.7 75.9 71.3 68.2 63 57.7 50.8 43.1 34.6 26.6 26.6 26.6 26.6 26.6 26.6 26.6 26.6 26.6 26.6 26.6 26.6 26.6 26.9 27 28.6 31.3 31.9 31.8 32.4 34 36.3 35.9 37.4 38.6 41.3 41.8 41.1 37.2
309.5 301.5 292.8 285.7 275.9 265.1 254.1 241.1 224.6 209.7 200 192.6 186.8 180.7 178 175.1 171.8 170 172.2 174.3 174.2 174.4 176.3 176.7 181.5 188.9 197.4 205.8 217.1 227.3 236.2 228.5 216.5 204.2 193.8 179.6 164.3 147.2 133.5 122.4 114 106.5 98.5 89 82.8 76.9 72.8 67.1 61.4 55.5 47.7 38.3 29.3 26.6 26.6 26.6 26.6 26.6 26.6 26.6 26.6 26.6 26.6 26.6 28.3 30.5 28.7 29.6 32.8 34.7 34 33.8 35.1 36.6 35.2 36.1 37.3 40.4 41.6 39.7 35.9
316.7 309.3 302.1 294.5 285.7 276.2 265.2 253.3 234.5 219.7 206 196.1 188.7 182 177.9 175 172.2 171.6 174.2 177 177.6 180 182 183.8 187.6 197 205.4 214.9 226.1 235.9 243.2 238.7 222.2 209.1 198.6 185.1 169.6 153.6 140.2 131.4 123.3 115.2 106.6 97.3 90 83.9 77.9 71 65.1 58.7 51.4 43 34.8 27.4 26.6 26.6 26.6 26.6 26.6 26.6 26.6 26.6 26.6 26.6 31.1 34.2 32.9 31.8 33.1 35.9 37.9 38.6 38.2 37.2 35.5 34.6 35.1 39.5 42.2 39 34.9
323.3 316.6 310 303.4 294.9 286.6 277.6 265.5 247.8 227.7 213.4 200.1 190.6 183.6 178.7 175.6 172.4 174.6 179 180.7 182.9 185.6 188.5 191.7 195.6 205.4 213.6 222.3 234.6 245.9 249.3 241.8 228.9 215.3 205 192 176.2 159.5 148.1 138.8 131.3 123.2 113 104.3 99.2 90.5 85.1 77.6 70.1 64 55.6 47.7 40.2 31.8 26.6 26.6 26.6 26.6 26.6 26.6 26.6 26.6 26.6 32.4 34.8 38 37.5 35.3 36.2 38.8 44.7 44.2 42.5 39 35.6 34.7 35.3 36.9 41.7 38.9 34.6
329.5 323.3 316.8 310.9 304.6 297.2 288.6 276.9 259.4 235.9 220.2 204.5 192.5 185.4 179.6 176.5 174.2 179.4 183.8 186.3 188.7 192.2 196.1 198.4 206.1 214.6 222.8 231.6 244.5 254.7 256.9 252.3 238.4 223.2 211.6 197.2 182.5 168.4 157.2 148 139.4 133.3 123.1 115.9 110.9 101.7 92.9 83.6 77.4 68.6 59.8 52.4 45.3 37.2 29.6 26.6 27.3 27 27.2 28.4 31.5 29.1 32.1 37.8 40.4 41.8 41.8 41.1 41.8 42.4 45.9 48.4 46.1 41.4 36.7 35.1 35.4 40 41.5 39.7 35.7
337.9 331.9 324.8 317.4 310.9 303.6 297.2 283.2 266.6 244 227.7 210.8 194.5 187.1 181 177.3 177.3 183.9 189 192.7 195.2 199.5 203.2 209 217.1 224.8 232.9 243 255.5 265.5 268.8 263.7 251.7 237.7 223.3 207.9 191.8 178.2 167.1 158.6 149.9 142.1 135.1 128.5 120.7 112.9 101.8 91.6 83.1 73.3 64.2 57.3 49.9 41.9 33.7 29.3 28.4 28.1 28.5 32.9 37.3 37.7 38.1 42.7 44.3 45.1 45.5 44.1 44.7 45.9 49.4 51.3 49.5 45.6 39.3 36.3 36.6 38.8 40.2 36.9 31.9
347.4 340.4 333.1 324.3 315.9 308.1 297.8 287.2 271.4 250.9 230.1 213.6 198.7 189.4 182.9 179.5 183.2 188.5 193.5 198.3 202.6 209.5 216.7 222.7 229.4 237.1 246.3 255.8 264.4 275 278.6 274.3 264.3 251.9 234.6 219.6 204.2 189.7 178.6 170.4 162.2 154.3 145.4 138.4 131.1 122.9 112 103.3 91.6 80.2 69.8 62.2 53.7 46.2 38.7 33.2 30.6 29.7 30.6 35.1 42 42.1 43.5 45.6 48.4 48.5 48.2 47.6 47.5 48.6 51.8 54.1 52.3 49.5 44.3 39.6 37 38.7 39.6 39.3 35.6
354.8 347.8 339.1 329.5 318.7 309 297.5 285.6 269.8 249.7 231.5 214.3 200.6 192.3 186.2 181.8 190.2 195.1 200.9 206.5 214.6 224.1 231.5 237.2 242.5 250.7 259.4 269.9 277.8 285.2 288.9 284.9 275.8 267.1 250.5 234.7 217.1 202.6 190.8 181.5 174.4 167.3 158.2 152.5 142.5 130.3 122.4 114.2 103.1 88.6 75.6 67.8 60.5 51.6 44 39.1 35.5 34.6 37.3 41.3 47 48.3 46.7 50.2 50.8 51.2 51.1 52.6 51.8 51.6 54.8 55.3 54.8 51.8 47 41.9 37.5 38.3 41.4 41.3 38.6
360.1 352.6 343 332.4 320.3 308.7 297.7 284 269 247.1 230.4 215.2 201.1 193.5 186.6 189.4 195 200.8 208.8 216.5 225.7 234.8 243.3 249.2 256.5 264.5 274.4 284.8 293.9 299.3 301.4 301.3 292.2 280.3 262.5 243.6 228 214.2 202.8 194.8 187.1 181.4 175.7 167.4 158.4 145.8 131.7 123.6 111.6 97.7 84.5 73.9 67.3 58.5 48.7 45.2 42.5 36.9 43.1 43.1 48.9 49.7 50.2 53.2 54.1 54.3 54.6 54.4 55 53.2 57.5 56.6 54.7 52.3 47.8 44 39.8 38.9 41.4 41.4 40.9
364.3 355.3 346.1 334.3 321.1 308.5 294.8 280.1 264.2 245.6 229.2 215.4 201.6 194.8 188.3 193.8 199.8 207.5 216.1 224.6 235.6 244.7 254.1 262.2 270 278.8 290.3 300.7 310.2 314.5 316.3 315.3 311.5 299.8 273.6 258.4 243 227.5 216.5 208.9 201.2 197.3 191.7 184.2 176.7 161.9 147.5 132.9 119.2 107 92.7 84.1 74 66.2 57.7 48.3 46.7 44 48.4 49.8 53.2 52.5 52.3 55 59.9 59.2 59.6 62.7 57.6 55.1 58.4 58.3 57 53.4 48.4 44.2 39.3 39.7 42.1 43.2 42.2
367.4 356.9 346.1 333.2 320.6 307.4 291.7 275.7 255.8 240.8 226.9 215.1 203 196.5 193.7 199.6 206.6 215 223.7 232.9 243.6 254.4 265.6 274 283 292.9 304.4 315.4 325.7 331 331.9 331.3 327.9 312.9 293.6 273.6 259.6 245.1 234.1 226.2 219.6 215.6 206.9 203.5 193.7 178.5 162.3 146.1 129 113.6 103.6 92.6 82.6 74.9 66.6 56.3 52 49.2 53.1 56 57 57.7 55.7 57.9 63.9 65 62.8 66.1 62.8 58.2 59 59.6 58.4 54.7 48.6 44 40.4 40.6 43.2 44.6 43.8
370.2 358.7 346.8 334.4 320.6 304.3 287.2 268.5 250.5 237.1 225 214.3 204.8 198.5 198.6 204.8 211.6 222 231.6 241.8 252 266.3 276 285.2 294.1 305.8 318 331.3 341 348.2 351.8 351.7 347.5 331.3 309.7 291.1 277 264 252.3 244 240.5 236.5 230.4 224.9 211.2 193.2 178 159.7 139.6 122.4 109.5 98.5 89.5 82.7 75.5 65.4 55.1 53.6 55.3 57.3 59.2 60.8 60.7 61.3 64.6 66.6 65.6 66 65.5 61.9 61.9 60.8 58.4 55.3 49.1 45.5 42.2 41 44.9 45.8 45.6
371.3 360.1 347.5 335.7 318.9 299.5 281.1 263.2 247.9 233.2 222.3 212.2 205.1 199.5 202.7 209.6 218.1 228.9 239.8 250.5 262.3 274 285.6 295.2 304.8 318.9 333.6 346.5 358.4 366.6 369.9 368.7 363.8 348.1 328.2 308.1 295.2 282.8 270.3 262.6 256.6 252.2 247.4 240.1 223.8 202.4 184.6 170.2 148.7 129.3 116.1 103.9 96.5 90.5 83.1 73.6 62.7 57.4 58.4 59 59.3 60.7 62.6 63.7 64.8 66.5 66 66.9 66.6 65.2 65.2 62.8 61.1 58 49.5 46.9 44.1 42.1 44.9 46.4 47.2
371.6 362.1 350.7 337.2 319.7 299 279.3 260.1 244 230.8 220.9 212.3 206.2 202.4 207.4 215 225.9 237 248.1 259.2 271.8 284.1 294.4 304.9 318.4 335 349.8 364.4 375.3 385.2 386.8 384.2 376.5 363.4 344.1 324.3 309.6 297.6 287.3 276.4 266 260.7 253.3 245.7 229.1 207.4 189.1 174.1 154.4 137.4 124.1 112.6 100.3 94.5 88.4 81.8 73.3 66 62.2 60.7 60.2 61.6 63.4 65.3 66.8 68 66.5 67.8 68 69.4 69.1 66.5 63.5 58.4 50.3 47.6 46.1 43.2 45.7 48.2 49.7
371.6 363.4 353.6 339.3 320.7 298.4 279.2 259.8 244.4 231.2 222.4 215.1 209.9 207.5 214 223 234 245.1 256.3 268.7 281.5 294 304.8 316.3 333 349.2 364.9 378.9 389.4 401 401.9 396.1 386.9 373.9 357 335.7 320.1 305.6 294.5 285.7 277.3 263.4 257.3 248.8 230.1 212.3 191.6 176.8 158.5 143.1 131.2 117.4 107.1 99.3 93 85.8 78.1 73.1 68.4 66.4 63.6 63.3 64.8 67.2 68.9 68.6 67.8 69.2 71.4 73.5 72.7 68.4 64.9 59 51.1 47.7 46.2 44.5 46.5 49.1 50.9
372.5 365.8 356.2 342.5 322.7 300.5 280.6 266 250 236 226.6 219 211 213.4 221.2 231.1 242.4 254 265.9 278.5 291.2 303.9 315 329.8 346.5 362.2 377.4 393.6 407.5 418.3 418.4 409.4 397.1 383.8 366 345.7 330.7 311.6 301.3 291.2 282.6 265.9 255.8 247.4 230.8 214.3 194.1 179.3 162.2 147.5 134.9 121.2 112 103.9 96.5 89.6 82.7 76.3 75.1 71.7 68.3 66.9 66.7 69.5 72 72.9 71.9 72 74.3 77.3 77 72.6 66.9 59.3 51.9 48.2 46.9 45.9 46.2 49 52.5
371.6 366.9 358.3 345.2 326.1 303.4 286 270 254.2 240.2 230.7 223.1 213.6 219.4 228.7 240.1 251.7 263.4 275.8 288.4 301.1 313.9 327.6 342.8 358.3 375.4 391.2 409.2 423.9 433.9 435.1 420.2 404.8 390.9 373.6 356 334.9 317.2 308.3 295.8 280.5 267 251.1 241.6 229.6 210.9 195.4 182 165.8 151.6 138.3 124.9 115.5 106.3 97.2 91 86 81.8 79.3 77.9 74.4 71.9 70.5 73.1 76 78.3 77.7 77.1 79.3 82.9 81.8 77.2 69.2 61.4 52.7 49.3 47.7 46.6 45.7 49.3 52.9
372.1 367.2 359.1 346.5 331.5 307.8 289.6 273.8 257.5 241.9 232 224.2 221.8 227.7 237.6 249.1 260.8 273.3 285.8 298.6 311.4 324.6 338.6 353.4 369.5 386.3 404.9 421.5 438.3 447.1 440 422.4 407.4 392.1 377.5 358.7 334.5 317.9 304.9 289.1 275.5 260 243.1 232.3 222.2 208.3 194.3 180.6 168.6 154.7 139.8 129.8 117.7 109.2 98.9 90.8 86.1 84.7 82 82.4 80.6 78.1 76.1 78.3 82 84 82 81.9 85.1 87.8 87.5 83.3 75.5 65 55.9 51 48.4 46.9 46 48.2 52.1
369.6 364.9 356.9 346.6 334.9 312.7 290.3 274.5 259 244.3 233.7 227.5 228.4 236 246.6 258.1 270.3 282.4 295.4 308.7 322 335.3 349.4 364.6 381.4 399 415.8 429.4 440.1 445.9 437.3 422 406.8 390.9 372.6 355 332.1 312.8 296.5 279.7 262.5 249.9 237 224 212.8 203.3 192.2 179.6 168.8 155.5 141.6 129.3 118.4 109.4 99.8 90.4 86.6 85.5 83.8 85.2 86.1 84.2 81.3 82.8 84.9 85.3 85.6 87.5 90.8 93.7 93.5 90.2 83.4 71.6 60.8 54.7 50.7 47 45.5 45.7 50.5
366.7 359.5 352.3 344.9 330.8 311.4 290.3 272 257.3 244.7 234.6 229.7 236.2 244.4 255.1 266.6 279.7 291.5 304.8 318.4 332.2 346 360.2 375.7 391.8 410 423.5 431.6 433.9 433.7 430.6 417 402.1 386.6 365.8 345.6 324.8 304.9 289.1 272.3 255.1 244.9 233.4 224.5 211.9 201.3 193.2 183.4 170.7 157.4 143.2 129.5 118.5 109 99.5 90.4 86.3 85.3 82.1 85.6 88.8 87.7 86.3 86.6 85.3 85.8 88.4 90.9 94.4 96.8 98 95.6 90.6 82.5 65.7 59.3 54.6 48 46.8 44 46.9
359.3 353.7 347.3 337.8 325.1 306.2 286 267.6 252.8 243.5 235.4 238.4 243.6 253.2 263.6 274.7 288 301.7 314.8 328 342.4 357.1 372.3 386.5 403.8 418 427.7 429.5 428.2 424.1 417.5 406.8 395.3 377.7 355.7 335.2 315.7 299.2 285.1 267.6 255 245.8 237.4 229.1 217.9 206.7 197.7 185.8 173.3 160.3 146.5 130.8 117 106.3 98.3 90.5 85.3 83.3 80.8 83.2 88.2 89.6 88.9 86.3 83.8 87.8 91 93.7 95.9 98.5 100.8 100.8 98.3 86.3 72.3 71.3 61.8 52 46.2 43.9 43.7
351.8 346 338.4 327.2 315.6 299.6 280.9 263.9 250.8 242.2 240.2 243.4 250.5 260.3 271.6 282.9 296.5 310.9 324.4 339.4 353.8 367.8 384 400.2 415.4 425.8 428.7 425.8 422.3 416.7 408.8 400.8 387.1 368.5 347 328.1 314.2 296 283.2 268.4 260.7 255.4 246.5 235.7 224.6 212.9 201.2 188.6 175.8 163.2 149.5 134.3 117.3 105.1 97.6 89.3 83.7 81.9 80.5 80.9 86.2 88.6 89.4 88 84.9 90.1 92.5 94.9 97.3 99.7 102.5 103.2 99.5 89.5 83.5 83.2 71.3 56.1 45.8 42.3 40.7
343 337.5 329.2 319.2 307.3 291.1 273.3 259.2 250.5 244.2 245.7 248.9 256.5 267.1 278.8 290.3 306.3 320 334.3 349.8 364.5 380.4 397.5 412.8 427.1 430.6 426.6 421.1 416.2 409.8 401.8 392.3 379.4 362 340.9 322.4 309.1 295 283 277.4 272.7 266.4 255 243 229.9 218.7 205.2 189.8 178.6 164.4 150.4 136.1 119.5 105.1 96.4 88.1 82.1 81.1 80 80.4 84.4 86.9 88.2 88.9 84.9 91 92 93.2 95.7 98.6 102.7 103.4 100 93.2 93.7 91.7 77.9 60.2 48.1 41.5 38.4
334.9 328.7 321.6 310.8 298.2 282.5 268.3 259.8 252 246.7 249.7 253.9 262.2 273.8 285.7 298.5 313.6 329.2 345.2 359.7 375.1 391.7 408.5 423.7 435.1 435.9 425.6 420.6 413.1 404.3 396.1 385.7 372.1 353.6 336.1 320.5 306.6 295.4 292.2 287.7 284.8 279.8 267.8 251.2 234.7 223.4 209.1 194.2 178.4 165.5 151.8 138.6 121.3 106.3 96.4 87.1 81.2 80.7 79.5 80.1 84.1 84.4 83.6 82 84.7 90.8 90.9 91.3 93.9 97.1 101.7 102.7 99.2 95.6 96.6 92.7 78.8 64.4 55.7 41.6 37.4
326.3 319.5 313.5 302.3 290.4 277.8 266.1 260.1 252.4 248.2 255.2 260 267.8 281 293.3 305.9 320.9 336.7 352.6 369.1 385.8 403.5 421.4 436.4 444.8 443 434.9 425.5 415.9 404.6 393.5 383.3 370.2 352.9 338.5 323.5 310.6 306.4 303.7 302.1 300.1 297 285.3 264 243 225.9 208.3 195.2 178.8 166.8 153 139.5 126.2 110.3 96.9 87.2 80.5 80.3 79.5 79.5 82.6 82.5 74.6 79.5 85.8 89.7 89.3 89.1 90.9 94.9 99.1 100.3 99.9 97.9 95.2 90.2 77.5 64.9 54.5 41 36.7
