public/OST50/NY00.asc
ncols 200
nrows 200
xllcorner 300000
yllcorner 500000
cellsize 50
[rows 37 to 73 of 200, columns 83 to 165 of 200]
135.4 138.9 141.4 144.6 147.1 145.9 142.9 138.7 134.3 129.7 127.7 127.6 126.8 117.8 126.1 133.7 138.7 144 149.7 150.7 156.3 160.9 167 172.6 176.5 180.6 184.8 188.1 188.1 186.1 184.9 184.4 183.8 181.9 181.2 180.4 180.6 180.9 180.1 170 159.3 139.3 119.6 103 96.8 98 107.5 125.3 137.4 149.6 158.2 166.9 175.2 181.4 185.2 189.6 196 202.9 210 219.1 228.9 237.5 243.5 252.6 262.6 268.9 273.7 280.6 287.8 293.9 301.7 313.1 319.4 323.6 325 328 327.6 323 316.7 308.1 301.8 295.2 287.9
130.5 134.1 137.5 140.1 143.2 143 140.4 136.7 132.5 128.3 126.3 127.1 126.5 116.4 118.5 130.1 135.3 140.3 144.6 146.2 150.3 154.7 161.8 167.8 169.6 174.5 179.2 181.7 180.6 178.6 177.3 177.4 177.3 176.2 176.4 175.6 175.5 175.8 173.3 159.9 144 127.6 109.5 97.4 97.4 98.7 117.3 130.9 140.6 151.7 160.3 168 175 180.1 183.9 189.8 194.4 200.2 207.9 216.3 226.1 238.1 251.3 261.4 271.1 277.1 279.6 283.8 289.6 296.7 304.3 311.3 319 323.6 325.3 325.6 323.5 320 314.4 305.8 300 293.5 284.6
125.9 129.6 133 135.7 139 140.3 138.8 134.9 130.3 125.8 124 124.3 123.8 114.2 118 127.1 132.7 137.6 139.1 141.2 145.7 150.5 155.4 160.1 162.3 167.9 172.5 174.6 173.5 171.5 170.3 170.8 171 171 170.8 170.6 170.4 170.5 166.7 151.8 135.2 118.3 98.8 95.9 97.3 102.5 125.9 138.8 146.6 151.7 160.1 168.2 174.6 179.5 183 187.3 193.5 201.5 212.1 221.9 232.9 248.3 259.2 271.1 278.7 284.1 286.7 289.4 293.2 298 303.8 309.8 316.1 323.6 326.7 325.1 321.8 317.5 313.1 305.4 298.8 288.9 280.9
121.2 125.1 128.2 131.6 134.6 136.4 135.8 133.2 128.6 124.1 121.1 120.2 118.4 107.9 117.2 123.8 128.6 132.3 133.2 139.4 142.8 144.9 147.7 150.9 154.4 159.7 164.6 165.7 166.3 164.7 164 163.9 166.2 166.5 166.3 166.2 164.6 164.3 159.1 144.5 127.6 105.2 95 96.3 99.3 117.4 135.8 143.4 148.3 154.9 163.3 169.7 174.8 179.8 183.6 187.1 193.6 207.9 221.2 231.6 242.2 255.7 268.1 278 285 290.3 293 293.9 295.9 298.2 303.1 308.6 316.2 321.3 324.8 324 320.7 315.9 311 303.9 296.2 286.6 279.9
116.6 120.4 124 127.4 129.4 131.6 131.9 130 126.1 122 117.8 114.4 110.4 104.8 116 121.2 125.2 125.5 132.2 136.7 138.9 139.7 142.8 145.3 147.5 150.3 153.2 157.4 158.9 158.1 159.2 159.9 160.8 161.9 161.7 161.3 158.3 155.9 148.9 135.5 117 94.5 93.7 95.5 109.7 132.9 140.3 145.5 150.2 155.7 161.9 167.9 174.3 180.9 185.6 192.5 201.2 212.5 224.8 236.5 247.9 262.4 273.5 282.7 290.4 295 295.6 294.9 295 297.7 300.7 308.1 313.8 320.6 323.6 323.6 319 313.3 307.9 300.8 293.1 285.8 278
112.6 116.9 120.7 122.8 124.9 127.1 127.7 125.8 122.6 118.6 113.9 107.1 101.5 104.6 115.7 119.3 122.6 126.9 131.9 138.6 140 140.4 140.6 141 142.4 144.6 147 149.3 151.5 153.2 153.7 155.4 156.4 157.1 156.5 155.5 150.9 148.2 140.5 124 104.7 92.3 95.6 104.1 123 136.2 140.4 146.1 151.7 155.5 160.5 166.3 172.8 179.6 187.8 195.7 205 215.3 226.7 240 253.1 265.6 277.2 285.3 293.6 296.3 295 293.3 292.7 294.4 298.5 305.7 312.9 317.9 321.1 321.9 314.9 310.4 304.8 296.9 289.5 282.7 274.6
108 112.6 117.6 119.6 120.8 122.7 122.4 121.2 118.9 114.9 109.2 103 98.4 102.7 111.9 120.2 123.4 127.2 133.8 144.4 151.5 150.7 147.6 141.7 140 140.4 141.9 144.1 145.1 148.3 148.6 151 152.7 152.3 151.8 149.2 144.9 137.6 129.1 110.1 91.9 94.3 100.7 115.7 128.6 134.2 138.9 144.8 152.1 156.3 161 167.4 173.7 180.6 187.9 195.8 204.4 214.6 226.4 237.8 253.5 267.1 277.3 284.9 290.4 294.8 291.3 289.5 288.5 291.1 295.7 304.9 314.9 321 320.4 317.7 314 304.3 300.1 294.8 289.1 282.7 274.3
103.1 109 114 116.9 117.6 118.1 117.3 116.2 114.5 111 106.5 98.9 96.2 100.7 111.6 118.6 123 129.5 140.1 147.7 156.3 160.4 159.8 151 145 139.8 139 140.3 142.1 142.8 144.4 147.3 149.6 148.7 145.6 142.7 138.8 132.1 116.1 97.8 91.2 97.8 104.8 121 126.7 133.6 138.5 144.7 151.9 157.6 162.3 168.7 174.6 181.2 188.7 196.7 205.1 211.8 222.8 235.3 247.6 260.6 275 281.4 286 287.4 285.6 283.8 284.3 287.4 295.5 305.8 311 314.5 314.6 310 306.3 302.2 297.7 292.6 286.6 280.2 274.3
99.5 106.1 111.7 115.3 117 115.2 114 112.1 110.1 107.2 102.1 93 96.4 102.2 108.5 115.7 121.9 133.2 142.7 150.6 157.5 161.8 161.3 153.8 152.1 151.7 141 138.6 139.7 141 141.5 142.5 144.2 144.4 141.7 136.7 133 123.6 106.3 91.9 91.8 101.2 114.8 119.4 125.4 134.3 138.2 143.1 151.3 158.6 163.7 168.9 176.3 182.2 188.8 195.3 201.8 208.6 219.7 229.9 243.8 255.4 270.2 276.3 279.5 279.8 278.6 279.4 280 287 297.8 301.5 303.3 304.5 302.8 302.7 301.2 298.6 293.1 288 283.9 277.6 269.7
98 104.9 109.1 111.6 113.9 112.5 110.6 108.8 106.4 102.9 98.8 92.4 96.2 102.5 108 115 121.3 134.6 145 152 158.8 161.5 161 154.6 151.7 149 148.5 142.9 137.1 138.1 138.6 139.9 141 140.9 138.5 130.5 120 109.3 94.1 89.6 92.9 107.3 114.8 119.5 125.2 133.3 138 144 149.8 156.5 162.2 169.2 175.9 182.3 188.2 195 200.6 208.4 217.9 227.5 238.8 250.5 261.9 271.5 273.1 273.3 273.3 274.1 278.3 288.4 294 295.5 295.1 295.8 295.9 296.7 295.2 291.7 288.5 285.1 279.4 275.8 267.6
97.5 103.3 106.9 109.4 110.6 110 108.3 105.3 101.6 98.8 94.7 91.1 95.7 102 110.4 116.6 122.5 134.7 143.9 151.2 157.1 157 156.6 154.3 151.7 150.6 151.6 151.3 142.9 138.5 135.9 134.3 134.3 138.9 135.7 119.9 106.3 93.2 90.2 90.4 95.4 110.3 116.3 120.4 125.5 131.6 137.9 142.7 147.9 154.3 163.4 170.6 176.8 182.5 188.3 194.8 200.4 208.6 216.6 225.2 234.1 243.2 255.1 264.4 266.9 267.4 268.6 272 276.8 283.1 286.8 285.2 286.1 287.9 290.3 290.2 289.1 288.7 286.4 281.2 277.6 272.2 265.7
96.2 101.1 104.1 106.5 107.7 106.6 104.5 101.2 97.7 95.1 89.8 91 95.2 101.6 109.9 116.9 126.2 134.5 142.1 150.2 156.3 155.8 154.2 153.7 151.9 150.6 149.3 148.8 146.6 145.3 141 132.8 129.7 125.8 117.4 104.3 92.4 90.5 88.9 90.6 98.5 108.6 113.9 118.7 123.9 128.8 132.6 136 143.1 151.4 162.2 171.2 177.7 183.6 188.3 193.6 200.9 208.9 216.2 224.5 232.4 241.5 248.7 253.5 260 263.1 267.1 268.8 271.3 274.9 276.2 278 279.5 281.4 281.8 283.6 284.2 284.5 280.9 278.5 274.1 270.3 268.1
93.1 97.5 101 103.4 104.7 101.1 98.2 95.9 93.4 91.4 87.1 90.6 94.9 100.6 111.7 117.4 128.4 134.8 139.8 148.4 154.7 154.5 151.5 151.2 151.1 150.1 146.4 146.5 145.8 141.6 135.7 127.7 126.6 106.4 101.3 86.4 86.8 86.9 87.8 91 102.3 107.8 113.1 116.8 119.4 121.6 129.9 139.8 148.6 158.3 165.5 173.2 179.6 182.1 185.9 196 201.5 206.9 212.9 222.8 234 241.1 244.5 246.3 257.4 264.6 269 271.3 270.6 270.8 272.4 272.7 273.8 274.8 277.9 279.4 281 280.3 279.2 276.5 272.5 271.7 269.3
89.1 92.9 95.4 97.6 98.5 95.8 94.5 92.7 90.3 87.9 86.8 91.3 96.2 101.9 112 116.5 127.6 132.7 136.8 143.8 150.7 150.5 148.5 147.9 153.4 149.2 147.6 144.5 143.6 136.5 127.9 121.3 110.8 87.7 83.9 84.8 85.9 86.7 89.4 92.1 100.1 104.7 106.2 112.1 119.7 128.2 137.8 145.4 155.8 164.9 172.7 179.6 187.2 192.6 196.4 198.3 197.6 205.1 209.3 219.3 230 235.7 238 246.1 254.8 264.3 271.5 275.4 272.4 271.4 268.2 267.7 268.3 269.5 272.9 275.6 278.2 277.7 278.6 275.5 276.5 274.7 270.3
86.6 88.3 89.6 90.8 92.3 92.4 91 89.3 84 83.9 88.6 92.3 98 103.4 109.7 115.6 123.1 129.9 134 140.3 147.5 148.8 146.8 147.8 150.6 151.1 149.2 144.3 139.3 132.5 122.9 103.4 85.9 83.1 84 85.5 86.3 87.6 89 99.9 103.6 107.4 112.8 117.8 125.6 135.3 144.7 155.6 164.1 173.2 181.2 186.7 191.9 198.4 202.6 205.7 208.8 210.4 212.1 215.8 224.7 230.3 237.4 245.3 253.1 262.7 270.5 276.2 273 268.5 265.2 264.7 264 264.7 265.4 271.9 274.9 277.8 277.8 280.3 280 276.8 272
84.3 85.8 87 87.8 88.3 87.8 85.9 81 84.6 87.7 90.7 95.3 101.4 107.2 111 115.2 123.5 127.5 132 138.3 145.7 147.7 145.4 147.3 149.6 151.4 149.8 146.2 138.2 129.4 111.1 87.9 82.1 82.9 83.3 84.8 85.7 87.4 88.1 101.7 106.4 112 116.3 125.8 134.8 143.6 153.8 163.3 171.9 178.9 185.4 191 197 203.3 208.6 213.1 216.4 218.9 220.2 223.2 227.1 231.9 235.7 244.7 252.4 258 266.1 272.5 270.8 267.4 261.7 258.6 257.2 258.2 261.3 267.2 274.2 277.8 282.1 284.7 284.3 280.2 275.6
82.6 83.8 84.2 84.9 85 84 79.8 82.2 85.9 88.4 91.4 96 102.3 108.6 112 116.6 122.1 126.4 130.1 136 142.8 144.4 141.3 144.5 148.5 150.6 151.4 146.6 138.3 126.4 103.7 82.8 81.1 87.9 84.4 91.3 86.9 88.9 100.4 108.1 113.9 117.4 125.5 133.4 142.4 151.3 160.3 170.3 178.5 185.3 191.5 196.9 201.5 206.1 211.7 217.8 220.7 222.8 224.9 227.7 229.5 232.4 236.6 242.7 249.4 254.7 258.5 263.2 265.2 262.3 255.8 251.6 250.3 252.9 260.7 266.3 272.8 281.2 286.4 288.6 288.7 285 281.2
80.7 81.4 81.8 81.5 81.5 79.9 79.7 84.1 86.4 88.7 92.1 96.9 102.4 110.3 112.8 115.5 125.1 128.3 128.9 132.5 133.8 135.1 140.9 146.3 148.8 150 149.5 144.4 136.3 123.9 101.8 79.8 83.9 87.7 89 91.3 93.3 101.2 108.2 115.3 119 123.2 131.7 140 148.8 156.9 165.6 176.7 183.9 190.2 195.8 200.6 203.5 207.7 212.9 218.4 220.4 223.3 225.7 228 228.9 231.3 235.2 239.8 245.7 249.9 251.8 255.1 255.7 252 246.5 245.7 246.6 251.1 258.4 264.6 271.9 283.7 292.3 294.7 294 290.6 285.9
78.3 79 79.8 79.3 78 76.7 80.2 82.7 85.1 88 92.2 96.6 104 111.6 112.4 115.7 123.6 128.8 126 125.8 131.7 141.6 145.6 147 148.3 150 148.7 142.8 133.5 120.9 101.1 80.1 81.8 87.9 89.2 90.9 97.2 105.6 115.7 120.2 123.6 129.9 136.5 144.3 153.1 160.5 169.5 179.7 186.6 193.5 198.5 202.3 205.5 208.7 212.5 215.6 218.6 221.4 223.5 225.4 226.6 227.9 231.8 236.7 240.6 243.7 246.4 247.3 245 241.3 240.4 242 245.4 252 257.7 264 274.3 283.3 292.8 299.4 299.5 297.6 293.5
79.3 79.6 78.8 78.1 74.6 76 80.4 83.2 85.9 89.2 91.9 93.8 99.2 106.2 110.7 114.6 121.7 122.9 121.1 125.4 132 139.9 145.3 147.4 147.6 148.1 147 140.3 131.2 118.2 101.5 87.9 79.4 87.9 89.9 92.6 103.6 112.9 119.1 122.6 128 133.3 140.8 146.8 154.9 162.7 171 180.4 187.5 194.5 199.2 202.8 205.8 208.1 210.5 213.1 216 218.9 220.8 221.3 222.3 223.4 228.6 233 236.1 238.5 240.4 239.8 236.8 234.7 236.6 241.1 245.9 252.4 259.4 264.7 273.4 283.7 292.4 300.6 306.6 305.4 301.2
80.1 79.7 77.5 78 73 78.5 82.6 84.6 86.7 90.3 93.3 97.6 101.7 105 107 110.3 114.6 119.5 124.4 129.6 136.9 142.5 145.5 148.3 146.9 145.6 143.9 138 128.8 115.2 98.9 83.7 78.1 85.4 89.7 97.5 107.4 115.9 118.5 124.2 131.7 136.6 142 147.7 154.1 161.9 170.7 179.1 187.7 193.7 198.5 201.7 204.3 206.8 207.8 209.6 212.4 214.2 215.4 216.9 218 219.2 225.3 228.6 232.4 234.2 233.6 232.3 231.4 233.3 236.1 239.9 244.7 251.9 259.1 265.9 273.8 283.3 294.3 306.2 311.5 310.5 306.8
81.4 81.5 80.6 73.3 71.5 78.6 82.8 84.7 87.3 90.9 94.1 98.1 103.7 108.1 110.7 114.8 118.5 123.2 128.6 133.1 139.3 142.1 144.7 146.7 146.5 143.6 141.1 135.4 127.1 113.6 96.3 79.4 77.3 84.4 91 100.2 107.5 113.9 117.4 124.4 132.2 138.4 143.4 148.2 152.7 159.3 168.1 177.4 186.1 192.1 196.7 200.1 203.1 204.3 204.4 205.1 207.1 208 208.5 209.6 211.2 213.3 217.5 222.7 225.8 225.8 226.7 225.1 232.1 233.6 236.3 239.7 246.1 252.6 258.7 266.2 275.9 285.6 296.3 305 311.8 313 308.1
80.5 80.8 80.1 69.9 71.5 80.1 82.2 84.9 87.5 91 94.3 97.8 103.7 108.5 112.4 116.5 120.3 125.7 129.8 134.5 140.1 141.3 142.3 143.8 144.3 142.6 137.7 131.9 121.6 109.3 92.9 77.9 77.8 86 94.5 100.1 107.7 113 116.6 123.8 131.3 136.9 142.2 146.3 150.9 156.9 166.1 174.4 182.9 189.4 194.1 196.9 199 199.5 198.4 199.1 200.3 201 202.2 203.7 201.6 206 211.1 216 217.4 215.5 224.6 229.9 232.5 235.4 238.3 242.2 247.3 253 258.8 267.8 278.8 288.3 296.5 302.9 312 311.9 305.9
72.7 70.7 67.8 69.3 74.6 79.4 82.5 85.2 87.8 90.8 93.7 98.4 103.8 108.6 113.5 117.7 122 127.3 131.7 134.9 137.5 139 139.6 139.8 139.3 137.5 133.6 128.7 117.9 103.3 88 76.5 77.1 86.4 95.4 101.2 107.4 111.7 115.9 123.2 129.7 134.9 139.6 143.8 149.1 155.7 165.6 173.3 180.4 186.4 190.7 193.8 194.6 193.7 192.2 194.5 196.4 196.4 196.7 197.6 197.4 199.7 204.5 207.7 215.2 222.4 227.9 231.3 234.3 237.2 241.3 245.8 249.4 254.3 261.3 269.3 278.5 287.3 294.8 299.6 302.9 305.9 302.1
63.6 66.1 67.3 74 80 81.5 82.7 85.1 87.9 90.7 93.4 98.7 104.7 109.9 114.3 118.4 123 128.3 132.1 133.2 135.2 135.6 134.8 134.8 133.9 131.8 128.4 121.2 111.1 95.9 81 75.6 76.7 90.5 96.4 101.4 108.2 111.9 116.2 120.8 126.6 131.3 135.5 141.4 148.1 156.1 164.4 170.4 176 183.6 186.8 188.5 188.6 185.2 186.8 189.8 187.7 186.8 187.8 190.7 192.6 201.9 208.5 212.1 220 226.5 231.2 234.8 236.8 239.3 241.8 246.8 250.5 255.4 261.2 268.4 277.3 285.1 291.3 294.6 294.8 295.8 293.8
64.6 67.2 74.3 77.4 80.1 81.2 82.6 84.1 86.6 89.6 92.8 98.1 104.7 109.8 114.1 117.9 122.5 127.5 130.4 131.8 131.8 131.2 130.2 129.9 128.3 125.4 115 101.4 96.2 84.5 74.9 74.6 82.4 94.2 97.7 104.5 111.8 114.3 117 120.9 123.8 126.5 130.2 135.9 142.1 153 160.3 166.6 173.6 178.3 180.8 182.6 180.4 180.1 181.8 178.9 182.4 188.4 192.6 196.8 198.6 208.5 213.4 216.6 224.8 231 234.3 237.7 240.7 242.2 244.2 247.7 250.7 256.7 262.3 267.8 276.3 283.3 286.8 289.7 290.8 290.7 286.8
65.7 69.8 73.5 75.6 78 80.8 82.4 83.7 86.1 90 93.3 98.6 104.9 108.8 112.7 116.6 119.9 123.2 126.4 127.7 127.4 126.5 124.5 121.9 121 110.9 98.7 87.2 80.9 72.7 74.9 79.5 90.5 95.2 99.6 107.1 112.2 114.4 116.3 119.6 122.4 124.7 128.5 133 141.2 147.6 155.1 160.1 164.6 170.6 173.2 174 172.6 170.7 172.8 182.1 187.6 193.1 198.1 202.3 207.9 214.4 218.6 221.2 230.2 234.5 237.6 241.6 244.1 245.8 246.5 247.5 252 256.2 260.5 267 274.6 283.2 286.8 289.8 292.6 289.2 284.3
71.2 70.8 70.5 72.6 75.7 78 80.8 83.4 85.9 89.9 94.1 99.5 105 108.1 110.2 113.6 116.4 118.4 120.3 121.2 121.1 120 116.1 112 104.6 93.3 81.4 76.9 72.2 73.7 75.8 83.8 92.9 95.4 100.8 109.4 112.5 114.1 115.8 118.3 121.2 124.9 128.2 131.5 136.7 143 147.2 151.2 154.6 160 161.7 158 161.5 171 179 186.1 191.7 197.2 202.9 208.9 213.8 218.2 221.9 225.7 232.5 237.2 240 243.5 245.8 246.2 245.9 246.8 251.8 255.1 259.3 267.2 275.1 282.4 288.6 292.4 291.8 288 283
71.2 69.3 69.6 70.4 72.7 76.5 79.4 82.6 86.4 90.6 95.1 99.4 103.6 105.8 107.3 109.3 110.5 111.4 112.8 113.2 112.3 109.7 105.9 98.5 89.3 77.4 76 75.4 71.6 72.9 75.3 83.3 93.5 98.5 106.5 110.5 112.1 114.4 116.1 118.4 120.9 124.4 127.7 130.8 134.4 139 143.1 145.7 148.2 151.2 150.4 159 167 174.7 182.7 190 196.3 203.1 209 213.9 219 222.6 224.5 228.3 233.4 238 240.8 244.5 243 243.7 242.1 245 249.2 252.9 258.6 268.3 276.9 284.8 289.4 292.3 290 287 281.4
74.4 69.9 68.2 70 72.8 75.5 77.8 81.4 85.2 89.3 93.9 97.9 100.5 101.8 102.8 103 104 104.9 104.7 104.6 101.6 98.9 94 89.7 79.5 75 74.4 72.1 71.2 72.1 78.9 82.8 91.3 98.3 104.4 107 109 113.1 115.8 118.1 121.3 124.9 128.8 131.8 133.8 136.8 139.4 139.5 141.4 146.7 154.6 164.5 171 177 185.3 192 199.9 207 212.8 218.2 222.8 225.4 226.2 229.3 233.8 236.9 239.3 240.2 237.7 236.7 239.2 242.2 247.3 251.2 261.2 270.8 280.8 288.3 292.8 292.7 290.4 285.1 279.9
77.3 73.3 68.6 69 71.5 74.2 76.1 79.9 83.5 87.5 91.5 94.4 95.9 95.6 96.3 97.1 94.9 94.7 92.3 89 88.4 84.9 81.4 78.2 74.5 73.3 71.4 69.9 71.8 75.4 88.4 97.4 91.2 93.1 96.7 98.3 105 111.5 115.3 118.1 121.7 125.3 129.5 130.7 132.8 133.5 134 136 140.3 149.6 156.5 165.8 172.5 179.1 186.3 194.6 202.8 209.7 215.4 220.8 225.2 227 226.8 229 232 234.1 234.6 233.5 233.4 234.8 236.4 241.9 247.2 253.4 264 272.8 281.5 287.6 292.8 295.7 292.9 284.6 276.7
78.7 77.6 72.3 68.5 71.1 73.6 75.6 78 81.2 86.6 88.9 90.3 89.3 87.9 86.8 85.1 82 80.2 75.9 73.5 74.4 74.4 74.8 74.6 71.5 68 69.5 72.3 73.8 82.5 93.8 106.4 107.5 103.4 104.1 104.8 101 108.9 114.1 118.2 121.7 125.3 128.1 129.4 130.2 129.5 131.3 133.8 145.8 151.9 159 165.9 173.1 180.3 187 195.6 204 211 217.4 222.7 226.5 226.8 224.6 226.9 228.3 228.6 228.8 227.9 229.2 231 236.9 242.6 247.8 256.1 264.5 272.3 279.8 285.8 292.1 293.4 292.8 285.4 275.1
78.7 78.2 74.6 70.9 69.9 71.4 73.5 76 79.2 82.5 84.1 83.9 79.4 77.5 76.9 75.2 75.6 74.8 71.7 72.2 73.3 73.2 71.6 68.6 67.8 69.2 70.1 72.2 76.7 90.9 103 107.8 109.7 109.9 109.7 110.5 107.1 104.2 111.4 116.6 120.6 124.2 125.8 126.4 125.6 127.2 130.9 138.6 145.5 153.7 159.7 166.1 174 182.3 189.1 195.9 204.9 211.7 218.1 222.8 224.9 224.1 222.3 223.2 223 224.8 223.5 225.5 226.8 232.1 237.5 241.9 249.8 256.6 264.1 271.4 277.2 283.9 287.1 289.7 289.6 284.2 272.5
78.2 78.9 76 72.3 68.5 69.5 70.7 72.9 75.4 76 74 72.1 71.6 71.4 71.8 73 72.7 71.5 70.9 66 66.2 68 67 66.9 66.8 68.7 73.2 83.8 88.3 102.4 106.3 110.1 114.8 116.4 116.5 114.9 113.1 109 105 112.9 118 121.5 120.8 120.2 124.6 128.7 135.1 142.1 146.7 154.4 160.3 165.3 175.8 184.5 192.6 199.6 205.5 210.9 216.6 219.4 221.7 220.1 218.2 217.7 218.6 219.1 220.2 221.3 226.7 232.6 237.1 242.6 249.5 255.5 262.9 269.3 274.9 279.1 282.9 286.4 283.4 277.5 269.4
77.8 78.1 76.1 71.8 68 67.4 64.9 63.7 67.6 68.9 66.4 66.6 67.3 68 68.5 69.5 69.8 69.2 65.9 65.5 65.7 66.2 66.1 66.3 68 77.1 83.8 93 103.1 105.2 109.4 115.5 121.4 123.9 124.5 123.8 121 116.2 111.7 106.4 111.2 114.9 120.7 124.5 127.6 130.9 136.8 142.8 148.7 154.8 160.7 164.9 176 183.4 193.6 199.5 204.4 209.2 213.3 216.3 216.6 214.7 213 213 213.9 215.5 215.8 221.4 227.6 232.1 236.9 243 248.1 254.2 260.3 265.7 272.1 275.5 277.2 276.1 274.2 268.9 262.2
75.8 74 66.7 66.7 66.7 62.4 62.3 63.5 63.6 63.4 63.9 65.5 65.9 66.3 66.2 67.1 66.6 66.1 65.5 65.8 65.6 65.4 65.4 73.2 81 93.4 97.1 100.6 105.5 111.1 117.4 122.7 128.4 132.5 133.6 133.5 130 125 120.1 114.6 110.7 116.7 120.5 124.4 128.2 133.3 138.1 143.3 149.9 154.5 158.4 162.1 171.5 181.6 191.2 196.8 201.8 204.7 208.4 210.6 209.4 208.4 206.8 208.5 209.9 210.8 217 221.5 227.2 231.3 236.8 243 246.4 252.1 257.1 262.3 267 268.8 268.3 266.8 264.9 261.2 254.9
73.8 67.7 63.6 61.5 60.9 61.8 62.7 63.1 62.8 62.6 62 63.8 63.8 63.6 63.4 62.9 63.3 63.7 64.7 64 63.7 69.4 76.7 86 95.3 99.8 103.2 107.4 113.1 119.2 125.4 131.5 136.2 140.3 142.6 143.1 139.1 134 129.5 123.1 115.3 113.1 120.9 124.7 129.6 133.9 139.8 145.3 150 153.3 156.5 162.4 168.5 177.4 188.3 193.7 197.6 199 201.9 204 203.1 202.6 202.2 204.5 205.6 211.2 216.6 220.8 225.9 230.8 235.8 241.7 244.6 249.4 254.1 259.3 260.8 261 259.6 258.2 256.8 253.6 248.1
