public/OST50/NY00.asc
ncols 200
nrows 200
xllcorner 300000
yllcorner 500000
cellsize 50
[rows 148 to 184 of 200, columns 83 to 165 of 200]
37.9 36.1 32.4 28.9 26.9 26.8 26.1 26.5 26.8 28.5 32.2 35.1 37.4 38.5 36.6 38.1 36.7 33.6 30.6 30.7 30.9 31.2 30.9 31.8 32.4 34.1 33.1 34.3 37 37 36.6 37.3 37.2 39.8 43 45.4 45 44.9 44.7 45.3 44.9 45.2 52.7 54.1 54.2 52.5 50.6 52.8 54.4 55.5 56.4 55.7 53.9 51.7 52 55.3 53.1 49.2 46.4 45 43.7 43.5 42.4 42.3 42 41.6 41.7 46.2 47.4 45.7 43 47.1 46.4 43.1 41.8 42.6 45.1 40.1 37.4 37.3 45 50.9 50.1
41.2 39.2 36.7 33 30.3 27.9 27.3 27.1 26.6 26.6 27.4 29.6 30.9 32 32 32.5 32.5 31.2 29 29.5 30.7 30.4 32.1 32.8 33.6 35 35.4 38.1 40.6 37.6 37.8 39.6 40.3 37.4 38.8 42.8 44.7 44 45.3 45.2 45.9 50.9 47.8 48.1 50.2 51.7 49.4 52.3 52.9 54.3 55.4 56.1 54.8 55.1 56 56.9 54 48.6 46.5 44.9 44.2 44.1 45 50 48.3 42.2 43.1 47.6 48 47 45.4 47.7 47.8 46.3 43.5 44.2 45.8 43.7 37.3 45.4 50.1 51.2 49.3
44.5 42.3 39.2 36 31.5 30.1 30.3 28.7 28 27.2 26.6 25.7 27.1 27.5 27.6 28 28 28.1 28.7 29.8 30.2 31.1 33.3 34.1 35.7 36.5 39.9 40.2 40.4 39.8 39.6 40.6 36.8 36.3 37.9 38.4 43 41 43.6 44.2 45.8 49.8 50.1 46.9 50.5 52.8 45.7 47.1 49.5 51.9 53.8 55.7 56.2 56.4 57.5 58.3 55.6 52.3 48.4 46.4 46.1 45.9 52.2 53.5 51 43.7 44 46.8 46 44.7 45.5 48.5 48.4 51.3 48.2 46 44.4 45.8 48.3 49.5 51.7 52 50.1
44.8 43.1 39.9 37.1 34.7 32.8 33.2 31.6 30.5 29.6 30 27.6 27.4 27.7 27.2 27.8 27.9 28.4 30.9 29.8 29.9 30.7 31.9 33.6 35.3 35.8 36.3 40.8 41.6 37.5 36.2 35.9 35.8 36.5 37.3 36.9 36.4 38.2 41.8 44.6 45.7 47 48.8 47.9 45.2 43.9 43.4 44.5 48 52.1 53.4 55.1 56.8 58.4 59.5 60.1 59 59.1 55.1 51.3 50 50.6 52.6 50.5 47.7 44 42.9 43.9 45.8 44.5 44.7 46.1 49.9 50.9 49.5 46.7 45.6 46.2 48.4 49.4 51.7 51.1 50
43.6 43 40.7 38.3 36.4 34.7 35.1 34.5 33.1 31.4 31.3 31.4 29.3 28.4 28.6 28.9 31.4 33.5 33.8 31.8 29.5 29.7 30.7 32.1 33.4 30.9 30.5 39.8 37.5 36.8 37.9 36.3 36 35.9 36.3 36.3 35.9 36.3 39.7 43.2 44.8 47.7 51.2 48.5 46.3 45.3 42.6 43.7 48.1 53.2 53.7 55.1 56.9 59.2 59.5 61.9 60.3 59.8 59 55.8 49.4 51.4 50.5 50.1 45.4 43.2 43.8 45.8 49.8 51.3 47.8 47.6 50.6 48.3 47.5 47.6 47 46.6 46 48.5 50.3 49.9 50.1
43.4 42.7 41.3 39.1 37.2 37.1 36.2 35.3 34.6 33.2 32.5 32.9 31.2 30.7 33.2 34.8 37 38.8 38 36.9 34.1 29.9 30.3 30 30.4 30.1 30.2 42.7 39.4 38.8 39.6 39.7 36.7 36.1 36.3 36.5 35.2 35.5 35.5 45.2 45.9 48.8 51.2 49.8 46.6 46 43 42.3 46 53.1 54.7 54.7 56.3 57 57.1 60.4 60.5 59.9 59 55.8 49.8 49.1 47.8 47.2 43.4 44.6 51.3 54.2 55.9 57.7 49.7 53.5 52.3 49.6 48.7 49.3 48.9 46.4 45.2 47.9 48.7 49.7 50.6
42.3 41.6 40.5 39.9 39 39.5 39 38.2 36.3 36 35.3 34.4 33 32.6 35 36.7 39.2 40.9 41.1 40.1 37.9 34.8 29.6 29.6 29.6 30.8 37.4 41.1 39.8 41.6 41.5 42.2 38.4 36.9 36 38.5 39 35.4 35.1 43.1 46.6 46.9 48.6 48.4 45.9 41.7 40.4 42 46.9 49.1 51.6 53.3 53.1 52.8 53.8 56.7 58.1 58.7 58.9 54.8 50 48.5 48.8 47.2 44.6 50.1 59.4 62 63.8 64.6 57 58.1 54.8 51 50.2 50.7 51.1 48.4 47.2 48.2 47.2 47 48.4
40.4 41.4 41.3 41.6 40.6 39.9 39.6 38.5 37.9 37.1 36.4 36 34.3 32.9 34.7 36.7 38.6 40.5 41.7 40.8 39 37.2 33.5 29.6 29.1 30.5 39.9 38.1 37.1 41.8 43.7 42.4 39.3 37.8 38.8 39 40.3 40.3 40.5 37.9 39.9 39.1 41 46.4 47.6 39.4 41.1 45.1 50.7 51.6 50.9 54.5 57.6 56.4 55.4 55.9 57 57.8 56.3 55 50 50.9 53.5 53.8 51.6 51.2 58.3 61 63.4 64.6 63.8 65.8 58.4 51.1 50.3 50.7 51.7 51.6 50.4 49.8 49.9 48.3 47.2
38.5 39.2 40.9 41.2 41.1 40.3 40.4 39.1 38.9 38.3 37.5 36.5 35.2 33.7 33.7 35.7 37.5 39.2 40 39.5 38.6 37 36.4 31.6 30.7 31.3 35.2 37.3 37.3 40.2 41.2 38.9 37.6 37.9 38.3 39.4 39.6 40.1 38.6 35.7 35.1 37.5 35.8 40.6 38.6 42.1 45.2 50.5 52.6 51 52.2 54.4 56.7 54.5 52.4 55.3 55 56.3 53.5 51.2 51 55.4 56.1 55.8 54.6 52.5 58.5 60.5 62.4 63.7 64.4 64.7 58.3 49.8 47.8 51 51.9 52.7 51.6 50.5 50.2 50.7 50.8
38.7 39.6 40.2 40.3 40.6 40.1 40.1 40.1 40 39.4 38.1 36.5 36.1 34.5 33 34.2 35.2 36.3 36.6 37 37.3 37.2 35.3 33.8 30.7 33.6 32.5 40 37.8 37.4 37.2 38.2 37.9 37.7 38 37.9 37.7 37.3 34.3 35 34.3 34.9 36.3 36.3 40.1 41.2 45.3 49.1 47.7 45.5 48.7 54 56.5 53.2 52.3 53.2 52.4 52.8 51 50.6 53.6 55.4 54.6 54.8 54.7 54.7 58.5 59.8 61.5 62.3 63 60.9 53.9 47.1 44.9 47.9 51.3 51.3 49.9 50.2 49.5 50.5 50.1
38.5 38.7 39.3 39.5 40.4 41.2 40.9 40.9 39.7 38.9 37.9 36.9 34.9 33.7 33.2 33.1 33.8 35 35.8 35.8 36.2 35.4 33.9 34.7 31.3 31 32.8 41 36.1 35.5 35.4 36.4 38.2 38.1 37.1 38.2 38.1 34.5 34.7 34.6 35.6 35 35.1 35.5 39.2 40.1 42 44.7 44 41.8 46.1 52.3 55.8 56.2 54.8 52 51.7 51.3 51.8 53.2 53.8 54.7 54.1 53.3 54 58.1 59.1 59.5 60.2 59.8 61.5 61.2 53.1 47.1 42.3 43.6 47 46.4 47.2 49.6 49.4 47.2 45.2
36.4 37 38.3 39.9 40.8 41.1 39.6 39.6 39.1 38.4 37.6 37 34.7 33.6 32.9 33.2 34.2 35.3 35.6 35.4 35.8 35.2 34.5 33.1 31.8 31.2 33.3 37.8 37 34.7 35.3 36.7 38.6 37 35.7 37.1 33.9 33.7 34 34 35.2 36.1 35.6 35.4 38.6 39.4 40 43.8 45.7 40.1 45.8 53.4 56.5 57.7 55.1 52.6 52.6 54.6 54.9 54.9 54.4 54.5 53.6 52.1 52.9 55.9 58.6 58.8 58.8 58.2 60.8 58 52.3 49 44 39.7 41.9 43.2 45 46 45.5 45 42.1
34.2 36 38.1 39 39.8 40.1 39.1 39.3 38.8 38.2 37.6 37.1 35.4 33.7 33.4 33.2 34.7 35.6 36.3 35.5 34.8 35.5 36.3 34.1 31.6 31.8 33.1 35.9 35.2 34.7 35.2 36.5 38.5 36.4 38.2 34.8 33.3 33.1 34 35.7 37.8 39.5 39.5 39.2 37.1 37.6 38.7 41.2 44.3 40.1 44.4 54.3 56.3 55.3 53.9 52.9 53.1 55.3 55.4 54.8 55.1 55.4 53.8 52.1 52.7 54 58.1 57.5 57.6 57.2 58.9 57 59.2 54.5 46.1 41 38.1 40.7 42.6 41.1 41.4 43 43.1
34.4 35.2 34.8 36.2 38 38.5 38.9 38.4 39.1 39.4 38.7 37.4 35.7 33.6 33.2 34.2 35.5 35.8 36.7 36.2 36.5 37.2 38.6 37 32.4 31.6 32.5 34.6 35.5 35.4 35.7 37 37.9 39.5 36.6 33.1 32.3 34 35.6 38 39.7 41 42.4 42.1 40.1 38.4 36.8 38.6 40.8 38.1 41.4 51.1 55.4 53.7 53.6 52.8 52.8 53.9 55.3 55.6 55.3 54 51.1 50.4 52.1 52.8 58.5 56.4 53.6 53 54.2 56.9 57.3 55 47.8 44.3 37.2 35.8 37.2 36.8 36.1 35.2 34.6
32.3 33.1 33.2 34.3 35.3 36.3 37.5 38.3 39 39.2 38.6 37.2 35.7 35.1 34.2 35.1 35.8 36.5 36.3 36 36.8 36.2 36.1 35.5 32.3 32 31.9 31.7 32.3 32.8 34.1 38.1 36.6 33.4 32.7 31.4 32.1 33.4 35 36.5 38 39.3 41.4 42.5 39.8 38 37.2 35.6 36.9 38.2 42.1 51.3 53.4 52.5 52.5 52.4 52.5 54.2 55.3 55 53.8 53.2 49.6 49.6 51.6 52.4 57.9 55.6 52.7 52 49.4 50.9 49.2 46.5 43.2 40.4 36.6 33.8 33.5 33.6 33.8 33 33
30.6 31.1 32.4 34.4 34.9 35.7 35.8 37.3 38.5 38.7 37.9 36.9 35 34.9 34.7 35.7 34.7 35.6 35.6 34.5 33.5 32.5 31.5 32.7 34.8 33.8 32.5 31.3 30.7 31.3 32 37.5 34.7 32.8 32 32 32.2 33 33.8 34.7 34.9 36.3 39.4 41.2 40.2 41.1 40 36.8 37.7 39.7 44.5 51.3 50.9 51.6 51.7 50.3 51.7 52.8 53.9 53.7 51.8 50.5 48.3 50.3 51.8 57.3 57.2 55.6 54.1 51.7 47.2 44.1 43.1 40.4 39.2 37 34.5 32.9 32.9 32.9 32.9 32.9 32
29.3 30.6 32.5 35.4 35.7 36.1 35.7 36.3 38.1 38 37.2 35.9 34.7 33.9 34 34.1 33.5 33.7 31 30.2 29.9 30.7 32.9 36.3 37.4 36.6 34.9 30.5 31.1 31.5 31.8 36.7 33.3 32 32.2 32.2 32.6 34.7 34.3 34.6 38 40 40.3 40.7 39.8 42.8 43.2 39.8 37.1 39.6 45.5 49.5 48.1 48.9 48.7 49.3 51.7 52.2 52.4 50.3 49.1 47.5 47.6 52.8 54.7 54.5 55.3 55.2 52.8 49.4 48.2 43.2 40.1 37.6 36.6 34.7 32.8 32.2 32 32 32 32.1 31.9
29.5 31.1 33.5 33.4 35.6 35.7 35.7 35.2 35 36.3 36.1 34.7 32.7 32.8 32.4 33.1 32.2 30.4 28.7 29.6 30.2 33.3 34.7 37.9 38.2 38.2 35 30 32.7 33.4 34.8 32.9 31.1 33.7 34.7 35.6 37.1 36.9 37.3 36.1 37.9 40.3 39.4 40.4 40.1 45 41.6 38.7 38.3 40.3 45 46.6 45.4 45 44.8 47 47.7 49.1 49.4 46.3 43.6 45.1 47.4 49.3 51.2 51 52.4 52.3 51.8 48.3 45.1 42.7 40 36.9 35.2 33.5 32.2 31.7 31.5 31.1 31.1 31.2 30.5
28.5 30.5 32.2 32.7 34.4 34.5 34.5 34.5 33.1 32.7 33.5 32.7 31.3 31.1 32.1 32.3 30.8 28.8 28.8 30.2 33.5 33.5 33.3 34.6 35.4 38.4 31.6 29.5 34.4 36.4 39.5 31.8 30.1 33 35.2 40.9 40 38.6 37.2 37.7 37.3 40.8 41.3 42.2 41.1 41.9 39.3 36.1 37.4 39.8 42.9 44 44.6 43.9 43.6 43.8 44.6 44.9 43.5 41.5 44.7 46.2 42.3 41.7 46.4 47.5 44.1 44.9 47.2 47.3 44.7 42.3 40 37.5 35 32.2 32.1 31.2 31 30.8 30.4 30.1 30
27 30.3 32.3 33.3 33 31.8 31.6 31.8 31.8 31.2 30.5 30 30.4 31.1 31.4 31.6 30.3 28.8 28.5 29.5 30.6 31.8 31.4 31.4 32.9 33 32.2 28.7 31.2 36 41 31.9 29.7 31.3 32.8 41 37.7 36.1 36.6 38.1 39.5 41 42.2 43.2 43.5 42.8 38.7 36 38.2 42.7 47 46.3 44.8 44 43.4 42.8 42.8 42 41.3 40.3 43.4 45.7 44.4 42.1 39.2 40.9 42.9 42.3 44.6 44.7 44 41.4 38.7 36.4 33.7 32.1 31.5 31.3 30.6 30.3 30.1 29.7 29.6
26.6 29 31.3 31 29.5 29.2 28.9 28.6 29.5 31.1 30.6 30.9 31.5 32 32 31.7 29.7 28.3 28.3 28.9 30.1 29.3 30.8 31 33.4 32.2 30.6 30.4 29.8 33.8 34.1 30 29.6 31.1 34.1 37.9 36.1 36.3 37.4 39.1 39.7 40.8 42.3 43.4 43.4 41.9 38.5 38.2 39.6 43.6 46.7 47.1 45.3 44.3 43.2 43 42.6 40.8 39.7 38.8 39.5 40.4 42.3 45.6 45.1 40.1 36.7 42.4 45.4 45.4 43.5 40.8 38.4 35.6 33.1 31.7 30.9 31 30.6 30 29.1 29.4 28.6
25.9 27.9 28.1 27.6 27.2 25.8 26.5 28.9 30.6 31.3 31.8 32.3 33.9 34.5 34.5 33.2 30.9 28 27.9 29.7 31.2 28.6 31 30.2 29.8 35.7 34.5 31.8 29.8 28.4 32.1 35.8 29.2 31.4 34.9 38.6 37.1 36.4 36.5 37.4 40.5 42.4 42.5 43.9 43.7 40.9 38.6 39.2 40 42.7 46.7 47.4 47.5 47.3 45 43.2 44.4 42.9 41.5 39.1 38.5 41 42.9 45.4 45.5 43.8 35 38 44 45 43.6 41 39.1 35.4 33.1 31.6 30.6 31.1 30.4 29.7 28.9 28 28.4
24.9 25.4 25.1 24.1 24.1 25.6 26.6 27.3 28.8 30.8 32.5 33.3 35.2 36 35.9 34.5 32.1 28.2 28.5 32.4 32.3 30 29.4 28.7 28.4 30.6 34.4 30.1 29.2 28 29.9 30.6 30.2 31.6 34.9 35.4 33.7 34.3 34.7 36.9 39.2 39.8 39.4 40.9 40.3 37.6 38.6 41 42.3 44 44.6 45.6 45.8 45.4 46 45.1 44.9 46.8 46 42.1 42.3 45.7 45.1 46.5 44.5 40.3 33.8 33.4 39.7 42.2 43.5 42.3 41 36.1 32.6 31.1 31.2 30.7 30.1 29.3 28.2 28.3 28.4
22 22.5 22.3 22.2 23.2 23.6 24.4 25.9 29 30.8 32.4 34.6 36.1 37.1 36.6 36.1 33.7 31.1 28.5 29.3 29.8 29.4 29.5 28.3 28.2 31.5 34.5 33 29.7 26.4 27.8 28.1 29.4 30.6 31.5 32.7 33.6 36.9 34.7 34.1 35.1 33.9 35.5 36.8 37.6 39.3 40.2 40.3 42.2 44.2 45.7 45.4 45.2 46.2 46.5 45.9 45 44.2 44.2 43.8 43.6 44.6 45.1 43.9 42.5 36.3 32 31.8 35.9 39.3 42 44.3 42.1 38.7 32.9 31.7 31.6 31.7 30.4 28.7 28.1 28.4 28.3
21.2 20.6 20.8 21.7 22.4 24.2 26.4 28.2 30.6 30.9 32.2 34.5 36 37.7 37.9 37.7 37.2 32.1 26.6 28.7 26.7 27.4 29.5 28.5 32.7 37.3 35.7 31 26.2 27.7 30.4 34.9 32.7 33.7 34.2 36.4 40.3 42.8 39.2 31.4 31 32.8 35 36.8 40 42.4 42.2 43 42.8 40.6 41.9 42.1 42.4 42.6 45.2 44.9 46.2 46.1 44.6 44.7 46.2 44.3 42.6 43.1 42.1 41 35.8 31 32.9 37.3 38.5 38.6 37.8 37.9 33.3 31.5 31.9 32.1 30.9 29.1 30.1 30 29.3
22.2 21.7 21.2 20.7 22.3 24.3 26.8 28.5 30.3 30.3 33.2 34.8 36.2 38.4 38.3 38.5 37 32.1 26.3 27.7 26.2 30.6 36 35.9 36.7 36.5 35.4 29.2 25.3 29 31.8 34.3 34.6 32.8 33.5 35.7 39.6 39.1 34 29.8 29.8 31.6 34 36.1 39.3 41.4 43.4 45.2 41.9 36.5 41.8 41.3 41.1 42.4 44.6 45.8 46.3 43.5 41.2 42.5 45.3 45.5 45.1 43.7 42.6 40.3 38.9 37.7 30 38.7 37.8 35.2 36.1 37.5 34.1 31.4 29.2 30.9 27.9 31.8 32 31.5 30.9
21.9 21.4 20.7 21.8 23.7 24.8 26.6 27.5 29 31.8 33.9 35.2 36.4 38.7 39.9 40.1 37.9 33.1 27.4 24.7 30.3 33.9 35.9 36.9 34.7 28.6 31.3 32.1 25.5 27 26.5 27.1 26.1 25 25.3 27.4 28.6 27.8 27.7 28.6 29.5 31.4 33.1 36 38.9 42.8 44.9 43.4 33.7 34.2 37.6 41.6 40.4 40.8 45.4 46.5 45.5 41.8 38.1 37 42.4 44.2 46.1 44.6 44.8 44.1 40.8 38.1 34 27.6 31.3 29.2 28.6 29.6 33.4 31.4 29.3 27.7 28.5 30.3 32.5 33 32.2
20.6 22.2 20.9 21.1 23.7 23.9 24.6 26.9 29 31.7 35 35.9 38 40.2 41.2 41 38.4 33.5 29.9 23.8 33.7 29.9 29.5 28.9 25.4 27.3 31.6 32.4 23.4 22.8 23 23.8 24.4 24.9 25 26.4 27.9 31.9 29.7 28.1 28.5 29 31.3 36.5 40.9 41.8 43.1 41.8 33.6 32.8 35.6 35.6 36.8 41.6 45 46 44.9 40.1 37 34.7 37.3 40.2 43.2 43.3 42.8 43.8 42.8 40 36.4 30.7 26.9 27.2 28.4 31.8 29.4 27.9 28.3 30.1 31.8 32.9 33.9 33.9 33.3
19.7 21 19.7 20.4 22.1 23 25.3 26.3 28.7 32.7 35.2 37.8 39.3 41.3 42.1 40.7 36.6 31.7 29 23.3 26.2 26.5 32.1 26.6 31.2 30.9 27.2 26.3 22.2 23.3 24.8 25.1 25.5 25.6 26.2 26.9 28.9 29.4 30 30.6 32 30.3 30.8 32.9 39.6 39.4 41.1 42.3 43.9 36 36.4 35.9 36.9 43 43.3 44.5 43.6 38 36.8 35.2 33.6 37.1 42.3 42.2 40 39.8 42.3 41 38.2 31.3 26.5 30.8 33.4 34.9 35.6 35.8 33.5 33 33.9 35.2 37.4 41 37.8
18.7 19.3 20.2 21.9 24.3 25.2 25.7 28.4 31.6 34.3 36.5 38.9 40.5 41.2 39.7 36.7 33.6 30.5 25.7 22.3 23.1 32.8 30.1 28.7 31.7 28.7 22.2 21.9 21.3 24.3 27.7 30.5 31.5 31.4 31.6 32.6 32.9 29.8 28.9 28.8 30.3 29.9 31.8 35.1 39 38.8 40.1 40.9 42.9 44.7 36.2 36.1 35.6 35.8 41.2 40.9 34.7 31.8 33.2 33.1 32 34.4 38.3 38.2 39.5 39.8 42.3 41.1 37.6 34.9 30.8 24.9 32 33.8 35.6 38.8 38.7 36.2 38 40 44.3 46.5 45.4
17 17.8 20.3 24.2 27.9 28.5 25.9 27.6 34 36.1 38.4 39.3 39.4 38.3 37 35.2 33.2 28.9 22.2 21.5 22.4 27.3 28 27.9 28.6 21.4 19.8 20.9 21.2 21.6 24.1 30.4 33.6 35.4 35.6 38.1 37.1 33.5 30.7 30.4 30.1 30.3 30.3 33.1 35 39.1 39.9 40.2 41.5 41 38.2 36.8 34.2 36.6 35.2 36 32.6 31.6 30.9 31.7 32.9 35.3 37.5 38.6 40.9 40.5 40.6 38.6 37.9 36 32.7 28.8 26.5 32.9 35.8 38.4 39.3 39.1 41.7 45.7 48.7 48.4 47.4
13.9 13 16.3 20 25.2 27.6 26.8 26 28.4 33.1 37.6 39.6 37.8 36.2 37.9 35.6 33.8 28 21.3 21.2 21.3 20.8 24.8 30.6 22.4 19.5 20.6 21.5 23.4 23.5 22.6 25 31.9 34 36.6 36.4 36.9 33.3 31.1 31.6 30.6 30.2 30.6 30.6 33.4 37.2 38.7 41.2 42.9 33.9 31.3 33 34.5 35.4 37.3 33 32.2 31.3 30.1 30.9 33.5 36.8 38.7 40.4 40.1 39 38.7 37.3 37.2 35.7 35.4 29.7 26.5 32.4 34.4 35.7 37.8 39.1 42.8 48 48.9 49 45.9
12.2 13.4 16.3 18.9 21.4 26.1 26.9 27.6 27.5 31.9 35.8 40 39.2 35.9 36.5 37.1 34.9 26.4 20.6 22.8 20.8 19.9 26.5 30.7 20.2 20.5 22.8 23.2 25.1 27.7 27.7 25.4 26.7 29.2 30.7 32 32 29.6 29.8 30.7 30.7 29.6 29.6 30.3 31.9 35.5 36.7 39.3 41 41.4 36 34.9 36.9 37.4 36.2 34.9 33 33.4 29.3 30 33.3 36.8 38.7 39.1 38.6 36.4 36.6 35.5 36.7 36.1 33.2 24.3 27.1 34.7 35.2 35.8 38.5 39.4 43.5 49.1 51.9 49.7 45.2
11.1 13.3 14.8 19.1 21.6 24 25.5 27.7 29.5 32.1 36.5 38.9 38.9 35.7 34.3 34.2 33.2 27.5 21.7 23.4 21.1 22.3 27.2 28.1 18.1 22.2 24.1 25.1 25.7 27.9 30.3 30.7 27.6 27.7 29 28.2 27.9 28 28.3 28.7 28.3 27.8 28.1 28.7 30.7 33.4 33 32.4 33.4 34.6 36.5 36.7 36.3 35.8 35 34.4 32.8 32.5 30.5 30.7 31.9 34.7 36.5 36.9 37 34 32.8 32.6 34.9 35.5 25.3 25.4 33.2 33.2 35.3 36.3 38.8 41 45.8 48.7 48.4 46.2 44.7
8.3 10.3 10.2 12.3 17.5 21.3 23.2 28.9 31.7 32 34.4 35.3 33.8 31.9 31.6 30.9 27.3 24.8 23.5 20.6 19.5 18.2 24 18 18.8 22.2 24.5 26.4 28.1 29.7 32 33.3 32.2 30 28.9 29.2 30.9 30.9 29.4 28.6 28.2 28.1 28.4 28.4 27.7 28.2 29.2 30.6 31 32 33 33.6 34.3 33.6 33.2 32.6 31.6 28.4 32.2 31.4 32.5 33.8 34.9 34.6 34.8 31.1 28.4 28.1 30.9 30.7 23.4 32.4 34.5 34.4 36.1 36.5 38.2 42.3 45.5 48.1 48.2 46.7 45.4
10.8 9 10.2 10.3 14.1 17.3 19.9 23.9 28 31.4 33.2 32.9 32.4 31.7 32.8 27.9 25.6 24.5 22.9 22.1 22.9 18.9 16.9 17.8 21 23.2 25.3 27 30.4 32.1 33.3 35.6 36.2 34 35.2 37.1 35.7 32.5 31.2 31.9 30.7 28.7 28.8 27.8 27 26.7 26.9 28.3 29.5 30.8 32.9 32 30.9 31 34.4 30 29 32.1 34.5 32.7 33.4 34.8 34.9 35.1 33.3 30.8 26.2 25.3 27.5 23.7 27.1 31.4 33.5 33.8 36 35.7 36.7 41.8 45.2 48.6 48.7 48.2 47.6
10.5 13.7 14.3 13 12.4 11 10.7 14.7 20.5 24.9 26.5 25 26.4 26.7 27.7 25.7 23.7 23 23.1 21.8 19 16.3 17.8 20.4 22.7 25 27.1 28.7 31.5 33.4 33.6 36.6 38.5 36.9 37.2 41.8 39.7 34.1 33.5 34.6 33.2 28.9 28.6 27.5 26.7 26.6 26.4 27.1 28.6 29.4 29.7 29.9 29.6 29.8 30.4 29.4 28.1 28.6 33.1 34.5 34.2 33.5 33.1 33.1 33.5 31.8 26.7 24.6 23.5 21.9 26.9 30.2 31.4 33.3 35.6 35.1 35.7 38.6 43.6 46.4 46.8 47 46.9
