public/OST50/NY01.asc
ncols 200
nrows 200
xllcorner 300000
yllcorner 510000
cellsize 50
[rows 72 to 107 of 200, columns 81 to 161 of 200]
130.7 130.8 132.2 134.4 136 136.5 136.7 136.9 134.8 130 128 127.4 122.8 116.8 111.8 108.1 100 100.9 104.1 108.7 114.5 121.3 127.4 129.9 133.8 138.6 144.4 137.6 130.4 122.3 130 138.9 139.7 132.6 130.7 133.7 134.3 132.9 132 132.7 134.9 137.1 138.5 131.1 127.4 123.3 120.8 119 122.5 124.7 126.6 123.2 118.2 114.9 114.4 115.3 116 118.3 120.9 121.1 121.6 121.7 120.8 116 117.9 119.7 120.6 121.2 121.1 118.9 116.9 114.4 113.1 115.2 118.4 122.7 124 125.4 126.2 128.2 129.9
126.9 127.8 129.4 131.6 132.4 133.5 133.4 133 130.7 127.5 124.7 121.5 121.9 121 111 106.3 101.8 99.4 102.2 106.4 111.3 117.8 125.8 128 131 136.8 144.3 135.2 125.9 116.8 126.4 135.7 140.6 130.5 123.3 128.7 129.8 128.9 128.8 130.5 131.6 134.2 132.7 128.9 125 120.2 113.8 118.1 118.9 120.2 122.9 120 116.4 113.4 113 113.8 115 116.1 118.2 120.1 120.1 119.8 118.4 115.6 115.9 117.8 119 119.8 118.1 116.6 113.2 110.7 113.7 118.7 121.8 123.3 124.9 125.8 126.6 128 128.6
123 124.8 127 128.3 128.7 126.4 128 127.7 126 122.5 119.8 117.5 118.9 120 115.6 108.7 105.9 100.3 97.6 104.2 109 116.2 123.3 125.3 127.7 130.2 134 131.1 121.7 117.1 118.7 128.1 130.7 125 117.1 120.8 121.7 123.6 125.9 128.6 129.9 131.9 132.1 127 122 117 113.7 114.2 116.2 116.7 116 115.6 113.6 112.5 112.1 113.4 115.2 117.1 117.8 118.4 117.4 117.4 117.9 115.3 112.4 114 115.7 116.8 115.6 112.9 111.5 112.8 113.9 119.4 121.6 123.5 125.3 126.3 127.3 128.5 129.2
118.6 121.9 124.7 125.2 124.6 123.5 122.9 121.9 120.1 117.8 115.1 114.7 114.9 112.2 115.4 112.1 110.9 104.1 97.5 98 105.4 114.7 121 122.7 125 126.9 128.9 125.8 125.9 111.1 109.8 116.9 116.9 112.9 108.3 110 114.5 118.7 122.9 126.8 127 129.1 129.7 124.5 118.9 114.9 110.1 111.7 112.2 112 111.1 110.9 110.9 111.6 111.6 112.6 114.4 116 116.4 116.9 115.1 115.1 116.1 114.7 112.2 111.7 112.9 113.2 111.3 111.2 112.8 115 119 120.3 122.1 123.9 125.1 126.3 127.4 128.6 129.7
115.2 118.5 121.5 121.5 120.4 119.1 118.1 116.5 114.6 113.3 112.4 113.4 110.7 110.5 110.5 107.5 106.9 101.7 96.5 97 103.1 113.5 119.6 120.4 121.9 123.5 126.5 129.3 124.8 113.1 105.3 103.3 104.4 101.6 99.2 101.6 107.3 113.5 117.4 121.1 121.4 125.2 127.7 122.6 115.6 111.3 108 105.3 107.2 108.2 108.1 108.9 109 109.9 111.6 110.6 113.5 114.8 114.9 113.8 111.8 111.1 111.2 110.2 109.8 109.3 110 109.4 109.8 110.9 115.6 117.6 118.4 120.4 123 124.6 125.9 126.8 127.7 128.6 130.2
112.3 113.6 116.3 116.7 116.1 114.9 113.8 112.1 110.5 109.8 112.2 106.6 104.4 105.2 103.9 100 98.2 96.2 95.5 96.8 106.1 116.2 118.5 117.8 119 118.6 121 114.9 104.8 101.9 95.6 94.7 93.1 89.5 89.6 93.4 97.1 103.1 110.5 114.9 116.4 123.2 118.4 108.7 106.6 102.9 103.4 100.6 104.3 104.8 106.9 106 108.7 110.5 110.2 110.6 111.5 112 111.8 110.6 108.6 107.1 106.5 107.2 106.8 107.6 109.1 108.9 111.8 115 115.4 117.3 118.9 120.6 122.8 125.2 126.4 127.3 128.3 129.1 130.8
110.5 110.8 111.6 112.2 111.6 110.9 110 108.9 108.6 106.6 105.3 102.9 100.7 99.4 95 93.7 94.2 94.6 94.6 103.9 114.6 117.2 116.3 114.4 111 108.2 100.8 88.7 88 90 91.2 92 88.7 92 92.7 93.1 91.2 94.5 101.8 105.3 109.5 117.8 97.8 97.4 97.6 97.5 97.9 98.3 98.9 101.4 103.8 104.9 106.9 109.2 108.7 108.4 109.3 108.2 107.6 106.6 105.2 105 103.3 105.8 106.7 107.7 110.2 112.9 114.1 115 116.5 117.7 118.8 120.6 123.1 125.4 126.6 127.5 128.8 129.8 131.9
110.1 109.4 109.1 109 109 108.2 106.9 107.6 105 103.2 101.2 100.3 98.2 95.6 92.7 92.5 93.2 96.5 104.6 111.5 115.1 112.8 106.4 102.4 98.4 94.8 87.4 88.9 89.6 90.3 91.8 91.7 91.9 96.8 96.9 95.9 93.1 90.7 94.4 96.7 101.3 96.4 96.7 96.9 97.4 97.3 97.6 98 98 98.6 98.7 97.6 98.5 100.8 102.3 103.9 104.8 105.1 103.7 101.5 103.9 104.5 105.1 107 110.5 112.2 115.5 116.1 117.3 116.9 117.4 118.8 119.4 121 122.6 124.8 126.2 127.2 128.6 130.9 132.7
110.9 109.5 108.3 107.6 107 108.6 105.4 104.1 103.1 100.3 97.2 93.8 93.3 90.8 92.4 94.9 97.4 102.6 107.6 107.7 102.9 99.4 95.6 92.8 89.9 89 88.6 89.4 89.9 91.2 93.2 94.8 97.1 98.3 98.6 99.1 94.5 94.7 94.3 96 95.9 97 96.5 96.8 98.8 97.6 97.6 97.7 97.8 98.3 97.8 99.1 99.5 99.2 100.3 101.2 101.7 102.3 102.7 103.4 103.8 107.8 111.3 113.3 114.3 114.9 116.3 117.8 117.7 117.7 118.8 119.7 121.4 121.8 122.4 123.5 125.3 126.8 128.7 130.2 132
111.4 110.7 109.1 107.5 107.9 105.6 104 102.4 100.7 97.4 93.8 90.3 89.5 91.9 94.7 97.4 100.2 103.8 103.4 95.2 89.7 88.5 87.8 87.9 88 85.8 89.4 89.7 90.8 93.8 95.6 97.4 98.5 100 103.7 105.7 104.8 101.9 94.3 95.2 96 96.1 96.7 96.9 100.6 103 99.5 98.9 96.9 98.6 99.1 99.8 101.7 100.9 99.9 99.2 100.7 101.4 102.6 106.8 111.3 112 112 114.6 115.2 116 116.6 117.5 118.4 119.2 120.3 121.4 122.5 123.7 124.4 123.9 125.1 126.2 127.1 128.7 130.3
110.4 110 109.8 110.5 110 108.2 105.7 102.4 97.9 93.6 89.7 88.5 91.6 95.2 97 99.3 100 97.5 91 85.2 87.2 89.1 88.1 88.5 89.2 90.3 90.3 90.7 92.9 96.9 100.6 102.4 103.4 107.4 111.6 113.1 111.4 106.5 94.8 95.3 95.4 95.7 96.5 96.7 104 106.6 107.1 101.8 98.9 98.8 99.4 100.9 103.7 103.6 102.4 101.3 99.2 100.6 102.1 104.3 108.7 110.6 112.2 113.9 115.9 116.6 117.1 117.9 118.7 120.2 120.8 121.3 122.1 123.1 123.6 123.8 124.2 125.2 126.2 127.1 128.8
105.6 110 111.3 111.5 111.7 110 107.1 103.3 97.7 89.9 86.5 90.1 94.2 97.3 99.1 95.2 90.9 87.9 87 87.1 89.4 90.9 90.8 92.8 94.5 94.7 94.3 97 100.4 105.7 107.9 109.6 110.5 112.4 115.8 116.5 114.7 111.5 100.6 93.5 95.5 95.5 94.4 98.9 108 111.6 112.4 111.7 105.9 102.9 104.5 106.5 106.8 106 103.5 102.6 102 99.9 102.7 104.2 106 108.3 110.7 113.5 115.4 116.7 117.5 118.3 119.1 119.6 119.8 120 120.7 121.6 122.6 122.8 123.4 124.3 125.1 125.9 127.2
109.4 109.2 111.1 111.9 111.3 109.5 106.5 102.8 95.9 88.4 86.4 93.8 97.5 97.3 93.3 84.6 84.2 84.3 87.1 87.8 89.8 93.6 96.3 97.6 101.2 104.4 106.8 108.2 109.9 111.3 111.9 113.2 114 115.1 117.5 117.6 115.8 114.4 113.1 107.3 101.7 99.2 103.7 112.3 116 117.9 117.1 116.8 117.1 112.7 112.5 110.6 109.9 108.8 105.4 105 106.5 102.5 101.7 103.4 104.4 104.2 107.4 110.3 113.2 115.6 116.2 117.3 118 118.2 118.4 118.8 119.1 120.1 121.1 121.8 122.4 122.9 123.5 124.3 125.6
112.1 110.7 110.7 111 109.7 107.1 103.2 97.7 90.1 86.5 85.5 95.4 90.9 85.8 84.6 85.3 85.7 87 87.7 88.5 93.9 98.8 101 104.6 106 108.5 110.1 110.6 110.6 111.1 112.8 114 115.3 116.2 116.7 117.4 116.8 116.2 115.1 115.8 116.7 114.5 117.1 121.4 120.5 121.5 121 120.7 119.8 118.4 115.6 114.8 114.6 112.2 105.4 107.2 111.5 110 104.3 101.9 102.7 102.1 101.3 100.7 114.4 114.8 116 116.3 116.5 116.9 117.3 117.7 118.1 118.9 119.7 120.7 121.2 121.6 121.8 122.7 123.8
114.7 114.2 110.8 109 106.3 102.8 97.6 90.4 86.8 85.7 84.6 85.8 84.9 83.3 84.8 85 86.1 87.7 89.3 89.8 94.1 98.7 99.4 102.8 104.3 100.2 103.9 105.9 107.1 107 109.1 111.2 113.2 114.8 115.8 116.6 116.8 116.8 116.9 117.6 118.4 120.3 121.3 122.8 123.8 124.2 123.2 122.8 121.7 119.6 117.8 118 117.2 116.6 109.6 109.3 113.6 114 111 102 101.6 103.2 103.5 102.6 110.5 114.8 116.1 116.9 117.2 117.3 117.5 117.8 118 118.4 119.1 119.6 119.9 119.7 120 120.9 121.9
108 114.1 109.3 105.4 102.1 97.8 90.6 86.7 85.4 82.4 84.3 84.5 84.7 85.1 85.3 85.3 87.1 89.9 91.8 91.9 92.1 93.3 93 96.2 96.3 100.7 100.7 106.6 109.4 108.9 109.5 111.6 112.6 113.2 113.5 115.3 116.4 116.5 117.9 118.7 119.1 119.3 120.3 121.4 123.1 124.8 125.1 124.4 123.4 122.2 120.2 119.5 118.6 116.3 109.6 114.1 115.3 115.5 115.7 109.4 102.5 103.6 103.5 104.5 108.6 111.7 114 116.1 117.2 117.5 117.6 117.9 118 117.9 118.2 118.5 118.5 118.1 118.3 119.2 120.4
106.9 105.5 105.8 101.8 97.5 90.2 86.2 85.1 85 84 83.8 84.2 84.5 84.8 85.5 88.3 90.3 91.1 92.9 98.8 100.7 99.7 101.4 104.1 106.3 105.8 105.5 106.1 107.9 109.6 111.4 113.2 114.6 115.5 114 115.1 116 116.3 116.8 117.1 117.6 118.4 119.7 121 122.7 124.4 125.8 125.5 125.1 122.7 121.5 120.3 119.1 114.7 109.7 116.5 117.2 117.5 117.7 117.2 112.4 106.1 103.1 104.2 104.3 104.6 106 112.3 116.2 116.9 116.9 116.7 116.7 116.7 117 117.5 117.3 117.1 117 117.7 118.7
109.8 108.2 100.9 96.7 89.5 85.4 85.1 84.4 83.9 82.3 83.5 84 84.9 85.7 92.5 93.6 93.7 93.7 98.3 103 105.1 105.5 107.4 109 110.1 110.2 109.4 109.2 109.5 110.8 112.4 113.9 115.5 116.1 115.8 116 116.3 116.7 116.9 117.1 117.5 118.5 120.1 121.6 122.8 124.6 126.4 127.2 126 123.8 122.4 121.3 119.5 113.6 112.9 118.2 118.8 119.4 119.3 119 118.1 114.6 108.8 102.3 105 104.6 104.7 107.7 113.2 114.3 115.5 115.4 115.4 115.5 115.8 116.1 115.8 116 116.4 116.7 117.3
105.3 102.3 95.8 89.4 84.6 84.3 84.6 81.5 83.4 83.7 83.6 84 87.2 92.3 97.7 97.4 99.2 101.4 101.4 105.1 107.6 109.2 110.1 111.9 113.5 114.5 113.1 111.9 112.4 113.2 114.6 115.6 117 118.5 117.2 116.5 117 117.9 118 117.6 118.4 119 121.3 124.1 125.6 126.8 127.8 128.5 127.8 125.5 123.2 121.2 119.2 112.4 118.9 119.9 120.5 120.9 120.4 120.2 119.1 117.8 114.4 111.6 109 105.7 105 104.9 107.8 112.6 113.6 114 114.1 114.3 114.5 114.7 114.2 110.5 110.9 115.9 115.7
102 98.5 88.7 83.8 83.2 83 82.4 82.8 83.3 84 84.3 85.7 94.8 100.9 101.9 101.7 104.3 105.4 102.8 104.1 107.5 111.1 113.4 115.5 116.3 116.9 116.6 115.2 116.2 116.8 117.1 118.5 119.5 121.4 120.5 118.9 118.7 119.3 119.3 119.5 119.7 120.2 123.2 126.6 128.6 129.1 129.3 129.5 129.1 126.8 124.9 123.1 120.7 115.4 120.2 121.3 122.1 122.1 121.2 119.6 118.9 117.2 116 115.4 112.3 108.3 106.6 105 106.8 109.5 111 112.2 112.1 112.1 113.3 113.5 107 107.8 108.2 107 112.8
98.3 89.6 83 82.5 79.7 82.5 84.5 86.2 86.5 86.9 87.1 90.5 98.2 104.2 104.5 105.2 106.1 106.1 105.5 107.4 110.4 113.2 116.2 118.4 119.3 120.6 120.7 121.4 121.9 122.4 122.3 122.9 123 124.2 124.4 122.3 123 123.3 122.3 123 124.9 125.6 127.5 129.8 130.3 130.8 131.4 131 130 128.8 127.5 124.9 122.4 115.1 121 122.1 122 121.6 120.4 119.7 119.5 118.7 118.1 117.4 114.5 110.4 109.4 105.5 106 107.2 108.7 105.6 107.5 107.7 109.1 108.7 108.6 109.1 110 109.5 110
92.6 82.4 81.8 79.1 83.2 86.4 93.1 97.2 97.7 99.1 99.1 102.3 99.2 104.5 106.6 107.3 108.3 109.3 110.9 112.4 114.5 117 119.8 121.9 123.2 124.8 126 127.2 127.8 128.3 128.3 128 128 127.6 128.6 127.3 128.4 127.7 126.6 128.9 129.8 130.7 131.7 132.4 132.6 132.6 132.3 131.8 130.4 130 129 126.3 122.5 119.1 122.6 123.1 122.4 122.2 122.1 121.7 121.1 119.5 118.3 116.8 114.7 114.4 111.2 104.6 105.8 106.6 107.2 107 107.7 107.6 108.2 108 108.7 109.6 111.3 110.9 109
82.8 81.4 81.4 82.6 86.8 92.2 94.8 95.9 98.4 102 103.9 104.8 103.3 105.6 107.9 109.5 110.8 112.5 114.9 116.6 118.6 120.7 123.8 125.8 128 131 131.8 134.6 135.8 135.7 135.9 134.3 133.9 133.2 133.2 132.7 132.2 131 131.3 132.9 133.1 133.7 134.6 135 134.9 134.7 134.2 133.1 131.5 130.1 127.9 124.8 122 121.6 124.7 124.1 123.7 124.1 123.9 123.3 122.3 120.9 118.8 117.5 115.8 116.4 114.2 111.5 112.2 107.5 108.2 109.3 110.8 109.1 109 111.2 109.8 111.6 112.9 112.5 107.3
81.2 81.4 81.9 85 87.7 95.3 100.1 101 102.7 104.4 106.1 107.4 108.3 108.3 110.4 111.9 114 116.5 118.9 121.7 124.1 127.6 131.5 134.6 137.8 139.5 140.7 142.2 144.4 145.6 146.1 144.2 142.2 140.5 141 138.9 136.7 135.9 136 136.5 136.3 136.8 137.7 137.7 137.8 137.1 136.2 134.3 132.6 130 126.5 125.2 124.9 123 125.9 125 125.2 125.5 125.4 124.8 123.4 122.1 120.3 118.6 118.1 116.4 115.2 114.1 114.3 114 112.8 112.4 112.6 112.5 113.1 113.6 113 114.4 114 114.1 112.9
78.5 82 83.3 86 88.8 97.3 103.2 105.1 106.2 106.9 108.3 109.9 111.4 112.3 113.6 115.5 117.8 120.1 124.4 130.6 136.6 142.7 146.1 146.8 152 157.1 158.2 162.7 162.1 161.6 160.4 157.9 153.9 151.3 150 148.4 146.4 142.4 140.3 141.1 141.4 140.5 140.2 140.5 140.8 139.4 137.1 135.3 133 130.5 128.8 128.5 127.4 125.9 126.5 127.2 127 127 126.7 125.9 124.2 122.7 121.3 120.6 119.3 117.5 116.7 116.3 116.1 116.8 116.1 115.5 114.9 115 116.4 115.9 115.9 116.3 116.5 116.6 116.6
81.9 82.8 85 88.7 94.9 98.3 104.9 108.6 109.2 109.7 111.1 112.7 114.2 115.7 117.4 119.4 123.3 130.4 135.4 140.4 146.2 151.1 153.7 158.4 166 170.2 174.9 179.6 177.5 175.1 171.9 167 162.6 160.8 160.4 158.3 154.2 149.6 147.3 147.8 148 146.4 146.3 144.9 144.2 142.4 139.4 136.7 134.6 132.7 133.3 131.6 130.2 129.3 128.5 129.9 129.7 129.5 127.9 127.2 125.2 123.9 123.6 122 120.6 120.6 119.7 120.2 119.9 119.3 119.6 119.5 119.2 118.5 117.5 117 117.7 117.7 118 118.9 119
82.3 84.5 91.2 96.7 101.4 106.5 107.2 109.9 111.6 112.5 113.9 115.6 117.4 119.7 122.1 126.2 133.7 145.3 151.5 154.9 159.5 165.4 169.1 171.4 175.6 179.1 184.7 188.5 186.5 182 177.7 174.1 169.2 167.1 166.2 162.7 158.3 152.4 153.2 154.2 153.9 153.9 153.8 152.3 150 147.5 144.9 141.4 135.6 138.2 137 136 134.1 132.1 128.7 132.6 132.4 131.9 130.3 128.6 127 126.4 126.1 124.9 124.3 125.1 124.4 123.2 121.8 121.6 124.5 125.7 125.1 123.7 120 118.1 119 119.4 120.7 121.6 121.8
85.3 90 95 101.4 105.7 110.6 110.2 111.5 113.3 115.3 116.8 118.7 121.3 123.9 127.3 137.3 147.5 153.9 161.3 164.7 168.1 172.4 177.1 181.5 185 187.9 190 187.8 183.7 180.2 176.3 173.5 173 172.3 170 166.3 162.3 159.1 159.7 161 160.9 160.3 159.4 157.8 156.3 154.9 151.4 143.3 140.6 143.6 142.2 140.4 138.6 136.6 134.2 136.1 136 135.1 133.4 131.7 131.8 131.2 130.8 129.9 130.2 130.8 131.6 131.5 131.7 128.5 128.3 134.3 136.4 134 127.5 121.4 126.1 128.9 133.2 132.4 132.1
96.2 101 100.2 105 108.9 111.4 112.9 113.7 115.7 117.7 119.8 122 124.8 129 137.8 145.3 157.5 162 164.1 168.3 171.6 175.7 180.1 186 189.9 189.9 188.2 184.6 179.3 173.4 175.4 179.3 179.8 177.8 174.4 171.1 167.3 165.2 165.1 165.7 165.7 166.1 164.6 162.3 161.2 159.8 151.1 145.2 145.3 147.1 146.7 145.2 143.2 140.3 138 141 140.7 139.1 138.2 137.9 139.4 138.8 140.4 143.3 151.8 155.1 156.9 158.8 155.6 152.4 149.7 144.4 150.8 145.4 144.2 147.5 154 157.1 159.7 150.7 155.9
97.8 101.8 103.9 107.5 111 113.4 114.8 116.1 118 120.4 123.9 126.5 129.6 134.9 143.1 151.4 157.3 162.6 166.2 169.5 172.6 176.9 182.4 185.8 186.4 186.7 178.9 173.8 174.1 184.2 185.2 184.8 183.8 182.5 180.2 175.9 172.1 170.3 169.6 169.5 169.5 171 169.1 167.4 164.8 159.7 149.4 152.9 150.8 153.9 154.5 154.4 152.1 150.4 143.6 147.4 145.6 146.8 148 151.3 153.9 156.2 157.6 169.1 182.2 184.9 189.5 195.2 193.2 189.1 186 177.5 165.1 172 183.2 190.2 195.5 201.7 199.3 189.8 184.2
99.8 103.3 105.6 108.9 113 115.4 117 119.1 121.3 125.4 132.5 136.9 143.3 150 156 158.8 161.2 165 167.8 171.3 174 177.2 182.1 186.8 184.9 181.9 174.3 183.2 185.5 186.2 186.3 184.5 184.1 183.5 183.4 181.1 180.2 179.3 178.9 177.7 176.2 174.5 173.2 171.8 168.5 157.8 160.3 161.9 157.6 162.3 164 164.5 165.9 164.7 154.1 155.1 156.6 157.7 161 163.2 168.1 173.4 182.3 192.4 202.1 211.6 219.2 227.7 232.2 236.5 224.9 217.5 194.5 198.6 221.2 235.7 251.4 252.8 242 231.6 222.9
104.3 107.1 109.4 111.6 114.9 117.5 121.6 123.8 128.7 138.2 147.9 150.7 154.7 160.7 163.3 164.8 165.9 168.9 171.2 174.5 175.5 179.2 179 181.2 176.4 173.6 177.8 180.4 182.2 183.4 183.9 183.3 184 185.3 185.8 184.7 183.8 185.2 185.8 185.3 184.7 182 181 176.3 171.7 157.7 170.2 167.7 169.8 173 175.4 176 175.5 172.8 158.9 165.4 167.3 168.8 173.2 178.2 184.1 191.5 201.5 213.6 223 237.5 249.2 256.2 259.5 262.9 258.7 250.3 229.8 220.1 243.6 286.3 307 298.3 284.5 276.6 266.8
110.5 114.9 116.8 117 119.7 122.6 126.5 132.9 141.4 148.6 155.9 156.8 160.4 163.7 166.5 167.8 169 172.6 176.6 178.3 177.9 177.3 179 175.6 173.5 181 182.5 182.4 182.6 182.6 183.2 187.7 188 188 189 188.7 191.4 193.2 193.6 192.1 191.7 189.8 187.7 182.5 181.2 166.7 175.7 172.6 179.4 182.7 185.2 186.7 186.5 184.7 167.3 175.3 175 179 186.1 191.9 198.2 208.3 220 229.4 246.4 264.8 277.3 276.5 276.1 282.7 279.2 275.7 264.8 246 273.6 317.5 330 332.8 323 316 309.7
127.2 133.1 136.4 136 136.4 138.6 140.6 142.8 149.4 155.7 158.9 160.9 164.2 166.9 168.2 169.8 173.1 176.7 178.9 179.7 179.4 174.8 174.1 173.4 175.9 179.7 181.3 181.6 181.6 181.6 183.3 187.8 191.5 193.8 194.5 197.4 202.4 206 203.8 201.3 200.6 199.1 193.8 189 186 167.4 179.2 185 188.5 192.8 195.8 196.8 196.8 194.4 176 183.9 186.7 190 197.6 203.2 211.4 221.9 233.7 249.6 269.4 284.2 290.7 291.4 294.8 295.2 295.4 296.6 296.4 281.1 285.9 332.1 344 355 355.8 349.6 346.8
147.1 153.2 154.6 151.9 152.8 155.3 154.8 153.8 156.3 158.8 161.6 165.7 168.8 169.8 169.8 171.3 173.9 176 177.5 177.7 175.9 172.9 172.8 174.9 174.9 177.9 179.1 179.7 180.9 182.6 184.1 190.2 197.7 199 201.4 204.8 209.2 216.3 217 211.7 210 205.3 200.9 193.3 185.5 172.3 177.8 193.3 197.4 202.1 204.8 206.8 206.2 201.3 180.9 192.5 197.3 200.3 208.7 218.1 225.3 235.8 249.8 267.4 283.1 292.3 297.9 302 308.5 310.3 311.6 309.3 307.5 302.3 306.4 334.2 344.4 353.2 361.6 368.8 371.6
164 169.6 169.9 165.2 162.2 162 160.4 159.1 159.6 161.3 164.8 168.9 169.3 170.9 170.2 171.2 172.4 173.6 173.3 172.9 172.9 172.9 175.1 174 174.4 175.9 177 178.8 180.8 183 185.9 195.5 199.4 201.6 204.4 207.3 210.6 214.4 221.1 221.1 217.9 210.8 206.3 197.1 186.4 181.6 189.8 201.6 206.6 211.3 214.3 214.1 213 203.9 198.2 200.5 206.8 212.7 219.2 227.5 236.6 247.2 263.5 277.8 289.9 298.5 304.7 311.6 314 320.5 324.1 324.5 321.1 316.2 325.2 336.8 346 358.5 371.3 380.6 383.6
