public/OST50/NY01.asc
ncols 200
nrows 200
xllcorner 300000
yllcorner 510000
cellsize 50
[rows 0 to 35 of 200, columns 0 to 80 of 200]
143.3 144.3 145.9 146.9 147.6 145.3 142.9 140.5 138.5 137.4 138.2 139 139.3 138.9 139.2 140.1 141 141.8 143.1 143.5 143.8 143 142.1 141.8 142.7 144.4 145.3 145.2 145.1 144 133.2 139.6 143.9 148.4 152.4 155.5 157.9 160.2 162.6 164.3 166.5 168.8 171.3 174.8 179.7 183.1 186 187.2 189.4 191.6 193.6 196.4 199.8 203.4 205.9 207.9 207.9 205.4 203.9 201.2 197.6 193.8 190.7 187.6 186.7 186.2 185.9 185.4 186 186.9 186.4 185.2 182.9 182.4 184.1 184.8 185 181.9 176.2 170.3 164.5
141.1 142.3 143.7 145.6 146.9 145.2 143.2 139.8 137.3 136 137.1 137.9 137.9 137.9 138.6 139.4 139.9 140.9 142 142.2 142.4 141.6 140.9 141.2 142.5 144.1 145.2 145.3 145.3 140.6 131.9 141.5 145.7 149.3 153.6 156 157.6 159.9 161.9 164.2 166.6 169 172.2 176.7 181.5 184.5 186.1 187.6 189.5 191.6 194 196.9 199.9 203 205.4 207.4 206.2 203.6 200.7 197 193 189.4 186.5 184.8 183.4 183.1 182.6 182.6 183.1 183.6 183.3 182.1 180.7 179 181.3 181.8 181.1 176.4 170.6 165.6 160.7
139.9 141 142.1 144.1 145.5 145 143 139.8 137.4 135.5 136.3 136.4 136.2 136 137.9 138.7 138.6 140.1 141 141.3 141.1 140.2 139.6 140.6 142.5 144.3 145 145.1 144.1 133 136.3 143.3 147.5 150.9 153.8 154.9 156.6 159.2 161.6 163.9 166.6 169.8 173.3 178.7 182.6 185.4 187.3 188.9 190.4 192.4 194.6 197.5 200.3 202.6 205 206.2 204.4 201.7 197.2 190.7 187.9 185.7 184 182.3 180.9 180.2 179.3 179 179.3 180 179.5 178.8 178.2 174.9 177.3 177.2 175.7 170.8 166.4 162.4 157.4
139.2 139.6 140.6 142.4 143.7 144 142.6 139.6 137.1 134.7 135.4 135.5 134.7 134.3 136.2 138.1 138.5 139.8 140.4 140.8 140.2 139 138.8 140.5 142.2 144.1 144.8 144.8 138 131.9 139 144.4 148.9 151.4 151.9 152.7 155.7 157.8 161.6 164.2 167.3 170.4 174.3 179.8 184.4 187 189.7 191.1 192.4 194 196 198.5 200.6 202.8 204 204 202.3 199.4 194.4 188.2 185.2 183.1 181.8 179.7 178.3 177.4 177.1 175.7 175.3 176.4 176.3 176 175.2 173.5 170.7 172.5 169.6 164.9 161.4 158.7 154.9
138.9 138.7 139.7 141.3 142.3 143.1 141.2 138.5 135.9 133.5 135.3 134.8 133.4 133.3 134.5 136.5 138.2 139.1 139.7 139.8 139.1 137.8 137.8 139.6 141.6 142.7 143.5 142.6 131.8 131.9 139.9 145.6 149.5 151.5 149.2 153 156.2 158.6 162.8 165.5 168.1 171 174 180.5 187.1 185.5 191.8 192.9 194.2 195.6 197.2 199.1 201.3 202.1 201.9 201.5 199.5 195.4 190.4 185.6 182.6 180.5 179 177.6 176.2 175.3 174.3 172.6 172.5 173.2 173.6 173.1 171.9 169.9 165.6 166.4 164.6 160.1 156.9 154.7 152.8
138.7 138.5 139 140.3 141.3 142 140.1 137.5 134.9 132.4 135 134.3 132.1 132.3 133.8 135.2 137.1 138.1 139 138.6 137.8 136.5 137 138.9 140.7 141.8 142.1 140.6 131.6 132.8 139.1 142.9 147.7 146.6 150.3 154.3 157.4 160.4 164.1 166.7 169.6 172.4 175.6 181.2 188.6 192.6 193.7 194.7 195.9 197.2 198.6 200 201.3 201.2 200.3 198.1 195.4 190.9 186.3 182.7 180 178.1 177.2 176.1 174.9 174.1 172.3 170.4 170.1 169.6 170.7 170.8 169.3 166.1 163.6 162.3 159.3 156 153.8 152 150.8
138.7 138.6 138.9 139.5 140.6 141.3 139.5 136.9 134.2 131.4 133 133.5 131.1 131.5 132.9 133.9 135.9 137.4 138.3 137.8 136.5 135.1 136.4 138.2 139.6 140.5 140.1 135.3 130.8 135 139.6 144.4 147.3 149.4 152.4 155.3 159.3 162.7 165.3 168 171 174.4 178.9 184.4 190.3 194.8 196.7 197.1 197.7 198.3 199.6 200.6 201.1 199.6 197.9 195.4 191.6 186.6 183.1 179.9 177.7 175.8 175.4 174.7 173.8 172.6 170 168.2 166.2 167 167.4 167.2 165.9 162.6 160 156.1 154.7 152.5 151.1 149.3 148.8
138.7 139.1 139.3 139.8 140.7 140.8 138.9 136.2 133.4 131.4 129.8 131.6 129.3 131.8 132.7 133.5 135 136 137.5 136.7 135.3 133.9 135.8 137.5 138.6 138.8 130.5 128.7 130.8 137.3 143.3 146.9 149.8 152.5 155 158 160.9 163.7 166.5 169.5 173.4 177.5 183 188.1 192.9 197.3 199.4 200 199.7 199.1 199.5 200.3 200.1 197 195.1 192.4 188.5 183.7 180 177.7 175.5 173.9 172.9 173.5 172.6 170.3 167.2 164.3 161.6 163.6 163.9 163.5 161.9 159 157 154.6 148.1 148.7 147.6 147.1 146.6
138.7 139.1 139.3 140.1 141 141 138.5 135.4 133.9 131.9 129.3 128.6 128.2 131.2 132.5 133.4 134.5 135.1 136 135.4 134.3 133.7 135.4 136.8 138.1 136.1 127.7 129.4 134.7 140 143.4 146.3 150 152.8 156 158.8 161.8 164.6 167.7 171.1 175.1 179.4 186.1 190.7 195.2 199.2 200.7 201.2 200.1 199.1 198.9 198.7 197.8 194.7 192.1 189.2 184.7 180.1 177.9 179 172.9 170.9 168.7 171.1 169 166.4 164.7 162.1 159.3 159.4 160 159 157.4 155.7 154 151.6 148.3 145.3 141.2 144.8 144.1
138.2 138.6 139.5 140.6 141.4 141.1 138.1 134.9 133.3 132.1 130.4 127.8 127.2 130.5 131.8 133.1 134 134.6 134.8 133.8 132.8 133.5 135.5 137.1 138 135.9 127.1 130.3 135.9 140.1 143.4 146 148.9 152.6 156.3 159.6 162.8 165.6 168.6 171.6 175.8 182 189.9 192.9 197 200 201.7 202.2 200.9 198.7 196.8 196.1 194.7 191.7 188.7 185.1 180.9 177.9 174.8 172.9 170.1 166.5 165.3 166.8 164.4 162.2 160.6 159.1 155.2 156.2 156.6 155.4 153.5 152.3 150.9 149.2 147 145.2 142.4 134.1 135.8
137.8 138.5 139.5 140.7 141.8 141.3 138.4 135 133.1 132.1 130.7 128.6 125.9 128.8 130.8 132.2 133.4 134.2 133.8 132.5 131.4 133.3 135.1 136.7 137.5 129 126.3 132 136.3 139.3 141.4 144.4 147.8 152.8 157.1 160.5 163.9 167.3 169.8 173.9 182.2 189 193.2 195.5 198.7 201.1 202.4 202.4 201.1 198.6 195.7 192.6 191.1 187.9 184.7 181 177.6 174.6 171.7 168.5 165.9 162.5 162.2 162.8 158.5 157.4 156.4 154.6 151.8 152 152.7 152 151.2 150.2 148.3 147 145.5 144.1 142.1 136.5 126.6
137.4 138.3 139.2 140.1 141 141 138.7 135.8 133.3 132.5 130.8 129.2 124.6 128.2 130.4 131.4 132.6 133.5 132.9 131.5 131.4 133.2 134.4 135.6 136.9 125.9 124.9 129.9 134.6 137.1 140.5 145.4 149.7 154.4 157.7 161.2 164.9 168.5 172 177.8 186.8 192.8 196.3 196.9 199.4 201.4 202.6 202.3 201 198.1 194.6 190.2 186.3 183.8 180.7 177.2 174 171.1 168.1 164.5 161.3 158.8 158.6 157.5 153.7 152.8 151.9 150.8 148.5 149.2 149.6 149.8 149.3 148 146.2 144.2 144 142.3 139.7 128.6 121.9
136.5 137.4 138.2 139.2 140.2 140.2 138.1 135.8 133.4 132.4 130.8 129.3 124.5 127.7 130 130.9 131.9 132 131.6 129.9 131 133 134.4 135.8 137 129.8 122.9 127.5 134.5 138.1 143.5 147.1 151.4 155.1 158.4 161.9 165.6 170.4 174 181.8 189.5 197.1 199.4 199.5 200.2 201.7 202.2 201.9 200.3 198 192.9 188.6 183.2 180.7 177.1 173.7 170.7 167.1 163.9 160.4 157.6 154.3 154.2 152.2 149.8 147.8 148.5 147 145.9 146.5 147.8 147.8 147.4 145.8 144.3 141.7 140.8 138.9 131.3 120.8 127.9
135.5 136.3 137.5 138.5 139.5 139.4 137.3 135 133.2 131.9 130.2 128.2 124.5 127 129.5 130.5 130.9 130.3 129.8 128.8 130.6 132.3 134.4 136.3 136.6 123.7 124 129.4 135.7 140 145.1 148.3 152.1 155.9 159.3 162.6 167 175.7 180.7 187.7 194.9 200.6 203.5 204.7 202.1 202.7 201.7 200.4 199.2 196.7 192 186.5 181.8 177.6 174 170.4 167.7 164.7 161.4 158.1 154 149.6 150.2 147.4 145.3 144.1 143.4 144.6 142.6 144.9 146.1 145.9 145.3 143.4 142 138.3 131.6 129.8 121.4 128.8 138
134.5 135.5 136.5 138 138.7 138.5 136.4 134.3 132.7 131 129.4 127.4 124.4 127.1 129.2 129.9 130.2 130 128.4 128.6 130.3 132.1 134.5 136.6 134.5 122.5 123.2 130.9 136.3 141.1 145.6 150.3 153.5 156.9 160.2 163.6 169.5 180.1 187.5 194 199.5 203.6 207 208.5 204.8 202.7 200.1 197.2 196.9 194 190.3 186 181.2 177 171.6 167.7 164.5 161.8 158.5 155.5 150.2 144.9 145.9 143.1 140.8 139.9 140.4 141.6 140.8 143.4 145.2 144.8 142.6 139.6 136.8 128.4 123.3 121 121.9 134.6 141.1
133.6 134.7 135.8 137.2 137.9 137.5 135.4 133.3 131.7 130 128.4 126.4 125.3 128.2 130.4 130.5 129.6 129.5 127.5 128.1 130.3 132.1 134.3 136.9 135.1 123.8 122.2 132.4 137.6 142.8 147.1 151.3 154.4 157.6 160.9 164.8 174.7 186.7 193.8 200.3 203.4 206.5 208.6 209.2 205.8 201.7 197.9 194.4 193.6 190.9 188.1 184.5 180.3 176.2 170.8 166.2 161.7 157.9 154.8 151.1 145.9 141.3 139.9 138.4 137.4 137 138.1 136.7 138.7 140.9 142.9 141.3 137.4 131.8 122.1 118.8 119.7 121.9 132.6 142.2 145.8
133 134.1 135.2 136.5 137.2 136.2 134 132.2 130.5 128.9 127.3 124.5 126.1 130 131.8 130.4 129.3 128.6 125.7 127.7 130 132.2 136.3 135.7 131.7 121.7 124.9 133.2 139.5 144.6 148.5 152.3 155.2 158.2 161.7 166.4 180.4 190.3 197.5 203.4 205.9 207.2 208.2 207.8 205.1 200.4 194.8 191.6 188.9 187.7 185.6 183.6 179.1 175.1 170.3 165.9 159.6 154.3 149.9 146 141.4 139.4 134.5 134.3 133.4 134.1 132.8 133.4 135.5 137 138.8 137.6 134.4 122 118.5 125.2 125.8 130.8 137.1 146.7 150.4
132.3 133.5 134.7 135.7 136.3 134.7 132.8 131.1 129.4 127.7 126.1 123.1 128.1 132.5 132.7 130.1 128.3 127.6 124.9 127.3 130.6 132.3 134.7 133.7 126.2 122 130.3 137.2 141.7 145.5 149.5 152.9 156.1 159.2 162.3 170.7 184 192.6 199 203.8 206.2 206.5 205.5 205 201.8 197.6 193 187.9 185.3 184.2 182.5 180.7 177.5 173.1 168.3 164.6 158 153 147.4 141.2 137.9 135.7 132.3 131 129.1 129.5 128.8 131.2 133 134.5 134.5 133.1 122.9 119 121.8 135.9 138 141.3 145.3 150.3 153.8
130.6 132.8 134 134.9 135.2 133.5 131.6 130 128.2 126.6 125 124.8 130.1 132.7 131.9 129.4 127.6 125.4 124.7 128.1 130.2 132.5 134.1 131.6 123.3 122.9 132.3 138.5 142.5 146.3 150.3 153.4 157 160.7 164.1 173.3 186.4 194.2 199.6 203.2 204.9 204.1 202.5 201.3 198.8 194.6 189.4 184.3 183.1 180.6 178.5 176.8 174.7 170.6 166.5 162.3 156 151.7 144.8 138.6 134.3 130.7 128.2 127.5 126.6 126.5 125.2 129.3 130.4 130.9 129.9 120.3 118.7 115.9 129.5 138.8 142.2 146.5 151.6 155.7 158
129.9 131.9 133.2 134.3 134 132.3 130.4 128.8 127.1 125.5 124 125.7 130.2 131.5 130.1 127.8 125.5 121.7 122.6 128 130.1 132.7 132.5 129.2 116.5 124.1 133.7 138 142.4 146.7 151 154.6 158.5 162.3 168.4 179 188.3 195.8 199.5 201.5 202.7 201.4 199.6 197.2 194 190.8 185.2 180.8 179.3 176.8 174.2 173.3 171.8 167.8 163.7 159.6 154 148.3 141.4 136.1 132.8 126.5 124.9 123.7 124 123.3 124.2 126.9 126.6 125.1 117.7 117.2 115.9 128.4 137.8 142.8 145.3 150 156.6 160.6 160.3
129.2 131.2 132.2 133.3 132.3 130.7 129.2 127.6 125.9 124.6 123.9 126 128 128.7 127.6 126.3 123.4 118.5 124.3 128.2 131 132.7 130.2 127.1 114.2 125.8 134.9 138 141.4 146.2 151.1 155.8 160 164.3 173.5 182.8 190.2 196.6 199.6 200.1 200.1 198.6 195.9 192.9 189.7 185.4 179.8 176.6 175.1 172.8 170.5 169.9 168.9 164.9 160.9 156.5 151.9 144.9 138.9 132.6 129.3 122.9 121.3 120.7 121.4 118.9 119.2 115.6 115.4 114.9 114.7 122 132.9 138.3 142.8 146.5 149.3 154.7 159.5 163 162.7
128.5 129.9 130.8 132.1 130.9 129.2 127.6 126.3 124.7 122.6 122.6 124.1 123.9 123.7 124.1 124.5 121.1 117.6 124.1 127.7 129.7 130.1 128.5 124.1 113.4 126.6 134.4 137.7 141.2 145.9 150.8 155.8 161.5 168 178.5 185.8 192.4 196.7 199.2 198.8 197.6 196.3 193 189.2 184.7 179.2 174.5 172 169.8 168.4 165.6 166.4 165.3 160.6 154.9 150.7 148.5 141 136.5 130.9 124.9 119.6 118.9 118 117.6 115.5 114.5 114.7 117.6 120.1 124.5 129.3 136.7 143 147.1 150.2 153.1 157.9 161.9 164.4 164.1
126.6 128.2 129.5 130.8 129.6 127.6 126 124.7 123.6 122.7 121.6 120.7 119.6 119.4 122.8 122.1 117.2 119 123 125.7 125.8 127 125.9 118.2 117.1 126.9 132.6 137.1 141.4 145.9 150.9 156.6 163.4 172.8 182.2 188.6 193 197.1 197.5 196.9 195.2 193.2 189.5 184.4 179.2 173.9 170.5 167.5 166.2 162.8 161.3 160.6 158.8 155.6 151.2 147.7 144.8 138.8 133 127.6 122.1 118 116.4 115.2 114.6 113.5 112.5 115.9 121.8 126.1 130.6 135.3 142 146.7 150.2 153.2 156.3 160.6 163.8 165.4 166.2
123.5 125.3 127.7 128.9 127.4 125.6 124.6 123.4 122.4 121.6 120.7 117.6 113.7 115.4 118.6 119.1 112 118.3 122.3 122 122.5 123.7 122.6 114.6 117.3 127.9 132.2 137 141.6 146.2 151.3 158.6 166.3 175.5 184.4 188.7 192 194.8 196.1 194.7 192.2 189.4 184.7 179.9 174.2 169.3 166.6 163.8 161.1 158.7 157.2 155.3 154.4 152.3 148 144.1 138.4 134.5 129.4 123.6 118.7 114.4 113.9 112.8 112.3 111.7 115 123.7 127.5 131.2 136 141.1 145.8 149.5 152.9 156 159.3 162.4 165.3 166.9 167.9
125.9 122.7 124.3 125.5 124.9 123.7 122.9 122.1 121.2 120.4 119 116.7 110.7 108.9 113.6 113.9 110.2 114.2 115.2 116.4 119.4 118.5 116.2 113.1 118.5 126.9 133.3 137.9 142.8 147.5 153 162.8 170.5 176.6 183.8 187.8 190.4 192.2 193.1 191.4 188.8 185 180.2 174.9 169.2 164.7 161.8 159.7 158.4 155.4 153.6 152.5 149.9 147.5 142.3 138.1 133.3 129.8 125.4 117.9 113.4 113.2 112.3 111 114.1 116.8 123.1 127.8 132.5 136.7 140.6 144.7 148.6 151.7 154.9 158.2 161.6 164 165.7 167.6 169
126.1 124.5 120.1 121.8 122.6 121.9 121.1 120.3 119.1 118.2 116.9 116 112.3 106 108.5 109 108.9 110 110.3 110.9 111.6 110.2 111 113.5 120.9 127.5 134.5 139.6 144.4 149 155.6 165.6 172.3 176.7 183 187 189.5 189.9 188.9 187.2 184.8 180.9 176.1 170.5 165 161.2 157.8 155.2 154.4 152.1 149.3 149 145.8 141.9 136.7 131.9 127.5 123.2 117 110 109.3 110.1 109.6 113.1 119.2 123.3 126.4 130.7 135.3 139.8 143.4 147.2 150.8 153.9 156.6 159.8 162.4 164.3 165.7 168 169.2
125.4 125.5 122.1 116.4 117 119.1 119.3 118.5 117.2 115.8 115 114.7 111.7 105.2 106.6 105.7 106.1 106.3 106.8 113 116.8 120.2 122.9 121.7 129.7 133.9 135.4 142.9 146 150.6 158 166.9 173.5 176.8 181.9 186 188.5 186.8 185.1 183.8 181.4 177.2 172.6 167.5 162.8 158.7 154.9 151.6 150.9 149.1 145.5 142.9 138.4 132.4 129.7 125.2 119.6 112.6 107.6 108.4 112.6 112.8 115.1 115.9 119 123 127.4 133.8 138.5 142.4 145.9 149 152.5 155.2 157.9 159.9 161.8 163.6 165.6 169.1 170
124.8 124.7 123.9 119.9 114.1 113.3 116.5 116.6 115 113.6 113.3 113.3 107.9 103.6 102.2 102.7 107.6 112.8 118.4 123.8 126.6 129.2 131.4 134.2 136.7 138.7 139.7 144.8 148 152.4 159.6 168 172.2 175.9 180.5 185.1 186.5 185 182.6 181 178 174.1 169 164.5 160.9 156.5 151.8 147.4 147 143.6 140.8 136.1 130.5 128.1 121.3 114.9 107.1 105.6 108.3 115.7 117.5 118.9 120.1 121.7 122.2 124.9 128.9 135.4 139.8 144.2 148.7 151.4 153.4 156.2 158.2 159.8 161.3 163.5 166 169.8 173
123.7 123.2 122.4 119.7 115.4 109.9 113 113.6 112.2 111.2 108.2 102.9 100.9 100.2 104.8 108.3 112.8 119.1 123.5 127.3 130.9 133.9 137 139.1 140.8 142.2 143.8 146.2 150 153.8 161.5 168.1 171.7 175.2 179.9 183.2 184.4 182.7 180.7 178.7 175 170.6 165.3 161.4 157.7 154 148.1 143.8 142 138.8 137.2 133.6 126.6 121.3 114.7 105.8 108.3 115 111.9 116.6 120.8 122.9 125.3 127 127.5 127.6 132.3 137 141.6 146 149.5 151.6 154.1 156.6 158.1 159.7 160.8 163.2 165.8 168.8 174.5
122.6 121.4 120.2 118.6 114.8 112.5 107.7 110.4 110.1 106.2 101.9 100.7 102.3 105 109.5 112.9 116.4 122 125.5 129.5 132.8 135.9 139.2 141.7 143.4 145.3 147.1 148.8 151.6 155.8 163.7 168.2 170.4 173 176.7 181.3 181.5 180.5 178.5 176.4 172.2 166.9 161.9 158.2 154.4 150 143.5 141 138.6 135.2 133.5 129.4 125.3 118 106.5 106.6 115.9 117.3 115.4 118.4 123.3 125.8 128 129.1 129.2 128.6 132.8 137.9 143 147.4 149.8 151.9 154.7 156.6 158 158.9 160.5 162.8 165.4 168.2 173.3
122.1 119.9 116.8 114.1 112.4 111.6 101.3 107.4 107.7 101.8 100.1 100.7 103.7 107.9 111.9 115.7 120.3 124.8 127.7 130.9 134 137.2 140.3 143.2 145.8 148 149.7 151.6 154.1 158.7 163.6 166.8 169.3 171.8 175.2 178.6 178.7 177.9 175.5 172.9 168.5 163.7 158.1 155.4 149.9 144.5 139.5 138.2 135.9 132.8 131 125.6 124.1 107.6 103.6 116.1 117.9 119.3 119.5 121.9 124.9 127.7 129 130 130.6 130 133.1 138.5 143.1 147.6 150 152.6 155.3 156.8 157.3 158.2 159.9 162.6 166.4 168.5 170.9
122 119.3 115.5 112.4 108.4 105.8 101.1 103.4 100.8 100 99 101.8 105.9 110.1 114 117.7 121.7 125.9 128.9 131.1 134.1 137.3 140.8 144 147.3 150.6 152.5 154.7 157.1 161.1 163.7 165.7 168.3 170.8 173.6 175.9 176 174.8 172.5 169.2 164.3 159.2 154.6 151.4 145 139 135.2 134 132.3 129.8 127.9 124.1 115.9 105.1 112 117.8 119.4 121 122.6 124.4 126.7 128.4 129.7 130.7 131 130.7 134 138.8 144.1 147.7 149.8 152.9 155.3 156.6 156.3 158.1 159.6 163.1 167 169.7 170.7
118.6 114.4 111 106.6 103 101.3 99.7 99.4 99.1 98.7 99.3 103.5 107.8 111.9 115.9 119.5 123 126.9 128.8 130.9 134.2 137.5 141.3 145.7 149.2 152.8 155.6 157.9 160.2 163.2 163.5 164.1 166.4 168.8 171.1 173.2 173.2 171.7 168.8 165.4 157.4 152.7 149.8 146.4 140.1 134.9 131.9 128.2 127.6 126.1 124.4 120.8 109.4 102.6 113.5 118.7 120.3 121.9 123.9 126.3 127.6 129 130.2 131 131.2 131.6 133.5 138 144.1 147 149.8 153.2 155.5 155.9 155.9 157.9 160 163.8 167.3 169.6 171.9
114.2 109.4 105.4 102 99.8 98.8 98.7 98.4 95.7 98.7 100.4 104.4 109.5 113.8 117.2 120.5 124.3 126.7 128.6 130.9 133.9 138.5 142.8 148.1 151.8 155.6 158.6 160.9 162.7 162.6 161.9 162.6 163.9 165.9 168.1 170.1 170.2 168.7 165.8 160.9 153.4 147.2 144.9 141.6 135.7 131.4 128.9 126.3 124.6 124.1 121.7 119.2 103 103 114.9 119.7 121.2 122.8 124.6 127.1 128.7 129.1 130.5 131.3 131.3 131.9 133.9 138.4 143.4 146.6 149.9 153.6 154.8 154.5 155.9 158.1 161.1 164.6 167.5 169.9 172.2
110.4 105.4 101.6 99.5 98 97.5 97.6 97.4 97.3 99.7 102.6 106.7 111.3 114.6 118.2 121.7 124.6 126.4 128.2 130.5 133.7 138.1 144.4 149.7 153.9 157.9 161.2 163.8 164 162.9 161.3 160.6 161.9 163.5 165.1 166.4 166.7 165.2 161.8 156.9 149.1 143.3 141.6 137.5 132.6 128.4 126.1 124.6 122 122.2 120.4 112.6 101.8 107.5 118.1 120.9 122.2 123.5 125.9 128.2 129.5 129.2 130.4 131 131 132.2 134.2 137.4 142.8 146.6 150.5 152.8 153.6 153.7 156 158.3 161.9 165.5 168 170.4 172.3
108.2 103.9 100 97.6 96.4 96.1 96.3 95.5 98.5 101.8 105.8 109.6 112 115.3 119 122.4 123.8 125.2 127.2 130.3 133.1 138.9 145.3 150.6 154.8 159.7 162.9 164.5 163.9 162.2 159.8 158.4 160.1 160.4 160.6 162 162.8 161.4 158.3 153.4 144.8 139.6 137.5 134.4 130.7 126.6 124.9 123.1 121.5 119.3 119.2 112.8 101.1 114.4 119.5 122.1 122.5 124.6 126.9 129.1 129.4 129.3 130.3 130.5 131.6 132.8 134.1 137.9 142.4 146.5 150.1 151.9 150.6 153.2 155.5 159 162.3 166 168.6 171.1 172.5
