public/OST50/NY02.asc
ncols 200
nrows 200
xllcorner 300000
yllcorner 520000
cellsize 50
[rows 72 to 107 of 200, columns 0 to 81 of 200]
35.9 37.6 37.3 32.8 32.6 33.7 37.1 43 49.3 55.1 58.9 61.2 60.7 60.6 60.8 60.7 61.3 62 63.2 64.6 66.6 68.7 71.1 74.4 76.9 78.7 80.1 80.9 80.6 80.4 80.5 80.5 81.8 83.6 85.1 87.8 90.2 92.9 95.1 97 99.1 101.2 103.1 105.1 106.9 109.5 112.3 115 118.6 122.8 127.7 131.8 135.1 136.2 139.4 135.9 131.2 128.5 126 124.3 121.5 119.2 115.4 113.3 109.3 105.1 101.6 100.1 99.1 97.1 95.2 93.1 92 91 90.1 88.9 86.5 84.1 81 79.8 79.7 77.9
40.1 41.2 39.3 34.1 33.5 35.4 40.2 47.4 53.1 58.3 60.5 60.5 60.2 61.1 61.1 60.6 61.4 62.4 63.5 65.1 67.4 69.7 72.6 75.5 77.5 78.5 79.6 80.7 81.2 81.5 81.5 82.2 83.5 85.1 86.6 89.2 91.7 94 95.8 97.7 99.4 101.5 103.3 105.2 108.1 110.8 114.4 117.7 121.9 126.1 130.4 133.2 134.7 137.7 138.6 134.5 131.5 129.1 127.1 125 122.5 119.8 116.1 112.7 108.5 104.6 102.5 101.3 99.3 97.4 95.1 93.4 92.5 91.6 90.4 88.3 85.8 83.4 81.4 79.6 78.4 76
44.4 40.8 39.1 35.7 35.8 39.8 45.3 51.2 56.1 59.8 61.2 59.8 60.4 60.8 60.6 60.7 61.7 62.7 63.7 65.7 68 70.9 73.5 75.4 76.8 78.1 79.5 81 81.4 81.8 82.6 83.5 84.8 87 88.5 90.6 92.4 94 95.8 97.8 99.8 101.9 104 106.6 109.1 112.7 116.5 120.4 124.4 128.2 130.6 132.9 134.4 134.1 133.5 132.2 130.4 128.7 126.8 124.8 122.9 119.7 116.9 113.2 110.2 106.4 103.3 101.7 99.7 97.6 95.8 94.5 93.3 92 89.8 87.6 85.4 83.7 81.7 79.9 78.2 78.7
42 38 37.8 40.1 39.9 44.6 49.3 54.3 58.4 60.3 59.4 59 59.9 59.8 59.6 60.4 61.6 62.6 64.6 66.8 68.6 71.1 73.1 76.4 77.9 78.7 79.6 81.1 81.5 82.1 82.9 84.1 85.6 88 89.2 90.9 92.6 94.5 96.7 98.5 100.6 103 105.4 108.2 110.9 115.1 119 122.6 125.7 128.5 130 131.2 131.8 131.2 130 129.3 128.5 127.6 126.4 124.3 122.2 120.2 119.2 117.2 114.2 109.8 104.7 102.8 101 99.4 97.7 94.8 92.8 90.9 88.9 87.2 85.7 83.9 81.7 79.7 79.2 80.3
36.5 36.7 37.3 41.4 42.8 46.9 51.4 56.5 59 58.3 57.6 58.8 58.9 58.8 58.9 60.1 61.2 63.3 65.5 67.7 69.7 71.9 74.9 77.9 78.9 79.4 80 81 81.6 82.3 83.5 85 86.5 88.2 89.8 91.2 93.1 95.4 97.6 99.8 101.7 104.3 107.2 110.1 113.5 117.1 120.8 123.3 126 128.3 129.4 129.1 128.7 128.2 127.8 127.4 126.5 125.9 125.3 123.3 122.1 121.3 120.5 118.7 115.6 112.6 109.6 107.1 103.6 100.4 96.8 93.9 91.3 88.7 87.6 86.3 84.5 82.8 80.8 79.7 80 81.1
36.3 37.4 40.5 42.7 45 48.9 53.7 57.1 57.2 56.5 57.6 58 57.8 57.6 58.2 59.2 61.4 64 66.2 68.6 71.4 74 76.1 78.2 79.1 79.7 80.3 81 81.6 82.4 83.5 85.1 86.8 88.3 90.1 91.7 94 96.3 98.7 101.8 104.1 108.1 110 112.1 115.5 118.9 122.4 124.3 126.3 127.5 127.8 127.6 126.8 126.4 126 126 125.6 124.9 124.3 123.9 123.2 122 120.3 118.5 116.2 115.3 113.1 110.6 105.8 100.6 96.4 93 90.8 88.5 86.8 85.9 83.9 82 80.9 80.8 81.6 82.4
37.1 38.9 41.2 43.8 47.2 50.6 54.4 55.4 55.2 56.3 55.6 54.9 55.2 56.5 57.8 59.4 61.9 64.5 67.3 70.2 73.1 75.1 76.7 77.7 78.4 79.1 79.7 80.4 81.6 82.6 83.6 85.1 86.5 88.2 90.5 92.5 94.9 97.2 100 103.3 105.6 114.8 118 114.9 117.2 120.6 123.1 124.8 126.1 126.9 126.6 126.1 125.4 125.3 125.3 125.4 125.1 124.7 124.3 124 122.9 121.3 119.7 118.1 117.2 117.2 116.1 112.1 107.2 102.5 98.4 94.4 91.2 89 87.1 85.2 83.7 82.8 82 82.4 83.1 84.2
36.9 38.6 41.7 45.1 48.5 51.9 52.8 51.9 53.2 52.3 55.3 55 56.2 57.3 58.8 60.2 62.4 65.4 68.4 71.4 73.7 75.2 76.2 77 77.7 78.4 79.4 80.3 81.6 82.6 83.7 85.2 87.1 88.9 90.9 93.2 95.6 98.1 101.1 104.3 110.2 119.5 119.3 119.4 119.1 121.6 123.2 124.9 125.5 126.1 125.6 124.7 124.8 124.6 124.6 124.9 124.4 124.3 124.2 123.6 122 120.5 119.5 118.5 118.6 118.8 117.9 114.5 109.6 104.9 100.8 96.7 92.5 90 87.7 86 84.7 83.6 83.6 84 84.6 85.6
37.4 39.4 43.1 46.5 49.1 48 47.9 48.6 52.1 52.3 53.4 55.5 56.9 58 59.9 61.3 63.6 66.5 69.6 72 73.7 74.7 75.5 76.6 77.6 78.6 79.4 80.2 81.5 82.6 84.3 86.3 88.1 90.4 92.7 95.2 97.8 100.1 102.8 105.7 119.8 119.3 119.2 119 118.8 122.2 123.6 124.3 124.7 125 124.3 123.9 124.2 124 124 124.3 124.1 123.5 123.4 122.5 121 120.2 120.8 120.2 120.2 120.6 120 117.6 112.5 107.3 103.1 98.9 94.7 91.4 88.8 87.1 85.8 85.1 85.2 85.5 86.3 87
37.9 40.4 44 47 46.3 47.2 51.1 54.9 58.5 56.6 55.6 55.4 56 57.6 58.8 61.3 64.1 67.8 70.3 72 73.6 74.7 75.8 76.8 77.9 78.9 79.6 80.6 81.8 83.2 85.3 87.4 89.4 92.1 94.7 97 99.5 102.8 105.2 111.7 116.3 118.9 118.8 118.7 118.8 118.9 122.7 123.5 124 123.8 123.4 123.1 123.5 123.5 123.9 123.8 123.2 122.7 122.1 120.7 119.9 120.5 120.7 120.9 122.5 122.4 122.2 120 114.9 110.2 105.9 101.5 97 93 90 88.2 87.4 86.8 86.8 86.9 87.6 88.3
37.7 40.3 47 43.4 44 49.7 53.2 58.3 58.3 58.2 56.9 57.1 57.6 58.5 61.7 64.3 66.8 68.7 70.5 72.4 73.8 74.9 76 77.1 78.1 79.1 80.1 81.6 83.1 84.4 86.5 88.6 91.2 94 96.6 98.8 101.1 104.3 107.7 111.2 113.8 116.8 118 118.6 118.7 118.8 119 121.6 123.4 123 122.6 122.4 122.8 123.1 123.8 123.8 123.1 122.2 121.1 120.3 119.5 120.8 121 123.4 124.5 124.3 122.9 120.9 117.1 112.5 108.1 103.6 99.3 95 91.9 90 89.1 88.4 88.4 88.5 88.9 89.4
38.6 42.4 42.1 43.3 45.4 47.1 49.7 52.5 52.9 55.5 57.5 58.3 59.2 60.5 62.5 65.5 68 70.3 70.9 72.6 73.8 75.1 76.1 77.2 78.3 79.6 81.3 82.9 84.6 86.3 88.2 90.7 93.3 96 98.6 100.8 102.9 105.8 108.9 111.3 114.1 117.6 118.1 118.5 118.6 118.7 118.8 121.6 118.7 121.9 121.7 121.8 122.5 122.8 123.6 123.8 123.5 122.4 120.4 119.5 119.7 121 122.6 123.8 124.7 124.2 122.4 120.5 118.1 114.2 109.3 104.5 99.6 95.6 93.1 91.6 91 90.1 89.9 90 90.2 90.6
42.3 44.4 45.3 47.2 50.3 52.1 53.4 55.2 56.2 55.9 58 59.4 60.9 62.1 63.6 66.2 69.2 70.4 71.4 72.7 73.9 75.2 76.3 77.4 78.9 81.1 83 84.7 86.5 88.2 90.4 92.9 95.5 98.1 100.2 102.6 104.8 107.4 109.8 112.1 114.8 117 118.1 118.3 118.5 118.6 118.8 119 119.8 119.7 121.3 121.5 121.9 122.2 123.4 124.3 123.8 122.2 119.4 118.2 119.3 120.8 121.8 122.3 123.1 122.7 121.3 119.6 116.9 114.1 108.4 103 99 96.4 94.2 92.5 92 91.5 91.3 91.4 91.4 91.4
49 47.3 48.4 50.8 55.3 58.9 59.3 60.5 59.7 57.3 58.6 60.6 62.6 64.5 65.8 67.3 68.7 70.1 71.3 72.6 73.9 75.3 76.6 78.3 80.3 82.6 84.5 86.3 88.1 90.2 92.3 94.9 97.3 99.4 101.4 103.6 105.9 108.2 110.5 112.6 116.1 117 118.1 118.2 118.4 118.5 118.6 118.9 119.2 119.5 120.4 121 120.5 122.6 124.2 124.7 123.9 122.3 118 116.9 118.9 120 120.3 120.4 120.4 120 119.2 117.2 114.7 111 105.2 100.3 97.9 96 94.8 93.4 92.8 92 92 92.3 92.4 92.2
48.7 49.5 51 52.5 56.8 60.9 61.4 60.6 59.6 59.4 60.6 62.6 64.9 66.8 67.9 68.5 69.7 70.7 71.6 72.9 74.5 76 77.6 79.7 81.9 84 86.1 87.9 90 92 93.8 96.2 97.8 99.8 102.3 104.6 106.7 108.8 110.8 113.2 115.6 115.7 118.9 117.8 117.9 118.1 118.2 118.2 118.9 119.3 120.1 120.6 121.5 123.2 124.9 125.4 124.2 121.8 116.4 115.8 117.9 118.5 118.3 117.7 117.5 117.4 116.5 114.1 111.2 107 102.2 97.9 95.8 94.4 93.4 92.9 92.8 92.6 92.7 92.7 92.7 93
54 53.8 54.9 58.8 60 60.7 61.6 61.1 61.1 61.2 62.2 64.3 66.9 68 68.7 69.3 70.1 71.1 72 73.3 74.9 76.8 79 81.2 83.4 85.6 87.6 89.6 91.6 93.5 95.3 96.7 98.2 100.1 102.6 104.9 107.1 109.1 110.2 110.6 116.7 116.1 119 118.2 117.5 117.6 117.8 117.6 118 118.9 119.7 121.1 122.5 123.8 125 124.9 124.5 121.5 115.1 114.3 117.1 117.9 116.3 115.1 114.4 114.4 113.5 110.7 106.9 102.8 99.4 95.9 94.1 92.9 92 91.8 91.7 91.5 91.7 92.1 92.4 92.3
55.9 58 58.9 60.5 61.7 61.8 61.9 62.1 62 62.9 63.9 65.6 67.2 68.2 69.1 69.9 70.7 71.4 72.4 73.8 75.9 78.1 80.4 82.6 84.8 87.1 89.5 91.5 93.4 95.3 96.7 97.7 98.7 100.5 102.8 105.1 107.3 109.2 110.1 113.6 115.2 117.9 118.6 117.9 117.7 116.7 117.1 116.6 117 118.3 119.2 120.9 122.3 123.4 123.2 122.9 122.7 121.5 117.2 112.2 115.2 116.8 115.2 113.1 112.6 112.2 110.8 107.2 103.6 100.1 96.8 93.5 91.9 90.8 90.1 90 90.2 90.3 90.2 90.6 90.6 90.9
57.5 60.2 61.6 61.8 62 62.1 62.8 62.7 63.7 64.8 65.8 66.9 68.6 69.1 69.7 70.7 71.5 72.2 72.8 75 77.3 79.6 82.1 84.4 86.8 89.2 91.7 93.8 95.8 97.3 98.1 99 100 101.2 103 105.2 107.5 109.3 112 113.8 115.4 116.8 118.4 118.6 118 115.7 116.1 115.6 116.1 117.4 118.8 120.5 121.3 121.6 121 120.7 120.5 120.1 117.8 109.5 112.5 114.9 114 111.6 110.2 109.9 106.5 102.2 99.2 95.8 93.1 90.8 89.6 88.8 88.2 87.5 87.3 87.6 87.8 87.7 87.6 87.8
58.4 61 62.1 62.3 62.5 62.9 63.6 64 65.1 66.3 67.5 68.4 69.8 70.8 71.3 71.7 72.2 72.7 73.6 76.3 79 81.5 84 86.5 88.9 91.4 93.8 96 97.5 98.3 99.3 99.8 100.9 102.3 103.9 105.8 108 109.7 111.8 113.6 115.2 115.7 116.8 118.3 117.3 114.7 115.2 115 115.2 116.1 117.1 118.4 119 120 119.4 118.9 118.3 118.5 118.1 114.9 109.3 111.4 111.1 110.3 107.4 105.6 100.3 96.6 94.5 92.1 90.1 88.6 87.7 86.8 86.2 85.7 85 84.7 85 84.7 84.5 84.8
57.9 60.3 62.3 63.2 63.6 64.1 64.6 65.3 66.4 67.6 68.7 69.8 71.2 72.1 73.4 74.8 75.3 74.4 75.6 78.7 80.8 83.1 85.6 88.2 90.9 93.4 95.9 97.6 98.2 98.7 99.5 100.5 101.8 103.1 104.8 106.7 108.8 110.2 111.5 112.8 114 113.6 114.1 115.4 114.4 113.4 113.2 113.4 114 114.5 115.4 116 117.2 118.4 117.8 117.3 116.8 116.6 115.8 114.6 108.8 106.6 107.1 106.4 102.9 101 96.6 92.6 90.9 89.4 88 86.9 86.1 85.4 84.6 83.8 83.1 82.7 82.2 82 81.6 79.7
58.8 60.8 62.9 64.9 66.2 65.7 65.4 66.5 67.8 68.9 70 71.7 72.7 74.2 76 77.9 78.5 77.3 78.4 80.7 82.8 84.9 86.8 89.4 92.3 95 96.9 97.9 98.2 98.8 99.6 101.3 102.6 104.6 106.3 107.8 109.6 110.4 110.8 111.9 112.6 112.8 113.2 113.2 112.4 110.3 113.2 112.5 112.9 113.4 113.3 113.6 115.2 117 116.6 116.3 116.1 115.4 115.2 114.4 113.3 111.4 106.5 101 96.5 95 94.5 92 89.1 87.3 86.7 85.5 84.8 84.1 83.8 83.3 83.2 82.7 80.9 82.4 83 83.3
58.3 60 64 65.8 66.6 66.8 66.7 68 69.2 70.8 73.1 75 75.3 76.8 79.1 80.7 80.6 79.6 80.5 82.2 84.3 86.3 87.8 91 93.9 95.9 97.4 97.8 98.3 98.5 99.8 102.2 103.8 106.2 107.8 109.2 109.6 109.8 110.2 110.9 111.3 112 112.1 111.7 108.7 108.7 109.8 112.4 112.2 112.3 109.5 111.5 114.5 116.6 116.6 116.4 115.4 114.9 114.4 114 114.6 115.8 114.2 110.6 107.3 102.9 100.2 94.5 90.1 88.4 87.2 86 86 86 88 88.2 86.3 82 83.7 85.2 86.2 86.6
53.5 58 62.9 66.5 67.2 67.9 69 69.8 71.5 73.7 76.3 77.7 77.5 79.1 81.1 81 79.2 80.2 81.4 83.2 85.4 87.6 90.1 92.7 95.6 96.7 97.3 97.5 97.6 98.1 100.2 102.5 104.4 107.3 109.1 109.3 109.4 109.2 109.3 109.7 109.9 110.6 110.5 108.2 108.2 108.5 108.7 109.5 110.2 108.4 108.8 110.8 114 116.4 116.6 115.8 114.7 114.3 113.8 113.2 114.2 115.9 114.7 110.8 106.7 103.3 99.9 96 92.8 91 89.4 88.8 90.3 91.1 92.3 91.5 87.7 80.7 84.6 86.7 88.7 90
57.9 55.4 61.4 65.3 66.8 69.2 70.3 71.9 73.8 76.2 77.9 78.5 79.3 80 79.9 78.4 79.3 80.3 81.9 83.7 85.8 88.6 91.8 95.2 96.2 96.7 96.6 96.3 97 98.4 100.5 102.5 105.3 107.9 109 108.5 108 108 108.3 108.9 109.3 110 106.8 106.9 107.7 107.6 108 107 107.3 108.4 109 109.3 113.5 115.9 115.9 115 114.1 113.5 112.9 112.3 113.5 113.5 112.5 108.6 104.2 101.4 99.6 97.3 96 94.5 92.9 92.8 92.1 92.3 92.5 91.1 85.4 82.2 86.2 88.8 90.9 92.9
61.3 54.8 58.3 63.2 68.2 70.9 72.9 73.8 75.2 76.9 77.5 78.4 79.3 78.6 77.6 78 79.3 80.6 82.4 84.4 87.1 90.3 93.6 96 96.4 96.2 95.7 96.2 97.1 98.6 100.6 102.6 105.3 107.5 107.3 106.5 106.7 106.9 107.2 107.7 108.6 106.7 106.6 106 105.7 107.6 105.3 104.4 106.6 107.5 108.2 108.3 108.5 115.9 114.3 113 112.5 112 111.6 111.3 111.4 110 107.8 104.8 101.6 99.4 98.5 96.9 96.6 95.9 95.4 94.8 92.4 91.2 90.1 87.7 83.6 83.7 87.6 91 93.1 94.4
59 59.3 54.6 67.2 72.6 72.7 74.2 75.5 76.5 77 77.3 77.2 77.8 76.8 76.6 77.5 78.9 80.7 83.1 85.9 88.6 91.9 95.2 96.2 95.7 95.5 95.3 96.2 97.1 98.7 100.6 102.3 104.2 105.3 105.3 103.5 104.1 105.2 106.1 106.6 106.7 106.6 106.3 105.6 104.6 103.3 102.5 103.9 105.4 106.5 106.4 107.4 112 112.9 113.1 111.6 110.9 110.2 110.1 110.3 109.2 106.5 104 102 99.9 98.1 97.5 97.6 97.3 96 95.7 94.8 92.8 91.8 89.9 86.2 81.8 85.6 89.4 92.2 94.6 95.8
62.2 59.9 62.5 71.7 73.6 74.3 75.1 75.8 76.4 76.6 76.9 76.3 76.1 75.7 75.7 76.9 78.4 80.4 83.7 87.3 90.3 93.5 96.2 96.1 95.5 94.8 95.3 96.1 97 98.1 99.7 101.3 102.4 102.8 102.8 103.6 104.3 105.2 106.6 104.9 104.3 106.4 105.3 104.9 102.8 101.7 100.5 101.8 104.8 105.3 105.7 106.8 107.1 109.2 110.2 109.4 108.8 108.6 108.6 110.3 110.8 108.8 105 101.7 99.1 97.5 98 98.3 97.6 96.2 94.6 93.5 93.3 92.8 89.9 85.6 82.2 87.9 90.6 93.1 94.7 95.8
63.1 58.2 69.6 74.4 73.8 74.3 75 75.8 76.3 75.7 75.7 75.2 74.8 74.6 75.3 76.7 78.4 80.8 83.9 87.6 91.4 94.2 95.3 95.2 94.4 93.7 94.5 95.7 96.6 97.2 98.6 99.8 101 102.5 103.1 103.3 104.5 105.3 104 103.4 102.9 102.1 104.2 101.5 98.9 97.9 97 97.1 98.8 103 106 104.1 100.9 104.3 106.7 106.7 110 107.6 108.7 108.4 108.9 111.6 108.4 104.8 101.5 97.9 98.3 99 97.8 95.9 94.4 93.7 93.6 92.5 89.8 85.3 85 89.5 91.7 92.8 94 95.4
60.2 64.1 73.2 74.7 75.7 75.3 75.5 76.1 75.9 75.1 74.4 74.1 73.8 74.3 75.2 77 78.9 81.2 84.6 88.5 91.9 93.5 93.8 93.9 93.1 92.9 93.7 94.6 94.5 95.2 96.6 98.3 100.7 101.9 102.9 103.1 103.9 103.3 102.1 101.6 99.5 98.1 96.9 96.3 95.8 94.9 95 96.5 97.1 103.2 103.8 111 100.7 93.5 101.9 103.3 110.3 106.2 107.1 105.4 107.5 110.2 110.1 107.5 105.1 101.1 97.8 97.9 96.8 95.6 94.9 94.3 93.4 90.7 88 82 87.3 90.1 91.6 92.7 93.8 94.9
60.6 63.2 72.7 75.9 76.1 75.9 75.6 76 74.8 73.8 73.2 73.2 73.7 74.6 75.1 77 79.3 82.3 85.9 89.5 91.2 92.4 92.3 92.4 91.8 92.1 92.9 92.8 93.3 93.8 94.7 96.4 100.6 101.3 102.2 101.2 101.9 101.7 98.5 97.5 97 96.8 94.7 94.8 94.8 94.5 94.7 96.7 101 100.4 103.6 114.1 113.4 102.6 95.1 102.3 104.7 105.4 107 105.4 107.1 110.4 111.8 111.4 108 103.4 100.3 97.3 95.7 94.6 94.4 93.5 90.9 88.1 84.7 84.4 88.4 90.5 91.5 92.5 93.2 93.8
61.9 60.4 69.7 73.2 76.2 75.9 75.5 74.7 74 72.9 73.1 73.2 73.6 74.6 75.1 77.5 80.4 83.4 86.9 89.3 90.7 91 91 90.9 90.5 91.2 91.4 91.7 92.3 92.8 93.6 95.3 100.2 100.8 98.6 93.4 97.8 96.9 95.5 94.9 94.9 94.3 94.4 94.5 94.6 94.5 93.9 95.4 95.7 100.9 108.3 111.1 108.5 95.5 93.7 95.6 100.2 100.7 108.6 102.8 105.7 109.1 110.4 109.9 107.2 103.6 100.8 97 94.6 93.6 92 90.3 87.6 85.2 83.1 86.1 89.1 91 91.2 91.5 92.3 93.2
68.2 66.1 63 70.5 73.9 75.4 74.6 74.1 72.6 72.2 72.6 73.9 74.5 74.5 76.3 78.7 81.8 84.7 87.1 89.3 89.8 89.7 89.6 89.5 89.6 89.9 90.3 90.8 91.3 91.8 92.7 94.4 95.8 95.5 92.1 92.4 93 94.7 94.4 94.7 94.6 93.8 94.2 94.2 93.6 93.2 93.6 93.8 93.8 94.9 100.9 108.1 109.2 103.7 95.1 94.5 95.3 93.5 102 103.1 108 106.9 107.5 106.6 104.7 101.9 98.6 95.8 93 91.2 89.5 86.8 84.8 83.8 83.6 85.3 87.7 89.3 90.9 91.8 94.1 96.5
72.3 73.5 70.5 63.8 70.9 73.2 73.2 71.7 70.6 70.7 73.3 74.9 74.5 75.7 77.8 80.1 82.9 85.1 86.8 89.7 88.5 88.3 88.4 88.7 89.2 89.2 89.3 89.8 90.2 90.7 91.9 93.2 93.3 90.8 91 91.3 90.9 91.8 94.2 94.6 93.7 93.6 94 93.7 92.8 93.1 91.9 91.8 92.2 92.5 92.3 101 107.8 108.7 107.6 96.5 94.5 96.2 99.8 101.3 106.3 105.6 105.1 103.9 102 99.8 97.3 94.7 91.6 88.1 85.8 83.8 83.7 83.7 83.8 85 86.3 87.9 90.1 92.7 95.4 98.1
70.9 73.4 73.3 68.6 65.9 68.8 68.9 67.9 68.1 69.8 73.6 74.5 74.5 76.9 79.2 81.4 83.5 84.9 85.4 86.1 86.7 86.4 87.1 88.3 88.8 88.6 88.3 88.7 89.2 89.6 90.2 91 90.4 90 90.1 90.3 90.7 91.5 92.2 92.3 92.9 93.6 94.5 94.5 93.9 92.5 91.2 91 91.5 91.8 91.8 96.9 105.4 107.4 107.9 106.6 100.6 94.8 98.9 106.4 107.3 103.6 103.6 102.5 100.5 98.3 96 93.5 90.2 86.8 84 83.8 83.6 83.5 84 84.8 86.1 87.5 89.6 92.8 95.7 98
69.3 70.1 68.6 65.9 68.3 68.8 65.7 66.4 67 67.5 70.7 73.1 75.7 78.1 80.3 82.1 83.7 84.6 85.1 85.2 84.9 84.5 85.8 87.2 87.6 87.5 87.3 87.7 88.2 88.5 89 85.6 89 89.2 89.4 89.8 90.1 90.7 90.8 91.5 92.1 92.7 94.5 94.7 93.5 92 90.4 89.8 90.7 90.9 91.9 93.7 98.9 106.3 107.9 107.9 98.8 97.4 98.6 100.6 102.4 102.8 102.4 101.8 99.6 97.7 95.5 92.8 89.5 86.2 83.8 83.4 83.2 83.7 84.3 85 85.8 87.5 90 92.6 94.8 97.1
73.7 69.5 69.2 68.8 71.6 74.9 74.7 70.5 67.2 66.5 66.9 71 74.8 77.7 80.1 82 83.1 83.7 84.6 85.1 83.7 84.4 84.9 85.4 86 86.3 86.2 86.2 86.9 87.5 83.8 83.3 83.3 87.2 88.6 89.3 89.6 89.4 89.3 90.7 91.7 92.1 95.1 94.5 93.1 91.3 89.3 88.4 89.3 90.6 92.7 91.1 95 103.3 106.7 102.9 97.4 98.4 98.9 100 101.6 102.3 101.9 101 99.1 97.3 95.2 93.1 90.1 87.2 84.1 83.7 83.6 83.9 84.6 85.3 86 87.3 89.3 91.4 93.5 96
