public/OST50/NY02.asc
ncols 200
nrows 200
xllcorner 300000
yllcorner 520000
cellsize 50
[rows 108 to 143 of 200, columns 82 to 163 of 200]
97.3 100.1 103.3 106.4 105.8 103.7 101.7 99.8 97.8 96.3 96.6 96.5 95.6 94.5 92.7 91 98.5 102.5 105.9 109 111.5 113.4 114.6 115.7 116.7 118.4 118 114.9 110.8 108.8 109.2 109.6 110.1 109.8 108.8 107.2 105.5 103.1 94.7 86.5 82.8 81.1 82.4 86.4 96.2 99.1 99.9 100.9 101.6 102.6 105.2 108.6 108.8 107.7 106.4 106.7 107.8 107.8 111.1 113.8 115.5 115.4 115.5 115.9 112 109.3 105.1 103.7 103.2 104.1 104.8 105.7 107.6 110.3 112.2 113.7 113 115.2 119.2 122.4 123.4 124
96.7 100.1 103.2 106.3 107.7 106.6 104.9 103 99.1 96.7 96.7 97 96.6 96 96.8 92.8 101.1 105.1 108.7 111.8 114.9 116.2 117.3 118.6 118.9 118.9 119.5 112.8 109.1 109.1 110.3 110.7 111 110.5 111 110.2 106.9 106.7 97.9 93.4 88.3 81.4 82.2 83.1 87.5 92.1 93.6 96.7 98.5 100.8 103.7 106 105.4 103.7 102.7 103.3 104.4 105.5 106.8 109 110.4 110.2 110.7 112.4 111.8 109.6 105.3 103.2 103.4 103.6 104.5 105.6 107.3 108.8 109.2 110 108.7 111.8 114 115.5 116.7 117.8
96.4 100 103.3 106.3 108.6 108.8 108 106.1 102.3 97.7 96.8 97 96.9 97.9 97.4 96.2 104 107.7 111.5 114.7 116.9 118.5 119.7 120.4 118.2 116 114.5 109.4 109.8 110.5 110.7 110.8 111.2 111.4 111.2 110.5 107.9 103.7 98.4 94.4 92 89.4 83.2 82 82.4 84.8 87.1 90.2 92.9 95.8 98.3 99.8 99.9 99.7 99 99.8 100.7 101.8 103.3 104.6 106 107.1 109.3 111.8 111.7 109.6 105.4 103.3 103.3 103.6 104.5 106.3 106.9 106.8 106.3 106.2 106 107 108.5 109.8 111.1 112.7
96.1 99.9 103.5 106.4 108.9 110.8 110.4 109.7 107.3 102.7 98.6 97.7 98.9 100.4 98.3 96.9 106.4 110.4 114.1 116.7 118.9 121 122.2 119.7 115.7 112.7 110.3 110.3 113.1 111.9 111 110.8 110.3 112.6 112.8 111.9 109.4 104.2 99.3 96.5 93.8 94.7 92.4 88.1 86.2 85.6 82.2 85.9 88.1 90.8 92.9 94 94.5 94.8 95.3 96 96.8 98.6 100.7 102.4 104.2 107.8 110.9 112.1 111.4 109.2 105.4 102.9 103.6 104.1 104.8 107 106.8 105.6 104.5 104.1 104 104.2 104.6 105.3 107 108.9
96.1 100.2 104.2 107.3 109.8 112.8 113.9 113.9 113.1 110.8 107.8 105.7 105.1 104.8 105.7 95.3 106.8 112.4 114.6 117.2 119.5 120.4 118.2 115.5 112.4 110 111.3 114.5 117.3 115.1 113 112.4 112.6 113.5 113.3 108.3 111 107.5 102.5 97.8 96.4 97.8 95.9 92.7 93.8 94.3 91.5 84.1 86.2 86.8 86.5 86 86.2 87 87.6 88 92.1 89.6 97.1 99.3 102.4 106 108.5 109.5 109.5 107.8 104.8 104 103.7 103.7 105 106.4 105.6 104.4 103 103 102.9 102.8 102.6 103.9 104.9 105.4
97.3 101.4 105.2 108.5 111.4 115 117 117 114.6 112.3 110.8 110.3 108.7 107.5 107.4 99.9 107.5 111.9 114.3 116.2 116.5 115.1 113.6 111.6 109.2 110 111.5 116.6 119.9 117.8 115.7 113.9 114.7 115.8 114.2 112.8 111.9 109.9 106.9 101.1 100.4 100.6 99.5 98.2 97.5 98.5 96.1 91 85.1 85.6 88 88.7 89.5 90.2 87.6 87.6 88.2 88.7 90.7 95.5 97.9 100.3 102.8 104.4 104.8 105 104.1 105.5 104.6 104 103.7 104.6 104.5 103.4 102.9 102.3 102 101.8 101.9 102.8 102.8 103.3
98.7 102.6 106.5 110.5 114.8 118.6 119.5 116.2 113.9 111.4 110.3 111.3 109 107.3 105.7 99 107.3 110.1 111.8 112.5 111.7 110.3 108.7 108.6 109.6 110.4 111.7 117.4 120.7 118.2 117.1 116.2 116.1 117.9 116.9 115.8 113.5 110.7 109.4 104 105.9 104.3 103.2 101.1 100.4 98.7 95.2 91.2 93 94.1 93.6 93.3 93.9 96.4 96.9 96.3 96.5 90.5 87.9 91.5 94.3 96.7 100.7 100.6 101.3 101.8 105 106.9 109.4 109.6 106 104 103.9 104.7 104.2 102.6 101.2 100.9 100.7 100.8 101.5 102.3
100.6 104.5 109 113.3 118.1 121.4 121 116.8 112.2 108.8 108.8 109.2 107.4 106.5 103.9 101.2 106.9 107.3 107.8 108 107.2 107.6 110.5 112.4 118.6 117 111.7 115.3 116.8 116.6 117.2 117.5 118.1 119.7 121 120 117.2 112.8 108.6 110.3 112 106.1 106.2 102.1 101.4 99.1 96.4 92.8 93.5 98.5 100.1 100 98.7 98.1 100 100.4 100.5 93.4 89.9 89.7 92.5 94.8 97.2 100.6 100.6 100.6 106.9 109.5 111.2 111.1 110.9 110.7 108.8 107.9 107.4 102.7 100.5 100.1 100.6 100.5 100.4 101.2
102.5 107 111.4 115.3 119 121.6 121.7 117.1 111.5 108.7 109.8 106.9 106 106 104.4 100.6 103.7 105.1 106.1 109.4 111 114.7 118.1 121.2 124.4 123.7 117.6 112.9 113.9 114.8 116.1 117.9 119.5 122.6 125.1 123.9 120.1 116.5 114.5 116 116.4 115.1 110 104 102.2 100 98 95.6 93.1 98.8 99.7 100.5 101.1 102.1 102.4 103.1 102.5 101.5 91.2 89.9 91.8 95.1 98.2 98.2 100.6 104.1 108.7 111.3 111.7 111.7 109.3 109.3 108.4 105.6 103.6 103.7 100.4 100 100.5 100.4 100.2 100.4
104.6 108.7 112.8 116 117.9 118.9 119.1 114.7 109.7 108.2 107 105.5 105.1 104.9 103.9 102 104.1 106.5 109.4 112.5 114.9 117.6 120.8 124.2 126.3 124.4 121.1 117.7 114.4 114.2 115.2 118.8 120.7 123.9 125.6 126.1 122.6 121 118.8 121.3 121.9 118.2 114.2 107.6 104.2 101.6 101.4 100.5 96.5 98.4 101 101.6 101.7 101.9 102.5 102.9 102.8 101.9 90.4 90.7 92 94.3 98.6 99.5 99.6 104.7 106.1 111.1 111.6 111.5 110 108.2 105.1 103.9 100.1 99.5 99.1 99.8 100.5 100.3 100 99.8
105.7 108.9 111.9 114 114.8 115.2 114.4 109.7 107.1 106.6 105.5 105.1 104.8 104.9 102.4 103 104.3 108.9 112.3 115 117.6 120.1 122.8 124.6 123.8 121.4 119.4 118.1 116.8 116.7 116.4 115.8 118.4 121.5 125.2 125.2 123.2 122.3 121.6 122.6 122.6 122.3 120.5 115 109.2 105.8 104 102.2 98.7 97.8 101.1 102.1 102.4 102.6 102.4 102.5 102.8 102.7 89.1 90.9 91.7 92.4 95.1 98.6 101.4 99.9 105.2 109.3 111.6 112 112 110 104 99.9 98.2 97.6 99.7 100 100.2 100 99.9 99.6
105.9 108 110.4 111.4 111.5 110.7 109.1 108.3 109.8 107.9 105.3 104.7 104.8 104.2 101.3 104 105.1 110.2 113.6 116.6 119.8 124.1 125.5 124.4 120.9 118.5 117.3 117.2 118.5 120.4 122.9 121.9 120.6 119.9 121.1 124.4 122.1 121.3 122.1 122.9 123 124.6 123.7 121.5 119.3 115.9 112.6 107.2 102 101 101.8 102.5 102.4 102.4 102.3 102.8 103.5 104 104 93.1 91.2 91.7 91.9 92.9 95.4 97.2 101.9 105.4 112 112 112.3 110.4 99.4 97.8 99.2 98.5 98.2 99.7 99.7 99.8 99.9 99.9
104.8 106.6 108 108.7 108.6 109.2 111.5 114.5 114.7 112.2 108.6 105.3 104.9 103.8 101.9 104.4 105.8 110.1 114.8 118.4 123 126 124.6 121.5 118.3 116.4 116.7 118.1 122.4 123.9 125.2 125.1 127.4 127.9 119.9 120.6 120.5 120.3 120.7 121.4 122.8 125.1 126.9 125 120.8 118.5 117.8 111.1 107.4 104.6 103.1 103 102.6 102.3 102.8 103.3 103.7 104.5 104.6 97.5 93.1 92.1 92.1 92.8 93.8 93.4 96.3 106.5 106.8 105.6 103.2 100.5 97.1 98.5 99.3 99.5 100 99.4 99.3 99.8 99.3 99.9
105.8 107.4 108.3 109.3 111.1 112.9 115.8 117.7 116.5 114.2 111 107.7 105.1 104.4 102.9 104.8 107.1 111.1 116.3 120.9 124 123.2 120.7 117.5 116.2 117.1 117.6 120.5 124.9 126.9 128.1 129.6 131.5 131.2 126.6 120.1 120.6 122.7 122.8 123.4 122.4 122.8 124.9 125.4 121.2 120.3 118 116 115 112.6 107 104.2 103.9 103.7 103.5 103.8 104.3 104.9 107 108.7 107.9 100.9 93.4 95 95.4 94.4 94.2 95.6 96.1 95.6 95.8 96.8 99.5 100 100.2 100.4 100.7 100.1 100.9 102 100.1 99.8
108.5 109.6 110.4 112.1 114 115.8 117.9 118.9 117.2 114.9 112 108.8 107.4 106.3 105.1 105.3 107.5 113.1 116.3 119.5 119.5 118.1 115.4 116.3 117.2 118.6 121.8 124.9 127.4 129.4 130.8 133.3 134.9 132.6 128.6 124.7 124.2 126.6 127.4 128 125.2 122.3 121.7 121.5 121.7 120.8 116.4 117.7 117.9 116.5 113.7 108.7 107.3 106.2 105.4 105.5 105.6 105.8 107.4 108.9 109.4 105.4 101.7 99.9 98.6 93.2 94.4 101.1 99.1 100.8 102.3 103.2 103.3 102.6 102.4 102.5 102.5 104.2 105.7 106.5 103.3 100.1
111.2 112.2 113.6 115.4 117.2 119 120.3 119.6 117.8 115.4 112.6 111 111.3 111.1 110.1 105.8 107.5 114.1 116.2 115.9 115.4 114.9 115.9 116.9 118.2 120.4 124.3 127.2 130.2 132.9 134.6 136 135.1 132.3 129.3 127.8 126.4 127.5 128.6 127 124.3 122.8 122.4 122.7 123 121.5 119.8 120.6 120.8 120.9 118.1 114.3 113 111.3 109.6 108.6 108.8 108.8 108.4 108.8 109.6 109.4 108 107.9 105 93 95 101.1 103 105.3 106 107.8 107.6 107.9 106.4 104.4 104.9 106.2 114.2 111.3 102.9 100
113.9 115.2 116.7 118.6 120.4 122.3 123 121.2 118.4 116 114.7 116.6 117.3 116.6 116.1 112.9 106.5 113.2 114.1 114.2 112.5 114.8 115.9 117.2 120 122.5 125.9 130.1 133.3 135.2 136.2 135 133.2 131.1 128.5 126.8 127.4 128.6 128.1 127.1 124.7 124.2 125 124.6 124.8 125.3 122.7 124.3 124.2 124.7 124.1 122 119.1 118.3 117 116 116.9 115.2 113.1 112.8 112.7 111.2 110.4 110.7 109.6 101.5 93.6 100.8 107 108.6 109.7 110.6 110.7 109.9 108.5 107.7 105.9 105.7 109.5 104.6 100.6 99.8
116.7 118.6 120.7 122.1 124 125.3 125.2 123.8 121.3 119.5 118.8 118.8 118 117.3 116.6 114.6 105.9 110.5 113 112.1 113 114.3 115.6 118.7 121.7 123.3 127.2 130.4 132.6 133.2 133 132 130.8 128.8 126.4 126.9 127.5 128.2 128 127.9 129.1 129.1 129.4 129.4 128.4 126.7 124.3 126.1 128.8 129.1 128.9 128.8 128.4 129.6 128.6 125.3 124.4 121.8 118.5 117.7 116.9 114.1 112.1 110.9 108.9 100.8 95.3 98.9 106.1 110.3 112.3 114.2 112.7 111.6 111.9 111.9 110.3 106.3 102.5 101.7 101.2 100.6
120.4 122.7 124.6 125.7 126.7 127.8 127.8 126.1 124.5 122.3 119.3 117.5 116.2 115.5 114.8 112.7 109.8 107.6 109 110 112 114 116.2 119.4 122 123.3 126.3 128.9 129.9 130.1 129.9 129.3 128.2 126.2 126.4 127.3 128.1 129.5 130.1 131 131.8 132.3 132.3 131.9 130.7 128.4 125.7 128.9 132.8 132.7 131.4 131.8 132.1 132 131.9 131.8 130.1 126.1 122.5 121.7 120.8 117.7 114.5 112.3 111.2 107.4 97.3 95.8 103.8 110.8 116.5 121 120.4 115.2 115.1 115.1 115 115.2 107.3 103 103 104.4
124.1 126.4 127.3 127.9 128 128 128 127.9 126.5 124.2 120.1 116.8 115 113.9 112.9 108.8 108.4 108.1 108 110.1 111.9 114.2 117 119.3 120.8 122.4 124.7 126.3 127 127.2 127.1 126.7 126.2 125.3 126.7 128.2 129.9 132 133.2 134.2 134.9 135.3 134.8 133.5 130.7 127.7 126 129.3 132.1 132.5 132.5 134.2 134.5 134 135.3 135.8 132.9 128.9 126 125.4 124.2 121.8 120.9 117.8 116 112 99.9 95.6 101.3 112 118.8 120.7 121.1 121.7 122.3 120.7 123.7 124.8 117.5 109.2 109.6 109.9
124.8 124.9 125.1 125.9 126.3 126.6 127.7 128.2 126.9 123 119.3 116.7 114.3 112.2 110 110.2 109.6 109.1 109.5 109.4 111.9 114.2 116 117.8 119.9 121.2 122.6 123.6 124.2 124.8 124.5 124.6 125 126.2 127.9 129.4 132 134.2 136.8 138 138.9 138.9 138.1 135.5 131.6 128.2 126.8 127 127.9 130 132.7 134.3 134.5 135.5 137.7 138.3 136.4 132 129.5 128.6 127.2 127 126.2 122.9 120 113.9 103.2 96 97.3 109 119.3 121.1 121.2 121.3 122.7 123.8 127.7 128.4 126.3 120.2 121 125
120.7 121.4 122.5 123.6 124.5 124.9 126.6 126.8 124.1 120.8 118.2 115.8 113.3 110.5 111 110.9 110 109.6 111.2 111.7 111.3 113.6 114.7 116.2 117.6 119 120.7 123.5 123.9 124.2 124.8 125.6 126.5 127.4 129 131.1 133.9 137.2 140.8 144.1 145.8 145.3 143.4 138.8 132.7 128.5 127 126.3 126.6 128.1 131.9 132.8 133.8 136.5 139 140.3 139.9 137.1 132.5 129.4 128.6 127.5 124.8 122.8 118.9 112.8 105.1 95.1 96.6 99.6 112.6 115.6 115.8 118.7 121.8 122.7 124.8 127.7 128.1 128.8 128.6 128.6
119 119.8 119.4 120.3 121.6 123.5 124.9 124 122.2 119.3 116.5 114.6 112.3 111.8 112.3 112.8 111.8 110.4 112.3 114.1 114 115.9 117.6 117.9 119 120.4 122.4 125.6 127.9 126.8 126.7 127.5 128.6 129.5 132.8 137.8 143.3 148.4 152.8 156.8 159.4 159.8 156.1 147.6 136.6 129.7 127.3 126.5 126.6 127.4 129.6 131.4 134.6 137.6 140.1 142.6 142.7 138.3 132.4 130.8 130 127.3 121.5 119.3 117.5 110 104.8 96.5 96.9 97.5 103.3 107.9 108.6 113.3 121.2 121.8 122.3 126.6 127.8 128.3 128.3 129.1
117.5 118.1 117.7 117.6 119.6 121.5 121.8 121.3 120.4 117.5 115.1 114.1 113.6 113 113.6 114.1 113.8 112.4 114.3 115.1 116 118.5 120.2 120.8 123.5 127.1 127.7 129.9 131.8 130.7 130.3 130.5 133 138.1 145 150.8 156.4 161.2 164.8 168.1 170.5 170.5 168 159.7 148.3 136.8 130.1 127.5 126.9 127 128.9 132 135.8 138.7 141.2 143.8 140.8 135.7 131 129.6 127.3 123.2 118.1 115.5 111.3 106.7 100.5 97.5 97.1 98.8 99.5 101.4 111.4 118.5 119.2 118.7 119.5 124.6 127.3 127.8 128.4 129
115.6 116.7 118.4 119.2 118.4 119.4 119 119 118.1 117 117.8 116.6 115.4 115.1 115.5 116 116 115.1 116 117.4 118.5 121.7 124.3 125.9 129.1 131.5 132.9 135.1 136.3 136.3 136 139.4 144.8 151.3 158.1 163.4 167.7 171.6 175.3 177.7 180.1 179.9 178 170.6 160.3 145.7 135.3 129.3 127.9 126.9 128.9 133.4 136.9 138.7 139.3 141 137.2 131.9 128 125.1 122.5 119 115.8 112 106.7 101.2 97.3 97.3 98 99.2 99.4 100.2 107 115.9 118.1 117.7 118.8 122.7 125.8 128.2 128.7 126.6
116.8 118.3 120.7 121.6 121.7 120.7 119.6 119.1 119.1 120.9 120.9 118.5 119.7 121 119.8 118.9 117.8 118.2 116.8 119 121.4 124 127.3 129.7 132.3 134.5 136.9 139.4 140.5 141.9 145.5 149.9 155.4 162.5 169.4 173.7 177.2 181.1 184.2 186.5 188 187.7 186.3 180.1 168.8 153.6 140.4 131.9 129.9 128.4 129.2 133.4 135.9 135.2 135 135.6 133.5 127.9 124.2 121.4 119.5 117.2 114.3 109.6 104.1 100.3 96.3 97.6 97.5 99 100.2 100.2 103 113.4 119.6 120.4 120.4 122.1 125.3 127.7 120.7 115.5
120 123.9 124.6 124.4 125.6 125.9 124.1 121.7 120.3 122 121.9 124.6 126 125.9 124.3 121.2 120.6 120.1 118.9 119 124.2 126.2 127.9 130.1 132.9 136.2 139.9 142.1 144.1 146.6 152.9 159.1 165.4 171 175.9 180.8 184.4 187.7 190.8 193.4 194.1 192.8 191.6 186.6 175.4 161 145.3 135.5 132.4 130.2 128.9 131 134.3 134.5 132.6 131.2 129.1 123.7 120.6 118.4 116.4 115 111.3 106.4 102.8 99.2 98.3 97.9 100.1 98.8 99.4 100.1 101.5 110 111.1 119.9 119.6 119.7 121.2 122 115.3 125.1
128.4 129.2 129.5 129.4 130.1 129 126 124.5 122.9 123.9 126.4 128.4 129.1 129.1 127.4 122.7 123.4 122.1 121 118.7 124 126.1 129 131 133.8 137.7 141.9 144.7 147.2 152.4 159.1 166.1 170.3 174.1 178.9 183.9 188 191 195.3 196.9 197.4 197 196 191.3 181.1 166.4 148.8 139.3 135.4 133 129.6 130.1 133.4 133.6 130.7 128.5 125.5 120.8 117.2 114.4 113.2 111 107.4 102.4 100.6 99.1 97.5 98.2 100.1 101.2 102 100.6 101.6 108.7 112.7 114.8 110.9 109.8 110.9 115.8 121.7 124.5
132.9 133.4 133.6 134 133 131.5 129.2 127.3 125 128.8 130 131.5 132.2 132.1 129.8 128.1 129.6 126.4 124.3 122.1 124.2 125.4 128.3 131.3 135.1 138.9 142.9 146.3 149.3 154.9 162.2 167.7 171.5 175.3 179.4 183.8 188 191.2 194 196.2 197.8 197.6 197 194.6 185.8 171 154.1 143.2 137.9 134.6 130.9 130.9 133.7 133.4 129.9 127 124.1 120.7 116.6 111.9 107.5 106.8 103.9 100.3 99.6 98.7 97.8 98.2 100.8 105.9 108.2 103.8 101.5 103.6 108.5 106.9 106 116.6 120.3 121.7 124.8 124.5
137.2 137.4 137.7 136.6 134.5 133 131.7 127.9 130.6 132.1 133.2 134.3 134.3 134.4 127.5 133.8 133.7 131.1 128.5 125.9 125.1 128.1 130.4 132.4 139.5 143.2 144.4 146.4 150.7 154.8 160.6 166.6 171.1 174.8 178.6 182.7 187.5 190.3 192.3 194.6 196.6 198 197.7 196.4 190.6 175.3 158.4 145.8 139.4 135.7 132.8 133 135.5 133.9 130.8 126 121.7 119.3 116.2 112.1 107.1 103.4 101.3 99.4 98.5 98.3 98.4 99.3 102.2 107.6 109.9 109.5 102.7 103.3 105.1 109.8 115.2 121 121.6 122.7 123.6 127.4
140.3 140.6 139.2 137.8 135.9 135.1 132.1 133.9 135 135.2 136.2 137.3 137.1 137 129.8 135.9 136.4 135.9 132.7 129 124.9 131.3 134.7 136 141.3 144.5 146.4 148 151.1 154.9 159.6 164.9 169.7 174.4 178.4 183.1 188.3 190.9 192.5 192.5 194.4 195.9 198.1 197.1 192.6 179.4 163.6 149.4 140.8 135.9 132.9 135.2 135.4 132.2 128.4 124.1 118.3 116.8 114.2 110.2 104.7 102 100.1 98.9 98.4 98.3 98.2 100 101.9 107.3 110 111.3 105.7 102.3 113.5 118.4 120.1 121.7 122.7 123.3 123.4 125.1
143.3 142.5 140.6 139.4 138.8 137.6 133.3 138.1 139 139.1 140.3 141 140 139.3 133.1 137.9 138.2 138 136.1 131.5 131.1 134.2 137 138.8 141.3 145 147.8 150.1 151.9 155.6 159.4 163.7 167.2 173.1 177.8 184.4 190.1 192.3 193.5 193 191.7 192.9 195.6 195.9 192.9 182.6 167.7 152.8 141.1 136.4 134.9 136.3 133.1 129.8 126.4 121.1 116.1 113.8 111.4 107.9 106.7 102.2 99.7 99.1 98.8 98.6 99.9 100.2 101.4 105.8 109.1 111.4 106.3 103.4 107 119.9 120.5 121.8 123.1 123 121.2 125.3
144.6 143.6 142.5 141.6 140.4 138.4 138.8 140.3 141.6 142.8 144.1 145.7 143.8 140.5 137 140 139.9 139.5 138.5 135.2 134.7 135.8 137.6 140.4 142.9 145.9 148.7 151.4 153.7 155.9 159 163 166.8 171.4 177.7 184.8 191.5 194.7 195.3 194.6 192.6 190.9 192.8 193.4 190.5 183.2 170.7 154.4 140.4 136.2 135.4 133.1 129.9 127.1 122.6 118 114 110.1 108 107 104.1 100.4 99.5 98.5 99.3 99.5 99.9 100.6 101.4 103 105.1 106.9 105.2 105 105.1 115.4 119.5 121.1 122.1 122.6 122.7 124.3
146.4 146 145.3 144 142.9 139 140 141.9 143.2 144.8 146.6 146.5 143.5 139.3 141.8 141.8 141.9 141.4 140 138.2 136.1 138.6 140.3 142.3 145.9 146.4 149.6 152.1 154.6 156.9 160.2 163.9 167.2 170.3 175.6 181.8 186.8 194.1 196.1 196.2 193.2 191.4 189.8 189.6 186.7 181.2 170 153.4 140.4 135.9 133.3 130.9 127.2 124.3 119.7 114.8 112.1 109 106.8 106.2 102.3 99.8 99.9 99.1 99.7 100.3 100.3 100.7 101.6 102.8 104.1 104.4 105 106.1 105.5 106.4 110.1 113.1 117.2 122.8 123 122.9
148.1 148.7 147.9 146.9 144.5 141.5 142.2 143.6 144.7 145.9 146.2 144.4 141.1 139.4 143.1 143.9 144 143 141.3 139.6 133.1 139.2 141.8 144.1 147.2 148.1 150.2 152.7 155.1 157.6 160.7 164 166.9 170.6 174.9 180.2 185.7 191.7 194.2 194.3 193 190.7 188.4 186.8 183.5 178.1 165.8 151.6 142.4 136.1 132.3 129.7 126.2 121.5 117 111.5 107.8 106.1 104.9 103.9 101.4 99.9 100.1 99.4 100.2 100.8 100.9 101.1 101.6 102.5 103.5 103.9 104.4 107 108.7 110 107.9 108.1 108.9 113.7 121 120
150 151.2 150.5 148.9 145.9 144.7 146.3 147.2 147.5 147.3 145.6 143.4 142.2 142.7 142.7 144.8 146 144 142.1 140.2 135.5 138.9 142.5 145.3 148.1 149.4 151.3 153.4 155.4 157.8 160.5 163.9 167 171 174 177.6 182 186.6 190.9 191.9 191.1 189 186.5 183.7 180.4 176.4 166.2 153.7 145 137.3 130 128.5 125 117.7 114.2 111 105.5 103.5 102.9 102.5 100.7 100.1 99.8 99.8 100.7 101.2 101.3 101.3 102.2 102.7 103 103.1 103.5 105.7 113.3 117.3 117.4 116.6 111.3 109.3 110.4 112.7
