public/OST50/NY06.asc
ncols 200
nrows 200
xllcorner 300000
yllcorner 560000
cellsize 50
[rows 80 to 119 of 200, columns 0 to 88 of 200]
-1.9 -1.9 -1.9 -1.9 2.8 3.3 2 2.2 3.8 -1.9 5.2 5.7 6.1 6.7 7.3 7.7 7.9 8.2 8.6 8.8 9.6 12.1 15.5 16.3 16.7 17.4 18.3 19.5 20.2 21.9 24.9 28 32.3 36.7 40.2 42.2 41.9 41.4 38.9 35.6 33.6 32.2 30.2 28.1 26 23.6 22.7 22.1 23.6 25.3 26.7 26.5 25.2 22.8 16.4 12.4 11.4 11 11 11.1 10.8 10.3 10.1 10 9.5 9.7 9.9 10 10.2 10.3 10.4 10.4 10.4 10.2 10.2 10.3 10.6 10.5 10.5 10.5 10.5 10.3 10 9.6 9.3 9.3 9.1 9.3 8.6
-1.9 -1.9 -1.9 -1.9 -1.9 3.7 4.3 4.2 4 4 -1.9 5.3 5.9 6.2 6.8 7.1 7.3 7.5 7.7 7.9 8.5 9.2 10.1 12.3 14.6 15.6 16.4 17.5 19.3 20.7 23.3 26.5 29.6 33.3 36.8 39.2 39 36.9 34.5 32.1 29.6 28.6 27.5 25.4 23.3 22.4 21.4 21.6 22.9 24.6 25.6 25.5 24.3 17.8 13.9 11.7 11.7 11.3 10.9 10.9 11 10.4 9.5 9.4 9.4 9.7 9.9 10.1 10.3 10.4 10.4 10.5 10.5 10.3 10.2 10.5 10.8 10.7 10.6 10.4 10.3 10.1 10.2 10 10 9.8 9.6 9.9 10.1
-1.9 -1.9 -1.9 -1.9 -1.9 1.4 4.4 4.5 4.3 3.6 -1.9 4.3 5.3 5.8 6.2 6.4 6.6 6.6 7.1 7.3 7.7 8.5 9.3 9.7 10.3 10.9 12.4 14.9 17.2 19.5 21.8 24.8 27.5 30.5 33.4 36 36.6 34.2 31.8 29.1 26.6 25 24.4 22.6 21.8 21 20.2 21.2 22.2 23.7 24.4 23.8 19.9 15.2 12.5 11.7 11.6 11.3 10.9 10.8 10.8 10.8 10 9.5 10 10 10.1 10.1 10.3 10.5 10.5 10.6 10.7 10.5 10.4 10.7 11 10.8 10.6 10.4 10.2 10.1 10.1 10.1 10 10.1 10.1 10.3 10.5
-1.9 -1.9 -1.9 -1.9 -1.9 -1.9 2.1 4.7 4.5 1.9 -1.9 -1.9 4.1 5 5.5 5.6 5.6 5.9 6.5 6.8 7 7.8 8.4 8.7 9.1 9.5 9.8 10.2 12.4 15.7 18.9 22.7 25.4 28.3 31.1 32.7 34.2 33.1 29.4 26.8 24.3 22.5 21.8 21.3 20.4 19.6 19.5 20.3 21.4 22.6 22.3 19 15.8 13.6 11.8 11.1 11.2 11.3 10.9 10.8 10.8 10.7 10.4 10.2 10.6 10.6 10.6 10.6 10.5 10.5 10.6 10.7 10.7 10.9 11 11.1 11 10.8 10.6 10.3 10.1 10.1 10.2 10.2 10.2 10.3 10.5 10.6 10.7
-1.9 -1.9 -1.9 -1.9 -1.9 -1.9 0.1 2.8 4.7 3.4 4.7 4.7 2.4 2 3.6 4.7 4.7 4.9 5.9 6.2 6.5 7 7.4 7.8 8.3 8.6 8.9 9.3 9.8 11.3 14.1 18.8 22.7 26.1 28.7 30.8 32.5 31.9 28.4 24.4 22.1 21.3 20.5 20.1 19.4 18.6 19 19.5 20.3 19.6 18.4 15.6 14.4 12.7 11.3 10.9 10.9 11 10.9 10.7 10.7 10.7 10.7 10.7 10.6 10.6 10.6 10.6 10.5 10.5 10.6 10.7 10.8 10.9 11 11.1 10.9 10.7 10.5 10.3 10.1 10.2 10.2 10.3 10.2 10.4 10.5 10.6 10.6
-1.9 -1.9 -1.9 -1.9 -1.9 -1.9 -1.9 0.8 2.8 4.3 4.7 4.4 1.9 2 2.5 4.5 5.8 5.6 5.8 6.1 6.3 6.4 6.9 7.5 8.1 8.2 8.2 8.6 9 9.4 10.3 12.5 18 23.3 26.1 28.4 30.6 29.7 27.5 24 21 20.3 19.9 19.4 19.3 17.7 17.9 17.8 17.3 16.8 16.1 14.8 13.1 11.3 10.9 10.7 10.7 10.7 10.8 10.7 10.6 10.4 10.7 10.7 10.6 10.6 10.6 10.6 10.5 10.5 10.6 10.7 10.8 10.9 10.8 10.9 10.8 10.6 10.4 10.1 10.3 10.3 10.3 10.3 10.3 10.3 10.5 10.5 10.5
-1.9 -1.9 -1.9 -1.9 -1.9 -1.9 -1.9 -1.9 0.9 2.5 3.8 4.5 3.4 3.1 3.8 4.6 4.9 4.9 5.9 6.1 6.2 6.3 6.4 6.9 7.6 7.5 7.8 8.1 8.5 8.9 9.2 10 11.5 16.9 21.4 25.4 27.1 27.9 26.7 24 20.3 19.4 18.6 17.9 16.7 15.9 15.6 14.9 14.5 14.2 13.8 13.2 11.5 10.8 10.5 10.5 10.5 10.6 10.6 10.5 10.4 10.3 10.7 10.6 10.6 10.5 10.5 10.5 10.5 10.5 10.6 10.7 10.8 10.9 10.7 10.7 10.7 10.5 10.3 10.2 10.5 10.4 10.4 10.4 10.5 10.3 10.5 10.5 10.4
-1.9 -1.9 -1.9 -1.9 -1.9 -1.9 -1.9 -1.9 -1.9 0.8 2.2 3.5 4.7 4.4 4.7 4.7 3 0.8 2.3 5.7 6.2 6.2 6.1 6.4 7 7.1 7.3 7.6 8 8.3 8.6 9 9.4 10.3 13.3 17.2 20.4 21.7 21.7 20 17.5 17 16.1 15.3 14.2 13.6 13.2 12.1 11.7 12 9 9 11.8 10.5 10.3 10.4 10.5 10.5 10.4 10.2 10.1 10.3 10.7 10.6 10.5 10.5 10.5 10.5 10.5 10.5 10.5 10.6 10.7 10.8 10.7 10.5 10.5 10.4 10.1 10.5 10.7 10.7 10.5 10.5 10.6 10.4 10.4 10.4 10.4
-1.9 -1.9 -1.9 -1.9 -1.9 -1.9 -1.9 -1.9 -1.9 -0.6 0.9 2.2 3.4 4.5 4.7 4.5 2.1 1.4 2.6 1.8 3.5 5.8 6.1 6.3 6.4 6.6 6.9 7.1 7.5 7.8 8.2 8.6 9 9.4 10.2 10.9 13 14.3 14.7 14.8 14.7 14.1 13.5 13.1 12.3 11.8 11.3 10.7 10.5 10.7 10.6 11 11.2 10.3 10.3 10.5 10.4 10.3 10.3 10.4 10.5 10.6 10.6 10.6 10.5 10.4 10.4 10.4 10.5 10.5 10.5 10.6 10.7 10.7 10.6 10.5 10.3 10.3 10.1 10.7 10.8 10.9 10.8 10.6 10.6 10.5 10.4 10.4 10.3
-1.9 -1.9 -1.9 -1.9 -1.9 -1.9 -1.9 -1.9 -1.9 -1.9 -0.3 0.9 2.2 3.2 4.2 4.3 3.4 3.2 3.3 2.3 1.1 2 5.8 6.2 6.2 6.3 6.6 6.8 7 7.4 7.8 8.2 8.7 9 9.2 10.1 10.3 10.4 10.5 11.6 12.3 11.6 11.1 11 11 10.6 10.2 9.7 9.4 9.7 10.4 10.7 10.5 10.5 10.5 10.6 10.6 10.7 10.7 10.8 10.8 10.7 10.7 10.6 10.5 10.4 10.4 10.4 10.4 10.4 10.4 10.5 10.6 10.7 10.6 10.5 10.3 10.1 10.4 10.9 11 11.1 11 10.9 10.8 10.6 10.4 10.3 10.3
-1.9 -1.9 -1.9 -1.9 -1.9 -1.9 -1.9 -1.9 -1.9 -1.9 -1.9 -0.1 1 2.1 3.1 4.1 4.7 4.7 3.8 2.7 1.7 3 2 4.6 6.1 6.2 6.3 6.5 6.7 7 7.5 7.9 8.3 8.7 8.8 9.3 9.4 9.7 10 9.9 9.8 9.2 9.5 9.9 10.4 9.9 9.4 8.9 8.9 9.3 10.1 11 11.1 11 10.4 10.6 10.6 10.7 10.9 10.8 10.7 10.7 10.8 10.7 10.5 10.4 10.4 10.4 10.4 10.3 10.4 10.5 10.6 10.7 10.6 10.5 10.4 10.3 10.7 11 11.2 11.3 11.2 11 10.8 10.6 10.4 10.3 10.2
-1.9 -1.9 -1.9 -1.9 -1.9 -1.9 -1.9 -1.9 -1.9 -1.9 -1.9 -1.9 0.1 1.3 2.2 3.1 4 4.7 4.5 3.4 4.4 -1.9 4.6 2.5 4.8 6.2 6.3 6.3 6.4 6.7 7.1 7.6 8 8.3 8.5 8.8 9 9.3 9.6 9.5 9 8.6 8.7 9.6 9.8 9.3 8.8 8.6 8.5 9.3 10.2 11.1 11.4 10.7 10.3 10.5 10.7 10.7 10.8 10.8 10.7 10.8 10.8 10.7 10.5 9.6 10.3 10.4 10.4 10.4 10.5 10.6 10.7 10.7 10.5 10.4 10.3 10.2 10.6 11 11.2 11.2 11 10.8 10.6 10.3 9.9 10.1 10.1
-1.9 -1.9 -1.9 -1.9 -1.9 -1.9 -1.9 -1.9 -1.9 -1.9 -1.9 -1.9 -0.5 0.5 1.4 2.4 3.3 4 4.5 4.7 4.7 -1.9 3.8 1.3 1.3 5.1 6.5 6.3 6.2 6.3 6.8 7.2 7.7 7.9 8.2 8.6 8.8 8.9 9.1 8.8 8.4 8.3 8.4 9.2 9.2 8.7 8.6 8.5 8.4 8.9 9.8 10.6 10.1 9.8 9.7 10.5 10.7 10.8 10.9 10.8 10.8 10.9 10.3 9.8 9.9 8.7 9.9 10.4 10.5 10.2 10.4 10.6 10.7 10.8 10.5 10.3 10.3 10.3 10.6 11 11.2 11 10.7 10.4 9.8 9.5 9.3 9.3 9.8
-1.9 -1.9 -1.9 -1.9 -1.9 -1.9 -1.9 -1.9 -1.9 -1.9 -1.9 -1.9 -1 0 1.2 1.9 2.5 3.1 3.6 3.8 4.3 -1.9 3.6 2.6 1.6 2.1 5.2 6.3 6.2 6.2 6.4 6.9 7.3 7.6 7.6 7.7 8 8.3 8.7 8.6 8.4 8.3 8.5 8.9 8.8 8.6 8.5 8.4 8.4 8.5 8.8 9.2 9.1 9 8.7 9.6 10.4 10.7 10.4 10.3 9 8.1 8 8 7.9 8 7.9 7.9 8.6 8.3 8.1 7.9 8.6 8.3 8.6 8.9 9.5 9.6 8.9 9.6 10.1 10.4 9.9 9.3 9 8.8 8.7 8.7 8.7
-1.9 -1.9 -1.9 -1.9 -1.9 -1.9 -1.9 -1.9 -1.9 -1.9 -1.9 -1.9 -0.9 -0.2 0.7 1 1.2 1.4 1.6 1.8 2.1 -1.9 1.4 3.9 2 1.5 3.5 5.2 6.1 6.3 6.6 6.9 7 7.2 7.6 7.4 7.3 7.8 8.1 8.5 8.4 8.3 8.5 8.8 8.6 8.5 8.4 8.3 8.5 8.6 8.7 8.5 8.4 8.2 8 7.8 7.9 7.2 7.5 7.8 7.9 7.7 7.7 7.7 7.7 7.8 7.7 7.6 7.6 8 7.7 7.4 7.6 8.1 8 7.9 7.9 8.1 8.4 8.6 8.8 8.8 8.7 8.9 8.4 8.1 8.1 8.1 8.1
-1.9 -1.9 -1.9 -1.9 -1.9 -1.9 -1.9 -1.9 -1.9 -1.9 -1.9 -1.9 -1.6 -1.4 -1.2 -1 -0.8 -0.6 -0.3 -0.1 0.1 -1.9 -1.9 4.5 3.4 3.2 4 3.8 4.5 5.7 6.5 6.6 6.6 6.5 7 7.3 6.9 7.3 7.5 7.8 8.3 8.3 8.5 8.7 8.5 8.3 8.3 8.6 8.8 8.8 8.8 8.2 8.1 7.9 7.6 7.5 7.6 7.5 7.9 7.8 7.9 7.6 7.5 7.5 7.5 7.6 7.6 7.5 7.4 7.4 7.4 7.4 7.6 7.9 7.8 7.8 7.8 8 8.1 8.4 8.4 8.3 8 7.6 8.4 8 7.3 7.3 7.3
-1.9 -1.9 -1.9 -1.9 -1.9 -1.9 -1.9 -1.9 -1.9 -1.9 -1.9 -1.9 -1.9 -1.9 -1.9 -1.9 -1.9 -1.9 -1.9 -1.9 -1.9 -1.7 -1.9 2.4 4.2 4.4 4.5 -1.9 2.7 4.6 5.5 6.2 6.3 6.4 6.4 6.5 6.6 6.6 6.8 7.1 7.6 8 8.3 8.6 8.3 8.4 8.4 8.4 8.5 8.5 8.5 8.1 7.7 7.5 7.4 7.5 7.7 7.8 7.9 7.7 7.7 7.4 7.4 7.4 7.4 7.4 7.4 7.3 7.3 7.4 7.4 7.5 7.5 7.7 7.7 7.7 7.7 7.8 7.9 8.1 7.9 7.7 7.5 7.1 6.8 7.7 7.4 6.6 6.1
-1.9 -1.9 -1.9 -1.9 -1.9 -1.9 -1.9 -1.9 -1.9 -1.9 -1.9 -1.9 -1.9 -1.9 -1.9 -1.9 -1.9 -1.9 -1.9 -1.9 -1.9 -1.9 -1.9 -1.9 1 1.5 -1.9 -1.9 4.7 4.7 5.1 5.8 6.3 6.6 6.5 6.5 6.6 6.6 6.7 6.8 6.7 7.2 7.6 7.9 7.8 7.4 7.6 7.8 7.9 7.9 7.9 7.9 6.8 6.3 6.4 7.2 7.5 7.4 7.3 7.3 7.4 7.2 7.2 7.2 7.2 7.2 7.3 7.3 7.3 7.3 7.3 7.4 7.5 7.6 7.6 7.6 7.6 7.6 7.7 7.6 7.4 7.1 6.9 6.7 6.1 6.2 6.5 6.3 6
-1.9 -1.9 -1.9 -1.9 -1.9 -1.9 -1.9 -1.9 -1.9 -1.9 -1.9 -1.9 -1.9 -1.9 -1.9 -1.9 -1.9 -1.9 -1.9 -1.9 -1.9 -1.9 -1.9 -1.9 -1.9 -1.9 -1.9 -1.9 3.4 4.7 4.7 5.2 5.7 6.1 6.7 6.5 6.5 6.7 6.7 6.8 6.8 6.7 6.8 7.2 7 7 7 7.3 7.3 7.3 7.6 7.9 7 6 6.4 7.1 7.3 7.1 7.1 7.1 7.1 7.1 7.1 7.2 7.2 7.2 7.2 7.3 7.3 7.3 7.3 7.4 7.6 7.6 7.5 7.5 7.4 7.4 7.5 7.4 7.4 7.3 7.2 7 6.9 6.1 6.6 6.4 6.8
-1.9 -1.9 -1.9 -1.9 -1.9 -1.9 -1.9 -1.9 -1.9 -1.9 -1.9 -1.9 -1.9 -1.9 -1.9 -1.9 -1.9 -1.9 -1.9 -1.9 -1.9 -1.9 -1.9 -1.9 -1.9 -1.9 -1.9 -1.9 -0.3 4.1 4.7 4.3 5 5 5.8 6.6 6.5 6.7 6.7 6.8 7 6.8 6.7 6.6 6.6 6.6 6.6 6.7 6.7 6.8 7 7.1 6.8 6.1 6.3 7 7.1 7.1 7.1 7.2 7.2 7.1 7.1 7.1 7.2 7.2 7.1 7.2 7.3 7.3 7.4 7.5 7.6 7.6 7.6 7.5 7.5 7.5 7.4 7.3 7.2 7.2 7.1 7.1 7.3 7 7.1 6.6 7.3
-1.9 -1.9 -1.9 -1.9 -1.9 -1.9 -1.9 -1.9 -1.9 -1.9 -1.9 -1.9 -1.9 -1.9 -1.9 -1.9 -1.9 -1.9 -1.9 -1.9 -1.9 -1.9 -1.9 -1.9 -1.9 -1.9 -1.9 -1.3 0.2 1.5 3.1 4.7 4.8 4.8 4.6 5.3 6.4 6.7 6.8 6.9 7 7 6.8 6.7 6.7 6.5 6.5 6.5 6.6 6.5 6.5 6.5 6.6 7.4 7.7 7.2 7.1 7.2 7.2 7.2 7.2 7.2 7.1 7.1 7.1 7.1 7.1 7.1 7.4 7.4 7.4 7.5 7.6 7.7 7.6 7.6 7.6 7.6 7.6 7.3 7.1 7.1 7.1 7.1 6.7 7.1 7.2 7.1 7.4
-1.9 -1.9 -1.9 -1.9 -1.9 -1.9 -1.9 -1.9 -1.9 -1.9 -1.9 -1.9 -1.9 -1.9 -1.9 -1.9 -1.9 -1.9 -1.9 -1.9 -1.9 -1.9 -1.9 -1.9 -1.9 -1.9 -1.9 -1.9 -1.9 -0.7 0.8 2.3 3.6 4.7 4.7 4.8 5.5 5.9 6.4 6.8 7 7.1 6.9 6.7 6.7 7 6.5 6.7 6.8 6.4 6.4 6.6 6.5 7.1 7.7 7.4 7.2 7.2 7.3 7.3 7.3 7.3 7.2 7.1 7.1 7.1 7 7 7.3 7.4 7.4 7.5 7.6 7.7 7.7 7.6 7.6 7.7 7.7 7.5 7.1 7 7 7.2 7.4 7.3 7.3 7.2 7.1
-1.9 -1.9 -1.9 -1.9 -1.9 -1.9 -1.9 -1.9 -1.9 -1.9 -1.9 -1.9 -1.9 -1.9 -1.9 -1.9 -1.9 -1.9 -1.9 -1.9 -1.9 -1.9 -1.9 -1.9 -1.9 -1.9 -1.9 -1.9 -1.9 -1.9 -1.7 -0.2 1.4 2.1 4 4.8 4.9 5.2 6 6 6.1 6.7 6.8 6.8 6.8 7 6.4 4.7 6.1 6.3 6.4 6.4 6.5 6.7 7.4 7.6 7.3 7.3 7.3 7.3 7.4 7.3 7.3 7.2 7.3 7.1 6.9 6.9 7.2 7.4 7.5 7.6 7.6 7.7 7.7 7.7 7.6 7.5 7.3 7.3 7 6.6 6.9 7 7.5 7.5 7.4 7.3 7.3
-1.9 -1.9 -1.9 -1.9 -1.9 -1.9 -1.9 -1.9 -1.9 -1.9 -1.9 -1.9 -1.9 -1.9 -1.9 -1.9 -1.9 -1.9 -1.9 -1.9 -1.9 -1.9 -1.9 -1.9 -1.9 -1.9 -1.9 -1.9 -1.9 -1.9 -1.9 -1.9 -1.1 -1.9 1.5 4 4.7 4.4 5.4 5.6 5.6 5.7 5.8 5.9 6 6.3 5.3 4.7 4.8 5.5 6.6 6.9 6.9 7 7 7.6 7.4 7.4 7.4 7.4 7.4 7.5 7.5 7.6 7.6 7.5 7.3 6.7 6.7 6.7 6.8 6.8 6.8 6.7 6.7 6.6 6.5 6.3 6.2 5.9 5.4 6.2 7.2 7.4 7.5 7.6 7.7 7.6 7.5
-1.9 -1.9 -1.9 -1.9 -1.9 -1.9 -1.9 -1.9 -1.9 -1.9 -1.9 -1.9 -1.9 -1.9 -1.9 -1.9 -1.9 -1.9 -1.9 -1.9 -1.9 -1.9 -1.9 -1.9 -1.9 -1.9 -1.9 -1.9 -1.9 -1.9 -1.9 -1.9 -1.9 -1.9 0.5 1.4 1.1 3.3 4.9 5.1 4.2 5.2 5.3 5.4 5.6 5.6 -1.9 -1.9 -1.5 5 5.2 7.3 7.3 7.4 7.4 7.4 7.5 7.5 7.5 7.1 6.9 6.9 7 7.1 7.2 6.9 6.7 5.8 5.6 5.8 5.8 5.8 6.1 6 5.9 5.9 5.7 5.7 5.6 5.1 4.7 6.7 6.6 7.1 7.2 7.4 7.7 7.8 7.7
-1.9 -1.9 -1.9 -1.9 -1.9 -1.9 -1.9 -1.9 -1.9 -1.9 -1.9 -1.9 -1.9 -1.9 -1.9 -1.9 -1.9 -1.9 -1.9 -1.9 -1.9 -1.9 -1.9 -1.9 -1.9 -1.9 -1.9 -1.9 -1.9 -1.9 -1.9 -1.9 -1.9 -1.9 -1.9 -1.9 -1.9 1.2 3.2 3.7 4.7 4.5 5.1 5.2 5.4 5.1 -1.9 4.7 5.1 5.2 6 6.2 6.3 6.6 6.7 7 7.3 6.8 6.5 6.5 6.2 6.2 6.3 6.4 6.7 6.2 5.9 5.2 4.7 4.7 4.9 5.2 5.5 5.4 5.2 5.1 5.1 5.2 4.9 4.7 5.3 6.2 6.4 6.9 6.9 7 7.2 7.6 7.7
-1.9 -1.9 -1.9 -1.9 -1.9 -1.9 -1.9 -1.9 -1.9 -1.9 -1.9 -1.9 -1.9 -1.9 -1.9 -1.9 -1.9 -1.9 -1.9 -1.9 -1.9 -1.9 -1.9 -1.9 -1.9 -1.9 -1.9 -1.9 -1.9 -1.9 -1.9 -1.9 -1.9 -1.9 -1.9 -1.9 -1.9 -1.9 0.2 0.8 2 3.5 4.8 4.9 4.8 -1.9 -1.9 4.7 5 5.6 6.2 6.3 6.4 6 6.3 6.6 6.8 6.3 6.2 6 5.6 5.6 5.7 6 6.4 6.1 5.3 4.7 4.7 4.7 -1.9 4.7 4.8 4.7 4.8 4.9 4.7 4.7 4.7 4.7 5.3 5.8 6.6 6.6 6.6 6.7 6.7 6.3 5.5
-1.9 -1.9 -1.9 -1.9 -1.9 -1.9 -1.9 -1.9 -1.9 -1.9 -1.9 -1.9 -1.9 -1.9 -1.9 -1.9 -1.9 -1.9 -1.9 -1.9 -1.9 -1.9 -1.9 -1.9 -1.9 -1.9 -1.9 -1.9 -1.9 -1.9 -1.9 -1.9 -1.9 -1.9 -1.9 -1.9 -1.9 -1.9 -1.9 -1.9 -1.9 0.4 2.1 3.2 0.7 -1.9 -1.9 2.2 4.8 5.3 5.7 5.8 6 6.1 5.9 6.2 6.2 6.1 6 5.6 5.1 5 5.2 5.6 6.1 6 5.3 4.9 -1.9 -1.9 5.3 5.8 6 6 5.4 4.7 -1.9 4.7 3.9 4.8 5.6 6.3 6.1 6.1 6.2 6.2 6.2 6.8 6
-1.9 -1.9 -1.9 -1.9 -1.9 -1.9 -1.9 -1.9 -1.9 -1.9 -1.9 -1.9 -1.9 -1.9 -1.9 -1.9 -1.9 -1.9 -1.9 -1.9 -1.9 -1.9 -1.9 -1.9 -1.9 -1.9 -1.9 -1.9 -1.9 -1.9 -1.9 -1.9 -1.9 -1.9 -1.9 -1.9 -1.9 -1.9 -1.9 -1.9 -1.9 -1.9 -1.9 0.1 -1.9 -1.9 -1.9 -1.9 3 4.9 5.2 5.5 5.6 5.6 5.7 5.7 5.4 5 5.4 5.1 4.8 4.7 4.8 5.3 5.7 6 5.6 5.2 -1.9 -1.9 6.1 6.1 6 5.8 5.1 4.7 -1.9 4.7 6 4.8 5.9 5.8 5.7 5.6 5.7 5.7 5.7 5.9 6.4
-1.9 -1.9 -1.9 -1.9 -1.9 -1.9 -1.9 -1.9 -1.9 -1.9 -1.9 -1.9 -1.9 -1.9 -1.9 -1.9 -1.9 -1.9 -1.9 -1.9 -1.9 -1.9 -1.9 -1.9 -1.9 -1.9 -1.9 -1.9 -1.9 -1.9 -1.9 -1.9 -1.9 -1.9 -1.9 -1.9 -1.9 -1.9 -1.9 -1.9 -1.9 -1.9 -1.9 -1.9 -1.9 -1.9 -1.9 -1.9 1 3.3 4.8 5 5.1 5.1 5.2 5.1 5 4.7 4.6 4.5 4.5 4.6 4.7 5.3 5.2 5.5 5.2 4.9 -1.9 -1.9 4.9 4.5 4.7 4.5 3.8 1.8 -1.9 2.7 4.7 5.7 5.4 5.3 5.3 5.2 5.2 5.2 5.2 5.2 6.3
-1.9 -1.9 -1.9 -1.9 -1.9 -1.9 -1.9 -1.9 -1.9 -1.9 -1.9 -1.9 -1.9 -1.9 -1.9 -1.9 -1.9 -1.9 -1.9 -1.9 -1.9 -1.9 -1.9 -1.9 -1.9 -1.9 -1.9 -1.9 -1.9 -1.9 -1.9 -1.9 -1.9 -1.9 -1.9 -1.9 -1.9 -1.9 -1.9 -1.9 -1.9 -1.9 -1.9 -1.9 -1.9 -1.9 -1.9 -1.9 0.2 2.1 3.1 3.9 4.7 4.6 4.5 4.4 4.3 4.1 3.7 3.6 3.6 3.7 3.9 4.1 4.5 4.9 4.8 4.7 4.7 -1.9 1.5 1.6 1.8 1 0.2 -1.9 -1.9 -1.9 4.1 5.6 5.5 4.9 4.8 4.8 4.4 4.7 -1.9 2.6 -1.9
-1.9 -1.9 -1.9 -1.9 -1.9 -1.9 -1.9 -1.9 -1.9 -1.9 -1.9 -1.9 -1.9 -1.9 -1.9 -1.9 -1.9 -1.9 -1.9 -1.9 -1.9 -1.9 -1.9 -1.9 -1.9 -1.9 -1.9 -1.9 -1.9 -1.9 -1.9 -1.9 -1.9 -1.9 -1.9 -1.9 -1.9 -1.9 -1.9 -1.9 -1.9 -1.9 -1.9 -1.9 -1.9 -1.9 -1.9 -1 0.1 1.3 2.5 3.7 4.1 3.7 3.6 3.5 3.3 3.2 2.9 2.7 2.7 2.9 3 3.3 3.7 4 4.3 4.6 4.7 -1.9 -1.9 -1.2 -1.9 -1.9 -1.9 -1.9 -1.9 -1.9 1.6 3.1 3.3 1.9 -1.9 -1.9 -1.9 -1.9 -1.9 -1.9 -1.9
-1.9 -1.9 -1.9 -1.9 -1.9 -1.9 -1.9 -1.9 -1.9 -1.9 -1.9 -1.9 -1.9 -1.9 -1.9 -1.9 -1.9 -1.9 -1.9 -1.9 -1.9 -1.9 -1.9 -1.9 -1.9 -1.9 -1.9 -1.9 -1.9 -1.9 -1.9 -1.9 -1.9 -1.9 -1.9 -1.9 -1.9 -1.9 -1.9 -1.9 -1.9 -1.9 -1.9 -1.9 -1.9 -1.9 -1.9 -1.1 0.1 1.3 2.5 3.5 3.4 3.1 2.7 2.5 2.4 2.3 2 1.8 1.9 2 2.1 2.5 2.8 3 3.2 3 3 1.6 -1.9 -1.9 -1.9 -1.9 -1.9 -1.9 -1.9 -1.9 -1.4 -1 -1.2 -1.9 -1.9 -1.9 -1.9 -1.9 -1.9 -1.9 -1.9
-1.9 -1.9 -1.9 -1.9 -1.9 -1.9 -1.9 -1.9 -1.9 -1.9 -1.9 -1.9 -1.9 -1.9 -1.9 -1.9 -1.9 -1.9 -1.9 -1.9 -1.9 -1.9 -1.9 -1.9 -1.9 -1.9 -1.9 -1.9 -1.9 -1.9 -1.9 -1.9 -1.9 -1.9 -1.9 -1.9 -1.9 -1.9 -1.9 -1.9 -1.9 -1.9 -1.9 -1.9 -1.9 -1.9 -1.9 -1.1 0.1 1.3 2.5 3 2.8 2.4 2.1 1.7 1.5 1.3 1.2 0.9 1 1.1 1.3 1.7 1.9 2 2.1 1.4 1.1 0.2 -1.9 -1.9 -1.9 -1.9 -1.9 -1.9 -1.9 -1.9 -1.9 -1.9 -1.9 -1.9 -1.9 -1.9 -1.9 -1.9 -1.9 -1.9 -1.9
-1.9 -1.9 -1.9 -1.9 -1.9 -1.9 -1.9 -1.9 -1.9 -1.9 -1.9 -1.9 -1.9 -1.9 -1.9 -1.9 -1.9 -1.9 -1.9 -1.9 -1.9 -1.9 -1.9 -1.9 -1.9 -1.9 -1.9 -1.9 -1.9 -1.9 -1.9 -1.9 -1.9 -1.9 -1.9 -1.9 -1.9 -1.9 -1.9 -1.9 -1.9 -1.9 -1.9 -1.9 -1.9 -1.9 -1.9 -1.1 0.1 1.3 2.3 2.5 2.2 1.8 1.4 1.1 0.7 0.4 0.3 0 0.1 0.2 0.5 0.7 0.9 1 1 0.3 -0.4 -1.9 -1.9 -1.9 -1.9 -1.9 -1.9 -1.9 -1.9 -1.9 -1.9 -1.9 -1.9 -1.9 -1.9 -1.9 -1.9 -1.9 -1.9 -1.9 -1.9
-1.9 -1.9 -1.9 -1.9 -1.9 -1.9 -1.9 -1.9 -1.9 -1.9 -1.9 -1.9 -1.9 -1.9 -1.9 -1.9 -1.9 -1.9 -1.9 -1.9 -1.9 -1.9 -1.9 -1.9 -1.9 -1.9 -1.9 -1.9 -1.9 -1.9 -1.9 -1.9 -1.9 -1.9 -1.9 -1.9 -1.9 -1.9 -1.9 -1.9 -1.9 -1.9 -1.9 -1.9 -1.9 -1.9 -1.9 -1.1 0.1 1.3 1.8 1.9 1.5 1.2 0.8 0.4 0.1 -0.3 -0.6 -0.9 -0.8 -0.7 -0.4 -0.3 -0.1 0 -0.1 -0.9 -1.9 -1.9 -1.9 -1.9 -1.9 -1.9 -1.9 -1.9 -1.9 -1.9 -1.9 -1.9 -1.9 -1.9 -1.9 -1.9 -1.9 -1.9 -1.9 -1.9 -1.9
-1.9 -1.9 -1.9 -1.9 -1.9 -1.9 -1.9 -1.9 -1.9 -1.9 -1.9 -1.9 -1.9 -1.9 -1.9 -1.9 -1.9 -1.9 -1.9 -1.9 -1.9 -1.9 -1.9 -1.9 -1.9 -1.9 -1.9 -1.9 -1.9 -1.9 -1.9 -1.9 -1.9 -1.9 -1.9 -1.9 -1.9 -1.9 -1.9 -1.9 -1.9 -1.9 -1.9 -1.9 -1.9 -1.9 -1.9 -1.1 0.1 1 1.3 1.3 0.9 0.5 0.2 -0.2 -0.6 -0.9 -1.3 -1.9 -1.9 -1.9 -1.4 -1.2 -1.1 -1 -1.9 -1.9 -1.9 -1.9 -1.9 -1.9 -1.9 -1.9 -1.9 -1.9 -1.9 -1.9 -1.9 -1.9 -1.9 -1.9 -1.9 -1.9 -1.9 -1.9 -1.9 -1.9 -1.9
-1.9 -1.9 -1.9 -1.9 -1.9 -1.9 -1.9 -1.9 -1.9 -1.9 -1.9 -1.9 -1.9 -1.9 -1.9 -1.9 -1.9 -1.9 -1.9 -1.9 -1.9 -1.9 -1.9 -1.9 -1.9 -1.9 -1.9 -1.9 -1.9 -1.9 -1.9 -1.9 -1.9 -1.9 -1.9 -1.9 -1.9 -1.9 -1.9 -1.9 -1.9 -1.9 -1.9 -1.9 -1.9 -1.9 -1.9 -1.1 0.1 0.6 0.9 0.6 0.2 -0.1 -0.5 -0.9 -1.2 -1.6 -1.9 -1.9 -1.9 -1.9 -1.9 -1.9 -1.9 -1.9 -1.9 -1.9 -1.9 -1.9 -1.9 -1.9 -1.9 -1.9 -1.9 -1.9 -1.9 -1.9 -1.9 -1.9 -1.9 -1.9 -1.9 -1.9 -1.9 -1.9 -1.9 -1.9 -1.9
-1.9 -1.9 -1.9 -1.9 -1.9 -1.9 -1.9 -1.9 -1.9 -1.9 -1.9 -1.9 -1.9 -1.9 -1.9 -1.9 -1.9 -1.9 -1.9 -1.9 -1.9 -1.9 -1.9 -1.9 -1.9 -1.9 -1.9 -1.9 -1.9 -1.9 -1.9 -1.9 -1.9 -1.9 -1.9 -1.9 -1.9 -1.9 -1.9 -1.9 -1.9 -1.9 -1.9 -1.9 -1.9 -1.9 -1.9 -1.1 -0.2 0.1 0.3 0 -0.4 -0.8 -1.1 -1.5 -1.9 -1.9 -1.9 -1.9 -1.9 -1.9 -1.9 -1.9 -1.9 -1.9 -1.9 -1.9 -1.9 -1.9 -1.9 -1.9 -1.9 -1.9 -1.9 -1.9 -1.9 -1.9 -1.9 -1.9 -1.9 -1.9 -1.9 -1.9 -1.9 -1.9 -1.9 -1.9 -1.9
-1.9 -1.9 -1.9 -1.9 -1.9 -1.9 -1.9 -1.9 -1.9 -1.9 -1.9 -1.9 -1.9 -1.9 -1.9 -1.9 -1.9 -1.9 -1.9 -1.9 -1.9 -1.9 -1.9 -1.9 -1.9 -1.9 -1.9 -1.9 -1.9 -1.9 -1.9 -1.9 -1.9 -1.9 -1.9 -1.9 -1.9 -1.9 -1.9 -1.9 -1.9 -1.9 -1.9 -1.9 -1.9 -1.9 -1.9 -1.1 -0.7 -0.3 -0.3 -0.7 -1 -1.4 -1.8 -1.9 -1.9 -1.9 -1.9 -1.9 -1.9 -1.9 -1.9 -1.9 -1.9 -1.9 -1.9 -1.9 -1.9 -1.9 -1.9 -1.9 -1.9 -1.9 -1.9 -1.9 -1.9 -1.9 -1.9 -1.9 -1.9 -1.9 -1.9 -1.9 -1.9 -1.9 -1.9 -1.9 -1.9
