public/OST50/NY07.asc
ncols 200
nrows 200
xllcorner 300000
yllcorner 570000
cellsize 50
[rows 111 to 147 of 200, columns 83 to 165 of 200]
19.1 18.3 16.9 15.9 15.7 17.6 21.3 23.2 23.9 25.1 27.4 30.1 32.4 36.5 37.8 40 44.6 48.4 50 50.6 48.6 45.7 45.3 45.3 45.7 46.2 46.8 46.8 47.4 48.5 49.7 52.1 55.2 58.5 58.8 59.6 62 66.6 73 81.1 88.7 94.4 99 104.1 109.3 111 113.8 113.7 114.2 115.5 114 112.4 112.7 114.2 116.3 120.5 125 129.3 134 137.7 143.6 147.3 150.8 156.3 163.3 170.8 177.6 179 180.4 180.3 180.1 180.5 180.5 179.4 178.5 182.1 176.1 165.4 165 165.3 165.4 168.3 171.5
18.2 18.2 18.9 16.1 15.4 16.9 21.4 24.1 23.5 24.5 25.5 28 31.6 34.4 35.7 39.3 42.4 45.8 48 49.8 49.2 45.8 44.6 45.2 45.3 46.2 46.7 46.9 47.4 48 49.8 52.1 54.8 56.9 56.6 57.4 60.3 65.1 70.8 76.8 85.5 92.8 96.8 100.5 104.7 108.9 112.2 111.8 111.3 112.7 112.3 110.7 111.7 113.4 115.5 118.9 123.2 127.4 131.5 136.1 139.9 143.1 147.1 152.3 158.3 166.3 172.2 176.4 177.4 177.6 177.2 177.3 177 176.2 175.6 176.3 173.9 165.6 163.7 163.7 163.8 165.8 168.8
17.7 17.7 19.2 16.1 15.5 15.7 19.7 22.4 23.9 24.3 24.6 26.1 30.4 33.2 34.5 37.6 40.6 44.2 47.3 49.6 50.6 47.6 44.7 45.1 45 46 46.6 47.1 47.6 47.8 49.6 50.8 53.1 53.9 55.8 56.8 58.4 61.9 66.2 71.8 79.1 89 93.4 95.3 100.1 105.7 109.5 110 109 109.1 110.6 110 111.2 112.8 114.9 117.6 122 125.9 130.3 136.2 135.6 139.9 140.9 147.1 154 161.8 167.5 172.4 174.9 174.7 174.1 174 173.7 173.8 173.1 173.2 172.3 165.8 162.6 162.3 162.5 163.7 166.6
18.3 18.6 17.3 16.6 16.4 15.2 17 21.2 22.9 24 23.3 24.3 28.2 32 33.2 34.9 38.1 41.2 45.1 48.6 50.8 49.4 46.1 44.7 44.6 45.7 46.7 47.4 47.7 47.6 48.6 49.6 50.9 52.6 55.6 56.3 57.3 60.5 62.8 66.6 73.2 82.8 88 93 95.8 100.3 104.1 106.9 106.8 107.8 108.4 108.9 110.7 112.5 113.8 116.8 120.6 124.4 129.3 136.1 136.2 136.3 139.8 140.8 145.1 156.4 162.9 168.5 171.8 171.7 170.9 170.8 171.8 171.1 170.7 169.9 169.2 164.8 161.8 161.2 161.4 162.4 165.2
18.8 18.8 18 17.5 16.5 15.3 15.4 19.9 22.2 22.9 22.3 23.2 26.1 31 32 33.7 36.1 39.5 43.2 47 49.6 50.7 47.8 45.6 44.7 45 46 47.3 48 48 48.5 49.3 51.3 53.3 54.1 57.2 56.6 58.2 60.5 64.8 70.7 77.1 83.7 89.4 92.9 95.8 98.7 102.7 104.9 105.8 105.2 105.5 109.6 112.1 113.4 116.2 119.1 123 128.3 134.3 135.8 134.6 136.9 138.8 138.8 148.4 157.4 164.6 168.5 169.2 168.4 167.9 168.9 168.2 167.9 167.5 167.1 163.8 161.1 160.3 160.3 161.8 163.6
18.7 18.6 18.6 18.5 17.5 16.1 14.1 18.4 21.7 21.5 22 22.5 24.5 28.8 31.7 33 34.7 36.8 40.1 44.8 49.2 51.6 49.6 46.4 44.9 44.9 45.8 47.2 48.9 49.1 48.8 49.2 50.9 52.9 53 56 56.2 55.5 59.4 63.2 68.6 74.4 78.7 84.6 89.2 92.2 94.7 98.9 103.1 102.8 102.3 104.3 107.3 110.3 113.5 115.9 118.4 122.8 127.5 132.8 134.6 133.7 133.1 133.5 136.7 146.9 155 159.9 165.3 166.7 166.2 165.7 165.8 165.7 166 165 164.7 162.5 161.5 159.6 159.5 160.6 161.7
18.3 18.5 18.4 18.2 17.7 16.6 15.2 15.5 18.5 20.6 22.6 22.8 24.5 26.8 30.1 32.5 33.8 35.4 36.7 42.2 48.7 49.8 48.3 44.3 45 45.7 46.7 47.5 48.5 50.4 49.8 49.4 49.5 51.1 51.7 52.4 53.5 54.9 57.8 61 64.6 68 73.7 79.7 84.7 87.9 90.7 94 97.9 98.2 101.4 103.5 106.9 110.3 113.1 115.3 118.5 122.3 126.1 131.4 133.1 133 133.2 128.5 134.7 145.2 151.7 157.1 161.7 163.3 164.1 163.6 163.3 163.4 163.9 163.7 163.1 162.7 161.6 159.8 158.9 158.9 160.3
17.4 18.4 18.2 17.8 17.5 16.2 14.8 13.8 16.8 21 22.3 22.6 24.6 25.6 28.1 30.5 32 32.7 34.2 38.6 41.6 39.5 45.8 50.5 48.4 46.6 46.3 47.2 47.7 49.6 50.5 50.3 49.8 51 51 52.1 53.4 53.6 56.4 58.1 60.6 65.5 70.6 75.2 79.8 83.9 88 89.9 93.8 97.8 101.5 102.8 104.9 109.7 111.5 113.5 116.9 120.8 125.2 129.5 131.7 131.4 130.5 127.2 131.5 139.7 147.9 154.1 157.6 160.5 162.3 162 161.8 161.5 162.2 162.1 162.6 162.2 161.4 159.7 159.1 158.8 159.4
16.2 17.8 18.4 18.3 17.9 16.3 14.9 14.1 16.8 19.3 21.6 22.4 23.5 24.5 25.8 28 29.3 29.1 33.2 35.7 39 47.3 50.2 52.3 49.8 48.9 47.7 47.4 47.3 49.9 52.5 51.8 51.2 50.7 50.7 51.5 52.4 52.7 53.8 55.6 58.7 62.3 66.6 70.8 75.4 79.6 84.9 84.8 88.7 94 98.9 101.6 105.1 108.4 109.2 111.9 115.3 118.9 123.6 127.4 130.5 129.1 128.3 127.4 124.4 132.9 141.5 149.2 154 157 159.7 160.4 160.2 159.6 160.8 161.4 162.1 161.8 161.2 161.4 160.6 158.9 158.8
15.6 16.5 17.5 18.1 17.7 16.4 16.1 14.5 14.6 17.5 20.1 21.6 22.4 23.3 24.3 24.7 24.3 28.9 34.2 37 42.2 46 49.3 51.6 51.1 50.5 49 47.7 47.8 49.9 52.5 53.1 52.5 52.7 50.7 50.8 51.3 51.8 53.7 55.5 58.1 60.6 63.1 67 71.1 75.4 79.1 83.6 88 93.1 97.3 100.7 103.9 106.3 108.3 110.8 113.8 117.3 120.9 125.1 128.9 127.7 125.8 125.4 123 127.6 134.6 140.9 148.5 152.7 156.2 157.8 158.2 157.4 158.2 159.4 161.2 162 162 162.3 161.2 158.9 159
14.8 15.5 16.3 16.9 17.1 16.6 17.7 15.8 13.8 16 18.3 19.9 21.4 22.1 21.2 24.5 26 28.9 31.6 35.4 40.5 44.2 47.2 49.9 50.9 52.6 51 49.2 48.6 49.6 52.2 53.7 53.2 54.1 53.8 51.5 50.3 50.8 53.9 55.3 56.3 59 61.7 64.9 68.4 71.2 76 82.1 85.4 90.5 96.2 99.8 102.9 105.5 107.5 109.7 112.3 115.8 118.8 121.8 125.4 125.1 123.4 122.3 121.4 123.1 129.2 134.6 141.1 148.5 152 154.9 155.9 155.2 156.2 157.7 159.6 161 161.7 162.9 162.4 159.7 159.2
14.5 15.2 15.9 16.5 16.8 16.7 17.1 16.2 14.7 15 16.6 18.1 19 20.3 22.1 24.2 26 28.5 30.2 34.2 38.3 43 44.8 48.2 50.9 53.6 52.7 50.9 50 50.9 50.9 52.4 54 55.2 55.8 53.5 50.6 50.8 54 55 56 57.1 59.5 62.7 64.4 66.5 72.1 78.4 83.3 88.8 94.1 98.3 100.7 103.4 106.2 108.3 111.5 114.2 116.5 119.5 122.8 123.1 121.9 120.3 119.8 120.9 124.6 128.3 136.6 145.1 148.7 152 153 152.8 154 156.3 157.7 160.4 162 163.5 163.8 161.9 159.7
14.4 15.2 15.9 16.6 16.4 16.8 17.2 17.4 15.1 14.1 15.1 16.6 18.4 20.1 22.3 24 25.8 28.5 29.3 32.3 35.8 40.8 43.4 45.8 49.8 52.2 53.2 52.8 52.6 51.3 50.3 51.3 55.2 56 56.4 54.9 51.6 51.7 51.4 51.4 52.7 55.4 57.7 59.8 61.4 65.8 69 75.3 82.2 86.4 91.1 96.2 100 102 105 108.3 111.3 113.3 115.5 117.9 120 121 120.4 119 115.9 117 119.4 122.5 127.7 136.7 143.2 148 149.7 148.5 149.2 154.5 159.7 161.2 162.6 163.8 164.5 164.6 162.4
14.6 15.3 16 16.5 16.4 16.8 17.1 17.5 16.8 14.3 14.8 16.3 18.1 19.5 21.6 23.6 25 26.5 28.5 30.6 34 38.1 41.9 45.1 48.4 50.5 53.5 56.6 55.4 52.5 50.5 50.5 54.9 56 56 56 53.6 50.2 49.8 50.1 51.3 54.1 56.1 57.6 59.8 63 66.5 72.3 77.8 82.6 88.1 93 96.9 102.1 105.1 108.3 110.6 112.9 115.3 116.8 118.1 119.6 118.4 116.5 114.2 113.5 115.8 119.4 124.2 130.3 135.5 140.2 142 148.1 151.4 155.3 158.9 160.9 162 163.5 164.3 166 163.5
14.9 15.6 16.2 16.2 16.4 16.8 17.1 17.4 15.3 14.8 15.3 15.3 16.5 17.7 19.6 21.6 23.9 25.9 27.4 29.1 32.5 37.2 40.8 43.5 47.4 49.4 53.2 54.9 54.1 54.4 51.5 51.2 53.4 55.9 56.4 56.6 55.7 52.2 49 49.6 50.8 52.6 54.1 55.6 57.7 61.1 64.6 69.3 75.5 80.1 85.4 91.6 95.7 100.5 104.9 107.1 110.1 112.6 115.5 116.4 117.5 116.4 115.7 114.2 113.1 110.9 112.4 115.5 121.1 125.5 129.6 131.1 142.6 148.4 150.9 153.3 157.7 159.5 160.9 162.3 163.5 165.4 163.6
15.3 16 16.5 17 16.3 16.7 17 17.2 17.2 13.6 14.5 15.2 16 17.1 18.1 19.8 23.8 25.8 25.9 27.7 31.1 35.7 39.4 42 45.6 47.9 51.4 52.1 53.3 54.2 52.8 53.1 53.5 54.8 55.7 56.2 55.7 54.2 50.7 49 49.9 50.8 52.1 53.6 56.2 60.6 63.1 66.2 71 77.8 83 88.7 94 99 103.1 105.7 108.6 111.7 115.7 115.8 116.4 116.4 114 111.5 110.5 109.5 109.6 112 116.4 119.1 124.9 134.7 140.9 145.8 149.4 151.4 155.5 158.8 160.1 161.2 162.6 162.4 162.5
15 15.5 16.2 16.2 16.7 16.6 16.9 17 16.3 12.8 13.5 14.5 15.3 16.3 17.1 18.7 21.7 24.4 25.2 27.3 29.5 33.1 38 41.2 43.8 46.4 48.9 50.8 52 54.1 54.8 55.2 54.8 55 54.2 55.2 55.1 54.4 51.6 48.7 48.6 49.3 50.5 51.8 53.2 55.9 59 63.4 67.9 74.2 80.2 86 90.9 95.4 99.9 103.5 107 110.3 114.3 116.3 115.4 114.4 112.8 110.4 109.4 110.3 107.5 111.9 116.1 119.7 124.1 132.9 138 142.7 146.3 150.1 152.2 155.8 159.3 159.7 160.5 160.2 158.6
14.3 14.9 15.5 15.5 15.9 16.4 16.8 16.6 15 13.3 13.2 13.9 14.7 15.6 16.5 17.9 19.4 22.8 24.8 26.4 28.3 31.6 36.6 39.7 42.8 45.6 48.1 49.4 50.3 52.1 55.1 54.6 54.5 54.3 53.3 53.1 54.6 53.7 52 49.2 47.6 48.2 48.6 49.7 51.9 54 56.8 60.7 65.5 70.3 76.6 82.5 87.3 91.9 96.5 100.6 104.5 107.9 112.1 114.9 114.9 111.7 111.2 109.8 108.2 105.9 105.6 110.3 113.7 116.8 123.5 130.7 135.5 139.6 143.4 147.8 149.5 153 155.9 157 157.6 158.1 158.1
13.4 13.8 14.8 14.8 15.1 15.2 16.1 15.8 14.4 12.5 13.7 14 14.6 15.5 16.2 16.7 18.2 20.8 23.7 25.3 28.1 30.7 35 39.2 42 44.4 45.8 47.6 48.6 50.4 52.5 53 54.1 53 52 51.7 52.2 52.8 51.2 49.7 46.9 46.7 46.5 47.2 50.9 52.9 54.5 58.2 62 66.5 72.7 79.3 84.4 89.6 93.7 97.8 102.1 106.1 108.7 111.3 112.8 111.4 109.3 108.1 105.7 103.6 103.5 107.2 111.1 113.8 121.9 127.7 132 136.6 140.3 144.2 147.7 150.9 152.7 154 154.9 155.5 155
12.8 12.8 12.7 13.6 13.8 14.3 15 15.6 14.1 12.4 12.7 14.3 14.7 15.2 15.9 16.5 16.8 19.8 22.6 25.3 26.8 29.2 32.3 35.6 37.3 41.8 43.4 45.3 46.4 48.1 49.2 49.7 51.3 51.7 52.2 50.7 50.4 51.8 51 49.7 47.4 45.5 45.1 45.6 50.1 51.3 52.2 55.7 59.5 63.1 69.4 76.3 81.5 86.8 91.1 95.1 99.3 103.3 106.9 109.2 109.9 110.2 108.1 105.7 103.1 101.8 101.4 104.5 107.4 109.4 117.4 124.1 128.4 133.1 137.5 142.4 145.8 148.3 149.8 150.9 151.9 152.7 152.6
12.2 12.4 12.6 12.8 13 13.4 14.2 14.7 12.6 12 11.9 13.5 14 14.4 14.7 15.3 15.8 17.5 19.8 23.8 26.5 27.8 32.2 33.2 36.1 39.4 41.2 43 44.2 44.9 46.9 47.8 49.7 51.7 51.1 49.8 49.3 49.9 49.9 48.7 47.4 44.8 44 44.2 48.1 48.4 50.2 53.5 56.8 59.9 65.3 71.6 77.5 83.4 88.3 92.3 96.4 100.5 103.9 107.1 108.4 108 106.8 103.8 101.6 100.3 99.2 99.9 102 104.7 112.6 120.1 124.6 129.3 134.5 140.2 144 147 149.3 149.9 150.4 150.7 150.5
12.1 12.1 12.2 12.4 12.6 13 13.6 14 13.4 12 11.5 12.4 13.3 13.7 14.1 14.7 15.5 16.3 18 20.8 23.8 26.8 30.2 31.8 33.8 36.4 39.1 42.8 44.7 43.7 44.5 45 47.8 51.6 50.5 49.9 49 47.6 47.7 46.9 46.5 44.1 43.1 43 43.8 44.8 47.5 51.5 54.2 56.8 62.2 69 74.2 80.9 85.1 89.4 93.5 97.4 101.3 104.2 106.3 106.4 105.4 102.3 100 98.6 97.5 98.4 99.8 103.5 109.3 115.1 119.9 124.7 130.4 136.4 141.9 145.3 147.2 148 148.2 148.3 147.8
12.1 12.1 12.2 12.2 12.6 12.9 12.9 15 13 12.8 11.8 11.9 12.8 13 13.5 14.1 14.9 15.7 17.4 19.1 20.6 24.4 27.9 30.8 32.9 35.8 37.9 41.6 42.8 42.5 43.7 44.2 44.1 47.3 48 48 47.9 46.5 45.6 46.5 45.3 43.5 42.4 41.8 41.8 44.1 45.9 49.5 52.5 53.8 58.8 65.2 71.2 76.8 82.2 86.4 90.5 94.7 99 101.6 104 104.6 103.9 101.2 98.6 97 95.8 96.7 97.8 99.3 104.8 110 115.5 120.9 126.9 133.2 138.7 142.5 144 144.9 144.9 144.7 144.7
12.2 12.1 12.1 12.2 12.4 12.6 12.6 12.9 15.7 13.2 12.4 12.8 12.7 12.5 12.8 13.6 14.4 15.2 16.7 17.9 19.9 22.8 25 29.4 32.2 33.7 35.8 37.2 38.7 39.9 41.9 42 42.3 43.6 44.3 45.9 45.8 45.3 43.9 45.3 44.1 42.6 41.5 41 41.2 42.4 44.8 47.6 50.1 51.3 55.2 61.7 69 73.9 79.1 84 89 92.6 96.4 99.2 101.9 102.6 101.7 99.7 97 95.2 94.2 94.6 95.5 97.3 101 104.5 111.4 116.5 123.8 129.8 135.6 139 142.1 141.4 140.1 140.9 140.9
12.2 12.1 12.1 12.2 12.2 12.4 12.4 12.5 13 14.4 12.6 11.5 11.6 11.9 12.2 13 13.8 14.9 16 16.9 18.5 21.5 24.5 26.9 31.3 32.6 34.1 34.8 35.7 36.2 38.4 39.5 40.3 41.7 42 43.6 44.7 44 42.3 42.3 42 40.6 40.4 40.4 41.8 42.4 45.1 48.4 49.4 50.7 53.7 60.3 66.5 71.2 76.6 80.8 85.8 90.4 93.8 96.8 99.5 100.5 99.8 98.3 95.9 94.1 93.1 92.8 93.4 95.6 98.7 99.3 106.3 113 119.4 125.6 131.7 136.1 140.4 139.9 138.9 137.8 136.6
12.4 12.2 12.2 12.2 12 11.9 11.9 11.9 12.1 12.3 11.7 12.5 11.4 11.6 12.1 12.7 13.4 14.2 15.1 16.1 18.1 20.8 24 25.6 28.9 31.3 32.3 33.1 33.7 34.2 36.2 38 38.9 39.8 39.5 40.9 42 40.6 42 40.9 39.5 39 38.8 39.2 42.2 44 45.4 49.2 50.1 50.6 53.8 59 63.3 68.7 73.9 78.5 82.8 87.6 91.1 94.4 97.2 97.8 97.9 97.1 94.6 92.8 92.2 91.7 91.7 93.6 100.2 97.1 102.5 109.2 114.9 121 126.9 133 135.3 136.7 135.5 133.3 133.3
12.7 12.5 12.4 12.3 11.6 11.4 11.5 11.6 11.3 11.5 10.8 11.7 13.4 11.4 12 12.7 13.3 14.1 14.9 15.8 17.4 20.1 23.5 24.8 26.5 28.6 30.5 31.4 32 33.5 35.9 38.2 41.8 38.9 39.1 38.1 38.2 39.3 40.6 39.6 39.4 39.1 38.8 40.4 42.5 45.3 46.9 47.5 48.9 50.8 52.5 56.8 61.7 65.3 71.4 76.8 80.9 84.6 88.4 93 96.4 96.4 96.5 95.6 93.5 91.7 90.7 90.9 91.6 94.3 95.8 97 97.6 104.7 110.2 116.2 122.4 127 131 133.6 132.4 129.8 129.4
12.8 12.7 12.6 12.2 11.3 11.2 11.3 11 10.7 10.3 10.6 11.4 11.6 17.4 12.1 12.9 13.4 13.9 14.7 15.7 17.2 18.7 22.3 23.3 24.5 27.7 27.8 29.6 30.9 32.3 34.2 36.9 42.1 42.9 38.2 37.2 37.8 38 38.2 38.9 38.7 37.5 36.5 40 43 46.1 48.5 49.5 49.5 51.2 52.7 54.3 58.9 62.1 70.1 76.7 77.9 82.7 88.5 92.4 95.4 95.5 95.2 94.2 92.3 90.5 88.9 89 91.6 92.8 97.7 96 96.6 99.8 106 112.2 118.3 121.9 126.4 129.7 130 127.9 125.7
12.9 12.8 12.4 11.8 11 10.8 10.8 10.4 10.1 10.7 11.2 11.6 11.8 12.1 18.1 13 13.6 13.9 14.5 15.6 17 18.7 20.5 22 22.9 26.4 27.4 28.4 29.4 30.8 32.9 37.2 36.6 37.1 38.5 36.7 36.2 36 37.2 37.6 37.1 35.8 36.8 40.4 43.6 47.2 49.8 50.8 50.7 51.9 53.2 54.6 56.6 63.1 70.2 76 77.7 82.7 86.6 90.8 94.6 95.2 94.3 92.2 90.6 89.8 87.5 91.8 91.8 92.8 93.4 94.7 97.3 99.3 103.8 108.7 114.2 118.5 121.5 125.3 127.7 126 123.1
13 12.5 12.5 11.9 10.8 10.3 10.2 9.9 11 11.2 11.7 11.9 12.1 12.5 12.7 15.9 13.8 14.3 14.3 15.5 17.3 20.2 21.5 22.4 23.3 24 26 27.2 28.3 29.8 31.7 34.2 34 35.6 38.5 36.6 35.5 35.5 35.3 35.5 35.9 34.6 37.7 40.4 44.2 47.9 50.4 52.1 52.3 53 54.5 55.8 58.1 63.5 68.7 71.6 74.7 79.8 84.1 87.8 92.1 92.6 90.4 89.1 88.3 88.5 85.3 90.7 92.4 91.2 91.6 90.6 94.3 97.4 101.2 105.9 110.8 115.6 117.9 121.7 125.2 123.2 117.8
12.6 12.1 12.2 11.2 10.6 10 9.8 11.9 11.9 11.7 11.9 12.2 12.5 12.7 12.9 13 13.3 13.7 14.3 15.2 17.5 19.9 21.2 22.8 22.5 23.2 24 25 27.4 29.1 30.6 29.5 32.1 34.7 36.7 37.1 36.3 35.7 34.3 34.5 34.1 35.5 38.4 40.5 45 47.6 50 52.8 53.4 53.6 55.3 56.9 57.4 62.7 67.5 68.7 71.5 77 82.2 85.2 88.5 89.2 89.3 89.9 88.2 90.9 90.9 87.5 82.9 85.4 89.4 93.6 93.9 95.7 98.2 103.1 107.8 112.4 114.8 117 117.4 114.8 117.1
12.3 11.8 11.4 10.8 10 9.8 11.1 12 12 11.9 12.2 12.4 12.6 12.6 12.7 12.9 13.2 13.9 17 15 16.8 18.9 21.3 22.6 22.6 22.3 23.2 23.3 25.3 27.5 28.1 28.5 30.1 33.1 35.2 37.5 37.5 36.2 34.6 33.3 32.2 34.8 37.9 40.9 44.8 47 49.6 54.2 55 54.3 55.6 57.3 58 60.4 67 67.7 69.2 73.8 79.6 82.2 83.8 84 86.1 86.5 92.3 94.2 94.5 94.1 86.4 83.1 91.9 93.5 95 95.6 97.8 100.5 104.3 109.1 111.4 111.5 110.5 113.7 117.8
13.1 11.8 11 10.4 9.8 10.4 12 12 12 12.1 12.2 12.4 12.5 12.5 12.6 12.9 13.6 14.5 14.8 20 17.4 18.6 20 21.2 22.5 22.8 22 22.7 24.2 24.8 24.8 27.3 32.3 32.9 35.6 36.8 36.9 36.1 34.5 33.9 32.6 36.1 38.3 41.3 45.5 47.5 48.4 54.7 56.4 55.7 55.9 55.6 57.2 58.3 64.1 64.1 66.8 70.9 76.5 78.9 75.8 80.2 89.1 91.5 90.9 92.9 96.1 92.4 77.1 88.6 94.5 95.5 95.6 96 97.4 99.6 101.1 105.3 107.3 105.6 109.9 112.8 113.7
13.2 12.7 11.3 9.9 9.3 9.6 10.5 11.5 11.5 11.9 12.1 12.3 12.5 12.4 12.5 13.2 13.6 14 14.4 15.2 20.5 18 18.3 18.3 20 21.4 20.9 21 22.5 23.5 26.1 27.7 29.1 30.5 34.2 35.2 35.9 35.1 28.9 33.8 35.1 37 38.2 41.2 44.7 46.5 48.3 54.7 57 57.7 57.6 55 57.1 57 58.7 62.5 65.9 69.2 73.4 72.3 72.1 84.9 90.4 91.1 89 92.4 95 85.2 79.7 92.5 94.8 96.9 97 96.8 98.5 100 101 101.5 103 104.8 108.6 109.9 109.7
12.5 11.9 10.9 10.1 9 9.4 10 10.5 11.1 11.6 12 12.2 12.4 12.3 12.4 12.8 13.2 13.6 14.1 14.7 15.9 18.9 18.4 17.8 18.9 18.5 20 19.7 20.4 22.2 24.9 25.5 26.2 30.2 33.4 34.1 33.8 29.3 37.1 35.6 35.8 35.9 37 38.7 42.1 44.8 49.5 55 57.1 57.6 58 55.7 55.5 55.5 56.5 60 63.6 68.3 69.5 65.4 73.1 86.3 89.6 88.6 88.6 89.7 81.4 74.7 93.4 95.2 96.2 98.3 98.6 98.3 99.6 100.4 100.3 101.1 104 103.8 103.3 104.7 103.3
11.5 10.1 8.9 9.2 9.4 9.5 9.9 10.4 11 11.3 11.7 12 12.1 12.2 12.1 12.4 12.8 13.3 13.8 14.4 14.5 14.1 15.2 16.7 17.4 17.7 18 19.2 20.2 22 26.7 26 26.7 28.6 31.9 33 30.5 33.6 36 30.4 32.2 32.9 34.9 37.8 41.6 44.8 48.2 54.7 56.5 51.2 49.8 52.7 55.7 55.6 55.1 56.8 60.6 65.5 62.6 63 63.3 70.6 76.4 73.4 79.2 73 70.5 84 93.7 96.2 97.7 99.3 99.5 98.3 98.4 99 100.7 103 106.3 109.5 104.7 106 105.3
8.3 8.4 9.5 10.2 10.2 10.2 10.2 10.3 10.8 11.3 11.6 11.8 11.8 11.9 12 12.1 12.6 13.2 13.8 14 14.7 17.7 17.6 15.6 18.9 18.9 19 18.6 19.1 21.7 26.2 26.3 25.8 25.9 29.1 28.7 25.3 28.6 34.5 34.6 33.5 35 35.9 38.7 43.2 45.8 46.4 50.4 50.1 48.5 55.7 56.4 57.7 58.5 57 57.4 58.2 59.3 60.6 61 64.4 65 65.8 67.3 67.7 68.8 76.6 76.3 90.4 96.7 98.3 99 97.6 97.8 98.8 100.1 101.4 103.2 106.3 109.2 109.8 105.2 105.2
