public/OST50/NY07.asc
ncols 200
nrows 200
xllcorner 300000
yllcorner 570000
cellsize 50
[rows 37 to 73 of 200, columns 0 to 82 of 200]
17.4 17.2 17.1 17 17 16.9 16.9 16.8 16.5 16.2 15.9 15.6 15.3 15.1 14.8 14.8 14.8 14.9 14.9 14.7 14.7 14.9 16.4 16.9 16.5 16.1 15.7 11.8 11.6 11.5 10 9 8.5 9.4 10 9.4 9.1 9.7 10.3 11 11.7 11.4 11.4 13.7 18 22 25.2 29.4 31 33.5 36.6 39.4 41.3 42.9 45.8 47.8 51.8 55.2 54.2 56.9 58.9 59.6 63.6 68.1 72.6 75.5 77.9 77.2 77 77.7 78.7 79.8 85.3 94 102.4 105.7 110 116.6 122.6 123.2 117.3 113.8 113.8
17.3 17.2 17 16.9 16.8 16.8 16.7 16.7 16.5 16.2 15.9 15.6 15.4 15.1 15 15.1 15.1 15 14.8 14.6 14.6 14.6 14.4 16.3 17 16.8 16 12.6 11.9 11.7 10.4 9.3 8.2 9 9.2 9.4 10 10.1 10.8 11.4 11.6 11.7 12.4 14.9 16.6 20.3 24.3 27 30.2 32.9 36 37.6 39.1 40.9 43.7 45.9 48.6 53.4 54.6 57.4 59.6 62.5 66.8 71.1 71.6 75.5 76.4 78.1 78.8 79.1 79.4 78.7 83.8 92.6 102.3 106.7 109.2 116 118 119.1 115.9 110.1 111.1
17.5 17 16.9 16.8 16.6 16.6 16.5 16.5 16.4 16.2 15.9 15.7 15.4 15.2 15.3 15.2 15.1 14.9 14.7 14.5 14.5 14.2 13.9 14.2 17.1 17.1 16.1 15.4 12.3 11.9 10.8 9.7 8.6 10.2 9 9.7 10.3 10.5 11.2 11.3 11.5 11.7 11.4 13.6 15.3 18 22.6 25.9 29.2 32.5 34.4 36 38 39.5 42 44 48.3 50.4 54.8 58.6 61.8 68.8 72.4 76.2 73.7 76.2 79.4 79.3 79.1 79.1 79.5 79.9 80.9 90.8 98.7 105.2 107.6 114 115.5 116.6 112.2 110 113.7
17.5 16.8 16.7 16.6 16.7 16.5 16.5 16.4 16.4 16.2 16 15.7 15.5 15.4 15.3 15.2 15.1 15 14.6 14.4 14.2 14 14 13.8 14.7 16.6 16.1 16 13.8 12.7 11.6 10.6 9.6 8.2 8.9 9.6 10.3 11 11.3 11.3 11.4 11.3 11.3 11.2 12.4 15.3 20 24.7 27.5 31.1 32.6 34.2 35.9 38 39.7 41.3 44.2 48.5 53.7 57.7 63 71 75.3 77.2 76.5 78.1 80 80.1 79.2 79.7 80.2 81.4 77.4 86.6 94.6 101.6 105.9 108.8 112.3 112.6 108.5 111.7 114.4
17 16.9 16.8 16.8 17 16.7 16.7 16.6 16.4 16.2 16 15.7 15.6 15.6 15.5 15.4 15.4 15.6 15.4 15 14.1 14.1 14 13.9 13.6 14.6 15.8 16.2 16 12.8 11.9 10.9 10.2 8.3 9.3 10 10.8 11.3 11.4 11.4 11.4 11.3 11.3 11.3 12.7 15.3 19.8 24.4 26.5 28.4 31.2 31.2 33.3 36.5 38.7 38.9 41.7 46.9 52.4 57.6 62 70.8 76.8 77.6 79.9 80.1 83 82.5 79.7 80.1 80 79.9 75.7 83 91.2 98 103.8 106.2 108.3 107.4 104.6 111.8 115.1
17 16.9 16.9 17.8 17.3 16.9 16.7 16.6 16.5 16.2 15.9 15.9 15.8 15.8 15.7 15.7 15.8 16 16 15.3 14.5 14 14 13.9 13.3 13.2 14.8 15.9 16 13.8 11.7 11.2 10.4 8.3 9.7 10.6 11.3 11.5 11.6 11.6 11.6 11.5 11.5 11.5 11.8 14.1 19 24.6 27.1 27 27.5 29.4 32.7 35 36.4 37.9 40.6 45.8 51.1 55 60.4 70.8 75.5 78.1 80.9 82.4 82.9 83.6 81.8 80.6 79.8 78.8 74.6 76.6 86.8 94.6 100.3 102.1 102.7 104.7 105 111.8 115.4
17.6 18.2 18.1 18.7 18.7 18.1 17.3 16.6 16.5 16.1 16.1 16 16 15.9 15.9 16 16 16 16 15.4 14.7 14 13.9 14 13.2 12.5 13.7 15.2 16 16.3 12.3 12.3 11.3 10.1 9.4 11.1 11.4 11.6 11.8 11.8 11.8 11.9 11.7 11.7 12.1 14.7 16.8 22.4 21.3 23.6 26.9 31.2 31.6 32.1 33.9 37.5 39.6 44.4 48.8 53.3 58 66.6 73.9 77.2 80.3 81.8 82 83.3 82.4 80.6 79.3 77.6 72.9 74.3 83 91.6 97 99.4 99.8 99.6 107.4 110.4 115.5
18.4 18.9 18.9 18.6 18.4 18.3 17.7 17.6 17.4 16.9 16.7 16.4 16.2 15.9 15.8 15.8 15.9 15.9 15.9 15.9 15.6 15.3 14.4 14 13.7 13.4 12.8 13.9 15 16 15.3 12.6 10.6 8.6 10.6 11.6 11.1 11.8 12 12 12 12.1 11.9 12.6 14.1 15 16.3 18.5 22.4 26.3 27.9 29.3 29.8 30.2 32.3 36.2 38.1 42.3 46.6 50.7 55.2 61.4 68.8 72.9 77.7 79.1 80.8 82.1 81.2 79.3 77.2 76.7 71.7 72.1 77.3 84.9 91.2 94.6 93.2 103.7 111.1 113.8 115.8
18.6 18.5 18.4 18.2 18.1 18 17.8 17.5 17.1 16.4 16.4 16.2 15.9 15.7 15.6 15.6 15.6 15.6 14.5 14.5 14.5 14.9 15 14.1 14 13.6 13.7 12.5 12 13.4 12.7 12.2 11.1 9 11.4 11.9 12 11.3 12 12.2 11.5 11.3 11.8 11.8 11.8 13.3 14.9 18 23.1 26 26.4 27.9 28.5 28.9 30.8 34.5 36.4 39.4 44.5 49.7 52.7 57.4 63.7 69 74.9 75.9 78.5 79.6 78.4 78.5 75.5 73.1 70.1 70.7 73.7 78.6 82.4 90.4 96.9 105.3 113.7 115 114.6
18.2 18 17.9 17.8 17.6 17.4 17.2 17 16.7 16 15.8 15.8 15.7 15.5 15.4 15.3 15.3 15 14.2 14.2 14.2 14.1 14.2 13.9 13.4 12.4 12.3 13.7 15.1 13.9 12.6 12.3 11 9.2 11.9 12.6 12.3 12 12 12 11.6 11.7 11.5 12.4 11.6 12 14.3 16.2 21 25.9 28.7 28.2 27.1 27.8 29.1 33 35.5 37.9 42.2 47.5 51.8 54.6 59.5 66.3 70.5 74.8 75.9 77.9 77.2 77.1 74 70 68.9 70 71.7 77.1 85.3 91.8 96.5 103.6 113.9 115.2 112.5
17.7 17.6 17.5 17.4 17.1 16.9 16.7 16.5 16.2 15.6 15.1 15.1 15.6 15.5 15.4 15 14.8 14.4 14.1 14.1 14 14 13 12.4 12.1 12.3 12.9 12.5 16 14 12.4 12.3 11.5 10 10.1 10.7 11.8 11.7 11.8 11.8 11.4 11.6 11.7 13.2 14.7 13.7 16.7 16.8 19.6 26.3 28.5 26.4 26.2 26.5 27.6 31 34.4 36.9 41.4 44.3 48.3 51.1 57.2 63.6 67.7 73.3 73.2 74.7 75.1 75.3 71 69.3 68.2 69.2 71 76.7 85 92.7 96.6 99.6 109.8 114.8 109.6
17.5 17.2 17.1 17 16.8 16.5 16.2 16 15.7 15.3 14.7 14.9 15.7 15.6 15.1 14.8 14.5 14.3 14.2 14.1 14.1 14 13.3 12.5 12.7 13.4 13.5 13.2 12.3 12.7 11.3 10.8 11.4 9.5 8 10.2 11.4 11.4 11.5 11.5 11.3 11.4 11.6 12.6 13.6 13.4 12.1 12.8 18.7 21.5 25.7 25.6 25.4 25.4 26.9 28.7 32 34.9 38.9 41.3 45.7 50.1 54.1 58.5 64.1 68.6 70.4 71.6 72.8 72.7 69.4 67.6 67.2 67.4 69 75.2 83.9 94.3 97 99.9 103.2 111.7 108.3
17.5 16.8 16.7 16.6 16.5 16.2 15.9 15.7 15.4 15 14.4 14.9 15.8 15.3 14.8 14.5 14.6 15.1 15 15 15.2 15.3 14.5 13.7 13.7 13 13.2 13.7 12.9 12.6 11.5 10.9 10.8 10.1 9.5 10.4 11.1 11.1 11.2 11.2 11.2 11.7 11.8 11.8 11.7 11.7 13.4 12 12.3 18.9 23.3 26.1 25.1 25.4 26 26.7 29.9 33.1 37.3 40.4 43.9 47.8 50.5 54.3 62.2 65.7 66.4 68.4 70.3 70.9 68.7 66.7 66 66.1 67.4 73.3 80.6 90.2 96.5 96.6 101.5 105.9 105.7
17.1 16.4 16.3 16.2 16.1 15.9 15.6 15.4 15.1 14.8 14.2 14.1 14.8 14.9 14.6 14.9 15.4 15.8 16 16.1 16.1 16.1 16 15 15.3 14.3 13.5 12.9 13.7 12.7 11.9 11.2 10.9 10.7 10.3 8 11.2 11.2 11.3 11.2 11.1 12.2 12.1 11.8 12.9 14.5 15.8 16.1 17.7 17.6 21.5 26.3 25.8 23.8 24.4 25.4 28.1 31.8 36.3 39.1 42.2 45.7 49.3 53.4 58.2 61.8 63.6 65.9 68.2 68.2 66.4 65.1 64.7 64.6 65.9 68.9 76.1 84.4 92 95.3 99.1 100.8 104
16.1 16 15.9 15.8 15.7 15.6 15.3 15 14.8 14.5 14.1 14.1 14.2 14.1 14.8 15.3 15.8 18.9 17 15 16 16.2 16 16.3 15.7 14.9 14 12.1 12.6 12.8 14.5 12.2 11.4 10.8 10.1 10.9 11.1 11.4 11.3 11.2 11.1 11.6 11.8 11.8 11.8 13.1 15.8 17 19.5 18.1 18.7 23.7 24.4 22.9 23.1 24.2 26.9 30.3 34.2 37.3 40.7 43.6 47.5 52.1 55.4 59.6 61.8 64.4 64.4 65.9 65.5 63.8 64.2 63.1 63.7 65.5 72.1 79 84.9 90.9 94.4 96.4 98.2
16.1 16.1 15.7 15.6 15.4 15.2 15 14.7 14.4 14.2 14.1 14.7 14.7 14.5 14.7 14.4 13.6 14 13.7 14.8 15.5 15.9 14.9 15.9 16 15.2 14.6 13.1 11.3 12.4 13.7 14.3 11.5 10.2 8.9 8 9.3 11.6 11.5 11.4 11.3 11.7 11.6 11.9 12.8 11.9 12.1 14.4 17.6 19.4 17.8 20.9 23.2 22.6 22 24.4 26.7 28.3 31.7 35.6 38.4 41.5 45.5 50.5 53.6 54.6 59 62.1 61.9 63.8 65.2 62.7 63 62.6 62.4 64.5 66.7 73.7 78.7 86.5 91.5 92.1 94.5
16.4 16.4 15.9 15.5 15.3 15.1 15.3 15.4 14.8 14.9 14.9 15 14.8 14.5 17.1 15.5 12.9 12.9 12.7 14.3 14.1 14.3 15.4 16.2 15.9 15.5 14.2 15.4 12.3 11.5 11.3 12.5 11.3 10.2 8.9 8 9.3 11.8 11.7 11.6 11.6 11.7 11.4 11.8 11.2 11.4 11.5 12.3 14.3 15.7 15.9 19.3 21.9 21.3 22.7 25.7 27.8 28.7 30.1 33.7 36.9 40.8 42.7 47.1 49.1 53 56.3 57.9 59.4 61.1 62 61 61.3 61.3 61.6 63.4 63 68.1 74.1 79.7 87.4 89.1 90.6
16.7 16.6 16 15.9 16 15.5 15 14.8 14.6 14.7 14.8 14.7 14.7 14.8 18.7 16.4 14.2 13.2 13.3 14.9 15.4 12.9 14.4 15.7 15.5 15.1 14.5 14 13.6 11.7 11.3 11.8 10.9 10 8.9 8 9 11.4 11.9 11.8 11.8 11.6 11.3 12.4 11.2 11.2 11.2 11.6 12.4 17.7 15.6 16.7 18.7 22.3 23.8 25.2 27.6 28.3 30.6 33.8 35.8 38.5 40.3 44.9 48.4 51.8 54 55.9 57.6 59 60.1 59.8 60.8 60.4 60.8 61.7 61.7 64.2 68.4 73.6 80.6 87 87.3
16.5 15.9 15.5 15.3 15.3 15.2 15 14.8 14.6 14.6 14.5 14.5 14.6 17.1 20.7 19.8 18.4 19.1 21.3 22.1 20.4 14 14 15 15.1 14.7 14.1 13.5 12.8 11.6 10.9 11.1 11.3 10.1 8.9 10.6 10.5 10.8 11.8 11.7 11.7 12 11.7 11.3 11.2 11.2 11.2 11.4 13.8 12.5 19.4 17.9 18.1 22.8 24.1 24.4 25.7 28 32.8 34.1 34.7 37.3 40.2 43.7 47.3 49.6 52.3 55.3 57.9 57.9 59 58.4 59 60.9 60.8 60.7 60.9 60.7 64.5 68.6 74.6 79.8 83.1
15.5 15.4 15.4 15.3 15.3 15.2 15 14.8 14.6 14.5 14.5 14.6 15 19.3 22.8 23.1 21.2 24.3 26.1 26.5 24.1 15.5 13.3 13.6 14.8 14.3 13.6 12.7 11.7 10.6 10.3 10.4 10.8 11.1 10.3 9 8.8 11.4 11.5 11.5 11.4 11.9 12.2 11.4 11.3 11.8 15.4 16.5 11.5 11.4 17.5 17.7 17.3 21.8 23.5 24.2 25.7 31 33.4 34.1 34 35.6 39 41.9 44.3 46.5 49 53.5 58.9 58 56.9 57.3 58.1 60.1 61.2 60.6 58.7 58.7 61.2 64.9 69.7 74.3 79.4
15.5 15.4 15.4 15.3 15.2 15.2 15 14.8 14.8 14.8 14.4 14.6 18.7 23 24.9 25 24.4 26.4 28.1 28 25.4 18 13.3 13.6 14.4 14 12.6 11.8 10.8 11.9 11 10.5 10.2 10.5 10.1 8.8 10.6 11.2 11.2 11.2 11.2 11.7 11.5 11.1 11.1 11.1 14.4 16.8 12.6 11.4 15.6 17.1 16.2 19.7 23.2 24.3 24.8 28.3 32.5 32.4 33.2 35 37.3 39.2 42.1 45.1 50.5 54.3 56.1 55.5 54.5 56.1 59.4 60 60 60.5 58.1 58 58.7 61 64.7 69.1 75.2
15.5 15.4 15.4 15.3 15.2 15.2 15 15 15 15 14.6 16.7 23 25.6 27 27.7 27.2 27.9 29.5 28.4 25.9 20.9 13.5 13.3 13.3 13.2 11.6 10.9 11 12 12.1 10.9 10.8 10.2 9.3 8.1 10.7 10.2 10.2 10.2 10.5 10.6 10.9 11.1 11.3 11.3 11.9 14.9 15.7 13.8 12.9 14.9 15.7 18.5 22.3 24 24.7 25.3 29.9 33.5 33.5 36.5 37.1 38.6 41.5 45.4 50.8 51.7 51.3 53.3 55.6 56.8 59.1 59.3 58.8 59 58.2 57.2 58.6 58.1 60.8 64.7 70.6
15.5 15.4 15.4 15.3 15.2 15.1 15.1 15.2 15.2 15.2 14.7 21 25 27.2 28.5 30 29.7 29.9 30.2 28.9 26.2 22.4 14.4 13.4 13.5 13.2 12.5 10.7 11.5 13.1 13.3 11.6 11.5 11 9.6 8.3 10.8 8.6 8.6 10 9.5 10.6 10.2 10.5 10.7 10.9 11.6 12 13.9 15.5 16.2 15.7 16.3 18.1 21.8 24.2 24.5 24.5 30.6 35 35.5 34.7 36.6 38.7 40.9 45 46.1 46.7 51 52.8 54.8 58.5 59.6 60.2 60.5 58.8 59.6 57.5 56.9 57.2 57.9 62 65.2
15.6 15.4 15.3 15.2 15.1 15.1 15 14.9 14.9 14.8 15.3 19.5 22.5 25.1 27.6 28.9 29.3 29.2 28.9 28 26 23.4 15.5 13.4 13.5 13.2 12.9 12.2 10.7 12.3 9.8 9.8 10.4 10.8 9.8 10.2 9.8 8.8 8.9 8.4 9.2 9.9 9.6 9.8 10 10.6 11.6 12.4 12.5 13.3 12.7 14.3 15.8 17.1 19.1 21.1 21.8 25.8 29.3 34.2 30.4 33.5 36.2 37 38.9 41.6 43.8 47.5 49.7 52.1 55 59.4 60.5 61.4 62.1 60.1 59.2 59.8 56.7 56.3 57.1 59.6 61.9
15.7 15.5 15.3 15.1 15.1 15 14.9 14.8 14.7 14.6 14.5 14.5 16 18.3 21.2 24.4 25.4 25.5 25.2 24.6 24 22.2 16.3 13.3 13.3 13.1 13 13.1 10.9 11.3 9.8 9.8 9.8 9.8 10.6 12 11 10.2 10.5 9.3 9.1 9.2 8.9 9.2 9.7 10.6 11.4 12.1 12.1 12.2 12.7 13.8 15 16.1 17.2 18.4 22 24.1 21.6 25.7 32.8 37.3 38.8 39.3 40.1 43 45.8 48.8 49.1 52.3 55.9 60.6 63.4 63.6 63.8 60.9 58 57.5 56.8 55.9 56.1 57.3 59.3
15.7 15.7 15.5 15.3 15 14.9 14.8 14.7 14.7 14.6 14.6 14.5 14.5 14.7 14.8 17.4 19.6 19.8 19.6 20.8 20.8 19.4 14.9 13.3 13.4 13.5 13.4 13.2 11.7 10.3 11.9 13.5 9.8 12.7 12.7 12.5 12 11.7 11.1 10 8.4 8.3 8.4 8.9 9.6 10.4 11.1 11.7 11.8 11.9 12.4 13.9 15 16.2 17.2 18.9 20.4 24.2 28.3 27.8 31.2 39.4 41 40.9 42.6 44.8 45.9 47.1 48.9 50.9 54.8 59.3 62 67.7 64.7 61.6 58 58 57.9 55.8 55.6 55.8 57.2
15.6 15.8 15.7 15.4 15 14.9 14.8 14.7 14.6 14.5 14.5 14.4 14.4 14.6 14.7 14.7 14.7 15.5 16.7 17.6 17.2 16.6 13.8 13.5 14.2 14.5 14.5 14.9 12.8 11 12.4 14.6 9.7 13.1 12.6 12.6 12.6 12.3 11.4 11.9 9.8 10.1 8.1 8.7 9.4 10.1 10.8 11.3 11.4 11.6 12.2 13.9 15.1 16.2 17.6 18.9 21.3 25.5 27.6 27.2 30.9 36.6 41.4 43.2 45.2 47.1 47.3 47.5 49.1 49.9 53 57.6 62.3 65.6 65.6 62.6 60.6 58.5 57.6 56.7 58.8 55.4 55.5
15.5 15.8 15.8 15.4 15.1 14.9 14.8 14.7 14.6 14.5 14.4 14.3 14.3 14.5 14.5 14.5 14.4 14.4 14.7 14.5 14.2 14.1 13.9 13.6 14.3 14.7 15 15.3 13 11.3 12.1 9.7 9.7 13.4 12.1 12.3 13 12.4 11.8 14.9 13.4 10.1 8.1 8.4 9.1 9.8 10.5 11 11.1 11.4 11.6 13.1 14.4 15.6 16.3 16.8 21.8 24.7 25.1 26.5 30.3 32.9 40 44.2 45.4 47 48.8 46.9 47.3 48 52.2 56.5 60.3 64 66.3 66.4 63.6 59 58 58.9 57.7 55.3 55.4
15.5 15.6 15.6 15.5 15.1 14.9 14.8 14.7 14.6 14.5 14.3 14.2 14.2 14.3 14.3 14.2 14.1 14 14 13.9 14.1 14.4 14.1 13.7 13.8 13.9 14.8 15.2 12.3 11.1 9.8 9.7 9.7 12.4 12.6 12.5 13.4 13.5 13.9 16.8 15.6 8.7 8.1 9.3 9.7 10.1 10.5 10.7 11 11.2 11.2 12.3 14.8 15.5 13.9 16 21 22.2 23.3 27 29.5 31.6 37.1 43 46.6 48.5 49 47 46.4 48.1 50.6 54 57.8 62.8 66.3 68.6 65.7 61.1 58.6 57.6 56.2 55.1 55.3
15.4 15.3 15.3 15.2 15.1 14.9 14.8 14.6 14.5 14.4 14.3 14.2 14.1 14.1 14 13.9 13.8 13.7 13.8 14.1 14.4 14.6 14.3 13.6 12.7 12.4 13.8 12.6 11.1 9.9 9.8 9.7 9.7 9.7 10.3 12 12.3 14.4 14.8 14.8 14.3 9.9 9 10.5 10.8 10.7 10.7 10.8 11 11 11.1 11.5 12.5 14.5 14.4 15.9 17.4 19.8 24.2 25.8 27.7 30.1 37.1 41.6 45.6 47.6 47.9 47 46.7 48 48.5 51.8 56.2 60.7 65.7 69.3 67 62.8 58 55.9 57.3 55.2 55
15.2 15.1 15 15 14.9 14.9 14.8 14.5 14.4 14.3 14.2 14.1 13.9 13.8 13.7 13.6 13.5 13.8 14.2 14.4 14.6 14.8 14.4 13.5 12.6 12 11.8 11.9 11.5 10.3 9.8 9.7 9.7 9.7 13.6 13.6 13.2 15.6 15.7 13.6 11.4 9.8 8.1 10.8 10.7 10.7 10.8 10.8 10.9 11 11 11.1 11.7 11.8 14.3 15.8 14.7 20.4 23.7 25.9 28.7 29 36.4 40.3 44.4 46.5 47.6 47.4 47.4 47 47.3 50.4 54.5 59.5 64.6 67.6 67.2 64.4 57.6 56.9 57.8 55.2 54.6
15.1 15 14.9 14.8 14.7 14.2 14.3 14.5 14.2 14 13.8 13.7 13.7 13.5 13.4 13.3 13.4 13.7 14.2 14.8 14.8 14.9 14.3 13.5 12.6 12 12 12.3 12 11.1 10.5 11.4 9.7 9.7 12.5 12.4 12.1 17.4 16.7 14.3 13.3 10.3 8.6 11 10.8 10.6 10.3 10.9 10.9 11 11 11.1 11 11.2 13.1 15.9 12.8 20.9 23.6 25.2 29.4 28.1 34.9 39.3 45 46 47.2 47.7 46.9 46.3 46.6 49.3 53.8 59.7 64.1 65.2 66.3 65 59.5 59 54 54.3 54.3
15 14.9 14.8 14.7 14.6 14.5 15.4 14.4 14 13.8 13.6 13.4 13.4 13.3 13.2 13.1 13.4 13.7 14.1 14.4 14.7 14.8 14.2 13.4 12.6 12.1 12.6 12.8 12.6 11.9 11 11.7 12.1 13.8 10 10 12.8 15.3 14.9 13.9 12.9 10.9 9.4 8.2 8.8 10 10.6 10.8 10.9 11 11 11.1 10.8 10.9 11.5 15 13.6 17.8 20.3 23.2 27.8 26.8 34.7 41 45.1 45.1 45.9 46.2 46.1 47.1 46.5 48 52.4 57.9 61.1 62.2 64.5 65.9 61.7 57.7 53.6 53.9 54.3
14.9 14.8 14.7 14.6 14.5 14.3 14.2 16.1 13.9 13.3 13.3 13.4 13.1 13 12.9 13.1 13.3 13.7 13.9 14.1 14.3 14.6 14.6 14 12.6 12.6 13 13 12.8 12.4 11.8 11.9 12.7 15.3 16.2 15.9 14.6 14.8 15.3 15 14.6 12.4 9.9 8.2 9.9 10.4 10.6 10.7 10.8 10.9 11 10.9 10.6 10.8 11.4 13.9 11.3 16.4 17.7 21.3 25.6 28.2 33.2 38.5 42.2 44.8 45.4 45.3 46.4 47.4 45.9 46.2 49.4 55.2 58.7 62.5 62.8 65 62.1 57.6 53.6 53.5 53.5
15.2 14.7 14.6 14.4 14.2 14 13.8 13.3 13.1 13.1 13.3 13.3 12.9 12.7 13 13.3 13.6 13.9 14 13.7 13.9 13.9 13.7 13.6 12.6 12.7 12.7 12.7 12.7 12.5 12.1 12.1 12.6 15 17.9 17.1 17 16.2 15.9 15.5 14.9 11.6 10 8.8 8.2 10.4 10.5 10.6 10.8 10.9 11 10.8 10.6 10.6 11.1 11.8 11.2 12.4 16.2 20 23.8 28.4 30.7 36 41.5 45.2 46.1 46 46.7 47.3 45 44.6 48.2 52.1 55.7 59.4 60.5 61.8 62 57.6 54.9 52.5 52.9
14 14.3 14.6 14.7 14.5 14.3 13.6 13.1 13.6 13.5 13.2 13.1 12.7 12.4 13.4 13.5 13.8 14 14.1 14.2 13.4 13.2 12.6 12.5 12.6 12.5 12.4 12.4 12.5 12.4 12.2 12.5 13.6 17.1 17.4 17.5 17.3 15.6 14.7 15.2 15.1 14.4 10.9 9.4 8 10 10.6 10.7 10.9 11 10.6 10.4 10.4 11.3 14 15.2 11.9 11.8 14.2 19.3 24 27 30.3 34.7 40 43.5 45.7 46.9 45.3 43.9 43.7 43.4 44.5 49.4 54.1 56.5 58.2 59.1 60.6 58.9 55.5 52.7 53.1
13.5 13.9 14.2 14.5 14.7 14.5 13.5 13 13.2 13.5 13.6 13.6 12.9 12.5 13.3 13.4 13.6 13.8 14 14.3 14.1 13.4 13.3 12.7 12.8 12.7 12.6 13.1 12.9 12.6 13 13.6 15.5 16.7 17.1 17.8 16.9 15.2 13.6 14.6 15.2 14.4 10.3 9.1 8.3 9.1 10.7 10.9 11 10.6 10.1 9.9 10 11.7 15.1 15.8 14.2 11.3 13.9 17.7 22.5 24.7 29.9 34 37.8 41.9 43.8 45.7 44.3 42.8 42.3 43.5 42.5 45.1 49.4 52.4 56.1 57.1 58.7 58.7 56.4 53.3 52.6
