public/OST50/NY09.asc
ncols 200
nrows 200
xllcorner 300000
yllcorner 590000
cellsize 50
[rows 0 to 34 of 200, columns 78 to 155 of 200]
248.2 244 241.1 239.2 238.4 235.7 233.1 233.8 232.9 233.3 232.5 231 227.2 221 217.5 216.2 211.8 208.3 209.4 206.6 204.7 202.3 202.8 202.6 202.1 202.9 205.1 204.5 205.4 204.1 200.5 205 202.8 204.5 200 197.3 192.9 190.9 187.6 184.5 183.6 181.3 179.8 178.5 177.8 177 179 182 186.6 189.8 189.7 188.4 186.3 184.8 183 181.3 180.9 181.1 183.2 186.7 190.3 191.4 191.9 194.9 209.1 212.8 214.1 217.3 218.8 219.8 218.1 210 207 203.6 199.6 196.7 193.2 188.6
248.5 244.5 240.5 238.9 239 236.6 235.3 236.9 234.9 237.6 238.5 233.8 228.5 223.5 219.2 211.7 212.8 216.3 215 213.4 213.7 204.6 204.2 204.4 203.3 204.2 208.3 209.6 209.1 207.8 203.5 206.7 206.8 206.4 202.9 201.7 199.2 192.2 187.4 185.4 185.3 184.1 181.3 182.7 178.1 177.1 178.6 180.1 183.1 184.8 187.2 187.9 186.1 183.6 182.4 180 179.1 178.9 180.6 183.8 186.7 188.1 189.3 192.4 206.1 209.3 210.8 214.8 215.8 217.7 216.6 209.5 207 204 198.5 196.2 192.7 188.4
248.7 244.7 239.9 238.1 236.8 235.9 238 238.8 239.4 243.8 242.5 236.2 232.2 229.4 226.3 220.6 221.7 218.1 213.9 218.9 218.4 208.9 205.2 208.1 204 207.2 212 211.3 211.4 210.6 210 211.4 208.8 207.9 205.5 203.1 199.9 192 189.8 190 190.2 187.3 184 182.6 179.3 176.3 176.8 177.8 180.1 181.8 184 185.4 184.5 182.8 181.6 179.2 177.6 177.9 179.1 180.8 183.6 185.3 186.1 190.5 201.7 206.5 208.7 214.9 213.4 215.7 213.6 208.4 205.2 203 197.5 195.3 191.8 188.7
247.7 243.2 238.6 237.3 236.7 239.1 239 242.9 246.9 248.1 244.1 238.4 234.8 232.1 233.8 226.4 224.6 222.8 215.6 221.8 220.6 215.1 208.4 208.3 206 211.7 214.5 214.4 216.5 217.4 216.8 216.2 213.1 210.8 207.4 204.1 200.4 195 196.5 195.7 194.9 192.5 187.4 184.8 183.1 180.1 176.7 176.2 176.3 179.8 181.9 183.5 182.3 180.8 180 177.8 176.4 175.8 176.3 177.9 180.2 182.4 187.4 187.7 197.5 203.9 207.4 212.2 212.1 212.9 212.2 207.1 203 201.6 197.3 193.7 190.5 187.2
245.7 241.4 239 238.9 239.3 240.7 241.8 244.5 248.9 250.4 245.1 240.8 238.7 239.4 237.1 232.3 228.8 224.6 215.2 221.8 222.6 218.3 209.8 210.4 208 213.2 216.4 217.2 219.7 222.5 222.6 220.6 219.2 215.2 210.2 203.1 201.5 200.7 201.6 199.9 197.4 196.4 194.8 190.3 189.7 185 180.2 175.7 175.5 175 179.4 181.3 180.7 179.1 177.6 176.4 175.4 174.5 174 174.3 177.7 180.5 184.1 185.1 194.1 200.9 204 209.3 207.2 210.2 210.4 205.2 200.8 199.6 195.1 192.2 190.3 185.7
243.3 240.4 239.3 239.7 240.6 241.4 243.1 246.1 249.4 250.5 248 244.9 245.9 241.7 238.4 233 229.4 226.3 224 222.2 225.1 220 213.8 212 211.2 215 218.5 219.7 223.9 226.2 225.2 223.3 221.4 218.1 214.1 209.7 207.7 206.1 204.7 202.1 201.4 201 199.9 196.9 192.2 189.9 186.2 179.6 174.7 174 174.4 180.2 179.7 177.4 175.9 174.4 173.2 171.6 172 172.1 176.2 177.7 182.6 183.3 190.9 197.4 200.7 206.5 204.8 206.9 204.9 201.6 199 197.3 193.8 190.5 187.7 184.2
243.6 241.1 240.1 240.7 242 244.7 246 248.2 248.7 249.8 250.6 250.2 247.1 243.2 239.2 234.6 232.9 229.8 226.9 220.5 225.2 221 215.7 213.4 213.1 215.2 219.6 221.8 226.5 230 228.9 226.2 224.1 220.8 216.9 212.8 211.4 211.1 207.4 205.9 205.7 206.1 203.2 200.1 198.3 196.8 194.6 188.2 176.8 174.9 172.8 174.5 177.6 175.5 174.4 173.5 172.2 170.8 170.3 170.6 174.3 175.5 180.3 181.2 187.1 193.8 197.7 202.7 202.4 204.5 208.9 202.7 196.9 195.3 192.7 188.9 186.6 182.9
244.1 243.1 242.8 243 245.1 248.6 250.1 255.9 251.1 250.1 250.6 250.9 247.3 244.6 240.2 236.5 232.7 230.1 227.2 221.1 222.8 220 216.1 215.2 213.6 218.5 220.5 223.3 229 234.3 235.9 232.8 226.6 222.9 219.4 215.6 214.9 212.9 209.5 209.2 211 211.6 209.9 206.7 208.1 206.5 202 194.5 181.8 174.6 174 172.5 175.4 174.6 173.5 172.7 171.6 170.2 169.3 169.3 171.7 174.4 177.9 179.9 183.7 190.1 195 200.9 201 206.3 208.9 204.8 201.3 194.7 193.7 188.1 185.1 181.4
244.7 243.6 245.4 245.3 247.2 250.3 255.5 252.6 251.6 251 250.5 250.8 248.3 245.7 241.4 238.2 232.4 230.5 228.4 222.6 223.7 221.7 218.1 215.2 216 219.3 222.2 225.6 234.2 240.1 243.2 242.4 231.9 225.2 221.1 220.4 217.8 214.6 212 213 216.9 216.9 217.3 216.3 221.3 218 213.5 202.4 189.7 177.8 173.1 172.7 172.1 173.9 172.6 171.9 171.1 170.1 169.4 168.9 168.5 172.8 174.3 177.5 181.1 188.1 192.6 198.5 201.2 206.6 210.1 206.4 202.2 193.9 192.3 189.8 183.7 180.3
244.6 243.6 246.7 247.8 248.6 253.8 251.7 253.4 254 253.6 251.7 251.1 248.2 245.7 242.9 238.5 232.9 230.8 228.4 224.3 227.7 223.4 218.4 216.3 219.4 223.9 225.6 234.3 241.3 246.5 248.8 248 237.2 227.8 226.5 225.2 222.8 219.3 216.3 219.3 223.5 226.2 227.1 224.7 232.7 227.6 219.1 208.6 199.4 184.9 173.2 172.6 172.3 171 171.8 171.1 170.7 170.1 169.4 169.1 168.6 169.9 172.6 175.5 179.9 185.4 189.5 195.8 200.9 205.6 210.2 208.2 202.7 195 189.7 189.4 184 179.1
244.4 243.7 245.7 247.6 248.5 253.9 253.1 254.9 256.3 255.9 254.3 251 247.7 245.2 242.4 238.8 232.7 230.1 228.2 225.4 227.5 224.4 220.7 218 222.2 227.7 231 240.4 247.3 252.4 250.9 250 239.4 231.1 232.3 231.3 228.9 222 219.7 222.5 230.4 237.1 236.6 233.7 236.9 231.5 222.3 211.9 203 190.5 176.2 172.4 172.3 170.9 171.1 170.6 170.5 170.4 169.2 169.1 168.5 168.1 169.8 173.5 177.7 182.7 187.5 194.4 199.8 205.1 211 210.2 206.6 200.5 188.3 186.4 183.2 178
244.1 243.4 245.4 247.6 249.1 251.5 254.2 256.8 257.7 257.1 255.5 251.9 247.8 244.6 241.6 238 231.7 228.7 226.8 226.1 227.5 226 223.9 224.6 223.1 230.8 237.4 243.6 249.8 253.5 252.9 250.6 242.5 234.3 238.8 237.8 235.2 227.1 223.3 227.6 234.6 242.1 243.6 241.6 235.1 232.7 223.5 213.8 205.2 193.2 181.5 174.5 172.5 171.1 171.5 170.9 170.7 170.8 169.9 168.8 167.9 167.8 167.6 171.7 174.2 180.9 185.8 192.4 197.8 205.3 213.4 210.9 208.9 203.5 189 184.9 182.2 177.3
244.1 244.2 245.5 247.7 252.8 251.9 255.1 257.6 258.5 258.1 255.8 251 246.9 243.3 240.6 236.8 229.6 226.8 225.9 225.7 228.2 228.1 226.5 227.1 224.5 232.9 239.3 244.8 250.6 254.5 253.2 250.7 244.9 239.9 244 242.8 240.9 232.7 228 231.7 239.7 244.8 245.5 242.6 235.2 232 222.5 214.4 206.8 195.4 185.2 178 172.9 172.8 171.2 171.6 172.5 170.8 169.6 168.9 168.8 166.2 167.2 170.1 174.3 179.3 184.5 190.9 196.6 204.9 212.3 211.2 208 203 190.7 185.1 181.6 176.1
244.4 245.4 247.1 251.1 252.7 253.8 256.7 258.8 259.5 258.7 255 250 245.9 242.5 240 235.9 231.7 228 226.4 225.9 227.5 228.8 229.2 230 226.3 233.7 239 245.7 251.4 254.5 253.3 250.8 246.7 242.4 246 245.8 244.3 239 235.8 241 245.4 247.4 245.5 242.8 235.1 231.7 222.8 214.9 207.5 198.6 189.7 180.1 174.6 172.7 172.3 173 172.2 170.3 168.7 168.4 167.8 167.5 167.2 166.6 171.6 177.1 182.4 188.6 194.8 202.5 209.3 209.8 207 202.7 191.5 184.9 181.7 175.7
246.5 247.4 249.6 252.6 253.7 253.6 257 259 260.1 258.6 254.5 249.7 246.3 243.4 240.8 238.1 235 232.7 227.8 226.8 228.6 231.6 233.5 232.7 230.9 233.1 238.7 244.7 251.3 254.4 253.3 250.8 247.2 245.5 247.7 248.2 247.8 245.9 244.1 249.4 252.7 251.4 245.6 242.3 235.4 233.1 224.7 215.5 208.3 198.7 191.5 183.4 176.6 172.9 172.5 172.8 171.3 170 168 167.7 167.3 167 166.6 166.4 170.8 176.5 181.3 191.5 192.7 199.2 206.8 208.4 206.6 201.9 192.7 183.8 180.6 174.3
249.1 249.7 251.7 253.1 254.6 255.4 256.8 258.8 260 258 253.7 250.1 247.6 244.8 243.3 241 237.4 234.9 233.4 236.3 236 237.3 238.2 237.2 238.4 235.6 238.4 244.3 250.1 254 253.1 250.3 246.9 245.6 247.8 250.6 253 253.5 253.6 256.5 256.8 254 245.6 241.5 234.6 231.8 225.7 213.9 208.7 196.1 191.6 185.7 177.4 173.5 173.2 173.7 177.7 171.3 168.2 167.3 167 166.6 166.5 166.3 167.8 176.7 182.7 189.7 191.3 198.9 206.2 206.8 205.2 202.6 193.1 183.3 179.1 173.4
249.9 251.4 252.8 253.6 254.8 255.8 257.1 258.5 259.6 257.7 253.5 250.7 248.3 246.5 246.4 243.7 239 237.8 238.4 242 241.3 242.5 243.8 242.6 244.8 241.4 238.7 243.2 249.1 253.7 253.3 250.1 246.9 245.9 248.2 252.3 257 260.2 260.5 259.9 259 255.2 246.2 240.8 235.4 230.8 224.8 215.1 206 197.3 193.9 186.1 178.7 176 175 175.8 180.4 174.7 168.3 166.9 166.6 166.4 166.2 165.8 165.7 176.5 181.8 187.7 189.9 198.8 204.2 206.2 204.2 201.3 191 182.4 178.2 172.7
250 251.9 253.7 254.3 255 256.2 257.6 258.9 259.5 257.4 254.4 251.7 250.2 248.8 249.7 248.4 242.7 241.7 242 246.4 247.3 250.8 251.2 250.5 250.5 247.7 243.1 244.4 247.6 252.8 253.1 249.9 247.2 246.4 248 254.3 259.7 262.8 262.7 261.2 259.5 254.6 246.4 240.8 235.6 230.7 224.1 215.5 208.5 199.3 194 187 179 179.1 179.2 179.3 183.1 177.2 168.8 166.6 166.3 166.1 165.7 165.4 165 174.3 180.2 186.1 187.8 196.9 202.5 204.5 202.1 198 189.9 182.1 177.8 172.6
249.8 251.8 254.5 255.2 255.3 256.9 258 259.3 259.6 257.8 256.6 254.6 252.4 251.1 252.4 251.8 248.3 248.1 251.5 250.5 253.8 260.9 263.6 260.1 256.2 251.4 250 247.5 247.4 251.6 251.9 250.4 248.3 246.6 247.9 254.7 259.7 262.9 263.2 261.9 259.2 255.2 247 239.8 234.6 230.7 225.6 216.9 208.8 200.1 193.2 187.3 182.5 183.6 183.1 182.6 185 180.8 170.4 166.3 166 165.7 165.5 165.2 164.8 171.7 178.4 183.9 184.8 195.4 199.3 202 200.5 198.1 190 181 177.4 173.9
250.2 251.7 253.4 255.1 255.8 257.9 259 259.9 259.6 259.2 259.2 258 256.9 254.8 253.8 255.5 252.4 255.7 257.8 262.5 265.1 273.1 275.3 268.8 262.2 257.9 257.3 254 249.4 251.6 252.3 249.6 248.2 247.2 247.8 251.9 257.5 261.5 262.7 261.7 258.4 254.9 247.5 239.9 234.9 230.8 225.8 216.6 208.4 200.2 192.9 186.6 184.4 187.6 186 185.1 186.1 182.5 170.8 166.2 165.7 165.5 165.4 165.4 164.1 168.6 176.3 181.4 182.9 189.5 195.6 199.3 199.2 196.7 188.8 180.9 176.4 173
251.5 251.8 252.7 255 256.4 258 259.9 260.3 260.1 259.2 259.4 260.2 259.7 258.5 256.5 258.4 255.9 264.7 270.6 274.3 277.2 284.8 286.9 280.3 268.3 263.2 264.6 260.7 254.6 254.6 252.5 249.9 248.4 247.4 249.9 252.4 256.9 260.6 261.5 260.4 257.1 253.7 247.3 239.9 234.9 230.7 225.9 219.8 208.8 201.7 192.2 188.2 190.4 191.1 188.9 185.2 186.4 183.5 173.5 166.6 165.4 165.3 165.1 164.8 163.3 166.7 174 178.2 180.7 187.8 194.9 197.6 197.6 196.5 189 180.1 175.9 172.5
253.1 253.3 253.8 256.1 257.8 259 260.6 260.7 260.5 259.3 259.6 260.9 262.8 260.9 262.6 264 264.1 272.9 276.7 282.9 289.1 295.4 292.3 286.6 274.5 270.6 269.4 266.1 260.7 256.2 253.6 253.7 255.5 247.6 249.2 251.6 254.8 259.1 260 258.9 255.6 252.1 246.4 242.4 235.7 230.5 227.1 221.8 213.1 203.3 194.3 190.2 196.1 193.1 189.7 185.2 186.1 184.4 175.7 167.3 164.9 164.4 164.1 163.9 164.5 167.1 171.6 175.3 179.1 186.8 193.2 195.9 195.6 193.5 188.5 180.7 177 173.4
254.9 255.5 255.6 257.4 260.1 260.5 260.9 260.9 260.7 260.4 262.6 266.4 265.5 263.7 269 273.4 275.4 276 281.5 289.9 296 298.7 295.6 290 280.7 274.4 273.3 270.9 267.4 259.3 255.7 256.5 258.1 250.1 252.5 254.7 254.1 257.1 257.9 257.3 254.7 251.5 248 244 236.3 231.8 228.2 223.1 215.4 204.6 199.4 193.1 196.5 193.3 191 187.2 185.5 184.6 177.8 168.9 165.2 164 163 163.8 164.7 164.3 169.7 173.6 177.8 183.6 189.5 194.2 194.4 192.4 187.6 182 178.5 174.4
256.6 257.7 257.8 259.6 262.3 262.6 262.8 261.1 260.8 261.2 265.5 268 267.5 267.2 276.3 280.1 280.4 279.1 282.9 290.6 297 300.1 297.6 292.5 284.6 280.1 278.4 277 273 262.8 257.8 258.3 259.9 256 253.9 256.2 254.9 255.6 256.4 255.7 253.3 250.7 247.5 245.5 237.1 232.6 228.9 224.4 216 207.4 201.4 194.5 198.5 196.5 191.4 188.6 186 185.1 179.2 170.9 166.3 164.9 162.8 163.1 163.8 163.9 167.1 170.9 175.7 181.2 187.6 192.3 191.9 191 185.6 181.4 179.4 175.4
258.2 260.1 260.6 262.1 264.8 265.6 265.9 265.3 261.9 260.1 264.1 267.3 267.8 270.4 278.4 280.8 281.3 284.4 290 297.1 298.3 300.6 298.7 294.1 286.6 283.1 282.5 280.8 275.9 266.8 260.3 259.6 259.4 259.3 257.2 256.9 255.2 254.6 255 254.3 252.4 250 246.9 245.2 238.8 232 228.2 223.3 215.5 206.7 201.5 196.9 199.9 197.2 194 189.2 186.5 184.8 182 173.9 167.8 164.4 162.7 162.8 163.2 162.3 166.1 169.5 174.5 179.4 185.6 189.7 190.4 190.4 185.2 180.8 179.1 175.1
260.1 262.2 263.9 265.3 267.4 269.4 269.3 269.1 266.7 260.5 262.1 266.8 268.3 269.8 276.5 279.7 280.3 288.6 297.2 302.8 303.8 303.1 299.7 295.5 288.1 285.4 285.3 283.5 279.6 272 262.4 260.4 259.7 259.2 258.1 255.9 254.4 253.8 253.8 253.1 251.4 249.2 246.4 244.3 237.4 230.6 227 222.6 215.8 208.4 203 200.3 200.5 199.7 197 191 186.7 184.5 182.6 175.9 168.1 164.4 162.4 162.4 163.2 163 162.6 168 172.2 176.7 182.3 187.3 189.5 189.1 184.5 180.7 179.4 175.2
262 265.5 267.4 268.7 270.2 272.3 272.8 272.3 270.6 265.6 260.8 264.6 266.6 268.9 273.9 276.5 278.7 291.5 300.1 307 307.5 304 300.4 296.2 289.1 288.1 287.9 285.1 283 275.1 264.3 261.4 259.4 258.2 257.4 255.1 253.6 252.1 251.7 251.3 250.1 247.7 244.7 242.8 236.3 229.5 225.9 222.1 216.7 209.2 205.2 203.1 201.9 199.8 197.4 191.1 187.5 185 181.3 176.1 169.3 165.2 162.6 162.3 161.3 162.3 162.1 166 170 174.6 179.6 184.8 187.7 187.4 183 180 178.7 175.5
263.6 268.5 270.1 271.2 273.4 276.3 276.4 275 272.4 269.5 262.1 262.5 264.8 267.3 270.8 273.8 278.4 291 299.8 305.9 306 302.3 299.7 295.6 290.3 290.2 292.3 289.8 283.8 276.3 268.5 261.7 258.6 257.8 256.8 254.1 252.8 251.5 250.7 249.7 248.7 245.8 243.4 241.6 236 229.4 226 222.4 217.1 209 205.4 204.4 202.3 199.9 197.2 191.1 185.8 185.2 181.6 176 170.3 165.5 163.1 162.4 162.4 162.5 162 163.6 168.9 172.6 177 182 183.8 184 182.2 179.2 178 175.4
264.6 268.9 272.5 274.6 277.1 279.2 279.8 277.1 273.7 269.9 263.3 261.7 263.7 266 267.8 269.9 277.3 283.9 294.5 300.5 301.9 299 298 293.3 290.2 290.7 297.9 294.3 286 281.3 273 262.5 257.9 256.8 255.6 253.2 252.1 251 250.1 249.3 247.7 245.2 243.8 241.6 235.6 229.3 225 222.1 216.3 209.1 205.2 203.8 202.8 199.9 197.1 193.2 187.7 185.8 181.6 176.1 171.1 165.8 162.5 162.1 160.4 162.2 161.7 163.7 167.6 170.8 177.3 181.1 182.1 181 180.5 178.4 177.2 174.4
266.2 269.9 274.6 277.7 279.5 280.4 280.6 278.4 274.1 269.5 264 262.3 262.1 264.4 266.8 268.6 272.3 278.4 286.6 293.6 296.1 294.1 294.7 290 287.6 289.8 299.5 296.9 286.8 280.8 272.7 262.8 258.2 255.5 254.2 252.4 251.4 250.5 249.8 249.2 248 246.1 243.6 240.9 235.7 229.2 224.3 221.3 215.5 209.1 204.6 203.1 203 200.3 196.9 192.8 188 185.4 180.9 176 170.9 166.6 162.6 161.2 160.8 161.6 161.2 162.8 166 169.4 174.8 180.6 181.3 180.7 179.7 177 177.1 174.2
267.3 271.2 276.8 279.5 280.6 280.7 280.6 278.6 273.6 268.9 265.2 263.1 263.1 264.2 266.5 268.9 271.4 274.6 282.2 286.5 289.4 288.3 288.9 287.4 284.7 288.6 299.3 295.4 286.3 278.3 270.5 262.8 258.9 254.8 252.7 252.1 251.2 249.9 249.4 248.9 248.4 246.4 243.7 240.5 235.7 229.2 224.1 220.2 215.9 209 204.1 203.8 204.8 201.4 196.8 190.5 188.3 186.9 184.4 178.2 173.3 167.2 162.1 161.3 161.1 160.2 160.8 161.8 165.5 168.9 173.3 180 180.7 181 179.6 176.4 177.1 174.3
268.1 273.2 278.7 280.1 280.5 280.6 280.5 277.7 272.5 269.4 265.7 264.1 264.3 268.6 267.9 269.4 271.5 273.8 277.2 281.8 284.4 283.5 283.7 282.7 280.5 285.7 296.3 293.3 282.2 275.9 269.7 261.9 256.9 253.8 252.5 251.4 250.5 249.1 248.7 248.5 248.2 246.6 244.1 239.5 235.3 228.9 223.5 219.6 215.8 209.2 204.6 205.8 206.7 206 200.8 193.8 188.4 186.6 184.9 179 172.6 168.9 163.7 160.3 160.1 160.1 160.4 160.8 165.1 168.2 171.7 177.7 180.3 180.9 179.8 176.8 176.8 174.6
269 273.5 279.1 280.4 280.6 280.5 280.1 275.7 270.8 269 266.4 264.1 266 270.6 272.1 275.9 276.9 277.6 274 277.2 279.7 278.7 278.9 278.2 277.7 282.6 292 290.3 280.4 274 266.4 258.3 256 253.9 252.4 251.2 249.7 248.5 248.3 248.1 247.9 246.6 243.6 239.4 234.7 229.1 224 220.1 215 209.1 205.1 208.5 209.2 209 205.3 199.6 191.6 186.4 184.3 178.2 172.9 168.8 166.2 162.4 159.7 159.1 158.4 159.7 163.7 167.3 171.3 174.6 178.1 180.6 180 178.1 177.1 174.8
269.4 273.2 278.8 280.7 280.7 280.5 279.5 273.8 269.6 267.7 266.4 264.1 266.7 270.5 276.2 275.8 279.4 280.2 272.6 272.2 275 274.2 273.9 273.4 273.1 277.9 288 287.9 279.2 272.4 264.5 258.2 256.7 253.5 252 250.7 249.3 248.8 247.4 246.9 247 244.3 242.6 239.3 234.1 227.9 223.1 219.3 213.2 210.9 205.3 215.4 213.3 213.6 212.6 207.9 196.6 186.9 184.5 181.7 178.7 171 167.9 163.3 162.5 159 158.7 157.7 162.7 166.9 169.1 172.6 176.9 180 180 178.1 177 174.6
269 273.1 278.7 279.8 280.4 280.7 279.7 273.2 268.7 266.4 265.1 263.8 265.2 269.2 274.6 275.8 278.4 280.5 271.6 269.9 270.5 270.1 269.8 269.5 269.7 275.3 282 284.3 277.9 270.1 262.3 257.4 256.4 253.2 251.4 250.1 249.3 250.1 249.7 247.1 244.1 242.1 239.6 236.3 231.3 226 222.1 220.5 217.8 209.2 205.9 218.3 219.3 219.9 217.6 212.6 201.6 188.9 183.8 181.2 179.3 172.3 169.4 166.3 164.2 158.5 158.6 158.7 162.2 165.2 168.6 172 176.1 179.2 179.3 177.9 177.2 174.1
