public/OST50/NY09.asc
ncols 200
nrows 200
xllcorner 300000
yllcorner 590000
cellsize 50
[rows 140 to 174 of 200, columns 0 to 77 of 200]
323.5 322.1 322.9 325.8 328.5 330.8 331.1 330.1 327.6 325 322.4 321.2 318.2 315.5 315.6 318.4 322.3 324.5 324.4 323 320.7 314.6 307.4 302.6 298.3 290.8 269.2 252.7 252.6 276.2 285.4 292.2 299.1 301.2 304.9 308.4 312.8 318.2 326.6 335.1 342.2 348.6 353.4 353.5 355.7 340.5 343.2 340.9 337 327.7 321.6 311.2 307.7 307.3 304.4 296.2 285.6 265.8 269.6 276.1 279.1 280.9 283 284.9 282.1 279.3 285.1 286.8 288.4 293.4 293.7 290.8 287.8 282.9 282.3 284 280.6 274.4
322.3 319.6 319.6 321.2 324.5 327.4 329.2 329.4 327.9 324.7 321.7 318.7 311.7 311.4 310.8 312.9 316.2 318.4 318.4 317 313.1 307.8 302.1 298 293.8 282.3 258.5 251.1 262.1 279.3 286.8 293.4 293.7 302.5 306.4 309.5 314.4 320.1 328.3 335.8 342.6 350.1 356.4 360.5 357.9 350.5 351 341.8 337.7 337.7 331.8 320.5 307.2 300.2 296.5 291.7 282.3 267 259.9 269.3 273.3 274.8 275.4 277.6 277.2 267.7 279.1 281.8 283.7 286.3 290.1 289.2 285 279.6 280 278.5 275.8 270.1
322.2 319 315.1 316.8 320.3 323.5 326.5 327.9 327.6 325.4 322.1 318.5 312.4 300.7 303 307.7 310.9 313.4 312.5 310.9 307.3 302.3 297.2 293 290 275.8 249.7 250.8 263.1 277.4 276.9 284 298 304.7 308.4 313.2 317.5 324.9 333.8 339.7 344.8 350.5 356.5 360.2 358 352.1 346 342.7 343 341.4 334.9 326.7 319.6 308.3 302.1 298.6 291 282.5 271.8 257.7 265.5 267.3 268.7 269.3 269.3 261.6 271.8 276 277.7 280.2 283.2 285.3 282.9 277.7 274.8 273.8 270.5 264.1
323.1 319.5 313.5 311.4 313.1 319.8 323.3 326.5 326.9 326.3 324.3 321.2 316 309.5 297.1 294.4 304.9 307.5 306.6 304.9 301.7 297.1 291.9 288.3 286.2 271.2 248.5 247.3 266.8 277.6 286.5 295.4 303.2 307.5 311.1 317.1 324.3 332.9 339.8 343.9 347.1 351 356.3 359 358.4 350.8 346.1 348.1 345.7 341.9 336.2 329.5 324.7 316.8 308.4 304 300.2 291.8 281.9 275.1 263.3 250.8 260.3 261.5 260.8 248.6 266.8 270.1 272.2 275.7 279.1 281.4 279.8 274.8 271.4 272.4 265.8 260.2
323.5 318.7 313.4 309.7 307.2 315.7 319.9 323.6 325.7 326.6 326.7 324.6 318.8 311.2 300.8 288.6 292.2 300.2 299.9 298.6 295.8 291.3 285.7 282.8 279.9 260.3 246.1 254.6 270.5 282.1 291.4 302.1 309.6 311.3 314.7 322.2 331.1 339.4 344.1 348.2 350.6 353.3 355.3 356.7 355.4 352.1 350.2 350.5 348.3 343.7 339.3 332.6 326.3 320.4 310.4 306.1 302.5 295.5 288.8 282.1 274.4 265.5 251.9 247.4 251.9 254.4 261.6 266.1 269 271.8 274.6 277.9 276.6 272.8 268.4 272.3 262.9 259.5
322.5 318.1 313.1 308.3 302.1 309.9 315.4 320.3 323.7 326 326.7 326.3 321.9 313.9 304.4 297.6 281.1 287.7 293.2 291.6 289 285.1 279.1 274.6 268.1 244.3 246 261.6 277.9 288.8 296.6 307.5 317 317.1 320 329.4 339.5 345.4 349.1 352.6 356.1 357.8 358.8 358.6 355.9 352.6 350.5 350.5 349.2 344.1 338 332 326.7 320.9 312.4 306.7 302.4 297.8 292.6 286.9 280.6 273 267 258 242.6 242.1 255.1 260.9 264.4 267.3 270.2 273 274.1 269.5 267 266.1 259.3 259.3
321.4 317.2 312.2 307.2 302.1 302.6 308.8 315.1 319.5 323.2 326.1 326 323.7 317.5 308.8 299.3 282.8 276.9 287.4 285.4 282.9 277.5 272 266.4 245.2 242.7 252.5 270.6 285.1 293.1 301.4 312.3 321.3 322.4 326.7 337.5 345.1 349.7 353.9 358.1 362.6 364.2 362.9 359.7 356.6 353.2 350.8 350.3 347.6 341.9 336.8 331.7 326.6 321.3 313.6 307.2 302.6 298.1 293.6 288.6 283.5 278 272.8 266.7 260.2 238.9 244.6 254.7 259.5 262.3 265.2 267.7 270 262.7 263.3 259 255.5 260.5
321.3 316.4 311.6 306.9 302.2 298.4 301.3 308.8 314.7 318.7 323.4 325.5 324.8 319.6 310.4 300.4 289 270.6 273.6 279.4 275.2 270.2 263.8 243.1 240.9 246.2 264.9 280.6 296.9 301.3 309.5 317.3 327.6 327 334.8 345 350.8 354.8 359.6 366.1 370.2 370.4 366.7 359.6 356.4 353 350.2 347.8 345.1 340.8 335.9 331.1 326.2 321.5 314.1 307.3 302.6 297.9 293.2 288.3 283.3 278.4 274.4 269.3 262.8 244 235.9 248.9 253.7 257.3 260.1 262.1 263.8 260.7 257.3 252.3 255.9 261.4
322.5 317.1 311.8 306.8 302 297.8 291 302.3 309 313.1 318.8 324 324.8 321.4 313.7 303.5 292.6 282.4 261.2 268.8 267.7 264.5 246.1 240.3 242.7 256.9 273.3 291.9 307.2 314.1 320.3 326.6 331.2 336 341.4 349.7 355.2 359.5 366.4 372.9 375.9 374.6 369.7 360.9 357 352 348.7 345.6 342.7 338.9 334.1 329.2 324.9 321.6 314.4 307.2 302.2 297.5 292.7 287.8 283 278.1 273.6 268.6 261 244.4 229.3 244.4 248.7 252.2 254.9 256.4 258.4 260.5 252.4 246.4 256.2 260.8
323 317.8 312.6 307.5 301.2 296.6 292.9 292.4 301.5 307.5 313.5 320.8 323.9 321.7 315.8 305.6 293.6 279.9 264.5 250.9 261.3 260.6 240.1 238.8 252.8 265.9 283.4 300 313.8 324.3 335.6 341.3 340.3 342.6 348.4 354.7 359.2 366.4 374.3 379.6 380.9 377.3 371 362.5 356.2 351.2 347.1 344.3 341.3 336.7 332.2 327.2 323.2 319.6 313.8 307.3 301.8 297 292.2 287.4 282.6 277.8 273.3 268.6 260.2 249.5 227 234.7 242.2 245.5 249.6 251.6 254.2 255.4 250.3 246.4 253.9 258.3
323.7 318.5 313.3 308 301.8 294.6 290 286 295.5 301.7 307.5 315.4 320.9 320.6 315.8 306.6 294.4 283.6 272.5 249.4 253.2 240.6 237.6 245.9 259 273.3 294.8 307.9 320.7 333.1 344.2 351.8 351.3 353.1 361.4 364.8 368.4 374.7 381.3 384 382.7 378.4 371.6 362.6 356.5 351.2 346.2 342.8 339.2 334.8 329.6 325.1 321.7 317.5 312.2 306.9 301.4 296.9 292.1 287.4 282.6 277.6 273.3 269 261.7 252.6 235.8 224.4 225.7 238.4 243.2 247.3 249.6 251.4 250.5 239.7 251.3 255.9
324 318.8 313.5 308.2 302.1 295 287.5 284 291.3 296 301.7 310.4 316.7 318 312.7 304.8 293.3 279.2 264.9 255.9 242.4 235.7 239 251.7 266 284 301.7 316.6 329.1 342 350.8 358 359 363.9 371.7 374.3 377.9 382 386.7 387.2 383.7 378.1 370.1 362.5 357.2 351.9 345.6 339.9 336.3 332.4 327 323.5 320.3 316.1 311.6 306.2 300.8 295.8 291.9 287.4 282.3 276.7 272 268 262.4 253.8 232.6 240.9 223.5 223.9 227.4 240.3 244.2 249.4 247.5 235.3 248.9 253.5
324.1 319.1 313.8 308.5 302.5 295.5 286 277.7 284.6 289.2 294.9 304.7 311.8 313.8 310.8 303.2 291.8 273.9 259.2 250.8 239.5 234 244.3 259.6 277.4 292.6 307.3 323.1 335.3 346.4 355.2 364.4 362.9 369.6 377.6 381 383.3 387.1 389.9 388.6 384.1 378.4 371.5 364.5 357.6 351.2 344.8 338.6 335.1 330.3 321.9 320.6 319.3 309.8 303.9 305.8 299.9 294.1 291.3 286.7 281.8 274 265.9 259.1 256 243.5 248.5 241.8 233.9 220.4 216.6 235.3 239.6 243.8 245 237.7 246.1 250.6
323.6 318.9 314.4 309.2 303.3 296.6 287.1 276.4 276 281.7 287.6 298 306.8 310.3 308.1 300.5 287.5 269.2 255.5 244.4 234.5 234 248.9 267.4 286.3 297.6 312.8 327.5 338.5 351.1 354.5 360.5 363.7 370.5 377.3 381.9 386.1 389.3 391.7 389.9 384.9 379.2 373.4 366.4 359.3 352.1 345.1 339.1 334.8 330.1 325.6 322.6 318.7 313.4 307.3 300.5 292.2 292.8 287.1 280.4 275.3 272.4 270.6 261 259.3 254 248.7 242.6 233.5 219.3 214.4 230.1 233.7 236.1 240.5 235.9 242.8 247.4
323.6 319.5 315.5 310.1 304.2 296.7 288.4 277.7 267 275.3 281 291.5 301.9 306.2 302.9 295.7 281.7 263.6 250.1 241.8 231.3 236.3 253.4 273.5 290.4 299.1 315 328 337 346.9 351 357 361.5 367.6 374.9 380.4 385 388.6 390.1 389.7 385.4 379.9 374.7 368.7 360.8 352.9 346 340 336 331.3 326.7 322.8 319 312.1 306 303.2 298.4 292.9 288.5 284 278.9 274.8 270.2 265.8 260.5 254.8 249 242.5 233.5 215.7 204.2 212.2 228.2 235.1 232.9 222.9 240.5 244.8
324.1 320.3 315.8 310.4 304.7 297.1 288.9 277.3 266 270.1 276.6 285.2 296.3 302.4 299.3 289 276.4 258.5 243.6 235.1 230.3 237.3 254.7 277.1 292.6 303.1 316 325.9 335 342.5 347.4 352.1 356.7 363 369.5 376.3 381.5 385.4 387.9 387.7 385.2 380.8 376.7 371 363.6 356.1 348.9 342.9 339.7 335.2 328.2 324.1 319.3 314.1 309.2 304 298.6 293.4 288.7 284.4 279.9 274.8 269.8 265.6 261.3 255.5 249.6 242.7 235 220.1 204.3 205.5 226.2 230.5 214.5 231.7 238.5 242.7
324.6 321.2 315.9 310.6 305.1 298.1 289.5 279.4 269.7 266.7 272.9 279.7 290.4 297.3 295.3 286.4 271.8 254.6 243.6 230.9 228.8 237 252.1 276.9 292.5 303.5 314.6 323.2 332.4 339.4 344 347.9 351.9 358.1 364.6 370.8 376.8 381.4 384.3 384.4 382.5 381.2 377.4 372.6 367.5 361.6 356 348.1 343.7 339.1 330.7 324.8 319.7 314.6 309.1 303.7 298.3 293.3 288.6 284.7 280.3 274.6 269.5 265.4 261.1 256 249.4 244.4 237 223.9 201.9 204.5 221.1 224.8 211.5 229.5 236.4 241.2
324.6 320.8 315.9 310.7 305 298.3 289.5 279.9 269.8 260.2 268.4 274.5 280.4 290.1 289.4 283 267.4 253.2 246.3 228 227.5 237.7 252.9 275.1 292.2 303.1 313.2 319.8 328.6 334.4 339.1 343 347.3 353.7 359.5 365.3 372 377 380.4 381 381 379.8 376.5 372.5 368.3 365.1 361.4 354.9 348.2 343.8 334 326.3 320.3 314.1 308.7 303.4 298 292.9 287.9 284 280.3 274.5 269.3 265.2 261.5 257.4 250.9 244.9 238.4 230 214.4 197.6 204.5 208 217.6 227.5 234.2 232.6
324.3 320.5 315.7 310 303.5 297.1 289.7 280 269 255.2 261.7 268.5 274 280.1 280.1 276.2 264.5 252.7 243.9 236.5 227.2 233.2 250.2 275.5 289.7 298.9 310 315.7 323.3 328.8 333.3 337.5 342.1 348.9 354.6 360.9 367 372.3 375.9 377.7 378.4 377.7 374.7 371.4 368.3 365.7 362.6 358.7 353.2 348.7 339.6 327.7 320.7 313.9 308.1 302.7 297.2 292.4 287.2 283.8 280.4 274.8 269.7 265.9 262.2 257.7 251.6 245.5 239.1 233.6 219.9 197.2 200.8 199.5 219.2 226.5 230.4 221.2
324.2 320.4 315.1 309.3 303 296.7 289.3 279.6 268.6 255.4 256.6 263.7 269.1 274.1 274.8 271.3 262.2 251.9 242.7 233.5 222.3 232.9 252.5 272.3 285.1 297.8 304.9 311.9 318.3 323.5 327.9 332.2 336.5 342.6 349.8 356.1 362 367.6 371.4 374.2 375.5 375.7 373.2 370.2 367.7 365.6 362.9 359.5 355.7 351.8 343 331.3 321 313.2 306.8 301.4 296.2 291.2 286.5 283.9 280.4 275.6 270.5 266.3 262.8 257 250.6 245.1 239.6 233.1 220.6 200.7 190.9 203.1 217.9 223.6 220.7 229
323.6 320.3 315.3 308.5 302 295.7 289 279.3 266.7 255.6 249 257.6 263.5 268.8 270.7 267.2 259.7 249.8 242.5 220.8 222.3 235 252.6 269.8 282.1 293.4 301.9 308.2 314.6 319.4 323.8 327.8 331.8 337.4 343.9 350.5 356.6 362.6 367 370.4 372.7 373.3 371.8 369.2 366.8 364.8 362.1 358.8 355.8 352 344.9 333.2 321.2 312.2 305.7 301.3 296 290.8 285.9 283.5 279.9 275.2 270.6 266.1 262.9 257.2 249.9 245 238.5 231.5 220.2 204.1 190.4 197.9 217.2 219.8 214.8 232.4
322.8 320.3 315 306.7 296.7 292.3 286.6 277.9 264.7 252.2 248.4 251.7 257.3 262.5 265.1 262.3 255.4 247.7 237.7 218.8 220.1 232 249.1 266.3 281.2 290.9 299.5 305.8 311.7 316.8 321.1 325 328.9 334.4 340.6 347 353.2 360.1 365.4 369.6 372.1 372.5 370.2 367.9 365.5 362.9 360.1 357.2 354.2 349.6 344.8 332.9 321.2 310.5 304.7 300 294.9 289.6 285.5 283.1 279.4 274.7 269.5 265.8 263 258 251.4 244.2 236.3 228.9 224 211.8 189.6 188.2 212.9 203.5 224.4 230.5
321.4 318.1 313.9 303.9 289.6 274.4 282 274.6 262.1 252.5 245.3 244.3 249.8 255.2 258.5 256.6 250.7 244.9 236.9 216.9 218.1 231.6 247.7 265.6 280.2 290.7 298.3 303.1 310.4 314.6 319.1 323 328.4 334.1 339.7 348.4 355.8 362.5 367.2 370.7 372.4 371.6 369 366.5 363.7 360.8 357.8 354.9 351.6 347.1 342.7 331.7 318.7 308.2 302.5 297.2 292.2 288 285 282.6 278.9 273.4 268.6 265.4 263 257.7 251.9 246.1 237.5 229 216.4 201.9 188.9 184.8 195.5 215.9 223.9 227
322.3 320.6 314.8 307.2 298.2 280.7 279.6 272.4 263.3 254.2 247.6 242.5 242.7 247.6 251.9 250.1 247.1 242.6 236.2 223.6 214.6 232.9 251.5 268 282.5 293.5 301.5 308.4 314.2 318.6 321.9 327.8 333.4 338.9 346 352.8 359.5 365.4 369.6 372.9 372.6 370.9 368.7 366.2 362.2 358.5 355.6 352.4 348.8 344.7 339.9 329 315.7 305.5 300.5 294.9 289.4 285 282.4 281.1 277.2 271.9 268.4 265.4 263.1 259.4 255.1 249.2 240.9 231.4 221.9 207.2 190.8 182.6 198.2 222.4 219.6 222.9
328.1 325.7 322.2 313.2 302.6 285.5 266.4 263.7 258.7 250.8 246.3 242.6 233.6 240 243.4 243.4 242.4 239.9 235 230.3 218.8 233.6 255.3 272.9 286.2 297 306.9 316.1 320.1 324.5 329.6 336.1 341.6 347.7 353.3 358.2 362.9 367.1 371 374.4 374.7 370.9 368.4 365.4 361 356.8 353.1 349.2 345.6 341.9 336.8 326.7 312.7 302.8 297.8 293.6 287.6 281.4 280.1 279.1 276.1 271.4 267.6 265.8 263.5 260.8 256.4 251.2 243.4 233.5 225.6 219.4 198.9 180.8 187.5 201.3 218.2 218.6
333.3 329.7 323.9 317.6 306.1 293.5 279.1 268.2 258.9 249.1 243.1 240.9 219.9 231.9 233.4 235.9 237.7 236.2 232.8 226.8 213.9 235 260.1 277.3 290.6 302.6 313.1 320.9 324.6 327.8 333.5 341.2 347.6 352.5 357.3 361.4 364.8 368.1 370.8 372.6 373.1 371 368.2 364.3 360 355.4 351 347 343.4 338.4 333.2 324.5 309.9 299.7 294.4 291.4 285.2 279 277.7 277 274.2 270.8 266.4 264.6 263.2 260.9 256.8 252.6 247.3 237.4 226.3 219.6 211 185.6 178.7 194.6 219.4 215.8
338.4 333.9 328.2 319.6 308.9 296.5 284.1 271.9 261.1 252.4 245.3 241 234.9 210.4 211.2 228.4 232.1 231.9 228.5 217.3 221.1 243.9 264.9 281.3 294.4 306.7 316 322.7 325.8 329.3 335 341.9 349.4 353.5 357.5 361.1 364.5 367.8 370.3 370.6 369.9 369 366.2 363.4 359.4 353.7 348.7 344.8 341 335.3 328.9 322 306.7 294.2 290.2 287.6 283.2 277.3 275.7 274.5 272.5 268.9 265.2 262.9 261.7 260 254.9 252.5 247.9 241.4 230.1 219.2 216.3 201.3 183.3 176.6 197 212.8
341.8 338.5 332.6 324.9 312 299.7 284 270 258.9 251 244.4 240.1 233.6 228.1 206.7 210.2 228.9 227.3 223.1 206.5 228.2 247.2 267.5 283.1 296 308.3 316.6 321 323.7 328.6 334.6 339.7 346.7 351.3 355.6 359.3 363.1 366.1 368.2 368.2 367.5 366.5 363.8 361.1 357.1 351.8 346.5 341.5 337.1 331.9 325.7 319.1 303.5 289.6 286.2 283.7 279.8 275.2 273.4 271.8 270.3 266.5 262.3 260.6 260.1 256.3 250.4 251.4 247.4 241.7 232.5 220.6 214.8 215.6 197.6 173.9 177.4 201.3
345.5 341.6 335.7 327.5 314.4 301.7 283.2 268.7 258 249.6 242.7 237.3 231.7 226.6 222.1 201.6 222.9 223.6 216.6 211.7 230.4 245.5 265.8 279.9 295.5 305.7 312.4 317.3 320.1 326.1 331.2 336.9 343.1 348.1 352.1 356.1 359.8 363.1 364.2 364.2 363.7 362.8 360.2 357.6 353 348.2 343 338.1 333.3 327.6 322 316 298.9 285.5 282.1 279.8 276.3 272.2 270.1 268.8 266.8 263.3 259.2 257.7 256 251.7 247.3 250 246.3 241.3 233.7 222.6 215.9 217 207.2 188.7 172.3 204.8
346.7 343.5 336.8 327.9 315.4 300.8 283.5 268.1 256.4 249.2 241.9 236.3 231.6 223.5 209 199.6 209 202 198.9 215.3 229.4 243.4 264 277.8 292.1 301.4 307.7 312.7 317 322.3 328.1 333 339 343.8 347.9 352 356.2 360.1 361.3 360.2 359.7 358.5 356 352.7 348.4 344 339.2 334.4 329.3 323.5 317.9 312.5 295.9 281.2 277.8 276.4 273.2 270.4 267.5 265.9 263.8 259.8 255.4 254.2 252.4 246.2 243.3 247.9 245.1 239.8 232 222.2 215.4 215.6 210.5 195.6 176 209.8
346.2 342.3 335.7 326.8 314.3 299.9 284.1 267.8 255.3 248.4 241 234.8 230.3 226.8 220.3 201 196.5 193.4 204.1 218 228.9 242.7 262.1 275.9 287.3 296.7 303.9 309.1 313.5 317.9 322.9 328.1 333.2 338.3 342.8 347.4 351.6 356.3 358.3 357.5 355.8 354.3 351.8 347.7 343.3 338.7 333.6 329.8 325.9 320.1 315.5 308.3 292.7 277.9 273.9 272.4 270.1 267.1 265.2 263 260.7 256 251.8 250.3 249.4 245.2 242.6 244.6 243.1 238.1 229.8 220.6 214.1 211.7 206.1 201.1 165.2 196.2
343.7 339.5 332.8 324.1 311.3 297.7 282.2 265.9 253.6 245.8 239.5 231.5 226.9 223.2 216.8 206.4 195 191.1 204.9 218.7 229.2 242.3 259.9 272.3 282 291.2 299.4 305.5 309.8 313.6 318.1 323.1 328.1 332.8 337.8 343.3 349 352.9 354.9 355 352.4 350.2 347 342.4 337.8 333.2 328.9 324.9 320.8 316.2 311.1 302.6 288.3 276.6 270.4 268.3 266.1 263 260.2 259.3 257.3 252.9 248.6 247.7 246.4 243.5 240.5 238.8 238.8 234.7 226.7 219 212.9 208.2 203.4 202.1 164.9 188.7
340.3 334.7 327.8 318.1 306.5 293.7 277.7 262.5 250.7 243.3 236.3 229.6 224.6 219.8 214.2 205.9 195.1 189.9 209 221 230.6 243.7 258.3 270.5 277.4 285.8 294.5 301.6 306 309.5 313.9 318.5 323.5 328.6 333.6 339.7 346.3 351.2 353.3 353 350.5 347.5 343.2 338.1 333.4 328.8 324.8 320.8 316.5 312 306 296.8 283.5 273.3 266.3 264.2 261.9 258.5 255.5 255.5 253.8 250 244.3 242.9 241.3 239.1 237.3 235.1 233.8 231.9 224.9 217.3 210.9 206.5 201.7 200 169.6 172.7
336.9 329.7 320.5 311.6 301.1 288.4 271.2 259 249.5 243.2 236.1 227.9 222.8 218.9 214.2 206.8 195.4 189 210 223.3 234.2 247.9 260.6 269 273.8 280.5 289.3 296.3 302.3 305.5 309.7 314.3 319.4 324.9 331.6 338.9 345 349.7 351.6 351.6 349.1 345.1 340.2 334.3 328.4 324.5 320.6 316.3 312.1 307.9 301.3 292.5 277.8 268.3 261.5 261.5 259.2 256.1 252.7 251.7 250.5 246.7 242 239.2 236.2 234.4 232.6 229.8 230.7 229.6 222.7 215.5 209.3 205 199.7 199 173.7 159.6
333 323.7 314.3 305.3 294.7 281.8 266.6 256.9 248.2 242.4 235.5 226.7 221 217.1 213.4 202.7 191 193.8 213.1 225.7 237.3 251.4 260.7 267.5 270.5 276.3 284 291.8 297.8 301.8 306 311 317.3 323.5 330.5 337.8 344.4 348.4 350.8 350.4 347.3 343.1 337.8 330.8 325 320.3 316.2 311.8 307.6 303.4 296.8 287.4 275.7 262.8 259.2 258.9 256.5 253.6 250 249 244.8 242.4 238.7 237.3 229.7 229 227 225.5 228.9 227 220.1 214 208.2 202.6 198.2 190.9 162.5 159
