public/OST50/NY11.asc
ncols 200
nrows 200
xllcorner 310000
yllcorner 510000
cellsize 50
[rows 70 to 104 of 200, columns 0 to 77 of 200]
149.9 152.7 157.4 166.9 169.2 164.4 161.6 170.3 168.7 168.5 172.3 176.3 173 179.9 192.6 198 208.8 223.2 238.3 252.9 270 291.4 318.2 348.9 380 410.1 436 457.2 484.3 510.2 526 540 554.2 557.9 559.1 559.6 558.1 557.6 557.2 555.3 555.5 558.6 563.2 575.1 592.8 603.2 605.2 610.3 612.8 607.9 591.9 574.9 563.7 553.7 542.7 532.4 522.6 513.7 505.5 498.7 493.6 490.3 492.9 496.7 502.2 506 511.6 513.5 513.3 508.9 503.8 497.7 495.1 493.4 492.6 492.1 490.8 488.4
141.8 143.1 146.4 154.1 156.7 152.4 156.4 162.3 156.8 158 164.1 164.5 162.3 173.6 181.3 188.9 201.1 213.1 228 242.6 258 280.2 302.2 329.5 356.4 381.5 402 426.6 463.7 476.3 494.6 521.6 541.4 557.9 560.1 559.3 557.3 554.8 551.4 550.1 551 554.2 562.3 581.4 595.8 606.2 610.3 610.7 610.5 605.4 592.5 577.8 566.6 557 547.5 538.1 528.6 518.8 511.1 504.9 500.1 498 498.6 500.8 504.8 508.6 512 515.5 515 511.3 506.5 502.4 501 500.5 499.3 498.6 496 492.1
134.2 134.7 136.6 139.4 141.4 141.7 142.7 143.5 144.6 148.9 154 153.2 155.7 166.2 174 181.6 190.8 202.5 215.4 227.2 245.7 263.4 283.9 307.4 329.2 349.3 372.1 395.5 419 436.3 467.3 498.9 510.6 546.8 560.3 558.4 554 549.2 545.2 543.9 545.6 548.6 565.7 581.2 594.6 604.2 609.8 614.6 612.6 604.1 590.7 577.5 567.9 558.7 549.9 541.8 532.8 523.7 515.4 508.8 505.9 503.9 502.5 503.1 506 509.4 512.4 515.5 514.8 511.7 508.7 506.2 505.1 504.8 504.8 503.9 501 497.1
127.6 128.2 129.9 132 134.2 134.8 134.3 134.3 137.5 140.6 142.5 146.1 149.4 156.1 163.4 170.4 180.9 190.4 200 213.2 227.6 241.9 261.9 282.7 300.6 319.4 338 357.4 381.1 405.1 432.6 456.8 486.2 518.7 546 559.5 551.1 542.6 538.2 537.5 539.2 546.7 563 578.3 588.3 601 607.1 614 612.6 602.9 586.9 575.3 566.4 558.7 551.1 543.5 535.8 527.6 519.1 512.1 509 507.1 505.2 503.5 506.3 509.2 511.6 514 514 511.5 509.4 509 508.4 508.6 508.8 507.9 506.4 503.4
121.7 121.5 122.8 126.7 129.1 129 128.7 128.9 132.2 134.6 137.6 141.5 143.2 147.6 155 160.9 167.5 177.1 186.6 196.8 207.6 220.7 236 253.2 271.1 287.3 303.9 323.3 345.7 374.5 397.7 426.1 458.4 485.9 521.3 549 545.8 532.3 529 529.6 535.2 542.5 557.6 569.8 584.7 596.8 604.8 609.9 608.7 597.1 579.6 568.9 562 556.7 550.5 543.6 537.5 530 522.3 515.7 511.9 508 505 501.3 504.1 507.2 510 511.2 510.7 510.3 507.9 510.5 510.6 511.5 512 512.6 511.5 509.7
114.9 115.5 117.2 119.1 122.7 124.5 124.7 126.8 129.1 131.3 134.7 136.6 137.4 139.3 146.4 151.1 157.3 165 175 181.2 189.3 201.4 214.3 227 243.2 255.9 272.8 295.7 316.8 344.7 371.1 400 429.5 458.4 494.2 521.3 525.6 517 516.1 521.4 529.2 534.5 548.7 562.7 575.5 588.4 596.9 600 593.8 582.9 570.3 562.3 557.4 553 548.9 542.7 536.5 531.2 524.7 518.3 513.5 508.4 502.2 498.1 500 502.6 506.3 506.4 501.6 505.6 508.1 510.7 512.5 514.2 515.4 516.2 516.2 514.8
112.5 112.5 114 116.8 119.3 121.1 123.2 124 125.5 129.9 132.4 132.8 133.7 134.3 137.7 142.8 148.3 153.1 160.8 168.9 177.5 185.6 197.1 207 215.6 226.5 249.1 270.1 295.6 321.4 349.9 379.1 405.1 428.5 457.7 483 493.1 496.7 494.7 513.3 523.7 527.6 534.9 547.4 556.9 568.1 576.6 576.9 572 566.8 559 552.4 550.1 549.5 545.8 540.3 535.6 530.5 524.8 518.4 512.9 507.1 500.9 494.8 494.5 497.6 500.8 502.4 497 502.2 506.3 510.5 513.8 516.5 518.1 519.6 520.3 519.4
112.5 112.5 112.5 115.3 117.9 119.9 120.9 122.7 124.6 127.4 128.3 128.4 129.2 129.6 130.1 133.4 138 144.3 151.2 158.6 165.8 172 179.7 193.1 202.7 212.8 226.2 248.7 272.9 302 331.1 356.3 378.9 404.7 429.6 444.1 452.3 469.7 480.4 500.9 512.9 519.7 523.5 527.8 537.3 545.4 551.9 553.3 551.4 548.3 545.1 541.5 541.5 542 540.4 536.5 532.5 528.1 522.7 516.1 510.1 504.3 498.2 490.8 487.2 491.8 494.5 496.2 493.4 501.5 506.3 511 515 518.4 520.5 522.1 523.5 523
112.5 112.5 112.5 114.9 116.7 118.6 119.7 120.7 122 123.7 124.9 125.3 125.7 125.4 125 126.1 129.6 136.3 142.6 147.9 152.7 159.4 167.2 178.5 196.9 202.4 212.5 228.1 254.9 283.2 310.7 332.9 355.2 385.1 401.8 411.3 413.3 433.8 459.1 472.9 490.1 500.6 508.8 514.7 517.1 522.9 526.8 526.8 529.4 530.5 529.1 528.8 529.2 532.2 532.4 529.7 527 523.2 518.9 512.8 506.8 500.7 494.3 487 476.1 483 486.4 481.6 491.9 500.2 506.2 511.7 516.1 519.6 522.6 525.4 526.3 526.8
112.5 112.5 112.5 113.5 115.7 117.1 118.2 118.6 120.5 120.2 120.8 121.6 122.1 121.3 120.6 122.1 123.3 126.7 131.2 136.3 141.9 147.5 162.3 172.8 179.2 189 204.5 223.2 245.4 267.2 288.9 310.2 333.8 369.2 376.8 380.9 387 406.2 422.2 438.6 458.1 470.6 484.3 495.4 500.3 497.2 504.8 506.9 507 508.3 510 511.9 513.9 517.2 519.7 519.9 519.9 518.4 514 508.4 501.8 495.5 489.3 472.2 462.1 471.7 468.2 479.9 492.5 499 506.2 511.9 517.4 521.3 525 528.4 530.1 531.6
112.5 112.5 112.5 112.5 113.7 114.9 116.1 116.7 117.3 117.2 117.6 118 118.1 117.8 118.2 119 119.5 121.6 124.9 129.4 133.9 152.9 171 176.8 186.2 196.1 208.5 230.6 250.7 272.8 289.1 294.9 310.1 334 346.1 353.4 372.2 378.6 391 403.8 425.3 439.6 455.6 468.7 477.2 477.8 478.6 483.6 485.5 487.2 492.5 495.2 497.8 502.1 508.1 508.8 510.7 511.3 508.6 503.2 496.3 489.6 483.5 473.2 448.9 457.5 456.4 477.7 489.1 498.7 506.9 513.8 518.8 522.4 527.4 531.4 534.4 539.4
112.5 112.5 112.5 112.5 112.5 113.1 113.9 114.8 114.9 115 114.9 115.2 115.3 115.7 115.5 116.1 118.1 119.9 122.8 126.7 138.2 155.7 172.4 185.3 200.6 212 218.6 235 259.2 280.7 298.3 301.3 303.5 312 324.6 335.4 343.7 353.8 362.5 374 390.3 401.9 420.4 432.9 446.7 454.8 457.7 461.6 464.9 468 472 475.3 479.4 486.1 491.4 495.5 498.5 501 500.6 496.8 489.8 483.2 476.9 472 451.2 441 454.9 470.2 484 495.8 506.6 514.4 519.4 523 528.8 533.7 538.1 545.1
112.5 112.5 112.5 112.5 112.5 112.5 112.5 112.5 112.7 114.1 114.1 114.2 114.4 114.2 114.9 115.6 117.2 118.6 121.1 124.9 136.5 154.7 175.9 199.5 219 241.6 243.2 244.3 271.6 297.7 310.7 317.6 321.5 314.2 316 319.4 325.5 329.8 334.6 341.3 353 364.9 382.4 394.7 414.2 425.1 433.1 438.1 443.8 447.2 449.8 453 456.5 462 470.1 477.4 483 488.1 491.2 489.4 481.5 473.5 463.3 463.7 455.2 434.5 445.8 460.2 476.3 489.4 501.5 510.3 515.4 519.4 523.6 529.5 535.4 543.2
112.5 112.5 112.5 112.5 112.5 112.5 112.5 112.5 112.5 112.5 113 113.5 113.9 114.2 114.4 114.9 116.1 118.3 121.8 126.3 135.1 155.7 179.6 206.8 230.9 251.9 269.4 263.1 272 302 322.3 325.5 328.1 322.5 310.7 306.1 308.3 309.2 310 313.8 321.1 331.9 344.5 357.3 371.8 387 402.8 412.7 418.3 424.6 429.2 432.4 436.2 443.1 450 458.5 462.6 470.4 476.7 478.1 471.2 457.2 451.2 455.4 449 438.5 432.4 446.3 463.8 481.1 492.4 500.7 506.5 510.7 513.9 519.1 527.2 535.6
112.5 112.5 112.5 112.5 112.5 112.5 112.5 112.5 112.5 112.5 112.5 112.9 113.4 113.5 113.8 116.9 120.3 123.4 125.5 128.5 145.3 164.4 186.6 214.3 233.7 261.9 284.6 279.5 272.5 292.1 305.4 315.7 320.4 318.6 312.5 304.1 297.9 294 291.7 292.5 297 304.6 314.1 324.9 338.8 352.6 367.5 380.3 389.9 397.7 405 410.3 415.1 418.4 426.5 436.9 441.6 452.1 460 462.2 458 438.7 440.7 445.9 440.1 439 424.2 433 449.9 469.3 481.3 489.4 494.3 498.2 502.4 507 515.3 526.4
112.5 112.5 112.5 112.5 112.5 112.5 112.5 112.5 112.5 112.5 112.5 112.5 112.9 113.4 116 118.7 121.1 124.9 128.1 132.1 159.2 186.1 208.8 228.6 250 277.3 293.1 293.9 285.1 281 292.5 302.6 307.1 307.9 307.1 301.5 294.6 283.2 279.1 276.6 279.2 286.1 293.1 301.9 313.1 325.5 337.1 348.7 355.9 367.5 377 384.3 390.8 398.1 400.8 410.9 417.5 427 435.7 440.3 440.2 424 432.8 434.1 430.5 429.2 423.3 420.8 437.8 456.3 468.8 475.4 479.8 482.7 486.5 495.2 505.8 518.4
112.5 112.5 112.5 112.5 112.5 112.5 112.5 112.5 112.5 112.5 112.5 112.5 112.5 114.5 117.8 121.3 123.4 126.4 129.4 139.8 192.2 237.1 245.2 255.7 276.9 313.6 316.1 305.2 298.7 292.7 291.4 294.9 295.4 298.6 298.6 293.5 285.5 277.8 271 268.6 269.1 271.5 276.6 284.4 294 301.4 310.6 319.1 327 335.4 347.1 355.4 362.3 369.9 376.7 382.8 391.3 401.4 410.6 417 418.8 412.4 419.6 420 420.4 411.3 415.2 410.7 425.2 442.2 453.6 460.9 465.3 469.2 476 486.4 497.6 510.8
112.5 112.5 112.5 112.5 112.5 112.5 112.5 112.5 112.5 112.5 112.5 112.5 112.5 115.1 121.2 122.6 124 126.4 132.9 168.7 214.3 249 289.5 301.6 307 320.6 325.9 312.4 305.5 298.5 294.1 293.9 293.4 290.4 287.5 284.5 277.8 270.6 265.9 267 266.6 266.7 267.6 274.2 281 286.7 291.4 298.5 306 314.5 322.5 328.8 334.5 341.2 348.4 355.6 361.7 370.6 381.4 391.4 396.3 396.5 401.1 402.3 403.2 401.4 403 401.9 416.8 425.7 437.6 444.6 448.1 453.3 464.7 476.6 489.3 501.9
112.5 112.5 112.5 112.5 112.5 112.5 112.5 112.5 112.5 112.5 112.5 112.5 112.5 115.6 122.7 123.8 124.9 126.6 130.2 168.6 220 254.7 284.6 318 326.2 324.3 325.6 319.1 307.9 300.7 295.8 292.8 289.2 285.5 280.6 274.7 269.3 264.9 264.6 265 263.7 262.3 262.2 265.3 270.7 275.4 279.5 283.9 288.7 294.3 300.7 305.7 311.6 318 324.6 330.3 337.3 347.2 356.3 367.4 373.6 377.5 383.6 384.7 382 386.3 391.2 390.7 403.4 409.9 420.3 426.8 427.6 440 453.2 465.6 479.2 493
112.5 112.5 112.5 112.5 112.5 112.5 112.5 112.5 112.5 112.5 112.5 112.5 112.5 118.6 122.9 124.9 125.8 127.2 128.9 156.1 194.4 223.6 268.5 307.8 326.8 323.3 317.9 317.3 306.8 297.2 291.5 287.4 284.2 279.5 274.6 269.1 264.4 261.9 261.9 259.4 257.5 256.9 257.6 260.9 262.8 265 268.2 271.7 274.8 278.8 283 287.6 291.5 296.6 302.6 308.8 316.5 327.5 338 342.3 348.4 358 364.4 361.1 361.5 372.4 375.3 380.5 387.8 393.8 402 407 412.5 424.6 436.5 450.5 464.6 480
112.5 112.5 112.5 112.5 112.5 112.5 112.5 112.5 112.5 112.5 112.5 112.5 112.5 116.8 124.6 128.2 126.4 128.1 130.6 145.3 178 224.6 257.2 289.9 307.3 308.5 306.4 305.8 293.2 292 286.3 281.5 278.6 274.1 268.9 263.7 260 259.4 257.2 253 250 251.4 253 250.6 251.7 254.8 256.2 258.1 260.9 264.4 269.4 274.2 277.9 282.5 287.3 292.3 299 309.1 316.9 320.5 325 331.6 336.7 334.7 348.5 353.4 354.8 363.5 370.4 376.2 382.4 385.1 394.1 403.9 414.7 428.8 444.1 460.1
112.5 112.5 112.5 112.5 112.5 112.5 112.5 112.5 112.5 112.5 112.5 112.5 112.5 112.5 129.9 141.6 131.5 128.6 131 134.6 161 197 242.4 268.8 287.9 292.5 295.5 284.1 281.6 285.9 285.4 276.4 272.5 268.1 263.1 257.2 255.7 255.3 251.6 246.8 241.7 244.5 241 235.1 238.7 241 243.1 244.6 247 250.6 256.4 262.4 266.5 269.6 273.6 278.6 285.4 292.3 299.1 305.6 312.7 316.2 316.8 329.8 335 337.6 341.5 346.8 351.5 357.8 363.8 364.8 375.3 385 393.8 406.6 422.3 437.9
112.5 112.5 112.5 112.5 112.5 112.5 112.5 112.5 112.5 112.5 112.5 112.5 112.5 112.5 131.2 140.1 140.4 143 135.2 133.7 148.9 176.7 206.2 235.3 258.4 265.2 263.3 266.7 271.8 273.3 269.3 271.5 263.8 260.2 256.7 252.9 249.8 248.2 245 241.1 235.8 229.9 225.7 224.8 226.5 228.9 230.9 232.9 235.3 237.7 243.2 248.5 251.8 254.7 258.3 263.6 271 276.8 281.5 288.1 293.6 295.2 302.5 312.1 318.3 320.7 324.1 327.6 331.8 335.3 340.7 344.7 352.9 361.8 370 380.9 394 408.7
112.5 112.5 112.5 112.5 112.5 112.5 112.5 112.5 112.5 112.5 112.5 112.5 112.5 112.5 116 138.6 142.7 145.4 141.1 136 140.9 154.7 178.2 201.9 226.4 252.6 231.7 253.6 260.8 261.1 264.4 261 259.5 252.9 253.1 249.5 243.8 239.9 237.7 234.3 229.4 224 218.3 216.8 216.7 218.4 220.3 222 223.8 225.1 228.3 231.5 235.7 239.8 244.3 249.8 256.6 262.2 267.2 272.5 277.1 283.7 288.6 297.3 302.1 302.9 304.7 307.2 311.9 314.8 318.8 325.6 332.2 339.4 346.3 355.1 366.2 379.2
112.5 112.5 112.5 112.5 112.5 112.5 112.5 112.5 112.5 112.5 112.5 112.5 112.5 112.5 112.5 114 126.6 132.8 136.4 135.5 136.9 143.6 154.7 170.6 190.2 208.7 229.6 235.8 234.2 246.7 246.3 249.2 250.3 245.4 244.7 243.6 238.4 230.2 228.2 226.7 222.6 218 212.5 209 207.6 208.7 209.8 211.4 212.9 213.5 216 217 221.4 226.7 232.8 238.1 243.6 248.6 254.2 258.8 263.2 270.2 275.5 282.6 286.3 288.6 291.5 295.1 298.7 300.9 303.2 309.6 315.3 320.1 325.5 331.8 341.3 351.5
112.5 112.5 112.5 112.5 112.5 112.5 112.5 112.5 112.5 112.5 112.5 112.5 112.5 112.5 112.5 112.5 112.5 118.7 123.3 126.7 129.8 134.6 142.1 151 162.1 176.3 196.5 214.4 218.2 222.5 227.8 231.8 235.2 236.5 235.3 234 229.9 221.4 215.9 215.4 215.9 211.3 206.4 202.2 199.2 197.7 199 201.3 203.6 204.6 206.6 206.5 209.7 214.8 220.6 225.2 230 235 240.7 246.3 252 258.7 263.1 267.4 271.4 275.2 279 282.9 286.5 288.3 291.4 296 300.3 304.8 309.3 314.7 322.2 330
112.5 112.5 112.5 112.5 112.5 112.5 112.5 112.5 112.5 112.5 112.5 112.5 112.5 112.5 112.5 112.5 112.5 112.5 112.5 114.3 118.7 124.4 129 136.8 142.3 150.6 164.9 178.1 193.2 196.4 205.1 213.4 221.2 223.2 222.8 221.9 219.8 212.5 203 202.4 206.3 203.7 198.6 194.5 191.8 189.6 189.3 190.6 193 195.3 197.4 193.4 195.5 201.8 207.7 212.1 216.5 222.3 228.7 234.6 240.4 247.6 250.9 254.9 259 262.8 266.6 270.2 273 276.9 280.3 283.5 286.5 289.9 295.4 300.4 306.3 314.6
135.5 118.6 112.5 112.5 112.5 112.5 112.5 112.5 112.5 112.5 112.5 112.5 112.5 112.5 112.5 112.5 112.5 112.5 112.5 112.5 112.5 112.9 119.9 121.4 126.5 131.3 140.8 152.2 163.5 171.2 181.4 190.7 198.7 203.6 205.5 207.2 205.3 198.4 189.3 185.7 192.9 194.8 189.9 186.6 184.2 181.4 179.4 179.5 182.1 186.3 186.8 183.5 185.6 190 195.1 199.6 204.3 209.6 216.4 222.1 228.1 235.4 238.8 243.3 248.2 252.1 255.8 259.8 263.6 266.4 269.5 272.4 274.3 278.1 283 288.1 294.2 301.2
195.5 159.1 124.4 112.5 112.5 112.5 112.5 112.5 112.5 112.5 112.5 112.5 112.5 112.5 112.5 112.5 112.5 112.5 112.5 112.5 112.5 112.5 112.5 114.8 115.5 119.1 123.8 133.5 143.7 150.9 158.9 165.3 170.7 177.1 183.5 188.8 187.1 181.6 174.7 170 177.8 184.2 180.6 177.4 175.2 173.2 172.2 171.4 173.1 175.3 175.2 175.4 177.7 180.6 183.9 188.6 193.5 198.4 204.9 210.3 216.6 223.5 228.2 232.5 237 241.6 246.3 250.8 254.1 257 259.8 262.2 263.9 267.3 273.1 278.4 282.6 288.2
231.1 184.9 149.5 112.5 112.5 112.5 112.5 112.5 112.5 112.5 112.5 112.5 112.5 112.5 112.5 112.5 112.5 112.5 112.5 112.5 112.5 112.5 112.5 112.5 112.5 112.5 112.7 117.3 125.9 131.1 135.7 141.5 146.2 151.4 157.1 162.4 164.9 163.8 159.9 156.7 165.5 170.9 168.9 168.1 166.5 163.8 162.8 162.9 165.3 167.4 169 169.7 172.3 174.8 177.8 182.2 185.4 190.6 195.6 201.2 207.8 215.3 219.1 223.6 227.8 232.6 237.5 242.4 246.2 248.7 251.6 253.6 256.1 259.4 264.3 269.5 275 279.2
237.3 205 165.8 128.5 112.5 112.5 112.5 112.5 112.5 112.5 112.5 112.5 112.5 112.5 112.5 112.5 112.5 112.5 112.5 112.5 112.5 112.5 112.5 112.5 112.5 112.5 112.5 112.5 112.5 117 119.6 121.4 123.9 128.8 132.3 136.2 142.6 147.3 146.2 150.2 152.1 153.5 153.7 154.7 156.6 160.9 162.2 162.8 163 166.2 169.5 172.2 175.1 177.2 177.9 179.8 181.8 184.9 187.2 192.6 198.5 203.5 209.1 214.4 219.5 224.4 230 235.9 239.2 242.7 246.1 248.1 251 254.5 258.8 262.8 269.7 274.6
228.6 207.3 175.8 141.9 116.2 112.5 112.5 112.5 112.5 112.5 112.5 112.5 112.5 112.5 112.5 112.5 112.5 112.5 112.5 112.5 112.5 112.5 112.5 112.5 112.5 112.5 112.5 112.5 112.5 112.5 114.1 116.1 117.6 120.4 122.5 124.2 127.9 132.4 134.3 136.3 138.6 139.4 139.4 140.7 147.6 158.1 159.8 161.4 161.9 166 170.2 173.1 177.8 181.6 185.9 190.7 191.5 195.1 194.8 192.4 193 198 203.5 208.1 213 218.3 224.1 229.8 233.1 236.4 240.1 243.4 246.7 250.1 255.1 259.2 264.7 270.5
218.7 195.2 170.6 147 130.2 115.7 112.5 112.5 112.5 112.5 112.5 112.5 112.5 112.5 112.5 112.5 112.5 112.5 112.5 112.5 112.5 112.5 112.5 112.5 112.5 112.5 112.5 112.5 112.5 112.5 112.5 112.5 112.5 114.9 116.6 119.8 122.1 123.3 125.3 128.8 132.8 131.1 129.4 134.4 139.8 151.6 159.1 158.6 161.4 165.2 169.6 173.6 180.8 189.6 199.2 203.9 205.8 209.1 208.9 207 204.2 203.7 202 210.1 215.2 216.8 218.7 223.6 227.5 230.2 234.9 238.7 242.1 246.8 251.4 255.9 261.8 265.7
219.2 196 175.3 155.6 141.5 129.6 115.4 112.5 112.5 112.5 112.5 112.5 112.5 112.5 112.5 112.5 112.5 112.5 112.5 112.5 112.5 112.5 112.5 112.5 112.5 112.5 112.5 112.5 112.5 112.5 112.5 112.5 112.5 112.5 115.9 116.8 117.9 119.1 121.1 124.5 127.5 124.3 125.4 130.7 135.9 144 155 155.3 159.9 165 170 175.2 185.1 197 212.1 217.1 220 223 223.3 221.3 219.2 218.1 217.5 223.1 223.7 225.1 226.4 226.7 229 230.6 234.8 239.4 243.5 255.6 253.3 253.3 256.8 259.7
224 202.9 185.2 173.2 155.7 139.7 123.1 112.5 112.5 112.5 112.5 112.5 112.5 112.5 112.5 112.5 112.5 112.5 112.5 112.5 112.5 112.5 112.5 112.5 112.5 112.5 112.5 112.5 112.5 112.5 112.5 112.5 112.5 112.5 112.5 113.9 113.7 114.6 117.2 119.7 120.4 121.1 121.9 126.2 131.5 137.3 148.3 154.6 155.9 163.7 170.5 179.7 197.3 210.4 221.6 230.5 234.3 237 237.4 235.5 233.7 233.4 232.5 231.8 231.8 233.8 235.7 234.4 233.1 234.6 238 241 247.2 254.7 254.2 251.9 255.1 257.1
