public/OST50/NY11.asc
ncols 200
nrows 200
xllcorner 310000
yllcorner 510000
cellsize 50
[rows 105 to 139 of 200, columns 78 to 155 of 200]
257.9 257.9 255.9 255.5 254.1 253.2 254.3 254.8 256.8 261 261 262.9 265 267.1 269.7 272.2 273.7 276 279.4 281.7 287.8 291.6 299.1 308.7 319.2 330.3 343.5 355.9 371.6 388.5 408.9 429.8 451.1 471.9 491.7 512.8 533.6 553 571.1 589.3 605.3 619.5 635.9 642.4 644.2 655.8 668.7 678.8 687.5 693.6 708.9 722.8 737.7 757.8 773.2 786.9 799 802.1 797.9 800.3 799 798.1 767.4 721.9 699.8 654.8 631.5 607 585.4 557.4 540.4 524.5 508 487.8 469.9 444.3 416.2 404.8
257.9 256.2 254.2 252.9 251.2 248.9 248.8 249.5 251.1 254.4 255.4 255.3 257.3 258.9 261.3 263.3 264.9 266.7 269.8 270 276.5 281.2 288.9 295.2 303.6 313.6 327.2 336.6 350.1 364.4 383.3 403.1 423 444.9 465.2 484.7 503.6 521.8 539.1 555.9 571.1 585.9 595.2 603 609.6 634.7 653.4 667.6 679.5 688.3 701.2 718.3 733.6 751 769.4 778.5 790.5 796.3 788.2 789.1 791.3 789.9 742.8 699.4 664.8 632.2 605.5 580.2 556.6 535.3 517.4 509.3 496.7 479.1 465.3 438.1 418.8 404.4
257.7 257 253.9 251.7 249.4 247.5 246.1 245.2 246.5 248.6 247.8 248.5 249.5 250.7 252.5 254.4 255.2 256.7 259.8 260.3 263.4 271.7 277.1 283.3 289.3 298.7 310.3 318.9 327.4 343.7 359.8 377 397.6 417.9 437.7 455.5 473.3 490.9 507.2 523.6 537.7 549.9 557.9 566.2 585.3 613.5 634.7 653.4 669.6 684.8 700.8 715.3 725.2 744.2 759.7 770.2 776.8 776.5 774.6 779.1 781.8 781 752.3 696.5 653.9 620.3 590.9 563.7 543.1 516.8 498.5 486.3 480.2 463.6 451.3 437.4 418.5 405.4
257.4 256.3 253.6 251.1 247.9 245.6 243.5 241.8 241.6 242.7 241.8 240.4 240.9 241.2 243.2 244.5 246.2 249.2 247.6 248.7 257.6 263.1 266.7 271 276.5 285.4 295 300.4 310.4 323.1 336.8 350.1 370 387.5 408.5 426.9 444.7 461.4 476.2 491.7 503.4 513.7 520.7 530.9 559 588 611.6 631.5 649.3 675.6 693.9 710 713.4 726.8 742.3 751.6 756 761 764.5 769.3 770.5 767.5 748.3 704.2 666.3 613.3 584.8 557.2 537.6 512.9 499.4 486.8 476.2 461.8 449.7 441.3 429.9 416.3
255.5 254.6 253.7 250.8 246.7 242.6 239.8 237.9 236.9 235 233.4 232.6 232.1 232.6 234.3 235.6 238 238.7 237.7 241.8 248.3 252.3 256.5 259.6 264 272.9 278.6 284.8 292.9 304.8 312.7 325.7 342.1 359.2 377 395.4 414 429 445.8 460.3 470.9 480.9 483.7 503.9 532.9 557.9 579.8 598.1 621.1 645.7 684.2 697.7 696.2 705.2 727 737.3 737 737.9 752.9 758.4 758.9 756.5 743.3 726.7 681.7 634.7 616.2 567.7 556.1 533 514.5 503.1 495.6 474.8 459.1 447.8 447.9 438.5
250.2 250 247.1 244.4 240.3 236.4 235.5 232.2 230 227.5 225.8 223.5 224.5 224.6 225.2 228.8 228.1 227 225.1 231.9 238.1 242.2 244.1 248.1 252.1 258.8 263.2 266.4 276.3 285.9 293.4 303 315.1 330.1 347.2 364.9 383.4 399.9 414.8 429.8 441.1 448.4 450.8 479.9 503.3 525.4 547 567.3 590.1 616.6 646.6 662.2 664.8 683 701.1 712.3 711.7 718.7 735.3 742.4 745.3 743.1 738.3 730.2 700.2 709.1 698.1 615.4 592.1 559.5 544.3 531.7 518.6 499 481.3 464.5 463.1 462.3
234.6 235.2 235.8 233.4 231.5 228.3 227.4 223.7 221.7 220 217.9 217.2 217.2 216.3 217.9 220.7 219.3 215.9 219.2 224.2 226.8 230.7 232.7 239.6 249.1 249.1 249.3 253.6 258.7 265.6 272.9 284.6 293.1 304.2 316.2 333.5 351.5 369.4 383.3 398.5 408.4 414.6 430.9 452.4 472.7 492.1 515.5 537.6 557.8 583.2 606.8 626.6 628.8 662.3 670.1 677.9 684.3 692.3 710.7 724.1 727.2 725.8 726.1 729.8 728.7 733.2 706.2 659.9 630.1 606.7 595.1 582.1 569.9 532.7 503.4 487.8 490.2 492.7
218.8 220.3 221 220.7 220.6 218.7 215.6 213.5 211.8 209.3 206.3 210.1 210.4 209.4 208.5 210.3 208.7 203.1 210 212.4 214.1 217.6 220.9 224 235.3 244.2 235.4 245 244.1 249.6 258.1 263.9 274.1 284.8 292.1 305 319.8 335.9 351.1 365.1 375 386.2 406.9 424.6 442.2 462.6 484.8 506.4 526.1 544.8 568.9 582.1 607.5 631.3 639 648.9 656 662.9 683.8 697.5 699 698.4 703.7 707.5 713 726.9 726.8 701.9 670.3 660.2 646.6 634.5 590.3 566.9 540.3 522.7 518.1 524.2
203.1 203.8 205.1 206.3 205.8 204.4 201.9 199.3 197.5 194.5 193.8 199.8 202.1 196.6 197.4 200.2 195.5 193.9 197.3 198 200.8 204.4 208.2 210.3 221.7 235.1 229.5 234.3 243.4 250.3 251.1 250.1 255.5 265.2 276.6 284.4 293 304.6 316.2 331.2 345.5 359.3 379.3 396 413.3 431.8 453.3 472.3 492.5 511 526.3 546.1 571.8 587.7 613.4 625.1 622 630.3 647.1 658.8 664.2 668.3 676.4 681.2 692.4 709.4 713.1 714.4 711 691.9 693.2 667.6 633.5 617 599.9 571.3 575.9 571.2
183.1 184.1 186.4 188.3 188.7 187.8 186.1 183.1 181.1 178.9 181.6 184.5 184.7 182.2 183 184.1 179.6 179.5 184.3 185.6 183.8 189.4 193.8 197.3 203 208.8 219.1 230.2 232.6 239.2 243.5 248.6 245.5 250.4 259.2 268 274.9 281.3 292.8 302.2 317.6 330.2 347 364.7 383.8 402.2 421.3 440.7 459.9 477.9 491.7 517.9 534.4 551.9 578.5 594.9 585.6 591.1 611 619.4 624.6 634.6 645.9 650.9 666.1 683.3 693.3 699.7 705.5 715 720.5 705.5 681.4 657.2 648.6 628.2 615.1 592.2
163.8 165.9 168.1 170.8 171.9 170.7 169.4 167.4 165.6 166.5 170.4 170.3 168.5 166.7 170 167.6 166.1 168 171.7 174 174.2 177.6 182.3 184.9 187.7 190.8 197.3 203 210.9 213.9 228.6 232.3 232.7 237 242.2 248.9 261.2 261.9 274.7 283.1 290.6 303.1 319.6 336.3 354 371.6 390.4 409.1 428 443.6 463.6 485.1 498.8 525.9 545.7 556.6 556.2 556 564.8 575.7 590.8 599.7 608.3 616.7 634.7 652.3 662.2 673.4 682.6 697.7 706.9 721.2 718 703.8 682.1 674.3 646.1 617.4
145.7 149.6 151.7 153.9 154.5 153.8 152.1 151 151.2 154.7 156.3 155.4 154.2 152.8 156.1 155.8 157.5 157.6 159.3 161.6 162.8 165.6 172 171.7 172.8 173.6 180.6 186.1 194.2 197.8 198.8 209 217 220 222.6 230.7 247.4 250.5 255.5 261.6 269 282.6 295.1 309.8 324.9 341.1 359.5 378 396 411.5 433.3 451 468 493.1 510 519.7 522.2 528.5 531.6 541.9 555.8 565 573 581.8 601.7 615.1 627.1 637.3 652.6 664.8 684.6 698.4 707.9 718.7 720 708.2 677.4 644.6
134.4 132.2 135.2 137 137.2 139.3 141.6 141.2 140.6 143.5 143.1 143.2 142.9 144.7 146.4 149.5 150.8 147.6 148.1 149.9 151.6 154.2 159.5 156.2 157.3 165.4 169.5 173.6 179.3 185.4 186.1 190.5 196.8 200.4 207 214.9 231.3 235.6 236 241.8 251.9 263.3 272.7 287 297.5 313.1 330.3 346.2 364.2 382.7 400.1 417.9 435 454.5 473.9 483.9 485.2 500.3 501.3 507 520.1 531.1 539.1 547.8 566.3 578.1 591.7 603.6 617 633.2 646.6 662.2 680.9 700.6 712.1 724.4 705.9 678.7
125.1 125.8 126.3 126.9 128.5 131.2 133.4 133.4 135.2 135.9 135.1 135.9 136.7 138.3 141.9 143.3 142 141 139.6 138.6 139.8 144.2 147.5 146.8 147.8 155.3 158.7 162.3 164.1 167.8 169.6 175.7 181.1 186.4 189.9 201.7 212.2 216.7 216.5 223.9 232.1 241.4 255.5 268.6 275.7 284.7 301 316.4 335.4 350 368.1 385.9 400.8 418.9 437.2 449.7 452.7 464.3 472.9 476.1 482.2 498.7 506.5 514.7 528.1 544.4 556.9 566.9 581.2 592.6 606 622.7 654.2 674.2 686.9 709.1 720.7 714.9
125.6 126 126.5 127.3 127.9 128.4 128.7 129.3 130.3 130.7 132.2 132.3 132.5 133.1 135.6 136.3 134.6 135.5 136.5 137.3 137.9 138.4 139.9 139.8 141 145.8 148.1 150.8 153.2 153.6 155.9 159.6 166 172.7 173.8 181.6 188.9 194.9 200.4 207 216.7 225.3 238.3 249.8 252.7 263.3 274.2 288.8 304.5 319.5 338.5 353 366.9 385.9 403.4 414.8 422 431.5 440.5 445.9 451.7 466.4 474.9 483.1 494.2 505.8 518.4 532.4 546.8 557.9 569.4 591.9 619.2 635.8 658.7 677.3 690.1 707.6
125.4 126.3 125.8 127.1 127.8 127.6 128.1 128.8 130 130.2 130.7 131.2 131.9 132.8 133.6 133.7 134.2 135.7 136 137.2 137.6 138.2 138.5 139.7 140.7 140.8 142 143.6 143.9 144 144.1 146.1 151.1 153.1 157.7 162 169.5 178.4 187.9 192.8 200.7 208.3 216.7 225.6 231.5 241.8 253.3 265.4 276.8 295.6 307.4 319.4 332.1 351.2 370.2 379.7 391.8 403 411.2 416.7 423.1 434.7 441.3 450.8 462.5 472.2 485.3 498.5 513.4 524.9 535.9 559.3 583.6 600.6 622.2 637.9 656.8 681.1
124.7 124.5 125.9 125.9 126.7 127.3 128 128.9 129.9 129.7 130.6 130.9 131.5 132.3 133.1 133.6 134.7 135.4 136.2 136.9 137.8 137.6 137.9 139.2 139.8 140 141.1 141.4 141.6 143.8 143.4 145.8 145.8 146.3 147 151.7 161.1 168.6 175.3 183.7 186.8 189.4 196.1 204.8 210.8 221.6 232.8 243.3 253.7 265.5 276.9 288.1 299.6 316.7 333.8 345.5 360.8 372.9 382.3 390.5 398.9 405.2 414 425.4 434.1 444.6 454.2 467.7 480 492.4 505.6 526.8 548.4 566.5 586.8 604.4 624.4 639.4
123.7 124.5 125.6 126.7 126.5 127.4 128.4 128.1 129.5 129.8 130.7 130.3 130.9 131.4 132.8 134 134.2 134.2 136.5 137.4 135.6 136.9 137.5 139.6 139.9 140.3 140.8 142.1 143.1 143.9 144.3 145.2 146.2 146.4 147.7 147.9 156.1 159.8 163.9 170.7 172.6 170.7 175.3 187.8 196.7 202.1 212.1 222.9 232.5 241.2 251.3 261.7 273 284.9 300.6 314.7 328.5 342.6 352.5 361.1 370.6 379.5 386.7 398.2 406.8 413.9 420.2 436.9 448.5 461.5 477.1 498.7 515.8 535.6 550.2 569 583.4 599.1
123.8 124.2 125.3 126.4 126.3 127.1 127.4 127.8 129.4 130.2 130.2 130.7 132.1 132 133.1 133.5 132.9 133.8 135.1 135.6 136.7 138.1 142.9 143.4 143.7 143.4 143.3 143.3 144.8 144.9 146.1 146.9 147.3 147.3 148.8 149.2 149.2 152.9 153.5 157.9 159.5 160.9 165.9 173.9 180.1 185.8 194.2 203.3 213.9 226.4 237.6 247.9 256.7 261.5 273.8 283.8 295.3 309.3 323.1 332.3 340.2 347.3 357.2 366.1 376.6 383.9 390.2 402.9 420 432.6 446.6 464.6 478.1 496.2 514.8 536 548.6 562.2
124.2 124.4 125.2 125.4 126.5 126.3 127.7 128.7 129.6 132.6 131.2 133 134.9 134.4 135.1 134.4 133.7 134.1 134.9 135.9 139.2 143.5 145.4 146.9 147.9 148.3 148.7 148.3 148.2 148.4 149 150 150.8 150 150.7 150.7 151.3 149.7 150.9 152.9 154.7 160.4 159.3 161.5 164.9 168 179.6 190.6 201.2 213.6 224.5 234 241.2 245.5 252.7 261.5 271.5 280.8 290.9 301.7 311.5 319.6 329.3 335.1 341.2 349.5 357.8 373.4 390.1 402.3 412.5 429.4 445 462.9 479.8 495.4 512.5 526
126 126.8 129.3 125.2 127.1 128 129.6 129.3 132.3 133.3 135.1 135.3 135 135.7 135.7 135.7 136.4 140.5 143.5 142.6 144.2 147.1 149.1 150.9 151.3 153.6 154.5 154.9 155.3 156.4 156.3 156.1 156.6 156.6 156.3 155.7 155.8 154.8 152.5 152.2 153.3 155.2 155.4 157.6 158.8 160.8 168.3 178.2 188.6 200.8 210.9 217.1 223.3 227.2 232.4 242.7 254.6 262.4 265 272.9 280.9 291.3 299.9 308 313.4 319.5 330.5 345 360.1 372 384.2 398.2 411.9 429.7 443.3 461.2 476.2 491.2
143.1 142.9 142.4 141.3 139.2 138 137.5 137.8 137.9 139.3 140.2 141.6 141.2 137.5 136.4 137.6 142.5 147.6 149 149.3 151.1 153.5 155 157.6 160.1 161.6 162.2 163.3 163.8 165.3 166 166.1 166.3 167.5 166.1 163.2 161.1 162 158.7 156.8 155.2 156.4 157.4 158 157.7 158.8 161.9 164.4 182.6 187.3 192.3 198.9 205.4 209.3 215 224.4 233.3 238.1 243.5 251.5 258.2 265.9 275 281.7 289.4 295 306.5 319.7 329.7 338.7 353.9 368.6 382.1 396 413.3 432.2 451.2 460.7
160.7 159.8 158.1 156.3 154 152.9 151.3 152.3 153.4 151.4 151.6 153 151 145.7 144.5 146.4 147.7 154.8 156 157.3 159.2 160.9 166.6 169.6 170.7 172.1 172.3 172.5 173.6 175 176.4 177.1 178.1 178.8 177.5 175 170.4 169.2 167.1 165.7 163.4 160.5 158.2 158.8 159.7 158.8 160.8 162.1 165 170.6 173.5 178.8 190.1 194.2 200.6 206.3 213.7 217.7 223.2 230.8 239.5 250.3 253.2 261.8 267.1 273.6 284 295.3 302.7 310.3 324.5 336.9 350.4 366.3 386.5 403.3 416.8 438.3
181.6 180.3 177.6 175.4 172.6 171.7 170 172 170.2 169.2 168.7 166.6 162.9 158 157.6 157.9 160.4 164.8 166.1 169.7 174.4 178.4 180.2 181 181.9 182.7 183 183.1 184.5 186.3 187.4 187.9 188.2 188.2 188.1 186.5 180.7 180.8 179.6 178.2 174.2 174.3 170.5 166.7 167.6 167.6 164.9 164.2 164.8 164.5 167.3 175 177.7 183.1 185.9 187.8 194.8 201.2 208.6 218.2 226.3 233.9 233.2 241.6 246.7 258.5 264.6 274 279.3 286.8 298.1 310.1 325.1 339.4 357.9 374.4 391.7 419.3
205.3 203.6 206.1 203.5 197.7 196 193.1 193.1 189.4 187.4 186.4 182.5 180 176.7 174.5 181.7 180.6 183.6 187.4 190.4 194.2 197.2 196.2 194 193.2 194 194.6 193.9 194.5 197.4 198.3 198.9 200.4 199.6 200.5 200 193.9 194 192.3 191.8 191.7 190.8 191.7 187.4 178.6 177.9 174.9 173.4 174.2 175.3 172.2 167.7 172.6 174.8 176.9 179.9 183.2 188.4 199.4 206 207.4 212.7 220.3 226 234.3 243.2 247.9 253.8 256.2 266.7 277.9 288.9 302.6 318.1 334.2 345.8 369.5 392.1
234.1 232.3 237.3 240 231.4 224.1 221.4 215.1 212.8 210.9 209.4 206.7 202.9 201.2 197.9 204.1 204.4 209.7 214.4 211.1 215.1 216.5 215.1 211.1 209.4 207.8 207.3 205.2 206.6 209.9 211.1 211.9 214.4 213.1 214 214.9 207.4 204.4 209.8 207.6 206.4 206.8 206.2 204 195.3 192 189.8 186.3 186 184.7 182 176.5 174.2 173.3 174.3 176.8 177.9 181.3 186.7 191.4 191.6 202.4 209.3 217.5 224.3 227 229.8 230.9 236.3 248.4 258 269.1 284.4 299.5 310.3 326 342.2 362.5
273.8 272.4 267.3 264.5 259.6 256.4 257.5 256.4 240.8 238.4 237 232.1 230 229.1 224.9 224.2 226.2 227.1 229 231.6 235.1 236.9 234.1 229.6 226.3 224.6 221.3 221.3 220.7 223 225.2 227.4 232.8 230.6 228.3 228.8 222.6 213.8 217.1 218 220.5 221.4 219.9 216.4 212.1 206.8 208.5 203.4 200.6 196 192.4 189.9 186.6 184 181.1 179.6 180.9 183.1 181.5 179.5 184.6 189.8 196.6 205.6 206.6 206.6 206.4 214.7 222.9 230.5 239.1 249.6 263.6 278.3 294.6 302 313.9 332.7
315.2 314.6 310.9 306.6 300.2 293.3 290.9 288.8 278.6 272 266.8 264.8 260.4 261.2 261.7 254.8 256.2 258.1 262.3 262.7 256.5 256.8 253 248.6 244.1 241.8 239 237.8 236.2 238.2 240 240.8 248.3 248.3 245.5 243.1 239.5 228.3 232.4 235 237.4 237.7 235.1 231.4 228.4 223.5 221.5 217 214.9 210.9 208.4 205.5 202.3 198.6 193.7 189.6 190.5 191.6 190.2 187 185.8 184.6 185.9 188.3 193.1 199.3 201.6 207.3 209.7 214.4 222.1 234.2 245.7 260.5 272.1 278.7 290.6 305.9
355.3 357.6 353 349.6 342.4 334.6 328.9 319.7 312 309.2 302.5 296.9 293.5 294.1 289.3 287.7 290.7 289.4 288.9 286.2 282.9 275.3 270.6 266.3 262 258.6 255.4 254.4 251.6 253.4 254.5 255.7 258.5 259.4 259.6 260 255.4 246.9 250.6 252.9 255 254.2 251.3 248.5 244.1 238.7 236.9 233.2 228.4 224.7 222.3 220.1 216.7 213.5 207.9 206.1 205.5 206.1 205.2 200.3 197.4 194.2 193.1 191 190.5 190.4 191.7 194.5 200 207.6 214.5 223.5 233.3 241 248.5 255.7 265 282.5
383.2 387.8 379.6 382.2 379.3 373.9 365.9 361.5 356.7 348.2 339.9 329.9 326.6 321.9 319.3 317.4 316.2 318 311.1 306.1 300.2 292.1 284.1 279.9 275.5 270.5 268.7 267.1 265.9 266.5 268.1 269.9 272.3 273.8 274.9 274.5 266.2 263.2 268.3 268.9 269.9 270.2 267.9 265.5 261.3 258.7 256.6 250.2 245.9 243.4 239.5 237.8 234.7 230.1 225.8 223.5 221.8 220.8 220.5 215.7 211 209.1 203.9 198.9 196.8 195.7 196.7 199.3 199.1 200.9 204.6 214 221.2 223.6 227.1 238.3 248.8 260
404.2 410.6 406 406.3 404.5 396.5 392.1 389.2 382.1 372.5 363.7 358.2 351.5 347.8 342 338.4 336.1 335 329.2 321.4 316.5 308.8 300.9 293.6 289.3 283.8 281.7 280.7 278.6 279.5 281.4 283.4 286.1 287.7 289.7 289.4 285.3 283.6 287 285.7 287 285.8 283.6 282.6 280.5 278.6 273.5 266.1 263.4 261.3 258.4 255.4 252.8 248.8 244.8 242.7 240.3 237.5 235.7 231.9 226.1 224.4 217.2 211.3 205.8 203.3 205.6 209 211.9 211.4 208.9 206.6 211.7 215.1 220.6 228.7 234.5 244.1
413.4 418.9 422.5 421.5 421.4 415.7 410.5 409.8 401.3 392.7 385.4 376.8 370.1 364.5 361.9 356.9 355 348.8 339.9 333.2 328.3 322.2 314.8 306.9 301.1 297.3 293.8 292 290.6 291.1 293.1 295 300.2 304.4 306.2 306.2 304.6 304.5 302.9 301.7 304.4 304.6 303.7 302.7 300.2 296.8 291.5 282.7 280.5 280.1 276.9 273.1 271.3 268.2 263.5 261.5 259.6 257.3 255.3 250.8 245.7 243.9 241.9 232.3 220.9 219.3 217.9 222.9 226.2 226.1 219.1 211.2 209 209.2 209.3 212 220 227.5
413.6 418.8 422.9 426.6 429.4 424.5 422.9 421.1 413 407 399.6 390.8 384.5 378.2 374.5 372.7 368.1 358.4 350.1 342.3 332.1 331.3 324.6 317.7 312.4 308.3 303.6 302.6 301.1 301.2 303.9 305.5 310.3 315 317.1 320.1 321.9 322.6 317.6 319.3 322.5 323.1 324.7 322.5 315.1 315.9 309.7 301.9 298.9 296.3 293.6 291.2 290.2 287.5 280.9 280.1 279.2 276.9 273.2 270 266.3 263.5 257.2 251.7 244.6 239.6 234.9 241.9 243.3 241.2 235.3 228.8 223.8 220.8 214.2 211.4 211.8 214.8
410.5 418.8 422.1 426.5 431 430.5 428.5 424.8 421 417.9 408.3 401.4 396.2 391 385.4 381.5 375.5 367.7 359.4 347 346.7 340.6 337.2 331.5 326.9 318.7 314.1 310.4 310.1 311.9 313.3 316.5 319.1 323.7 329.1 335 334.8 336.1 334.7 337.4 340.4 342.3 345.8 342 339.7 336.8 328 321.1 318.2 316.8 314.8 312.5 310.6 311 310.6 306 300.5 298.6 300.5 293.3 290.4 287.6 281.2 272.1 265.5 260.5 259.7 261.4 262.9 258.9 255.1 253.7 245.1 236.2 226.1 219.1 215.8 214.8
408.6 414.3 420.9 428 431.5 434 432.6 427.6 427 423 418.3 409.6 404.6 399.2 391.8 386.7 380.5 371.6 361.4 361.2 356.6 350.7 347.2 342.3 336.3 329.2 323.3 320.2 317 318.7 322.1 326 328.9 334.7 339.3 343.4 346.9 348.4 340.6 354.4 356.7 359.6 362.5 361.8 360 356.5 347.7 342.9 340.7 338.8 338.9 336.3 336.3 334.8 339.4 338.3 328.2 324.6 327.4 322.8 318.7 315.2 307.8 298.6 289.4 280.1 281.2 283.1 283.1 276.4 273.3 272.1 263.3 253.9 243.3 236.3 226.2 218.9
