public/OST50/NY12.asc
ncols 200
nrows 200
xllcorner 310000
yllcorner 520000
cellsize 50
[rows 105 to 139 of 200, columns 79 to 157 of 200]
249.7 244.8 234.9 236.8 240.5 244 241.2 235.6 230.5 229.5 234.7 231.5 206.6 179 155.8 134.6 114.2 102 92.2 84.8 79.2 75.1 73.1 72.1 73.6 74.1 72 74.1 74.3 74.7 74.9 75.3 79.8 83.8 87.9 87.9 87.6 91.8 94.3 96.2 95.7 95.4 97.4 100.5 102.6 102.7 103.8 106.3 109.1 111.4 114.4 118.5 124.2 131.1 138.5 147.7 158 169.8 180.7 194.2 206.2 216.9 241.3 270.5 298.7 325.6 348.9 360.7 369 373.7 376.2 379.9 377.3 372 367.1 367.2 369.2 363.2 344.3
260.2 251.8 240.2 240.7 244.8 249.6 250.3 247.5 245.3 245.8 239.7 221.1 194.7 170.4 147.2 128 111.8 100.6 93.4 87 81.7 77.1 74 73 74 74.6 74.6 73.6 74.1 74.4 74.3 76.4 79.8 83.4 87.3 87.4 88.4 91.6 94.4 96.8 97.1 96.8 97.9 101.7 104.7 105.8 105.7 106.8 109.6 112.3 114.8 118.4 124.4 131.4 140.1 149.3 160.2 171.4 183.2 194.1 203 218 244.8 274 303.8 333.1 360.4 375.3 384.9 391 391.6 390.4 387.5 386.1 383.4 379.8 373.7 360.3 342.3
270.5 263.6 248.1 247.1 255.1 262.6 271.2 268.4 257.5 251.8 234.2 208.1 182.7 157.2 138 121.4 109.9 102.1 95 88.8 83.3 78.7 73.6 74.1 74.2 74.3 74.7 74.3 73.8 73.5 74.1 77.3 80.4 83.5 86.3 87.6 90.4 93.6 97.3 99.1 98.4 98.1 99.4 101.5 105.5 109.1 108.3 108.6 111.3 113.9 116.3 119.7 127.2 134 141.1 150.2 161 172.6 184 192.2 204.5 223.9 251.3 280.2 308.6 337.7 364.1 380 391.6 400.3 405.7 403.3 398.5 397.1 393.3 387.3 378 362.6 345.3
285.4 269.9 257.3 255.5 269.8 277.4 283.7 280.4 264 240.9 215.3 189.2 164.8 146.4 131.5 118.4 109.2 101.6 95.4 90.2 84.7 80.9 76.2 73.8 74.6 75.4 74.9 74.2 74.5 74.6 75.7 77.9 80.7 83.8 86.5 89.1 92.9 97 100.3 102.8 103.4 101 100.8 102.2 106.1 110.3 110.1 109.8 112.2 115.1 117.7 121.9 127.4 133.5 141.6 150 160 171.8 183.8 195.7 208.4 228 256.3 286.5 316.3 346.7 375 391.7 403 415.4 419.9 420.7 413 407.4 401.1 393.7 382.1 365.4 346.2
297 277.4 261.8 261.1 272.5 281.6 278.2 266.2 246.4 218.8 194.2 171.2 150.1 138.1 126.2 116.6 109.7 103.7 98 91.8 86.1 80.1 76.2 73.6 74.5 75.5 74.9 74.3 74.2 74.6 75.7 77.4 80.8 84.3 86.5 89.7 94.2 98.7 103.3 107.8 108.2 104.7 102.7 103.2 105.2 109.1 110.3 110.9 112.5 115.8 118.6 123.7 127.5 131.7 139.5 148.8 158.8 170.3 184.2 200.4 214.6 230.4 259 288.4 317.8 349 380.8 404.8 418.5 427.8 436.7 439.1 428.1 419.5 409.8 399.2 386.2 369.6 348.4
298.3 281.6 266.2 260.7 258.4 260.9 249.9 235 217.8 195.7 174.8 153.2 141.5 132.7 124.9 118.2 112.6 107 100.7 94.4 90.1 83.7 79.8 74.6 74.6 73.6 74.8 74.4 74.4 74.5 75.2 77.5 78.4 82 85.9 89.6 94.4 100.4 106.7 112.1 111.3 106.3 103.9 103.9 105.8 107.9 109.7 111.7 113.6 116.4 119.4 124.6 129.3 133 139.4 149.3 157.9 169.1 183.2 202.2 218.9 235 261.1 290 318.9 349.2 380.1 408.7 430.3 441.9 446.2 450.6 442.8 431.7 419.2 406.3 392.6 376.1 354.3
291.9 281.6 272.7 261.9 247.9 239.7 221.6 206.8 190.2 171.7 155.8 145.7 138 132 124.3 117 112 106.6 101.1 94.2 87.1 82.7 79.3 76 75.5 75.8 74.8 74.5 74.6 74.6 74.9 76.8 80.6 82.7 83.8 88.4 95.4 103.1 109.4 114.5 115 109.9 105.5 105.8 107.2 109 111 112.9 114.8 117.6 120.4 125.2 130.6 136.3 142 150.3 159.8 170.6 182.6 197.8 220 237.9 264 292.8 321.3 351.6 382.2 412.5 436.6 447.2 463.4 464.9 458.6 446.5 430.2 414.6 402.3 381.5 360.6
283.2 279.7 271.2 260.2 247.5 234 209.7 186.5 168.2 157.1 149.7 141.4 130.5 127.5 119.1 109 100.7 98.1 92.2 86.2 83.1 81.1 78.3 76.3 74.7 76.1 75.3 74.7 74.7 74.8 74.9 77.3 81.8 85.5 88.9 87.1 96.1 104.2 111.4 117.4 118.3 115 108.2 107.3 108.8 110.6 112.6 114.6 116.8 119 121.3 127.8 132.7 138.2 145.3 152.8 161.8 172 183.3 196.1 215.1 237 266.3 295.5 324.9 356 385.8 413.7 436.6 456.9 466.7 472.2 470.4 461.3 442.5 423.3 409.8 390.4 366.8
283.4 279.6 270.5 248.1 236.3 214.4 193.4 176.2 164.4 155.5 148.7 144.1 138.6 131.2 124.1 116.5 110.2 102.1 96 90.4 85.8 82.1 75.5 74.6 75.3 76.2 75.5 75 74.9 74.9 75 78.7 82.6 87.7 91.6 91.9 97.3 105.7 113 119.8 121.8 119.3 113.7 109.2 110.5 112.4 114.4 116.6 118.8 121.2 123.1 128.2 134.2 139.9 145.6 153.2 162.2 172.4 182 193.4 211.8 237.3 268.2 299.5 330.5 362.7 392.5 418.1 441.2 461 474.6 480.2 480 474.7 454.9 432.4 417.6 396.9 376.2
275.6 264 250.1 229.8 214.8 197.2 182.6 175.1 162.3 159.2 155.8 150.3 144.5 135.5 127.4 119.4 111.7 103.7 97.8 92.2 86.4 80.5 75.6 75.5 75.8 76.3 75.5 75.3 75.2 75.1 75.8 79.3 83.4 88.3 93.4 95.1 97.2 107.6 115.4 122.2 124.7 121.8 117 111.6 112.3 114.2 116.3 118.6 121.1 123.6 125.7 128.9 135.5 142.8 148.9 155.1 162 171.6 180.8 194.5 214.8 239.7 270.2 301.3 332.3 365.4 395.5 423.7 449.6 470.1 484 490 489.9 483.2 467.4 446 424.4 403.6 383.6
254.5 243.5 229.4 213.7 200.1 193.5 183.5 180.1 174.6 168.7 161.9 156.1 150.6 141.1 131.8 123.9 114.7 105.3 97.5 91.6 86.6 80.5 75.8 75.7 76.4 74.7 75.9 75.7 75.6 75.5 75.4 78.1 83.9 88.5 92.3 92.3 99.3 108.8 116.9 124.1 127.1 122.6 117.7 113.3 114 116.2 118.3 120.7 123.3 125.8 127.9 130.4 137.4 144.8 150.6 155.3 161.7 169.4 179.3 194.7 215.9 241.5 271 300.7 330.9 363.9 396.2 423.6 449.6 472 484.3 492.1 491.5 485.6 472.7 454 434.7 410.1 389.4
240.9 227.5 216 208.7 202.8 198.2 194.5 186.6 179.5 171.9 165.9 160.8 154.6 146.6 138.5 128.6 118.9 109.7 100.7 92.3 84 78.9 75.8 75.6 75.8 76.6 76.3 76.1 76 75.8 75.7 77.5 83.4 88 91.1 92.8 100.2 108.6 115.8 121.2 122.9 119.3 116.8 114.9 115.7 118 120.3 122.8 125.3 128 130.6 132.9 138.6 145.5 150.7 155.3 162 171.2 180.5 195.7 215.2 240.4 268.9 297.6 327 358.2 390.8 419.2 443.4 465.4 480.6 489 492.2 489.5 480 461.7 443 420 396.4
235.2 226.2 214 216.5 212.4 204.9 198.2 192.7 185.8 176.1 168.9 164 158 149.6 140.7 133 121.4 111.9 101.8 92.2 84 76.6 76.1 75.9 76 76.2 74.7 76.4 76.3 76.1 76 76.5 80 85.6 91.4 93.1 99.4 106.8 112.9 116.5 118.1 117.2 115.6 116 116.8 119.6 122.1 124.4 126.9 130.2 133.4 135.9 140 145.3 150.2 155.1 163.7 172.6 183.5 197.7 214.1 237.2 263.5 291.2 319.6 349.7 380.8 411.4 437.4 460.7 479.8 491.3 497.9 493.3 485.1 469.4 449 429.6 404.6
229.5 233.2 231 226.9 215.3 207.2 200.7 196.6 190.6 179.5 171.2 166.5 160.3 152.4 143.3 133.4 122.3 111.6 99.7 89 82 77.2 76.4 76.1 76.3 76.5 76.8 76.8 76.6 76.5 76.3 77.1 79 81.8 88.7 93 97.7 104.2 109.7 113 115 114.9 114.8 115.2 116.9 119.8 122.8 125.8 129.1 132.5 135.7 138.5 142 146.3 150.9 156.5 164 173.5 184.7 199.9 213.9 233.3 258.1 283.9 310.7 339 369.2 398.8 425.5 449.8 472.6 490.1 499.1 501.5 494.4 478.5 457.8 437.9 414.8
242.8 238.2 231.2 224.6 215.5 205 199.1 195.1 188.3 179.1 172.5 166.4 160 152.9 145.1 135 121.7 112.8 101.8 88.8 80.3 77.2 76.5 76.3 76.5 76.7 76.8 75.6 76.7 76.9 77.6 78.3 79.4 82.3 85.8 91.5 96 102.9 107.7 110.9 113.1 114.2 113.7 114.3 116.4 119.1 122 124.9 128.5 132.5 137.4 141.2 144.8 148.8 153.2 157.9 166.2 175.5 185.3 199.1 213.6 231 253.7 277.5 302.3 329.3 357.3 386 413.5 440.3 466.8 487.6 503.6 507.8 503.3 488.7 469.5 446.8 426.8
250.2 244.6 238.2 230.4 222.3 205.2 196.5 190.3 184.9 179.6 172.3 165.2 159 154.6 146.3 135.6 121.8 114.7 102.2 90.2 80.3 77.1 76.6 76.6 76.7 76.8 76.9 77.6 77.4 77.4 77.3 78.5 80.4 82.4 84.1 89.9 94.9 101 105.8 109.1 111.9 113.4 110.9 112.6 114.9 117.9 120.5 123.8 127.6 130.8 132.9 139.2 146.6 151.3 156.1 160.9 168.4 177.5 186.7 200 213.7 229.3 249.7 271.1 293.8 319 346.5 373.8 401.6 429.5 455.5 479.5 496.2 506.8 507.3 498.1 480.6 460.6 438.1
262.8 258.2 248.6 237.5 221.3 205.4 196.4 190.4 184.9 178.7 171.4 165.6 158.9 152 143.4 132.9 123.3 113.4 101.4 91.5 83.1 79 77.3 76.7 76.8 76.9 77 77.2 76.2 77.6 78.1 79.5 81.3 83.5 85.5 88.5 93.2 99.5 103.5 107.9 110.2 111.3 109.7 112.7 116.2 119 122.2 125.1 129.1 133.2 137 139.9 141.1 150.8 158 163.2 170.1 179.2 190 202 214.2 228.4 246.4 265.3 285.3 309.9 335.6 362.6 389.8 418.4 446 469.5 486.4 503 508.4 501.5 489.4 472.2 453.1
277.2 269.5 257.3 242.6 221.2 205.9 195.9 189.2 183.9 178.2 171.3 166.1 158.6 149.4 140 129.1 120.3 109 101.3 93.3 85.5 81.1 78.7 77.4 77.2 77 77.1 77.4 76.2 77.7 78.6 80.5 82.2 84.3 86.4 89.1 92.2 97.6 102.5 106.1 108.3 106.2 109.3 112.3 115.3 118 121.4 125.2 128.9 133.2 137.7 142.6 147.5 152.2 156.3 158.4 166.8 178.2 191 201.9 214.8 227.5 245.6 262 279.9 302.7 327.6 353.3 379.9 407 435.5 460.2 482.1 497.4 506.5 505.1 499.8 486.5 470.4
293.2 280.7 265.9 247.8 221.6 206.7 196.9 189.1 183.8 177.1 170.7 165.5 158 148.3 139.3 128.3 117.1 107.9 100.3 93.8 87.1 83.1 79.9 78.9 77.6 77.1 77.2 77.4 77.3 78.3 79 81 83 85.2 87.6 90.2 92.5 95.7 99.8 101.8 101.3 105.4 108.6 111.7 114 117.1 120.4 124.3 128.6 133.4 138.4 143.4 149.4 154.3 159.9 166 173.1 179.8 185 194.8 213.3 228.4 248.3 261.9 276.8 296.8 320.7 346.1 371.8 395.8 423 447.6 469.7 489.8 503.9 506.2 505.3 497.8 485.5
306.9 291.8 273.2 247.6 220.7 205.4 197.9 190.5 183.6 176.9 171 162.7 155 148.4 138.2 129.2 119.2 110.3 101.3 94.7 89.1 83.5 81.8 80.5 79.9 77.9 77.3 77.8 78.5 78.4 79.4 81.4 83.3 85.7 86.8 88.3 90.1 93.5 96.5 99.1 101.8 104.9 107.4 110 113 116.2 119.7 123.4 128.5 134.2 139.4 144.6 153.3 160.6 163.5 171.4 180.5 190.2 199 201.5 206 227.7 247.2 261.1 274.7 292.7 315.7 340.5 363.6 387.5 410.7 435 459 483.5 500.4 506.9 510.2 509.8 500.6
319.9 295.9 269.8 243 220.1 206.1 198.6 190 183.7 177.1 171.4 165.8 157.7 146.8 138.1 130.5 121.2 111.9 104.4 98 90.1 87.4 86.6 84.7 86.5 84.2 80.5 77.9 78.6 78.6 79.7 81.7 83.7 85.6 85.8 89.3 91.6 94 96 98.6 101.4 103.9 106.8 109.9 112.7 115.4 119.2 123.3 128.6 134.5 140.1 147.3 156.4 164.6 174 181 189.3 198.6 209.4 218.8 206 218.9 239.2 255.7 270.6 288.9 310.1 333.5 355.6 378.3 398.8 422.5 448.1 472.8 494.6 506.3 513.9 515.9 512.1
324.8 291.1 261 239.4 221.6 208.4 197.2 188.3 182.6 177.2 171.4 165.7 156.6 146.4 137.9 132 122.6 112.8 105.9 97.5 92.3 92.4 92.8 93.1 96.3 94.2 88.5 83.9 78.9 76.7 79.6 80.8 82.1 83.8 86.9 88.9 91.1 93.3 95.8 98 100.2 102.7 105.7 109.9 114 116.7 120 124.3 129.3 135.2 145 154.7 162.8 171.4 182.1 191.4 201.5 210.3 218.8 230.4 229.6 225.7 224.7 240.9 259.4 279.6 302.8 327 343.2 365.1 387.6 411.4 435.7 460.5 484.9 502.7 513.9 520.1 521.7
317 284.1 255.2 238.1 222.5 210 196.5 188 180.6 176.1 170 162.5 153.3 145.9 137.3 132.4 121.6 112.8 106.1 101.4 95.9 98.1 101.1 104.3 108 104.9 96 90.3 81.5 78 79.4 81 82.9 84.7 86.4 88.4 90.4 92.3 94.6 96.6 98.9 101.6 108.3 112.2 115.6 118.1 121.2 126 130.9 138.9 151 161.8 170.9 180.9 191.2 202.3 213.7 222.4 229.7 237.2 246.7 248.1 243.3 239.3 247.5 268.5 292.5 313.7 334.1 354.6 375.9 399.9 423 447.5 473.6 495.9 513.4 523.2 528.6
313.5 281.9 254.3 237.9 221.9 207.5 194.3 186 178.9 173.7 167.8 159.8 150.5 145.9 142.7 135.9 125.5 115.5 107.9 103 99.3 103.7 106.3 110.1 113.4 112.8 105.8 98.4 85.7 79.2 79 79.7 81.7 83.8 85.4 87.2 89 90.9 93.1 95.1 96.9 100.9 106.1 111.4 115.9 119.9 124.2 129.1 133.6 144.4 155.2 169.3 180.1 191 201.9 214.5 232.2 240.5 248.3 253.9 260.1 264.4 263.1 262.1 246.1 259.5 282.9 309.3 331.4 351.6 368.5 387.9 411.2 436 461.1 485.8 508.4 526.6 534
314.9 284 256.1 236.7 221 205.8 191.7 184.1 178.3 171.8 165.7 159.8 157.2 153.3 147.1 138.4 126.2 116.3 108.6 103.7 105 107.3 110.7 116.6 120.2 121.1 114.6 103.7 89 79.3 79.3 78.3 81.1 82.8 84.4 85.8 87.6 89.5 91.9 94.7 97 99.1 104.6 109 114.7 121.9 127.8 132.6 139.4 149.7 161.4 174.9 189.8 202.6 215.9 231.9 251.1 262 266.9 276.3 277.4 278.6 276.7 274.8 275.7 261.2 272.8 301.3 322.8 339.3 358.4 379.1 400.7 425.3 449.5 474.1 498.1 519.4 534.2
317.5 286.2 256.9 236.5 220.9 204.2 189.5 183.8 178.7 172.9 168.2 163.1 160.3 156.3 150.3 139.6 129.1 118.2 110.8 105.4 106.7 110.1 114.1 120.5 127.6 130.5 124.9 106.3 88 79.1 79.5 79.6 80.4 82 83.6 85.1 86.4 90 93 95.4 97.8 100.6 102.6 106.8 114.1 121.9 130.2 136.8 145.2 154.9 169.4 184.9 200.4 216 233.1 252.8 275.2 286.7 292.4 298 297.1 292.8 290.7 288.1 289.2 288.9 281.4 286.3 312.9 335.6 354.3 370.8 391.5 413.7 437 461.4 485.7 510.1 531.2
320.5 289.3 260.1 237.6 221.8 203.1 188.4 183 178.3 173.5 169 165.9 162.5 158.8 155.4 145.7 129.3 120.7 113.9 108.1 108.4 114 117.8 125.7 137.4 143 137.8 104.5 81 80 79.8 79.7 79.7 80.8 82.3 85.6 85.9 91.7 95.7 97.1 99.8 102.8 105.2 107.3 112.5 122.3 133.4 141.5 149.8 161 177.6 196.1 215.2 235.2 257.8 279.5 301.5 319.3 321.5 319.8 317.5 313.7 310.5 307.3 302.4 297.6 294.5 279 305.1 322.1 344.8 366.6 382.7 402.7 424.8 448.8 473.8 499.8 525.4
324.6 293.7 263.9 237.1 215.4 197.8 188.4 183.4 179.3 174.9 171.6 168.1 165.3 162.9 162.4 148.3 129.5 120.4 114.1 111.5 112.7 115.9 121.6 129.3 145.6 160.5 149.2 107.4 81.3 80.3 80.1 80 79.9 80.1 81.5 85.2 85.1 90.4 93.6 97.6 103.4 106.4 108.2 111 115 125.5 134.7 145.9 154.2 166.6 184.2 205.7 230.2 255.9 284.5 306.7 329.3 347.9 358.3 346.5 338.1 335.5 330.7 321.4 309.2 302 298.3 292.4 298 317.2 334.8 356.6 377 395.5 415.9 438.3 462.9 489.1 516.2
328.9 297.9 265.8 237.5 211.3 197.5 190.5 187.1 182.2 177.7 173.4 169.6 166.4 164.2 163.1 149.3 128.9 119.8 114.4 113.1 115 118.9 125.2 132.9 147.4 159.2 148.4 101.9 81 80.7 80.5 79.3 78.9 79.9 81.3 84.1 85 88.7 93.2 97.2 103.7 108.8 112 115.7 119.6 128.2 136 148.1 158.5 172 191.4 215.3 244.5 277.8 309 334.4 359.4 381.2 388.7 374.9 358.3 353.8 346.4 332.3 315.4 305.6 301.1 297.9 291.9 314.3 332.4 351.8 370.7 388.8 407.9 430.3 454.4 478.6 502
333.9 297.8 264.5 239.6 216 199.2 193.7 191 186.6 179.5 174.8 171.1 168.3 165.5 160.9 147.7 129.2 119.7 115.8 115.7 117.5 121.7 128.7 135.7 144.6 146.8 125.4 92.4 80.8 81.3 81 80.8 79.1 80.3 82.5 84.7 86.2 90.5 94.6 97.2 104.2 111.8 115.5 119.5 124.3 131.1 140.7 151.1 160.7 177.9 201 226.1 256.3 291.6 322.1 353.4 383.1 407.4 423.6 396.1 375.1 365.8 356.4 342.5 327.4 311.8 304.9 301.9 299.3 308.3 327.2 345 364.8 384.1 403.9 421.6 445.2 467.7 489.2
332.5 296.4 265.2 241.7 218.1 201.2 196.4 194.1 191 182.5 177.2 172.3 169.1 168.2 158.4 143.6 128.2 119.7 120.1 119.2 119.4 123.4 132.4 138.8 140.5 137 117.4 90.9 79.5 81.6 81.4 81 79.9 80.7 83 84.8 88.1 91.2 94.3 97.7 104 111.3 116.5 123.1 129.6 134.3 143.9 153.9 164.7 180.7 207.3 236.7 266.6 297.4 330.5 364.4 396.5 424.3 439.2 416.4 389.1 375 363.1 349.4 344.2 327.6 312 305.4 303.5 302.8 318.2 336.8 355.9 375 394.1 414.3 434.1 455.4 473.8
325.9 297.5 268.6 242.4 216 199.5 196.3 193.9 191.2 184.1 179.4 173.8 171.5 167.6 154.8 139.3 124.3 120.5 122.7 122.1 121 124.4 133.9 140.4 137.4 129.7 110.1 92.8 80.4 82 81 80.6 80.3 79.9 84 86.4 89.1 92.3 95.6 99 103.5 109.8 117.2 125 133.2 140.1 146.2 155.6 168 185.1 211.7 240 270.2 302 335.6 372.3 407.3 435.3 442.3 427.5 403.4 385.1 367.3 361.9 355.5 336.7 321.2 309.7 305.9 303.2 309.4 328.2 346.1 364.1 382 402.3 422.6 442.9 457.9
313.5 286.3 261.5 236.9 211.5 195.9 193 190.4 187.9 183.4 178.7 173.8 171.5 167.1 151.1 135.8 122.1 120.8 123.9 124.6 122.8 123.9 131.8 137.3 137.5 130.1 109.4 91.4 80.7 82.3 82 81.7 81.6 81.3 86.7 88.2 90.1 93.4 97.4 100.9 105.2 110.9 118.3 127 135.4 143.6 151 161.4 172.8 189.2 214.4 242.7 272.4 304 337.2 373.2 407.2 435.5 443.8 434.5 415.7 392.7 367.7 367.6 366 348.6 331.5 315.7 310 310.1 308.1 319.1 335.9 353.4 370.3 388.9 408.7 426.6 435.1
308.7 276.9 248.7 226.5 207.2 195.3 190.4 186 182.6 178.9 175.1 168.5 161.8 156.5 144.5 129.4 121.6 120.9 123.5 127.9 124 126 130.2 134.9 135.6 127 108.8 92.6 81.4 82.6 82.3 82.1 81.8 82.2 88.3 90 91.6 94.6 98.9 103.1 107.3 111.4 117.7 125.7 135.3 145.3 155.6 166.5 180 193.3 216.6 245.3 275.5 304.5 334.1 366.6 396.4 421.1 445.6 444.7 424.7 395.7 386 387.6 380.3 364.3 346.5 327.8 315.6 314.4 313 316.1 326 342.2 357.2 373.6 389.9 403.6 407.1
303.1 270.6 241.2 218.4 201.5 193.1 187.5 182.7 178.9 173.1 168.7 159.6 153 146.5 136.5 124.3 120.6 120.6 124.8 133.4 124.1 123.5 132.8 134.1 131.6 122.1 106.6 92.8 81.3 83 82.8 82.5 82.2 82.1 89.5 92.1 94.4 96.5 99.9 104 108.7 113.5 118.2 125.6 134.8 144.8 157.6 170.6 180.5 193.5 214.8 243.2 272.4 301.2 328 351.9 376.3 400 424 442 429.5 407.4 407.2 408.9 398.9 383.1 365.7 348.4 330.8 319.6 319.7 315.1 322.3 330 339.9 352.9 366.1 377.6 389.9
