public/OST50/NY12.asc
ncols 200
nrows 200
xllcorner 310000
yllcorner 520000
cellsize 50
[rows 35 to 69 of 200, columns 0 to 78 of 200]
119 120.5 119.8 117.1 115.5 114.2 113.8 113.4 113.4 113.8 114.4 114.4 114.2 113.6 112.5 111.4 109.3 107.3 105.1 101.6 98 94.9 90.8 88.6 88.5 88.2 86.7 90.6 91.1 93.5 96.3 98.2 100 101.6 102.8 102.3 98.6 95.6 92.9 90 87.1 84.5 86.6 87.3 87.4 87.1 85.5 83.5 82.8 80.5 76.7 72.2 70 67.8 66.7 65.6 64.8 63.6 62.3 61.1 59.2 60.4 61.4 63 66.1 69.5 73.3 76 78.4 80.5 82.7 85.4 87.6 89.8 92.4 93.9 94.1 95.1 93.9
118.8 119.4 117.4 115 113.3 112.5 112.1 111.6 111.7 112.1 112.4 112.5 112.3 111.8 111 109.5 107.5 105.5 103.6 100.4 97.6 94.6 91.5 89.4 88.9 88.4 90.7 89.7 92.6 95 97.2 99.4 101.8 104.2 105.5 103.4 99.5 96.2 93 90.6 87.1 86.7 88.5 89.4 89.8 89.5 88.1 86.1 84.1 82.2 77.6 73.3 69.9 68.2 67.2 65.4 63.6 61.9 61.7 61.2 60.8 60.9 61.5 64 67.5 69.6 72.7 75.4 77.8 80 82.4 84.5 86.8 89 91.3 92.3 92.7 92.9 91.1
116.7 117 114.6 112.8 111.5 110.7 110.3 109.8 110.1 110.5 110.5 110.6 110.4 109.8 108.7 107.3 105.7 103.8 102 99.4 96.5 93.9 90.3 89.1 88.6 88.1 90.2 89.7 92.8 95.2 97.5 100.1 103.1 105.3 104.7 102.3 99.8 96.8 93.5 90.1 88.4 89.4 91.1 92 93.2 92.4 89.8 86.9 84.7 82.4 79.1 75.9 73.5 69 66.4 65.3 63.8 63 62.1 61.8 61.4 61.1 61.7 64.6 67.1 69.8 72.5 75.2 77.3 79.1 81.2 83.4 85.5 87.4 89 89.5 89.8 89.8 87.8
120.3 118.4 112.9 111.1 110 109.2 108.7 108.8 108.6 108.8 108.6 108.2 107.6 107 106.7 105.1 103.5 101.8 100.8 98.3 95.1 91.8 90.4 89.2 88.4 87.9 89.4 88.9 92.5 95.4 97.7 100 102.4 103 102 100.4 98.5 95.9 92.8 91 91.7 92.7 93.8 95 95.6 94.3 90.3 87.2 85 82.3 79.6 77.5 74.5 69.6 65.7 65.1 63.5 63.3 63.4 62.7 62.5 59.2 61.5 63.6 66.4 69.4 72.2 74.9 76.4 76.9 78.7 80.6 82.9 85.1 86.2 86.1 86.1 86.4 84.2
122.3 118.4 116.4 113.9 110.5 109.6 109.2 108.9 108.7 108.2 107.3 105.3 104.7 104 104.1 103.2 101.8 100.4 99 97.1 93.3 91.3 90.6 89.5 88.5 88 88.2 89.6 92.7 94.9 97.1 98.9 99.8 100.3 99.4 97.8 96.3 93.5 92 92.5 93.8 94.7 95.9 96.5 95.3 92 88.9 86.6 84.6 82.3 80.1 77.6 74.9 71.3 66.5 65.4 64.1 64.3 64.3 63.8 63.4 62 61.1 62.4 65.7 68.6 71 72.9 73.8 74.8 76 77.8 80.1 82.4 83.7 82.5 81.9 81.4 80
125.8 121.2 119.9 118.6 114.7 111.2 110.4 110.4 111.7 112.2 110.6 108 103.2 101.6 100.5 99.9 99.4 98.3 97.1 93.9 92.1 91.2 90.5 89.6 88.7 88.1 88 89.1 90.8 92.7 94.9 95.6 95.6 96.5 95.4 94.3 93.8 92 91.9 92.4 93.5 94.1 95.6 95.5 92.4 89.8 87.7 85.4 83.8 81.4 79.3 77 74.6 70.9 70.4 69.3 66.6 64.9 65.4 65.5 65.1 63.9 62 61 63.7 66 68.1 69.5 70.9 72.2 73.3 75.2 77.1 79.6 79.5 79 78.5 77.2 76.2
128.8 125 122.5 120.3 116.2 113.4 113.1 114.3 115.6 115.8 114.1 110.8 107.6 104.4 102.1 96.9 96.1 95.4 93.6 93.3 92.9 92.3 91.1 90.3 90 89.9 89.1 88.3 88.8 89.9 90.3 91.2 93.1 97.3 99 99.9 98.7 97.3 97.2 94.9 93.7 92.7 92.3 90.7 89 87.5 86 84.5 82.7 78 75.8 75.9 74.9 74 73.2 70.9 68.5 66.1 66.8 66.9 66 65.2 64.3 63.4 61 59.2 64.1 66.6 68.1 69.5 71.1 73.2 74.9 76.1 76.5 75.9 74.9 71.7 71.6
128.6 125.9 123 121.2 116.3 116.3 116.5 117.7 118.2 116 114.1 112 109.4 106.7 103.9 101.4 95.4 94.9 96.5 96.3 95.6 95.4 95.2 95.4 95.4 95 93.4 92.1 89.1 89.7 91.7 94.3 97.8 101 102.8 103.9 102.9 101.7 101.6 100.7 98.5 96.2 93.4 90.5 88.8 87.1 85.5 83.4 80.7 78 76.9 77.1 76.6 75.7 73.7 71.2 68.7 67.8 68.1 67.6 66.3 65.4 66.2 64.7 62.4 61.7 59.2 63.1 64.8 66.6 69 71.1 72.7 72.9 73.5 73 71.9 68.7 69.7
126.5 124.3 121.7 118.2 119.3 119.1 119.9 120.2 119.2 117 114.7 112 109.4 107.1 104.6 101.9 97.2 99.4 99.5 99.3 98.9 99.5 100.5 102.7 100.5 99.2 98.1 95.9 91.5 92.5 94.8 98.1 100.6 103.8 106.4 106.8 106.4 105.4 105 103.4 100.8 97.2 93.9 89.3 87.1 85.9 84.6 83.6 81.4 80.9 78.9 78.6 78 75.6 73 70 68.8 68.9 68.4 68 67 67.2 67.2 65.6 63.1 62.4 61.8 59.5 62.2 64.4 67 68.8 69.6 70 70.2 68.5 67.5 68.7 70.1
123.8 122 120 120.3 121.3 121.9 122.6 122.6 120 118.2 115.5 111.9 108.8 106.4 103.9 100.6 99.2 100.7 102.2 102.6 104.3 106.7 109.1 109.3 106.9 103.4 101.1 98.4 94.7 93.9 96.8 99.8 103 106.6 108.1 109 109 108.2 106.2 103.5 99.7 97.1 94.6 89.8 83.5 82 81.5 80.8 80.2 80 80 79.2 77.9 75.9 71.5 67.8 71.1 70.4 69.4 68.7 69.2 69.6 68.2 67.2 65.6 64.3 63 61.8 61.7 63.1 64.9 66 66.5 65.8 66.7 67.1 68.3 69.7 70.9
122.1 121.3 122.4 123.1 123.7 124.8 125.3 124.9 122.3 119.6 117 114.2 110.5 105.7 102.9 101.2 101.8 104.5 107.6 107.7 109.6 111.6 113.5 113.2 109.3 105.6 102.3 99.5 95.7 96.2 99 101.5 103.5 105.1 106.6 107.4 107.8 107.2 105.3 102.6 99.8 97.6 95 92.3 88.2 84.3 79.9 78.3 78 78.5 79.4 79 78 75 70 73.3 73.3 71.8 70.7 71.2 72.3 72.7 70.7 69.1 67.9 65.8 64.1 62 61 62 63.3 64.3 65 67.2 67.7 68.1 69.2 70.3 71.1
121.7 122.3 124.2 125.8 126.7 127.7 128.2 127.2 125.4 123.1 118.9 115.8 112.7 108.6 104.3 104.7 107.3 111.2 113.2 113.8 114.5 113.3 112.4 110.8 108.3 105.3 102.8 100.1 98.6 98.1 100.9 101.7 101.7 103 104.2 105.4 105.4 104.8 103.7 101.3 99 97 95.6 92.9 90.5 87.8 84.9 81.5 77.8 77.9 78.3 77.7 75.8 71.6 75 75.6 74.8 73.5 74.7 75.8 75.8 75.4 73 69.5 66.9 64.9 63.2 62.6 62.2 61.7 62.6 64.4 66.9 68.8 68.5 68.2 69.5 70.5 71
122.5 124.7 127.2 128.8 129.8 130.6 130.5 129.9 128.5 125.9 123.1 117.3 113.5 111.4 108 111.4 114 115.9 115.9 116.2 115.7 112.7 110.1 107.5 105.2 102.8 100.5 98.7 99.4 100.2 101 101.2 100.4 101.8 103.5 104.9 104.2 102.9 101.2 98.7 96 95.1 94.4 93.2 90.7 87.7 85.5 83.1 78.7 77.5 77.4 76.8 74.8 74.6 76.3 76.5 75.6 76.8 77.9 78.9 78.7 76.4 73.3 69.1 66.8 65.6 64.6 64.3 64.2 63.4 60.8 63.5 67.6 67.7 66.5 67.6 68.8 70.9 72
125.3 128.6 130.6 131.7 132.6 132.9 132.4 131.4 129.5 127 124.3 118.8 115.2 113.2 112.8 116 117.6 117.8 116.2 114.7 114.5 111 108.5 106.1 103.5 101.4 98.4 97.6 99.3 100.6 101.2 100.3 100.1 100.7 102.4 104.6 103.9 102.7 100 96.1 93.4 93 92.7 92.1 89.8 87.5 85.6 83.2 79 77.9 77.2 75.9 75 77.3 77.6 77.4 78.5 81 80.4 80.5 80.3 77.9 74.3 71.4 69.2 68 67.3 68 66.6 64.7 62.6 60.3 65.3 65.3 66.1 67.4 69.4 71.6 74.6
127.7 130.7 132.4 133.7 135.1 134.7 134.1 132.7 130.5 128.1 125 120.9 117.2 114.6 114.8 117.4 119.6 119.7 117 114.8 112.9 109.8 107.2 104.7 102.7 100.9 98 97.8 99.5 101 100.3 99.2 100.2 100.1 102.4 104.7 104.2 102.6 99.6 96.4 94.3 93.1 93 91.8 89.6 87.4 85.1 81.6 78.8 77.6 76.8 75.1 77.2 77.9 78.1 79.9 81.7 81.6 82.7 82.6 82.1 80.3 78 76.1 73 72.4 71.4 69.7 68.6 67.5 64.6 60.3 62.5 63.9 65.4 68.3 71 74.1 77.1
129.9 132.6 134.1 135.4 136.6 136.3 135.6 134.4 132.6 129.7 127.2 124.6 119.7 117.4 115.9 118.5 121.1 119.8 116.6 114.2 111.9 108.7 105.8 103.3 101.2 99.3 97.6 97.1 97.7 98.5 98.1 97.8 98.5 99.4 101.9 103.7 104.1 103.6 100.7 98 96.1 94.3 93.5 92.3 90.3 88.4 86.2 81.1 79.3 78.1 77.3 77.1 77.4 78.1 80.6 83 82.1 81.9 83.5 85.1 84.5 81.7 79.1 76.9 74.3 74 72.4 71 69.7 68.5 67.1 60.3 62.2 62.8 64.9 68.6 72.3 75.5 78.9
131.7 133.6 135.2 136.9 138.1 138 137.1 135.3 133.4 131.5 129.6 126.3 123.7 121.3 117.3 119.6 121.1 118.4 115.6 112.9 110.8 107.8 104.5 102 99.7 97.7 97.3 96.8 97.3 97 96 96 96.4 97.8 100.5 102.7 104.3 104.6 101.8 99.3 96 94.2 92.8 92.6 91.2 89.1 86.6 82.9 79.9 78.7 77.6 76.8 78.6 80.4 83.1 84 82.5 82.1 84.1 84.9 83.5 81.3 78.4 76.1 75.7 74.8 72.8 71.6 70.4 69.3 67.2 61.7 62.3 62.7 64.4 68.4 72.4 75.9 79.2
132.4 134.1 135.7 137.7 139.4 139.2 137.2 135.2 133.7 131.8 129.3 126.2 124.2 122.4 118.3 120.4 118.9 116.2 113.5 111.4 109.3 106.1 103.1 100.7 99.7 98.2 97.3 98.6 99.4 97.2 95.5 95.2 95 96.2 99.8 102.4 104.2 104.2 102.6 100 95.2 91.4 91.4 92.4 91.2 89.2 86.9 83.9 81.3 80.5 79.3 77.6 80.6 81.9 82.4 81.6 80.9 82.3 84.3 83.9 81.6 79.3 78.3 78.5 77.9 76 74.3 72.7 71.1 68.3 64.3 61.3 62.4 62.6 63.5 67.3 70.7 74.4 77.4
132 134 136 137.2 139.4 138.8 137.1 135.1 133.7 132 129.4 126.8 124.3 122.2 118.1 117.1 116.2 113.7 111.5 109.7 107.5 104.3 101.9 100.7 100.1 98.9 98.7 99.5 98.3 96.1 94.9 94.7 94.3 95.9 99.3 101.4 102.3 102 100.9 98.7 94.8 91 90.5 90.5 89 89.2 88.6 87 84.8 82.3 80 78 80.8 80.8 80.5 80.9 82 83.4 84.5 82.8 80.2 77.7 78.4 79.6 78.1 76.4 75.6 74.1 71.7 68.2 63.9 60.3 62.5 62.5 63.2 65.3 68.7 71.4 73.7
131.2 133.4 135 136 137.3 137.8 136.1 135.3 133.4 131.8 128.9 126.3 123.5 121.4 117.8 115.1 114.7 113.3 109.8 107.8 106.2 104.2 102.2 101.3 99.9 98.7 98.2 96.6 95.5 95 94.2 94.4 94.2 95.7 97.7 99 99.9 99.8 99.2 97 94.1 90.2 88.9 87.6 88.1 90.6 91 89.4 86.3 83.8 80.8 80.1 80.9 82.1 83 83.9 83.9 84.1 82.8 80.4 77.5 77 77.4 78.2 78 76.8 76.9 76.9 74.6 71.2 68.1 60.3 62.5 63.3 64.3 65.9 67.7 69.7 69.9
130.5 132.8 133.9 134.8 136 137.5 137.1 135.7 133.7 130.8 128.4 125.7 123.1 120.6 116.7 114 114 111.2 108.9 108.4 108 107.1 104 100.9 99.2 97.9 96.2 94.5 93.6 93.7 93.6 93.8 93.9 94.3 95.6 96.7 97.1 97.2 96 90.6 90.8 90.1 89 88.7 87.7 91 91.8 90.1 86.8 84.2 80 82.5 83.9 84.8 85.1 83.9 83.3 82.3 80.8 78.4 77.1 76.9 77.2 77.7 77.9 79.2 79.8 79.2 76.6 72.4 69.6 64.1 62.6 63.4 65.4 67.2 67.2 66.9 66.6
130.2 131.5 133 133.6 134.3 135.7 135.9 134.9 132.7 130.1 128.1 125.5 121 119.6 115.5 114.2 112.6 110.5 109.3 109.9 110.9 111.1 108.4 105.1 101 97.1 95.4 92.5 92.4 92.4 93.8 93.7 94.8 95.9 95.1 93.9 93.2 92 94.1 95.5 93.8 91.5 89.7 88.2 88 88.6 89.6 88.5 86.7 81.1 83.3 84.2 85.1 85.8 84.8 82.6 81.5 80.6 79.9 78.9 77.8 77.9 78.2 78.6 79.7 81.4 82.8 81.8 77.9 73 70 67.4 61.4 63.1 63.6 64 63.7 62.2 64
129.6 130 131 131.7 132.2 132.5 133.3 132.1 130.8 129.7 127.6 125.1 121.8 116.9 114.6 112.6 111.5 110.8 110.2 112.5 113.7 111.7 109 105.9 99.9 96.8 94.7 92.4 92.4 92.4 93.9 95.2 96.7 97.2 94.1 92.7 94.3 95.2 96.9 96.5 94.8 93.9 91.7 89 86.8 85.1 85.5 85 83.3 84.5 84.2 85.8 86 86.4 84.1 81.8 79.9 79.5 79.8 79.3 79.3 80.9 80.6 80.9 82.3 83 83.6 83.2 78.8 74.1 70 66.4 63.5 61.4 61.4 63.4 63.1 63.3 63.6
128.6 127.8 128.8 129.6 129.6 129.4 129.2 130 129.1 127.8 126.4 124.6 121.5 116.1 112.9 111.2 110.8 110.9 111.2 111.8 111.3 109.2 106.3 102.9 98.7 97.1 95.5 94 93.5 93.7 94.7 96.2 97.6 98.4 94.9 96.9 96.6 98.2 98.4 96.8 96.6 95.8 92.2 89.6 88 86.4 85.6 85.8 86.9 87.8 86.9 86.6 87.6 86.7 84.5 81.7 80.8 80.2 79.2 78.9 80.4 81.8 82.6 82.9 83.5 83 81.9 80.3 77.1 73.5 69.8 67.8 66 63.6 62.3 62.9 63 63.1 63.3
127.7 125.8 126.6 127.5 126.6 126 125.9 127.1 126.6 124.8 124.4 122.2 117.8 113.9 110.8 110.3 109.9 109.5 108.7 108.5 107.9 106.3 103.7 100.9 99.5 98.4 96.7 96.3 97.7 98 97.1 97.1 98.1 97.2 97.9 97.3 97.3 96.8 96.7 96.1 96.6 95.6 93.8 92.5 91.4 88.8 86.8 86.5 87.1 86.7 86.4 88 89.2 88.1 84.8 83.7 83.8 83.2 80.5 79.1 80.1 81.3 82.4 83.6 83.9 82.6 79.8 77.5 74.9 71.9 68.1 66.3 65 63.7 62.6 62.9 63 63.1 63.3
126.1 124.6 124.4 125.5 126.4 126.2 126.8 127 126.5 124.5 122.3 120.2 116.7 112.5 110.3 109.6 109.2 108.7 107.7 106.1 105.6 104.4 102.8 101.6 102 100.6 98.6 99.1 100.9 102 100.2 98.1 96.5 96.8 97.4 99.1 98.8 97.5 95.2 95.3 95.3 95.7 97 97.5 95.5 91.7 88.1 86.2 86.4 86.2 86.9 88.2 89.5 86.6 85.2 85.9 86 86.6 84 80 79.1 80.1 81.4 82.4 83.1 80.2 77.5 76.3 74.3 69.9 66.6 64.8 64.8 62.7 63.2 63 63 63.1 63.3
123.9 123.1 124.7 125.7 126.7 127 127.9 128.9 128.5 125.7 123.2 119.4 115.6 111.7 109.9 109.8 110.6 111.7 111 107.2 104.8 103.8 103.3 103.6 103.2 101.8 100.1 101.9 104.1 104.4 101.9 98 96.6 97.1 99.2 102.1 101.6 98.9 96.4 95.3 95.4 97 99.4 100.2 99 95.7 90.5 87.7 87.6 87.8 87.7 87.7 87.3 86.1 86.5 87.5 87.5 86.9 84.1 80.6 80 79.6 79 79.2 79 77.4 75.7 75.1 72.4 68.4 65.8 64 63.6 63.9 63.4 63.2 63.3 63.3 63.4
122.2 123.2 125.2 126 126.1 126.8 128.1 129.7 128 125 122.2 118.6 114.7 111.4 110.6 110.4 112.8 114.1 111.6 107.6 104.7 104.7 104.7 105.2 104.7 103 103.2 104.6 106.6 106 101.9 97.5 97.2 97.9 99.5 101 100.7 98.2 96.1 95.7 96.3 98.4 101.6 103 101.5 98.1 92.7 89.9 88.7 87.3 86 86 85.7 86.7 87.2 87.2 86.6 85 83.2 81.6 80.7 79.1 77.8 77 76.2 74.3 74.3 73.9 70.9 67.4 65.6 64.4 64.8 64.3 63.6 63.5 63.6 63.6 63.7
122.8 124.4 125.4 125 125.1 126 126.8 126.8 125.3 123.6 121.1 118 115.3 112.4 111.7 113.4 115.3 115 112.9 109.6 106.7 108 108.2 108.4 108.3 108.4 108.7 109.6 110.1 105.4 100.5 97.4 99 99 99.6 99.9 98.8 97.4 96.7 96.3 97.3 99.4 102.9 104.5 102.4 98.8 93.5 89.7 87.1 85.4 83.6 85 86.6 86.3 86.7 86.2 85.3 83.5 83.1 82 80.4 78.2 74.8 74.4 73.4 72.4 71.8 71.1 69.2 66.8 65.1 65.1 64.7 64.5 63.9 63.9 64.1 65 68.5
124.5 125.9 124.7 123.7 123.8 124.5 124.3 124.3 122.8 121 118.9 117.4 115.4 113.4 115.4 117 116.7 116.5 115.5 112.8 109.7 111.2 111.6 111.1 110.8 111.9 113 110.5 107 104.2 100.7 100.3 101.8 103.4 104.2 102.4 99.3 99.4 99.7 98.4 98.1 100.2 103.5 104 101.3 97.2 92.6 87.1 84.8 83.3 82.7 85.1 84.7 86.5 87.3 85.2 83.4 81.3 81.5 79.6 76.8 73.9 72.6 72 71.1 68.7 67 66.8 66.4 65.5 66.1 65.8 65.6 66.2 67.9 68.4 68.7 69.6 70.9
124.8 124.7 123 122.1 122.5 123 122.6 122.6 119.7 119.1 117.6 115.8 114.5 116.7 119.2 120.5 120.7 120.4 118.3 115.1 111.7 112.5 113.8 112.6 111.5 111.7 110.6 107.5 104.6 102 98.7 101.9 104.5 106.7 107.7 107.3 105.7 103.7 102.8 101.1 99.5 100.9 102.7 101.9 99.6 95.9 92 85.4 83.3 82 81.6 82.6 83.4 84.8 84.5 84.9 82.3 78.1 77.1 75.4 73.9 72.8 72.1 71.5 68.8 70.1 68.7 67.6 66.7 66.2 66.3 66 66.2 67.8 68.9 69.7 70.3 71.6 72.4
122.1 121.1 120 120.8 121.2 121.9 123.8 121.7 119.3 118.1 117.3 115.1 117.1 120.5 122.9 124 124.1 123.1 122.2 117.6 111.5 112.2 113.3 111.9 110.6 109.1 107.8 105.5 102.6 102.4 102.9 105.7 108.9 110.5 111.7 111 108.9 106 104.9 104 102.9 102 102.1 101.1 98 93.7 90.1 85.4 84.7 82.1 81.4 80.8 80.6 80.5 80.3 82.1 78 76.3 75.5 74.7 73.8 72.7 71 70.7 70.9 69.7 68.5 67.5 67 66.8 66.6 66.7 67 68 69.4 71.4 73.9 76.2 78
117.8 118.3 118.9 120 121.1 122.1 122.4 121.6 120.9 120 118.3 118.5 120.7 124 125.2 126.2 126.7 125.6 124.2 119.8 114.2 112.5 111.2 110.5 108.9 106.8 106.8 106.9 105.3 106.1 109.9 111.6 113.6 116.3 117.4 114.5 111.3 108.6 107.1 106.4 105.5 104 103 101.5 97.4 92.4 88.2 87 85.9 83.3 82.7 81.6 80.7 80.1 79.9 79 77.5 76.6 75.8 75 74.2 71.6 72.7 71.9 70.7 69.5 68.4 67.4 67 66.8 66.6 66.5 66.8 68.7 70.8 73.7 77 80.1 82.7
117.2 117.3 118 118.9 120.4 121 120.8 121.8 122.3 121.5 121.4 120.9 123.3 125 126.3 127.5 128.1 126.3 124 120.8 117.5 114.7 110 109.9 107.6 105.9 108.6 109 109.4 111.9 114.4 118.5 120.7 121.8 122 119.5 115.6 111.9 109 108.1 107.3 105.8 104.7 100.8 95.5 92.4 88.5 88.6 87.6 83.7 82.9 81.9 80.9 80.2 79.4 78.6 77.5 77 76.1 75.3 74.6 73 72.8 71.7 70.6 69.4 68.6 68 67.4 67 66.7 66.3 67.9 70.2 73.1 76.3 80.1 83.9 86.9
116.8 117.1 117.1 118.3 119.3 118.7 119.9 121.1 121.9 122.4 122.3 121.9 123.7 125.1 126.5 128.5 128.6 126.2 123.5 120.6 118 114.1 109.5 108.6 106.7 107.7 109.4 112 113 114.5 119.4 123.3 126.6 127.6 127.1 124.7 120.7 115.6 110.7 110 108.7 106.1 103.1 97.8 94.5 90.2 87.5 86.1 85.2 84.3 83.3 82.2 81.6 80.1 81.8 81.2 79 78.1 76.7 75.5 74.5 73.6 72.9 71.8 70.8 69.7 68.9 68.2 67.5 67.4 67.5 68.2 70.3 72.9 75.3 80.9 86.5 90.6 94.3
