public/OST50/NY17.asc
ncols 200
nrows 200
xllcorner 310000
yllcorner 570000
cellsize 50
[rows 38 to 75 of 200, columns 86 to 171 of 200]
68.4 66.9 66.5 69.6 71.1 70.7 66.5 61.7 59.3 59.5 59.7 59.8 60 60.3 60.5 60.6 53.4 60.7 63 67 72.3 76.7 80.8 85.2 89.2 91.1 93.2 93.3 91.9 90.4 90.6 91.5 93.2 93.1 94.6 97.2 99.4 102.1 104.9 108 110.9 114.3 118.6 121 121.7 122.5 123.3 123.3 122.2 121.4 121.1 121 122.2 123 126.3 128.9 131.7 134.4 137.6 139.7 141.4 143 144.6 146.1 147.8 149.9 152.2 157.5 163.2 168 171.8 173.6 175.6 177.6 179.1 182.5 189.1 196 201.8 207.1 211.6 213.2 216.6 218.4 221.8 228.9
66.7 65.5 65.3 67.2 69.2 69.4 65.6 61.1 58.6 58.6 59 58.8 58.8 59.1 59.3 59.4 53.4 61.1 63.8 68.3 72.7 76.8 81 85.4 89.6 92 94.1 94.1 92.7 91.2 91.2 92.4 92.7 92.3 94.4 96.2 100.3 102.4 105.1 108.9 111.7 115 118.3 120.6 121.4 122.4 123.2 123.2 122.4 122.1 122 121.9 122.2 123.7 125.8 127.7 130.4 133.7 136.8 139.2 140.8 142.4 144.7 146.3 148.1 151.5 154.9 158.9 163.9 168.8 172.6 175 177.6 180.1 182.5 186.8 195.7 203.8 210.4 217 221.1 219.3 219.2 221.3 225.6 232.1
65.5 64 63.9 64.4 66.5 67.4 65 61 57.8 58.1 58.1 57.8 57.6 57.8 58.1 57.9 58.8 61.6 65.4 69.8 73.4 77.1 81.2 85.6 89.8 92.2 94.7 94.5 92.9 91.5 90.2 91.9 92.3 91.9 93.8 98.6 101.2 103.4 105.8 109.1 111.7 115.6 118.5 120.4 121.5 122.5 123 123 122.6 122.9 123.2 123 123 123.5 125.7 128.6 131.8 134.3 135.5 139.1 140.2 142.5 144.7 146.4 149.3 153.3 157 159.9 164.9 169.4 172.4 175.4 178.5 181.5 185.4 194.5 205.4 212.6 220.6 225.2 225.5 225.3 225.4 224.2 228.7 231.7
64.6 62.3 63.3 62.8 63.9 65.8 63.4 59.5 57.4 57.1 56.7 56.8 56.6 56.6 56.6 55.2 59.1 63.2 66.9 70.4 74.1 77.4 80.8 85.2 89.6 92.3 94.9 94.7 93.3 91.9 90.5 93 91.3 91.6 93.5 98.3 100.5 103 106.3 108.9 111.5 115.5 118.7 120.9 122.1 122.6 122.7 122.9 122.6 123.7 124.5 124 124.9 124.3 125.6 128.5 131.7 135.9 138.1 139.8 141.4 143 145 147.8 150.7 153.6 157.5 161.1 165.6 169.9 174.2 177.2 179.9 182.4 186 202.3 211.8 219.3 227.6 233.2 232.1 227.7 225.8 218.4 218.8 224.6
63.7 61.1 61.3 61.1 62.6 64.4 61.9 57.6 55.7 55.7 55.3 55.3 55.3 55.5 55.3 51.7 58.7 63.2 67.5 71 74.4 77.5 80.7 84.8 89.2 92.1 94.8 94.6 93.3 92 90.8 93.5 94.3 93 94.3 97.4 101 103.5 106 108.4 110.7 114.8 117.8 120.6 122.5 123 123.3 123.1 123 124.4 125.4 125.3 125.9 126.4 126.4 128.5 132.3 136 139.3 141.1 142.9 144 145.6 148.3 151.3 154.6 157.6 161.5 166.1 170.7 175.4 179.3 182.3 184.5 188.3 206.9 216.8 225.9 234 236.9 234.9 229.4 223.6 218.3 213.3 213
61.7 60.3 60.4 60.6 60.6 62.1 59.3 54.7 54.8 54.6 54.5 54.5 54.7 54.6 51.7 56.1 58.8 63.3 67.8 71.4 74.6 77.7 80.9 84.3 88.8 91.8 94.6 94.4 93.2 92.1 91.2 92.5 96.1 93.1 94.6 97.5 100.8 103.7 105.4 107.9 109.7 113.9 116.9 120.3 122.6 123.5 124 123.7 123.5 124.4 125.8 126.3 126.9 127.5 128.4 129 132.7 136.2 139.8 142.6 144.5 146.1 147.4 148.9 151.9 155.8 159.7 163.3 167.3 172 176.9 181.1 184.2 186.6 191.9 207.7 220.8 231.9 237 237 232.9 227.4 219.7 211.7 201.9 206.6
59.4 59.2 59.3 59.5 59.7 59.7 55.6 53.7 54 54.4 54.3 51.9 54.7 55.1 55.5 56.4 58.7 64.2 68.4 71.7 74.8 77.9 81.1 84.2 88.1 91.8 94.5 94.6 93.7 92.7 91.8 90.9 97.8 93.2 92.8 97.7 101 104 105.4 107.2 109.8 113.4 116.4 119.9 122.5 123.9 124.7 124.8 125.5 125.3 127 127.7 128.3 129 130.3 131.7 133.9 137.2 140.4 143.7 146.3 148.4 149.8 151.3 153.1 157.4 161.4 165.2 169 173.2 178.1 182.4 185.9 189.5 194 208.1 223.4 233 236.4 236 231.4 223.7 214.7 205.1 192.9 194.5
58.1 58.5 58.1 58.3 58.5 58.5 53.2 53.3 53.4 53.4 52.8 54 55 55.4 55.9 56.3 59.5 65 68.6 71.9 75.1 78.2 81.4 84.5 88 91.5 94.6 94.9 94 93.1 92 91 98.7 92.7 94.3 96.8 100.1 102.1 105 107.9 110.5 113.4 116 119.3 122.6 124.7 125.4 127.1 128.4 129.8 128.8 130.1 130.7 131.5 131.8 133.6 135.4 137.6 140.8 144.6 147.6 150.3 152.7 154.5 156.6 159 163.2 166.6 170.3 174.6 179 183.8 187.8 192.2 198.3 213.6 227 231.7 233.1 231.4 226.2 218.2 209.3 198.1 188.1 181.6
57.6 57.8 57.5 57.1 57.3 49.8 49.8 52.9 53 53.1 53.4 54.2 55.2 55.8 55.9 56.3 60.1 65.5 69.7 72.7 75.6 78.6 81.8 85.1 88.6 91.9 94.1 95.2 94.1 93.1 92 91.7 98.1 101.2 94.6 98.1 101 103.4 106.9 109.2 111.1 113.7 116.3 119.5 123.9 126.5 129.3 130.6 131 133.2 133.3 133.3 134 134.3 134.7 134.8 137.1 138.7 141.4 145.1 149.7 152.4 155.6 157.9 160.2 162.2 164.2 167.9 171.7 176.2 180.6 185.8 192.9 196.8 207.4 222.1 228 228.8 229.3 226.4 220.8 212.1 202.2 190.1 182.4 170.8
56.9 56.4 57 56.6 55.3 52.2 52.7 52.6 52.9 52.9 54.1 54.7 62.4 63.7 57.3 57.2 60.8 66.2 70.3 73 75.6 78.8 82.2 85.4 88.7 92.1 94.9 94.7 93.6 92.5 91.7 92.3 97 102.9 94.2 97.4 101.4 104.9 109 111.1 113.5 115.2 117.3 121.2 126.4 129.8 131.7 133.6 133.8 136.6 138.6 138.2 137.6 138.2 138.1 136.9 138.7 140.5 142.6 145.7 150.2 154.6 158.2 160.9 162.7 164.7 167.5 173.2 179.2 182.3 188.9 197.9 206.8 207.8 218.8 225.9 225.8 225.9 226 221.7 215.1 206.1 194.2 184 174.7 164.6
55.8 55.8 56.4 56.2 54.3 51.6 52.6 52.3 52.5 52.6 53.8 55.2 69.3 71.7 64.1 58.4 60.7 66.6 71.1 72.6 75.2 78.4 81.9 85.1 88.6 92.7 95.7 94.4 92.9 92.2 92.1 92.4 96.8 104.5 95.7 97.6 103.2 107.6 111 113.4 115.9 117.7 119 123.5 128.6 131.8 134 136.1 137.4 140.6 143.9 144.1 142.3 141.6 140.8 139.7 140.2 142.5 146.1 149.7 153.2 156.7 160.2 163.7 166.2 169.6 177.6 187.3 194.7 195.1 198.6 206 212.8 212.2 221.8 225 223.9 223.4 221.8 216.8 209 198.6 187.3 177.8 167.8 159.9
55 54.8 55.4 55.8 53.6 50.7 51.9 51.7 51.9 52.2 54.2 56.1 70.5 72.1 69.4 62 60.2 66.6 71.9 73.4 74.7 77.6 81.2 84.7 89.8 96.2 97.4 95.6 94.1 93.5 93.7 93.6 97.8 105.8 103.1 100.3 105.9 110.2 113.1 115.8 118 119.9 120.9 125.4 130.7 133.8 136.1 138.5 141.1 143.8 146.7 153 150.7 147.9 146 145.2 149.1 151.6 152.3 155.3 158.3 161.1 167.9 173.7 178.8 184.1 191.8 202.7 207.6 206.7 206.9 210.7 216.8 210.6 216.8 220.4 221.1 220.2 217.1 211.5 203.2 191.8 180.8 172 162.7 155.6
54.9 53.8 54.1 54.5 53.5 49.1 50.9 50.5 50.5 51.6 53.4 61.6 71.8 72.1 68.4 61.4 60.2 66.3 72 73.6 74.8 77 80.1 84.4 93.8 101.5 102.4 98.7 96.7 95.3 95.3 96 99.3 98.4 108.1 101 107.4 111.7 114.8 117.8 119.9 122 124.7 127.8 132.9 136 138.6 140.9 144.3 147.5 149.4 154.6 154.7 153.4 153.2 159.3 167.3 169.9 168.6 165.2 166.8 169.2 179.4 183.1 188 201 203.3 212.6 218 217.4 217.2 211.2 211.3 208.5 211.8 214.3 215.7 214.9 211.4 205.1 196.8 186.3 176.4 167.1 159.3 152.8
55.1 53.4 53.7 54.1 53.2 52.1 50 50.7 50.5 51.4 53.4 62.2 71.9 71.2 65.8 60.6 61.1 66 71.5 73.5 74.3 75.9 80.2 90.5 103.9 110.5 110.8 106.5 101.4 98.7 97.9 97.8 99.3 102.7 109.5 102.9 108.5 112.1 116 119 121.4 123.5 126.6 131 135.4 138.8 141.1 143.5 146.9 149.9 151.8 155 158.8 159.6 170 178.6 184.8 187.2 187.2 184.4 175.8 176.1 181.2 187.8 195.2 204.5 212.4 211.8 215.5 217.3 219 213.2 205.8 200.7 205.9 206.9 207.8 207.5 203.9 198.7 191.4 181.4 172.1 164.6 157.6 151.1
54.7 53.1 53.4 53.4 53.4 52.1 50.5 50.7 50.9 51.2 52.8 58.4 71.7 70 63.7 61.1 63.2 67.7 71.3 73.2 73.8 76 84.1 97.8 111.1 116.3 116.1 114.1 108 102.9 100 99 100.2 103.5 111.2 107.2 110.3 112.6 115.7 120.6 122.7 125.4 127.8 131.7 137.8 140.7 143.4 146.2 149.4 152.1 154.2 158 164 173.4 182.1 186.4 190.6 192.3 190.9 190.6 184.8 178.4 180.7 188 195.9 204.1 209.2 209.6 211.5 212.5 212.6 208.3 201.8 191.8 198.3 199 198.7 197.8 196.1 191.8 184.1 176.5 167.1 162.8 157.1 150.5
54.4 52.7 52.7 52.7 52.7 51.2 50.5 48.6 50.9 51.3 52 53.8 68.5 69.4 61.7 61.5 65.8 69.4 72 73 73.2 78 91.1 105.1 116.1 119 119.6 118.2 112.1 107.1 102.7 100 101.2 103.8 112.7 112 112.9 116.1 119.8 123.8 127.2 129.4 131.8 135.2 138.7 142 145.3 149.6 152.8 156 161 167.9 173.2 179 182.6 185.1 188.7 189.8 189.3 189.9 186.6 179.9 178.7 186.8 194.5 202.7 206.2 205.8 207 207.8 206.6 201.5 195.5 188.2 187.2 188.4 187.9 187.8 186.1 182.8 178 170.3 165.8 161.5 156.6 151.2
52.7 52.2 52 52 52 50.7 50.1 50.4 50.7 51.3 51.9 52.8 67.7 68.6 65.3 63.1 67.2 70.6 72.2 72.4 73.8 80.8 96.2 108.9 117.3 121.7 122.5 121 115.2 110.7 105.9 101.8 101.8 101.1 110.8 114.8 118.1 126.4 128.8 129.8 134.8 137.8 141 142.1 143.5 143.8 148 153.9 158.8 169.6 172.1 173.3 175.9 180.4 183.4 185.1 185.5 187.2 190.2 189 184.6 179.4 175.9 185.5 193.9 199.9 203.4 203 203 202.6 200.8 194.7 185.1 177.8 173.5 174.5 175.2 173.3 172.7 172.5 170.4 167.4 164.4 159.6 154.6 150.3
51.9 51.7 51.5 51.6 51.5 50.8 50.2 48.9 50.8 51.5 52.2 55.6 68.7 68.4 61.5 63.2 67.9 70.9 71.7 72.1 74 84.8 99.2 110.6 118.2 122.9 124.5 120.9 116.5 113.2 107.9 101.4 101.2 101.9 108.9 115 121.3 130.7 132.8 134.9 139 143.4 147.4 151.1 154.9 155.6 155.8 159.8 167.8 176.3 182.4 176.2 176.6 181.4 183.1 183.9 184.1 184.5 185.6 181.2 178.5 174.7 173.4 182.6 190.7 197.7 202.1 202.5 201.3 198.6 194.4 190 178.5 170.7 166.3 164.1 165.2 165.5 163.9 166.2 166.4 164.7 162.1 157.7 152.4 148.3
51.7 51.5 51.4 51.5 51.7 49.7 50 50.5 50.8 51.2 52 58.9 67.2 68.1 61.7 62 66.8 71 71.6 71.5 75.1 88.5 101.9 111.2 118.9 123.8 122.6 119.8 118 114.6 108.5 102.1 100.1 102.6 107.4 115.6 119 131.8 135.8 137.3 138.9 144.1 147.8 151 154.8 159.2 162.2 161.5 166.1 173.1 179.1 177.6 176.2 182.2 183.1 181.6 181.3 180.6 178.6 176.5 171.4 166.3 171.9 181.6 190.3 197.4 202.9 201.3 199.9 195.4 187.2 179.7 172.1 165.4 160.5 157.5 158.6 159.8 160.3 161.9 161.9 161.6 159.5 156.2 150.6 145.4
51.9 51.3 51.3 51.4 51.6 47.5 50.2 51 50.8 51.1 51.8 58.5 65.5 67.5 61.9 60.7 66.3 70 71.8 71.9 78.2 91.7 102.6 112.3 119.2 123.2 120.9 119.7 119.5 115.7 110 103.7 99.7 101.1 105.8 113 119 130.1 137.7 138.5 138.2 143.8 148 151.2 154.5 159.4 164.4 163.4 164.7 167.6 170.7 174.2 174.3 180.2 181.5 177.8 177.2 176.5 172.9 169.1 165.2 160.5 168.2 178.4 186.2 193.4 198.6 197.4 192.1 184.7 178 171.9 165 159.8 156.2 152.9 154.8 156 155.9 156.8 157.4 156.8 155.3 154 148.6 142.8
57.1 51.5 51.6 51.4 49.9 50.8 51.8 52.6 52.5 51.8 53 58.7 64.1 67 62.5 60.7 64.9 69.4 71.8 73.2 80.6 93.6 104 112.7 118.2 120.9 122.9 120.1 119.5 116.7 111.6 105.1 99.6 100.3 103.9 111.5 117.6 123.1 135.9 138.7 137 142.1 147.7 151.2 154.5 159.6 163.7 160.7 162.2 160.5 159.4 164.9 170.5 175.8 177.2 174.6 171.8 166.2 163.6 162.4 157.7 151 156.1 163.9 174.7 182.2 186.8 185.5 176.8 172.9 168.4 164 159 154.7 152.6 149.6 151.8 151.8 151.5 151.6 151.9 151.2 151.1 149.8 145.9 141.3
58.2 51.2 51 50.9 47.4 51.7 53.6 55.2 56.4 56.8 56.2 59.8 63.7 66 61.7 60.7 64.8 68.6 71.7 74 81.9 93.6 103.6 111.7 116.5 118.5 121.3 119.8 119 116.5 111.6 106.4 98.3 100.4 101.5 110.5 115.6 121.3 131.9 137.4 136.2 140.2 146.6 150.3 154.8 159.7 163.9 158.6 154.6 151 151.9 153.4 158.8 165.4 168.7 165.7 159.4 156.5 155.2 153.5 151 146.7 148.4 151.6 156.9 163.6 166.2 165.8 164.5 162.2 160 156.5 153 149.8 147.4 145.8 148.3 148.4 147.8 145.9 146.2 146.6 146.9 145.3 143 138.9
53.2 50.6 50.4 50.1 47.3 53.5 55.7 57.6 60.1 61 60.6 61.6 64.6 65.2 60.7 60.7 65.1 68.2 71.6 74.9 82.9 93.4 103.1 109.5 114.3 118.1 120.5 119.3 119.5 116.7 111.8 105.3 96.1 101.8 104 108.1 113.5 118.8 123.3 133.7 135.5 136.7 142.4 149.9 154.8 159 158.9 156.4 150 146.8 147.1 148.3 148.7 150.3 152.8 153.8 154.6 152.1 149.9 148.5 144.9 142.1 143.4 145.7 147.7 152.4 155.6 158.9 157.9 155.3 152.6 150.3 146.6 144.5 142.6 141.4 143.9 144.8 143.6 141.4 141.3 141.5 141.6 141.2 139.5 136.3
49.8 50.1 50.2 50.1 50.5 56.2 58.4 60.3 61.8 62.2 62.3 62.9 63.1 64.2 60.7 60.7 66.2 69.7 72.8 76.3 84.1 93.9 101.6 106.5 110.2 116.1 119.4 119.5 119.7 116.9 110.8 104.8 96 103.9 106.3 109.1 112.3 117.7 120.9 128.7 131.3 133.9 138.7 144.9 150.8 153.3 151.8 151.9 149.2 143.2 142.3 143.7 144.6 145.2 147.4 148 148.9 148.2 145.4 143.8 139.7 137.8 140.4 142.4 143.8 146.4 150.8 154.7 154.9 152.2 149.4 145 140.8 139.3 138.5 137.4 138.5 140.1 138.9 137.2 137.4 137.4 137.2 136.9 136.3 134.5
50.2 50 50.1 47.3 55.7 59.8 61.1 61.9 62.1 62.3 62.9 63.7 64.4 64.2 60.7 60.7 67.3 71.4 74.6 79 87.4 95.7 100.9 104.7 109.3 114.3 117.6 119.6 119.9 116.7 110.8 104.7 96.1 104.7 106.9 109.6 112.9 116.1 119.7 124.5 128.3 131.8 136.2 140.2 143.2 145.2 147.2 146.5 145.5 143.5 140.8 139.7 144.6 146.1 144.7 144.2 144.1 142.4 140.9 139 135 134.8 137.3 139.3 142.3 143.2 147 149.8 152 148.8 145 142.8 139.2 138.2 135.9 133.6 134.5 134 134.2 133.8 134.2 133.9 133.3 132.7 132.7 132.5
49.7 49.4 47.3 56.5 59.9 61.6 62.1 62.4 62.4 62.4 63.3 64.2 65 64 60.2 64.7 69.7 72.9 76.2 80.1 86.9 95.6 100.1 104.1 108.1 111.9 115.2 117.3 117.6 114.6 109.5 104.6 97.1 104.9 107.4 110.1 113.4 116 119.6 120.7 124.9 128.1 130 133.6 136.1 138.5 140.1 141.2 141 141 138.8 139.5 139 143.5 144.2 143.1 140 136.1 136 134.5 130.5 132.4 134.2 135.9 138.8 141.9 144.1 146.2 146.7 145.4 143.2 140.9 137.7 136.9 134.4 132 129.7 130.3 130.3 130.7 131.4 131.6 131.2 130.9 130.3 129.6
46.8 52.3 55.9 59.1 61.5 61.8 62.2 62.5 62.5 62.3 63.4 64.2 65 64.1 61.7 66.3 70.5 73.1 75.8 80.5 87.2 95.1 99.4 103.4 107.2 110.3 112.4 113.4 113.6 111.4 107.5 104.1 99.2 104.7 107 110.7 113.6 117.5 120.9 122.8 121.8 125.6 127.8 128.9 132.4 136.3 136.7 135.3 137.2 136.4 136.5 136.6 138 137.9 140.3 141.1 138.9 135.3 129.6 129.2 126.5 129.8 131.4 132.8 134.9 139.2 143 143.5 141.9 141 139.9 137.9 135.9 135.3 133.7 131.8 127.8 127.1 127.3 127.6 128.1 128.7 129.1 129.1 128.4 127.7
50.9 54 57.9 60.5 61.8 62.1 62.3 62.6 62.6 62.2 63.3 64.4 65.2 63 62.4 66.8 70.1 72.7 75.6 80.6 87.1 94.1 98.8 102.5 106.3 108.8 111.3 110.4 109.9 109.6 106.4 103.5 100.6 104.1 106 109.3 115.8 120.1 122 123.7 123.2 123.4 126.8 125.8 130.6 134.3 136.7 134.4 131.3 132.7 133.1 133.1 133.6 136.9 131.9 134.7 135.3 133.1 130.6 124.2 123.4 127.1 128.3 129.6 131.6 135 138.1 139.3 139.3 137 136.2 134.8 133.5 133.2 132.8 131.4 128.3 125.2 125.6 125.8 125.4 125.2 126.2 126.6 126.9 126.7
52.1 55.3 58.6 60.6 62.2 62.4 62.5 62.7 62.5 62.1 63.2 64.3 64.7 61.5 61.8 66.1 69.5 72.2 75.2 80.1 86.7 93.5 98.4 102.2 106 108.7 110.4 109.6 108.6 107.6 105.8 103.7 101.3 102 103.6 107.4 116.5 122.6 124.3 127.9 128.5 122.9 124.4 124.8 128.5 131.6 133.6 134.3 130.2 127.9 129.5 128.7 130.6 133.8 132.7 126 130 129.3 127 124.4 121.5 123.7 125.6 126.3 127 128.6 131.5 133.8 134.6 134.2 131.2 130.8 130.5 130.3 130.2 129.6 128.4 125.6 124.1 124.1 123.5 122.5 122.9 123.6 124.3 124.9
52.9 55.8 58.9 60.8 62 62.5 62.6 62.8 62.4 62 63.1 64.8 63 60.4 62.6 66.4 69.6 72 74.9 80 86.8 93.6 98.3 102.1 105.6 108.2 108.5 108.6 107.7 106.5 105.7 102.7 101.2 101.6 102.8 107.3 116.3 123.4 126.8 127.9 127.2 125.8 122.6 124.2 126.1 128.2 130.1 131.4 131 125.6 125.4 124.9 128 132.2 130.6 127 122.2 124.6 123.7 121.8 119.7 120.3 122.7 122.2 122.5 123.7 125.6 127.5 129.9 130.3 129.1 127.2 127.2 126.7 126.4 127 126.5 124.8 122.8 122.2 121.7 120.9 121 121.5 122.2 122.7
53.5 56.1 58.5 60.3 61.1 61.6 62.1 62.3 62 61.9 63.4 62 58.9 60.2 65.3 68.3 69.7 71.6 75.1 80.6 87.1 93.6 98.4 102 105 106.6 107 107.2 106.5 105.5 104.6 103.5 101.1 101.6 103.8 108.1 117.7 123.8 126.9 128 127.1 126.2 124 122.3 123.8 125.8 127.6 129.5 129.7 127.6 121.3 122.6 124.8 128.8 127.8 125.4 121.5 118.6 119.7 119 117.1 116.1 118.5 118.1 118.5 119 120.7 122.4 124.9 126 125.9 125.1 123.9 122.6 123 123.6 123.6 123.1 123.2 120.5 121 118.7 119.1 119.4 120 120.5
52.9 55.4 57.8 59.5 60.5 60.9 61.3 61.7 60.8 62.1 62.7 58.4 58.5 63.7 67.7 69.1 70.3 71.6 76 81.8 87.6 93.5 97.6 101 104 105.7 105.8 105.8 105.3 104.4 103.6 102.6 100.9 101.8 104.2 110 119 124.9 126.4 127.2 126.3 126.4 123.5 121.6 122.1 123.3 125.1 127.3 127.1 125.1 124 118.7 121.1 123.6 125.2 122.5 120.1 117.1 114 115.5 115.4 114.5 113.9 113 113 116.7 117.2 119.3 121.4 122.2 122.4 123 122 121 120.6 120.3 120.7 120.5 120.1 119.5 120.2 119.1 118.1 117.8 118.2 118.5
52.3 54.6 56.9 58.7 59.8 60.2 60.5 60.7 60.1 62.5 60.7 56.8 59.7 66.5 68.8 70.2 71.5 73.2 78.3 84 89 93.1 96.8 99.9 102.6 104.3 104.5 104.5 104.5 103.6 102.6 101.8 100.5 102.1 105.3 112.2 119.5 126.8 130.3 128.1 126.6 126.2 122.4 120 118.6 120.6 122 124.6 125.1 123.2 122 118.9 117.6 119.3 119.7 119.2 117.5 115.6 113.3 112.9 113 112.6 112.3 111.7 110.4 110.9 114.3 116.6 117.5 118.3 119 120 120.2 119.4 118.9 118.6 117.1 117.2 117.4 118 118.8 119.3 117.4 116.8 116.3 116.8
49.4 53.9 56 58.1 59 59.3 59.5 59.6 59.7 61 56.5 57.9 62.6 66.1 68.8 71.3 72.7 76 81.1 86.4 90.9 94.2 96.6 99.1 101.1 102.9 103.3 103.3 103.7 103.5 102.5 101.5 99.6 101.7 106.4 111 121.6 127.8 131.8 130.4 128.6 126.6 124.9 120.8 119 118.5 119.5 119.7 123.5 121.3 120.2 118.9 115.3 113.7 115.1 115.7 115.3 113.6 112.1 109.4 109.8 110.8 110.8 110.6 109.9 109.8 110.4 114.4 115.2 115.8 116.9 117.8 118.3 117.7 117.4 116.6 115.8 113.8 115.7 116.6 117.4 118.2 118.2 116.6 114.9 112.1
48 53.2 55.4 57.5 58.1 58.3 58.4 58.3 58.5 57.8 55.8 59.7 62.7 65.8 69.2 72.1 75.8 81.2 85 89.6 92.3 95.4 97.3 99.1 99.7 101.4 102.1 102.4 102.9 102.7 102.4 100.7 98.4 100.9 104.9 113.8 124.4 129.9 133.5 133 130.4 128.6 126.9 122.7 120.1 117.5 116 117.6 117.8 118 117.8 116 115.5 111.4 110.7 111.3 111.9 111.6 110.6 108.9 107.1 107.9 109 109.7 109.4 108.4 108.9 109.6 113.9 114.5 115.2 115.9 116.5 116.3 116.1 115.5 114.7 114.6 114.4 115.1 115.8 116.3 117.2 117.4 117 115.4
45.2 53 55.1 57.1 57.4 57.2 56.2 56.1 56.2 53.5 56.8 59 62.4 67.2 70.6 74.7 81.1 86.4 89.5 92.7 94.1 96.7 98 99 99.4 100 100.9 101.6 102.1 101.9 101.5 100.4 97.3 100.4 105.1 117 125.7 131.8 134.7 133.8 132.3 130.5 128.8 124 121 118.5 116.3 111.9 116.1 116.3 114.2 114.5 113.5 111.9 108.6 108.2 109 109.4 109.5 108.7 107.5 105.6 106.7 107.8 108.6 107.7 109.1 109.4 109.5 113 114.7 115.2 115.6 115.2 114.8 114.4 114.3 114.4 112.7 113.3 113.8 114.2 115.2 116 116.7 116.6
44 53.4 55.1 56.2 56.5 55.4 54.4 53.6 53.6 56.1 58.1 59.6 63.7 68.6 74.2 79.7 86.6 91.2 93.9 96.3 97.4 97.8 98.1 99 99.4 99.4 99.9 100.8 101.3 100.9 100.5 99.8 95.7 99.4 103.8 110.7 123.2 131.5 134.9 135.5 134.4 132.3 129.9 126.3 122.4 119.8 117.8 115.8 108.9 111.8 113.6 112.3 111.2 109.5 109.1 105.7 106.1 106.7 107.1 107.6 106.6 104.4 105.6 106.7 107.2 107.6 107.7 109.7 109.7 109.9 111.9 114.1 114.4 114.8 114.4 113.6 113.9 113.4 111.9 111.9 112 112.2 112.8 113.6 114.5 115.4
44.7 53.1 55.2 55.5 55.9 54.3 52.6 53.2 55.5 57.2 58.5 59.8 64.6 72.1 78.3 84.3 90.8 95.7 98.5 99.3 99.1 99.7 99.2 99.1 99.9 100 99.5 100.3 100.5 100.1 99.7 99.7 98 98.8 101.5 105.8 117.3 127.5 132.8 135.3 135.1 132.8 130 126.7 123.6 120.9 119.2 117.3 113.3 106 109.4 111.2 110.3 109.1 109.4 106.5 103.8 104.5 105.4 106.3 105 104.1 105.2 105.5 106.3 107.2 106.9 109.1 109.1 109.5 109.9 111 113.5 112.8 114.4 114.1 113.3 112.2 111 110.3 110.4 110.6 111 111.5 112.3 113.3
