public/OST50/NY17.asc
ncols 200
nrows 200
xllcorner 310000
yllcorner 570000
cellsize 50
[rows 76 to 113 of 200, columns 0 to 85 of 200]
54.7 49.9 47.2 47 45.8 44 42.7 39.8 43.1 43.5 44.9 45.4 45.4 46.5 49.1 52 53.7 56.5 59 60.2 59.5 53.8 52.1 47.5 43.5 40.6 38.3 38.3 38.3 38 37.9 37.9 37.9 39.3 40.7 48.9 55.9 55.2 55.4 57 61.6 66.4 68.2 68 67.8 66.1 63 57.5 57.2 57.8 55.2 51 48.4 47.7 49.8 54.7 60.3 63.9 67.9 73.3 82.2 90.5 97 99.1 98.1 94.7 95.5 95.4 95.4 93.9 92.1 89.9 84.9 79.8 73.9 69.8 66.8 63.5 60.3 56.7 53.4 52.8 45.4 46.4 46.4 45.9
56.1 51.6 47.7 45.4 44.4 43.8 44.4 43.3 39.8 43.3 44 47.4 45.7 45.2 46.1 49.1 52.2 54.9 57.7 57.9 47.7 38.3 38.3 38.3 38.3 38.3 40.6 40.7 40.4 40.9 41 40.6 40.6 37.8 37.7 50.7 56.8 56.7 57.1 57.9 60.7 65.5 65.9 66.3 64.7 62.5 61.2 56 53.7 56.1 54.2 51.1 48.5 47 48.4 52.3 58.2 62.3 66.5 73.1 80.7 88.8 94.8 98.3 98 96.3 94.3 93.7 93.9 92.1 89.9 88.1 84 78.8 74 70.4 67.7 64.4 61.1 57.6 54.4 51.1 45.9 45.9 45.4 45.2
58 53.6 49.6 46.2 45.5 44.6 43.2 44.8 43.6 39.8 42.7 46.8 49.4 47.1 45.6 46.6 49.8 53 56.5 55.9 39 41.3 45.9 47.1 48.2 46.2 43.8 42.4 41.7 42.9 42.6 41.8 41 41 37.7 50.8 57.2 57.6 59.1 58.8 58.9 63 64.4 64.6 62.1 59.1 57.4 55.9 53.2 54.3 53.3 50.9 48.6 46.9 47.1 50.1 56.5 60.7 65.6 71.6 79.7 88 94.2 98.4 97.1 95.4 93.3 91.5 91.9 90.7 88 85.7 82.2 77.3 73.4 71.6 68.5 65.4 62 58.5 54.8 48 46.2 45.5 45.3 44.8
60.5 55.6 51.7 47.9 45.9 44.8 43.9 45.1 45.4 43.6 39.8 43.2 47.9 50.1 46.5 44.7 47.9 51.2 46 38.6 40.7 43.7 56.2 61.1 60 54.9 47.8 44.9 42.8 42.9 43.1 42.9 40.7 40.8 37.7 49.8 57.1 58.8 59.5 58.5 57.9 60.2 61.6 62.3 59.4 56.5 55.5 54.1 49.2 51.4 51.8 49.9 48 45.9 45.9 49.8 54.7 58.7 63.6 70.5 78.4 87.9 93.3 96.3 96.2 94.4 93.1 90.8 89.9 90 86.9 82.8 79 75.4 73.9 73.9 69.5 66.3 62.8 59.2 54.8 45.8 45.5 45.3 44.9 42.9
61 56.6 52.3 49.7 47.5 46.1 45 44.3 45 44.1 43 39.8 44.3 46.6 47.6 45.5 47.8 49.5 48.1 41.2 41.3 44.7 57.3 63 63.7 60.5 50.7 45.4 43.9 42.5 43 43.3 42.2 41 37.5 49.8 57.6 59.7 60.2 58.2 57.1 58.3 59.2 58.2 56.3 54 53.1 52.4 48.5 48 49.9 49.7 47.9 44.1 44.6 48.6 53 56.7 61.5 69.2 78.5 85.8 92.4 94.7 95.8 94.2 93.2 89.8 88.2 88.8 85.8 82.3 78.3 74.8 77.2 78.3 73.3 67.4 63.9 59.9 48.8 45.3 45.1 44.6 43 44.6
61.5 57.6 53.3 50.9 49.3 47.2 45.3 44.6 44.2 43.6 42.9 40.8 39.8 44.8 45.6 45.4 46.6 48.3 50.5 42.3 41.3 44 56.7 62.9 63.8 63.1 56.2 48 44.2 42.9 42.6 42.9 42.3 40.3 37 49.8 55.2 58.9 61 59 56.8 56.7 56.6 55.3 53.1 51.4 50.5 50 48.1 45.4 48.3 48.4 47.4 42.7 43.3 47.7 51.3 55.4 60.7 69 78.1 86.5 91.5 93.3 94.6 94.2 91 88.3 86.4 86.5 85.3 81.8 77.4 74.9 79 82.3 77.9 70 65.4 61.2 46 44.9 44.5 44.1 44.7 44.3
61.9 58.6 53.4 50.9 49.2 47.1 45.4 44.7 44.1 43.4 43.2 43.1 39.8 39.8 43.6 43.6 44.7 46.5 48.6 43.1 39.7 45.6 55 61.5 62.6 63 62.1 51.3 45.4 43.5 42.9 42.9 43.5 41.1 37 42.3 46.5 51.5 56 57.7 55.4 54.2 53.7 52.3 50.6 49.1 48.2 47.6 47 45.4 46.6 48.1 47.7 44.7 42.2 46.1 50.9 55.4 61.8 69.8 77.5 85.4 90.5 93.7 95.7 94.6 90 87.6 85.3 84.9 84.8 81 76 75.4 80.5 84.3 82.1 73.9 67.2 63 46.2 44.6 42.3 44.4 44.8 44.4
62.3 59.1 54.4 50.6 48.3 46.7 45.7 44.9 44.1 43.5 43.9 43.7 43.6 39.8 42.8 43.6 43.5 43.6 44.5 39.7 42.1 45.9 50.4 59 60.3 62 63.1 59.6 52.6 50.7 50.8 49.2 49.9 46.5 36.9 36.9 39.7 41.1 42.8 47.3 51.1 51.6 50.6 49.8 48.2 46.7 45.6 46.6 45.8 46.2 44.7 47.6 47.5 45.9 42.8 44.7 50.4 55.1 62.8 69.5 77.9 84.3 89.6 93.7 96.2 95.8 90.8 87.3 84.8 83.9 83.3 79.8 75.6 75.7 80.7 85.2 86 77.2 68.9 63.9 52.6 44.1 42 44.4 44.2 44
63.7 59.9 54.6 50.6 48.5 46.1 45.9 45.1 44.2 43.9 44.7 44.9 44 40.7 39.8 43.6 43.9 43.9 43.8 42.7 39.7 45.8 48.9 54.7 58.7 60.3 62.1 63.6 62.8 59 56.8 54.9 55.1 57.9 55 45.3 36.9 36.9 37.9 39.9 39.1 41.1 43.2 45.1 45.8 44.4 42.2 44.4 44.5 44.3 43.5 46 46.2 45.6 42.9 44.1 49.7 54.4 58.5 68.6 77.7 83.3 89.1 93.9 96.4 94.3 91.5 87.3 84.8 82.6 81.4 79.8 75.2 75.5 80.1 85.3 87.5 79.3 71.4 66 58 43.7 43.1 44 43.8 43.7
63.5 60.7 54.8 51.3 48.9 46.9 44.9 43.1 44.6 44.3 44.5 45.6 45.2 44 39.8 43.7 44.1 43.9 43.8 42.4 39.8 42.8 47.2 52.1 56.7 59.3 61 62.7 63.1 62.1 58.9 57.7 60.2 67.1 67.7 63.6 55 45.7 36.9 36.9 36.9 38.1 35.6 38.5 38.8 38.6 38.4 39.3 41.1 42.4 42.9 43.5 44.9 45.6 44.2 42 48.8 53.3 58 68.1 77.2 82.9 88.2 93.6 96.1 94 90.7 87.7 85 82.4 79.8 77.1 74.5 74.8 79.4 85 89.3 82.5 74.5 67.7 60.5 43.9 43.6 43.8 43.8 43.7
63.8 61.2 55.6 52.6 50.3 47.7 46.4 46 45.8 44.4 44 44.8 45.9 45.4 42.3 39.8 44.3 43.9 43.7 42.7 43.2 39.8 45.9 50.9 54.6 57.9 60.2 61.7 62.8 62.9 61.2 60.7 63.3 70.1 72.8 70.1 64.9 58.7 51.4 43.8 36.9 36.9 35 35 35 36.3 35.3 35 35 35 40 42 43.4 45 45.3 43.1 47.1 52.1 58.5 67.8 75.6 82.5 87.9 93.4 95.6 93.4 90.7 87.7 84.5 81.3 79.6 77 74.5 75 78.4 84.6 88.5 83.6 75.3 69.1 62.7 45.6 43 43.6 43.6 43.6
64.6 60.6 58.2 54.8 51.9 50 49 50.3 51.3 48.1 44.8 44.2 44.9 44.9 43.7 39.8 43.8 44.1 43.9 43.8 43.5 39.8 44.4 49.7 51.7 55 58.1 61.5 63.1 64.1 62.9 63.4 66.3 72.2 74.5 73.2 68.6 63.1 58.6 53.2 48.6 46.4 47.6 46.2 44.5 43.1 40 38.7 38.3 38 35 35.3 40.6 42.2 44.1 44.1 45.5 51 58.1 66.7 76.1 82.1 87.5 92.9 94.7 92.6 90.3 87.6 83.8 81.5 79.3 76.6 74.1 73.4 77.9 83.6 86.8 82.6 74.9 70.2 65.1 58.6 44.6 43.4 43.5 43.6
69 62.8 60.3 61.9 58.8 58.2 52.6 54.8 57.9 53.3 46.1 44.2 44.5 44.3 44.3 42.8 39.8 42 43.9 43.5 43.6 39.8 43.8 49.9 51.4 53.3 56.6 61.4 63.3 65 65.1 66.2 68.3 71.5 74.7 75.5 70.9 65.7 59.9 54.8 50.2 53.6 55.6 53.2 51.1 47.9 43.4 39.4 38.8 38.2 38.1 35 35 38.2 41 43.8 44.6 49 57.5 67 75.6 81.6 86.4 92.1 92.9 91.8 89.4 87.1 83.6 81.4 78.7 76.1 73.4 73 77.6 83.1 85.3 80.7 73.3 69.5 65.7 61 56.8 42 43.4 43.2
68.1 67 68.6 66.5 63.5 58.1 59.1 63.6 64.5 58 49.8 44.1 44.1 44.1 44.1 42.6 42.3 39.8 39.8 39.8 39.8 39.8 43.3 49.6 51 51.7 55.1 59.9 62.6 64.5 67.4 68 68.7 71.7 75.3 76.9 72.5 63.4 57.7 55.4 58.5 60.9 62.3 58.9 54.8 51.4 45.9 41.2 39.1 38.4 38.3 38.4 37 33.9 34.6 42.6 44.5 47.5 57.5 68.1 75.4 80.1 85 91.7 91.8 90.5 88.4 86 83.4 80.8 78.2 75.5 73 72.4 77.1 81.6 83.5 81.4 73.3 69 64.7 60.6 57.5 53.7 44.8 41.8
71.7 70.5 69.4 66.8 65.1 62.4 62.3 67.9 64.5 62.9 57.3 48.9 44.3 44.4 43.9 42.4 42 41.5 41.9 43.4 45.6 46.5 47.9 48.8 51.1 51.6 53.5 57.7 61.6 64.4 67.6 68.5 69.1 71.3 75.6 76.2 72.6 63.7 56.2 63.6 66.2 67.2 67.7 63.9 59.1 54 48.2 43.8 40.1 38.6 38.7 38.7 38 38.5 35.2 33.9 42.6 50.6 59.5 67 72.1 77.5 85.5 90.1 90 89 87.7 85.4 82.5 80.2 77.6 75 73 71.8 75.5 79.9 83.1 81.7 73.1 68.4 64.3 60.9 57.7 54.5 50.4 42.4
73.8 73.2 71.3 74.1 71 67.3 66.3 65.8 63.7 63.2 62.4 54.1 44.7 44.6 43.5 40 42.9 41.5 43 47.2 49 49.4 49 49 50.8 51.3 52.4 56.1 60.7 63.9 66.6 68.3 69.2 71.3 75.3 76.4 70.9 62.4 64.1 69.9 71.7 71.7 70.8 68 62.6 55.1 49.3 44.4 41 38.8 39 38.9 38.7 38 37.3 36.5 33.9 48.3 58.1 65.3 71.6 77.3 85.6 89.1 88.8 88 86.6 84 81.2 79.1 76.7 74.3 72.3 71.4 73.9 78.1 80.9 81.4 72.7 67.7 63.7 60.1 56.7 53.2 51.2 48.5
78.1 77.9 75.9 78.9 77.7 72.9 69.9 66.4 64.1 62.3 60.6 54.7 47.7 44.5 43.1 42.7 41.5 41.5 43.5 48.8 49.6 49.6 48.6 47.9 49.6 51.3 52.3 54.5 59.2 63 65.5 68.3 69.5 71.5 75.1 76.8 70.5 64.3 67.3 73.8 76.3 75.1 74 72.1 64.6 57.1 50.3 44.4 41.3 39 39 39.2 38.3 37.5 37.5 37.2 34.3 36.3 53.7 64.1 72.5 78.4 86.2 87.6 87.9 85.9 85.1 82.7 79.5 78.2 76 73.7 71.9 71 72.4 76 78.9 79.4 72.1 67.1 62.7 58.9 56 53.7 51.4 49.6
82.9 81.7 80.8 81.2 80.5 77 71.5 66.3 64.3 62.5 59 54 47.6 45.1 40.9 42.7 42 42.9 45.4 48.8 49.3 48.6 47.8 47.4 50.7 51.8 52.7 54.7 57.9 62.5 65.5 68.3 69.6 70.7 74.1 76.3 71.6 67.1 65.3 74 79.4 78.4 77.9 76.3 67.7 59.6 51.3 45.6 42.3 40 39 39.2 38.3 37.4 37.7 37.8 37.5 33.9 49.5 61.2 69.6 76.2 84 86.4 86.2 83.9 83.7 81 77.5 77.1 75.4 73.1 71.6 71 72 74.3 76.1 75 69.5 65.5 61.4 57.9 55.1 52.8 50.6 49.6
85.6 84.9 83.7 81.3 78.5 75.6 72.1 68.4 65.8 62.8 60 54.7 48.8 46.9 44.4 42.6 42.6 42.9 46.4 49.6 49.8 49.9 48.9 48 51.1 50.5 52.5 55.5 58.4 62.3 65.6 68.4 69.8 70.7 72.7 75 72.1 69 69.9 71.8 79.3 80.5 80.1 77.5 70.7 61.4 53.1 47.5 43 41.4 38.6 38.8 38.4 37.4 37.7 37.9 37.4 33.9 49.3 59.1 67.1 73.9 81.5 84.8 84.5 82.5 82.6 79.2 75.4 75 74.4 72.4 70.8 69.7 70.7 72.7 75.8 73.8 67.2 63.3 60.7 57.5 54.2 51.9 49.9 49.1
89 88.9 88.9 85.9 80.5 76.3 71.9 69.1 65.8 63.1 61.1 56.8 51.6 49.1 46.4 43.7 42.8 43.5 47.2 50.5 50.9 50.9 50.2 48 50.1 49.1 54.2 57.4 58.7 62.2 65.8 68.3 69.7 70.7 70.9 72.5 72 72.3 76.1 77.6 78 80.7 80.7 78.3 73.8 64.4 54.9 49.2 43.9 42.6 39.4 38.3 38.2 37.4 37.6 37.9 36.9 33.9 47.4 56.7 64.3 70.2 78.9 82.7 82.2 81 81.1 77.6 73.9 73.3 72.9 71.6 69.9 69 69.2 70.4 74.3 74.4 67.6 62.4 60 56.7 53.5 50.9 49 47.9
92 92.7 93.5 91.2 86.4 79.5 74.6 72.9 68.1 65.1 62.1 57.1 52.2 49.6 46.9 44.8 43.2 44.5 48.4 51.8 51.8 51.6 51.4 49.2 49.1 50.4 55.1 58.4 59.7 61.9 65.1 67.1 69.2 69.8 70.2 71.7 72 74.7 79.7 80.9 78.8 78.5 81.1 78.6 74 66.5 57.9 50.5 44.6 41.6 39.5 38.1 38.4 37.1 37.6 37.9 35.2 33.9 44.8 54.4 61.8 67 75.1 80 80 79.2 79.5 76.2 72.3 71.2 70.9 70 69.2 68.3 67.7 69.1 72.2 74.5 67.5 61.7 58.4 56.4 53.9 50.4 48.4 47.1
93 94.6 96.9 95.3 90.6 84.6 76.9 71.7 69.4 66.2 62.7 57.8 52.7 48.6 46.3 44.4 43.9 45 49.6 51.1 52.3 51.8 51.3 49.9 48 53.8 55.2 57 59.4 61.9 63.9 66.5 69.7 70.6 69.3 71.3 71.8 75.2 79 81.6 79.7 79.8 80.9 78.4 74.3 67.6 59.1 51.9 45.8 41.6 40.3 37.4 38 37 37.4 36.1 33.9 41.9 44.1 52.6 59.3 65.9 73.3 77.1 76.6 77.5 77.7 74.7 71 69.6 69.3 68.4 68 67.4 66.7 67.1 69.4 72.2 67 60.8 57.2 55 52.8 50 48.1 46.4
94.4 96.4 98.8 98.4 93.9 87.7 83.1 75.7 71.1 67.2 63.1 58.5 53.9 49 46 43.8 44.8 46 48 48.6 51.7 51.7 50.7 47.7 47.4 50.1 52 54.9 58.2 61.3 63.8 66.8 70.3 71.1 70 69.9 71.3 72.5 75.5 78.6 81.3 81.9 80.9 79.1 75.6 68.5 60.8 53.5 47 41 40.3 38.4 36.9 36.8 36.2 33.9 38.7 41.9 43.6 49 57.3 64 70.9 74.4 74.9 75.8 75.7 73.2 70 68.3 67.8 66.8 66.6 66.6 65.7 66.1 67 69.5 67 59.9 56.8 53.8 52 49.4 46 44.4
95.2 97.9 100.5 100.6 96.6 90.3 85 79.6 73 69.5 64.1 58 53.7 50.1 45.6 44.5 46.4 46.9 47.7 49.1 51 50.2 48.1 46.9 49.4 50.1 49.7 52.6 56.7 60.3 62.6 66.7 71.1 71.2 70.8 69.1 69.4 70.5 75 78.4 80.8 81.9 81.2 79 74.7 68.9 61.8 54.8 48.5 41.2 40.4 39.5 37.1 36.1 33.4 35.8 37.9 41.3 43.1 50 55.2 61.7 68.2 72.1 72.9 73.7 74.1 71.9 68.8 67.1 66.1 65.2 65.2 65.2 64.9 65.1 65 65.7 65.8 58.5 55.2 52.6 51.4 48.5 47 46.1
96.1 98.8 101.4 102.7 99.8 93.5 87.1 82.3 77.7 73.4 67.2 60.5 52.9 49.6 45.1 45.2 47.8 48 47.6 48.9 49.6 48.2 46.9 48 50.6 50 49.6 55.4 57.7 59.3 63.4 67.7 70.5 71.5 71.5 68.6 67.9 72.3 75.6 77.3 79.7 80.9 79.4 78.8 74.1 68.6 62.7 56.7 50.9 44.9 40.3 40.3 37.6 33.4 34.4 37.3 37.9 39.2 41.8 46.2 52.5 59.8 65.4 69.5 70.9 71.6 72.4 70.6 67.7 65.8 64.7 63.7 63.7 63.7 63.7 63.7 63.6 63.5 62.9 57.9 53.9 51.5 49.5 48 46.8 45.5
96.7 99.6 101.8 103.4 101.5 95.5 89.1 84.1 79.7 76.7 75.3 69.6 58.5 50.1 46.7 45.1 48 48.3 47.7 48.4 49.2 47.4 47 48.4 50.4 49.2 51.5 56.6 59.3 62.3 65.8 68.6 69.4 72 71.8 67.6 68 74.1 76.8 77.2 77.6 78.2 77.2 77.5 74.3 69.7 64.9 58 52.2 48.4 44.4 40.6 38 33.4 36.3 37.3 37.6 38.7 40.5 43.4 50 58.5 64.3 67.1 68.8 69.4 70 69.2 66.4 64.7 63.7 62.7 62.3 62 62.2 62.5 62.4 62.2 60.8 55.2 52.5 50.5 48.3 47.3 46.6 45.1
97.9 100.2 102 102.9 101.9 97.7 91.4 85.6 81.8 79.9 77.7 73.2 63.5 54.2 49.2 46.1 47 48.3 47.2 47.4 48.4 48 47.3 49.3 50.1 48.6 52.2 58.1 61.3 64.2 66.7 68.9 70.3 71.7 70.6 66.5 69.5 74.9 77.8 76.7 75.9 75.9 75.3 75.6 73.2 69.5 63.9 58.3 54 49.9 45.9 41 39.4 33.4 36.3 37.5 37.7 37.5 39.9 41.2 48.2 56.8 61.7 64.6 66.8 67.2 67.5 67.6 65.1 64 62.8 61.8 61.3 61 61 61.3 61.2 60.4 58.3 53.8 50.3 49 47.2 46.6 46.3 44.9
98.4 100.9 101.7 101.8 101.3 98.9 93.6 87.7 83.9 82.1 79.7 73.7 65.7 57.8 52.5 49.6 46 46.5 50.1 50.4 49.5 48.3 47.5 51.1 49.3 48.8 52.5 60.1 63.1 64.8 67.3 69.9 71.4 70.3 69.2 66.4 72.9 80.1 81 79.4 77.6 77.3 73.6 73 71.6 68.1 63 57.8 53.7 50 46.1 42 44.1 41.2 33.4 34.5 37.2 37.1 38.8 39.8 45.9 54.5 60.1 63.5 65.4 65.2 65.1 65.2 64.5 63.3 62.1 61 60.2 60.1 60.1 60.1 59.5 58.7 56.9 52.7 49.2 46.9 46.3 46.3 46.2 45.4
98.3 100.1 100.4 100.5 100.4 98.1 94.8 89.3 85.5 83.3 80.8 76.1 69.9 62 54.6 52.1 49.7 47.5 53.6 50.7 46.6 46.9 49.8 52.4 48.6 48.7 52.8 60.4 63.9 65.8 68.3 71 72.7 68.1 67.2 67.8 75.4 84.2 85.1 82.6 77.6 78 74.5 71.9 70.3 66.5 61 56.3 52.5 48.7 46.7 42.8 44.7 44.5 41 32.9 32.9 35.3 37.1 38.7 43.4 52.3 59.4 63.1 64.6 63.3 63.2 63.7 63.7 62.6 61.4 60.3 59.2 59.3 59.3 59.3 59 58.4 56.5 53.3 49.6 46.2 45.9 45.9 45.9 45.5
97.7 98.4 98.8 98.9 98.8 96.9 94.9 90.4 86.4 83.9 81.5 77.1 71 65.7 58.7 54.9 51.4 46.5 50.1 48.1 46.7 47 54.3 53 48.3 48.3 53.2 61.1 65.3 67.5 69.6 71.4 72.7 68.4 66.3 67.9 74.4 82.7 85.7 83.1 80.1 76.5 73.9 71.4 68.3 64.1 59.1 55 51.2 48.5 46.4 44.3 45.1 45.1 41.8 39.1 35.9 36.4 32.3 36.5 39.5 49.8 57.3 61.2 63.2 62.2 60.9 62.3 62.8 61.8 60.6 59.5 58.5 58.5 58.6 58.4 58 57.7 56.6 51.8 50.2 46.6 45.1 45.1 45.6 45.6
96.5 96.6 97.2 97.3 96.7 95.7 94.2 90.6 87.2 84.6 81.9 76.8 70.4 67.4 60.7 56.3 52.1 49.8 46.5 46.5 46.6 50.5 55.5 53 48.5 48.8 53.5 62.2 65.4 68.1 70.4 71.4 72.2 69.2 66.5 67.9 72.9 80.5 83.9 83.6 80.4 75.1 72.5 69.6 65.7 62.4 57.9 53.9 51 49.5 48.9 48.2 47.3 46.5 44 42 42.2 41.1 33.1 34.8 38 45.3 55.8 60.9 63.1 62 60.5 61 61.8 61 59.8 58.6 57.9 57.8 57.8 57.4 56.8 56.3 55.4 51.3 49.2 47.6 44.6 45.1 45.5 45.5
96.6 94.9 95.3 95.4 94.5 94 93.4 91.8 88.7 85.9 82.4 76.6 69.8 63.6 59.1 55.9 53.3 53.2 46.7 46.8 47.6 54 57.3 53.3 49.6 49.6 54.8 60.9 65 68.6 70.1 70.9 72.2 68.7 66.9 68.4 71.4 78 81 81.9 79.5 74.4 70.9 67.3 64.3 60.9 57.2 53.6 51.8 53.5 54.7 52.9 51 48.4 46.8 45.5 44.4 42.2 40.9 32.3 36.8 41.4 52.5 60 62.2 62.2 61.7 61 61.8 60.6 59.3 58 57.3 57.2 56.8 56.1 55.6 55 54.5 50.7 48.6 48.3 44.6 45 45.4 45.3
95.8 93.7 93.9 93.8 93.5 93.1 92.3 90.8 89.4 86.9 83.1 77.3 71.2 67.3 62.2 57.6 54 53.6 49.6 47.4 47.9 51.5 51.1 49.4 49 51.1 56.6 62.5 66.4 69.8 70.7 71 72 68.9 66.5 68.1 70.2 74.8 78.8 80.6 78.9 73.2 70.7 69.3 66.3 61.7 56.7 53.9 56.8 63.8 64.6 60.7 57.6 55.4 50.9 46.2 43.6 44.2 42.5 36.6 32.3 37.8 48.4 57.4 61 61.5 61.5 61.1 61.5 60.2 58.9 57.8 56.6 56.6 56.2 55.5 54.8 54.1 53.5 51.6 48 47.9 45.4 44.8 45.6 44.8
96.5 92.7 92.3 92.2 92.2 92.1 91.2 90.1 89.2 87.5 84.6 78.5 72.3 68.9 66.1 62.3 58.4 54.1 51.7 47.4 47.6 51 50.1 48.7 47.2 53.3 59.9 64.5 67.1 70.7 72.2 71.5 72.1 69.8 66.4 67.4 68.4 72 76 80.5 78.5 73.1 72.7 71.8 69.7 63.8 57.6 57 63.4 68.7 73.4 69.3 64.5 62.9 59.8 52.3 46.2 45.1 42.8 40.2 32.9 32.3 42 54.1 60.1 61.2 61.7 61.1 61.1 59.8 58.7 57.6 56.4 56 55.6 54.9 54.2 53.5 52.5 50.7 47.8 46.3 46.6 43 45.3 44.4
97.5 91.7 90.9 90.9 91 91.6 90.9 90 89 87.8 85.4 79.5 72.8 70.3 68.5 66.7 64.3 56 53.1 47.8 47.9 49.1 48.9 49.3 50.7 52.7 57.6 64.2 67.2 70.6 72.6 71.7 71.4 71.7 65.3 67.2 66.9 70.1 75 79.9 78.6 75.2 74.5 73.3 71.1 67.6 61.7 58.7 65.7 71.9 78.3 75.9 69.5 68.8 66.1 57.2 48.9 44.9 44.2 42.1 36.3 32.3 35.9 49.1 59.4 60.6 61.4 61.5 60.7 59.6 58.5 57.4 56.2 55.3 55 54.3 53.6 52.9 51.4 49.7 47.7 46 45.4 43.5 44 44.2
95.2 90.6 89.9 89.9 89.7 91.4 91 89.8 88.2 86.8 83 78.7 70.3 65.1 64.9 63.8 61.5 56 51.3 46.3 48.8 47.9 49.8 50.9 52.7 53.3 54.7 61.5 67 70.4 73.2 72.3 71.4 71.3 67.1 66 66.7 68.3 74.2 77 77.4 76.9 75.5 74.3 72.4 69.7 66.5 62.1 67.8 74.6 83.1 82.7 76.5 72.7 70.6 62.9 51.7 47.5 45.5 43.5 37 35.4 32.3 43.6 56.8 59.6 60.8 61.1 60.6 59.4 58.3 57.2 56 54.9 54.4 53.7 53 51.9 50.8 47.7 45.9 45 44.6 43.9 43.5 43.8
96.1 89.9 89 88.9 88.3 89.9 89.1 86.4 84.9 74.7 78.8 78.3 73.8 67.7 62.8 56.1 55.9 52.9 50.6 46.9 51.2 50.2 52.5 51.4 51.7 53.7 55.9 61 65.9 71 73.9 72.3 70.9 69.8 67.4 66.5 66.8 67.7 75.3 76.6 75.4 75.8 76.3 75.2 73.4 71.6 69.7 66.4 69.8 76.1 85.5 86.1 81.1 76.2 73.2 67.1 55.8 50.8 45.8 44.2 38.7 36.1 32.3 35 52.2 59.2 60.1 60.6 60.5 59.3 58.2 57 55.9 54.7 53.8 52.6 51.4 50.3 50.3 48.7 46.8 45.1 44.5 43.8 43.1 43.2
98.6 88.8 87.9 87.5 87 87.2 84.6 83.5 85.3 86.3 85 79.1 74.2 69.9 65.1 62.6 58.7 56.1 51.3 48.2 54.8 54.8 53 52.2 52.2 54.4 55 57.6 65 69.6 74.4 73.9 72.7 68.1 66.3 65.7 66 68.4 72 73.3 73.4 73.9 74.8 75.1 74.6 72.8 70.1 66.9 70.9 77.7 86.8 88.5 84 78.3 74.8 70.1 60.2 51.9 47.1 44.3 39.7 36.7 36.2 32.3 47.6 57.8 59.7 60.1 60.2 58.9 57.7 56.4 55.2 54 53 52.2 51.7 51.7 50.7 49.2 47.7 45.3 44.1 43.5 43 42.3
