public/OST50/NY18.asc
ncols 200
nrows 200
xllcorner 310000
yllcorner 580000
cellsize 50
[rows 72 to 107 of 200, columns 81 to 161 of 200]
84.7 97.5 103.3 105.8 111.8 121 129.5 137.2 144.9 150.9 156.8 165.7 171.4 174.2 176.8 179.9 184.8 189 190.8 191.9 192.6 192.4 192.3 192.2 193.5 196.9 201.9 204.4 208.8 211.9 214.8 217.9 220.2 223.8 230.2 230.8 230.2 228.3 223.8 220.9 221.9 223.9 224.9 225 222.7 216.6 207.3 201.7 192.9 185.8 178.5 175.4 174 175.6 178.7 183.6 185.5 187.4 189.2 192.2 194.6 196.7 199 199.6 201.3 206 212.7 218.6 228.7 238.6 243.1 241.9 239.3 236.3 230.3 222.2 214.6 206.3 196.6 186.9 176.2
91.3 101.6 104.3 107.4 114.1 122.8 130.9 139 146.7 153.3 159 167.4 172.8 174.6 176.7 179 184 188.5 190.9 193.5 194.7 195.7 195.9 196.2 197.9 201.7 205.5 205.6 208 211.1 214.4 218.4 220.8 225.8 231.5 233.9 232.9 229 225.7 226.9 229.7 230.9 230.6 228.3 225.8 221.8 209.4 203.4 195.7 190.1 182.2 177.4 174.7 174.8 178.2 180.9 182.9 184.4 186.2 188.9 190.1 192.7 195.8 196.8 196.4 202.6 208.9 216.9 227.1 236.1 239 238.2 235.4 230.8 222.5 214.9 208 200.2 194 185.5 174.9
95.3 101.6 104.7 110 116.8 124 131.5 139.5 147.5 154.1 160.7 168.2 172.4 173.9 175.3 177.8 182.6 187.4 192.2 195.4 198.1 199.5 200.2 200.6 203.3 206.4 209 208.8 210 212.4 215.4 218.7 221.6 226.8 231.4 232.9 233.3 229.9 228.9 230.8 233 232.8 231.7 228.3 226 221.3 211.5 203.9 196.3 191.6 184.7 179.2 175.1 173.8 176.4 178.4 180.1 181.7 183.4 185.1 187.9 190.6 192.2 193.4 194.2 197.6 205.1 215.1 225.4 233.3 235.5 234.7 230.5 223.8 215.6 208.7 202.4 196.3 190.8 184.1 175.8
96.3 100.1 106 112.2 118 124.5 132.9 140.6 147.5 154.6 161.3 167.6 171.2 172.3 173.6 176.5 181.4 186.3 192.4 198.9 202.3 203.5 202.9 203.3 206.8 209.7 212.1 213.3 214.3 216.9 216.7 218.8 221.9 226 229.3 230.2 231.2 228.2 227.7 229.3 230.4 230.6 229.2 226 223.4 218.9 212 205 197.9 193.4 186.2 179.2 175.7 174.2 174.2 176.2 177.3 178.3 180.1 181.9 183.7 186.9 188.1 188.4 191.2 193.5 200.9 213.3 224.1 230.6 232.3 230.2 224.2 216.9 209.2 203.6 198.1 192.2 186.7 182 176.6
96.7 100.7 108 113.1 118.7 125.5 132.9 139.9 147.4 154.8 160.7 166.3 169.7 170.8 172.1 174.5 179.8 185.4 193.6 202.3 206.6 207.1 205.6 206.1 209.8 213 215.5 217.5 218.6 220.4 218.6 219 222.2 224.4 226.3 227 227.7 225.9 225.5 226.8 227.1 227.4 226.4 223.3 220.8 216.6 212.6 206 200.3 195 186.9 185.4 180.2 175.5 174 174.1 174.5 174.8 176.7 177.5 177.8 182.4 184.4 186.3 188.2 189.8 195.2 210.8 221.8 227.9 229.2 225.3 217.5 210.9 206.5 201.6 196.8 191.9 186.1 181.3 176.7
96.1 102.4 109.7 112.6 118.4 125.1 133.9 141.4 148.4 154 159.6 164.5 167 168.5 169.7 172.4 177.6 183.9 194.7 205 208.5 209.7 208.2 208.9 212.5 216.6 219.2 220.9 221 221 218.1 218 221 222.8 223.4 224.4 224.5 223.2 223.6 223.8 224 224.2 223.2 220.8 218.5 215.2 212 206.9 202 195.6 196.9 194.9 187.8 186.5 183.7 177.4 174.6 171.6 173.2 174.5 174.6 178.7 181.2 183.1 185.1 186.9 190.3 205.1 218.1 223.7 225.2 221.1 213.8 208.8 204.3 200.2 195.8 191.5 187 181.8 177.1
96.7 103.4 109.9 113.1 117.9 125 135 140.6 145.8 152 158.1 161.7 164.4 166 167.2 170.5 175.3 183.2 194 205 210 210.7 210.7 211.3 215 219.7 222.7 223.1 222.4 220.9 217 216.6 219.6 220.7 222.3 222.4 221.6 221.2 220.7 220.9 221.2 221.2 220.3 218.8 216.5 213.5 210.5 206.5 201.5 200.6 202.5 201.5 198.3 196 192.7 187.2 185 183.1 180.2 178.4 175.6 171 176.2 179.9 182.1 184.4 187.2 199.8 213 219.1 221.2 217.1 209.9 206.5 202.3 198.8 194.9 190.6 186.4 182.4 177.8
98.4 104.1 109.7 114.2 119.3 125.7 134.6 139.2 144.6 150.4 155.2 159.6 161.9 163.7 164.6 167.8 173.3 181.9 194 204.3 210 211.5 210.9 213.1 217.3 221.9 223.6 223.3 222.3 220.7 217 214.5 217.9 219.5 221.8 221.4 219.7 218.6 218 218.6 218.8 218.4 217.6 216.7 215 212.1 208.9 206.4 205.5 205.1 207.2 207.5 205.5 203.1 198.8 194.8 193.2 190 187.6 186 184.6 176.2 168.5 176.6 179.5 182.1 184.6 195.6 208.1 214 215.7 212.7 205.4 202.2 200.5 196.8 194.2 190.1 186.5 183 178.5
95.2 103.5 109 116.2 122.6 128.6 134.6 138.7 143.7 148.5 153.2 157.8 160.5 161.8 162.4 165.6 172.4 181.1 192.5 201.8 208.2 210.5 211.3 214.5 219 222.3 223.3 222.6 221.5 220.3 216.1 213.6 217 219.4 221.5 220 218.6 216.7 216.3 216.8 216.8 216.1 214.9 214.1 213.7 210.6 208.6 206.5 207.7 209.1 210.9 212.8 211.6 210.2 205.2 201.6 197.6 192.7 190.3 189.3 186.8 179.7 167.1 174.3 177 179.4 182.5 192.2 203.7 208.9 209.3 206.9 200.6 197.6 196.9 194.7 193.6 190.1 186.6 183.2 179.1
87.1 94.5 104.7 115.6 120.8 125 133.1 138.2 142.1 145.7 150.4 156.1 158.6 159.9 161.2 164.7 171.9 180.5 191 199.2 206.4 209.6 211.4 215.2 219.5 222.2 222.3 221.6 220.4 218.8 215 213.4 216.9 219.1 220.9 219.9 217.5 215 214.6 215.4 215.4 214.6 213.3 212 211.7 209.8 207.8 206.7 209.6 211.8 213.7 215.9 217.5 216.8 211.9 206.2 200.9 195.3 193.6 191.1 186.3 176 166.1 172.1 174.6 177 179.7 188.6 199.4 203.3 202.3 199.5 196.4 193.7 192.3 191 191.4 189.5 186.2 183.2 180
102.2 105.2 106.8 105.6 109.6 117.8 124 132.7 138.6 141.8 147.8 153.3 156.4 158.9 161.4 165.1 171.3 180.3 190.4 198.6 205.8 208.7 211.9 215.7 219.3 221.3 221.2 220.6 219.2 217.4 213.7 212.6 216.6 218.3 220 219.2 216.3 213.8 213.1 214.1 214.2 212.8 211.3 210.2 209.5 208.4 206.5 206.2 209.2 213.1 216.1 219.1 220.4 219.6 214.6 209.1 204.1 199.4 195.1 191.2 183.8 173.8 163.9 170.1 172.4 174.7 177.5 183.4 193.2 196.1 195.3 192.6 191.3 190.4 189.1 188.4 188 186.8 184.7 182.2 181.3
109.5 115.4 124 129 128.1 114.5 121.2 128.9 137.9 143.3 148.5 152.7 156.2 159.7 162.5 165.3 171.1 181.5 191.3 199.7 205.6 208.2 211.1 214.7 218.1 220.3 220.6 219.9 218.3 216 213.2 212.3 215.6 217.2 218.9 219 215.9 212.4 211.7 213 213.1 211.3 209.4 208.3 208 206.9 205.4 206.2 209.4 213.5 217.7 222.4 223.1 220.4 215.9 211.6 206.9 200.9 195.3 188.7 179.4 172.6 162.6 168 170.3 172.5 175.4 178.9 185 188.6 188 188 187.7 187.3 186.2 185.4 184.9 183.5 183 181.7 181.2
116.2 124.8 130.5 134.8 135.7 130.1 118.9 127.3 138.1 143.6 147.5 151.7 155.5 159.6 163.9 167.5 173.7 184.4 192.4 199.9 204.7 207.7 210.6 215.1 218.5 220.1 220.7 219.8 217.9 216.7 214.2 210.8 214.8 216.5 218.2 218.6 215.3 211.7 210.4 211.7 211.7 210.1 208.1 206.8 206.5 205 204.5 206.1 209.9 213.6 218.1 222.6 223.5 220.4 215.9 213.3 208.4 201.5 196 186.6 177.9 172.3 165.9 162.9 168 170.6 173.2 177.3 181.4 183.2 184 183.9 183.7 183.7 183.2 182.3 181.4 180.7 180.3 180.4 181.6
120.9 131.2 138.5 139.7 137.9 136 133.9 126.8 136.1 139.9 144.8 150 154 159.2 163.7 168.3 176.5 185.8 192.5 199.1 203.6 207.1 211.9 217.5 220.2 221.6 222 221.4 219.7 220.1 217.4 210.9 213.3 215.9 217.7 217.9 214.5 211.1 209.6 210.7 210.2 208.7 206.9 205.5 205 203.3 203.4 206.4 210 213.3 218.3 222.2 222.6 219.7 217.4 215.2 209.7 202.4 196.3 186.6 178.7 173.9 168.2 160.8 164.2 167.8 169.9 175.5 177.8 179.2 180.2 180.3 180.4 180.3 179.7 179 178.6 177.9 177.7 178.8 181
123.8 135.2 143.8 146.7 143.7 139 135.4 123.1 134.4 139.7 144.7 148.7 152.7 158.6 163.8 168.8 176.6 184.2 191.3 197.9 202.6 207.5 214.9 220.9 223.4 224.9 224.9 224.3 223 222.7 220.3 213.6 210.9 215.1 216.9 216.6 214.3 210.8 208.5 209.7 208.9 207.3 205.7 204.2 203.4 202.2 202.8 206 209.5 213 218 221.3 221 218.7 217.1 217.3 211.9 204.5 199.3 192 185 180.1 174.5 165.2 157.8 164 164.9 170.1 173.8 175.5 176.9 177 177 176.8 176.1 175.7 175.4 175 175.6 177.3 180.3
129 137.8 143.9 146.5 147.2 144.5 136.8 131.8 132.9 139 142.3 146.7 152.8 159.6 164.9 169.4 175.9 183 190 196.5 201.7 209.8 217.7 223.5 225.9 227.8 227.9 227 226.1 224.9 222.3 214.9 209.5 213.8 216 216.3 214.1 210.9 208.1 208.9 208 206.4 204.6 202.9 201.8 200.7 202.3 205.5 208.9 212.8 216.8 219.7 219.4 217.9 217.7 218.6 213.2 206.8 202.9 197.9 191.5 186.1 181.2 173.1 165.6 156.8 160.5 166.4 170.1 171.8 173.5 173.7 173.5 173.3 172.8 172.4 172.3 172.2 173.3 176 179
128.4 135.1 141.1 144.4 145.8 145.9 140.5 134.3 130 137.7 141.4 146.9 153.6 160.1 165.2 170.4 175.8 182 188.9 195.3 201.4 211 219.2 224.7 228.1 230.3 230.2 229.3 228 226.7 223.4 216.5 210.7 211 214.6 215.3 213.6 211.4 208.7 208.1 206.7 205.4 203.7 202 200.6 199.6 202.1 205.1 208.4 211.6 215.3 217.8 217.9 218.8 218.2 217.7 213.1 208.1 205.5 202.3 196.7 191.9 185.1 180.9 173.6 165.3 156.2 162.4 166.2 168.4 169.8 170.2 170 169.8 169.6 169.4 169.1 168.9 171.7 174.6 177.4
125.3 132.3 137.8 143.7 145 148.5 146.5 140 133.3 134.7 141 147.9 155.1 161.7 165.8 170.4 175.5 180.9 186.8 193.4 201.2 211 219.1 224.7 228.7 231.9 231.3 231.1 229.8 228.2 224 217.2 212.2 209.5 212.7 214 213.2 211 208.8 206.9 205.7 204.5 202.9 201.2 199.4 200.2 202.9 205.2 207.3 210.5 213.6 216.3 217.7 219 218.1 216.5 212.4 208.7 207.3 204.4 199 193.4 187.2 182.1 176.5 167.3 157.2 157.2 162.8 165.5 166.3 166.5 166.5 166.3 166 165.8 165.5 164.3 170.9 174.2 175.8
123.8 133.2 139.5 142.9 143.3 145 145 141.4 139.9 141.8 140.4 147.6 155.7 163.2 166.2 170.2 175.4 179.9 185.6 192 199.6 209.4 218.2 224.1 229.3 232.7 232.6 232.4 231.2 228.8 224.6 217.8 212.9 210.2 211 212.3 212.7 211.1 208.8 206 205.2 203.9 202.3 200.9 199.1 201.4 203.3 205.2 207.2 209.5 212 214.6 216.7 217.8 216.9 214.4 210.9 207 206 203.9 199 193.6 186.4 180.7 175.6 169.4 158.9 154.4 159 162.2 163 163.1 163 162.8 162.5 162.1 160.2 165.4 170 173.7 174.2
123.5 131.6 134.6 137.1 140.1 143.6 147.5 141.8 141.4 143.7 147.1 150.3 159.2 164.3 167.5 169.9 175.2 179.3 184 190 197.8 207.9 217.3 223.6 229.2 232.5 233.4 233.3 232.3 229.4 225.3 219.1 214.5 211.3 209.2 210.8 211.3 210.7 208.4 205.7 204.7 203.3 201.9 200.4 199.1 201.3 203.2 205.1 207 209.4 211.9 213.8 215.6 216 214.8 212.1 208.9 205.5 204.4 202.6 199.7 193.4 185.5 179.1 173.5 167.1 158.5 152.4 155.2 158.6 159.9 159.7 159.6 159 157.6 156.1 159.8 164.3 167.8 171.8 172.7
123.8 128.6 130.3 133 137.7 141 144.8 142.2 141.3 145.9 148.8 153.4 160.5 163.5 166.8 170 174.5 178.7 182.6 188.3 196.5 206.8 216.1 223 228.7 232.2 233.5 234 232.3 229.1 225.1 220.6 217.5 214.5 210.6 210 208.8 208.5 206.6 205.2 204.3 201.7 200.7 199.4 198.9 200.5 202.9 205 207 209.3 211.5 213.2 213.8 214.1 212.4 209.7 206.8 204.1 202.5 201.3 199.2 193.8 184.2 177.3 171.4 164.8 157.1 149.7 152 155.5 157 156.8 156.4 155.7 154.2 152.2 158.3 162.6 166.7 171 171.5
119.5 123.6 126.5 129.6 135 138.7 144.4 142.2 142.2 146 150.5 155.8 160.6 163.4 166.3 169.9 174.2 178.4 182.1 186.8 195.8 205.4 214.2 222.5 228.6 232.2 234.3 234.2 232.2 228.5 224.5 220.1 218.1 215.8 213.3 213.1 211.8 210.7 209.6 208 207 203.9 201 199.1 198.7 201.4 203.2 205 206.9 209 210.6 212.2 213.1 212.8 211 208.1 205.5 202.8 200.5 199.6 197.7 192.7 183.4 175.3 169 162.1 155.4 148.6 149 152 154.1 153.9 153.2 152.5 151.2 152.4 157.3 161 165.5 169.4 170.2
117.2 120.8 124.1 127.3 132.5 136.9 139.6 139.6 141.8 146 151.6 155.9 160.5 162.7 166 169.6 174.1 178.2 181.9 186.1 193.8 204.1 213.6 223 228.1 231.7 233.9 233.9 231.9 227.8 223.8 219.7 217.1 215.9 214.6 214.2 213.8 213.5 211.5 210.8 208.2 204.7 202.4 200.5 197.8 200.3 201.6 203.8 206.1 208.4 209.9 211.3 211.9 211.6 209.2 206.7 203.9 201.3 198.6 196.6 195.1 189.6 181.1 173.5 166.8 159.2 153.6 147.5 148.1 147.1 150.7 150.6 149.8 148.6 148.8 151.3 155.5 159 164.2 168.3 168.9
114.9 119 121.8 125.5 129.1 132.1 134.9 138.3 139 144.3 149.7 154.5 158.9 164.5 167 169 174.1 178.1 181.8 185.6 192.2 202.6 212.5 220.9 227.3 230.6 232.6 232.2 230 226.9 222.8 218.8 216.1 216 216 214.3 214.8 214.6 213.4 211.9 208.4 205.5 203.6 201.6 198.6 198.3 200.6 202.8 205.1 207.5 208.8 210.1 210.6 210.8 208.5 205.6 202.5 199.7 197 194 190.6 185.4 178.2 171.9 164.9 157.9 152.6 148.3 147.3 146.2 145.8 146.7 146.4 143.2 147.5 150.3 154.1 157.8 162.5 166.2 165.9
111.8 117.9 121.4 124 126.1 128 132.9 133.7 140.5 144.7 150.9 156.1 160.6 165.2 168.2 170.5 175.4 178.7 181.7 185.2 191.1 201.4 210.7 219.3 225.9 229.4 230.9 230.3 228.6 225.4 221.9 217.8 215.6 215.1 215.9 214.1 215 215.5 214 211.9 208.5 206.3 204.3 202.3 200 197.8 200.1 202.1 203.4 205.8 207.6 208.6 208.7 208.6 208.7 204.8 201.4 198.1 195.3 190.8 186.2 181.5 173.8 170.1 164 156.7 151.5 148.9 145.7 145.9 145.2 145 144.7 143.3 146.7 150 153.1 157 162 163.9 161.1
111.4 117.8 121.6 123.7 123 125.5 128.8 135.6 139.1 143.5 149.9 155.3 160.5 163.8 167.8 170.3 176.8 179.3 182.1 185.4 190 199.6 208.9 217.8 224.3 228 229.2 228.7 226.7 224.1 220.9 216.8 214.1 213.7 214.7 213.7 213.9 214.1 213.7 211.9 208.9 206.5 204.7 202.4 199.8 195.1 199.1 200.5 201.6 203.1 205.2 205.6 206 206.4 206.7 205 201 197.2 192.6 189.6 181.4 178.5 174.2 170.2 165 158.2 154.7 150.3 145.8 145.3 144.5 144.3 144.1 143.6 146 149.5 153.4 157.2 161.5 161 157.4
111.6 116.4 120.3 122 120.8 123.5 129.2 134.4 137.6 142.2 148 154.8 159.9 161.3 165.7 171.7 178.1 179.4 181.4 184.8 189.8 198.1 207.5 216.3 222.7 226.5 227.3 227.5 226.4 224.2 220.9 216.2 212.5 212.7 212.8 212.3 211.9 212.5 212.3 211.3 208.6 206.6 204.5 202.1 199.1 196 197.2 198.7 199.9 200.9 201.8 202.2 202.5 202.6 203.6 204.8 201.8 196.7 191.6 188.2 183.4 179.2 174.3 170.2 164.8 159.1 156.5 151.7 147 144.4 143.7 143.6 143.4 142.1 143.1 148.9 153.6 158 160.4 158.1 153.3
109.7 113.6 116.7 118.1 116.1 124.3 129.6 132.1 135.1 139.4 140.9 149.9 154 163.5 167.1 173.7 180.1 183 183.6 185.2 191.2 200.1 208.6 215.6 221.6 226 227.2 226.6 226.1 224.9 220.7 216 211.9 209.9 209.9 210 209.6 210.3 210.6 210.1 207.9 206.5 204.3 201.2 197.8 194.5 195.1 196.7 197.1 197.9 198.8 199.3 199.5 199.9 200.8 202.3 201.8 196.5 191.8 187.6 184 179.3 174.2 170.3 164.3 160.4 156.7 152.7 147.5 145.5 143.2 142.8 142.2 141.4 141.8 147 152.2 157.1 159.1 156.1 150.1
107.7 110.4 111.2 115.9 119.9 124.9 126 129.4 132.8 140.1 146.1 152 156.2 161 167.7 175.6 184.2 188.1 190.2 191.5 194.2 201.3 209.1 215.5 220.6 225.6 226.5 225.7 226.4 225.6 221.6 215.9 212.5 209.5 207 207.3 207.3 208.1 208.7 208.5 207.7 206.4 204.3 199.9 196.2 193.2 192.1 193.1 194.4 195.9 196.5 196.9 196.8 197.3 197.9 199.7 200 196.2 192.2 187.8 183.9 179.2 174.3 170.4 163.8 160.9 158 155 149.2 146.3 143.7 141.9 141.1 141.3 140.2 144.4 151.5 156.1 157.6 154.4 147.6
99.7 102.1 112.9 116.7 119.6 120 127.2 129.4 133 137.8 143.8 151.2 155.7 159.5 167.4 178 188.4 195 198.4 200.7 199.9 199.3 208.8 215 220 224.1 224.5 224.2 224.7 225.4 222.8 216.3 211.4 207.5 204 204.5 204.9 206.2 206.8 207 206.3 206.5 205.2 200.1 194.5 192.7 191.2 190.4 192 193.6 194.2 194.4 194.4 194.9 195.3 196.9 197.2 194.6 192.2 187.8 183 178.7 174.5 169 168.5 164.9 161.9 158.9 152.7 146.9 144.3 143.6 142.5 140.5 140.8 142.3 149.2 154.8 156.3 152 146.4
98.6 106.6 111.1 114.3 117 117.6 123.5 127.7 132.4 136 143.3 150 154.3 158.6 168.5 181.4 194.8 202.1 205.6 208.6 210.6 208.2 208.8 214 218.3 221.8 222.3 222.1 222.2 224.1 222.5 216.3 210.7 207 204 201.6 202.8 204.5 205.6 205.4 205.2 207.4 207.7 204.5 198.8 196.2 191.2 189 188.7 190 191.9 191.9 192.1 192.4 192.4 194.2 194.6 192.2 189.6 186.4 182 178.1 174 172.2 170.6 167.8 165 161.9 155 151.3 148.4 148.5 147.4 142.4 140.3 140.2 146 152.5 154.5 151.2 146.6
95.4 101 106.7 110.4 115.2 115.2 122.5 127.7 131 137.1 144.1 149 152.8 158.3 170.3 185.5 199.1 206.8 211.2 214.9 216.9 215.9 210.6 213 216.5 219.2 220 219.8 219.5 220.8 220.4 215.1 210.4 205.1 201.9 199.6 200.7 202.4 204.5 204.1 203.9 208.4 210.4 209.1 206.9 201.9 192.7 192.4 193 189.1 187.3 190.1 190 189.3 189.3 190.9 190.6 188.3 186.7 183.8 180.1 177 175.4 175.5 173.3 170.4 168.5 165.6 160.1 156.7 154.1 152.6 150.5 147.2 143.6 139.7 143.1 149.7 152.4 150.4 147.6
91.4 96.8 102.7 106 113.5 118.3 123.4 127.6 130.9 137.7 143.2 147.7 151.2 159.1 173 188.2 201.8 210.4 215 218.4 221 219.3 213.6 212.3 213.7 216.2 217.5 217.5 217.2 217.3 218 213.8 209.2 203.6 199.7 197.5 198.6 200.9 203.1 203.2 202.9 208 211.7 211.3 208.9 206.1 201.6 198.5 195.1 193 191.6 187.3 186.7 185.8 186.3 186.7 186.5 184.2 182.6 181.1 178.4 176.1 176.8 178 176 173.7 172.4 169.9 165 161 158.3 156.2 153.3 149.5 145.7 139.6 141.6 147.9 150.9 149.7 147.6
92.8 100.8 103.8 111.6 115.7 119.5 122.6 126.4 130.6 136.9 142.6 146.1 148.8 158.2 174.9 190.8 204 214 217.7 220.9 223.3 219.7 214.1 210.9 212 213.1 215 215.5 215.1 214.2 214.2 211.2 206.9 202.1 198 196.5 196.8 199 201.1 202 202 207.9 212.1 212.3 210.2 208.1 204.8 202.7 195.3 192.4 192.3 185 181.9 183.2 184.1 183.2 181.8 180.4 179.1 177.6 176.1 173.3 178 181.4 180.5 178.3 175 171.9 165.6 162.4 160.8 158 154.8 151.3 147.4 143.5 139.9 145.3 149.1 149.2 151
93.5 97.5 104.9 111.4 115.2 118 122.1 126 129.9 135.8 140.9 144.1 147.8 158.1 174.2 191.9 204.6 213.9 218.4 220.9 222.8 218.7 213.9 209.9 209.7 210.7 212.8 213.8 212.9 211.8 210.7 208.7 204.6 200.2 196.7 194.6 194.7 197.2 199.1 200.7 201.6 207.8 211.6 212.5 210.6 207.7 204.3 203.6 197.3 193.8 192.1 187.6 183.2 173.3 180.7 180.3 179 177.7 176.5 175.4 174 174.1 180.7 185.9 184.5 181.4 177.4 171.7 166.9 164.4 162.8 159.8 156.3 152.8 148.9 145 139.3 142.1 147.9 148.7 151.5
90 98.2 104.1 109.5 114 118.6 122.4 125.8 129.7 133.9 138.2 141.8 147.2 158.1 173.7 192.1 204.5 213.1 217 219.9 220.9 217.6 212.9 209.8 207.7 209.3 211.6 211.5 210.3 209.2 207.9 205.7 202.2 198.8 196 193.7 193.8 195.3 197.2 199.1 201.5 207.1 210.6 211.4 209.7 206.5 203.2 201.7 196.1 192 189.8 186.5 183.7 172.7 176.6 177.5 176.3 175.1 174 173 172.5 176.2 186.2 187.8 186.1 182.1 178.1 172.7 168.6 166.4 164.1 160.9 157.7 154.4 149.6 146.2 143.3 139.3 145.7 148.1 150.5
