public/OST50/NY18.asc
ncols 200
nrows 200
xllcorner 310000
yllcorner 580000
cellsize 50
[rows 144 to 179 of 200, columns 0 to 80 of 200]
43.7 45.5 45.3 45.5 45.6 45.7 45.2 45.1 45.4 45.3 44.5 44 44 44.2 44.2 44.3 44.3 44.6 45.2 45.8 46.3 46.8 47.2 47.6 47.8 48.1 48.6 48.8 48.9 49.2 48.6 49.3 48.8 49.3 50 54.1 61.1 61.7 60.1 59 58.9 59.2 59.3 59.1 59.3 60.4 61.4 62.5 64.2 65.8 66.5 65.3 62.8 60.9 60.7 60.5 63.7 59.8 60.7 56.7 56.3 56.2 59.4 64.7 67.4 67.4 67.7 74.6 75.2 75.5 75.4 77.5 78.8 80.1 81.3 82.4 83.6 85.5 88.3 91.7 94.3
44.3 43.7 45.4 45.5 45.6 45.6 45.1 44.7 45 45.2 44.7 44.2 43.9 44 43.9 44 44.3 44.8 45.5 46 46.5 47 47.3 47.5 47.8 48 48.5 48.5 48.7 48.9 48.4 49 48.8 49 50.8 54.7 60.8 62.7 61.3 60.8 59.8 59.8 59.7 59.5 59.5 60.6 61.5 62.5 63.3 64.8 65.6 64.6 63.1 60.3 59.7 59.6 61.7 58.9 59.5 54.6 54.4 58.6 65.3 67.4 68.4 67.9 68.3 74.4 75.5 75.9 76.1 76.6 78.9 80.5 81.4 82.4 83.6 86.1 89.1 91.7 94.6
45.8 44.3 44 45.4 45.6 45.4 44.9 45.1 45 45 44.7 44.4 44.2 43.9 43.9 44.3 44.7 45.2 45.7 46.2 46.7 47.2 47.4 47.4 47.7 48 47.6 48.3 48.4 49.3 48.1 48.8 48.9 48.9 52.2 54.8 61.2 61.2 60.7 60.3 60.5 60.3 60.2 60 59.9 60.3 61.2 61.6 62.4 63.8 64.2 63.5 62.5 59.8 58.8 58.6 59.9 58.2 58.2 54.4 54.1 65.8 71.8 69.2 69.2 68.8 69.3 73.7 75.6 76.6 77 75.6 79.7 80.7 81.7 82.6 83.9 86.7 89 91.6 97.5
45.7 44.8 44.4 45.4 44.9 44.9 45 45.4 45.2 45 44.8 45 44.6 44 44.2 44.5 44.9 45.3 45.8 46.3 46.8 47.2 47.3 47.4 47.6 47.9 46.9 47.8 48 47.7 48.9 48.3 48.4 49.7 53 55.8 60.2 60.6 60.9 61.1 61.2 61.1 60.8 60.7 60.5 60.4 59.7 60.2 61.2 62.5 62.6 61.4 59.9 59 58 57.8 58.1 58.2 58.2 54.2 56.6 68.1 70.5 68.9 70 69.7 69.4 74.7 74.6 76.9 77.7 74.7 80.5 81.1 81.9 82.7 84 86.6 88.7 92 97.2
45.8 43.4 45.7 45.5 45.2 45.3 45.2 45.2 45.3 45.1 45.2 45.3 44.8 44.2 44.3 44.4 44.8 45.5 46 46.4 46.8 47.1 47.2 47.3 48.2 49.1 48.3 48.2 48.2 48.5 49 49.2 48.5 50.3 52.7 54.3 58.9 61.4 62.3 61.8 61.9 61.9 61.6 61.3 61.1 60.8 58.7 58.6 60 61 60.7 59.6 58.7 58 57.4 57.7 58.1 56.5 58.3 53.2 59.2 68 68.3 68.9 70.2 71.1 76.2 78.6 78.2 77.4 78.2 79.4 81.5 81.9 82.4 82.1 83.6 85.8 88.2 91.4 96.9
43.1 46 45.6 45.4 45.4 45.3 45 45.1 45.1 45.3 45.3 45 44.4 44.4 44.4 44.6 44.9 45.7 46.1 46.5 46.9 47 47.1 47.5 48 49 48 47.9 47.9 48 48.8 49.5 49.9 52.2 53.8 54.1 61 62.6 63.9 63.5 62.6 62.7 62.3 61.7 61.9 60.6 57.8 57.4 58.9 59.4 58.9 58.7 58.4 57.9 57.2 56.7 58.6 56.8 58.9 55 61.1 67.8 67.6 67.7 71.5 73.2 79.3 76.5 77.1 77.6 77.9 80 81.2 82.2 83.2 82.5 83.6 85.6 87.9 91.6 98.2
46.4 45.8 45.5 45.4 45.4 45.1 44.8 44.8 43.8 45.1 45.3 44.9 44.6 44.5 44.6 44.9 45.4 45.7 46.1 46.5 46.8 46.9 47 47.1 47.5 48.2 48.8 47.6 47.7 47.7 47.9 48.4 50.1 59 57.9 57.8 60.4 62.7 64.4 65 63.7 63 62 61.4 61.6 60 57.1 56.7 57.4 57.9 58.4 58.2 58 57.6 57 56.6 56.9 57.3 55.8 60.3 62.9 65.3 66.9 71.8 73.5 77.1 75.5 76.4 76.7 77.1 77.5 79.9 80.8 81.3 82 82.8 83.8 85.4 88.2 91.9 99
45.8 45.8 44.2 43.9 44.7 43.2 44.1 43.3 43.8 45 45.2 45.1 44.8 44.6 44.9 45.5 45.6 45.8 46.1 46.5 46.7 46.6 46.6 46.8 47.3 47.5 47.6 48.6 47.6 47.5 47.6 47.9 48.8 59.4 60.6 60.5 61.6 62.7 64.9 66.4 64.9 63.4 62.1 61.4 61.2 59.8 56.8 56.8 56.5 56.9 57.5 58 57.8 57.8 57.8 57.3 55.3 53.8 53.5 61.2 65.6 66.6 67.5 71.6 73.7 76.6 74.8 76.5 76.9 77.3 77.6 81.5 76 81.8 82.3 82.6 83.8 85.3 88.2 91.9 97.9
43.1 42.7 42.6 42.5 42.4 43.2 42.8 42.8 42.7 42.3 44.6 45.2 45 44.8 45.2 45.5 45.7 45.8 46.1 46.4 46.4 46.3 46.3 46.4 47 47 47.1 47.3 46.7 47.3 47.2 47.8 48.3 59.5 61.1 61.9 62.5 63.6 65.6 67 65.2 63.5 62 61.3 60.7 59.4 57.6 56.6 56.4 55.9 56.6 57.5 57.5 57.7 57.9 57.2 53.9 52.9 55.6 61.9 64.1 65.4 68.5 72.3 75.5 75.2 74.1 76.6 77.2 77.5 78.1 81 75.9 82.4 82 82.6 83.6 85.2 88.5 92.1 96.8
43.6 43.2 44.9 43.7 43 44.3 44.7 44.6 44.7 42.6 45.1 45.4 45.2 45.1 45.3 45.5 45.7 45.9 46.2 46.2 46 46 46.1 46.3 46.5 46.8 46.9 47.1 47.4 47.1 47.3 47.6 48 57.3 61.3 61.6 61.7 63.3 66.3 67.3 65.5 63.6 62.3 60.8 60 58.6 57 56.5 56.2 55.8 55.6 56.5 57.4 57.6 57.3 55.3 53.2 53.7 59.7 63 64.1 67.7 69.8 73.6 76.1 74.8 74.4 76.4 77.7 78.6 79.3 80.1 80.9 82.6 82.1 82.5 83.4 84.9 87.5 92.3 98.5
44.9 44 44.7 43.8 43.7 43.6 44.6 44.7 44.8 44.3 42.2 43.9 45 45.1 45.2 45.4 45.6 46.1 45.9 45.8 45.7 45.9 46 46.2 46.4 46.6 46.9 47.2 46.7 46.8 46.9 46.8 47.3 52.8 62.8 62.4 62.2 64.4 66.8 66.8 65.5 63.6 61.9 60.3 58.9 57.4 56.3 56.1 55.6 55.4 55.4 55.4 56.8 56.4 55.7 54.3 50.8 56.1 61.9 64.2 64.6 71.3 71.2 74.3 76.8 73.9 75.4 76.4 78.5 79 79.7 80.2 80.9 82.9 82.1 82.2 82.9 84.3 87.2 92.9 100.5
49.7 45.1 44.6 44.4 44.3 44.2 44.6 44.8 44.9 44.9 42.2 45.1 44.8 45 45.1 45.2 45.3 45.3 45.5 45.5 45.7 45.8 45.9 46.1 46.3 46.6 46.8 46.1 46.5 46.7 46.5 46.1 46.6 47.8 63.5 64.6 63.3 64.4 65.4 65.9 64.8 63.3 61.6 59.3 57.7 56.1 55.8 55.5 54.2 52.1 51.2 52.4 55.2 54.1 52.8 49.5 53.2 56.2 60.9 64.4 64.8 71 72.3 74.7 77.8 73.8 75.8 77.1 78.8 80.1 81.1 80.8 80.7 82.5 82.2 82.1 82.5 84.1 88.6 95.1 100.1
50.2 49 44.7 44.4 43 43.5 43.1 43.4 44.3 42.9 43.5 45.1 44.8 44.7 45 45 45.1 45.1 45.1 45.2 44.9 45.8 45 46 46.3 46.6 44.9 46.2 50.3 47.6 46.6 45.9 45.7 46.3 59.6 66 64.6 63.8 64.3 64.6 64.5 63 61.2 58.4 56.6 55.6 55.5 55.1 54.4 51.9 50 52.1 53.1 51 49.7 53 57.8 63.6 60.8 63.2 64.7 69.9 73.5 74.4 76.7 73.7 76.2 77.7 78.1 80.1 81.2 81.8 80.8 75.6 81.7 81.6 82.3 84.3 89.1 95.1 101.2
49.1 48.1 45.1 44.5 42.4 42.4 42.4 42.4 42.4 42.2 42.2 43.2 44.9 44.5 44.6 44.9 44.9 44.9 45 43.8 45.3 45.9 46.2 45.8 44.8 44.8 46.6 48.4 48.5 46.5 46.3 45.3 44.8 45.2 57 65.8 66.4 64.1 63.4 63.5 63.7 62.6 60.1 57.1 55.5 55.2 55.2 54.8 53.9 52.2 50 50.9 51.1 49.9 52.2 59.7 68.1 70.2 66.9 67.6 65.3 68.6 74.4 71.2 73.3 74.2 76.9 77.6 78.3 79.9 80.8 81.6 80.6 76.6 80.4 81.6 82.5 83.9 88.1 93.5 100.4
46.9 47 47.3 45.2 42.4 42.4 42.4 42.4 42.2 42.2 42.2 42.2 42.2 42.2 42.2 42.7 44.5 42.3 46.2 45.6 45.6 45.6 45.8 45.7 45.4 45.8 51.4 52.2 50.4 48.1 45.6 44.8 44.3 44.2 54.8 64.5 66.6 64.5 62.5 62.5 62.6 62 59.3 56 55.1 54.6 54.4 52.6 50.2 49.4 49.9 49.4 49.2 50.2 58 67.7 68.2 71.3 70.9 70.7 67.8 66.9 74.8 73.1 73.1 75.5 76.8 77.5 78.4 79.8 80.7 81.8 80.7 78.9 80.1 81.3 82.1 83 87.9 92.8 99.4
46.2 46.9 47.3 46.8 45 42.4 42.4 42.4 42.2 42.2 42.3 42.7 43.6 43.2 45.7 42.2 44.4 45.6 45.4 45.3 45.3 45.3 45.2 45.2 45.3 51.2 51.4 50.8 47.8 45.6 44.7 44.4 44.1 44.5 50.2 61.6 66.3 65 62.3 61.5 61.6 60.8 58 55.1 54.3 53.7 52.7 50.8 49.2 50.7 51.1 50.5 50.3 50.9 60.8 65.1 70.3 71.6 69.6 69.6 69.7 66.7 74.9 72.3 74.7 76.5 76.9 78 78.8 79.7 80.7 82.1 81.2 79.2 79.7 80.8 81.2 82.6 89.3 94.5 100.5
46.2 46.9 47.5 47 46.3 45.5 44.4 43.9 44.6 44 43.2 43.3 43.8 43.9 45.1 42.2 44.8 45.4 45.1 45.1 45.1 45.1 45.1 45.6 45.1 50.6 51.2 47.5 44.9 44 43.3 43.7 43.1 43.3 45.4 58.4 65 64.6 62.1 60.8 60.5 59.5 56.9 55.1 53.7 52.3 51.3 50.6 49.4 50.9 51 56.5 57 55.4 62.6 68.5 71.8 70.9 69.9 70.5 71.7 66.2 72.9 72.3 75.4 75.8 77.1 77.5 78.1 78.9 80.8 81.2 81.2 78.7 78.7 80.1 80.4 82.4 88.2 93 99.8
46.2 46.9 47.6 47.1 46.5 45.7 45.1 44.4 44.5 44.4 44.3 43.9 43.8 44 44.5 42.2 44.9 44.6 44.9 44.9 44.9 44.9 44.9 44.8 44.7 44.6 49.5 45.6 44.2 43.4 43.1 43.4 42.7 43 44.3 52.5 61.5 63 61.1 60.1 59.5 58.7 56.5 54.5 53.1 51.7 49.6 49.1 50.4 51.2 53.4 61 62.5 61.2 65.9 70 71.7 72.3 72.9 73.1 74.5 66.5 73.2 70.6 74.8 76 77 77.3 77.5 78.4 81.6 82.3 81.9 79.8 77 79.1 80.2 82.7 86.3 91.2 98.7
47 47.2 48.6 47.6 47.1 46.5 45.8 44.9 44.4 44.2 44.2 44.1 43.8 43.9 44.7 42.2 44.2 44.2 44.4 44.5 44.6 44.6 44.7 44.6 44.5 44.4 44.3 44.2 44 43.1 43.1 42.7 42.5 44.1 44.7 45.3 50.6 59.6 59.7 58.4 57.6 57.3 56 54 52.5 51.1 49.4 50.5 50.9 51.1 57.1 65.4 65.3 66.2 68.4 71.1 75.3 74.8 75.8 76.4 73 70.2 69.2 70.8 74.3 76.2 76.2 77 77.5 79.5 83 83.6 82.5 80.5 77.8 79 80 82.7 86 89.8 96.8
47.6 47.4 48 48 47.6 47.2 46 44.9 44.3 44.3 44.2 44.1 43.9 43.5 44.3 42.2 43.8 44 44.2 44.3 44.4 44.5 44.5 44.5 44.3 44.3 44.2 43.9 43.6 42.7 42.3 42.2 42.8 44.2 45.4 45.7 45 54.4 58.5 57.1 56 56 55.2 53.2 51 49.3 48.9 50.5 50.9 51.9 60.4 65.6 66.9 70.1 71.2 72.1 76.7 76.5 78 79.4 78.2 71.7 67.1 70.9 73.5 75.1 76.1 77 78 80.1 83.4 84.1 83.4 80.2 78.1 78.3 79.2 82 85.1 89.2 94.9
48.4 47.9 48 48.1 47.3 47.4 47 45.1 44.4 44.5 44.4 44.2 44.2 43.9 42.2 44.7 44.6 44.2 44 44.2 44.3 44.4 44.4 44.3 44.2 44.1 44.1 43.7 43.3 42.3 42 43.3 43.8 43.9 46.4 47.7 45.3 48.8 58.3 56.4 53.3 54.5 54.5 52.2 49.5 48 49.5 51 51.3 55.3 62.7 66.4 71.9 72.6 72.4 74 79 78.8 79.2 79.9 80.2 76.9 67 71.2 72.1 74 76.1 76.6 77 79 80.9 81.7 82 80.4 78.1 77.8 79.1 81.6 84.8 88.5 92.8
49.2 48.5 48.4 48.4 48.1 47.9 47.2 45.6 44.8 44.7 44.6 44.5 44.3 42.2 44.2 43.9 44.1 44.4 44.1 44 44.2 44.2 44.2 44.1 44 44 43.9 43.6 43 42.2 43.3 42.8 43.9 44.6 48.3 50.1 46.2 46.3 54.7 54.5 51.3 53.9 52.9 50 48.1 49 50.3 50 51.6 58.5 64 68.1 75.6 76.1 75.4 75.8 79.1 80.6 80.4 80.3 79.6 78.2 66.9 70.4 71.3 72.5 74.5 77.7 78.3 79.1 79.8 81.5 81 79.1 78.3 76.6 79.2 81 83.6 86.4 90.1
50 49.1 49 48.6 48.5 48.6 47.6 46.4 44.9 44.6 44.6 44.6 44.9 42 44.9 44.6 44 44 44.2 44.1 44.1 44.1 44 44 43.9 43.8 43.8 43 42.1 43.4 42.9 43.6 43.7 44.5 49.6 51.1 49 47.1 51.2 53.8 50.8 52.4 51.4 49.2 48.9 50.2 51 52 56.9 60.9 64.8 69.1 78.2 79.6 78.5 77.1 79.5 81.4 81 79.2 77.8 77.1 70.7 69.8 69.5 70.7 73.8 78.3 82.8 81.3 81.5 82.4 81.2 78.6 77.8 76.7 78.9 80.1 82 84.7 90.1
50 49.4 49.2 48.7 48.7 48.4 47.8 47 45 44.5 44.2 44.4 44.6 41.7 44.6 44.7 44.2 43.9 44.1 44.1 44 44.1 44 43.8 43.7 43.6 43.6 42.6 43.8 44 43.9 43.8 44 44.6 49.6 51.3 51.3 51.5 48.1 50.8 49.9 49.8 49.2 48.2 50.3 52.6 53.3 54.1 57.9 61.8 64.8 69.5 79.6 81 80.7 79.2 79.1 81 79.6 77.3 75.9 75.7 73.5 67.8 68.4 69.1 73.4 78.4 84 84.2 85.5 83.8 80.4 78.3 77.5 76.8 78 79.5 82.3 83.9 90.5
49.9 49.4 49.2 48.9 48.2 48 47.9 46.5 45.8 44.8 44.3 44.5 44.7 42.4 44.5 44.7 44.3 43.7 47 46.5 44.9 44.5 44.3 44 44 44.2 46.8 46.7 45.2 45 44.7 44.7 44.4 44.5 48.7 51.3 51.8 51.9 51.1 49.9 49.8 49.2 48.4 50.9 54.1 60.4 60.5 59.7 62.3 62.9 61 69.3 77.7 81.1 80.8 79.7 79 80.2 79.1 77.2 74.9 75.4 72.5 67.2 67.9 68.7 73.8 78.4 82.9 83.9 83.3 80.4 78.4 77.4 77 77 77.5 79 82.3 84.1 90.8
49.4 49.4 49.2 49.3 48.2 48.3 48.1 47.5 45.7 45.9 44.1 44.4 43.3 44.1 44.4 44.6 44.5 44.3 44.6 44.6 44.2 44 43.9 43.8 43.9 42.4 46.7 45.4 44.6 44 43.9 44.1 44.9 46 47.9 48.2 50.8 52.5 53.1 52.4 51.8 51.2 50.7 56.5 64.1 65.1 66.5 66.8 64.2 65.8 64.1 67.5 75.8 81 81.6 79.9 78.3 78.4 77.7 76.3 74.4 74 72.6 67.3 69.6 68.8 73.2 76.5 79.5 81.4 81.5 79.4 77.1 76.8 76.9 77.5 77.4 79.2 81.4 84.2 90.6
49.2 49.2 49.2 49.3 48.6 48.4 48.2 47.5 45.7 45.7 46 44.8 41.6 44.3 44.5 44.3 44.3 43.9 43.6 44.2 43.9 43.8 43.6 43.1 43.7 46 49.3 46.1 45.1 44.3 44 43.8 43.9 44.1 46.1 49.9 52 52.5 52.2 51.6 49.3 48.2 50.4 61.7 65.9 67.2 68.7 70 67.5 66.2 65 65.4 75.9 80.4 82 81.2 78 76.9 76.7 76.6 74.1 73.3 72.9 70 69.4 69.5 71.6 73.9 76.3 80.1 80.4 79 77.2 76.5 76.6 76.9 77.3 78.6 81.6 83.8 89.6
47.4 48.2 49 49.3 48.9 48.4 48 47.8 47.5 43.6 43.9 44.9 41.6 44.3 44.3 44.1 43.9 43.9 43.8 45 44.2 44 43.4 42.7 43.2 46.6 49.4 47.1 45.4 44.3 43.8 43.7 43.7 43.7 44.2 47.2 50.6 52.4 51.5 51.2 50.2 48.2 53 63.6 67.8 69.3 70.2 72.2 70.2 68 65.7 65.5 74.6 78.8 80.2 79.2 76.1 75.7 75.9 77 75.4 72.4 72.7 70.4 68.8 70 72.1 73.1 75.9 78.2 79.5 78.1 76.4 75.8 75.7 76.5 77.4 78.6 80.2 83.1 87.5
46.2 47.4 48.2 48.9 50.1 50 49.3 46.9 44 43.8 44 44.5 41.6 44.1 43.7 43.2 43 42.1 44.2 44.2 44.3 43.8 43.1 42.4 42 43.6 44.2 45.1 44.9 43.9 43.5 43.6 43.6 43.7 43.9 45.5 50.4 51.5 50.8 51.2 50.4 47 56.5 65.5 70.1 71.7 72.3 72.9 71.1 68.2 64.9 66.5 73 76.3 77.3 74.8 73.8 74.2 74.1 75.5 73.9 71.7 72.1 70.9 67.7 72.8 73.5 74.4 76.6 77.9 79.1 77 75.9 75.1 74.8 76.1 77.5 77.6 80.4 83.2 87
45.3 46.7 47.6 48.6 49.6 49.9 49 46.7 44.4 43.6 44 42.2 43.8 43.3 42.9 43.3 43.8 43.5 43 41.9 44.2 43.5 42.8 42.1 41.8 42.7 43.6 44 43.9 43.8 43.5 43.5 43.7 44 44.4 45.8 51.3 50.7 49.6 51.1 50.9 47.3 55.7 65.4 71.2 73.1 73.6 73.9 72.5 68.7 65 65.3 71.1 74.4 74.8 73.3 72.6 73 72.7 74.2 73.7 71.4 70.6 70.4 75 68.4 74.4 72.7 74.8 76.3 77.4 75.9 75.5 74.9 75.1 76.4 77.4 77.6 80.5 82.9 87.1
45.6 46.5 47.1 48.2 48.8 48.3 47.2 45.5 44 43.2 43.7 41.6 44.1 43.7 43.1 44.4 44.3 44 43.7 42.7 41.9 43.5 43.4 43 42.3 42.9 43.7 43.8 43.8 43.7 43.6 43.6 44 44.4 44.7 46.6 51.7 50.5 48.6 49.3 49.2 47.6 55.3 65.7 71.9 73.6 74 73.7 72.9 69.6 67 61.2 68.7 72.7 73.2 73.1 72.4 72.4 71.6 72 71.8 69.5 68.7 67.5 70.1 69.1 72.3 71.3 72.8 74.9 75.2 75.5 75.1 74.8 75.2 75.3 76.4 76.5 79.9 83.7 88.9
45.5 46.1 46.6 47.8 47.7 47.3 46.1 44.6 43.5 43.5 41.6 44.2 43.8 43.5 43.5 44.3 44.4 44.1 44 42.9 43.6 44.7 43.4 42.4 43.5 43.5 44.3 45.6 44.5 43.5 42.2 42.4 44 44.3 44.5 46.9 51.1 49.7 48.7 48.2 47.2 48.9 56.8 68.2 73 73.9 73.7 72.9 72.3 69.9 70.2 62.3 65.4 70.4 72.2 73.1 72.3 71.7 70.3 70.1 69.7 68.4 67.8 68.8 70 68.8 69.9 70.1 71.5 73.3 74.1 75 74.6 74.4 74.5 74 73.9 76.2 78.7 84 89.8
45.2 45.7 46.2 48 48.6 46.4 45.6 44.1 43.6 43 41.6 44.2 43.8 43.4 43.9 44.2 44.2 44 43.9 43.9 43.9 41.7 44.1 45 43.6 43.4 43.4 43.2 43.1 43.1 43.1 43.3 43.1 43.4 45.6 46.3 49.3 48 47.2 46.3 46.4 51.3 59.4 69.4 73.1 74 73 72 71.1 69.7 68.3 63.3 63.2 67.5 69.6 71.6 71 69.8 68.9 68.7 68.9 68.8 68 70 71.2 71.5 71.1 68.3 69.5 72.3 73.7 74.9 74.3 74.3 73.8 73.3 73.8 78.1 78.5 82.6 88.4
45 45.5 45.9 47.9 46.1 45 44.2 44.3 43.6 41.6 42 43.8 43.7 43.7 43.8 44 44 43.6 43.4 43.1 43.6 43.6 41.8 44.4 43.7 43.5 43.6 43.6 43.4 43.3 43.7 44.1 44.1 44.3 44 43.4 45.9 45.8 45.3 46.7 50 55.3 62.4 70.3 73.9 73.6 72.2 71.2 70.1 68.5 66.7 63 60.4 65.1 68.1 69.3 68.9 68.2 67.9 68.4 69.1 69.4 66.7 70.2 71.1 70.7 69.5 71.9 69.1 71.6 73.8 74.8 74.5 74 73.3 72.7 72.8 77.9 79 81.2 87.9
44.8 44.9 45.3 45.6 44.9 43.6 43.8 44 43.4 41.6 43.8 44.3 43.6 43.7 43.7 43.7 43.2 43.2 43.1 43.1 43.5 43.3 41.9 41.9 43.7 43.7 43.6 43.5 43.4 44.3 45.8 45.3 45.4 45.7 45.4 47 45.3 47.6 47.4 48.5 53.9 60.2 65.5 70.8 73.6 73.1 71.6 70.3 69.1 67.4 65.5 63.1 58.9 62.4 64.3 65.9 67.3 67.4 67.9 68.3 69 69.6 68.4 69.3 70.3 70.7 69.2 70.7 70.2 73.1 74.3 74.1 74.3 73.3 72.7 72.1 72.2 74 78.9 80.2 86.5
44.5 44.4 44.4 44.4 44.3 44 43.9 43.5 43.2 41.6 44.5 44 43.8 43.2 42.8 43.4 42.9 43.5 43 43.2 42.6 43.1 41.7 41.6 43.7 43.5 43.5 43.4 43.3 48.3 47.1 46.5 47.1 47.3 46.6 48 49.2 49 48.8 50.6 58.5 64.1 67.4 70.8 72.1 72.6 71.3 69.6 68 66.3 64.4 62.5 61.4 60.3 63 64.8 66.6 66.8 67.1 67.7 68.4 69.2 68.4 69.3 70.1 70.8 73.3 71.3 74.2 74.7 75.9 76.3 75.5 73.6 72.7 72 72.5 73.5 78.4 79.5 85.3
