public/OST50/NY19.asc
ncols 200
nrows 200
xllcorner 310000
yllcorner 590000
cellsize 50
[rows 70 to 104 of 200, columns 0 to 79 of 200]
118.4 124.7 121.8 114.4 107.5 101.1 95.6 86.5 85.5 83.4 71.5 72.3 73 72.1 72.3 72.5 75.2 77.3 74.6 75.4 76.2 77 77.5 78.1 79.1 80.7 81.6 80.5 80.7 80.9 83.9 93.1 97.6 95.4 92.4 90.2 88.5 87.5 88.9 90.5 94.1 98.8 101.1 102.7 105.5 108.3 110.6 113.1 116.3 120.1 121.3 122.7 122.4 121 116.5 111 121.5 113 127.8 126.7 121.2 129.7 134.9 147.4 162.8 172.8 179.7 180.6 183.9 187.5 192.9 201.6 204 206.3 211.7 213.7 217.2 222.2 223.7 230
118.1 125.8 123 116.3 109.6 103.6 97.4 88.8 85 82.4 74.9 72.4 72.5 72 72.2 72.5 75.2 74.8 74.9 75.8 76.6 76.9 77.3 77.8 78.6 79.4 80.3 80.5 80.9 81.4 84.5 90.4 95.7 93.8 91.1 89.3 87.5 87.5 88.1 90.1 93.7 97 100.5 102.4 104.6 106.7 108.3 111.7 115.1 117.2 119.2 120.8 119.7 102.8 112.3 118.5 125.8 127.8 133.9 135.6 128.5 129.9 139.7 154.6 166.6 177.1 181.9 182.4 186.9 189.5 194.8 204.3 206.6 208.5 215 216.9 221.3 225.8 228.7 234.4
119.6 126 123.8 117.2 111.3 105.6 98.7 93 86.5 83.8 76.4 71.6 72.7 72 72 72.3 73.8 74.1 74.6 75.3 76.1 76.4 77 78.1 78.4 79.3 80.2 80.4 80.9 81.6 83.2 88.2 93.6 92.3 90 88.8 88.5 87.6 88.5 90 93.1 97.5 100.9 101.9 103.6 105.1 107.2 110.1 113.9 114.3 116.3 119.9 110.5 102.9 115.6 124.2 132.2 135.9 138.8 137.7 130.8 130 143.1 158.9 170.6 178.9 183.1 184.6 185.5 191.8 196.3 206.9 207.4 210.5 217.6 218.6 225 227.5 231.4 238.3
121.6 126.6 125.4 118.3 110.9 105.7 98.3 93.8 86.3 84.4 77.9 71.2 72.3 72 71.9 72.7 73.6 74 74.5 75 75.5 76 76.6 77.6 78.2 78.8 79.4 79.9 80.7 81.4 82.4 83.2 86.9 87.8 86.9 86.7 86.8 87.6 88.3 89.9 92.7 97 100 101.8 103.7 105 105.8 108.5 112.7 113.2 113.1 116 98.9 109.8 119.6 131 136.6 141.8 144.2 140.9 134.1 132.7 147.2 161.8 173.5 179.1 182.1 184 188 191.7 199 206.9 205.2 212.8 218.6 219.6 227.1 227.1 232.1 240.4
120.1 126.3 125.9 118.7 112.3 107.2 101.2 93.9 86 84 77.8 71.1 71.5 71.6 71.9 73 73.6 74 74.5 75 75.5 76.6 76.9 77.5 78.3 78.6 79.4 80.3 80.9 81.5 82.1 82.6 82.9 84.4 85.1 85.9 86.7 87.2 88.2 90 92.4 95.7 99.2 102.1 103.7 104.2 104.9 107.7 111.5 113.4 110.9 106.1 100.1 113.9 122.9 134.6 139.9 145.3 151.9 147.6 138.4 134.6 149.3 163 173.4 178 179.5 182 191 192.1 199.4 205.4 202.7 212 217.3 219.6 226.3 226 232.5 236.8
119.8 126.6 126.7 119.6 114.2 108.4 102.5 93.6 85.7 84.2 77.9 71.7 71.5 71.7 72.3 72.9 73.6 74.1 74.6 75 75.6 76.1 77.7 80.6 78.4 78.8 79.7 80.5 81.2 81.8 82.4 82.9 83.8 84.5 85.3 86 86.8 87.3 87.8 90.1 93.2 95.6 100 101.3 102.3 102.8 104.4 106.8 109.8 111.7 109.2 99.1 101.7 116.9 125.6 136.2 141.4 150.1 159.6 158.2 148.8 138.1 148.2 162.8 172.8 175.5 176.3 181.2 188.2 190.2 198.6 200.8 201.9 210.6 213.9 218.6 222.8 225.5 230.6 235.3
119.3 126.4 127.5 120 115.6 111.1 104.8 96.1 87.4 84.5 77.5 71 71.6 72.2 72.8 73.1 73.5 74.1 74.6 75.1 75.6 76.2 76.9 77.3 78.7 79.4 80.2 80.9 81.5 82.1 82.7 83.3 84.1 84.7 85.4 86.1 86.8 85.1 86.7 88.4 90.5 94.4 94.7 95.9 101 102.1 103.9 105.8 107.8 109.2 101.6 97.1 113.3 118.8 127.6 137.9 144.6 153.4 166.3 166.2 154.9 142.7 145.5 159.8 168.9 172.1 172.9 181.4 187.6 190 196.8 197 200.9 210.2 212.7 216.1 221.2 223.8 229.1 230.1
119.1 126 127.3 119.8 115.4 112.7 105.7 98 88.3 85.2 78.9 70.8 72.2 72.4 72.5 72.6 73 73.6 74.3 75.1 76 76.9 77.8 77.7 79 79.8 80.7 81.3 81.8 82.4 83 83.6 83.5 84.7 85.2 84.4 84.9 86.3 86.5 86.2 88.8 90.1 99.2 98.1 89.4 101.8 103.4 105 106.8 98.2 100.3 112.2 116.8 120.4 129.3 139.6 146.6 156.9 168.9 170 161.6 151.2 141.1 156.6 167.2 167.8 170.8 180.1 183.5 187 194.4 192.3 199.8 208.4 211.4 215.1 218.5 222.5 226.3 226.9
118.6 124.5 127.3 119.6 115.6 114 107.4 97.6 90.5 85 80.3 70.4 71.6 72 72.1 72.2 72.7 73.2 73.8 74.5 76 76.9 77.5 77.7 77.6 79.7 80.3 81 81.7 82.3 82.8 83.3 82.4 84.7 84.8 84.9 85.6 86.5 87.8 90.4 92.8 96.3 100.8 101.9 99 93.4 101.7 104 97 99.1 108.6 115.5 119.2 122.8 130.8 140.1 147.1 159.4 173.3 173.5 168.3 161.5 143.8 151.1 162.3 166 170.1 177.6 179.9 184.7 189.1 188.6 199.3 204.9 208.6 214.2 216.5 220.9 223 224.5
117.6 123.6 125.9 119 115.1 114.8 107.8 100.1 91.3 84.8 80.3 76.3 70.1 71.6 71.8 72.1 72.6 73.1 73.6 73.9 75.9 76.6 77.1 77.5 77.6 79.2 79.9 80.6 81.3 82 82.6 82.2 83.4 84.1 84.6 84.9 85.7 86.7 88.2 91.8 94.3 98.1 101.8 102.8 102.9 99.1 91.5 92.2 99.7 106.9 110.8 116.1 120.1 125.7 133.7 141 149.3 161.7 174.4 177.6 176.9 168.1 151.9 153.6 160.2 165.1 171.5 178.4 178.4 183.8 187.4 187 193.7 202.3 207 211.7 215.4 219.8 221.1 222.1
117.4 121.5 124.6 117.9 115.1 115.3 109 100.3 91.8 84.7 80.1 78.7 71.9 70.8 71.7 72.1 72.5 73 73.5 74.4 75.9 76.5 77 77.4 77.6 79.1 79.7 80.3 81 80 81.1 82.8 83.5 84.1 84.6 84.8 85.8 87.7 89.5 92.3 95.7 99.3 102.9 104.5 104.6 102.4 101.7 102.9 106.4 109.2 112.1 116.3 122.2 129.5 134.2 140.4 149.4 162.3 172.8 179.8 180.7 170.2 156.4 153.9 161 162.9 169 173.3 174.9 180.8 182.6 185.7 191.4 199.9 205.9 210.2 214.9 217.7 219.3 220.3
117.1 122.1 123.1 117.7 113.4 114.9 111.3 102.1 92.5 84.7 81 78.6 75.4 70.4 71.8 72 72.4 73.3 74.1 75 75.8 76.6 76.9 76.9 77.5 79 79.2 79.8 80.3 82 81.6 82.4 83 83.6 84.2 85.7 88.4 89.2 90.5 91.6 94.8 100.1 103 104.8 105.6 103.6 102.6 103.9 106.3 108.3 111.9 116.7 122 130 136.4 140.5 148.3 161.7 174.8 181.4 180.1 172 160.7 153.1 159.7 161.3 168.8 171.5 175 177.5 182.2 185.6 189.8 195.5 203.2 209.3 212.9 216 217.4 218
118.6 120.9 121.4 115.3 112.4 114.2 112.1 104.1 93.2 84.9 82.6 80.9 76.8 70.3 71.6 71.8 72.1 72.4 73.1 74.7 75.5 76 76.3 76.9 77.4 78.3 79.3 78.9 80.3 81 81.4 81.9 82.6 83.2 83.7 85.4 88 89.5 90.4 91.8 94.4 100.6 103.3 105.1 105.2 102.9 103.2 103.5 105.6 107.9 112.4 117.1 122.2 129.4 137.9 140.7 145.7 160.2 174.9 180.6 179.6 173 166 153.2 151.4 155.9 162.5 169 172.6 179.3 179.1 182.5 188.6 192.1 199.5 206.6 212.3 215.1 215.9 213.5
117.7 118.3 119.7 114 111 113.4 112.6 103.5 92.1 85.3 83.1 81.8 75.9 71.5 70.3 70.9 72.1 72 71.5 73.7 75.1 75.7 76.3 76.8 77.4 77.6 78.4 79.5 80.5 80.9 81.1 81.5 82.1 82.7 83.1 86.6 89.3 90.7 90.4 91.1 95.7 101.1 103.3 104.8 104.2 102.2 101.4 103.2 104.1 108.1 112.5 117.5 122 129.9 139.2 141.3 144.1 157.2 172 178.3 177.2 175.3 170.6 162.8 161.4 164 171 173.3 177.7 184.1 184.3 184.7 181.6 188.1 194.7 200 210 214.6 211.6 207.9
115.2 114.8 117.2 111.9 109.7 112.4 111.9 105.4 91.7 85.9 84.7 81.8 76.3 71.5 70 72.2 72 71.7 71.5 72.2 73.6 75.1 76.1 76.7 77.2 78.1 79.1 78.8 79.9 80.6 81.1 81.3 81.6 82 82.5 86.6 90 90.1 90.4 91.2 95.9 101.2 103.5 103.6 103.9 101.7 101.2 103.3 104.7 107.9 114.2 117.1 121.8 130.1 139.2 142 143.9 155.7 169.1 174.9 176.6 175.5 172.2 166.9 164 166.4 172.2 174.1 179.5 187.7 189 190.2 192.7 192.1 188.6 194.3 205.4 206.8 204.4 209.8
114.8 111.1 114.6 109.8 108.4 111.5 111.7 105.8 93.4 86.3 85.3 81.7 77.2 70.9 70.2 72.1 71.8 71.4 71.1 72.5 74.5 75.2 75.8 76.2 76.8 77.7 78.6 79.6 79.5 79.5 80.7 81 81.2 81.3 81.8 87.1 89.9 89.6 90.7 92.3 96.2 100.7 102.7 102.7 104 101.5 100.4 102.8 104.4 108.4 113.8 116.2 122.2 131.7 139.3 141.9 142.8 154.7 166.1 172.8 172.1 167.8 170.2 167.8 165.9 170.2 175.1 175.3 184.2 191.7 194.8 196.4 195.6 198.9 196.2 192.4 199 202.6 206.5 210.8
115.7 111.3 111.3 107.8 107.4 110.3 111.1 105.2 94.8 87.1 85.1 84.6 79 71.2 71 70.6 71.4 71 71.1 73.8 74.4 74.8 75.3 76.1 76.4 77.6 80.7 81.7 80.9 78.9 80.1 80.4 80.7 80.9 81.2 87.9 89.8 89.5 89.2 91.2 95.9 98.9 101.6 102.8 102.7 99.9 99.2 101.2 102.1 106.3 112.6 115.5 121.8 130.7 136.9 137.3 141.3 153.6 163.2 167 165.6 171.8 172.1 171.7 171.6 176.5 179.1 181.7 188.7 195 200.3 201 200.8 203.6 198.2 195 203 205.9 207.8 213.2
112.8 108.6 107.9 105.5 106.2 109.1 110.3 105.8 93.6 87.5 86.6 84.9 78.8 70.9 71.1 71.4 71 71.2 71.7 75.1 74.2 74.5 75.1 75 75.7 77.5 78.8 81.1 80.8 78.5 79.4 79.8 80 80.3 82.4 87.9 89.5 89.4 88.6 90.4 93.7 98.7 101.7 101.8 101.9 98.8 98.9 100.1 100.4 107.1 111.6 114.6 118.6 127.5 134.3 138.2 140.1 148.2 154.4 160.8 168.3 172.9 173.8 173.5 175.1 179.8 184.5 188.9 193.2 198.5 202.9 204.1 203 204.1 197.3 198.2 203 207.2 209.5 216.7
109.9 105.8 105.8 103.9 104.7 108.5 109.8 105.6 94.4 87.8 86.7 85.4 79.5 71.2 71.2 71.1 69.8 71.1 75.5 78 74.1 74.2 72.7 75.4 75.6 77.1 76.6 78.5 79.5 78.2 78.7 79.2 79.4 80.2 82.5 87.6 88.8 89.2 88.8 90.3 94.1 98.5 100.7 100.5 100.7 98 97.7 98.7 101.4 106.3 110.3 114.3 121.1 131.1 137.2 139.7 142.8 147 155.2 162.7 167.7 175.2 175.9 175.4 177.8 183 189.7 190.8 195.8 199.7 203.1 205.3 205.8 204.7 198.7 201.6 209.1 211.8 213.6 218.3
109.8 105.3 104.6 103.3 104 107.7 108.9 106.4 95.6 88.1 86.9 86.2 81.1 74.8 70.9 70.7 69.2 70.5 76.8 77.4 73.2 73.5 73.7 74.9 75.3 75.9 75.8 76.5 77.4 77.8 78.2 78.6 78.9 80 83.9 86.8 88.9 88.3 87.9 89 93.8 97.8 99.8 99.7 99.5 97.2 97.1 98 100.9 103.6 107.5 111.6 119.5 128.9 135.2 137.9 141.5 148.1 155.8 161.3 169.3 180 181.5 181.7 181.2 185.5 190.8 192.4 196.4 201.1 206.2 208.7 207.4 207.3 201.3 203.8 212 213.2 216.2 221.3
110.4 103.9 103.8 102.5 103.2 107 108.6 105.8 96.7 88.9 87.8 86.7 80.2 74.2 70.6 70.4 69.6 71.8 76.8 75.3 72.4 73.2 74.2 74.6 74.7 75.5 76.6 76.6 77 77.5 78 80 80.7 81.4 84.4 86.6 88.6 88.2 86.9 88.3 93 97 98.8 99.1 98.1 96.5 96.7 97.3 98.5 101.3 104.7 109.4 116.3 125.9 133.3 136.4 138.4 145.2 153.9 160.7 171 181.8 183.9 187.2 187.5 187.4 193.1 193.8 196.7 202.5 206.6 208.7 208.5 206.4 204.6 208.6 213.6 214.5 215.8 220.9
109.2 102.7 102.4 102.2 102.8 106.5 106.9 104.5 96.6 88.9 87.8 85.6 79.7 73.5 70.9 70.7 68.6 73.1 76.1 73.3 72.7 73.4 74.2 74.5 75 75.3 76.6 76.5 76.5 76.7 80 81.9 81.9 83.4 84.6 86.2 88.7 87.7 87.1 88.6 92.9 96.3 98.1 98 96.4 95.5 95.7 96.1 97.3 99.9 103.7 108.4 115 125.1 132 134.6 137.6 145.6 153.8 161.9 172.8 185.1 188 193.2 192.6 190.7 192.5 194.6 197.2 203.1 206 207.9 208.8 209.6 208.2 208.3 213.9 215 216.8 222.7
107.3 102.2 101.1 100.1 101.9 105.8 104.9 100.9 93.4 90.4 88.4 86.5 79.7 73.7 71.9 70.3 68.4 73.4 74.8 71.4 72.3 73.1 74 74.7 75.2 75.6 76.3 76.3 76.8 78 80.9 82.6 82.9 83.2 84 86.1 87.4 87.4 87.9 89.1 92.8 95.3 96.6 95.7 94.4 94.5 94.8 95.1 96.4 98.4 102.5 107.1 114 124.4 130 133 136.1 146.8 154.6 163.8 178.8 190.9 194 197.7 196.7 194.5 192.9 194.3 197.4 201.2 205.3 208.6 208.9 209.7 211.6 211.7 213.1 214.7 220.7 224.9
104.8 101.4 99.8 99.1 100.9 104.5 102.8 96.1 93.7 90.6 88.4 85.9 79.4 73.7 73.8 70.1 68.6 72.7 73.4 71.2 72.1 72.9 73.7 74.4 75 75.6 75.6 75.8 76.8 79.7 81.9 83.2 83.5 83.8 84.4 86.1 87 88 88.8 89.6 91.3 93.8 94.5 93.4 93.6 93.8 94 94.3 95.3 97.3 101.5 106.7 114 123.7 127.8 133.8 136.6 147.3 155.9 169.8 188.2 198.9 204.1 205.2 201.3 197.1 194.2 193.3 197.5 200.9 204.1 206.9 207.9 208.1 214.4 214.9 212.9 216.7 222.8 228.8
105.1 100.1 99.2 98.9 100.1 103.7 102.4 97.1 93.9 89.4 87 83.4 79.4 75.3 75 70.6 68.3 72.2 71.5 71.4 71.9 72.6 73.3 74.1 74.7 75.1 74.9 74.5 76.6 80.9 82.8 83.4 83.7 84.2 84.9 85.7 87.2 88.1 88.8 89.1 90.6 92.2 92.4 92.6 92.8 93 93.2 93.7 94.4 96.9 100.9 107 113.3 123.5 127.8 133 138.4 149.4 156.9 180.2 197.8 207.5 215.5 214.6 208.9 200.8 195.8 193.4 196.3 200.4 202.5 204.6 205.4 210.8 216.3 214.8 215.7 219.9 224.5 230.1
103.8 99.8 99.3 99.5 99.5 102.3 102.1 99.2 94 88.6 83.7 85.3 79.6 74.8 74.9 70.9 68.3 71.1 70.8 71.1 71.5 72.1 72.9 73.7 74.3 74.6 77 74.9 77.3 80.5 81.8 83 84.1 85.3 85.4 86.7 87.5 88.3 88.9 88.8 90.3 91.8 91.9 91.9 92.1 92.3 92.6 93.1 94.5 98.3 104.3 107.6 113.3 121.6 129.2 130.2 140.4 152.4 171.4 192.9 205.9 214.6 223.5 224.4 214.3 204.3 197.1 193.7 194 198.4 201 201.5 205.4 212.2 216.5 216.5 218.7 223.6 227.6 230.6
104.8 99.5 97.9 97.1 98.1 101.3 100.9 98.8 94.4 88.3 87.3 84.7 78.6 75.2 75.3 71.1 69.1 70.8 70 71.6 72 72.2 72.4 72.9 73.6 73.6 77.3 75.8 78.4 80.9 81.4 81.8 82.8 85.5 85.6 86.8 87.6 87.4 88.6 88.5 90.4 91 91.2 91.2 91.4 91.7 92 92.8 95 105.7 106.2 108.3 112.4 117.9 123.7 132.4 144.9 166.3 186 203.4 213.1 221.5 229.1 231.9 221.2 209.4 201.1 195.3 195 196.8 199.2 199.3 205.3 210 212.6 215.4 222.7 229 233.9 236.9
104.5 99.6 98.9 96.5 98.3 100.9 100.4 98.4 91.9 87.9 86.9 84.1 77.9 74.4 73.8 71.4 69.3 70.3 70.3 74.8 78.7 72.9 72.2 72.9 73.1 73.1 77.3 76.5 78.5 79.3 79.8 80.4 81.3 84.2 85.6 86.5 87.1 85.3 85.8 88.1 90.1 90.3 90.5 90.6 90.8 91.1 91.4 92.6 96.3 107.6 108.2 108.9 115.9 124.3 129.4 136.5 151.6 174.1 194.5 208.1 219.6 229 236 239.5 227.2 215.4 204.4 198.2 197 196.9 197.6 198.5 202.2 207.1 210.2 218.8 228.6 234.4 238.8 242.9
105.6 100.6 98.6 95.6 98.7 100.7 99.8 96.8 91.1 87.2 86.4 82.6 76.8 77.1 76.2 72.7 70.1 69.1 72.3 77.6 78.1 74.6 72.2 72.3 73.1 72.4 75.6 75.4 77.2 78.3 78.9 79.8 81.9 83.9 85.2 85.4 86 85.7 84.5 88.1 89.2 89.7 89.9 90 89.9 90.3 91.1 93.7 99.4 107.5 106.9 109.6 118.4 124.8 131 138.1 158.6 179.2 198.7 212.3 224.6 235.6 243.4 242.1 231.4 221.4 209.4 200.7 200 197.1 196.5 196.7 200.5 204.5 211.1 221.7 230.5 236.6 240.6 246
106 101.4 100.5 98 94.4 99.1 98.6 95.3 89.9 86.4 86.1 82.9 78.1 83.8 80 73.7 69.9 67.9 70.8 76.4 78.3 75.2 71.9 72 72.1 72 74.2 77.8 80.7 81.2 81.2 81.6 82.5 84.4 83.8 84.9 86.3 85.2 85.5 87.9 88.5 88.7 89.2 89.5 89.1 90.1 91.7 95.1 100.5 104.6 106.4 111.4 118.8 125.9 133 142.1 161.5 181.3 200.9 214.9 228.2 240.8 249.2 244.6 236.5 226.1 216.5 207.4 202.5 197.6 194.9 196.6 198.7 204.5 213.6 224.3 230.3 235.3 240.4 246.2
106.2 101.3 101.3 101.6 95.2 95.2 96.7 93.7 88.1 85.6 84.7 81.8 80 84.5 80.4 74.7 69.7 68.5 70 76 75.9 71.1 71.4 71.7 71.8 71.8 72.8 78.4 81.3 83.7 82.9 83.1 83.1 83.7 83.3 84.4 84.8 84.2 85.8 87.6 88.2 88.5 88.7 88.9 88.6 89.9 92.9 96.6 101.4 105 108.6 112 118.8 126.5 133.7 144.8 163.1 183.1 202.1 217.2 231.4 247 252.8 248.1 241.6 233.1 223.4 216.6 207 199.4 193.8 196.2 201.4 207.5 214.5 224.8 229.5 234 239 245.8
106.2 102.7 102.7 101.7 98.5 92.3 90.9 87.4 85.7 84.5 83 81.8 81.3 85.5 81.1 73.6 69.4 70.3 68.8 70.1 70.8 70.5 70.8 71.1 71.4 71.6 74.3 78.1 81.3 85.2 84.6 83.7 83.1 82.6 82.3 82.9 83.1 83.3 86.3 87.4 88 88.2 88.5 88.6 88.6 90.4 94 96.5 100.1 105.5 108.8 112.6 119.7 127.5 137.2 149.6 166.3 185.4 202.6 217.9 233.6 251.5 255.6 249.7 245.9 239.8 232.1 224.4 214.2 204.1 194 194.5 200.3 207.8 213.7 223.9 227.5 230 235.8 242.5
107 104.2 103.8 101.5 99.4 97 95.7 91.3 88.5 83.6 84.3 83.3 82.8 85.8 81.5 74.9 69.4 69.8 67.8 69.9 69.8 70 70.4 70.8 71.1 71.4 73 78.3 81.4 84.6 83.2 82.9 82.9 82.5 81.7 81.6 82.2 84.3 85.7 86.7 87.4 88 88.2 88.2 88.5 90.4 94.1 96.7 100.8 105.6 109.2 113.3 120.5 128.8 143 154.2 168.7 186.7 202.6 217.9 232.5 248.4 253.7 252.1 249.6 245.3 238.7 230.2 219.7 208.1 194.6 193.3 198.3 206.9 212.2 221.1 225.5 227.4 232.2 237.4
107.6 103.2 101.5 100.8 98.8 97 94.6 91.5 87 82.8 84.3 83.1 83.4 85.3 80 74 69.1 69.6 68 70.1 70.2 70.2 70.3 70.4 70.9 71.8 72.7 76.5 82.6 85.1 83.7 83.1 82.9 81.1 81 81.5 82.7 84.3 85.3 86.1 86.8 87.5 87.9 87.9 88.4 90.6 94.6 97 101.4 105.6 109.3 113.8 121.3 130.7 145.1 156.7 171.4 187.3 202.1 216.7 231.2 243.5 253 252.8 252.7 249.2 243.4 234.1 222.9 209 196.3 192.7 195.6 203.1 211.2 214.5 221.7 224.2 227.8 233.9
107.6 105.3 103.4 100.3 97.5 95.4 92.4 90.4 83.1 87.5 84.4 83.1 83.1 82.9 77.8 72.9 69.9 70.3 70.5 70.1 69.8 69.6 69.7 70 70.3 71.4 72.8 76.9 84.4 85.1 83.1 82 81.2 80.6 80.8 81.6 82.6 83.6 84.4 85.5 86.3 87.1 87.6 88.1 88.8 91.3 95 98.1 101.6 105.5 108.5 113.7 122.5 133.5 144.5 157.7 173.2 187.7 202.1 216.5 230.3 241.6 250.9 253.9 255.3 251.5 245 235.9 223.6 211.7 199.1 193.7 192.9 198.4 205.8 210.1 214.1 217.9 221.4 227.8
