public/OST50/NY19.asc
ncols 200
nrows 200
xllcorner 310000
yllcorner 590000
cellsize 50
[rows 35 to 69 of 200, columns 0 to 79 of 200]
99.4 97 90.3 90.3 94.6 94.8 85.3 93.8 82.2 78 77.3 79.1 76.7 76.8 77.4 77.5 77.6 77.7 77.6 77.5 77.4 78.3 87 96.1 106.9 110.3 112.1 115 119.6 125.6 132.2 129 129.4 127.6 123.4 129.4 134.3 133.7 129.8 127 127.5 135 140.4 146.2 153.6 164.3 180.7 196.9 212.9 236.8 263.4 274.5 281.9 281.7 278.9 275.8 265.2 248.2 234.4 221.4 208.4 206.3 212.3 228 244.8 268.9 292.3 300.6 297.5 292.7 274.6 248.1 222.6 194.5 165.5 145.3 159.1 172.7 182.3 192
101.5 97.5 95.6 92.8 95.8 97.4 97 93.4 87.8 77.3 77 77.9 77.5 76.6 77.2 78.4 77.3 77.3 77.2 77.2 77.2 77.8 86.2 95.5 105.8 110.2 109.3 113 117.7 124.3 130.6 127.3 126 124.2 120.5 124 130.9 131.6 129.2 123.5 129.7 133.8 138.5 143.9 152 160.8 178.1 194.1 211.4 237 262.7 273.8 278.4 277.4 272.9 266.1 253.9 238.3 228.6 217.1 204 202.5 211.3 228.6 244.3 266.9 288.6 297.2 295.8 290.6 271.6 245.2 220.9 194.1 165.3 144.8 157.9 172.4 181.2 192.3
102.2 99.6 97 95.6 97.2 99.9 101.3 86.7 89.8 81.7 76.9 77.1 76.9 76.5 77.3 77.5 77 77 77 77 76.9 77 83.9 94 103.9 110.5 108.1 110.3 114.4 121.7 128.8 126.8 122.3 121 119 120.7 127.3 129.1 124.9 119.7 128.4 132.8 137.1 142.9 149.9 158.9 174.9 192.8 210.7 236.9 259 270.7 274.9 271 262.2 254 242.9 230.9 222.4 212.1 203.2 198.3 213.3 229.1 245.9 265.8 283 289.9 290.2 284.7 263.8 240.1 216.7 190.3 162.4 143.3 156.9 171.3 180.9 190.4
102.7 99.6 99 97.8 98.9 101.5 103.9 98.8 88.5 82 77 77.1 77.1 76.5 77.2 76.8 76.9 76.6 76.6 76.6 76.6 76.8 82.6 91.5 102.5 109.5 107.8 106.6 111.6 120 127.3 124.7 121.4 116.5 115.2 116.1 123.8 125.8 124.4 118 127.1 131.4 135.8 141.6 147.9 157.6 171.9 190.7 209.5 235.4 258.7 271.6 277 268.4 256.4 243.3 234.4 225.1 215.2 203.9 199.6 196.2 213.5 231.6 244 263.5 280.9 283.5 282.7 274 254.6 234.4 211.7 184.7 159.1 143.5 157.3 169.2 178.8 187.4
103.5 100.5 98.7 98.3 99.5 103.4 108.1 103.8 90 84.1 76.8 76.7 76.1 75.4 76.6 76.7 76.8 76.4 76.2 76.2 77 76.7 79.8 89.2 99.7 107.7 106.4 103.5 110.4 118.1 123.2 121.7 118.9 115.6 110.2 112.6 119.5 123 122.6 115.1 125.6 130.1 134.5 140.4 146.9 156.9 169.6 189.3 210.4 234.7 257 269.8 280 271.5 257.2 243.9 232 222.3 212.3 202.6 198.1 195.1 211.5 229.7 243.8 261.2 272.6 275.6 273.8 261.9 245.9 227.9 202.9 178.1 152.5 143.3 159.2 167.9 177.5 180.7
103.8 102 99 99.8 101.3 104.7 108.8 106.7 96.5 84.4 76.5 76.8 77.1 75.1 76.4 76.7 76.6 76.3 76 77.3 78.8 77.1 80.7 87.1 97.1 105.1 106.4 100.4 105.8 113.6 118.1 118.1 115.5 112.8 107.8 108.7 114.6 119.7 121 113 124.2 128.5 133 138.7 144.8 154.5 167.7 188.4 209.9 234 256.6 265.5 278.8 272.2 258.7 245.3 232.7 221.9 211.7 201.3 196.8 191.1 209.9 227.6 241 256.7 263.8 266.1 263.9 252.7 238.1 219.6 195.5 169.2 143.9 147.7 162.2 168.9 172.2 177.5
104.6 104.1 100.8 100.4 102.4 106.2 109.8 107.8 97.9 90.1 76.3 76.4 76.7 76.8 76.7 76.7 76.5 76.2 75.9 87.4 87.1 81.4 79.4 85.1 93.5 102.9 105.2 100.2 103 109.9 114.3 114.5 111.8 109.3 106.3 105.9 112.1 117.4 118.8 110.8 120.9 126 131.3 136.6 141.7 152.2 165.8 187.8 210.5 235.4 255.5 264.9 274.1 273.8 258.7 245.3 233.5 222.4 211.7 201.1 195.8 191.1 207 223.2 238.4 249.4 256.4 259 251.4 242.2 230.1 211.8 190.6 163.3 139.7 143.3 154.6 164.6 172.4 177.9
105.6 107.3 101.8 101 102.7 107.1 109.9 108.8 101.1 92.1 83.9 76.5 76.7 77 75.3 76.5 76.4 76.1 75.9 87.3 88.2 83.6 78.6 84.2 90.4 100 104.7 99.8 99.6 106 108.9 110.5 108.1 105.9 104.2 103.8 108.3 114.9 116.2 112.7 120.7 125.6 130.1 134.8 140.3 150.3 164.2 187.1 210.7 233.7 253.3 262 269.7 273.5 260.4 248.9 236.1 222.3 210.2 198.6 190.8 190.9 206.4 220.9 234.9 244.6 249.4 251.7 243.7 233.6 221.2 201.7 178.3 157.7 139.9 151.9 158.8 169.6 171.8 178.4
105.3 109.7 103.1 102.1 102 107.6 109.6 107.5 102.1 93.4 85.4 76.4 76.3 76.6 74.6 76 75.8 75.9 75.8 87.5 88.6 79.9 79.5 83.6 89.6 96.8 101.3 97.8 97.8 102.7 108 104.1 102.5 102.6 101.8 102.1 105.6 112.6 113.6 115.9 120 124.2 128.6 133.2 138.3 148.5 165.2 187.2 207.3 228.5 246.3 258.6 267.1 272.2 261.6 248.3 234.8 221.2 207.6 194.7 187.1 189.3 203.7 214.9 229.6 238.7 241.6 243 235.7 226.8 213.3 198.9 178.1 149.2 139.5 152.5 158.6 167.5 169.9 183.4
103.8 109 105.7 103.1 103.4 107.1 107.9 105.7 100.1 92.7 91.5 82.7 76 76.3 75.1 75.6 76 75.9 75.7 76 81.3 78.7 79.9 84.1 88.6 93.5 98 96 96.6 98.3 103.4 101.6 100.3 101.4 100.5 100.9 103.7 111.6 113.7 112 118.6 123.1 127.2 131.6 137.3 147.3 163.3 187.2 203.5 220.4 239.5 253 264.6 268.2 257 242.4 229.6 218.2 203.4 192.3 184 188.9 200.7 212 225.2 234.3 236.9 238.6 229.9 222.3 207.8 192.6 172.7 143 141.1 150.2 157.4 164 173.2 187.4
103.3 107 107.7 103.1 102.7 105.4 106.5 104.6 102.5 94.1 91.1 89.3 77.9 75.7 76 74.8 75.7 75.6 75.5 75.3 75.3 76.7 79.9 84.4 88.5 92.5 95 95 93.7 95.2 98.8 101.8 99.8 99.4 99.3 99.7 101.8 109.7 107.1 114.3 117.8 121.5 125.4 130.2 136.7 145.8 160.2 182 200.9 215.8 231.6 247.7 261.7 264.9 254.5 238.8 226.8 214.1 200.9 189.4 180.4 187.6 199.4 211.7 223.2 230.1 239.3 234.5 227.8 215.8 201.9 190.3 166.4 141.8 143.4 151.5 160.4 168.6 178.4 188.4
103.2 104.7 107.8 102.5 102.4 103.7 104.6 102.6 99.9 92.6 91 89.6 84.1 75.4 75.9 76.3 74.7 75.8 75.3 75.8 75.9 75.5 77.9 82.3 86.5 92.1 92.4 93.2 89.8 91.2 96 99.2 98.5 96.9 97.4 98.5 100.4 103.4 101.4 113.4 116.1 119.4 124.3 129.2 135 145.8 157.8 175.5 195.3 211.9 227.5 242 256.5 262.8 251 234.7 223 211.6 198.7 186.3 177.1 186.3 198.5 209.9 220.3 230.5 239.6 234.6 227.8 210.1 197.1 180.3 160.9 138.6 141.5 151.9 160.5 171.5 179.4 186.7
106.8 102.2 105.4 101.7 100.6 101.2 101.6 99.9 97.5 91.3 89.6 87.9 83.2 80.2 75.5 76.3 75 75.2 75.6 75.9 75.8 75.4 75.9 80.1 84.4 88.5 88.8 88.2 86.3 87.5 90.6 89.2 91.1 92.1 94.5 97.5 98.3 104.4 108.7 113.2 115.4 119.3 124.2 129.1 134.1 144.4 158 170.1 188.3 205.6 220.8 235.2 251.3 259.2 247.3 231.3 217.3 207.8 195.5 183.6 175.4 185 197.5 208.7 218.8 233.3 236 233.2 223.5 209.1 197.5 176.5 156.4 135.3 141.4 151.4 160.8 173.5 181.2 186.3
102.5 99.8 106.4 100 99 99 99.3 97.6 95.7 89.8 87.9 86.2 84.5 81.7 75.5 75.7 75.5 74.3 75.4 75.6 75.9 75.5 75 80.8 83 84.7 84.9 84.5 84.3 89 95.1 96.2 97.4 97.1 97 98.7 99.5 104.9 109.1 110.6 114.9 119.4 123.6 129.1 134.6 142.4 156.3 168.6 181.8 196.1 214.7 229.9 246.4 252.8 241.5 227.8 211.8 202.9 192.4 181.9 173.4 183 195.2 206.1 217.6 230.6 232.4 227.4 217.8 207 193.1 171.1 152.6 134.2 142 151.7 165.3 175.5 180.3 187.5
103.8 98.3 104.6 99 97 96.9 97.1 94.5 92.4 88.6 86.4 85.2 84.2 77.1 81.6 75.3 75.9 75 75.2 75.4 75.6 75.7 75.5 78.4 79.9 81.3 82.2 82.7 84.5 89.7 95.1 96 96.6 96.7 97.6 98.8 100.2 103.2 106.5 110.6 113.3 117.9 122.7 128.3 135.3 142.4 153.5 164.1 177.1 189.7 206.1 225.1 241.4 246.8 236.7 218.6 205.7 198 190.5 178.6 170.7 181.8 193.2 204.1 216.2 227 227.8 222.4 213.6 202.5 184 164.6 147.7 133.8 142.3 154.1 170.5 177.2 181.3 188
103.9 96.8 103.1 98.9 95.3 94.5 94.4 92.4 90.9 86.9 84.9 84.3 81.5 75.9 75.5 75.7 74.9 75 74.5 75.5 75.6 75.5 75.1 77.3 79.1 79.9 80.6 84.2 85.2 89.1 94.3 95.7 95.9 96.4 97.5 98.3 99.7 102.2 105.8 109.6 112 116.5 121.4 127.8 134.5 140.5 150.8 162.2 173.5 184.2 197.8 223.2 236.4 240.2 225.8 212.8 201.6 196.4 188.6 178.6 169.7 180 190.7 202.7 214.6 223 225.4 220.9 208.7 194.8 174.8 157.3 137.3 133.1 144.9 158.6 171.4 177.7 181.4 188.1
102.8 95.5 101.1 96.7 93.9 92.2 91.4 90.5 88 84.8 81.8 80 79.5 74.5 75.1 81 75.7 75.8 74.2 75.6 75.5 75.3 74.9 76.2 78.1 83.3 81.3 83.5 84.2 88.2 92.9 95 95.3 96.3 97.4 98.2 99.3 101.6 104.4 107.8 112 116.1 121.1 126.2 132.1 138.4 147.4 158.7 169 180.2 193.9 221.9 234.3 233.8 219.7 206.3 198.6 189.1 182.5 173.4 170.5 177.3 189.8 201.8 212.7 221.2 224.1 213.8 202.5 191.4 166.4 147.9 132 135.5 146.7 162.8 173.1 177.4 180.7 189.9
100.7 95 96.3 94.9 91.4 90.4 89.1 88.2 86.4 83.4 79.9 78.4 78.1 74.7 75.1 75.5 75.3 75.5 75.8 75.2 75.2 74.7 76.2 75.3 78.7 82.4 81.5 81.2 82.4 88.6 92.3 94.8 93.1 95.3 96.7 97.8 98.7 100.7 103.7 107.4 111.9 115.8 119.8 124.4 130.5 136.6 145 155.5 165.4 179.1 191.5 216.4 229.6 225.3 212.2 200.7 191.2 185.5 178.7 170.2 167 175.4 189.1 201 209.8 217 219.2 207.5 196.9 176.8 159.6 142.7 131.6 137.4 150.7 165.8 173.2 178.2 181.6 191.2
98.8 96 92.8 92.9 89.2 88.1 86.9 86.1 83.9 80.5 76.9 75.7 75.3 74.7 75 75.4 80.3 75.2 74.1 73.2 75 75 75.1 75.2 77.1 80.3 80.5 80.2 82.5 87.4 90.1 91.9 91.7 94.2 95.4 96.7 98.2 100.1 103.2 106.4 110.3 114.9 118.7 122.5 127.9 134.2 143.7 153.5 164.7 178.2 188.3 211.6 221.1 218.6 205.9 194.5 187.2 182.5 177.1 166.7 161.9 174.7 187.9 199.6 206.3 211.1 211.2 200.4 192.3 169.9 152.9 139.6 130 138.9 156.9 166.6 174.3 178 183.4 191.9
96.3 97.3 91.8 91.2 87 86.2 85.5 84.2 80.9 78.4 75.9 74.8 74.2 74.5 74.8 75.1 75 74.8 74.1 74.3 75.5 75.3 75 74.8 75.3 77.3 79 81.3 82.9 85 87.3 89.4 91.7 93.5 94.9 96.3 97.7 99.5 102.5 103.9 109.7 113.2 117 121 125.9 133.7 141.5 150.4 162.7 174.5 185.7 205.7 210.1 208.7 198.6 188.7 183.6 179 174 162 162.5 175 189.3 198.7 203 205.8 202.9 195.4 177.9 162.7 147.5 136.4 129.5 141.1 158.9 168 174.2 175.4 183.4 190.4
93.7 96.1 91.8 90.5 85.8 84.5 83.2 82.1 79.3 76.5 74.1 73.9 74.5 74.7 74.8 74.8 74.6 80 74.8 74.9 75.3 75.1 74.8 74.6 75.2 77.4 79.7 80.7 82.5 84.6 87.3 90.8 93 93 94.5 95.9 97.3 98.9 101.9 102.4 108.6 111.9 115 119.1 125.1 131.6 138.9 148.3 157.9 169.7 181.3 196.3 198.1 197 191.8 184.4 180.2 175.5 171.3 158.5 161.4 175 188.9 194.6 199.2 202.7 198.2 189.2 171.5 157.6 144.2 128.9 130.3 142.2 158.8 166.6 171.5 176.7 185.8 191.5
89.7 93.5 92.7 90.2 86.6 82.3 81.1 80.1 77.5 75.5 74.5 74 74.3 74.2 74.1 74 74.1 74.5 74.8 75.1 74.9 74.6 74.4 74.9 75.5 76.8 80 82.7 83.7 84.9 87.5 90.7 92.2 92.7 94.1 95.6 97.1 98.3 100.6 102.2 107.1 110.1 113.4 118 124.8 130.2 135.3 144.5 154.9 163.7 175.7 187.6 192.5 190.5 187.1 180.9 177.1 172 168.6 154.7 162.1 176 187.7 192.6 197.8 198.1 191.2 179.1 166.5 153.5 139.7 127 128.6 136.5 140.9 150.8 164.9 176.6 184.2 190.6
85.6 88.1 89.5 88.8 84 81.1 78.5 77.3 76.4 75.3 74.5 74.2 74 73.9 73.8 73.9 74 75.7 74.1 75 74.1 76.6 75.1 75.6 74.7 76.4 80.9 82.8 85 86.3 87.3 90.5 92.1 93.7 94.3 95.4 96.5 97.7 99.2 101.6 105.2 107.7 111.3 117.4 123.2 128.7 134 140.7 149.9 156.5 170.6 179.7 185.8 184.7 180.7 175.9 172.2 168 160.9 152.2 165.3 178.2 186.9 194 196.1 192 182.8 172.8 160 145.7 130.4 125.1 135.1 155.8 165.1 166.7 165.8 161.6 179.7 190.4
90.9 84.4 82.4 88.4 81.9 80.1 78.9 77.9 77.6 75.3 74.4 74 73.7 73.6 73.6 73.7 73.9 73.3 74.5 74.8 74.7 78.9 75.2 74.8 74.6 77 80.4 83.4 85.7 87.5 88.2 90.1 91 92.7 93.8 94.8 95.9 97 98.4 101.6 104.1 107 111.6 116.9 121.2 126.3 132 139.3 145.8 153.2 164 172.3 177.6 175.6 173.1 170.8 166.7 162.6 150.2 158.2 168.6 178.5 185 190.5 190.4 183.9 175.1 164.7 149.6 134.2 123.4 129.3 152.4 163.1 169.6 175.3 178.8 179.8 178.7 183.2
95.8 90.6 88 87.5 83.4 81 80.4 78.7 78.1 75 73.6 73.8 73.5 73.5 73.5 73.6 73.3 74.7 74.2 79.2 74.6 78.1 75.1 75 75.3 77.6 80.1 84 86 87.3 89 89.9 91.1 92.4 93.5 94.5 95.4 96.4 98.3 100.4 101.9 106.6 111.4 116.2 119.9 125.7 131.4 137.9 143.6 150.1 159.2 165.3 169.9 167.8 166.5 163.9 161.3 157.5 147 159.2 169.1 176.7 182.4 186.8 183.8 176.8 165.8 154 138.4 123.3 125.8 145.5 159 167.1 174.8 180.9 184.1 186.8 189.2 193.8
98.5 93.3 91 87.7 87.2 80.9 79.5 78.6 78 74.9 73.5 73.6 73.5 73.5 73.5 73.8 74.7 74.7 74.7 74.8 74.5 75.1 75.5 75.5 75.9 76.9 79.1 83.4 85.2 85.9 88.5 90.6 92.3 93.2 92.9 93.9 94.8 95.7 97.5 99.2 100.7 104.3 109.7 114.3 118.7 125 131 136.6 142.3 148.6 155.5 159.3 164.5 163.3 161.9 159.5 157.4 153.2 147 158.4 167.8 174.2 179.4 180.8 177.1 168.7 157 141.3 124.4 122.8 137 155.8 163 171.1 179.6 185.5 188.9 193.6 196.9 200.5
100.5 96.7 92.2 87.8 86.7 80.1 79 78.3 77.3 74.6 73.3 73.4 73.4 73.5 73.6 73.2 74.2 73.9 74 74.2 74.6 74.5 75.1 74.6 74.9 75.6 78.7 83.6 86 85.9 88.1 90.8 93.3 94.3 93.5 93.2 94.1 95 96.7 97.8 99.1 102.6 108.2 113 117.6 123.2 128.6 134.3 139.2 146.9 152.1 155.4 157.9 158.3 156.8 154.4 151.4 149.5 146.4 156.9 165 170.3 173.6 173.9 169.4 160.8 152.5 130.7 122.3 129 148.7 159.3 167.1 175.4 183.3 189.4 194.6 198 200.7 204.3
105.3 105 96.1 89.4 87.7 86.6 79.2 77.7 76.8 73.7 73.4 73.3 73.3 73.5 73.6 73.6 73.7 73.3 73.6 73.7 78.2 73.9 74.3 74.6 74.7 76.1 78.7 83.8 85.7 86.2 87.5 90.5 93.3 94.6 93.5 92.5 93.3 94.4 95.5 96.6 98.1 102.8 106.9 112.2 116.6 120.9 126 131.2 136.1 143.8 148.5 151 152.9 152.4 150.7 149.1 148.6 145.6 145.7 154.6 162.1 166.9 169.7 167.6 159.3 150.9 142.8 122.7 126.4 140.3 153.4 162.8 173.4 182 187.8 190.3 198.1 201.1 204 207.3
108.2 107.2 100.9 95.8 92 86.5 81.8 79.3 77.3 75.8 75.6 73.2 73 73.1 73.9 73.2 73.4 76.3 73.4 73.7 73.6 74.9 74.7 74.5 75 77.5 80 84.1 85.8 86 87.6 90.8 93.3 93.7 93.8 92 92.7 93.7 94.2 95.3 97.4 102.3 106.2 110.9 115 119.1 124.4 128.8 133.8 141.2 144.3 146.5 148.4 146.5 145.2 144 144 142 144.3 153 159.3 163.6 163.5 158.2 149.7 140.5 127.9 123.2 135.6 148.5 157.6 167.6 178.8 187.5 192.7 195.8 200 204.2 207.3 211.8
111.4 112.5 107 98.1 93.3 86.4 83.8 80.5 78.4 78 73.1 73.3 73.8 74.2 74.5 73 81.7 85.1 75.6 75.1 74.2 74.2 74.9 74.8 75.3 78.9 80.5 84.4 85.8 86 88.2 92.4 93.7 93.6 93.4 91.9 92.4 93 93.6 94.3 95.7 101 105.2 109.3 113.2 116.6 121.6 126.2 131.8 138.1 140.8 142 144 142.6 139.4 140.3 141.4 135.2 142.6 150.4 155.9 157.7 155.7 148.6 139.5 129.2 122.9 132.7 144.9 154.9 165.1 174.3 185.3 192.4 196.8 200.6 204.3 205.4 208.6 216.4
112.1 107.8 102.1 95.8 97.7 93.6 86.4 81.2 81.2 80.2 73 73.6 73.1 74 74.4 73.9 83 86.8 78.1 74.4 74.4 77.6 74.3 74.7 75 78.9 80.2 84.5 85.4 85.8 89.3 94.2 94 94.2 93.3 91.1 91.3 92.2 92.8 93.4 95 99.6 104.2 107.9 111.3 114.6 119.3 123.8 130.4 136 137 138.2 139.7 139.7 135.9 134.6 136.9 130.4 139.8 146.7 152.3 150.5 145.9 139.1 122.8 122.2 130.3 144.1 152.4 160.8 170.4 180.7 190 195.8 200.2 203.6 206.1 208.6 213.4 217.8
111.4 112.7 109.7 102.9 97.7 93.9 86.2 83.1 82.3 84.6 73.5 74 74.1 72.1 72.6 73.2 80.2 86 81.7 73.7 73.9 74.7 75.1 75.2 76 79.1 81 83.7 85 86.2 89.6 94.5 96.3 94.8 93.6 91.1 90.6 91.4 91.6 92.5 94.5 101.2 104.4 107 108.4 112.7 116.8 121.2 128 132.9 133.7 133.8 135.1 136.1 133.1 132.7 131.9 131.5 138.3 143.6 145.5 141.5 132.8 117.1 123.6 131.8 142.8 154.5 163.1 167.6 174.6 184.9 193.6 198.8 202.8 205.8 208.2 213.7 218.2 220.1
114.1 119.1 115.5 107.4 98.2 97.2 87.9 85 85.3 81.1 72.7 71.1 71.9 73.2 72.5 73 74.6 84.6 77.4 74.5 74.4 74.9 75.8 75.8 75.5 78.5 80.6 82.7 84.4 84.8 89.1 96.3 99.1 95.8 94.4 91.5 89.7 89.8 90.4 92.2 94.8 102 103.5 105.8 107.4 111 114.8 119.1 124.2 129 130.4 131.8 133.1 132.3 129.3 129.9 126.4 130.9 137.2 139.8 136.8 125 116.6 122.9 131.7 141.8 154.5 164.5 169.7 173.2 181.8 189.3 195.4 201.6 204 206.9 210.8 215.3 219 221.3
115.8 121.7 117.5 110.7 103.5 98.7 91.8 86.3 85.6 83.4 71.8 72.9 72.7 72.5 72.2 73.5 74.7 74.3 73.9 75.3 75.1 75.3 77.6 76.1 76.6 79.7 81.6 80 83.1 83.3 88.3 96.1 98.8 96.6 94 91 88.9 88.8 89.5 91.1 95 101.2 102.9 104.6 106.8 109.9 113.1 117.3 121.6 125.7 127.7 129 130.3 130.1 127.3 127.7 122 122.6 131.4 126.2 117.3 116.1 122.9 128.1 138.5 151.4 165.2 173 175.8 179.9 186.2 192 198.4 202.4 204.1 209.5 213.7 216.5 219.5 222.4
116.9 123.9 119.6 112.7 106.4 99.8 94.9 86.3 87.3 84.7 71.6 72.5 72.4 72.3 72.1 73.8 78.8 76.1 74.1 75.6 75.7 76.4 77.2 77.4 77.7 80 82.2 80.2 81.1 81.9 86 94.3 98.7 96.4 93.5 90.6 89.2 88.1 89.2 90.9 94.7 100.7 102.3 103.5 106.4 109.3 111.9 115.3 119 122.9 123.9 125.8 126.8 127 123.4 125 124 114.5 114.1 114.7 118.3 124.1 127.5 136 151 165.3 174.5 177.4 178.3 183.1 189.7 196.8 202.2 203 206.9 212.3 214.6 218.3 221 225.5
