public/OST50/NY19.asc
ncols 200
nrows 200
xllcorner 310000
yllcorner 590000
cellsize 50
[rows 35 to 69 of 200, columns 80 to 159 of 200]
202.5 210.9 215.4 217.7 219 224.1 228.6 231.5 239.4 246.5 255.9 263.8 271.2 282.8 309.4 332.4 351.1 368.2 380.8 388.9 392.4 399.4 411.1 421.4 432.6 443 451.6 457.6 457 455.2 450.7 446.9 444.6 442 438.7 434.2 430 425.7 419 411.8 403.5 391.1 378.5 369 364.2 360.5 356.2 354 356.8 363.1 365.7 360.3 355.7 349.3 340.5 333.1 324.9 316.6 307.9 297.3 284.8 277.3 273.6 272.2 276.8 287.5 298.1 306.4 312.9 319.3 327.3 334.6 334.5 334.8 336.3 339 341.7 344.4 349.5 354.9
200.8 206.8 206.8 211.5 212.7 216.2 220.9 227.5 234.1 242.7 251.1 258.2 267.6 285.7 310.1 328.8 345.7 362.5 375.5 383.1 378.6 393.9 406.5 416.5 428.2 440.3 448.8 453.4 454.9 453.1 446.8 441.3 437 434.1 431.2 431.2 425.2 420.1 414.4 409.7 399.8 386.3 380 373.6 367.1 361.2 358.5 354.8 352.7 356.5 358.5 359.2 357.9 354.5 346.2 338.3 329.2 318.1 308.3 298.6 287.6 275.4 271.7 269.4 282.7 288.6 295.1 302.1 306.7 312.3 320.7 325.5 328.8 328.9 334.2 336.3 340.5 346.1 354.6 359
194.4 199.5 201.2 203.9 207.2 211.6 217.1 221.9 230.4 237.7 245.6 254.2 268.2 287 306.7 323.1 339.8 356.7 371 375.7 368.7 389.1 400.8 410.9 423.3 435.1 444.2 449.1 451.4 449.2 443.5 437.7 431.9 428.2 423.9 419.6 417.7 418.1 413 409.4 400.2 394.6 390.2 384.9 378 369.7 362.3 355.4 351.2 350.2 353.4 358.9 363.4 357.7 350 341.8 331.3 320.2 310.8 299.3 288.5 278.2 269.1 270.5 282.9 287.5 292.5 297.2 301.3 306.7 314 320.9 321.4 329 329.7 337.2 344.2 355.1 364.4 368
189.4 193.1 197.6 200.9 202.7 204.2 211 217.3 222.9 232.3 241.6 253.5 268.2 283.6 298.7 316.1 333.3 349.9 363.1 362.9 359.1 378.1 390.1 402.6 417.4 430.1 439.8 444.8 447.2 445.8 440 434.2 428.3 422.8 418.5 413.3 410.7 411.1 410.7 408.1 407.7 405.2 402 397.4 388.2 379.1 369.4 356.5 352.2 348 349.2 358.2 364 363 354.4 343.5 331.9 321.6 310.9 299.6 287.8 279.1 268.4 272.7 281.8 285.9 290 294.4 290.1 297.4 308.8 318.3 323.8 332.5 341.1 349.8 356.7 363 370.5 375.4
180.6 185.5 190.1 191.6 193.9 198.1 202.9 211.3 222.3 230.4 240 253.5 264.7 272.7 288.9 306.5 325.3 341.9 350.4 344.1 344.7 355.6 375.3 391 407.5 426.2 436.3 441.8 443.7 441.8 436.5 430.6 423.5 417.1 412 406.3 403.2 405.2 407.9 407.3 409.3 412.5 410.9 405.1 395.6 385.5 376.7 362.4 352.7 347.8 346.1 356.2 365.4 366.6 362.3 348.4 335.5 322.7 311.6 300.4 290.3 280.5 267.4 268.7 278.6 283.7 277.4 289.9 294.9 300.1 309.3 318.8 333.7 346 354 360.9 367.9 371.3 375.8 379.6
184.8 194.1 200.5 206.7 207.7 208.8 210.2 209.1 217 226.3 239.7 253.5 262.2 269.9 280.8 297.7 314.7 328.1 331 317.1 343.8 366.4 388.8 404.6 417.2 427.9 435.2 439.1 439.3 436.8 432.2 426 418.3 412.4 405.2 398.9 393.5 398.2 401 404.3 408.5 413.8 414.5 408.7 399.6 385.9 374 364.3 350.1 345.7 344.2 356.3 367.5 371.6 369.2 358.1 339.6 326.8 315.4 305.7 295.4 286.2 270 267.5 270.8 272.7 280.5 285 288.9 297.2 311.3 328.3 343.7 355.6 365.5 372.4 376.4 378.4 379.4 378
187.5 197.8 205.3 214.1 218.3 220.7 222.6 224.6 221.6 224 239.8 250.9 261.8 271.1 277.9 287.1 299.1 307 301.6 321.1 347.5 371.8 395.6 408.7 420.6 428.9 433.9 435.8 435 433 428 422.3 415 408 397 391.1 383 387.9 390.9 398.9 405.3 411.7 414.6 409.8 400.9 386.3 372.4 357.8 346 344.6 344.2 358 364.6 374.4 374.6 365.9 352.4 334.6 323.8 311.5 298.4 288.6 282.1 266.4 267.8 271.1 276.6 281.3 285.4 298 315.2 333.6 350.5 365.2 373 378.1 381.6 382.1 378.8 374.2
193.2 202.6 209.2 218.6 225.5 229.2 231.7 233.5 235.8 239 231.9 243 252.6 258.7 267.5 270.6 282.6 295 307.7 327.4 354.1 377.9 396.5 408.6 418.5 426.3 430.6 431.9 431.2 429 425 420 412.2 404.1 391 380.5 374.4 376.2 381.6 390.8 400.5 407.3 410.9 407.8 398.9 385.4 369.2 354.8 343.6 342.4 343.9 358 368.6 377.7 379.1 372.2 360.8 345.4 328.5 317.8 304.5 293.5 282.1 274.2 265.5 266 270 279.7 284 297.8 315.1 333.5 352.1 367.6 375.4 379.9 381.1 381.5 377.2 370.1
195.8 204.9 212.8 222.8 229.4 234.7 237.8 241.1 245.6 248.7 252.5 249 253 264.3 275 284.9 291.9 298.6 311.7 336.7 362.5 380.5 393.4 404.7 413.3 420.2 424.5 427 427 424.9 421.6 417.6 410.6 401.2 389.3 377.6 370.4 371.5 374.9 383.4 392.5 399.3 402.9 399.3 392 379.4 361.4 346.1 341.8 340.8 343.9 357.7 369 380.8 382.8 377.7 367.3 354 336.8 322.3 310 297.9 285.8 276.5 264.7 264.6 266 277 287.2 299.8 313.8 333.1 352.1 365.5 371.9 374.6 377.7 377.7 373.6 367
196.4 206.1 213.1 223.4 230.3 237.6 243.3 247.9 251.7 256.5 260.9 262.6 266.3 265.8 269.6 281.6 293.6 296.1 323.8 347.4 366.8 379.2 389.3 397.8 404.6 411.4 417.3 420.5 422.2 422.5 419.2 415.2 408.2 400.4 388.7 376.7 368.8 366.2 369.5 376.3 384.2 391.9 397.4 396.5 390.8 374.6 355.1 341.8 340.1 339.8 344.9 359.7 371.5 382.4 385 382 372.7 359.1 343.6 325.6 313.6 299.1 288 278.3 264.9 264.6 266.8 281.7 290.1 299.3 313.7 332.6 348.6 361 365.7 367.9 369.6 372.6 368.1 362
197 204.5 212.9 223.7 228 236.5 241.3 248.4 252.3 258.8 265.4 268.3 278.4 284.2 287 298 311.2 319.8 324.9 352.3 365.5 375 383.1 390.4 395.8 402.1 408.7 415.1 418.7 420 417.3 410.9 404.8 397.6 386.1 375.4 367.4 362.5 365.5 371.2 378.5 386.8 394.1 394.1 387.5 370.9 348 339.5 338.1 340.4 347.2 362.7 373.3 383.9 386.9 384.7 375.7 361.9 346.2 326.8 312.7 299.3 288.7 279.8 265.2 261.9 268.8 282 291.2 300.2 314.1 330.9 346.9 354.6 358.5 360.8 362 359.3 354.8 349.1
196.3 204.1 211.8 221.6 226.2 232.4 239.6 246 254 260.8 267.5 276.1 288.8 299.5 307 315.5 330.5 338.1 343.1 355 365 371.1 376.6 382.5 389.3 397.9 404.9 411.6 416.3 416.7 412.5 405.5 399.3 392.5 383.2 372.7 364.9 359.7 362.9 366.4 373.5 382.9 392.2 393.1 385.3 367.5 344.5 338.6 337.6 340.4 350.3 364.5 375.9 385.3 388.3 385.8 378.4 362.7 344.9 325 311.2 297.9 287.6 280 268.3 261.1 269 282.3 292.1 300.7 314.1 329.2 341.3 347.7 351 351.7 350.3 347.1 343.3 339.3
193.6 203.9 209.8 216.4 224 230 238.2 245.5 255 263.6 271.7 283.9 296 307.9 317.1 326.7 337.8 347.1 352.9 357.6 362.6 368.4 375.6 383.9 391.3 399.2 406.5 412.8 415.6 413.7 407.4 400.4 393.2 385.7 377.5 367.3 360.6 357.9 359.7 363 370.7 378.3 391.3 391.7 383.1 362 342.9 338.1 337.3 341.5 353.4 366.9 378 385.7 388.3 386.7 379.1 360.9 341.9 322.8 308.8 297 287.1 277.2 269 261.5 271.8 282.1 291.8 300.2 311.6 326.2 334.9 338.8 341.3 341.8 340 336.1 331.6 329.6
195.3 205.1 210.7 219.4 224.6 232 239.8 247 256.2 265.5 276.3 288.3 298.9 314.8 327 335.9 344.8 350.9 356.9 362.2 368.3 375.2 383.5 392.2 398.8 407.3 413 416.8 416.2 411.4 403.6 395.7 386.8 379 370.3 361.8 356.2 354.5 357.9 362 368.9 377.1 389.7 390.4 381.5 358.8 342.9 337.1 335.5 342.8 355 369.2 379.6 386.6 387.9 385.2 378.8 358.9 339.7 323 309.1 295.9 286 279.2 262.3 260.3 272.1 281.8 290.8 300.7 310.4 319.9 326.5 329.6 329.9 330.3 328.5 326.2 324.3 323.2
196 205.3 210 218.8 227.6 233.5 241.4 249.6 257.8 266.6 277.8 289.3 301 318.6 328.1 341.1 350.2 353.3 357.3 363.3 370.1 378.9 388.7 397.3 404.7 412.3 418.3 420.7 417.9 411.4 402 389.6 379.1 371.2 365.2 358.2 354.5 351.3 357 362.7 369.2 380.2 388.5 390.4 379 357 341.3 336.1 334.3 343.8 355.7 369.2 380.2 386.3 387.9 386.1 380.2 363.7 341.3 323.8 310.8 296.1 284.9 278.9 260.3 259.8 276.2 281.8 288.7 298.2 307.7 313.7 317 319.5 320.5 321.2 320.6 319.5 318.4 316.7
198.3 204.8 212 220 228 232.7 242.6 250.6 258.4 267.7 278.1 288.5 302.7 317.1 328.4 342 348.1 352 356.4 363.2 371.8 382.5 391.4 399.2 406.4 413.3 419 421.3 418.4 411 400.5 389 377.1 368.1 361.5 356.2 352.8 350.9 357.4 362.9 372.6 385.3 389.3 389.1 377.3 355.5 339.8 335.4 334.1 342 353.6 367 377.9 386.7 389.3 388.1 383.7 371.3 348.9 327 313.1 297.6 286.7 277.4 263.4 259 274.6 279.6 286.5 294.7 302.4 306.6 309.3 311.6 312.7 313.9 314.3 314 313.6 313
200.8 204 212.3 220 225.5 233 242.2 248.7 257.1 265.9 276.3 288 301.8 313.1 325.9 337.2 343.3 350.1 355.5 362.7 372.2 382.5 390.6 398.2 405.7 412.4 417.7 421.2 418.5 411.7 403.4 393.8 381.8 370.9 361.5 354.3 349.9 352.2 357 363.7 374 386.5 387.4 387 376.1 355.1 339.8 334.8 330.6 339.7 348.8 364.4 375.9 385 389.2 389.5 385.3 376.5 356.4 333.9 317.6 302.2 289.3 278.6 262.6 257 271 276.9 283.6 290.9 296.5 300 302.2 304.3 307.3 308.9 309 309.8 309.9 313
198.6 203.3 210.9 219 224.2 231.8 239.6 246.1 254.4 263.3 274.4 286.1 295.5 306.8 318 325.8 338.8 348.8 354.8 361.6 371.6 380.3 388.3 396.4 404.6 411.2 416.4 420.5 419.5 414.3 406.7 398.9 387.4 374.9 362.4 352.3 345.9 351.2 356.5 364.9 373.5 383.6 387.3 384.8 374.5 353.7 338.9 335.2 328.5 336 345.4 360.2 371.1 381.6 388.7 390.3 388 381.9 363.8 342.6 326.4 307.7 292 278.1 260.8 256.5 270.1 275.2 280.2 285.9 290.4 294.1 297.6 300.6 303.3 304.3 305.3 302.5 308.8 311.6
198.2 203.1 210.4 216 222 230.4 238.8 245 252.6 262.6 268.9 275.2 291.8 305 321.4 336.8 346.5 350.9 354.1 360.9 369.2 377.5 385.4 393.6 403.3 411 415.6 419.3 418.9 414.5 408.5 399.9 388.6 375.8 363.1 351.6 344.8 349.2 355.9 364.4 374.1 382.8 385.7 383.6 374.1 352.2 337.7 333.9 327.5 332.6 342.6 355.8 368.1 379.5 388.2 389.7 389.8 387.6 372.6 347.8 334.8 313.4 297.1 281.5 261.6 255 268.3 274.1 278.8 283.3 286.4 289.5 294.1 296.9 299.9 301.1 299.8 304.7 306.4 309.1
196.5 203.7 209.3 215.4 219.8 228.6 237.4 241.8 249.8 258.4 272 283.3 295.4 308.1 327.6 344.4 350.2 352 353.1 356.3 364 372.4 381.3 391.2 401.2 410.2 415.3 417.7 416.1 412.3 405.7 397.2 387.6 375.9 363.3 350.7 341.8 346 352.8 361.6 370.4 379.9 384 382.8 372.6 352.2 335.9 332.4 327.4 330.5 340.5 353.3 366.4 376.8 386.8 389.4 390.5 388.7 377.7 356.5 341.2 320.8 302.2 287.1 266.1 255.5 258.9 272.2 276.4 280 282.9 286.4 290.1 293.6 296.4 292.8 299.8 302.9 304.2 307.1
197.9 204.5 210.2 217.2 225.3 233.2 238.1 246 251 258.3 270.7 283.4 297.8 311 331.1 348.7 353.4 352.1 350.4 351.8 358.1 368.8 379.5 389.6 399.3 408.3 412.8 414.9 413 408.4 401.3 393.5 384 373.5 361.9 350.6 341.8 342.8 349.9 358.1 367 377.2 381.6 379.6 369.3 350.6 333.8 331 324.5 325.2 340.9 351.9 363.7 374.9 383.2 387.5 390.4 389.2 382 364.1 347 330.5 309.6 292.9 276.8 254.9 254.8 267.5 274.9 278.4 280.8 283.8 287.1 291 291 295 296.2 297.3 303.2 307.4
198.1 204.6 212.1 218.7 226.6 234.2 240.7 244.6 249.6 257.7 271.4 283.8 299.2 312.9 333.4 346.7 353.2 350.4 347.8 347.1 353.9 361.4 378.1 388.2 397.6 406.1 411.7 412.8 410 404.6 397.1 389.3 379.6 368.9 358.2 347.9 342.2 338.6 346 353.4 360.9 370.9 374.9 373.5 364.7 345 332.4 329.3 322.5 328.8 340.5 349.1 361.8 373.6 380.4 384.9 389.3 387.9 380.6 367.1 351.4 339.9 320.2 300.3 284.1 269.4 255.8 259.2 272.5 274.9 278.7 282.2 285.2 289.6 286.3 289 295.9 300.7 307.2 314.9
196.8 202.4 212.9 219.9 226.9 234.2 239.2 242.1 246.5 260.3 270.4 285.2 299.5 313.6 329.5 342.9 349.2 348.3 343.5 341.8 350.9 367 379.3 389.1 398.2 405.8 411 411.3 407.5 401.9 394.3 385.2 374.9 364 353.9 346.5 340.8 336.9 341.9 348.4 355.4 365.2 369.8 365.4 354.3 340.3 330.8 327.3 320.6 330.6 337 347.1 361 371.3 378 381.4 383.6 382.7 374.4 362.4 351.1 343.8 325.6 304.2 288.1 272.2 259.8 253 263.2 274.1 277.8 281.4 284.1 279 289.7 294.1 298.9 304.9 312.2 319.7
189.1 194.7 209.1 220.9 227.7 234.5 236.7 239.2 247.8 258.6 270.5 285.8 298.2 311.7 326.2 338.3 343.4 343.6 338.8 340.5 351.3 366.3 380.3 391 399 405.6 409.9 409.2 406.4 400.9 392.3 382.6 371.3 358 348.9 344.6 341.1 335.8 339.4 343.1 349 357.8 362.5 351 341.5 335.7 329.2 325.3 319.1 328.8 335.4 346.2 359.1 368.6 372.2 373.6 372.4 368 360.2 353.6 345.9 336 318 302.6 288.4 273.4 262.1 251.2 266.7 270.4 265.5 269.4 281.6 286.1 290.4 296.5 303.1 310.7 318.4 326.1
198.9 205.3 199.4 213.2 225.9 231.2 236.1 239.3 246.7 258.8 271.8 284.5 296.3 307.7 321.8 331.8 337.7 338.9 331.1 338.8 351 366.7 381.9 391.1 397.9 403.2 407.3 406.5 404.4 398.9 391.3 382.2 369.7 356.9 347.7 344 339.6 334.7 337.2 340.4 344.4 349.4 347.5 339.6 335.4 330.1 326.6 322.3 320.7 327.8 333.9 342.4 351.6 357.1 357.3 360 357.2 352.8 345.8 340.9 334.5 323.9 309.2 297.9 285.8 274 261 250 260.2 271.1 276.6 280.1 283.7 287.9 294.7 301.1 308.2 314.9 323.6 332.3
205.2 211.3 216.3 207.9 221.9 231.7 236.9 242.1 247.8 259.8 271.8 283 292.1 301.9 314.3 323.2 329.3 331.3 328.2 339.7 351 367.7 379.5 387.9 394.9 400.5 403.6 404.1 401.8 396.5 390.6 382.8 373 361.3 350.3 342.7 338 332.3 334.5 337.2 338.8 339.9 336.4 334.5 332.4 327.5 322.9 318.1 320.8 325.7 329.6 335.9 338.5 341.7 344.2 340.7 340.7 338 332.6 327.7 322.9 312.3 301.6 293.2 282.9 271.4 258.5 247.5 266.1 272.6 277.3 281.8 285.6 292 298.8 305.6 312.5 320.5 329.3 338.1
210.8 217.2 221.9 224.8 227.3 223.1 233.8 240.8 249.5 259.8 270.1 280.4 286.9 296.1 305.5 310.1 309.9 315.3 328.3 339.2 349.3 363.6 374.5 382.6 391.1 397.4 400.1 401.6 399.2 395 389.5 384.8 377.3 368.4 356.6 346.8 339.4 333.3 330.3 333.7 334.4 333.7 331.1 330.8 329.9 326.3 321 316.9 315.9 320.7 323.9 325.7 326.7 326.8 322.7 321.4 319.6 317.7 317.5 315.1 312.8 303.5 295.5 285.2 275.7 265 254.9 247.1 263.2 271.9 276.6 283 289.3 296 303.1 309.8 317.4 325.2 334.3 342.1
215.7 222.1 226 228.6 231.7 236 238.4 239 240 257.2 263 272.3 269.7 284.5 287.3 299 317.3 329.5 332.3 336.1 343.3 355.8 368 379.2 387.8 393.8 397.5 398.6 396.1 392.5 388.1 382.9 377.9 371.7 361.4 352.7 344.5 337.6 329.9 327.9 331 330.5 328.8 328.5 328.3 325.8 320.3 315.8 311.3 313.7 314.5 314.3 314.6 312.9 311 307.2 302 298.8 298.5 300.4 299.6 294.2 286.5 276.6 267.8 256.1 247.1 259 266.9 272.3 280.6 287.5 292.8 300 308.2 316 323.5 331 339.1 345.7
219.5 224 227.7 231.3 235.6 241.2 246 247.7 250.7 258.8 264.3 273.9 281.9 289.8 295.8 307.3 324.6 337.5 339.5 338.1 341.5 348.1 360.7 374.1 383.4 389.7 394 396.3 394 390.1 384.1 378.8 375 371.8 364.6 357.5 349.6 341.7 334.7 325.4 324 326.7 325.9 325.8 325.7 325 320.2 315.7 313 310.3 306.9 304.7 301.7 302.8 299.9 296.7 287 285.5 287.3 288.9 286.8 283.1 277.7 269.3 261.5 245.8 253 263.2 270 278.3 288.7 295.8 297.4 305.4 311.8 320.8 327.8 334.9 342.2 348.1
221.5 224.4 229.1 235.3 241 246.8 251.3 255.3 260.5 256.1 261.9 269.1 275.6 285.2 295.4 315.1 333.5 343.5 345.6 342.5 339.9 342.9 353.7 368 378.4 385.8 392.1 394.7 392.2 386.3 380.5 377.1 373.4 370.7 366.2 359.5 351 344 337.3 330.3 326.3 322.8 323.2 323.3 323.5 323 321.3 319.5 318.2 316.6 315.7 312.9 309.3 300.4 297.6 298.6 295.2 281.2 270 270.1 276.5 276.4 269.1 261.9 247 248.8 259.6 267.2 275.9 288.3 299.5 305.9 308.1 311.4 318.2 325.1 331 336.9 342.9 349.5
221.6 225.5 232.5 238.3 244.7 251 255.8 261.2 265.7 265.3 265.9 269.2 275.1 285.9 302 326.8 340 349.4 350.6 344.7 338.3 337.5 346.5 360.8 372.2 380.9 390 392.6 391.1 383.2 377.9 374.7 371.5 368.7 364.9 357.7 350.9 344.5 337.2 329.7 326.1 321.8 320 320.4 321 322.1 322.7 322 322.4 321.7 320.1 317.6 313.7 312 309.7 306.7 302.7 295.1 291.2 278.6 266.7 256.5 256.3 249.6 246.2 253.6 262.1 272.6 284.8 300.8 309.7 314.8 317.9 318.5 323.7 329.4 333.2 338.3 344.6 351
222.3 228.4 234.9 241.9 248.4 254.9 262.9 269.2 273.8 275 276.3 278.3 283.1 296.1 313.4 329.6 344.7 354 355.5 347.1 337 335 339.6 353.9 366.3 376.9 386.7 390 388.9 381.7 375.1 371.3 367.8 365.1 361.3 355.9 350.2 344.3 336.6 329.5 325.2 322.2 319.5 318.4 319.7 321.6 324.5 326.7 328.5 328 326.6 324.4 321.9 320.1 317.3 313.7 309.7 303.9 301.8 296.2 285.5 267.2 253.3 244.3 248.7 256.6 269.8 282.1 293.2 310.9 319.4 323.8 326 324.1 328.2 333 335.5 339.2 345.7 350.8
224.9 232.4 240.2 245.6 253.1 262.4 271.3 276.3 279.1 278.8 279.9 285.5 295.9 309.1 322.6 334.5 348.7 356.6 357.4 349.2 337.8 333.7 336.1 348.4 362.7 373.8 382.2 386.8 385.3 378.8 372.5 367.9 364.3 361.9 361.8 355.3 349.6 343.7 336 329.1 324.3 321.7 319.2 317 317.2 322.4 326 331.1 335.2 334.7 333.3 331.7 330.5 328.6 326 323.5 320.5 321 319.3 311.4 292.4 272.9 255.2 242.9 250 262.2 277.9 289.1 302.4 315.6 325.1 331.5 332.8 331.8 331.9 334.7 337.8 341.1 346.5 350.9
227.8 236.1 243.5 250.6 259.3 269.1 278.5 277.4 277.6 274.8 283.2 287.6 299.6 314.7 324.9 337.2 349.4 355.1 354.9 347.7 335.4 332.6 332.8 345.3 357.8 370.5 378.5 381.7 380.3 374.1 368.3 364.7 361.1 359.7 361.4 353.8 348.1 341.8 335.4 327.9 323.1 320.7 318.3 316.2 317.3 323.2 328.9 335.1 338.5 339.3 339.2 338.4 338.5 337.9 335.1 333.9 338.2 332.3 323.1 302.5 281.3 263.3 251.9 242.8 256.5 268.3 284.5 294.5 309.1 321 330.6 337.7 339.1 337.4 336.4 337.5 339.4 341.6 346.2 349.1
231.2 239.7 245.6 254.2 263.2 273.2 278 276.8 273.1 272.5 279.5 286.4 299.6 311.4 323.3 336.5 346.2 351.7 352.2 345.9 334.7 332.1 331.6 342.4 355.8 367.9 374.3 376.9 375.1 369.8 364.8 360.5 357 356.8 355.7 351.4 346.4 340.3 334.1 325.8 321.8 319.4 316.8 314.6 318.6 323.3 329.4 337 340.4 343 342.7 342.3 341.9 339.4 337.9 337 331.6 324.7 307.4 288.7 269.5 255.7 241.1 249.6 262.2 275.1 291.2 304.4 317 328.3 336.8 342.9 344.3 341.8 339.7 340.7 342 343.2 345.4 346.7
