public/OST50/NY21.asc
ncols 200
nrows 200
xllcorner 320000
yllcorner 510000
cellsize 50
[rows 140 to 174 of 200, columns 79 to 157 of 200]
157 137.4 125 117.2 115.6 115 114.4 114.1 113.9 113 113.5 117.2 120.5 128.1 140.5 157.9 174.3 185.1 196 206.7 216 229.3 233.4 220 202 215.4 230.9 250.6 278.1 302.9 328.8 371.8 422.2 429.6 455.6 487.4 495.2 492.1 482.4 477.6 470.5 465.4 452 435.8 423.4 428.4 421.1 365.8 368.1 337.8 279.2 294.5 289.6 288 301.1 314.2 269.3 245.8 212.1 180.7 160 144.7 139.5 137.7 141.5 142.3 133.3 133.3 126.8 129.5 139.9 159.5 187.2 216.1 246.4 278.9 313.1 346.5 378.3
140.4 127.8 115.9 116.5 115.7 115.2 114.6 114.1 113.5 113.2 113.4 119.4 124.6 133.4 151.6 171.2 187.1 198.5 209.2 225.5 233.1 250.7 237.5 220.3 215.1 229.3 246.9 267.7 295.9 321.1 354.5 383 437.3 463.5 472.9 485.3 494.3 494.7 491.2 482.9 471.8 462.6 454.1 440.3 431.6 430 431.8 404.9 381.2 387.4 314.8 328 362 349.4 354.3 350.7 324.6 295.7 257.3 215.4 180.9 173.2 174.6 160.1 148.5 141.9 138.8 133.1 134.4 135.2 139.9 148.9 172.2 200.2 229.3 262.5 292.4 327.2 358.8
130.6 120.2 117.1 116.4 116.2 115.7 115.1 114.5 113.8 113.9 114.8 123.9 129.9 147.1 165.1 182.5 197 213.3 223.2 233.3 245 261.4 241.3 221 225.3 241.3 260.9 288.2 317.1 350.4 395.8 408.1 439.4 478.5 499.2 491.7 490.5 489.3 493.7 490.1 481.6 460.6 448.4 440 431.5 430.4 426.4 410 396.7 400.9 355.4 355.8 392.9 395.9 394.5 375.6 349.2 321.2 280.4 236.5 202.8 193.7 184.7 191 166 150.3 145.5 138 141 142.7 144.6 146.4 163.5 185.9 214.6 246.5 275.8 308.1 343.5
120.1 118.4 117.8 116.8 116.3 115.8 114.9 114.3 114 113.7 119.4 131 142.1 160 181 200.1 216.7 236.9 250.1 253.8 265.2 264.7 253.7 234.7 237.4 254.2 274.6 306.3 340.3 370.8 419.6 436.5 458.4 484.9 506 504.2 494.3 488.3 488.2 492.1 478.4 469.9 449.6 440.1 434.6 427.8 423.9 423.9 413 402.1 368.4 389.8 411.4 400.3 392.1 379.6 353.9 321.8 287.3 254.3 222.5 213 207.3 188.5 171.7 153.2 140.9 142.2 150.1 152.3 154.5 154.9 152.5 175.9 200.8 228.5 260.4 291.5 331
119.6 118 117.6 117 116.3 115.7 115.1 114.8 114.9 115.7 129.4 138.5 156.6 175.6 198.4 221.2 239 255.8 278.5 277.9 274.8 270.3 255.8 242.7 250.3 266.4 289.8 320.1 358.2 388.4 434 448.8 461.2 476.9 511.8 520.5 506.9 499.7 491.3 486.3 487.8 476.8 456.8 455.7 447.9 450.3 434.2 431.9 423.6 409.3 386.8 395.4 410.4 405.9 397.2 383.6 356.6 321.9 286 254.9 229 209.5 192.1 174.4 158.1 144.5 144.6 150.3 162.8 165.3 166.7 167.1 162.5 170.8 191.1 215.2 244 267.1 289.8
118.4 117.4 117.1 116.5 115.9 115.9 115.5 115.4 116.7 131.7 141.8 157.6 176 192.2 213.1 233.6 257.3 279.8 301.3 302.8 287.8 271.3 257.2 248.9 264.8 278.9 299.9 327.8 360.4 399.7 433.8 449 474.2 473.2 506 519 509.4 500 494 488.4 481 473.9 457.1 456.3 449.9 443.6 431.3 422.7 418.1 400.3 395 394.6 409.8 414.4 405 389.8 358 324.7 293.3 267 227.2 204.4 181.6 164.6 150.1 148 149.7 160.5 172.4 182.5 181.8 180.3 176.2 166.8 182 200 217.4 238.7 275.5
118.4 117.7 116.9 116.4 116.2 116.3 116 120.2 131.7 150.3 161.3 175.3 195.4 213.7 234.7 255.3 271.7 306.3 314.9 308.6 292.7 275.1 259.8 257.9 279.8 288.3 314.7 336.5 370.2 397.8 428.1 452 470.8 471.9 492.7 507.6 510.2 496.4 491 489.8 490.3 464.2 457.9 453.7 444.3 436.1 431 426.8 418.2 434.1 417.1 411.5 413.1 405.4 409.6 385.5 347.9 314.5 290.5 255.2 221.6 195.6 172.7 158.1 147.9 151 159.5 172 188 198.6 198.9 196.2 192 183.8 181.5 197 216.7 240.9 267.7
119.2 118.5 117.7 116.3 116.5 116.9 120.2 132.9 148.1 166.1 180.8 199 218.5 244.3 289.2 302.9 299.5 313.7 320.1 312.2 297.3 286.5 262.9 266.3 289.5 305.9 328.5 349.5 373.6 405.5 429 445.9 456.5 464.7 486.6 503.1 504.5 496.6 496 505.2 504.4 471.4 458.5 457.3 454.3 456.3 456.4 443.2 438.7 437.6 413.9 410.9 420.1 405.1 385.2 370.7 327.6 301.7 270.6 236.3 211 185.1 165.1 152.9 145.6 153.3 167.4 179.1 197.6 215.9 219.5 217.7 211.1 202.4 195.8 188.9 205.1 224.8 257.1
118.8 118.4 117.9 117.8 121 123.2 135.4 151.3 167.9 185.5 206.3 225.6 243.5 273.7 307.4 353.6 354 330.3 327.4 321.6 309.9 290.4 275.7 275 297.8 318.3 331.8 352.2 375.9 405.3 423.3 441.2 450.5 472.3 486.8 511.9 511.9 523.1 512 519 508.7 477.5 465.3 459.2 453.2 456.4 467.2 458.1 447.7 439.7 417.6 421.8 422.1 406.5 382.5 344 330.8 288.5 254.3 224 194.9 171.9 157.7 150.9 150.4 163.3 181 195.2 209.8 237.8 244.6 239.6 231.7 224 214.4 205.8 198.9 218.7 246.3
118.9 119.4 122.6 124.2 135.2 140.1 154.8 170.5 189.5 211 233.6 263.4 276 305.3 350.2 374.3 360.8 354.7 346.3 342.6 318.1 306.4 284.3 285.3 303.3 323.4 339.7 361.7 381.4 406.3 426.3 446 462.5 474.6 498 506.3 516.2 543.8 523.4 532.9 513.4 483.1 484.6 471.8 457.6 457.5 472.2 469.7 467.6 457.7 420.3 431.8 421.3 393.9 357.2 330.6 312 281.7 238.4 207.8 184.6 164.8 153.2 147.9 157.3 173.7 188.7 209.8 230.8 257.8 271.5 265.9 256.6 245.3 230.9 219.1 211.2 213.3 234.5
119.4 130.3 147.4 144.7 150.5 164.4 176.1 194.8 214.7 235.5 260.4 296.3 329.1 344.9 382.8 406.3 386.4 361.2 353.2 343.4 324.2 306.1 292.3 289.5 306.9 326.5 343.7 360.3 385.6 409.5 432.2 450.8 469.5 486.1 494.7 502.8 520.7 547.5 523.8 534.3 514.1 492.2 498.4 480.9 480.1 467.8 477.8 483.8 474.7 457.7 426.3 433.7 419.6 380.9 342.7 314.9 285.4 260.2 221.2 192.6 170.9 155.5 148.6 150.9 165.6 190.1 208.4 241.8 285.2 306.4 301.6 287.9 278.4 265.5 250.1 238.1 226.7 218.2 227.1
125 139.4 161.1 171.8 175.4 189.6 205.8 223.5 246.8 274.9 296.6 312.2 358 371.4 402.3 408.8 389.1 374.8 364.5 343.9 323 303.6 290.9 294.3 305.9 323.9 339.7 362.2 387 412.4 432.3 450.8 478.5 493.7 507 515.2 524.3 535.2 525.4 538 525.7 502.2 512.4 493 499.3 495.6 506.8 492.3 485.5 464.6 434.5 432.8 409.3 362.2 330.2 298.8 269 237 208.9 186.6 164.4 150 149 156.1 181.6 217 244.1 296.6 328.3 354.1 343.4 312.3 301.1 289.1 274 257.6 246.4 235.9 228
136.9 150.7 170.8 188.5 201.9 216.4 231.5 260.2 300.6 336 354.4 357.8 369.5 393.1 414.5 418.5 393.9 374.8 359.4 341.1 322.3 303.6 294.2 295.1 305.3 327.9 345.9 359.7 376.6 395.2 428.8 463.3 482.5 504.6 515 522.1 505.1 519.2 528.7 529.7 530.7 517.3 519.7 508 516.3 516.9 515.7 503 484.3 456.5 436.5 423.9 393 352.5 319.3 283.3 253 222.1 193.9 171.6 155.2 149.6 152.1 166.7 199.1 231.9 277.2 314.9 327.9 362.3 359.8 337.5 323 310.8 296.6 281.2 269.6 257.1 246.1
149.8 166.8 188.4 208.8 231.6 254.9 270.4 302 341.3 370.8 393.4 394.4 389.5 413.3 427.3 424.5 395.7 373.2 354.9 336.5 317.9 303.7 301.2 299.6 315 330.9 349.2 374.4 398.7 421.6 440.3 444.9 480.7 509 517.9 512.7 501.2 504.5 517.1 538 528.8 521.8 525.5 522.5 523.4 518.7 520.5 511.9 491.3 454.1 433.1 409.5 373.8 339.3 307 269.3 234.4 206 177.5 155.9 150.1 149.8 155.8 176.8 208.1 240 278 310 333.2 364 374.2 371.5 355.6 338.1 320.7 304.8 297.1 279.1 262.1
166 188.3 209.5 234.4 265.7 306.4 329.3 337.8 367.2 396.3 409.7 417.4 422.4 427.8 435.3 421.3 394.9 369.1 346.6 323.4 310.5 303.3 300.3 303.9 317.1 330.1 353.9 379.9 406.7 437.2 452.9 468.4 472 492.2 512.6 519.2 499.2 499 501.7 521.9 524.2 531.8 532.5 519.2 517.1 518.9 516.6 511.4 485.4 448.9 436 399.6 361 325.7 291.3 253.7 224.4 195 168 150.1 150.3 150.5 157.6 189.6 222.8 252.2 283.6 312.8 340.2 377.4 395.9 424.9 407 371.6 346.3 325.6 315.7 301.2 281.7
181.2 214.6 236.2 262.7 314 347.8 352.4 380.7 396.4 434.2 455.7 459.8 447.7 442.6 446.7 411.8 387.6 364.1 339.1 321.4 307 303.7 303 306.1 319.8 336 355 382.5 413.6 445.7 464.5 480.6 495.4 498.2 500.1 509.5 503.8 499 499 510.8 512 528.5 535.8 518.9 510.1 509 522.6 501.1 473.7 450.1 435.4 399 353.9 317.8 287.4 256.1 221.7 182.9 162.5 151.1 151.2 151.4 165.9 192.2 225.7 257.9 286.5 315 362.8 406.3 436.8 452.1 430.6 399.8 375.1 350.1 332.3 321 303.1
205.6 243.5 265.4 303.5 343.9 367.1 386.1 407.7 434.8 463.6 479.6 478.5 469.7 460.2 451.6 407.6 380.5 358 339.1 319.3 306.1 303.6 306.5 311.1 322.7 339.1 357.3 381.6 413 449.7 472.1 494.8 503.2 505.3 506.2 508.6 502.7 499.1 504.3 503.3 520.2 523.1 528.4 513.1 507.8 499.1 511.1 493.3 470.6 451.4 434.4 383.2 340.8 307.7 280.8 247.5 211.2 177.1 155.4 151.7 150.5 152.8 164.6 195.3 224.8 258.5 287.2 319.2 355.9 425.1 466.9 498 472 440.5 402.5 380.8 362.5 342.4 320.7
223 253.6 284 318.6 351.9 380.8 406.8 435.1 462.6 485 492.4 501.3 491.7 474.6 443.5 402.3 370.3 348.2 331.2 316.1 304.4 303.6 303.7 310.6 323.5 341.1 360 388.1 419.2 455.4 482.4 508.1 511.2 507.1 510.7 519.2 520.7 499.1 499.3 495 509.8 516.5 510 500.3 491.9 486.2 492.5 482.8 470.5 447.9 433.4 373.2 326 296.2 265.5 234.6 197.8 173.3 154.6 152.1 151.8 152.5 165.7 194.8 225.4 255.3 285.1 316.8 355.4 442.1 487 514.6 514.1 487.2 460.1 449.8 412.6 372.4 342
237.8 267 294.7 329.8 370.1 404.5 438.2 467.8 504.4 510.2 513.9 516.8 508 488.7 440.5 404.3 369.9 344.7 330.8 314.4 304.5 304 304.4 306.4 322.1 343 363.4 392.6 427.6 467.7 498.2 520.7 532.2 514.2 514.6 521 531.9 503.8 494.5 491.3 500.5 509.2 519.1 492.7 478.4 472.6 473.9 472.4 462.5 444.1 431.7 376.1 323.2 281.4 255.5 221.3 192.6 169 157.1 153 152.9 153.4 166.2 193.2 221.3 255.6 284.8 317 355.6 420.5 484.4 516.9 520.9 518.4 507.7 497.7 480.3 403 374.4
246.9 274.9 305.4 340.1 384.7 438.2 480 508.5 526.8 530.8 528.2 525.2 513 498.1 470 418.1 379.7 351 329.2 310.9 306.3 305.5 305.4 305.8 322.5 341.5 365.2 393 429.5 469.8 503.6 531.1 551.3 538.5 531.5 534.1 555.6 525.8 495.1 488.5 491.3 511 505.3 489.2 472.1 464.3 466.6 460.2 444.6 432.3 438.5 398.8 317.8 274.3 245.2 209.3 186.1 167.9 156.8 154.3 153.9 153.5 166.8 192.3 221.5 253.6 284.7 323.8 359.7 401.5 446.9 498.3 514.7 514.4 510.3 498.3 482.8 454.1 431.4
256.9 275.8 311.3 357.6 387.9 427.7 484.1 516 533 537.4 536.1 539.6 524.3 506.7 474.2 444.2 419.8 360.1 332.7 317.6 307.3 306.3 311.3 307.9 323 345.4 369.2 397.3 435.2 488.9 515.4 549.6 567.9 562 552.9 551.3 549.5 545.1 513 488.4 488.6 496.9 505.9 490.6 468.5 462.9 451.6 451.9 441.5 419.6 419.3 372.7 307.4 266.6 231.9 203.4 180.2 165 156.9 155.7 155 153.4 168.9 195.1 224.4 252.6 284.8 319.6 358.9 408 448.8 491.5 503.9 501 503 496.1 483.5 463 440.2
268.1 287.8 306.4 347.1 381.9 443.9 479.5 513.2 535.5 543.3 546.3 547 536.3 520.9 494 467.8 415.7 385.6 343.5 320.9 308.9 315.4 319.6 313.2 327.7 348.9 375.4 403.9 443 485 532.8 559 576.2 573.6 562.4 563.6 556.8 552.3 522.5 496.7 489.2 487.1 492 499.1 481.2 466.1 437.9 436.6 430.7 404.6 396.4 361.2 310.9 262.6 226.6 202.2 177 164.8 160.1 157 155.5 153.7 172.4 196.6 226.7 256 287.5 321.7 359.9 411.5 451.8 491.4 505 495.9 494.6 486 474 460.9 441.5
270.6 300 327.4 339.8 365.7 417.9 469.9 505.6 535.1 550.4 557 561.3 549.6 537.5 510.8 484 432.6 380 350.8 332.2 312.2 311.3 313.4 317.1 331.8 348.3 375.1 424.7 456 501.2 539.8 578.8 590.6 584 579 586.7 571.4 553.2 531.9 508.4 498.2 490.5 481.7 476.8 467.4 455.5 431.5 421.8 415.3 398.8 372.6 325.9 291 252.5 224.1 197.6 178.3 164.9 158.8 155.7 154.7 159.4 176.2 201.6 229.7 258.8 292.3 328.2 390.3 421.8 458.8 483.5 492.2 495.6 488.9 484.5 474.5 461.7 442.1
276.7 305 334.5 365.9 387.1 395.7 424.2 479.7 529.9 553.9 559.2 567.6 562.6 549.2 525.3 494.1 436.5 392.8 363 337.2 317.9 318.3 317.3 320 329.6 352.1 379.6 416.6 460.6 511.8 540.1 574.1 605.1 602.3 601.2 602.8 583.6 569.8 534.5 521.7 503.6 490.9 480.4 466.6 439.7 437 420.9 407.1 398.5 386.3 359.7 315.8 280.1 242.6 216.7 191.9 175 164.4 159.9 159.3 158.3 167.1 183.6 207.3 236 261.6 293.7 330.2 371.2 406 446.4 483.9 488.5 495 491.5 483.4 477.2 463.5 445.2
288 307.5 339.4 372.2 404.6 437.3 466 476.5 506.3 541.7 563.7 569.6 571.5 556.9 536.1 489.4 443.8 407 367.9 341.7 322.5 317.2 318.3 321 333 356.5 384.8 421.2 462.3 510.4 542 570.1 588.2 595.5 598.9 593.4 586.4 566.1 543.3 521.2 507.1 493.7 497.8 476.7 448.9 420.1 408.2 396.7 380.6 373.9 352.8 298.9 265.6 233.9 207.9 185.2 170.8 164.7 162.9 162.8 163.2 174 192.4 216.6 241.2 269.4 305 341.6 384.9 423.8 464.8 495.7 497.9 495.3 491.2 486.3 477.9 466.4 454.6
294.3 321.9 351.2 381.8 407.1 444.2 483.7 515.7 528.5 543 556.4 568 570.1 561.2 541.7 498.9 458.1 427.8 376.7 349.3 331.3 323.2 322.2 323.4 337.9 361 394.6 427 471.9 530.7 552 567.1 580.7 586.4 589 590 587 581.2 563.9 534.4 511.5 502.5 502.1 480.8 451 429.8 388.3 381.8 369.2 346.5 325.8 284.7 253.5 225.8 200.2 174 167.1 164.6 163.1 165.3 167.1 180.8 201.7 226.8 254.2 299.2 326.5 356.6 392.1 430.7 477.9 499 508 502.4 490.7 486.7 480.7 470.3 458.4
301.6 333.5 361.9 393.6 426.3 458.4 496 524.2 537.7 545.5 557.6 571.8 576.2 569.1 542 503.1 464.5 428 388.8 360.8 340.5 333.4 328.4 329.1 346.4 369.5 399.9 436.3 484.5 541.9 558.4 567.8 571.8 580 585.3 586.8 590.1 583.6 569.1 540.5 512.7 499.8 491.3 473.1 443.8 434.3 389.9 354.3 354.8 330.7 295.1 267.9 238.7 212.6 187.6 172.3 165.7 163.7 164.8 166.5 169.5 188.4 213.9 241.2 277.7 306.1 340.3 372.1 407.9 442.5 490.8 505.9 508.6 504.9 498.2 484.8 478.3 471 459.8
311.7 341.4 374 405.8 436.3 474.4 506.4 529.2 543.4 556 563 573.3 588.6 586.2 556.9 519.1 488.8 444.4 408.2 379.7 358.8 347.4 341.2 338.6 353.8 379.4 403.5 455.4 511.7 557.5 563.5 572.7 577.2 587.6 589.9 590.5 582.9 576.1 562.5 535.1 515.1 501.1 487.1 471.3 441.4 424.8 395.5 350 321 314.1 282.7 254.5 228.4 200.6 181.7 170.4 166.1 164.2 166.3 168.4 175.6 197.7 222.6 251.9 287.7 328.2 360 392.3 430.1 468.2 507.3 510.7 512.6 502.4 491.5 485.9 479.8 475.3 463.9
308.9 352.1 382.2 410.6 444.5 482.8 515 535.6 558.3 563.3 567.3 580.7 588.2 598.6 587.5 541.5 496.5 457.4 423.6 397.6 376.4 363.8 356.1 349.9 361.7 390.2 419.5 457 512.4 536.8 553.8 562.8 569.3 580.2 586.6 596.2 584.7 578.5 578.8 543.9 534.7 502.2 479.2 459.2 434.7 416.6 393.1 354 322.6 281.3 268 244.9 218.9 197.5 177.4 168.3 165 166.1 169.5 178.1 184.6 206.6 233.2 266.2 301.2 336.6 375.3 426.3 466.8 496.9 513.9 518.3 512.9 500.7 490.9 487 480.8 475.7 463.6
328.4 349.6 394.1 423.7 455.8 490.2 525.4 543 569.5 568.3 573.7 583.7 595.3 598.8 604.9 576.8 529.3 476.8 445.5 415.4 397.2 381.3 370.9 363.5 378.2 406.1 427.7 456.8 493.7 526.6 550 565.6 573.8 579.4 585.9 595.6 583.9 578 568.6 548.6 540 502.2 471.4 446 421.2 402.6 376.2 348.5 318.7 286.4 256.8 229 208.6 190.7 177.4 171 170.9 169.6 171.5 184.5 194.8 218 245.1 279.7 313.7 370.8 443 480.7 518.3 535.3 524.3 519.8 511.3 496.2 488.4 484.9 480.5 472.5 460
348.4 373.1 401.8 435.5 464 500.1 541.1 551.5 570.2 572.7 578.3 592.3 601.3 602.7 609.3 601.3 586.2 538.2 465.9 438.7 417.6 402.2 389.8 382.1 395.5 421.5 450.8 472.2 492.3 536.8 557.8 572.9 583.7 597.2 602.8 603.2 584.6 584.7 570.4 557.9 537.6 496.4 464.8 435.2 413.3 391.1 363.6 330.6 311.6 275.4 249.7 226.8 202.1 189 180.6 179 184.8 180.9 186.6 192.8 212.5 240 260 292.2 329.9 408 475.4 513.9 538.7 547.7 542.9 525.7 506.8 494.9 483.9 483 479.4 467.9 456
366.2 398.4 400.5 444.8 472.3 507.8 534.2 555.2 570.7 576.7 588.1 598.7 604.8 607.6 612.2 610.2 604.9 557.5 531.7 496.9 450.3 428.4 411.6 404.2 408.9 438.8 464 492.2 513.6 533.5 572.8 603.3 615.9 616.4 619.3 606 591.9 588.1 574.2 565.2 546.6 507.4 454.4 427 400.7 374.2 342.8 317.2 291 265 236.1 216.6 196.5 182.2 179.6 179.2 183.7 197.5 208.1 213.7 230.7 250.4 274.4 306.9 342.9 419.9 489.7 521.8 555.2 558.1 545.5 520.4 504 490.4 480.8 473.5 470.2 463 453.4
389.5 433.8 449.6 450.2 465 512.2 535.6 553.7 570 582.4 593.2 604 611.5 616.9 616.9 616 609 604.7 578.7 536.9 476.7 457.5 440.9 430 422 456.6 480 512.2 536.3 553.5 570.6 600 632.2 624.1 622.8 609.2 599.9 587.9 576.3 568.4 553.1 521.1 464.3 412.8 387 368.2 333.6 304.5 283 263.2 236.2 212.5 193.4 184.5 180.8 180.5 187.5 216.3 218.6 228.8 241.7 263.6 290.2 322.8 366 420.5 480.4 528.8 564.7 564.9 546.8 516.4 501.5 489.5 480.2 473.5 464.1 457.8 450.4
413 448.1 472.5 490.6 492.8 494.3 538.6 556 572.5 587.3 602.7 611.3 622.2 625.4 630.1 625.1 616.4 610.4 587.8 553.9 512.3 483.7 470.8 451.4 436.8 475.1 492.6 521.7 557.8 574.6 583.9 589.1 604.6 613.2 612.8 594.1 592.2 569.6 568.2 560.4 555.8 534 482 425.6 376.4 343.1 322.9 301.4 292.7 263.6 233.2 205.7 188.8 184.4 184.7 183.2 189.5 216.6 223 236.1 254.1 277.5 307 342.7 402.6 436.5 487.7 530.1 557.2 556.3 529.6 516.5 501.8 485.8 476.2 470.3 460 454.6 451.4
433.1 470.4 497.5 510.6 520.2 506.9 542.7 561.8 577.4 594.2 615 625.1 627.7 629.5 632.8 627.8 625.9 619.1 597.1 569.1 549.1 530.6 509.8 481.7 465 496.5 514.3 540.3 567.2 584.9 595.1 597.5 599.6 601.6 601 570 559.2 549.2 520.3 523.3 523.7 516.5 471 435.2 378 336.3 308.9 294.6 286.4 258.6 224 201.6 185.6 184.2 181.7 182.4 191.3 215.7 227.8 249.9 274.9 303 329.8 368.8 418.7 456 498.1 529 549.5 542.1 532.3 511.2 496.3 482.5 472 465.9 458 451.9 450.6
