public/OST50/NY21.asc
ncols 200
nrows 200
xllcorner 320000
yllcorner 510000
cellsize 50
[rows 35 to 69 of 200, columns 79 to 157 of 200]
546.7 533.9 525.3 514.6 491.9 454.6 410.9 373.6 345.2 324.8 307.6 286.9 262.2 227.5 202.7 178.2 157.5 140.2 122.1 102 88.4 83.9 83 82.3 81.5 80.7 79.6 78.9 78.2 77.5 77.3 76.5 76.6 76.3 76.3 76.2 76.1 74.9 76.4 76 76.6 77.1 79.2 80.9 88.2 110.2 147.4 178.7 208.9 226.6 229.5 240.3 230.8 226.3 226.6 226.1 223.7 217.3 224 240.1 263.6 291.4 321.8 335.6 350.8 359.4 364.6 376.6 387.3 392.9 399.3 403.8 408.6 414.2 420.3 432.5 444.1 455.8 469.7
548.6 532.7 523.3 502.9 470.5 437.1 397.6 352.5 324 307.2 295.1 275.4 247.4 215.8 191.2 172.3 155.9 138.4 122 99.9 88.9 84.8 83.8 82.9 81.7 80.2 79.4 78.6 77.9 77.2 77.6 77.3 76.7 77.5 76 76.3 76.6 76.6 75.8 76.2 76.6 77.1 78.9 82.9 93.9 114.6 164.7 201 238.3 249.3 244.5 250 236.9 230.2 233.6 235.1 224.9 221.8 225.1 240 259.6 286.9 311.8 324.4 334.1 356.7 364.5 374.9 382.8 391.7 397.5 402.4 405.6 409.4 417.2 426.7 436.6 449.1 460.8
542.6 527.1 512.5 484.8 449.9 411.4 377.1 337.4 311 293.5 285.1 269 241.1 211.4 182.5 173.6 160.6 142.3 115.7 93.9 86.6 85.3 84.4 83.3 84 79.7 79.6 78.2 77.6 76.9 77.4 77.7 77.3 78 76.2 77 76.4 76.4 76.5 76.4 77.6 77.7 77.9 82.1 98.6 115.4 167.9 206.6 238.6 248.9 252.6 242 237.1 231.8 234.1 236.1 229.5 222 222.1 235 249.4 269.8 287 309.8 329.4 347.5 356.8 364.5 377 383.5 393.1 396.1 399.8 404.7 409.9 418.6 429.1 441.2 452.4
534.2 517.9 499.9 471.2 436.3 397.8 363.8 326.4 296.3 273.5 267.6 255.9 229.1 199.1 175.3 162.5 154.4 134.1 115.9 92.3 88.6 87.1 85.7 83.6 85.3 80.2 79.6 77.9 77.3 77.1 79.3 79.4 79.1 78.2 77.4 76.6 76.1 77.9 77.6 78.7 79.6 78.2 77.9 83.8 103.5 122.2 163.6 204.1 229.7 239.6 255.9 246.5 243.3 237.6 234.4 235.8 230.5 224.9 223.6 230.8 241.9 248.6 268.3 287.1 310.5 326.6 346.1 354.9 369.3 378.4 387 390.8 395.6 400.6 407.1 413.7 421.2 433.2 442.6
521.7 502.1 482.2 454.2 419.7 386.3 352.3 320.2 289.7 263.3 248.6 238.6 218.9 192.6 167.3 146.5 132.5 113.9 99.8 90.5 89 90.5 86.1 82.5 80.6 79.3 80.7 77.4 77.2 79.3 79.3 80 79.6 77.4 76.3 76.4 77.7 79.6 79.1 79.5 78.9 78.6 78.9 86.1 103.5 125.9 158.1 208.4 236.1 247.4 254.2 252.5 255.2 258.2 252.7 237.8 234.6 231 228.9 225.9 236.5 238.6 248 269.9 285.5 302.3 320.4 341.1 360.5 367.5 373.6 381.2 388.6 393.2 398.4 404.8 414.3 425 435.2
502.7 484.7 459.8 431.7 403.5 374.2 340.8 309.4 281.9 255.2 240.4 229.7 213.6 188.4 160.5 136.1 116.9 105.5 93.5 90.7 91 95.2 91.8 82.2 80.3 80.2 78.2 79.1 79.2 79.2 79.3 80.2 79.9 81.7 76.8 77.2 80.2 80.2 79.9 80 79.3 79.6 79.8 88.9 106 125 152.8 199.5 237.8 252.8 263.7 265.7 273.5 283.6 273.7 251.4 237.2 235.6 231.2 226.3 231.9 233.7 237.9 255.1 269.7 282.5 299.5 321.6 340.5 354.8 363.3 373.5 383.1 391 393.4 401.7 404.1 414.2 425.4
485.9 464 444.1 414.6 388.6 360.1 327.1 298.7 274.5 249.8 224.5 218.2 198.8 173.4 149 128.4 109.5 98.9 94.4 93 93.8 95.3 88.9 83.2 80 80.3 78.5 78.1 79.7 80.2 79.4 81.3 84.4 78.5 76.6 80.2 80.5 80.3 80.4 80.3 79.8 80.8 81.3 89.7 109.3 128.4 149.8 188.1 219.5 250 274.2 291.1 302 300.1 294 269.5 243.4 238 233.8 229.7 227.6 230.1 234.7 247.9 257.4 270.5 285.4 302.1 319.6 334.4 356.9 367.2 374.7 378.8 390.4 398.8 404.7 411.3 420.1
472.8 449.9 428 400.9 377.4 344.3 314.1 289.4 266.2 242.4 221.4 202 176.3 163.2 143.3 120.7 105.9 96.9 95.2 95 97.5 97.2 90.4 83.9 79.8 79 79.5 79.3 78.4 80.4 83.3 85.6 80.7 79.1 79.1 80.6 80.7 81.4 81.6 81.3 80.9 81.5 82.7 92.4 111.2 127.2 146.7 175.8 213.1 250.4 286.7 308.4 316.5 307 296.5 286.1 265.8 250.7 235.7 231 226.9 229.2 232.9 240.8 249.2 261.2 275 293.4 312 334.7 353 362.4 368.2 377.4 382.8 392.8 407.7 411.7 420.3
463.4 438.1 411.3 385.2 362.1 336 306.3 279.8 254.3 232.5 216.4 194.6 172.3 153 133.4 120 105.3 97.1 97.7 99.6 102.1 95.6 88.5 84.6 80.7 78.8 79.8 80.8 78.9 80 87.3 83.2 80.3 76.6 80.3 81.4 81.7 82.6 81.8 80.6 81.4 82.5 84.2 92.5 110.3 129.2 144.9 172 209.9 248.1 286.2 310.5 328.2 331.3 309.3 320.6 284.1 263 243.8 234 227.7 229.2 231.9 235.1 253.9 261.4 276 299.4 319.3 345.6 367.5 365.8 370.8 382.8 389.5 394.3 407.5 417 424.1
455.7 426 400 373.3 347 324.6 302.6 275.7 249.7 225.9 205.9 185.2 166.8 149.1 130.3 116.9 108 99.6 101.7 103.8 107 95.4 85.6 83.9 81.7 80.1 81.2 81.1 80 79.8 82.3 81.8 80.1 75.1 81.8 82.1 83.2 84.5 85.7 84.2 84.5 84.6 85.1 89.5 102.6 120.8 142.6 170.3 211.5 251.7 289.2 320.8 347.9 352.6 349.2 344.5 293.7 275.9 249.9 238 228.4 229.7 231 237.6 253.8 266.5 275 290.6 313.6 340.5 360.2 375.8 386.5 396.6 407.7 406.2 410.1 423 424.9
445.1 415 388.2 361.4 334.9 311 285.6 264.6 241.3 221.7 205.1 184.2 167 146.2 125.5 119 111.1 106 105.2 108 109.5 94.5 84.7 83.2 81.8 80.7 82.5 82.7 80.4 83.2 83.3 82.4 76.6 77.7 82.6 89.7 94.4 112.7 112.1 103.7 95.3 89.7 87.1 90.1 100.4 116.3 141.5 170.1 205.1 248.6 292.2 343.1 367.2 365.7 352 341.6 324.3 294.3 269.7 241.7 228.3 228.8 236 247.8 255 270.2 283.6 288.2 307.6 340 396.1 388.8 397.3 408.2 417.9 423.2 415.1 425.3 433.7
431.1 404.4 378.5 353 329.1 300.5 273.7 251.2 230.2 213.9 198.3 177.7 157.7 142.5 126.8 124.1 119.1 110.2 109.2 110.3 103.6 91.1 84.1 83.1 82.8 82.7 84.1 82.7 79.5 82 81.8 77.2 76.6 82.7 88.4 98.1 122.7 143.4 147.6 138.3 125.5 94.2 90.5 91.5 96.5 110.4 140 170.9 200.4 242 285.5 328.9 362.4 359.2 355.3 340.3 351.1 331.3 278.1 247.6 229.1 229 230.6 242.1 250.3 264.9 285.1 293.8 321 364.3 408.8 403.7 416.5 416.3 431.1 435.1 424.4 429 439.9
420.7 393.5 370 344.6 323.5 298.1 274.4 251.8 225.8 204.3 182.7 166.5 145.7 134.1 128.8 126.1 122.9 114 111.7 112.4 100.2 86.4 83.7 83.4 82.9 83 82.5 79.7 77.4 78.5 78.1 76.2 83.1 120.8 134.7 129.3 153 170.6 171.9 173.5 149.7 102.5 92.3 92.9 99 105 136.8 168.9 200.5 235.1 276.3 316.5 348.6 356.9 356.1 352.1 355.2 334.7 300.2 255.3 235 229.4 230.3 254.7 274.6 278 293.7 324.2 338.2 374 410.6 421.8 423.2 436.1 444.1 440.5 434 432.4 435.8
410.4 383.6 359.5 335.2 314.7 296.1 269.6 250.8 232.3 207 186.2 164.1 146.2 131.9 133.3 134 126.3 117 108.5 106.9 96.4 85.4 83.7 83.3 80.8 82.8 81.1 77.8 77.7 77.4 76.3 77.8 111.6 149.4 184.3 180.9 176.7 184.3 187.2 183.8 159.7 112.4 98.1 94.9 95.9 104.2 135.5 167.5 199.6 232.9 267.8 299 338.3 352.8 358.8 373.5 365.2 362 326.7 273.9 238.4 229.4 230.2 251.1 274.1 299.8 324.9 342.7 359.1 391.6 416.4 433.4 427.7 438.6 441.2 438.6 435.3 434.8 435.5
402 376 346.8 323 303.1 285.7 261.2 244.2 229.2 209.4 185.3 156.4 139.4 135.2 139 139.4 133.9 120.9 108.4 102.7 93.3 85.5 84.1 83.6 82.9 81.7 80.9 80.6 77.5 76.3 77.2 97.5 134.7 169 185.2 177.2 175.8 186.6 187.1 179.4 165.9 130.8 110 99.5 98.7 110.8 135.4 167.1 198.8 234.1 270.5 306.8 338.4 362.4 367.2 373.3 378.2 376.4 339.1 287.2 245.9 229.8 229.9 244 269.7 289.3 346 373 379.8 395.6 414.6 431.8 427.2 429.9 436 438 433.9 434.1 436.2
394.4 366.7 339.3 313.9 290.1 271 253.5 235.3 215.7 191.1 169.1 153.1 145.4 144.5 145.9 143.3 131.2 125.4 106.4 104.4 98 85.7 84.5 84.4 83.7 82.3 82 80.7 76.4 76.4 84.5 120.7 149.8 167.6 165.5 165.6 175.3 181.9 185.3 180.7 172.4 150.3 123.8 107.2 101.8 118.2 144.3 170.3 198.6 234.9 271.5 307.4 343.7 368.3 371.3 378.5 382.1 378.4 350.6 297.3 254.1 230.2 230.3 231.1 260.1 285.5 323.8 346.1 375.9 399.6 411 421 422.7 423.4 428.1 431.2 430.9 432.2 434.5
384.6 358.2 330.4 305.6 287.2 269.5 252.6 238.1 223.2 197.1 176.2 159.9 153.9 147.8 148.1 135.2 124.7 114.3 98 99.1 96.1 84.8 84.5 83.7 81.4 78.7 82.2 77.7 76.9 77.3 91.9 113.1 144.3 149.8 156.2 161.8 168.8 177.1 174.6 167.7 164.9 156.2 131 109.3 108.3 131.3 158.2 183.6 208.2 234.5 270.6 306.7 338 356.5 375.4 383.8 387.7 383.8 358.1 313.2 268.3 240 231.3 230.5 239.4 264.5 291.2 327.3 346.4 370.9 391.6 400.7 408.1 416.7 420.9 424.8 426 429 434.8
377.3 351.5 326.9 307.2 291.6 275.4 261.5 253.3 235.1 207.1 188 165.6 151.8 149.9 136.5 130.7 117.6 100.4 92.4 87.4 87.7 83 84.3 84.1 83.8 78.6 77.3 77.6 77.7 81.8 98.3 118.9 131.5 140.2 146.9 157.6 164.1 173.7 162 155.8 148.4 143.2 127.9 111.1 125.3 147.3 172.5 194.1 223.5 237.5 271.4 306.1 334.7 352.9 368.3 377.3 384.9 380.8 361.3 320.5 278.7 249.4 231.4 230.8 233.4 254.1 279 304.6 328.5 355.1 379.8 392.2 402.6 413.3 415.9 420.6 422.4 427.7 434.3
375.4 351.5 331 312.3 297.2 285.9 277.8 271.2 251.7 228 197.7 168.3 153.6 143.2 129.6 114.7 106.3 89.4 86.2 86.2 85.6 85.1 84.2 84 82.6 79.3 77.2 77.8 79.4 84.8 103.2 113.7 126.2 129 144.5 151 160.6 167.9 158.4 160.4 151.5 139 122 121.3 142.9 164.4 186.6 206.6 235.5 248.4 273 299.3 327.5 361.8 373.9 393.6 390.7 379.1 359.5 339.5 293.7 258.3 242.2 231.6 231 238.4 259.2 293 322.1 344.1 364 387.6 401.1 406.9 414 415.9 416.7 422.2 430.3
379.7 358.2 336.3 321.2 309.2 308 307.1 301 269.7 238.7 205.8 163.9 148.9 140.6 125.9 105.7 93.1 86.8 86.8 86.7 85.8 84 78.4 79 79.9 78.8 78 78.2 83.9 95.1 113 121.1 120.3 124.6 136 143.8 154.4 165.9 153.4 154.3 149.5 139.5 123.1 142.8 161.9 182.6 205.1 228 251.1 265.5 274.2 296.7 316.7 347.7 377.6 389.9 393.1 381.4 369.8 352.6 305.3 270.4 246.4 232 232.1 233.3 250.6 277.9 302.4 336.6 370.3 389.5 398.1 400.1 404.9 410.3 413.1 418.5 426.3
393.2 371.2 352.9 337.1 342.9 340.2 324.6 304.7 267.1 231.4 201.4 166.2 140.9 123.3 108.8 96.7 89.4 87.5 87.2 87.2 84.5 83.5 80.4 80 78.7 79.2 78.1 79.3 86.8 101.5 103.1 109.2 111.3 118.2 131.1 142.9 155.4 159.4 149.9 145.8 142.9 137.3 134.3 160.2 177.9 202.3 243.5 280.8 276.4 280.1 285.4 300.6 319.8 330.5 363.8 387.8 404.6 395.8 384.1 373.9 336.5 283.7 255.8 236.4 232.4 231.9 243.6 265.9 305.1 330 344.5 361.5 378.8 389.7 394.9 401.8 408.6 414.2 418.1
405.8 383.5 365.7 356.2 349.4 340.7 318.2 291.2 256.6 220.3 194.4 170.5 146.6 119.1 104.9 93.9 90.2 88.3 87.3 86.3 85.7 79.2 78.8 78.7 79 78.2 78.3 81 85.7 95.8 98.2 101.9 105 119.1 134.9 150.9 164 159.1 152.7 142.9 137.1 148.7 147.5 176.7 193.7 222.1 274.6 321.6 314.6 307.5 301.3 309 311.4 329.1 348.3 374 398.8 409.5 394.3 390.3 377.1 331.7 281.8 248.2 233.7 232.5 236.8 258.9 292.3 310 324.2 343.5 360.4 373.5 391.1 400 406.9 414.5 422.1
431.3 404.7 386.1 375.7 356.3 336 312.4 288.5 252.7 215.1 189.3 168.4 148.2 122.6 108.4 93.6 91.1 88.3 87 86.2 85.6 80 78.8 78.5 78.6 78.9 78.7 82.1 87 91.9 93.9 101.3 107.2 123 139.8 151 154.3 153.4 153 154 157.2 165.5 167.5 188 211.1 243.7 295.2 322.3 309.1 311.6 308 307.1 310.5 341.2 364.8 366.4 392 398 396.1 396.5 381.4 355 309.4 264.3 238.8 233.4 236 251.5 279.2 295.4 311 328 348.6 365.7 381.2 396.3 406.1 413.5 422.3
452.5 420.4 403.7 391.4 360.2 334.5 310 281.9 252.7 238.6 194.7 164.8 143.8 129.3 122.8 104.8 102.6 95 88.5 87.7 81.6 82.8 84 81.6 79.5 79.6 79.9 83.3 87.3 90.2 98.6 104.7 118.9 143.5 147.5 159.5 165.8 174.2 187.2 189.2 189.6 185.4 189.1 202.3 223.6 263.1 300.7 308.2 304.9 304.4 305.3 308.3 328.4 358.5 381.6 378.8 375.8 382.3 389.1 386.4 370.7 353.9 317.1 283 250.6 233.9 235.9 248.6 267 282.5 301.1 324.7 342.4 358 374.8 393.4 406.8 414.1 421.2
496.9 449.8 448.5 428.6 378.2 351.1 314.8 290 264.6 235.6 205.3 175.6 157.6 139.1 126.9 123.6 129.9 120.6 105.1 93.7 86 85.3 95 92.7 81.2 77.7 82.7 83.8 90.9 100.3 101.5 119.8 140.9 146.1 155.1 172.4 190.8 206.3 217.9 224.4 224.2 212.3 217.2 218.7 240.1 270.9 302.7 304.2 304 308.2 310.1 320.4 350.3 379.8 387.4 382.1 376.1 372.9 375.4 375.2 362.9 344.1 318.9 287.7 258.6 235.3 235.3 244.9 260.2 278.4 294 309.5 328.6 354.3 374 394.5 410.5 416.2 421.4
502.7 476.5 471.6 449.1 405.3 377 373.7 316.2 287.7 256.1 223.4 196.8 177.3 159.8 154.6 138.3 144.5 138.8 121.2 102.6 89.3 86.6 99.4 99.7 81.1 77.6 83.9 88.8 103.5 98.5 96.8 118.7 133 150.5 173.7 192 209.4 228.2 254.4 271.7 253.8 246.5 245.9 239.1 257 277.8 301.6 312.9 318.4 319.2 320.3 343.2 376.6 392 389.3 386.4 379 369.8 369.7 365.9 358.6 344.5 317.1 281.9 254.6 237.8 234.3 243.6 254 266.8 283.3 302 328.2 356.5 380.4 398.8 419.3 418.5 421.9
502.5 480.6 467.3 452.8 430.3 405.9 387.1 349.6 311 277.4 248.4 223.9 224.4 220.4 195.7 167.1 145.2 138.8 121.3 104.3 89.4 85.7 94.3 91.1 78.3 80.1 83 84.7 87.5 89 98.2 115.9 138.9 166.4 192.4 211.6 231.1 255.7 281 310 279.8 268.2 265.3 262.9 267.4 289.1 313 327.4 345.8 356.9 340.9 365.2 378.9 388.2 389.4 391.3 383.3 370.1 368 362.9 355.6 335.6 311.2 283.6 257.2 236.9 234.7 239.1 245.1 256.1 271.5 300.8 323.4 355.1 388 400.2 414.7 417 421.6
496.4 473.9 461 449.3 443.8 426.4 416.4 403.2 362.7 327.9 279 248.3 233.9 215.3 196.6 176.5 154.5 130.9 115.5 99.4 88.8 85.3 88.1 82.6 78.5 80.9 83.5 84.4 88.5 95.1 102.4 121.4 153.3 182.4 209.5 234.2 258.9 283.4 307.9 321.2 290.4 292.9 283.8 287.9 283.9 306.1 330.7 337.9 361.1 375 363.8 373.7 383.2 383.6 391.6 389.1 386.3 374.9 363.3 358.4 347.6 331.9 308.3 282.5 257.8 242 235 236.2 241.5 249 265.7 286.3 314.7 344.6 367 387.2 400.1 412.3 418.9
490 467.6 454.2 442.5 435.1 425.2 418.3 415.7 405.8 361.6 313.6 265.1 233 222.5 219.6 177.8 156.4 127.8 109.1 93.2 87.4 85.8 80.3 77.9 81.9 84.5 85.3 92.2 98.1 109.2 130.2 150 173.4 205.3 239.9 273.4 297.3 317.5 337.5 339.2 308.3 306.3 292.6 289.9 312.3 319.7 337.5 340.7 367.9 384.2 380.4 382.4 385.3 397.2 393.4 388.9 379.1 373.6 362.6 354.5 340.7 322.2 302.1 274.2 255.7 240.3 235 235.4 237 244.6 260.8 277.8 300.8 327.1 352.5 372.9 392.2 406.9 416
488.9 469.9 449 437.2 428.4 417.8 410.1 406.7 394.6 350.4 305.8 268.8 238.5 221.1 193.3 169.3 146.1 125.2 102.1 90.2 87.5 82.3 80.2 78.6 85.5 89.2 93.9 114.4 109.3 119.6 146 173.7 204.6 235.8 266.9 313.9 338.8 360.4 351.3 338.6 325.7 313.1 302.1 296.4 308 339.9 352.4 369.9 372.8 377.8 389.2 378.4 396.5 394 395.7 390 380.7 371.9 361.6 356.9 347.9 330.3 301.5 276.2 262.4 243.3 235.6 236.6 236.9 251.9 260.5 275.7 293.4 312.8 335 362.1 384.1 402.7 411.7
487.7 470.6 456.3 437.1 443.8 428.3 404 388.2 359.8 319.9 285.9 255.2 230.5 208.5 184 160.7 140.8 114.1 99.8 91.8 87.1 82.1 79.9 85 89.7 96.1 92.4 110.3 114.5 130.1 166 192.5 231 263.6 294.8 338 356 375.5 349.6 330.9 321.3 326.9 320 303.2 308.5 358.2 351.1 367.7 382.5 381.3 385.5 384 385.3 394.9 400.7 394.4 384.1 371 362.1 354.6 354.7 334.3 306.3 282.1 265.4 243.6 237.4 237.6 237.7 249.9 257.2 266.6 279.6 300.8 327.6 355.1 379.1 396.8 406.3
489.4 468.4 455.2 445.5 435.4 424.3 400 372.8 335.9 304.9 275.1 245.6 215.6 192.4 166.3 149.7 134.4 118.7 104.1 95.4 86.8 82.8 78.1 83.2 95.1 103.2 109.3 115.3 119.2 141.7 181.7 213.3 251.7 290.2 322.5 349.7 380.3 376.7 363.8 324.7 324 354.3 342.3 311.7 308.8 349.2 350.9 362.9 382.2 388.2 395.9 388.6 385 388.5 393.8 388.2 385.3 374.6 362.7 351.1 352.1 338.4 325.3 300.1 273.6 249.9 240.6 239.1 238.5 239.6 247.2 256.9 273.2 293.4 317.3 342.4 367.7 387.6 400.2
514 481.1 461.7 440.9 433 417.4 413.6 396.3 362.1 326.4 291 260.1 230.7 202.9 179.5 154 138.8 122.1 106 95.3 90.2 81.1 78.4 82.3 91.9 105 108.8 107.1 147.9 151.6 184.8 225.3 267.1 307.2 331.3 348.8 377.1 382.3 352.7 326.2 341.8 345 348.9 333 316.5 329.1 342.2 366.3 381 380.5 402.2 404.6 385.6 389.1 387.6 385.9 380.6 376 361.7 350.7 347.2 343.4 334.9 313.9 288.9 259.6 250.1 241 238.9 239.7 242.4 251.2 263.9 283.4 309.2 335 358.2 376 392.3
522.1 507.7 478.4 453.3 438.5 432.7 440.1 438.8 412.2 353.6 304.3 268.3 236.3 204.7 186.8 163.3 146.9 131.7 115.6 103.7 95 83.4 78.8 77.9 84.2 91 103.3 107.2 136.1 149.8 180 222.6 266.9 304 332.7 347.6 363.8 365 346.9 325.9 334.9 341.4 344.5 337.5 320.6 325.8 337.5 354.6 366.3 375 380.8 392.8 390.2 396.4 386.8 385.3 376.8 375.5 360.6 351.8 343.8 339 336 326.4 305.4 278.8 252.2 245 240.1 239.7 240.5 248.1 259.9 278.9 305.3 328.7 351.1 370 369
533.7 505.2 476.1 462.8 445.3 444.7 455.7 462.3 447.7 421.2 355.8 287.2 244.5 209 183.3 162.4 145.4 132.9 123.9 107.7 100.2 91.5 87.4 85.2 80.7 78.8 85.3 98.6 120.3 142.4 174 212 246.6 293.7 314.5 338.5 356.1 355.1 340.7 322.5 332.9 346.4 348.4 353.4 327.2 335.6 346.1 358.1 371.1 383.9 387.5 395.5 395 389.5 388.5 383.2 378.7 371.9 358.6 350.5 342.1 334 328.5 320.5 303.8 278.7 254.4 250.3 247.6 241.9 241.6 249.5 259 274.6 298.1 325.5 345.9 341 347.9
