public/OST50/NY22.asc
ncols 200
nrows 200
xllcorner 320000
yllcorner 520000
cellsize 50
[rows 144 to 179 of 200, columns 81 to 161 of 200]
93.7 93.9 96.9 103.5 115.5 127.5 154.5 188.9 202.9 176.1 151.9 140.7 132.9 128.2 116.7 98.8 86.8 81.7 81.5 81.7 82.1 81.3 81.8 91.6 104.7 110.2 96.9 84.8 77.1 74.3 74.3 74.3 74.3 74.3 74.3 74.3 74.3 76.7 77.4 76.7 77.3 77.5 74.3 74.3 74.3 74.3 74.3 77.5 84.7 85.6 82.8 79.5 80.9 85.9 90.8 97 107.5 116.6 128.5 133.2 128.8 114.1 100.2 101.4 103.8 105.4 107 109.8 116.3 125 131.3 132 141.2 151.9 158.1 161.9 169.1 176.7 183.7 189.8 194.5
100.2 102.8 112.3 121 128.8 144.9 171.2 196.7 199.6 176.2 152.7 144.7 141.3 130.3 118.8 106.3 99.6 91.1 87.4 87 89.1 90.4 96.2 106.3 113.1 107.5 93.4 83.3 74.6 74.3 74.3 74.3 74.3 74.3 74.3 74.3 74.3 74.3 74.3 74.2 75.2 77.3 74.3 74.3 74.3 74.3 74.3 80.6 87.1 90.7 87 81.5 79.4 82.4 88.5 93.6 105.5 121 143.9 144.1 131 114.2 101.2 102.2 104.6 106.3 108.4 110.7 115.8 122.9 129.7 136.1 143.8 155.7 163.1 165.6 173.3 181.3 187.4 193.1 198.8
101.3 119.2 133.1 145.1 147.7 166.6 186.3 196.3 193 171.7 150.4 147 142.8 130.6 119.9 110.3 104.7 96.2 91.7 94.5 102.4 110 110.3 109.6 112.5 98.4 87.5 77 74.3 74.3 74.3 74.3 74.3 74.3 74.3 74.3 74.3 74.3 74.3 74.3 74.3 74.3 74.3 74.3 74.3 74.3 74.3 81.2 86.1 91.2 90.8 85.9 80.3 80.6 83.6 88.4 99 122 158.3 140.9 124 110.3 102 102.8 104.7 107 109.8 112.4 115.1 119.6 126.2 133.7 141.8 152.2 162 168.1 177.5 186.3 193.8 197.6 202
117.4 139.1 153.3 169.7 173 189.8 203.9 197.9 185.4 167.3 147.7 142.7 138.2 127.3 119.2 117 111.5 101.7 94.7 106.1 115.5 116.5 115.1 111.7 103.7 92.9 81.7 73.8 74.3 74.3 74.3 74.3 74.3 74.3 74.3 74.3 74.3 74.3 74.3 74.3 74.3 74.3 74.3 74.3 74.3 74.3 74.3 82.3 84.3 86 89 86.4 81.5 81.1 84.1 86.2 88.2 114.2 135.2 122.8 114.1 107.4 102 103.2 105.4 106.4 112.7 115.3 116.3 119.1 121.8 124.2 137 146.4 156.5 166.7 179.6 188.6 194.5 199.5 203.7
131.1 151.7 170.2 184.6 194.8 204.7 214.7 203.5 185 166.8 148.8 133.8 126.3 122.6 121 119.6 116.9 106.4 99.5 112.1 117.9 120.7 116.5 105.8 95.4 86.4 78.3 73.7 74.3 74.3 74.3 74.3 74.3 74.3 74.3 74.3 74.3 74.3 74.3 74.3 74.3 74.3 74.3 74.3 74.3 74.3 74.3 83.2 86.9 83 82.3 83.1 81.6 82.1 87.1 88.7 86 93.1 108 109.8 105.8 103.8 101.2 102 105.1 108 114.4 117.5 119.2 123.5 127.4 128.8 130.5 136.6 150.2 161.9 175.9 184.3 190.7 195.2 200.7
131.8 156.7 175.7 189.9 212.9 224.8 222.7 208.5 194.6 173.4 153.6 134.3 123.3 122.4 125.1 120.4 117.7 108.4 101.7 111.6 115.7 120.7 115.3 102.9 91.4 84.4 78.7 75 74.3 74.3 74.3 74.3 74.3 74.3 74.3 74.3 74.3 74.3 74.3 74.3 74.3 74.3 74.3 74.3 74.3 74.3 75.2 83.2 88.5 84.5 79.6 80.3 80.4 82.4 86.7 91 88.9 84.4 91.5 97.6 99.5 100.3 99.8 97.5 105.9 107.4 112.5 118.1 121.8 125 130.3 132.5 136.2 141.5 144.5 149.8 166.5 176.1 184.1 191 197.9
126.7 154.2 174.1 199 221.9 238.8 232 217.6 204.3 184.1 162.7 146.6 129.8 118.2 119.1 117.3 116.3 110.5 103.8 108.5 112.1 112.2 106.5 96.7 88.4 81.8 77.6 77.3 74.5 74.3 74.3 74.3 74.3 74.3 74.3 74.3 74.3 74.3 74.3 74.3 77.3 77.9 74.3 74.3 74.3 74.3 74 83.6 90 87.4 79.1 79.3 79.1 81.2 85.3 88.5 89 82.8 84 87.6 94 96.4 94.4 99.9 105.6 111.8 114.6 118.5 123.6 127.3 131.1 135.5 140.1 146 155.1 159.3 159 170 182 190.9 199.8
119.4 145.4 170.5 199.3 222 238.9 234.9 219.9 206.5 184.9 166 151.5 136.1 121.1 110.1 108.8 106.7 102.7 101.4 107 105.3 99 93.3 87.7 82.6 79 81 78.7 74.3 74.3 74.3 74.3 74.3 74.3 74.3 74.3 74.3 74.3 74.3 74.3 79.2 82.6 78.5 74.3 74.3 74.3 74.5 85.6 90.1 88.1 80.4 78.4 78 78.6 83.1 84.9 84.6 81.9 83.7 85.5 89.8 91.1 97.9 98.6 103.2 109.2 114.3 118.1 123 128.1 133.6 138.8 144.2 150.4 159 169.2 175.1 176.8 180.2 188 199.8
111.8 134.4 158.6 186.5 212.1 221.4 221.9 208.4 193.9 178.3 161.9 148 134.1 122.4 113.4 103.8 98 96.2 97.3 101.7 98.6 89.6 87.3 82.7 80.8 82.4 84.5 80.4 74.6 74.3 74.3 74.3 74.3 74.3 74.3 74.3 74.3 74.3 74.3 74.3 79.2 85.3 80.2 74.3 74.3 74.3 78 84.5 87.4 87.4 80.6 78.8 77.9 77.4 80.4 84.7 84.5 81.9 83.3 85.2 87.8 91.8 96.2 96.7 98.5 105.4 111.9 117.2 121.9 126.4 132.9 139.7 146.4 151.7 159.1 168.5 178.7 186.8 191.9 194.2 196.7
105.7 123.9 145.1 170.1 191.6 202.4 199.5 189.5 176.1 166.8 153.4 143.2 133.4 122.5 112.5 106.9 97.7 90.9 90.7 89.3 87 83.9 83.7 84.5 84.3 84.5 86.7 85.4 79.8 74.3 74.3 74.3 74.3 74.3 74.3 74.3 74.3 74.3 74.3 74.3 74.5 81.8 79.3 74.3 74.3 74.3 79.6 81 84.4 84.5 81.9 78.1 78.5 77.3 78.3 83 83.8 81.5 82.9 83.9 86.1 87.6 91.1 96.5 97.5 103.3 109 115 121.3 126.5 131.4 137.1 143.1 148.9 158.8 167.9 177 184.5 191.2 197.5 202
97.2 113.8 132.4 154.8 174.8 184.7 180.8 174.2 163.4 152.9 143.8 139.4 130.4 117.1 112.2 107.6 103.3 92.1 88 86.1 85 83.8 84 87.4 87.7 87.9 91 91.7 84.4 74.3 74.3 74.3 74.3 74.3 74.3 74.3 74.3 74.3 74.3 74.3 74.3 76.8 74.3 74.3 74.3 74.3 80.5 74.3 76.8 81.5 82 78.1 78.1 77.1 76.4 79.8 80.6 79 80.4 81.7 84.1 87.1 89.7 93.7 96.7 100.7 105.7 112.5 118.8 124 131 135.8 141 146.6 155.3 163.6 174.1 183.4 191.6 198.1 205.6
90.1 105.9 123 144.5 164.6 175.9 174.2 166.3 153.1 142.4 136.8 135.6 126.8 115.9 111.7 108.5 102.7 95.9 91.8 89.3 86.9 85.7 85.3 88.8 92 92.1 93.6 92.2 86.3 76.9 74.3 74.3 74.3 74.3 74.3 74.3 74.3 74.3 74.3 74.3 74.3 74.3 74.3 74.3 74.3 74.3 74.3 74.3 75.5 79.8 79.7 77.1 77.5 77.2 77.5 78.4 79.6 79.7 81.5 82.2 84.8 87.9 90.7 92.6 97.2 101.3 105.5 111.8 117.8 122.6 128.8 133.8 139.2 145.1 152 159.8 166.7 177 191.1 202.2 209.1
90 99.2 114.3 134.2 157.9 173.9 170.5 159.2 148.7 136.6 132.9 130.5 123.5 118.5 113.7 111 105 97.7 94.5 92.6 90.7 88.9 87.7 90.3 96.1 93 93 90.4 85.1 75.1 74.3 74.3 74.3 74.3 74.3 74.3 74.3 74.3 74.3 74.3 74.3 74.3 74.3 74.3 74.3 74.3 74.3 74.3 74.3 76 75.7 74.7 75.3 76.5 77.6 78.7 79.1 78.9 79 80.6 86.1 89.3 91.8 95.3 98.2 102.3 106.6 110.7 116.2 121.1 126.6 132.8 137.8 143.3 150.7 157.4 163.8 172.4 185.6 196.4 205.3
91.3 96 106.6 126.5 154.5 176.7 167.3 153.9 141.1 134.3 127.4 120.7 121.2 120.7 116.3 113.8 109.1 101 99 98.9 95 92 90.7 94.4 99.3 92 90.9 87.9 82.8 74.3 74.3 74.3 74.3 74.3 74.3 74.3 74.3 74.3 74.3 74.3 74.3 74.3 74.3 74.3 74.3 74.3 74.3 74.3 74.3 74.3 73.8 73.7 76.6 76.7 76.7 76.9 77.1 77.3 77.8 78.8 86 87.7 92 96.7 99.8 102.5 105.1 109.4 114.3 119.5 124.9 131 136.1 141.6 147.5 154.4 161 170.3 181 190.8 202.4
91.2 96.1 102.1 119.8 148.2 181.9 167.9 152.5 138 131.2 123.4 118.6 118.9 121.3 121 117.7 113.7 105.7 101.7 103.7 100.7 94.1 92.9 96.8 95.3 89.9 89.3 86.1 82 74.3 74.3 74.3 74.3 74.3 74.3 74.3 74.3 74.3 74.3 74.3 74.3 74.3 74.3 74.3 74.3 74.3 74.3 74.3 74.3 74.3 74.3 74 76.6 76.7 76.6 76.5 76.7 77.1 77.3 77.9 83.2 86.3 90.6 95.7 100.1 103.2 105.3 109.7 114.1 118.3 123.2 128.8 134.5 140.3 146.7 152.7 160.6 171 183.8 195.5 210.4
90.2 95.6 100.7 112.4 142.1 177.9 165.8 146.9 134 125 118.3 115.2 117.6 122 124.1 118.6 110.8 103.3 102.7 104.1 103.6 95.7 92.6 91.4 89.2 87.1 87.5 84.1 80.7 74.3 74.3 74.3 74.3 74.3 74.3 74.3 74.3 74.3 74.3 74.3 74.3 74.3 74.3 74.3 74.3 74.3 74.3 74.3 74.3 74.3 74.3 74.3 76.3 76.9 77 77.1 77.4 77.3 77.3 78.2 81.4 85.2 90.5 95 99.8 104.1 106.8 109.7 114.7 118.7 123.2 128.6 134.1 140.1 147.1 154.7 163.9 175.9 187.6 202.4 218.5
89.5 94.7 98.3 108.5 129 158.7 154.2 138.7 127.2 118.7 113.4 113.7 116.4 121.3 123.2 114.6 104.9 102.5 101.9 101.9 101.8 94.3 91.2 88.9 86 86.8 88.2 86.4 77.4 74.3 74.3 74.3 74.3 74.3 74.3 74.3 74.3 74.3 74.3 74.3 74.3 74.3 74.3 74.3 74.3 74.3 74.3 74.3 74.3 80.4 76.8 74.3 74.3 75.2 76.8 78.8 82.1 81.4 78.9 78.2 81 86.2 93.4 96.1 99.3 105.1 109 109.6 115 119.5 123 127.1 133 140.7 149.6 161.5 173 184.2 198.2 214 228.9
85.3 93.9 97.7 105.9 120.4 136 137.2 127.1 119.1 113.4 111.6 112.3 114.8 118 116.3 107.7 101.8 100.9 101.4 99.1 96 92 91.2 89.1 85.6 87 89.1 85.5 74.3 74.3 74.3 74.3 74.3 74.3 74.3 74.3 74.3 74.3 74.3 74.3 74.3 74.3 74.3 74.3 74.3 74.3 74.3 74.3 76.4 82.1 81.4 74.3 74.3 74.3 76.9 81.1 86.5 85.4 81.8 79.2 83.6 86.5 92.8 96.8 99.8 105 110.9 110.2 114.5 119.7 122.7 126.1 133 143.1 156.3 172 185.7 196.6 211 227 239.7
85.1 92 96.2 102.8 118.6 130.1 125.8 116.7 112.2 109.4 109.8 109.7 110.4 109.7 105.9 101.7 98.9 95.8 96.4 95.6 92.3 90.6 91.1 91.3 83.6 86.1 87.4 78.5 74.3 74.3 74.3 74.3 74.3 74.3 74.3 74.3 74.3 74.3 74.3 74.3 74.3 74.3 74.3 74.3 74.3 74.3 74.3 74.3 75.5 82.7 81.1 74.3 74.3 78.2 78.9 82.1 88.4 88 83.8 80.2 84.5 84.7 91 95.9 98.7 103.1 108.7 110.4 113 117.9 121.2 125.9 138.5 152.3 169.9 185.3 199.5 215.7 229.4 243.4 255.7
85.9 88.2 92.2 101.7 112.9 127.5 117.1 109 104 104.4 105.6 105.1 104.5 103 99.2 97.1 92.1 89.1 90.5 89.5 89.5 93.4 93.3 89.1 81.6 83 82.6 74.3 74.3 74.3 74.3 74.3 74.3 74.3 74.3 74.3 74.3 74.3 74.3 74.3 74.3 74.3 74.3 74.3 74.3 74.3 74.3 74.3 74.3 80.8 79 74.3 74.3 80.9 80.9 79.8 87.2 87.2 81.8 81.9 82.7 83.8 89.3 92.7 94.8 101.2 107.7 109.8 111.8 116.4 121.8 131 147 168.4 189.1 206.6 220.3 234.1 248.2 261.4 274.4
86.2 89.9 94.9 104.4 111.8 122.1 109.9 102.5 99.2 101.4 99.7 99.7 97.9 97.5 94.7 91.8 87 85.7 83.2 84.1 90.2 99.3 94.6 87.5 81.6 79.4 77.6 74.3 74.3 74.3 74.3 74.3 74.3 74.3 74.3 74.3 74.3 74.3 74.3 74.3 74.3 74.3 74.3 74.3 74.3 74.3 74.3 74.3 74.3 74.3 74.3 74.3 74.3 81.7 82.2 77.3 81.7 81 79.2 81.8 81 83.7 86.4 89.4 93 99.4 104.8 108 111.5 117.6 125.5 139.3 158.7 185.5 212.3 232 247 258.4 273.6 286.2 297.7
87.5 93.3 99.5 107.2 110.7 110.9 102.6 99.2 98.9 96.7 97 96.4 93.3 91.8 91.1 87.5 83.6 81.6 81.2 82 91.7 102.8 95.9 87.5 81.3 77.8 74.3 74.3 74.3 74.3 74.3 74.3 74.3 74.3 74.3 74.3 74.3 74.3 74.3 74.3 74.3 74.3 74.3 74.3 74.3 74.3 74.3 74.3 74.3 74.3 74.3 74.3 74.3 82.1 81.6 77.9 79.3 81.1 79.7 78.6 79.8 81.8 85.6 87.6 91.1 95.8 101.7 105.8 111.3 121.3 132.7 149.5 174.8 205.3 236.8 259.2 275 288.9 298.1 309 318.4
88.7 95.4 99.4 102.4 104.5 104 99.6 96.8 96.5 96.9 95.1 94.3 91.4 90.6 90.6 86.9 83 81.2 80.8 81.1 88.8 100.3 97.9 83.9 79.4 77.6 74.3 74.3 74.3 74.3 74.3 74.3 74.3 74.3 74.3 74.3 74.3 74.3 74.3 74.3 74.3 74.3 74.3 74.3 74.3 74.3 74.3 74.3 74.3 74.3 74.3 74.3 74.3 80 80 78.1 81.3 82.9 79 78.7 78.8 80.8 84.3 87 90.3 94.3 99.2 104.5 111.8 125.2 141.7 163.8 191.3 220.3 254.5 278.8 305.9 315.5 319.1 327.8 329.6
89.3 98.1 97.7 99.3 99.5 99.7 96.6 96.1 97 98.2 94 96 90.1 89.3 89.5 86.8 82.1 81 80.2 79.7 84 92.1 92.9 81.2 79 78.2 74.3 74.3 74.3 74.3 74.3 74.3 74.3 74.3 74.3 74.3 74.3 74.3 74.3 74.3 74.3 74.3 74.3 74.3 74.3 74.3 74.3 74.3 74.3 74.3 74.3 74.3 74.3 77.4 77 77.4 81.3 82.5 79.8 78.4 78.6 80.2 84 87.6 90.8 94.7 100.2 107.6 117.5 133.9 152.8 178.3 205.2 237.6 272.9 308.6 333.3 333.5 330.9 330.5 331
91.8 98.5 98.1 96.2 96.4 95.3 93.7 94.5 96.8 98.7 92.8 92.8 89.7 87.9 88.1 88.8 87.3 81.6 80.1 79 79.4 83.8 87 79.4 78.6 78.4 74.3 74.3 74.3 74.3 74.3 74.3 74.3 74.3 74.3 74.3 74.3 74.3 74.3 74.3 74.3 74.3 74.3 74.3 74.3 74.3 74.3 74.3 74.3 74.3 74.3 74.3 74.4 80.6 77.7 77 79.3 80.8 81.2 78.7 78.4 79.8 82.8 86.2 91.4 97.5 105.2 115.7 126.9 144.1 169.4 194.6 223.2 262.7 305.6 339.8 347.7 344.1 339.1 337.8 335
93.6 99.7 99.3 95.2 93.3 93.3 93.7 93.8 94.8 92.6 92.3 92.7 90.9 88.8 92 95.1 93.4 86.1 80.4 78.3 78.1 75.9 76 75.4 78.1 78.7 74.3 74.3 74.3 74.3 74.3 74.3 74.3 74.3 74.3 74.3 74.3 74.3 74.3 74.3 74.3 74.3 74.3 74.3 74.3 74.3 74.3 74.3 74.3 74.3 74.3 74.3 74.3 80.3 76 74.8 78.2 79.4 76.4 77.9 78.4 80 81.2 85.7 95.6 103 112.9 126.1 139.8 160 184.8 212.4 250.9 293.5 344.2 360.5 353.6 349 341.5 340.7 338.5
92.6 96.9 97.9 92.5 92.8 93.5 93.5 93.7 94.2 95.5 93.3 92.8 94.1 97.6 97.7 97.3 93.2 86.1 79.1 77.4 77 74.3 74.3 74.3 74.6 78.1 74.3 74.3 74.3 74.3 74.3 74.3 74.3 74.3 74.3 74.3 74.3 74.3 74.3 74.3 74.3 74.3 74.3 74.3 74.3 74.3 74.3 74.3 74.3 74.3 74.3 74.3 74.3 74.3 74.3 74.3 74.6 74.3 74.7 77.3 78.7 80.2 81.5 89.2 100.4 110 121.6 137.8 155.1 176.2 202.6 238.1 278.6 321.5 357.1 363.6 357.2 350.1 345.8 343.8 340.8
92.1 93.6 92.6 92.9 93.2 93.4 93.9 94.3 94.9 94.6 93.9 94.6 98.8 104.4 102.3 97.8 92.5 84.9 79.2 77.3 75.3 77 74.3 74.3 74.3 74.3 74.3 74.3 74.3 74.3 74.3 74.3 74.3 74.3 74.3 74.3 74.3 74.3 74.3 74.3 74.3 74.3 74.3 74.3 74.3 74.3 74.3 74.3 74.3 74.3 74.3 74.3 74.3 74.3 74.3 74.3 74.3 74.3 74.3 77.2 79.5 81.4 83.7 94.4 107 117.7 133.5 150.3 168.2 193.1 225.3 267.1 317.4 349.9 363 363.1 358 352.9 347.9 345.6 341.6
96.3 93.9 93.2 94.5 94.2 93.9 94 95.1 95.1 94.7 95.3 96.4 101.1 105.9 104.6 97.5 90.7 85.2 79.7 77 76.6 75.7 74.3 74.3 74.3 74.3 74.3 74.3 74.3 74.3 74.3 74.3 74.3 74.3 74.3 74.3 74.3 74.3 74.8 74.3 74.3 74.3 74.3 74.3 74.3 74.3 74.9 74.3 74.3 74.3 74.3 74.3 74.3 74.3 74.3 74.3 74.3 74.3 74.3 77.5 81.3 84.7 90.9 100.9 113.5 126.3 143.7 163.3 186.6 213.8 256.1 306.8 360.5 359.6 359.4 361.3 358.9 354.2 349.8 347.4 343.5
99.9 98.2 97.2 98.7 100 100 100.5 99.1 98.3 96.6 97.4 100 103.1 106.1 106 101.7 94.1 87.6 80.6 76.7 73.7 74.3 74.3 74.3 74.3 74.3 74.3 74.3 74.3 74.3 74.3 74.3 74.3 74.3 74.3 74.3 74.3 79.9 77.2 74.3 74.3 74.3 74.3 74.3 74.3 74.3 74.3 74.3 74.3 74.3 74.3 74.3 74.3 74.3 74.3 74.3 74.3 74.3 74.3 78.6 84.6 91.1 97.9 107.8 120.7 134.7 155.9 178.6 205.4 241.7 289.6 355.2 367.1 367.6 362.7 360.4 356.4 352.5 349.8 346.9 343.3
102.1 102 101.8 103.5 104.8 105.3 105.8 104.4 102.8 100.5 100.8 104.8 107.8 109.6 111.2 108.8 101.5 91.6 82.9 79.6 78.1 74.3 74.3 74.3 74.3 74.3 74.3 74.3 74.3 74.3 74.3 74.3 74.3 74.3 74.3 74.3 74.4 80.5 74.3 74.3 74.3 74.3 74.3 74.3 74.3 74.3 74.3 74.3 74.3 74.3 74.3 74.3 74.3 74.3 74.3 74.3 74.3 74.3 74.3 81.7 89.5 95.8 102.1 113.8 129.9 146.2 167.1 193.9 222 260.1 308 359.2 374.9 372.2 370.2 364.2 358 353.4 349.8 346.5 343.7
105.3 105.3 106.3 108.6 109.8 110.4 111.2 110.2 108.6 106.4 108.2 113.1 115.8 117.7 120.5 118.9 111.8 98.8 87.9 82.1 82.5 78.9 74.3 74.3 74.3 74.3 74.3 74.3 74.3 74.3 74.3 74.3 74.3 74.3 74.3 74.3 77.9 78.2 74.3 74.3 74.3 74.3 74.3 74.3 74.3 74.3 74.3 74.3 74.3 74.3 74.3 74.3 74.3 74.3 74.3 74.3 74.3 74.3 76.6 85.8 92.7 99.2 106.6 122 140.5 159.5 184.3 210.6 249.3 288.8 316.3 354.7 367.1 368.3 366.9 364.9 359.9 356.7 352.4 349.3 344.6
110.5 109.6 112.3 113.8 115.2 115.7 115.8 115.9 116.8 113.9 121.3 126.3 128.7 130 137.7 132.5 118.8 102.8 89.2 82.2 81.5 79.7 74.3 74.3 74.3 74.3 74.3 74.3 74.3 74.3 74.3 74.3 74.3 74.3 74.3 74.3 77.6 74.3 74.3 74.3 74.3 74.3 74.3 74.3 74.3 74.3 74.3 74.3 74.3 74.3 74.3 74.3 74.3 74.3 74.3 74.3 74.3 75.6 81.7 87.4 94.2 104.1 117.1 132.9 152.4 177 204.7 247.9 292.2 331.3 334.2 359.4 361.6 363.3 362.4 360.6 357.7 354.5 351 348.5 342.2
115.5 116.3 117.1 118.6 120.3 121.6 121.3 122 123.9 127.7 132.4 140.2 145.3 152.7 166.7 152.5 129.7 108.4 91.7 80.9 79.2 77.8 74.3 74.3 74.3 74.3 74.3 74.3 74.3 74.3 74.3 74.3 74.3 74.3 74.3 74.3 74.3 74.3 74.3 74.3 74.3 74.3 74.3 74.3 74.3 74.3 74.3 74.3 74.3 74.3 74.3 74.3 74.3 74.3 74.3 74.3 74.3 78.8 82.6 89.6 98.8 111.9 126.8 142.4 164.7 191.8 237.5 307.4 332.9 347.6 354.1 354.6 357.1 356.7 356.5 356.3 353.8 353.3 351.5 348.2 348.6
120.1 121 121.8 125.4 127 129.2 129.9 130.4 134.1 147.1 155.8 165.7 171 179.7 186.9 166.9 140.2 115.1 96.3 83.7 77.7 74.9 74.3 74.3 74.3 74.3 74.3 74.3 74.3 74.3 74.3 74.3 74.3 74.3 74.3 74.3 74.3 74.3 74.3 74.3 74.3 74.3 74.3 74.3 74.3 74.3 74.3 74.3 74.3 74.3 74.3 74.3 74.3 74.3 74.3 74.3 74.3 80.6 82.1 93.8 105.6 120.3 137.5 153.6 175.7 209.4 277.8 324.2 336.9 342.3 346.7 349.5 352.1 352.4 353.6 353.6 353 352.7 352.5 349.1 349.8
125.5 125.3 126.1 129.4 134 137.2 140.1 142.2 152.5 168.5 180.7 192.1 198 208 195.4 171.6 145.5 120.9 101.9 87 77.9 74.3 74.3 74.3 74.3 74.3 74.3 74.3 74.3 74.3 74.3 74.3 74.3 74.3 74.3 74.3 74.3 74.3 74.3 74.3 74.3 74.3 74.3 74.3 74.3 74.3 74.3 74.3 74.3 74.3 74.3 74.3 74.3 74.3 74.3 74.3 76.3 81.8 82.1 97.6 110.6 124.8 143 162.8 188.1 225.9 275.2 314.7 326.5 334.4 343.3 344.4 345.6 347.8 352.1 353.5 353 352.6 350.7 350.7 350.6
