public/OST50/NY22.asc
ncols 200
nrows 200
xllcorner 320000
yllcorner 520000
cellsize 50
[rows 108 to 143 of 200, columns 81 to 161 of 200]
73.1 72.7 72.7 72.9 72.6 72.6 72.8 72.9 72.9 73 73.1 73.3 73.6 73.8 73 73.7 73.9 73.8 73.7 73.6 73.6 73.6 73.6 74.6 74.3 74.9 74.3 74.4 74.8 75.2 75.7 75.8 75.9 76.2 76.4 76.9 76.9 76.6 77 78.1 78.9 79.6 79.9 80.4 80.7 80.9 83.4 87.9 85.6 84.6 85.8 89.3 90.8 91.5 93.6 100.1 104.6 111.3 120.4 128.5 135.3 141.9 151.9 169 192.3 216.4 240.9 260.2 281.3 297.5 313.6 332.8 339.5 345.2 342.5 337.1 327.2 315.7 300.5 285.7 284.1
72.9 72.6 72.9 73 72.7 72.4 73.1 73.1 73.1 73.1 73.2 73.3 73.6 73.3 73.7 73.2 73.1 73.7 73.8 73.9 73.6 73.7 73.9 74.1 74.6 75.7 74.4 74.6 74.8 75.2 75.7 76 76.1 76.8 77.8 78 78.1 78.6 79.1 79.7 79.4 79.5 79.8 80.4 80.3 80.7 81.5 83 83.9 83.4 84.6 87.9 90.6 91.8 92.4 97.8 102.9 111.1 119.2 127.7 133.5 139.9 150.9 167.3 190.6 214.8 236.1 248.5 261.7 276.1 292.7 309.8 322.9 329.2 321.7 310.8 299.9 290.8 281 270 269.6
73.1 73 73.4 73.1 73 72.9 72.4 73.1 73.1 73.2 73.4 73.5 73.7 73.4 73.4 73.3 70.9 73.3 74.1 74.1 73.8 73.8 74 74.1 74.1 74.1 74.5 75 75.2 75.3 77.4 76.6 77.2 76.6 77.3 78.7 81.3 80.2 78.9 79 78.5 78.7 79.9 82.9 83.6 82.4 85.7 83.4 83.3 83.2 84.1 87.5 90.8 92.6 92.3 97 102.7 107.7 114.4 122.6 128.8 134.5 147.4 166.2 188.6 213.3 225 230.8 239.8 252.4 269.7 291.9 307.9 305 297.6 288.8 278.3 268.6 259.9 252.1 257.9
73.2 73.1 73.3 73.2 73.2 73 72.6 73.2 73.3 73.4 73.5 75 76.7 74.8 74.6 73.8 73.6 74.2 74.2 74.3 74 73.9 74 74 74.1 74.1 74.2 75.4 76.8 74.9 76.1 80.5 84 77.8 76.9 78.1 84.3 88.6 87.9 81.1 79 78.8 79.9 81.5 82.4 86 89 87 87.8 90.3 90.7 86.9 89.7 92.2 93.1 96.4 101.3 105.7 110 115.1 121 127.4 140.2 160 185.4 202.9 203.3 205.3 215.9 230.3 248.5 274.6 287.8 280.7 274.7 268.5 257.7 247.7 243.1 236.3 249.3
73.4 73.3 73.3 73.3 73.3 73.2 72.9 72.7 73.2 73.2 73.2 76.6 81.6 83.3 79.5 73.6 74.2 74.2 74.2 74.1 74 74.1 74.3 74.4 74.6 75.1 76.4 74.7 74.4 74.8 75.1 77.7 82.6 80.1 76.4 76.2 81 88.1 90.9 86.9 82.7 81.3 83.3 86.1 88.3 86.7 88.7 93.1 97.6 92.9 89.4 90.7 90.6 90.8 91.4 94.8 97.8 103.1 107.9 111 114.4 119.3 132.2 150.3 173.9 181.7 177.4 180.8 189 206.2 224.9 248.4 247.9 249.6 252.1 247.7 240.4 231.3 225.9 224.4 237.1
73.6 73.5 73.6 73.6 73.6 73.4 73.3 73.1 72.3 73.2 73.3 75.2 80.3 85.5 93.2 76.1 74.2 74.3 74.3 74.2 74.1 74.2 74.4 74.8 75.2 74.7 74.5 74.4 74.6 74.9 75.2 75.6 78.9 81.6 77.3 76.4 78.9 86.2 89.5 91.1 88.7 85.9 88.9 92.1 95.7 92.9 89.2 93 100.1 100.2 97.4 95.3 93.2 93.7 95.7 96 100.7 104.3 104.7 107.1 107.8 110.7 121.7 139.6 156.3 158.8 156.6 161.2 167.4 179.8 197.3 213.5 216.8 221.1 227.6 227.4 220.2 211.6 208 213.5 221
73.7 73.7 73.8 73.9 73.9 73.5 73.4 73.2 72.8 73.2 73.3 73.7 77.8 86.1 86.3 80.2 71.4 74.5 74.5 74.1 74.3 74.3 74.6 76.5 74.7 74.6 74.5 74.6 74.8 75.1 75.4 75.7 76.3 79.6 78.7 76.9 77.6 81.8 87.6 91.1 91.3 90.2 91.5 97.2 101 100.7 91.1 90.3 89.6 99.1 97.7 94.3 92.8 92.9 94.4 95.8 100.2 101.6 103.3 103.9 103.7 105.2 110.2 125 138.7 140.8 139.4 147.1 152.9 159.8 169.5 180 187.3 193.2 196.2 198.7 194.9 191 187.8 194.1 197.3
74 74 74 74.1 74 73.5 73.5 73.3 73 73.1 73.2 73.7 77.8 84.1 84.5 81.8 75.7 71.4 74.1 74.3 74.4 74 77.1 75 74.7 74.6 74.7 74.9 75 75.3 75.5 75.8 76 76.4 76.8 77 77.1 78 83.3 86.9 89.1 91.8 92 96.7 99.7 101.5 96.4 86.4 88.1 90.1 94.8 93.6 93.1 91.4 91.7 92.8 100.5 106.2 106.1 102.4 104.9 108 108.8 112.7 120.5 124 128.8 138.9 140.8 143.5 148.2 155.3 159.9 166.6 169 171.8 172.1 171 170.4 175.8 177.4
74.4 74.2 74.3 74.4 74.1 73.7 73.6 73.4 73.3 73.1 73.1 73.2 75.9 80.4 83.8 84.3 80.9 77.2 71.4 74.9 73.8 77.1 74.8 74.8 74.8 74.8 75 75.2 75.2 75.5 75.7 75.9 76.1 76.5 76.7 76.9 77 77.6 78.3 80.7 83.4 86 88.9 91.6 93.8 94.4 93.1 83.9 83.6 85.1 86.7 88.6 89.5 89.1 88.9 92.2 98.6 104.3 105.8 104.4 102.4 99.6 104.2 106.8 113.2 115.3 116.7 120.5 125.2 126.8 129.2 134.5 139.9 143.6 147.3 150.7 154.1 154 156.1 159.6 158.1
74.6 74.3 74.6 74.6 74.1 73.9 73.5 73.4 73.2 73 73.1 73.2 73.5 78.2 82.7 85.5 85.4 82.4 76.3 74.5 71.4 74.4 74.3 74.5 74.7 74.9 75.1 75.3 75.3 75.5 75.7 75.9 76.2 76.5 76.6 76.8 76.9 77.7 77.8 77.6 78 80.2 82.4 85.8 87.5 87.6 86.6 82.3 82.2 81.8 81.3 82.6 84.2 86.9 89.6 91.3 95.5 99.5 99.4 98.8 100.7 98.9 100.1 104 109 112.3 114.5 115.1 116.2 117.1 121 126.1 128.1 129.2 130.9 133.4 137.1 138 141 143.7 137
74.9 74.6 74.5 74.7 74.2 73.8 73.5 73.3 73.2 73.1 73.2 73.3 73.4 76.1 80 83.4 86.1 84.6 80.6 76.9 74.6 73.2 74.3 74.6 74.6 74.9 75.1 75.2 75.3 75.8 75.8 75.9 76.3 76.4 76.5 76.8 76.9 77.7 77.6 77.8 78.1 78.2 78.5 79.5 80.8 80.8 79.6 80.7 82.6 80.9 80.3 81 83.3 88.8 94.1 95.3 95 96 97.4 98.6 98.5 98.9 99.9 103.2 104.4 107.8 110.2 110.6 109.2 107.9 111.6 116.4 121.1 125.3 127.4 131.5 131.2 128.1 127.6 129.3 112.9
75 74.8 74.8 74.7 77.2 78.7 73.6 73.6 73.3 73.3 73.4 73.5 73.6 72.9 76.4 79.5 81.6 84 79.6 75.3 74.3 72.9 74 74.3 74.5 75 75.1 75.1 75.3 75.9 76.3 76.6 76.1 76.1 76.4 76.8 77 77.6 77.7 77.6 78.3 78.7 78.3 79.1 79 79.6 79.2 79.9 80 80.1 80.4 82.2 83.8 87.2 94.6 97.3 97.9 97.6 99.8 102.1 103.1 104.2 103.7 104.4 107.1 107.3 106.2 106.1 105.1 105.5 107.6 113.4 116.1 117.9 119.7 123.3 122.9 117.3 114.4 107.8 91.4
75.2 75.2 75.2 74.8 80.9 87.3 77.6 73.6 73.5 73.5 73.5 73.8 73.9 73.6 74.5 75.9 76.3 77.8 78.1 76.9 74.9 73.6 75.3 75.5 75.3 75.3 75.4 75.5 75.6 76.2 76 75.8 76 76.2 76.3 76.7 77.1 77.5 77.6 77.7 77.9 78.4 78.4 79.2 78.5 75.9 75.9 76.4 80.3 80.3 80.1 83.1 85.7 87.2 92.3 98.1 100 100.4 99.6 102 103.9 106.5 108.1 108 108.9 110.1 108.4 105.7 103.2 104.2 104.8 102.4 100.8 88.9 98 106.9 109 104.3 97.7 91.7 97.6
75.5 75.5 75.4 75.3 82.6 86.5 79 78.3 76.2 75 75.8 76.5 74.3 73.6 73.8 74.4 76.4 77.3 78.1 76.4 75.5 72.2 75.4 75.7 75.2 75.6 75.5 75.6 76.2 76.1 75.7 75.7 76 76.2 76.4 76.7 77 77.3 77.6 77.7 77.9 78.2 78.1 75.5 78.5 80.3 80.1 80.6 76.6 80 79.8 80.4 83.9 90 90.1 98.2 101.4 101.6 99.2 99.6 101.1 103.3 104.8 104.9 106.2 108 106 103.1 96.9 85.1 85.7 85.7 90.2 93.5 92.6 89.3 93.6 92.2 92.1 100.8 107.5
76.2 75.9 75.8 76.9 86.1 82.5 83.6 83 80 79.4 79.1 77.7 73.8 73.6 74 74.2 75.7 76.3 78.1 77.6 76.5 75.4 72.2 75.1 75.2 75.7 75.6 76.4 75.1 76.1 75.9 75.8 76 76.1 76.3 76.6 76.8 77 77.3 77.6 78 78.3 78.5 76.1 80.4 80.1 79.7 82.1 85 77.1 80.2 80.3 80.4 87 87.8 91.2 95.5 98 95.8 95.1 96.2 95.4 98.4 99 99.9 101.3 101.6 90.6 84.8 90.3 90.8 92.1 93.3 95.1 96.4 96.9 100.3 103.1 108.5 114.5 119.9
76.3 76 75.8 79.8 85.5 83.3 86 86.6 83.8 83.3 81.3 77.6 74 73.8 74.1 75.8 75.4 75.4 79 81.6 84.3 82.6 79.6 74.9 74.9 75.7 75.7 73.5 75.8 73.5 73.5 75.9 76 76.1 76.3 76.6 76.9 77.1 77.2 77.6 78 78.2 78 75.5 78.7 79.2 79.7 83.8 88.9 90 77.2 80.4 80.9 80.7 83.2 83.5 88.8 91.7 91.5 91.8 92.6 90.8 92.9 91.9 92.3 92.4 91.4 83.7 90 91.1 92.2 93.3 94.4 95.7 96.3 101.3 104.7 111.6 115.6 118.4 122
76.5 76.1 76.2 78 78.3 81.3 84.7 87.8 88.6 88.9 84.7 77.8 74.4 73.8 74.5 75.1 75.3 76.3 83.5 89.4 91 87.2 83.9 80.3 72.6 72.3 72.5 75.5 75.4 75.9 73.5 76 76.1 76.2 76.3 76.5 76.8 77.1 77.2 77.5 77.4 77.6 78.1 78.4 78.6 78.8 79.5 82.3 87.7 92.1 89.7 77.4 81.4 81 81.4 81.8 82 87.4 92.4 92.6 93.4 89.4 89.1 88.5 89.1 88.5 83.7 90.2 90.5 91 92.3 92.8 94.1 95 97 100.6 106 110.6 114.4 117.8 121.6
76.6 76.9 76.9 75.9 76 78.4 83.7 90 96.4 95.1 86.9 79 74.5 72.2 75 77.3 80.1 80.7 86.6 92.9 96 91.8 87.8 83.6 77.8 77.3 79.2 82.3 81.6 76.3 75.9 73.6 76.2 76.3 76.4 76.4 76.7 77 77.3 77.5 77.7 77.5 77.7 78.1 75.5 79.1 79.5 80.4 83.6 90.2 91.9 88 78 81.2 81.8 82.2 82.1 83.6 90.2 92.8 93.5 89.8 87.4 87.4 87.4 83.4 89.5 90 90.4 90.5 91.4 93.4 96.1 97.3 101.1 108 110.9 112.3 116 120.2 126.1
76 76.8 76.6 75.9 75.9 78.3 88.2 95.4 94.3 92.9 84.6 77.6 74.7 74.1 76.5 81.5 86.6 88.6 85.2 93.2 97.8 94.1 90.7 85.8 81.2 81.3 85.8 90 87.9 82.5 77.9 73.7 75.6 75.9 76.3 76.6 76.9 77.2 77.5 76.1 74.1 74.1 78.4 78.7 78.7 78.6 78.5 78.7 82 85.8 89.2 90 83.2 79.7 82.2 82.2 82.5 84.5 83.9 89.9 93.1 92.9 86.5 82.2 83.1 88.6 89.8 90.4 90.5 91.2 94.3 98.3 104.3 107.8 109.4 111.5 114.9 116.7 118.9 124.5 128.8
76.6 76.8 76.2 76 75.9 76.5 78.1 89.1 84.6 80.2 78.1 76.4 74.5 74.2 76.7 81.6 87.2 90 90 88.4 94.5 91 89.3 86.4 81.7 82.2 87 91.4 91.6 84.8 80 73.7 75.9 76.3 76.7 76.8 77 77.4 74.1 77.4 77.6 78.1 77.9 78.3 78.4 78.2 78.4 78.8 80.1 81.7 84.6 87 83.5 83.3 79.3 82.3 83 83.4 83.4 84.9 85.7 85 82.2 87.7 89.6 89.6 90.5 91.2 91.6 92.7 97.5 101.7 104.5 106.4 107.3 109.8 114.1 118.5 123 128.1 133.2
77.5 77 76.4 76.1 75.9 75.7 76.9 76.9 75.5 76.1 74.9 74.5 74.4 74.3 75.7 80 85.4 89.5 91.1 90.3 88.4 85.2 85.5 83.5 82 80.9 84.3 88 90.1 85.9 81.7 77.5 75.7 76.9 77 77 77.2 76.8 77.4 77.2 77.2 77.3 77.7 77.9 78.1 78.2 78.5 78.9 79.9 80.4 81.2 82.1 82.6 83.6 83.5 79.1 82.5 83.1 82.7 83.1 81.5 85.5 86.7 88.6 89.6 89.6 90.8 91.4 92.9 94.2 96.2 99.1 101.5 105.6 110.4 111.9 115.5 119.6 123.6 130.3 136.6
77 77.2 76.7 76.4 76.2 76.1 75.7 75.7 76.8 75.9 75.3 74.5 74.4 74.2 75.5 79.9 84.2 88.9 92.6 93.2 89.7 85.3 82.4 81.3 80.6 79.1 81.3 84.5 85.5 84.9 81.3 75.3 76.2 73.7 75.7 75.7 74.1 77.2 77.2 77 77.1 77 77.1 77.2 78.5 78.6 78.6 79.1 79.9 80.3 80.7 82.2 82.3 84.1 85.6 86.8 84 82.1 83.5 84.3 84.4 86 87.3 88.4 89.7 90 90.6 91.6 93.3 94.8 96.3 98.6 102.7 109.3 115.5 119.2 123.6 126.9 128.6 134 139.3
76.7 76.6 77.4 77.6 77.4 77.2 75.1 76 76 75.9 75.7 75.2 74.7 74.5 74.5 78.5 83.4 88 94 96.6 94.7 89.9 83.6 81.3 79.7 78.3 78.6 80.8 81.9 81.6 79.2 73.7 76.4 76.7 76.8 76.8 76.7 76.9 77 77.2 77.3 76.7 76.9 78 80.1 83.5 83.7 82.8 81 81 81.2 83.1 83.3 85.7 88.4 87.9 86.5 85.5 84.6 84.9 85.3 86.3 87.6 89.1 90.5 90.7 90.7 92.3 93.6 95.4 98.4 100.7 106.3 114.8 119.4 124.3 130.6 134.2 136.4 138.1 144.2
77.1 77 76.8 76.6 76.5 76.5 76.6 76.2 76.1 75.9 75.7 75.5 75 74.8 74.8 76.7 81.4 86.6 90.8 95.3 99.6 96.3 86.6 82.1 80.5 78.4 76.9 77.2 78.5 78.3 77 73.9 75.1 75.8 75.9 76.2 77.9 78.7 78.8 78.5 78 77.7 77.7 77.5 82.2 87.3 88.2 86.8 84.3 81 81.2 83.4 85.1 87.4 88.7 88.2 87.4 86.9 85.8 85.7 85.9 86.7 88 90.6 94.3 94.8 92.5 92.5 93.6 96.5 100.3 104 109.4 119.5 125 130.3 135.9 140.9 144 146.5 149.5
77.4 77.2 77 76.9 76.8 76.7 76.9 76.4 76.1 75.9 75.7 75.5 75.3 75 74.9 75.2 78.3 83.1 89.3 92.4 98.3 102 96.7 82.7 78.9 77.2 76.9 76.7 76.5 76.5 76 75.3 74.6 75.2 74.8 75.5 77.6 79 79 78.7 78.3 78.1 78 77.6 81.5 88 91.7 89.3 85.2 80.5 80.6 82.3 85.4 88 90.1 88.6 88.2 87.8 87.1 86.8 86.7 87.2 87.5 92 96.8 97.7 93.6 93.1 94.5 96.5 101.2 106.4 114.9 122.3 127.7 133.8 139.7 144.7 149.9 153.2 153.9
77.7 77.4 77.2 77.1 77 77 77.1 76.2 76.2 76 75.8 75.5 75.3 75 74.7 74.8 75.6 79.6 85.7 91 94.2 100.4 100.8 93.3 79.1 76.7 76.7 76.4 76.2 76 75.2 75.3 74.5 74.3 74.3 74.3 75.3 77.9 78.7 78.6 78.9 79 77.9 77.6 80 84.8 89 91.2 88.1 81.7 80.7 81.2 84.8 88.9 91.7 90.3 89 88.4 87.6 87.5 87.6 87.7 87.9 94.4 100.2 101.6 96.2 94.8 96.4 100.2 104.2 112.5 120.1 126 131.3 136.8 142.4 148.2 155.3 159.9 158.5
78 77.6 77.4 77.3 77.2 77.3 77.2 76.6 76.3 76 75.8 75.6 75.4 75 74.6 74.6 75.1 75.9 81.8 88.5 90.9 95.7 98 92.6 81 77.5 76.7 76.4 76.3 73.7 75.2 75.6 75.5 75.7 74.3 74.3 74.3 75.2 77.7 77.6 77.5 77.4 77.5 77.7 77.3 80 83.6 85.7 86.3 82.3 80.1 80.8 84.5 89.8 92.5 91.8 89.8 88.6 88 88.1 88.4 89 91.5 97.4 103.2 105.6 101.7 99.3 98.9 104.7 108.6 115.8 123 128.5 134.1 140.9 146.9 153.1 161.6 167.4 168.9
78 77.7 78 77.9 77.8 77.2 77.1 76.9 76.5 76.2 75.9 75.6 75.4 75 74.5 74.5 74.5 75.2 77.1 82.3 88.1 90.2 90.8 87.6 81.8 77.8 74.3 76.4 76.1 74.4 74.6 74.6 74 74.3 74.3 74.3 74.3 75.5 77.5 77.3 77.2 77.1 77.2 77.8 77.4 77 77.1 79.9 81.7 79.8 79.3 80.5 83.9 90.7 93.7 93 90.7 89.1 88.6 89 89.3 89.6 95.7 101.4 106.3 109.4 106.6 104 102.3 104.7 112.1 118.9 125.8 132.1 138.5 146.4 153.3 160.7 166.4 174.8 177.2
78.1 78 78.4 78.6 78 77.4 77.2 77 76.8 76.4 76.1 75.8 75.6 74.8 74.8 74.7 74.8 74.7 75.7 80.5 84 85.6 86.4 84.7 81.7 76.5 76.8 74.3 74.3 74.3 74.3 74.2 74.3 74.3 74.3 74.3 74.3 74.3 76.5 76 76 77.1 76.9 79.6 80.9 78.6 76.7 76.9 77.3 77.9 79.3 82.8 84 90.7 95.4 96 92.9 89.9 89.7 90 90.3 92 99.5 106.9 111.3 113.5 111.3 108.7 108.5 105.9 116 121.2 129.4 135.3 141.3 147.4 155.4 162.9 169.3 178.5 182.4
78.2 78.4 78.7 78.3 77.9 78 77.6 77.1 77 76.6 76.3 76.1 75.1 74.5 75.1 74.9 74.7 74.3 74.9 76.7 78.2 80.3 81.8 80.8 78.3 76.7 75.1 74.3 74.3 74.3 74.3 74.3 74.3 74.3 74.3 74.3 74.3 74.1 75.1 74.7 76.5 77.1 77.3 82.1 87.6 86.9 81.9 77.9 77.5 77.9 82.9 86 86.4 88.6 94 95.1 93.9 90.9 90.7 91.1 91.5 93.3 100.4 108 116.1 120.8 119.1 117.2 116 114.9 115 124.3 130.3 135.9 141.2 147.9 155.2 163.4 172.1 179 185.3
78.4 78.8 78.7 78.4 78 77.7 77.8 77.3 77.6 76.9 76.6 76.7 74.9 75.3 75.5 75.2 74.4 74.3 74.6 74.9 75.2 75.6 78.2 78.4 78.1 76.2 74.4 74.3 74.3 74.3 74.3 74.3 74.3 74.3 74.3 74.3 74.3 74.3 74.3 75 77.6 77.5 78 80.8 86.5 90.4 87.4 82.1 77.3 78.3 85.6 88.8 88.4 88 90.3 92.7 92.5 91.8 91.6 92.1 92.6 93.7 100.3 108.3 116.1 123.4 125.1 124.5 121.7 120.2 116.1 123.4 130.3 136.2 140.8 147.7 155.8 164.8 173.1 179.4 184.8
78.8 78.8 78.6 78.4 78.2 77.9 77.6 83.5 91.9 85.6 79.3 81.1 79.8 76.1 75.7 75.4 74.7 74.5 74.9 75.2 75 75.3 73.8 79.1 79.6 77.7 74.3 74.3 74.3 74.3 74.3 74.3 74.3 74.3 74.3 74.3 74.3 74.3 74.3 77.3 78.8 78.6 78.1 79 84 88.1 89.8 85.5 78 78.8 84.8 89.2 92.1 93 93.3 93.5 94.4 93.8 92.7 93.2 93.8 94.2 98.8 105.5 111 117.3 123.3 125.4 124.5 122.4 118.3 122 129.9 137.1 142.2 148.6 156.8 165.1 172.9 178.2 181.4
78.9 78.8 78.8 78.6 78.3 78.3 84.8 102.6 127.2 112.7 102.9 102.2 94.8 81.9 76.3 75.5 75.2 74.9 75.1 75.5 75.3 75.1 76 80.9 84.9 77.8 74.3 74.3 74.3 74.3 74.3 74.3 74.3 74.3 74.3 74.3 74.3 74.9 77.2 79.8 82.4 79.1 78.6 77.8 81.1 85 87.4 86.6 80.5 78.8 80.9 84.6 89 94.5 98.1 100.1 99.6 99.4 96.3 95.3 95.3 95.2 96.5 102.6 106.5 113.6 119.4 122.6 122 118.4 118.8 122.2 130 137.8 144.3 150.3 158.4 167.2 174.9 178.3 181.5
79.1 78.8 78.9 78.8 78.9 85.6 100.3 118.1 133.4 135.3 128.6 121.6 109.7 98.2 84.3 76.2 75.8 75.3 75.5 75.8 75.5 74.9 75.7 79.1 82 77.8 74.3 74.3 74.3 74.3 74.3 74.3 74.3 74.3 74.3 74.3 75.2 78.3 77.8 80.9 82.5 78.9 77.4 75.9 77.8 81 83.3 85.6 81.7 79.2 78.7 81.1 86.2 92.6 98.9 103.1 106 108.4 106.6 105.2 101.9 97.6 97.4 98.8 102 109.4 115.8 119.4 119 119 119.7 123.2 130.2 137.6 144.4 151.4 159.8 168.8 177.2 182.1 186.2
79.2 78.9 79.1 81.8 82.7 93.6 112.6 134.3 155.3 163.4 150.5 133.3 117.2 105.1 90.1 80 76.7 75.6 75.5 75.7 75.5 74.6 75.7 77.9 80.1 79.9 78.7 74.3 74.3 74.3 74.3 74.3 74.3 74.3 74.3 74.3 76.8 81.6 80 79.1 80.3 79.2 76.4 74.8 75.2 76.9 79.2 82.6 82.9 81.2 79.4 79.2 82.6 91.4 96.6 101.5 107.6 114.4 115.1 115.9 112.1 104.8 98 99.6 101 104.4 110.2 115.9 118.3 120.2 121.2 122.6 131.5 139 145.7 153.3 161.5 169.4 176.9 183.1 188.7
81.7 81 83.6 89.3 99.5 112.2 133.3 162.4 186 171.5 156.1 136.4 123.5 116.3 103.9 87 78.5 76.6 76.8 76.4 75.9 75.7 77 79.8 89 95.3 93.9 80.8 74.3 74.3 74.3 74.3 74.3 74.3 74.3 74.3 75.9 82 81.2 78 77.8 77.5 74.8 74.3 74.3 74.3 74.4 79.8 82.8 81.9 80.5 78.8 84 90 94.5 100.4 107.7 114.1 120.8 123.2 121.8 110.1 99.5 100 102.5 104.1 106.3 112.4 117.8 122.9 125.2 123.7 133.7 141.6 148.6 157 165.9 174 180.3 184.1 189.2
