public/OST50/NY29.asc
ncols 200
nrows 200
xllcorner 320000
yllcorner 590000
cellsize 50
[rows 0 to 34 of 200, columns 0 to 77 of 200]
368.5 360.2 349.3 336.2 326.9 319.3 314.5 312 309.1 312.9 314.1 311.7 307.8 308 309.7 311.4 314.9 317.8 318.1 317 319.6 319.6 319.6 320 320.6 320.8 321.3 322.4 323.3 324.6 331.4 340.8 344.6 338.4 335.1 328.8 323.6 318.1 311.9 302 292.5 282.5 277.1 272.2 267.8 261.8 260.7 257.9 255.3 251.1 249.9 251.1 252.3 252.1 250.9 249.4 247.1 243.2 236.3 234.6 232.5 233 235.3 238.1 240.4 240.4 240.9 239.9 240.8 240.4 242 242.2 242.1 243 245.8 248.1 250.4 252.8
364 355.3 344.2 333 323 315.7 311.2 310.1 308.4 306.7 308.4 308.1 310.6 312.3 314.7 316.7 316.9 317.7 319.7 322.6 323 322.5 322 321.8 322 322.2 322.6 323.7 324.6 326.6 334.1 343.5 341.4 338.3 334.7 326.9 320 314 309.7 301.1 289.9 279.3 272.9 266.5 262.6 259.9 258.6 256.3 253.8 251.4 251.8 253 254.2 252.9 251.8 250.5 247.5 242.9 235.9 238 236.1 236.4 239 241.5 243.2 244.7 245.4 245.5 245.1 244.9 245 244.9 244.7 245.1 247.1 248.3 250.7 253.1
360.3 350.6 339.5 328.6 319.1 312.2 306.3 304.7 303.3 304.1 306.8 309.5 312.5 314.7 317.1 319.4 321.9 322.9 324.7 326 325.8 325.2 324.6 324.5 324.1 324.1 324.6 325.7 326.7 327.3 334.3 341.3 338.9 336.3 331.4 323.4 321.1 313.2 305.7 296 284.2 275.6 270.4 263.3 260.4 258.6 256.2 254.4 254.2 254.1 254.1 255.3 255.9 254.6 253.2 250.9 248.6 243.6 242.9 243 241.1 236.9 242.3 244.8 246.4 248 248.8 249.3 249.3 248.9 247.6 246.9 246.6 246.9 247.8 248.9 250.9 253.1
355.2 345.6 334.8 324.3 315.2 308.7 303.9 300.7 299.4 305.6 307.8 311.1 314.1 316.8 319 321.7 324.7 327 328.3 328.8 328.9 328.6 327.7 327.3 326.9 326.3 327.4 328.7 329.4 330.3 333.8 337.3 336.5 333.2 328.2 324.1 319.9 308.7 301.5 290 279.3 272.1 264.9 262.2 261.2 258.1 259 257.7 256.5 256.5 256.8 257.6 257.6 255.6 253 250.8 248.1 247.6 248 248.5 246 240.9 245.2 247.6 249.4 250.9 252.1 252.8 252.6 251.5 249.9 248.9 247.7 247 247.6 249.1 251.1 252.9
351.9 340.4 330.5 320.1 311.6 304.7 300.1 299.7 303.3 306.7 308.9 312.4 315.7 318.3 320.8 324 327.5 331.2 332.5 333 332.9 332.5 331.8 332.1 331.4 331 332.3 333.6 334 332.8 332.3 334.7 334.2 331 326.3 324.7 319.3 307.1 296.4 283.8 274.8 268.4 263.9 262.3 261.1 259.8 262 260.6 258.8 258.8 259 259.1 257.9 255.5 252.8 247.9 250.6 252.1 253.2 252.6 250.4 245.6 246.9 250.2 252.2 253.8 255.1 255.5 255 253.8 252.2 250.6 247.9 246.7 247.5 249.4 251.2 252.3
347.1 335.3 325.9 316 307.8 300.9 294.3 300.9 303.5 306.8 309.7 313.7 318.2 321.6 324.8 329.4 334.4 336.8 338 337.9 337.8 337.4 338.5 339.4 339 338.3 338.5 338.8 336.5 334.3 333.5 332.8 331.4 327.7 324.4 324.8 317.7 298.2 288.9 279.2 271.6 266.3 264 264.8 260.8 264.4 265.7 263.8 261.2 260.2 260 259.6 258 255.7 253 250.6 252.9 255.5 257.5 257.4 254.2 249.8 248.4 252.8 255 256.7 258.2 257.9 257.2 256 254.6 251.5 248.6 246.6 245.3 246.7 248.8 249.6
339.3 329.8 320.8 311.3 303.5 297.9 293.3 299.7 303.2 306.7 310.1 315 320.5 325.5 331.1 337.1 341.7 343.4 344.9 345.7 344.3 343.4 344.6 345.6 346 344.5 344.5 343.5 339.6 334.8 333.4 330.8 327.4 324.2 320.8 317.9 307.6 289.2 283.6 277.2 269.7 264.7 263.5 264.6 267.5 270.5 269.1 266.2 263.4 261.7 260.8 259.9 258 255.7 253.2 253.2 255.2 258.7 262.9 261.9 257.6 253.6 252.6 257.2 259.4 261 262 260.5 259.7 258.5 255.5 252.6 249.7 247.2 244.7 243.6 245.1 245.1
332.9 324.1 315.2 306.3 299.3 293.5 291.3 298.6 302.2 305.8 310.6 316.7 322.3 328.5 335.2 342.6 346.4 348.1 349.9 351.2 349.8 348.1 346.6 347.7 349 347.6 347.1 347.3 344.4 341.3 332.8 326.3 323.5 320.4 320.3 307.7 298.2 286.9 282.6 276.8 270.4 266 267.2 267.9 275.2 276.2 271.9 268.7 265.6 264.2 262.8 260.9 257.6 255.8 253 255.4 257.8 262.8 266.5 264.7 259.8 254.1 257.8 261.7 263.9 265.3 265.8 264.4 262.4 260.1 256.9 253.5 250.7 247.9 244.7 242.8 241.8 242.3
326.4 317.6 309 301.6 295.8 288.8 294.1 297.6 301.2 306.1 311.5 317.6 323.3 329.8 336.6 343.2 346.8 348.9 350.6 351.5 349.8 347.4 345.2 345.9 346.2 344.4 345.2 346.4 346.7 341.1 330.8 321 319.3 317.9 314.8 302.9 293.2 283.1 279.1 276 269.6 268.6 268.9 272.9 279.6 278 273.7 272.1 270.5 269.3 267.3 263.7 259.8 256.2 255.4 257 260.9 266 268.9 265.8 261.3 257.5 260.1 265.5 267.8 269.8 270.3 270 267.8 264 259 255.1 251.4 248.1 244.9 242.3 241.2 240.3
319.9 311.9 304.3 297.9 291 291.2 294.5 297.8 301.1 306.2 311.7 317 322.2 328.6 335.3 339.7 341.5 344 346.1 346.1 343.7 341.6 339.8 340.4 340.2 339.8 340.3 340.8 339.8 335 324.1 317.4 315.8 313.9 307.4 297.7 291.6 284.6 280 277.5 276.2 269.4 272.3 276.7 283.1 279.7 276.7 275.2 275.5 274.3 271.8 267.7 262.4 256.8 257.7 260.5 264 268.1 269.5 265.9 261.8 259.4 263.5 268.5 271.2 273.9 274.9 275.7 273.7 268.5 262.1 255.8 250.6 247.1 244.1 242 241.2 240.3
313.9 306.9 300.1 294.5 287.7 290.8 294.2 297.7 301.2 305.4 310.4 315.8 321.1 327.4 331.9 333.7 334.7 336.9 338.4 337.4 335.1 333.7 333.7 334.3 334.2 334.1 334.1 333.4 331.7 329.4 318.6 313.3 311.2 309.9 303.9 293.5 290.8 287.3 282.3 279.9 277.9 270 277.2 283.1 283.7 280.7 278.9 278.3 277.3 275.8 273.3 269 263.3 258.3 261.3 263.6 266.9 269 269 265.4 259.3 261.6 264.7 269.8 274.3 276.5 279.2 280.7 278.4 271.5 263.9 256.4 250.8 246.3 244.5 242.8 241 240.9
308.4 301.7 297 290.2 286.6 291.6 295.1 298.5 301.9 305.2 309.4 314.6 320 323.9 326.5 327.5 328.5 329.6 329.2 327.9 326.2 326.2 327.2 327.9 327.9 328.9 329.6 328.6 325.9 321.8 315.3 308.1 308.6 306.9 302.7 292.6 289.5 287.2 284 281.4 277.3 273 282 286.3 285.1 282.2 280.3 278.7 277.8 274.9 269.6 264 260.1 261.6 264.5 267 269.1 269.4 267.4 264.8 263.5 263.4 266.1 270.8 275.6 280.1 283 283 279.2 272.3 263.5 257.1 252.8 249.8 247.3 244.8 242.8 244.3
303.2 298 293.4 288.5 285.4 292.2 296.2 299.6 302.9 306.2 309.8 314.5 318.1 319.7 320.7 321.2 321.6 322 320.5 319 318.8 320 321.1 321.9 322.8 323.3 324.4 323.7 321.5 317.6 308.8 305.8 305.7 303.1 301.1 295 290.2 287.5 287 285.3 276.6 275.5 285.9 286.9 285.6 282.8 281.5 279.5 278.1 273.6 268.6 263.1 262.3 264.2 266.9 269.4 269.8 268.9 267.2 265 263.9 264.5 267.5 271.1 276.8 282 283.9 281 276 268.9 262.9 259.6 257.1 253.5 249 246.1 245.4 256.7
298.4 293.3 287.7 284.1 289.8 293.3 297.2 300.6 303.9 307.2 310.6 314 315.3 314.9 315.7 315.6 315.2 314.6 313.8 313.6 314.3 315.4 316.1 316.9 318 318.4 318.9 317.9 315.7 311.7 304.7 304.2 302.8 299.7 299.1 295.7 291.2 288.7 287.4 285.6 277 277.1 285.8 284.7 283.7 282.7 281.2 279.8 277.6 273.1 268.1 263.5 264.3 266.2 267.5 269.5 269.2 268.3 267.2 265.4 265 265.8 268.3 271.4 276.2 281.8 281.7 277.8 272.3 267.7 265 264.5 262.3 256.9 249.9 249.7 251 266.1
293.9 290 285.1 283.3 289.9 294 298 301.3 304.5 307.7 311.3 313.7 312.5 310.6 310.3 310.5 310.9 310.5 310.4 310.5 311.9 312.8 313.3 313.6 313.8 314.7 314.7 313.9 310.7 307.3 304.4 304.5 303.9 296.9 297.4 294.2 291.2 289.5 288.2 286 281.3 280.2 286.4 284.4 283.7 283.2 281.3 279 277.2 273.9 270.1 266.1 266.6 268.4 269.4 269.3 269 268.4 267.3 266.5 265.5 266.3 268.5 271.5 275.5 280.3 279.5 276.3 273.2 271.3 270.8 270.3 267.2 259.7 252.6 255.2 257.7 266.6
290.1 287.1 280.6 286.2 290.5 294.9 298.6 301.5 304.7 308 311.1 311.5 309.3 307.8 307.1 307.3 307.2 307.2 307.6 308.2 309.2 309.8 310.3 311 310.9 312.4 313.2 313.6 310.8 306.5 303.8 303.2 302.2 297.3 294 292.5 290.7 288.9 285.9 282.2 283.3 285 285.5 285 284.3 283.7 281.7 279.4 277.3 274.4 271.9 269.9 268.7 270.3 270.7 270 269.6 269.1 268.3 267.5 266.8 266.5 268.9 271.4 274.9 277.2 278.5 277.1 276.8 277.6 278.2 274.9 270.1 262.9 258.1 255.5 262.1 265
286.8 282.4 282.2 286.8 290.6 295.1 298.8 301.7 304.9 307.4 309.6 308.8 306.1 304.8 304.3 304.4 304.4 304.7 305.2 305.7 306.5 306.8 307.6 308.3 308.6 312.1 314.5 315.6 313 306.7 302.3 302.4 299 295.5 293.1 291.5 290.2 287.9 288 287.1 286.3 286.2 286.6 285.9 285.2 284.2 282.2 280.2 277.9 275.9 273.8 271.9 270.7 271.5 272.2 271.9 271.2 270.1 269.3 268.6 268 267.5 269 271.3 273.5 275.5 277.6 277.8 278.3 279.1 279.3 276.4 271.1 264.9 259.4 256.3 261.1 264.2
282.9 277.6 282.4 287.2 290.8 295 298.6 301.4 303.9 306.3 307.1 304.4 301.9 301.7 301.4 301.4 301.6 302.3 303.1 303.2 303.7 304.3 304.7 305.3 309.7 311.9 319.6 317.6 314.6 307.2 302 299.1 298.6 295.4 292.9 291.9 291 290.9 290.9 289.1 287.6 287.7 288 288.5 289.6 287.9 284.9 282.4 279.7 277.8 275.9 273.9 272.8 273.2 273.6 273.9 273.1 271.5 270.2 269.2 268.4 267.5 269 271.3 273.3 274.7 276 276.5 276.6 277.4 277.9 275.3 266.7 260.5 255.5 256.6 259.2 263
276.9 278.7 282.8 287.2 291 294.5 297.8 300.2 302.1 303.4 302.3 298.8 298.1 298.9 299 299.2 300 300.3 300.7 301 301.8 302.7 303.3 305.2 310.3 313.2 320.9 317.5 312.9 306.7 302.9 297.3 295.8 294.5 293.4 292.7 292 292.4 292.3 291 289.9 290.7 292.8 294.5 294.6 292.6 289.5 285.5 282.3 280 277.9 275.9 275.7 275.9 275.7 274.7 273.7 272.3 270.9 269.5 268.7 268.4 269.7 271.4 273 273.6 274.2 275 275.2 274.6 273.5 267.3 261.5 255 255.3 255.9 258.3 260.9
275.7 279.1 283 286.8 290.4 293.8 296.6 298.9 299.7 298.8 296.8 297.2 298.3 298.6 298.9 299.5 298.6 299.6 300.9 301.7 301.8 302.6 303.9 307.3 310.4 318.4 322.4 317.5 307.7 307.2 302.9 295.6 294.9 293.9 293.9 293.4 293.4 294 293.7 292.7 293.6 296.3 298.9 300.7 299.5 296 291.6 287.3 284.9 282.4 279.8 278.9 278.5 277.7 277.1 275.5 274.4 273 271.7 270.3 268.9 269.2 270.5 271.7 272.6 273.1 273.5 273.8 272.2 270.4 265.6 261.9 257 254.7 254.8 255.5 257.9 260.2
273 278.5 282.4 286.2 289.9 293 295.2 296.8 296.6 294.6 295.4 298.6 300.6 301.6 302.4 304.2 305 306.4 305.6 304.2 303.9 304.4 305.4 308.2 311.1 317.3 320.4 316.2 306.5 305.2 296 292.8 293.8 294.2 294.3 294.2 294.8 295.4 295.5 296.6 299.1 302.8 305.4 305.4 302.7 298.1 292.7 289.1 286.4 283.8 282 281.2 280.4 279.6 278.9 277.2 275.4 273.7 272.2 270.8 269.2 269.8 270.6 271.6 272.5 273.5 274.3 273.9 269.8 265.6 260.1 256.8 254.7 253.7 254.3 255.2 257.5 259.4
274.2 277.6 281.6 285.5 289.3 291.6 293.8 294.5 293.8 293.2 298.2 301 304.3 307.3 309.3 311.2 312 312.8 310.9 306.8 305.7 305.7 307 308.6 311.5 315.2 315.1 307.2 307.8 302.9 291.8 292.8 293.5 294.1 294.6 295.4 296.6 297.8 299.3 301 303.8 307.3 308.8 307.7 304 298.9 293.5 290.1 287.3 285 283.6 282.8 282.1 281.4 280.8 279 276.9 274 272.6 271.3 269.7 270.3 271 271.7 272.5 273.4 274.1 273.1 266.1 258.3 256.2 254.7 253.5 253.2 254 255.1 257 258.4
274.2 276.9 280.7 284.6 287.8 290.5 292 291.5 291.3 297.2 301.4 305.2 309.6 314.7 316.6 318.2 318.4 316.2 311.9 308.6 306.8 305.8 306.2 307.3 308.4 309.3 307.4 303.6 300.3 296.9 290.5 292.2 293.1 293.8 294.7 296.3 298.9 301.6 303.4 304.7 305.8 308.5 308.6 306.9 303.3 298.4 293.3 289.8 287.2 286.1 285.2 284.3 283.6 282.9 282.3 280.8 278.3 275.1 272.9 271.7 270.5 271.1 271.4 272.6 273.6 274 273.3 270.2 263.3 256.1 255.8 253.9 252.6 252.6 253.6 254.9 256.5 256.6
273 275.8 279.6 283 286.3 288.5 289.7 289.2 296.1 300.5 305.7 310 315.6 320 322.2 322.2 320.1 316.2 311.3 307 305.2 304.3 303.8 304.2 304.6 304.2 301.5 298.7 295.4 293.1 291.3 292.3 293.2 294.2 295.5 297.6 300.7 304.6 306.6 307.6 308.3 308.4 307.4 304.7 300.4 295.7 292.5 289.3 287.6 287 286.7 285.8 285 284.4 283.9 282.6 279.8 276.4 273.5 272.3 271.1 271 271.7 273 274.6 273.7 271.3 266.6 261.5 257.6 255.5 254.1 253.7 253.4 252.3 253.3 254.5 254.4
271.2 274.4 278 281.4 284.5 281.6 288.9 293.3 298 303.9 309.6 315.7 320.7 324.1 323.8 321.8 317.3 312.3 307.5 304.8 303.3 302.3 301.4 300.8 299.9 298.5 296.9 293.9 291.6 290 291.1 292.4 293 294.4 296.4 299.2 302.7 306.6 309.6 310.6 310.8 309.3 306 302.2 297.9 294.3 291.6 289.5 288 287 286.9 286.8 286.1 285.8 285.4 284.1 280.7 277 274.2 273 271.6 271.1 271.3 272.9 273.5 271.8 269.1 264.6 260.4 257.7 256.1 255.3 254.6 253.2 252.7 250.3 252.2 251.8
270.7 273.3 276.3 279.7 278.6 285.5 290 296.1 301.9 308.5 315 319.2 323.5 323.3 320.6 316.7 311.7 307.1 303.3 301.5 300.5 299.5 298.5 297.7 297.1 295.4 293.5 291.3 289 290.6 292.9 293.3 293.6 294.9 298 301.4 305.1 308.6 312.3 313.7 312.5 309.3 305.6 301.5 297.3 294.2 291.5 289.9 288.3 287.1 287.1 287.1 286.9 286.8 286.2 284.9 281.3 277.7 275 273.1 271.6 271 271 271 270.6 268.6 266.6 263.4 260.3 258.4 256.8 256.5 255.9 254.8 254.2 252.3 248 248.9
266.6 270.8 272.7 278.1 281.8 286.5 291.4 299.1 306.3 314.7 317.3 319.9 320 318.3 314.6 310.7 306.4 302.4 299.9 298.7 297.7 296.7 295.7 294.8 293.9 292.7 291.4 290.1 288.5 292.6 295.1 294.2 294.4 296.1 299.6 303.9 307.7 311.3 314.1 315.1 313.1 309.2 305.3 301.4 298 294.7 291.5 289.8 288 287 287 287 286.6 286.4 286 284.2 281.4 278.4 276 273.9 272.1 271.2 270.4 269.6 268.1 266.7 265.2 262.9 260.7 260.5 258.4 259.2 259.2 257.7 255.3 252.2 247.3 245.4
268.7 271.6 274.6 278.2 282.5 287.5 293.7 302.4 310.8 316.8 317.6 317.8 315.9 312.1 308.4 304.4 301.2 298.6 296.7 295.8 294.8 293.8 292.9 292 291.1 291 290.2 289.1 288.4 290.6 293.3 294.8 295.6 298 301.6 306.3 309.8 312.2 315 316.2 313.5 309.6 305.8 301.9 298.4 295 291.8 289.5 287.8 286.6 286.1 285.7 285.2 285.2 285.1 283.1 280.8 278.2 275.7 273.6 272.2 271.1 270.1 269 267.6 265.7 264.7 264.3 263.9 262.1 261.1 261.4 261.8 260.1 256.9 253.6 249.7 244.9
267.9 269.6 273.8 278 282.9 288.8 296.6 305.3 313.5 316.7 316.6 314.2 309.9 305.9 302.1 298.9 296.4 294.4 293.3 292.3 291.7 291 290.1 289.1 288.7 288.9 288.7 287.7 287.1 289.9 292.4 295.2 297.9 301.1 304.9 308.5 312.2 314.9 317.3 317 314.3 310.2 306.3 302.5 298.9 295.4 292.1 289.4 287.4 285.7 284.8 284.4 283.9 283.4 282.7 281.2 279.3 277.3 274.7 273.2 272.3 271.3 270.1 268.9 267.8 267.1 267.5 266.6 267.7 265.4 265.6 264.6 263.6 262 259.5 256.5 252.3 246.9
265 269.4 273.6 277.8 283.4 290.9 300 308.1 315.3 315.8 313.9 309.6 305.1 300.6 296.7 294.4 292.3 290.9 289.7 289 288.4 287.8 287.2 286.2 286.5 286.8 286.9 284.6 287.9 290.5 293 296.2 299.2 304.4 308.1 311.3 314.5 316.9 318.4 317.8 315.2 311.1 306.9 303.1 299.3 295.3 291.4 288.7 286.9 285.2 283.9 283.1 282.2 280.6 279.8 278.5 277.2 275.2 274 273.3 272.4 271.5 270.3 269.7 269.8 272.6 276.3 280.8 269.3 269.5 270.1 268.7 267 265.1 262.5 260.4 253.8 248
263.3 267.5 272.2 277.4 284.3 293.3 302.6 313.5 315.5 314.1 309.6 304.7 300.5 296 291.7 290.5 288.9 287.3 286.3 285.6 285 284.4 283.8 284.1 284.4 284.7 283.8 286.1 288.9 291.5 294.3 297.1 301.9 307.2 310.5 313.7 316.3 317.6 318.3 317.9 315.1 311.5 307.2 302.7 298.6 294.4 290.6 287.9 285.8 284.2 283 281.9 280.2 278.8 276.9 275.8 275 274.2 273.5 273 272.5 271.7 270.9 271.3 271.7 275.4 280.7 276.5 271.1 271.9 272.4 273.5 270.4 267.3 264.1 262 253.8 247.7
260.6 265.5 271 277.5 285.6 295.3 305.7 316.4 316.7 311.6 305 300 295.6 292.8 286.9 287.2 285.7 284.1 282.7 282.1 281.5 281 281.4 282.4 281.2 285.1 285.7 288.2 290.7 293.8 297 300.4 305.2 309.6 312.9 316 317.7 318 318 317 315 311.2 306.7 302.3 298.1 293.6 289.6 286.9 284.6 283.1 281.8 280.8 279.3 277.4 275.8 274.5 273.3 272.8 272.4 272.3 271.9 271.5 272 272.2 272.3 277.2 280.1 274.9 274.7 275.9 275.2 273 270.9 269.5 265.6 260.7 254.3 247.2
259.5 264.2 270.8 278.1 287.1 296.6 307.4 315 314.9 308.3 301 295.3 292.8 289.7 284.6 283.8 282.3 280.7 279 278.6 278.4 277.2 280 283 285.9 287.3 288.2 290.2 292.6 295.7 299.2 303.2 307.5 311.9 315.6 318.2 318.7 318.1 317 315.4 313.4 310.2 305.9 301.6 297.1 292.6 288.6 286.1 283.6 281.8 280.4 279.6 278.6 276.8 275.4 274.1 272.7 271.8 271.5 271.5 271.3 270.9 271.2 272 274.5 278.3 274.4 274.7 278 280 276.2 272.6 271.1 269.2 266.9 263.2 252.7 247.1
259.2 264.4 271.3 278.4 286.6 295.8 306.4 313 311.1 303.7 296.6 290.5 288.4 287.6 282.8 280.5 278.9 277.3 275.9 275.7 276.3 279.5 282.3 285.1 287.8 289.3 290.7 292.1 294.6 298 301.8 305.9 310 315.2 318.8 320.2 318.7 317.2 315.9 313.8 311.2 307.7 303.5 299.5 295.4 291.2 287.7 285 282.7 280.7 279 278.5 277.9 276.2 274.9 273.8 272.2 271 270.7 270.6 270.6 270.2 270.4 271.6 274.9 277.7 274.2 274.5 278.6 279.3 279.1 276.1 275.6 269.9 263.6 256.1 253.9 249.4
257 266 271.7 278.7 286.5 294.8 302.3 306 303.3 297.9 292.3 288.1 285.4 284.5 280.6 277.4 275.9 274.3 273.2 275.1 277.5 280.8 283.5 286.5 289.8 292 293.4 294.7 296.3 299.5 303.3 307.7 313 318.2 321.7 321 318.1 316.2 314.4 311.9 309 305.6 301.4 297.3 293.3 289.6 286.9 283.9 282.2 279.9 280.5 280.1 276.9 276.1 275.9 273.5 272.6 271.8 270.1 270 269.2 269.2 269.4 271.1 274.2 273 273.6 274 276.8 280 280.5 276.9 276.5 270.7 263.6 260.2 257.6 251.8
