public/OST50/NY31.asc
ncols 200
nrows 200
xllcorner 330000
yllcorner 510000
cellsize 50
[rows 105 to 139 of 200, columns 0 to 77 of 200]
413 408.6 400.8 400 400.7 402.1 404.6 413.9 420.4 422.2 425.5 430.2 435.3 442.4 436.5 434.7 432.3 432.9 430.9 427.3 425.8 419.8 409.7 386.9 366.5 348.4 322.7 294.9 268.5 244.9 222.1 198.7 178.9 178.4 178.4 178.4 178.4 178.4 178.4 178.4 178.4 178.4 178.4 186.9 196.8 209.8 226.3 245.8 268.2 288 314.4 338.3 364.2 388.7 422.2 455.2 487.1 521 550.6 573.7 598.9 610.1 629.1 643.5 661.2 677.5 705.7 727.4 745.8 755.9 756.3 753.4 750.8 750.5 747.9 755.5 768.8 779.6
415.5 409.3 403.2 400.5 400.8 402.9 404.9 412 418.4 422.2 431 445.1 440.5 442.5 439.8 434.6 437.3 428.5 423.7 429.1 419.8 414 404.6 397.3 378.3 358.8 321 289.7 260.8 240.1 220.8 197.2 180.3 178.4 178.4 178.4 178.4 178.4 178.4 178.4 178.4 178.4 178.4 180 191.3 208.2 226.4 243 263.7 286.7 312.3 338.7 369.1 399.6 431.8 461.7 491.3 523.3 555.1 578.6 595.4 611.2 625.8 646.6 659 684.1 705.8 726.5 741.3 744.5 743.9 740.2 735.7 734.5 731.5 741 750.7 762.2
422.9 417.4 411.7 406.4 403.6 408.9 408.8 413.6 422.1 439.5 454.4 458.1 445.5 441.9 440.6 438.9 436.1 425.2 418.1 415.9 414.6 416.9 403.7 395.9 382.5 353.2 315.2 282.1 254.6 239.1 224.6 204.7 191.8 178.4 178.4 178.4 178.4 178.4 178.4 178.4 178.4 178.4 178.4 178.4 190 202.8 218.8 237.7 259 282.6 307.6 336.1 371 407.7 440.4 469.6 497.5 526.7 553 577.6 595 610.9 621 641.9 660.1 685.6 702.9 721.3 729.3 732 730.5 724.2 721.2 718.4 718.7 724.3 732.5 742
431.8 424.8 419.6 412.8 406.2 406.3 413.1 422.3 435.2 453.6 456.1 451.2 445.2 438.6 434.7 433.5 430.3 422.9 412.3 407.2 407.3 405.9 399 393.8 374.7 340.5 309.2 281.2 257.7 237.5 233.4 216 194.6 178.4 178.4 178.4 178.4 178.4 178.4 178.4 178.4 178.4 178.4 178.4 182.6 195.8 213.3 229.9 249.5 275 302.6 332.1 368.7 404.8 439.3 472.1 499.8 530.2 553.3 575.2 593.9 604.3 618.4 634.1 655.9 682 698.3 708.7 717 717 712.8 710 707.7 703.3 704.9 710.2 716.8 723.9
437.2 426 416.9 409.7 406.8 407.4 411 418.8 433.5 447.4 450.5 447.6 441.8 435.4 432 432.2 429 419.5 411.3 401.7 403.2 406.8 388.5 372.3 351.3 328.1 300.2 276.2 257 252.3 233.1 210.2 188.2 178.4 178.4 178.4 178.4 178.4 178.4 178.4 178.4 178.4 178.4 178.4 178.4 190.3 205.3 222 243.6 267.9 296.7 329.6 362.7 396.1 429.7 464.8 494.2 529.7 554.1 573.2 589.8 601.7 614.9 630.4 655.1 675.9 688.9 696.4 700.8 700.6 697.5 694.9 690.6 687.2 688.9 695.5 699.5 704.3
449.7 436.2 423.9 412.8 407.7 409.3 410 423.2 433.1 440.4 441.9 438.2 436.3 431 427.3 428.3 426.9 423.2 413.8 405.3 393.9 395.7 384.1 357 334.1 311.6 291.9 276.5 264.3 246.4 225.4 203.5 180.9 178.4 178.4 178.4 178.4 178.4 178.4 178.4 178.4 178.4 178.4 178.4 178.4 183.8 198 217.1 238.3 263 292 321.3 354.2 387.4 421 457.4 489.6 524.7 547.7 568.4 584.9 598.6 614.1 627.8 654.3 671.4 679.4 684.1 686.6 684.1 680.7 678.8 675.7 670.2 674.9 681.2 684.3 687.8
466.5 454 439.7 441.1 435.2 423.7 419.2 426.6 435.6 438.3 436.4 434 429.3 426.3 424.9 424.5 422.8 419.8 415.6 421 409.3 386 368.5 344.5 322.6 299 285.5 269.4 253.9 235.3 217 194.7 178.4 178.4 178.4 178.4 178.4 178.4 178.4 178.4 178.4 178.4 178.4 178.4 178.4 178.4 191.6 212.4 232.1 258 286 314.6 345.6 378.7 412.8 446.8 476.7 507.9 534.1 556.5 576.2 589.1 608.5 628.5 650.7 661.9 669.9 671 668.5 664.7 662.8 659.5 657.4 649.3 661.5 665.1 671.1 686.8
490.1 478.5 471.5 471.6 459.6 443.3 435.6 430.3 433.8 431.7 428 425 420 419.2 418.7 419.7 417 413.4 407.2 399.2 404.2 393.5 369.2 343.8 320.7 298.7 277.8 263.4 242.5 226.5 211.3 194 180.1 178.4 178.4 178.4 178.4 178.4 178.4 178.4 178.4 178.4 178.4 178.4 178.4 178.4 188.4 207.3 227.2 251.3 277.9 306.8 336.9 370 403.8 435.6 465.5 495.7 526.1 551.7 567.3 582.7 605.6 623.5 638.9 647.4 652.8 649.8 645.3 640.9 639.6 638.9 638.3 636.3 653.4 667.2 681.1 697.4
507.1 499.6 486.2 479.5 477.2 464.7 439.9 437.5 430.2 424.6 418.5 413.4 409.2 409.3 411.9 413.5 407.9 403.1 396.8 393.4 389.7 376.6 357.9 338.9 317.5 293.1 275.1 256.2 240.6 229.3 212 194 183.8 178.4 178.4 178.4 178.4 178.4 178.4 178.4 178.4 178.4 178.4 178.4 178.4 178.4 186 199.6 221 245.1 269.4 297.6 328.8 362.2 394.5 427 459.8 489.3 517.7 537.9 557.6 574.9 596.3 611.8 623.7 630.7 630.4 625 618.6 611.1 612.3 613.2 634 647.7 662.6 676.2 690.9 706.9
512.4 504.5 493.8 481.7 469.3 458.6 442.6 431.8 420.3 416.2 407.6 401.8 398.8 397.6 398.2 400.1 396.6 392.8 387.5 386.9 380.9 370.3 351.8 333.7 313 289.7 267.4 256.5 250.7 238.8 222.8 208.2 192.8 181.4 178.4 178.4 178.4 178.4 178.4 178.4 178.4 178.4 178.4 178.4 178.4 178.4 182.7 198.5 217.7 239.3 263 291.1 322.9 355.2 386.5 419.1 453.1 484.1 507.3 529.9 548.3 566.4 582.6 597 605.9 607.3 602.9 597 587.8 580.3 609.1 630.7 644.4 652.8 667.9 684.8 700.3 715.9
518.9 512.1 493 481.6 464.3 454.5 440.3 425 411.8 404.4 399.5 395.9 390.7 389.3 390.3 389.5 385.7 383.5 384.3 386.3 374.4 362 343.5 325.4 313.6 293.7 265.6 248.5 236 226.7 218.2 205.8 194.8 187.1 181.1 178.4 178.4 178.4 178.4 178.4 178.4 178.4 178.4 178.4 178.4 178.4 178.4 193.1 213.1 232.1 257.4 284.1 313.3 345.5 379.1 411.8 446.1 478.7 498.6 522.2 542.9 554.1 566.8 576.2 578.9 575.1 569.1 559.4 561.3 593.2 618.6 637.4 649 656.8 672.6 690.7 707.6 729.9
520.4 502.8 486.3 476 460.7 447 430 417.1 406.9 406.2 402.9 397.6 385.8 381.2 383.7 377.9 375.2 375.7 373.1 371 361.9 348.6 339.2 339 319.5 286.5 259.3 244.2 233.6 220.6 210.1 202.7 196.7 190.1 184.9 178.4 178.4 178.4 178.4 178.4 178.4 178.4 178.4 178.4 178.4 178.4 178.4 190.5 208.4 228 250.1 273.3 302.5 337 371.4 403.6 435.3 466.1 494.5 512.7 528 542.1 548.6 549.8 543.6 538 533.1 537 572.8 602 624.4 642 651 660.4 674.5 691.2 718.6 742.6
512.9 496.5 478.9 468.7 448.7 436.6 423.4 411.5 409.7 409.4 405.4 394.3 381.7 376.4 371.1 367.9 362.6 364.1 362.2 358.3 350.8 343 348.6 332.2 313.8 286 252.3 236.2 222.8 210.9 203.4 196.1 191.2 188 183.8 178.4 178.4 178.4 178.4 178.4 178.4 178.4 178.4 178.4 178.4 178.4 178.4 185.7 202.6 223.2 243.7 265.3 292.9 326.1 359.5 392.4 423.7 455.1 480.4 498.4 509.3 518.5 521.4 519.4 507.9 499.8 517.8 551.5 581.5 610.2 631.5 643.8 652.5 662.6 678.5 695.3 722.8 754.3
505.6 495.4 471.4 459.9 441 427.8 417.8 416.5 421.2 409.2 400.5 386.3 377.4 366.8 360.3 358.6 357.5 356.2 353 350 348.3 351.5 339.1 323.4 300.8 272.4 247.2 230.6 216.1 206.9 199.2 191.7 186.5 182.3 178.4 178.4 178.4 178.4 178.4 178.4 178.4 178.4 178.4 178.4 178.4 178.4 178.4 181.2 199 219.4 238.7 258.4 282.4 314.6 346.7 377.3 406.7 436 459.2 471.1 477.8 480.5 482.3 480 472.8 505 528.8 557.2 586.2 615.9 631.5 641.8 649.9 665.4 681.8 701.2 728.4 770.5
494.1 483.6 466 449.3 436.6 428 424.9 428.6 421.4 405.5 392.4 382.6 372.5 366.9 358.9 356.6 354.7 357.5 348.9 346.6 352.7 351.1 337.5 318.7 299.8 273.2 247.9 232.3 217.9 207 197.8 190.3 186.8 181.8 178.4 178.7 178.4 178.4 178.4 178.4 178.4 178.4 178.4 178.4 178.4 178.4 178.4 178.4 195.4 213.8 231.3 252.4 273.8 303.2 331.3 360.8 387 410.8 420.9 435.7 442.2 444.7 447.2 448.2 481.4 514.1 546.4 573.4 599.3 618.3 632 641.4 651.8 666.1 683.6 706.7 739.4 781.8
482.8 472.8 460.9 453.2 433.8 428.9 429.6 427.5 409.5 397.3 388.7 383.8 376.2 368.3 364.8 352.6 347.9 342.4 343.1 342.8 346.4 344.6 331.5 315.6 298.4 273.6 251.9 237.7 224.7 212.4 205.1 196.5 190.3 180.5 178.4 179 178.4 178.4 178.4 178.4 178.4 178.4 178.4 178.4 178.4 178.4 178.4 178.4 193.8 211.8 229.5 248.1 267.8 291.5 315 341.1 365.1 383.4 386.4 397.5 407.2 408.6 424.3 453.7 487.5 519.6 550.7 581.1 602 618.9 630.4 640.1 652.3 666.6 681.4 714.1 751.1 793.3
472.8 461.8 456.3 443.3 437.2 426.1 420.1 414 400.2 393.2 385.8 379.4 374.4 367.5 360.2 364.2 342.8 333.8 333.4 332.8 334.7 333.2 325.2 310.9 296.5 281.4 268.1 255.5 242.4 226.9 215.2 205.5 194.9 178.4 182.9 179.4 178.4 178.4 178.4 178.4 178.4 178.4 178.4 178.4 178.4 178.4 178.4 178.4 195.5 209.7 223.8 241.3 259.1 278.7 299.2 318.4 338.7 353.3 351.6 357 381.3 412.5 442.4 468.4 495.7 522 551.5 578.7 599.6 616.5 626.8 637.4 649.2 664.6 684.7 716 756.5 789
472.8 457.2 448.8 442.7 435.4 421.5 410 402.4 395.9 390.4 388 375.4 370.8 370.7 365.7 353.8 332.4 327.1 324.3 322.3 322.9 324.5 319.7 310.3 303.2 302.9 294.1 278.3 262.6 240 224.5 217 200.9 191.6 186 181.5 179.1 178.4 178.4 178.4 178.4 178.4 178.4 178.4 178.4 178.4 178.4 178.4 190 208 223 238.5 253.1 269.1 285.1 302.6 316.2 325.4 324.2 349.3 381 407.7 431.8 456.6 482.2 507.9 540.8 571.7 594.3 612 624 635.6 647 663.3 684 714.1 751 782.2
471.1 454.2 442.9 434.5 425.6 414.7 405.1 398.3 391.1 387.5 383.9 376.8 366.2 361.5 347.4 334 327.9 322.5 318.7 313.3 315.1 317.8 318.3 323.2 323 321 307.2 296.4 276.2 249.6 231.1 222.6 213 202.5 190.6 186 182.9 179 178.4 178.4 178.4 178.4 178.4 178.4 178.4 178.4 178.4 178.4 188.9 207.2 222.4 235 246.4 256.8 272.1 287.6 296.2 308.4 325.6 346.2 369.2 390.3 413.6 440.8 467 493.2 524.2 558.7 582.5 601.1 617.3 631.9 644.5 662.8 682.6 711.9 748.9 772.8
458.9 447.5 434.7 418 409.8 405 398.6 391.3 384.1 377.5 372.1 361.9 354 343.8 334.8 336 326 316.7 311.9 310.5 310.8 315 319.2 320.6 320 313.7 303.5 291.5 274 248.4 249.8 237.7 224.9 214.8 208.5 192.3 186.8 181 178.4 178.4 178.4 178.4 178.4 178.4 178.4 178.4 178.4 180.9 186.7 206.9 220.7 230.8 241.6 250.7 263.4 276.8 287.9 301.7 317.2 336.6 355.1 376.2 400.9 427.7 451.3 478 512.1 539.4 561.8 581.6 605.4 624.2 642.8 661.3 683 712.9 741.5 761.9
450.7 439.2 431.1 429.2 424.5 413.1 399.7 385.3 374 365.9 362.1 356.2 354.2 356.6 352 343.8 328 313.8 309.5 304.1 304.3 305.8 306.1 309.1 309 304.2 296.7 289.1 281.8 274.7 262 252.3 228.3 217.9 205.8 195.8 189.5 183.6 179.3 178.4 178.4 178.4 178.4 178.4 178.4 178.4 178.4 181.6 189.1 196.2 209 225.6 235.6 248.9 265.6 283.6 303.3 317.8 333.8 347 355.9 368.4 392.9 412.7 436.3 465.7 493.9 517.1 537.1 568.4 594.2 617.5 639.8 661.5 684 713.2 738.6 755.5
451.8 444.8 447.4 444.1 439.4 421.8 407.3 389.6 382.6 376.4 370.8 369.2 365.5 365.3 363.7 344.5 326.9 311.6 307.3 303.2 302.4 301.9 301.9 301.6 302.2 300.8 299.3 294.4 293.4 293.3 278.2 258.5 236 221.1 209 204.9 190.8 186.1 181.3 178.4 178.4 178.4 178.4 178.4 178.4 178.4 178.4 183.9 188.9 197.3 208.1 217.7 228.5 249.7 266.3 285.6 306.9 332.2 358.6 364.3 378 387.8 399.1 410.9 430.8 455.8 481.7 503.1 528.1 556.7 599.4 631.5 649.3 668.1 690.9 718.2 733.8 748.9
464 463.6 464.8 459.8 452.1 440.2 428.2 402 390.7 389.3 387.3 383.3 375.4 364.5 347.5 328.8 313.3 305.2 303.9 301.9 301.9 301.9 301.9 301.9 301.8 303.8 302.4 309.8 318.1 309.7 295.5 270.6 247.4 227.8 215.2 208.4 195.9 190.2 184.8 180.1 178.4 178.4 178.4 178.4 178.4 178.4 178.4 182.4 186.9 194.7 206.2 219.3 233.5 248.8 266.2 285.3 309.2 336.9 365.9 388.6 394.5 404.7 419.5 431.9 441.8 454.6 476.2 498.7 521.6 551.7 607 639.6 655.2 674.8 696.3 715.1 724.5 741.8
485.5 484.8 485.5 479.9 471.1 462.6 448.3 422.8 408.8 406.7 397.5 395.1 383.6 362.3 341.8 319.7 309.2 302.3 301.6 300.8 301.9 301.2 301.9 302 300.7 301.8 310.7 319.5 326.3 324.8 314.4 288.8 260.7 240.7 227.1 209.6 200.5 195.4 187.8 183.8 182.5 178.4 178.4 178.4 178.4 178.4 178.4 180.2 184.1 189.6 202.7 217.8 232.6 251.2 268.8 287.3 313.4 341.5 371.9 402.1 415.5 423.6 435.1 448.3 463 473.4 487.4 503.1 524.1 555.2 597.8 637.3 655.8 671.4 692.9 704 713.2 730.9
503.7 503.9 508.2 508.8 499.2 486.5 481.6 454.9 454.5 434.2 419.5 405.3 384.2 365.9 347.9 331 322 311 303.2 302 301.7 301 301.6 302.1 303.5 307.7 314.6 325.6 341.7 348.2 353.2 339.5 281 254.9 231.8 216.1 203.6 198 192 188.1 186.7 181.5 178.4 178.4 178.4 178.4 178.4 178.4 181.7 185 201.3 217.9 236.7 254.3 275.8 295.6 316.1 345.9 379.4 414.5 442.2 448.9 454.8 464.2 478.5 497.2 501.7 513.4 554.1 577.2 604.3 637.2 653.4 668.7 683.5 694.9 701.5 717.6
523.4 519.8 521.9 530.4 527.7 512.4 501.5 502.8 488.9 472.8 460.5 435.7 414.2 398.9 367.5 343.8 331.1 318.5 311.2 306.4 302.1 301.8 302.4 304.6 305.2 308.8 318.2 327.3 337.3 342.7 355.5 333.7 298.3 265.5 241 218.6 206.3 199.2 193.8 189.7 185.3 181.9 178.4 178.4 178.4 178.4 178.4 178.4 178.4 183.3 200.8 218.5 236.3 253.6 277.2 300 327.3 355.3 389.8 426.3 455.1 472 482.3 490.1 505.1 513.5 519 538.7 577.6 605 622.5 636 651.5 663 675.7 684.9 692.2 704.6
538.2 539.4 542.6 544.9 532.6 525.3 521.2 525.6 511 498.9 483.2 463.5 444.6 429.6 400.9 363.8 339.2 326.7 319 315.7 309.9 304 307.4 309.1 309 315.6 325.2 330.9 343.4 342.6 349.8 331.7 306.3 288.5 257.6 226.4 212.9 204.1 196.3 192.3 186.5 181.4 178.4 178.4 178.4 178.4 178.4 178.4 178.4 186 202.9 220 238 257.3 279.2 301.6 330.1 361.3 395 431.9 463.5 505 523.9 535.2 533.2 545.4 549.8 574.2 594.2 613.6 627.4 636.4 647.5 658.2 667.2 674 684.1 693.8
548 551.4 559.4 549.5 538.8 536.9 539.4 535.9 525.7 519.4 515.1 511.1 494.4 467.2 422.4 374.1 353.4 341.8 335.1 333 325.6 318.7 321.2 323.8 316.8 320.5 330.9 339.4 343.7 344.3 344 327.4 308.9 292.4 259.9 233.7 216.8 208.1 200.8 193.9 188.1 182.9 178.9 178.4 178.4 178.4 178.4 178.4 178.4 188.7 205.1 221.7 239.5 258.3 280.3 305.1 334.9 365.3 402.6 440.5 479.7 521.5 543.7 553.8 562 564 581 591.8 602.5 615.1 626.5 635.1 641.6 649 655.9 666.8 675.3 684.9
556 555.2 559.3 547.8 542.6 543.7 543.2 540.8 554.6 549.9 538 521.4 502.1 480.1 435.2 396.3 375.7 363.9 359 363.4 361 341.1 336.4 334.3 332.8 330.6 328.1 341 346.6 349.2 343.6 337.3 321.2 293.9 268.3 239.1 220.3 209.8 204.8 195.5 189.8 184.4 181.5 178.4 178.4 178.4 178.4 178.4 180.3 189.4 205.1 220.7 240.1 259.4 281.1 305.3 335.3 367.2 408.3 447.7 481.4 519.6 540.9 553.6 560.3 570 582.3 592.5 601.7 615.3 623.7 629.8 634.1 641.2 648.9 660.1 668.8 679.5
562.7 558.5 552.8 547.6 544.9 543.5 543.8 554 558.9 546.6 530.2 513.6 498.2 479.1 452.9 430.4 417.8 400.7 401.1 408.8 393.2 385.9 358.3 352.1 351.6 345 336.8 350.8 362.8 362.2 354.1 341.7 322.6 292.4 266.7 244.6 226.1 210.2 201.8 194 190.5 185.3 180.4 178.4 178.4 178.4 178.4 178.7 181.9 188.1 204.5 220.2 237.6 259 281.1 306.9 337.3 372.7 412.5 453.4 484.9 512.9 537.3 549.9 556.1 567.8 582.1 586.9 598.5 611.4 617.6 621.8 625.1 632.1 641.8 653.2 663.3 673.7
567.6 559 551.9 547.8 544.9 546.4 548.7 560.5 553.9 537.9 527.2 512.5 501.1 504 492.2 467.6 451.7 434.6 436.8 418.8 405.1 396.5 394.8 379.6 363.5 352.1 351.4 373.2 371.6 362.3 358.7 357.3 339.8 294.4 265.4 243.7 224.9 209.2 198 193.4 187.1 183.5 179.7 178.4 178.4 178.4 178.4 179.5 182.2 186.3 202.8 221.8 240.8 262.1 282.6 308.2 339.3 374.7 415.1 453.9 488.2 514.3 529.6 541.6 552.7 566.9 580.3 586.1 595.1 603.8 608.2 608.8 615.7 623.7 632.6 643.7 654.5 662.4
567.1 560.2 552.9 549.5 549.2 550.4 562.8 557.4 545.4 534.4 524.8 518 510.4 499.1 489.8 484.4 469.2 456.1 442.1 429.7 411.9 413.2 409.9 396.6 375.1 365.1 363.1 381.5 370.9 369.1 367.9 357 334 297 267.4 244.9 227.5 211.4 201.4 190 186.1 182.9 180.6 178.8 178.4 178.7 179.3 180.1 181.3 183.3 202.8 222.7 243.9 265 287.4 313.4 344.7 380.9 419.1 452.4 483.7 512.4 528 540.4 550.9 565.5 575.6 584.3 592.1 598.3 593.6 586.9 603.8 620.8 634.7 647.2 658.2 668.9
565.8 558.5 554.7 552.4 555.1 560.4 557.7 551.7 539.4 529.5 518.1 509.6 499.1 490.3 487.7 487 475 462.1 456.1 443.6 429.1 423.5 412.3 396.1 386.1 375 371.2 375.3 375.4 371 372.5 354.5 343.5 305.7 276.5 249 230.2 214.5 201.1 191 187.2 183.2 181.2 179.6 178.4 179.3 180.7 181.5 182.3 183.1 201.2 221.9 242.7 265.2 289.6 316.2 349.3 384.3 422.9 455.7 488 514.4 530.9 542.6 554.3 568.3 575.7 581.6 588.7 580.9 574.5 599.5 613.6 624 635.6 647.2 659.9 669.7
567 564.1 560.2 554.7 554.8 555.3 549.6 543.4 532.3 522.7 509 502.1 491.9 487.4 487.3 492 493.8 488.7 469.9 463.6 443.3 435.5 416.5 402.4 398.5 370.4 372.9 379.5 381.2 388.9 374.5 361.9 330.1 297.2 270.9 245.2 229.3 215.2 199 191.3 188.2 183.9 182.1 180.7 178.5 180.6 181.9 182.2 183.2 183.8 200.3 221.1 241.5 267.1 291.9 318 355.1 391.5 425.8 460.8 492.4 514.2 538.2 548.4 552.8 563 576.4 585.5 580.3 558.7 574.6 600 612.7 623.7 635.6 647.3 658.9 670.8
568.6 563.6 558.7 555.3 553.5 553.3 546.8 536.2 527 525.8 517.9 507 497.4 487.8 488.9 480.4 480.8 477.5 467 453.9 443.4 430.6 418.8 404.2 386.7 379.8 387 392.1 393.9 399.6 379 349.8 316.1 292.1 262.8 243.2 222.7 210.6 198.1 191 189.1 185 183.3 179.6 178.6 181 182.1 183.6 184.2 185 199.5 220.1 239.6 263.4 290.8 320.8 361.6 396.4 429.3 464.2 494.7 514.6 539.8 552.6 560.2 565.9 577 574.9 568.2 546.3 569.3 596.8 610 622.4 632.7 644.3 655.5 670.7
