public/OST50/NY31.asc
ncols 200
nrows 200
xllcorner 330000
yllcorner 510000
cellsize 50
[rows 0 to 34 of 200, columns 78 to 155 of 200]
766 781.9 788.3 790.6 787.6 781.1 771.7 759.1 747.2 736.5 726 715.6 699.8 684 668.2 654 642.3 630.1 618.2 607.5 598 586 574.8 564 554.9 548.6 541 534 530.6 528 530.4 535 551 572.2 594.1 616.3 637.2 659.4 675.6 680.9 687.6 692.1 691.6 690 689.8 688.7 683.5 671.9 688.4 695.5 699.4 696 688.9 678.2 663.7 649.7 633.4 618.4 600.9 587.2 573.5 560 554.1 544 528.7 516.3 508.6 502.8 498.4 493.8 488.8 479.9 485.5 495.3 505.4 517.8 528.1 541.3
778.8 786.4 787.8 786.1 779.8 769.3 753 739.3 731.1 721.5 710.9 700.3 687 671.5 656.1 644.1 632.3 621.2 609.3 602.6 595.5 581 570.5 561.6 548.3 543.4 546.5 535.8 530.5 533.3 537.3 549 560 582.3 610.4 641.2 670.1 684.4 697.8 702.9 706.5 707.7 704.8 701.1 698.3 695.9 691.2 689.2 696.8 705.3 710 708.6 702 691.5 678.2 658.7 643.1 629.1 612.8 595.9 583 575.2 566 551.4 534.9 522.3 514.9 508.7 502 496.7 491.9 479.9 491.6 499.3 508.8 520.9 531.4 539.4
782.6 784.6 782.7 777.4 768.7 752.4 731.5 714.7 709.8 703.7 695.3 684.5 670.9 658.3 644.9 633.3 623.2 613.5 601.8 599 596.5 576.8 567.1 559 555.4 560.6 554.5 540.8 533.6 537.1 541.9 559 573.6 597.3 628.1 659 686.3 705.5 715.8 722 722.7 721.3 714.7 707.7 706 703.5 699.1 698.5 705 711.2 714.1 713.6 710.7 701.7 688.1 669.7 652.4 632.9 616.1 602.7 592.3 584.6 570.9 556.2 538.2 525.6 518.1 511 504.9 499.8 492.7 488.6 496.2 503.8 512.5 521.2 531.3 538.7
786.6 783.7 775.9 766 750.6 731.5 711.5 691.7 685.2 683.1 676.7 668.4 659.3 646.6 631.4 621.7 611.6 603.2 597.1 592.9 593.8 572 565.3 571.2 571.8 571.8 556.6 544.7 539.5 540.4 550.4 565.1 588 616.3 646 675.4 701.3 719.1 729.4 735.6 737.6 732.4 725.3 714.9 713.2 709.8 707.1 707.3 711.5 717.8 720.4 717.3 712.3 703 689 676 658.2 636.5 618.9 606.7 596.4 588.1 573.8 557.6 541.8 529 520.3 513.3 508.3 503.4 491.9 496.4 499.8 506.6 514 521.9 531.7 540.8
783.7 779 767.5 750 728.4 709.2 690.6 674.4 662.9 660.7 657.4 651.6 641.2 630.3 618 609.1 603.8 597 589.7 588.5 581.4 577.9 584.1 585.8 585.5 575 561.1 549.8 542.6 542.7 554.3 574.6 601.1 629.4 659.8 688.8 712.9 729.7 742.1 750.7 751.6 742.9 730.9 722.9 718.7 715.5 713.1 715.3 718.4 721.1 723.1 719 711.5 702.3 690.3 676.3 658.4 638.8 621.8 609.2 599.2 589.1 574.9 557.9 541.6 530.7 522.1 515.3 509 505.7 495.5 504 505.1 508.7 516 522.9 530.7 541.1
776.3 769.2 753.5 730.6 708.5 688.5 669.1 653.7 642.5 637.5 632.9 629.4 621.1 612.3 607.4 603.7 598.3 599.5 600.6 601.2 599.1 598.2 599.5 597.6 593.7 580.7 568.5 558.1 541.9 550.7 566.2 589.9 617.4 646.1 674.5 701.2 722 736.1 748.5 754.9 752.8 745.8 733.4 728.2 723.4 719.1 719.1 721.3 722.5 723.6 721.4 716 708 700.8 687.8 675.9 657.5 638.9 624.2 609.6 599.8 589.3 572.8 555.8 542.2 532.6 522.8 517.1 512.6 508.6 507 508.9 510.3 513.3 518 525.2 531.1 540
768.4 755.6 734.9 713.3 690.5 668.4 649.4 647.3 645.4 641.6 634.9 630.9 627.7 626.2 617.2 605.8 608.7 609.2 611.6 617.4 621 620.9 616.8 613.3 601.3 582.4 567.9 551.8 546.5 557.6 574.9 602.8 633.7 663.1 692.5 714.8 729.5 739.1 747 750.8 748 742.5 735.3 730.4 726.4 724.3 725.3 727.2 728.2 725.8 720.2 713.6 705.3 695.6 685.2 672.2 657.8 639.6 624.8 609.3 598.1 585.5 570.5 555 542.1 533.9 526.5 520.2 517.2 512.7 512.7 513.4 514.4 517.4 519.5 528.4 532.5 537.5
758.9 738.2 717.3 695.6 674.9 664.5 668.2 668.6 667.6 661.9 656.6 652.7 645.2 636 622.9 619 621.8 624.5 629.3 638.8 641.6 647.3 641.1 627.6 607.6 583.8 567.3 553 551.9 567.3 587.3 616 647.2 678.3 704.6 723.1 733.2 739.3 743.7 745.3 742.6 736.8 733.8 730.8 729.9 730.5 732 732.8 733.6 729.9 721 711.1 702.1 692.1 681.1 667.8 654 638.9 621.7 609.8 598.1 584.1 569.3 555.1 544 535.5 526.5 524.4 520.1 518.6 517.6 518 517.7 520 523.2 529 533.3 538.5
749 727.8 702.6 689.5 683.4 685.9 689 690.6 691.6 687.6 679.6 670.8 658.9 647.8 632.9 638.4 646.2 651.3 655.7 659.9 659.9 659.3 650.3 633.3 610.1 584.5 565 553.9 562.1 576.3 598.2 627.2 658.9 687.1 710.2 725.8 732.9 736.2 737.7 736.5 733.6 727.4 730.1 729.8 732 734.3 736.3 736.5 737.1 732.7 722.2 710 698.7 689 675.6 662.7 649.7 635.7 622.4 610.2 598.4 584.4 569.7 554.7 545.9 539.1 532.7 527.8 525.6 524 522.2 521.9 521.9 522.5 525.1 529.4 533.8 538.1
750.3 734.5 725.2 712.6 704.2 709.8 713.4 715.3 719.2 716.9 704.5 692.3 676.7 662 646.5 661.2 669 674.1 673.3 670.3 664.3 656.9 647.7 630 605.5 579.4 565.7 562.9 573.7 586 601.8 632.4 664.6 693.4 714 726.7 732.3 733.8 731.4 728.6 725.2 718.3 723.1 726.6 731.7 737.6 738.9 738.7 736.8 732 722.6 709.5 696.5 685.1 673.4 657.4 644.9 632.6 620.6 612.8 601.2 585.9 569.6 563 551 543.6 537.9 534.8 532.5 530.1 527.7 525.6 525.5 526.6 528.4 531.2 535 538.3
770.2 759.9 749.8 740.4 729.1 736.6 741.2 744.8 747.9 743.6 734.1 718 702.4 678.8 668.6 685.9 694.7 687 675.3 663.4 652.7 641.9 628.1 613 594.6 574.8 567.4 575.9 587.2 598.5 617.2 637 666 694.3 716.2 728.2 732 731.4 726.9 721.1 716.6 702.8 715.5 722.2 730 736.2 739 737.5 734.4 726.6 717.8 707.3 693.3 680.4 669.4 656.9 644.9 634.1 623.8 614.4 601.5 587.1 577.7 569.2 558.1 551 546.1 543.1 540.1 535.8 533.7 536.1 540.2 540.8 540.2 537.9 541.2 542.7
776.6 773.6 771 766.5 754.1 759.1 762.1 761.7 758.2 753.2 745.3 729.8 706.7 701.5 700.9 713.1 708.4 688.9 672.8 657.3 641.7 621.3 598.9 587.1 573.5 578.2 580.9 587.7 600.5 616.8 638.7 661.5 681.5 704.4 720.1 729.2 732 730.7 725 715.7 702.9 693.7 706.1 717.1 724.8 732.6 737.1 735.4 729.7 721.3 708.6 695.9 685.3 675.1 665.1 656.3 643.5 633.3 623.2 613.6 605.1 591.7 580.9 573.9 565 558.1 554.4 550.9 550.4 554.9 553.7 548.5 549.1 547.2 546.5 543.3 548.5 548.7
777.6 777.3 776.2 773.8 770.6 770.5 770.6 769.2 765.1 756 737.9 730.3 731.4 734.2 737.7 737 718.5 698.2 678.5 652.7 628.9 599.1 589.8 592.9 593.1 595.7 593.2 604.5 618.9 638.1 659.7 682.4 699.8 716.8 727.1 732.2 733.7 730.6 721.3 708.6 688.4 682.2 690.3 703.2 713.4 721.1 725.1 724 716 706 693.1 667.8 651.2 661.1 660.2 650.4 640.2 628.7 619.6 611.2 603.1 591 585.1 577.7 571.3 569.8 566.8 568.8 566 564.2 560.3 558.7 557.6 552.7 546.8 543.8 547 548.5
769.3 772.1 774.4 775.5 776.1 776.4 776.8 775 770.2 750.6 753.1 754.9 755.6 757.2 754.7 745.7 723.8 698.3 672.5 644.4 618.3 597.8 605.6 610.8 612 608.8 608.8 624.7 641.6 659.7 680.7 700.7 714.1 727.1 734.1 735.5 734.2 727.5 714.2 695 681.7 672.1 678 688.9 699.1 706.6 711 707.6 697.8 688.7 673.7 651.5 624 650.8 653.3 640.8 629.5 619.2 611.4 603.9 598.3 593.2 587.8 585.3 584.3 587.6 585.3 580.9 578.4 574.8 570.3 565.2 552.9 549 543.2 539.2 541.7 546.1
753.8 759.8 768 775.7 781 782.6 783 783.1 776 771.9 773.8 774.5 772.3 767.5 757.7 738.4 709.9 684.7 657.5 634.1 614.3 613.2 621.8 629.7 630.9 625.7 624.8 644.7 663.4 682 701.3 715.7 726.1 735.1 739.6 739 733 724.1 708.7 689.6 672.9 666.5 665.8 674.4 682.3 690.8 693.4 690.1 680.5 661.4 649.5 629.2 603.3 631.7 640.7 637.8 625.3 610.2 598.4 592.7 590.3 588.9 592.6 591.4 591 590.5 583.8 581.1 575.4 570.7 561.2 550.2 546.6 542.8 539.8 534.4 538.2 532
735.6 747.9 763.7 777.3 786.7 789.3 791 790.6 787.8 788.4 789.1 788.2 783 772.3 749.1 721.9 697.3 673.2 652.4 632.4 614.5 624.5 635.3 647.2 652.8 653.4 652 663.4 681.4 699.6 716.7 727.2 735.3 741.3 741.4 741 734.5 724.1 705.4 684.2 665.8 659.2 653 657.9 662.1 672.1 667.1 657 649.5 635.7 612.5 603.5 583.6 610 616.1 613.8 607.7 599.1 585.3 582.6 574.6 576.7 580 580.3 579.4 575.6 570.8 565.4 559.3 553.2 550 544.7 540.2 537.1 532.4 528 526.8 517.1
709.5 734.2 760 781.1 792.1 797.4 800 799.9 800.6 801.9 802.5 798.7 789.3 759.9 734.1 711.3 690.1 669.8 650.7 631.6 630.1 635 650.3 664 672.6 676.1 674.5 682.8 699.3 714.1 727.4 738 745.1 748.5 747.8 743.5 735.7 724 704.9 684.7 656.5 646.8 633.6 626 622.1 623.5 620.8 615.1 602.8 595.7 579.3 570.4 552 575 576.8 577 573.5 569.3 565.1 560.6 557 558.6 559 559.8 558.5 553.5 550.5 548.4 543.2 541.9 542 538.2 529.7 524.4 519.7 519.6 515 504
697.5 728.2 758.5 782.1 796.8 806.4 810.6 812.1 813.6 814.5 812.9 805.2 777.6 745.8 724.4 700.8 682.1 664.1 644.3 650.2 648.4 649.5 666.4 681.8 691.6 696.7 697.3 702.4 717.2 729.3 739.7 748.9 755.5 757 754.8 747.3 735.9 721.3 700.4 676.7 647.1 631.5 605 593.2 589 585.1 581.5 573.7 566.5 556 547.3 538.2 534 539.4 539.3 538.1 535.8 532.5 530.2 528.3 531.4 533.3 537.3 537.8 536.7 534.8 534.6 534.8 531.9 535.8 534.3 525.8 516.2 511.8 506.2 504.5 498.7 476
695.7 727.9 758.3 784.9 804.7 818.2 823.5 825.1 825.3 824.6 822.1 797.8 764 736.8 713.2 696.6 687.8 674.7 668.8 674.6 674.5 667 683.6 699.6 710.5 717.5 720.8 726.2 735.6 744.4 751.9 758.4 762.1 762.6 757.3 748.3 735 713.4 686.8 654.7 629.1 613.5 587.5 568.4 567 556.9 547.1 540.3 533.1 525.6 517 509.3 501.9 507.4 504.7 503.1 500.9 499.6 497.2 497.1 501.8 501.8 503.7 509.6 513.9 514.8 515.3 515.7 516.7 511.9 509.6 504 496.7 488.9 483.9 481.1 475.4 449.1
706.7 731.8 759.3 787.4 807.6 822.5 831.7 834.5 834.9 833.7 829.7 792.1 761.7 744.6 732 719.6 701.6 683.8 693.1 697.1 696.9 693.5 700.9 717.1 728.8 735.1 739.3 743.8 749.6 755.5 761.1 765.7 767.9 765.6 758.2 747.5 733.6 707.8 683.9 644.1 609.5 593.5 564.8 549.9 537.5 527.1 518.9 509.7 501.6 493 488.2 485 478.3 477 476.5 475.6 473.9 474.9 473.3 474 475.1 474 473.6 479.6 487.7 491.1 484.2 478 483.4 477.9 476.4 469.5 464 460.2 455.7 451.2 446.4 434
702 726.5 750.5 774.9 798.2 819.9 833.9 840.2 841.6 840.5 832.4 805.4 776.2 758.4 744.4 725.2 703 704.4 712.3 717.5 719.3 721.2 720.2 736.3 745 749.7 751.6 755 759.7 763 767.9 772.7 772.9 768.6 759.6 748.2 732.3 707.1 687.3 631.7 605.9 574.5 549.5 534.3 513.2 507.8 498.1 486.4 477.2 470.6 465.2 463.6 457.5 453.7 452.1 451.6 453 454 454 453.5 453.5 452.2 448.8 447.8 449.3 449.5 447.8 444.4 442.4 437.2 431.5 428.7 426.5 422.9 420.9 421.4 411.8 401.8
688.2 707.1 729.1 754 779.5 807.3 829.7 841.1 843 839.4 831.3 816.9 795.1 771 747.7 724.5 717.3 721.1 729.6 737 740.8 742.1 746 753.6 758.6 760.8 762.9 765 769.1 771.4 775.4 777.2 776.5 770.6 761.1 749.7 733.5 712 670 630.6 606.6 573.9 550.4 531.9 515.6 496.5 480.4 466.9 460.1 454.4 448.1 445.6 443.7 440.1 436.4 433.1 433.4 434.9 433.7 435.9 433.4 430.2 430 423.2 420.5 421.1 420.7 419.4 415.3 407.9 402 394.9 391.7 387.5 383.6 386.7 378 363.7
699.6 714.5 732.5 751.5 774.8 806.5 832.3 840.9 840.9 835.8 827.7 813.3 794.6 770.7 750.6 729.7 735.3 742.3 748.5 751.5 752.4 756.1 760.4 765.1 767.9 770.5 773.8 775.4 776.1 779.4 782.2 781.7 778.6 773.4 765.3 752.7 739.9 722.7 678.3 647.3 618 585.9 555 536.9 522.3 509.3 493.1 475.1 452.7 442.7 437.6 435 429.5 426.9 424.2 424.3 424.6 416.7 417.8 417.6 414.6 410.9 408.6 405.4 401.1 398.5 399.4 399.5 397.5 388.9 381 372.6 365.7 362.1 357.3 351.1 342.9 327.7
725.8 740.2 757.9 776.2 794.8 816.3 834.3 837.5 835.8 830.3 821.3 808.4 795.4 781.2 764.7 756.3 756.5 757.3 758 759.1 761.4 764.3 768.9 773 776 779.7 784.3 783.5 785 786.1 786.7 784.2 778.9 773 764.8 755.5 746.3 736.3 701.4 667.8 639.8 605.9 576.2 549.3 533.1 521.5 501.9 482.5 461.5 445.3 435.2 425.5 420.9 420.2 417.1 415.3 415 406.8 408.3 405.9 401.3 397.2 393.6 390.7 390.9 387.8 384.9 385.7 382.8 371.8 362.8 353 345.4 339.9 333.4 323.8 314.3 298.7
753.8 768.8 785 804.6 822.8 835 837.1 834.2 829.5 822.7 813.1 805.6 797 786.4 776.1 768.9 765.6 763.9 763.4 764.2 766.4 769.3 773.1 777.1 780.9 784.8 789 791.3 790.1 790.9 789.1 784.6 777.7 769.1 761.6 753.8 746.7 742 727.6 695.4 650.4 617.4 593.5 575.6 548.5 536.3 517.7 491.7 469.2 450.1 432.9 420.9 416 415.3 413.4 409 405.5 402.5 402.8 399.1 397.7 394.5 390.8 388.3 385 382.7 380.4 378 371.9 362.1 351 335.8 328.1 320 309.3 298.3 283.3 271.5
768.8 789.6 810.2 827.7 837.6 838.4 832.2 827.3 821.7 814.6 807.8 801.5 795.2 787.7 780.1 773 769.5 766.6 765.2 765.7 767.8 769.7 773.7 778.2 782.4 787.3 791.8 792.2 789.8 788.4 784.4 780.3 771.3 762.2 755 748.7 744 740.4 735.5 715.5 668.8 630.8 603.5 585.8 573.1 558.1 533 498.2 468.6 445 426.4 419.6 415.2 411.5 409.1 406 406.3 400.6 398.9 397.7 396.3 392.8 387 385.2 382.5 382.2 380.4 372.3 357.4 343 326.5 312.3 304.6 301.9 289.4 274.6 261.6 247.4
779.7 802.7 823 838.2 838.1 833.7 825.4 818.1 811.8 805.6 801.5 795.9 790.9 785.2 779 773 768 764.9 763.3 763.2 765.2 767.8 770.9 774.9 779.9 784.1 787.1 787.6 784.2 780.7 776.7 770.5 762.1 752.7 746.9 741.7 736.4 734.5 731.1 725.3 692.1 649.4 624 603.8 596.7 569.7 542.2 495.1 467.3 444.8 433.4 426.9 423.1 420.1 418.6 416.3 415.7 413 410.7 410.9 406.1 398.5 391.1 390 389.2 388.6 388 382.8 372.1 362.8 342.8 320.2 296.3 283.7 268.9 260.2 247.8 236
784.8 805.5 822.7 832.6 832.2 824.8 815.4 808 801.6 796.8 792.2 788.3 782.9 778.9 774.9 768.7 764.1 760.5 758 758.1 759.9 762.3 765.6 769.1 773.4 777.3 778.3 779.5 776.2 771.8 766.7 758.8 751.4 742.6 734.8 729.3 724.8 722.3 719.9 718.9 717.6 681.1 655.2 635.9 609.6 569.4 532.8 498.9 471.8 454.3 443.6 437.4 433.1 431 430.7 430.2 430.5 434 431.8 425.2 414.8 407 401 396.1 395.1 393.6 396 386 374.8 360.3 336.7 314.9 295.9 277 267.5 254.3 238.6 228.2
786.7 802.5 814.4 822.8 819.9 810.4 804.3 797.9 790.6 786.1 782.9 778 774.1 771.1 766.1 761.5 756.4 752 748.9 749.3 751.3 753.9 756.9 759.6 764 765.8 767 767.9 766.6 762 755.5 746.3 737.9 726.4 718.1 713 709.3 705.9 701.7 673.5 700.8 698.4 677.4 640.2 598.5 563.6 534.4 508.4 484 465.3 455.3 449.4 445.8 446.7 448.3 451 454.2 456.9 453.5 443.6 432.6 422.9 416.7 409.8 405.7 401.9 399.5 391.7 378.5 364.2 344.4 319.5 299.8 284.1 266.6 252.1 242.8 233.3
784.6 797.6 804.4 808.7 804.2 798.8 793 786.5 781.2 776.6 772.7 768 765.8 761.5 756.9 752.2 746.8 741.4 738.3 740 741.7 743.9 745.8 748.3 751.2 751.1 753.2 753.3 750.7 748 740.9 730.7 720.7 709.8 700.4 693 689.9 685.8 682.6 675.5 678.1 675.9 668 646.2 605.7 574.2 541.9 521.8 500.5 481.6 470.8 466.5 465.2 471.3 474.5 484 483.8 481.8 477 468.5 456.3 445.6 435.9 426.6 420.8 414.4 404.8 393.1 380.5 362.8 340 316.9 295.5 281.7 273.8 264.7 248.9 242.5
779.1 790.3 794.3 795.2 791.4 787.7 782.7 778.4 773.2 766.4 762.7 758.6 755.6 751.6 747.8 743.2 738.3 732.5 728.1 730 730.9 733.4 735.7 735.5 734.1 734.9 731.6 729.1 725.3 720.9 716.7 700.3 691 685.3 676.1 672.2 662 655.9 651 649.4 656.6 657.1 656.3 647.5 618.9 581.4 558.6 536.8 515.7 501.8 490.5 490.7 494.4 499.3 505.1 513.8 515.3 516 509.6 499.2 482.7 468.5 457.4 446.8 438.5 428.7 418.9 401.9 385.3 363.3 341.4 321.7 304.6 291.3 283.5 278.1 264 256.3
769.2 780.2 784.1 784.5 782 778.3 774.2 768.9 763.6 758.8 754.2 750.3 746.8 743.2 738.9 733.5 729 722.3 713.7 717.9 720.8 722.9 723.5 720.6 715.6 710.9 705.5 691.7 684.5 685.3 680.5 673.2 651.1 644.3 630.3 627.9 626.5 618.6 616.4 603.5 628.6 637.2 639.1 637.5 626.4 601.5 569.6 548.8 537.3 521.7 520.9 523.6 524.1 530 536.3 542.8 552.8 556.3 546 531 511.5 494.7 484.5 473.4 461 449.8 433.9 420.3 401.6 377.6 357.8 339 321 306 296.4 290.9 283.9 270.2
758.3 768.3 773.6 774.8 773.7 770.7 766.6 761.6 756.4 752.5 747.3 742.8 738.3 734.3 729.7 722.8 715.4 709.3 703 702.3 706.2 704.9 699.5 690.1 683.7 676.1 662.4 652.2 643.8 640 640.2 638.2 612.4 602.8 593.8 588 589.9 587.6 587.5 592 606.6 615.5 621.2 622.5 619.4 616.2 589.2 565.4 557.4 542.2 554.4 552.5 552.7 560.1 569.9 580.4 589.6 591.2 587.7 571.9 547.8 531.4 516.6 502.9 488.2 474.5 458.8 442.7 422.9 401.4 380.2 354.4 336.1 321.9 313.4 303.2 296.2 286.5
745.9 756.4 762.9 765 764.2 762.2 758.9 755.9 751.6 746.8 740.6 736.4 730.2 727.2 720.2 712.4 703.8 695.1 689.1 687.5 685.9 682.6 668.2 658.3 648.4 639.5 632.3 618.7 613.4 605.1 602.8 598.4 585.9 577.3 567.8 559.6 558 558.8 569.1 579.9 592.2 599.8 604.8 609 609.1 609.1 599 582.9 573.2 573 581.1 577.4 578.6 584.2 592.4 604.2 611.9 613.3 609.8 600.2 587 567.4 553.9 541.1 519.4 505.5 487 471.2 455.6 434.3 400.7 370 350.1 337.7 330.4 324.4 314.1 306.4
736.6 745.2 749.4 752.8 754 753.2 752.3 751.3 747.1 740.6 732.4 727.4 720.7 714.1 709.8 702.4 692.4 683 671.8 668.7 671.3 660.4 641.4 628.4 618.1 609.3 602.2 593.5 587.4 581.3 574.3 568.9 565.4 557 551.2 548.9 548.6 551.6 563 574.1 582.7 591.7 594.7 596.2 599.8 596.4 595.3 584.5 578.3 598 599.8 596.2 598.2 603.8 607.4 619.4 626.3 630.8 634 638.4 631 616.8 600.5 587.7 563 545.9 525.9 511.8 503.8 474.9 423.2 394.1 376.6 363.6 352.6 348.2 338.7 329
