public/OST50/NY43.asc
ncols 200
nrows 200
xllcorner 340000
yllcorner 530000
cellsize 50
[rows 70 to 104 of 200, columns 78 to 155 of 200]
194.2 192.9 192.7 193.3 193.8 191.7 190 188.7 188.1 187.9 186.9 185.9 184.9 183.9 183.2 182.5 181.8 181.4 180.9 180.5 179 178.8 178.3 177.7 177 176.4 175.9 175.2 174.7 175 174.7 176.3 178.1 180.2 181.2 181.9 179.9 177.9 175.9 173.8 172.8 172.4 171 169.8 170.3 170.8 170.7 173.4 176.9 181.2 181 173.7 164.5 160 169 176.1 179.6 179.9 179.8 179.1 178.3 176.5 175.7 175.1 174.4 173.5 172.6 176.2 176.1 172.7 165 162.4 161.9 162.6 163.5 165.6 163.5 161.8
196.3 193.3 193.1 193.7 194.6 193.1 190.7 189.5 187.6 188.7 187.4 186.4 185.4 184.4 183.3 182.2 181.6 181 180.6 180 179 179.1 179 177.8 177.1 176.4 175.9 175.4 175 174.6 174.2 175.6 177.7 179.2 180.4 181.5 181.2 179.2 177.2 175.3 173.9 172.9 171.5 170.2 169.6 170.6 170.3 171 172.9 177.3 180.3 173.7 165.6 159.4 169.8 179.1 181.2 181.2 181 180.9 179.9 178.8 177.8 176.5 174.7 174.1 173.9 175.7 178.1 175.2 169.5 162 162.6 162.6 162.9 166.2 165.5 163.7
198.2 195.5 193.4 194 195 194.5 192.1 190.4 188.5 189.4 188.1 186.9 185.9 185 184.2 182.7 181.3 180.7 180.2 179.6 179.1 179.5 179.3 178.7 177.4 176.4 175.9 175.4 175.5 175.2 174 175.2 176.5 178.6 180.4 181.4 182.2 180.6 178.7 176.7 175.3 173.6 171.9 170.6 170 169.6 170.6 170.2 170.2 173.9 177.8 175 166.8 159.5 167 177 182.7 182.3 182 182.3 181.6 180.6 179.6 177.4 175.6 175.5 175.1 173.8 176.6 177.7 173.1 163.5 162.4 162.5 163.1 165.8 167.1 165.5
200.2 198 195.3 193.8 194.7 194.3 193.1 191.3 190.3 190.2 188.9 187.6 186.4 185.5 184.7 183.5 182 180.5 179.8 179.4 179.6 179.9 179.7 179.5 178.3 177 175.7 175.3 175.2 175.3 174.5 174.4 175.2 176.8 179 181.3 182.6 181.9 180 178.1 176.1 174.3 172.6 171.1 170.3 170.1 171.1 170.9 168.9 170.4 174 175.4 169.9 160.5 165.6 176.1 183.2 183.2 182.7 183.2 183 182.1 181 179 178.5 177.7 176.7 174.2 175.2 178.6 176.1 167.5 162.5 162.9 163.6 165.1 167.7 167
202.7 200.4 197.9 194.7 194.4 193.8 194.1 192.7 192 191.2 189.9 188.6 187.2 186.2 185.3 184.3 183 181.5 180.1 179.5 179.3 180.3 180.1 179.8 179.2 177.9 175.7 177.2 175.8 175.6 175.4 173.6 174.5 175.7 177.2 179.4 181.1 182.4 181.2 179.4 177.4 175.3 173.8 172.3 170.9 170.4 171.2 171.4 169.6 168.4 168.2 170.4 167.1 161.2 166.6 175.7 183.7 184 183.4 183.9 184.4 183.6 182.3 180.1 178.9 178.2 177.9 175.6 173.9 176.4 174.6 167.5 164.1 163.4 164.2 165.1 166.7 167.3
204.6 202.8 200.4 197.4 194.9 193.8 194.1 193.8 192.5 192.2 191.5 189.9 188.3 187.3 186.3 184.9 183.3 181.7 180.5 179.4 178.8 178.7 178.7 178 177.6 176.9 176.2 177.8 177 176.7 175.6 174.7 173.9 175.1 176.3 177.5 179.5 181.4 182.2 180.4 178.8 177.2 175.5 173.8 172.1 170.9 171.4 171 170 170.1 168.6 163.1 161.3 161.1 167.9 176.8 184 184.6 184.2 184.3 185 184.7 183.9 181.3 180.4 180.4 179.2 177.7 174.1 173.9 172.2 168.2 164.7 163.7 164.2 165.2 165.8 167
206.4 204.8 202.7 199.8 197.1 195.1 194.5 194.6 193.5 192.6 192.5 191 189.4 188.3 187.2 185.5 183.9 182.6 181.3 180 178.6 178 177.4 176.8 176.5 176.8 176.7 177.4 177.9 176.6 175.7 174.9 173.4 174.6 175.4 176.1 177.6 179.5 181.5 181.2 179.4 177.6 176.2 174.9 173.4 171.3 171.1 170.6 170.4 169.5 168 162.1 160.5 162 169.4 177.4 182 183.6 184 184.6 185.6 185.4 184.7 183 181.4 181.1 179.5 179 175.9 172.8 171.3 167.4 165 164.8 164.9 166.4 165.8 167.4
208.2 206.7 204.8 202.2 199.8 197.6 195.1 195 194.4 193 192.6 192 190.5 189.4 187.7 186.3 184.9 183.6 182.4 180.4 178.5 178.1 177.6 177.2 177.5 177.5 177 177.1 178.4 177.3 175.4 174.5 173.5 173.6 174.3 175.1 175.9 177.6 180.1 181.5 179.8 177.9 176.6 175.4 174.3 172.9 171.5 170.6 170.3 170 169.2 161.5 161.1 167.1 172.5 176.2 179.3 181.5 182.8 184.3 185.4 185.6 185.3 184.4 182.7 181.5 180.2 179.8 177.5 174.4 171.4 168.4 165.8 166.5 167.1 167.4 167.8 167.4
209.9 208.8 206.9 204.7 202.4 199.5 196.7 195.5 194.6 193.7 192.7 192.1 191.4 190.1 188.6 187.2 185.9 184.6 183.4 181.9 179.7 178.6 178.1 177.8 177.6 177 176.7 177.1 178.1 178.5 176.2 174.6 174.1 173.9 173.7 174.1 174.8 176.3 178.6 180.5 179.9 178.4 177.3 176.2 175.2 173.7 172.3 171.4 171.7 171.7 170.8 162.7 162 167.3 171.3 173.9 176.9 180 182.1 183.7 184.8 185.6 185.5 184.4 183.5 182.6 180.2 179.5 178.7 176.1 173.5 170.8 168.2 168.7 169.5 169.5 169.4 168.4
210.7 210.4 209.1 207.1 204.1 201.3 198.5 195.9 195 194.2 193.4 192.9 192.2 191.1 189.6 188.3 186.9 185.4 184.7 183.1 181.4 179.9 178.8 178.2 178 177.8 177.2 176.8 177.3 178.4 176.9 175.4 174.7 174.7 173.6 173 173.5 175.2 176.7 178.2 179.9 178.8 177.5 176.2 175.5 174.5 173 172 172.4 172.3 171.7 166 161.2 164 171.2 171.6 175.4 178.7 181.2 182.6 183.8 184.6 185.5 184.5 183.6 182.7 181.1 179.1 179.1 176.9 174.6 172 170.5 170.9 171.9 171.9 171.4 170.4
211.6 211.5 211.2 209.3 206.8 203.4 200.1 197.6 195.7 194.8 194.2 193.6 193 192.4 190.5 189.1 187.7 186.2 185.8 184.5 182.3 180.5 179.6 179.3 178.8 178.3 177.8 177.3 177.1 177.6 177.9 176.4 175.8 174.8 173.3 172.8 172.4 173.6 175 176.6 178.2 178.7 177.3 176.4 175.9 175.2 173.7 172.6 172.5 172.2 171.7 168.3 161.5 163.4 169.8 170.5 173.9 177 179.9 181.5 183 184.5 185.5 184.9 183.9 183 182.2 180.2 178.6 177.4 175.2 173 172 172 173.6 174.5 173.8 172
212.5 212.6 212.3 211.2 209.4 206.1 202.6 199.4 197.1 195.5 194.9 194.3 193.6 193.1 191.8 189.9 188.6 187.1 186.8 185 182.4 181.5 180.3 179.6 179 178.6 178.2 177.7 177.3 177.9 178.5 177.8 176.8 175.4 174 173.6 173 172.2 173.4 174.8 176.7 177.9 177.3 176.8 176.2 175.7 174.8 173 172.8 172.5 170.9 167.9 161.9 164.2 169.5 171 172.5 175 178.3 180.4 182.3 184.1 185.3 184.7 183.3 183 183.1 181.2 178.7 177.7 175.8 173.2 172.6 173.2 174.9 176.7 175.6 173.9
212.6 213.3 213.3 212.7 211.3 208.5 205.1 202 198.9 196.3 195.4 194.7 194.1 193.9 193.5 191.1 189.6 188.2 187.2 184.9 183.9 183.9 181 179.9 179.3 178.9 178.4 178 177.7 177.7 178.4 178.3 177.5 176.5 174.7 174.2 174 173 171.2 173.3 175.3 177 176.9 176.4 175.8 175.2 174.3 173.3 173.2 172.9 170.3 166.5 162.3 164.9 169.7 171.3 172.5 173.3 176.5 179 181.1 182.9 184.2 183.5 182.3 182.6 183 182.3 180.3 178.3 176.3 173.5 171.9 173.4 175.2 178 178.4 176.5
212.9 213.6 213.6 213.7 212.9 210.6 207.3 203.9 200.4 197.5 195.8 195.1 194.8 194.6 194 192.4 190 187.9 186.2 186.2 185.7 183.4 181.9 181.5 180 179.2 178.7 178.3 178.2 178 178.2 178.1 177.4 177.4 175.9 174.9 174.8 173.9 172.7 169 172.8 175.8 175.9 175.7 175.3 172.7 171 171.3 172.3 172.2 169.8 163.3 163.9 165.5 168.1 170.7 171.4 172.3 174.6 177.2 179.8 181.3 182.3 182.3 181.8 182.3 182.6 182.6 180.6 178.6 176.6 174.3 171.1 172.5 175.4 178.3 181.2 179.7
212.8 213.5 214.1 214.2 214 212.5 209.3 205.5 201.8 198.9 196.6 195.7 195.4 195 194.6 193.7 191.4 189 187.1 188.5 187.7 185 184.3 183 180.9 180.1 179.5 179 178.8 178.6 178.3 178.6 179.1 178.5 177 176.5 175.7 174.8 173.6 171.3 169 173.3 175.3 174.9 170.5 166 164.7 164.9 166.1 166.4 164 163.4 168.4 169.2 168.8 169.4 171.5 171.8 173.4 176.4 178.2 179.8 181 181.6 181.4 181.5 182.2 182.3 180.9 178.8 176.7 174.9 171.8 171.1 174 177.6 181 182.4
212.9 213.6 214.1 214.5 214.6 213.5 211.2 207.6 203.7 200.3 197.9 196.1 195.2 194.8 194.3 194.3 193 190.7 188.1 189.2 189.4 187.4 185.2 183 182 181.6 181.1 180.3 179.6 179.3 179 179.1 180.5 179.7 178.2 177.3 176.5 175.7 174.5 173.3 169.5 167.6 169.8 170.3 166.1 164.2 164.2 163.9 163.5 162.6 163.2 167.3 171.9 171.3 170.5 168.8 169.7 171.6 173.1 175.2 176.6 178.1 179.5 181.3 181.4 181.1 181.4 181.7 181.4 179.3 177.3 175 172.7 170.8 172.6 176.4 179.8 183.1
214.5 213.7 214.2 214.5 214.6 214.3 212.4 209.3 205.4 201.6 199 197 195.9 195 194.2 194.6 194.3 192.2 189.7 190 190.5 189 187.2 183.9 183.1 182.9 182.6 181.8 180.7 179.9 179.7 179.7 180.5 181.7 180.4 178 177.2 176.4 175.3 174.4 173.2 169.1 166.8 166.7 164.9 167.2 172.7 170.9 169.7 168.5 168.5 171.7 172.9 172.4 171.9 171.3 170.6 170.8 172.5 173.9 175.4 176.8 178.5 180.4 181.9 181.5 180.6 181 181.3 180.3 178.1 175.7 174 171.8 170.7 173.7 177.3 181.8
215.6 214.7 214.2 214.3 213.7 213.5 213.1 210.9 207.1 202.7 199.9 197.7 195.8 194.7 194.2 194 194.8 193.5 191 190.5 192.1 191.1 189.5 186.2 183.9 183.7 184.2 183 181.9 180.8 180.3 180.6 181.2 182.8 182.8 180.6 178.1 176.9 176.5 175.7 174.5 170.9 169.2 165.6 165 164.7 167.4 172.7 173.5 173.2 172.5 172.4 173.5 174 173.6 172.2 171.9 171.6 171.3 172.7 174.1 175.6 177.8 179.7 181.3 181.9 181.1 181.3 181.4 180.9 178.8 175.9 174.6 173.2 171.1 171.8 175.7 179.7
217.3 216.3 215.2 213.4 212.8 212.2 212.1 211.2 208.4 203.9 200.5 198.1 195.8 194.4 194 194.3 194.5 194.9 192.3 190.7 192.3 192.9 191.7 189.1 185.4 186.3 185.7 184.4 183 181.8 181.8 182 181.8 183.4 184 182.2 179.9 178.4 178 176.9 175.8 173.2 173.5 170.2 166.7 166.7 167 167.5 174.3 174.3 173.8 173.3 174.1 175.1 175.4 174.3 172.1 172.5 171.6 171.5 172.9 174.8 177 178.6 180 181.1 181.1 180.8 181.2 181.4 179.5 176.9 175.2 174.3 172 170.4 173.4 177.1
219.3 217.9 215.4 212.9 211.9 210.9 210.4 210 207.4 203.7 201 198.7 196.1 194.5 194.1 193.9 194.2 194.4 194 191.5 192.1 193.7 193 191.8 188.6 187.8 187.3 185.9 184.7 183.9 183.7 182.4 183 183.2 184.5 183.3 181.6 180.4 179.7 177.9 176.9 175.8 174.7 173.8 171.1 167.9 166.7 167.1 174.7 175.3 174.9 174.7 174.9 176.7 177.8 176.9 174.4 172.9 172.8 172.1 172 174.3 175.9 177.3 178.7 180 180.3 180.3 180.8 181.1 180.7 178.2 175.6 175 173.3 171.3 170.7 174.2
222.5 218.7 215.6 213 211 209.9 208.7 208.2 206.9 204.1 201.6 199.1 195.8 195.2 194.9 194.6 194.3 193.5 193.9 192.5 192 193.7 194.6 193.5 192.3 188.2 188.5 187.9 186.9 186.1 185.6 182.9 184.2 183.7 184.7 185.5 184.4 182.2 181 179.3 178.7 177.1 176 175.1 173.9 170.9 167.2 167.2 174.9 176.1 176.3 176.3 176.2 176.8 178.6 178.5 176 173.7 172.4 172.3 173.3 174.7 175.4 176.4 177.6 178.9 179.7 179.9 180.3 181.7 181.3 179.6 177.3 175.4 174.7 172.6 169.9 171.7
224.2 221.4 217 213.1 210.5 208.9 207.4 206.4 205.6 204 201.8 198.6 196.3 196 195.7 195.4 194.8 194.3 193.8 192.8 192.3 193.7 195.1 195.5 193.9 189.9 188.8 189 188.7 188 186.8 183.8 185.2 185.6 185.4 186.2 186.8 183.9 182.5 181.6 180.7 178.9 177.3 176.2 175.1 172.9 167.2 167.8 175.5 177.2 176.9 176.7 176.5 176.5 178.1 179.6 177.5 174.5 173.5 173.1 174.3 174.3 175 176 177.1 178.1 178.9 179.4 179.9 181.4 182 181.3 179.1 176.7 174.9 173.7 171.3 168.9
224.5 220.3 216.1 212.3 208.5 207.8 206.5 203.2 202.8 202.5 200.6 197.8 196.7 196.1 195.5 194.9 194.3 193.9 193.8 193.6 193 194.3 195.5 195.8 194.9 191.4 189.5 189.5 188.1 186 185 184.8 187.3 187.7 187.4 187.2 187.4 186.1 183.7 183.6 182.6 181 179.1 177.8 176.2 174 167 168.6 176.6 178.9 177.5 177.3 177 176.6 177.4 179.2 178.9 176 175.1 173.9 173.9 174 174.7 175.7 176.7 177.9 178.9 179 179.5 181 182.5 182.2 181 178.6 175.9 174.6 172.4 170
224.8 221.7 218.8 214.9 211.7 208.1 205.6 202.7 200 200.4 199 198.1 197.1 195.9 195 194.4 193.8 193.6 193.4 193.3 193.4 194.2 195.1 194.8 195.5 192.6 189.8 189 187.6 186 188.1 188.2 188.4 188.1 187.5 187 187.5 188 186.1 185.2 184.4 183 181.2 179.4 177 175.2 167.5 168.4 176.5 179.2 178.1 177.7 177.3 177 178 178.4 179.3 177.5 176.6 175.3 173.9 173.6 174.3 175.3 176.6 177.9 178.7 178.7 179.2 180.7 181.9 182.5 181.9 180.5 177.2 175.6 173.6 170.6
225 222 218.9 215.3 212.1 209 206.3 203.3 200.4 199.6 198.7 199.3 198.2 196.4 195.3 194.1 193.4 193.4 193.4 193.4 193.4 194.2 195.2 196.1 197.5 194.6 191 189.9 189.1 186.5 188.7 189.6 189.1 188.5 188 188.8 189.2 189.8 188.7 187.6 185.8 184.1 183.6 181.5 179.2 176.3 168.9 167.6 174.4 178.5 180.2 178.3 178.1 178.1 178.3 178.3 178.9 178.5 177.2 176 174.8 173.6 174.1 175.4 176.6 177.7 178.5 178.6 178.9 179.8 180.7 181.7 182.7 182.1 179.2 176.5 174.7 171.4
224.6 222.2 219 215.7 212.4 208.7 204.2 201.1 199.9 199.2 199 199.4 199.4 197.8 196.2 194.7 193.9 193.5 193.5 193.5 193.5 194.5 195.5 196.4 197.2 196.2 193.1 190.1 188.9 188.2 187.1 188.2 189.1 189.1 189.4 188.4 189.6 190.1 190.7 189.1 187.2 185.7 185.9 183.7 181.5 178.1 173.1 168.6 169.9 174.9 180 178.9 178.8 178.5 178.1 178.2 178.7 178.9 178 176.8 175.6 174.3 173.8 174.3 176.3 177.4 178.1 178.6 178.1 178.9 180 181 182 181.7 180.1 176.9 174.9 172.4
223.3 220.3 219.1 215.8 212 207.9 203.9 201.4 199.9 198.8 199.1 199.5 199.8 198.9 197.3 195.9 194.7 194.2 193.7 193.8 194.3 194.7 195.5 196.3 197.2 197.3 194.2 190.4 189.5 188.4 187.6 186.9 188 188 188.3 188.9 188.7 189.6 191 190.5 188.8 187.2 186.7 185.5 183.1 180 176.9 172.5 168.9 170.5 177.6 179.6 179.4 179.4 178.1 178 178.6 178.7 178.3 177.6 176.4 175.1 174.5 174.3 175 175.9 177.1 178.9 177.9 178.2 179.2 180.3 181.4 182 182 178.6 175.7 174.1
220.8 220.6 218.9 215 211.3 208.1 204.3 201.6 199.4 198.9 199.2 199.5 199.8 199.9 198.5 197.1 195.6 194.9 194.3 193.7 194 194.5 195.4 196.2 196.8 197.5 196.4 191.4 189 187.9 187.2 187.1 187.2 187.4 187.9 188.1 188 189.3 190.9 191.6 189.9 188.3 187 186.4 185 182.3 178.7 176.6 172.5 169.4 173.8 178.7 179.7 180.1 179.2 177.9 178.4 178.5 178.1 177.7 177.1 175.9 175.3 174.5 174.8 175.4 177.2 178 178.6 177.4 178.5 179.6 180.7 181.7 184.1 180.8 176.8 175.2
219.3 218.3 216.6 214.9 211.8 209 205.3 201.9 199.9 199.3 199.3 199.6 200.1 200.8 199.7 198.1 196.7 195.5 194.6 193.8 193.8 194.4 195.2 195.6 195.7 196.6 195.5 192.5 189.5 187.5 187.3 187.3 187.4 187.4 187.7 187.8 188.6 189.8 190.9 192.2 190.6 189.3 188.1 187.7 186.5 184.3 180.2 180.1 179.4 173.9 170.6 170.7 175.9 179.7 180 179.2 178.2 178.3 177.9 177.5 177 176.6 175.3 174.6 174.4 174.8 175.9 177.4 178 178 177.8 178.8 180 180.6 183.9 183 177.8 175.7
218.6 216.7 216 215 211.9 208.8 205.6 202.2 200.7 199.8 199.5 200.1 200.7 201.4 201.1 199.5 198.1 196.1 194.9 194.2 193.6 194.2 194.3 194.5 194.6 195.4 195.8 194.8 190.8 189 188.2 187.2 187.4 187.5 187.6 188.2 189.1 190 190.9 191.9 191.7 190.5 189.2 188 186.8 185.8 181.1 181.4 180.4 178.3 170.1 170.8 171.4 178.5 180.2 179.5 178.9 178.5 178.2 177.9 177.6 177 175.5 174.6 174.5 174.4 175.2 176.4 176.9 177.3 177.4 178.1 178.9 179.5 182.2 184.4 179.7 176
220.6 217.2 216 214.7 212.7 209.4 206.3 203.9 201.9 200.5 200.2 200.6 201.3 202.1 202.7 202 199.8 197.6 195.5 194.6 193.9 193.6 193.6 193.5 193.5 194 194.9 195.5 192.8 190.7 188 186.2 186.4 186.5 186.7 187.1 187.9 188.8 189.7 191 192.4 191.1 189.5 188.2 187.6 186.9 181.7 181.9 181.4 180.3 174.9 170.5 170.7 172.5 180.9 180.3 179.3 178.9 178.9 178.7 178.2 177.2 176.1 175 174.4 174.4 174.5 175.4 175.8 176.3 176.7 177.3 178 178.7 179.5 184.2 181.7 177.4
222.4 217.8 216.3 214.9 213.5 210.6 207.8 205.1 203.5 202.6 202.1 201.5 201.7 202.8 203.5 203.2 201.2 198.8 196.3 195.7 194.1 193.8 193.6 193.5 193.6 193.3 193.3 193.3 192.5 190.4 187.8 185.4 185.4 185.5 186.3 186 186.8 187.6 188.4 189.9 191.3 190.6 189.4 188.3 187.2 186.7 184.6 182.2 182 181 179.8 176.6 172.9 173.7 180.6 180.8 179.6 179.4 179.1 178.6 178.1 177.8 177.3 176.4 175.1 175 174.7 175.2 175.9 176.5 177.1 177.2 178.2 178.6 178 182.3 183.2 178.8
224 219.5 216.9 215.2 212.9 210.6 208.3 206.5 205.5 204.1 202.8 202.1 201.9 203 203.6 203.6 202 199.5 197 195.8 194.3 193.6 193.2 192.9 192.5 192.7 192.3 191.4 191 190.6 187.2 184.9 184.4 184.5 186.2 186 185.5 186.3 186.7 187.6 189.3 189.8 188.5 187 185.9 186.1 185.5 181.8 181.4 181 180.5 179.8 175.4 171.3 180.9 181.4 180.9 179.5 179.1 178.7 178.4 177.9 177.5 177 176 175.1 174.7 175.8 176.4 177 177.1 177.2 177.9 178.2 177.6 179.3 182.7 178.4
226.5 222.4 216.7 215.1 212.5 210.5 209.4 208 206.9 205.8 204.1 202.7 202.4 202.9 203.3 203.2 202.6 200.5 197.8 195.9 194.7 193.2 192.2 191.8 191.5 191.8 192 191.3 190.5 191.3 188.7 185.8 184.4 184.2 184.8 185.8 185.2 184.8 184.8 185.5 187.3 188.8 187.3 186.1 185.3 184.5 183.1 182.6 182.3 181.4 180.5 180.8 176 172.8 178.8 180.8 181.9 180.4 179.5 179.1 178.8 178.3 177.9 177.1 176.2 175.5 175.2 175.7 177 177.1 177.1 177.2 177.3 177.9 177.2 177.2 175.7 172.9
227.7 223.9 218.7 215 213 211.6 210.4 209.3 208.2 207 205.9 204.1 203.3 202.6 202.9 202.6 202 201.1 198.2 196.3 195.2 193.7 192.1 191.2 190.6 190.9 191.2 190.9 190 190.9 189.9 187.6 185.1 184.3 184.4 185.4 184.8 184.6 184.5 185 185.9 186.6 185.3 184 182.7 182.6 182.5 182 182.2 181.6 180.7 179.8 175.1 172.6 179.6 179.7 182.4 181.9 180.2 179.5 179.2 178.7 177.9 177.5 177.3 176.6 175.9 176.2 176.6 177 177.1 177.1 177.3 177.3 174.7 169.5 168.3 165.4
