public/OST50/NY43.asc
ncols 200
nrows 200
xllcorner 340000
yllcorner 530000
cellsize 50
[rows 105 to 139 of 200, columns 0 to 77 of 200]
308.2 309.6 310.7 311.8 314 314.2 314.7 314.7 312.6 310.7 310 309.5 310.3 310 308.7 307.7 307.8 310 311.2 311.3 310.7 308.9 306.9 305.2 302.3 299.2 297.2 296.7 295.1 292.8 288.8 284.7 282.3 279.2 275.1 269.9 265.8 263.7 262.8 262.2 261.6 261 260.4 259.7 258.4 257.2 256 255.5 254.9 253.2 254.2 256.9 256 252.3 247.8 243.4 238.8 233.3 230.7 228.7 227.1 225.8 223.5 221.6 225.5 224.2 222.3 220.6 218.8 218.1 217.5 217.4 217.9 218.6 217.3 214.5 217.9 224.6
309.8 312.9 312.8 314.2 315.5 315.6 315.8 316.7 315 313.8 312.8 311.4 311.4 312.1 310.8 310.1 309.9 311.1 312.3 312.4 312.6 311.5 308.7 306.3 303.4 300 296.4 295.9 295.5 293.4 289.9 285.8 282.2 279.3 275.7 272 266.6 262.9 262.4 261.9 261.3 260.7 260 259.3 258.1 256.9 256.2 255.6 253.2 251.8 251.9 255.8 256.4 253.6 249.6 245.4 239.7 233.8 230.2 228 226.9 225.2 223.8 222.3 225.7 225.3 223.7 222 220.4 218.7 217.9 218 218.1 219.1 218.8 216.1 214.7 221
311.9 316.4 315.3 316.2 316.9 317.5 318.1 319.3 318 316.9 315.7 313.9 312.9 313.2 313.3 312.6 312.4 311.5 313.8 313.6 313.9 313.3 310.4 307.3 304.2 300.7 296.7 296.1 295.2 293.8 289.9 284.7 282.2 278.9 275 270.6 265.8 262.5 261.4 261.1 260.8 260.3 259.7 259 257.8 257.2 256.6 255.1 251.9 251.6 250.6 252.1 256.1 254 250.6 246.6 241.4 234.7 230.6 227 226.2 224.7 223.2 222.6 225.3 226.2 225 223.4 221.7 219.9 218.3 218.6 218.8 219.3 220.4 219.7 215.1 215.2
314.4 320 318.7 319.4 318.1 319.6 321.1 321.7 320.5 319.3 318.2 316.9 314.5 313.5 315 315 314.6 314 310.7 314.7 315.2 314.9 312.4 308.2 304.7 301.3 297.1 296.2 294.8 293.1 291.9 289.4 285 280.8 275 269.3 264.7 262 260.8 260.1 259.8 259.5 259.2 258.7 258.1 257.5 255.6 252.9 252.4 255.1 251.7 246.7 253.5 252.5 249.8 247.1 242.7 236.1 231.2 227.6 226.3 225 223.9 223.5 224.5 226 226.1 224.5 222.7 220.8 219 218.9 219.2 219.5 220.6 221.8 220.5 212
318 322.8 322.4 322.4 322 322.8 323.6 323.5 322.4 321.2 320.1 318.7 315.5 314.5 316.1 317.1 316.9 316.4 315.3 316 316.4 316.4 314.4 309.3 304.9 301.8 297.5 295.9 294.5 294.5 293.2 290.3 287.1 282.8 276.5 270.2 265.5 262.5 260.6 259.1 258.8 258.4 258 257.7 257.5 255.5 253.9 255 256.1 255.3 254.2 249.5 245 247.6 248.2 245.7 242.7 236.5 230.2 227.8 226.5 225.1 224.3 223.9 223.4 225 225.7 225.6 223.7 221.8 220 219 218.7 219.7 220.8 222.6 222.9 220.9
320 326 327.2 325.7 325.8 324.7 327.1 326.2 325 323.9 322.4 320.4 317.4 315.8 317.4 318.7 318.8 318.8 317.2 314.8 317.3 317.4 315.8 311.6 305.6 301.9 298.4 295.5 294.9 295.2 294.6 291.9 289 284.7 279.9 272.9 267.7 264.4 261.1 260.1 259.2 258.4 257.7 257 257 255.7 257.6 257.6 257.1 255.6 254.7 251 242.4 239 238.8 237.6 234.5 231.6 229.3 227.7 226.3 225.4 224.4 224 223.6 224 225.5 226.5 224.7 222.8 221 219.6 219.3 219.8 221.4 223.5 224.1 223.3
321.9 328.3 332.2 329.3 329.3 327.3 331.3 329.8 327.3 325.8 324.2 322.1 319.9 318.1 317.5 319.3 320.3 320.2 319.6 317.5 317.5 318.2 317.3 313.7 307.9 303.4 300.1 296.7 294.7 295.3 295.8 293.7 290.9 286.9 282.8 277.4 271.2 267.3 262.7 261.4 260 259.1 258.3 257.4 256.3 256.3 258.6 258.6 258.1 256.7 254.3 251.2 248.7 246.7 237.6 232.9 231.3 237 233.8 229.2 226.6 225.5 224.4 224.1 223.8 223.8 224.7 226.8 225.8 224.1 222.6 220.6 220 220.1 221.7 223.7 225.3 224.8
324 328.6 336.4 333 331.8 331.2 336.1 333.6 328.8 326.9 324.8 323.5 320.9 319.5 318.2 319 320.3 321.6 321.2 319.6 318.7 318.3 317.6 315.1 310.1 306 302 298.6 295.5 295.6 296.5 295.2 292.6 289.1 284.9 279.7 274.6 269.3 264.6 263.2 261.5 260.3 259 257.6 256.6 256.8 258.4 259.3 259 257.8 255.5 253.4 251 249.4 247.6 246 244.3 242.6 237.5 231.6 226.9 225.7 224.5 224.1 223.5 223.3 223.9 226 227.1 225.6 224.1 222.1 220.2 220.7 221.3 223.6 225.8 225.4
325.4 329.6 338 337.1 336.2 335.8 335.1 336.8 331.6 326.8 325.1 324.2 322.6 319.5 319.7 320 320.9 322.1 322.4 320.4 319.3 317.4 317.2 315.8 311.7 306.6 303.3 300.5 297.2 296.1 297.1 296.6 293.9 291 287.3 282.8 276.9 271.3 265.9 265.4 264 260.5 259.2 257.9 257 256.7 258 258.9 258.6 258.2 256.7 254.8 252.7 250.6 249 247.3 245.5 243.3 239.9 234.1 228.5 225.9 224.4 223.8 223.2 223 223.6 225.3 227.6 227.1 225.5 223.6 221.7 220.7 221.8 223.1 225 226.2
326.8 330.5 335.7 342.4 341.3 340.3 335.8 340.3 334.6 327.6 325.5 323.8 323.7 321.8 321.5 321.9 322.1 323.1 322.4 320.9 318.4 316.2 315.9 315.7 313 308.5 305.5 302.4 298.9 296.9 297.1 297.3 295 292.8 289.8 285.4 278.6 272.2 269.8 270.3 266.4 262 259.4 258.3 257.5 256.7 257.9 258.6 258.2 257.9 257.6 256.3 254.2 251.7 249.6 247.8 246 243.7 241.1 236.9 231.9 226.8 224.9 223.9 223.1 223.1 223.7 224.1 226.9 228.4 227.2 225.5 223.8 221.4 222.2 222.8 224.2 225.9
327.9 331.7 336.9 344.1 345.7 344.6 340.6 345 338.8 330.2 326.3 324.3 323.8 324.1 324.2 323.8 323.5 323.3 322.4 321 317.7 315.5 314.6 314.8 313.2 310.1 307.1 304 300.9 298.1 297.4 297.6 295.8 293.7 291.6 282.7 273.8 277.1 279.1 276.6 271.1 265.6 260.1 258.7 257.9 257.1 257.6 258.4 258.5 258.1 257.9 257.4 255.4 252.6 250 248.2 246.4 244 241.1 237.9 233 227.8 225.3 223.9 223.2 223.4 223.4 223.7 226.2 229.6 228.9 227.4 225.7 223.2 222.5 223.1 223.8 225.3
329 332.9 337.4 342.3 350.5 348.8 346 340.6 344 334.6 329.2 326.5 325.8 326.4 326.9 325.7 325.1 324.5 322.6 321.4 317.7 314.9 313.7 313.5 312.3 310.8 307.9 304.9 301.8 298.6 297.4 297.4 296.3 294.4 290.6 277.9 280.8 285.6 282.8 278.7 273.3 267.8 262.8 259.5 258.3 257.5 257.6 258.1 258.7 258.4 258 257.5 256.3 253.5 250.7 248.7 247.2 244.9 242.4 238.5 234 229 225.8 224.3 223.5 223.6 223.6 223.7 225.7 228.8 230.5 229.3 227.7 225.2 224.1 223.8 223.5 225
329.5 333.4 338.1 342.6 351.4 351.7 349.8 345.9 345.4 339.4 334.1 330 329.3 331.2 331.1 328.2 326.8 325.8 324.1 322.2 318.1 314.7 312.6 312.6 312.5 311.3 308.4 305.1 302.3 299.4 297.8 297.1 295.9 294.5 286.5 282.7 288.5 287.5 284.8 280.6 275.4 270.2 265.9 261.6 259.4 258.2 257.9 258.3 258.7 258.4 257.9 257.3 256.7 254.5 251.3 248.5 247.7 245.6 243.2 240.8 236.9 231.6 227 224.4 223.7 223.7 223.8 223.8 224.9 228.1 231.1 231.2 229.6 227.5 226.1 225.7 224.2 225.9
329.4 333.5 338.2 342.9 346.6 356 351.7 350.6 346.3 346.3 339.7 336.4 333.7 334.7 335.1 332.3 329.5 327.6 326.2 323.9 319.6 314.7 312.3 311.9 312.5 311.4 308.6 305.1 302.3 299.8 298 296.4 295.9 294.7 287.3 289.2 290.4 290 287.3 282.5 277.7 273.6 269.3 265 260.6 259.4 258.4 258.4 258.1 258.4 257.8 257.1 256.5 255.5 252.1 249.8 248.2 246.3 243.9 241.1 238.1 233.9 228.2 224.7 224 223.9 224 224 224.3 227.4 231 232.6 231.7 229.7 227.7 225.6 225.1 226.3
328.8 333.6 337.7 341.7 344.7 348.2 351.6 351.9 349.9 346.6 345.2 342.1 340 338.7 338.8 336.3 332.9 330 327.6 325.5 321 315.7 312.4 311.2 310.9 310.7 308.9 305 302.2 299.7 297.8 296.4 293.1 292 288.3 290.6 294 292.9 289.2 284.4 280.6 276.1 271.2 266.6 263.1 260.7 259.4 259.1 258.3 258.2 257.7 257.1 256.5 256.4 253.6 251.2 248.8 247 244.3 241.7 239.1 236 230.1 225.6 224.3 224.1 224.1 224.1 224.2 226.7 230.3 233.3 233.7 232 229.5 226.8 226.2 226.8
331.4 333.7 336.3 339.3 341.5 344.9 347.5 350.6 351.9 348.7 353.5 348.3 344.1 342.1 341.5 340.8 337.5 333.3 330.9 327.9 322.9 317.1 313 311.5 310.8 310.2 308.6 305 302.1 300 298.5 297.2 296.6 293.3 291.8 291.9 292.9 294.2 291.7 287.7 283.4 278.4 273.5 269.4 265.7 262.3 260.8 259.4 258.4 257.9 257.7 257.1 257 256.9 255.2 252.8 250.4 247.8 245.2 242.6 240.1 236.5 232.3 227.6 224.9 224.2 224.3 224.3 224.3 225.9 229.6 233.2 235.1 234.3 231.9 229.5 226.5 227.6
331.5 333.3 335.2 337.1 338.5 341.2 344.8 348.4 351.8 352.5 351.4 347.9 348.4 347.1 344.1 344 341 337.5 334.1 330.2 325.1 319.3 313.7 312.1 311.3 310.8 310.1 306.6 303.8 301.4 299.4 298 297.1 295.6 292.6 292.5 292.3 293.9 294.4 291.2 285.7 280.8 277 272.6 268.4 264.4 262.6 260.3 259 258 257.7 257.5 257.5 257.4 256.5 254.1 251.6 249.1 246.4 243.6 241 236.9 232.9 229.3 225.6 224.9 224.2 224.3 224.4 225.4 228.7 232.3 234.3 235.3 233.8 232.4 229.2 227.8
329.4 331.3 333.2 335 336.6 337.5 341 345 349.4 353.2 353.6 356.5 356.3 352.7 349.7 347.5 344.8 340.7 336.6 331.9 326.9 322.4 315.9 313 312.4 312 311.7 308.5 305.4 302.9 300.8 298.9 297.6 296.1 294.5 292.9 292.5 294 294.7 293.8 287 282.5 279.9 275.8 270.3 266.3 264.1 261.3 259.8 258.3 258 257.8 257.7 257.6 257.1 255.3 252.9 250.3 247.6 244.9 241.6 237.6 233.8 230.5 226.8 225.1 224.7 224.5 224.8 225.2 228 231.5 234.9 236.3 236 234.6 231.7 228.8
326.3 329.4 331.2 333 334.3 334.6 337.5 341.6 346 350.4 358.8 354.7 359.9 356.8 354.1 352 348 344.3 340.5 335 330.7 326.3 319.5 315 313.5 313.3 312.9 311.4 307.6 304.4 302.5 299.9 298.3 296.9 295.9 294.5 293.3 294.2 294.6 294.4 288.6 283.4 279.9 277.4 274.1 270.7 266.2 263.2 261 258.7 258.4 258.1 257.9 257.4 257 256.3 254.1 251.7 249 246.4 242.5 238.4 234.8 231.7 228 225.5 225 225.2 225.4 225.6 227.1 230.5 234 237.2 238 236.5 234.2 231.3
324 327.1 329.1 330.7 331 331.5 334.1 339.1 343.4 347.7 351.8 357.4 362.3 360.2 359.1 355.6 351.7 348.1 344.3 338.6 334.3 330.2 323.7 318.7 315.8 314.6 314.5 312.4 309.6 306.8 304.4 300.8 299.1 298 297.4 295.5 294.8 294.5 294.4 294.2 289.6 282.5 278.7 280.8 279.5 274.9 270.3 265.8 262.4 259.6 258.9 258.7 258.4 258.3 258.1 257.8 255.7 253.1 250.5 247.6 243.4 239.4 235.6 232.1 229 226.4 225.5 225.6 225.8 225.9 226.6 229.6 232.7 235.7 238.8 238.5 236.5 233.4
323.1 324.7 327 328.1 326.8 328.1 331.4 336.3 341.2 345 348.6 353.8 358.2 363.6 361.2 358.9 356 351.6 348.3 342.5 338.4 334.7 328.1 321.5 318.6 316.6 316.5 314.8 312.1 309.3 307.1 304.1 300.7 299.4 298.5 296.4 295.6 294.4 294.1 293.9 290.5 283.9 286.1 285.3 283.5 278.9 274.4 269.8 265.5 262.4 259.8 259.6 259.3 259.1 259 258.9 257.3 254.6 252 248.6 244.7 240.7 236.8 233 229.8 227.2 226 226.1 226.1 226.4 227.6 228.9 232 234.1 237.1 239.5 238.3 235.8
325.5 324.5 325.1 325.8 326 326.2 328.6 333.5 337.8 342 345.1 349.2 357 356.9 363.5 359.7 359.3 355.2 352.2 347.5 341.5 338.6 333.8 325.7 321.9 319.4 318.3 317 314.3 311.6 309.1 306.2 303.1 301.2 298.5 297.6 296.2 294.6 293.9 293.7 292 286.2 288 287.6 286.4 283.2 278.6 273 268.7 265.1 262.3 260.7 260.2 260 259.8 260.1 259.1 256.6 254.3 250.6 246.2 242.1 238.1 234.3 230.5 227.9 226.6 226.4 226.4 226.9 229 229.1 231.5 233.4 236.1 239.2 239.3 238
326.8 326.5 325.5 325.5 325.8 325.9 326.5 330.5 335.1 338.8 341.5 344.2 351.4 361.4 356.7 360.7 358.9 357.6 354.6 350.6 345.1 341.5 337.9 329.7 324.7 322.4 320.2 319.3 316.6 314.6 310.7 308.5 304.3 302.6 300.7 299.6 297.6 294.8 293.8 293.8 293.1 288.9 287.8 290.1 288.5 286.3 281.9 277 272.3 268 264.6 262.5 261.8 261.3 260.8 261.2 261.1 258.9 256.5 252.6 248.2 243.8 239.5 235.5 231.8 228.7 226.9 226.7 226.7 227.2 229.3 229.7 230.5 233.1 235.6 238.6 240.1 239.1
325 326.1 326 325.4 325.5 325.6 325.9 328.5 333.2 335.9 338.5 341.8 345.9 353.2 358.8 358.4 359.8 357 356.9 353.3 348.4 344 341.1 333.7 327.9 326.2 323.8 321.7 320.2 318 315.2 311.8 305.5 303.4 302.6 300.9 299.1 297 294.2 293.7 292.1 290.1 289.5 291 290.3 288.8 286 282 276.7 272.2 267.6 264.7 263.4 262.9 262.3 262.1 262.3 260.9 258.5 254.5 250.2 245.8 241.6 237.2 233.1 229.8 228.1 228.1 227.4 227.5 229.4 231.2 230.4 232.5 235 237.7 240.3 240.3
324.8 325.8 326.7 325.8 325.5 325.1 326 326.6 331.3 333.1 336.1 339.5 343.3 348.7 354.7 359.5 356.5 358.1 355.5 355 349.7 346.2 343.8 336.4 331.4 330.3 328.5 326.2 323.6 321 318.9 315 307.5 304.1 303.4 302.1 299.5 298.4 296 294.1 292.9 292.3 290.2 290.9 291.3 290.7 288.7 286.1 281.8 276.4 272.6 267.7 265.4 264.2 263.5 263.3 263.4 262.2 259.8 256.4 252.6 248.3 244 239.4 235.1 231.7 228.8 228.1 227.4 228 229.8 231.2 232 231.8 234.3 236.9 239.6 241.7
323.6 325.9 327 326.7 326.3 325.9 326.9 326.8 329.2 330.6 334 337.5 340.3 344.5 351 358 358.7 357.7 356.1 354.5 352.1 347.8 345.3 340 334.9 333.9 332.3 329.7 326.7 324.6 323.1 317.1 310.7 305 304.3 303.4 300.7 300 299 296.8 293.7 292.4 289.9 289.9 291.6 291.6 291.2 288.7 284.5 280.6 276.7 271.6 267.5 265.4 264.8 264.8 264.5 263.4 261.1 257.5 253.8 250.1 246.8 242.4 237.5 234.1 230.1 228.1 227.5 228.4 229.7 230.7 232.8 232.6 234 236.4 238.5 240.6
322.5 325.6 327.2 327.4 326.7 327 326.6 326.5 328.8 329.8 332.6 335 337.6 341.3 346 351.9 346 339.3 356.6 355.2 353.1 349.4 346.8 343.3 338.8 337.4 335.8 332.5 329.2 327.2 326.7 321 313.8 306.8 305.4 305 302.7 301 300.9 297.4 294.3 292.7 290.3 289.1 291.2 291.1 291.6 290.6 287.6 283.9 279.9 275.7 270.5 267.1 266.2 265.7 265.1 264.4 262.2 258.8 255.2 252 249.7 245 240.1 236.3 232.3 228.5 227.9 228.1 229 230.1 232.6 233.4 233.8 236.2 238.3 240.5
322.9 326 327.5 328.4 327.2 326.8 326.5 326.2 327.4 327.6 331.7 334.5 336.4 338.5 342.2 353.4 356 342.1 335.5 354.6 352.9 349.9 348.3 344.7 341.9 340.7 339.4 335.8 332.2 329.3 328.7 322.5 316.3 308.4 305.5 306 304.5 302.5 302.4 298.8 296.1 294.3 290.6 288.8 289.8 290.6 291 291.3 289.3 286.7 282.5 278.8 274.3 269.4 267.8 266 264.9 264.3 262.9 260.2 257.3 254 251.3 248.2 243.2 238.9 235 230.4 227.8 227.8 228.8 230 232.3 234.6 234.7 236.8 238.8 240.9
323.9 326.6 328.3 328.9 327.7 326.7 326.5 326.5 328.1 329.9 330.6 333.8 335 335.9 338.7 342.9 353.7 350.2 340 354 352.1 349.4 348 346.3 344.4 342.4 341.3 338.9 334.2 331 331.7 324.9 317.9 311.5 306.7 307.7 305.8 303.5 303.9 301.7 298.1 294.8 291.6 289.1 287.8 289.5 289.9 290.3 290.4 288.6 284.1 280.6 277.6 273.1 269.4 268.4 267.2 263.8 261.4 260.3 258.2 255.4 253.3 250.5 246.7 242.5 237.5 232.7 229.2 228.2 228.9 230.2 232.4 235.6 235.9 237.7 239.7 241.8
324.3 326.9 329.2 329.5 328.8 328.7 327.9 328.2 329 330.2 330.5 333.1 334.6 335.2 335.6 338.4 342.3 352.7 347.7 351 352 349.2 347.9 346.7 345.5 344.2 342.8 341.4 337.3 332.9 334.2 327.1 319.5 313.9 308 308 307.6 305.2 304.7 303.9 301.2 297.6 293.1 289.5 286.7 288.4 289.2 289.6 289.8 288.8 284.9 283 280.1 275.2 271.4 270.9 269.8 266.6 264.4 261 258.2 256.3 254.6 252.8 249.2 245.3 240.8 236.2 231.6 229.1 228.8 229.9 232.5 235.9 237.2 237.4 240.6 242.2
325.4 327.6 329.4 331.3 331.8 330.8 330 329.4 330 330.5 330.5 332.8 334 333.5 333.5 334.1 337.1 341.4 349.6 350.8 349.9 348.4 347.5 346.7 345.5 345 343.6 341.2 339.5 335.7 336.8 328.9 319.7 316.3 311.2 309.8 310.7 308.7 306.5 308.2 305.3 301.1 296.4 291.6 289.4 289 288.2 288.5 288.7 288.1 289.5 286.1 281.8 277.1 273.9 272.5 272.3 270.3 267.5 264.5 260.7 256.7 255.3 253.8 252.3 248.1 243.7 239.2 234.2 230.7 229.9 229.9 232 236 238.4 237.9 241 242.9
325.8 328.2 330.3 332.3 334.3 334.1 333.2 331.8 332.3 333 331.6 332.1 333.4 331.9 331.3 331.7 332.2 335.5 339.1 349.8 347.4 347.6 346.9 346 341.4 344.5 344 341.6 338.9 335.6 337.5 330.6 320.5 317.2 313.9 311.2 311.7 312.7 308.8 310.5 309.4 305.6 300.8 295.5 291.4 289.8 288.8 288.2 288.3 290.7 289.7 286.4 283.4 279.8 277.3 275.4 273.7 272.6 269.6 267.8 264.5 260.9 257.3 254.6 253.6 251 246.8 242.9 236.9 232.6 230.8 230.1 231.5 236.2 239.8 239.7 240.2 243.7
326.7 329.1 330.9 333.3 335.9 336.9 336.6 334.8 334.7 334.8 333.7 332 333.1 331.6 330.1 330.2 330.3 331.3 334 337.4 342.9 344.5 342 332.2 328.8 342.4 342.5 342.1 338.2 336.3 338.7 331.3 321.1 318.4 317.1 313 314.7 316.4 312.4 312.7 313.5 310 304.8 299.4 294.5 291.3 289.9 289.3 289.8 291.4 290.4 285.1 282.8 281.3 280.9 278.5 276 274.2 271.3 270.1 267.7 264.3 260.7 256.8 254.7 252.9 249.8 246.1 240.1 235.7 232.7 230.7 231.5 235.5 239.7 241.7 241.3 243.2
329.8 332.3 332.8 335.3 338.3 339.5 339.4 338.3 336.2 336.4 335.7 332.2 332.9 331.3 329.3 329 329.2 330 329.3 331.2 334.3 338.8 345.6 337.8 330.6 339.9 339 341 338.5 336.5 338.3 331.8 323.5 320.2 319.5 316.7 315.7 318.6 316.2 314.8 316.1 314.2 309.9 303.9 298.8 295.2 292.7 291 291.1 291.7 291.2 287.7 283.8 282.3 282 280.3 277.9 275.7 274.1 271.8 269.4 265.3 261.6 258.1 255.1 253 251.7 248.7 243.8 238.6 234.8 231.8 231.9 236 240.3 241.7 243.6 243.5
331.1 333.7 334.6 337.4 339.6 341.8 341.3 340.2 338.1 337.3 337.2 332.5 332.3 331 328.5 327.8 328 328.8 328.1 327 329.5 333.2 343.6 342.6 341.5 340.2 336.3 336.6 337.6 335.2 337 332.9 326.6 321.2 321.5 320.4 316.2 319.7 320.1 316 318.1 318.1 314.8 308.5 303.2 299.4 296.6 293.9 293 293.1 293.6 291.9 287.5 284.2 282.7 281.5 279.5 277.7 275.9 273.6 271 266.5 262.9 259.3 254.8 253.2 252 250.6 246.2 240.7 236 232.8 231.9 235.8 240.6 244.7 247.2 246.6
