public/OST50/NY54.asc
ncols 200
nrows 200
xllcorner 350000
yllcorner 540000
cellsize 50
[rows 70 to 104 of 200, columns 0 to 78 of 200]
129.9 129.8 128.8 126 119.6 114.5 109.3 104.6 100.6 99.7 90.5 91.7 87.2 77.8 70.3 55.1 51.1 49.8 49.4 49.6 48.1 46.7 45.5 43.9 39.9 39.4 50.6 48 56.8 59.9 62.6 67.2 72.8 78.2 83.8 87.7 91.6 93.5 92.3 95.2 97.7 97.5 89.4 94.1 99.8 103.8 107.9 111 110.8 108.4 106.2 104.4 106.8 109.4 111.3 113.1 116 116.4 117.5 120.2 121 120.1 119.8 124.2 130.2 138.4 146.3 157.2 168.3 178.8 185.9 193.5 198.4 203.1 206.4 208.9 209.6 210.5 210.7
124.8 126.6 124.4 123 118.4 113.6 107.9 101.8 96.2 93.7 90.9 87.2 80.7 76.1 65.1 52.3 51.4 50.5 49.8 49.9 47.9 45.7 42.1 40.6 40.4 47.7 51.8 54.9 52.3 53.3 59.9 66 70.5 76.5 80.1 83.7 85.5 86.8 91.1 94 95.3 95.1 88.5 95.9 101.8 108.4 112.6 115.8 116 112.6 109.3 107.8 109.2 111.8 109.9 109.9 110 111.6 113.4 114.6 116.4 117.7 119.1 122.4 128.2 135.2 144.4 156.5 167.2 177.2 183.8 189.4 194.4 199.7 203 205.3 206.6 207.6 208
127.1 120.1 122.6 120.6 116.9 113 106.6 101.8 95.3 91.8 89.5 82.9 77.1 67.7 54.4 51.8 51.3 50.5 50.5 50.6 46 42.2 40.9 41 48.2 56.7 55.1 55.9 57.4 58.1 57.3 57.8 61.1 66.7 70.4 76.7 78.9 84.5 90 93.2 93.5 90.6 89 94.7 101.9 108.7 113.4 116.7 117.8 115.5 112.7 113.6 114.6 115.5 114.7 115.6 116.9 116.2 115.4 115.2 115.3 116.9 118.4 121.1 125.2 133 143.1 155.5 163 172.6 180.7 186.4 192 196.4 199.3 201.9 203.5 204.1 205.2
128.9 125.9 117.9 113.1 111.4 112.1 107.8 101.1 92.7 91.3 82.6 75.9 67 60 53.2 51.4 51 50.8 50.6 46 42 41.9 42.6 48 56 60.2 57.1 57.8 59.6 63.6 64.2 66.2 66.5 67 67.3 67.8 69.5 70.9 79.8 88.3 91.5 90.4 85.3 93 100.2 107.8 112.4 115.7 116.9 115.9 115.2 117.9 119 118.5 117.8 119.8 122 122.8 122.9 121.8 121.2 120.3 117.9 120.9 124.1 130.1 139.7 150.2 158.4 169.5 176.6 184 189.9 193.5 196.5 198.8 200.2 200.8 200.9
129 125.8 122.3 118.5 113.4 107.2 96.8 91.8 89.1 85.5 79.5 74 64.1 55.4 53.3 51.9 51.1 50.2 45.2 41.4 41.7 44.9 48.2 50.9 64.2 62.1 58.4 60.2 60.1 63.7 66.4 69.3 72 74.5 75.8 78.4 79.6 76.9 71.8 75.9 77.3 78.3 82.6 89.8 95.7 104.3 109.5 113.5 114.8 114.1 116.1 119.8 121.8 121.1 123 124.4 127 128.4 128.2 127.4 126.4 124.4 121 120.6 124.2 128.3 136 144.8 154.5 164.7 174 181.1 186.4 190.9 193.8 195.7 197.3 197.8 198.3
128.5 124 117.7 111.9 107.7 110.7 105.2 99.7 92.1 84.5 77.4 68.2 60.3 54.2 52.9 52 50.8 44.8 41 42.8 45.5 46.8 50.1 57.4 67 60.4 60.9 62.7 65.1 62.4 63.8 68.4 72.2 76.3 79.7 83 84 84.3 84.8 84.2 84 86.7 86.1 85.7 92 99 105.8 110 111.8 112.5 115.4 121.2 123.5 124.4 126.9 131 132.3 132.3 131.4 130.2 129.4 126.4 122.6 121.5 124.7 127 133.1 141.4 151.7 162 168.2 176.7 182.6 187.5 190.7 192.4 194 194.9 195.3
128.1 124.8 121.3 116.7 101.2 97.4 101.8 91.5 85.9 79.9 74.2 68 56.4 53.6 52.2 51 44.5 41.2 43.3 45.9 46.8 54.3 59.5 69.8 68.5 61.7 63.7 67.7 68.6 66 64.2 65 68.8 74.2 80.7 85 87.3 89.3 89.4 89.1 89.7 90.7 90.2 87.9 90.4 95.9 101.4 105.8 108 108.8 114.2 121.3 123.8 127 130.6 134.2 135 134.5 133.6 132.8 131.9 129.9 126.3 124.1 123.6 127.1 131.7 138.7 147.8 155.7 161.8 169.8 176.6 182.6 187.4 189.1 190.7 191.5 191.9
127.5 123.8 119.2 114.1 108.2 101.8 87 81.1 78.1 71.6 68 60.2 54 52.9 49.2 42.7 41.8 44 46.7 48.1 55.3 65.8 62.8 73.7 68 65.3 68.3 72 71.6 69.4 66.2 66.1 68.5 73.7 80.5 83.7 87.3 91.2 93 94 95 95.6 94.3 92.2 90 92.7 96.8 101.3 103.9 106.1 112.8 118.5 123.1 127.6 132 135.2 135.5 134.4 133.5 133 133.4 133.6 132.3 129.7 126.9 126.7 130.2 135 142.2 150.1 157.4 164.9 170.7 176.8 180.8 183.9 186.2 188 189.3
126.1 122.5 118.5 112.7 103.9 94.9 82 74.3 68.5 64.2 60.2 54.7 53 49.6 42 41.6 46.1 47.7 49.2 55 62.4 67.1 64.9 73.6 70.8 69.3 72.8 75.3 74.4 73.8 71.6 70.7 69.9 72.7 76.1 79.4 85.3 90.5 93.9 97 99.5 99.6 97.6 95.3 93.8 90.6 94.8 96.8 99.9 102.7 108.7 116.3 121.1 126.6 131.8 134.6 134.8 133.9 134.1 135.4 136.9 137.8 137.4 135.9 133 129 130.6 132.9 135.7 143.7 151.2 160.2 165.3 170.4 173 176.6 180.8 182.9 184.9
123.2 119.8 114.5 109.5 100.3 90.1 77 68 62.7 58.4 55.6 53.7 49.1 44.2 41.9 47.2 48.3 50 51.3 64.4 65.1 64.1 70.4 76.3 75 72.8 77.9 78.1 77.9 78.6 78.3 77 74.7 71.8 73.9 77.8 82.5 88 93.2 97.8 100.9 101.9 100.3 98.4 95.8 92.8 92.9 94.7 96.8 100.3 106.7 114 119.3 124.9 129.5 132 134 136.1 137.2 138.9 140.3 141.4 141.4 140.9 138.8 135 132.6 139.3 140.5 143.7 144.5 148.8 155.3 164.8 169.4 172.4 177.1 180.3 181.8
118.2 113.8 108.4 100.5 90.5 81.3 72.3 62.7 58.7 55.6 54.5 49.9 45.1 41.8 46.1 49.4 50.8 52.7 65.1 65.7 76.4 85.5 90.1 87.2 81.9 78.6 82.1 81.1 81.5 82.7 81.8 80 77.2 75.7 74.6 77.2 81.5 85.9 92.2 97 100.3 102.6 102.7 102 98.5 94.9 93.1 94 95.6 98.9 104.7 110.7 116.5 121.2 126.4 131.8 135.6 138.5 140 141.4 142.7 143.7 144.4 143.9 143.2 140.9 135.5 141.9 147.1 151.2 154 153.3 154.2 154.9 166.3 172 174.6 177.6 178.8
113.6 108.5 102.5 92.6 82.1 70.4 62.7 58.9 55.9 54.4 52.8 46.8 41.6 42.7 50.4 50.9 51.5 59.9 70.3 82.9 92.5 102.5 102.8 95.1 88.9 85.8 84.7 83.6 83.3 85.7 84.7 82.5 79 77.2 77.5 77.9 80.3 85.5 91.2 94.6 97.6 101.8 104.9 105.5 102.6 99.3 95.6 94.6 95.6 98.6 103.9 108 111.8 116.5 121.9 129.9 136 139.1 141 143.3 145.5 146.5 146.7 146.9 147 145.4 139.3 143.7 148.6 153.3 157 161 163.7 166 164.3 173.5 175.1 175.7 176.9
107.5 102.1 98.7 88.1 77.8 63 59.7 56 50.9 46.9 47.1 45.5 41.4 50.1 51.4 51.7 53.7 65.5 83.2 93.1 105.2 108.6 108.3 100.7 95.5 88.6 86.3 86.1 86 86 85.4 83 79.8 79.4 79.6 80.1 80.9 85.8 89.6 90.7 93.9 101.8 106.2 108.9 106.9 103 99.1 96.9 96.5 99.4 103.2 107.7 110.3 112.9 117.5 125.1 133.5 138.5 140.8 143.2 146.2 147.7 148.4 148.8 149.1 148 144 147.6 151.6 155.9 160.1 165.5 169.2 171.8 172.7 174 175.1 175.3 176.3
100.6 97.6 89.7 83.7 72.3 60.4 57.7 52.8 47.3 47.3 47.3 41.2 47 52 52.1 52.6 63.9 71.1 85.8 95.1 108.6 115.6 113.6 109.5 101.9 91 88.2 87.6 87.9 87 83.4 81.5 81.2 81.9 82.5 83 83.8 85.4 87.3 88.6 92.7 101.7 107.3 110.5 110.2 106.4 102.3 98.9 97.4 99.7 103.4 106.9 108.9 111.4 114.3 119.4 128.2 134.6 139.5 142.8 146.5 148.1 150 150.5 150.7 149.1 147.4 149.5 154.6 158.3 163.9 169.6 172.9 174.6 175.1 175 175 175.8 176.7
85.6 83.6 84.8 81.2 64.3 58.2 55.7 47.4 47.6 47.4 42.8 41.6 51.4 52.6 52.7 58 75.3 80 87.8 98 110 118.7 119 115.2 106.7 96.5 91.5 88.8 88.5 87.4 84.2 83.3 83.9 85 86.2 88 87.4 86.8 88.1 89.3 92.8 100.5 107.5 112.5 113.1 110.5 106.6 102.1 99.7 100.1 102.6 107.2 107.8 110.4 113 115.5 121 128.3 135.5 140.5 145.2 148.5 151.3 152.3 152.6 150.2 149.8 151.5 156.3 160.8 166.4 171.4 175.1 176.4 176.6 176.7 176.9 177.2 177.9
94.9 87 76.6 65.8 61.8 56.3 51 48.4 48 46.9 41.7 50.5 52 53.3 55.6 65.6 79.9 86 90.4 100.2 111.1 120.8 122 118.1 110.8 102.3 95.1 91.5 89.1 87.5 86.7 86 89.9 91.4 93.6 94.9 94.3 94.3 95.6 94 93.1 98.7 106.9 112.2 114.5 113.6 109.5 106.1 103.3 101.9 103 107 108.9 111.6 113.3 114.7 116.5 121.7 130.7 137.9 142.9 147.7 151.8 153.8 153.4 151.5 152.6 156.9 158.3 164.1 168.8 172.9 176.2 178.3 178.7 179.7 180.8 181.4 181.3
96.7 88 81.7 77.2 60.9 55.3 51.5 48.1 48.3 41.6 45.1 53 53.2 60.4 67 74.9 82.8 89.4 93.9 104 114.3 122.1 123.7 120.9 115.1 106.9 101.9 95.1 91.3 90.6 89.9 91.1 96.7 99.2 101.2 101.7 101.1 102.2 102.2 99.3 98.4 100 107.1 112.3 115.2 115.4 112.1 109.4 106.7 105.2 104.4 105.8 109.8 112.9 115.4 116.1 116.2 118.4 125 134 140.4 145.7 150.8 153.4 152.6 153.3 156.9 161.2 163.8 166.8 171.4 175.2 177.9 180.3 181.7 183 184.4 185.3 185.1
88.4 89.2 81.9 69.5 58.6 54.4 48.6 48.5 46.9 42.5 53.7 54.6 64.3 68.9 79.1 82.3 84.8 93.4 96.1 107.2 116.2 123.6 124 121.1 117.4 113.7 108.5 102.3 98 96 95.5 98.7 105.4 107.6 108.4 108.6 108 108.6 109 104 104.8 104.2 109.3 112.8 116.2 116.4 114.5 112.1 110 109.8 108.6 107.7 108.8 112.7 115.7 116.7 117 118.3 122.3 128.8 137.2 142.2 147.2 150 152.2 155.9 160.9 165.3 168.3 171.8 174.6 177.9 179.8 181.8 183.7 185.3 186.8 187.7 187.8
94 89.1 81.5 68.3 58.7 53.7 48.6 47.6 42.6 45.8 56.3 65.4 71.9 79.1 86.2 87.1 90.7 95.4 100.1 109.3 119.3 124.1 124 120.9 120.5 118.4 114.3 108.5 107.1 102.8 102.5 106.1 111.9 115.4 116.1 116.6 115.3 114.7 112.2 107.1 112.2 112.9 112.1 114.9 117.4 118.3 116.7 114.7 113.1 113.7 112.8 110.9 110.3 111.5 114.5 117.4 118.2 119.4 121.6 126.1 133.3 138.4 143.9 148.3 153.8 158.3 163.5 169 172.6 175.5 177.7 180.2 182 183.6 185.4 187.3 188.8 189.3 188.8
92.9 88.8 78.3 68.8 59.9 53 49.2 46.2 42.7 55.2 64.4 69.9 76.8 83.6 92.3 92.2 93.8 96.5 103.9 110.6 120.5 123.8 123.7 122.4 122.7 122.2 119.3 115 113.3 111.3 109.1 113.4 117.8 121.2 122.4 123.6 123.5 121.3 117.5 114.2 118.1 118.3 116.8 117.1 119.3 120.8 119.1 117.6 116.7 117.4 117 115 113.5 112.6 114.5 117.7 119.1 120.7 123.9 127.4 132 137.6 143.6 151 156.5 161.9 167.3 172.1 176.1 179.2 181.7 183 183.9 185.2 187.4 189.2 190.3 189.9 189.5
88.7 84.6 74.8 68.5 58.7 53.6 48.2 43.4 43.5 62.5 66.4 70 81.2 90.2 98.7 99.8 99.3 103.1 110.5 116.9 122.2 124.7 124.2 124 124.3 124.6 122.8 120 118 116.8 115.3 118.3 121.1 124.6 127 128.4 127.7 125.2 123.7 121.2 123.9 125 122.7 121.5 121.3 123.5 121.8 120.1 120.9 121.3 121.3 119.6 117.5 115.9 115.3 117.6 119.6 123.1 126.9 130.6 136.2 142.1 149 155.9 160.8 166.1 171.8 176.1 179.4 182.9 185.1 185.2 185.9 187 188.6 190.2 190.7 190.3 190.3
82.4 76 71.9 67.8 56.8 53 45 44.2 52.9 62.5 67.6 74.5 83.9 94.2 107.5 108.2 109.2 112.5 119.1 125 126.8 127 125.9 125.4 125.3 125.3 124.6 123.1 122.8 121.6 119.3 121.3 124.7 127.5 130.3 132.2 131.4 128.2 126.1 127 129.3 130.3 129.9 128.8 128.5 126.9 124.3 123.8 124.6 124.8 125 123.5 121.3 119.6 118.3 118.3 120.6 125.4 129.9 133.9 140.7 147.5 154.6 160.7 165.8 170 174.9 179.4 182.2 185.9 187.2 187.2 187.6 188.3 190 191.2 191.1 191 191.3
73.2 71.5 64.2 56.1 54.3 51.3 45.3 44.7 56.9 67.5 75.2 88.3 92.3 101.2 114.9 119.1 121.2 124.5 129 132.6 132.5 131.7 130.9 128.8 127.1 126.8 126.1 125.7 126 124.9 123.5 124.5 127.2 130.1 133.6 135.1 133.7 130.9 130.3 133.3 135.6 135.2 135.6 134.8 133.7 130.7 128.4 127.1 128 127.7 127.9 128.1 126 122.8 121 121 122.4 126.5 132 136.3 143.8 150.6 157.7 164.1 169.3 173.6 178.1 182.5 185.1 188.5 189 189.1 189 189.7 191.4 191.5 191.5 192 192.3
59.1 58.5 60.5 58.9 57.5 52.5 47.6 44.7 57.8 72.4 86.7 96.7 108.7 113.5 123.7 129.9 133.6 137.2 140.9 142 141 141.6 138.9 135.4 130 127.4 127.4 128.3 129.1 128 126.8 127.8 129.3 132.5 136.6 138.8 136.9 135.5 136.6 138.5 140.8 141.9 138.8 138.5 137.3 133.6 133.1 131.6 131 131.3 130.7 131.5 130.4 128.5 127 125.4 124.1 127.7 133.9 139.9 146.1 152.5 160.2 166.9 172.4 176.4 181.5 185.4 188.4 189.9 190.6 190.4 189.8 191.1 191.9 191.6 190.7 191.3 191.7
70.1 69.4 67.7 63.3 59.1 54.2 49.4 44.8 46.5 70.1 86.5 101.8 114.1 124.1 132.9 140.1 146.4 150.2 151.9 152.6 151.1 152.5 148.5 141.9 136.4 133.2 133 131.4 132.5 130 129.3 130.4 133 136.9 140 141.6 141 141.6 142.2 142.3 143.1 145.4 146.7 142.1 139.4 137 138.1 136.1 135 135 134 134.7 134.5 133.7 133.1 130.1 128.6 129.6 135.2 140.5 147.4 154.9 162.3 169.3 174.4 179.6 185 188.2 190 191.4 192.5 191.4 190.3 191.2 191.6 190.5 189.6 189.5 189.8
71.1 70.7 69.2 67.3 65 59.9 53.4 49.8 44.5 44.7 69.4 88.5 103.8 112.5 121.9 138.9 155.2 160.6 162 162.5 162.8 164.7 162.1 151.6 146.4 144.7 141.4 135.4 136.5 135.2 134.9 136.3 139 143.4 146 145.6 145.8 147.7 147.1 146 146.4 149.6 149.8 147.5 141.9 139.9 140.3 138.7 138 137.8 137.3 137.7 140 139.8 138.5 135.1 131.8 131.4 136.4 141.2 148.6 156 164 171.2 177.1 182.8 187.3 190.4 193 193.8 193.1 192.4 191.2 190.5 190.9 189.9 188.6 188.2 187.7
72.4 73.4 73.2 69.4 65.9 65.8 61.2 55.4 52.1 46.7 45.4 58.2 81.7 94.7 109.4 124.8 138 153.1 169.3 171.8 170.1 170.2 170.3 163.3 153 152.1 149 145.5 144.1 142.2 142.7 143.9 144.8 149.7 150.9 150.2 150.3 150 148.9 147.3 149.1 152.1 153.2 151 147.3 141.8 141.3 141.7 141.2 141.3 140.7 141.3 144.4 143.9 141.8 137.8 133.9 134.6 137.2 143.7 149 155.4 165.4 172.9 178.8 184.8 189.6 192.5 195.5 194.7 193.8 192.9 192.2 191 190.1 189.3 188.6 187.5 186
73 74.5 73.8 69.2 69.1 68 64.3 63.9 58.1 54.4 48.2 45.5 62.4 79.3 95.1 107.9 119.2 132.9 149.5 170.7 178.5 175.7 172.6 166.4 161.2 159.2 155 155.9 153.9 150.8 150.8 152 151.4 154.4 156.9 153.4 153.4 151.8 150 151.4 152.7 153.7 154.2 153.5 149.9 145.8 146.1 146.8 145.8 144 141.7 144.4 146.7 145.6 142.6 138.5 134.8 133.7 137.5 146.7 153.7 159.9 169.4 174.9 179.9 185.6 190.6 195 197.8 196.9 195.9 195 194 192.4 190.8 190.2 189.6 186.9 184.9
73.2 72.6 71.4 70.6 71.4 70.5 65.9 63.5 63 61 53.7 44.7 53.6 70.7 80.4 91.6 99.5 112.5 131.1 150.4 173.9 173.2 169.1 165.5 161.9 160 158.8 159.2 159.7 158 157.9 157.7 157.4 158.1 158 157.6 158.3 159.1 157 156.7 155.9 156.4 156.5 155.8 152.8 150.7 151.7 151.2 147.6 144.4 142.7 145.8 148.7 146.7 142.8 138.6 135.5 134.9 140.6 148.6 156.2 162.7 171.7 177.8 183.3 187.2 193 197.4 199.6 199.6 198.7 197.7 196.6 194.7 193.2 191.6 191 188.2 185.2
74.8 73.9 72.7 72.1 73.7 72.5 68.4 64.3 64 63.9 57.9 46.1 48 61.9 76.9 80.8 88.6 97.9 105.7 124.7 142 162.2 164.1 160.8 159.7 157.7 157.2 158.6 157.3 158.8 159.8 161.5 161.9 162.2 162.8 166.6 169.3 170.1 166 164.2 161.9 159.7 159.8 157.9 155.5 154.4 155.1 154.3 149.9 145.7 144.1 147 149.1 147.8 143.2 139.2 136.4 136.9 142 149.6 158.1 164.6 173.3 179.4 186.7 191.8 196.2 199.3 201.3 202.2 201.4 200.3 199.2 197.5 195.9 193.9 192.4 189.4 185.4
79.6 75.2 74.6 73.6 73.9 72.4 69.9 65.7 64.4 65.8 62.9 46.1 47.2 54.8 68.9 74.8 79.1 84.7 93.4 100.5 117.4 138.1 155 156.3 156.6 155.7 154.5 155.6 156.7 158.8 159.4 161.1 161.8 162.1 166 165.8 169.7 172.3 171.4 170.8 168.3 165.7 165.5 163.6 159.4 155.9 156.5 155.7 151 147.7 145.6 147.4 150 146.9 143.7 140.8 138.8 139.4 143.3 151.6 160.5 167.1 174.8 181.9 188.2 193.9 198.1 201 203.2 204.1 203.8 203.3 201.7 200 198.5 196.6 194.1 190.4 185.6
88.4 76.2 76.8 76.5 75.4 73.5 70.9 68.4 64.4 65.3 66 45.7 48.5 50 57.2 68.2 79.2 83.1 84.2 89.6 99.4 117 141.3 152.9 154.1 154 152.9 153.5 155.1 157.3 159.4 160.3 160.3 161.6 166.6 166.3 167.9 171 170.6 172.8 171.4 171.5 170.7 168.7 164.3 159.9 160.6 158.2 152.1 149.2 147.9 150 151 149.4 145.7 144.2 142.1 142.6 147.8 154.6 162.6 171 177.4 184.2 189.5 195.1 200.1 203.1 205.3 205.9 206.5 206 204.2 202.3 200.9 199.1 196 192.1 186.1
82.4 77.3 79.2 80.2 79.7 77.6 73.3 71.5 69.9 65 65.1 45 48.7 50.6 55.5 65.2 78.6 80.1 82.5 84.2 89.9 98.3 121.4 143.9 151.9 151.8 150.5 151.3 153.9 156.4 159 160.4 159.2 159.8 164.4 163.9 164.4 166.3 167.1 170.9 170.4 170.1 171.8 170 165.8 163.4 161.2 158.8 153.3 150.7 149.4 151.3 151.9 150.4 149.5 149.2 148.3 149.8 154.9 159.8 168.2 175.1 181.4 188.2 193.3 199 202.7 205.4 207.9 208.8 209.1 208.3 206.4 204.6 203.4 201.6 197.5 192.9 187.7
79.9 84.3 80.4 82.7 83.9 83.6 78.7 73.8 72.7 68.7 65.1 45.3 48.7 51.3 54.9 62.5 76.3 77.5 80.6 81.5 82.7 88.7 99 124.5 142.5 149.1 149.4 150.2 152.8 155.4 157.1 158 156.6 157 160.5 161.6 161.2 160.4 162.9 166.9 166.8 163.9 165.4 164.9 163.3 161.6 160.1 158.2 153.9 151.6 150.7 151.3 152.2 152.9 153.8 156 156.8 158.9 163.5 169.4 174.1 180.3 186.6 192.9 198.2 202.4 205.4 208 211.3 212 211.5 210.7 208.7 206.9 205.7 202.6 198 193.2 188.3
85.6 85.6 82.1 82.3 83.6 82 79.1 75.8 74 71.7 68 49.8 45.8 51.3 54.2 59.3 70.8 75.2 78 80.4 81.2 82.6 90.5 108.5 128.7 143.9 148.2 150.6 152.2 153.4 155.2 155.4 153.7 154.2 156.6 159 159 157.1 157.9 160.8 160.2 159.3 160.9 160.3 158.6 158.4 157.7 156.5 154.5 152.1 151.6 152.3 153.4 154.5 159.5 163.7 166.6 168.7 172.5 175.6 179.9 186.1 192.6 199 203.4 207.3 209.9 212.4 215.1 215.4 215 212.3 210.3 208 205.4 201.8 197.1 192.4 187.6
