public/OST50/NY54.asc
ncols 200
nrows 200
xllcorner 350000
yllcorner 540000
cellsize 50
[rows 140 to 174 of 200, columns 79 to 157 of 200]
97.3 106.7 113.8 117.3 118.1 123 126 122.8 114.5 112.6 114.7 125.9 130.1 142.6 144.5 148.8 155.4 160.4 165.5 169.2 172.3 173.1 175.2 176.3 177.8 178.5 178.6 178.4 177.7 177.3 176.8 177.2 178.1 177.8 177.3 178.2 178.2 178.2 178.4 179.2 179.8 179.7 179.1 179.2 178.1 178.3 179.4 180.8 178.3 178.7 180.2 180.7 181.3 182.8 182.1 181.6 174.6 174.4 181.4 187.3 190.1 190.2 192.1 193.4 195.3 197.3 198.5 198.8 199.3 200.8 202.7 203.9 204.9 206.6 207.9 208.6 209.3 210.1 210.8
95.4 107.1 114.6 116 116.5 120.5 120.2 113.9 108.4 110.8 113.9 120 122.1 135.1 141.1 146.4 152.4 158.7 163.9 167.6 170.8 170.4 171.9 174.6 177.5 177.9 178.3 178.2 178 177 175.2 176.8 177 178.7 179.4 180.4 180.6 180.2 179.5 179.7 180.4 181.3 181.9 181.5 177.8 177.6 181.6 182 178.4 180.6 181.9 180.3 181.7 182.9 181.8 174.5 173.9 175.5 179.1 184.7 186.9 188.1 190.7 192.5 194.3 195.7 197.2 198.4 198.9 198.9 199.9 202.6 202.5 203.6 204.8 204.9 205.6 206.9 208.7
95.5 110.8 113.9 114.5 114.5 113.9 112.7 108.9 105.9 109 110.7 110 113.6 126.6 138.3 144.9 149.6 156.4 162.8 166.5 169.9 168.8 170.9 174.9 176.2 177.2 177.6 177.9 177.9 176 174.9 177.2 176.6 178.1 179.8 180.4 180.5 180.1 179.4 179.6 180.4 181.3 182.1 181.9 177.5 178.2 181.6 180.2 178.7 180.3 181.2 180.6 181.4 182 179.8 173.6 174.5 179.6 180.6 180.1 183.2 185.8 186.7 189.4 192.6 194.1 195.3 196.6 197.7 198 198.5 199.5 200 199.7 200.2 201.6 202.9 204.6 206.4
108.4 112.1 113 112.9 113.2 113.9 112.7 111.5 104.6 109 114.4 110.8 113 124 133 140.8 146.9 154.7 160.8 166 168.1 167.9 172.2 175.2 175.8 176.5 176.9 177.3 177.4 176.5 174.4 173.7 175.7 177.3 178.8 178.5 178.4 178.3 177.7 177.8 179.1 180.3 180.6 179.7 175.8 177.7 179.7 176 177.1 180.5 180.6 181 180.9 179.9 174.8 174.5 178.3 180.5 179.2 176.9 180.5 183.5 185.9 186.8 187.4 191.8 193 194.1 195.2 196 195.8 195.7 195.4 194.8 196.2 198.8 200.8 202.6 204.4
106.4 111.1 111.7 111.1 111.7 112.8 112.6 109.7 102.8 107.6 112.8 113.4 115.8 117.6 131 136.1 143 149.6 156.4 163.1 165.5 165.9 169.2 174.7 174.9 174.4 175.6 176.5 175.9 175.6 175 172.7 174.7 176.4 176.6 175.5 175.4 175.7 175.2 174.9 176.9 178.2 178.2 175.9 175.1 177.3 176.4 172.2 176.1 178.8 178.8 179.3 179.2 174.6 175.1 181.3 178.6 176.2 174.7 171.9 179.1 183.3 186 187.4 187.4 187.1 190.2 191.9 192.9 193.4 191.3 190.7 189.7 191.5 194.6 197.3 198.9 200.6 202.3
105.3 109.7 110.3 109.4 110 111.7 113.6 109.9 100.6 103.8 105.9 108.3 113.1 117.7 127.4 138.6 142.1 145.7 150.4 156.7 162.3 162 163.4 168.2 172.5 172.6 173.8 174.2 174 173.9 173.3 172.5 174.1 174.9 174.3 173.2 172.4 172.7 172.7 172 173.7 175 174.6 173.1 172.9 174.9 174.1 169.1 174.7 176.1 175.8 175.7 173 173.1 180.8 183.6 181.3 174.1 168.7 172.8 179.1 181.8 185.4 187 187.8 186.6 186.8 189.3 190.2 189.1 186 184.6 187.6 190.3 193.3 195.2 196.6 198.3 199.9
104.3 108.6 108.3 108.5 109.5 111.6 113.1 107.8 101.9 97.8 99.5 101.9 108.2 115.7 126.8 135.6 140.6 141.6 146.1 151.7 158.3 161 161.3 161.1 164.5 166.7 172.4 172.4 171.6 171.9 169.5 170.5 173.1 173.1 172.2 170.9 169.5 170 170.2 170.1 170.6 170.6 171.1 170.1 171.3 172.3 171.3 166.4 170.4 170.5 171.6 170.3 172.3 177 181.4 179.7 176.5 171.2 166.9 171.5 177.6 181.7 184 185.1 185.9 186.3 184.9 186.2 185.9 183.6 181 183.8 187.3 189.5 191.7 193 194.5 195.8 196.4
103.4 108.4 107.7 108.3 109.5 111.4 111.1 108.6 105.6 97.8 96.5 100.2 105.3 111.8 123 132.3 137.4 137.3 142.3 147.2 154.4 157.5 157.8 154.9 156.3 157.5 161.2 167.6 168.4 169.2 164 170.7 171.7 171.1 170.2 168.5 166.6 166.1 167.8 168.5 169.4 169.1 170.5 170.2 168.5 169 167.4 161.9 162.6 163.2 167 170.2 172.3 175.5 178.1 175.7 171.2 167.5 164.9 171.4 175.9 180.8 183.2 182.8 183.4 184.7 181.6 181.9 181.2 178.9 179 183.5 186.7 188.5 189.6 190.8 191.8 191.4 190.5
102 106.4 106.7 108.6 110.2 111.2 110.6 108.2 107.4 99.6 96.1 99.5 103.8 108.9 118.3 128 134.3 134.1 136.8 144.1 150.1 151.1 150.5 148.9 149.1 148.6 151 158.4 161.9 161.8 164.2 169.5 169.7 168.9 168.2 166.2 164.1 163 165.8 166.7 167.1 167 167.5 168 166.7 164.4 161.2 157.6 161.5 165.8 168.6 169.7 172.7 174.2 172 170 165.8 166.1 161.9 166.3 172.5 175.1 176.9 177.7 179 177.7 176.7 175.1 175.6 174.9 180 183.5 185.5 186.5 187.6 185.7 184.5 182.5 185
107.7 107.5 107.3 109 110.6 110.5 109.8 107.5 105.8 100.7 95.1 98.4 102.8 105.6 113.7 123.6 131.4 132.7 132.7 140.9 143.9 143.2 143.9 143.1 143.6 144.2 147.1 152.4 157.4 155.4 163.6 168.4 168.2 167.2 165.7 163.7 161.4 160.8 163.5 166.6 168.1 168.8 169.2 168 165.6 165 158.8 155.5 157.7 161.8 165.6 169.6 171.8 172 169.4 165.8 160.4 159.3 161.6 167.5 167.4 169.2 170 169.7 174.2 174 173 170.8 169.8 175.8 179.3 182.3 183.9 184.7 184.2 180.5 178.4 184.5 187.8
108 109.4 108.5 108.8 109.7 110.2 108.2 105.7 103.1 97.7 93.8 96.3 99.7 102.2 105.8 115.4 123.1 122.7 127.3 133.2 135.5 137.7 139.1 143.5 148.8 151.5 144.4 146.4 150.9 152.7 161.8 166.4 165.7 164.2 163.1 162.4 159.3 158.8 159.7 162.9 165.2 166.5 167 166.2 164 161.5 156.2 152.8 158.8 166.3 168.3 169.4 169.2 168.4 165.2 163.1 155.2 159.5 165.3 171.6 173.7 172.2 171.3 167.4 165.7 170.3 167.2 169.9 172.2 175.2 177.5 179.7 181.5 182.4 179.6 178.1 183.1 186.1 188.5
107.5 109.4 109.1 108.1 108.7 110.6 108.2 103.5 99.9 95.9 93.8 97.9 99.4 98.7 102 106 111.7 123.7 135.9 141.3 143 144.3 144.5 151 154.3 155.9 151.9 144.9 146.1 148.5 158.1 161.8 162.2 161.9 161.7 160.5 157.9 156.3 157.4 160.3 162 163.3 163.7 162 157.5 154.8 151.3 156.6 163.8 167.6 167.2 167.5 166.3 164.2 160.4 156.6 157 163.3 167.1 169.7 172.6 172.1 171.3 169.4 161 164.7 159.5 167.9 170.2 172.7 174.3 176.2 178.4 178.8 169.6 178.7 182.4 184.7 187.3
108.4 109.5 109.6 109.4 109.8 109.7 107.5 101.9 97.2 93.3 93.4 100.3 99.8 96.8 99.6 103.1 108.9 119.8 129.5 141 143.9 145.4 145.5 150.8 154.8 156.9 156.4 148 143 145.7 150.8 155.8 160.3 165.7 160 159.1 156.8 154.5 152.8 155.6 157.2 158.2 156.9 154.9 151.4 152.2 154.6 162.3 166.4 166.4 165.2 164.6 161.9 160.4 157.7 154.1 158.2 163.4 165.9 168 170 170.1 169 167.4 162.5 155.1 162 165.4 167.5 169.7 171.2 172.3 174 176.5 163.1 174.6 179.6 181.8 185.7
109.1 110.4 109.8 109.8 110.5 109.7 105.8 99.8 95.5 93.6 92 96.1 96.1 96.5 101.3 103.7 107.3 117.6 124.1 135.1 140.7 143.2 144.2 149.2 153.7 155.6 156.4 153.8 145.8 142.2 145.8 150.9 156.7 163.2 160.8 157.4 155.8 152.8 148.9 150.1 151.3 151.5 150.3 149.5 149.6 153.3 157.1 164.1 165.7 165 164.1 162.3 160.4 159.1 157.7 155.3 156.1 162.2 164 165.5 167.3 167.1 164.7 161.2 158.4 150 155 159.9 162.6 165.6 168.6 169.9 171.9 172.4 158.4 169.6 176.6 179.2 183.2
108.8 109.8 108.9 109.7 109.6 108.1 104 98.9 95.8 93.7 91.7 92.9 93.7 96.7 99.5 101.7 105.6 112.4 120.2 130.4 137.1 141.8 142.7 148.3 151.9 154.1 154.7 154.7 154.2 145.9 140.7 147.1 154 158.4 165.4 155.8 154.2 152.7 147.6 146.3 146.5 148.1 149.1 149.1 150.2 153.5 157.9 162.6 163.2 163 163.8 160.8 159.5 158.4 157.4 156.2 156.8 162.5 163.1 163.6 162.9 160.5 158.7 156.8 152.6 145.1 150.7 156.8 159.5 161.4 164.8 167.4 168.7 167.8 153.9 170.8 174.4 177.3 180.8
108.6 108.5 107.7 107.8 106.2 104.5 101.6 97.8 95.2 93.2 91 91.1 93.3 96.4 97.8 99 102.9 107.6 114.7 124.3 133.1 140.2 141.4 144.8 148.8 151.4 152 152.6 153.9 148.8 137.8 144 151.6 154.5 155.2 155.7 151.8 150.3 145.7 145.1 149.1 150 150.7 152.1 152.1 150.5 153.8 157.9 158.4 159.6 161.7 158.4 156.9 157.1 157.1 144 156.7 160.3 159.9 157.7 155.2 154.4 152.6 151.8 145.9 139.3 144.1 152.6 156.1 157.1 160.5 163.3 164.9 161 153.4 166.4 169.4 173.4 178.4
107.7 107.2 106.1 104.8 103 100.9 98.8 96.8 95.3 92.8 90.6 89.5 93.2 96.1 97.3 96.9 99.4 105.5 111.5 120.1 129.9 137.6 140.5 141.4 144.3 147.1 148.4 149.5 150.3 147.5 137.6 140.3 148.2 150.5 149.2 149.6 148.8 147.9 145.3 146.1 146 149.5 151.4 153.7 156.1 153.9 148.4 154.6 158.1 156.6 156.8 154.4 154.5 154.5 150.5 144.8 154.6 156.3 156.5 150.9 149.6 148.9 147.1 147.2 145 138.5 138.2 145.1 147.7 151 155.2 157.6 156.6 145.2 163.1 168.1 170.8 174.1 176.8
105.8 104.7 103.2 101.8 100.8 98.8 98.1 97.7 96.3 93.7 91.2 88.4 91.8 94 95.4 93.8 98 102.7 107.8 119 127.6 134.3 138.6 139.3 138.8 141.8 143.7 145.3 145.7 144.3 135.4 135.7 143.2 144.6 145.1 143.1 144.2 141.8 145.2 146.7 146.6 149.2 152.4 154.9 157 156.9 149.3 149.3 155.9 157.2 156.8 152.6 151.2 149.2 142.2 145 151.5 152.3 152.4 148.5 146.8 145.3 143.5 143.8 143.2 140.8 131.8 138.2 139 143.5 141.9 138.6 146.8 161.7 166.5 168.6 171.5 175.3 177.6
103.6 102.8 100.5 98.9 98.6 97.5 95.4 94.8 95.2 94.3 90.3 87.4 89.9 92.7 92.5 91.6 96.1 100.6 105.4 115.9 123.7 130.2 135.7 138.2 138.6 137.1 140.6 140.6 141.5 141 133.8 133.7 136.1 136.1 137.1 139.9 141.3 143.3 147 140.4 148.4 149.3 151.9 155 156.7 157.9 154.8 143.5 150.1 153.7 153 150.7 145.8 142 133.8 139.4 144.8 148.4 147.2 144.9 142.4 141.3 140 138.4 136.9 132.6 125.5 125.7 127.5 133.4 142.3 154.8 158.7 161.4 163.8 167.3 170.9 176.1 177.4
100.9 100.6 99.6 97.6 97.1 96.4 93.4 92.2 92.2 91.7 87.3 86.7 89.1 90.7 89.7 91.6 96.4 100.3 103.6 111 119.3 126.4 132.1 135.7 137.3 136.4 135.9 137.5 137.4 137.6 133.3 128.5 132 137.4 141.7 142.9 143.6 145.1 140.7 145.6 148.4 149.6 151.4 154 156.2 156.7 155.3 145.8 145.6 149.1 149.3 146.7 140.4 132.9 126.9 130.3 138.4 143.6 141.5 139.5 138.5 136.8 132.6 129.4 124.4 121.5 122.3 134.4 140.2 142.6 145.4 149.2 153.2 158.8 162.7 167.5 171.1 175 177
100.1 99.2 98.9 98 96 94.5 92.8 90.2 88.7 88.4 85.9 86 88.3 88.5 89.9 92.7 93.6 97.4 100.8 107.2 115.3 123.8 127.9 131.8 133.9 133.2 131.7 133.2 134.2 133.5 132.1 129 127.3 133.8 136.6 140.2 141.2 138.6 140.4 145.4 146.5 147.6 150 152.4 154.8 154.6 153 146.9 140.3 142.7 141.1 138.6 133.8 126.7 120.9 124 134.3 138.7 135.1 134.3 130.1 128.5 123.7 120.9 119.5 119 119.4 126.2 133.6 140.2 142.7 146.2 151.1 157.3 161.4 163.9 171.2 173.1 175.1
99 98.7 98.8 98.4 96.7 95 92.5 90.1 88 87.4 86.2 84.4 86.8 87.3 89.5 90.4 90.7 94.7 99.1 104.3 110.5 118.1 123.7 127 129.5 130.7 129.1 128.6 129.9 130.2 129.2 127.1 125.1 131.7 133.9 135.6 134.7 139.6 144.5 145 144.8 147 149.3 151 152.2 151.8 150.3 146.2 140.1 134.5 132.3 129.1 124.7 119.6 119.3 123.2 129.8 130 127.4 126.9 122.6 115.7 114.6 115.4 117.2 117.9 118.6 120.2 124 131.8 140.1 143.6 148.5 154.8 159.8 163 168.7 172.4 172.4
95.9 95.6 96.8 97.3 97.3 96.6 95 91.5 88.5 85.7 85 83.9 84.8 86.1 88 87.8 89.4 92.7 96 101.5 106.3 112.4 118 122.9 125.2 127.2 127.6 126.7 122.3 124.8 125.9 121 125.2 129.5 132.4 130 132.5 137.7 140.5 142.8 143.7 145.8 147.5 149.2 149.6 149.2 148.3 145.3 140.3 132 121.9 117.2 114 116 116.9 120.3 122.2 118.5 114.5 116.9 112.7 113.2 114.5 114.6 116.3 116.4 117.8 119.5 121.1 122.2 131.5 138.5 145.5 151.4 158.4 162.6 166.4 169.6 169.9
89 90.9 92.7 95 96.7 97.7 96.2 92.9 89.4 86.2 84.4 83.7 83.4 84.7 86 86 88.8 90.5 93.3 99.4 104.4 108.2 112.9 117.2 120.9 122.4 121.4 118.8 117.5 115.3 118.3 117.6 122.5 125.6 126.9 127.5 133.6 135.8 138.6 140.4 143 144.2 145.8 146.7 146.9 146.6 145.3 141.9 138.5 130.6 122.4 112.6 111.8 112.6 112.6 112.1 111.9 111 110.6 111.7 112.4 113 114.7 116.4 119.2 119.6 120.1 120.8 121.3 122.3 121.3 122.8 130.6 143.7 153.2 160 162.6 164.3 164.6
69.2 85.9 88.7 92.6 95.7 97.6 96.9 93.9 89.1 86.6 84.7 83.1 82.1 82.8 83.8 84.5 86.9 89.1 91.6 96.8 101.8 105.7 109.1 111.4 112 113.2 110.6 108.8 104.6 111.4 116.2 116.3 121.8 125.5 127.9 130.8 133.1 134.8 136.3 139.6 141.8 142.6 143.4 144.2 144.1 143.4 137.9 132.2 130.5 122 114.4 109.8 109.7 110 109.9 110.2 109.9 109.8 110 110.9 111.7 112.2 118 120.7 122.7 124.2 126.9 126 125.8 124.1 123.6 123.7 123.2 125.9 132.3 146.4 154.2 153.2 149.6
64.5 65.1 75.9 90.3 94.6 97.1 95.8 92.9 88.8 86.6 84.9 83.6 82.3 81.1 82 83 84.2 86.1 87.9 91.2 96.8 101.7 106 107.7 107.8 105.5 100.2 108.9 115.5 118.8 120.3 123.3 126.6 128.9 129.2 129.8 129.5 133.3 133.7 136.9 139.5 140.5 141.1 141.5 140 134.5 127.1 119.3 114.4 109.8 108 107.4 107.5 107.9 108.6 109.3 108.8 108.7 109.6 110.2 111 113.5 122.1 123.4 126.3 128.5 131.4 132 131 130.7 129.2 126.4 124.5 124.4 126.2 127.9 129.3 131.7 130.2
78.9 66.7 65.2 72 90.2 94.2 94.6 92.5 88.9 86.9 85.2 84.1 83 81.3 80.9 82.3 82.9 83.9 85.7 87.7 91.3 94.8 99.9 101.9 101.4 99.9 101.4 110.9 118.5 121 123.2 123.7 127.3 130.1 130.3 130.1 130.9 133.7 131.1 134.4 137.2 137.7 137.4 132.8 130 123.7 115.2 109.9 104 104.2 104.7 105 105.7 106.4 107.1 107.7 107.6 107.6 108.1 109.1 110.6 119.4 120.9 122 127.5 130.5 132.8 133.8 134.2 135.3 135 132.8 130.6 131.2 132.6 132.7 130.2 130.5 132.3
85 76.9 64.7 68.6 77.4 92.4 92.3 91.9 90.3 87.8 86.2 84.8 83.6 81.5 81.1 81.2 81.7 82.5 84 85.7 87.6 90.2 92.9 95.3 95.2 97.2 103.4 108.9 114.5 116.8 119 121.5 126.6 129.9 130.2 129.3 129.3 129 127.5 131.7 131.8 129.9 127.2 124.8 119.1 108.5 102 101.4 102 102.4 102.7 103.4 104.1 104.8 105.4 106.2 106.4 106.7 107.9 110.2 112.2 118.3 120 122.4 128.5 132.1 134.5 136.2 137.2 138.3 139.1 138.8 136.8 136.8 140.6 145.6 145.9 148.9 159.5
86.6 80.9 65.4 68.9 78.6 89.2 93.7 93 91.1 87.8 86.5 85.1 84.1 82.2 80.9 79.9 80.4 81.3 82.9 84.8 86.8 88.5 90.5 92.3 95 98.8 101.6 105.9 109.7 112.5 118.6 121.6 125.2 128.2 129.4 128.2 125.6 125.5 124.8 125.4 122.6 118.5 111.5 103.6 100.3 99.1 99 98.8 100.4 101.4 101.5 102.5 103.4 104 104.8 105.7 106.3 107.5 118.7 113.4 113.5 118.3 120.2 123.4 129.5 133.5 136.8 139.8 140.3 141.3 142.1 142.3 142.5 141.8 140.2 145.2 151.3 154.7 161.7
89.6 81 65.6 72.4 79.7 90.7 93 93.2 90.3 86.7 85.1 84.6 83.9 82.8 81.3 79.4 80.3 81.3 82.6 84.4 86.2 87.8 89.4 91.2 95.8 98.4 100.2 102.8 108.2 114.9 122.4 124.5 125.1 126.8 126.7 126.6 122.6 117.6 114.3 112.5 104 98.9 97.2 97.6 97.7 98.1 99.2 99.8 102.8 105.1 102.8 102.6 103.8 103.9 104.7 105.3 106 115.7 126.2 116.6 117.5 119.9 121.8 125.8 131.6 135.8 139.9 143 144.2 146.5 147.2 147.9 148 147.5 146.2 144.8 148.2 157 161.7
92.7 76.9 66.5 73.1 78.4 90.2 91.5 91.7 90.9 86.2 84.1 83.6 83.5 82 80.4 79.3 80.2 81 82.4 83.9 85.5 87 89.1 92.4 95.1 96.9 97.1 99.7 105.2 112.3 119.5 124.8 124.4 125.3 125.6 125.9 123.9 105.6 96.3 95.4 94.2 95.2 96 96.6 97.1 101.7 114.5 124.7 128.6 127.8 127.5 126.6 105.4 103.6 104.4 105.7 112.4 125.2 125.7 116.5 120.1 123.5 126.8 129.9 133.5 138.1 142.4 145.9 149.5 152.2 153.5 154.1 154 152.8 151.6 152.1 150.9 153.6 160.7
94.8 79.4 66.1 66.9 72.1 86.7 89 89.4 88.7 84.5 82.3 82.2 82.5 83.1 80.2 79.4 80.2 80.8 81.7 83.2 84.7 86.9 88.8 90.7 92 93.5 93.1 97.8 103.4 109.3 115.6 118.1 121.7 124.6 124.5 124.7 108.2 95.7 93 93.5 96.2 102.1 102.2 105.5 114.3 120 128.2 125 128.3 127.5 127.6 127.5 122.7 108.1 109.1 114.8 123.3 123.3 122.8 117.9 124.2 127.3 129.3 132.6 136.7 141.8 146.6 149.6 153 155.9 157.7 159.4 159.2 158.4 157.9 158.1 159 159.3 159.3
94.9 88.6 71.7 66 66.1 67.3 77.8 85.6 83.9 81.1 79.5 79.6 80.4 80.9 78.8 78.8 80 80.7 81.6 82.6 84 85.1 86.4 87.5 88.9 89.1 90.7 96.8 100.4 105.3 109.4 111.5 120.1 123.7 118.6 109.2 94.8 93.9 103.4 110.9 111.3 115.3 117.3 130.5 122.8 119.7 123.3 124.1 126.6 127.5 127.5 127.8 128.2 127.1 123.1 125 122.9 120 117.6 120.4 127.6 129.7 132.1 135.9 139.9 144.2 149.2 153.2 156 158.1 161.8 163.4 163.5 163.4 163 163.2 162.9 162.5 163.6
96.8 90.1 83.1 72.4 68.5 65.7 65.7 66.1 72.2 76.4 75.4 78 79.1 79.4 79.1 78.9 80 80.5 81 81.4 82.7 82.7 84.4 87.7 88.3 87.4 88.8 93.4 93 100.7 104 110.6 113.9 109.1 102.3 93.2 90.2 97.4 110.6 111.4 110.8 113.2 113.8 118.3 129.6 116.3 120.4 127.3 127.4 127.3 127.3 128.1 127.9 127.2 126.6 118.2 118.1 116.1 118.3 123.6 129.8 132 134.8 139.2 142.8 145.2 150.2 154.4 157.3 160.3 164.7 166.5 166.7 166.4 166.6 166.8 166.6 165.7 166.4
102.1 93.8 91.2 82.2 77.1 71 69.6 66.3 66.5 69.4 70 73 76.9 78.4 77.5 74.7 76.4 78.5 79.1 79.6 81.9 84.5 86.6 86.6 84.2 82.8 83.2 84.3 88.6 95.6 94.7 96.8 97 94.1 90.6 89.7 97.6 111.7 111.9 110.3 109.8 110.2 111.4 113 123.2 117.4 118.9 120.1 124.4 123.5 125 126.2 127.2 127.5 125 119.6 118.1 118.7 122.6 126.5 131.7 134.6 138.4 142.5 145.1 147.3 151.3 155.7 158 161 166 168.3 168.7 168.8 170.1 170.7 170.2 169.1 168.8
