public/OST50/NY64.asc
ncols 200
nrows 200
xllcorner 360000
yllcorner 540000
cellsize 50
[rows 140 to 174 of 200, columns 78 to 155 of 200]
486.8 492.2 494 497.9 504.7 510.8 517.1 524.3 530.7 535.4 539.6 545.1 552.9 559.8 567.1 575.5 584 590.5 597.5 605.2 612.2 612.1 609.6 607.4 605.6 603.9 601.2 598.5 595.2 591.4 588.4 585.4 582.4 579.4 576.7 574.6 573.9 573 571.8 570.7 570.1 573.1 573.5 573.4 573.3 574.5 575.6 576.7 577.3 579.4 581.2 583 584.2 588.4 593.5 598.2 600.7 601.5 601.9 603 602.7 601 599.3 597.1 593.6 589.7 585 580.2 576.3 572.1 565.4 558.4 552.4 548.7 543.6 532.3 525.2 520.4
472.6 476.5 482.5 491.9 500.4 507 513.2 520.1 524 526.1 523.7 541 549.9 557.6 564.9 573.3 581.8 589 596.7 604.3 611.5 613.5 611.6 609.8 608.2 606.6 603.9 601.2 598.5 595.8 593.1 590.4 587.2 583.9 581.4 579.3 578.2 577.7 577 576.9 577.6 578 576.7 577 577.3 577.9 578.6 578.5 579.7 581.7 583.2 584.8 587.1 590.8 594.7 598.1 599.6 599.9 598.7 597.4 595.8 594.3 593.4 592.5 589.8 585.8 581.6 578.4 574.8 570.1 562.1 554.4 549.4 545.7 538.7 528 521.7 516.3
461.3 462 475.8 485.6 495.9 501.7 508.3 512 503.9 524 533 540.9 549.6 556.7 564.1 572.2 580.3 587.8 595 602.3 609.5 615 614.1 612.2 610.8 609.3 606.6 603.9 601.2 599.2 597.2 594.8 591.7 588.4 585.8 583.9 582.9 581.9 581.4 582.1 582.7 581.2 579.9 580.2 579.1 579.8 580.2 579.8 581.7 583.1 583.3 583.9 585.9 587.6 589.7 591 592.2 592.5 591.2 591.8 590.2 588.9 589.3 588.2 585.9 581.9 579.2 576.9 573.3 567.2 560.1 552.1 546.8 543.6 535.9 526.4 518.7 513.3
448.2 461.2 470.2 479.9 487.2 494.4 496.6 492.5 512.1 524 533.3 541.6 549.9 557.2 565 573 580.2 587 593.9 600.8 607.7 614.8 616.5 614.8 613.4 612.1 609.3 606.6 604.7 603.3 601.1 598.3 595.5 592.6 589.8 588.1 587 586 584.5 584.2 584.1 583.8 583.2 581.5 580.8 580.5 580.8 580.9 580.5 580.1 579.7 580.8 582.4 582.2 582.3 583.1 583.5 583.7 583.9 585 584.7 584.5 584.5 583.8 581.8 579.7 577.5 574.5 567.7 561.2 555.8 548.3 543.5 539.9 532.9 524.8 518.3 508.3
446.1 456 464.1 472.1 479 475.6 493.4 504.5 516.1 526.7 534.5 542.4 550.2 558.3 566.8 572.9 579.3 586.1 593 599.9 606.8 613.5 617.7 617.4 616.1 614.7 612.1 610.3 609 607.2 604.7 601.9 599.2 596.3 591.7 590 588.3 586.7 584.9 583.3 582.5 582 580.6 578.3 577.2 577.5 576.8 576.4 576.9 576.5 576.1 577.5 577.1 576.6 576.1 576.6 576.9 577 577.1 577.5 578.4 578.3 578.3 578.3 576.2 573.4 570.3 566.2 561.2 555.5 550.1 544.4 540.1 535.8 528.6 521 513.2 507.6
434.3 447.9 454.9 467.6 479.7 489.6 498.9 509.1 517.8 529.2 537.2 544.9 553.3 560.9 567.1 573.3 579.3 585.3 592.1 599 605.7 612.3 617.7 619.3 618.3 617.4 615.9 614.3 612.6 610.9 608.4 605.4 602.9 598.1 592.7 588.5 585.7 583.2 581.9 580.8 578.9 577.1 574.9 573.1 573.1 573.1 572.3 571.6 571.7 572.2 572.6 572.1 571.6 571 570.5 570.1 570.3 570.4 570.4 570.2 569.4 569 568.8 568.5 566.9 563.7 560.8 558 553.9 549.5 544.8 540.1 535.2 531.4 521.3 513 509.1 502.7
446 459.2 468.2 475.7 482.7 491.5 499.9 509.1 519.7 530.4 538.4 546.3 555.4 561.2 567.4 573.6 579.8 585.7 591.6 597.9 604.6 611.2 617.5 620.1 619.7 618.7 617.9 616.2 613.6 612.1 609.9 605.9 601.1 594.7 587.4 583.6 582 579.9 578 577.1 575.2 572.6 570.1 569 568.9 568.7 567.9 567.2 566.2 565.7 565.9 565.1 564.8 564.4 564.2 564.6 564.3 563.3 563.2 561.9 561.1 560.6 560.1 558.7 557.4 554.9 552.1 549.4 546.6 543.3 539.7 536 530.5 525.4 516.5 506.4 503.4 498.1
454.3 463.5 470.8 477.5 484.8 492.9 501.6 511 522.1 530.5 538 547.4 556.8 562.3 567.8 574 580.2 586.2 592.2 598 604.1 610.7 615.6 619.2 619.7 618.7 618.1 616.3 612.7 609.2 604.7 599.6 593.3 586.8 582.1 578.4 576.4 574.9 573.1 570.9 568.7 567.6 565.6 565.2 564.9 564.3 563.6 562.7 561.2 559.8 558.9 558.1 557.5 557.4 557.2 557.5 557.3 555.9 555.2 553.5 552.8 552.2 551.3 550.2 549.9 547.3 543.6 540.8 537.7 535.4 533 529.5 524.8 516 511.9 501 497.8 493.1
459.3 466.8 473.9 481.1 487.2 494.2 503.9 513.8 523.1 531 537.8 548.2 558.2 563.7 569.2 574.7 580.5 586.6 592.9 598.9 604.1 609.7 613.4 615.5 615.7 615.5 615.3 612.8 608 603.4 598.6 593.4 588.1 581.2 576.9 573.1 570.8 568.5 566.6 564.1 562.3 560.4 558.9 557.8 557.4 558.9 558.7 557.3 556.1 554.8 553.3 551.8 551 550.8 550.6 549.8 549.6 547.9 546.3 545.7 545.8 545.5 544 542.7 542.4 539.7 536.1 532.5 528.9 526.4 523.9 522 519.1 514 502.2 493.1 493.6 489.8
462 469.5 476.9 484.2 491.3 498.2 507.2 516.7 524.5 532.6 539.3 549.6 559.5 564.4 570.1 575.8 581.4 587 593.7 599.9 604 606.9 609.7 611.2 611.1 610.5 609.3 605.9 602 597.3 592.1 586.9 581.7 576.5 571.5 566.2 564 562.2 560.1 557.6 554.9 551.9 549.6 549.3 549.9 550.4 549.9 548.7 548.5 547.9 546.8 545.7 544.9 544.5 544.3 544 541.9 539.9 538.4 539 539.3 539.9 538.6 536 534.8 532.2 528.8 525.1 521.6 518.8 518.3 517.1 514.6 508.6 497.4 492.7 488.5 485.6
464.5 471.9 479.4 486.8 494.2 501.7 509.7 517.2 525.1 532.8 541.9 547.9 560.2 565.6 570.5 576 581.6 587.5 594.1 601.2 603.6 605.8 606.9 606.5 605.9 605.2 602.6 599.4 595.7 591.3 586.3 581.4 576.5 571.5 565.7 559.4 557 556.2 554 552.1 550.1 547.4 544.3 542.5 542.3 542.2 541.3 539.9 538.7 537.4 536.4 535.7 537.9 537.6 536.9 536.4 533.7 529.7 528.7 531.1 535.6 535.7 533.6 531.7 528.3 525.2 521.5 517.6 514.2 513 511.3 510.3 505.8 501.1 492.5 486.5 480.9 479.6
467.2 473.9 481.3 488.7 495.9 502.2 510.2 517 524.9 532.7 541.8 550.6 561.2 566.9 571.8 576.7 581.8 587.9 594.8 601.9 603.3 602.9 603.5 602.8 601.9 600.2 597.6 594.2 590.3 586.3 581.8 576.9 572 566.2 560.4 555.5 552.8 550.6 549.1 547.2 545.3 542.9 539.8 536.7 536.6 536.6 535.3 533.9 531.8 529.8 527.2 525.8 527.8 527.6 525.8 525.8 524 515.3 514.4 516.8 522.9 522.5 521.5 521.3 518.6 516.5 513.6 509.4 504.4 500 497 498.6 494.1 489.9 486.6 480.8 475.3 472.1
470.3 476.6 483.3 490.6 496.7 502.9 510.7 516.8 524.7 532.5 539.5 549.8 561.4 568.4 573 577.5 582 587.8 597.1 602 602.4 601.8 600 598.6 597.3 595.6 592.7 588.8 584.8 580.8 576.9 572.3 566.9 561 555 550.5 547 544.4 544.2 542.3 540.4 538.5 535.5 532.6 531.1 530.8 529.2 528 526.1 524.6 522.3 519.6 519.6 519.5 517.9 515.5 515.4 508.3 508.1 504.9 509.3 509 506.7 504.4 504.7 503.7 500.7 498.5 489.9 488.8 486.2 486.2 485.2 483.1 480.2 475.4 468 464.4
473.4 479.7 485.8 491.5 497.6 503.8 511.2 517.2 524.5 532 539.2 548.2 561.3 569.1 573.3 577.7 582.3 588 597.1 603 601.9 599.9 596.9 594.4 592.7 591 587.3 583.4 579.5 575.6 571.8 567.9 563.6 557.6 551.4 546.8 542 538.6 537.6 536.3 534.4 532.5 530.5 527.9 526.1 525.6 523.7 522.4 521.1 519.4 517.5 515.5 514.2 513.2 512.6 509.4 508.5 505.7 502.9 500.7 500.2 498.8 495.3 492.9 492.2 490.9 489.3 487.2 481.5 479.5 477.6 479.1 479.7 476.6 472.2 468.5 463.5 456.1
476.5 482.4 487.8 493.2 498.5 504.7 511.7 517.6 524.3 531.6 539.4 549.6 561.2 569.7 574 578.2 582.5 588.2 595.3 601.8 600.1 596.2 592 590 588.3 586.6 583.3 579.6 575.7 571.9 568 564.1 560.5 555.8 551.4 545.7 540.6 533.8 528.8 530.7 528.7 526.3 523.2 520 519.1 518.5 516.7 516.6 515.7 514.5 513.1 513 511.3 510.1 508.4 505.7 502.4 501.2 497.9 495.7 494.1 491.8 489.1 486.4 483.5 482.1 480.2 478.2 475.3 472.1 469.4 470 469.4 467.6 464.2 462.3 457.2 451.5
479 484.4 489.8 495.2 500.5 505.8 512 517.9 524 531.7 540.3 550.3 561.5 570 574.2 578.7 583.4 588 592.9 594.6 593.2 590 587.4 585.8 584.2 582.1 578.7 575.4 572 568.1 564.2 560.4 556.8 553 548.3 543 537.9 532.3 524.7 523.2 522.1 519.7 516.4 513.1 511.7 509.2 509.6 511.3 510.5 509.2 508.4 509 508.5 506.7 503.6 500.8 497.5 495.1 492.8 490.7 488.8 486.3 483.8 481.5 478.9 476.5 473.9 471.3 469.1 467.5 464.7 462.3 462.2 462 461.3 457.5 452.7 445
481.1 486.5 491.7 496.5 501.7 507 512.3 517.7 523.7 531.8 540.5 550.9 561.8 569.8 574.6 579 583.4 587.8 589.1 589.9 587.8 585.5 583.2 581.5 579.9 577.5 574.4 571 567.6 564 559.3 554.7 550.7 547.7 542.9 537 532.5 528 520.8 506 515.6 512.8 509.7 506.5 504.3 502.1 502.1 504.8 505.1 503.9 503.7 504.3 504.6 502.5 498.9 496 492.6 489.1 483.4 482.8 481.1 478.3 477 474.3 471.7 469.2 466.8 464.2 462 460.2 459.2 458.7 458.6 458.5 456.8 452.4 448 442.4
482.8 487.7 492.6 497.5 502.3 507.4 512.7 517.4 522.6 533 541.4 550.7 558.4 569.5 574.3 578.5 582.8 587.2 587.8 587.2 584.9 582 579.1 577.2 575.1 572.6 569.9 566 561.2 555.3 551.7 547.4 543.6 539.2 534.6 529.8 525.2 519.5 515.1 505.6 507.3 506 502.8 499.6 496.2 495.8 494.8 497.3 497.6 498.6 498.7 499 499 495.7 492.5 490.4 486.5 482.5 477.8 473.3 473.1 467.7 468 466.5 464.2 461.8 459.4 457.1 454.9 454.3 453.9 453.4 454.5 454.5 449.9 444.9 440.5 436.2
485.7 489.1 493.7 498.4 503.2 508.1 513.1 517.9 522.8 531.8 540.1 549.4 558.9 569.1 574 578.4 582.6 586.6 586.8 584.4 581.2 578.2 575.4 572.7 570.2 567.8 565 560.4 555.8 550.9 547.4 544.7 540.6 536.7 532.7 527.7 521.6 514.4 506.8 506.3 489.4 498.8 495.6 492.7 489.3 490.4 489.8 490.2 490 491.6 493.3 493.2 492.1 488.6 484.4 482.7 480.5 473.6 472.9 470 467.5 464.2 460 459.5 457.1 455.3 453.5 451.7 449.7 449.3 448.9 447.7 446.9 445 441.2 437.2 433.8 430.4
489.4 492 496 500.6 505.1 509.7 514.3 518.5 523.6 530.9 539.4 549.1 560.7 569.3 574.4 578.2 580.5 582.7 584.7 581.4 577.9 574.1 569.8 565.9 564.3 563.2 560.6 554 548 545.4 542.2 538.8 535.5 532.7 529.3 524.8 519.2 515.2 511.7 506.4 494.4 480.4 489.1 486 482.9 482.9 484.6 484 485.2 486.6 487.9 488.2 486.1 483.3 478.9 476 474 471.7 469.5 467.1 464.3 460.8 455.7 453.1 453.5 451.3 450.3 448.8 447 444.7 443.9 439.5 439.1 437.5 434.6 430.4 427.4 425.2
492.7 495.3 498.3 502.9 507.5 512 516.1 519.5 524 530.8 539.5 547.9 561.7 569.8 574.2 577.1 579.2 581.4 580.4 577.6 573.8 569.5 564.2 555.9 557.3 554.3 548.7 545.3 543.7 541.3 538.3 535.6 533 529.5 526.1 522.3 517.2 512.8 509.9 505.5 499 487.4 476.9 477.2 475.5 478.1 479.5 477.7 479.9 481.8 482.6 482.8 483.5 480.5 476.7 473.7 468.6 467.3 466.6 464.3 460.9 456.9 452.1 448 449.7 447.8 445.5 444.5 444.6 440.3 436.2 434.3 432.3 431 427.8 423.5 421.6 419.8
495.6 498.6 501.1 505.2 509.8 514.4 517.7 520.6 525 530.9 537.4 546.9 557 567.3 572.2 575.7 577.9 577.8 576.2 573.2 568.3 560.9 554.2 551.4 549 546.4 542.3 540.6 539.9 537.9 535.2 532.3 529.6 526.3 522.8 519.2 514.8 510.3 507 501.4 495 487.3 480.6 465.4 468.9 473.1 473.3 471.4 474.4 477 477.7 478.8 479.5 478 475.3 472.7 468.3 464.4 463.1 461 457 453 448.9 443.3 446.7 444.1 441.3 438.3 436.7 433 430.4 429.3 425.6 423.2 420.2 417.3 415.6 414.7
498.8 501.3 504.3 507.5 512.1 516.5 519.2 522.5 526.4 531.4 537.2 546.2 556.7 564.8 571.5 575 575.7 575.9 569.1 562.5 558.3 552.4 548.8 545.2 542.3 540 537.5 536.9 536.2 534.1 531.7 529.1 526.2 523.1 519.5 515.9 512.3 507.9 503.6 497.6 490.9 483 473.8 465.5 460.9 465.1 467.4 466.1 469.7 472.6 473.7 474.4 473.8 473.9 472.8 470.6 465.8 459.8 458.6 456.7 452.5 448.2 445.3 441.4 442.3 439.6 436.7 433.8 430.7 427.9 423.2 420.1 416.9 415.3 412.8 411.5 410.8 409.9
502.1 505.9 508.4 511.2 514 520 524.4 528.1 531.8 534.6 539.6 548.7 560.1 569.2 573.7 574.9 576.3 577.4 572.9 562.8 557.1 551.3 546.7 543 538.7 536.4 534 533.2 532.5 530.2 527.9 525.5 523 519.9 516.3 512.6 509 505 500.2 493.9 487.7 481.7 473.2 466.8 456 454.4 456.3 458 466.3 468.7 468.7 468.4 467.6 468.2 468.6 466.5 461.8 455.7 449.5 451 448.3 444.8 441.5 435.1 437.9 435 432.2 429.2 426.3 423.5 418.5 411.1 411.6 407.4 406.8 406.3 405.8 405.2
506.7 510.7 514.2 517.6 523.4 527.2 532 535 537 539 543.1 551.3 563.4 572.2 576.2 577.5 579.3 578.1 569.3 563 557.9 552.4 546.5 539.8 533.8 533.6 530.9 529.5 528.7 526.4 524.1 521.7 519.3 517.1 514 510.9 507.8 503.9 499.6 494.8 489.2 483.1 477.7 472.8 465.7 457.5 444.9 449.3 457 459.3 460.7 461.7 461.2 461.9 462.2 460.4 455.5 449.2 441.8 441.9 441.7 439.8 437.5 433.4 433.2 430.5 427.6 424.7 421.8 417.3 413.8 409.2 404.3 401.9 401.5 401.1 400.6 400.1
514.6 518.4 522 526.3 532.1 535.3 537.8 539.9 541.8 543.8 546.9 553.9 565.4 574.3 577.6 580.5 580.4 571.8 566.9 562.4 558.5 552.6 545.6 539.5 533.8 527.5 527.8 525.8 525 522.6 520.2 518.2 516.7 515.2 513 510.1 507.1 503.5 499.3 494.5 489.6 484.7 477.7 471.2 465.1 459.2 451 441.1 446.3 449.4 452.7 452.1 452.2 455.1 455.7 454.1 449.9 445.3 439.5 432.3 436.3 435.1 433 430.7 427.2 425.2 423 420.1 416.4 413 409.6 405.3 401 398.6 395.9 394.6 395.1 394.6
521.7 525.4 527.9 532.4 537.4 540.1 542.5 544.5 546.5 548.6 550.9 557.4 567.5 576.2 579.5 578.4 575.9 571 566 561 553.8 549.7 544.7 540.2 535.6 529.2 524.4 521.3 521.1 519.1 517.6 516 514.4 513 511.4 508.9 506.1 503.2 498.9 494.2 489.3 484.1 479.3 472.7 467.3 460.1 452.1 443.7 438.4 441.4 441.2 442.4 444.9 448.8 452.5 449.7 445.6 440.4 435.2 429.4 430.5 428.7 427.1 425.6 418.1 420.2 417.8 415.6 412.2 408.8 405 401 397.4 392.4 391.6 390.5 389.2 388.7
527.4 529.9 532.4 536 541.1 544.6 547 549.1 551.2 553.5 557 560.6 567.6 575.3 579.4 579.8 576.8 571.7 565.6 560.3 554.7 550.2 543.7 538.9 533.1 527 523.1 519.9 515.5 515.4 514.1 513.1 511.6 510.8 509.5 506.9 504.9 502.1 498.6 493.8 488.3 483.4 478.6 472.9 465.9 460.5 452 443.2 433.3 433 434.2 435.6 437.2 439.5 442.5 442.4 438.2 434.1 429.7 425.2 424.9 423.5 421.9 420.4 416.6 413.7 412.6 410.9 407.9 404.6 401.1 397.4 393.8 389.1 385.6 382.9 377.9 378.4
532.2 534.9 537.5 540 545.1 548.5 551.6 553.8 556.1 559.3 562.3 566.4 571.2 577.4 579.9 581.1 577.7 572.4 566.2 561.2 557.4 552.9 544.9 537 530.5 525.6 521.9 518.7 514.7 512.6 511 508.8 507.3 506 505.4 504.3 503.2 500.5 496.9 492.2 486.6 480.6 474.2 463.3 462.3 457.9 450.1 442.3 436.5 429.5 428.2 429.3 429.9 430.1 431.3 432.7 431.2 427.3 424.6 421.2 417.8 418.3 416.8 415 412.1 407.1 406.8 405.7 404.3 401.9 398.6 393.9 389.2 384.4 377.3 372 371.2 369.8
537 539.7 542.5 545 549.1 552.4 555.6 558.6 561.6 564.6 567.9 572.2 576.2 579.5 582.4 581.6 577.4 571.6 566.4 562.1 556.8 548.8 540.7 532.8 527.9 524.4 520.3 517.5 514.3 514.1 512.5 510.4 508.8 508.1 505.7 503 499.3 495.8 492.4 485 481.6 473.3 461.7 455 447.4 449.3 444.4 440.3 432.1 429.5 424 421.1 421.4 420.7 421.6 422.6 422.8 422.4 420.2 418 413.9 413.4 411.7 409.8 405.8 401.5 401.8 402.3 401.4 399.2 396 391 385.2 377.3 371.9 368.5 367.9 373.8
541.7 544.5 547.2 550 553 556.5 560.5 564.2 567 570 573.7 577 578.9 582.4 584.2 579.8 573.7 568.8 564.2 560 553.8 543.9 535.2 533.6 530.7 526.5 523 520.4 519.7 517.9 515.5 513.4 512.1 510.2 507.1 504.2 499.8 496.3 493.2 489.6 484.7 480.6 472.3 464.3 455.1 446.8 441.1 434.4 431.1 426.3 425.8 425.9 426 420.2 415.8 416.8 411.9 409.5 416.3 414.1 411.8 407.4 406.8 404.5 402.9 398.2 399.2 399.5 398.5 395.8 391.5 387.2 377.4 372.7 374.9 381.6 382.1 383.4
546.3 549 551.8 554.5 557.8 561.9 566.9 570 572.6 575.3 577.7 579.7 581.7 584.4 581.7 576.4 572.2 567.5 557.8 552.7 551.1 550.6 547 540 536.1 531 527.3 524.9 522.2 520.8 518.6 516.3 515.4 512.4 509.3 506.2 503.1 500 496.6 493.2 489.3 484.5 477 469.2 460.9 453.6 447.1 441.2 436.4 432.4 431.5 431.4 429.5 426.8 425.6 423.2 420.7 417.7 411.4 402.7 399.5 400.2 397.4 398.2 397 393.3 396 396.9 393.5 389.7 384.9 377.1 373.5 377.9 384.3 384.7 384.6 385.5
549.6 552.8 556.1 558.9 562.8 568.6 573.2 575.7 578 579.7 580.8 581.8 583.8 582.9 579.1 575.5 572.8 570 566.2 564.4 564.8 561.5 555.2 548.1 541.3 535.7 532 529 526 523.3 521.6 519.3 517.6 514.5 511.4 508 505.2 502.5 499.5 496.1 491.4 486.6 480.8 473.6 465.8 458.2 451.4 444.9 439.7 436.1 436.4 435.2 433.3 431.2 428.8 426.1 423.5 419.6 414.9 408.6 402.3 399.4 396.2 391.3 390.7 388.9 391.6 391.5 388.1 383.4 377.9 374.8 382.6 384.8 385.7 386.3 386.8 389.7
552.7 555.9 559.1 563.1 570 576.2 579.6 581.9 583.4 583.8 584.8 585.1 583.7 582 579.7 578.7 576.8 574.8 572.8 572.8 570.4 565.8 558 552 546.3 540.4 535.9 533.1 530.2 527.2 524.5 522.6 519.8 516.5 513.1 510 507.3 504.6 501.8 498.3 493.5 488.6 482.9 476.3 469.7 462.7 455.1 448.1 442.7 441.5 440.3 438.9 437.1 434.7 432 429.3 426.6 422.6 418.9 413.4 409.1 404.1 399.9 394.4 387.3 384.7 384.8 385 382.3 379.1 376.4 381.2 386.1 386.9 387.6 388.5 390.9 394.3
555.9 559.4 563 568.4 575.4 582.7 585.5 587.1 587.8 587.9 586.9 585.9 585 584.8 583.8 582.7 580.8 578.9 576.9 575.2 572.9 568.4 561.8 555.9 549.7 543.1 538.9 536.2 533.5 530.7 528 524.9 521.6 518.2 514.9 512.1 509.4 506.7 503.9 499.9 495.3 490.5 484.7 478 471.2 464.6 458.2 450.8 447.5 445.6 444 442.1 439.8 437.4 434.8 432.3 429.4 426 422.2 417.8 413.7 409.4 403.6 397.2 391.2 387.9 384.1 382.3 379.3 379.8 385.6 388.5 391 392 392.8 393.9 396.7 399
