public/OST50/NY64.asc
ncols 200
nrows 200
xllcorner 360000
yllcorner 540000
cellsize 50
[rows 35 to 69 of 200, columns 78 to 155 of 200]
569.4 563.4 557.2 552.9 547.9 541.2 534.2 526.9 520.9 515.9 510.5 505 500.3 495.7 491.1 486.8 480.6 475.4 469.9 462.9 455.1 448.1 440.7 421.9 420.9 439.1 447.5 452.3 457.4 467.1 475.4 486 496.2 503.4 510.6 517.1 523.7 531.1 539 548.8 557.5 565.9 573 581 590.1 598.6 604.6 608 609.1 607.6 605.3 600.6 594.2 586.8 579.3 573.7 569.2 563.1 556.5 549.8 543.2 535.6 529.7 523.9 518.5 512.7 506 500.1 491.2 481.3 470 461.4 452.4 446.3 443.4 438.2 440.2 447.4
572.9 567.2 562.8 558.5 552.5 545.5 538.3 531.1 526.2 521.6 515.5 509.9 505.2 500.6 495.8 491.1 486.9 480.5 473.6 466.5 458.6 449.2 441.5 436 419.2 441.6 450.1 456.1 463.3 472.1 480.9 490.6 498.2 505.9 513.5 520 526.5 534 543.7 552.4 561.1 569 576.4 584.8 594.5 603.2 608.7 612.5 615.6 614.1 611 605.7 599.6 594 587 580.4 574.5 569.2 562.6 556 549.3 542.5 535 527.7 522.8 517.6 513.1 506.9 501.6 493 483.3 474.2 465.3 457.1 450.1 445.5 448.1 454.8
576 571.9 567.8 563 556.2 548.8 541.4 534.8 528.5 524.4 519.8 514.7 509.4 504 498.6 495.8 490.4 482.1 476.7 469.4 456.9 454.4 449.8 439.7 423.7 443.2 450.7 458 465.9 475.6 484.3 492.5 500.5 508.2 515.7 522.6 529.6 537.6 546.4 554.8 563.4 571.4 578.8 588.7 599 607 612.8 618.8 621.6 621.1 618.9 612.1 605.9 600.4 594.7 587.6 579.8 574.8 568.5 561.9 553.9 549.6 542 534.5 525.6 520.4 516.9 513.1 507.9 501.7 492.2 482.9 474.6 467.5 456.1 455.5 457.3 462.1
578.4 574.9 571.5 566.8 559.7 552.1 544.4 537.6 530.7 526.3 522.2 517.9 512.5 507.1 502.5 498.8 492.8 484.8 475.4 472.1 467.6 461.4 454.9 444.4 425 444.2 452.2 458.9 469.2 477.8 486 494.1 502.6 510.6 518 525 532.5 540.4 548.5 556.8 565.2 573.7 581.1 592.3 602.4 610.1 616.6 623.4 625.1 624.9 624.3 618.8 610.6 604.3 599.2 594.2 586.3 579.7 574.4 566.8 558.9 555.1 549.1 540.3 531.3 524.7 521.4 517.6 512.6 508.3 501.2 491.7 482.5 476 471.2 465.7 465.7 472.5
580.5 577.1 572.7 567.5 562 554.4 545.7 538.7 533.8 529.1 525 521 515.9 510.9 506.5 500.9 495.2 486.8 483.9 478.9 472.4 465.4 458.6 450.6 428.9 447.9 455.3 461.9 471.3 479.5 487.6 495.7 504.2 512.7 520.4 527.6 535 543 551 559.1 567.2 575.7 583.3 594.5 605.4 613.4 620.6 626.9 629.4 629.2 628.5 623 617.2 608.6 604.1 599.8 592.4 585.4 580 573.1 566.1 559.7 554.1 546.5 536.2 530.3 525.9 522.1 518.1 514.6 509.1 501.4 489.8 481.1 481 481.1 483.3 484
582.7 578.8 573.6 568.4 563.2 555.7 549.3 543.4 537.2 531.5 527.4 523.9 519.1 514.2 508.5 502.6 496.5 493.9 490.3 483.7 477.3 469.3 462 453.6 432.1 452.8 459.9 465.8 473.7 481.8 489.7 497.7 506.2 514.9 522.6 530.2 537.5 545.6 553.6 561.7 569.8 577.8 585.6 596.4 607.1 615.3 623.8 630.2 633.7 636.2 632.3 628.6 624.8 615.6 610.8 605.2 599.1 592.2 585.3 578.3 571.4 564.9 558.9 552.6 543.1 538.9 534.2 527.2 524.1 520.6 516 508.7 494.4 488.2 494 494.9 493.9 492.6
584.9 579.8 574.8 569.8 565 559.2 554.3 547.5 540 534.3 529.9 526.9 522.2 516.5 510.5 505 501.1 498.1 492.3 485.9 480 472 463.7 453.3 441 456.1 461.3 468.1 476.2 484.1 494.5 501.4 509 516.8 524.4 532.1 540 548.5 556.7 564.9 573.1 580.3 588.2 597.7 608 616.8 625.6 632.5 636.6 639.7 636.1 631.2 627.3 623.7 616.7 610.8 604.5 597.5 590.6 583.6 577 570.5 564.3 557.9 550.2 546.3 541.5 534.3 527.1 524.6 521.6 516 505 497.9 503.4 503.2 501.8 500.7
586.4 581.7 576.7 572.2 568.4 564.4 559.4 551.1 543.6 537.1 533 529.9 524.8 518.7 512.7 508.2 505.1 500.9 494.4 488 480.7 473.5 462.7 453.1 445.7 453.9 454 469.1 477 486.5 495.8 505 512.3 518.9 525.4 532.4 541.1 551.9 560.1 568.1 575.2 582.2 590 599.3 608.4 617.4 626.3 633.4 638.1 641.1 638.8 634.3 630.4 626.7 622.4 616.1 609.8 602.8 595.8 589.1 582.6 576.1 569.7 563 556 551 546 541.1 534.1 527.6 525.3 522.4 515.8 512.2 511.8 510.7 509.7 508.5
588 583.4 580.1 576.6 573 569.3 562.7 554.5 546.8 540.4 536.5 533 527.9 521.9 515.9 512.8 507.7 502.4 495.8 488.3 480.3 462.4 454.4 450.7 462.1 465.6 462.9 461.9 478.1 487.5 496.7 505.9 515 520.7 525.9 532.7 542.4 553.7 563.1 570.1 577.2 584.2 591.8 601.1 609.5 617.6 626.9 633.8 638.9 643.1 641.8 639.1 634.4 630.7 624.7 621.4 615.2 608 601.2 594.7 588.3 581.8 575.3 568.1 560.3 555.3 550.3 545.3 540.7 533.4 529.2 527.2 524 521.3 519.6 517.7 517 516.6
588 585.2 582.2 578.8 575.3 571.9 565.3 557.5 549.9 544.4 539.9 535.8 531.3 526.1 520.9 517.6 509.8 503.1 496.1 483.4 472.1 477.2 463.9 467.8 470.7 472.4 472.2 472.6 470.1 487.8 498.4 507.7 516.3 522 527.6 534.4 544.7 557.3 564.6 572 579.2 586.2 593.7 602.7 611.4 619.3 627.4 633.4 639.1 643 645.3 644.7 639.9 634.2 628.3 623.9 620.3 613.3 606.4 599.7 593 586.3 578.9 573.5 565.4 558.1 553.5 548.5 544.7 539.9 534.1 531.1 530.4 528.9 527 525.1 523.2 521.2
587.7 586 583.9 581 577.5 574.3 568.5 560.8 553.8 548 543 538.7 534.3 529.5 525.3 521.5 513.1 504.8 491.6 492.8 490.8 479.6 481 478.6 478.7 478.9 477.2 481 479.1 484.3 499 509.2 518.4 524.6 530.1 537.5 549.4 559.5 566.2 573.3 580.7 588 595.5 604.7 613.5 621 628 634.1 640 642.1 644.5 648.4 646.1 638.2 632.5 627.3 623 617.1 610.5 603.6 596.5 589.1 581.6 577 569.3 561.7 555.8 552.1 548.5 545.9 540.6 536 535.4 533.5 531.1 529.2 527.1 525.5
586.4 586.4 584.3 582.1 579.8 576.8 572.2 565.2 558.2 551.4 545.8 542.2 537.7 532.8 527.6 520.9 513.2 508.3 502.7 500.6 494.8 489.5 487.5 484 486.3 485.5 484.8 488.3 490.7 487.8 494.5 511 520.3 527.2 532.9 539.7 552.4 560.9 567.8 574.9 582.2 589.6 597.5 607.2 615.7 622.6 628.9 635.1 640.2 643.7 647.4 651.2 650.4 642.2 636.6 630.9 625.1 619.2 613 606.6 599.1 591.7 584.6 578.7 572.9 565.2 558.1 555.3 552.7 550.1 546.5 542.1 540.8 538.3 535.4 533.3 531 528.2
584.9 585.7 585.1 582.9 581 579.7 575.7 569.2 562.5 556.3 550.7 546.7 542 535.2 529.7 522.9 514.3 509.4 508.9 504.9 498 498.7 495.8 489.8 494.4 493.1 491.9 495.2 498.2 501.3 497.5 512.4 523 529.3 535.2 542.8 555.5 562.6 569.6 576.6 583.8 591.2 599.4 609 617.2 623.7 629.8 635.7 641.2 643.9 649.2 653.8 651.6 646.4 640.2 634.5 627.6 621.4 616 609.2 601.7 594.4 587.1 580.1 574.9 568.3 562.9 558.2 555.5 552.7 549.7 546.8 543.8 541.5 539.2 536.7 533.7 530.4
585.6 585.7 585.1 583.7 582.8 581.6 577.8 572.8 567.1 560.5 555.6 550.7 542.3 539.5 532.1 523.6 517.9 516.7 513.6 509.8 505.6 507.8 504.9 497.5 503.6 502.4 501.3 506.2 509 511.7 515.5 514.4 521.2 531.7 538.7 547.7 558.1 564.7 571.6 578.5 585.5 593.1 601.2 610.4 619 624.5 630.5 635.9 641.1 644.6 649.4 654.1 653.2 650.1 643.5 637.9 630.4 623.5 618.7 611.7 604.5 595.7 588.2 581.8 576.4 571.8 568.2 562.5 558.2 555.2 552.3 549.5 546.7 544.2 541.4 537.1 533.7 527.4
585.9 585.4 585.1 585.6 584.6 584.3 580.9 575.7 570.3 564.9 558.5 552.1 546.2 542.8 532.1 527.8 523.3 523.2 519.5 516.4 514.3 514.7 514 512.5 513.1 512.9 513.9 517 519.7 521.9 524.2 526.8 525.4 534.5 542.3 551.4 561.6 567.8 574.5 581.3 587.9 595.6 603.7 612.5 619.2 625.1 630.6 635.7 640.8 645.2 649.6 654.1 653 651.3 644.3 638.6 631.3 624.3 620.2 613.2 606.5 598 589.4 583.5 578 574.4 571.1 565.4 560.6 557 554.1 551.4 547.4 545.8 542.6 535.9 526.9 518.7
586.1 586 586.1 587.1 586.7 585.8 582.9 577.8 572.8 567.4 561 554.9 549.2 545.2 537.8 531.5 531.9 529.9 526.9 524.3 523 521.9 520.8 521.2 524.2 525.5 527.2 528.1 529.2 531.3 533.8 537.3 540 539 544.5 551.4 563.2 571.1 577.4 583.9 590.4 598.3 606.3 613.6 619.8 625.5 630.7 635.9 640.8 643.6 648 653.2 653.7 651.7 645.1 638 630.9 624.8 619.7 611.6 604.8 597.4 590.4 584.9 579.9 576.5 573.2 567.5 561.9 558.5 555 551.2 547.3 545 539 526.6 517.4 509.9
585.4 586.7 587.5 588.5 588.7 587.3 584.7 580 575.2 569.9 563.8 557.7 554.2 551 545.1 542 540.8 538.3 535.5 533.2 531.9 531.8 531.3 532 533.7 534.3 535.7 537.1 538.9 541 544.7 548.4 551.8 548.8 558.3 564.5 569.4 575 580.9 586.4 592.9 600.9 608.6 614.6 620.4 625.6 630.8 636 640.9 643.6 645.2 648.8 649.8 645.5 642 635.5 628.2 623.2 616.1 608.4 601.5 595.4 589.2 583.5 580.6 577.1 572.6 567.7 561.6 557.3 553 549.8 546.5 538.5 527.9 517.7 509.4 502.6
583.1 587.5 588 589.4 590.7 588.9 586.6 582.9 578.2 573.1 568.1 562.9 560.1 556.8 551.1 549.2 546.9 544.2 541.5 540.2 539.4 539.8 539.8 539.7 540.5 541.2 542.1 545.9 548.8 551.6 555 557.6 560.1 560.8 566.9 571 574.9 579 584.5 589.9 595.4 603 610.4 615.7 620.2 625.3 630.5 635.6 640.1 642.8 642.9 642.4 642.1 639 636.2 630.8 624.7 618.6 611.6 604.5 597.7 593 588 583.3 579.4 575.1 570 564.9 560.2 555 550.9 547.6 536.3 527.5 517.3 509.6 502.9 496.8
578.3 583.1 587.9 592.3 593.1 591.9 588.4 585.9 581.3 576.1 573 569.3 565.5 561 555.3 554.7 552.7 550.1 547.5 546.7 546.4 545.1 544.2 545.7 546.1 546.8 549.9 553.8 556.7 559.1 562.1 565 567.8 569.8 572.2 575.4 578.9 582.9 587.9 593.3 599.2 605.5 611.3 616 620.7 624.8 629.7 634.7 637.8 638.1 638.4 637.1 635.1 631.8 628.6 624.3 618.1 612.1 606 599.4 594.7 590 585.2 580.5 575.7 570.9 567.1 562 558 552.9 545 535.5 525.5 516.3 510.5 503 497.3 491.5
574.1 580.5 588.5 594 596.8 594 591.1 588 584.4 580.7 576.8 574 571.3 566.2 562 560.9 558.5 555.9 553.7 553.3 552.9 551.3 549.1 549.7 551.9 554.8 558.2 561.4 563.6 566.1 569 572 574.4 576.4 578.8 581.5 584.2 588.2 591.6 597.9 603.2 607.8 612.8 617.1 621.5 624.8 629.1 631.3 632.8 633.1 632.2 629.8 627.3 623.5 620.3 616.4 611.9 605.9 599.9 594.7 590 585.2 580.4 576.3 571.5 566.8 563.1 559.2 552.6 543.6 534.3 525.4 516.7 509.9 504 498.1 492.3 486.3
574.2 580.3 588.1 595.3 597.9 594.9 592 589.1 586.7 583.8 579.9 577.7 575.9 572.9 569 566.5 564.4 561.9 560.3 559.7 559.4 557.9 556.5 557.6 560.1 562.8 566 568.3 570.6 573.1 576 578.6 581 583.1 585.5 588.2 590.9 593.6 596.9 601.8 606.8 611 615.1 618.5 621.4 623.8 625.4 626.4 627.8 627.3 625.1 623 620.2 616.3 612.1 608.6 605.3 600.1 594.2 589.5 585 580.5 575.7 572 567.4 562.7 557.6 548.9 539.5 531.8 524.5 516.9 511.2 505 499.3 493.9 487.4 480.6
574.9 580.8 587.2 593.8 596 595.9 592.8 590.8 588.2 585.6 583.2 581.6 579.9 577.4 573.6 570.4 568.7 568.1 566.4 566.2 565.9 564.1 561.4 565 567.8 570.6 573 575.3 577.6 580 582.8 585.2 587.6 589.8 592.2 594.9 597.6 600.2 602.9 606.6 609.8 613.2 616.6 619.6 620.8 621.7 620.5 620.9 622.4 620.4 618.3 616.2 613 609.3 605.3 601.8 598.3 593.8 588 583.6 579.6 575.4 570.9 566.5 561.6 551.8 545.6 538.9 529.9 522.7 517.1 511.3 506.5 500.4 494.3 488 481.7 474.9
574.9 581.2 587.6 591.2 593.2 594.4 594.6 592.4 590 587.6 585.3 583.8 582.4 580.8 577.7 574.3 573.3 572.6 571.2 570.4 570.4 569 567.1 571.3 574.1 577.8 580 582.3 584.5 587 589.4 591.8 594.2 596.4 598.8 601.5 604.2 606.9 609.4 610.5 611.7 614.4 617.9 620.3 619.8 619.4 617.9 616.3 615 613.3 611.5 609.5 605.9 602.3 598.8 595.3 590.4 585.1 580.2 576 572.1 567.9 564.3 556.1 546.2 538.8 533.7 527.4 521.4 517 512.2 507 501.8 495.5 487.7 479.7 473.6 468.7
572.5 578.3 584.2 588.5 591.9 594.9 595.4 594 592.2 589.8 587.5 585.9 585 583.5 580.9 578.9 577.8 577.1 576 575.2 574.4 573.8 575.4 577.2 580.7 583.2 584.9 587.9 590.4 593.2 596 598.4 600.9 603.1 605.5 608.2 610.9 613.3 613.9 614.5 615 615.9 619.2 619.1 618.1 615.8 614 612.2 609.3 606.9 604.6 602.4 598.6 594.7 591.3 587.2 581.3 576.5 572.5 566.9 563.2 557.3 549.5 542.2 535.7 529.7 525.7 520.6 516.4 512.4 508 502.5 496.6 490.2 483.5 475.5 466.6 461.7
570.3 576.7 582.9 587.5 591.5 595 595.5 594.1 592.6 591.1 589.6 588.4 588 587.6 586.2 583.7 582.6 581.6 580.8 580.2 579.8 581 582.9 584.2 585.5 587.4 589.8 593.1 595.6 598.5 601.8 605.1 607.5 609.7 612.1 614.8 616.8 617.3 617.9 618.5 619 619.1 617.3 616.3 615 611.9 609.7 607 604 601.6 598.5 594.3 590.9 587 583.3 578.6 574.2 569.6 562.3 556.7 550.4 543.1 537.2 532.1 527.1 522 518.1 515 511 507.1 503.1 496.8 490.7 484.7 475.9 467.2 460.3 453.9
568.3 574.6 581.6 586.1 589.3 593.5 594 594.8 594.1 593.2 592.2 591.3 591.4 591.4 591.3 589.1 587.7 585.8 584.3 583.6 585.1 587.5 588.8 590.1 591.4 592.7 594.1 597.7 600.9 603.8 606.8 610.5 614.1 616.4 618.8 620.2 620.7 621.2 621.7 621.5 620.4 618.3 615.1 613.6 611.6 608.4 604.9 601.8 598.1 594.4 590 585.8 582.3 579.1 573.3 567.1 560.4 552.6 546.7 540.9 537.5 532.8 528.3 523.9 520.2 516.4 512.6 508.3 505.6 501.6 494.8 489.4 482.6 475.8 467.3 460.8 453.6 446.9
566.7 571.8 578.1 582.8 587.1 591.3 593.4 594.9 597.3 596.3 595.1 593.8 593.8 593.8 593.2 592.8 591.8 589.3 587.5 589.4 591.3 592.3 593.4 594.5 595.7 596.8 598.4 601.9 606.2 609.8 612.7 616.6 620.1 622.5 623.9 624.1 624.3 624.6 625 622.5 619.9 617.2 613.8 610.8 608.2 604.1 598.3 595.2 590.5 585.4 581.2 577.1 571.2 564.3 557.4 550.5 545.6 540.8 535.8 532.1 528.3 524.2 520.3 516.2 512.5 509 505.8 502.1 497.4 492 486.7 481.1 474.4 466.9 461.1 454.6 447.3 440.1
561.8 567.8 573.5 578.4 583.3 588.1 593.1 595.6 598.1 598.7 598 596.7 596.1 595.8 595.1 594.7 594 592.9 591.7 593.7 594.9 595.3 596.4 597.6 598.7 599.9 603 606 610.2 614.9 618.8 622.8 625 626.1 627.4 629.6 630.1 628.5 624.5 621.2 618.5 615.4 611.8 608.3 603.2 598.4 592 587.3 581.4 575.9 570 562.5 555.8 550.1 544.9 540.7 534.8 531.6 528.1 524 520.4 516.7 512.9 508.5 504.6 501.5 498.5 493.5 488.3 483.2 478 472.7 466.6 459.9 454.6 448.8 442.1 435.4
557.6 563.3 568.4 573.3 578.3 583.7 589 593.6 596.6 598.3 598.7 598.7 598.5 597.7 597 596.6 595.9 596.3 596.8 598 598.3 598.3 599.4 600.6 601.7 604.4 607.5 610.5 614.2 618.7 623.7 626.9 628.1 629.4 630.6 632.5 632.4 628.8 624.2 619.9 617.3 613.6 609.9 604.8 598.1 591.6 584.9 577.7 570.6 563 557.3 550.5 545.5 539.9 535 531 525.4 521 519.7 516.6 512.9 509.3 505.3 500.7 496.8 494.1 491.1 484.9 479.6 474.4 469.3 464.2 458.8 453 448.2 443.5 437.7 431.1
554.9 558.4 563.5 568.9 574.3 579.7 585.1 590.9 595.1 597.5 598.7 598.5 597.7 598 597.4 597.9 599 600.2 600.6 601.1 601.6 601.7 602.5 603.6 605.9 609 612 615 618.2 622.7 627.4 629 630.6 632.2 633.4 633.4 630.7 626.9 622.9 618.6 615.7 611.7 605.1 597.3 590.3 582.6 574.7 567.1 559.9 552.7 545.6 539.4 534.3 530.4 524.6 521.9 517.2 513.6 511.5 508.2 505 501.7 497.6 493 489.3 486.7 482.6 477.1 472.1 466.8 461.4 456 450.6 446.2 442.2 437.7 433.2 426.8
549.9 554.1 559.8 565.3 570.7 576.2 582.2 587.1 590.8 593.5 594.9 597 596.6 596.6 597.1 598.4 600.4 602.3 603.4 603.9 604.5 605 605.5 607.4 610.4 613.5 616.6 619.6 622.4 626.7 629.4 631 632.6 634.2 632.8 630.6 627.8 624.3 620.5 616.8 612.7 607.2 598.7 590.1 582 573.7 565.6 556.9 550.6 542.8 535.7 528.7 525 521.4 516.6 512.2 510.6 507.6 504.4 501.1 497.9 494.4 490 485.4 482.2 478.6 474.3 469.9 464.9 459.8 454.4 449 445 441.1 436.8 432.5 427.7 422.9
544.5 550.3 556.3 561.7 567.4 572.3 577.1 581.8 585.5 588.2 590.2 592.4 594.5 595.2 596.3 598.3 600.3 602.3 605.9 606.8 607.3 607.9 608.7 611.8 614.8 617.9 621 624 625.9 628.4 630.7 632.4 634 634 631.3 628.5 625.2 621.2 617.9 613.7 608.3 600.3 591.2 582.1 573.3 565.1 557.4 549.9 541.3 533.3 526 519.3 515 511.9 509.4 506.6 503.8 500.8 497.6 494.3 490.8 487.1 482.8 478.8 474.7 470.8 466.9 463 458 452.7 447.4 443.4 439.8 436.4 431.8 427 423.3 418.8
539.7 546.2 552.7 557.6 562.3 567.1 571.8 576.6 580.3 583.3 586.4 588.6 590.8 593 596.1 598.1 600.1 603.1 606.1 608.2 608.6 609.5 611.5 614.3 617.6 620.8 624 626 627.3 629.3 631.2 633 633.2 631.9 629.3 626.5 623.9 619.8 615.3 608.9 602 593.1 584 575.2 566.4 558.9 551.5 541.5 531.9 523.9 517.2 511 505.5 503.5 501.1 499.1 496.9 494 490.7 487.1 483.5 479.8 475.5 471.3 467.9 463.7 459.6 455.6 451.7 446.1 441.9 438.2 434.6 431.2 426.7 420.6 416 412.1
537.6 544.3 550.3 554.6 558.6 562.7 566.7 571.3 575.3 578.8 582.3 585.2 587.4 590.5 594.1 597.7 600.3 602.9 605.5 608 610.1 611.4 613.7 617.1 620 623 625.6 627.1 628.3 630 631.3 631.1 630.4 629.2 627.2 624.6 622.2 617 609.9 603 594.6 586.7 577.9 569.1 560.3 552.3 545 535.5 525.6 517.6 511.3 504.9 499.5 496.4 494 491.7 489.4 487.1 483.5 479.9 476.2 472.6 468.3 464.2 461.3 457.2 453.2 449.5 445.8 442.1 437.7 433.7 429.8 424.5 418 411.3 408.3 406.2
535.4 542.3 547.9 552.5 556.6 560.6 564.5 568 570.7 574.2 577.8 581.3 584.7 588.3 591.9 595.5 598.5 602.2 605 607.7 610.8 612.4 614.3 617.8 620.8 624.1 627 628.4 629.4 629.3 629.1 628.4 627.7 626.4 624.7 621.4 617.8 610.3 602.7 594.9 586.5 578.6 570.7 562.8 554.1 545.6 538.6 529.1 519.6 511.9 505.5 499.7 494.9 489.3 486.9 485 483.1 481.3 476.9 472.7 469 465.3 461.3 458.9 455.9 451.9 449 445.3 441.8 437.5 432.3 426.7 421.1 414.2 409.3 406.5 404 401.9
