public/OST50/NY64.asc
ncols 200
nrows 200
xllcorner 360000
yllcorner 540000
cellsize 50
[rows 70 to 104 of 200, columns 78 to 155 of 200]
532.9 538.5 541.9 547 553.2 557.9 561.3 563.9 566.5 569.6 573.7 578.2 583.1 586.4 589.7 592.7 595.7 600.1 604.4 607.7 610.8 613.4 615 618.5 620.8 624.1 627.3 628.1 627.7 626.6 625.8 625.4 624.8 623.5 621 616.8 611.3 603.2 594.7 586.4 578.3 570.4 562.5 554.6 546.8 539.1 532.2 523 513.9 506.1 500 495.3 490.7 482.4 481.3 479.6 477.2 474.2 469.4 465.5 462.3 458.9 456.2 454.2 451 446.9 442.7 439.5 434.4 428.9 423 417.3 411.6 407.5 405 402.3 399.7 397.5
528.6 531.5 534.6 540.9 546.9 552.1 556.8 560 563.1 566.9 571.3 575.8 580.7 585.3 588.6 591.9 596 600.3 604.6 607.8 610.8 613.9 615.8 619 620.8 624.1 625.5 625.4 624.3 623.1 621.9 620.8 619.4 618.1 614 609 603.7 595.3 586.9 578.7 571.2 564.4 556.7 549 541.1 534.6 525.5 517.2 508.6 502.2 497.2 492.2 485.8 478.9 474.6 471.5 468.1 465.6 462.4 459.5 457.2 453.8 451.4 448.7 445.3 440.1 434.7 429.1 423.2 417.5 412.2 409 403.7 402.6 400.3 397.9 395.4 393.7
516.4 522.1 527.9 534.5 540.7 545.8 550.7 556.3 560.5 564.8 569 573.4 578.4 583.8 588.6 592.3 596.4 600.5 604.8 607.9 610.9 613.9 616.8 619 620.8 622.7 622.8 622.1 621 619.8 617.4 614.9 613.4 610.6 606.1 601.4 595.6 587.1 578.8 571.5 565 558.3 550.6 542.4 534.7 526.5 519.2 511.7 505.3 500.3 495.3 488.4 481.6 473.8 466.7 461.7 460.1 457.6 456.5 454.1 451.5 449 446.5 441.3 434.1 429.4 424.2 418.4 414.6 410.3 406.4 404.1 400.2 397.6 395.4 392.6 390.4 389.2
507.8 515.7 523 529.7 535.8 539.7 544.7 548.2 557.9 562.9 567.1 571.3 577.3 583.1 588.2 592.2 596.6 600.8 604.9 607.9 611 614 617.2 618.9 620.3 620.2 620.2 618.9 617.1 614.3 611.4 609 605.9 603.1 598.6 593.4 586.3 578.5 571.9 565.1 558.9 552.3 542.4 536.6 529.1 521.7 513.4 507.3 502.8 498.5 492.1 483.9 477.2 470.6 463.3 456.4 451.4 452.2 451.2 448.9 444.6 440.1 436.4 430.7 424.1 421.2 418.3 414.8 410.7 406.5 402.5 399.5 396.9 393 389.3 385.6 383.3 378
493.4 507.5 519.4 526 530.4 533.9 536.4 546 553.3 560.7 565.4 570.6 577.1 582.7 587.4 591.7 596.4 600.8 605.3 608.8 612.3 615.2 617.5 618.7 620 618.7 618 616.5 614 610.6 606.9 601.8 597.7 594.5 589.5 583.2 576.2 570.1 564.8 559.4 553 546 535.3 530.2 522.7 515.3 508.4 503.7 499 494.3 487.7 479.5 472.8 466.6 460.4 453.1 448.7 445.7 444.3 439.5 434.9 430.4 426.3 422.6 420 417.4 414.9 411.3 406.9 402.6 398.7 394.9 390.7 386.6 382.4 378.3 374.5 370.6
481.3 494.2 508.9 518.1 522.7 525.7 525.6 543.6 551.8 557.9 563.8 569.8 576.8 581.9 586.6 591.1 595.9 600.6 605.8 610.6 613.2 615.7 617.4 618.9 620.2 618.8 617.1 614.7 612.1 606.7 601.1 595.4 589.5 584.4 579.9 574.8 569.2 565 559.3 553.6 547.3 536.6 530.6 523.2 516.1 509.2 504.6 499.7 495 490.2 483.7 475.7 469.6 463.8 457.6 449.7 442.5 433.2 432 431.1 427.5 423.9 420.8 418.3 416.3 414 411.7 406.6 402.2 397.7 392.5 384.7 380.7 376.2 381.8 382.2 384.3 383.1
488 485.5 498 506.7 511.2 512.6 534.1 542.8 549.4 555.7 562 568.9 575.8 581.1 585.8 590.6 595.5 600.8 606.1 611.3 613.9 616.2 618 619.6 620.1 618.5 616.9 612.5 608.4 601 594.6 588.6 583.3 578 573 568.1 563.7 559.7 554.3 548 539.2 531.9 524.4 516.9 510.2 505.5 500.8 496 491.1 486.2 479.7 472.2 465.9 460.2 452.8 441.1 433.9 427.6 425.3 423.1 421.8 418.2 416.4 414.1 411.6 407.7 405.2 400 394.4 388.9 385.8 390.8 390.1 388.2 388.4 389 387.2 385.4
505.3 494 487.5 494.1 509.9 527 535.8 541.8 548.4 554.7 561.2 567.8 574 579.5 585.7 591.1 596.4 601.7 607 610.7 614.3 616.6 618.8 620.1 619.4 616.9 614.4 609.8 601.7 593.2 585 580.1 575.6 570.9 566.2 562.4 558.3 554.3 549 541.2 533.1 525.4 517.8 511.5 506.6 501.8 497.1 492.2 487.2 481.7 475.8 468.7 462.1 455.8 446.3 436 429.7 425.1 420.6 419.2 415.6 413 410.3 406.3 401.4 397.6 396.1 392.4 397.1 397.9 395.7 393.8 392.9 391.2 392.4 391.1 389.4 387
516.5 508.4 496.4 497.9 513.8 527.8 537.6 542.6 547.3 553.7 560.2 566.6 571.9 578.1 585.7 592.1 597.4 602.6 606.4 610.1 613.8 617 619.3 619.3 618.6 616.9 612.6 606.2 596.5 586.2 578.8 572.9 568.4 564.9 560.5 557.3 553.1 548.9 542.5 534.6 526 518.7 512.7 507.9 503 498.1 493 487.6 482.1 477.3 472.3 465.9 458.4 449 439.7 433.7 426.3 422.7 418.5 413.9 412 407.2 406.8 405.4 404.5 405.2 403.9 404.2 402.6 401 399.1 397.2 395.4 394.6 394 392.4 389.7 386.6
527.4 520.1 508.2 495.6 514.2 527.4 538.4 542.5 546.6 551.2 557.6 564.2 570.5 578.1 585.6 592.7 598.3 602 605.8 609.5 613.2 617 619.8 620.1 619.2 616.7 612 605.9 595.8 586.9 579.2 572 567.1 554.4 552.1 549.5 547.2 543.3 536 528.3 520.2 513.7 508.5 503.6 498.8 494.2 488.2 483.1 478.6 474.2 468.7 461.4 451.6 441.9 434.3 428.5 420.7 417.7 415.2 419.7 419 418.5 415.3 413.9 412.8 411.1 409.6 408.3 406 403.4 401.5 399.8 398.2 396.6 395.3 392.3 389.3 386.3
534.8 526.2 520.6 508.5 501.7 524.8 534.3 541.1 546.9 551.2 557.3 563.9 570.8 578 585.6 592.8 598 601.6 605.3 609 612.7 616.4 620.1 620.6 620.1 616.7 612.4 607.7 602.2 594 585.8 578.4 569.6 560.6 550.5 533.9 539.4 535.3 528.9 522.2 516.1 509.6 504.3 499.4 494.9 489.8 484.6 479.3 474.8 470.3 463.9 454.5 445.1 436.8 428 425.7 427.8 427.1 426.3 425.4 424.5 422.8 419.4 418.3 416.2 413.9 412.7 410.6 408.1 405.4 403.2 401.5 399.9 398.2 395.9 392.6 389.3 385.4
541.1 538.4 532.5 523.4 502.9 518.9 532.4 542.2 549.9 554.8 559.2 566 572.9 579.8 586.4 592.9 598 601.8 605.6 609.4 613.2 617 620.8 620.7 620.2 618 613.5 608.7 603.7 596.1 588.7 580.6 572.1 562.9 552.4 539.6 525.4 526.5 521.6 516.9 511.3 505.1 500.1 495.4 491.4 486.2 481.6 475.9 470.9 465.3 457.1 447.6 438.7 431.9 434.1 434.1 433.7 432.7 431.7 430.8 429.5 426.7 423.8 421.8 419.1 416.9 415.3 412.8 410.1 407.4 404.9 403.2 401.7 400 396.2 392.5 388.3 383.9
544.4 544.2 540.4 533 517.7 513.4 533.6 542.6 550.3 556 560.8 566.8 573.3 579.9 586.4 593.1 598.7 603 606.9 610.7 614.6 618.4 620.5 620.5 619.8 618.3 614.6 609.9 604.8 597.4 590 582.1 574 565 554.7 544.8 534.8 522.3 516.3 507.3 506.1 500.6 495.6 491.4 488.1 483.8 477.5 472.5 466.5 460.2 449.2 440.9 435.8 440.1 440.8 440.5 438.9 437.7 436.6 435.4 433 430.1 427.3 424.6 422 419.8 417.2 414.7 412.1 409.4 406.7 405 403.1 399.8 395.5 391 386.7 382.4
550.4 549.7 547 540.9 529.6 517.5 535.6 545.3 552 556.5 560.6 566.9 573.4 580 586.6 593.4 599.2 603.5 607.8 612.1 615.9 619.7 620.1 620.4 619.6 618.2 615.7 611 606.2 598.8 591.3 583.6 575.5 567.3 557 547.2 538 526.6 519.8 510.6 500.9 494.3 489.7 483.7 483.4 478.3 467.6 461.3 455.5 448.6 445.3 441 447 448.8 448.1 446.6 444.1 442 440.1 438.8 435.7 432.3 429.5 427 424.5 421.6 418.6 416.1 413.6 411 408.3 405.1 402.2 398.3 394.1 389.5 385 380.5
556.2 555.1 552.8 547 539.5 522.9 535.9 545.4 551.7 556.7 560.4 567 573.6 580.1 586.9 593.8 599.7 604 608.3 612.6 616.8 620.3 621.3 621.5 620.3 618.3 616.8 612.3 607.7 600.2 592.9 585.3 577 568.9 559.4 549.9 539.8 526.8 519.6 510.3 503.4 501.1 494.5 487.4 483.8 479.6 475.9 470.9 465 453.9 454.1 456.4 458 457.9 455.1 452.2 449.2 446.3 444.2 440.8 437.8 434.4 431.7 429 426 423 420.1 417.5 415 411.7 407.8 404.4 400.6 396 391.4 386.9 382.8 377.7
560.3 558.6 556.9 554 548.8 537.4 526.7 543.7 550.9 555.9 560.1 567.1 573.7 580.5 587.3 594.1 600.2 604.5 608.8 613 617.5 621.5 622.3 622.5 621.1 619.1 617 613.6 609.2 601.9 594.7 587.1 578.8 570.5 562 551.3 538.2 529.9 520.3 514.9 507.1 500.7 496 490.7 484.2 480 475.3 470.1 468 463.1 463.9 463.8 463.3 461.2 457.9 454.7 451.1 448 445.1 441.9 439.2 436.4 433.4 430.4 427.4 424.5 421.6 418.9 415.1 411.2 407.4 402.8 398.5 393.7 389 384.5 379.5 374.4
563.3 562 560.7 559.3 555 547.4 537.9 539.9 549.6 554.3 558.9 567.3 574 580.8 587.6 594.5 600.7 605 609.3 613.7 618 621.7 623.1 623.3 621.8 619.4 617.2 614.6 610.3 603.7 596.5 589 579.9 571.2 562.2 555.9 545.5 533.5 521.9 514.7 510.2 505.2 497.8 490.9 484.4 477.6 473.5 474.1 472 470.4 468.8 467.3 464.8 462.3 458.8 455.2 451.5 448.5 445 442.4 439.6 436.8 434.3 431.9 428.9 425.9 422.4 418.5 414.7 410.6 405.7 400.9 396.3 391.4 386.6 381.7 375.9 371.1
562.3 563.4 563.9 563.1 560.7 556.2 552.6 549.4 545.1 552.5 559.1 567.5 574.3 581.2 588 594.8 601.2 605.5 609.9 614.4 618.2 621.9 623.7 623.4 621.8 619.4 617.5 615.7 611.4 605.6 598.3 588.4 583.2 576.2 568.4 558 542.8 536.3 531 524.3 516.1 504.7 497.3 492.8 485.6 483.6 480.2 477.9 476 473.6 471.1 469.4 466.4 463.3 459.7 455.1 452 448.3 444.8 442.2 439.7 437 434.3 432 429.7 426 422.1 418.1 413.5 408.7 403.8 399 394 389 384.2 378 372.2 364.3
559.2 561.9 565.5 564.9 564.4 563.8 560.1 556.6 557.8 559.1 558.8 569.4 576.1 582.1 588.3 595.2 601.7 606.1 610.7 614.7 618.4 622.3 624 623.2 621.7 619.5 617.8 616.2 612.5 607.4 600.2 588.4 582.6 577.2 566.7 549.9 549.1 546.4 540 531.3 520.6 513 503.3 494.6 492.3 488.7 484.5 481.8 479 476.4 473.9 471.5 467.9 464.2 459.7 455.5 451.5 447.3 444.6 442 439.6 437.1 434.4 432.1 428.8 425 421.1 416 411.3 406.6 401.8 397 391.9 386.1 380.8 367.4 368.7 363.6
557.1 560.4 564 566.9 568.2 568 565.6 564.4 565.6 568.3 568 569.6 577.5 585.1 591.2 597.2 602.4 607 611.3 615.4 619.4 623.3 624.9 623.3 621.5 619.8 618.2 616.5 613.9 610.1 601.7 588.9 580.9 572.6 571.2 567.5 560.1 551 536.4 533.6 530 518.2 505.9 503.7 500.9 494.9 489.8 486.2 482.2 479.8 477.5 475.1 471.3 467.5 460.6 454.7 450.5 447 444.4 441.9 439.4 436.9 434.2 431.1 427.8 424 418.8 413.7 408.4 404.1 399.7 394.9 389.8 384 378.8 370.5 364.6 372.4
555.1 558.7 562.4 566 569.3 570.8 571.2 572.9 575.9 577.3 575.5 565.8 574.2 585.2 593.5 598.4 603.7 608.3 611.8 615.2 619.4 623.6 625.6 623.8 622.5 622 619 615.9 612.6 604.7 595 594.4 589.2 585.5 579.9 573.6 560 555.7 550.8 541.8 530.1 519.7 517.4 514.7 509.1 501.8 495.4 490.3 485.2 483.1 481.1 479.1 475.6 469.6 462.6 455.4 449.6 446.9 444.2 441.7 439.2 436.1 432.7 429.6 426.5 421.6 416.4 411.3 405.9 401.4 397 392.6 388 382.7 375.3 368 370.6 379
551.8 555.8 559.4 563.5 570 574.2 577.4 581.1 581.8 581.8 581 579.8 575.6 586.4 593.6 599.7 604.9 609.4 612.3 615.1 619.2 623.1 625.5 623.8 622.8 621.1 620 616.8 611.6 610.4 606.6 600.4 594.8 589.2 583.6 578 571.9 564.8 557.6 540 537.6 530.7 528.2 524.8 518 510.4 502.6 495.7 489.8 487 485.5 483.4 478.4 470.8 463 455.3 450.3 447.2 444 441.1 437.9 434.6 431.2 428 424.4 419.2 414.1 408.9 403.7 398.5 394.3 389.5 385.3 381.1 371.3 371.2 379.7 385.5
548.4 552.8 556.7 562.3 568.9 578.4 583.2 584.4 585.1 587 586.5 588 586.7 581.7 590.6 599.3 606.1 609.9 612.8 615.6 619 623.3 625.1 624.5 623.8 621.8 620.9 619 616.4 612 606.4 603.1 598.6 593 587.4 581.7 575.6 570.2 565 556.7 548.5 539.4 535.5 531 524.5 518.2 511.3 504.6 498.9 492.1 490.6 485.3 479 471.1 462.9 455.7 451.6 448.4 445.3 439.4 434.6 433.1 429.6 426.2 422.2 416.8 411.7 406.7 401.5 395.5 391.2 386.2 382.2 378 371.4 378.6 384.6 389.6
543.8 549.6 554.3 561.2 568.2 579.1 586.1 587.1 589 592.2 592 594.3 594.9 593.8 591.5 596.8 604.8 610.1 613.1 616 619.4 624.3 625.5 625.1 624.6 624 623.6 621.1 617.6 612.5 609.2 605.8 601.5 596.8 591.2 585.3 579.9 574.7 569.5 564.3 558.2 550.9 542.8 536.2 529.7 523.5 517.3 511.3 505.5 499 494.4 487.6 479.7 471.4 462.8 457.2 453.2 449.6 445.6 440.6 436.7 432.2 427.6 423.7 418.9 413.9 409 404.2 400.5 395.4 390.3 386 377.5 374.2 374.7 383.2 388.6 393.7
538.9 544.3 551 558.7 567 577.2 587.4 590.2 592.9 596.4 597.5 599.3 599.6 599.3 600.8 602 604.8 610.3 614.2 617.8 620.7 625.1 625.5 625.2 625.3 627 626.7 622.7 618.6 615.2 611.9 608.6 604.2 599.9 595.1 589.7 584.4 579.2 574 568.7 562.9 556.3 549.4 542.1 534.7 528.2 521.1 513.6 508.3 502.6 496.1 488.4 480 471.7 462.9 458.8 454.8 450.8 446.5 442.2 437.8 433 428.3 424.1 419.4 415.6 410.3 404.6 400.3 395 389.1 383 376.5 375.8 384.2 388.4 392.9 397.7
534.3 540.8 547.9 556.6 566.2 575.9 587.3 592.5 596.6 600.3 602.5 603.5 604.1 604.9 607.1 609.3 611.6 613.4 616.2 619.2 622.1 625.8 625.5 625.8 627 629 628 624.5 621.3 618 614.7 611.3 606.9 602.6 598.4 593.9 588.9 583.7 578.4 573.1 567.6 560.9 553.7 546.1 538.2 530.3 522.4 514.8 508.7 502.5 496.5 487.2 478 472 464.5 460.5 456.5 452.2 447.6 443.2 438.6 433.8 429.1 424.4 420.2 415.4 410.3 405.1 400 393.5 387.4 378.9 378.6 384.4 389.6 393.3 397.2 401.5
531.8 538.4 545.5 555.4 565.3 575.2 585.4 593.6 598.8 604.6 607.5 607.8 608.8 610.8 612.8 614 615.7 617.4 618.9 620.6 623.5 625.8 626.3 627.6 629 629.7 628.3 624.4 623.4 620.8 617.5 614 609.7 605.4 601.2 597.1 592.4 587.7 582.8 577.5 572.2 565.5 557.8 549.4 540.6 531.7 523.7 515.1 508.3 501.5 493.9 485.7 476.5 471.5 467.2 462.9 458.2 453.2 448.5 444.1 439.4 434.6 429.9 425.1 420.4 415.3 410.1 404.9 397.5 389.5 380.5 382.1 385.9 390.2 394.8 398.6 402 405.3
529.7 536.1 543.6 553.2 563.1 573.1 584.2 594.5 600.8 606.9 610.6 612.4 615.3 615.8 617.5 618.4 619.5 621.2 622.7 623.8 624.7 626.7 628 629.3 629.6 629 628.2 626.4 624.5 622.3 620.3 616.7 612.5 608.2 604.1 600.4 595.7 591.5 586.8 581.8 576.1 568.7 560 549.7 539.8 531.5 523.3 515.3 508.2 500.8 490.2 482.8 477.2 473.4 469.7 465.3 459.5 454.2 449.5 445 440.2 435.5 430.9 426.6 420 414.8 409.6 403.9 396.2 388.1 383.5 385.7 390 395.5 400 403.3 406 409.3
527.6 533.8 541.7 551 560.9 572 583.1 594 600.9 608 614.1 618.5 622.1 622.2 621.7 623 623.9 625 626.6 627.3 627.5 627.6 628.8 631 633.1 631.7 630.3 628.8 628.2 625.6 622.8 619.2 615 610.7 606.7 603.2 599.5 595.3 590.2 583.6 577.6 570.3 560.1 549.8 539.5 529.5 521 514.3 507.2 499.4 488.2 481.4 478.4 475.4 470.6 465.4 459.4 454.2 450 446.2 441.7 437.1 432.8 429 422.3 414.4 409.2 402.1 395.4 385.8 384.9 389.1 394.7 401.2 404.6 407.3 410 413.9
525.6 532.1 539.8 548.8 559.7 569.9 580 590.6 601 609 616 623.2 627.1 627.1 626.5 626.4 627.8 629.2 630.5 630.2 630 629.7 630.9 633.4 635 633.2 630.9 628.5 627.4 625.5 623 619.2 614.7 610.5 607.1 603.7 600.9 598.2 592.4 585 577.7 569.8 559 547.9 536.7 526.3 518 511.8 505.8 497.3 486.7 481.8 479 474.3 468.9 463.7 459 453.7 450.1 447.5 443.1 438.5 434 430.2 423.9 415.8 408 401 394 389.1 386 396.3 400.8 405.1 408 410.9 415 419.2
524.9 532.3 539.6 546.7 556.3 566 576.1 586.5 597.5 608.5 618.3 628.1 631.3 631.3 631.1 630.7 631.1 632.5 632 632.1 632.3 632.4 634.3 635.5 636 632.8 629.5 627.3 625 623.2 622.2 618.7 614.3 610.5 607.1 603.8 600.4 597.1 592.9 585.1 575.4 565.9 556.4 544.9 533.7 523.4 515.3 509.4 503 495.1 485.3 481.2 476.5 471.8 467.1 461.8 457.4 454 452 450 444.7 439.1 433.9 428.9 422.9 413.8 404.7 397.6 388.6 387.2 393.8 401.1 404.1 408.6 411.9 416.1 420.4 424.5
525 532.4 538.8 545.3 554.5 564.1 573.7 585.2 596.3 607.3 618.4 632 635.5 635.5 635.3 635 634.8 634.2 633.4 633.6 633.8 633.7 635 636.2 635.7 631.6 627.9 624.2 619.5 618.2 616.9 615.2 611.3 607.5 604.1 600.8 596.5 593.3 588.6 580.6 570.4 560.9 552 542 530.8 521.1 512.5 506.1 499.7 492.9 484.4 479.5 474.6 469.7 464.7 460 457.2 455.6 453.9 451.8 446.1 438 434.2 428.7 419.4 410.6 402.2 394.8 388.4 393.2 400.2 404.1 407.7 413.1 417.2 421.5 425.7 429.9
525.2 532 537.5 544.4 552.8 562.2 571.6 583.2 594.7 606.1 617.1 631.9 638.8 639.8 639.7 639.6 639.7 638 636.4 636.6 636.4 635.1 635.9 636.5 634.8 630.2 626.4 622.7 617.8 610.9 611.5 610.7 608.2 604.8 601.1 596.8 592.7 587.4 581 574.6 565.4 555.6 546.5 537.6 527 517.3 509.2 502.8 496.4 489.9 482.7 478.6 473.7 468.9 464 459.5 457.7 456.4 455.1 452.9 446.7 437.2 433.9 425.2 415.8 406.5 398.3 392.4 389.9 400.9 405 408.4 414.2 419 423.1 427.2 431.8 436.2
525.1 530.6 536.5 543.4 551.1 559.7 569.6 581.1 592.6 603.8 616.5 631.6 641.5 644 644.8 645.4 644.2 642.5 641 640.7 638.9 637.4 637.8 637 633.7 629.1 624.8 621.1 616.3 610.7 604.4 606.2 604.3 600.7 596.7 592 586.3 579.9 573.5 566.5 558.1 549.7 540.9 532.4 523.5 513.5 505.9 499.5 493.1 486.7 480.4 476.4 472.5 468.2 463.3 459.6 457.8 456.5 455.2 452.5 445.1 436.1 430.3 422.1 412.7 403.2 396.3 392.5 403.7 406.2 409.9 413.4 420.9 425 428.9 433.3 438 443.4
524.4 529.6 535.7 542.8 549.5 557.8 566.6 577.2 588.2 600.8 615.7 632 643.5 647 649.9 650.2 648.5 646.8 645.1 643.2 641.3 639.7 639 637.8 632.8 628.1 623.5 619.3 613.9 608.2 601.9 597 597.7 593.6 589 583.2 576.8 570.7 564.4 557.6 550.3 542.7 534.6 526.5 518.8 509.7 502.6 496 489.2 483.8 478.1 474.1 470.2 466.2 462.2 459.7 457.8 456.4 454.7 450.1 442.4 433.4 424.3 416.6 408.8 401.3 397.5 404.4 407.8 411.1 415.3 421.1 427.5 431 434.8 440.3 446.6 451.8
