public/OST50/NZ09.asc
ncols 200
nrows 200
xllcorner 400000
yllcorner 590000
cellsize 50
[rows 140 to 174 of 200, columns 78 to 155 of 200]
219.9 218.3 216.5 215.4 215 213.8 212.3 212.8 212.6 210.9 209.2 208 208.8 208.4 209 208.8 209.4 209.7 208.9 207.7 205.4 203.9 202.5 200.3 198.1 195.4 192.7 190.8 189.2 188.8 187.4 185.5 182.9 179.9 178.8 177.8 177 177.1 176.8 175.7 175.5 174.6 173.7 172.2 171.7 171.3 169.9 169.3 168.3 167.1 164.3 160.6 166.3 168.1 164.8 163.7 162.3 160.4 159 158.8 159.3 159.5 159.1 158.2 157.5 156.6 155.1 153.4 147.6 143.1 140.5 139.3 135.2 134.4 133.9 134.4 140.1 141.8
224.9 222.9 221.6 219.8 219.5 217.7 216 215.8 215.8 214.1 212.8 212 212.3 212.9 213.4 213.1 214.1 214.3 213 211.2 208.7 206 203.9 200.5 198.3 195.3 193.2 191.4 191.1 189.9 187 184.8 180.9 179.4 178.1 178 177.6 176.7 175.7 175.1 174.7 175.2 175.8 174.3 173.4 172.6 171.5 170.5 169 167.2 163.5 161.1 165.6 168.7 166.3 164.9 163.9 161.8 159.8 158.4 157.6 155.9 155.2 154 152.3 151.9 150.7 150.7 150.4 152 151.7 149.1 142.4 136.8 134.2 133.7 134 136.1
229.8 228.4 227.2 224.6 221.9 221.1 219.5 219.9 219.5 218.2 217.2 217.7 217.6 217.7 218.1 217.6 218 218.1 216.6 213.8 211 208.1 205.2 202.1 198.4 196.4 194.3 192.5 192.4 189.7 185.7 182.5 180.8 179.5 178.4 178.3 178.7 177.9 176.6 175.5 175 177.1 179.1 177.6 172.6 171.7 171 170.2 168.6 166.5 165 161.3 166.3 168 169.2 167 165.1 163.6 161.3 160.1 158.1 156.4 156.3 155.8 156.1 157.5 158 157.1 158.4 159.1 158.3 157 152 147 142.3 136.1 133.1 133.5
234.8 232.8 231 228.4 225.9 224.6 223.4 223.7 222.7 222.5 220.5 222.9 223.4 223.1 223 222.4 222.3 221.7 219.5 216.5 213.7 210.8 207.9 205.9 201.1 199.2 197.3 195.3 193.7 189.5 188 184.7 183.7 182.6 181.9 181.2 180.6 179.5 179 178 177 180.5 182.4 180.3 174.1 172.8 171.7 170.6 169.3 168.4 165.8 163.3 167.2 166.9 166.8 167.8 165.6 164.1 161.7 160.8 158.5 159.7 159.2 158 157.8 158.9 159.9 160.6 161 161 160.7 160 158.9 158.1 153.8 150.5 147.7 144.8
238.2 236.4 234.3 230.6 229.2 228.2 227.9 227.6 227.1 227.7 227.5 228.3 228.9 228.9 228 226.7 225.7 224.4 222.8 220.4 218.2 215.7 213.4 211.7 206.8 203 200.9 198.3 194.9 191.2 190.2 190.3 189 188 187.3 186.3 184.9 184 183.1 181.7 180.7 183.2 185.3 182.6 176.5 175.4 173.9 172.6 171 168.9 166.4 164.9 166.3 165.8 163.6 163.6 167.3 164.2 162.7 160.8 160.2 161.7 161.1 159.7 159.2 159.8 159.9 159.8 160.1 160.5 160.1 160 159.6 158.9 158.4 158.2 157.7 157.1
241.1 239.1 237.2 234.3 233.3 231.7 231.3 232.7 232 232.3 232.5 233.2 233.7 232.9 232.1 230.5 228.9 226.7 225.7 223.9 223 221.9 219.5 217.7 211.9 208.2 204.4 201.9 198.6 193.4 192.9 194.7 193.9 192.7 192 190.6 189.1 188 185.4 185.4 184.2 185.8 186 183.6 180 177.3 175.4 173.8 171.2 167.8 168.1 166.2 164.9 164 164.7 164.6 162.9 164.1 162.3 162 161 162.1 162.4 161.3 160.5 160.3 159.6 159.2 159.3 159.4 159 158.9 158.6 158.2 157.5 156.3 155.8 155.6
243.9 241.9 239.8 238.2 237.3 237.3 237.2 236.7 236.2 236.6 237.1 237.7 237.9 236.6 235.2 233.4 231.5 229.4 228.7 227.5 227.9 227 225.1 222.7 217.1 212.7 208.7 205 199.1 194.1 194.1 196.1 195.3 194.4 193.3 191.8 190.3 188.8 187.5 185.7 184.3 183.8 183.7 182.8 179.9 176.1 173.7 170.8 170.7 173.2 173.1 171.2 168.3 166 164.6 163.3 163.2 163.9 162.2 162.2 161.5 161.7 163 163.5 162.8 161.6 160.7 160.1 159.5 158.7 158.3 158.3 158.3 158.1 157.6 156.1 153.2 151
246.1 244.7 243.1 241.5 241.8 241.4 241.8 240.8 240.4 241.2 241.6 241.7 241.8 239 237.2 236.7 235.5 233.4 232.2 231.1 232.1 231.2 229 225.4 220.5 216.3 212.1 207.4 201.5 195.9 193.4 194 191.9 190.3 188.6 186.9 186.6 184 183.5 182.1 180.6 180.6 179.2 179.8 177.5 174.5 174.6 175.2 176.5 177 176.3 174.3 172.2 169.5 167 164.4 163.7 162.6 162.4 162.4 162.9 163 164 164.5 164 162.9 161.6 160.6 159.6 159.1 158.9 157.7 158.3 157.3 157.3 156.5 154.3 152.4
248.2 248.7 247.8 246.2 245.8 245.3 245.2 244.5 244.7 245.2 245.6 245.4 244 242.2 240 238.6 239.6 237.7 237.2 234.8 234.6 233 229.6 225.9 221.7 218.7 214.6 210.3 205.7 200.1 195.3 193.3 190.7 187.3 186.1 184.7 183.7 182.8 180.8 179.4 180.9 181.5 179.6 179.5 179.6 180.8 180.5 179.3 179.3 177.9 176.1 174.1 172.8 171.4 168.5 165.9 165.7 164.2 162.7 162.6 167.9 168.3 168.1 164.7 162.7 161 159.2 158.6 158 158.2 158 157.1 157.5 156.8 156.5 155.9 155.5 155.4
253.6 252.5 250.9 250.1 249.6 248.1 248 248.2 248.7 249.3 248.8 249 247.2 246 244.3 242.6 243.7 242.8 240.5 237.6 236.2 232.7 228.6 225 222.9 220.3 216.8 212.8 208.3 202.6 198.5 194.8 191.8 192.4 190.3 190.3 188.3 187.7 185.8 184.7 185.5 185.9 185.5 184.7 184.9 184.6 183.9 182.7 181.3 179.8 177.7 175.3 173.2 170.9 170.8 169.1 168.1 167 166.4 163.4 163.8 167.3 167 162.5 159.3 157.1 155.8 155.2 155.2 155.5 154.4 153.4 156.4 155.6 154.9 154.9 153.8 153.4
256.9 255.6 254.5 253.9 252.2 251.2 251.3 252.1 252.3 252.8 253 252.9 251 251.5 250.7 248.9 249.2 244.5 240.7 237.4 235.3 232.1 228.8 225.4 222.9 220.4 217.4 213.5 209 203.9 199.7 197.2 196.6 195.2 192.8 193.4 191.6 191.4 190 189.5 189.6 189.4 188.5 188.1 187.8 187.9 186.4 185.3 184.6 183 180.6 177.8 175.7 173.3 171.8 171.8 170.5 168.1 167.2 165.8 162.8 162.1 161.3 159.7 157.4 155 153.8 152.8 152.4 151.6 150.5 149.4 151.6 150.9 150.8 153.4 150.2 148.8
260.3 259.1 257 255.9 254.9 254.2 255.3 256.1 256.6 256.6 256.6 255.4 255.1 258.8 257.8 252.6 245.5 240.8 239.4 237 234.2 231.9 229 225.8 223.7 221 217.2 212.9 210.1 203.6 202.5 200.5 198.8 197.4 196.1 196 194.7 194.3 193 192.6 192.7 192.2 191.5 191.3 191.1 190.9 189.7 189 187.9 186.7 184.6 181.8 179.6 177 174.3 172.4 171.1 169.2 168 166.6 164.9 163.2 161.9 160.7 158.8 159.2 157 154.6 152.7 151.4 149.8 147.5 146.5 146.6 146.9 147.8 147.4 146.8
262.8 260.6 259.3 258.9 257.5 258.3 259.3 259.9 260.3 260.3 259.5 258.5 258.6 261.1 256.8 250.6 244.6 241.7 240.5 238.2 235.5 232.7 229.6 226.7 224.6 221.1 218 214.4 209.7 208.6 205.8 203.2 201.2 199.3 199.4 198.2 197.2 196.5 195.7 195.5 195.4 195 194.5 194.3 194.3 194.1 193.5 192.7 191.8 190.3 188.3 185.9 183.3 180.2 176.3 173.7 171.7 170.7 169.9 167.9 166 164.2 163.3 162.6 163.6 163.6 161.6 160.3 156.9 152.7 151 149 148.2 147.3 145.2 144.5 145.7 145.4
263.8 260.6 261.5 261.1 260.9 262 262.9 263 263.6 263.2 262.7 261.5 261.1 257.4 254.3 250.8 248.3 246 242.8 239.2 236 233 230.2 227.6 225.1 222 218.8 216.6 214.7 212.6 209.4 206.1 204.1 202.6 202.1 200.2 199.3 198.9 198.6 198.2 198.2 197.8 198 198.4 198.3 197.5 196.9 195.9 194.2 191.1 190.7 188.5 185.8 182.3 178.9 176.1 173.4 171.7 171 169.1 166.9 164.8 163.5 163.2 163.5 163.3 162.6 162.8 160.4 155.7 153.5 152.2 151 149.5 147.7 146.7 143 143.1
264 262.1 263.1 263.8 264 264.9 265.4 265.6 266.7 265.8 266.1 264.8 260.6 257.3 256.8 255.8 254.6 251.6 245.8 240.7 237.6 233.7 231.6 229.2 226.6 223.8 221.4 219.8 217.9 215.4 212.3 209 206.5 205.2 204.4 202.6 201.9 201.9 201.5 200.7 201.1 201.1 201.9 202.2 202 201.3 200.4 199.1 196.8 194.4 191.6 189.1 186.2 183.3 180.9 178.2 175.2 174.6 173.6 170.8 168.3 165.8 162.9 161.3 161.2 161 160.1 158.5 157 155.6 154.9 153.1 151.1 149.1 148 147 143.2 140.4
263.8 263.6 265.8 267.2 266.8 267.2 267.2 267.8 268.2 268 268.5 266.3 262.8 261 263.4 262.7 260 254.7 248.8 243.2 239.9 236.9 234.2 231.3 229 227.2 224.9 223.1 220.4 217.9 215.2 211.6 209.4 208.3 206.9 205.2 204.6 204.7 204.2 204.1 204.7 205.2 205.8 205.9 206.2 205.6 204.1 201.2 197.6 194.6 191.4 189 186.6 183.9 182 179.2 176.4 175.6 173.7 172.4 170.1 167 163.7 161 159.3 157.8 156.7 155.3 154.6 153.4 152.2 151.2 149.7 147.7 146 144.9 143.1 140.4
263.6 265.9 268.4 268.8 268.5 268.8 268.8 268.9 268.9 269.4 269.3 267.2 265.5 265 264 261.5 258.2 253.9 248.4 244.8 241.1 239.1 236.6 234.4 232.8 230.2 228.3 225.6 222.9 220 216.9 214.6 212.7 211.2 209.4 207.9 207.8 207.9 207.5 208.2 208.3 208.8 209.5 209.2 208.9 207.3 204.7 201 197.9 195 192 189 186 183.7 181.7 178.7 177.7 175.6 174.4 173.3 170.8 167.6 164.1 161.6 160 158.7 157.7 156 153.7 151.5 150.4 149 147.9 146.3 144.3 142.4 141.1 138.9
265 268.2 270 270.2 269.8 270.6 270 269.3 268.5 268.7 267.5 265.6 264 262.7 261.9 259.7 256 252.3 248.4 245 243.4 241.8 239.6 237.4 236 233.8 231.2 228.3 226 223.5 220.6 218.3 216.5 214.5 212.9 212.2 211.6 211.5 211.3 211.4 211.3 212.1 211.9 210.5 208.9 206.9 203.8 200.7 197.7 194.4 192.2 187.7 185.2 183.3 181.4 177.8 176.4 173 174 173.7 170.6 166.8 164.9 164.4 163.1 160.4 158.6 156.7 154.7 152.6 151.1 149.1 147.7 145.3 142.9 140.7 139.5 137.5
266 269.9 271.1 271.3 271.8 271.9 270.9 269.3 267.2 266.7 264.8 262.8 261.4 260.3 259.3 256.6 254.2 251.8 248.8 246.8 245.7 244.2 241 240 239.1 237.1 234.2 230.8 229.5 227.3 224.7 222.8 221.4 218.4 217.1 215.8 215.2 214.7 214.3 214.3 213.6 213.4 211.9 210.3 208.5 206 203.3 200.3 196.7 193.4 191.1 186.7 184.9 183.3 180.5 178.2 175 173.9 173.3 173.2 171.5 167.4 165.9 167.4 165.9 163.3 161.5 158.6 156.2 153.4 151.6 149.7 147.7 145.3 144 142.7 139.5 137.3
267.4 270.7 271.9 272.7 273.5 273.1 270.8 267.8 265.5 263.6 261.9 260.2 258.9 258.2 257.5 255 253.2 251.5 249.7 248.3 246.7 244.4 244.9 243.7 241.9 239.8 237.1 234.4 232.7 230.8 228.2 226.2 224.8 222 220.2 218.7 218.3 217.7 216.8 215.7 214 213.7 211.8 209.7 207.4 204.9 201.9 198.4 195 192.3 188.9 186.3 184.3 183.6 182.4 179.5 176.6 172.6 173 171.3 171.4 168 166.9 167.8 167.1 165 161.6 159.1 156.3 153.2 150.8 149.3 147.6 146.9 148 147.6 140.2 137.3
269.1 270.9 272.3 273.6 273 271.9 269.2 266.3 264.2 262.1 260.9 259.3 258.1 256.8 255.9 254.2 253 251.3 250.3 248.6 247.4 247.6 247.3 246.1 244.3 242.8 240.3 237.7 235.8 234 232 229.6 227.1 224.7 222.7 221.1 219.9 219 217.4 215.6 213 212.3 210.5 208 205.8 203.2 200.1 196.4 193.4 190.9 188.6 186.3 184.2 184 183.4 180.6 176.8 175 173.5 171.8 169.6 167.4 167 166.7 165.2 162.5 160.2 158 155.9 152.8 150.5 148.9 147.8 145.6 144 142.4 138.8 137.6
270 270.8 272.4 273.9 272.3 270.7 268.2 265.3 263.7 262.2 260.8 259.6 258.5 257.2 255.4 253.2 251.9 250.9 249.9 249.5 249.3 249.3 249 248.2 246.6 244.6 242.7 240.9 238.8 236.6 233.9 231 228.5 225.2 223.4 221.7 220 217.8 215.2 213.8 211.6 210.7 208.3 205.6 203.4 200.6 197.6 195 192.4 190 187.6 185.9 184.1 184.3 183.6 181.1 177.7 176.2 174.2 172 169.8 165.2 163.9 163.1 161.9 160.4 159 156.8 154.7 153.8 152.6 150.3 148.7 148.1 145.9 143.5 142 140.3
269.1 270 273.5 274.1 271.3 268.5 266.2 264.6 264 262.5 261.6 260 258.4 256.3 253.9 252.4 251.7 251.1 250.6 250.5 250.6 250.1 249.3 249.2 247.2 245.1 243.7 241.7 239.1 236.5 234.1 232 229 225.8 223.2 220.9 217.7 215.1 213.3 211.8 209.6 208.6 205.9 203.3 200.7 198.1 195.2 193.4 191.6 189.2 186.7 185.1 183.9 183.7 182.6 180.3 178.4 178.3 175.5 170.7 168.4 166.6 163.2 161.4 160.5 159.1 158.5 158 157.5 156.9 154.6 152.3 151.6 149.4 148.4 147.2 145.3 144.4
268 267.7 270.1 272.7 269.7 267.6 265.6 265.1 265 262.4 261.1 258.7 256.4 254.8 253.2 251.7 251.1 250.9 250.5 250.7 250.2 249.5 248.3 248.4 246.5 244.3 242.1 240.2 238.1 235.9 234 231.4 228.3 225.1 221.8 218.6 215.6 213.2 211.3 209.8 207.9 205.9 203.5 200.9 198.2 196.1 194.6 192.4 190.3 188.9 186.3 184.8 183.5 182.5 181 180.4 180.8 178.6 174.3 170.8 168.3 168 164.8 162.2 161.1 160.8 160.4 160 159 158.2 157.1 155.1 153.3 152.3 151.1 149.9 148.8 147.3
266.5 264.5 266.6 267 266.7 265 264.7 265.9 265.5 262.4 260.1 257.7 255.8 254.2 252.8 251.1 250.2 250.2 249.9 248.9 248.8 248.1 247 246.4 244.8 242.3 240.1 238.3 235.4 233.8 232.3 229.5 226.6 223.4 219.7 216.6 214 211.4 209.2 207.8 206.5 204.6 202 199.2 197.5 195.3 194.4 191.6 189.9 188.3 186.7 185.3 182.5 181.9 181.9 181.3 180.3 177.7 172.8 172 170.7 169.3 167.3 164.6 163.6 162.9 162.4 161.9 160 159.2 158.4 157.1 154.9 153.5 152.4 151.1 150.1 148.4
263.3 261.8 260.9 262.7 263.1 262.6 263.9 266.2 265.5 262.9 259.5 257.2 255.3 253.8 252.2 249.5 248.5 247.8 247.3 247.1 247.7 248.1 245.5 244.1 242.8 241 238.2 236.4 234.1 232.3 229.8 227 223.8 220.7 217.8 215.1 212.6 209.9 207.7 206.3 205.1 203.2 200.8 198.1 197.3 196.1 194.5 191.2 189.7 187.7 185.3 183.8 182.5 181.4 180.6 178.9 177.7 174.7 174.6 174.2 172.1 170.4 169.8 167.7 165.7 165 164.4 162.6 161.4 160 158.9 158 155.8 154.1 152.5 150.8 150 149.1
259.2 259.3 256.5 258.7 260.2 260.6 262.5 265.7 265.2 262.1 259.3 256.4 254.2 253.2 249.3 247.2 246.3 245.6 245.8 246.7 246.7 245.3 243.8 242.8 241 238.3 236.7 234.5 232.3 230.1 227.3 224.3 221.3 218.8 216.2 213.5 211.2 208.1 206.2 205.2 203.9 201.8 199.3 198.9 196.8 196.2 194.1 191.7 189.6 187.8 185.1 183.6 181.7 179.1 178 177.1 175.5 173.8 175.8 174.8 173.6 172.6 171.4 169.1 167.6 167 166.5 163.2 163.2 161.2 159.3 157.8 156.2 154.5 152.2 151 149.6 147.7
256.2 256.4 253.9 255.8 257 259 261.2 263.8 263.6 260.6 258 255.4 252.8 250.4 247.1 245.7 244.9 244.2 244.1 244.8 244.4 243.9 242.3 240.6 238.6 236.7 234.4 231.9 229.6 227.3 224.6 221.6 219.2 216.9 214.1 211.7 209.2 206.5 204.3 202.9 202.1 200.4 199.7 196.2 195.4 194.5 192.8 190.1 187 184.4 183.3 181.7 180 177.9 176.9 176.1 174.7 175.7 176.1 175.5 174.7 172.9 171.8 170.5 168.7 168.9 167.8 164.7 165 162.5 160.3 158.3 156.6 155.1 153.6 151.3 149.4 145.5
254.1 253.7 251.9 252.9 255.2 257.1 259.4 261.6 262.3 260 258 254.6 251.5 248.7 246.8 245.3 244.5 243.6 242.6 243.7 242.7 240.9 239.1 237.1 235.4 233.1 231.4 229 227.2 225.1 222.8 220.4 218 215.1 212.5 209.8 206.7 204.5 202.3 201.1 199.8 200 197 192.9 191.5 191.2 189.5 186.6 183.2 181.5 181.3 179.9 178.2 177.6 177.2 175.8 175.8 176 175.6 175.1 174.4 173.5 172.3 171.3 170.4 169.6 167 167.8 167.2 163.8 161.4 159.6 157.9 157.3 155.4 152.7 149.2 144.9
251.4 251.4 250.3 250.2 253.3 255.8 257.9 260 261.1 259.8 257.5 254.6 251.2 248.6 247 246.6 245.7 244.9 242 239.6 238.9 237 234.8 232.8 231.1 229.4 228.2 227 225.8 224.4 222.8 220.4 217.5 214 211.3 208.2 205.3 202.5 200.5 199.4 199.8 197.5 192.9 189.2 187.9 187.5 185.5 183.2 180.7 179.4 179 178.2 178.1 177.3 176.4 175.8 175.2 174.9 174.7 174.2 173.9 173.1 172.7 171.9 171.1 168.3 168.1 169.7 168 165.7 161.6 160.1 159 158.2 155.7 152.7 148.6 145.9
248.9 248.8 248.7 249 250.8 253.6 256.3 258.3 260.2 259.8 258.2 253.9 251.9 250.7 250.9 248.7 246 242 238.2 233.9 233.8 232.1 230.1 228.7 227.7 226.7 226.1 225.7 225.2 223.8 221.3 219.1 216.1 213 210.2 207.4 203.5 201 199 196.9 197.7 194 190.6 187.5 180.1 180.9 178.9 176.2 176 177 178.4 178.2 177.6 176.8 176.1 174.8 174.2 173.3 172.8 172.7 172.5 172.1 172.2 172.2 170.5 168.2 169.9 169.1 168 165.5 161.2 160.5 159 157.3 154.9 152.4 149.9 148.5
244.7 244.1 243.5 244.6 248.6 250.9 253.7 256.4 258.8 259.3 258.1 257.2 256.1 256.3 251.1 246.2 240.7 236.1 232.7 229.7 228.8 227.8 226.6 225.9 225.7 225.5 224.3 223.4 222.8 221.4 219.1 217 214.6 212.2 210.2 206.6 201.8 199 197.5 194.7 192.6 191.1 188.8 188.5 184.1 169.8 159.6 161.3 164.2 165.1 174.2 177.1 176.4 175.4 174.9 173.7 173.7 172.6 171.8 171.3 172 171.4 170.9 171 169 168.3 168.5 167 165.4 161.6 160.7 158.8 157.5 156 154.4 152.4 150.9 149.4
238.2 238.5 239.2 242.3 246.2 248.6 250.7 253.6 257 259 260.8 260.5 257.7 252.4 246.3 240.6 234.7 230.3 228 226.4 225.6 224.9 224.6 224.6 224.4 224.4 223.6 222.7 220.5 217.4 215.8 214 212 210 208.2 203.5 199.8 198.1 197.2 198.9 197.2 195.1 190.9 187.8 179.8 164.2 159.4 158.2 155.4 154.9 159.4 166.6 174.7 174.1 173.6 173.1 173.3 173 171.6 170.4 170.5 169.8 168.4 168.5 167.1 166.6 164.8 163.2 160.5 159.1 157.5 156.2 155.8 154.9 153.3 151.6 149.3 147.5
232.6 233.5 234.2 239.7 242.9 245.3 247.8 250.8 253.6 257.6 260.6 257.9 252.6 247.2 241 235.7 229.7 226.6 223.5 223 222.9 223 223.3 223.3 223 222.1 221.3 219.9 218.1 215.5 212.7 210.5 209.9 207.7 204.3 201.7 199.6 198.5 198.9 199.4 199.2 196.3 188.9 182.2 174.4 164.2 161 168.6 168.1 155.3 153.6 155.8 162.4 170.4 173.3 173.3 173.5 172.6 171.3 169.8 166 165.3 165 164.3 163.8 162.8 160.8 159.2 158.1 156.9 154.9 154.6 154.5 153.4 152.3 149.6 147.6 146.3
229.4 230.6 231.5 236.2 239.3 241.5 243.8 246.7 249.3 253.3 255.8 253 247.3 241.5 236.4 230.2 226.9 223.1 221.3 221 221.1 221.8 222 221.2 220.9 220 218.8 217.1 215 212.7 209.9 208.4 206.9 206 204.8 202.1 199.3 198.4 198.5 198.7 198 191.5 180.4 170 161.8 161.1 168.1 176.5 179.2 169.4 159.2 154.2 152.1 154.1 164.6 171.6 172 170.5 167.7 161.7 156.5 155.9 156.4 156.2 156.7 156.6 157.6 157.4 156.2 153.9 152.1 152 151.9 150.9 149.7 147.5 146.1 145.6
