public/OST50/NZ09.asc
ncols 200
nrows 200
xllcorner 400000
yllcorner 590000
cellsize 50
[rows 35 to 69 of 200, columns 0 to 77 of 200]
412.2 412.2 410.4 410 410.9 411 414.8 419.4 430.6 440 439.1 437.1 436.6 436.4 434.7 430.6 429.9 425.5 422.8 420.6 419.2 420.5 420.8 420.6 420 418.8 416.7 414.3 411.3 406.4 400.3 393.4 387.1 380.1 372.6 362.5 356.4 350.8 346.4 341.7 342 341.5 336 339.2 344.1 350.7 357.2 360 366.6 370.3 375.4 380.2 382.7 383.1 381.1 377.8 373.9 371.9 369.8 368 367.2 366.2 365.6 367.7 370.4 375.1 378 378.1 378.3 378.7 378.8 377.3 372.9 368.5 362.5 350.5 334.6 325.2
406.7 404.2 403.6 405 405.8 405.7 409.4 414.7 430.1 433.1 432 431.2 433.7 434.3 433.2 428.7 426.4 423.1 421.3 419.2 417.2 416.4 418.2 418.4 417.7 415.8 412.4 410.6 407 403 398.2 392.1 384 376.5 368.3 360 354.3 349.4 344.8 341 342.1 340.8 332.8 332.3 336.8 343.2 350.4 355.1 358.6 361.5 368.4 372.7 374.9 375.5 373.3 371 368.6 367.2 365.9 364.1 362.6 361.7 362.4 363.9 366.7 369.9 374 374.8 374.3 375.1 373.7 371 365.3 361.7 354.2 342.6 329.4 322.2
395.8 396.4 398 401.8 402.1 402.5 405.8 411.8 418.1 422.1 424.4 425.4 430.6 431.5 430.3 427 424.7 422 419.9 418.5 417.1 415.9 415.5 416.6 418 418 413.9 407.5 400.4 397.2 393.9 389.8 383.1 373.9 365.4 358.3 353.6 348.3 342.7 339.7 340.8 336.9 330.2 329.8 330.7 336.2 344.7 356.9 354.9 355.7 361.9 367.9 369.3 368.8 365 362.8 361.8 361 360.5 358.9 358.4 357.3 357.7 360.1 363.2 365 365.4 369.1 368.7 368.7 369.6 366.7 362.8 357.2 348.7 339 327.8 323
387.2 391.4 394.8 398.5 400.3 399.8 403.8 407.4 411.4 413.8 416.1 418.3 425.3 427.8 426.8 424.7 422.3 420.2 418.9 417.8 416.7 415.4 413.8 414.5 418 418.2 415.2 408.6 403.7 398.3 390.9 384.2 379.8 372.4 363.4 357.3 351.7 344.3 340.4 338 336.4 333.3 329.3 326.8 326.6 328.5 333.8 343.1 348.5 348.2 351.7 359.9 362.2 359.9 358 356.5 354.4 355.2 355.3 354.8 354.2 353.1 354.5 357.7 361.4 363.3 364.4 364.3 364.6 365.3 365 364.4 358.6 352.5 347.8 336.2 328.4 323.3
383.4 385 390.5 394.1 397.4 397.1 403.5 407.5 408.7 408.2 411.1 414.5 420.6 423.2 422.9 421.4 420.2 418.7 417.2 416.4 415.3 414.1 411.1 413.6 417.2 418.2 414.8 408.6 405.9 401.9 394.6 386.1 377.7 369.8 362.7 356.1 348.6 342.6 342.2 340 336.5 333.5 328.4 325.3 324 324.4 327.6 331.2 335.3 339.2 342.4 349.1 351.5 348.7 346.9 346.9 349.8 347.9 349.4 349.7 348.3 349 351.9 355.2 358.4 359.8 360.6 361.1 361.3 360.2 360.4 359 354.7 349.1 341.6 333 325.4 319.4
385.5 379.2 387.6 390.8 392.5 395.1 398.9 401.9 401 401.8 406 409.8 416.9 419.9 420 418.7 417 414.9 413.8 415 413.1 413 411.8 412.9 415.5 414.9 411.4 409.2 406.5 401.7 393.8 383.3 373.1 365.3 357.5 352.9 344.9 343.2 342.9 340.5 337.4 333.4 329.1 325.5 322 321.3 322.5 325.1 328.4 330.2 334.9 336.5 341 339.8 335.6 337.9 342.6 340.7 342.5 343.5 343.9 347 349.7 352.5 353.3 354.2 355.5 355.6 355.4 354.9 355.2 354.8 350.9 346.2 338 329.1 323.5 316.1
386.6 377.9 382.8 386.8 385.5 388.3 391.7 392.1 394.2 397.4 400.5 402.8 408.7 415.1 415.8 414.6 412 410.7 409.5 409.5 410 410.6 410.7 410.5 411.6 409.7 403.7 407.2 404.2 399.1 390.6 376.6 366.6 360.3 356.1 350.8 344.6 342.2 339.5 337.5 335.6 333 329.7 327.2 325.2 324.5 320.4 320.3 324.3 326.9 326.7 326.7 327 330 327.6 329 331.7 332.9 336.3 337.7 339.7 344.8 347.1 348.2 347.4 348.8 349.2 349.8 350.3 349.6 349 348.3 347.4 342.4 334.5 326.4 321.2 312.7
383.9 375.4 372.4 376.7 382.4 381.1 385.2 386.8 388.3 392.1 395.1 396.3 397.6 402.2 396.4 399.2 403.9 405.1 404.2 404.4 406 407.5 408.1 407.6 407.7 404.3 402.8 404.7 401.3 395.2 385.7 373.6 365.3 359.5 353.9 349.7 343.6 338.2 336.4 334.7 332.6 331.6 330.2 327.4 327.3 325 322.4 318.3 318.4 324.3 321.9 320.5 320 320.7 321.2 321 323 324 327.8 326.5 333.3 334.5 340 341.8 340.2 341.2 340.6 340.6 341.9 340.5 340.4 338.6 334.4 330.2 324.9 320.3 313.5 309.5
378.5 372.1 365.7 369 372.7 373.8 377.2 380.1 381.6 383.7 388.2 389.4 391.7 394.6 396.4 405.2 402.3 397.1 398.2 400.1 402.6 404.5 404.7 405.2 403.4 400.5 399.9 401.9 398.8 392.4 379.7 371.2 363.6 357.4 352.8 347.2 340.5 337.5 336.5 334.5 332.5 331.3 330.3 329.4 328.6 326.6 325.6 323.5 314.7 317.6 319.1 317.3 317.7 317.2 315.2 313.6 312.2 316 315.6 318 320.4 324.5 326 329.9 330.9 330.4 331.3 331.5 330.4 328.6 326.6 325.9 324.5 321.9 316.5 311.7 308.4 306.9
372.9 365.5 361.6 364.7 365.5 365.5 369 372.3 375.8 379.9 383 384.8 385.2 391 393.3 391.4 388.1 387.4 388.3 394.2 396.7 398.4 398.3 398.1 396 393.4 393.8 397.8 395.4 389.3 377.4 370.7 363.3 356.6 350.5 346.5 341.7 338.1 336.8 335.3 334.2 333.7 333.3 331.5 331.4 331.9 330.3 327.6 322.1 312.4 311 313.8 317.1 317.9 314.6 312.1 308.9 305.2 304.5 304.1 306.5 310.3 311.8 312.5 312.1 312.3 312.4 313.2 311.4 309.8 313.4 311.1 313.3 311.8 309 305.6 304.5 301.4
363.7 360.3 355.9 363.1 362.1 360 361.3 365.4 370.6 374.1 379.1 380.1 380 380 379.8 379.1 375.9 372.7 374.1 381.1 385.7 387.6 387.8 387.8 386.3 379.7 390.4 393.4 391.2 385.8 377.7 371.3 363.4 356.2 351.6 351.3 348.9 344.6 341.2 339.1 337.7 338.2 338.1 338 333.2 338.8 336.5 332.6 327.3 321 315.2 306.4 315.3 316.7 311.9 307.4 302.9 297.2 299.1 301.6 303 305.1 308.9 310.7 309 304.2 302.6 296.9 296.1 296.4 297.8 300.5 296 298.1 297.5 298.5 296.8 299.5
355 354.8 351.9 359.1 359.7 355 353.1 356 361.8 365.4 369 370.9 373.3 372.8 371.4 368.4 365 358.7 358.8 363.2 365.1 367.1 371.1 375.1 376.1 382.5 388.9 389.1 386.1 382.6 377.8 370.8 363.9 359.5 359.7 359.2 356.3 352.9 349.2 346.7 345.3 344.8 343.7 333.6 329.9 342.2 338.6 334.5 326.1 320.1 314.3 302.9 308.9 308 307.1 303.1 294.9 292.2 303.8 308.5 306.6 306.3 310 310.4 308.5 301.9 298.4 295.8 293.4 292.1 294.1 294.5 289.7 287.7 288.3 290 290.7 298.6
347.8 349 347.8 351.6 351.4 350.4 346.5 344.4 349.6 354.3 355.8 356.9 360.2 363.8 361.2 357.1 354.1 346.7 345.3 349.6 354.9 356.9 362.3 369.5 379.2 387 388.3 386.9 385.2 381.8 377.9 372.4 370.2 369.7 368.3 365.1 360.8 355.3 351.9 349.5 348.4 346.8 342.6 324.1 340.7 338.5 334.7 329.2 323.1 316.6 312.3 308.5 298.4 299 300.5 299.6 286.8 294.3 300 303.1 305.2 306.6 308.4 309 307.2 301 295.7 293.8 293 291.3 291 289.7 286.4 281.8 281.7 284 286 290.5
342.6 343.1 343.9 347 344.6 341.5 338.4 335.7 336.1 338.8 343.7 345.4 347.4 348.4 346.3 341.7 339.3 338.9 342.5 346.7 350.8 353.4 364.4 374.1 382.1 387.5 388.4 386.9 384.7 382 379.7 378.6 379.5 376.1 371.9 365.5 357.7 353.5 349.1 347.6 346.1 342.7 338.8 317 333.5 333.3 329.5 324.9 320.8 314.9 310.3 308.2 305.7 303.2 295.6 286.3 283.6 287.8 295.1 300.4 302.8 303.7 304.7 304.6 304 300 295.9 293.9 292.5 291.3 287 286.1 283.3 280.7 279.1 279 281.6 283.3
338 340.3 340.9 341.7 338.2 334.7 330.9 330.4 330.3 332.7 336.9 340 340.8 340.9 338.9 335 334.9 337.6 341 344.9 347.8 352.7 365 374.6 383.5 386.7 388.3 387 384.7 382.6 381.7 383 381.8 378.5 371.4 361.1 349.5 343.7 339.4 341.9 338.8 335.4 330.9 322 318.3 325 323 319.7 314.1 310.5 306.7 304.8 304.1 305.9 300.8 296.3 286.4 284.4 294.1 296.9 298.8 299.3 300.6 300.7 299.8 296.6 294.4 293.4 291.5 289.4 286.4 285.2 283 280.7 279.6 276.5 278.6 279.4
339.5 343.5 343.6 338.3 333.5 330.8 329.3 328.5 328.2 329.9 332.8 337.1 337.4 335.3 334.3 332.8 333.1 336.8 341.2 345.8 348.7 354.1 363.1 371.6 378.3 382.6 385.1 386 384.5 382.9 380.9 379.6 379.9 373.9 362.1 349.8 344.2 341.7 336.6 332.6 327.5 322.6 317.8 314.8 306.4 309.6 311.9 311.2 307.9 305.6 303.2 301.3 299.4 296.4 295.8 293 282.2 280.5 289.7 292.4 294.7 295.1 296 296.9 297.7 294.9 293.3 291.9 289.6 288 286 283.8 283.6 282.4 281.2 274.8 279.7 278.9
340.7 344.5 345.3 342.1 337.4 333 327 327.3 327.2 328.5 332.1 332.5 333 331.9 329.6 328.2 331.2 337.4 342.1 345.4 346.3 352.8 358.1 364.5 371.1 376.5 380.1 381.2 381.6 380.2 376.6 374.3 371.4 367.9 355 344.8 340.5 337.2 333.4 330.1 324.4 319.7 314.1 309.6 306 301.7 303.7 304.4 302.8 300.4 298.1 297 296 293.2 292.2 289.9 281.3 279.4 287.1 288.3 291.9 292.2 293.1 294.1 295.3 293.4 291.7 290.1 288.2 286.3 284.3 282.6 281 278.9 277.6 272.1 275.2 274.8
339.2 342.5 344.9 343.2 339.6 334.7 330.1 324.5 325 327 330.2 329.9 328 327.9 326 326.9 331.6 338.6 343.7 345 343.4 346.9 349.6 352.6 358.9 366.8 371.8 374.1 373.4 373.2 373.6 372.6 370.3 364.7 348.9 339.5 334.6 331.7 328.9 326.7 323.8 319.5 317 311.8 306 303 299.3 296.9 294.6 292.7 291 289.5 291.8 291.1 289.9 287.5 285.1 276.1 277.9 285.2 289.3 288.9 290.1 291.3 292 291 289.6 287.8 285.7 283.7 281.3 279.3 277.3 275.3 274.2 270.3 271.8 270.6
336.2 339.4 341.9 342.5 340.5 335.7 329.6 324.4 323.2 327.6 330.5 327.1 324.8 323.4 322.7 327.4 331.6 336.9 344.6 342.4 338.9 340.1 343.1 345.8 349.4 356.4 362.7 367.6 370.1 370.6 371.4 369.9 366.6 359.5 342.5 334.2 331.6 328.9 327 324.1 322 319.5 315.6 311.8 308.3 304.9 302.8 300.3 295.1 297.3 296.5 292.6 285.8 283.1 282 279.4 277 277.3 271.6 276.9 280.1 282.1 283.2 284.2 284.6 284.9 284.2 283.3 282.2 280.2 278.1 276 274 272.3 271.7 268.2 268.9 267.5
330 334.5 339.4 341.2 341.3 334.1 325.6 321.9 321.7 324.4 325.5 324.1 321.3 318.4 321.6 327.3 331.6 334.6 337.7 335.8 334.5 336.1 340.1 344 347.5 351 356.9 363.4 366.8 367.3 367.2 366 361.7 352 337.4 333.4 331.3 329.7 327.6 324.6 322.3 320.1 317.9 314.4 309.2 305.9 302.6 299 299.3 298.7 295.9 292.2 290 287.7 288.3 286.6 280.7 276.3 270.2 269.6 273.3 275.6 276.6 276.3 277.8 276.8 276.5 276.3 278.1 276.3 274.5 273.4 271.2 269.1 268.6 266.2 261.5 264.1
319.7 326 334.4 343.4 336.7 326.8 321.3 318.4 321 321.1 320.6 319.5 317.5 318.6 322.7 326.6 329.8 331.6 331.3 331.7 332.1 334.9 338.3 342 345.2 348.4 353.4 359.2 363.2 364.6 362 362.3 355 343.9 335.5 334 333.7 331.4 327 324.2 321.1 317.7 315.9 312.7 308.5 306.1 303 299.9 301.1 298.4 296 292 288.4 291 289.9 288.2 286.6 281.5 273.3 269.7 263.7 263.1 268.5 265.5 270 269.9 271.1 270.6 270.8 272.2 270.8 269.5 268.5 266.6 264.6 263.3 257.3 259.8
319.1 315.9 322.1 325.8 325 320.9 318.2 314.9 316.1 317.1 316.5 316.1 314.4 318.1 323.9 327.8 329.1 330.1 330.7 331 330.9 332.8 336.2 340.3 343 346.1 350.2 354.9 357.5 359.7 359.2 355.2 348.7 339.3 335.9 334 330.1 328.6 326 322.9 318.1 315 313.2 312.8 309.2 306.1 302.4 300.9 300.7 298.2 294.2 290.9 293.6 294.2 292 291.6 289.3 286.4 281.6 275.3 273 264.7 263.3 262.6 258 260.6 263.2 264.5 264.9 266.7 265.6 263 263 262.4 260.7 259.1 257 254.4
325.9 321.1 316.5 314.1 314.9 314.2 314.6 313.3 312.4 313.2 313.9 313.6 313.8 317.3 323.3 329.1 330.9 330.3 330.4 330.6 330.4 331.5 335.5 339.5 342.7 344.5 348.3 351.5 353 351.8 350 347.2 342.1 337.7 335.9 333.3 328.3 326.4 324.5 320.3 316 313.1 310.4 310.1 309.9 306.3 302 300.6 298.7 295.2 296.2 298.4 299.5 299 298 296.3 293.7 290.7 287 280.9 281.5 276.5 276.1 274.4 269.8 261.7 254.7 256.6 255.8 258.8 260.7 254.4 254.5 253.6 252.8 251.9 252.7 245.9
328.7 324.1 321.2 318.8 316 314.5 312.6 311 310.4 310.5 311.2 311.9 311.6 315.1 320.4 329.4 332.9 329.6 329.5 329.8 329.1 329.3 333.3 338.3 341.5 341 344.3 347.3 349.3 350.2 347.8 345.1 341.4 338.6 335 332.6 326.9 325.2 322.2 318 313 311.2 310 309.3 307.5 304.6 302.9 301 299.8 298.7 299.9 306.9 306 304.4 303.1 302.2 298.5 294 291.3 289.1 284.4 288.9 288.3 282.3 276.6 269.4 262.8 254.8 251.1 250.1 253 244.9 243.6 241.4 242.9 240.8 244.2 241.5
330.1 326.1 323.4 321.8 319.2 316 313.1 312 310.5 309.3 309.3 310.6 310.4 315.1 318.5 326.2 326.3 327.4 328 328.3 327.4 326.6 330.8 336.8 338.8 339.5 340.2 342.1 344.1 344.9 343.7 341.3 337.1 335.6 333.1 330.1 325.4 323.1 319.5 315.9 313 311.3 310.2 309.4 308.1 307.8 304.2 305.1 304.5 302 306 312.1 313.9 311.5 308.5 306.2 301.8 295.3 292.4 292 289.6 293 289.5 283.6 279.5 274.1 271.2 265.9 258.8 255.2 248.9 254.3 258 255.2 250.5 244.9 237.8 235.8
329.6 328.9 327.9 323.6 320.8 318.1 314.2 312.5 311.1 310.1 308.5 308.7 309 312.3 315.5 324 323.8 324.5 325.5 324.7 325.1 322.6 327.4 333.3 333.9 336.8 336.1 337.2 340.9 339.1 339 339.8 337.3 334.7 332.4 327.1 323.3 321 317.9 314.9 313.1 311.8 310 308.9 308.8 308.2 305.8 309.4 307.9 305.1 308.8 313.9 313.5 311.4 308.6 305.1 300.6 296.2 292.8 291.6 290 288.4 287 284.3 280.8 278.3 274.8 271.1 267.7 263.8 263.2 262.2 260.8 259.3 257.1 250.7 245.9 239
332.3 332.6 331.3 327.5 322.1 318.5 315.3 313.3 312.8 310.9 309.8 307.6 307 309.8 312.6 321 322 322.5 323.1 321.9 321.2 320 322.8 329 332.8 334.1 335.5 336.8 338.9 339.8 339.1 338.4 338.6 334.4 329.7 325.8 322.3 320.1 319.2 317.4 314.7 314.3 310.3 308.8 308.6 307.9 307.5 309.2 308.4 307.7 312.2 314.9 312 311.5 308.5 304.3 298 293 291.9 291.2 289.7 286 283.8 282 279.4 276.3 273.7 271 268.6 266.7 264.7 262.6 260.9 259.2 257.5 256.1 253.5 249.8
335.8 335 332.9 328.9 324 318.1 315.5 315 314.1 313.3 313 311.8 309.1 306.4 311.7 319.3 320 319.9 319.4 320.2 321.1 320.2 317.6 322.9 328.4 332.5 334.4 335.4 337.6 338.2 338.5 338 335.9 331.6 326.8 323.9 321.3 319.7 319.2 318 313.9 313.1 311.1 309.1 308.9 308.6 308.1 309.5 309.3 309.1 313.9 312.8 312 310.6 306.6 301.2 295.8 293.9 293.2 291.8 288.8 284.7 281.1 279 277 275.2 272.8 270.6 268.7 267.1 264.8 262.8 261.3 259.4 257.1 254.8 253.1 252.8
338.7 335.9 333.3 329.2 323.4 317.3 316 316 315.2 314.3 314.2 314.1 311.1 305.6 310.7 316.6 317.4 317.2 317.9 320.2 320.9 321 320.6 320 322.6 328.3 331 331.6 332.8 333.8 335 334.7 332.8 330 327.1 324.8 322.1 322 317.5 315.9 313 312.8 311.6 309.9 309.3 309 308.6 309.3 309.7 310 313.1 314.4 311.9 309 304.7 299.6 296 293.5 292.6 291 287 282.5 279.2 276.7 275 273.3 271.4 269.4 267.7 266.4 264.4 262.5 261 259.2 256.9 254.7 252.6 250.6
341.3 338.8 333.8 327.8 320.7 318.3 317.1 315.5 316 315.2 314.1 314.3 311 305.4 308.8 313.2 313.8 313.4 317.2 318.5 318.2 318.4 321 322.8 322.6 323.3 326.2 327.3 327.1 327.7 330.7 331.2 330.7 331.1 328.3 325.9 324.6 322.4 316.7 314.5 312.5 312.3 311.1 310.3 309.8 309.4 309 309.6 310 310.6 309.8 309.5 309.9 307.5 299.4 297.8 295.9 293.2 291.8 289.1 285.2 280.7 277.2 274.6 272.7 270.7 269.5 267.6 265.7 264.5 263.4 261.5 260.1 258.8 256.4 254.6 252.6 251.2
343.2 340 333.8 327 323 319.1 319 317.5 315.4 314.8 313.4 313.1 310 304.5 306.6 310.5 312.1 312.7 313.8 314.4 311.9 308 317.9 321.7 322.8 321.2 320.4 321.6 322.5 326 327.6 330.2 332.1 331.9 330.1 327.8 324.1 321.4 317.1 314.3 312.7 312 311.2 310.8 310.4 309.9 309.4 310.7 314 313.2 311.2 307.5 306.3 306.5 301.2 297.2 295.1 293.2 289.6 286.8 282.6 278.4 275 272.4 270.4 268.5 267.4 265.2 263.4 262.4 261.5 260.5 258.9 257.2 255.5 253.7 252.1 250.7
345.3 340.3 334.1 329.5 325.1 322.1 320.1 318.5 316.7 314.3 312.5 311.7 310.8 304.9 305.2 309.1 309.5 310.6 310.2 309.3 304 307.9 314.3 317.5 319.3 319.5 316.4 318.6 320.8 324.9 327 329.5 331.8 331.4 328.6 322.1 319.8 318.6 317 316.7 313.8 311.9 311.3 310.9 310.4 310 309.6 310.2 312.1 312 311.4 309.3 305.8 303.2 299.6 296.5 292.6 289.3 286.9 283.9 279.9 275.8 272.5 270.3 268.4 266.6 265 262.9 261.4 260.6 259.5 258.4 256.9 255.5 254.3 253.1 251.5 250.2
344.8 340.5 336 330.2 325.7 322 320.6 318.9 316.6 314.5 312 310.7 310.5 308.8 303.4 306.6 307 305.8 304.7 303.6 301.6 303.8 309.8 313.5 316.7 318.1 315.2 317.9 320.1 324.6 327.9 329.7 330.6 329.9 325.8 322.2 320.7 319.4 319.3 318.5 315.2 312.4 311.3 310.9 310.4 310 309.6 309.1 308.3 310.5 310.9 307.2 302.3 302.1 299.1 296.6 293.3 290.1 285.2 281.8 277.9 274.1 270.3 268.2 266.6 264.8 263.3 261.1 258.8 257.3 257.3 255.9 254.3 252.9 252.2 251.6 250.9 249.2
343.2 340 336 330.5 326.2 322.9 320.7 319.3 318.4 316.8 312.4 309.9 309.3 308.1 302.7 304.9 303.8 300.3 298.9 299 299.7 302 304.5 309 315.3 318.3 318.1 320 319.1 322.2 325.6 327.3 327.9 327.7 325.1 323.9 321.8 320.7 319.6 316.8 314.2 312.4 311.7 310.7 310.3 309.9 309.4 308.5 307.7 307.2 307.3 305.3 300.7 298.9 297.5 297.9 294.6 289.8 283.3 278.3 274.4 271.4 268.6 265.9 264.8 262.9 261.5 259.5 257.5 255.2 254.4 253.1 251.7 250.7 250.1 249.5 249 248.5
342 337.6 334.2 330.6 326 322.7 322.8 322.8 321.6 319 316.3 312 308 306.2 302.3 304 301.6 299.3 299.1 298.4 298.6 300.7 302.6 303.9 312.1 317 319.1 319.9 320 319.1 322.6 324.3 324.9 326 325.8 324.5 323.4 321.5 319.5 317.3 314.9 313.1 312.2 310.7 310.1 309.7 309.2 308.1 307.3 306.7 304.4 302.7 297 289.9 291.2 292.4 291.6 288.3 282.2 276.8 273.5 271.2 269.4 270.8 270.5 262.1 259.4 257.4 255.6 252.8 251.6 250.7 249.2 248.1 247.7 247.3 246.9 246.4
