public/OST50/NZ40.asc
ncols 200
nrows 200
xllcorner 440000
yllcorner 500000
cellsize 50
[rows 152 to 189 of 200, columns 86 to 171 of 200]
76.5 76.5 76.4 75.3 74.1 74.3 75.7 77.2 77 75.7 74.1 74 73.6 73.5 72.3 71.6 71.4 71.1 71.1 71.1 71.1 70.9 70.1 69.1 68.9 69.9 69.5 69.6 69.7 69.8 69.7 69.1 69.3 69.6 69.5 69.8 69.8 69.7 69.8 69.7 69.3 69.6 70.2 70.8 71.1 71.1 71.8 72.3 72.5 72.7 72.8 74 75.8 74.4 74.5 74.6 74.9 75 75.2 75.4 75.6 75.5 75.3 75.7 76.6 77.5 79.4 78.7 77.4 77.4 77.8 80.4 88.7 95.8 98.5 98.9 97.1 94.9 99.8 102.1 104 104.3 105.9 109.9 113.6 117
77 76.9 76.9 76 74.9 75 76 76.3 75.7 74.7 73.8 73.3 73.2 72.7 72.5 72.4 72.2 71.9 71.8 71.7 71.4 71.2 70.7 69.9 69.8 69.8 70.1 69.5 69.9 69.7 69 68.8 69.7 69.5 69.2 69.7 69.7 69.8 69.8 69.8 69.1 69.8 70.5 71.1 71.1 71.3 71.9 72.6 72.2 72.4 73.1 77.3 79.4 75.1 74.2 74.6 75.1 75.4 75.6 75.8 75.6 75.8 75.9 76.1 77 78.6 78.5 78.1 78.1 78.1 78.2 79 83.2 90.9 94.5 91.8 93.2 103.3 105.6 101.6 103.5 106.4 106.1 109.6 112.6 115.7
77.9 77.7 77.1 76.3 75.5 75.2 75.5 74.9 74.4 74.2 73.7 73.2 72.9 72.8 72.6 73.1 73.1 72.3 71.9 71.6 71.3 71.2 70.8 70.1 69.9 69.9 69.7 69.6 70 69.4 69.6 69.6 69.2 69.5 69.3 69.9 69.5 69.4 69.8 69.5 69.6 70 70.6 71.1 71.1 71.5 72.1 72.3 72.4 72.7 76.2 80.7 79.9 75.4 73.7 74.5 74.8 75.4 75.9 75.6 75.6 75.9 76.2 77.4 77.2 77.8 79.2 79.2 78 78.6 78.6 79.5 81.3 87.3 88 88.8 100.6 108.8 112.8 108.4 104.3 107.4 110 112 112.3 114.7
78 77.7 77.1 76.4 75.2 74.2 74 73.7 73.5 74.2 73.7 73.1 72.6 73.3 72.8 73.2 72.7 72.1 71.8 71.5 71.2 71.2 70.9 70.2 69.7 69.9 70 69.8 69.7 69.4 69.6 69.6 69.5 69.8 70.4 71 70.3 69.8 70 69.9 70.2 70.5 70.6 70.9 71.2 71.7 72.1 71.9 72.5 73.2 77 79.2 77.4 74.5 74.2 75.2 75.6 75.6 75.6 75.8 76.1 76.5 77.4 77.4 77.6 78.1 79.5 79.7 78.6 78.8 79.4 80.1 81.5 83.3 84.9 94.2 102.2 111 115.8 112.6 107.5 108.5 112 113.8 115.4 117
76.6 76.4 76.2 76.2 75 73.4 73.3 73.4 73.7 74.2 73.4 73.1 73.4 73.5 72.9 72.5 72.1 71.9 71.7 71.4 71.1 70.7 70.9 70.4 69.6 69.5 69.6 69.8 69.7 69.6 69.6 69.7 69.8 70.5 71.4 72.1 71.2 70.9 70.5 70.4 70.7 70.9 70.9 71.1 71.7 72 72.7 73.3 74.6 75.7 77.7 76.4 75 74.6 74.8 74.8 75.6 75.7 76.3 76.9 76.5 77.1 77.4 77.5 78.4 78.3 79.3 79.9 79.2 79.8 80.3 81.2 81.9 83.7 88.3 96.1 102.5 111.2 114.9 114.7 110 109.4 113.6 115.5 117.3 119.2
76.2 75.5 75.4 75.2 73.8 73.1 73.4 74 74 73.5 73.2 73.8 73.9 73.8 72.9 72.2 71.7 71.8 71.6 71.3 71 70.6 70.7 70.6 70.3 69.7 69.7 69.7 69.8 69.9 70 70 70.2 71.6 73.4 74 72.9 72.3 71.8 71.4 71.1 71.1 71.2 71.6 72.3 74.2 75.9 77.2 78.2 79.2 78 75.7 75.2 74.9 75.3 75.5 76.1 76.6 76.8 76.5 76.5 76.9 77.3 77.9 78.8 79 79.4 80 80.4 80.1 80.6 81.5 82 82.8 86.9 92.4 99.2 107.2 113.3 116.8 111.4 111 113.5 116 118.1 121.4
76.1 75.2 74.5 74.1 73.7 73.7 73.2 73.9 73.5 73 73.1 73.1 73.2 74 73.3 72.4 71.8 72.1 71.8 71.4 71 71 71.2 70.7 70.3 69.9 69.9 69.8 69.9 70.4 70.8 70.8 71.8 74 75.3 75.9 75.4 74.7 74.2 74.4 74.7 74.1 73.8 75.2 76.3 78.2 79.1 79.5 79.8 79.2 77.4 75.8 75.9 76.4 76 75.8 76.5 76.5 76.9 76.8 76.8 76.8 77.6 78 78.4 79.6 80.1 81 80 81.7 81.8 81.7 81.6 84 87 89.1 93.5 98.4 103.4 111.9 112.2 109.3 113 116.1 117.7 122
76.2 75.1 74.3 74.4 73.6 73.7 74.3 73.9 73.2 72.8 72.6 72.6 72.8 73.8 73.6 72.6 72.5 72.5 72.4 72.1 71.9 72 72 70.9 70.5 70.4 69.9 69.9 69.9 70.4 70.9 71.5 73 75.6 77.1 77.4 77.5 77.1 76.9 76.7 76.4 76.6 78.4 79.6 79.8 79.5 80.6 80.5 79.5 77.5 77.1 77.4 77.3 77.3 77.3 77.2 77.1 76.9 77.3 77.3 77.4 77.4 78 78.7 78.9 79.8 80.4 81 81.1 81.8 82.2 82.4 82 82.9 87.1 89 91.5 93.7 96.1 99.7 107.7 108.1 109.4 112.6 116.4 120
76.3 75.2 75.1 74.9 74.3 74.5 74.4 74 72.9 72.8 72.8 72.4 73 73.7 73.7 72.8 72.9 72.9 72.9 73 72.8 72.8 72.8 72.7 72.8 70.9 69.9 69.9 70 70.4 71 72.7 74.7 77.1 78.1 78.6 78.8 79 78.8 78.7 78.7 78.7 79.1 79.5 79.4 79.2 79.7 79.4 78.1 78.5 79.1 80.4 80.3 79.4 79.2 79.3 79.3 78.9 78.8 78.1 78 77.7 78.2 78.6 79.3 80 80.2 81 81.5 80.5 82.2 83 83.4 82.8 86.2 88.6 90.8 93.2 96.3 98.7 101.9 104.7 107.5 111.2 114 116.6
76.6 75.6 75 74.9 75.4 75.1 74.6 73.9 73.3 73.5 73.2 73 73.7 73.4 73.7 73.1 73.3 73.4 73.4 73.9 74.4 73.9 73.9 73.8 72.4 72.1 70.7 70.6 70.7 70.9 72.1 74.7 76.7 78 79.1 79.9 80.2 80.5 81.4 81.1 80.3 79.7 79.4 79.9 79.6 79.7 80.2 80.1 79.4 80.9 81.9 83.1 82.4 81.6 80.9 81.1 81.4 81.6 81.6 80.3 79 78.5 79 79.4 80.1 80.7 80.9 81.4 82.3 82.2 82.6 83.5 84.1 84.5 83.8 88.5 91.1 93.2 96.4 99.1 101.9 105.1 107.9 111.5 114.2 117.4
77.2 76.2 75.9 75.4 75.6 75.1 73.8 73.4 73.8 73.8 73.5 73.5 74.2 74 73.7 73.5 73.6 74.6 75.4 76 76.6 76.2 75.6 75.2 74.5 73.1 72 71.5 71.7 72.4 73.7 76.6 78.1 79.6 80.9 80.7 81 81.6 81.9 81.7 80.9 80.4 80.5 80.6 80.8 80.8 80.9 80.6 80.6 82.7 83.7 84.3 83.8 83.3 82.8 83.1 83.9 84.3 83.9 83 80.5 79.2 79.4 79.6 80.4 81.1 81.6 81.6 82.7 83.4 83.2 83.5 84.5 85.6 85.1 86.3 90.7 92.4 95 98.6 100.8 103.8 108 111.4 115.2 117.7
76.5 75.7 75.4 75.5 75.6 75.1 73.6 73.6 73.3 74.4 74.3 74.3 74.7 74.6 73.9 73.8 75 76.1 77.1 77.5 77.7 77.6 76.4 75.5 75.7 74 73 73 72 74.4 76.2 78 79.8 81.4 82.6 81.9 81.6 82.6 82.2 81.1 81 81 80.6 80.6 80.8 81.5 82.2 81.5 81.6 82.9 84 84.4 84.2 83.8 84.5 84.7 85.2 85.3 84.9 84.8 82.8 79.9 80 80 80.2 81.1 81.8 81.9 82.8 83.3 84.1 83.7 84.2 86.2 86.3 87 89.5 92.3 94.8 97.7 100.6 103.1 107.4 111 114.7 116.7
76.2 75.6 74.8 74.1 74.5 73.6 73.3 73.1 73.6 74.7 75 74.9 74.8 74.7 74 74.2 76.4 77.7 78.4 78.5 78.3 78 76.9 75.8 74.7 73.3 73.6 73.7 74.5 75.9 77.2 78.8 80.5 82.5 84.3 83.7 84.1 83.6 82.5 82.1 81.9 81.4 81.5 81.7 82.6 83.9 83.2 82.3 82 82.5 83.4 83.6 83.2 82.8 84.3 85 86 86.9 86.6 86.5 85.7 80.8 80.4 80.6 80.8 81.3 82 82.4 82.9 84.5 84.4 85.5 84.6 86.4 87.6 87.5 89.8 92.1 94.7 97.2 100.6 103.3 106.6 109.8 112.1 114.3
76 75.5 76 75.6 73.9 73.6 73.4 74 74.6 74.8 75.4 74.8 74.2 74.6 74.2 75.1 77.4 79.2 79.4 79.1 78.5 78.2 77.2 75.9 75.2 74.6 73.9 74.7 76.8 77.9 79.2 80.4 81.5 83.4 84.5 85.5 85.3 84.7 84 83.7 82.8 82.9 83.1 83.2 83.4 84.2 83.5 82 81.1 81.4 82 81.9 82.1 82.9 84.2 85.6 86.8 88.1 88.5 88.2 85 80.8 80.8 81.2 81.4 81.9 82.3 82.7 83.1 84.1 84.5 85.1 86.5 85.4 87.4 88.5 89.1 90.4 93.1 96.1 98.3 101.7 103.8 106.1 109.5 114.9
76.7 77.9 78.3 78.1 76.6 74 74.3 75.5 76.2 75.8 75.3 74.2 74.1 74.3 74.4 76.3 78.9 80.3 80.3 79.7 78.6 78 77.2 76.2 75.5 74.9 74.4 76.7 79.3 80.6 81.9 82.8 83.3 83.9 84.9 85.6 86.2 85.2 85.1 84.8 84.5 84.8 85.4 84.5 82.8 82.3 81.4 79.7 78.8 79.3 80.7 81.6 82.1 83.1 84.9 86.5 88.6 89.4 89.6 88 82.4 79.8 80.1 80.6 81.3 81.8 82 82.7 83.3 84.2 85 85.3 86.3 86 88.2 88.7 89.7 90.4 91.5 93.1 96.6 101.5 101 105.6 110.9 114.4
78.7 78.9 78.7 78.4 77.6 76.9 75.2 76.3 76.9 76.3 75.3 74.4 74.3 74.4 74.8 76.9 79.6 80.6 81 80.4 79.3 78.2 77.3 76.7 75.9 75.2 75.2 77.6 80.2 82.2 83.8 83.9 84.1 84.3 84.6 84.7 84.8 84.5 84 85.5 86.1 86 86.4 85.4 82.9 80.1 78.2 77.3 77.1 78.1 80.3 81 81.8 83.1 84.8 87.3 89.3 90.5 90.1 83.7 79.6 79.2 79.6 80.3 80.9 81.8 81.9 83 83.5 85.6 87.5 89.4 90.7 89.6 87.4 88.9 89.8 90.9 91.8 95 99.3 105.3 105.8 106.3 110.8 114.5
78.6 78.4 78.3 77.8 77.3 77.1 76.3 76.4 76.7 76.2 75.3 74.8 74.6 74.8 75.2 77.4 80 80.7 81 81 79.8 78.4 77.5 77.2 76.5 75.6 75.8 77.2 78.8 80.3 81.7 83.2 83.4 83.6 83.9 84 83.3 82.5 82.7 84.2 84.6 84.5 82.9 81.2 78.3 75.7 75.1 75.3 75.9 77.7 79.3 80 81.4 83.2 84.4 85.7 87.3 87.1 83.5 79.4 79 78.9 79.5 80 80.6 81.5 83.2 87 94.6 92.3 90.6 95.3 97.3 96.2 89 87.8 89.7 95.8 95.5 94.4 101.6 108.2 110.1 107.1 112.9 117
77.8 78 77.9 77.4 77.3 77.2 77.3 77.3 76.9 76.5 76.3 76.5 75.9 75 75.8 77.9 80.2 80.5 81.1 80.3 79.5 78.2 77.4 77.2 77 77.1 77.1 77.4 77.9 78.5 79.1 81.2 82.6 83.2 83 82.7 81.8 80.8 81.4 81.7 81.7 80.4 78.1 76.3 75.6 74.5 74.6 75.2 75.7 75.9 77.6 78.7 79.5 79.4 80.4 81.3 81.8 80.2 79 78.8 79.3 78.6 79.3 80 80.6 81.1 87 95 100.6 99.7 97.2 99.1 101.2 99 92.5 88.4 91.3 96.2 96.9 96.3 102.8 110.2 113.1 111.3 112.6 118.6
78.4 78.2 77.5 77.4 77.3 77.4 77.8 77.5 77.5 77.2 77.2 76.7 76.4 75.9 77.2 79 80.5 81.2 81 80 78.9 77.9 77.4 77.1 77.2 77.6 77.7 78 78.9 79.5 79.4 80.5 83 82.3 81.6 80.6 79.6 79.6 80.2 79.8 77.7 76 74.3 74.1 74.4 74.6 74.6 75.4 75.4 75.7 76 76 76 76.6 77.4 77.8 78.3 78.5 78.3 78.3 79 79 78.8 79.3 80.2 86.3 96.7 101.9 106.8 104.9 102.7 104.6 104.9 102.9 96.9 88.7 89 93.7 98.2 99.3 106.4 111.1 114.6 115.6 111.1 116.6
78.9 78 77.2 77.2 77.2 77.4 77.7 77.1 77.1 77.4 76.6 76.3 76 76.4 77.7 79.3 80.8 81.6 80.6 79.7 78.6 78 78.1 77.7 78.2 78.3 78.3 78.2 79.5 80.5 81.3 82.8 82.8 81.6 79.9 78.4 77.8 78 78.2 77.1 75 74 74.2 73.7 74.3 74.9 75 75.1 74.9 75 75.3 75.8 75.7 76.2 77.1 77.6 78.9 78.7 78 78.5 78.7 78.7 78.9 79.6 82.2 94.3 100.8 108.2 110.1 108.8 107.9 108.1 109.2 106.7 105.1 101.5 93.2 90.2 94.8 100 106 111.6 115.9 118.8 118.1 111.5
78.1 77.4 77 77.4 77.7 77.7 77.6 76.8 76.7 77.3 77.3 77.2 76.9 77.1 78.5 79.9 81.4 81.6 80.9 79.4 78.7 78.5 78.6 78.7 79 79 78.8 78.4 79.6 80.8 81.9 83.4 83.3 80.6 78 77 76.2 75.7 75.3 74.4 73.9 74 74.1 73.9 74.3 74.8 75.1 75.2 75.2 74.9 75.2 75.6 75.8 76.3 77.2 78.1 79.9 78.9 79.1 79.8 78.7 78.8 79 81.9 89.8 102.3 107.9 113.3 114.2 113.6 112.6 112.4 112.3 109.3 110.2 111.9 102.6 92.8 89.8 101.8 107.8 115.1 118.6 121 121.2 114.4
77.3 77 76.8 77.2 77.8 77.8 76.8 77.5 78 78.5 78.7 79 79.4 79.3 80.3 81.2 81.2 81.3 81.4 80.1 79.4 79.1 79.1 79.7 80.1 79.8 79.6 79.3 80.2 81.8 82.9 82.6 81.6 78.9 76.3 75.1 73.5 74 73.8 73.5 72.5 73.9 74 74 74.4 75 76 76.4 76.2 75.2 75.1 75.5 75.8 76.8 78 79.5 81 81.6 82.5 81.8 80.1 81.1 86.2 93.4 102.3 106.8 112.5 116.7 118.1 117.9 115.7 115.1 115.1 112.3 113.8 115.7 106.9 99.2 95 103.9 111.4 115.8 121.9 123.3 124.5 122.4
77.4 76.9 76.5 77 76.3 77.5 78.1 78.3 78.8 79.3 81 81.4 81.5 81.4 81.5 81 81 81 81.2 80.8 80.3 80 79.7 80.1 80.4 80.6 79.3 80 80.6 81.8 82.2 81.6 79.8 77.6 74.9 72.9 73.2 73.4 73.4 73.2 73.5 73.7 73.8 74 74.7 76 77.3 78.2 78.2 76.5 75.9 76 76.4 77.7 80.1 81.5 82.9 84.5 87.4 84.5 89.1 92.1 100.2 107 111.3 112.2 113.5 118.7 120.9 120.5 118.6 116.7 115.2 114.3 115.7 117.4 110.9 99.1 93.1 102.9 113.4 119.1 120.2 122.5 124.3 125.9
77.3 77.3 76.4 76.9 76.7 77.8 78.6 79.1 79.5 80.3 82 82.8 82.2 82 82.1 81.8 81 80.7 80.8 80.8 81.1 81.2 81.4 81.4 81.2 81.1 79.8 78.7 80.6 81.4 81.4 79.7 77.6 75.2 72.9 72.9 73.1 73.1 73.4 73.6 73.7 73.5 73.9 75 76.3 79.2 82.4 80.9 84 88 90 88.2 88 88 90.4 93.4 90.5 86.5 91.1 91.4 100.1 103.4 109 114.5 111.8 110.9 110.9 115.3 119.7 122.5 122.1 120.3 116 114.4 114.6 116.6 113.8 101.9 91 99.4 112.7 121.4 123 124.5 127 127.6
77.3 76.9 76.8 76.8 77.1 77.9 79.3 80.1 81 81.2 83.1 82.6 82.5 82.2 82.2 82.3 82 81.3 80.8 80.8 81.3 81.4 81.6 82.4 82 80.3 77.9 78 77.4 76.9 76.4 75 73.7 72.9 72.9 73 72.9 72.7 73.3 73.7 74.1 74.2 75.6 80.4 87.1 88.3 89.8 85.6 85.3 92.9 97.4 98.3 100.4 98.6 103.5 103.4 97.3 89 93.8 93.5 105.3 109.9 110.4 111.4 109.9 109.9 111.1 114.3 117.4 121.2 121.3 122.1 118.9 115.7 114.7 116.4 117.9 106.6 96 95.8 108.8 119.5 126.7 127.2 127 128.1
77.5 77.7 77.9 78.1 78.3 79.6 81.8 81.9 82.9 83.6 85.2 84.1 82.7 82.5 82.2 82.5 82.7 82.4 82.1 81.7 81.3 81.6 81.7 80.5 79.3 76.8 76 73.6 72.8 72.7 72.6 72.4 72.1 72.3 71.8 72.7 72.6 72.4 73 73.6 75 77 79.5 85.4 93.5 93.1 88 93.1 92.6 93.1 100 104.9 107.4 109.3 110.4 107.6 102.1 94.9 95.8 99.3 103.2 105 110 110.7 110.2 110.9 112.3 115.3 117.8 117.7 121.1 123.5 121.3 117.3 118.1 119.9 119.9 110.5 100.9 94.1 102.3 116.9 125.9 129.8 130.3 128.7
78.5 79 80.9 80.8 80.7 81.7 82.9 83.6 85.2 85.3 85.5 84.1 83.3 82.8 82.7 82.9 83.2 82.4 82.3 81.9 80.2 78.3 76 74.8 75.3 74.7 72.1 72.2 72.3 72.3 72 72.2 71.7 72.5 72 72.3 72.3 73 73.9 76 77.4 79.9 83.6 89.1 96 95.6 94.7 95.5 96.8 98.2 102 106.8 110.6 115.2 115.8 112 107.4 102 95.3 96.2 102.4 107.5 109.7 110.4 110.9 112 113.4 115.1 116 118.9 121.6 125.1 124.1 121.6 121.8 123.6 121.7 118.3 105.9 98.1 100.4 108.8 120.4 128.3 132.5 129.9
80.4 81.3 83.3 83.9 84.2 83.8 83.9 85.2 86.7 86.6 84.7 84.9 85.1 83.8 83.6 83.5 82.8 81.6 80.2 76.8 73.6 72.6 72.1 71.6 74.7 72.1 72 71.9 72.3 72.2 72.3 72.4 72 72.3 72.3 74.5 76.5 78.5 80.1 85 84.3 83.1 87.2 91.4 96.1 97.5 98.8 100 100.4 104 106.7 109.6 116.1 118.5 118.6 115.4 113.4 107.1 103 101.6 103.5 108.2 109.6 111.4 111.9 113 116.8 121.1 121 120 123.2 126 128.4 126.3 125.6 124.9 125.8 126.5 114.1 103.8 101.8 102.1 113.4 126.9 131.8 132.5
81.6 83.5 84.7 84.7 85.4 84.6 84.8 86.4 86.6 85.7 86 86.2 85.4 84.8 83.9 82.5 81.4 78 74 72.1 71.5 71.7 71.5 74.1 71.8 71.8 72.1 71.4 71.9 72.7 72.2 73.1 73.2 75.8 82 86.6 88.6 88.3 86.6 88.5 87.9 86.7 90.4 93.5 97.8 101.2 96.8 105.2 105.9 110 111.9 113.6 115.9 120.1 120.6 118.1 117.8 115.1 111.2 110.2 108.3 109.8 112.9 116 116.3 118.5 123.6 126.7 127.9 126 124.8 126.8 127.3 127.2 126.4 128.2 130 129.9 125.5 109.8 104.1 104.3 106.6 119.1 130.3 133.4
83.4 84.6 84.5 84.8 85.4 86.3 86.4 87.2 86.5 86.7 86.2 85.4 85 84.1 83.2 80.4 76.7 73.3 71.5 71.1 71.4 71.5 73.7 71.7 71 72 72.1 71.6 72.3 74.2 74.5 74.5 76.3 88.3 91.5 94.1 94.1 92.4 92.3 92 90.6 93 95.9 96.8 102 108.1 102.3 107 112.6 114 115.2 117.9 118 120.3 123.1 122.8 122.9 124 119.5 117 116.5 109.7 117.1 120.5 121.3 122.6 125.9 129 128.3 127.2 125.7 125.8 126.5 127.4 129.1 135.3 136.5 133.5 129.2 114.7 108.9 104.5 105.1 115.6 126.3 131.4
83 83.8 84.7 85.4 86.1 87.3 87.7 86.7 87.7 86.7 85.9 85.3 84.2 84.2 80.8 76 72.8 71.6 71.5 71.4 70.9 73.7 71.7 71.5 71.6 71.8 72.1 72.2 74.1 79 83.3 80.2 78.4 83.9 91.7 94.7 94.8 94.6 94.2 93.5 94.2 98.2 99.6 99.4 105.4 108.9 104.3 109.3 115.6 120.9 117.6 118.6 117.8 122.6 125.4 127.3 127.2 127.7 125.2 122.1 122.3 114.7 118.8 121.5 123.8 125.4 128.6 129.4 128.6 127.4 127 126.2 127.5 128.6 129.5 131.3 135.6 133.8 131.4 123.5 115.3 108.5 106 110.8 122 128.4
82.2 84.2 85.7 86.4 87 87.4 87.9 87.1 87.2 86.3 85.3 84.1 84.2 82.2 76.9 73.1 71.7 71.6 71.6 71.5 73.2 71.9 71.4 71.7 72 72.4 72.9 74.7 84.3 89.2 90.6 86.7 83.8 90.7 88.5 93.4 92.7 92.7 93.8 95.1 96.8 99.7 101.5 103.3 109.5 111.8 108.3 110.6 112 119.4 118.8 116.4 120.2 125.6 128.7 129.6 129.1 128.7 128.2 125.9 124.7 119.1 122.5 123.4 124.7 126.7 129.7 129.3 129.5 128.6 128.4 128.8 131 132.4 132.9 133.9 135.3 136.4 133 128.8 123.7 116 110.4 107.9 116.5 123.5
84 86 86.7 86.3 86.5 87.7 87.6 86.6 85.9 85.7 85.4 84.6 82.6 78.4 74 72.2 71.7 71.5 71.5 72.4 71.2 71.5 71.7 71.8 72.5 73.6 77 86.2 89.9 93.1 93.7 94 90.7 93.8 92.9 92.9 94 97.1 99.3 101.3 103.6 107.5 112.3 111.8 114.6 117.4 112.5 112.1 112.7 114.5 115 120.6 120.7 124.7 127.4 128 132 129.1 127.9 128.2 126.1 123 126.7 125.5 125.4 127.9 130.6 132.2 132.5 131.9 134.6 138.2 139.9 142.6 142.6 143.3 143 143.2 139.8 135.6 132.3 127.7 119.4 112 108.6 119.2
85.4 86.1 86.7 85.2 85.9 86.6 86.4 85.6 85.1 84.2 83.9 84.6 83 77.4 73.2 71.9 71.6 71.3 72.3 71.3 71.3 71.8 72.9 73 75.1 76.2 79.8 87.3 94.3 96.4 96.4 100.4 97.6 95.2 95.1 96.3 103.1 106.7 111.5 113.5 114.8 118.9 126.8 122.8 126.2 123.6 116.3 114.5 115.2 114.9 117.1 120.8 122 124.8 124.4 127.5 131.1 131 132.1 130.1 126.7 126.8 127.8 127.7 128.1 128.5 131.6 134.8 137 137.7 141.7 147.6 151.6 153.3 155.8 160 157.2 154.7 149.5 146.5 142.8 137.3 129.1 121.9 116.2 116
85.3 85.6 86 86.4 86.3 86.3 85.4 85.1 84.5 83.7 82.9 82.4 78.3 74.7 72.3 71.9 71.7 71.8 71.8 71.8 72.1 73.3 74.5 77.6 82.2 82.9 82.3 90.6 96.6 95.7 96 98.4 97.5 95 97.6 105.2 112.2 116.7 123.7 125.7 126.7 129.6 130.6 130.2 133 129.8 123.8 118.7 118.8 119.2 120.6 123.6 125.1 126.9 128 128.6 129.9 135.9 134.1 131.9 130.3 130.1 131.2 132.3 133.2 134.4 136.3 145.2 146.8 149.2 153.6 162.5 170 172.9 176.9 176.7 173.3 169.7 165.7 160.6 153.2 145.5 139.5 130.9 121.4 115.3
84.9 85.9 86.2 86.3 86 85.7 84.6 84.7 84.4 83.1 82.3 80.5 76.5 73.6 71.9 71.8 71.2 72.2 71.7 71.8 73.4 77.5 81.6 84.2 89.5 90 86.4 92.1 96.1 93 92.3 92.6 93.7 96 106 114.3 120.6 127.3 134.3 137.6 137.8 143.9 144.7 144 143.2 135.9 135.9 127 124.2 129 130.1 131.4 131 133.2 136.6 138.2 135.7 141.1 139.9 136.8 134.9 135.5 136.7 139.1 140.8 145.7 149.9 155.6 159.4 164.9 173.7 179.9 188.1 193.8 194.5 193.3 189.5 185.1 180.1 174.4 167.4 155.9 141.7 136.8 130.3 123.6
85.7 86 85.9 85.7 85.4 85 84.3 83.8 82.9 81.8 81.1 78.7 74.3 72.6 72.4 71.7 71.9 71.7 71.6 71.9 76.4 81.2 84.4 86.1 90.1 91.3 90.9 91.5 95.9 92.6 93.3 93.8 99.1 105.5 119.2 123.9 128.5 136 142.9 146.1 148.8 149.9 153.3 153.3 150.3 144.3 144.4 138.8 132.8 139.2 142.6 142 141.6 144.1 148.4 151.2 148.1 152.2 150.6 146 142.1 144.4 145.8 147.5 151.8 159.3 165.1 170.1 173.6 181.2 189.7 197.6 202.8 206.8 207.5 207.7 204.1 200 195.4 186.7 179.3 170.9 151.1 144.6 137.5 133.1
85.6 85.7 85 84.5 84.4 84.3 83.7 82.5 81.4 80.5 79.3 76 72 71.6 71.8 72.4 71.8 71.8 72 73.2 77.1 82.1 86.5 85.4 86.1 88.1 88.7 88.8 90.5 92.5 95.8 99.8 105 115.7 128.6 133.6 140.6 147.4 151.4 154.8 156.6 159.1 159.6 157.7 154.7 153 151.2 145.9 140.7 147.1 152.3 151.1 153.7 154.8 159 163.8 164.8 164.4 161.4 157.1 151 155.8 155.4 159.7 165.5 173.7 180.1 186.6 190.9 196.8 203.6 208.6 212.7 214.5 213.3 211.8 212.5 212 210 201.4 192 183.7 168.2 153.6 144.4 141.5
