public/OST50/NZ40.asc
ncols 200
nrows 200
xllcorner 440000
yllcorner 500000
cellsize 50
[rows 0 to 37 of 200, columns 86 to 171 of 200]
54.7 55.2 55.2 54.9 54.8 54.4 53.7 52.3 52.2 52.2 51.3 50.2 51.9 53.4 52.1 51.9 52.6 53.6 54.5 55 55.4 55 54.1 53.7 54.6 55.1 55.4 55.3 54.9 54.2 54.3 47.5 31.1 16.4 19.3 17 21.7 25.4 21.2 18.8 17.5 38.5 52.6 52.6 55.5 54.4 54.5 55.6 57.1 60.8 61.2 61 62 61.2 61 61.9 63.6 65 66.1 67.7 70.9 72.8 74.7 74.1 73.7 74 74.3 74.4 75.3 76.5 77.4 78.1 77.5 77.5 76.6 76.6 76.8 76.6 76 76.5 75.3 73.8 72.4 69.6 69 66.2
55.3 55.7 55.7 55.6 55.4 54.3 53.5 52.2 52.1 52.1 50.4 51.4 51.4 52.1 52.9 52.5 53 54 55.2 55.9 55.9 55.1 54.4 53.6 54.3 55.1 55.4 55.3 54 53.6 53.4 37.9 22 19.8 20.2 18.1 18.2 18.3 18.1 16.2 25.5 45.7 53.1 54.3 55.8 55.1 55.8 57.2 59.9 62.4 62.7 62.8 62.7 61.9 61.7 62.2 64 65.6 66.9 68.5 71.3 72.9 74 73.4 74.3 75 75.3 75.7 76 76.4 77.1 77 76.8 77 75.9 75.5 75.6 74.8 73.3 72.8 72.6 71.3 70.2 69.2 67.2 64.8
55.5 55.6 55.7 55.6 54.4 54.1 53.2 52.5 52.5 50.8 52.6 52.4 51.8 52.1 52.7 53.7 53.4 54.5 55.7 56.5 55.9 55.3 54.7 53.8 54.1 54.6 55.3 55.6 54 52.6 45.7 28.1 19.7 21 17.8 18.1 17.8 17.8 14.7 27.8 32.4 47.9 56.4 56.7 57.3 57.1 57.6 60.7 62.1 62.6 62.8 63 62.7 62.4 62.4 62.7 64.1 65.1 66.5 68.9 70.8 72.1 73.5 73.2 74.6 76.5 76.2 76.4 75.5 76.6 76.9 76.7 76.8 76.4 75.2 73.9 72.7 70.8 69.5 69.6 69.6 69.6 69.3 67.3 64.3 64.1
55.5 55.6 55.8 54.6 54 53.6 53.3 52.2 51.3 52 52.7 52.8 52.5 52.7 52.9 53.6 54.3 55.3 56 56.9 56.5 56 55.3 54 54.4 55 55.3 54.9 53.1 50.5 33.7 22.2 16.6 23.1 24.6 23.3 21.2 19 30.8 43.7 53.6 55.6 55.2 57 58.1 58.3 59.1 60.9 62.7 63 62.7 63.3 63.3 62.6 62.8 63.3 64 64.9 66.3 68.5 71.6 73.3 74.9 75.1 73.5 76.9 76.3 75 76.2 76.9 76.9 75.8 75.5 75.1 72.2 70.4 69.9 68 66.7 65.8 66 66.7 66.2 64.2 64.2 64.2
55.3 55.5 55.6 54.3 53.6 53.2 52.9 51.7 51.2 51.7 52.5 52.4 52.8 52.9 53.3 54.5 55.2 55.8 56.1 57.1 57.2 56.7 55.5 54.3 54.9 55.5 55.2 52.8 50 42.1 26.7 21.9 20.6 26.2 43.9 43.6 41.3 35.2 49.5 53.4 53.7 55.7 56.2 57 58.9 60.7 60.9 62.2 62.8 62.3 63.3 63.4 62.7 62.5 62.8 64.5 65.5 65.8 66.2 67.6 69.9 71.3 74.2 75.8 73.1 73.5 73.3 72.8 74.3 75.5 75.6 74.8 74.3 73.6 70.7 68.2 66.4 65.5 65.1 64.7 64.7 66.4 64.4 64.6 64 64.3
55.1 55.3 55.3 54.2 53 52.7 52.4 51.5 51.6 52.2 52.8 52.6 52.8 53 53.8 54.7 54.9 56.1 56.5 57.3 57.8 57.1 56 55.3 55 54.7 51.5 48.6 44.7 33.9 23.5 21.9 25.3 35 48.8 52.2 52.8 51.7 49.1 55.9 57.3 58 58.1 58.2 60.1 62.7 63.6 63.7 62.7 61.9 62.9 62.8 62.1 62.7 63.1 65.1 67.2 68.3 68.3 68.5 69.5 71.4 71.5 73 73.3 73.1 72.6 71.9 72 73.3 74.2 73.9 73.1 73.2 70.3 68.4 67 65 64.5 64.2 64.4 64.5 64.2 64.1 64 64.3
54.7 54.9 54.9 53.7 52.7 52.8 51.9 51.9 52 52.4 52.8 53.1 52.9 53.3 54.2 54.5 54.9 55.1 56.1 55.8 56.1 56.4 56.5 56.1 54.8 50.9 43.9 37.7 32.3 24.5 22.9 19.2 29.7 42.3 49.3 54.4 56.8 57.1 53.5 56.1 57.6 59.3 60.1 59.5 61.2 63.2 63.8 63.2 62.5 62.1 61.6 61.5 61.7 62.5 64 66 68.5 70.4 71 70.9 71.2 72.6 72.7 72.5 73.8 73.6 73.5 73.3 72.9 73 74.6 74.8 74.7 74.4 73.6 71.6 68.9 64.9 64.5 64.2 64.4 64.4 64.1 64.1 64.2 64.3
54 53.8 53.2 52.5 53.2 51.3 51.8 51.5 51.1 51.6 52.1 52.6 53.6 53.7 54.1 54.5 54.9 55 54.4 53.4 54.3 54.6 54.3 53.7 52 38.8 26.8 27.8 27.6 25.2 22.8 17.1 36.6 43.2 47.9 53.1 57.4 58 55.1 55.4 56.8 59.9 61.6 61.2 61.8 62.7 62.3 61.9 61.6 61.3 61 61.5 62.8 63.9 66.2 68.3 70.6 72 72.2 72.3 73.6 74.2 74.9 75.3 75 74.4 74.1 73.8 73.5 74.2 76.2 76.9 76.4 75.6 75.4 73.1 69.7 64.9 64.5 64.2 64.5 64.2 64.3 64.4 64.5 65.5
53.4 52.5 52.3 53.5 51.5 50.3 50.1 50 50 50.6 51.1 52.2 53.5 54.1 55 54.9 54.8 54.5 53.1 51.5 52.5 52.1 51 50 38.3 24.6 20.6 20.9 20.6 19.2 19.9 22 44.3 49 51.2 54.3 56 56 56.2 55.5 57.7 59.9 62.3 62.8 61.4 60.3 59.6 60.5 60.6 60.7 61.6 62.8 64.2 65.9 68.4 70.5 72 72.5 72.6 72.7 76.7 78.4 78.4 78.1 77.9 77.3 76.6 76.4 76.1 76.5 77.3 78.3 77.7 76.6 74.9 73.7 70.4 65.1 65.1 64.2 64.2 64.2 64.2 64.3 64.4 65
52.7 50.4 54 49.7 49.5 48.9 48.4 48.5 48.9 49.4 50.4 51.9 53.3 54.2 54.7 55.2 53.8 53 51.6 50.6 52.1 49.9 46.6 39.3 26.6 21.1 21 18.8 20.5 20.3 20.4 29.2 48.9 52.2 55.2 57.2 57.4 57.9 57.8 57.4 58.8 60.6 61.8 61.9 59.9 58.6 58.7 59.3 60.1 61.1 63.3 64.4 65.6 68 70.1 71.5 72 72.2 72.9 73 76.2 79 78.5 78.1 79.6 79.8 79 79.4 78.9 77.5 77.1 78 78.3 77.6 76.2 74.2 70.1 65.7 65.2 64.4 64.3 64.4 64.3 64.3 64.2 65.1
53.3 54.1 48.8 48.3 48.6 48.5 48.2 47.5 47.7 48.7 49.7 50.7 51.5 53.1 48.9 42.9 38.8 33.2 32.4 33.9 43 44.1 36.1 26.9 21.8 21.5 19.7 20.6 21.1 24.9 32.1 41.1 52.5 54.8 57.7 59.5 59.5 59.4 59.1 58.8 59.3 61.3 61.7 60.5 57.8 58.6 59.3 60.2 61.4 62.2 64.5 65.5 67.6 69.4 71.1 72.5 72.6 72.6 72.7 74.1 75.2 77 77.9 78.8 80.1 79.8 79.5 80.2 79.9 78.3 77.5 77.6 77.9 77.9 77.5 74 69.9 66.8 66.2 65.5 64.8 64.5 64.6 64.7 64.9 67.6
54.6 51.3 48.3 47.8 46.9 47.3 46 44.8 46.1 47.7 48.9 49.9 50.7 44.8 36.8 33 24.4 23.4 23.1 23.1 26.7 33.7 28.3 23.3 21.9 19.4 21.1 21.9 27.4 42 49.2 54 54.4 55.5 57.7 60 60.1 59.6 59.1 59.3 59.5 60.6 59.7 58.2 58.6 60.2 60.5 61.7 62.9 63.8 65.6 67.6 68.3 69.5 71 72.4 73 73.1 73.5 74.8 75.9 77.3 78 80 80.6 80.3 80.2 80.4 80 79.1 77.5 76.5 76.9 77.4 77 74.4 71.5 69.3 67.8 65.9 65.4 65.1 65.4 66 70.7 73.2
51.3 50.3 49.9 49.7 47.1 45.9 42.9 39.8 37.4 44 48.7 49.3 48.9 35.5 25.2 23.8 23.6 23.4 23.3 23 20.4 26.1 25.9 23.4 22.3 21.9 22.3 29.2 43.5 52.4 53.9 54.4 54.9 55.3 56.7 58.3 59.3 58.8 58.7 58.8 59.4 58.1 56.4 55.9 59 62 62.9 63.1 64.7 66.5 67.3 68.9 69.8 70.4 71.1 72.5 73.1 73.9 74.4 75.7 79.1 79.8 80.4 81.3 81.8 81.5 80.5 80.1 79.6 79.3 77.6 76.5 76.3 76.8 75.3 73.4 72.5 71.2 69 67 66.3 65.6 65.6 69.2 73 75.4
50.1 50 50.7 50.2 48.8 46.9 43.3 38.2 40 33 41.4 42.8 35.6 24.3 23.5 22.6 22.4 23 23.1 23.1 20.5 24.3 24.8 22.3 21.5 21.8 25.8 39.1 49.3 52.3 52.4 52 53.8 55 56.7 58.4 59.7 59 58.9 59.2 59.3 57.7 54.6 57.1 60.8 63.8 64.1 64.7 65.9 67.3 68.6 70.1 71 71 70.9 71.8 73.3 75.5 75.6 76.9 79.5 81.8 82.1 82.2 83.5 81.7 79.9 79.6 80.1 79.5 79 78.1 77.4 75.3 73.6 72.3 71.9 71.4 70.2 67.7 67 66.7 66.3 69.4 72.5 73.9
50.4 50.2 50.5 50 49.2 47 47.1 46.7 47.7 44 34.1 30.6 23.1 23.7 22.9 32.4 37.4 25.8 22.6 22.6 21.4 21.7 23.2 22.3 19.4 28.8 27.5 30 41.3 43.6 37 33.5 37.5 49.9 55.6 58.9 60.1 59.4 58.7 57.3 58.9 57.5 55.8 59 61.8 64.1 65 65.4 66.1 66.6 66.7 69.2 70.8 70.7 71 71.7 73.8 76.4 77.9 77.6 78.2 79.9 81.3 82.2 82.4 80.3 79.6 80 80.2 80.4 79.3 78.8 77.1 75.2 72.7 70.6 70.8 70.9 69.4 67.6 66.8 66.7 66.8 67.7 70.7 72.7
51.1 50.7 50.3 49.4 48.5 48.7 49.1 49.5 49.8 49 35.5 25.1 23.4 23.1 23.1 35 43.4 39.3 22.9 21.3 21.9 20.9 22.4 20.9 25.6 44.1 42.7 34.4 27.1 32.9 40.2 44.1 37.8 31.3 44.2 50 52.3 54.8 54.3 47.4 49.6 49.8 59.1 59.6 61.5 63.2 64.6 65.3 65.1 65.1 65.7 67.6 69.6 70.5 71.2 71.8 74 76.4 78.2 78.3 78.5 80 80.8 81.9 80.4 79.2 80.7 82 82.6 82.9 82.1 80.8 80.3 79.3 76 72.8 71.5 70.4 69.1 68.2 67.3 67.3 67.1 69 71.4 73.2
52 51.4 50.1 48.8 49 49.6 50.1 50.6 50.4 49.2 42.7 29 24.9 21.9 23.7 28.4 43.6 42.2 30.6 21.8 21 21.5 20.7 27.2 28.1 46.4 47.9 46.4 34.4 42.5 49.9 53.4 54.1 44.1 31 34.2 35.8 41.8 47.7 54 45.6 57.7 58.8 58 61.4 62.8 63.3 63.3 64 64.6 66.1 68.4 69.9 71 71.4 72 74 76.1 76.9 77.8 79.3 81.6 82.3 81.5 80.2 80.1 82 83.9 83.9 84.2 84.3 83.4 81.9 80.6 79.2 75.7 72.4 70.1 69.1 68.5 67.8 68.5 69.8 70.8 72.7 74.5
52.5 52.3 51.5 50.1 49.9 50.6 51.3 51.4 51.2 50.1 43.8 29.1 24.7 22.5 30.2 36.5 43.4 46.3 49.3 39.2 34 30.9 28.3 41.1 28.8 46.8 48.5 49.6 40.9 45.1 51.9 54 54.5 52.4 51.1 53.3 53.2 54.9 57.1 58.1 56.9 48.3 53.2 53 60.7 64 64.2 64.1 64.6 65.2 67.6 69.4 70.6 71.9 71.9 73 75.5 78.7 79.7 78.8 80.5 82.3 83.4 83.3 82.5 82.5 84 85.4 85.2 83.6 83.3 83.3 81 80 78.3 75.2 72.3 70.1 69.6 70.4 69.4 69.6 72.2 73.6 74.3 74.4
54 53.6 52.4 52.3 52.1 52 52.3 52.1 51.3 51 49.9 33.6 24.5 22.3 35.6 46.5 45.9 47.1 49.1 48.4 49.2 48.7 48 43.7 40.9 49.4 50.1 50.9 49 37.7 46.6 47.9 48.4 51 52.6 53.8 55.2 58 58.8 59.8 59.7 58.7 49.8 56.7 60.9 63 65.9 66.4 67.2 67.8 69.9 70.5 71 72.2 72.7 74.4 76.9 80 82.6 79.6 80.3 82.6 83 83.2 82.1 82.6 84.1 85.4 84.7 83.4 83.7 82.3 79.7 80 77.7 75.7 73.3 72.2 70.7 71.9 71.8 71.8 74.3 74.6 74.7 74.2
54.4 53.2 53.3 53.6 53.8 54.2 54 53.7 53.2 53 51.5 37.1 25.3 22.4 33.5 47.3 47.5 46.3 47.5 48.7 49.3 49.5 49.1 42.1 38.9 49.3 50.6 51.1 52.3 52 50.3 53.5 53.2 47 53.7 55.3 56.8 58.7 60.4 61 60 56.8 50 55.5 58.8 61.1 63.3 66 66.8 67.4 68.9 70.4 71.7 72.2 72.4 73.4 75.7 79.4 79.8 79.7 80.7 82.3 82.1 81.4 82.3 83.4 83.4 83 83.4 83.9 83.3 82.8 80 80 78.4 76.4 75.5 75.6 74.4 73.3 73.7 75.3 76.2 75.3 75.7 73.7
54.2 53.8 53.8 54 54.7 55.2 55.1 54.6 54.2 53.1 50.7 38 25.7 24.8 29.2 45.6 47.7 47.6 47.7 48.5 49.2 50.1 49.3 44 48.5 46 47.3 50 51.2 53 54.4 54.8 55.3 52.1 54.7 56.2 58.2 58.8 60.5 61.4 58.8 53.2 54.5 57.4 59.9 62.3 63 63.1 64.5 66.5 69.2 71.1 73.2 72.7 72.1 72.7 75.2 78.9 79.5 79.5 80.3 80.4 81.9 80.1 80.6 81.8 81.9 83 82.1 81.9 80.2 81.7 80.5 80.6 78 77.2 77.7 77 76.3 75.8 75.6 77 78.6 78 77 73.7
53.9 54.5 54.6 55.4 55.5 55.9 55.2 53.8 53.4 52.4 51.3 37.9 25.9 25.4 25.2 41.6 49.1 49.4 49.4 49.2 49.9 50.5 50.1 49.8 49 49.7 50 50.9 51.7 53.6 55 55.1 55.7 55.5 51.2 56.8 57.4 58.5 60.5 60.9 58.4 53.4 58.5 60.1 61.9 65.4 66.4 64.9 63.7 66.2 69.4 71.7 74.1 74.5 72.9 72.7 75.2 78.6 79 79.3 79.9 79.9 80.3 79.2 79 78.9 80.1 81.9 82.3 81.7 80.7 82.6 81.8 79.8 78.2 78.5 78.5 77.8 78.3 78 77.6 78.6 79.9 79.2 77.2 74.2
54.3 54.5 55 55.9 55.9 55.9 54.7 52.8 49.3 47.5 49.6 43.4 26.5 25.8 23.1 35 50.6 50.9 50.7 50.5 50.5 51 50.9 51.3 51 51.8 51.9 52.4 53 53.7 55 55 55.6 55.7 56.2 53.5 56.5 59.2 61.5 61.6 58.1 55.4 60.1 61.6 63.8 67 69.1 67 64.6 66.8 70.8 72.4 73.5 75.9 75.1 74.9 76 78.5 78 78.8 79.9 80 80.2 78.8 76.4 76.5 77.9 79.3 80.7 79.4 78.5 80 81.5 80.8 79.3 78.2 77.3 78.5 80.5 80.2 79.9 80.8 80.9 80.1 77.8 75.9
54.9 55.4 55.9 56.2 55.8 55.5 54.2 47.5 33.9 26.5 29.4 33.4 30.8 25.7 24.6 31.8 51 52.1 51.9 51.8 51.8 51.8 52.3 52.7 53 53.5 53.4 53.8 54.3 54.8 55.4 55.9 56 56.6 57.4 56.6 56.7 59.5 61.6 61.8 58.5 59.3 61.3 63.7 66.2 68.4 70.2 68.3 67.9 68.9 71.4 72.1 73.2 75.6 76.8 78 77.4 78 76.1 77.8 79.5 79.2 77.7 76.9 75.4 76.1 77.1 78.1 80.4 78.8 77.6 80 82.9 81.6 78.8 76.4 76.7 78.5 81.1 82 81.7 80.8 80.7 79.2 76.2 76.2
55 55.1 55.7 56.3 56.4 56 54.8 39 26.1 26.7 26.5 25.3 24.4 23.6 24.3 26.5 51 53.5 54.2 54.6 54.7 54.5 54.2 53.8 54.2 54.2 54.4 54.7 55.2 55.7 56.2 56.8 57.5 58.3 58.4 56.3 59 62.3 62.7 62.6 58.6 60.6 63.7 66.1 68.1 69.9 70.7 69.7 70.3 70.3 71.3 72.9 73.4 75.5 77.1 78.5 79.2 77.1 74 75.6 77.3 75.8 74.3 74.2 74.3 75.4 77.3 78.6 81.5 81 78.7 79.4 82.4 82.5 79 76.2 77.4 79 81.4 82.2 82 80 80.2 76.7 75.3 77.8
55.3 55.4 55.3 56.2 56.6 56.5 55.6 39.2 25.7 26.9 26.8 25.6 22.8 26.4 26.7 34.1 50.5 52.9 54.7 56.3 55.8 55.6 55.2 55 55.4 54.9 55.7 56 56.3 56.9 57.9 58.9 59.7 59.9 59.4 58.1 60.7 62.3 63.3 63.9 59.5 59.9 64.4 67.1 68.7 69.9 70.7 70.1 70.2 71.3 70.5 72.8 73.1 74 76 79.3 79.4 78.9 76.7 73.6 74 72.8 71.8 72.1 72.9 76 78.1 79.6 82.4 82.1 80.6 80.1 81.5 80.8 79.3 78.2 79.4 80.5 80.8 81.4 81.4 81.9 81.1 78.1 75.9 78.9
55.9 55.8 55.3 55.3 55.8 56 55.1 45.4 27.6 26.1 25.7 25.5 27.7 39 47.4 50.2 50.8 52.4 54.6 57 56.6 56.3 55.5 56.1 56.1 56.1 56.3 57.7 58.6 59.1 59.9 60.7 60.9 61.2 61.3 60.4 61.5 62.3 63.1 63.9 62.8 59.8 61.8 66.1 67.9 69.8 70.8 72.1 72.1 72 71.2 72.7 73.4 73 75.6 76.8 77 77.4 78.1 76 72.8 71.6 70.7 70.8 71.6 75.3 80 80.8 82 82.2 80.4 78.3 77.8 78 77.3 78.1 78.2 78.5 79.1 79.3 78.7 80.4 81.3 78.7 77.1 76.9
56.5 56.1 56.3 55.8 56 56 52.7 47.9 36 27.9 26.8 26.6 39.3 50.3 50 50 51.3 53.1 55.2 56.2 56 55.6 56.1 56.5 56.9 57.5 58.4 59 60.4 60.7 61.1 61.9 62.7 63 63.1 61.2 60.8 61.8 62.7 63.5 64.1 62.6 60.6 64.4 66.5 68.4 70.2 72.7 73.1 73 72.9 72.7 73 72.7 74.2 74.8 74.7 76.2 78.6 77.5 74.6 72.1 70.9 70.7 71.7 74.1 79 80.1 80.2 80.4 81.2 80.3 80.1 79.4 77.8 77.4 76 76.1 78.4 78.5 77.5 78.1 78.4 77.2 75.3 74.2
56.3 56 56.8 56.2 56.4 56.2 53.2 49.4 37.7 29.9 25.3 30.9 38.4 50.2 50.8 51 52.1 53.7 54.7 54.6 55.1 56.4 57.3 57.6 58.2 58.9 60 60.4 62.2 62 62.4 62.9 63.8 64.7 64.3 63.1 62.1 62.3 62.9 64.2 64.9 64 59.9 60.5 63.3 66.7 68.8 70.9 72.7 73.1 71.9 73.3 73.7 73.6 73.6 73.8 74 76.1 78.5 77.8 77.7 75.6 72.3 70.9 70.7 73.3 74.2 76.6 77.9 79 80.2 81.9 82.2 82.6 80.6 79.7 77.1 77.1 76.4 76.2 76.3 77 76.8 76.2 72 70.2
56.7 56.6 57.3 56.8 56.6 55.2 53.9 49.6 39.1 27.2 25.9 35 42.3 47.7 52.1 52.4 52.6 53.2 53.9 54.6 55.5 57.7 58.1 58.3 59 60.2 61.9 62.7 63.8 63.5 63.7 64.3 65.4 64.4 64.2 63.5 62.6 62.4 63.4 64.6 65.4 64.7 64.3 62.6 59.4 65.1 67.4 69.7 71.5 71.3 70.9 72.1 72.6 73.2 73.2 72.5 73.2 77.1 78.7 79.5 79.5 78.4 75.3 72.4 71.4 73.1 73.8 74.5 75.2 75.6 77.5 80.5 82 83.8 82.2 81.3 80.3 78.5 75.7 75.3 74.9 77.2 77.6 74.6 71.4 70
57.4 57.4 56.9 56.6 56.2 55.7 55 48.2 36.9 26.3 27.9 30.7 46.4 48.1 53 53.8 53.6 54.2 54.2 55.1 57 58.7 59.1 59.1 60.2 61.4 63 64.4 65.5 66 66.4 66.7 67.3 66.2 64.2 63 62.6 62.6 63.7 64.7 65.6 65.8 66 65.6 64.7 60.4 64.1 67.8 69.7 69 68.9 70.1 71.6 72.7 72.4 71.1 72.6 77.2 79.6 79.3 80.1 79.9 79.4 76.8 73.6 72.7 73.5 73.6 73.6 72.9 73.8 78.6 80.6 83.1 83.3 82.9 80.1 78.6 76.4 75.4 74.2 75.9 77.6 75.5 72.3 70.8
57.9 57.4 56.7 56.2 55.9 55.6 55.5 41.2 29.6 27.2 28.7 29.1 47.2 48.9 55.3 56.3 55.2 56.1 56.5 56.8 57.8 59.5 60.3 60.7 61.5 62.2 63.4 64.9 66.8 67.7 68.4 69 68.5 66.2 64.7 63.5 63.6 63.4 64.2 65.1 66.3 66.7 66.5 66.7 67.5 66.7 62.5 63.5 66 65.9 66.7 68.3 70.6 73.2 71.2 69.5 71.6 75.8 78.5 78.4 80.1 80.6 81 81 77.6 75.5 74.4 74.8 74.1 71.9 71.5 75.1 78 80 80.2 79.8 77.7 76.4 76.7 76.1 75.9 74.8 77.4 76.5 74.9 70.7
58.2 58 50.9 42.3 44.2 44.4 41.5 31.9 29.1 26.8 37 41.4 54.1 50.2 54.9 57 56 57.2 58.7 59.8 60.5 61.3 61.6 61.6 61.1 62.4 64.2 66.1 68 69 69.6 70.4 69.9 67 65.2 64.9 65.5 64.9 65.1 66.1 67.1 67.8 67.8 67.8 68.6 68.8 67.8 62.2 62.5 61.6 64.1 67 70 73.1 71.2 68.8 70.7 73.9 76.7 76.6 78.4 78.7 78.9 80.9 79.8 78.5 77.4 76.2 74.8 72.8 71.5 72.1 72.1 71.7 72.6 72.4 72.7 73.6 74.9 75.7 75.4 76.9 77.4 75.7 71.5 68.4
58.4 57.7 45.1 28.9 28.8 28.6 26 30.4 28.8 37.2 51.4 55.2 55.4 54.2 54.2 53.9 55.2 56.9 58.4 59.9 61 62 62.5 62.2 62.6 63.5 65.3 67.1 68.4 69.8 70.2 70.4 70.5 68.6 66.9 66.9 67.8 66.6 65.5 66.5 66.9 68 68.9 68.4 69.2 69.9 69.4 67.6 67.4 64.2 61.8 65.7 68.8 70.6 70.4 67.9 68.8 71.7 75.7 74 74.6 75.1 75.8 76.9 78.6 78.8 77.9 77.4 77.2 76.1 74.5 73.3 74.5 72.4 70.6 70.2 70.2 71 71.8 74.1 74.5 76 75.6 72.7 68.4 66.9
58.8 52.7 37 28.5 28.5 28.3 28.5 28.4 33 46.3 55.2 56.6 56.9 56.3 55.5 54.4 56 57.4 58.6 59.7 61.3 61.6 62.4 63.2 64.4 65.3 67.1 67.1 67.7 68.8 69.8 70.3 70.7 69.9 68.9 67.6 67.5 66.8 66.3 66.3 66.9 67.6 68.2 68.7 69.4 70.2 70.1 69.3 68.5 66 64.2 63.3 66.9 69.5 69.5 67.5 68.6 70 71.9 72.6 73.8 74.8 75.5 75.2 76.2 77.9 76.9 77.2 76.7 77.3 76.9 76.2 77.1 73.8 71 69.8 69.7 70.1 70.6 71.9 74.2 75.9 75.1 70.4 67.1 65.2
58.3 52.2 31.5 29.2 26 29.1 28.2 31.8 43 54.6 56.1 57.1 56.5 55.7 55.1 55.3 57.1 58 58.9 59.8 60.6 61.4 62.5 63.5 65.2 67.1 67.6 67.5 66.8 67.1 68 69.2 70.6 70.3 68.9 68 67.4 66.6 65.7 65.8 66.2 66.8 67.4 68.4 69.2 70.3 70.6 69.6 69.9 68 66.1 63.1 66.2 68.8 68.6 66.9 69.6 69.7 68.4 68.1 69.1 69.5 72 74.8 77.5 78.3 78.7 77.6 76.1 75.9 76.5 77.1 78.2 75.6 72.9 70.5 70.1 69.7 70.3 71.1 73.9 75.6 74.6 69.8 66.5 63.9
57.5 54 36.6 29 27 29.2 33.7 42.6 49.5 54.6 56.4 57 56.3 55.9 55.4 55.8 57.6 59.1 60.1 60.8 60.8 61.5 62.8 63.7 65.5 67.5 68.2 66.9 65.8 65.6 66.7 68.4 69.9 69.8 68.8 68.6 67.1 66 65.7 65.7 65.8 66.2 67.7 69.1 69 70.1 70.8 70.3 70.5 69.1 67.3 64.4 65.4 67.8 67.1 65.9 69.7 69.2 66.6 66.2 66.2 66.6 67.5 70.5 75 77 78.5 77.7 76.9 75.7 75.8 76.4 78 76.9 76 72.9 69.7 70.9 71.5 72.3 74.3 75.4 72.2 68.2 66.3 64.3
55.7 50.3 34.9 29.6 29.2 27.7 31.7 46.4 54.1 54.9 55.9 56.9 56.6 56.5 56.5 56.8 58.1 59.8 61 61.4 61.2 61.6 62.4 63.4 65.1 67.3 68.2 66.4 65.5 65.4 65.9 67.6 69.6 69.7 69.7 69.1 68.3 66.6 66 66 66.1 66.4 66.8 68.7 69.4 69.9 70.5 70.7 70.6 69.1 67.2 65 62.7 65.6 65.1 65.7 68.6 67.6 66 65.2 65.3 65.8 66.1 67 69.9 73.2 74.8 75.2 75.1 73.7 74.5 75.3 75.9 76 76.1 72.7 71.1 74 75.3 74.4 75.8 74.8 71.4 67.3 65.3 64.3
