public/OST50/NZ50.asc
ncols 200
nrows 200
xllcorner 450000
yllcorner 500000
cellsize 50
[rows 0 to 34 of 200, columns 80 to 159 of 200]
83.4 82.6 81.5 82.8 81.4 79.5 80.2 79.9 78.6 77.6 76.9 77 76.8 76.8 77.4 75.3 76.1 76.8 76.3 76.3 77.4 78.7 78.6 78.7 79.4 80.1 80.8 80.9 81.5 82.1 82.8 84.3 85.4 86.9 87.6 88 88.2 87.5 87.7 88.6 88.4 89.1 89.5 90.7 92 91.8 91.9 92.2 92.5 92.4 93.1 93.2 92.8 94.1 94.8 96.2 96.8 96.6 97.5 97.9 95.6 92.4 92.2 94.5 96.1 99 101.6 103.1 103.7 103.8 103.9 104.3 104.8 105.3 105.8 108.3 110.8 112.9 114.2 114.8
83.3 83.5 83.1 81 80.5 80.5 80.3 79 78.2 77.6 76.8 76.8 76.7 78.2 76.7 74.7 76 76.5 77.2 76.6 77.2 77.9 79.7 79.3 79.5 79.9 81 81.4 81.9 82.1 83.3 84.5 85.5 87.1 87.8 88.6 89.3 88.3 88.4 89.1 89.6 89.5 90.1 90.8 91.6 92.4 92 92.4 92.8 92.7 92.9 93.2 93.8 95.1 95.5 95.8 97.7 98 98.4 98.7 98.5 96.1 92.7 93.6 95.2 98.1 100.1 102.3 104 104.5 104.1 104.1 104.7 105 105.2 108 111.1 112.6 113.9 114.4
83 82.6 82 80.4 79.2 79.3 78.5 78.1 77.6 77.5 77 76.3 77.1 78.7 75.6 74.8 76.8 77.3 77.5 77.3 76.7 78.4 79 80.9 80.8 81 81.1 81.6 82.2 82.6 83.4 84.5 86 87.1 87.7 89.2 90.6 89.5 89.1 89.6 90.5 90.8 90.6 91.3 91.9 92.3 92.3 92.2 92.5 92.8 93 93.2 94.2 94.8 95.2 96.2 97.2 98.7 99.3 99.2 98.6 98.4 93 93.4 93.8 96.5 100.7 102.4 103.7 103.9 104.8 105.1 104.8 104.6 105 107.4 110.3 111.4 112 115.3
83.8 81.8 80.8 79 78.7 79 78.4 77.6 77.6 77.8 77.1 76.3 76.9 78.3 74.9 75.9 76.9 77.2 77 77.8 78.2 78.7 79.3 81.9 82.7 82.1 82 82.3 82.7 83.9 83.6 84.9 87 88.5 89.4 90.7 91.4 90.5 89.7 90.9 92.2 92 92 92.2 92.9 93 92.8 92.6 92.6 93.2 93.1 93.5 94 94.6 95.6 96.6 97.4 99 98.5 98.8 98.9 98.4 95.6 94.6 94.5 94.8 99.8 102.3 103.3 103.3 103.2 103 103.8 104.6 105.3 107.9 109.9 111.2 115.7 116.9
83.6 82.6 80.8 80.3 79.6 78 78.1 77.5 77.1 77.3 77.2 76.4 75.8 75.5 74.5 75.1 75.7 77.2 77.3 77.7 78.2 79.1 80 82.3 82.9 82.6 83.1 84.4 83.7 83.8 84.8 86.2 88.4 91.4 91.8 91.2 91 90.6 90.6 92.2 94 93.6 93.3 93.5 94.3 94.3 94.3 93.8 93.9 93.9 94.3 94.1 94.6 95.1 95.5 96.4 97.1 97.9 98.5 98.7 99.2 99.6 99.3 96.8 95.6 95 97.5 101.5 102.3 102.3 101.6 101.6 102.2 103.5 104.7 106 108.2 112.1 117.3 119
82.5 81.7 80.9 82 81.4 78.6 77.4 76.9 76.9 76.8 76.6 76.3 75.3 75.1 74.9 75.8 76.2 77.2 77.4 77.4 78.4 79.3 80.3 81.8 82.5 81.9 83 85.1 85.6 84.6 84.9 86.8 88.7 91.2 91.5 91 90.2 90.1 90.9 92.6 94.8 94.9 94.4 94.3 94.3 94.2 94.9 94.7 94.5 94.2 93.8 94.6 95.4 95.5 95.8 96 96.8 97.7 98.5 98.7 98.9 99.6 99.5 97.8 95.7 94.5 96.3 99.5 101.2 101 100.4 100.7 101.8 103.2 104.1 104.8 107.5 112.7 117.3 119.2
80.7 80.5 80.3 81 81.4 79.1 77.1 77 76.7 76.3 75.7 75.2 75.9 74.3 74.5 75.7 76.4 77.2 77 77.4 78 79.9 80.8 81.1 81.6 82.1 84 86.3 86.3 85.4 85.1 86.1 88 89.4 90.5 90.4 90.2 90.4 91.2 92 94.2 94.3 94.1 93.9 93.8 95.1 95.6 95.6 94.9 94.4 94.4 94.7 96.3 96.1 95.9 96.1 96.7 97.1 98 98.4 98.8 99.1 99.1 98.6 97 94.5 94.6 97 98.7 98.4 100.1 100.8 102.1 103.4 104.8 106.1 107 109.8 115.6 118.9
80.2 78.9 78.1 78.3 79.4 79 76.7 76 76.1 75.4 75.3 75.1 74.4 74.7 74.5 75 76.5 76.5 77.2 77.7 78.3 80.8 82 80.9 81.2 82.2 84 86.8 87.6 86.9 86.1 86.5 87.5 89.1 90.3 90.8 91 91 91.2 91.1 91.8 92.2 92.7 93.5 95.3 96 96.4 96.1 95.4 95.5 95.7 95.4 96.1 96 95.8 96.6 97.4 97.5 97.7 97.9 98.3 98.5 98.5 98.5 98.1 96.7 95.2 96.3 97.5 99.3 100.3 101.2 102.5 103.8 105 106.6 107.6 109 110.4 117.6
79.5 78.7 77.5 77.2 78.1 78.6 76 75.4 74.8 74.4 74 73.8 74 74.4 75.2 75.8 75.9 76.1 76.7 76.9 77.8 80.1 82.3 82.4 81.7 83 84.1 87.1 88.1 87.5 86.8 87.2 88 89.1 90.9 91.8 91.1 90.5 90.5 90.4 90.8 90.8 91.9 94.5 96 95.1 95.4 95.4 96.8 97.3 97 95.5 96 95.6 95.2 96 96.9 97.7 97.9 98.1 98.2 98.3 98.4 98.5 98.3 96.6 95.5 95 96.7 98.4 100.4 101.3 102.3 103.6 104.6 106.6 108.4 109.9 113.2 117.1
79.9 78.5 77.5 76.9 77.2 77.7 75.1 73.6 72.8 74.2 74.6 75 75 75.7 76.5 77.4 75.8 76.3 76.8 77.2 77.5 78.9 82 83.4 83.1 82.7 84.2 85.6 86.5 86.5 87.1 87.3 88 88.2 88.4 89.3 89 88.8 89.5 89.8 90 90.5 92.6 94.7 95.1 93.4 93.9 94.7 96.6 96.9 96.5 95.5 95.9 96.1 95.9 96 96.7 97.4 97.9 98.3 98.7 99 98.8 98.3 98.3 98.4 97.9 96.5 95.7 96.3 96.3 96.9 101.7 103.2 104.3 107.2 109.6 111.3 112.8 116.4
78.4 78 76.7 75.6 75.6 75.9 74.3 72.5 73.7 74.5 75.1 75.2 76.3 78.3 78.8 77.1 76 76 76.2 77 78.1 77.8 79.1 80.3 80.5 80.8 81.8 82.9 83.6 85.5 88.1 88.7 88.9 88.6 88.4 87.8 87.7 87.5 88.3 90.4 89.7 89.5 90.5 92.1 93.1 95.4 94.9 96.1 96.8 96.3 96.1 95.5 95.2 96.3 96.7 96.9 97.6 98.3 99.3 99.7 99.3 99 99 98.3 98.3 99.2 99.3 95.7 97.1 95.7 96 97.4 98.5 99.5 104.1 107 110 111.4 114.3 116.2
77.4 74.9 74.7 74 73.9 73.9 73.5 73 73.5 74.3 74.9 76.2 79.3 79.9 80.1 78.2 77.7 77.5 76.7 76.4 76.7 77.2 77.6 78.7 79.1 80.1 81.9 82.4 82.7 84.4 87.6 89.6 91 91.6 91.3 89.1 88.2 88.4 88.7 88.9 89.1 89 89.3 90.1 92.4 95.2 94.6 96.4 96.8 96.4 96 95.6 95.7 95.8 96.9 97.4 98.2 99.1 99.9 99.3 99.4 99.2 98.8 98.2 99 99.2 99.6 99.1 97.5 97.4 97.6 97.3 98.5 98.8 102.9 105.9 108.4 111 114 115.9
74.6 73.7 73.4 73.5 73.5 73.4 72.9 75.3 74.4 75.5 77.9 79.3 80.5 80.8 80 78.4 77.6 77.5 76 76.1 76.9 78 78.6 79.7 80.2 80 82.2 84 84.2 85.4 87.7 89.6 91.4 92.4 91.9 89.9 88.6 88.6 88.7 88.3 88.3 88.7 89.1 89.7 91 91.8 92.7 93.9 94.6 95 95.5 97.8 98.2 97.7 97.2 97.3 98 98.4 98.5 99.1 99.7 99.4 99.4 98.8 99 99 99.5 99.9 99.7 100.2 99.3 98.4 98.2 99 102.5 104.9 107.2 109.4 111.9 114.6
73.3 72.9 73.1 73.3 72.9 73 74.8 74.9 75.1 75.9 78.7 79.8 80.1 81.6 81.3 79.3 79.2 77.6 75.7 75.4 78.1 79.5 79.6 80 81.4 80.1 81.9 84.1 84.8 85.8 86.8 87.5 89.3 90.4 90.6 88.5 88.3 88.5 88.9 87.9 88.2 88.5 88.8 89.2 90.7 91.6 92.5 94 96.3 97.4 96.8 97.2 98.2 97.5 98.1 97.3 97.6 98.9 98.6 98.5 99.6 101.6 101.3 99.9 99.5 99.7 99.4 99.7 100 101.7 101.6 100.9 99.9 99.3 101.5 103.9 106.1 107.5 109.5 111.9
72.5 72.9 72.6 71.6 73.1 74 74.1 74.2 74.5 76.9 79 78.9 79.3 81.2 82.3 80.6 79.7 79.6 77.7 75.6 77.8 79.8 79.9 80.8 82.5 82.9 81.1 82.5 83.9 84.7 85.6 86 86.3 87.1 88 87.8 87.5 87.7 87.7 87.9 88.1 88.8 88.3 89.1 93 94.6 95.3 96.2 97.7 97.9 99 97.5 98.9 98.3 97.5 97 97.2 97.6 98.5 98.3 99.1 101.6 103.2 101.4 100.4 100.9 100.8 99.9 100.4 102.4 103 102.2 100.6 100.4 101.2 103.5 105.4 107.2 109.4 111.5
72.2 72.2 72 72.6 73 73.9 73.9 74.1 74.4 76.9 79.3 77.8 78.9 80.8 81.2 80.4 79.5 80.4 79.2 77.8 76.9 81.2 80.3 81 83.2 83.7 81 81.7 82.7 83.3 83.5 84.9 85.8 86.7 88 88.6 88.7 89 88.6 88.8 88.6 89 89.5 88.8 91.6 93.9 95.6 96 96.3 99.3 100.3 98.1 97.7 97.8 96.9 97 97.5 98.6 98.9 99.8 100.4 100.4 102.1 102.1 101.4 101.2 101.6 100.8 101.2 103.1 103.7 101.5 100.1 100.3 101.1 103.3 105.2 107.4 109.4 111.5
71.1 71.6 73 73.3 75 73.9 73.6 73.7 74.2 75.7 76.9 78 78.9 79.8 80.5 79.6 78.8 78.3 80.4 79.7 79.8 81.5 81 81.3 82.8 81.7 80.5 81.3 82 84.3 86 85.7 87.3 89 89.6 90.5 90.9 91.7 91.4 89.3 89.7 90.1 90.1 89.1 89.8 90.8 93.3 93.1 94.9 98.3 99.3 98.5 97.9 97.7 97.3 96.9 97.5 99.2 100.6 101.3 101.2 100.8 101.5 103.2 102.6 102.5 103.7 103.2 103.1 103.4 103.9 103.3 101.1 100.7 100.9 102.3 103.9 106.4 108.9 111.4
72.4 73.2 73.9 73.9 74 74 73.5 73.3 73.7 74.2 75.6 77.6 78.2 78 78.3 78.9 78.6 77.9 78.1 79.8 80.5 81.3 81.3 81.9 82.6 80.6 81.3 82.8 84 86.8 88.9 88.6 88.5 89.3 90.7 90.9 92.2 92.6 92.7 91.2 90.9 92 93 90.8 89.7 89.7 90.4 92.4 95.4 98.1 98.8 99.3 98.1 97.2 97.7 98 98 99.1 100.7 101.4 101.3 102.5 102.9 103.4 103.8 103.9 104.3 105.2 104.2 104 105.1 104.7 102.3 101.7 101 101.4 103.4 104.8 106.9 109.8
73.5 73.4 73 73.1 73.3 73.6 73 73.1 72.9 73.4 74.2 75.3 75.6 76.5 77 77.8 78.3 78.1 77.4 77.8 78.6 81 82.1 81.8 81 79.6 82.2 83.6 85.3 87.7 88.8 88.9 86.8 85.9 87.1 88.5 90.5 92.4 93.5 93.7 93.3 93.8 93.6 91.6 89.6 89.1 90.5 94.6 97.6 99.1 98.7 98.4 96.3 96.6 98.7 100.1 99.5 99.5 100.2 101 102.7 103.6 102.6 104.5 105.6 107.1 106 105.3 103.8 103.8 104.9 105.4 104.2 103.2 101.3 101 103 104 104 105.9
73.4 73.3 72.9 73.1 73.1 73.4 73.5 73.2 72.6 72.3 72.4 73.1 74.2 75.6 76.4 77.4 77.8 77.8 77.3 77.3 78.3 80.6 82.6 81.7 79.7 81.2 84.2 86.3 87.1 85.4 84.9 84.8 84.2 83.4 84.4 85.1 87.2 88.9 90.9 93.2 93 93 91.7 90.1 88.9 89.1 90.3 93.9 97.6 98.9 97.9 97 96.7 95.4 98.1 100.7 100.9 101.8 101.2 100.8 101.6 103 102 103.6 106.6 107.9 106 105 104.1 104.1 104.9 105.3 105 104.5 102.1 101.9 102.4 103.1 103.6 104.4
72.8 73.6 73.6 72.9 73.4 73.7 74.3 73.9 71.9 71.5 71.7 72.1 72.7 74.6 75.7 76.6 77.1 77 77.3 77.3 77.5 81.4 84.2 84.3 82.9 84.3 85.7 87 87.8 85.5 82.9 82.9 82.2 81.9 83.4 83.9 85.1 86.4 87.3 89.5 89.7 89.5 89.6 89.7 88.8 89.3 90.2 92 94.5 96.9 94.3 95.7 94.7 92.8 94.7 99.3 99.3 102.6 102.3 101.5 102.1 101.7 101.5 102.5 105 106.2 105.5 106.1 104 103.6 105.2 106.9 107 105.8 105.2 102.1 104.5 106 105.3 103.7
73.3 73.5 74 73.1 73.7 73.3 73.1 72.3 71.7 71.4 71.5 71.5 72.4 73.7 74.5 75 75.6 76 76.7 77.2 78.4 80.7 83.6 85.2 85.6 86.4 86.8 87.6 87.8 86.7 83.1 81.3 81.2 82 81.9 83 84 85.7 86.4 87 88 89.2 89.9 90 88.7 89.4 91.6 91.3 91.4 94.8 92.1 91.7 92 92.2 92.2 94.3 96 102.1 101 102.6 103 101.6 101.6 102.3 103 104.8 104.9 106.4 105.2 104.7 107.2 109.7 109.9 109.1 107.3 105 104.3 107.1 106.6 106.9
72.5 73.8 74.3 73.8 73.9 73.6 73.2 72.4 71.8 72 72.1 71.9 72.5 73 73.5 74 74.7 75.8 76.8 79.7 81.4 82.4 83.7 85.4 86.2 85.9 84.8 85 86.1 85.4 83.2 82.4 81.2 81.2 82.2 82.8 84.5 86.9 87.4 87.3 87.8 89.6 90.4 90.6 89.8 89.8 90.7 91.6 92 91.8 91.3 91.1 91.7 92 92.2 94.5 96.4 97.1 98.3 100.3 102 100.8 101 101 101.2 102.3 103.8 105.1 104.9 106.5 109.3 110.4 110.5 110.7 109.9 107.1 106 106.6 108.3 108.4
72.1 74.3 73.5 73 73.1 73.3 73.3 73 74.5 75 73.3 73.3 72.8 73.2 73.3 73.7 75.1 77 78.6 81.8 83.4 82.7 82.9 83.5 84.2 83.3 82.6 82.1 82.7 83.5 82.5 81.8 81.2 81.6 83 83.7 86 87.4 87.2 87.8 88.1 88.9 89.5 90.3 90.9 89.5 90.4 91.5 93 92.3 91.4 91.1 91.7 92 93.3 95.7 96.3 97.3 97.8 99.3 99.9 100.5 100.4 99.6 100.6 101.7 102.1 104.6 105.2 107.5 110.7 111.1 111 110.9 110.5 107.8 108 109.3 108.6 110
72.3 73 72.5 72.4 72.3 72.7 72.8 72.9 74 75.1 75.4 75.2 75 74.8 74.7 74.6 75.2 77.5 79.9 81.8 82.2 81.9 81.6 84.7 85.6 84 82.4 81.7 81.8 82.6 84.7 82.4 82.9 83.3 84.6 84.8 86.1 87.3 87.5 87.8 87.9 88.6 89.1 89.8 91.4 91 90.6 91.2 92 92.1 91.3 91.3 91.3 92.6 93.8 95 96.1 97.6 98.5 98.6 98.5 98.3 99.8 99.8 100.4 101.5 101.9 103.1 104.9 108.8 112 112 111.9 111.8 110.1 108.3 109.1 110.3 109.5 111.8
72.7 72.5 73 73.1 73.1 73.2 72.5 72.9 73.4 77.1 79.9 79.1 77.4 76.9 76.3 75.8 76 76.4 78.7 80.4 81.9 83.5 83.5 84.3 85.1 84.6 84.3 82.6 81.9 82.3 83.4 82.6 84.6 85.4 84.1 83.5 83.8 85.7 86.6 86.9 87 87.4 88.3 88.7 89.6 91.4 92.5 92.5 91.8 92.3 91.3 91.3 91.2 91.3 92.3 93.8 94.3 95 97 98.3 98.1 97.2 98.2 99 101.1 103.1 102.4 102.4 104.3 108.3 110.9 111 111.2 111.3 111.5 104.3 108.2 111.3 111.9 112
72.4 72.6 72.7 72.9 73.3 73.5 73.1 73.1 74.2 78.1 79.5 78.5 77.8 77.6 77.1 76.6 76.3 76.5 77.6 78.6 81.1 82.8 83.1 83.5 83.8 83.5 83.7 82.7 81.8 81.5 81.8 82.6 83.9 83.2 83.1 84 84.8 83.7 85.2 86 87 88.2 88.7 89.4 89.5 90.5 92.3 92.4 92 91.8 91.9 91.6 91.2 91.3 91.6 92.3 93.6 94 95.7 97.9 97.1 96.8 97.3 98.1 99 102 102.1 103.1 104.8 108 111.9 110.4 109.6 110.5 110.5 107.4 106.4 111.6 113.8 113.9
72.2 72.3 72.5 72.8 73.3 73.7 73.6 72.9 74.2 75.7 77.2 77.3 78.1 78.1 78.2 78.2 77.7 77 77.3 78.4 79.6 82.2 83.5 83.8 83 83.6 84.5 82.6 80.7 81 81.3 81.5 81.6 82.8 85.3 84.7 85.3 85 84.9 85.4 85.9 87.1 88 88.5 89.1 89.9 90.3 90.5 90.3 90.6 91 91 90.7 91.6 91.7 92.5 93.6 93.6 94.6 96.9 97.8 97.9 97.4 98.2 99.6 101.3 102.4 106.9 108.5 111.4 112.5 111.8 111 110.5 110.7 111.4 106 110 114.9 115.3
71.7 71.9 72.2 72.5 72.7 73.7 73.9 73.9 74.1 74.7 76.1 76.2 76.7 77.2 77.7 78.5 78 77.2 76.2 76 76.1 79.7 83.2 84 83.2 83.5 84.7 82.3 80.7 81 80.5 82.4 83.4 84.7 85.6 85.2 84.4 84.6 84.6 84.8 85.3 86 88 87 87.5 88.9 88.9 88.7 89.7 90.4 90.2 90.5 90.8 91 91.7 94.8 95.4 95.1 94.7 96.4 98.4 98.3 97.5 98.4 99.1 100.2 102.3 108.4 111.8 112.4 113.1 113.9 114.2 113.9 111.8 111.1 109.6 109 113.8 114.9
72.1 72.1 72.1 72.5 73.1 73.6 73.8 73.9 74 74.3 74.3 74.6 74.6 75.1 75.6 76.1 76.9 75.5 75.4 76.1 75.7 75.9 76.7 78.8 82.6 83.4 83.9 80.1 80.2 80.5 80.9 84 84.4 85 85.3 86.6 87.4 86.4 84.7 85.2 85.9 86.9 88.3 88.2 88.1 88.6 88.1 89.1 90.9 92.7 91.5 91 91.1 91.3 91.8 94.8 94.9 94.5 95.1 96.5 97.9 97.6 97.8 97.7 98.6 99.5 102.3 109.3 111.7 112.5 113.3 114.1 115 115.6 114.1 111.6 112.2 108.4 110.1 113.5
71.9 71.9 72 72.5 73 73.5 73.4 73.5 73.8 74.2 74.3 74.4 74.1 74.2 74.5 74.7 74.4 74.8 76.6 77.9 78.3 76.9 76.9 77.2 80.4 80.9 80.9 78.9 79.3 81.2 82.9 84.2 86.1 87.6 86.4 87 86.6 85.5 85.2 84.9 85.4 85.7 86.4 87.2 87.6 87.9 87.9 88.5 88.6 91.4 91.6 91.5 91.5 92 92.3 93.2 94.8 94.1 94.9 95.9 96.6 96.7 97.7 98.5 98.8 99.3 102.2 107.7 111.1 112.4 113.2 113.6 114.3 115.1 114.6 112.5 111.6 109.6 111.3 113.2
71.5 71.7 71.9 72.4 72.8 73.2 73.1 73.4 73.6 74 73.5 73.5 74.3 73.3 73.9 74 74.4 76.5 79 79.8 79.9 78.4 77.6 78 78.7 78.8 78.8 78.9 81.7 83.7 84.2 84.9 87.8 88.6 86.8 87.2 87 86.8 85.6 85.6 86.2 86.4 86.7 87.1 87.2 88.1 88.4 88.5 89 90 89.8 91.2 92.9 92.8 93.8 94.5 94.5 94.2 95 95.1 95.7 96.7 98 98.9 99.3 100 102.8 107.3 110.8 111.8 112.7 113.7 114.2 114.9 114.9 113.3 112.3 110.3 111.3 112.9
71.5 71.7 72 72.5 72.8 73.2 73.2 73.2 73.2 73.3 73.1 73.5 73.6 74.4 75.1 75.6 75.2 77.3 78.7 79 79.4 79.2 77.4 77.5 78.8 78.6 78.5 82 82.4 83.3 85 86.2 89.1 88.8 87.2 86.2 87.6 87 86.2 86.4 86.5 86.8 86.9 87.7 88.2 88.9 89.4 90 90.6 90.2 89.4 90 91 93.5 93.8 94.7 95.4 95.1 95.4 96.1 96.3 96.5 98.2 98.9 99.3 100.5 102.5 105.9 109.5 111 112.6 113.9 114.4 115 115.4 114.1 113 112.1 109.8 112.2
70.4 71.7 72.1 72.4 73 73.4 72.9 72 72.9 73 73 73.3 73.5 74.2 75.1 75.2 74.8 74.8 76 76.8 77.3 79.1 79.7 81 81.2 82.7 83.3 84.2 84.1 85 85.4 85.4 87.8 87.7 86.9 86.5 87.2 86.8 87.8 87.5 87.3 87.2 87.7 87.3 88.5 90.3 90.9 91.3 92.3 92.2 92 89.1 90.4 94.5 95.1 94.9 96.6 96.9 95.5 96.7 98.3 97.8 97.8 98.6 99.5 100.9 102.4 105.6 108.5 110.9 112.6 113.9 114.6 115.2 115.2 114.1 113.5 113.4 112.1 111.2
70.1 71.8 72.2 72.5 73 73.1 72.2 71.5 71.9 72.4 72.8 73.1 73.8 74.2 74.2 74.4 74.2 73.7 75.4 75.8 76.3 78 80.3 81.4 82.5 83.8 84.4 84.9 85.3 85.7 85.4 84.7 85.5 87.4 87.8 88.3 87.6 88.2 87.7 89.2 89 87.8 87.5 87.2 88.8 89.8 91 90.7 92.1 94.5 94.6 90.8 90.6 95 96.7 96.6 96.1 96.6 95.6 96.3 97.3 97.7 97.4 98.1 99.4 101.3 103.5 106.8 109.1 109.5 111.2 112.8 113.9 114.9 115.3 114.6 113.7 114.2 113.9 111.8
