public/OST50/NZ50.asc
ncols 200
nrows 200
xllcorner 450000
yllcorner 500000
cellsize 50
[rows 0 to 34 of 200, columns 0 to 79 of 200]
88.3 86.4 85.3 85 84.5 84 82.4 82 82 80.9 80.3 80.5 79.2 78.5 80.5 81 80.5 80.4 80.2 76.8 75.3 75 75.1 75.7 76.4 78.1 80.2 79.6 80.7 79.5 79.8 79.2 78.7 76.1 74.8 73.8 72.4 68.9 69 69.6 67.9 68.5 68.9 68.4 68 68.4 68.5 69.6 71.1 72.2 73.4 73.3 72.8 73.3 73.8 75.7 76.2 75.1 78.3 82.1 82.2 81.2 80.5 80.1 81.4 82.3 82.5 83.6 85.7 85.4 85.5 84.8 84.3 84.7 84.3 84.2 84.1 83.1 84.1 84
86.8 85.5 85.3 84.8 82.9 82.7 84.4 84.3 84.6 82.4 79.1 79.4 77.9 76 78.1 78.7 78.4 78.5 79.2 75.5 73.8 73.2 72.9 73.3 74.4 75.3 79.4 79.8 78.4 77.8 77.5 77.3 77.3 75 72.7 71 68.5 67.6 68.1 68.2 68.6 67.9 68.4 67.9 67.8 67.4 67.4 67.8 68.9 69.6 71.5 72.4 72.9 72.8 72.4 72.5 72.3 73.4 78.9 80.9 79.7 80.2 80.9 80.8 80.7 82.6 82.4 84.4 84.8 84.3 85.6 84.1 84.7 83.9 83.7 83.7 83.3 83.7 83.8 83.9
87 86.2 84.5 82.2 80 80.3 83 84.5 85.9 83.5 80.1 78.7 77.3 76.3 76.8 79.5 79.8 79.2 77.9 74 71.3 71.3 71.4 71.7 72.4 71.7 76.1 75.9 75.4 74.5 74.2 74.3 75 74.9 73.1 69.7 68.2 67.2 67.7 67.7 67.8 67.7 67.5 67.6 67.3 67.3 67.4 68.1 67.7 68.4 69.5 71 71.7 71.7 71 71.6 71.7 71.9 75.5 77.1 77.7 78.8 81 80.3 80.1 80.8 82.4 84.4 84.6 83 83.7 84 84.7 84.7 84 83.1 83.2 82.7 83.6 84
85.7 85.3 82.5 78.6 76.4 78.8 80.6 82.7 84.6 84.3 80.9 78 76.7 75.6 75.9 78.4 78.2 77.5 76.7 72.6 70.1 70.9 71.7 71.2 70.5 69.9 70.2 71 70.7 69.6 69.4 70.5 73.1 74.4 72.7 68.4 67.9 67.3 67.6 67.7 68.2 67.4 67.6 67.5 67.7 68.3 68.1 67.4 67.7 67.6 69.3 70.5 70.5 70.5 70 70.5 70.8 71.6 72.8 74.2 76.3 77.5 78.3 79.2 79.2 79.2 81.1 83.1 83.3 83.2 84.7 83.9 83.8 84.4 84.5 83.9 82.6 82.1 82.3 84.4
85.2 83.7 81.8 78.4 77.1 78.8 79.9 81.6 83 83.3 81.4 78.3 75.9 76.4 75.8 76 75.2 75.1 73.9 71.5 69.7 70.9 72.3 72.2 71.6 70.3 69.5 69.6 68.9 68.3 67.2 67.3 69.1 69.6 68.8 68.5 67.4 67.2 67.5 67.8 68 67.4 67.7 67.5 67.7 67.3 67.2 67.7 67.8 68.7 69.5 69.8 70.1 69.5 69 70.1 71 71.6 72.2 72.6 73.3 75.7 76.9 76.3 76.6 78.9 80.3 80.4 83.2 83.4 84 83.9 83.8 83.8 83.6 83.3 81.9 81.6 81.5 82.3
85.2 83.5 82 78.7 77.5 77.6 78.6 79 81.8 82.8 81.6 78.3 75.8 75.9 75.3 73.8 74.8 74.1 71.2 70.2 69.7 71 73 73 73.4 71.9 71.9 71.6 71.3 69.5 67 66.8 67.1 67.5 68.7 68.8 67.9 66.7 67.3 67.4 68 67.3 67.6 67.3 67.2 67.5 67.5 67.9 67.5 68.7 70.3 69.5 69.6 68.6 68.6 69.3 71 72.3 72.2 71.8 73.8 77.9 78 74.3 75.7 79.1 79.3 79 79.6 80 81.4 82.5 84.7 83.3 83 83.2 82.8 81.2 81.4 81.4
84.5 83.3 81.7 79.3 78 77.6 77.1 76.8 78.8 80.7 80.7 78.3 75.3 74.9 73.8 72.7 73 72.9 73.5 72.9 72.1 72.4 72.1 74.5 74.2 73.9 74.7 73.4 71.5 68.9 67.1 66.8 66.6 66.4 67 67.1 67.4 67.4 67.3 67.8 67.4 67.2 67.3 67.2 67.2 67.3 67.4 67.8 68 69.5 69.8 68.7 70.2 68.7 68.3 68.5 68.5 69.8 70.3 71.1 72.5 76.2 76.7 73.3 73 76.4 78.3 78 80.4 80.5 81.3 81.9 83.3 83.1 82.2 81.7 81.6 81.3 81.2 81.3
84.7 82.9 80.9 77.7 77.2 77.1 76.8 76.3 77.1 78.8 78.9 77 74.7 74.2 72.4 72 71.8 71.4 73.9 74.8 75.8 77.8 74.4 73.7 74.2 74.6 74.6 73.5 70.6 68.7 66.7 66.3 66.2 66.3 66.5 66.5 66.7 67.5 67.2 67.8 67.4 67.2 67.2 67.2 67.2 67.2 67.4 67.6 67.8 67.9 67.7 68.8 70.5 68.8 68.9 68.7 68.5 68.7 69.5 70.4 71 72.3 72.9 72.1 72.3 73.4 75.1 76.5 78.9 80.4 81.4 81.6 82.9 82.6 81.9 81.1 80.2 80.5 81 81
84.2 81.7 79.2 78.9 77.9 77.9 78.2 77.2 76.4 76.5 76.1 74.3 74.5 74.3 72.2 71 71.1 71.9 71.8 72.6 74.2 75.3 75.2 74.7 76 73.9 74.4 73.1 71 68.8 67.4 66.7 67.1 66.6 66.7 66.4 66.9 67.1 66.8 67.5 67.3 67.6 67.7 67.2 67.3 67.8 67.5 67.6 67.7 67.6 67.5 67.6 67.7 68.3 68.6 68.8 68.8 69.5 69.4 69.8 70.5 71.2 72.2 72 71.9 72.3 73.4 75.4 77.5 79.1 80.3 81 82.2 82.2 81.8 80.8 80.3 80.1 80.5 80.2
82.7 81.8 79.7 78.3 78.7 78.7 79.6 82.1 78.9 75.5 74.2 73.6 74.1 73.6 71.9 69.9 70.2 70.4 70.1 70.6 72.3 73.5 73.2 75.7 77.5 76.3 75 73.8 71.9 69.9 69.5 68.9 67.4 67.5 68 67.3 67 66.7 67.2 66.9 67.1 67.6 68 67.4 67.4 68.5 68.7 68.1 67.6 67.6 67.6 67.4 67.6 67.7 68.7 68.7 69.5 70.3 70.2 70.4 71 71.9 72.2 72.9 72.6 72.5 72.8 74.8 76.5 78.1 79 79.9 81.1 82.1 81.4 80.2 80 80.7 80.3 80.4
81.8 81 80.2 79.7 79.6 80.5 82 84.2 82.5 77.4 75.4 73.3 73.1 72.2 71.1 69.1 68.6 68.6 69 69.4 71.1 73.2 72.9 75.2 78.7 78 76.4 73.8 71.3 70.6 70.2 69 67.3 67.6 68 67.9 67.4 67.6 67 66.7 66.6 67.1 67.9 67.5 67.3 68.1 68.4 67.3 67.5 67.7 67.6 67.3 67.8 68.3 68.7 68.8 69.9 70.8 70.6 70.2 70.6 71.9 71.6 72.9 73.1 72.9 72.2 73.9 75.3 77 78 78.3 79.3 80.9 80.5 79.8 79.2 79.5 79.8 80.3
82.3 81.7 81.1 81.4 81.9 82.5 84.3 85.7 84.3 78.6 75.6 74.7 73.3 72.2 70.1 68.7 68.1 68 68.6 68.9 70.5 72.5 72.6 73.9 77 76.4 77.4 75.6 72.6 69.3 67.7 67.5 66.8 67.5 67.4 67.7 66.9 66.9 66.5 66.9 66.7 66.8 67.2 67.7 67.8 67.9 67.6 67.3 67.5 67.7 67.5 67.3 67.8 68.3 68.5 69 69.6 70.2 70.3 70.4 70.9 71.1 71.1 72.5 72.5 72.3 72.2 72.8 73.4 75.3 77.3 77.8 77.7 78.4 79.5 79.7 79.1 78.1 79.9 79.9
82.5 81.7 83.3 84.5 86.5 85.6 86.1 86 82.5 78.5 77 76.3 73.1 72.2 71.1 70.4 68.8 67.5 68.3 68.8 70 70.4 69.7 69.9 70.9 71.5 75.9 76.7 74.5 70.6 67.1 66.7 66.3 66.5 67.3 67.6 67.3 66.7 66.5 66.6 66.5 66.7 66.9 67.3 67.5 67.7 67.8 67.4 67.4 67.7 67.3 67.3 67.7 68.2 68.4 68.5 69 69.1 69.1 70.7 71.3 71.1 70.7 71.7 72.8 73.1 72.2 71.8 72.8 74.2 76.1 76.2 76.7 76.5 77.8 78.1 77.9 78.2 77.4 76.8
83.3 83.2 85.4 88.6 90.1 89.4 86.7 82.9 78.4 76.6 77.6 76.8 73.9 72.4 71.9 70.8 69.1 68.3 67.6 67.7 69.2 69 68 69.1 69.2 70.1 72.4 73.6 73.4 70 67.1 66.8 66.3 66.1 66.7 66.1 66.4 66.9 66.6 66.4 66.5 66.7 66.8 67.5 67.7 67 67.6 67.4 67.3 67.6 67.2 67.9 68 68.1 68.2 68.4 69.3 69.4 69.3 70.6 71.5 71.5 70.8 71.3 72.3 73.2 72.8 71.9 72.5 73.6 75.6 75.8 76.3 76.2 76.8 76.5 76.7 76.5 74.5 74
84.5 86.1 87.4 87.8 88 89 86.7 79.9 77 77.2 76.1 75.4 72.9 72.2 70.9 69.9 68.4 67.9 67.7 67.7 67.7 68.9 68.1 68.8 69.7 70.9 71.6 72 72.3 69.6 66.9 66.4 66.2 66.1 66.2 66.3 66.3 66.5 66.4 66.4 66.5 66.8 66.8 67.4 67.5 67.5 67.6 67.5 67.2 67.4 67.5 67.8 68.1 68.2 68.1 68.7 69.2 69.4 69.5 70 70.8 71.8 71.4 71.3 72.3 73.7 73.2 73.1 73 74.2 75.5 76 75.8 76 75.7 74.4 74.4 74.1 73.7 73.2
84 86.2 84.8 84.4 85 86.6 82.7 78.5 77.1 76.9 75.4 74.3 72.6 70.3 69.6 69.6 68.3 68 68.2 67.6 67.8 67.9 68.4 68.8 69 69.6 70.7 70.9 70 67.9 66.6 66.4 66.2 66.2 66.2 66.2 66.5 67.1 66.4 66.9 67 66.9 66.8 67.2 67.2 67.3 67.5 67.6 67.5 67.7 67.8 67.9 68.1 68.3 68.4 68.5 68.9 69.4 69.5 70.9 71.7 71.8 71.1 70.9 71.6 72.4 73.6 73.5 73.4 73.9 74.2 74.4 75 74.3 72.8 72.7 72.9 73.4 73.4 72.8
82.9 84.1 82 82 84.8 82.6 78.1 77.4 76.9 77.3 74.9 74.3 72.2 69.9 69.1 68.1 67.4 67.8 66.6 66.9 66.9 67.7 67.9 68 68 68.4 68.6 68.7 67.8 67.2 65.7 66 66.2 66.3 66.1 66.1 66.4 66.5 66.6 67 66.7 66.5 66.8 67.2 67.3 67.2 67.4 67.4 67.7 67.9 68.1 68.1 68.4 68.6 68.7 69 69.3 69.4 69.4 69.7 70.1 70.3 70.5 71.3 70.9 71.4 73.1 73.6 74.2 73.7 73.5 73.3 73.2 71.7 71.4 71.9 72.3 72.1 72.6 72.4
83.1 81.6 80.7 81.4 83.2 81 78.3 77.9 77.1 75.9 74.6 73 72 70.4 68.6 67.3 67.3 67.1 66.5 66.8 66.7 67.4 67 67.2 67.1 67.4 67.4 67.3 66.4 66.4 65.9 66.2 66.5 66.5 66.1 66.1 66.1 66.4 66.9 67 66.9 66.6 66.9 67.2 67.4 67.3 67.1 67.4 67.7 67.9 68 68.2 68.4 68.4 68.5 69.1 69.3 69.1 69.2 69.2 69.8 69.8 70.2 70.6 70.2 70.7 72.2 72.8 73.5 73.6 73 72.2 71.8 71.3 71.1 71 71.6 71.8 70.9 72
85.8 81.9 80.6 80.9 81 78.9 78.5 77.6 76.6 74.4 72.7 72.9 71.2 69.7 68.7 67.4 67.4 67 67 66.3 66.3 66.1 65.5 65.6 65.6 66.2 65.9 65.4 65.6 65.9 65.8 66.2 66.7 66.8 66.8 66.7 66.6 67.6 68.1 68 66.8 66.8 67.1 66.8 67.6 67 67.3 67.5 67.7 67.7 67.8 68.1 68.2 68.4 68.9 69.3 69.2 69.1 69.3 69.5 69.6 69.7 69.9 69.9 70.1 70.4 71 71.2 70.5 70.9 71.6 71.4 70.4 71.5 71.3 70.9 69.9 72 71.9 72.5
84.8 81.5 79.5 78.5 78.3 78 78 76.9 75.5 74 72.9 72 70.3 69.5 67.9 67.5 67.3 66.9 66.9 65.8 65.4 65.4 65.6 65.8 66.2 65.2 65.3 65.3 66.5 65.6 65.9 66.4 66.6 66.6 67 66.7 67 67.3 67.9 68 67.3 67.3 67.3 67.2 67.5 67.1 67.4 67.2 67.7 67.7 67.9 68.2 68.4 68.9 69.1 68.9 69 69.1 69.2 69.4 69.4 69.5 69.9 69.4 69.5 69.6 68.8 69.2 68.8 69.8 69.7 69.1 70.3 70 71.6 72.2 72 72.6 72.6 72.6
83.5 81 78.3 75.9 77.1 76.8 76.3 75.6 74.5 73.6 72.3 71.1 70.4 69 68.3 68.1 68 67.7 66.2 65.4 65.3 65.1 65 65.3 65.4 65.1 65.3 65.2 66.4 65.8 65.9 66.3 66.3 66.4 66.8 67 67.2 67.5 67.3 67.3 67.7 68 68 67.7 67.6 67.3 67.6 67.6 67.3 67.9 68.1 68.3 68.6 68.6 68.5 68.8 69 69.2 69.2 69.1 69.2 69.6 69.9 69.3 69.4 69.6 69.1 69.1 69.5 70.2 69.4 70 71.6 71.5 72.5 72.7 72.7 73 73.1 73
81.5 80.1 77.5 75.8 74.9 75.1 74.6 74.4 73.9 73.2 72 71.1 71.2 70 68.9 68.6 68.5 67.1 65.5 65.1 65.2 65 64.8 65.1 65.3 65.2 64.8 65 65.7 66 66.2 66 65.9 66.2 66.5 66.4 66.9 68 67.3 67.3 67.5 67.4 67.9 67.8 67.6 68.3 67.5 67.5 67.2 67.4 67.9 67.8 68 68.1 68.7 68.8 68.9 69.1 69.2 69.1 69.2 69.5 69.8 69.6 69.8 69.7 68.5 69.3 70.5 70.6 71.6 71.4 71.7 72.2 70.9 72.8 73.1 72.9 73.3 72.9
79.7 77.7 75.9 74.8 73.6 72.9 72.9 72.6 72.5 71.8 71.7 71.4 70.4 69.2 68.6 68.4 67.4 66.2 65 65.1 65.1 65 64.9 65.1 65.2 65 64.9 65 65.8 66.1 66.2 66.1 65.7 66 66.2 66.2 66 67.9 67.6 68 67.3 67.8 67.2 67.4 67.8 69.3 68 67.3 67.6 67.9 67.7 68.1 68.5 68 68.6 68.6 68.8 68.9 69 69 69 69.5 69.8 69.4 69.8 69.8 67.8 69.7 70.4 71 70.8 71.3 71.2 71.6 71.9 72.5 72.8 72.9 73 72.2
77.8 76.2 74.8 73 72.2 71.5 71 71.4 71.5 71.6 71.3 70.7 68.5 68.5 68.2 67.9 67.1 65.2 65 65.1 65 64.9 64.9 65.1 65.2 64.6 64.8 65 65.9 66 65.8 65.8 65.7 66 66.2 66.1 66.7 67.2 67.8 68.2 67.4 67.6 67.4 67.4 67.5 69.3 69.1 68.6 68.4 68.1 68.5 68.7 68.6 67.8 68.4 68.4 68.6 68.7 68.7 68.8 69 69.5 69.8 69.1 69.4 68.1 68.2 68.2 69.7 70 70.2 70.3 71.7 71.7 72.1 69.8 72.8 73 72.2 71.8
76 74.4 72.8 72.3 71.5 70.8 70.4 70.7 71.2 71.5 71 70.2 68.8 68.7 68.4 67.7 66.1 65.4 65.2 65 64.9 65.2 65 65.1 65.2 65.1 64.9 65.1 65.3 65.6 65.6 65.6 65.6 66 65.7 66.2 66.8 67.8 67.2 68.7 68.2 67.3 67.4 67.7 68.7 69.2 69.1 68.7 69 69 69 69.3 68.4 67.6 68 68.4 68.6 68.6 68.7 68.2 68.1 69.2 69.8 69 66.8 67.5 68.5 68.4 69.7 69.8 70.6 70.7 71.4 71.8 72.2 71.8 71.1 71.8 72 72.1
73.3 73.4 71.9 71.6 71.1 71.1 70 70.8 70.8 71.2 70.9 69.7 68.6 68.1 68.1 67.5 65.8 65.3 65.6 65.1 65.3 65.5 65.1 65.2 65 64.8 64.9 65 64.7 65.5 64.9 65 65.1 65.7 65.7 66.3 67 68.8 68.2 67.7 67.3 67.2 67.4 68.6 69.5 69.1 68.6 68.4 68.6 69.4 69.5 69.1 68.1 67.2 67.1 67.4 67.8 68.2 68 67.9 67.4 68.1 69.9 67.9 67.6 68.3 68.2 69.2 69.8 70.6 69.7 71.1 71.5 71.8 71.8 71.9 70.4 72.1 72.3 72.5
72.2 72.6 71.9 71 70.7 70.2 70 70.8 70.3 70.1 70.2 69.8 68.9 67.9 67.6 67.3 65.8 65.3 65.3 65.4 65.6 66.1 65.6 65.2 64.8 64.5 65 64.8 64.8 65.1 65.1 65.5 65.5 65.8 66 67.6 67.5 68.2 67.4 67.4 66.5 66.8 67.4 68 68.8 68.5 68.6 68.4 67.8 68.1 68.2 68.4 68.5 67.8 67.3 67.2 67.4 67.8 67.6 67.3 67.1 68.4 70.3 68.2 68.5 68.4 69.2 68.9 69.2 69.7 70 69.8 70.1 70.2 70.6 70.6 70.7 71.8 71.9 71.8
71.1 71 70.9 70.7 70.4 69.9 69.9 69.8 70.1 70.3 70.3 69.8 69.2 68.3 67.3 66.7 66.5 65.4 65.5 65.9 66.1 66.9 67.4 66.7 66.2 65 64.8 64.4 64.6 65.1 65.1 65.8 65.8 65.6 66 67.4 67.7 67.9 68.3 67.9 67 67.1 67.1 67.4 67.6 67.9 68.4 68.2 67.6 67.2 67.5 68.3 68.7 68.3 67.2 66.8 66.9 67.4 67.3 67.4 67.5 68.3 69.6 68.5 69.1 69 69.3 69.4 69.4 69.3 69.5 69.6 69.4 69.4 70 70.4 70.7 70.2 71.9 71.9
70.4 70.2 70.2 70.4 70.1 69.7 69.6 69.7 69.9 70 69.6 69.5 68.7 68.5 67.3 66.4 66.5 66 65.9 66.3 67.5 67.8 68.3 67.9 67.1 64.9 64.5 65.2 65.8 65.6 65.5 65.7 65.4 65.6 66.4 67.1 67.7 68.2 68.6 68.2 67.5 66.7 66.9 67.3 67.8 67.7 67.6 67.4 67.1 66.8 67.8 68.8 68.5 67 68.1 67.8 67.6 67.5 67.5 68.1 68.4 68.9 68.9 68.3 69.3 69.2 69 69.1 69.2 69.4 69.3 69.2 69.1 69.4 69.9 70.3 70.7 70.4 71.5 71.9
69.6 69.7 69.8 70.3 69.8 69.8 70.6 69.6 69.7 68.9 68.4 68.2 67.8 67.4 67 66.6 66.5 67.1 66.8 67.3 67.2 67.4 67.7 67.3 67.2 64.7 66.2 67 66.8 66.3 65.9 65.6 65.9 65.7 65.7 66.9 67.1 67.6 68 67.6 67 67 66.9 67.2 67.5 67 66.7 66.7 66 66.9 68 67.3 67.6 67.6 68.2 68.2 68.1 68.3 68.9 69.6 69.2 69.3 70 69.5 69 68.8 68.9 68.9 69.3 69.4 69.2 68.9 69.2 69.5 70.1 70.2 70.4 70.8 70.6 71.9
70.4 70.1 71.1 70.7 70.1 70.3 70.2 68.8 68.2 68.2 68 68 67.7 67.4 67.1 67 66.6 67.1 67.8 67.3 67.2 66.8 66.3 66.1 66.1 65.2 67 67.6 67.5 67.5 66.5 66.1 66.6 66 65.6 66.8 66.5 67.3 67.1 66.7 66.6 66.8 66.8 66.8 67.3 66.9 66.4 66 66.3 66.6 66.7 67.2 67.3 67.6 68.1 68 69.3 69.6 70 70.5 70.4 72 69.6 69.6 69 69.2 68.9 69 69.1 69.5 69.2 69.1 69.3 69.4 69.9 70 70.1 70.3 69.7 71.7
72.3 71.4 70.7 70.3 69.9 69.8 68.6 68.2 69.4 70.3 69.7 69.5 68.8 68.3 67.8 67.3 66.9 67.5 67.6 67.8 67 66.3 66.1 65.7 64.4 64.7 67.2 67.6 67.6 68.1 67.9 67.1 66.8 67.1 66.7 66.8 67 67 66.9 67.1 66.9 66.6 67.1 67.9 67.8 65.6 66.5 67 67.8 67.6 67.3 66.9 67.3 67.8 68.1 68.1 68.3 69.5 70.7 71 73 71.5 70.2 69.6 69.3 69.7 69.1 69.1 68.7 69.5 69.2 69.2 69.4 69.2 69.8 70 69.9 69.9 70.1 71.2
72.6 71.9 70.7 69.8 69 68.2 68.1 68.8 69.8 70 70 69.7 69.2 68.6 68.3 67.8 67 66.9 66.8 67 67 65.9 65.6 65.5 64.8 66.1 67.3 67.6 67.7 68.1 68.3 68.3 67.6 67.9 66.8 66.6 67.2 67 67.1 67.3 67.6 67.5 68.1 68.5 68.5 67 67.4 67.3 68 68.1 67.5 67.4 67.9 67.1 67.3 67.4 67.5 68.3 69.1 74.4 70.5 69.5 68.8 69.6 70 69.9 69.4 69.3 68.9 69.2 69.3 69 69.6 69.3 69.7 69.9 69.7 69.8 69.9 69.1
72.6 72.1 70.6 69.1 67.8 67.9 68.8 69.7 70.4 70.2 70 69.9 69.3 68.5 67.9 67.4 67 66.8 66.6 66.8 66.6 66.1 65.1 64 65.7 66.3 66.4 66.7 67.5 68 68.2 68.3 67.8 68.1 67.2 67 66.6 66.3 66.2 66.3 67.2 67.3 67.2 68.2 68.4 67.8 66.9 67 67.3 68.1 67.7 67.6 67.8 67.6 67.6 67.2 67.4 72.2 72.9 68.2 68.4 68.7 68.8 69.7 69.9 69.9 69.4 69.6 69.4 69.4 69.3 69.3 69.8 69.6 69.5 69.5 69.2 69.8 70.8 70.7
71.8 71.1 69.1 68.1 68.4 68.6 69.7 70.2 70.2 69.9 69.8 69.9 69.2 68.2 68 67.4 67 66.6 66.3 66.8 67.1 66.7 66.3 65.9 65.2 65.5 65.5 66.1 66.9 67 66.9 66.8 67.2 66.9 67 66.2 65.7 65.4 65.5 65.8 66.2 66.3 66.4 67.4 67.3 66.7 66.7 67 67.5 67.5 67.1 67.1 67.5 67.2 67.5 68.8 72.4 69.3 67.6 68.2 68.3 68.3 68.9 69 69 68.9 69.8 69.6 70 69.8 69.6 69.3 69.8 69.9 69.8 69.9 69.9 70.6 70 70.7
