public/OST50/NZ60.asc
ncols 200
nrows 200
xllcorner 460000
yllcorner 500000
cellsize 50
[rows 140 to 174 of 200, columns 78 to 155 of 200]
384.9 377.6 369.9 361.2 352.7 347.8 339.6 331.9 324.9 306.7 291.4 296.9 305.7 316.9 328.9 330.7 330.2 326.6 317.4 303.2 279.1 261 243 228.1 218.5 210.5 204.3 201.7 213.4 225.6 243.5 260.4 270.7 279.8 293.2 307.1 314.6 319.3 323.5 326.8 330 333 336.5 341.2 343.6 345.6 346.5 347.4 347.6 345.6 338.5 338.8 334.6 327.6 333.4 338.3 342.2 350.6 362.7 376.2 381.7 383.8 385.6 386.9 387.9 389.1 389 387.9 383.6 378.3 374 370.5 367.1 362.2 358.2 352.7 345.5 334.9
384.7 377.5 370.6 361.9 352.8 346.5 339.5 331.5 323.7 311.8 294.2 302.9 312.5 323 330.4 331.3 330.3 327.3 317.9 308.2 287.2 268 247.5 232 221.4 212.6 207.2 202.4 212.2 225.2 244.4 262.3 270.1 280.1 293.2 305.4 313 319 323.4 326.7 330.1 333.5 338.1 343.1 346.9 348.4 349.7 350.2 350.4 350 345.8 348.3 344.2 330.3 334.2 338.3 344.1 352.6 364.7 376.1 381.6 383.4 384.8 385.9 386.9 388.5 389.3 389.6 387.5 382.1 376 372.6 369.5 365.1 361.1 355.2 348.3 337.2
385.3 377.4 370.4 361.9 353.5 345.9 337 331.5 324.7 314.3 301.5 311 319.3 327.7 332 333.1 332.2 329.6 322.4 310.3 292.2 270.6 247.8 240.2 230.4 219.5 211.4 203.8 210.7 222.6 240.2 259.8 268.8 277.1 291 300.8 311.4 317.2 321.9 326 330.3 334 339.7 344.3 348.4 350.2 351.8 353.1 353.2 352.3 351.5 353.3 351.6 342.7 333.5 339.5 345.7 352.5 363.4 373.4 380.9 382.5 383.8 384.9 386.1 388 389.2 390.1 390.3 386.4 380.5 374.8 372.6 367.6 363.4 358.1 352.9 344.4
385.5 377.7 370.5 362.5 352.6 345.5 336.4 330.1 323 308 314.2 318.4 325.8 330.1 333.4 335.4 334.6 332.2 325.2 310.9 288.6 266.9 258.1 254.2 241.2 228.5 219.1 212.2 207.2 218.6 233.5 253.1 266.8 274.5 283.6 293.1 307.6 313.5 319.4 324.1 328.9 333.5 339.9 345.7 349 350.7 352.8 354.9 355.4 355 354.7 355.4 356.2 351.1 340.8 340.1 346.5 355.1 363.5 371.6 379.7 381.3 382.9 384.5 385.9 386.8 388.4 390.1 391.3 390.5 384.6 379.7 374.7 371 365.7 361.6 356.4 344.7
385.3 378.7 370 362.2 352.4 344.2 336.1 328 322.3 322.3 322.7 326.8 330.6 333.7 337 339.2 337.4 334.2 329.2 315.5 289.8 284.8 281.3 268.8 254.9 243.6 230.2 221.1 208.8 216.4 227.5 243 259.6 270.9 277.2 285.3 297.4 308.6 313.9 320.6 324.4 328.5 336.9 344.8 349.2 352 353.9 355.6 356.7 356.9 355.9 356.7 358.2 357.6 352.7 345.9 348.3 354.8 362.7 368.6 376.6 380.4 382.5 384.1 385.8 386.8 388.2 389.9 391.4 392 389.7 383.2 378.4 374.3 370.1 365.8 361.9 350.8
385 378.7 371.2 360.8 352.3 342.2 334.4 333 330.1 329.9 330.3 332.2 335 340 342 342.4 339.7 336 331.5 321.9 311.9 310.7 298.8 283.6 270.6 258.4 244.2 230.3 218.8 211.8 222.6 234 250.2 264.3 272.7 279.4 288.8 297.6 307.9 314.1 318.2 322 331.1 341.5 348.6 352.6 355 356.3 357.1 358 357.9 358.1 359.2 360.3 358.8 356.4 346.4 354.4 360.2 369.1 377.1 380.6 382.6 384 385.5 386.7 388 390.5 391.6 392.8 389.4 388 383.3 379.3 374.7 370.4 367.6 360.5
385 379.9 372.3 361.7 348.1 342.6 343.3 341.8 337.3 337.3 339.8 341.8 344.3 346.3 348.7 347.6 342.8 338.5 334.1 332.2 328.1 322.1 309.9 293.2 284.5 271.1 259.1 250 239.9 224.1 213.3 226.9 242.3 260 269.5 276.8 283.1 291.1 298.4 306.3 312.7 319.2 327.8 336.5 347 352.1 354.7 356.9 357.3 359.4 359.9 359.6 360.9 362.2 362.4 361.6 359.6 350.9 358.7 369.3 377.3 380.8 382.8 384.3 386 387.8 389.2 390.6 392.6 393.4 391.7 390.2 387.4 383.9 379.1 375.8 371.7 370
385.7 380.2 373 355.5 352.8 353.5 353.1 350.6 347.9 349.6 352.4 353.6 354.8 355.9 356.7 353.8 349.1 342.5 338.6 336.1 332.7 327.8 316.5 309.8 297.2 283.3 272 264.8 254.8 243.8 228.1 220 235.6 250.6 266.9 273.2 280.9 287.2 294.9 300.7 308.6 318.1 324.5 334.8 341.7 349.8 353.5 355.5 357.4 359.9 361.7 362.6 362.7 364.7 365.3 365.3 364.2 360.9 356.4 366.1 375.5 380.1 382.7 384.8 386.6 388.6 391.4 393 395.1 394.8 393.2 392.8 390.9 388.9 384.3 380.5 377.4 375
387.1 381.9 375.8 367.3 362.9 362.6 360.7 358.6 357.4 358.7 361.1 362.1 364.3 365.9 365.6 361.6 355.7 350.3 344 341 337.4 333.7 329.1 323.5 313.8 297.1 281 273.9 267.4 253.9 241.6 220.4 230 245.4 263.5 270.6 277.4 285.1 291.2 299.6 307.1 315.5 323.5 331.4 338.7 346.4 351.2 353.5 355.8 358.7 362.6 365.9 366.6 368 369.1 369.7 369.4 367.3 364.4 362 370.4 378.1 381.4 383.7 386.4 390.1 393.9 397 398.9 398.5 395.9 394.9 394.3 392.2 389 386.1 382.8 379.8
388.8 384.1 379.7 375.5 372.2 369.1 366.4 364.7 364.2 365.7 368 369.8 370.8 371.1 370.2 367.7 362 357.1 351 345.8 341.4 339 335.6 330.3 321.8 308.6 291.1 280.7 273.2 263 247.7 228.7 223.6 239.8 257.5 270.2 276.4 282.7 290.1 297.4 305.6 313.5 321.6 328.1 336.6 341.5 347.3 352.5 355.8 359.9 364.6 368.4 370.3 371.7 374.6 374.6 373.8 372.6 371.3 370.8 366.5 375.3 380.9 384.8 388.5 392.8 397.8 400.6 402.1 401.5 399.3 398.7 396.8 395.5 393.2 390.2 387.8 385.4
391.1 386.8 383.7 380.4 377 374.7 372.4 370.5 370.3 371.5 373 374 374.8 374.6 373.9 372 369.3 363.4 357.1 351.5 346.8 343.4 340.7 337 330.7 317 299.9 286.5 276.9 268.4 253.5 237.1 224 236.9 250.1 268.8 276.2 282.6 290 297.1 304.9 312.7 319.1 325.9 332.9 340.3 344.7 350.5 355.3 360.9 367.2 372 374.1 376.3 378.2 379.8 380.6 379.4 377.1 377.3 374.1 376.6 382.7 386.3 390.7 398.9 403.1 404.7 404.1 405.1 404 401.8 399.6 397.5 395.6 394.1 392.8 391
393.6 389.7 387 384.4 381.7 379.9 377.8 376.1 375.4 375.6 377 377 377.4 378.5 377.6 375.4 373.1 369.3 363.9 356.6 351.5 347.5 344 341.5 337.7 324.9 308.2 295.4 284.4 272.7 260.5 243.9 228 234.5 246 259.9 272.7 281.7 290.5 298.1 305.1 311.5 317.2 323.7 329.8 337.4 342.8 346.5 353.9 360.8 369.3 374.1 377.4 379.8 381.8 384.1 386 386.6 385.4 382.4 380.5 378.7 384.5 389.7 395.4 401.7 404.7 406.4 408 408.9 408 405.9 402.6 399.8 398.9 397.3 395.7 396.2
395.8 393 390.7 389.1 387.8 385.7 382.8 380.4 380.3 379.7 380.2 380.6 381.2 382 381.8 380.5 376.4 372.3 368.3 361.6 355 350.9 348.5 344.7 340.8 332.1 314.8 302.7 294.4 281.9 267.1 251.5 237.6 229.9 241.4 252.3 261 271.5 286.1 294.9 304.3 310.8 315.8 321.4 328.7 335 338.9 344.9 352.9 361.2 370.1 374.6 377.8 381.5 384.3 387.1 389 390.8 390.8 389.5 386.6 382.8 388.4 393.5 399.1 403.7 406.2 408.5 410.6 411.6 411.4 409.3 406.7 403.7 402.1 400.1 400.4 401
398.6 396.1 394.3 393.7 392.7 391.7 388.9 386.3 386 384.7 384.7 384.5 384.6 384.5 384.2 383.1 381.2 377 371 366.1 359.2 353.8 351 348.1 342.2 338 320.6 309.1 302.7 292 273.6 257.3 243 228.2 236.9 248 256.6 262.9 271.5 281.5 293.2 304.5 311.9 320.3 325.9 333.4 338.6 343.6 350.2 359.2 369.1 374.3 378.7 381 385.4 389.1 391.8 393.7 394.3 394.3 391.3 388.9 392 396.9 401.6 404.7 407.4 410.1 412.7 413.9 414.2 413.2 411.3 408.5 405.8 404.6 404.2 405.6
400.5 399.5 397.6 397 396.6 396.1 394.8 392.7 390.8 390.4 389.5 388.8 388.5 388.3 387.3 386.1 383.3 379.6 373.1 368.2 361.9 356.8 354.1 351.5 343.5 339.9 327.3 314.5 308.9 298.8 283.1 266.6 252.1 241.5 232.2 247.5 253.5 262.4 269.3 276.9 284.8 291.8 300.4 314.4 324.3 331.5 336.9 342.8 348.9 356.8 367.2 374.9 379 381.5 386.3 390.3 393.3 395.8 397.5 397.3 395.9 394.3 396 399.9 403.7 406.2 408 411.3 414.4 415.1 415.9 415.9 414.9 413 410.9 409.6 408.9 409.3
403 402.4 401.2 400 399.7 398.5 397.2 396 394.7 393.8 393.4 393.3 392.4 391.5 390.1 388.6 385.5 380.7 375.3 369.5 364.3 358.5 355.9 351.8 344.6 340 332.2 319.4 310.7 303.8 291.3 269.1 256.4 249.2 236.3 240.3 250.7 259.1 267 274 282.1 288.1 295.3 307 323.5 330.3 336.8 342.3 347.6 355.6 366.1 375 379.1 382.4 386 390.2 394.3 397 399.5 400.7 399.4 399.2 400 403 405.3 407.5 409.7 412.2 415.2 416.8 418.2 418.3 418 416.8 414.5 413.3 413.1 412.4
406.2 406.3 405.1 403.5 402.9 401.7 400.4 399.3 398.7 397.6 398 396.9 395.7 394.2 392.3 389.6 386.4 381.1 375.2 369.9 364.6 359.1 355.8 350.3 344.5 340 333.4 321.1 312.6 304.4 293.4 275.8 262.9 255.6 246.4 236 242 251.2 258.7 267.8 280.6 288.2 293.1 300 321 328.1 336 341.9 346.8 354.3 364.2 374.3 379 383.2 386.1 390.5 394.7 398.8 401.2 402.9 402.3 402.5 404.1 404.8 407.3 409.1 411.7 414.2 417.5 419.7 421.4 421.5 420.3 419.7 418 416.7 415.9 414.3
409.4 408.6 406.7 405.9 406 405.5 403.7 402.2 402.1 401.7 401.7 402.2 403 397.6 393.3 389.8 385.6 379.3 374.5 369.8 365 359.3 355.7 349.6 344.8 339.9 333.8 321.3 312.9 305.3 293.4 281.2 265.5 257.8 249.9 239.4 240.5 246.9 256.3 268.9 280 287.2 292.9 298.6 311.8 326.9 334.6 341.2 345.3 351.8 363 373.6 378.7 383.8 386.6 390.6 395.2 398.6 401.8 403.7 404.5 404.8 406.2 407.8 408.7 410.6 413.2 416.6 420.5 423.3 424 424.1 423.1 421.8 420.2 418.5 417.7 417.3
409.5 407.2 406 405.5 404.7 405.2 405.1 403.6 404.4 405.7 405.9 405.6 404.3 398.4 394.2 389.3 383.9 378.6 373.4 369 364.8 359.3 355.6 350.5 344.8 340 333.8 322.1 311.9 302.5 292.4 280.8 270.3 261.3 251.8 242.1 240.2 246.7 253.8 264.8 275.2 287 290.7 297.3 303.1 326 332.2 339.4 344.9 349.8 360.3 371.2 378.6 383.7 387.2 391.4 395.5 399.2 401.3 404.1 406.2 407.1 408.3 409.8 411 413.1 415.7 420.3 424.1 425.6 426.5 426 425.1 423.4 421.6 420.2 418.1 417.9
408.8 408.2 405.1 403.2 403.3 404.4 405.1 404.6 404.9 407.3 407.1 406.1 404.5 397.5 393.6 387.7 382.6 377.2 372.6 368.6 364.5 359.4 355.1 349.6 344.3 339.1 333.7 324.5 310.5 300.6 290.2 281.6 271.4 264.1 254.9 246.8 240.4 247.9 254.5 262.4 269.5 282 291.2 295.1 300.4 325.1 331.6 337.5 344.3 349 360.6 370.3 378.9 384.7 388.5 391.4 395.3 399.1 402 405 406.9 409.2 410.4 412.2 414.1 416.2 419.9 422.8 426.2 427.5 427.9 427.2 426.1 424 422.4 420.6 419.1 417.2
406.9 408.2 405.9 401.9 401.8 403.4 403.9 403.8 405.1 407.8 407.6 406.4 403.9 396.2 392.6 386.9 380.8 375.7 371.5 367.8 363.7 358 353.6 347.3 343.4 337.8 333.2 323.9 310.4 300.1 290.8 283.3 272.8 264 256.6 249.9 242 248.2 254.8 261.3 274.3 279.8 292.4 294.1 300.5 322.5 329.8 335.2 342.4 348.9 359.1 367.6 378.8 384.3 388 391.1 395.1 399.2 402.4 407.4 409.3 411.9 413.8 415.2 417.1 419.7 422.2 425.6 427.6 428.9 428.9 428 426.4 424.3 422 420.3 418.5 416.4
403.9 405.3 403.9 400.9 400.7 402.3 402.1 403 404.9 408.2 407.8 405.4 402.2 394.9 391.1 385.4 379.5 374.3 370 366.4 362.4 356.2 351.8 346.6 342.4 336.9 330.9 320.5 309 300.3 290.8 283.7 274.7 268.7 259 253.2 244.2 245.8 251.9 257.6 265.7 273.8 285.2 292.3 300 318.5 328.3 333.6 339.8 346.8 356.9 368.1 378.9 384.1 388.4 392.1 396.3 399.3 403.2 407.9 411.9 414.4 416.5 417.8 419.5 421.6 423.5 426.8 428.8 429.5 429 428 426.1 423.3 420.8 418.1 416.5 414.5
401 401.9 401.2 399.3 399.3 401.2 400.7 401.8 404.9 408.1 407.1 404.6 397.8 393.7 388.3 383 378.5 373.1 369.2 365.1 360.4 353.8 349.1 345.2 340.4 335.5 329.5 316.9 308.1 300.1 292.1 285.3 277.3 270.4 261.5 255.2 248.6 246.4 249.7 255.6 262.4 270.5 280.5 291.8 301.2 312.8 327 331.8 336.6 343.4 355.8 366.8 379.1 384.8 388.7 391.5 395.1 399.8 403.9 408.8 413.6 416.6 418.9 420.3 421.6 422.7 424.9 427.5 429.2 429.6 428.9 427.6 425.5 423.1 419.2 416 413.4 411.1
399.3 399.5 399 398.3 397.7 399 399.6 400.7 403.4 406.6 405.8 403 395.7 391.2 386.5 381.8 376.6 372.1 367.4 363.3 357.6 351.7 346.9 342.3 338.1 333.4 327.8 318.7 307.1 300.3 292.8 285.1 277.4 271 262.7 257.9 252.1 245.9 251.9 257 262.5 272.8 284.8 294.4 298.5 307.8 324.6 330.1 335 342.6 356.6 370.9 379.6 385.3 388.8 391 394.3 399.3 404.3 410.2 416.1 419.1 421.1 422.6 423.5 424.5 426.2 428.8 430 429.5 428 426.9 425.4 421.8 418.1 414.1 408.9 408.4
396.3 397.9 397.3 397.3 397.2 397.1 397.3 398.6 400.2 403.3 403.3 399.9 392.9 388.6 384.7 380.4 375.8 370.1 365.7 361.2 354.9 349.4 344.7 340 336.1 332 325.8 317.9 307.8 301 295.3 288.1 280.7 273 265.9 259.3 254 247.6 253.2 258 263.4 273.4 283 293.9 299 306.7 325.1 330.2 335 342.1 360.5 373.5 381.1 386.3 389 392.1 395.1 399 404.8 411.8 417.4 420.5 422.6 423.5 425.1 426.5 428 429.6 429.7 429.1 427.4 425.9 424.6 421.6 417.2 412.4 407 404.5
392.4 395.4 396.5 396.3 396.1 396.1 396.3 396 397 398.5 398 394.7 390.6 386.5 382.7 378.9 375.1 369.3 364.2 359.6 351.9 347.2 342.7 337.2 333.6 329.2 322.4 314.3 308 302 296.4 289.4 281.7 274.9 267.4 261.3 255.5 249.7 253.4 258.2 264.3 271.9 282.4 293.7 296.6 305.4 323.4 329.2 334.9 343.1 361.9 376.3 382.2 386.8 389.7 392.9 396.2 399.8 405.8 412.5 418.4 421.6 423.3 424.6 426 426.9 428.1 429.1 429.1 428.6 426.6 424.5 423 420.4 415.7 410.3 406.1 402.7
390 392.3 394.2 394.9 394.4 394.3 394.6 394.3 394.5 394.4 393.5 390.4 388.2 385.2 382 377.8 374.6 368.4 362.9 356.8 350 344.5 338.7 334 330.2 325.4 319.6 312.4 306.5 301.5 297.5 291.3 282.9 276.4 267.4 261.4 255.6 249.9 254.2 257.3 262.8 269.2 278 285.1 296.4 301.4 322.3 329 334.1 342.9 360.4 376.7 383.5 387.5 390.3 393.4 396.6 400.4 406.5 413.6 418.4 421.5 423.5 424.9 425.5 426.9 427.1 428.2 428.3 427.4 425.7 422.8 420.6 417.5 412.8 407.7 403.6 400.6
386.9 388.9 391.8 391.8 391.4 391.5 391.1 391.7 391.3 391.4 389.7 387.3 385.9 383.7 380.7 376.9 373.1 368.3 361.2 354.5 347.5 341.8 335.9 330.7 327 322.1 312.6 307.5 303.1 299.8 296.6 289.7 282.4 274.6 265.3 258.7 253.3 251 257.1 260.2 263.4 268.6 276.7 285.7 301 308.6 315.9 330.7 335.5 342.5 359.3 378.3 384.4 388 391 393.9 396.7 401.3 407.6 413.4 417.6 421.1 423.4 424.5 425.2 426.1 426.6 426.9 427.5 426.7 425.1 422 419.1 415.8 410.6 405.2 401.7 396.6
383.9 385.8 387.2 387.8 387.7 388.3 387.9 387.7 387.4 387.2 386.5 385.3 382.9 381.2 378.3 375.1 371.7 367.3 360.4 352.6 344.8 339.5 332.6 327.7 322.8 319.4 309.5 299.6 298.1 297.4 294.1 287.5 276.4 266.7 261.4 260.4 257.2 253.3 257.9 261.1 264.6 269.3 278.8 285.6 300.3 309.3 315.4 331.2 336.2 342.2 355.8 378.2 384.6 388.2 391.4 393.7 396.9 401.1 407.3 413.5 417.6 421 422.9 424.2 424.3 425.4 425.7 426.1 426.6 425.8 423.8 421.3 418.8 413.8 410.2 404.4 400.7 395.8
381.5 383.5 383.8 384.2 384.7 384.5 384.6 383.6 383 382.8 382.6 382.4 380.8 379.6 377.1 373.7 370 366.5 358.6 351 342 336 330 324.6 319 310.3 304.9 297.8 291.9 295.2 289.1 276.7 276 275.7 273.3 264.2 259.8 255.3 258.2 261.9 265.9 271.8 280.2 287.9 301.7 312.9 319.1 331.5 336.6 340.9 352.4 375.5 383.9 387.6 390.7 393.9 396.9 400.1 405.5 412.2 416.4 419.8 422.3 423.4 423.2 424.5 424.8 425.4 425.5 424.5 422.8 420.6 417.6 413.1 409.1 404.6 400.1 394.7
379.6 381 382 381.7 382.1 381.6 380.5 380 379.3 378.5 378.9 379 377.8 377.5 376.2 372.5 369.2 365 358.1 350.8 341.2 334.8 327.9 320.7 315.7 307.2 299.4 292.7 285.8 282.9 276.4 281.9 291.5 287.9 279.1 267.4 262.6 257.6 260.2 263.5 267.6 271.7 280.7 290.7 302.6 311.2 320.8 330.9 335.8 340.8 351.7 373.1 382.8 387.1 389.7 392.5 395.8 399.2 404.5 410.2 414.1 418.5 421.3 422.2 422.3 423 423.7 424.9 425.5 424.3 422.4 420.3 417.3 412.3 408.9 404 399.7 394.1
377.9 379.2 379.9 380.2 379.1 377.8 375.6 375.2 374.5 374.2 374.9 374.7 375.1 374.8 373.9 370.7 368.2 364.5 357.2 349.9 340.2 334 328.4 322 317.2 310.8 306.3 300.4 294.1 293.2 298.1 300.2 297.9 292 282.6 271.9 264.3 258.9 263.9 268.2 274 273 279.8 287.7 294.2 307.9 324.6 330 334.4 340 351 367.4 381 385.7 388.4 392.1 394.6 398.2 402.9 408.2 412.4 416.1 420 420.9 421.4 422 423 423.9 424.8 423.5 422.1 419.6 416.5 412.8 408.8 404.9 399.7 393.3
376.7 377.6 377.4 377.2 375.9 373.2 372 371 370.7 369.6 370.6 371.4 372 372.7 371.8 370.5 368.1 364.2 357.8 351.2 342.3 334.9 330.2 324.1 318.7 313.9 309.8 305.4 298.2 300.6 308.1 308.1 304 297 287.6 277 267.2 264.8 264.9 271.1 279.3 283.2 283.2 290.4 304.6 314.2 319.9 328.2 333.6 340 349.8 365.6 379.1 384.2 387.6 391.2 393.9 397.5 402.3 406.9 411.4 414.6 417.5 419.6 420.6 421.1 422.4 423.9 424.6 423.6 421.9 418.9 416.7 412.5 410 405.7 399.8 393.4
374.1 375.2 375.1 374 370.3 368.6 367.2 365.9 364.8 364.7 365.6 366.4 367.9 369.6 369.9 368.6 367.2 365 360.8 353.9 344.9 336.6 332.1 327 322 317.1 313 309.6 303.5 310.1 315.2 314.2 310.2 302.7 294.6 278.1 278.3 272.8 267 272.8 283.4 286.7 294.6 303.3 320.8 324.4 325.4 329 333 337.4 346.7 362 377.1 383.4 387.9 390.9 393.3 397 401 405.5 410.1 413 415.8 418.9 419.8 421.6 422.5 424.4 424.6 423.5 421.3 418.6 416.1 412.3 409.5 405.2 399 393
368.6 370.1 370.2 368.7 367.1 363.1 362.1 361.2 359.4 358.2 358.7 359.1 360 364.1 366.6 367.3 366.4 365.7 362.8 358 348.9 338.5 333.1 329.1 324.8 320.1 317.3 313.9 311.2 317.5 321.6 320.3 315.3 309.7 299.7 281.4 291.8 285 275.9 274 282.6 288.9 297 307.8 322.5 325.5 328.5 331.8 336.5 341.8 352 365.7 378.5 382.9 387.1 391.1 393 395.9 400.4 405.1 409.7 412.6 415.4 418.8 419.6 421.2 423 424.1 424.4 423.2 420.9 417.9 415.5 411.7 406.4 401.9 397.7 391.9
