public/OST50/NZ60.asc
ncols 200
nrows 200
xllcorner 460000
yllcorner 500000
cellsize 50
[rows 0 to 34 of 200, columns 78 to 155 of 200]
217.8 222.5 227.8 235.3 240.5 246.9 249.9 253.1 254.2 253.8 252.3 251.3 250.3 249.1 247.9 246.2 246.2 245.9 246.8 248.3 243.2 235.5 230 222.4 214.6 205.3 198.9 194.7 190.3 185.8 181.1 177.3 173.8 169.9 163 160.4 160 164.2 165.1 168.5 169.4 168.8 168.3 167.8 167.6 163.9 156.3 152.5 152 150.8 150.2 150.6 150.1 149.2 148.5 148 148.4 148.1 147.1 148.9 146.8 147.7 147.5 147.8 151.4 160.6 171.5 181.2 187.8 194.4 200.9 207.1 213.9 223.4 227.9 232.1 235.8 238.9
216.1 220.1 226.4 236 240.6 245.3 248.2 250.8 252.4 252.2 250 248.3 247.2 246.2 244.3 242.4 241.3 240.4 241 238.9 235.4 230.6 224.8 215.8 209.2 201.8 196.1 190.5 186.9 183.2 179.5 174.9 170.5 164.1 161.3 163.2 168.8 170.4 168.4 170.9 172.6 172.2 171.7 170.6 170.1 167.1 159.9 158 157.8 152.8 151.6 150.8 149.9 154.5 155 157.5 158.4 158.2 155.5 148.6 147.2 145.4 145.7 145.2 147.7 157.9 171.2 180.9 186.9 193.6 198.4 205.5 210.8 217.5 225.8 230.6 234.9 238.7
213.3 217.8 223.2 233.4 238.3 242.1 246.4 247.3 248.5 249.2 247.2 244.8 244.6 242.4 240.4 238.5 236.2 237.1 235.6 233.1 230.7 222.8 216.3 209.7 204.4 198.4 193.5 187.4 183.3 181 176.9 172 167.2 163 165.9 171.8 175.3 174.7 174.3 174.6 175.3 176.2 175.8 174.1 172 165.7 164.1 165.4 165.8 164.1 162.4 161.9 165.4 169.7 171.8 172.1 171.5 169.6 167.6 164.9 158.2 152.4 146.9 144.6 145.5 156.7 169.9 179.6 186.6 192.8 197.6 203.3 208.8 215.3 220.6 228.1 234.7 238.5
210 215 220.1 226.9 234.3 239.7 243.8 246 246.7 246.2 244.1 241.6 241 239.4 236.7 234 230.4 229.4 227.9 226.5 222.7 217.6 211.6 207.4 201.8 194.7 190.5 186.9 183.1 178.4 174.2 171.1 166.3 165.7 174.1 178.4 180.1 179.1 177.2 178.4 179.8 180.9 180.5 178.3 173.4 168.9 170.9 173.4 172.8 175 176.7 179.2 180.3 180.4 180.3 180.4 179.6 176.5 173.4 170.8 167.6 163.7 150.5 144.6 145.2 158 169.9 179.1 187.1 193.3 197.7 201.7 206.6 211.3 216.7 223.2 231.8 238.2
204.5 209.6 216.2 220.3 226 237.1 241.6 243.6 244.5 243.1 240.9 238.5 237.4 236.4 234.2 229.9 226 224.7 223.1 221.1 218.6 214 208.4 204.4 199.3 194.3 189.7 186.2 180.6 176.2 172.4 167.4 166 175.3 180.2 184.2 184.3 183 181.5 183 184.7 185.7 184.9 182.4 177.6 176.8 176.8 178.1 179.7 182.7 185.7 188 187.5 187.7 187.7 186.9 185.5 181.3 176.8 173.4 170.4 164.9 151.2 145 145.9 157.2 169.6 179.5 186.9 192.3 196.8 200.6 204.6 208.1 211.6 216.7 226.1 235.8
198.4 203.6 208.1 215.5 219.4 225.5 237.8 240.5 241.1 240 237.7 235.5 232.8 229.9 227.3 223.9 221.2 219.8 218.7 217.2 215.5 212 206.9 201.2 196.8 192.2 188.5 184 176.8 172.4 166.4 163.2 175 182 186.8 188.3 188.2 187.5 187.7 188.3 190.5 192 190.8 187.9 183.1 182.5 182.1 183.7 184.9 187.6 190.3 192.6 194 194.8 193.7 193.1 190.9 186 179.8 174.8 171.3 163.8 151.6 144.4 144.7 156.4 169.3 177.3 183.4 189.1 194.1 197.6 200.4 204.5 207.7 211.7 217.8 227
193.4 196.1 201.3 206.1 210.2 217.6 224.1 226.9 230.3 234.6 230.9 227.9 226 222.7 219.7 218.4 216.1 214.7 212.3 211.3 209.4 207 201.5 196.8 192.5 186.5 181.8 176.7 172.9 166.7 165.2 172.1 182.7 188.6 191.8 192.9 192.8 193.3 193.8 194.6 195.3 194.6 193.5 191.2 189.1 188.1 188.1 188.2 190.1 192.4 194 195.7 197.6 198.4 197.9 197.5 195.3 190 183.6 177 171.9 163 148.9 143.7 144.9 150.5 164.5 171.2 177 182.2 189.2 192.5 194.5 197 202.2 207.9 212.4 218.8
188 191 193.3 197.1 201.4 207.3 213.2 217.3 220.8 222.7 222.9 220.8 219.6 216.6 214.2 211.4 209.8 209 206.2 206 204.3 201.2 196 188.2 180 176.1 172.7 171.2 166.7 164.7 174.2 183.7 191 195.2 196.1 197.2 198.2 199.6 199.3 198.9 198.4 198.4 197 194.9 194.4 194 194.4 194.9 195.6 197.1 198.7 199.8 200.5 201.3 200.7 199.5 197.6 193.9 187.6 179.5 173.3 165.6 148.7 143.4 143.4 144.3 152.2 161.2 166.5 174.1 179.6 182.3 187 190.5 195.1 200.6 207.2 214.8
179.6 181.6 186.1 189.5 192.7 197 202.8 205.4 207.9 211.4 213.2 211.7 208.2 204.7 201.3 200.2 198.2 198.1 196.2 198 197.4 193.8 185.9 176.7 172.1 167 164 166.5 166.5 175.2 185.8 194.4 198.5 200 201.2 202 203.7 203.5 202.7 202.4 202.1 201.2 200.4 199.4 199 198.7 199 200.3 200.3 201.6 202.5 202.6 203.4 203.8 203.6 201.9 200 196.7 191.6 183.9 175.6 167.8 151.2 145.9 143.4 143.1 145 150.5 155 161.4 168.3 176.3 179 183.6 189.5 195.6 202.8 211
173.7 174.8 176.4 176.6 179.9 182.9 188 192.4 196.2 195.8 197.1 197 195.5 194.1 191.4 189.4 187.7 187.4 190.7 191.7 190 185.4 179.1 173.2 167.3 165 167.9 170.1 180.5 188.4 197 201.3 203.6 205 206 206.6 207 206.3 205.9 205.2 205.4 205.2 205.2 204.4 203.4 203.1 203.6 204.4 204.6 205.7 205.3 205.5 207.7 208.7 207.2 205 202.2 199 194.6 187.9 179.4 170.7 155.3 152.6 145.7 143 142.8 143.2 147.2 152.9 160.3 166.6 171.8 177.2 183.2 190.6 199 205.9
171.6 171.1 171.6 172 173.6 174.7 176.4 178.5 181.9 184.7 186.3 186.5 185.8 184.4 183.6 181.5 180.5 179.9 182.8 183.9 180.9 175.3 165.8 166.6 168.7 170.6 177.6 183.4 190.1 196.6 203.8 206.7 208.2 209.1 210.6 210.5 210 209 209.2 208.4 209.7 209.8 209.4 208.8 207.9 207.7 207.8 208 208.2 209.8 209.3 210.7 212.9 214 211.5 208 203.8 200.2 196.4 190.6 182.8 175.3 163.9 153.4 149.5 145.8 142.2 142.4 142 145.9 152.1 158.3 163.8 170.9 178.1 186.6 197.1 201.9
173.1 170.6 171 170.8 170.7 170.6 170.8 172.2 173.3 174.7 175.9 176.9 177.3 177.9 176.5 176 174.2 173.1 174.1 174 169.9 167.5 172.5 177.2 180.3 183.7 186.3 191.1 196.7 203.2 208.7 210.6 212 214.5 214.8 214.2 213 212.4 212.5 211.9 213.8 213.8 214.2 213.2 212.8 212 211.6 212.6 213.1 213.8 214.8 216.3 218.2 217.9 215.3 210.6 206 201.5 197.6 192.7 186.4 178.6 171.8 161.6 153.4 149.8 145.5 142.1 141.8 142.1 144.7 148.5 155.2 162.5 173.8 183.5 194.4 200.2
177.1 176.3 176.1 173.1 171.3 169.7 169.8 169.6 169.9 169.5 169.6 169.7 169.4 170.2 169.5 168.3 166 167.5 167.9 166.5 168.3 176.6 183.9 187.1 189.6 193 195.1 196.5 201.5 206.5 211.5 213.9 217.1 218.5 218.2 218.4 215.8 215.6 218.3 218.5 219.6 219.2 219 219.2 218.6 219.4 219.8 219.4 220.3 219.9 220.3 222.2 222.4 220.3 216.7 213 207.2 203 199.1 194.4 188.2 181.3 175.3 170.9 162.1 155.2 148.2 142.8 141.6 142.4 141.3 146.7 152.5 160.6 170.9 179.7 189.9 197.9
192.1 194.2 194.3 192.7 189.2 183.2 176.8 172.2 169 168 167.3 167.1 167.7 168.2 169.4 171.2 171.6 173.6 175.3 177.8 186.8 190.7 192.6 195.3 197.8 200.7 201.2 201.4 205.6 209.8 213.6 218.4 220.3 221.2 222.1 221.6 219.9 223.2 224.9 227.7 228 226.5 226.8 227.2 227.6 229.8 230.1 229.4 227.9 228.2 228.1 227.6 225.7 222.3 219 213.5 208.2 204.2 200.3 195.3 189.2 182.4 178.1 173.4 169.8 163.5 157.6 152.5 147.5 142.5 142.1 143.3 153.3 158.6 164.9 177 184.6 191.3
213.8 215.9 214.7 204.8 198.8 195.5 190.5 186.4 184.1 181.7 178.3 172.2 175.8 176.9 177.8 180.1 182.6 182.6 190.7 197.4 199.1 199 200.3 202.7 204.7 205.4 206.9 208 209.3 213.8 217.7 222.4 223.5 225.8 225.8 226.9 227.7 228.8 233.7 235.7 236.7 235 235.8 236 237.7 240.2 240.2 239 237.8 236.9 235.9 232.7 228.2 223.2 218.9 215.1 209.8 205.7 200.7 195.4 188.9 182.5 178.3 173.8 170.5 169.1 165.8 163.3 154.8 150.2 145 141.2 149 154.2 161.6 171.8 178.7 183
223.8 223.9 222.2 219.7 214.9 212.3 209.9 202.4 197 198.2 193.6 178.2 183.8 191.3 190.1 190.3 193.2 199.4 207.9 208.2 208.1 207.2 208.4 208.8 209.7 211.5 212.4 213.8 215.2 218 223.3 225 228.4 229.3 230.1 231.7 233.1 237.7 242.3 244 244.5 244.2 244.1 243.8 245.2 247.6 246.8 245.7 243.9 241.7 240 234.9 229.7 224.7 219.5 215.8 211.6 207.3 201.8 195.2 187.9 181.6 177.3 173.3 169.4 163.4 158.2 155.7 160.9 151.2 142.3 140.9 146.1 149.9 157.5 167.4 172.3 178
233.9 233.5 230.5 226.8 223.6 221.9 219.8 217.4 214.7 209.4 202.8 193.3 186.9 203.5 205.7 207.6 207.6 212.4 214.9 215.5 216.9 215.2 215.9 215.1 215.4 216.8 217.5 219.4 221 223.1 227 229.1 231.8 233.1 234.9 236.9 241.3 245.1 247.9 250 251.3 251.6 251.1 250.4 251.2 252.4 252.9 252 249.2 244.8 241.1 235.8 230.3 225.4 220.6 217.1 212.9 208.9 202.1 195.2 187.7 181 176.2 172.2 167.6 159.4 153.5 149.3 149.6 150.7 141.9 140.2 141 144.6 155.5 162.1 164.5 172.9
240.7 239.8 237.2 235.3 232.9 231.2 227.3 223.2 220.3 217.1 210.6 199.9 199.8 212.7 213.5 214.5 214.9 217.8 220.6 223.2 228.3 229.3 227.2 223.5 222.9 223 225.3 226.8 227.9 229.6 230.7 234.2 235.8 236.8 241.5 246.5 251.7 253.5 257.8 258.2 258.2 257.9 256.4 255.1 254.5 256.1 255.9 254.5 251.1 246.2 241.8 235.4 230.2 225.3 221 217.2 213.4 208.5 201.5 195 187.2 181.9 176.1 173.5 170.8 166.4 160.8 152.1 145.5 145.5 141.2 140.2 140.2 141.1 149.4 154.5 158.7 165.5
245.3 245 243.8 241.7 240.8 239.7 235.6 229.7 225.3 221.6 218.2 214.8 213.8 218.3 219.5 219.9 221.9 223.1 226.5 233.2 239.5 240.2 237.5 234.8 232.9 233.6 232.8 232.8 233.7 233.9 235.2 237.9 241.6 244.3 248.6 256 259.7 262.8 264.6 264 263.9 262.6 260.7 259.4 258.7 258.3 257.5 255.6 251.8 246.6 241.7 234.8 229.7 225 220.6 216.1 212 206.9 200.5 194.1 188.4 183.7 180 177.1 173.5 169.6 163.5 156 147.7 143.3 145.7 140.7 138.9 140 141.4 147.1 153.2 157.2
250.3 250.4 249.5 248 246.3 244.7 240.9 234.9 231.2 227.2 224 221.7 220.6 222.5 224.7 227.2 229.3 231.3 237.4 244.5 250.6 249.9 246 243.2 242.3 241.2 240.4 239.6 238.5 239.1 239.2 242.8 247.7 252.7 257.7 263.1 266.3 269.2 269.3 268.4 267.9 266.2 265.1 262.3 261.7 259.9 258.8 256.3 251.3 247 240.6 235.1 230.3 224.8 220.4 215.8 211.3 205.7 200.8 195.7 192.6 188.4 185.2 181.6 176.8 172.9 167.3 158.5 150.2 146.8 142.6 142.5 139.9 139.2 139.3 142.5 148.6 150.5
254.4 254.2 253.5 253.1 252.4 250.5 246.5 241 236.9 233.4 230.2 227.8 227.1 228.1 230.8 233.3 236 242.1 248.7 258.1 259.1 257.1 254 251.9 250.6 249.2 247.4 246.1 244.8 246.6 249.6 252.6 255.9 260.4 266.8 269.2 270.8 272 271.1 270.3 268.7 267.5 266.3 264.6 263.3 261.4 259.6 255.9 251.2 247 240.4 235.8 231 225.5 221.4 216.5 212 208.3 205.6 201.4 198.4 193.8 189.9 186.9 182.1 176.9 170.8 162.7 154.6 148.2 145 152.6 143.6 139.1 139.1 139.1 142.7 146.7
256.5 256.9 256.9 256.5 255 253.7 251.2 247 241.9 238.8 236 234 233.4 234.1 235.9 240.6 244.4 249.2 260.6 265 266.3 264.6 262.3 259.7 257.8 256.2 254.3 253 253 256.6 259.9 262.3 264.2 269.2 273 274 275.8 275.1 273.8 272 270.6 269 267.9 266.1 264 262.1 260 256 251.8 247.2 241.4 236.5 232.8 226.8 221.9 218.8 215.6 214 211.1 209.8 204.9 200.1 196.3 192.8 188.5 183.5 176.2 169.5 162.4 153 149.2 154.1 150.5 142.4 138.6 138.6 139.1 140.6
257.5 259 259.9 259.4 261 261.3 256.5 250.5 246.1 244.4 243.8 241.7 240.6 240 242 245.1 249 257.4 266.2 269.9 270.9 268.9 267.2 265.9 263.8 262.1 262 261.7 262.9 266.1 268.6 269.8 273.4 276.4 277.6 279.7 279.4 277.8 275.2 273.9 272.1 269.9 268.8 267 265.1 262.8 260.6 257.4 251.3 247 242.7 237.4 233.9 228.6 225.1 222.6 220.3 220 216.7 214.5 212 208.2 203.8 198.8 195.7 190.8 184.4 177.1 171.3 163 155.1 155 151.4 144.2 137.9 138.3 138.5 137.3
260.3 262.3 263.2 264.3 267.5 265.9 261 257.3 254.1 252.8 252.3 250.3 248.6 248.3 249 251.8 255.1 262.9 272.2 275.9 276.2 274.9 273.2 271.4 269.8 268.2 268 269.2 271.3 274.7 275.5 278.1 279.5 280.6 282.5 282.2 280.6 279.2 276.9 274.7 273.1 271.4 269 266.8 264.6 263 260.3 257.1 249.9 246.4 242.6 238.6 234.9 228.9 226.4 227.2 224.6 222.6 221.7 220.3 216.5 213.3 210 206.3 202 197 191.1 185.8 178.9 172.6 166.1 160.3 155.6 147.3 140.3 138.3 138.1 138.5
267.5 267.2 267.7 270.4 271.2 269.3 267.6 265.8 264.9 262.7 260.7 259.3 258 257.1 256.7 257.5 261.1 268 275.2 277.6 278.2 278 277.3 276.1 275.2 274.4 275.1 276.4 278.2 280.1 282.2 283.2 284.2 285.3 285 283.1 281.4 279.7 277.8 275.6 273.1 270.8 269.1 267 265 263 259.9 254.7 249.6 246.6 243.2 239.7 236.7 235.4 232.8 230.7 228.9 227.1 225.2 223.2 221.8 219.3 216 212.3 206.1 201.9 197.3 193.7 188.4 181.3 176.6 170.3 161.6 154.4 147.8 143.9 143.8 142.9
275.3 274.9 273.8 274.5 274.2 273.8 274.3 273.8 272.7 271.2 268.7 266.5 264.7 263.7 262.5 262.6 265.4 272.7 276.7 279.1 280.7 281.3 282.2 282.1 282.4 282.9 283.3 283.8 284.9 286.3 286.7 287.3 287.5 287.7 285.8 284 282 279.9 277.9 275.8 273.5 270.9 268.8 267.1 265.5 263.1 260.5 256.6 251.5 247.1 244.9 242.6 240.2 237.5 235.2 233.4 231.4 229.7 227.2 224.9 225.1 223.3 221.2 218.1 213.4 207 203.1 198.1 193.7 188.8 182.4 175.3 168.6 163.6 158.4 152.1 154.8 157
282.6 281.6 280.8 281.3 281.1 279 278.9 279.3 277.2 275.6 273.4 271.3 269.4 268.3 267.1 267.3 269.8 274.4 277.5 280.1 283.6 285.6 287.1 288.3 288 287.3 287.2 287.8 288.9 290.3 291.1 291.5 290.5 288.8 286.3 284.5 282.6 281.1 278.5 276.3 274 271.8 269.7 267.9 265.8 263.3 261 258.5 254.2 249.8 247.5 245.1 242.8 240.2 237.5 236.1 234.4 232.3 228.9 225.9 225.3 224.5 222.5 219.9 216.4 209.1 204.1 199.5 195.1 189.8 183.3 175.7 167.9 167 162.5 159 163.8 163.2
287.2 287.8 288.4 289.8 287 284.2 283.3 282 279.9 277.8 276 274.3 273.4 272.4 271.4 271.4 273.4 275.7 279.2 283.2 286 287.8 289.6 291.5 291.9 291.9 291.8 291.9 292.3 292.8 293.2 292.5 290.5 289.3 286.7 284.9 282.9 281.1 279.3 277.1 274.9 272.4 270.2 268.5 265.9 263.4 261.7 260.5 257.4 254.7 250.2 247.6 244.9 242.3 240.2 237.8 235.6 233 229.6 226.3 224.6 224.6 223.6 221.2 216.3 209.3 203.9 198.4 193.5 187.6 180.1 171.4 163.7 163.8 165.5 165.7 164.7 159.3
291.3 292.6 295 295.4 291.6 288.1 286.4 284.5 282.4 280.4 278.9 277.3 276.8 275.8 275.6 275.3 276.4 279.5 282.1 285.2 287.8 290.5 292.7 293.9 293.6 292.8 292.4 292.3 292.3 293 292.9 291.7 290.9 289.5 287.2 285.4 283.6 281.8 279.5 278.2 275.7 273.9 271 268.7 266.3 264.2 262.9 261.6 259.4 257.1 254.1 250.1 246.7 243.4 241.7 239.6 236 233.4 228.7 225.9 223.7 222.7 222.9 221.1 216.8 209.7 204 197.1 191.4 183.6 175.9 166.6 160.3 161.5 164.6 164.4 163 152.5
295.3 297.6 300 298.5 295 291.5 289.4 286.9 284.6 283.1 282.2 281.2 280.3 279.7 279.5 280 280.9 282.8 284.8 287.2 290.2 293.1 294 294.1 293.4 292.3 291.9 291.7 291.8 291.9 291.7 291.3 290.3 289.3 287.8 285.8 284 282.2 279.8 277.8 276.1 273.8 271.4 269 266.4 264.7 263.6 262.4 261.1 259.2 256.3 252.3 248.4 244.4 242.2 239.3 236.1 231.8 227.7 224.9 222.7 220.7 220.7 220.1 216.5 210 203.5 196.1 189.2 180.9 172.2 164.3 156.8 158.6 162 163.4 163 153.9
298.7 301.2 301.1 299.4 297.1 294.6 292.5 290.2 288.9 286.9 286 284.7 283.8 283.8 283.6 283.4 284.6 285.3 288.9 291.4 293.4 294.3 293.9 293.6 292.5 291.5 290.8 290.7 290.5 290.2 290.7 290.4 289.9 288.8 287 285.8 284 281.6 279.5 277.5 275.4 273.1 270.6 268.7 266.9 265 263.7 261.8 260.9 259.4 256.7 253.7 248.9 245 241.6 239.3 235.5 229.9 226.7 223.3 221.3 219.5 217.4 217.8 213.8 207.9 202.1 195.4 187.4 178.7 168.5 160.8 153.1 150.5 156.1 156.1 158.5 153.4
300.8 301.6 300.6 299 296.6 295.6 293.6 292.2 291.8 290.1 288.7 289 287.6 286.5 284.9 285.7 287.3 291 293.5 294.3 294.2 294.1 293.2 292.6 291.2 290.6 289.6 289.4 289.3 289 289.4 289 289.2 288.1 286.1 284.6 283.3 281.2 279 276.9 274.7 272.4 269.7 267.8 266.1 264.8 263.2 261.5 260.6 259.4 256.6 251.7 248.3 244.6 241.3 238.3 233.7 228.6 224.6 221.8 220.3 218.1 216.2 212.7 211.2 205.6 199.3 192.9 186.7 176.9 166.2 158.1 150.2 144.1 147.8 147.4 149.5 145.3
299.9 300.5 299.1 295.8 293.7 292.2 292 291.2 292.7 293.3 291.8 290.2 288.2 287.2 286.6 287.4 289.5 293.8 294.2 294.7 294.1 293.3 292 290.9 289.7 289.1 288.4 288.3 288 287.6 287.6 288 288 286.8 285.4 283.2 281.8 280.2 278.1 275.9 273.6 271.3 269.2 267 265 263.7 262.3 261.1 259.6 257.7 252.5 248.2 246 242.5 239.9 237.3 232.8 227.1 222.1 220 218.4 216.7 214.1 211.3 205.4 200.5 197.4 191 185.3 175.8 165 155.9 147.7 141.3 141.9 143.4 141.9 139
297.1 297.7 293.3 291.5 289.6 287.7 287.2 287.8 289.4 290.5 292.1 290.3 288.9 287 286.4 287.8 290.5 293.4 293.8 293.3 292.7 290.7 289.3 286.9 285.6 285.9 287.1 286.7 286 285.9 286.2 286.4 286.5 285.6 284.2 282.5 280.3 279.2 276.8 274.9 272.7 269.8 267.5 265.4 263.6 262.2 260.9 258.6 256.4 249.8 246.1 244.9 242.2 239.2 236.8 234.5 231.8 225.7 219.6 217.2 216.3 214.5 212.2 210 206.6 199.7 194.6 189.3 181.9 172.6 161.9 153.2 146.1 141.2 139.7 141.2 136 133.1
288.4 288.7 287.7 286.3 285 283.7 282.8 282.9 284.5 287.1 291 290.4 289.2 287.3 286.4 287 288.3 290.5 291.9 291.3 289.8 287.4 283.8 280.2 278.9 280.1 283.5 284.7 284.6 284.6 284.9 285 284.7 283.3 282.6 281.1 279.5 277.9 275.8 273.5 271 268.1 266 264.2 261.8 259.9 255.2 249.4 244.6 242.7 239.7 237.3 234.9 233.1 231.6 230.3 227.5 221.5 217 214.2 212.7 212.4 210.7 207.8 205.1 199.3 193.7 186.9 179 170.9 162.7 153.3 144.8 141 137.1 135.8 133.1 133
