public/OST50/NZ61.asc
ncols 200
nrows 200
xllcorner 460000
yllcorner 510000
cellsize 50
[rows 105 to 139 of 200, columns 78 to 155 of 200]
216 210.4 205.7 201.3 196.8 192.3 188.1 183.9 173.1 157.2 159 152.6 156.8 163.8 164.7 165.1 166.9 172.8 176.6 174.2 168.7 167.5 166.6 163.7 167.5 170.9 173.4 181.1 188.1 196.1 202.8 211.8 221.2 226.8 232.1 238 244.2 246.1 246.1 246 245.9 243.9 240.5 237.7 233.3 229.2 226.1 222.3 219.3 218.3 215.5 212.9 210.9 207.9 206.3 204.5 202.5 200.7 200.5 200.7 198.6 197.6 196.7 195.9 194.1 191.7 188.1 181.7 170.3 165.2 160.7 155.6 151.8 149.8 149.3 146.6 144.5 143.7
215.4 210.9 207.4 203.9 199.9 195.1 188.1 183 171.5 152.1 163.1 153.1 160 168.1 167.6 168.1 171.2 178.1 183.2 181.4 172.8 172 164.7 169.2 169.7 176.1 171.2 175.4 188.2 195.5 202.4 211.1 218.9 224.2 230.3 237.1 243.2 246.2 248 248.2 247.5 245.2 238 235.1 230 228 224.7 222.2 219.8 218.1 214.6 211.2 209.3 206.6 205.6 204.9 204.5 204.2 202.6 201.7 199.5 198.9 198.2 196.2 192.6 189.7 186.4 182.7 178.1 174.5 165 159 152.8 158.4 160.6 156.9 156.1 156
215.9 213.3 210.5 207 203.4 197.8 190 183.4 167.3 156.3 163.4 156.5 163 172 171.1 171.4 177.1 184.5 186.3 183.8 179.7 177 165.7 174.8 171.2 176.4 177 177.5 189.1 194.4 202.6 211.3 219.7 224.4 231.3 238 244.3 249.1 251.3 250.7 250.2 247.2 241.7 234.8 229.8 229.2 226 223.2 220.4 217.5 214.9 212.1 208.5 206.8 205.8 204.9 204.2 204 204.2 202.6 199.9 200.3 199.8 197.2 193.2 188.9 181.6 176.4 170.8 164.4 158 154.4 162.2 168.7 166.6 162 163.7 163.7
215.8 213 210.4 207.9 205.3 200.7 192.5 183.9 160.7 161.2 156.9 159.9 168.9 176.5 175 179.5 182.7 186.3 186.2 186.4 183.6 178.3 170.3 180 179.1 182.9 187.1 183.7 188.9 199.2 207.1 216 221.9 226.5 232.7 239.5 246.4 252.8 256.2 254 253.8 250 244.9 241.2 235.1 230.8 227.2 224.4 221.6 217 214.4 211.3 208.7 206.9 205.9 204.5 202.9 203.2 204.1 202.2 199.9 198.6 196.9 194.3 190.5 186.2 178.7 172.2 167.1 161.8 154.6 160.4 168.4 172.1 170.4 167.1 168 168.6
216.1 212.7 209.9 207.5 205.4 201.6 194.6 183.5 154.1 171.1 160.6 165.7 175 181.9 184.8 185.4 186.2 186.5 186.8 187.3 187.5 179.9 175.7 184.4 179.7 185.3 191.8 189.6 189.3 200.5 209.8 218.5 224.4 229 234.6 242.3 250.2 257.1 261.4 257.9 257 254.3 249.7 243.7 237.1 233 229 225.6 222.1 217 214.7 212.4 210.2 207.1 205.2 203.7 202.2 200.8 200.9 199.6 198.1 195.3 193.2 190.7 187.1 183.1 176.7 170.4 166.4 161.7 156.4 161.7 169.2 174.2 173.8 171.8 171.7 171.9
216.4 212.2 209.4 207.1 204.9 200.2 194.5 180.4 158.7 165.7 169.3 175.8 181.5 186.2 189.7 189.5 191 191.7 192.4 193 192.7 177.5 184.9 188.2 183 192 195.6 195.2 190.7 203.3 213.2 220.4 227.2 232.9 238.9 246.3 254.5 258.7 261.9 260.6 258.8 256.7 253.6 246.4 239.3 234.8 232.1 228 223.2 219.1 216.6 214 210.3 207.6 203.4 200.8 198.9 196.9 197.7 196.4 194.7 191.2 189.4 186.5 181 178 167.5 160.9 159.7 157.7 165.1 171.7 176.6 177.7 176.9 175.6 174.8 174.1
215.2 211.3 209.2 207.1 204.6 199.7 193 174.3 164.7 167.9 178.7 183 188.7 191.4 193.7 194.9 194.7 196.8 197.5 197.5 193.9 178.6 190.7 190.9 189.1 195.2 199 202.7 198 204.6 215.2 221.9 229.4 236.6 243.4 250.3 257 259.9 261.9 260.8 260.5 259.3 256.3 250.9 243.1 237.1 233.4 229 224.1 219.9 216.5 213.2 209.7 206.9 205.9 202.2 198 195.9 192.8 193.4 191.1 188 184.8 180 173.2 166.9 170.6 171 163.9 163.3 172.4 178.1 180.8 181.1 179.3 177.5 177 176.4
214 210.4 208.2 206.3 203 196 178.4 172.6 164.9 175.1 183.6 189.4 192.8 195.1 196.8 199 198.8 199.7 200.5 199.5 189.3 183 195.6 195.3 194.3 198.8 203.5 209.9 209.6 205.9 219.5 227.7 234.6 240.7 247.9 255.9 259.7 260.3 262.7 262.3 262.1 261.3 259.4 255.8 246.2 238.2 233.4 229 224.7 222.1 218.9 214.1 210.5 207.5 206 202.5 200.8 197 193.5 190.3 188.4 186.1 179.5 175.3 176.8 179.6 179.4 177.2 168.7 171.8 174.4 179.3 182.1 181.4 179.4 178.8 178.7 178.4
212.1 208.1 203.7 200.2 196.3 190.6 184.2 186.3 166.8 183.7 188.8 194.7 197.1 199.6 202.1 203.4 203.5 204.5 203.6 201.3 186.3 195.4 200 194.2 197 202.9 209.1 217.7 220 206.3 224.2 234.7 241.9 248.6 254.2 259.8 262.6 263.2 262.8 262.4 262.2 260.8 259 256.5 249.1 240.1 234.7 230.1 225.8 224.4 221.1 215.3 211.3 208.3 206.2 205.3 201.8 197.3 194.7 191.6 188.2 185.9 185.3 183.5 183.1 182.1 181 179.2 172.5 175.3 179.5 181.2 182.2 181.5 180.2 178.9 178.8 178.7
215.6 211.5 205.3 202.9 195.5 185.4 191.1 190.7 174.6 188.2 194.2 199.3 203.6 207.2 210.7 209.7 207.9 207.8 207 203.3 189.7 197.7 202.2 199.6 205.3 207.9 215.1 222.2 225.8 220.4 224.5 239.7 250.7 255.6 259.9 261.7 263.5 263.3 262.6 261.9 261.3 260.2 259.5 257.6 251.8 242.9 236.6 232.2 228.9 226.5 220.7 216.2 212.7 210.4 208.5 204.8 201.1 196.9 194.3 192.4 189.6 186.5 186.9 185.7 183.8 182.1 181.5 179.2 174 179.6 182.7 183.9 183.7 182.1 180.9 179.5 178.9 178.7
214.4 207.8 199.9 191.7 186.5 190.1 196.3 194.5 179.5 194.4 198.2 204.4 209.5 213.2 215.8 215.2 212.8 210.7 209.3 202 194.5 195.2 207.6 203.9 211.3 214.3 220.9 226.9 233.3 238.2 228.9 237.9 256.2 258.9 260.7 262.5 263.5 263.1 262.4 261.6 260.9 260.4 259.7 258.1 254.2 246.3 238.2 234.1 231.4 228.5 222.5 217.8 216.4 211.4 209.4 205.8 200 196.4 193.6 191.2 189.7 188.2 187 185.1 182.8 181.1 180.5 175.6 181.2 185 185.4 186.2 184.5 182.7 181.4 180.2 179 178.8
206 197.5 194.1 193.8 193.6 196.9 201.3 199.8 187.9 198.4 204.9 209.5 214.5 218.7 219.5 218.5 216 214.1 212.6 205.9 197.2 198.9 207.8 207.6 213.8 218.2 224.3 231.1 237.9 245.7 249.7 238.8 254.3 259.2 260.8 262.8 263 262.7 261.9 261.2 261.4 260.7 260 258.7 255.8 249.3 240.6 234.8 231.6 225.4 222.5 220.5 219.6 213.6 210 206.5 200.4 196.2 193.2 191.2 189.1 188.2 186.1 183.7 180.3 177.5 174.9 180.7 185.8 189 188.5 187 185.2 183.5 181.9 180.7 179.6 178.7
197.8 199 204.1 204.9 203.1 203.6 206.2 205.4 197.2 198.7 207.6 211.3 218 221.3 222.6 222.5 219.5 218.3 216.9 214.1 205.5 201.7 209.5 212.3 215.9 220.1 226.6 234.3 242.4 251.5 255.2 256 250.4 259.2 261.4 262.6 262.2 261.8 261.5 261.7 261.4 260.7 260.1 258.7 257.4 252.5 243.6 237.2 232.4 230.4 224.5 222.2 218.1 212.5 210.4 206.3 200.8 196.4 193.2 191.2 188.6 187.8 184.4 182.2 178.3 178.2 182.3 184.4 187.8 190.5 189.5 187.9 186.1 184.3 182.5 181.2 180 179.4
208 210.9 212 211.7 209.8 208.4 210.2 209.9 201.4 198.1 210 214.5 219.3 224 226.4 226.3 223.9 223.3 221.3 217.8 211.1 207.6 211.5 214.1 220.5 223.2 229.2 237.4 247.3 253.5 257.1 259.4 259.6 259.1 261.4 262.2 261.9 261.5 261.3 262.4 261.4 260.6 260.1 259.1 258 252.7 244.6 237.7 235.2 233.7 226.7 220.9 216.3 211.7 209.1 205.1 200.4 196.9 193.6 191.3 187.7 185.5 183.6 180.5 181.1 181.2 183.1 185.4 189 191.4 190.4 188.6 187.2 185.3 183.4 181.6 180.9 180.8
218 217.9 217.4 215.6 213.6 212.9 212.7 212.1 207.3 196.7 212.3 218.3 223.1 227.4 230.4 230.7 229.3 228.2 225.1 222.5 218.3 210.8 214.8 218.3 222.9 227.3 233.4 242.6 249.1 254.1 257.9 260.2 260.5 259.9 260.7 261.9 261.5 261.2 261.5 261.8 260.4 260 259.7 258.8 257.7 253.9 245.8 240.1 241 239.3 230 224.7 216.9 211.5 208.5 205 201 197.5 194.2 190.5 189.5 189.7 190.9 189.8 187.5 186.6 185.4 187 190.8 192.2 191.1 189.6 188.2 186.5 185.2 183.7 183.4 183.8
220.1 219.8 219.3 217.9 216.5 215.6 215.2 213.8 209 198.5 215.9 223 227.6 230.4 233.6 235.5 234.9 232.6 229 226.1 221.7 213.2 217.7 221.9 226.3 233.3 241 245.9 249.6 254.5 258.7 261.1 261.4 261.1 261.8 262.2 261.9 261.6 260.7 260.3 259.7 259.4 259 258.6 257.4 255.8 250.4 247.2 245.6 241.6 239.4 231.3 220.6 214 208.8 204.8 201.2 197.8 194 189.5 189.5 189.5 189.5 189.5 189.5 189.5 189.5 189.5 189.5 192.1 192.3 191.6 190.2 188.7 187.7 187.4 187.1 186.7
221.3 221 220.3 219.3 218.3 217.5 217.2 215.9 209.9 204.3 219.3 226.2 229.3 232.6 235.4 240.9 238.5 236.7 233.9 231.4 225.7 219.8 220.1 224.8 230.7 238.6 246 250.1 253 256.1 259.3 262.1 262.3 262.3 262.9 263.5 263.5 262.6 261.1 259.7 259.1 258.8 258.4 258.1 257.1 255.8 251.8 251.6 249.4 249.7 244.1 234.9 222.8 213.5 208.2 203.2 200.4 196.9 193.7 191 189.5 189.5 189.5 189.5 189.5 189.5 189.5 189.5 189.5 192.3 194.1 193.4 192.3 191 190.4 190.1 189.7 188.6
221.5 221.9 222.9 222 221.1 220.2 219.5 217.4 212.6 211.1 221.3 227.7 232.6 235.9 241.5 245.3 242.1 241.4 238.4 236.4 230 224.1 223.4 227.6 234.6 243.4 248.9 253.1 255.7 258.7 261.2 263.2 262.6 263.6 264.2 264.8 264.2 263.7 262.2 260.5 259 258.2 257.8 258.1 257.3 256.4 256.1 256 254.1 247.8 239.9 228.2 219.5 212.3 207.2 205.3 202.6 199.5 196.3 191.8 189.5 189.5 189.5 189.5 189.5 189.5 189.5 189.5 189.5 194.8 196.6 195.8 194.8 193.1 193.1 192.7 191.2 189.5
223.9 224.3 225.2 225.3 224.4 223.4 222.4 219.6 208.7 217.8 224.9 229.6 236.8 242.2 247 248.9 246.3 246.1 244 242.2 234.5 229.9 230 232.4 238 246.5 251.5 256.1 259.1 260.1 261.2 263.1 263.3 264.6 265.5 265.9 265.2 264.4 263.3 261.7 260.4 259.4 258.7 258.3 258.6 257.1 257.9 258.1 253.8 243.7 235.9 226.1 218.2 213.5 210.5 207.9 202.8 199.9 197.8 192.7 189.5 189.5 189.5 189.5 189.5 189.5 189.5 189.5 192.6 198.8 200.1 199.7 197.9 195 194.3 192.4 190.7 189.2
226.9 227.4 227.9 228.4 227.6 226.5 224.9 222.8 219.1 216.4 227.3 232.1 239.8 247.8 251.8 253 251.1 249.2 248.2 247.2 239.6 235.1 238.2 242.1 244.5 248.5 254.4 258.9 261.5 262.1 262.6 263.2 265.3 267.4 266.9 266.8 266.1 265.4 264.3 263.1 261.4 259.7 258 257.8 261.3 260.6 259 259.9 256.9 243.9 234.6 226.4 221.7 217.7 213 208.1 204.1 201.3 197.2 192.3 189.5 189.5 189.5 189.5 189.5 189.5 189.5 191.8 197.9 201 202.4 200 197.6 195.7 193.5 191.6 189.7 188.1
229.1 229.9 230.4 231 230.4 229.2 228.1 225.8 225.1 218.4 229.8 235 246.2 251.9 256.5 256.7 254.7 252.9 252.4 252.2 244.6 240.6 249.6 251.2 251.9 252 255.7 260.5 262.1 262.6 263.2 265.9 269 269.8 269.6 267.9 266.8 265.8 264.2 262.8 261.3 259.5 257.5 257.5 261.8 262.6 260.7 260.3 253.3 240.7 235.5 229.8 225.8 220.1 215.2 208.3 204.8 202.5 197.4 192.1 189.5 189.5 189.5 189.5 189.5 190.4 192.8 196.2 200.9 205 204.6 200.8 197.4 195.4 193 191 188.9 187
230.5 232.6 233 233.6 233.6 232.1 231.1 231.7 230.4 226 222 237.3 248.2 254.7 259 259.8 258.1 256.4 256.8 257.5 252.4 244.4 255.1 256.4 257.1 258.1 256.8 259.4 262.6 263.2 265.8 268.5 271.2 273.1 272.5 270.6 268 266.2 264.8 263.5 261.8 260.1 257.6 257.1 258.3 260 262.8 262.3 249.6 242.4 239.3 233.5 228 221.9 214.5 208.6 204.4 201.3 196.3 191.3 189.5 189.5 189.5 189.6 192.3 196.1 198.3 201.6 206.8 209.1 206.3 201.7 197.8 194.9 192.4 190.4 188.4 186.4
231.9 234 236.2 239.4 239.7 237.9 235.8 236.9 238.2 234.4 233.1 231.9 248.4 253.4 257.9 260.3 259.8 260.1 261.2 260.9 256.1 247.5 256.1 259.9 260.8 262.6 262 261.3 263.6 264.5 266.1 269.6 272.5 274.6 273.2 271.1 270.2 267.6 266.8 265.8 263.7 261.2 257.4 255.9 255.9 256.4 259 260.3 252.1 244.2 240.6 233.1 226.5 221.7 219.5 213.1 205.6 200.7 195.9 191.6 189.5 189.5 189.5 192 196.5 200.7 203.4 210 214.2 213.9 209.7 203.8 197.9 194.4 192 190 188 185.8
236.1 238.2 241.6 245.3 246.4 245.1 244.7 243.1 243.6 241.9 242.1 242.5 246.7 256.2 258.5 259.6 261.6 263 265.6 261.3 256.2 256.9 254.9 261.5 263.2 263.6 263.2 264.2 265.2 265.9 267.9 271 273 273.3 273.8 271.8 271.8 271.3 269.6 267.2 264.8 262 259.5 256.7 255.1 255.1 256 257.1 251.3 248.9 245.7 238.9 233.6 226.8 221.8 212.9 207 200.7 194.5 189.8 189.8 189.8 190.7 193.7 198 204.4 210.2 219.2 219.5 216.9 212.7 206.8 198.8 194 191.5 189.2 186.9 184.4
238.5 241.8 245.5 249.1 253 253.2 252.5 250.7 249.4 248.4 247.7 249.3 245.4 254.5 260.1 261 261.3 262.8 262.7 261.8 261 262.3 257 263.5 264.3 264.3 264.9 265.8 266.8 267.8 270 270.9 273.6 274.4 276.3 275.8 274.8 273.7 271.1 268.6 265.7 262.6 260.1 257.9 255.8 254.5 253.8 255 253.7 252.5 250.2 242.7 236.6 227.4 219.1 212.1 206.1 201 193.7 193.3 193.3 192.7 192.2 198.5 201.8 208 216.9 222.8 221.5 218.1 214.1 208.4 198.6 193.8 191 188.4 185.8 183.3
241.1 244.6 248.9 253.3 257 257.9 258.7 258.1 257.3 256.7 255.4 258.2 256.5 258 262.8 262.8 262.9 262.9 262.9 263 263 261.8 260 265 265.7 265.8 266.5 267.4 268.4 270.6 273.4 274.9 275.8 277.4 278.2 277.4 276.5 274.9 272.3 269.7 266.8 263.6 260.6 258.3 256.7 255.3 253.9 253.1 254.2 251.4 249.1 242.7 237.2 226.4 218.8 211.9 204 198.1 197.2 198.1 197.2 197 195.4 202.2 206.4 213.3 221.6 224.2 222.1 219.3 214.9 210 200.9 193.6 190.8 188.2 185.5 182.9
244.1 248.5 252.1 256.2 260.1 264.4 265.1 264.5 263.2 262.9 262.6 263.2 264.5 262.8 264.8 264.6 264.3 264.5 264.4 264.4 264.3 264.3 264.1 266.1 267.2 267.2 268.1 269.1 271 273.7 276.4 278.9 279.8 280.4 279.5 279 278 276.2 273.6 270.9 267.9 265 262.1 259.4 257.7 255.9 254.1 251.8 252.5 250.5 246.7 242.2 234.3 226.8 219.3 209.8 200.3 201.9 203.5 201.9 201.4 200.5 199.3 204.9 209.6 218.7 223 224.3 222.3 220.2 216 211.1 202.7 194 190.5 187.8 185.1 182.5
248.6 254.2 258.9 259.9 264 267.3 266.9 267.6 267.7 267.4 267.2 268.2 267.1 265.4 265.8 265.7 265.8 266.1 266.1 266 266 265.9 266.5 268 268.7 268.7 269.7 271.4 274 276.7 279.4 282.6 283.7 283.3 281.3 280.4 279.5 277.4 274.7 271.7 268.7 265.8 262.8 259.8 257.2 255.4 253.7 250.6 250.8 250.7 244.7 239.9 232.1 223.7 216.3 205.4 204.4 208.1 209 206.3 204.4 202.3 202 209.1 215.3 218.5 223.4 225.1 223.1 220.3 216.9 212 205 195.5 191.3 187.7 184.9 182.8
254.6 260.9 264.6 263.8 267.9 271 271.8 272.5 273 271.6 271.7 270.6 269.3 268.2 267.4 267.6 267.6 267.7 267.8 267.7 267.6 267.7 268.3 269.7 270.6 270.8 271.6 274.2 277.1 279.8 282.4 285.5 287.1 286.2 284.2 282.1 281.1 278.5 275.5 272.5 269.5 266.5 263.5 260.4 257.4 255 251.9 249.5 249.5 249.5 243.7 238.3 231.8 221.9 209.8 210.6 213.8 216.4 214 210.8 207.8 209.1 204.5 212 218.9 221.9 223.6 225.2 223.4 220.7 217.5 212.6 207.1 197.1 192 188.6 185.5 183.4
263.1 266.4 266.3 268.8 272.9 275.6 276.3 277.1 276.8 275.6 274.2 273.4 272.5 271.5 270.4 270 269.7 269.4 269.4 269.4 269.9 270.4 270.1 271.4 272.2 272.6 274.1 276 279 282 285 287.4 288.9 288.5 286.5 284.5 282.2 279.3 276.3 273.2 270 267.1 264.1 261.1 258 255.1 250.8 248.1 247.4 248.7 243.8 237.4 230 215.2 216 219.3 220.9 220.7 218.7 215.1 210.7 211.4 209.8 213.1 220.5 222.4 224 225.6 224.1 221.1 218 213.5 208.5 201.3 193.5 190 186.5 184.1
265.4 267.6 268.5 273.8 277.1 279.8 280.9 281.1 279.5 277.6 276 275.1 274.3 273.4 272.6 272.1 271.8 271.4 271.7 272.1 272.6 272.9 272.6 273 273.9 274.3 276.3 278.2 281.1 283.6 286 288.3 289.1 288.6 287 284.8 282.5 279.9 276.8 273.3 269.7 267.1 264.3 261.5 258.7 254.9 250.4 247.2 245.4 245.6 242.6 235.2 221.6 219.8 224.5 227.2 226.5 224.6 221.3 216 214.3 213.8 213.9 213.8 221.5 223.5 225.1 225.7 224.2 221.4 218.4 214.3 209.3 204.8 196.9 191.7 187.8 185
262.8 268.3 271.6 277.9 282.2 284.2 284.3 283.4 281.5 279.6 278.1 276.7 275.9 275.1 274.3 273.8 273.8 274.2 274.6 275 275.4 275.4 275.1 274.8 275.6 276.2 278.4 280.9 284.2 287.4 289.5 289.8 288.8 287.9 286.1 284.4 282.7 279.7 276.3 273 269.6 267.2 264.4 261.7 259 254.9 249.4 246.8 245.6 239.9 236.1 231.7 234.8 233.3 234.2 232.6 230.5 227 221.7 217.2 217.1 216 215.6 216.4 222.3 224.6 226.3 225.4 223.6 221.2 218.5 215.3 210.9 204.9 199.1 193.5 189.1 185.8
265.2 270 275.6 282.5 285.7 287.6 287.3 285.4 283.5 281.7 280.2 278.7 277.6 276.8 276 276.1 276.4 276.6 276.9 277.1 277.4 277.5 277.3 277.1 277.6 278.7 281.1 285.3 288.7 290.6 290.5 290.1 288.4 287 285.3 284 282.2 279.1 275.7 272.4 270 267.6 264.9 262.2 259.2 255.8 251 247.3 245.5 244.2 243 241 240.6 238.4 237.8 235.7 233.1 226.8 221.3 221.7 221.2 218.6 220 219.1 224.2 227.3 226.8 224.8 223 220.9 218.5 215 211.2 208.1 204.8 197.6 190.6 186.7
269.7 274.2 280.5 286.2 289 290.5 289.7 287.4 285.5 283.8 282.3 280.8 279.3 278.4 278.7 278.6 278.4 278.6 278.9 279.2 279.4 279.5 279.3 279.4 280.3 282.4 285.3 289.2 292 291.7 291.2 289.6 288 286.7 285.3 284 281.5 278.6 275.1 272.6 270.2 267.7 265.5 262.8 260.1 256.6 253.4 249.6 246.8 244.9 244.2 242.9 242.9 242.8 240 237.4 235 232.7 230.1 226.6 225.3 221.3 221.4 223.2 227.3 227.7 228 225.3 223 220.9 219 216.6 214.9 211.5 207.7 201.4 193 188.2
274.2 279.3 285.2 289.2 292.4 293.4 291.9 289.6 287.5 285.9 284.4 282.9 281.4 280.1 281.4 281.2 281 280.8 280.9 281.2 281.4 281.6 281.4 282 283.6 285.9 289.6 292.4 293.7 293 291.1 289.4 287.9 286.6 285.3 283.7 280.9 278.1 274.2 272.3 270.3 267.8 265.6 263.2 260.6 257.7 255.6 252.8 249.4 246.3 244.5 245.8 247.4 245.9 243.5 240.8 238.1 236.1 232.7 230.4 229.2 224.9 224.5 226.2 227.7 226.7 228.8 226.1 224.2 222.9 221.7 220.5 217.4 213.5 209.6 204.1 195.6 190.1
