public/OST50/NZ61.asc
ncols 200
nrows 200
xllcorner 460000
yllcorner 510000
cellsize 50
[rows 70 to 104 of 200, columns 78 to 155 of 200]
145.5 157.2 171.1 186 194.2 200.3 207.2 214.5 213.9 210.4 206 201.7 198 194.2 190.1 180.6 168.5 157.1 149.6 145.7 141.3 135.8 137.9 134.9 132.9 128.6 125 122.5 121.4 121.4 124.5 123.6 124.6 124.6 125.8 127.1 129 130.4 131.3 138.4 152.2 154.8 154.2 153.5 152.9 150.9 158.6 162.3 164.5 165.5 165.4 165.4 168.6 171.2 173 172.2 168.7 167.4 165.8 164.5 166.8 166.4 164.2 164.2 165.5 164.9 164 162.6 165.7 166.5 168.9 171.6 172 171.5 171 170.8 170.2 170
146.7 160.9 175.2 187.6 193.8 200 206.4 211.7 210.1 206.5 202.7 199.3 194.1 189.7 180.3 168.7 156.7 149.2 142.8 139 135.6 131.7 130.8 129.5 127.3 125.7 121.8 121 120.6 122.5 128.5 123.8 125.3 125.5 128.9 129.7 130.5 132.4 134.3 142 150.3 156.9 158.1 157.4 157.5 156.7 155.1 162.9 169.2 171.4 170.1 170.9 172 173.2 174.7 175.8 175.1 173.4 172.9 172.9 171.1 170.8 169 170.4 171.4 171.6 170.9 169.7 169.5 170.2 172.3 173.8 173.3 172 171.6 171.4 171 171.8
148.1 163.9 181 191 196 201.2 206.9 208.4 207.1 203.4 200.6 196.9 188.7 177.4 168.2 158.2 150 142.7 136.9 133.6 132.5 129.2 125.9 126.5 123.9 122.4 120.8 121.3 123.1 138.3 126.7 123 124.5 126.9 131 132.5 132.2 133.5 136.7 140.9 145.2 150.4 160.5 162.8 163.7 160.9 159.7 160.5 169.3 178.8 175.9 176.2 177.4 179.1 180.6 179.9 178.8 178.4 177.6 178.9 177 175.9 175.1 176.4 176.6 176.6 176.2 174.9 174.7 173.7 173.2 174.3 173.6 172.7 172.6 172.5 172.3 173.6
151.2 168.5 187.7 194.2 198.9 203.3 206 206.7 204.8 200.8 195.6 182.6 176.5 166.4 156.8 150.1 143.6 138.2 135.9 131.5 129.9 126.7 123.5 123.3 121.4 120 120.1 121.1 128.6 136.4 120.5 121.5 124.2 128.4 132.2 135 133 135.2 142.5 149.4 151.5 153 161.6 166.6 168.8 166.4 163.3 158.7 167.6 177.5 177.9 179 180.3 182.7 185.6 183.9 182.6 182.8 183.1 182.2 181.7 180.9 181.2 181.2 180.5 181.4 180.4 178.6 177.7 176 174.9 174.2 173.2 173.3 173.6 173.8 174.1 171.6
154 171 192.4 197.1 199.7 203.5 204.2 203.6 197.4 190.1 183.1 173.9 164.3 156.7 149.6 143.6 140.1 137.1 135.2 129.8 127.1 124.7 121.7 121 120.2 126.5 136.8 136.8 126.1 124.1 126.8 125.1 126.7 126.7 129.8 132.6 134.5 138.9 153.6 163 169.1 169.6 169.2 171.6 172.1 170.9 166.6 161 166.6 172.2 176.8 177.6 180.2 184.6 189.1 187.3 187.1 187.2 185.1 184.5 185.5 185.9 186.6 186.9 186.8 186.5 183.6 180.5 179.2 177.7 175.2 173.5 172.6 174.5 174.5 174.3 173.9 172.7
157.6 171.3 194.1 197.9 199.2 202 197.8 191.8 185.7 178.9 172.6 163.8 155.6 147.7 142.1 136.9 135.9 134.8 133.1 128 126.5 123.1 120.8 120.1 120 129.2 136.5 136.8 136.8 133.8 136.8 136.8 121.1 124.9 128 131.8 134.8 143.4 164.2 171 176.5 177.5 173.4 174.9 174.5 174 169.9 162.4 169.4 172.2 172.9 176.6 181.6 185.8 189.7 190.1 189.6 189 187.2 188.3 189.4 188.6 189 189.7 190.2 188.7 185.8 183.7 180.7 178.3 175.6 173.1 174.4 175.8 174.7 173.9 173.4 172.8
161.1 176.1 196 197.1 195.2 192.4 186.1 180.8 174.6 168.5 163 155.7 148.3 141 134.5 131.1 132.1 133.4 130.6 125.6 123.5 122.5 120.5 120.4 120.3 126.7 132.2 133.1 136.3 136.8 136.8 136.8 131.6 124 126.9 130.9 136.9 149.3 168.2 175.5 180.6 178.8 177.2 176.5 175.6 174.9 173.8 165.1 169.8 174.1 176.2 177.2 181.5 186.5 191 190.7 190.1 189.9 189.1 190.3 190.4 189.2 188.5 188.5 189.8 188.8 186.3 184.8 180.4 178.3 176.2 174.8 176.3 176.3 175.3 174.4 173.8 173.1
162.8 181 197.3 191.8 186.9 182.3 174.4 168.9 165 160.2 157.2 150.2 143.9 136.6 128.3 128.9 131.6 131.8 129.7 124.5 121.8 121.1 120.9 120.8 120.6 124.2 127.2 126.6 128.1 132 134.7 131.3 127.1 123.3 126 131.1 141.6 159.2 173 179.6 183.3 181.2 179.9 178.7 177.2 175.9 176.2 172.8 166.7 174.1 178 179.4 182.3 186.9 192.1 192 191.5 191.3 191.9 191.6 192.6 190.7 189.1 188.6 189.4 187.2 187.7 184.1 180.2 177.8 177.4 177.2 178.3 177.4 176.5 175.5 175.8 175.4
163.5 179.7 189.4 181.8 176.7 171.6 164.3 156 154 152.7 148.5 143.8 139.3 132.6 125.2 126.4 130.6 131 128 124 120.6 120.9 121 121.1 120.8 121.3 120.7 120.5 120.8 122.7 123.6 120.8 121 121.9 125.7 133.8 148.3 169.4 176.7 182.7 186.6 185.7 185.2 182.4 178.7 177.9 176.4 177.8 177.2 172 174.3 177.2 180.8 184.3 191.8 193.3 193.8 195 196.5 195.9 195.5 193.4 191 190 190 189.5 188.3 185.7 182.2 180.5 179.4 179.5 180 178.4 177.6 177.1 177.5 177.2
159.2 158.6 157.8 150.4 149.7 164.5 158.1 150.1 142.9 142 141.1 137.7 133.4 127.5 121 123.7 127.1 127.8 125.5 120.7 119.5 119.5 120.5 119.5 119.5 120 120.5 120.9 121.5 121.1 121.5 121.8 122.1 122.5 127.6 137.7 155.5 175 180.4 185.4 190 189.4 187.2 186.2 182.9 179.3 177.9 179 181.3 182.4 180.3 183.6 183.1 181.3 179.4 184.5 193.2 196.7 199.4 199.2 197.4 196.2 193.9 190.7 189.4 189 188.4 185.9 186 184.9 182.4 181.9 181.3 179.6 180 178.9 178.8 178.1
151.7 154.8 139.5 135 135.4 151.4 153.5 149.8 139.9 131.2 132.1 128.9 124.7 118.3 118.8 119.8 120.2 121 121.7 121 121.2 119.7 119.5 119.5 120.8 121.7 121.2 121.4 121.3 121.1 122.5 122.8 123.1 124.6 130 141.4 162.9 177.2 182.7 187.8 191.4 191.1 190.3 191.3 188.2 183 179.9 180.6 183.6 185.5 186 189.5 192.5 193.6 191.5 182.7 180.8 188 197.8 195.2 189.5 190.1 187.3 185.5 185.8 186.3 186.5 185.9 187.5 186.7 185.6 184.9 185.5 183.4 183.4 182.1 181.4 181.2
136.9 140.5 142.3 131.8 131.5 135.2 139.4 129.3 124.3 119.7 115.7 116.7 116.4 118.2 117.9 119 119.6 120.8 121.5 121.4 120.8 120.6 121.6 121.4 121.7 121.8 121.7 121.8 121.9 122 123.5 124.6 125.5 127.2 132.8 145.7 172.6 178.9 182.2 186.4 191 194 195.4 195.9 193.8 187.9 182.7 182 185.3 189.7 190 193.8 197.4 198.9 199.7 199.1 196 189.6 185.3 186.4 188.8 190 191.7 191.8 191.4 189.1 187.3 188 188.5 187.6 187.4 188 187.1 186.7 186.5 186.1 185.2 183.9
122.4 123.6 124.5 126.6 119.6 119.4 117.1 115.9 114.7 118.4 119.2 120.2 118.9 121 122.5 120.9 121.9 123.1 122.1 122 121.9 122.1 122.7 122.9 122.7 122.5 122.4 122.8 123 123.1 124 125.8 127.4 129.9 133.4 148.3 169.3 175.3 178.9 185 191.2 195.9 196.6 198.2 197.5 193.7 189.5 188.9 193.1 193.2 196.5 197.6 201 202.5 203.2 202 199.4 197.7 196.6 196.1 193.6 194.6 194.6 194.2 193.1 191.4 190.9 191.2 188.9 187.9 189.5 189.8 189.9 189.5 188.6 187.6 186.8 185.5
116.4 113.4 116 117.9 119.3 118.3 114.4 117.6 119 119.7 121.1 121.4 120.5 118.7 122 123.8 123.6 124.5 123.8 123.1 123 123.6 123.9 123.6 123.4 123.4 123.3 123.6 124.1 124.2 124.9 126.8 129.2 131.3 134.8 144 155.7 165.8 172 181.5 189.1 192.9 197.4 200.1 200 197.8 194 196.7 198.5 198.9 199.9 201.1 203.7 205.3 204.6 202.9 201.6 200.2 199.7 199.8 197.8 197.9 198.2 197.1 195.6 194.9 194.3 193.3 191.8 189.6 189.3 191.7 192.9 192.4 191.5 190.7 189.4 189.2
112.2 114.9 120.4 119.6 119.6 120.2 118.8 119.6 120.2 120.9 122.1 122.1 122.7 121.5 121.8 126.1 126.7 126.5 125.8 124.8 124.1 124.4 124.5 124.3 124 124.4 124.6 124 123.9 124.6 126.4 129 131.5 133.7 137.3 142.6 150.4 157.7 166.7 179.8 188.9 194.9 200.9 203.3 202.3 200.9 200 200.9 202.1 202.6 202.3 203.6 206.2 206.2 205.4 204.6 203.8 202.4 202.2 201.9 201.6 201 199.9 199.7 198.5 197.8 197.9 196.6 195.5 194.5 193.4 190.7 195.1 194.8 194.5 193.8 191.1 188.4
131.4 122.3 123.9 126.7 126.9 127.5 124.9 122.5 123.2 124.2 125.2 125.7 124.2 125 125.2 126.6 127.6 128 127.4 126.2 125.4 125.2 125.1 124.9 124.9 126.1 125.8 125.2 124.8 126.3 129.9 131.1 134 136.5 140.7 143.6 148.4 156.7 166.2 180.5 192.3 198 203.2 205.9 205.4 203.7 203 204.2 205.5 205.3 204.4 205.5 207.2 207.9 206.9 206.1 205.4 204.8 204.6 203.6 202.7 202.2 200.6 200.2 199 199 199.2 199.1 198.5 197.5 196.4 194.6 193.8 195.9 193.4 190.7 188.8 189.3
138.9 139.9 139.5 138.7 139.9 137 137.1 134.9 136.6 138.2 137.3 124.7 123.1 125.1 126.1 127 127.9 128.7 128.5 126.8 127.9 129 127.4 126.2 127.5 126.4 127.2 126.6 126.2 128 133.4 134.3 134.8 136.3 139 144.7 150.9 158.4 168.8 182.9 193.6 199.2 204.4 207.3 207.8 206.5 206.1 207.2 207.7 207.2 207.1 208.5 208.7 209.7 208.6 207.6 207.4 207.2 206.5 205.1 204.8 206.3 211.2 209 200.7 204.5 202.1 201 200.3 199.3 198.3 196.1 190.4 190.3 192.1 193.2 192.7 192
153.1 153 153.8 154.6 156 155 153 149.6 148.5 146.7 136.4 120.8 128.2 126.5 127.1 127.8 128.2 128.8 128.2 128.5 129.2 129.5 128.1 126.6 126.4 127.3 128.1 127.8 127.9 132.2 134.8 136.3 136.9 138.7 142.2 147.4 153.6 164.5 175.7 188 195 199.9 204.6 208 209.6 210.1 209.7 209.8 209.1 208.6 211.8 211.1 210.9 211.3 210.2 210 210.5 210.1 211.5 211.7 212 212.1 213.1 212.2 209.3 206.5 205.6 204.7 202.4 201.5 201.6 201.8 196.3 199.4 199.5 198 195.2 193.1
166.4 165.7 165 172.4 179.3 175.7 172.1 161.8 155.1 148.4 130.3 126.3 129.8 128.9 128.2 128.7 129.5 129.3 128.8 129.5 130.3 130.3 129 128.6 128.2 129.1 128.5 128.4 129.4 132.3 135.7 136.7 139.4 143.4 147.8 152.6 164 176.4 187.6 193.1 198.2 202.8 206.2 208.9 210.7 210.8 211.1 211.3 211.8 212.6 213.4 213.6 213.2 213.2 213.9 215.4 215.9 214.9 214.7 214.3 214.2 213.4 213 212.2 211.8 210.1 208 206.4 204.8 203.8 203.7 203.9 202.7 201 199.9 199.6 196.8 193.4
176.1 176.9 178.4 184.9 191.7 191.4 182.2 163.5 154.5 144.7 124.3 129.6 134.1 129.2 130.5 131 130.8 129.9 130.2 130.7 131.4 130.9 130.7 131.1 129.3 130.2 129.2 128.6 132.2 135 137 140.4 144.9 149.3 153.5 165.4 177.8 187.6 195.7 199.2 202.7 205.1 207 208.9 210.2 212 212.6 213.6 215 215.9 215.8 215.6 217.2 218.8 219 219.7 218.7 216.9 215.9 215.3 214.2 212.9 211.9 210.7 209.4 208.2 206.7 205.7 204.9 204 203 203.9 202.8 201.2 200.1 199.4 198.4 194.5
185.4 185.1 185 189 196.3 196.3 180.4 164.8 154.9 142.3 124.6 132.5 131.9 131.4 132.7 133.2 132 131 131.3 131.9 132.6 132.8 133 131.4 130.3 130.3 130.4 132.7 135.5 138.1 141.2 145.5 150.3 157 168.3 180.7 190 196.4 201 203.4 205.5 207.6 208.2 210.7 212.6 215.1 216.1 215.8 217.6 218.1 218.1 219.5 222 222.8 222.5 221.8 220.3 218.3 216.9 215.4 214.8 213.8 213.2 211.8 210.2 208.1 205.9 205.4 204.3 203.6 201.9 202.8 202.6 201.3 200.1 199.2 198.5 195.7
192.7 190.8 189.3 192.9 200.8 202.3 182.5 167.6 152.4 141.2 127.5 134.9 133.8 133.6 135.2 136 133.9 131.8 132.2 132.2 132.3 133.4 134.5 132.7 130.9 132 133.4 136.5 140 143 147.8 152.5 160.2 170.7 182.6 192.7 199.2 203.1 205.6 206.3 208.3 210.6 212.6 214.6 216.9 218.9 219.5 219.2 220.2 221.4 222.6 223.7 224.4 224.5 222.8 220.9 219.3 217.9 216.6 215.3 214.5 214.3 213.1 211.9 210.2 208.8 206.8 204.9 203.9 203.1 201.5 201.5 202.3 201.5 200.2 199.5 198.8 198.2
196.3 197.7 198.7 201.9 203.2 202 184.8 166.3 148.8 140.6 127.8 136 135.5 136 137.9 137.8 135.6 132.2 132.9 133.3 133.6 134.2 135.2 134.7 133.2 134.8 136.3 140.5 144.8 148.4 154.9 163.5 172.1 181.2 193.8 200.8 205.1 207.9 209.9 210.3 211.1 213.2 216.3 219.1 222.7 224.9 224.6 224.2 225.9 226.4 226.4 226.8 226 224.4 222 220.5 218.7 217.2 215.6 215.1 214.7 214.1 212.8 211.4 209.2 208.4 206.3 204.5 203.2 201.9 200.8 200.4 201.5 201.1 200.2 199.1 198.1 198.1
201.8 203.9 205.9 204.7 203.2 201.2 192 168.2 149.7 141.2 131.8 137.3 136.7 137.4 140 138.2 135.4 133.2 133.7 134.4 135.4 136.8 137.1 138 136.2 136.3 139.6 143.7 148.3 152.7 163.9 174.5 183.6 193.5 200.8 206.6 209.1 211.7 213.9 214.2 215.9 219.1 222.1 225.3 228.9 229.6 229.2 229.2 230.4 229.2 228.8 228.2 226.4 223.2 221.3 219.4 217.5 216.4 215.6 214.8 214.3 214.9 213.8 212.1 210.3 206.9 205 203.9 202.6 201.2 199.8 199.5 200.2 200.5 199.3 198.2 198 198
207.5 208.2 207.3 205.6 203.5 201.4 194.4 169.7 151.2 141.7 131.9 139.6 137.7 138.6 140.4 137.9 135.4 135 135.5 136.3 136.5 138.5 139.9 140.8 139.5 138.5 143 147.4 152.2 161 174.4 185.1 195.2 202.7 207.9 210.6 213.1 216.4 219.5 223.3 225.3 228.2 227 229.9 230 230.1 230 230.6 230.8 229.8 229.1 227.7 225.8 223.1 220.6 218.7 216.3 214.7 213.8 213.6 213.2 212.5 212.1 210.5 209.2 207.5 204.8 202.4 201.3 200 198.5 198.1 197.9 199 198.4 198.1 197.9 197.9
210.5 209.2 207.5 205.7 203.8 200.9 198.4 172.7 151.6 142.4 131 139.7 139.2 139.7 139.3 137.4 137.2 137.6 138 138.1 138 139.2 141.4 143.5 142.4 140.5 146.2 151.1 157.3 170.5 183.9 195 202.9 208.9 212 214.7 217.8 223.8 228 230.5 232.3 234.4 232.3 230.1 229.7 229.2 229.4 230.3 231.6 229.9 228.3 226.2 224.1 221.9 219.9 217.4 214.9 212.9 212.8 212.8 212.1 211.2 210 208.7 207.4 206 204.3 201.6 199.9 198.2 197.1 197.2 196.4 197 197.8 198 197.8 197.7
211.5 209.9 208.5 206.2 202.5 199.7 195.5 173.2 153.4 143.5 129.7 141.3 141.7 142.6 138.5 138.3 139.5 139.8 140.2 140.1 140 140.5 143.2 146 145.9 142 148.8 153.9 164 177.7 192.9 203.1 208.3 212.7 216.2 221.4 225.8 227 234.4 236.1 235.9 235.2 234.6 231.1 228.7 228.4 228.8 229.9 230.8 230.5 228.3 225.8 223.8 221.7 218.6 216.1 213.9 212.1 211.9 211.4 210.3 209.3 208 206.6 205.2 203.8 202.4 200.7 198.8 196.7 196 196.2 196 194.1 195.3 196.1 197.2 196.4
212.7 211.2 209.5 205.7 201.1 197.8 194.5 174.1 155 143.6 130 144.1 144.5 144.3 140 139.9 141.4 141.9 142.4 142.4 142.5 142.5 144.4 147.5 148.5 143.2 150.6 157.9 169.3 185.8 197.7 202.9 210.8 215.9 222.3 228.1 232.4 233 239.6 241.3 238.8 238.1 236.4 233.4 230.1 227.8 228 228.5 229.3 230.4 228.8 227.3 224.7 222 218 215.5 212.8 211 210.2 209.5 208.8 207.1 205.6 204.4 203.1 201.7 200.3 199 197.9 195.9 194.3 193.7 193.1 192.1 190.7 191.1 193.2 194.3
212.6 211.8 209.5 205 200.2 196 191.7 175 156 142.8 136.8 147.7 146.2 145.4 143.2 142.7 143.1 143.9 144.8 144.9 145 145 145.2 148.6 149.7 145.1 152.7 162 174.5 190.6 199.1 205.9 213.6 222.3 224.8 233.2 236.3 239.5 241.6 242.7 242 239.9 237.3 234.5 231.2 228.9 226.9 226.8 227.7 226.9 227 225 223.7 220.8 217.1 214.3 211.6 209.7 208.7 207.5 206.3 204.6 202.7 201.2 200.1 199.3 198.1 197.3 197.1 193.9 192.4 191 190.1 188.6 185.9 186.1 188.7 190.3
210.9 210.7 207.5 202.7 199.2 195.1 190.8 176.1 157.6 144.8 135.1 149 148.6 148.1 146.2 145.9 146.2 146.4 147.1 147.4 146.4 146.1 147.2 150.1 151.1 147.1 154.2 166.3 180.1 193.1 199.3 206.2 213.8 225.3 228.3 236.6 241.1 241.6 243 244.3 243.1 240.7 238.1 235.4 232.5 229.9 228.5 225.7 224.8 223.4 223.6 222.2 220.3 216.7 214.9 212.5 210.3 208.7 207.3 205.2 203.5 202.1 200.3 198.3 197.3 196 196 195.3 193.6 191.6 190.3 189.6 187.8 185.6 183.1 180.6 182.1 185.8
214.1 207.3 204.3 201.4 197.9 194.2 189.8 177.6 164.7 150.9 139.8 144.5 149.4 150.5 148.8 148.9 149.1 149.4 149.6 149.7 149.5 148.6 149.4 151.8 151.7 149.6 156.6 167.6 184.7 193.9 201.6 208 221.1 226.2 232 238 244.2 244.1 245.2 245.9 246 242.7 239.7 236.1 233.5 231.5 229 226.6 221.4 221.8 220.4 220.8 218.7 217.3 215.1 213.2 211.6 209.5 206.4 204.1 202.4 200.5 199.3 197.3 196.6 194.3 194 192.2 190.5 189 187.8 187.4 184.4 181.9 177.9 175.3 176.4 178
214.2 207.8 204.3 200.8 196.6 192.1 187.7 177.8 163.1 150.1 140.6 144.9 151.3 151.3 150.8 150.6 150.8 151.2 152.3 152.6 152.7 151.2 150.6 153.1 154.3 153.1 161 171.3 187.4 194.5 202.2 209.8 223 228.4 233.5 239.2 244.9 245.3 246.4 246.7 246.4 244.4 240.2 236.6 234 231.9 229.7 229.1 223.5 220 218.3 219 217.4 216.6 216.5 214.9 211.1 207.5 204.6 202.6 200.9 198.8 197.4 196.4 195 194.2 192.2 190.7 189.3 188.1 186.6 184.2 179.5 175.7 172.3 170.8 171.9 172.2
215.9 209.8 203.6 199.9 195.6 191.4 186.7 178 165.4 148.9 140.6 144.4 152.2 153.6 153.3 153 153.3 154.4 155.4 155.7 156 154.2 153.8 155.2 157.4 157.4 161.2 175.9 188 195.9 202.9 212.1 224.3 228.9 233.8 239.5 243.5 245.8 246.4 247.5 247.5 246.7 242.4 237.2 234.5 231.9 229.1 228.5 222.6 219.9 218.3 217.5 215.4 214.5 215.3 212.9 208.7 205.1 203.2 201.2 199.3 197 195.8 195.7 192.6 191.7 190 189.3 188.3 185.4 183 178.9 171.2 168.7 167.7 162.9 168.8 168.7
216.1 210.4 204.3 199.1 195 190.9 185.6 179.8 168.6 149.8 154.7 148.4 150.8 154.4 157 156.6 157.3 160.2 162.3 161.3 160.4 158.9 157.4 158 160.3 159.7 164.4 178.8 188.7 196.9 203.6 212.6 224.4 229.4 234.3 240 243.9 245.6 245.7 245.8 245.9 246.5 244 238.7 234.6 231.3 228.6 224.9 221 218.8 217.4 214.6 212 211.5 212.7 212.4 206.9 203.6 201.5 199.4 197.3 195.8 195.4 195.7 191.7 188.7 188.4 185.2 183.9 181.4 168.9 163.3 161.3 162.5 158.6 156.9 165 165.4
216.1 211 204.9 199.3 195.5 190.5 185.8 182.3 173.3 155.9 157.7 152.6 152.2 157.7 160.4 159.5 163 166.5 169.1 166.6 164.9 163 161.6 161.9 163.1 166.6 168 180.4 189.1 196.7 203.3 214.5 223.4 228.3 233.3 239.5 244.5 245.8 245.9 245.7 244.9 244 244.1 240.9 235.6 231.4 227.2 223.2 219.7 217.8 216.3 214 211.5 209 210.3 207.5 203.4 201 199.2 198.2 197.7 196.5 196 195.7 194.2 191.8 188.6 179.7 171.7 163.8 161.6 160.4 157 155.8 154.9 149.6 155.4 153.7
