public/OST50/NZ71.asc
ncols 200
nrows 200
xllcorner 470000
yllcorner 510000
cellsize 50
[rows 70 to 104 of 200, columns 78 to 155 of 200]
171.9 172.1 173.7 175.3 176.6 178.1 177 176.5 175.7 174.9 174.4 174.1 171.6 164.7 156.4 148.4 141.3 132.3 125.5 119.4 112 98.6 82.8 72 90 104.5 105.2 104 88.8 65.3 66.5 87.2 89.6 89.5 103.3 104.6 94.4 99.8 112.2 112.8 114.1 115.6 118.5 121.7 125.1 128.5 132.3 131.6 132.7 135.6 139.9 145.1 148 146.1 142.6 152.8 158.7 161.6 163.9 165.9 166.5 166.6 166.3 165.4 163.9 162.3 160.6 159.4 158.9 158.4 157.3 155.1 152 145.1 133.5 127.1 120.9 107.8
171.7 172.7 174.1 175.3 176.4 177.3 177.5 176.4 175.7 174.9 174.3 174 170.7 162.7 154.6 147.2 140.2 130.9 124.8 118.7 110.9 92.3 75.2 83.8 102.3 106.8 106.5 106.1 100 79.9 61.5 96.5 102.5 101.2 104.7 112.1 111.3 118.3 118.7 116.6 118.2 123 127 128.3 132 136.7 139.1 139.8 143.2 147.1 149.4 150.7 152.6 152 146.2 155.6 159.7 162.5 165.1 166.5 168 168.3 168.8 169 168.5 166.6 162.7 159.1 160.2 160.8 159.9 158.2 155.3 149.9 135.9 127.3 119.3 109
172.3 173.1 174 174.8 175.6 176.6 177.4 176.4 175.6 175.3 174.2 173.7 170.3 160 151.9 146 139.2 131.1 124 118.3 109.2 89 73.6 93.3 107.5 107.7 106.8 102.4 88.1 69.6 71.6 103.3 109.4 109.4 110.5 111 118.1 122.4 123.8 121.1 127.2 136.3 139.5 139.5 141.1 144.8 148.1 149.6 151.1 152.5 153.8 155.2 155.6 154.1 151.3 154.9 158.5 161.5 164.4 166.4 168.1 168.7 169.7 170.9 171.4 170.4 166.5 161.1 158.2 158.9 159.3 158.3 155.7 148.2 134 122.4 114.7 107.3
173 173.9 174.6 175.1 175.6 176.1 177.1 176.3 176.6 176.6 174.2 172.5 168.2 158 149.3 143.7 137.7 130.7 122.6 114 102.4 88.4 75.9 99.3 109.2 108.7 101.6 84 64.8 74 97.1 109.1 114.1 115.8 117 116.3 121.2 125.1 128.7 127.7 133.5 138.7 142.6 144.8 144.4 149 151.5 153.6 154.4 155.9 157.4 159.2 160.6 160.1 159.2 159.8 159.5 161 163.9 166.5 167.8 169 170.1 171.1 172 171.2 169 165.4 159.7 156.2 156.8 156.2 153.2 143.4 130.7 117.8 110.3 103.6
173.3 174.2 174.8 175.2 175.7 176.1 176.6 176.9 177.2 177.4 175 172.7 168.9 157 147.3 140.7 134.8 128.1 116.7 107.8 99.7 86.4 80 101.8 110 107.4 93.2 74.4 65.6 91.2 107.7 112.7 116.6 118.5 122.3 123.6 125.6 129.1 132.8 135.3 137.7 141.3 144.5 146.8 148.8 150.9 153.7 156.5 157.9 159.7 161.6 164.4 165.3 165.2 165.3 165.2 164.5 163.7 164.4 166.2 169.2 171.3 171.3 171.4 172.2 171 169.6 167.5 163.9 156.8 153.4 151.7 149.2 139.5 128.1 112.9 106.2 100.5
173.6 174.4 175 175.5 175.9 176.4 176.9 177 177.3 177.1 175 173.2 166.2 153.9 145.9 139.3 132.4 126.4 119.4 105.8 96 85 90.8 108 108.8 101.3 85.5 67.9 79.2 100.6 110.2 114.7 118.8 121.8 125.4 126.2 129.3 133.2 136.8 139.6 141.9 144.3 146.9 149.9 151.8 153.6 156 159.4 162.1 164.3 166.5 168.4 168.4 168.5 168.9 168.8 168.4 167.7 168.4 169.8 172.8 176.4 176.2 174.2 171.9 169.6 166.1 158.8 155.9 153.9 151.4 147.4 142.7 134 120.2 108.2 101.8 97.5
173.8 174.5 175.2 175.8 176.2 176.7 177.2 177.3 177.4 176.3 174.2 171.9 163.9 153.3 144.7 138.1 130.7 124.7 119.1 106.2 91 88.1 105.4 108.6 100.9 88.4 76.2 61 85.5 107 110.9 115.3 120.9 124.9 127.4 129.5 132.3 137 140 142.7 144.5 148.1 151.1 155.7 158.1 158.1 158.9 160.6 164.7 167.1 169.4 170.1 170.4 171.1 172.2 172 172 172 172.6 174.3 176.9 180.4 181.4 181.4 177.2 173.8 170.9 167.5 161.3 157 153.1 146.6 137.8 127.5 111.8 102.9 97.6 93.9
174 174.7 175.4 176 176.5 177 177.5 177.2 176.4 174.6 172.5 169.9 162.7 152.5 144.1 136.5 128.7 122.6 113.3 101.8 87.2 101.1 105.9 102.8 93.2 86.6 78.3 63.1 86.6 106.1 115.6 118.4 123.2 128.2 132 135.4 138.7 140.7 143.8 147.6 148.3 150.8 154.8 158.3 161 161.4 163.2 164.6 165.4 170.4 171.7 172 172.4 173.7 174.9 175.3 175.4 175.8 176.5 178.6 180.9 184.2 187.9 189.8 187.1 184.3 176.7 170.4 164.6 159.5 153.2 142.1 133.3 123.1 108.8 100.7 96.9 93.5
174.2 175 175.7 176.3 176.8 177.3 177.8 177 175.8 173.6 171.3 167.4 160.6 152.5 143.9 135.3 127.6 118.2 106.5 94.9 99.2 109 104.1 94 85.7 80.7 72.3 72.8 88.4 111 118.7 122.9 126.9 129.4 135.8 140.3 143.1 145.2 149 151 150.7 152.8 154.9 157.4 159.6 161.9 165.4 167 169.1 171.2 173.4 174.9 176.1 178.5 179.8 179.3 178.8 179.4 180.2 182.3 185.2 188.8 192.4 192.9 191 187.8 176.4 168.9 162.9 157.9 149.3 138.5 126.5 115.1 105.2 99.3 95.8 92.7
174.4 175.2 176 176.6 177.1 177.6 178 176.6 174.9 172.5 169.9 164.5 158.4 150.3 141.3 133.5 124.5 111.7 104.1 88.5 111.5 105.6 97.8 89 79.7 68 75 87.3 91.9 105.7 120.2 128.5 132.6 134.9 137.6 143.1 147.8 150.6 152.3 154.1 154.2 155.1 158.3 163.1 167.8 169.5 175.5 177.8 177.5 177.9 177.3 178.6 181.3 183 184.1 183.9 183.9 185.2 187.5 188.1 189.5 190.6 193.9 193.8 190.8 185.7 175.1 167.3 160.8 153.9 143.4 131.5 120.7 110.6 103.3 98.6 95.5 92.5
174.6 175.4 176.2 176.9 177.5 178 177.6 176.6 174.2 171.8 168.7 162.6 155.7 147.6 138.6 131.3 118.6 107 99.7 93.8 108.5 100.6 93.8 86.5 73.3 76.4 83.7 91.2 98.1 103.7 113.3 130.9 135.3 139.4 143.8 145.9 149.9 152.8 155.4 156.5 157.9 160.4 165 169.9 174.6 181 184.7 189.2 189.2 188.4 186.5 183.7 183.8 187.2 188.6 189.3 190.3 191.4 194.3 196.2 193.5 192.3 193.2 191.9 189.1 183.2 174.3 166.2 158.9 149.2 137.5 125.7 116.2 107.9 102.8 98.4 95.5 92.2
174.8 175.6 176.4 177.2 178 178.5 177.7 176.3 173.3 171 165.6 159.9 153 144 136.4 126.6 112.2 101.4 91.3 101.8 101.8 96.5 89.9 81.2 76.1 84.9 89.4 96.4 103.1 108.9 113.3 122.2 134.3 142.2 146.7 149.9 154.4 156.8 160.1 163 165.4 168.1 172.2 176.1 181.4 186.8 192.5 194.9 195.9 195.9 193.5 191.7 188.8 189.9 192.3 192.9 194 195.9 198.7 199.4 198.5 198.4 193.9 190.4 186.3 180.5 172.2 164.5 156.4 142.1 129.5 119.3 112.1 106.1 101.9 98.7 95.4 91.4
175 175.8 176.6 177.4 178.2 178.6 177.6 175.5 172.7 169.9 163.6 157.3 149 141.4 133.2 118.9 105.5 94.2 99.8 106.8 98.2 93.3 88.5 78.9 82.1 91 97 102.6 108.4 116.6 124.6 120.8 130 139.2 147.1 155.5 160.2 164 168.1 171.3 174.5 177.2 179.9 183.5 187.6 191.7 194.7 197.2 198.9 199.5 199.6 199 197 194.8 196.4 197.5 198.7 199.6 199.9 200.3 201.9 200.3 196.1 190.3 184 177.4 169.1 162 152 134.7 124.5 114.9 109.8 105.3 101.9 99 94.9 84.1
175.2 176 176.8 177.6 178.4 177.5 176.1 174.6 171.8 166.2 161.1 154 145.4 138 129.4 113.5 100.3 92 113.1 100.6 95 89.4 82.9 78.6 87.4 93.8 100.9 107.5 112.6 123.5 132 128.7 130.6 139.2 147.4 160.1 164.9 169.4 173.8 177.4 179.7 182.3 184.6 187.6 190.2 193.1 196.1 198.3 200 201.5 202.1 202.5 201.9 201 200.7 201.5 201.9 202 201.5 200.5 200.9 198 194.2 188.4 181.7 174.5 167 159.9 143.2 130.1 119.3 112.7 108.8 105.4 102 98.4 90.4 78.8
175.6 176.3 177.1 177.9 177.6 176.2 174.8 172.9 170.7 164.4 157.7 150.6 142.9 133.8 119.3 105 96.1 103.8 105.4 96.5 90.9 84.2 78.4 84.8 91.1 97.3 104.8 112.2 120.1 133.8 139.6 140.5 135 139.9 152.8 162.8 169.1 173.1 177 179.7 182.1 184.8 186 187.9 190.6 193.2 196 198.7 200.6 202.3 203.4 203.6 203.4 203.8 203.7 203.5 202.7 203.3 202.8 201.7 199.3 195.1 188.9 183.7 178 171.1 161.6 153.9 137.8 125.8 116.5 112 108.4 105.3 102 98.3 88.8 75.8
176.1 176.9 177.6 177.8 176.4 174.7 173.5 172 168.3 161.5 154.5 147.9 137.6 118.9 106.4 99.8 99.4 105.7 100 91.2 86.6 79 80.1 89 94.9 101.2 109.8 118.7 132.7 140 144 143.6 141.8 142.1 148 162.8 170.9 175.1 178.6 181.7 183.4 185.3 186.8 188.1 190.7 193.2 195.7 199 201.2 202.9 204.3 204.6 205 205.1 205.1 204.8 203.3 203 202.6 201.8 198.3 191.5 184.8 179.1 173.1 166.5 153.9 144.6 132.4 121.9 114.8 111.3 108.1 105.1 101.4 94.7 84.7 72.1
176.6 177.4 177.5 177.2 175.3 173.2 172.3 170.8 167 157.6 150.4 142.2 129.5 112.6 102.6 99.7 114.3 101.1 92.8 86 79.8 82.9 86.6 93 99.8 108.3 117.1 128.3 139.3 143.7 145 146.2 145.1 150.2 150.8 158.9 168.7 174.8 178.8 180.3 182.8 184.9 187.1 188.8 190.6 192.4 195 197.9 201 203.3 204.7 205.6 205.5 205.5 205.5 205.1 204.4 203.8 203.1 200.6 197.2 188.3 181.6 175.9 169.5 160.7 151.5 140.1 128.5 119.4 113 109.7 105 100.4 92.2 86.1 78.4 81.5
176.8 177.5 177.1 176.6 174.7 172.8 171.2 169.3 164.7 154.8 141.3 130.4 117 110.6 100.9 109.2 112 99 92.5 80.3 85 89 92.9 96.5 104.9 114.3 122.6 133.3 141.7 147 150.1 150 152.2 154.9 159.7 156.1 163.4 171.2 175.6 179 181.6 184.3 186.8 188 190.1 192.3 195.1 198.7 201.2 203.1 204.4 204.8 205.1 205.3 205.3 204.8 204.1 203.2 201.9 198.7 193.1 184.4 178.7 174.2 167.4 157.6 147.7 133 121.3 115.3 107.1 100.1 93.5 89.4 84.6 77.7 78.3 93.1
177 177.3 177 176.2 174.8 172.7 170.6 167.1 160.8 151.7 137 121 113.5 106.1 100 116.4 110.4 97.9 90.2 84.1 90.3 94.4 97.3 102.6 111.5 120.4 130 140.3 147.4 151.9 154.6 155.7 160 161.5 162.3 167 166.7 169.1 172.9 178.1 181.4 183.3 184.4 186.8 189.2 191.7 195.3 199.4 200.5 202.7 205.2 205.7 205.3 205.4 205.2 204.5 203.8 202.5 200.3 195.2 188 180.5 175.5 171.1 164.5 154.1 140 124.1 112.1 104.2 97.8 90.7 81.5 80.3 78.9 89.4 92.1 98.6
177.2 177.1 176.9 175.9 174.7 172.2 169.3 164.3 156.9 145.3 128.8 119.5 114.4 106.5 107 124.1 111.6 101.8 89.9 92.8 100.1 102.2 104.2 108.2 119.6 128.8 139.4 146.1 152.9 157.9 161.6 163.8 166 167.4 167.7 169.1 172.1 175.9 178.1 181.6 184.2 185.1 186 188.9 190.3 191.9 195.8 200.2 203.6 205.1 206 207.1 206.2 205.4 205.5 204.8 203.7 202.3 198.2 191.2 182.6 177.1 172.9 167.5 160.2 149.3 131.5 113.5 107.3 99.2 88 88.4 91.1 91.1 93.5 101.1 100.2 102.2
177.2 177 176.6 175.4 174.5 172.1 169.4 161.4 150.7 137.7 128.9 122.3 116.1 103.7 116.1 125.2 113.9 99.7 91.4 102.2 108.8 110.5 112.7 114.4 125.6 135.2 140.6 150.2 157.1 163 166.4 168.2 170.2 171.8 172.4 174.1 176.7 179 182.1 184.4 187.2 188.5 188.6 190.3 193 195.1 197.9 202.1 205.3 207 208.1 208.5 207.5 206.1 205.9 205.1 203.8 200.5 195.2 187.4 179.8 173.9 168.8 163.9 157.4 144.2 124.8 109.7 103.5 94.2 94.1 95.7 94.9 95.9 100.7 105.1 105.2 105.7
177.6 177.3 176.9 176.5 174.8 172 168.7 160.8 148.6 134.7 129.6 123.6 115.8 102.3 124.7 127 111.9 95.2 104.2 110.8 114.9 115.6 118.8 123.5 130.8 141.1 142 152.9 161.4 165.7 167.6 169.7 171.6 174.6 176 177.6 180 182.6 185.3 186.8 189.4 191.4 191.7 192.5 195.6 197.7 200.6 204.4 205.8 207.6 208.5 209.1 207.8 206.3 205.9 205.3 203.2 198.9 191.2 183.7 176.9 170.9 165.7 159.8 149.9 135 116.2 104.7 97.8 95.2 99.7 99.2 99.2 100.2 107 108.4 108.6 109.1
177.9 177.5 177.1 177 174.2 171.9 166.6 157.8 146.8 134.4 129.8 123.3 110.5 108 130 125.8 112.7 96.4 109 116.6 121 126.4 128.9 131.9 137.2 145.7 151.3 155.4 162.6 165 167.4 170 173 175.3 176.8 178.9 181 183.5 186.4 189.3 191.3 193.6 194.5 196 198.1 200.4 203.3 206.3 206.8 208.2 209 209.6 208.4 206.9 205.9 205.4 202.5 196.1 185.5 178.3 174.7 169.3 164.4 155.7 142.3 125.4 111 103.3 98 99.9 102.9 103.3 103.7 105.9 111.7 111.2 111.3 111.3
177.5 177.4 177 177 174.4 172.2 164.4 156 146.4 137.1 130 121.8 106 116.3 131.8 125.5 112.3 97.8 113.5 123.1 130.2 143.1 146.5 144.8 146.1 149.9 158.4 162.5 163.8 164.6 166 169.2 171.6 173.8 176.2 179.3 181.9 184.4 187.3 190.2 193.2 195.5 197.4 198.7 200.2 202.7 205.4 207.3 208.2 208.8 209.4 209.8 209.3 207.9 206.3 204.8 201.5 191.4 182.3 175.5 173.4 168.1 161.2 148.7 134.9 119.3 111.7 105.1 100.9 101.9 105.9 106.7 107 110.2 113.7 113.6 113.6 113.2
176.9 176.9 177 177 174.2 172.8 164.7 154.8 146.4 141.6 134.4 118.3 105.1 119.4 133.5 127.5 110.6 102.3 120.8 134.3 141.6 150.7 154 156.4 157.6 153.9 161.9 165.2 166.9 168.3 167.3 169.3 171.3 173.1 175.6 179.2 182.4 185.3 188.2 191.2 194.2 197.6 199.4 201.4 202.1 204 206.1 207.6 208.6 209.5 210.2 210.3 210.2 208.3 206.4 203.4 199.2 188.2 180.2 173.7 171.8 165.8 157.8 144.2 129.8 117.4 110.6 107.3 103.8 105 107.1 110.4 111.4 116.2 117.1 115.8 115.8 114.6
176.7 176.8 176.9 177.7 174.9 171.2 163 153.5 145.9 141.9 136.2 118.3 105.6 121.1 135.2 129 108.9 102.7 126.5 141.9 148.5 154 158 160.4 162.4 159.3 165.7 168.8 170.3 171.8 170.7 169.6 172.7 174.1 175.4 178.2 182.1 185.1 188.2 191.4 194.7 198.5 202 203.6 203.8 204.5 206.5 208.5 210.6 211.3 212 211.8 211 209.3 207.3 203.9 196.1 186.2 179 173.3 169.3 163.7 153.6 140.2 127.6 118.4 111.9 107.3 108.3 109 110.1 112.3 114.3 119.6 121.4 120 119.1 117.3
176.6 176.8 177.3 176.2 173.6 169 160.1 150.9 145.6 141.4 129.5 110.3 106.6 123.5 136.5 125.9 103.6 109.7 131.1 147.1 154.1 159 163.7 165.6 166.8 165.9 166 171.5 172.4 173.5 172.3 170 172.7 175.7 176.8 178.3 181.5 184.6 187.9 191.6 194.3 198 201.1 203.5 204 205.3 207.3 209.5 211.6 212.8 213.5 213.2 211.5 209.5 207.5 203.1 193.4 184.4 178.2 172.7 167.6 162.1 150.8 137.5 127.4 119.1 112.9 112.5 113.8 113.8 113.5 115.3 124.2 127.6 126.8 124.8 122.5 120.4
176.7 177.2 177.7 176.3 172.9 168.1 159.2 151.3 143.1 135.3 124.4 114.3 107.1 125.7 136.1 121.4 100.8 115.5 135.8 151.5 160.2 167.3 169.7 170.4 171.2 170.2 168.6 170.6 172.2 172.3 171.4 170.9 172.9 176 177.9 180.1 182.6 185.4 188.7 190.9 193.2 196.5 200.1 203.4 204.3 206.2 208.4 210.2 212.6 214.9 214.9 213.7 212.1 210.1 207 201.4 192.1 183.8 177.2 171.6 168.2 161.2 148.2 134.7 125.5 118.3 114.2 121.2 120.8 118.3 117.9 128.2 134.1 134.5 132.9 130.7 127 124.6
177.5 177.4 177.4 176.2 171.8 167.3 157.9 150.9 145.3 143.7 134.1 126.3 106.8 124.5 134.4 116.8 108.6 121.8 143.4 157.7 167.1 171.3 173.8 174.6 174.8 173.5 172.8 171.2 170.8 171.9 171.9 172.1 174.2 176.1 178.3 180.7 183.3 185.9 188.1 190.2 193.4 197.3 201.3 203.5 204.4 207 209.4 211 213.4 215.1 215.3 214 212.6 210.1 206.3 200 192.5 184.1 176.1 170.5 166.9 158.6 146.8 134.2 123.9 115 123.4 127.7 128.9 127.8 134.1 138.9 138.9 139.3 138.5 136.2 133.3 130.6
179 175.6 175.6 173.6 169.4 166.4 158.2 151.1 146.8 144.3 138.8 129.7 112 123.1 132.8 112.1 114.1 128.6 150.9 163 170 174.1 175.9 176.4 176 175.1 173.8 173.1 171.5 171.7 172.1 173 174.6 176.5 178.3 180.4 183.1 185.9 188.5 190 193.4 197.3 200.8 203.2 205.1 207.8 210 211.8 213.3 214.9 215.5 214.3 211.8 209.6 205.7 198.8 190.9 184.2 175.3 169.8 164.7 158.3 144.2 131.2 121.4 122.9 127.5 130.7 133.1 136.6 143.6 144 143.5 144.6 144 142.9 141 137.1
180.1 176.5 173.4 171.1 167.4 164.5 158.1 150.8 146.5 146.3 136 126 111.8 128.2 127.1 109 118.2 139.7 156.2 166.5 171.1 174.5 176.1 176.9 175.7 175 174.4 174.4 173.3 172.7 173.5 174.5 175.4 176.7 178.4 180.3 183.1 186 188.8 190.2 191.8 196 199.3 202.7 205.7 208.4 210.3 212 213.7 214.6 215 213.9 211.1 208.3 205.6 197.9 190.8 184.5 174.9 169.5 165.3 156.9 141 130 119 127.9 131.6 133.9 137 143.3 148.1 148.9 149.1 149.8 149.6 149.3 147.7 142.3
180.2 177.2 173.9 170.5 166.7 162.8 157.3 146.4 133.5 130.9 121.9 111.6 122.4 135.6 119.9 112.3 124.6 145.8 161.8 168.5 172.9 174.9 176.2 175.9 175.1 174.9 175.6 175.9 175.6 174.7 174.9 175.8 176.9 177.1 178.8 180.7 183.3 186.1 188.7 190.1 191.8 195.1 199.3 202.9 206 208.7 210.2 211.9 213.2 213.9 214.2 213.8 211.1 208.2 205 198 190.5 184.4 175.1 169.5 162.9 151.1 137.7 126.8 126 131.4 135.5 137.9 142.2 149.1 152.3 153.3 153.6 154 155.7 156 153.9 147.9
179 176.6 174.2 170.6 166.6 162.3 156.2 148.2 136.9 123.5 116.6 113.5 127.9 137.4 117.8 119.6 131.7 152.6 163.8 170.2 173.5 174.6 175.6 175.2 175.1 174.9 175.1 176.3 177.1 176.4 176.6 176.5 176.9 177.6 179.2 181.1 183.4 186.2 188.5 189.9 191.7 194.8 199.1 203.1 205.7 208.2 209.5 210.3 211.4 212.3 213.3 212.7 210.4 208 203.5 196 190 184 175.1 169.4 160.1 144.8 133.2 125.3 134.3 136.2 138.7 142.8 145.8 151.7 156.3 157.7 158.1 159.1 161.9 162.3 157.8 152.6
177.9 175.8 174.1 170.6 167.6 163.7 156.7 148.9 136.8 124.2 129.8 117.7 128.1 139.3 118.3 120.4 134.4 158.7 165.1 170.6 173.1 174.2 175 175.1 175.2 175 174.7 176 177.1 177.8 177.4 176.8 177.2 177.7 179.3 181.2 183.6 186.4 189 189.8 191.3 194.9 200 202.8 205.5 207.6 208.1 208.7 209.3 211.2 212.1 212 209.7 206.4 201.3 195.3 189.6 183.8 174.5 165.6 152.5 141.2 131.7 129.2 138.5 140.7 143 146 149.8 154.3 159.2 161.5 164.2 165.2 166.4 166.2 162.1 156.9
177.1 174.9 172.9 169.9 166 164.4 159.3 146.7 133.2 133.8 133.3 120.7 129.3 140.3 123.5 120.1 137.1 158.3 165.2 169.5 171.9 173.4 174.3 174.4 174.6 174.8 174.8 175.9 176.8 177.4 177.8 177.3 177.5 177.5 179.2 181.1 183.9 186.5 188.3 189.6 191.8 195.6 199.1 202 204.5 206 206.6 206.5 207.3 210 210.7 211 209 206.6 203 195.2 188.1 180.8 172.4 160.6 146.6 138.8 127.9 131.1 142.1 144.9 147.1 148.8 152.6 158 162.5 166.6 170.2 171.5 171.8 169.4 166.7 162.6
