public/OST50/NZ71.asc
ncols 200
nrows 200
xllcorner 470000
yllcorner 510000
cellsize 50
[rows 140 to 174 of 200, columns 0 to 77 of 200]
171.3 181.7 192.8 194.2 197.3 203.7 207.1 207.3 205.4 202.7 202 200.3 197 197.3 196.6 195.3 196.2 190.6 197.1 197.6 196.7 195.4 195.3 194.5 193.8 191.7 191.3 189.2 192.3 195.7 197.6 198.8 198.9 197.7 198.2 198.2 198.4 198.8 199.8 199.8 199.7 199.4 199.9 199.9 199.5 198.8 198 197.3 198 197.7 197.4 196.5 195.1 193.5 192.5 193.8 195 197.3 197.5 197.4 197 195.8 193.2 192.1 190.7 184 178.1 187 188.5 190.7 191.4 190.2 189.3 189.6 191.4 193.9 194 191.8
172.1 181.5 193.9 198 202.2 208.1 210.6 209.2 206.5 205.6 202.9 200.3 200.5 201 200.5 198.5 200.9 197 193.7 197.4 198.8 198.6 197.5 195.9 194.7 193.5 191.8 192.1 194.5 196.1 197.7 199.3 199.2 198.5 198.6 199.2 199.3 199.5 200.1 200.1 199.7 199.6 200.4 199.9 199.3 199 197.8 198.3 199.1 199.6 199 197.9 196.5 194.4 193.6 195.6 197.7 199.3 199.2 198.9 198 196.6 195.9 195.2 192.5 189.2 183.9 177.3 185.5 190.6 191.5 190.6 190.1 191 193.4 194.2 194.4 192.6
174.7 182.1 195.8 200.3 207.2 211.2 212 210.1 208.8 208.3 205.4 203.1 203 203.2 203.5 202.3 200.5 199.9 198.6 194.6 199.4 199.7 198.9 197.7 196.7 195.6 191.2 195.5 197.7 197.8 198.8 199.2 199.3 198.6 199.5 200.5 200.2 200.4 200.3 200.3 200.2 200 200.2 200 199.1 198.8 198.3 199.1 200.2 201.2 200.3 199.2 198 195.3 194.8 197.8 200.2 200.5 200.8 200.7 200.3 198.5 197.9 196 193.1 190.3 187.2 187.7 179.6 190.1 191.2 191.5 191.2 191.5 194.5 194.3 194.4 193.5
179 181.1 196.6 202 209.3 212.8 213.1 212.7 211.9 211.2 208 205.7 205.8 206 205.6 203.9 202.5 202.6 201.5 194 200.3 200.8 199.9 198.5 198.4 197.8 190.8 196.9 199.2 199.8 199.7 199.2 199.5 199.9 201.2 202.9 203.1 203.1 202 200.9 200.5 200.4 200.3 200 199 198.9 198.9 200.8 202.8 202.2 201.7 200.6 198.5 196.2 197.9 199.1 201.1 201.4 201.8 202.1 201.3 199.1 197.1 194.6 191.6 189.1 189.7 190.3 184.6 191.1 191.8 191.2 191.9 192.4 193.1 194 193.8 195
185.6 173.6 196.2 203.1 210.6 214 214.3 214.5 214.6 213.5 210.1 208.2 208.5 208.5 207.1 204.4 204.2 203.8 202 195.8 200.5 201.7 201.8 200.6 199.8 197.8 191.8 193.4 199.8 200.3 200.2 199.3 199.8 200.8 202.2 203.3 203.9 203.7 202.9 201.7 201.3 200.8 200.1 199.7 199.8 200.1 201.1 202.3 202.7 202.2 201.7 200.9 198.3 196.8 199 200.7 202 202.4 202.6 200.3 199.2 197.8 195.8 193.2 191.3 190.1 192.1 183.2 188.5 192.6 194.4 192.9 192.5 193.3 192.9 193.3 194.5 196.4
184 180.4 195.2 203.9 212.6 215 215.6 216.2 216.3 216.2 213.7 211.4 211.2 210.3 207.7 205.7 205.5 205.1 202.7 196.1 201.4 202.8 203.2 202.3 201.2 198.9 195.2 195.6 199.9 200.3 200.2 200.4 200.8 201.7 202.6 203.8 204.5 204.1 203.4 202.9 202.4 202 201.5 201.2 201.3 202.8 201.9 202.6 202.3 202 201 200 198.7 199.1 200.1 200.9 202 202.2 200.9 199.5 198.3 197 195.1 192.9 191.2 192.2 187.9 187.5 193 193.8 195.2 193.8 194 194.1 193.3 193.6 195.2 197.1
181.5 186.2 195.4 204.8 213.2 215.6 217.7 217.9 218 217.6 216.3 214.6 213.6 211.5 209.7 207.6 207 205.4 202.5 199.3 204.2 204.7 204.3 203.6 201.9 199.8 197.3 193.5 199.6 200.5 201.3 201.9 202.3 202.9 203.7 204.4 205 204.7 204.3 204.4 203.8 203.7 203.2 202.6 202.6 202.7 202.7 202 201.8 201.3 199.6 198.4 199.1 200.8 200.7 200.3 201 199.9 199.2 198.8 198.4 197.3 195.1 193 192.6 193 187.5 194.2 195.4 195.7 195.8 194.5 194.7 194.2 193.8 193.8 195.5 196.5
180.2 189.4 196.9 205.4 214 219 219.2 219.3 219.5 219.3 218.5 217.2 215.2 212.8 210.9 209.8 209.2 206.3 200.7 203.6 206.2 207.4 206.2 204.7 202.9 201 200 199.2 198.7 202.2 204.2 204.6 204.1 204.4 204.8 205.5 205.7 205.9 206.1 206.1 206.5 206 205.1 204 203.6 203.9 204.6 203.1 201.5 200.5 199.1 199 200.3 201.8 201.9 201.5 200.7 199 198.1 197.9 197.8 197.7 195.6 194.1 193.8 190.6 189.5 195.2 196.4 197.4 197.3 195.7 195.4 196.1 195.7 194.8 194.7 194.9
179.6 194.8 201.9 209.5 216.6 220.2 220.6 220.6 220.8 220.7 220.2 219 216.6 214.2 212.2 211.7 210.3 206.2 201.6 206.6 208.9 210 209.9 208.8 206.9 204.4 203.3 202.6 198.5 204.3 207 207 206.1 206.5 207.3 208.6 208.7 208.7 208.9 208.2 207.5 207.7 206.3 205.5 205.2 204.9 205 204.9 203.1 201.9 200.8 200.2 202.1 202.7 202.9 201.2 200 198.1 197.9 197.8 197.7 197.6 196.3 194.5 192.5 188.3 192.6 194.7 196.5 197.5 198.2 197.5 197.6 197.7 197.6 196.8 195.4 194.9
183.2 194 202.7 209.6 215.2 218.5 220.2 221.3 222.2 222.1 221.6 220.4 217.9 215.5 213.8 212.5 209.3 205.9 202.6 208.4 211.2 212.4 212.8 212.1 210.5 209.4 207.9 205.2 201.6 203.7 208.7 209.1 208.3 208.9 209.8 210.8 211.6 211.8 212.4 211.2 210.2 209.5 208.5 208 207.3 206.2 205.8 206.2 204.9 204.2 201.2 202.5 204 202.2 201.3 200.3 198.6 197.9 197.9 198.1 197.5 197.1 194.6 193.2 192.2 187.9 193.3 196.2 198.3 199.8 199.6 200 199.8 198.9 197.9 196.8 194.6 194.4
190.7 198.6 205.1 210.4 216.1 218.4 219.7 221.2 222.9 223.1 222.4 221.4 219.2 217 215.1 213.5 210.2 209.6 203.7 210.4 213.4 214.3 214.5 214.4 213.9 212.8 210.1 208.9 205.3 202.3 210.4 211.2 210.6 211.3 212.2 213.3 215.1 215.4 216.1 215.2 213 212.4 211.4 211.6 210.7 207.9 207.4 207 206.8 205.5 202.6 203.7 203.7 201.6 200.2 199.1 198.4 198 197.9 197.5 197.5 197.1 196 195.7 194 189 193.1 198.3 200.6 201 200.8 200.9 200 198.6 197.9 197.2 195.1 194.2
194 199.4 205.5 212.3 217.6 219.5 220.8 223.6 225.1 223.6 222.9 221.7 220.3 218.4 216.4 214.4 213.8 212.4 206.7 212 214.9 215.8 216 216.4 215.8 215 213.9 212.8 209.7 207.2 211.1 213.3 212.9 213.7 214.7 216.7 218.5 219.1 219.1 216.8 214.9 214.5 213.7 213.7 212.1 209.4 209.6 208.6 207.3 205.4 202.5 203.4 202.8 201.2 200 198.8 198.2 198.2 197.9 197.2 197 197.3 199.1 199 196.9 192.6 194.6 200.4 201.9 202.1 201.8 201.1 200.1 198.5 197.5 196.9 195.9 194.6
192.1 199.2 205.3 213.2 219.5 222.1 222.9 226 227.1 225.4 223.2 221.9 220.3 218.4 217.1 216.5 215.5 213.6 206.3 211.9 216.2 216.8 217.3 217.9 217.6 217 216.4 214.8 213.8 211 210.9 215.2 216 217 217.3 219.1 221.5 221.9 221.5 219.2 218.2 217.7 216.4 215.2 213 212.3 212.5 211.4 209.3 206.8 204.3 204.1 203.4 202.5 201.2 200.1 198.8 199.3 197.8 198.2 197.5 198.6 199.7 200.1 199.1 192.5 197 201.6 202.9 203.7 203.3 202.2 200.7 199.1 197.6 196.3 196.3 194.9
194.2 199.6 206.2 213.9 221.8 224.2 225.6 228.3 229.4 227.5 224.7 222.2 220.9 219.6 218.5 217.8 217 214.4 208.1 214 218.1 220.5 220.3 219.4 219.6 219.1 218.7 217.4 217.4 213.6 213 214.4 218.8 220.4 221.9 223 224.1 224.5 223.9 222.8 221.6 219.7 219.3 217.4 215.5 214.8 215.2 212 209.7 206.9 202.7 204.9 204.8 203.9 201.7 201.1 200.7 200.2 199.5 200.2 200.4 200.1 200.3 200.1 199.1 192 200.7 203.1 204.1 204.9 204.8 204.4 202.5 199.8 197.8 196.7 196.1 195.2
195.8 200.9 205.5 213.8 222.6 225.8 227.9 229.8 231 230.3 227.9 225.1 223.9 221.1 220 219.2 218.1 215.2 213.4 216 218.8 222.5 224.1 222.6 222.3 221.9 221.2 219.8 219.6 218.6 217 212.5 220.5 222.2 223.5 224.2 226.2 227.3 226.4 225.1 224.9 222.4 220.8 218.8 219.7 216.1 212.8 211.1 208.8 206.8 202.7 204.3 207.8 207.3 206.2 205.1 204 201.5 200.9 201.9 201.2 200.6 200.7 200.6 196.3 196.1 203.8 204.5 205.2 205.3 204.9 204.6 204.1 202.3 199 197.3 196.4 195.7
197.9 201.3 204.9 211.6 223.3 226.9 228.3 229.8 231.1 232 231.5 228.8 226.9 224 221.4 220.3 219 213.7 216 218.9 220.6 222.7 225.2 225.5 225 224.7 223.4 222.1 222 219.8 218.8 220.5 218 222 223.6 224.8 226.2 228.2 228.8 227.8 227.2 224.8 222.5 220 217.2 213.6 211.4 209.9 208.6 207.1 203.7 203.9 210.7 212.1 210.5 207.7 204.8 203 202.6 204.4 201.9 202.1 202.6 198.7 195.2 203 205.2 205 205.3 205.5 205.5 205.2 205.1 205.2 203.7 199.2 196.7 194.9
196.1 202.9 207.4 210.4 224.3 229.7 230.8 231.1 231.1 232 232 230.8 228.8 226.1 223.1 222.3 220.5 215.9 219.6 220.4 222.8 222.8 225.1 226.5 227.6 226.8 225.3 224.6 224.4 221.2 223.2 223.1 224 224.5 223.2 224.6 226.2 228.6 229.8 230.6 230.1 227.5 223.9 217.8 215 212.9 211 209.7 208.5 206.7 204.6 203.9 210.3 213.7 211.7 208.2 206.5 204.9 204.7 205.2 203.5 203.6 203.6 201.4 196 200.6 205.1 204.9 205.1 205.3 205.5 205.7 205.5 205.3 205.2 202.1 197.4 193.4
199.6 202 207.4 212.5 219.9 230.7 232.9 232.6 231.8 231.5 231.1 231 229.4 226.9 225.1 224.1 219.5 221.1 221.8 221.3 224.3 225.1 226 227 228.3 228.6 228 227 226.4 222.6 225.4 225.7 225.9 226.5 225.5 225.8 227.1 229 231.3 231.9 230.3 226.1 220.8 216.5 214.6 212.7 211.3 210.2 209.1 207.2 204.4 204.1 209.4 213.3 210.7 208.7 207.7 206.8 206.4 206.4 204.8 204.1 203.2 202 202.5 195.3 202.6 204.7 205.3 205.5 205.7 206.1 204.8 203.5 204.5 203.7 197.2 190.5
201 204.3 208.1 213 219.8 221.3 234.5 234.2 233.1 232.4 231.9 230.7 229 227.9 226.7 223.6 223.6 224.9 225 224.6 225 227.4 228.3 228.9 229 229.7 229.2 228.9 227.7 227.4 228.2 228.7 228.3 228.5 227.9 229.2 230.4 231.2 232.1 232 228.8 224.4 220 216.5 214.7 212.8 211.6 210.6 209.7 209.4 206.6 203.3 207.9 211.6 209.5 208.6 208.1 207.6 208.2 207.6 205.9 205.5 205.3 205.2 204.3 202.6 200.4 204.8 205.5 205.7 206.7 206.2 205.2 203.1 198.8 193.6 191 188.8
204.1 206.8 210.4 214.8 221.8 232.7 227 230.9 234.3 233.6 233.1 232.1 230.1 229.5 228.2 225.9 227.1 227.9 228.1 227.7 226.5 228.6 230.5 230.1 230.2 230.7 229.6 229.7 227 229.4 230.9 231.8 231.4 231.7 233.1 232.3 230.9 231.1 232.7 230.7 226.9 222.8 218.9 216.6 214.8 213.2 212.4 211.6 210.4 211.8 211.4 205.3 207.1 211.2 211.5 210.8 209.8 209.1 208.3 208 207.4 206.7 207.4 205.7 205 205.4 199.6 205.1 205.7 206.7 207.1 206.3 205.6 203 197 201.6 196.4 192.3
206.9 209 212.6 217.2 222.2 233.1 237 237.7 231.7 233 234.1 233.6 232.9 232.4 231.2 230.7 230.8 232.6 233 230.8 228.1 229.4 231.4 231.7 231.3 230.9 230.5 230.2 230 229.1 231.7 232.8 233.8 235.4 237.5 236 234.5 233.9 232.8 229.1 225.4 221.9 219.1 216.8 215.1 213.9 213.2 213.4 213.7 215.3 216.7 214.2 213.5 216.6 217.5 217.8 216.1 210.9 209.8 208.4 207.5 208.2 207.5 206.1 205.8 206.1 199.6 205.7 206.8 207.8 207.5 207.1 206.1 203.7 198.3 203.9 201.3 197.5
208.2 211.7 214.9 218.7 222.7 234.5 238.5 239 238.5 237.4 236.2 234.9 234.5 233.8 232.6 232.1 234.6 236 236.3 234.1 233.8 235.1 233.5 234.1 233.6 232.8 232 231.1 230.7 232 232.1 232.6 236.1 238.4 240 238.7 236.7 234.8 232.2 228 224.8 222 219.6 217.8 216.2 215.1 216.3 217.6 217.9 218.5 218.5 216.8 217.2 217.3 216.7 217.7 217.5 216 213.2 210.3 208.6 208.8 207.9 206.8 206.2 203.7 204.3 206.9 207.7 208.3 208.3 207.9 206.5 204.5 203.7 202.4 204.8 200.7
210.5 214.4 217.8 220.1 224.4 235.9 241.4 242.4 241.9 240 238.8 237.6 237.5 236.7 235 234.8 236 238 242.5 241.5 240.6 238.1 237 236 235.5 234.8 234 232.5 232.7 233.3 233 233 234.9 236.6 237.9 237.1 236.2 234.5 231.8 228.6 224.8 222.6 220.4 218.6 217.2 216.5 217.8 217.8 217.9 218.1 217.7 217.2 216.8 216.9 216.5 216.8 216.3 216.3 215.3 211.4 209.9 209.3 208.5 207 204.3 204.1 206.1 208.1 208.6 208.8 208.7 208.7 207.6 206.5 205.9 203 206.2 205.3
213.5 216.6 218.9 220.8 226.3 237.2 243.2 245.1 244.8 244.2 242.4 241.2 240.3 239 238.4 237.2 237.7 239.3 240.6 240.6 240.2 239.3 238.5 237.5 236.9 236.2 236.6 236 235.6 234.3 233.8 234.1 234.4 234.4 235.5 234.8 234 233.1 231.5 229.3 226.3 223.5 221.2 220 218.4 217.7 217.4 217.3 216.7 216.2 217.1 216.6 216.2 215.9 215 215.1 214.9 216.9 217.4 213.8 211.2 210.1 208.6 206.5 205 207.1 208 208.7 209.4 209.6 209.7 209.6 208.9 208 206.9 205 205.7 209.7
215.3 218.1 219.7 221.5 225.9 236.4 245.3 248 249.2 248.5 245.8 244.2 243.1 242.5 241.7 240.3 239.6 240.1 241.9 242.1 242.3 241.2 240.4 239.9 239.5 238.4 239.7 239.3 237.8 236.5 235.7 235.4 235.5 234.3 234.1 233.2 232.2 231.1 228.9 228 225.6 223.2 221.4 219.2 217.6 217 216.4 215 214.1 214.4 215.9 215.9 215.4 215.4 213.9 212.5 212.7 215.9 216.4 216.4 214.1 210.2 208.5 206.3 205.7 207.7 208.4 209.1 209.9 210.3 210 209.8 209.1 208.2 207 206 205.5 208.1
217.1 219.8 221.2 222.5 225.2 236.1 246 249.5 250.6 250.6 250 248.7 247.6 246.8 244.8 243.1 242.3 242.4 243.5 243.9 244.2 244.2 243.7 243.6 242.9 242.1 241.3 240.7 239.7 238.4 237.5 236.9 235.8 234.7 233.5 232.3 231.4 230.9 229.2 227.4 225.8 223.8 220.6 218.5 216.8 215.6 215.1 213.4 213.1 212.6 213.6 215 215.3 213.7 212 210.8 209.8 211.1 214.6 214.8 214.3 210.3 207.6 205.4 205.8 207.9 208.7 209.5 210.3 210.3 210.1 209.9 209.2 208.3 207 205.9 206.1 208.1
219.8 221 222.1 223.4 225.5 235.5 246.6 250.5 251.9 251.4 250.6 249.8 249.6 249.8 249.5 247.5 245.5 245.2 246 246.5 246.8 246.8 247.5 246.5 244.1 241.9 240.7 240.7 240.6 238.6 237 236.4 235.6 234.5 232.9 231.7 231.7 230.8 229.8 228.3 226.8 223.5 220.2 218.1 216.3 215 214.2 214.4 214.2 213.3 212.1 214.4 214.7 212.7 210.6 210.7 213.3 211.4 209.5 208 210.2 208.1 205.8 206.6 207.3 208.1 208.9 209.7 210.2 210 209.9 209.9 209.4 208.5 206.8 206.2 206.6 208.7
221 222.1 223.1 224.2 226.6 236.9 245.6 251.3 252.9 252.4 252.6 252.3 252.1 251.1 250.4 249.2 248.6 247.3 247.8 248.4 248.5 248.1 247.6 246.5 243.8 242.1 240.4 240.3 239.8 237.9 235.8 235.1 234.2 233.4 232.4 231.8 231.8 230.6 228.8 227.6 226.2 223 219.8 217.8 215.8 215.2 215.4 215.9 215.3 213.3 212.2 212.2 211.9 211.5 212.1 212.6 215.4 215.7 213.8 212 210.2 208.7 207.1 208.3 208.7 209.2 209.3 209.9 210 209.9 209.9 209.9 209.4 208.6 206.9 206.3 206.7 207.6
222.1 223 224.2 225.5 230.2 242 248.1 251.4 253.6 253.8 253.8 253.6 252.7 252 251.1 249.7 249 247.9 248.1 248.1 247.4 246.9 245.9 244.9 243.4 242 240 238.7 237.4 236.1 234.3 233.7 232.9 232.2 231.6 230.3 229.6 228.6 227.7 226.6 225.3 222.1 219.5 217.5 216.7 217 217.1 216.5 215 213.6 213.8 212.4 211.9 212.4 213.3 215.3 216.2 216.7 216.7 215.9 214.7 212.7 210.2 212 211.5 212.3 212.3 210.8 210.3 210.2 210 209.9 209.5 208.8 207.8 207.1 206.9 207.8
222.3 224.1 226.1 228.9 237.3 246.7 250.9 252.9 254.1 253.8 253.6 253.3 252.7 251.8 251.1 250.2 248.7 247.2 247.1 246.4 245.7 245.1 244.1 243.1 242.2 241 239.3 238 236.5 235 233.7 233.1 232.5 231.9 231.2 229.2 227.1 226.2 225.5 225.2 224.1 221.6 219.3 217.2 217.7 218.5 218.1 216.8 215.1 215.7 215.5 213.9 213.5 213.1 214.6 216.1 216.5 217.4 217.8 217 215.9 212.6 213.7 214.6 214.3 213.8 213.8 212.9 211.6 211.1 211 210.5 209.9 209.1 208.3 208.1 207.9 207.9
222.6 225.1 229.4 236.1 244 248.6 252.1 253.3 253.6 253.7 253.2 252.6 251.8 250.7 249.7 248.8 247.8 246.1 245.4 244.7 244 243.3 242.3 241.5 240.6 239.7 238.5 237.5 236 234.6 233.7 232.4 232.1 231.6 230.6 228.9 225.5 224.4 223.4 223.6 222.7 221.1 219 217.7 218.4 218.9 218.4 217.2 217.2 217.2 216.8 215.5 214.8 214.6 216.3 217.3 218.1 219.5 219 216.9 214.9 212.9 213.8 214.5 215.2 215.2 214.9 214.2 213.4 212.6 211.8 210.7 210.5 209.8 209 208.6 208.7 207.3
228 231.6 236.9 243.2 247.6 251.1 252.8 252.3 251.9 252 251.7 251.1 250.3 249 247.9 247.4 246 245 244.6 243.8 242.9 242 240.9 239.9 239 238.1 237 236.4 235.6 234 232.3 230.5 230.1 229.3 228.3 226.7 224.5 223.1 222 221.8 221.5 220 218.7 218.2 218.9 219.6 219.1 219.1 218.8 218.2 217.9 217.1 215.4 216.5 217.9 218.5 219.1 222.2 219.6 215.9 214.6 214.4 214.7 214.6 215.4 216 215.8 215.5 214.1 214.7 213.6 212.2 211 210.5 210.2 209.9 209.7 207.7
236.7 241.2 245.1 248.5 251.7 253.3 252.7 252 251.3 250.2 249.6 249.1 248.6 247.6 246.7 245.2 243.8 243.2 243.2 242.9 241.9 241 240 238.9 237.6 236.3 235.1 233.8 234.2 232.6 230.8 229.1 227.3 226.2 225.2 224 223.8 221.9 221.4 220.8 219.8 219 218.7 219.2 220 220.1 219.7 221 221.1 220 219.1 218.2 216.7 218.1 219 219.3 220.1 223.8 221.5 216.7 216.3 216.1 216.1 216 215.9 215.9 216.2 215.8 215.9 215.8 216.3 216 215.2 214.3 212.8 212.4 212.5 207.9
245.5 248.5 251.2 252.9 253.4 253.8 252.9 252.1 251.5 249.7 248.2 246.9 246.5 245.6 244.5 242.8 241.7 241.1 241.1 241.2 240.7 239.9 239.1 237.6 235.9 234.5 233.3 232 231.9 231.3 229.4 227.6 226.1 224.9 224 223.9 223.4 221.7 221.2 220.8 220.1 220.3 220.5 220.8 221.1 221.1 220.8 220.9 221.4 221.4 220 218.5 218.3 219.7 220.1 220.3 220.9 226.5 227 220.1 217.9 218 217.6 217.6 217.3 216.7 216 216.1 216.5 217.2 217.8 217.7 217.1 216.5 216 215.5 215 210.5
252.1 254 255.1 255.5 255.1 254.1 253.2 252.3 250.9 249.1 247.6 246.1 244.6 243.8 242.7 241.5 240.2 239.2 238.9 239 239 238.6 237.6 236.5 234.9 233.5 232.5 231.7 230.6 229.9 228.1 226.3 225.5 224.7 224.2 224.1 223.8 223.3 222.7 222.2 222.2 222.4 222.6 222.8 222.9 222.6 222.2 221.9 221.4 220.3 219.4 218.9 219.4 221 221.6 221.9 223.2 228.8 230.2 220.6 219.8 220.1 219.6 219.4 218.7 218.1 217.4 216.6 217 217.7 218.4 218.2 217.7 217.2 216.5 215.1 214.1 207.8
