public/OST50/SD59.asc
ncols 200
nrows 200
xllcorner 350000
yllcorner 490000
cellsize 50
[rows 36 to 71 of 200, columns 0 to 80 of 200]
193.9 195 199.3 204.1 211.5 213.3 212.4 219.1 225.1 227.8 228.8 230.6 233.7 231.5 226.2 220 216.1 210.6 206.3 201.2 200.7 195.5 194.1 188.1 186.5 182.9 178.6 175.5 179 177.5 175.1 169.4 172 162.9 159.6 148.6 145.3 136.7 127.9 116 102.9 96.9 108.3 122.5 131.9 144.3 158 162.9 169.1 173.9 187 191 189.9 193.9 198.5 195.1 197.2 200.1 202.5 202.6 202.7 202.8 200.2 196.5 193.3 188.1 188.1 179.6 172 171.7 169.5 165.7 165.1 162.7 161.6 160.1 156.5 154.5 155.3 150.2 146.8
182.4 185.1 188.9 192.5 196.3 201.6 202.1 208.7 215.2 217.8 222.7 223.6 223.5 223 218.6 215.2 211.1 206.4 199.6 196.4 190.8 191.6 186.7 180.1 179.8 178.3 174.6 176.1 170.3 171.2 167.6 159.3 160.3 152.4 144.9 142.4 141.4 132.3 121.4 116.6 101.2 98.7 115.5 127.8 133.1 142.5 151.4 159 165.4 172.5 184.5 183.8 183.3 191.7 194.7 192.7 198.5 200.5 201.4 202 202.6 204.9 208.1 198.3 193.3 192.6 189.7 180.3 174.1 171.2 173.6 172.4 170.3 170.2 166.7 165.4 159.4 157.6 155.4 154.5 151.6
170.7 176.4 180 182 181.9 189.3 191.3 197.9 205.5 210.2 213.9 217 217.1 215.7 212.2 207.2 202 196.5 194.2 193.5 186.7 184.2 182.1 180.4 171.2 172.7 168.2 164.1 161.5 159.9 157.2 150.7 149.3 143.3 140.5 135.8 132.7 124.5 120.8 115.2 97.7 101.7 114.1 124 129.8 139.5 146.7 154.2 160.9 167.7 174.2 176.6 179 186.7 189.4 190.8 198.4 198.9 200.6 203.1 205.8 207 205.6 199.7 197.1 193 189.8 183.1 179.7 179.3 178.4 176.5 177 176.6 172.8 168.3 166.9 163.3 160.1 158.1 154.7
163 167 171.6 171.5 172.2 177.2 182.9 188.4 195.4 203.4 206.5 208.1 206.8 202.1 198.8 194 190.4 187.9 186.4 184.1 178.7 176.1 175.5 170.2 167.7 165.5 163.3 159.4 158 153.9 148.5 140 140.3 140.8 134.7 130.2 127.8 125.3 122.8 115.8 93.9 101.1 112.7 119.4 125.9 134 142.6 149.3 157.1 165.6 171.3 177 174.8 182.5 186.8 189.7 192.1 194.7 198.3 203.8 204.4 200.5 199.1 196 198.5 197.1 191.1 187.2 183.9 182.6 181.6 182.2 181.5 179.3 173.3 171.9 171.8 168.8 163.5 160.1 159.4
154.4 156.9 161.4 160.7 162.2 165.5 174.5 182.4 187.5 195.3 198 198.2 198.3 196.1 194.6 189.8 186.3 180.3 178.4 177.6 175.1 172.1 173.1 166.2 164.7 162 156 152.6 150 145.2 139.7 134.8 134.8 133.1 130 128.6 121.5 122.6 119 111.3 95.3 96.3 106.4 114.4 120.2 129.8 135.5 146.6 155.8 161.4 166.8 168.4 170.8 175.9 188.5 188.1 189.3 191.5 196 199.6 201 200.8 198.7 195.9 198.6 195.6 193.6 190.3 187.8 185.7 183.8 184.4 185.8 185.9 184.3 181.6 178.5 171.5 167.8 164.5 165.4
144.7 147.7 148 150.3 154.2 156.1 160.7 166.8 178.9 187.9 188.6 189.8 190.3 187.4 186.1 186.5 184 178.1 168.9 167.1 165 164.9 165.6 161.3 154.9 153.6 148.1 142.5 139.7 134.9 131.9 131 131.7 126.8 122.7 119 114.6 110.2 109.8 109.5 99.3 91.5 102.1 111.5 116.9 121 125.9 140.2 149.2 154 159.6 166.4 171.4 174.6 180.6 181.3 184.6 188.6 191.4 197.2 201.8 205.3 201.8 196.8 199.4 197.6 194 191.8 189.2 186.5 183.1 183.2 189.7 189.8 186.7 184.1 183 176 177.2 171.8 166.9
131.2 134.3 139.5 145.1 146.7 146.4 152.4 159.2 168.9 178.9 180 181.2 182 181.9 181.6 178.9 174.6 169.1 164.9 159.8 160.4 157.8 156.9 154.3 150.8 151 146.3 135.7 131.4 126.2 126.9 125.3 127.5 121.5 117.5 111.7 107.3 102.6 106.1 110.4 105.1 90 98 107.7 113.5 116.7 120.9 134.8 142.8 147.8 155.2 164.7 166.7 168.6 172.6 176 182.4 186.2 193.2 203.1 208.1 207.4 203.2 195.6 194.7 193.2 191.7 191.5 189.6 186.7 182 187.4 195.6 193 192.9 191.1 185.3 181.6 179.9 178.2 172.8
126.2 128.8 129.4 134.7 141.5 139.8 146.4 152.4 162.1 172.7 174.4 173.4 174.1 174.6 173.4 171.4 168.5 165.3 163.6 156.2 154.6 154.4 152.3 148.9 150.3 151.6 146 133.6 126.4 123.3 121 119.1 116.5 113.8 111.8 109.1 105.5 101.2 105.2 109.2 105.5 90.2 94.7 103.5 109.3 110.6 116.8 127.3 135.2 140.3 146.5 155.5 157.4 162.5 162.9 173.5 184.9 188.6 196 202.1 206.7 204.6 198.1 194.8 194.6 191.7 191.4 190.6 188.8 186.6 180.8 185.6 189.3 187.7 190 192.6 189 185.7 182 176.4 171.1
135.5 135.1 127 126.5 133.5 135 138.6 145.7 160 165.2 167.2 166.7 162.4 163.9 163.6 163.1 161.5 156.7 152.2 148.4 148.9 151 148.9 145.3 148.1 149.6 142.7 127.9 120.8 118.6 117.7 115.7 114.9 113.2 112.6 107.8 106.8 100.4 101.6 107.5 106.4 90.9 89.5 98.2 103.7 103 110.5 117 124.9 128.5 130.9 146.3 149.9 151.1 157.7 172.4 177.3 183 191.5 195.4 195.6 198.1 194.9 194.3 193.2 191.7 191.8 189.6 187.9 183.4 180.4 181.4 188.1 189.1 191.5 192.8 186.9 183 176.9 170.3 166.3
142.5 144.7 130.8 125.1 129.4 127.4 131.4 142.5 156 157.1 159.4 160 158.7 162.9 161.3 155.3 148.1 144.6 142.4 140.6 140 144.1 140.7 138.4 141.9 144.8 140.7 126.1 118.4 115.8 114.9 113.9 116.8 114.5 113.5 109 106.1 99.5 96.3 100.2 103.2 90.5 86.5 92 93.3 93.8 102.8 101.1 107.5 114.5 120.5 137.9 142.7 145.5 150.8 161.7 176.1 183 188.4 187.7 187.2 190.8 190.7 187.7 188.4 190.7 192 189.3 186.8 185.8 183.5 179.1 186.4 190 190.1 187.1 179.5 174.6 172.1 167.5 161.1
138.9 143.7 132.3 119.8 120 119 129.8 140.8 148.9 149.6 150.9 151.8 157.1 166.3 166.7 154 143.4 141.4 137.8 134.9 132.1 134.5 130.5 127.9 132.8 135.7 132.6 122.8 115.7 112.1 111.3 109.8 111.5 112.8 111.9 109.6 103.5 100.5 93.8 94.2 94.5 89.1 85.6 90.3 91.7 92 96.3 100 100.5 107.4 118.2 127.5 133.1 136.4 141.2 150.5 166.9 178.2 184.5 187.7 183.7 183.8 183.6 184.9 186.4 185.8 187 188.1 187.7 184 178.5 179.1 183.1 182.2 181.6 177.9 170.5 169.1 168.1 164.7 160.5
131.1 136.9 132 120.1 111.6 118.5 134.7 135.8 142 142.8 142.5 144.7 155.4 160.5 163.8 152.6 139.6 133.7 132.7 129.9 127.9 128.7 125.5 120.7 120.8 129.2 125 119.6 110.2 109 108 107.9 108.6 110.8 112 111 104.1 99.1 94.5 92.2 91.8 87.6 85 89.7 90.7 95.3 94.4 101.1 104.1 108.7 113.4 113.7 124.6 129.2 133.2 142.4 157.2 171.3 179.6 184.4 179.5 181 182.7 184 184 184.2 185.1 183.5 182.1 181.7 177.7 176.2 177.1 176.3 170.4 167 167.7 162.4 160.1 161.7 163.6
123.8 128 125.8 119.3 110.5 115.3 130.7 127 134.3 135.6 136 141.3 147.8 153.5 158.8 153.6 140.8 130.5 127 124.8 129.6 130.5 127.2 122 117.1 120.2 121.3 114.8 108.2 107.6 108.3 107.7 106.9 107.8 109.1 109.5 104.2 97.7 92.5 90.8 88.9 86.9 83.4 89.1 94.3 98.2 98.3 100.6 102.8 110.1 109.2 109.9 114.9 123.1 125.6 134.1 151.4 159.9 171.4 175.7 174.6 179.5 181.5 180.8 181.7 182.2 184.3 184.7 182.5 181.1 176.6 176 176.4 173.7 170.2 167.6 167.4 161.9 160.5 160.6 160.9
114.2 120.2 117.9 115.2 102.1 106.7 123.3 122.1 125.4 129.1 129.3 135.7 142 148.4 153.8 149.3 140.3 130.6 125.5 125.2 137.3 140.5 137.4 128.1 115.9 116.2 116.2 109.1 106.5 109.9 117.4 113.1 109 106.9 106.6 108.5 108.2 98.1 90.5 88.6 86.2 85.2 85.2 90 94.7 98.9 100 100.6 102.2 107.5 110.5 115.1 118 121.6 119.6 132 144.6 152.4 164.6 166.4 165.5 173 177.4 174.5 178.2 182.8 183.5 183.9 177.6 178.5 177.8 176.1 173 170.8 172.3 170.2 169.8 167 164.5 161.9 163.1
106.5 111.7 111.4 109 98.7 99.8 113.4 114.8 120.2 123.2 125 129.3 136.6 146.2 149.1 147.8 137.7 131.5 126.5 130.1 140.7 143.2 141.2 136.1 117.1 111.7 113 105.9 104.2 113 123.8 125.1 117.8 108.5 106.4 103.6 103.7 98.4 90 85.8 85.2 82.9 83.9 91.4 97.4 100 103.3 103.6 100.6 106.7 112.8 116.8 120.9 122.2 116.7 125.5 131.7 142.8 151.4 155.8 162.8 167.9 168.4 175.1 175.1 177.6 177.7 179 174.2 173.5 175.6 172.5 170.2 170 174.1 172.7 176.8 177.6 171 166.7 170
99.2 97.1 101.3 102.5 95.9 94.5 105.2 107.9 113.9 115.6 118.9 120.6 128.9 138.3 144.5 145.8 134.1 128.8 128 135.2 144.4 146.5 141 134.7 114.6 105.7 106.7 103 101.8 112 128.8 133.6 126.3 111.4 107.4 109.3 103.9 96.1 85.2 85.1 84.2 83 83 91 98.7 102.8 104.3 102.1 98.5 104.7 111.8 117.9 121.7 119.7 115.4 121.3 124.5 133.7 139 144.5 154.1 160.7 165.1 168.1 169.4 170.3 173.1 173.7 171.7 170.8 171.5 172.8 168.5 169.3 177.4 179.3 183 178.9 177.9 174.8 175.4
89.1 89.8 91 94.2 92.5 90.9 99.2 100.1 105.3 109.6 112.1 111.8 117.6 126.8 135.4 137 131.3 129 131.3 140.3 147.7 148.4 140 129.1 118.8 106.4 101.5 99.3 97.6 109.7 126.4 132.2 127.4 115.1 108.2 109.3 108.7 99.4 84.5 84.8 83.2 83.2 82.5 89.9 97.9 101 101.8 98.7 96.9 107.8 114.5 118.8 122.4 116.4 114.2 114.3 116.2 116.1 118.1 127.9 143.4 149.9 156.4 159.8 160.2 164.5 170.1 169.9 169.3 167.8 169.4 167.4 164.2 169.9 180 186.1 184.9 185.7 185.8 188.6 182.1
85.5 85.3 83.9 88.6 89.4 88.9 90.9 94.7 96.7 102 103.4 100.5 107.6 110.5 120.3 127.2 125.3 127.7 133.4 141.3 148.3 146.8 134 126.8 119.8 112.3 103.8 98.4 96.7 109.2 123.3 128.8 123.5 116.3 109.4 108.4 107.7 100.4 85.2 78.5 78.9 79.5 87.2 97.9 95.8 96.7 97.2 95.6 98.1 109.6 115 121.5 120 112 113.8 112.4 114.1 113.2 117.7 120 131.2 141.4 149.3 146.9 150.6 159.2 161.8 163.2 165.6 165.2 164.2 162 160.5 167.6 176.1 186.8 191.6 191.1 190.6 190.7 186.5
83.6 82.8 83.9 82.9 86.9 86.5 88.1 88.9 91.6 96.8 94.2 92.4 96.5 96.2 104 109.6 114.1 120.2 127.2 135.6 143 143.3 135.4 125.1 117.5 110.7 102.4 98.8 95.9 105.2 113.3 120.7 118.1 112.7 107.1 107.7 110.3 103.7 91.8 79.7 81.4 81.9 94.7 98.1 94.4 93.6 93.6 96.4 102.9 111 115.8 123.9 117.3 111.5 115.7 112.2 111.7 118.6 125.6 125.1 127.9 131.9 133.8 138.1 145.8 155.3 154 154.6 162.8 161 160.1 159.3 160.3 165.9 182.1 190.6 194.2 193 191.7 189 185.4
79.9 77.7 78 77.4 82.8 84 84.7 86.4 88.2 93.2 88.3 87.8 88.7 93.3 94 95.9 99.1 108.9 117.8 125.2 134 135.4 131.6 127.6 111.4 105.8 98.6 95.8 94.9 97.2 107.2 111.2 110.5 107.4 104.4 106.3 110.2 106.9 96.8 83.4 80.5 81.3 94.4 95.5 95.6 93 93.7 101.8 107.4 110.3 114.9 122.9 117.2 117.3 119.4 118.1 117.4 126.4 135.1 124.5 115.7 116.4 130.2 132.2 139.2 140.2 141 148.2 153.8 154 153.9 153.4 159.3 168.2 183.3 187.6 187.4 191.3 191.9 188 182.9
77.4 73.5 73.1 73.5 77.6 80.7 82.9 83.7 85.1 85.9 86.4 88.2 88.7 96.8 94.6 98.9 99.1 101.8 109.5 116.1 122.1 125.8 122.7 120.6 111.3 97.8 93.3 94 95.1 97.6 101.7 103.8 101.7 100.5 99.1 100.7 104.7 105.6 101.4 85.9 78.7 80.4 86.6 99.6 102.9 97.7 93.5 102 105.8 107.1 113.6 119.4 115.3 119.7 123.3 125.5 128.7 137.5 136.6 120.5 113.9 118.8 125.5 125.5 125.4 128.5 133.5 141.6 145.1 146.5 148.1 154.4 161.5 166.9 179.3 183.9 186.1 188.2 189.8 186.3 182.2
74.1 71.4 72.7 74.8 75.2 78.1 82.2 83.6 81.2 81.8 85.5 90.6 95 98.6 99.6 109 108.8 100.8 102.2 103.9 111.2 116.6 112 111.5 104.4 93.3 93.4 99.6 101.4 97.2 94 94.8 92 91.3 91.2 94.2 97.3 98.7 96.1 85.9 77.8 79.2 82.3 99.2 101.9 96.8 93.1 99.5 101.7 103.1 111.4 119.1 111.1 119.2 125.3 130.3 136 140.6 137.2 116.7 113 119.9 124.9 126.1 122.5 123.1 127.3 133.7 151.8 153.5 146.9 151.5 155.6 164.6 174.3 181.7 182.3 186.4 187.2 182.3 180.2
72.8 69.7 70 71.1 71.2 72.1 79.3 83.4 81.2 80.3 87.9 90.6 95.3 98.1 102.8 111.7 110.3 104 99.8 94.2 96.2 105.1 105.2 104.3 100.7 91 98.8 107.5 105.9 96.3 88.3 79.9 79 80.8 83.5 86.2 89.3 90.1 91.7 83.2 77.5 78.3 82 93.7 97.7 92.6 91.5 97.6 97.6 97.5 107 113.5 106.6 117.5 125.3 133.2 139.9 140.8 127.5 114.5 110.3 116.6 123.5 124.2 123.4 125.3 129.8 142.3 157.3 152.1 147.8 149.7 156.1 160.9 171.8 177.5 180.8 183.6 184 178.3 173.7
70.7 69.3 69.2 69 69.7 68.7 75.2 81.4 77 75.5 87.5 91.2 93.3 95.1 102.4 110 107.9 101.4 96 91.2 84.3 86.4 89 96 100 90.7 104.8 108.3 101.3 89.6 79.1 75.8 75.2 82.8 82.3 84.1 85 84.4 84.5 80.6 77.8 77.7 80.6 87.2 91.3 87.3 89 95.2 94.9 93.1 101.6 106.8 103.8 115.1 123.7 133.4 140.5 136.7 118.2 110 109.2 114 123.5 122.3 125 126.7 132.2 146.8 156.5 154.4 146.2 147.4 153.8 161.1 170.5 174.8 178.1 178.7 177 174.9 177.9
69.2 68.5 68.2 68.2 68.2 68.8 72.5 78 75.7 73.9 81.9 91.6 87.7 90.4 99.1 107.7 106.7 98.5 92.2 85.7 81.6 79.7 81.1 87.7 91.3 90.2 103.2 104.4 94.5 86.2 74.9 74.7 76.9 81 82.1 82.6 85.2 81.8 80.2 80.5 76.1 76.9 78.5 80.9 81.7 82.6 87.1 93.1 92.1 88 93.5 96.5 98.3 111.2 120.6 133 140.4 126.7 113.8 108.5 111.7 120.1 122.6 119.1 119.4 119.5 130.2 149.1 155.9 149.6 145.3 144.4 148.9 156.1 166.2 170.5 172.5 172.3 168.9 171.5 174.4
67.6 68.1 67.3 67.7 69.7 71 71.5 73.1 72.5 72.1 74.7 89.8 85.3 83.2 92.7 101.4 105.6 98 92.7 81.2 79.3 77.1 77.4 82.2 82.9 84.3 97.7 98.6 89.6 79.8 74.2 73.4 78.2 82.6 82 83.6 83.7 80.4 79.1 77.5 75.8 76.1 76.2 79.7 79.8 80.3 85.9 89.2 91.2 86 89.6 87.4 93.4 105.2 116.8 129.5 135 119.5 109.8 110.1 116.9 124.1 125.3 117 115.4 115.7 126.4 145.2 149.4 148.3 145.6 142.9 145.4 149.2 161.7 163.5 164.8 163 167 170.2 169.9
67 66.7 67.1 67.6 69.2 70.5 76.6 76 68.6 68.6 71 80.7 78.2 81.3 85.5 94.6 100.8 98.4 93.9 82.8 74.7 74.8 72.3 74.1 78.7 79.8 91.7 91.6 85.7 75.5 72.9 73.7 79 80.5 81.8 85.4 83 81.6 76 76.5 74.9 74.9 76 77.4 78.4 80.3 85.8 87.8 87.5 85 86.6 84.2 83.8 97 109.8 125 127.5 112.2 106.1 112.5 120 125.5 122.1 118.7 115.2 115.2 117.7 135.8 138.1 137.7 141.3 138.6 139.3 148.1 153.4 154.9 156.2 162 163.9 165.4 164
66.1 66 66 66.4 66.9 69.3 83 81.2 71.9 70 69.4 75.1 78.3 77.7 78.3 85.6 93.6 94.3 90.9 81.2 72 70.3 71.3 72.9 75 83.1 86.4 84.8 80.4 73.1 72 76.1 79.4 80.4 83 83.2 84.5 79.9 75.3 75.6 74.3 75.6 75.3 80.8 79.4 81.2 84.9 90.1 87.7 83.2 82.6 82.7 83.7 90.6 103.7 119 121.5 110.3 109.6 115.3 121.8 129.7 125.3 126.1 120.3 116.8 116.7 125.5 128.7 130.9 135.1 131.8 135.5 144.2 145.6 145.9 154.6 158.5 158.7 160.9 161
65.4 65.2 67.3 72 70.8 68.7 83.5 85 78.5 70.1 69.1 73.4 76 74.4 79.8 78.6 83.9 88.7 85.3 75.4 69.2 69.1 69.9 71.6 78.6 86.2 81.3 84.5 86.6 74.9 71.8 75.9 78.1 79.2 81.9 83.7 85.4 76.5 74.9 72.9 74.5 76.9 81.7 80.1 79 84.2 88.5 96.9 95.4 84.3 82.4 83.5 86 87.3 98.3 112.6 114.1 103.4 108.1 116.1 123.3 129.2 132.1 130.5 122.8 115.7 116.3 118.8 119.8 122.1 123.5 120.2 128.2 137.4 138.3 141.2 142.1 144.4 149.3 159.5 159.5
64.7 64.7 65.3 66.5 67.6 65.6 80.6 85.4 79 69.8 67 68.6 73.5 76.2 75.7 73.2 75.8 79.4 79.1 77.2 69.5 68.1 69.2 70.6 80.2 84.2 81.9 89.9 89.3 79 71.4 74.8 78 78.6 80.6 81.5 84.5 74.8 73.2 76.6 87.1 87.1 81.3 80.3 80.7 87 93.2 100.5 97.8 84.7 82.4 87.1 90.2 85.1 87.1 102.3 108.4 97.5 104.4 113.1 121.7 129.6 137.9 137.4 124.9 114.6 114.3 116.1 114.9 115.5 116.8 119 126.5 134 135.9 137.3 138.3 138.7 142.2 148.8 158.2
64.5 63.4 64.5 64.6 64.1 64 74.6 82 78.5 68.2 64.6 67.9 71.6 77.2 71.4 67.6 68.4 66.4 70.6 73.2 69.6 68.4 68.7 70.5 79.9 81.8 82.5 90.8 95.3 82.9 71.5 73.6 77.2 76.7 77.7 81.8 81 73.2 73.5 81.5 91.2 86.7 84.2 85.2 79.7 86.2 93.3 102.4 97.4 83.6 82.4 88.4 93 89.9 82.7 94.4 100.7 98.1 103 111.8 122 131.1 141 141.6 127.2 115.2 114.2 114.1 115.8 117 118.4 121.7 126.5 132.1 136.3 140.9 141.1 137.9 139.6 143.7 150.7
62.3 61.8 63.5 63.8 63.7 63.4 65.2 75.7 75.4 67.5 64.9 68.2 72.2 73.7 71.1 68.1 66 64 64.2 69.7 68.5 68.2 68.9 70 78.4 80.8 80.9 87.8 95.7 86.8 71.6 73 75.1 76.3 76.4 78.8 76 71.5 73.5 88.2 91.2 85.1 84.7 88 79.4 84.2 92.2 101.3 96.4 83.2 82.9 89 95.5 87.4 82.5 85.1 94.1 93.1 98.2 107.8 124.1 134.6 140.1 141.2 128.1 116.7 114 114.5 116.7 122.1 126 137.4 134.1 133.6 134.9 139 144.8 141 137.9 139.2 144.7
59.7 59.4 59.3 62.5 63 63.3 63.1 67.1 72.2 66.8 64.5 65.6 69.3 71.6 67.1 65.3 65.6 63.9 63.1 66.9 67.2 67.6 69.9 71 78.2 79.6 76.5 83.9 90.8 87 76.1 73.4 74.2 78.4 73.1 75.8 73.8 72.4 84.6 96.8 97.4 92.7 83.6 86.7 81.9 80 87.9 94.4 91.7 81.4 82.1 88.1 94.1 84.4 82.4 82.9 88.8 88.2 94 106.8 121.9 132 136.8 137.5 126.8 116.3 115.2 115.8 116.8 122.5 134.6 142.5 144.2 137.9 135.4 134.9 139.9 142.6 141.9 146 148.7
59.1 59.1 58.4 61.6 63 63.1 62.8 62.7 67.3 65.6 62.3 61.8 68.3 72.4 69 64 63.3 64.7 63.7 64.7 67.6 67.1 68.9 69.6 73.1 75.8 75 80.5 86.8 85.8 74.8 73.3 74.6 78.3 70.6 70.2 71.8 79.7 89.2 94.7 100.2 96.8 89.7 84.5 80.8 76.6 80.6 85.2 86.4 81.9 81.1 85.5 90 84 82.7 83.5 85.3 86 94.1 106.6 119.2 129.4 134.1 133.9 126.2 117.6 115.6 119.4 120.8 121.5 136.2 148.1 151 142.9 140.8 133 133.2 137.9 141.9 150.3 154.2
59.1 58.2 57.3 60.8 62.5 62.3 63.1 62.6 63.5 63.5 61 61.6 68.3 70.7 68 66.9 64.3 63.3 62.6 63.9 65.2 66.1 67.9 69 70.8 72.2 70.4 72.3 82.2 81.3 74 72.7 75.8 68.1 70.8 73.1 78.4 83.1 88.4 94.1 100 97.2 88 81.5 76.9 75.7 76.5 80.9 82.7 82.4 79.8 81.3 85.9 83.1 82.8 83.7 87.2 89.8 93.5 102.8 113.3 123.3 129.1 128.4 122.3 118.7 114.6 122.1 129 133.1 145 152.8 156.9 146.8 142.7 137.8 133.6 132 140.2 153.3 155.4
60 59.5 58.2 57.6 57.1 59.5 62.2 62.4 61.9 61.6 60.9 61.8 66.7 65.5 66.5 66.1 64 63.7 62.7 63.5 63.5 66.2 68.6 70.8 70.5 69.7 66.6 65.4 73.2 74 72.3 74 73.7 68.9 69.1 72.2 75.3 81.9 88.5 94.8 100.6 97.1 81.8 75.5 75.5 75.4 75.4 76.6 79.7 80.4 81.4 83.2 86.9 83.7 82.8 83.3 90 89.9 90.9 95.4 103.5 114.2 122.6 123.7 118.1 116.2 113.2 123.4 130.4 137.5 143.7 152 157.6 150.9 148.6 143.9 135.4 131 143.6 158.3 155.4
