public/OST50/SD59.asc
ncols 200
nrows 200
xllcorner 350000
yllcorner 490000
cellsize 50
[rows 72 to 107 of 200, columns 0 to 80 of 200]
60.7 58.9 58.1 58 57.9 57.4 59.5 61.6 61.5 61.8 61.2 62.7 63.4 64.3 64.4 64.8 63.7 62.4 62.6 63.4 63.2 64 66.2 66.8 66.8 66.9 63.2 63.7 65.3 66.7 71.3 73.2 72.5 68.3 69 72 72.5 73.9 87.6 92.7 95.5 93.8 80.2 74.1 78.8 82.3 75.7 75.7 76.8 78.5 83.6 82.3 84.3 85.1 82.2 86.9 92 91.2 87.3 80.1 87.5 100.5 114 118.4 115.7 112.8 112.8 120.4 130.3 142 150 160.2 157.3 153.7 153 146.6 136 130.2 146.3 159 151
65.5 64.1 58.2 57.6 57.4 57.7 57.3 60 60.6 64.1 65.4 61.7 62.9 61.5 64.2 63.7 63.3 62.1 62.1 61.8 62.6 63 65.3 65.8 65.4 64.8 63.3 64.2 64.6 65.4 69.6 71.7 71.7 65.3 68.7 71.4 71.3 71.8 82 87.6 89.5 88.7 78.8 75.1 84.3 83.8 75.7 75.5 76.8 81.8 84.7 84.4 86 83.9 82.4 92 95 91.6 84.6 78.5 78.1 87.6 105.6 110 110.6 107.2 111.6 120.1 133.3 146.6 158.1 158.3 154.4 149.6 145.6 143.4 133.9 129.7 148.2 157.1 148.1
67.4 65.1 60.3 57.6 57.2 57.1 57.1 57 59.7 66 68.7 65.6 61.7 60.5 61.2 62.4 60.9 61.6 62.9 63.2 62.6 62.3 62.3 64.1 64.3 64.1 63.8 64.9 65.4 65.9 69.5 73.6 68 64.7 69.7 70.5 69.9 70.8 77.2 82.2 83.7 81.7 73.9 81.3 87.5 86 80.2 76.9 82.1 86.7 88.7 86.9 86.2 82.4 84.3 96.3 96 89.3 83 79.6 77.7 80.6 96.7 103.2 103.5 104.5 109.3 121.1 132 144.7 151.1 150.3 149.6 145 140.2 137.8 132.6 129.5 148.2 152.5 146.3
65.2 65.1 60.7 57.5 57 57.4 56.7 57 57.2 65.5 70.5 67.8 62.2 59.9 60 60 60.7 61 62.4 63.2 62.6 64.1 64.2 64.1 64.3 63.7 63.7 64.9 65.8 66.3 67.8 67.9 62.3 71 71.4 72.2 70.1 70.5 71.6 74.2 75.4 72.6 76.7 82.7 86.9 85.7 80.1 80.7 85.7 90.6 92 87.9 84.3 85.9 91.8 98.9 95.9 86.5 80.6 79.6 77.9 81.3 89.7 92.5 101.5 105.7 110.1 120.8 129.2 137.6 139.1 140.9 143.5 141.6 134.9 133.1 129.2 130.9 146.4 147.3 145.8
63.4 64.1 62 59.4 64.1 66.7 61.5 56.7 56.1 57.4 66.8 65.9 60.3 59.6 59.5 59.8 60.5 61.6 62.5 63.4 63 64.7 66.6 64.3 64.9 64.1 62 64.2 65.7 66.6 67.1 63.9 61.8 68.9 70.5 69.9 69.3 69.6 70 69 69.2 71.8 77 83.3 87.6 85.1 80.2 82.9 88 94.5 92 85.2 82.7 89.1 93.4 99.8 94.5 86.4 82.2 79.8 77.8 80.7 84.7 98.8 105.8 101.5 110.6 117.6 121.9 124.7 125.1 130.2 135.9 137.9 130.6 128.6 124.9 131.7 139 141.4 139.1
62.1 62.3 62.3 61.9 67.6 71.3 64.8 58.4 56.7 55.4 57 61.5 60.8 59.8 59.2 59.8 60.5 60.4 61.2 64.9 63.6 64.5 64 62.9 62.7 63.2 63.3 64.1 65.6 64.1 60.8 58.4 61.9 69 69.4 68.2 68.2 69.2 68.5 68.3 68.4 68.9 74.7 81.4 86.3 84.6 79.2 82.8 88.4 95.3 88.1 81.2 83.6 89.8 95.5 101.7 90.8 80.9 79.6 81.3 81.3 79.2 86.8 102 104.2 97.5 106.7 111.1 111.3 107.8 109.2 117.7 126.1 129.1 124.3 122.7 118.3 129.8 133.2 134.6 131.9
62.9 61.9 61.4 61.2 64.5 69.9 64.7 60.2 56 55.6 55.5 56.9 59.5 59.4 59.4 59.2 59.6 59.9 61.3 62.6 61.5 62.3 62.7 62.4 62.6 63.1 61 59.5 58 59.9 61 63 66.7 66.9 67.8 67.5 67.6 67.9 67.8 67.4 67.4 67.6 71 79.6 84.5 82.8 78.3 81.8 88.1 94.8 83.8 77.2 82.6 90 101.2 99.3 87.5 82 83.6 87.4 84.6 80.1 88.4 99 97 93.8 99.6 100.3 97.2 94.5 98.9 104.8 110.4 116.5 116 115.9 112.3 127.6 130.1 129.4 125
69.4 61.7 61.6 61 61.7 65.2 65.7 55.3 55.9 54.8 58.5 59 58.7 58.8 58.9 58.9 59.5 60.1 61.1 61.4 62.3 63.6 63 62.3 62.7 60.6 57.2 58.4 59.6 60.6 60.8 60.6 65.6 66.1 66.7 66.8 67.1 68.5 67.2 66.7 66.5 66.7 71.8 77.1 81.9 80 77 81.3 86.8 91.2 78.3 74.2 81.5 90.5 100 95.8 86.6 82.4 87 90 86.1 79.7 90.2 95.2 88.5 95.6 94.3 86.5 84.5 84.7 88.8 91 98.8 104.1 108.5 104.6 104.7 117.8 125.9 125.6 118.9
78.2 68 61.3 61 61.1 61.9 63.4 54.6 54.5 57.4 58.1 58.8 58.4 58.7 59 59.1 59.4 60.1 60.7 60.9 64.2 64.8 68.4 71.9 63 63 57.2 57.9 59.4 60 59.9 60.3 64.6 65.1 66.3 66.3 67.2 77.1 68.5 68.3 66.6 66.2 67.1 71.1 77.3 75.5 73.4 79.4 85.7 85.6 75 72.9 80.4 88.9 95.4 91.2 86.1 85 90.7 91.9 86.1 77.9 88.9 84.5 91.2 96.4 88.8 81.6 79.8 78.8 79.3 81.9 95 99.5 100.1 94.8 95.6 104.2 121.6 125.8 116.3
76.8 72.8 63.2 61.7 61.4 60.7 60 53.8 55.3 56.7 57 58.5 58.1 58.3 58.7 58.8 61.8 61.4 63.3 64.5 65.5 67.4 77.9 79.2 67.6 62.6 56.2 57.8 58.7 59.2 59.2 59.2 63.5 67.2 68.1 66.1 72.4 82.8 74.3 68.1 66.4 66.1 65.9 65.9 71.2 70.2 66.8 73.7 80.2 79.8 74.7 71.7 78 84.6 89.5 86.8 86.4 88.7 91.3 87.7 80.8 74.8 77.2 80.1 89.8 96.5 85.6 84.2 83.5 80.9 80 81.7 84.1 89.1 93.3 88.6 87.4 98.4 119.8 122.2 114.6
77.8 71.3 62.5 62.1 61.1 59.9 58.5 53.5 54.6 55.6 55.9 57.6 57.8 58 58.4 59 62 62.4 62.1 63.6 65.8 76.7 86.1 86.5 77.4 62.6 55.9 58.8 58.3 58 58.4 59.4 61.3 63.4 64.5 64.8 75.9 83.6 76.9 73.1 69.2 69.6 69.6 62.7 65.5 63.9 64.5 70.3 75.5 76.3 76.6 71.4 76.5 80.9 83.7 83.9 86 88.5 87 82 74.3 73.5 73.9 75.4 86.7 92.1 85.6 85.5 83.3 80.3 81.7 90.6 88.4 92.5 91.8 90.1 85.8 101.2 117.4 118.3 115.8
84.4 75.3 68.6 61.6 60.8 59.9 56.5 52.8 54 54.4 54.8 56.5 57.5 57.7 58.2 59.1 60.6 61.2 61.7 63.1 68.8 82.2 88.7 86.6 78.9 66.7 56 57.6 57.9 57.6 59 62.1 62.1 62.8 64 68.8 78.6 83.9 75.9 68.4 68.5 68.2 66 62.3 62.4 62.8 63.5 68.3 72.4 75 76.3 69.4 73 77.4 79.7 82 84.2 84.4 82.1 75.7 71 71.6 71.9 76.6 86.6 86.8 85.5 84.7 79.2 78.6 86.8 93.2 92.6 90.8 91.8 89.7 84 99.8 107.6 107 104.4
87.1 77.7 71.3 63.4 60.5 59.9 59.1 57.4 56.8 55.6 52.6 52.7 55.2 56.5 57.9 58.4 59.2 58.7 58.6 61.6 69.7 82.1 87.6 83.9 77.4 66.7 57.1 56.3 57.2 58.5 68.1 67.1 62.7 61.9 69.7 67.4 78.5 81.6 71.9 65.9 64.4 66.9 65.4 61.8 61.6 61.9 62.4 65.6 69.7 71.7 71.4 67.2 70.6 74.1 74.5 81.4 82.8 80.8 77 71.1 70.4 70.3 72.7 79.3 85.7 83 82.8 79.1 77.9 80 92 96.4 93.6 92.4 91.2 85.9 84.8 93.8 80.3 79 80.6
91.1 83.7 74.2 65.6 62.4 62.5 60.4 59.6 59 57.8 54.9 52.3 53 55.2 57.4 58 58.1 58.5 58.1 60.5 67.2 80.8 86.4 80.6 74 63.9 56.5 54.4 56.2 64.4 69 67.6 63.6 61 66.7 66 76.1 76.6 69.9 64.2 63.7 64.5 62.1 61.2 60.7 61.6 62 62.3 65.7 68.1 65.9 66.5 67.4 67.9 73.5 82.7 81.3 80.4 75.4 70 70.3 71.1 75.9 79.8 82.1 80.8 82.3 78.7 76.9 78.9 93.2 98.4 94.2 95.7 91.1 82.4 84.6 84.7 79.8 81.3 81.1
94.9 86.8 79.3 67.9 60.8 60.3 59.8 59.1 58.9 58.4 55.5 53.6 52.7 52.1 54.9 57.1 57.4 57.9 57.9 57.4 63.9 76.8 82.2 77.5 71.3 57.5 55.7 55.3 55.2 67.5 71.6 70 64 60.4 60.9 63.7 71.1 72.5 63.1 62.2 61.6 61.4 60.4 59.9 60.1 60.9 61.2 60.4 64.4 65.1 67.3 63.8 63.3 68.6 78.6 84.5 80.4 80.8 75 70.1 69.9 70.5 76.2 81.8 84.4 85.1 85.8 80.7 76.6 79.1 92.5 97.2 92.9 93.3 87.7 80.9 82.1 82.3 79.4 78.8 79.2
94.6 89.3 83.8 70.3 63.5 58.8 57.4 58.5 58.4 58.3 54.6 54 53.4 51.3 51.9 55.9 56.9 57.2 56.9 58.1 64.9 74.3 82 74 66.4 54.9 54.5 54.6 58.2 71.9 76.3 74.6 65.7 59.9 59.4 59.9 65.4 65.1 59.6 59 60.5 64.7 61 58.9 59.4 60.1 59.9 59.7 63.6 71.3 75.5 65.6 62.8 69 77.5 84.2 77.7 78.4 76 74.5 71.8 70 75 84.4 88 87.9 90.8 89.5 78.7 78.4 91 92.7 91.4 90.4 83.1 80.3 80.3 81 78.4 76.9 75.8
91.8 87.4 79.7 70.6 64.3 60.5 57.9 58.2 58 57.8 53.9 53.9 54 52.2 52.8 52.2 54.8 56.4 56.4 55.6 56.3 68.3 74.4 66.6 58.5 53.9 54.1 55.1 67.7 73.4 77.5 73 63.3 59.3 59.2 58.3 64.4 61 58.5 58.9 60.4 61 59.1 58.2 59.9 59.1 59.2 59.2 66.5 75.2 76.2 63.5 61.6 67.3 79.3 82 76.3 77.8 76.6 78.7 76.9 70.5 73.6 84.5 87.8 91.6 98.5 92.7 76.8 76.8 87.8 88 87.8 86.9 80.6 82 83.1 81.6 81.2 79.4 74.9
88 83.9 76.7 68.3 62.6 58.4 57.4 57.7 58 57.4 54.3 53.6 53.6 52.8 51.5 51.2 52.2 55.8 56.7 55.9 55.5 61.2 64.4 60.5 54.3 53.8 54.8 61.7 68.4 73.6 73.6 65 58.4 56.6 57.4 57.3 63.5 58 56.7 57.5 59.8 57.9 57.8 57.5 57.2 58.2 58.5 58.7 65.2 75 75.4 62.7 62.2 69.6 78.6 78.6 72.9 78.3 78.3 79.8 79.1 71 74.8 84 89.6 98.3 101.1 91.1 76.2 81 83.7 83.1 84.6 81.2 83.7 87.6 87 81.1 81.1 79.4 74.2
85.8 81.6 76.3 67.4 60.3 57 57.1 57.2 57.8 57.4 54.7 53.2 53.3 52.8 50.2 52.1 52.2 52.1 55.3 53.9 54.2 57.3 58.7 54.5 53.3 53.5 56.3 63.3 68.1 72 68.7 59.2 57 57.5 57.1 55.2 57.8 54 55 56.3 58.6 57.5 56.9 56.2 59.3 60.6 57 57.2 64.1 70 71.6 63.5 62.4 69.9 76.7 74.4 71.5 76.1 80.6 81.4 78 70.3 75.4 83.8 93.2 99.1 94.9 84.2 73.9 81.3 78.2 78.6 75.6 84.5 88.5 86.8 80.5 78.5 78.2 76.5 77.8
87.4 80.7 72.7 67.5 61.7 58 56.9 56.5 56.8 57.3 54.9 53 52.7 52 50.7 52 51.7 51.7 52 51.7 52.4 55.6 54.3 52.4 53 53.4 57 62.9 64.5 67.6 65.6 58.9 57.3 57.3 57.6 52.7 53.2 54 55.4 53.6 57.4 59.3 55.6 56 63.9 68.9 62.1 57.1 63.1 65.8 67.6 60.9 64.2 68.5 73.5 70.8 69.9 76.1 82.4 82.4 77.5 70.2 75 83.2 94.7 94.1 82.8 73.6 71.8 72.5 71.9 72.2 81 89.5 84.5 77.7 75.7 76.1 76.8 72.6 88.6
87.9 82 73.7 66.4 61.3 58.2 57.3 56.4 55.9 56.5 55.3 53 52.8 52.6 50.7 51.4 51.4 51.8 51.4 51.7 51.5 51.4 52.5 52.3 52.7 52.9 55.3 64.8 67.2 63.3 61 58.4 56.7 57.1 57.7 50.9 50.2 50.5 54.1 52.8 56.6 57.6 55.5 56.5 67.4 71 63.9 58.3 62.6 65.8 64.3 59.9 62 66 69.4 65 68.7 75.8 86.6 83.8 75.5 69.3 74.3 83.4 91.5 87.4 72.3 69.3 69.3 69.8 71.4 73.8 76.1 77.2 75.1 74.4 73.8 72.9 72.3 86.4 98.7
88.7 82.5 75.2 69.7 63.9 60.2 57.1 56.4 54.9 55.6 52.9 52.4 52.4 52.7 51.6 49.6 51.3 51.7 50.5 50.8 51.5 51.8 52.3 52.3 52.2 52.3 55 66.8 71.9 67.7 57.6 56.5 56 58.6 60.4 50.4 48.5 48.4 49.2 50.5 53.6 55.4 57.9 60.1 69.8 70.9 60.6 57.8 63.2 65.4 63.1 59.1 60.5 63.2 63.7 62.4 68.5 76.6 88.8 84.8 74.1 67.7 71.4 77.7 87 79.3 69.2 67.3 67.9 68.4 70.3 71.5 72.3 72.7 72.8 70.6 69.3 75 85.1 101.1 108.6
86.1 83.8 79.6 71.7 65 61.7 56.3 55.7 54 55.3 52.8 52.3 52.2 51.8 51.6 51.8 50.5 50.4 50.9 51.3 51.9 51.3 51.8 51.9 52 51.9 53.7 64.5 69.4 67.8 56.6 55.6 55.5 61.2 61.5 50.6 48 48.1 48.5 49.8 53.7 58 59.5 62.2 71.3 70.9 59.4 58 60.7 63.2 59.3 58.7 59.4 60.5 64.4 68.5 68.1 82.9 90.8 86.6 74.4 67 66.5 71.2 72.8 67.8 67.2 67.2 67.7 68.2 69 69.2 70.5 68.3 69.7 72.3 75.7 78.2 93.7 107.4 114.5
85.8 82.1 78.1 71.8 64.6 59.3 55.9 54.5 53.4 54 51.6 51.8 52 51.8 51.5 51.2 51.1 50.5 50.7 51 51.3 50.6 51.2 51.5 51.6 51.6 52.5 61.3 64.4 64.5 55.4 55 55.4 58.1 58.1 47.9 47.9 48.5 48.5 48.9 52.3 56.4 57.6 61.6 69.3 70.9 63.1 59 61.1 60.5 59 58.7 58.7 59.8 66 68.6 72.6 85.7 91.4 85.6 78.5 67.8 66.6 68.2 67.2 66.2 66.5 67 67.6 68.2 69.1 69.5 68.1 68.9 73.4 75 77 83.1 99.9 108.1 116.1
84.6 82 76.6 69.4 63.6 58.9 56.2 55.8 55.1 52.9 52.2 51.9 51.7 51 51.1 51.3 50.8 50.8 50.2 50.2 50.8 50.7 51 51.1 51.3 51.4 52.3 53.2 58.3 57.8 54.3 52.7 54.3 55.9 55.9 48.3 48.3 51.2 50.9 50.8 52.1 56.1 56.2 62.7 65.9 66.1 63.9 61.2 59.5 58.7 59.2 60.1 59 59.4 67.8 70.2 74 84.8 86.7 80.9 71 66.1 66.8 64.7 65.5 65.8 66.2 65.5 65.8 66.2 67.8 67.2 70.7 73.4 74.6 76.2 82.2 90 100.2 105 116
84.5 79.7 75.9 68.2 62.8 57.8 55.7 55.5 55.6 54 53.8 51.8 51.4 51 52.6 54.5 51.7 50.4 49.8 50.1 50.8 50.4 50.6 51.1 51.3 51.5 51.5 52.8 50 51.2 50.6 48.8 48 50.6 50.7 50.4 53.4 53.2 51.7 50.4 53 56.3 56.2 61.4 62.6 64.7 64.6 62.3 59.6 59.6 63.5 63.9 59 62 70 69.6 74.6 79.7 77.2 71.2 65.2 65.6 66.2 64.3 65.2 65.4 65.7 66.3 66.7 68.8 69.8 70.7 72.3 74.2 77.7 83.5 87.3 94.8 100.6 106.1 118.6
83.8 78.9 74.3 65.8 61.1 57.9 56 55.2 54.9 54.6 53.9 51.9 51.4 51.3 55.9 59.5 56.8 55.7 58.1 53.9 48.6 50 50.4 50.5 51.2 50.8 51.1 50.7 50.2 49.5 48.7 48.3 48.5 47.9 48.5 48.4 51.9 52.4 52.1 52 53.2 57.7 56.5 58.6 62.1 63.2 63.6 63.5 59.9 59.6 65.9 65.9 63.1 67 68.1 66.5 70 69.9 64.7 63.9 64 64.4 64.7 63.9 64.6 64.7 65.3 66.7 67.8 68.9 70.1 71.4 72.7 74.3 78.2 88 89.3 97.8 101.6 109.4 119.4
89 80.3 73 68.5 66.5 60.5 56.1 54.8 53.9 53.3 53.6 51.6 53.5 51 54.2 59 57.7 63.7 67.3 66.5 55.2 48.2 49.8 49.9 50.4 50.8 51.1 51 49.9 49.4 49.2 47.7 48.1 48.2 48.6 48.6 51.3 52.1 52 51.8 52.8 54.7 58 59.7 61.7 61.7 61.5 59.9 59.8 62.1 66.8 64.5 63.1 66.8 64.9 64.7 64.3 63 62.5 62.8 63.3 63.6 64.1 63.6 64.1 64.5 65.5 67.2 72.4 76.2 76.5 75.2 73 74.6 81.8 89.3 90.2 94.1 100.4 112.3 118.9
92.6 85.9 78.2 73 71.1 67.4 58.7 55.5 53.5 53.6 53.9 54.2 51.7 51.1 53.1 60.2 63.6 70.3 74.5 73.2 64.2 53.4 48.1 49.8 50.7 50.4 50.2 49.8 49.4 49.1 49.3 48.9 48.4 48.8 48.3 50.6 51.6 51.7 51.1 50.5 51.5 54.6 61.6 61.2 63.5 62.6 61.1 59.2 63.8 63.3 63 62.4 63.4 67.6 64 60.3 60.6 61.4 62 62 62.5 62.4 63.1 63.7 63.8 64.5 67.2 77.1 87.9 89.9 88.4 75.2 74.4 82 85.3 89.5 91.9 95.8 102.8 114.8 119.5
89.8 87.7 81.9 76.2 73.3 68.7 57.8 55.1 54.3 53.2 52.9 51.4 51.4 51.2 51.7 59.7 66 73.4 78 76.1 68.1 58.2 50 49.4 49 50.3 49.4 49.7 48.8 48.6 48.7 48.8 48.7 49.3 48.8 48.1 48.4 48.3 49.5 49.9 50.9 54.4 61.1 64.5 64 62 60 60.1 62.3 62.7 64.5 64 65.3 69.9 64.5 60.6 60.4 59.9 61.1 60.5 61.7 62.9 62.6 63.6 64 66.8 73 84.6 95.1 95.9 87.6 75.9 79.4 87.1 88.6 91.8 95.6 100.5 104.9 112.4 120.1
91.2 82.2 79.1 72.7 71.3 72.6 64 59 58.8 56.1 52.3 51.9 55.1 51.7 52.2 57.8 64.6 74.5 80.4 80.1 71.2 57.9 51.1 50.5 49 48.5 47.2 47.2 47.5 47.7 48.2 48.4 48.2 48.9 48.3 48.4 48.4 48.8 49.1 50.2 50.1 51.4 60.7 60.2 60.8 61 60.9 61.8 62.4 61.7 62.8 64 64.7 65.4 60.4 60.4 61 61.4 65.2 65.2 61.7 62.4 63.3 71.8 73.6 71.6 77.6 88.9 97.5 94.8 83.2 77.2 82 88.7 91.3 95.9 102 102.1 103.9 110 120.5
93.2 85.4 75.8 72 69.9 73.6 67.6 63.6 60.6 57.3 52.4 53.8 52.7 52.5 53.9 59 65.4 71.8 80.3 83.3 68.8 57.9 52.4 54.3 53.2 50.8 49.9 49.6 48.3 49.1 48.5 48.4 48.2 46.6 48.4 48.1 48.3 48.2 50.1 49.8 50 51.5 51.7 56.8 58.6 62.3 61.7 61.5 62.1 62.7 61.4 61.7 63.6 62.9 58.9 59.5 60.6 61.7 64.9 67.4 69 64.8 67.9 75.3 73.1 72.2 81.8 93.6 98.1 92.6 79.4 79.8 85.7 88.5 92.5 100.2 101 97.8 104.4 108.5 120.5
100 90.7 80.6 71.1 68.5 70.9 68.8 63.8 62.3 54.7 53 59.5 59 55.8 58.5 60.1 62.9 69.7 77 79.3 66.6 54.4 53.9 53.3 53.4 52.2 50.4 49.5 49 47.8 48.2 48.1 48 48.4 46.8 48.4 48.3 48.9 50.2 50.1 49.3 51.4 51.3 54.8 56.1 60.9 61 60.7 61 60.6 60 59.4 64.5 63.1 57.8 60.7 60.9 65 67.7 67.7 66.7 66.1 69.9 72.5 72.1 74 86.7 96.9 97.3 91.7 81.6 82.6 89.6 90.3 95.1 104.1 98.5 97 97.6 105.4 119.3
101.8 95.2 85.9 73.8 67 67.8 66.4 63 58 53.4 56.4 68.8 67.7 59.7 62.7 60.5 61.4 66.1 76.4 76.5 63.8 55.5 54.8 53.5 53.1 52.6 50.1 49.1 48.9 48.7 47.4 47.7 47.6 48.1 47.2 47.7 48.1 48 49.2 49.5 49.9 51.3 51.5 53.8 53.1 60.6 60.3 59.5 58.5 59.9 60.2 58.6 63.1 57.8 59.5 62.2 64.7 66.6 68.4 68.6 67.6 69 78.1 80.1 74.2 78.3 90.7 97.1 95 88.8 81.8 84.6 88.7 90.7 94.8 100.6 97.8 96.1 97.7 107.7 126.2
100.3 96.5 89.7 79.3 69.7 65.6 65.1 61 55.3 54.1 60.2 70.6 70.7 64 57.4 60.4 61.6 62.6 70.3 72.4 59.2 53.1 54.5 52.2 51.7 50.4 50.3 49 48.7 48.6 47.9 47.3 47.7 47.4 46.5 47.6 47.9 48.4 48.9 49.1 49.7 51 51 52.9 56.2 59.4 62.9 61.6 57.3 59.6 58.9 57.5 55.2 65 65.7 64.8 64.8 66.9 68.4 69.3 69.4 75.8 84 85.2 76.7 83.2 92.1 94.6 90.8 83.1 83.9 86.6 89.8 91.6 96.1 100.2 101.9 102.2 102.9 105.3 124.8
102.7 94.7 89.1 82.9 73.5 64.1 62.1 59.1 55.7 55.8 62.8 72 72.4 69.1 65.4 60.9 61 63.3 66.8 67.7 58.5 54.4 52.5 52.3 51.2 50.8 51.2 50.2 48.5 48.7 47.7 47.3 47.8 47.9 46.5 48.2 47.9 48.4 48.9 48.5 49.2 49.6 50.3 52.2 55.6 58.6 58.2 56.5 56.8 56.5 54.2 53.1 61.5 63.9 63.4 64.1 65 66.3 69.7 70.3 73.9 83.3 89.2 86.8 80.1 87.4 91.5 88.9 86.3 83.9 86 88.3 90.6 96.2 99.7 101.4 102.6 107.2 109.1 109.2 122.8
