public/OST50/SD61.asc
ncols 200
nrows 200
xllcorner 360000
yllcorner 410000
cellsize 50
[rows 0 to 34 of 200, columns 79 to 157 of 200]
301.5 297.3 301.7 305.3 308.1 309.8 311 312.2 313.4 314 313.5 310.9 307.2 301 296.7 295.5 294.6 294.2 293.5 291.9 288.2 287.6 287 286.3 285.5 283.2 280.3 276.4 272.2 267.3 265.2 264.3 261.7 258.9 257.6 260.9 260 258.9 252.6 258 262.7 268.1 273.4 276.8 276.9 277.6 276.4 277.8 284.2 294 299.3 305.1 315.8 323.1 325.9 329.2 333.9 339.7 351.4 367.7 381.1 389.9 398.8 399.1 398.8 397.9 395.9 393.1 390.5 389.7 390 390.8 391.6 393.1 394.9 396.7 397.7 398.2 398.2
303.3 301.1 299 304.3 305.9 308.3 309.8 310.2 311.5 312.5 313.6 312.9 310.1 305.1 299.3 296.9 296.4 295.8 294.4 291.2 289.8 289.2 288.2 287.5 286.6 284.3 280.9 275.6 269.8 271.2 268.3 266.3 263.8 263 263.5 262.8 261.9 260.3 255.9 259.2 259.3 259.2 264.9 270 271.7 270.8 272.8 276 282.5 292.8 300.7 306.2 314.6 324.4 328.9 332.7 336.7 343.9 357.5 376.2 386.2 394.4 400.7 401.5 400.3 398.6 395.8 393.8 391.4 390.8 391.5 391.8 392.3 394.1 396.1 396.6 396.9 396.3 396.7
305.2 304.5 303.2 302.5 306.1 307.7 309.6 309.3 310.3 312 313.6 313.3 311.8 309.2 303.2 300.4 298.5 297.5 294.8 294.6 294 291.6 289.9 288.7 287.5 285 281.2 275.9 275.3 275.7 269.9 268.7 267.5 266.4 265.1 264 262.3 261.7 256.6 261.5 263.7 267.1 263.8 264.2 266.7 268.6 271.4 273.1 278.5 289.4 300.6 306.4 312 323.5 330.2 334.9 339.5 346.7 359.7 379 388.7 394.4 397.8 399.4 399.4 397.4 394.3 391.4 389.8 390.8 391.3 391.7 392.5 394.7 395.9 396.2 395.7 395.8 394.2
305.1 306.4 306 308.3 305 306.3 308 309.2 310.3 312.4 313.9 314.1 312.5 310.1 307.3 303.6 300.5 299 297.3 299.1 298.4 297.1 294.8 290.1 288.3 286.7 284.1 275.3 278.4 280 274.4 270.2 271.3 270.3 268.4 266.5 264.9 262.3 260.4 260.8 264.2 268.7 271.4 263.9 264.2 267.3 270.4 272.4 275.9 285.3 296.4 303.2 309.8 317.9 329.6 334.9 338.4 344.8 357.3 372.6 387.5 391.3 391.3 390.2 389 387.9 385.7 386 386.2 389.2 389.8 390.6 393.1 395.1 395.5 394.8 394.1 394.2 392.3
305.8 308.1 308.3 309.6 305 306.5 307.4 308.8 310.8 312 314.3 314.3 313.1 311.1 309.4 302.3 302.8 305.1 306 304.1 302.5 300.6 297.8 293.5 289.4 288.1 285.6 277.3 281.7 282.8 280.2 274.5 275.7 274.6 271.5 268.9 266.6 265.2 263.3 262.6 264.3 270 269.7 266.7 265.9 267.1 270.3 272.7 275.8 282.1 289.8 297.8 305.5 311.6 323.4 332.7 335.7 340.4 350.6 361.4 373.9 382.8 383.9 381.3 379.8 379.1 378.7 379 382.9 386.9 388.4 390 392.9 394.5 393.8 392.9 392.3 391.6 390.5
309.1 309.4 309.9 310.4 306.3 307.7 308 309.6 312.7 313.4 314.6 314.5 314.2 313.1 311.3 304.6 309.7 312.5 314.2 312.3 308.2 306.1 302.5 297.1 290.9 289 284.3 279.7 283.8 283.8 283.1 280.7 282.4 280.6 275.5 273.5 271 267.9 267.2 266.3 267.5 269.3 270.6 270.1 270.2 267.6 270.7 273.1 276.8 281.4 286 292.9 299.7 305.8 312.4 320.7 330.9 338.1 344.8 353.8 362.2 367.7 370.8 372 371.7 371.8 372.6 375.9 381.8 383.8 387.6 389.8 392.5 392.8 391.7 390.9 389.7 389.1 388.1
310.2 310.5 310.5 310.6 308 310.3 310.8 311.4 313.1 314.6 314.9 315.2 314.8 314 309.2 308 313.2 316.9 318.2 318 316 314.4 310.1 301.4 292.9 290.6 287 283.3 284.3 285.3 285.6 283.5 285.3 282.9 280.6 278.4 275.5 273.7 274.6 274.7 274.1 274.2 276.2 275.8 277.3 270.7 269.6 275.1 277.7 280.8 285 290.8 296.2 301.3 306.4 315.1 328.2 335.8 341.5 348.5 355.9 362 364.8 366.9 367.2 367.3 367.2 372.6 377.6 384.1 387.5 389.3 391.1 391 389.9 388.8 387.4 386 385.6
311 311.1 311.1 310.5 309.9 311.3 312.6 313.1 313.9 314.6 315.3 315.6 315.2 312.8 310.7 312.9 316.9 318.1 320.7 320.6 319.8 318.1 314.4 305.7 297.1 294.5 289.9 286 287.1 289.1 288.6 286.6 287.6 287.8 286.2 284.1 280.4 279.8 280.8 281.5 280.1 279.9 281.1 279 278.1 273.2 272.7 276.2 280.1 283.1 286.4 291.2 296.7 301.6 307 314 320.8 331.5 340.5 345.9 352.2 357.6 360.6 362.5 362.9 360.1 366.8 372.5 380.8 385.2 387.3 388.6 389.6 389 387.7 386.6 385.2 384 381.9
312 311.8 311.8 311.4 312.3 313 313.7 314.3 314.7 315.2 315.6 316.1 315.6 313.7 313.9 317.1 320 321.3 322.1 321.7 321 319.8 316.7 309.3 300.1 296.7 294.4 289.3 289.9 290.9 290.4 288.6 290.1 291.6 292 286 290 285 285.8 286.3 286.2 284.6 285.7 281.5 279.2 275.4 277.6 278 281.8 283.7 286.2 290.2 298 305.7 310.2 317.7 332.5 338.5 341.9 346.2 352.7 356.9 359 358.6 356.4 363.8 369.5 374 380 385.7 387.9 388.3 388 387 385.5 384.3 383.5 382.3 381.8
315 312.6 312.6 312.9 313 313.2 314.1 314.6 315 315.5 316.2 316 316 316.5 316.4 318.4 320.9 322.6 322.5 321.9 321.1 320 317.6 312.5 303.6 297.5 293.3 293.8 292.8 293.7 293.8 291.6 293 296 296.5 291.7 292.5 288.8 289.5 289.1 289.3 289.1 289.8 288.4 283.1 278.9 279.5 282.3 283.8 283.8 286 289.9 299 310.3 314.3 320.2 333.7 340.7 343.8 347.2 350.9 354 353.7 347.4 356.7 364.8 372.7 376.9 383.6 385.3 387.3 387.6 386.6 384.8 383.7 382.8 382.3 381.9 381
317.3 316.1 313.9 313.6 314.2 314.1 314.3 315 315.3 316.1 317 318 318.5 319.4 319.9 321.1 322.7 323.5 323 322 321 319.7 317.8 313.6 307.9 298.6 293.9 296.5 295.9 297.1 298.5 299.1 297.1 298.9 298.6 296.9 296 291.9 292.7 292.8 292.5 292 292.1 291.9 290.6 285.8 281.2 284 285 285.7 287.1 289.7 297 308.3 317.6 327.7 339 342 344.5 346.6 348.8 350.3 342.8 348.5 356.7 367.6 375.9 380.9 387.1 387.9 387.1 385.8 384.4 383.6 382.6 381.8 381.7 381.2 380.4
319.4 317.9 316.5 316.1 316.2 315.8 315.6 316.4 317.4 318.3 319.2 320 320.9 322.8 322.7 323.9 324.9 325.6 324.2 322.2 321 319.7 316.7 314.3 309.8 298.4 300.3 303.1 304.7 300.9 304.4 305.1 303.1 302.3 300.8 300.2 298.7 295.3 296 295.5 294.9 294.3 293.9 293.5 292.4 290 284.6 285 286.8 286.4 288.2 290.3 295.6 302.1 315.1 323.2 334.6 341.1 344.2 345.2 346.2 342.7 336.2 346.9 358.5 368.6 377.4 384.2 387.6 388.1 386.5 384.3 382.7 381.6 381.1 381.3 381 380.5 377
320.9 319.2 319 318.8 319.2 318.4 317.8 318.4 320.4 321.8 322 323.1 325.1 326.7 326.2 326.8 327.2 327.8 326.3 323.6 320.8 318.8 317.4 315.4 306.5 304.2 308.5 310.4 309 306.6 307.1 307.3 306.1 304.3 301.8 302.6 300.5 299.2 299.5 298.6 298 296.7 296.2 295.6 294 290.2 287.2 287.3 288.3 289.1 289.7 291.6 294.9 298.3 305.4 314.2 321.1 327.8 332.4 332.9 330.4 324.3 336.6 349.7 361.2 370.1 379.5 386.6 388.5 388.1 386.7 384.7 381.6 379.6 379.8 379.7 380 379.9 379.2
322.6 322.2 321.7 321.4 321.3 320.7 320.9 322 323.4 325.4 327 327.9 330.3 334.1 337.9 335.5 333.6 331.6 328.4 325.8 323.1 321.3 319.8 316.5 305.3 314 319.5 313.8 311.6 310.4 309 308.3 307 304.1 305.6 304.7 304.1 303.4 302.9 301.5 300.9 300 299 297.9 294.9 289.5 289.6 289.1 290.1 290.2 290.8 292.4 294 296.1 300.1 303.9 309.3 315.7 319.4 319 318.8 329.5 342.6 353.6 364.2 372.3 382.6 388.3 388.7 387.9 386.2 384.6 381.2 378.9 378.5 378.8 378.8 379 378.9
324.8 324.6 323.9 323.6 323.5 324.1 324.8 326.2 328.3 331.2 333 337.7 342.2 346.7 349.5 349.5 343.9 338.6 336.3 334.8 331.3 325.9 323.5 323 309.8 319.4 321.2 317.1 314 311.3 310.6 309.1 307.1 307.4 307.9 307.5 307.4 306.6 305.8 305.1 303.8 302.6 301.3 299.7 293.1 295.8 293.9 290 290.8 290.6 291.2 293.5 294.7 295.5 296.7 300.2 303.7 306.9 309.1 313.1 324.3 335.3 347.8 357.1 367.3 376 384.3 387.8 388.2 387.4 385.9 384.3 381.8 379.4 377.9 377 377.7 378.2 377.8
326 326.5 326.7 326.4 327.5 328.1 329.8 332.1 334 337.6 340.8 348 353.9 358.5 359.4 357.6 354.3 354.8 354.5 351.6 344.1 334 328.1 325.9 312.3 323.8 325 321.8 315.9 313.2 311.5 309.6 308.5 309.7 310.3 312.5 311.8 309.6 307.6 305.7 304.4 303.2 301.5 298.2 299.7 299.6 297.1 292.7 291.2 290.5 291.5 293.6 293.5 293.7 295.7 297.7 301 303.4 311.6 321.2 328.6 341.8 353.2 360.5 369.1 379 386.3 388 387 386.5 385.4 383.3 381.2 380 377.4 375.2 376.5 376.8 376.7
328.6 329.6 329.7 331.6 333.7 334.5 338.8 341.2 343.8 347.4 351.7 357.5 363.7 367.5 367.9 366.3 364.3 365.8 365 360.3 350.1 336.9 330.4 326.1 315.8 325.2 325.7 323.6 317.6 314.2 312.5 311.3 311.5 312 312.5 314.3 314 311.5 308.8 305.9 304.7 303.5 302.5 301.4 302 301.3 299.3 296 291.9 290.4 290 294 291.4 293.4 295.9 297.4 298.9 302.8 311.1 323.9 331.3 345.6 352 357.9 370.7 382.1 385.1 384.7 382.6 383.8 384 382 380.9 378.4 376.5 374.7 374.5 375.4 375
329.5 331.7 333.9 337.3 343.9 347.3 351.1 356 357.9 358.5 361.7 367.2 371.7 374.4 375 374.6 373.7 371.5 367.6 360.8 347.5 336.7 332.1 322.6 323 328.8 329.6 327.9 319.5 316.7 314 313.3 313.5 314.2 315 315.4 315.1 312.5 308.4 306.2 305.2 303.4 303.5 302.7 302.5 301.3 299.3 296.6 293 290.6 288.5 289.6 292.4 293 296.1 297.4 299.5 304.3 309.7 319.4 330.4 339.3 347.6 354.3 362.7 371.7 376.2 373.1 375.9 381.5 383.5 381.7 379.7 377.6 375.4 374.3 371.9 374 373.3
329.2 334.8 338.9 342.8 351.3 358 363.5 367.6 369.6 372.2 375.8 377.2 379.2 380.2 379.4 377.6 374.6 369.2 361.6 350.6 343.6 337.1 331.9 329.3 334 335.1 332.3 327.3 322.7 318.7 315.9 315.1 314.9 315.7 316.2 316.3 315.2 312.3 308.2 306.5 306 304.6 304.2 303.2 301.5 300.4 298 295.2 292.6 289.8 287.3 288.6 292.6 292.3 295.1 297.3 300.2 304.4 309.5 316.1 329 338.2 345.5 350.8 356.2 359.3 358.1 363.6 370.9 378.3 383.4 383 380.4 376.8 374.5 373 371.7 370.1 371.6
325.1 332.7 338 342.7 347.8 352.5 358.3 364.3 367.4 372.2 375.5 378.7 379.1 379.4 378.7 376.1 370.7 363.8 356.1 351.1 346.3 343.5 343.2 338 338.4 336.4 332.4 327.3 323.6 320.7 318.3 316.6 316.7 316.9 317 316.8 314.8 311.9 307.9 307 306.2 305.7 305 303.1 300.7 297.9 296.4 293.7 291.2 287.2 286.3 287.1 290.8 290.5 293.9 297.1 300.3 303.5 306.9 312.1 323.5 334.7 342.8 345 350.1 349.5 353.4 360.7 368.5 377 384.2 382.7 379.9 377.5 374.4 372.4 371 368.5 370.3
313.4 318.2 323.4 331 333.7 339.3 343.6 347.4 352.1 356.6 362.1 368.3 372.4 374.3 373.9 372.1 367.3 360.7 356.8 354 350.7 348.2 347.9 342.8 341.5 339.7 338.8 333.6 326.8 322.9 321.2 319.6 318.5 318.4 317.8 317.4 317 314 308.5 306.8 306.3 304.5 304.3 301.8 299.5 295.8 294.5 292 289.9 286.2 284.8 285.4 287.9 288.5 292 296.3 299.3 302.4 305.6 309.6 315 326.1 335.4 338.9 339 339.6 351.2 361.2 368.1 376.4 383 382.9 380.3 376.9 374 371.1 369.4 368.4 368.3
307.5 311.5 315 318.7 323.6 327.3 330.7 334.9 339.2 344.6 349.9 354.6 358.5 362.3 364.5 367.1 363.3 359.2 356.8 353.8 353.9 352.9 348.9 346.9 345.8 345.2 344.5 341.5 336 328 323 322.3 321.5 320.4 318.7 317.5 316.6 313.8 310.1 306.3 304.5 302.7 300.5 298.7 296.1 294.1 292.3 290.4 287.6 284.7 284.4 283.6 285.5 286.8 290.7 294.3 297.4 300 303.5 307.6 310.8 315.2 322.1 324.1 332.5 341.5 351.5 362.4 366.9 374.4 379.3 380.6 379.1 376.3 373.8 370.7 368.9 367.3 365.2
303.8 307 311.2 314.8 318.8 322.3 326.2 330.4 332.7 336.8 340.5 344.6 348.4 351.9 355.4 358.7 358.1 358.4 357.5 356.9 356.3 355.5 351.7 350 349.1 348.7 348.1 346.8 343.7 339.3 330.1 323.8 323.3 321.6 320.5 317.6 316.2 311.5 309.1 305.6 303.4 300.5 298.1 297.5 294 290.9 289.2 287.4 285.3 284.4 283.3 282.2 283.6 285.2 287 291.2 294.2 295.9 300.1 304.2 307 309.3 314.2 320.6 331.4 341.5 351.2 361.8 367.2 374 380.5 381.2 379.4 375.4 372.6 369.9 368.8 366.7 364.5
300.8 303.5 306.9 309.8 313.5 318.3 320.4 324 327.1 330.6 337.1 340.3 345.2 348.7 351 354 356.2 357.5 358.7 357.9 358.4 357.2 355.5 353.9 352.6 352.1 351.2 350.2 347.8 346.6 339.6 334.2 326.8 323.1 320.4 317.5 316 312.9 310.5 308.6 306.5 302.8 298.8 295.4 291.4 289.7 288.1 285.9 284.8 284 281.6 281.6 283.3 283.9 285.9 288.6 291 293.3 296.3 299.5 302.6 305.8 309.5 319.3 331.9 340.5 348.5 355.9 362.7 366.5 372.9 376.7 377.1 375 372.3 370 369 367.7 366.2
305.5 308.9 313.5 318.4 319.4 323.3 323.8 329.8 332.7 336.1 338.5 338 344.3 345.1 350.5 355.6 360.3 360.1 361.3 360.5 362.2 362.4 360.4 358.2 356.3 355.5 354.4 353.2 351.9 349.5 346.2 339.6 331.5 326.9 321.2 319.7 317.3 315.6 313.9 311.9 308.6 303.3 300.9 299.2 296.1 290.7 285.7 284.9 283.1 281.8 280.7 281.1 282.5 283.5 285.4 289 290.1 292.2 294.9 296.3 298.6 302.4 310.8 317.7 327.2 335.8 341.3 347.4 354.2 360.9 367.1 371.6 373.2 373.9 372.3 370.1 368.8 367.4 367.1
310.2 312.8 316.4 320.3 322.5 325.6 328.3 331.7 334.8 337.6 341.2 343.9 345.6 347.3 350.8 356.8 360.7 362 362.3 362.4 362.8 363.5 362.4 360.6 359.3 358.3 357.4 356 355.1 353.9 349.9 345.5 341.8 335.1 329.2 325.3 324.4 320.5 317 314.1 311.7 309.3 303.4 300.3 297.7 292.9 287 283.9 281.7 280.4 280.1 279.6 281.4 283.8 287 287 288.6 290.3 291.8 294 296.6 299.2 306.1 312.1 318.9 326.2 332.4 338.7 346.8 354 361.8 367.2 370.5 373.4 374.2 372 369.8 368.6 367.5
313.7 316.5 318.3 320.7 324.6 327.5 330.9 334.4 337.4 339.9 343.6 345.4 348.3 351.2 352.4 356.2 359.8 362 363.2 363.9 363.8 364.1 364 363.2 362.1 361 360 358.5 358.6 357.5 356 354.1 350.9 341.3 339.6 334.5 330.6 328.7 324.1 320.7 317.5 313 309.3 303.8 298.7 294.9 287.4 283.9 282 281.3 280.4 278.4 280 281.1 282.7 286.6 286.9 290.7 293.4 295.5 297.3 299.6 302.3 307 313 318.6 324.8 331.8 340.8 351.4 360.4 365.3 369.7 373.1 375.3 374.2 371.6 369.8 368.5
316.4 319.6 321.3 323.9 325.2 330.9 334.2 336.5 339.8 342.8 345.2 346.9 349.4 352.6 355.6 356.3 359 361.9 363.3 364.4 366 366 365.9 365.1 363.9 362.4 361.6 361.2 360.7 360 358.8 356.1 353.7 349 342.8 339.6 338 335.7 332.4 329.6 325 319.5 313.2 305.5 300.6 293.5 286.3 284.8 283.7 283.4 278.1 279.6 284.3 285.7 288.5 290 290.9 291.4 293.3 295.1 296.9 299.5 302.3 305.7 311.5 317 323.3 329.4 338.1 350.7 362.9 365.6 370 372.9 374.8 375.9 373.6 373.8 373.7
319.6 321.6 324.7 327.5 329.9 331 335.8 338.8 341.8 344.2 346.3 348 350.4 352.8 354.9 356.1 357.8 360.5 362.4 364.1 366.6 367.7 367.3 366.4 365.2 364.7 364.1 363.7 363.5 362.8 360.2 357.8 354.4 350.6 345 340 339 337.5 334.8 332.4 329.4 325 315.3 306.4 299.3 295.6 287 285.1 284.5 282.7 276.6 285.2 290.9 291.1 293.7 295.6 295 295.2 294.8 296.4 297.9 299.8 303.3 306.8 312.8 317.5 323.1 329.2 339.1 348.6 358.9 360.4 366 370.1 371.5 374.8 375.9 379.5 380.3
322.1 324.9 327.1 328.8 332.2 335.1 336.6 339.4 342 344.5 347.1 349 350.5 353 353.6 354.9 356.3 358.6 362 364.5 365.3 367.8 368.3 368.1 367.1 366.5 365.9 364.8 364.6 363.4 362.3 359 355 350.4 347.1 342 338.5 336.1 333.9 331.4 327.9 321.9 312.8 304.3 298.4 295.7 289.2 286.5 285.2 281.2 275.9 283.2 297.1 300.7 299.3 299.8 300.4 300 298.8 298.6 299.7 301.9 305.6 308.1 314.7 319.4 325.6 332.3 335.1 344.8 350.8 356.3 360.2 364.2 367.6 371.9 375.1 382.4 383.7
325.9 328.3 330.4 332.5 334.2 336.5 339.3 341 343.3 345.7 346.9 348.3 350.2 351.6 352.9 353.3 354.7 357.3 360.7 362.3 364.8 367.2 368.1 368.5 368.2 367.4 366.5 365.5 364.9 363.9 362.4 360.4 357.6 353.3 347.8 341.8 336.6 331.2 327.6 324.9 320.7 314.5 306.6 301 297.3 294.4 290.2 286.8 285.3 281.7 276.4 279.5 293.4 299.9 305.9 305.9 305.3 302.2 301.2 301.1 302.7 306 309.9 315.7 319.7 321.1 327.7 332.3 337.1 340 347.3 351.5 356.5 360.5 364.5 369.1 373.7 381.8 384.4
327.9 331.2 333.3 335.5 338.5 339.2 341.4 343.3 345.1 346.7 346.5 346.9 348 348.7 349.7 350.4 353 355.3 358.6 361.6 364.1 366.2 367.3 368.5 368.9 368.3 367.2 366.1 365.2 364.4 362.3 360.9 359.3 355.1 347.9 344 340.7 337.2 332.7 326.9 319.4 312.9 304.3 300.8 297.5 292.3 289.1 285.2 283.1 283.9 279.9 275.1 287.4 292.2 296.7 298.4 300.2 297.6 299.8 301.3 304.7 313.6 319.3 322.9 325 328.4 331.2 334.4 338.7 342.9 346 350.1 353.8 357.6 362.1 366.3 370.9 378.3 382.4
331.2 333.8 335.8 338.7 342 342.6 344.1 345.1 346.6 347.6 346.2 345.1 345.2 346 346.5 346.6 350.5 352.9 356.2 359.9 363 365 366.6 367.8 368.7 368.5 367.7 366.4 365.7 363.9 361.6 361.2 357.4 356.7 354 350.2 345.4 340.3 335.5 331.1 323 311.1 305.3 300.9 297.3 295 291.7 287.1 282.5 281.7 278.6 275.4 284 286.9 288.1 289.5 291.8 293.1 294.4 298.4 303.9 317.7 327.4 329.8 331.8 331.9 334 337.6 340.2 343.7 346.7 349.6 353 356.9 360.5 364.4 368.1 373.3 378.6
333.1 335.5 338.6 342.5 345 345.9 346.8 347.6 347.8 347.3 344.3 343.6 341.6 342.3 342.7 344.6 347.7 351.6 356.2 358.4 360.9 363.9 366.1 367.7 368.6 369.1 368.9 367.5 366.4 365.7 365 363.3 362.1 359.6 357.7 353.5 347.9 342.3 336 327 317.4 308.9 305.7 302.5 298 295.8 293.1 289.3 284 280.2 277 273.5 280.4 283.2 283.8 285 286.5 289.5 292.8 296.8 306.6 321.5 331 335.6 336.4 337.9 338.4 340.3 342.8 345.9 347.8 350 353.5 357.1 360.1 362.2 365 369.3 375.7
334.2 338.2 341.2 343.5 345.5 347.3 348.5 348 346.1 342.5 340.3 339.8 339.5 335.7 339 343.9 347.5 354.1 358.3 361.3 361.5 364.9 366.8 368 368.6 369.4 369.6 368.9 368.9 368.1 367.8 365.6 364.8 361.7 359.7 355 349.1 342.8 334.9 324.9 316.6 307.9 306.4 304 300.2 296 292.9 288.8 283.4 281.6 279.5 272.6 276.5 279.6 280.1 281.4 280.6 283 289.9 296.2 305.3 321.3 333.9 337.8 339.1 340.6 342.2 343.4 345.4 348.5 349.7 351.3 353.8 357.3 359.5 361.5 363.6 366.1 371.3
