public/OST50/SD61.asc
ncols 200
nrows 200
xllcorner 360000
yllcorner 410000
cellsize 50
[rows 105 to 139 of 200, columns 0 to 78 of 200]
116.6 121.3 125.6 128.8 131.9 133.1 133.7 134.1 132.8 131.6 130.7 129.8 130.5 131.1 131.3 130.4 131.3 132.3 133.7 136 139.6 144.2 145.5 145.5 144 140.3 139.1 140.4 139.5 137.3 134.6 132.6 131.1 128.5 125.3 121.8 119 118.2 118.8 119.4 121 120 120 120 120 126.4 132.7 133.4 135.3 131.1 132.5 134.2 143 147.7 154.5 159.1 165.8 169.1 172.9 177.7 181.9 184.3 186.2 187.1 189.2 191.9 195.4 199 200.6 207.5 212.8 217.2 219.8 222.2 221.8 226 235 244.3 256.3
116.9 121.7 125.9 128.8 131.1 132.1 133.5 133.4 132.4 129.7 127.8 129.2 129 129.3 128.8 128.3 129.6 131.3 133.1 135.6 139.5 144.3 147.2 148 147 143.5 139.3 143.2 140.3 139 137.9 136.1 133.7 132.1 129.3 127.1 123 122.3 119.5 119.9 121.5 120 120 120 120 130.9 131.3 131.1 132.7 131 131.8 135.1 144.9 149.5 154 158.8 164.2 167.8 171.5 176.5 180.2 182.7 183.2 185 186.2 189.4 193.6 196.6 201.5 207.9 213 215.3 217 219.6 218.2 226 235.4 243.6 256.4
116.9 122.1 125.7 128.9 130.7 131.8 133 132.8 132 129.9 127.8 128.7 127.8 127.5 126.9 127.4 129.4 130.7 132.8 136 139.8 145.2 149.1 150.2 150.2 147.9 140.1 142.6 143.8 141.4 141.4 139.8 136.7 135.6 133 130.5 127.3 131.6 131.4 126.2 124.9 120 120 120 120 120 120 128.6 131 130.4 130.9 140.8 146.3 149.9 153.3 157.8 162.5 167 170.9 175.1 178.2 179.7 180.4 181.3 183.5 186.1 189.3 195 201.2 206.8 209.9 209.8 209 213.4 219.1 224.3 236 245.7 260.4
117.7 121.6 126.4 129 131.3 132.3 132.8 130.7 130 128.7 126.8 127.5 127.4 126.1 126.1 126.7 128 130.1 131.6 135.2 140.9 146.7 150.3 151.5 151.7 151.5 142.7 144.5 146.2 144.5 144.4 142.6 140.4 139 136 132.3 132.1 135 135.9 135 128.5 120 120 120 120 120 120 129.6 129.5 132.7 134.8 142.6 146.8 150.4 153.5 156.5 161 165.5 169.9 172.7 174.4 175.3 176.9 178.4 180.3 183.6 187.1 193 198.5 202.1 202.7 205.4 212.9 216 221.9 230.4 240.5 247.5 256.6
117.7 121.2 126.5 130.1 132.6 132.9 131.1 129.1 127.8 126.4 126.9 128.2 127.2 126 125.4 125.4 126.7 129.1 131.7 135.3 141.3 146.3 150.2 152.8 153.9 152.8 145.8 143.3 146.5 148.7 144.5 145.5 141.9 140.5 138.3 134.9 135.7 137.3 139 139 130.9 120.8 120 120 120 120 120 132 140.9 144.5 142.9 143.8 146.1 150 153.1 156.2 159.8 164.4 167.4 169.8 171 172.3 173.6 175.4 179.1 181.9 185 189 191.8 193.7 199 208.6 210.8 213.6 221.6 233.2 245.5 258.6 267.3
116.9 121.4 126.6 129.7 131.4 131.8 129.2 126.2 124.4 125.9 127.6 128.1 127.4 126.5 125.2 124.4 125.8 128.5 131 134.3 140.2 145.6 149.7 152.7 155 154.3 148.3 143.4 145.8 148.1 147 144.3 142.2 140.3 137.6 136.3 139.1 140.4 141.2 139.5 134.7 125.9 120 120 120 120 120 127.1 141.3 146.2 145.9 145 144.7 150 153.1 155.4 157 161.8 165.7 168 168.4 169.8 171.1 173.3 176.4 179.7 182.2 184.2 190.5 197.4 204.2 206.5 208.7 212.6 222.8 238.2 254.3 271.4 283.4
116.4 120.8 125.6 128 129.4 129.1 126.8 124.1 122.8 124.3 125.8 127.4 126.6 124.9 123.7 123.9 125.9 128.6 131 134.3 140.5 146.1 149.3 152.2 154.7 154.5 150.6 143.9 145.9 145.4 143.6 141.5 139.9 139.2 140.8 141.2 141.7 142.5 143.1 141.9 135.4 124.1 120 120 120 120 120 120 134.2 139.2 141.2 139.7 142.3 147 151.2 153.9 156.2 159.2 161.9 164.5 165.1 166 167.7 171.7 174.1 176.9 179.8 184.6 191.5 197.8 201.3 202.6 208.2 215.1 228.2 244.5 263 278.9 294.5
116.3 119.4 124.2 125.9 126.9 125.8 124.2 121.7 120.8 121.7 123.8 125.9 124.4 123.6 122.5 124.1 125.6 128 130.8 134.4 139.9 145.1 149.6 152.3 154.1 153.7 151.6 144 145.2 143.2 141 141.3 144.2 146.4 145.8 144.3 143.7 144 143.5 133.4 132.9 131.7 120 120 120 120 120 120 124.6 134.8 136.7 138.1 142.8 145.2 148.3 151.8 155.1 156.8 158.1 158.8 161.2 165 166.8 169.8 171.9 175 177.7 182.4 187.7 194.2 196.5 203.1 207.7 217 232.8 250 267.5 282.7 299.2
115.1 119 121.5 123.6 123.7 122.7 121.6 116.6 121.8 123.5 123.7 123.5 123.3 123.2 123.2 124.9 126 128.3 131.2 138.2 143.8 146.9 149.9 151.9 153.1 153.1 152.2 144.5 143.9 142.1 142.1 146.6 149.4 149.2 148 146.2 145 144.4 143.7 142.5 134 132.7 121.1 120 120 120 121.7 123.6 123.6 127.5 134.9 141 147 149.5 148.2 149.9 152.4 154.6 156.9 161.5 165.8 167.3 167.8 169.6 172.5 175.2 178.9 183.8 189.3 193.3 197.7 203.1 208.6 217 231.2 250.9 269.2 284.7 300.1
114.5 117.2 119 119.9 120.4 119.5 115 120.1 123.3 123.6 122.4 121.7 121.6 122.9 124.1 125 125.8 128.3 133.8 140.3 143.5 146.8 149.8 151.3 152.1 152.7 151.8 144.6 144.5 143.5 145.9 149.5 150.4 150 149.3 147.1 145.5 144.8 144 143.1 141.8 138.9 129.1 120 129.4 123.6 123.6 123.6 123.6 127.4 135.8 144.7 150.4 151.2 152.2 152 153 155.4 158.1 160.5 164.8 166.6 167.5 169.1 171.4 174.4 178.7 184.2 190.3 194.6 198.4 202.4 209 216.9 233.2 252.1 268.8 287 301.1
113.1 115.3 116.6 117.5 117.6 111.7 116.9 121.4 123.2 121.7 117.7 120.9 121.8 122.8 123.2 123.8 125.4 128.4 134.7 140 142.8 146.2 149 150.5 151.3 151.7 150.7 144.6 144.1 145.2 149.1 150.9 150.9 150.6 150.1 148.6 147.4 146 144.2 143.1 141.8 139.5 131.9 123.6 123.6 123.6 123.6 123.6 123.6 129 136.2 142.3 147.8 151.5 153.2 153 153.5 155 158.9 161.7 162.6 164.6 166.6 168.1 170.1 174.1 180.4 187.6 191.4 192.7 196.1 200.9 210.8 220.5 237.7 258.1 276.2 293.2 307.2
111 112.8 114.5 114 112.4 110 111.9 112.8 118.9 116.2 119 119.9 121.2 122 122.4 124 125.3 128.2 135.2 138.8 141.3 144.8 147.9 149.5 148.6 147.7 149.6 144.9 144.4 146.8 150.5 150.7 151.3 151.2 151.9 151.5 150 148.1 146.6 143.9 142.2 140 132.8 123.6 123.6 123.6 123.6 123.6 123.6 128.5 134.1 139.9 146 150.6 152.7 153.6 154 154.5 157.1 164.6 162.8 163.4 165.5 166.5 169.2 173.9 181 189.1 190.3 190.4 194.7 200.4 208.9 223 242.9 262.2 279.9 296.9 307.5
109 110.1 110.8 109.1 109.1 112 115.8 118.2 117.8 119.9 120.7 121.2 120.9 121.6 123.4 125 125.7 129 133.6 137.1 138.8 142.2 145.4 147 146.2 143.1 143.7 145.1 144.2 146.8 149.2 149.8 150.7 151.4 152.8 153.3 151.8 149.5 148.5 146.6 144 141.1 137.9 123.6 123.6 123.6 123.6 123.6 123.6 123.6 129.4 134.6 141.6 147.2 151.9 153.8 153.5 153.1 154.7 159.3 160.6 162.9 164.2 166 169.2 173.8 180.7 186 188.6 188.5 193.7 200.1 209.1 220.6 243.1 263.9 280.6 294.9 307.2
106.3 107.2 106.6 106.6 112.4 115.2 117.4 119.9 121.7 122.2 122.6 121.9 122.2 122.6 123.7 125.3 127 130.3 133.7 135.3 135.9 138 140.8 143.8 143 141.5 140.5 143.4 144.1 147 147.8 149.1 150.2 152.2 153.6 154 152.6 151 149.9 147.9 145.1 142.1 139 132.8 123.6 123.6 123.6 123.6 123.6 123.6 123.6 129.3 136.6 143.3 148.6 151.9 152.5 152.3 154.2 156.7 158.9 162.2 163 166.1 169 173.6 179 183.2 185.5 188.2 191.7 198.4 207.2 222.3 243.5 265.1 282.7 292.7 301
102.2 105 107.2 111.6 114.5 116.8 118 119.7 120.7 121.8 122.5 122.5 122.3 122.9 123.6 125 127.4 131.1 133.1 135 134.2 135.2 138 139.2 140.1 140.3 139.9 142.6 143.5 145.2 147 148.2 149.9 152.2 154.3 155 153.9 152 149.9 147.3 145 142.5 139.6 134.4 123.6 123.6 123.6 123.6 123.6 123.6 123.6 123.6 135 140.9 146.2 149 150.3 151.7 153.5 155 157.7 159.8 161.8 163.8 167.7 170.8 175.7 180.6 183.7 187.1 190.7 197.4 208.3 219.7 243.2 265.3 284.8 292.6 296.3
106 108.5 110.5 112.1 114.6 117 118.5 119.6 121.3 122.6 122.7 122.5 122.3 123.2 124 124.9 127.4 129.6 132.1 131.9 132.3 134.5 136.7 140.7 143.1 143.7 143 143.1 143.3 144.9 145.6 147.6 150.5 153.5 155.3 155.6 154.5 152.5 150.3 146.7 144.5 143.4 141.2 138 132.6 123.6 123.6 123.6 123.6 123.6 123.6 123.6 133.8 139.6 143.6 146.6 149.1 150.7 151.9 152.7 155.5 158.6 159.8 164.1 169.8 175.5 177.4 179.7 182.1 185.2 189.5 196.6 205.3 218.9 241.9 263.4 280.1 291.3 292.8
104.7 107.8 110 112.7 115 116.8 118.9 119.1 120.1 121.4 121.8 122.1 122.5 123.3 124.4 125.7 127.2 128.3 129 129.8 132.3 133.6 136.3 140.5 143.2 145.4 146 145.4 143.2 143.6 145.2 148.1 152.3 156.4 156.9 156 154.6 153 150.9 148 145.2 144.2 142.5 140 135.8 123.6 123.6 123.6 123.6 123.6 123.6 123.6 132.2 137.1 141 144.2 146.7 148.3 150.6 152.7 154.8 156 157.5 163.1 170.1 176.4 178.3 179.1 181.1 184.5 189.5 196.9 205 219.3 239.4 258.9 274.6 285.3 290.8
102.6 106.3 109 111.8 114.8 116.5 118.3 119.2 120 120.2 120.7 121.2 121.7 122.4 124 124.8 125.6 125.8 129.4 131 131.8 133.1 136 139.6 142.5 144.3 146 144.8 143.4 143.9 145.8 148.3 150.8 154.9 157.6 156.1 154.9 152.9 151.1 148.9 147.1 146.1 144.3 141.3 138.5 129.4 123.6 123.6 123.6 123.6 123.6 123.6 128.6 133.9 139.3 142.7 144.7 146.1 148.6 151.4 151.8 154.8 162.9 166.5 169.8 174.1 177.4 178.4 180 183.3 188.1 194 202.1 214.2 233.5 252.4 268.7 279 288.3
101.9 105.7 109.2 112 114.9 116.9 118.7 119.4 119.7 120.1 119.6 119.8 120.6 120.7 123.2 125.2 126.7 128.9 130.9 132.3 132.2 132.8 135.2 138 140.2 142.4 144.1 144.8 142.6 145 146.2 147.6 151.4 153.5 156.3 156.2 154.4 152.4 151 149.4 147.4 146.7 145.3 143.5 139.9 133.8 123.6 123.6 123.6 123.6 123.6 123.6 123.6 133.2 137.5 140.4 142.2 142.3 144.3 146.9 151.9 160.9 166.8 170.4 172.4 173.1 175.9 176.5 179.2 182.9 187.1 192.3 200.1 210.6 227.8 246.2 264.1 274.1 286.2
101.9 105.4 108.9 111.9 114.7 117.1 118.9 119.6 120.1 120.4 118.6 118.3 118 121.6 123.2 125.8 128.2 130.2 131.8 133 133.1 133.5 133.8 135.8 137.6 139.9 142.1 144.4 142.2 146.4 147.1 148.4 151 152.7 154.6 155.7 154.2 151.9 151.1 149.5 147.3 146.6 145.4 144.3 140.7 135.1 123.6 123.6 123.6 123.6 123.6 123.6 123.6 128.6 134.2 135.5 137.3 140.7 145.1 149.2 155.2 160.4 165.5 171.4 173.3 174.2 173.9 175.4 178.1 180.8 186.8 193.2 197.9 210.7 227.5 246.7 261.7 274 283.7
101.9 105.2 108.1 111.2 114.3 116.4 119 120.3 120.4 120.5 118.3 117.2 118.9 120.6 122.4 125.6 127.8 129.8 131.3 132.7 133.3 133.4 132.7 133.8 135.3 137.1 140.8 144 142.3 145 148.3 148.7 150.5 151.8 153.1 154.6 154.5 153.2 150.7 149 146.9 146.2 145.2 144.2 141 134.5 123.6 123.6 123.6 123.6 123.6 123.6 123.6 123.6 131.9 137 141.1 142.5 144.8 147.6 156.2 159.5 163.1 170.8 173.2 174.3 173.3 173.9 175.8 178.5 185.8 193.8 195.8 207.7 225.4 244.3 259.9 272 280
101.4 104.5 107.6 110.3 113.4 116 118.3 120.3 121.1 120.3 118.8 116.6 117.5 119.3 121.6 124.3 125.9 127.4 129.3 131.1 131.5 131.4 131.7 133.4 134 135.5 139.4 142.5 142 146.1 147.3 148.4 150.5 151.9 152.7 154.1 155 154.2 150.7 149.1 146.4 145.1 143.8 142.8 141.2 136.5 123.6 123.6 123.6 123.6 123.6 123.6 123.6 123.6 133.8 137.4 140.4 141.8 144.4 146 150.4 157.9 166.2 169.2 172.8 174.3 172.8 171.6 173.4 176.3 183.9 190.7 192.9 204.6 221.6 239.6 257.2 270.2 275.7
101.5 103.6 106.8 109.5 112.2 114.9 116.8 119.2 120.4 119.9 119 116.9 116.6 118 119.8 121.4 122.9 125.7 128.4 130.6 131.6 132.1 131.8 132.9 132.1 136.1 140.1 142.2 142 145.2 148.6 150 151.9 153.9 154.8 154.7 154.7 153.9 151.3 149.1 147.1 144.9 143.1 141.2 139.7 137 123.6 123.6 123.6 123.6 123.6 123.6 123.6 123.6 130.7 136.2 138.7 141.6 143.1 144.7 148.3 155.7 163.5 165.2 171.1 174.1 173.1 170.1 170.5 175.5 182.4 189 190 198.8 216.2 236.4 254.5 268.4 275.6
100.2 103.6 106 108.7 110.8 112.1 114.7 117.6 119.8 120.1 119.5 117.7 117 115.9 117.1 119.2 122.6 124.3 127.9 129.8 130.7 132 132.6 130.5 131.8 135 137.5 140.2 141.3 144 148.2 150.3 152.9 156.1 157.5 157.7 157.1 155.9 156.2 156 152.5 146.8 143.8 141.4 137.9 134.6 123.6 123.6 123.6 123.6 123.6 123.6 123.6 123.6 129.5 136.1 138.7 139.9 141.9 143.3 147.2 151.6 156.4 157.8 164 169.5 172.4 167.8 169.1 173.8 180 185.8 186.2 199.4 217.3 235.5 254.2 265.6 272.8
100.2 102.4 104.9 107.5 109.2 111.8 112.8 115.7 118.6 120.1 118.6 118.5 117.4 114.5 116.2 118.5 120.5 122.4 126.1 127.7 127.7 129.8 132.8 130.9 129.2 132.4 135.9 137.9 140.5 142.4 146.3 150.3 154.3 157.6 158.9 159.7 159.3 159.4 159.4 159.3 158.2 155.4 148.5 141.8 138.6 134.7 125.3 123.6 123.6 123.6 123.6 123.6 123.6 123.6 123.6 134.2 135.6 137.9 140.2 141.7 144.4 148.4 149.3 150.9 155.5 161.8 163.1 164.4 168.6 172 177.8 181.1 185.8 194.6 213.7 233.3 249.8 261.1 273.3
99.8 101.7 103.9 106.2 108 109.9 111.5 113 115.9 116.3 116.9 117.2 116.8 115.3 113 116.6 118.9 120.6 123.4 125.3 126 127.8 125.5 128.7 127.5 132.2 135.7 136.2 140.1 140.8 144 148.1 152.7 157 160.2 160.7 159.7 159.9 160 160.1 159.4 157.5 152.7 146.9 141.4 135.3 131 123.6 123.6 123.6 123.6 123.6 123.6 123.6 123.6 123.6 131.3 134.7 138.5 139.8 141.7 143.6 145.9 148.7 152.1 155.1 163.2 170.1 172 172.6 175.1 180.1 183.2 191.9 211.3 230.3 246.5 258.8 271
98.2 100.4 103.2 104.8 106.7 108.3 109.8 111.7 112.7 114 114.6 114.9 115.3 115.6 113.1 113.5 117.1 118.7 120.5 122.5 124.7 124.2 125.3 126.6 126.3 133.7 136.5 137 139.7 140.6 142.2 145.9 151.8 157.9 160.7 159.1 156.9 156.5 158.8 159 159.4 157.6 155 149.6 144.1 137.9 132.7 123.6 123.6 123.6 123.6 123.6 123.6 123.6 123.6 132.9 136 138.6 139.5 139.1 140.6 142.3 144.5 147.1 149.9 153.1 161 168.2 172.2 173.1 173.7 177.1 179.5 189.3 207.2 225.6 243.8 256.1 267
97.2 99.7 102.2 103.7 105.6 107.1 108.3 109.3 110.9 112.1 112.5 112.7 114.3 115.4 113 111.3 114.6 116.6 118.2 118.7 119.5 122.3 123.4 122.6 126 129.2 133.3 136.5 138.8 139.7 140.8 145.2 155.9 161.6 160.8 155.8 152.7 151.3 153 154.1 155.5 156 154.5 150.7 145.5 140.8 134.2 123.6 123.6 123.6 123.6 123.6 123.6 123.6 123.6 132.7 136.4 139.6 140.5 139.9 140 141.5 143.3 145.2 148 149.5 156 163.1 168.3 168.7 171.6 175.4 179.6 188.6 200.7 220.9 240.5 251.2 260.9
96.9 97.9 100.5 102.8 104.6 105.4 106.7 107.7 108.4 109.7 110.8 111.5 112.1 109.1 108.4 111.6 112.8 115.6 116.9 116.7 117.6 120.1 120.9 123.4 128.4 131.4 132.9 135.7 139 138.8 139.6 144.2 151.1 156.3 158.1 153.4 149.2 147 148.8 150 151.1 152.3 152.4 150.7 146.7 142.1 136.2 124.3 123.6 123.6 123.6 123.6 123.6 123.6 123.6 132.1 136.9 140.3 140.6 140.6 140.2 140.8 141.8 143.1 145.9 148.4 151.3 156.9 160.7 165.9 171.1 175 179.5 184.6 198.2 215.4 233.8 244 253.6
97.1 96.9 99.2 101.8 103 104 105.3 106.5 107.2 107.6 108.3 108.7 106.3 109 112.9 114.1 114.2 114.1 114.8 114.9 117.3 119.2 118.2 123.6 128.1 129.8 130.6 134.7 138.2 138.5 138.6 143 147.7 153.6 154.8 152.5 148.7 146.7 146.3 146.7 148.3 149.7 150 149.7 147 143.2 138.2 127.8 123.6 123.6 123.6 123.6 123.6 123.6 123.6 128.3 136.6 140.2 140.4 140.3 140.2 140.2 141 142 143.5 145.3 147.8 151.8 154.5 161.2 167.7 172.8 177.4 185.2 196.9 210.2 226.5 237 244.9
96 97.4 96.3 100.4 100.8 102.9 104.4 105.4 106.4 106.7 106.2 105.2 103.5 113.3 114.1 115.5 115.5 113.5 112.4 112.2 114.9 117 117.7 121 124.6 125.5 129.4 133.3 136.8 137 137.3 140.8 144.8 148.3 149.3 150 149.3 147.5 145.7 145 145.7 147.1 147.6 146.8 144.8 141.8 137.9 129.9 123.6 123.6 123.6 123.6 123.6 123.6 123.6 123.6 135 139.7 140 140.3 140.8 139.8 139.3 138.8 141.4 143.4 145.6 148.5 153.2 157.3 162.8 169 173.3 182.1 192.8 205.2 220.7 229 236.7
95.5 96.9 97.6 98.9 100.9 101.8 103.1 104 104.4 104.9 105.1 103.8 102.3 107.3 113.8 114.1 115.4 115.3 112.4 109.2 111.3 114.1 114.9 117.2 120 123.5 125.6 129.5 132.6 136.1 135.9 137.9 141.2 144 145.5 146.3 146.7 146 145.5 144.1 144.6 146.2 146.7 145.3 141.9 138.4 133.8 128.7 123.6 123.6 123.6 123.6 123.6 123.6 123.6 123.6 135.1 139.6 140.6 140.7 140.6 139.5 138 138 140.7 142.1 143.9 147.1 150.3 153.2 157.3 162.5 167.7 177.2 187.4 199.1 212.3 222.7 228.4
94.3 96.4 97.8 99.1 97.9 101 102.3 102.7 103.1 103.8 104.2 104.2 99.3 104.3 107.2 110.6 112.4 112.9 113.5 110.4 108.4 111 114.7 116.6 118 120.2 122.4 125.9 128 134.9 133.7 134.2 136.5 138.5 141.9 143.1 143.5 144.1 143.8 145 146.3 144.3 143.7 144.3 143.1 139.8 135.8 133.1 129.4 123.6 123.6 123.6 123.6 123.6 123.6 123.6 136.6 140.7 140.6 140.4 140.3 139.7 137.2 137.8 140 140.2 141.2 143.9 147.4 150.9 154.8 155.6 164.2 173 182.6 191.7 202.9 216.3 222.2
93.9 96.5 98 98.1 97.5 98.6 100.9 101.3 102 102.4 102.7 102.7 100.4 98.6 104 106.2 108.5 109.7 110.2 108 109.6 110.9 113.1 114.2 116.3 118.6 120.4 122.5 124.6 128.4 130.9 130.3 132.8 135.8 137.9 140.5 141.4 141.7 141 142.2 143.6 142.1 141.4 141.3 142.5 140.7 137.5 133 130.2 123.6 123.6 123.6 123.6 123.6 123.6 123.6 137.5 140.8 140.5 140.4 140.4 140.5 137.4 136.5 138.4 138.8 139.7 141.9 144.8 148.2 150.1 153.1 164.6 170 177.2 183.6 194.3 207.5 216.1
93.6 96.2 97.8 98.6 98.5 97.4 98.2 99.2 100.2 100 100 100.5 99.9 95.5 100.2 102.6 103.7 106 106.2 102.5 108.2 110 111.7 112.5 114.7 115.9 117.3 120.1 123 123.5 127.7 125.8 127.7 130.1 133.2 136 137.8 136.7 137.9 140.3 141.2 140.4 140 136.9 140 140.4 137.7 134.3 130.1 123.6 123.6 123.6 123.6 123.6 123.6 123.6 136.2 139.5 139.8 140.2 140.3 140.4 137.7 135 135.9 138.3 139.3 140.7 142.1 144.9 147.3 152.6 160.2 166.6 173 177.4 186.5 196.1 207.3
