public/OST50/SD66.asc
ncols 200
nrows 200
xllcorner 360000
yllcorner 460000
cellsize 50
[rows 140 to 174 of 200, columns 78 to 155 of 200]
268.2 264.6 260.9 256.2 250.1 242.9 231.1 220.3 211.7 201.8 189.3 185.8 190.6 194.6 197.2 197 197.4 198.1 199.9 200.5 201.9 203.3 205.5 206.8 207 206.4 205.2 201.5 197.7 192.3 180.2 153.8 153.9 158.6 166.8 179.4 189.2 194.9 200 204.5 208.8 213.8 218.6 223.6 227.4 228.7 226.5 227.6 225.2 224 221.3 217.6 215.4 212.4 214 211.3 213 215.9 219.6 224.4 230.5 235.8 240.5 244.9 249 253.6 258.4 264.6 270.1 275.6 280.5 284.4 288.8 294 299.6 305.3 310.9 315.3
270.6 267.1 263.3 257.1 250.6 239.9 226.4 215.8 207.4 197 188.6 192.8 196.7 200.2 201.2 200.6 200.8 202.7 203.9 204.8 205.2 207 208.4 208.4 208.6 208 206.8 205.1 201.9 197 187.2 154.6 154.9 160.7 172.5 180.7 186.7 192.1 196.9 202 206.3 208.7 212.4 216.5 218.5 220.6 216.4 215.8 212.8 209.7 210 208.5 204.8 202.4 203.8 206.5 214.5 219.1 223.3 226.8 230.3 235.1 239.8 244.4 249 255.2 260.9 266.5 272 277.5 283.1 286.8 291.5 296.7 301.9 307.6 313.2 317.7
273 269.4 263.3 256.8 247.4 234.8 223 214.3 204.2 193.3 192.1 198 202.2 204.5 205.2 205.4 205.4 207.8 209.1 209.2 206.9 209.5 210.5 210.4 210 207.8 206.5 205.2 204.3 199.7 192 159.4 155.8 158.4 167.6 176.8 181.8 187.4 190.5 196.3 201.5 203 205.6 207.6 207 208.9 207.4 201.6 198.6 194.7 198.9 196.7 192.5 195.2 203.6 213.8 214.4 216.9 222.5 227.7 231.3 235.4 239.6 245.2 251.4 257.7 262.7 268.1 273.6 279.4 285.1 289.2 294.1 299.3 304.5 309.8 315.8 320
274.4 269.5 263.6 252.5 239.6 230.1 220.7 212.9 202.7 193.3 194.2 203.9 206.3 207.9 209.2 210.1 212.6 212.6 212.7 211.9 210.2 211.7 212.7 212.5 210.3 207.7 205.7 204.9 204.3 200.9 195.4 170.3 156 158.1 161.5 167.2 171.8 177.7 182.8 187.7 194.1 196.2 198.5 199.7 199 199.3 196.8 192.5 183.4 182.2 186.9 186.3 195.8 206.7 213.5 217 220.4 221.8 218.5 227.4 232.8 236.6 240.8 246 253.2 260.2 264.6 269.8 275.5 281 286.6 291.4 296 301 306.2 311.1 317.7 321.4
273.1 267.2 258.7 245.7 235.5 227.1 219.8 211.6 199.6 197.9 203.8 207.9 209.9 211.4 212.9 215.2 216.4 215.5 215.3 214.5 213 213.7 214.8 213.2 210.6 208 205.6 204.1 201.6 196.5 196.8 189.6 165.4 157.6 158.5 162.3 165.8 170.2 173.3 177.2 183.7 188.1 189.3 191.2 189.4 185.2 181.6 178.2 181.1 183.8 184 190.8 201.5 209.8 214.4 218.3 222 225.3 228.2 224.4 231.6 237.4 242.3 247.4 253.5 261.3 265.7 270.5 275.9 281.4 287 292.3 297.1 302 307.8 313.3 317.7 322
268.6 261.1 250.2 241.7 230 220.9 213.4 202.4 203 206.3 208.6 211 213.4 215.3 216.8 219.5 219.8 219 218 217.3 216.2 216.8 217.4 215.5 213.3 210.9 207.2 206.2 204.6 204.1 199.9 191.8 177.6 160.7 156.1 159.3 162.8 166.9 169.5 171.4 177.5 176.1 178.5 180.8 178.7 177.5 173.6 183.5 190.1 191.3 197.4 188.8 195.6 207.8 215.8 219.7 223.9 227.9 230.9 233.1 234.9 237 243.8 248.9 253.8 259.4 265.8 270.8 276.2 281.8 287.3 292.6 297.7 303.1 308.2 312.9 317.6 322
259 251.2 240.3 224.5 224.6 215.1 212 206.3 205.4 212.8 211.7 214 216.3 218.8 220.8 224.7 224.5 221.3 221.6 220.4 219.7 220 220.7 220.1 217.4 213.8 211 210.9 209.7 207.1 201.1 193.8 182.6 170.2 160.3 165.8 164.2 163.4 164 165.1 168.6 168 167.8 172.7 171.1 182.8 191.8 198.7 200.2 200.2 201.7 203.2 203.2 196 211.2 220.3 225.1 228.9 232.8 235.7 238.7 240.9 243.9 249.8 253.7 258.4 264.7 270.9 276.6 282.2 287.5 292.8 298 302.6 306.9 311.5 317.6 322.1
242.8 239.2 238.4 237.1 237 229.8 222 215 206.9 216.6 215.9 216.5 218.9 221.6 225.7 229.7 231 227.6 225.9 225.3 224.8 223.6 223.9 222.6 221.3 218.1 215.5 215.1 213 208.1 201.8 195.2 185 173.2 163.2 160.9 180.7 187 189.3 186.6 182.6 184.7 180.9 172.7 172.6 185.4 196.5 199.6 201.2 202.6 204.5 206 208.5 212.2 205.4 219.7 226 230 234.2 238.3 242 244.9 247.1 246.7 252.6 258.2 265.4 271.3 276.4 281.5 286.6 291.8 296.9 301.3 305.5 310.2 316.3 322.3
262.7 260.3 249 247.5 244.3 233.8 224.7 219.5 210.1 220.6 221 220.7 222.7 226.8 230.5 234.1 235.9 234.1 232.4 231.2 230.5 229.6 227.2 225.7 224.2 222.3 220.4 219 213.8 208.8 203.1 196.3 185.2 173.7 166.4 164.1 175.7 190 194.2 196.3 195.5 192.2 192.4 193.7 189.9 176 187.8 197.8 202 204.8 207.6 209.6 211.7 214.2 217.2 209.4 225.7 231.1 235.1 239.3 244.1 248 250.3 253.4 255.9 254.5 263.9 269.9 274.3 279.8 284.9 289.7 296 300.1 304.2 308.9 315.2 322
274.4 271.2 266.2 259.8 247.9 233.5 223.1 221.5 214.8 225.6 226.2 226.7 228.5 231.8 235.1 236.8 239.3 240 239 237.4 235.9 234.7 231.6 230.1 228.6 226.4 224.1 220.9 215 209.5 203.4 196.5 187.7 177.1 167.7 165.5 176.6 190 196.2 198.9 198.6 197 196.4 196.7 195 191.5 184 195.1 203.2 206.4 209.1 211.2 213.7 217.3 222 210.4 225.6 232.5 236.9 242.1 246.4 250 253 257.5 260.8 263.8 263.9 267.1 271.7 278.6 282.6 289.5 295.7 300 304.4 309.3 315.3 322.1
279.9 277 269.9 258.6 243.5 232.7 224.2 224.9 224.2 229.1 229.9 231.8 233.8 236.7 239.5 241.7 243 243.5 244.3 243.2 241.4 239.2 236.2 234.6 232.5 230.4 227.7 220.8 215.1 209.1 202.9 195.9 187.9 179.3 164.8 174.7 183.4 192.7 198.9 202.1 202.3 201.5 201.3 200.5 199 198 194.1 186.9 202.4 206.6 210.6 213.4 216 219.2 224.9 216.1 223.3 231.3 238.4 243.7 248.2 251.8 255.4 260.2 264.1 267.3 269.7 270.5 275 279.7 284.1 290.3 297.2 302.2 306.1 312.1 317.6 322.4
283.9 280.1 268.2 250.6 240.3 234.5 230.9 230.7 229.9 230.8 234.8 236.8 239 241.6 243.4 245.3 247.1 247.6 248.4 248.8 246.9 244.5 241.7 239.1 236.4 233.4 228.2 221.1 214.4 208.4 203.1 197.8 193 183.7 167.9 172.1 184.1 194.7 201.2 204.8 205 205.5 205.5 205.1 204 203.1 195.1 191.1 198.8 205.2 210.8 214.6 218.4 221.4 225.4 214.9 222 231.9 238.3 243.8 248.7 253.3 257.2 262.1 267.1 270.3 272.4 273.5 276.9 281.9 286.2 290.7 296.4 300.9 306.6 311.7 316.4 320.7
284.7 272.4 258.4 247.8 241.6 238.1 236.1 235.4 235.2 234.9 238.9 241.8 244 245.5 247.1 249 250.8 251.6 252.7 253.7 252.1 248.7 245 241.6 239.1 234.8 228.5 222.1 216.6 212.9 208.9 202.3 195.1 185.2 169.1 177 185.3 193.6 202.6 206.7 207.3 208.3 208.2 207.9 207.5 206.8 199.1 192 198.5 204.5 210.8 216.3 220.6 226.2 225.3 224.8 217.2 227.3 237 242.9 248.3 252.9 259.1 264.2 269.7 272.5 273.7 275 277.5 283 287.9 292.1 296 299.3 302.7 307.2 312.8 318.2
281.8 268 256.4 249.1 244.1 242.4 241.5 240.6 239.7 238 244.1 246.5 247.8 249.1 250.5 252.6 254.4 255.7 256.5 255.8 254 251.1 248.2 243.2 239.5 234.3 228.2 224.8 220.3 216.5 211.2 203.9 196.1 182.6 172.3 178.5 183.8 193.5 203.7 208.6 209.6 211.3 211 210.5 210.1 209.7 206.9 195.7 204.5 209 213.1 218.4 224.9 229.7 231.7 234.8 226.3 220.2 221.2 241.1 247.7 254.1 260.1 265.1 269.7 273.5 274.9 276.2 278.4 283.8 289.1 293.6 297.7 301.1 304.1 307.9 312.5 317.3
282.9 267.9 256 250.4 244.5 246.7 246.3 245.9 245 244.4 248.7 250.7 252.1 253.1 254.8 256.1 257.3 257.9 258 257.2 255.7 253.1 248.6 243.8 239.9 236.3 232.8 229.2 225.2 220.1 212.5 203.6 194.3 179.7 170.6 179.1 187 196.6 205.2 210.2 213.2 214.5 214.4 213.8 213.3 212.8 210.6 200.5 208.3 213 218.4 223.2 228.4 233.1 237.8 240 234.7 230.1 224.7 228.7 239.8 250.7 258.7 263.1 268.2 271.4 274.5 276.7 280 286.2 291.3 296 299.7 302.7 305.7 308.7 313.8 318.4
281.1 266.6 256.9 250.4 251.5 250.7 250.6 251 251.6 250.6 253.3 255 256 257.1 258.8 260.5 261.8 261.5 260.6 258.6 257.3 254.5 249.5 244.7 241.7 238.6 235.9 232.7 228.9 222.8 213.4 202.4 191.3 176.3 170.8 180.1 188.9 198.4 205.4 211.2 214.6 217.4 217.9 217.4 216.9 216.5 215.2 209.3 210 217.1 222.9 227 231.2 235.9 240.4 242.8 241.4 238.9 233.8 226.6 233.4 240 254.5 259.5 265.1 271.1 275.3 279.4 284.6 288.6 292.6 297.2 301.4 303.8 306.5 308.6 313 318
275.2 265.1 257.3 257.5 257.1 257.3 257.6 257.6 257.3 257 256.9 259.1 259.9 261.2 262.9 264.6 265.8 264.9 263.9 261.9 259.2 255 251.1 247.3 244.9 242.1 238.9 235.8 232.3 225.2 215.3 202.7 191.1 172.5 178.3 184.4 191.8 199.4 206.2 211.6 215.4 218.8 220.7 220.9 220.7 220.2 219.5 214.8 209.7 222.8 226.4 230.1 233.8 238.4 243.2 246.6 248.4 243.9 239.7 238.9 230.4 236.4 244.5 251.4 258.9 266.9 272.6 277.4 284.8 287.7 291.8 296.6 300.8 303.3 305.7 307.9 311.5 316.1
271.5 266.7 260.2 263.3 263.8 264.3 264.4 264.2 263.5 262 261.2 263.1 264 265.9 267 268.1 267.9 267.1 267.2 266.2 263.1 258.3 253.8 250.9 248.1 245.5 242.4 238.8 234.5 226.9 216.5 204.5 189.2 173.3 181.2 186.6 193.4 201.4 207.4 211.9 216.1 219.5 222.8 223.5 224.1 224.5 223.3 220.7 211.5 224.2 229.4 233.9 237.7 242.3 247.3 251.5 254.6 255.5 253.1 247.4 244.5 236.1 237.7 243.2 247.9 256.9 263.7 268.7 273.9 278.7 287 291 294.5 298.8 292.7 297.5 304.9 311.1
274.8 268.3 267.1 267.9 268.9 271.2 270.3 269.6 268.5 262.9 265.7 267.7 270.2 270.3 270.3 270.9 270.8 270.9 271 270.8 267.9 262.5 258.3 255.2 252.2 248.7 245 241.3 236.8 228.4 216.6 203.7 183 175.8 180.9 186.9 195.8 203.9 209.7 214 217.4 220.7 224 226.5 227.2 227.7 227.5 226.7 215.4 226 231.4 236.3 242.6 247.8 252.4 255.7 258.8 262.1 262.9 262.4 259.3 247.7 249.6 244.5 241.7 247.1 250.2 260.9 265.4 271 276.5 281.9 285.4 288.1 298.8 305.1 309.7 312.5
276.3 274 271.8 271.9 273.2 274.5 274 272.9 271.7 270.4 271.1 272.5 274.1 274.9 275 275 274.8 274.9 274.9 274.9 270.6 265.8 262.4 259.2 256 252 247.8 243.9 237.6 229.2 216.1 202.1 179.9 178.3 183.5 191 199.4 206 211.8 215.7 219 222.2 225.5 228.5 229.9 229.9 230.2 229.9 221.7 227.4 235.6 242.4 247.5 251.7 255.9 259.1 262.4 265.9 268.3 268.8 268.2 263.4 258.8 259.1 256.6 255.3 247.3 249.2 255.2 258.3 263.9 264.2 268.9 280.8 292.1 302.5 308.1 312
276.7 277.6 276.7 276 277.3 277.8 276.9 275.2 273.7 274 275.4 276.8 278.2 279.5 279.6 279.6 279.5 279 279.1 277.5 274.3 269.8 266 262.9 259.8 255.3 250.9 246.1 238.2 228.9 217.5 202.8 186.2 178.8 187.1 194.3 200.4 207 213.5 217.3 220.5 223.7 226.9 230.3 233.4 234.2 234.8 235.3 232.4 226 239.9 245.5 250.7 256 259.2 262.8 266.2 269.6 273 274.7 275.2 274.6 271.5 269.9 267 271.9 259.8 259.8 258.5 269.7 274.8 278.9 281.3 284.8 295 300.4 304 306.8
282.4 282.8 282.6 282.4 281.8 281.9 280.3 277.7 276.6 277.3 278.8 280.3 281.8 283.7 284.1 284.2 284.2 283.8 283.1 280.2 277.3 273.5 269.6 266.6 262.8 259.3 254.7 247.2 239.9 229.9 217.9 203.5 188.9 181.7 187.4 195.6 202.5 207.4 213.1 218 221.7 225 229.5 232.3 235.3 238.1 239.4 239.6 238.9 233 241.4 248.8 254 259.2 264.1 267.5 271 274.4 277.8 280.5 280.9 280.6 277.9 274.8 273.3 275.6 277.6 266.9 270.7 268.4 280.3 286.6 296.9 300.5 304.4 308.6 312.9 316.2
289.8 288.7 288.2 287.7 287 284.2 282 279.7 278.8 279.9 281.4 283.5 285.6 287.7 288.5 288.6 288.6 288.8 286.8 283.7 280.6 276.1 272.2 269.9 265.8 261.9 258 250.9 244.4 233.5 217.4 204.3 191 186.4 183.2 198 204.9 210.2 215 219.6 223.9 226.3 232.2 235.1 237.6 240.4 243.2 243.9 243.2 236.5 244.5 250.6 256.2 261.7 267.3 273 276.2 279.6 282.7 284.6 285.5 284.8 283.2 277.6 279.2 279.6 283.3 285.8 277.6 275.8 281.1 289.9 297.6 306.5 309.7 314 318.4 322.7
295.9 294.5 293 291.5 289 286.7 284.4 282.2 281.4 283.2 285.3 287.5 289.6 291.7 292.8 292.8 292.7 292.7 291.2 287 283.9 279.2 274.9 272.4 269.4 265.8 261.1 254.6 245.2 234.1 217.3 199.3 189.2 183.5 191.7 200.7 207.4 211.3 217 221.8 225.8 229.3 233.3 237 240.3 243 245.7 247.5 248.6 245.9 246.1 253.1 258.2 263.7 270.3 275.5 280.4 283.6 286.7 288.6 289.3 288.5 285.9 283.7 283.6 284.9 288.2 290.7 291 288.7 281.9 289.4 296.9 306.9 315.1 319.4 323.6 329
302.3 300.1 295.9 293.5 291.4 289.3 287.1 285 284.4 286.9 289 290.8 292.4 294 295 294.8 294.8 294.7 293.7 290.8 287.1 282.3 277.9 275 272.3 269.1 264.3 256.8 245.1 232.5 214.3 195.4 186.3 185 198.5 204.9 210.1 210.7 217.7 223.3 225.8 230.7 235 239.2 243.1 246.9 249.4 251.4 252.8 253.4 246.9 253.9 261.5 267.8 273.4 279 283.8 287.1 290.1 291.2 292.1 291.4 289.1 290.1 290.7 291.8 293.3 295 297 297.7 293.6 289.3 298.9 306.4 316.4 324.8 330.4 335.2
307.7 305.5 301.5 296.2 294 291.8 289.5 287.3 285.7 287.2 290.9 292.9 294.6 296.1 297 296.8 296.5 296.5 295.3 293.6 289.5 284.9 279.6 277.1 274.3 270.7 265.6 256.3 244.4 230.6 213.5 198.6 185.4 190.7 201.8 206.9 212.1 217.8 223 226.3 229.5 233.3 238.6 242.5 246.3 250.2 253.7 255.5 256.9 258.4 258.1 251.9 265.7 271.5 277.7 283.6 287.4 290.7 292.6 293.8 295.1 294.3 293.7 295.4 296.9 297.6 299.1 300.9 300.8 302.8 302.2 294.9 301.5 307.6 314.5 325.1 333.8 339
311.2 309 305.8 301 296.4 294.3 292.1 290.1 288.1 288.7 291.4 294.3 297.1 298.5 299 298.8 298.5 298.3 297 294.5 291.4 286.1 280.5 277.4 274 269.3 262.4 253.3 241 229 215.2 201.3 189.4 194 204.5 209.2 214.7 220.3 225.1 228.3 231.8 236 240.7 245 248.9 252.7 256.4 259.5 261.3 263.3 264 264.6 264.6 276.1 282.4 288.5 291.2 293.9 295.4 296.7 298 297.3 297.4 298.9 300.2 300.9 303.9 304.9 304.8 306.1 306.9 305.2 295.5 308.9 315 320.8 330.8 339.7
314.9 312.6 310 305.1 300.3 296.4 294.2 293.7 291.4 290.8 293.6 295.5 299.1 301.4 301.6 301.5 301.1 300.7 298.4 295.5 291.2 286.2 281.2 276.8 272.5 266.6 259.2 249.9 240 229.5 215.1 202.9 187.4 197.8 206.2 212.2 218 222.7 227.1 230.8 234.7 238.5 242.3 247.1 251.3 255.1 258.8 263.3 265.4 267.2 269.1 272.5 263.7 278 286.3 292.2 294.7 296.4 297.8 299.2 300.8 301.2 300.8 302.2 303.4 304.7 307.5 309.6 309.9 310.5 311.7 310.3 307.2 308.1 316.5 322.6 329.7 338.4
318.9 316.9 314.4 309.9 305.4 300.7 298.4 296.1 294.5 293.3 295.1 296.7 299.2 301.2 304.1 304.4 304.4 303.6 300 296.2 291.2 286.2 282.3 279 274.7 269.2 262.4 253.1 244.5 232.1 217.4 199.8 189.9 201.5 209.4 214.4 220.6 225.2 229.3 233.5 237.4 241.1 244.3 249 253.6 257.6 261.6 266.3 269.3 271.4 274.2 279.4 279.5 266 283.8 292.8 296.3 298 299.8 301.6 303.8 305.3 305.4 306 307.4 309.9 312.9 314.6 315.5 316.1 316.2 314.8 312.3 306.2 316.7 324.6 328.9 336
323.3 321.6 318.9 314.2 309.3 306.5 303.5 301.3 298.7 296.2 296.7 298.7 301.4 304.2 305.3 306.7 307.7 306.1 302.4 296.3 291.3 287.2 284.3 281.5 277.3 271.8 264.9 256.4 247.2 236.3 221 204 189 203.1 211.2 216.3 222.7 227.1 231.4 236.1 240.1 243.7 246.8 250.8 255.4 260 264.6 269.3 273.3 276.4 280 285.3 288.8 285.4 279.1 292.6 297 299.6 301.4 303.1 306.1 308 310 311.1 311.8 313.3 316.6 318.4 319.3 320.1 320 320.5 318 318.3 310.8 326.8 331.3 336.1
326.1 325.1 322.9 316.8 311.6 307.6 305.5 303.4 301.3 298.8 298.4 300.8 303.4 306.6 309.1 311.2 311.4 309 304.9 297.4 292 289.2 286.4 283.3 279.5 273.5 267 258.7 250 238.2 222.1 204.1 191.2 203.2 211.8 218.2 223.9 229 233.5 238.2 242.7 246.2 249.4 252.6 256.7 261.1 267.2 272.8 277.8 281.6 284.4 289.8 293.3 293 275.8 291.4 297.9 300.6 302.8 305 309.1 311 312.9 314.2 315.4 316.4 319.3 321.8 322.7 323.2 323.3 323.7 323.9 325.4 326.6 322 334.2 337.8
329.4 328.6 324.3 318.6 312.1 308.3 306.2 304.2 302.5 300.2 299.7 302.9 305.4 308.6 312.2 313.9 313.9 310.7 305 296.7 290.4 287.6 284.9 282.9 280.1 274.9 268.5 259.9 250.2 240.4 225.3 206.9 193.2 206.1 215.4 220.3 225.1 230.8 235.9 240.4 244.9 248.8 252 255.2 258.8 263 268.4 275.4 280.9 284.5 286.6 291.6 294.8 295.2 292.7 277.7 295.6 301.7 304.3 307.4 311.6 314 315.9 317.4 318.6 320.1 322.1 324.6 326 329.5 330 331.3 330.6 330.9 332.9 333.4 336 338.5
332 331.1 326.3 319.9 312.3 308.6 306.8 305.1 303.4 301.4 300.6 304 307.3 311.9 314.3 313.5 310.7 306.3 299.9 291.6 286.5 284.3 282.9 281.4 279.2 275.6 267.8 258.4 249.4 240.2 228.5 211 195 205.5 215.2 221.5 225.5 230.8 236.1 241.9 247.4 251 254.6 257.8 261.2 264.7 270 277.5 282.8 285.8 288.7 292.2 296.1 298.1 298.5 295.3 283.5 302.2 305.7 309.8 314 317 318.9 320.8 322.6 324.4 326.4 329.2 332.5 336.1 337.1 338.6 339.2 338.6 341.6 342.4 343.8 346.8
332.2 331.8 328 321.1 312.9 308.9 307.3 305.8 304.3 302.6 301.4 303.9 306.9 309.9 311.3 306.9 302.2 297 292 286.8 281.1 277.1 278.6 278.3 277.4 272.2 264.7 255.4 247.1 239.7 230.4 214.7 196.6 205.6 217.1 224 227.8 231.9 237.9 244.9 249.2 253 256.7 260.3 263.7 267.4 273 279 283.7 287.3 290.8 294.6 298.2 301.1 303.3 303.6 296.8 290.6 304.8 312.5 316.8 321.4 324.3 326.7 327.8 330.2 332.9 335.7 338.3 341.4 344.6 345 345.6 347.7 347.7 349.7 351.7 355.6
333.6 331.4 327.2 321.9 313.2 309.1 307.2 305.7 303.7 301.4 300.5 302.5 304.5 307 305.6 300.4 295.6 290.8 286.1 281.1 275.7 270.4 270.2 271.9 271.7 267.9 260.7 252.2 246.8 239.3 230 215 200 200.7 217 225.6 231.3 237 243 247.3 250.6 254 257.9 261.7 265.8 270.5 275.3 280.4 285 289 293.1 297 301.1 304.2 307.4 307.9 307.3 304.5 295.1 308.6 321 326.6 331.2 334.4 336 337.7 339.5 342.2 345.4 349.1 349.8 352.1 354.5 354.6 356.7 355.6 358.7 364.4
