public/OST50/SD66.asc
ncols 200
nrows 200
xllcorner 360000
yllcorner 460000
cellsize 50
[rows 35 to 69 of 200, columns 78 to 155 of 200]
101.1 101.8 102.4 102.9 103.2 104.8 107.4 109.1 109.6 106 106 109.3 113.1 115.3 115.7 113.4 112.3 113.7 114.7 114.1 113.4 113.1 108.3 116.2 116.4 118.6 121.8 120.9 115.1 106.4 108.8 113.7 114.8 113.8 112.3 109 107.1 109.3 112.8 115 116.1 115.4 113.8 111.1 109 108.4 108.8 110.3 112.6 118.1 121.9 123.6 118.9 114 115.6 118.1 123.5 125.7 125.8 124 121 120.2 120.9 121.1 121.8 120.4 120 120.2 121 121.5 121.5 120.2 120.5 123 122.7 113.5 115.2 118.3
99.5 100.1 100.8 105 104.4 103 104.3 105.8 104.5 103.5 108.9 111.3 114.1 116.2 114.5 112.7 114 116.5 117.5 117.2 117 116.6 117.2 116.8 118.6 121.2 122.9 120.2 114.1 109.7 109.2 114.4 116.3 116.9 116.4 113.2 111.1 117.1 119.8 122 123.6 123.5 121.9 114.7 114.6 115.2 115.3 114.4 114.4 120 122.4 122.6 118.5 117.7 121.6 123.9 129.1 130.5 130.1 129 125.6 122.3 124.6 125.6 125.2 125 125.1 124.1 123.8 124 124.2 123 121.3 120.6 115 116.6 122.9 124.5
96.6 97.6 100.7 104.9 104.7 102 101.9 102.2 101.2 104.5 107.5 109.9 112.6 113.7 112.4 112.7 116.2 117.9 119.5 120.1 120.2 118.7 115.1 118.8 120.4 122.6 122.5 119.6 115.7 115.8 113.6 116.1 119.3 121.3 121.3 121 115.3 124.2 126.2 128.3 130.2 130 127.9 123.7 124.1 124.6 122.4 119.6 118.7 120.1 121.5 121 122.8 125.8 126.9 124.3 131.6 131.8 132.4 133 130.2 126.6 127.9 128.5 129.5 130.4 130.3 129.5 127.5 127 126.3 123.5 120.5 118.1 117.3 123.2 127.9 130.7
95.4 96.1 99.5 103 101.2 99.3 98.9 100.1 101.2 105.1 107.6 108.2 109.7 110.9 111.6 115.5 117.6 119.4 121.1 121.5 121.4 118.5 117.1 118.6 119.8 121.3 120.8 119.7 119.9 116.6 117.4 122.5 124.4 126.2 125.5 125.3 119.7 126.2 129.1 132.4 132.7 131.9 130.8 129.2 131.4 131.9 130.5 126.7 128 128.8 127.1 127.1 129 130.4 131.1 128.4 124.8 131.2 133.4 135.8 132.5 129.5 129.6 130.7 131.5 132 131.9 130.2 128.6 127.2 124.4 121.6 119.8 124.1 120.3 127.3 131.7 134.3
94.9 95.5 97.3 99.1 98.2 97.7 100.5 105.2 108.5 111.8 112.8 110 109.9 111.8 114 116.3 118.6 120.8 122.6 122.9 121.2 117.9 117.7 118.6 119.8 121.7 125.4 126.3 122.4 119.7 124.8 128.1 129.4 129.1 127.1 124.1 120.9 125.1 127.7 131 131.9 131.2 130.4 132.9 135.4 136.6 134.8 133.5 135.5 135.2 133.9 133 132.5 131.5 129.7 128.3 129.6 128.6 135.4 135.3 133.1 132.1 131.6 131.4 131.9 132.2 131.6 129.8 128 125.3 125.3 130 131.1 130.6 125 126.4 131.2 133.1
97.2 95.2 95.8 99.6 98.4 101 106.7 110.7 113.5 116.2 115.9 111.7 109.8 112.2 114.3 116.6 118.8 121.1 123.7 123.7 121.2 118.8 118.3 119.8 123.8 127.8 131 128.1 124.3 126.9 130.3 132.1 129.9 128.7 126.2 125.1 122.8 123.4 126 129.5 131.7 132.3 133 135.4 136.9 136.8 135.7 136.7 139 138.4 137.6 137.8 135.5 132.3 130.5 131.2 134.4 135.9 138.4 137.9 136.3 135.4 133.7 131.7 131.7 131.7 131.4 129.6 128.9 130 133.1 134.5 136.5 135.5 127.7 124 129.2 132.9
103.8 101.3 97.4 97.8 101.5 105.7 111 113.1 115.5 116.6 116.7 112.9 111 112.6 114.5 116.4 118.6 120.9 124 123.6 122 120.2 121 124.4 128.8 132.5 133.3 128.8 130.2 132 133.5 132.3 129.9 128.9 129.7 132.5 129.5 125.6 125.9 129.2 134.4 137.8 134.5 134.8 135.8 135.4 135.5 136.8 139.3 140.3 141.6 142.2 140.1 137.5 135.3 137.7 139.8 140.6 138.5 140.3 139.6 139.4 137.8 134.2 133.4 133.3 131 130.6 130.8 135.7 137.3 138.9 139.6 137.5 129.7 131.4 134.7 136.3
109.6 108.2 100.8 99.2 105.4 109 110.9 112.2 113.2 115 114.6 113.3 113.2 113.4 114.8 116.3 118.4 121.1 124.2 126.1 124.4 125.8 127.9 129.8 133.6 135.7 133.8 132.1 134.5 134.9 133 130.7 133.4 135.7 138.1 139 137.8 135.7 134.5 135.3 139.4 141.7 139.5 136.6 136.1 134.9 135.6 137.2 138.6 140.9 143.8 145.5 143.6 141.5 140.3 141.1 141.9 141.1 140.8 141.4 142.8 142.9 141.6 138.6 136.6 136.8 136 135.3 135 137.7 139.7 140.6 142 140.2 137.7 138.9 141.2 140.7
113.7 112 105.8 103.5 106 107.5 108.2 108.6 110.7 113.4 114.5 114.6 115.9 116.7 117.4 116.8 118.2 121.3 124.9 127.2 126.1 127.4 130.9 133.3 135.7 137.1 132 136.3 137.8 135.3 134.8 137.8 141.1 142 142.9 143.8 144 144.6 145 144.8 144.5 145.2 145 145 143 142 141.4 137.8 138.9 142.5 145.4 147.1 146.2 144.3 143.2 142 141.6 140.6 141.2 142.6 144.3 145.1 143.7 142.2 140.5 140.3 139.5 137.9 137.9 138.1 143.2 144.9 145.2 144.1 142.2 144 145.2 146.4
117 111.8 111.5 109.8 107.5 107.3 107.9 110.3 114.2 116.8 117.7 117.8 118.9 120.2 121 119 118.4 119.6 125.4 128.5 129.1 126.5 130.8 133.6 136 135.1 133.2 138.9 139.4 137.4 140.9 143.5 145.6 146.2 146.8 147.9 149.5 150.5 151 150.3 149.9 150.2 150.5 150.1 149.8 149.6 147.7 144.9 139.4 143 146.6 148.3 148.9 146.9 143.4 142.4 140.8 141.3 141.9 143.2 145.2 146.3 144.7 143 143.4 144.2 144 143.6 143.9 141.6 147.4 149.1 148.5 148 146.3 148.7 149.9 150.5
119.2 118 119.5 117.6 115.7 115.5 116.1 118.6 124.3 127.1 127.2 126.1 124.3 125.7 126.3 122.4 120.9 120 125.2 130.4 132.1 128.6 128.8 131.5 132.9 132.5 136.4 141.1 141.8 142.6 144.4 146.4 147.7 148.7 149.2 151.6 153.5 154.1 154.3 153.5 152.5 152.8 153.3 153.4 153.1 152.8 152.2 148.7 141.9 144.2 147.6 149.2 149.8 146.9 143.4 142.2 141.7 142.2 143 144 145.2 146.3 147.3 146.8 147.4 149 150.7 151 150.8 148.4 148.8 152.1 153.4 152 151.7 153.4 154.7 155
123.4 125.2 126.5 125.3 124.6 125 127 129.7 132.5 134.6 134.9 134.1 133.8 134.7 133.9 133.2 132.4 131.2 130.8 133.7 135.9 133.9 131.9 130.2 130.3 133.4 138.7 142.2 143.4 145.5 147 149 149.7 150.8 152.5 154.7 155.6 155.9 155.1 154.3 153.8 154.6 155.1 155.4 155.6 155.7 153.7 150.8 146.8 145.2 148.1 150.1 149.9 146.5 144.1 144.9 145.4 144.6 144.8 145.6 146.7 149.8 151.5 152 152 154.5 156.6 157.5 156.8 152.7 149.4 153.8 156 156.4 157.4 157.7 157.9 158.3
127.9 130.7 131.5 131 130.7 132.1 134.5 137 139 140.5 140.7 140.8 142 141.9 142.1 141.8 141.5 141.3 140.6 140.9 142 141.7 141.3 141.1 139.4 135.1 134.1 136 140.5 143.5 147.1 149.9 151.2 152.1 153 155.2 156.2 155.3 154.7 153.7 154.2 155.4 156.2 156.3 155 155.1 155.1 152.4 149.2 146.3 149.4 150.9 150.3 147.3 149.6 151.4 151.5 150.9 150.5 150.7 149.4 153.7 155.8 156.3 157 158.4 160.3 161 159.1 156 152.8 156.9 160.9 162.4 160.7 161 161.2 161.5
131.7 133.9 134.9 135.5 136.1 137.6 139.9 141.6 143.7 144.8 145.6 146.1 146.9 147 147.4 148.3 148.8 148.5 148.9 148.9 150.9 149.9 149.4 150.2 149.4 147.5 143.2 144.4 144.9 144.1 143.2 147.1 149.3 150.1 151.6 153.7 154.3 153.6 153 152.9 153.2 154.1 155.1 154.4 154.2 154.6 155 154 151.4 149.4 149.4 151.5 151.6 152.4 155.1 156.3 156.7 155.2 153 153.3 151.9 154.4 156.8 159.7 160.7 161.7 162.1 163.4 162.4 161.2 158.8 166.1 166.9 167.2 165 164.3 164.5 164.7
135.4 137.5 138.6 139.7 140.7 142.1 143.8 145.5 146.8 147.8 148.8 150.1 151.1 151.9 152.7 153.2 154.7 155.5 155.1 156.2 157.4 157.7 157.6 158.2 157.1 155.9 154 153.6 153.8 152.2 148.4 148.2 149.1 148.4 150 151.9 152.5 151.8 151.4 152.1 152.8 152.9 153 153.4 153.8 154.1 154.5 154.9 153.4 151.4 151.6 153.7 153.9 156.3 159.4 160.4 160.4 158.6 158.2 157.2 158.7 160.9 163.1 164.9 166.2 168.6 167.7 166 167 168.9 166.9 171.3 171.9 171.1 169 167.6 167.2 167.1
139.1 141 142 142.8 143.4 144.4 146 147.6 149.2 150.7 151.7 152.7 153.6 154 155.3 156.6 157.4 158.2 159.1 160.1 161.3 162.5 163.6 164.2 163.8 162.6 160.5 159.7 159.7 158.2 157 155.9 154.7 153.8 152.5 150.3 150.8 151.3 152 151.7 152.4 152.5 152.7 152.7 153.3 153.8 154.2 155.8 157.5 157.9 156.9 156.6 157.4 158 159.8 160.5 160.9 163 162.3 164.2 166.9 166.5 169.7 172 172.8 174.4 172.8 170.3 172.1 173.7 172.2 173.8 174.7 174.6 172.5 171.7 171.4 171.7
143.2 144.2 144.9 145.7 146.1 146.7 148.3 149.7 151.3 152.9 154.5 155.3 156 156.6 157.3 158.4 159.3 160.5 161.5 162.5 164.9 166.4 167 167.5 166.8 166.3 165.8 165.7 164.5 162.9 162.2 161.5 160.4 159.2 157 154.3 154.5 154.5 154.1 153.1 153.2 153.8 154 152.2 152.6 153.3 154.6 157.7 159.3 161.7 160.8 161.2 162 161.3 163.1 164 165.1 168.3 167 168.5 171 172.5 175.1 177.3 177.5 179.5 177.7 176.5 176.8 177.9 177.6 176.4 177.9 178 176.4 176 175.4 175.9
145.5 147 147.8 148.4 148.8 149.2 150.6 152 153.5 155 155.5 155.9 156.7 158 159.1 160.3 161.5 162.5 163.6 164.6 166.1 167.8 169.5 170.2 169.7 169.2 168.7 169 168.1 166.6 165.8 165.1 164.6 163.9 161.8 158.9 159.6 158 154.7 154.9 155.8 158.1 158.8 155.2 154.8 155.8 155.5 158.4 161.9 165.1 164.8 165.6 166.4 166 167.6 170.1 172.2 172.4 171 172.9 175.7 179 180.6 182.3 183.9 183.2 182.1 181 181.9 182.5 179.4 180.1 180.4 181.3 180.8 180.1 179.4 175.9
147.5 149.3 150.3 151.1 151.5 151.9 152.9 154.3 154.8 155.2 155.6 155.3 155.6 156.9 157.9 159.1 160.4 161.5 162.5 163.4 165 166.8 168.3 169.1 169.9 171 171.7 171.3 170.7 169.6 168.5 167.7 167.4 166.8 165.9 164.1 162.1 157.7 157 157.6 158.5 161.5 163.4 161.7 163.1 160.8 157.1 162.4 165.5 169.7 168.5 170 170.8 172.5 175.2 176 178.3 178.4 177.8 179.9 181.1 182.9 184.6 186.5 187.2 186.4 185.5 184.8 185.9 186.3 183.2 184.6 184.7 185.2 184.4 183.2 182.2 179.9
147.8 150.5 151.6 153.4 153.7 154 153.7 154.2 154.8 155.1 154.2 153.7 153.7 155 156.1 156.9 157.8 158.8 159.7 160.8 163 165 166.9 167.9 168.7 170.6 171.4 171.4 171.2 171.2 170.3 169.7 168.7 168.9 167.9 166.2 162.1 157.9 160 159.5 160.6 164.9 167.2 169.1 169.4 168.5 164.6 170.2 173.6 175 175.5 175.4 177.1 179 180.3 181.2 182.6 185.5 185.2 185.7 186.3 187.4 187.9 189 189.9 190 189.1 188.4 188.3 188.6 185.3 189.9 189.5 188.9 187.6 186.4 185.1 183.5
148.2 151.3 153.2 154.8 155.1 154.3 154 154.4 154.3 153 152.2 152.1 152 152.9 153.3 153.9 155 156 157 158.8 160.9 162.2 164.3 166.1 167.5 169.1 170.5 171.4 171.4 170.2 167.3 166.9 168.6 169.7 168.9 165.4 159.3 161.8 166.2 163.9 162.4 168.1 171.6 173.5 173.9 173.3 172.4 175.8 179.7 179.8 179.9 179.6 181.8 183.2 184.3 187.5 189.9 190.1 190.3 190.9 191 191 191.7 191.7 192.7 192.9 192.7 192 191.9 191.2 190 193 192.5 192 190.8 189.5 188.5 184.6
148.3 150.8 153 153.8 154.2 153.3 152.7 153.1 152.9 151 150.6 150.4 150.2 150 150.4 150.9 152 153 153 154.9 156.3 157.4 159.1 160.8 162.6 165.1 167.3 168.2 168.3 165.8 161.5 160.2 162.7 164.4 164.1 162.5 163.8 170.1 171.8 170.3 170.5 174.7 176.4 177.8 177.9 176.9 175.9 179.2 182.5 182.7 184.3 185.5 186 187.3 190.2 193 193.5 193.8 193.1 193 192.8 193.8 194.4 194.9 195.4 195.6 195.8 195.6 195.4 194.7 195.7 195.4 195.2 194.9 194 193.1 191.9 187.8
146.2 148.9 150.7 151.3 151.6 150.8 149.7 150.2 149.3 147.9 148.3 148.2 148.3 147.2 147.5 147.9 148.7 148.6 149.2 150.5 151.9 152.7 153.9 155.7 157.2 159.3 160.8 161.9 162.1 159.8 158.2 162.2 161.7 160.9 164.3 167 172.5 177.2 177.7 176.8 174.4 178.1 179.2 179.6 179.9 179.5 179 181.5 184 185.4 188.3 189.7 190.3 192.7 194.7 195.9 196.3 196.3 195.2 194.7 196 196.6 197.1 197.7 198 197.9 198.1 198.7 198.8 198.6 198.4 198.6 198.4 198 197.1 195.2 193.5 192
144.1 147 148.1 148.8 149.1 148.2 147.1 144.8 144.6 144.2 145 145 146.2 145 146.1 147.4 149 151 151.2 151.9 150.7 151.3 152.6 152.8 153.4 154.3 155.4 156.5 156.5 162.4 167.3 172 173.1 167.6 174.9 176.8 177.7 181.5 181.1 180.1 179.2 181.1 181.5 182.4 183.3 184.2 183.8 184.6 186.8 190 192.6 193.6 195.1 196.3 197.5 198.7 199.1 199.8 198.9 198.2 199 199.7 200.1 200.4 200.6 199.9 201.3 201.5 201.7 201.9 198.1 202.1 201.7 201.3 200.6 198.7 195.9 195.1
139.5 141.9 144.8 145.1 144 143.9 140.4 138 136.3 135.9 139.2 142.8 147.3 151.4 153.6 154.9 156.2 156.9 157 158.7 160.5 161 161.3 159.7 155.8 161.3 164.1 164.5 166.6 171.1 175.1 179 179.2 174.7 179.5 181.6 180.5 184.2 184.5 183.7 182.9 184.2 185.3 186.2 187.1 188 189.3 190 191.1 194.5 196.5 197.1 198 199.1 200.3 201.5 202 202.5 202.3 200.8 202.2 202.4 202.6 202.8 202.5 203.2 204.2 204.5 204.7 204.4 197.5 205.2 205 204.6 203.6 201.3 198.7 199
133.5 136.8 139 139.7 135 133.9 142.6 146.2 149.1 151 152.3 151.7 156.5 157.3 160.3 161.3 162.3 162.7 163.7 165.8 167.8 169.9 170.7 168.9 162.7 168.8 172.3 174.9 177.1 179.8 182.4 184.6 182 178.2 182.3 183.8 181.4 185.8 186.7 186.8 187.2 187.8 188.7 189.6 190.4 191.3 192.8 194.4 195.9 197.8 199.3 200.1 201 202.1 203.2 204.3 205 205.1 205 203.4 204.5 204.7 205 204.4 204.4 205.2 206.5 207.4 207.8 206.9 200.5 208.5 208 207.5 204.9 203 202.2 202.8
128.3 130.8 133 127.7 128.6 140.8 148 151.5 154.2 155.8 156.5 156.6 158.8 161.1 162.6 164.2 164.8 165.1 166.4 169.1 171 172.9 174.1 172.8 169.6 174.7 176.8 178.5 180.8 183.7 185.8 186.2 182.7 180.9 183.5 186 185.5 187.5 188.9 189.9 190.6 190.7 191.8 192.9 193.7 194.6 196.3 197.9 198.5 200.2 201.9 203.1 204 205.1 206 206.4 207.5 207.6 207.2 204.8 206.1 207.1 207.1 207.2 207.3 208 208.5 209.2 210.1 209.5 209.3 210.4 210.3 209.6 207.1 205.4 205.6 206.6
120.3 124.3 121.6 117.2 137.6 143.8 148.3 151.5 155 157 158.3 158.5 160.5 162.4 163.9 165.6 167.1 167.4 167.6 170.7 173.8 175.9 176.8 175.4 174.4 176.9 178.8 180 181.2 183.9 184.9 185.2 183.1 183.9 185.7 187.6 186.7 189.5 190.8 192.5 194 194.2 194.5 195.7 197 198.1 198.8 199.1 200.4 202 203.8 205.8 206.4 206.9 207.3 208.3 209.7 210 209.6 206.8 207.4 208.7 209.9 210.4 210.5 211 211.5 211.9 212.2 212.1 211.8 212.9 212.7 212 210.7 210.1 209.8 210.4
107.6 110.3 118.9 128.3 135.6 140.8 145.7 149.3 153 156.5 158.1 159.8 161.7 163.7 165.3 167 168.7 169.8 169.9 171.4 174.5 177.7 177.2 176.2 176.4 177.9 179.2 180.6 182 183.1 183.8 185.3 186.6 187.8 189 189.9 190.7 190.1 193.5 194.4 195.4 196.4 197.5 198.1 198.3 199 199.9 200.6 202.4 203.9 205.6 206.5 207.7 208.2 208.7 210.3 211.8 211.9 210.3 209.1 209.1 210.4 212.1 212.8 213.6 214 214.4 214.7 214.7 214.7 214.2 215.5 215.4 214.8 215 214.8 214.9 214.5
116.2 124 124.3 128 132.2 137.9 141.9 145.2 149.8 154.6 157.2 159.6 162 164.4 166.7 168.4 170.1 171.8 171.6 171.1 174 177.3 176.9 176.6 177 177.8 179.1 180.4 182.3 183.2 185.6 187.7 189.9 190.8 192 192.7 193.4 193.5 194.3 195 195.9 196.8 197.2 197.6 198.1 198.8 200.5 202.5 204.1 205.2 206.1 207.3 208.8 209.6 210.5 211.6 212.3 212 211.8 212 211.4 212.1 213.6 215 215.7 216.9 217.2 217.2 217.4 217.7 218 218.5 218.4 218.9 219.2 219.3 218.9 218.6
117.6 126.2 127 126.7 130.8 134.9 138 141.4 146.9 152.1 156 159.2 161.6 164 166.6 169.5 171.4 173.1 173.5 172.8 173.4 175.8 177.6 178 178.5 179.1 180.6 182.4 184 184.7 187.7 190.6 192.3 193 193.4 193.7 194.1 194.7 195.5 195.8 196.3 196.1 196.4 196.9 198.9 200.1 201.1 202.9 203.8 205 205.6 207 207.9 208.6 209.1 210.4 211.5 212.3 213 213.9 214.1 214 215.9 217 219 218.8 220.1 220.2 220.3 220.5 220.8 221.2 221.4 222.4 223.1 223.3 222.9 222.7
108.9 118.8 123.5 125.2 128.9 131.8 134.5 139.4 144.7 150.1 154.6 158.4 161.2 163.6 166.1 169.1 171.7 174.4 174.8 174.1 173.5 175.7 178.3 180.1 181.3 182.1 183.5 185.2 186.3 187.6 189.9 193.1 194.6 194.6 194.8 195.1 195.2 195 195.1 195.9 196.1 196.4 197 199.8 202.4 203.3 203.2 204.9 205.4 206 206.6 207.4 208.2 209.8 211.2 212.7 214.2 213.9 214.9 216.1 217.2 217.7 219.9 220.7 221 221.1 222.6 222.7 222.9 223.2 223.5 223.8 224.5 225.5 226.5 227.3 227 226.7
97 107.2 113 119.2 126.6 128.9 132.3 137.3 142.8 148.2 153.4 157.1 160.7 163.1 165.7 168.4 170.6 173.5 176 175.7 175.1 177.6 179.4 181.2 183 184.3 185.5 187.5 189 190.6 192.2 193.9 195.3 195.6 195.3 195.6 195.2 195.5 195.8 196.7 198.1 199.3 200.4 203.6 205.6 206.2 206.7 207 207.6 208.2 209.2 210.2 211.5 213.4 214.8 215 216.4 217.8 218.4 219.5 220.5 221.3 222.3 223.3 224 224.5 225.1 225.4 225.7 226 226.3 226.6 227.6 228.6 229.8 230.7 231.1 230.8
90.2 94 100.2 110.1 119.3 126.3 130.1 134.9 140.9 146.3 151.5 155.9 159.6 162.7 165.2 167.4 169.6 172.4 175.2 176.4 176.7 178.6 180.5 182.3 184.1 185.8 187.4 188.4 189.5 190.8 190.8 192.9 194.4 194.8 193.9 195 196.8 198.7 198.7 199 201.1 203.3 206.4 208.1 208.6 209.1 208.3 209.3 209.9 211.2 212.2 213.1 215 217.1 218.1 217.7 219 220.3 221 221.5 222.1 223.6 224.6 225.5 226.4 227.1 227.8 227.9 228.1 228.4 228.7 229.2 230.8 232.3 233.4 234 234.2 234.6
88.7 90.5 92.8 100.8 112.7 122.4 127.5 132.4 138.3 144.2 149.6 154.7 158.7 161.5 164.7 166.9 168.7 171.4 174.2 177 177.8 179.1 180.6 182.5 184.3 186.2 187.8 188.8 189.3 189.3 189.3 191.2 193.2 194.2 194.4 197.2 198.6 198.8 199.9 203.1 206.1 208.6 209.6 210.2 210.4 209.6 211 211.4 212.8 215.2 216.8 218.6 219.4 220.5 220.8 221.1 221.8 223.1 222.8 223 224.4 225.9 226.9 227.8 228.7 229.5 230.6 230.9 231 231.1 231.2 231.4 233 234.6 236 236 236.3 236.4
