public/OST50/SD67.asc
ncols 200
nrows 200
xllcorner 360000
yllcorner 470000
cellsize 50
[rows 72 to 107 of 200, columns 81 to 161 of 200]
97.3 98.6 101 101.7 103 104.8 107.3 108.5 110.3 112.5 114.4 115.3 116.7 120.3 124.5 127.8 130.7 131.7 133.3 137.1 140.6 145 149 149.7 151.9 157.9 164.5 172.9 176.5 171.3 166.6 168.9 171.8 174.6 179.7 187.2 191.6 193.5 196.9 197.3 200.4 204.5 213.6 216.9 224 229.5 234.6 238.3 234.5 237.7 244.9 249.6 250 253.4 256.6 254.7 256.1 259.8 258.3 256.8 258.7 259.3 260.8 267 272.9 275.6 279.6 281.2 280.5 285.4 286 289.2 291 292 294.6 298 306.2 316.6 326.5 341.4 349.4
98 99.2 100.3 101.7 104.1 104.9 106.3 108 110 112.4 115.1 116.8 119.1 123.3 127.5 130.8 133.4 134.2 134.8 137.7 140.7 144.2 147.6 148.8 148.6 155.1 162.3 170.2 171.7 168.6 165.8 167.8 170.3 172.7 175 181.6 186.4 189 192.5 194.2 198.4 198.7 207.1 212 217.1 222.9 227.6 231.2 230.1 229.2 234.1 235.9 240.5 247.2 249.2 245.7 254.2 254.8 252.4 251.9 253.5 255.1 260.2 266.6 271.6 270 272.5 274.2 279.3 282.8 281.7 282.8 284.2 286.5 292.6 298.2 310 320.4 333.1 346.8 357.6
98.1 98.8 100.1 101.4 102.7 104.1 105.8 107.7 110.4 113.4 118.1 121.8 125.2 128 130.5 133.4 134.9 135.2 134.9 138.1 140.7 143.8 147.8 149.2 144.6 152.4 160 166.2 167.2 166.5 164.7 166.6 171.7 171.3 171.2 174.2 179.5 183.6 188 190.8 193.7 196.8 198.9 207.1 209.8 214.4 218.3 221.4 223 220.1 224.7 228.3 232.5 239.3 242.4 245.1 248.8 248 245.9 243.7 247.1 251.8 256.7 262.2 261.8 265.8 270.1 273.3 277.4 278.2 277.9 278.2 280 283.9 292.3 300.9 310 319.6 326.6 338.8 360.8
97.9 98.5 99.7 101 101.4 102.8 104.9 107.1 112 116.2 125.6 130.4 133.9 136.5 135.8 134.9 136.2 136.3 134.5 139.3 141.9 144.8 147 148.9 142.8 149.2 158.2 162.2 163.7 162.9 163.9 166.5 173.2 179.2 177.6 170.5 172.1 179.3 183.6 187.4 189.2 192.1 193.5 201.2 204.4 206.6 210.1 212.6 215 215 216.8 221.2 224.8 231.4 236.8 239.5 241.9 240.4 238.7 238.7 244.7 250.4 257 263.3 268 270.5 271.9 274.5 276.2 274.7 275.1 276.2 276.3 280 288.7 295.7 303.4 311.5 317.1 326.3 346.9
97.5 98.4 99.4 100.9 100.4 101.9 104.2 106 115 122.4 129 135.8 140.6 143.3 141.9 136.5 134.4 135 134.3 139.9 143.6 143.3 146.7 145.2 142.8 148.3 153.9 158.4 160.8 162.3 161.7 162.2 171.2 180 181 173.4 168.1 177.3 180.5 184 186.3 187.9 193.2 194.3 201.7 203.4 202.9 205.6 209 212.7 212.4 216.4 220 223.6 229.6 232.6 235.9 231.3 236.6 239.4 245.6 251.4 259.6 267.6 273.8 277 277.8 278 273.9 271.6 273.7 275.6 273.5 274 280.8 288.2 293.7 300.4 307.6 318.6 330.7
97.2 98.2 98.7 99.4 99.8 102 104.9 110.5 118.3 125 132.7 141.2 148.8 148.4 145.2 140.5 131.8 132.3 135.9 140.9 145.9 146.5 142.9 138.8 146.2 150.7 158.6 162.2 163.7 162.1 160.2 160.8 165.9 175.6 175.7 169.1 164.9 171.6 176.3 180.2 184.8 187.7 192.1 190.5 197.8 200.4 200.3 199.8 202.2 206.3 208.9 213.5 218.5 223.8 227.8 230.4 227.4 231.6 237.5 238.3 244.6 253.2 261.1 271.6 278.3 280.9 278.7 274.4 267.7 271.9 274.3 274.9 272.3 269.9 273.7 280.4 286.4 291 298 306 319.6
97.1 97.2 97.6 98.4 99.7 101.4 104.6 112 119.5 127.3 134.6 147.1 149.4 147.1 144.8 140.3 130.3 134 136.2 142.5 146.1 147 140.1 140.5 147.5 155.4 161.6 165.4 166.8 163.6 158.7 161.2 160.7 168.7 166.9 161.6 163.7 173.9 179.6 184.1 187.8 188.4 188.9 188.6 194.6 196.8 197.4 197 198 200 211.7 211 217.6 225.9 220.8 224.3 231.8 234.7 238.2 240.2 247.5 256.9 263.3 273.9 275.8 273 268.5 263.2 265.5 271.3 274.8 275.1 271.2 268 267.5 275.1 280.6 284.4 289.8 297.2 306.9
96.6 96.7 96.8 97.5 97.6 99.6 104.7 111.2 120.9 130.3 138.9 146.4 145.7 142.8 140.2 136.8 127.7 132.6 137.1 141.6 144.7 145.2 137.9 140.4 150.5 157.9 164.3 168.4 170 167 158 158.4 158.6 160.7 159.5 159.6 167.7 174.1 179.1 184.7 190.1 188.1 187.9 187.5 193.7 197.7 199.9 195.6 193.5 199.6 210.1 210.7 219 213.7 225 231.6 232.8 234.2 236.4 239.2 245.2 253.3 263.4 267.1 265.7 261.6 258.5 258.5 266 271.5 271.9 270.8 268.4 266.3 264.8 267.3 274 277.9 282.2 290.2 297.9
96.5 96.3 96.4 96.6 97 98.7 103.2 107.4 122 132 140.8 142.9 141.2 137.7 134.6 132 125.1 131.9 136.1 138.5 142.1 142.8 136.3 142.3 150.6 157.5 164.5 169 170.5 170 162.9 156.7 155.3 156.8 157.7 160.1 166.9 172 176.5 182.2 186 184.6 185.2 187.3 191.7 198.7 201.8 196.5 186.6 191.8 200.1 206.1 208 217.9 229.7 232.6 232 231.4 231.5 233.4 240.3 249.6 256.2 255 252.8 251.8 253.5 253.2 259.3 265.3 265.5 266.7 266.5 264.8 263.1 263.7 268.1 272.3 275.9 282.2 287.7
97.3 96.4 96.4 96.5 96.4 98.5 103.2 109.2 120.1 129.1 136.4 137.6 135.1 131.8 129.1 126.6 123.4 127.8 132.3 134.4 138.6 139.1 134.3 138.1 148.1 154.8 160.6 165.7 168.2 168.6 164.9 158.7 153.1 155.8 156.5 159.3 164.5 169.4 172.9 177.2 179.3 179.7 180.7 185.2 186.2 192.3 195.9 186.2 189.3 193.7 198.6 205.1 213.4 224.3 231.1 234.5 234.3 231.2 229.7 230.5 235.3 243.6 242.4 242.1 244.6 245.6 248.2 252.4 258.2 263.6 266.8 268.9 269 266.5 263.5 261.1 261.1 263.2 269.7 273.1 278.2
98.3 97.4 96.5 96.5 96.2 97.6 104.6 110.9 116 124.6 131.1 132.1 130.8 128.8 127.1 126.3 121.7 123.9 127 129.4 134.1 134.8 131.9 134.2 142.7 148.2 153.4 158.4 163.4 164.8 163.7 157.8 154.3 155.6 155.3 156.8 160.3 164.2 165.3 168.9 171.9 175.3 176.6 180.3 182.9 185.7 185.4 178.1 187.9 191.3 199.4 205.8 215.4 223.2 228.3 232.2 230.8 227.6 226.9 225.7 229.5 229.9 233.7 233.8 241 246.2 253.7 257.3 262.4 268.7 273.4 274.1 273.4 269.2 267.6 264.3 259.2 259.1 264.6 267.4 272.2
100.9 98.9 97.6 97.2 96.9 98 104.6 110.9 113.4 120.2 125.5 127.4 127.8 127.4 126.8 125.2 120.9 120.1 122 125 129.4 133.4 131 130.9 136.1 142.3 147.2 151.4 156.3 158.5 158.2 153.4 151.8 154.1 151.8 152.4 152.9 154 155.7 158.8 163.6 168.4 172.1 175.6 179.6 173.9 177.4 184.7 191 190.5 193.7 199.1 206 215 220.5 225.6 224.7 222 222.2 222 224.8 226.6 229.3 238.1 244.4 247.4 248.1 251.1 259.4 268.6 273.8 273.8 274.7 272.7 268.2 261.5 258.2 257.8 257.5 261.9 268.8
105.1 104 102.2 97.8 97 97.3 105.3 111.2 111.2 117.2 120.7 123.2 125.1 125.3 124.3 123.1 120.1 118.6 119 120.5 125.7 134 130.1 129.5 130.7 134.2 141.2 145.3 149.1 151.3 150.7 148.3 146.7 143.8 148 149.4 156 163.2 168.8 170.1 165.3 162.9 166.9 168.2 173.7 174.9 180.2 187.7 191.8 190.5 194.2 197.8 199.4 206.7 214.7 218.7 219.7 218.7 219.5 220.4 222.6 225.9 233.7 237.9 240.2 240.2 241.4 249.2 258.6 264.4 266.2 268.5 271.2 269.3 265.8 260 258 257.2 256.3 256.5 265.2
108.4 108.3 106.3 98 96.1 97.5 105 108.4 109.1 113.9 116.6 119.7 121.7 123.3 123.3 122.3 120.1 118 118.3 119.5 121.5 127 129.5 128.8 129 132.5 135.9 137.7 141.6 144.8 145.7 144 141.8 145.3 150.1 155.1 161.8 166.9 171 172 170.9 169.3 170.4 174.4 174.7 182.9 178.8 188.1 191.6 187.7 191.2 199.2 199.7 199.5 204.8 213.4 214.6 213.4 216.3 221.1 224.4 229.3 233.4 235.1 235.3 236.8 242.3 249.2 253.7 258.1 260.7 263.6 266.5 265.5 263.7 262 258.8 256.9 255.4 255.9 261.1
109.3 107.8 105.1 99.2 98.8 96.5 100.4 103.9 107.6 111.6 113.9 116.4 118.8 120.9 122.6 122 118.8 116.8 117 119.1 120.6 123.8 128.6 128.3 128.4 130.1 134.1 137.4 139.3 137.2 138.1 139.5 142.2 148.7 151.4 155.6 160.6 164.8 166.7 167.8 168.4 170.3 168.7 172.6 180.4 184.8 181.6 186.1 191.6 186.5 194.6 202.1 206.6 201.4 199.6 210.2 209.1 207.4 215.7 220.5 228.2 228.9 231.6 232.3 233.9 234.9 240.9 245.6 248.9 252.3 256.5 259.3 261.6 261.6 261.5 262.1 261.3 261.8 255.5 255.3 256.4
107.3 105.4 102.7 97.6 94.2 99.7 99.1 101.4 102.6 107.7 109.4 112.7 115.4 117.8 120.1 118.6 116.6 116.7 117.5 119 120.8 124 128.9 127.2 128.7 129.6 131.5 135.4 134.9 136.5 138.5 140.7 146.1 148.8 150.5 153.1 156.4 158.9 160.5 161.9 164 166.3 164.3 169.7 175.8 180.2 183.4 182.8 188.9 184 195.7 203 205.4 204.7 197.8 208.8 204.9 209 216.5 221.9 223.9 228.5 230.7 230.8 233.6 233.6 236.9 242.1 245.8 248.7 254.2 256.6 257.5 259 260.9 262.4 262.7 263.3 258.4 253.3 253.1
103.5 102.2 100.1 96.8 94.3 92.5 99.7 99.4 100.3 102.4 104.9 109 112.4 114.2 115.3 115.4 114.8 115.6 117.2 119.2 121.3 123.6 126.7 127.8 128.3 129.4 131.5 132.6 132.8 135.8 140.3 141.5 145.1 147.9 149.5 150.6 151.6 153.4 155.6 157.3 159.9 161.6 161.3 165.8 169 174.4 179.5 175 180.9 183.5 191.7 199.6 201.7 202.9 194.9 201.9 200.9 208.6 212.9 213.1 222.2 228.1 227.8 228.7 231.6 231.8 235.8 240.8 245.9 250.8 253.8 254.8 256.8 260.7 263.8 266.3 265.6 263.3 260.2 254.2 250.3
99.9 99.4 97.4 94.4 92.7 91.4 92.7 99.4 96.6 97.6 100.1 105.1 108.5 111.6 113.1 113.3 111.8 114.8 117 118.9 124.4 128.8 133 134.1 132.9 130.7 131 131.7 132.6 137.3 142.3 144.1 145.8 147.4 148.7 149.6 149.7 149.1 151.5 154.8 157.3 158.8 160.5 163.7 164 169.1 174.6 173.8 175.6 181.5 186.7 192.7 197.2 202.5 190.7 196.3 194.3 199.4 202.7 208.9 217 221.5 226.1 227.3 227.6 230.5 234.7 242.6 248.4 250.8 251.1 253.3 255.3 260.1 264.4 267 264.9 261.2 258.7 254.2 248.8
97 96.5 95.1 93.4 90.4 90.6 92.4 93.8 99 96.9 98.8 101.9 103.4 105.3 107.7 112.1 114.3 115.8 118.6 121 127.5 134.1 137.9 139.5 138.8 135.1 129.9 130 132.4 135.1 140.4 144 148 152.1 153.3 153.2 151.6 149.4 148.8 153.1 156 158.6 161.2 161.8 161.9 162.4 168.2 170.2 172.3 176.2 181 185.3 194 192 186.8 186.7 188.2 192.3 197.9 208 218.1 222.6 224 226 226.1 231.3 239.1 244.6 246.4 247.5 250.7 251.4 252.1 257.1 262.6 266.1 262.4 258.9 257.2 255.3 246.9
93.7 94.4 93.6 92 89.8 89.9 91.3 93.1 96.1 98.4 98.7 100.1 103.4 107.5 111.3 113.1 115.4 117.1 119.2 123.7 129.9 137.3 140 140.3 138.7 135.9 128.7 129.1 131.1 135.4 138.6 143.2 146.2 152 155.1 155.3 154.8 153.6 148.5 153.5 157.9 159.7 159.9 157.9 158.2 159.2 162.5 166 168.3 171.3 175.6 180.1 186.3 186.9 184.6 184.2 184.9 191.2 197 205.2 213.8 218.4 222.3 221.6 224.7 232.7 236.8 238.2 239.4 244.5 247.6 246.5 246.7 251.7 258.8 262.7 260.2 257.2 255.3 254.2 245.1
90.7 91.8 91.4 90.8 89.1 89.1 90.4 95.2 97.2 99.2 99.7 100.5 103.7 106.8 110.9 113.2 116 117.5 119 122 130.4 137.2 138.8 138.3 135.8 132.4 127.5 127.3 128.1 130.4 136.5 141.3 144.5 146.8 150.7 151.9 152.6 151.8 147.8 156.7 159.5 160.2 157 155.4 156.4 159.1 161.4 164.1 166.2 168.5 171.2 175.2 181.2 185.3 184.3 181.9 182.7 191.5 197.2 201.2 205.1 210.9 214.4 216.9 222.7 227.4 230.3 231.2 233.4 239.6 240.7 239.7 241.6 247.1 255.7 259.6 258.3 254.6 243.5 246.4 253.8
88.1 90.2 90.3 89.7 88.7 88.6 91.4 95 96.9 98.5 100.7 101.7 103.9 107.4 110.7 113.4 114.9 115.8 118.3 120.9 129.3 133.9 136.2 135.7 133.3 127.9 126.5 125.8 126 125.7 131.5 137 139.7 139.5 144.8 147 147.5 144.7 150.6 154.6 156.7 158.1 157.8 155.6 155.5 159 162.4 163.9 165.4 166.3 168.2 170.6 175.6 182.7 183.4 179.4 181.4 190 195.1 197.3 199.2 202.5 204.2 209.9 215.6 220.6 223.2 222.7 224.5 230.1 233 234.4 237.3 243.8 251.3 252 252.2 241.8 248 255 257.1
88.3 90 89.6 88.4 88.1 88.8 91.3 94.7 96.4 98 100.9 102.7 104.7 107.4 110.4 112.9 114.6 115.2 116.8 119.3 125.4 129.1 131.7 133 131 124.9 124.7 123.8 127.1 127.3 127.4 128.5 131.5 138.9 141.4 142.1 143.6 142.8 147.1 150.2 152.8 155.7 157.7 158.2 155.8 160.8 164.1 164.2 164.9 164.2 166.6 168.5 170.8 173.6 176.6 177.4 183.4 190.1 192.2 193.7 194.6 195.2 196.7 202.4 209.1 214.8 216.3 216.7 219.1 223.7 226.7 228.5 232.8 238.8 243.7 243.9 234.3 241.7 253.3 258.3 261.3
89.1 89.6 89.2 88.2 88.2 89.3 90.9 94.6 96.4 98.5 100.4 103 105.5 107.5 108.5 110.2 112.5 112.9 114.8 117.6 120.5 123.7 127.3 129.7 128 122.6 122.6 123.5 130.1 128.7 127.5 127.6 129.4 135.6 139.8 140.6 140.7 140.2 142.8 146.6 150.1 153.7 156.5 158.8 153.9 159.9 162.6 162.9 164.4 163.5 166.7 168.1 169.6 171 175.3 175.9 181.4 187.6 189.7 190.3 190.8 190.5 192.8 198.5 203.7 207.9 209.9 211.5 214.4 218.8 222.2 224.8 227.8 231.7 235.3 229.7 242.3 249.1 252.3 256.7 259.9
90.2 90.7 89.1 88.6 89.2 90.2 91 94.2 96.3 98.6 100.8 102.4 105.3 106.9 107.5 108.8 110.8 110.9 113 115.2 118.1 119.6 123.1 126.2 125.4 120.9 119.1 127.7 132 132.1 129.1 127.8 130.6 132.4 136.6 141.7 139.6 137.8 138.2 142.6 146.2 148.1 150.3 153.2 148.4 157.3 159.1 161.2 162.7 161.8 165.1 166.7 168.2 170.5 173.4 173.6 176.1 184.3 186 187.3 188.1 188.4 191.7 194 197.9 201.3 203.6 207.7 211.5 216.1 219.1 220.1 221 219.5 219.6 236.5 244.5 247.6 245.5 252.1 258.8
90.4 90.8 88.9 88.6 90.8 91.9 92.2 94.5 95.8 99.1 101.9 103 104.3 106.1 106.9 108.2 109.3 109.5 110.4 112.3 115.4 118.2 119.3 119.9 120.4 116.9 121.9 129.6 132.7 133.1 129 129.4 133 133 135.9 134.9 137.3 138.9 137.7 140.7 141.7 142.7 144 145.8 144.5 150.4 154 158.9 161.3 160.4 161.6 164.1 166.7 171 171.9 171.4 174.4 182 184.1 185.2 185.9 188.4 190.1 191.2 193.3 196.6 199.6 204.8 209.1 213.9 216.4 212.3 207.8 212.9 228.2 238.7 245.6 243.5 241.3 248.1 257.1
89.8 90.2 87.1 89.9 92.7 93.9 95 97 98.1 103 105.6 106 106 104.2 104.6 106.8 107.1 108.3 108.6 110.6 113.5 116 118 118.2 117.8 118.1 122.8 128.6 130.9 131.7 127.5 128.9 132.6 132.5 136.6 140.8 142.9 143.3 142 140.7 140.2 139.8 139.7 140.1 139.8 143.3 149.8 156 160.5 159 159.8 162.9 165.1 170.2 170.1 169.9 171.8 178.1 181.7 184 185.5 187.3 188.2 189.5 191 193.1 196 201.9 207.7 211.7 211.4 203.7 204.9 219 231 238.2 242.3 241.4 239.9 247.1 250.2
87.8 86.7 86.6 90.6 93.2 95.6 98.2 100.8 104.3 108.2 110 108.8 108.7 106.3 103.9 104.2 105.2 107 107.8 108.4 112.7 114.7 118.3 116.2 114.7 117.2 118.8 124.2 126.8 128.1 126 126 128.6 135.1 144.5 147.3 148.8 148.3 147.1 145.9 144 142.4 139.4 137.4 137.5 139.5 144.2 152.4 154.5 156.3 158.5 162.3 164.6 167.9 168.3 168 170.3 178.6 182.9 185.2 185.9 186.8 186.6 188 189.1 190.5 193.3 201 207.4 211.4 210.9 200.8 204.1 217.7 227 233.9 238.8 239.3 238.4 241.6 240.2
84.1 86.8 88.6 91.2 95.1 98.1 102.4 108.3 113.7 117.7 119 116.8 111.6 107.9 104.3 103.2 104.1 105.5 107 108.6 109 111.9 116.2 114 115.5 116.2 117.9 120.1 122.5 122.4 123.3 125.3 132 140.5 147.5 149.8 149.8 148.9 148 148 148 147.8 146.7 143.4 136.5 140 145.4 152.2 156.3 156.7 157.3 159.5 161.4 165.5 166.1 165.5 168.2 176.5 181 184.6 185.9 185.4 185.7 186.2 186.8 189.1 193.7 200.3 206.1 210 207.4 195.1 201.5 213.9 220.8 228.7 232.9 232.3 234.4 233.7 232
85.3 87.8 89.5 92.7 96.9 101.5 109.4 117 122.7 124.8 124.5 121.4 115 106.8 103.3 102.5 103.6 105.3 106.2 106.9 108.7 110.5 111.3 113.7 114.8 115.4 119.2 122.5 122.2 121.6 122.3 125.9 134.6 141.6 144.3 144.6 144.7 145.4 145.1 144.9 145.3 146 147.8 147.7 137.9 141.5 152.8 159.4 158.5 157 156.3 158 159.6 162.2 163.1 164.2 167.3 173.9 176.6 180.5 182.5 182.7 184 182.6 185.4 189.1 193.9 199 203.7 204.9 200.2 192.7 200.1 210.3 216.2 221.4 222.8 224.6 225.4 224.3 223.5
86.2 89.1 90.9 95.2 98.9 106 113.5 120.2 125.2 126.1 124.6 120.5 111.8 104.8 101 101.4 103.3 104.8 108.5 112.2 113.5 112.9 110.8 113.5 114.2 120.2 123.6 125.6 124.9 121.3 122.9 124.7 131.6 135.4 136.5 136.9 137.4 138.7 139.4 139.1 139.8 140.9 141.9 143.2 135.9 141.9 152 157.1 156.2 155.1 155.7 157.5 158.6 159.9 161.6 163.8 165 169.5 172.9 176.9 178.5 178.9 180.4 178.9 182.7 188.1 192.2 194.6 197 198.6 194.4 187.8 198.6 205.9 209 212.2 214.2 215.1 214 212.6 214.5
88.4 90.5 91.5 95.5 99.1 104.3 111.4 117.7 121.1 121.7 120.2 115.5 107.7 101.1 100 101 102.4 105.4 110 115 118.3 120.7 117.2 113.3 114.7 121.9 125.9 127.7 126.2 121.3 119.2 122.4 125.1 128.4 128.3 129.8 130.1 131.6 132.6 133.6 135.7 136.7 133.7 131.7 135.2 145 147.6 154.2 155.6 154.2 155.9 157.3 158.9 161.6 162.4 164.2 165.3 165.3 170.8 173.9 174.6 175 175.9 175.9 179.1 183.2 186.3 187.5 189.3 190.9 189.3 184.9 196.3 201.3 202.2 204.3 206.1 205.7 204.1 204.3 206.9
87.8 90.8 91.1 93.2 95.2 99.2 104.5 110.1 113.9 115.2 113.4 109.3 102.2 97.7 99.3 100.9 105 108.9 114.8 119.9 123.1 126.3 125.4 114 112.9 120.2 123.8 124.9 123.4 119.2 118.3 120.2 123 123.6 123.8 124.6 124.4 126 127.4 129.5 131.4 131.2 130.4 132.8 138.6 142.4 146 151.7 155.9 153.5 155.8 156 160.9 162.2 162.3 162.5 162.6 167.8 170.1 171.5 172 171.3 170.8 173.4 175 178.4 180.1 180.8 183.2 186 179.5 183.7 194.1 197.4 197.7 197.4 198 197.5 198.5 198.9 205.8
84.5 87.9 88.8 89.8 90.4 92.6 96 100.4 104.6 107.3 106.6 103.4 96.5 96.9 99.7 105 109.2 115.3 119.9 124.5 127.4 129 123.4 115 111.5 116.3 118.1 119.3 117.3 116.1 117.8 119 120.5 120.6 121.8 123.1 123.5 124 125.4 126.3 127.6 130.5 134.7 138.8 139.7 139.1 142.3 146.9 152.4 152.4 153 156.4 159.6 160.8 160.6 160.2 164.8 168.3 169.3 170.2 169.9 167.6 168.2 170.2 171.7 173.8 175.5 176.6 177.9 176.6 176.1 186 189.8 190.9 191.2 191.6 191.6 191 193.8 198 204.4
81.4 83.9 81.4 84.3 85.4 86.4 88.4 91.9 95.9 99.1 99.7 98.6 95.5 97.8 102.6 107.1 112.3 118 123.5 127.7 128.9 127.9 123.2 114.6 110.8 112 112.2 113.1 113.7 114.7 116.2 118.3 118.9 119.8 121.3 122.7 125.4 127.7 128 128.2 132.3 138.8 142.8 144.8 144.5 146.3 148.8 151.7 150.1 150.8 153.3 155.4 158.6 158 157.3 160.6 168.1 169.1 169.2 168.8 167.7 164.3 165.4 167.3 168.5 170.2 171.9 172.4 169.8 172.1 179.9 184.8 185.7 184.9 182.5 183.2 185.9 188.5 192.9 194.1 198.2
76.9 78.8 80 81.2 82.1 82.9 85.2 86.8 91.1 95.6 96.1 95.7 93.8 98.3 102.4 106.7 111 116 121 124.2 126.2 126.5 122.2 113.3 110 111.8 111.1 111.8 112.8 114.2 115.7 117.5 118.7 121.9 122 127.3 132 135.3 137.1 133.9 134.3 140.9 143.6 145.1 145.8 151.2 156.9 160 154.5 150.4 155.3 156 157.1 155.7 155.7 162.4 167.8 168.5 168.1 166.4 165.3 161.9 163.3 165.1 166.3 167.6 169.3 167.3 167.3 175.6 179.6 181.5 181.8 180.9 178.1 179 181.2 183.9 188.4 190.4 191.6
