public/OST50/SD67.asc
ncols 200
nrows 200
xllcorner 360000
yllcorner 470000
cellsize 50
[rows 0 to 35 of 200, columns 0 to 80 of 200]
96.7 97.3 102.6 110.2 113.3 102.9 88.2 76.3 70.5 69.2 67.1 65.4 63.1 65.9 69.2 62.6 51 51.1 52.4 52.6 53 53.3 53.9 53.9 52.7 52.7 53.7 53.3 52.5 51.8 51.4 53.8 54.6 55.1 55.2 52 45.1 45.5 44.2 48.3 78.8 86.7 92.4 96.4 94.4 87.8 87.9 89.7 94.4 98.9 104.3 104.4 100.1 100 100.9 106 105.9 105.7 108.2 110.3 116.6 120 122.9 126.6 130.6 133.3 138.8 145.3 155.6 163.1 163.6 155.9 170.1 184.3 198.9 214 228.4 239.9 242.8 243.2 256
93.4 94.8 99.9 108.6 112.5 101.7 87.4 81 72.8 69.9 68.6 66.9 65.3 64.5 69.3 57.3 50.9 52.3 52 52.3 52.7 53.3 53.5 53.8 54.3 54.2 52.7 53.4 53.8 53.4 51.9 51.8 54.1 54.8 55.3 54.2 49.1 42.5 44.1 53.8 77.4 84.9 90.7 92.3 88.4 89.9 92.8 93.3 95 97.8 102.3 100 100 103.4 106.1 101.5 102.7 104.2 106.8 111.2 117.4 120.2 123.3 128.2 133 133.9 139.1 144.6 154.4 160.4 156.2 157.9 172.4 184.9 201.1 214.8 228.1 237.4 238.6 239.3 250.4
91.1 92.6 98.2 106.4 107.6 99.3 88.6 83.2 75.8 73.2 70.3 67.7 67.1 64.1 63 54.8 51.1 52.8 52.3 51.9 52.5 53.1 53.1 53.5 54.1 54.3 57.8 54.5 53.9 53.9 54 52.1 53.1 53.9 54.6 55.4 51.7 45.7 42.5 60.2 75.3 82.2 86.6 87.1 87.6 94.6 93.6 93.2 95.1 96.1 94.1 95.5 102.8 107.9 110.7 105.4 105.1 105.1 107.6 110.5 118 119.7 123.7 130.7 135.3 135.4 138.7 144.4 152.3 156.7 151.8 158 174 187.5 204.5 217.9 225.1 231.7 232.4 235.7 243.6
89.2 90.3 95.1 103.8 104.7 97.7 90.2 83.9 81.1 77.2 73.2 69.5 68.1 67 64.1 55.6 51.9 51.9 51.7 51.1 51.7 53 52.9 53.1 53.6 56 59.5 60 58.4 55.5 54.1 54.2 52.5 54.1 54.5 55.4 52.3 46.8 42 67.6 75.6 79.8 83.4 82.1 89.7 93.6 93.1 93.3 94.5 92.1 93.5 100 104.6 112.1 112.7 106.2 105.8 106.6 105.8 109.6 116.8 118.2 124 132.4 136.9 137 139.1 144.1 151.5 153.3 150.7 157.6 174 192.8 208.2 218.5 219.8 224.9 228.4 231.7 239.2
88.6 88.6 93.5 101.2 104.1 97.5 90.6 89.2 87.4 82.2 76.8 72.7 69.7 68.3 67.8 60.8 51.1 50.8 51.4 51.3 50.8 52.1 52.6 52.6 52.8 55.6 60.8 61.5 61.9 60.6 61.1 59 52.5 53.8 54.3 54.3 51.1 44.9 42.7 72.2 77.2 77.6 76.1 84.7 91.1 92.6 93 91.8 92.3 89.9 95.7 101.2 106.8 113.7 113.6 108.1 107 106.8 106.2 108.8 114.3 117.7 124.4 131.2 138 138.2 140.1 143.2 149.1 149.6 150.3 159.3 177.4 194.3 207.5 215 215 219.4 225.4 228.9 236.9
87.9 87.6 91.9 99.1 101.9 96.5 93.2 95.2 93.4 89 82.7 75.5 70.8 69.6 67.7 65.1 51.4 50.4 50.9 51.4 50.5 50.3 51.2 51.5 52.5 53.6 59.7 61.5 61.5 60.1 64.5 57 49.6 50 51.6 52.3 48.4 42.8 50.4 70 68.2 68.6 72 77.6 87 88.6 87.8 86.9 85.8 87.6 96.8 101.9 107.3 113.2 114.3 109 107.5 109 106.7 107.8 113.3 118.9 124.6 129.8 137.8 138.8 140.7 142.7 145 146.1 151.7 159 178.1 193.6 203.9 209 208.4 213.4 223.6 228.3 237.4
88.5 87.3 90.3 97.2 99.6 95.9 99.3 101.5 99.2 94.6 87.9 81 72.6 70.6 68.1 65.2 52.8 51.5 49.8 50.9 50.9 50.6 50.4 49.9 50.1 49.6 49.9 52.3 58 55.3 48.8 49.1 49.2 49.5 49.3 48.8 42.2 45.6 59 65.7 71.5 74.6 79.2 80.1 83.1 81.7 82.3 84 89.4 93.3 97 102.1 106.8 114.7 115.7 110.1 107.7 109.2 107.7 107.8 116 119.8 124.3 129.1 137.4 138.9 139.3 141.4 143.2 147.8 153.6 160.1 177.6 190.9 199.3 203.3 203 209.5 221.7 228.6 238.6
89.6 87.2 89.8 94.8 96.3 95.4 103.6 105.5 103.3 97.6 89.9 83.3 73.8 71.4 68.3 59.7 58.5 54.4 49.1 48.6 48.6 50.2 50.4 50 49.9 49.6 49.1 48.1 48.2 48.1 48.3 48.7 48.8 49 46.3 42.1 43.3 57.6 68.1 73.8 78.5 82.4 80.3 81.8 92.4 96.9 95 92.3 94.1 95.8 97.4 102 107 114.4 116.1 111.7 107.9 109 108.1 109.9 117.4 119.7 123.8 129 136.2 138.1 138.3 140.1 143.8 150.9 152.6 157.1 176 189 193.6 193.9 197.7 205.8 217.4 228 238.6
90.5 87.7 88.9 92.9 92.8 97.2 103.9 105.8 103.9 99.4 90.3 83.7 77.4 71.7 68.5 67 68 65.8 59.6 51.2 48.2 47.6 47.2 48.6 50 49.5 47.4 48.3 48.5 48.7 49.1 48.9 48.9 45.6 41.9 42.6 52.4 63.8 71.2 76 84.9 88.3 81.1 80.5 90.2 96.5 96.7 96 97 97.7 99.4 102.8 107.4 113.5 115.3 112.4 109.5 109.7 109.2 111.7 117.8 120 123.3 129.6 136.5 137.8 137.6 139 143 148.7 151.7 157.7 173.5 186.2 189.1 187.3 195.1 204.1 213.4 227.3 238.4
90.7 88.6 87.3 91.3 90.7 97.5 104.4 104.3 102.3 98 91.1 83.6 76.4 71.2 69.8 67.9 68.2 68.5 68.9 66.9 57.7 50.1 48.1 47.3 46.5 47.5 47.6 48.4 48.6 48 48 48.4 45.7 41.9 42.9 48.5 53.2 64.8 72.3 77.2 85.5 89.3 80.9 80.1 86 93.1 94.2 96.5 99.1 99.9 99.9 102.1 106.3 111.8 113.9 111.1 109.9 110.2 110 113.1 119 121.8 123.7 129.3 135.9 137.2 137.1 138.7 142.9 148 151.6 157.9 170.5 181.8 183.3 183 191.4 202.7 212.3 225.3 237
91.8 90.7 85.6 89.8 89.3 97.5 102.8 101.3 99.6 95.2 90.1 82.8 75.1 71.9 69.4 69.1 68.5 71.1 68.8 67.9 67.3 63 57.6 52.9 49.6 46.6 48 47.4 47.6 48 48.6 44.8 41.6 44.2 48.7 48.1 48.4 63.7 71.8 76.7 83.9 88 81 79 84.4 90.3 94.5 96.4 98.8 98.6 98.3 101.9 105.1 110.6 112.7 110.9 110.1 111.9 111.1 115 120.9 123.7 124.7 128.3 135.4 136.5 136.6 137.9 140.8 147.4 150.7 154.6 166.8 175 177.8 179.3 187.7 203.1 213.2 225.4 235.7
92.2 90.8 84.3 88.1 87.6 96.6 100 98 95.8 92.1 87.5 81.4 73.1 70.1 65.7 72 74 74.7 72.4 71.4 68.9 67.1 62.6 60.7 56.1 47.6 47 47.7 47.8 48 43.1 41 45.1 48.7 48.2 47 49.6 63.3 71.5 75 81.8 85.2 79.5 78.9 85.9 91 93.6 97.9 97.8 98.3 100.8 103.4 106.9 109.9 112.8 109.9 110.4 113 113.3 117.2 121.8 125.2 126.1 127.8 134.3 135.4 135.8 137.4 141.1 146.7 150 154.2 162.2 170.7 173.5 174.2 188.2 202.3 215 225.6 235
92 89.7 83.7 86.7 86.2 95.2 96.1 93.8 91.2 88.4 84.2 79.1 72.9 65.1 68.2 72.1 78.3 78.2 72.9 72 71.6 68.7 54.1 55.7 53.2 46.8 47.6 47.7 47.7 41.4 41.7 45.2 48.3 48.4 47.6 47.3 50 65 71.3 72.9 78.6 81.3 78 79.1 85.6 91.4 92.6 95.2 96.6 99.4 103.2 106.3 109 109.4 111.4 107.7 113.5 115.7 114.7 118.6 123.7 126.3 127.3 128.7 135 135.4 135.7 137.4 140.6 145.3 148.8 151.3 159.6 165.2 168.7 171.8 188.3 203.5 216.1 224.4 234
91.6 88.4 82.5 85.2 86.6 92.4 91.9 89.8 87.7 84.4 81.2 77.4 70.4 66.1 69.4 72.9 79.9 81 73.4 71.6 71.4 70.5 64 58 49.5 47.2 47.4 45.6 41.4 41.8 45.5 47.7 47.9 48 48 47.1 52.8 65.9 69.9 71.1 77.8 81.3 78.5 80.5 83.2 88.8 91.3 90.9 95.6 98.7 103.4 106.9 108.8 107.1 108 106.9 116.7 118.9 116.4 119.2 124.6 128.4 129.7 129.7 134.1 135.5 134.9 136.2 140.1 143.8 145.8 147.4 153.4 159.1 164.3 171.8 191.3 205.9 216.8 223.5 232.6
90.8 87.2 81.6 83.4 85.3 89.2 88.1 85.9 84.1 80.8 78.3 75.4 71.8 66.7 69.6 73.3 80.1 81.7 74.4 70.6 70.8 70.3 65 53.8 44.9 46 44.7 41 42.8 45.5 47.5 47.5 47.4 47.1 46.8 46.1 55.3 69 69.5 71.4 78.4 82.2 78.1 78.9 80.4 85.6 88.3 90.1 93.3 96.4 101 104.7 106.6 105.3 106.3 106 116.7 120.6 118.4 119.9 125.8 130.2 132.6 130.5 132.9 134.5 134.1 135.4 138 140.8 142.7 146.1 149.5 155.3 161.8 173.5 193.8 207.5 216.7 223.6 231.9
87.6 85.1 80.6 82.2 83.9 86.1 84.5 82.5 80.5 78.1 75.1 72.7 70.4 66.9 69.1 74.5 80.7 82.6 75.8 70.3 69.8 67.2 56.6 44.3 44.1 44 41 42.3 44.8 47.6 47.1 47.1 46.9 46.9 46.1 46.6 63 68.4 69.1 70.5 77.3 81.1 77.4 75.8 77.1 81.5 86.3 88.8 91.3 93.9 97.2 101.5 103.1 101.7 103.6 108.3 115.3 120.2 120.3 121.4 125.7 130.8 133.4 130.6 131.6 132.8 132.7 133.3 135.1 137.9 141.8 144.4 147.6 151.8 161.9 176.8 192 209.4 215.2 222.3 228.5
82.5 82.4 80.7 81.2 83.2 82.6 80.9 78.8 75.8 72.4 71.4 70.9 70.4 71.1 68.2 75.3 81.2 82.8 76.6 69.8 69 59.7 45.3 44 41.8 40.7 43.5 46.5 47.3 46.9 46.8 46.8 46.4 46.7 45.2 55.5 63.9 67.9 68.5 69.5 75.3 78.7 75.3 76.9 80.9 85.7 92 89.6 90 93.3 95.7 98.2 99 100.7 104.4 109.9 113.9 120.2 122.5 122 124.8 129.7 133.4 130.3 130 131.3 131 131.7 133.6 136.1 139.9 142.4 144.7 149.3 161 178.3 196.3 208.8 210.1 218.8 224
77.1 80 81.3 80.8 81.9 80.5 78.5 75.3 74.8 74.3 73.2 71.4 71.1 70.5 68.1 74.1 80.5 82.3 76.1 69.2 65.3 50.2 41.9 40.8 41 46.6 46.7 46.8 46.7 46.4 46.4 46.4 46.2 45.8 45.9 61.9 63.3 67.8 67.6 68.3 71.1 73.5 75.3 80.4 86.3 88.3 94.4 94.9 92.8 91.4 93.1 95.7 98.8 101.3 103.2 108.3 111 119 123.5 121.9 123.6 127.9 131.9 130 128.5 129.4 129.7 130.9 132.8 134.6 137.4 139.4 141.9 150.3 160.6 181.3 200 203.7 204.1 213.7 217.9
75.9 75.9 77.6 76.2 78 77.6 76.1 75.2 75.5 73.8 71.9 71 69.3 69.1 69 72 78.8 80.8 75.8 69.2 64 48.7 40.8 43.2 45.7 46.3 46.4 46.4 46.2 46 45.9 45.9 46 44.6 47.9 60.9 63 67.1 67.1 68.7 74.9 78.3 77.9 83.9 89.2 91.9 97.6 98 96.9 94.7 95.5 95.5 99.7 103.8 101.8 106.2 109 118.8 124 120.6 122 125.9 129.3 129.5 127.4 128.4 128.8 129.4 131.3 133.5 135 137.7 141.2 151.3 162 179.7 193.8 196.5 198.8 206.7 214
85.1 80.2 75.9 76.5 76.9 77.4 75.1 74.4 74.2 72.6 72.7 74.9 79.5 77.1 73.5 71.6 74.8 80.2 75.9 70.1 64.1 57.6 40.4 42.9 45 45.3 46 45.9 46.1 45.9 45.6 45.7 45.7 44.7 50.5 59.9 63.9 66.7 66.9 71.5 76.8 80.2 78.2 83.8 89.7 94.1 97.3 98.7 97.4 97.1 97.3 94.7 99.9 102.7 100.6 103.6 107.4 118 123.9 119.9 120.9 123.6 127.7 128.5 126.7 127 127.9 128.1 129.2 132 132.8 136.3 142.1 152 161.6 172.2 190 190.9 192.3 199 211.4
93.2 85.7 82.3 79 79.3 82.5 79.1 78.6 79.2 77.3 79 80.6 83.1 81.8 77.3 72.5 73.2 76.5 73.6 67.9 63.5 60.8 49.4 40.2 41.3 43.9 44.1 45.4 45.8 45.4 45.3 45.4 45.5 45.2 51.5 60.2 64.2 65.7 66.8 71.6 76.2 77 78.6 82.2 89.5 93.5 97.3 99.2 97.3 97.2 93.9 95.7 98.9 100.7 98.3 101.7 106.2 116.2 123.6 119.3 119.4 122 125.7 127.6 126.1 126.3 126.6 127 127.6 129.8 131.3 135.5 142.4 152.5 160.6 167.9 182 184.7 185 195.5 207.3
95.1 92.7 90.2 88.3 95 93.3 86.8 81.5 82.4 81.9 82.6 84.5 84.6 83.4 78.2 72.9 70.8 74.2 72.4 67.7 64.7 63.3 60.2 43.6 41.5 40.7 40.1 40.4 43 45 44.9 45.2 45.3 45.2 52.8 61.4 63 65.6 68.3 71.6 74.6 78.6 79.4 82 88.8 92.8 96.9 100 96.6 94.2 93.1 95.2 96.9 97.7 100.5 100.1 105.3 117.6 122.7 119.3 118.1 120.4 124.7 126.5 125.1 125.2 125.9 126.5 126.8 129.1 130.4 132.2 143 151.1 160.4 171.1 182.8 178.2 180.6 189.5 206.8
95 94.5 93.5 98.1 103.4 101.1 93.8 85.5 87.7 87.5 86.4 85.9 85.1 84.1 79 73.1 72.2 73.9 71.9 67.5 65.9 64.5 61.8 58.2 41.8 41.5 41.5 42.8 41.6 39.9 44 44.9 45 44.8 52.6 61.1 63.5 65.2 66.3 72.8 75 78.1 80.1 81.5 87.9 93.6 95.1 98 94.5 95.2 94.2 92.9 95 95.2 101.2 99.1 105.9 116.5 121.9 119.8 117.5 118.9 122.4 124.7 124 124.1 125.1 126 126.4 128.5 129.6 132 138.6 147.4 159.4 173.3 179.8 179.4 175.1 187.9 205.1
95.9 95.6 96.6 100.7 107.4 104.6 96.6 88.5 88.9 90.9 87.3 86.6 85.3 83.8 79 72.7 72 72.8 70.5 67.2 64.4 64.3 64.2 60.6 56.3 43.3 40.1 41.7 42.8 42.4 40.2 41.4 44.6 44.8 49.8 59.9 62.1 64.9 66.9 71.2 74.4 80.1 81.9 81.6 87 92.9 94 95.8 94.7 95.2 94.5 92.8 93 93.1 100.8 99.7 107.8 115.1 120.2 119.5 117.3 117.9 121 124 123.2 123 124.3 125.4 126.1 127.3 129.4 130.3 135.8 142.7 156.1 168.4 175.3 176.8 174.2 184.3 203.4
95.3 96.5 97.1 102.2 107.3 105.3 96.6 89.5 91.3 91.8 91.9 86.8 83.1 83.5 80.4 72.5 69.6 70.4 67.7 64.4 64.1 64.5 64 62.6 58.3 53.7 44.7 41.7 39.7 40.8 41.9 39.6 41.2 44.5 47.4 58.1 62.2 64.6 68 72.3 78 81.8 81.9 81.6 86.5 91.6 93.2 93.9 93.3 93.3 94.1 92.5 91.2 91.6 97.5 101.9 108.4 114.3 119.6 119.8 116.7 117.9 120.5 123.2 122.9 121.9 123.2 125 125.6 127 129.1 130.6 134.4 141.9 152.5 163 170.3 172.5 169.5 186 199.1
91.6 96.1 96.6 100.2 105.4 103.2 95.9 88.6 90.6 92 91.2 86.4 83.4 83.9 82.1 77.5 72.5 68.9 67.8 68 67.5 64.9 64.2 63.3 62.1 59.2 53.2 48.6 46.4 43.1 40.6 39 39 41.3 47.3 57.5 62.9 64.3 67.1 71.9 79.3 82 82.1 81.2 84.3 89.8 90.9 92.9 92.4 91.9 92.5 91.7 90.8 90.7 97 103.3 108.9 114.3 118.7 119.6 116.4 118.1 120.7 123.2 123.4 121.1 122.1 124.6 125.2 126.4 129 129.9 132 139.4 149.7 158.4 165.4 168.6 169.1 184 198.3
93 92 90.1 95.2 100 99.8 93.5 88.1 90.6 91.8 89 85 82.7 84.4 83.1 80.5 78.3 77 75.3 72.4 70.4 67.2 64.4 62.9 62.7 61.1 58.7 55.5 50.6 46.2 45.6 45.2 39.7 38.8 48.5 57.1 62.8 63.9 67.2 72.5 78.6 81.8 82.8 81.8 83.1 88 91.1 94 92 90.6 91.2 90 89.8 91.9 97.6 103.8 109.1 114.4 118.5 119.6 116.3 117.9 120.9 124 124.4 121 121.2 124.1 124.9 126.3 129 129.4 130.6 134.7 146 154 160.8 163.8 166.8 182 196.1
95.3 97.5 94.9 90.6 92.9 94.3 89 86.1 88 89.4 86.8 82.3 81.5 82.7 82.4 82.3 81.2 79.7 77.6 74.6 70.6 67.5 64.6 63.2 62.8 61.7 59.6 58.1 51.8 46.5 46 45.2 41.3 38.3 46.9 54 63.1 64 66.6 71.3 77.6 82.9 85.3 84.6 83.5 85.7 91.9 95.7 90.7 88.6 88.8 88.9 89 94.4 100 105.5 110.1 114.9 118 119.5 116.4 117.8 120.5 124.1 124.9 120.4 121.1 123.3 124.4 125.1 128 128.8 129.5 131.7 141.9 149.5 156.7 162.7 167.8 178.4 191.2
99.7 95.1 93.1 91.5 89.8 89.7 90.5 88.9 88.8 87.5 82 79.9 80.3 81 80 81 81.7 80.5 77.4 75.6 71.6 68.4 65.7 63.2 62.4 61.9 58.5 55.9 51.1 46.7 45.6 44.6 40.1 38.1 47.3 50 60.2 63.4 65.4 70.2 75.4 83.3 90 87.8 84.4 85.3 91 96.6 90.8 87.9 87.5 87.9 89.1 98.4 101.5 106.2 110.9 114.9 117.7 119.1 117.1 116.6 119.8 123.4 124.8 119.5 119.7 121.7 123.2 124.6 126.6 128.4 128.4 130.3 137.7 145.2 152.9 159.9 164.3 173.7 186.6
103.7 100 99.3 96.7 91.2 88.3 87 86.4 86.3 85.2 81.9 80 78.8 78.9 78 78.8 77.8 74.9 75.6 73.9 71.3 68.2 65.8 63.8 62.6 61.4 58.5 53.5 49.2 46.8 45.5 44.5 39.8 37.8 47.6 49.6 61.4 62.2 63.7 67.9 73.8 82.6 92.2 92.7 88.3 86.3 92 96.7 89.5 86.7 87 87.1 91.3 99.8 102.7 106.3 110.8 115.1 117.3 118.4 116.9 115.7 118.5 122.6 124.6 120.3 117.8 120.2 122.2 123.6 125.3 127.7 127.4 128.5 134.2 141.5 147.7 155.4 160.1 170.1 181.7
107.8 104.5 100.4 98.4 96.9 95.3 91.8 92.8 90 85.3 82.5 80.1 80.2 80.1 80.4 80.1 77.5 75.9 74.7 72.3 68.7 66.6 65.4 64.6 63.7 61.1 58.5 53.7 48.8 46.4 45.7 44.7 40.4 39.3 48.2 49.2 57.9 62.6 64.1 68.3 74.2 82.5 92.2 97.6 94 89.6 93.1 94.6 88 86.5 86.7 88.2 96.1 99.5 103.1 106.3 111.1 115.7 117.4 117.8 116.7 114.9 117.4 120.8 123.6 122 117.3 117.9 121.1 122.6 124.1 126.2 126.8 127.9 130.8 138.5 144.2 152.5 157.6 167 178.1
106.8 105.4 103.3 100.6 98.3 97.2 94.3 92.7 90 88.5 85.7 84.5 84.7 84.2 84.1 81.3 77.8 76.2 76.6 76.8 74.2 69.8 67 64.4 63.7 61.6 57.3 53.6 46.9 45.5 45.6 44.4 39 39.9 47.9 48 56.5 62.4 68.2 68.5 72.9 82.5 91.7 98.1 95.8 91.3 92.7 91.6 86.9 87.6 87.4 91.7 95.7 98.7 103.1 106.7 111.5 116 117.1 116.4 116 113.7 116.3 119.7 122.6 122 117.4 116 119.5 121.4 123.2 125.8 126.3 127.2 129.1 135.8 141.3 148.4 155.9 164.1 174.3
105.8 101.8 100.9 98.7 98.7 99.4 97.9 96.6 94.3 91.1 88.8 88.1 86.8 86.8 86.5 85.6 80.6 79.2 82.6 81.5 81.7 76.5 70.9 65.4 62.7 60.6 57.3 53.5 46.8 45 45.4 44.6 38.2 40.6 47.5 47.4 57 63.7 67.6 69.1 74.2 83.8 93.1 95.9 94 90.1 90.4 89.8 85.8 91.8 88.7 92.9 96.1 98.6 103.3 107.2 112 116.5 116.5 115 114.8 112.9 115.2 118.6 121.1 121.5 117.3 114.5 118.5 121.3 122.8 124.9 125.9 126.6 128.2 134.3 139.7 145.2 152.9 159.2 171.4
111.9 107 103.5 99.6 95.8 95.3 95.5 94.2 92.3 91 89.4 88.7 88.2 87.1 86.9 86.2 84.4 80.6 84.2 85.9 85.5 82.5 80.2 75 67.4 60 56.3 53.8 46.5 44.9 45.4 41.4 37.1 43.7 47.1 46.9 55.5 63.4 67.6 69.7 74.7 82.2 89.4 92.4 91.2 86.4 84.7 87.3 87.2 92.8 90.9 91.8 95.4 98 103.4 107.2 112 116.4 116.2 113.7 113.2 112.7 114.2 117.5 119.7 120.6 117.9 112.7 118.2 120.7 122.2 123.7 125.2 126.2 127.9 132.7 137.8 143.1 150.4 157.1 166.9
114.8 111.1 108.7 106 103.5 101.5 99.3 96.8 94 92.2 91.4 90 88.6 87.7 87.1 86.6 85.7 84.8 85.8 87.9 88.5 86.8 84 80 70.5 62 57.2 52.3 47.9 45.6 43 36.1 40.1 46.1 46.8 47.1 55.5 63 66.1 68.9 73.2 81.5 86.3 88.7 88.1 81.2 83.3 87.5 90.5 92.8 92 91.5 94.6 97.9 102.9 107 112.1 116 115.5 112.8 111.9 111.7 113.3 116.3 118.3 119.5 117.7 112 117.1 119.5 121.3 122.8 124.5 126.1 127.9 132.1 136.9 142 146.3 154.6 163.4
115.6 112.4 109.7 108.2 106.7 104.7 101.9 99.7 95.8 93.3 92.8 92.1 91.8 90.7 90.2 88.3 89.2 91.3 93.8 92.4 90.7 88.7 85.1 82.5 73.1 63.1 57.9 51.8 48.2 44.1 40.6 37.4 45.8 46.1 46 48.1 60.3 63.9 66 68.6 73.2 79.9 83.5 85.5 82.2 77.7 87.1 89.5 91.2 93 92 91 94.7 98.5 102.5 106.6 110.4 113.7 113.6 110.9 110.2 110.8 112.6 116 117.4 118 117.4 111.7 116.2 118.5 120.2 121.9 124.5 125.9 128.2 131.4 135.1 140.4 145.1 151.7 160.8
