public/OST50/SD68.asc
ncols 200
nrows 200
xllcorner 360000
yllcorner 480000
cellsize 50
[rows 35 to 69 of 200, columns 79 to 157 of 200]
224.5 231.3 237.1 246 253.3 261.1 266.9 269.8 275.1 279.4 281.3 282.8 285.4 286.8 287 289.7 293.7 296.5 296.4 297.7 300 300.1 299.8 304.4 308.8 311.6 319 319.2 320.8 324.7 327.9 328.2 328.6 333.1 335.9 338.8 346.4 351.4 358 366.3 376.3 380.4 388 392 397.1 401.7 409.6 413.2 418.1 417.3 411.7 410 408.3 401 398.3 396.5 390.7 386.3 386.6 384.1 379.9 378 380.4 379.3 379.3 382.2 389.8 389.3 382 376.4 366.7 348.8 325.1 285.5 254.5 238 229.6 222 216.7
222.4 228.2 236.7 246 252.4 258 262 264.1 266.2 268.6 270.8 273.4 275.1 276.3 279.5 282.9 286.3 289.1 289.5 293.6 295.9 295.2 297.3 298 298 304.6 308 310.1 314.5 314.3 314.2 317.2 321.4 322 329.6 332.7 335.8 339.2 349.4 360.2 369.3 375.5 382.9 391.6 398 404.6 413.9 420 423 425.7 418.6 413.6 411.4 410.1 405.9 405.9 404.4 399.5 396.5 396.8 392.3 388.3 386.4 381 384 385.5 385.5 391.2 390.7 388.2 377.7 364.3 340.6 308.5 270.9 250.3 237.1 232.1 225.4
218.9 226.5 235.7 244.3 251 253.4 253.7 253.8 256.8 259.7 261.1 262.6 263.8 269.2 272.5 274.8 278.8 281.6 281.8 283.6 284.3 282.5 285.3 289 294.6 297.7 301.9 303.5 303.4 305.5 307 308.5 311.1 313.1 317.3 319.9 323.4 328.9 339.7 351 363.2 366.7 376 386.9 397.8 402.4 411.6 419.7 421.3 428 430.6 429.5 423.6 421.2 414.2 411.9 411 409.7 404.6 404.6 403.7 403.7 403.4 396.1 388.8 384.2 383.9 385.5 383.3 387.6 386.1 373.8 351.5 323.8 287.6 261.2 245.2 239 233.5
216.7 225.9 234.6 242.6 246.7 246.7 244.9 242.5 244.7 248 250.8 253.8 257.1 259.9 262.6 265.3 266.9 269.4 270.7 269.5 270.4 275.3 280.9 286.4 288.5 291.3 292.7 293.1 293.6 292.7 294.8 296.1 297.7 301.3 308.8 310.6 315.4 321.7 329.5 341.9 351.8 356.7 364.9 379.4 387.9 398.6 409.4 419.5 422 425.6 433.5 430 428.4 425.4 423.8 414.4 412.5 411.6 410.4 409 410 409.2 411 407.4 405.7 400.2 388.8 384.4 383.5 379.2 382.3 381 366 339.4 302.2 273.5 254.1 245.8 240
214.8 225.6 236.1 237.1 236.4 235.8 232.2 235 239.1 242.7 246.2 250.4 254.8 256.3 256.7 257.3 257.7 257.8 258.5 259 265.5 270.9 277.2 281.5 279.8 285 282.7 282.7 282.6 281.2 281.5 284.5 289.1 294.2 299.3 305 310 313.2 322.8 331.2 342.9 353.8 359.1 375.4 393.4 405.7 417.9 423.3 429.3 436 440.7 434.5 434.2 434.3 431.1 428.6 412.7 411.7 411.9 413.3 418.3 418.8 414.7 414 409.5 409.1 406.1 398.7 388.6 385.1 378.3 377.2 366 352.5 316 282.7 260.9 252.2 245.2
214.9 225.5 228.3 226.7 226.5 225.6 228.1 231.9 236.4 240 245.5 251.7 253.7 250.8 249.6 248.9 249 249.7 255.6 264.3 272 274.3 274.9 273.7 273.1 272.6 271.5 272 270.1 270 273.7 278.7 283.5 288.5 293 299.3 306.2 314.3 322.3 332.2 342.1 353.7 364.7 372.6 390.3 406.4 415.7 419.5 422.8 428.5 433.5 437.6 434.6 441 442.8 437.8 430.2 424.5 419 416.5 418.4 422.2 418.8 416.3 415.4 415.1 412.1 407.4 402 397.9 389.8 381.3 368.3 351.7 317.5 285.3 265.5 255.7 249.8
214.3 219.7 217.4 217.5 220.8 223.1 227.3 230.9 234.8 239.3 246.1 250.8 249.1 245.2 243.3 242.5 247.2 254.9 262.5 268.6 269.2 269.6 267.4 264 263.9 259.1 262.5 262.5 263.6 268.5 271.6 275.1 279 285.7 294.7 302.6 310 318.2 326.9 334.3 341.7 351 359.2 368.8 382 395.5 403 408.6 411.9 416 427.2 433.3 430.4 438.1 444 445.7 440.4 431.4 429.8 428.1 428.6 423.4 420 422.4 422.2 417.8 416.9 410.7 407.9 406.4 400.4 389.8 380.4 359.1 320.6 287.1 266.5 265 257.8
211.1 208.6 208.3 212.3 217.9 222 225.4 229.1 234.5 235.2 243.3 243.1 241.2 237.8 239.4 245.2 253.4 259.3 260.9 260.3 259.1 256.1 255.1 250.6 251.1 253.1 255.9 259 263.4 268.4 274.6 281.9 289.6 294.8 299.5 304.6 311.4 316.5 321.8 325.9 334.3 341.7 349.5 359.3 369.1 379.4 387.5 395.9 401.1 409.1 420.2 422.3 427.2 432.3 438.8 444.7 443.6 439.2 432.7 431.5 431.5 432.5 429.1 424.6 424.3 422.6 418.5 413.9 412.1 412.4 408.1 398 391.1 357.2 318.5 290.2 273.4 271 269
200.1 198.1 199.2 203.6 205.5 208.7 198.1 201.9 216 229.5 236 234.6 232.7 236.2 242.7 248.6 252.6 251.9 247.2 246.5 245.2 241.8 242.6 246.6 251 253.6 259.3 262.9 272 279.8 287.6 291.4 294 296.5 299 302.2 306.3 310.8 317.6 323 329.8 338.3 347.3 354.3 359.7 368.5 378.6 388.5 394.6 401.4 410.3 415.5 420.1 425.8 430.9 436.8 442.8 444.2 443.4 440.3 442.3 443 442.1 441.2 432.8 423 420.5 413.7 413.4 412.8 408.9 401.3 394.6 358 320.4 292.2 279.7 269.5 265.7
179.4 177.5 179.4 176.4 179 177 171.4 174.6 202.7 212.6 220.1 224.8 228.7 236.9 241 242 239 232.6 230.8 234.5 237.2 242.2 248.8 252.8 259.6 263.6 259.3 271.9 281.4 286.4 290.1 292.6 294.4 296.9 300.4 304.6 308.2 312.5 317.6 324.2 332.6 339.3 346.6 354.2 361.5 368.9 378.1 384.9 389.9 395.3 400.5 406.2 414.5 423 434.1 440.5 444.3 450.7 455.5 460.2 460.2 456.4 453.8 453.4 450 443.8 435.2 421.5 417.1 416.3 409.8 400.5 393.7 361.5 323.5 298.8 282.1 271.7 266.8
157.3 161 162.6 165.3 175.5 183.7 189.5 188.4 188.1 197.1 203.5 217.8 222.7 213.9 218.5 221 227.1 235.4 241.2 244 245.4 251.1 258.6 261.8 271.4 275.2 266.1 264.2 272.9 282.8 287.6 291.8 295.9 299.9 304.5 310.3 315.2 320.9 326 333.4 338.8 345.5 351.5 357.8 364.1 371.4 376.9 382 388.6 392.8 397.4 403.1 408.9 416.1 425.5 432.2 436.8 439 446.2 454.7 461.7 463.9 463.2 467 464.4 463.7 452.1 443.9 439.8 430.3 415.1 400.1 394.6 362.9 326.9 303.1 282.3 274.8 269.8
176.9 178.3 182.4 192.3 200.5 209.4 211.8 211 208.5 215.2 220.6 222.7 212.5 227.8 236.9 242 245.8 250.9 254.6 255.3 258.3 261.1 269.5 270.7 272.3 273.2 274.8 273.3 271.6 276.4 287.7 293.4 299.4 305.2 311 315.9 321 325.3 329.1 333.9 338 342.8 347.8 352.1 358.7 365.9 372.1 380.5 390.4 397.4 403.5 404.5 405.4 408.1 414.7 422.5 427.6 431.6 435.9 441.3 450 455.7 458.7 465.9 469.7 466.2 454.4 451.6 447.1 443 431.8 415.5 399 363.1 328.1 303 284.1 274 271.6
198.6 203.6 209.6 217.7 227.2 231.2 230.3 226.4 223.8 228.2 231.7 234.7 227.9 230.7 245 252.3 257.4 262 266.5 269.3 270.6 274.1 276.8 279.5 283.5 288.6 291.1 292.8 288.3 273.5 280.6 293.5 299.2 304.4 309 313.1 316.5 319.9 323.1 326.7 330.2 334.2 340.1 346.1 352.5 358.4 365.1 372.4 379.3 385.4 392 393 395.9 402.7 409.8 418.4 425 424.6 429.3 437.8 442.1 450.9 457.2 467.1 471.6 471.7 463.9 459 454.8 446.3 437.3 421.1 407.4 371.1 329.8 302.3 284.1 275.7 270.6
209.8 220.1 228.8 236.1 242 246.4 245.5 240.2 233.4 234.4 237.4 241.7 244.2 248 249.4 251.1 262.8 269.3 274.5 279.7 284.9 288.8 292 296.9 300.5 307.3 309.6 310.2 310.4 293.3 280.2 280.4 289.5 297 300.6 298.4 305.1 309.2 309.7 316.6 317.9 324.8 333.3 339.8 345.9 353.3 358.9 365.4 370.4 374.4 380.1 385.6 391.3 397.9 404.6 410.6 419.8 423 428.3 435.1 439.6 445.1 452.1 462.2 473.1 477.5 475.7 468.1 463.2 451.8 438.7 426.6 415.1 387.7 346.1 311.3 293.2 283.7 274.6
214.9 227.6 234.4 240.7 248.9 252.6 251 248.1 244.5 243.4 244.8 248.6 251.1 255.3 259 256.2 265.9 273.9 280.5 286.2 292.8 298.3 302.4 305.7 311.2 317.5 322.3 323.2 323.2 311 294.6 286.9 289.9 291.6 294.3 304.2 307.7 309.9 317.7 320.1 326.1 327.1 326.4 333.1 338.4 345.9 349.7 351.5 361.4 365.4 373.3 379.6 387.5 397 403.1 412 420.5 424.4 431.8 434.4 439.6 444.4 452.8 458.2 465.4 470.1 470.6 472.6 472.7 464.2 453.2 443.5 436.3 411.5 363.7 331.4 306.7 295.6 282.1
218.7 228.6 236.6 243.2 249.1 254.9 257 259.6 257.1 257.1 254.8 254.6 257.1 260.9 265.4 269.1 269.1 267.3 284.7 291.1 295.3 301.5 307 313.3 321.6 326.1 330.7 334.1 333.3 323 310 292.1 298.1 305.8 309.3 312.9 316.2 320 323.6 328.3 332.7 334.9 337.2 335.3 338.7 340.6 347.7 354.1 357.1 358.4 366.6 379.9 389.7 397.3 402.8 411.4 419.8 426.2 432.1 438 444 447.6 455.4 459.1 462.1 465.7 465.5 469.1 471.6 474.5 462.8 452.5 447 437.5 393.8 357.4 330.4 307.8 297.3
219.8 228.9 236.6 242.9 251.1 257.7 267.6 272.4 272.4 269.8 266.6 265.5 265.3 267.8 270.3 275.6 279.4 277.3 286.4 294.2 298.5 306 316.5 322.5 331 339.7 345.3 347.8 349.9 336.5 319.4 304.1 304.7 312.2 315 316.9 321 325.9 328.1 333.3 338.3 340.7 344.5 347.6 351.1 354.6 361.1 363.2 369.6 375 376 379.9 384.5 395.3 402.8 409.8 415.9 423.8 432.2 442 448.7 453 456.6 461 463.2 465.2 465.6 468.4 472.9 476.6 474.7 469.4 465.6 462.6 424.7 383.4 361.5 342.4 327.5
223.6 236.3 246.4 249.5 257.8 266.8 275 281 285.1 286.6 279.1 274.8 275.5 277.1 277.2 284.4 287.3 289.5 287.5 297.4 304.5 311.5 319.6 331.9 342 349.5 353.5 360.8 363.9 352 330.1 310.4 314.2 323 323.1 325.9 331.4 335.5 338.1 341.9 347 352.2 357 357.5 359.1 362.4 366.6 371.4 376.9 380.9 386 390 395.7 398.5 405.5 408 414.9 422.4 428.9 435.1 443.2 450.2 456.4 464.6 472 474.9 475.7 480 482.5 487.7 486 479.6 479 471.3 452.1 419.9 399.3 383.2 377.2
229 244 252.7 255.8 263.8 272.6 279.8 286.6 293.2 299.6 297.3 288.7 284.2 286.2 288.4 291.9 294 296.9 300.5 293.4 308.6 316 329.2 339.4 348.4 355.8 363.9 372.1 373.5 361.6 345.4 319.1 316.5 336.2 331.4 335.7 337.6 343 347.1 350.9 357.4 361.4 367 372.2 374.7 376.1 375.5 378.4 382.5 388.6 392.4 396 399.8 404.4 408.8 415.1 417.3 424.8 430.2 433.6 440.9 448 455.5 465.4 476.4 480.2 485.4 492.6 494.4 495.6 494.1 493.9 490.4 479.2 469.7 451.8 436.1 430 423.2
234.9 245.9 256.1 261.6 276.2 286.3 293.7 301.9 311.1 315.3 313.2 313.7 309.2 304.2 299.6 301.6 302.9 304.5 306.3 306.9 307.4 318.3 331.4 346.3 354 361.3 372.2 381.3 384 376.6 360.6 340.7 313.8 334 344 345.3 348.2 349.8 353.3 357.3 365.9 372.5 379.4 385.6 387.6 391.2 393.9 391.8 393.2 396.3 401.5 407.1 409.6 412.3 413.6 419.4 425.3 427.8 435.4 440.1 445.5 452.9 460 468.5 479.8 487.9 494.9 499.4 505.1 506 507.6 502.6 497.6 483.1 469.3 455.2 441.9 429.5 421.5
246.3 254.9 262.1 265.1 278.7 289 296 309 321.3 327.4 330 329.3 331.4 328.7 322.8 315.7 310.6 312 312.9 314.5 307.6 322.9 331.7 346.5 357.3 370.4 379.4 390.1 393.1 388.3 374.5 355.4 334.9 320.6 339.3 350.7 354.8 357.3 360.3 362.6 369.7 379.2 389.2 397.7 404.2 405.1 407.2 410.9 411.7 413.8 419.5 427.2 428.1 427.7 428.2 429.5 433 437.9 444.4 449.2 454.3 462.2 469.3 476.1 482.9 490 499.5 506.8 513 517.9 521 517.5 502.4 482.9 467.3 452.3 442.2 432.8 423
239.7 248.2 257.3 261.3 274.7 281.3 296.4 311.2 326.2 338.9 342.2 344.1 345.6 343.1 337.8 330.2 320.7 319.8 319.1 320.3 318.1 322.4 334 348.6 361.7 378.3 388.8 399.5 402.5 398.9 388.5 369.4 350.9 333.5 329.9 349.3 355.4 361.5 364.9 370 374.6 384 395.7 405 412.1 417.9 422.4 426.2 431.7 436.3 441.9 447.4 450.7 447.4 445 444.1 445.1 444 450.1 457.4 463.2 467.6 475.3 481.8 488.5 495.3 504.3 514.7 521.7 525.5 524.2 518.5 501.9 484.8 470.9 459.6 443.5 429.9 419.4
235.3 241.2 248.4 257.7 268.2 279.8 295.1 310.1 327.5 341.5 352.6 357.8 356.9 359.2 357.7 349.7 341.6 330.2 325.1 326.9 326.4 322.6 334.3 347.2 361.3 378.7 390.2 404.5 411.6 415 404 384.9 369.6 351.4 337.7 334.6 353.4 361.6 367.4 373 379.3 387.6 400.7 410.7 419.3 426.6 434.7 441.3 448.1 455.7 461.9 467.8 466 464 459.9 455.1 456.3 455.9 458.5 462.7 467.8 473.4 478.4 483.2 488.7 495.9 506.4 516.2 526.5 528.2 527.6 519.1 504.5 487.8 475.8 462.7 444.1 430.2 417.1
230.1 235.5 244.5 255.1 264.1 278.1 297.2 311.3 325.5 338 348.3 355.7 359.5 365.9 368.7 364.1 355.9 347 339.2 334.2 332.4 325.5 335.8 347.9 365.9 385.9 397.8 405.2 409.6 416.8 415.4 401.5 387.1 369.3 352 344.5 343.7 357.6 365.2 372.2 379.2 386.2 399.4 413.9 425.3 433.5 443.1 453.7 464.6 468.4 476.5 479.8 481.4 479.8 477.6 471.3 464.9 464.4 464.9 467.7 473.2 477.8 482.9 487.3 491.6 500 510.9 519.4 526.9 529 528.5 518.1 504.7 489.3 477.4 461.1 445.4 428.7 411.3
224.8 232.1 240.6 253.6 263.6 277.6 292.2 305.2 320.6 333.8 343 353.2 361.1 372.5 374.3 372.1 367.9 357.9 348.2 342.3 340 335 337.5 350.9 363.5 377.9 389.9 403.4 413 417.8 419.7 410.6 400.1 388.2 372.3 356.6 345.8 349.3 362.4 368.5 374.9 383.2 395.6 411.9 425.7 437.2 448.4 463.2 475.9 482.9 489.9 493.1 495.2 493.3 490.8 484.6 475.8 472.8 469.4 471.9 476.2 483.1 488.8 493.6 499.3 506.8 515.8 524.2 532 533.3 528.8 519.6 504.2 492.5 472.8 456.8 441.4 425.4 407.6
221.2 229.3 237.1 249.7 260.4 273.6 284 295.1 306.9 317.6 331.3 344.1 353.7 366.6 372.2 375.4 378.5 370.9 362 353.3 348.9 344.9 349.2 357.1 372.1 380.1 389.5 399.4 407.6 415.8 422.5 420.5 415.7 404.8 391.3 373.2 360.6 351.1 351.4 364.6 371.8 380.5 389.5 404.6 422 437.8 452.3 466 479.3 491 498.5 502.4 508.4 506.8 502.7 497.1 487.3 480.7 477.8 477.6 481.9 487.3 494.8 499.8 507 515.2 523.4 530.2 535.2 533.9 525.4 516.3 503.5 490.6 471 455.6 438.7 423.9 406.9
220 227.2 236.1 245.2 256.6 269.7 279.3 287.7 297.6 309.7 323.8 339.5 348.8 360.7 373.8 384 386.7 384.7 376.4 362.4 360.6 359.5 361.2 368 380.4 388.6 396.5 406 415.4 424.9 429.9 432.4 428.9 418 407.2 393 380 368.4 362.4 356.2 359.2 376.9 385.8 395.4 409.6 429.7 448.3 465.6 480.5 493.7 504.3 511.7 515.8 515.8 515 511.2 503.7 492.5 487.3 487.7 491.1 494.3 501.4 507.1 513.4 522.7 529.5 537 540.3 536.2 529.7 519.2 506.6 488.4 470.6 451.6 435.4 423 404.2
219.6 228 236 243.8 252.5 264.5 274.2 282.5 294.5 305.4 317.4 329.6 343.5 363.8 374.2 385.2 394.5 393.8 394.1 376.2 373.5 373.4 372.2 380.3 385.6 390 400.6 410.7 418.4 423.6 431.1 446.6 452.3 443.9 427.6 410.7 396.8 387.8 379.7 374.5 370.3 364.1 382.4 390.2 401.2 418.5 438.4 457.3 478.1 495.6 507.5 516.7 522 524.6 525.1 521.2 514.8 506.1 498.3 499.9 502.6 505.6 510.8 517.9 525.1 533 543.3 548.7 549 542.2 530.9 521.9 510.3 492.1 473.2 452.3 436.1 416.6 393.9
219.6 228.5 236.3 243.7 252.5 260.4 269.5 277.5 289.3 303 320.8 334.4 343.6 365.9 378.2 388.8 399.4 400.1 396.6 385.3 380.8 381.9 382.6 388.2 393 395.1 400.3 413.7 417.5 424.5 434.1 444.8 451.4 454.8 449.1 432.6 419.9 409.6 400.9 394.5 385.5 375 372.7 388 398.5 410.4 429.2 451.5 474 493.1 508.2 519.9 528 534.3 535 532 524.8 517.8 513.3 513.7 513.5 518 522.8 529.2 536.2 544.2 551.1 553.7 551.6 543 533.7 524.2 510.2 491.8 472.9 453.2 432.6 408.7 386.4
220.8 230.8 238 245 254.3 262.2 269.1 277.2 290.1 303.7 319.8 336.2 346.9 362.3 377.6 389.2 396.1 402.5 398.4 392.4 386.9 388.9 391.5 395.8 399.3 401.5 408.7 418.5 426.7 432.9 439.4 444.7 452.3 462.7 464.4 455.6 443.8 432.4 424.6 416.5 404.8 393.7 374.3 384.1 395.6 405.3 423 450.2 470.4 486.6 506.9 521.9 532.2 539.3 541.3 540.1 537.6 532.2 526.9 528.5 527.8 531.7 535.8 542.5 548.4 555.1 558.5 556.7 551.5 539.5 533.4 521.2 510.4 489.7 467.3 442.5 420.2 402.8 381.9
219.4 229.8 240.2 247.6 255.6 262.1 268.4 280.6 293.2 307.4 323.7 338.5 348.6 361.4 376.6 389.6 398 403.3 400.7 396.6 394.7 397.1 399.6 403.5 410.8 416.9 422.8 429.3 434 440.7 446.7 453.9 466.9 476.4 479.9 471.5 464.3 455.3 448 439 427.4 412.1 394.6 378.4 391.6 404.3 422.8 446.5 467.2 483.2 499.8 515.8 532.9 543.8 547.5 550.2 548.2 545.7 543.4 543.1 545.4 548.8 553.2 558.1 562.5 563.3 562.6 556.3 544.9 534.4 525.9 515.2 501.2 478.6 452.4 432.2 413.5 387.2 363.2
229.7 230.4 240.5 250.5 256.9 263 272 288.1 301 313 329.2 338.3 348.3 364.4 377.1 387.2 396.4 402.3 401.6 400.2 401.6 405.4 408.3 412.9 419.6 425.2 432.9 441.4 446.2 450.4 455.2 461.3 468.7 478.5 489.5 489.9 488.5 482.3 473.2 461.1 446 430.6 410.8 390.8 387.9 405 420.4 440.9 462 482.4 497.9 512.8 533.5 547.5 553.9 557.7 559.8 558.9 559.6 559 560.2 561.7 565.7 568 567.8 563.2 556 544.1 533.4 527.8 518.2 506.5 489.6 463.6 443.8 422.2 396.9 371.3 346.2
236.4 243.3 243 249.4 258.4 264.1 277.3 292 307 318.9 331.2 340.2 347.9 365.3 378.8 390 397.9 397.5 400.9 405.1 411.1 413.2 417.7 422.5 428.3 433.5 438.5 448 455.1 458 462.4 470.2 479.7 488.5 498.1 501.7 501.5 498.4 490.6 479.3 465.6 449.1 428.6 406.7 387.5 404 419.6 441 467.6 482.8 501.1 514 536.4 550.6 559.4 565.1 569 570.8 572.2 572.9 573.5 574.7 575 572.3 568.6 558.7 547.9 532.1 522.4 514.1 500.4 485.6 464.8 444.8 421.9 401.4 376.7 351.8 333.1
246.3 250.4 254.9 250 256.7 268.9 283.1 296.1 307.3 318.3 332 340.2 350.8 361 369.4 377 383.2 391.8 400.4 410.7 419.5 422.3 425.6 429.4 435.2 441.7 446.9 451.8 458.6 465.2 473.3 481.8 489.4 498.8 507.1 512.6 512.2 511.7 504.6 495.9 481.3 463.3 442.3 420.2 393.4 403.2 419.9 443.2 469.1 492.3 507.1 518 537.2 552.6 563.5 572 578.7 581.5 583.1 584.1 584.5 583.8 579.9 571.6 560.7 547.1 533.5 521.9 509.8 495.8 474.1 459.9 439.2 417.4 398.3 376.5 355.5 338 319.8
254.2 255.9 260.8 264.7 266.6 264.6 283.7 293.8 304.2 314.9 327.9 338.4 346.8 355 365.1 373.3 384.4 396 406.5 417.1 426.7 434.4 438.5 440.5 444.3 448.6 452.7 460.1 468.6 474.8 482.9 491.8 500.7 509 517.5 521.8 525.8 525.5 520.3 511.4 499.1 476.9 455.4 432.3 406.7 408.3 425.7 445.3 467 489.5 508.6 523.8 536.6 549.7 562.6 573.6 581 585.7 588.7 590.5 590.3 586.2 577.2 562.5 546.1 529.1 512.4 499.7 489.6 470.7 451 435 414.6 393 373.9 356.6 341.8 323.5 309.8
