public/OST50/SD68.asc
ncols 200
nrows 200
xllcorner 360000
yllcorner 480000
cellsize 50
[rows 105 to 139 of 200, columns 0 to 78 of 200]
205.8 204.6 204.6 205.6 205.8 206.2 206.5 206.9 203.8 195.2 183.2 172 160 148.7 137.4 127 115.1 105.5 104.4 105.7 102.6 97.9 93.4 92.2 84.1 66.9 63.2 62 62.3 62.5 62.2 61.6 59.6 71.8 79.9 80.2 83.4 83.1 81.7 77.9 77.4 74.3 70.7 68.5 70.5 70.7 69.6 71.6 71.1 73.3 71.6 72 76.8 80.6 87.1 91.3 93.7 94 100.3 104.1 103.8 101.6 106.2 111.1 110.3 112.9 121.6 132.8 146.5 159.9 167.8 181 191.2 209.3 220.7 229.7 244.6 248.8 256.2
203.8 204.9 206 207.2 205.1 203.9 204.5 203 197.6 187.9 176.6 166.6 152.8 140 133.9 124.1 112.5 104.3 103.4 103.4 99.7 94.5 91.9 94.4 80.4 63 62.9 61.5 62 62.2 62.3 59.6 63.9 69.2 82.4 86.5 87.5 88 86.7 81 78.1 76 73.8 69.4 68.2 74 69.4 68.9 71.2 71.6 70.9 73.7 76.5 79.5 84.8 90.4 93.9 93.7 99.2 102.8 101.6 99.5 104.7 108.5 107.6 112.1 121.2 134.7 150.1 161.2 171.6 180.7 193.8 213.7 228.9 238.8 245.4 255.5 261.2
205.9 209.6 211.2 209.7 205.3 203.6 203.1 201.2 193.8 182.8 169.8 162.7 148.1 139 129.4 119.4 111.4 103.3 101.5 100.5 96.1 91.7 91.5 91.9 73.3 62.4 62.8 61.4 61.9 62.4 59.2 60.3 66.4 70.2 83.2 91.3 92.3 94 93 87.7 80.3 77.4 74.2 69.4 68.1 68.4 71.7 68.9 69.3 70.3 73.1 75 77 78.5 84.6 90.7 93.6 94 98.2 100.8 99.1 98 102.7 106.1 105.7 111.1 121.8 135.7 151.4 161.5 172 181.8 198.2 217.5 233.9 247.7 256 260.1 267.9
209.6 215 217.9 215.1 209.8 206.4 202.8 196.8 189.5 176.1 167.5 157.4 145.5 137.5 126.2 115.5 110.5 105.1 101.5 99.4 94.4 90 91.4 83.8 64.2 62.5 62.8 61.5 61.9 59 59.1 63.1 67.2 71.4 83.6 92.5 96.7 98.7 96.3 91.3 83.8 78.1 74.4 70.8 68.9 68.8 69.7 70.7 73.8 73.2 75.7 75.3 77.3 78.3 84.8 90.9 94 93.5 96.3 98 96.5 97.2 101.9 104 101.9 112 123.2 137.7 150.7 160.9 172.3 183.5 202.6 224.2 235.1 245.8 260.5 269.5 272.7
214.7 224 223.3 217.5 212.1 208.2 203.5 196.2 185.3 170.6 163.9 151.7 143.2 136.1 123 112.9 107.2 103.9 101.6 100.8 94.7 88.7 82.7 70.5 61.8 62.3 61.3 61.9 60.6 58.5 62.1 64.9 67 68.5 78.7 90.4 99.1 102.9 100.8 94.3 86.5 80.6 76 71.3 71.2 68.9 70 68.4 72 74.6 71.7 73.5 75.5 78.4 84.4 89.9 92.3 92.4 93.9 95.2 93.8 96 99.4 98.6 104.2 112 124.7 136.9 149.1 161.5 172.4 185.8 207 224.3 234.8 247.6 255.2 263.9 275.1
218.9 232 227.1 219.9 212 208.4 203.7 197.9 185.2 171.7 161.9 150.8 141.5 133.1 122 112.1 105.1 100.9 103.6 100.9 94.6 86.7 72.6 62.2 61.2 62.1 61.5 60.8 57.7 61.9 62.5 66 67 67.2 72.2 86.8 96.1 102.2 101.2 95.1 88 82.4 76.7 72.2 71.1 69.7 70.6 68.9 73.7 72.8 68.6 71.6 73.5 76.9 82.1 87.1 90.6 91.2 91.3 92.5 92.5 94 96.9 104.6 107.6 114.6 126 136.9 147.9 160.5 170.8 186.9 206.7 219.7 230.8 244.6 258.8 271 285
218.6 233.9 229 222.3 214.2 209.1 204.5 198.6 187.7 172.4 162 152.4 141.7 132.8 121.2 110.2 103.3 99.2 106.4 100.3 93.9 84.4 66.3 62.7 60.5 61.8 59.4 58.1 62 61.9 65.2 65 66.6 67.1 72.2 83.2 88.9 96.1 98.3 93.6 88.3 83.7 76.4 73.8 72.9 70 73.5 73.3 74.8 75 68.2 69.4 72.9 75.2 79.4 84.8 91 91.8 91.6 90.7 91.1 93.1 100.2 105.8 107.4 114.3 126.5 135.2 146.6 158.3 171.1 188.2 203.1 216.7 228.1 240.1 253.1 262.1 280.9
218.3 232.3 229.4 222.9 214.3 209.6 205.2 199.1 187.5 171.6 161.4 151.8 140.3 131.2 120.1 108.2 98.9 98.8 108.5 100.5 92.3 81.6 64.9 60.7 61.1 57.9 59.4 61.8 64 65.2 64.9 64.5 65.1 66.3 74.8 84.4 88.5 91.6 94.4 90.3 86.8 82.4 75.3 73.2 72.5 69.5 73.6 74.6 75.8 73.3 67.7 67.6 70.7 73.6 76.9 83.9 90.3 92.2 91.4 89.7 91.4 96.2 101.7 105.8 107.8 114.7 127.3 135.8 147.8 156.1 167.4 181.8 199 210.2 222.3 231.2 238.6 249.9 263.6
214.5 231.1 228.9 220.7 213.4 207.9 203.1 194.2 184.4 169.9 159.1 147.9 138.7 128.5 117.9 105.1 97.3 101.5 107.6 101.4 87.3 80.3 68.7 60.7 57.7 59.6 61.4 65.3 64.4 64.6 64.6 64.7 64.6 64.8 74.7 83 85 89.8 89.4 86.7 83.9 80.5 74.2 71.6 71.9 69.4 73.8 74.6 75 71.8 67.8 67.3 68.9 70.4 75.4 83.8 90.4 91.3 91.3 88.9 93.1 97.7 102 104.5 106.6 113.1 128.9 136.9 146.9 154.1 162.6 175.5 189.2 204.2 218.5 227.2 235.2 242.4 255.7
209.9 226.1 225.5 218.1 211.3 204.7 198 189.2 178 164.5 155.5 145.9 136.3 126.6 114.5 102.3 96.7 103.4 105.3 97 82.6 80 67.7 57.7 59.8 61.8 63.8 64.9 64.3 64.4 64.2 64.1 63.7 64.3 73.8 81.7 84.6 87.9 85.8 82.8 81.2 78 73.7 72.9 72.1 69.7 73.1 73.3 70.5 68.7 68.1 67.8 67.5 68.1 74.6 83.3 90 89.8 89.1 88.8 94.4 97.9 101.7 106 111.8 116.5 129.4 137.2 145.5 152.8 162.5 174.2 183.9 194.7 207.9 218.7 225.8 233.4 248
206.3 220.9 222 215.9 208.9 200.7 194.3 184.5 172.9 162.3 152.6 143.4 134.2 123.3 109.5 100.4 96.1 104.2 99.9 91.8 79.1 79.4 63.1 59.2 60.2 61.4 61.7 63.6 64 64.2 64.3 64.3 63.9 63.6 70.7 79.6 82.5 83.2 80.5 78.9 78.4 76.5 73.1 72.6 70.2 70 72 71.7 68.3 69.2 68.2 67.5 67.6 68.4 75.7 82.9 88.8 88.7 88.7 90.8 96.1 99.6 103.8 108.8 113.9 117.4 129 136.8 145.1 152.7 162.2 171.5 181.1 187.8 198.6 208.7 218 228.4 238.4
204.1 216.9 217.9 212.7 205.6 196.5 190.1 180 169.1 161.9 151.2 141.4 131.2 118.9 108.6 98.8 96.5 102.6 95.8 87.8 77 70.4 59.2 59.2 61 61.6 61.5 61.4 61.9 63.6 64.1 63.9 63.5 63.3 68.1 74.7 79.7 79.6 76.3 75.9 77.2 75.5 72.3 71.8 71 71.6 72.9 72.2 72.8 69.7 67.8 67.9 68 69.8 76.3 82.6 87.2 85.6 89.3 91.8 96.4 100.5 105.6 108.8 113.7 121.2 128.2 137.9 145 152.6 162.4 169 177.2 183 191.8 200.2 207.4 218.3 226.5
203.2 213.2 214.5 209.2 202.1 193.1 185.2 176.3 165.2 159.7 151.3 140.6 129.2 116.3 107.5 96.5 97.6 99.3 93.6 81.5 72.5 78.8 72.1 57 56.9 57.8 60.4 61.2 61.2 61.2 63.7 64 63.6 63.4 67.6 72.4 75.5 75.6 73.8 74.3 76.3 76.5 72.4 71.3 72 73.6 72 70.8 71.3 69.1 67.5 68.3 69 70.7 76.6 81.6 83.2 83.6 91.8 93.4 97.8 102.8 107.1 108.1 116.4 124.1 130.2 137.9 144.5 152.5 161.7 168.3 173.6 178.9 186.7 195 202.2 208.6 220.7
202.3 209.4 209.7 207 199.2 189 181.1 171 163 159.2 151.6 138.4 127.4 114.5 104.8 95.2 96.7 96.2 90.1 78.5 78.2 81.2 83.1 79.2 72.1 58.3 57.3 58.2 60.4 60.8 61.2 63 63.2 63.4 67.5 71.7 74.8 73.6 74.4 75.3 77 76.3 72.4 71.7 73.2 75 71.3 70.9 69.8 67.7 68 68.9 69.7 71.5 76.4 80.4 85.3 88.6 91.5 94.5 101.1 105.2 105.9 110.7 118.1 125 131.8 141.2 145.8 152 160.1 165.4 170 176.3 182.5 189 197.9 206.9 215
200.7 205.6 206.6 204.8 196.6 186.2 177.4 169.9 163.2 158.3 149.5 136.3 126.2 113.9 102.9 95 94.6 93.1 88.5 78.9 78.5 83 85.6 81.5 72.6 62.5 60.7 57.6 57 57.9 60.6 60.3 63.1 62.9 67.7 71.6 76.1 72.5 72 73.7 75.3 75.3 72.3 70.9 73.7 74.2 71.8 70.2 68.2 68 68 68.3 70.5 70.6 77.1 81.2 86.7 88.2 91.2 96.6 102.2 104.1 106.5 113.7 119 123.4 133.3 146.6 144.6 153.5 160.1 162.3 166.4 175.1 179.7 187.7 194.2 202 206.3
201.2 204.2 203.4 198.4 188.1 181.3 173.3 166.2 162.8 157.4 147.2 134.9 125.3 113.2 104.1 94.2 92.9 89.6 85.8 81.7 80.1 86.3 87.1 80.5 71.1 62.4 60.9 61.1 60.6 57.7 56.6 59.1 60.3 62.4 69.1 71 72.2 71.7 73.7 74.1 75 74.9 71.7 70.3 72.9 70.1 67.6 68.8 70.2 68.8 67.4 67.6 69.5 71.1 76.7 82.7 87.1 90.8 93.6 98.1 101.2 106 111.5 115.1 119.2 124.8 133 137.6 143.2 159.6 159.6 158.5 163 171.4 179.7 187.7 196.3 207.9 215.9
200.8 200.1 197.9 192.5 183 176.8 167.7 163.7 160.2 155.4 144.1 133.7 123.4 113 104.2 95.1 91.9 87.3 83.8 81.3 81.7 89.7 86.6 76.7 68.4 62.3 60.9 61.3 60.8 60.2 60.3 57.1 55.8 59 70.8 72.2 71.8 73.2 72.8 74.6 74.4 74.3 71.4 71.3 71.2 68.1 67.6 68.8 67.8 68 67.6 67.7 68.9 72.7 78.9 86.2 92.7 93.7 94.3 97.4 104.4 109.1 112.3 114.9 119.2 125 130.6 138.4 148.7 156.9 156 153 162.4 170.5 176.2 185.1 199.8 215.3 225.3
199.6 197.5 194.4 186.8 179.3 173.4 164.4 161.3 157.7 151.8 142.2 131.5 122.4 112.2 105.1 95.9 92.2 89.3 84.7 81.2 83.8 90.1 85.7 74.7 67 62.3 60.6 60.2 60.4 60.5 60.2 60.1 59.8 56.2 66.9 70 72 71.7 72.4 73.5 73.5 72.1 71.5 69.1 67.7 71.7 71.6 70.8 67.9 68.1 68.2 68.5 69.7 74.1 80.5 88 93.6 93.9 93.5 100.4 106.3 109.9 112.2 112.6 119.5 125.6 129.6 140.3 153.7 154.1 154.7 158.3 164 168.4 175.4 185.6 199.8 213.2 224.3
195.5 195.4 190.2 182.8 175.6 169.9 161.5 158.4 154.6 148.3 140.9 131.4 120.6 112.7 105.5 96.7 92.1 89.5 85.6 81.1 85.3 89.1 84 73.6 65.6 60.5 59.9 59.8 59.9 60 59.9 59.8 59.6 57.5 59.4 65.8 70.4 73.9 73.9 72.7 71.3 69.8 69.1 68.1 67.3 71.5 72.3 69.2 68.3 69.1 70.5 70 71.2 75.6 82.2 89.3 94.1 92.2 96.2 102 106.6 108.6 109.2 112.2 120 126.6 129.1 141.4 149.8 148.5 153.6 159 160.8 165.6 176.9 187.9 199.5 212.2 224.3
194 191.9 186 178.2 171.4 165.5 158 154.9 151.3 145.3 138.9 130.8 119.2 110.6 104.4 96.4 92.7 89.9 87.2 81.5 86.1 87.4 80.3 71.3 59.1 53.7 54.4 55.3 58.5 59 59.6 60.1 59.5 57.4 60.1 69.2 72.7 74.1 73.8 73.9 72.6 68.9 67.8 67.9 67.2 70.2 68.8 69.4 69.2 70.5 72.3 71.9 73.5 77.6 83.2 88.2 92.1 93 97.2 102.4 106.4 107.1 108.9 113.3 119.8 129.5 128.3 134.9 141.3 145.3 151.8 157 160.1 169.2 180 191.1 204.8 215.9 228.2
192.2 186.8 181 171.9 166.6 159.9 153.6 149.4 146.5 142.9 137.5 129.2 116.9 109.6 103.6 95.5 94.8 93.1 86.6 81.9 86.1 84.8 78 62.3 54.3 56.1 56.1 55 57.5 58.4 58.6 59.4 59.3 56.8 61.5 69.4 74.1 75.5 75.9 72.3 69.2 67.3 68.1 68.1 70.4 70.8 69.8 69.8 71 72.2 73 73.5 75.8 79.9 85.1 92.2 94.8 93.7 96.4 102.2 104.2 105.3 109.7 112.6 119.9 128.8 128.2 128.9 133.9 140.4 145.8 154.7 161.4 172 183.3 194.5 206.5 218.4 229.1
185 180.2 173.3 168.1 162.4 155.5 149.9 145.5 142.7 139.7 134 126.6 115.5 107.4 102 96.6 93.7 93 87 81.7 85.8 81.5 76 61.9 54.3 58.5 58.5 56.1 54.3 58.6 59 58.9 59 55.8 67 71.7 71.2 71 72.8 69.8 68.6 66.7 69 67 71.3 70.2 70.9 73.1 73.5 74.1 75.5 75.6 77.8 80.4 87.4 94.2 95.5 93.7 98.6 100.6 103.9 107.1 109 111.2 118.9 126.9 127.3 125.6 129.9 137.8 144.8 154.6 163.2 176.2 188.3 200.6 210.2 219.7 231.2
179.9 174.1 167.9 164.5 158.8 152.6 145.9 142.6 138.8 135.1 129.5 122.5 112.3 105.7 100.6 96.5 93.3 90.4 85 80.9 83.4 80.1 75 59.5 54.2 57.5 59.5 59.4 55.1 58.5 58.8 59.2 56 59.8 74 73 69.9 69.2 68.2 66.3 66.7 67.1 67.4 69.1 69.1 70.5 71.6 73.8 74 75.3 76.1 77.7 78.3 81.3 89.5 94.3 95 96.2 98.5 101 104.1 106.7 107.9 109.7 117 124.2 123.4 122 128.8 136.6 145.9 155.3 165.2 180.8 195.1 205.4 214.7 226.6 239.1
177.4 169 163.9 160.7 155.7 150.4 145.1 138.8 135 130.7 124.4 117.6 109.3 104.4 98.1 96.2 94.6 90.8 82.7 80.2 80.7 78.7 71.6 55.9 54.9 56.7 59.6 59.8 54.9 59 59.2 56.3 55.7 64.8 68.7 69 69.9 69.2 65.3 65.2 66.2 67 67.5 69.2 71.8 73.5 73.3 72.4 74.8 76.4 77.1 78.9 79.9 84.3 90.5 94.1 94.7 96.2 97.7 100.5 104.1 105.8 107.4 108.8 116.2 120.1 119.4 120.4 128.8 137.4 148.5 156.1 166.5 184.1 200.8 211.6 221 233.7 248.4
171.6 164.1 160.2 157.1 153.8 148.9 142.9 135.3 132.2 127.5 120.9 112.4 106.3 102.3 97.5 95.2 94.6 92.4 83.4 78.9 78.7 77.4 69 55.4 54.6 53.9 60.8 57.8 56.6 57 55.5 55.4 58.9 67.7 70.9 70.7 68.9 69.1 66.3 65.4 65.4 66.1 66.6 68.6 69.8 69.9 72.6 71.8 76.2 76.9 77.7 79.6 81.7 85.7 90.7 93 92.6 95.9 98.1 101.7 103.4 105.6 108.1 110.2 114 115.5 116.3 118.7 127.5 138.8 149.1 157.4 167.3 186.7 202.3 219.8 231.5 243.4 257.6
165.7 159.2 155.8 154.8 151.7 147.1 138.6 131.7 129.2 124.5 117.2 107.8 104.5 101.4 97.8 94.1 94.5 92.7 83.7 78.3 76.9 75.9 67.1 55.6 54.7 53.4 61.1 58.7 53 53.9 57.6 59 61.7 69.2 70 71.2 66.7 64.4 64.6 64.9 65.3 66.2 66.3 67.5 73.6 72.6 70.9 72.1 77 77.6 78 78.9 81.5 86.1 90.8 92.4 93.9 95 99.4 103.1 105.3 106.8 108.1 110.1 112.2 114.4 115.4 117.5 127.3 139.7 151.1 161.9 176.9 188.9 204 222.7 240.6 251.8 265.1
160.4 153.6 151.6 153.5 151.5 144.1 134.7 128.7 125.6 120 113.2 105.1 101.3 98.5 95 93.1 94.5 91.7 82.9 77.7 76.4 74.6 66.2 56.9 54 53.1 60.9 58.1 58.6 59 59 58.2 63.5 67.5 68.5 65.1 64 64 64.3 64.8 65.2 66.2 66.7 67.6 71 74.6 72.5 72.1 75.3 77.9 78.7 79.2 82.6 87.1 91.2 91.8 92.7 94.8 100.4 104.1 105.9 107 108.1 109.7 111.8 112.8 113.6 116.4 126.3 138.3 150.5 165.7 180.4 192.4 205.8 222.8 244.6 258.3 270
154.9 148.7 147.9 152.1 147.7 140 131.6 125.5 122 115.7 108.5 101.5 98.4 95.1 92.7 92.1 94.2 90.7 81.6 75.9 76 74.2 67.7 58 55.1 52.7 61 58.1 58.3 58.5 58 63.4 63.3 65 66.2 64.6 64 64 64.1 64.7 65.2 66.4 67.3 68.6 70.5 74.4 72.5 73.5 76 77.1 79.2 80.7 82.7 87 90.6 90.8 91.4 95.6 101.1 104.8 106 106.1 107.3 108.6 110.3 110.7 112.1 115.2 125.4 136.5 149.1 167.9 181.3 192.7 204.9 225.3 245.2 266 276.8
151.3 143.5 145.5 148.4 141.9 135.4 130.4 125 119.3 111.4 102.7 98.7 95.8 92.9 91.3 92.3 93.8 90.2 82.1 76.1 74.8 74.1 68.4 61.2 56.1 52.9 60.9 60 58.2 58.4 63.1 63.7 63.4 64.6 65.7 64.6 64.9 65.5 65 65.2 66.5 67.1 67.8 69.1 70.1 72.8 73 74 77.7 78.8 79.6 80.5 83.1 87 90.2 90.3 91.1 96.8 102.3 105.2 105.2 105.3 105.9 107.3 108.2 109 110.4 116 123.9 134.9 148.3 162.5 176.7 192.5 206.9 225.5 245.9 266.8 285.3
146.3 139.2 143.6 146 139.3 132.5 128.2 123 115.5 106.7 99.2 96.3 93.8 91.2 90.3 93 95.1 90.9 85.3 78.4 74.4 73 65.4 56.9 56 52.5 59.9 60.7 60.7 63 63.8 63.2 63.2 63.6 63.8 64.5 64.5 64.9 65.4 67.1 68.9 67.6 67.8 69.5 72.1 71.4 73.4 76.4 76.8 78.7 80.4 81.2 83.3 87 90 89.2 92 97.5 102.5 104.7 103.7 103.1 104.2 106.3 106.9 106.7 109.3 115.7 123.9 134.6 149.4 162.8 179.3 193.2 208 225.7 244.8 268 287.3
142.3 136 141.6 143 137.1 129.5 125.2 120.1 112.4 103.2 97.7 94.5 91.7 89.4 90 94.3 99.4 94.2 86.9 82.5 77.5 71 62.7 57.2 56.2 52.1 58.6 59.7 60.1 59.7 62.9 63.3 63.4 63.7 64.3 64.1 64.1 63.8 64.2 68.2 68.9 66.7 69.1 69 70.3 70.7 74.9 79.2 80.1 79.8 80.3 81.7 83.6 87.3 89.4 89.5 92 97.9 102 103.4 102.3 101.9 103.2 104.4 104.9 105.4 109.3 115.6 123.9 134.7 152.3 165.3 180.9 192.8 209 225 244.5 266.4 279.4
137.2 133.2 138.7 138.8 132.4 125.6 120.8 116 110.1 102.6 96.7 92.9 89.7 88.1 90.4 98.6 102.1 93.5 88.6 83.6 79 74.5 61 57 56.2 52.4 55.2 59.4 58.4 59.2 58.9 63.1 63.2 62.5 64.4 66.5 66.2 66.3 66.3 68 68.4 68.6 70.2 68.5 70.5 70.1 76.8 80.1 80.7 81.3 81.2 81.9 83.2 86.8 88.5 87.8 91 97.7 101.6 102.6 100.5 100.9 102.1 102.8 103.9 105 109.2 115.1 125.4 136 152.2 167.5 182.5 195 211.5 228.3 244.8 257.9 266.8
134.6 131 135.7 134.9 128.3 120.7 118.1 113.7 108.5 102.9 98.1 92.1 88.7 86.8 94.6 100.4 102.7 94.9 90 84.6 78.8 72.4 58.2 56.7 56.3 52.3 56 63.2 60.2 58.9 58.5 60.1 63.2 62.3 64.5 66.6 68.7 68.2 68 70.4 70.9 73.2 70.8 68.9 71 73.2 78.7 80.6 81.4 81.9 82.4 82.8 83.5 84.6 87.1 87.2 91.3 95.1 100.2 100.6 98.8 100.3 100.8 103.3 105.8 108.5 113.5 118.5 128.8 140.4 153.1 168 182.9 195.7 213.2 226 240.1 248.3 256.3
132 129.1 132.5 130.7 124 118.8 117 113.1 107.8 104.5 99.8 91.7 87.4 86.4 93.9 102.6 106.2 97.1 91.6 85 76.9 66.3 56.2 56.3 55.3 52 55.9 57.5 61.1 59.8 59.8 58.8 60.6 61.3 66.2 67.4 67.5 67.8 70.5 74.7 76.3 76.9 73.9 73.5 75.4 78.7 80.3 81.1 81.9 82.4 83 83.5 84.1 84.7 85.6 86.9 91.9 96.1 98.8 98.4 97.1 99.9 103.2 106.5 108.6 111.9 115.1 121.3 131.3 143.6 154.3 167.6 182.5 198 210.9 222.4 230.4 237.5 243.9
127.6 127.1 128.8 126.1 120 118 116.5 112.6 108.6 106 101 92 86.8 86.4 95 104.5 108.2 102.5 92.6 84.5 74.2 60.5 56.3 55.7 55.9 51.9 54.5 55.9 61 59.4 60.1 59 59.5 60.9 68.5 68.8 68.8 68.9 69.2 71 76.6 77.4 74.4 77.5 79.1 78.8 79.6 80.7 81.8 82.5 83.3 84.3 85.1 85.8 86.4 88 92.2 95.5 96.6 96 98.8 102.1 103.3 107.2 110.6 112.6 115 123.3 132.9 144.2 155 167 181.9 196 209.9 217.8 223 229.7 235.7
