public/OST50/SD69.asc
ncols 200
nrows 200
xllcorner 360000
yllcorner 490000
cellsize 50
[rows 0 to 34 of 200, columns 78 to 155 of 200]
522.9 524.7 528.4 528.2 522.8 517.5 505.8 492.7 478.1 462.2 449.3 442.1 431.1 420.4 409.8 400.7 395.7 397.3 414.7 431.5 445 454.6 472.3 486.8 500.9 515.5 526 517.3 502.7 485 455.4 431.9 448.2 464.6 481.6 500.9 524.1 541.4 559.3 572.3 579.5 586.3 584.7 576.2 566.7 548.5 524.1 491.6 458.3 428.2 399.1 376.5 356.1 338.4 327 327.3 335.4 350.9 374 399.6 423.3 448.6 467.3 481.2 491.2 498.6 506.5 513.8 514.4 511 496.6 484 478.3 471.6 456.5 435.1 414.5 391.2
511.9 511.1 515.2 518.7 520.6 523.1 516.2 506.9 494.2 480 468.8 462.3 448.9 438.1 428 418.8 404 398.1 404 423.4 439.1 450.8 465.7 478.6 498.2 514.6 524.6 526.9 511 484.4 454.5 434.2 448.3 462 476.8 496.7 519.7 538.4 551.9 565.5 577.4 584 581 571.7 562.1 545.3 527.3 499.6 470.7 439 404.9 376.4 353.1 335.7 328.4 329.2 337.9 352.8 376.7 400.9 429.1 455.4 474.8 491 503.9 513 523.8 528.4 529.9 525.8 518.4 508 497.3 488.7 474.4 451.8 426.4 400.8
490.9 494.4 501.1 510.7 511.1 515.4 516 511.2 506.2 496.6 485.2 479.2 468.1 454.2 439.6 427.8 412.7 400.1 402.6 411.7 430.5 439.3 451.8 473.6 489.7 506.7 514.4 514.8 504.6 478.1 452.1 436.7 447.1 459.9 471.2 492.5 513.3 533.2 543.1 558.9 569.3 577.1 572.3 564.5 553.4 539.6 524.3 502.7 474.5 443 407.8 381.7 356.8 335.6 329.8 330.8 340.3 356.8 378.7 404.7 428 456.4 480.7 499.3 514.5 526.9 537 543.3 545.6 543.3 533.4 523.7 513.6 504 490.3 465.6 436.5 409.1
462.3 470.3 480.9 489.3 492.4 495.1 499 504.8 509 507.8 493.5 485.8 476.2 457.7 442.2 426.3 409.4 400.8 403.9 408.4 415.7 426.2 438.4 453.6 477.6 499.3 507.5 512.1 498.9 474.9 449.7 441 446 458 471.5 484.3 498.8 516.4 529.2 545.9 558.3 563.8 558.2 551.1 541.5 529.8 516 496 468.7 440.4 410.5 380.8 358.4 337 330.6 333.9 344.6 359.2 378.5 404.6 430.4 453.9 479.3 502.5 521.7 537.7 548.9 557.1 559.4 556.4 548.4 537.2 525.4 514.8 502 474.9 443 412.5
427.5 445.9 457.9 463 464.6 467.6 473.8 485.7 499.6 507.3 494.1 481.3 467.6 452.1 432.5 419 402.1 399.5 402.2 407.8 424.9 440.3 455.9 472.1 489 502.1 509.7 511 495 467.8 442.9 446.8 449.9 451 465.6 478.1 488.7 502.1 514.8 529.8 544.7 546.6 539.7 532.5 522.8 511.2 497.2 482.5 457.6 435.2 407.8 379.2 353.8 334.7 333.2 336.9 344.2 360.9 381 404.2 429.6 456.6 482 507 530.2 547.5 558.9 568.2 569.6 564.3 554.4 543.3 531.3 519.3 503.9 477.7 445.6 414.2
399.4 421 431.5 435.2 434.2 438.6 449.9 467.2 487.2 496.9 487.7 475.8 461.2 442.9 425.6 409.1 396.1 397.3 401.2 417.7 433.1 449.8 468.6 485.6 498 508.5 513.9 510.5 489.1 462.8 445.7 454.7 459 461.6 454.8 469.5 481.2 492.6 502.8 512.3 522.1 524.4 514 504.6 495.5 485.1 471.1 457.1 444 421.4 396.1 372.8 349.7 334.9 335 338.9 347.2 360.3 377.7 402.5 429.1 459.2 485.8 512.3 537.1 554.8 567.7 574.3 573 565.7 554.2 542.3 529.8 515.3 495.1 470.8 441.9 413.6
384.3 397.6 403.9 405.2 402 405.3 427.4 458 483.1 489.2 482.6 468.9 451.2 433.6 416.3 401.7 392 397.4 411.6 427.4 444.1 462.7 481 497.2 510.3 517.5 518.3 511.1 487.4 462.8 448.9 461.7 469.1 473.9 474.4 466.6 474.2 488.8 498.4 504.8 507.3 504.8 485.6 475.4 466.7 457.1 445.3 431.2 418.5 399.5 379.6 360.9 339.3 341.8 336.5 337.3 349.3 364.3 383.1 409 425.2 461.2 490.5 517.3 541.1 560.8 573.4 577.3 571.2 562 549.4 535.8 521.7 504.7 482.7 457.3 431.4 408.8
365.1 370.5 372.9 372.2 373.5 397.3 424.6 452.9 475 481.6 474.4 459.7 439.4 418.2 404 390.5 389.6 402.6 419.8 437.5 454.8 472.4 487.8 503.2 519.8 526.7 524.2 513.9 488.8 465.6 452.7 466.8 480.5 490.4 493.7 490.4 492.5 497.6 503.2 505.6 502.7 481.7 462.1 445.8 440.8 433 423.6 403.6 394.9 377.3 359.5 343.1 351.7 351.9 338.4 339.1 354.4 372.5 395.3 421 448.6 466.4 490.3 524.1 545.9 563.7 574 574.2 565.5 552.5 540.8 524.7 508.5 489.5 465.8 438 413.7 396.4
339.1 342.1 344.5 345.9 366.4 393.3 425.8 453 474.4 474.9 466.9 448.7 425.2 403.9 379.1 390.5 401 395.2 415.9 438.5 457.4 475.6 489.9 507.1 522 527.5 526.8 516.1 492.3 471.7 456.4 469.9 484.2 500.6 509.2 511.6 514.3 518 520.7 519.7 507 482.9 455.1 422.2 411.4 408.2 394 378.9 365.4 349.8 348.4 357.8 363.8 363.7 346.4 340.8 355.2 377.7 401.5 430.9 460.3 488.2 513.5 526.4 546.7 562.8 569 566.2 556.5 543 529.3 510.7 491.5 470.9 443.9 421.4 404 387
316.7 321.3 319.6 343.6 369.8 399.7 427.5 447.9 465.3 457.8 442.5 427.5 404.2 380.3 388.7 404.7 416.2 405.4 413.3 434.3 453.6 474.2 488.8 504.5 517.1 525.6 526.6 519.2 499.7 477.7 462.9 472.2 487.8 507.9 516.8 521.5 526.9 531.9 530.5 523.3 498.3 470.8 442.4 416.1 389.5 380.6 370.3 355.2 354.3 365 372 379.1 381.5 372.8 351.7 343.2 357.2 383.8 411.7 441.2 474.2 502.2 524.4 543.2 557.4 562.3 562.5 556.9 546.4 532 515.5 492.5 470.3 448.6 426.3 407.1 394.7 394.1
295.7 296.7 320.1 344.9 371.5 400.5 424.1 444.2 448.3 425.5 410.4 396.9 382.7 373.1 402.1 417.6 422.3 417.8 406.8 425 445.1 470.5 487.5 502.8 513.9 522.6 526.7 522.1 504.8 484.5 466.8 474.4 490.7 508.5 519.7 529 537.8 541.3 536.8 517.1 488.1 456.1 425.8 402 379 363.1 356.9 363.1 375.4 386.3 394.9 398.1 393.7 381 360.6 343.7 360 387.7 415.9 447.5 479.7 504.5 527.8 549 561.9 565.6 559.9 550.9 537.5 519.8 500.5 473.6 447.7 424.6 417.5 418.4 420.9 404.3
278 296.7 318.2 338.2 366.9 396.7 420.1 426.3 416.7 389.1 365.4 356.3 346.3 377.3 413.3 426 428.7 425.7 406.9 417 434.9 459.4 482 498.3 510.7 519.2 522.7 520.7 510.3 490.5 467 482.4 494.1 512 523.6 533.1 546.7 548.5 536.8 512.4 481.1 445.4 412.2 384.6 364.8 373.3 379.7 385.3 397.9 410.7 416.6 418.4 411.6 395.1 372.3 345.3 359.8 389.1 418.1 447.4 468.4 488.3 524.2 549.1 561.7 563.9 556.5 542.4 528.9 507.2 485.6 464.9 459.7 453 449 443.2 427.6 405.3
277 291.4 311 335.4 359.7 388.4 402 396.9 383.4 353.1 325.2 327.1 356.2 390.3 423.5 437 439 437.2 425.9 411.9 427.7 451.5 474.7 486.6 499.4 511.8 516.2 515.7 511.2 494.2 470.6 484.6 500.2 514.4 525.8 542.8 551.4 550.7 532.9 505.3 474.4 441.9 408.5 375.3 376.7 391.4 401.4 410.7 423.5 433.8 440.5 440.4 428.2 404.2 381.7 353.1 355.4 386.6 409.2 429.2 463.9 493.9 523.2 543.7 555.7 558.3 552.7 540.5 520.2 507.9 499.3 494.7 490.3 480.6 470.4 454.2 432.3 407.3
266.9 286.5 304.5 329.6 354.1 369.6 369.2 360.8 350.4 332.4 314.8 352.7 381.9 407.5 434.8 447.1 452.3 449.7 438.9 422 418.1 435.1 462.1 479 489.8 498.4 504.8 508.3 508.2 498.2 476.3 493.6 505.8 518.4 531.5 542.3 554.4 549.3 521.5 498.4 464.8 433.1 400.7 371.6 392.7 409.6 424.3 436.8 448.9 458.6 465.4 462.2 444.2 418.8 391.8 361.2 352.9 377.1 403.9 425.8 457.7 491 517.3 537.6 549.5 551.3 549.3 546.2 537.6 530.7 524.8 524.6 519.4 502.4 478.6 455.7 431.8 407.3
247.8 270.1 292.8 316.8 326.9 332.6 331 322.6 316.9 299.9 323.5 367.1 406.6 433.1 448.3 459.8 460.7 456.8 449.2 438.6 421 439.6 460.2 471.2 480.6 489.9 500.7 508.6 512.7 503.5 485.4 499.8 513.7 525.1 538.4 554.2 560 549.8 519.5 491.7 459.3 433.1 394 381.2 403.4 425.4 441.4 461.1 473.1 483.6 488.9 481.2 459.3 431.7 402.3 369.3 351.9 376.3 400 429.4 458.7 484.8 506.7 526.6 540.1 544.7 546.1 545.8 546.6 544.6 543.9 541.5 534.4 512.4 484.2 459.7 435.2 406.7
255.3 259 275 288 293.4 292.3 295.1 285.6 293.2 302.9 326 354.7 396.3 438.6 457.5 466.2 465.9 462.4 454.2 441.2 439.7 429.3 447.8 449.7 475.6 490.2 503 517.1 520.9 513.4 499 495.1 510 528.3 544.4 560.7 562.4 549.3 518.7 487.9 457.4 429.2 392 388.1 413.3 436.4 457.5 480.5 497.3 506 505.4 497.6 471.7 443.1 412.9 380.5 354.7 373.6 401.2 429.9 454.9 476.4 496 513.3 529.1 537.8 542.7 546.7 548.8 549.7 550.1 548 540.6 518.3 489.3 463 435.5 407.8
276.9 258.1 259.1 260.5 268.2 277.6 288.1 304.5 326.9 321.1 341.3 370.1 409.5 445.3 461.7 468.8 469.6 467.2 459.1 455.1 450 442.2 434.8 455.5 474.2 490.5 505.5 520.2 526 523.2 514.3 512.9 519.3 536.7 550.7 564.7 563.9 548.8 518.5 487.9 457.3 424.7 392.2 390 414.2 442.6 467.2 489 510.3 521.3 520.8 506.9 481.1 451.2 421.4 392.2 361.2 369.7 397.9 426.5 449 467.1 482.9 498.4 514.2 528.1 538.4 544.7 549.2 551.8 554.3 550.2 543.2 525.1 493.9 466.2 437.4 408.4
298.1 274.3 291.1 293.9 299.4 309.9 322.2 336.2 354.8 370.9 356.2 387.9 425.7 452.9 466.9 473.7 475.5 472 467 467.9 464.9 462.3 450.3 445.6 471.8 489.5 506.2 521.7 531.8 533.9 528.2 531.7 535.7 547.4 558.3 568.9 567.2 549.1 519.3 488.2 458.1 427.6 395.5 394.3 420.6 449.7 473.2 494.5 515.2 530.5 528.9 513.4 487.3 456.2 428.6 399.6 370.5 365 392.9 418.2 435.4 449.1 464 481.9 499.5 516.1 531.5 543 549 553.3 555.3 551.6 543.7 528 499.4 468.3 439.4 410.4
313.9 287.1 315.1 326 334 344.5 356.8 370.7 384.5 408 403.5 399.3 434.7 459.7 470.1 478.5 482.1 483.1 480.7 481.3 481.6 479.7 466.5 442.3 465 488 506 520.8 537.2 544 544.1 546.9 553.4 562.2 568.7 574.3 571.5 549.5 519.4 488.2 457.6 426.7 393.9 395.6 421.4 453 482.1 505.9 521.9 530.6 529.6 518 493 463 431.5 401.5 371.5 361.6 385 401.4 410.4 420.7 445.5 468.4 493.8 514.7 530.9 540.7 547.1 550.7 552.5 550.7 542.4 528 501.9 469.3 439.5 411
328.7 297.1 325.9 349.2 365.3 379.6 391.5 406.6 418.3 435.6 448 428.7 437.2 462.6 473.4 481.7 487 488.4 490 492.5 496.2 493.8 478.3 450 459.8 486.7 504.3 520.5 537.2 549.3 555.5 560 564.9 572.9 577.9 579.3 571.2 547.6 517.4 485.8 454.8 423.3 393.2 404.6 428.1 458.7 487.6 510 525.9 530.1 527.6 514.8 493.8 464.8 431.3 398.8 367.5 368 367.3 385.9 410.4 435.1 458.7 480.8 501.8 517.8 529.2 537.4 543.5 547.4 548.5 545.9 538.6 526 500.7 470.1 440.5 409.9
342.1 311 334.7 363.8 387.5 410.4 430.2 444.9 456.9 465.3 461.3 433 439 466.1 476.7 484.9 491.1 496.1 501.9 506.9 510.8 509.3 493.9 469.3 455.3 482.8 499.2 515 530.5 546.8 559.4 568.8 577.4 584.1 586.2 583.5 573.1 547.5 516.1 483 450.5 419.3 397.6 414.3 440.8 468.1 495.2 516 526.3 530.7 523.2 507.9 485.8 457.9 427.1 393.9 366.5 383.5 389.8 375.3 405.7 433.3 455.6 477.9 500.1 516.6 527.6 534.9 540.4 543.9 543.7 539.8 533.7 519.7 495.7 466.8 439 409.7
354.5 323.8 345.9 374.9 402.1 425.8 446.2 464.4 479.4 483.3 466.9 440.1 439.9 462.6 477.6 489 499 507.4 514.3 519.5 524.1 523.9 509.3 486.9 462.5 468.3 485.6 499.7 515.6 531 553.1 569.1 582.7 591.8 594.6 588.2 571.7 547.7 515.9 483 451.6 422.9 402.3 423 450.2 478.7 502.6 520.1 531.3 528.5 517.6 498.6 473.3 445.9 415.9 384.6 378.9 399.2 407.2 387.5 395.1 416.8 441 465.7 491.1 515.4 527.4 533.5 537.7 540.7 537.9 533.3 525.2 509.6 487 461.6 434.5 407.6
366.1 338.9 360.8 389.9 415.5 439.1 465.3 482.1 490.6 488.2 467.8 440.8 449.3 468.2 481 494.7 507 516.8 525.8 532.9 537.1 536.1 521.8 496.5 468.4 472.4 467.4 475.5 491 515.1 541.9 567.3 583.7 595.2 597.7 589.2 571.4 546.9 516.1 483.8 447.4 424.7 409.6 431.7 460.8 486.4 508 523.7 531.1 527.3 511.3 488.8 460.8 430.2 401.1 372.2 396.7 413.5 418.7 396.4 389.3 416.9 445.9 470.8 493.7 516.2 526.9 532.7 537 538.2 533.9 527.1 514 495.6 473.3 448.8 425.5 405.7
377.3 351.6 375.8 405.3 429.4 455.5 479.8 493.5 501.2 494.3 471.3 444.1 454 471.2 484.6 499.4 512.3 525.1 536.2 543.6 547.7 545.6 526.8 497.1 490.6 498.2 491.2 487.8 486.5 507.5 534.2 561.9 586.4 598.1 599.9 591 574.3 548.3 515.7 486.6 463 436.4 416.2 440.2 466.9 493.1 515.1 530.4 529.9 525.1 507.1 479.3 448 415 385.1 387.5 411.7 429.6 425.4 399.5 395.9 415.1 442.2 467.4 489.6 511.5 524.8 530.9 535.4 537.4 532.3 518.7 493.5 476.7 452.9 432.4 414 400.7
393.3 373 389.3 415.9 440.1 463.8 484.9 503.3 507.3 500.2 475.6 448.8 454.1 473.5 489.2 502.1 515.4 532.2 544.7 551.9 557.6 553.5 533.7 505 516.6 524.2 521 513.4 510.9 513.7 537.8 569.4 590.5 601.1 600.3 591.5 579.2 555.7 527.3 497.1 468.7 441.5 421.9 443.2 471 499.9 521.5 532.8 532.6 524.6 501.8 472.7 438.7 402.8 380.2 404.8 425 441.2 432.8 407.5 397.8 415.5 435.9 461.4 483.6 503.2 520.9 529.7 534.6 537 533.4 509.3 487.8 469.9 455.8 435.5 416.6 402.5
411.2 386.9 407.2 426.6 448.6 470.2 487.2 504.4 510.6 504.1 480.9 451.5 453 473 491.6 504.7 519.2 534.8 550.6 560.9 565.7 563.2 548.4 528.9 539.5 549.2 549.3 540 540.6 544.8 555.3 580.2 596.6 601.5 599.4 593.2 577.8 555.7 531.1 503.4 473.9 442.9 429.3 449.8 476.7 504.6 518 526.6 530.8 520.3 495.1 465.3 430.8 397.2 392.3 418 437 455.9 448.1 421.3 401.2 414.1 430.5 453.4 474.2 495 515.2 528.8 535.9 538.4 535.9 528.5 512.8 496.5 474.6 450 426.4 411.8
427.7 408.6 413.3 426.5 451.9 476.7 490.7 507.9 516.8 509.8 488.8 463.5 456.2 475.4 493.4 507.8 522.5 537.8 555.1 568.7 576.3 575.8 568.5 556 562.6 574 577.6 569 571.4 575.5 584.2 597.1 604.2 606.2 602.4 590.4 573 554.5 531.1 505.7 478.1 443.3 447.1 469.2 487.7 507.6 524.6 528 526.4 513.1 486.1 454 421.7 388.5 405.6 428.4 448.7 464.4 462.8 440.6 426 414.3 415.8 439.4 465.4 488.1 511.8 528.8 538.8 541.4 539.2 535.5 525.7 509.6 486.6 461.7 436.1 418.6
446.5 426.8 431.2 444.2 454.6 480.4 497.4 512.5 524.2 518.8 497.9 473.8 455.1 470.9 487.9 505.8 524.1 540.4 556.7 573 586.5 589.2 588.8 584.6 586 597 600.6 601 602.1 604.3 608.2 612.1 612.8 608.7 597.4 583.4 566.4 549.1 528.9 501.9 473.7 443.9 454.6 461 487.3 516.9 527 528 519.4 501.6 473.3 441 408.4 392.9 418.7 436 454.3 473.9 485.9 466.4 450.2 438.8 429.1 427.8 458.7 486.3 510 528.8 539.4 544.6 544.2 540.1 533.9 520.5 497.4 471.5 446.9 426.7
462.8 446.6 448.6 464.4 468.2 491.4 506.4 518.4 526.6 526.1 509.1 486.8 467.5 468.1 488.7 508.9 523.7 539.7 555.6 574.9 591.9 603.2 606.2 609.7 612.4 616.3 619.3 621.1 624.2 625.8 624.5 621.1 617 608.6 593.9 576.1 555.2 536.1 520.7 494.2 464.5 454 471.5 479.8 498 517.1 524.5 521.9 507.2 485.5 460.6 429.2 396.1 409.1 428.6 450.3 473.1 490 503.2 493.6 479.7 465.5 446.4 432.5 457.9 483.8 510.4 528.9 541.9 548.2 549.7 545.6 539.5 527 506.7 479 453.1 430.8
471.1 458.5 462 475.5 488.7 501 513.3 524.7 533.1 535 521.2 503 483.8 468.9 488.4 504.4 522.5 540.8 557 576.2 593.6 607.2 615.7 623.7 627.1 629.2 633.4 633 631.1 629.5 629.3 625 616 602.8 587 568.3 552.7 533.1 512.8 487.1 467.8 468.3 479.3 496.8 513.4 524.9 528.8 520.7 500.7 475.4 448.5 416.6 397.9 422.2 440.3 466.6 485.1 502.4 518.1 520.2 506.5 487.6 462 433.1 458.4 485.7 512.2 531.7 545.9 553.9 556.4 552.1 545 532.8 511.6 483 458.7 436.7
467.7 464.4 470 481.1 494.3 507.8 520 534.6 544.7 545.1 536.7 519 500.4 480.2 483.6 501.3 522.9 540.3 557.6 574.1 591.6 609.6 622.7 632.5 636.9 636.4 634.2 631 627.2 628.5 626.3 621.5 610.3 597.9 581.4 559.1 549.1 526.7 504.1 487.4 484.9 487.7 497 515.8 533.8 539.3 534.7 518.4 495.2 467.6 439.8 414.8 409.4 434.3 458.8 478 497.7 515.2 527.5 536.2 526.7 503.8 476.1 445.2 461.4 487.7 513.4 535.3 549.1 558.5 562.1 560.7 552.7 537.7 511.1 485 463.2 442.4
452.1 459.5 468.9 479.4 495.7 510 524.4 541.2 553.2 556.9 550.1 536.8 517.3 498.5 481.7 501.1 519.6 542 559.3 576 594 610.7 628.2 636 630.4 621.3 614.8 610.7 605.3 612.1 616.3 612.1 603.4 592.1 581.4 562.8 549.7 533.8 517.1 506.8 505.9 513.1 520.6 535.5 544.8 546.3 539.8 517 494.6 476.5 448.5 418.4 421.3 446 466.7 487.2 505.9 522.6 538.5 546.8 538.8 511.6 480 449.2 462.6 487.7 513.5 536.8 553.6 563.5 567.4 566.6 559.6 543.7 513.5 487.1 466 446.2
434.9 447.2 459.9 470.2 489.4 507.4 528.4 541.9 551.6 558.8 561 550.5 533.7 515.8 499.7 497.3 519.2 539.9 561.8 580.1 596.4 617.3 635.5 628.1 611.4 593.2 582.7 578.4 574.3 587.7 595.5 596.8 594 588.4 582.5 571.9 549.6 546 542.5 528.4 532 539.9 542.8 556 554.2 552.1 545.2 533.3 511.5 485.4 454.5 422 425.2 451 475.2 496.3 515.8 533.4 548.4 555.7 548.6 519.7 488.9 464.5 465.8 488.3 516.1 538.9 556.1 568.4 572.2 571.5 565.6 549 517.3 487.9 466.8 445.5
415.7 429.4 443.6 458.5 481.6 504.4 529.4 540.4 551.1 559.8 568.3 565.4 549.7 535.6 523.1 513.9 520.7 545.3 566.4 586.6 604.6 623.9 634.2 615.7 591.6 565.3 548.5 545.6 546.2 563.8 570.2 574.4 571.3 566 560.1 556.9 555.5 558.4 561.4 555.4 557.7 567.9 566.5 568 567.2 562.5 549.4 536.1 513.7 487.6 454.7 421.1 431.1 452.9 479.4 502.7 526.6 543 557.9 566.4 559.8 531.4 501.7 480.3 462.8 487.8 514.3 538.9 556.4 570.9 575.5 575.4 569.9 554.2 522.1 492.5 469.2 453.2
394.9 408.5 425.7 449 473.2 499.2 522.8 536.9 549.9 563.5 571 574.7 567.4 555 542.7 535.3 536.6 556.5 578.4 596.6 613.9 630.4 634.4 605.4 576.5 548.4 518.3 515.4 521.4 540 540.2 538.8 536.8 537.6 533.5 542.1 558.7 566.6 575.3 578.5 581.2 583.8 584.7 579.4 574.4 565.8 546.3 531.7 505.3 481.1 450.9 421.6 438.4 454.3 481.4 506.9 529.4 552.1 569.8 577.2 571.6 546.2 518.6 499.7 481.1 484.9 507.5 534.7 555.9 572.2 579.2 579.6 573.6 559.4 527.2 497.3 476.7 460.1
