public/OST50/SD69.asc
ncols 200
nrows 200
xllcorner 360000
yllcorner 490000
cellsize 50
[rows 105 to 139 of 200, columns 0 to 77 of 200]
216.2 218.5 221.2 222.9 224.7 231.9 237.1 241.8 247.4 249.3 250.6 256.5 260.8 269.4 279.2 287.2 292.4 294.5 291.2 291.4 296 298.9 301.9 299.9 295 289.3 285.7 283.3 283.4 279.1 275.8 272.9 267.4 266.9 264.4 274.6 277.9 282.8 281.1 276 272.8 271.2 265.1 256.7 248.8 233.7 219.8 201.6 188.5 179.6 164.9 152.2 136.1 113.1 115.5 116 123 136.8 139.1 138.6 138.5 142.8 145.9 142.8 142.4 145.9 149.1 151.7 156 162.5 166.6 167.8 168.9 169.9 174.7 181.8 183 192.7
216.6 217.9 222.3 223.7 227.5 233.3 237.4 242.2 246.9 249.9 253.1 257.4 262.3 269.8 279 286.1 288.2 288.8 289.5 290.3 299 304.8 304 299.8 296.5 299.3 297.1 294.8 291.7 287.6 285 281.8 275.1 275.3 276.7 278.6 282.6 284.6 283.4 281.2 274.9 267 261.8 259.5 255.6 240.2 225.2 205.3 189.3 177.3 165.3 152 138.7 117 114.3 115.9 116.6 136.9 139 139.9 139.9 143.8 141.1 141.2 144.1 146.7 150.5 154.3 159.4 164.6 165.9 166.9 168.2 170.7 177.4 184.5 188.8 196.8
223.8 221.3 224.1 230.5 232.3 232.8 237 242.8 246.2 247.4 253 258.1 265.1 272.1 280.2 284.7 283.5 284.9 284.3 291.1 298.3 300.2 297.8 294.2 297.7 302.6 304.1 306.8 303.8 301.7 295.7 289.2 283.8 281.3 282.3 285.4 286.3 290.5 286.4 284.9 278.8 268.1 259.9 255.7 251.9 242.3 227.7 207.9 190.7 178.1 164.4 154 139.7 124.2 110.6 115.1 115.2 135.3 136 138.3 131 135.9 140.9 143.5 144.8 148.3 151.4 158.5 161.1 164 166.5 167 168.6 172.1 177.3 180.2 184 195.3
230.3 224.4 227.8 232.2 233.4 235.8 240.2 243 243.9 246.9 254.8 260.4 267.6 276 282.2 284.1 282.1 281.6 282.6 290 294 293.8 290.7 290.6 298.2 304.6 307.1 309.4 310.1 307.7 304.7 296.3 293.8 291.1 295.3 300.8 299.4 302.1 297.5 287.4 280.7 269.4 262.8 252.9 241.4 233 221.4 208.3 192.2 177.4 166.2 154.5 142.9 130.1 117.7 109.6 114.3 119.7 128.9 121.8 134.3 141.1 141.6 142 144.1 149.1 157.1 159.6 163.3 164.9 165.7 166.4 169.6 174.9 177.7 178.2 181.1 188.1
233.3 227.1 229.7 233.1 236 238.2 240 242.3 244.5 249.7 256.1 263.1 269.7 278 281 281.6 280.7 281 285.4 289.8 291.7 290 288.7 289.7 298.6 301 307.7 312.6 314 312.2 309.9 305.9 301.6 297.5 302.9 308.6 306.9 309.4 301.1 289.3 279.9 268.3 263 250.7 241.7 233.5 221.3 209.2 192.3 177.9 167 155.7 142.7 131.5 119.2 113 110.8 113.8 117 123.3 133.7 140.2 139.3 140.2 143.4 148.6 155.9 162.5 168.1 167.9 167.9 167.6 173.2 176.6 176 176.4 178.8 181.6
233.7 228.4 231.4 235.2 241 241.9 245.3 245.1 245.6 249.5 257.5 265.8 273.6 283.2 284.2 281 280.1 282.3 286.1 289.4 289 288.6 288.7 291.5 300 301.6 312.6 317.1 317.9 318 316.2 313.8 306.1 302.3 303.8 308.1 312.8 309.8 300.5 291.8 276.3 264.6 256.2 247.1 237.3 224.6 215.8 206.6 193.1 179.8 169.7 158.2 147.2 135.3 123 116.6 109.3 114.8 115.7 121.9 128 133.9 137.4 142.8 151.3 155.2 159.3 165.5 168.2 165.4 164.8 170.1 175.3 173.3 176.3 180.1 182.5 186.1
238 234.4 232.6 240.8 245.6 248.9 252.3 254 258.5 261.2 266.8 272.1 281.8 287.8 284.7 280.8 280.4 284.6 286.6 288.1 288.2 288.4 289.1 292.5 299.5 303.7 311.9 314.3 317.5 323.2 320.9 316 306 304 302.7 308 311.6 304 294.5 283.7 269.8 258 250.7 243.8 236.6 225.7 214 202.4 189.5 181.6 173.8 163.4 151.2 140.5 128.7 120.8 113.1 113.5 113.8 120.5 135.6 142.2 146.2 148.5 157.4 153.1 160 165 168.3 167.3 166.1 173.2 173.4 173.8 178.5 186.7 188.1 190.5
239.1 235 236.7 244.3 247.4 252.8 256.6 262.3 268.4 269.6 270.6 275.6 284.2 288 283.5 280 281.9 285.7 287.6 288.8 290.4 292.1 293.7 294.3 299 305.5 312 314.7 316.2 319.8 318.6 312.7 302.5 300.3 300.8 305 302.5 295.4 285.7 275.1 262.9 253.4 246.6 241.7 234.7 226.1 213.9 200.9 188.9 180.4 174.6 165.3 157.4 145.5 133.1 122.1 115.2 108 113.4 118.5 141.1 147.7 147 149.9 154.9 150.9 160.4 162.8 166.8 161.1 166.3 170.4 171.9 176.3 179.4 186.2 190.2 190.3
240.2 234.9 240.3 245.2 248 257.6 257.8 263.1 268.1 273.5 273.5 277.4 286.2 285.7 280.6 280.6 283.7 287.4 290.8 293 295.2 295.3 294.2 293.9 298.5 304 309.6 313.1 316 317.9 314.2 307.6 297.7 296.3 297.5 296.4 291.4 282.8 274.2 263.4 256.8 251.6 244.2 238.9 233 225.5 212.3 201 189.5 182.9 178.4 170.2 160.5 149.6 138.6 124.7 115.1 108.2 113.5 113.9 136.4 140.5 144.3 147.7 149.2 157.1 159 164 160.7 162.4 168.1 171.1 174.7 179.7 181.8 185.9 190.9 192.4
239.2 234.8 243.1 245.9 251.5 259.4 257.5 262.5 266.8 270.4 271.5 277.8 283.7 280.4 280.9 284 286.2 289.5 295.1 294.7 292.6 292.4 291.3 293.7 297.7 302.5 305.2 308 310.9 311.2 308.1 299.1 293.4 293.6 292.5 286.1 279.8 272.9 264.3 255.3 251.7 247.2 242.1 235.9 231.1 224.6 211.8 198.9 190.2 186 181.3 174.5 165.1 151.7 139.3 124.4 115.9 110.7 112.9 117.1 134.8 137.9 141.8 143.2 154.9 153 154.3 155.6 157.5 160.9 164.2 171.8 176.5 180.5 181 184.8 189.2 190.9
238.2 236.1 247.5 250.5 255.1 257.4 256.9 261 265 267.1 270.3 275.9 278.4 277.5 282.8 286.4 290.1 295.4 299.5 297.2 294.3 293.6 290.9 294.4 297 299.2 302.7 305.1 305.5 305.3 299.8 295 289.7 289.4 285.9 280 272.4 265.5 253.8 249.2 246.9 242.7 238.3 232.6 228.5 223.6 213.8 199.8 191.3 186.2 178.6 172 163.8 153.2 139.9 131.9 118 113.3 109.1 114.8 131.2 136.2 138.8 144.1 142.1 145.7 152.8 159.4 162.4 164.6 168.5 175.1 179.6 179.9 180.1 182.3 184.8 190.9
235.9 240.1 249.3 251.4 253.2 254.5 255.3 259.3 264.7 268.8 271.8 274.4 276 278.8 285.9 291.6 296.2 303.4 303.2 296.5 294.8 290.3 290.3 292.4 294.9 296.4 298.7 300.1 300.2 297.8 295.3 292.4 287.5 283.9 280.8 274.9 266.3 259.6 250 244.6 242.2 239.3 235.4 230.2 226 221.1 210.7 196.9 188.3 181.9 174.9 168 160.5 151.4 140.7 128.9 117.9 114.3 107.1 113.7 131.8 139 141.8 140.2 140 144.9 153.9 159 165 170.4 171.7 176.3 178.7 180 179.1 180.5 184.5 183.6
235.1 244.3 247.7 249.9 252.2 252.6 256.3 261.1 267.7 272.2 275.4 277.8 282.9 282.5 289.5 299.2 302.9 310.6 302.5 296.6 292.6 290.1 289.8 292.4 291.6 291.2 294.6 295.6 295.1 291 291.8 292.1 285.7 279.8 275.3 269.5 264.8 259.6 254 247.7 244.6 238.9 228.9 225.2 221.6 216.1 211.2 203.4 198.5 191.2 181.3 176.1 168.2 156.7 143.6 132 116.2 113.6 109.7 112.5 134 146.4 144.1 138.1 138.8 144.4 151.5 159.6 170 171.2 175.9 177.7 178.5 180 178.6 178.9 180.1 186.7
236.8 247.2 249.1 250.3 251.3 252.1 258.1 261.2 268.1 272.8 276.8 282.8 286.8 287.9 292.3 301.1 307.9 311.7 305.6 298.8 293.6 289.5 289.6 291.5 289.8 286.9 288.3 289.3 289.2 288.1 289.9 287.4 283.8 276.7 272.3 269.5 267.2 263.9 260 255.5 251.9 245.9 237.9 232.5 228.7 224.6 217.4 211.4 206.4 198.5 186 180.5 172.8 160.4 146.1 136.2 126.8 112.4 111.2 112.2 134.5 143.4 147.2 136.4 140.3 145.2 153.4 163.9 169.6 178.7 181.9 180.9 181.7 180.9 179.2 178.3 177.3 186
237.6 244.9 247.3 251.3 248.3 250.3 256 261.9 267.5 273.6 279.8 284.7 291.5 291.7 295.6 303.7 315 315 307.6 301 295.7 290.4 288.2 289.6 289 287.4 284.5 283.6 282.9 284.9 284.9 283.2 281 275.9 271.2 271.5 272.7 270.8 268.6 267.5 263.6 255.1 253.3 244.6 237.7 232.7 225.2 219.1 213.7 204.8 193.9 185.2 171.8 162.5 149.5 138.5 127.9 113.3 112 109.5 130.5 141.3 139.9 133.3 139 145 157.1 164.5 175.6 181.8 183.9 185.2 184.6 181.9 181.1 175.4 174.9 180.3
237.3 240.9 249.4 250.4 247.1 251.5 256 262.5 268.2 275.3 281.2 286.7 291 293.3 298.1 308.9 316.7 312.3 308.1 302.6 297.6 291.5 286.9 287.3 287.3 287.1 282.7 280.2 279.8 283.2 281.3 278.6 276.4 273.2 269.3 270.9 276.1 276.3 276.3 278.8 275.5 266.1 264.6 258.5 251 243.8 237.6 231.3 220.5 209 198.6 186.7 175 165.5 156.6 142.4 133.7 116.7 111.7 107.7 124.1 127.3 127.1 135.6 137.8 143.2 153.7 167.7 180.8 184.6 185.3 186.2 185.8 183.1 182.7 177.4 174.7 174.1
235.5 241.8 248.3 245.9 245.8 250.3 258.1 265.8 271.2 276.8 283.5 289.6 291.5 295.8 302.7 310 312.5 309.2 308.4 303.6 300.7 291.8 287.3 285.8 284.3 283.4 281.3 278.4 278.5 278.7 276.6 275.3 272.4 269.7 266.6 272.2 277.9 279.6 282.1 284.1 280 279.1 279.6 272 263.8 256.2 253.9 245.3 229.5 213.4 203.5 193.6 180.8 167.8 157 143.1 133.7 118.6 110.8 107.4 117.1 128.7 125.7 132.5 137.7 144 153.8 166.2 175.8 180.6 183.9 184.2 183.5 182.6 179.4 176.3 172.4 166.7
235.6 242.3 245.4 242 245.3 253.3 261.2 268.3 272.7 278.2 282.6 291.2 294.2 299.8 306.4 309.8 309.8 304.8 304.4 303.8 300.8 291.8 290.1 288.6 281.9 280 277.8 276.6 278.1 277.4 275.7 274.4 268.5 264.6 266.3 271.2 274.7 279.3 283.5 287.1 287.2 289.2 289.6 283.7 276.3 271.6 267.9 259.1 239.7 220.4 208.2 197.7 186.1 171.5 156.4 145.8 131.4 119.1 111.3 106.6 113.6 118.6 126.2 133.4 136.7 142.6 151.5 165.1 175.4 180.5 182.8 182.4 182.4 180.7 177.1 173.5 169.3 164.5
236 241 241 240.5 245 255.4 265 271.4 274.7 277.5 284.4 292.5 297.3 301.6 307.5 310.2 307.7 304 301.9 300.8 297.8 292.5 292.9 289.9 281.8 277.6 273.9 275.3 275.6 273.5 271.5 269.3 264.8 260.8 265.4 271.7 275.6 279.4 285.7 291.6 293.4 297.5 298.5 296.3 289.2 279.7 276.2 268.4 250.4 226.4 210.1 196.6 185.7 174.8 160.6 150.4 136.1 120.1 112.4 104.4 111.9 127.2 134.8 134.6 137.8 145.3 155.2 164.7 172.6 178.8 180.3 180.4 179 175.7 175.1 170.7 166.1 162.1
233.6 236.6 239.5 245.4 247.8 259 266.3 274.4 276 279.5 286.5 294.5 299.1 303.6 308.3 307.9 304.9 302.9 301.6 299.7 296.8 294.7 294.9 290.8 282.7 277.8 277.2 274.7 268 269.8 266.4 264.2 259.6 259.7 262.8 269.3 272 279.5 288.6 292.3 299 302.6 303.8 301.1 296.4 288.4 281.6 275.6 256.2 234.8 211.2 200 186.2 173.9 163.4 150.9 140.4 129.3 113.3 109.5 110.3 126.4 134 136.3 142.5 150 155.4 164.6 172.4 177.8 178.8 178.4 176 172.7 170.2 166.3 162.2 160.3
233 239.2 244.5 246.7 250 260.8 268.8 274.4 278.3 283.7 290.2 296.4 300.3 305.1 305.8 303.1 301.7 303.3 302.1 298.3 295.7 296.8 296.6 291.9 282.9 278.8 278.2 275.7 270.3 261.7 261.1 259.3 256.6 257 260.5 267.2 275 281.2 285.1 292 298.5 303.2 304 302.4 301.3 287.6 284.5 277 261.5 242 218.4 204.7 194.8 176.6 163.3 154.1 145.3 129.8 115.8 110.4 105.4 123.5 133.4 135.9 147.2 151.3 158.6 165.1 170.4 173.7 174.2 173.5 171.9 169.6 166.4 164.2 159.3 160.8
234.8 243.7 246.7 251.2 255.1 262.4 269.9 276.6 283.6 288.4 293 297.7 301.3 304.5 301.7 299 300.6 304.8 302 297.4 296.4 298.1 297.6 291.7 282.1 279.4 278.1 273.8 268 260.8 258.4 256.1 254.6 255 257.8 262.8 268.3 276.3 280.8 288.1 298.1 300.6 299.5 302.6 298.8 289.6 282.1 280.3 268.9 250.9 227.3 209.6 198.3 180.3 165.6 154.5 146.8 131.8 117.1 109.8 102.6 119.5 128.7 132.7 144.7 151.5 156.7 162.4 168.5 170.9 172.1 171.6 169.7 165.5 162.8 158.1 155.1 159.9
241.1 246 248.1 252.1 257.1 264.2 271.3 278.6 285.3 289.9 294 300.2 302.4 302.2 299.2 298 302.8 306.6 303.3 298.2 297.2 299.3 298.3 292.8 281.6 278.7 276.1 271.7 267.9 261.4 257.3 254.8 253.6 253.7 257 259.2 265.8 271.6 277.6 286.1 292 294.7 298.8 303.2 298.8 290.2 280.7 278.8 270.5 256.6 242.5 220.3 199.1 184.3 169.1 156.8 146.9 131.8 120 110.2 102.4 119.7 132 133.3 140.7 145.9 151.6 159.5 164.2 169.2 166.5 161.7 161.5 160.2 149.5 150.5 153.1 157.4
243.7 245.4 245.9 250.8 257.8 264.8 273.7 281.2 286.6 291.2 295.8 302 302.2 299.5 298.4 297.8 304 308.1 304.4 299 298.6 300 298 291.4 283.5 279.8 274.1 270.3 268.1 264.8 260.5 255.9 252.6 252.1 254.8 254.6 261.9 267.2 273.5 280.5 285 288.9 300.9 302.3 300.2 291.8 283 277.1 269.8 262.1 251.7 227.4 204.3 187 172.7 157.4 144.6 131.1 119.3 111.6 102.1 117.1 129.9 132.7 134.3 143 152 155.8 161.8 163 161.6 163.5 157.8 152.4 147.9 153.7 162 164
245.2 243.7 244.5 251.4 259.1 266.9 275.6 283.4 289.4 293.6 299.2 303.4 301 298.1 297.2 298.5 305.1 308.3 305.4 300 299.9 300.4 296.4 289.8 285.3 281.8 278.5 273.5 269.4 266.9 262 257 251.6 251.7 253.1 252.4 259 264.1 270.5 273.6 279.8 288.5 298.7 297 297.4 290.3 280.9 268.1 261.8 259.1 244.9 229.1 205.9 188.5 175 157 145.5 135.3 120.5 110 102.7 114 117.1 124.1 129.2 135.9 144.7 158 160.8 155.6 159.2 161.1 155.8 144.6 151.3 159.8 164.7 166.5
244.3 243 244.7 251.1 259.4 268.8 279.3 289.8 294.1 298.3 302 303.4 299.8 296.1 295.8 298.8 305.1 307 305 303.6 303.2 299.6 294 289.2 284.6 280.6 278 274.4 272.4 270.1 265.4 260.1 254.4 250.5 251.2 251.6 257.2 261 264.9 270.2 279.7 283.1 286.4 288 292.9 289.3 272.7 261 255.3 249.1 237.9 221.2 205.1 189.5 175.7 164.2 150.5 138.6 121.8 109.4 102.7 116.4 126.9 128 134.2 133.6 145.1 158.5 152.9 147.6 145.3 146.2 149.1 143.8 152.9 163.9 164.3 171.2
243.2 243.8 246.5 252.3 261.1 271.5 283.7 291.7 294.3 297.4 300.5 300.8 298.1 293.5 295.8 298.9 304.2 304.9 304.4 304.7 301.3 296.7 288.5 283.5 282.4 278.5 275.3 274.4 277.4 274.4 267.9 261.1 253.8 251 249.9 252.2 252.4 257.7 262.3 268.6 274.7 277.7 279.5 282 286 281.7 266.9 257.7 253.8 245.7 235.4 223.6 208.2 193.9 181.4 171 157.4 141.9 124.8 109.1 102.2 116.9 126.7 130.5 133.7 134.7 138 143.4 146.7 153.9 148.1 143.2 140.1 146.1 159.9 161.1 167.2 177.1
242.7 244.6 249.1 254.6 262.8 272.8 283.5 288 289.9 293.2 296.4 296.6 294.5 291 294.6 299.1 303.2 303.7 303.9 302.8 300.8 295.3 289.4 287.2 279.8 274.2 272.3 274.3 280 277.9 268.1 260 255.2 251.8 253 247.6 248.3 253.7 260.9 265.8 270.9 270.6 273.6 275.6 274.6 271.6 263 256.1 251.3 247 241.6 227.6 213.8 199.8 186.4 174.1 161.9 145 129.1 112 102.4 112.5 121.4 123.6 126.9 127.1 130.1 134.8 137.2 142.5 145 136.1 142.1 151.7 158.6 162.2 170.8 177.2
246.5 249.5 252.9 257.6 264.1 273.8 281.5 283 284.9 289.5 291.5 291.5 290.8 289.4 292.8 298.3 302.6 306.7 303.2 302.6 302 295.3 291.5 291.2 280.2 274.1 268.5 272.6 277.8 276.2 266.6 258 255.3 256 254.1 250.2 241.4 249.7 256 260.5 263.3 262.7 265 266.4 264.5 265.8 261.1 254.7 252.2 254 244.3 233.8 221.1 205.7 193 179.1 166.1 149 130.9 117.5 103.5 109.1 118.3 129.1 134.7 137.8 134.2 131.4 133.2 135.8 132.3 136.6 144.9 154.6 157.1 164.8 172.8 178.3
251.4 254.4 256 259.6 266.8 273.8 277.7 278.7 284.6 289.4 290.1 288.6 288 287.8 292.6 296.8 302.8 305.3 303 302.4 300.6 295.3 296.3 286.9 280.8 273 263.6 268.7 272.6 271.3 263 260.5 262.9 260.9 257.3 248.7 239.5 243.9 250.5 255.8 255.9 255.9 257.8 258.4 257.5 260.5 256.6 252.9 259.7 258.8 248.9 240.7 228.2 212.6 199.4 184.7 171.2 154.6 132.6 121.5 107.6 102.1 119.4 132.3 135.9 136.2 139.7 132 132.4 132 131.9 139.6 145.7 155.1 160.4 168.9 175.9 180.4
255.1 259.4 260 262.7 267.5 271.6 274.2 278.8 284.8 290.9 292.4 287.9 286.3 287 289.5 296.4 300.3 301.8 304.4 300.8 296.9 294.3 290.2 285.8 279.3 273.5 262.8 261.9 265.5 264.1 259 262.1 265.7 261 255.4 246.5 236.2 240.8 246.4 250 251.3 251 251.2 251.2 250.1 250.7 252.5 252.3 258.8 260.2 251.9 240.4 230.5 218.3 204 187.8 172.7 156.2 134.6 122.2 112.6 100.4 115.2 131.5 137.7 139 134.8 131.3 126 129.7 136.9 142.1 150 156.5 164.4 171.9 178.1 182.5
256.9 260.7 262.5 262.7 264.9 268.1 271.9 279.4 287.7 291.9 292.6 288.9 286.4 286.6 290 298 299.7 301.9 302.2 297.1 294.6 291.7 288.1 282.4 278.9 274.4 265.1 255.6 256.9 255.9 254.5 258.2 262.7 257.1 250.9 243.8 234.2 239 243.3 245 247 247.5 248 245.9 245.3 245.6 253.7 250.6 250.7 249.9 246.2 235.1 225.2 216.5 205.4 190.4 176.5 159.8 136.9 121.8 112 101.4 110.3 128.7 137.5 140.9 135.8 125.4 126.2 132.7 137.6 144.4 147.7 157.7 162.3 170.9 180.6 187.2
259.5 260.7 264.2 262.9 261.9 265.1 271.6 283 292 293.7 291.4 287.9 285.8 286.5 290.4 297.8 298.1 298.2 297.2 297.9 290.9 287.5 284 281.6 282.1 273.7 266.2 260 252.9 246.2 248 251.6 254 253.6 246 241.2 233.8 238 238.8 240.5 240.9 244.2 243.6 243.2 242.6 242.6 247.3 244 244.3 242.5 236.8 231.9 222.5 212.8 202 189.8 176.2 159.2 138.7 119.8 110.3 100.4 109.1 127.4 130.2 130 121.5 123.8 130.1 132.7 138.5 143.7 151.1 158.7 167.9 174.7 184.3 193
260.3 264.3 266.3 262.6 259.2 261.6 270 278.2 284.7 287.5 286.1 286 291.6 291.1 291.1 296.7 298.2 298.7 296.5 295 286.5 281.7 278.1 279.5 281.7 273.7 267.1 257.8 251.9 248.2 240.4 244.8 245.2 244.1 239.1 236.3 230.6 234.1 235.4 234.4 235.9 240.5 240.5 240.6 241.5 241.7 242.4 240.5 239.3 235.5 231.2 226.1 217.8 212.8 203.7 186.9 171.1 155.6 136.4 117.7 108.2 99.7 110.8 126.7 123.7 116.7 122.9 131.6 135.8 134 136.7 143.6 151.3 159.8 169.4 175.2 181.2 187.1
262.7 266.8 265 260.7 257.9 262.1 266.6 270.9 273.5 277.3 279.8 285.2 290.9 290.3 290 296.1 298 292.8 292.3 291.8 283.2 275.4 273.8 276.9 277.1 272.5 266.6 256.6 249.4 245.5 236.1 238.2 237.9 234.4 229.4 230.5 230.4 232.4 231.6 232.9 234 237.2 238.1 237.3 239.4 240.7 238.8 238.8 235.5 231.7 227.9 222.1 210.6 205.4 193.8 180.5 168.1 154.3 134.6 113.5 104.1 102.8 113 123.2 113.1 122.9 128.4 133.9 134.7 132.2 135.7 142 149.9 161.9 170.5 178.2 183.7 183.5
