public/OST50/SD71.asc
ncols 200
nrows 200
xllcorner 370000
yllcorner 410000
cellsize 50
[rows 140 to 174 of 200, columns 0 to 77 of 200]
225.5 224.4 222.5 220.9 218.4 215.2 211.4 207.1 202.1 197.7 192.2 188.6 185 184.1 183.7 181.8 180.1 178.2 174 169.2 164.7 159.5 155.3 151.5 148.3 148 148.5 148 145.6 143.2 143.6 145.7 144.8 143.6 142.5 142.3 142.1 140.7 136.8 131.5 126.1 122.4 118.5 111.9 114 118.4 131 139.7 144.8 144.6 144 142.7 140.4 141.1 139.8 138.7 138.7 142.1 135.1 136.6 136.1 134.4 130.2 124.6 116.3 106.8 108.2 109.5 110.3 112.6 118.1 119.8 123.5 125.7 125.3 128.7 133.5 135.7
221.4 221.1 220.8 219.4 217.8 215.5 212.3 207.8 203 197.8 191.6 189.4 187.5 186.2 184.8 182.7 182.1 179.8 176.5 172.4 167 163.2 157.6 153.4 148.8 150.6 152.1 150.6 148.7 145.7 145 147.1 148.1 147.6 147.3 146.9 145.2 143.7 141.2 138.6 136.8 133.5 129 122.3 115.7 111.6 123.8 133.3 140.1 142.5 142.8 140.1 140 140 139.4 138.5 136.7 136.6 132.7 134.6 134.3 133.4 130.2 124.4 114.8 108.7 106.3 108.9 110.8 111.9 114.2 119.4 121.5 120.6 124.9 129.3 131.4 133.2
217.6 217.2 216 216.7 216.4 215.1 212.4 208.3 202.9 197.1 194.2 191.2 189.9 188.2 185.7 183.5 183.4 181.1 178 174 170.4 167.9 160.7 157.1 153.7 153.2 152.1 150.3 148.3 145.6 144 146.5 148.8 148.7 148.2 147.8 145.6 143.4 142.4 141.5 139.9 138.4 135.9 132.1 123.5 115.5 116.6 124.6 133.8 136.8 141.1 140.9 140 139.5 139.8 138.5 138.5 135.9 132 131.8 131.9 131.4 128.3 120.9 110.7 107.7 105.8 107.1 110.2 112 114 116.1 117.4 120.9 126.3 128.5 129.9 130.9
214 212.9 212.6 213.5 213.9 213.3 210.6 207.4 203.3 198.9 195.5 193.7 191.7 188.6 186.1 184.6 184.4 181.7 178.1 175.3 171.7 169.1 167.6 159.5 156 152.4 149.8 147.3 144.8 143.5 143 145.3 147 147.2 147.7 148.2 146.8 145.2 141.8 140.5 139.9 138.3 138.1 137.7 127 116.4 113.6 114.3 122.6 127.9 139.7 140 138.6 138.7 138.7 138.1 138.5 135.1 133.1 128.9 126.9 127.6 125.1 118.9 110.3 105.9 106.7 106.5 107.9 110.6 112.4 115.4 118.3 121.9 125.6 127.4 128.8 129.5
209.9 208.8 208.3 209.5 210.7 210.1 207.9 205 202.4 199.7 196.3 194.7 192.3 188.4 186.4 185.2 183.8 181.3 178 175.6 172.9 169.1 164.8 159.8 154.9 151.1 148 146.1 144.7 143.4 141.4 142.5 143.8 143.8 146.3 147.4 147 144.8 142.2 139.8 139.5 138.1 136.9 136.3 130.3 121.3 113.6 110.7 116.8 123.7 129.9 133.1 136.3 137.3 138 137.6 137.3 134.7 132.6 130.5 127.6 122.9 121.5 115.8 106 105.5 106 106.1 106.9 108 111.1 115 120.2 123.8 125.5 126.7 127.1 128.1
205.6 204.7 203.9 205.4 206.2 206.1 204.3 203.2 201.8 199.4 196.6 193.7 190.4 186.7 185.6 185.3 183.3 180.7 177.1 174.9 175.2 169.6 166.1 162 157.3 152.4 147.9 144.6 142.4 141.1 140 139.8 139.5 141.1 143.5 144.2 143.6 142.8 141.5 140.2 140.2 139.1 137.5 135.7 132.7 127 118.8 108.6 112.7 117.5 118.4 121.2 129 136.8 136.8 136.6 136.4 133.8 131.7 130.1 128.5 125.2 122.1 113.6 102.8 104 105 104.1 105 108.2 111.5 114.7 120.2 123.4 125.7 125.8 125.7 127
202 200.6 199.5 200.7 201.3 201.2 200.9 201.2 200.3 196.8 193.6 191.1 188.6 185.8 185.7 184.8 182.5 179.5 176 174.3 174.7 171.1 167.3 163 158.3 153.6 149.3 145.6 141 138.4 138.3 138.7 136.9 137 138.6 139.3 138.8 138.2 138.7 139.3 140.2 139.5 138.3 136.9 134.9 131.3 123.9 115.4 108.1 108.1 110.6 114.9 125.7 135.9 136.2 135.2 136 132.3 130.6 128.8 127.7 126.3 125.3 118.6 111.1 103.3 102.2 102.1 103.3 109.2 112 115.2 119.5 123.3 125.4 124.6 124.7 126.1
197.5 195.5 195.5 195.7 195.5 195 197 198.8 197.9 192.8 190.2 188.5 187.3 186.5 187.1 184.8 181 177.9 175 174 173.3 171.5 167.9 163.7 159.1 154.8 150.6 147.3 144.2 141.1 138.6 137.7 135.1 134.1 135 134.8 134.1 135 136.4 137.2 138 139.3 139 137.2 136 135.4 131.4 126.4 119.5 111.7 106.2 111.3 127.3 135.1 136.4 135.4 134.4 131.1 129 128.1 126.3 126.4 125.2 121.5 115.7 107.7 102.6 101.2 102.8 105.6 112.1 115.4 120.5 124.3 124 123.5 124.6 125.2
192.1 192 192.2 192.5 192.6 192.8 193.5 194.5 193.8 191.3 190.5 189.1 186.3 187.3 185.8 181.9 178.4 175.1 172.7 173.4 172.5 170.3 167.7 163.9 159.8 156.2 152.8 149.3 145.8 142.1 138.5 136.8 134.9 131.9 132.7 132.9 131.6 133 134.5 135.2 136.3 137.1 137.5 136.4 135.8 135.6 135 133.9 129.2 119.8 109.7 111.5 132.4 134.9 135.1 132.7 131.9 129.9 128.2 126.3 126 125.1 124.9 122.3 117.7 111.2 105.1 101.2 100.8 102.5 107.9 113.2 119.7 123.8 123.5 123 123.2 123
188 188.8 189.6 190 190.1 190.9 192.1 192.9 191.4 191.7 190.8 188.5 186.2 183.1 181.4 177.1 173.5 170.1 168.9 168.5 169.3 167.7 165.6 163.2 159.7 156.6 153.5 150.3 147.3 143.7 139.7 136.8 133.3 129.6 130.1 129.8 129.5 129.9 130.6 132.1 134.3 134.9 135.6 134.3 134.5 134.1 133.9 132.8 131.7 125.2 111.3 107.9 125.6 131.9 133.3 132.5 131 129.5 127.9 126.9 125.4 124.7 123.8 121.7 117 111.1 105.9 101.4 101.5 101.7 105.2 111.9 118.1 122.3 121.9 121.3 121.8 120.8
185.2 185.4 185.9 186.8 187.6 189.5 189.3 189.5 190 190.6 187.8 186.3 181.6 178.8 175.9 172.9 169.1 166.1 164.6 162.8 163.2 161.9 160.4 158.4 156.3 153.5 150.9 148.7 145.8 142.2 138 135.4 132.1 128.3 128 128.3 128.6 129.1 129.5 129.5 132.4 133.3 132.7 132.4 133.6 133.6 132.4 130.9 129.6 128.2 113.3 105.7 119.9 130.8 130.8 129.9 129 128.7 127.6 126.7 125.2 123.8 122.6 120.7 114.2 107.5 103.2 100.8 101.2 102.1 106.1 111.1 115.2 118.7 119.1 119.8 119.4 118.2
182.1 181.9 182.5 183.1 184.6 186.9 186.1 183.8 183.7 184.4 182.3 180.8 176.8 173.9 171.1 167.9 164.6 161.6 159 158.8 158.6 157.9 156.3 155.1 153.9 150.6 147.6 145.1 141.2 138.5 135.3 133.6 131.6 128.6 126.1 127.8 127.9 127.4 129.5 130.9 131.5 132.1 132.3 132.8 133.5 132.6 131.5 129.7 127.2 127.1 112.7 105.8 113.8 125.1 128.7 128.5 128.9 129.1 128.5 127.3 126.3 124.7 123.5 120.7 112.6 103.2 100.8 101 101.2 103.6 107.5 111.6 112.7 116.7 117.2 118.3 115.9 118.7
178.2 178.4 177.9 177.3 179.7 182.3 179.3 177.6 176.9 176.6 176.2 173.5 170.6 167.6 165.4 162.8 159.5 158.7 157.1 155.9 155.3 154.9 154.4 153.1 151 148.5 145.5 142 138.6 135.7 133.2 132.3 130.2 128.1 124.8 123.2 123.7 125.5 130.1 131.8 131.9 131.3 130.7 132 132.2 131.7 130.4 129.1 125.1 121.9 109.7 106.7 112.2 125 128.3 129.5 131.9 130.7 130 128.5 126.8 125.3 123.8 119.7 111.3 101.7 100.3 100.4 100.6 102.2 108.1 111 113 115.5 115.8 114.7 115.6 119.4
171 173.1 172.9 172 173.5 172.9 171.8 172 171 170.4 170.4 169.1 166.1 162.8 160.7 158.1 156.1 155 154.4 152.9 151.8 151.9 151.9 150.8 149.2 146.9 144 141.4 138.2 135.6 132.6 130 126.9 126.3 123.4 122.6 123.1 126 128 129.6 131.2 130.3 129.4 130.3 131.2 130.5 129.7 128.6 124.6 115.2 108.3 107.6 111 126.2 128.9 131 131.9 131.5 130.2 128.7 126.8 125.1 122.7 118.4 109.7 99.9 100.1 99.2 100.2 100.2 106.2 110.2 112.7 112.9 111.1 113 117.3 119.3
165.1 168.4 167.9 166.8 167.6 167 166.6 165.4 166 164.2 164.3 163.3 161.3 158.8 157.3 154.5 153.2 151.7 150.5 147.8 148.5 148.7 147.9 148.7 146.8 144.8 142.5 139.4 136.5 134.4 131.8 127.6 127.3 125.6 123.5 122.9 122.5 125.8 126.6 127.6 128.8 127.6 126.6 127.8 128.5 129.1 127.5 126 119.2 110.2 105.5 106.1 111.8 126.4 130.5 132.2 132.5 130.8 129.9 128.5 126.3 124.2 121.7 117.4 107.1 99.2 99.8 99.8 99.9 99.7 105.6 109 110.5 110.6 112.7 116.2 117 118.4
157.6 163.2 163.2 161.9 162.5 162.4 162.2 160.3 160.2 160 159.2 157.2 156.3 154.9 153.9 151.1 148.9 148 145.8 145.3 145 145.5 144.9 145.9 144.8 143 141.3 138 135.8 132.8 131 128.3 127.3 125.7 123.5 122.9 122.1 122.4 123.3 124.5 125.9 125 124.4 124.8 126.2 126.6 121.1 110.6 108.5 107.8 105.2 109.5 123.4 129.3 132.1 132.6 132.4 131.6 129.5 128 125.2 123.1 120.8 116.3 107.6 99.6 98.9 99.7 99.6 103.1 106.2 106.8 107.8 109.8 113.2 115.8 116.7 117.7
156.2 158.7 158.9 159.1 158.1 157.7 157 156.7 156 154.6 152.3 152.5 152 150.9 150.1 147.4 145.1 144.3 143.4 142.3 142.6 142.8 142.6 143.5 142.6 141 140 138 135.3 132.6 130 127.5 126 123.9 122.7 121.7 120.7 121.2 122.2 122.2 122.7 121.8 121.1 122.4 122.5 121.5 116 104.3 102.7 103.1 103.1 114.9 126.9 131.7 133.7 134 130.8 131 129.1 127.1 124.4 122 120.3 115.6 105.9 97.8 99.5 102.2 103.3 104.8 106.3 105.9 105.5 109.8 112 113.6 115.6 117.3
153.1 150.9 155.5 153.6 154.3 156.4 152.6 152.4 151.5 150.4 149.4 149.1 148.6 147.7 146 143.6 141.4 141.3 141 139.6 139.7 140.6 141.3 141 140.2 139 138.1 137.2 134.8 131.6 128.7 126.6 125 123.5 122 118.8 118.8 120.5 119.9 120.2 120 119.9 119.1 119.5 118.7 116.8 113.8 106.8 102.8 104 109 121.1 129.7 133.4 134.2 132.6 129.8 129.7 128.2 126 123.6 121.6 119.8 115.4 107.6 97.4 99.1 103.4 100.9 101.9 104.9 106.3 108.8 111.3 112.6 113.1 114.4 116.5
148.2 147 150.9 152.1 154 155.3 154.7 152.9 148.3 147 146.2 145.5 145.2 143.3 142.2 141 139.1 138.4 138.6 138.1 138.6 139.4 139.7 139.3 138.4 137 136.3 135.2 133 129.9 128 125.8 123.8 122.2 120.6 114.9 117.8 119.2 119.1 119.1 118.4 118.8 117.6 116.2 111.5 110.4 108.6 105.1 103 105.1 115.1 125 131.4 134.4 134.7 133.3 129.7 128.1 126.5 124.8 122.6 121 119 116.5 109.9 104.5 97.4 97.2 97.6 97.5 101.7 105.9 109.4 111.3 111.6 113.3 114.6 115.7
150.3 146.1 143.8 146.8 152.6 154.8 153.8 152.4 150.8 147.6 144.9 142.2 141.7 140.9 139.9 138.4 136.3 135.6 135.6 135.7 136.6 137.4 137.8 137.5 136.6 135.5 134.8 133.1 131.2 128.5 126.7 125.2 122.7 121 119.9 114.8 115.1 118.6 119.5 118.9 117.3 116.6 114.8 109.2 101 101.6 102.4 101.8 102 107.7 120.4 127.7 131.7 133.7 133.7 132.9 128.6 127.5 125.5 123.5 121.9 120.5 119.1 117.8 112.2 106.1 102.5 99.2 97 95 98.4 101.7 107.6 111.2 111.7 111.5 113.9 114.3
149 145.6 143.1 142.6 150.8 154.8 151.8 150.1 148.6 145.7 144.5 143.2 140.4 139.6 137.9 136.2 133.7 133.1 132.7 133.1 134.1 134.7 134.9 134.8 134.4 133.2 133.3 132 129.7 126.9 125.3 123.7 121.4 119.7 119.1 116.7 110.2 112.9 117.9 118.8 118 116.2 112.6 103.5 99.4 99.6 100.4 102.6 105.2 115.3 124.9 128.1 131 133.2 133.3 131.7 127.9 127 124.9 123 121 119.8 118.7 117 112.7 107.9 101.6 99.9 98.8 98 97.5 96.5 101.3 109.2 111.4 111.9 112.1 113.5
149 145.6 141.1 137.8 143.2 148.9 149.1 148.1 145.2 144.4 143.9 141.2 139.9 138.6 137 137.1 134.1 131.9 131 128.1 130.7 131.3 131.1 131.3 130.6 130.7 131.2 130.3 128.2 125.2 123.8 122.1 120.1 118.9 116.3 117.3 113.3 108.7 115.3 117.7 117.4 116.3 111.9 101.4 99.1 98.8 98.7 102 107.7 119.1 125.2 126.7 130.8 132.1 132.7 131.2 127.6 127.2 124.4 122.3 120.1 118.9 118.1 115.1 111.1 105.3 101.6 99.6 98.3 98 97.6 94.7 99 107.9 110.7 112.3 112.5 112.5
155.8 154.5 148.3 140.8 135.7 143.4 146.6 145.7 144.6 143.7 143.1 140.3 139.3 138.5 137.6 137.3 134.7 131.7 130.9 128.8 126.9 129.5 128.8 127.6 127.2 126.8 127.3 128.4 126.6 124.1 122.8 121 118.9 117.7 114.5 113.9 112.8 106.5 111.5 114.7 116.6 115.6 110.4 101.1 98.6 98 97.9 100.9 109.7 121.3 125.6 126.8 130.5 131.1 131.9 131 128.1 125.3 124.7 122.2 120.1 118.9 117.1 113.6 108.5 104.3 101.7 95.6 93.2 94.4 93.9 95 99.6 107.7 109.9 111.7 113.5 113.3
155.3 154.2 152 145.7 135.2 137.3 143.1 143.9 143.3 141.9 140.1 139.2 138.1 137.6 137.8 137.7 134.3 131.3 130.4 126.6 124.6 126.1 125.3 125.6 125.5 125.8 125.6 126.1 124.6 122.5 122.3 120 118.9 118.5 116 114.3 111.7 105.7 103.8 109.9 113.4 111.4 107.4 101.5 98.2 98.1 97.8 99 109.6 121.4 125.8 127.1 130.8 131.6 131.5 130.6 128.1 125.3 123.4 121.3 119.4 118 116.1 111.5 106.1 103.2 100.6 95.6 97.2 103.9 102.7 98.4 100.9 106.5 109.2 111 112.2 112.1
151.6 149.7 146.7 145.6 141.4 132.4 134.7 141.2 141 139.7 138.4 137.8 137.2 137.5 136.8 134.9 132.7 129.5 127.8 126.2 124.4 123.2 122.8 123 123.2 124.3 124.8 124.1 122.1 121.3 120.9 119.1 117.8 117.3 115.6 116.1 116.4 112 102.7 103.8 106.1 103.9 100.7 98.1 96.4 98 98.1 98.1 105.1 117.3 125.1 128.2 130.9 131.7 131.4 128.3 126.1 124.7 122.3 120.3 118.9 116.6 113.7 109.1 104.1 101.1 97.6 94.3 101.9 108.8 108.7 105.7 103.1 105 106.8 109.9 110.6 110.8
149.9 148.6 145.9 144.8 143.8 135.9 128.7 135.8 138.8 136.9 135.5 135.4 136.4 135.8 134.8 133 130.4 127.2 126.3 124.7 123.2 121.5 120 121.6 121.9 122.8 123.2 122.1 120.2 120.1 119.2 118.6 116.9 116.5 115.7 117.6 117.4 113.9 105.4 98 98.1 93.8 94.1 94.4 95.3 95.9 96.6 96.8 102.2 116.1 124.8 128.2 130.5 131.1 130.3 126.5 125 123.8 121.4 119.2 116.9 114.5 109.7 104.2 98.3 94.8 92.8 96.9 104.8 109.3 110.6 109.9 108.6 109.5 109.3 109.6 108.8 109.8
149 148.2 145.2 144 141.2 136.8 128.3 128.3 133.3 135.1 133.9 136.3 137.7 135.6 133 129.9 127.2 125.1 124.3 123 122.5 121.3 120.1 120.2 120.8 121 121.7 120.7 119 118 116.7 116.5 116.5 116.5 115.7 115.6 116.8 114.7 108.5 98.7 92.2 94.1 93.2 94.5 96.7 97.2 96.7 96 106.4 119.6 123.7 127.2 129.6 129.6 128.8 125.2 124.5 123.3 121 117.7 115.2 111 102.7 96.3 92.4 97.1 98.6 101 105.9 109.7 112 113.8 110.9 110.3 110.7 111 109.9 110.4
145.9 144.5 141.6 140.6 140.4 139.9 134.7 125.3 125.1 129.3 134.1 137.6 136.6 134 130.2 127.1 125.5 124.2 123.3 122.7 122.1 120.2 118.8 116.6 117.9 119.7 119.1 117.3 116.1 115.5 114.7 114.8 115.5 115.4 115.2 113.4 113.9 113.1 109.6 101.6 93.4 93.5 93.3 93.3 96.4 99.3 104.6 108.1 115.3 118.8 122.9 125.2 127.7 127.4 126.9 124 124 122.4 119.8 117.5 114.4 107.8 97.5 91.4 97 99.2 99.2 101.6 105.6 110.1 114.3 116.1 114.7 114.2 113.5 112.8 110.9 111
143.2 141.3 140.4 140.1 139.8 137.5 136 131.2 121.8 123.2 132.2 135.2 133.6 131.3 128.3 126.5 125.5 124.5 123.1 122.6 122 121 119.2 117 115.4 115.7 117.5 116.3 114.9 114.2 113.7 114.9 115.1 114.5 114.3 113.3 111.3 110.3 110.1 106.1 97.7 93.7 93.4 93 93.6 102.2 107.2 111.3 114.5 118.3 121.4 123.3 125.1 125.7 124.8 122.8 122.3 120.8 118.2 116.6 113.7 104.9 93 93.5 97.9 98.4 98.8 100.4 106.7 111.7 116.8 118.9 117.1 116.1 112.3 111.8 112.2 112.4
140.6 139 137.8 136.9 135.4 135.4 135.3 131.5 124.5 118.8 130.5 131.5 129.7 127.8 126.7 125.9 125.4 124.3 123.1 122.6 122.8 122.2 121 118.1 115.7 114.6 115.3 115.3 113.2 112.3 113.5 114.7 114.8 114.2 113.6 112.8 110.9 109.7 109.6 108.4 102.6 95.8 91.6 92.2 90.9 101.3 107.4 110.7 113.7 116.6 119.2 120.3 122.2 122.9 122.6 122.3 120.5 118.5 116.7 115.7 111.5 100.2 88.8 94.3 97.4 97.5 97.9 99.9 107.8 112.6 117.6 119.9 117.7 116.9 115 115.5 114.2 112.4
138.1 136.9 136.5 134 130.3 129.7 129.4 126.2 121.4 119 125.8 126.8 125 124.1 123.6 124.5 124.2 123.6 122.2 123.1 123.3 122.6 121.1 120.5 117.5 115.2 113.6 113.4 111.3 110.6 113.5 114 114.1 113.9 113.1 112.4 110.7 109.1 108.5 109.1 104 94 92.5 92.2 93 103.5 106.8 109.8 111.9 115.4 116.7 118.6 119.7 120.1 119.8 121.2 117.7 116.1 115.2 115 110 97.5 89.2 93.9 96.6 96.5 97.7 99.2 109.5 113.7 116.2 118 115.5 116.7 116.1 114.5 113.5 112.6
135.7 135.9 132.6 126.7 122.8 121.7 121.3 119 117.3 117.4 115.1 118.9 119.9 118.5 118.7 120 119.7 119.3 119.7 121.1 122.8 122.5 121.8 120.8 117.2 114.2 113.1 112.4 109.7 108.1 110.2 111.7 113.1 112.9 112.4 112 110.2 108.3 107.6 106.5 102.8 96.6 95.3 91.3 90.2 101.2 104.8 108.7 111 113.3 114.4 116.1 117.1 117.3 116.7 118.8 115.5 114.2 114.1 114.3 111.8 97.1 90.4 92.4 95.4 96 97 98.7 108.6 113.4 114 114.8 113.7 114.7 113.9 114.2 112.9 111.8
131.2 128.1 125.5 122.9 122.8 121.6 120.8 119 118.7 121.3 118.8 113.2 114.2 113.6 113.8 112.6 111.2 111.9 109.9 115.2 121.1 120.8 120.2 117.5 115.3 114.2 113.2 111.7 109.7 107.8 108.6 109.5 111.1 111.4 110.3 109.8 109 107.7 106.3 102.3 97.9 95.7 97.6 100.7 91 100.8 103.3 106.3 109.7 111.1 112.2 113.6 114.4 114.7 114.7 116.3 113.3 113.1 113.2 113.1 111.9 100.7 89.5 91.5 93.4 95.7 95.6 97.4 107.7 111.8 111.6 112.2 111.5 112.4 110.5 112 110.2 108.5
129.7 128.1 126.2 124.3 125 125.6 122.8 123.8 125.6 126.7 122 117.4 117.2 117.2 115 111.7 110.6 107.2 106.7 108.7 116.3 117.2 116.5 115.6 114.9 114 113.2 111.9 108.6 106.8 107.1 107.7 108.1 107.1 105 102 105 105.2 104.7 100 92.7 91.2 92.1 91.2 91.7 99.9 103.2 105.1 106.4 108.1 109.5 109.8 110.6 111.4 111.6 113 111.7 112.6 113.1 111.7 110.5 105.9 94.3 90.5 90.5 93.4 95.9 96.5 102.5 110.4 109.6 109.3 110.8 109.5 107.8 107.2 107.9 99.1
130.3 130 130.1 128.2 129.2 129.8 129.8 130.7 140 135.3 130.2 125.2 118.6 117.2 116.3 113.6 113.3 111.5 109.6 106.7 108.5 107.3 106.9 109.3 110.5 112.1 112.2 108.8 105.9 105.2 104.1 103.7 102.3 100.9 98.3 96.9 99 100.4 100 97.3 93.4 91.5 91 90.3 91.1 98.9 103.1 104.9 107.5 108.5 109.5 110.1 110.6 110.7 110.7 110.6 111.6 112.3 112.6 110.9 110.5 109.9 104 91.4 89.9 89.3 94.8 95.9 102.7 109.1 109.2 110 110.3 108.6 106.5 103.1 96.4 96
