public/OST50/SD71.asc
ncols 200
nrows 200
xllcorner 370000
yllcorner 410000
cellsize 50
[rows 0 to 34 of 200, columns 0 to 77 of 200]
244.9 244 231.3 235.3 241.3 245.8 245.7 239.7 233.1 225.8 232.2 241.9 241.7 247.8 252 257.2 263.4 269.8 275.7 279.1 283.3 287.5 288.5 290 290 289.6 289.1 288.8 286.7 287 282.6 275.4 272.8 275.9 272.6 268.4 269.9 269.9 269.9 272.7 271.5 272.7 275.4 273.4 267.1 275.4 278.6 280.3 281.6 283.1 285.1 287.1 290.5 294.1 298.1 299.7 300.8 303.3 308.4 312.1 315.5 315.6 315.2 314.8 313.9 310.6 307.8 304.4 300.7 298.2 294.4 288.3 282.1 276.5 268.5 260.8 255.9 252.4
246.2 245.7 244.8 247.4 251.5 254.3 252.8 249.7 244.1 235.1 228.9 231.9 240.2 245.8 250.8 255.5 260.2 267.6 274.4 279.9 283.3 286.4 290.2 291.6 291.5 291.2 290.3 290.6 289 290.7 290.6 285.9 277.6 270.3 269 267.4 267.1 266.6 271.8 271.4 271.1 273.8 276.2 270.1 268.5 276 276.8 278.5 280.4 284.6 286.9 289.3 292.7 295.7 299.6 300.9 301.7 302.4 305.4 310.9 313.8 315 314.6 314.1 312.8 309.3 306.4 302.7 298.7 294.5 289.2 283.6 276.5 270.5 260.3 256.4 254.3 250.5
249.8 248.7 250.6 255.8 258.6 259.6 259.3 256.9 248.8 240 236.7 229.5 239.5 245.4 250.6 255.1 260.2 266.3 273.1 279.1 282.2 285.7 289.4 292.3 292.6 293.3 293.6 293.4 291.4 291.4 289.4 285 282.1 274.7 269.9 266.9 265.5 265.3 266.9 269.3 270.7 273.7 273 269.8 264.6 270.6 274.7 279.9 282.5 285.4 287.5 289.4 293.1 298.9 300.2 301.8 302.8 303.2 304.4 309.5 313.6 314.9 314.6 313.7 312.2 310.7 307.7 304.7 300.1 292 283.2 277 269.1 260 257.6 254.2 251.2 248.2
250.1 250.5 253.8 258.3 260.8 261.8 263 261.4 253.4 254.9 245.3 232.6 237.2 246.6 248.8 254 261.4 266.7 272.5 278.2 281.8 285.8 291.7 294 295.5 295.7 296.1 297.2 294.2 292 288.2 285.8 283.5 277.5 273.5 267.7 264.4 262.2 264.6 267.6 271.6 271.8 269.3 257.7 270.3 273.7 278.1 281.6 284.8 287.7 289.1 290.6 296.4 299.4 301.5 302.6 303.3 304 304.4 306.9 311.2 314.2 314.2 313.2 313 311.1 307.4 304.4 300.9 295 283.7 275.8 265.4 258 254.9 252.6 249.2 246.3
256.5 252.2 255.8 258.7 262.2 263.2 264.6 262.4 263 262.1 257.5 247.2 238.1 238.4 244.8 251.7 259.1 267.5 273.9 278.5 282.8 286.9 292.1 295 296.7 297.6 298.2 299.8 296 291.9 288 284.3 283.6 277.7 274.3 269.1 264.6 261.3 261.6 266.3 272.6 271.5 260.2 265.5 270.1 274.8 278.8 282.8 286.9 289.2 290.7 292.2 296.4 298.4 300.9 303.2 303.8 304.6 305.4 306.1 309.7 313.2 313.8 313.1 312.4 311.3 308.3 304.6 300.5 295 284.5 272 263.6 258.7 254.1 250.4 245.7 241.5
263.1 255.4 255.8 259.9 262.7 264.3 265.8 263.4 266 265.6 261.9 254.6 251.5 250.5 241.8 252.1 258.4 264.7 272.3 278.2 282.5 286.9 292.1 295.7 298.4 298.7 298.8 297.8 295.3 289.8 286.3 282.9 279.1 274.6 272.6 267.5 264.4 258.7 256.6 261.6 266.5 267.1 258 260.8 266.4 272.5 277.2 282.8 287.9 289.9 290.8 292.2 294.1 297.9 300.8 303.9 304.3 305 305.9 306.7 308.1 311.5 313.8 314.2 313 310.6 307.9 303.7 297.3 292.1 283.2 272.5 262.9 258.4 253.1 248.7 243.7 237.2
270.7 257.6 250.4 258 264.3 265.3 266.4 268.7 268.5 268.9 264.1 261.8 258.3 257.2 255 249.7 256.2 264.5 270.1 278.1 282.6 286.8 292.2 297.9 300 299.9 300 299.4 296.6 288.5 284.1 280.9 276.7 272.4 270 266.9 263.3 257 252.1 257 261.5 261.4 251.3 261.3 269 274.4 278.6 284 287.6 288.9 290.5 292.6 295.3 299.4 304.2 305 305.2 305.6 306.3 306.8 307.7 310.5 312 312 312 309.4 306.4 301.8 296.8 289.1 280.8 271.7 263.8 258.5 253.4 245.1 237 239.4
274.9 262.1 251.6 253.7 262.2 265.2 266.9 269.4 270.6 271.9 268.7 264.7 262.9 263.8 266.4 254.3 264 266.3 268.5 277 283.7 288.1 293.6 299 301.6 302.2 301.7 301.3 300.2 294.1 286.2 279.5 274.7 269.8 269 265.4 263.4 255.1 253.2 249.1 256.1 248.8 256.7 267.4 272.1 276.7 280.7 285 287.3 289.6 290.5 293.8 297.8 302.3 304.8 305.5 305.5 305.6 306 306.6 307.7 310.2 311.2 311 310.4 308 304.2 300.1 295.5 289.7 281.7 273.1 265.9 257.3 250 242.7 235.6 238.5
277.5 263.6 261.7 259.4 258.2 264.4 267.1 270 272.6 272.6 272.3 268.7 266.1 273.6 276.8 264.6 267.7 274 278.1 279.7 284.5 289.3 293.9 298.7 303.3 304.4 304.5 303.1 303.3 300.1 290.4 281.5 274.8 270.5 266.9 264.4 259.6 254.3 251.3 248.2 246.9 250.9 261.7 269 274.3 277 280.9 283.7 286.7 288.8 291.6 295 299.5 303.7 304.9 305.6 305.5 305.6 305.9 306.4 307.6 309.2 310.3 309.3 308.2 306.3 302.1 297.2 292.9 287.8 283.1 273.4 267.7 261.5 246.8 232.9 235.1 243
281.2 275.1 265.9 262.1 258.5 265.4 268.2 268.7 269.4 271 271.2 270.9 267.2 272.7 277.9 279.6 273.8 278.4 282.5 283.8 285.6 288.2 294.6 298.3 304.7 307.2 306.8 304.5 305.9 303.9 294.3 284.6 277.1 272.4 267.7 262.9 257.9 253.3 249.6 247.5 245.1 252.3 262.8 266.3 271.8 274.5 277.8 282 283.5 286.4 290.3 295.5 300.8 303 304.9 305.1 305.5 305.5 305.8 306.5 307.6 308 308.6 307.3 304.8 301.7 297 293.4 289 284.3 280.4 272.6 265.1 258.2 243.5 230.1 235.8 244.5
284.5 280 272.7 266.6 266.1 266.8 266.9 270 270.3 271.6 270.6 269.8 273.1 276 283 283.7 283.5 281.1 284.9 288.3 289.7 291.7 295 298.9 305.3 309.4 308.9 307 307.4 306.1 297.1 288.2 281.3 275.1 270.5 262.9 256.6 252.5 248.4 244.5 244.2 251.8 261.4 263.5 268 269.9 272.9 275.8 279.7 283.2 290.1 294.7 301.6 303.5 304.5 304.4 305 305.5 305.8 306.6 307.4 306.9 306.9 305.4 302.5 299.1 295.2 291 287.6 279.8 272.5 265.3 255.3 248 235.9 230.4 236.3 243.2
285.7 281.1 276.8 273.5 270 269.3 269.6 270.5 271.5 271.1 269.3 271.6 278 283.3 283.6 286.8 286 284.1 287.4 290.7 292.7 293.5 295.3 299.4 304.9 310.2 310.6 308.6 308.9 307.3 299.2 291.4 285.7 279.2 273.5 265.8 258.7 252.9 230.3 238.3 245.5 252.2 259.5 261.5 264.9 266.2 268.6 271.9 274.5 280.6 286.9 293.5 299.7 302.2 303.4 304.3 304.7 305.4 306 306.7 306.7 306.6 304.9 303.5 300.7 297.5 292.6 287.4 281.2 271.6 266 256 245.3 236 227.8 231.7 234.2 236.8
287.5 283.9 281.2 277.3 274.9 273.8 273 272.3 272.7 271.2 269.9 273.6 278.4 284 283.6 285.3 283.7 283.9 287.7 290.1 291.1 293.9 296.2 300.8 305.3 311 311.7 309.9 309.5 307.3 300.7 294.4 288.1 281.9 275.2 267.4 260.2 252.4 241.7 227.6 242.3 249.7 254.3 259 262.4 264 265.7 268.5 270.3 277.6 284.3 288.3 295.2 299.2 302.2 303.6 304.6 305.3 305.7 306.1 305.5 305.8 304.6 301 297.7 293.8 288.8 280.9 271.6 264.4 258.8 245.2 238.8 227.3 230.1 237.6 241.4 244.7
292.3 288.9 286.3 282.2 279.4 276.2 274.4 273.8 274.2 271.8 270.7 273.7 277.7 281.2 280.4 281.8 283.5 285.5 288.5 291.6 294.2 297.5 299.6 302.4 305.5 311.8 312.4 311.1 308.4 307.2 302.8 297.1 290.7 284.3 277.9 270.9 263.1 255.3 248.6 236.9 231.8 246.4 250.7 256.7 260.5 261.3 262.6 265.3 268.8 272.5 279.3 286.1 289.8 290.4 294 301.3 304.2 305.1 306.3 306.4 305 304.7 303.7 300.5 297.1 284.6 273.6 269.1 264.2 254 244.2 236 224.9 223.3 236.1 241.3 245.2 249.6
297.8 293.7 291.5 288.3 284.2 279.8 276.4 276.1 275.2 272.2 271.3 272.9 275.6 281 282.8 282.8 284.2 287.1 287.5 290.4 294.2 298.1 301.1 303.4 306.4 311.4 312.3 310.9 309.6 305.7 303.1 298.8 292.7 287.3 281 273.7 266.8 259.4 252.7 249.4 235.4 238.2 249 255.8 258.9 259.4 260.6 263.4 266.6 270.4 274.5 279.7 290.8 300.9 290.7 287.8 287.4 292.4 305.3 305.3 305.4 304.7 304.7 302.3 297.8 290.2 269.2 257.3 251.2 240.1 230.2 221.6 221.7 230.6 242.3 245.3 249 259.4
304 300.9 298.9 293.6 287 284.9 278.8 276.8 276 275.2 272.1 273.8 275.8 278.4 284.4 283 285.8 288.6 288.9 290.7 292.7 298.7 302.3 304.3 307.1 311.6 312.2 310.3 309.1 307.6 304.7 301.2 295.4 290.4 284.1 277.6 268.6 263.5 255.5 252.2 245.4 229.7 245.7 253.9 255 256.6 258.1 260.4 261.5 263.8 266.6 272.4 279.9 292.7 299.9 293 284.8 283.4 301.6 305.3 306.7 305.7 305.1 300.7 295.7 283.7 260.8 246.7 244.4 230.1 218 221.8 233.9 242.7 249.3 252.1 259.9 261
313.7 306.1 303.4 300.8 290.8 284.4 280.6 278.2 278.3 277 274 274.1 274.9 281.6 284 284.5 287 288.2 290.8 291.3 292.3 297.9 302.8 305.1 308.1 312 313.3 309.8 308.8 307.3 305.7 302.6 296.7 292.3 285.8 279.8 272.3 265 259.9 254.9 251.7 238.3 229.2 241.1 251.8 253.9 254.6 255.9 257.7 259.4 261.2 266.5 272.3 275.3 279.4 281.6 282.6 282.8 281.2 303.7 305 304.9 304.1 301.4 286.9 269.4 251.6 241.8 233.1 221.6 218.2 230.9 244.8 250.4 255.1 256.6 259 261.4
318.5 313.8 307.2 301.1 293.3 285.6 282.1 280.5 279.4 278.5 274.8 274.5 277.3 281.8 283.6 285.8 287 289 291.3 292.9 293 295.8 302.2 305.9 309.7 312.4 313 310.6 310.6 309.2 306.1 303.2 298 294 287.9 282 275 267.1 262.5 258 250.1 251.7 235.7 234.4 243.2 245.9 250.6 253.2 255.4 256.9 259.5 263.2 267.3 269.1 269.8 272.9 277.9 280.1 281 281.5 303.5 304.3 303.6 300.7 282.9 259.3 243.7 232.4 220.1 212 221.1 235 244.6 249.3 253.5 258.2 261.5 261.9
322 316.2 311.1 303.1 294.8 288.2 284.4 281.4 280.3 278.3 275.4 274.4 278.4 283.3 284.3 285.4 286.7 291 293.4 295 294.5 296.6 300.9 306.2 309.2 311.2 310.5 310.1 310.8 309.1 306.6 303.8 298.5 294.8 289.4 283.7 276.9 269.1 263.3 259.9 259 256.4 243.8 223.4 230.3 234.8 247.1 252.7 254.5 254.6 255.5 261 263.9 263.7 263.2 264.8 273.1 274.7 278.6 289 298.3 301.3 300.3 294.3 271.9 249.5 236.7 221.9 208.3 214.8 226.8 237.6 243.7 246.2 251.2 256.9 261.8 264.5
322.2 319 312.5 308 299.5 293.7 286.3 283.9 280.7 277.3 274.8 274.2 276.2 282 283.5 284.3 288.2 292.7 295.2 296.4 297.1 298.8 300.8 304.3 306.6 308.8 309.1 309.9 309.4 308.7 307.4 304.4 297.9 295.3 290.2 284.8 277.8 272.5 269.1 266.4 262.5 258.4 247.8 236.3 226.1 222.1 236 252.4 251.7 251.9 253.6 257.4 257.3 258.1 258.7 259.4 263 266.5 269.1 272.8 281.5 284.8 284.7 273.7 258.5 241.3 228.2 211.6 211.5 220.1 229.6 238.2 239.9 245 250.5 257.6 263.9 266.8
321.3 319.6 316.4 312.1 307.9 301.7 296.1 291.3 286.4 282 277.1 274.9 277 280.9 279.3 285.3 287.4 291.6 296.1 298.4 298.8 299.9 300.6 302.7 305.5 307.2 308 308.3 309.2 308.3 308.4 305.8 299.2 294.7 291.4 286.7 281.6 276 271.6 268.9 263.2 253 244.6 232.7 226.6 220.6 231.3 245.3 248.6 249.3 250.5 252.6 253.3 253.1 254.2 256.9 258.5 259.9 261.8 263.4 266.7 268.8 264.6 256.4 246.2 229.5 219.7 208.3 210.7 222.6 233.1 234.8 239.1 244.2 250.6 261.8 265.9 268.8
319.7 318.7 318.1 315.1 312.8 310 306.5 299.8 291.5 285.9 278 273.6 274.2 279.7 276.7 284.1 289 292.2 295.8 297.9 299.7 300.8 301.1 302.2 303.8 304.9 305.5 305.7 306 307.3 307.9 305.4 299.5 294.3 291.3 288 283.3 277.6 272.1 271.2 265.5 260.1 250.8 244.3 236.1 224.5 225.5 235.5 243.7 246.5 247.6 247.5 248.8 249.9 250.3 254 255.2 255.5 256.5 257 258.3 257.8 252.4 245.7 231.2 219 208.3 204.9 214.3 224.3 230.1 233.1 238.1 243.2 251.1 263.8 267.2 270.4
317.5 318.4 318.8 317.7 316.3 315.4 310.1 306.9 299 291.9 280.9 273.9 272.5 272.2 275 287.4 289.5 292.2 296.5 299.2 300.9 301 301.1 298.3 300.6 302 302.3 302.7 303.7 306.3 306.8 302.6 297.4 292.8 289.5 285.7 282.9 277 275.5 273.3 269.5 261.2 254.9 248.4 242.6 227.5 223.5 228.5 237.7 240.8 242.4 243.4 245.2 242.6 248.2 251.1 251.8 251.9 251.8 253.1 254.1 253.9 250.4 232.3 225.3 214.7 203.2 208.8 219 227.5 233.1 235.6 238 243.6 254.5 263.3 267.9 271.6
314.9 317.1 318.6 319.5 318.7 318.2 315.9 311 304 295.7 288 278.2 275.9 270.7 272.9 285.1 290.9 292.5 297.6 299.8 301 300.8 300.1 298 297.3 297.8 298.9 299.2 301.3 304.3 302.8 298.7 294.5 291.7 288.7 285 280.5 278.1 277 275.6 270.5 266.8 258.3 253 243.5 230.8 223.5 218.2 221.7 231.3 238.7 239.4 236.9 240.7 247.3 248.4 248.4 248.5 247.7 249.2 250.1 249.8 239.6 226.9 221.3 214.5 203 207.5 219.3 227.6 235.4 237.9 239.7 244.2 257.2 263.4 268.5 271.3
309.9 315.2 318.6 319.9 319.5 319.6 317.8 313.5 307.1 300 291.4 286.6 282.1 272.6 270.9 286.2 291.4 293.3 298 300.4 300.4 299.7 298.1 294.8 293.4 293.2 295 295.6 297.9 299.1 298.4 295.4 293.9 291.3 289.5 288.2 284.8 280.2 279.2 278.6 273.5 268.8 262.7 257.7 253.6 238.3 223.6 216.4 211.1 222.9 230.4 229.6 230 232.4 242.7 245.7 244.7 244 243.8 245.7 246 245.4 228.8 223.9 216.5 208.8 201.9 209.7 218.2 226.5 235.4 237.6 243.3 250.3 261.6 264.1 268.6 271.1
301.9 311.7 317.9 319.2 319.3 318.9 317.9 315 309.1 301.6 294.2 286.6 282.6 271.3 270.4 287.9 292.2 293.7 297 298.4 297.8 296.9 295.4 291.9 288.7 289 290.9 292.1 294.5 295.6 295.5 294.1 292.7 291.5 290.8 290.4 289.7 286.1 282 280.6 276.7 272.3 265.3 254.4 248.5 238.7 225.8 216 207.3 216.1 222.8 222 220.6 227 229.2 235.5 241.6 240.3 240.6 241.5 242 235.2 226 222.1 211.8 200.9 201.3 209.8 216.9 227 240.4 245.1 248.2 258.1 262.7 265.5 267 268.5
293.6 305.8 312.8 316.4 316.9 317.5 316.9 314.1 306.6 301 292.8 285.3 282.8 272.2 271.7 286.4 292.1 294.1 295.3 296.4 295.7 294.6 292.3 289.7 284.4 285 286.8 289.6 291.8 292.8 292.8 292 292 291.4 291.9 292.3 292.8 289 283.7 283.5 281.1 275.3 260.1 249.2 245.3 234.8 230.2 222.4 210.2 209.9 215 219.1 215 220.8 225.2 227.4 239 237.5 235.8 238.3 238.5 226.7 226 220.1 208.1 197.3 203.7 209.9 219.8 237.2 249.7 253 255.2 257.3 261.4 262.3 263.9 266.2
280.9 284.8 295.8 304.8 311.5 313.6 313 311.2 305.1 297.2 288.8 282 277.7 269.3 270.8 289.6 294.1 293.3 292.6 293.9 292.8 290.6 287.1 284.7 281.7 280.7 282.9 286.8 289.2 290.3 290 290.9 291.8 293.2 294 294.2 294.8 293.3 289.8 287 284.1 277.5 260.1 249.7 247.3 242.3 236.9 226.1 213.6 202.6 202.7 211.3 210.7 215.7 218.4 222.4 228.3 233.8 232.3 234.3 232.1 226.2 224.4 213 203.9 195.6 201.4 211.3 230.1 245.5 249.8 252.8 254.3 259.1 260.7 260.2 262.3 264.7
269.9 276.4 283 290.9 302.2 305.4 305.9 302.5 297.1 289.3 283.6 279 275 266.6 276.1 295.9 294.1 291.6 288.8 289.2 287.5 284.3 279.8 277.4 275.9 276.4 280.4 285 287.1 287.8 287.4 289.8 292.1 294.3 295 295.4 294.7 292.3 288.7 285.8 282.9 277.2 265.3 257.4 254.9 250.8 243.8 233.4 221.3 213.6 206 200.8 199.6 208 211.9 215.7 219.2 228.4 227.7 228.8 224.4 222.5 214 210.2 196.5 197.9 205.7 221.9 241.5 246.1 249 251.1 252.9 258 258.1 259.5 261 263.3
269.1 267.6 271.3 279.7 287.7 291.2 291 289.8 289.4 286.1 279.5 275.3 268.2 264.5 276.9 291.8 292.2 288.1 286.5 282.9 280.6 277.7 275.2 274.1 272.3 274.3 277.7 281.5 283.8 284.9 285.2 288.1 290.5 292.9 293.4 292.1 289.1 287.3 284 282.3 278.5 272.4 267.2 263.8 260.6 256.5 250.6 241.9 230.5 220.8 214.4 209.3 205.5 198.7 203 211.4 216.8 216.2 223.7 225 220.9 212 205.2 199.6 192.7 197.9 211.4 229.9 239.8 245.3 246.1 248.9 251.3 253.9 256.4 258.4 259.7 261.2
276.9 277.6 269.4 267.6 273.9 277.5 279.9 284.8 285.9 281.8 275.4 271.2 265.3 261.9 274.6 286.5 288.2 285.1 281.6 277.5 275.5 273.6 272 270.2 267.3 273.1 276.4 279.3 281.2 282.1 282.4 284.3 285.4 287.2 285.5 284.1 284.2 283.3 281.4 278.6 276.6 271.7 269.3 267 263.1 259.9 255.6 249.2 240 228.8 219.9 216 211.6 204.7 195.4 203.1 206.3 216.3 224.8 222.6 215.6 207.1 195.5 190.5 193.5 203 222.3 234.8 240.7 245.3 247.6 247 250.1 252.2 254.7 256.7 257.4 260.2
275.5 276 271.4 265.3 264 264.6 269.3 274.9 277.8 275.3 271.4 266.7 262.7 261.1 269.3 281 288.3 284.1 280.1 275.8 273.4 271 269.3 267 267.3 271.8 274.4 276.9 278.6 278.8 279.2 279.5 279.6 279.8 279.6 280.1 280.8 280.9 279.4 277.6 275.2 270.2 269.2 268.6 265.5 261.9 258.2 253.8 247.4 236.1 231.7 219.3 216.2 210.9 202.6 192.5 196.6 212.4 219.2 216.2 208.4 202 193.3 192.5 202.5 215.5 229.6 234.7 239.5 243.6 246.9 248.3 249.2 251.2 253.1 253.8 255.5 258.6
275.9 275.1 275.6 274.8 269.2 263.3 262.1 265.7 269.1 269.6 268.2 264.1 261.5 262.2 266.9 278.7 288 282.4 278.9 274.7 272.5 270.5 266.9 261.6 267.1 269.9 272.7 274.6 275.3 275.5 275.7 276 276.2 276 276.7 278.1 279.4 279.3 277.3 276.7 272.6 273.3 269.2 270.1 266.8 262.5 257.2 255.8 253.6 245.6 240.6 235.1 218.8 215.8 213.4 201.4 190.2 207.1 216.7 210.1 199.5 192.4 188.1 197 207.9 220.3 229.8 233.5 237.4 241.3 244.5 248.3 250.3 250.3 251.6 252.6 253.6 255.9
275.7 274.8 272.6 275.7 275.6 271.5 264.7 260 263.8 266.9 267.8 263.7 259.8 259.6 267.5 275.9 283.1 279.9 277.1 274.3 272 270.4 266.9 258.8 261.4 267.6 270.4 272.1 272.6 271.1 272.2 272.4 273.2 273.7 275.5 276.9 277.2 277.3 277.2 276.1 275.2 273.4 274.4 271.7 265.4 258.3 255.5 254 252.6 251.9 249.9 245.3 226.8 217.2 216.6 205.3 189.8 203.4 213.1 203.9 190.7 188 198.9 202.6 215.5 225.2 228.8 231.7 235.1 239.1 243.5 247.5 250.4 251.2 250.1 250.6 252.7 253.9
276.2 275.4 274.6 270.6 274.4 275.3 270.6 262.2 265.1 263.2 269.3 268.1 260 257.3 266.3 272.9 275.1 277 275.4 271.7 270.8 270.6 268.4 261.2 251.1 263.7 267.8 269.7 269.2 268.3 268.2 269.1 271 272.4 272.2 274.7 275.7 275.1 275.5 275.5 271.5 267.1 266.6 263.4 255.7 249.9 252.8 251.6 249.6 251.2 249.8 244 233.4 218.9 215.1 204.5 187.7 197.1 208 200.3 185.2 192.6 201.1 205.7 216.8 223.9 227.7 230.4 234.2 238.7 242.9 245.1 248.8 248.5 248 248.3 251.5 253.4
