public/OST50/SD77.asc
ncols 200
nrows 200
xllcorner 370000
yllcorner 470000
cellsize 50
[rows 140 to 174 of 200, columns 0 to 77 of 200]
152.7 157.8 167 173.3 180.6 187 194.2 210.1 220.2 229.4 234.8 241.2 246.8 251.3 254.9 255.4 254.5 257.1 251.2 246 239.1 240.5 236.7 247.3 255.9 265.8 271.6 273.9 277.5 281.5 280.9 283.3 287.7 288.9 293.5 305.2 314.6 316.8 327.5 333.3 343.3 349.1 355.5 359.5 363.2 368.6 375.6 383 390.4 397.3 403 413.4 425.3 433.7 441.3 446.7 451.1 454.1 455.7 456.9 463.9 470.8 475.3 479.5 486.2 491.9 497.4 503.4 507.5 512.3 516.2 520 520.6 521.1 520.9 522 524.3 525.7
146.4 156.1 163 168.5 174.5 181.3 188.1 203.4 214.9 224.2 230.1 238.2 243.4 249.3 252.2 252.4 249.2 247.2 243.6 233.4 223.8 226.4 235 245.8 256.9 264.5 266.1 264.8 270.6 270.8 271.6 277.5 283.2 290.5 298.9 310.3 317.7 322.3 333.1 340.7 348 352.1 354.8 354.5 358.4 369.4 377.5 383.7 391.6 398.3 406.3 417.1 428.6 434.7 441.1 447.8 452.2 454.8 455.8 456.5 463.9 470.3 473.7 476.4 483 491.7 497 501 505 509 513.1 515.3 515.7 515.2 515.3 514.9 517.9 518.4
144.4 154.5 160.6 165.7 170.8 176.8 183 188.8 199.1 214.7 224.3 231.1 237.3 243.5 246.6 245.8 243.5 238.2 235.2 218.5 229 240.6 239.5 241.7 253.5 258.4 251.1 262.8 269.5 279 285.6 290.9 297.5 301.2 308.8 315.5 322.5 329.7 338.9 347 349.1 351.3 353.7 357 363.6 371.8 378.6 385.6 393.2 400.9 408.2 418.1 429.7 435.9 442.6 448.4 451.5 454.9 455.5 456.7 462.8 468.8 472.7 475.1 480.3 490.4 495.3 497.7 501.5 506.4 507.4 510 510.5 508.7 507.9 510.9 512.1 512.1
146.2 152.1 158.6 163.2 167.5 172.3 178.1 184.3 191.9 202.2 211 219.1 227.6 233.8 237.4 236.2 232.8 224.2 216.1 221.9 240.8 246.6 249.6 237.1 241.8 254.7 265.2 274.5 280.7 286.6 292.5 299.9 307.2 314.1 320.2 324.7 332 341.3 343.3 345.5 348.1 350.9 354 361.7 367.6 373.7 379.3 386 394 401.9 410.3 419 427.4 434.4 442.5 446.5 452.4 454.8 455.5 456.8 461.7 467 471.4 474.5 479.2 486.3 491.1 493 494.7 500.4 503.4 505.1 504.4 503.4 503.3 506 506.3 506.6
148.2 152.1 157.9 162.3 165.4 170.3 174.9 182.1 191.6 197.6 204.1 210.4 217.8 222 224.9 224.9 214.5 200.7 204.7 235 243.8 250.5 255.5 255.9 253.7 262.3 271.2 277.4 283.6 288.6 294.4 301.2 309.6 318.4 323.6 330.3 337.3 340.4 340.5 348.9 352.7 356.3 359.7 363.6 369.3 375 380.5 387.3 393.8 403.6 408.6 414.6 423.8 433.8 442.6 449.3 453.8 455.9 456.1 456.3 460.6 465.1 469.8 473.6 476.1 480.3 485.9 487.6 489.8 492.5 496.3 497.1 496.7 495.8 498.1 501.4 502.2 502.3
149.5 153.4 157.8 161.5 164.7 167.7 172.5 179.3 186.5 192.5 198.7 205.9 210.6 211.6 204.4 202.3 190.8 205.4 226.2 240.7 246.8 251.9 257.1 260.5 258.7 264.2 271 279.7 284.6 287.7 293.8 299.7 305.9 314.6 321.3 328.5 334.3 339.3 347.8 354 356.6 359.4 361.9 366.6 371.6 376.2 382.7 388.3 394.7 401.3 408.7 414.6 422.9 432.3 437.2 448.5 453.5 455.8 456.5 456.9 460.6 463.3 467.3 470.8 473.1 475.1 479.6 482.1 484.3 485.9 487.9 490.3 490.2 490.1 492.3 495.5 497.1 497.6
149.8 154.1 156.6 159.1 161.5 165.9 170.2 176 181.2 186.1 192.2 198 199.9 202.7 196.1 185.4 207.9 223.2 233.5 242 248.4 253.5 258.5 262.9 265.1 265.1 271.1 278.7 284.5 287.2 292.1 298.3 304.3 312.4 317.1 324.5 331.8 341.3 349.5 353.2 355.5 358.1 362.4 368.3 373 377.8 383.6 386.8 393.4 398.8 407.4 414.6 423 432.7 441 440.3 451.2 454.9 456.7 457.1 459.9 461.5 464.2 467.8 470.2 471.7 474.5 476.7 478 479.4 481.3 482.8 484.2 484.9 487 488.8 490.1 490
148.9 155 155.8 155.7 158.4 162.8 167.6 171.6 174.9 180.5 185.9 188.1 190.7 190.7 182.9 193.4 211.4 221.1 232.8 239.9 247.6 253.1 258.7 263.9 266.1 268.5 272.1 277.7 283.4 286.8 291.7 297 302.4 308.7 314.7 323.2 331.8 340.2 345.8 349 352.1 355.6 356.8 367.6 373.2 378.6 381.8 385.8 392.7 396.7 400.6 407.8 422 430.4 436.2 443 450.7 454.6 456.5 456.9 459.4 459.9 461 464.5 467.4 468.9 470.7 472 473.1 474.4 475.7 477.2 478.7 480.1 481.2 482.6 483.5 482.1
145.8 152.7 151.9 151.1 154.3 156.3 160.9 163.6 166.4 169.7 173.9 176.6 175.4 176.5 181.8 197.6 210.3 223 235.1 238.7 244.6 251.7 256.7 260.3 263.4 268.2 273.3 279.3 282 286.5 294.5 298.6 303.5 308.5 315 322.3 329.7 335.6 338.7 342 347.4 352.6 359.8 366.9 373.3 377.8 379.6 385.8 393.2 398.3 403.1 411.4 421.1 430.3 438.5 444.3 449.3 453 454.9 455.2 457.1 459.1 458.9 461.8 464.6 466 467.4 468.8 469.3 470.5 471.7 472.7 474.1 475.2 476 477.3 477.6 477
142.9 144.8 147.1 149.6 151.5 153 155.6 157.7 160.7 164 166.6 169.1 175.2 182.2 192.5 207.9 216.6 225.3 233.3 236.6 242.2 247.1 252 256.1 260.8 266.1 272.2 278 280.1 287.7 294.8 299.4 303.5 308.2 313.5 318.9 325.6 331.1 338.2 344 347.9 351.8 358.3 366.1 373 375.8 375.9 386.9 395.7 401 407.8 413.6 421.2 430.8 438.6 443.4 447.3 450.1 452.2 451.6 454.1 456.8 456.1 459 461.5 462.7 464.2 465.8 465.9 467.5 468.6 469.3 470 470.8 471 471 471.5 471.1
143 145.1 147.8 150.8 155.7 162.8 165.1 163.3 164.6 168.2 174.4 180.8 186.6 191.7 199.4 208.5 216 223 227.6 232.1 238.1 243.9 248.6 252.8 257.8 264 270.5 275.9 278.6 286.9 292.9 296.9 302.4 308 312.1 317.2 324.2 332.6 339.4 345.2 349.7 353.3 358.2 365 372.2 374.8 378.3 388.8 395 404.4 409.6 413.8 420.4 432.9 438.6 442.6 445 447.3 449 449.5 448.9 453.2 452.7 455.9 457.9 459 460.7 462.2 462.3 464.3 465.4 465.8 466.3 466.1 465.5 464.9 464.8 462.1
147.7 148.5 151.5 155.2 161.6 169 172.9 171 169 173.3 178.8 185.7 191.2 195.1 199 205.2 211.6 216.4 220.3 225.8 233.6 240.5 245.1 249.5 254.8 261.4 268.8 275.1 277.4 282.4 289.4 297.4 304.3 308.4 310.6 314.4 324.8 333.2 339.7 345 349.1 353.9 360 365.5 371.1 373.5 380 387.5 396.3 406.5 413.7 419.4 424.1 432.2 437.1 442.1 443.6 444 445.7 446.8 447.3 448.8 450.2 452.5 454.2 454.5 456 457.9 458.4 460.5 462.2 462.6 462.7 461.9 459.6 459 457 455.4
154 152.6 153.4 157.7 164.2 171.5 177.5 174.7 171.3 174.2 180.7 187.3 191.4 194.5 197.7 202.3 207.5 211.1 214.6 220.5 229.6 237.1 241.2 245.8 252.6 259.4 265.9 271.3 274 282.6 290.2 300.5 306.9 307.2 306.9 314 323 330.7 337 343 347.8 353.1 358.3 361.8 367.6 373.4 379.6 385.3 395.5 402.4 414.6 423.5 431.9 438.1 441.7 442.2 443.4 442.6 441.3 444.3 445 445.4 446.5 447.7 449.1 450.2 451.9 453.7 448.1 456.2 458.3 459 458.6 457.8 456.1 454.1 452 451.4
156.9 154.9 155.1 159.4 164.9 170.9 178 176.3 172 174.5 181.6 186.8 189.5 191.9 195.5 199.3 203.3 205.6 208.5 221.2 227.7 232.8 237 242.6 249.8 256.3 263.7 269.3 270.7 280.9 292.8 303.2 308.1 305.6 304.9 312.1 319.9 326.1 332.8 339 344 349.2 353.9 358.9 365.9 375 380.5 386.4 390.8 398.1 408.9 417.5 432.9 436.7 441.6 443.3 443.3 442.2 441.9 441.2 443.4 445.9 446.5 445.1 447.8 447.9 448.1 448.6 450.4 451.3 454.3 455.2 454.6 454.1 453.1 449.9 448.3 447.1
157.3 153.9 156 159.5 164.2 169.7 176.2 175.3 171.3 174.5 178.9 183.8 185.9 190.3 194.3 198.2 200.7 204.8 211.2 220.7 225.3 230 234 238.8 246.3 254 261.3 266.1 267.9 279.6 291.3 300.5 306.1 305 302.2 307.4 315.8 322 328.1 334.9 339.3 344 349.4 355 363.7 372.7 379.6 384.3 388.4 394.2 403 411.5 427.8 435.4 437 443.4 444.2 445 439.5 444.1 442.1 444.6 444.6 445.7 446 445.5 446.6 447.7 448.1 448.6 449.8 450.4 450.2 450.1 443.7 448.6 445.8 440.9
156.6 154.3 154.3 158.6 162.4 167.9 173.1 171.8 169.1 172.1 176 183.3 190.5 193.9 195.6 199.5 201.7 205.9 214.8 223 228.2 230.2 235 237.8 244.4 252.3 258.6 262.4 264.4 276.5 286.1 293.6 299.2 305.3 301.4 305.1 312.3 317.6 323.4 329.4 333.9 339.4 345.3 351.1 359.3 367.9 375.5 380 385.7 395 403.4 413.9 421.8 433.4 435.6 437.5 442.5 444.8 442.9 443.8 444.2 442.6 443.3 444.3 444.6 445.8 444.8 446.1 447.2 446.8 447.2 446.8 445.5 446.1 446.2 446.3 444 441.3
153.6 151.6 152.4 156.4 160.3 165.2 168.1 165.9 167.8 172.5 178.5 184.5 190.9 196.4 197.2 200 201.8 208.6 217 223.4 227.5 230.6 236.3 238.3 241.7 249.5 255.4 256.9 263.3 272.1 279.8 285.6 292.9 299.2 298.4 302.6 308.2 312.7 316.6 321.9 327.8 334.1 340.4 345.4 354 362.3 369.8 374.4 381.7 390 401.2 413.8 422 429 431.3 428.8 438.8 444 445 444.5 443.8 443.3 442.2 440.4 442.3 443.6 444.7 445.4 444.7 445.8 445.3 443.4 443 441.9 441.3 439.2 439 439.3
150.1 148.7 150.2 153.6 156.6 159.9 161.7 162.5 167 172.5 178.4 184.5 191.1 196.5 199 199.7 202 209.8 216.6 221.5 224.7 226.3 233.4 237.6 239.1 245.7 251.1 249.7 257.6 265.4 271.8 278.7 283.6 293 292.7 294.5 302.1 305.7 308.3 315.1 320.7 326.1 334.1 339.8 347.8 355.9 363.8 370.1 375.7 382.9 392.3 403.9 418.3 425.4 430.6 428.6 426.7 437.9 439.2 441.7 443.6 443.1 442.4 441.8 437.6 436.5 442.7 444.8 444.3 445.2 444.1 442.1 441.3 439.7 438.1 436.5 434.3 434.4
146.7 147.1 148.8 151.5 153.7 156.4 159.2 162.7 165.9 169.2 178 184.3 189.5 195.2 198.3 198.5 201 206.7 212.7 218 221 223.1 227.9 233.8 233.8 240.2 241.8 248.9 254.4 260.8 265.8 271 277.1 283.4 284.1 290.4 294.3 298.1 302.9 307.8 313.3 320.5 328.5 335.3 342.5 348.8 356.4 361.5 367.7 376.2 383.5 395.4 405 417.7 426.4 430 425.3 424.7 427.7 430.3 436.1 438.5 439.6 439.8 439.7 437.5 438.6 441.6 442 442 442.6 441.3 440.4 437.9 435.9 433 428.4 427
145.7 146.7 148.3 150.2 152.4 155.2 158.4 161.9 164.4 167.4 176.2 182.7 187.9 192.6 195.4 195.1 198.8 202.2 207.9 212.1 214.9 217.5 220.1 226.8 229.3 230.4 238.1 243.9 250.7 256.3 259.7 262.5 267.9 274 276.6 282.8 286.2 290 296.2 303.1 308.5 314.6 323.5 331.9 338.2 340.8 347.3 356.1 361.1 367.2 375.1 383.3 393.4 405.2 417.7 423.7 420.8 421.3 420.6 415.3 420.7 420.9 429.7 434.5 436.4 437.9 435 434.5 439 438.8 439.6 439.4 437.9 436.2 432.6 430.3 424.7 418.3
145 146.2 147.5 149.1 151.3 154.5 157.4 160.9 163.6 166.1 173.2 180.3 185.3 188.7 190.2 191.8 194.6 197.6 202.1 205.9 208.8 210.9 213.7 219.7 223.6 223.8 230.9 239.8 246.7 248.2 249.8 253.3 257.9 264.9 270 277.1 279.8 285.3 291.8 297.8 305.1 313 320.4 327.6 332.9 335 339.3 350 355.3 360.3 367.7 376.6 384.6 398.4 406.3 414.1 412.5 413.8 414.6 411.8 409.8 412.9 421.1 427.2 428.4 433.7 434.7 432.6 431.4 435.4 436.8 437.4 435.9 434.8 433.1 430.6 424.4 411.6
144.5 145.6 146.8 148.3 152.2 156.5 159.2 161.6 162.2 165.9 169.3 177 181.5 183.1 184.5 188.7 192.1 196.4 199.3 201.9 204.6 205.8 207.4 212.3 216.7 219.4 227.4 235.8 241.8 244.2 245.3 245.9 250.8 257.1 265.8 270.6 276.8 281.9 289.3 296 303.7 310.6 317.8 323.6 327.9 328.3 331.9 341.8 349 353.3 362.4 367.2 379.1 387.4 398.4 403.5 406 408.1 407.4 405.4 403.6 405.1 410.6 416.8 424.6 427.3 427.5 427.7 427 427.3 430.8 433 433 433.4 431.9 427.7 421.6 414.5
144.5 145.6 146.4 149.5 154.6 158.9 162.2 165 168 172.3 171.9 172.6 175.8 181.1 186.2 190.8 195.4 201.5 206 208.3 208.6 207.1 206.4 208.8 212.1 217.9 223.8 228.5 234.7 240.1 241.8 242.5 244.3 250.9 259.4 266.4 273.7 277.4 284.8 291.9 298.6 306.3 312.7 318.1 321.1 322 325.6 334.4 341.1 348.7 356 360.2 371 380.1 387.9 392.5 400 402.5 402.4 399.5 398.4 399.3 403.2 409.8 416.1 421.7 425 426.1 427.3 427.7 427.4 427.7 428.3 427.5 426.3 417.3 414.3 411.9
143.9 145.6 146.1 150 156.7 161.1 164.2 167.2 171.2 175.3 177.6 175.7 176.8 180.9 186.9 191.9 196.2 203 208.8 212.5 213.8 212.6 208.8 207 208 213.6 218.8 223.6 231 234.2 238 238.9 242.1 249.3 256.6 265.2 271.7 275.7 278.8 287 293.7 300.5 305.9 310 312.8 315 319.2 327 335.1 339.9 348.7 353.1 363.2 372.7 379 385.2 390.3 396.6 399.1 395.5 392.9 393.9 396.7 403.1 408.5 411.7 420.2 424.6 426.6 426.5 426 425.8 424.8 422.8 419.1 412.2 408.2 405.9
145 146.3 147.9 151.4 159.2 161.8 165.6 168.8 172.8 176.5 181.3 180.4 177.9 181.5 186.8 191.9 195.3 201.4 206.7 210.8 214.3 215 212.4 206.7 204.7 209 213.6 218.4 224.3 229.6 232.8 235.9 240.4 247.2 256.2 263.5 268.7 273 276 283.4 287.9 293.9 298 300.8 302.7 306.3 313.8 322 329.3 332.9 341.3 347.7 355.3 364.1 370.6 376.2 382.3 387.7 390.8 389.5 388.1 387.4 390 396 400.9 407 413 419.6 422 422.7 422.8 422.5 421.1 418.5 412.4 408.4 406.1 400.3
145.8 148.1 149.8 155.4 158.5 162.8 165.3 169.7 173.4 177.4 181.5 182.9 179.7 179.9 185.6 190.7 194.2 197.9 202.8 206.2 209.2 212.1 212.4 209.5 203.4 204.4 208.1 212.1 220.1 228.8 234.2 235 236.8 241.9 251.9 259.7 264.8 269.3 272.4 279.8 285.1 287.7 290.6 291 291.8 299.2 307.1 317.8 324.7 325.7 333.9 341.2 347.2 354.9 362.3 365.5 371.2 378.3 381.6 381.7 380.5 381.6 385.9 390.8 397.4 402 407.9 410.6 414.8 415.3 415.2 415.4 414.2 410.4 407.4 404.8 401.4 397.6
146 150.5 154.4 158 160.7 162.6 165.3 168.8 174.2 178.6 182 183.1 180.7 181.2 187.5 191.8 193.2 193.4 196.9 199.8 202.7 205.2 207.4 207.9 205.6 199.7 203.7 209.8 217.2 226.5 232.7 234.3 233.5 237.1 243.7 253.2 259.8 265.1 270.2 276 281.8 284.3 283.8 281.6 283.8 293 301.3 310.3 319.2 319.1 326.9 333.7 339.8 346.6 355.3 359.5 361.5 365 370.8 373 375.2 379.4 383.3 385.9 389.4 396.8 402.9 405.6 405.9 404.7 406.4 407.1 406.1 403.6 400.5 396.3 395.5 393.2
147.6 153.8 157 160.2 162.3 162.5 165.1 168.1 173.1 176 178 179.8 179.3 179.9 185.6 191.2 192 190.7 191.4 192.3 193.8 196.8 200.1 202.5 203.3 200.7 198.1 206.1 213.2 222.2 229.7 232.9 232.4 233.2 238.2 245.1 252.9 260.8 266.9 272.6 276.2 282.6 282.2 279.3 279 287.2 293.9 302.1 309.9 314.6 319.2 324.7 330.9 337.7 344.6 351.5 353 357.8 362.9 364 372.3 377.7 380.5 380.8 381.9 387.3 393.3 399.7 400.5 399.5 399.7 399.9 398.1 396.5 394.7 392.1 388.6 384.9
152.2 155.3 158.9 162.1 163.1 162.7 163.4 166.3 170.1 172.6 174.4 176.3 176.6 177.1 182.8 188.9 191.4 190.1 187.2 187.4 187.2 188.9 192.3 195.6 197.6 196.9 195.9 203 209.5 218.3 226.8 230.6 230.8 229.1 233.8 239.1 246.2 252.4 260.1 266.6 271 278.6 281.8 279.8 276.8 283.3 289.5 295.8 301.4 307.3 311.7 317.2 324.2 329.8 336.2 340.3 344.3 348.4 353.5 357.1 368 375.5 377.6 377.2 377.7 379.8 386.6 390.2 391.2 393.7 392.7 391.2 388.9 386.9 386.6 385.7 383.6 380.1
153.3 150.6 159.9 162.7 162.3 161.1 162.3 164.1 167.2 168.9 170.9 172.9 174.2 174.6 178.6 184.7 188.8 190.4 187.7 186.2 185 184.7 186.2 188.4 191.6 191.3 196.1 201.4 207.5 217.7 226.2 229.7 228.5 226.6 228 232.9 239.5 244.6 252.6 260.2 265.2 270.6 276.3 278.2 275.6 280 287.3 292.9 296.1 300.9 306.7 312.6 317.6 322.1 325.9 330.3 335.5 340.5 346.1 351.4 358 362.2 373 373 371.9 372.9 377.6 383.3 387.7 388.9 387.7 386.3 381 380.5 379.9 379.3 377.7 371.5
154.7 147.5 159.4 161.8 160.6 161.5 165.2 166.8 169.1 172.1 174.9 175.4 172.7 172.9 175.4 180 184 187.3 189.7 188.3 186.5 184.5 185.3 187.2 188.3 189.5 195.8 200.8 208.3 219.4 227 228.6 227.1 224.8 224.8 228.1 231.8 237.7 247.9 255.8 260.9 264.4 269.5 273.9 273.8 278.6 286.1 289.9 291.8 294.9 303.9 309.3 312.1 317.6 320 322.3 327.9 333.8 342.1 349.5 353.9 356.1 359.2 362.7 366.1 368.6 371.2 373.9 378.8 382 382.1 379.8 373.7 371.3 369.7 369.4 368.1 362.1
154.8 151 158.2 159.5 158.4 164 168.4 169.3 172.2 174.6 176.3 178 175.4 172.6 173.6 175.7 179.4 183.5 188.1 191.3 191.2 188.9 185.4 185.8 186.6 190.2 195.7 201.7 209.9 219.4 225.2 227.3 225.9 223.2 221 223.7 227.2 234.1 245.5 254.5 256.9 258.7 259.8 267.3 270 275.4 283.5 287.1 287.9 290.4 297.6 305.2 308.9 311.7 314.9 317.3 322.8 329.4 335.3 342.2 347.9 349.8 352.1 353.9 357.5 360.9 363.1 364.4 368.2 372.7 374.5 372.3 364.1 358.9 359.7 362.4 359.9 354
154.4 153.8 154.6 156.4 158.8 163.5 167.8 169.9 171.4 173.4 174.6 176 175.7 172.4 172.8 173.3 176 179.7 185.6 191.7 194.7 193.4 189.8 184.1 185.2 190.7 196.1 202.5 209.4 216.2 221 223.8 223.3 221.1 218.7 219 222.2 231.5 242.2 251.1 252.1 250.2 251.9 259 269.1 274 279.5 282.3 282.3 287 293.3 298.8 303.8 307.8 309.5 312.5 318.5 326.7 332.7 335.2 335.9 339.5 343.9 347.9 350.5 353.4 354.8 355.8 358.2 360.1 363 361.3 355.6 348.5 348.2 351.7 349.2 342.2
153.4 152.2 153.4 153.9 157.2 160.9 166.8 168.5 167.9 169.7 171 172.1 173.5 171.7 172.1 173.2 173.9 177.5 183 189.4 194.3 194.8 192.1 186.3 183.8 189.8 195.4 200.5 206.7 211.6 215.5 217.4 218 217.4 215 216.5 218.6 227.1 237.4 244.5 246.3 244.2 246.4 255.4 265.2 273.9 270.2 272.7 273.9 281.9 288.3 293.9 297.5 300.7 302.3 309.4 312 317 325 329 328.8 331.3 333.4 337 342.2 345 346.1 348 350.7 352.6 354.2 352.2 346.9 338.3 337.1 339.6 341 337.2
152.2 151.1 153.4 152.8 153.9 157.7 162.3 164.6 164.5 165.1 166.2 167.2 170.4 170.4 171.2 173.4 172.9 175.7 180.3 184.9 190.3 191.5 190.4 188.2 181 188.8 193.6 198.4 202.3 207.1 209.2 209.5 210.1 211.4 212.1 213.3 216.2 224.2 232.6 239.7 242.1 240.9 243.5 250.8 259.5 267.5 268.3 261.2 264.9 275.1 282.8 288.1 290.3 291.5 296.9 305.9 309.8 311.1 314.4 318.3 320.8 324 327.4 328.5 331.2 335.1 337.7 340.5 342.9 344.5 345.4 344.4 338.8 330.4 327.5 331.1 332.5 333.1
