public/OST50/SD77.asc
ncols 200
nrows 200
xllcorner 370000
yllcorner 470000
cellsize 50
[rows 35 to 69 of 200, columns 78 to 155 of 200]
303.6 302 302 302.9 298.8 296.2 292.2 284.9 284.8 278.9 274.5 276.7 289 289.6 294.3 296.5 298 301.2 303.5 307 309.2 313.4 316.8 319.3 320.9 320.1 321.1 322.9 325.6 329.1 330.6 331.7 331 331.4 331.3 331.4 333.9 335.1 335.3 335.8 336.8 341.4 343.3 345.3 344 343 343.9 346.4 346.3 345.7 346.1 345.7 345.1 344.6 343.5 343.1 343.2 342.3 341.5 341.5 341.8 342.1 341.6 339.8 338.3 337 335.5 333.5 329.8 326.7 325.9 310.2 308.6 304.5 305 299.9 297 291.7
304.9 303.8 304.9 301.9 297.2 292.9 290.7 287 278.3 274.1 275.8 289.8 292.7 294.8 296.7 299.5 301.7 302.9 311.3 313.3 313.8 314.7 317.2 319.4 321.1 321.3 322.1 324.2 326.9 330.3 332.3 332 332.7 332.9 332.6 335.8 338.2 336.7 335.9 336.7 338.2 344 347.2 346.4 344.8 345.1 346.5 347.2 347.9 347.1 346.5 346.3 345.7 345.2 344.8 344.3 343.7 342.7 341.9 342.1 343.2 344.2 344.2 343.4 341.3 339.3 337.6 335.4 332.8 329.4 327 326.1 315.8 312.6 304.4 300.4 297.6 293.8
306.4 305.9 305.3 299.3 294.9 289.7 289.4 282.6 274.6 275 286.6 292.7 294.5 297.1 299.9 301.1 303.8 312.1 312.6 313.9 318.3 318.8 319.1 319.9 321.6 322.3 325.1 327.5 328.1 331.1 332.3 333.1 334 335 337.5 340 338.8 336.7 338.3 340.7 340.7 346.8 347 346.4 346.7 348.1 348.5 348.9 349.4 348.8 347.6 347.8 349.1 349.5 348.5 345.3 344.6 343.8 343.3 343.1 344.2 345.6 345.8 345.6 344.4 341.6 339.9 337 334.6 330.7 328.2 327 320.5 317.9 306.7 303.4 299.1 296.2
307.6 305.5 303.7 297.2 291.7 290.3 286 277 274.2 282.5 291.2 296.4 299.4 301.5 302.1 304.9 309.9 313.4 315.3 318.4 318.8 320 320.1 321.1 323 327.8 329.6 329.7 330.1 331.1 332.8 334 335.2 337.9 341.3 340.2 337.4 339.7 340.8 342.2 345.2 345.5 345.9 346.5 348.5 349.4 349.9 350.3 350.8 352.3 355 353.6 353.3 352.5 351.7 350.6 349.4 347.9 344.7 344.2 344.7 346.2 347.1 346.8 346.3 343.5 341.9 339.7 337.4 331.9 330.4 329.1 323.8 318.7 309.7 305.8 300.6 297.6
307.1 303.3 297.8 295.4 288.8 289.3 278.2 271.8 279 287.2 297.8 301 302.2 300.9 305.3 308.3 314.5 315.9 318.3 320.1 320.2 320.5 321.4 322.8 328.7 330 331.1 331.8 336.7 336.3 337 335.1 337.6 341.3 339.6 338.9 339.2 341.1 342.2 344.3 346 346.2 347.4 349.2 349.8 350.6 350.5 352 353.6 356.1 356.1 355.6 355.7 355 354.4 353.3 351.8 350.2 349.3 347.3 345.9 346.7 347.7 347.8 347.5 347.1 343.4 341.2 335.7 333.4 333 330.5 323.8 318.2 313.3 308.1 303.6 300.6
303.5 299 297.6 291 284.7 280.1 272.5 279 285.6 292.1 298.5 300.8 302.8 304.6 308.2 314.9 317 318.6 321.6 321.1 321 321.8 324.2 328.6 329.9 330.5 334.2 337.4 338.1 338.7 338.5 337.4 339.8 340.5 340.2 339.7 342.2 342.9 344.4 346.6 347.1 347.6 350.1 351 352.1 352.7 353.2 355 356.7 357.5 357.4 357.8 358.6 358.6 357.9 359.6 359.3 355.1 353.2 351 350.4 349 348.7 348.5 348.4 348.1 344.7 341.6 339 337.1 333.4 330.7 325.8 320.4 316.5 308.6 304.5 301.3
299.3 298.7 291 285.3 279.5 269.8 276.9 283.4 289.9 297.6 301.1 302.9 304.9 306.7 317.7 318.7 318.7 321.6 322.3 322.3 322.6 324.3 329.3 330.3 331.6 336.2 337.4 338.1 338.7 338.7 339.3 340.6 339.8 339.6 340.5 345.4 344.9 344.1 346.9 347 349.8 351.3 352.1 355.4 358.5 357.4 356.5 357.8 358.4 359.5 360.3 361.5 363.7 364.5 364.2 362.5 363.7 362.9 360.4 354.8 353.8 354 351.8 349.6 349.3 348.7 344 343.2 342 337.7 334.2 332.5 328.1 323.1 320.5 311.8 306.7 304.4
295.4 289.6 285.7 281.1 270.8 270.9 282.5 287.3 294.4 296.9 304.6 305.1 305.3 315.5 319.8 319.5 320.5 323.2 323.5 323.4 325.2 330 331 332.5 337.2 338.8 338.9 339.4 339.6 339.1 339.3 340.1 341.3 341.1 341.2 345.4 345.7 347.3 348.3 351.6 352.3 353.9 358 361.8 360.2 358.3 358.5 359.6 360.7 362.6 364.5 368.3 369.3 370.9 370.3 370.9 369.6 368.6 364.7 362.6 358.8 358.3 355.1 353.6 350.5 349.2 345.6 345.1 343.8 339.9 335.3 334 330 327.2 321.7 315.7 308.5 305.8
288.3 283.4 281.5 271.8 267.6 280.6 284.6 289.8 299.6 301 305.5 306.7 313.2 315.7 318.4 320.9 322.4 324.5 324.7 325.4 330.1 331.9 337.7 338.3 339.4 340.5 340.6 340.8 340.6 339.5 339.7 341.5 341.9 342.9 342.9 343.9 347 348.5 353.1 353.5 353.6 358.1 362 360.9 359.6 359.6 360.9 362.5 365.5 368.1 373.8 375.2 376.6 378.8 380.1 379 380.3 378.4 376 373.4 368 363.5 359.5 356.3 352.4 349.4 349.1 346 344.8 341.1 337.1 335.6 331.6 327.3 323.8 318 310.5 307.5
283.2 280 277.4 266 274.9 282.3 285.3 293.2 302 301.8 306 311.1 312.5 313.5 317.4 321.5 325.2 326.1 326.3 332.3 332.8 338 339.2 339.8 340.6 342.1 342.1 341.2 340.5 340.5 340.9 343.2 342.8 344 348 346.9 348 348.8 352.6 354.1 357.1 359.5 357.8 358.1 360.8 361.9 365.2 369.4 373.7 377.5 379.3 382.9 383.2 383.2 383 382.5 381.2 380.1 378 377.6 373.9 365.7 363.6 358.9 354.5 351.4 350.1 347 345.7 344.3 337.9 336.2 333.7 329.1 324.3 318.9 312.9 308.7
277.8 276.6 265.8 271.8 281.3 283.6 286.7 291.2 297 300.2 306.1 308.9 311 313 318.1 322 326.5 327.1 332.8 333.7 338.9 339.4 339.6 340.2 341 342.1 342.2 341.3 340.7 342.7 344.8 342.7 343.4 346.5 348.2 348.9 349.2 349 350.7 354.5 356.7 355.5 356.5 360.1 362.3 369.2 373.2 376.2 378.9 381.8 383.8 383.8 383.3 384.2 383 383.6 382.3 383.6 381.9 382.3 379.6 371.1 364.1 360.1 358.2 353.8 350.9 347.6 346.4 345.9 338.9 337.5 334.6 330 325.5 319.5 313.2 310.6
279 269.2 264 278.5 281.5 284.9 287.2 290.2 295.1 300.3 308.5 310.8 310.4 315.8 317.7 323.2 327.7 334.4 334.6 335.6 339.7 340.4 340.4 340.9 341 341.6 342.4 341.3 343.1 344.3 341.8 342.6 344.4 347.2 348.5 349.1 349.8 350.6 350.2 352 354.7 354.6 358.5 363 369.5 374.2 379.7 384.9 385.6 386.1 385.4 385.4 387 387.7 391.5 394.8 394.7 393.9 390.1 384.8 381.1 376.7 370.4 367.4 364 356.6 352.2 349.9 346.5 345.9 343.3 337.2 335.8 330.6 326.3 319.3 313 310.8
272.8 260.2 273.9 282.8 282.4 284.8 286.5 290.1 292 300 311.1 310.6 313.3 316.9 318.2 324.1 329 335.1 335.3 341.6 341.2 341.5 341.6 341 341.4 341.8 341.6 342.2 343.5 343 342.4 344.2 347 348.8 349.5 349.8 350.5 351.3 352.3 355 355.2 357.3 363.1 367.8 374.4 380.9 385.8 386 387.1 387.8 388.7 390.1 395.6 402.1 409 411.1 408.3 404 399 390.6 385.9 381.7 376.9 373.7 369.7 363.4 353.1 350.6 347.1 346.4 345.1 337.9 335.8 331 327 319.5 313.1 311.3
264 264.5 276.9 281 282 283.9 285.5 286.6 289.9 300.8 309 310.3 314 317 319.5 325.7 335.3 336 336.5 342.2 342.3 342.4 342.3 342.7 341.9 342 342.1 342.1 341.8 343.2 344.3 347.6 349.6 350.4 350.7 350.7 351.9 354.4 355.8 354.5 358.2 361.2 369.1 373.5 376.9 385.6 386.8 388.5 389.7 392.1 396.9 403 414.1 422.9 425.6 424.4 420 417.8 407.1 398.9 392.4 386.5 381.1 378.6 376.9 369.4 356.7 352.3 348 346.8 345.5 339.1 336.4 333.5 328.4 319.8 313.2 311.6
260.5 267.8 277.1 280.4 279.3 281.2 284 284.1 287.5 294.7 311 311.4 312.3 317.5 324.5 328.3 335.4 336.7 337.7 342.7 343.1 343.3 343.3 343.6 342.4 342.6 342.7 342.4 343.5 344.6 347.6 349.3 350.2 351.2 351.8 352.7 355.5 357.2 360.6 364.1 365.1 369.5 374.8 378.9 383.4 386.7 390 393.2 398.4 402.5 412.9 425.2 432.9 438.6 442.5 441.3 438.8 430.2 416.6 405.8 399.6 393.2 385.2 380 380.4 373.8 359.2 352.8 348.8 348.2 346.7 345.3 337 334.1 328 321.8 314.4 311.8
261.4 272.6 276.2 275.5 278.2 279 281.5 284 286.1 292.9 308.6 310.9 311.8 316.8 326.2 329.9 331.4 337.8 343.4 343.4 344.1 344.2 342.9 342.8 343.4 342.9 342.8 343.1 344.4 349.1 349.5 350.2 350.8 351.7 352.4 356 358.9 364.8 370.1 374.2 374.4 375.9 379 382.5 386.3 391.5 397.4 404.7 411.1 423.2 435.6 445.7 453.3 458.7 459.6 455.3 447.2 440 429 416.2 404.5 397.1 387.8 380.8 379.5 374.5 361.4 354.4 351.2 348.9 348 346.3 338.2 337 327.3 322.6 315.4 312.2
268.2 272.8 271.9 272 276.6 277.1 280.1 281.7 285.9 293.4 309.8 310.3 313.8 320.9 329.9 331 336.5 339.2 344.3 344.9 343.9 344.2 344 343.5 343 344.5 344.8 346.3 350.4 352.3 351.9 350.4 351.3 352.8 358.6 361.9 367.7 374.1 379.4 382.1 378.3 379.7 383.3 387.4 393.6 400.6 407.3 420.6 430.2 442 452.9 466.4 476 476.3 473.7 468 457.4 447.3 438.1 424.3 411.4 401.1 393.7 381.7 377 373.7 362.3 356.8 353.5 350.1 348.9 347.3 340.6 338 328.1 321.5 316.5 312.7
271.4 268.5 266.1 270 270 273.5 278.9 282.9 285.5 293.3 308.7 312.5 317.4 327.3 331.9 333.6 338 339.5 345.8 345.5 345.2 344.5 344.8 345.6 345.1 345.5 347.4 350.9 352 352.6 351.5 352.7 353.8 358.4 363 369.4 376.3 383.8 387.1 383.3 382 382 387.5 394.6 403.3 411.3 422.2 437 451.5 463.6 478.8 492.8 497.1 495.3 489.2 477.3 466.7 453 443.4 432.2 418.3 407.1 399 386.2 378.9 372.3 366.3 357.5 354.5 350.8 349.1 348.1 341.6 339 329.3 322.2 317.8 315.3
261.6 261.7 262.5 265 270.8 276 280.6 283.5 286 295 312.4 314.2 319 328.5 332.9 335.3 338.9 340.1 345.8 345.7 345.7 345.4 345.7 346.9 347 347.2 350.2 351.4 352.4 353.6 354.1 354.6 359.4 363.3 369.5 376.5 383.1 387.5 384.1 384.5 386 392.3 397.8 405.7 414.6 426.1 443.5 458.8 478.4 489.3 503.7 513 516.8 514.9 505.7 487.1 472.1 460.8 447.2 438.2 424.2 412 403.8 392.8 381.4 375.5 366.5 367.3 356.3 351.2 350.2 348.9 342.7 338.9 331.1 324.4 319.5 315.3
255 255.1 257.2 260.3 271.8 280 284.4 285.3 289.7 297.2 313.6 316.6 319 329.8 334.4 338.4 340.1 342 347.4 347.1 346.8 346.6 347.1 347.6 347.8 348.3 349.5 349.6 350.8 353.8 355.4 358 361.1 367.7 376 382.9 387.1 385.8 387.4 391.9 399 404.7 409.8 417.5 430.4 448.9 468.3 488.3 501.3 513.7 525.9 532.5 533.7 530.3 517.9 496.7 479.8 466.6 452.3 441.6 430 416.3 407.5 398.6 387.6 379 375.1 372.1 359.9 354.1 351 349.3 342.2 339.7 332.2 325.3 320.6 317
250.5 252.9 256.3 263.7 271.1 284.8 286.1 288.1 293 297 313.6 317.5 319.8 328.6 334.8 337.4 342.4 346.1 348.5 348.3 348 347.3 347.7 347.8 347.6 348.6 348.7 348.9 354.9 358.9 356.2 362.4 369.4 375.8 379.3 385.2 387.3 390.6 398 404.3 410.3 417.1 422.1 436.6 452.3 473.3 490.3 507.3 523.6 537.4 545.8 547.4 548 543.6 527.3 506 486.1 470.7 457.4 445.8 436.2 421 408.6 401.2 393.2 381.8 379.2 377.4 362.8 355.5 352.3 350.7 341.9 340 333 325 321.4 318.4
249.4 252.1 258.5 263.6 271.5 287.3 291.1 290.8 296.6 305 314.6 319.5 321.3 328.5 334.7 338.2 344.2 349.7 349.5 349.3 349 348.6 348.4 348.3 348.4 348.7 350.3 356.5 359.7 363.5 364.7 366.7 374 379.4 382.6 388.1 394.9 402.3 409.7 415.8 420.4 427.3 438.5 455.2 475 488.5 506.8 525.3 540.7 550.8 556.5 557.6 553.5 549 535.7 514.6 494.1 475.1 463.4 448.1 437.6 423 409 402.3 395.5 386.9 381.9 381.2 367.8 357 354.2 351.8 343.8 340.2 334.4 328.1 323.1 319.8
249.6 255.3 258.5 263.6 274.9 288.2 289.8 294.4 312.2 316.1 320 320.7 323.3 330.4 334.7 340.3 342.5 350.8 350.5 349.9 350.2 350.2 349.6 349.5 349.9 352.4 357.6 360.8 365.8 370.6 366.9 365.4 374.3 380.4 388 395.1 403.8 411.8 417.9 422.6 428.3 439.2 454.9 475.7 491 507.6 524.3 541.8 551.3 555 558.4 558.7 555.6 551.1 541 522.9 501.3 480.9 467.1 451.8 440 425 413.2 402.6 396 386.9 384.8 383.6 370.9 358.8 356.3 353.5 349.4 340.9 335.5 330.2 324.8 321.5
253.4 254.2 259.2 264.2 271.8 279.8 288 300.3 315.5 321.9 322 326.3 329.7 329.3 334.5 341.4 344.8 351.7 351.1 351.4 352.2 351.3 350 350.9 352.7 356.7 361 366.8 373.1 376.2 369.6 373.6 383.5 388 397.1 404.4 410.3 416.3 421.3 428.3 440.7 456.1 476.1 493.4 509.2 523.2 541.4 551.8 555.6 558.3 558.9 556.5 553.5 549.9 544 528 505.6 485.2 470.1 454.9 443.9 432.3 419.2 404.4 397.1 389 386.8 384.9 373.8 361.1 357.8 354.8 351 341.3 335.5 331.5 326.1 323.3
253.6 257.4 261.1 266.1 274.7 288 287.5 299.5 323 323.1 326.6 328.9 336.1 336.6 340 341.9 342.1 348.6 350.9 353.6 352.6 352.1 351.4 352.4 356 360.9 365.4 373.6 380.5 380.1 371.4 383.1 388.6 396.9 403.5 410.4 414.8 418.7 429.3 440.5 455.1 474.6 492.2 508.8 520.6 537.5 555.8 561 561.3 561.3 560.8 557.5 553 549.3 544.3 530.9 509.7 490.9 473.8 458.8 445.4 437.2 421.4 409.3 397.8 390.8 386.8 385.1 375.7 362.1 359.5 356.4 348.7 342.8 336.1 332.7 328.2 325.5
255.2 259.4 263.9 273.6 276 288.3 291.2 299.1 322.9 325.3 329.3 334.2 337 338.5 346.2 348.7 348.5 354.8 354.7 353.8 353.4 353.6 353.4 354.4 358.7 364.7 371.8 380.6 384.1 378.1 379.6 390.1 396.5 403.9 410.1 414.6 419.5 429 439.8 452.6 470.6 489 505.6 517.7 533.2 552.6 560.5 563.3 562.8 562.5 563.5 558.2 554.2 549.4 542.7 530.7 514.9 494.9 475 459.5 446.5 437.6 422.8 412 399.6 390.5 387.1 384.8 376.8 362.5 360.7 356.1 349.4 344 336.6 334.3 330.6 327
255.2 261.7 267.1 283 285.9 287.3 291.7 304.1 319 326.5 330.9 338.1 338.2 345.6 347.9 349.6 350.4 354.5 355 354.6 355.2 354.9 355.8 356.1 363.4 371 378 382.1 381 382 391.9 398.1 403.2 408.9 415.2 421 429.6 439.3 449.2 464.7 483.3 497.7 513.9 527.8 549.3 561.6 562.9 563.1 561.5 561.2 561.5 560 555.5 549.6 539.3 527.5 513.5 497.9 475.8 461.3 447.5 439.8 422.7 413.3 402 392.6 388.5 385.5 378.7 368.6 361.2 357.6 350.9 344.4 337.6 335.4 331.4 326.9
261 265.3 270.7 289.8 293.1 294.8 297.5 311.5 325.8 326.7 334.5 338.9 343.9 345.7 348.1 348.8 351.1 353.6 355.1 354.2 354.5 356.1 356.7 361.8 369 373.7 377.5 380.3 383.9 391.2 400.2 405 409.2 413.7 421.7 430.9 440.2 448.4 458.3 472.6 490 504.8 521.5 545.2 560.7 563.3 562.9 562.7 562.1 561 560.3 556.4 554.5 548 537.6 523.4 511.5 498 475.3 462.9 448.4 439.7 423.3 414 404.8 394.6 389.4 386.2 380 371.9 361.3 358 352.1 346.4 338.9 336.8 333.2 328.5
265.5 272.3 284.1 293.9 296 300.4 304.3 323.5 327.4 332 338.9 344.4 345.8 347.4 348.4 350.1 352.9 354.3 353.7 355.1 356.4 356.6 359.7 364.3 367.3 370 374 381.2 388.6 398 405.3 410.4 414.4 420.9 430.1 439.9 449.1 457.9 467.8 482.4 496.4 513.4 537.6 554.8 560.6 561.9 562 561.9 562.1 559.8 557.4 552.7 550.8 543.6 531.4 518.6 507.9 495.7 476 463.3 450 439.5 424.3 415.4 406.5 395.8 390.4 386.7 381.6 374.2 361.2 357.2 351.1 346.2 341 338.3 334.1 329.3
270.2 278.4 291.9 301.5 303.7 303.2 308.8 330.2 331.9 341.2 340.4 344.3 347.2 348.2 349.3 351.8 354.2 355.2 355.3 357.6 358.5 358.9 360.4 362.7 364.8 368.2 376.7 386 394.5 401.7 407.9 413.9 419.6 429.3 440.3 449.8 458.4 465.7 476.2 490.3 504.7 524.8 544.4 554.4 557.6 558.7 558.4 558.6 558.9 558 555.3 549.4 544.4 537.6 525.7 514.1 505.6 492.9 477.2 463.7 450.3 438.7 424.1 414.9 406.6 396.1 390.3 386.3 381.6 373.8 361.6 357.9 349.7 346.3 342.5 339 334 329.6
274.9 285.4 298.3 305.4 310 309.1 324.5 335.4 345.3 343.1 342.2 346.4 348.2 349.5 350.6 353.2 355.3 356.8 358.5 358.9 358 359.6 361.5 363.6 370.4 378.1 385.1 393.7 399.1 405.5 412.2 418.5 427.3 437.3 448.4 458.1 466.8 475.8 485.2 496.3 514.3 531.6 545.2 551.6 554.5 555.1 553.7 554.6 553.1 553.1 550.2 544.6 538.3 530.7 518.9 507.1 500.2 489.9 475.9 462.2 450.9 438.9 423.3 414.8 406.1 395 389.8 384.9 381.6 375.1 362.2 357.9 350 347.5 344 339.2 333.3 328.5
283.9 300.2 305.6 309.8 314.2 323.8 336.4 344.7 347.9 345.7 343.9 348 349.6 350.9 351.6 354.5 357.2 358.8 359.3 360.1 359.5 363.9 368.5 375.8 381.9 386.5 390.9 396 402.2 408.7 416.8 425.8 435.6 444.6 454.3 463.4 471.8 482.3 493.5 505.6 523.4 534.7 541.6 546.1 549.1 549.4 549.3 547.2 545.7 544.7 541.7 538.6 531.5 523.4 513.4 502.7 495.2 485.1 473.4 462.5 450.7 437.9 423.4 414.2 405 395.3 388.1 382.5 380.1 375.1 362 358.3 351.1 348.4 344.6 338.3 332.3 326.5
294.3 306.5 310.4 312.9 319.1 342.4 343.2 352.1 349.8 347.7 345.4 349.7 351.8 351.4 353.3 355.5 358.9 357.6 359.2 362.5 367.2 372.8 378.8 384.6 388.2 391.6 396.7 399.9 407.5 415.5 423.6 433.4 442.9 452.1 459.3 468.5 480 491.5 505.9 514.1 528.7 533.7 538.6 541.5 542.8 542.4 540.6 537.8 536.4 536.1 534.7 531.2 524.5 516.5 508 497.5 487.6 480.1 467.5 458.7 449.5 437.7 423.2 413.4 405.5 396.6 384.3 378.9 377.3 373.6 362.6 358.6 352.3 349.8 345.1 339.4 333.8 325.4
304.9 307.2 312.9 315 340.8 343.7 352.3 352.2 350.5 348.3 346.4 349.7 351.8 352.7 355.5 357.7 357 357.9 363.4 369.3 375 379.9 382.1 384.7 390.2 395 400 405.6 413.6 423.2 431.3 439.3 448.2 455.6 463.7 477.7 491.2 505.7 518.4 527.2 531.1 531.8 535.2 536.3 536.6 535.5 533.5 532.4 529.7 527.7 526.8 522.2 517.1 511.5 502.1 491.1 480.3 473 462.1 455.3 446.6 436.8 425.3 413.9 407.3 400.5 390.9 379.2 373.7 370.5 362.7 358.7 353.1 351.1 346.4 341.2 335.5 327.2
305.4 307.6 314.5 329 346.7 351.9 350 346.9 349.3 347.8 346.8 349.7 352 355.2 355.8 354.8 355.7 360.5 367.1 372.5 376.8 378.4 383.5 389.1 394 398.7 405.2 412.1 419.9 428.9 437.9 445.5 452.6 461 474.6 491.2 504.8 515.6 523.7 531.2 531.2 530.7 531.1 531.4 531.2 530.1 528 524.5 520.5 519.5 517.7 513.4 510.5 502.9 495.3 486.2 472.9 465.5 457.8 450.9 443.9 433.9 423.6 414.4 409.3 403.8 394.7 382.6 369.9 366.9 363.8 360.1 352.3 351.7 347.4 342.6 336.5 328.9
