public/OST50/SD78.asc
ncols 200
nrows 200
xllcorner 370000
yllcorner 480000
cellsize 50
[rows 105 to 139 of 200, columns 78 to 155 of 200]
469.6 470.4 471.2 473.9 482.3 486.7 491.3 491.3 489.7 486.4 484.3 482.3 481.9 480.9 478.9 477.3 476.2 475.1 473.7 472.4 470.1 467.7 464.2 460.9 458 455.9 452.7 448.8 446 443.5 443.1 441 437.4 436.6 435.8 433.5 431.1 427.9 426 423.9 421.4 417.9 412.1 409.1 409.8 410.1 410.7 409.6 411.2 410.9 413.9 412.5 408.9 408.6 405.3 403.6 402.2 399.8 395.7 387.6 384.8 375.9 371.3 360.1 354.7 350 342.4 334.6 326.2 319 308.5 298.4 286.2 296.9 305.9 316 324.7 334.3
473.3 476 475.2 477.5 488.1 491.9 495.2 494.6 491.7 489.8 489.2 489.4 488.7 486.4 481.3 479 477.5 476.5 475.4 473.7 471.7 468.4 466.5 464.2 461.6 460.4 455.5 455.4 453.1 449.4 446.5 442.8 439.7 440.4 438.2 435.9 433.3 430.8 430.2 426.4 424.4 419.3 416.3 413.1 412.4 413.6 414.9 413.9 415.1 413.4 412.8 411.1 410.4 409.9 408.6 407.6 406.2 403.7 396.2 396.8 389.5 385 378.6 368.9 359.6 353.1 345.5 338.8 328.9 325.1 310 297.6 286.3 294.5 304.4 314.5 323 332.4
477.8 478.9 479.2 479.8 484.2 493.6 497.3 496.6 494.1 491.6 490.5 489.8 489.8 490 483.1 480.7 479 478 476.4 475.4 473.8 472.3 469.9 467.1 465.4 462.9 461.3 459.9 457.6 454.2 449.9 444 443.5 442.9 441 438.3 435.7 433.2 431.6 429.2 425.4 422.7 419.2 413.1 415.1 417.4 418.1 417.3 417.5 415.6 414.3 413.7 413.2 412.2 410.7 410.7 409.4 407.2 401.8 400.2 394.2 389.8 383 373.8 365.5 355.5 343.3 340.1 330.7 326.6 310.2 308.5 296.3 288 301.6 309.3 317.9 330
479.7 481.3 482.3 486.2 492.7 497.7 500.3 500.8 499.5 496.9 496.6 496.4 495 491.4 487.4 483.3 481.1 479.2 477.6 476.4 476 474.5 472.6 470.4 467.9 464 464.4 462.9 460.9 457.3 454.4 451 447.1 445.4 443.2 440.7 437.5 435.4 434.2 431.9 427.1 427 422 417.2 420.7 421.4 420.4 418.3 417.5 418.5 417.7 417 416.1 416.4 412.7 411.8 410.3 408 404.5 400.7 392.8 388.1 384.5 377.2 370.3 362.1 351 341 336 323.8 318.8 317.5 306.5 296.5 290.8 307.4 316.4 333.9
485 492.4 496.7 499.3 501.3 503.4 505.9 505.4 501.4 500.7 501.5 501.4 500.8 496.9 494.7 491.8 486.7 482 480.3 479.1 478.9 477.1 475.6 472.7 469.9 468.2 467.1 465.3 462.4 461.3 458.5 454.8 453.5 449.9 446.7 442.8 439.2 437.5 436.5 432.6 432.9 429.4 424.8 421.2 424.5 424.9 424 421.2 420.3 422.6 421.8 421.3 419.6 419.2 415.1 413.1 411.4 411.4 405.7 398.5 386.5 381.7 380.7 375.8 370.4 358.2 361.4 352.9 345.8 334.9 330.4 322.7 310.3 305.5 298.7 291.9 312.6 335.8
491.7 499.3 504.2 506.3 508 507.7 510.1 510.1 509.1 507.2 506.9 505.8 504.6 502.9 500.5 499.4 495.1 491.2 487 484.2 482.6 481.4 479.3 476.2 470.1 471 469.1 467.1 465.5 463.6 462.7 459.8 458.6 456.1 451.6 444.7 440.3 438.2 436.5 436.1 435.6 430.7 426.7 425.4 428.6 427.9 426.9 426.3 426.2 426.2 426.2 424.2 422.6 419.9 415.9 415.9 414.3 416.1 411.4 401 392.4 385.3 379 376.5 372.8 367.9 366.1 357.4 349.7 340 333.8 327.3 312.9 309.9 312.4 304.3 309.2 323.3
500.7 506.6 509.2 511.3 512.5 513.4 514 514.3 514.3 511.6 510 509.7 508.5 507.3 506.7 504.4 502.7 500 495.1 491.4 490.1 488 486.2 481.7 474.1 473.9 472.2 469.7 468.4 467.1 465.3 464.6 463.1 460.2 456.3 451.1 442.7 439.5 437.6 438.2 436 432.9 427.6 430.4 431.5 431 429.4 427.9 427.5 427.9 427 425.5 424.5 421.8 419.4 416.7 415.2 417 415.9 406.6 397.9 392.9 384.5 382.3 376.6 370.4 368.9 360.7 353.2 344.2 336.3 330.8 316.1 316.6 317.1 304.1 303.7 317.3
507.3 509.9 513.5 516.1 517.6 518.3 518.2 518.1 517.3 513.1 513.6 513.2 512 510.7 510.4 509.9 508.1 505.3 501.1 499.5 497.8 495.1 494.4 488.3 483.1 477.2 475.4 473.1 472 470.6 468.7 467.8 466.6 463.6 459.3 454.8 447.5 440.8 439.5 440.8 438.1 436.3 432.6 433.9 433.3 432.5 431.5 430.3 429.6 430.2 428.2 426.5 426.5 424 422.3 419.3 415.4 414.9 415 409.2 401 395 385.7 383.4 378.1 378.3 372.6 361.2 356.4 347.5 338 333 323.9 319.1 314 311.3 317.2 318.2
511 515.3 518.7 520.8 523.1 523.8 523.8 523.3 522.7 521.2 518.1 516.2 514.5 513.8 514.2 514.5 512.1 509 506.4 505.8 505.1 503.8 500.8 496.3 490.9 484.5 478.5 476.1 475 473.9 472 470.9 469.8 467.2 462.5 457.2 451.7 444.9 444.3 441.7 441.4 439.1 437 437.4 434.9 433.7 432.1 431.5 431.8 431.8 430.5 427.8 426.7 425.5 424.8 421.4 416.5 411.8 410.3 407.3 400.6 394.4 385.6 383.6 381.3 380.8 374.1 365.6 357.5 350.5 340.5 335 326.7 317.9 317.1 324 330.2 340.4
516.4 520.7 523.7 525.6 526 527.6 528.8 531.4 530.7 528.8 527 525.3 523.6 520.3 520.1 519.7 516 513.8 511.2 510.3 508.9 507.6 504.6 499.9 496 491.3 485.7 482.2 478.8 477 475 474 471.9 469.6 465.1 459.8 455.8 450.4 449.4 445.3 442.4 441.2 440.6 440.8 438.8 435 433.5 434.3 434.1 433.5 430.5 429.6 427 426.1 425.6 422.1 418.3 414 409.8 405.2 398.4 391.1 386.7 384.9 383.7 382.5 374.4 369 358.5 353.6 342.7 335.7 327.7 317.6 327.3 333.1 332.9 339.8
520.8 525.2 527.3 529.9 533.8 534 538.5 536.7 534.8 536.4 533.8 532.9 532.3 529.7 527.5 525.3 521 519.3 515.8 514 512.5 510.6 508.3 503.6 499.4 499.8 492.9 488.8 485.4 480.6 478.1 476 473.3 470.6 467.4 463.5 457.8 456.9 454.3 447.4 446 442.7 442.4 442.6 441.2 440.1 438.4 437.6 436.2 434.3 432.7 429.5 427.5 425 423.9 422.1 419.5 416.7 413.2 406 400.6 394.8 391.9 388.9 385.6 382.5 374.2 369.5 359 352.9 342.9 336.5 329.6 319.3 332 338.1 343.1 343.8
527.5 531.5 534.3 540.1 544.6 543.2 546.9 546.2 545 543.3 542.3 540.6 537.8 534.2 533.1 530 527.6 523.3 520.8 518 515.4 512.9 511.4 509.4 506.9 500 498.2 496.8 492.4 486.6 482.7 478.4 475.1 472.8 470.2 465.2 460.7 459.6 457.9 452.1 452.6 448.4 446.4 444.2 442.9 442.7 441.9 439.6 437.5 435.8 434.2 431 427.1 423 423 421.7 420.5 419.2 416.5 413.1 407.4 397.4 394.1 392.2 387.5 381.9 373.8 366.7 357.7 349.1 338.7 336 330.1 322.3 333.7 341.4 346.6 353.8
534.7 538.2 545 548.9 551.3 551.4 552.2 551.1 551.9 550.8 548.9 546.8 543.6 541.2 538.5 536 532 530.8 526.1 521.9 518 515.2 514.7 512.8 509.5 505.4 498.6 500.2 495.5 490.6 486.2 481.3 478.2 475.1 470.9 465.8 462.9 461.7 457.2 458.7 458.8 456.4 451.1 447.3 445.5 443.3 442.7 441.2 439.3 436.9 434.3 430.6 425 421.7 421.9 421.4 420.7 419.5 418.1 417.1 412.1 400.1 398.6 395.7 388.8 381.6 371.8 363 353.2 345.6 339.4 333.6 333.9 324.8 338.5 343.5 351.5 359.3
540.9 548.3 551.8 554.4 556.8 558.2 559.9 560 559.6 558.3 556.2 552.9 550.2 547.7 545.1 543 539.9 536.5 532.9 523.9 521.6 519 517 514.7 510.2 508.4 504.5 504 500.7 493.7 489.4 485.5 481.6 476.7 472.9 466.7 464.9 462.4 458.8 462.8 462.9 461.6 458 453.2 447.8 443.2 441.9 441.2 440 437 434.4 430.7 425.6 420.7 420.7 419.1 418.9 416.8 417 417.3 413.1 401.3 402 398.4 392.3 381.4 370 362.7 351.7 347.4 347 344.6 336.2 326.6 339.5 344.6 352 360.4
549.2 555.9 558.4 562.2 564.4 567 567.9 569.6 569.7 566.6 562.9 558.9 555.9 554 550.9 548.1 544.5 540.6 531.9 528.1 525.2 521.4 518.5 516.2 512.8 510.3 510.3 508.1 504.4 498.6 494.7 490.9 484.1 476.7 472 471.6 468.5 466.1 465 466.1 465.8 464.4 461.8 457.5 450 441.6 438.3 440.2 439 436.9 434.5 430.3 425.7 419.8 418.1 416.2 416.1 412.6 413.8 414.6 411 400.7 403.1 399.5 395.7 385 371.4 365 353.9 354.5 353.6 348.7 344.2 332.7 341.2 346 354 362.3
558.7 564.6 569.7 574.6 576.9 579.5 580.4 579.7 577.3 573.6 569.1 565.4 562.3 559.5 556.2 553.7 549.1 544.4 537.8 534 529.7 524.8 520.4 518.1 516.1 514.2 512.9 512.3 507.1 504.4 502.5 497.1 488 482.7 480.7 476.6 471.3 468 468.6 469.1 468.4 466.5 463.9 459.4 451.5 441.4 437.5 437.2 438.6 436.4 434.2 432.5 428.9 420.8 417.3 416 416.3 413.7 408.7 410.5 408.2 397.4 400.7 398.4 392 386.3 374.3 363.1 361 363 362.2 349.2 346.6 336.7 340.7 347 357.4 362.7
568.3 579.8 585.6 587.1 587.7 588.3 589.3 589.1 584.1 579.3 574.5 570.5 566.9 563.9 561.5 558.3 553.7 548.5 542.8 539.2 532.3 528 522.6 521.4 517.4 516.5 512.5 509.1 510.7 509.2 507.1 503.8 501.8 502.9 488.4 482.3 474.4 470.2 470.8 472.2 470.9 468.4 464.4 459.4 452.4 442.8 436.2 435.2 437 434.6 432.5 433.1 431.9 423.4 418.6 416.9 416.7 415 406.4 405.7 401.5 397.2 397.9 394.9 389.4 383.7 374.6 370.6 367.2 365.6 362.2 357.8 351.4 341.7 341.1 343.3 354.1 362.3
582.5 591.6 597.4 600.1 600.9 598.8 595.4 594.5 591.2 585.7 581.4 575.4 571 567.1 564.2 561.3 556.8 552.2 546.9 541.6 536.6 530.9 527.3 522.8 519.9 518.2 515.4 512.4 507.5 510.2 509.8 508.5 508.2 503.1 490 485.2 478.4 473.2 475.2 474.7 471.8 467.5 462.7 455.4 451.3 442.6 435.6 433.4 434.2 432.3 430.2 433.4 431.5 424 419.7 418.9 417.3 416.2 408.2 407.3 409.4 403.3 394.8 393.3 393.6 386.7 384.5 377.5 374.2 371 367.6 364.4 354.3 346.6 349.1 358 355.9 359.5
586.5 594.3 600.4 603 603.9 603 600.5 597.8 595.2 591.6 586.8 581.6 575.6 570.2 565.8 563.3 560.8 555.5 550.6 546.1 542.1 535.7 530.8 524.6 522.1 519.3 518.8 516.3 511.8 507.3 505.1 509.3 507.5 500.9 493.5 489.5 484.8 477.5 479 476.8 472.6 467 460.8 451.8 449.2 442.5 436.7 431.5 431.2 430 428.6 431.2 429.1 423.4 421.1 420.7 417.1 416.7 415.7 412.9 415.1 409.2 399.9 399.5 404.2 399.4 391.3 384.9 380.4 376.8 373.3 368.2 354.9 352.8 355.6 363.5 362.8 361.7
590.9 599.7 603.9 606.1 605.9 604.7 602.6 600.8 597.7 595.1 590.9 586.7 580.7 574.7 572 565.7 563.3 560 554.8 548.8 545.7 540.4 532.5 526.4 521.9 520.7 521.4 519.2 515.3 509.8 507.2 504.7 504.1 500.7 496.2 494.1 489 482.3 482.1 478.8 473.7 466.5 458.5 449.5 445.7 441.3 436.2 431.3 426.4 425.6 425.4 427 425.7 420.8 418.9 422.8 419.3 416.5 417.6 416.6 417.8 411 408.1 411.6 415.6 411.7 402 388.3 384.4 380.6 375.8 367.5 368.4 363.8 361.1 366 366.2 377.5
605 608.8 611 612.3 611.7 610.3 607.1 604.2 602 599.5 597.1 593.8 588.2 583.1 577.7 570.8 568.6 564.6 559.7 553.2 547.2 543.8 536.5 527.3 524.5 523.4 523.9 522 519.3 516 512.5 503.8 505.1 499.5 498.2 497.2 493 486.7 484.5 479.6 474.2 465.8 453.8 446.6 441.2 438.6 434.6 430.4 424 419.5 420.2 422.1 422.2 420.7 419.8 422.8 419.6 416.5 418.5 417.9 419.6 418.7 420.6 422.8 423.9 420.3 411.5 394.9 385.5 381.5 377.9 368.5 371.7 370.6 366.6 367.2 375.2 381.7
614 615.5 616.1 617 616.8 614.8 612.6 609.4 606 603.3 601.5 598 591.5 586.8 581.4 576 572.5 568.5 562.5 555.5 549.9 543.1 541 533.2 529.3 526.4 527.2 525.9 523.4 520.7 516.3 512.2 507.7 501.5 500.2 499.4 496.3 490.5 485.2 479.5 473.9 464.9 450.4 443.7 435.4 434 430.9 427.2 421.6 416.3 417.2 417.9 419.9 421.5 421 422 420.8 418.3 419.6 422.9 423.6 425.9 429.1 429.9 429.8 425.2 418.2 406.8 389.6 381.9 374 371.4 373.3 373.2 371.2 371.1 380.1 376.7
618.9 617.2 617.3 619 618.6 617.5 616.1 614.6 612.5 610.3 606.9 602.9 595.2 588.8 582.7 579 575.3 570.5 564.2 557 554.2 550.1 541.5 538.8 533.3 530 530.5 529.2 526.1 523.2 520.1 514.6 510 507.8 503.9 502.5 499.2 494.7 486.8 478.9 472.4 462.4 447.6 438.3 429.7 429.1 426.2 423.1 419.2 414.6 418.9 420.8 419.6 420.7 420.5 419.7 424.4 419.9 423.1 431.7 431 432.3 433.8 432.7 430.2 425.9 421.9 414.2 398.8 389.5 378.5 373.2 372.7 376.7 375.8 379.5 385 375.4
618.8 619 620.3 622.3 621.4 621.5 620.4 618.8 618 614.7 610 605.9 597.8 590.4 583.5 580.8 575.4 569.4 565.4 560.1 555.2 551.1 548.3 541.5 538.6 533.5 532.4 531.1 527.9 525 521.5 518.4 515 510.9 507.9 504.9 501.4 496.3 488.1 477.7 471.7 461.5 444.5 434.8 423.9 422.7 420.8 419.4 416 413.3 418 422 421 420.9 421.4 422.4 424.6 422.4 428.6 436.8 436.7 434.8 433.3 429.9 428.2 426.9 426.3 422.4 413.9 405.8 390.9 377.4 373.5 374.1 379.6 385.3 386.5 380.7
621.8 625.1 625.5 625.7 625.8 625.9 624.8 623.2 621.6 617.3 612.1 607.1 599.6 593.5 587.2 582.7 576.3 571.1 565.5 562.4 557.6 554.2 548.9 545.2 542.9 535.7 534.2 532.9 529.7 526.7 525.4 522.2 517.6 513.1 508.5 505.9 502.7 495.8 487.6 478.9 470.5 459.3 441.2 428.8 423.2 417.9 416.9 416.4 414.8 413.3 416.1 421 421.9 422.2 423.1 424.5 425.8 427.3 434.5 439.5 437.9 436.3 438.9 441.6 440.8 438.1 434.2 432.8 424.9 419.7 404.9 392.4 379.4 376.8 382.7 387.8 388.6 389.9
624.2 624.3 625.7 625.7 625.7 627.3 627.4 626.1 621.4 616.9 613.2 608.8 605.3 597 590.4 584.5 579 573.8 568.4 564 560.2 554.6 549.3 547.1 543.4 538 536.2 534.9 532.2 528.6 527.9 524.7 520.3 514.1 510 506.1 501.6 494.6 487.6 479.2 469.7 454.3 435.9 421.6 419.1 416.4 415 414.6 414.5 412.5 415.3 418.8 421.9 423.1 424.6 428 431.3 435.4 437 440.1 442.2 444.9 448.5 450.5 451.1 448.6 445.2 442.8 438.3 428.9 419.2 405.3 391.4 383.5 385.9 390 391.7 396.8
625 624.3 624.3 626.6 625.7 626.6 627.5 623.8 620.2 618.5 613.3 608.6 605.7 598.1 591.4 585.2 580.3 576.5 572.8 566 562 557.3 554.3 550 548 539.5 537.7 536.8 533.7 531 529.1 527.2 522.9 516.9 510.3 505.4 499.8 492.8 485.9 478.4 467 449.7 427.9 416.1 414.8 413.2 412.4 414 415.4 413.2 415.3 418.7 424.4 424.5 427.2 431.3 439.7 444.4 441.3 446.3 450.2 453 456.3 457.8 459.2 456.9 453.5 452.1 448.7 441.7 424 415 401.2 387.9 387.6 392.8 395 400.1
626.9 624.3 629.4 628.6 628.2 628.9 628.9 627.2 623.1 621.2 614 609.5 605.7 597.2 591.7 585.5 582 578.6 574.9 569 563.9 559.9 555.6 552.2 547.1 541.7 538.5 538 536.8 532.9 530 528.9 524.2 519.1 509.8 503.7 499.3 491.3 484.6 477.8 463.6 444.8 425.5 415.6 412 410.6 410.5 414 413.8 412.3 415 420.6 424.9 423.8 427.7 437.8 446.1 450.5 449.5 452.5 456.9 462.3 465.9 466 467.1 466.3 463.6 461.3 458.7 452.1 431.9 422.2 404.7 391.2 391.7 396.7 402.2 402.4
627.6 628 630.6 631.1 631 630.7 631.7 631.3 625.7 622.4 616.7 611.1 604.3 596.4 591.6 584.7 581.6 578.2 574 570.5 564.7 561.2 557.2 550.2 543.2 541 540 539 538.2 535.6 532.6 529.6 524.7 520 510.7 503.4 498.1 491.5 483.9 476.4 464 441 423 414.5 410.6 407 411.5 412.4 412.2 411.7 414.1 419.9 422 422.7 432.5 442.4 450.7 455.1 454.9 458.9 465.1 471.4 473.3 473.9 476.2 476.4 473 470.8 466.3 460.7 450.4 434 416.9 404 400.1 402.6 406.5 401.1
628 630.1 631.1 631.9 631.7 632.1 632.7 631.6 626.2 622 616.4 610 599.9 597.4 592.6 585.4 581.6 578.2 574.9 572.1 566.9 560 556.8 555 543.5 539 538.5 539.6 539 537.1 534.5 530.9 525.5 520.4 513.1 505.3 497 490.8 482.3 474.3 461.1 436.4 419.5 412 409.6 404 409.3 409.8 407.3 410.6 414 417.4 420.7 424 435.3 445.9 454.5 457.7 460.2 465.3 471.1 475.5 480 483 485.2 483.8 481.9 479.4 472.2 465.1 457.2 445.3 429.1 417.2 410.6 408.6 405.6 402.1
630.5 632.2 632.8 633.2 632.9 633.6 633.9 634 624.8 621.6 615.9 609.3 598.7 596.9 593.6 587.5 582.8 578.5 575.4 572.6 568.2 560.5 556.9 554.8 547.4 538.9 538.1 541.2 541.8 538.4 534.6 531.1 526.4 521 514.1 506.4 498.8 490.7 481.9 471.5 457.8 434.9 416.8 410.1 406.2 402.6 406.3 406.9 406.1 413.2 414.7 415.9 420.2 427.6 439.3 448 456 459.5 465.4 470.9 474.7 481.8 488.6 493 493.9 490.9 490.2 486.7 481.3 473.2 467.5 457.7 445.5 429.2 420.4 412.8 404.5 404.5
633.1 634.2 634.5 634.6 634.6 635.4 635.9 633.5 625.4 621.6 616.2 606.9 598.8 595.9 593.3 588.8 582.6 578.5 575.7 572.5 568.2 561.4 558.8 555.4 549.1 538 537 538.9 541.6 540.9 534.6 531 526.4 521.6 514.8 507 498.6 490.3 481.7 469.7 456.1 436.6 416.6 409.2 402.9 398.6 402.6 405.2 405.2 413 413.4 414.8 419 430.8 442.7 449.9 457.7 462.7 469.4 474.2 478.8 489.8 497.2 500.2 500.9 499.5 496.9 492.4 487.6 481.6 475.8 466.3 457.5 442.1 423.1 411.8 407.8 412.7
634 635.1 635.9 636.5 636.3 635.8 636.4 631.4 625.3 622.6 615.5 601.9 597 595.2 592.9 587.2 580.9 576.7 576.1 572.1 567.8 561.4 558.9 555.4 548.7 537.9 535.5 536 539.2 540.8 534.3 530.7 526.4 521.9 515.3 507.3 498.2 489.3 479.9 466.3 453.2 437.5 416.5 408.4 401.6 395.5 398.7 402.1 401.6 409.3 412.4 414 418 432.6 444.8 453 460.6 467 472.7 476.4 484.3 495.9 499.1 503.1 506.3 506.6 504 498.8 493.5 489.1 482.5 474.3 464.9 450.7 434.6 419.7 413.2 420.6
637.6 638 638.4 638.1 636.9 636.8 637.5 630.7 626.4 622.6 617 600.6 595.9 594.6 592.4 586.1 579 575.4 574.9 571.4 566.5 558.9 558.5 555.1 546.8 538.3 535.3 534 534.3 535 532.7 528.4 526 521.9 516.2 506.4 496.8 490.7 480.5 463.5 446.8 431 418.1 407.4 401.4 395.5 397 398.3 399.1 405.7 413.8 415.1 418.3 434.2 447.1 454.2 463 471.4 475.7 480.7 489.3 498.7 502 504.8 509.8 513.7 511.5 507.3 501.9 496.5 489.8 481.9 472.4 460 449.3 433.8 424.5 429.5
641.1 640.7 639.1 637.8 638.3 639.7 637.5 630.2 626.8 622 615.7 599.8 595.2 593.4 590.9 583.9 578.3 575.3 573.8 570.8 566.2 559.7 557.9 553.7 547.8 539 535.8 533.9 533.2 533 531.2 531.1 525.8 522 516.2 508.9 500 491.1 479.2 460.3 439 433.3 416.8 405.9 399.9 395 394.8 395.5 396.6 407.4 412.6 412.8 418.9 435 445.9 455.7 465.6 474.5 477.7 484.9 493.8 500.9 503.6 507.8 515.2 516.6 518.3 517.3 514 506.5 499.6 489.5 479.6 470.5 460.2 447.4 436.9 435.8
