public/OST50/SD78.asc
ncols 200
nrows 200
xllcorner 370000
yllcorner 480000
cellsize 50
[rows 140 to 174 of 200, columns 78 to 155 of 200]
643.2 641 639.5 639.3 640.6 641.5 636.3 629.8 625.7 620.2 610.6 597.7 594.5 594.9 588 582.5 577.6 574.5 572.6 569.6 565.1 560.1 556.5 550.4 545.7 539.8 535.2 534.6 533.7 533.4 533.9 531.6 526.7 522 516.3 509.1 500.6 491.2 479.4 461.3 434.1 425.8 415.8 405.2 399.9 393.2 393.1 393 394.4 404.6 405.9 415 420.6 433.8 444.5 455.3 467.9 476.1 479.6 487.4 496.3 502.1 504.5 510.1 516.7 518.4 521.3 525.8 524.9 516.1 507.4 496.9 487.5 478.4 469.4 457.2 443.7 439.4
642.2 642.1 642.2 642 642.8 642 636.2 630.3 625.4 618.4 601.5 595.6 593.4 592.7 584.3 580.2 576.4 573.4 571.4 568.9 564.5 560.2 556.4 550.9 544.7 537.7 536 536.5 538 534.9 531.3 530.7 526.5 521.1 513.7 507.4 500.1 490.7 478.3 460.9 436.3 415.5 412.6 403.4 398.6 392.2 390.8 391 392.3 400.6 407.3 415.6 423.2 433.5 442.5 455.1 467.8 477.2 480.5 488.4 496.7 501.5 504.8 513.2 517.2 519.3 522.9 527.3 529.3 525.4 514.8 504.5 494.2 485.4 477.2 465.2 452 442.5
643.1 643.6 644.1 644 643.2 642.8 639.1 631 625.3 616.4 602.3 595.3 590.9 586.7 583.9 579.4 574.1 571.8 569.9 567.7 564.4 560.6 556.1 548.3 542.7 534 536 538.9 538.4 534.4 531.1 527.6 524.3 518.5 511.7 505.3 498.8 489.7 476.7 461.6 437.7 412.9 404.9 400.8 396.5 392.9 389.7 388.9 392.5 401.2 406.2 414.5 422.6 433.1 444.2 456.2 467.2 477.9 482.7 490.2 496.4 502.2 506.8 514.1 517.2 519.5 522.3 530.6 530.4 528.5 519.3 507.5 500 491.1 481.9 471 460.8 453.5
644.2 644.9 645.8 645.9 645.2 645.7 643.7 633.8 627.6 616.9 602.1 592.7 587.1 584 582.5 577.2 571.5 569.5 567 565.2 562.8 558.6 552.1 543.1 537.9 533.2 534.6 537.1 534.3 529.4 526.3 522 519.6 514.8 509.6 503.1 496.9 488.4 475.8 459 439.6 415.9 402.6 398.6 395.4 394.6 390.2 387.8 392.2 399.2 402.9 413.4 422.9 434.1 446.8 456.1 465.5 478.9 486.6 491.8 497 503.4 508.7 515 518.1 518.6 523.1 531.5 531.1 530.4 525 511.3 503.7 495.1 483.5 472.7 466.5 463.3
646.8 647.2 648 647.8 647.1 647 645.3 636.8 630 617.6 602.8 590.3 581.4 579.8 578.3 572.9 568.8 565.5 563.4 561.8 559.7 554.5 544.7 540.5 535.7 532.6 531.5 532.2 528.9 522 518.9 516.9 514.5 511 506 500.2 493.9 485.8 472.5 457 438.6 418.4 402.2 399.3 399 400.8 390.8 386.8 390.8 394.2 402.6 414.3 423.2 434.4 446.7 456.3 465.9 478.5 486.9 492 498.2 504.3 509.6 515.4 517.4 518.6 524.3 532.4 531.8 531.4 526.7 515.4 507.4 497.8 488.5 477.7 474.2 471.1
648.7 649.8 650.2 649.4 648.3 647.4 645.4 638.1 628 616.3 599.3 587.9 579 576.3 574.2 570.1 564.6 562.6 559.5 557.8 556.1 549 541.1 536 532.7 532.4 529.4 526.6 522.2 515.3 510.4 509.3 508.4 506.3 501.9 497 490 481.3 470.3 456.9 439.6 421.2 402.5 401.6 401.9 403.3 392.1 385.1 388.5 391.4 403.4 414.8 422.2 434.3 446.5 461.2 466.2 478.3 486.4 491.8 498.5 503.6 512.6 515.7 517.9 519 525.4 533.6 533 532.8 528 520 508.1 500.2 490.6 479.9 479.5 476.1
651.1 652 652.6 652.6 649.4 647.3 645.9 636.1 621.5 610 594.7 585 578.9 575.8 571.5 564.7 561.4 558.7 554.8 553.3 553.4 542.7 534.5 531.5 530.4 530.7 527.4 518.2 515.7 509.8 504.1 502.8 502 499.9 496.6 492.3 486.2 477.6 467.7 453.5 439.1 423.2 404.4 402.6 403.1 403.8 393.7 384.6 386.8 394.4 402.7 414.4 420.4 432.3 443.7 456.2 466.4 478.5 486.9 492.6 499.1 505.2 511.6 516.6 517.6 518.7 526.5 534.3 534.3 533 530.8 521.6 511.3 502.7 493.3 484 483.6 478.1
652.4 654.1 656.7 656.7 652.3 647.2 641.7 629.9 618.3 604.1 590.6 582.1 579.2 575.9 571.7 564.4 558.3 552.9 550.4 547.7 546.3 541 531.6 530.1 528.2 528.5 524.1 516.8 508.1 505.3 498.4 498 494.3 492.6 490.4 487.5 482.1 474.9 463.8 450.4 438.5 424.8 408.2 404.5 403.1 402.6 392.6 385.1 385.3 392 402.8 412.3 417.7 431.6 442.5 455.3 466.2 477.2 485.6 492.3 498.9 505.6 512.2 515.4 517.9 519.7 527 534.4 534.3 532.8 530.6 521.8 512 505 495.5 487.5 484.4 477.4
654.3 655.8 659.7 658.6 653.3 645.6 635.9 624 611.4 597.7 587.4 581.5 578.4 575.6 570.8 563.2 556.6 551.7 545 541.8 543.3 538 529.5 527.8 526.3 522.9 520.3 513 506.2 503.1 496.6 492 485.1 485.2 484 482 478 471.4 459.8 447.4 436 424.8 412 403.1 402.8 399.9 389.5 381.5 383.1 389.4 402.4 409.9 417 428.8 440.8 453.9 465.3 475.4 483.7 491.8 498.2 504.3 510.7 515.4 516.5 520.4 527 534.5 534.3 532.1 528.9 520.2 512.3 506.8 498.1 490.3 484.4 481.5
655.1 657.7 661.1 659.3 653.3 640.5 627.2 614.3 601.6 592.8 585.2 581.8 578.8 575.4 569.3 563.4 557.8 553.7 547.5 543.2 534.3 533.6 526.9 525.8 521.9 519.7 515.3 508.8 502.4 499.7 493.8 487.8 481.5 476.6 476 476.2 472.8 466.4 456.6 444.2 433.1 424.1 414.6 401.5 399.9 396 385.8 378.7 382.7 389.6 400.3 407.7 417.7 427.2 439.6 453 464.6 473.6 480.9 490.3 497.2 502.8 509.1 514.5 516.4 520.2 528.3 533.3 533.4 532.8 527.6 518.4 512.4 507.9 501.2 493.8 490.5 484.8
657.7 662 662.2 660.8 654.7 635.9 617.9 603.4 595.5 589.7 585.5 581.8 577.9 573.1 567.5 562 558.2 554.1 548.8 543 537.8 531.2 525.7 520.8 513.1 514.8 509.9 504.8 498.1 494.3 491 484.3 476.4 470 469.1 469.5 466.4 461.1 450.3 439.9 429.9 423.2 414.2 400 395.9 391.2 384.6 377.4 383.5 388.5 398.6 405.5 417.7 426.8 438.8 452.6 462.4 471.6 479.3 488.8 495.4 501.1 507.3 514.6 516.5 519.5 526.3 530 532.2 531.7 522.1 517.2 512.6 507.8 502.2 497.4 493.8 486.6
662.6 666.3 669.6 665.6 653.4 629.2 606.6 596.1 591.1 588.3 585.3 580.5 575.6 571.1 564.6 559.3 557.4 554.4 549 544.2 539.7 531.6 524.6 520.2 514.9 501.5 504.4 500.1 494.9 492.4 487.5 481.8 472.7 466 461.5 462.1 460.3 454.6 445.1 436.2 426.4 420.3 414.2 398.6 391.7 389.8 382.7 376.1 383.9 387.2 397.1 403.1 416.6 426.9 438.3 450 461 469.4 477.4 487.8 495 499.7 506.2 512.5 515.7 518 521.9 523.9 527.4 526 518 515.1 513.3 509.5 503.9 499.9 495.3 488.8
668.5 673.7 676.2 669 645.3 619.1 598.2 591.5 587.9 587.2 585.2 580.5 574.8 568.5 563.4 559 556.8 554.3 548.7 541.7 535.5 529.3 519.5 518.1 516.5 506.9 494.5 495.1 488.6 488.4 485.7 480.4 471.9 460 447.6 453.9 453.5 446.3 438.1 429.6 422.3 417.8 411.9 398.3 388.9 386.3 377.7 376 383.1 386.2 394.8 400.5 413.7 427.2 437.2 447.2 459 467.6 475.8 485.9 493 499.4 505.4 510.9 514 516.9 517.5 517.7 521.4 517.9 514.2 514.7 513.4 509.3 504.8 501.2 496.5 491.9
675.7 679.4 680.3 670.5 638.3 606.9 594.4 586.9 585.9 586.7 583.9 576.7 572 568.1 563 559.9 556.1 553.2 545 543.2 543.4 538 529.5 525.7 517.3 511.8 504.1 497 489.4 482 483.1 477.7 469 455.8 448.3 445.1 446.7 441 436 429.3 412.9 412.8 409.6 399 386.8 383.6 374.6 377.7 379.9 385.2 392 400.4 414.1 426.2 436.7 445.8 456.2 464.8 474.8 485.7 492.7 499.4 505.2 509.2 512.4 515.5 514.1 514.4 517 514.2 514.4 514.8 514.5 509.4 505.3 501.4 497.7 494.3
681.9 685.6 686.3 663.7 632.2 604.9 591.2 583.4 583.3 586.5 584.7 576.5 572.5 567.4 565.9 561.5 555.8 552.8 552.2 546.5 543.8 540.1 533.3 529.5 524 516.3 508.2 500.1 493.5 485.5 477.3 474.1 461.4 451.1 443.4 430.6 439 436 434.6 430 415.6 408.5 407.5 398.7 387.3 380.9 374 372 377.4 384.3 393 402.7 413.5 424.3 435.3 445.8 454.7 463.6 475 485.5 493.3 499.4 504.1 507.3 510.5 512.7 512.4 513 513.6 513.3 514.7 514.9 513 508.2 504.5 501 498.2 496.4
687.6 690.3 690.7 657.9 627.7 604.1 590.3 583.8 583.3 585.7 585.6 578.7 573.4 569.1 566.3 559.9 556.4 554.3 553.9 548.7 544.8 540 534.7 530.5 525.6 518.4 511.5 503.4 496.2 491.2 480.7 455.3 445.3 442.6 439.1 423.4 421.1 429.4 430.7 428.9 415.9 403.9 403.2 395.6 384.4 379.4 377.2 371.2 376.9 386.9 396.8 404.5 412.4 421 433.2 443.7 452.6 461.7 473.7 483.7 492.4 498.4 502.3 505.2 508.4 509.9 509.4 511.9 512.8 513.2 514.7 515.7 510.8 507 503.2 500.4 498.9 496.8
691.7 692 685.4 651.3 626.7 604.9 591.3 584.5 583.3 583.3 586 584.1 577.7 570.8 567.3 562.7 560.4 554.8 554.6 550.5 545 540.3 534.7 531.4 526.4 517.8 511.2 504.3 497.9 494.3 486.9 475.7 466.3 457.3 448.3 429.8 414.4 418.9 424.8 425.4 416.6 399.9 398.8 391 383.4 379.5 374.4 376.3 378.4 390.3 398.4 403.7 411.6 419.8 431.4 441.5 449.6 460.2 471.4 479.7 490.6 496.4 499.9 503.2 506.9 506.8 506.6 509.9 511.6 512.1 513.4 511.6 508.7 505.5 501.8 500.2 498.7 496
698.1 699.6 678 648.2 623.4 604 591 585.4 583.3 583.3 585 584.1 577.4 573.6 567.9 562.4 562.4 558.2 556 551.5 545.3 539.9 533.8 527.5 525.5 516 510.1 504.8 500.4 496.4 488.7 477.5 466.5 459.8 453.7 435.8 419.5 404.8 417.4 419.6 409.9 396.8 394.7 388.3 381.3 375.8 369.5 366.9 379.1 390.7 397.1 401.5 407.5 418.5 429.6 439.6 448.3 458.6 469 478.6 487.1 493.3 496.3 500.5 504 503.7 503.9 509.9 511.8 511.3 512.8 510.6 507.5 503.8 500.9 499.5 497.6 496.5
705.4 707.7 672.8 646.1 622.3 606.4 593.4 586.4 583.3 583.7 583.9 583.8 578.1 569.3 564.9 565.2 563.1 559.2 556.9 552.1 545.9 538.6 532.8 525.6 522 514.5 507.7 502.4 497.5 495.6 487.8 479.6 470.2 463.5 456.1 440.2 423 407.7 407 412.7 405.8 390.8 389.5 383.2 375.9 372.8 363.9 371.9 378.3 388.9 394.6 397.4 410.1 419.8 428.9 435.5 443.4 455.1 466.8 475.7 483.5 489.1 492.8 497.1 499.7 499.1 503.9 509.4 511.3 510.1 510.4 508.3 505.8 502.3 499.7 499.2 498 496.8
711.9 706.7 669.4 642.4 624 608.3 596.4 587.5 584.3 583.9 583.6 582.9 581.9 574.8 566.3 565.1 562.4 560.6 557.1 552.1 545.9 538.6 532.3 529.6 524.3 514.4 508.3 505.1 502 496.7 489 480.7 471.5 464.7 457.8 443.5 424.9 410 394.6 403.1 398.3 385.8 384.6 380.4 374 369.8 363 369.4 377.5 387.1 389.9 398.7 411.6 421.2 426.3 432.1 440.3 452.4 463.2 471.9 479.6 484.1 488.9 493.1 495.1 495.2 502.2 507.9 509.8 509.3 508.1 506.5 503.8 501.2 499.4 498.4 496.2 495.8
717.1 698.2 667.1 643.8 625.5 610.7 598.1 589 585.7 584 587 583.3 582.1 576.6 569.2 565.6 564.7 563.1 560.6 550.5 546.4 538.2 526.2 528.6 522.5 512.8 507.4 505.3 502.5 496.9 486.7 479 472 465.1 458.1 444.9 426.2 409.5 397.3 376 382.9 383 382.2 381.4 375.3 367.9 361.7 369.1 377.2 384.7 384.3 399.9 411.1 419.7 422.4 428.7 437.4 449.3 459.4 467.9 476.5 481.1 485 488.8 490.5 493.9 500.5 504.8 506.6 506.4 504.6 504.4 501.8 499.8 498.5 497.8 496.2 495.6
719 693.1 660.5 646.7 628.3 612.2 601.2 589.7 587.3 586.3 586 584.2 582.7 575.8 570.1 567 566.2 565 564.1 551.5 546.3 538.4 530.8 521.5 519.7 512.3 507.8 504.1 500.8 494.3 483.6 475.5 470.9 464.1 457 444.6 426.3 408.8 403.1 396.5 374.1 373.5 378.9 380.9 374.7 366.3 359.9 367.9 375.7 380.5 387.7 401.1 411.5 417 419 425.2 436 447.1 456.6 466.2 473.8 476.7 480.9 484.1 486.4 491.5 497.2 501 503.3 503.9 503.1 501.5 499.6 498.3 497.4 496.8 496.2 494.8
722.1 691.5 662.2 646.1 625.7 612.8 603.1 593.2 590.1 589.2 589.6 587.2 584.5 575.3 571.6 571.5 570.1 569.3 566.2 552.1 547.2 537.9 531.9 524.3 517.4 510.9 505.6 503.9 501 493.5 480.4 472.7 469.8 464.6 457.1 443.8 425.2 406.5 403 398.3 392.6 374.7 369.4 378.6 371.9 363.3 358.9 366.8 372.9 377.1 389.1 401.3 409.9 413.1 414.7 423.1 434.3 444.1 454.3 464.7 469.8 473.5 477 479.7 482.5 488.3 493.4 497.2 500 500.8 500.1 497.5 496.6 495.4 495.7 496.4 496 494.7
723.4 695.5 664.6 646.6 624.7 612.4 601.4 595.1 591.5 592.3 589.5 590.1 584.2 576.4 574.6 573.6 573.3 570.8 560.7 551.4 545.6 536.8 530.5 523.2 515.3 509.6 505.8 503.4 495.6 490.4 476.2 471.5 468.9 464 456.3 440.5 422.9 408.3 404.8 400.3 392.8 376.3 363.5 374.3 360 360.9 356.4 364.8 371.6 377.4 390 400.9 407.1 408.6 412.9 422.3 434.2 442.6 451.4 462.7 466.6 469.5 473.1 476.1 480.3 485 489.4 494.2 497 497.7 497.4 495.4 492.7 491.8 494.2 495 494.1 492.3
726.2 699.6 673.4 648.3 624.3 611.3 603.7 599 595.8 595.2 590.5 594.4 583.3 577.4 575.8 573.9 572.5 571.6 553.9 549.9 542.1 534.2 527.1 519.8 512.4 507.9 504.4 501.7 494.8 487.2 474.2 468.2 463.2 461.9 454.4 437.1 418.2 407.7 403.5 398.4 390.2 374.9 361.9 368.5 346.2 360.1 355.2 363.5 369.6 379.9 391.2 400 403.7 403 411.4 420.7 434.3 442.3 451.4 460.2 462.7 464.6 468.9 473.4 477.9 482.1 486.7 492.3 495.4 495.3 493.8 491.4 490.6 491.9 492.8 492.4 492 489.8
730.1 707.3 677.3 650.1 624.8 612.4 604.8 600.1 598.9 594.1 593.9 591.4 580.9 577.6 575.6 575.6 574.2 566.5 553.9 551.3 544.7 537 529.5 519.2 512.9 508.4 503 497.4 492.5 482 473.8 469.5 464.6 458.9 447.2 431.1 415.3 405.3 400.5 395.2 385.7 371.2 361 358.6 351.9 353.7 354.9 360.1 368.8 382.7 391.6 398 398.5 400.2 410.5 420.7 432.6 442 451.6 456.9 457.9 460 465.6 470.6 475.3 480 485.7 491.9 493.4 493.2 490.7 488.1 487.3 491 491.7 491.2 488.9 488.3
732.5 704.9 676.6 654.4 630.5 611.1 604.6 601.3 598.2 595.3 595 586.6 582.9 578.1 576.3 575 572 558.8 553.5 549.9 544 536.5 528.2 516.4 511.4 506.7 501.6 496.3 489.1 477.3 472.2 467.7 461.5 455.2 445 426.4 413.5 400.6 396 389.8 377.7 367.9 358.2 356 354.7 351.9 354.7 364.5 374.5 384.3 389.8 393.3 391.6 400.5 410.7 422.7 433.5 441.9 450.3 453.1 451.7 458.3 462.9 468.2 473 479 486.4 491.1 491.6 490.1 487.2 484 487.5 490.2 490.3 488.9 486.4 484
733.2 705.6 678.2 648.9 632.6 621.3 607.5 602.2 600.9 600.1 590 584.2 581.5 579.5 577.1 572.5 565.4 551.4 552.1 548.8 542.4 535.1 526.6 516.1 510.7 505.2 498.6 489.4 485.9 477.4 473.2 467.3 459.9 450.5 436.1 422.7 410.8 398.3 390.1 384.8 371.4 362.4 356.9 344.5 352.5 350.1 357.4 367.3 376.6 383.5 386.5 387.7 394.6 403.9 414.3 424.8 434.1 440.6 447.5 449 450.7 455.8 462.4 467 473.3 480.9 486.6 489.8 489 486.8 484.8 482.9 487.6 488.3 488.2 486.9 485.1 481.5
725.6 693.9 673.1 648.7 626.5 619.3 617.4 605.4 602.2 593.6 584.6 583.8 582.2 579.9 580.2 578.1 564 550.6 548.1 545.2 538.5 531.9 524.1 514.6 508.5 503.5 496.4 489.5 480.6 474.7 472.3 465.7 455 443.5 428.4 419 407.9 393.4 384.3 378.8 363.1 357.4 354.7 349.5 350.8 349.1 359.9 370 377.1 380 380.7 388.8 398.4 408.8 418.9 427.8 434.4 440.3 444.7 443.8 450.4 456.1 461.1 466.8 475.9 482.3 486.4 487.5 485.6 483.5 481.3 483.3 486.3 486.5 485.9 484.9 483.1 477.8
712 685.2 670.4 648.2 625.4 622.5 617.8 607.3 596.7 588.4 583.8 583.3 580.6 579.6 579.5 578.8 553.4 548.1 542.9 539.7 535.1 529.4 521.2 513 505.9 500.9 493.8 487.1 478.5 472 467.4 461.5 448 431.3 421.3 413.5 404.1 389.9 379.9 366.8 360.2 352.7 351.1 349.7 348.2 347.9 362.1 370.3 374 374.6 381 392 403.1 412.5 422.6 429.1 434.2 439.2 440.9 444.6 451 456.1 460.7 468 476.8 482.1 484.7 484 481.7 479.5 477.7 481.5 483.8 484.1 483.5 483.4 481.7 475.3
696.6 679 663.6 644.9 627.3 617.6 614.1 601 592.3 586.9 583.2 582 582.7 580 568.7 556.7 547.8 543.3 537.3 532.5 530.1 524.8 517.6 509.3 504 498.8 492.9 485.7 476.9 470.9 463 454.7 434.1 421.2 415 407.6 399 385 374.3 366.4 353.8 346.6 343.5 347.4 346.2 352.1 362.9 369.3 370.5 377.8 385.8 396.1 406 416.3 424.7 429.5 432.9 436.8 435.8 444.3 450.8 455 461.1 468.5 476.1 480.7 481.4 480 477.8 475.1 477.9 479.8 480.9 480.8 480.8 481.5 479.7 474.1
695.2 674.9 651.2 634.3 626.5 616 605.6 593.9 587.6 584.1 580.3 578.5 575.2 562.1 552.3 546.5 542 536.4 530.6 527.1 522.2 519.8 512.6 505.8 500.9 497.2 492.4 483.9 475.5 469.2 461.8 442.7 421.9 412.6 409.1 400.5 390.3 379.9 368 358.4 347.6 344.3 345 342.3 344.5 354.3 362.2 366.2 373 381.4 389.6 398.1 408.2 418 425.3 427.3 431.1 433.8 436.6 444.1 449.7 454.5 461 469.2 474.6 476.7 476.8 475.6 473.2 474.9 476.8 477.8 477.2 476.7 478.4 479 476.9 470.1
694.4 665.1 643.2 632.6 622.9 609.1 595 587.4 582.8 581.6 573.8 566.5 558.6 549.7 544.5 540.1 537 530.7 525 522.5 518.9 514.2 508 502.1 498.5 494.7 487.9 479.9 471.6 464.2 452.2 430.1 414 406.5 401.5 391.9 383 372.8 362.3 352.8 341.4 341.1 341.2 345.2 348.5 354.2 361.8 363.6 375.2 383.3 390.5 398.7 408.9 417.9 423.6 425.7 428.7 429.2 436.3 442.6 448 453.3 459.9 467.3 470.9 471.7 471.7 470.3 468.8 473.9 475.4 474.8 472.7 472.1 475.1 475.5 472.8 465.2
679.4 651.9 628.2 617.3 608 596.3 590.6 583.1 576.6 572.8 560.8 556.5 552.8 548.7 540.5 536.4 531.2 526.3 522 518.3 515.7 510.1 504.6 500.5 494.4 489.7 483.1 473.9 466.1 457.4 439.7 421.3 403.6 398.9 393.6 384.2 374.7 365.9 355.3 339.1 339.7 342.5 346.1 348.3 347.6 355.1 358.8 365.6 376.5 383 390.2 399.1 408.3 416.3 420.2 421.5 424.5 428.2 434.2 440.5 445.5 451.4 459.2 463.3 465.7 466.4 466.9 464.6 470.5 472.9 473.6 471.1 467.7 468.8 470.7 470.7 467.1 461.1
664.6 637.9 619.1 607.1 598.8 593 586.9 577.3 567.9 562.4 555.3 552.7 549.6 541.6 536.2 532.6 529.1 522.4 519.4 516.2 511.7 507.6 503.2 497.1 489.6 483.8 475.2 468.3 460.3 448.4 427.6 413.1 394.5 390.8 384.8 377.5 369.4 359 344.4 336 343.9 342.7 349.5 351.2 350.7 353.9 357.5 367.5 376.5 382.6 387.9 397.4 406.1 412.7 415.3 416.6 415.3 426.4 432 438 442.9 449.6 455.8 459 460.6 461.7 461.9 465.2 469.5 470.8 470.3 465.4 462.5 464.8 466.2 465.1 461.5 458.4
