public/OST50/SD78.asc
ncols 200
nrows 200
xllcorner 370000
yllcorner 480000
cellsize 50
[rows 70 to 104 of 200, columns 0 to 77 of 200]
258.4 252.8 247.5 243.3 226 234.7 237.1 234.1 230.6 227.6 223.4 219.7 216.1 209.9 206.5 204.4 201.4 199 195 185.7 180.6 175.7 171.6 160 158.6 158.3 164.3 163.8 160.5 149.5 154 146.2 141.3 140.9 138.5 139.6 142.1 143.3 143.1 141.8 141.7 142.3 142.7 143.2 143 143.7 144.2 143.7 143.7 144.9 153 157.1 160.3 167 169.4 174.1 176.9 179.5 182.6 187.2 191.1 197.5 202.7 206.9 210.6 211.9 214 215.5 216.9 212.9 214.4 214.3 212 209.7 208 203.5 202.9 201.8
269.5 263.7 257.4 247.5 245.3 240.2 241.4 241 238.1 234.8 232.3 228.3 223.1 217 214.6 211.8 209.5 205.8 202.5 197.8 193 188.5 179.2 172.3 165.8 164.1 163.4 166.7 162.2 160 156.4 151.8 145.5 142.7 141.5 141 143 144.1 144.2 143.9 144.5 145.7 145.7 145.1 145 144.2 143.7 144.2 144.5 144.3 144.9 147.7 152.8 156.3 158.9 164.7 171.3 177.2 179.4 181.7 183.3 186.6 190.2 193.2 197.1 198.8 199.1 200.6 202.9 200.5 202.5 202.2 200.7 199.2 197.2 196.4 197.5 197.3
277.4 273.1 264.3 260.8 258.3 251.3 245.1 244.5 243.7 241.9 239 234.7 228.9 228.3 225.4 221.7 218.6 215.2 210.2 207.1 202.6 196.1 190.9 182.4 176.6 170.7 166.1 163.8 164 166.6 164.5 155 151.7 146.6 144.2 138.4 143.4 144.6 145.1 145.4 147.1 149.3 150.3 149 148 148.2 141.9 143.3 145.3 145.3 145.4 146.3 146.7 147.6 149.7 153.5 156.7 162.3 167.5 171.6 176.3 180.3 183 185.3 188.1 189.3 190.6 191.4 192.4 191.9 191.4 192.9 192.8 191.6 191.4 193.4 192.5 192.8
284.7 279.2 264.5 271.1 266.7 259.7 254.3 248.3 247.1 245.9 243 237.3 236.8 236 235.1 232.7 229.4 224.2 217.9 213.6 210.2 204.8 199 188.9 187.8 184.8 175.7 172 168.1 168.3 167.8 162.7 156.7 152.8 147.7 145.4 140.5 145 145.6 146.1 147.2 149.8 152.2 153.8 151.9 148.4 146 144.7 145.6 145.7 146 146.3 147.6 147.9 147.8 148.2 151.3 154 158 161.1 164.7 167.8 172 175.8 178.2 181.7 183.5 184.9 186.3 188.2 188.4 189.8 189.2 186.3 185.4 187.1 186.6 181
296.5 282.9 281.2 279.5 275.5 268.9 260.2 254.9 253.8 251.4 248.3 243.1 241.5 242.3 242.4 240.6 236.1 232.1 227.3 223.2 218.1 214.5 208.4 202.9 196.8 192.8 182.2 178.2 172.3 171.2 172.9 170.5 162.8 158.5 152 149.4 147.2 140.9 145.5 147.1 147.6 148.6 154.1 156.3 157.9 153.6 148.6 147.1 143.2 144.5 145.8 146.4 147.6 148.6 148.5 148.9 149.9 151.4 153.6 155.2 157.1 160.4 163.4 166.5 168.8 169.6 173.8 176.6 177.3 182.8 182.4 184.1 184 179.5 169.3 177 181.7 185.4
302.1 290.8 289.3 286.2 281.1 275.7 268.9 258.7 259.2 257.2 253.1 249.8 249 248 246.6 244.8 241.9 237.7 233.6 229.1 226.6 218.9 218.2 212.3 206.7 199.5 189.8 182.9 178.1 176 181.6 179.5 174 166.5 157.7 153.5 151.7 150.2 145.3 148.5 148.7 148.7 154.7 158.9 160.6 160.6 158.8 148.5 147.2 147.3 147.2 147.6 145.5 147.2 149 149.1 149.5 150 150.7 150.6 153.4 153.6 155 158 159.5 159.7 163.3 167.2 171.1 176 178.7 179.1 178.8 171.8 180.3 181.8 183.9 187.7
296.9 305.3 300.8 291.3 286.7 281.2 275.1 270.9 266.7 262.3 257.5 257.2 257.6 256.9 255.3 252.2 247 242.8 238.9 234.1 232 228.5 228.1 222.9 214.3 210.3 198.2 186.7 183.5 183 183.4 183 180.1 174 167.8 158.7 154.7 154 150.2 145.2 149.4 150.9 159.2 162.9 165.1 164 161.4 153.5 147.8 148.6 149.7 151.1 152.2 152.1 149.1 148.4 149.1 149.5 151.5 151.8 152.5 152.4 154.1 154.4 157.2 158.4 158.9 157.8 165.8 167.9 168.4 157.2 158.6 171.5 176.9 180.3 187 187.6
314.5 315.5 310.2 301.2 296.5 291.6 283 276.8 272.4 267.8 264.8 263 262.6 262.2 259.5 256.9 251.8 246.8 242.8 239.6 230.3 235.2 233 228.5 224.4 216.8 211.7 204.5 197.3 186.3 189.9 185.4 183 179.2 173.1 166.4 160.8 157.9 157.3 150.7 151.3 156.7 163.8 167 168.3 167.6 164.1 152.3 148.7 149.6 150.4 153.2 157.5 160 160.8 158.2 156.7 157.3 157.9 159.2 159.4 158.4 157.6 159 159 163.7 167.4 167.5 168.3 167.3 170.8 171.8 173.5 174.7 177.7 182.6 187.3 192.4
328.9 326.1 321.1 311.6 306.8 298.6 292.9 286.6 280.8 276.3 271.9 268.3 265.6 262.9 260.7 258.3 254.4 250.3 247.3 241.4 241.2 239.4 237.6 234.2 230.6 225.9 218.9 209.7 204.6 195.9 190.7 190.8 187.6 183.5 178.8 174.4 169.7 163 161 156.9 149.7 152.8 165.1 168 168.9 168.2 160.1 154.3 152.5 154.6 154.5 156.9 159.8 161.8 163.4 163.9 164.6 165 162.2 162.1 162 163.7 163.3 163.2 164.9 166.6 170.5 174.8 178.9 180.6 178.7 176.6 181 182.8 184 185.3 187.4 193.2
334.1 332.9 329.6 324.8 319.7 314 303.9 295.4 290.4 284.3 276.4 274.1 270 266.5 263.3 260.4 257.4 254.1 251.4 245.5 247.4 245.5 243.4 239.5 236.2 231.4 224.4 217.3 209.8 201.8 192.3 195.3 193.9 191 183.8 180.8 177.4 169.5 164.6 163.2 155.7 153.7 162.8 169.7 170.5 167.3 160.7 158.8 157 156.9 157.8 158.7 161 162.7 164.4 164.2 167.7 170.5 171.5 170.6 171.8 173.6 171.3 170.2 169.4 170.9 174.4 179.9 184.6 187.3 185.8 182.8 186.8 188.5 192.3 194.9 197 194.6
338.4 337.3 336 332.1 328.1 323 317.2 309 301.7 292.7 284.6 279.4 275.7 272.3 268.6 264.7 260 255.5 251 251.5 252.3 250.7 247.5 245.5 241.8 236 230.2 223.4 214.3 207.2 196.8 196.8 198.2 198.5 194.1 187.8 185.2 181.6 172.5 167.7 164.3 155 158.7 168.9 171.3 166.7 162.8 164.1 162.6 162.7 162.2 162.4 162.8 164.4 167.4 167.6 169.4 173.6 175.4 179.1 181.4 183 181.8 178.1 179.5 176.4 181.3 188.5 192.4 194.4 191.4 191.2 192.5 195.7 196.6 199.5 202.3 201.5
345.2 342.8 341.2 337.9 333.8 328.8 324.2 318.7 313.3 302.3 296.4 287.7 282.4 276.2 272.6 269.7 266.1 259.6 255.9 255.7 257.7 257.2 252.5 248.1 245.1 240.9 234.7 228.9 222.1 211.4 208.7 203.1 199.2 203.2 202.1 199.1 193.9 189.8 182 175.5 169.8 164.3 156.2 158.4 167.5 165.5 164.7 169.6 172.1 172.8 169.8 167.2 172.1 174.9 173.5 173.4 175 176.5 182.1 185.9 189.1 190.4 191.8 193.3 194.3 191.9 192.5 200.4 203.4 204.4 201.2 201.6 202.5 203.9 206.9 207.3 210.7 212.7
355.2 352.9 350.4 346.4 339.2 335.2 330.4 325.3 318.7 314.4 306 298.6 290 281.3 275.2 273.8 271.2 267.3 262.5 253.8 261.5 263.5 261.5 256.9 250.9 245.4 240.8 235.3 222.5 219.1 217.1 213.8 204.6 202.8 204.7 205.4 200.3 196 191.1 181.7 177.1 170.5 161.8 156.8 161.7 171.2 166.8 169.6 172.6 174.3 175.3 176.9 176.3 181 182.9 184.7 186.9 188.1 190 193.6 199.7 201 202.5 203.9 205.8 209 210 208.7 213 219 214 218.2 217 216.7 220.5 225.9 226.8 233.1
363.7 362.5 361.2 358 353.3 345.5 336.7 330.8 326.3 320.9 314.5 306.5 299.7 291.8 283.3 275.9 273.4 271 266.4 258.4 263.2 264.8 263.6 260.2 255 248.5 244.4 230.1 225.9 226 223.3 221.1 216.6 203.3 207.6 207.2 205.3 201.1 195.3 188.7 183 175.7 166.1 160.9 160.9 178.7 179.2 179.9 181.4 181.4 182.4 182.7 182.5 184.8 189.2 193.2 198.3 198.9 201.1 204.4 210.3 212.4 215.3 218.7 215.9 219.3 222.5 226 228.6 232.5 230.2 239.4 239.4 238.4 241.1 246.7 248 252
370.5 369.2 367.2 363.1 359.1 351.8 343.5 335.8 330.6 325.8 320.8 310.9 307.6 302.2 294.6 283.4 276.4 272.8 271.1 267.1 267 267 265.2 261.9 258.4 252.3 243.8 232.8 239.3 233.5 228.1 223 217.7 213 206.2 207.7 208 205.4 201.8 195.1 188.5 181 170.3 163.2 164.6 178.2 182.3 186.9 190.8 195.4 192.3 195.1 193.7 194.4 201.4 204.9 207.6 211.9 216.2 220.1 221.9 225.8 228.2 229.3 232.1 235.7 237.8 241.1 245.3 247.9 250.4 256.6 259.6 256.5 259.1 264.9 267.6 269.5
376.5 376.4 375.9 374.1 368.5 361.3 354.3 346 339.2 331.8 325.1 320.2 314.5 308.4 303.2 297.4 288.2 281 278.3 275.2 273.5 271.1 268.7 265.3 261 254 243.5 231.4 244.6 243.2 237.5 229.9 223.1 217.8 214.2 213 209.3 209.3 204.9 198.9 192.8 187.6 175.7 166.5 173.6 178.8 183.2 187.9 195.7 201.7 205.8 208.8 208.2 210.3 214.3 216.2 217.6 221.9 225.1 229.5 233.6 235.5 240.5 241.4 243.8 249.5 253.1 254.2 258.7 261.6 265.5 265.6 271 277.2 280.4 285.3 286.2 292.1
379.8 382 382.9 381.6 378.7 372.6 365 357.4 350.5 343.3 336.1 328.4 321.2 314.1 307.3 304 299.8 294.2 288.3 283.5 278.6 275.3 272.4 268.9 263.1 258.9 248.9 237.1 237.3 247.3 245 238.5 231.1 225.1 221.2 218.9 211.2 210.5 209.4 203.7 196.9 191.4 181.6 172.7 167 180.2 186.8 188 192.7 204.9 211.7 216.5 219.2 223.7 229.8 232.5 234.9 235.2 237.9 241.4 246.9 249.6 255.5 256.7 259.4 264.2 267.5 270 276.7 276.7 280.5 278.5 285.8 291.6 297.4 304.1 306.9 309.3
387.7 390 389.4 388.3 384.7 381.2 375.5 362.7 356.1 351.3 345 337.9 330.6 323.5 314.7 308.3 305.7 301.2 296.6 291.7 288 278.6 275.6 272.7 270.5 266.7 260.3 241.4 246.2 246.5 248.9 245.9 238.9 231.3 227 222.5 219.1 217.1 213.3 208.9 201.6 194.9 187 176.3 172.2 169.7 181.1 192.4 192.9 205.4 210.7 216.9 225.2 233 240.2 244.1 245.4 248.9 254.6 257.4 260.7 265 272.2 275.5 274 277 281.5 290.4 294 296.6 297.5 295.9 304 310.6 312.9 319.5 323.8 321.9
397.1 396.4 396.6 395.8 393.9 389.5 381 376.8 366 358 351.3 344.7 338.2 331.3 323.4 318.3 311.1 304.8 302 300.1 296.4 288.5 279.7 275.9 272.8 272.2 265.6 256.5 256.1 247.7 250 252 248.6 242 233 225.8 223.9 219.7 219.6 212.8 208.4 200.6 191.2 181.6 176.9 169.4 173 194.6 194.9 203.1 207.7 218.8 227.5 241 249.5 254.7 259.6 264.8 268.2 271.4 277.5 284 285.5 288.3 289.8 293.3 299.1 305.7 308.3 312.7 314.3 318.7 321.7 326.4 331.2 330.8 337.4 338.5
400.8 403.3 403.8 403.1 401.5 396.5 391.1 385 379.8 369.8 358.6 347.5 338.3 332.7 328.2 323.9 319 309.7 306.2 305.6 301.8 296.3 287.8 280.7 274.5 273.1 257.6 269.7 265.1 259.5 249.9 253.9 256 251.8 244.7 231.1 228.9 229.4 224.3 217.9 211.8 206.6 198.1 186.5 182 172.4 174.8 187.5 193.3 201.1 208.3 217.3 231.1 244.2 253.6 262.9 270.1 275.7 279.5 281.6 289.1 294 298.5 305 305.4 308.7 314.7 320.2 325.3 329 331.1 336 338.5 341.7 346.8 347.8 351.5 349.2
411.3 415.1 418.6 416.5 410.7 406.7 401.4 393.2 387.2 380.1 369.8 358.6 350 341.6 335.1 328.1 323.3 316.2 311.9 307.1 304.2 299.1 295 291.7 287.9 279.4 276.3 277.3 273.6 267.1 258.6 251.8 258.7 257.4 251.1 245.4 235.4 232.8 229.6 221.6 217.2 211.5 202.2 191.5 185.4 174.9 176.1 183.4 188.9 200.1 208.2 222.5 235.7 250 259.3 268.5 275.5 280.5 287.6 292.1 299.9 307.2 313.5 317.6 322.4 325.8 332.4 335.6 338.8 342.8 345.7 348.6 352.3 355.5 358.6 362 364.1 365.1
419.4 425.4 430.1 429 422.3 418.1 411.7 404.3 394.4 385.5 377.2 369.3 361.1 351.9 343.9 335.1 330.1 326.3 321.6 312.3 311.1 306.7 302.2 297.5 294.6 286 278.4 285.2 282.1 275.2 265.2 258 260.7 261.6 257.5 252 243.3 238.1 236.4 230.7 223.6 215.8 207.6 197.5 189.1 180.5 175.5 182.1 194.6 206.1 209 220.3 232.7 249.5 260.6 270.7 278.5 287.1 294.1 300.7 309.7 317.6 323 328.6 334.4 339.6 344.2 348 351.3 355.2 359.1 361.7 362 365.2 369.4 373.6 377 378.4
429 435.1 437.7 436 430.7 427.2 423.2 418 408.1 396.4 384.2 373.8 364.1 359.4 353 346.7 341.1 335.4 328.9 322 314.2 311.6 308.4 304.1 299 294.8 286.2 290.5 287.8 281.9 270.5 265.7 260.5 265.4 263.6 258.6 252.5 242.6 240.4 237.3 229.3 218.9 211.5 201.6 190.7 183.6 176.8 177.8 194.7 198.7 204.9 218.4 231.1 244.6 256.2 267.3 277.4 287.2 296.2 306.4 315.2 323.5 329.5 335.3 342.9 348.4 352.8 357.7 361.1 364.9 370 373 373.4 379 382.9 384.9 386.6 390.7
426.4 437.4 440.3 439.3 436.6 432.4 428.1 424.6 414.8 405.9 394.3 383.5 372.7 364.8 359.3 354.2 348.3 341.7 334.5 326.1 320.7 316.5 311.8 308 303.8 296.9 296.8 293.4 287.8 285.1 280.2 273.9 268 269.1 270.4 266.4 259 251.1 245 241.4 234 223.1 214.2 204.8 193.4 187.1 179.1 177.6 189.9 197.4 208 215.4 227.9 237.7 252.8 262.9 276.5 287.6 298.2 310.5 318.6 326.9 332.5 341 349.5 354.6 361.8 366 368.5 373.3 377.3 382.8 386.1 388.3 391.4 394.1 396.2 400.5
437.1 441.6 440.8 443.2 440.9 439.4 435.2 428.3 423.4 417.2 404.4 391.9 380.2 369.5 362 354.3 348 341.9 336.8 332.3 328.9 325 318.6 314.2 306 305.8 305 302.2 296.2 290.6 289.2 286 279.6 271.8 273.9 270.9 267.3 261.8 251.7 247.6 239.7 230.1 219.7 209.6 198.4 188.4 180.9 178.6 186.2 195.3 206.1 213.3 220.9 236.1 245.9 260.1 270.4 285.5 297.7 310.3 319.6 327.2 335.7 344.4 353.7 360.9 366.7 371.5 375.7 379.6 383.5 387.8 392.7 396.7 400.4 401.5 405.7 409.6
446.5 446.3 444.2 450.5 449.7 448 443.1 438.4 432.5 424.2 415.7 397.2 384.9 377 369.9 362.8 354.3 347.2 341.9 336.6 332.7 329.4 324 316.9 314.7 312.6 313 309.7 305.5 300.3 293.9 292.3 290.1 285.9 280.7 277.2 273.4 268.9 263.1 254.7 246.3 238.2 226.8 216.9 203.9 191.7 182.2 179.1 185.7 190.9 201.3 211.4 220 228.3 239.3 251.2 267.2 280.7 294.7 305.4 317.3 327.3 336.8 346.3 353.9 361.3 366.9 372.7 379.3 384.6 390.8 396.4 401 403.9 407.8 411.8 414.1 416.5
454.1 451.6 448 452 455.5 451.9 449.4 445.5 440.5 432.9 421.8 407.5 394.3 385.3 377.8 369.4 361.2 354 346.8 338.6 334.7 331.4 328.2 319.9 320.3 320.7 320.5 317.3 311.9 309.4 303.3 295.9 293 290.9 287.8 284.4 280.1 276.2 270.7 261.9 253.3 244 233.6 224 209.7 195.9 185.3 179.4 187.2 191.4 202.2 211.7 218.4 227.2 235.3 245.1 261.3 274.5 288.6 302 314.1 322.6 334.5 346.6 355.8 362.3 367.7 373.6 382.2 389.7 397 403.1 407 412.2 416.4 419.9 422.8 424.5
461.1 456.3 457.2 452.3 459 459.5 459.3 459.1 450.7 440.1 426.9 413.9 403.2 393.7 384.4 375.8 364.7 359.1 354.9 349 342 340.1 334 330 326.1 323.5 326.7 324.2 320.3 314.6 311.3 305.2 297.7 294.7 294 291.7 287.4 283.8 279 272.6 261.5 251.4 240.1 230.3 216.4 202.4 189.5 180.2 184.4 195.1 198.7 205.9 213.9 225 236.9 246.2 257.2 270.6 281.3 295.4 308.4 319.6 331.6 345.7 354.7 362 369.5 376.5 385.4 394.1 400.9 406.4 414.3 419.2 422.9 425.6 428.1 429.5
464.7 456 464.3 454.4 463.7 466.9 470.5 470.7 463.8 454 440 420.7 399.7 394.8 388 378.9 369 364.4 361.2 357.3 350.3 346 341.6 337.5 334.5 327.7 330.8 329.7 326.6 322.9 320.2 316.4 310.1 301 298.3 296.3 293.9 289.9 286 280.2 272.1 259.6 246.8 235.2 222.8 210.1 194.1 185.7 180.2 194.5 197.7 200.9 214.3 223.9 235.8 243.3 253.8 265.1 278.1 291.5 305.6 318.2 328.8 340.6 353.1 363.2 370.7 378.2 386.8 396.8 403.4 412.7 419.6 423.7 426.7 428.6 429.9 432.3
466.4 462.1 470.3 458.6 465.6 469.8 474.6 475 471.4 463 450.4 425.4 402.6 392.9 389.9 385.6 378.3 371.5 365.5 360.8 356.2 347.4 346.7 343.8 338.5 335.6 334.2 333 332.1 328.2 325.1 323.2 318.5 313.8 308 301.6 298.4 294.6 291.7 286.7 278.4 267 252 240.8 229.6 216.3 200.4 192.3 183.8 188.7 194.4 199.9 212.6 224.5 231.5 241.2 251 263.4 274.7 286.6 299.1 313.4 324.4 335.8 350.5 360.8 369.2 378.3 388.2 398.9 406.7 415.1 422.5 427 430.4 431.5 432.6 434.2
473 472.3 473.7 470.1 466.4 474.6 478.5 481.1 479.6 473.4 458.6 429.8 411.9 401.5 392.2 387.3 384.1 379.5 372 364.5 358.9 356.1 353.8 349.7 346.1 342 339.6 339.1 339 336.7 328.4 325.4 323.3 321 315.7 307.2 304.4 299.9 296.1 293.5 285.1 276.5 262.5 248.2 234.9 223.2 208.6 198.2 189.8 185.8 197.4 202 207.8 213.9 222.3 235 247.3 260.5 271.7 283.3 295 310.6 322.3 334.4 347.3 357.4 367.9 378.6 389 399.7 409.7 418.1 424.6 429.7 433.7 436.8 437.7 438.1
476.4 478.9 477.1 475.6 469.2 480.3 482.8 484.9 484.6 480.1 465.3 436.9 417.3 413.9 406.1 395.6 387.1 382.7 375.6 372 367.2 363.4 361.4 358.6 351.4 348.2 348.7 346.7 345.6 343.7 337.5 329.1 327.3 325.2 321.4 315.9 311.8 306.8 301.6 297.5 293.3 283.8 268.2 255.3 239.4 228.2 215.5 204.3 194.9 184.4 190.6 199.5 203.6 211.8 226 236.9 246.1 256.2 267.2 279.8 289.7 308.1 319.7 331.7 345.2 355.3 363.6 376.5 388.7 400.2 410.4 419.2 427.2 432.3 437 441.7 442.7 443.9
484.6 483.9 483.1 481.3 480 481.3 484.2 487.1 488.8 485.8 472.8 442.1 420.5 413.6 409.6 402.2 395.1 386.6 381.9 378.2 374.1 368.8 365.9 364.6 361.8 358.9 355.1 352.4 353 351.2 347.2 340.2 332.7 327.8 324.7 320.9 317 312.2 306.8 303.8 298.7 290.7 278.1 261.5 243.8 231.5 220.7 208.4 199.5 190.9 187.6 192.2 199.8 208.8 221.3 234 244.1 252.3 265.3 277.5 289.9 303.1 317 329.5 342.4 353.1 361.9 374.1 387.2 399.6 410.3 420.7 428.9 435 440.7 446.2 449.9 452.4
488.6 488.7 488 485.8 485.6 483.4 485.1 488.7 491.2 491.9 478.7 447.2 429.7 415.4 411.6 408.7 399.8 395.2 391.4 386 382.9 378.3 375.9 369.8 368.5 367.2 364.7 358.1 359.4 357 353.1 347.5 339.5 333.7 330.6 327.2 323.7 317.6 313 307 303.1 295.5 284 269.5 249.1 235.4 223.6 211.6 203.6 195.7 188.5 193.7 200.9 208.5 218.5 231.1 238.8 250.7 263.7 272.2 283.6 300 314.3 327.8 339.3 352.2 361.5 373.5 386.8 399.1 409.8 420 429.9 437.6 444.3 451.3 456.6 459.9
491.6 492.4 491.4 491 491.3 492.6 491.3 494.1 496.2 495.1 484.7 456.7 430.8 431 421.8 412.8 406.1 399.9 397.7 394.9 389.9 386.8 383.8 380.1 377.2 374.8 372.1 366.6 363.7 362.9 357.9 352.3 346.8 340.1 335.5 331.8 327.3 325.2 320.5 313 307.5 298.8 287.9 275.3 254.1 239.3 227.8 216 207.5 199.1 192.5 190.2 205 212.3 219.3 225.6 241.5 250.8 259.5 269.2 281.3 298.9 311.4 326.1 338.3 350.4 360.5 372.6 387.4 399.1 409.2 420.5 432.5 441.1 448.2 455.3 461.4 464.6
