public/OST50/SD79.asc
ncols 200
nrows 200
xllcorner 370000
yllcorner 490000
cellsize 50
[rows 70 to 104 of 200, columns 0 to 77 of 200]
237.3 242.7 246.4 252.7 260 268.7 273.8 279.7 285.5 292.2 297.6 299.9 301.2 303.4 303.3 309.9 311.6 312.1 311.9 311.9 312.3 306.4 305.2 304.1 303.2 300.5 301 299.1 299.6 302.3 308.2 316 321.3 321.9 322.9 329.3 330.6 335.3 340.3 337.8 334.2 343.9 349.6 352.8 353.3 352.5 355.9 352.2 349.5 349.8 349.4 346 342.7 338.6 333.1 325.1 320.3 309.4 286.7 271.8 286.2 305.9 309.8 314.2 317.3 322.7 326.8 329.3 330.3 330.5 327 327.6 336.4 347.9 365.1 377.1 385.8 394.3
238.9 242.4 247.6 252.9 264.3 269.1 274.2 281.2 286.9 292.8 296.5 297.6 298.4 299 301.1 306.6 307.6 308.1 307.5 304.1 298 296.4 299.4 298.7 299.1 297.7 297.3 286.2 298.8 306.2 310.4 319.1 324.6 325.8 329.2 333.4 335.2 341.4 344.9 347 347.5 353.4 357.6 358.7 357.3 359.5 359.6 358.1 360.9 359.9 355.5 352.8 351.5 348.1 343.6 337.6 328.6 318.9 307.6 287.7 271.7 299.5 310.2 319.3 324.9 328.9 332.2 334.8 336.1 336.6 336.6 339 337.5 345 361.9 369.8 381.5 388
237.9 242.2 249.6 258.4 266 269.8 275.2 280.3 285.7 291.3 294.3 294.3 294.5 294.8 299.4 302.8 303 300.2 294.9 289.6 289.1 292.4 293.7 293.9 295.8 293.5 289.9 292.3 292.9 308.4 316.3 322.9 327.8 329.7 333.9 337.3 342.9 347.7 351.4 352 353.9 357.7 360.1 360.4 360.4 364 365.7 367.8 367 364.5 363.1 361.4 358.7 355.6 350.9 345.1 336.5 326.6 314.1 299.5 286 291.4 304.3 317.3 327.3 332.7 335.6 337.6 339.1 340.5 344.2 344.8 350.4 353.7 352.9 364.3 371.4 381.8
239.4 244.4 255.1 261.3 266.1 270.1 274.8 279 284.6 289.6 290.5 289.5 290.1 289.5 295.8 295.9 290.3 283.3 280.2 282.7 284.9 287.3 286.1 288.7 293.6 285.4 282.6 293.9 302.9 312.6 321.6 327.4 330.7 333.7 337.8 342.9 349 354.7 357.3 356.3 357.4 360.4 363.8 367 369.1 371.3 372.7 374 373.8 373.4 371 367.8 364.2 361.9 358 350.1 339.4 332.5 325.7 310.6 302.1 281.6 296 310.1 322.1 332.1 336 338.5 340.2 342.5 351 355.6 360.1 363.7 367.2 371.7 377.8 384.4
241.1 248.8 256.8 261.8 265.9 269 272.7 278.2 282.3 284.4 284.6 283.3 283.6 287.9 287.9 282.1 278.8 275.3 275.2 277.9 279.8 277 279.2 283.6 282.3 281 289.7 297.7 306.4 315.8 325.7 330.8 333.9 337.8 341.9 347.6 354.6 359.2 359.4 361.1 363.8 366.6 369.1 372 374.6 376.6 377.4 379.6 380.7 379.4 376.8 373.1 369.7 365.9 361.7 355.1 344.5 336.7 330.9 326 320.6 308.6 288.9 304 314.4 325.1 333.4 337.8 342.6 349.4 357.1 361.9 365.9 370.4 373.7 378.7 383.8 388.7
242.3 251.1 257.3 262 264.4 267.5 270.1 273.5 274.7 276.8 277.6 274.4 279.5 282.8 279.4 275.4 271.1 270.2 271.4 272.9 272.9 269.7 274 273.5 272.2 283.6 292.8 305.7 313.1 323.2 329.9 333.4 337.1 341.3 345.8 352.4 357.1 359 361.9 365.2 368.2 371.5 373.7 376.2 379.3 381.4 383.1 385.7 385.1 383.3 380.4 376.7 373.4 371.6 366.8 358.6 353.5 349 345.4 339.3 331.5 324.2 315.8 288.4 303.7 312.3 325.8 336.1 344.3 352.4 359.9 365 368.7 372.6 376.5 380.7 384.3 390.8
244.1 252.5 258.5 260.4 261.8 263.3 264.9 265.2 265 267.8 269.3 262 276.2 280.2 275.7 270.2 264.6 264.6 266 266.1 266 264.4 267.5 274.2 283 289.1 294.9 309.5 318.5 326.9 332.8 336.4 339.7 343 346.9 352.2 356 359.4 365.3 369.4 372.7 374.8 377.1 381 384.5 387.1 388.5 388.2 386.8 384.5 382 377.7 377.4 378 374.9 372.2 366.9 360.6 356.2 349.1 342.2 336.1 328.7 318.7 291.1 292 303 329.3 340.6 348.5 357.8 365.5 369.2 372.5 376.1 383.3 386.4 392.3
243.9 251.5 257.1 256.1 255.7 254.8 257.9 255 256.3 259.4 251.7 267.4 275.5 275.9 269.3 262.6 257.3 253.2 254.9 265.6 269.9 273.4 278.7 283.8 288 295.3 304.5 315.6 323.4 330.5 335.9 339.5 342.3 344.4 347.5 353.1 358.5 364.1 368.6 373.2 375.3 377.9 381.8 385.1 387.1 389.3 389.2 388.3 386.7 384.8 383.2 383.5 385.4 384.6 382.5 380.5 376.5 372.4 365.3 359.6 353.7 344.3 339.3 332.8 321.2 300.9 293.3 317.8 335.5 346.2 345.4 354.7 356.5 359.8 376.1 373.2 379.7 387.6
242 251.7 243.1 245.1 243.8 244.2 245.4 245 246.7 246.6 252.2 259.5 268.2 267.8 261.3 254.4 249.4 262.5 269.3 275 278.5 280.3 283.9 288 293.9 303.4 309.3 320 327.5 333.9 338.5 342.7 346.7 349 352.8 358 362.6 367.5 371.3 373.9 377.4 381 384 386.1 386.9 388.1 387.3 387.2 386.8 385.7 387.2 389.3 389.7 388.7 386.7 386.2 383.3 377.8 374.4 369.2 365.1 355.9 348 342.8 336.3 321.9 301.1 303.6 327.2 328.2 351.5 360.7 369 375.6 380.5 386.7 391.5 396.8
241.7 237.1 221.6 223.6 227.7 231.9 234.3 235.8 231.9 224.4 243.6 248.4 245.2 255.6 250.7 246.4 254 267.2 272.4 278 282.8 286.9 293.7 296.2 302.1 308.7 315.3 323.3 330.5 335.4 340.3 345.4 348.5 351.8 357.4 360.6 364.9 369.1 372.1 375.2 378.8 382.8 384.1 385.1 385.2 386 387.5 388.4 388.4 388.9 390.4 391.8 393 391.9 392.3 392.6 390.5 386.5 380.8 377.1 372 366.2 361.2 354.7 346 335.6 319.3 295.7 309.8 335.1 345.6 357.6 365.5 372.7 380.3 386.2 392.2 397.4
240.4 234 213.4 217.3 216.8 212.5 215.4 210 214.7 215.6 224 232.2 233.3 235.3 238.7 245.3 256.5 268.5 275.5 279.8 287.2 294 301.8 305.6 306.8 310.7 318.5 326.4 333.2 337.5 342.6 347.2 350 355.3 360.1 364.1 368 371.8 374.4 376.8 377.9 378.2 381.7 384 385.4 387.5 388.8 390.4 390.8 391.3 393.1 394.7 397.2 394.7 398.5 397.4 395.4 392.6 388.6 386 379.1 375.7 372 362.3 357.8 347.3 329 315.7 296.4 325.8 343.5 353.1 360.3 367.2 378.2 385.8 391.7 397.1
234.1 221.7 205.4 208.3 209.6 212.6 222.6 224.1 224.2 225.7 233.9 230.3 236.3 238.9 253.9 254.1 264.5 270.5 274.2 279.6 291.1 300.2 306.9 307.4 308.7 313.6 321 328.5 334.5 339.2 345.1 347.7 353.9 358.5 363.3 366.6 370.1 372.9 375.3 375.7 380.5 383.4 384.5 385.5 386.1 388.3 390.4 391.8 393.5 394.7 395.4 400.8 402.6 404 403.1 401.9 400.7 398.3 393.8 390.5 387.8 385.6 377.6 372.5 365.9 357.7 342.5 330.4 308.4 307.8 330.7 349.9 357.1 363.9 374.4 382.3 389.4 395.7
213.5 196.6 221 224.4 224.4 227.7 234.9 239 242.5 245.2 243.7 230.7 245.9 251.1 260.8 267.5 270.2 272.1 280 286.6 297 303.7 306.3 305.7 309.2 315.1 322.7 330.6 336.9 342.2 345.4 351.1 356.4 361.3 364.9 368.4 371 372.9 376.2 380.4 383.1 384.2 384.9 385.7 387.6 390.6 394.6 396.6 395.9 397.1 402.4 407.3 407.6 407.5 407.9 408.4 407.9 406.4 402.8 399 395.7 391.5 387.8 376.9 375.5 367.6 359 348.3 330.9 299.1 312.5 341.1 354.1 361.5 368.9 372.3 384.9 393.7
208 217.2 224.1 228.9 231.6 233.9 241.9 246.3 248.7 253.5 247.6 240.8 251.7 262 268.4 271.5 273.4 274.5 282.7 290.1 299.3 305.1 304.7 305 310.9 319.1 326.5 334.5 340.1 343.6 347 353.2 358.5 362.3 365.7 367.1 370.4 375.3 379.3 381.5 382.8 383.9 385.1 386.6 389.9 394.8 398.6 401 402.9 406.5 409.2 409.6 409.7 412.1 414.1 415.7 416.9 414.2 412.7 408.8 405.1 400 396.2 390.8 388 383.1 373.8 364.7 352.7 337.7 318.2 324.9 349 356.8 360.3 369.5 382.3 391.3
219.5 224.9 228 234.5 236.5 235.6 243.4 247.5 252.5 256.7 245.9 250.6 260.5 266.9 271.1 275.6 279.2 282.3 284 294 301.6 302.9 303.6 307.7 315.9 322.6 329.8 336.9 341.5 344.6 349 354.6 359 361.7 365.4 369.7 372.6 377.3 378.9 380.8 382 383.4 385.3 388.3 389.3 392.7 399.5 403 408 409.7 411.3 413.6 417.1 418 420.6 423.3 424.1 421.7 422.3 421.3 413.6 408.5 404.7 402.5 398.3 392 387 380.3 368.3 356.1 343.9 320.5 331.6 353.1 361.4 367.5 376.6 387.2
224.9 228.2 230.9 235 241.1 244 247.3 251.7 258 262.8 250.3 243.1 260.9 267.1 272.3 278 282.6 285.6 291 296.7 298.6 302.9 307.1 313.6 319.2 324.8 331.2 337.4 340.9 345 350.8 355.4 358.6 362.9 366.6 370.5 374.9 376.9 378.2 379.8 381.1 383.6 387.2 391.7 395.6 397.3 402.7 407.6 411.4 412.4 414.9 419.9 422.2 423.8 426.2 428.8 429.2 431.4 431.7 428.4 424.6 419.6 410.6 410.2 408.6 402.7 395.8 389.8 381.5 369.7 360.1 349.3 336.9 340.6 356.4 365.6 376.5 383.7
227.4 231.9 235.1 239 247.3 249.4 254.8 259.9 269.9 266.9 266.6 240.7 252.9 263.4 273.4 280.8 286 289.3 293.9 299.4 304.5 308.3 310.3 316.2 321.7 327.9 334.1 335.2 341.3 346.4 352.5 356.7 359.6 363.3 367.1 371.3 374.8 376.5 377.8 379 381 384.8 390.7 395.4 400 402.6 406.5 411.6 414.1 416 419.3 422.2 426.8 432.1 436.6 438.1 440.6 440.5 438.7 436.3 433.1 427.5 424 417.4 416.8 412.1 407.3 401.3 391.2 383.9 374.3 365.9 354.8 337.6 343.5 359.8 370.4 379.9
230.3 233.9 242.5 249.3 252.4 254.3 263 267.2 273.5 270 269 264.6 249.3 257.8 272.6 279.2 286.5 295.6 297.5 302.8 308.2 307.6 311.9 316.7 323.6 326 324.7 337.2 342.6 348.6 354.1 357.3 360.6 364.6 367.8 371.8 374.2 375.9 377.6 380.6 383.1 388.8 397.1 401.6 404.9 407.4 412.2 414.7 416.9 420.2 423.1 427.9 435.3 440.8 444.6 445.9 446.7 445.4 444.3 441.2 437.6 429.4 432.3 426.9 423.5 418.8 414.1 410.2 399.3 393.2 387.2 378.8 364.9 350.5 335.9 348.6 363.4 375.6
238.4 244 250.4 255.8 259 262.1 265.1 270.9 273.1 274.7 275.7 275 257.2 255.6 272.4 277.5 283.6 293.2 297.8 304.9 304.7 306.5 310.2 313.1 315.8 315.8 329.9 338.6 344.5 350.5 354.7 357 360.8 364.8 368.3 371.4 373.4 375.8 379.2 382.5 385.3 393.7 399.3 404.1 408.5 413.2 416.7 418.1 420.3 424.7 430.6 436.7 443 448.3 450.8 450.2 448.8 447.7 445.9 443.2 439.1 439.3 437.3 433.8 431.7 427.4 422.9 417.6 412.5 404.8 397.3 388.1 375.1 366.9 352.7 339.1 350.7 368.9
243.1 252.5 257.2 260.3 264.2 267.7 271.7 275.6 276 276.2 276.7 276.2 257.7 256.7 271.5 275.8 282 289.9 294.6 299.3 297.6 303.2 304.3 308.5 318 324.1 333.1 340.1 345.7 351 354.9 356.2 360.2 363.9 367.6 370.4 372.4 376.8 381.1 387.4 391.3 395.9 401.6 406.8 411.8 416 419.9 421.7 424.8 432.4 439.9 446.3 450 453 452.6 451.8 450.7 450.1 448.9 446.7 445.2 445 442.9 440.3 438.8 435.2 430.9 425.5 420.7 415.2 409 398.9 392.1 383.1 369.1 353.7 341.3 356.8
250.5 256.1 260.9 264.2 268.5 272.3 275.6 278.9 282.8 280.9 278.4 278.2 270.3 249.5 266.8 271.1 276.9 280.1 284.6 298.3 302.9 303 309.8 317.5 322.5 327.7 335.8 342.4 347.4 352.1 353.6 355.5 359.5 362.7 366.8 368.5 373.2 377.5 385.6 390.6 392.9 397.4 404.2 408.9 413.8 418.7 421.2 425.4 433.8 442.7 449.5 454 456.4 455.9 455.2 456.1 456.4 455.4 455.1 453.7 453.1 452.4 449.7 446.4 445 441.5 437.6 434.3 429.2 423.8 416.5 410.9 403.4 392.8 378.1 365.6 343.5 346.6
254.7 259.5 263.2 267.9 272.5 275.5 278.3 282.2 285.6 285.6 284.3 282.7 276.1 277.5 252.4 263.6 271.6 282.8 294.1 301.4 304 306.8 313.5 320.6 325.7 331.6 338.2 344.4 349.4 351.7 353.1 355.4 358.6 362.2 363.8 368.3 373.1 379.2 386.5 387.7 392.2 399.7 405.6 410.5 415.9 419.5 424.8 434.3 442.9 450.5 456.3 458.4 458 458.2 459.4 460.3 460.2 459.6 459 458.3 458.1 457.6 455.9 453.9 451.5 447.5 444.1 441.5 437.2 432.4 425.6 420.2 410.4 396.8 390.2 376.3 366 345.4
257.4 260.7 264.5 270.4 274.4 277 281.4 284.9 287.5 288.2 285.5 284.5 285.3 282.7 270.5 259.3 276.7 286.1 295.3 302 303.3 309.9 316.8 323.7 328.8 335.3 340.2 346.4 349.6 349.6 351.6 354.7 357.8 359.2 363.6 367.6 374.8 380.8 383.5 387.5 395 400.6 405.8 410.7 416.7 421.9 430.6 439.7 448.8 455 458.5 459.6 460.6 463 463.7 463.8 463.6 464.7 464 461.9 461.6 461.3 461.1 459.9 459 455.8 452.2 448.5 444.4 438.5 433.4 427.6 417 412.4 403.4 392.8 381.1 368.2
255.7 260.5 265.4 270.6 273.1 277.3 283 287.3 290.7 289 287.1 288.7 288 282.2 286 266.1 266.4 284.3 290.9 299.5 304.6 309.2 317.7 324.9 330.1 336.7 340.2 346.4 347.2 344.7 349.3 352.5 353.1 360.6 364.8 369.5 375.7 378.4 382.2 389.4 394.5 401.3 407.2 413.6 420.2 426.5 435.3 444.5 451.8 456.7 459.6 462.6 466.1 467.1 467.4 467.8 467.4 466.7 466.5 465.2 466 466.4 465.9 466 464.1 461.4 460 456.1 451.2 445.2 439.7 434.1 428.9 423 412.2 403.5 394.5 385.2
261.4 262.4 265.8 270.6 274.2 278.5 282.9 287.3 290.3 289.8 291.2 291.5 288.6 289.3 291.1 282.9 265.9 278.2 289.6 300 305.2 309.6 316.6 321.2 326.4 333.2 338.8 342.6 334.6 335.9 343.7 354.1 357.5 360.4 365 369.6 372.9 375.3 383.2 390.2 396.9 402.4 408.5 415.5 421.7 428.8 436.9 446.5 454.1 458.7 462.7 466.6 468.5 469.5 470.1 470.1 469.6 469.9 470.2 472.2 472.3 473.4 473.3 473.3 472.2 471.1 467 462 457.4 451.5 445.1 440.5 436.8 431.6 424.7 416 406.8 396.4
263.8 267 270.3 271 275.3 280 283.2 286.9 289.1 290.1 293.4 292.3 290.7 292.5 292.5 290.3 265.2 273.2 286.4 300.7 302.2 306.4 311.2 315.3 320.8 327.1 328.5 326.4 335.1 346.5 351.7 348 349.1 356.9 359.7 363.2 365 375.5 384.5 392.1 399.1 404 409.9 416.4 423.4 430.7 439.7 449.5 456.1 461 465.2 467.6 469.6 471 469.5 469.9 471.1 472.7 474.8 476 477.1 476.7 479.6 480.1 480.4 480.2 474.9 468.4 461.5 455.6 451.2 447 442 438 432.6 426.3 417.4 408
264.7 268 272.3 271 276 280.6 284.4 287 286.6 291 293.5 291.7 292.2 295.9 294.6 293.7 272.5 267.9 280.2 275.9 288 295.1 298 304.2 310 310.8 317.7 328.5 342.1 346.5 337.7 338.9 354 352.8 356 365.5 372.7 372.5 384.1 392.4 399.4 405.1 411.1 418.3 424.1 432.6 442.8 451.8 457.6 462.2 465.6 467.9 468.8 468 469.6 470.9 473.1 475.2 478.2 481.7 482.4 484.5 486.3 487.6 487.8 486.7 482.9 478 467.4 459.6 456.1 451.6 447 443.5 439.3 433.9 427.1 417.7
265.4 268.2 271.9 270.9 272.5 275.2 279.1 283.9 287.2 291.5 291 291.7 293.9 296.3 297.3 294.2 277.9 268.5 277.2 288.6 292.8 294.1 299.4 311.8 319.9 316.4 311.9 333.5 335.1 326.4 335.8 349 356.4 359.9 366.2 371.3 376.1 380.9 386.9 391.5 398.7 403.9 409.7 419.5 427.1 434.5 442.3 451.6 458.2 462.2 464 466.3 467.2 469.4 471.6 473 475.4 477.8 481.4 486.3 488.9 493.4 496.1 497.9 498.8 497.9 494.7 487.1 478.2 468.8 462.4 455.6 451 447.6 444.8 440.5 434.2 424.1
265.9 269.1 268.1 268.2 276.3 281.7 280.1 283.1 287 289.3 289.6 293.8 298.1 298.9 297.5 294.4 293.4 286.6 289 297.5 299.5 303.2 310.2 320.8 328 334 329.3 323.6 323.1 340.1 352.4 356 359.6 365.4 369.6 375.2 379.3 384.2 388.5 394.4 401.2 406.4 412.9 415.3 424.8 430.5 443.9 447.1 453.6 461.7 465.5 467.3 469.4 470.7 473.8 476.8 479.8 484.4 487.9 491.9 495.6 499.2 502.6 505.3 507.2 506.5 503.6 498.4 485.8 481.7 468.8 461.6 455.8 451.6 447.5 443.3 437.8 432.7
264.5 267.4 268.5 273.1 278 281.3 283.8 282.5 285.6 286 290.7 295.2 299.2 300.4 297.8 298.2 300 298.7 300.3 303.3 307.5 311.9 320.3 329 333.8 340.3 343.3 342 344.7 353 357.7 360.7 364.9 370.6 373.6 377.7 383.9 389.6 394.4 396.9 400.8 408.8 415.5 424.6 432.9 436.4 448.5 456.4 461.8 465.4 468 470 471.5 474.2 477.4 478.5 482.6 487.8 492 495.7 500.1 504.2 507.4 510.8 512.6 512 510 505.6 501.6 492.8 481.3 470.2 463 455.5 451.7 447.2 442.9 439.1
254.8 266.2 269.9 273.5 276.9 281.1 281.7 280.5 282.4 286.3 291.1 295.5 298.7 297.8 299.5 301.3 304.4 301.4 305.2 309.4 313.5 322.5 328.3 332.9 338.9 343.3 345.3 349 354.2 358.4 362.1 365.5 369.4 373.4 377.3 382.4 388.3 393.5 397.8 401.3 405.8 411.3 419.6 428.8 439.4 446.8 452.8 457.2 463.5 466.3 469.2 471.3 474.2 477.2 479.7 482.5 485.5 490.7 495.6 501 506.3 510.6 514 515.9 517 516.7 515.4 512 505.4 501.4 493.5 478.4 471.7 465.7 460.3 454.5 447.8 444.3
261.2 265.9 269.5 272.2 275.4 279.9 280 277.4 280.8 284.7 290.8 295.7 296.1 298.7 302.9 303.4 301.5 303.5 315.6 316.6 323.5 328.9 332.1 337.1 341.4 345.3 349.2 352 358.1 361.9 365 369.1 372.3 377.6 382.4 387.1 391.8 396.5 400.4 404 409.8 417.8 423 434.4 442.4 451 458 462.7 463.8 467.4 470.3 474 477.2 480.5 483.6 486.1 490 495 501.3 507.3 511.4 515.3 518.4 520.5 521.3 521.5 520.7 518.5 515.6 509.8 500.7 490.2 476.6 470.5 466.3 461.8 454.5 444.7
260.3 265.2 269.4 272.1 274.9 280.1 278.9 274.9 279.8 284.3 289.7 292.6 294.6 299.1 300.8 299.7 301.3 315.8 319.9 324.5 328.6 332.3 336 340.1 343.7 348.4 352.6 356.5 360.8 364 368.5 371.8 375.2 380.8 384.9 389.6 394.9 399.4 403.3 407.4 415 422.9 431.1 437.8 442.7 452.1 460.9 464.8 467.4 469.9 473 476.5 478.8 482.9 487.5 491.9 495.2 500.4 504.3 510.3 515.1 519.3 522.5 524.5 525.3 525.6 525.9 525.4 522.7 516.6 509.3 500.8 487.2 476.7 471.9 466.5 458 446.7
260.5 265.2 268.6 271.6 275.3 277.6 278.8 276.7 277.4 282.2 287.3 288.4 293.6 297.7 297.6 304.3 311.4 317.8 325 330 330.8 333.6 337.9 342.4 346.5 351.4 355.8 359.6 363.1 367 370.6 374.5 378.5 382 386.7 392.8 397.4 401.4 406.3 414.5 422 429.2 437.8 444.5 453.5 460.3 464.9 466.5 469.7 473.1 476.3 479.8 483.4 486.9 491.3 494.7 499.7 505.3 509.7 514 518.6 522.8 526.1 529.3 531 531.8 532 531.3 529.3 523.6 515.3 507 498.2 487 477.9 471.2 461.3 450.2
258.9 263.4 267.6 270.2 272.6 274.4 275.5 271.3 274 280.5 278.4 286.9 290.3 294.2 304 309.7 314.9 321.1 326.9 329.8 331.3 335.3 338.3 343.9 348.9 352.3 358.1 361.7 365.2 368.1 372.5 376.4 379 384.1 390.1 394.9 398.9 403.8 411.2 417.9 429 436.1 443.9 451.7 458.7 464.1 467.6 469.8 472 476 478.3 481.7 485.2 489.4 494 499.5 504.2 508.5 513.5 518 522.1 526.9 530.4 534.3 536.6 538.1 537.4 537.7 535.9 532.8 525.3 516.6 505.8 495.6 486 476.4 467.2 457.8
