public/OST50/SD90.asc
ncols 200
nrows 200
xllcorner 390000
yllcorner 400000
cellsize 50
[rows 70 to 104 of 200, columns 78 to 155 of 200]
223.3 227.4 229 226.6 229.2 234.5 235.2 235.7 235.2 234.5 233.5 233.9 236.3 238.9 242.8 247.1 250.1 252.7 256.9 260.8 263.3 265.8 268.7 271.1 272.5 274 277 277.8 278.9 275.5 268 253.3 236.2 236.5 234.8 236.6 241.1 243.6 244.5 251.9 257 261.9 267.3 274.4 280.8 293.6 304.8 313.8 320.5 325.2 329.2 333.1 336.2 338.7 340.2 341.5 341.6 340.2 339.5 339.7 340.9 341.7 343 345.5 346.3 346.6 345.7 338.6 342.4 339.1 333.1 327.3 323.9 318.7 312.9 307.7 302.1 296.5
220.7 225.5 226.6 226.5 229.7 234.1 235 235.7 235.7 235.5 234.8 234.3 236.1 237.8 239.9 243.7 247 249.9 252.5 255 257.6 260.6 263.8 268 271.1 272.2 272.9 276.1 276.1 272.5 265.3 254.1 235.6 236.5 229.8 236.8 241.9 248 251.2 253.5 255.1 260.1 265.8 271.6 280.6 295 306.9 315.1 321.3 325.5 329.5 333.3 335.9 338 339.6 340.5 340.1 338.1 336.4 337.7 337.7 338.4 339.4 340.3 342.3 343 342.4 341.3 338.1 332.2 330.6 327.2 322.6 316.6 311.2 306.4 301.4 296.3
219.2 224.3 225.4 226.9 229.1 231.5 234.9 235.5 236 236.1 235.5 235.2 235.1 237.3 239 240.6 245.1 247.3 248.9 251 253 255.8 258.9 263.3 267.9 267.5 269 271.7 269.1 265.1 259 252.4 238.3 228.3 229 238.4 243.2 247.1 250.9 255.2 258.6 261.8 264.5 269.7 280.2 292.7 305.9 315.7 321.2 325.5 329.5 332.9 335.2 337.2 338.8 339.7 338.4 336.4 333.6 334.9 335.7 334.9 335.1 335.6 336.9 338 337.2 336.1 335 331.3 326.5 323.6 320.7 313.7 308.8 303.7 299.5 294.7
219.4 222.9 224.6 226.3 229.1 230.9 233.4 234.2 234.5 234.9 235.3 234.3 235.1 236.7 238 239.1 239.8 245.4 245.9 246.5 248.5 251.2 254.1 256.7 259.7 258.4 264.3 258.9 255.7 253.7 253.3 247.5 233.1 221.5 227.3 235.3 241.8 245.9 250.5 256.2 260.7 263.3 268.6 275 283.2 293.3 305.5 316 320.5 324.9 328.6 331.6 333.6 335.9 337.5 338.5 336.7 332.6 329.6 329.8 331.8 330.4 330.8 331.2 331.7 331.8 330.5 328.8 326.6 323.2 320.7 316.9 313.6 309.3 305 300.7 296.4 292.4
217.7 221.6 223.2 225.5 227.6 229.2 231 232.2 233 233.4 234.7 232 234.4 235.2 236.5 237.6 238.7 239.1 241.1 241.8 243.8 246.4 248.9 250.7 251.1 253.1 252.4 250.1 251 249.5 247.7 240.2 223.2 219.7 227.9 236.1 241.6 244.5 248.9 255.1 261.7 266 270.7 276.6 285.1 295.3 303 315.7 320.4 324.1 327.3 330.2 332.2 334.2 336.3 337.5 335.4 330.2 324.4 323.7 325.5 325.6 325.5 325.7 326.1 325.6 325.3 324.2 319.4 316.1 312.6 307.9 303.2 301.1 297.8 295.3 291.7 287.6
215.6 218.7 221.2 223.4 225.1 226.4 228.4 229.5 231.5 231.8 231.5 232.3 233.7 234.7 235.4 236.1 236.8 236.6 235.4 236.2 237.5 241.2 243.5 245.2 248.2 251.7 252 246.3 242.7 240.6 239.7 234.7 217 219.5 227.5 231.4 235.7 240.9 244.4 249.5 261.5 268.1 271.8 277.8 287.4 296.7 303.2 313.9 319 323 326.1 328.7 330.6 331.6 332.3 334.3 332.4 322.9 316.9 318.7 320.6 322.4 322.2 320.9 322 321.7 321.4 320.2 316 311.2 306.6 301.7 296.2 291.8 288.4 284.8 280.8 276.6
215.8 216.2 218.7 220.8 222.4 223.3 225.5 227.4 229.3 229.9 229.7 231.6 233.1 234.1 234.4 234.7 235 234.7 233.1 235.8 236.7 235.2 237.5 239.4 242.9 246.1 248.2 238.6 235 233.2 231.5 218.8 216.2 226.1 231.3 236.2 243.2 248.4 254 262.6 266 268.9 274 279.9 285.8 293.4 302.8 312.3 317.5 321.6 325.1 326.3 326.7 326.7 327 328.4 323.4 317.2 313.5 313.8 316.2 320.1 319.8 318.9 318.1 318 318.6 316.3 313.2 309.1 304.5 299.4 291.6 286.7 279.9 275.2 270.4 265.1
215.9 216.1 215.8 218.1 219.7 220.7 223 225.1 227.1 227.6 228.7 230.3 231.6 232.6 233.3 233.5 234.1 234.9 231.8 231.4 231.5 231.3 231.7 233.5 236.6 238.4 240.6 230.9 228.1 225.7 215.6 207.5 222.1 225 232.8 238.9 246.6 254.7 262.5 267.5 270.9 272.1 275 279.7 285.7 293.6 302.9 311.5 316.3 320.3 323.4 324 323.5 323.3 323.6 321.1 316.3 310.4 309.4 309.9 311.7 315 316.7 316.2 315.5 312.2 316.5 315.6 311.1 306.7 303.3 299.5 293.5 285.9 275.8 262.1 259.6 250.9
215 215.1 215 215.6 216.9 218.3 221.2 223.5 225.2 225.2 226 227.3 228.8 230.6 232.5 233.1 233.7 233.9 233.8 230.4 230 229.7 228.8 228.4 229.5 230.6 230.8 226.4 220.2 214.4 208.8 210.9 219.7 223.8 232.8 239.9 250.3 259.7 264.9 269.5 273.8 275.7 277.6 280.5 286.4 292.8 302.1 310 314.9 318.5 321.7 322 319.3 318.1 318.4 313.3 309.5 307.2 304.4 305.9 307.8 310.3 312.9 314.4 313 311.1 313.9 313.6 309.6 306 302.9 299.3 294.7 288 279.1 272.6 265 259.3
213.9 214 213.7 213.4 214.3 215.5 217.3 220.9 221.2 223.9 223.8 224.4 226 228.5 232.1 232.7 233.2 233.5 233.7 232.1 228.8 227 226.3 225.2 224.3 225.5 224 218.8 214.6 210.3 209.2 213 223.5 231.1 241.8 254.9 261.5 266.8 268.1 272 276.4 279 281.4 285.3 288.5 295.3 301.1 305.7 312.8 316.7 319 319.1 314.1 309.2 309.3 306.5 303.1 301.8 300.9 302.1 303.4 306.2 309.1 311.4 311.2 309.1 309 310.8 307.3 304.5 302 299.2 295.2 290.9 285.7 277.1 266.5 260.2
212.4 212.9 212.3 212.5 212.3 213.2 214.6 216.6 218.1 221.5 220.6 221.3 222.9 225.8 229.5 231.8 233.4 233.5 233.3 231.3 228.3 223.9 222.6 222.2 222 222 220.4 214.5 211 210.1 210.6 223.7 230.1 239.8 248.9 257.8 266 272.6 275.6 278 279.6 283 286.4 290.4 293.7 298.6 301.5 304.2 309.2 313.2 315.2 315.4 306.8 304.3 302.5 300 298.1 297.5 298.3 300.3 301.6 303.9 306.1 308.3 309 307.1 305.3 306.6 305.9 303.1 300.6 298.2 294.6 288.9 281.8 273 265.7 259.8
210.7 211.2 210.9 211.3 211.8 211.9 212.9 214 215.1 217 217 218.1 220.3 222.6 224.3 226.6 230.5 229.3 230.8 227.3 221.6 218.7 218.8 217.6 216.2 215.8 213.1 211.3 209.6 214 218.8 222.3 228 236.4 246.9 254.3 263.9 274.4 281 284.9 285.9 286.6 290.9 295 298.9 301.6 303.6 305 307.8 310 313.1 305.7 302.5 299.4 296.3 294.7 293.9 293.8 295.3 297.7 300.3 302.3 303.8 306 308.1 305.3 303.5 303.4 303.3 301.5 299.5 296.7 292.9 285.5 278.8 271.4 263.7 257.4
207.9 208.2 206.9 202 209.2 211.7 211.1 211.2 211.8 212.7 214 215.3 216.5 218.1 219.7 219.3 222.2 221.2 219.8 217.7 215.7 213.3 213.2 212.2 211 209.7 208.5 207.6 208.4 212.3 218.9 221.4 224.7 231.3 241.6 251.8 264.5 275.5 280.2 288.9 292.4 295 294.7 299.2 301.8 305 305.5 305.4 305 304.3 303.8 302.2 299.6 294.8 292 291.4 291 291.5 293.3 295.9 298 299.8 301.3 302.7 303.4 304.2 300.8 300.9 301.2 300.8 298.5 295.4 291.7 285.1 278.6 270.7 263.3 257.2
204.2 204.2 201.7 202.4 202.4 203.5 209.9 208.3 208.4 209.6 211.6 213.5 214.7 215.2 215.6 215.1 215.9 216.5 216.3 216.1 216.5 215.7 214.7 213.3 205.8 203.9 204.8 201.2 204.2 210.7 214.6 218.9 222.8 229.4 237.9 248.6 263.6 275.8 283.4 290.2 295.7 300.4 298.2 297.9 301.7 303.6 305 304.7 304.4 303.6 301.6 299 296.1 291.3 288.9 288 287 287.7 290 292.1 294 295.5 295.7 297.3 298.3 298.7 299.1 299.1 300.1 299.6 297.4 293.5 289.6 284.3 278.6 270.8 263.6 258.7
201.7 201.2 202.5 202.5 202.6 202.5 206.1 206.6 206.9 208.2 211.1 212.2 213.4 213.5 215 220.7 224.5 224.9 227.1 226.1 222.5 220.2 218.1 214.7 209.3 204.2 199.1 197.3 203.6 209.2 214.4 218.1 221.6 227.4 235.1 248.7 260.8 273 266.7 290.5 296.7 301.3 296.1 296.8 298.3 298.4 296.6 299.1 301.7 303 300.8 297.6 292.5 289 286 284.4 281.6 280 283.8 286.5 285.4 288.3 289.3 290 292.9 294.7 295.1 293.6 297.6 298.9 296.6 292.9 287.9 283.1 277.9 271.5 264.9 260.5
199.8 199.8 199.9 201.5 202.4 203.4 206.7 208.6 211.1 212.3 213.3 213.6 216.3 221.2 226.1 228.4 230.5 231.2 231.5 230.9 226.9 223 219.8 215.6 210.4 204.1 199 196.5 202.9 210 214.3 217.4 219.7 226.2 234 244.2 255.2 271.7 263.7 272.2 292.5 289.5 289.2 295.7 293.4 290 290 292 297.4 302.7 301.6 294.9 289.5 285.9 284.3 278.9 272.9 272.5 274 276.6 279.1 282.2 284.4 286.3 288.6 290.4 290.3 290.7 295.2 297.3 295.8 293 288.7 284.2 277.9 271.9 265.4 270.9
198 198.5 199.5 199.3 202.3 206.1 209 211 212.7 215.6 217.7 222.6 225.8 227.3 229.4 232 233.8 233.6 232.4 230.7 227.8 225 220.4 216.1 209.9 207.7 202 195.1 201.7 209.4 212.9 215.4 218 224.8 231.6 241.1 254.2 260.9 263.9 275.8 284 282.7 284.7 286.1 281.6 285.2 285.4 289 291.2 295.7 297.3 289.2 284.1 282.9 281.1 273.1 267.6 267.4 268.2 271 274.8 277.8 280 281.7 284.3 285.8 281.6 288.1 292.6 295.5 295.9 293.2 289.4 285.7 282.1 273.9 276.2 277
197.2 198.1 199.3 201.4 204 207.3 209.3 211.6 213.8 216.9 220.6 223.2 226.8 229.8 232.7 235.5 236 235.6 233.4 230.6 227.7 224.7 220.5 216.9 210.2 209.3 202.6 193.3 203.9 206.6 210.4 213.2 215.8 220.2 229.6 236.9 248 256.8 266.5 272.7 274.2 273.6 278.9 278.9 279.5 282.2 285.4 287.4 287.2 285.7 282.1 282.2 279.1 277.5 272.9 267.3 261.7 261.2 262.9 264.3 266.8 270.3 273 275.4 276.1 276.7 280.2 285.1 289.8 293.1 294.5 293 290 286.3 283.6 280.6 283.3 283.7
197.9 199.2 201.5 204.2 205.9 207.7 209.6 211.8 214 217.8 220.7 223.1 226.4 229.7 233.2 238 237.6 236.3 234 230.5 227.6 224.3 220.6 217 210.1 205.1 203.8 193.1 202.8 204.7 207.7 210.3 213.2 217 226 235.2 242.7 251.4 258.8 262.5 265 269 270.4 270.8 274.1 278.1 281.9 285.1 285.7 283 281.1 278 273.4 274.9 271.2 265.7 259.3 253.1 256.2 258.8 262.4 266.2 268.6 270.1 269.2 273.1 277.8 283.7 287.1 291.1 292.8 292 290.5 288 285.9 286.5 287.2 288.2
199.2 201.2 203.1 204.7 206.2 207.9 210 212 214.7 217.9 220.7 223.3 226.1 229.4 232.2 235.5 237.7 235.8 232.5 229.7 227.4 224.4 220.1 217.2 212.6 208.5 202.1 187.9 198.6 202.4 204.3 207.1 210.8 214.2 222.1 231.5 239.4 246 250.8 254.5 257.5 259 261.7 265.1 268.1 270.8 274.4 276.4 278.7 279.8 277.9 274.3 266.8 264.7 267.6 266.8 258.9 251.4 246.4 256.1 259.7 263.7 265.9 262.6 268.3 272.9 276.8 282.2 285.7 288.9 291.2 290.7 290.6 289.4 288.9 289.9 291.2 291.3
200.6 202 203.6 205.4 206.9 208.3 210.3 212.3 215 218 220.7 223.5 226 228.9 231.6 234.2 235.3 236.1 234.6 230.6 225.9 223.6 220.9 218.8 214.4 211.1 200.9 189 195.7 199.5 202.7 205 209 211.5 218 226.3 234.1 243.1 250.3 252.9 255 256.9 257.7 260.6 262.6 264.9 265.7 266.6 268.7 269.1 270 265.6 260.7 257.6 257.6 262.3 262.7 255.5 238.2 248.5 257.3 260.9 259 262.6 269.6 272.8 275.8 280.4 284.5 287 289.5 289.9 289.6 289.6 290.9 291.7 293 293.5
200.5 202.5 204.4 206.2 207.5 208.8 210.6 212.7 215.1 218.3 220.9 223.1 226.1 229.5 232.5 234.2 235.2 235.2 233.3 229.3 225.3 221.7 220.1 217 213.7 210.7 210.3 189.3 192.7 197.1 200.6 203.9 207.3 210.4 214.9 222 229.5 237.3 249.3 250.4 252 252.5 252.8 254.8 256.7 257.5 258.6 259.4 260.3 262.4 261.2 259.9 256.9 251.3 250.9 254.1 255.1 252.4 238.5 241.3 254.6 252 257.6 263.7 268.5 271.7 274.4 279 282.9 285.6 287.2 287.9 289.1 289.8 291.1 292.9 294.2 294.7
200.5 202.5 204.4 206.3 207.7 210 211.7 213.1 215.2 217.9 220 222.4 225.3 228.6 231.6 233.5 234.4 234.3 231.8 228.3 224.2 218 217.1 211.8 210.9 209.2 208.4 195.1 188.5 194.9 199.3 203 205.4 209 212.9 219.2 225.3 234 240.7 245.3 249.5 248.5 248.9 250.4 251.6 252.2 253.8 255 257.3 258.9 257.8 256.1 252 248.3 241.6 243.7 244.4 236.9 231.9 235.8 238.4 244.6 257.3 262.4 265.2 269.5 271.1 275.4 282.1 284.1 285.1 286.9 288.1 289.4 291.1 292.7 294.1 295.3
200.2 202.1 204.1 206 208.6 211 212.9 214.6 216.2 217.7 219.7 222 224.6 227.3 230 231.6 233 233.1 230.7 227.4 223.1 214 212.9 204.7 206.6 207.1 207 192.9 184.5 194.5 198.1 201.8 203.6 207.2 212.1 217.7 222.5 229.2 234.4 240 243.9 243.4 244.5 245.9 247.4 248.9 251.2 253.5 255 256.7 258.3 256.2 252 246.3 239 236 234.6 231.6 231 239.2 251.3 263.1 266.9 267.5 269.9 271.5 271.6 274.8 281.4 283.2 283.7 286.1 287.7 289.3 291 292.5 294 295.7
200 202 204 206 208.9 211.1 212.8 214.7 216.5 218.3 220.8 222.6 224.1 226.1 227.7 229.3 231 232.7 228.8 225.4 220.7 209.4 207.9 200.2 203 202.7 199.6 187.2 185.2 195.1 197.7 200.1 202.6 205.5 208.9 214.8 219.5 224.3 227.8 232 233.1 235.6 238.9 241.6 243.5 246.9 249.1 252.2 255.6 257.8 257.8 254.7 251.8 250.7 238.5 227.3 224.4 229.5 239.3 246.3 259.1 268.4 271 272.7 274.9 276.2 277.6 277.5 281 282.1 283 285.6 287.9 290.1 292.7 294.2 296 297.5
199.8 202.1 204 205.9 208.7 210.8 212.8 214.6 216.5 219 221.5 223.3 224.4 225.6 225.5 226.4 228.2 229.1 225.9 221.5 216.3 206.3 205 201 200.4 199.7 193.8 184.7 183.7 194.5 197.2 199.6 201.3 204.3 206.2 211.6 216.4 219.4 220.2 219.1 222.3 227.2 233.8 237.3 241.1 244.5 247.9 254.6 256.4 257.8 259 255.5 252.1 244 230.3 221.4 227.6 237.4 243.2 251.5 262 271.7 274.6 277.7 280 280.2 281.4 280.5 282 282.6 283.4 285.6 289.3 292.8 295.2 298.3 300.1 301.9
198.7 201.5 204.3 206.7 208.8 209.7 212.1 214.1 216 218.9 220.4 222.2 224.3 225.6 224.2 222.5 224.2 224.3 222.1 217.1 211.1 203.3 202.6 200.8 198.5 192.3 185.7 180.2 190.4 194.3 196.3 198.4 199.7 202.3 202.2 206.7 211 214 215.4 230.5 236.4 230.5 230.2 235.1 238.6 243.4 250.6 256.2 257.8 260.3 257.7 256.2 245.9 233.1 223.7 221.3 232.4 239.1 245.5 254 262.3 270.1 277.4 280.8 284.7 285.4 284 284.6 285.7 285.5 285.6 287.7 291.5 296.6 300.3 303.5 307.6 308.6
197.5 200.3 203.1 206.2 208 208.8 211.3 213.3 215.3 217.9 219.3 220.7 223.4 224.5 221.7 219 220.1 219.4 217.5 212.4 205.5 199.8 196.5 195 188.5 183.3 180.3 193.6 193.5 193.4 194.5 196 197.8 199.2 199.7 204.3 207.2 210.4 221.8 227.6 237.4 237.1 228.8 232.8 236.9 243.2 250.6 257.5 260.2 261.7 262.7 255.7 239.2 229 220 225.3 232 240.5 249.2 255.2 262.7 268.1 273.4 277.5 279.8 282.6 282.9 285.5 289.8 289.2 289.6 291 295.2 300.1 303.6 307.8 309.6 314.3
196.3 199.1 202.1 204.8 206.6 208 209.9 212.5 214.3 216.2 217.8 219.3 220.9 222.6 219.3 216.2 214.7 214 212.2 207.4 195.6 190.4 190.2 184.1 177.5 175.2 189.7 191.3 191.8 192.4 193.5 194.4 195.5 197 198.9 203.1 206.6 212 219.1 227.7 235.5 237.5 227.4 229.5 235.9 241.3 250.1 256.6 259.6 261.5 257.2 252.5 237.4 226.3 215.9 226 231.4 239.6 253.7 259.8 265.7 269.7 273.7 277 279.6 282 282.1 286 287.7 289.7 291.4 294.4 298.4 300.8 302.9 304.6 306.5 309.9
195.2 197.3 200.1 202.8 204.8 206.6 208.4 211.7 213.3 214.9 216.4 217.7 218.4 219.4 216.8 211.9 209.6 207.8 205.7 196.1 191.8 188.6 188.3 174.6 182.4 188.8 189.5 189.6 190.3 191.6 192.7 193.9 194.8 196.2 197.9 203.9 207.4 211.5 219 225.3 235.1 234.6 226.6 227.7 233.1 240 248.3 255.1 258.4 261 261.6 248.6 235.9 223.3 213.8 225.6 232.1 240.7 247.8 262.8 267.4 271.4 273.8 276.5 278.5 280.8 282 285.5 287.5 289.6 292.2 294.9 297.7 299.5 299 297.7 299.2 299.3
194.2 196 197.5 199.5 202.1 204.7 206.9 209.4 211.6 213.4 214 214 213.9 214.3 212.3 207.6 204 199.8 195.8 191.5 188.3 187.4 178.7 176.6 187 188 188.5 188.7 189.7 190.4 191.9 193.4 194.8 196.5 197.3 202.4 206.6 210.8 216.5 225.9 233.4 230.1 224.5 226.6 231.2 237.4 246.2 253.2 258.3 260.1 260.2 245.4 234.1 221.4 211.6 223.6 230.9 237.7 244.3 251 262.6 269.7 272.9 274 275.8 279.1 281.6 284.9 288 290.5 293.3 295.8 297.3 297.1 294.6 289.6 288.5 288.6
193.7 194.9 196.7 196.9 198.1 201.3 203.6 206.8 209.8 212.1 211.8 209.6 208.7 209 206.6 203.2 199.2 195.1 191.2 186.9 187.3 187.8 186 187.3 187.2 187.3 187.7 188.3 189.1 188.4 190.9 193.1 196 195.7 195.9 196.6 205 209 214.5 225 230.5 226.6 220.7 224.2 228.6 237 245.6 252.5 257.5 258.4 252.9 239.5 229 218.7 209.7 219.3 228.3 233.6 239.5 246.6 252.6 258.1 265.3 270.6 274.4 278.2 280.7 284.6 288.2 289 290.6 291.3 289.1 286.8 285.2 281.4 279.6 280.2
193.4 194.4 196.3 197.5 197.7 197.8 200.7 204.1 207.3 209.6 209.8 208.3 206.3 202.9 201.2 197.5 194.2 191.8 188.1 183.5 186.2 181.3 173.3 184.1 185.1 185.9 186.6 188.3 189 189.1 190.6 195 196.1 193.9 192.4 195.6 200.8 206.6 211.9 220.2 225.9 221.7 219 221.3 226.5 236.4 243.7 251.2 255.1 254.1 242.8 233.2 223.2 215 211.8 216.5 221.1 228.5 238.4 244.1 249.5 255.6 260.1 268.8 271.7 276.4 278.6 281.9 285 283.3 283.4 281.6 279.8 276.9 276.2 276.1 274.8 270.7
193.9 195 196.9 199.2 198.7 198.5 197.8 201.2 204.8 208.9 210.5 208 203.7 200.3 196.2 192.7 189.3 187.6 185.3 182.5 183.3 176 170.5 180.1 183.8 184.6 186.1 189 191.1 192.4 192.4 196 193.8 191.5 191.5 194.2 198.1 203.7 209 213.5 218.5 215.3 215.8 218.9 223.6 237.8 241.8 239.2 244.8 249.5 236.9 225.8 217.2 207.7 208.9 216 223.5 230.9 238.9 248.3 252.4 255.7 260.3 265.1 270.3 274.6 275.7 277.4 276.6 276 274.9 274.7 273.9 272.1 270.7 269.3 267.8 264.7
194.2 195.6 197.1 198.9 199.8 200.1 199.5 197.9 201.9 206.4 210.4 209 201.2 196.7 192.4 187.3 183.8 183.8 181.9 181.4 182.4 176.9 168.9 176.1 182.6 183.4 185.2 187.3 191.7 192.1 194.4 192.2 190.9 191 191.5 193.3 196.8 201.2 206.2 210.2 212.1 211.3 212.3 216.2 221.9 230.9 234.9 225.6 231.2 238.6 228.8 218.8 212.1 207.7 209.3 217.1 224.6 231.3 238.9 246.8 253.8 259.1 262.1 266.4 270.6 273 273.4 270.8 269.8 270.5 270.9 271.2 270.2 267.4 265.3 261.9 258.6 256.2
