public/OST50/SD90.asc
ncols 200
nrows 200
xllcorner 390000
yllcorner 400000
cellsize 50
[rows 105 to 139 of 200, columns 78 to 155 of 200]
194.9 196.1 197.3 198.9 200 201.2 202.6 201.2 197.7 201.5 204.5 201.9 197.4 193.1 188.7 183.5 181.9 180.9 180 180.1 180.8 178.8 170 171.8 181 182.6 185 187.7 190.3 191.6 192.5 191.6 190.5 190.8 191.4 193.2 196.1 199.9 204 207.3 207.8 208.6 210.4 213.5 219.4 223.4 229.4 226.8 237.8 230.6 221.4 214.6 209.5 206.1 210.5 218.3 225.8 232.5 239.4 246.2 253.4 258.6 263.6 267.9 271.6 273.1 269.6 267 264.7 267.1 268.7 268.8 267.4 264 260.4 257.1 253.1 250.1
195.3 196.5 197.7 199.2 200.5 202.4 204 202.1 199.3 196.5 196.8 196.6 194 189.5 185.3 181.5 180.2 179.2 178.4 178.7 179.6 177.6 168.2 172.7 178.8 181.3 183.7 186.2 188.9 190.4 190.9 190.7 189.1 189.7 191.4 192.9 195.2 198.5 203.5 206.1 206.1 207.1 209 211.9 215.5 218.5 222.6 230.6 227.1 224.1 215.4 206 203.8 205.1 212.2 219.5 227.3 235.9 241.4 247.6 252.4 257 261.8 266.1 269.7 269.7 264.6 259.3 263.4 265.9 268.8 269.3 264.3 261.5 258.2 253.5 250 246
195.7 196.9 198.1 199.4 200.5 201.8 202.4 201.2 199.2 197.1 194.6 191.1 190.8 185.8 181.7 179.4 178.1 177.1 176.5 177 176.4 170.9 165.3 170.3 177.2 179.5 182.2 184.6 186.8 188.9 189.9 188.9 187.5 187.7 189.5 192.2 194.4 197.1 201.4 203.9 204.3 204 205.8 209.1 211.8 214.3 218.1 220.4 219.7 215.1 207.8 202.1 205.6 208.2 213.8 220.1 227.3 236.3 243.2 247.8 250 251.9 255.8 258.3 259.8 259.7 255.9 261.8 263.9 270.9 270.4 265.6 261.9 259.1 255.9 251.7 247.6 244.3
196.1 197.4 198.8 200.3 201.5 201.8 200.9 200 198.3 196.7 194 190.6 186.9 182.9 179.2 176.4 175.6 174 173.1 172.6 170.7 166.8 164.4 170.8 175.9 178 181.2 183.5 184.9 186.8 188.2 186.2 184.2 184.8 186.9 189.5 192 195 198.7 198.9 200 201.1 202.7 205.2 208 210 212.4 212.9 211.6 207.4 202.1 203.1 205.5 209.3 214.5 219.1 225.6 232.2 238.1 240.7 240.6 243.4 244.4 245.5 246.5 248 253 260 265.2 272 265.5 263.1 260.2 257 254.6 251.4 248 243.8
197.4 197.7 199.3 201 202 202.4 200.8 198.9 197.4 195.9 192.8 188.5 185.3 183.3 181.3 179.8 177.4 173.2 169.7 169.1 167 162.5 167 172.8 176.2 179.2 182.2 184.5 186 186.1 184.6 181.9 181.1 182.7 186.1 189.5 192 194.7 195.3 197.1 198.4 199.5 200.8 201.2 203.9 205.6 206.1 206.4 204.7 201.9 200.7 203.9 206.6 210.1 214.3 218.5 222.5 226 228.9 231 231.6 233.9 234.5 236 239 243.4 251.7 257.2 262.6 263.8 262.2 261.5 259.8 258.3 255.8 253.1 249.6 242.9
198.6 199 199.4 200.6 202.3 203.4 201.2 198.6 196.4 194.9 191.6 187.8 185.7 184 182.8 181.6 180.1 177.7 171.8 166.7 162 164.4 172.6 174.6 177 180.1 183 185.8 186.5 186.5 183.5 179.2 177.3 180.2 185.4 189.2 191.5 193.9 188.1 195.1 195.1 195.9 195.8 197.3 201.1 201.5 204.8 205.4 202.9 197.6 203.3 203.4 207.9 210.9 214.5 218.4 220.8 223.2 224.3 223.9 225.2 225.9 228.7 232 243 242.8 249.4 256.5 261.8 264 263.5 262.8 260.5 259.6 257.4 255 250.1 241.2
200 200.4 200.7 200.5 201.9 201.9 200.6 197 195.5 194.5 190.5 187.3 185.5 184.4 183.5 182.4 181.2 178 171 162.9 165.3 168.3 175 176.4 177.5 180.5 183.5 186.5 187.3 187.5 185.1 180.6 177.3 175.4 182.9 185.4 188.1 188.4 191.5 192.7 193.2 193.6 193.7 194.9 197.4 198.4 197.7 197.8 198.6 196.2 202 204 207.8 211.2 215 218 219.6 220 223.1 223.6 224.4 225.5 230.2 235.6 245.2 248.6 254.9 260.8 264.9 267.7 266 265.3 263.9 263.3 257.4 251.4 246.9 240.4
201.9 202.3 202.5 202.4 199.5 198.1 196.7 193.7 192.7 184.7 184.3 186.1 184.8 183.9 183 182.1 181.2 177.5 169.4 163.3 164.6 173.8 175.4 176 177.7 180.7 184.8 187.4 188.2 185.9 185 183.5 176.5 171.8 175.6 177.4 180.2 175.3 186.6 188.6 190 191.3 192.1 193.8 195.7 196.7 197.4 189.7 190.1 192.2 200.4 202.9 206.9 205.1 201.8 202.2 208.1 219.9 223 223.6 224.3 227 232.5 239.6 245.8 251.5 258.4 265.2 267.5 269.6 271.4 269 266.1 266.1 256.5 249 242.4 239.6
204.4 205.3 205.1 204.4 200.4 195.9 192.7 190.1 188.3 183.6 183.2 182.6 183.3 182.7 182 181.4 180.4 176.1 167.1 163.2 172.3 173.7 175.1 175.2 176.3 180.4 185.1 188.8 188.6 186.4 184.9 173.2 169.8 168.4 171 167.1 170.3 171 173.1 174.8 176.6 177.7 179.3 182.6 185.3 189.3 198.6 197.7 197.9 198.1 199.1 200.6 208 210.4 212.8 215.1 218.4 221.1 222.8 224 224.9 228.9 236.6 244 250 257.5 264.2 268 269.1 273.3 272.2 268 263.3 258.4 251 244.1 237.9 234.4
209.2 209.1 209.3 203.8 203.8 195 190.2 186.5 183.8 182.6 182 181.3 180.8 180.4 179.7 179.2 178.4 170.6 164.6 162.7 172.2 174.1 174.9 175.6 177 180.7 184.8 187.5 184.3 179.6 183.3 170.3 169.8 175.9 177.9 178.8 179.4 184.9 182.4 184.2 187.7 189.5 184.6 188.7 191.2 190.6 188.4 195.3 200.4 200.4 202.6 203.3 208.2 209.4 211.5 214.8 218.3 220.7 222.3 222.8 225.2 234.3 242.2 248.7 254.1 257 259.5 263.7 265.3 269.7 269.2 265.6 261.4 253.3 247.3 240.4 234.5 226.6
215.2 215.5 212.3 207.8 205 203.6 193.3 183.9 181.7 180.4 180.6 179.9 178.1 177.6 177.5 177.1 176 171.4 162.5 162 173.1 174.9 175.2 176.1 177.5 180.2 182.6 183.1 172.3 168.9 163.8 163.9 175.9 181 181.6 183.2 186.9 188.7 189.3 190.5 191.2 192.9 192.5 188.5 194 195.2 194.7 189.5 201.2 203.3 204.5 204.9 204.7 203.2 211.3 214.6 218 220.1 221.8 221.8 221.7 236.2 242 244.1 245.5 248.4 254.5 258.3 260.7 263.6 263.5 259.5 255.5 250.2 243.7 236.7 229.1 223.5
216.6 218.9 222.4 217.2 205.8 197.7 194.9 184.8 179.1 178 178.1 177.8 176.9 176.4 176.5 176.6 175.4 167.9 161.5 161.9 173.1 175.4 175.5 176.8 178.3 180 179.4 173.4 165.2 158.7 172.9 182.6 184.1 182.9 183.8 184.8 187.3 189.6 189.6 190.8 191.7 192.2 191.5 193.6 194.6 196.2 200.9 198.7 195.9 202.7 204.7 206.2 206.7 208.1 211.5 215 216.8 218.9 220.2 221.6 223.7 226.9 229.9 232.9 237.8 245.2 253.8 256.7 257.9 259.3 260 257.9 253.4 246.2 237.7 231.1 227.3 223.4
213.3 217.5 221.8 224.4 215.5 191.5 191.9 188.5 179.3 177.7 178 178.1 177.2 176.4 176.6 176.4 174.6 164.2 161.4 165.4 173.9 175.2 175.3 177.4 178.8 179.9 178.1 172 158.8 165.7 179.2 182.1 182.9 183.6 185.2 186.4 188.3 190.3 192.8 194 194.4 196.1 191.9 196.1 196.1 198.7 202.4 201.4 194.6 202 204.9 206.5 207.7 208.9 212.2 215.5 216.5 217.3 218.6 219.1 220.8 223.4 227.1 233.1 238.4 244.8 252.1 256.4 259.8 263.7 260.9 255.6 247.5 240.6 238.6 234.7 229.5 223.1
206.3 212.2 216.9 220.8 222.4 214.6 190.9 193.2 185.9 178.5 178.8 178.4 177.5 176.7 176.1 174.5 171.3 161.9 161.9 172.3 173.4 174.1 174.1 176 177.6 177.9 171 166.2 159.7 167.7 171.8 180.4 181.8 181.8 184.4 187.6 190.2 192.3 195.1 198.2 200.4 199.2 194.3 196.9 200 203.9 205.1 204 195.2 196.7 203.2 205.1 208.1 208.7 211.1 214.4 215 216.5 218.3 219.8 222 226.3 230.6 233.5 240.6 247.9 253.6 258.8 261.5 263.6 260.2 251.6 247.1 244.9 239.7 234.7 227.9 219.9
202.3 207.8 212.2 215.9 219.5 219 213.4 200.3 193.7 181.2 180.2 178.8 177.7 176.7 175.3 172.7 168.6 161.6 162.2 170.8 171.8 172.1 169.6 169.2 169.1 166.9 164.3 159.5 158.5 166.7 168.3 174.6 177.8 181.1 185.7 188.6 191.9 194.4 197.4 206.1 205.3 203.5 199.5 204.3 205.8 205.2 209.1 209.4 201.6 197 198.2 202.3 206.2 206.9 207.2 210.2 212.8 217.7 220.7 222.7 227.6 233.4 237.7 242.4 248 254.3 259.4 263.2 265.5 263.5 258.7 254 250.5 245 238.4 231.8 224.8 217.1
199.5 202.9 206.6 211 213.8 215.4 215.6 208.9 200.1 187.8 181.6 180.1 177.8 176.6 175 172.1 165.2 158.9 157.1 169.3 169.3 166.2 162.5 158.7 158.2 158.1 154.1 160.7 167 171.5 173.7 175.8 178.6 182.6 187.1 189.6 192.8 196.7 205.1 209.5 216.1 209.2 205.2 208.2 210.9 214.4 217.2 217.2 211.7 198.9 198.7 201.1 203.7 205.6 209 212 216.5 219.9 224 229.3 236.4 242.6 250.2 251.5 255.4 261.7 265.9 268.5 266.5 261.8 257 252.7 248.9 242.3 235.9 229.8 222 213.5
198 200.2 200.9 205.2 207.7 210.4 212.4 211.2 204.5 195.6 182.9 180.7 178.7 177.1 173.9 170.7 162.7 154.2 154.4 168.3 166.3 162 158.3 153.7 159.8 164.4 169.4 172.7 174.5 176 176.2 178.1 181.8 185.3 190.3 193.4 197.5 205 213.4 216.7 221.6 212.6 210.4 211.3 214.9 219.6 222.7 225.6 222.8 203.6 199.8 201.5 203.9 207.6 210.9 215.8 219.4 222.4 224.8 231.2 242 251.5 257.3 261.2 263.3 266.6 269.2 268.1 264 259.2 254 249.4 245.7 241.2 234.3 226.8 218.9 209.8
197.4 195.8 196.6 199 202.3 204.3 205.6 207.4 207.6 200.7 191.1 181.5 179.5 177.9 175.1 167.8 162.3 157.2 154.5 164.7 160.7 154.9 151.9 166.5 173.2 175.4 177.5 178.1 179.1 179 178.6 180.1 183.7 186.7 192 198.6 204 210.8 217.6 226.8 224.7 217.5 216.5 217 220.4 224.9 231.5 234.1 227.3 209.4 203.4 202.1 203.7 207.3 211.4 217.8 220.6 223.3 228.6 236.9 248.3 256 264.6 268.6 270.3 270.3 269.3 265.6 261.1 256 251 245.8 242.4 238.4 231.3 223.9 215.2 204.8
196.1 195.2 192.6 195 195.5 197.1 198.8 200.8 203.3 202.3 195.4 184.9 179.4 177.6 176.5 175.1 163.7 158.9 155 153.5 153.1 155 164 169 171.7 175.1 178.3 180.4 181.8 181.6 181.5 182.9 185.3 188.4 193.1 200.4 206.9 213.8 221.8 231.9 229.3 220.7 219.1 221.9 225.2 231.9 240.3 242.6 236.3 215.2 207.9 203.8 204 204.9 206.8 215.1 221.4 227.3 234.2 243.2 255.9 265.1 270 275.4 274.4 273 268.9 264.1 258.5 252.7 248.1 242.9 239.9 234.1 225.8 217 210.1 202.3
192.8 192.9 189.4 189.2 189.5 190.7 192.4 194.7 196.3 196.1 192.1 185.2 179.9 178.2 176.9 176.1 169.1 159.9 155.5 151.2 151.5 164.1 166.8 169.8 172.8 175.7 178.9 180.5 181.4 182.2 182.4 183.7 186.5 190.8 194.5 202.8 210.8 216.9 225.4 235.5 234.1 224.9 223.5 225.4 229.3 240.1 248.6 250 238.7 226.4 213.1 207.5 205.2 206.3 205.5 209.5 222.2 230.2 238.5 247.3 260.5 269.1 274.9 279.6 277.7 275 270 266.4 258.8 250.9 245.8 236.7 233.5 227.2 220.7 215.1 206.5 205.9
188 188.8 186.3 184.9 184.1 184.5 186.8 188.4 188.4 186.2 184.8 180 178.3 177.1 175.7 175.7 171.1 161.1 154.8 150.6 155.9 163.7 166.8 169.6 173.2 175.4 177.6 179.1 181 181.8 182.6 183.9 187.5 191.9 197.3 204.6 212.9 219.3 229.1 238.7 237.4 229.2 226.6 232.2 237.9 247.3 254.6 254 250 237.8 222.7 213.5 210 210.1 205.3 205.9 221.1 232.2 241.9 250.7 262.9 272.3 278.5 283.4 281 278.1 272.7 268.1 261.5 253.8 246.9 238.3 233.6 226.5 220.5 214.1 205.9 195.8
183.6 184.4 183 181.5 180.6 180 180.8 182.9 183.9 185.2 183.2 178.4 175.9 174.8 173.8 173.5 171.7 163.3 155 149.7 148.7 163.2 167.1 169.7 173.2 175.1 177.3 179.3 180.9 181.5 182.6 184.1 187.1 190.7 196.8 204.7 212.8 220.4 231.5 240.1 240.1 233.8 230.8 237.5 243.6 253 261.1 259.7 260.4 248.8 231.5 218.9 215.3 220.2 206.2 206.1 218.8 233.4 244 253.2 265.9 275.9 283.2 287.8 285.9 281 275.2 269.5 264.4 259.9 252.6 243.4 232.5 222.7 217.2 207.7 199.5 190.1
180.4 180 179.8 177.5 177 175.8 176.3 178.4 180 180.6 178.6 176.3 174 172.9 172 173.4 171.5 164.8 155.7 148.5 149.4 163.3 168.8 170.4 173.1 175.4 177.5 179.4 180.2 181 182.1 183.8 186.4 189.5 194.9 203.4 212 221.3 232.1 240.5 242.1 236.3 236.3 242.4 248.5 257.4 265 262.8 265.5 260.8 243.1 226.9 219.2 226.5 215.4 206.3 213.4 229 243.3 254.5 268.2 280.4 287.2 291.2 290.4 283.7 276.4 270.4 265.9 261.1 252.1 244.8 232 221 211.7 203.9 194.1 184.4
176.8 177.6 175.8 174.3 174 171 172.2 173.9 175.5 176.1 175.2 173.3 172 172.3 172.3 173.5 170.4 162.2 153.6 147.6 155.6 167 169.6 171.5 173.9 175.6 177.2 178.3 179 179.8 181 182.4 185.2 188.9 193.4 199.7 210.9 220.7 232.3 240.6 239.7 237.6 238.8 244.9 251.3 260.7 268 266.2 270.8 269.7 257.6 237 220.6 227 223.5 207.7 212.1 222.2 242.5 258.2 270.3 283.1 289.9 293.5 291.9 283.8 276.2 270.4 265.3 260.8 248.7 242.5 227.2 217.5 208.4 198.4 189.4 172.1
172.4 173.5 172.7 171.8 172.5 167.4 167.8 169.7 171.5 171.7 171.1 170.1 170 171 172 172.6 168.8 162 152.7 149 158.3 166.5 169.1 171.5 173.3 175 176.2 176.8 177.4 178.2 179.7 181.1 183.7 185.7 191.4 197.8 206.9 220.1 231.4 236.6 235.7 236.8 239.6 246.3 253 261.7 269.4 268.3 274.7 275.9 268.1 250.9 221 226.4 227.1 209.6 212 222.1 240 258.6 275.1 285.1 291.4 293.5 292.7 283.9 275.8 270.5 265 259.4 248.1 239.5 229.5 216.6 202.3 184 169.1 160.2
169.4 169.9 170.8 168.6 167 166.4 166.4 167.1 167.7 168.4 167.7 169.2 169.5 170 170.8 172.6 168.4 163.2 153.1 148.3 156.6 165.5 169 171.1 172.6 174.3 175.6 175.5 175.9 177 178.1 174.7 177.5 180.5 185.5 196 204.1 218.1 228.1 230.6 233.1 235.7 239.9 246.4 252.8 261.3 267.2 270.3 276.3 280.8 276 262.2 232.4 228.5 234.8 212.8 212.3 223.3 238 259.6 276 286.3 291.4 293.6 293.8 286.3 276.7 269.9 263.8 258.4 251.1 239.2 228.4 215.2 195 168.3 161.7 162.3
166.1 167.7 169.1 167.8 164.3 164.3 165.3 166 166.8 167.5 167.8 168.8 169.2 169.7 170.3 171.5 168.4 161.3 153.7 146.5 151.4 166.7 168.7 170.6 172.2 173.7 174.7 174.7 174.6 176.4 174.5 174.3 181.5 184.3 189.4 192.8 199.6 209.3 218.3 224.5 229.9 235.5 240.9 246.8 252.9 260 266.3 271.2 277.6 283.6 281.8 273.7 260.7 248.4 243.8 218.9 212.1 223.8 241.1 260.9 276.4 285.9 291.6 293.5 294 286.5 276.5 270.3 264.5 258.5 250.4 239.9 227 216.1 192.4 162.6 161.6 167.8
163.2 166.2 166.8 163.9 160.1 161.9 164.1 166.3 167.1 167.4 168.2 168.9 169.2 169.4 169.8 170.1 167.6 159.3 150.7 144.7 152.9 166.7 168.4 170.1 171.9 172.9 172.3 168.8 172.4 169.9 166.8 178.2 183.9 186.8 195.8 201 208.3 222.4 232.9 234.4 231.3 234.7 240.2 246.7 253.1 260.7 266.7 272.3 277.4 285.7 286.2 280.7 270.6 256.1 245.9 223.2 214.2 220.5 241.9 260.1 277.2 286.5 292.3 294.3 294.7 286.5 275.7 269.4 264.8 258.5 250.8 241.9 227.9 218.7 202.8 171.3 159.9 159.7
160.5 163.1 160.4 159.3 163.2 164.6 166 166.4 167.1 167.9 168.6 169.3 169.6 169.6 169.1 169.3 167.6 158.8 145.8 143.5 155.7 166.6 168.1 169.8 171.3 171.5 168.4 160.6 164.3 168.6 175.5 180.3 185.1 193.5 201 206.7 214 226.6 237.8 242.2 237.9 238.6 241.6 247 253.6 262.5 268 272.7 278.2 286.1 289.1 285.5 276.3 261.6 247.4 224.1 216.4 220.4 240.1 259.4 275.5 286.2 291.5 292.7 293.4 284.5 274 269.2 264.6 258.3 251.7 243.6 231.4 223.2 213.6 197.4 173.8 158.6
156.7 157.8 161.5 163.6 165.9 168.1 169.4 168.8 168.4 169 169 169.6 169.6 169 168.2 168.5 165.4 155.1 150.8 145.1 156.8 164.9 167.1 168.9 170.2 166 156.7 163.7 172.2 175.6 178 182.3 189 197.6 204.9 211.6 218.1 229.2 242.9 247.5 243.6 241.6 244.9 249.5 254.7 261.8 267.2 272.6 279.1 286.3 291.3 292.8 281.7 264.9 246.8 225.4 216.1 218.5 236.8 257 272.9 283.4 289 289.1 289.3 282.2 271.6 266.6 263.4 259 252 244.5 234.8 228.2 219.3 207.2 194.3 178.5
156.8 159.3 162.6 165.3 168 170.8 172.1 171.4 170.8 170.7 171.2 170.8 169.3 169 167.5 166 162.7 153.6 147.1 153.6 155.1 163.3 164.2 161.9 160.1 156.6 166.1 169.8 173.4 176.2 179.3 181.8 189.6 198.6 206.8 214.8 222.9 232.1 245.7 253.2 247.9 245.9 247.9 252.3 257 261.9 268.1 273 280.2 288 293.3 297.6 287 265.2 246 227.7 216.8 216.5 231.2 253.1 269.1 280.6 286.3 285.9 285.1 279.6 269 263.5 260.4 256.5 251.4 243.1 236.1 229.6 224.4 211.7 199.9 183.8
160 160.4 163.2 165.1 168 171.7 173.6 174.2 173.4 172.4 174.2 173.4 169.8 167.3 163.9 158.6 153.8 144.9 143.4 144.8 146.8 156.9 156 151.7 152 154.3 163.9 170.1 172.9 176.4 179.3 182.6 191 201.7 208.7 216.5 225.3 234.9 247.2 258.6 256.3 250.3 251.9 255.3 259.8 265 272.9 274.6 281 289.3 295.5 300.3 291.4 264 243.6 227.9 217.2 216.1 227.4 248.2 264.9 276.7 282.3 281.3 280 276.2 265 257.8 255.1 251.7 248 240.1 232.6 227.8 224.5 212.7 201.2 183.7
165.7 161.6 162.3 164.2 167.3 170.1 174.7 176.9 175.3 173.6 173.3 174.9 169.9 161.4 155.7 154.2 144.5 142.9 143.4 156.9 155.7 155.4 151.2 160.9 166.1 169.4 160.2 163.4 171 174.3 176.7 180.2 188.9 203.2 210.4 218.3 227.9 236.7 249.1 261.6 265.8 255.2 254.9 258.5 262.8 268.3 276.8 280.4 283.3 289.9 295.7 302.3 295.2 268.2 245.1 228.5 216.9 213.9 221 242.2 258.9 271.7 277.1 275.7 275.6 272.1 258.6 252 248.8 243.8 243.3 234 228.5 224.8 218 211.8 200 180.4
166.6 161.1 163.1 163.7 167.4 170.6 173.9 176.5 177.4 173 173.2 175 167.2 157.3 149.9 146.8 142.3 141.9 154.3 164.6 164.4 161.7 154.7 164.7 166.5 169.2 168.1 158.9 162.5 171.8 174.8 177.8 185.4 202.5 211.3 220.8 228.9 237.7 249.3 263.7 272.7 262.1 259.2 261.3 265.5 271.5 279.3 285.7 286.3 291.1 298.6 303 296.4 271.6 248.2 231.5 216.9 213.1 217.2 233.6 251.9 266.7 273.5 269.6 270.9 264.3 252.8 245.4 242.1 237.7 235.7 228.1 220.5 219.3 213.8 209.1 196.9 178.4
161.5 162.7 166.9 168.1 169.3 171.4 174.3 177.5 177.7 173.8 170 173.8 161.8 152.1 143.6 141.7 142.4 150.1 164.8 166.9 166.1 164.1 156 165.5 166.9 168.1 168.8 167.1 169.4 164.1 173.2 177.2 184 201.2 210.9 220.3 230.2 238.1 249.5 263.8 275.3 270.4 263.2 263.9 268.2 274.2 281.3 289.5 290.9 293.3 298.5 305.7 295 270.1 246 230.9 216.9 211.4 214.1 227.1 246 261.6 268.3 264.1 264.9 254.4 245.1 238.6 234.6 230.8 226.4 218.3 212.9 211.9 210.4 201.8 190.2 175.6
