public/OST50/SD92.asc
ncols 200
nrows 200
xllcorner 390000
yllcorner 420000
cellsize 50
[rows 105 to 139 of 200, columns 78 to 155 of 200]
152.5 155.7 163.6 175 178.4 188.1 181.6 178.1 185.8 187.8 194.4 200.9 204.9 195 178.7 172.6 165.3 161 159.7 160.1 164.8 162.3 156.4 155.7 153.2 151.9 158.8 152.6 144.8 139.4 129.3 121.2 121.2 127.5 135.6 142.9 139.4 129.6 121.6 120.6 116.3 115.9 116.2 118.2 130.4 152.7 180.4 186 188.6 187 183.9 182.8 185 186 188.9 193.8 198.5 201.3 205.5 211.7 218.6 225.5 232.1 237.5 243.5 249.9 256.6 262.2 269 272.9 275.4 277.6 281.6 284.2 285.9 282.9 280.2 288.7
147 151 155.6 159.4 165.8 172 178.1 172.1 178.5 178.1 176.5 175.6 183 177 167.6 159.9 155 151.4 151.5 150.7 156.9 168 149.9 143.4 141.4 143.2 138.5 132.9 132.4 122.1 120.4 120.5 120.3 120.1 120.4 123.3 120.6 116.5 117.2 118.1 120.4 122.1 119.7 123.9 145.7 174.4 181.7 187.2 189.5 188.5 187 186.4 188.1 188.5 190.9 197.2 201.5 206.3 211.1 217.7 226.4 234.8 241.6 248.7 255 262.5 271.1 278.9 283.3 286.9 289.8 293 297.5 299.4 301.2 297.2 288.6 298.3
141.6 147.1 150.8 154.5 157.8 163.5 172.4 171.1 165.2 171.7 165.3 164.6 165.8 168.3 159.1 152 146.6 145.3 144.3 146.1 155 157.8 157.3 139.3 128.3 127.2 128.3 124.8 120.4 121.7 121.4 118.3 117.5 116.6 115.9 116 117 119.6 133.6 134.5 142.5 143.7 122.7 129.3 153 176.4 182 186.3 188.4 189.1 188.9 189.7 191.5 193.1 193.3 197.9 202.5 207.7 214 222.2 231.4 242 250.8 260.1 267.6 276.3 283.8 292.3 297.6 298.9 303.1 306.9 310 315.2 318.5 312.1 301.3 311.2
139.5 144.7 146.3 151.2 153.4 155 154.2 157.6 154.2 157.3 160 158.1 151.4 154.7 149.5 143.1 138.7 135.7 137.9 138.5 143.6 148.9 141.8 130.8 126.9 123.5 122.2 120.7 123.3 137.9 132.5 127.2 123 118.8 119.4 121.8 129.3 141.9 150.8 160.4 158.3 151.5 131 130 155.5 175.3 180.2 184.3 187.2 189.1 189.5 191.4 193.3 195.6 198.1 199.7 205 210.9 218.8 225.3 235.9 248.3 259 268.9 278.3 287.3 296.7 305.6 312.2 314.9 318.5 325 331.8 334.6 334.8 329.4 321.8 323.9
135.3 140.2 144.1 144.7 149.5 148.9 147.3 148 148.6 146 142.6 148.3 149.1 146.8 142 139.4 137 134.6 133.4 133.4 133.7 137.7 131.2 128.8 126.7 118 121.3 134.5 143 163.7 151.4 140.6 135.4 133.1 136.8 139.7 156.1 167.7 179.6 185.7 179.1 163.5 140.9 131.5 155.2 171.5 178.5 183.1 186.7 188.1 190.9 192.9 194.8 197.4 200.8 204.5 207.8 212.1 222 230.6 240.8 253.4 264.8 277.3 288.5 299.1 308.6 318.6 325.1 332.5 338.2 348.1 353.3 349.3 343.9 340.6 336.2 336.2
139.6 139.8 139.8 139.2 141.1 142 138.5 138.4 139.2 139.4 140.7 141.4 142.1 139.4 137.2 135 133.4 132.1 129.8 123.3 124.6 123.6 119.2 119.5 118.4 122 130.9 152.3 173.5 176.8 175.6 161.1 154.6 149.1 150.3 157.6 174.5 194.9 203.3 201.1 188.5 165.5 148.6 136.5 150.9 166.2 175.7 181.8 185.5 188.1 191.3 194.1 196.2 199.3 203.2 207 212.6 217.5 225.2 234.4 245.5 258.9 271.5 285.2 297.2 308 320.1 330.9 340.4 347.8 359.4 364.6 359.6 354 351.2 347.9 344.9 344.8
139.5 139.4 139.1 138.8 137.1 132.8 136 132.4 130.3 129.9 131.8 133.3 133.8 131 132.8 133.1 131.6 129 123.9 121.5 121.7 121.3 121.4 122.3 124.3 126.4 148.5 161.6 181.5 183.4 186.8 183.7 181.6 174.6 176 184 198.4 209.7 209.3 205.4 197.9 186.6 163.2 142.6 161.4 174.3 178.6 182.1 185.3 188.8 191.8 195.5 198.8 201.2 204.6 209.7 215.7 221.9 229.1 239.4 250.4 263.5 277.2 290.5 303.6 315.8 330.2 344.4 355.4 369.2 372.4 368.8 364.4 358.6 356 354.5 353.4 354.9
139.3 133.5 133.7 134 124.7 125.4 128.3 127.3 125.5 124.7 125.6 128.6 129.6 124.1 123.3 128 127.3 123.4 120.8 120.1 121.6 122.7 121 121.8 130.8 137 158 165 182.1 191.1 192.9 192.2 196.1 199.1 200.8 206.8 212.7 214 213.1 208.3 200.7 191.7 179.9 151.7 167.1 175.8 181.1 184.3 188.1 189.8 193.3 196.4 199.7 203.9 208.4 210.7 218 224.6 232.5 244.3 255.7 269.8 281.7 294.4 309.1 323.8 342.3 361.3 376.9 379.6 376.7 373.7 370.4 366.3 362.3 361.4 360.9 361.5
128.8 125.7 123.5 123.3 122.9 122.2 124 123.8 123.4 122.7 122.1 123.6 124.2 122.8 122.4 121.6 119.6 121.3 121 121.8 121.1 120.9 121.5 127.6 137.7 152.9 166.9 172.5 195.1 200.8 198 197.5 200.8 204.1 209.3 213.6 215.5 216.7 215 210.1 203 195.5 184.7 165.4 157.1 175.8 182.4 185.3 188.8 191 194.8 198.4 201.2 205.7 210.4 213.8 219 225.7 234.1 246.3 258.7 273.2 285.9 300.3 313.4 330.8 357.8 380 385.1 385.4 384 380.3 376.8 373.2 369 366.5 365.6 366.7
123.7 122.6 122.8 122.7 123 122.9 123.1 120.9 123 122.9 122.4 122.5 122.6 123.1 123.1 123.2 123.4 124.1 124.1 126 124.7 121.8 125.9 132.7 146.1 162.1 169.9 193 205.9 205.3 202.7 202.4 204.9 209.2 213.3 216 217.4 217.8 215.9 211.4 205.5 198.5 193.5 182.2 166 171.5 181.5 185.8 188.9 192.2 196 199.7 203.2 206.9 211.2 215.9 221 227.1 235.8 247.6 258.6 274.9 288.4 303.9 321.3 339.3 367.6 386 392.1 394.4 392.1 388.3 384.3 380.5 375.8 372.3 370.3 370.2
123.2 122.8 122.4 122.1 122 122.1 122.3 122.9 120.5 121.4 120.8 123.2 123.6 125.6 127.9 126.9 127.5 129.6 133.7 132.6 131.3 127.1 126.5 135.1 146.1 165.6 188.4 208.5 209.3 208.4 207.9 207.6 209.9 213.8 216 217.4 218.7 219.5 217.5 213.2 207.4 201.5 199.5 193.4 175.7 171.2 181.2 187.6 190.8 193.7 197 200.4 203.8 207.8 212.3 218.5 223.5 228.8 236.3 247.7 260.7 275.5 290.7 307.6 324.2 348.1 376 391.4 399.1 397.8 395.8 393.1 389.7 387 382.9 379.7 376.7 373.4
122.9 122.5 122.5 122.7 123.1 122.4 122.2 122.3 124.3 124.1 123.5 127.5 130.6 133.8 133.5 130.3 131.5 137 145.4 143 138.9 133.4 131.5 136.8 146.5 159.8 179.9 202.5 209.7 212.8 213.1 213 215.4 216.1 217.5 218.9 220 221.2 219.1 214.7 209.8 206.6 201.4 196.6 185.2 171.9 183 187 190.6 194 197.8 201.5 204.6 209.3 214 218.9 224.7 231.8 239.1 249 261.8 277 293.3 307.5 324.8 347.2 374 391.9 400.7 399.8 398.2 395.8 393.1 390.4 387.6 384.6 381 377.1
124 123.6 124.2 123.9 123.4 122.2 122.2 122.4 125.5 129.3 130.1 131.4 139.3 146.7 143.3 137.4 136.2 145.7 151.7 152 148.9 143.7 140.3 140.6 151.2 155.9 163.8 182.5 205.9 214.8 217.2 216.2 218.1 218.8 219 220.5 221.6 222.7 221.5 217.6 212.6 207.8 203.1 198.5 190.9 173.2 184.2 187.7 192.7 196.7 199.2 202.3 205.6 210.3 215.3 220.8 226.6 232.1 241.4 251.4 264.8 279.6 296.1 310 329.1 343.2 363 390.3 399.3 401.1 399.9 397.6 395.1 392.5 389.6 387.2 384.5 381.1
133.1 130.7 131.3 130.9 129.5 125.2 124.6 124.1 129.6 136.8 135.6 140.5 149.1 154.1 154.2 152.8 146 153.6 152.2 163.3 158 151.9 146.7 141.9 148.8 155 159.2 174.8 194.2 216.1 219 218.6 220.1 221 221.4 222 222.8 223.5 222.9 219.3 214.7 209.7 204.4 197.9 192.1 174.7 184 189.2 194.5 197.9 199.7 204 206.7 210.7 215.5 220.7 226.1 232.1 242 252.3 266.4 284.8 296.8 309 332.5 336.5 366.6 387.8 398.8 401 400.3 398.6 396.3 393 390.7 388.5 385.8 383.1
150.2 150.3 148.8 146 139.6 135.7 132.7 129.7 135.8 139.2 145.5 144.1 154 160.3 157.7 157.2 169.1 169.7 164.9 166.8 164.3 157.9 149.9 145.8 145.5 155.4 162.8 172.9 192 217.2 220.4 220.8 221.7 221.4 221.5 221.5 222.6 223.7 223.8 220.9 216.1 210.1 204 198.1 192.6 183 188.4 189.1 193.8 199 202.6 205.5 209.4 214.2 218.5 222.5 229.2 237.9 249.2 268.2 277.5 288.4 299 317.9 325.6 345.8 373.1 386.1 394.7 399.6 398.7 397.6 395.5 393 390.4 388.5 386.5 384.4
161.4 164.9 165.5 165 160.2 155.4 148 141.8 140.9 143 150.8 153.6 157.7 164.3 164.7 178.2 184 188 183.5 170.9 167.7 159.6 154.6 149.2 147.8 154.9 164 172.6 194.4 219.2 222.1 222.5 222.4 222.1 221.6 221.5 221.8 222.8 223.4 221.7 217.3 211 205.7 199 192.6 188.6 191.1 193.1 195.9 195 201.1 205.9 210.7 214.9 219.8 226 233.1 244.4 253.3 265.2 277.6 290.5 306.4 317.1 337.9 353.5 372.5 385.9 394.3 398.3 397.1 396.1 394.2 391.8 389.7 388.5 386.1 384
176.5 185.3 181 175.8 186 171.9 177.9 156.2 155.7 154.5 159.5 165.8 170.5 173 174.7 187.7 190.8 192.8 196.6 189 180.1 172.2 154.9 151.5 147.2 152.4 158.7 174.8 199.8 220 221.8 223 223.1 222.8 222.2 221.5 220.6 220.4 222 221 217.2 211.2 206 197.8 192.1 193.1 195 197.4 199.2 200.7 197.7 204.1 210.5 215.6 221 226.7 235 246.2 258.6 271 282.7 293.9 310.7 334.7 342.7 364.1 378.4 390.7 396.5 397.9 395.9 394.3 392.6 390.5 388.5 386.7 383.7 381.6
192.4 196.4 199.4 196.7 200.3 194.9 189.8 183.2 171.4 168.6 191 192.2 203.8 187.2 193.1 206.8 213.5 220.2 213.5 208.1 185 178.5 164.1 149.8 148.3 150.3 159.7 165.8 187.2 219.2 221.1 223.5 223.3 222.3 221.2 219.5 217.3 217.1 218.9 220.3 217 211.5 205.2 199.2 196.5 196.1 199.1 199.3 202 205.3 201.8 203.3 211.6 216.6 224.4 230.5 239.8 253.1 264.2 276.5 287.9 300.5 318.3 334.1 357.6 370.1 384.8 396.5 397.6 396.9 395 393.2 389.9 387.4 385.9 381.9 379.4 378
198.5 201.5 204.8 208.7 207.1 203.2 199.7 197 191.8 183.9 203.7 210.9 218.9 203.3 207 226.4 225.6 222.7 219 215.2 205.9 194.6 169.5 150.7 149.4 150.3 158.3 174 201.6 219.6 221.6 222.7 222.6 220.5 218.5 215.9 214.4 213.6 215.9 218.6 218.1 214.9 209.4 201.3 202.7 203.2 203.3 204.1 205.5 208 211.1 208.1 215.5 220.9 225 234.6 242.8 255.3 267.8 280.2 294.5 310.6 330.3 337.3 358.5 376.8 391.4 398.1 396.9 395.7 394.1 392.4 388.4 385.1 380.7 376.5 374.5 372.7
201.6 206.6 211.1 213.6 212.2 208.5 203.6 204.1 202.5 198.4 205.5 215.2 220.7 224.2 227.7 228.8 227.9 225.8 222.9 219.9 216.7 211.8 186.5 160 147.6 150.3 161.7 167.5 189 211.4 217 217.1 216.3 215.8 214 211.4 210.5 210.2 212.9 216.8 220.2 219.8 213.1 205.8 207.5 209.5 208 210.1 209.7 211.8 215.2 217.6 220.2 224.8 231.7 239.5 248.5 256.5 268.9 282.5 300.8 317.2 325.4 345.5 362.9 381.8 396.6 398 396.4 394.6 392.5 390.5 387 381.7 376.5 372.2 368.2 365.6
206.4 211.5 216.2 218.3 216.3 212.1 208.5 208.4 206.9 205.6 212.9 218.4 222.2 226.2 229.9 231.5 230.5 228.8 225.2 222.7 219.1 214.5 201.4 170.9 154.2 150.7 152.8 169.4 185.8 197.8 203.1 206.9 208 207.5 207.8 206.5 206 207.2 211.3 215.2 218.5 221.4 217.8 211.1 210.1 212.7 211.3 212.6 213.4 214.9 219.4 223.1 225.1 232 237.6 245.2 251.8 261.7 273.9 286.8 301.5 318.4 333.3 348.9 367.3 386.3 397.9 397.2 395.5 393.6 390.5 388.2 383.9 379.5 373.6 367.7 363.3 359.6
210.3 216 219.1 219.9 218.6 215.3 212.3 212.1 210.8 210.9 215.2 220.4 224.2 228.7 232.2 233.8 232.9 230.4 227 224.1 220.7 216.3 208 200.4 173.1 158.8 149.9 170.9 183.7 189 193.6 198.3 200.6 201 201.2 201.9 203.3 205.9 209.2 212.8 215.6 220.3 220.4 216.9 211.9 215.8 215.8 217.2 218.5 220.4 222.8 228.5 233.4 240.8 244.9 251.8 259.5 267.5 279.6 293.3 310.8 324 343.5 352.7 373.9 388.3 396.4 396.3 394.8 392.5 390.5 387.1 382.3 377 371.4 364.5 359.4 354.8
212.3 216.7 219.2 220.8 219.6 217 217 215.5 213.7 214.4 218 222.2 227 231.9 235.1 234.5 232.1 230.2 227.6 224.7 221.8 216.5 214.1 210.8 196.2 175.8 156.9 151.5 166.6 181.5 187.2 191.9 194.4 195.9 197.6 199.6 201.8 204.6 207.5 210 213.9 218.2 221.9 220.6 215.1 217.8 220.2 221.2 223.8 225.6 228.6 234.9 240.6 246.8 253.9 259.9 265.6 275 287.3 297.4 310.5 328.7 346.5 353.9 378.6 391.4 395.3 395.1 393.5 391.5 389.4 387.3 379.8 374.5 368.9 361.8 356.1 348.2
213.1 216.1 218.9 220.8 220.6 220.2 219.3 218 216.9 216.4 220.9 225.2 230.1 235.1 237.8 235.3 232 229.4 227.1 224.7 222.7 219.4 217.2 214.5 210.8 201.5 172.6 170.4 159.4 163.8 182.3 188.2 191.5 193.4 197.3 198.8 200.6 202.1 205.3 209.8 213.2 217.1 223.1 222.9 218.9 221 226.2 227.6 230.9 234.8 237.9 242.6 250 253.6 256.9 269.4 274.8 286 295.7 309.5 321.7 336.7 350.3 360.5 384.9 395.5 395.1 394.7 393 391.4 389.6 387.1 379.9 373.6 366.7 362.5 352.9 345.2
214 217.3 219.8 221.5 221.7 221.9 221.6 221.2 220.2 219 224.1 228.5 234.3 238.8 239.9 236.3 232.3 229.8 227.1 224.6 223.1 221.5 219 216.4 212.7 209.8 202.7 190.2 178.6 157.9 178.6 183.9 187.4 186.2 193.8 197.7 199 200.1 203.7 208.1 211.8 216.8 222 223.9 222.6 225.8 229 233.6 238.6 243.1 247.1 251.1 256.8 261.3 268.4 273.8 286.2 293.6 303.1 316.2 331.1 342.5 357.9 378 389.6 394.3 394.3 393.9 392.8 391.6 389.6 387 381.1 372.6 364.9 357.5 344.2 336.5
215.3 219.2 220.4 222.2 223.2 223.4 224.1 224.2 223.5 222.4 226.8 232.8 238.1 240.2 239.3 236.6 232.7 229.2 226.5 224.4 222.5 221.9 218.5 215.2 211.7 207.2 201.8 195.7 181.4 166.6 163.4 173.8 178 181.1 178.7 191.7 196.8 198.5 201.9 205.4 210.4 215.6 220.6 223.6 226 229.3 233.5 241.4 245.2 250.5 255.8 258.5 265.1 270.8 280.2 287 294.3 305.4 318 325.8 336.9 359 373.7 386.6 391.6 391.7 392.6 392.6 391.8 390.7 389.3 385.7 379.3 372.5 363.2 354.1 343 330.8
219.1 221.1 221.9 223.3 224.5 225.3 225.6 226 226.6 226.1 229.2 235.8 240.5 240.7 238 235.4 231.8 228.5 226.2 224.2 222 218.8 215.5 212.4 208.7 203.1 197.2 193.4 188.2 193.3 187.8 189.7 186.1 186.8 186.1 187.6 193.7 197.3 201 204.7 208.9 213.2 219 221.8 226.8 230.5 237.6 248.2 252.6 256.2 262.8 267.6 274.8 281.7 291.5 298.4 311.9 318.8 329 339.4 355.9 370.9 384.2 391 390.5 389.8 389.9 390.3 390.7 389.6 388 385.6 379.2 371.4 360.3 348.5 339.6 332.7
218.9 221.3 222.9 224.4 225.9 227 228.1 227.9 229.1 228.1 231.8 237.4 240.9 240.2 237 234.1 231.3 228.7 226.1 223.9 221.6 217.9 214 211 207.6 204.1 199.9 198.9 197.8 199 196.7 195.3 193 192.3 191.2 190.8 194.7 199.5 201.3 204.4 209.1 213.1 218.1 222.5 227.4 232.7 239.7 249.3 256.9 262.7 265 277.2 284.6 295.1 303 311.8 322.4 333.4 343.4 354.6 367.8 382.5 388.2 389.6 388.4 387.8 387.5 388.1 389 388.2 385.1 380.2 375.1 366.6 354.8 342.7 333.7 329.1
219.2 221.3 223.9 225.2 226.5 228.5 230.2 230.1 231.4 231.7 233.6 239.3 242.5 240.2 237.5 234.7 232.4 229.5 226.7 224.4 220.8 218.1 214.5 213 210.4 206.9 204 202.7 203.2 202.4 201 199.9 197.8 195.3 194.7 195.3 198.8 200.5 203.3 206.2 209.7 213.8 217.7 222.6 227.7 234.8 241.7 249.3 258.3 268.1 275.8 285.2 294.5 305.7 315.2 324.3 335.7 346.5 357 368.7 381.7 388.2 388.3 386.9 386.5 386.1 386.3 386.8 386.5 381.8 376.9 371.6 365.6 356.9 346 337.3 330.1 324.6
222 223.5 226 227.1 228.1 229.6 231.8 233 234.3 235.2 236.8 240.5 243.5 240.6 238.2 236.2 233.5 230.9 226.9 224.4 222.9 223.2 222 218.7 212.6 210.6 208.7 207.4 207.1 205.2 205.2 204.2 201.6 198.8 197.9 199 199 198.9 206.3 207.5 211.5 215.6 219.5 224.4 231 236.8 244.1 253.1 263 274.5 285.3 294 304.4 314.6 324 336 347.4 358.3 373.4 384.4 387.1 386.5 385 383.1 383.3 384.6 385 383 380.1 373.6 367 361.8 355.2 347.3 338.2 331.9 326.7 323.4
221.7 224.7 228.2 230.2 231.2 232.7 234.7 236.9 237.4 238.6 240.6 242.6 244.5 242.5 239.9 236.9 233.6 233.1 230.9 228.8 230.4 229.6 226.3 224.3 219.8 214.5 212.6 211.7 210 208.3 208.3 206.2 203.4 201.1 200.9 198.9 199 199.9 207.3 209.3 213.2 218.4 221.7 228.2 235 242.9 251.2 258.8 266.7 281 294.2 303.5 313.2 320.4 329.8 341.6 355.4 371.8 381.4 384.1 382.7 382.8 380.4 378.8 379.4 380.9 382.6 383.8 373.5 364.2 357.2 351.1 345.6 340.1 332.4 327 322.8 319.4
225.5 227.8 230.3 234.2 236.7 237.9 239.9 240.7 241.5 242.6 245.3 246.3 245.4 245.2 241.4 239.8 238.5 235.4 233.6 236.1 236.5 235.3 230 228.3 225.4 219.2 216.3 214.8 213.3 212 210.5 208 206.1 205.6 203.8 201.3 198.3 208.2 212.1 210.8 212.2 216 225.4 230.6 239.6 248.2 257.6 264.6 276.7 288.4 297.5 307.6 314.8 324.1 334.8 350 365.6 370.4 374.7 375.7 380 377.6 376 374.8 375.6 377.1 378.1 375.1 365.1 356 349.2 342.3 337.4 332.3 327.4 323.5 319.2 316.5
230.5 233.1 235.4 239 241 242.2 243.6 245.4 246.7 247.2 248.7 249.6 248.3 246.1 244.5 244.2 241.4 241.3 243.6 245.1 240.4 239.1 233.3 232.4 230.4 225.6 219.1 217.9 216.7 214.9 213.4 211.2 207.9 208.5 206.7 204.1 199.3 218.6 231.2 236.4 230.6 230.2 230.9 232.2 241.9 250.5 259.7 270.6 280 290.4 298.3 310.1 318.1 330.7 347.6 358.4 363.3 366 368.7 371.7 372.7 373.2 371.6 371.8 373 374.2 373.1 364.3 355.5 348.1 342.2 336.8 330.6 326.6 323.7 320.3 315.6 313.5
233.3 236.8 239.9 242.9 245.9 247.1 248.9 250.9 253.1 253 253.6 253.6 252.7 249.4 251.3 249.4 245.5 250.4 253 250.4 247.9 245 242.9 238.3 235.4 232.6 226.3 221.5 220.2 218.3 216.1 213.5 211.1 211.7 208.6 205.6 206.5 228.5 238.4 247.5 251.1 244.4 243.2 244 240.1 244.9 258.4 268.2 279.8 288.6 299.2 308.5 320.8 336.4 350.4 358.3 360.9 362.6 364.5 367.3 368.7 368.8 368.1 369.1 370 369.7 362.2 355 346.8 340.5 336.2 331.1 326.3 321.2 318.5 315.5 310.6 306.8
238.2 241.9 245 246.9 251 254.6 255.7 258 259.9 259.9 259 259.1 255.2 257.1 258 254.6 253 258.5 261.1 258.3 257.4 252.6 249.8 246.7 240.7 237.3 233 226.2 224.2 222.9 219.4 217.7 215.9 214.3 211.2 208.4 211.5 223.9 243.7 254.6 266.7 271.5 264.5 263.8 262.7 248.9 265.3 273.5 283.8 290.5 305 315.9 322.8 341.3 352.6 355.7 358.4 360.6 362.6 364.2 365.7 365.4 365.4 365.7 366.5 360.8 355.1 348.5 340.8 335 329.4 325.1 321.2 316.6 311.2 310.2 306.9 302.5
