public/OST50/SD92.asc
ncols 200
nrows 200
xllcorner 390000
yllcorner 420000
cellsize 50
[rows 140 to 174 of 200, columns 0 to 77 of 200]
348.9 346.8 343.8 339.6 329.3 321 311.1 302 296.2 292.6 290.6 290.2 291.8 289.7 284.2 275.9 263.7 259 259 259 259 259 259 259.2 254.1 258.6 262.3 269.6 277.7 280.5 283.5 285.4 289.1 291.6 292.9 293.2 295.4 295.5 294.4 295.2 294.5 293 291.2 289.3 286.7 281 269.5 259.8 247.6 235.7 225.7 216.7 212 187.5 178.6 175.8 176.3 178.9 154.1 144.3 143.6 157.8 174.5 192.6 202.9 213.4 230.5 234.6 232.6 230.4 227.5 225.8 225.7 227.4 230.1 233 236.2 241.3
344.9 340.3 336.8 321.8 318.8 308.4 301.8 295.5 291.6 287.7 285 280.4 279.6 276.5 272.3 267.4 259 259 259 259 259 259 259 259 259.2 261 263.8 268.9 275.6 287.6 291.1 293 295.1 298.2 299.7 300.8 300.9 299.7 298.7 298.4 297.6 295.3 293.4 291.5 289.5 287.3 281.8 271.2 261 249.7 238.7 223 216 210.5 198.8 192.3 195.2 190.6 161.9 148.3 144.2 155.1 172 189.3 205.8 223.6 238.3 242.7 240.9 237.2 233 229.7 229.3 231.4 233.9 237.5 241.8 249.8
344.4 333.2 325.9 315.5 295 297.3 296.7 286.5 275.8 278.1 279.6 275.7 270.3 266.8 262.7 262.3 259 259 259 259 259 261.3 259 259 259 263.5 266.4 270.3 276.1 285.5 294.5 299 301.1 304.3 306.3 305.9 306.1 304.8 303.5 302.1 299.7 297.4 295.6 293.7 291.8 289.7 286.3 280.2 270.8 261.9 244.3 234.2 226 216.6 208.6 209.1 209.6 196.7 169.7 156.8 145.1 149.2 172.4 188.6 210.5 227.3 242.7 249.3 245.2 242.1 238.4 235.1 235.3 239.3 241.7 244.4 252.3 259.6
344.3 336.7 317.8 311.8 323.4 325.4 324.3 321.7 312.1 284.4 278.4 280.1 272 262.6 264.8 259 262.6 273.1 268.1 264.5 269.7 272.3 271.8 272.3 260.8 263.1 269 272.3 276.7 283.8 294 299.4 303.6 306.7 308.6 309.3 309.3 309 308 305 302.3 298.9 296.1 293.5 291.3 289.3 287.5 284.2 278.8 271.3 260.3 253 239 230.3 230.5 221.6 206.4 191 178.5 156.3 147.5 149.4 166.9 187.5 209 228.3 240.9 246.3 246.3 246.1 244.5 244 243.9 247.4 253.8 260.6 265.7 272.7
347.9 340.7 325.1 329.8 341.5 343.4 342.1 338.5 336.2 325.8 316.4 306.8 297.6 287.2 288.3 286.5 277.5 298 270.8 286.5 293.8 295.9 290.4 285.8 268.3 265.2 269.2 274.3 278 282.9 290.4 297.8 303.1 305.9 308.3 309.4 310.7 311.4 311.9 309.1 304.6 300.6 296.7 293.9 291.3 288.8 286.9 284.1 281.6 277.2 272.3 264.3 259.7 247.6 237.9 215.4 208.6 194.7 181.9 161.8 148.1 146.8 159 181.2 190.2 209.5 227.6 236.4 242.8 248.2 249.7 249.7 252.4 262 269.9 282.6 285.9 295.3
351.6 346.8 324.9 344.7 351.5 354.8 356.9 356 346.6 342.5 338.4 334.3 327.9 322.5 316.6 312.4 308.2 292 290.4 303.5 309.9 312.5 309.7 299.3 295.5 290.3 272.9 274.7 279.5 283.7 289.2 296.9 302.4 306.1 307.9 309.6 310.9 311.8 313.5 311.3 307.8 302.4 298 294.8 291.5 288.7 286.2 283.3 281 278.5 275.4 271.1 267.9 263 236.6 219 210.7 204.4 183.8 161 154 148.4 152.3 170.6 184.5 207.6 216.6 224.1 235.1 244.2 248.8 252.2 261 272.2 283.6 293.2 300.3 306.5
356.6 351.3 340.2 338.4 352.4 356.9 359.8 360.9 355.5 350.8 350.4 349.4 346.6 343 337.1 330 317.6 292.6 300.7 313.5 320.7 324.4 324.1 322.5 305.6 307.1 300.1 284 279.9 284.4 289.3 296.3 302 306.3 308.4 309.9 311.1 311.4 311.5 312 309.1 306.3 302.2 298.3 293.1 289.8 286 282.6 279.5 275.8 274 270.9 267.7 264.6 242.2 223.9 206.2 198.9 182.6 167.1 154.7 152.1 147.3 162.8 184.2 196.3 206.8 216.7 226.4 233.1 241.7 252.9 262.2 273.8 282.9 291.5 300 306.6
360.5 355.8 352.2 350.3 345.5 352.5 358.4 361.8 362.4 363.4 365.5 362.3 356.1 351.7 345.5 336.2 320.4 311.4 317.9 314.6 327.2 333.7 335.5 331.1 332.5 332.7 323.6 306 304.2 291.9 291.3 296.1 303.2 308.2 310.2 311.4 311.3 311.4 311.3 310.7 309.3 308 305.2 301.3 297.1 292.8 287.9 282.7 277.9 274 270.5 266.6 263.2 260.3 255.3 223.4 207.6 198.9 183.2 169.3 152.5 152.3 148.3 158.3 171 183.9 195.7 206.4 217.9 229.6 245.5 252.2 259.8 271.9 280.8 289 296.1 302.8
367.9 363.2 358.3 357.1 356.6 355.3 354.6 361.7 366.1 369.2 372.7 372.9 367.1 358.2 351.9 341.1 327.4 333.4 330.4 328.6 336.7 341.6 345.9 347.3 348.7 349.7 346.6 335.6 318.4 305.9 300.5 297.5 303 309.3 311.3 311.5 311 310.4 309.9 308.9 308.1 307.9 306.5 303.5 299.4 295.1 290.4 285.5 279.2 273.8 270 264.3 258.8 251.9 249 217.8 199.6 197.6 185.8 169 158.7 154.1 147 156.5 165 174.5 184.9 197.8 213.1 231.1 246.8 251.8 257.4 267 278.9 287.2 293.3 299.1
374.5 369.2 366.8 364.8 362.3 361.6 360.3 360.8 367.9 371.8 375.1 376.7 374.5 364.6 357.7 344 346.1 345.7 344.8 344.2 338 356 358.9 357.9 360.3 362.6 361.7 351.9 328.7 324.9 318.5 312.2 305.2 309.3 311.6 311.6 310.3 309.2 308.5 307.6 307 306.8 305.8 303.7 300.6 296.4 291.3 285.6 281 275.3 271.3 265.4 260.9 255.3 246.4 223.6 203.3 192.1 183.5 174.5 163 152.3 148.3 160.1 165.1 175.7 183.7 200.8 223.9 229.7 237.8 247.3 254.9 262.4 273.8 282.7 291.6 297.3
380.9 377.6 375.3 372.4 368.8 366.9 365.1 366.4 369.6 373.7 376.8 378.5 377.1 371.5 361.9 359.1 359.3 358.8 357.8 358.2 358.3 361 369.6 372 366.8 372.8 372.5 368.5 356.4 347.4 337.2 325.7 316.1 310.8 312.6 311.4 309.9 308.2 306.9 306.3 306.1 305.8 305.1 303.1 300.1 296.6 291.9 286.4 281.1 275.8 271.7 266.9 262.6 257.5 252.9 236.4 217.1 201 177.7 164.4 157.1 151.9 149.2 154.7 164.5 177.4 183.7 198.2 212 219.6 231.3 241.3 243.5 254.9 264.5 273.8 284.4 290.3
393.6 390.3 387.4 382.5 377.9 374.8 370.3 369.6 371.8 375.1 377.7 379.7 378.9 375.7 367.3 369.6 372.6 372.2 370.9 371.2 370.4 370.8 374.4 380.6 380.3 376.8 381.9 378.4 370.4 358.2 346.7 334.4 323.9 317.3 313.8 312.4 310.5 308.4 306.7 305.2 305.1 305.1 304.1 302.4 299.3 295.6 291.2 287.4 282.3 277.2 272.8 268.4 264.1 259.5 254.7 247.2 234.3 207.7 181.3 161.7 154.2 152.2 149.7 151.9 167.4 179.1 185.6 195.7 208.2 212.6 214.6 226.8 237 248.1 255.5 262.3 273.1 282.1
410.4 405.3 399.2 392.9 387.9 382.8 376.5 376.1 374.2 376.9 379.5 380.8 381.9 380.5 378.4 380.9 384.7 386.1 384.6 382.3 381.4 380 379.2 385.6 388.9 385.9 384.1 383.6 375.8 364.4 352.4 339.6 326.9 318.4 314.9 313.3 311 308.7 307 305.1 303 303.8 303.7 301.4 297.9 294.5 290.6 286.4 282.3 278.1 274.3 270.3 265.3 261.2 257.1 252.4 243.4 221.7 195.7 169.4 154.2 151.1 150.9 151.3 163 179.1 184.7 194.4 190.9 196.8 206.2 211.6 223.4 234.9 248.4 254.6 262.9 275.3
423.4 417.7 409.9 404 397.7 391.9 387.6 384 380.8 380.2 381.2 382.5 383.5 384.7 385.2 387.4 390.3 393.6 395.5 394.6 390.8 389.7 388.3 389.7 391.4 390.2 385.6 384.7 376.4 366.4 355.6 340.7 327.4 320.3 316.5 314 311.8 309.4 307.5 305.4 303 301 303 299.4 296.1 292.9 289.4 285.4 281.2 277.2 273.6 270.3 266.7 261.7 258 254.2 250 238.1 210.1 181.1 159.3 150.9 153.4 151.6 152.3 162.8 175.2 185.8 187 191.8 193.5 204.9 216.5 234.1 230.6 242.6 254.7 267.5
429.5 427.9 421.8 415.8 410.4 403.3 398.8 392.3 388 384.7 383.6 384.2 386.3 386.8 388.4 391.4 394.1 397.2 400 401.8 401.5 396.4 395.1 394.9 393 389.8 385.7 381.2 373.8 365.4 354.6 341.4 327.9 322 317.9 315 312.6 310.5 308.7 306.6 304.5 302 299.7 298.5 295.1 290.3 287.3 283.9 280.2 275.8 272.1 268.5 265.3 260.8 258.8 255.3 251.5 244.8 223.3 196.2 175 155.4 154.1 151.5 152.5 152.6 162.3 174.9 177.6 182.8 192.7 202.3 214.3 226.3 223.3 239.6 243.6 254.2
432.6 432.1 430.4 427.3 423.1 415 407.8 401.4 398.7 392 388.1 388.7 388.1 388.3 388.1 392.8 396.4 399.7 402.6 404.8 406.1 405.5 400.4 398.1 395.2 390.8 382.7 373.9 370.5 360.4 350.5 336.6 330.8 325.1 320.5 315.7 313.4 311.6 309.9 307.8 305.8 303.8 301.4 296.9 295.9 293.9 291.5 286.8 282.6 277.4 272.7 267.3 263.8 259.7 256.8 253.4 250.3 246.6 239.4 210.1 189.1 164.3 154.8 154.4 153.1 155 157.5 165.2 171.8 174.2 180.1 187.6 204.1 210.7 218 230.7 241 245.1
434.4 434.4 434.8 434.1 432.9 427.7 422.8 410.8 411.4 403.2 400.3 395.8 393.1 390.5 391.7 393.2 396.5 400.1 403.6 406.3 408.3 409.5 407.5 402.1 397.3 391.4 383.9 376.9 365.1 355.1 342.1 337.7 331.2 326.2 321.1 317.1 314.9 313.4 311.9 310 308 305.6 303.5 301.9 299.2 297.2 293.8 288.4 283.2 277.9 273.1 268.2 263.6 258.8 252.5 249.8 246 243.2 220.6 203.2 185.6 179.1 160 156.8 154.7 152.2 155.2 159.6 164.2 162.9 165.7 176.3 185.7 199.7 211 224 227.9 248.2
435 435.9 436.8 437.6 437.7 436.6 434 425.9 425.1 416.1 408.9 405.3 400.6 394.8 393.5 394.4 395.1 399.5 402.2 405.6 408.1 410.2 411.4 409 399.9 393.3 386.3 378.1 370.1 360.4 350.3 339.7 331.4 324.5 320.2 316.6 315.7 315.2 314.5 312.6 310.7 307.5 305.5 303.5 301.3 299 296.1 290.8 284.9 278.8 273.2 268.5 263.9 259.6 255.3 251.8 248.2 243.2 229.4 210.3 191.5 180.1 167.1 165.5 158 154.3 152.2 155.9 158.8 158.9 160 168.9 179.6 189.6 205.7 217.4 224.8 245.7
435 436.8 438.5 439.6 440.5 440.6 440.4 439.4 435.2 421.6 421.7 415.7 410.6 404.7 398.8 396.7 397 398.1 400.9 404 407.1 409.5 411.7 411.8 404.8 396.4 388.8 380.5 372.3 363.1 353.6 342.9 331.9 324.1 318.2 313.7 314.8 316 315.9 314.9 313.5 310.5 308 304.9 302.7 300.4 297.4 293.4 287.2 280.9 275.7 269.8 264.4 258.7 254.8 251.5 247.9 244 239.9 218.1 197.2 181.9 176.4 170.7 169.6 162.3 155.5 153.8 155.1 155.3 161.7 167.3 174.9 184.6 197.2 214.1 224.5 239
434.9 436.4 438 439.9 441.8 442.6 443.5 443.9 442.6 438 434.6 429.5 423.8 415.1 408.6 401.9 398.6 399.3 400.4 401.8 405.6 408.7 411 411.7 409.3 398.6 390.7 382.8 374.4 366.7 356.3 346.8 335.5 324.6 317.4 311.9 313.4 315.4 315.9 316.3 315.1 313.8 310.8 306.5 304 301.2 298.2 295.1 291.7 285.3 280.3 272.5 264.9 259.3 255.4 251.6 247.7 244.1 240.6 218.4 202.8 187 190 188.7 177.7 167.1 162.8 155.2 154.8 155.6 156.3 161.7 170 178.7 187.5 200.3 219.3 231.8
432.6 435.5 437.4 439.3 441.7 443.2 445 445.9 445.6 445.9 444.7 440.4 435 427.1 417.2 407.3 402 400.6 399.4 400.1 402.2 405.1 409 409.9 410.1 402 392 383.9 375.7 367.8 357.7 348 338 324.8 317.7 308.6 310.3 314 314.6 315.4 316.2 315.3 312.7 307.2 304.9 302.1 298.1 294.5 291.6 287.6 282.9 276 267.9 261.7 256.8 251 247 243.9 240.9 228.6 219.9 210.7 203.2 194.1 181.6 173.9 169.9 168.5 164.2 156.6 158.5 161.5 168.1 182.1 196 201.5 211.9 226.9
429.5 432.6 435.5 437.6 441.2 443.1 444.5 446.8 447.9 449.2 450.2 450.6 446.2 437.2 426.4 415.7 404.8 399.9 397.6 397.1 399.6 402.8 406.6 408.5 408.6 405.3 392.4 383.8 375 366.9 356.5 342.9 329.2 317.4 312.9 303.9 307.3 310.7 312.5 313.8 315.3 314.5 312.2 308.4 304.3 300.5 297.2 292.6 288.3 286.1 283.2 277.8 271.5 265.6 259.4 251.1 247.1 243.8 240 235.2 237.6 229.8 215.4 209.7 195.7 186.7 182.9 180.7 167 156.6 158.4 162 169.2 181 193 199.9 204.4 221.8
419.1 427.9 432.5 436.3 440 442.5 444 446.3 448.4 449.9 451.6 453.2 453.2 444.9 432.2 419.7 408.1 398.1 394.9 395 397.2 400.5 403.7 406.2 406.2 404.1 392.3 382.7 373.7 365.9 354.2 340.6 326.6 316.2 308.2 299 304 307 309.6 313 312.5 309.4 307.3 304.1 300.6 297.1 293.8 290.6 286.3 283.6 281 278.5 275.2 269 263.5 255.1 248.3 244.3 241.3 239.1 238.6 236.5 233.4 226 207.8 200.3 186 175.2 162.4 157 157.7 163.8 173.7 185.3 187.6 197.9 205.7 214
410 416.4 429.4 434.7 439.3 442.1 444.3 446.5 448.1 449.4 451 453 453.9 448.9 435.3 421.8 408.1 397.4 391.8 392.4 394.3 397.5 400.8 403.3 403.5 401 388.2 379.2 370.1 363 350.8 337.6 322.8 313.1 305 295.3 301.3 305.1 308.3 311.3 307.6 305.1 302.9 299.7 296.7 293.2 289.9 287.7 284.4 281.8 279.6 277.2 275.8 273.5 267.6 259.3 251.7 245.2 242.9 241 239.4 236.6 234 216.3 199.7 188.4 174.2 156.8 158.1 157.3 158.2 166.6 174.3 183.1 189 199.7 211.9 220.5
403.9 414 420.4 432.8 437.9 441.9 444.1 446 447.7 448.9 450.7 452.4 452.5 447.5 434.7 421.4 406.8 396.1 389.6 390.5 392.3 394.2 397.7 399.5 399.3 395.8 382.2 373.1 364.9 359.2 344.4 331.4 319.4 308.4 301 294.6 297.9 302.6 307 306.1 301.8 299.2 297.5 295.1 292.5 289.2 287.9 286.2 284 281.3 278.7 276.2 274 272.3 270.6 263.7 256.2 248.5 244.7 242 239.2 234.9 229.9 207.3 186 177.2 167.7 159.4 157.3 160.2 160.3 165.9 181.1 192 197.6 202.7 212.6 223.2
399 406.1 415.5 429 436.5 440.6 443.2 444.9 446.6 448.3 450.1 451.4 449.9 444.7 431.9 418.2 404.6 394.7 388.8 387.7 390.1 391.5 394.6 395.7 395 389.5 375.7 365.9 359.5 351 336.6 324.4 312.5 306 301 296.3 290.3 296.7 302.7 301.2 296.4 293.8 291.7 289.5 288.2 287 285.5 284.5 283.3 280.5 277.2 274.8 271.6 270.7 270.9 267.1 259 250.5 247 244.5 241.3 236.7 209.7 189.2 177 168.2 163.2 160.7 159.2 161.9 160.8 169.6 180.1 197.3 208.6 216.6 213.8 225.8
395 401.5 409.4 422.4 433.3 438.8 441.8 444 445.7 447.5 449.4 449.8 448 440.7 426.6 414.5 403.7 395.3 388.8 385.8 386.2 388.2 390.7 391.3 388.5 380.4 367.8 359 353.1 342.1 327.1 319.2 311 305.7 302 299.2 292.9 289.1 296.2 295 291 288.5 284.5 285.1 284.9 284.5 283 281.2 280.5 279.6 276.4 272.6 269.5 266.2 267.7 266.9 261.6 254.5 250.9 248.5 245 229.3 198.9 183.7 167.6 162.4 161.5 160.6 161.1 161.6 163.4 173.9 181.8 204.4 217.2 226.4 219.7 224.1
391.4 396.8 405.2 417 430.6 436.8 439.9 442.8 444.8 446.9 447.7 447.8 445.2 435.9 423.7 411.9 401.5 395.7 389.4 384.9 383 384.9 386.2 386.4 383.2 369.1 359.9 351.9 346.1 333.8 323.3 315 307.1 302.7 301.7 300.6 294.7 282.3 287 286.8 283.4 278 273.9 277.2 276 276.6 277 271 271 271.6 272.8 270.5 266.9 263.4 264.2 264.5 262.1 257.9 254 252.5 250.7 226.2 194.6 174.3 164.5 161.5 160.8 159.1 164.9 162 169.9 179.3 188.8 209 218.2 227 228.5 225.7
388.2 393.8 401.8 412.2 426.9 434.3 438.3 441 443.8 445.1 446 445.8 442 429.6 418.9 406.5 401.3 395.1 389.9 385 381 380.8 381.2 380.4 373.8 361.3 352.3 346.3 339.2 326.8 319.1 309.7 302.3 298.6 298.3 298.8 293.3 285.1 272.4 276.5 268.3 264.2 253.1 242.1 242.4 255.3 257.2 254.4 255.5 260.7 263.9 266.6 257.7 254.9 257 263.2 263.3 259.8 256.5 255.4 243.9 218.3 189.2 171.7 163.2 161.7 161.7 163.6 165.9 162.1 166.5 183.4 201.3 216.9 228 227.8 219 220.4
384.9 391.2 398.6 407.9 422.1 431.4 436.3 439.4 442.2 443.6 444.3 443.4 438.1 424.5 413.2 406.3 400.8 395.1 388.9 382.4 376.6 372.6 373.5 371.1 361.5 353.8 345.4 339.9 333 324.2 313.6 304 297.5 294.1 294.3 294.9 289.4 282.4 274.5 254.3 252.6 247 256.9 254.7 252 243 227.8 230.1 240.1 247 248.7 247.3 243.4 231.4 235.1 250.9 263.2 258.6 259 257.3 235.3 213.6 188.2 173.6 167.5 162.9 162.7 163.7 164.5 168.4 164.1 181.2 192 211 219.3 212.4 221.3 224.5
382.8 388.3 395.6 404.5 417.4 429.1 433.9 437 439.6 441.4 441.5 439 428.8 418.5 409.9 403.8 399.7 393.7 388.2 382.1 377 371.2 359.8 354.1 351.9 347.3 340.4 334.3 328.2 316.8 307.5 302.3 293.5 290.1 289.5 288.9 283.8 277.4 270.6 254 265.3 263.8 262.3 259.5 256.5 253.5 251.8 246.3 228.2 210.8 219.7 230 231.7 226.6 218.1 232.4 239.5 240.8 257 254.6 236.4 207.2 189.8 176.5 168.1 165.3 164.8 163.9 164.9 165.1 163 164 173.9 192.3 210.9 216 220.2 228.6
380.9 385.3 393 402.1 414.5 427.5 432.3 435.2 437.2 438.5 437.4 431.2 420.7 411.3 405.6 402 398.6 392.6 386.3 378.9 373.9 369.9 363.8 349.5 336.9 336.6 331.9 328 322.1 308.5 303.3 302.5 298.4 286 285 282.7 277.9 273.5 257.3 269.8 269.7 268.5 267.2 264.9 261.6 255.9 256.3 254.1 249.5 242.7 232.7 219.8 205.7 203.4 207.9 212.7 218.3 224.4 229.4 246.2 234.9 210.1 197.3 175.6 168.4 166.8 165.8 164.8 164.5 164.5 163.7 162.3 164.1 175.2 198.2 209.9 216.6 225.8
378.8 383.4 389.7 400.5 413.7 426.6 431.4 433.5 434.5 435 432.5 422.4 414.2 407 403.4 400.4 397.3 390.5 384.1 375.5 371 367.1 362.8 355.7 345 330.5 315.1 313.9 311.2 302.5 302.5 302.5 302.5 290.3 276.5 269.4 267.9 266.7 277.7 278.8 276.1 275 273.8 270.6 268.3 266.8 263.9 261.8 259.1 253.9 250.1 243.7 236 221 215.6 204.9 202.5 207.4 213.6 226.5 233.5 225 208.6 186 168.4 168.1 166.9 166 165.2 165.8 165 162.3 162.6 164.1 172.2 186.9 199.5 215.2
375.6 380.2 387.2 400.4 415.5 426.3 429.6 431.4 432.2 430.1 424.8 415.5 407.5 403.7 401.9 399.3 395.5 388.1 381 372.1 368.4 364.9 360.5 355 347.8 339.8 329.5 318.7 303 302.5 302.5 302.5 302.5 301 286.2 286.3 286.6 285.6 285.4 286.2 283.5 282.4 279.2 275.4 273.4 274.8 271 272.9 272.3 268.5 265.7 259.5 246.6 233.3 217 216 201.4 200.8 210.9 205.5 211.7 208.3 205.6 199.2 179.6 169.6 168.1 166.6 165.8 165.2 165.3 164.1 159.9 162.8 163.9 167.9 179.9 195.5
373 378.9 386.4 400.4 416.1 425 427.5 429.4 429.1 426.8 418 410.5 403.8 401.2 399.5 398.3 394.1 386.4 377.8 368.5 365.7 361.5 357.4 352.2 344.3 338.3 327.9 318.2 305.1 302.5 302.5 302.5 302.5 302.5 293.6 291.7 292.1 293.1 293.1 293.8 292.9 289 286.3 281.2 279.6 281.5 283.6 284.2 283.4 282.1 280.3 278.3 259.1 236.6 227.7 219.6 207.6 196.7 194.7 195.1 188.2 185.2 183.5 180.2 174.4 172.3 172.7 168.9 166.7 165.1 165.2 166.2 164.1 161.4 164.4 164.3 170.4 180.5
