public/OST50/SD94.asc
ncols 200
nrows 200
xllcorner 390000
yllcorner 440000
cellsize 50
[rows 105 to 139 of 200, columns 78 to 155 of 200]
298.8 294.4 293.9 295.4 294.4 295.2 284 284.4 292.5 302.1 316.8 329.7 338.6 346.5 351.7 355.7 355.9 354 348.2 339.9 331.9 323.9 316 306.7 300.7 295.4 291.9 277.5 285.4 283.3 283.2 284.3 289.1 297.8 321.5 325.7 315.8 308.7 299.7 293.9 289.7 286.3 284 281.4 278 275.6 274.1 271.4 267.3 261.7 256.1 250.7 246.3 241.7 238.1 235.8 232.5 229.7 226.5 222.9 219.1 215.3 211.4 206.9 202.6 197.8 193.5 189.4 184.1 179 174.1 170 166.3 162.6 158.5 153.7 144.9 142.2
303.1 302 301.6 302 299.6 294.9 287.7 294.9 303.9 317.2 330.6 339.8 347.3 353.2 356.9 358.7 357.4 353.9 347.2 339.9 332.1 324.4 315.5 308.1 302 295.7 291.5 282.1 291.1 291.5 291.5 293.4 301 316.5 330.6 324.6 315.8 311.9 307.7 302 298.4 296.2 293.4 289.6 287.7 284.7 281.4 277.2 272.7 267 261.1 255 249.8 246.5 242.9 240.1 236.2 232.6 228.7 225.2 221.5 217.7 213.9 209.7 205.6 201 197.4 193.6 187.9 182.9 177.5 172 169.6 166.4 162.3 160 156.2 153.1
309 308.3 308.6 305 301.4 293 297.4 305.3 317.2 331.2 340.3 347.8 353.6 356.5 360 360.2 357.9 352.8 347 339.8 332.4 323.9 317.5 308.3 302.6 300.9 297.4 294.6 296 298.9 302.7 311.4 324.8 337.2 329.6 323.3 318.8 315.5 313 310.3 307.5 304.3 301.6 298.4 295.3 290.5 286.2 281.6 277 271.8 265.7 260.1 255.7 253.2 249.2 245.8 241.6 236.5 232.3 228.3 223.9 220.2 216.3 212.6 208.7 204.8 201.2 197.5 191.8 186.1 179.5 175.8 175.1 171.5 167.2 164.8 162.8 160.7
316.6 315.7 316.5 302.5 306.1 301.1 309.3 316.8 329.3 339.6 346.4 353 357.1 360.5 361.6 360.3 356.9 352.3 346.7 339.3 331.8 324.9 318 311 307.3 305.4 298.5 302 304.4 312 323.9 340.3 342.5 335.1 329.9 325.3 321.7 320.4 319.2 317 314.5 311.7 308.2 304.7 299.9 294.1 288.7 283.9 279.7 274.9 269.5 266.1 263.3 260.6 256.7 252.4 247.3 242.8 238.2 232.7 228.2 224.9 220.9 217.2 213.5 209.3 204.5 199.9 194.8 189.2 182.7 177.8 175.1 173.2 170.4 167.3 164.2 161.1
322.4 321.5 300.3 311 303.8 309.2 317.1 326.4 336.6 343.9 350.8 356.3 359.8 361.7 361.3 359.3 355.5 351.4 345.4 339 333.6 326.4 319.3 312.7 309.7 307.6 307.6 310.7 319.7 334.7 345.4 345.1 338.9 333.7 330 326.8 325.7 325 324.5 322.3 320 317 313.3 309.2 303.7 296.8 291.1 285.9 280.9 278 273.6 269.9 269 267.2 263.9 257.6 252.2 247.1 242.2 237 233 229.3 226.4 222.8 219 213.7 207.7 202.1 197 191.2 184.9 178.1 175.1 172.7 170.2 167.2 164.9 162.2
326.5 311.6 314.3 314.1 310.9 315.7 324.9 332.4 339.6 347.2 353.3 357.6 359.9 360.4 359.1 357.4 353.9 350 345.5 339.7 334.2 327.7 320 316.2 313.7 313.5 317.1 324.7 339.6 347.1 345.5 340.8 332.9 329.9 328.7 327.8 327.4 327.3 327.2 326 322.8 318.9 316.2 310.8 304.4 297.3 291.8 287.1 284.4 282.8 276.9 273.2 270 266.8 263.5 259.9 254 247.8 243.1 238.4 235.3 232 229.6 227.4 224.2 218.6 211.6 204.4 198.4 192.3 186 180.1 175.4 171.7 169.3 167.1 165.2 162.6
329.8 327 325.5 321.4 319.7 321.7 329.4 335 341.3 348.1 354 356.5 357.9 357.3 356.6 355.1 352.3 348.3 344.2 338.3 334.6 328.5 324.9 323.1 322.2 323.2 327.4 339 342.1 342.6 340.7 333.8 328.5 325.8 325.5 323.3 321.9 324.9 325.7 324.3 322.3 319.1 315.7 311.6 305.8 299 292.8 288.8 286.5 284.2 277.9 271.5 267.6 264.3 260.4 258.2 253.8 248.8 243.8 239 234.2 231.9 228.8 227.1 222.8 219.5 213 205.6 198.6 192.3 186.5 181.1 176.1 171.9 169.1 167.1 165.2 162.9
332.8 331.5 330.5 329.7 328.5 327.9 332.7 337.1 341.7 346 351.2 353.3 354.1 354.2 353.8 352.8 350.3 345.2 339.2 336 333.9 332.7 331.3 331.4 331.7 331.9 335.8 336.6 335.9 336.1 333.5 326.7 324.3 321.7 320.5 319.4 318.6 321.4 321.2 320 317.9 315 312.2 309.2 303.1 297 292 288.5 285.1 280.8 275.7 269.3 263.4 261.6 258.8 255.9 251.8 246.7 242 236.7 232.8 228.8 226.2 224.3 222 217.6 212 205.6 198.9 193.1 186.1 180.4 174.8 172.2 169.2 166.7 165 163
334.2 333 332.5 331.8 331 331.5 334.6 337.3 339.9 342.8 345.7 348.6 349.7 350.1 350.5 350.1 346.7 339.2 335.5 334.6 336.3 337.9 338.7 338.6 338.7 336.2 332.9 330.2 329.6 329.9 326.5 322.9 320.2 317.3 315 313.3 312.5 315.2 315.6 314.2 312.1 308.4 306.5 303.7 299 293 288.9 285.1 281.5 276.9 272 266.7 261.6 258.1 255.7 253.5 248.9 243.9 239.3 234.3 229.8 225.9 222.2 220.3 218.2 214.3 209.5 204.4 198.6 193 188.9 180.5 174.7 171.9 168.3 165.6 163.7 160.9
333.7 332.7 331.6 330.9 329.8 331.2 334.3 335.8 336.5 338.2 340.3 342.2 344.5 345.9 347.2 345.1 338.5 334.3 332.2 332.2 334.9 338 339.9 340 337.6 335.2 329 326.2 326.7 325.6 323.5 321 317.6 314.2 310.9 308.3 305.2 308.9 309.3 308.4 305.3 303.6 299.2 296 292.4 288.1 284.9 281.2 276.9 271.8 267.5 263.4 259.1 256.1 253.4 250.8 245.9 241.3 236.8 232 227.3 221.9 218.1 215.9 214.1 210.7 206 201.3 197 192.4 186.3 175.5 174.2 170.9 166.7 163.7 156.1 149.7
331.5 330.1 328.9 327.8 326.8 329.2 331.8 331.7 331.7 333.3 335.2 337 338.8 342.5 341.8 337.3 331.2 327.5 326.1 329 332.2 336.1 338 337.3 333.3 331.2 325.4 323.1 324.5 323.9 321 318.6 316 311.6 308.2 304.8 302.3 301.3 302.2 304.5 303.4 298.3 292.6 287.8 285.8 282 279.5 276.7 273.8 268.6 263.9 259.5 257.5 255.5 251.8 248.8 245 239.7 234.8 230.2 225.7 220.2 215.4 210.6 209.7 206.4 202.5 197.8 194.1 189.4 183.5 178.1 173.3 169.9 161.2 155.6 150.7 145.7
327.4 325.5 324.5 323.2 322.3 325 327.3 326.7 328.1 328.4 330.3 331.5 334.9 337.2 335.3 329.8 324.6 321.6 321.3 324.8 329 333.1 334.9 333.5 330.8 326 322.5 321.7 322.2 321 317.1 314.5 310.7 305.6 303.4 303.1 297.4 294 297.3 299.9 298 291.8 286 280.9 278.3 275 273.5 270.5 266.6 263.1 260.2 256 256.4 255.2 251.9 248.6 244.5 239.5 235.2 230.6 226.1 220.7 215.8 210.6 205.1 198.1 197.7 194.1 190 184.6 181.9 177 172.5 165.7 153.3 151.2 147 144.6
322.4 320.3 319.6 318.7 320.1 321.3 320.5 321.5 323.2 323.1 324.8 326.6 330.5 331.6 327.9 323 319.5 317 316.7 320.6 325.2 329 331 329.9 326.8 323.7 321.4 320.5 319.5 317.2 314.5 309.2 302.5 299.3 295.9 295.1 291.4 288.6 291.1 292.7 292.6 287.3 280.9 275.8 270.2 268.9 266.9 263.7 260.4 256.9 254.6 253.1 254.4 253.9 251.9 248.3 243.8 240.6 236.8 231.9 227.4 222.5 216.4 211.4 206.3 200.9 193.1 183.4 185.4 182.1 178.9 174.2 171 164.6 152.8 148 158.6 161
317.3 315.6 314.9 314.7 316.1 316.1 315.5 316.8 318 319.3 320.6 322.9 325.6 323.8 320.5 314.5 314.3 312.2 311.6 318.1 321.8 324.8 327.3 326.2 323.4 320.9 319.1 317.6 316.5 313.5 309.4 304 298.4 292.9 291.2 289.5 288 285.6 287.5 288.1 287.4 283.9 278.1 270.4 264.6 261 259.5 258 255.4 251 249.2 250.5 250 249.4 247.3 243.3 239.5 237.4 234.7 231.5 227.1 221 216.1 210.4 204.2 199 193.9 187.1 181.6 174.6 173.2 167.6 164.1 162.7 153.2 149.9 162.4 161.4
313.1 311.1 310.7 310.9 311.1 310.5 310.9 312.7 314.5 316 317.2 320.2 319.2 317.3 313.5 307.3 307.3 306.2 308.5 314.2 318.1 320.9 322.5 321.6 319.9 316.4 315.3 315.1 312.7 308.2 302.2 297.2 290.9 287.3 285.6 284.5 282.4 283.3 282.6 282.7 281 277.4 272.5 266.1 259.8 254.8 252.4 252.7 251.7 249 244.6 243.8 244.5 243.1 240.8 236.2 234.7 230.6 229.3 227.7 223.7 218.8 213.5 207.5 201.2 197.3 193 187.1 183 179.2 175.9 173.7 170.7 161.9 153.4 149.4 164.8 163.3
308.1 307.2 306.5 306.3 305.3 305.7 306.8 308.5 310.7 312.3 313.8 315.9 314.6 311.2 303.5 303.5 302.8 302.5 306.5 310.9 313.3 316.3 316.2 316.4 314.3 311.5 310.1 309.3 306.8 299.2 292.3 289.9 287.4 283.6 281.1 279.4 277.6 278.2 276.4 275.6 273 268 261.7 257.1 254.3 250.6 245.9 246.7 248.5 247 241.4 234.4 237.1 235.6 230.7 227.2 227.4 225.8 223 221.4 218.2 213.8 209.7 204.7 199.2 195.5 191.8 188.6 183.8 179.3 175.8 173.1 166.1 155.5 152 157.7 169.3 166.6
304 302.4 301.1 300.4 300.2 300.8 303.1 305 306.8 308.1 309.9 310.2 307.2 302.9 298.9 299.6 300.2 300.7 303.7 305.2 308.2 310.9 311.5 310.6 308.8 307.2 304.6 303.6 300.3 294.1 287.6 283.9 282.5 280.7 276.6 276.2 274.3 270.8 271.3 267.6 263.5 256.7 251.2 247.1 248.7 246.3 240.1 239.6 240.8 239.3 237.7 236.7 230.1 227.9 224.3 221.5 221.1 219.5 216.4 214.8 212.8 208.8 204.8 200.5 195.8 192.2 189.4 186.3 183.2 178.5 174.4 170.8 167.5 152.6 155.6 167.3 172.4 169
299 297.2 296.3 295.7 295.8 295.8 302.2 302.9 303.9 305 305 303.5 299.9 297.7 296.3 295.3 296.2 297.1 298.1 297.8 302.8 304.3 305.2 305.7 304.8 303.5 300 297.4 292.5 285.7 282.3 278.6 278.4 276.2 273.4 272.2 270.4 268.1 262.5 260.6 255.5 248.4 243 239.2 240 243.5 240.3 236.5 229.4 231.2 229.6 230.4 228.7 223.8 215.7 215.1 213.9 212.6 209.6 208.5 207 203 198.9 195.6 192.1 188.7 185.4 181.5 174.5 171.5 164.5 158.8 158 154 158.5 172 173.3 171.6
295.3 292.7 289.5 288.9 289.6 297.2 300.7 301.2 302 300.4 298.6 296.5 295 294.6 294.1 293.1 292.3 292.8 294.7 296.3 297.2 297.7 298.8 299.8 300.7 299.4 296.2 290 284.6 276.9 275.2 275 276.3 273 270.6 266 264.7 260.9 255.1 248.3 244.1 239 236.2 235.9 232.1 233.6 237.9 235.8 232.9 226.8 216.6 222.4 222.6 218.8 213.7 209.5 208.1 205.4 204.7 203.4 200.4 196.9 193.1 190.3 188.7 183.3 176.9 168.1 164.4 160.6 163.6 167.4 158.1 156 164.1 174 174.2 172.9
293.3 293.3 292.9 290.1 286.6 291.6 293.2 297.4 298.7 296.5 292 290.7 290.3 290 291.5 291.4 291.1 287.7 290.1 291.3 292.1 292 293.3 296.4 298.3 294 290.3 281.5 273.6 270.1 269.3 266.9 270.8 268.7 266.5 261.7 255.3 250.9 243.9 237.6 233.2 231.9 229.9 228.6 230.2 226.7 230.2 231.3 229.7 225.5 220 212.8 213.6 211 209.3 202.9 203.3 200.8 198.3 195.5 191.2 187.8 182 181.2 177.3 169.7 167.4 167.7 172.8 177.2 176 168 159.8 164.8 164.3 174.8 175.1 174.5
298.4 299.1 300.3 300.7 295.3 285.8 283.6 291.7 293.4 290.6 287.2 286 285.5 285.3 286.3 287.6 287.7 284.6 285.9 286.8 286.5 287.2 290 294.9 294.1 289.1 283.5 272.7 266.2 263.8 263 263 268.4 261.3 258.8 256 249.8 240 234.4 226.7 226.1 221 223.8 222.7 222.6 222.9 220.7 216.9 213.4 212.8 207.9 203.8 201.8 199.7 197.3 195.3 195.9 195.8 192.8 188.2 184.6 182.1 175.3 173.5 170.7 171 170.6 178.3 178.2 176.1 174.1 165 159.3 176.5 167.8 174.9 174.9 175.4
303.6 304.4 304 306.1 302.4 297.6 291.9 280.4 285 283.8 282.9 281.5 280.7 280.8 280.3 282.7 282.1 281.2 283.1 283.6 283.9 284.9 287.2 289.7 288.8 281.9 273 264 260.3 257.1 256 256.6 257 254.7 250.6 244.3 236.4 229.2 219.9 215.2 215.7 211 212.7 215.8 208.4 214.6 216.7 212.6 202.4 203.8 200.6 197.4 198.5 194.1 189.3 188.3 188.5 187 182.2 181.9 176.7 176.7 178.1 181 180.7 183.7 181.9 181.8 179.7 177.4 175.4 165.3 159.6 175.2 171.9 176.4 176.9 176.8
309.4 309 307.8 305.5 302.5 298.5 294.7 288.2 276.6 274.7 276.6 277.1 277.1 276.5 275.7 279 277.8 280.6 282.6 281.4 282.7 283.9 284.8 285.7 282.1 274.2 265 258.3 254.7 251.1 250.1 251.6 250.9 247.8 241.8 234.4 220.1 226.1 235.1 236.2 226.7 229.8 220.5 216.6 214.3 209.6 207.1 204.1 208.9 202.3 194.1 193.9 191.6 196.2 198.7 194 186.2 182.6 184.8 184.3 190.7 186.6 186.7 190.2 189.6 187.3 185.9 184.5 179.8 178.4 167.3 162.9 165.8 176.2 174.7 178.1 178.6 178.8
311.5 309 306.3 304.4 301.7 298.1 294.5 290.7 286.1 281.4 270.4 268.3 270.6 271.6 273.2 276.4 273.8 277 278.9 280 280 283 283.6 278.8 272.5 264.9 259.4 253.8 249.9 247.3 244.6 245.6 244.9 239.3 230.8 223 242.2 245 245.4 244.3 239.9 239.3 237 234.4 228.9 225.7 222 215.5 215.9 212.6 216.3 211.1 208.4 204.2 202.9 198.9 197.2 194.1 196.9 192.7 192.7 195 195.4 193.3 192.6 192.1 190.6 188.5 185.8 177.7 164.9 168.3 170.1 177.7 179 180.2 180.7 181.4
311 308 305.4 302.4 299.8 296.8 293.2 289.5 285.5 282.4 278.6 275.6 272.6 264.5 272.5 273.2 271.8 270.8 272.6 275 279.2 281.4 277.1 269.1 262.9 257.6 253 248.7 245.7 242.6 237.1 237 230.9 226 240.9 246.3 247 247.3 246.8 245.5 243.7 239.5 237.7 234.7 230.8 227.2 225.9 225.3 224 221 218.4 213.5 208.4 206.5 204.6 204 202.2 196.3 195.1 198.2 200.6 199.7 198.9 197.2 193.2 190.9 189.3 187.4 179.4 172.4 168.9 173 175.7 179.6 183.3 183.5 183.1 183.4
310.1 306.8 304.7 301.4 297.6 294.1 291.4 288.2 284.3 281.5 278.6 275.7 273.8 267.7 265.4 269.6 268.8 267 268.6 271 275 275.4 270.4 260.6 256.3 252.5 248.6 244.3 240.5 238.1 236.5 228.4 239.7 241.7 244.5 246.2 246.8 247.6 247 246.1 245.9 243.3 240.9 235.6 233.1 231.2 230.1 226.1 223.1 220.5 216.9 212.4 207.9 206.9 205.6 204.2 200.2 200.6 201.9 203 202.7 201.2 199.4 197.2 193.3 190.6 181.8 170.5 169 175.2 175.5 177.9 178.5 183 186.8 188.2 186.4 186.3
309.2 306.5 303.8 299.8 296.3 291.9 289.1 286.1 283.1 279.7 276.6 274.3 271.9 269.5 259.6 266.8 265.6 263.8 267.1 268.7 268 267.9 259.3 254 250.5 248.7 244.4 240.1 238.4 232.3 236.3 240 241.4 242.2 243.7 245.3 246.2 246.9 246.5 245.9 246.5 246.2 243.2 241.7 238 234.6 231.6 226.6 222.6 219.9 215.5 210.6 208.8 207.6 205.7 203.9 200.6 203.6 205.2 205.1 204.1 202.6 199.8 196.4 193 186.2 171.3 174.4 178.4 184 184.4 185.6 182.2 186.9 189.2 189.6 188.8 189.3
308.1 304.5 302.7 297.2 293.9 290.7 286.8 283.9 280.9 278.1 275.7 272.8 269.8 267 261.5 262.6 262.8 259.5 265.3 265.1 262.4 259.8 254.9 250.4 247.7 244 241.5 240.6 241.2 234.1 243 244.7 245.8 246 245.5 245.7 246.3 246.6 245.5 244.4 244 243 243.8 245.6 240.5 242.2 233.7 228.2 223.4 219.4 215 211 209.8 207.9 205.8 204.7 205.2 203.1 204.5 206.1 204.8 203.3 200.8 196.2 188.5 179.1 176.8 186 188.8 188.7 187.2 186.3 187.9 189.4 191.2 191.7 191.3 193.1
306.9 303.5 298.2 294.9 291.6 288.6 286 283.6 280.8 277.5 270.5 269.4 264.7 258 258.8 257.9 258.4 261.2 261.5 259.4 255.7 254.4 250.3 247.8 245.8 241.8 243.9 238.4 237.5 240.5 245.4 246.7 247.9 248.4 247.7 247 247 245.5 243.5 242.1 240.1 237.7 240 242.7 249.2 253.6 244.4 238.8 235.7 229.7 220.1 214.9 210.7 208.6 206.4 205.1 204.3 203 204.1 206.9 208.1 205.7 204.8 199.7 182.1 177.2 180.4 195.8 192.6 189.2 186.2 189 190.8 192.7 193.5 193.8 194.8 198.1
303.8 299 296.1 293.3 290.1 286.6 284.3 283.1 279.7 276.1 271.6 261.5 265.5 266.1 260.1 255.5 252.6 256.4 256.4 253 250.5 248.2 246.6 245.2 244.2 246.5 245.3 237.5 242.8 243.3 246.6 247.9 248.5 246.1 246 245.4 244 241.9 240 237.6 234.3 233.6 235.4 236.2 239.5 243 244 241.2 236.7 231.5 226.5 220.6 214.1 210.4 209.5 207.3 205.7 204.7 204.7 207.5 208.7 206.4 207.2 191.2 179.2 183.3 187.8 190.7 195.1 190.1 189.4 193.1 194.8 194.8 195.7 197.1 199.4 202.6
300.8 297.8 295.1 292 288.4 286.2 284.3 281.9 272.2 265.3 269.7 270.1 269.6 264.7 265 261.8 258.7 249.2 252.6 250.4 249.7 248.2 247 246.2 245.8 247.6 245.3 240.9 244 244.7 246.7 248 246.9 246.2 245.2 243.8 240.8 238.6 236.4 233.4 229.4 230.6 230.1 230.6 232.7 236.3 239.4 238.6 235 232 225.9 220.1 214.6 214.3 213 210.5 208.8 207.9 204.8 204.6 206.4 203.2 191.4 180.2 183.5 196.5 194 196.7 196.7 191.7 193.6 195.8 197.9 198.5 200.4 201 205.6 208.5
299.6 297.2 294.4 290.8 287.8 285.4 282.3 273.9 270.4 276.3 274.4 272.9 270.7 269.9 269.5 268.3 267.6 266.8 263.9 258.9 249.8 245.7 244.8 245.3 244.2 242.1 239.3 241 241.6 243.6 245.9 247.5 247.2 247.8 247.4 241.9 237.3 233.5 231.9 230.6 228.1 226.7 225.5 226 228 231.8 236.9 236.9 231.7 228.7 224.2 220.9 218.4 216 215.2 213.4 211 206.6 203.8 202.8 204.2 189.8 186.7 197.6 203.5 202 201.4 202.6 199.2 196.6 197.5 200 201 205.5 208.5 207.5 209.6 213.3
298.3 296 292.8 289.8 286.2 283.9 277.5 274.6 279.4 280.5 279.4 276.3 273.4 274.1 273.8 272.9 273.2 272.7 268.9 264.1 260.3 255.3 250.1 245.5 242.2 242.5 241.8 241.7 241.6 241.9 243.6 244.5 244.9 248.5 242.9 238.9 234.4 230.7 227.7 226.9 227.1 223.5 221.6 221.9 224.4 228.6 232.2 233.1 231.4 229.4 225.6 223.2 220.3 216.2 216.1 213.1 209.2 205.9 205 202.7 202.8 183.3 200.1 210.8 209.3 205.9 204.1 203.6 200.4 202.2 203 202.2 207.4 212.2 216 215.9 216.3 219.8
298.2 295.7 292.1 290.4 285.8 282.3 275.4 279.2 282.2 281.6 281.1 278.5 277.7 276.7 277.4 277.6 277.3 275.4 272.2 268.4 265.5 262.8 258.1 255.6 252.3 250.6 246.5 243.6 242.2 243.5 242.3 242.7 245.7 245.9 241.5 237.3 231.7 229.8 228.1 226.1 225.3 221.4 217.6 216.3 216.7 220.6 224.2 228.2 231 229.2 226.6 224.3 222 218.4 215.6 212.2 206.8 204.1 203.1 189.9 187.9 195.9 209.3 216.5 213.6 209.3 207.6 205.9 202.1 205.3 207.4 207.9 212.1 217.3 222.3 224.1 226.5 229.5
297.8 294.8 291.9 288.7 282.4 283.4 281.3 281.6 283.7 283 282.2 281.7 280.6 279 279.5 279.6 279.6 278.7 276.8 273.9 270.9 267.5 266.1 265.5 264 261.8 257.9 255.2 248 245.1 246 249.2 249.4 248.7 246 233.7 231.4 230.9 223.5 221.6 220.1 216.2 218.8 215.5 213.4 208.1 212.6 219.4 224.8 224.7 222.7 222.4 221.5 219.1 215.1 209.9 205.8 200.5 195.2 192.1 200.1 207.5 212.6 219.1 215.5 213.9 211.2 207.9 204.9 207.2 211.3 212.1 214.2 220.3 225.7 227.7 230.5 234.5
