public/OST50/SD94.asc
ncols 200
nrows 200
xllcorner 390000
yllcorner 440000
cellsize 50
[rows 70 to 104 of 200, columns 78 to 155 of 200]
332.9 328 323.3 319.1 317.8 319.3 317.7 317.3 313.3 310.9 300.5 276.7 282.5 288.3 288.7 288.1 288 285.6 283.2 285.6 287.1 287.2 285.4 284.9 282.4 276.5 264.6 261 262.4 262.4 261.3 263.4 266.7 269.7 272.4 273.9 271.6 267 259.8 252.5 245.4 239.6 224.1 238.7 242.6 247 252.9 260.3 267.5 279 292.9 294.2 290.6 286.6 284.7 282.2 278.9 279 277 274.3 271.8 269.3 267.1 263.4 259.7 253.9 248.1 242.7 238.3 234 229.3 224 220.1 215.2 206.1 202.4 200 192.8
335.1 331.8 328.7 326.8 325.2 323 323.7 324 324.8 313.7 302.7 281.5 269 276.9 279.2 280.7 278.9 275.4 273.4 273.6 274 273.4 273.1 272.3 271 267.5 263.9 257 258.2 258 257.9 258.3 261.2 264.1 267.7 269.2 268.2 264.9 259.2 253.5 247 240.7 226.5 231.6 240.5 246.2 252.3 259.6 268.4 281.9 289.7 287.1 282.6 277.7 276.4 276.7 278 278.5 278.8 277.2 275 272.5 269.4 266.2 262.6 257.8 251.6 246 240.8 235.8 230.8 224.3 219.7 216.2 212.6 209.1 204.7 201
338.5 335.4 333.4 331.6 327.2 323.2 322 320.8 318.2 313.1 301.2 286.7 272.1 260.2 269.9 272.4 270.6 267.3 264 262.7 261.3 260.4 258.8 258.5 259 257.7 256 255.5 252.8 254.8 255.1 255.5 257.3 259.4 261.5 261.8 260.8 258.3 254.2 249.7 246 241.5 228.4 219.5 237.9 244.9 251.3 259.1 270.8 281.9 281.5 277.9 272.8 270.2 269.1 270.8 273.6 276 278.1 278.4 276.9 274.7 271.7 268.5 265.2 260.3 255.1 249.7 243.4 237.8 232.3 225.5 220.1 216.1 212.8 209.6 205.8 201.4
339.7 336.9 334 330.4 325.4 318.2 312.8 308.8 304.6 300.7 293.5 283 272.8 264.1 252.4 261.1 259.3 256.8 256.3 255 252.6 250.4 249.6 248.3 247.3 246.5 247.2 247.9 246.6 249.8 250.4 251.4 253.2 255.1 255.2 254.1 251 247.7 244.7 241.5 239.4 238.5 231.8 212.1 234.6 242.7 249.7 258.2 269.9 275.6 273.9 268.5 264.3 261.9 263.1 265.1 269.6 273.7 276 277.3 277 275 272.5 269.5 266.7 262.2 257.1 253.1 245.9 239.7 233.5 226.9 221 217.1 213.5 210.1 206.9 202.9
338.7 332.8 327.9 322.5 316.7 309.2 304 298.5 293 288.4 283 273.9 270.1 261.9 258 247.9 246.3 251 250 247.7 245.7 243.5 241.9 241.1 239.7 238.4 238.8 239.8 236 244.1 245.7 247.5 249.3 250.6 248.6 245.4 241.2 237 233.8 232.4 231.6 230.8 228.4 208.5 229.7 239.9 247 256.4 263.8 264.8 262.9 259.6 257.5 256.3 258 260.7 265.5 271.3 274.4 275.5 274.8 272.7 270.8 269.9 265.8 262.5 259 254 244.9 238.6 232.2 226.3 221.4 218.1 214.5 211 207.7 204.2
333.3 325.4 318.9 313.2 307.7 301.8 295.8 291.2 286.2 280.7 276 270.5 263.8 258 254.9 252 245.3 239.6 243 241.7 239.7 238.2 236.7 233.2 232.5 231.3 232.6 231.9 231.5 237.3 237.1 242.3 245 244.8 241.2 235.7 231.7 227.8 225.7 225.5 224.7 223 223.1 205.9 223.1 234.6 243.2 252 253.8 251.9 250.7 250.1 250.9 253 255.3 259 264.1 269.9 273.3 273.5 271.9 269 267.7 267.7 262.7 261.4 258.1 251.5 246.5 237.1 231.5 226.6 222.3 218.9 215.5 212.3 209 205.6
324.5 317.5 310.8 306 301.6 295.7 289.9 283.9 278.5 274 269.4 263.6 258.6 253.2 250.5 247.1 243.3 237.5 227.7 233.8 234.3 232.3 229.9 227.6 226.1 225.6 226 224.2 227.7 230 232.1 235.9 238.5 237.4 233.4 226.5 219.1 217.2 215.8 217.5 214.5 215.9 216.5 203.9 220.8 230 238.8 242.5 243.1 243.5 243.1 243 244.8 248.6 252.8 257.6 263.2 269.1 272 271 268.6 263.8 263.9 263.5 260.6 259.1 255.2 246.6 242.8 234.7 231.4 227.5 223.3 219.9 216.5 213.5 210.1 207.9
314.8 308.5 303.9 298.1 294.8 290.1 284.9 278.8 272.8 268.7 262.3 257 251.9 248.1 244.7 241.2 236.5 232.5 228 220.1 226.8 224 224.4 221.9 220.3 220.4 218.9 215.1 222 222.7 225.9 229 230.8 229.6 223.8 216.1 212.2 209.8 208.9 208.8 207.2 209.1 209.5 201.7 219.2 226.1 231.7 234.7 235.4 235.8 235.6 235.3 238.5 243.5 249.6 255.6 262.3 268.7 269.4 267.1 263.8 258.7 256.8 256.8 255.4 254 247.3 245.3 238.5 232.9 229.4 226.7 224.3 221.2 217.5 214.3 211.9 211.8
307.8 302.9 298.3 292.2 288.1 283.9 279.8 274.4 268 262.3 256.6 252.3 246.1 240.8 232.7 229.4 227.3 225.9 223 219.4 218.5 219.2 217.6 216.8 214.8 215 214.4 212.3 216.4 215.1 219.9 223.4 224.5 222.3 214.9 209.1 206.9 206.6 205.2 201.6 200.9 203.7 201.5 196.1 215.3 219.9 224.7 228.1 228.2 228.2 228.3 226.9 233.5 239.1 245.2 252.4 260.4 266.8 266.1 262.9 257.8 253.2 249.6 250.3 248.5 247.5 243.6 241 234.9 230.9 227.7 225.3 223.5 221.7 218.4 215.4 214.6 214.4
303.1 298.3 292.5 288 283.6 278.7 274.5 269.3 263.5 256.8 250.4 245.2 240.6 236.6 229.8 226.1 224.2 221.7 218.9 217.2 215.3 214.3 212.1 212.3 210.2 210.5 210.1 208 211.3 209.2 212 218.4 218.4 214.1 204.5 204.3 203.7 201.8 200.3 196.6 195.6 198.8 194.8 197.6 211.1 215.2 219 221.9 222 222.2 221.9 222.1 228.3 232.5 238.2 247.2 258.5 262.8 260.6 256.1 251.6 247 244.5 242.8 241.4 240 238.8 236 232.7 229.2 226.6 225.9 223.9 222.1 219.8 218.4 217.4 217
299.1 294.4 288.1 282.9 278.7 273.9 267.1 261.5 258.3 252 246 239.2 233 230.4 225.2 222.7 221 219.5 217.2 213 211.3 210.2 208.6 207.3 205.7 205.2 205.8 203.4 203.8 202.2 200.4 206.4 209.6 201.3 199.4 199.9 200.5 198.8 194.2 191.6 189.7 191.5 191 194.9 203.9 210.3 213.9 215.5 217.2 217 216.7 217.8 223.6 226.8 232.4 242.5 254.7 257.7 254.8 249.3 244.5 240 237.2 236 234.3 234.7 235.1 233.9 230.9 227.9 225.9 225.8 224.4 223.2 223.1 221.6 220.3 219.5
294.9 289.1 283.6 277.5 271.7 267.1 262.3 255.5 251.1 247 241.3 235.1 230.3 226.2 222.3 220 218.3 216.4 210.4 208.7 208.1 207.4 205.1 203.5 202 201.5 200 198.2 198.6 197.5 196.7 195.3 195.1 194.3 193.5 192.5 189.3 190.6 188.6 185.4 184.6 185.7 186 188.7 193.2 200 207.5 210.3 212.3 212.7 212 215.8 220.2 221.9 227.7 239.5 249.5 251.8 247.6 242 236.7 232.6 230.8 229.9 228.4 228.7 230 230.3 228.3 226.8 225.5 226 225.9 226.2 226.5 225 223.9 222.9
289.2 283.7 277.9 272 266.9 261.3 257.2 251 247.2 241.6 236.4 230.9 226.2 223.4 220 216.2 214.3 213.3 209.4 207.7 207 206 205.1 208.2 207.8 207.4 210.3 212.7 215.2 210.7 206.1 196.1 198.1 194.9 194.5 197.2 195.2 195.7 202.4 200.3 196 190.5 185 184.9 185.2 188 196 204.9 207.3 208.3 206.3 209.7 215.5 220.4 225.3 237 243.9 246.1 240.3 233.6 229.8 227.3 225 224.5 224.1 223.7 225.1 226.2 227.1 228.3 228.1 228.2 228.4 229 229.8 228.8 227.7 226.7
284.2 278.3 272.7 267.4 261.8 257.4 253.2 247.7 242.8 238.8 233.6 228.5 223 219.4 216.4 213.4 212.4 209.5 209.2 210.3 211.7 213 215.4 218.1 220.1 220.9 224.5 228.8 228.2 225.6 219 212.2 207.2 204.5 207.5 207.6 211 216.2 216.7 213.6 209.1 204.2 197.1 185.3 181.9 183 185.3 194.4 201.8 204.4 203.4 207.5 211.7 215.6 221.7 232.4 236.3 236.7 230.9 226.7 223.6 220.1 218.3 217.7 218.6 219.8 221.3 224 227.5 229.1 230.7 231 231.8 232.8 233.5 232.6 231.5 230.4
279.1 274.8 269.5 263.7 258.3 253.9 249.4 244.9 240 236 231.6 226.9 220.4 217.2 214.7 211.5 209.7 211.5 212 214.4 217.7 219.7 223.5 227.3 229.9 232 235.2 238.2 234.2 228.9 223.6 216.1 210.3 212.6 214.4 216.8 226.9 232.6 230.9 228.3 220.7 214.2 208.5 200.1 188.9 177.1 179.8 185.7 193.5 194.7 200.2 202.7 206.3 211.2 218.7 225.8 226.9 227.7 222.3 219.6 215.2 213.5 212.3 212.8 213.2 214.4 219 223.4 227.6 231 233.3 234.3 235.4 236.6 236.9 236.1 235.2 234.1
274.9 270.9 265.6 260.1 255.8 251.8 248.1 243.1 238.2 234.1 229.9 224.2 221.2 216.4 213.6 211 211.9 214.6 215.2 219.5 223.5 226.8 230.1 233.3 236.6 238.7 240.4 238.6 233.2 228.6 223.2 216.4 214 220.9 224.1 236.7 243.7 247.5 246.1 240.6 232.5 221.8 214.6 205.8 195.4 185.4 177.3 178.1 186.1 188.9 192.4 197.9 200.9 206.4 213.7 219.3 216.7 216.1 215.7 211.9 208.1 206.6 206 205.6 208.6 213.4 219 224.2 228.5 231.8 234 235.9 237.7 238.5 239 238.7 238.1 237.5
271.1 267.3 262.7 258.5 254.2 250.3 245.5 241.1 236.1 231.8 228.4 224.6 220.5 216.5 213.6 212.5 214.4 218.2 221.7 226.2 229.3 232.7 236.4 239.5 243.6 243.5 241.3 236.6 232.1 227.5 221.2 222.2 229.1 235.7 247.1 253.3 258.8 260.2 256.6 249.4 240.4 229.8 218.1 208.3 197.8 189.5 184.7 175.4 176.3 182.8 183.1 192.9 195.6 199.7 206 208.9 208.8 207.5 205.7 202.9 200.8 200.2 199.7 198 203.9 208.5 214.2 221.2 227.3 230.4 234.3 236.5 239 240 240.2 240.2 239.3 238.3
267.2 263.6 259.9 256.3 252.7 247.5 241.9 238.8 234.4 231.3 227.7 224 219.1 216 214 214.5 217.6 221.8 225.8 230.1 234.5 238.3 242.4 245.8 248.3 246.8 241.7 236.1 231.7 228.5 231.5 235.3 244.2 254.8 261.8 268.7 272.5 270.6 264.2 255.7 246 235.5 221 209.9 201.9 196.4 188 178.7 175.1 174.7 176.8 180.2 189.6 194.5 196.8 197.2 198.4 197.5 196.8 195.3 194.7 194 192.7 194.3 197.8 203.1 209.1 216.4 222.2 228.4 233 237 239.9 241.1 241.2 241.5 240.2 238.8
262.7 259.7 256.7 254.6 250.7 245.6 238.9 236.3 232.8 231.3 226.2 226.5 223.1 215.9 217.2 216.4 219.7 225 229.8 234.4 238.8 242.9 247.1 250.8 252.1 249 243.6 236.9 235.1 237.9 242 252.3 263.6 269.2 276.6 281.9 280.7 275.3 266.9 257.8 248.5 235.4 221.8 211.7 203.8 199 194.1 184.3 173 171.5 170.4 170.5 180.2 187.7 190.3 190.6 191.1 189.1 188.5 188.4 188.6 188.8 185.2 189.2 191.7 196.6 203.4 210.6 217 223.6 230.7 236 239 241.3 242.6 241.6 240.5 239.2
258 257 254 251.3 244 235.9 234.3 230.4 227 227 227 224.7 220 220.3 219.8 219 223.3 229.2 234.5 239 242.3 246.4 250.4 253.1 253.3 249.8 243.3 241.4 241.9 248.9 256.4 270.4 278.4 283.3 289 289.2 286.2 276.8 267.8 257.7 248.7 232.1 220.9 212.4 206 200.9 196.3 189.9 183.7 179.1 174 169.6 171.8 180.1 185.4 185.4 185.3 183 182.4 182.5 181.7 183.1 179.1 184.9 187.1 191.4 197.5 202.9 210.6 217.4 225.6 231.3 235.6 239.1 240.7 241 239.8 238.2
253.3 257.5 254.4 243.9 241.7 239.6 243.6 246.1 235.1 228 227.5 227.6 226.2 224.3 222.5 220.7 225.3 232.2 239.5 243.9 247 250.3 254.5 254.7 254.1 250.1 248.4 248.6 254.4 265.5 273.8 284.1 290.7 295.9 295.9 292.8 286.5 277.5 268.2 256.3 241.5 228.9 219.3 212.8 207.2 202.2 197.8 194 190.1 184.7 177 170.6 167 168.5 177 178.5 179.3 177.4 176.7 176.7 176.5 177.1 175.1 180 182.7 187.5 191.5 195.8 203.1 210.7 218.9 225.8 231.5 235.3 237 238 237.5 235.5
255.6 257.3 247.3 248.1 251.8 248.5 231 227 227 236 237.2 236.5 233.6 229.5 225.6 223 231.1 237.9 243.9 249 252.1 255.2 257.8 259.5 257.5 255.1 256.4 262 272.1 281.2 290.1 296.3 301.5 300.9 296.9 292.4 283.8 274 263.4 249.5 235.9 225 217.8 211.4 206.2 201.3 197.6 194.2 190.3 187.3 183 174.2 168.2 166.6 166.1 166.6 168.5 167.1 168.7 170.6 172 172.2 168.1 175.4 178.8 182 186.6 191.2 196.8 203 209.2 216.5 224.3 230.3 233 233.9 233.5 231.2
236.3 236.4 244.2 256.1 244.3 227 227 227.2 245.6 247 242.1 241.7 238.4 234.1 230.2 226 236.6 244.8 250.3 255.2 258.6 261.6 263.1 263.6 262.8 263 265 276.1 282.9 293.9 301.6 306.1 306.6 300.4 293.1 285.5 277.4 267.8 255.4 242.8 231.3 222.3 215.3 210.4 205.4 200.6 196.8 193 188.1 182.9 175.7 177.4 177.6 174.2 169.8 165.3 163.7 162.8 162.8 161 161.9 167.3 162.1 173.6 175.7 178.7 181.8 184.9 188.5 193.7 199.1 205.8 213.9 221.4 227.5 229.1 228.2 226.6
249.7 256.8 257 241.7 227 227 227 247.5 258.5 253.7 246.3 246.3 242.9 237.8 232.7 231.1 241.9 249.7 256.2 261.3 265.3 267.7 267.4 267.9 268.6 271.6 278.7 289.4 296 303.2 308.7 311 306.7 299.3 288.1 278.2 269.4 260.1 248.2 236.2 223.6 218 212.4 207.5 202.7 198.2 192.8 187.8 181.8 182.6 185.5 185.3 184.1 183.1 180.4 178 173.5 168 163.3 162.5 161 159.3 159.7 170.3 172.4 173.9 176.7 178.9 182.5 185.4 188.7 194.7 201.6 210.3 218 222.4 222.6 221.7
260.5 255.9 241.9 241.7 227 232.9 257.4 263.5 260.1 257.2 254.2 251.7 247.6 242.1 231.8 238.2 249.4 255.5 261.3 267.4 271.1 273.1 273.2 275.6 277.5 282 289.6 296.8 302.6 308.6 311.3 310.4 305.6 295.5 282.8 272.9 262.2 249.4 238.9 226.8 220.6 214.5 209.1 204.2 198.1 190.1 188.1 187.8 189.3 191.5 191.3 192.7 191.4 188 184.9 180.8 175.9 171.9 169.3 167.7 161.1 159.3 158.5 157.9 162.7 167.8 169.7 172.9 175.2 176.7 179.8 184.9 190.6 198.7 206.6 212.8 216.1 216.7
270.2 250.1 239.8 242.1 261.3 272.5 267.9 266.2 264.5 262.3 258.8 255.5 249.7 240.2 232.9 246.2 255.5 261.4 268 272.3 275.2 277.8 280.3 283.2 286.4 291 297.2 301.8 306.7 308.2 307.3 305.4 298.8 287 277.4 266.4 250.2 239.5 228.7 221.4 216.2 210.7 205.4 199.4 193.4 196.4 197.5 197.2 197.1 199 199.8 197.9 194.8 191.1 186.7 180.6 178.3 177 174.2 167.2 160.7 157.5 157.5 156.8 154.1 152.8 154.9 164.1 167.6 168.9 172.2 176 181.6 188 196.2 203.7 208.8 209.8
254 244.9 241.1 280.1 281 274.3 272.4 270 267 263 258.1 254.2 245.7 236.9 244.2 252.5 260.3 269.5 274.5 276.8 279.5 283.7 289.6 293 295.8 299.7 302.9 304.8 304.6 301.4 298.9 297.8 287 279.2 269.2 254.5 241.2 229.6 223.4 217.5 211.6 204.8 199.3 195.2 201.7 204.5 204.8 205.4 208.7 207 204.7 201 197.6 193.8 186.9 186.3 184.5 182.6 175.2 175.1 171.4 168.1 166.7 161.7 160.3 156.7 153.3 154.3 155.1 160.3 164.9 167.2 174.7 180.3 187.5 195 200.9 203.7
280 273.7 282.1 282.6 278.1 275.6 272.4 268.6 264.4 259.7 254.9 249.3 242.9 246.1 253.2 259.3 267.5 275.8 282 283.3 289.1 295.2 301.1 304.1 305.2 306.8 303.9 299.7 297.6 291.2 287.9 284.3 275.7 268.7 254.7 243.4 232 225.1 217.9 208.2 204.6 207.8 206.5 204.3 209.1 212 212.7 215.6 216.6 211.9 208.1 204.1 200.2 195 193.2 191.3 188.6 183.8 183.2 182.1 178.6 174.7 171.8 169.7 166.5 163.9 156.1 151.5 151 151.1 151.9 148.8 164.2 171.4 179.2 186.5 193.7 197.4
280.9 283.1 283.6 282.5 278.9 274.6 270.1 265.2 260.5 255 249.1 249.1 249.1 255.2 262.2 272 276.9 282.3 290.8 296.2 303 308 311.5 312.9 311.5 308 300.9 290.9 282.8 275.6 270.9 264.4 259.2 251.7 241.8 234 226.2 217.6 216.6 217.7 216.3 215.4 213 213.4 216.2 219.5 224.5 229.2 224.9 216.8 211.6 206.3 203.8 201 198.9 195.1 191.7 189.2 189.2 186.9 183.9 179.7 176.3 173.4 169.8 166.7 164 162.1 153.7 149.7 149.4 148.4 153.1 161.7 172 177.7 185 190.2
282.7 284.2 285 283.5 278.2 272.2 267 262 255.1 250.8 254.4 256.1 258.2 262.8 271.4 282 289.5 300.4 305.6 312.3 316.5 319.3 320.4 317.5 313.8 306.5 295.2 284 273.5 266.9 259.1 252.1 246.9 240.9 235.1 225.4 223.6 226.3 227.5 226.8 225.7 226 226.1 219.3 226.1 233 239.1 237.5 229.1 221.6 214.4 211.4 208.4 205.9 203 199.4 196.2 196.9 196.1 193.5 189.9 186.6 181.5 177.5 174.1 171.4 167.4 163.8 162.7 161.3 151 147.9 145 153.4 159.9 169.8 177 183
285.1 286.7 286.3 283.7 276.6 269.8 264.1 258.6 256.2 259 261.7 264.1 268.6 275.4 287.8 297.1 308.1 315 321.8 326.8 326.1 326.2 323.4 319.9 313.2 302.1 290.3 277.6 266.8 259.4 245.5 239.4 235.4 233.3 237.3 237.1 237.5 237.6 240.3 244.1 246.3 249.2 247.1 240.6 239.9 247.2 247.6 239.1 231.8 225.7 220.5 217.4 215.4 212.3 209.3 204.4 204 203.5 202.7 200.9 197.9 193.6 188 184.3 179.8 175.2 171.1 167.5 164.5 162.8 160.8 150.5 146.3 145.6 156.6 160.8 168.3 175.3
288.2 288.5 286 278.9 271.8 266.3 263.4 261.4 259.4 265.3 269.2 274.8 283.9 294.9 305.8 315.3 323.7 329.2 335.5 336.6 333.8 329.6 326.2 319.8 307.9 295.6 282.6 272.2 264.9 254.9 255.5 252.2 250.1 249.9 248.1 247.1 248.9 253.8 262 270.7 273.1 265.7 257 248.4 246.4 249.3 246.4 242 234.5 230.7 227.3 224.9 222.2 219.1 214.7 211.4 210.6 211 209.9 208.2 205.7 201.4 195.5 190.9 185.7 179.5 174.3 170.4 167.6 163.8 160.8 156.8 148.8 145.9 143.7 151.4 161.6 167.7
291.8 287.8 281.8 274.8 270.5 270.2 272.2 271.7 266.5 272.5 278.3 287.2 298.8 311.3 321.2 330.1 336 342.3 345 342.1 337.3 331.2 326.7 315.5 302.1 290 280.5 272.1 257.4 263.7 261.4 259 256.8 256.4 258.6 263.2 270.8 280.6 290.5 286.9 276.1 267.8 261 257.3 255.1 252.4 249 245 239.7 237.3 234.3 231.8 228.6 225.2 220.9 218.3 218.6 218.4 216.7 213.7 210.5 205.9 201 196.3 190 183.9 178.9 174.2 170.7 166 163.1 159.9 152.7 145.5 145 142.6 153.6 159.5
289.7 285.1 279.4 276 277.4 280.5 285 276.3 272.9 281.2 288.9 301.1 315.9 325.2 334.3 340.5 346.6 349.2 348.7 343.9 335.3 328.5 321.8 309.8 298.9 288.2 280.3 274.6 266.2 270.5 268.5 266.7 265.1 266.7 273.3 293.1 304.6 306.3 296.1 285.2 277.9 271.6 267.2 263.9 261.6 259.1 255.2 251.2 246.8 245.3 241.5 238.5 235.2 231.4 227.3 225.1 224.5 223.4 221 217.9 213.9 209.7 205.2 200.9 194.3 188.5 183.7 179.5 174.7 169.6 166 163.5 160.8 152.4 144.5 143.1 143.2 150.5
295.3 288.2 284.9 286.1 287.3 291.8 286.9 274.4 282.5 290.5 301.6 316.6 328.4 337.5 344.3 349.3 352.9 346.9 349.9 342.5 332.9 325.4 317.6 308.2 299.4 287.6 286.9 280.9 278.3 276 275.2 274.6 275.4 281 299.2 318.6 316.1 306.3 294.4 288.1 282.8 277.9 274.4 271.8 268.8 266.3 264.2 262.2 258.6 254.1 250.3 245.4 241.2 237.4 232.6 230.8 229.8 227.3 224.4 220.7 216.7 212.9 208.6 204.1 199.4 194.1 188.5 185.1 180.3 174.8 170 167 163.7 160.5 154.5 145.9 141.9 141.2
