public/OST50/SE03.asc
ncols 200
nrows 200
xllcorner 400000
yllcorner 430000
cellsize 50
[rows 105 to 139 of 200, columns 79 to 157 of 200]
314.8 318.9 317.1 321.7 322.1 323.3 324.6 324.8 324.9 324.9 324 324.8 324.9 324.7 325.2 324 322.9 321.2 317.2 314.9 314.6 311.3 308.4 306.8 302.3 299.4 296.7 296.5 296.9 298.9 301.5 302.1 303 302.3 300.9 297.7 295.4 294.6 294.3 294.1 292.3 291.4 290.6 290.5 289.6 289 288 283.7 281.8 285.3 284.8 285 284.6 284.1 283.1 280.8 278.3 276.8 271.6 268.9 267.9 265.5 262.5 259.8 254.1 242.9 235.8 227.5 221.8 218.2 220 222.1 226.2 226.6 231.1 239.4 250.2 264.7 278.9
308.6 313.8 314.2 318 320.2 320.6 322.1 322.6 322.8 322.5 322.6 323.6 322.9 322.9 324 323.4 324.7 330.2 330.3 327.4 323 317.2 311.5 304.5 300.9 298.8 299.6 299.6 300.3 303.3 305.3 307.8 309 308.1 306 304.7 301.7 297.3 296.5 296.1 294.4 294.1 293.3 292.8 292 290.1 287 283.2 285.3 287 287.3 287.6 286 286.4 285 284 282.2 279.5 278.9 276.4 273.5 270.2 266.4 263 257 250.4 239.3 230 222.7 219.9 220.9 223.9 228.6 227.1 232 240 253.1 265.2 279.3
300.1 307 312 314.2 316.6 317.9 319.3 320.2 320.7 320.7 321.5 321.7 322.1 321.2 321.7 323.2 330 333.2 331.4 329 325.1 319.6 313.4 303.3 301.8 302.8 303.4 302.8 304.3 307.7 311.4 312.5 310.4 312.5 310.7 310.2 309.5 301.7 298 297.5 296.8 296.7 295.1 294.4 293.3 291.2 285.2 286.5 288.2 288.3 288.6 288.5 288.4 288.6 287.5 287.3 286.4 284.1 281.9 278.2 277.9 275.5 270.5 267.9 261.8 254.4 242.9 234.3 230.9 228.2 220.8 225.5 230.4 227.6 229.2 239.5 252.2 264.8 278.1
291 298.7 304.9 309.2 313.2 314.5 316.4 317.1 318.5 317.9 318.5 318.9 320 319.9 317.4 321.5 331.1 332.6 330.8 328.8 326.4 319.7 306 306.9 311.1 311.3 308.2 310 310.3 312.2 314.7 314.9 313.9 318.6 318.4 319.4 319.1 311.2 302.6 303.8 300.3 297.9 298 296.9 294.7 289.8 288.8 290.9 291.1 290.7 289.1 291.4 291.3 291.4 291.4 291 288.9 287.3 284.6 283.4 282.5 277.7 275.7 273.3 269.4 262.5 249.2 240.9 233.4 229.4 221.2 227 235.3 231.1 232.5 237.6 248.5 263.6 275.7
282.7 287.4 293.5 299.5 307.3 310.6 313.1 314.6 315.5 314.6 315 316.3 317 316 312.5 320.9 330 330.6 329.6 327.7 323.7 311.2 310.7 317 318.9 315.4 314 316.3 315.7 315.4 320.3 322.9 326.1 327.6 327.7 327.2 326.7 324.7 318.1 313.5 309.4 303.7 300.2 298.9 295.7 292.5 289.2 295.7 294.4 292.3 292.2 294.7 296.5 296.3 296.1 293.4 291 289.7 288.1 287.2 285.9 283.1 284 282.1 273.5 262.4 251.4 245.8 238.6 231.6 224.9 226.8 237.3 234.5 234.9 235.5 244 260.6 274
273.2 278.1 283.2 288.6 300.6 306.6 310.2 313.5 313.8 313 312.9 313.7 313.4 310.9 312 321.3 327.2 327.7 327.4 325.1 319.1 310.9 318.8 325.3 322.8 322.9 320.6 321.2 321.5 319.2 326.4 332.2 334.1 334.2 334.3 334.2 333.1 330.2 328.4 325 320 314.1 308.9 306 302 301 305.6 304.9 304.3 302.5 302.4 303.9 307 310.2 307.8 303.4 297.8 293.2 291.6 290.4 288.9 287.8 287.5 284.6 269.8 262.3 255.9 250 244.4 235.5 230.4 222.6 230.3 237.2 235.9 238.1 242.9 257.3 272.2
262 268.6 273.3 280.3 292.5 302.1 307.5 311.2 311.7 310.4 309 309.4 307.7 306.1 309.4 318.8 321.3 322.1 324.3 321.8 312.3 315 325.9 326.9 326.9 324.6 325.4 325 325.9 323.9 335.6 339.6 342.3 342 340.8 339 337.3 335.6 333.1 330.9 328.9 325.4 321.3 317.7 315.3 316.2 317.9 317.9 319 320 321.5 323.4 325.7 329.1 327 324.3 318.6 315 302 294.9 290.9 289.9 288.6 287.4 273.5 266.2 262 260 249.9 240.7 233.8 225.2 225 233.2 237.2 239.8 242 254.9 271.1
257.4 260.2 264.2 272.8 281 296.2 303 307.2 308.2 306.4 303.1 303.5 303.1 302.4 304.4 308.9 313.2 314.8 318.9 315.9 312.3 319.3 325.2 329.1 330.1 328.7 330.3 331.4 335.8 336 342.6 346.3 347.7 346.8 345.1 342.2 339.7 338.4 336.1 334.6 333 330.6 328 326.2 324.9 325.4 325.5 326.3 327.7 329.3 330.7 332.2 332.7 332.2 330.5 328.7 326.2 318.5 312.8 305.8 299.4 294.5 290.7 288.5 281.7 273.7 267.4 262.8 252.5 248.3 242.9 233.1 225.6 227.8 235.4 240.5 244.6 249.7 266.6
255.6 255.9 258.3 264.1 271.6 277.8 290.7 301.3 302 301.1 298 298.1 298 298.9 298.9 301.5 304.3 307 308.7 310.7 314.7 323.3 328.5 331.6 333.8 338.5 342.7 345.6 342.8 343.6 347.2 350.1 351.6 350.4 348.3 345.3 343.1 341 339.5 338.2 336.7 334.9 332.9 331.3 330.3 330.3 331.7 332.6 333.3 334 334.1 333.5 333.1 332 330.1 327.4 324.3 321.2 317.3 311.5 306 300.2 293.3 290.6 286.4 279.9 272.1 263.3 256.2 255.9 248.7 243.3 233 225.4 232.3 240.7 244.6 248.1 261.1
255.6 255.6 255.6 258.3 263.6 267.7 276.3 288 296 296 294 293.3 295.4 296.4 297.8 301.2 304.4 309.2 313.9 319.1 320.7 326.9 331.5 334.7 340.4 350.8 352.2 349.8 346.9 344.9 350.9 354 354.6 353.8 351.3 348.1 346.2 343.8 342 340.4 338.9 337.5 336.5 335.6 335.1 335 335.4 335.8 335.5 334.9 333.8 333.7 332.8 331.4 328.9 325.5 323.4 320.3 316.7 313.3 308.9 304 298 293.2 288.8 284.5 278.5 270.4 259.7 255.6 252.6 246.4 236.7 226.7 229.6 234.4 243.7 246 257.8
255.6 255.6 255.6 255.6 259.8 265.3 268 276.2 282.7 286.5 286.6 288.9 291.5 294.1 298.4 304.2 309.6 313.9 318.4 323.6 328.2 331.2 334.6 342.2 354.7 354.6 352.5 350.1 347.2 348.5 353.4 356.8 357.4 355.5 352.6 350.9 348.6 346.3 344.1 342.8 341.7 341.3 338.3 337.5 336.9 336.6 335.7 335.2 334.5 333.3 332.7 331.6 330.5 328.7 326.7 323.8 321.7 319.4 316.3 313 309.5 305.6 301.3 297.1 292.3 287.9 282.8 275.3 265.1 258.2 257.4 248.5 240.9 230.3 227.9 230.9 238.8 245.7 259.2
255.8 255.6 255.6 255.6 255.8 264 267.1 269.6 272.9 276.8 281 287.3 288.8 294.1 301.8 307.6 313.3 318.4 321.8 327.1 332.1 335.7 336.7 349.9 357.2 355.8 353.2 349.7 348.7 350.3 353.9 355.9 355.6 353.5 351.9 349.9 348.4 346.3 344.1 342 340.5 339.8 339 338.3 336.8 335.3 333.7 332.4 331.7 330.9 328.2 326.8 327.2 325.9 323.2 320.9 318.6 316.5 313.3 311.4 308 305.1 300.8 297.7 292.7 289.2 284.7 279.6 272.1 261.8 261 256.7 252.6 246.6 231 231.3 239.7 243.2 256.9
260.5 255.6 255.6 255.6 255.6 257.5 262.9 264.8 266.9 270 275.8 281.9 289.2 299.9 306.4 311 315.9 320.4 325.4 330.2 334.2 339.1 347.5 358.4 359.4 359.1 357.7 354.6 352.7 351.8 352.1 352.9 351.8 351 349.2 348.3 347.1 345.2 343 340.9 338.9 337.5 336.2 335 334 331.7 330.2 328.5 327.5 326.5 324.9 323.6 322.5 320.9 320.5 317.6 315 312.7 310.4 307.6 304.7 301.7 299 296.3 292.6 290 286.2 281.9 278.1 272.3 266.5 262.3 256.9 249.7 245.7 245.7 245.7 245.8 255.9
266.8 256 255.6 256 262 256.1 262.4 261.8 262.9 266.1 275.2 282.1 290 298.2 304.8 312 318.5 324.8 327.9 332.9 336.6 345.5 358.1 363.5 364.5 363.2 360.9 357.7 354.6 352.4 351.1 349.4 349.4 348.5 346.7 345.9 345 343.6 341.1 338.7 336.3 334.7 332.8 332 330.3 327.5 325.9 323.6 322.3 319.8 318.8 317.4 316.6 316.1 315.5 313.6 311 308.2 305.7 303 300.1 297.5 294.6 293.4 290.9 290.3 287 283.6 279.9 272.8 266.5 262.8 258.4 251.9 245.7 245.7 245.7 245.7 256
277 259.6 255.6 257.3 262.1 261.3 266.6 271.5 276.4 278.2 277.3 288 291.7 297.4 303.9 312.5 320.1 326 330.6 336.5 343.4 358 365 367.7 367.8 365.2 362.8 359.2 356.4 354.1 351.3 349.5 348.1 346.3 345.2 344 342.7 341.5 339 336.3 333.8 331.8 329.8 327.7 325.5 323.6 321.1 318.6 316.3 314.7 313.1 312.2 310.4 309 308.2 307.1 305.1 302.3 299.7 297.2 294.7 293 291.3 289.7 289.2 289.1 286.6 282.8 278.8 264.8 265.8 262.3 257.9 253.5 246.3 245.7 245.7 245.4 250.9
274.1 259.6 255.6 260.6 261.7 266.7 274.5 278.7 282.9 285.2 283.9 289.6 294.1 301 307 314.9 321.1 326.2 335.4 344.8 354.8 363 368.1 372.5 370.4 367.4 363.9 360.5 356.8 353.8 351.8 349.9 348.2 345.8 343.4 342.1 341.2 338.9 336.6 334.1 331.6 329.2 327.6 324.5 322 319.8 317.6 313.8 310.8 309.5 307.7 305.3 304.5 301.9 300.8 299.1 298 296.5 293.9 292 290.2 288.8 288.5 288.1 287.3 287.5 286.2 282 278 262.5 265 259.8 255.5 251.5 245 245.7 245.7 245.7 249
265 259.5 264.2 263.8 265.5 268.7 280 286.3 291.7 288.6 285 291.2 298.4 304.3 309 316.4 325.4 332.5 342.1 350.7 358.4 364.3 368.8 371.2 369.9 367.6 364.4 360.8 357 353.8 352.1 349.5 348.4 345.9 343.3 341.3 339.2 337.2 335.5 332.6 330.2 327.9 324.7 322.1 319.3 316.3 313.4 310.4 307.5 305.3 302.7 299.5 297.9 296.1 293.8 292.5 290.7 289.5 289.2 288 286.5 286.6 286.7 286.3 286.1 286.3 285.5 280.7 272.4 257.3 261.2 257.1 253.9 248.6 245.7 245.7 245.7 245.7 247.4
265.8 264.3 278.9 273.6 270.6 274.6 282 293.1 297.8 294.2 289.6 290.7 298 305.1 311.7 318.3 326.5 335.6 343.4 352.3 357.5 363 366.2 367.5 367.1 365.5 363.7 360.6 356.9 354.1 351.9 349.9 347.5 345.2 342.9 340.8 338.2 336.8 336.2 331.8 328.5 325.2 322.3 319.4 316.4 313.2 309.5 306.1 304.3 301.3 298.5 296.4 292.5 291.3 289.1 287 286.1 285.9 285.3 285.5 285.8 285.4 284.7 283.7 282.6 281.9 280.5 277.9 264.6 255.8 255.5 252.9 248.6 245.7 245.7 245.7 245.2 245.7 245.7
265.5 276.1 282 281.9 279.3 284.1 283.4 294.6 300.4 298.3 294.4 294.1 302.1 305.8 314.3 319.7 327.8 336.6 343.2 349.4 356.9 359.4 361.9 363.4 363.7 363.1 361.2 358.8 356 353.3 351.7 349.5 347.6 345.6 342.8 340.4 337.9 335.9 334.7 332.2 328.2 324.6 321 317.7 314.3 310.2 306.9 303.7 300.6 297.8 294.9 292.5 289.7 286.6 284.1 281 280.3 281.6 284.2 284.4 284.4 283.2 280.5 278.8 276.8 275.1 273.5 269.2 260.7 256.2 254.2 245.7 245.7 245.7 246.4 251 249.7 245.7 245.7
271.6 287.8 289.4 287.6 287.6 283.9 288.8 292.3 297.9 301.3 300.8 300.8 305.3 310.6 319.4 325.6 331.6 337.5 343.6 348.2 353.6 357.1 359.8 360.9 361.3 360.6 359 357.2 354.7 353.1 351.3 349.3 347.8 345.1 343.2 340.4 337.6 336.3 335.3 332.9 328.8 324.1 321 317.2 313.2 308.9 305.2 301.7 298.7 295.2 292.7 289.5 286.8 283.3 279.4 277.5 277.6 279.1 280.3 282.2 280.3 278.2 276.1 273.3 271.9 268.5 265.8 262.9 259.7 256.3 253.8 245.8 254.1 259.4 257.8 256.8 254.8 249.1 245.7
282.9 294.9 293.1 294.4 288.6 287.5 292.7 295.5 297.6 302.2 305.2 307.5 312.4 314.4 322.6 328.9 337.5 343.6 347.1 350.5 353.8 356.2 358.6 358.7 358.4 357.2 356.7 355.5 353.8 352.3 350.7 349 347.5 345.3 342.5 340.4 338.2 337.1 335.5 332.8 329 324.3 320.5 316.6 312.2 308 304 300.5 297.6 293.5 291.1 287.3 284.1 281.2 277.1 276.3 275.1 275.1 275.7 278.7 275.4 272.6 269.3 268.2 267.7 265.5 267 267.7 266 257.8 255 252.4 264.7 261 258.1 261.4 258.5 250.8 245.7
293.8 299.7 302.1 299.6 294.9 292.4 296.9 300.8 302.5 305 308.3 311.6 317.5 321.8 328.6 334.7 342.1 349.3 353.4 359.5 361.6 360.1 359.8 358.9 356.7 355 354.4 354.7 354 352 350.8 349.2 347.6 345.9 344.2 341.5 339.3 337.4 335.3 332 328.5 324.8 321 316.4 312.4 308.8 303.6 300.1 297 294.3 291.2 288.2 284.4 280.6 280 278 275.4 273.6 268.2 268.2 266.8 264.8 267.1 267.6 268.7 268.2 260.9 256.7 256.4 257.6 257.5 256.5 257.7 255.4 253.4 253.2 252.2 247.1 245.7
302.2 307.4 312.2 305.7 302 298.4 304 306.7 307.7 309.9 312.1 318.3 322.5 328.3 335.1 340.7 347.5 354 358.9 366.7 370.3 366.6 362.1 358.6 357 354.4 353.1 354.2 353.8 352.5 350.7 348 346.3 345.5 344.2 341.9 339.3 336.3 334.5 332.3 329.7 325.7 321.5 317.5 314.2 311.2 307.2 303.4 299.8 297.5 296 293 289.2 285 283.9 280.9 277.2 273 263.5 262.1 260.2 260.5 262.2 260.2 257 259.3 262.6 260.9 262.4 262.9 258.3 265.8 266.3 265.3 260.5 261.7 262.2 250.3 245.7
311.7 317.3 318.9 308.2 312.1 310.7 309.5 314.2 315.3 316.5 318.7 321 328.7 335.1 340.8 347.5 355.2 360.5 368.7 369.3 370.6 371 364.9 361.1 355.1 352.2 350 351.8 351.3 350.1 346 344.7 345.1 345.2 344.4 343.1 340.3 337.3 335.9 333.9 331.2 327.8 324 320.8 318 314.8 311.2 306.8 302.4 303.7 301.2 297.8 294.3 290.9 286.8 281.3 274.4 270.1 267 268.1 270.4 272 271.6 272.8 275.8 278.6 281.9 282.4 281.5 280.5 278.5 274 278.9 279.1 278.9 276.3 268.1 249.3 247.6
323.2 326.4 324.5 312.4 319.9 318 314 320.3 323.6 326.1 326.8 332.4 337 342.8 349.3 355.6 362.3 370.6 373.6 373 368.4 369.8 369.1 364 358.9 354 349.8 345.5 345.8 345.8 343.9 343.3 344.1 345.8 345.4 343.8 341.4 339.4 337.7 335.9 333 330.4 327.4 325.2 322.3 318.6 313.7 310 309.4 309.1 304.5 300.5 296.5 292.4 286.6 277.4 275.3 270.6 275 276.5 277.6 278.9 282 285.6 286.3 287.9 289 289.3 288 286.6 285.3 284.4 283.6 282.3 277.3 267.4 254.4 248.2 256
330.9 329.6 327.3 320.3 324.5 324.6 318 327.2 333.5 334.4 335.7 340.2 345.8 352.3 359.8 368.8 374.5 376.7 376.6 375.7 374 370.9 370.9 365.7 361.2 355.7 350.9 344.2 338.7 336 333.8 336 343.6 346 345.6 343.7 341.5 340.2 339.3 337.6 335.2 333.3 331.4 329 325.9 321.6 316.5 313.1 313.8 312.6 307.7 302.8 298.5 290.3 279.3 271.1 278.9 281.6 284.1 286.8 288.8 289.6 291.6 291.6 291.9 293.8 294.8 295 293.6 291.6 289 287 283.9 276.6 266 252.2 250.6 253.1 265.4
334.8 334.4 331.3 327.9 333.4 334.3 329.6 331.8 339 340.7 342.2 347.5 355.3 365.9 372.6 376.3 379.4 379.6 379 377.4 377.6 373.8 369.2 364.6 362.2 358.2 351.6 349 347.1 345 343 340.1 334.2 343.3 344.4 343.2 341.8 341.2 340.8 339.5 337.9 336.6 335.1 332.4 329.2 324.4 319.5 314.9 312.1 308.1 306.2 301.3 292.2 279.3 279.1 286.5 286.8 283.2 291.5 295 296.6 297.2 297.5 297.9 297.5 297.4 296.6 295.9 294.9 292.8 290.5 287 280 265.6 256.6 253.1 260.7 262.5 268.4
339.8 339.9 335.7 338.2 341.1 341.7 340.5 333.4 341.2 345.9 347.8 353.3 363.9 374.4 377.2 380.8 382.7 378.4 378.7 379 378 378 377.3 369.2 363.9 361.5 359.5 356.3 353.5 351 347.8 344.7 335.4 328.5 337 340.4 341.2 341.9 343.5 344.4 344.2 341.9 338.4 335 331 326.4 321 313.2 306.9 301.5 294.7 281.9 278.6 292.9 293.7 294 294.6 291.5 299.7 302.5 302.9 302.8 302.7 299.4 299.7 297.6 296.1 294.8 293 291.7 289.4 284.2 274.8 257.5 255.3 263.4 271.6 269.8 270.8
346.1 346.5 340.6 342.7 345.9 346.6 344.9 343.3 344.3 348 351.8 359.1 368.7 376.6 379.4 383.6 384.3 379.7 380.2 380.3 378 378 378 379.7 371 364.2 362.3 360.9 358.3 355.7 353 349.7 342.8 340.1 326 328.3 334 340 340.4 346.2 346.6 343.9 338.7 327.8 321.9 318.8 314.8 308.9 290 287.1 290.5 297.7 302.2 302.1 303.6 301.3 300.2 300.6 307.7 308.6 308.4 308.1 306 302 301.2 299.6 294.4 292 289.8 287.7 285.7 280.4 262.6 257.2 260.9 269.7 273 273.7 271.1
351.2 350.3 349.8 349.6 349.7 349.9 348.9 349 348.8 350.9 355.2 358.9 367.4 375.1 384.5 386.2 385.7 384.9 383.1 381.1 378.4 378 378 378 378 372 366.1 364.4 362.5 360.1 356.9 354.6 350.6 345.8 337 331.5 324.9 322.7 322 333.9 339.5 331.4 325.1 315.1 314.8 314.8 314.8 314.8 300.9 304.2 309.4 315 314 312.2 311.1 307.6 306.3 309.4 313.4 313.9 313.4 311.6 307.6 303.5 301.3 298.1 294.1 290.7 287.4 283.2 280.8 275.4 258.7 264.3 271.4 274.3 277.2 269.9 277.7
354.6 353.1 352.6 353 353.1 352.8 353 352.3 353.5 355 356.5 361.4 366.8 376.4 387.9 388 387 385.6 383.6 381.6 379.1 378 378 378 378 378 374.8 369.9 366.3 363.6 361.1 358.4 355 349.9 341.3 339.2 335.6 330.9 322.3 314.7 315.4 314.8 314.8 314.8 314.8 314.8 314.8 314.8 311.7 316.5 322 326.1 325.3 321.3 317.4 314.4 313.3 316 318.2 318.8 317.1 313.3 309 304.9 300.8 297.8 294.2 291.1 287.5 283.3 275.1 264.6 262.4 277.3 276.6 278.5 280.7 279.4 267.4
357.7 356.8 355.2 356.7 356.7 356.3 356.8 357.5 358.9 360.2 361.8 364.8 369 379.2 391 390.7 388.9 386.9 384.7 382.4 379.3 378 378 378 378 378 378 378.4 371.6 366.8 363.6 361.2 357.9 353.1 348.6 345.8 341.8 340.3 335 326.7 321.1 319.3 316 314.8 314.8 314.8 314.8 315.1 319 324.2 332.6 334.7 331.2 327.5 324 322.2 318.8 321.7 323.4 322.1 319.2 315.1 310.4 306.5 302.5 298.7 295.9 292.4 288.3 284.3 280.7 263.9 270.2 278.1 275 282.7 284.9 284.3 284.6
360.3 360.4 359.4 360.3 360.6 361 362.5 362.7 364.9 364.8 367.4 371.8 378.2 383 392.1 394 392.4 389.4 386.9 383.3 380.3 378 378 378 378 378 378 378 379.2 372.6 367.1 363 360.9 357.2 353.7 351.2 348.1 346.1 343 339.7 335.4 334.9 330 314.8 314.8 319.9 321.8 322 326.5 330.2 337.9 338.8 335.7 331.8 329.4 327.6 325.1 325.8 325.7 323.9 320.2 316.6 312.3 308.8 304.3 299.9 296.5 293.5 290.1 283.7 280.6 264.2 277.6 276.3 284.3 286.9 288.5 289.2 289.8
364.4 363.9 363.9 365.4 366.2 368.4 368.8 372.1 373.5 376.3 377.4 379.2 385.4 394.7 396.9 396.8 395.3 392.5 389.6 385.9 381.8 378 378 378 378 378 378 378 378 378 372.7 367.3 363.5 360.9 358.9 356.1 353.9 350.6 347.8 344.3 342 334.2 330.6 327.9 328.1 332.3 332.5 332.9 334.3 337.9 340.8 340.9 338.4 334.6 332.4 330.7 329 327.2 325.4 323.4 321 318.3 314.9 310.9 306.9 302.6 297.9 295 292.2 288.2 271.5 272.7 281.3 284.6 288.9 291.7 293.5 296.8 296.8
370.6 368.8 369.2 371.5 373.3 376 377.1 378.5 379.8 385.1 391.1 395.7 401.5 403.2 405 404.6 403.1 398.7 394.3 387.6 382.6 380.4 378.7 378 378 378 378 378 378 378 378 375.9 369 364.4 362.8 360 357.3 354.9 351.2 348.5 345.7 339.1 341.1 338.4 338 340.9 340.5 341.7 342.9 344 343.6 342.1 340 337.5 335 333 330.6 328.6 326.7 324.6 323.6 321.6 318.6 314.4 310.1 305.4 301.3 297.1 293.6 280.1 269.5 279.1 284.7 290.4 293.4 296.7 302.7 305.6 305.3
