public/OST50/SE03.asc
ncols 200
nrows 200
xllcorner 400000
yllcorner 430000
cellsize 50
[rows 70 to 104 of 200, columns 79 to 157 of 200]
262.7 263.1 264.9 280.2 294.8 299.6 299.7 299.3 298 296.9 295.4 292.5 289.4 286.7 283.9 281.3 278.7 276 273.7 271.5 269.4 267.9 266.6 265 262.9 260.8 259.3 257 255 252.8 249.5 247 244.9 241.8 239.2 236.9 235.4 233.7 231 231.2 231.5 230.2 227.5 225.9 224.3 222.3 220.2 217.6 214.6 210.3 207.8 208.1 202.3 200.7 199.1 196.8 195.2 198.1 202.7 204.7 208.4 210.1 211.5 211.8 211.8 210.9 209.3 206.5 203.5 202.1 199.5 197.4 194.9 188.3 177.5 170.8 177.3 184.1 189.3
263.3 262.1 262.7 279.1 294.3 299.3 299.7 299.6 299.3 298.5 297.6 295.4 292.7 289.3 286.6 283.5 280.3 277.3 274.9 272.8 271 269.4 267.9 266.1 263.9 260.8 258.9 257.3 255 252.7 250.8 247.9 245.9 243.3 240.5 237.6 236.1 234 231.6 230.2 228.7 228.1 227 225 224 222 219.7 217.6 214.8 211.4 207.3 207.4 206.3 201.1 199.5 197.3 197.1 202 205.2 207.9 212 214.2 214.7 214.3 214 211.9 209.5 207 205.6 204.4 202.9 201.1 197.6 193.6 185.8 172.5 172.8 180.7 188
268.9 262.8 274.5 288.6 293.4 295.8 297.1 298 299.4 299.4 298.7 297.9 296 292 288.3 285.2 281.1 278.1 275.5 273.2 271.4 269.6 268.1 266.1 263.5 261.2 259.1 257.5 255.7 253.7 251.4 248.3 246.2 244 241.3 238.2 236.4 233.3 231.3 231 228.8 227 225.3 224.1 223.1 221.3 218.4 216.5 213.7 211.9 209.3 206.4 204.4 200.6 198.8 200.5 202.6 204.7 207.3 210 214 216.4 215.7 215.7 214.9 212.6 209.6 208.7 207.2 206.8 205.3 203.6 201.3 199 194.2 186.8 180.2 174 184.6
267.8 275.4 284 288.8 292 293.7 294.6 296.6 298.3 299.2 299.4 299.4 298.3 296.2 292.4 288 284.7 280.3 277.1 274.8 272.3 270.2 269.3 267.8 264.8 262 259.7 257.9 255.7 253.2 251.1 248.3 245.7 243.3 240.5 237.5 235.3 232.3 230.9 229.4 228.4 227.1 225.4 223.9 222.9 221.2 219.4 217.8 215.4 213.4 211 207.8 203.7 201.2 202.3 204.4 205.9 207.6 209.9 212.4 215.2 216.7 216.5 216.5 215.8 214 211.5 209.5 208.7 208.6 208.2 205.9 203.7 202.5 197.2 192.8 185.6 179.2 181.3
265.8 277.6 285.1 287.7 290.4 292.3 293.5 295.3 297.6 298.3 298.9 299.8 300.1 298.1 294.6 290.9 287.5 283.8 280.7 278.2 275.4 272 270 268.4 265.6 262.8 260.3 257.9 254.9 252.6 251 248.6 246.2 243.3 239.3 236.7 234.6 232.9 231 229.3 227.6 226.6 225.7 224.1 222.7 221.2 219 217.6 216.9 215.1 212.5 208.3 204.1 203.8 206.6 208.2 209.4 211.2 213.1 215.2 217.4 218.1 217.8 217.5 216.2 215.2 213 210.6 209.4 210.1 209.5 207.1 205.6 205 202.9 194 186 178 185.2
268.2 277.8 287.4 289.8 290.8 291.9 292.9 294.7 296.2 296.9 297.6 298.4 298 296.4 294.6 292.4 289.1 286 282.6 280 277.1 273.7 270.9 268.7 265.6 262.7 260 257.4 254.8 251.6 249.9 248.8 244.9 241.2 238.4 236.2 234.3 233.6 231.5 229.6 227.8 226.2 225.3 224.2 222.4 220 217.8 216.1 215.9 215.3 211.2 208.3 204.2 209 211.3 213.9 213 214.8 216.1 218.7 220.6 220.7 220 219.3 217.1 216.1 214.6 211.8 209.9 210 209.9 208.4 207 206.2 204.2 193.7 185.1 177.7 187.6
268.9 277.6 290 292.9 292.1 290.9 292.4 293.6 294.3 294.8 294.2 294.8 294.4 293.3 291.9 290.1 288 285.1 282.8 280.3 277.6 274.3 271.6 269 266.4 263.5 260.7 257.8 254.1 249.7 247.2 244.3 241.6 238.4 236.1 234 232.8 231.8 230.5 228.6 227.8 226.9 225.6 224.7 223.3 222.4 219.8 217.3 213 211.1 208.4 205.9 211 212 214.7 218.1 218.4 216.7 218.3 221.1 222.8 223.3 222.4 221.4 219.3 217.5 214.9 212.4 209.9 209.8 210.1 209 208 206.6 203.7 193.5 184.3 181.1 193.7
268.9 277.5 285.4 293 292.9 291 290.4 291.5 291.6 292.2 291.8 291.4 290.6 288.8 285.9 286.5 284.6 281.2 277.1 276 274.7 270.6 271 269 265.9 262.3 259.1 256.6 252.8 248.9 240.9 239.4 236.6 234.4 233.5 231.2 229.4 227.6 226.2 227.5 229.2 228 225.9 224.6 222.6 221.7 220.4 215.4 213.3 211.1 211.8 213.9 216.3 217.4 217 220.1 219.9 221.7 223.7 223.9 226 220.6 224.1 223.1 221.7 218.8 214 212 210.8 209.8 209.8 209.5 207.5 206.2 202.5 193.7 184 187 198.9
266.8 273.1 276.9 280.4 287.7 290.1 288.4 288.8 288.5 286.8 285.4 284.4 281.8 277.7 274.7 277.1 276.4 271.2 266.2 262.5 261 259.1 256.7 258.8 257.2 255.7 254 250.9 245.2 249.5 250 245.6 242 239.2 236.9 234.7 232.9 230.3 229.6 223.2 223.7 223.1 221.8 221.4 219.6 218.1 216.9 215.7 210.4 215.5 215.4 217.6 219.1 220 220.1 223.7 224.2 225.4 225.8 227.5 229 228.1 226 222.3 219 215.9 212.9 210.3 209.9 208.6 208.4 207.6 206.2 204 197.5 189.8 183.9 191 203.3
258.9 263.2 265.1 270.2 276.1 284.8 286.7 289 288.7 287.4 289.1 290.7 290.2 285.5 284.7 275.3 267.2 267.8 273.8 273.3 270.5 266.5 261.2 255.3 253.6 253 253.5 254 255.6 257.4 254 252 247.8 244.3 242.4 240.1 236.6 235.1 232.2 226.6 220.1 219.4 217.3 216.8 214.3 213.7 212.5 216.5 219.1 219.3 217.9 220.1 222.1 222.7 224.3 226.4 228.8 228.1 230.4 232.3 232 230.5 227 222.5 218.7 213.8 221.8 212.6 208.7 207.6 205.2 204.5 201.2 197.2 191.1 184.7 185.8 197 205.4
250.9 253 255.5 261.2 268.9 278.4 285.1 287.6 289.2 291.4 294.1 293.9 292.9 291.6 290.3 287.9 285.7 281.7 278.8 275.9 274.1 272.1 266.8 263 259.9 259 258.7 259.5 259.4 258.9 256.7 253.5 251.3 249.9 247.5 244.1 239.6 238.8 235.2 231.6 228.3 224.4 222.5 219.9 219.6 221 223.7 223 222.3 221.7 222.2 225.9 224.3 225.7 227.3 228.6 233.3 236.9 237 238.3 236.8 233 224.3 222.6 217.1 212.8 211.1 216.9 221.6 205.3 203 200.4 195.9 191.1 185.9 187.8 192.7 203.3 208.5
239.3 243.7 249.3 255.7 264.4 274.8 282 287.7 292.2 294.6 295.1 294.8 293.8 292.8 291.4 290 288.1 285.8 282.4 278.5 276.7 274.3 271.1 265.5 265.5 263.6 263.8 263.2 262.4 260.8 258.9 257.4 254.9 253 249.3 246.4 245.7 244.9 241.2 237.1 233.7 230.8 227.9 225.2 227.5 228.2 229.2 229.4 230.6 232.4 232.8 238.7 239.5 238.6 237.8 238.4 239.5 239.2 243.9 245 241.1 234.7 223.1 221.9 218.5 214.8 211.3 209.2 210.2 223.3 205.1 197.4 191 187.8 190.6 195.5 194.5 202.5 210.4
233.6 238.6 245.5 253.7 263.3 277.2 286.5 292 294.4 295.8 296.3 296.1 295.4 294.5 292.9 291.3 290.2 288.4 285.1 283.6 280.5 275.6 272.1 270.6 269.3 268.4 272.2 270.9 267.1 266.7 265.9 264.6 258.5 255.2 251.5 251.5 254.8 249.4 247.4 243.6 238.9 234.5 233.7 232.3 234.1 234.8 235.7 236.9 238.9 239.3 245.7 252.2 255.5 255.8 256 256.1 254 250.7 253.1 251.1 243.7 230.4 224.2 223.9 223 218.8 211.6 208.2 208 205.7 202.6 193.2 190.7 193.3 196.4 200.2 198.1 203.7 212.5
230.2 236.3 243.6 252.2 262.6 278.9 289.6 295.4 297.2 298.4 298.7 298.1 297.4 296.2 296.5 296.5 294.6 290.5 289 287.2 280.8 278.2 275.2 273.9 273.2 272.4 272.5 274.2 273.4 272.5 270.8 267.5 261.1 259.2 260.1 260.8 260.5 258.3 253.4 248.6 244.4 241.9 240.8 240.1 240.4 242 242.8 244.4 245.2 247.7 252.1 261.8 273.2 272.2 272.4 269.8 263.3 257.6 258 257.2 249.4 232.9 235.1 235 228.5 220.8 213 209.3 207.5 205.3 199.9 192.7 194.9 197 200 203.2 201.4 202.9 211.7
231 236.2 244.1 253.4 263.1 278.1 288.1 295.2 300.5 301.9 301.5 301.6 300 302.1 302.4 302.1 300.3 298.6 296.9 293.6 290.8 284.6 279.1 279.1 278.6 276.9 270.3 275.9 276.7 275.2 270.3 267.6 269.1 263.1 262.2 263.4 263.7 263.8 261.9 255.9 249.4 249.1 248.6 247.5 247 248.9 250.6 252 253 256.5 259.6 265.6 273.6 271.1 265.8 263.8 262 260.1 258.1 256.3 248.9 243.7 246.7 241.5 232.7 221.4 213.5 209.6 205.9 202.3 194.5 193.3 196.4 199.5 209.1 212.1 211.5 206.8 208.3
234.3 239.6 247.2 255.1 265.6 275.8 286 295.5 303.5 305.6 305.6 305 302.9 300.9 304.9 305.3 304.1 302.8 301.5 298.4 296.3 291.3 286.5 284.7 284.8 283.7 275.7 277.6 277.7 275.1 273.6 266.5 265.4 258.3 268 269.6 265 266.8 266.5 265.2 259.4 256.7 256.6 253.7 252.5 254.7 256.8 258.6 259.1 263.4 265.7 267.9 266.3 264.6 263.5 263.1 262.6 262 260.3 260.9 257.1 254.7 250.1 243 233.1 220.8 212.2 208.9 203.7 196.2 194.2 196.2 200 208.3 215.4 218.3 219.5 212.4 208.9
238.8 243.2 251.5 258.7 266.4 277.5 287.9 299.1 307.6 309.9 309.1 306.2 309.7 309 308.6 308.6 307.5 306.2 305 302.9 300.5 297.4 292.6 290.7 290.8 289.5 283.9 279 279.8 277.6 278.2 276.8 264.3 255.9 253.8 255.2 274.2 270.8 267.8 268.3 266.4 264.2 261.6 259.5 257.9 259.3 261.2 262.3 264.7 267.5 268.2 268 267.4 265.8 261.1 263.4 262.4 262 261.4 259.9 257.9 256.5 252 242.4 230.3 216.8 209.7 204.8 206.6 201 199.8 200.1 208.4 216.2 223 222.4 221.8 216.5 211.7
242.3 247.8 254.9 261.6 269.1 281.7 294.3 306 311.7 313.1 311.3 313 313.4 313.4 312.5 311.4 309.8 308.7 307.5 305.7 303.2 300.9 298.5 296.2 295.1 293.8 292 288.7 281.7 279.4 280.2 281.4 280.9 265.7 262.9 258.3 255 261.1 272.5 268.7 269.4 268.9 266.2 265.1 264 265 266 267.9 269.9 269.5 269.5 268.8 267.8 266.4 264.7 263.4 262.1 260 259 258.7 257.2 254.3 247.5 237.8 222.6 212.5 207.6 204.8 204.8 204.8 204.8 207.9 217 224.4 226.7 226.1 223.9 219.8 216.4
244.5 251.3 258.2 264.3 274.2 288.4 301.5 313.3 315.3 315 314.8 316.1 316.8 316.5 314.9 313.6 312.7 311.3 309.6 307.8 305.8 304.2 302.5 299.6 297.4 295.7 293.1 283.5 282.8 282.3 282.2 283.1 277.8 265.4 262 275.2 257 255.2 275.7 274.4 272.4 271 271 270.9 270.7 270.5 271 271.8 270.4 270.2 269.6 268.7 267.7 265.9 264.8 263.7 261.4 257.8 255.9 256.1 255.7 249.9 243.2 234.3 221 212.5 204.8 204.8 204.8 204.8 206.2 216.6 228 229.6 229.9 229 225.8 221.3 221.2
247.7 254.5 260.4 267.9 282.4 296.7 310 318 318.2 317.7 317.8 318.8 318.9 318.2 316.9 315.6 314.4 312.6 311.3 310 308.2 306.1 304 301.1 298.3 295.9 293.4 289 285.7 284.9 284.4 284.7 276.2 283 282.3 281.6 279.3 278.6 283 278.7 275 273 272.6 272.1 272.4 272.3 272.4 273.1 271.4 270.8 270.9 269.3 268.2 266.2 265.1 263.1 260.8 257 252.6 250.3 248.8 244.8 239.1 231.1 219.9 207.3 204.8 204.8 204.8 204.8 215.5 227 232.8 233.1 232 229.4 225.6 223.3 223.3
250 257.4 263.6 273.5 288.1 302.5 312.6 320 321.4 321.4 320.4 320.7 320.9 319.7 318.3 317.5 316.2 314.3 312.6 311.1 308.8 307.3 305.4 302.8 300.1 297.7 296.4 296 294.6 292.1 290.7 275.3 273.9 286.9 287.1 286.4 285.9 283.6 286.4 282.9 278.6 275.6 273.8 273.5 275 273.8 273 272.9 272.4 272.6 271.8 270.2 268.5 266.7 264.4 262.6 260.4 257.8 254.3 248.9 243.5 239 233.2 227.1 219.9 204.8 204.8 204.8 204.8 213.9 225.3 236.4 238 235.9 233 229.9 226.8 225.2 223.2
254.4 261.1 268.2 278.2 294.1 307.8 316.9 322.2 323.6 323.5 322.2 321.1 321.4 320.7 319.7 318.4 317.4 315.3 313.5 311.9 310.1 308.6 306.5 304.2 301.2 299.7 299.5 299.3 298.3 296.8 295.8 293.9 292.6 291.2 289.8 289.3 288.6 287.4 287.3 282.9 281.5 279.9 278.3 279.2 277.2 275.1 274.3 273.8 272.3 273.2 271.1 270 268.5 266.7 264.7 262.7 260.3 258.2 255.7 251.2 247.2 242.6 237.3 230.2 223.1 204.8 204.8 204.8 210.6 221.5 234.3 240.9 240.3 235.5 232.4 229.7 227.5 224.9 225.2
259.8 265.3 273.1 283.3 298.5 310.8 319.1 323.5 325.6 323.9 322.8 322.4 322.8 322.5 322.9 322.9 320.8 316.5 314.6 312.7 311.4 309.9 307.6 304.6 302.3 301.7 301.8 302.4 302 300.1 298.5 297.1 295.8 294 292.7 291.8 290.7 289.9 289.1 285.5 284.4 283.2 282.6 281.1 279.3 276.6 274.6 273.1 270.2 271.9 270.3 268.6 266.9 265.7 264 262.2 260.1 257.3 253.2 249.7 245.8 240.7 233.5 226.7 220.3 204.8 204.8 204.8 217 229.4 240 242.2 240 234.9 233.2 231 228 228.5 227.9
264.5 270.5 279.2 292 304.3 318 323.8 327.3 326.6 325.5 325 325.7 324.9 324.8 324.5 324.2 322.6 318.4 317 315.8 314.1 311.5 309.2 307.2 304.4 303.4 303.7 306.3 306 303.4 301.2 298.9 297.7 296.1 294.8 293.4 292.4 291.3 289.8 287.5 285.8 284.6 283 281.2 278 276.3 273.9 271.9 268.5 267.4 266.9 264 260.6 259.1 256 254.8 251.5 248 243.3 240.1 236.5 232.3 225.5 219.4 212.2 205.7 204.8 206 218.2 230 243.1 241.8 235.6 234.6 234 231.3 230.7 232.6 231.7
269.8 276.6 288.1 301.1 315.4 324.3 326.1 327.5 327.4 327.2 326.8 327.2 327.2 327 326.4 326.2 325.1 322.2 320.8 318.8 316.3 313.5 311.4 310.3 309.4 308.7 307.9 305.5 305.4 303.8 302 300 298.6 297.7 296.1 294.5 293.4 291.9 290.4 288.1 285.8 284.8 283.4 280.4 278.2 273.8 269.4 265.9 261.6 261.7 262.2 256.1 255.7 254.9 255.6 246.5 247.9 241.7 236.1 222.5 222.2 220.3 219.7 217.5 214.8 213.6 204.8 206.3 213.8 222.5 232.7 240 235.1 235.9 234.4 232.4 234.7 235.6 236.3
276.5 285.9 298.5 311.6 323.4 329.1 330.5 330.5 330.4 329.8 330.5 329 328.8 327.7 327.6 327.8 327.4 326.2 324.4 323.1 319.6 317.8 316.3 317.8 315.6 311.7 308.2 305.9 304.2 303.2 301.3 299.6 298.8 298.8 297.8 295.5 293.6 291.8 290.4 287.7 285.8 284.3 282.5 279 276.7 276.7 270.2 266.4 267.1 267.5 264.2 265.8 266.4 267.3 265.3 260.7 255.6 247.7 240.2 231.2 227.5 227.2 227.6 228.3 226.9 223.6 214.4 207.8 207.6 211.2 220.1 231.2 235 235.7 233.2 234.9 237.5 240.7 242.2
287.2 299.5 311.4 323.8 331.5 332.9 334.3 335.2 335 333.7 333 332 332.3 329 329.8 329.6 330.1 328 326.5 324.7 324.4 322.9 320.5 316.8 312.6 309.3 306 303.9 301.8 300.7 298.8 297.2 294.9 294.8 295.2 293.4 291.4 289.8 288 286 284.3 281.7 280.4 279.7 278.3 275.8 270 269.8 269.7 268.8 270.1 268.2 269.3 269.2 267.8 264.2 261.9 259.7 247.9 244.6 241.2 239.7 237.9 237.5 234.1 229.1 230.5 220 214 213.7 222.9 227.9 229.8 234.9 234.5 236.4 240.6 244.4 247.6
301.4 314.1 326.6 331.3 333.6 334.4 337.1 337.4 337.8 338.4 334.6 334.9 333.6 332.4 333 331.3 330.9 330 327.1 325.1 324.1 322.5 319.8 316 312.2 306.9 302.8 300.9 298.4 296.6 294.5 292.7 289.5 288.8 288.8 288 286 285.6 284.4 283 281.4 279.9 278.7 277.1 274.6 272.9 271.8 271.3 271.7 272.3 270.9 270.2 271.3 270.4 268.5 266.3 263.9 260.5 252.4 253.2 244.8 239.7 236.6 237.6 231.4 227 227.7 234.9 229.9 221.9 225.1 227.5 225.6 232.7 236.6 238.9 242.5 247.6 251
314.5 325.9 331.9 334.4 335.1 336.6 337.4 337.3 338.9 338 337.4 336.5 335 333.8 333.3 331 329.9 328.4 327.4 325.5 323 321 317.8 313.7 309.7 305.1 301.6 298.6 295.3 294 289.9 288.1 286.3 284.8 283.4 282.8 282.7 281.3 280.4 279.8 278.9 278.4 276.5 276.1 275.5 274.3 274.9 275.3 275.4 274.4 273.2 272.7 272.6 271.8 270.3 268.1 264.4 258.8 258.2 258.5 246.8 225.3 224.3 224.9 225.2 226.6 224.3 225.6 234.4 225.9 224.7 226.8 226.7 229.9 234 239.4 244.9 249.4 253.7
321.9 328.2 332.3 333.9 335 336 336.6 337.4 338.5 338.1 337.1 336.7 335.9 336.2 332.7 330.6 328.2 325.6 324 323.2 321.1 319 315.2 311.6 307.3 303.3 299.6 297.2 294 290.1 288.8 286.7 285.7 284.7 285.1 283.6 281.1 281.8 281.1 279.3 280 279.9 278.4 278.2 277.7 277.7 277.4 277.2 275.2 274.9 274.1 274.5 273.6 273.3 271.8 270.6 268.2 267.2 263.6 264.5 251 226.2 223.3 223.3 223 225.7 226.5 240.7 234.6 227.4 217.1 220.8 226.7 228.3 233.7 239.2 246 250.3 255.9
324.1 327.9 330.7 330.6 332.4 334.5 335.7 336.9 336.1 336.1 335.5 335.4 334.7 333.7 332 330 327.3 325 323.1 320.7 318.5 315.5 313.2 310.3 305.6 300.9 298.4 296 292.5 291.6 288.3 287.2 287.3 287.9 287.6 285.4 285 284.6 283.4 282.6 281.9 281.4 280.8 280.1 280.1 279.5 278.6 277.6 276 275 273.9 273.9 274.2 274 274.1 272.7 270.8 267.4 267.1 265.9 243.5 225.4 223 222.9 227.8 232.7 241.5 240.9 235.6 225.4 214.2 226.4 227.6 228.6 233.5 239.5 247 250.9 257.9
322.9 326.6 327.9 329.3 330 332.6 333 333.3 333.5 334.3 333.4 332.8 331.8 332.2 330.4 329 327.1 325.1 322.7 320.2 316.7 313.3 310.8 307.4 303.1 299.6 297 294.3 292 292 289.2 288 288.3 289.1 289.7 288.2 286.8 286.2 285.7 285.3 283.6 283.4 283.1 282 281.4 280.7 279.7 278.1 276.3 275.3 275.3 273.3 273.3 272.5 273 272.9 270.8 269.3 266.6 261.9 258.2 250.4 247.7 245.5 245.6 246.2 243.6 238.9 235.2 225.5 215.5 218.5 222.2 227.6 233.7 239.6 246.4 251.7 261
321.1 325 325.8 326.5 328.3 330.6 330.7 331.5 331.9 332 331 330.2 329.4 329.7 328.1 326.8 326.1 324.3 322.2 319.1 314.2 311 307.8 304.4 300.7 298.3 296.5 296 295.1 292.2 289.7 291.5 291.2 292.8 292 290 289.5 288.1 288.5 287.4 286 285.6 285.4 284.4 283.8 282.7 281.4 279.2 276.7 276.5 277.2 277.7 274.9 277.8 274.5 271.9 267.6 266.2 262.5 257.7 251.8 245.1 243.2 243 241.7 239.9 237.2 233.4 229.6 222.3 216.1 217.3 221.1 226.2 232.4 239.6 245.8 253.8 265.1
321.5 322.4 323 325.6 327.2 328.2 329.3 329.8 329.9 329.8 329.4 328 328 328.6 326.6 325.8 325.1 323.2 321 316.8 311.8 307.8 305 302.5 300.3 299.2 297.8 297 294 291.2 293.3 295.1 295.8 294.8 293.1 292 292.1 290.9 290.3 290.8 289.6 287.9 288 286.8 286 284.9 284.1 282 278.2 278.6 279.7 279.5 280.6 280.2 280.8 274.3 272.8 267 266.9 262.4 257.6 247.3 244.7 240.6 236.2 233.1 231.8 230.1 224.2 218.7 216 217.6 222.7 226.3 231.2 239.2 246.6 257.4 269.8
320.6 320.7 322.5 324 324.9 325.6 327.1 327.6 327.6 327.3 326.4 326.2 326.2 326.4 326.2 325.3 323.7 321.8 318.8 313.2 309.8 306.7 304.9 303.9 301.8 299.7 297.5 295.3 292.8 294.7 298.8 299.3 298.2 297.3 294.8 293.5 293.5 292.8 292.1 291.9 291.7 291 290.1 288.9 287.7 287.3 286 283.9 279.8 282.1 282.8 281.9 281.8 281.9 282.3 276 273.5 274.1 268.3 264.5 261.2 258.1 253.8 252.6 250.6 247.6 238.7 232.1 226.2 218.4 217.9 218.1 223.6 226 231 240.3 249.7 262.6 274.7
