public/OST50/SE05.asc
ncols 200
nrows 200
xllcorner 400000
yllcorner 450000
cellsize 50
[rows 35 to 69 of 200, columns 0 to 77 of 200]
429.5 426.2 422.7 419 414.7 410.6 408.5 404.1 400.9 396.3 391.6 389.7 387.9 383.1 378.4 374.3 369.3 367.4 370.2 371.7 372.5 372.6 371.5 372.7 374.1 376.1 377.4 377.2 379.2 381.4 383.3 385.3 386.7 387.7 386.5 387.4 387.7 387.4 386.4 384.4 382.3 378.6 372.5 366.3 360.3 353.3 346.2 341.2 337.6 333.3 330 330.9 331.3 328.5 324.8 320.6 315.2 309.3 304.1 301.1 296.5 291.8 287 281.5 277.5 273.9 269.2 265.4 260.1 256 253.2 249.4 246.7 244.4 240.9 237.8 232.9 230.8
428.2 424.9 421.2 416.8 412 408.4 404.8 400.3 400 395.7 391 390.9 387.8 383.2 379.8 371.7 367.8 363.3 362.2 365.6 366.6 366.8 367.2 368.4 368.9 370 370.7 371.6 373.6 375 377 379 381 382.4 380.8 382.5 382.3 382.5 381.1 380.3 378.7 376 370 364 357.1 349.7 342.4 337.6 332.7 328.9 326.7 325.9 327.2 325.6 322.5 318.7 313.4 308.6 304.3 300.7 296.7 292.3 288.7 285.1 280.3 276.8 273.6 269 263.9 260 256.8 251.2 248.8 246.6 244 241.2 237.9 234.4
426.9 423.4 419.7 414.2 409.6 406.6 403.3 400.2 397.2 393.7 390.2 390.6 387.3 383.6 381 373.7 370.6 366.4 360.6 358 358.8 360 359.9 360 361.4 363.2 364.2 365.9 367.7 369 371.2 373.4 375.2 375.3 376.2 376.4 377 377.1 377.1 375.9 374.4 371.7 367.2 361.1 354 346.3 340.9 332.3 328.5 324.7 321.7 320 321.8 322.6 320.3 316.9 313.1 308.7 305.2 301.2 297.2 293.8 290.2 286.7 283.3 279.4 276.2 272.6 268.7 264.3 258.9 254.6 251.1 248.2 245.2 242.3 239.4 236.7
425.8 421.5 416.7 411.6 407.3 404.5 401.8 399.3 396.1 393.6 390.5 390.3 385.9 382.2 380.3 373.8 370.5 368.4 364.2 358.8 358 358 358 358 358 358 358 358.8 360.6 363.6 365.5 367.4 369.2 369.2 370.4 371 371.4 371.5 371.6 371.9 369.7 367.4 363.4 357 349.5 341.9 332.6 326.3 323.6 320.8 318.7 317.5 319 320.4 318.9 316.3 313.4 309.7 306.3 302.4 298.5 295.4 291.8 288.1 284.7 281.5 278.7 275.4 271.4 266.4 260.3 256.2 252.8 249.9 246.3 242.8 239.6 236.6
421.5 417.2 412.5 408.3 405 401.8 399.2 397.5 395.8 393 390.3 388.3 385.2 381.6 378.7 375.2 371.6 371.1 366.9 358 358 358 358 358 358 358 358 358 358 358.5 360.6 360.5 361.7 362.6 363.8 364.7 365.7 365.7 365.6 365.1 364.3 362.6 359.9 355.4 342.9 334.3 326.1 320.3 318 316.3 315.2 315.2 316 315.5 316.3 314.5 312.7 310.7 307.4 303.6 299.8 296.7 293.5 289.8 286.1 283.5 280.8 278.1 273.6 267.8 261.1 256.3 254 251.7 248 244.4 240.7 237.3
417.7 413.5 409.2 406.2 402.4 399.2 396.7 395.6 394.5 392.2 390.4 389.6 384.9 382 376.6 372 370 368.6 366.8 364 358 358 358 358 358 358 358 358 358 358 358 358 358 353.7 356.9 357.6 359.5 359.3 359 358.5 358 357.3 354.8 351.5 342.9 328.1 320.8 315.3 312.8 313 312.7 312.9 312.2 310.2 310.2 312.1 310.4 310.5 307.2 304 301.2 298 294.9 291.7 288.5 285.4 282.8 279.8 275.4 269.6 262.4 258.1 255.2 252.8 249.8 246.3 242.2 238.7
414.3 411.5 408 404.4 400.8 397.8 394.6 393.4 392.2 390.7 390 388 384.2 380.3 371 367.7 366 364.7 363.5 361.3 358 358 358 358 358 358 358 358 358 358 358 358 351.7 350.7 350 351.8 351.9 351.6 351.4 351.1 350.5 350.6 349.9 346.5 343.2 328.4 318.9 311.8 310.4 310.3 310.2 310.1 309.8 309 308.9 309.9 310.3 308.8 306.3 303.4 301.5 299.3 295.8 292.9 290.4 287.2 284 280.6 275.9 270.8 264.8 259.5 256.9 254.2 251.5 248.4 244.1 240.2
411.3 407.8 405.8 402.5 399.2 395 392.9 390.9 389.9 389.3 387.3 385.8 382.5 379.3 370.2 364.4 363 362.4 359.9 358 358 358 358 358 358 358 358 358 358 358 358 358.1 343.9 345 345.4 345.6 347.3 345.6 344.4 344 344.1 344 343.6 342.9 339.2 329.3 316.1 307.5 305.4 308.5 310.9 310.9 308.1 307.6 308.9 309.4 304.6 304.4 304.6 302.5 300.9 297.9 295.1 293 290.7 287.6 284.6 281.4 276.5 271.9 267.3 261 258.1 255.5 252.9 250.8 248.3 243.5
408.3 404.4 402.4 400.3 396.5 392.1 390.5 389.2 386.5 384.5 381.4 382 381.2 376.2 369.4 365.9 362.1 358.3 358 358 358 358 358 358 358 358 358 358 358 358 358 348 338.7 339.7 340.1 338 339.7 340.4 338.3 337.8 337.8 337.2 336.9 336.8 333.6 326.9 314.8 304.2 303.2 305.4 308.2 309.5 306.8 303.4 305.2 304.1 299.1 301.1 300.3 301 299.7 297 294.4 292.1 289.8 286.8 284 280.9 276.7 272.1 267.5 263 259.2 256.5 254.2 252.6 251 249.3
403.7 401.1 398.3 395.2 391.8 388.3 385.5 382.9 380.5 380.3 378.2 377.8 378.2 372.1 363.9 361.2 357.9 358 358 358 358 358 358 358 358 358 358 358 358 358 351.6 340.6 332.9 333.1 332.8 329.8 334.2 334.2 333.6 331.8 331.5 330.5 330 329.3 327.7 323.2 311.5 302.4 300 302.3 305.5 306.3 304.3 301.4 301.7 300.7 300.1 299 299.4 299.8 297.8 295.9 293.7 291.3 288.8 286.7 283.8 280.9 277.9 273.9 269.3 264.7 260.3 257.6 255.7 254.4 253.1 250.8
401.2 397.9 391.6 390 388.3 384.7 385.5 383.3 381.1 380.9 378.9 375.8 374.8 371.2 372.2 371.6 365.8 360 359.4 357.9 357.4 358 358.9 359.6 359.1 358 358 358 358 357.5 342.6 332.8 324.8 317.6 322.7 320.8 327.4 328.3 327.4 325.7 324 323.7 323.5 322.1 320.4 317.4 311.4 301.7 300.2 300.7 303.7 304.6 303.1 297.6 297.2 296.4 300.9 299.7 297.2 296.1 295.5 293.6 291.6 290.2 288.3 286.2 284.2 281.6 278.9 275.1 271.3 266.7 261.4 258.7 256.7 255.4 253.9 252.1
397.9 393.5 390.1 387.9 387.6 388 388.2 387 385.1 388 387.3 386.3 386.7 383.6 378.9 375.3 370.8 365.2 362.3 360 358.9 358 359.7 360.3 359.2 358.3 358 358 358 347.9 338.4 334.8 331.5 326.9 321.6 313.8 305 312.2 320.2 317.9 316.7 316.7 316 314.5 312.3 311.4 307.2 299.4 294.6 298.6 301.2 303.9 302 297.3 290.6 290.7 295.4 296 293 290.7 292.9 291.5 290.5 289.3 287.1 285.6 283.8 281.6 279.8 276 272.2 268.3 262.7 259.9 257.1 255.5 253.8 252.2
394.5 391.5 389.4 388.8 391.5 393.9 396.4 397.6 400.1 402.5 401.2 398.1 396.5 392.9 387.5 381.3 375.5 370 365.8 363 360.4 359.7 359.9 360.3 359.2 358.1 357.7 358 353.1 348.9 344.6 340.2 336.1 329.7 323.7 321.9 317.1 299.6 308.2 309.9 310.4 309.3 308.6 306.9 305.1 304.3 301.8 296.9 290.5 293.6 297.7 301.6 301.3 298.9 292.2 287.9 289.9 291 289.4 289.1 290.4 290.5 288.4 287.2 285.9 284.4 282.9 281.1 279.1 275.3 271.6 267.5 262.5 259.5 257.2 255 253.7 252
392.3 391.5 391.9 399 403.2 407.9 412.8 413.5 415.3 414.4 411.8 409.4 406.3 401.8 395.5 389.6 383.8 377.5 370.4 365.9 363.1 361.5 360.1 360.4 360.1 359.3 358.7 359 357.7 354.4 351.1 347.8 340.6 333.4 328.1 325.6 322.1 314.7 298.9 289.4 300.2 302.7 301.8 299.5 299.8 298.8 297.2 292.9 287 289.7 293.9 298.3 298.4 295.5 290.2 283 284.6 286.4 287.2 285.6 286 286.7 285.8 284 283.1 282.7 281.2 280.8 279.1 275 271 266.8 262.7 259.5 257.2 254.9 252.9 251.7
393.1 398.6 405.8 414 418.4 420.9 420.6 421.3 421.2 420.9 419.1 416.6 414.3 411.8 407.1 400.7 393.9 386.4 379.1 372.6 367.3 363.7 362.2 361 360.6 360.2 359.7 360.2 360.6 358.3 356 352.3 346.9 340.2 334 327.7 322.8 315.7 309.9 310.4 292.7 293.1 294.9 292.1 293.7 294 292.4 289.7 280.8 282.6 287.7 292.1 292.4 290.2 287.5 283.2 278.6 280.2 283.6 282.4 281.5 283.1 283.3 281.8 280.2 280.8 280.8 280.3 277.9 275.2 271.2 267.8 262 258.4 256 254.2 252.4 250.3
404.6 411.4 417.2 420.3 424.6 423.2 423.5 423.3 423.1 425.6 424.3 422.6 420.1 417.2 414.4 408.5 402.3 395.5 389.7 381.1 372.5 368.4 364.3 363 361.7 361.1 360 360.6 359.6 359.5 357.3 354.8 350.9 345.5 338.7 331 320.9 316.8 310.8 310.2 305.3 294.6 282.5 278.6 286.5 288 287.9 284.8 279.3 280.1 283.3 285 285.4 285.2 283.3 280.3 278 275.3 278.8 280.3 279 280.2 279.8 279.6 277.5 278.3 279.1 278.6 276.4 273.7 271 267.3 261.5 257.8 253.6 252.4 250.6 247.8
413.4 416.4 420.2 422.4 422.1 422.5 423.5 424.2 427.1 430.4 428.3 427.1 425.2 422.5 418.7 414.3 408.4 401.8 394.9 387.2 381.1 373.5 368.5 367.5 366.3 362.6 361 359.9 359.1 358.7 356.8 354.5 351.3 349.2 341.6 333.2 318.9 316.5 309.7 306.4 308.7 301.1 295.1 290.3 268.3 281 282.6 281.3 272.8 277.1 279.3 278.1 277.2 279.4 277.4 276.7 274.8 269.8 272.6 274.1 273.6 274.9 275.1 274.4 271.8 274.2 276.4 275.4 274 272.2 269.4 264.7 259.5 254.9 251.6 250.5 248.5 246.3
413.7 417.2 419.8 420.8 419.8 421.7 423.4 425.5 429.6 430.9 430.9 429.9 429.3 426.8 421.4 417.2 413.1 406.8 399.5 394.4 390.4 383.8 377.8 374.8 371 366.4 364.2 361.6 359.4 357.3 355.7 353.5 350.1 349.2 344.2 336.9 328.2 320.5 310.6 305.9 304.9 301.2 296.8 291.7 284.1 271.9 269.3 274.5 264.4 271.5 273.4 272.4 273.6 273.3 273.2 273.3 273.4 272 269.1 270.6 269 270.9 270.7 270.7 269.1 270.3 272.6 272.4 271 269.9 267.1 262.1 257.9 254 250.2 248.2 246.8 245
413.2 416.5 418.6 419.8 419.4 420.5 423.2 426 429.2 430.6 430.9 430.9 430.9 428.8 423.9 418.2 414.6 409.4 404.3 400.4 396.5 391.7 386.1 381.1 375.4 369.8 367.5 363.7 360.5 356.8 354.9 352.3 349.9 347.6 343 336.8 330.9 321.1 313.5 308.2 303.4 300.1 299.7 294.8 290 281.3 271.1 263.2 259 255.2 260.6 266 268.1 269.4 269.7 269 270.9 271.8 265.7 264.1 264.5 263.5 265.7 265.9 265.7 267.4 269.3 270.9 269.5 267.4 264.7 260.2 256.3 252.4 248.6 245.9 245.1 243.5
411.5 413.5 415.1 416.9 418.8 420.7 422.6 425.2 426.5 428.8 430.3 430.9 430.9 430.8 426.2 420.1 416.2 411.9 408.5 405.6 401.2 397.3 392.9 387.5 382.2 375.8 370.9 367 362 357.5 354.1 351.2 349.4 345.6 341.8 338.4 332.4 325.8 318.6 308.3 305.3 299 300.4 296.1 291.7 286.8 282.8 277.7 270.2 263.1 255.4 253.6 261.6 264.1 266.2 266 265.8 265.9 263.2 260.5 260.3 258.8 261.1 261.3 260.8 262.7 264 265.7 266.8 264.5 262.2 258.5 254.4 250.3 245.8 243.7 242.6 242
411.1 410.8 412.6 414.4 416.5 418.7 420.3 421.5 423.6 426.6 429.4 429.4 432.7 432.1 427.9 422.6 418.9 416.2 413.3 411 407.3 402.6 397.6 393.1 387.6 380.6 375.3 370.5 364.5 359 354.5 351.7 348.6 345.1 341.5 339.1 332.6 328.3 322 318.4 312.1 305.1 300.3 294.9 290.5 291 285.2 281.3 279.6 273.6 268.4 259.7 251.1 247.5 251.6 260.8 260.6 259.5 258.7 258 256.6 253.7 255.9 255.2 254.9 257.4 258.3 259.7 261.7 261.6 260.5 256.3 249.9 247.2 243.4 240.6 240.5 241.2
407.6 409.1 410 412.1 414 415.9 417.8 418.8 421.4 424.1 427.2 430.7 434.5 431.9 429.2 425.5 422.1 420.3 418.2 416.3 413.7 410.6 404.5 397.5 392.8 386.6 380.8 374.7 367.3 361.9 356.7 351.2 347.7 344.4 342.6 340.7 333.8 332.7 329.5 323.6 317.4 313.5 308.5 297.9 289.3 286.8 280.8 280.3 279.7 276.9 274.1 270.4 266.4 262.1 248.7 239.8 251.6 252 250.4 250.9 248 249 250.1 249.8 249.9 251.4 251.3 251.8 251.8 253.5 254.4 252 247.9 244.6 240.7 238.4 239.3 241
404.1 406.4 408 409.4 411.3 413.2 415.3 418.5 420.4 421.4 424.4 428 430.2 430 430 428.2 425.1 424.2 422.1 421 419.6 415.6 409.4 402.7 397.1 390.9 385 378.8 370.6 364.9 359 352.1 347.5 344.9 343.9 341.5 338.1 335.7 332.2 326.4 320.3 319.1 314.6 307.8 299.5 293.2 286.8 282.2 279.6 273.3 270.4 271.9 271.5 266 260.2 252.5 239.1 237.3 243.9 238.9 234 235.9 243.7 244.8 242.5 243 242.8 242.5 241.6 242.4 242.9 243.3 242.2 241.4 238.4 236.8 237.6 239.6
401.1 403.6 406 407.9 410.4 411.5 414.3 416.1 417.8 419.6 421.2 424.1 427.3 429.2 430.2 430.5 427.7 426.8 424.5 422.8 421.5 419 413.5 407.6 401.3 394.8 388.9 381.8 374.7 366.6 359.5 353.2 348.2 347 346.3 343 339.7 337.3 334.3 329.5 325.6 321.4 317.3 313.2 307.1 300.7 294.8 289.9 285.1 281.8 272.3 265.2 264.5 261.4 255.7 250.3 249.4 244.7 231.1 231.2 226.4 224.4 227.4 235.6 235.1 234.5 233.7 233.3 232.8 233.2 233.1 233.3 233 233 233.9 232.3 234.7 237
399.3 400.8 403.7 405.7 407.9 410.6 413.1 415 416.5 418 418.8 420.4 423.6 426.4 427.6 427.6 426.1 425.4 424.8 422.4 421.5 421.1 415.6 409.3 403.4 397.5 391 384.4 377.3 366.4 360.1 355.3 350.4 350.4 348 344.7 341.2 338.6 335.9 331.7 328.1 324.4 320.3 315.9 310.5 304.5 298.7 292.1 286.6 283.9 281.4 273.6 267.5 264.1 262.2 258.9 250.3 240.7 238.3 234 231.3 228.5 222.1 220.6 223.8 225.5 226.2 226.3 226 226.3 226.2 225.3 225.5 226.3 228 227.8 231.2 234.9
399.3 400.7 403.1 405.5 407.7 409.8 412.1 413.9 415.4 417.3 418.9 419.6 421.8 423.1 423.8 424.1 424.4 423.9 423 421.1 420.8 420.4 416.2 411.6 405.6 399.3 392.5 385.5 377.2 365.1 362.3 359.4 355.1 352.9 349.7 346.2 342.6 340.9 336.2 332.9 329.1 325.5 322.2 318.5 313.4 307.9 301.7 295.1 287.8 284.6 282 280.4 275.3 271 266.5 260 256.6 252.8 246 237.6 230.7 226.7 223 216.2 216.3 213.3 219.3 220.3 220.6 219.8 217.4 215.1 216.8 218 219.6 221.5 225.7 230
399 400.1 402.6 404.9 407.4 409.1 411.3 413.3 415.1 416.9 418.8 419.7 421.8 423.5 424.4 424.4 424.3 423.9 422.5 419.8 417.8 417.2 413.7 410.5 406.3 401.2 395.2 388.1 376.1 376.3 372.4 363.7 356.6 354.9 351.2 347.4 343.7 340.4 336.4 332.4 330.1 326.8 322.7 319.4 315.3 311.1 303.9 296.3 288.8 285.1 282.4 280.1 277.2 273 270.5 267.4 263.6 258.3 253.2 247 237.5 231.7 225.3 218.9 217.7 211.7 211.7 211.7 211.7 211.7 211.7 211.7 211.7 211.7 211.7 211.7 211.7 217.4
400 400.5 402.5 405.1 407.4 409.7 411.7 413.8 415.4 417 418.6 420.6 422.7 424.5 425.3 425.8 426.4 424.7 423.1 421.2 418.1 415.2 412.5 409.7 406.4 401.5 395.7 389.1 382.5 385.9 380.3 374.9 367.3 355.2 353.3 348 342.7 339.1 334.8 330.7 329.6 325 319.8 317.9 314.3 309.8 303.7 296.3 289.5 285.8 283.3 281.6 280.9 277.3 275.1 272.1 267.9 262.2 252.3 248 243.3 240.7 234.3 226.9 220.5 216.3 211.7 211.7 211.7 211.7 211.7 211.7 211.7 211.7 211.7 211.7 211.7 211.7
400.8 401.5 403.3 405.3 407.7 410.1 412.3 414.4 416.3 418.1 420 422 424.1 425.6 426.6 427.5 428 426.3 425.3 423.4 420.3 416.7 413.9 410.8 406.9 403.8 399.9 396.8 393.5 390.6 386.5 380.6 375.3 368.2 355 351.1 346.2 340.5 335 329.3 326.2 322.3 318.5 315.4 312.3 307.8 301.5 294.3 288.9 285 282.7 281.5 281.1 280.1 278.1 274.7 271.9 265.9 258.3 251.7 246.5 243.9 241.9 235.8 229.9 222.7 215 211.7 211.7 211.7 211.7 211.7 211.7 211.7 211.7 211.7 211.7 211.7
400.4 403.1 404.6 406.5 408.8 411 413.4 416 417.6 419.5 421.4 423.5 425.5 426.9 428.6 429.4 431.1 427.8 427.2 424.8 421.6 418.6 415.4 411.7 410 407.3 404 399.7 395.9 392.9 389.4 384.7 378.7 371.5 363 354.6 350.6 343.3 336.5 329.6 322.4 319.6 316.2 312.3 309.9 304.9 298.7 292.2 287.3 283.8 281.6 281.1 281.1 280.5 279.5 276.5 273.2 269.4 263.2 255.5 247.6 244.9 244.5 241.4 237.1 227 221 211.7 211.7 211.7 211.7 211.7 211.7 211.7 211.7 211.7 211.7 215.4
402.1 404.2 405.7 407.8 410.2 413.1 415.6 417.6 419.2 420.3 421.7 423.3 425.7 427.9 429.6 430.8 430.7 426.7 427.2 425.2 422.7 419.6 416.9 414.3 411.7 411 407.2 401.4 398.4 395 391.9 387.2 382.2 376.1 370 360.2 354.2 347 339.2 332 324.3 317.4 312.4 308.6 304.6 301.1 296 290 285.3 282.5 280.1 280.7 280.9 279.7 280.5 276.9 273.2 270.7 266.7 259 249.4 246.8 244.8 243 240.1 231.4 223.5 217.2 211.7 211.7 211.7 211.7 211.7 211.7 211.7 211.7 211.7 213.2
403.9 405.3 407.1 409.9 412.9 415.6 418.1 419.4 420.9 421.6 421.6 422.9 425.1 426.5 427.7 428.5 427.8 426.1 424.4 422.7 420.9 421 418.6 415.9 413.4 410.6 409.2 403.4 399.5 397.2 394.5 391.2 386.8 380.7 374.1 367.7 361.2 354.5 347 338.1 326.4 320.6 313 306.5 302.1 297.4 292.6 288 282.5 280.1 277.8 277.1 277.9 277.8 278 275.5 274 270.1 267.2 261.1 253.2 247.8 243.7 242.1 239.1 231.1 224.7 219.3 211.7 211.7 211.7 211.7 211.7 211.7 211.7 211.7 213.7 202.2
406.8 407.7 409.4 412.4 416.2 418.3 420.3 422.4 423.3 423 422.1 422.4 423.9 424.9 426 426.2 424.4 422.9 421.5 420 420.4 420.4 419.5 417.3 414.9 412.3 409.2 407.4 402.2 399.1 398 396.6 391.3 384.8 378.7 372.3 367.5 361 352.9 344.4 329.2 321.9 316.9 309.6 301.4 295.6 289.6 286.9 282.7 280 277.8 274.8 272.7 271.6 272.8 273.5 273.4 270.9 266.2 261 254.7 249.6 245.3 240.3 235.3 229.5 224.1 219.8 211.7 211.7 211.7 211.7 211.7 211.7 211.7 213.2 212.8 198.1
409.3 411.3 415.5 418.1 418.4 420.6 421.7 424.7 427.3 426.9 424.8 422.5 422.8 423.3 423.9 423.1 421.1 419.7 418.2 416.8 418.3 418.4 417.9 417.8 416.3 415 412.3 410 407.8 404 401.8 400.2 395.4 389.5 383.7 378.4 373.1 365.5 356.9 350 341.4 328.8 319 309.8 304.8 298.3 293.9 289.9 288.7 286.8 281.9 278.1 275.6 270.4 270.1 271.8 273.3 269.7 264.5 259.5 255.8 251.2 245.8 239.2 234.5 229.1 223.5 220.5 216 211.7 211.7 211.7 211.7 211.7 211.7 213 200.4 190.5
413.4 415.7 420.4 421.2 421.9 422 422.2 426.1 427.8 427.9 426.9 424.3 422.6 422.5 421.2 419.8 417.8 416.4 415 415 415.9 415.2 414.4 413.9 416.2 417.5 415.1 411.2 410.2 407.2 404.1 401.2 397.9 393.2 387.9 383.8 378.7 370.1 360 353.1 345.1 335.8 326 319.9 310.2 306.7 299.8 298.8 298 293.9 289.9 284.2 277.7 272.3 269.5 269 269.7 267.3 262 258.4 254.8 250.3 244.9 238.4 233.4 229.5 225.9 223.3 215.8 211.7 211.7 211.7 211.7 211.7 216.5 209.1 191.9 189.3
