public/OST50/SE05.asc
ncols 200
nrows 200
xllcorner 400000
yllcorner 450000
cellsize 50
[rows 0 to 34 of 200, columns 0 to 77 of 200]
458.1 465.3 467.9 470.9 473 473.9 474.4 476.8 478.8 480.9 482.9 483.9 482.9 482.2 481.3 482.1 483.2 480.5 478.7 477.1 475.1 473.1 470.6 468.1 465.7 463.8 462.6 462 457.2 454.5 451.2 447.9 442.8 438.8 434.8 431.1 429.8 428 427.6 427.4 427.6 427.5 427.7 428.6 427.9 426.4 423.9 421 418 414.6 411.3 406.6 400.3 396.8 391.6 386.6 379.2 376.7 370.8 367 361.7 355.5 346.7 335.8 325.9 317.6 310.5 302.8 296 286.8 274.6 256.9 242.8 231.3 222 215.1 208.3 201.8
459.3 466.6 469.8 472.6 474.8 476.9 478.7 481.3 482.9 484.8 486.6 487.9 487.1 487 487.4 488.5 487.1 486.1 484.9 482.7 479.8 477.4 474.9 472.4 470.5 467.8 463.3 461.5 459 455.6 451.5 449.7 444.1 439.9 436 432.4 430.9 426.9 424.8 424.7 423.8 423.2 422 422.2 423 423.3 422.1 418.8 415.2 412 409 404.5 399.8 396.3 391.9 387 380.3 376.8 371.3 366.4 361.7 353.9 347 339.5 329.7 319.6 314.9 311.4 306.5 302 294.2 281.9 262.8 242 232.9 224.1 217.1 210.4
461.6 468 471.1 474.5 478.5 480.3 482.8 484.3 486 487.9 490.1 491.2 490.7 490.7 493.1 493.3 493.1 492.3 492 489 484.9 481.4 478.8 476.3 472.5 470.5 465.8 461.6 458.8 454.4 450.4 446.9 441.7 438.1 433.1 430.8 428.3 425.5 423 420.6 419.7 419.2 419.1 419 418.9 418.3 417.6 415.3 412.1 409.7 406.1 402.7 400.2 395.5 390.5 387.3 381.7 378.3 371.9 366.2 361.1 355.4 349.9 345.1 338.2 325.2 318.3 315.4 312.4 308.7 305.3 299.8 287.2 270.7 250.5 236.6 225.8 217.7
463 469 472.9 477.1 480 482.4 484.9 486.6 488 490.2 492.3 493.9 493.5 494.1 496.5 499.2 500.1 498.5 495.4 492.7 489.3 485.7 482.8 480 476 470.6 465.4 460.8 456.6 452.1 447.8 443.7 440.7 434.4 429.7 426.5 423.5 420.5 418.4 418.5 416.2 416.6 414.9 414 414.3 412.4 412.3 410.8 410.3 406.2 403.3 399.9 396.7 393.1 389.6 386.1 382 380.4 373 367 361.3 355.9 349.9 346.3 342.5 330.9 322.8 318.7 315.7 313.2 310.5 307.8 303.1 292.9 276.8 255.5 240.8 230.8
463.8 470.4 474.1 478 480.9 484 486.8 488.6 489.1 491.6 494.3 496.3 497.6 499.6 500.6 501.6 501.7 501.3 499.9 497.2 493.9 490.1 486.7 482.3 477.1 471.5 466.2 460.2 454.2 449.8 445.1 439.3 433.2 429.2 425.5 421.4 418.9 414.9 412.7 411 409.8 410.5 409.4 407.7 408.6 406.1 405.5 407.7 405.7 403.1 400.5 397.7 394.5 392 389.8 385.3 380.6 377.9 371.5 368.2 365.5 359 353 348.5 340 334.2 328.8 322.3 318.8 316.6 316.4 314.9 313.2 309.9 302.3 283.2 259.2 249.1
464.8 470.1 473.5 477.7 481.1 484.5 487.8 491.1 491.1 493.2 495.5 498.4 500.1 501.2 501.8 502.4 502.2 502 501.4 499.5 495.2 492.4 487.8 482.5 478.4 472.2 466.2 460.1 452.8 448.1 443.2 438.6 430.2 425.1 419.6 418.2 413.9 409 409.6 405.4 402.8 403.6 402.5 399.8 401.2 400.3 399.7 400.1 399.5 400.3 397.7 395 391.9 390.6 388.9 384.5 380.7 377.8 374.2 371.8 370.7 367.1 360.6 353.2 344.5 337.6 331.9 326.5 321.3 317.5 316.4 317.5 315.4 314.6 313 306.4 293.3 266.1
466.2 469.6 473.1 477.4 481.6 484.6 487.4 490.5 491 494 496.9 500.1 501.4 502 502.6 502.6 502.4 502.1 500.3 498.5 496.4 492.5 489.1 484.5 479 472.7 467.1 461 453.1 447.2 440.8 434.9 428.7 421.9 418.8 415.3 412.4 410.3 405.9 400.8 397.3 396.1 394.9 392.7 392.4 392.3 391.3 391.4 393.3 393.8 393.6 391.5 389.1 388.9 387.9 383.8 380.5 379.6 379.4 374.8 369.6 364.4 359.3 353.3 347.6 341.1 335.4 330.3 325 319.6 316.3 316.1 314.9 314.9 314.9 314.9 309.7 296.6
469 471.1 474 477.8 481.6 484.3 487.1 489.5 490.3 494.1 497.3 501.2 501.8 502.3 502.5 502.3 502.1 501.7 500.7 500.6 496.7 492.8 490.3 484.9 479.5 474.7 468.1 461.9 453.1 443.9 436.4 431.2 425.4 420 417.6 414.3 411.6 410.8 405.6 398 393.2 390.7 388.7 386 383.7 384.8 385 383.1 384.9 387.9 387.4 387.5 388.2 388 386.9 384.4 381.1 380.9 382.1 375.2 369.4 364.4 359.6 352.4 347.2 343.6 340 334.1 326.9 320 315.6 312.5 311.1 311.6 312.4 313.7 313.6 313.2
471.6 473.4 475.9 478.5 481.5 483.9 486 488.1 490.4 493.8 496.8 500.6 501.4 501.8 501.9 502 501.7 501.3 499.1 498.6 495.4 491.5 489.4 484.8 480.7 474.7 468.4 461.9 455 443 432.3 426.9 421.9 418.5 415.4 413.5 411.9 411 406.3 397.3 388.4 385.2 382.7 380.2 377.2 377.1 377.8 377.1 377.2 380.7 382.4 382.1 385.1 389.1 387.1 384.8 382.1 382.1 382.5 376.4 370 364.9 358.7 353.2 349.2 345.4 341.6 335.8 328.8 321.2 315.1 310.8 310.7 310.9 310.9 311 311.7 313.1
474.2 475.6 478 480 481.6 482.8 485.1 487.4 489.7 492.4 496.3 499.4 500.9 501.3 501.5 501.4 501.4 501.1 500.2 496.7 493.5 490.2 488.5 483.8 479.4 473.7 468 461.7 455.1 446 431.5 424.8 420.1 417.2 413.5 411.3 411 405.5 400.8 393.9 386.1 380.9 378.7 377.2 374 371.4 370.2 371 371 371.4 374.8 377.9 381.7 386.4 389.4 384.7 382.4 382 381.5 376 370.9 365.4 359.4 354.9 350.9 346.6 341.9 336.6 331.7 324.7 319.1 311.7 308.9 308.9 309.4 310.5 310.5 312
476.9 477.7 479 481.1 480.9 482 483.8 486.1 489.3 490.7 493.6 496.4 498.2 500.7 500.5 501.1 500.9 500 499.1 495.1 491.6 490.9 487.1 482.8 477.6 471.7 466 460.9 455.3 446.9 429.8 423.8 419.7 415.1 411.2 409.3 405.9 401 397.8 391.5 386.4 380.5 379.1 375.3 371.8 370 368.5 365.5 364.6 365 366.9 369.9 374.2 381 384.2 381.6 381.4 379.1 378.1 375.2 370.2 365.4 360.6 356.1 352 347.6 342.6 337 331 326.4 321.4 315.4 309.2 309.2 308.9 308.6 309.3 308.7
478.6 479.1 479.5 479.3 480.9 481.2 483 484.9 486.3 489.2 492.1 493.1 495.8 497.7 498.4 499 498.1 497.6 497 493.8 490.6 490 485.9 479.8 476.2 469.8 465.5 459.8 454 446.5 437 426.1 419.2 415 410.3 407.9 403.4 400.2 395.5 390.7 388.2 384.1 382.2 377.9 374.3 369.6 366 363 363 360.4 359 360.9 364.8 373.8 379.8 380.8 380.3 378.9 375.3 372.6 371.1 366.4 361.2 357.7 352.9 348.1 342 336.3 330.9 326.3 321.7 316.8 310.5 307.8 305.6 304.7 305.2 304.2
480.5 479.4 479.1 479 479.1 480.4 481.9 481.5 483.2 486.3 489.2 491.7 493 493.8 494.4 495.5 495.6 495.1 494.4 492.8 491.3 489.3 485.8 481.3 475.5 471 465.1 460.1 452.8 446.4 437.7 427.8 419.8 414.5 410.2 406.6 402.2 399.2 394.4 390.6 389.1 386.7 388.4 385.4 378 375.9 370.6 365.3 362.9 359 354.3 354.4 355.8 364.5 373.2 376.2 375.9 376 372.8 369.7 367.5 364.2 360.6 356.2 351.4 347.6 342 334.9 329.5 325.4 320.7 317 312.4 308.2 303.4 300.8 301.4 299.3
481.1 481.1 479.7 477.6 477 478.7 478.7 479.2 480.2 483.4 485.2 488.2 490.5 489.3 490.9 491.5 492.1 491.6 491.1 491 489.5 487.3 483.3 480.3 474.4 469.6 463.4 458.6 452.4 445.2 439.6 429.9 418.9 415.1 410.3 405.7 401.2 398.5 394.8 391.3 388.7 387.3 386.1 384 382 381 375.3 368.2 360.2 357.6 350.5 349.7 348.4 353.9 363.4 369.9 371.3 372.3 371 367.9 361.8 360.8 359.5 353.5 349.8 347.1 341.8 335.6 329.7 325.8 321.7 319.6 319.9 313.3 303.1 299.2 297.5 294.2
480.6 478.7 477.8 472.5 470.8 474.5 473.9 475 477.6 478.2 481.2 483.4 484.8 488.6 488.3 488.6 490.8 489.2 487 488.2 486.7 483.4 480.1 477.6 472.8 467.5 460.8 457.2 450.2 445 439.1 431.9 424.8 417.5 412.1 407.1 401.6 399.1 395.3 392.6 390.3 389 387.5 385.5 384.4 382.4 378.7 372.6 360.3 357.3 351.5 344.5 342.9 348 354.7 360.4 364.5 368.7 368.5 364.8 360.3 358 355.4 351.5 348 346.2 342.5 338.3 330.4 327.3 323.8 321.1 319.8 316.8 314 300.3 292.3 288.9
479.2 478 476.3 472.2 469 470.4 469.7 470.2 472.1 473.3 478.4 480.2 481.3 484.3 483.8 484 485.2 483.3 482.7 482.2 480.7 479 476 473.3 468.8 464.4 460.2 456.7 450.1 445.4 440.2 434.8 429.1 421.3 415.1 408.8 403.1 399.5 397 394.1 392.3 390.7 389.9 387 385.6 384.1 380.3 376.4 367.2 356.1 350.5 341.2 340.6 342.2 346.8 350.8 355.8 361.9 362.8 360.2 356.5 353.1 350.7 351.1 349.4 347.6 345.3 340.7 332.3 327.1 322.2 319.3 314.2 310.1 309.1 306.1 297.3 289.9
477.3 475.9 473.7 470.7 468 463.2 465.6 466.9 467.2 469.2 471.8 475.5 479 479 478.8 479.5 479.3 477.7 477.9 477.4 475.6 473.7 471.6 469.4 467.1 462.3 459 455.1 450.7 445.9 440.6 436.1 430 424.4 418 411.5 406.5 402.4 398.8 395.9 393.9 391.8 390.9 388.3 386.4 384.1 381.4 377.7 370.1 357.6 349.7 341.3 337.4 337 339.8 342.8 345.7 354.2 356.3 356.5 352.9 349.4 348 351.1 348.8 345.9 342.6 336.7 330.7 323.7 319.3 314.5 308.7 305 302.2 299.7 297.9 295.9
474.5 473.1 470.4 467.9 462.4 458.7 459 461.4 462.9 464.7 468 470.7 472.3 473.1 473.7 473.6 472.8 471.8 471.9 471.2 469.2 467.2 465.1 463.1 462.4 460.9 459 454.8 449.5 446 441.1 435.9 431 426.7 421.3 415.2 409.1 404.5 399.6 396.6 394.3 391.7 389.4 387.7 385 382.5 380.6 377.2 372.4 361.8 345.5 338.1 330.2 329.4 331.6 334.1 337.5 344.8 347.7 349.2 349.2 346.1 342.5 343.6 344.4 341.3 337.9 333.4 326.9 319.8 315.9 309.6 303.8 299.9 296.6 293.4 289.7 288
472.2 469.8 467 463.9 459.7 452.9 452 455.2 458.2 460.2 463 465.6 468 469 468 467.3 467.6 467.2 468.4 466.7 463 460.6 458.9 458.9 458.9 460.8 459.4 454.3 450.6 446.3 441.6 436.9 431.6 427.5 423.1 417.6 410.8 405.7 400.2 396.8 394.5 392.1 389.9 387.4 384.4 381.6 378.6 375.5 372 365.9 349.2 336.1 329.6 329.2 324.7 327.8 328.7 333.2 338.8 340.1 342.3 339.7 336 337.1 338.8 335.9 332.6 328.1 322.9 315.8 309.7 303.4 298.3 294.7 292 288 284.3 282.1
468.8 466.1 463.3 459.6 455.3 449 448.6 449.3 452.8 458 458.9 460 460.8 461.6 462 461.2 462.4 462.6 462.5 461.8 460.7 457.1 454.6 454.2 456.9 458.1 457.2 452.7 449.9 445.2 440.9 437.2 433.1 427.8 423.9 418.7 411.8 407.4 401.6 397.8 394.8 391.9 390.8 387.5 384.8 381.9 378.9 374.9 371 364.3 355.8 340.5 329.7 323.7 320.8 321.5 322.7 324.2 326.4 329.7 332.4 332.7 330.2 329.9 330.5 329.5 325.4 322.5 317.8 311.8 303.5 297.1 292.8 289.4 287.5 283.2 279.1 278
464.8 460.6 458.6 455.5 451.5 442.9 440.1 447.4 451.6 452 453.6 454.4 455.5 455.3 455.2 455.8 456.7 457.6 457.4 456.5 455 452.2 449.7 450.6 451.2 453.3 453.9 451.3 447.4 443.5 440 437.4 434.1 429.5 424.9 419.3 413.5 408.2 403 398.4 394.7 391.4 389.5 386.4 383.4 381.2 378.6 374.2 369.9 363.6 356.3 345.6 334.6 325.2 311.5 316.1 316.6 316.7 318.3 322.5 323.6 325.1 323.9 322.3 323.3 320.7 317.7 315.8 312 305.2 298.1 291.8 288 285.5 282.9 279.6 274.9 273.4
460.8 457.2 452.3 451.2 447.8 439.3 432.6 441.7 445 445.5 445.9 448.5 448.9 449.9 450 451 451.6 452.3 452.1 451.5 450.3 447.6 446.4 445.9 446.6 449.2 449.5 448.4 444.7 441.1 440.6 437.3 433.9 430.9 426.4 421 415.7 410.4 405.1 399.3 395.3 391.3 387.9 384.9 381.8 379.2 376.3 372.5 368.6 363.7 356.3 346.3 337.4 328.8 317.9 307.7 308.8 309.1 309.4 311.4 314.1 315.3 314 314 315.4 312.5 309.9 311.4 307.1 301.2 294.1 288.6 284.1 282.3 278.9 274.8 270.7 269.2
457 452.3 448.7 446.4 443.2 438.1 427.5 429.8 438.2 439.1 439.3 441 441.5 442.4 442.8 443.9 444.6 445.8 445.5 444.7 443.6 442.7 441.2 440.5 441.7 442.2 443.6 443.2 441.7 440.5 438.9 436.2 432.8 429.8 425.9 421.9 417.3 411.9 406.4 400.3 396.4 391.5 387.4 384 380.9 377.3 373.4 369.7 367.3 362.3 355.2 346 337.1 329.8 321.6 311.2 300.9 301.8 302.5 301.4 302.7 304.4 303.9 303.5 305.1 304.7 303 304.7 304 299.2 290.1 285.2 281.1 278.6 275.1 270.6 267.8 265.3
453.4 449.1 445 440.6 438.2 433.6 426.9 419.4 428.6 430.2 432.6 434.2 434.6 434.6 435.6 435.2 436.8 438.4 437.9 438.1 437.4 436.8 435.6 434.7 435 436.4 438 439 438.1 437.1 436.2 434.6 431.4 428.8 425.8 421.4 417.4 412.8 407.7 400.7 395.5 390.4 386.8 383.6 380.5 376.5 372.3 369 365.2 361.5 354.5 346.6 338.3 330.9 322.5 314.6 304.7 298.2 294.2 294.6 294.2 293.4 292.8 292 295.4 294.7 295.8 298.4 298.5 294.1 288 282 278 274.8 271.2 268.2 265.3 263.2
450.5 446.2 442.2 437.4 432.4 428.7 422.4 415.2 419.1 423.2 424.7 425.5 425.8 426.9 428 427.4 428.9 430.2 431.1 432.5 432.3 431.3 430.1 428.7 429.5 430.6 433 433.8 433.8 433.9 433.6 432.2 429.9 426.9 423.8 420.6 416.9 412.4 407.9 401.5 395.6 389.7 385.5 381.5 379.1 375.2 371.2 369.6 365.3 361.3 357 347.2 339.4 332.1 324.1 316.9 306.4 298.2 289.9 289.3 285.7 285.4 284 284 285.8 285.7 287.7 290.7 290.3 288.4 283.8 278.8 275.6 272.5 269.2 267.6 264.4 263
446.6 442.9 438.2 433.4 428.9 421.1 417.1 412.3 411.4 415.4 417.2 418.1 418.1 419.2 420.2 422.2 422.1 423 424.8 425.9 425 425.5 424.9 423.9 425.8 427.1 429.7 429.6 430.1 431.6 431.5 431 429.3 426.9 424.2 421.4 417 412.3 407.6 402.5 396.7 390.9 386.1 379.8 377.7 373.6 370.2 368.9 364.9 361 355.8 347.1 340.6 335.7 328.5 319.8 312.5 301.9 295.4 289.9 283 279.5 278.1 276.5 276.8 278.5 279.3 281.3 284.1 282.6 279.6 276.3 273.3 270.4 269.3 266.6 264 262.9
442.5 438.7 434.1 430.6 425.7 419.5 411.8 410 400.4 408 409.9 410.6 411.6 411.6 412.8 414.6 415.5 416.2 417.6 418.1 417.3 418.9 418.9 419.1 421 421.8 424.9 425.6 426.5 427.3 428.2 428.2 427.7 425.3 422.6 420.9 416.6 412.3 408.1 402.7 397.2 390.9 385.5 381 376.4 371.6 370.4 369.3 365.1 359.9 355 349.7 344.7 340.4 332.5 324 316.4 306.6 298.7 291.9 287.5 280.6 276.8 271.3 271.2 271.3 271 272.4 275.6 277 275.3 272.4 270.5 267.8 267.4 265.1 264.7 263.1
438.8 434.1 430.1 426.4 421.5 415.9 410.7 405.4 399.3 401.8 401.3 402.3 402.9 403.5 404.3 406.2 408.3 409.8 410.6 411.3 411.2 412.7 413 414.1 416.1 417.5 420.4 421.7 422.9 422.3 423.8 424.4 424.6 423.8 421 419.7 416.1 412 408.4 402.2 396.8 391 384.5 379.7 374.4 369.6 369.2 367.8 363.9 360.2 356.5 350.9 345.5 339.9 333 325.8 320.2 312 303 296.2 290.4 282.9 276.3 272 264.9 264.1 263.9 265.3 267 268.9 271 268.9 267 265.3 263.5 261.8 261.7 260.3
434.9 430.7 425.4 421.5 417 412 409.7 403.8 397.9 391.9 395.3 395.2 393.3 394.2 396.6 398 399.4 401.3 403.1 403.9 405.3 407.4 407.8 409 411.2 413.3 416.4 417.9 418.1 417.7 419 420.4 420.3 421.3 419.6 417.6 414.4 411.3 407.8 402.1 396.6 391 384.5 378.3 371.9 367.6 365.1 363 361.5 359.4 356 351 345.7 340.4 334.2 328.1 322.3 314.7 305.3 298.5 291.4 283.3 276.7 272.9 269.3 264.5 262.8 257.4 258.7 261.3 264.9 265.6 264.3 261.5 259.5 257.9 257.9 257.4
434.5 429.9 422.7 417.9 413.1 408.8 406.5 402 397.8 396.4 392.4 387 384.3 383.8 388.3 390.5 393.3 394.1 395.9 397.5 399.4 401.1 403.5 405.3 407.3 410.3 413 414.2 413.7 414.3 415 415.1 416 416.7 415.9 414.4 413.7 411.7 407.5 402.8 397.2 391 384.3 376.7 371.1 366.5 362.7 360.8 359.6 356.9 353 349.4 344.9 339.9 333.6 327.3 320.9 313.3 304.8 297.4 291.8 282.1 277.5 273.5 269.9 265.2 262.6 259.8 252.3 255.2 256.6 258.1 259.3 257.5 255.4 253.9 253 253.2
433.6 429.4 426.4 419.8 415.4 412.6 410.6 405.8 402.3 400.9 400.1 398 392.5 379 379.4 384.9 387.3 388.3 390.7 393 394.6 397.7 400.1 402.3 404.4 406.7 408.7 409 409.4 409.6 410.4 411.7 412.3 412.1 411.3 410.6 410.7 409.6 406.4 401.4 396.2 390.3 382.6 375.2 368.8 364.6 360.9 358.3 355.5 352.4 350.6 347.9 344.2 339.8 332.7 326.2 319.7 311.6 303.8 296.9 290.6 284.1 278.1 274.2 270.6 266.7 264 259.8 253.9 249.8 250.8 249.6 251.9 251.8 249.4 248.6 248.2 247.9
433.1 430.4 427.9 423 420.3 415.8 410.9 409 405.7 402.2 400.3 398.3 392.5 391 379 378.1 381.9 384.8 387.4 389 390.1 394.4 396.1 396.9 399.1 400.8 402.9 403.5 403.9 404.7 405.8 407.1 408.1 408 407.8 406.9 406.8 405.4 403.3 400.2 394.5 388.1 381.6 375.8 368.8 362.6 358.1 355.3 352 349.4 347.3 344.9 341.2 338.3 331.2 324.2 317.6 311.1 303.5 296.3 289.8 285 279.9 275.6 271.3 268.1 263.5 260.3 253.5 246.2 241.4 241.4 244.2 244.3 242.7 242 240.8 239.9
432.6 430.4 426.8 423.1 419.8 415.6 411.5 409.4 404.7 400.1 397.7 394.4 392.4 390 384.6 376.4 380.3 381.5 383.4 384.9 386.3 389 390.7 392.1 393.4 394.1 396.2 398.5 398.7 399.6 401.1 402 402.7 403.1 403 402.6 401.9 400.9 399 397 391.8 385.2 379.1 373.9 367.2 360.2 354.8 352.1 349.3 345.8 343.3 341.5 339.4 335.9 330.5 323.1 316.8 310.4 303.4 296.8 290.9 286.2 280.8 276 272 267 260 258.6 254.6 249 242.4 240.8 237.8 235 235.1 235.1 233.4 232.5
431.7 428.9 424.9 421.2 418.9 415.8 411.9 407.5 402.6 398.8 395.3 391.8 389 386.4 382.7 370.6 373.4 378 379.8 381.5 382.2 383.9 384.2 385.3 387.5 388.7 390.5 391.4 392 393.5 395 396.5 397.2 398 398.2 398.1 397.7 396.7 394.9 392.9 389 383.3 376.7 371.2 365.6 358.3 351.5 347.9 344.8 341.9 339.3 338 335.6 332.3 328.8 323.6 318.1 310.9 304.3 297.7 293.1 288.4 282.4 277.4 273.5 268.9 260.3 257.9 254.1 250.3 246.8 242.8 241 239.6 238.2 230.7 229.1 229.6
430.6 427.3 423.8 419.9 416.6 412.9 411 406.5 402 398.6 393.7 389.9 389.1 383.3 379.3 372.1 363.3 372.2 375.7 375.8 377.9 378.2 378.1 379.7 382.1 383.1 384.4 384 385.1 387.6 389.6 391 391.8 392.9 392.4 392.6 393 392.5 390.7 388.6 386.8 380.3 374.2 368.6 363.1 356.3 349.3 344.5 341.7 338.8 335.6 334.5 333.6 329.5 326.9 322.7 317 308.2 304 299.5 294.8 290.1 284.7 279 274.8 270.6 265.9 260.5 256.3 252.2 249.7 246.3 243.7 242.1 238.9 233.2 229.6 227.3
