public/OST50/SE14.asc
ncols 200
nrows 200
xllcorner 410000
yllcorner 440000
cellsize 50
[rows 35 to 69 of 200, columns 0 to 79 of 200]
86.3 85.2 82.9 81.4 82.9 82 81 76.9 75.8 74.9 74.8 74.4 74.8 74.8 75.2 74.9 75 74.7 74.7 74.5 74.7 74.6 74.4 75.3 75.9 75.9 75.2 74.2 74.2 74.1 73.9 73.6 73.6 72.8 72.6 72.7 72.7 72.6 72.3 72.1 72.1 71.6 71.6 74.3 73.8 73.4 72.9 73 72.8 72.4 72.6 72.4 72.1 71.7 71 71.2 70.4 71.5 75.9 76.1 75.7 74.3 74.5 73.4 70.9 66.7 66.2 68 68.6 68.8 68.9 69 68.7 68.5 68.5 68.3 68.4 67.9 67.8 67.9
86.3 85 83.1 83.2 83 83.2 83.1 80.9 80.4 79.9 77 74.6 75 74.8 75 75 74.8 74.7 74 74.1 74.2 74.1 74 73.5 74.2 74.2 74 73.8 73.6 73.6 73.3 72.7 72.5 73 72.3 72.7 72.7 72.5 71.9 72.2 70.9 70.5 74.7 75 74.9 74.4 73.5 72.7 72 72.3 73.3 72.9 73 72.7 72.7 72.3 76.1 78 78.6 77.9 77.6 76.9 75.8 75.9 75.8 75.8 74.3 65.7 65.5 66.5 66.9 67.1 67.5 67 66.3 65.5 66.3 65.9 65.4 65
88.2 85.5 85.2 85.2 84.7 84.5 84.4 82.7 82.4 82.7 82 79.4 76.3 74.7 74.6 74.2 74.4 74.7 77.1 75.2 72.7 71.2 71.6 71.7 71.5 70.7 71.7 72.1 72.4 73.1 73.2 73.1 73.1 73.5 72.8 72.8 72.3 72.5 71.5 69.3 73.6 74.5 75.4 75.5 75.3 75.2 74.6 73.9 73.5 73.6 74.2 75 74.6 75.3 76.3 77.6 78.9 79.3 78.8 78.4 78 77.6 77.4 77.4 77.6 76.1 76 74.7 72.8 71.3 70 69.6 67.1 69.1 68.9 67.8 67.7 67.1 67.8 67.9
90.2 88.8 87.3 87.2 88.4 87.7 87 85.7 85.6 85.4 84.6 84 83.1 78 77.9 79 80.5 81.2 81.5 80.4 77.9 76.2 75.6 75.3 74 73 72.3 71.2 70.7 70.3 70.8 71.5 72.5 73.7 72.5 72.4 72.3 70.9 69.9 72.7 75.5 76.4 76.4 76 75.7 75.6 75.6 75.9 75.6 75.9 75.9 76.2 77.4 78.1 79 79.7 80.4 80.2 80 79.7 79.7 79.9 79.6 79.4 79 78.4 77.6 76.6 75.4 73.4 71 71 70.9 69.9 68.9 68.2 68.3 68.1 67.9 67.7
94.6 93.6 91.9 91.9 93.2 92.3 91.8 90.6 90.4 89.3 89.8 90 89.8 88.5 88.3 89.5 89.6 88.5 87.2 86.1 84.6 82.5 81 79.6 78.2 75.8 74.4 73.6 73.2 73.2 72.9 71.7 70.2 70.7 70.8 70.4 69.8 73.5 77.7 76.9 77.5 78 77.3 77.1 77.3 77.1 76.6 77 77 77 77.2 78 79.3 80.4 80.7 81.1 81.8 81.7 81.6 81.2 81.4 81.8 81.7 81.2 80.8 80.1 78.5 77.9 76.6 75 73.9 72.7 72.4 71.1 69.6 68.3 67.9 67.6 68.1 67.7
102.4 101.1 101.3 104 104 103.9 100.8 97.8 97.2 96 95.5 94.6 94.5 94.2 94.3 94.3 93.6 91.7 90 89.2 88.3 86.7 85.4 83.6 81.9 78.7 76.8 75.8 74.6 73.1 73 73 72.5 71.5 73.6 75.9 77.9 79.5 80.1 79 80.3 79.7 78.4 78.6 78.8 78.4 78.8 79 79.2 79 79 79.9 80.9 82 82.4 81.8 82.6 83.4 83.2 82.1 82.3 83.4 83.2 82.9 82.6 81.4 79.9 78.8 77.7 76.1 75.1 74.3 73.4 72 70.7 69 67.5 67.4 67.4 67.4
104.1 103.1 101.1 102.1 102.7 103.2 102.7 102 101.8 101.6 101.1 99.8 99.7 99.8 99.9 97.8 96.2 95 92.6 90.2 89.3 87.7 86.9 85.2 83.9 81.3 78.6 80.3 79.5 78.1 77.6 78.3 79 79.6 80.8 82 82.2 81.9 81.7 81.6 81.2 80.8 80.1 80.2 80.4 80 81 81.4 81.2 81 81.5 81.3 81.9 82.9 82.8 82.9 83.5 84.2 84.7 83.9 85 85.4 85.6 85 84.6 83.6 82.6 81 79.4 77.6 76.3 75.9 75.1 74 73.2 71.3 69 67.4 67.5 67.1
107.6 106.3 103.7 106 107 107.3 107.3 107.2 106.3 105.9 105.6 105.3 104.6 105 103.7 97.8 96.9 96 96.9 95 91.7 89.4 87.8 86.9 85.2 83.2 81.1 83.8 84.3 83 82.1 81.6 83.7 84.8 83.5 84.7 83.9 83.5 82.9 83.7 83.4 83.2 82.2 82 82.4 82 82.2 82.9 83 83.4 82.8 83.3 83.1 83.8 84.6 84.7 85.4 86.4 86.7 87.3 87.3 89.1 89.5 88.9 87.7 86.8 85.4 84.1 82.4 80.4 79 78 77.5 76.5 76.1 76 74.9 73 69.4 68.1
110.8 108.8 108.2 110.5 111.4 111.6 111.7 111.7 111.3 110.6 109.8 110 110.2 110 108.5 105.5 102.9 101.8 101.3 99.8 97.7 95.6 92.9 90.4 88 85 84.1 85.6 86.1 85.5 83.7 82.4 85.3 87.1 85.6 86.4 85.5 84.5 84.9 85.9 85.9 85.1 84.4 83.9 84.1 83.7 83.8 84.3 84.7 85.1 85.2 85.1 84.9 85.2 86.1 86.4 87.7 88.7 88.8 89.6 90.9 92.9 93.3 92.8 91.5 89.9 87.8 86.4 85.4 83.5 81.9 80.7 80.6 79.5 79.2 79.3 78.7 77.5 75.5 73.8
115.6 110.8 110.9 115.8 116.3 116.2 116.2 115.9 115.1 114.5 114.5 114 114.3 114 113 110.5 110.1 108.7 106.4 104.4 101.6 99 95.9 92.9 90.5 87.2 84.5 86.3 86.9 86.4 84.3 85.2 87.1 87.5 87.6 87.8 87.5 87.5 87.7 87.9 87.9 86.9 86.1 86 85.7 85.2 85 85.6 86 87.1 86.8 87.3 87.1 87.4 87.9 88.5 89.6 91.5 92 92.4 93.2 95 94.8 94.2 93.7 92.7 91.2 89.5 88.5 86.4 86.8 85.2 84.4 83.8 83.3 81.9 80.8 78.1 77.6 77.6
119.1 116.9 117.7 120 120.5 120.4 120.4 120 119.2 119.5 119.4 118.2 118.1 117.4 115.8 114.3 113.2 111.4 109.8 107.3 105 101.9 98.9 95.7 92.6 88.7 86.1 87.6 88.6 86.8 86.4 87 88.4 88.5 89.2 89.8 90.1 90.3 90.1 90.2 89.9 88.7 88.2 88.1 87.3 86.8 87 88.4 88.9 89.5 88.2 89.2 88.8 89.5 89.5 91.5 92.6 94 94.5 95.1 95.2 95.7 96.3 96.8 96.6 96 95.5 94.4 91.6 90.5 91.6 91.9 92.3 89.8 87.1 84.6 82.2 81 80.6 80.8
122.3 119.9 121.5 123.5 123.9 123.6 123.2 123.1 122.8 123.5 123.3 122 121.2 120.4 119.4 117.5 115.5 114.4 112.5 109.9 107.2 104.4 101.1 97.5 93.4 90.4 88.5 89.5 89.2 88.1 87.7 89.3 90.2 90.7 90.4 90.7 91.4 92.4 92.6 92.4 91.8 90.7 90.5 90.2 90.4 90.1 89.7 90.2 91.8 92.3 91.2 91.2 91.5 92 93 94.9 95.1 95.2 96 96.7 97.8 99.3 100.2 100.3 100.3 99.8 99.3 97.5 94.6 94.8 93.9 93.6 92.7 91.7 90.6 87 86.2 90.5 88.7 85.6
125.4 122 125.3 126.9 127.3 127.1 126.7 126 126.7 126.8 125.7 123.7 122.6 121.8 120.7 118.9 117 115.6 113.9 111.8 109.2 105.8 102.2 98.9 96.4 93 91.4 91.4 91.2 90.2 90.4 91.1 91.9 92.6 93.3 95.3 95.8 95.7 95.9 94.9 94.9 95 95.1 94.4 92.3 91.2 91 91.2 94.6 93.8 94 95.1 95.4 95.8 96 96.2 97.1 98 98.9 99.6 100.1 101.8 103.2 103.7 103.7 103.4 102.3 99.9 98.9 98 97.3 96.5 95.1 93.7 91 90.5 91.3 92.4 92.9 93
130 127.9 129.1 130.6 131 130.7 130 128.8 128.7 127.5 125.5 123.6 121.4 120.1 119.3 117.7 115.5 115.3 113.5 111.5 109 106.3 103.2 99.9 97.2 92.7 93.9 93.3 92.8 92.4 91.9 92.9 95.5 95.7 96.3 97.5 97.8 97.8 98.2 97.3 96.1 95.6 96.1 97 96.3 96.1 96.3 96.9 96.2 95.7 96.7 97 97.6 98.7 98.9 98.7 99.7 100.9 102 102.4 103.1 104.6 106 106.9 106.3 105.9 104.6 102.1 101.8 100.6 99.5 97.6 96 94.5 93 95.3 96.3 99 102.6 103.9
135.4 130.3 133.2 135.3 135.1 134.3 133.5 132.7 130.4 128 125.8 122.3 120.5 118.8 117.3 115.2 113.9 112.8 111.2 109.6 107.9 105.7 102.9 100 97.2 96.2 96.8 96.1 95.6 96.2 95.2 97.1 99 99.3 99.8 100.7 103.1 102.9 101.3 102.3 102.1 101.3 100.7 100 99.8 99.8 100 100.1 99.4 98.9 99.7 100.6 101.5 102.1 102.4 102.8 104.1 104.8 105.6 105.4 106.8 107.6 108.9 109.5 108.9 107.9 106.5 104.8 104.1 102.4 100.5 98.8 98.5 98.1 98 99.7 101.9 108.3 113.7 114.4
139.4 137.4 140.6 141.1 140.6 139.8 138.6 136.8 134.5 133.4 130.8 126.3 121.8 119.8 118.8 116.8 115.3 112.8 110 109 106.9 104.5 102.7 101.6 100.5 99.7 99.5 100 100.6 101.2 100.8 100.7 103 103.7 103.8 105.3 107.7 107.9 106.6 107.7 107.4 106.4 104.4 103 100.6 102.9 104.3 104.3 103.6 102.8 102.9 104.2 105 105 106.1 107.5 109.3 110.1 109.7 109.2 110.6 111.1 111.4 112.3 111.8 110.2 108.5 107 105.3 103.4 102.5 105.4 105.3 102.5 103.2 107.5 112.4 113.8 119.7 122.9
145.8 143.8 146.5 146.3 145.4 144.4 142 140.6 138.9 137.4 134.8 132.2 129 125.1 123.6 122.2 120.1 118 116.8 115.3 113.7 111.4 109.6 107.3 104.6 104 105.4 105.5 107 107.8 107.6 107.3 108.8 108.5 108.8 109.1 112.6 113.8 114.8 115 111.3 109.9 107.9 109.2 109.3 108.4 107.8 107.6 107.4 106.1 105.5 107.9 109.1 110 111.3 112.4 113.2 113.8 113.8 113.6 114.5 115.2 115.6 116.1 115.1 113.3 111.8 110 110.1 110.4 112 113.3 113.2 111.7 110.4 115.4 119.1 120.4 125.6 128.9
149.8 150 150.7 150.6 149.1 146.9 145.5 144 142.4 140.9 138.4 136.5 134.4 131.9 130.2 128.6 127.4 126.7 125 122.9 121.2 119.3 116.9 113.6 110.9 112.3 113.6 112 113.2 114.7 115.6 115.4 115.1 113.9 113.3 115.1 117.6 119.2 120.6 121.4 119.5 116.3 114.2 113.7 113.7 112.3 112.3 112.7 112.5 110.9 110.7 114.6 116.1 116.5 117.1 118.1 118.4 118.2 118.4 119 119.6 120.3 121.5 121.4 120.6 119.3 118.3 117.3 117.3 120.1 120.8 119.4 118.8 119.1 118.6 122 122.8 126 129.1 130.5
158.5 156.1 154.5 153.7 153.3 152 150.7 149.6 148.5 146.9 145.1 142.8 140.4 137.9 135.9 134 134.9 134.7 132.9 130.8 128.4 126.4 122 118.4 118 120.9 121.6 119.8 121.9 123.8 123.5 122.6 121.3 119.8 118.3 121.2 122.4 121.4 124.1 125.3 124.5 121.3 119.7 120.7 121.3 120.1 118.3 117.7 117.8 116 117 120.3 121.6 122.4 123.3 124 124.4 124.2 124.9 124.9 125.2 126.4 127.8 127.6 126.5 127.3 128 128.1 129 129.4 128.5 126.5 125.2 124.7 125.6 127.3 128.8 130.4 131.8 133.1
167.7 162.9 160.2 158.9 159.8 158.9 159.2 157.8 157.4 155.2 152.6 149.5 145.6 142.7 142.6 140.9 140.7 141.3 139.7 139.2 136.7 133.1 127 122.5 123.9 128.8 129.7 127.9 129.9 131.3 130.5 128.8 127.5 125.4 125 127.2 127.2 124.8 125.9 128.4 128.3 125.9 126.2 127 127 126.9 125.2 123.2 122.8 120.5 122.6 125.4 127.7 128.7 128.8 129.9 130.3 130.1 130.6 130.6 130.5 131.8 132.8 133.4 133 133.9 134.8 135.8 138 138.8 136.9 134.1 132.6 133 131.6 133.3 135.1 135.5 137.1 137.7
179.5 176.4 171.6 169.6 169.2 170.2 171.3 169.5 167.7 165.3 160.4 157.3 151 150.4 148.8 145.7 147.8 147.8 146.7 146.8 145 141.5 135.7 130.8 133.2 137.9 138 136.3 138.1 139 138.5 136.7 133.4 131.9 131.5 132.3 132.6 131.8 133.8 136 135.9 135 134.4 133.3 131.4 130 130.3 129.2 128.2 123.8 123.9 130.8 134.3 135.7 136.1 136.6 135.8 134.7 136.2 136.9 138.3 136.8 136.1 136.7 137.6 138.9 140.6 141.1 143.9 146.2 144.7 140.9 139 139.2 137.1 138 139.9 141.3 142.4 143
190.3 189 188.3 185.1 182.3 181.3 181.6 182.8 180.7 176.2 171.5 166.5 161.6 157.4 154.9 152.2 154.6 155.3 153.9 154.2 153.1 151.6 148.3 143.9 144.4 147.6 147.3 146 147.4 147.6 147.3 144.7 140.6 136.2 136.8 136.8 137.3 139.6 142.2 142.9 142.6 141.9 141.7 139.4 136.4 134.7 135.3 135.2 134.2 129.8 130.5 137 140.8 141.7 141.6 141.2 141 141.9 142.6 142 141.7 140.6 141 142.7 143.1 147.5 149 148.4 149.7 152.2 151.3 148 146.3 143.8 142 142 143.5 145.8 147.1 148
202.5 201.6 199.8 196.3 193.9 195.4 198.7 199.6 194.7 188 183.1 179.3 171.7 166.5 165.8 162.6 162.8 162.3 160.6 159.8 158.6 158.2 157.5 156.6 156.5 156.6 155.1 153.6 154.5 154.2 153.2 150.1 146.5 142 142.2 140.4 146.3 147.4 148.2 148.4 148.3 147.3 146 144.5 142.1 139.6 141.2 140.6 139.7 136.4 136.5 143.6 146.7 146.8 147 147.3 147.6 148.6 149.1 148.2 147.1 148.5 150.6 151.4 153 154.8 156.3 156.9 157.1 157.5 157.6 154.9 153.6 152.1 148.6 147 147.6 150.3 151.4 154.1
215.6 214 212.1 207.8 212.2 215.6 216.9 215.4 211 206.8 203.2 197.1 189 181.9 180.1 176.5 173.9 171.8 169.4 167.5 166.5 164.2 163.2 163.8 164.1 162.9 161.3 160.6 159 157.6 156.1 153.2 149.8 147.6 145.4 148.5 154.3 157.2 155.2 154.4 154.7 153.7 151.8 151.1 149.9 150.3 150.8 150 147.3 143.8 143.9 149.3 151.8 151.2 153.3 155.1 156.1 155.3 156.1 156.3 156.1 156.5 158.1 160.5 162.1 162.1 162.1 163.1 163.2 163.7 164 163.7 162.1 160.5 156 153.8 154.4 156.4 157.7 159.5
229 230.5 233.4 235 241.1 242.4 239.4 237.2 234.2 223.8 218.3 212.8 206.3 200.2 194.9 189.1 186.1 181 177.5 176.1 175.2 173 169.7 169.9 169.8 168.6 166.9 164.8 161.6 161.6 158.6 155.2 153.2 151.3 147.3 153.7 158.6 160.6 161.6 160.8 161.3 160.6 159 157.6 157.3 158.5 160.9 165.2 163.4 157.3 152.5 156.2 158.7 160.3 163 164.9 165 166 166 165.9 165.4 163.9 165.3 167.5 168.8 169.8 172.2 170.6 171.6 172.2 171.5 171.4 169.8 168.7 167.2 164.8 164.3 164.5 163.9 164.8
243.3 247.8 250 250.4 251 243.4 240.3 238.3 235.6 232.3 229.5 226.6 224.1 219.7 215.8 202.9 199 194.9 190.7 186.5 183.1 180.7 177.1 175.2 175 173 171.7 170 170.8 167.8 166.4 161.9 157.8 154.9 152.2 160.5 167.3 168.2 168.2 170.9 170.5 168.5 165.7 163.3 162.8 163.5 167.2 172.2 176.8 168.3 155.4 167.4 169.2 170.9 174.5 175.4 177.2 178 178.4 178.6 178 178 176.5 176.3 175.1 177.2 182.2 181.3 179.8 181.4 181.9 182 179.3 177.6 178.2 179.5 177 174.8 173.4 171.9
252.4 250.2 250.2 250.2 250.6 245.5 243.3 240.5 236.6 234.8 233.4 230.9 227.2 223.1 218.4 213.2 208.4 205.4 202.2 198.4 194.9 190.2 186 182.7 181.2 181.4 181.3 178.1 178.1 176.4 171.6 168.8 164.4 162.2 162.7 171.3 172.8 175.3 178 178.3 181.2 181.4 179.5 180.1 177.9 176.2 177.7 180.1 180.3 177 171.1 175.8 180.9 186.5 187.7 189.3 191.7 192.5 192.8 192.2 191.1 191.5 189.6 185 184.9 187.2 191.4 193.3 188.6 192.5 191.4 187.7 189.1 186.2 186.3 188.4 186.4 185.8 185.8 180.5
262.2 258.4 255 251.6 251.9 249.7 248 244.8 242.2 239.6 237.2 234.6 231.9 228 224.5 220.6 216.8 213.3 210.3 208.4 204.3 200.1 195.7 194.6 193.1 193.3 190.8 187.5 184.9 182.7 179.8 176.6 169.5 173.5 171.1 175.9 180.4 185.1 188.5 190.6 193.8 192.2 192.2 191.1 191.8 190.8 189.7 190.9 191.1 182.9 178.8 183.6 194.3 201.2 202.9 203.8 205 206.7 207.7 209 210.1 207.5 204.8 199.5 193.3 196.1 200.2 200.3 196.4 197.7 192.2 192.4 192.9 193.7 192.9 194.5 192.4 191.6 191.7 189.8
269.8 268.2 264.9 262.6 258.1 255.1 252.3 250.3 248.4 244 241.5 238.9 237.1 235.1 231.3 228.2 223.2 219.8 216.7 214.3 209.6 206.6 206.5 206.4 204.5 205 201.9 198.9 194.7 191.6 189.3 185.6 182.1 184.8 185.6 189 193 196.7 201.9 199.1 198.8 201 200.4 202.1 202.6 203 202 200.8 200.1 195 190 194.6 207.1 217.6 219.6 220.7 223.4 225.5 224.3 228.4 229.5 226 223.3 218.2 212 206.6 205.4 208.1 204.4 212.2 204.9 203.4 204.4 206.5 204.5 200.1 200.2 198.1 196.8 195.7
275.7 275.8 273 270.3 268.9 267.2 265 259.7 258.8 257.3 251.6 247.4 247.2 245 241.5 236.6 234.7 229.7 223.5 221.6 212.7 216.4 217.3 216.7 217.4 215.8 215.4 214.2 212 209.3 203.2 196.3 195 196 197.2 204.3 207.4 204.1 199.9 202.3 208.8 209.2 210.5 210.6 209 212.7 212.7 213.1 212.4 211.2 200.9 203 222.1 234.3 235.9 237.3 238.8 239.4 242.7 252 251.2 239.4 233.4 230.5 226.8 221.2 221.2 217.6 217.7 213.5 217.3 220.6 218.3 214.5 211.4 208.1 206.6 204.6 201.6 200.7
288.8 284.7 280.7 279.1 278.1 275.9 274.1 272.6 270.2 266.8 264.3 259 255.9 255 252 249.8 244.9 237.8 230.2 222.5 223.3 228.7 229.6 229.2 228.8 224.2 223.9 223.6 224.4 222.4 216.7 212.4 215.1 216.6 216.3 217.2 219.9 218.1 217 218.9 218.8 217 217.8 220.8 219.5 222.2 222.2 224.7 225.1 224.5 219.3 215.6 231 248.5 250.7 246.2 245.7 247 248 260.8 262.6 250.3 240.6 236 234.3 234.8 234.4 231.1 233.5 234.3 233.1 230.7 227.9 222.8 217.8 213.5 210.4 209.5 206.5 204.2
299.4 296.8 294 288.1 286.1 283.9 283.2 281.5 280 277.3 274.1 270.6 267.2 264.1 262.4 259.1 254.8 247.8 236.6 226.3 232 236.4 238.7 238.2 237.2 235.3 233.5 234.1 235.6 233.1 229.5 224.2 226.9 230.5 233.5 233.1 223.5 228.6 230.7 231.3 225.3 221.2 227.4 227.3 231 233 233.7 232.9 235.4 238.3 241.2 239 231.5 234.5 247 253.6 250.6 251.9 249.5 263.7 259.8 262.6 250 245.1 240.6 240.2 240.1 239.5 238.9 239.4 237.7 235.6 232.3 228.5 224.5 221 216.5 211.3 208.1 205.4
310.5 310 308.8 305.4 301.7 299 299.5 295.2 291 287.2 282.8 278.2 274.9 271.8 269.8 266.2 261.8 248.8 236.3 240 244.6 247.4 248.4 245.5 242.2 242.1 239.6 240.8 243 242 240.5 236.6 238.5 243.8 248.2 250.1 238.2 234 235.1 235.7 234.1 232.2 234.6 234.6 241.6 245.5 248.1 246.6 247.8 251.2 256.1 255.4 253 252.2 247.3 257.4 258.5 259.1 261.1 263.9 267.8 271.4 264.9 259.6 255.2 249.9 247.4 245 243.1 240.7 238.7 236.2 233.4 230.9 227 222.7 217.7 215.3 212.5 209.3
319.1 317.7 315.2 312.8 310.1 308.5 305.8 302.5 298.4 293.7 288.7 285.6 281.8 279.5 277.1 275.3 268.4 251.7 243.6 254.1 259 261.3 256.2 253.5 249.9 250.3 248.6 248.5 249.3 249.3 251.3 245.5 250.2 254.8 262 264.8 257 239.6 244.4 242.6 246.1 246.2 243.6 249.4 255.9 257.2 257.9 257 259.3 262 264.4 270 267 260.7 258.6 257.9 264.6 263.2 264.3 265.2 266.5 268.4 270.8 272.1 264.5 255.2 251.4 248.6 246.4 244.1 242.3 239.6 238 234.9 230 225.9 220.2 214.2 212.1 209
321.5 319.1 318.3 315.6 314.3 311.7 309.4 306.2 303.3 299.5 295 290.9 288.5 285.9 284.7 283.1 275.6 256.6 253.7 269.5 274.9 272.3 269.7 267.9 261.4 257.4 258.3 261.6 259.5 258.9 253.9 253.7 261 266 269.3 271.8 272.9 258.4 255.7 254.3 253.1 259.5 259.7 263.5 265.4 272.4 275.9 276.3 275.8 276.7 280.9 285.8 281 272.1 270.8 268.3 275.6 276.1 271.3 270.2 270.5 271.6 272.2 269.6 265.2 258.7 255 251.8 249.2 244.8 243.1 242.2 239.6 236.8 233.6 229.6 222.7 215.5 212.1 209.1
