public/OST50/SE14.asc
ncols 200
nrows 200
xllcorner 410000
yllcorner 440000
cellsize 50
[rows 70 to 104 of 200, columns 0 to 79 of 200]
325.8 328.8 332.5 331.1 327.4 323.7 318.1 314.5 311.1 307 302.2 298 295 292.9 292.1 289.3 282.1 257.2 268.5 282.8 287.8 288.4 287.7 284.1 278.7 270.5 264.5 264.7 268.4 263.9 263.7 268.6 272.7 274.5 276.5 278 280 277.6 267.9 264.8 264.4 264.6 271.5 284.1 297.1 298.2 303.6 304.4 286.4 282 289.5 293.6 289.4 286.1 284.4 280.2 282.5 284.9 280.6 277.4 275.7 274.9 273.1 271.3 267.3 263.6 260.3 257 252 246.6 245.7 243.9 241.1 237.9 234.4 230.9 226.6 221.2 214.5 211.7
334.8 341.1 342.2 341.8 339.8 336.5 333 326.1 321.3 315.9 313.4 307.9 302.6 298.8 296.6 293.3 285.9 259.4 281.5 288.5 292.3 292.4 292.4 292 289.2 289.5 283.9 279.3 276.7 276.8 281.9 282.5 285.7 285.7 286.4 288.9 291.3 293.5 285.9 285.2 288.5 292.5 299.2 301.9 304 306.8 310.2 312.3 315.1 311.8 306 303.5 305.3 302.8 294.1 290.6 290 293.6 294.7 289.6 284.9 280.4 277.3 274.4 271.7 269.6 266 261.7 257.5 252.8 251.1 248.9 244.8 241 236.8 232.8 228.5 224.8 220.2 216.7
342.4 345.7 345.9 345.2 343.6 341.6 340.1 338.1 334.2 328.3 323.1 318 310.5 306.8 303.2 292.9 277.7 266.6 278.8 295.2 297.8 299.1 298.9 297.4 295.8 295.4 296.2 286.6 285 293 297.9 293.9 296.5 298.9 299.1 300.1 302.8 298.7 306.5 304.3 308.3 311.6 314.4 320.1 323.7 325.2 320.8 319.8 320.9 321.5 321.8 322.2 319.4 309.7 302.2 295.8 291.5 299 300.4 301.8 298.6 291 284.1 280.1 278.3 277 272.7 266.4 262.8 260.9 257.6 254.8 250.1 246.7 241.1 235.7 231.1 226.2 222.6 219.4
345.7 347.5 347.6 346.9 345.7 344 342.7 341 338.8 334.6 331.9 327.7 322.2 315 307.9 302.1 281.8 277.9 295 300.7 302 304 306.4 304.8 302.3 302.9 304.3 304.7 305.2 305.3 305.5 304.5 306.1 307.4 307.9 308.6 311 312.2 314.1 315.7 317.4 321.9 326.1 330.8 334.1 333.6 329.6 324.4 322.2 321.2 321.6 321.8 319.3 313.6 306.7 295.9 292.3 299.4 300.8 302.1 305.1 299.3 290.9 287.1 284.2 281.2 277.4 270.9 266.9 265.9 263.8 258.6 255 249.1 242.7 237.6 232.3 228.5 224.7 220.7
345 346.9 348 347.5 346.8 345.8 344.3 342.8 341 338.6 335.9 333.8 330.2 322.9 311.9 304.4 286.1 281.2 302.9 310.6 312.1 312 313.3 311 309 309.1 310.2 310.5 311 311.3 311.5 311.7 313.2 314.5 315.2 315.5 317.4 318.8 321.4 324.2 325.6 326.3 328.3 333.4 337.4 337.1 332.4 326.7 322.7 321.4 321.4 319.8 317.4 311.9 307 297.4 295.9 300.8 301.3 302.7 305.8 306.7 299.8 298 296.1 292.8 289.4 284.2 280.1 274.5 269.8 262.7 256.8 250.7 245.4 240.8 236.1 231.7 227 222.7
346.5 347.1 347.8 347.6 347.3 346.4 345.2 343.6 342.3 340.4 337.8 335.6 332.8 327.8 319 312.8 304 290.9 305.6 318.6 318.8 318 317.9 316.8 315 314.6 315.4 315.7 316.4 316.6 318.3 319.1 319.4 321.1 321.5 322.5 325 325.5 328.4 331.8 335 336 338.1 339.3 338 335.2 331.2 329.3 327.2 325.4 323.1 321.6 318.1 313.3 306.9 293.5 302 302.9 302.6 304.5 306.9 309.1 309.7 311.1 311.6 311.5 309.9 307.2 296.5 290.7 283.8 275.5 265.2 257.1 250.4 246.5 241.2 235.3 230.1 225
348.3 348.5 347.8 347.5 347.2 346.4 345.2 344.1 342.3 340.3 337.6 335 332.1 328.8 326.4 324.2 313.3 313.1 303.7 321.9 323.4 323 323.1 322.9 321.7 321 322.4 323.4 323.9 324.8 325.6 325.1 325.6 328.8 331.6 332.9 333.2 332.9 334.8 338 340.1 342.7 342.8 338.9 338.6 336.2 331.8 329.3 327.6 326.5 324.6 322.4 318.9 311.7 302.1 299.2 306.6 305.2 304.8 306.3 308.8 310.5 312.1 313.3 313.7 313.9 313.4 311.8 310.8 308.7 301.6 294.5 281.8 269.8 261.2 253 246.4 240.4 235 229.2
349.7 349.9 348.6 348 347.5 346.4 345.3 344.1 342.4 340.1 338.1 335.5 334.1 332.3 330.5 328.8 327.6 326 311.9 323.2 327.8 328.9 329 328.7 327.1 327.6 328.4 330.5 331.6 332.2 331.7 331.8 332.8 334.9 338.1 340.2 342 343 344.3 344.3 344.4 345.2 344.9 344.4 342.7 341 336.3 328.2 326.8 324.9 323.2 320.6 315.8 306.3 303.6 306.5 309.8 309.1 308.5 309 310.3 311.6 313.5 315.4 315.3 314.7 314.4 313.6 312.5 310.9 307.2 301.9 292.4 284.1 277.4 266 257.5 247.2 241.8 234.8
351 350.7 350.1 348.8 348.2 347.6 346.5 345.3 344 341.6 339.4 337.7 336.5 335.4 333.6 332.2 331.1 325.8 322.2 327.1 331.2 332.7 333.3 333.5 332.4 332.4 334 335.4 336.5 336.7 336.8 337.1 338.1 339.8 342.2 344.4 346 347.7 349.2 350 349.4 348.6 347.8 346.6 345 343.3 340.3 334.5 327.7 324 321.6 318.9 314.6 307.1 310.3 310.7 312.2 312.5 313.5 314 314.3 313.6 315 316.5 317 317.1 315.9 314.2 312.6 310.6 308.9 304.8 301.2 294.9 284.9 276.9 269.2 258 250.1 241.8
352.5 351.7 350.6 349.8 349.2 348.6 347.7 346.1 344.7 343.5 341.6 339.8 338.9 337.8 336.3 334.8 333.7 329.6 332.6 331.6 333.9 335.9 336.9 337.1 336.6 336.5 337.4 339.1 340.1 340.9 341.1 341.5 342.2 343.2 345 346.7 348 349.5 350.8 351.9 352.2 351.6 350.9 350.3 348.4 345.7 343.4 339.4 333.3 325.1 320.6 316.6 311.2 314.2 314.6 315.5 316.8 318.6 318.5 318.3 317.1 316.5 316.1 317.3 317 315.5 315.4 314.9 313.1 311.2 310.6 308.3 304.7 300.8 295.5 283.5 275.9 266.7 255.7 247.2
354.3 353.1 352.2 351.3 350.3 349.5 348.5 347.5 346.5 345.2 343.6 342 340.8 339.6 338.6 337.8 337 336.3 336.2 336.6 337 338.3 339 339.7 339.8 339.9 340.6 341.6 342.1 343 343.7 343.8 344.7 345.5 346.9 348.2 349.3 350.1 351.2 352.2 352.4 351.6 350.9 350.1 348.9 346.3 343.5 340 332.1 321.4 319.5 321 321.1 319.8 320.4 321.1 324.9 326 322.6 322.9 322.7 321.7 321.6 321.7 320.9 319.6 317.6 315.4 314.7 314.2 313.8 312.6 309.4 306.6 302.8 297.6 287.8 277.4 265.5 254.4
355.9 354.6 353.9 352.9 351.9 350.6 349.4 348.4 347.5 346.3 345 344.2 342.3 341.3 341.3 340.8 340.4 339.7 339.5 339.3 339.5 340.4 341 342 342.5 342.4 343 343.6 344.3 344.9 345.5 345.9 346.4 347.4 348.3 348.9 349.9 350.6 351.3 351.4 351.3 350.8 349.9 348.8 347.9 344.4 341.1 334.6 326.1 324.5 325.1 329.6 330.8 330.2 329.2 328.9 330 333.5 331 326.9 327.3 328.8 329 327.4 326 324.5 321.6 318.4 318 316.3 312.9 310.9 310.5 309.2 308.1 305.4 302.1 289.1 275.4 264.2
358 358 357.4 355.9 354.7 352.7 350.8 349.8 349 347.9 346.7 345.8 344.8 344.4 343.9 343.4 342.8 343.1 342.9 342.8 342.7 342.6 343.1 344.3 344.9 344.8 344.8 345.4 346.3 346.8 347.3 347.8 348.4 349 349.7 350.4 350.9 351.3 351.7 351.8 351.6 350.9 350 348.8 346.9 344.9 343.4 339.1 333.5 327.7 328.3 332.5 333.7 334.5 335.3 335.8 335.4 338.6 339.9 340.7 340.8 341.4 341.4 341.1 337.5 331.4 328.5 325.1 321.7 315.8 313.1 311.2 310.2 309.2 308.3 307.5 305.9 302.8 290.6 276.8
361.3 361.2 361.6 360.1 358.4 356.4 354.4 352.5 351.2 350.1 349.2 348.3 348 347.5 346.6 346.1 345.5 345.8 346.2 345.9 345.7 345.8 346.2 346.9 347.4 347.5 347.4 347.7 348.5 349.1 349.8 350.2 350.8 351.5 352 352.4 352.5 352.5 352.6 352.4 352.3 351.8 351.3 350.5 349.1 347.4 345.4 342.5 339.4 333.7 333.7 336.3 336.8 337 337.3 338.2 338.9 340.2 341.9 343.1 343.9 344.3 344.7 344.9 344 342.1 335.9 330.2 326.4 323.4 318.8 312.8 309.8 308.3 307.4 306.8 305 302.8 301.1 287.3
366.5 366.9 365.8 363.9 362.5 361.2 359.8 358 355.5 354.1 352.9 352.4 351.3 350.5 349.8 348.9 348.6 348.5 349 349.1 349.4 349.7 350.3 350.5 350.6 350.5 350.5 350.8 351.6 352.5 353.2 353.9 354.5 355 355.3 354.8 354.3 354.5 354.7 354.5 354.3 354 353.8 353.2 352.2 350.5 348.6 346.3 344.5 341.6 340.6 340.7 340.4 340.4 340.4 341 341.5 342 343.4 344.7 345.5 346 346.1 345.6 345.4 344.8 343.8 341.3 332.2 326.8 322.8 317.2 312.3 309.2 306.6 305.6 302.7 300.5 299 294.7
372.4 374.3 373.3 372.9 368.4 367 366.4 365.2 363.8 361 358.8 357.9 356.5 355 354.3 353.7 353.3 353.3 352.9 353 353.1 353.8 354.3 354.9 355.1 354.9 355.3 355.5 356.1 357.2 358.1 358.4 358.6 359.1 359 358.6 358.2 357.5 356.7 356.6 356.4 356.1 355.8 355.3 354.5 353.5 351.8 349.7 348.6 347.6 346.9 345.9 345.6 345.2 345.4 345.6 345.5 345.8 346.1 346.6 346.9 347.8 347.6 347.2 346.2 345.8 344.8 342.5 338.6 329.9 325.3 319.9 315.3 311.7 308.3 305.5 301.8 298.2 294.7 291.4
378 378.5 377.5 376.6 374.2 372.6 371.1 370.3 368.8 365.9 364.6 363 360.1 359.2 358 357.9 357.3 359.2 358.2 357.9 359.5 360.9 362 361.2 360.7 360.5 360.3 360 360.4 361.6 362 362.9 362.8 362.8 362.5 362 361.3 360.5 359.7 359.2 358.6 358.2 357.8 357.3 356.3 355.2 354.1 353.3 352.4 351.1 351.4 351.4 351.6 351.4 350.8 350.5 350.7 350.2 350.5 350.7 351 351 350 348.9 347.7 346.5 345.4 343.6 342.2 340.1 332.3 325.1 320.1 313.2 310.1 307.7 304.3 300.7 296.4 291.3
381 380.9 380.1 378.6 378.4 375.5 374.1 372.5 371 368.7 369.4 369.2 366.8 365.1 365.3 365.3 364.8 365.1 364.3 364.9 366.6 368.8 368.7 368.4 368.3 368.1 368 366.6 365.8 365.7 366.3 367.4 368.2 367.5 366.8 365.9 364.3 363.3 362.4 361.7 361.2 360.2 359.4 358.5 357.7 356.8 355.9 354.9 354.7 354.5 354.7 354.7 354.7 354.5 354.3 354.6 354.9 355 354.8 355.5 355.6 355.2 354.6 353.2 351 348.4 345.8 344.1 342 339.6 336.6 329.1 322.9 317.5 313.6 310 306.4 302.8 298.8 295.6
382.9 382.2 381.4 380.5 379.2 377.8 375.9 374.1 372.9 372.1 371.8 371.3 370.6 369.7 369.2 368.8 369.2 369.8 369.9 369.9 371.1 373.5 374.6 374.9 374.9 375.1 376 374.7 374 373 372.7 373.3 374.1 373.4 371.6 370.4 368.7 366.6 365.4 364.1 363.1 362 361.3 360.4 359.5 358.5 357.8 357.2 357 357 356.9 357.1 356.7 356.5 356.6 357 357.2 357.3 357.6 358 358.2 358.4 358.1 356.8 354.3 351.6 348.2 344.5 341.1 338.2 335.4 332.2 327.2 320.8 317 313.2 308.8 305.2 301.6 298.3
383.5 382.3 380.8 379.5 378.8 377.9 376.3 375.1 374.7 373.7 373.4 372.9 372.5 372.1 372.2 372.1 372.8 372.6 373.4 373.4 374.9 377.9 381.4 383.5 384.6 385.2 384.7 382.1 381.1 380.7 380.4 379.1 378.8 377.5 375.4 373.9 371.6 369.7 368.2 367.3 366 364.7 363.2 362.4 361.8 361.2 360.1 359.6 359.3 359 359.3 359.2 358.3 358.4 358.4 358.8 358.7 358.8 359.3 359.5 359.5 359.9 359.9 358.5 357.1 355 351.3 347.1 342.9 338.9 335.5 331.8 328.3 324.5 320 315 311 307.1 302.5 299.5
382.8 381.3 380.2 379.1 378.2 377.1 376.5 375.9 375.8 375.7 374.9 374.7 374.6 374.8 375.2 375.9 376.2 376.8 378.3 382.1 383.6 385.5 388.1 389 390.3 390.6 392.1 392.6 391.9 391.8 390.9 389.5 387.5 382.3 379.2 377.1 374.2 372.2 370.7 369.8 368.1 366.7 365.6 364 363.4 362.1 361.4 361.1 360.1 360.1 360.5 360.6 360.3 359.3 359.8 360.3 360.5 360.8 360.6 360.4 361.1 361.3 361.4 360.4 358.2 356.3 354.3 351.5 346.4 342.1 337.3 333.3 330.1 328 325.5 321.7 315.3 310.8 305.5 301.5
381.9 380.4 379 378.8 378.3 377.8 377.3 377.6 377.7 378.4 378.5 379.3 381.6 383.7 383.5 383.9 384.9 385.4 386.2 387.8 389.1 391.1 392 392.3 392.8 393.7 394.2 394.5 394.7 395.2 394.4 392.8 391.2 389.4 384.2 382.3 378.5 377.7 374.9 373 371.1 369.3 368.3 366.8 365.3 364.2 363.1 362.3 361.1 361.3 360.9 360.3 360 359.3 358.2 358 357.8 358 358.4 359.8 359.6 360.2 361.4 361.3 359.3 356.4 354.4 352.6 350.3 346 341.6 336.6 332.8 330.6 329.5 329.6 328.1 319.3 311.9 306.4
380.4 379.2 378.5 380.4 381.5 381.2 383.4 383.1 384.1 385.1 385.1 386 386.8 387.1 387.5 388.1 388.5 389.7 390.3 390.6 391.5 392.6 393.1 393.7 394.6 395.1 395.6 396.1 396.5 396.2 395.4 393.6 392.1 391 390.1 388.1 382.9 380.7 379.4 379.9 375.5 374 372.5 370.2 368.7 367.3 365.7 364.5 363.1 362.6 361.9 361.3 360.7 359.8 357.8 357.1 356.7 356.1 355.3 354.7 355.8 357 357.5 357.5 356.9 355 352.5 351.3 350.1 348.3 345.8 341.5 337.6 334 332.6 331.9 331.3 330.7 325.3 314
378.6 377.3 378.4 381.4 385.7 387.3 387.5 387.6 387.4 387.5 387.5 387.5 387.8 388.3 388.8 389.4 390.2 390.7 391.7 392.7 394.1 394.7 396 396.7 397.5 398.3 398.9 399.4 399.3 399 397.9 396 393.3 392.3 391.7 389.8 385 382.5 381.2 382 380 383.2 377.2 375 373.4 371.2 369.4 368 367.1 365.6 363.5 362.7 361.8 360.5 359.1 357.7 356.7 355.4 354.6 353.6 353.2 354.7 355.4 355.3 354.2 353.3 351 349.5 348.8 347.5 346 344.9 343.1 340.6 336.9 334 332.4 330.5 329.1 327.6
375.7 375.4 377 381.6 387.9 388.9 388.2 388.4 388.4 387.9 387.9 387.7 387.7 388.2 389.4 390.4 391.1 392.6 394.3 395.6 397.6 397.3 398.3 399.7 400.4 401.1 401.4 401.5 401.4 401.3 400 397.5 395.1 394 393.3 389.7 385.9 384 382.7 382.9 383.1 384.3 383.7 382.8 376.8 375.5 374.2 372.7 370.4 368.8 367.3 365.9 365 362.8 361.1 359.1 357 355.8 354.3 352.6 351.9 351.7 352.9 352.9 352.8 351.9 350.8 349.5 348.2 346.7 345.5 344.3 343.3 342.6 340.9 337.9 333.5 330.3 328.5 326.6
372.3 372.2 373.5 378.2 384.9 387.6 387.8 388 387.6 387.2 386.7 386.7 386.9 388.1 389.5 391.2 392.2 395.4 396.9 398.4 398.5 399 399.9 400.6 401.2 401.6 401.9 401.8 402 402.3 400.9 398.6 396.9 395.2 392.9 390.1 386.6 384.9 383.9 383.9 384.1 384.6 384.3 385.5 382 379 377.7 376.9 375.6 373.8 371.5 370.7 368.3 366.5 364.5 362.9 360.3 357.3 355 353.2 351.2 351.1 350.9 350.5 350.5 351 349.9 349.2 348.5 346.5 344.9 343.7 342.3 341.3 340.4 340.3 335.8 331.7 328.6 325.1
369.1 369.5 370.8 374.9 382.9 384.5 385.7 386.3 386.5 386 385.6 385.4 386.1 388 390.2 391.6 393.3 395.8 397.4 398.9 399 399.5 399.4 399.7 400.5 400.9 401.4 401.5 401.5 401.3 400.8 399.4 396.6 395 393.5 390.8 387.6 386.3 385.2 385.2 385.3 384.6 384.7 385.1 384.8 384.2 382.7 384.5 383.6 380.1 377.8 376.3 374 370.9 368.9 366.8 365.7 362.4 360.2 358 354.9 351.2 349.5 348.9 348.7 348.4 349 348.5 347.5 345.1 344 342.3 341 339.5 337.8 336.5 335.5 333.8 330.1 325.7
366.4 366.8 367.9 370.6 376.7 381.9 383.6 384.5 384.7 384.7 384.6 384.3 384.5 387.2 390 390.9 392.3 394.9 396.4 397.1 397.6 398.5 398.9 398.9 399.4 399.8 400 400.2 400.2 400.2 399.7 398.2 395.9 394.2 392.7 391.4 390.3 388.3 387.3 387 386.9 387.1 386.2 385.7 385.7 385.6 385.3 385 384.5 384.1 383.7 382.7 378.6 376 373.8 373.8 372.6 369.8 366.8 362.8 359 354.5 350.8 348.7 346.3 346.2 346.3 345.2 345.4 345.1 343 341 338.8 337.1 334.8 332.9 330.8 329.3 329.5 325.9
363.8 364.1 364.9 366.9 372.9 379.7 381.5 382.2 382.4 382.3 382.4 382.6 382.7 385.5 387.9 388.6 390.1 391.9 393.7 394.7 396.1 396.3 396.2 396.7 397.2 397.8 398.7 398.8 398.7 398.3 398.1 396.8 394.6 392.3 390.6 390.2 390.2 389 388.3 389.1 390.1 389.9 388.8 388.1 387.1 386.5 386.2 385.8 385 385.3 383.9 383 382.3 379.7 377.4 376.1 375.4 375.1 371.5 367.8 362.4 358.9 355.3 351.6 348.9 346.7 345.2 344.2 344.3 342.5 341.6 339.2 335.5 333.3 331.5 328.7 325.4 321.7 321.2 323.6
361.6 361.3 362.1 363 371.1 376.6 378.7 379.6 379.8 379.8 380 379.3 380.7 382.6 385.5 386.1 387 388.5 391.5 392.5 393.5 394.3 394.5 394.3 394.9 395.3 395.8 396.3 396.4 396.2 395.8 394.9 392.4 390.3 388.5 388.5 388.9 389.4 389.4 390.1 390.8 390.6 390.3 389.8 388.9 388.3 387.9 387.7 387.4 386.3 384.7 383.2 382.3 381.5 380.7 378.1 375.7 375.4 374.5 370.7 366.3 359.2 356.6 353.6 352.5 350.7 349.7 345.6 346.7 341.7 340.5 339.8 339.5 336.8 333.5 329.1 327.6 325 319.8 313.1
360.6 359 359.4 360.5 366.3 372 375.5 376.6 376.7 377 377.4 377 377.7 379.2 380.8 382.1 382.9 384.3 385.8 387.5 389 390.7 391.2 391.2 392.7 392.8 393.4 393.7 392.7 393.4 392.8 391.1 389.8 387.4 386.6 386.7 387 388.4 389 390 390.3 390.4 390.4 390 389.5 388.8 389.1 388.9 388.8 387.4 385.4 382.4 380.3 379.8 379.5 378 374.7 373.8 372.6 370.8 366.3 361.6 358.7 357.2 356.9 355.4 353.6 350.9 348 346 344.9 343.7 341.5 338.9 335.7 332.5 329.8 326.6 322.7 318.9
360.4 356.1 355.8 357.3 362.3 368.7 371.8 372.4 372.6 373.4 374 373.9 374.1 374.1 376.2 377.8 379 379.8 380.3 381.8 383.3 384.8 385.3 386.2 388.7 390.3 390.4 390.2 389.4 388.9 389 387.9 386.9 385.3 384.9 384.7 385.4 386.6 387.6 388.2 388.7 389.1 389.4 388.9 389 389 389.5 389.7 388.9 387.4 383.9 380.6 378 377 377.2 375.5 370.2 368.3 368.9 367.4 365.1 363.4 362.6 361.3 360.4 357.8 355.8 354.3 353 351.3 349.7 348.2 346.7 343.1 339 335.7 331.4 328.2 324.9 322.8
356 354.4 353.1 354.5 360.3 366.6 368.7 369 369.1 369.6 370.6 370.8 371.1 371 371.6 372.3 374.3 374.2 375.7 376.7 377.7 378.5 378.9 380.1 382.2 386.1 385.2 385.4 385.5 385.8 385 384.2 383.7 383.6 383.3 383.1 383.9 384.7 385.4 385.7 386.4 386.5 387.1 387.5 387.4 387.5 387.6 387.6 386.6 384.1 380.6 377.7 375.8 374.8 374.2 373.3 370.9 366.8 364.7 365.1 364.4 363.6 363.2 363 361.6 360.1 357.6 356.5 356.6 356.8 356.8 354 352.4 349.6 345.1 341 337 332 328.4 325.2
353.2 354.4 350.2 351.4 355.6 361.6 365.6 366.1 365.5 365.2 366.4 367.3 367.4 367.6 368.4 368.5 369.1 370.3 371.4 371.6 372.3 373.2 374.2 375 376.6 379.5 379.9 380.8 382.3 381.3 381.3 380.8 380.6 380.5 381.6 381.7 382.2 382.8 383.5 383.6 383.2 383.7 384.7 384.7 384.6 384.7 384.8 383.7 382.7 379.2 376.5 374.4 373.7 373.1 372.5 371.9 370.4 365.9 362.9 362.5 362.3 361.7 361.7 361.8 361.5 361 359.7 358 357.2 357.8 359 359.9 356.8 353.9 350.7 347.5 342.5 337.7 333.2 329.1
350.5 351.9 348.6 347 349 357.7 362.7 363.8 362.9 363.6 363.7 363.5 363.4 364.3 365.1 365.5 365.8 366.9 367.4 367.8 367.9 369.2 369.6 371.4 372.8 374.1 375.8 376.1 377 378.3 378.1 377.8 377.4 378.4 379.2 379.3 379.8 380.3 380.4 380.5 380.1 379.6 380.1 380.6 380.9 381 381.1 379.1 376.9 374.3 372.4 371.9 371.8 371.3 370.8 370.7 370.2 368.6 363.5 361.3 359.5 359 360.1 359.5 359.6 359.5 359.7 359.1 357.9 356.8 357.1 358 357 355.6 355.4 353.5 348.7 343.5 337.7 333.5
