public/OST50/SE15.asc
ncols 200
nrows 200
xllcorner 410000
yllcorner 450000
cellsize 50
[rows 105 to 139 of 200, columns 79 to 157 of 200]
321.9 322 322.1 321.9 321.4 321 320.1 318.1 316.7 314.4 311.4 309.3 306.7 304.1 301.3 298.4 295.6 293.3 290.7 287.9 285.1 282 278.7 275.1 272 268.3 265 261.7 258.1 255.2 251.5 247.1 242.5 236.5 236.1 234 232.9 230.1 227 223.5 219.7 216.9 214.2 211.4 208.4 202.1 207.9 210.3 212.4 215 216.1 215.4 214.5 212.5 209.8 206.7 203.6 200.7 196.9 194 190.6 186.8 182.6 178.5 174.9 171.4 168.3 166.2 164.1 161.7 159.9 156.4 157.9 159.3 160.4 161 152 152 152
321.9 322.1 321.9 321.6 321.2 320.5 320.2 318.4 316.1 313.8 310.7 307.9 305.2 302.7 299.8 297 294.2 291.7 289 286.4 283.5 280.6 276.3 273 269.8 265.2 260.5 257.8 254.7 251.3 248.7 245.6 241.8 239.7 239.4 235.8 232 228.7 225.3 221.9 219.1 216.7 214 210.5 208 210.7 213.2 214 217.4 218.2 217.8 216.8 214.8 212.6 210.1 206.7 203.3 200.5 197.2 194.1 190.8 187.1 183.6 178.6 175 171.3 168.3 166.3 164.3 162.4 160.4 158.9 159.1 159.9 160.3 160.5 160.3 160.7 152
321.6 321.7 321.4 321.2 321.2 320.7 319.2 317.9 315.7 313.2 310.4 307.2 304.9 301.3 298.8 295.8 293.1 289.9 287.1 283.9 281.4 277.9 274.2 270.2 266.1 262.5 258.8 255.6 251.4 249.2 246 243.2 240.5 240 236.7 233.5 229.8 226.4 223.5 221 218.5 216.4 212.8 213.7 214.1 216.8 220.9 221.4 221.2 220.5 218.9 217.3 215.1 212.4 209.7 206.5 203.1 199.7 197.2 193.5 189.9 186.5 182.4 177.8 173.5 170.4 168.3 166.2 164.2 162.6 161.6 160.6 159.8 160.1 160.5 159.6 158.5 158.7 159.2
320.7 321.2 321.2 321.2 320.5 318.4 317.3 316.2 315.5 312.7 309.9 307.1 304.5 301.1 298.1 295 292.7 289.5 286.7 283.6 280.7 276.9 272.6 268.7 264.5 259.6 255.8 254.1 251.8 248.5 245.3 242.4 239.8 236.9 234.6 231.4 228.9 225.7 223.5 220.7 218.3 216.5 212.5 218.7 219.2 224.9 224.9 224.1 223.3 221.4 219.5 217.3 214.6 212 209.3 206.2 202.8 199.3 196.3 192.2 188.5 184.8 180.5 176.2 172.4 169.9 168.2 166.2 165.4 164.9 163.3 161.9 160.7 159.8 158.9 158.1 157.1 155.9 155.8
318.9 318.4 320 320.3 320.7 319.8 318 316.7 315 313 310.2 307.3 304.4 301.1 297.9 294.9 291.7 288.7 286.2 282.6 279.5 276.3 272.8 269.9 266.9 262.4 259.3 257.8 255.9 251.4 247.2 243.5 240.1 236.5 233.6 230.3 228.2 226 223.6 221.9 218.3 215.7 221.4 226.7 227.8 227.3 226.5 225.4 223.8 221.5 219.1 216.7 214 211.4 208.8 205.7 202.4 199 195.6 191 186.4 181.8 178.6 175 173 172.1 170.4 168.6 168.6 167.2 165.5 163.5 161.9 160.4 158.7 157 155.3 153 152
317.6 319.4 320.3 320.6 320.1 320.1 318 315.8 313.7 311.7 309.4 306.8 303.5 300.4 296.8 293.7 291 288 284.4 281.4 278.5 275.9 272.9 269.8 267 264.2 261.4 258.4 253.7 250 246.2 242.3 238.8 236.2 233.6 230.9 228.4 226.5 223.6 223.7 224.6 227.7 232.6 230.8 229.8 228.6 227.1 225.6 223.4 221 218.5 216.2 213.5 210.7 207.8 204.9 201.6 198.2 194.7 190.7 186.9 183.2 180.4 177.3 175.9 176.1 172.3 171.4 172 171.6 167 165.1 163.5 161.6 159.7 156.4 153 152 152
316.7 318.4 319 319.4 319.5 319.3 317.7 314.3 311.9 309.8 307.7 305.2 302.5 299.2 295.4 292.7 289.7 286.3 283.3 279.9 277.2 275 272.4 269.3 266.3 263.3 260.1 255.9 252.2 248.6 245.1 242 239 236.5 233.8 230.1 228.8 227.6 226.8 228.5 232.4 235.7 232.5 231.4 230.3 228.8 226.8 224.7 222.7 220.2 217.8 215.3 212.4 209.6 206.9 204.1 200.8 197.5 194.3 191 187.1 184.6 181.9 179 180 179.3 177.5 175.4 173.2 170.8 170.1 168.7 167.9 164.4 161 156.5 152 152 152
315.4 315.3 316.8 318.6 318.4 317.9 315.7 311.5 308.5 305.5 303.8 302 300.2 297.3 293.7 291 288.3 285.5 282.5 280 277.2 274.1 271.6 268.4 265.6 262.4 258.6 254.9 251.8 248.3 245 242 239.3 237.4 235.8 234.1 232.4 231 230.5 236 237.9 235.8 232.3 231.8 230.2 228 226 223.9 221.7 219.3 216.7 214.1 211.3 208.6 205.7 203 200 196.8 193.7 190.5 187.1 184.5 182.2 179.6 181.8 180.8 178.5 176.3 174.4 174 174.3 174.3 172.1 166.2 160.3 156.1 152 152 152
312.3 313.8 315.8 317.3 317.4 315.3 311.4 308.3 305.4 303.1 300.1 298.3 296.8 294.7 292.6 289.3 286.5 284.3 281.9 279.8 277.3 274.7 271.9 269 266.1 263 259.5 256.1 252.9 249.7 246.3 244.2 242.9 241.3 239.1 236.5 234.3 232.7 232.4 235.4 237.3 234.7 231.4 229.7 228.1 226.6 224.9 222.4 220.1 217.8 215 212.4 209.6 206.7 203.6 201.6 198.9 196.1 193.4 190.4 187 184 181.7 182.4 182.1 181.5 179.2 177.3 176.2 176 175.5 173.3 167.4 162.6 157.1 152.3 152 152 152
309.6 312.5 315.6 316 314.6 312 308.7 305.6 303.2 300.7 298.2 296.3 294.5 292.6 289.9 287.3 284.8 282.9 280.6 278.8 276.8 274.2 271.5 268.9 266.6 263.7 261 258.1 255.3 252.6 249.9 247.5 245.4 243.3 241 238.1 236.2 233.7 231.5 229.9 230.7 232.7 231 229.1 226.7 224.9 222.9 220.7 218.1 215.6 213.2 210 207.8 204.7 201.5 199.8 197.7 195.2 192.8 190.2 187.2 185 183.9 183 182.4 181.1 179 177.8 176.9 175.3 173.9 168.3 165.1 161.5 156.6 152 152 154.2 158.7
306 310.5 313.7 314.2 312 307.8 305.7 303.5 301.5 299.2 296.6 294.5 292.5 290.2 288 285.8 283.5 281.3 279.3 277.4 275.5 273.1 270.9 268.6 266.3 263.6 261.1 258.8 256.4 253.9 251.4 248.8 246.3 244.5 241.8 239.3 236.7 234.1 231.8 230 227 225.6 226.9 227.5 224.7 222.6 220.2 217.7 215.4 212.4 209.6 207.3 204.7 201.9 199 197.3 195.8 194.1 191.4 189.1 187.7 186 183.9 183.2 181.9 180.7 178.6 176.4 174.1 170.8 168.2 165.4 162.4 157.7 154.9 154 154.7 161.7 164.1
306.4 305.4 310.3 311.4 306.9 303.7 301.6 301.2 299.2 297.3 294.6 292.4 290.6 288.5 286.6 284.8 282.5 280.3 278.4 276.4 274.2 272.3 270.2 267.9 265.6 263.1 260.8 258.4 255.4 253.2 251 248.7 246.2 244 241.7 239.8 237.9 235 232.2 230.1 227.2 224.4 222.4 220.9 221.1 219.3 216.9 214.6 211.1 206.9 203.7 202.4 199.4 196.6 194.2 192.3 192.1 189.8 185.6 185.9 186.7 186.3 184.8 183.8 182.9 181.6 179.5 177.4 176.1 168.3 164.9 162.5 159 155.8 155 157.2 162.9 166.7 167.6
308.9 301.1 301.7 304.3 301.7 298.4 298.4 298 296.5 294.7 292.4 290.4 288.6 286.8 285.1 283.4 281.4 279 277 274.9 272.9 270.6 268.2 266 263.8 261.7 259.2 256.8 254.5 251.8 249.1 246.2 243.6 241.3 239.5 237.9 235.6 233.5 231.5 229.4 227.1 224.2 221.5 218.8 216.1 215.1 212.5 210.3 207.2 203.3 199.3 196.4 194.6 191.9 189.9 189.4 186.9 185.6 184.2 182.6 182 178.4 185.2 184.1 182.4 180.5 176.6 173.6 171.1 166.8 165 161.4 158.2 156.7 160.4 165.4 169.6 170.9 170.1
309.2 308.2 300 295.3 296.1 296 295.2 294.5 293.3 291.8 290 288.5 286.8 284.8 282.9 281.4 279.7 277.3 274.9 272.7 270.5 268 265.8 263 260.9 259.1 257 254.5 251.8 249.2 246.1 242.9 240.1 238 235.9 234.5 232.7 230.4 228.4 226.6 224.2 222 219.8 216.8 214.1 211.3 209.3 205.9 203.3 200.6 197.7 195 192.2 189.2 186.7 185.9 183.9 182.3 181.7 177.4 173 171 170.8 171.4 169.5 170.2 167.4 166.2 164.6 164.2 161.3 159.2 157.6 160.4 166.3 170.9 173.6 173.1 172.3
307.3 303.4 299.4 293.8 290 291.9 291.3 290.8 289.7 288.3 286.8 285.7 284.5 282.7 280.1 278.3 276.1 273.9 271.8 268.8 266.1 264.1 261.9 259.5 257.2 255.2 253.4 250.8 248.1 245.2 241.8 238.3 235.9 233.4 231.9 230 228.1 226.8 224.9 223.2 220.5 218 215.7 213.6 211.5 208.4 205.6 203.5 200.3 198 194.5 192.3 190.6 188.6 184.5 181.4 179.8 178.6 178.3 176 173.2 172.6 170.7 169.2 167 166.1 164.6 165.2 163 162.2 162.1 160.5 159.7 162 169.7 174.5 176.4 175.8 174.7
303.8 300.7 296.8 293.5 289.8 285.1 286 285.6 283.3 283.9 282.7 281.7 280.8 279.1 276.3 274.5 272.1 269.8 267 264.3 261.5 259.6 256.8 254.8 252.2 249.8 248.6 246.1 243.2 240.2 237.5 234.4 231.4 229.3 226.9 224.5 222.6 221 219.8 218.5 217.3 215.6 213.7 211.9 209.6 207 205.5 201.6 199 195.8 194.2 192.8 191.3 188.5 183.7 181.1 180.7 181.8 182.2 180.2 176.8 176.2 176.3 173.7 172.4 170.2 169.4 168.9 167.4 166.2 165.6 164.3 164.7 165.5 170.7 176.8 178.6 177.4 178
302 299.2 296.1 293.2 290.1 287.3 283.7 281.5 275.8 276.5 277.4 276.8 276 274.6 272.5 270.7 267.6 264.7 262.1 259.1 256.7 254.7 252.4 249.6 247.1 245.5 243.4 240.9 238.3 236 232.6 230.2 227.1 225 223.1 221 218.8 217.4 216.2 216.3 214.8 211.4 209.6 208.8 208.2 205.1 202.9 200.4 197.6 195.6 194 190.8 189 187.4 185.7 184.7 184.7 184.7 186.2 184.3 182 180.8 180.2 178.2 175.4 173 173.1 171.6 170.4 170.1 169.7 168.4 170.8 171 172.5 177.1 179.2 180 180.2
303.9 300.8 297.6 294.1 291.2 288.4 284.9 281.3 277.2 272.7 268.6 268.5 269.9 269.4 268.2 265.8 263 259.2 256.3 253.9 251.6 249.4 247.1 245.1 242.5 241.2 239 236 234.2 232 229.7 226.4 223.9 222.1 220.2 217.7 215.6 214.2 213.5 213.7 211.6 208.6 207 206 205 202.9 200.9 198.3 196.3 194.2 192.1 189.2 187.3 187.4 187.7 189.8 190.5 190.2 189.1 187.9 185.2 183.7 181.6 179.1 177.5 176.2 175.4 174.1 174 173.9 173.5 173.6 175.1 174.6 175.9 177.9 179.7 181.1 182.2
306 302.8 299.7 296.6 293.6 290.1 286.1 282.3 279.4 275.4 271.7 267.9 264.4 261.9 262.1 260.9 258 254.8 247.2 244.1 243 243.6 241.6 240.1 238.3 236.1 233.7 231.3 229.4 228.2 226.1 221.7 219.3 218 215 214.4 213 211.2 210.5 210.4 207.6 205.1 204.3 204.3 202.9 200.8 198 196.5 194.9 193 189.5 183.7 183.5 186.9 192.4 193.9 193.7 192.1 191.1 189.7 188.1 185.5 182.8 180.9 179.5 178.5 177.6 178.3 177.3 177.9 177.9 178.7 179.4 179.7 179.8 181.5 183.9 187.5 189.1
308.1 305 301.9 299.1 296.1 292.6 288.1 285.2 280.9 277.4 274.2 269.7 265.6 261.9 259.6 253.7 251.7 248.8 247.5 244.7 241.2 237.7 234 234.4 233.3 231.3 228.9 227.5 226.6 225.1 222 217 215.8 214.4 212.7 210.7 208.6 207.5 206.6 206.2 205.3 203.5 201.8 203 201.1 199 196.7 193.8 191.3 190.2 187.5 186.2 188 191.4 194.4 196.8 197.6 196.5 193.9 192 190.2 187.3 185.3 183.7 182.3 181.9 182.4 183.2 182.8 183.8 183.9 184.8 186.3 186.1 185.3 185.8 186.8 191.5 193.3
310 307.3 304.5 301.5 298 295.1 291.8 287.7 284 280 276.1 272.9 269.6 265.9 261.9 258.3 256 252.9 249.3 246.1 242.4 238.6 236.4 231.5 228.7 227.5 227.6 226.4 227.2 227.6 224.6 220.1 217.9 216.1 213.3 212 210.8 208 207.1 205.3 205.4 202.7 198.4 198.5 197.9 197.1 195.3 191.9 189.1 187.7 190 192.3 194 193 197 199.4 201.1 199.8 197.8 195.9 193.8 192.1 190 188.5 187.6 187.9 188.1 190.1 189.6 189.3 189.9 190.9 191.9 192 192.1 193 193.7 195 197.1
311 308.7 306.1 303.1 300.1 297 293.5 290.2 286.5 282.6 278.7 274.9 271.3 267.7 264.7 262 259.1 256.1 251.9 248.6 244.6 240.2 233.5 235 235.7 236.8 233.6 230.8 232 230.8 230 225.6 221.7 218.4 216 214.5 212.3 211.6 209.9 207.7 206.3 205.3 202 198.7 195.6 195.4 194 191.6 190.8 194.8 196.5 196.9 197.5 197.5 199.2 201.1 202.5 203.1 202.2 200.7 199.8 198.2 196.4 194.2 194 193.5 195 196.4 195.6 194.1 194.5 195.9 197 198.4 198.2 199.3 199 201.1 200.9
311.5 308.8 306 303.2 300 296.8 293.7 290.6 287.1 283.3 279.4 275.4 271.5 267.9 264.9 262.3 260 256.7 253.2 249.2 245.1 238.6 239.7 243.6 245.5 245 243 240 238.5 236.2 234 230.2 226.1 221.8 219.2 217 213.9 213.4 212.5 210.3 210.1 210.4 207.5 203.3 201.2 199.5 197 193.9 194.3 197.9 201.5 201.4 200.8 202.1 202.9 203.8 204.7 205.2 205.3 205.7 204.9 203.2 200.5 198.6 197.7 197.7 197.6 199.6 200.2 200.8 201.4 203.4 204.1 204.2 204.1 204 204.2 206.3 205.2
310.7 307.8 305 302.1 299.1 295.9 292.7 289.4 285.8 281.9 277.8 273.6 269.6 266 262.4 258.9 256.5 254 250.3 247.6 242.3 239.8 246.1 249.7 251.2 249.9 247.2 244.1 241.6 238 237 234.6 231 227.2 223.2 220.1 217.5 216.4 216 216.2 215.4 215 211.7 207.5 206.2 203.5 201 199 197.7 200.5 203.4 205.1 205 205.6 206.5 206.7 207.2 207.5 207.6 208.1 207.6 205.8 203.8 202.4 201 199.3 200.7 202.2 203.3 207.1 208.9 210.4 210.5 209.7 210.4 210.8 210.6 208.9 208.6
309.3 306.1 303.3 299.9 297.4 294.3 291 287.5 283.3 278.8 274.4 270.5 266.8 263 258.8 256.2 253.8 251.4 248.2 244.2 239.9 246.8 251.6 253.6 254.3 252.5 249.7 247.3 244.1 240.6 240.8 237.4 234.1 231.2 227.7 225.7 223.4 220.8 221.5 220.6 221 220.1 217.8 214 210.4 208.5 205.9 203.2 201.4 202.1 206 207.3 208.9 209.8 210.6 210.3 210.3 210.5 210 210.6 211.1 209.5 208.1 206.4 204.9 202.7 202.9 205 207 209.9 211.9 213.4 213.5 213.8 214.8 214.9 214.6 213.4 212.8
307.7 304.4 301.5 298.5 295.5 292 288.6 284.7 280 275.3 271.7 267.9 264.2 260.5 257.1 254.5 252.3 250.2 245.3 242 245.5 252.6 256.2 257.1 256.4 254.6 252.1 249.4 247 243.5 244.2 241.6 236.7 234.3 231.6 230 227.8 227.6 226.5 223.9 224.6 224 220.6 219.4 216.4 213 210.9 206.9 205.4 205.5 208.5 210.6 213.3 213.6 213.9 214.1 213.9 214.2 213.9 214.5 215.2 214.4 213.3 211.4 209.4 206.6 205.4 207.5 209.1 210.3 212.3 214.5 216.5 217 216.9 218.4 219 216.9 214.5
305.6 302.6 299.2 295.7 292.2 288.9 284.9 281.5 277.1 272.8 269.4 265.6 262 259.3 256.9 254.4 250.5 246.1 243.8 247.7 250.3 257.1 260.7 261 258.2 255.6 254 251.9 249.7 247.7 247.2 245 241.7 238.7 237.1 235.2 233.1 232.7 232.2 231.4 229.9 228.1 225.2 223.2 220.6 217.6 216.1 212.5 210 211.7 210.9 213.2 216.3 216.7 217 217.3 218.8 219.7 220.2 219.3 220.5 219.5 218.6 216.9 214.1 209.8 208.3 210 211 212.3 213 214.6 217.1 219 220.1 220.3 220.5 219.1 217.7
302.1 298.9 295.6 292 288.3 284.7 280.8 277.7 274.3 271 267.1 263.9 261 258.6 256.5 253 248 245.8 248.2 255 258.1 261.3 264.7 264.6 261.8 259.7 257.3 255.6 253.9 252.1 250.4 248 246.9 244.8 242.9 240.6 238.6 237.9 236.8 235.5 234 232.1 230.5 227.4 225.6 225.1 222.9 221 218.5 217.4 217.7 215.5 219.1 220.6 220.7 220.2 222 223.4 224.6 225.1 225.4 224.5 223.7 221.7 218.1 214.9 212.3 212.5 213.5 214.1 214.6 215.7 217 218.6 220.6 222.2 222.6 221.8 220.1
298.9 294.9 291.6 288.3 284.8 281.1 277.6 275.1 271.6 268.4 265.3 262.2 260 257.7 253.2 249.4 248.9 251.5 255.4 259.9 263 266.3 269.4 269 267 264.6 262.3 260.1 257.8 256.8 254.1 252.7 252.1 250.2 248.2 246.9 244.5 242.5 241.4 241.6 240.4 238.8 237.2 234.2 231.7 230.9 229.1 228.5 226.6 224.4 223.6 222.5 222.4 224.1 224.5 223.8 225.6 227.5 229.1 229.8 229.6 229.2 227.5 225.5 222.3 218.9 216.1 216.1 216.2 216 216.3 217 218.5 218.7 220.2 221.7 222 220.7 218.1
294.5 291 288.3 284.8 281.3 278.3 275 272.5 269.5 266.8 263.5 260.3 258 254.2 250.5 250.5 255.6 259.5 261.2 264.8 268.3 272.7 273.3 273 271.5 269.6 266.9 264.2 262.2 260.6 259.4 258.2 257.4 255.5 253.8 251.5 250.4 249.9 249.2 248.7 247.8 246.2 244.4 242.3 240.4 237 236.5 235.2 233.3 231.8 230.9 228.4 228.6 229.3 228.7 227.9 229.7 232.8 234.1 234 233.5 232.2 230.3 228.1 225.1 221.8 220.5 219.9 218.9 218.5 219.1 218.8 219.1 219.6 220.5 221 220 218.2 216.5
291.6 288.3 284.8 281.4 278.1 275.5 273 270.6 268.3 266.2 262.6 257.3 253.7 252.6 253.6 257.8 262.1 263.1 265.8 271 277.6 277.7 277.2 276.9 275.5 273.7 271.6 268.7 266.7 265 263.1 263.6 262.7 261.2 259.6 258 257.3 257.6 256.7 255.5 254.2 252.7 251.1 249.5 247.6 244.5 243.8 242.3 241.9 240 238.4 236.1 234.8 233.8 233.5 233.8 235.9 237 237.1 237.2 236 234.6 232.4 230.3 227.6 224.2 223.5 222.7 221.6 221.5 221.1 221.4 221.3 222.1 222.4 222.1 221.8 222.5 220.4
288.9 285.4 282.1 279 276.4 274 272.1 269.4 266.8 263.8 260 254.1 253.5 255.9 259.4 264.4 267.1 269 273.8 281.4 282.6 282.6 282.7 281.8 279.6 277 275.1 272.2 270.6 268.6 267.7 268.5 268.1 267.1 266.5 265.7 265.4 264.8 263.4 261.5 260.8 259.1 257.3 255.8 253.6 250.3 251 251.1 250.3 248.9 247.1 245.4 243.6 242.4 241.3 241.7 241.6 241 240.5 240 238.3 236 233.6 232.1 229.9 227.8 226.5 225.5 224 223.7 223.1 223.2 223.1 223.8 225.8 224.7 223.7 223.9 225.6
286.3 283.1 280.3 277.3 275 273.4 270.8 267.9 265.1 259.2 255.9 254.4 256.7 260.8 264.9 269.4 271.4 276.5 282.3 285.5 286.4 287.1 286.8 285.8 283.5 280.9 278.4 276.1 273.9 272.7 272.2 272.4 271.7 272.3 272.1 272 271.7 270.8 269.7 268.3 267 265 263.1 261.2 257.7 254.7 255.8 258.1 257.2 255.8 253.6 251.6 250.1 248.7 247.1 246.7 245 244.1 242.7 241.6 239.8 238.3 235.3 233.7 232.5 231.8 230.3 229.2 227.7 226.7 225.9 225.2 225.1 225.1 225.8 225.3 224.4 223.2 223.3
284.4 280.5 277.2 274.9 272.4 270.8 268.8 264.5 261.5 257.2 255.9 257.5 261.1 264.4 269.8 274.9 278.4 283.8 289.1 289.8 290.7 291 289.6 288.3 285.4 282.9 279.9 278.2 277.3 275.6 276.2 275.9 275.6 276.2 277.1 276 275.6 274.6 273.6 272.5 271.2 269 267.6 265.3 261 255.7 257.2 260.8 260.9 259.4 257.4 254.7 252.9 251.7 250 249.1 247.8 246.2 244.4 242.6 240.3 238 235.6 234.2 233.1 233 233.5 232.9 232 231.2 229.6 228.1 227.4 227.4 226.5 225.9 224 222.5 220.3
279.3 276.9 275.5 271.8 268.5 266.9 265.1 262.9 259.5 258 261 263.4 265.7 268.5 272.9 279 283.6 290.5 293.8 294.8 295.2 293.9 292.1 290 288.2 284.6 282.7 282.1 280.3 279 279.6 279 279.8 279.5 279.7 279 278.4 277.1 275.7 274.6 273.1 271.2 269.9 267.7 263.9 260.6 256.8 261.4 262 260.6 258.8 257.3 255.5 253.9 252.3 250.3 248.5 246.7 244.2 241.6 239 236.5 234.4 232.7 231.6 231 232.1 233.1 233.5 233.4 233 231.6 230.5 229.8 228.6 227.2 225 222.7 218.9
