public/OST50/SE15.asc
ncols 200
nrows 200
xllcorner 410000
yllcorner 450000
cellsize 50
[rows 35 to 69 of 200, columns 79 to 157 of 200]
228.8 227.8 228 228.4 229 230.7 232.3 233.8 234.9 234.7 234.9 234.3 229.6 216.1 214.1 214.1 214.1 232.1 238.9 242.6 244.2 245.1 245.5 245.8 246.3 246.5 247.5 248.5 253.6 254.2 252 251.5 253.6 254.5 251.7 250 249 249.1 250.1 252.6 255.1 257.9 260.1 262.4 266.4 269.1 271.3 274.8 277.7 278.1 278.3 277.2 276.3 275.6 274.3 272.6 270.6 269 266.5 263.8 259.6 255.1 251.2 246.7 242.6 239.3 235.6 231.4 228.6 223.5 218.1 214 207 202.1 194.7 188.5 187.6 188.8 187.5
217.4 218.5 221.6 222.6 224 226.2 227.9 230.1 231.8 231.9 232.2 232.8 225.1 217.1 214.1 214.1 214.1 228.2 236.6 238.5 239 238.6 238 237.2 236.9 237.7 238.3 238.5 240 241.2 242.9 244.8 246.9 246.4 245.4 244.9 245.2 246.8 249.6 252.7 255.2 258.2 262.1 266.4 269.8 271.4 273 276 277.3 278 278.1 276.9 276 275.2 273.5 271.8 270 268.9 266 262.7 258.9 254.8 250.3 246 242.3 238.8 234.7 230.8 226.9 223.8 219.6 214.7 208.7 204.1 198.7 195.8 193.8 193.4 192.2
225.1 224.3 219.7 215.7 214.1 214.1 214.1 214.1 214.3 218.3 220.4 221.6 219.9 215.1 214.1 214.1 214.1 218.1 231.5 232.3 230.5 229.6 229.2 227.8 226.4 225.3 223.8 225.4 226.7 230.4 232.9 237.3 239.1 239.7 239.8 239.6 242.8 246 249.2 252 256.1 260 265.1 271 273.2 274 275.1 276.5 277.2 278.1 277.7 277 276.2 274.7 273.2 271.6 269.8 268 265.3 262.1 258.5 253 249.1 246.5 242.9 238.9 235.3 230.6 226.3 222.9 219.1 214.9 211.2 206.5 203.6 201.4 198.9 197.5 196.1
229 228.4 226.4 225.7 225 223.7 218.3 214.6 214.1 214.1 214.1 214.1 215.2 214.1 214.1 214.1 214.1 214.1 220.5 223.2 220.2 216.3 214.1 214.1 214.1 214.1 214.1 215.7 218.2 223.3 228.3 230.9 232.3 233.3 234.3 238.1 241.3 244.9 248.4 253.6 258.3 264.1 269.3 272.2 273.8 275 275.7 277.3 277.8 278.3 277.7 276.9 276.2 274.2 272.1 270.5 268.5 266.7 264.6 261 258.1 252.8 247.9 245.6 241.9 238.2 234.1 229.7 226.5 223.3 219.8 216.9 213.2 210.6 208.1 205.3 203.3 201.8 200.3
234.5 231.8 229.9 230.8 231.1 231.8 231.7 227.2 221 214.1 214.1 214.1 214.1 214.1 214.1 214.1 214.1 214.1 214.1 214.1 214.1 214.1 214.1 214.1 214.1 214.1 214.1 214.1 214.1 216.9 221.2 224.5 226.6 228.4 232.3 236.2 240 244.1 248.6 254.4 260.5 267.5 271.8 272.9 274.1 275.6 277.7 279.2 279.9 280 279.2 277.7 276.2 273.8 271 268.5 266.1 263.6 261.5 258.7 254 250.2 245.5 242.3 239 235.9 232.9 230 227.6 224.8 222 218.8 215.7 214.3 211.9 209.2 207.3 205.7 204.3
237.3 234.9 233.1 234.7 235.2 235.5 236 234.7 232.8 225.6 214.1 214.1 214.1 214.1 214.1 214.1 214.1 214.1 214.1 214.1 214.1 214.1 214.1 214.1 214.1 214.1 214.1 214.1 214.1 214.1 214.1 218.7 221.3 225.5 229.9 233.1 237.2 242.8 249.8 257.6 261.1 267.2 270.7 272.7 274.6 277.7 280.1 280.8 281.1 280.8 280.2 278.6 275.8 272.4 269.3 266 263 259.3 256 252.9 250 246.9 243.4 240.6 237.6 235.1 232.6 230.8 228.3 225.3 222.5 220.7 218.3 216.6 215.4 212.9 211.1 209.8 208.2
238.9 236.5 237.1 238 238.5 239.3 238.8 237.7 234.2 227.8 222.7 218.7 214.1 214.1 214.1 214.1 214.1 214.1 214.1 214.1 214.1 214.1 214.1 214.1 214.1 214.1 214.1 214.1 214.1 214.1 214.1 214.1 214.3 223.4 228.1 231.5 235.1 241.8 249.2 256.1 259.6 264.4 268.2 271.3 274.4 278.3 280.6 280.8 281.1 280.2 278.8 276.1 272.2 269.9 266.9 262.3 258.8 255.3 252.1 249.9 247.7 245.1 242.8 240 237.7 235.5 233.1 231.2 228.9 227.2 225.1 222.9 221.1 220 219 217.2 215.7 214.5 212.8
242.9 240.9 240.3 241.4 242.5 243.2 242.3 239.4 233.3 229.5 228.8 226.5 223.2 222.1 215.8 214.1 214.1 214.1 214.1 214.1 214.1 214.1 214.1 214.1 214.1 214.1 214.1 214.1 214.1 214.1 214.1 214.1 214.1 221.3 226.3 230.3 235.4 240.4 246.2 251.2 256 260.7 265.9 269.6 272.9 274.9 277.8 277.9 277.9 276.1 273.6 271.7 268.3 266.1 262.7 258.7 255 252.5 250.9 248.4 246.9 245.3 242.8 240.1 238.2 236.3 233.7 231.7 231.2 229.9 227.9 226.3 224.7 223.5 223 221.4 219.8 219.1 218.6
247.8 243.8 244 245.8 246.3 246.6 245.3 241.2 233.9 234 234 233.5 231.4 228 226.2 224.1 218.6 215.2 214.1 214.1 214.1 214.1 214.1 214.1 214.1 214.1 214.1 214.1 214.1 214.1 214.1 214.1 214.1 218.3 224.9 231 235.7 240.5 245.4 250.5 254.1 257.7 263 266.2 268.8 271.5 272.8 273.4 273.3 271.7 270.1 267.2 264.6 261.2 258.6 255.3 253.1 251 249.1 247.5 246 244.4 242.6 240.5 238.8 236.3 234.7 234.2 233.7 232.5 231.2 229.8 228.4 227.5 227.3 225.3 224.1 224 223.8
252.7 248.5 248 249.4 251 250.4 248.4 241.8 237.8 237.9 239 239.2 239.2 236.9 233.2 229.1 227.2 224.6 220.8 214.1 214.1 214.1 214.1 214.1 214.1 214.1 214.1 214.1 214.1 214.1 214.1 214.1 214.1 216.4 224.8 230.3 236.7 241.8 246 250.7 254.3 257.8 261.5 264.1 266.6 269 270.4 271 270.9 269.1 267.5 265.6 262.4 259.3 256.4 252.9 251.3 249.5 248.4 247 245.5 244 242.4 240.8 239 237.9 237.4 237.5 237.1 236.2 235 234.1 233.1 231.8 231.7 231.5 231.3 231.5 231.2
256.9 251.9 251.9 253.4 254.8 253.5 251 245.5 241.4 242.8 243.5 244 244.2 244 240.6 234.5 232.3 231.6 227.7 222.4 214.1 214.1 214.1 214.1 214.1 214.1 214.1 214.1 214.1 214.1 214.1 214.1 214.1 216 225.4 232.2 238.6 244 247.2 250.6 254.5 258.1 260.7 263.8 266.1 268.4 269.5 270.1 269.8 268.9 266.9 264.1 261.1 258.3 254.9 251.7 250.2 249.1 248 246.6 245.5 243.9 242.4 241 240.2 240.9 241.4 241 240.4 240 240.1 238.5 236.8 235.4 235.8 238.4 239.5 238.9 238
258.3 254.5 255.7 257.3 258.4 256 253 242.9 245.4 246.3 247.8 248.2 248.5 248.4 244.3 237.7 236.6 236.1 232.2 226.1 215.8 217.3 218.3 214.1 214.1 214.1 214.1 214.1 214.1 214.1 214.1 214.1 214.1 216 225.7 233.6 242.6 248.4 251 252.5 255.3 259.1 262.1 264.6 267.2 269.5 271.4 271.1 270.9 269.5 267.3 264.5 260.3 257.8 254.2 251.7 250.4 249.1 247.9 247.3 246 244.5 243.9 243.4 244.1 245.1 244.8 244 244.7 244.8 243.8 241.2 238.9 238.2 238.7 241.7 243.7 243.1 241.5
259.9 259 259.8 260.8 261.9 259.2 255.4 248 250.1 250.9 251 251.9 252.4 251 246.1 241.4 240.6 239 235.3 231.1 229.6 227.5 226.3 221.6 222.4 221.2 216.3 214.1 214.1 214.1 214.1 214.1 214.1 214.1 225.1 235.5 244.1 252.8 253.4 253.4 255.7 259.7 262.5 265 267.6 269.5 271.8 273.2 273.4 271.2 268.6 263.7 260.8 257.8 254.4 251.5 250.3 249 248.2 247.7 246.9 246.3 246.6 247.7 249.3 248.6 248.1 248 249.4 247.9 245.3 242.8 240.7 241 242.5 244.6 246 244.6 242.7
265.3 264.4 265.2 265.9 265.8 262.2 251.2 253.5 254.1 254.3 254.9 255.9 255.8 252.5 248.2 245.7 244.8 242 237.9 234.6 233.7 232.5 231.4 229.1 225.6 226.8 223.3 214.1 214.1 214.1 214.1 214.1 214.1 214.1 225.3 234 243.2 251 253.5 255 258.1 262.3 263.8 265.3 267.1 269.7 271 273.3 274.4 274.5 271.3 265.1 262.3 259 255.1 252.3 250.3 249.6 249.2 248.9 249.2 249.5 250.1 251.9 252.9 252.5 252.5 252.5 252 249.3 246.7 244.2 242.7 243.6 245.9 248.2 248 246.6 244.8
273.5 269.9 270 270.4 267.6 257.4 257.2 258.2 258 258.2 258.7 259.5 257.8 254.1 251.5 250.3 248.4 245.1 240.3 239.8 239.4 237.4 235.3 234.1 232.7 230.5 226.5 218.8 214.1 214.1 214.1 214.1 214.1 215.6 226.9 234.8 244.4 249.8 253.8 258.3 261.2 263.7 265.6 267.4 268.4 269.8 271.9 274.4 274.9 275.4 273.8 267.9 264.9 258.6 254.8 252.8 251.2 250.6 250.3 250.9 251.9 253.2 254.9 255.3 257 257.1 256.7 254.9 252.4 249.6 247.3 245 244.7 245.6 247.7 249.8 249.7 248.3 246.7
277.1 275.1 273.3 272.1 263.6 261.4 262 262.7 262.6 261.4 262.3 261.2 259 257.1 255.5 254.4 251.7 246 244.8 244.1 243.9 241.6 240 238 235.1 232.8 228.5 222.3 217.1 215.4 214.1 214.1 214.1 214.8 224.2 240.4 246.7 252.2 256.3 260.9 264.4 266.3 268.5 269.8 270.6 271.7 272.7 274.9 275.1 275 274.5 271.3 265.6 257.5 254.7 252.5 252.2 252 252.1 253.1 255.4 258.2 257.9 258.9 260.6 260.4 256.8 253.8 251.5 249.2 247 246 245.8 247.1 248.8 250.4 251.2 249.7 248.1
278.5 276.7 273 271.5 268.7 265.9 266.2 267 266 263.9 264.3 263.5 261.7 260.4 259.5 257.3 251.4 250.3 249.9 250.8 248.2 246.4 243.1 240.5 237.4 234.1 231.7 229.4 226.2 222.7 203.5 193.9 188.1 207.4 236.3 241.1 248.9 252.5 258.1 261.9 266 268.5 270.4 271.5 272.7 273.2 273.8 273.7 274.9 275.1 274.8 271.3 264.9 257.3 254.9 253.1 252 253 254.1 256.4 259.8 261 260.2 262.5 262.2 259.7 256.3 253.4 251.6 249.8 248.2 247.7 247.6 248.9 250.5 251.4 251.6 250.4 248.7
280.7 277.4 275 273.3 271.8 270.3 270 270 267.9 266.6 266.8 266.2 264.9 263 261.7 256.9 256.4 255.8 256.8 254.8 252.1 249.5 246 242.1 238.9 236.3 235.7 233.1 232.5 230.9 204.2 185.6 185.1 200.5 219.6 240.3 249.6 254.9 259.5 263.3 266.6 269.8 271.3 272 272.9 273.7 274.2 274.3 274.2 275.2 275.4 271.2 262.4 256.6 254.3 253.2 253 254.1 256.4 259.8 263.1 263.3 262.9 263.6 261.9 258.6 255.4 253.4 251.8 250.4 250 249.4 249.4 250.9 252 252.1 251.5 250.5 249
282.5 279.4 277.6 276.1 275 274.2 273.5 272.4 270.7 270.5 269.9 268.9 267.8 266 262 261.6 261.7 261.8 260.7 258.6 255.8 252 246.7 243.8 241.2 239.9 238.4 237.6 236.9 235.1 210.8 188.5 183.7 189.2 209.1 229 245.4 255 260.7 264.7 268 270.5 271.9 272.9 273.3 273.7 273.8 273.8 273.9 274.3 274.1 269.2 260.5 255.5 253.6 252.9 253.9 255 258.3 262.2 263.5 263.6 264.4 263.3 260.7 257.6 255.7 254.5 253.2 252.4 252 251.5 251.1 251.3 251.6 251.3 251.1 250 249.1
283.3 282.8 281.4 279.6 278.2 277.5 279.7 278.5 274.9 274.4 273.2 272.7 269.9 266.7 266 265.7 267.3 265.9 263.9 261.4 257.3 252.9 248.2 246.4 243.9 242.7 241.6 240.4 240.5 237.2 217.9 191.8 180.7 181.9 197 219.4 237.2 251.3 260.5 266.6 269.6 271.8 272.9 273.4 273.4 273 273 272.9 272.8 273.6 270.2 265.4 257.4 254.1 252.3 252.4 253.5 255.8 259.1 263.8 263.3 264 264 262.1 259.7 257.9 256.5 255.4 254.4 253.3 252.9 252.3 251.4 251.3 251.5 251 250.4 249.9 249.2
287.2 286.2 284.8 284.7 283.8 284.2 284.7 280.2 278.7 277.9 276.9 274.7 269.6 270 269.7 271.9 270.7 268.6 266 262.3 257.6 253.5 250.8 248.4 246.3 244.3 243.2 243 242.8 240.7 225.1 201.6 182.7 179.8 188.5 207.7 227.6 245.2 258.9 266.2 270.6 272.6 273.6 273.6 273.3 272.6 271.5 270.6 270 271.8 267.7 261.7 254.8 252.4 251 251.7 253.5 256.2 259.7 263 263.3 263.5 262.8 261.8 260 258 256.6 255.4 255.9 254.6 253.4 252.8 252.1 251.5 251.4 251.3 250.8 250 249
290.3 289.6 289.4 289.6 289.7 288.4 285.3 283.3 282.4 281.2 279.6 276.7 272.9 273.9 275.7 274.9 273.1 270.5 266.4 262.1 258.4 256.8 254.2 251.9 247.6 246.4 244.9 244.8 244.3 241.8 231.5 209.6 188.2 180.2 183.6 196.5 217.7 238.7 255 264 269 272.7 273.7 273.3 272.3 271.4 269.2 266.7 266.1 266.1 265.3 256.6 251.1 249.5 249.5 250.6 254 257.3 261.5 262.9 262.4 261.9 261.4 260.6 259.2 257.7 256.7 255.5 255.6 254.8 253.5 253 252.4 251.8 251.5 251.1 250.4 249.5 248.5
293.2 293.7 294.3 294.1 294 290.3 287.9 287.4 286.1 284.7 282.7 279.1 276.7 278.7 278.6 277.1 274 269.5 265.5 262.2 260.2 258.4 256.8 252.1 249.8 248.3 247 245.6 244.4 242.1 234.9 215 193.9 180.8 183.1 191.8 210.3 233.1 252.7 262.2 267 271 272.3 272.1 270.8 268.5 266.4 263.5 261.9 259 256.7 251.9 246.4 246.9 247.2 250.3 255.2 259.1 262.4 262 261.2 260.7 260.2 259.8 258.4 257.5 256.5 255.4 254.9 254.5 253.1 252.6 252.1 251.6 251.1 250.6 249.8 249 247.7
296.5 298 298.6 298.2 295.8 292 290.8 289.3 287.9 286.4 284.5 280.9 280.4 281.2 280.1 277.3 272.9 268.6 265.8 263.9 263.1 261.2 257.8 256.1 253.3 250.5 248.3 245.9 244 242.5 236.3 219.7 199.9 180.9 181.4 187 206.6 228.3 253.1 260.4 264 267.8 269.9 270.7 268.2 265.2 262.6 259.8 255.1 249.9 244.9 242.8 242.3 242.9 244.5 248.5 254.6 259.6 262.2 261 260.3 259.9 259.5 259 257.9 257.1 256.1 255 254.1 253.4 252.8 252.2 251.5 250.5 249.9 249.2 248.6 247.7 246.8
302.2 303.1 299.1 297.3 295.6 294.4 292.4 290.4 288.6 286.6 285.5 283.4 283 282.7 280.3 276.1 271.6 269.1 267.7 267 266.7 264.4 261.5 259.7 255.9 252.9 249.4 246 242.3 239.7 235.8 221.3 201.7 182.5 178.3 183.1 199.6 221.6 242.8 256.1 259.8 264.6 267.9 267.9 265.8 263.4 260.2 254.5 246.9 239.3 237.2 237.2 237.5 239.2 242.1 246.7 252.4 258.9 261.3 260.6 259.7 259.2 258.8 258.1 257.2 256.6 255.6 254.5 253.5 252.9 251.9 251.2 250.3 249.4 248.6 247.9 247.1 246.2 245.2
303.7 301.1 298.9 297 295.4 293.9 291.5 289.5 288 286.7 285.7 284.5 284.1 282.4 279.7 275.4 272.6 271 271.5 271.8 269.7 267.4 265.8 262.8 258.6 254.3 250.1 245.5 241.2 238.1 233.8 221.2 201.8 183.1 177.3 179.4 192.2 211.8 229.4 245.1 256 262.1 267.6 266.5 264.2 261.8 256.6 248.3 240 234.9 233.6 233.9 234.5 235.7 239.6 244.8 251.9 258.8 259.8 259.4 259 258.5 257.9 257.2 256.5 255.6 254.9 253.8 252.8 251.7 250.9 250.1 249 248.1 247.2 246.4 245.5 244.6 243.7
299.7 298.5 296.8 295.3 293.9 291.5 289.7 288.2 287.3 286.7 285.9 284.5 283.2 280.6 278 275.4 273.5 273.8 274.7 272.2 270.7 269.7 267.9 264.1 259.6 254.8 249.8 244.2 240 236.3 231.5 217.9 203.3 184.4 177 176.9 181.7 198.4 223.6 242.1 251.2 257 263.9 263.7 261.2 257.8 252.1 242.8 234.6 231 229.6 230.2 230.5 232.9 237.8 243.1 250.2 257.1 257.9 258 257.6 257.3 256.9 256.3 255.5 254.8 254 253.1 252.2 251.1 250 248.9 248.3 246.7 245.9 244.8 243.9 243 242.1
297.4 295.9 294.6 292.7 290.9 288.8 287.4 286.9 287 286.5 285.2 283.3 280.8 278.1 275.9 274.6 274.2 274.4 274.6 272.5 272 269.4 265.7 263.6 259.9 253.7 248 243.6 239.1 235.4 231.6 219 207 191.6 177.1 175.9 177.6 195.1 216.2 234.8 245.2 252.2 259 259.2 254.9 251.6 246 236.4 229 226 224.8 225.2 227.1 231 235.4 241.3 249.5 254.4 255.8 255.9 256.7 256.3 256 255.3 254.6 253.9 253.3 252.4 251.5 250.5 249.3 248.1 247.1 245.7 244.7 243.4 242.3 241.5 240.6
295.3 293.3 291.6 289.9 288 286.8 285.8 285.6 285.8 284.7 283.1 280.5 277.9 275.5 274.2 273.6 273.5 272.9 271.1 270.2 269.7 266.7 264.8 262.7 256.4 251.3 246.7 242 238.6 235.3 232.1 227.5 213.5 201.6 186.7 175.2 175.1 183.9 205.7 226 238.5 246.7 252.1 251.3 247.9 244.1 239.4 230.7 222.3 219.9 220.7 221.4 224.5 229 233.2 239.5 247.6 252.6 254.1 254.4 254.5 254.5 254.5 254.3 254.2 253.5 253.3 252.5 251.6 250.6 249.2 247.8 246.3 244.8 243.4 242.3 241.1 240 239
292.6 290.6 289.2 287.6 286.1 285.6 284.1 284.2 283.3 282.2 279.8 277.4 275 273.4 272.2 271.7 270.1 268.9 268.2 267.7 267.2 265.5 263.3 259.3 254.6 250.1 246 241.8 238.8 235.1 232.1 229 221.4 209 192.1 180.8 174.4 177.3 199 222.2 232.2 241.2 243.5 243 240.8 238.1 232.3 223.9 218.2 216.1 217 218.7 221.7 225.9 232.1 235.1 246 250.8 252.8 252.9 253 253 253.2 253.6 254.1 253.8 253.2 252.8 251.9 251.1 249.7 248.4 246.8 245 243.3 242.1 240.6 239.6 238.3
289.5 288.7 287.4 286.6 284.5 283.6 282.6 281.2 281.1 279.2 276.3 274.1 272.3 271.4 270.1 268.6 268.2 267.5 266.9 266.3 265.2 263.7 259.8 256.6 252.5 248.6 245.2 241.8 238.9 234.8 231.4 228.8 224.9 216.5 200.8 185.9 175.2 176.4 195.3 217.9 224.4 235.2 237.2 236.4 234.6 231.8 225.2 216.4 213.4 213 213.3 215.9 219.4 223.6 228.2 235 243.9 249.3 251.8 251.8 251.9 251.8 252.7 253.5 253.9 253.9 254.3 253.4 252.7 252.2 250.7 249.3 247.7 245.9 244.2 242.6 241.2 239.4 237.8
286.9 286.5 285.4 284.8 283.3 282.3 280.1 278.4 278.5 275.3 273.6 271.5 269.8 268.9 268.8 267.5 266.6 266.1 265.2 262.9 260.8 259.5 256.1 253.2 249.3 245.6 242.6 239.3 237.5 233.7 229.8 226.6 223 218.7 208 192.6 176.1 173.7 186.2 205.5 215.6 228.3 230.4 229.4 228.9 223.9 216.3 210.4 209 209 210.6 212.6 215.9 220.3 225.8 232.3 241.4 248.8 250.6 250.9 250.6 251.3 252.7 253.7 254.3 254.7 254.5 254.6 254.2 253.2 251.7 250.2 248.8 247 245 243.3 241.8 240 238.6
282.2 282.1 281.6 282.4 282 279.5 277.7 274.9 273.7 271.5 269.5 268.5 267.1 266 264.6 262.1 263.1 263.9 260 255.7 254 253.5 250.8 246.1 241.5 236.5 232.5 230.9 232.4 232.8 228.5 222.7 217.7 213.4 207.1 196.2 182.5 174.2 175.3 192.5 203.3 219.7 224.6 223.4 221.2 215.1 207.6 205.4 205 205.2 206.7 208.4 212.1 216.9 221.9 229.5 238.6 246.1 248.8 249.6 249.9 251.6 253.2 254.7 255.3 255.4 255.5 255.5 254.7 254.2 252.5 251.2 249.7 247.8 245.8 244 242.3 240.7 239.3
278.6 278 277.5 276.5 277.6 276.6 275.2 272.8 270.1 269 267.3 266 264.5 255.1 250.8 248.5 250.2 250.6 246.6 236.1 237.9 241.8 238.9 226.5 216.7 220.6 216.2 213.8 219.8 222.9 218 210.9 202.7 196.5 193.9 188.6 185.7 179.7 173 176.8 188.9 206.7 214.9 214.4 211.6 205.4 200.7 200.3 199.4 200.8 202.1 205.1 208.6 213.5 218.3 225.3 234.9 243.2 246 247.4 249.7 252 254.7 256.3 256.1 256.2 256.1 256.1 254.9 254.1 253.5 252.1 250.2 248.3 246.4 244.6 243.1 241.6 240.1
271.9 271.4 270.2 269.4 271.5 273.7 272.7 270.3 268.3 264.9 260.6 258.8 257.5 261.4 263.1 261.7 256.7 249.2 242.5 249.1 245.2 240.9 235.4 231 230 225.8 221.5 219 217.1 215.7 211.3 207.5 204.7 203.2 200.6 193.1 186.8 186.2 181 173.3 178 187.6 201.3 205.1 201.1 193.5 194.4 194.8 195 196.5 197.7 200.7 204.5 209.5 214.7 220.9 228.6 237.9 244.2 247.8 249.9 253.8 255.7 256.6 256.5 256.4 256.8 255.9 254.4 254.4 254.3 252.6 251 248.7 246.8 245.2 243.8 242.1 240.2
