public/OST50/SE38.asc
ncols 200
nrows 200
xllcorner 430000
yllcorner 480000
cellsize 50
[rows 114 to 151 of 200, columns 0 to 85 of 200]
36.4 38.3 40.8 43.4 44.9 46 47 47.5 47.9 47.8 45.5 39.5 38.1 37.9 38.8 41.8 42.3 41.7 38.1 36.2 35.3 35 34.6 34.4 34.5 34.9 35.6 36.2 35 35 35 35.2 35.7 35.2 35.5 37 37.5 35.8 34.2 34 35 32.9 33.4 33.9 33 31.5 30.3 30.6 31 30.4 29.1 28 27.3 28.3 29.4 30.2 31 31.7 31.6 31.7 31 30.7 30.8 31 29.9 27.9 25.6 24.2 23.9 24.8 25 25.5 27.7 28.6 29.3 29.8 30.3 31 31.7 28.4 25.9 25.8 26.4 28.4 28.7 27.6
37.3 39.6 42 44.4 45.4 46.7 47.7 48.3 48.8 48.8 47.7 44.6 41.4 39.5 43.5 43.4 42.9 42 39.5 37.3 36 35.2 34.8 34.4 34.5 35 35.9 36.7 35.8 34.6 34.2 35.2 34.9 35.7 35.7 35.8 36.9 36.3 35.1 34.6 34.7 32.8 32.9 33.1 32.3 31.4 30 29.3 29.1 27.1 26.7 27 27 27.8 29.2 30.1 30.8 31.5 31.8 31.7 30.9 30.7 30.8 30.7 30.5 29.7 27 24.8 24.2 23.1 24.9 24.7 26.3 28.1 29.1 29.4 30 30.2 30.7 28 25.8 25.8 26.1 27 29.7 29.6
38 40.1 42.7 45 46 47.2 48.4 49.1 49.2 48.6 47.8 46 43.6 42.7 43 41.1 43.4 42.5 41 38.4 37 35.9 35.1 34.6 34.4 34.8 35.5 37.1 36.7 35.3 34.1 34.7 35.1 35.4 35.2 35.7 36.6 37.3 35.5 34.5 34.4 34.5 32.9 33.1 32.9 31.8 30.2 28.5 26.3 28.3 29.8 29.5 27.7 28.6 29 29.8 30.7 31.5 31.7 31.2 30.7 30.6 30.6 30.6 30.6 30.2 28.5 25.7 24.7 24.3 24.5 24.8 25.1 27.2 29.3 29.2 28.7 30.1 30.3 28.2 26.2 25.7 25.6 26.6 29.5 30.1
38.5 40.2 43.2 45 46.3 47.4 48.9 49.8 49.6 49.3 48.3 46.6 45 44 43.6 39 41.3 41.9 41.8 40.3 38.9 37 36 34.9 34.6 34.8 35.2 37 37.5 36 34.7 34.7 34.7 34.6 34.9 35.1 36.4 37.6 36.8 35.7 34.7 34.3 32.6 33.3 33.1 31.6 29.5 27.7 26.8 30 30.4 30.7 29.1 28 28.6 29.1 30.1 31.4 31.5 31.1 30.6 30 29.5 29.9 30.3 30.5 29.9 26.9 25.1 24.1 24.2 24.5 24.4 25.3 27.3 27.6 28.6 29.9 30.6 30.7 26.7 25.5 26 26.6 28.1 29.1
39 40.6 43.1 44.8 46.4 47.4 49.2 50.4 50.4 49.8 48.7 47.4 46.2 45 44.2 43.1 41.7 41.6 41.5 41.6 41.3 38.8 36.9 35.6 34.9 34.6 34.8 36.1 38 37.2 36.1 35.1 33.8 33.5 33.7 34.9 36.2 37.2 37.3 36 34.9 34.7 33.5 32.7 32.8 31 29.2 27 26.4 29.6 30.3 30.5 29.7 28.3 28.3 28 29.2 30.9 31.2 31 30.3 29.8 29.3 29.2 29.3 30 30.2 28.5 25.6 25.3 23.9 24.9 24.2 24.6 25.2 26.8 29 30.7 30.7 30.8 27.6 25.8 25.9 26 26.4 26.8
39.5 41.2 43.2 44.8 46.4 47.3 49.1 50.8 51 50.6 50.2 49.3 48.2 46.9 45.2 44.3 42.6 41.8 41.2 41.4 42.4 40.6 38.4 36.8 35.3 34.6 34.4 35.4 37.3 38.1 37.3 36.2 35.1 33.9 33.3 34 35.6 36.9 37.9 37.2 35.3 35.1 33.6 32.1 32.5 30.6 27.7 27.2 27.3 30.1 29.9 29.7 28.8 28.1 27.4 27.3 27.6 29.1 30.2 30.1 30.3 29.6 29.5 29.2 28.7 28.7 29.3 28.9 27.1 25.6 24.4 23.4 24.7 24 24.4 25.1 26.9 28.7 30 28.9 26.3 25.5 25.3 25.7 25.4 25.8
40.1 41.5 43.1 44.8 46.3 47.4 48.9 50.7 51.9 52 51.6 50.9 49.8 48 46.4 45.4 43.8 44.2 42.3 40.5 40.8 41.2 39.5 37.4 36 35.2 34.7 35.1 36.6 38 37.6 36.7 35.8 34.6 33.7 33 34.2 36 38.1 38.1 36.6 35.7 34.2 34.1 32.3 30.1 27.2 27.3 27.5 30.7 29.8 28.9 28 27.8 27.4 27.2 27.2 27.5 29.5 30 30.3 30.4 30.1 29.7 29.4 28.3 28.8 28.9 28 26.6 25.1 23.9 23.7 24.3 24.4 24.1 23.9 24.1 26 26.2 25.7 25.6 24.9 25.4 25.3 25.4
39.8 41.3 43 44.6 46.2 47.3 48.4 50.4 52.1 52.3 52 51.3 50.5 49.1 46.6 44.3 44.8 45.3 44.2 40.4 38.6 38.8 38.4 37.4 36.5 35.9 35.3 34.4 35.6 36.7 36.8 36.7 36.4 35.5 34.5 33.6 32.5 34.6 36.6 39.5 38.3 36.8 36.3 34 32.1 30.5 27.7 27.7 27.6 30.1 30.1 28.5 27.9 27.6 27.9 28 27.4 27.6 28.5 29.8 30.4 31.1 31 31.4 31.5 30.8 29.6 29.2 28.4 27.2 26.7 25.4 24.3 23.9 23.9 24.7 24.3 23.4 24.4 24.7 24.9 24.8 24.7 25.1 25 25
39.8 41.2 42.8 44.4 45.8 47 48 49.3 51.2 51.8 51.4 50.8 50.4 49.4 46 43.3 43.6 42.8 42.1 39 37.3 36.1 36.1 36 36.7 37.2 35.7 34.4 35 35.7 35.6 35.8 36.6 36.3 34.7 33.4 32.4 32.2 34.1 37.6 38.9 37.8 36.6 34 33.6 32.3 29 28.3 27.8 31.2 32 30.6 29 29.3 29.8 29.8 29.3 28.6 28.3 29.3 31.4 31.5 31.9 32.5 32.9 32.6 31.9 30.9 29.4 28.9 28.7 27.5 25.7 24.8 24.6 25.5 25.6 25.4 24.4 24.3 24.3 24.7 24.7 24.7 24.6 23.9
39.9 41 42.6 44 45.4 46.6 47.7 48.5 49.8 51.2 50.4 49.3 49.5 48.1 44.5 42.9 42.7 41.4 39.5 38.1 37 36.1 34.8 35.5 37.1 38.4 37.2 35.6 34.8 35.3 35.5 35.6 35.6 36.4 34.7 33.2 32.3 32.1 32.2 34.4 36.5 36.7 36 34.4 33.5 32.3 29.7 28.2 31.3 33 32.8 31.6 30.9 31.9 32.4 31.6 30.7 29.9 29.4 28.7 30 30.9 31.9 32.6 33 33.1 32.3 32.1 30.8 30.3 31.8 29.7 27.1 25.8 25.3 25.5 25.5 25.5 24.9 24.5 24.2 23.5 23.8 23.7 24.2 24.7
39.7 40.6 42.2 43.6 44.8 46 47.2 48 48.7 49.7 48.1 47.6 48.3 48 45.9 42.7 41.5 40.9 39.2 37.9 36.9 36.2 35.9 35.3 37.1 39.5 39.7 37.5 35.6 35.4 35.7 35.6 35.6 35.9 35.4 34.5 33.3 33.9 32.7 32.4 33.8 34.8 34.6 34.2 32.8 31.6 32.4 28.6 32.3 32.2 31.3 30.7 31.4 32.4 33.1 32.3 31.4 30.6 29.9 29.1 29 28.8 30.7 32.6 32.8 32.7 32.8 32.2 31.4 31.3 31.7 31.8 29.6 27.6 26.7 27 27.3 28 27.2 25.6 24.5 23.9 24.7 24.9 25 24.6
39 40.2 41.6 43.4 44.3 45.4 46.6 47.4 48.1 48.6 47.6 47.1 48.3 48 46.3 42.8 41.4 41.1 40.1 38.9 37.8 36.4 35.8 35.8 37.6 40 40.8 39.5 37.4 35.7 35.7 34.8 35.2 36 36.7 36.6 36.2 34.9 33.6 32.3 31.5 32.1 32.1 30.6 30.9 31.8 31.5 28.8 30.8 29.1 30.6 30.9 31.9 32.8 33.5 33.1 32.3 31.3 30.7 30.3 30 29.1 29.1 31.2 33.1 32.9 33.2 32.5 32.4 32.3 32.4 32.4 32.2 30.5 28.9 28.7 28.2 29.7 29.5 27.7 27.1 26.7 26.4 25.5 25.8 25.3
39.4 40.2 41.5 43.1 44.6 45.5 46.3 46.7 47.2 47.7 47.1 46.9 47.1 47.4 46.6 43.7 42.1 40.7 39.6 38.6 37.6 37.1 36.2 35.6 38 39.4 40.8 41 39.4 36.8 35.3 34.1 33.9 36.1 36.3 37.2 36.7 35.7 34.3 33.1 31.9 29.5 29.3 29.2 28.9 32.2 29.1 32.2 31.3 30.2 31.2 31.6 32.4 33.3 33.7 33.9 33.1 32.2 31.3 30.9 30.7 29.8 28.5 30 32.4 33.2 33.2 33.1 32.8 33 32.9 32.9 32.9 33 31.2 30 30 29.8 30 28.9 29.3 28.9 29.2 27.5 27.6 27.4
38.8 40.5 41.6 42.8 44.8 45.9 46.4 47.1 47.3 47.6 46.7 46.3 46.6 46.8 46.8 44.5 42.8 41.1 39.9 39.1 37.8 36.6 35.4 37.2 38 38.6 39.7 41.3 40.6 38.1 36.1 34.9 34.2 35.1 36.1 36.3 36 35.4 34.5 33.4 32.8 30.7 28.8 28.5 30.9 32.5 30.6 32.2 31.3 31.8 32.1 32.5 33.3 33.7 34.2 34.9 34.2 33.3 32.3 31.4 31.2 30.5 28.3 29.6 32.6 33.8 33.4 32.8 33 33.7 33.2 33.2 33.3 33.5 32.8 31 31 30.5 30.8 30.7 30.3 31 32.4 30.7 30.4 29.9
39 40.5 41.7 43.1 44.6 45.8 47.1 47.2 47.9 47.2 46.8 46.6 46.1 46.3 46.2 44.7 43.5 42.2 40.4 39.4 38.8 36.7 35.5 38.2 38.5 37.8 37.6 38.5 39.8 38.3 36.7 35.5 34.7 34.8 35.5 35.7 35.3 34.7 34.1 33.5 33.4 32.9 30.1 28.8 31.3 33.8 31.8 32.6 32.3 32.7 33 33.4 33.8 34.1 34.5 34.9 35.2 34.3 33.5 31.9 31.7 31 29.3 30.2 32.9 33.3 33.8 33.6 32.7 33.3 33.1 33.2 33.3 33 32.8 31.9 30.9 31.5 31.4 31.3 31.2 32.3 33.2 33.2 31.3 28.1
39.1 40.3 41.7 43.6 44.9 46 47 47.1 47.5 47.5 46.8 46.6 45.9 45 44.6 43.8 43.4 42.8 40.8 39.7 38.5 37.3 36.4 38.1 37.9 37 37 37.1 37.6 36.5 35.7 35.1 34.8 34.9 35.2 35.6 35.3 34.5 33.7 33.7 33.5 33.3 32.1 28.7 30.9 35.6 33.3 33.7 32.7 32.8 33.2 33.9 33.9 34 34.4 34.8 35.1 35.4 34.6 32.4 31.8 31.2 29.1 28.9 30.7 32 33.4 33 32.9 32.4 32.7 32.5 32.6 32.4 32.7 31.8 30.8 31.2 31.3 31.3 31.5 32.3 33.1 33.6 30.8 29.3
39.5 40.4 41.6 43.7 44.6 45.7 47.7 47.7 48.1 47.7 47.4 46.8 46.1 43.3 42.5 42.7 42.6 42.4 41.6 40 38.7 37.7 37.9 37.7 38 37.6 37.4 37.2 38.2 38 36.4 35 35 35.2 34.8 35.2 35.2 34.6 34.4 34.5 34.3 33.4 32.7 29.6 29.5 34.1 34.1 33.6 33.5 33.3 33.9 34.3 34.4 34.4 34.4 34.8 35 35.7 35.2 32.9 31.8 30.8 29.3 28.4 30.1 30.9 32.5 32.6 32.5 33.1 32.6 32.6 32 32.1 32.5 31.9 31.1 30.8 30.9 31 31.6 32.3 33 33.7 32 30.7
39.1 40.3 41.3 42.9 44.4 46.5 48.2 48.2 48.2 48.4 48.4 47.4 46.7 43.6 41.6 41.5 42 41.9 42 40.3 38.5 39.2 38.6 37.8 38.2 38.3 38.1 37.6 37.9 39.5 37.5 35.2 35 34.9 34.7 35.2 35.7 35.2 35.2 35.2 34.9 33.8 32.6 31.6 29.7 29.4 32.9 32.9 33.4 33.6 34.1 34.5 34.9 34.6 34.9 35.1 35 35.5 35.6 33.3 32.2 31.6 30.1 28.1 28.3 29.6 30.5 31.9 32.2 32.5 32.3 32.2 31.9 32.1 32.4 32.1 31.3 30.9 30.7 30.8 31.2 31.8 32.5 34 34.2 32.2
38.4 39.9 41.1 42.5 44.7 46.5 48.1 48.7 49 49.3 48.8 48.1 48.3 45.7 41.9 41.2 40.9 41 41.2 39.7 38.5 38.8 38.3 37.9 38.8 39.1 38.1 37.4 37.3 38 37.6 35.3 34.8 34.6 35.1 35.5 36.2 36 35.9 35.8 35 34 33.7 33.7 33.3 31.2 29.4 32.7 33.7 33.5 33.6 33.8 34.4 34.1 33.9 34.5 35 34.8 35.5 34.4 33.3 32.4 31.2 29.8 28.2 27.7 28.4 29.6 31.3 32.4 32.5 32.3 31.9 32 32 32.3 31.5 31 30.9 30.8 31.4 32 32.4 32.7 33.3 33.2
39.3 40.4 41.2 42.5 44.4 46.9 47.6 48.4 49.2 49.6 48.9 48.8 49.5 47.8 45.4 43.3 41 39.9 39.8 38.9 37.7 36.9 36.7 36.5 37.2 39.7 38.4 37.3 37.3 37 36.7 35.2 34.9 34.7 35.1 35.2 36 36.7 36.7 35.9 35 34.2 35 34.5 33.8 32.3 29.4 31.5 34 33.2 33.4 33.7 34 34.3 33.8 34.2 34.7 34.6 35.2 34.5 33.6 32.8 31.9 30.5 29 28.4 29 28.2 29.6 31.5 32.3 32.3 31.6 31.6 31.7 32.1 31.6 31.2 31.1 31 31.7 32.3 32.4 32 32.4 32.9
38.8 40.1 41.5 42.8 44.1 46.4 47.1 47.7 48.8 49.5 49 49.3 50.1 48.7 46 44.3 40.9 39.4 39.3 39.1 37.1 36.8 36.7 36.5 36.6 37.6 39 37.4 36.8 36.4 35.7 35.4 35.1 34.8 35 35.2 35.9 36.9 36.9 36.4 35.6 34.8 34.7 33.5 32.5 31.1 29.1 32 34 33.1 33.7 34.2 34.5 34.6 34.1 33.9 34.5 34.7 35 34.8 33.9 33.1 32.3 30.8 30.1 29.6 30.2 29.2 28.1 30.2 31.5 31.8 31.2 31.6 31.6 32 32 31.5 31.2 31.2 31.7 32.2 32.6 32.5 32.3 32.3
39.5 40.5 41.8 43.2 44.6 46 47.2 47.9 48.8 49.5 49 49.5 50.2 49.3 47.3 44.2 40.8 39.1 38.5 38.4 37.6 36.6 36.6 36.4 36.4 37.6 38 37.4 36.8 36.2 36.1 35.2 35.1 35 35 35.4 35.7 36.5 37 36.9 36.2 34.6 34.1 33.1 31.5 29.6 29.2 32.5 34.3 35.6 34.3 34.6 35 34.8 34.5 34.2 34 34.3 34.7 34.7 34 33.1 32.4 31.7 30.6 29.8 30.1 29.7 28.4 28.7 30.5 31.2 31.5 31.8 32 31.8 32 32.2 31.6 31.5 31.5 31.9 32.3 32.3 32 32.2
39.8 40.7 42 43.6 45.2 46.7 47.4 48 48.8 49.5 49.1 48.9 50.2 49.4 47.3 43.9 40.8 38.8 37.8 37.7 36.9 36.6 36.5 36.8 36.3 36.6 36.5 36.4 36.1 35.9 36.3 35.4 34.6 34.4 33.9 34.3 35.1 36.3 36.9 36.9 36.4 35 33.3 31.8 30.4 29.3 30.5 33 34.8 36.1 35 35.5 35.2 34.9 34.6 34.1 34 34.1 34.2 34.3 33.7 33 32.6 32.1 31.3 30.4 29.9 29.9 28.5 28.5 29.9 30.6 31.2 31.4 31.5 31.8 32 32.1 32.1 31.4 31.6 31.7 31.8 31.9 31.9 32
40.6 41.1 42.4 44 45.7 46.9 47.6 48.2 48.7 49.3 49.3 49.2 49.8 49.6 47.7 44.6 40.8 38.7 37.7 37.2 37 35.8 36.9 37.3 37 36.9 36.4 35.6 35.2 35 34.9 34.8 33.8 33.8 33.4 33.6 34.5 35.6 36.3 36.8 36.4 34.5 31.9 30.3 29.6 29.1 31.9 34.1 35.7 37.4 37.1 35.6 35.2 35 34.8 34.4 33.9 33.9 33.9 34 33.6 32.8 32.3 32.2 32 31 30.3 29.7 28.6 28.7 29.5 30.1 30.5 31.2 31.6 32 32 32.1 32 31.2 31.3 31.4 31.5 31.6 32.1 31.5
40.9 41.9 42.9 44.5 46.1 47.1 47.8 48.5 49 49.3 49.1 49 49.4 48.1 45.9 43.5 41.2 38.7 37.9 37.3 37.2 37 37 37 36.9 37.1 36.4 36.2 35.6 35.1 34.7 33.6 33.2 33.1 33.4 32.9 33.5 34.7 35.9 35.7 34.9 32.5 29.8 29.1 28.9 31.8 33.3 34.7 37.5 38.9 38.2 36 35.2 35.3 35.3 35.4 34.5 34.1 33.9 33.6 33.5 32.7 32.1 32 32 31.8 30.3 29.4 28.7 28.4 28.8 29.6 29.8 30.3 30.7 31.3 31.4 31.4 31.3 31 31 31.1 31.3 31.5 31.6 31.3
41.7 42.7 43.6 45 46.2 47.1 48 48.6 49.1 49.2 48.5 48.2 47.9 46.2 43.9 42 40.5 39.3 38.9 37.9 37.5 38.3 36.3 36.6 37.9 38.1 37.6 36.5 35.7 35.4 35.3 34.1 33 32.9 32.9 32.8 32.9 33.4 34.6 34.2 33.2 30.3 29.8 30.4 32.5 33.4 33.4 35.6 38.7 40.2 39.4 38.5 36.4 35.5 35.8 35.8 35 34.3 34 33.7 33.2 32.7 31.9 31.9 31.9 31.5 30.8 30.7 30.6 29.3 28.3 28.6 28.9 29.7 30.2 30.7 30.7 30.7 30.9 31.1 31.1 31.1 30.9 30.8 31.4 30.8
42.6 43.6 44.5 45.3 46.3 47.4 48 48.1 48.7 49.4 49.2 47.5 46.4 46 43.8 42.1 41.4 40.6 39.3 38.3 38.5 37.9 36.6 36.5 38.7 38.6 37.9 36.8 35.7 35.7 35.5 34.3 33.1 32.7 32.7 32.7 33.4 33.1 33.2 33 30.6 29.5 32.2 32.3 33.7 34.3 34.2 35.7 38.9 40.2 40.2 39.8 38.2 36.2 36.3 36.2 35.6 34.3 33.8 33.4 32.7 32.2 31.9 31.7 31 31.3 31.8 31.5 31.2 30.6 29.3 27.4 28.5 29.3 29.9 30.2 30.3 30.6 30.7 30.8 31.1 31.2 31.7 30.9 30.5 30.1
43.1 43.8 44.5 45.3 46.1 47.3 47.8 47.8 48 49 49.5 48.3 46 45.1 44.4 43.2 42.3 41.3 39.8 38.8 36.8 37.3 37.4 37.5 38.1 38.6 37.5 36.5 35.8 35.6 35.5 34.6 33.2 32.4 32.4 32.7 33.7 33.8 33.5 32.9 29.8 30.2 31.6 31.9 34.2 34.1 34.1 35.1 37.6 40 40.7 39.6 40.1 36.6 36.9 36.7 36 34.9 33.6 33.1 32.3 31.6 31.5 31.8 31.4 31.7 32.1 32 31.7 31.4 30.8 28.5 27.5 28.3 29.1 29.9 30.2 30.5 30.5 30.6 30.8 31.1 31 30.6 30.3 30.1
43.4 43.7 44.5 45.2 46.1 46.9 47.5 48.8 49.1 49.1 49.7 48.5 46 44.8 44.1 43.6 42.6 42 40.5 41.2 39.3 38.6 38.6 38.6 38.7 37.5 38 38 36.9 35.6 35.2 34.3 33.4 32.1 32.1 32.7 33.2 34.1 34.2 33.6 31.1 30.1 31.5 32.2 34.3 34.3 34.2 34.7 36.9 39.2 40.4 40 39.3 41 37.2 36.9 35.9 35 33.9 32.7 31.7 31.4 31.9 32.2 31.9 31.9 32.3 32.4 32.2 31.9 31.4 30.2 27.9 27.4 28.3 29.5 30.1 30.3 30.3 30.3 30.7 31 30.8 30.4 29.9 29.8
43.7 43.9 44.4 45.2 45.8 47 48.1 49.2 50.1 49.9 50.1 49 46.2 43.8 44 43.5 42.8 42.7 41.6 43 41.9 39.4 39.3 39.8 38.2 37.1 37.5 37 37.1 36.5 36 35.1 34.1 32.8 31.9 31.9 32.7 33.9 33.9 33.4 33 29.4 30.1 33.2 34.5 35.3 34.5 34.8 36 37.9 38.9 39.5 39.1 41.9 37.4 36.9 36 35.4 33.8 36.9 32.9 32.3 32.5 32.2 32.2 32.2 32.7 32.7 32.7 32.3 31.8 31 29.1 27.7 27 28 29.7 30.2 30.2 30 30.7 30.9 30.7 30.2 29.8 29.5
44 44.3 44.8 45.1 45.5 46.6 48 49 50 50.4 50.1 49.4 46.7 45.1 44 43.4 42.9 42.9 42.5 43.6 42.7 40.5 39.3 39.9 38.9 37.5 37.5 36.8 38.2 38.4 37.2 36.5 35.6 34.2 33 31.8 32.2 33.3 33.7 33.2 31 30.4 29.9 30.9 33.6 35.7 35.4 34.8 34.6 35.5 36.9 38.7 38.8 40.6 40.4 37.5 36.2 34.7 40.7 34.9 34.2 33.7 33.2 32.6 32.2 32.7 33.5 33.1 33.1 32.7 32.1 31.5 30.3 28.9 27.9 27.6 28.2 29.8 29.9 29.6 30.3 30.6 30.9 30.2 29.7 29.3
44.5 44.7 45.3 44.4 45.4 46 47.1 48.3 49.3 50.4 50.3 49.4 47.2 45.7 44.4 43.6 43 42.7 42.5 42.7 42.4 41.2 39.5 39.8 40 38.8 38.8 38.6 39.4 39.2 38.3 37.2 36.6 35.2 33.7 32.3 31.8 32.4 33.1 33.2 30.4 30.2 29.2 29.6 32.9 35.6 35.9 35.1 34.4 34.3 35.2 37 37.6 37.4 41 37.1 44.8 35.9 36.3 35.6 34.8 34.2 33.5 32.7 32.2 33 33.7 33.6 33.6 33.1 32.5 31.9 31.3 30 29.3 28 27.2 27.7 28.7 29.2 29.8 29.7 30.2 30.2 29.8 29.7
44.8 45.4 45.5 45.4 45.1 45.6 46.3 47.5 48.6 49.5 50.3 50 48.3 46.2 45.3 44.5 43.3 43.1 42.6 40.9 40.3 39.8 39.4 39.2 40.3 39.9 40.2 39.7 39.8 40 39 37.4 36.7 35.4 34 32.3 31 30.9 31 31 30.4 29.9 29.7 29.9 30.9 34.1 35.6 35.2 34.4 33.9 34.2 35.7 36.8 36.8 43.1 37.3 37.5 36.9 36.3 35.5 34.5 33.6 33.4 32.7 32.5 33.2 33.9 34.1 34 33.4 32.8 32.3 31.7 31 29.9 29 28.4 27 26.2 28.3 27.8 29 29.3 29.4 30.3 30.2
45.8 46.1 46.1 45.4 45.2 45.9 46.2 46.9 47.7 48.5 49.6 51.1 49.9 48.6 47.9 46.4 43.8 43.7 43.7 41.9 41.5 39.9 39.1 40.1 39.1 39.8 40.9 41 40.4 41 40.8 38.7 36.8 35.1 33.6 32.1 31.1 31.5 31 30.6 30.4 30.1 29.7 30.1 30.5 32 34.8 35 34.4 33.9 34.1 35.1 36.3 35.9 36 38.9 37.2 36.8 36.3 35.2 34.2 33.5 33.3 32.6 32.9 33.4 34 34.1 34.2 33.6 33 32.4 32.1 31.1 30.7 30.8 30 28.2 27 29.5 26.3 27.9 28.2 29.5 30.4 30.5
46.4 46.7 46.1 45.9 46.1 46.1 46.2 46.8 47.6 48.3 49.2 50.8 50.7 49.8 49.7 47.8 45 43.9 43.7 42.6 42.5 41.4 43.4 44.4 40.5 39.1 40.6 42.2 41.6 42.5 43.1 40.7 38.4 36.8 35.2 33.8 32.7 31.2 30.6 30.9 30.5 30.3 29.6 30.4 31.2 31.6 33.5 35 34.6 34.7 34.4 34.6 36 35.8 35.7 42 37.5 37.3 35.9 34.7 34.1 33.6 33.1 33.1 33.3 33.6 34.1 34 34 33.4 32.8 32.7 32.4 31.4 31.2 31.4 31 29.8 28 28.3 26.1 26.1 27.1 28.8 30 30.6
47.5 46.9 47.8 47 46.5 47.1 46.5 46.6 47.5 48.3 49.3 50.3 50.5 49.8 49.1 48.1 46.4 44.6 43.6 43.5 42.8 44.5 48.2 48.4 44.2 39.8 40.8 42 42.6 43.9 44.7 43.5 41.1 39.2 37.3 35.4 32.5 31.4 30.8 31.2 30.8 30.2 29.3 32.2 31.7 30.3 32.5 34.6 35.2 35.3 35.2 34.9 35.6 36.1 36.4 39.6 37.6 37.4 36.6 35 34.4 33.9 33.3 32.8 33.2 33.9 34.1 34 34.1 33.9 33.3 33.2 33.2 32.3 31.5 31.6 31.2 30.9 30.8 27.6 26.6 25.2 25.9 27.4 29.2 30
47.7 47.5 47.4 47 47.3 47.4 47.2 46.9 47.6 48.6 49.7 50.6 50.7 50 48.3 46.8 44.8 43.9 43.3 43.4 43.6 43.7 47.4 47.5 45.8 40.6 40.3 42.5 43.2 44.5 46 45.8 44.1 41.9 39.5 37 34.1 31.9 32.1 32.9 31.6 29.7 30.2 30.1 30 30.5 31.3 34.4 35.6 35.9 36 35.8 36 36.2 36.4 36.4 40.1 37.2 37.1 35.6 34.7 34.1 33.4 33.1 33.3 33.9 34.2 34.2 33.9 33.6 33.8 33.6 33.5 33.2 32 31.8 31.8 30.8 30.8 29.1 28 26.8 26.3 26.2 28.3 30.1
48.5 48 48.6 48 49 48.4 47.9 47.5 48.1 49.3 49.9 50.5 50.2 49.6 48 46.1 44.4 43.8 43.3 43.1 43.4 43.3 45.5 46.6 43.5 40.6 39.8 42.2 43.3 44.5 46.1 47.2 46.4 44.3 41.8 39.1 36.2 33.1 32.1 33 33.7 32.2 32.3 30.3 30 30 31.1 34.1 35.4 36.3 36.6 36.6 36.6 36.4 36.1 36.2 39.5 36.4 37 35.8 34.5 33.9 33.3 33.2 33.3 33.4 34.1 34 33.7 33.4 33.2 33.3 33.6 33.4 32.8 32 31.9 31.7 30.9 30.2 29.4 28.1 26.8 26.3 27.6 29.5
