public/OST50/SE38.asc
ncols 200
nrows 200
xllcorner 430000
yllcorner 480000
cellsize 50
[rows 76 to 113 of 200, columns 86 to 171 of 200]
24.8 24.2 23.9 23.7 19.5 25.6 25 22.5 20 21.2 23.5 25 23.2 19.8 24.6 25.4 25.9 26.5 26.6 26.6 26 25.9 25.4 26.3 28.6 31.4 33.7 34 33.7 33.4 33 32.7 32.7 32.2 31.2 31.1 30.7 30 27.9 26.8 26.4 26.3 26.6 28.2 26.7 25.1 24.1 22.7 23 24.1 27.6 30.4 29.6 26.6 25.2 22.5 22.4 21.5 21.7 22 22.1 22.8 22.9 21.5 22.7 22.5 22 22.7 25.2 27.1 28.7 29.4 29.8 29.7 27.4 26.7 29.3 30.5 31.1 31.3 31.5 31.6 31.5 31.7 32 32.5
23.9 24 24 23.9 23.3 21.7 20.1 22.7 24.5 24.1 24.1 24.5 23.7 23.2 22.3 24.5 25.2 25.9 26.1 25.8 25.6 25.1 26 26.4 27.9 30.4 33.1 34.5 34.3 34.2 34.1 34.4 35.1 34.8 33.8 33.3 32.9 31.4 30.8 29.5 29 28.2 28.4 29.3 29 27.9 25.9 24.4 24.6 26.1 27.6 27.3 25.6 24.4 23.9 21.7 21.8 21.6 21.7 22.1 21.8 22.1 22.9 21.3 21.9 22.6 22.4 22.9 24.5 26 27.7 28.8 29.5 29.4 26.4 27.6 30.2 30.7 31 31.2 31.4 31.5 31.7 31.8 32 32.4
24.4 23.9 23.6 23.7 25.2 23.5 24.2 23.8 24 23.6 23.6 23.9 23.5 24.2 21.1 23.9 24.6 24.7 24.6 25.4 25.3 26.4 26.8 27.1 27.8 29.5 31.9 34.3 34.6 34.9 34.4 34.5 36.2 36.8 36.4 35.3 34.7 34.4 33.4 32.3 31.7 31.2 31.7 32.3 32.2 31.1 28.9 27.1 25 24.2 23.5 23.3 22.3 22.7 23.3 22 23.6 24.1 23.4 23.9 23 23.1 22.8 23.1 22 22.4 22.3 22.9 24.4 24.8 26.3 27.5 28.7 28.8 26.2 27 29.6 30.4 30.8 31.1 31.2 31.2 31.4 31.5 31.7 32.1
23.9 23.5 24.1 25 25.7 24.8 23.8 23.7 23.6 23.3 23.3 23.5 23.5 24.4 19.4 23.9 24.1 23.8 24 25.5 26.2 27.1 27.9 28.1 27.4 29.6 31 33.2 34.6 35.1 34.8 35.2 36.8 37.9 38.5 36.3 35.3 35.4 34.9 34.8 34.1 34.1 34.7 34.7 34.1 33 31.6 28.9 25.3 23.8 23 21.8 21.6 21.9 24.3 25.6 28.4 27.6 24.9 25.7 24.1 23.7 22.9 22.9 22.2 21.7 22.3 22.5 23.4 23.9 25.1 26.3 27 27.7 25 27.6 29 29.8 30.6 30.9 30.8 30.9 31.2 31.4 31.4 31.7
24.2 24.7 25.7 26.7 27.2 26.5 24.2 23.5 23.4 23.3 23.1 23.2 23.4 23.7 21.1 24.1 23.7 23.5 24.2 25.4 26.1 27.6 28.5 28.7 28.1 28.5 29.6 32 34.4 35.4 35.2 35.9 36.8 38.8 39 37.8 35.7 35.4 36.1 35.5 35.6 35.9 36.8 36.7 35.5 34.5 33.2 31.4 27.1 24.3 22.8 22.3 22.2 22 24.1 27.2 29.5 28.4 27.8 29 28.9 25.5 23.9 23.3 23 22.9 22.6 22.5 22.4 23 24.3 24.8 24.5 25.3 25.3 26.6 28.4 29.4 30.1 30.4 30.7 30.7 31 31.2 31.2 31.2
25.9 26.5 27.1 27.5 28 27.4 25.4 23.8 23.7 23.3 23.1 23.1 23.3 23.5 23.8 20.1 22.8 23.6 24.2 25 25.9 27.4 29 29.5 29.1 28.9 29.3 30.7 33.1 35.1 35.6 36.1 36.9 38.4 39.1 38.6 37.2 35.8 35.9 36.3 36.6 36.8 36.9 36.8 36.2 35.4 34.2 32.7 28.9 24.9 23.3 22.6 22.5 22.2 23.6 25.7 28.7 29 30.2 32 32.1 29.6 25.8 24 23.6 22 22.2 22.3 22.3 22.5 23.5 23.2 23.5 24.9 26.8 28.6 29.3 29.6 30.5 30.7 31.2 31.4 31.2 31 31.2 31.1
27.1 27.7 27.9 28.4 28.2 27.8 25.7 24.6 24.2 23.5 23.2 23 23.2 23.4 23.5 24.3 19.9 23.4 23.6 23.9 24.6 26.5 28.2 29.6 30 29.6 29.8 30.7 31.5 33.8 35.4 36.1 36.6 37.6 38.9 39 37.7 36.2 35.7 35.7 36 36.5 36.3 36.4 36.1 35.3 34.6 33.1 30.3 25.5 24 22.8 22.5 21.9 23.6 25.9 28.3 30 31.5 32.2 32.2 29.3 26.9 25.5 24.5 22.9 22.6 22.1 22.2 22.5 23 23 23.5 25.2 26.8 29 29.7 30.4 30.7 30.9 31.1 31.3 31.4 31.3 31.2 31.3
28.3 28.5 28.7 28.8 28.5 28.2 26.3 24.9 24.3 23.9 23.2 23.3 23 23.3 23.3 23.4 23.5 20.3 23.9 23.8 23.6 24.5 25.8 27.8 29.8 30 30 30.5 30.9 32.1 33.9 35.3 35.9 36.7 38.8 38.8 38 36.4 35.3 35.2 35.7 36 35.8 35.6 35.6 35.4 34.2 33.2 31.9 27.3 24.5 23.5 22.5 22.3 23.2 25.6 27.8 30 30.9 31.6 31.8 28.6 26.5 26.8 25.6 23.6 23 22.4 22.3 22.9 22.9 23.5 23.8 24.3 25.5 25.8 27.9 30 30.5 30.7 31 31.1 31 30.9 30.9 31
28.7 29.4 29.3 29.1 28.7 28.4 27.2 25.6 24.5 23.7 23.3 23.5 23.3 23.1 23.1 23.2 23.4 22.9 22.2 23.4 23.4 23.4 24.2 25.7 27.7 28.7 28.9 29.7 30.8 31.9 32 32.8 34.3 35.2 37.6 38.1 37.8 36.3 35.1 34.6 35.6 35.5 35.1 34.8 34.5 34 33.9 33.7 32.4 30 25.7 23.8 22.7 22.7 24 25.9 27.9 29.2 29.5 30.2 28.8 27 26.3 26.6 25.9 24.5 22.9 22.4 22.4 22.8 23 24.7 25.9 26.3 28.2 28.8 26.1 29.1 30.3 30.6 30.8 30.7 30.6 30.5 30.6 30.8
29.1 29.7 29.6 29.3 29 28.7 28.4 26.3 24.6 23.6 23.6 23.7 23.7 23.7 23 23.1 23.3 23.8 20.5 23.8 23.4 23.2 23.2 24 25.1 26.1 26.3 27.6 29.7 30.8 30.6 30.4 31.4 32.3 34.2 35.6 36.6 36.2 35.4 34.1 34.6 35.2 34.5 33.7 33 32.6 32.9 33.3 32.8 32.1 27.1 26 24.7 25.5 26.8 28.1 27.7 28 28.2 27 25 24.9 25.9 26.6 26 25.5 23.7 22.3 22.5 22.4 23.6 25.3 26.9 28 29.8 29 26.4 28.6 29.7 30.3 30.5 30.7 30.8 30.9 30.7 30.6
29.4 29.8 29.9 29.6 29.6 29.6 29.2 27.3 26 23.9 23.6 23.4 23.6 23.6 23.2 23 23.1 23.4 23.6 21.2 23.7 23.4 23.2 23.1 23.7 24.5 24.6 25 26.8 28.8 29.1 29.1 29.3 29.6 30.9 32.5 34.1 35.4 35.2 33.4 32.7 33.8 34.3 32.8 31.6 31.3 32 32.4 32.8 32.9 31 28.7 28.3 29 30.4 30.3 28.5 26.8 26.3 26 24.9 24.3 25 26.7 26.5 24.6 23 22.6 22.6 24.4 26.8 27.6 28.8 29.8 29.4 28.9 27 27.1 29 29.5 29.6 29.8 30.1 30.5 30.7 30.6
29.9 30.1 30.2 30.3 30.4 30.1 28.9 27.1 25.9 24.3 24 23.5 23.1 23.1 23.3 23.4 23.4 23.1 23.2 21.9 21.7 23.5 23.5 23.4 23.5 23.6 23.7 23.9 24.5 26.2 27.1 28.3 28.2 28.2 28.5 29.6 31.3 32.8 33.4 33.7 31.7 32 33.2 32.6 30.6 30 30.1 31 31.8 32.2 33 32.1 31.6 31.5 31.5 31.5 30.6 29.1 28.3 26.8 25.9 24.5 25.1 28 27.1 23.4 22.8 21.9 23.9 30.1 31.2 30.4 30.3 30.2 30.3 29.7 28.2 25.7 26.7 28.3 28.7 29.1 29.7 30.2 30.5 30.6
30.3 30.4 30.5 30.7 30.9 30.3 28.6 26.8 25.9 24.8 23.8 23.2 23 23 23.2 23.3 23.4 23.3 23.2 23.5 20.4 23 23.8 23.7 23.7 23.3 23 23.3 24 24.3 25.4 26.5 28 27.4 27.2 27.8 28.5 30 31.1 32.6 31.1 30.4 31.5 31.6 30 28.2 28.2 28.9 29.2 29.3 30.4 31.5 32.8 32.4 32.3 32.5 32.4 31.4 29.7 28.2 26.6 25.9 25.5 27.5 28.2 21.9 23.8 28 29.7 31.9 31.5 30.9 30.2 29.8 29.7 30.1 28.6 27.4 26.1 26.6 27.1 28 28.9 29.6 30 30.5
30.6 31.1 30.9 31 31.2 30.2 28.4 27.3 26.6 25.3 24 23.2 22.9 22.9 23.1 23.1 23.2 22.8 23.3 23.5 22.9 20.9 23.8 23.8 23.7 23.4 23.2 23.4 23.7 23.3 23.8 25.3 27.6 27.8 27.1 27.5 27 27.7 28.5 29.7 29.3 29.3 29.7 30.5 29.8 27.9 27.1 26.8 26.8 26.9 26.8 28.1 31.4 33.1 33.1 33.2 32.7 31.1 29.2 29.2 28.6 27.8 26.5 25.4 25.5 22.4 22.5 28.2 29.4 30.2 30.3 30.1 30.3 29.7 30.2 29.9 28.9 28.1 26.4 26 26.2 26.8 27.3 28 29 29.2
30.7 31 31.2 30.8 31.2 29.9 28.7 27.6 27.2 25.8 24.3 23.5 22.9 22.8 22.9 22.7 22.4 22.6 23.2 23.4 24.6 20.7 23.2 23.7 23.7 23.7 23.4 23.8 23.5 23.1 23 24.7 27.6 28.4 27.9 27.6 26.5 26.5 26.9 26.9 27.2 27.5 27.6 29 29.4 27.7 26.4 26.3 26.3 26.1 26.2 26.3 28.3 32.5 33.2 33.4 32.9 32.4 30.4 31 30.6 29.2 27.3 25.2 23.7 22.6 22.5 24.3 25.3 25.7 27.6 29.7 30.2 29.5 29.7 30.3 29.2 28.6 27.9 27.9 26.9 26.3 27 26.8 27 28.8
29.6 29.7 30 30.4 31 30.2 29.1 28.5 27.8 26.2 24.7 23.4 23 22.9 22.9 22 22.3 22.6 23 23.5 23.7 22.8 20.1 23.5 23.5 23.5 23.9 23.7 23.1 22.9 22.8 24.9 28.6 30.6 30.2 28 26.6 26.3 26.1 26.1 26.2 26.3 26.4 27.1 28.7 27.1 26.2 26.1 26.1 26.1 25.8 26.1 26.6 29.6 32.6 32.6 32.9 33.2 32.9 32.2 31.2 29.7 27.5 25 22.9 22.6 22.4 22.5 22.7 24.1 27.2 28.8 30.5 29.8 29.5 30.3 30.3 29.7 29.5 28.6 27.9 26.7 26.4 27.5 29 30.5
29.2 28.9 29.3 29.7 30.2 30.6 30.3 30 28.6 26.8 25.1 23.5 23.1 22.6 22.3 22.1 22.3 22.5 22.9 23.3 23.8 23.9 20 22.9 23.6 24.3 25 24.1 23.2 23.6 23.3 25.5 29.9 32.8 31.7 29.5 27 26.4 25.9 26 26 26.1 26.1 26 27.2 26.3 26.1 26.2 26.2 25.9 25.6 25.7 25.9 26.9 30.9 32.4 32.4 32.9 33.6 32.4 31.1 29.8 26.9 24.4 22.4 21.5 21.9 22.3 23.2 24.3 27.3 29.1 29.7 30.7 30.2 30.9 30.8 30.4 29.8 30.2 28.8 27.7 26.9 27.9 29.2 30.1
29.8 28.9 28.9 29.1 29.6 30.1 31.3 31.9 29.7 27.4 26.5 24.1 23.2 22.9 22.7 22.5 22.5 23 22.9 23.4 23.5 24 21.9 22.2 23.9 25.3 25.8 25.5 24.4 24 24.6 26.4 29.1 32.3 31.8 30.3 28.9 27.3 26 25.8 25.9 25.9 25.9 26.1 26 26.1 26.2 26.3 26.1 25.9 25.6 25.7 25.8 25.9 27.9 31.8 32.1 32.7 33.4 33.4 32 29.6 26 23 22.3 23 21.7 22.3 24.8 27.3 26.9 28.2 28.5 30.1 31.2 30.9 30.3 30.5 30.2 30.2 29.8 29.1 28.7 28.7 28.9 30.1
28.9 28.8 28.8 28.9 29.2 29.8 31.2 33.2 30.1 28.8 27 24.7 23.3 23 23.1 22.8 22.4 22.5 23.1 23.6 23.9 24.5 22.4 21.7 24.8 26.2 26.7 27.5 27.5 27.5 28 28.6 30.2 31.7 32.6 32.9 31.8 29.7 27.4 26.3 26 25.9 26.1 25.9 25.8 26.3 26.3 26.3 26.1 25.9 25.7 25.8 25.9 25.8 26.1 28.1 31 32.4 33.2 33 29.3 28.3 25.9 22.9 22.3 22.5 21.4 22.1 28.5 30.7 30.5 28.3 27.5 28 29.9 30.5 31 30.4 29.8 30.1 30.2 29.5 29.2 29.6 29 30.1
29.6 28.7 28.9 29.1 29.3 29.6 30.3 32.2 30.4 29.7 27.3 25.7 23.5 22.5 22.8 23.1 23.1 23.2 23.3 23.3 23.5 23.7 22.7 20.9 26.3 27.4 28.5 29.8 30.4 30.5 30.5 30.7 31.2 31.5 32.1 33 33.1 31 28.7 26.6 26.2 26 25.8 25.6 25.7 25.9 26.5 26.6 26.1 25.8 25.7 25.8 25.8 25.8 25.9 26.3 28.3 32.4 33 33.4 32.1 28.6 25.1 22.7 22.3 22.5 22.2 22.8 28.8 31.1 31 30 27.2 26.4 27.4 29.6 30.6 30.1 29.6 29.7 30.1 29.9 30 29.8 30.1 30
30.6 29.4 29.3 29.7 29.3 29.4 29.4 31.3 30.5 30 27.9 26 24 22.9 23 23.1 23.2 22.9 22.9 23.3 23.7 23.9 23.3 20.4 27.1 28.9 29.5 30.3 31 31 30.5 30.5 30.9 31.1 31.3 32.3 31.9 31.1 29.7 27.8 26.1 26 25.6 25.6 25.6 25.6 25.9 26.9 26.4 25.9 25.8 25.9 26 25.8 25.7 25.9 26.9 31.7 33 33.2 33 31.5 27.6 23.6 22.3 22.3 21.2 23.4 28.6 30.1 30.2 29.2 27 24.5 24.9 27.5 29.3 29.9 29.6 29.5 29.7 29.9 30 29.9 30.4 30.4
32.1 30.7 30.1 30 29.6 29.3 29.1 30 30.4 29.7 27.9 25.7 24.3 23.1 23 23.1 22.7 22.4 23.4 23.4 23.7 23.6 23.5 20.4 27.9 30.1 30.6 30.3 30.1 31 30.6 29.6 29.9 31.4 31.7 30.9 30.9 31.2 31.3 28.9 26.3 25.7 25.7 25.6 25.7 25.5 25.7 26.5 26.8 26.2 26 26.1 26 25.7 25.7 25.8 27.1 31.7 32.3 32.4 32.8 32.3 30.2 26.2 22.5 22.2 22.7 23.5 28.4 29.1 30 29.4 26.9 24 22.6 26.4 27.9 28.5 28.2 29.2 29.4 29.5 29.5 29.6 29.6 30.2
32.8 31.9 30.6 30 29.7 28.9 28.7 28.7 28.8 28.2 26.7 25.4 23.4 23.1 22.9 23.1 22.7 23.2 23.1 23.2 23.5 24 20.1 23.9 28.3 31.4 31.2 30.6 30.1 31.1 30.7 30.2 30.2 30.6 31.2 31.4 30.7 31.5 31.6 29.1 26.7 26 25.7 25.7 25.6 25.5 25.5 26.2 27 26.6 25.9 26.1 25.9 25.7 25.7 25.8 27.8 31.7 32.7 32.8 32.8 32.6 31.7 29.7 25.8 22.3 21.9 21.1 24.9 27.2 29.5 29.5 27.3 24.5 23.1 25.8 27.1 27.5 27.8 28.1 28.9 28.8 29 29.5 30.1 30.2
30.5 32.5 31.9 30.4 29.8 29.2 28.9 28.8 29.2 28.6 26 24.4 23.5 23.3 23 23 23.1 23 22.9 23 23.4 24.5 19.9 23.7 25.6 30.4 31.4 31.2 30.3 30.7 30.3 29.9 29.7 30 30.5 31 31.3 31.6 30.5 30.4 28 26.4 25.8 25.8 25.6 25.5 25.4 25.8 26.5 26.9 26 25.6 25.8 25.6 25.4 25.7 27.6 30.4 32.3 32.7 32.7 32.9 32.2 32.5 29.7 23.5 22.3 21.8 23 25.8 28.6 29.2 28 26.1 25.9 26.5 27.3 28.1 27.9 27.2 28.2 28.6 29.1 29.3 30 29.8
30.2 31.3 32.9 32 29.6 30 29.2 30.7 31.1 29.1 26.2 24.7 23.8 23.6 23.1 23.1 23 22.9 23 23.1 23.4 22.8 22.8 23.7 24.4 27.8 30.7 31 30.4 29.5 29.9 29.5 29.4 29.4 29.9 30.6 31.3 30.1 29.9 30.2 29.8 27.6 26.5 25.8 25.5 25.4 25.6 25.5 25.9 26.6 26.3 25.9 25.6 25.5 25.3 25.2 27 28.6 30.7 31.9 32.3 32.1 32.5 32.2 30.5 24.6 24.4 22.2 22.4 22.7 27.1 28.9 29.5 28.5 28 27.7 27.4 27.2 27.5 27.1 27.5 28.4 28.5 29 28.9 29.1
31.7 30.5 32.7 32.7 30.4 29.7 30.8 32.8 32.6 29.9 26.9 25.8 24.8 24.1 23.1 23 23 23 23.1 23.2 23.7 19.1 24.6 23.7 23.6 25.8 29.3 30.9 30.7 30 29.9 29.2 29.2 28.8 28.8 28.7 29.5 29.5 29.3 29.7 30.1 29.2 26.9 25.9 25.6 25.4 25.4 25.5 25.6 26.2 26.6 26.1 25.9 25.2 24.7 24.5 25 26.6 28.2 30.2 31 31.2 31.1 30.7 30 24.8 25 23.4 22.5 22.5 25.3 29.2 31.2 30.9 29.6 29 28.1 26.1 26.7 26.1 26.1 26.4 26.9 28.6 29.1 29.2
32.5 30.6 31 31.4 31.5 31.1 32.3 34.2 32 29.7 27 26.8 27.9 26.9 25.2 24 23.1 23.1 23.1 23.6 23.7 19.7 24 23.7 23.6 24.3 27.7 30.6 30.7 30.3 29.2 29.2 28.4 27.8 27.2 27.7 28.5 28.9 28.7 29 29.5 29.4 27.3 26.1 25.7 25.5 25.5 25.8 25.3 26 27.4 27.8 26.1 25.1 24 23.6 23.4 23.9 24.8 26.2 27.1 28.6 27.8 27.5 27.5 26.2 26 25.1 22.5 21.6 24.1 28.9 30.7 31.9 28.8 27.8 27.1 25.6 27.3 26 26.1 26.4 27.1 28.2 28.8 29.4
31.8 31.7 30.5 31.2 32.3 32.2 32.4 33.3 31.2 28.5 26.9 28.4 31 29.1 26.8 25.6 24.3 23.2 23.1 23.8 24.6 21.8 23.8 23.4 23.4 23.6 26.8 29.7 30.1 29.7 28.9 28.8 27.6 26.7 26.6 27.1 27.7 28.3 28.2 28.3 28.6 29 27.8 26.2 25.8 25.9 26.3 26.6 26.6 25.1 26.1 27.5 26.8 25 23.9 23.6 23.4 23 23 23.3 23.7 24.3 23.8 23.7 25 25.4 25.3 24.3 22.6 22.2 21.8 27.8 28.6 30 25.9 24.8 25.6 26.5 26.6 25.7 25.9 26.1 26.5 27.6 27.9 28.3
31.1 31.3 30.5 32 31.9 32.5 32.7 31.6 29.4 27.6 27.8 31 32.8 30.3 28.1 27.1 25.3 23.4 23.3 23.5 18.8 23.4 23.7 23.3 23.2 23.3 25.5 28 29.4 28.9 28.1 27.7 26.9 26.4 26.3 27 27.5 27.8 27.6 27.6 27.7 29 29.4 27.3 26.6 26.4 26.5 26.8 28.6 26.2 24.6 25.7 26.7 25.2 24 23 22.6 22.4 22.2 22.6 22.3 22.6 22.8 23.6 23.8 24.8 24.8 23.4 21.2 22.6 23 25.7 27 26.3 24.2 24.3 25.8 26.6 26 25.6 25.3 25.6 25.9 26.7 27 27.3
30 31.4 30.8 31 31.4 32 32.4 31.1 29.3 28.3 28.5 33.8 35.8 30.8 28.5 27.5 26.1 24.6 24.3 19.3 24.3 23.5 23.7 23.1 20 20 22.6 24.5 27.3 27.9 27.2 26.9 26.5 26 26.1 26.7 27.4 27.8 27.9 28 27.9 28.6 30 29 27.5 27.1 26.5 26.5 28.3 28 24.9 24.3 25.5 24.8 23.2 22.7 22.5 22.4 22.2 22.4 22.7 22.4 22.1 22.5 22.6 23.1 23.1 21.6 22.3 22.3 22.4 25.2 26.5 24.9 24.8 24.3 25.7 25.9 25.5 25.2 24.9 25 25.4 25.7 26 26.4
27.9 30.3 30.2 31.6 30.8 31.7 32.4 30.9 29.2 28.6 29.6 34.2 35.5 30.8 28.8 27.9 26.3 24.6 22.3 23.1 23.8 23.5 24.5 19.6 23.6 23.6 20.3 23.1 24.9 26.3 26.5 26.1 25.8 25.5 25.8 26.4 27.1 27.6 27.8 28.6 28.7 28.9 29.7 29.8 28.9 28 27.2 26.7 27.7 29 26.3 24.1 24.2 23.4 23 22.6 22.5 22.4 22.2 22.3 22.4 22.5 22.1 22 22.3 21.6 22.4 22.3 21 22.2 22 22.6 22.2 22.5 22.7 22.9 24.4 25.3 24.8 24.5 24.1 24.2 24.3 24.6 25 25.9
26.6 27.9 30.2 31.2 30.1 31.4 31.9 30.5 29.1 28.2 29.1 33.6 34.7 29.4 27.7 27.1 25.7 24.1 24.2 19.6 24.5 25.1 19.6 24.8 23.5 23.5 24.7 21.3 24.1 25 25.9 26.1 26.1 26.2 26.1 26.3 26.8 27.2 27.7 28.6 29 29.1 29.8 31.3 31.4 30 27.9 26.9 27.4 28.9 27 25.3 23.6 23.6 24.4 22.7 22.5 22.4 22.2 22.3 22.4 22.4 22.6 22.7 22.4 21.7 21.8 22.8 20.9 22.1 22.3 24.4 26.7 26.4 26.2 25.5 24.2 23.2 23.5 23.6 23.9 24.2 24.5 24.7 24.7 25.6
26.4 26.6 27.7 29.3 29 30.8 31.2 29.6 28.5 28.3 29.5 32.3 33.3 28.4 26.9 26.6 26.4 25.4 24.5 23.5 20.2 19.6 24.2 23.4 23.4 23.3 22.6 20.3 23.3 24 24.5 25.1 25.8 26.2 26.4 26.3 26.9 27.1 27.4 28 28.5 29.2 29.8 31 31.8 31.8 29.2 27.6 27.4 28.2 29.2 27 24.6 25 24.8 23.7 22.6 22.4 22.3 22.3 22.3 22.8 23.4 24.2 23.6 21.9 21.9 21.8 21.7 21.1 22.4 25.2 27 28.2 29.4 28.5 26.6 25.4 24.4 24.3 24.2 24.3 24.5 24.6 24.8 25
26 26.1 26.7 27.5 27.8 28 28.6 28 28.6 29.2 30.6 30.9 32.4 28.8 26.8 26.8 27.7 26.8 25.2 24.3 23.7 23.3 23.2 23.2 23.2 23.2 22.6 20.5 23.5 24 24.2 24.9 25.1 25.4 25.8 26.2 26.6 26.9 27.2 27.5 28.1 29.1 29.7 30.7 31.3 31.4 30.2 28.8 27.6 28 28.9 28.3 26.1 25.4 25.4 24.5 23.5 23.2 23.2 23.1 23.2 23.7 25 25.6 23.4 22.3 21.8 21.7 21.7 22.2 23.1 25.1 26.9 28 29.6 28.9 27 26.1 25.3 24.7 24.5 24.6 24.7 24.9 25 25.3
25.9 26.1 26.4 27 27 27.4 27.2 27.7 28.7 30.2 31 31.2 30.9 27.6 26.9 27.3 28.3 28.1 26.5 24.2 23.5 23.2 23 23 23 23 23.9 21.5 23.6 23.5 23.3 23.4 24.2 24.7 25.2 25.6 26.3 26.6 26.9 27.2 27.6 28.8 29.6 30.4 30.9 31.2 30.5 29.7 28.6 28 28.6 28.4 26.9 26.3 26.3 26 24.9 24.9 24.3 24.6 25.6 26 26.7 26 21.7 21.5 21.9 21.7 21 21.8 21.8 24.1 26.5 27.5 27.9 28.8 27.4 26.6 25.9 25.2 24.7 24.9 25 25.1 25.2 25.6
26.8 28 28.3 27.3 27.4 27.2 27.6 28.1 29.5 30.9 32 32.7 29.9 27.3 27.2 27.2 28.1 28.8 27.3 25 23.2 23 22.9 22.7 23 23.4 18.9 23.8 23.1 22.9 22.8 23.1 24 24.1 24.6 25 25.7 26.4 26.6 26.9 27.8 29.1 29.9 30.4 30.6 30.9 30.5 29.8 29.1 28.4 27.9 27.7 26.7 26.6 26.9 27.5 28.4 28.6 27.2 26.8 27.5 27.5 27.3 24.8 21.9 21.7 21.6 21 22.4 24.2 22.8 22 24.8 26.7 27.3 28.9 28.2 26.4 26.2 25.8 25 25.1 25.1 25.2 25.5 25.8
29.3 29.9 30.2 28.8 28.9 29.1 28.9 28.9 29.6 30.4 32.4 33 30.5 27.6 27.3 27.3 27.3 28.4 27.8 26 23.7 22.8 22.7 22.9 23.1 19.6 22.5 23.4 23.1 22.9 22.9 22.8 23.2 23.9 24.3 24.4 25 25.8 26.4 26.7 27.9 28.8 29.2 29.8 30.2 30.5 30.2 29.8 28.6 28 27.1 26.8 26.3 26.2 26.4 27.5 29 28.5 28 27.8 27.5 27.5 26.9 23 20.8 21.3 22 23.9 25.2 25 24.9 22.8 22.2 25.8 27 28.9 29.4 27.6 26.9 26.5 25.8 25.8 25.7 25.5 25.6 25.6
27.6 29.1 29.2 30.1 31.2 31 30.6 30 29.5 30.1 30.9 32.5 31.6 28.5 27.8 27.3 27 27.1 27.6 26 24.2 22.9 22.9 22.5 22 20.6 23.4 23.2 23 23 22.9 22.9 22.8 23.6 24.3 24.1 24.4 25.2 26 26.8 27.8 28.5 28.9 29.2 29.5 29.9 29.1 28 26.7 26.7 27.9 28.4 28.5 27.5 27.8 28.3 28.6 29 29.4 29.5 28.8 26.9 23.5 20.8 22.3 23.9 27.1 25.2 23.6 25 24.8 23.3 22.5 24.1 25.9 27.4 29.1 28.7 27.7 27.1 26.6 26.4 26.2 25.9 26.1 26.1
