public/OST50/SE38.asc
ncols 200
nrows 200
xllcorner 430000
yllcorner 480000
cellsize 50
[rows 38 to 75 of 200, columns 86 to 171 of 200]
32.4 32.9 32.7 32.4 32.4 30.9 28.4 27.4 26.9 26.7 27.5 27.2 27.1 27.2 27.1 26.8 26.3 27.3 28.4 30.2 31.7 32.7 33 33.4 34.1 35.3 36.1 36.6 37.4 38.2 37.5 36 33.9 31 30.5 29 27.4 26 26.4 28.5 30.5 30 30.7 30.6 30.5 30.5 29.8 25.8 23 24.1 28.2 30.3 30.2 29.1 28.7 28 29.2 30.2 30.7 31.1 32.2 32.5 32.3 31.7 28.9 28.4 31.2 31.9 32.5 33.1 33.7 34.6 35.1 35.1 34.6 34.2 34.2 34.6 34.8 34.7 35.1 36.3 36.7 37 36.5 36.2
31.6 32.5 32.9 32.9 32.8 32.1 30 29.1 28.2 28.2 29.9 30.9 30.1 29.8 29.7 29.3 29.6 29.7 30.5 32.3 33.6 34.6 35.1 35.4 36.1 36.7 37.4 38.1 38.8 38.5 37.7 36.6 34 31.5 31 30.3 28 26 25.6 27.5 29.6 30.1 32.1 32.3 32.2 32 30.7 27.1 23.4 24.8 28.2 30.3 29.9 29 28.4 28.2 29 30.3 30.7 31 31.7 32.1 32.1 31.2 28.3 28.6 30.9 31.7 32.5 33.2 33.7 34.3 35.2 35.2 35.3 34.9 34.2 34.1 34.9 34.6 34.7 35.3 36.2 36.6 37 36.7
31.1 31.9 32.8 33.2 33.2 32.8 31.9 31.4 31.2 31.5 32.7 33.8 33.9 33.8 33.8 34 33.5 33 32.6 33.1 34.7 35.9 36.6 37.2 37.2 37.3 38.4 38.6 39 39.3 39.1 37.5 34.7 31 29.3 29 27.7 25.9 25.4 26.5 29 30.2 32 33 32.1 31.8 30.3 28.8 22.8 24.2 28.4 30 28.7 27.9 28.2 28.2 28.2 30.1 30.8 30.5 30.9 31.3 31.7 31 27.6 29.7 31 31.8 32.6 33.3 33.5 34.3 35 35.4 35.7 35.6 34.6 35.1 34.6 34.2 34.3 34.4 35 36 36.8 36.8
31.5 31.5 32.3 33.2 33.5 33.3 32.5 32.4 32.3 33.2 33.6 33.8 34.2 34.6 35 35.3 35.4 34.8 34.2 33.8 35.4 36.6 37.3 37.8 37.7 37.4 38.3 39.9 39.8 39.8 38.7 36.8 33.8 30.1 28.6 29.2 28.8 26.8 25.7 26.1 28.7 30.4 32.4 31.7 30.5 29.3 28.9 26.4 24.7 23.8 26.6 28.8 27.8 27.7 28.5 27.3 28 29.4 30.7 30.4 30.7 31 31.3 29 27.5 29.8 31 31.6 32.3 32.9 33.3 34.4 35.3 36.4 36.2 36.9 36.1 34.7 33.9 33.9 34.1 34.2 34.3 35.2 36.1 36.5
31.5 31.5 32.1 32.9 33.4 33.4 32.8 32.4 32.5 32.4 32.7 33.2 33.5 34.3 34.9 35.2 35.1 34.8 34.5 34.8 35.9 36.9 37.8 38.4 38.1 37.6 37.8 40 40 39.4 38.1 36 33 30 29.3 28.8 28.9 27.5 26.2 26.4 28.1 29.8 31.9 31 30.2 28.1 27.7 27.5 26.3 23.3 23.9 26.5 27.1 27.4 28.6 27.1 27.5 28.7 30.6 30.5 30.7 31.2 30.9 28.3 27.5 30.7 30.9 30.9 31.6 32.4 33 34.4 35.5 35.4 36.1 35.5 35.9 34.7 34.1 33.9 34 34 34.1 34.4 35.1 35.9
31.4 31.5 31.7 32.6 32.8 32.9 32.6 32 31.9 32.3 33.3 32.9 33.5 34.2 34.2 34.3 34.4 34.3 34.3 34.9 35.8 36.1 37.4 38.4 38.4 37.9 37.6 39.7 39.8 38.8 37.9 35.7 33.9 31.3 29.1 27.7 27 26.6 26.3 27.4 28.9 30.5 31.3 31.2 30.2 28.7 28.7 28.1 27.8 24 23.9 23.8 24 26.1 27.3 26.2 27.7 28.1 29.7 30.1 30.6 30.9 30.4 27.8 28.1 28.9 29.7 30.2 31.5 32.9 33.7 34.6 35.1 35.1 35.7 35.7 36 35.1 34.2 33.9 33.9 33.9 33.9 34 34.7 35.3
31.4 31.3 31.2 31.6 32.1 31.3 31.4 31.3 30.7 31.8 33.1 32.9 33.4 34 34 33.8 33.7 34.1 34.3 35 35.9 36.7 37.3 38.1 38 37.5 37.1 38 39 38.7 37.5 36.7 33.7 31.8 29.6 27.6 26.4 26 27 28.5 31.3 32.1 30.8 32.6 32 30.2 29.9 29.8 28.9 28.5 27 23.8 23.6 23.9 23.9 26.2 26.6 26.6 27.8 29.2 29.1 30.6 29.4 27.2 28 29.3 30.6 31.3 32.1 33.7 34.3 34.3 34.5 34.8 35.4 35.9 35.4 35.6 34.8 34.2 33.9 34 34.1 34.2 34.4 34.8
31.7 31.6 31.2 30.7 30.4 30.1 29.8 29.9 30.2 31.5 32.6 32.2 32.7 33.6 34 33.7 33.4 33.8 34.5 35.1 35.9 36.2 36.7 37.2 36.7 36.8 36.8 36.3 38 37.9 37.7 35.6 34.4 32.2 29.4 28.2 27.1 27 28.2 30.2 32.6 31.9 31.4 32.9 34 32.8 31.3 30.9 30 30.2 29.5 27.9 23.2 23.6 23.8 24.3 24.5 24.2 24.9 27.8 27.7 29.7 26.8 25.7 28.6 30.2 30.7 31.4 32.6 34.4 34.7 35.2 34.4 34.6 34.9 35.2 35.6 36 35.6 35.1 34.1 34.1 34.3 34.4 34.6 34.8
31.6 32.1 31 30.3 30 29.8 29.7 29.7 29.6 29.7 31.1 31 30.5 32 33.3 33.6 33.1 33 34 35 35.6 35.9 36.1 36.5 35.8 35.8 35.8 34.7 36 36.2 35.7 35.6 34.3 31.4 29.3 29.4 31 31.8 32.7 33.8 32.8 30.5 30.7 31.5 32.9 33.9 32.1 31.8 31.5 31.2 31.1 29.4 25.7 23.6 23.9 28.3 28.2 28.4 25.4 26.4 27.2 26.2 25.2 27 28.9 30.7 31.1 32.1 32.8 34.5 34.8 35.2 34.7 34.9 34.9 34.5 35.2 35.5 36.2 35.8 34.5 34.2 34 34.2 34.5 34.7
31.7 32 31.1 30.3 29.8 29.6 29.6 29.6 29.5 29.5 29.9 30 29.7 29.7 30.8 32.5 32.4 31.8 33.5 34.6 35.4 35.7 35.9 35.8 35.4 35.1 34.8 33.7 34.1 33.3 35.2 35.3 34.5 32.2 30.7 32.7 37.1 38.1 39.2 38.3 33.9 29.5 28.8 29.1 30.5 33.2 33.6 32 31.6 31.9 31.2 29.9 27 22.7 23.7 29.3 29.2 29.5 28 25.4 26.2 25.5 27.5 29.1 30.2 31.6 31.3 31.8 33 34.9 35.1 35.5 35.2 35.1 35 34.9 35 35.6 36 35.9 35.1 34.5 34.2 34 34.3 34.6
31.4 31.9 30.9 30 29.8 29.6 29.5 29.5 29.5 29.5 29.5 29.8 29.6 29.5 29.5 30.2 31.1 30.8 31.9 33.7 34.7 35.5 35.4 35.1 34.9 34.6 34 33 32.4 33.5 35 35.2 35.4 33.4 31.5 31.7 35.5 36.4 36 33.9 31.3 28.3 27.5 27.8 29.3 31.5 33.3 32.6 32 32.3 31.4 29.3 28.3 23.7 23.8 26.7 30.3 30.1 29.7 28.3 27.4 27 28.2 29 30.3 31.3 31.2 32.1 33.5 34.3 34.7 35 34.9 34.9 34.9 34.8 34.8 35.6 36 36.3 35.9 35.3 34.8 34.4 34.3 34.6
30.6 30.8 30.4 30 29.7 29.6 29.5 29.5 29.4 29.4 29.5 29.5 29.3 29.1 29.1 29.5 29.5 29.5 30 32.1 33.7 34.4 34.7 34.5 34.2 34.2 33.3 31.9 32.4 32.2 34.3 35.2 35.4 33.6 32.4 31.1 30.8 31.5 30.2 28.6 27.1 27.5 28.3 29.6 29.8 30.9 32.9 32.1 32 32.7 32.1 29.5 27.3 24.3 23.5 26.7 29.8 30 29.7 29.1 27.7 27.7 28.3 28.6 30.3 31.1 31.4 32.3 33.4 34.2 34.5 34.7 34.8 34.8 34.7 34.7 34.6 35 36 36.2 36.6 36.2 35.4 34.8 34.8 34.7
29.8 30.3 30.2 29.9 29.7 29.6 29.5 29.4 29.4 29.4 29.2 29 28.7 28.6 28.7 28.9 29 28.8 28.5 30.1 32 33 33.7 34 34.2 34.3 32.8 32.5 32.4 32.2 33.8 35.3 34.8 33.4 32.9 30.2 27.3 27.1 27.1 26.6 25.4 28.6 31.2 32.9 31.7 31.3 31.3 31.2 31.4 32.8 32 29.8 26.1 23.6 23.3 28.2 29.5 29.2 29.3 29 28 27.9 28.8 29.2 30.8 31.2 31.6 32.2 33.3 34.1 34.5 34.5 34.7 34.6 34.6 34.5 34.5 34.5 35.4 36.1 36.7 36.8 36 35.1 35 35
28.6 29.9 30.2 29.9 29.7 29.6 29.5 29.5 29.2 28.9 28.7 28.4 28.6 28.2 28.4 28.4 28.5 28.5 27.9 28.3 29.6 31.8 32.7 34 34.2 34 33.4 32.8 32.6 32.4 33.4 35.3 34.6 34.4 32.5 30 26.7 24.6 24.2 24.1 25 28.8 32.3 35.1 34.9 31.5 31.1 30.9 31.2 31.9 31.6 29.2 25.2 23.6 22.8 28.8 29.5 28.7 29.2 29.5 27.7 27.9 28.7 29.4 30.3 31 31.6 32.4 33.2 34 34.6 34 34.3 34.6 34.6 34.5 34.5 34.6 35 36.1 36.8 37.4 36.7 35.7 35.3 35.2
27.3 29.8 30.6 30.1 29.7 29.7 29.6 29.5 29 28.4 28.2 28.5 29 29.7 28.3 27.9 28 28.1 27.7 27.3 27.7 29.4 31.8 32.5 33.1 33.4 34.4 33.6 32.7 32.6 33.4 35.8 35.3 34.3 31.7 29.8 27 24.6 23.6 23.2 23.1 26.1 31 35 35.1 34.8 31.8 30.7 30.1 31.8 31.5 29.7 27.4 23.5 23.7 25 29 29.3 28.5 28.9 27.6 27.3 28.2 29.1 30 30.4 31.4 32.4 32.9 33.4 34.1 33.6 33.8 33.8 34.4 34.3 34.2 34.5 34.7 35.6 36.6 37.3 37.4 36.4 35.5 35.4
27 29.5 30.7 30.7 30.1 29.7 29.7 29.5 29.1 28.5 28.2 28.7 28.3 29.5 29.2 27.5 27.6 27.6 27.6 26.9 27.5 28.4 29.8 30.8 32.2 33.6 34.6 34.2 33.5 32.4 32.9 34.5 34.7 34 32.1 29.3 27.3 24.9 23.6 22.7 22.4 23 27.3 33.2 35.1 34.2 32.2 30.2 30.8 31.6 31.7 30.7 29.1 25.6 23.5 23.6 25.4 28.6 28.2 28.4 27.7 26.8 28.2 29.3 30.1 30.4 32 33 33.2 33.2 33.3 33.4 33.6 33.8 33.8 33.8 34.3 34.6 34.6 35 35.8 36.6 37.6 36.8 35.9 35.7
26.9 29.3 30.6 30.7 30.8 30 29.5 29.3 29 29 29.1 28.8 28.3 28.4 29 27.2 27.1 27.3 27.3 27.2 27.7 28.9 30.1 30.3 31.5 33.3 34.6 34.7 34 33 32.6 33 32.9 32.2 31.4 29.2 27.3 24.5 22.7 22.5 22.3 22.2 26.1 31 33.2 32.1 30.2 31.8 32.5 33 32.1 32.1 30.5 28 24.4 23.8 23.5 24.1 27 26.8 27.1 26.4 28 29.4 30.5 30.9 32.6 33.4 33.7 33.8 33.6 33.5 33.3 33.2 33.5 33.8 34.3 34.4 34.5 34.5 35.1 35.7 36.6 37.1 36.6 35.9
26.9 29 30.4 30.7 30.8 31.1 30.4 29.8 28.8 28.5 29.4 27.7 27.4 28.1 28.4 26.9 27 27.1 27.2 27.8 28 29.5 30.3 31.3 31.8 32.9 34.1 34.6 34.6 33.5 32.2 32.6 31.4 30.7 30.3 28.8 26.5 24.5 22.4 22.2 22.1 22.4 25.2 28.4 29.2 28.8 30 32.5 35.3 34.4 33.8 33.4 31.7 29.3 26.2 22.8 23.8 23.6 24.7 26.6 25.8 25.4 27.5 28.8 30.4 31.3 32.4 33.5 33.6 33.8 33.7 33.7 33.4 33.3 33.4 33.7 33.9 34.3 34.3 34.4 34.5 35 35.2 36.3 36.3 35.8
27.9 29.5 30 30.4 30.7 31.1 31.1 30.3 29.1 27.5 28 27.9 28.1 27.3 27.5 26.9 27 27 27.2 28.3 29.4 29.1 30.5 31.3 31.9 32.2 33 33.9 33.9 33.7 31.7 30.6 29.3 29.2 28.9 27.4 24.7 23.4 22.2 22.1 22 23.5 24.8 24.9 26.4 27.7 29.7 33.6 35.9 35.1 35.2 34.6 32.9 30.5 27.7 24.9 23.6 23.5 23.3 23.2 24 24.8 26.7 27.9 29.4 31.2 32.5 33.2 33.4 33.7 33.6 33.9 33.7 34 33.7 34.3 34.1 34.7 34.2 34.7 34.3 34.3 34.7 34.4 34.8 35.3
28.6 29.7 29.6 29.9 30 30.1 30.8 31.3 30.5 28.4 27.9 27.9 28.1 27.2 27.1 26.9 27 27 27.3 29.3 31.2 30.3 30.7 31.5 32.2 31.9 31.6 32.1 32.7 33.1 31.7 29.7 28.1 27.2 27.1 26.4 24.2 23.6 22.5 22.1 22.1 23.8 23.8 24.1 26.1 28 31.4 35.5 35.8 35.7 35.7 35.4 34.5 32.2 29.2 27 24.2 23.4 23.3 23.1 23.3 24.1 25.5 27.2 28 30.3 31.7 32.5 33.1 33.5 33.8 34.7 34.9 34.7 34.6 34.6 34.3 34.9 35.3 35.2 33.9 34.1 33.5 33.5 33.4 33.7
28.9 29.5 29 29 29 29.1 29.8 30.7 30.8 29.4 28 27.4 27.6 27.4 26.9 26.9 27 27 27.9 30.5 32.1 32 32.2 32.3 32.3 32 31.1 31 31.2 31.7 30.7 28.8 27.8 27.2 25.6 25.4 23.5 23.6 23.4 22.8 22.9 23.2 23.1 23.9 26 28.2 33 35.9 36 35.4 35.9 35.7 35.1 33.6 30.7 27.9 26.8 23.6 23.2 23.3 23.1 23.5 25.4 27.8 28 29.2 30.7 32.2 32.8 33.9 34.4 34.4 34.4 34.4 34.3 34.4 34.8 34.9 35.1 35.4 33.5 33.8 32.4 32 32.3 33.1
28.8 28.8 28.4 28.4 28.4 28.4 29 29.7 29.7 29.4 28.6 27.8 27.2 27.2 27 26.9 26.9 27 28.4 31 32.5 32.7 33 33 32.9 32 31.2 30.8 30.5 30.7 29.5 28.8 28.4 27.7 25.1 24.5 24 23.4 23.7 23.8 23.4 21.8 21.8 22.1 24.2 27.5 32.7 35.8 35.8 36.4 36.2 36 35.3 34.5 31.2 28.3 27.4 26.6 23.4 23.4 23.3 23.2 25 27.5 28.6 29.5 31 32.3 32.9 33.9 34.4 34.5 33.6 33.6 33.8 33.7 33.5 34 34.4 33.8 34.2 31.5 32.1 31.8 32 32.6
27.9 28.1 28.3 28 27.8 27.9 28.3 28.8 28.6 29.5 29.1 28.2 27.3 27.1 27.1 27.2 27 27.5 28.9 30.8 32.7 33.4 33.7 33.6 32.9 32 31.5 31 31.2 30.8 30.1 28.6 28.5 28.1 25.1 24.4 24.7 24.3 25.1 25.3 21.6 21.2 21.5 21.7 21.8 23.8 29.4 34.7 35.6 36 36.1 36.3 36.2 34.7 32.2 28.4 27.4 26.3 25.8 22.7 22.6 23.3 24.1 26.4 27.9 29.1 30.4 31.8 33.1 33.9 34.1 34.1 33.1 32.5 32.3 32.7 33 33.3 33.5 32.4 31.3 33.8 34.2 33.5 32 32.6
27.3 28 28.4 28 27.8 27.7 27.7 27.8 28.1 29.2 29 28.6 28.1 27.4 27.5 27.4 27.6 28.1 28.8 30.8 32.3 33.6 34 34 33.4 32.4 31.7 31.6 32.1 31.6 30.2 28.6 27.7 26.5 24.7 24.3 25.7 25.4 24.8 25.3 21.3 21.3 21.3 21.4 21.4 21.5 24.4 29.8 34 35.1 35.4 35.7 36 34.2 32 28.9 27.2 26 25.9 25.4 23.3 22.3 23.8 25.4 27.7 29.3 30.1 31.3 32.9 33.9 34.3 33.8 33.3 32.6 32.1 32 32.4 32.8 32.6 31.1 32.5 34.8 35 34.5 33.6 32.6
26.9 27.8 27.9 28 27.7 27.5 27.5 27.6 27.8 28.4 29.1 28.7 28.4 28.1 28.3 27.5 26.7 27.4 28.1 29.9 31.4 32.8 33.2 33.7 33.4 32.8 32.3 32.2 32.5 32.6 30.9 28.7 26.9 24.8 23.1 24.1 26.7 25.3 22.7 22.5 22.3 21.4 21.1 20.8 20.6 21.4 21.5 24.5 31 32.9 33.7 34 33.5 32.4 30.5 28.7 26.8 26.2 25.6 25.2 23.2 23.3 23.6 26.2 27.7 29.1 29.8 30.9 32.2 33.4 34.3 33.9 33.3 32.7 32.1 31.7 32.4 32.3 31.7 30.9 33.3 34.7 35 34.9 34.5 34.3
26.3 27.4 27.7 27.7 27.6 27.5 27.5 27.6 27.9 28.2 28.5 28.8 28.6 28.5 28 27.5 26.8 26.7 27.7 28 29.1 31.4 32.3 32.9 33.6 33.2 32.8 32.7 32.4 32.5 31.4 29 26 23.6 22.9 22.5 24.8 25.5 22.7 22 23.5 21.3 21.1 21 21 21 21.5 21.5 27.6 31.9 32.6 32.1 32 30.7 28.4 26.9 26.6 26.7 26.1 26.2 24.9 23.3 24.7 27.2 28.2 29.4 29.8 30.2 31.3 32.6 33.8 34 33.4 32.7 32.1 31.8 31.8 31.8 31 31 32.5 33.8 35 35 34.6 34.1
25.8 26.8 27.4 27.7 27.8 27.6 27.5 27.6 27.9 28.2 28.5 28.7 28.8 28.7 27.9 27.3 27.1 26.7 26.5 27 27.5 28.5 30 31.6 32.6 33.2 33.3 33.1 32.7 32.2 31.3 28.6 25.6 23.5 22.6 22 23.6 24.2 22.6 22.1 22.6 22.8 22.3 21.4 21.3 21.1 21 21.6 24 29.6 31.7 31.2 30.6 29.5 27 25.5 26.9 27.1 26.5 25.3 23.8 23.1 25 27.5 28.5 29.7 29.7 29.9 30.5 31.7 32.9 34.1 33.3 33 32.7 32.2 31.6 30.7 30.1 31 31.8 32.9 34.9 35.2 34.9 34.6
25.7 26.7 28.1 28.3 28.1 27.8 27.6 27.6 27.9 28.2 28.4 28.6 28.7 28.6 27.5 27.4 27.3 26.6 26.5 26.3 26.3 27 27.8 29.4 31.2 33 32.9 33.5 33 31.3 30.7 28.7 25.9 24.1 23.1 22.7 22.8 23.2 22.9 22.3 21.5 21.2 22.1 21.6 21.2 21.1 21.1 21.3 21.5 24.4 28.1 30.1 29.5 28.8 27.2 25.4 26 27.3 26.2 24.1 23.8 23 25.2 27.2 27.9 28.5 29.2 29.4 29.9 30.9 32.1 33.2 33.8 33.6 33.2 32.6 31.9 30.7 29.9 30.5 31.2 32.1 34.1 35.1 35 34.8
25.4 26.7 28.1 28.6 28.3 28 27.8 27.6 27.9 28.4 28.8 28.6 28.3 28.5 28.7 28.5 27.6 26.6 26.2 26 26.1 26.1 26.8 28.3 30 31.1 31.9 32.6 32.4 30.7 29.7 28.5 26.3 25 24.3 23.8 23.6 23.6 23.7 22.9 21.5 21.3 21.5 22 21.2 21.2 21.2 21.2 21.2 21.9 22.9 26.8 28.6 28.4 27.9 26.2 24.5 26.4 26 24.7 24.2 22.9 23.9 26.7 27.6 28.2 29 29.4 29.9 30.7 31.4 32.3 33.3 33.5 33.5 32.9 32.2 31 29.7 30.4 31 31.7 33.1 34.8 35 34.8
24.9 26 27.4 29.1 29.2 28.8 28.4 27.9 27.9 28.2 28.3 28.4 28.1 28.7 29.4 29.6 28.5 27.1 26.1 25.8 25.8 26.2 26.8 28.3 30 30.4 30.5 30.5 31.1 29.9 28.9 28.1 26.5 26.2 26.2 25 24.9 24.8 23.8 23.7 22.8 21.8 21.1 21.7 22.3 21.4 21.1 21 21.1 21.5 21.6 22.3 26.1 27 26.8 26.1 23.7 25.2 26.1 24.9 24.1 23 21.7 25.4 26.8 28.1 29.2 29.5 29.9 31.1 32.3 33.2 33.4 33.3 33.2 33.1 32.4 31.2 29.8 29.7 30.7 31.5 31.6 34.3 34.9 34.9
24.4 25.2 26.6 28.5 29.3 28.9 28.8 28.2 27.8 28 28 27.9 28.3 29 29.9 30.7 29.4 27.3 26.3 26.1 25.8 26 26.8 28 29.3 29.5 29 28.9 28.9 28.6 28.4 27.4 26.2 26.9 28.7 26.5 25.2 24.3 24.5 24.5 23 21.7 21.5 21.5 21.9 21.4 21.1 21 21.1 21.3 21.4 21.7 22.2 24.5 24.5 24.4 23.6 24 24.3 24.1 24.1 22.8 22.5 22.1 26.3 28.1 29.2 30.1 31.1 31.7 32.4 33.1 33.6 32.9 32.7 32.6 32 30.9 30 29.5 30.9 31.2 31.6 33.8 34.7 34.9
24.1 24.6 25.8 26.7 27.5 27.9 28 28.2 28.1 27.8 27.9 27.9 28.2 28.7 29.7 30.7 30 28.6 26.7 26 26.1 26.3 26 27.2 28.2 28.9 27.9 27.6 27.3 27.8 28.8 27.8 27.7 28.1 30.4 27.4 24.9 24.1 24.6 23.6 22.4 22.3 21.5 21.3 21.7 21.7 21.3 21.3 21.1 21.4 21.5 21.6 21.7 22 22.8 22.7 22.4 23 22.5 23.6 23.4 23.1 23 21.9 23.3 26.1 27.9 29.2 30.4 31.3 32 32.7 33.4 33.3 32.6 32 31.6 30.7 29.8 29.5 30.6 31 31.4 32.9 34 34.7
23.8 24.2 24.7 25.6 26.3 26.7 27.2 27.9 28.7 28.2 27.9 27.6 28.1 28.3 28.6 29 29.7 28.3 26.6 26.1 25.9 26.5 26.2 26.9 27.8 27.9 27.6 26.9 26.8 27.3 28.6 29.3 30 30.4 32.4 28.5 25.1 24.2 23.6 23.3 22.7 22.1 21.7 21.3 21.6 23 22 21.8 21.7 21.5 22 22.4 21.3 21.3 21.4 21.9 21.8 22 21.9 23 23.1 23 22.9 21.7 22.9 23 25.8 27.2 28.6 30.1 31.2 31.9 32.6 33.1 32.4 31.8 31.6 30.9 29.2 29.2 30.2 30.7 31 31.4 34 34.5
24.6 23.9 24.2 24.5 25.7 26.4 26.9 27.6 28.6 29.7 28.9 28.4 28.2 28.2 28.5 28.7 28.8 27.7 27.3 26.9 26.6 26.2 26.2 26.7 26.8 27 26.7 26.9 26.9 27.2 28 29.6 30.6 31.8 33.6 29.5 25.6 24.2 23.4 23.3 23 23.3 22.2 21.9 21.8 21.5 21.7 21.1 21.3 21.5 21.7 22.1 23 22.2 22.6 21.4 21.4 21.7 21.9 22.6 22.9 22.8 22.9 23.1 22.8 22.7 23.3 25.5 27.5 29 30.4 31.2 32.1 32.8 31.9 31.7 31.6 31.1 29 28.8 29.8 30.7 31.1 31.8 33.9 33.9
20 22 25 24.2 24.3 25.2 24.4 24.8 25.8 27.8 28.3 27.7 27.2 27.7 27.9 27.6 27.7 28.2 28 27.3 26.1 26 26.4 26.7 27.5 27.3 26.8 27.3 27.6 27.5 27.8 28.7 30.6 32.2 32.9 29 26.2 24.4 23.5 23.3 25.5 25.7 23.4 22.5 22 21.6 21.9 21.4 21.4 21.5 21.6 21.8 21.8 22.1 23.2 21.7 21.7 21.7 22.1 22.7 22.5 22.6 22.9 22.1 22.8 22.6 22.8 26 27.8 28.4 29.5 30.5 31.5 32.3 31.5 31.7 31.4 30.7 29.2 29.6 30.6 31 31.4 31.8 33.2 33.9
24.3 24 20.4 25.1 24.3 24.2 24.2 23.9 23.9 25.4 25.4 26 27 27.2 26.9 27.8 28 28.4 28.2 27.8 26.9 25.7 26.9 27.4 27.9 28.6 28.8 28.9 29 29 28.3 28.6 29.3 32.1 32.1 29 26.6 24.6 23.9 23.8 26 26.2 24 23.4 22.5 22.1 21.9 21.9 21.4 21.5 21.6 21.9 22.2 22.7 23 23.2 21.7 21.7 21.7 22.2 22.4 22.5 22.7 23.7 22.8 22.5 22.8 25.3 27 28.4 28.6 29.5 30.2 30.7 31.5 31.4 30.9 30 28.5 29.8 30.8 31.3 31.6 31.5 32.4 32.9
24.6 23.7 23.7 20.8 25.5 24.4 24.3 24.1 23.9 24.2 24.4 24.8 25.7 25.8 26.3 26.4 27.4 27.8 27.5 27.3 26.9 26.5 27.2 27.6 29 30.7 31 30.7 30.6 31 30 29 29.4 31.5 31 28 25.7 24.9 24.4 24.2 25.3 25 24.7 25.1 24 23.2 22.5 22.3 21.7 21.6 22 22.3 23.5 26.1 25.2 23.2 23.2 21.6 21.9 21.1 22.3 22.3 22.3 23.2 22.6 22.4 22.3 24.3 26.8 28.1 28.1 28.9 30 31.1 31.3 30.9 29.9 28.1 29.4 30 30.3 31.1 31.2 31.1 31.3 32.5
24.6 24.1 23.6 24.4 22 24.6 24.4 24.2 24.2 24.8 20.6 21.1 21.3 23.8 25.2 25.7 26.3 26.9 27.1 26.9 27 26.9 25.5 26.7 29 31.7 33.2 32.1 32.5 32.5 32 31.3 30.8 31.5 30.4 28.6 28.1 28 25.8 25 25.2 25.5 25.6 27.2 25.8 24.4 23 22.2 21.9 22 23.2 25.4 27.8 28.3 24.8 23.8 22.7 21.5 21.8 22 22.4 22.1 22.3 21.5 22.6 22.3 22.4 23.4 26.1 27.8 28.6 29.2 29.8 30.2 29.8 28.8 27.1 29.2 30.6 31.1 30.9 30.6 30.9 31.2 31.3 32.3
