public/OST50/SE49.asc
ncols 200
nrows 200
xllcorner 440000
yllcorner 490000
cellsize 50
[rows 0 to 35 of 200, columns 0 to 79 of 200]
62.2 62.6 63.2 64.8 64.6 64.7 65.3 66.2 67.2 67.6 68.4 69.1 69.5 70.1 70.8 71.7 72.2 72 72.4 72.1 72.1 72.4 73 73.9 74.8 75.4 75.3 75.3 77.1 79.4 81 82.8 84.5 88.1 91.6 92.8 94.1 95 96 97.2 100.7 103.3 105.2 106.2 107.6 108.2 109.5 110 109.7 108.4 107.9 107.5 106.7 106.7 107.2 106.1 105.6 104.6 103.2 102.4 100.9 98.2 94.9 92.8 89.8 88.1 85.9 84.7 83.7 82.2 79.3 76.4 74.5 73.5 71.8 70.1 68.8 68.7 69 69.8
62.2 62.9 63.7 65.3 66 65.8 66.9 67.1 67.5 67.8 68.7 69.8 69.8 70.2 70.9 71.8 71.4 71.5 71.8 71.8 71.9 72.4 73.5 74.4 75.3 75.5 75.5 75.9 78.2 80.7 82.5 84.8 87.3 91.3 93.5 95.2 95 95.8 97.1 99.7 102.8 106.3 108.3 110.2 112.1 112.6 112.9 114.2 112.8 111.7 111 111.2 111 110.7 109.4 107.9 105.8 103.6 102 100.6 99.7 97.7 94.6 91.9 90.2 88.2 85.5 84.1 83.3 83.3 80.9 76.2 73.9 72.4 71.1 69.1 68 69.2 68.9 69.9
62.3 63.4 64.5 65.5 66.6 67.2 67 67.1 67.7 68.2 69.6 71 70.4 70.3 70.3 70.4 71 71.2 71.1 71.2 71.6 72.9 74.2 75.1 75.5 75.6 75.8 76.6 79.1 81.8 84.3 86.5 89.6 93.2 94.8 96.8 97.8 98.4 99.4 102.2 105.7 108.8 111.3 112.9 114.1 115.4 114.5 115.9 115.5 113.3 111.5 111.4 110.9 110.6 109.5 107.5 104.9 102.6 99.8 97.9 96.8 95.8 93.5 90.9 88.6 86.9 84.1 82.6 81.7 81.8 80 75.5 72.9 71.7 70 69 68.8 69.4 69.2 69.5
62.7 64 64.7 65.3 66.5 67.6 66.7 67.2 67.9 69 70.2 69.8 70.4 70.3 70.8 70.9 70.5 70.3 70.6 70.8 71.3 73.2 74.7 75 75.2 75.2 75.7 77.6 80 82.5 85.8 88.3 91.5 94.5 96 98.1 101.7 102.4 102.2 104.6 106.1 108.9 111.2 112.4 114.6 116.6 116.6 116.1 113.6 112.1 111.8 111.2 109.9 108.2 106.5 104.9 102.4 99.9 97.9 95.6 94.1 93.3 91.7 89 87.5 85 82.6 81.1 80.4 80.1 77.5 74.6 72.2 70.7 69 69.2 69.2 69.3 69.6 69.9
63 64.1 65 66 66.6 66.7 66.8 67.8 68.6 69.9 70.1 70.4 70.8 70.4 71.1 71.3 70.9 69.9 70.1 70.4 71 72.8 74.2 74.7 75 75.1 76 79 81.2 83.9 84.8 84 88.1 91.4 96 101.8 105 106.9 106.3 106.1 108.7 109.3 111.3 112.8 115.2 117.1 115.7 114.5 113.2 111.6 110.4 109.4 107.3 106.2 103.8 101.2 99.1 96.4 96 93.4 92.5 92 90.3 88.4 86.2 84.1 81.8 80.4 79.4 77.7 76 74 71.8 70.2 69.4 68.9 68.9 69.2 69.6 69.9
63.4 64.4 65.9 67.1 67 68.7 67.5 68.2 69.1 70.1 69.9 70.2 70.9 70.5 69.4 69.6 69.4 69.7 70.4 70.8 70.9 72.4 73.6 74.1 74.6 75 76.9 79.1 80.1 79.4 78.5 79.8 82.9 90 99.1 104.7 106.8 108.9 108.3 108.3 109.3 110.4 113 112.3 113.9 114.8 115.5 114.2 112.7 111.4 108.2 105.7 103.6 101.3 94.9 89.4 88.5 84.6 84.7 86.9 88.7 89.3 89.4 87.8 86.2 84.5 82 80 77.1 75.3 74.1 73.3 71.5 70 69.1 68.6 68.7 69 69.4 70
63.7 64.8 66.4 66.8 66.8 68 67.1 67.4 68.3 69.2 69.2 69.6 70.2 69.8 69.6 69 69.5 68.6 69.6 70.2 70.8 72 73.1 73.6 74 74.5 76.1 77.4 76.9 76.3 79.1 83.6 87.7 93.1 100.9 105.1 108.5 110.4 110.9 110.5 110.9 112.3 114.2 114.6 115.2 114.7 113.2 111.7 109.6 109.2 106.8 101.2 94.2 93.4 90.6 88.7 87.2 85.9 82.4 81.4 82.3 83.3 85.3 84.6 83.1 82.9 82.1 80.8 77.2 73.7 72.7 71.9 70.4 69.8 70.3 68.9 68.5 68.8 69.1 69.4
64.1 65 66 66.6 66.6 67.4 67.8 67.6 68.7 69.3 69.5 69.9 70.3 69.9 69.7 69.1 68.4 68.7 69 69.9 70.9 71.9 72.3 72.8 73.2 74.2 75.1 75.1 75.5 78.4 83.9 89.6 95.1 99 102.4 105.8 108.8 110.7 112.5 112.9 112.7 112.7 113.5 114.2 113.4 112.7 110.9 108.3 106.8 104.6 98.6 91.9 89.4 93 96.1 99 95.2 93.9 84.9 82.5 81.7 83.6 83.9 80.8 77.3 75.9 75.8 75.9 74.8 72.3 71.1 70.4 69.9 69.8 70.8 68.6 69.1 68.5 68.7 69.2
64.5 65.5 66 66.7 67.2 67.8 68 68.3 69.6 69.8 70 69.9 70.2 70 69.3 69 67.7 67.9 69.1 70 70.4 70.9 71.4 71.9 72.4 72.9 73 73.9 78.3 83.7 88.7 93.8 98.4 101.8 105.4 106.8 108.9 110.8 112 112.3 112.2 110.7 111.6 112.9 111.1 109.6 107.1 103.3 100.5 96.1 91.2 93.7 97.9 100.5 100.4 100.2 99.4 98.4 95.2 91.3 88.9 82.2 82.3 82.1 79.5 78.6 74.9 75.3 74.6 71.4 70.7 70 69.4 69 69.7 68.5 69 68.5 70 69.5
65 66.6 66.8 68 68.9 69.2 69.4 70.4 70.2 68.9 67.6 68.3 69.3 70.2 69.2 69.1 67.5 67.1 68.2 69.6 69.8 70 70.4 70.9 71.1 71.2 72.8 76.1 82.2 87.4 91.7 95.5 100.6 104 105.8 107.2 108.7 109.8 109.2 109.4 109.2 108.7 110.5 109.9 105.2 105.2 103 100.1 94.3 91.9 94.8 99.9 101.7 101.4 100.9 99.9 99.8 98.9 96.9 94.7 91.8 88.5 87.1 86.2 83.3 81.4 80.4 78 75.6 74.3 71.7 69.6 69.1 68.6 68.9 68.7 68.6 69 69.1 68.2
66.2 67 66.9 66.9 67.9 70.6 69.4 68.6 70.1 70.7 69 67.8 68.6 69.5 69.5 68.9 66.9 66.6 67.7 69.2 69 69.1 69.3 69.7 70.3 70.9 72.9 78.5 83.1 87.9 91.6 95.9 100.3 103.1 104.7 106.1 107.7 107.6 106.1 106.2 107.3 107.6 107.7 105.3 101.3 101.2 98.5 94.7 92.2 96.4 100.1 101.5 102.7 102.4 101.9 101.2 100.3 98.6 96 94.1 91.8 88.8 85.8 84.4 82.5 81.4 78.9 78.3 75.7 74 71.9 70.1 69.3 68.8 69.2 68.8 68.5 68.5 68.2 68.2
66.8 65.2 68.1 71.4 73.2 75.1 75.2 73.6 73.4 71.4 68 64.6 64.2 66.5 67.7 67.8 66.5 66.3 67.3 68.3 68.4 68 68.3 69.5 70.2 71.2 73 79 82.6 86.7 91 94.7 97.3 100.1 101.7 103.2 104.7 104.8 102.9 102.9 104.5 104.3 103.1 100.5 98.1 96 95.1 93.1 95.3 98.2 100.3 102.1 103.4 103.5 102.7 101.9 100.2 98.8 97.1 95 92.6 90.2 87.7 85.5 83.9 82.6 80.2 78.1 76.3 74.8 73.2 70.9 69.8 69.3 69.2 68.8 68.6 68.6 68.2 68.5
71.5 73 75.1 76.1 77.6 78.3 77.7 75.9 73.6 69.2 64.7 62.4 62.8 63.6 64.1 65.9 65.7 65.8 66.8 67.5 67.9 67.7 68.5 69 69.9 70.8 72.7 76.8 80.2 83.6 87.6 91.4 94.3 96.5 98.1 99.8 101.7 101.7 99.7 100 101.6 101.5 99.1 96.6 94.7 95 94.1 94.8 96.9 99.1 100.8 102.2 103.2 103.6 103.1 102.5 100.5 99.2 97.5 95.9 93.7 91.6 89 86.6 85.2 83.7 82.2 80.8 79.9 76.3 74 72.7 70.7 69.5 69.1 68.8 68.7 68.6 68.4 68.2
76 76.9 78.4 79.2 79.6 79.4 77.3 74.8 70 64.3 62.4 62.7 62.7 63.1 63.5 63.8 65.4 65.8 66.1 66.7 67.2 69 69.8 69.9 70.7 69.9 73.3 76.3 77.6 80.1 84.8 89.6 91.7 93.6 96 98.2 98.9 97.8 97.6 97.6 98.1 98.4 96.9 94.1 92.7 92.9 93.7 95.8 97.9 99.8 101.4 102.7 103 103.7 103.3 102.5 101.1 99.5 97.7 95.8 93.7 92.3 90.2 88 86.5 84.4 82.7 81.6 80.4 79.1 78.2 76.3 71.9 70.3 69.3 68.9 68.8 68.8 68.6 68.9
77.4 78.3 77.8 78.1 78.4 77.2 74.4 69 64.2 61.3 62.2 62.4 63.1 63.6 63.9 64.4 65.3 65.6 66.3 66.4 68.6 70.6 71.5 71.2 72.1 72.3 73.1 79.4 80.1 80.6 83.7 87.4 89.2 90.6 92.7 95 94.9 94.9 94.9 95.2 94.8 94.3 94.2 93.1 91.7 92.2 93.9 95.5 97.8 100.2 102.2 103.3 103.2 103.2 103.1 102.4 101.1 99.2 97.3 95.6 94.4 93.1 90.7 88.5 86.8 85.3 84 83.2 83.2 82.9 80.4 77.3 72.9 70.7 69.3 69.1 68.8 68.9 68.9 69.5
76.1 76.4 77.1 77 75.8 73.5 69.8 64.2 61.4 61.4 61.9 62.6 62.7 63 63.7 64.1 64.8 65.6 67.5 67.3 68.3 70.9 73.4 74.7 76.1 75.5 74.9 74.4 75.8 82.5 83.9 85.3 86.7 88.8 90.6 92.5 92.8 93 93 93.3 92.8 92.3 92.2 91.5 91.4 91.8 93.3 95.8 98.3 100.7 102.9 103.4 103.4 103.1 102.9 101.8 100.5 99.1 97.5 96.2 95.1 92.8 90.4 88.8 87.9 87 85.9 84.7 84.6 84.4 81.6 78.4 73.5 70.8 69.4 69 69.1 69.1 68.9 69
73.5 73.7 74.7 74.2 72.8 69.3 65 61.3 61.2 62.6 62.3 61.8 62.4 62.8 63.4 63.8 64.7 65.7 66.5 67.6 70.5 73.8 76 77.4 78.6 79.3 79.6 80.4 79.5 80.2 84.2 85.4 87.1 88.2 89.7 91.7 91.9 91.7 91.3 91 90.2 90.8 90.9 91.5 90.8 91.9 93.7 96 99 101 102 102.5 102.8 102.5 102.3 101.3 99.7 98.6 97.7 96.7 94.7 92.4 90.9 89.9 89.1 88.7 87.6 86.5 86.1 84.9 82.2 79 75.1 72 70.4 69.8 69.4 69.2 69.3 69.4
69.6 70.9 72.1 72.3 70.8 67.1 62.6 60.5 60.2 61.1 62.2 61.9 62.1 62.6 63.3 64.4 65.1 65.8 67.4 68.4 72.3 75.4 77 79.5 80.8 81.9 82.7 82.6 81.8 81.7 81.6 85.5 88.3 88.4 89.8 90.9 90.6 90.4 90 89.6 88.9 90.3 92.1 92.5 91.4 92 93.9 96 98.4 99.5 100.5 101.8 102.2 101.9 101.7 101.7 100.7 98.3 96.7 95.9 94.3 93.1 91.8 91.4 90.6 90.2 89.3 88.3 87.2 85.2 82.7 79.4 76.5 75.2 73.1 69.9 69.2 69.4 69.4 69.4
64.9 67 69.6 69.7 68.3 65.2 62.2 60.6 60.1 61.1 62 61.4 62.1 63 64 65.1 65.7 66.6 68 70.7 73.9 76.4 79.1 81.7 83.5 84.5 85.3 84.8 83.8 83.1 85.4 85 83.8 83.2 85.3 86.5 86.6 88.4 88.4 88.1 89.6 92 93.2 92.5 91.6 91.6 93.5 95.8 97.6 98.6 99.6 100.8 101.7 102.3 102.7 102.3 101.7 99.3 97.2 96.3 95 94 93 92.1 90.9 90.3 89.8 88.9 87.2 85.2 82.8 80.5 77.8 76.3 73.9 70.8 69.3 69.4 69.6 69.6
64.1 66 67.2 67.4 66.8 64.4 62 60.6 60 59.8 60.8 61.1 61.5 62.5 64.2 65.5 66.3 68 69.9 73.1 75 77.9 81.2 83.8 86 87.3 87.7 87.1 86.3 86.2 88.2 89 89.2 88.2 88.3 89.7 87.9 86.7 87.3 88.2 90.6 92.8 93.5 92.9 92.4 92.3 93.5 95.4 97.6 98.5 99.7 100.4 101.4 102.3 103 102 101.6 101 98.8 96.9 95.2 94.2 93 92.4 91.8 90.7 90.3 88.6 86.8 85 82.6 80.8 78.7 75.7 72.3 70.6 69.8 69.7 69.7 69.8
64.3 64.4 65.2 65 64.1 63.9 62.3 60.5 60.5 60 60.3 60.7 61 62.7 64.4 65.6 68.1 70.1 73.1 75 76.6 80.1 83.4 86.4 89 90.1 90.6 89.8 89.1 87.9 88.9 90 91.1 91.6 92 92.1 92.3 90.6 90.4 90.7 92.1 93.7 94.8 93.4 93.4 93.2 93.7 95.5 97.2 98.9 100.9 101.4 101 102 102.8 102.3 101.5 101.1 99.3 97.5 95.7 94.2 93.4 93.1 92.9 91.7 90.6 88.7 86.3 84.5 82.4 80.4 78.6 76.6 73.4 71.4 70.3 70 69.7 69.5
64.1 63.4 62.9 62.9 63 62.8 61.8 60.5 60.3 59.9 60 60.4 61.6 63.2 64.5 65.9 68.9 71.7 74.2 77.4 79.7 82.1 84.9 87.3 90.8 92.2 92.9 92.5 91.8 90.2 87.4 90.2 92.1 93.5 93.6 93.7 94.2 94.3 93.8 94.5 94 94.6 94.3 94 94 94.1 94.4 95.7 97.7 99.8 101.8 102.3 102 101.7 101.5 101.7 101.8 101.4 98.5 97 95.2 93.7 93.5 93.2 93 91.9 90.6 89 86.6 84.3 82.1 79.8 78.1 76.6 74.6 72.1 70.7 70.2 70 70
62 61.9 61.8 61.8 61.9 61.6 61.3 60.5 60.1 59.1 59.9 60.6 61.9 63.2 64.2 66.5 69.7 71.8 73.9 77.7 80.4 83 85.5 88.6 92.6 94 94.6 95.1 94.7 93 90.9 91.2 93.4 94.4 95 95.4 95.8 96.3 97.8 97 95.2 94.6 94.5 94.5 94.5 95.1 96.2 97.7 98.9 100.9 102.7 103.2 102.7 102.1 100.2 99.6 100.8 101 97.7 95.9 94.3 93.6 93.6 93.3 92.7 91.4 90.3 89.1 87.1 84.9 82.3 79.4 77.9 76.8 75.4 72.9 71.6 70.5 70.5 70
61.3 61.4 60.9 60.7 60.7 60.4 60.1 59.8 59.6 58.6 60 60.7 62 63.3 64.5 66.8 68.6 70.9 73.4 76.4 81 83.5 86.1 88.8 92.7 95 96.3 97.1 96.8 95.5 94.3 93.3 93.5 94.4 96.5 96.9 97.6 99.1 98.7 96.8 95.3 95.1 94.8 95 95.8 96.9 98.3 100.7 101.1 102.2 104 103.6 103 102.1 100.2 98.3 99 100 97.4 95.3 93.5 93 92.7 92.6 91.8 90.8 89.8 89.2 87.5 85.5 83 80.1 78.5 77.1 76 73.7 71.9 70.6 72.3 72.3
60.9 61.2 60.6 60.1 59.3 59.2 59.9 59.6 59.6 59.8 60.4 61 62.3 63.6 65.1 66.8 68.8 71 73.1 75.7 80.5 84.1 86.9 89.4 92.6 95.4 97.1 98 97.8 97.2 96.8 95.6 94.8 95 96.2 97.5 98.9 100 97.9 96.7 96.1 95.8 95.5 96.4 97.5 98.5 100.6 102.4 103.3 103.9 104.5 104 102.8 101.7 99.9 98.1 96.9 98.7 97.2 94.9 93.7 91.6 91.6 91.3 90.1 89.6 88.8 88.1 87.8 85.3 83.4 80.8 79.2 77.8 76.3 74.6 72.1 71 72.6 73.1
60.1 60.4 60 58.7 58.6 59.3 59.9 59.5 59.5 59.5 60.3 61.2 63 64.5 65.9 67.4 69.3 70.7 72.4 74.8 79.4 84 87.6 89.5 93.2 96.6 98 99 99.1 100 99.5 98.4 96.9 95.4 96.4 97.8 99.3 99.4 98.2 98.7 98.4 97.9 97.3 97.8 99 100.2 102.2 104.1 105 105.3 105 103.1 102 100.9 99.2 97.8 96.9 97.4 97.6 95.2 93.8 91.6 89.9 90.9 88.7 87.8 87.5 87.1 86.8 85.5 83 81.5 79.8 78.1 76.4 75.5 74.1 71.7 72.8 73.4
59.6 58.9 58.3 58.1 58.8 59.8 59.6 59.1 59.3 59.5 60 61 62 64 65.9 67.3 68.4 70.3 71.7 74 77.4 82 86.1 90.3 94.1 96.5 99 100.1 101.5 102.8 102.1 101.1 99.4 97.4 96.7 98 99 98.9 99.3 100.5 101.1 100.4 99.7 99.8 100.9 102 103.1 104.6 106 106 104.4 102.3 101.2 100.2 99.1 97.8 96.5 96.2 96 94.4 93.1 92.8 91.4 91.8 89.4 87.2 85.3 86.6 86.4 85.4 83.7 81.1 79.4 77.7 76 75.5 74.2 72.6 73.8 74.1
58.2 57.4 57.5 57.9 59.4 59.9 59.5 59 58.7 59.7 59.7 60.8 61.9 62.9 64.8 66.3 67.7 70 71.6 73.6 76.3 81.2 86.3 90.8 94 96.6 99.1 102.5 104.1 105.4 104.3 103.3 102 100.2 98.3 97.8 98.1 98.8 100 101.1 101.6 102 102.2 102.6 103.8 104.7 104.7 104.9 106.4 106.4 104 101.9 101.2 100.5 99.2 97.9 96.4 96.1 95.3 95.7 94.7 94 92.8 92.4 90.1 87.8 86.8 85.8 84.1 81.9 81.2 80.3 79.5 77.6 75.8 74.7 73.3 72.7 74.2 74.7
58 56.9 57.7 58.1 59.3 60 59.6 59.6 58.5 59.2 59.3 60 61.1 62.4 64.4 66.2 68.3 70.2 71.3 72.2 74.2 77.6 85.7 90.8 93.7 96.5 99.4 103.6 106.7 106.9 105.1 103.4 102.2 100.5 99.3 99 98.8 98.9 100.7 101.7 102.3 102.8 103.4 104.7 106.4 106.7 106.5 106.7 106.8 106.3 104.6 102.1 101.2 100.6 99.5 97.9 96.2 95.6 95.2 95.4 95.1 94.8 93.7 92.2 90.4 88.6 86.3 84.7 83.6 83.4 82.2 79.2 77.1 76.6 75.3 74.8 74.8 74.6 74.4 75.1
58.1 56.8 57.7 58.7 59.8 60.2 59.5 59.5 58.4 58.5 58.8 59.5 60.7 62.5 64.4 66.1 68 68.8 69.6 70.1 71.7 76.6 84.5 89.4 92.7 96.1 99.5 104.4 108.3 107.2 105.9 104.1 102.6 100.9 99.8 99.6 99.3 99.8 101.5 102.9 103.5 104.3 105 105.9 107.3 108.3 108.4 108.5 108.4 107 104.5 102.3 101.1 99.3 98.3 96.9 96.3 96.3 95.7 95.1 95.5 95.5 94 92.4 90.5 88.1 86.3 86.9 85.2 82 79.8 78.3 77.2 77 76 76.1 75.4 74.4 75 75.5
57.2 57.5 57.7 59.4 60.2 60.7 60.5 59.4 58.1 58.4 59.5 60.1 61.4 62.7 63.6 65 67 67.6 67.9 68.5 70.5 74.5 80.4 86 90.5 93.9 99.2 105.4 108.7 107.7 107.3 106.3 104.9 102.8 101.3 100.4 100.1 100.4 102.1 104.3 106 106.4 107.2 107.9 107.6 108.5 109.3 110 109 107.7 104.9 102.4 100.8 98.7 97.1 96.8 96.5 97 96.1 95.8 95.9 94.8 93.5 92.1 90.5 88.1 88.3 87.4 86.3 84.4 82.5 80.4 78.9 77.6 77 76.3 75.6 74.9 75.5 75.7
56.3 57.3 57.9 59.2 60 60.4 60.1 59.9 58 59.5 60.5 60.2 60.9 62.2 63.6 63.4 65.7 66.4 66.5 67.1 68.9 72 77.6 81.9 86.9 92.4 98.6 104.7 108.8 109.2 109.3 108.5 107.3 105.3 103.4 102 101 101 102.5 105.2 107.7 109.6 110.2 109.5 108.7 109 109.8 110.4 109.1 107.9 105.5 103.3 101.2 99.2 97.3 96.6 97.3 97.2 97.3 97.8 97 94.8 93.1 91.9 90.7 88.4 88.8 88.8 87.8 86.1 83.7 81.6 79.3 77.6 76.8 76.3 75.9 75.2 75.6 76.3
56.5 56.9 57.4 58.3 58.5 59 58.6 58.5 57.4 59.1 59.5 60.4 61.1 62.3 63.4 62.7 64.9 65.6 65.6 66.2 68 71.6 75.7 79.9 84.3 90 96.2 102.8 107.7 109.7 110.3 110.9 110 108.1 105.8 103.9 102.7 102.1 103.4 106.1 108.5 110.7 111.5 111.2 110.5 110.6 110.7 110.8 109.5 108.1 106.4 104.1 101.9 101 100.1 98.5 97.1 97.1 97.2 96.6 96.2 95.5 94.2 92.4 90.7 91 90.3 89.9 88.6 86.9 84.6 81.9 78.7 77.1 76.6 76.1 75.8 75.7 76.2 76.3
58.3 57.9 57.4 57.1 57.1 57.4 57.3 57.3 56.9 58 59.1 60.8 61.9 62.3 62.2 62.8 63.8 64.7 65.2 66.2 70.1 73.5 75.9 79 82.8 87.4 92.6 99.1 105.7 109.6 110.9 112.7 112.7 110.9 108.6 106.5 104.6 104 104.3 106.7 109.1 111.3 112.2 112.1 111.3 111.1 111.2 111.5 110.2 108.7 106.5 104.6 102.8 102 101.4 98.7 96.8 96.7 97.8 96.6 95.1 94.6 94.6 93.2 91.8 92.3 92.4 90.7 89.2 87.8 85.1 81.7 78.3 77.1 77 77 76.8 77 77.2 77.5
58.5 57.6 57.4 57.1 56.7 56.4 57 56.2 57.2 57.7 59.3 60.7 61.2 61.5 61.2 61.8 63.6 64.3 64.9 65.5 67.8 69.8 73.6 77.9 82.8 86.4 91.3 98.2 105.2 109.1 111.5 113.3 114.7 113.8 112 109.2 106.9 105.9 105.8 107.6 109.7 111.4 112.6 112.8 112 111.4 111.5 111.6 110.8 108.5 106.4 104.6 102.9 102 100.1 98.1 97.2 97 98.1 97 95.1 94.1 93.4 93 92.3 92.8 94.4 92.7 89.6 87.9 85.3 82.3 79 78.3 78.1 77.4 77.3 77.4 77.9 78.3
58.1 57.3 57.7 56.3 55.8 55.8 57 57.1 56.8 57.2 57.9 59.6 60.7 60.7 61.3 62.2 63.1 64 64.6 65.2 66.3 68.6 72.7 77.8 82.8 87.1 91.4 96.5 105.2 109 111.6 113.6 115.4 116.7 116.1 112.5 110 108.8 108.6 108.4 110.3 112.1 112.7 113.2 112.6 111.9 111.9 111.7 111.1 109.1 107.2 105.5 103.5 101.5 100.8 99 98.1 97.7 98.9 99 98.1 96.1 94.5 93.5 92.5 93 93.9 93.6 90.5 87.5 85.2 82.4 80.2 79 79 77.8 77.5 78.8 80.2 79.3
