public/OST50/SE49.asc
ncols 200
nrows 200
xllcorner 440000
yllcorner 490000
cellsize 50
[rows 72 to 107 of 200, columns 80 to 159 of 200]
102.3 103.4 102.6 103 103.3 103.6 104.7 111.7 120.8 124.8 125.8 126.6 126 119.6 114.3 111.8 112.1 113.1 113.5 113.9 114.4 115 115.7 116.2 116.8 117.2 117.9 119.8 121.7 124.8 127.3 133 139.7 145.1 145.9 143.9 146.4 153.9 159.4 159.1 168.1 169.2 169.6 169.9 173 176.3 175.7 168.8 160.9 163.2 161.5 159.7 156.1 151 150.2 150.2 154.7 165.6 179.1 191.3 201.1 209.2 216.5 222.1 229.8 235.8 241.4 245.4 247.1 248.9 245.5 242.6 240.9 239.1 233.9 245.9 254.9 257.6 261.1 263.4
102.7 103.2 102.3 103.2 103.7 103.1 104.4 107.6 113.5 118.6 123.2 126 123.2 118.2 113.7 112.2 112.2 113 113.4 113.7 114.3 114.6 115.2 115.2 115.8 116.2 117.3 119.8 122.5 126.1 130.5 135.5 139.5 144 144.8 144.3 149.8 159.6 165.3 163.5 165.9 171.6 173 176.7 181.5 184.8 180.6 174.2 167.9 175.3 177.6 174.8 167.5 160.4 155.4 151.1 152.5 161.3 168.4 179.4 191.8 200.2 208.9 212.8 217.2 222.9 226.6 228.9 228.6 228.1 228.9 226.3 226.4 219.7 244.1 253.9 257.3 259.4 262.3 264.9
102.3 101.8 101.3 102.1 102.3 103.5 103.9 105.4 108.1 111.9 117.9 119.8 116.8 114.1 111.4 111.5 111.5 112.2 112.9 113.1 113.2 114 114.8 115.1 115.6 116.1 117.1 120.5 124.8 130.5 135.1 138.1 143.6 145.6 144.6 147.9 159.7 163.5 165.5 170.9 176.3 177.8 180.8 184.6 189.4 195.1 195.5 193.9 192.5 194.1 194.5 188.1 178.6 171.8 164.8 158.3 152 157.9 165.2 171.5 180.7 190.5 196.5 200.1 201.6 207.7 211 213.4 215.8 217 216.5 215.6 208.3 225.6 246.3 254.4 257.7 260 262 264.5
102.7 100.4 101.8 101.8 102.4 103.6 106.6 105.1 106.3 108 112.5 113.1 112 110.3 110 110.5 110.9 111.5 112.3 112.8 113 113.6 114.4 115 115.7 116.5 118 122.1 128.3 135.7 140.5 142.2 146 146.4 144.3 151 160.9 164 166.1 172.9 179.5 183.8 188 189.3 198.1 205.5 212.3 216 216.7 214.7 210.3 201.1 190.9 181.1 172.8 166.4 161.6 154.8 163 167.2 172.3 177.2 183.6 187.5 186.4 196.1 200.1 204.2 206.5 207.3 206.5 202.2 214.7 225.6 243 252.9 256.7 259.7 261.4 263.5
102.2 102.1 106.6 104.6 104 105.4 109.8 105.9 105.6 106.1 107.6 108.4 109 109.2 109.4 109.7 110.4 111.3 112.1 112.8 112.7 114.4 114.7 115.1 116.1 117.7 119.5 123.2 130.1 137.4 141.8 144.5 146.5 147.2 146.3 152.8 160.1 162.4 167.4 175 183.1 187.2 188 194.1 207.7 217.1 225.9 231.5 234.2 232.7 224.7 216.5 207.6 197.9 187.9 179.6 173.7 165.3 160.9 162.9 164 167.5 168.5 171.8 185.9 185.9 188.2 194.1 196.4 199.8 196 208.1 219.1 236.3 248.2 253.7 256.7 260.1 262.8 264.8
103.4 108.4 106.5 106.2 105.6 107.2 107.6 106.2 106 106.3 107.2 107 107.9 108.6 109.2 110.3 112.2 112.9 114 113.7 113.4 115.2 115.6 115.7 116.7 117.5 118.6 123.2 129.6 136.7 141.5 144.9 147 145.9 147.6 154.4 160.2 163.6 168.5 178.7 188.1 189.2 194.5 205.4 218.3 229.7 238.7 244.4 249.3 247.7 237.2 229.1 220.8 212 205.2 198 189.5 177.3 172.4 170.8 172 170.5 173.6 178.1 185.9 185.9 185.9 185.9 184.4 191.3 201.9 212.4 221.9 242.4 249.7 254.1 257.2 260 263.2 266.3
103.7 106.5 104.7 104.4 106.7 110 107.3 106.4 106.4 106.9 107.3 108.3 109.1 109.7 110 112.4 113.4 113.8 115.1 115.3 114.9 116.4 116.5 116.2 116.2 118.7 119.9 122.9 127.4 133.9 138.8 142.5 145.2 143.6 148.9 153.2 158.6 164.1 171.3 180.3 189.7 190 199.2 212.7 226.7 239.2 248.6 253.3 253.7 249.8 245.6 238.4 231.8 223.7 218.9 213.4 205.7 196.4 193.9 189.6 187.5 188.6 192.5 192.1 194.4 191.8 192.8 194.6 192.6 189.5 203.6 215.3 226.4 243.8 250 253.4 257.1 260 263.1 266.5
101.9 104 102.8 104.8 108.6 108.3 106.7 106.5 107.3 107.1 107.9 108.7 109.9 110.5 110.7 113.2 113.3 113.2 113.7 115.4 115 116.7 116.1 116.7 117.9 121.2 123.7 122.5 125.3 129.9 134.6 138.5 140.3 140.3 146.2 152.5 158.3 165.5 176 183.6 190.1 191.4 205.4 220.2 233.9 246 256.5 261 259.3 252.3 248.7 244.8 239.8 232.8 231 226.3 218.4 211 208.9 205.7 202.6 202.9 203 204.7 206.7 206.9 210.1 210 206.6 201.1 201.5 211.9 223.8 241.2 248.9 252.8 256.9 260 263.2 266.1
104.8 104.2 103.1 104.6 106.8 104.6 105.8 106.2 106.8 107.5 108 109.1 110.4 111.3 111.5 112.6 113.8 113.7 113.8 115.8 115.9 116.8 117.9 118.6 121.1 121.1 122.3 123.6 125.8 128.3 130.9 133.3 134.7 137 141.4 148.7 156.2 164.8 177.6 187.7 191 193 206.5 224 238.4 249.3 258.6 263.4 261.4 255.1 250.3 247.2 243 238.8 237.2 232.1 226.2 222.6 220.1 217.8 215.6 216.7 218 219.1 222 220.3 225.3 225.9 218.9 211.9 198.8 210.1 222.7 237.1 246.8 252.9 256.6 259.5 262.9 265.6
107 106.9 106.6 105.3 104.4 104.9 105.6 106.2 106.9 107.5 108.5 108.7 110.1 112.7 113.7 114.4 115.1 114.7 114.3 114.9 116.4 116.7 117.7 117.7 119.4 121.3 121.2 124.2 125.5 128.4 130.6 134.8 139.5 139.4 140.5 148.9 159 165.5 175.9 185.5 189.8 194.2 204.9 225 240.6 251.2 260.1 264.5 262.9 259.4 255.5 249.3 247 243.9 242.1 237.5 230.2 231.7 233.5 233 230.9 231.6 232.6 233.6 233.9 232.6 236.1 238.9 233.3 224 219.4 203.5 219.4 230.2 243.5 251.4 255.9 259.4 262.3 265.9
108.4 108.8 108.4 106.1 104.3 104.9 105.8 107.1 107.9 108.2 109.8 109.8 111.1 113.3 114.9 114.9 114.6 115.7 114.9 115.1 116.5 117.2 116.9 117.7 118.4 120.5 121.3 123.7 125.6 127.5 131.1 137.4 142.8 142.1 142.1 153.1 162.8 171.4 179.4 184.6 188.4 194.2 206.8 223.7 240.6 252.2 262.2 267.2 265.9 262.7 258.7 254.3 251.2 250.5 248.7 243 237.3 238.9 239.3 239.5 240.8 242.2 242.1 242.1 241.4 242 244.2 246.4 243.1 235.6 228.5 221.5 212.8 224.5 236.2 245.3 254.1 258.1 262.3 265
109.6 108.5 107.2 105.7 104.8 105.5 106.8 108.3 109.1 109.9 111.1 111.7 111.5 112.4 113.4 113.2 113.1 114.6 114.4 115.3 115.9 117 117.3 118.2 118.6 119.1 120.3 122.6 126 128.9 131.5 135 141.2 144.3 145 154.2 160.9 169.8 176.7 181.6 188.1 196 207.4 222.1 241.3 252.4 263.2 268.4 269 264.8 260.5 258.4 257.1 255.3 254 248.9 242.6 244.8 245.6 246.8 247.9 249.9 251.6 252.2 251.2 250.6 251.6 254.1 253.9 244.6 239.7 234.4 231 227.6 223.6 236.1 247.9 257.3 261.1 264.3
110.4 108.9 107 105.4 105.7 106.4 107.1 108.7 110.3 111.1 112 112.8 112.6 112.9 113.9 113.5 113.6 113.7 114.4 117 118.5 118.5 117.9 118.5 118.6 119.5 121.2 124.2 128.8 134 135.8 136.7 140.5 145.8 147.9 150.9 155.3 162.4 169.4 176.8 187.4 195.6 209.6 226.1 242.4 252.9 260.4 266.6 268.1 267.4 265 264 265.2 262.5 259.1 253.4 249.8 251 250.1 251.7 254.2 257.6 259 260.6 258.9 258.7 258.6 260.5 258.1 250 246.7 245.3 244.3 242.4 242 239 241.5 251.3 260.8 264.2
109.7 108.5 107.7 106.4 105.1 106.3 107.9 109.7 111.2 111.9 112.5 113.3 112.9 113.7 114 114 114.3 114.4 115.4 118.8 120.1 120.6 119.4 118.6 119.3 121.3 123.3 126.5 132 138.7 141.8 141.5 144.9 148.8 150.6 155 161 166.1 174.3 179.5 186.4 197.1 211.7 229.4 245.6 253.2 257.7 263.1 267.6 268.5 268.8 271 271.8 267.5 263.3 259.5 256.3 258.8 258.9 258.4 262.8 265 266.7 267.8 265.8 265.5 264.2 263.8 261.8 256.7 254.5 252.6 253 251.1 250.8 249.8 246.3 250.2 260 265.3
109.8 108.8 108.2 107.3 106.1 107.1 109.7 111.1 111.6 112.2 112.9 113.6 114.1 114.2 114.7 114.4 115 115.2 116.5 120.4 123.2 123.4 122.4 119.9 121.1 122.1 123.9 127.9 134.7 141.9 145.4 146.1 148.5 152.1 154.7 158.6 165.3 170.6 178.4 187.6 193.7 201.1 221 238.7 246.6 250.8 255.7 262 269.3 271.5 271.5 273.5 276.9 272.8 268.2 265.7 265.1 266.8 266.5 267.6 269.3 271.8 273 272.6 270.2 268.4 267.6 266.8 264.8 262.4 261.3 258.9 261.1 259.6 258.8 258.8 257.2 255.9 263.3 266.3
109.9 109.2 108.5 107.7 106.8 108 111.5 112.9 113.1 113.8 115.9 116.4 116.6 116.4 116.5 118.3 117.8 117.3 119.5 123.1 125.2 127.9 130.4 126.4 125.4 122.6 123.9 127.8 133.6 139.9 144.9 147.4 149.4 151.3 155.6 160.3 166.8 172.8 179.6 189.5 195.6 204.1 222.6 243.5 250.8 253.8 256.7 261.5 266.6 271.2 274.2 275.3 278.2 277.8 275.3 272.3 272.3 272.9 273.7 275 276.6 278.5 280.3 279 274.5 272.1 271 268.6 267.4 266.3 265.1 264.5 264.8 263.9 264 263.7 263 263.3 265.9 268.4
108.9 109.1 108.9 108.7 108.4 108.1 112.8 114.3 115.8 116.8 118.2 118 119.7 120.9 120.2 120.4 119.8 119 120.7 123.9 127.4 133.1 135.6 131.3 130.9 124.4 124.6 127.7 131 136.4 142.6 147.8 149 152.8 159.6 161.8 167.9 173.7 180.6 190.5 196 208.3 227.4 243.5 254.4 260.6 262.2 263.2 266.9 272.4 275.6 277.8 279.3 279.7 279.5 278.2 277.7 277.9 278.1 279.4 280.2 281.2 282.4 282.4 280.2 275.8 274.1 271 269.3 268.2 267.7 267.3 268.2 267.9 267.3 267.1 267.5 268.4 269.6 271
108.6 108.2 108.4 109.2 109.6 108.6 112.9 116.5 117.3 117.8 119.1 119.2 121.5 124.1 123.1 122 121.4 120.7 122.5 126.6 129.6 133.5 132.9 130 127.2 125.5 125.8 127.7 130 133.7 138.6 144.5 146.8 152.7 159.4 163.5 168.1 174.1 181.3 189.9 198.5 214.2 234.7 249.3 259.7 266.2 267.8 267 270.3 276.4 279.8 282.3 282.7 282.3 281.9 280.9 280.9 281.4 281.8 282 282.2 283.2 283.4 283.3 282.3 279.8 276.7 273.4 272.1 271 270.6 270.9 271.5 271.6 271.3 271.5 272.2 272.8 273.5 274.3
109 107.5 108.7 109.8 110.6 109.9 112.2 115.8 117.4 118.6 119.9 120.5 121.6 123.9 124.8 124.9 123.5 122.6 124 128.7 130.6 132.4 131.9 130.8 128.4 126.3 127.4 129.1 130.6 132.9 138.5 143.6 146.8 150.5 155.8 160.8 167 173.2 180.8 190.2 203.6 223.8 241.2 254.9 264.4 270.9 274.6 273.7 276.6 280.6 288.9 290 287.6 284.9 284.3 283.5 284.8 286.6 288.9 288.7 287.2 286.1 285.9 285.4 283.5 282 279.1 276.5 275.3 274 273.8 273.6 273.9 274.3 274 274.8 275.5 275.9 276.9 278
110 108.4 108.9 109.9 110.8 110.7 111.3 114.9 116.9 119.6 120.5 120.5 122.5 124.8 125.6 126.3 126 125.3 126.2 128.4 131.1 134.3 134.9 132.6 130.6 128.5 130.1 132.6 134.4 136.8 139.2 143 147.3 148.9 153.9 159.4 164.8 174 183.2 190.7 208.9 228.5 246.3 259.3 267.5 274.9 281.3 281.9 281 287.9 291 292.2 291.6 290.3 290.2 290.5 291.3 292.5 292.8 292.8 292.5 291 290.9 289.4 287.1 284.2 281.2 280.6 279 277.8 277.1 276.4 276.2 276.7 276.7 277.8 279 279.9 280.5 281.2
110 109.2 108.2 110.1 110.9 111.6 111.6 112.5 114.6 116.8 117.8 118.6 120.1 123.4 125.9 127.3 126.3 126.8 128.3 130 132.3 135.7 136.2 135.2 132 131.3 134.3 139.4 141.4 144 147 142.6 145.7 148.9 154.8 159.2 166.4 175.3 183.5 190.5 210.4 232.1 250.1 262.4 270.1 277.6 285.6 290.7 287.5 290.9 291.8 293 293.6 294 294.3 294 294.2 294.8 294.8 294.7 294.6 294.5 293.9 292.8 290.6 286.7 284.9 283.2 281.2 279.7 279.2 279.1 280 278.8 280.7 281.1 282.2 282.6 284.1 284.8
108.5 108.1 108.1 109.8 111.6 113.4 113.3 114.1 114.6 114.7 115.8 116.7 118.4 121.5 126.6 127.9 127.5 127.8 129.4 131.4 134.6 137.8 138.6 136.6 133.9 134.7 139.8 146.2 149.9 150.8 152.1 150.3 146.7 150 155.8 160.5 170.5 179.1 186.1 194.1 214.2 234.5 251.6 264.5 273.2 280.5 286.9 292.8 291.9 292.3 292.9 294 295 295.4 295.7 295.9 296.2 296.3 296.4 296.6 296.5 296.2 295.8 294.3 292.1 289.8 288.5 286.3 285 282.5 282 282 282.9 282 282 284.6 284.9 286.4 287.3 288.4
108 107.6 108.2 109.9 112.5 113.7 114.5 115.6 116.2 116.2 117.2 117.8 120.7 121.3 123 125.7 128.6 128.9 130.2 133.8 138.2 139.9 140.2 138.3 136.4 139.4 144.5 150 153.9 155.9 154.3 149.4 152.9 153.3 157.6 167.8 179.7 188.6 194.4 202.7 218.3 234.4 251.9 265.3 275.9 281.4 287.7 292.7 292.5 293.1 294.5 294.8 295.6 296.7 297 296.9 296.9 297.7 297.9 297.9 297.4 297.6 297.1 296.3 294.2 291.9 290.7 288.8 287.1 285.3 284 284.4 285.8 284.9 286.3 287.8 288.8 290.6 292.4 293.7
107.1 107.5 108.6 110.5 114.1 115 118.1 122.5 118.8 117.7 118.2 119.8 122.1 124.2 124.6 126.3 128.8 130.6 134.3 138.8 142.7 143.4 141.6 139.9 138.6 144.4 148.5 152.1 156.3 154.9 152.6 153.5 157.1 156.8 163.6 176.8 188 197.2 203.9 211 217.1 231.2 250.9 265.3 276.1 283.5 293.3 292.1 293.1 292.8 294.1 295.9 296.3 297.4 297.6 298.4 297.8 299.3 298.9 298.7 298 297.6 297.4 296.2 295.4 293.6 291.9 290.2 288.3 288.4 287.8 287.7 287.8 289.2 291.1 292.7 294.5 297.5 298.4 301.2
107.1 107.4 109 112.1 115.6 118.1 119 124.6 121.8 119.1 119.5 121.4 123.3 125.2 127.2 126.9 128.5 133.8 140.5 143.7 145.2 145.8 143.9 142.8 145.4 149.4 153 154.3 153.9 153.3 152.3 154.9 161.5 164.6 168.9 181.7 193.2 202.6 207.5 213.3 221.5 234.4 256.1 267.4 275.5 285.1 292.8 292 291.9 292 294.1 295.3 296.9 297.5 298.2 298.1 297.6 298.8 298.4 298.4 298.6 298 296.9 295.5 294.9 293.5 292.4 290.9 290.9 290.5 290.1 290.4 291.9 293.5 295.2 298.5 302.2 305.4 308.1 311.1
106 107 109 113.2 117.7 121 121.6 121.1 120.1 120.7 121.2 122.3 125 124.9 125.9 130.2 134.4 133.4 144.3 147.3 150.9 149.4 148.8 153.4 154.1 156.1 156.5 154.4 152.8 152.6 153.8 156.5 162.6 168.4 173.2 183.4 195.4 206.3 209 215.6 225.2 238.6 261 271.6 281.6 287.6 290.1 290.5 290.2 291 293.2 295.2 296.8 297.2 297.3 297.2 297.8 298.2 298.6 298.2 298.1 297.6 296.6 295.6 293.9 293.5 293.3 292.1 292.5 293.3 292.6 293.2 294.9 296.9 300.3 305 310.2 313.8 318.4 321.4
105.8 107.1 109.1 113 117.9 124.3 125.9 126.4 127.6 124 124.1 125.4 126.4 126.1 126.9 132.1 137.8 139.7 140.4 151.4 158.4 156.6 158.6 157 158.3 157.6 155.8 154.5 154 154.2 156.3 160.3 166 171.8 179.1 184.4 196.3 210.1 218.7 222.6 232.5 243.4 267.4 275.6 283.8 289.5 289.9 289 289.2 291.3 293.7 295.2 296.1 296.4 296.3 296.5 297 297.6 298 297.3 297.3 296.1 296.1 295 294 293.5 292.1 293.6 293.6 293.1 294.1 296 298.1 302.4 308.1 313.9 318.2 321.8 326.9 328.7
106.6 108.1 110.1 113.6 117.6 123.5 127.7 128.9 126.7 124.6 125.3 126.1 127.8 129.3 131.7 133.1 137.4 144 136.8 153.2 162.8 160.5 161.1 159.8 157.1 156.1 155.3 155.7 156.2 157.5 160.2 165.7 169.9 178.8 183.7 193.4 204.7 214.4 225.4 237.2 246.7 260.7 277.2 280.1 287.5 291.8 290.8 288.8 287.5 291 293.3 294.8 295.5 295.5 295.5 294.7 295.1 296.1 296 296.1 295.7 295.6 294.6 293.6 293 292.7 292.3 292.8 292 293.2 295.4 298 302 308.6 316.2 319.5 322.6 327.5 332.4 335
106.9 108.4 109.3 112.8 116.9 120.3 124.6 125.4 123.9 123.2 124.1 126.1 128.3 130.9 134.5 135.9 136.8 142.5 138.3 155.1 161.5 161.5 160.8 158.8 157.1 156.4 156.9 157.7 159 161.1 165.3 171 177.1 183 188.8 199.6 215 227.4 241.7 254.8 265.3 277 286.2 287 289.9 291.5 291.4 289.2 285 289.6 293.2 293.8 294.4 294.2 291.7 288.3 288 288.5 291.5 294.2 294.3 293.6 293 291.4 290.9 291.5 290.9 290.6 291.7 293.8 296.4 298.9 303.7 311 319.7 324.5 327.4 331.5 336.4 342.8
108 108.1 109.7 112.6 116.7 120 122.2 122.9 122.4 121.9 123.2 125.8 129.2 131.9 135.7 137.4 137.4 141.5 142.4 154.4 159.5 162 161.5 163.5 161.1 159.8 160.6 162.8 162.8 166.5 172.7 178.2 181.7 190.6 204 209 223.8 240.5 255.2 268.8 278.6 287.8 292.9 291.6 291.5 293.5 293 287.6 282.3 286.9 290.2 292.4 292.5 291.4 286.5 285.9 284.9 284.5 284.9 287 289.4 291.2 290.2 289.3 288.7 289.5 288.5 289.6 291.3 294 296.8 300.2 305.1 312.5 321.3 327.1 331.6 338.5 343.3 356.6
108.1 109.3 110.4 112.5 116 119.3 120.5 120.5 121.4 121.5 123.1 126.3 129.7 135.1 138.3 139.1 139 141.8 142.6 153 158.9 161.9 163.1 167.9 171 167.5 167.4 172 170 171.3 178.7 185.7 189.6 196.2 204.4 215.5 231.6 248.7 265.4 278 290.7 292.3 294.5 294.1 291.8 292.6 290.2 285.6 279.5 281.6 284.9 291.3 289.8 285.3 284.6 283.7 283 282.4 282.2 282.6 282.7 282.6 282.9 284.1 286.3 286.5 287.4 288.8 291.3 294.1 297.4 301.4 306.1 314.1 322 327.2 332.8 341.6 354.1 371.7
108.1 109.3 111.7 114.1 115.7 117.2 118.8 119.2 120.8 121.7 124.1 127.7 132.1 140 141.5 142.8 142.4 141.9 142.4 151.5 159.1 163.9 167.6 168.2 173.7 177.7 178.8 177.7 171.6 178.5 184 187.5 195.6 200.7 208.8 224.7 239.6 255.9 273.4 288.5 290.9 294.8 294.9 293.9 292 291.9 289.4 283.2 276.6 273.7 278 283.7 284.2 282.8 282.2 281.5 280.4 280.9 280.1 279.8 279.6 278.1 278.6 279.5 283.5 284.5 285.7 288.4 290.9 293.9 297.1 301.2 307 315.7 323.7 328.8 334.8 349.7 367.3 381.8
108.1 109.2 112.1 114.3 115.5 116.8 118.9 119.8 121.2 123.9 125.3 129.6 136.8 143 143.7 145.9 146.4 144.9 145.4 152.3 162.9 168.1 171.2 172.3 175.7 179 182.1 180.7 177 182.7 187.1 192.5 200.9 207.8 223 238.3 251.5 266.1 278.3 290.8 293.9 294.4 294.4 294.5 293.4 291.4 286.2 280.3 271.8 270.2 274.6 277.7 280.8 280.7 281 279.9 277.8 276.2 275.2 273.4 275 274.5 274 274.6 277.2 280 284.6 287.6 290.6 294.4 297.6 301.6 309 317.4 324.8 334 342.4 359.9 376.1 388.8
108 109 111.2 113.3 114.7 116.5 118.3 120.7 122.4 124.7 127.6 131.9 139.4 144.6 149.2 151.1 149.7 147.2 148 155.3 164.5 172.2 173.6 174.5 176.7 180.1 186.1 186.4 183.8 187.6 195.4 203 208.6 222.5 236.7 250 261 270.5 279.5 289.4 294.4 295.1 296.1 296.3 294.1 289.8 281.5 274.5 268.4 266.5 269.7 274.7 278.8 276.7 272.3 270 267 266.7 264.9 264 263.8 263.5 262.9 267.6 272.4 278.4 283.9 287.5 291 294.1 297.8 302.9 309.2 318.5 322.7 336.4 349.8 369.5 383.9 392.6
108.6 109.5 110.6 112.3 114.2 117.1 118.1 120.6 123 125 129.5 137.5 141.5 148.8 149.4 145.3 147.2 148.7 157.2 159.1 165.7 172.4 173.1 177.1 179.2 186.4 188 185.7 190.1 199.3 204.6 210.4 226.5 237.9 249.8 260.9 269.5 276.2 283.3 290.8 294.8 296 295.5 293.9 292.9 288.3 281.2 271.8 265.8 263.5 265.8 269.9 271.1 265.8 263.3 260 257.1 257.3 257.4 255.5 252.7 253.1 255 261 269.5 278.2 284 287.3 290.6 293.9 299.3 305.3 314.9 320.6 326.5 343.5 358.4 377.6 388.9 394.4
108.4 109 110.4 112.4 113.8 115.7 118.5 121.1 123.9 126.6 132.5 141.2 148.5 150.7 145 156 159.8 161.8 167.4 168.7 172.3 174.7 177.2 179.7 188.4 186.8 188.2 192.4 204 213.4 217.6 230.4 242.2 251.6 259.4 267.8 274.8 281 286.5 292.1 295.9 295.3 296.4 292.6 290.2 286.2 278.1 269.3 264 261.5 261.4 263.1 262.9 259.4 255.8 251.5 248.7 247.3 245.9 243.6 241.7 243 250.8 260.2 270.1 278.1 283.7 287.2 290.7 294.4 299.9 307.3 316.9 325.4 336.1 349.3 365.9 383.5 392.1 396
