public/OST50/SE58.asc
ncols 200
nrows 200
xllcorner 450000
yllcorner 480000
cellsize 50
[rows 105 to 139 of 200, columns 79 to 157 of 200]
210.4 207.7 205.3 203 200.3 198.3 196.7 194.7 193.8 191.8 189.3 187 183.9 180.4 174.7 170.7 174 174.1 173.6 171.2 166 148.6 131.5 123.8 119.2 117.3 116 114.7 112.5 112.1 110.7 117.6 124.4 128.3 127.2 121.8 113.8 110.6 116.3 116.7 115 108 101.5 100.1 100.6 99.6 105.5 114.5 119.7 126.5 132.8 136.7 137.4 132 119.3 102.2 89.3 104.4 127.1 146.7 157.2 160.8 162.3 163.3 159.7 153.4 147.1 134.4 114.7 91.1 78.6 78.5 77.9 77.6 78 86.2 113.1 135 149.5
210.8 208.4 206.8 204.9 202 199.5 197.6 195.5 193.4 190.7 187.6 184.7 182.1 178.4 174.2 166.7 161.7 161.2 163.7 166.9 153 136.4 124 121 123.8 128.3 131.5 133.9 134 126.7 117.4 111 109 107.6 106.7 106.2 105.1 104.7 104.4 102.5 100 99.7 100 100 100 97.5 97.5 96.6 95.7 101.3 107.6 113.3 118.5 118.8 111.9 98.7 88.6 103.3 124.6 145.7 154.5 159 161.9 161.2 155.7 148.5 136.7 120 106.1 87 76.9 77.9 77.6 77.3 77.4 95.1 120.6 139.4 153.1
211.7 209.3 207.7 205.4 202.6 200.6 198.7 196.6 193.8 191.3 188.8 185.7 182.7 179.4 176.3 173.2 168.6 151.8 142.1 143.9 131.9 124.9 125.8 134.8 141.6 147 150.5 153.5 154.4 144.9 127 116.1 109.5 107.6 108 108.5 106.6 105.7 106.1 106.4 107.8 106.7 107.1 108.7 106.2 102.7 99 96.3 95.2 94.6 93.3 92.6 99.7 105.8 103.4 95.9 87.8 98.2 116.9 135.7 150 154.4 159.5 157.7 149.9 137.1 119.6 105.9 97.3 84.1 77.6 77.4 77.3 77.7 78.1 105.8 128.1 142.3 155.5
213 210.2 207.9 205.6 203.3 201.3 199.2 197 194.6 192.5 189.9 186.9 184.2 181.6 179 176.7 172.9 156.5 139.1 130.8 127.3 133.5 144.4 152.6 156.8 159.6 160 159.7 158 145.4 125.1 112.4 112.1 120.8 126.9 130.7 130.1 129.2 128.5 129.3 131.4 132.5 132.7 132.1 129.9 124.6 113.6 101.4 95.4 94.8 94.1 92.8 92 94.5 95.1 92.1 87.2 89.5 104.1 117.5 127.7 134.4 140 138.5 132.2 120.5 106.1 96.4 89.3 79.6 77.9 77.3 77.2 77.2 92.5 116.5 135.1 147.1 157.2
213.5 210.4 208.1 205.9 203.6 201.3 199.3 197.3 195.3 192.7 190.1 187.3 184.5 181.9 179.5 175 157.7 143.4 134.1 130.5 139.7 151.5 160.3 165.8 165.6 164.8 164 160.7 150.1 130.8 113 116.3 126.9 138.6 147.3 151.7 151.1 150.7 151.8 151 152.4 152 151.1 149.1 145.7 138.7 119.7 103.5 97.4 100.5 101.7 97 91.8 91 89.6 88.8 87.8 86.4 88.4 96 102.7 107.7 112.1 111.9 108 101 93 85.5 80.6 77.3 76.6 77.3 77.5 80.4 104.9 126.2 141.9 153 158.6
213.8 210.8 208.4 206.3 204 201.4 199.3 197.3 195.1 192.6 189.9 187.3 184.5 179.7 167.1 151.9 136 133.5 142.1 151.3 159.7 166.5 170.4 169.5 168.3 167.1 164.4 159.1 141.7 119 118.4 131.5 143.1 154 159.7 160.8 160.5 160.6 160.1 159.3 159 156.5 152.3 146.6 140.1 125.8 110.2 100 111.1 119 118.2 109.3 98 90.8 90 88.8 87.3 86.8 85.6 85 83.5 84.6 84.7 85.2 84.4 80.9 79.9 79.1 78.8 77.6 76.5 77 76.7 91.4 113.7 133.1 146.8 155.2 158.8
213.9 210.9 208.7 206.5 203.9 201.2 198.8 196.7 194.3 191.6 189 186.4 173.9 157.9 142.4 136.9 140.9 152.7 162.3 170.9 174.2 173.5 173.4 171.9 170.4 168 164.3 155.6 137.2 117.7 125.3 144.9 157.3 161.2 164.3 163.9 163.4 162.3 160.4 158.6 155.9 152 146.8 137.6 125.1 111.4 103 118.2 133.9 140.6 136.5 127.2 114.1 102.8 95.7 91 89.5 87.1 86 84.8 84.3 83.3 83 80.8 80.3 79.7 79.1 78.9 78.5 77.9 76.3 76.7 76.8 95.6 118.4 135.9 149.5 156.6 158.5
212.9 210.2 207.3 205.2 203.2 200.6 197.6 195 192.3 189.2 185.7 170.7 153.5 140.7 141.7 152.5 163 172.8 177.8 177.8 177.5 176.4 174.6 173.4 171.4 168.4 164.3 153.2 135.6 119.1 133.7 155.8 163.5 165.1 164.6 163.5 162.3 160.1 158 154.5 150 140.7 131.9 121.8 110.1 110 125.9 140.1 149.9 153.4 150.3 143.5 133.8 122.7 113.1 106.4 100.8 97.2 92.4 88.8 86.2 85.7 85.7 84 83.2 82 79.8 77.4 77.5 75.4 75.4 76.7 76.8 96 118.2 136.8 149.8 155.9 157.7
212.4 209.3 206.4 203.7 201 198.1 194.4 190.9 187.1 178 168.6 152.9 143 151.8 163.7 173.9 181.5 182.1 181.4 180.2 179 177.5 175.6 173.5 171 167.8 160.4 144.6 128.9 123.4 144.6 161.3 165.3 163.9 162.1 157.1 154.1 152.5 150.2 143.5 133.5 123.4 112.5 110.6 119.8 135.9 146.4 154.3 160.9 159.3 157.2 154.4 149.8 141.6 134.3 126.6 118.4 111.2 106.1 98.9 91.7 88.7 87.1 85.7 84.6 82.9 81 79.3 76.9 74.8 76.1 76.4 76.7 92.4 113.5 132 151.1 154 155.7
212.4 209.5 206.7 203.3 201 198.6 196.4 192.8 185.7 167.5 153.2 145.2 159.6 171 180.9 185.6 185.4 184.5 182.8 181.2 179.7 177.9 175.6 173.1 169.4 161.6 147.1 130.8 123.9 141.8 156.8 166.4 165.1 160.3 146.4 136.4 132.1 132.3 130.7 125.2 115.8 121 120 133.9 143.8 153.7 161 164.2 164.2 162.9 161.4 159.2 156.6 153.2 148.6 141.6 127.4 117.9 109.6 102.3 94.9 89.8 89.1 87.3 85.6 84 82.4 80.9 77 74.8 76.2 76 76.1 83.9 102.9 120.3 136.4 148 150.4
212.7 210.1 207.5 204.9 202.2 199 189.9 178.3 164.8 152.5 151 165 177.7 186.8 189.1 188.4 187 185.9 183.7 181.9 180.1 177.9 175.6 173.2 167.9 151.4 129.4 130 143.4 156.4 167.2 167.8 163.3 142.6 131 135 136.4 131.2 127.2 128.5 137.2 145.3 129.5 145.8 157.7 165.1 166.8 167 166.5 165.6 163.9 161.4 159.4 155.6 149.7 138.4 126.6 115.7 105.7 97.3 92.2 92.3 92.6 91.3 88.2 85.9 84.4 83.1 76.3 75 75.6 75.5 75.8 76.8 86.6 104.1 119.2 131.5 140.1
212.4 209.7 206.9 204.1 197.8 183.9 168 155.2 152.3 160.4 172.2 182.8 192.2 192.5 191.3 190 188.7 187.1 184.7 182.9 180.9 179.3 176.5 172.8 160 141 130.4 146.2 158.8 169 169.4 166.8 156.5 134.9 139.9 149.7 154.5 152.9 151.6 151.4 154.4 155.1 140.9 152.4 164.7 167.9 169.3 169.1 168.2 166.9 164.9 162.4 158.9 153.5 142.1 129.8 118.1 106.6 98.2 96.8 98 98.9 98.4 95.6 91 87.9 86.1 84.3 74.5 75.6 75.6 75.2 75.6 75.9 76 82.5 100.1 112.6 122.4
209.8 206.5 203.6 196 181.6 164.5 155.6 162.3 172.8 182.5 190.3 196.4 196.4 195.1 193.5 191.7 189.7 187.7 185.3 183.4 181.6 179.6 176.1 165.9 151.2 132.6 142.6 160.4 172.5 171.7 169.1 164.8 152.8 137.3 146.2 162.5 165.9 164.9 164.6 164.7 164.5 161.6 146.8 159.4 166.9 169.8 171.3 170.4 168.9 166.8 164.3 161 155.8 144.6 130.7 116.3 103.2 99.6 103.9 105.9 104.7 102.2 99.5 96.3 92.3 89.4 87.1 80.1 75.3 75.6 75.4 75 75.3 75.4 75 74.9 82.4 95.6 104.3
208.3 204.7 194.9 176.2 166 158.9 171.7 184 193.5 200.5 200.6 199.7 198.3 196.5 194.4 191.9 189.8 187.8 185.8 183.7 181.5 178.2 167.6 155.7 140.6 139.6 157.3 173.8 174.2 172 169.5 166.3 161.3 144.8 147.4 167.5 170.2 169.6 169.2 168.6 167.4 163.4 156.3 166 169.3 171.1 171.4 170 168.1 165.9 162.7 157.7 146.3 132.3 115 103.2 110.2 114.2 114.2 111 105.1 98.1 94 92.7 90.3 87.8 83.9 76.2 75.6 75.4 75.3 75.2 74.7 75.1 74.6 74.3 74.7 80.8 89.6
212 206 188.7 168.2 165.1 179.8 193.8 204.3 206.3 205.1 203.6 200.9 198.7 196.3 193.7 191.4 189.1 187 184.7 181.8 177.3 167.7 155.6 141.6 138.3 155.7 171.3 176.2 174.9 172.5 171.4 169.2 164.4 149.1 151.7 171 173.3 172.7 173 171.3 169.9 163 166.4 169.6 170.9 171.5 170.8 170 167.7 165.5 161.5 149.6 135.5 115.9 112.1 120.9 126.5 126.2 120 109.6 100.2 98.3 100.6 99.4 94.4 90.5 89.2 78 74.6 75.1 75 74.6 74.4 74.8 74.8 74.2 74.2 75 78.8
211 193.8 175.4 166.8 183.4 199.1 210.9 210.4 208.9 206.9 204.2 201.1 198.4 195.5 192.3 189.9 187.1 181.6 175.8 168.9 162.6 154.4 143.5 144.2 158.3 171.1 177.5 176.3 174.9 173.9 173.9 171.5 164.4 146 161.7 176 176.6 175.5 174.8 171.7 168 168.5 170.5 171.6 172.3 172.7 171.8 170.8 169.4 166.8 154.5 138.7 122.7 124 131.9 139.2 141.7 139.5 121.9 103.9 106.7 114.2 117.6 116.5 109.9 103.6 96.5 86.6 77.3 73.6 72.6 74 74.1 74.4 74.2 73.9 73.5 73.1 74.2
192.6 175.2 171.6 186.6 199.6 210.2 213.9 211.9 209.1 206 201.7 198.9 195.5 191.7 187.8 180.8 172.4 164.1 158.9 153.2 147.2 145.8 151.5 163.2 173.7 179.3 178.1 177.4 176.9 176.7 176.6 173.4 163.2 151.8 170.3 178.6 178.4 176.8 174.6 172.2 172.1 173 173.8 174.3 174.4 174.5 173.8 172.7 170.7 159.5 143.6 122.2 124.2 138.9 148.2 155.3 154.1 141.9 117.2 109.6 121.2 129.3 133.2 133.7 125.3 117.5 106.1 101.3 96.1 90.5 80.3 73.2 73.1 71.4 73.3 73.8 73.4 73.3 73.3
172.2 175.2 190.7 204.2 213 216.6 213.9 210.5 206 200.5 195.3 191.3 189.5 188.3 187.2 184.8 180.9 172.2 159.3 151 156.7 163.3 170.6 178 182.6 182.1 181.5 180.9 180.5 179.7 178.4 174.5 161 165 178.6 180.3 179.2 177.3 175.9 175.8 176 176.3 176.6 177.2 176.9 176.4 175.6 173.8 164.1 148.2 125 116.8 138.2 152.2 160.9 163.5 155.9 136 108.3 121.3 135.3 145.5 147 143.2 138.5 132.5 121.6 118.2 114.8 108.3 98.2 86.4 76.2 71.7 73.6 73.9 73.5 73.4 73.2
187.5 198.9 210.2 219.7 218.8 216.2 212.2 206.1 199.7 200.6 201.9 201 199.2 197.7 195.8 193.5 189.5 176.1 157.3 162.3 172.9 178.2 184 188.9 188.3 186.3 186.1 185.1 184.1 183.5 181.2 175.7 165.5 174.9 181.4 182.1 180.3 178.6 178.9 179.1 178.7 178.9 179.4 179.5 178.9 178.1 176.8 166.9 150.7 128.1 119.4 137.5 152.5 163.7 167.8 164.6 154.5 131.2 112.5 132.2 147.9 156 154 150.4 146.8 142.8 131.7 133.6 130.2 122.4 109.9 96.1 84.9 76.2 71.6 72.2 72.8 73.1 72.9
209.3 217.2 223.1 221.2 218.1 215.1 209 204.2 207 207.6 206 204.4 202.6 200.1 197.8 194.3 184.7 168.1 161.9 180.1 186.1 186.3 191.8 192.8 190.8 190.7 189.9 188.8 187.5 185.2 181.9 174 176 183.1 184.7 184.5 182.3 181.7 182.4 182.1 181.9 181.7 182 181.4 180.7 179.2 170.4 152.1 129.1 123.1 139.4 154 165.8 172.7 170.8 163.9 149.4 124.3 124.5 144.5 159.7 161.4 159.4 156 152.2 147.4 143.3 148 146 133.4 114.5 98.8 85 83.3 80.6 75.2 71.4 72.1 72.6
226.4 225.4 223.3 220.7 217.6 212.6 206 210.2 211.7 210.4 208.5 206.4 204.1 201.3 196.6 186.6 174 163.5 182.3 195.8 190.3 192.8 196.3 195.2 193.3 193.3 192.8 191 189.1 186.7 182.9 176.6 183.1 187.2 188.1 186.8 185.1 185.4 185 184.9 184.7 184.4 184 183.1 181.1 175.3 159.7 133.1 124.3 141.5 155.6 167.7 176.8 175.4 170.7 161 141 116.7 136.3 154.9 164.7 164.9 163 159.7 154.5 149 152.2 153.9 148.2 130.8 108.5 93.1 92.4 97.9 97.1 90.1 78.1 72.1 72.3
228.1 225.7 222.3 219.6 215.5 209.8 213 214.8 213.9 211.9 210 207.4 204.5 199.9 187.4 172.4 170.5 184.3 195.5 198.7 193.1 197.3 198.6 197.1 196.1 195.9 194.6 192.8 190.5 187.1 177.3 182.8 188.8 191.1 190.9 189.7 188.7 188.3 188 187.8 187.2 186.8 185.4 183.7 177.3 160.1 141.4 125.8 139.8 157.4 171 179.4 178.7 175.8 169 153.7 131.4 129.6 147.3 163.2 167.4 166.8 165.2 161.4 155.2 157.2 158 157.3 141.5 118.5 93.8 95.8 107.3 112.3 111.9 104.8 93.3 80.9 72.7
226.1 223.2 220 217.1 213.7 213 217.6 217.8 215.8 213.4 210.3 206.7 201 186.9 171.8 183.3 192.9 199.7 201.1 200.3 197.2 200.6 200.6 199.4 199 198.6 197.4 195.3 192.1 187.2 181.4 190.4 193.2 194.3 193.5 192.6 192.1 191.8 191.3 190.4 189.9 188.7 186.3 181.7 171.7 156.7 136.5 131 151.3 171 181.8 182.5 179.6 175 164.8 146.4 128.4 144.1 156.1 167.1 169.5 168.5 166.4 161.4 161.4 162.1 161.1 151.6 129.9 103.7 99.7 114.3 123.4 126.5 123.6 116.1 104.8 91.4 76.5
227 224.9 223 220.5 215.4 217.8 219.4 218 215.7 212.9 208.6 200.6 188.1 180.5 192.5 204.1 207.4 208 205.7 201.7 200.8 203.1 203.7 202.6 202 201.6 199.7 196.8 192.4 183.4 189.1 194.7 197.4 197.4 196.8 196 195.3 194.6 194 193.3 191.7 189.5 184.8 173.4 171.7 161 145.9 137.3 158.6 177.1 184.8 182.6 179.1 173 157.3 138.2 147.3 157.7 162 170.5 171.9 170.3 167.2 164.6 165.6 165 162.3 143.4 116.5 100.9 118.9 131.5 138 137.8 131.9 123.2 113 94.5 81.9
229.5 227.3 224.4 220.1 217.8 220.6 219.6 217.8 214.8 210.2 202.4 200.9 187 196.2 207.1 209.7 210.9 209.4 206.8 202.4 204 206.5 207.1 206 205.4 204.7 201.9 197.6 190.7 186.9 194.8 199 200.8 200.6 200 199.2 198.2 197.1 196 195 192.3 188 178.7 177.6 175.9 166.7 150.8 143.1 163.6 181.4 185 181.7 177.2 164.2 146.7 148.6 166.1 170.5 167.9 174.1 173.9 171.9 168.5 168.9 168.5 167 159.5 134.1 104 121.5 138.1 147.6 149.7 145.7 136.3 123.7 109.2 93 83.8
230.3 227.7 223.4 220.3 221.7 221.8 220.1 217.6 213.4 208 209.8 207.8 192.5 206.8 211.7 213.4 213.6 212 208.5 206.3 207 209.7 210.7 209.9 209.2 207.2 203.1 196.6 184.5 194 199.9 202.7 203.4 203.3 202.7 201.3 200.4 199.2 198 195.5 191.2 183.2 178.4 185.6 185.4 173.8 153.2 146 169 185.4 185 180.4 170.2 154 155.5 168.7 176.9 176.6 172.4 177 175.8 173.5 171.6 172.1 170.5 168.1 155.3 126.7 123.3 141.1 156.3 165.7 158.3 150.1 137.1 117.9 98.1 93.8 90.1
230.3 226.9 223.7 224.7 224.3 223.2 220.6 216.8 212.2 213.9 214.2 208.4 204.2 214 215.8 216.6 215.9 215 209.8 211.4 212.6 213.5 214.2 213.6 212.4 209.7 203.2 193.2 193.9 202 204.3 205.6 205.9 206 204.9 203.5 202.2 201 198.2 193.9 186.3 182.5 189.1 191.4 190.1 181.8 153.2 153.3 174.6 187.5 185.2 179.3 164 162.1 172.6 179.8 181.4 177.9 177.7 179.2 177.6 175.4 175.2 174.6 172.4 167.1 147.3 138.6 147 156.6 167.9 171.1 163.9 153 136.4 110.3 111.7 107.7 99
229.9 227.1 228.4 227.5 225.9 223.9 220.2 216.2 217.5 217.5 215.9 208 210.1 217.4 220.1 219.8 218.4 216.8 211.3 215.6 217.2 217.1 217 216.2 214.4 211.3 203.2 193.1 203.3 207 207.7 208 208.3 208.1 206.7 205.6 203.6 200.9 196.1 189.2 186.4 192.7 194 193.3 190.5 180.1 155 165.1 181.6 188.9 185.6 176.8 159.4 173.4 183.3 185.1 183.7 178.4 181.4 181.5 179.1 178.2 177.8 176.2 170.6 162.7 152.2 157.5 163.3 169 171.7 169.4 164.7 154.6 139.8 132.9 129.7 120.2 107.7
230.4 230.7 230.5 229 226.5 222.8 220 221.5 222.2 220.8 218.1 207.6 215.6 222.3 223.8 223.2 221.4 218.5 218.1 220 220.7 220.3 219.8 218.4 215.6 211 198.1 203.4 210.2 210.5 210.5 210.5 210.5 209.5 208.2 206.1 203.6 197.9 190 191.9 196 197.2 196.6 194.8 190.7 180.6 163.9 176.6 188.4 190.4 185.5 174.5 171.2 184.4 187.9 187.4 184.6 182.9 184.5 183.3 182.4 181.8 180.4 176.4 166.4 159.8 163.3 169.9 174.4 176.9 176.8 173.4 166.7 155.6 152.2 154 149.3 135.5 116.9
233.9 233.4 232.3 229.5 225.9 226 225.9 225.9 226.5 225.1 220.8 208.1 221.5 226.5 226.9 225.7 223.1 220.7 221.6 222.8 223.1 222.7 222.1 219.6 216.3 209 198.8 211.7 213.6 213 212.7 212.3 211.6 210.3 208.8 205.9 200.5 192.1 196.6 199.3 200 199.6 198.1 195.8 191.4 178.5 175.8 186.3 192.8 191.2 184.7 168 181.8 189.5 190.4 188.7 184.6 186.3 186.5 185.6 185.5 184.5 181.8 174.2 161.6 165.9 174.7 179.3 181.7 181.8 179.8 175.9 166.7 160 165.8 167.9 163.8 150.2 132.6
236.7 235.2 232.7 229.6 230.5 231.2 230 230.3 230.4 228.9 223.7 212.4 225.8 227.9 228.7 227.1 225.1 222.5 224.8 225.4 225.6 224.7 222.9 220.8 215.8 202.7 210.4 216.1 216.3 215.2 214.6 214 212.6 210.9 208.5 203.6 195.8 199.1 202.4 203 201.9 200.8 199.5 196.7 191.1 176.9 184.6 192.6 194.1 191.3 183.2 176.9 188.8 192.6 192.7 189.5 188.3 189.7 189.5 188.7 187.6 186.2 181.5 171.5 167 177.2 183.9 185.6 186 184.5 181.5 175.7 166 172.8 174.1 173.4 170.2 163.5 150.2
237.8 235.3 233.4 234.9 235.2 234.9 234.4 234.2 233.6 231.8 226.1 217.9 229.6 231.2 230.4 229.1 226.8 226.2 227.2 228 227.6 226.1 224.2 221.1 212 205.8 216.9 219.1 218.2 216.5 215.6 214.5 212.5 210.3 206.6 199.1 202.1 205.9 206.1 204.8 203.5 202.2 200.1 196.7 189.1 182.5 190.5 196.2 195.7 191.5 179.4 185 192.5 195 193.3 190.6 192.2 192.5 192.2 191.5 190.3 187.6 181.3 173.8 178.4 185.5 187.8 188.8 188.2 186.4 181.4 175.1 177.2 178.7 178.7 177.2 175 171.6 165.8
238.9 236.1 237.1 238.3 238.6 238 237.2 236.7 235.4 233.3 228.2 223.5 232.2 233.5 232.5 230.7 228.8 229.7 230.1 229.6 228.9 227.5 224.7 220.1 207.4 215.5 221 220.7 219.1 217.5 216.4 214.9 212.2 209.2 203.5 202.5 207.3 208.4 207.4 206.1 204.6 202.9 200.2 195.7 184.9 186 195.8 197.5 196.8 190.7 178.3 191.7 196.3 196.8 194.8 193.6 194.9 195.1 194.8 193.7 192.6 188.2 179.5 180.5 185.6 189.4 190.3 191.1 190.1 187.5 181.5 181.3 183.5 183.5 183 181.1 178.9 175.9 172.8
238.8 239.3 240.2 241.1 240.8 240.2 239.6 238.9 237.7 235.9 229 227 235.1 235.8 234.5 232.7 231.5 232.1 231.8 231.1 230.1 228.4 224.8 217.4 210 220.8 222.9 221.7 220 218.5 216.5 214.6 211.7 207.4 201.6 207.5 210 209.4 208.1 206.8 205.1 202.8 200 194 181.2 192.8 199.6 199.6 197.6 189.3 186.1 195.9 198.9 197.9 196 197 197.4 197.5 197 196 194.3 187.8 179 185.2 190.9 192.7 193.6 192.5 190.8 187 184.5 187.2 187.9 187.7 187 185.1 182.6 179.7 176.4
243.4 242.7 243.5 243.7 242.9 242.4 241.9 240.9 239.8 237.7 228.6 233.7 238.3 237.4 235.6 234.3 233.2 234 233.4 232.3 230.8 228.7 224.6 215 217.5 224.1 223.9 222.5 220.6 218.6 216.7 214.7 212.2 207.5 206.2 210.3 210.7 209.9 208.5 207 204.8 202.1 197.5 187.3 187.1 199.3 202 201.6 198 188.5 192.5 199.2 200.5 199.6 198.8 199.5 200.2 200.2 199.5 197.8 194.5 187.2 181.5 190.5 195.1 196 195 193.8 190.8 187 189.9 191.5 192.2 192 190.8 188.7 186.1 183 179.6
