public/OST50/SE58.asc
ncols 200
nrows 200
xllcorner 450000
yllcorner 480000
cellsize 50
[rows 140 to 174 of 200, columns 79 to 157 of 200]
246.6 246 245.6 245.9 245.4 244.7 243.8 242.9 241.5 238.5 226.5 237.8 240 238.7 237.4 236.1 234.8 235.5 234.6 233.2 231.5 228.9 224.4 212.1 222 225.3 223.9 222.4 220.6 218.9 217.5 216 213 206.8 210.2 212.4 211.3 210.6 209 207.4 205.2 201.1 190.6 192.8 192.2 202.1 203.8 202.3 197.1 187.9 197.3 202.1 202.6 201.4 201.5 202.1 202.8 202.3 201.4 199.2 194.6 186.1 188.7 195.6 198.4 198.9 197.8 195.4 192.1 191.1 194 195.5 196 194.9 194 191.7 189.3 186 182.7
249 248 248 248 247.1 246.2 245.2 244.3 242.5 237.9 231.5 241 241.5 240.2 238.9 237.6 236.3 236.2 235.1 233.5 231.3 228.6 223.8 213.5 222.8 225.4 224.7 223 220.8 220 217.7 216 212.7 207.2 212.4 213.7 212.5 211.2 210.2 208.3 204.9 196.4 197.4 200.7 195.7 204.4 205.2 202.4 194.2 195.7 201.9 204.6 205.1 204.5 204.5 204.9 205.2 204.3 202.5 200.2 193.6 185.5 194.3 199.8 201.4 201.6 199.9 196.8 193 194.7 197.4 198.5 198.5 197.4 195.8 193.9 191.3 188.1 184.8
250.8 250.5 250 249.2 248.1 247.3 246.5 244.9 242.9 235.7 237.7 242.1 242 241 239.2 237.3 237 236.1 234.9 233.4 230.8 228.1 223.9 215.8 223.7 225.4 225.4 224.4 223.3 221.3 219.3 216.5 211.8 212.1 214.5 214.4 213.6 212.9 211.3 208 201.6 198.3 205.4 203.7 198.7 205.8 206.8 202 193.1 202.3 205.7 207.2 207.4 207.1 207.3 207.4 207 205.1 203.2 199.8 192.9 191.9 199 202.7 203.3 203.5 201.3 198.2 196.3 198 199.4 200.1 199.8 198.9 197.1 194.6 192 189.3 186.3
253.2 252 251.5 250.3 249.1 248.2 247.1 245.3 242 233.7 241.4 242.3 242 240.7 239.3 237.6 237.1 236.2 235.1 232.8 230.9 228.2 222.3 218.7 224.4 226.2 225.1 223.7 222.6 220.8 218.4 215.6 212 215.5 216.6 216 215.2 214.4 211.6 206.3 199.9 207.5 208.6 204.5 204 207.4 207.7 202.2 198.5 206.3 209.4 210.1 210.2 210.3 210 209.5 208.2 206.1 204 199.3 195.1 198.8 203.4 205.7 206 205.1 202.6 199.8 200.1 200.8 201.1 201.7 201 199.8 197.8 195.2 192.5 189.9 187.2
254.5 253.6 252.9 252 250.6 248.7 247.4 245.1 240.1 238.1 243 242.9 242.2 241.1 239.7 238.1 237.4 236.8 235 231 230.8 229.2 223 221.7 226.2 226.5 224.9 223.1 220.9 219.2 217.1 213.7 215.6 217.9 218.1 217.5 216.8 215.1 210.3 203.3 209.3 211.8 210.1 203.1 208.2 210.2 209.2 204.3 203.1 210.2 212.9 213.7 213.5 213.2 212.3 210.5 208.8 205.7 201.6 195.8 197.4 203.8 207 208.9 208.1 206.8 204 203.4 203.4 203.6 203.8 203.3 202 200.4 198.5 195.8 193.1 190.6 188.4
255.7 254.5 253.6 252.4 250.8 249.1 247.3 244.8 238.5 240.9 243.9 243.3 242.4 241.5 240.3 238.9 237.6 235.4 234 232.5 230.2 226.8 222 224.7 227.5 226.8 224.9 222.6 220 217.5 216.1 216.9 218.7 220.2 219.8 219.2 218.5 215.7 209.1 209.6 214.1 214.2 209.4 207.8 211.8 213.2 212.1 206.5 206.7 214.2 216.1 216.7 216.1 215.2 213.9 210.8 207.8 204.2 204.1 196.8 203.1 207.9 210.7 211.7 210.9 208.5 207.1 206.8 206.7 206.6 206.1 204.7 203.3 201.6 198.8 196.4 194.1 191.8 189.3
256.2 254.9 253.4 252.4 250.5 248.6 246.1 243.6 239.2 243.1 243.9 243.1 242 241.4 239.8 238.4 238 236.2 234.2 231.9 229 224.6 224 227.8 229 227.6 225.8 223 220 218.6 218.9 219.3 221.1 222.2 221.8 221.1 219.9 216.3 209 215.6 217.7 215 208.7 213.1 215.3 215.9 214.8 208.9 210.6 217.5 218.9 219.3 218.3 217.2 215.4 211.3 210.2 209.9 207.5 197.4 207.3 212 214.4 214.6 213.4 211.5 210.5 209.5 210 209.1 207.9 206.2 204.5 202 199.4 197.1 195.2 192.5 189.8
255.9 254.5 253.1 251.6 249.8 247.2 244.1 241.4 240.2 244.1 244.1 243.2 242 240.9 239.6 237.8 236.7 234.3 232.3 229.7 226.8 224.7 227.9 231.1 231.4 229.6 227.5 223.7 221.4 223 221.6 222.1 223.9 225 224.8 223.6 221.5 216.2 214.1 219.8 219.8 215 213.7 217.2 218.7 219.1 217.5 211.6 213.2 220.2 221.6 221.4 220.4 218.9 216 212.6 214.1 213 209 202.8 211.7 215.9 217.5 216.9 215.7 215 214 213 211.9 210.4 209.2 207 204.7 202.5 199.9 197.7 195.2 192.2 188.5
255.2 253.7 252.1 249.9 248.1 246.4 245.7 243.7 241.7 244.6 243.8 242.4 241.2 239.8 238.5 236.6 233.9 231.3 228.8 227.1 225.3 228.4 231.7 233.2 233.4 231.4 228.6 225.1 226.8 227 226.1 225.8 227.3 227.7 227.4 226.1 223.1 214.9 220.7 223.5 220.8 214.5 217.9 220.9 222 222.1 220.8 214.4 215.4 222.5 223.5 223.3 222 220 215.8 217 216.9 215.1 209.9 209.1 216.4 219.6 220.4 219.4 218.6 217.2 216 215.1 213.7 211.9 209.8 206.7 204.1 201.9 199.7 197 193.1 188.8 183.5
254.6 253.8 252.5 251.2 249.5 249 247.2 242.9 244.4 244.8 243.4 240.6 239.6 238.6 237 235 234.1 233.5 232.8 230.6 229 232.2 234.6 236.7 237.2 234.9 230.9 230.7 229.8 230.1 230 230.1 229.9 229.9 229.8 228.1 223.4 217.1 225.4 225.6 220.1 219.6 222.8 224.3 225.1 225 223.6 217.7 217.6 224.4 225.5 224.6 223.1 221.1 218 219.6 218.9 216.7 210.9 213.7 220.1 222.4 222.8 221.4 220.8 219.6 218 216.8 214.9 212.5 209.5 206.4 202.9 199.2 195.6 191.3 186.5 180.6 181.7
257.4 256.1 254.6 252.9 251.2 250.4 246.9 243.4 245.9 244.5 243.9 243.7 243.2 242 242.2 240.3 238.2 238 236.4 230.8 233.9 234.9 237.3 239.9 240.2 237.5 233.8 233.1 233.8 234.8 236.2 235.4 233.1 232.7 232 229.8 223.6 223.7 229.2 226.6 221 224.8 226 227.2 228.1 227.5 226.1 219.9 220.2 226.4 227.4 226.5 224.2 221.6 221.9 222.1 221.1 219 210.3 218.1 222.3 225.2 225.7 225 223.6 221.6 219.8 218 215.6 212.8 209.1 204.2 198.3 193.4 191.4 191.4 191.3 191.6 190.7
258.1 256.6 255 253.3 251.6 250 245.6 246.6 246.4 246.5 246.2 245.7 244.6 245.6 245.4 244.3 241.7 240.7 237.4 235.3 237.5 237.8 240.5 242.3 241.9 240.2 236.9 237 239.2 240.6 240.7 239.4 237.2 235.8 234.3 230.7 222.9 226.6 231 226.4 226.9 229.3 230.3 230.1 230.8 230.2 227.8 221.7 223.6 229.3 229.8 228.5 226 224.4 225.3 225.2 223.7 220.6 212.7 221.8 226.3 229 229 228.1 226 224.5 222 219.6 217 213.2 208.1 200.3 199.5 201.3 201.2 200.8 198.5 195.8 194.1
258.1 256.5 254.9 253 251.3 248.4 246.4 248.3 248 248 247.9 247.6 246.7 248.1 247.9 246.8 243.9 242.7 236.9 239.9 241.9 242.8 244 245.4 245.3 244 241.4 241.9 243.4 243.1 243.1 242 240.6 239 236.7 231 224.5 229.1 231.8 228 233.1 235.3 235.2 234.4 233.8 233 230.7 222.6 228 232.3 232.7 231.5 228.7 228.2 229.1 228.4 226.2 219.8 219.2 225.3 230 232 231.7 230.4 229 227.2 224.8 221.4 217.7 213.1 205.2 204.6 207.8 207.8 206.4 204.9 202.4 199.3 196.2
257.9 256.2 254.5 252.8 250.6 247.6 249.1 250 249.7 249.9 250.3 249.9 249.3 248.8 248.4 248.1 246.2 244.1 238.5 243.6 245.7 246.9 247.5 248.9 248.6 247.2 246.2 246 246.5 245.6 245.1 244.5 242.8 241 237.6 230.9 228.9 233.7 234.7 232.3 237.6 239.5 238.3 236.9 235.3 234.9 232.8 223 231.7 235.3 235.5 234.4 232.1 232.4 231.7 230.2 227 218.6 224.7 228.9 232.5 234.7 233.9 231.6 230 228.6 225.6 222.1 217.8 210.2 208.2 212.3 212.2 209.8 209 206.8 204.9 202.5 198.2
257.4 255.4 253.7 252 249.4 249.8 251.2 251.2 251.9 252.1 252.8 252.7 252.2 252 252 250.6 248.4 245.5 241.1 246.4 248.7 249.3 249.9 251.2 251 249.8 249.3 249.1 249.3 248.4 247.7 246.3 244.6 242.2 237.5 230.4 234.4 237.7 236.6 234.4 240.7 242.4 240.6 238.9 237.7 236.5 234.1 226.2 235.4 238.2 238 236.3 235.4 235.5 234.4 231.6 226.7 222.6 228.3 232.7 235.1 236 235.1 233 231.4 229.1 225.3 221.7 215.4 210.9 215.7 214.3 213 210.5 209.3 208.9 207.4 203.7 197.2
257.3 254.8 252.5 250.3 250.9 252.2 253.1 252.9 253.5 254.9 255.4 255.2 255.2 255.3 254.8 253.2 250.8 247.5 244 249.6 251.8 251.2 251.6 252.6 252.5 252.2 251.7 251.3 250.7 249.9 248.5 247.1 245.4 242.3 236.7 233.5 238.4 240.3 239.5 237.1 242.1 242.9 241.8 240.4 239.5 237.5 234.4 229.5 237.5 239.6 238.8 237.6 236.7 236.9 235.8 232.2 225.3 227.7 231.9 235.3 236.5 236.4 235.2 233.6 231.4 227.9 224.3 218.8 213.1 217.6 217.5 216 215 212.5 210.9 209.6 207.7 202.2 194.8
256.9 254 252.3 253.7 254 254.4 255.5 254.9 255.9 257.1 257.6 257.7 257.3 257 256.1 255.2 253.2 250.2 246.2 252.4 253.7 253.3 253.4 253.8 253.6 253.4 252.9 252.4 251.8 250.8 249.4 247.7 245.7 242.1 236.3 238.8 242.9 242.9 240.9 240 242.6 243.2 242.2 241.9 240.5 237.7 233.7 232.1 237.9 239.4 239.6 238.2 237.4 236.6 235.6 230.7 226.6 231.7 234.3 236.4 236.9 236.6 235.1 233.2 229.6 225.9 219.8 217.1 219.3 219.6 220.4 220.3 219.3 216 213.4 211.2 206.1 201.2 203.1
257.1 254 256.1 257.2 256.4 256.7 257.5 257.6 257.3 258.7 259 258.9 258.3 258.1 257 255.7 254.1 251.4 248.8 253.9 254.8 254.6 254.5 254.9 254.5 254.1 253.5 253 252.4 251.2 249.5 246.8 245 240.8 236 243.1 244.7 244 241.8 241.9 242.9 244.1 244.1 242.6 239.8 236.1 231.9 234.4 237.3 239.7 240 239.2 238.5 236.9 234.7 229.5 232.3 234.3 236.3 237.5 237.5 236.9 235.2 232.9 227.9 221.5 222.5 224.7 225.7 226.3 226 222.3 220.8 216.6 214.2 209.9 203.9 203.1 209
256.7 258.1 259.5 259.7 258.7 258.7 259.2 259.1 258.2 259.5 259.9 259.8 259.3 259.2 257.9 256.6 254.5 251.6 250.7 255.1 255.8 255.6 255.3 255.2 254.9 254.4 253.8 253.1 252.1 250.8 249 246.5 243.1 239 242 245.2 245.9 244.9 241.8 243.8 243.9 243.9 242.9 241 237.7 234.1 236 237.9 237.7 239.6 241 240.6 239.9 238.1 235.2 232.7 236 236.1 238.4 238.9 238.6 237.6 235.9 232.9 226.6 225.7 228.8 229.4 230 229.8 228 225.2 221.9 218.9 215 209.8 205.1 209.7 214.1
258.3 260.2 259.6 260.2 260 259.8 260 259.8 259.3 259.7 260.2 260.3 260.3 259.7 258.5 256.9 254 252.1 250.9 256 256.2 255.7 255.2 255.3 255.1 254.5 253.7 252.9 251.8 250.6 247.9 244.2 240 240.2 245.7 247.2 247 245.8 244.1 245.4 244.9 244.2 243.1 240.1 236.7 236.1 239.5 240.1 240.2 241.3 242.3 242.1 241.3 239.7 235.7 236.6 239.2 240.5 240.5 240.7 240.3 238.9 236.7 232.6 226 231.4 233.4 233.4 233.9 232.7 230 227 224.5 220.9 215.9 209.5 212.3 216.3 219.2
259.6 261.5 262.2 261 260.3 260 260 260.2 260.2 260.3 260.2 260.6 259.3 260 257.7 256.6 255.8 255.2 252.3 255.9 256.2 255.9 255.4 255.6 255.3 254.5 253.4 252.3 251.1 248.6 245.1 242 244.2 244.6 247.8 248.9 248.1 246.5 245.1 246.8 246.2 245.5 243.9 241 237.2 239.8 242.4 243.1 242.4 242.8 243.4 243.8 242.8 241.1 237.1 240 242.4 243.3 243.5 243 242.3 240 237.2 231.5 232.5 235.2 237.6 238.2 237.7 235.5 232.7 230.2 227 221.3 217.6 213.4 218.5 222.4 224.7
260.4 261.7 263 262.1 261.2 261.2 261.3 261 260.9 260.5 259.9 258.3 260.7 259.8 258.9 257.1 257.2 256.3 254.7 254.4 256.4 256.2 255.8 254.9 254.5 253.5 252.2 250.4 247.9 245.3 244 245.1 247.7 248.3 249.3 249.9 249.2 248.5 248.4 248.4 247.8 246.6 244.4 240.4 239.1 241.6 244.6 245 244.3 244.5 245.9 245.4 244.3 241.5 238.5 242.3 245.2 246.9 247 245.8 243.7 240.5 236.4 232 236.2 239.5 242 242.6 241.6 239.6 237.2 233 227.5 222 221.7 219.6 224.3 228.7 229.3
260.6 261.9 263 262.8 262.4 262.5 262.5 262.1 261.7 262 261.5 261.7 260.9 260.1 259.3 258.2 257.8 257.2 255.9 255.1 255.5 255.4 255.1 251.9 253.4 251.5 250.1 248.2 247.7 246.8 247.2 248.8 249.9 251.3 253.3 252.8 251.2 250.5 250.5 250.4 249.6 247.8 245.6 243.8 241.7 241.5 245.7 246.6 246.5 246.6 248 247 245.5 241.8 241.2 245.2 248.7 250.1 249.9 247.8 244.6 239.7 235.2 237.7 239.8 243.3 244.8 244.8 244.7 243 239.3 232.8 226.5 225.5 228.4 226.8 231.2 232.4 232.6
260.7 261.5 262.3 262.5 263 263.1 263.1 262.9 262.8 262.5 262.2 261.7 261 260 259.3 259.1 258 256.8 255.8 256.1 256.3 255.7 255.3 254 252.6 250.3 251.2 251.7 251.4 250.1 250.5 252 253.5 255.2 256.5 256.4 254.5 254.1 254 253.3 252.3 250.1 248.9 246.7 245.3 243.6 246.3 248.7 249.2 250 250.4 248.9 245.6 242.7 242.7 247.6 250.9 251.8 251.5 248.9 242.7 239.8 239.8 242.2 244.8 246.4 246.7 247.1 246.7 244.1 238.1 230.7 226.5 231.2 235 234.6 235.6 235.6 234.8
260 261 261.7 262.4 262.8 263.2 263 263 262.4 262.2 261.8 261.4 260.7 259.9 259.4 259.3 258.2 257.8 257.6 257.2 256.9 256.4 256.2 256 255.2 252.5 253.7 254.6 254 252 253.4 255.4 256.8 258 259.1 259.7 258.7 258.5 257.8 257.5 256.7 255.3 253.6 250.6 249.1 247.1 247.1 251.5 253.1 252.8 252.9 251 247.6 246.4 244.9 249.6 252.3 252.8 252.5 249.6 247.6 245.1 245.8 247.2 248.2 248.8 250 248 247.5 242.8 235.9 236.7 238.1 239.6 240.8 238.7 238.3 237.6 235.7
259.3 260.3 261 261.4 261.6 262 261.8 261.7 261.9 261.5 261 260.7 260.3 259.8 259.2 259.9 260 259.7 259.6 259.5 258.7 258.8 258.9 258.8 258.5 256.8 257.1 257.7 256.9 254.4 256.7 260.5 261.4 261.7 262.3 261.1 260.6 260.5 260.3 260 259.2 257.2 255.7 254.2 253.7 251.1 252.4 254.1 255.2 255.1 254.8 253.6 252.8 251.7 251.5 250.1 253.1 254 253.9 252.5 251.6 250.4 250.7 251.1 251.4 253.1 253.2 250.3 246.1 241.5 239.6 241.8 244.8 245.6 244.3 242 240.9 239.5 237
257.9 259.6 259.8 260 260.2 260.4 260.4 260.5 260.7 260.8 260.9 261.2 260.9 261 260.5 261.4 262.3 262.3 261.9 261.8 261.3 262 262.5 261.8 261.2 259.4 260.6 260.8 259.8 257.3 259.8 262.2 262.8 263.1 262.5 262.8 262.2 262.1 261.1 260.8 260.3 259.6 258.5 256.9 255.9 255.9 255.1 256 256.6 256.7 256.7 256.1 255.7 255.4 255.1 253.6 254.1 256 256.2 256 255.5 255 254.6 255.1 255.4 254.1 253.5 249.7 244.8 244.6 244.5 243.5 248.2 250.6 248.7 245.2 243.2 241 238.1
256.1 257.3 257.7 257.8 258.3 259.3 258.9 258.9 259.9 260.6 261.8 261.9 262.2 262.1 262.2 263.4 264.1 264.8 264.4 263.9 263.8 264 264 263.7 262.6 262.1 263.1 262.6 261.7 260.2 261.8 262.8 263.6 263.2 263 262.4 262.8 263.2 262.7 262.6 262 260.4 259.9 259 258.2 257.6 257.6 257.7 257.9 258 258.6 258.9 258.6 258.6 258.4 256.9 256.9 259 259.2 259.1 258.4 258.2 258.3 259.1 257.8 254.6 252 247.3 245.4 247.7 246 247.8 253 254.8 252.9 247.6 244.7 242.3 238.2
240.9 254.1 255.5 256.2 257.5 258.5 259.4 259.4 259.6 261.3 262.6 263.6 264.1 264.7 264.6 265.4 265.4 265 264.4 264 263.9 264.1 264.4 264.2 263.5 263.3 263.5 263 262.3 261.6 262.2 263.1 263 263.4 263.1 262.1 265.1 264.9 265.1 265 264 262.4 262.2 261.1 260.1 259.8 260 259 260.1 261.4 261.7 262 261.8 261.4 261.1 260.7 260 260.7 260.9 260.7 260.4 260.6 261.8 261.6 258.9 254.5 249.8 251.6 251.6 250.8 249.3 251.6 255.1 256.6 254.8 249.3 245.9 241.6 235.9
226.8 238.5 251.5 255.3 257.4 258.3 258.7 258.6 259.7 261.6 263.4 265.1 265.9 265.9 265.8 265.6 265.3 264.8 264.3 263.8 263.8 263.9 264 264 263 263.2 263.7 263.1 263 261.9 262.2 262.2 263 263.4 262.5 262.1 266.1 266.9 266.6 266.2 266 264.6 264.4 263.9 262.8 263 262.4 262.3 262.6 263.6 263.6 263.7 262.9 262.5 262.1 262 261.4 261.4 261.7 261.5 262 263.5 263.8 262.2 258.4 254.3 254 255.6 255.2 252.4 254.3 255.5 253.7 255.4 255.2 250.5 246.3 239.3 240
215.4 225.5 243.9 254.9 257 257.7 257.7 258 259.8 262.1 264.3 266.1 265.9 266.2 265.8 265.2 264.8 264.2 263.5 263.2 263.3 263.2 264.1 263.4 262.8 263 264 263.1 262.8 262.1 262.1 261.5 262.9 262.6 261.7 262.5 266.1 267.3 266.7 266.8 267.2 267.4 267 266.2 265.5 265.5 264.8 265.1 265.2 264.9 264.8 263.9 263.8 263 262.7 262.3 262.2 261.9 262 262.8 263.6 264.2 262.6 260.2 258.4 255 255.2 255.7 257.3 255.9 257.8 258.3 256.9 255 254.7 251.1 246.9 244.9 244.6
216.6 220.3 233.8 251.7 255.1 256.1 256.8 258 259.3 262.1 264.8 265.8 265.6 265.9 265.2 264.5 263.9 263.3 262.2 262.2 262.5 262.5 263.3 263.1 262.6 263.7 264.3 264.3 264 263.7 262.1 260.9 261.3 261.4 260.8 262.6 265.7 266.9 267.1 267.8 268 268.2 268.2 266.9 267.3 266.9 266.6 265.9 265.4 265.7 265.4 265.5 264.6 263.5 263.7 262.4 262.1 262.8 262.5 262.9 263.4 263.7 261.3 260.1 258.5 258.1 256.7 257 257.5 257.3 257.7 258.6 257 255.9 254.2 252.4 249.6 248.1 246.6
225.8 233.4 239.4 246.5 254.4 256.3 257.9 259.6 261.7 263.6 265.4 265.8 265.6 265.3 264.6 263.8 263 262.1 261.1 261.1 261.4 261.8 262.2 261.9 262 264.6 265.9 266.6 266.3 265.9 264.3 261 258.7 258.8 259 261.8 265.1 266.4 267.6 268 268.7 269 268.8 268.3 267.6 267.9 267.3 266.8 266.9 266.5 265.9 265.6 264.9 264.7 264.1 261.8 262.2 262.2 261.9 262.1 262.1 261.6 260.7 260.6 260 259.6 258.9 258.6 258.3 258.7 258.6 258.3 256.9 256 254.4 252.5 250.9 249.2 247.9
234.5 254.9 256.6 256.9 257.4 256.9 258.2 260.7 263.7 265.6 265.9 266 265.6 264.8 263.7 262.6 261.8 260.9 259.8 259.6 259.9 260.1 260.4 260.2 261.6 265 266.9 267.3 267.6 266.7 265 261.6 257.3 255 255.3 259.3 263.2 265.9 267.6 268.4 269.3 269.2 269.2 268.8 268.3 268.1 267.6 267.7 267.5 267.7 266.7 266.2 265.2 264.4 264.1 263.4 262.1 260.4 259.2 259.9 261.1 260.8 260.1 260.2 260.8 260.5 260.4 260.1 259.8 259.1 258.7 258.4 257.6 255.6 253.6 252 250.1 249.2 247.6
256.1 258.3 258.3 258.2 258.2 258.5 260.5 262.9 265 266.4 266.3 265.9 265.2 264.3 263.5 262.5 261.3 259.5 256.1 255.9 257.8 256.9 257.3 258.6 259.8 264.1 267 268 268.1 267.2 265 262.1 257.3 251.4 252.1 255.5 260.8 264.7 267.1 268.5 269.3 269.1 269.5 269 268.3 267.7 267.9 267.3 266.6 266.9 266.1 265.7 265.6 265.3 263.5 262.7 262.3 260.6 258.1 258.6 260.1 260.8 260.6 261.3 261.3 261.3 261.3 261.2 260.8 260.2 259.7 259.3 258.2 256.1 254.3 250.6 248.1 246.9 246.1
