public/OST50/SE59.asc
ncols 200
nrows 200
xllcorner 450000
yllcorner 490000
cellsize 50
[rows 0 to 34 of 200, columns 0 to 77 of 200]
172.9 174.9 175.8 175.8 176 175.5 174.3 173 168.8 168 167.2 168.5 169 169.3 171.4 172.4 169.5 166.3 167.1 167.9 172.1 171.4 173.8 175 177.3 178.4 179.7 181.9 185.7 191.2 198 204.7 211.7 218 221 223.7 224.4 225.3 228 229.3 232 233.5 233.9 233.2 239.7 248.5 258.1 266.8 279.4 287 302.4 312.3 317.8 327.5 332.8 335 334.3 330.3 326.6 318 304.1 287.3 274.5 264.2 255.8 247.8 241.5 233.9 226.6 219.6 217.2 213.1 207.9 201.5 198.8 197.8 195.3 191.5
177.4 179 178.6 179.3 179 178.5 177.6 176.4 172.8 171.8 171.5 171.6 171.3 171.5 175.1 177.5 173.4 172.4 174.3 172.8 169.7 169.9 170.1 171.9 173 174.3 176.3 178.1 180.6 183.8 188.2 194.2 203.4 209.5 214 216.6 216.3 217.1 218.2 219.7 226.2 229.1 222 228.6 236.5 244.6 254.2 262.5 274.9 286.6 298.4 309.2 316.4 326.2 332.1 336 337.1 333.7 330.5 324.3 312.5 291.5 278.2 267.6 257.9 250 242.4 235.2 227.7 222.4 217.6 211.2 205.6 203.7 206.4 203.9 204.3 202.4
182.5 183.1 183 183.2 182.6 182.2 181.4 179.3 177 174.4 174.5 174.3 177.8 183 187.9 190.2 187.9 184.2 182.5 178.2 174.4 174 173.5 172.9 173.4 173.8 174.6 176.3 176.4 179.4 183.1 188.2 198 200 203.7 208.8 207.7 209.3 209.8 212.4 217.7 215.1 216.4 223.2 233.4 242.8 254 262.4 270.6 281.6 290.5 308.4 317 326.7 331.8 335.4 340 335.3 331.7 327.9 315.3 294.8 278.6 269.1 259 251.2 243.8 236.5 230.2 221.9 215.5 212.8 209.6 214.7 213.9 212 213.6 211.5
188.3 188.7 189.7 189.3 188.4 188.8 187.6 185.9 181.7 179.3 178.9 182.2 192.5 200.1 205.5 207.4 205.1 203 198.3 192.4 185.8 181 177.8 177.9 177.8 178.2 178.8 178.5 178.3 179.1 179.8 183.1 189.2 191 193 198.3 197.1 197.4 200.7 205 201.9 206.1 215.1 228.3 234.5 242.8 252.5 255.2 264 271.7 285.1 305 320.2 326.4 331.3 334.8 342 336.8 331.6 326.6 320.2 299.3 281.9 270.1 262.5 251.2 246.7 241.3 230.8 225.3 221.8 224.2 219.5 226 220.1 220.4 222.1 220.9
201.1 202.8 205.2 204.7 203.8 205.3 203.2 202.6 197.8 194.5 192.5 194.3 206.2 214.7 221 224.4 224.5 222.3 219.1 214.1 206.9 199.8 192.9 186.4 182 182.3 182.2 182.9 183.7 183.9 180.6 181.3 183.5 185 186.6 188.8 190.2 192.1 195.3 196.3 202.5 211.5 219.1 226.2 232.1 236.7 243.5 251.1 256.6 267.5 281.9 295.4 317.5 324.7 328.7 333.5 340.6 338.5 332.1 326.9 321.4 307.6 290.1 275.9 265.9 256.7 247.1 241.6 235.8 230.8 230.2 236.1 228.6 232 227.2 229.2 228.7 224.8
216.4 219.6 219.6 221 221.2 219.8 220.4 220.3 216.2 213.8 213 213.4 220.1 225.9 236.1 242.1 242.6 240.5 236.1 231.9 226 219 210.7 201.3 191.1 186.6 185.9 187.3 186.7 187 186.1 185.8 184.2 184.7 186.3 187 189.5 190.8 193.4 193.6 197.8 206.8 214.1 220 225.9 231.2 237.4 246 255.6 263.6 276.2 288.4 309 318.8 325.8 332.8 341.1 341.2 335.5 329.2 323.7 314.8 298 284 272.8 260.6 253.3 247.2 241.5 239.3 241 242 237.2 236.3 234.6 236.8 234.6 220.4
241.3 242.8 244.3 244 241.2 239.5 240 237.5 235.7 235.4 234.5 234.8 238.1 241.1 252.9 261.2 264 259.3 254.5 246.8 241.6 234.4 225.7 214.9 202.7 196.1 193.3 192.3 189.4 189.9 190.6 190.8 190.1 189.7 192.6 193.1 195.4 197.9 198.1 198.1 196.4 198.4 206.7 213.9 220 225 236.1 240.8 252.1 262.1 271.1 282.5 297.2 314.9 324.1 333 342.9 346 341.5 337.6 326.9 320.2 307.9 295 280.7 268.8 261.3 253.8 253.4 254.8 252.4 248.1 244.6 242.5 240.9 240 233.2 213.9
270.5 273.7 276.6 270.8 273.9 266.6 265 263 260.5 260.4 260.7 256.4 257.6 262.4 270.9 280.4 289.1 283.2 279.4 270.3 258.1 247 236.5 226.5 214.9 206 204.3 199.5 196.3 196.4 195.2 195.3 197.8 197.6 196.8 199.7 207.9 208.6 206.3 205.4 204.7 201.7 201.3 209.5 218.4 226.3 231.7 238.5 249.7 260 266.6 278 291 307 324.4 333.2 343.2 347 345.7 341.9 333.4 324.4 313.8 304 291.1 280.5 270.4 268.6 268.6 270.5 265.3 258.9 252.1 247.9 244 237.6 224.6 212
279.9 287.5 289.7 287.7 290.7 292.8 295.9 292.3 288.6 288.9 286.1 282.7 276.2 276 283.5 301.2 313.4 314.8 307.5 294.2 277.5 261.6 245.8 236.9 228.3 215.7 216.3 215.2 213.8 211.1 209.2 208.4 206 213.8 208.1 207.3 216.5 218.3 217.4 216.5 214 213.2 204.2 206.6 215.4 225.8 232.5 237.8 245.2 255 264.2 275.1 286.8 299.5 320.5 331 341.1 347.3 348.5 345 340 327.2 321.9 309.5 303 295.7 287.3 287.1 288.2 284.5 276.8 270.2 260.8 251.8 240.4 228.2 223.7 220.2
291.3 297.2 301.4 299.9 299 299.1 302.1 303.7 304.9 306.3 306.8 306.8 303.5 293.4 299.9 313.5 328.1 331.6 329.1 318.7 300.1 279.2 263.5 251.4 240.8 230.8 228.2 230.4 233.5 231.3 229.9 224.2 217.6 225.8 218.6 219.2 225 227.1 226.2 225.4 223.2 220.4 213.2 204.6 209.1 221.4 227.3 234.1 242.4 250.5 261.6 270.7 283 296 315.9 328 339.5 348.1 352.3 348.9 342.9 332 326.1 320.3 314.7 312.1 308.9 307.8 306.5 300.5 290.5 281 269 257.6 250.4 235.5 238.8 237.8
292.8 298.5 302.8 306.3 308.9 309.2 310.8 311.4 313.6 317.1 323.9 323.8 321.6 315.6 315.7 328.7 334 336.9 335.2 331.8 317.3 302.5 282.9 269.8 256.2 247.9 241.7 250.3 253.1 250.6 247.7 241.9 234.7 234 233.6 231.6 237.6 239 240.4 237 233 226.5 221.2 213.9 209.6 218.3 225.5 231.3 239.4 248.3 259.1 268.7 279.6 294 309.5 324.5 337 346.2 355.3 353.1 347.5 340.9 332.7 328.4 325.8 324.3 322.9 323.6 325.5 319.7 306.1 290.7 277.8 269.4 256.9 252.5 248.5 242.1
292.2 298.4 303.6 308.5 312.7 315.4 318.4 320.7 322.6 327.7 331.8 332.4 335.7 335.1 336.1 337.1 344.9 345.4 340.2 334.4 325 313.8 305.3 289.7 276.5 266.3 262.3 267.2 277.9 272.5 265 257.2 250.1 248.4 250.6 248.6 253.3 253.5 254.8 253.6 245 235.8 228.7 222.8 213 216.3 225 230 238.3 246.6 255.6 266.3 276.1 288.7 303.1 317.5 330.1 342.2 352 359.1 357.2 350.3 344 339.8 337.2 334.7 333.4 332.5 333.2 332.2 321.8 303.6 291 276.7 268.6 265.9 260.8 250.9
292.5 298.2 303.4 307.5 312.3 317.2 321.7 326.8 329.8 333.3 336.9 338.2 340.3 342.4 343.4 344.1 347.3 349.7 349 339.1 331.2 320.8 313.9 309.8 303 281.7 286.8 289.5 301 296.6 285.6 274.6 272.3 268.7 269 268.9 272.7 274.2 272.8 266 259.2 248.8 239.6 229.4 222.4 215.5 218.4 227.5 234.8 244.1 252.2 265.2 277.3 287.6 297.1 308.3 326.1 337.7 351.4 361.7 363.8 361.2 358 352.7 348.2 346.1 345.2 343 340.1 337.2 332.6 318.1 303.8 285.9 282.8 279.2 272.3 264
293.6 299.4 304.3 310 313.9 318.7 326.6 331.1 334.3 336.9 341.1 343.7 346 349.1 349.5 349.5 349.8 350.2 349.8 345.3 335 328 321.4 317.6 314.7 313.2 315.8 315.5 317.8 316.9 310.1 297.4 294.7 289.8 290.4 289.6 294.9 294.7 290.5 284.2 276 262.9 251.2 239.9 231 224.5 222.8 222.5 227.9 237 245.9 262.6 276.3 286.4 299.6 303.3 322.7 336.8 350.2 363.1 369.7 373.7 370.1 363.2 358.2 357.3 357.2 354.2 350.6 343.1 338.2 333.4 318.7 307.7 301.5 293.4 280.5 273
297.1 301.8 307.8 313.6 317.2 321.5 329 334.2 337.5 341.1 345.5 349.3 352.5 352 352.2 352.8 352.8 351.2 350.1 348.4 343 334.8 328.1 326.3 326.1 326 327.9 328.8 328.6 329.9 325.4 322 322.4 317.1 315 313.5 317.2 314.7 309.1 301.4 292.3 277.3 262.4 251.5 241.9 235.5 231.6 230.8 228.8 233.6 246 256.8 273.3 283.5 295.4 301.2 322.4 336.9 350.2 362.8 370.2 379 379.8 371.7 367.7 365.8 365.3 363.2 359.6 352 347.3 342.8 335.6 327.2 318.8 307.8 297.5 289
300.2 305.1 310.8 315.7 320 324.8 330.2 336 339.6 344.2 349.2 354.6 357.4 354.2 351.8 353.5 353.1 350 349.5 349.6 348 342.4 335.8 333.1 332.8 334.8 336.6 338 337.9 339.7 337.1 336 335.4 335.7 334.5 335.6 335.1 331.3 325.6 320.1 308.1 292.3 276.1 263.3 253.2 246.7 240.6 241.6 240.6 235.4 243.9 257.7 270.3 280.7 292.9 299.1 318.8 338.9 350.8 361.3 368.9 379.7 384.2 379.2 375.1 372.7 372.9 370.6 365 361.8 358.3 354.7 349.9 341.5 332.7 319 309.3 306.8
303.9 308.6 313 317.5 321.7 326 331.3 335.9 340.5 347.2 353.8 360 357.5 353.1 350.2 351.9 351.4 349 348.2 348.4 347.2 345.2 340.3 336.1 334.5 336.1 339.7 342.3 344.2 345.3 346.5 346 346.6 347.5 349.9 351.1 350.9 346.7 341.3 335.4 327.4 313.8 294.8 278.8 266.7 259.5 253.7 251.6 251.1 249.3 246.7 255.2 265.4 277 293.3 296.5 313.8 339.4 350.9 359.9 368 377.1 385.4 384.5 380.3 380 379.2 376.3 371.4 368 367.2 365.7 362 354.3 346.2 336.3 331.1 323.9
307.2 310.9 314.9 318.9 325.1 329.3 333.3 337.9 343.4 349.7 358 359.2 355.5 350.9 348.5 347.4 348.4 347.6 345.6 345.6 344.4 342.4 337.7 335.5 334.4 334.9 338.2 342 345 347.3 350.6 353.6 354.5 354.8 359.7 363.7 364.9 358.9 352.1 347.1 340.3 331.3 318.4 293.7 281.7 277.6 270.6 262.9 261.4 258.8 252.4 251.3 261.7 273.7 288.1 296.3 314.2 339.9 350.3 358.1 367.2 377.2 386.2 386.7 385.5 384.7 385.2 381.5 378.2 375.9 372.4 372.4 372.5 369.9 358.9 355 350.2 344.1
310.9 316.1 320.5 325.2 329.5 334.2 337.8 341.8 346.9 352.1 356.8 356.5 352.5 349 346 344.3 343.3 343.2 341.8 339 338.7 336.3 333.1 333 332.6 334.9 337.7 341.1 344.3 347.5 350.8 355.4 359 360.7 363.5 366.1 368.9 368.6 363.4 356.5 350.4 342.2 331.2 320.6 303.5 297.5 288.5 283.2 277.4 269.2 263.2 252.1 261 274.1 287.9 297 313.6 342.4 349.9 357.2 367.1 377.5 385.5 386.6 386.8 387 387.4 386.3 384.1 382.3 380.2 378.7 381 380.4 376.5 372.7 370.1 363.7
316.2 320.9 325.2 329.6 334.4 339.2 342 345.8 349.8 352.4 354.4 353.8 350.6 347.5 344.4 341.9 338.8 337.5 336 333.6 332.1 330 329.3 329.8 331 333.6 337.2 340.3 343.4 347.5 352 355.8 360 362.9 364.9 366.7 369.1 370.9 369.7 365.7 358.5 352.6 343.5 336.7 328.9 319.5 309.3 301.3 292.7 287.1 280.9 268.6 262.9 276.4 294.1 299.9 315.9 343.1 349.7 356.9 367 377.9 385 386.6 387.3 387.7 387.9 388.4 388 387.1 385.2 384.7 385.9 386.8 388.3 387.4 384.1 381.2
321.8 326 329.8 333.8 337.6 340.6 342.8 346.2 349.1 351.4 353.6 352.3 348.7 345 342.7 339.8 336.1 332.1 331.5 329.8 327.8 326.2 326.6 327.6 329.9 333 336.2 340.2 343.5 348.2 352.9 357.4 361.2 363.6 365.3 367.6 370 371.9 372.6 371 365.5 361 354.9 347.5 341.8 335.5 331.9 322.7 313.3 308.8 301.5 289 275.9 275.7 293.4 305 318.7 344.4 350 356.1 365.6 378 384 385.9 387 387.9 388.6 389.5 390 389.7 390 388.6 387.2 389.2 391.4 392.9 394.3 393.8
326.9 329.5 332 334.8 337.1 340.3 343.5 346.5 348.6 350.6 352.2 350.4 347 342.9 340.6 337.6 333.7 330.1 326.6 326.4 324 323.1 323.6 325.8 328.4 331.9 336.4 340.7 344.2 349.1 355.3 358.5 362.3 364.6 366.7 368.6 370.4 372 372.7 370.7 368.7 367.4 363.3 358.8 352.7 348.5 344.9 340.4 337 332.6 327.5 313.2 296.3 280.5 294.3 309.5 325.6 344.6 349 357.4 366 377.4 382.6 384.6 386.8 388 389.3 390.7 391.2 391.6 392.8 392.2 391 391.2 394.8 397.7 397.7 396.5
327.8 330.5 333 335.6 337.3 339.6 343.2 346 348 349.8 349.1 347.7 344.3 340.2 338.1 335.1 331 327.7 324.3 322.4 321.3 320.8 322.3 324.7 327.7 332.3 337.2 341.5 345.8 350.7 356 359.8 362.8 365 366.9 368.3 369.8 370.9 371.9 370.2 369.8 370.3 369.8 369.5 365.2 359.4 356.1 352.5 350.3 346.2 340.9 334.3 317.9 303.2 296.9 326.1 337.7 344.2 348.5 356 362.8 372.7 380.9 384.2 387.1 388.7 390.1 391.4 392.6 393.5 394.2 394.2 394.1 394.4 397.4 400.3 401.1 400.4
327.5 329.9 332.6 334.8 337.3 339.5 342 344.9 347.2 348.5 347.4 344.6 341.4 337.7 334.7 332.1 328.3 325.3 322 319.9 318.9 318.8 321.3 324.4 327.4 331.2 336.7 341.1 345.7 351.4 356.2 359.8 362.9 364.9 366.2 367.6 368.9 370.1 370.7 369.2 368.6 369.9 371.3 371.6 371.8 370.2 368.5 364.2 361.7 358.7 354.8 348.7 340.6 328 313 314.4 337.1 342.9 347.7 353.8 360.4 368.1 376.3 381.3 385.8 388.3 389.8 391.4 392.7 394.8 395.4 395.3 395.9 396.3 398.2 400.3 402.6 403
326.6 329 331.5 333.7 336 338.7 341.1 343.4 345.6 346.5 344.3 341.7 338.9 334.8 331.4 328.6 326 323 319.6 317.5 316.7 317.3 320.3 323.1 325.8 329.4 333.2 339.6 345.9 352.1 356.9 359.3 361.9 364 365.3 366.3 366.6 367.7 367.9 367.2 367.5 369.8 371 371.8 373.2 374.5 373.9 372.6 371.7 370.5 365.6 360.5 354.3 346.9 340.2 328.6 328.2 340 345.4 351.8 357.6 364.8 373.1 376.9 381.5 386.3 388.7 391 392.9 395 396 396.6 395.5 396 398.2 400.1 401.9 402.8
329.2 331.6 332.5 333.2 335.2 337.1 339.5 341.6 343.3 342.4 339.9 338.7 335 332 328.9 326.2 323.2 320.1 316.9 315.3 314.9 316 319.1 321.9 324.7 328.7 333.8 341.1 346.9 352.6 356 358.4 360.7 362.6 363.6 363.5 362.1 360.6 362.7 363.8 365.8 369 370.3 371.8 374 375.6 376.1 376.3 376.4 376.8 376 371.9 364.9 359.3 353.8 347.7 342.2 335.5 340.7 347.9 355 361.4 369.1 374.2 377.9 384 388.9 391.5 393.5 395.1 396 395.2 394.9 395.8 397.6 400 401.6 401.6
330.4 331.9 334.1 334 334 335.5 337.5 339.8 340.4 338.6 336.8 335.4 331.9 329.8 326.6 324.1 320.7 316.7 314.3 312.8 313 314.7 318.3 321 324.6 330.7 336.6 342.8 349.2 353.5 355.1 357.1 359.2 360.7 361.5 360.4 357.9 357 356.9 359.4 362.7 366.2 369.5 371.8 374.3 375.8 377.1 378 378.7 379.8 379.8 378.3 375.8 369.5 364.5 359.3 354 350.2 345.8 346 352.8 359 364.8 372.7 377.9 384.9 388.6 391.4 394.1 394.8 394.9 393.8 394 395.5 397.3 399.5 400.8 400.9
333 333.6 333.4 333.4 333.1 334.5 335.8 337.4 336.5 334.8 333.2 331.4 329.2 326.3 324.1 320.9 317.6 313.9 311.7 310.8 311.3 314.3 317.7 321 325.4 333.1 339.7 345.5 349.3 352.8 354.6 355.9 357.6 358.5 358.3 356.3 355.2 353 353.1 356.4 359.5 362.6 365.9 370 373.2 375.1 376.9 378.6 379.8 380.5 381 380.8 379.5 376.8 373.1 368.5 363.3 359.9 358.2 354.3 353.3 359.7 366.3 373.1 380.2 385.7 388.2 391.5 393.6 394.3 393.6 393.2 393.9 394.9 396.7 398.8 399.6 400
333.7 335 333.8 331.2 331.3 332.8 333.9 334.8 333.7 331.9 330.2 327.7 325.1 323.2 320.9 317.4 314 311.3 309.2 308.8 310.3 314 317.4 321.3 326.5 335 342.9 345.8 349.1 352.1 353.2 354.8 356.1 356.1 354.4 353 351.5 349.8 350.7 353.4 355.6 359.3 363.3 366.5 371.8 374.2 376.5 378.2 380.1 379.9 380.5 381.3 380.9 379.6 376.8 372.8 368.3 366 363.8 362.8 361.6 364.7 371.2 378 382.2 385.4 388.6 390.8 392.6 393.4 392.1 391.6 392.2 394.1 396.1 397 397.8 399.3
332.5 334.6 332.9 331.4 329.6 331 331.8 332.5 330.4 328.5 327 324.4 322.4 320 317.1 313.6 310.6 308.5 306.7 308.3 310.5 313.8 317.5 321.8 328.9 337.2 343.2 346 349.1 351.9 352.4 352.9 354.1 352.5 350.8 348.4 346.9 346.9 348 350 352.8 356.1 360.3 364 369.8 373.5 375.3 377.2 379.1 379.4 379.7 380.7 381.6 380.5 378.2 375 372.8 370.5 368.2 367.9 366.1 369.7 375.2 380.3 383.9 386.7 388.9 390.5 391.9 392 390.3 390.2 391.3 393 394.4 395.5 396.6 397.8
331.8 332.1 332.2 329.9 327.8 328.5 328.9 329.8 327.6 325.8 323.7 321.9 319.9 316.4 313 309.7 307.5 305.3 305.5 308.2 311.9 314.2 317.6 323 329.8 338.5 343.2 345.7 348.5 351.7 351 351.6 351.8 349.7 346.6 344.5 343.7 344.3 345.6 347.7 350.7 353.2 358.1 363.1 367.3 371 373.9 376.6 377.7 378.3 379.6 381.4 382.2 381.4 380.7 378.7 376.8 374.7 372.8 372.4 372.1 374.2 378.1 382.4 385.4 387.4 388.7 390.1 390.9 390.5 389.4 388.4 389.8 390.8 391.6 392.2 393.3 395.4
330.6 331 331.4 329.1 327.3 326.1 326.9 327 324.8 322.9 320.9 318.9 316.3 312.4 308.5 306.3 303.9 302.4 305.3 308.7 312.3 316 320 325.2 331.5 339.6 343.3 345.5 348.5 351.4 351.5 350.7 349.3 347 344.2 341.5 340.8 341 342.8 345.3 348.5 351.5 358 362.2 366 369.6 373.2 375.7 376.7 377.7 379.9 383.6 385 384.1 382.9 383 381.6 378.1 376.5 376.6 377.3 378.4 380.7 383.4 386.2 387.9 388.7 389 389.8 388.2 387.7 385.6 386.3 386.8 386 386.7 388.5 390.6
329.2 330.1 330 328.8 326.2 323.1 324.2 324.7 321.8 320 318.2 316.5 313.7 309 306.3 303.3 300.4 301.3 305.1 308.8 312.7 316.9 321.6 327.2 334.3 339.8 342.4 345.3 348.9 351.1 350.5 348.7 347.4 344.5 341.7 338.5 337.6 338.5 340.7 343.5 347 351.6 356.6 361 363.8 366.4 371.8 374.5 376.6 377.6 378.9 381.6 385.5 386 385.5 385.4 383.8 381.3 379.4 379.4 380.8 382.2 384 386.5 387.2 388.2 388.1 387.8 387.5 386.5 385.2 382.8 381.2 381.7 381.9 382.8 384.6 386.5
327.7 328.2 328.4 328.2 325.9 322.1 321.4 322.1 319.7 317.4 315.3 313.5 311 307 303.5 300 297.5 301.1 304.8 308.5 312.7 316.8 321.8 328.2 334.9 339 341.6 345.2 348.8 350.9 348.6 346.6 345.3 341.5 338.4 335.9 335.2 336.3 338.6 341.6 345.2 348.8 354.2 358.8 361.7 365.5 370.5 374 376.3 377.7 378.8 380.5 383.3 386.2 386.7 386 384.5 383.4 381.7 382.6 383.6 383.8 384.9 387.1 387.8 387.7 387.6 387.2 386.1 385 383.4 379.8 378.1 377.7 377.6 378.9 380.9 382.6
326.2 326.4 326.7 326.3 324.2 321.1 319 319.3 317.2 314.3 313 310.6 308.8 304.8 300.7 296.8 298 300.5 304.7 309.1 313.1 317 322.7 328.1 334.6 337.9 341.4 345.3 348.6 349.5 347.5 346.2 343 339.1 335.8 333.2 332.8 334.4 336.3 338.9 343.4 347.6 352.5 357.2 361.2 365.7 370.7 374.1 375.8 377.4 378.1 379 381.4 385 386.1 385.2 384.1 383.4 383.4 384.5 384.6 384.6 385.3 386.7 387.6 387.4 387 385.8 384.6 382.7 380.5 376.2 374.8 373.9 374 374.6 377 378.9
