public/OST50/SE59.asc
ncols 200
nrows 200
xllcorner 450000
yllcorner 490000
cellsize 50
[rows 35 to 69 of 200, columns 78 to 155 of 200]
378.8 383 387 392.5 395.5 396.2 397.3 399.6 399.3 395.2 390 384.4 380.9 377.5 373 366.6 355 339 324.6 316.1 295 279.9 264 249.8 236.2 225.6 218.1 211.5 206.5 203.6 203.2 197.5 196.6 197 197.9 198.1 197.2 195.4 192.4 189.7 187.5 182.9 177.7 171.3 160.2 149.8 150 153.1 154.8 157.5 160.6 163.7 167.1 170.8 175.7 180.6 186.7 192.3 199.4 206.8 213.6 218.9 235.6 253.8 261.6 268.9 279.8 292.1 302.9 310.3 315.5 326.4 332.1 331.6 328.9 323.6 318.2 303.4
376.8 381.2 384.6 388.3 391.7 393.6 395.9 398 397.4 395.3 391.2 385.2 381.3 377.8 373.6 367.1 356.1 339.7 326.4 316 300.9 285.4 272.1 257.5 244.6 230.3 219.1 210.8 203.7 200.1 194.8 191.9 191.5 189.1 187.7 188.7 191.3 192.1 193.3 191.7 189.3 184.9 179.7 171.6 158.1 149.9 149.6 154.4 156.5 158.3 160.5 163.7 166.8 170.5 174.3 179.4 184.2 190.4 196.8 205.1 210.2 217.3 231.7 251.2 261 270.4 278.5 288.5 298.8 307.7 312.8 324.1 331.7 332 330.7 325.9 318.6 301.5
375.4 378.9 382.8 385.8 388.1 390.3 393 395.7 397.8 397.1 392.7 386.9 382.7 378 374.1 367.8 357.1 341.6 326 317.1 308.1 288.6 277.3 264.2 251.4 237 223.3 214.5 207.6 203 193.8 188.4 185.3 182.7 180.7 180.4 180.5 182.4 188.7 191 190 186.2 180.1 172.3 156.5 149.4 149.4 153.1 155.1 157 159.8 162.3 165.8 169.4 173.2 177.7 184.3 189.8 195.3 202.5 210.3 214.4 228.6 251.1 264.2 271.1 278.7 286.7 297.7 307 312.6 323.2 331.8 333.6 332.4 325.8 318.3 299.2
373.7 376.9 380.4 383.6 387.1 389.8 391.7 394.4 397.6 399 395.4 388.8 383.5 378.9 374.3 368.3 358 341.5 326.3 317.4 306.3 288.8 283.8 266.7 251.7 237.9 225.3 214.8 211 208.4 200.7 192 187.9 182.5 177.9 174.9 175.7 175 176.6 183.7 185.5 184.3 180.4 173.1 158.2 148.7 149.1 151.6 153.7 156.1 159.2 162 168 172.4 175.9 180.4 185.1 189.7 194.5 202.1 208.4 217.5 235.6 256.8 267.1 273 277.6 287.4 297.2 305.3 312.5 321.3 332.3 333.8 333.1 326.2 317.6 298.4
372.1 375.3 378.7 382.5 385.9 388.5 390.3 393.3 397 398.9 397.3 391.8 385.1 378.6 373.6 368 358.8 343.3 326.6 317.2 304 288.9 277.9 262.4 247.2 236.2 223.8 214.3 211.9 207.5 199.1 195.1 192.9 191.3 185.3 172.1 168.7 169.8 170.6 171.9 175.1 177.1 176.1 171 161.6 148.7 148.9 151.7 153.9 155.9 159.4 162.2 167.4 171.3 174.8 179 182.1 187.3 193.5 202.2 207.2 218.2 236.9 258.1 268.6 275.4 280.6 290.3 297.8 307.3 312.7 322.6 332.8 334.7 332.6 327.1 316.1 296.6
370.6 373.8 377.1 381 384.6 387.6 389.7 392.8 395.8 398.7 398.5 394.3 387.2 380.4 374.8 367.4 359.3 345.5 328 318.3 303.5 288.8 276.9 260 248.3 240.2 227.6 219.7 214.6 209.9 206.9 205 202.1 199 194.2 185.2 174.6 169 164.7 166.6 167.5 167.1 167.1 165.9 161.9 150.1 148.3 149.4 152.7 156 158.8 161.8 165.9 169.3 172.9 175.1 180.8 186.3 192.8 198.9 207.4 218 234 252.5 266.8 276.8 282.6 294.3 304 309.6 314 320 331.4 333.9 330.2 324.2 314.8 295.2
368.8 371.9 375.1 379.3 383.4 386.4 388.5 390.8 394.5 397.7 398.3 396.1 387.8 381.3 373.5 366.8 360.7 349.9 332.9 320.7 304.1 288.6 276.9 266.4 257.8 247.7 237.8 227.9 220.3 216.5 214.3 211.3 206.7 200.6 193.6 186.8 183.7 178.3 166.1 161.1 164.6 163.4 162.7 161.4 158.8 154.6 149 148.1 149.9 154.4 157.3 161.7 164.2 166.9 171 175.9 180.3 185.1 191.3 197.5 207.5 218.8 236 254.4 268.7 278.2 285.1 297.7 306.7 310.9 314.8 320.2 329.8 331.1 326 319.3 307.2 289.4
367.4 371 373.7 377.5 381.8 384.6 386.5 389.3 391.8 396.6 397.9 397.1 389.1 382.5 375 368.1 362.8 354.7 340.6 324.2 306.9 294 284.8 278 265.7 255.1 244.3 232.3 228.7 222.5 217.2 212.8 207.7 203.5 201.8 198 194.3 188.6 170.7 159.9 160.1 159.4 157.6 156.4 152.9 151.2 150.1 148 148.1 150.9 153.9 157.5 161.9 165.5 170.2 174.5 178.8 183.2 190.2 197.2 206.1 220.6 236.7 252.2 270.2 277 284.3 295.5 305.8 309.5 313.1 317.6 322.9 325.5 322 313.9 297.9 283.9
366 369 371.2 374.9 379.6 382.6 384.3 387.1 390 393.4 397.2 397.5 390.4 383.4 377.1 369.7 365.6 358 345.4 330.9 315.6 298.2 289.5 284.9 268.9 258.4 248.1 238.8 231.1 224 219.2 214.8 211.9 209.8 206.1 194.9 182.7 172.4 163 160.5 157.8 156.7 155.4 153.5 152.3 150.5 149.6 147.7 147.8 149.4 155.4 159.5 163.1 165.7 169.8 173.6 177.7 182.6 188.2 196.6 206.8 219.3 232.8 248.6 268.7 278.7 284.1 289.1 297.9 304.7 310.9 314.8 320 321.8 317.8 312.1 297.2 280.9
363.8 366.5 368.2 372.3 376.2 380.1 382.3 384.9 387.3 390.3 394.8 395.8 391.7 384.3 379.2 371.9 367.1 359.1 346.9 333.3 321.4 308.7 292.7 285.7 271.7 259.5 246.4 239.1 230.7 224 221.1 218.5 214.5 204.1 187.6 171.6 167.3 166.6 167.2 167.2 164.4 160.6 157.8 155.8 154.3 153.1 151.8 149.8 147 147.8 154.7 158.8 161.7 165 168.2 172 176.2 180.9 186.8 195.8 205.1 218 231 243 255.9 274.7 282 285.3 290.2 298.1 307.3 312.8 316.3 317 313.9 307.7 299.6 281
361.3 363.8 365.8 368.6 373.2 377.4 380.7 382.6 385.4 387.6 391.7 395.6 392.1 385.4 380.9 373.9 366.9 357.8 345.2 331.5 323.1 314.6 299.4 283 270.4 256.6 246.6 232.4 225.6 223.6 220.7 216 204.2 186.4 176.2 174.3 173.2 173.4 172.1 170.9 168.2 165.2 162.6 160.5 159.3 157.4 156 151.4 147.2 146.8 154.3 157.9 160.8 163.8 166.8 170.1 174.7 179.4 185.2 193.4 203.3 214.1 226.4 239.3 250.4 263.7 273.7 280.4 283.5 289.8 298.4 306.4 310 312.7 310.7 304.2 297 278.4
358.8 360.8 362.6 365.7 369.6 374.8 378.2 381 383.5 385.4 388.1 391.8 391.5 386.3 380.9 374.8 368 359.2 346.4 333.9 323.9 313.3 301 284.7 268.5 254.5 242.5 233.3 226.1 209.2 203.6 193.9 185.9 181.9 181.1 180.4 178.4 177.4 175.9 174 171.5 168.4 165.7 163.2 160.6 157.9 155.8 151.2 146.7 147.2 153.4 156.7 159.4 162.1 165.1 169 173 179 185.5 192.3 201.7 209.8 221.4 234.4 246.4 254.8 267 274.8 280.2 284.4 289.1 295.6 303.8 307.5 307.3 301.5 295.4 279.5
355.2 356.8 359.4 362.3 366.6 372.9 376.3 379.3 381.4 383.5 386.1 388.6 390.9 387.5 382 376.9 370.4 362.2 349 335.5 324 312.8 296.6 284.3 267 251.7 238.3 230 220.2 200.5 195.1 192.4 188.5 186.4 186.8 184.2 182.1 180.5 179.6 177.1 173.8 170.1 166.2 161.9 159.4 156.9 154.7 148.5 146.2 148.6 153.3 156.6 159.3 162.2 165.1 168.8 173.1 178.9 184.7 190 198.9 206.8 216.8 227.9 239.4 246.7 258.8 268.3 275.1 279.4 284.3 290 297.3 304.7 304.3 301 296.2 281
351.8 354 356.3 359.4 363.3 368.7 374 377.4 379.9 382.3 384.4 385.7 388.3 387.3 382.9 378.5 372.3 363.4 349 336 324.2 311 292 273.8 259.9 245.5 234.3 224.9 211.2 205.1 203.5 199.7 195.1 195.8 196.3 193.1 186.3 184.4 183.5 179.4 174.9 170.7 166.2 159.2 155.3 152.6 150 146.4 145.7 150.1 153.5 156.5 159.7 162.2 165.1 168.3 173.1 177.6 183.1 190 196.9 206.1 211.5 222.7 232.5 242.1 250.9 259 271.1 278.5 283 286.8 293.4 299.7 301.7 299 291.3 280
347.1 350.3 353.3 356.5 360.6 367.3 371.1 375.5 378.1 380.6 382.9 384.1 386.2 387.5 383.2 381 376.6 366 351.8 338.3 325.5 308.4 288.6 269.5 251.2 239.3 230.1 222.9 219.6 213.6 208.4 203.6 204 202.8 202.7 199.7 194 189.9 187.6 183 177.4 172.6 168.7 168.6 167.4 158.5 150.1 146.4 145.6 150.1 153.3 156.4 158.9 161.4 164.4 168.4 172.4 177.3 183 188.8 195.8 201.8 209.2 216.6 226.9 235.8 243.3 252 260.9 275.5 281 285.2 292.8 297.7 298.8 295.4 286.2 277.4
343.4 347.4 350.9 355.1 359.9 364.1 368.7 373 376.8 379.8 381.8 383.2 386 388.1 386.6 384.6 381.5 370.8 356.7 340.3 326.7 308.9 286.1 269.7 258.2 247.5 239.8 232.4 226.2 220.9 214.6 211.8 213.4 209.2 208.1 204.9 200.8 195.7 191.7 186.9 184 184.1 186.3 186.4 183.7 172.1 154.8 146.1 145.7 150.5 152.9 155.5 157.8 160.2 163.2 167.2 171.1 176.5 181.8 187.8 193.3 199.1 206 211.7 220.6 228.8 236.7 245.3 254.9 264.3 277.5 283.1 288.6 296.3 296.9 290.5 282 274.1
341.3 346.1 350.4 355 359.1 364.1 367.4 371.2 375.4 378.5 381 382.6 384.9 388.2 388.1 386.7 383.7 378 362.4 342.6 326 311.6 293.4 275.8 263.6 255.8 247.7 241.9 236.3 229.5 224.7 220.2 220.6 217.8 213.4 209.4 206.3 202 195.4 192.4 193.2 194.1 195.8 194.5 188.6 180.7 158.6 145.2 145.2 150.5 152 154.1 156.2 158.6 162 165.6 169.7 174.8 179.7 184.7 190.6 196.3 201.5 207.4 212.8 220.5 229.5 236.9 249.6 258.9 266.1 277.7 283.3 287.7 291.1 286.2 280.2 273.1
341 345.7 349.2 353.8 359.4 363.8 366.6 370.3 373.8 377.4 379.3 381.6 385.2 388.7 389.8 388.4 385.6 382.2 358.7 333.7 323.4 312.1 298.1 285.7 272.7 266.3 260.7 254.1 246.2 240.8 235.1 234.6 227.7 222.2 220 215.7 211 205 200.8 200.1 202.2 202.4 203.7 200.1 192.4 182.5 158.3 146.1 145 147.7 150.8 151.9 153.8 156.1 159.3 163.1 167.3 171.7 175.6 181.2 187.2 192.9 197.7 203.4 209.3 211.8 220.9 231.6 243 251.5 257.8 267 276.3 283.1 285.7 282.7 279.2 270.8
341.5 346.1 350 355 359.7 362.9 365.8 369.3 372.9 375.9 378.4 381.1 385.7 389.1 389.7 389.3 386.3 382.7 354.2 333.8 325.2 309.8 299.4 292.7 288.8 282 272.5 270.2 261.8 256 250 242.2 235.6 231.1 227.3 222.8 217.8 212.4 209.5 207.1 208.2 209.1 207.1 202.3 193.4 184.1 163.8 148.1 146.6 144.5 147.7 149.3 151.3 152.7 156.4 160.2 163.8 168.6 173.9 179.7 185 190.3 194.9 199.7 203.4 207.9 214.4 224.7 234.5 241.1 248.1 259.3 268.6 280.7 284 280.7 277.7 267.2
341.8 346.2 351 354.7 358.9 361.4 364.3 367.9 370.8 374 377.1 381.9 385.9 388.5 389.8 389.5 387 382.9 353 340.3 325.8 311.2 310.6 309.9 309.1 300 295.6 287.2 281.9 271.5 262.4 253.6 245.2 242 236.6 232.5 228 224 218.4 215.6 214.8 213 208.1 202.3 193.8 184.6 169.2 154.2 149.7 146.2 144.5 145.3 147 149.6 152.2 155.2 161.7 167.1 172.6 176.8 181.8 187.1 192 196 199.5 205.1 211.2 215.8 224.4 231.9 240.7 251.2 262.5 275.3 282.6 280.6 277.4 263.2
343.9 347.4 351.6 355.4 357.6 360.4 363.5 366.7 369.1 372.9 377.6 382.7 385.9 387.9 389.7 389.7 387 383.8 365.6 349.6 336.5 328 330 333 329.9 322 318.2 310.7 305.3 288.2 273.1 266 259.6 252.9 244.3 242.3 239.8 236 227 224.5 221.1 215.3 208 198.5 187.2 179.2 170.9 162 154.5 149.1 145.4 144.3 144.2 145.8 146.8 152.3 160.5 165.3 170.3 173.9 179.1 185.3 189.8 192.2 195.3 199.1 205.7 212.7 218 226 235.4 242.9 255.9 269.3 279.9 281.2 278.5 260.5
345.5 349.1 352.7 355.2 358 359.6 361.7 364.5 367.8 374 379.4 383 386 388 389.2 389.4 388.3 385.2 380.4 368 356.1 351 351.1 352.9 354 344.6 334.3 327.1 322.6 299.6 284.8 277.7 270.1 264 256.6 255.5 249.7 246.1 239.7 230.6 227.3 218.8 209 200.3 191.2 182.5 176 169 163.1 157.7 151.4 146.6 143.7 143.5 144.9 150.6 157.9 162.8 167.1 170.5 178.4 183.5 185.9 187.5 190.8 195.5 200.9 208.8 214 218.8 228.1 237.6 246 261.1 274.1 282 278.2 259.2
346.9 349.9 352.6 354.5 357.2 359.1 360.9 363.4 367.8 376.4 380.4 384.8 386.8 387.9 389.3 389.9 389 387.4 384.2 381.9 376 371 369.9 371.6 368.6 358.7 348.5 340.3 330.3 308.4 297 284.5 278.3 272.3 269.5 267.8 261.3 257.7 251.6 243.1 232.1 223.1 215.2 204.8 195.3 187.5 180.9 172.1 167.5 159.9 154.6 150.3 145.5 143.3 143.5 149.6 154.9 158.5 163.1 169.6 176.2 179.1 182.1 184.1 187.3 192.7 197.4 202.2 208.5 214.3 221.4 231.2 240.2 250.6 265 278.8 274.9 257
346.8 349.3 352.1 354.4 356.2 358.9 360.9 363.5 368 374.9 379.5 383.6 386.2 389.6 391.1 390.9 390.4 388.8 387.1 385.8 383.9 382.6 381.6 380.9 380.2 373.3 361.1 350.9 344.3 318.1 307.8 304 296.7 285.6 278.9 274.8 271.6 267.1 260.8 252.3 239.6 231.2 222.7 215 204 191.9 182.1 175.2 168.3 164.7 157.8 151.9 147.6 143.7 143.1 147.3 152.6 157.8 163.5 168.4 173.5 176.4 176.9 181 185.1 189.2 192.4 198.6 202.2 209.8 216.9 224.7 234.5 243.3 254 261.5 263.4 252.5
345 348.3 350.2 352.3 354.5 357.9 360.8 364 368 373.5 379.3 382.6 385.8 389.2 390.9 391.8 391.7 390.4 389.9 388.9 386.9 386.2 385.4 385 383.6 382 375.2 365 354.7 346.7 336.6 332.4 322.9 311.1 301.4 288.4 278.5 272 271.6 260.8 250.8 240.3 230.1 220.6 208.4 195.2 185.8 176.9 171.5 166.2 162.6 152.5 147.9 143.2 142.6 146.7 153.7 157.6 162.3 166.9 170.2 172.6 174.4 177.6 180.9 185 189.8 194.9 199.8 204.6 212.5 218.1 228.8 237.5 244 247.9 248.1 243.9
341.3 345.1 348.5 352.2 354.2 357 360 363.9 368.9 374.5 379.7 382.8 385.3 388.4 390.4 391.2 391.6 391.7 392.1 391.1 390.2 388.8 388.5 387.3 385.7 383.9 381 373.9 366.9 358 351.1 344.9 339.2 334.2 327.2 315.9 300.5 283.9 275 268.2 258 250.5 238.2 227.3 215.7 205.7 191.5 181 175.8 169.1 160.7 153.5 147.7 143 142.5 144.4 152.2 157.2 161 163.5 166.1 167.7 170.9 173.9 177.7 181.2 186.2 190.8 195.3 199.7 207.1 214.1 220.6 230.5 236.4 236 236.8 231.6
343.8 347.9 350.1 352.3 353.6 355.6 359.6 365 370 375.3 379.8 383.4 385.2 387.5 389.1 390.1 390.8 391.7 392 392.3 391.3 391 390.7 389.1 387.9 385.6 383.8 380.5 376.8 369.4 362.8 355.1 349.2 343.8 337.3 332.7 325.6 305.5 286.6 273 263.9 255.3 247.8 238.1 230.6 215.5 199.4 188.9 181.2 171.7 162.2 153.9 147.5 142.7 142.2 143.6 150.8 155.6 157.7 159.5 162.5 164.4 166.4 169.7 173.9 178.4 183.6 186.3 191.7 196.9 201.9 209.1 214.8 219.7 225.3 223.9 224.3 222.1
346.4 350.5 353.3 355.2 356.9 359.4 363.5 367.5 371.8 375.2 379.3 381.4 385.2 386.6 387.6 388.4 389.3 390.7 391.4 391.8 392.2 392.2 392.1 392.2 390.2 388.3 385.3 383.5 380.7 376.9 369.1 363.5 359.7 355.3 347.4 338.9 331.4 313 295.8 284.2 271.9 264.6 255.6 252.1 242.7 225.3 207.7 194.2 186.1 173.7 164.3 156.1 147.7 142.1 141.9 143.6 149.1 152.9 154.9 156.2 158.5 159.4 163.6 165.3 170.5 175.7 179.2 184.5 190.1 194.3 198.3 203.2 209.4 212.4 214.2 213.7 214.4 213
347.5 351.6 353.9 355.7 359.3 363.3 367.9 372.6 375.3 377.7 380.1 382.2 383.7 385.2 385.6 386.5 387.2 388.7 389.6 390 390.7 392.3 393.7 394.7 392.9 390.3 388.6 386 383.1 379.6 374.4 369.1 366.4 363.2 356.6 347.2 336.4 325.3 302.4 295.1 283.6 274.6 265.7 259.7 249.3 236.5 212.8 196.9 189.4 176.7 166.2 157.8 148.3 142.8 141.5 143.1 147.6 149.8 151.3 152.6 154.2 156.9 163.1 167.5 170.3 172.4 176 181.2 185.6 191.3 195.9 199.7 203.3 206.6 208.5 208 208.2 205.7
350.1 353.1 354.3 357.9 362.1 367.6 373.1 374.6 377.4 380.1 382 382.8 384.1 382.2 383.3 383.7 384.8 386.4 387.5 388.1 390.2 391.7 393.7 394.9 394.8 393.5 392.6 390.2 387.8 383.1 377.5 373.2 369.6 366.3 361.5 355.1 344.3 331.6 318.6 302.5 291.4 280.1 274.6 265.5 257.5 243.2 222.1 204.2 192.1 183.5 169.4 159.6 150.5 144.1 141.5 141.7 145.9 147.2 148.3 148.2 152.7 157.3 161.1 164.1 166.6 168.3 173.2 178.8 184.3 187.9 192.5 196.4 198.7 201.5 202.2 202.1 200.1 197.9
351.2 353.5 355.7 359.4 363.9 369 374.5 376.7 378.5 381.3 384.2 384.2 383.6 381.7 380.2 381.2 382.6 383.8 385.2 386.5 388.7 390.8 393.4 394.9 395.2 394.1 393.1 391.1 389.8 386.9 382.7 378.4 373.5 369.1 364.4 360.2 350.8 338.5 326.8 310.6 296.2 290.2 283.1 272.3 260.1 245.9 229 208.2 190.4 182.5 173.5 162.1 151.3 144.7 141.1 141.2 144.2 145 145.2 148.5 152.2 156.4 159.6 161.9 163.9 167 170.9 175.4 179.9 184.3 188.9 193.8 196.6 197.8 198.1 197.8 193.9 192.2
351.1 353.8 356.2 360.1 364.6 371.2 374.8 377.7 379.6 381.3 384.2 384.7 382.8 380.9 379.3 378.8 379.6 380.8 381.8 384 386.8 389.8 392.4 394.2 395.1 395.4 394.1 392.7 391.7 389.7 386 383 378 372 366.6 360.9 353.5 343.6 337.3 328.1 304.4 295.4 287.1 280.5 268.6 252.4 236.4 217.3 194.8 185.5 180.9 165.1 154.7 145.6 142.1 141.2 141.4 143.2 146.1 148.2 151 154.2 157.7 160 161.9 163.8 167.3 171.3 175.7 181.9 188 192.6 194.5 195 195.4 194.5 189.8 178.4
351 353.7 356.1 360.5 365.2 372.7 375.3 378.3 380.3 381.9 383.5 384.2 381.8 379 377.7 377 376.7 377.7 379.1 382.1 385.6 388.6 390.8 392.6 393.8 393.9 394.2 393.3 391.2 389.8 388 384.9 380.9 372.7 368 362.3 356.8 354.1 351.1 336.4 321.4 301.8 293.9 285 273.3 256.6 244.9 228.8 207.9 188.2 178.2 168.1 158.7 149 142.2 140.9 140.7 143 144.5 147 149.6 152.8 155.8 157.7 159.6 161.2 164.6 167.9 172.9 180.3 186.3 189.8 190.7 193.4 193.4 184.4 173.8 160.8
350.4 353.5 356.4 359.9 364.8 372.6 376 378.3 380.4 381.7 382.3 381.8 380 377.4 375.8 374.8 374.1 374.7 377.7 381 384.2 387.2 389.4 390.8 391.6 392.3 393.2 392.9 391.1 389 387.2 384.2 379.7 372.4 367.3 363.1 360 356.9 354.5 343.8 330.6 322.9 309.2 290.7 276.9 263.4 249.1 236.4 219.9 196.4 186.2 177.8 163.2 154.3 142.8 140.4 140.1 141 142.4 145.2 148.3 151.2 153.5 155.5 156.7 158.4 161 164.1 171.8 175.9 180.6 183.8 188.3 191.1 190.4 171.7 156.2 150.3
349.4 352 355.9 359.6 364.8 371.9 375 377.9 379.8 380.5 381 379.2 377.7 376.2 373.2 373.5 371.8 373.2 376.1 378.9 382.3 384.9 386.9 388.2 390.2 390.8 393.1 391.9 389.9 388.3 386.2 383.1 377.1 370.8 365.6 361.1 358 354.8 352.3 346.3 332.5 325 315 294.3 280.3 267.5 253.7 240.9 225.7 210.1 192.4 177.9 166.7 156.1 146.3 140.5 140 139.8 140 142.7 146.1 148.4 151.4 152.8 154 154.9 156.3 160 166.3 169.9 173.9 181.1 186.8 189.5 178.1 150.7 147.6 149.7
