public/OST50/SJ16.asc
ncols 200
nrows 200
xllcorner 310000
yllcorner 360000
cellsize 50
[rows 0 to 34 of 200, columns 0 to 79 of 200]
47.8 50.8 55.6 59.4 57.5 60.3 63.5 69.6 89.2 107 120.5 131.7 139.5 145.8 153.1 162 167.8 174.5 178.3 189.9 208.2 220.1 236.3 257.7 270.4 281.7 285 296.2 308 320.6 331.9 342.2 358.1 376 386.1 386.6 391.7 391.7 394.6 394 389.1 382.7 372.4 364.7 351.9 345.1 338.2 331.7 322.3 310 303 294.6 286.8 280.1 273.8 267.5 258.5 249.7 239.9 226.7 212.9 207.1 201.1 194.5 188.8 181.1 173.6 163.5 158.2 170.3 170.4 175.3 181.4 187 191.8 197.7 202.1 205.6 207.9 207.2
46.9 50.2 54.1 57.9 60.3 63 66.4 71.9 90.8 106 118 116.2 129.1 136.9 146.5 149.9 153.2 162.6 170.5 178.4 189.8 203.8 219.3 240.9 255.2 267.1 273.4 283.1 294.8 303.8 317.6 333 350.6 371.1 377.1 379.9 386.7 391 393 388.5 386.5 381.8 374.4 364.3 350.4 342.6 337.3 331.7 321.3 312 299 292 283.9 277 271 265.4 257.1 247 237.9 226.9 215.3 209.1 201.8 194 186.6 181.1 174.1 164.5 159.3 169.8 173.5 179.7 185.4 191 197.1 205.5 210.1 213.5 214.6 214.6
46.9 49.2 53.9 60 64.1 65.9 69.3 73.2 85.3 99.3 106.4 123.6 138.8 146 157.1 160.8 162.6 167.9 173.5 179.2 187.2 193 199.4 215.7 231.4 243.1 253.5 268.5 282.3 293.3 311.6 330.3 347.4 361.2 362.5 365.8 377.6 381.2 386.4 383.4 383.8 381.6 372 361.2 347 341.7 336.5 330.6 322.1 312.5 299.5 289.2 281.3 273.3 264.9 259.6 251.4 243.9 230.9 218.4 212 207.9 201.3 192.8 183.8 176.2 168.8 164.4 160.7 168.5 175.6 182.9 188.6 194.4 205.7 216.7 222.7 223.7 222.8 223.6
49.7 50.2 54.8 60.6 66.9 69.2 70.5 76 91.3 102 113.6 126.4 138.9 150.1 161.6 167.2 174.3 186.7 192.4 196.1 195.8 202.2 208.7 210.7 216.1 231.3 255.3 269.7 280.6 292.2 312.7 328.8 342.2 348.5 338.5 339.8 350.3 364.9 377.7 381.9 380.5 378.5 373.7 358.4 345.4 339.3 334.4 328.9 320.4 311.1 300.7 288.2 278.3 270.2 257.5 248.3 240.8 232.1 226.1 220 213.7 207.3 201.8 196.6 189.1 179.6 173.6 171 162 164.3 175.6 184.2 190.1 203.3 219.5 229.4 233.9 235.5 234.9 236.5
52.3 54.3 57.6 63.5 69.5 72.9 72.4 72.7 90.1 103.3 116.7 131.6 146.6 158.4 170 176.2 186 193.1 202.2 211.4 211.3 211.2 215.2 220.7 226.9 232.1 251.7 276.1 287.7 298.4 312.6 323.6 325.9 320.4 316.2 318.1 330.1 357.1 373.3 381.1 380.4 377 371.6 360.8 344.5 336.7 331 326 317.7 307.8 297.5 289.2 278.6 270 262.8 254.3 244.8 237.4 232 224.1 217.3 209.7 202.5 195.8 189.6 181.8 177.2 173.2 166.9 165.8 176 184 190.9 210 228.1 239 245 247.3 248.1 249.7
53.2 56.2 60.2 65.7 71.1 74.2 72.1 74.4 89 103.5 119.4 133 146.1 165 181.1 195 205.7 210.2 215.4 231.4 233.4 234.6 233.2 233.5 240.4 246 257.3 282.8 304.7 312 313.6 313.1 307.3 301.7 299.5 303.3 322.3 347 366.7 379 379.4 373.9 365.6 358.4 344.7 334.9 329.1 323.4 317.2 308.5 297.6 289.5 280 272 264.6 259 252.7 245 239.9 231.7 221.7 209.3 200.1 193.2 187.3 182.3 176.1 173.7 174.7 169.7 177.3 183 194.2 215.5 232.4 244.5 250.4 254.1 258.1 259.9
53.8 55.9 61.4 67 70.6 72.7 73.4 79.3 94.4 106.5 120.3 134.8 151.4 169.1 187.6 205.4 224.1 235.6 231.7 250.4 256.7 259.3 263.2 260.5 263.5 267.7 273.5 289.9 305.9 314.3 309.8 305.5 299.6 292.3 289.4 294.2 317.8 342.8 365.2 374.9 379.6 372.8 365.7 354.9 346.9 334.2 327.9 322.7 318.3 310.7 300.2 290.1 281.4 272.5 265.8 260 254.1 246.5 238.1 228.9 216.8 204.8 196.2 189.7 186.1 181 177.5 177.4 176.9 172.5 177.3 185.5 197.4 216.8 233.7 245.5 254 258 262.5 265.8
54.1 58.3 63.1 67.1 69.9 72.6 74.4 83.2 97 108 124.8 141.7 156.6 172.9 188.1 205.5 229.1 245.4 255.2 260.7 272 279.8 284.5 286.8 288.1 291.5 294.7 296.5 302.9 307 305.8 299.6 289.7 285.8 281.3 291 314.4 339.1 360 372.1 376.7 372.7 366.3 355.6 346.7 335.6 328.3 323.7 318.4 311.2 302.5 291.8 282.3 273.8 264 257.3 248.3 238.8 226.8 215.4 204.4 197.2 190.9 186.6 183.4 179.2 179.5 178.9 178.1 174.9 176.6 185.8 196.2 214 231.1 244.5 252.5 259.8 265.4 269.3
55.7 60.9 64.9 67.8 70.4 73.4 79.2 88.2 99 112.2 128.6 144.4 159.2 170.2 186.2 205.9 222.7 241 256 267 274.9 283.8 292 296.8 300.9 306.6 308.2 308.2 307.4 306 299 282.3 276.5 277.4 274.3 288.7 313.8 338.9 351.6 364.7 372.3 371.6 365.5 354.2 342.7 335.2 329.1 323.2 317.4 311.8 302.7 291.8 282.3 272.7 260.3 247.3 234.4 221.7 209.3 202.4 196.4 191 189 186.4 184.5 183.3 182.3 181.5 180.6 176.9 178.1 186.4 195.5 210.7 225.5 240.5 250.6 259.8 267.1 274.3
57.8 61.9 65.7 68.3 71.1 76.1 82.4 91.4 103.5 116.4 132.1 145.8 160 173.1 180.4 199.6 217 234.3 251.7 260.7 270.2 277.5 289.7 297.4 302.8 308.6 314.2 314.9 309.7 305.3 295.3 273.5 267.6 268.3 269.1 288.1 314.7 335.4 348 352.5 364.1 366.8 362.6 351.3 340.8 335.6 326.5 321.5 315.7 311.3 301.2 289.5 279 265.2 248.1 235.1 221.6 210.4 202.8 197.8 197.5 196.5 194.4 192.5 190.5 187.6 186.3 184.8 182.5 178.3 180.4 187.3 195.8 211.5 223 236.4 249.8 259.5 268.1 275.8
59 62.6 66 69.3 72.9 77.6 84.2 93.3 105.4 118.6 132.6 144.7 157.3 170.7 188.5 199.6 211.3 225.4 240.4 254.7 259.6 265.9 281.8 291.9 297.7 303.1 309.6 314.6 309 299.7 281 264.5 258.2 259.1 263.8 287.3 314.1 332 342.1 346.5 354.1 360.2 359.1 345.5 338.8 333.3 326.2 320.9 314 306.9 299.7 285.7 270 250 235.2 225.7 214.3 206.1 204.3 203.1 203.1 201.3 199.3 198 195.2 191.1 187.9 185.8 182.7 179.9 181.9 189.4 196.4 204.3 219.9 234.7 248.1 258.7 266.9 276
59.8 62.7 66.7 70.2 73.4 78.8 85 94.2 106 117.9 130.7 141.4 152.8 165.2 179.2 193.5 203.6 217.5 230.5 242.5 244.7 258.3 270 283.9 289.8 288.1 293.6 306.1 297.3 279.3 264 254.1 249 249.1 262.4 284.4 309.9 327.9 337.6 342.3 345.5 351.6 348.5 342.8 336 331.9 324.5 319.1 312.1 303.6 294.1 280 260.8 243.2 230.1 218.9 215.9 215.6 212.5 210.5 209.7 207.7 206.5 201.8 197.1 191.4 187.7 184.9 182.3 182.3 183.9 187.8 192.9 200 210.8 227.2 242.9 255.3 264.5 272.9
61.1 63.2 67.1 71 74 79.1 84.7 93.3 104.9 116 127.9 137.9 147.1 158.3 171.3 184.8 198.5 209.7 218.5 228 232.6 244.8 254.6 268.9 277.6 273.5 279.7 282.1 276.3 260.8 247.7 242.3 239.9 243.6 260 284 308.2 321.8 331.5 337.4 340.5 340.4 339.7 338.4 333.3 329.1 322.4 316.7 309.6 300 289.4 271.6 253.9 238.3 225.9 224.5 230 228.1 221.8 219.4 217.1 215.1 209.3 204 197 191.2 187.4 184.8 183.2 185.7 188.1 187.9 192.7 197.6 204 217.4 233.7 247.7 259.5 267.7
62.5 64.9 67.8 71.6 74.8 79.4 84.8 94.3 103.9 113.6 123.7 133.2 142 152 163.3 173 187.4 199.7 207 216.5 222 229 236.9 252.9 257.7 253.7 263.9 261.7 254.9 240.4 231.2 229.2 230.6 241 259.2 286.5 302.5 316.6 324.8 329.6 336.5 336.7 334.3 331.4 326.9 324.6 317.5 311.4 304.1 294.1 283.6 268.7 252.7 235.4 230.4 238.7 241 239.5 233.6 228.1 223.6 220.3 214 203.3 196.4 190.7 187.5 186.8 190.4 192 192 192.4 192.3 196.9 202.1 208.8 220.5 234.6 249.5 262.7
62.5 66.7 68.9 72.3 74.9 78.8 84.1 92 101.5 110.5 118.5 127.5 136 144.8 153.2 165.3 177.2 186.9 199.6 205.8 213.3 219.6 223 231.5 233.4 235.8 241.8 238.1 229.8 219.5 215.9 219.2 225.7 243.3 265 281.2 293.8 306.8 316.2 324.4 332.8 333.3 330.5 325.6 318 313.9 310 303.7 297.9 287.4 277.2 263.8 246.8 240.7 247.6 251.1 249.2 245.9 243.6 234.3 227.6 222.9 213 201.5 195.1 191.3 191.2 192.2 197.6 197.9 197 196.5 197.5 196.6 201.3 208 214.4 223.6 240.5 254.9
63.3 67.9 70.8 72.1 74.7 78.3 84.1 91.4 99.4 106.2 112.7 121.1 128.7 136 143.5 152.9 164.3 174.6 189.6 197.1 206.9 211.5 214.4 216 216.7 217.3 218.2 213.6 207.8 203.4 204.1 216.8 232.1 251.4 268.2 279.5 283.8 289.1 301.7 318.1 326 327.3 324.4 321 315.5 305.8 302.3 297.2 288.9 283 270.1 257.2 252.4 258.3 260.5 259.9 256.7 253.2 247.1 240.8 231.2 221.6 210.1 203.2 196.8 193.5 193.1 197.6 204.8 205.1 203.1 201.7 201.6 201.2 201.9 206.5 212.7 219 228.1 246.1
62.5 67.4 71.2 73.7 76 78.2 82.7 90.6 96.5 102.2 107.7 114.8 122.1 128.6 132.8 138.3 148.5 161.7 172.9 184.4 195.4 199.6 210.9 206.4 196.4 195.7 195.6 190.1 190.4 192.8 206.9 222 240.1 259.7 274.4 281.6 277 280.6 294.4 311.5 322 325.4 323.6 317.5 310.3 299.4 294.9 289 284 279.5 269.4 255.4 267.7 270.2 269.8 267.9 263.8 259.7 252.2 238.8 227 219.4 212.2 206.1 200.8 196 196.6 202.2 212.5 214.8 212.6 208.3 206.2 206.9 207.3 208.5 214 218.2 224.6 238.3
63.7 68.4 72.5 75.7 78.8 81.5 83.7 85.8 91.3 97.1 104 109.2 116.2 120.8 119.5 118.6 128.9 145.2 156.9 171 177.6 185 195.6 192.8 184 180.5 177.7 177.6 180.3 195.9 214.8 233.5 248.2 259.7 270.4 274.4 270 273.2 287.3 307.8 315.7 321.3 318.7 314.1 306.1 297.7 289.6 283.8 277.5 272.8 264.5 272.9 279.1 279.6 277.7 272.9 267.8 262.4 252.7 230.7 222.2 217.6 213.7 209.1 203.8 198.6 201.9 209.8 223.1 226.1 222 217 212.7 212.1 211.1 208.2 214.6 219.3 226.2 237.6
67.1 71.3 75 80.6 83.9 86.4 88.1 90.4 91.8 92.7 96.7 101.5 106.9 108.8 109.6 112.2 113.4 122.9 139.4 152.6 160.8 171.2 174.5 173.5 172.3 169.5 167 170.7 177.8 192.8 213.4 235.3 248 256.5 266.9 267.6 262.2 266 280.7 300.2 302.7 312.6 312.7 310.6 303.5 291.9 284.5 279.4 275 270 275.2 286.2 287.4 286.1 282.4 277.7 271.1 262.2 243 228.1 224.1 221.1 216.1 211.8 207.3 204.3 208.1 220.2 230.2 233.4 231.8 223.9 218.3 217.3 216.9 215.2 215.7 224 231.4 241.3
71 76 79.6 83.4 86.2 89.6 92.6 96.4 99.2 99.9 99.6 101.6 105.3 109.5 113.6 118.5 126 127.5 123.2 128.9 141.6 146.7 155.9 161.4 161.1 156.6 161.2 169.6 175.8 187.4 202.5 221.5 237.7 242.4 250.6 250.8 251 256.3 272.3 287.7 298 304.7 310.4 311.7 303.3 290.9 282.8 278.2 277.9 284.2 291.1 294.2 294.7 291.4 288 282.4 272 258.3 237.9 235.6 231.5 221.3 217.1 213.4 208.2 208.8 215.7 228.8 235 238.8 237.6 233.1 226.5 223.9 223.1 220.3 219.9 230 240.9 248
73.7 79.5 83.9 86.2 88.4 91.1 94.6 99 102.2 105.2 106.6 109.5 110.7 114.3 120.8 125.5 130.4 136.6 140 138 133.6 134.1 140.4 144.1 146.2 149.8 162.7 170.7 176 182 192 207.5 217.6 231.6 236.8 238.1 239.7 245.2 265.9 285.1 302.1 311.1 306.5 303.9 301.5 294.7 292 290.7 292.7 300.5 299 300.8 300.9 297.3 291.1 285.4 271.9 255.1 249.4 248.9 235.2 222.6 217.3 213 210.9 214.1 226.8 236.1 240.9 241.6 242.1 240.5 231.7 227.3 225.5 221.7 224.9 232.3 240.5 249.9
77.2 82.7 86.7 88.5 90.3 92.3 94.9 99.5 103.8 107.3 110.6 113.6 115.2 116.1 121.4 126.9 132 138.7 147 149.8 150.7 144.1 143.6 145.9 152.9 156.4 154.2 166.3 174 179.9 185.5 194.6 204.3 219.3 231.4 235.1 232.7 240.7 266.4 284.3 308 311.4 316.4 312.7 302.8 302 300.4 304.2 304.8 304.7 305.7 306.5 307 303.2 292.5 285.6 280.7 272.2 263.9 251.8 237.3 224.7 217.9 214.3 217.8 221.1 238.2 244.2 245.5 245.6 245.2 242.8 234.8 230.6 228.6 227.8 230.6 238.4 244.3 249.8
79 83.6 86.9 89.4 91.5 93.4 95.4 99.3 103.9 108.7 112.1 115.1 119.5 121.4 123.8 128.3 133.3 139.2 144.8 153.5 155.5 154.5 161.5 160.3 161.6 166.5 164.4 161.5 168.2 173.8 180.3 187.4 194.5 204.3 216.5 228.5 226.2 240.3 265.1 280.7 304.5 317.8 326.5 318.6 309.4 307.2 309.6 313.6 315.6 314.2 313.7 312.9 311.3 306.4 300.9 293.9 286.5 277.5 267.2 253.1 235.5 224.6 218.5 219.8 223.1 230.2 247 251.1 251.8 250.2 249.1 246.2 238 233.4 232.1 233.9 234.5 243.3 252 253
78.7 81.8 86.3 88.5 91.4 93.2 95.8 99.4 101.6 103.7 105.8 109.9 115.5 122 126.1 126.8 130.6 136.9 142 154.8 156 158 165.7 165.4 168.8 172.5 173.6 170.6 167.8 168.2 170.2 178.6 186.2 191.2 201.5 213 216.7 236.5 258.3 278 298.1 317.9 331.2 327.9 319.3 319.3 321.2 324.9 326.6 325.2 322.4 320.3 316.9 312.4 307.3 299.2 290.1 279.6 265.2 246.6 231.6 223.3 225.3 225.5 228.2 243.4 256 257.9 257.8 256.1 254.2 249.2 241.1 237.8 236.5 238 238.7 248.2 253.9 257.2
75.2 80.2 83 87.2 89.7 92 93.9 96 97.6 102.6 107.7 112.5 112.6 115.4 119.5 126.8 132.7 136.2 144.8 152.5 157.6 161.1 166.9 172.3 178.3 183.3 182.4 178.8 173.8 175.3 176.8 174.6 177.1 185.1 191 197.5 217 232.5 246.1 266.9 289 312.3 328.9 335.2 333.2 328.3 330.1 332.7 335.2 334.2 330.2 327.3 324.3 320.3 313.1 303.9 294.5 281.4 262.9 241.5 231.3 229.5 231.5 231.9 236.4 256.9 265.8 266.8 265.6 263.4 258.4 250.1 245.1 242.7 241.4 241.1 241.6 250 255.5 258.3
73.3 76.4 80 84.1 87.6 90.3 92.8 95.3 99.3 105.3 110.8 114.3 115.3 118.7 122.7 130 136.1 139.9 145 152.2 158.6 162.4 168.6 176.2 184.9 191.8 191.6 187.7 184.9 183.4 182.5 181.3 179.6 181.1 189 192.8 209.2 223.8 235.8 255.2 281.7 303.1 323 339.7 342.7 336.6 339.7 341.3 342.5 344.5 343.4 338.9 334.8 328.1 319.9 309.1 297.8 280.5 258.7 240.4 236.6 235.6 237.4 238 246.9 267.7 273.7 276.3 273.1 266 257 251.3 248.5 246.2 244.7 242.7 247 252.4 256.4 256.6
77.4 78.9 82.3 85.5 88.6 91.3 93.5 95.4 99.6 104.5 109.3 112.2 113.9 117.3 122.5 128.9 135.7 141.6 146 152.3 158.5 163.2 170.4 180.6 188.1 199.2 199.3 200.3 197.3 194.3 192.8 190.1 187.3 183.9 185.3 191 202 213.7 227 245.7 267.6 290 314.7 334.3 348.6 350.4 348 351.6 352.9 352.8 351.5 348.5 347 339.2 330.5 315.8 299.4 272.7 252.9 242.2 244.4 245 243.8 245.5 259.8 274.6 281.4 281.9 280 270.5 261.1 254.8 251.9 249.4 248.2 246.4 248.5 245.6 245.7 251.8
76.6 78.2 80.7 83.8 87.1 90.1 92.5 94.9 96.4 101.2 106 110.2 110.5 114.5 120.6 126.6 133.5 141.1 145.3 150.6 159 164 172.2 183 195.5 203.8 208.7 211.8 211.1 207.1 205.3 202.6 196.1 191.7 189 190.1 197.7 208.5 219.3 236.6 257.3 281.5 304.7 326.8 340 349.4 355.8 361 364.8 361.5 358.1 357.9 355.9 349.8 338.2 320.7 297.6 270.6 252.8 248.3 248.7 251.5 251.8 252.3 271.7 282.4 290.2 289.6 285.7 277.3 265.8 258.5 255 252.2 251.8 252.1 249.7 245.9 242.2 237.4
74.9 77.1 79.4 82.8 85.7 88.7 92.1 94.1 95.6 97.7 102 106 110 114.4 119.9 126 131.6 138.8 144.4 149.2 156.9 164.1 173 184 196.7 207.4 213.3 218.8 221.9 222.7 221.9 214.7 206.8 200.1 195.8 192.8 197 204.3 213.3 231.8 253.9 275.4 296.7 315.9 334.3 354.7 362.2 370 373.2 374 369.5 367.7 365.4 357.9 342.2 315 291.4 269.2 258.8 254.5 254.3 256.7 257.1 259.3 276.6 288.7 293.5 297.1 291.4 285.2 274.9 263.7 258.8 256.3 254.9 254.4 253.2 249 246.5 241.5
72.5 75.3 78 81.5 84.4 87.2 90.5 92.1 93.6 95.1 98 104.9 110.4 113.4 117.3 122.6 127.9 135.4 141.7 148.5 155.3 162.3 171.6 183.5 194.5 207.9 215.2 221.8 228.2 231.4 229.3 224.6 219.3 210.6 204.1 199.2 199.4 206.7 209.7 227.3 247.6 271.6 290.9 310.7 332.1 347.5 362 372 380.5 384.5 385.9 386.3 377.4 367.5 348 318.9 293.4 272.7 265.5 261.7 260.8 261.1 262.8 264.1 279.4 294.5 300.9 301.5 296.5 290.5 283 268 263.2 261.1 258.1 257.1 258.4 255.7 249.8 244.5
71.5 74 76.6 80.2 83.6 85.9 88.2 89.7 91.4 95.1 98.3 104.1 109.6 110.8 114.8 120.3 128.4 133.6 139.4 146.7 154.8 161 169.6 183.1 194.3 205.3 214.3 222.2 229.3 231.4 230.1 231.3 226.8 216.7 211 206.7 205.7 208.3 216.6 230.5 246.5 268 288.6 309.6 327.2 338.8 353.3 367.6 380.4 388.5 392.9 394 390.2 376.8 358.5 325 297.7 278.9 273 269.3 267.2 267.7 268.4 268.8 281.9 300 304.7 304.5 299 293.1 286.9 272.4 267.3 264.2 260.8 262.1 262.3 260.3 253.9 246.5
70.6 73.1 75.4 78.5 82.4 85.2 85.8 87.2 91.2 95 97.9 101.5 105.3 108 113.1 121.4 126 132.6 138.1 144.2 152.4 159.5 167.5 179.1 191.9 202.5 214 219.3 225.5 229.5 228.7 233.1 232.2 225.8 222.8 219.1 213.9 208.4 221.6 232.1 244.3 265.4 283.1 305.2 320.6 334.1 349.2 362.8 375.7 388.3 395.6 398.6 398.2 389.4 363 335 306.5 289.1 283.6 278.5 275.4 274.8 275.6 274.9 281.7 299.1 305.4 304.2 301.2 293.9 285.5 274.6 269.3 266 265.1 267.8 267.8 263.7 254.4 243.2
69.1 72 74.2 76.5 79.7 81.3 83.6 87.7 91.4 94.1 96.5 99.1 102.4 106.7 110.3 116.4 122.7 130.3 134.6 140.7 147.6 156.1 164.3 175 188 198.1 207.9 216.1 221.1 223.8 224.7 230.6 233.8 231.7 231.1 228.2 221.8 217.8 221.9 233.5 243.8 258.1 278.8 301.6 316.1 330.2 346.6 359.9 371.8 380.9 394.8 400.8 401.8 394.1 372.1 343.7 318.5 306.5 302.8 292.7 283.7 281.9 282 282.7 289.4 298.1 300.7 299.9 296.7 292.4 282.2 275.3 271.5 269.1 268.2 272.8 275.6 269.1 254.4 235.5
67.1 70.3 72.1 73.8 77 81.2 84.9 86.7 89.2 92.1 95.3 97.6 101.2 105.3 108.6 111.8 117.4 123.6 131.1 135.3 143.9 152.6 160.7 170.3 183.9 196.1 202.5 209.9 214.9 217.5 219.4 225 231.5 235 234.8 233.4 228.7 228.2 224.9 235.8 246.4 256.3 271.8 293.4 307.4 323.2 341.2 359 371 380 390.2 402.7 402.4 399.6 384.7 357.6 342.7 329.5 320.8 305.7 289.4 287.9 287 287.6 297.2 299.7 299.3 296.8 292.1 286.6 279.9 276.7 273.9 271.9 275.1 276.5 274.4 266.9 250.9 232.5
65 67.8 70.7 74.2 77.4 80 83.4 85.2 88.8 91.5 93.7 96 100.1 102.4 105 108.4 113.9 120.6 126.8 131.9 140.3 149.4 157.1 165.6 178.4 192 199.7 204.3 208.5 211.4 214.5 221.6 228.5 234.9 236.6 236.1 231 234.9 232.6 235.9 245.9 256.3 277.5 291.2 305.8 325.5 340.8 357.3 371.3 381.7 389.4 398.9 405.7 403.9 393.2 381 365.6 349.3 338.7 318.6 296.7 294 292.5 293.3 302.4 302.6 299.6 295.8 290.3 286.5 282.6 280.7 278.3 281.1 282.3 278.8 270.5 260.1 241.9 232
