public/OST50/SJ16.asc
ncols 200
nrows 200
xllcorner 310000
yllcorner 360000
cellsize 50
[rows 140 to 174 of 200, columns 80 to 159 of 200]
225.8 238.4 256.2 266.2 275.3 281.4 286.1 289.1 291.4 290.9 290.1 299 308.8 319.2 338.6 357.4 374.4 390.2 400.1 406.4 416.6 426.7 434 434.1 437.3 439.1 437.7 438.4 440 443.5 439.7 439.8 442.8 445.5 454.6 465.6 481.3 495.9 505 511.7 513.7 509.2 499.6 490.2 479.2 463.6 451.4 449.6 446 443.7 437.4 426.9 415.1 405.4 396.1 388.8 381.9 374 369.7 366.9 366 367.8 369.6 373.2 366.5 353.4 337.7 322.9 312.4 306.4 301.5 298.5 292 292.8 296.7 300.9 303.9 302.5 301.8 298.4
218.5 231.9 245.9 258.3 266.9 273 276.4 278.3 276.7 275.2 289.8 295.9 305 318.6 338.5 357.1 370.6 383.5 392.2 398.6 404.1 413.5 419.4 425.7 429.1 438.2 442.7 443.4 444.5 447.2 448 446.9 453.4 463.4 473 482.8 492.7 501.5 509.5 513.5 516.1 514.2 508 497.6 488.1 474.8 463.4 459.8 457.6 454.9 448.4 438.5 429.3 420.6 412.9 407.9 401 395.3 389.8 385.7 383.7 383.1 382.7 378.3 371.6 359 345.2 326.9 309.1 299.7 295.2 293.8 289.1 286.1 287.7 290.5 292.5 290.3 288.6 285.8
214.4 228.2 241.5 252.1 261 264.1 265 262.9 260.3 272.3 285.8 293.1 303.8 321 337.2 354.8 364.5 376.2 385.1 387 394.6 403.1 410.9 417.7 421 428 436.3 443.2 447.6 449.1 450.7 453.1 456.3 472 484.7 496.6 506.6 512.4 519.7 524.7 525 520.7 513 508.3 497.7 486.4 478.7 473.4 472.2 468.9 458.9 451.4 444.7 438.7 434.4 428.2 422.7 416.4 410.7 404.6 398.4 392.1 384.7 375.7 367.2 355.7 342.8 326.5 306.3 294.2 291.3 289.6 287.2 280.1 280.7 278.2 278.2 278.1 278.5 275.7
211.5 224.9 235.7 245.3 249.5 250.1 251.3 248.7 261.9 270.7 283.6 292.7 305.1 321.1 338.4 350.7 358.9 366.2 371.8 375.6 385.5 396.9 406.4 413.1 414.5 420.2 428.1 437 444.2 449.4 451.5 451.1 459.4 474.9 491 505.3 514.9 526.1 533.1 537.5 534.9 529 526.7 522.8 514.4 503.5 494.2 489.5 486.2 475.7 456.4 455.1 460.8 456.2 449.1 441.9 435.7 429.1 419.7 409.5 399.8 389.5 380.7 368.8 358.1 347.4 336 321 303.1 291.5 288.7 286.4 283.6 276.1 275.4 272.6 269.4 268 268.3 265.9
206 217.8 226.6 232.9 236.7 239.5 233.2 250.1 261.6 275.3 285.8 296.5 310 325.4 337.9 348.4 354.9 360.6 367 372.2 378.4 389.7 400.2 405.3 407.3 412.6 421.4 430.9 438.3 443.2 446.1 450.3 463.7 479.9 493.8 504.2 518.4 530.5 541.1 543 542.6 541.2 535.5 529 526.5 517.4 507.4 502.9 492.3 469.7 446.7 446.2 453 457.1 449.5 443 438.8 428.7 416.1 405.5 395.1 382.3 370.5 357.9 347.3 335.6 326 311.7 297.2 288.5 285.6 283.7 280.6 276.2 266.2 265.1 263.3 262 260 258.4
200.4 210.7 216.5 223.5 229 227.4 241.4 252 264.9 280.5 291.3 303.5 315.7 332.8 342.8 349.3 354.1 359 367.1 369 375.9 385.4 391.1 398.5 403.2 407.9 414.3 422.3 428 432.4 439.7 442.9 463.1 474.9 487.3 495.4 507.2 524.8 536.8 542.1 545.9 545.6 543.7 545.4 536.1 524.9 508.9 495.4 476.9 456.3 431.8 429.2 432.3 434.6 427.2 424.2 421.9 412.8 404.3 395.1 383.9 368.8 356.8 343.6 332.6 322.6 310.9 296.5 288.1 283.8 281.2 280 278.4 274.9 269.7 262 255.4 256.1 254.3 252.7
195.4 203.4 210.1 215.7 213.6 230.4 242.1 254.2 270.7 284.3 296.8 309 321.2 335.2 342.8 348.8 352.7 352.2 351.4 364.5 373.8 378.8 386.9 398.9 404.7 408.8 414.4 417.2 420.4 426.4 431.9 438.1 452.9 452.1 459.2 473.3 492.3 509.6 524.8 536 545.9 550.9 554.1 551.6 538.4 519.1 496.9 474.8 455.1 437.4 415.2 404.2 408.1 405.9 401 398.3 397.7 395.3 388 379.8 367.7 354.6 339.6 327.4 315.5 305.6 292.1 287.8 283.4 279.5 279 277.7 275.6 271.3 263.7 256.5 254.3 254.3 255.6 249.3
191.6 198 202.3 208.3 219.9 230.6 241.1 254.7 273.4 287.3 299.8 313.3 322.2 330.6 334.9 339 336.5 330.5 332.5 352.3 367.2 375.5 386.3 395.3 401.1 405.9 409.5 413.3 417.1 420.9 425.3 426.1 424.6 420.9 441.2 462.2 480.2 497.6 512.7 527.2 541.7 548.3 552.4 551.3 527.4 497.9 475.8 454 433.1 415.8 396.4 382.6 381.4 379.8 376.5 375 374.3 371.8 365.6 358.7 349.4 335 320.3 307.3 296.9 290.5 286 282.4 279.9 276.3 274.9 273.1 271.2 266.3 263.4 265.5 263.8 257.9 247.5 243.5
185.2 189.7 196.3 206.6 217.5 228.1 242.1 254 272.1 284.8 298.8 312.7 315.9 314.7 309.1 309.6 310.7 309.2 323.5 346.3 360.5 371.5 378.8 388 395.2 400.5 402.9 407.2 413.2 416.6 415.4 408.7 401.1 406.1 427.6 448.5 467.6 490.8 508.7 521.1 532.1 538.3 546.1 542.7 516.4 481.8 454.1 431.6 411.1 393.9 377.7 362.7 358 355.7 352.6 352.1 351.7 349.2 343.6 337.1 327.2 313.4 301.1 294.8 290.2 287.8 285.2 282.9 279.4 277.4 278.9 275.3 273.1 272.9 272.9 271.6 266.9 259.3 253.2 247.3
177.3 183.9 192.7 202.7 212.8 224.2 239.1 254.8 267.3 281.4 294.6 298.7 298.4 293.4 284.4 283.1 288.3 296.7 318.6 337.5 349.7 356.1 366.1 375.4 381.8 386.8 389.9 391.5 397.6 397.1 394.6 389.6 379.9 393 417 439.2 466.4 485.9 498.6 510.3 519.8 527.3 532.3 533.6 515.4 483.2 453.4 428.3 404.3 381.2 365.7 357.6 353.4 346.3 341 335.1 331.9 326.6 323.6 318.1 309.3 303.3 299.7 296.3 293.6 291.6 288 286.1 287.2 285.5 283.4 281.4 279.2 278 277.9 271.1 263.6 257.1 251.2 246.8
172.9 179 187.6 197 209 215.5 233.1 250.5 265.7 276.3 284.2 286 280.7 270.5 261.8 263.9 280.2 300.6 316.2 325.6 335.6 339.7 347.7 357.4 365.3 371.6 372.2 373 372.1 371.5 372.2 371.2 364.8 385.2 414.2 443.1 469.7 483.7 494.6 506.4 518.6 522.9 530.1 530.8 521.1 492.2 470.6 445 418.1 393.1 370.6 354.8 349.8 344.2 339.7 334.6 329.9 324 318.4 313.4 308.2 304.3 301.6 300.4 300.3 298.9 304 312 317 313.4 308.3 303.2 300.4 294.1 284.9 274.2 260.4 253.9 251.1 247.6
169.4 175.1 182.5 191.8 202.2 209.9 226.1 241.9 257.8 268.9 274 268.5 254.3 244.2 247 265.2 279.8 291.8 301.6 305.6 311.6 318.3 323.6 332.6 338.9 343.4 343.8 344.6 342.7 345.5 348.1 347.9 353.3 380.7 412.3 441.1 464.1 478.9 490.9 501.4 511.2 515.3 520.8 520.6 511.8 489.4 480.1 456.7 428.9 399.4 379 358.7 346.4 340.4 335.6 331.1 327.2 322.1 317.4 315 313.3 307.8 306.3 308.2 312.5 321.6 333.1 339.1 340.9 342.5 337.4 328.5 312.9 301.8 284.7 268.6 255.8 251.9 249 245.5
166.8 172.4 178.7 186.9 195.1 204.8 218.2 232.7 248.1 260.2 263 247.3 234 227.8 243.7 257.2 266.8 270.5 274.5 280.2 284 289.3 298.2 304.3 309.6 311.7 311.7 311.6 311.9 316.7 325.3 335.7 357.8 386.2 417.9 445.1 464.6 481.4 491.5 496 500.4 502.9 508.3 509.8 498.5 485.5 478.8 462.5 437.3 413.4 388.1 371.6 359.3 347.8 338.4 332.5 329.9 324.2 320.6 319.3 317.2 315.5 321 329.6 338.6 349.2 355.8 360.6 362.4 358.7 349.1 330.2 315.1 296.5 277.1 258.8 253.3 250.5 247.5 243.3
164.3 170.5 177.1 184.7 193.1 199.4 210.7 222.9 236.5 244.4 240.1 229.2 216.1 216.8 224.7 229.9 236.3 240.9 245.8 250.9 256.8 263.3 269.5 274.7 279.4 283.4 286 288.9 297.4 310 324.5 343.7 366.3 388.7 417 444.5 468.8 480.2 487.5 493.3 495.9 495.8 499.2 500.7 492.5 487.7 477.8 467.3 452.9 426.6 399.1 393 382.3 371.8 360 348.5 341.9 338.1 329 330 334.7 340.1 345.6 353.9 362.6 369.4 375.2 373.9 368.3 358.2 343.5 326.8 306.4 282.4 266.4 256.7 252 249.6 250.1 261
163.6 168.9 175.2 183 190.4 195.3 201.1 210.2 218.8 218.8 212.6 210.2 200.1 200.7 202.9 208.1 213.7 219.2 223.9 229.3 236.5 243.1 248.7 254.5 259.8 266.7 274.9 286.5 300.9 318.2 335.9 356.7 379.4 400.4 424.9 449.7 470.1 476.6 479.6 484 488.1 488.1 489.2 492.3 488.2 485.5 478.9 466.2 448.2 430.7 430.1 422.2 413.1 402.5 384.5 370.1 370.4 353.3 347.2 355.4 361.3 367 372.8 378 381.8 383 381.2 374.9 365.3 351.6 336.9 317.3 294.5 271.4 260.5 255.9 253.5 258.5 270.8 280.3
161.3 166.8 171.8 179.6 186.2 189.7 193.9 197.8 198.6 197 189.5 191.7 193.5 203.9 207.5 211.2 214 214.6 219.2 222.6 228.3 235.7 241.3 247.4 252.7 266 283 296.7 311.6 330.7 354.2 375.1 394.8 413.2 438.8 455.7 466.5 473.1 475.2 478 480.8 481.5 482.8 485.3 484.3 483.1 476.5 459.8 451.1 443.3 441 436.3 432.5 421.3 408.3 398.2 387.5 378.2 382.1 386.7 387 388.7 390.1 390.3 391.7 388.3 380.6 369.5 357.8 342.2 328.1 302.7 278.7 265.2 259.6 257 260.6 277 289 301.4
158 163.5 168.2 174.4 180.4 183.6 186.5 184.9 177.8 176.1 188.8 196.5 204.5 208.3 212.3 217.7 223.5 228 230.2 233.7 236.5 239.3 247.8 258.4 269.6 283.1 298 312.5 328.1 342.6 365.6 390.4 410.2 431.1 445 452.2 461.2 468.1 471.9 473.9 474.8 472.8 473.9 477 477.8 478.4 469.2 454.8 447.8 443.9 440.6 438.9 435.1 429.5 427.6 419.7 412.7 410 406.5 403.1 400.5 398.3 397.8 396.3 394.1 385.8 371.3 360 349.4 335.4 309.9 288.4 268.6 262.3 261.3 265.5 278.8 296.8 309.3 317.3
154.4 160.3 164.6 170.3 174.8 178.8 180.2 173.6 174.4 190 203.1 211.9 216.4 220.6 228.4 232.8 238.3 243.7 245.9 251.2 257 264.5 273 280.7 291.3 306.3 320.9 331.4 348.7 362.7 374.4 405.2 424.3 441.9 447.3 449.8 457 465.1 468.5 468.4 468.9 466.8 467.6 469.9 470.7 472.6 462.2 450.5 445 442.4 442.1 440.6 439.5 437.2 435.4 430.6 424.4 417.4 411.8 407.2 403.8 399.7 397.1 393.2 386 372.3 358.8 348.5 334.5 316.8 295.4 273.4 266.1 264.3 267.1 282.1 302.9 314.1 324.4 331.2
153.6 158 162.4 167.3 171.7 174.5 172.2 167.4 178.8 193.7 205.7 217.7 223.6 234.9 245.3 254 256.4 259.7 263.1 268.8 275.5 281.9 288.9 301.1 314.1 329.4 343.8 357.9 367 379 397.8 419.2 431.8 443.9 447.1 449.7 456.1 465 468.7 465.7 462.8 461.5 461.1 464.2 464 463.5 453.7 448.9 442.7 443.3 444.5 442.6 441.2 440.2 435.9 429.7 421.2 415.9 411.5 406.9 401.2 395.6 388.6 378.9 367.5 356.3 340.8 326.4 308.3 291.7 278.3 271.4 268.3 269.1 284.5 304.2 318.1 330.8 339.2 343.2
152.5 155.6 159.3 164.9 169.5 171.2 164 171.2 184.1 195.7 208.7 222 235 247.5 258.6 265.2 270.5 276.9 280.1 286 291.8 294.4 304 319.1 335.4 352 365.7 377.1 382.1 389.6 408 428.1 441.6 446.6 448.7 453.8 459.9 467.2 468.7 464 460.2 457.8 454.7 453.8 451.9 447.9 444 442.6 443.1 443 445.8 444 439.3 435 430 424.7 420 414.9 408.8 400.9 393.8 384.2 372.9 361.5 347.6 332.3 317 301 284.8 278.3 276.1 273.2 273.8 286.2 305.1 319.2 333.6 344.5 350.5 351.1
149.3 152.5 156.3 162.8 167 164.7 160.3 176.6 186.3 197.7 212.6 227.4 244.2 258.4 269.5 279.4 287 292.2 293.8 297.9 302.9 305.8 314.4 329.9 342.8 361.7 379.6 388.6 392.2 397.9 414.9 435.9 450.9 455.2 455.8 459.9 463.3 467.3 469.2 464.3 459.7 456.3 452.7 449.5 449.6 444.8 443.6 444.4 445.7 448.6 448 446 439.4 432.4 426.8 419.9 411.1 400.1 392.7 382.4 374.1 363.6 352.4 335.1 323.2 308.9 294.5 289.2 283 279.9 279 281.1 290.2 304.9 319.9 335.8 349.5 355.4 357.4 355
145 147.4 150.6 158.4 162.2 157.7 164.6 175.1 189.7 202.2 215.9 232.5 249.8 264.7 279.9 293.8 302 305.6 310.2 313 315 316.8 324 336.2 346.5 358 377.5 394.6 401.6 405 420.8 440.4 454.6 464.1 465.6 465.1 466.3 472.8 470.2 464.3 460.4 457.9 451.8 444.2 445.3 448 448.2 452.2 450.8 451.5 450.3 446.5 440.8 433.8 428.4 420.5 406.1 391.9 370.2 356.9 349.1 336.9 328.6 319.2 309.7 301.9 294.9 288.1 287.8 289.4 291.7 298.7 311.7 323.4 338.7 351.7 359.7 363.6 361.3 357.2
138.6 137.7 138.9 146.9 150.3 150.4 165.9 175 190.3 204.6 219.1 235.3 255.5 272.3 290.8 303.1 315.9 323.5 323.1 324.7 325.3 327 331.9 339.9 347.4 351.5 362.9 383.3 400.1 412.9 428.6 441.1 455.5 463.5 470.2 471.3 467.9 472.8 468.2 464.2 459.7 452.8 447.1 442 435.3 438.8 444.2 447.6 451 452.2 450.4 446.1 439.6 432.6 425.5 417.1 404.5 394.7 384.5 364.3 342.1 331.3 320.8 312.8 308.5 301.7 295.9 296.1 304 309.5 314 323.2 332.8 342.7 355.3 362.5 365.6 367.2 362.9 357.8
138.8 144 146.7 145.8 148.6 154.3 163.1 173.3 189 205.7 219.6 236.3 257.4 278.8 297.1 313.5 323.2 329.3 332 334.3 329.4 332.5 335.3 334.8 335.6 338.9 350.4 370.5 391.8 409.3 427.3 443 455 462.9 465.5 466.7 464.6 462.7 461 455.7 452.4 448.1 441.7 435 430.3 429.8 437.4 442.3 445.1 447 444.6 438.7 434.3 430.3 423.5 414.2 404.8 398 391.8 376.3 356.5 341.6 325.7 320.7 315.6 315.2 319.7 323.8 330.2 332.9 337.1 342.8 350.4 359.7 365.5 368 369.3 368 363.4 356.8
139.6 143.6 147.5 149.4 152.5 156.2 163.1 172.8 189.2 205.5 220.7 236.2 255.8 277.6 302.5 319.5 330.2 335.8 337 332.7 323 314.7 310.8 311.7 315.6 319.5 334.6 357.6 379.8 401.7 420.6 440.8 451.1 459.9 464.1 464.8 461.8 458.7 454.7 450.7 449.4 443.8 437.2 430.7 424.6 417.5 429.7 434.9 437.8 438.7 437 434.4 430 425.4 417.6 408.5 404.2 401.6 394.4 381.3 362.3 347.9 339.7 338.5 334.7 336.3 339.3 345 348.5 351.3 353 356.7 364.4 369 369.8 370.2 369 367.2 362.2 355
136.5 139.5 143 146.5 150 154.5 160.9 168.6 185.8 202.8 220.9 236.1 250.7 272.6 298.4 317.1 329.1 335.8 334.7 323.1 303.9 289.8 284.4 288.2 293.7 300.7 321.7 346.6 371 396.7 416 435.1 447.8 455.7 459.1 460.4 459.2 455 449.9 443.7 441.2 432.9 425 419.8 416.2 408.2 416.8 423.7 427.3 427.3 425.7 423.4 419.4 412 408.8 406.4 404.8 401 392.4 376.8 368 361.4 356.2 356.7 353.6 355 357.4 362.5 365.1 365.7 364.6 370 374.2 374.7 373.5 371.9 368.9 363.7 358.8 349.2
137.2 139.9 141.3 144.1 147.6 152.4 158.6 166.2 181.1 196.4 212.2 234.5 248.8 266.8 291.3 310.5 327.3 329.9 323.4 306.4 284 269.4 265.1 269.9 280 300.6 325.5 349.6 371.8 393.3 413.9 429.6 444 448.9 451.9 453.7 454.6 449.6 441.9 434.7 426.9 419.7 414.8 409.3 405.5 401.8 400.5 406.7 406.2 411 406.6 401.9 401.3 402.5 403.9 403.9 399.7 395.8 391.1 386.5 379.9 375.1 373.1 370 369.9 371.3 373.5 378.8 379.7 378.3 378.1 379.4 380.3 378.9 375.5 372.6 367.4 360.8 353.9 342.7
137.3 140.4 142.6 143.9 146.2 150.3 156.7 165.5 175.9 192.2 206.7 227.3 245.1 263 282.6 302.5 317.9 318.1 307 287 263.5 251.2 265.4 280.4 295 313.5 333.1 348.4 361.7 379.5 398.2 415.4 433.3 445.2 447.7 450.6 450 443 437 428.3 419.9 412.6 404.8 396.5 390.3 387.6 386.4 388.4 385.4 386.6 386.6 382.6 386.6 388.7 390.5 390.4 390.5 389.9 390.1 388 388.3 385.2 386 387 386.3 384.4 386.3 389.5 389.2 386.2 385.6 385.7 384.5 381.3 376.3 371.7 364.9 357 347.8 332.8
136.9 140.2 142.8 144.7 146.6 148.6 154.9 161.7 171.3 185 200.9 217.8 238.8 256.7 271.5 289.6 304.9 302.8 290.2 266.5 242.5 250.9 271.2 288.4 304.8 315.6 329.8 341.1 351.7 361.5 376.1 393.3 411.5 434.1 446.7 450.7 450.8 446.4 437.4 427.7 423.3 412 403.8 389.7 379.8 379.1 377.7 376.4 372.4 369.5 373.1 371.7 370.1 371.1 369.9 370.4 375.4 383.4 390.4 394.4 395 394.2 393.6 392.4 391.7 388.3 391.8 395 395 394.1 391.3 390.2 387.3 382.6 376.3 371 361.5 352.4 336.2 326
137.6 140.1 142.5 144.6 146.9 148.7 153 159.3 166.5 177.9 191.7 207.1 226.5 244.7 261.7 277.8 289.2 284.4 268.5 249.6 232 251.7 271.5 285.8 302.8 313.1 318.7 323.8 329.2 339.2 356.3 375.3 404.1 428.5 443.6 451.2 452.5 448.5 440.7 431.7 419.1 404.5 391.8 380.1 374.9 372.6 370.8 368.9 365.6 362 361.9 361.3 360.4 360.4 358.5 359.6 362.4 378.7 387.7 395.5 398.5 398.9 397.6 395.5 394.7 393.2 391.9 393.9 396 394.9 391.5 389 386.9 380.7 373.8 366.4 351.2 338.3 332.3 324.4
137.2 139.6 141.9 144.5 146.6 148.6 152.3 157.2 163.1 171.3 182.9 197.2 214.3 231.7 249.1 261.1 268.3 263.2 245.2 228 230.9 250.2 264.5 276.3 286.2 291.8 296.1 301 308.7 326.5 347.7 374.2 402.5 425 439.4 447.3 453.4 452.9 448.9 439.4 426.9 416.6 397.1 384.8 375.7 370.6 368.7 365.3 363.6 360.5 358.6 357.1 355.6 354.8 353.9 352.7 354.3 370.2 382.8 393.1 396.9 399.5 400.4 397.4 395 391.1 387.4 389.7 388.9 386.7 382.8 379.1 376.6 367.2 357.4 343.6 337.9 333.9 327.1 319.2
136.7 139.1 141.5 144.2 147 148.4 150.8 153.2 156.5 161.3 173.2 187.1 202.3 216.1 233.9 242.2 246.6 240.9 222.4 212.7 231.2 242.2 252.7 260.4 264.1 267.5 277.1 295 313.7 336 359.1 379.3 402.9 421.1 433.5 442.2 449.1 453.4 452.1 444.7 432.8 423.6 407.1 387.4 380.9 375.6 372.7 368.7 367.1 364 361.6 359.4 358 351.3 349.6 346.8 344.4 354.2 371.7 381.5 387.2 393 393.9 391.7 386.8 380.4 378.7 380.2 376.8 371.3 364.8 359.5 353 343.4 335.9 330.7 329.6 324.7 315.5 305.9
136 138.5 140.9 142.6 139.3 133.6 136.1 138.6 146.1 153.6 159.1 174.4 187.9 203 215.5 224.4 226.3 218.7 201.8 216.4 223 227.6 234 239.5 255.4 271.3 285.2 299.6 318.1 339.4 361.1 380.6 398.1 412.1 425.5 436.8 445.7 449.7 450.2 448.4 442.2 435.4 419.9 396.8 388 381.8 380.1 377.7 377.2 373.4 370 367.1 368.5 365.9 353.5 339.7 336.7 340.7 353.8 364.5 370.6 376.8 377.2 374.7 371.3 363.8 361.5 360.2 352.2 342.4 334.5 329.7 324 317.3 311.6 306.9 301.5 297 292.8 289.4
133.9 135.9 131.5 129 128.5 136.6 146.6 150.7 154.6 160.7 163.4 162.3 172.1 187.8 197.6 203.5 200.5 197.3 189.5 200.8 205.2 212.7 220.4 231 241.3 257.8 275.7 296.7 318.1 340.9 358.9 378.5 392.3 403.5 415.1 428.4 439 447.3 449.5 450.3 448.8 442.8 431.1 410.8 407.7 404.4 398.7 393.3 392.4 392 387.2 382.8 378.3 376.1 359.1 336.4 330.7 331.6 336.7 343.7 348.5 353.1 354 350.9 349.4 342.6 336.6 325.6 318.5 312.6 308.7 302.7 296.1 288.9 282.9 276.5 272.3 268.4 264.7 263.9
119 117.7 121.9 126.6 137.3 144.3 148.4 152.2 155.2 160.3 167.8 170.6 164.1 173.1 184.8 179.2 181.2 187 195.8 204.3 212.4 217.9 218.4 221 231.6 244.3 260.8 281.7 305.1 332.4 350.3 372.8 389.9 399.6 410.2 423.5 435.6 442.4 447 450.6 454.2 450.8 439.4 434.1 433.5 429 428 424.2 417.5 413.3 406.6 397.3 386.9 379.6 362 338.2 326.5 319.6 322.3 323.5 326.6 328.1 330.4 329.4 326.6 322.3 311.9 306.2 301.2 293.7 284.1 276.5 271.1 267.4 264.7 261.2 259 254.6 252.9 251.5
