public/OST50/SJ24.asc
ncols 200
nrows 200
xllcorner 320000
yllcorner 340000
cellsize 50
[rows 70 to 104 of 200, columns 0 to 77 of 200]
176.1 175.8 185.8 201.1 219.6 240.7 265 291.8 309.7 325.4 333.4 337.5 342.4 348.7 353.1 356.6 359.7 361.7 361.2 353.9 340.8 325 305.1 282.7 264.4 250.2 235.6 227.3 247.2 264.9 277.2 258.5 234 212.4 190.8 192.5 202.6 220.5 232.7 242.5 257.1 277.2 305.3 334.2 368.9 404.1 447.2 458.9 464.5 470.9 471.6 471.9 472.9 474.7 477.2 481.7 490.2 492.4 494.5 497 499.5 502.2 504.4 506.3 505.8 502.2 497.5 492.9 487.6 483.9 481.2 475.5 469.6 461.8 454.3 450.1 448.7 447.4
183.7 170.2 174.7 190.3 207.9 224.7 248 276.5 295.9 313.8 322.5 319.4 320.4 323.8 328.5 334.5 339.3 340.2 338.4 334 327.1 318.3 307.4 283.7 265.9 252.8 238.7 220.6 229.5 246 254.9 246 222.3 199.9 188.2 193.7 203.8 227.7 244.6 252.7 264.5 290.9 311.6 346.6 379.3 418.1 454.5 462.4 471.2 473.3 473.1 471.4 472.9 474.3 477.9 482.2 489.6 491.6 493.6 496.9 500 504.7 508.5 509.1 507.1 501.8 496.7 491.4 487.1 483.9 479.5 472.8 466.4 458.2 451.3 447.7 446.2 445.4
189.5 179.2 167.9 181.4 193.3 211.8 230.7 254.5 277.8 300.1 308.7 303.6 296.4 299 302.8 307.2 309.8 311.4 311 307.6 304.1 299.1 297.1 286.9 266.4 252.2 240.6 226.3 213 224.6 231.4 227.5 209.9 190.4 189.4 196.8 207.9 228 243.9 254.2 271.7 293.7 321.8 361.4 396.4 428.2 457 463.4 472.6 473.6 472.1 470.6 471.8 472.9 476.6 481.8 488.2 489.8 493 496.4 500.6 505 510.2 509.2 504.8 499.5 494.7 489.3 485.7 481.1 474 469.2 462.6 455 447.8 445.6 443.5 443.3
195.3 182.9 168.8 171.5 184 196.3 215.7 240.5 262.4 281.2 296.3 287.3 274.8 275.7 277.5 278.8 280.8 283.1 283.5 281.3 278.3 278.8 282.8 283.3 267.9 251.2 240.8 227 216.3 203.9 207.3 208.4 198.4 187.3 191.2 199.3 213.5 233.3 241.4 251.7 269.2 293.4 324.5 364.8 422.2 448.1 453.8 459.1 467.9 471.2 470 467.5 467.9 469.8 473.2 481.3 485.4 487.4 490.7 494.7 498.9 503.7 510.6 509.3 503.3 497.6 491.8 486.7 483.3 480.4 470.7 465.8 458.8 452.5 446.5 443.8 443.5 443.5
200.7 187.3 176.9 165 174 187.8 204.7 221 245.6 265.9 279.9 277.2 265 257.2 252 250.6 252 256 257.2 255.2 253.1 256.8 262 268.1 267.2 252.4 242.1 230.5 218 208 197.9 193.5 186.1 186.3 193.5 202.6 217.7 227.9 235.5 246.6 263 287.9 316.2 350.8 387.9 420.8 440.6 447.2 456.2 463.2 466.4 464.6 463.7 466.3 469.8 477.7 481.9 484.2 487.6 492.7 496.4 500.9 509.3 507.3 501.7 495.5 489.7 484.7 481 476.8 471.1 464.2 457 450.9 447 444.5 442.8 442
209.7 193.4 179.4 166.6 163.9 174.8 190.3 208.4 229.2 249.5 261.8 261 255.8 247.9 242.8 233.2 231.5 234.2 236.3 236.2 237.2 239.5 241.6 248.9 256.9 259.8 244.2 234.5 222.2 207.8 197.1 188.4 183.3 189.1 194.4 203.6 213.1 220.1 227.6 239.1 259.1 278.2 300.6 333.1 361.8 392.3 413.5 432.1 440.4 449.9 458.8 457.7 459 462.1 465.9 471.5 477.3 481.3 485.6 489.8 493.8 497.5 505.3 505 499.5 493.4 488.2 483.3 478.7 474.7 468.2 460.8 455.8 451 448.7 448.5 447.4 447
223.1 203.5 184.1 172.5 159.7 162.8 178.6 196.1 219.2 237 244.1 246.1 243.8 236.5 225.8 219.8 214.9 214.5 215 217.2 220.2 223.9 221.2 230.8 238.7 249 252.2 237.8 227.6 213 195.1 180.9 184.4 190.5 195.9 203 208.5 215.3 225.2 233.8 243.9 268.2 284.4 312 338.5 361.7 384.4 407.8 423.1 434.2 440.5 442.7 452.8 454.8 460 465.7 475 479.6 483.2 487.7 491.2 493.8 501.6 502.7 496.8 492.1 487.2 482.8 479.3 474 467.6 461.8 456.1 454.3 456.1 458.7 455.9 451.8
230 209.8 190.5 176.6 165.6 156.7 167.3 188.9 207.5 218.6 224.8 227 222.9 217.3 212.2 205 201.4 199.2 197.6 196.7 193.9 197.3 197.6 201.4 213 226.1 230.7 236.1 236.5 223.3 197.6 180.4 185 191.7 198.5 206.2 212.5 219 227.6 234.4 246.6 263.6 274.2 291.9 313.7 333.6 351.9 376.1 399.9 410.3 416.6 425.4 436.8 450.5 458.3 465.1 473.5 478.6 481.6 485.6 488.3 492.1 498.1 500.6 496.3 492.1 488.9 486.2 481.2 474.9 471.3 466 465 465.6 465.1 461 457.7 454.5
231.5 213.3 197.7 184.2 172.2 158.1 156.5 179.6 192.9 198.2 201.3 202.7 201.8 198.5 193.5 190.6 186.7 184 175.5 172 171.6 174.6 173.7 175.4 177 184.1 196.4 210.4 220.3 219.7 191.1 179.6 188 194.5 202.3 210.5 217.8 224.3 233.6 240.7 259.5 272.9 284.3 299.9 319.3 339.8 367 385.8 401.4 414 430.8 445 455.3 458 463.2 469.7 475.4 477.7 480.3 483.9 487.7 491.2 497.1 501.3 497.9 494.4 491.6 487.1 484.5 482.4 480.4 478.4 476.1 471.8 467.7 465 462.2 458.2
245.6 226.7 205.8 189.3 179.3 166.5 152.8 169.2 182.2 185.9 188.2 188.8 187.3 183.1 179.8 175.1 170.6 154.7 156.1 158.3 159.3 160.5 163.6 167.3 173.5 166.2 169.9 175 187.4 183.4 175.9 177.7 189.1 196.6 204.9 212.3 222.8 231.6 241.3 255 274.9 289.6 304.9 326.4 348.6 380 399.9 415.8 426 439.6 448.5 456.6 458.2 460.6 464.6 472 474.9 475.6 478.2 482.8 486.9 490.6 500.3 503.9 499.3 496 495.1 491.6 492.1 492.4 488.4 486.1 481.6 476.5 472.2 470.1 466.5 463.1
254 234.2 209.8 194.2 181.8 169.4 155.1 155.1 166.9 175.5 181.5 179.8 171.5 166 161.3 159.9 154.8 154.9 161.2 164.2 166.3 169.9 172.7 175.2 179.5 182.3 177.3 175.6 172.4 178.3 182.9 181.9 186.8 196.8 207.7 217.4 227.4 238.3 252.4 271.9 292.5 313.5 334 354.5 388.2 417.4 429.4 438.6 447.9 451.9 455 456.3 457.8 460.5 464.7 472 472.8 472.8 475.6 480.6 484.7 489.2 499.3 502 500.1 500.6 497.7 496.9 500.7 500.8 495.7 490.2 486 481.4 477.1 475.2 470.7 467.5
260.6 241 222.4 202.1 186.9 175.8 163.6 149.4 155.7 166.9 171 164.8 161.8 151.8 152.4 152.6 153.6 162.3 166.2 170.4 175.2 179.9 184 186 187.7 190.3 191.8 192.7 189.8 189.7 189.7 188.6 188.9 200 212.7 223.2 232.8 245.1 263.5 288.6 313.3 341.7 365.3 397.2 419.3 434.5 440.7 449.2 455.2 456.9 456.1 456 457.3 459.6 463.2 469.8 469.4 470.2 473 478.5 482.9 487 497 499.1 499.7 500.3 498.3 503.3 504.1 502.1 498.5 493 488.7 487.2 484.2 479 476.8 471.6
265.9 249.9 231.9 215.9 201.3 189.3 171.9 154.9 146.6 156.1 157 152.9 150.5 148.6 149.2 157.2 165.1 170.8 176 182.4 189.7 195.4 195.5 194 194.8 196.1 197.6 199.2 200 200.6 199.3 189.9 199 209.5 217.7 226 237.1 253.4 277.3 304.1 334.3 364 403.1 428.9 432.6 437.6 444.8 454.9 458.6 456.8 455.2 455.2 456.1 458.6 461.8 467.2 466.4 467 470.7 474.9 479.2 483.4 492.8 495.8 496.3 497.9 496.1 501 503.3 502.2 499 495.1 493.5 491.6 489.3 484.3 479.8 475.2
270 255.8 237.6 222.7 205.4 190.7 176.9 157.5 147.4 147 144.8 144.9 150.7 158.8 161.7 168.4 173 182.2 190.7 197 205.9 211.8 209.9 206.6 203.7 202.6 202.6 203.9 203.6 203.4 202.7 194.3 202 209 215.3 225.1 239.6 264.7 286.9 314.5 351.1 389.6 417.5 432.3 434.1 438.2 449 457 458 456.2 454.4 454 455.1 456.9 460.2 463.8 462.3 463.6 467.1 471.2 475.1 479.8 489 491.9 491.9 494.6 493.5 500.5 503.3 502.1 499.4 498.7 496.4 496 493.8 487.1 482.5 475.7
262.8 249.2 230.4 214.2 194.6 180.8 170.1 158.5 146.8 142.4 144.9 156.3 161.3 166.2 169.7 177.6 188.7 200.9 211.8 222.9 227.8 233.2 229.7 222.4 216.2 212 211.2 210.9 208.8 207.4 205.8 197.6 198.2 206.3 213.8 224.5 240.9 269.4 292.3 324.6 363.7 411.6 430.6 432.4 435.3 440 452.6 457.8 457 454.5 451.2 450.3 452.7 455 458.3 460.1 458.9 460.8 463.5 467.6 471.7 475.3 484.5 487.9 488.4 490.3 489.9 497.7 502.6 502 500.4 500.9 501 499.8 495.9 489.2 482.6 476
249 230.8 212.7 198.8 183.4 173.3 164.2 155 141.1 146.9 157.6 163.6 168.7 175.1 186.1 200 212.9 223.8 236.7 247.4 253.3 254.8 248.7 239.8 232.4 224.3 221 217.6 213.4 210.9 207.1 196.6 201.3 206.9 214.1 224.9 245.4 266.9 292.8 329.1 377.9 415.5 429.8 432.4 436.1 443.8 454.3 455.8 454.8 451.9 448.1 447.3 450 452.2 456 457.1 455 457 460.1 463.8 467 471 479.9 483.7 484.8 486.3 487.4 492 496.1 500.3 499.4 500.6 502.1 500.2 496.1 489.6 483.1 476.5
229.9 210.7 197.6 185.8 174.2 164.2 157.7 138.7 139.9 157 163.7 171.5 178 185.2 201.6 218.2 233.2 248.3 262.9 274.6 277.6 273.1 263.3 253.6 243.8 234.2 226.9 221.8 216.5 211.4 206.9 201.8 198.9 206.6 212.1 221.7 243.7 265.3 290.8 330.5 372.9 421.5 428.4 432.1 437.1 448.1 453 452.1 451.4 448.3 445 444 446.7 449.1 453.8 453.9 451.4 453.9 456.7 460.5 464.4 467.2 474.9 479.9 481.1 482.2 483.4 487.2 495.7 497.5 496.9 498.2 500 498.6 495.4 489.4 482.3 476.7
210 198.1 185.9 174.2 164.1 156.1 144.8 137.4 148.3 161.8 170.3 178.5 186.8 201 218.8 236.1 253.1 270.5 285.5 294.1 292 286 275.7 262.2 250.6 240.9 231.5 224.3 218.7 212.7 207.9 203.4 200.8 205.7 210.8 219.4 237.1 262.6 286 323.2 360.8 407.9 425 432.2 436.8 445.7 449.8 449.9 447 444.2 441 440 443.3 446.1 450.2 450.6 448 450.9 453.9 457.9 461.2 463.4 469.2 476.1 476.2 476.7 479.7 483.4 492.1 494.8 493 494.8 497.1 497.2 493.5 488.2 482.2 475.9
197.9 187.9 175.8 164.1 155.3 146.8 136.1 137.6 159.5 168.3 179.2 188.6 201.4 218.5 238.1 258.3 277 293.9 306.5 305.3 298.4 290.8 278.8 265.2 253.7 240.6 232.5 224.6 218.5 212.8 208.9 205.1 204.2 207.1 211.8 218.9 234.6 257.7 275.9 308.8 345.2 376.4 397 427.8 433 439.8 444.9 445.5 442.3 439.7 436.5 436.7 439.5 441.9 447.1 447.1 444.6 447.5 450.7 454.6 457.8 460.4 465.7 472.4 473.5 471.9 475 480.7 490.8 490.5 489.3 490.6 493.3 493.8 490.2 485.6 479.6 474.1
188.9 180.6 169.9 160.3 149 137 134.5 153.4 164.8 175.2 188.5 203.6 219.4 237.3 258.3 278.7 297.7 314.1 318.7 311 301.1 292.5 280.4 264.4 251.4 238.5 231.7 224.6 219.5 213.8 209.2 207.2 206.7 210 214.1 220.3 231.4 251.5 269.8 294.4 322.1 346.9 383.5 418.3 426.2 430.7 434.9 439.1 438.6 434.6 432.3 432.4 436.1 437.6 442.5 443.7 442 445.5 448.6 451.4 455 457.5 463.1 468.3 469.2 468.1 471.3 476.4 487.2 487.4 486.4 486.4 488.7 489.1 486.6 482.4 476.8 471.4
182.4 175.6 167.1 157.3 140.9 132.9 144.5 157.8 171 187.4 203 223.1 241 257.6 276.8 296 313.5 324.9 319.4 311 299.7 285.8 274 260.1 249.4 239.5 232.3 226.4 220.5 214.8 211.4 207.8 208.7 212.5 216.6 221.8 228.3 246.4 260.2 278.5 302.5 326.2 364.7 406.6 418.2 417.8 421.9 426.7 433.8 428.5 425.2 429.1 431.7 433.4 437.7 439.8 439.7 443 446.3 450 451.8 454.3 459.5 465.4 465.8 464.5 468.3 472.9 481.8 485.3 482.1 481.8 482.7 483.4 481.8 478.6 474 470.4
175.7 170.5 163.7 155 133.4 130.9 150 164.7 180.7 199.5 217.6 237 257.2 275.8 295 310.2 324 325.5 318.8 308.5 297.5 285.9 275.2 264 251.8 240.3 232.9 227.7 222.9 218.7 215.1 210.1 210 213.5 218.1 223.6 229.1 240 252 267.6 283.6 306.7 334.9 378.6 399.8 405.9 405.1 410.8 416.1 422.4 411.5 424.1 425 427.9 431 431.1 437.6 440.6 444 447.4 449.2 450.7 454.2 457.6 462 459 464.2 469.4 478.2 481.3 478.5 476.7 476.9 477.5 476.7 474.7 470.8 468.2
167.5 163.8 158.5 149.7 130.3 141.8 159 175.8 190.4 212.5 232.7 252.2 272.8 292.8 311.9 325.5 332.5 329.3 321.3 311.2 299.8 291 280.1 267.7 254.8 241.6 235.7 230.1 225.1 220.8 217.8 212.8 211 214.4 219.9 224.9 232.4 240.4 248.3 259.1 270.4 289.3 318.6 365.2 376.5 382.5 387.2 389 396.7 400.8 406.5 417.3 418.8 421.5 422.8 428.6 436.4 438.9 442 445.1 446 446.8 450.2 454 456.6 455.4 459.9 463.3 473.8 476.6 474.4 472.3 472.3 473.1 473.1 470.3 467.3 465
158.4 148.5 152.5 143.4 128.7 143.1 165.7 185.1 205.7 222.4 242.8 265.3 286 306.2 325 335.8 339.4 334.4 325.7 315.8 304 294.3 281.8 269.6 256.6 244.2 237.8 233.6 229.6 224 219.4 215.5 211.8 214.8 219.7 228.3 237.9 251.7 261.4 272.6 280.9 283.5 303.6 330.9 348.4 359.6 382.6 391.6 398.4 401.1 399.6 402 411.1 415.2 419.3 430.6 434.4 437.3 439.8 441.9 442.3 443.7 446.3 449.7 451.2 449.2 453.6 456.4 464.1 470.2 469.1 467.2 467.2 467.8 468.8 466.7 464.7 461.2
156.7 149.4 140 134.4 127.5 134.6 167.6 193.6 216.1 237.9 257.1 275.7 293.4 312.8 331.1 341.4 341.2 336.4 328.4 316.8 305 293.3 281.2 269.9 258.8 249.3 242 237.9 232.8 228.5 221.9 217.7 213.9 216.4 221.7 240.6 254.7 271.5 286.6 302.9 318 319.3 319.2 331.1 355.2 386.7 401.3 412.2 420.2 418.7 415.4 410.8 409.1 413.8 419.9 430.9 433.2 435.6 437.8 438.6 439.2 439.8 442.7 445.4 446.5 444.9 447.5 450.5 455.9 460.8 463.2 462.4 462.2 463.3 465.9 464.7 461.5 457.1
154.7 150.6 146.7 143.5 126.8 130.7 163.9 192.7 219.1 244.6 267.1 286.8 306.4 323.7 337.1 344.1 344.8 342.9 333.3 317.7 304.5 292 281.5 270.7 261.6 253.2 246.1 241.3 237 232.3 226 222.3 217.2 220.1 240.1 255.4 275.9 298.5 317.1 335.2 353.7 367.6 361 366.9 384.4 404.5 419 428.8 427.5 423.9 419.6 418.2 417.8 418.3 425.1 431.3 431.9 433.5 436.3 436.2 435.5 436.1 439.2 441.9 442.9 441 440.9 445 445.5 452.5 458.2 457.1 457.2 458.4 462.4 461.4 458.3 454
153.8 148.4 145.6 141.5 126.4 133.9 163.1 191.1 220.5 246.6 272.2 291.7 312.8 328.5 344.1 350.4 351.7 351.6 341.2 324 307.4 293.5 283.4 273.3 263.2 254.5 249.4 244.8 239.9 233.9 227.9 223.6 221 230.7 247.9 271.7 299.5 328.4 353.1 382.7 384.9 397.2 397.5 405.5 414 424.4 434.8 432.2 428.2 424.4 422.4 421.2 421.3 422.1 426 429 430.3 431.4 433.3 433.2 432.5 433.1 435.1 438.4 438.6 435.9 435.9 440 438 442.1 446 451.5 452.5 454.3 458.9 459 455.7 451.4
150.4 145.1 142.5 137.4 124.9 138.3 163.4 189.5 219.8 248.4 275.3 296.7 314.8 334.2 348.8 360.3 364.7 358.5 350.2 333.1 313.5 297.3 285.4 274.5 264.4 256 253.5 249 243.7 238.3 232.9 228.3 225.7 244 260.8 286.7 320.7 351.3 393.7 398.6 410.4 415.1 418.8 425.8 433 438 436.7 432.8 429.2 427.3 425.7 424.4 424.6 430.5 430 428.5 429.3 429.3 430.2 429.7 429.5 430.4 431.9 434.4 434.3 431.1 430.4 434.2 434.5 435.4 439.7 444.4 447.2 450.5 455.5 456.3 454.2 449
145.4 141 139.6 137.6 124.6 136.2 158.9 184 211.4 238.7 265.8 289.9 311.7 336 354.5 368.3 377.2 364.3 352.6 340.2 319.9 304.5 287.8 277.6 268.9 261.3 259 252.9 249.3 246.3 241.2 233.8 232.4 250.1 271.4 300.8 335.6 376.4 395.1 407.6 410.6 414.1 422.5 434.3 441 439.4 436.8 433.4 430.8 430.7 427.4 427.7 434.2 434.6 431.5 430.5 429.3 426.9 426.9 426 425.9 427.4 428.8 429.4 429.9 426.7 425.5 428 429.2 430.6 433.2 438.7 443.5 446.6 451.4 452.7 451.1 446.5
140 138.3 137.7 137 123.1 122 139.6 169.2 191.8 222.5 250 274.6 299.2 325.6 351.7 366.2 370.9 366.3 356.3 347.2 336.7 315.3 296.4 284.5 273.8 272.9 268.8 263.1 259.3 254.5 247.4 239.7 237.7 257.1 280 312.7 347.5 392.2 395.1 407.1 410 414.1 424.8 439.1 443.7 440.7 437.4 434 432.8 431.3 429.8 435.2 438.3 435.6 431.7 430.9 429.2 426.8 424.1 422.7 422.8 424.1 425.5 425.4 424.8 422.7 418.8 422.1 425.6 424 426.6 432.1 439 441.4 446.3 449.2 448.3 443.9
135 135.7 136.4 137 120.9 119.9 121.8 147.6 172.1 197.5 224.6 249.5 276.8 304.8 341.9 358 362.5 360.4 354.8 349 339.9 324.9 303.9 292.5 287 283.9 279.6 274.2 268 260.3 251.2 243.4 241.6 260.7 286 320.3 353.8 391.7 392.9 402.4 408.3 413.3 424.2 438.6 443.8 440.9 437.2 433.4 433.8 431.4 433.1 440.9 438.7 434.7 432.7 432.4 430.6 427.1 423.6 419.9 419.6 420.7 421.6 421.3 419.8 417.7 414.2 415.7 417.6 417.2 419 425.7 434.1 437 441.8 445.5 444.9 442.3
131.9 134.5 136 135.8 135.9 123.4 117.6 125.2 153 176 201.4 228.2 258.4 287.9 321 349 353.9 353.5 351.3 346.5 339.1 328.7 311.5 301.1 296.3 296 290.7 282.6 272.6 262.8 252.1 244.1 247.7 264.6 289.9 323.6 355.5 388.8 391 399.3 406.2 411 420.7 434.9 442.6 439.6 435 432 432.9 430 433.4 440.5 437.1 433.4 433.4 433.6 431.6 426.7 422 419.4 415.7 416.2 417.1 416.6 413.5 413.2 409.8 408.4 411.1 410.5 413.2 421.3 428.9 431.6 436.3 440.8 441.9 438.9
130.8 133.7 134.5 135.6 135.4 134.3 117.4 117.6 135.6 162.1 184.9 208.7 238.1 267.5 300.7 335.4 349.2 350.7 347.8 344.5 338.7 331.4 323.6 314.1 309.8 305.9 299.8 287.4 275.8 262.9 254.6 249 252 268.3 292.9 323.8 353.2 382.4 389 394.9 404.8 408.6 416.9 430.9 440.8 438.2 433.1 429.6 429.9 429.3 433.4 439.9 436.6 433.5 433.2 432.1 430.3 425.1 420.4 418 415 411.7 412.1 410.9 408.2 406.2 404.6 403 406.3 403.4 404.2 415.1 423.4 426.6 432.4 435.6 437.5 434.8
131.2 132.7 133.8 134.5 134.2 133.5 126.2 115.3 126.5 146.7 169.4 193.6 223.4 249.7 283.3 317.8 342.1 349.7 348.1 344 339.9 335.8 328.9 323.6 319.6 315.7 306.7 290.1 276.6 263.4 257.1 252.7 254.1 273.4 296.4 330.1 352.6 379.4 387.6 390.8 399.4 404.8 412.6 427 439.2 436.1 431.1 427.4 428 428.4 432.4 438.1 434.8 432.3 431.7 429.9 426.8 422.7 417.2 415.1 412.3 409.1 406.1 405.2 402.9 401.1 399.3 398.5 400.6 401.6 396.1 408.2 417.5 421.6 428.2 430.4 432.3 431.2
132 132.3 132.9 133.4 133 132.1 127.7 115 120.1 137.2 153.5 177 204.2 232.6 266 299.4 329.8 344 345.9 344.9 342.9 341 337.4 331.3 324.6 320.8 315.3 304.5 285.6 267.4 259.2 254 254.7 273.9 300.3 334.7 363.3 377.1 385.9 386.7 396.9 401.5 409.2 419.7 430.9 432.5 429.4 426.3 426.1 427.8 430.7 435.5 434 431.9 431.3 428 423.8 419.5 414.1 411.8 410.4 406.9 402.5 401 398.6 396.8 395.4 394.7 395.9 397.6 391.5 399.1 410.9 415.2 422.4 425.1 426.6 427.1
