public/OST50/SJ24.asc
ncols 200
nrows 200
xllcorner 320000
yllcorner 340000
cellsize 50
[rows 140 to 174 of 200, columns 0 to 77 of 200]
217.7 225.6 227.5 227.3 222.8 214.9 203.8 189.5 168.7 149.2 128.4 109.6 96.1 95.1 82.8 84.8 85.8 86.2 93.1 102.2 112.1 116 117.3 120.7 125 121.2 121.8 135.8 143.7 158.9 171.8 179.8 188.3 191.1 199.8 201.9 198.2 196.5 201.7 211.3 227.5 242.8 265.4 288.3 297.5 299 294.1 287.5 272.2 262.4 251.5 229.8 205.8 199.5 195.1 186.3 178.8 180.5 183.5 200.5 203.2 207.5 209.5 209.7 210.7 208.8 201.8 201.1 198.4 194.4 188.8 182.6 180.7 182 195.5 216.8 236.7 246.1
239.1 243 241 239.6 235 227.9 217.9 203.2 181.9 159.6 137.7 118 98.4 94.4 90.8 83.6 84.1 87 90.5 101.3 107.1 110.6 112.8 115.1 113.7 114.9 127.9 137.9 147.3 158 169.7 180.9 188.8 188.3 196.5 196.3 189.1 182.7 185.6 198.6 210.9 226.8 249.5 272.3 277.7 279.8 277.3 266.1 256 247.9 235.4 215.7 193 174.1 171.1 162.9 153.6 154.1 165.9 175.7 182.5 190.2 198.9 196.4 198.2 197.2 192.4 190.3 187.7 184.1 181.4 177.8 174.6 168.1 178.6 193.2 201.6 235.5
250.7 251.6 249.9 246.1 240.5 230.3 216.2 200 179.6 154.1 132.4 116.8 101.7 94.2 90.3 84.8 81.9 86.4 89.2 96.1 102.1 104.1 103.2 109.5 114.7 120.5 129.7 136.9 146.2 157.1 168.2 175.2 179.4 178.4 183.9 184.7 177.7 172 174 183 194.3 214.6 241 256.2 255.9 255.8 252.1 243.2 233.8 226.5 212.9 198.3 181.3 158.2 153.5 144.7 135.9 136.8 145.4 152.4 158.5 165.4 170.3 176.3 177.1 178.8 180.3 176.6 175.5 174.6 172.5 168.7 163.4 156.8 164.8 173.1 188.5 188
262.9 262.5 260.5 255.7 246.5 232.6 216.5 194.1 172.3 148.8 130.2 114.1 103.2 92.3 88.8 87.1 81.8 83.9 88 94.2 97 104.9 109.1 111.3 114.3 119.4 128.9 135.9 144.9 157.8 169.1 174.6 177.9 173.4 169.6 169.5 168.2 162.7 165.5 171.2 180.4 203.2 223.4 227.3 229.2 233.5 229.7 224.6 217.5 209.1 202.3 187.8 171.5 155 141.3 134.7 125.2 126.3 128.4 133 139 144 150.5 152 156.3 160.7 164.8 158.2 163.3 162 162.5 160.9 158.9 148.8 150.9 158.8 171.5 188.3
275.1 274.8 274.7 268.7 259.5 240.1 215.4 196 175.6 153.4 133.3 116.5 104.1 89.5 88.9 88.7 84.1 85.1 86.5 91.8 101.1 107 109.7 112 116.6 119.4 129.1 138.6 151.4 162.8 169.1 174.1 174.1 171.4 164.3 158.9 158.6 156.2 159 166.2 178.7 197.7 205.5 201.8 201.7 204.1 202.7 200.3 197.5 194.5 190 184.3 175.9 165.5 152.9 141.7 126.7 120.1 120.5 120.9 121 126 131.9 133.4 139.7 143.1 144.9 138.8 143 145.4 151.6 154.5 153.9 140.2 139.7 147.2 159.1 173.6
290.9 288.5 286.3 273.5 254.8 231 205.7 184.2 169.3 153.2 136.5 116.9 103.5 91.3 88.7 88.9 84.8 80.5 82.9 90.1 93.7 103.2 109.3 109.6 109.8 110.6 116.7 127 137.5 151.7 158.5 165.2 167.2 162.8 158.3 154.4 150.1 150.4 155.4 163.2 171.9 188.1 189.8 185.6 184 182.5 180.5 180 182.5 182 179.5 175.6 168.1 160.2 151.1 143.1 134.8 119.3 115.4 117.6 113.7 114.9 118.7 121.4 125 127.1 129.3 128.9 133.5 135 138.7 142.4 141.4 128.2 130.5 137.6 151.6 161.5
295.1 290.9 285.4 270.7 252.5 230.3 206.5 182.8 163.5 145.3 128.6 114.5 101.6 92.9 88.6 87.9 86.9 83.3 80.8 89.8 90.4 96.8 104.8 108.7 108.2 108.9 109.8 116.5 128.8 142.5 151.7 156.2 153.8 148.4 147.9 146.5 143.4 146.5 152.9 158.5 165.7 175.2 177.6 174.7 174 171.9 171.9 172.5 174.3 174 172.8 170 161.8 154.8 144 136.2 128.5 120.1 111.4 107.2 107.1 107.9 109.7 111.2 112 112.9 117.3 118.6 122.5 124.9 126.8 129.7 129.7 120 123.8 131 143 149.5
293.8 290.3 279.4 268.6 253.8 233.4 215 196.2 176.4 156.9 136 119.8 111.1 93.9 88.6 87.6 87.6 83 80.6 87.6 90.9 93.3 98.8 102.4 107.1 107.8 108.5 110.2 118.2 131.5 146 148.9 147.2 139.6 139.8 139.1 139.5 146.4 151.4 154.4 159.8 159 161.7 164.3 163 166 167.6 169.1 170 168.7 168.1 163.6 155.7 148.1 139.6 130.9 122.3 114.7 109.5 106.6 104.1 101.1 102.1 100.4 100.4 104.4 105.8 106.7 111.3 112.8 113.4 117.8 118.2 119.2 116.8 121.7 131.5 138.7
285.3 278.6 268.8 258.7 247.7 234.9 216.4 203.5 185.8 164 149.3 133.3 120.2 103.6 91.7 87.5 87.2 80.8 80.2 84.4 90.2 93.3 92.7 99.7 98.9 101.8 107.5 108.8 109.6 117.4 129.7 135.9 136.5 132.6 133 136 141.3 146 148.7 149.7 149.1 148.1 148.2 148.3 148.6 150.8 152.1 156.5 158.5 155.4 150.7 147 141.6 135 129.5 123.7 115.8 108.4 104.1 99.8 99.2 94.6 94.2 90.5 91.1 90.8 91.2 93.4 94.8 97 98.1 98.6 99 101.8 109.5 111.8 116.8 124.9
278.5 270 257.7 246.6 237.3 228.5 216.4 210.6 202.4 185.1 168.8 150.6 134.6 118.3 99.9 87.3 86.6 85.9 80 79.1 89 92.5 92.5 93.8 96.1 97.1 100.7 104.9 108 109.7 116.5 124.4 126.3 126.3 130.6 136.7 145.3 148.8 151.2 147.7 143.2 141.9 141.3 140.5 143.4 147.9 148.6 149.3 154.3 158.1 148.2 138.4 132.4 124.7 117.3 111.3 105.1 99.5 94 89.9 88.2 88.2 88.1 86.4 85.2 85.2 85.3 86.3 86.6 89.4 90.8 89.1 90.1 94.7 98 104.4 106.2 111.2
271.6 262.3 251.5 241.5 234.2 234.2 233.3 228.2 214.1 199.9 184.7 165.5 146.2 131.2 112.8 90.4 87.4 86.3 80.1 78.9 88 91.1 92.5 92.4 94.7 94.7 95.1 105.5 105.9 107.8 108.3 114 118.5 124.3 130.5 143.3 148.2 150.1 147.1 143.4 139.4 137 136.7 140.5 145.2 150.8 150.6 153.5 164.7 156.4 143.4 129.9 124.2 119.9 113.7 105.9 97.6 91.7 89 86.9 86.1 85.4 85.5 85.1 84.6 85.1 84.8 86 87.9 88.2 85.2 81.9 81.1 80.1 79.8 84.9 93 94.7
268.6 260.6 255.4 251 249.5 246.9 243.3 241 230 213.1 193.4 176.7 161 139.6 122.5 105.7 88.9 86.8 87.2 79.4 85.2 90.3 92.2 91.4 91.5 94.7 94.7 102.6 106.3 107.1 107 109.7 116.7 125.6 136.8 148.8 147.3 146.6 142.3 137.4 132 134.1 138.6 144.8 151.3 156.5 159.3 161.8 157.6 151.9 136.5 125.5 117.5 111.2 106.5 104.3 94.7 88.7 87.1 85.6 85 84.5 84.5 80.8 80.4 83.1 81.9 78.4 76.2 76.1 74.6 73.5 73 72.8 70.8 70.5 71.1 78.7
269.1 268.9 263.9 263.6 260.3 255.7 250.3 242.5 231.2 227.1 215.9 196.4 176.3 151.2 128.8 112.7 98.9 87.1 86.7 82.6 79.8 86.6 86.9 90.5 90.4 93.8 94.6 97.8 103.6 104.2 107 106.1 114.5 130.9 144.9 147.4 142.1 138.6 135.4 130.8 130.4 135.5 144.1 153.5 162.6 161.7 158.4 153.3 148.2 141.9 133 119.5 112.7 107.6 104 101 91 87 85.3 84.6 85.2 84.9 78.3 77.5 77.9 77.8 76.7 76.3 76.3 72.1 69.2 68.7 68.6 70.1 69.7 70.3 70.1 70.4
270.9 272.1 272.2 273 271.5 267.6 261.3 256.7 252.3 248.6 236 213.1 189.5 164.8 137.2 118 105.1 90.5 85.6 85.6 79.2 86.3 86.4 85.9 85.8 88.3 94.5 94.4 98.8 104.5 103.1 102.6 107.4 118.1 133.5 140.4 137.7 131.5 128.7 125.5 130.1 135.1 145 158.7 165.1 158 150.6 146.1 141.2 136.1 130.9 114.7 108.7 105.1 101.6 94.7 88.1 86.6 85.7 86.1 85.9 80.7 77.7 77.4 77.1 76.4 74.1 70.2 68.4 68.3 70 70.9 69.8 69 68.4 68.4 69.9 69.8
272.6 276.2 277.8 282.5 284.1 280.2 276.4 273 271.9 269.4 255.7 232.8 201.9 172.5 147.7 126.9 110.8 96.1 87.4 85.1 80.5 78.8 86.5 86.1 86.2 84.8 85.4 87.1 90.8 94.5 94.7 98.5 101.6 106 113.3 124.8 127.4 124.6 124.3 122.3 126.3 133.3 144.4 160.1 157.2 150.7 144.3 138.7 134.1 128.8 119.6 110.5 106.8 103.6 97.7 91.9 86.7 86.5 86.8 86.3 79.3 78.1 77.6 77.2 76 71.6 68.3 68.8 71.5 75.7 75.7 75.5 70.7 70.4 69.8 70.2 68.1 67.5
282.4 288 290.7 294.9 294.7 292.3 296.4 299 296.7 290.3 277.2 244.8 211.4 183.2 159.7 136.1 117 105 89.4 85 85.1 78.8 83 85.5 86.3 85.6 85.8 84.8 83.9 83.2 84.3 87.7 94.5 100 104.3 106.6 111.1 114.5 117.1 117.3 122.3 131.8 141.5 151.4 149.1 143.3 135.7 129.5 123.8 118.2 111.9 107.3 104.4 100.2 93.3 87.1 86.7 84.9 79.2 78.2 78 78.1 76.8 72.6 68.9 68.7 73.7 77.4 76.3 76.3 75.9 76 75.5 73.4 71.3 70.6 74.3 71.1
294.1 306.8 308.5 310 308.7 309.3 312.8 316.1 313.6 309.9 290.7 258.1 234.4 207.9 180.1 158.1 134.7 115 99.6 87.7 85 78.7 83.9 85.5 83.1 81.5 81 80.3 74.7 74.8 74.7 82.5 83.8 87.3 93.9 94.5 100.7 104.8 105.9 109.9 115.5 120.3 128.2 134.1 140.5 139.6 135.9 127.8 120.1 113.9 109.1 104.4 100.9 94.7 87.8 86.8 81.7 79.7 79 78 77.2 72.9 68.9 69.9 77.9 77.7 77.7 77.4 77.3 76.3 75.5 76 75.7 75.2 74.5 74.4 74.3 73.4
297.2 312.2 317.2 320.6 320 322.9 324 323.2 317.6 312.7 300.5 285.5 259.4 233.5 204.3 182.5 159.5 137 116.8 97.3 85.2 81.3 78.5 79.1 78.9 77.2 76.6 77.2 79.7 80.7 80.3 74 78.1 81.4 82.2 82.2 84.7 89.7 94.1 94.2 94.5 94.3 104 113.6 120.8 124.8 127.3 125.1 116.3 107.9 105.4 100.6 94.7 85.5 82.7 79.6 79.4 78.3 74.8 68.7 68.4 76.8 79 78.6 78.8 77.8 77.9 77.6 76.3 74.8 75.1 75.3 75.1 74.7 74.8 74.8 74 73.4
306.1 323.4 328.6 332.1 331 331.3 329.5 321.9 312.9 306.2 294.8 280.6 268.9 252.3 230.3 205.1 182 157.2 138.5 116.4 94.7 84.9 83.8 78.8 80.9 84.2 84.6 83.5 83.2 82.8 83.4 80.3 73 76.3 78.4 79.1 79.4 80.4 80.4 81.1 80.5 80.8 82.5 82.5 87.7 92.2 94.2 101.8 100 94.6 91.3 81.9 80.4 71.6 70 69.9 69.7 69.8 72.3 76.7 79.6 79.9 78.7 78.6 78.1 77.8 78.5 77.8 74.9 73.9 74.6 74.3 74 74.3 74.6 74.2 73.6 73
316.4 332.4 338.7 339.4 335.9 331.3 326.5 318.2 307.4 302 295 282.8 260 254.1 238 209.8 179.5 161.9 150 137.4 116.4 96.3 88.1 86.4 86.9 86.8 86.6 86.6 85.7 84.5 84.5 84 82.2 72.9 72.6 74.9 76.4 76.3 76.3 74.4 71.3 71.1 70.8 70.6 74.3 81.3 81.7 79 80.4 76.6 72 70.2 69.9 72.3 80.3 81.2 81.2 81.7 81.1 80.7 81.2 81.1 80.1 80.3 79.6 78.3 78.1 77.5 75.6 74.1 74.5 73.4 73.6 73.8 73.8 73.5 72.8 73.4
324.7 334.6 339.9 340 331.7 325 317.5 309.9 303.3 297.1 287 271.8 254 245.5 234.4 213.2 185.1 170.5 152.6 141.2 128.7 114.4 105.8 90.6 88.5 88 87.3 87.3 86.6 86.4 85.7 84.7 84.8 85.1 81.8 82.3 78.2 72.7 74.8 82.7 82.7 81.5 81.9 85.9 81.2 73.1 69.8 72.2 75.2 81.2 85.8 89.7 90.8 91.5 92.3 91.8 89.7 87.6 86.6 84.3 83.4 82.4 81.6 82 81.6 81.7 81.9 81.2 79.8 75.6 74.6 73.5 73.4 74 73.1 72.9 72.7 73.3
329.1 329.7 333.2 332.8 323.2 315.2 307.8 300.6 294.1 282.6 269.4 258.2 238.7 225 218.4 203.1 185.4 177.1 165.3 145 132.4 120.2 112.9 111.1 101.5 92.5 90 87.4 86.7 86.5 85.9 85.9 86 85.6 86.4 86.6 86.8 86.1 89.2 87.9 87.6 87.9 91.2 93.5 95.2 97 98.8 101.7 105.3 106 104.9 103.4 103.2 102.3 100.5 99.6 95.6 91.7 91.2 90.5 88.3 83.8 83.3 82.8 83.1 83.3 82.8 80.9 80 80.8 81.9 81.9 79.3 76.9 74.5 73 72.8 73.3
331.6 328.9 329.1 324.9 318.1 306.4 296.9 289 276.8 268.3 254 245.9 229.1 208.5 195.6 188.1 180 175 166.6 155.5 139.3 126 117 112.5 106.8 102.9 106 98 98.7 98.4 96.8 92.8 89.6 87.8 87.9 88.3 88.5 85.2 91.1 94.8 104.1 112.7 120.9 126.9 122.2 117.4 114.1 116.9 118.1 116.4 110.1 106.7 105 103.4 103.1 102.7 101.5 97.9 94.3 91 90.6 88.8 85.4 83.5 84.1 83 82.8 84.4 82.7 86.2 89.6 91.6 92 89.2 87.8 77.3 72.6 72.9
335.9 329.8 327.5 321.4 311.5 298.4 286 273.1 259.9 246.3 235.9 224.4 213.9 194.9 187.2 179.6 172.1 167.3 163.5 158.3 149.5 135.9 123.9 116.2 110.1 110.4 107.8 104.9 102.6 101.9 102.4 101.8 98.1 97.1 93.6 89.7 91.3 87.5 93.8 103.7 111.5 128 133.9 137.5 137.2 133.4 130.4 128.8 129.2 125.1 119.7 114 107 105.1 103 103.4 102.4 101.6 99.9 97.5 96.6 93.9 89.7 87.5 84.4 83.8 84.9 88.4 89.2 95.4 98.2 100.4 100.7 99.6 97.6 92.3 75.8 72.6
330.1 323.7 320.7 314.7 304.8 291.4 276.4 268.5 259.5 236 219.2 208.8 197.5 179.8 174.4 169.3 164.7 160.8 157.7 156 153.5 145.6 134.8 120.2 118.7 117.5 113 109.3 105.7 103.5 103.3 102.7 99.2 102.2 104.4 102.3 100.6 93.5 92.1 109.5 121 128.5 135.9 140.6 144.2 148.6 149.5 144.9 141.4 135.2 127.2 119.5 111.8 106.5 104.3 103.4 102.5 101.6 101.5 100.5 98.1 96.6 94.9 93.3 89 86 86.1 87.4 92.4 99.7 106.7 110.4 111 109 106.1 101.5 93.9 89.3
321.6 315.9 311.7 304 294.3 279.7 270.1 258.8 245.3 225.3 209.9 195.4 183.1 177.1 172.1 168.3 163.9 160 156.7 152.2 147.2 139.4 129.9 127.6 128.5 124.7 120 115.7 112.4 107.7 105.9 104.5 101.3 104.8 107 106 104.6 93.6 91.6 113.4 129.2 137.9 144.8 153.5 157.8 159.9 161.6 161.6 159 153.9 147.1 132.9 119.1 108.8 104.9 103.2 102.7 101.9 101.4 100.9 99.7 97.8 95.9 95.2 93.3 88 86.6 88 93.4 99.3 106.6 112.1 116.8 118.4 118.1 116.8 103.2 94.9
303.2 301.3 294.9 289.1 286.1 277 264.3 250.9 235.9 221.5 208.3 195.6 190.8 188.1 184.2 178.2 173.8 169.6 163.6 158.7 152.3 146.7 140.2 137.9 134.1 129.8 126.2 122.1 117.2 111.4 109.3 106.3 103.7 104.3 107.5 107.7 106.5 98.9 93.9 109.2 121.5 134.9 151.6 173.1 178.2 181.2 180.4 173.3 169.1 167.1 158.8 142.7 130.7 116.1 106.6 103.6 102.6 101.7 101.6 101.2 100.7 98.1 96.9 96 95.3 93.6 89.5 88.6 95.2 102.5 109.7 113.7 117.3 120.5 122.7 121.6 109.2 100.8
303.1 293.3 287.6 286.5 281.3 272.4 260.5 243.9 230.9 226.9 223.2 221.5 221.3 218.8 212.5 204.8 197.3 190 183.5 173.4 164.5 158.3 152.6 145.9 140.3 134.5 130.8 126.6 122.4 117 111.2 106.6 105.3 105.5 108 108.8 107.5 102.2 97.8 104.2 114.2 128.7 144.3 163.2 176.4 188 191.9 193.9 190.8 174.4 168.5 157.1 142.9 125.3 110.8 105.4 102.8 101.9 101.6 101.1 100.7 98.5 97.1 97 96.9 95.6 93.8 90.1 97.3 105.1 112.1 116.4 120.3 121.8 122.2 120.4 110.4 102.3
332 326.8 331 327.9 321.3 312.6 294.6 281.8 271.5 263.4 257.1 249.1 247.5 246.3 236.6 228.2 222.3 214.7 206.9 198.6 188.9 178.5 167.7 157.6 148.4 141.3 133.3 128.6 124.5 120.9 114.3 108.4 107.2 107.6 109.2 110.2 107.6 102.6 101.9 103.3 110.8 118.8 133.6 147.8 162.9 177.4 187.3 196.8 201.8 203.8 198.9 184 167.7 151.2 135.8 121.8 109.3 103.6 101.9 100.8 100.4 97.9 97.4 97.6 97.5 95.7 93.7 91.1 98.8 107.9 114.5 116.7 116.6 117.6 115.3 112.8 108.4 104.5
351.2 344.8 341.3 339.6 336.3 326.6 314.8 305.5 295.3 288.4 281.9 270.5 262.7 259.2 252.8 245.5 237.5 230.9 223.5 217.2 210.9 203 190.2 177.3 164.2 152.6 140.4 131.8 125.3 121.1 114.7 110.7 110.2 109.8 110.6 111.1 106.9 101.5 105.8 106.3 108.7 113.9 120.6 133.4 144 155.5 170.2 180.7 192.6 207 210.7 208.5 201.7 185 161.7 146.4 132.5 114.7 102.9 101.2 99.9 97.7 98 97.2 96.1 94.5 91.8 95.6 104.3 111.8 118.1 119.5 119.1 118.2 116.6 113.7 110.7 108.8
359.5 354.2 348.1 344.9 337.5 329.7 321.9 315.2 308.6 300.8 296.1 286.2 279.6 272.9 267.7 262 254.9 248.3 241.5 233.4 229 222.1 215.8 199.3 183.9 171.3 156.1 140.9 131.1 122 116.2 112.8 112.2 112.3 112.2 111.1 105.5 108.6 109.9 109.3 108.7 111.2 117 123.7 131.4 140.6 151.6 164.6 175.5 188.5 204.5 211.9 211.7 203.5 183.2 163.2 149.1 142.3 118.5 104.2 100.4 97.8 97.4 97.2 96 93.8 95.5 101.1 114.7 119.5 126.4 132.6 135.2 133.2 126.2 120.4 116.3 111.5
367.9 361.7 357.7 357.6 353.1 342.7 335.6 326.8 318.3 313.2 303.5 298.7 295 290.7 287.8 281.8 271.6 264.1 257.7 249.8 242 233.7 226.8 221.2 209.8 193.4 175.1 162.5 145.9 131.3 122.6 118.1 116 115 115.1 113.5 104.4 113.4 112.7 111.8 110.4 109.9 112.7 117.7 123.7 131.4 142 153.4 164.4 174.3 187.1 203.8 211.3 207.4 195 172.7 154.3 141.7 129.8 113 103.2 99.9 98 97.5 96.1 95.7 100.5 114.9 128.7 138.3 146.9 150.9 146.8 148.4 145.3 136.3 128.2 117.4
372.8 367.6 364.9 362 360 356.6 350.9 342.7 334 326.7 321.9 312.8 305 303.6 306.3 300.5 287.9 270.8 262.5 255 247.5 242.1 234.2 229.1 221 213.3 200.5 182.9 164.8 149.9 133.9 126.2 121.5 118.3 117.7 115.8 111 115.3 114.8 114.2 112.2 111.7 111.6 114.3 118.5 124.3 134.8 145.5 156.4 164.8 173.1 187.2 204.2 205.9 199 180.5 160 142.3 128.8 115.5 106.4 102.7 99.9 98.9 97.6 99.4 103.3 116.3 139.5 158.6 169.7 170.5 171.4 166.2 159.9 149.4 140.7 134.6
367.7 363.8 360.3 359.3 359.8 357.2 354.8 350.8 344.7 332.7 328.9 320.9 315 308.4 307.5 301.4 286.8 269.4 257.4 249.3 237.9 231.2 225.2 221.1 217.4 214.1 208.4 199 182.9 168.8 149.3 137.6 130.1 121.9 119.9 118.7 113.2 118 117.4 116.1 114.3 113.4 112 113.8 117.7 121.7 128 136.5 146.5 156 163.4 175.3 193.3 199.1 195.5 183.4 163.5 145.3 127.8 115.9 108.5 105.6 104.6 104.1 99.5 100.9 104.6 112.1 133.5 157.8 177.1 183.8 187.3 186.7 184.1 176.1 163 147.6
361.3 356 353.4 352.1 347.2 347.1 344.8 340.4 336.9 332.1 329.2 321.4 313.3 300 289.8 276.5 264 250.7 234.7 223 218.4 209.4 203.7 201.7 199.7 196.9 192.6 187.6 181.7 174.1 164.9 151.6 141.8 131.6 124.1 120 114.6 120.5 119.2 117.6 115.4 114 113.4 114.4 117.5 121 123.9 129.5 136.2 144.9 152.8 167.3 183.7 193 191.3 178.6 163.2 146.2 128.6 116.4 109.9 106.2 105.4 104 102.8 104.6 104.9 112.1 126 150.7 177.6 198.6 203.7 202.7 198.6 193.2 187.8 166.3
