public/OST50/SJ30.asc
ncols 200
nrows 200
xllcorner 330000
yllcorner 300000
cellsize 50
[rows 35 to 69 of 200, columns 0 to 78 of 200]
345.7 344.8 342.4 338.4 333.8 329 324.4 320.1 315.7 311.4 306.6 300.9 295.8 291.9 286.7 277.4 265.3 256.8 251.7 244.6 246.9 261.6 277.6 287.1 292.6 296.1 298.1 298 295.3 292 288.2 286.2 289.2 288.7 287.5 285 282.5 280 278.9 277.9 276.6 274.7 271.4 268.1 266.4 265.7 264.9 268.5 271.7 276.1 277.2 272.7 267.1 260.5 255.3 247.4 241 238.1 236.5 235.5 229.8 225.2 225 223.9 220.2 217.8 215.7 215.7 212.7 207.8 205.2 200.2 193.5 185.3 182 180.6 183.6 173.2 168.4
344 342.1 338.4 334 329.3 324.6 319.9 315.9 311.8 306.7 301.6 297.6 292.9 287.3 282.8 274.5 264.3 253.9 246.1 242.4 240.4 247.3 266.4 284 291.6 296.1 298.2 296.1 292.4 287.4 283 280 285.9 291.4 291 288.8 286.9 285 284.5 281.9 280.1 277 272.3 266.5 262.2 256.2 251.8 254.4 259.1 265.5 264.6 258.3 251.8 243.9 238.7 236.2 233.7 231.6 228.2 227 225.8 220.8 220.1 220.2 217.3 214.8 213.7 212.7 210.2 207.3 200.2 193.4 193.5 193.2 189.6 177 166.9 167.3 168.9
341.8 338.1 334.3 329.3 324.6 320 315.3 311.1 306.3 301.1 295.6 291 288.5 281.4 271.8 263.3 255.5 247.5 242.1 241.5 237.2 239.4 255.9 277.8 289.6 294.7 295.6 293 288 281.7 275.7 272.2 280.5 291.8 293.6 292.8 290.8 290 288 285.9 285.2 281 276.6 271.6 266.5 253.9 240.5 242.6 238.7 241.2 243.3 242.8 237.1 232.7 229.3 228.5 230.9 227 223.2 222.5 223.7 222.8 222.7 220.2 216.4 212.9 210.7 207.9 205.4 201.2 202.5 200 199.3 194.4 187.3 168.1 170.5 182.3 185.8
338 334.1 330.1 324.7 319.8 313.5 310 304.8 297 289.2 283.8 279.5 272.5 266.2 256.5 251.9 247.3 249.7 255.3 254.1 239.9 233.6 246.9 269.5 286.2 291.4 291.5 289.1 284.8 277.9 270.2 265.2 275.6 291.7 295.5 295.5 295.3 294.9 293.7 292.1 289.4 286.5 282.4 277.9 272.2 262.9 249.5 233.8 228.3 226.2 226.5 227.5 226.7 224.8 223.9 224.6 224.8 226.4 227.1 223.6 221.4 222.4 220.2 219.1 219.5 220.6 219.7 214.1 209.6 205.2 201.3 197.6 195 190.6 169.1 174.1 185.6 194 196.4
333.7 329.7 324.4 318 310.3 303.9 298.5 294.9 291.1 290.9 271.2 264.6 262.8 260.7 258.7 259.3 264.6 273.8 267.1 257.7 242 234.3 238.1 260.6 279.3 285.3 286 284.8 281.9 272.9 263.4 258.5 270.7 288.1 296.3 298.2 299.7 298.7 298.5 296.8 294.7 291.4 287.4 283.3 273.6 263.4 250.7 239.8 228.5 224 221.2 219.7 218.1 217.9 220.2 220.4 221.1 222.8 223.9 223.1 221.2 221.8 221.8 222.2 220.4 214.9 209.7 204.1 199.8 197.3 194.3 190 185.1 172.5 177.1 187.1 197.6 202.9 202.8
320.5 316.6 318.5 321 321.7 320.9 317.7 313 306.6 287.9 288.7 292.2 288.1 284.4 283.6 286.7 284.2 279.7 271.5 260.8 244.8 235.4 231.5 251.2 272.7 278.4 280.5 279 276.3 264.9 254.8 249.8 265 283.4 294.8 299.4 302 303.1 303.3 301.5 298.4 295 290.8 281.3 269.1 258.5 249.1 240.9 233.5 225.2 222.1 218.9 215.1 213.9 214.6 213.8 215.5 217 220.2 221.5 221.2 220 218.2 213.1 205.7 203.7 201.2 197.2 193 189.2 185.1 180.3 170.5 179.1 191.8 204.2 205.5 207.7 211.8
334.1 332.4 333.3 331.2 328.2 324.9 320.7 315.4 306.3 294.1 301.8 301.5 301.3 299 295 291.3 285.1 276 267.2 260.1 247.1 236.7 229.8 242.1 265 271.2 273.7 271 267.6 257.9 246.6 243.7 257.5 278.5 293.7 301.3 305.3 306.6 305.5 301.8 298.7 290.1 279.4 268.7 260.2 252.6 243.7 234.2 227.5 224.3 219.4 214.7 213.7 210.5 207.1 207.2 209.1 211.5 213.7 216.1 211.8 206.4 203.7 202.2 199.9 197.9 194.6 191 186.7 182.2 176.1 173.1 183.7 193.3 204.5 207.8 212.1 214.8 210.6
340 338.9 337.5 335.1 332.3 328.1 323.6 318.1 303.3 305.8 307.3 307 305.4 302.1 297 290 281.5 271.8 262.9 255.7 246.2 235.6 229.8 233.5 254.4 262.4 264 262 258.2 250 239.7 235.9 251.4 270.1 286.2 296.6 299.6 297 291.6 286.2 280.7 273.1 265.6 257.2 246.6 235.8 227.9 221.4 219.6 216.4 211.6 206.1 205.5 206.1 201.7 199.8 201.1 203.4 201 197.4 194.6 194.1 193.5 193.6 193.2 190.6 187 182.8 178.8 174.4 173.8 185.1 199.2 205 210.4 215.9 219.9 216.1 202.2
343.8 342.5 341.3 338.6 335 330.8 326.1 321.1 307.7 312.5 311 308.7 306 301.5 295.5 287.9 279.3 269.1 258.3 247.5 245.6 239.8 233.4 225.3 241.4 253 252.7 251.2 248.4 241.6 231.7 227.9 233.7 254.7 267 273.8 275.5 274.2 270.6 263.7 256.9 248.2 240.2 232.1 224.8 218.8 214.4 210.8 209.9 207.5 203.8 199.8 197.3 198.3 199.1 194.9 191.9 190.1 188.6 187.3 186.5 185.5 184.3 183.9 182.6 180.3 178.2 174.4 173.1 176.8 185.1 200.1 207 214.4 222 222 214.1 202.6 192.7
347.5 345.9 343.9 340.6 336.9 332.7 328.3 319.8 315.6 317.7 313.7 310.7 305.3 299.3 291.1 284.3 275.3 262.8 258.3 261.2 256.1 244 233.2 228.4 224.2 237.4 237.5 238.8 239.1 237.1 225.7 222.1 221.6 225.3 233.8 238.7 241.3 241 238.2 235.5 229.7 224.4 218 213.5 208.7 204.7 203 200.7 201 198.8 196.5 193.3 191.9 190.7 191.3 190.8 188.6 186.5 184.7 182.3 180.2 178.4 177.6 176.7 175.4 174.8 174.4 176.1 178.7 185.1 194.8 206.3 211.5 213.8 216.6 208.6 197 188.7 185.4
350.6 348.2 345.2 341.8 338.1 334.5 326.3 325.1 323.5 322.2 319.7 315.1 308.4 302.2 293.9 286.6 280.4 274.4 270.2 266.7 259.4 241 229.2 227.4 223.9 218.7 219.1 219.5 221.7 223.3 221.2 215.4 213.5 211.7 210 210.8 213.7 217.9 215.8 215.1 211.4 208 203.8 199.6 196.5 196.1 193.7 193.7 192.8 191.9 190.5 189.3 187.8 186.5 185 185.6 183.8 182.7 180.5 179.3 178.4 177.4 177.8 177.9 177.6 177.1 177.3 178.8 181.5 186.9 192.7 199.4 206.7 205.6 197.4 190.3 183 179.3 177.9
352.1 349.4 346.3 342.9 339.3 335.3 333.2 332.1 330.9 329.2 325.7 319.7 312.7 307 299.8 293.5 286.2 280.1 273.6 267.6 254 245.5 242.5 237.3 231.5 226.5 223.1 217.8 214.1 213 210.6 209.7 208.5 206.6 204.9 203 203.8 205.2 205.9 204.3 202 198.9 196.2 194.4 194.1 190.2 188.4 190.3 189.5 187.5 187.4 186.9 185.6 184.2 183.2 181.9 181.5 180.9 180.4 180.7 180.9 179.8 179.5 179.5 178.9 179.4 179.6 180.9 181.4 184.6 183.4 183.4 186.8 185.3 181 175.6 173.4 172.5 171.3
352.6 350 347 344.2 341.6 338.7 338.2 337.6 336.4 334.7 329.9 323.9 317.7 311.2 304.6 298 290.5 282.3 275.8 267.4 254.2 255.8 254 247.3 239.8 235.7 234 224.8 216.2 213.6 213.1 214.2 217 214.6 210.2 205.1 202.9 200.7 199.7 199.1 200.2 197.9 198.3 199.4 200.4 198.2 195.1 192.2 189.7 187.8 187.1 185 184.4 183 185.1 185.6 186.1 184.3 184.2 185.3 183.9 183.3 183.1 180.9 179.8 181.4 181.8 180.8 180.9 181.9 180.1 174.2 171.5 169.7 168.7 167.3 165.8 165.8 165.3
352.6 350.1 348 345.8 344.4 342.1 342.8 343.1 341.7 337.6 331.6 325.6 319.1 312.6 304.6 296.3 289.1 280.3 274.5 264.1 260 259 254.8 252.3 245.9 241.9 238 230.8 222.3 216.4 221.3 225.6 223.3 219.1 214.7 208.5 206.1 203.9 204.9 205.2 202.9 203.2 202.5 201.6 201.3 199.8 196.7 192.6 189.9 187.6 187.6 185.1 188 189.9 192.3 193.5 192 188.9 188.1 188.5 187.4 185.7 185.2 183.3 183 185.7 186.1 181.3 175.3 172.1 169.7 166.3 162.6 161.1 159.8 159.1 159.2 159.4 159.2
352.5 350.5 348.6 347.3 345.9 346.1 346.8 346.1 341.7 336.2 330.2 323.7 316.8 308.2 299.9 291.8 284.2 277.5 269.2 268 263.6 256.7 252.8 249.6 247 240.5 235.6 228.9 222.4 224.6 233.7 234.5 229 222.3 217.7 212 210.3 208.9 208.8 207.6 205.4 205.1 203.7 201.5 200.1 198.1 194.8 191.4 190.1 188.5 188 187.4 191.8 196.5 198.4 196.4 194.6 190.4 190.3 189.4 188.3 186.8 186.1 186.7 187.8 190.1 192.1 186.9 175.9 166.7 161.2 157 155.9 155 153.5 151.6 151.7 152.8 152.9
351.1 349.4 348.7 348 347.4 348.5 348 344.1 339 332.9 324.7 318.6 309.5 300.2 292.3 284.6 277 274.5 276.7 269.2 258.6 250.7 246.6 245.8 242.8 236.2 236.2 227.2 225.8 234.1 240.5 241.7 233.5 225.3 219.2 215.4 214.7 214.9 211.4 211.1 209.4 207.1 205.1 203.5 200.8 197.3 194.5 195.3 193.2 190.5 188 191.4 195.7 200.5 200.4 198.1 195.4 193.1 192.1 191 190.3 189.4 189.9 191.5 192.9 194.8 195.8 192 186.8 176.8 168.3 158.9 154.3 152.5 149.7 147.3 144.9 145.2 146.1
349.7 348.2 347.6 347.9 348.4 349.1 345.7 341.1 335.3 328.7 320.3 311.2 302.1 292.6 284.3 277.2 275.5 277.1 272.7 262.7 254.2 248.3 244 242.3 243.1 242.2 237 228 234.1 239.9 241.6 237.1 229.7 224.6 222 221.6 218.1 214.9 213.7 214.8 213.6 210.1 208.5 206.7 204.8 199.9 201 198.5 192 191.1 192.3 197.3 201.6 203.4 201.7 199.4 197.5 196.1 194.7 193.3 193 195 196.3 197.2 199.8 201.5 201.6 199.7 194.5 189.3 180.4 172.9 165.4 158.4 152.2 147.1 144 142.3 141.5
347.7 346 345.6 345.9 346.3 345.4 341.5 335.8 329 321.9 314.5 303.7 294.7 288.2 283.7 286.8 284.9 280.8 279.6 274.8 266.4 252.4 246 245.6 244.3 240.2 234.5 237.8 241.5 242.6 240.1 234 231.2 230.2 229.6 227.8 221.6 221.3 222 219.8 217.8 215.8 213.7 211 206.8 202.5 200.1 193.9 198.2 198.7 196.5 202.8 206.8 206 203.4 202 201.6 201.1 200.1 199.6 200 202.1 204.1 206.4 207.4 212.5 217 209.6 201.9 193.1 185.1 180.3 172 166.1 159.2 153.5 147.8 142 139.4
343.9 343.8 343.6 343.5 342.9 340.7 336.7 330.1 324.6 313.8 309 306.6 303.3 299.6 295.8 294 290.3 288.7 284.5 279 264.4 255.7 251.6 251.1 248.6 246.3 245.9 247.7 248.1 246 243.5 241.3 239.9 238.6 237.4 234.4 229.3 230.8 229.1 224.4 221.6 220.1 216.9 212.7 205.1 202 195.9 199.7 202 201.2 199.1 204.4 209.3 207.9 205.8 206.3 206.5 206.4 207.4 207.3 207.6 209.7 214.6 216.8 219.2 224.3 227 221.1 210 201 193.8 187.8 180.4 171.8 164.6 158.6 152.8 145.1 139.8
339 340 341 342.1 340.2 337.2 331.5 329.8 328.1 322 316 311.4 308.3 304.1 301.3 299.3 296.3 291.2 286.3 280.1 267.3 262.6 259.1 257 256.2 254.4 253.1 253.3 254.7 254.6 252.6 250.2 248.6 247.1 245.2 241.7 237 235.7 233.2 229.1 225.3 221.7 218.1 212.8 204.6 200.1 195 201.2 203.8 203.3 201.8 206.1 209.5 210.5 210.9 211.7 212.8 213.6 215.8 217.7 218.6 222.2 226.9 231.9 234.9 238.1 235.3 229.6 219.3 209.4 201.7 193.9 184.5 173.7 164.9 158.3 152 145.8 141
330.1 337.7 341.2 343.4 342.9 339.6 336.7 331.7 327.2 322.7 318.5 313.9 310.6 309 306.5 303.2 298.4 293 287.5 281.3 273.1 270.9 267.9 262.8 264.3 262.5 260.3 259.9 260 260.5 259.8 259.5 258.9 255.3 250.4 245.7 241.1 237.7 233.3 229.6 225.2 222.1 218.6 212.4 201.7 197.1 196.3 202.5 206.3 207.5 207.1 210.9 213.4 215.9 218 220 221.6 224 227.6 230.6 233.2 236.1 240.8 246.5 249.4 244.6 238.2 230 220 210.5 202.7 191.2 178.9 170.3 162.8 156.7 150.5 145.9 141.9
335.1 340.5 343.2 344.9 343.3 340.5 337.2 332.6 327.5 324 320.2 317 315 312.7 309.1 304.3 299.1 294.4 290.2 281.3 281.4 279.8 275 269.7 270.1 268.3 266.3 264.7 265.2 266.1 267.5 269.3 264.4 257.2 251.3 245.9 242.1 237.8 233.6 229.8 225.9 222.2 217.2 209.6 199.8 197 201.4 206.6 210.5 212.9 215.5 219.7 223 225 227.1 230.3 234.2 237.5 241.4 244 247 248.4 253.5 257.8 251.7 244.1 235.8 226.4 216.8 207.9 198.3 184.6 171.6 164.6 158.4 152.7 148 144.8 141.6
340.5 343.6 345.9 345.5 344 341.6 337.7 333.5 328.5 324.5 322 319.8 316.6 313.2 309.2 304.6 299.8 295.3 288.9 289.4 288.5 285.2 278.6 276.4 276.1 272.3 270 270 270.7 273.3 276.5 271.6 263.7 256.8 251.6 246.3 242 237.7 233.9 229.8 225.8 220.5 212.2 203.2 198.4 202.5 209.3 212.6 216.6 221 225.7 229.5 232.8 236.3 238.8 244.8 248.7 251.7 254.8 257.4 259 260 261 255.9 248.9 239.7 230.4 221.3 212 200.9 190.3 177.2 167.2 159.6 154.6 150.2 145.8 142.7 140.3
343.9 346.8 347.7 346.5 345 343.2 338.1 333.2 328.9 325.4 322.3 318.1 315.4 312.9 309 304.6 297.8 299.1 297.5 295.7 293.1 288.2 285.6 284 280.9 277.4 275.5 276 277.8 278.9 274.9 268 261.9 256.2 250.8 245.9 240.6 235.6 232.4 228 222.1 214.9 207 200.3 203 211 216.7 220.1 223.8 229.8 236.7 241.1 246.2 249.2 252.9 258.4 262.5 265.6 268 269.2 267.7 263.7 258.8 250.9 242.2 232.2 223.1 213.9 203.2 190.6 180 171.1 162.8 155.9 150.7 146.7 142.8 139.6 136
345.2 348.3 348.9 347.5 344.5 341.2 336.8 331.7 328.4 324.7 319.4 317 314.7 312 308.6 304.4 297.6 300.7 300.7 298.9 295.7 293.4 291.7 289.7 287.2 284.3 282 279.8 277.8 274.5 270.3 265.3 259.6 254 248.5 243.3 238 233.2 229.1 223.8 217.2 210.8 204.1 203 211.3 218.1 222.6 228.5 235 242.1 249.4 255.2 259 261.7 264.8 268.7 272.4 274.5 274.6 272.2 266 258.2 249.8 242.7 233.9 224.3 215.3 206 193.7 181.9 173 165.4 158.9 153.3 148.1 144.1 140.3 138 136.8
347.4 349.4 349.3 345.7 342.2 338.8 335.1 330.8 326.9 321.3 317.3 315.9 313.6 310.5 307.2 303.1 302 303.5 303.3 301.1 299.3 297.9 297 295.3 291.5 286.7 282.9 280.4 276.9 273.1 267.6 261.7 256 250.6 245.4 240.2 235.3 230.1 224.4 213.1 208.8 205.4 202.3 211 218.9 225.4 233.9 241 248.9 256.5 262.3 265.4 267.7 270.4 272.6 276 277.2 275.6 271.2 265.6 258.6 250.6 241.7 233.4 224.8 216.7 208.5 199.2 190.7 181.4 170.7 161.5 155.9 150.4 146.9 143.1 141.1 141.6 140
347.5 347.8 346.5 343.6 340.3 336.7 332.6 327.8 323.6 318.9 315.9 314.5 311.8 307.8 305 303.3 304.7 306.4 306.1 304.6 303.4 303.3 302.2 297 292.1 287.6 284.2 281.1 276.4 270.7 263.6 256.6 250.7 247.7 242.2 236.8 228.8 220.4 212 206.1 206.4 209.5 214.1 222.2 231.7 239.3 248.8 256.3 264.6 269 271.2 273.9 276 277.7 278.4 278.4 274.2 269.5 263.2 255.6 247.3 239.4 230.7 222.7 216.3 209.3 201.5 192.7 186.2 178.5 167.8 158.5 152.9 149.6 146.3 144.3 147.3 146.4 141.4
345 344.3 343 341.5 338 333.9 329.1 324.8 320.4 317 314 312.3 309.2 307.2 305.8 304.8 306 308.6 308.1 307.6 306.3 304.2 300.3 294.4 289.5 286.5 282.1 276.7 269.8 261.8 257 250.4 246.5 243.5 238.3 233.2 224 213.2 208.3 209.6 215.4 219.4 225.4 235.8 247.6 256.1 265.9 272.4 275.3 277.4 279.1 280.8 280.5 280.9 278.8 271.6 263.6 256.4 248.9 240.8 233.3 227.1 221.1 215.5 209.1 201.8 196.3 188 184.1 176.1 165.7 157.3 151 147.6 145.6 146.8 150 148.2 143
342.5 342.8 340.9 337.5 333.4 329.5 325.3 320.6 316.3 314.4 311.8 308.5 305.3 304.6 305.6 304.7 304.8 305.4 304.4 303.3 302.3 299.2 294.5 289.1 284 278.8 273.1 267.8 261 255.4 251.2 246 239.5 238.5 232.9 223.8 214.8 208.3 215 226.7 226.4 233.8 242 255.6 263.9 272.8 277.7 280.9 283.1 284.4 283.5 282.3 280.3 273.1 265.7 257.2 250.1 242.2 235.6 229.9 224.8 219.3 213.7 207.9 202 196.7 192.5 187.3 182 171.9 163.3 155.6 150.5 146.9 144.4 146.5 147.5 143.8 139.3
343.8 341.4 337.2 332.8 328.4 324.5 321.2 317.2 311.9 310 307.7 304 302.4 301.1 301.7 302.3 302.5 301.6 300.9 298 295.2 289.1 284 279.2 274.4 269.1 263.8 258.1 254.5 249.1 244 238 229.6 225.3 219.3 213.3 213.1 218.8 230.5 233.6 243.3 252.5 261.6 268.7 274.4 280.7 285.2 287.3 287.1 284.1 281.3 273.6 266.3 258.6 251.8 244.9 239.1 234.1 229.1 223.7 217.5 211.5 205.7 200.1 195.8 192.3 188.9 183.4 175 166.5 158.3 152.4 147.8 144.5 141.4 140.4 140.6 138.2 135
341 337.3 333 325.1 323.7 319.7 315.6 310.4 305.9 305.3 303.6 301.4 297.7 297.1 299.2 299.7 298.7 298.4 296.3 289.7 284.2 276.7 273.7 268.7 264.6 260.5 255.4 250.1 248.7 240.7 231.3 224.8 220.1 216.3 219.1 222.4 229 236.5 243.1 251.9 261.6 269.1 275.6 279.1 282 285.9 289.2 287.9 280.3 273 265.8 259.1 252.2 246.7 241.5 237 232 226.9 221.3 215.2 209 203.2 198.8 194.1 190.5 186.6 182 175.9 168.3 161.6 155.2 151.4 149 145.9 140.9 137.2 134.9 133.2 130.5
337 333.2 327 321.9 318.2 313.8 308.7 304.9 301.9 298.8 299 296.7 292.1 291.6 293.4 293.2 290.1 287.5 283.5 275 268.3 264.2 260.9 257.7 254.5 250.1 245.5 236.4 229.4 223.5 221.3 220.2 221.8 231.1 230 234.9 243.9 253.4 259.1 267.4 276 281.2 285.8 288.1 288.5 286.9 280.9 272.5 265.2 260.1 255.3 249.9 244 237.8 234 229.3 223.1 216.9 211.1 206 200.7 196.7 193.1 189.7 185.5 181.3 176.7 170.2 163.6 159.5 155.4 152.3 148.1 144.4 140 136.5 134 132 130
334 330.3 323.3 316.7 311.5 307.7 304 296.7 292.6 289.5 287.8 286.2 284.9 283 283.2 281.9 277.3 273.4 267.8 261.4 258.1 256 253 250.1 247.3 246.6 241.4 229.6 225.2 227.5 234.6 235.5 235.2 236.9 238.1 245 257.7 268 273 276.8 282 286.5 286.6 284.3 278.2 273.3 265.8 260.2 255.2 251 246.7 241.4 234.9 228.3 224.2 218.8 212.6 207.3 202.4 198.3 195.2 192.2 188.9 184.9 180.4 176 171 166.6 163 158.6 154.7 150.7 146.2 141.5 137.6 134.7 132.3 130.4 128.4
328.7 323.8 317.8 312.2 306.1 300.7 296.9 288.7 284.9 284.8 282.8 282.1 280.8 277.3 274.8 272.6 269.4 265.3 261.3 256.6 251.2 247.7 242.4 237.2 232.2 233.6 231.1 228.5 228.2 240.2 242.3 240.3 239 240.9 246.7 258.3 269.8 276.2 279.7 283 283.7 281.8 278 271.8 265.9 260.5 254.7 247.3 245.8 244.4 237.8 230.1 222.8 217.6 214.6 209.7 205 200.8 197.2 193.6 190.4 187.7 184.5 180.6 175.6 170.8 166.5 163.4 160.2 156.4 152.2 148.2 143.8 139.7 135.6 133.5 131.6 129.7 126.1
323.5 316.8 310.9 305 298.5 293.1 288.3 281.8 282.3 282.1 281.7 279.8 277.8 273.8 271.9 269 265.7 262.5 257.6 252 245.2 239.2 239.5 244.4 243.7 239.9 241.2 236.4 241.6 245.5 245.5 245.8 246 249.7 258.8 267.4 274 280.4 282.5 282.1 277.8 271.9 266.7 262.3 256 250.6 245.9 241 236.9 231.1 225.4 218.9 213.3 209.5 205.9 202.7 199.1 195.1 191.8 188.4 185 181.8 178.5 175.3 171.4 167.3 162.2 158.7 156.2 153.4 149.3 145.6 141.6 137.4 133.7 132.6 130.6 128.4 125.2
