public/OST50/SJ30.asc
ncols 200
nrows 200
xllcorner 330000
yllcorner 300000
cellsize 50
[rows 35 to 69 of 200, columns 79 to 157 of 200]
164.5 162.7 176.1 185.1 186.1 184.7 181.8 180.9 179.9 177.8 174.5 170.8 166.1 164 162.6 160.2 156.6 154 151.7 149.5 146.8 145.3 144.6 142.8 139.6 135.9 133.5 131.2 127.7 123.8 121 119.8 119.7 119.3 118.8 118.5 117.7 117.6 116.5 116.7 117 116.4 115.8 115.9 116 116.5 116.6 117.3 119.3 120 119.3 119.2 120.7 122.3 124.2 124.5 124.9 121.8 118 116.3 115.5 117.1 114.3 109.9 107.1 106.1 106.2 107.1 107.5 108.5 108.1 107.6 107.1 107.5 108.8 108.7 107.7 106.3 105.1
167.5 171.4 185.1 189.4 188.2 187.2 186.1 183.8 181.5 179.2 177.1 173 167.1 161.7 156.6 154.9 152.3 150 148.1 145.4 142.6 140.5 139.5 136.9 135.3 132.7 130 127.3 123.8 121.7 120.3 119.1 118.7 118.2 117.7 117.3 116.9 116.5 116 115.7 115.4 115 114.8 114.5 114.7 115.9 115.9 115.3 116.6 117.8 117.3 117 118.2 119.3 119.6 120.8 122.2 120.8 117.5 116.4 114.8 115.3 114.1 109.5 107.5 105.8 105.4 105.4 105.7 105.4 104.8 103.7 103.7 104.6 105.8 106.2 106.5 105.4 104.2
184 185.2 188 189 187 186.3 184.5 182.2 179.7 179.9 177.2 172.6 166.9 162.1 157 151.9 146.9 144.4 142.3 141.6 139.1 137.9 136.5 135.1 132.9 129.9 127.6 124.8 121.8 121.2 120 119 118.5 118 117.4 116.8 116.2 115.9 116 116.1 116.1 114.9 113.7 113.4 113.7 114.3 113.5 113.7 114.2 115 114.9 115 115.4 116.4 116.7 118.2 119.3 120.6 120.5 120 116.9 114.7 113.6 110.5 108.1 106 105.4 104.8 104.5 104.8 104.4 103.7 102.4 102.4 103.2 103.5 103.8 104.1 104
192.2 188.4 186.6 188.1 186.9 185.7 182.7 179.3 177 175.2 173.4 169.3 165.3 160.7 156.2 152.2 147.9 143.9 139.4 137.2 136.7 137.7 136.7 135.5 133.3 129.6 125.7 122.9 121.8 120.9 119.8 119 118.5 117.4 117.5 116.9 116.3 116.4 116.4 117.7 117.3 116 113.5 112.5 112.5 112.2 111.7 112.6 113.6 114.9 113.7 113.8 113.9 114.4 115.6 117.3 119.8 122.9 124.4 122.8 119.9 117.3 116.4 113.7 108.2 106.3 105.7 104.8 104.5 104.7 105 104.9 102 101.7 101.9 102.6 102.9 102.7 102.9
200.9 193.7 190.1 188.4 186.4 182.2 178.9 176.4 173.5 170.5 169.7 165.8 162.1 157.5 152.9 149.2 145.3 142.8 138.5 135.4 134.5 135.5 136.3 135.8 132.2 127.8 124.5 122 121.6 120.7 119.8 119 116.5 116.5 117.2 116.9 116.7 115.9 117.5 118.5 117.7 116.6 114.7 113.2 112.2 111.6 111.3 111.9 114 115.7 113.2 112.6 112.6 113.2 114.5 116.1 118.4 120.5 123.9 123.3 121.9 119.4 118.5 115.7 111.1 106.4 105.3 104.9 104.8 105 106.4 104.4 102.6 101.2 100.9 101.5 101.7 101 101.7
205.3 198.3 193.8 189.6 186.2 181.1 177.8 174.2 171.5 168.1 164.7 162.4 159.5 158.6 157 152.7 148.2 143.8 139.5 136.1 134.1 132.1 132.2 130.6 128.3 126.3 124 122.5 121.6 120.6 118.2 116.2 113.1 114 115.6 117 115.9 115 116.9 117.5 116.3 115.9 115.8 115.1 113.7 112.6 112.1 111.2 112.7 114 111.8 111.4 111.4 112.1 113.9 115.5 116 116.7 119.5 123.3 122.6 120.5 119.7 116.6 111.3 107.3 104.7 104.9 105 105.8 105.5 104.6 103.5 101.5 100.6 101.4 99.9 101.2 99.5
202.2 196.8 195.1 191.7 187.8 183.7 179 176.1 172 168.7 166.3 164.6 161.9 158.9 155.1 150.9 146 142.1 138.9 137.2 135.5 134.3 132.5 129.5 125.9 124.1 122.9 122.4 121.5 119.8 115.8 114.4 113.5 113.4 114.8 115.5 115.6 115.3 115 114.8 114.6 114.9 114.4 114 112.8 111.8 111.2 110.2 109.4 110.7 110.6 110.4 110.4 110.9 112.3 113.2 113.5 113.8 116.9 120.9 121.9 120 118.6 116.9 110.6 105.9 104.9 104.8 105 106.2 105.5 104.8 104.2 102.4 100.5 99.7 101.9 103.5 101.4
196.2 192.7 192.8 190 187.9 184.3 180.2 176 172.6 169.4 166.2 162.5 160 155.7 151.2 147.1 143.5 140.7 138.6 136.4 135 133.9 131.8 127.3 125.8 123.1 121.4 120.6 119.2 117.2 114.9 114 113.3 113.1 114.1 115 114.7 114.6 114.5 113.5 113 113.3 112.7 112 111.1 110.6 110.7 110.6 109.4 109.3 109.4 109.3 109.5 110.4 110.5 110.7 111.1 111.7 114.8 118 121.2 118.6 115.8 115.4 112.3 107.2 105.3 105.2 105.6 106.9 106.5 105.3 105.3 104.2 101.3 100.1 102.4 104.8 103.5
190.5 189.2 187 185.3 184.1 181.1 176.5 171.6 167.8 164.7 162.8 160.5 157.5 153.5 150.2 145.7 142.3 139.2 135.4 134 132.8 131.2 126.9 124 123.1 121.5 119.7 118.9 118.2 116.4 115.3 114.2 113.1 112.3 113.4 114.1 114.1 114.1 113.9 113 112 111.6 111.7 110.9 110.5 110.6 110.7 110.8 109.4 108.6 108.4 108.4 109.4 110.1 109.9 109.8 110.2 110.2 111.4 113.8 116.4 116.5 113.3 111.2 111.8 108.8 105.7 105.2 104.9 107.2 108.5 109 108.1 106.5 103.1 100.7 102.2 104.5 104.8
184.1 184 180.3 175.8 174.7 170.9 166.3 163 159.8 157.3 158.3 157.9 155.7 152.6 148.3 144.6 141 138.3 137 134.2 127.5 125.3 122.8 121.6 121.3 119.3 118.3 117.8 117 117.1 116.1 114.2 113.1 111.8 112.7 113.5 113.7 113.6 113.4 112.6 112.1 111.5 111.2 110.5 110 110.1 110.2 110.2 109.5 108.5 107.9 107.5 108.9 109.5 109.3 109.3 108.9 109.2 109.3 109.8 111.6 111.1 109.5 109.3 108 107.4 106.2 105.2 104.1 106.4 108.6 109.3 107.6 105.7 104.2 102.4 101.8 103.4 104.8
176.1 173.4 169.9 166.7 164.2 162.8 160.4 157.9 155.3 157.1 149.1 150.9 151.6 149.4 145.6 142.8 141.3 139.3 136.3 131 125.4 121.6 120.3 119.3 119.3 118 117.4 116.7 116.4 116.6 116.1 115.3 112.2 111.8 111.9 112.7 112.8 112.8 112.9 112.9 112.4 111.9 110.6 110.5 109.8 109.2 109.7 109.6 109.2 108.5 107.9 107.6 106.7 106.9 107.9 108 107.5 107.9 108.2 108.5 109.1 109 109.5 109.3 109.8 111 108.8 105.6 103.2 103.5 105.7 106.5 107.1 105.2 103.5 101.9 101.6 102.9 104.4
169.5 166 164 161.8 159.3 158.7 157.8 159.4 160.5 158.9 154.3 147.1 144.2 145.1 143.1 141.6 139.6 136.5 131.9 128 123 119.9 118.7 117.5 117.1 117.2 116.5 115.9 115.9 115.2 114 113.6 113.7 111.5 111.8 111.4 111.5 111.7 111.6 111.9 112.2 112 111.3 110.3 109.7 109 108.7 108.6 108.2 108.8 109.1 108.8 107.1 105.7 106.3 106.8 106.1 106.5 106.9 107.2 108.5 109.9 111.5 111.7 112.1 112.5 110.8 106.9 104.6 103.8 104.8 106.2 107.3 105.7 103.9 102.2 101.9 103.1 104.5
163.9 162.3 159.2 158.6 158.4 159.7 161.1 162.5 161.6 156.2 150.9 148.4 143.2 140.4 140.1 137.2 135.2 132.5 128.7 124.8 121.8 118.6 117.6 116.5 115.5 115.8 115.7 115.2 114.5 113.8 113.2 113.4 112.1 109.2 109.3 110.4 110.4 110.7 110.3 110.6 110.9 111.1 110.4 109.2 108.6 108.2 107.8 107.2 107 107.7 107.8 107 105.6 105.4 105.4 105.4 105.8 105.8 105.9 105.9 108 111.1 112.4 113 113.4 113.4 112.5 108.2 105.8 103.6 103.7 105.3 105.5 105.4 104.5 102.9 102.7 103.1 103.7
158.3 158.8 157.4 157.5 160.1 163.3 165 161.6 156.9 151.2 147.1 143.4 140.7 137.2 136.4 135.8 132.8 129.6 126.2 122.8 120.9 118 116.9 115.9 114.8 114.4 114.4 113.5 113.2 112.5 112.6 112.4 111.7 109.2 108.1 109.2 109.8 108.8 108.6 108.8 109.2 109.3 108.6 108.3 108 107.6 107.2 106.5 106.3 105 104.9 105.4 105.4 105.3 105.3 105.2 105.2 104.4 104.4 104.8 108 110.8 113.2 114.4 115.7 116.3 114.4 110.4 106.6 104.7 104.3 105.2 105.4 105.3 104.2 103.8 103.4 103.3 103.4
152 154.2 155.6 160.3 164.4 166.3 160.7 156 151.4 148 144.8 143.5 142 140.1 134.5 132 129.6 127.7 124.3 120.9 119 117.6 116.8 115.7 114.5 114.4 111.6 113.1 112.5 110 110.3 108.8 110.3 109.9 107.6 106.7 105.4 105 105.2 107.3 108 107.9 107.8 107.5 107.3 107 106.6 106.5 106.1 104.4 104.2 105.1 105.3 105.1 105.1 105.2 104.2 104.1 103.4 103.6 106 109.1 112.3 114.5 115.6 118.2 115.7 112 108.4 105.9 104.6 105.4 105.8 105.9 105.1 104.7 104.6 104.4 104.2
146.6 147.7 154.9 162.8 166.7 163.4 157.7 153.3 151.2 150.1 147.7 146.7 144.3 141.3 136.4 131.7 127 125 122.6 120.8 118.9 118 117.3 116.5 115.5 113.9 111.3 109.4 109.1 108.5 106.9 105.7 107.5 108.4 106.5 105.4 105 104.4 105.2 106.6 107.1 107.8 107.7 107.6 107.3 107.1 106.8 106.7 106 104.8 103.9 104.5 104.9 105 105.1 104.6 104.5 104.3 103.6 102.8 104.7 107.5 111.1 113.7 113.7 113.5 114.1 112.8 109.5 106.9 105.2 105.6 105.1 105.4 105.4 104.9 105.5 105.6 104.6
142 143.5 149 156.5 163.8 160.5 158 156.4 156 154.4 151.8 149.1 144.3 139.6 134.3 129.9 126.7 122.6 121.6 120.2 119 118.3 117.6 116.9 116.1 114.2 111.5 108.9 107.6 107.1 106 105.2 106.3 105.7 105 104.6 104.9 104 104.7 105.4 106 106.6 107.2 108.2 108 107.7 107.3 107 106.5 105.5 104.4 103.4 103.9 104.6 105 104.8 104.7 104.5 103.7 102.7 103.9 105.9 109.4 111.4 111.6 110.2 110.9 110.7 110.2 107.7 106.6 105.1 104.1 104.1 104 103.9 103.5 103.1 103.1
138.7 138.6 142.5 147.9 156.3 159.2 160.1 159.5 158 154.7 151.8 147.7 142.1 136.8 131.3 127.4 123.4 120.8 120.1 119.2 118.2 117.9 117.2 116.4 115.7 114.2 110.4 107.2 106.9 106.6 104.7 104.7 105.1 104.9 104.2 104.6 105.1 104.1 104.3 104.7 104.8 105.3 105 107.2 108.6 108.3 107.9 106.9 107 106 105 104.1 103.5 103.1 103.1 103.5 104 104.6 103.7 102.8 103.1 104.9 106.9 108.8 109.3 108.6 108 108.4 108.7 107.7 105.8 104.9 102.9 102.5 102.4 102.3 101.5 101.3 101.5
136.8 135.6 136.9 141 147.8 155.6 158.7 159.1 156.6 153.6 149.9 142.8 137 131.9 127.1 123.2 120.5 119 118 118 117.2 117 116.7 116.1 115.3 111.7 107.4 106.1 105.9 105.6 105 105.4 105 104.1 104.1 104.3 105 104.5 104.3 105.5 106.7 106.8 106.2 108 108.3 108.4 107.1 106.6 107.1 106.6 105.7 105.3 105 104.2 103.5 103.1 103.1 102.8 102.9 102.5 102.8 105 106.1 106.8 107.2 107.1 105.9 106.5 107.2 106.5 104.7 104.2 102.8 101.1 100.8 100.7 99.2 99 99.4
137.6 135 132.7 135.7 141.2 150.3 154.5 154.5 152.5 149.8 146.5 138.8 131.5 126.8 123.7 120.8 119.3 117.2 116.3 116.4 116.4 116.1 115.8 115.5 113.7 109.4 105.4 104.9 104.7 104.8 106.9 107.2 104.3 104 103.8 105.3 106.6 106.6 107 108.3 108.9 108.2 107.8 106.7 106.3 106.3 106.2 106.3 106.8 107.2 106.8 106.4 106 105.6 105.5 105 103.6 101.7 101.6 101.4 102.5 104.2 105.7 105.9 105.6 105.6 105.3 104.5 105.4 105.1 103.7 102.2 101 100.4 102.3 99.1 98.3 97.6 97.3
138.6 136.6 133.8 131.3 137.8 146.2 151.6 150.1 147.6 144.8 140.3 132.5 127.1 123.7 121.7 119.2 116.3 114.1 114.2 114.7 115.6 116 116.5 116 112.2 107.7 104.6 104.1 104.2 104.3 106.1 107.2 105.9 105.5 104.9 107.3 108.6 108.8 109.5 110.3 110.1 109.6 108.3 106.8 105.9 106.1 106.5 106.4 106.5 107 106.7 106.4 106 105.6 105.2 104.3 102.8 101.2 100.8 101 102 103.5 105 105 104.6 104.4 104.3 104 104 104.9 104 102 101.4 102.9 100.4 99.5 98.4 97.5 97
138.6 136.8 134.8 131.6 130.4 138.4 144.7 143.9 139.8 135.5 131.2 127.3 123.1 121.9 120.5 117.7 114.9 113.2 113.7 114.5 114.8 115.3 116.6 115.8 111.9 108.5 104.2 103.9 103.7 103.8 103.1 104.3 104.6 105 104.5 107.7 109.6 110.5 111 111.2 111.4 111.3 110.4 108 107.9 108.1 107.2 107 106.5 106.7 106.1 105.7 105.4 105.3 104.7 103.3 101.9 101.1 101.1 101.2 101.3 102.5 103.7 104.7 104.1 103.2 102.9 102.8 103.4 104.7 104.3 104 103.4 102 101.6 101 99.6 98.2 97.5
137.4 135.4 133.3 131.7 129 130.4 135.7 136.6 133.1 128.7 126.6 123.6 121.9 121 119.4 118.1 115.7 113.8 113.5 114.7 114 115.4 116.7 115.3 113.9 111.9 103.8 103.4 103.3 103.2 103 103.3 105 103.4 105.1 107.9 111.1 112.2 112.6 112 112.2 112.7 113 112.4 110.7 109.7 108.8 108 107.2 105.6 104.7 104.6 104.6 104.6 104.2 102.9 102.2 101.1 100.6 100.6 100.6 101.3 102.5 103.9 103.9 102.4 101.7 102 104.5 103.5 104.6 105.3 105.3 104.4 103 101.8 101 100 98.8
133.2 132.1 130.6 130.1 129.2 126.7 127.6 129.8 127.4 125.5 123.8 121.4 119.9 119.4 118.5 116.3 115.1 113.4 112.7 114.2 113.8 115.3 115 114.1 114.5 113.7 106.4 103.1 103.1 102 102.8 103.9 102.9 105.4 108.3 109.8 113.1 114.2 113.5 112.9 112.4 111.7 113.3 111.4 110.3 110.4 110.3 108.4 106.9 105.3 105 105.1 105.8 105.4 104.5 103.5 102.9 101.6 100.1 100 100 100.1 101.3 102.7 104.2 102.1 101.3 101.9 103 101.8 103.8 105.7 105.2 106.7 103.7 102.8 102.6 100.6 98.6
135.7 133.1 130.1 129 129 127.9 125.3 124.1 123.8 122.6 120.9 119.6 118.6 117.7 116.2 116.5 115 114.8 112.4 111.3 111.9 111.9 112 113.3 114.7 113 107.4 104.2 102.8 102.7 102.4 104.5 106.9 108.5 112.2 113.6 114.1 113.9 113.7 112.7 111.3 110.4 109.9 109.3 109.1 110.3 109.3 107.3 106.9 106.2 105.4 107.2 107.5 106.5 104.9 103.4 102 101.7 100.2 99.9 99.8 99.8 100.3 102.3 103.1 102.7 101.3 100 99.6 100.2 101.4 102.7 104.1 103.5 104.1 104.3 104.6 102 101.3
136.5 133.3 130.6 126.8 125.9 127 126.3 121.9 121.4 121.1 120 119.3 119.1 119 119 118.6 118.2 116.5 113.2 111 110 108.9 108.9 109.6 112.7 108.6 103.6 102.2 102.1 102.8 104.5 107.2 110.3 111.1 112.3 112.7 113.7 113.6 111.6 111 110.6 109.9 109.1 108.6 108.6 109.2 108.2 106.8 106.4 107.5 108 107.9 108.4 106.6 104.9 103.3 102.1 101.1 100.4 99.9 99.8 99.9 100.7 99.4 102.4 101.1 100.6 99 98.8 98.5 97.7 98.6 100.8 101.9 102.9 104.2 106.6 104.2 103
136.3 132.6 129.6 126.1 124.6 123.2 122.2 119.9 121.3 120.6 120.3 120.5 120.8 122.2 123.3 121.8 120.3 117.3 113.5 112 112.8 109.8 107.5 105.1 106.1 104.1 101.7 98.5 106.4 106.4 108.1 109.4 109.5 109.8 109.9 111.3 111.1 111.9 110.6 110.2 109.7 109.2 108.6 108.1 107.6 107.8 107.7 106.7 107.5 107.8 108.5 109 108.6 106.9 105.9 104.7 103.5 101.1 100.5 100.2 100.9 102.1 102.7 100.4 98.6 99.5 99.5 98 97.8 97.1 97 96.9 98.5 99.8 100.7 102.5 103.3 103.3 103
137.4 132.1 128.6 125.5 124.9 120.8 119.6 118.5 119.4 120.6 121.4 122.1 122.9 125.3 125.4 123.6 120.3 117.1 114.2 113.2 111 106.9 105.9 106.9 106.8 106.5 104.9 99.2 106.7 108.1 108.2 108 107.7 108.2 108.3 108.3 109 107.6 108.6 108.1 108 107 108 107.8 107.3 106.7 106.2 106.1 107.3 106.6 107 107.3 107.5 107.4 106.3 105.2 103.2 101.7 101.3 101.3 102.8 103.1 102.8 102.4 100.9 99.3 98.8 98.3 98 98.5 98.5 97.8 96.4 97.7 99.2 101.5 101.5 102.1 102.8
134.6 131.2 127.7 124.9 121.9 119.1 117.2 118.7 120.4 121.8 122.6 123.5 124.8 126.7 126.7 124.5 121 116.8 114 111.1 107.4 104.7 105.2 106.8 103.4 104.2 103.3 101.2 101.5 102.7 105 106.6 106.4 105.9 105.8 106.2 107.1 107.2 107 106 105.1 105.4 106.1 106.7 107.3 107.2 106.7 105.7 105.8 105.6 105.5 105.4 105.5 106.4 105.8 105.2 103.9 103.1 103.6 104 103.5 102.9 102.7 101.2 102.1 101.8 100.7 99.6 99.5 99.4 99 98.5 97.1 95.9 97.1 99 99.9 101.3 103.1
132.2 130.3 126.9 123.6 121 118.2 116.6 120 122.4 123 124.1 125.3 126.6 127.6 126.7 125.6 121.2 117.2 113.2 108.8 106 103.4 104.6 103.2 101 101.3 100.6 99.7 101.1 102.1 102.7 103.9 104 103.5 103 103.1 104.3 105.1 105 104.6 104.2 104.6 105.7 107.2 107.2 107.4 106.3 105.4 104.8 104.7 104.7 104.9 105 105.7 105.4 105.7 105 104.6 105.1 103.2 102.7 102.4 102.3 103 103.5 102.8 102 101 100.4 99.1 98.4 98.1 97.7 96.7 95.8 97.2 96.3 99.8 102.7
127.7 125.9 124.7 121.5 118.3 115.6 117 121 122.8 122.7 124 125.6 127.1 128.1 129.3 127.8 121.6 115.1 111.3 108.4 104.5 102.5 102.1 101.4 100.6 100.3 100.2 101.2 101.3 102.1 102.7 103.4 102.2 101.4 101.2 101.6 102.3 102.9 102.8 103 103.2 104.5 106.4 107.2 107.2 106.9 105.9 105.2 104.8 104.6 104.6 104.7 104.9 105.4 105.7 106 106.2 106.1 104.6 102.4 102 101.8 102.5 102 102.3 102.2 101.7 101.1 99.7 98.4 98.3 98.8 98.1 97.3 97.1 96.2 96.5 96 99.3
127.5 122.6 120 117.6 115.3 114.1 117.6 119.6 120.3 121 122 125.7 127.7 130.6 131.4 126.3 118.7 113.1 109.8 106.6 102.4 100.9 100.9 101.1 100.3 100 99.9 100.7 102 102.5 102.7 102.7 101.7 100.6 100.2 100.4 100.8 101.2 102.4 103 103.5 104.8 106.6 106.5 106.9 106.8 106.2 105.5 104.9 104.7 104.6 104.6 105.1 105.8 106.1 105.9 105.4 105.2 103.6 101.9 102.3 102.4 102.7 101.9 101.5 101.2 101 100.2 99.1 98.4 99.2 100 100.4 100.7 100.5 100.4 99.4 96 95.7
125.9 121.5 118.4 115.2 112.3 115.1 116.5 115.6 116.6 117.8 121 125.1 128.3 130.7 127.9 120.3 114.2 109.9 106.2 103.5 100.2 100 99.9 100.1 100 99.6 99.6 100.4 101.9 101.6 101.4 101.8 101.3 100.3 99.8 99.9 100.1 101 102.2 103.3 103.9 105 105.8 105.5 106.1 107 106.5 105.7 104.9 104.7 104.4 104.2 105 105.4 105.6 105 104.5 104 102.9 103 102.4 102.5 102.5 101.9 101.5 101.2 100.8 99.4 99.1 99.3 100.1 101 102.5 103.2 103.7 103.3 100.7 97.2 95
121.2 118.6 117.3 114.9 111.4 115.5 113.7 112.2 113.4 116.2 119.4 120.6 125.7 124.8 119.6 114.4 109.7 106.2 102.7 100.2 99.7 99.3 99.3 99.3 99.3 99.3 99.5 99.3 99 99.5 100.1 101.4 101 99.9 99.4 99.6 100.3 100.8 101.9 103 104.2 105.2 104.9 104.9 105.7 106.6 106.5 106 105.5 104.3 104 103.6 103.8 104.6 105 104.5 104 104.7 105.1 104 103 102.5 102.4 102.2 102 101.7 101.4 100.1 100 100.6 101.2 102.3 103.4 104.3 105.1 104.6 101.8 98.4 96.5
121.1 118.2 116.7 114.2 108.5 113.8 112.1 111.6 113 114.7 117.9 119.9 120.3 117.4 112.7 110.1 107.1 104.2 100.8 99.5 99.3 98.9 99 99.2 99.5 99.7 99.3 99 98.7 98.7 98.7 99.9 100 99.4 99.3 100 100.8 101.4 101.9 102.5 103.7 104.9 104.8 104.8 105.5 105.6 105.6 105.1 104.7 104.2 103.8 103.5 103.5 103.9 104.5 104 104.8 105.7 106.1 105.3 104 103.4 103 102.8 102.6 102.2 101.9 101.1 101.6 101.8 101.6 102 102.2 103.1 103.7 103.7 102.1 98.9 96.3
