public/OST50/SJ40.asc
ncols 200
nrows 200
xllcorner 340000
yllcorner 300000
cellsize 50
[rows 140 to 174 of 200, columns 0 to 78 of 200]
191.8 191.9 190.1 186.3 181.9 179.6 178.9 177.7 182.7 185.7 189.3 192 194.2 196.3 198.4 200.8 202.9 206.1 209.2 212.1 214.8 218.2 221 222.7 224.6 230 230.9 229.8 232.9 241.2 247.7 249.8 246.9 242 238.4 231.9 220.4 218.8 216 207.4 208.4 208.7 202.3 210.3 211 208.2 208.6 209.2 207.6 206.5 204.6 202.4 198.5 194.5 196.5 198.1 200.1 203.1 205.9 207.8 204 200.4 196.4 194.9 193.1 189.2 187.6 184.2 180.6 179.3 177 175.2 173.9 172.4 171.3 170.7 170.2 167.9 164.5
194.3 192.8 189.8 185.9 182.3 180.5 179.5 178.4 183.1 187.5 190 192.5 194.7 197.3 200.2 202.6 204.2 206.5 210.2 213.3 216.2 219.4 222.4 225.7 228 238.1 240.8 243.3 243.7 250.4 251.8 250.7 247.8 243.9 240.5 236.8 232.1 226.4 214.7 219.2 219.7 218.3 208.8 215.7 213.7 211.8 213.2 212.5 209.8 208.1 205.6 203.9 199.8 195.8 197.4 199.5 201.6 206.3 208.9 210.5 207.6 202.6 197.9 196.3 193.2 191.1 187.2 183.1 179.8 179.6 177.5 174.8 173.3 172.4 171.5 171.2 170.6 168.6 164.3
193.9 189.8 187.2 185 182.5 181.3 179.5 178.9 184.1 188.5 191.1 193 196.1 198.2 201.1 205.2 206.9 208.8 211.4 215 218.1 223.5 230 234.7 236.6 242.9 252.9 256.9 257.1 256.4 255.5 253.8 249.8 244.7 240.7 234.9 229.4 225 225.9 228 226.7 223.7 214.9 217.5 215.4 215.6 215 213.6 211.3 209.3 206.3 204 200.9 199.8 198.5 200.6 203.8 207.9 209.5 209.9 207.9 201.7 199.9 196.2 192.8 190 186.3 183.7 179 177.6 177.4 174.3 172.7 171.4 170.3 171 169.8 168.2 163.8
193.8 189 186.6 184.6 182.9 181.7 180.4 180.3 183.8 188 191.9 194.3 196.3 200.1 204.3 208.4 210.7 211.3 215.3 220.9 224.4 235.6 244.1 246.5 253.4 258.9 264.6 266.7 265.1 263.4 260.7 256.6 252.1 246.7 242.2 237.1 233 230.4 231.6 233 230.1 221.7 219.4 218.2 219.6 218.7 216.8 214.8 212.7 210.4 206.8 204.9 204.3 202.1 200 201.6 204.6 207.9 209.7 209.2 206.6 203.4 200.7 196.1 192.2 188.4 185.5 182.6 179 176.5 174.4 174.2 171.8 169.5 168.9 169.5 169.6 169.3 165.4
194.4 190.5 187.6 184.8 183.3 181.7 180.8 183.1 187.3 189.9 193.7 198.4 203.8 207 208.3 212.2 215.9 219.5 227.1 233.1 240 254.8 264 265.7 268.3 269.9 272.9 273 270.2 267.2 262.7 257.7 253.5 250 244.7 240 235.8 235.2 235.8 232.6 221.7 227.4 229 226.5 223 220.6 218.3 216 212.9 210 208.8 207.3 205.7 203.7 202.2 203.9 207 209.8 211 209.6 206.6 203.6 200.6 196.6 192.2 188.9 185.8 182.7 179.6 176.9 174.4 171.9 171.2 168.6 166.9 165.4 165.3 168.2 166.1
193.1 190.7 187.5 185.2 183.6 182.4 181.2 185.6 189.5 192.7 199.6 209 216.3 225 224.5 222 227.9 234.5 249.5 256.1 256.7 272.1 283.3 282.2 279.5 279 278.3 275.3 272.1 268.2 263.5 258.8 254.7 250.8 246.4 241.4 237 237.3 229.2 228.2 231.3 232 232.6 231.8 226.6 222.1 219.5 216.5 214.2 213.5 210.8 209.1 206.7 204.8 203.7 206.2 208.6 212 213.6 211.8 208.2 204.2 201.2 198.5 193.8 190.1 186.7 183.5 180.8 178.1 176 173.6 171.7 169.7 167.4 165.3 162.4 162 163.1
192.2 189.7 187.3 185.5 184.2 183.2 184.4 187.7 191.7 196.7 207.3 220.9 234.4 248.1 246.4 238.7 244.4 254 268.5 275.7 278 286.6 296.9 291.7 286.3 283.5 280.7 276.5 272.5 267.8 263 258.4 253.9 249.4 245.1 241.4 238.5 236.8 231.2 236.7 235.6 234.3 236 232.3 227.4 223.5 220.5 218.9 218 215.6 213 210.5 207.7 205.3 205.3 207.1 210.1 214.7 216 214.9 210.6 205.6 202.5 199.3 195.6 192.7 189.5 184.9 182.8 179.7 177.2 175.2 173.1 170.6 167.7 164.5 161 159.2 157.2
193 191.1 188.5 185.7 184.3 184.6 187.1 189.3 193.5 203.3 217.4 236.3 253.7 269.8 267.1 260 262.2 272.9 288.1 295.2 302 304 301.9 295.7 290.6 286.6 281.5 277 272.5 267.1 261.9 257.8 252.7 246.1 243.8 241.7 238 232.1 235.9 237.5 237.1 237.4 236.8 231.8 227.8 224.5 223 221.5 219.8 218.2 215.5 213.2 208.4 205.8 205.9 207.6 211.6 215.3 216.1 215.9 212.2 207.6 204 200.7 197.8 195.3 191.7 187.3 184 181.4 178.9 176.3 173.8 172.5 171 170.1 163.9 160.6 157.7
195.4 192.7 189.1 185.6 185.1 187.3 190.9 193.7 196.8 209.7 227.1 248.5 271.7 290.1 288 284.9 286 297.1 308.4 314.3 312.9 308.1 301.3 295.4 292.1 288.1 281.7 277.5 272.4 267.4 263.2 259.3 253.8 247.6 244 241.5 238.2 240.5 241.7 239.7 240.2 239.1 236.6 232.3 228.3 227.1 225.4 223.4 221.1 219 217 213.9 208.2 205.8 206.2 208.7 213.2 216.4 216.2 215.4 211.5 208.4 205.8 202.7 199.8 196.9 193.1 189.4 185.3 182.5 179.7 177.2 174.9 173 171.6 171.1 169 164.3 160.8
197.2 193.7 189.5 185.3 187.5 190.1 193.3 196.5 200.3 214.2 232.3 246.1 269.4 280.1 275.5 275.3 280.2 292.7 297.7 303.7 303.3 300.1 295.6 294.6 296.3 291.4 285 280 274.9 269.5 264.6 259.6 253.5 246.9 244.1 242.3 241.1 246.6 245.8 244 242.2 239.2 236.1 232.6 231.1 229.3 227.8 224.9 222.2 219.4 217.4 213.4 207.7 205.7 205.8 209.1 214.5 217.4 217.1 215.1 211.8 209.9 208.5 205.5 202.2 199.9 196.2 193.2 189.2 183.8 180.4 178.3 176 174.1 172.4 170.8 170.5 169.5 163.6
196.3 193.6 186.7 188.6 190.9 192.4 196.1 199.1 203.7 210.4 224.6 235.8 251 255.9 254.3 258 264.4 273.9 280 285.7 286.9 287.5 288.3 293.8 298.4 294.2 288.1 282.2 276.4 270.5 264.7 257.9 252 245.9 244.2 244.1 245.6 250.1 248.4 243.8 241.7 238.7 235.2 233.7 233.6 232 229.9 226.7 223.4 220.2 216.7 212.4 206.9 203.7 205 210.1 215.4 216.7 216.2 214.5 212.4 210.3 209 206.6 202.5 199.6 196.8 194.1 192.4 187.5 181.7 178.3 175.9 173.9 172.8 170.7 169.5 169.8 166.4
192.6 187.6 189.8 192.6 194 194.7 198.1 201 206.2 211 218.3 226.4 233.6 237.8 239.6 242.8 248.2 253.8 260.2 267.6 270 274.4 277.3 288.7 296.5 293.9 289.3 283.5 277.6 271.3 264.2 257 251.6 246.3 246.1 245 246.4 249.1 245.6 242.5 240.4 237.5 235.6 236.8 235.8 234.5 231.9 227.1 222.7 219.4 215.3 210.3 204.6 202.5 204.2 211.5 215.4 214.5 212.7 211.3 210 208.6 206.6 203.2 200.2 196.9 194.7 192.4 189.2 185.7 180.7 170.2 166 168.9 163.6 164.6 168.4 167.7 167.3
188.7 190.6 194.5 195.4 196.6 196.8 198.7 202.7 208.2 213.1 217.3 222.1 226.6 230.4 232.5 234.8 237.7 242.4 248.1 253.1 256.3 263 270.7 287.8 297.1 295.5 290.5 284.7 278.5 271.7 262.8 256.7 252.5 248 247.9 246.3 246.4 246.7 242.7 241.2 240.2 239.9 239.8 238.8 237.2 235.6 231.6 226.7 223.7 219.7 215.8 211.2 203 198.5 203.1 209.3 214.2 213.6 211.2 209 205.5 203.9 202.8 200.8 198 195.5 193.7 191.2 186.7 182.5 169.6 176.3 177.7 175.1 171.7 167.8 160.8 163.2 160.3
191.4 198.5 200.7 201.3 200.8 199.9 202 205.4 209.5 213.4 218.4 222.3 225.6 227 228.7 231.1 234.4 236.3 240.9 246.7 255.2 264.1 275.4 290.5 295.6 294.4 290.4 284.8 279 271.1 261.8 256.4 253.1 251 249.3 247.3 246.7 245 243.5 243.3 243.5 243.7 242.8 240.5 238.1 235.4 232.3 227.4 224.4 220.3 215.1 212.2 200 196.3 192.2 193.6 200.3 206.3 206.6 203.1 193.6 190.4 187.3 188.4 193.4 193.7 192.9 189.7 175.8 171.7 174.1 184.5 181.6 178.5 172.5 169 166.2 161.8 157.6
201.6 204 204.4 204.7 204 202.8 204.8 207.8 211.1 215.5 220.1 224.2 226.2 226.8 228.4 231.4 234.7 241.6 250.3 253.9 261.9 273.5 287.2 295.3 298.1 293.3 288 282.5 276.4 268.4 260.3 256.2 254 251.8 249.7 248.2 247.3 245.5 245.2 245.9 246.3 246.2 244.2 241.7 238.6 236.3 233.2 228.5 213.8 198.8 194.9 193 191.7 190.7 192.8 190.3 186.8 186.3 185.7 186.4 181.7 180.7 179.8 178.1 177 176.2 174.6 177 177.6 180.6 181.6 183.4 183.8 178 171.5 166.7 165.7 163.2 161.7
202.9 204.8 205.9 206.1 205.4 205.2 206.4 209.1 212.8 216 219.7 223.8 226.4 229.2 231.4 234.6 241.2 253.3 264.6 270.7 274.5 285.3 294.9 302.6 302.3 297.8 290.7 280.7 272.6 265.3 260.2 256.7 254.5 252.1 250 249.3 248 246.9 248.1 248.5 249.7 247.2 244.9 242.3 239.8 238.4 231.1 211.1 197.4 201.6 201.2 201.4 200.4 196.4 195.2 194.3 193.8 190.5 188.1 186.7 185.8 186.3 185.8 182.9 184.3 186 184.6 183 181.2 179.5 178.2 177.9 177.5 171.1 170.7 168.5 166.2 162.9 160.5
202.7 205.4 206.7 207 206.7 207.3 208.4 210.7 214 217.1 220.7 223.5 229.7 231.6 234.2 243.4 253.9 268.6 280.1 286.9 289.2 299.1 308 310.3 305.3 299.3 291.6 282.8 274 265.1 260.3 256.6 254.8 252.2 250.5 249.5 248.8 247.8 249.7 250.1 249.3 246.9 243.2 239.6 237.9 233.6 215.3 200.1 196.9 202.9 203.1 202.9 203.3 201.6 201.2 199.9 198.9 196.5 195.4 194.2 191.3 192.4 192.6 189.5 186.8 185.8 185.3 182.7 181 179.9 178.7 177 176.6 174.3 171 167.6 165 162 159
202.9 205.8 207.8 208.3 208.6 209.7 211.2 215.7 219.7 219.7 223.6 227.1 236.5 238.9 240.8 254.6 272.7 287.3 299.3 304.9 310.9 320.3 318.3 313.1 305.2 297.3 289.6 281.8 271.6 265 261.2 256.8 254.3 251.6 250.2 248.9 246.9 247.3 251.2 251.8 250.6 248.2 243.1 230.2 222.6 219.1 203 198.7 201.4 203.6 204.7 205.6 205.5 204.8 203.7 205 204.1 202.6 201.5 200 197.3 198.7 199.2 194.8 192.6 191 191 188 185.2 182.9 182.4 181.4 180.5 178.6 173.9 170.5 167.7 164.5 162
203.7 206.3 208.7 209.6 211 212.1 215.5 223.2 227.7 231.1 233.7 236.4 240.3 247 253.7 260.1 267.5 283.8 300.5 314.3 325.5 323 316.9 310.6 301 293.6 287 278.2 267.9 263 259.9 256.4 253.7 251 248.5 248.8 239.2 247.6 252.8 253.7 252.8 250 244.7 230.2 212.8 204.2 200.7 202.6 202.7 204.2 206 207.9 208.6 207.7 206.4 209.1 209.6 208.6 206.6 203.7 202.7 203.1 203.1 199.9 197.7 194.9 192.3 189.8 185.8 184.3 185.3 182.9 185 182.3 177.7 173.3 170 167.6 166.1
204.9 208.2 210.3 211.7 213.1 215.7 223.8 229.5 233.6 240.9 246.4 251 258.2 265.5 271.4 278.3 284.9 292.4 304.2 316.3 320.4 317.4 310.1 302.5 295.6 289.5 282.2 272.6 259.8 254.9 251.9 251.9 252.6 249.7 236.4 245.5 229.9 249.2 253.8 255.3 253.8 250.6 240.9 218.8 204.5 201.6 203.2 204.3 204.7 207.4 210 211.3 211.9 209.8 209.3 213.2 214.3 212.9 211 207.9 206.2 203.5 201.8 199.3 196.5 194.1 191.5 189.1 188 185.9 185.6 190.6 189.7 186.3 182.2 177.2 173.6 173.1 172.7
205.9 208.8 211.5 213.4 215.5 219 228.7 237 243.9 253.9 262.7 270.4 278.8 283.7 290.3 296 300.1 306.1 315.9 313.3 309 306 301.9 295.1 289.2 282.6 274.1 261.3 249.8 247.1 243.7 245.5 244.4 233.4 224.8 224.2 225 252.1 254.9 255.3 247.3 227.1 212.5 208.4 205 204.4 205 206.7 209.5 214 216.2 215.5 213.8 210 212.2 216.8 217.7 215.9 213.5 209.7 205.8 203 200.6 197.9 195.4 193.7 192.3 191 189.2 187.6 188.4 193.2 195.2 191.6 186.8 181.6 178.1 178 178.5
206.7 209.9 212.8 215.4 217.8 221.1 228.1 243 252.3 264.1 277.3 289 294.6 301.5 302.7 317.1 319 319.6 310.5 306 301.3 292.4 292.2 288.1 282.2 274.7 263.2 250.8 243.3 240.7 237.7 236.7 227.9 229.7 231.6 226.3 221.8 234.5 230.6 225.2 217.6 213.2 212 207.5 206.6 208 206.4 210.3 216.7 221 221.1 218.8 214.2 212.6 216 221.2 220.7 217.7 214.8 208.7 206 204 201.5 198.9 196.5 196.2 196.1 193.7 191.9 190.2 192.6 194.6 196.3 193.7 191.1 188.2 183.2 183.4 183.6
207.7 211.2 214.2 218.3 220.4 222.6 228.9 237.8 245.7 260.4 269.6 280.5 287.5 289.9 296.3 312.8 326.9 317.8 304.1 297.6 293.5 281.2 277.2 276.2 273.8 270.2 258.7 246 239 236.2 233 228.8 228.1 230.2 232.5 229.8 223.3 223 217.7 222.7 218.4 213.3 208.5 209.7 211.8 211 208.7 215.9 224.5 226.2 225.1 221 216.5 216.9 220.1 225.8 220.6 218.4 214.6 210.9 208.8 206.2 203.3 200.9 199.2 199.8 200.9 199.8 198.5 196.5 194.3 197.1 198.5 198 196.3 193.1 187.6 187.3 187.2
209.2 212.4 216.4 219.6 222.1 224.3 229.3 232.7 237.5 242.7 251.1 259.4 265.5 274.3 292.6 314.5 328.8 310.9 300.1 290.5 280.2 272.3 264.8 261.8 259.6 256 248.7 241.4 235.8 232.8 229.8 226.6 224.7 224.6 222.3 226 222.6 221.5 219.5 215.2 212.3 213.4 216.8 218.8 217 212.3 211.9 216.8 228.9 229.7 226.7 222.1 217.8 220 223.6 225.3 223 221.5 217.4 216.2 211.4 209 206.3 204 202.6 204 207 206.5 203.9 202.5 199.2 199.4 199.3 199.9 197.9 193.8 190.2 189.1 188.8
210.7 213.7 217.6 220.4 222.9 225.3 228.7 232.4 234.9 238.6 242.3 248.5 257.9 273.5 292.5 319.5 316.6 302.6 293 281.8 273.9 268.4 265.3 259.7 253.6 248 242 237 234.7 233.5 231 228.2 229.6 231.7 226.3 227.6 224.5 219.9 218.6 222 222.3 224.4 224.4 223.4 219.9 214.9 211.9 218 227.2 231.5 228.4 223.8 223 224.4 227.2 227.2 226.4 223.8 220 217.4 214.1 209.3 210.9 210.6 213.8 215.8 214.5 212.9 208.5 204.8 204 196.7 200.3 199.8 198.6 195.8 192.4 190.5 189.7
212.3 215 217.8 221.2 223 227.2 231 233.1 238 249.3 256.3 264.4 275.4 285.6 306.1 320.8 310.5 301.5 291.3 288.1 284.8 279.4 271 264.5 256.6 246.5 239.9 234.5 232.3 230.5 230.7 234.2 237.5 235.1 233.2 230.7 228 227.2 228.5 234.1 235.3 232.7 231.7 228.3 222.7 216.6 217.6 213.8 223.1 233.6 230.2 226.1 228.5 229.3 231.7 232.3 231.7 227.2 223.7 218 220.1 220.2 225 226.3 225 223.4 221.5 217.3 210.5 206.2 204.6 201.4 201.4 201 198.8 196.4 193.5 191 190
213.6 216.2 219.3 222.1 224.3 228.3 232.7 238.8 251.1 265.6 279.3 287.7 296.2 307.4 316 315.2 309.9 304.7 300.3 298.1 289.3 272.4 266 255.3 243.2 236.5 235.4 236.9 236.8 235.1 235.5 238.6 241.7 238.9 236.2 233.5 231.7 234 238 244.2 242.6 239.8 237.6 232 222.2 223 225.1 219 223.5 235.1 232.3 230.4 232.7 234.5 235.7 236.8 237 232.7 229.9 221.7 230.1 233.2 233.1 231.9 229.3 226.5 222.3 217.5 213.1 209.8 206 204.5 203 201.6 199.7 198.8 195.5 191.8 188.7
215.9 217.6 219.6 223 226.5 230.6 239.1 248.5 264.1 279.4 291.9 303.9 309.6 313.1 316.5 315.3 314.9 311.5 307.3 299.7 277.6 260.4 255.3 245.1 237 240.2 242.6 242.6 240.8 236.1 241 244.7 244.5 246 245.2 242.9 243.1 244.4 247.1 251.3 250.6 244.8 239.8 229.4 226.1 228 224.3 216.8 227.5 237 236.5 236.3 235.1 239.6 241.8 242.2 241.3 241.7 235.9 228 234.9 236.5 235.7 233.4 230.5 227.5 222.2 219.4 217.4 213.4 209.2 206.1 204.6 203.3 201.3 199.1 195.8 192.5 189.4
218.3 218.9 221.5 223.3 227.4 232.6 237.2 244.5 258.3 273.2 287.9 299.8 306.8 312.7 317 317.9 315.7 311.4 304.4 286.7 264.4 254.7 247.6 238.9 243.5 249.3 250.1 248.5 243.5 240.9 247.1 251.9 249.9 253.9 252.9 251.8 251.9 252.4 251.7 251.6 249.2 247.4 240.7 226.4 235.1 227.7 220.8 222.7 230.7 239.4 242.5 241.7 237.7 243.7 246.9 246 245.3 242.8 239.2 233.4 237 237.3 236.5 234.4 232 227 225.3 222.2 218.9 215.3 211 208.8 206.3 203.4 201.1 199 196.1 193.6 191
221 222.3 223.7 225.9 229.2 232.8 237.6 249.3 263.9 281.2 296.8 303.1 308.6 312.4 314.6 314.5 311.7 306.9 290.1 274 257.8 250.1 238.8 243.3 250.7 255.8 255 251.9 245 242.4 253.5 257.2 256.8 261.1 260.3 259.1 258.9 257.9 256.1 254.4 250.6 247.6 231 238.5 231 223.2 221.6 226.4 234.7 242.1 247 246.4 239.9 248 249.9 248.3 247.4 244.9 241.8 240.5 240.5 239.4 237.8 235.9 233.1 229.8 226.8 223.1 219.4 215.9 213.5 209.8 205.4 205.9 202 199.1 196.1 194.8 193.4
223.9 225.3 225.8 228.5 232.3 238.8 244.7 255.2 273.1 290.8 304.5 309 311 310.2 310 311.2 308 301 280.1 260.7 251.3 243.4 246.7 252.5 257.3 257.3 256.5 249.6 246.8 248.9 258.4 260.2 259.5 265.4 267 267.9 264.8 259.6 260.4 255.9 249.9 236.2 235.7 227.9 224.6 222.4 227.2 233.3 237.2 244.6 249.8 252.6 244.8 250.7 253.7 251.8 249.5 246.6 244.9 242.2 243.6 241.9 239.2 236.2 233.1 230.1 227.1 223.1 220.1 217.1 214.2 209 207.3 204.8 205.6 199.4 196.4 194.9 193.7
225.7 227.9 229.9 231.1 234.4 240.8 251.1 262.2 278.6 297 309.6 312.3 306.3 303.2 301 307.9 304.9 290.2 273 255.2 245.3 251.4 254.9 258.5 261.3 260.5 259.8 255.7 250.3 258.7 262 262.6 263.8 267 268.6 266.4 264.1 262.3 258.4 250.3 241.7 233.7 233.5 230.3 230.6 234.7 240.7 245.4 244 249.4 254.7 258.4 253.1 257.7 257.4 254.3 252.1 250.1 247.4 247 246.8 243.9 240.1 236.6 234.4 231.9 226.9 223.2 220.8 218.1 214.8 211.4 208.1 206.1 201.8 199.2 197.6 196.1 194.3
227.4 230.8 233.1 234.5 237.2 244.2 252.1 268.2 283.6 301.5 312.4 306.2 299.9 294.2 292 303.3 294.6 281.8 265.3 250.5 250 257.1 262.7 263.4 263.4 262 261.4 260.9 260.6 262.9 266.6 266.1 267.6 268.1 268.7 268 264.3 257.7 248.3 241.1 236.2 240.7 242.5 240.4 242.4 251.5 256.8 261.1 258.4 257.4 261.4 263.1 261.7 266.1 264.8 257.9 255.1 253.3 250.6 250.3 250.6 248.4 243.7 236.6 235.3 231.9 226.8 224.2 221.7 218.6 215.2 212.6 209.7 205.4 201 199.9 200 197.7 195.4
229.3 232.7 236.1 237.6 240.1 243.6 253 266.4 286 303.8 307 299.7 293.2 289 282.6 287.1 284.6 272.4 258.3 248.3 257.3 262.1 266.6 265.9 264.6 263 262.1 263.2 265.2 268.4 270.7 270 270.9 270.9 270.1 267.8 257.8 247.6 241.3 241.5 246.4 250.5 252.9 256.1 262.4 269.5 273.9 273.1 267.9 258.2 266.4 267.3 266.8 271 269.9 261.5 258.4 255.9 254 252.7 253.8 252.2 243.6 239.6 235.8 231.9 227.3 223.9 221.6 220.2 216.8 214 211.7 206.5 203.3 201 200.1 198.7 196.5
231.5 233.9 237.7 241.2 247.3 250.7 255.8 271 290.5 303.9 306.3 296 287.4 281.4 272.3 271.4 269.4 260.3 254.1 251.6 260.4 264.4 267.3 268.3 267.7 266.6 266.2 267.4 268.8 270.6 274.4 274.5 275.2 272.5 265.5 256 248.7 246.2 248.8 257.2 261.6 263.9 267.4 272 278 281.3 281.6 279.6 275.5 262 267.7 270.8 270.4 273 272.5 263 259.7 257.8 256.3 255.5 254.2 251.8 245.1 241.3 236.2 231.2 227.5 223.7 222.7 219.9 217.2 214.5 212.2 209.2 205.3 201.6 198.7 195.2 191.1
