public/OST50/SJ40.asc
ncols 200
nrows 200
xllcorner 340000
yllcorner 300000
cellsize 50
[rows 105 to 139 of 200, columns 0 to 78 of 200]
147.4 149.2 148.6 147.9 147.3 148.9 149.9 150.8 156.3 164.8 172.7 180.5 189 203.9 226.5 255.4 282.5 303 305.1 280.4 249.7 224.7 202.2 183.2 166.8 148.2 162.7 193.2 216.4 215.6 217.1 221.7 233 239.1 241.1 242 242.5 245.5 250.2 251.5 251.9 248.2 244.1 239.9 234.5 229.5 225.3 222 218.5 213.1 208.6 205 202.1 199.9 200.7 202.1 200.7 198.8 196 193 189.2 185.9 182.6 179.5 175.8 171.1 168.2 167 165.3 163.2 161 159.1 158.9 158.1 157.5 156.7 156.1 156.2 155.2
147.3 149.6 149.6 149.4 148 148.2 148.6 150.9 156.9 165.4 179 185.7 197.7 213.2 238.4 265.8 288.6 295.4 279.5 258.1 230.9 212.8 197.3 178.5 158.2 150.1 170.9 199.7 207.3 205.7 208.8 221 229.3 234.1 237.4 239.9 241.8 244.6 246.7 247.9 247.6 244.7 240.8 237 232.4 228.6 223.5 219.4 215.8 210.9 207.8 204.4 202 200.1 200 200.6 199.4 197.5 194.6 191.8 188.9 186.1 183.4 180.7 176.6 172.2 169.9 167.9 165.8 163.7 161.5 160.2 159.8 159.6 159.3 158.4 158.4 157.3 155.9
147.6 150.3 150.6 150.3 149.1 150.8 152.7 154.7 157.5 170.8 193.1 210.5 228.6 238.3 259.7 282.9 288.6 280.3 255 231.8 214.8 203.8 185.8 166.3 150.8 154.1 170.8 178.4 185.9 191 206.1 220 221.6 229.4 235.6 240 242.2 243 243 243.9 243.8 241.4 237.2 233.1 228.3 224.1 219.9 214.8 211.4 208.4 205.4 202.7 201.7 199.7 198.4 198 196.9 194.2 192 190.6 188.2 185.7 182.7 180.9 177.6 174 171.6 168.6 166.3 164.2 162.5 161.4 161.4 161 160.9 160.9 159.9 158.3 156.1
148.9 151.5 151.5 150.9 150 150.6 153.6 155.8 158.1 171 189.6 214.7 237.6 260.4 277.6 285 273.5 257.5 235.1 215.9 203.2 192.5 176 155.9 160.5 175.5 183.6 198.1 200.4 209.8 222.2 229.5 235.3 237 240 240.9 241.2 240.8 240 240.6 240.6 238 233.7 229.1 223.5 219.5 215 211.8 209.1 206.3 203.5 201.4 199.6 198.2 195.7 194.3 193.3 191.6 190.6 189.1 187.2 185.3 182.4 180.4 178.4 175.9 173.4 169.8 166.9 164.6 163.1 162.8 163.4 163.4 163 161.7 160.2 157.7 153.9
151.3 153.2 152.8 152.6 151.7 151.8 154.2 155.8 158.8 170.4 193.6 217.4 242.6 266 280.1 271.4 254.5 230.8 215.6 204.2 194.7 182.8 163.5 153.2 167.4 184.3 201 210.8 216.9 224.4 236.9 243.1 244.2 244.2 243.1 242.2 241.4 239.4 236.7 236.1 235.9 234 229.2 224.2 219.3 215.9 212.4 209.3 206.5 204.2 202.1 199.1 197.5 195.9 193.8 191.9 189.6 189 188.3 187.3 186.6 185.1 183.2 181.8 179 176.9 174 171 168 165.2 163 164 164.7 164.5 164.1 161.7 159.2 156.8 152.6
153 153.7 153.6 152.3 152.6 152.2 154.5 155.1 157.1 171.4 194.7 218.1 246.1 267.1 270.4 250 234.8 216.2 201.1 194.3 188.1 173.4 153.3 172.7 184.7 187.7 203.8 213.8 223 231.2 246.2 250.5 249.6 247 244.9 244 243.3 240.8 237.9 233.4 230.5 228.3 225.2 221.2 217.6 214.1 210.6 207.8 205.1 203.2 202.1 199.5 198.3 196.4 194 191.7 189.6 187.2 184.3 183.7 184.3 184.4 183.7 181.8 179.1 177 174.2 171.1 168.2 165.3 163 164.7 165.1 164.1 163.1 161.3 158.1 154.9 152.1
155.1 154.1 153.2 152.4 153 153.3 153.7 154.9 157.7 171.8 193.6 217.5 242.4 253.2 251.1 230.6 213.1 197.9 192 187.2 182.5 166.9 158.7 180.5 190.2 199.3 207.1 215.5 227.6 243.4 254.3 254.1 252.4 249.3 246.9 245.9 245.4 242.7 239.1 234.6 229.8 225.1 222.8 219.5 215.9 212.6 210.6 210.6 208.6 206.6 204.6 201.2 199.5 198 195.3 192.8 190.9 188.3 185.8 182.8 180.6 183.1 183 181.1 178.8 176.6 173.8 170.6 168.2 165.5 162.2 163.8 164.3 162.7 161.1 159.1 157.3 154 151.7
155.8 152.1 154.4 154.6 154.9 155.4 154.7 155 157.3 171.1 191 215.6 228.9 230 224.8 211.8 195.9 187.9 183.9 180.3 172.3 154.9 168.8 183.4 194.3 204.7 216.6 229.9 241.7 254.9 259.6 258 254.1 251.6 248.5 246.9 245.3 242 238.1 234.5 230.9 225.5 221.4 218 215.7 215.4 215.5 215.1 214.4 211.3 208.8 204.7 201.9 199.3 196.6 193.8 191.2 188.7 186.3 183.5 181.8 180 181.3 180.1 177.8 174.9 172.2 169.4 167.1 164.6 161.3 159.9 159.4 159.5 157.9 156.4 155 153.6 151.6
155.3 155.9 157.6 156.7 156.7 157.3 156.5 156.2 157.9 167.5 182.9 198.3 210.6 207.2 199.5 194.5 187.8 182.2 178.8 173.9 161.9 159.5 178.2 186.3 199.4 213.9 229.8 247.8 259.9 262.8 262.5 259.7 255.8 253.4 251.2 247.4 244.1 240.2 236.5 233.2 229.6 225 222.4 220 218.9 218.9 219.7 219.6 218.1 216.2 214.3 211 206.1 202.3 198.6 195.2 192.2 189.4 186.9 184 182.7 181.1 175.9 174.3 173.9 171.5 169 166.5 163.2 162.2 160.3 158 155.8 154.2 153.7 152.5 151.5 151.5 151.4
156 157.1 158.8 158.8 159.5 159.8 159.3 159.3 158.7 161.4 174.7 194.6 197.9 192.1 189.8 186.7 181.8 177.6 174 165.6 157.4 173.2 182.1 188.9 202 217.1 233.3 256.4 268 268.4 264.7 261 258.6 258.2 255.3 249.6 245.1 240.5 236.7 232.8 229.3 227.8 225.7 223.2 222.4 222.7 223.9 223.7 221.9 220.3 218.5 214.4 210 205.6 201 197.5 194 190.3 187.8 185 182.3 180.5 178.5 174.7 170.6 169.4 169.1 168.2 166.2 163.6 159.9 156.5 156.6 155.7 154.4 151.4 149.9 148.7 149
156.5 158 159.9 160.8 162.2 166.1 163.7 162.3 161.4 162.1 177.4 193.7 192.9 186.6 183.8 181.6 178.2 172.2 166.2 159.2 163.7 177.2 182.3 190.1 200.3 214.5 231.8 253.3 266 270.8 268.4 266 265.1 264.9 261.2 255.3 249 244 239.2 234.8 230.8 229.8 228 225.8 225.7 226.5 227.9 227.8 226.4 224.8 221.2 216.6 211.7 207.4 202.6 198.7 194.9 191.2 188.3 185.2 182.1 179.9 178.3 176.4 175 173.7 172.5 170.4 167.7 163 160.9 161.1 160.3 158.4 155.1 152.8 150.6 150.2 148.4
158.2 158.9 160.7 162 165.2 171.8 168.4 166.3 164.7 164.1 177.6 181.1 181.1 181.1 180.1 177.4 172 165 159.7 166.1 173.3 177.5 188 201.1 211 220.7 236.4 259.7 271.9 275.2 274.3 273.4 273.2 271.5 265.1 259.1 252.2 245.9 240.5 235.7 231 230.1 229 227.7 228.2 229 230 230.3 229.7 228.3 223.5 216.8 212 207.6 203.2 199 195.1 191.6 188.4 185.2 182.1 179.6 177.9 176.9 176.3 174.8 172.9 168.6 164.5 165.2 165.6 164.4 162.8 161.7 159.4 156 154.2 152.6 150.8
159.3 160.5 160.9 163.1 167.6 175.9 173 169.5 167.6 166.9 167.1 171.9 174.9 178.3 178.1 174.2 165.6 159.6 163.5 168.7 173.9 183.9 197.6 210.9 219.6 227.8 239.8 261.1 275.7 279.3 278.3 279.6 282.2 275 267.1 258.9 252.2 246.1 240 235.4 230.4 229.3 228.7 228.4 228.8 229.7 229.9 229.8 230 228.5 223 216.9 211.2 206.9 202.5 198.4 194.8 191.3 188.2 184.9 181.9 179.4 177.2 176.5 175.7 173.5 168.3 167.5 170.3 169.2 168.5 167.1 165.4 163.5 161.8 158.5 156 153.9 151.8
161.4 161.7 162.7 164.9 170.8 181.7 176.4 171.5 169.8 168 167.7 169.2 173.5 179.1 176.9 171.7 161.6 162.4 168.8 172.1 178.4 191.2 206.9 217.2 224.9 231.5 242.9 258 269.6 274.2 275.6 279.5 284.4 276 266 257.6 250.6 245.1 238.3 232.6 230.6 229.6 228.6 228.2 228.2 228.4 228.1 227.9 227.6 225.1 220.5 215 209.7 204.6 200.4 196.1 192.6 189.8 187.3 184.4 181.5 179 177.3 174.3 171.5 169.4 172.5 173.3 173 172.3 170.1 168.2 167 164.9 162.5 159.5 156.8 154.4 152.1
163.3 163.9 164.9 168.6 174.5 185 181.4 176.9 172.4 169.3 168.7 170.2 172.7 176.5 175.5 167.7 160.8 170 173 176.7 184 193.4 206.2 211.7 221.4 228.5 240.5 255.4 262.3 265.4 267 270 273.3 269 260.6 253.7 248.9 243.7 236.1 233.2 232.7 232.5 230.3 229.1 227.3 225.6 224.8 224.3 223.5 220.6 215.1 209.7 205 200.9 197.3 193.9 191.6 188.7 186.2 183.6 181.2 178.9 176.4 173.5 172 173.5 175.4 175.7 173.9 172.3 171.1 169.2 167.4 165.3 162.3 160.1 157 154.4 152.1
164.6 165 166.4 171.3 178.7 187.9 182.8 181.5 176.3 171.5 170 171.8 174.3 176.3 172.3 162.2 163.8 171 174.9 180.6 186.3 192.1 200.7 209.1 216.7 225.8 236.2 246.9 255.1 257.4 258.4 260.1 262 259.2 253.3 249.2 244.7 239.8 235.8 235.4 235.8 235 233.3 228.6 227.7 224.9 221.3 220.1 217.6 213.8 209.4 206.2 203.2 200.2 197.7 194.5 191.5 188.4 185.1 182.8 180.4 178.1 175.6 174.1 173.7 175.6 176.5 176.1 174.2 172.4 171.1 169.4 168 165.2 162.4 160 157.6 154.7 152.4
166.3 166.2 168.5 174 179.8 193.9 185.1 182.8 178.1 174.9 172.9 174.9 177.3 179.2 164.1 161.4 169.1 174.3 179.2 183.4 190.7 198.1 204.9 212.7 224.1 238.5 249.4 252.4 253 251.8 250.3 251.6 252.3 249.4 246.3 243.5 240.9 237.2 237.4 238 237.8 236.6 234.7 230.2 226.6 223 219.4 213.5 211.9 211.2 209.5 207.2 204.7 201.3 197.6 194.6 191.6 188.1 185.3 183.4 181.3 178.7 176.9 176 175.5 176.8 176.9 176.3 174.6 172.4 170.9 169.1 167.6 165.1 162.4 160.7 157.5 155.5 153.1
167.3 167.1 168.2 171.5 179.8 194 184.3 181 178.7 177.2 176.3 176.3 174.2 166.9 163 171.3 174.2 179.1 181.8 186.5 193.5 198 205 218 233.1 248.9 258 256 253.1 248.1 243.6 242.5 242.9 241.9 240.1 238.5 237.6 237 239.1 240.7 240 238.6 236.1 233.2 230.1 226.9 223.6 221.4 218.4 215.5 212.2 208.3 205.5 201.5 198 194.5 191.5 187.9 185.5 183.4 182 180.5 178.7 177.8 177.4 177.3 176.9 176 174.6 172.5 171 169 167.5 165.3 162.6 160.4 158.1 156.1 153.7
168.5 168.9 168.1 169.7 179.8 190.3 182 180.3 178.6 178 176.4 170.4 166.6 163.6 171.7 172.9 177 180.8 185.5 190.5 195 198.9 207.5 224 240.7 254.8 259.6 255.6 250.9 245.3 240.8 237.7 236.3 236.9 236.3 236 236.8 238.2 241.2 243.3 242.8 241 238.2 235.7 233 229.5 227 224.1 221.2 218 214.3 210 206.5 201.4 197.4 194.7 191.4 188.4 186.1 183.9 182.3 181 179.9 179 178.3 177.7 177 175.8 175 172.9 171.1 169.2 167.5 165.2 162.8 160.7 158.5 156.9 155.1
169.6 169.4 168.5 170.3 178.7 187.8 182.7 179 175.4 170.9 167.1 164.6 164.7 166.1 170.8 176.8 179.1 184 187.6 191.4 195.4 200.1 210.8 227.9 245.7 253.2 252.7 249.1 245.6 241.6 237 234.7 233.7 234.3 234.7 235.9 237.4 239.8 243.2 245.4 245.5 243.7 241 239.1 235.6 231.8 228.9 226.4 223.4 219.6 213.4 209.6 205.9 201.4 197.6 194.7 191.8 189.4 187 184.6 182.9 181.3 180.4 179.7 178.9 178.1 177.8 176.3 174.9 173.6 171.9 169.8 167.7 165.6 163.5 161.9 159.9 158.4 157
171.6 171.9 169.9 170.7 178.4 183.4 179.6 173.5 167.1 166.5 167.3 167.3 169.5 171.1 177.2 181.4 183.2 185.9 188.9 191.9 195.9 200.7 207.9 222 239.5 246.2 244.7 242.2 239.5 236.9 233.7 232.7 232.4 233.1 234.2 236.2 239 241.5 245.1 248.4 248.7 247.4 245.5 242.8 238 233.7 230.8 227.7 224 219.5 213.9 209.9 206 202 198.4 195.5 192.6 190.3 187.9 185.1 183.1 181.7 180.7 180.1 179.6 178.7 178.3 176.7 175.8 174.5 173 170.8 169.1 166.8 164.5 162.8 161.2 159.8 158.7
173.5 172.8 171.2 171.2 177.3 180.7 172.6 167.1 169.8 171.4 172.8 173 172.4 175.7 179.9 182.8 185 187.5 190.6 193.7 197.6 200.9 206.8 211.1 228.2 236.3 238.6 237.3 235.1 233.1 231 230.5 231.2 232.7 235.2 238.7 241.2 243.3 246.4 250.5 252.3 252.5 250.2 244.1 238.4 234.7 230.6 226.8 222.2 218.1 214.5 210 206.2 202.3 198.9 196.4 193.2 190.6 188.1 185.2 183.1 181.3 180.5 179.7 179.3 178.7 178.3 176.7 176 175.5 173.8 172.6 170.7 168.9 166.1 164.1 162.9 161.1 159.6
174.5 172.3 171.3 171.7 176.4 177.1 169.1 170.9 173.4 175.8 176.8 176.5 175.8 176.5 179.2 183 185.9 188.3 191.3 194.5 198.7 203.2 208.6 223.3 231.1 235.6 235.4 233.9 232 230.2 228.9 229.4 230.4 233.3 237.6 241.9 244 245 248.6 252.8 254.2 254.7 251.8 244.8 238.3 234.7 230.9 226.1 221.5 218 212.3 208.9 205.1 200.8 198.9 196.1 193.4 190.1 187.4 185 183.2 180.5 179.1 178.1 177.6 177.3 177.2 176.8 176.6 176.8 175.7 174 172.1 170.4 168.1 166.4 164.6 163 160.9
175 174.2 173.6 172.1 175.3 170.8 170.1 175.2 175 177.1 178.1 178.4 178.8 179 180.2 180.2 185.6 189.7 192.8 196 200.4 205.5 213.3 226.3 233.3 236.4 235.3 232.2 230.4 228.4 227.1 228.4 230.1 235.6 242.2 244.7 246.8 249.2 252.9 259.6 259.2 258.8 253 246.1 239 235.3 231 226.5 222.5 218.2 212.3 206.6 201.2 198.3 196 193.6 191 188.5 187.3 184.6 182.2 180 177.9 176.5 175.7 175.7 175.8 176.1 176.3 176.4 176.4 174.4 172.4 170.3 169.4 168.6 167.1 163.8 161.9
176.2 176.1 174.5 173.6 173.2 170.4 171.2 176.9 177.3 177.4 178.9 180.3 181.1 181.8 182.4 184.3 186.1 190.3 194.7 198.6 203.2 206.9 225.6 234 236.3 237.9 236 232.8 229.8 227.2 225.5 227.3 231.4 241.4 248.8 251.4 254.1 257.4 261.6 266.2 265.5 261.4 255 246.5 240.2 237.3 232 227.3 222.9 215.9 209.5 205.5 199.2 195.3 193.3 191 189.1 188.5 186.5 184.5 182.2 180 177.8 175.3 174.2 173.5 173.8 174.1 174.9 175 175.1 173.7 171.7 169.2 168.1 168.1 166 163.9 161.6
174.7 173.6 173.5 172.5 170.5 171.7 171.4 177.1 179.2 178.4 179.8 182.3 183.4 184.4 185.3 186.9 188.6 189.7 196.1 200.6 205.4 213.9 229.1 237 240.6 240.2 237.2 233.6 229.9 226.2 225.2 226.6 233.6 247.7 255.8 259.6 262.8 267.2 276 275 270 263.6 255.1 246.1 242.3 239.2 234.6 227.7 221.9 213.6 207.1 200.9 196 193.4 190.6 187.6 187.1 186.5 185.8 184.6 182.3 180 177.8 175 172.4 171.2 171.6 172.4 172.9 173.1 173.7 172.8 170.7 168.4 166.9 166.3 164.7 162.8 161
174.9 175.4 173.5 172.7 173.5 172.8 171.3 176.9 179.8 180 181.5 183.6 185 186.1 187.5 189.6 191.5 193.1 195.5 200.1 206.1 214.6 222.9 228.7 233.6 237 238.9 234.8 230 226.1 223.2 228.9 236.1 248.2 258.8 265 267.6 273.7 283 280.5 271 260.3 250.9 243.7 241 238 232.4 225.1 217.2 208.9 202.2 197.1 193.5 191 187.9 183.2 182.9 183.5 183.4 183.4 182.2 180.1 177.6 175.3 172.6 168.9 168.9 169.5 169.7 170.1 172.6 172.1 170.7 168.1 166.1 165 163.6 161.5 159.5
177.2 176.5 177.4 175.4 174 173.6 172.1 175.7 180.5 181.3 182.9 184.7 186.2 187.7 189.3 191.9 194.5 195.8 197.1 200.6 206.9 212.1 218.9 225.2 231.7 233.1 232.7 230.6 227.2 223.4 222.1 230.5 243 252.2 261.2 268.3 272.3 275.6 282.5 280.1 265.4 251.7 242.6 238.7 236.4 231.9 226.3 217.9 210.1 203.3 199.1 195 190.9 186.3 181.7 179.5 177.9 178.6 179.1 181.7 182 180.5 178.8 175.7 173.1 170.3 166.2 164.7 164.1 166.8 171.2 172.3 170.9 167.9 165.7 164.5 163.5 162 158.3
178.6 178.3 179.5 176.9 175.1 173.8 173 175.4 180.3 182.4 184.5 186.2 187.5 188.7 190.9 193.9 197 199.5 201.1 201.3 207.8 211.2 217.4 227.3 232.6 232.3 231 227.8 223.8 221.9 222.1 237.6 248.5 254.9 261.7 268.9 273.9 272.2 269.2 264.1 254.2 242.8 235.7 232.3 229.7 224.6 218.5 212.4 206.9 200.7 196.6 192.9 186.6 181.8 182.1 183.6 181.3 175 176.7 178.2 182.8 181.9 179.6 177 174.8 168.2 165.6 161.8 161 159.9 159.9 169.5 170.1 167.2 165.3 164.1 163.1 161.2 155
179.8 179.8 180.3 178.2 176.7 174.2 173.6 175.8 179.9 183 185.5 187.5 189.1 190.4 192.7 195.8 198.9 203.2 205.3 205.5 205.4 210.4 212.9 221.5 229.4 232.8 231.5 227.2 222.7 219.8 221.6 239.1 246.1 249.1 254.8 262 265.3 262.9 254.9 248.3 243.3 235.7 229.9 226.6 224 219.4 213.9 208.4 203.4 197.8 194.3 188.3 183.6 185 185.5 185.4 184 178.9 174 182.1 185.2 184 178.4 168.6 166 166.7 172.1 171.9 170.6 168.8 163.7 157.8 155.4 154.6 156.1 157.6 152.4 150.6 148.9
181.4 181.3 181 179.7 177.4 175.7 175 173.7 178.9 182.3 185.1 187.8 189.9 192.3 194.6 197.1 200.9 204.9 208.1 209.5 209.6 209 211.8 214.6 219.8 226.9 232.1 226.2 221.6 218.7 219.1 228.5 237.4 241.7 246.7 251.1 253.3 249.7 241.2 237.1 233.7 228.5 224.9 222.3 218.8 215.3 211.1 206.5 201.3 196.1 189.2 186.1 186.3 186.7 185.3 183.7 179.8 176.4 173.3 175.4 174 170.9 170.3 173.6 175.7 176.7 178.2 177.5 175.7 172.9 168.8 164.9 161.1 158.9 156.6 155.3 154.6 156.4 155.7
183.1 183.4 183.1 181.7 179.2 177.8 176 174.9 178.3 181.9 182.8 186.5 189.3 192.4 195.7 198.8 202.3 206 210 212.1 213.5 212.8 212 213.1 215.1 218.2 221.6 221.2 220.9 221 218.5 214.9 223.8 231.7 224.5 232.6 238.9 239.6 233.8 228.2 224.2 220.3 221.8 219.8 216.3 213.2 208.8 206 200.5 190.8 188.8 191.1 190.1 189.5 184 183.5 181.6 179.8 178.2 173.4 179.1 179.8 180.1 181 181 180.6 180.1 179.1 177.6 175.6 172.9 170.4 167.8 165.2 165.1 164 161.6 162.8 160.8
184.8 185.3 185 183.7 180.7 178.4 177.3 175.9 178.9 182.5 185.1 186.9 189.3 191.4 194.8 198.6 202.4 207.4 211.5 214.9 216.7 216.7 215.4 215.2 215.6 217.6 219.5 220.5 220.8 222.9 223.3 221.1 214.3 213.3 211.7 213 224.2 230.3 224.6 215.8 210.8 211.4 217.8 216.2 210.7 210.8 207.2 197.1 191.5 191.1 195.6 195.7 193.7 188.2 187.7 187 186.1 185.3 185.1 185.8 186.5 186.9 186.4 186.2 184.7 183.3 181.9 179.8 178.1 176.7 175 173.5 171.9 170.2 168.5 166.9 166.2 164.8 163.1
187.1 187.3 187 185.4 182.1 179.3 178.2 175.8 178.8 181.5 185.4 187.9 190 192.1 194.1 197.2 201.1 206.4 211.3 215.8 217.7 218.1 218.1 217.4 219.1 219 221.4 222.3 223.2 225.1 228.7 232.1 231.2 220.7 213.7 208.6 209 211.9 209.7 206.1 203.6 204.8 209.8 209.3 200.1 196.3 193.9 193.4 197.8 199.7 199.7 199 195.1 190.5 192.2 191.2 189.7 190.5 191.8 193.2 193 192.1 191.2 189.8 188.4 186.2 184.1 180.9 178.9 177 175.5 174.5 173 171.4 169.4 168.4 167.4 166.1 164.2
189.5 189.6 189.1 186.1 181.9 180.5 178.5 176.2 180.6 184.4 187.1 189.8 192 194.5 195.2 198.6 201.2 205.5 210.1 213.2 215.6 218 219.3 219.9 220.8 221.2 223.3 224.2 225.7 229.7 238.3 247.2 244.3 240.1 220.4 211.8 206.7 205.8 204.4 204.5 201.4 197.2 195.8 193.2 194.4 200.8 200.2 203 204.2 203.8 202.7 200.8 196.6 192.8 195.7 193.3 194.2 197.6 200 201.3 199.5 197.3 194.8 192.7 191.2 188.9 186.4 183.3 179.7 178.3 176.2 174.8 173.4 171.9 170.3 169.4 168.5 166.7 164.3
