public/OST50/SJ51.asc
ncols 200
nrows 200
xllcorner 350000
yllcorner 310000
cellsize 50
[rows 0 to 37 of 200, columns 84 to 167 of 200]
71.3 71.5 71.7 71.6 71.5 71.3 70.8 70.7 71.3 70.8 70.2 70.2 70.3 70.4 70.6 69.6 69.7 69.3 69 69.6 68.7 67.8 67.4 67.4 68.4 68.3 68.3 68.2 68.1 67.5 67.8 67.8 67.9 67.6 65.7 63.1 61.4 57.9 57.3 57.5 60.3 61.7 61.8 62.4 62.6 62.6 62.7 62.3 62.1 62 62.3 62.4 62.2 62.1 62.6 63 63.4 63.5 63.3 63.8 63.7 63.7 63.8 64.2 64.6 64.4 63.5 63.8 63.6 63.5 63.4 63 63.3 63.4 63.4 63.4 63.3 63.2 62.1 61.2 61.4 61.3 60.9 61.1
71.3 71 72 72.2 71.7 71.2 70.5 70.7 70.8 70.6 70.4 70.7 70.8 70.9 70.4 69.6 69.8 69.4 69.6 68.9 68.8 68.3 68.1 67.5 66.7 66.9 67.8 68 68 67.8 68 68.1 68.1 68 66.9 63.5 62.4 59.9 56.2 57.6 58.9 61.8 61.9 62.2 62.4 62.4 62.4 62.4 62.2 62.2 62.3 62.4 62.4 62.3 62.6 63.3 63.7 63.4 63.1 63.4 63.7 64 64.2 64.6 64.8 64.7 64.3 63.6 63.7 63.4 63.4 63.4 63.7 63.9 63.6 63.6 63.7 63.4 61.7 62 62 62.3 61.6 61.1
71.1 71.3 71.6 72.4 71.1 70.7 70.9 70.9 70.7 70.7 70.5 71 71.1 70.9 70.4 70 69.8 69.5 69.1 68.9 68.7 68.6 68.3 67.8 67.2 66.2 67 67.4 67.6 67.7 67.8 68.1 68.3 68.3 67.6 64.5 63.3 61.6 59.3 56.2 57.5 61.4 61.8 61.9 62.1 62.3 62.3 62.2 62.2 62.1 62.1 62.3 62.4 62.2 62.9 63.7 63.8 63.6 63.4 63.4 64.2 64.4 64.7 64.8 64.8 64.8 64.8 64.2 63.6 63.7 63.7 63.8 64.2 64.4 64.3 64.2 64.1 62.8 61.5 61.4 62.7 63.1 62.3 61.4
70.9 71.3 71.8 71.9 70.5 70.7 70.8 70.8 70.8 70.7 70.7 71.1 71.1 70.7 70.3 70.3 70.4 69.5 68.9 68.9 68.9 68.6 68.3 67.8 67.3 66.5 65.5 66.4 66.8 66.7 67 67.4 68 68.2 68 65.9 64.2 62.8 59.8 57.9 57.4 59.5 60.9 61.5 61.9 62.1 62.3 62.2 62.1 61.7 62 62.2 62.4 62.3 63 63.9 63.9 63.8 63.9 63.7 64.4 64.8 65 65.3 65.1 65.1 65.3 64.5 63.7 63.9 64.1 64.3 64.6 64.7 64.7 64.7 64.4 63 61.9 62 63.2 62.3 61.7 61.3
70.4 70.3 71.2 71.4 70.7 70.7 70.7 70.4 70.7 70.7 71 71.2 71.3 71 70.7 69.9 69.6 69 68.9 69 69 68.7 68.3 67.9 67.4 67 66 65.3 65.5 65.5 65.8 67.1 67.8 67.9 67.9 66.3 64.7 63.5 60.4 58.4 57.7 56.4 59.2 60.8 61.7 62.1 62.3 62.3 61.9 61.5 61.8 62.1 62.4 62.3 63.1 63.8 63.9 63.8 63.5 63.9 64.3 64.8 65.3 65.6 65.6 65.4 65.7 65.1 64.2 64.5 64.5 64.7 65 65.1 65 64.9 64.3 63.1 61.3 63.7 62.2 61.7 61.8 61.8
70.4 70.5 70.7 71 70.7 70.8 70.8 70.6 70.6 70.8 71.1 71.4 71.5 70.7 70.3 69.6 69.5 69.3 69.3 69.2 69 68.8 68.3 67.9 67.6 67.2 66.5 65.8 65.2 64.4 64.8 66 67.3 67.8 67.9 67 65.4 62.8 60 59.2 58.1 57.3 57.6 59.2 61 62 62.3 61.6 61.3 61.4 61.5 62 62.3 62.3 62.9 63.5 63.8 63.8 63.9 64.5 64.2 65.1 65.5 65.8 66 66.1 66 65.6 65.1 65 65 65.1 65.3 65.3 65.1 64.5 63.5 62.1 62 62.5 61.9 62.7 62.7 62.6
70.4 70.6 70.6 70.8 70.9 70.8 70.6 70.6 70.9 71.2 71.4 71.4 71.1 70.3 69.8 69.4 69 68.8 69.2 69.2 69 68.8 68.3 67.8 67.6 67.3 67.1 66.5 66 65.5 64.1 65.4 66.5 67.2 67.6 66.8 65 61.3 61.4 61.2 59.9 57.9 57 57.5 59.3 61.6 62 61.2 60.9 61.4 61.5 61.6 61.5 62.2 62.8 63.4 64 64 64.1 64.5 64.4 65.3 65.7 65.9 66.1 66.2 66.3 65.8 65.3 65.2 65.1 64.9 64.5 64.5 64.3 63.5 61.8 61 61.8 62.8 63.6 64 64 64
70.3 70.1 70.5 70.7 70.8 70.5 70.3 70.6 71.2 71.4 70.9 70.8 70.5 70 69.7 69.4 69.2 69 69.2 69.3 69.2 69 68.3 68 67.8 67.6 67.4 67.1 66.6 65.9 65.1 63.6 65.5 66.4 66.9 64.9 62 61 63.5 63.2 61.1 58.9 57.5 57.1 57.6 60.5 61.7 60.6 61.1 61.5 61.7 61.6 61.3 61.8 62.6 63.5 64.4 65.2 65.3 64.5 64 65.4 65.9 65.9 66 66.1 66.2 65.9 65.6 65.1 65 65 64.5 63.6 63.2 61.3 61.4 62.6 63.7 64.7 64.7 65.4 65.4 65.4
70.3 70.1 70.4 70.6 70.6 70.3 70.3 70.3 71.3 70.9 70.6 70.6 70.4 70.1 69.7 69.4 69.4 69.3 69.3 69.3 69.3 69.1 68.5 68.2 68 67.8 67.6 67.3 66.9 66.2 65.6 64.6 63.3 63.1 63.4 61.4 61.6 64.4 64.8 64.6 62.2 59.9 58.6 57.1 56.8 58.4 59.5 59.5 61.1 61.6 61.6 61.3 61 61.2 62.6 64.2 65.5 66.6 66.3 64.9 64.8 65.6 66.1 66.2 66 66.2 66.5 66.2 65.8 65.3 64.8 64.6 65.1 62.6 60.8 61.8 63.5 64.5 64.9 65.3 66 66.4 66.4 66.1
70.3 70.9 70.6 70.5 70.6 70.6 70.6 70.4 70.9 70.6 70.5 70.4 70.1 69.9 69.8 69.2 69.2 69.2 69.2 69.4 69.5 69.7 68.8 68.4 67.9 67.8 67.7 67.6 67.2 66.6 66 65.2 63.6 61.7 62.7 64.1 65.8 66.6 65.9 64.8 63.4 60.7 59.2 57.9 56.8 57.5 58.1 59.6 61.1 61.6 61.6 61.1 60.6 61.7 63.1 64.7 66.1 67.2 67 65.2 64.6 64.9 65.8 66 66.3 66.2 66.5 66.6 66.2 65.6 65 64.4 63.4 61.3 60.8 64.1 65.1 65.7 66.1 66.5 67.1 67.4 67.3 66.8
70.7 70.5 70.3 70.2 70.1 70.4 70.5 70.3 70.3 70.3 70.6 69.9 69.5 69.4 69.5 69.3 69.4 69.4 69.5 69.7 69.9 70 69.3 68.6 67.7 67.5 67.6 67.4 67.1 66.8 66 65 63.5 65.3 65.5 66.6 67.8 67.5 66.4 66.1 64.5 61.8 59.9 58.8 56.2 55.7 57.7 58.5 60.8 61.4 61.4 61 60.3 61.9 63.6 64.9 66.1 67.5 67.1 65.6 64.5 64.7 65.6 66.4 66.7 66.5 66.2 66.5 66.7 66.3 65.6 65 62.9 60.7 62.6 65.3 65.9 66.6 67.2 67.5 67.9 68.5 68.5 68.1
70.4 70.3 70.3 70.3 70.7 71.1 70.3 70.4 69.4 70 70.3 69.7 69.3 69.9 70.4 70.1 70.4 69.5 69.8 69.6 70.1 69.8 69.2 68.6 67.8 67.2 67.3 67.1 66.8 66.5 65.8 64.4 64.2 65.6 66.1 67 67.8 68 67.2 66.5 65.1 62.8 60.6 59 58.7 55.8 56.4 57.2 59.4 60.7 60.6 60.3 60.5 61.7 63.3 65 66.1 67 67.1 66 64.3 64.7 65.6 66.4 67 66.5 66 65.9 66 66.2 65.7 65.1 62.8 60.6 64 66 66.4 67.1 67.8 68.2 68.6 69 69.3 69.3
70.3 70.3 70.3 70.4 71.3 70.9 70 69.9 69.8 69.7 69.7 69.4 69.5 70.2 70.1 70 70 69.8 69.7 69.5 69.8 69.8 69.2 68.5 67.9 67.1 67.1 66.8 66.4 66 65.2 64.8 65.6 66.2 66.5 67.4 67.8 68 67.6 66.9 66.3 64.3 62.1 59.9 58.7 58 55.1 57 56.1 59 59.5 59.7 60.5 61.7 62.9 64.3 65.6 66.8 67.6 66.5 64.3 64.6 65.4 65.7 66.2 66.1 65.8 65.7 65.7 66 65.7 65 62.8 60.6 64.9 66.1 66.3 67.5 68.1 68.5 68.9 69.3 69.7 69.9
70.2 70.2 70.1 70.7 71.2 70.3 69.8 70.3 70.6 69.5 69.5 69.6 69.9 70.3 69.9 70 70 69.7 69.4 69.2 69.2 69.2 68.9 68.5 67.8 67.4 67 66.8 65.6 65.9 66 66.2 66.6 66.8 67.2 67.7 67.8 67.9 67.9 67.9 67 65.5 63.7 61.1 59.3 58.3 57.6 56.5 56.5 58.1 59.4 59.9 60.4 61.5 62.7 64.1 65.4 67.1 67.6 66.4 68 65 65.3 65.6 66.1 66.1 66 65.8 65.6 65.5 65.5 65 61.2 61.2 63.1 65.1 66.8 67.6 68.3 68.8 69.2 69.6 69.9 70.6
70.1 70.2 70.6 70.6 70.9 69.6 69.7 69.3 69.2 69.4 69.5 69.6 69.6 69.6 69.9 69.8 70 69.5 69.1 68.9 68.7 68.5 68.3 68 67.8 67.5 67.2 66.7 66.8 66.8 66.9 66.9 67.1 67.3 67.5 67.6 67.7 67.8 67.9 67.9 67.3 66.1 64.6 62.4 60.3 58.7 57.9 57 56.4 59.1 60.2 60.6 60.7 61.3 62.6 63.8 65.3 66.8 66.8 65.6 63.2 65.9 65.6 66.1 66.1 66 65.9 66.3 66 65.4 64.9 64.3 60.5 63.4 64.8 65.3 65.1 67.1 68.3 69.1 69.2 69.4 70.7 71.9
70.4 70.7 70.4 70.7 70.6 70.2 69.8 69.2 69 69.2 69.5 69.6 69.7 70.2 70.3 69.8 69.3 69 68.7 68.4 68.3 68.7 68.5 68.2 68 67.4 67.4 66.9 67.2 67.4 67.3 67.3 67.5 67.4 67.5 67.5 67.6 67.7 67.7 67.9 67.7 66.6 65.4 63.6 61.5 59.6 58.3 54.5 56.6 57.6 60.9 61.2 60.9 61 62.1 63.4 65.6 66.2 66 62.8 62.8 65.7 65.5 66.3 66 65.9 65.7 65.9 66.4 65.6 63.3 60.8 61.1 64.5 66.2 67 67 67 68.1 68.7 69.6 70.5 72.7 72.8
70 70 70 70.3 70.1 69.9 69.4 69.1 68.9 68.9 69.3 69.5 69.7 69.6 69.7 69.3 69 67.1 68.1 68 67.9 68.6 68.7 68.5 68.3 67.7 67.2 67.3 67.6 67.9 67.8 67.7 67.7 67.6 67.5 67.5 67.5 67.5 67.6 67.9 67.4 66.8 66 64.5 62.6 60.9 59.2 57.4 55.3 57.4 59.2 61.7 61.3 61.1 61.6 62.9 65.9 65.8 65.6 65 65.8 66.8 64.7 65.2 66.5 66.2 65.8 65.7 65.6 65.1 62.3 61.1 64.2 65.9 67.1 67.5 67.9 67.6 68.5 69.4 70.3 71.4 72.5 73.2
69.4 69.3 69.9 70.4 69.7 70.3 69.3 69 68.8 68.8 69.1 69.5 70 69.5 69.7 69.4 68.8 68.1 67.9 67.7 67.8 68.4 68.8 68.5 68.5 68.1 67.6 67.6 67.9 68.2 68.2 67.7 67.8 67.6 67.6 67.5 67.4 67.4 67.4 67.4 67.5 67 66.2 65.3 63.3 61.9 60.1 58.4 54.5 56.8 57.6 61.5 61.5 61.3 61.1 62.2 65.2 66.2 65.5 64.2 60.1 60.1 62.8 65.5 66.3 66.1 65.4 65 64.5 63.3 60 62.9 66 67.2 68 68.3 68.6 68.9 69.1 70 70.8 71.9 72.3 73.1
69.4 69.5 69.5 69.5 69.7 69.4 69.2 68.9 68.7 68.6 69 69.4 69.4 69.5 69.5 69.4 68.7 68.3 67.4 67.6 67.5 68.3 68.8 68.6 68.8 68 67.8 67.8 68.3 68.4 68.6 67.7 67.8 67.7 67.5 67.4 67.3 67.4 67.3 67.3 67.2 67 66.2 65.3 64.3 62.6 60.8 59.5 57.5 55.7 56.6 57.8 60.5 60.7 60.7 61.9 63.1 64.4 64.3 61.7 59 59.6 59.2 62 64.6 65.1 65.1 64.6 63.7 61 60.6 63.9 66.6 68.2 68.8 68.8 68.8 69.3 69.8 70.5 71.1 71.5 72.3 72.9
69.5 69.7 70 69.2 69.2 68.6 68.8 68.8 68.8 68.8 68.9 69 69.1 69.2 69 68.8 68.6 67.9 67.4 67.3 67.3 67.9 68.4 68.5 68.3 68.1 67.9 68.1 68.7 68.7 68.5 68 67.7 67.6 67.5 67.2 67 67.2 67.2 67.2 67.3 67.1 66.3 65.5 64.7 63.6 62.1 60.6 59 57.5 56 55.8 57.1 59.9 60.3 61.6 61.9 63.6 64.8 59.9 58.5 63 60.9 59.1 59.4 61.6 63.4 64.4 63.1 60 61.8 64.4 67.1 68.8 69.1 69 69.1 69.6 70.6 71.4 71.8 71.9 72.3 72.9
69.4 69.4 69.7 69 69.1 69 69.2 69 68.9 68.8 68.7 68.8 68.8 68.6 68.4 68.2 68.5 67.6 67.4 67 67.1 67.5 68 68.3 68.3 67.7 67.5 68.2 68.8 68.9 68.5 67.9 67.7 67.5 67.4 67.2 66.8 66.9 67 67.1 67.4 67.3 66.8 66.1 65.3 63.9 62.6 61.6 60.5 58.7 57.6 56.7 55.8 56.1 59.4 59.9 59.7 60.4 59.8 58.1 59.7 63.2 63.9 62.3 60.7 59.8 59.6 61.9 60.4 60.1 62.5 65.2 67.9 68.9 68.9 69 69.4 70.2 71.4 72.2 72.5 72.6 72.5 73
69.6 69.4 69.1 69 69.1 69.2 69.1 69 68.8 68.6 68.6 68.5 68.4 68.2 68 67.7 67.5 67.8 67.4 67.1 66.9 67.4 67.7 67.8 68 67.8 67.7 68.4 68.8 68.9 68.4 67.9 67.6 67.5 67.3 67.2 67 66.8 67.1 67.3 67.5 67.5 67 66.5 65.7 64.2 63.1 62.5 61.9 60.1 59.1 57.9 56.5 55.8 56.1 56.1 57.9 57.8 58.8 59 62.6 64.6 65.1 64.1 63.1 62.2 60.8 59.8 60.7 61 63.8 66.3 68 68.8 68.8 68.9 69.5 70.7 71.9 73.3 73.7 73.5 72.8 73.4
69.2 69.8 69.4 69.1 69.3 69.1 68.9 68.9 68.7 68.5 68.5 68.4 68.1 67.8 67.5 67.3 67.3 67.8 67.5 67.2 67.1 67.5 67.4 67.7 68 67.9 67.8 68.3 68.6 68.8 68.3 67.9 67.5 67.3 67.2 67.1 67 67 67.5 67.4 67.1 67.5 67.1 66.7 65.8 64.5 63.9 63.3 62.7 62.7 60 58.9 56.7 55.6 55.5 57.1 59.2 60.9 61 61.9 65.3 65.9 65.7 64.7 64.2 65 63.7 62.2 62.4 62 64.2 66.3 67.9 68.5 68.6 69 69.6 70.9 72.4 73.5 74.2 73.7 73.5 74
69.2 69.4 69 69.2 69.2 69.1 68.9 68.6 68.5 68.2 68.1 68.3 67.9 67.4 67.2 67.2 67.4 67.8 67.5 67.2 67.1 67.2 67.6 67.6 67.8 67.8 67.8 68 68.3 68.5 68.3 67.9 67.6 67.2 67 66.9 66.9 67.1 67.3 67.3 67.3 67.5 67.1 66.7 65.8 64.8 64.2 63.6 63.4 63.1 61.3 59.7 58.7 56.3 54.4 54.8 56.1 56.9 58.9 63 65.4 65.8 65.6 65.2 65 64.9 65.3 64.7 64 62.6 64.2 66.1 67.8 68.4 68.7 69 69.7 71.1 72.6 73.7 74.6 74.4 74.1 74.4
70.2 69.7 69.2 69.1 69.2 69.1 68.9 68.3 68.3 67.8 67.4 67.6 67.5 67.3 67 67 67 67.5 67.4 67.1 66.9 66.3 67.1 67.2 67.1 67.7 67.8 67.9 68.1 68.5 68.3 67.9 67.4 67 66.7 66.5 66.5 66.5 66.9 67.1 66.8 66.8 66.8 66.2 65.7 65 64.1 63.9 63.9 63 61.5 60.5 58.7 56.8 55.3 55.5 55.3 55.2 59.8 63.2 64.8 65.2 65.6 65.4 65.2 65.2 65.4 65.4 65.2 63.9 64.5 66.5 68.1 68.7 68.6 69 69.8 71.2 72.7 74 74.6 74.7 74.5 74.3
69.8 69.5 69.7 69.3 69.1 68.9 68.9 68.2 67.7 67.4 67 66.6 67.1 67 66.9 66.8 66.9 66.8 67.2 66.8 66.8 66.3 67.1 67.3 67 67 67.3 67.5 67.7 68.5 68.2 67.9 67.4 67 66.8 66.4 66.3 66.9 67.2 67 66.9 66.8 67.2 66.7 66.2 65.4 64.4 63.4 63.7 62.9 62.3 61.5 60.5 59.2 57.9 57.3 56.8 55.3 55 62.6 64 64.6 65.3 65.4 65.4 65.4 65.3 65.5 65.3 64 64.6 66.7 68.3 69 68.5 68.7 69.7 71.1 72.9 73.7 74.5 74.6 74.3 74.2
69.2 69.7 69.6 69.3 69.1 68.7 68.8 68.1 67.5 66.9 66.8 66.8 66.8 66.8 66.8 67 67.1 66.6 66.6 66.6 66.7 66.8 67.1 67.5 67.4 67.2 67.5 67.5 67.5 68.2 68.3 68 67.5 66.9 66.6 66.5 66.4 66.8 67 66.9 66.7 66.6 67.2 67 66.5 65.7 64.7 64 63.4 63.3 62.8 62.1 61.7 60.3 59.1 58.1 57.3 56.3 55 55.6 62.8 64.3 64.9 65.1 65.3 65.2 65.2 65.4 65.4 65 64.6 66.2 67.3 68 68.2 68.7 69.9 70.6 71.9 73.5 74.3 74.2 73.8 73.8
69.8 69.7 69.4 69.3 69.1 68.9 68.6 68 67.4 66.7 66.4 66.2 66.7 66.5 66.9 67.6 67.2 66.7 66.6 66.6 66.6 66.9 67.4 67.4 66.9 67.5 67.5 67.3 67.5 68.1 68.4 68.1 67.5 67 66.5 66.4 65.8 66.5 66.8 66.8 66.6 66.5 66.8 66.7 66.5 65.7 64.9 64.1 63.4 63.2 62.9 62.1 62.1 61.3 60.1 58.8 57.9 56.9 55.6 54.7 60.7 63.7 64.9 65 65 65.1 65.1 65.2 65.3 64.9 64.5 65.4 66.5 67.6 68.1 68.7 69.4 70.4 71.4 72.8 74 74.1 73.4 73.3
70 69.5 69.3 69.3 69.3 68.9 68.2 68 67.2 66.4 66.6 66.8 66.8 66.5 67 67.2 67.1 66.7 66.3 66.7 67.1 66.9 67.7 68 67.3 67.6 67.6 67.3 67.2 67.9 68.5 68.1 67.4 67 66.4 66.3 66 66.2 66.3 66.7 66.8 66.7 66.6 66.4 66.1 65.7 64.9 64.1 63.4 63.3 63 62.8 62.7 62.4 61 59.6 58.6 57.4 55.8 54.7 59.9 63.8 64.8 65 65.1 65 65 65 65.1 64.9 64.7 65.3 66.4 67.5 68.2 68.7 69.3 70.1 70.9 71.9 72.4 72.8 73.4 73.2
69.5 69.5 69.5 69.7 69.2 68.6 68.4 68.3 67.4 66.5 66.6 67 67 67 67 67 66.9 66.9 66.8 66.6 66.5 66.9 67.6 67.9 67.6 67.4 67.2 67.2 67.3 68 68.2 67.8 67.3 66.9 66.5 66.1 65.9 65.8 66.1 66.4 66.9 66.8 66.6 66.4 66.2 65.9 65.1 64.3 63.4 63.2 63.2 62.9 62.8 62.6 61.8 60.4 59.3 57 55.8 55.3 59.4 63.7 64.7 65.2 65.1 65 64.9 64.9 64.9 64.7 64.6 64.9 66.3 67.4 68.2 68.7 69.1 69.8 70.6 71.3 71.9 71.6 72 72.2
69 68.9 69.1 69.1 68.9 68.8 68.6 68.7 67.8 67 66.5 66.3 67 67 66.9 66.9 66.9 67.2 67.1 66.8 66.6 66.3 67.3 67.8 67.6 67.4 67 66.8 67.4 67.6 67.8 67.5 67.2 67 66.5 66.1 65.9 65.7 65.8 66.2 66.6 66.8 66.7 66.5 66.2 65.8 65.2 64.3 63.4 63.4 63.3 63.1 62.8 62.6 62.5 61.5 60.1 57.9 55.1 55.3 58 63.4 64.5 65.4 65.1 65 65 64.9 64.8 64.7 64.6 64.6 65.5 67.1 68 68.5 68.9 69.5 70.2 70.8 71.5 71.9 71.9 71.7
68.8 68.8 69.5 69.4 68.7 68.6 68.5 68.3 67.8 67.4 67 66.8 66.4 66.3 66.6 66.2 66.6 67.4 67.3 66.9 66 66.5 66.9 67.4 67.6 67.3 66.8 66.9 67.1 67.5 67.5 67.3 66.9 66.8 66.8 66.2 65.9 65.7 65.5 65.9 66.3 66.6 66.8 66.6 66.2 65.9 65.3 64.3 63.4 63.6 63.4 63 62.6 62.7 62.7 61.9 60.6 58.6 55.6 56.3 56.2 62.3 64.3 65.2 65.1 65.1 65.1 65 64.9 64.8 64.7 64.6 65.1 66.4 67.7 68.2 68.7 69.2 69.9 70.4 71 71.3 71.2 71
68.6 68.8 69.1 69.3 68.7 68.6 68.5 68.4 68.3 67.9 67.4 67 66.6 66.4 66.2 66.3 66.7 67.4 67.5 67 66.6 66.6 66.8 67.1 67.5 67 66.5 66.1 66.7 67.2 67.1 66.9 66.5 66.6 66.7 66.1 65.9 65.6 65.3 65.6 65.6 66.2 66.5 66.8 66.3 65.8 65.3 64.2 63.4 63.6 63.5 63.1 62.7 62.7 62.8 62.5 61.2 59.1 55.9 55.4 56.5 62.5 63.9 65.1 65.3 65.2 65.1 65 64.9 64.8 64.6 64.6 64.9 66 67.2 68 68.6 69.1 69.3 69.8 70.4 70.6 70.6 70.8
68.7 68.4 69.1 68.9 68.8 68.5 68.6 68.6 68.4 68 67.5 67.2 66.9 66.8 66.7 66.7 66.9 67.2 67.6 67.1 66.6 66.5 66.5 67 67.4 67.2 66.3 65.9 66.1 66.6 66.6 66.5 66.5 66.6 66.1 66.1 65.9 65.4 65 65.1 65.1 65.6 66.1 66.3 66 65.8 65.3 64.3 63.5 63.4 63.5 63.2 62.9 62.8 62.9 62.8 61.5 59.5 56.2 54.6 57.8 62.4 63.6 64.5 65.5 65.4 65.4 65.2 64.9 64.8 64.6 64.5 64.9 65.8 67 68 68.3 68.8 68.9 69.6 70.3 70.9 70.7 70.9
68.5 68.8 69 68.7 68.6 68.4 68.5 68.6 68.3 68 67.7 67.4 67.1 67.2 66.9 67.1 67.3 67.4 67.5 67.3 66.8 66.6 66.4 66.5 67.2 66.7 66.5 65.9 65.7 66.1 66.2 66.2 66.2 66.3 66.3 65.8 65.6 65.1 65 64.8 64.6 64.9 65.2 65.6 65.7 66.1 65.4 64.4 63.6 63.3 63.4 63.2 62.9 62.8 62.8 62.5 61.5 59.6 56.7 53 56.4 60.5 62.8 64.1 65 65.3 65.6 65.5 65.1 64.7 64.7 64.6 64.7 65.7 66.9 68.1 68.4 68.5 68.6 69.5 70.5 71.2 71.5 71.4
68.4 68.7 68.9 68.6 68.4 68.4 68.4 68.5 68.4 68.1 67.8 67.5 67.7 67.4 67.1 67.5 67.7 67.7 67.7 67.4 67 66.5 66.3 66.5 66.9 66.8 66.3 66.1 65.7 65.9 66 65.9 65.9 65.8 65.9 65.9 65.4 65.1 65.2 64.9 64.7 64.4 64.1 64.6 65.1 65.5 65 64.1 63.5 63.2 63.3 63.2 63 62.9 62.7 62.4 60.8 59.3 57.2 54.8 55.5 60 62.5 64.1 65 65.6 65.8 65.7 65.4 65 64.7 64.7 67.1 68.6 68.6 68.1 68.6 67.8 68.5 69.4 70.4 71.4 72.2 72.4
68.4 68.8 68.7 68.4 68.4 68.4 68.3 68.3 68.2 68.1 67.8 67.6 67.7 67.5 67.5 67.9 68 67.9 67.8 67.6 67.4 66.4 66.1 66.3 66.8 67 66.4 66.1 65.9 65.9 65.7 65.7 65.7 65.7 65.6 65.8 65.3 65.1 65.2 65.1 64.9 64.6 64.2 64.2 64.1 64.3 63.9 63.3 63.6 63 63 63.2 63.1 63.1 62.6 62 61.2 59.9 57.5 55.5 53.8 58.3 63 64.3 64.9 65.6 65.8 65.7 65.5 65.2 64.9 64.7 68.8 65.7 68 68 67.3 67.9 68.8 70.1 70.7 71.4 72.1 73
68.1 68.5 68.5 68.4 68.4 68.3 68.3 68.3 68.2 68 67.8 67.4 67.8 67.9 67.9 68 68 68 67.9 67.7 67.5 67.2 66.8 65.9 66.7 66.8 66.1 66 65.9 65.8 65.8 65.7 65.6 65.5 65.1 65.5 65.5 65.2 65 65.1 65.1 64.7 64.3 63.9 63.5 63.5 63.4 63.1 62.8 62.7 62.7 63 63.1 63 62.8 62.2 61.6 60.2 58.5 55.9 52.8 56.4 62.5 64.1 64.8 65.6 65.8 65.7 65.5 65.3 65 64.7 65 65.7 66.3 67.3 66.8 67.5 69.8 70.9 71.3 71.8 72.1 72.8
