public/OST50/SJ51.asc
ncols 200
nrows 200
xllcorner 350000
yllcorner 310000
cellsize 50
[rows 76 to 113 of 200, columns 0 to 83 of 200]
76.2 73.2 71.2 70.3 69.7 69.2 69.7 69.5 69.6 69.5 69.6 70.7 71.3 71.3 71.5 71.7 71.3 71.6 71.9 71.7 71.4 70.7 70 69.8 69.6 68.7 68.3 68.5 67.6 64 64.6 65.8 65.8 65.8 65.1 64.9 64.8 64.7 64.8 65.1 65.1 65.9 65.5 64.9 62.8 63.9 64.8 65.2 66.7 66.6 66 58 58 64.7 65 64.4 63.7 63.4 63.2 63.7 63.7 63.6 63.4 63 62.6 62.5 62.8 63.1 64.3 66.2 68.5 70.9 72.9 74.8 76.7 78.9 81.2 84.2 87.4 90.3 92.8 95 97.1 99.9
74.6 72.8 71.7 70.1 69.5 69 69.2 68.8 68.6 69.1 69.1 69.6 69.9 70 71 71.4 71.5 72 71.8 71.8 71.6 70 69.3 69.4 69.3 69.3 68.7 68 67.6 65.6 64.4 63.6 63.5 64.6 64.6 64.5 64.3 64.2 64.3 64 65.2 64.4 64.7 64.5 63.2 61.8 62.8 64 65.9 66.4 66.1 58 58 64.1 65.1 64 63.8 63.4 64.1 64.1 63.8 63.7 63.4 63.2 62.8 62.8 63 63.6 64.7 66.3 68.6 70.9 73 74.9 77 79.1 81.6 84.6 88 91.8 94.7 96.8 99 101.7
74.9 72.5 72.4 70.3 69.6 69 68.8 68.7 68.6 68.6 68.4 68.3 68 69 69.3 70.5 71 71.8 71.3 71.5 69.7 68.6 68.4 68.6 68.7 68.9 68.5 68.1 67.8 66.3 64.7 61.6 63.2 62.9 64.2 63.9 63.9 63.7 63.3 63.5 65.1 63.6 63.6 63.7 63 60.8 60 61.4 63.3 64.8 64.8 58.3 58 63.4 65.1 64.7 64 63.6 63.9 63.9 63.7 63.2 63.4 63.2 63 63.1 63.2 64.2 65.1 66.5 68.8 71.1 73.1 75.3 77.4 79.5 82 84.9 89.4 93.8 96.6 99.3 101.3 102.8
74.8 74.2 74 71.7 69.9 69.2 68.5 68.3 68.2 68.1 68.1 68 67.9 67.8 68.2 68.7 69 69.6 69.8 71.5 66.4 67.4 67.4 67.7 68.1 68.7 67.7 67.1 65.4 65.9 65 63.7 62.6 62.4 63.3 63.6 63.8 63.6 63.7 64.4 64.1 62.8 62.9 63.1 63.6 63.5 63.2 63.5 63.5 59.5 57.7 54.5 53.7 64.8 65 65 63.8 63.7 63.7 63.7 63.5 63.4 63.4 63.3 63.2 63.3 63.2 64.3 65.1 66.7 69 71.2 73.5 75.7 77.4 79.7 82.1 85.2 90.8 95.3 98 100.3 102.2 103.4
75 73.8 73.1 71.2 69.9 68.9 68.4 67.9 68 67.9 67.8 67.7 67.3 66.8 66.9 67.9 68 67.7 67.1 68.6 66.4 66.7 66.2 66.4 67.4 68 67.2 67 64.3 64.2 64.1 63.6 63.2 61.4 62.1 62.9 62.4 62.9 62.9 62.3 62.2 62.9 63 63.3 63.4 63.5 64.6 64.8 64.9 63.2 55.5 55.5 64.2 65.6 65.4 64.9 63.8 63.6 63.5 63.4 63.3 63.3 63.4 63.3 63.3 63.3 63.4 64.5 65.3 67.1 69.1 71.4 73.5 75.6 77.4 79.8 82.3 86.5 92.6 96.7 98.8 100.7 102.4 102.6
74.6 73.1 72.3 70.7 69.4 68.8 68.5 68.1 67.8 67.7 67.7 67.6 67.2 66.9 66.6 66.4 67.1 66.4 66 66.2 66.3 65.1 65 65.3 66.1 66.5 67.1 66.3 64 63.9 63.9 63.9 63.5 62.2 61.7 61.9 62 61.5 61.5 62 62.6 62.7 63.2 63.5 63.6 62.4 65.2 65.8 65.5 63.1 54 58.9 65.7 66.6 66 64.7 63.7 63.5 63.3 63.2 63 63.1 63.2 63.2 63.1 63.3 63.5 64.4 65.5 67.4 69.3 71.2 73.4 75.4 77.3 79.7 83.1 87.8 94 97.5 99.4 100.8 101.3 101
74.4 72.6 70.9 70.1 69.2 68.7 68.4 68.2 68 67.9 67.8 67.7 67.3 67.1 66.8 66.4 66.3 66.3 67.4 66.1 66.2 64.6 65.2 65 65.5 65.9 66.1 64.7 64.7 64.1 63.7 64 64 61.7 61.1 61 61 61.2 61.6 62.6 62.7 63.2 63.4 63.8 63.9 65 65.6 65.8 65.3 64.1 54.2 59.2 66 66.7 66 64.8 63.5 63.2 63 62.9 62.8 63.1 63.2 63.2 63.1 63.3 63.6 64.6 65.7 67.6 69.5 71.3 73.3 75.2 77 79.1 83.2 87.1 93.2 96.4 98.3 99.5 99.7 99.3
73.5 72.1 70.4 69.4 69.2 68.7 68.6 68.5 68.3 68 68 67.8 67.4 67.1 66.9 66.6 66.4 67.3 67.2 67.1 65.9 64.9 65.2 65.1 64.9 65 62.8 64.3 64 62.9 63 63.7 63.3 62.3 60.5 60.7 60.7 61.3 62.2 62.9 63.4 63.2 63.5 63.8 63.9 64.8 65.5 65.6 65.3 64.4 55.7 55.4 65.8 66.7 66.1 64.9 63.3 62.9 62.8 62.7 62.8 63.2 63.1 63.1 63.1 63.2 63.7 64.5 65.8 67.8 69.8 71.6 73.2 74.8 76.7 78.7 81.6 85.9 90.7 94.2 96.5 97.5 97.9 98
74 72.7 71 69.6 69.5 69.4 69.1 68.8 68.6 68.2 68.3 68 67.5 67.3 67.1 66.7 66.5 67.3 66.5 66.3 65.8 65.1 65.2 65.1 65.3 64 63.7 63.8 62.3 62 61.7 61.7 61.2 61.2 60.5 60.3 60.7 61.7 62.9 63.8 63.9 62.8 63.6 63.8 64.1 65.1 65.1 65.1 65.1 64.4 59.3 53 64.9 66.8 66.3 64.8 63.4 62.9 62.8 62.7 62.4 62.8 63 63 63 62.9 63.9 64.8 66 68.2 70.2 72 73.2 74.5 76.2 78.3 80.5 83.5 87.3 90.7 92.8 94.1 95.5 97.1
74.4 73.4 72.4 71.3 70.4 70 69.7 69.1 68.7 68.4 68.4 68.5 68 67.4 67 67.2 66.8 66.6 66.3 66.2 66 65.4 64.9 65.3 64.6 63.7 63.6 62.8 60.8 61.2 61.3 61 60.7 60.8 60.5 60.2 60.8 61.5 63.3 63.4 63.9 62.8 63.7 63.6 64 64.8 64.3 64.1 64.3 63.2 56.8 53.1 65.1 66.6 65.7 64.5 63.1 62.7 62.6 62.4 62.1 62.6 62.7 62.8 62.9 63.1 64.3 65.5 67 68.7 70.4 71.7 72.9 74.5 75.9 77.8 79.9 82.1 85.1 87.6 90.2 93.1 95.2 96.7
74.8 73.6 72.5 71.8 71.5 70.5 69.8 69.2 68.7 68.5 68.1 68.6 68.2 67.1 67 67 67 67.2 66.1 66 65.7 64.7 64.8 64.4 63.5 63.8 63.7 63.2 62.6 61.6 61.6 61.2 60.4 60 59.8 58.7 60.2 61.1 62.3 63.1 63.2 64.1 63.1 63.5 63.7 63.9 63.7 63.1 63.3 62.6 55.1 53.9 65.2 66 65.3 63.8 62.7 62.4 62.3 62.2 62.1 62.3 62.5 62.7 62.7 63.1 64.8 66.2 67.6 69.1 70.3 71.4 72.4 73.9 75.5 77.3 79.2 81.3 84 86.9 89.6 92.4 95 95.7
74.8 73.7 72.5 71.8 70.8 69.8 69 68.6 68.4 68.4 68.1 68.3 68 67.1 66.9 67 67.6 65.8 65.6 65.7 65.2 65.1 64.9 64 63.7 63.7 63.8 63.2 62.7 61.8 61.8 60.8 60.5 60 60.1 59.3 60.2 60.6 61 62.5 63 64.3 63.4 63.5 63.5 63.4 62.8 62.4 62.2 61 52.9 58 65 65.4 64.6 62.9 62.2 62 62 62 62.1 62.1 62.3 62.4 62.5 63.3 65 66.4 67.8 69.3 70 70.9 72 73.5 75.1 76.6 78.6 80.9 83.5 86.4 89 91.7 93 93.5
74.5 73.7 72.6 71.9 70.3 69.3 68.9 68.3 67.9 67.9 67.6 67.5 67.1 66.9 67.3 67.4 65.9 65.6 65.5 65.5 65.4 65.6 64.4 64.4 64.2 64 63.6 63.2 62.6 62 61.8 61.5 60.9 60.7 60.6 60.2 60 60 61.1 61.8 62.9 63.3 63.1 63.1 63.2 62.6 61.8 61.3 61.4 59.6 52.2 62.1 64.7 64.9 64.1 62.2 61.8 61.8 61.9 62 62 62 62.1 62.2 62.3 63.7 65.2 66.5 67.6 69 69.5 70.7 71.5 73.2 74.7 76.2 78.1 80.5 82.9 85.4 87.8 89.5 90.2 91
74.3 72.9 72.4 70.5 69.7 69.2 68.8 67.9 67.7 67.5 67.1 67.4 67 67.2 67.6 66.4 66 65.9 66 66.1 66.3 66.2 65.3 64.9 64.8 64.3 63.7 63.3 62.8 62.5 62.4 62 61 60.5 60.6 59.8 58.4 59.5 60.3 61 61.9 62.6 62.5 63 63 62.7 61.5 60.5 60.3 56.3 52.1 62.4 63.9 64 63.6 62.1 61.3 61.7 62 62 62.1 62 61.9 62.1 62.2 63.7 65.1 66.4 67.5 68.6 69.5 70.3 71.4 72.9 74.5 76 77.6 79.7 81.8 84.2 85.4 86.8 87.4 89.1
74.5 72.6 72.2 70.1 69.9 68.9 68.2 67.9 67.7 67.6 67.8 67.6 67.2 67.3 67.6 66.7 66.4 66.5 66.5 66.7 67 66.4 66 65.7 65.3 64.7 64.1 63.8 63.2 62.8 62.7 61.9 60.6 60.5 60 59.2 59.3 59 59.4 60.2 60.9 61.7 60.4 62.3 62.8 62.5 61.7 61.2 60.1 54.2 51.8 61.7 63 63.1 62.7 61.6 61.3 61.2 61.3 61.8 61.9 60.6 61.8 61.6 62 63.6 65 66.2 67.3 68.4 69.1 70.4 71.5 72.8 74.1 75.6 77.3 78.8 80.4 82.6 85.1 85 86.4 89.1
73.5 72.6 71.6 70.4 69.6 69.2 68.8 68.3 67.7 68 68.1 68.1 67.8 67.6 67.5 67 66.8 67.3 67.4 67.8 67.6 67.2 66.9 66.4 66 65.5 64.5 63.9 63.6 63.5 62.7 61.9 61 60.9 60.3 59.6 59.8 57 59.3 59.5 60 60.6 60 62.4 62.7 62.3 61.8 61.1 60.3 56.5 51.7 58.7 62.2 62.2 61.9 61.3 61.1 60.9 61.5 61.5 61.5 61.3 61.5 61.8 62 63.4 64.8 66 67.1 68.2 69.4 70.6 70.9 72.3 73.7 75.1 76.5 77.9 79.1 80.5 84.8 85.3 87.3 90.3
73.9 72.3 71.3 70.4 69.3 69.3 68.9 68.4 69 68.6 68.5 68.5 67.9 67.5 68.1 67.6 67.2 67.7 68.1 68.1 67.7 67.6 67.4 67 66.6 65.5 65 64.4 64 63.4 63 62.4 61.4 60.6 60.6 60.2 60 59.9 59 58.7 59.5 60.8 61.2 62.4 62.4 62 61.4 60.8 60.2 59.4 52.5 52.1 61 61.3 61.1 60.7 60.7 60.7 61.3 61.3 61.3 61.1 60.9 61.4 62.3 63.5 64.5 65.5 66.6 67.6 68.9 70.1 70.1 71.4 73 74.5 76.4 77.6 79.9 82.1 84.4 86.4 88.8 90.9
74.1 72.7 71.3 70.4 70.3 69.8 69.3 69 69.7 69.2 68.8 68.5 67.9 68.4 68 67.8 67.6 67.5 68.3 67.9 67.6 67.4 67.2 67.1 66.4 65.8 65.3 64.8 64.3 63.8 63.1 62.3 61.7 61 60.5 60.4 59.9 59.2 55.9 58.1 59.3 60.8 63.3 62.3 62.1 61.5 60.9 60.2 60.1 60 58 51.5 57.4 60.4 60.7 59.2 60.3 60.8 61.1 61.1 61.1 60.9 60.7 60.9 62.4 63.3 64.2 65 66 67 67.9 68.7 69.3 70.2 72.1 74.8 76.5 78.2 80.4 82.6 84.6 86.8 88.7 91.3
73.9 72.5 71.2 70.4 70 69.9 69.7 70.1 70.4 69.7 69.1 69.4 67.5 68.5 68.2 68.1 67.9 68.1 68 67.8 67.6 67 67 66.7 66.6 65.8 65 65.2 64.6 63.9 63.1 62 61.1 60.7 60.7 60.3 59.8 59.4 59.1 57.8 59.5 60.8 63.1 61.8 61.6 60.7 60.1 59.5 59.3 59.1 58.4 53.6 53.4 58.7 59.3 59.9 60.2 60.7 61 61.2 60.8 60.3 60.5 61.4 62.4 63 63.8 64.6 65.5 66.5 67.4 68.1 68.8 69.9 72.3 74.4 76.9 77.8 80 82.2 84.5 86.7 88.7 92
73.3 71.9 70.9 70 70.4 70.9 70.8 71 71 70.5 69.4 69.2 69.3 68.9 68.6 68.3 68.2 67.9 67.6 67.4 67 66.1 66.3 65.4 65.4 64.7 64.6 64.4 64.3 63.9 62.8 61.9 60.8 60.3 60 59.5 59.4 59.6 59.1 57.7 59.5 61.1 62 60.6 61 60 59.4 58.8 58.4 58.2 57.9 55.4 52.2 57.1 59.6 60.1 60.1 61.2 61.8 61.6 61.2 59.6 60.5 60.9 61.9 62.5 63.4 64.4 65.3 66.2 66.8 67.4 68.3 69.8 72.1 74.5 76.3 77.4 79.4 81.6 84 86.7 89.1 92.5
71.4 71.2 70.1 70.6 70.6 70.8 70.6 71.1 70.9 70.4 69.9 69.7 69.4 69.1 69 68.6 68.1 67.6 67.1 66.6 66.1 65.8 65.3 64.7 64.4 64 63.8 63.3 63.6 63.2 62.6 61.3 60.7 59.8 59.2 58.8 59.1 58.5 57.8 57.5 59.1 60.4 61.5 59.1 59.5 59 58.6 58.2 57.5 57.4 57 55.5 51.4 56.6 59.4 59.7 60 61.3 61.7 61.1 60.4 60 60.9 61.4 62.1 62.3 63.1 64.1 64.8 66.2 66 66.9 68.1 69.8 72 74.4 76.6 78 79.5 81.6 83.7 86.2 89 91.7
69.7 70.1 70 70.3 72.2 70.5 70.5 70.5 70.3 69.8 66.8 69.4 69.3 69 69 68.3 67.8 67.6 67 66.4 66 65.6 65.4 64.8 64.2 63.9 63.6 63.4 62.3 62 61.3 60.9 60 59.7 58.8 58.8 58.9 58.4 57.7 56.9 58 59.2 59.3 58.2 58.2 57.8 57.3 57 56.6 56.6 56.5 55.6 51.6 55.9 58.7 59.8 60.5 61.3 61.4 60.7 59.2 60.4 61.3 62.2 62.4 62.9 63.9 64.7 64.7 65.2 66 66.8 68.2 69.9 72.2 74.5 76.8 79.3 81 82.8 84.6 86.6 89.3 92.6
67.8 68.3 71 69.5 69.7 70.5 70.1 69.9 69.6 69.5 69.2 69.2 69 68.8 68.7 68 67.6 67.6 66.9 66.3 65.9 65.7 65.6 65.4 64.8 64.5 64.3 63.5 63.2 62.1 61.7 60.9 60.2 60.1 59.6 59.2 59.4 59.1 58.7 57.4 56.6 57.5 57.9 58.6 56.4 54.8 54.1 53.7 53.9 55.4 56.1 56.2 51.2 54.8 58.1 59.4 60.6 61.1 61 60.3 59.3 60.6 61.3 62 62.4 63.1 64.2 65.3 66.1 66.3 66.6 67.1 68.7 70.6 73 75.4 77.2 79.7 82.2 83.8 86.1 87.7 89.5 93.9
67.2 70.9 68 68.4 66.8 69 66.4 66.8 69.5 67.4 69.5 69.3 68.4 68.7 68.5 68.1 67.7 67.4 66.8 66.3 65.9 65.8 65.7 65.3 64.9 64.7 64.7 64.2 63.5 63.2 62.3 61.2 60.8 60.5 60.2 59.9 59.6 59.3 59.2 59.2 58.9 58.9 58.4 59 54.7 55.8 55.9 54.7 53.2 52.8 54 55 51.6 54.8 57.8 59.4 60.5 60.7 60.4 58.4 60.3 60.8 61.4 62.2 62.5 63.1 64.3 65.3 66.5 66.6 67.1 67.7 69.6 71.4 73.3 75.6 77.5 80 82.5 85 87.1 89.5 91.4 95.7
66.2 66.5 67 66.3 66.4 66.6 66.3 66.5 65.6 67.3 67.6 67.7 68.7 68.1 68.2 68.1 67.8 66.8 66.8 66.4 65.8 65.4 65.7 65.3 65 64.9 64.8 64.7 64.3 63.5 62.6 61.6 61.4 61.4 60.8 59.7 59.5 59.6 59.7 59.8 59.3 58.8 58.7 57.5 57.4 57 56.9 56.1 55.1 53.8 52.8 52.2 51.5 55.8 58.2 59.4 59.8 60.2 58.7 60 60.4 61.5 62.2 62.4 62.8 63.4 64.1 64.9 66.4 66.6 67.3 68.5 70.3 72.2 74.2 75.9 78.1 80.3 82.8 85.9 88.2 90.6 94.1 99.1
68.9 65.9 65.8 66 66.6 66.8 66.6 67.4 66.8 67.2 67.3 67.6 67.2 67 67.5 67.9 66.9 66.3 66.1 65.8 65.6 65.1 65.6 65.4 65 64.9 65.1 65 64.4 63.8 63.1 62.3 62.2 61.6 60.9 59.9 60 60.1 60.3 60.2 59.8 59.1 58.9 58.5 58 57.3 56.8 56.4 55.8 55.2 54 51.1 52.2 56.6 57.8 58.8 58.7 57.1 59.5 60.3 60.9 61.8 62.2 62.6 63 63.6 64.4 65.3 66.2 66.9 67.6 69.3 71.1 72.8 74.7 77 79.6 82.2 84.7 86.7 89.3 91.3 94.1 103.3
63.7 64.4 64.6 64.6 66.2 66.8 66.5 66.4 66.8 66.8 66.7 66.5 66.4 66.6 66.8 67.3 66.7 66.5 65.5 65.3 65.1 64.8 65.1 65.3 64.7 65.2 65.3 65 64.8 64.7 64 63.2 63 62.8 61.6 60.9 60.3 60.7 60.9 60.6 60.3 59.9 59.2 58.8 58.3 58.1 57.4 56.8 56.2 55.4 54.4 50.8 52.8 56.3 57 55.4 58.3 59.5 59.9 60.6 61.3 61.9 62.4 63.6 63.6 64 64.9 65.7 66.5 67.2 68 70 72 73.3 75 77.5 80.6 83.6 86 88.2 90.3 92.2 96.4 107.8
62.8 63.2 63.3 63.2 63.1 66.1 66.7 66.6 66.7 66.6 66.4 65.6 66 66 66.5 66.5 66.1 65.6 65.1 64.8 64.6 64.5 64.4 64.4 63.9 64.8 65 65.2 64.9 64.7 64.6 64.1 64.1 63.7 62.5 61.9 61.2 61.1 60.9 61 61.1 60.9 59.9 59.5 58.5 58.5 57.8 56.8 55.4 54.3 53.1 51.7 52 53.9 55.3 57.3 58.2 59.5 60.2 60.9 61.5 62 62.6 63.3 64.3 64.4 65.3 66.1 66.8 67.5 68.5 70.3 71.9 73.6 75.7 77.9 81.4 84.5 87.4 89.7 92.2 94.4 101.8 110.2
61.1 62.3 62.6 62.8 63 63.2 66.6 66.6 66.7 66.4 65.5 64.9 64.8 65 65.8 65.6 65.3 64.9 64.7 64.5 64 63.7 63.3 63.1 63 63.7 64.6 64.8 64.3 64.3 64.7 64.3 65 64.2 62.8 62.3 61.9 61.8 61.9 61.7 61.2 61.3 60.7 60.2 59.5 58.8 57.7 56 54.3 51.9 51 50.6 53.1 55.1 56.2 57.6 58.5 60 60.9 61.7 61.7 62.2 62.7 63.2 63.8 64.2 64.8 65.5 66.5 67.5 69 70.8 72.6 74.4 76.3 79.2 82.2 85.4 87.8 90.6 92.8 97 106.6 115
59.7 59.5 62.8 62.7 62 62.8 63.5 65 66.6 66.2 63.8 63.7 64 64.6 65.2 65 64.8 64.4 64.3 64.2 63.7 62.7 62.7 62.6 61.6 61.9 63.1 63.4 63.2 63.8 63.7 63.5 64.2 63.3 62.5 61.5 61 61.4 61.3 61.3 61 60.2 59.9 59.6 59.5 58.2 56.9 55.5 54 50.6 50.3 51.4 53.8 55.5 56.8 57.7 58.8 60.5 61.2 61.9 61.9 62.3 62.9 63.1 63.4 63.8 64.5 65.2 66.3 67.4 69 70.8 72.4 74.1 76.4 78.9 81.9 84.5 86.9 89.7 92.7 101.2 108.2 116
60.8 58.1 60 62.4 61 61.6 62.6 63.4 64.6 63.3 62.3 62.8 63.5 63.6 64.6 64.5 64.1 63.6 63.3 62.6 63 60 61.1 60.9 60.3 60.6 61.7 62 62.7 62.9 62.9 62.9 63.6 61.2 61.1 61.1 60 60.4 60.5 60.7 60.3 59.6 59.2 59.1 58.6 57.2 55.7 54.3 51.4 50.3 50.2 51.5 53.4 55.2 56.7 57.8 58.9 60.6 61 61.7 61.6 62 62.6 62.8 63 63.4 64 64.7 65.9 67.3 68.9 70.7 72.2 74.4 76.7 79.5 82.1 84.4 86.7 89.5 94.1 107.9 116.8 120.9
60.6 58.6 58.1 57.9 60 60.3 61.8 62.9 62.9 62.2 61.9 62.5 63.5 63.6 63 63.4 63.3 62.3 60.9 58.7 61.4 59.4 59 59.2 59.3 59.8 60.2 60.8 61.9 61.1 60.9 60.7 60.6 60.4 60.3 59.8 59.4 59.1 59.4 59.6 59.6 59.4 59.1 58.9 57.3 55.6 54.3 52.7 51.3 50.6 50.5 51.4 53.6 55.5 56.7 58.3 59.1 60.4 60.6 60.6 60.9 61.7 62.6 62.6 62.6 63.2 63.8 64.4 65.7 67.3 68.9 70.7 72.9 75.6 78.1 80.7 83.4 85.8 88.2 91.2 96.6 114.3 122.5 92.8
62.3 60.8 59.7 57.2 56.8 59.9 61.4 62.1 62.3 62.3 61.9 62.6 62.2 61.4 61.6 60.6 61.2 59.5 54.9 52.1 53.4 54.7 57.4 58.4 58.5 58.9 59.4 59.7 60.4 60.3 60.3 60.2 60.1 60 59.3 59.2 58.9 58.7 58.6 58.5 58.3 58.6 58.3 57.8 55.9 56.7 52.5 48.8 47.6 50.6 49.9 51.8 53.8 55.4 56.4 57.9 58.6 59.4 59.4 59.5 60.1 61.3 61.7 61.9 62 62.2 63.4 64.6 65.6 67.1 69.3 71 73.4 76.2 79 81.6 84.3 86.9 89.5 92.4 105.4 120.7 103.4 93.3
63.2 61.4 59.9 59.3 56.4 58.1 60.3 61.6 62 61.5 61.9 62.7 61.8 60.5 60.1 58.9 55.2 49.8 45.6 45.3 45.2 45.3 45.4 51.3 56.9 57.8 58.5 58.4 59.6 60.1 59.8 59.7 59.5 60.1 58.6 58.5 58.4 58.3 58.3 58.4 58.3 58.1 57.4 56.3 54.7 56.1 50 47.2 50.1 49.5 54 54.2 54.1 55 56.4 57.6 58.3 58.5 58.3 58.3 59.5 60.3 60.8 61.2 61.8 62.2 63.4 64.6 65.8 67.3 69.6 71.8 74 76.9 79.7 82.4 85.2 87.9 90.7 93.5 113.3 126.4 92.5 93.1
62.2 62 60.5 59.1 57.1 57 58.4 60.7 61.2 60.4 61 63.9 63.1 60.6 55.9 50.6 48.7 45.3 49.6 49.4 49.4 49.4 49 45.2 45.4 55 57.4 57.3 57.2 58.7 59.6 58.5 58.7 58.5 58.3 58.1 58.4 58.3 58.4 58.5 58.5 58.2 57.2 56 54.2 53.3 48.4 48.4 48.1 54.5 55.4 55.3 55.3 54.9 55.1 57.1 57.3 56.2 57.7 58.2 58.8 59.3 60.4 61.4 61.8 62.6 63.8 65 66.4 67.9 69.8 72.1 74.7 77.6 80.4 83.2 86.1 88 90.5 106.8 120.8 94 95.1 93.9
63.5 61.4 59.9 59 57.8 55.9 58.3 59.9 60.8 59.6 59.1 63.1 62.6 55.7 49.1 49.1 47.6 45.1 49 49.4 48.8 48.4 48.4 49.2 47.8 45.4 54.3 54.8 55.4 55.4 57.4 57.7 57.5 57.4 57.9 58.3 58.6 58.5 58.6 58.6 58.6 58.6 57.5 56.3 54.6 52.3 49.8 51.7 53.9 55.7 56 56.2 56.4 56.5 56 54.8 55.5 57.1 57.9 58.5 59.3 60.3 60.9 61.3 60.9 63.1 64.2 65.4 67 68.6 70.2 72.7 75.1 77.9 81 84 85.4 87 93.1 118.6 127.9 93.8 94.8 94.5
62.6 60.8 59.5 58.7 57.3 56.1 56.9 58.5 58.8 57.8 57.1 60.5 56.5 49.5 49 48.5 45.3 49.5 48.5 48.6 48.5 48.2 48 47.9 48.9 48.5 45.5 53.5 52.4 52.9 55.2 55 55.8 56.5 57.5 58.7 58.8 58.9 58.8 58.8 58.4 57.7 57.8 55.4 55.4 52.1 53 51.3 54.9 56.9 57.2 56.6 56.7 56.9 56.8 56.4 55.5 57 57.4 58 59.5 60.4 61 61.3 62.2 63 64.5 66 67.4 69.4 70.9 72.9 75.2 77.6 79.4 81.8 84 87.5 112.1 125.3 117.7 94.6 96.2 95.4
62.1 60.2 59.2 58.2 56.6 55.2 56.4 57.3 56.6 56.8 54.9 55.8 51.7 49 48.9 45.4 48.1 48.9 49.1 49 48.6 48 47.9 47.8 48.1 48.5 45.3 52.4 53.2 52.1 52.1 52.3 54 56.1 56.6 57 56.8 56.5 56.5 56.3 56.4 57.1 56.9 56.5 54.1 51 55 48.4 54.9 56.6 57.2 57.7 56.9 56.9 57.3 57.2 57.4 57 57.2 57.8 59.1 60 60.8 58.6 62.2 63.1 64.8 66.4 67.8 70.1 72.3 74.5 76.7 79 80.4 82.3 84.5 98.6 127 131.3 118.6 94.1 106.9 98.9
