public/OST50/SJ97.asc
ncols 200
nrows 200
xllcorner 390000
yllcorner 370000
cellsize 50
[rows 105 to 139 of 200, columns 0 to 77 of 200]
151.4 152.4 158.1 156.5 157.4 156 154.5 150.4 147.9 146.7 143.8 142.2 141.9 141.5 137.2 137.7 138.8 140.5 140.4 140.4 139.4 129.4 120.6 116.6 122.8 125.9 142.8 142.8 140.9 134.3 131.8 132.1 132.8 133.8 132.7 132.5 136.1 136.2 135.5 136.3 137 138.2 138.9 138.8 139.7 141.2 142.4 143.4 141.9 141.9 145.9 147.8 147.6 148.2 150.8 154.8 154.5 156.4 156.2 161.1 166.4 175.2 183.4 186.8 189.7 191.4 193.3 193.6 199.3 211.6 215.6 214.5 222.8 233.2 245 249 252.2 256.5
154.4 154.4 155.8 156.2 157.6 157.7 155.9 152.6 149.1 147.7 147.9 145.4 143.9 143.3 141.1 139.1 140.1 140.2 140.4 141.2 141.7 136.3 127.7 118.1 117.9 126.6 133.8 143.1 140.4 128.8 129.7 131.1 132.1 130.2 130.4 134.6 136.6 135 137 135.5 137.2 138.6 138.5 138.7 139.7 141.4 143.8 145.1 144.7 142.9 145.4 147.8 151.7 152.7 150.6 151.2 149.5 151.7 153.6 161.5 170.7 172.4 175.6 180.6 185.4 189.6 192.2 196.1 203.8 211.5 218 223.4 228.6 238.8 257.6 263.7 263 262.9
156.8 156.4 156.2 156.3 155.5 155.2 153.4 151.8 152.4 152.5 152.8 149.9 147.6 145.2 143.3 141.2 140.6 140.5 141 142 141.3 137 125 118.3 118.4 122.1 127.3 134.2 122.9 124.6 123.8 125.7 127.1 127.8 129.7 132.3 129.8 134.4 135.5 135.9 137.4 138.9 138.4 139 140.4 142 146.7 148.1 146 144.5 145.3 147.4 150.6 149.9 148.7 148.1 148.8 149.8 154.4 163.7 166.1 166.5 170.5 177.2 183.6 189 194 198.6 202 213.7 221.1 228.5 233.3 244.7 263.4 268.6 267.7 266.6
157.8 155.7 157 157.7 153.8 151.3 150.3 153.9 154.3 154.8 154.5 152 148.9 146.8 144.9 143.2 141.6 141.2 140.5 141.1 141.4 136.3 125.1 118.6 118.8 121.5 122.6 125.2 121.8 125.5 123.2 122.4 123.4 126.3 127.5 128.4 134.5 136.2 138.2 136.7 138.3 139.3 138.9 138.5 140.7 143.4 146.8 146.4 145.3 145.6 146.2 146.5 147.6 147.9 147.9 149.8 152.8 153.3 155.8 161.9 161.8 163.4 169.3 175.6 182.2 189.8 194.6 199.3 208 220.2 226.9 232 238.9 247.7 264.2 271.5 271 269.3
155.6 155 157 158.3 156.3 153 153.4 153.1 152.7 153.5 153.4 149.8 149.2 148.4 146.6 144.7 141.9 139.9 138.3 138 137.4 134 125.5 118.4 119.6 120.8 121.2 121.4 125.4 127.8 121.2 121.1 120.9 122.4 123.4 126 133.4 137.6 137.2 137.1 139.3 139.5 138.7 138.4 139.6 141.5 146 145.1 145.6 146.4 146.7 149.9 148 147.6 147.6 148.7 155.2 154 153.9 159 160.1 162.7 168.9 174.7 182.3 190.6 194.6 200.9 208.8 220.1 235.4 240.8 243.3 252.4 263.9 273.4 273.7 272.1
153.4 153.4 155.7 157.2 156.3 153.8 152.3 153 153.4 154.1 151.5 148.2 147.9 147.3 146.2 144.4 141.1 141.3 140.4 137.1 134.4 133.6 133.2 118.1 118.3 119.6 120.2 120.5 127.1 130.9 128.9 125.6 122 122.6 120.8 123.7 132.7 133.5 133.3 137.3 139.2 139.2 137.9 137 138.6 141.5 144.4 143.6 145.3 146.5 148.2 151.8 151 147.8 148.3 149.6 153.4 156.4 155.9 157 160.4 164.4 166.8 173.3 182.8 190.9 195.2 202.3 214.6 221.4 240.6 248.8 248.2 253.7 262.5 272.9 276.4 274.2
152.8 152.1 153.8 156 153.4 149.8 149.7 151.3 152.9 152 149.7 148.4 148.2 147.1 147.1 146.5 145.2 147.5 146.5 144.6 139.1 135.1 132.1 133.6 121.5 119.5 120.4 130.7 131 133.4 135.6 135.6 124.4 124.1 124.1 123.4 132.3 129 130.2 134.5 136.7 137.5 137.5 136.7 136.5 137.3 141.5 143.7 145.5 146.3 146.8 153.9 150.5 147.8 149.8 151.7 154.3 157.8 157.6 157.7 161.5 164.4 166.1 171 181.6 189 194.1 203.3 214.6 220.9 244.1 254.9 255.8 256.2 263 272.4 276.1 276.2
151.3 151.3 151.8 151.3 151 149.5 147.4 147.9 150.7 151.7 150.2 148.7 148.8 147.6 147.1 148 148.6 149 148.5 146.9 139.2 130.7 126.4 135.4 135 135.5 135.3 136.2 135.1 135.7 138.2 138.2 139.8 137.3 124.3 124.4 131.2 123.7 125.6 128.9 132.2 135.2 135.1 133.3 135.1 137 140.5 144.2 145.9 147.6 146.2 150.1 148.1 146.3 150 151.2 153.1 157.8 157.6 158.1 158.5 162.7 163 168.3 177.1 187.1 193.6 203.5 210.1 222 250.1 253.4 260.1 259.7 264.5 270.3 274.2 275
150.2 150.7 151.3 151.1 150 148.5 147.3 148 149.7 151.2 151.3 150.7 150 148.7 147.5 148.8 149.2 149.2 147.2 144 133.3 127.3 138.7 138.1 135.7 136.8 136.9 137.4 137.5 136.8 139.3 140.8 142.2 139.5 134.1 128.3 131.1 126.9 124.5 125.7 128.8 132.3 132.9 132.8 134.1 136.4 139.1 142.8 142.4 145.5 143.7 143.3 143.6 147.6 148.8 150.6 151.5 152.7 154.4 157.5 158.6 160.6 161.2 166.3 174 185.4 194.7 206 213.3 224.5 247.1 262 258.3 264.2 265.1 268.9 272 271.9
150.1 150.7 150.9 150.7 149.5 148.5 147.3 148.2 148.5 149.6 151.2 151.4 149.8 148 148.7 149.1 148.7 148.3 145.5 133.1 126.8 141.7 146.9 141.2 138.1 137.4 138 138.5 138.9 140.9 141.5 142.3 143.1 142.4 138.4 133.4 131.4 128 121.6 125.3 127.1 128.7 130.1 132.4 133 134.1 137.7 140.7 141.6 141.9 142.1 142.7 144.4 145.7 148.3 153.7 154.6 153.1 155.5 157.1 160.9 159.5 160.9 164.9 169.8 184.3 194.6 206.4 214 225.6 239.8 260.8 267.4 266.9 267.6 267.8 270.5 275.1
150.5 150.7 150.5 149.6 149 148 147.4 147.7 147.4 147.1 148.3 150.3 149.4 148.6 148.4 148 147.7 146.9 139.8 130.9 138.7 145.8 147.5 143.7 140.2 138.2 138.8 139.3 144.9 143.7 143.1 143.7 144.6 144.2 139.5 134.5 132 131.2 128.5 125.8 127.2 128.2 129.2 130.8 132.2 133.6 136.4 137.9 139.5 143.7 145.4 146.3 145.7 149.3 152.6 155 155.5 155.8 158.5 159.1 161.9 160.9 161.9 166 170.9 186.2 194.4 201.6 212.9 229.6 239.6 257.1 267.8 271.1 269.6 269.4 272.7 277.5
151 150.5 150.4 149.8 148.7 147.7 147.3 147 147.3 148.6 152.8 145.5 148.9 146.6 146 145.5 146 143.1 139.4 141.3 145.6 146.8 146.4 145.4 142.5 138.4 139.3 139.8 143.3 146.3 146 146.1 146.1 144.5 139.8 129.3 131.5 131.8 130.4 129.6 125.8 127.5 129.1 131 132.7 134 136.3 137.7 141.3 144.7 147.8 149.8 150.2 150.5 151.8 154.8 155.9 154.9 159.1 160.6 158.1 161.4 163.2 167.5 174.2 185.5 193.8 202.2 212.7 228 240.7 250.8 268.1 276.1 274 273 276.4 281.2
151.7 150.6 151.4 151.6 150.8 149 148.5 148 148.7 155.5 153.2 151.3 149.8 142.8 141.7 142.4 144 143.9 144.7 146.4 147.4 147.6 146.6 145.8 145.5 145.6 141.4 143.2 146.2 148.7 148.8 148 146.9 144.5 140.4 136.5 129.9 134 130.7 128.9 124.8 126.6 128.9 130.1 131.6 134.2 134.4 136.5 139.8 143.4 148.5 150.5 148.8 150.6 151.9 154.6 157.6 156.4 158.6 159.2 161.5 162.5 166.3 171.9 179.9 188.2 193.2 201.5 210.9 222.6 238.9 251.4 262 278.5 280.3 276.5 277.1 283.2
152.7 152.7 153.1 153.1 151.2 149.2 149 149 150 152.9 152.9 152 151.4 149.8 148.2 144.7 144.7 145.9 146.9 148.3 149.2 148 147.1 146.3 146 146.2 144.2 146.2 147.6 150.7 150.3 150 147.9 144.5 141 137 129.4 134.8 130.2 130 127.4 127.3 127.7 128.9 131.4 133.6 134.3 136.8 136.4 137.6 138.4 139.6 141.3 145.3 151.4 154.4 158.7 158.8 160.6 161.4 163.8 165.4 169.3 174.4 183.7 188.2 193.3 199.9 207.4 219 235 250.1 259.6 267.3 282.1 279 276.7 282
154.4 154.7 154.3 153.2 151.2 149.2 149.4 149.7 150.4 152.7 152.8 151.7 151.8 151.4 150.8 149.4 149.1 148.8 150 150.3 150.7 148.9 147.7 147.3 147.1 146.8 145.9 150.4 153.8 152.5 152.7 151.4 148.6 145.4 142.2 138.1 135.7 134.8 133.5 131.7 126.6 127.6 127.7 130 132.9 134.9 136.5 137.5 140.6 143.3 143.9 144.6 149.6 147.4 144.6 153.9 157.2 158 158.1 162.2 164.8 168.5 171.8 176.6 183.3 187.9 192.9 198.9 205 215.1 228.3 246.6 259.2 265.4 269.6 271.9 270.8 273.3
156.7 155.9 155 153.7 151.7 149.2 149.7 150.3 150.8 152.2 151.8 150.7 150.1 149.5 148.8 149.4 150.4 150.7 151.3 151.6 152 150.4 149.2 149.9 149.3 147.4 147.3 148.5 152.6 152.5 152.4 153 150.4 148.2 145.2 142.4 139.8 130.8 131.6 128.8 127.9 127.5 129.4 131.6 134.7 137.2 137.7 137.4 140.2 144.8 145.5 145.9 152 154.9 145.6 149 151.2 154.4 157.5 161 163.3 167.3 174.3 176.4 180.2 186 190.4 196.4 201.2 210.4 223 239.4 255.8 261.4 264.5 264.3 264 262.6
157.5 156.4 155.6 154.6 152.6 149.6 149.1 149.4 149.8 151 153.1 149.6 149.6 149.1 148.6 149.3 150.4 151.5 151.9 152.3 152.6 152.1 151.4 151.3 150.4 149.1 149.3 150.4 152.1 152 152.3 152.8 151.9 151.8 149.1 148.7 143.8 130.6 132.7 126.2 127.6 128.6 130.5 135 135.9 139.4 140.2 137.5 141 138.1 147.1 148.3 149.4 151.9 157.7 150.6 150.8 153.1 157.9 159.2 161.7 165.6 169.8 176.4 179.6 184 188.9 193.4 199.1 207.7 218.3 233.1 254.3 260.6 259.7 256.6 249.5 249.1
158.6 156.8 156.1 155.2 153.2 150.3 150 149.5 150.9 153.4 153.7 151.6 149.9 149.8 148.5 147.8 150.2 151.9 152 152.1 152.3 152.2 151.2 150.5 148.7 148.2 150.3 151.2 152.1 152.2 152.3 152.3 152.4 152.4 151.7 150 147.5 135.7 129.7 127.6 129.3 131 133.5 135.5 135.6 142 142.2 141.9 143.1 146.9 147.9 148.5 149.6 150.3 158.5 158.7 158.7 156.7 158.4 159.4 161.7 162.8 166.6 171.7 177.4 182.6 186.8 192.4 198.3 204.7 214.3 228.2 239 256.3 259.4 256.5 239.1 234.4
160.1 157.6 156.3 154.3 154 151.6 152.4 152 150.3 152.7 153 152.9 153.1 152.7 150.3 147.9 150.9 151.9 151.7 151.3 150.8 151.5 150.1 149.3 147.5 147.4 150.1 151.1 152.1 152.4 152.5 152.3 152.4 152.4 152 151.3 148.3 132.9 128 129.2 130.2 131.6 133.1 135.5 138 142.6 143.8 144.6 147 148.8 149.8 149.2 149.8 150.4 148.3 159.5 161.4 159 160.1 163.8 163 164.1 166.5 170.4 175.9 182 186.1 191.2 196 201 209.1 219.4 233.3 239.6 240.3 239 231.6 227.6
160.3 158 155 157.2 158.3 157.9 154.7 153.5 152.8 153.8 151 150 151.7 157.1 156.7 152.1 151.6 150.8 149.6 149.2 150.7 151.1 150 149.9 148.6 148.2 148.7 150.7 152.1 152.7 152.5 152.1 152.2 151.9 151.5 151.1 150.7 130.7 132 129.7 131.2 133 134.5 135.6 139.6 143.3 145.5 147.3 148.2 149.2 152.6 152.6 152.1 151.8 154.2 152.2 158.5 158.2 158.8 165 165.8 167.6 167.2 171.3 177.6 180.3 186.1 190.9 194.7 198.8 203.8 208.9 214.7 223.1 224 219.6 217.3 215.2
158.9 157.5 155.5 156.5 158.6 157.8 154.9 154.5 155.4 157.6 152.9 149.9 150 154.6 157.9 153.8 151.5 149.4 148.8 149.3 151.1 151.5 151.1 151.1 150.5 148.6 148.3 149.1 151.2 152.7 152.4 152 151.8 151.8 150.9 150.7 149.8 130.5 132.7 129.5 132.3 134.6 136.9 138.9 140.6 143.2 146.9 149.5 152.2 152.9 154 155.6 157 158.6 157.6 158.7 159.2 161.1 160.4 166 168.3 171.8 173.8 175.5 175.2 176.8 183.9 183.7 191.7 197.6 200.6 203.1 206.4 208.1 208.7 206.9 211.8 217.3
159.1 156.2 154.6 154.2 153.1 154.8 155 153.4 152.5 155.1 149.5 147.8 148.4 151.1 151.9 151.9 150.4 148.6 147.7 150.9 152 152.5 152.2 152.1 151.3 151.2 147.9 148.7 150.9 151.6 152.1 151.6 150.8 149.1 148.1 149.8 144.4 129.3 131 131 133.1 137.1 139.8 140.6 141.8 143.6 146.9 150 152.9 155.3 158.6 159.7 160.6 161.5 158.1 161.3 163.9 164.3 165.5 166 168.2 173.9 178.1 179.8 178.7 184.8 187 189.9 185.2 193.6 197.7 198.4 197.7 201.1 206.6 214.4 226 236.1
159 156.1 154.2 153.7 153.8 153.7 150.2 152.5 148.7 146.7 147.2 145.3 144.9 146.5 148.8 148.7 148.3 146.6 147.1 150 151.7 151.6 148.7 149.3 149.4 148.1 147.5 148.5 150 150.6 151 150.6 149.8 148.9 143.6 138.4 134.8 131.2 132.4 134.4 134.6 142.6 141.5 141.5 143.1 145.1 148 152.4 156.2 159.3 159.5 160.5 161.3 161.8 164.7 157.5 163.7 167.4 166.9 167.2 169.5 173.9 181.1 183.6 184.1 186 188.6 191.6 193.7 193.4 189.7 196.4 204.4 211.4 217.6 230.3 238.6 246.3
156.9 155.6 154.6 154.5 154.5 154.6 154.3 154.4 148.6 143.5 144.6 143.4 143.3 144.2 144.1 143.4 143 144.2 143.2 148.7 149.6 146.8 141.6 140.3 143.3 145 146.6 148.8 148.8 149.2 149.6 149.5 149.2 148.6 147.8 139.4 132.5 131.3 131.5 133.8 140.9 144.2 144.7 144.8 145.2 146.4 149.8 153 156.3 159.3 161.8 161.5 161.1 163.9 166.4 165.6 163.4 166.9 169.3 170.9 175.2 177 181.3 184.2 185 188.2 190.9 192 193.7 196.3 198.5 203.9 211.2 223.5 231.8 248.7 257.6 260.9
156.1 155.1 155.6 155.2 154.7 154.2 154 153.5 148.5 146.3 148.8 144.3 142.3 140.6 143.1 143.9 149.7 148.5 146 147.4 148.6 142.3 143.2 142.8 146 145.5 146.5 148 147.7 147.9 148 148 148.3 147.6 145.5 138.8 134.7 131.4 131.2 134.4 143.9 146 146.4 146.7 147.3 148 149.5 152.2 156.8 160.2 162.1 161.7 163.3 165.8 166.2 166.3 165.7 165.8 171.4 176.4 179 181.6 182 182.8 184.8 186.6 190.1 192.6 195.4 197.8 203 215.2 225.4 237.9 263.3 265.4 270.1 267.4
155.9 156 156.5 155.8 154.8 153.8 153.7 149.8 146.7 145.7 147.3 145.1 144.6 144.5 144 149 152.1 149.9 149 149.5 149.1 148.7 148.7 148.4 146.9 145.2 145.1 144.7 145.2 146.8 147 147.1 147.4 146 143.4 138.5 136 133.4 131.3 131.1 140.9 147.2 148 148.6 149.4 150.3 150.1 153.2 157.7 158.8 162.9 164.1 165.3 166.5 166.7 166.6 166.5 169.5 169.1 175 174.9 181.1 184.8 185.5 186.3 187.9 190.8 193.5 197.2 203.9 213.7 221.4 231.9 247.9 264.1 276.8 279.7 275.9
157.8 157.6 157.7 157.2 154.9 153.9 153.1 145.8 149.5 148.9 148.7 146.4 145.2 144.8 145.8 151.3 151.8 149.1 149.6 150.4 150.4 148.6 149.3 147 146.5 144.9 143.7 142.6 142.4 144.3 145.8 146.7 146.7 144.3 140.9 137 134.3 133 132.1 131.2 138.3 147.2 148.9 149.4 150.8 152.2 153.8 155.1 158.6 158.4 160.8 163.9 165.3 166.8 168.5 169.8 170.3 172.8 173.6 175.1 180.7 182.2 184.8 185.5 187 189.7 192.4 196.4 203.4 211 218.3 226.4 236.8 251.7 269 281 289.2 283.8
159.6 159.3 158.8 157.8 156.3 155.3 152.5 146.9 152.5 149.2 148.1 147 145.9 145.2 145.4 150.3 151.6 149.8 150 150.7 153.4 148.8 147.8 146.1 146.5 144.8 143.8 144 141.1 139 141.8 143.8 146.6 144.5 140.2 136.8 134.5 133.6 132.6 132 134.9 145.4 148.7 149.7 151.9 153.6 155.2 157.4 158.5 160 164.3 164.8 165.2 167.9 171 172 173.8 175.8 179 180.9 181.1 184.1 184.6 185.9 188.4 191.8 194.7 199.9 207.4 215.1 222.1 231 240.2 253.1 273.7 287.4 295.5 290.6
158.5 158.8 159.6 158.7 157.1 156.1 154 147.3 155.2 153.5 146.8 148.6 146.2 147.7 146.5 150.5 150.5 150.3 151.7 158.8 154.5 149.5 146.1 144.8 145 145.3 146.6 147.4 144.9 140.3 138.4 140.8 145.7 144.1 138.3 136.8 134.7 133.7 132.6 132.9 134.4 141.3 147.9 148.5 151.9 153 155.5 157.9 158.4 161.1 165.6 167.4 168 169.9 173.1 174.8 176.7 179.8 182 182.1 183.5 185.1 186.2 187.3 190.3 193.4 197.2 202.1 210 218.7 224.5 233.3 243.1 255.5 269.4 289.9 301.3 297.9
155.2 157.7 158.7 158.9 157.9 157 157.2 148.4 154.5 157.3 156.9 153.2 152.8 153.1 150 150.8 150.7 151.1 152.5 154.9 154.9 149.4 146.6 142.2 143.9 146.7 147.8 147.5 146.1 143.3 139.2 137.8 137 137.3 136.5 135.5 135.4 134 132.7 132.2 136.5 138.6 147.1 149.8 151.5 153.5 154.3 157.4 158 159 166 168 170.5 173.5 176.1 177.6 179.7 181.8 184 183.9 184.6 186.5 187.1 189.7 192.6 195.1 199.5 204.8 210 220.5 229.3 237.1 244.6 257.5 266.5 287.3 302.6 304
153.5 154.3 155.5 157.3 157.3 157.4 156 148.3 154.8 157.4 157 156.7 157.5 156.7 153.1 151.6 151.5 151.9 152.9 153.8 154.8 150.9 148 145.4 146 148.4 147.9 147.5 145.2 143 140.6 138.6 137.6 136.8 136.8 136.6 136.7 135.1 133.4 132.3 134.6 135.1 148.4 150.5 151.4 152.3 154 155.7 158.4 159.1 164.7 166.2 170.6 175.2 179.3 181.3 181.7 183.6 184.8 184.3 184.1 185.6 187.8 191 194.3 198.3 201.5 205.8 210.9 221.4 229.9 237.4 245.4 254.7 266.7 284.3 300.5 307
152.8 151.9 152 152 155.8 154.3 148.1 153.4 155.6 157.4 157.4 158.1 161.1 160 156.9 154.2 153 153.4 155.3 153.9 152.9 150.7 148.4 147.4 148.1 148.6 148.2 147.5 146.4 144.8 142.4 140.1 139.2 138.6 137.8 138.2 138.9 137.2 135.2 133.5 133.7 135.3 147.5 150.8 151.7 152.7 153.6 154.3 157 158.4 162.7 164.7 170.5 175.2 179.8 183.1 184.4 185.2 185.6 184.8 184.3 184.9 187.1 192 196.9 201.6 204.5 208.2 212.7 223.4 231.3 238 245.7 254.8 265.4 278.4 292.1 301.6
153.2 151.9 151 150.5 150.7 151.2 155.3 156.7 157.3 157.4 157.6 159.2 163.8 163.5 159.2 156.9 154.8 154.6 155.9 155.3 153.1 151.2 150.4 148.7 148.8 148.9 148.4 147.1 145.8 145.5 144.2 142.4 140.8 140.5 139.1 141 141.1 139.4 136.4 132.6 133.9 136 148.3 150.9 151.5 149 151.5 153.4 156.2 158.2 158.1 162.5 169.2 175.4 180.1 184.4 185.4 186.7 186.4 184.9 184.9 187.3 190.4 195 202.6 206.3 209.1 212.7 214.7 222.8 233 239.2 245.2 254.3 262.1 272.6 282.8 293.7
154.3 152.7 150.3 149.5 151.5 154.1 156.3 158.3 158.6 158.1 157.4 158.2 162.1 164.1 159.3 158.3 155.9 155.2 155.7 156 154.2 152.4 150.5 149.9 149.6 149.2 148.7 147.3 146.3 146.7 145.4 144.1 142.5 141.8 142.6 143 142.8 140.4 137.9 135.4 134.8 135.1 147.6 150.3 148.8 149.1 151.3 153.3 155.4 158.8 159.7 162.4 168.8 174.3 178.5 183 186.4 186.7 190 185.3 187.2 191.5 193.1 199.3 207.4 210.6 214.5 218.8 222.8 226.5 234.3 240.8 244.4 253.2 260 265.6 274.1 281.1
154.6 153 150.9 150.8 152.5 153.9 155.9 158.9 160.1 159.4 158.7 157.9 159.3 161.1 159.1 157.8 156.7 156.1 157.5 157.5 156.5 154.5 151.8 150.6 149.7 149.4 151.9 150.3 148.2 146.6 145.5 144.4 142.7 143.1 143.4 144.2 144.4 142.6 139.5 136.5 135.1 135.5 140.7 142 147.1 148.9 154.5 154.9 156.1 158.6 160.1 162.4 166.7 171.6 175.1 178.7 184.6 185.3 185.3 185.3 195.5 198.6 200.6 207.3 213.1 216.8 219.3 222.6 224.5 228.3 232.5 242 246.2 251.7 255.6 261 267.3 274
