public/OST50/SJ97.asc
ncols 200
nrows 200
xllcorner 390000
yllcorner 370000
cellsize 50
[rows 70 to 104 of 200, columns 78 to 155 of 200]
256.5 259.4 263.7 282.7 283.7 263.9 241.2 219.8 204.4 187 183.1 188.7 195.7 200.4 204.4 209.4 213 217.6 222.8 226.8 223.7 216.4 224 225.2 223.9 224.9 230 233.7 239.2 247.3 253 257.4 261.1 261.7 260.1 270.9 281.3 284.1 281.2 288.6 298.3 306.4 314.8 321.8 327.9 335.4 340.9 348.1 354.3 359.2 354.1 356.9 363.3 364.6 367.7 373.7 375.8 374.5 374.2 376.9 378.4 379.5 380.6 381 380.5 384.4 388.3 390.8 395.3 398.5 397 391.2 386.3 389.7 385.8 373.8 353.2 333.7
257.2 260.3 268.8 276.3 285 263.8 246.5 222.8 207.3 194.1 185.5 186 194.2 198.7 203.4 207.6 208.9 212.3 216.2 214.6 207.3 220.8 217.6 219.3 222 224.4 229.4 233.4 242.2 249.3 256.2 261.6 266.4 270.2 272 272.2 270.1 275.7 285.5 290.9 291.1 299.9 309 312.4 321.9 331.3 338.7 346.6 350.4 354.8 357.1 357.4 356.8 360 364.7 369.6 369 368.1 371.9 376.1 379.6 381.4 382.9 383.9 384.9 387.1 391.7 396 400.1 402.6 400.7 393.1 391.7 394.1 388.9 375.2 353.6 336.2
255.7 256.3 254.8 263.4 281.4 270.2 248.5 228.1 211.7 200.5 188.1 186.1 190.5 196.6 201.9 203.1 200.5 203.9 204.7 213.1 218.2 218.7 220.4 219.8 221.4 225.8 231.2 236.3 244.9 252.2 259.5 266.3 271.3 276.4 280.2 284.8 284.3 291.6 298 304.1 309.1 311.9 316.8 316.6 314.2 316.7 324.1 331.6 340.4 342.8 345 346.6 351.5 356.4 360.9 362.2 362.6 363.9 369.1 374.1 378 380.8 382.2 386.3 387.5 389.7 395.1 400.2 403.6 406.1 402.4 393.1 394.8 396.5 391.3 378.7 355.7 339.3
251.5 250.2 252 257.9 281.2 276.4 260.4 236.7 217.8 206.6 192.1 186.1 190.7 195.3 195.6 195.6 202.6 206 209.8 213.5 214.5 218.1 218.6 219.7 222.3 226.9 232.6 241.5 247.8 255.1 262.9 270.4 275.9 281.6 286.7 291.8 295.8 300.4 306.2 312.2 317 322.7 327.4 332.1 330.8 331.1 323.5 321 328.2 334.3 338.5 344.6 349.4 352.4 354 355.7 357 361.7 366.9 371.6 375.5 377.7 379.6 383.8 387.8 392.9 398.6 403 406.8 407.4 400.2 393.8 396 398.2 392.9 380.5 358 342.4
241.3 252.5 258.7 272.2 280.9 282.5 266.3 246.2 227.9 212.9 202 186.7 188 190.2 196.1 200.8 203.9 206.8 210.8 212.7 214 216.8 218.7 220.4 223.7 227.2 235.9 244.8 252.3 259.5 266.6 274.4 280.1 285.6 291.2 296.2 301.4 306.5 312 317.5 322.8 328.5 333.9 338.8 342.9 340.6 336.4 329.8 324.9 332.6 337.9 342.8 346.6 348.3 349.9 351.7 355.3 359.9 364.8 369 371.7 374.1 377.6 382.6 388.4 395.1 401.3 404.3 408.1 405.9 391.9 391.8 396.1 399.2 392.9 380.3 360.3 344.3
243.1 245.9 258.1 270.2 279.9 291.1 275.9 255 236.4 221 208.2 197.5 187.5 189.4 194.8 198.9 202.7 206.7 211.4 212.2 213.1 215.5 220.3 222.3 226.4 232.1 238.8 246.4 254.5 262.2 269.9 278.4 284.2 289.7 295.2 300.5 305.8 311.6 317.5 323.4 329.2 334.9 340.1 345 349.5 352.6 347.9 335.6 329.9 331.4 336.6 340.3 342.8 344 346 349.5 353.6 358.2 362.3 365.7 368.5 372 376 381.9 388.6 395.3 401.3 405 406.6 395.3 385.4 390 397 398.9 393.2 380.3 361.1 345.5
237.3 246.5 253.9 269.7 281.1 298.7 282.5 262.2 243.9 227.8 215.6 203.4 189.3 189.1 192.9 201.6 205.1 207.7 208.9 211.9 215 217.1 221.5 224.4 226.3 233.8 241.8 250.1 258.4 266.5 273.9 281.5 288.2 293.6 299 304.5 311.4 317.4 323.3 329.2 335 340.8 345.9 351 355.3 358.6 356.4 342.4 335.6 333.2 330.5 335.9 338 340.2 343.4 347.8 351.8 355.7 359.5 362.4 366.4 370.5 374.5 380.7 387.3 395 400.4 404.3 392.7 383.8 381.2 388.8 396.4 399 392.4 379.2 361.3 349.1
223.4 236.5 245.7 267.9 281.8 304.1 289.1 270.1 251.9 236.3 222.5 211 201.2 190.2 191.3 192.4 201.7 207 209.7 212.1 215.3 215.5 218.1 221.2 227.6 235.4 245.4 255.1 263.4 270.7 277.9 285.2 291.4 297 302.6 308.5 316.2 322.9 328.9 334.9 340.8 346.5 351.4 356.3 360.3 363.6 362.8 350 342 340.2 339.3 338.3 338.6 341 343.1 346.3 351 353.4 356.7 360.5 365 369.3 373.3 379.6 386.2 391.4 397.9 390.4 380.1 375.7 379.4 387.5 394.4 395 389.1 378.3 361.2 351.2
219.3 244.8 243 264.8 279.3 297.8 296.2 276.9 258.1 240.5 227.7 215.5 205.5 191.9 192.9 191.8 193.3 198.1 205.4 209 213.6 213.5 217.4 221.7 228.8 238.3 247.6 256.7 265 273.3 280.9 288.2 294.6 300.6 306.1 312.4 320.2 327.8 334.3 340.4 346.4 351.3 356 360.5 364.5 367.9 367.5 353.7 346.6 345.8 344.7 343.1 342.3 343.8 345.9 349 353.9 357.5 360.8 363.9 366.5 370.2 374.1 379.4 385.9 391.2 394 380.8 372.1 369.9 378.1 386.3 393.4 393.2 387.2 375.4 362.6 354.9
213.2 234.3 250.4 261.8 277.9 293.5 304.5 286.8 266.6 246.4 232.8 218.7 207.2 195.5 199.9 200.5 194.4 195.9 195.7 201.4 205.1 213.3 220.2 223.6 229.8 238.7 247.6 256.3 264.6 273 281.3 290.1 296.4 302.7 309 316.4 324.1 331.8 339.1 345.6 351.6 356.3 360.7 364 366 363.2 356.4 350.6 348.3 348.9 349.9 347.7 345.1 345.3 346.6 350.9 355.3 359.5 361.8 365.2 368.1 370.9 374.9 380.1 385.9 391.7 381.2 370.9 365.4 369.2 377 386.3 393.1 393.5 388.2 378.8 366 359
208.2 228.3 247 264.7 273.8 289.3 310.2 297.6 275.3 252.9 237.9 221.8 210.3 196.8 205.4 205.1 205.1 199.1 195.9 198.8 205 211.7 218.1 223.2 231 240.3 248 256 264.6 273.7 282.7 290.4 296.8 303.1 311.5 320.4 328.2 335.9 343.6 350.1 355.7 360.9 359.6 352.9 349.1 347 344.3 343.9 347.1 350.3 354.4 348.9 344.2 344.2 346.4 350.3 354.8 359.3 362 365 368.4 371.9 375.7 380.9 386.4 383.3 370.5 364.4 358.8 367.4 375.5 385.4 393 394.2 388.7 379.7 367.3 363.6
205.8 226.4 243 267.3 264.8 276.3 307.1 305.4 283.8 258.9 242.1 224.9 213.3 196.9 206.9 208.2 208.9 208.2 200.4 198.3 198.9 210.7 216.1 222.9 233.3 242.3 249.9 257.8 266.7 275 284 290.6 297.2 306.1 315 323.8 332.2 339.4 346.7 354 353.5 348.3 338.5 334.7 333.3 333.4 333.8 339.6 344.6 349.1 348.4 343.1 340.3 341.4 344.9 349.6 352.8 354.9 358.3 360.7 363.2 368.8 375.1 380.4 380.8 366.4 358.1 354.5 356.8 365.2 374.7 384.6 392.8 392.7 386.4 377 366.7 365.2
202.9 224.9 240.5 264 260.6 276.3 286.8 306.9 286.9 261.5 242.8 227.3 216.5 202.3 209.1 212.3 214.2 216.3 208.8 202.7 200.9 204 215.5 223.9 233.9 243.9 251.6 261.4 269.7 277.5 284.9 292.1 300.6 309.4 318 326.8 334.9 342.3 348.9 342.7 334 324.2 321.1 320.4 319.5 320.7 324.6 330.9 336.1 338.5 338.6 336.4 333.6 335 338.3 342.3 345.3 346.8 350.4 352.4 351.9 367 374.3 376.9 365.1 354.2 346.7 352.4 358.4 365.2 374.8 384.8 393.1 391.3 380.9 371 360.2 361.4
198.9 223.1 238.2 255.8 265.4 274.7 278.9 300.7 292.4 266.2 245.6 230.1 219.7 208.8 207 214.2 218.2 220.8 217.4 210.8 204.6 203.9 214.1 225.8 234.8 244.6 253 264 272.6 280.2 287 295.4 304.2 312.3 319.4 327.4 331.8 330.1 321.1 315.1 308.7 306.6 306 306.4 305.9 308.3 315.6 322.8 327.4 330.1 326.7 323 321.7 323 326.1 329.7 332.7 336.7 339.4 334.5 347.7 362.3 370.4 368.2 352.2 342.2 343.1 351.8 357.5 366.7 376.8 386.2 391.8 390.9 375.5 362.5 355.2 355.3
197.8 221 235.6 253.3 268.7 275 275.3 290.2 300.4 273.4 249.9 233.8 221.6 211.5 208.3 214.5 219.6 225.3 226.9 217.7 210.9 205.1 205.8 226.5 237.1 246.6 254.9 265.7 274.5 282 290.6 299.3 307.4 314.2 317.5 308.4 304.6 300 293.8 290.3 288.5 289.9 291.9 292.7 295.6 300.3 307.4 314.8 320.4 317.8 310.9 304.5 303.8 304.3 307.9 314.2 315.8 318.4 318.9 331.6 344.8 356.1 361.6 356.2 342.5 331.6 343.9 350.8 359.6 368.9 378.6 387.4 391.4 382.4 368 354.9 349.8 350
197.9 219.3 232.2 247 268.6 271.8 283.2 290.1 304.1 279 254 236.3 223.2 208.8 211.1 216.3 222.1 229.5 235 230.2 220.9 209.8 207 221.9 235.6 247.6 256.1 265.3 274.7 284.4 293.5 302.1 309.1 309.8 293.4 283.3 278.5 273.2 268.5 268.6 269.2 271.6 276.5 280.8 287.8 295.2 301.1 308.1 310.1 299.4 292.7 284.7 281.3 285.7 290.7 296.6 301 307 318.5 330.6 338.9 345.7 343.9 337.2 331.4 333.6 343.8 351.4 360.7 371.1 382.1 387.2 387.3 374 358.7 348.4 343.6 347.1
198.2 217.7 230.4 244.9 262.1 271.4 282.4 291 304 282.1 257 236 224.4 209.4 215 219.3 225.1 233.4 240.8 243 232.8 218.8 207.5 213 226.3 239.8 249.6 259.9 271.2 284.7 295 303.2 304.4 284.4 270.2 259.5 253.1 249.6 249.8 249.4 250.1 254.8 265.4 269.1 281.5 285.7 290.5 294.4 289.8 279.5 269.8 259.4 259.5 266.4 275.1 283.9 293 306.1 316.4 323.3 321.1 322.7 323.1 324 317.7 331.2 343.6 352.1 361.3 371.4 382.6 382 371.8 359.3 349.1 341.2 345.2 353.5
198.6 217.2 230 244 259.5 271.4 281.8 285.6 299 286.5 257.8 234.7 224.1 212.3 219 223 228.3 237.2 245.6 251.6 242.1 228.7 214.3 207.8 220.5 232.3 243.7 252.9 268.6 284.2 295.3 302 286.4 266.8 248.7 235.3 232.9 232.4 233.8 235.1 236.5 238 245.6 255.3 263.7 269.1 271.7 268.6 265.1 255.2 252.7 254.9 260.8 255.7 257.3 263.8 279.9 292.3 299.9 299.2 300.3 304.2 309.3 310.6 319.2 335.5 345.3 355 363 370.6 376.4 373.8 357.5 347.2 339.6 338.9 345.6 354.9
199.3 218.3 229.6 243.4 258 269.5 283.8 288.3 300.6 284.8 257.5 235.8 227.1 215.3 222.7 227.2 232.6 241.9 250.1 257 249.8 242.4 227.4 209.3 211.2 226.7 242.3 255.2 270 283.8 294.3 283 264.9 246 227.8 231.7 232.1 241.3 244.8 250.5 253.1 251.7 246.7 240.9 243.5 250.1 251.1 252.4 249 253.6 266.8 275.4 276.6 262.3 257.5 259.6 263.5 270 278.4 280.5 283.5 292.4 299.1 302.8 321.1 336.6 346.8 355.9 361.9 366 364.5 358.9 347.1 335.9 331.4 338.8 347.2 357.5
202.2 220.4 229.6 241.9 254.6 267.7 281.9 296.1 303.2 283.1 256.9 237.1 228 216.9 223.4 229 235.9 245.4 253.4 260.6 261.4 252.5 238.5 218.4 210.4 223.4 239.3 254.2 267.8 281.8 274.2 259.3 245.5 232.3 227.4 234.7 241.8 248.5 254.9 262.8 269.9 272.3 267.9 259.6 252.1 247.5 246.2 252.4 262.8 274.8 279.1 284.8 285.5 281.3 268.9 260.1 261.2 264.5 268.1 276.6 283.4 291.3 299.6 311.7 325.1 337.5 347.2 355.5 359.8 358.5 351.8 344.4 335.8 324.2 330.4 339.2 348.6 358.9
202.5 219.3 230.6 239.6 253.3 265.8 277.6 292.5 302.3 284.9 259.8 240.4 229.4 218.9 226.4 230.9 239.8 248.5 257 265.1 270.1 261.3 246.2 226.6 211.7 211.8 233.2 247.3 257.4 257.1 248.5 241 232.7 224.2 230.4 238.7 244.3 251.8 262.2 271.7 281 288.4 291.4 282.6 271.4 265.6 265 269.1 275.5 281.3 285.9 289.4 293.3 290.3 275.4 266.3 266.2 263.5 265.5 276.2 285.5 298 307.2 317.8 328.2 337.9 346.1 351.2 352.2 344.6 336.5 330.1 322.3 320.7 332 340.5 350.3 360.8
207.1 220.9 231.2 239.8 250.3 263.3 274.1 284.8 293.5 291.3 265.4 243.1 232.8 221.5 228.8 234.9 241.6 251.4 260.9 267.9 273.2 269.6 256.7 237.4 221.3 212.8 218.2 231.8 235.1 234.6 231.7 226.5 221.2 223.1 234.3 240.9 249.3 258.8 269.1 277.5 285.7 294.2 299.4 301.4 297.4 289.7 286.2 285.1 287.5 292.2 299.9 302.5 302.2 292 268.2 273.8 274.9 274.6 271.4 266.8 282.3 297.2 307.9 318.3 328.2 335.3 339.8 342.6 337.3 327.9 318.5 313.6 314.1 325.2 333 341 351.5 361.9
205.9 217.3 229.4 239.3 247.6 259.6 272.2 283 292.8 293.6 270 247.1 234.8 223.3 231.2 237.9 245.3 254 262.4 270.2 275.8 278.4 272.5 251.3 235 225.2 214.9 215.3 219.4 217.1 220.2 221 225.5 231.8 236 244.5 254.2 264.1 273 281.9 289.7 297.7 304.1 308.5 311.3 311.2 303.9 300 303.5 306.6 309.8 311.3 308.6 286.5 275.2 281.8 281.2 283.8 286.1 276.9 273.6 292.4 303.8 314.2 320.3 322.3 324.7 324.9 320.1 306.3 306.3 312.7 321 325.3 333 342.9 352.9 366
202.6 211.7 225.7 238.3 246.6 256.4 268.9 277 290.8 296.1 273 251 236.9 227.4 233.7 238.3 246.8 256.9 265.6 272.9 278.4 282.9 281.4 261.6 246 236.3 228.2 221.5 219.1 221.4 218.5 226.9 232.4 236.5 240.6 249.7 259.7 269 277.9 286.5 295.2 302.4 308 312.6 316.8 319.4 316 310.9 313 315.3 317.3 317.2 303.3 280.6 283.6 288.1 291.4 294.2 298.6 288.6 271.9 285.5 292.8 306.3 306.3 306.3 306.3 306.3 306.3 306.3 315.6 318.9 321.2 327.4 335.8 346.1 355.9 367.7
198.2 205.7 221.3 233.9 243.7 254.9 266.3 273.9 282 292.5 272.7 254 241.8 230.6 232.2 239.5 249.9 259.7 268.5 276.2 282.8 287 287.7 270.9 254 246.6 238.6 231.9 230.8 229.6 227.7 228.6 236.1 240.7 245.6 255.8 265.9 274.2 282.5 291.1 300.1 305 310.9 316.5 322 325.9 322.3 321.1 322.3 322.8 323.7 317.1 295.4 275.7 288.7 294.6 298.7 302.3 305.9 304.9 289.7 273.8 306.3 306.3 306.3 306.3 306.3 306.3 306.3 309.6 311.5 315.3 320.5 329.6 340 351.3 359.6 368.2
195.9 200.1 211.4 227.2 239.2 249.3 260 270.4 272.4 278.3 263.8 253.3 245.8 233.3 234.7 239.9 249.8 260.5 269 278.3 285.8 289.4 293.5 283.6 262.5 254.6 248 241.4 239.3 236.4 235 234.2 235.4 245.8 250.6 261.5 272 280.7 288.4 296.8 303.8 309.5 315.5 322.3 327.8 331.4 328.3 330.7 330.3 329.5 327.7 306.3 290 288 293 299.2 303.9 308.2 311.6 313.6 302.7 300.1 306.3 306.3 306.3 306.3 306.3 306.3 306.3 306.3 306.3 313.3 322.5 332.7 343.2 352.6 360.4 367.1
195.7 197 210.5 222.7 228.7 238.3 250 264.7 265.4 261.7 253.7 247.8 240.8 243.5 237.9 237.1 245.1 257.8 268.6 278.9 287 292.5 298.3 294.9 270.5 261.5 256.9 249 247 242.8 239.1 241.4 241.8 247 254.6 265.3 276.2 285.9 294.5 300.5 307.8 314.3 320.4 327.1 332.7 337.2 335.8 337.4 336.8 335.2 317.5 296.5 298 298.4 290.8 302.4 307.8 312 315.8 318.1 318 315.9 308.4 306.3 306.3 306.3 306.3 306.3 306.3 306.3 306.3 314.6 323 332.1 341.9 348.7 355.3 361.4
194.9 193.6 202.3 213.1 221 227.3 237.3 245.1 250.1 249.9 246.9 244.6 252.4 251.3 246.7 246.2 241.4 249.8 264.5 277.1 287 293.3 301.2 300.8 278.6 269.5 264.5 257.3 254.4 250.6 245.6 245.9 247.7 253 256.2 269.5 281.3 290.7 298.6 304.8 311.8 319 324.8 332.3 338.9 341.6 342.9 343.1 342.7 335.4 309.5 302.8 306 305.4 300.3 297.1 308.2 314.3 319.4 322.5 325.7 326.6 323.8 316.9 318.9 306.3 306.3 306.3 306.3 306.3 306.3 306.4 320.8 329.9 335.9 342.1 349.4 354.8
192 194.8 199.8 207.2 216.6 224.7 232.2 239.3 241.1 239.9 240.2 249.1 255.5 258.4 252.5 253.4 253.4 242.8 253.2 266.9 285.5 295.1 303.7 304.3 285.8 277.6 274.2 273.6 264.2 260.6 253.7 252.3 251.7 259.5 266.1 271.9 282.9 293.6 302.6 309.9 317 323.8 330.4 337.8 344.6 346.9 348.3 348 346.1 330.7 306.8 311.6 312.6 310.3 305.7 298.3 301.4 311.6 318.5 324.6 328.5 329.9 332 329 327.5 306.3 306.3 306.3 306.3 306.3 311.2 309.9 313.7 321.1 326.9 334.4 343.1 346.6
192.4 195.1 198.1 201.3 210 220.1 229.3 235.1 233.4 234.7 245.7 251.4 257.4 261.4 259.4 259.1 263.2 258.5 246.3 264.2 281.5 297.2 305.8 304 291.7 284.5 283.2 287.2 274.5 268.1 265.1 261.9 259.1 266 273.8 282.6 288 292.4 304.5 314.6 321.3 328.2 335.9 343.3 350.2 352.2 353.3 352.9 349.3 329.1 311.2 316.3 316.5 314.4 309.5 303.4 307.7 312.1 319.3 325.8 331.5 334.9 337.5 336.3 334 312.4 306.3 306.3 306.3 309.7 313.6 319 321.8 324.8 325.1 329 332.3 339.7
192 205.7 214.8 205.1 205.2 212.9 220.4 222.6 226.8 239 247.7 252.1 257.4 261.9 264.5 264.1 269.1 272.4 253.6 263 279.3 298 307.6 306.1 296.8 291.4 290.7 295.1 282.8 273.8 275.3 272.1 265.6 272.7 280.5 289.6 298 301.6 306.3 318.1 325.5 332.8 340.7 348.7 355.6 357.9 358.3 356.8 349.8 331.9 320.4 317.6 321.2 318.8 310.7 309.5 312.6 317.6 323.6 328.6 333.7 337.4 340.6 341.6 339.2 321.4 306.3 306.3 306.3 309.4 313.5 319.9 325.2 327.7 332 338.8 343 350
205.3 225 221.1 217.1 205.6 210.1 212.7 218.4 236.3 242.9 248.6 253.7 257.6 262.4 266.5 268.6 275.1 281.8 262 253.6 273.1 287.9 301.6 304 301.3 299.1 299.5 301.1 292.1 284.2 286.6 282.6 273 279.6 287.2 296.7 306.5 310.9 311.3 321.5 330.4 337.5 346 354.4 361.5 363.6 363.6 361.9 356.6 336.2 328.3 321.9 325.3 323.1 318.6 316.9 319.4 323.5 327.5 332.1 336.6 340 343.6 347.2 342.2 330.5 306.3 306.3 306.3 306.3 313.3 320.7 325.2 328.9 335.7 343.1 352.2 359.1
213.4 226.7 223.5 220.2 215 221 226.9 232.3 236.6 242.3 248.8 254.9 259.6 264.5 269.1 272.8 279.8 287 274.1 256.9 265.8 278.9 291.3 297.6 304.8 305.5 306.1 306.8 302.1 295.8 299.1 293.1 282.8 288.2 297.2 306.5 315.9 321.1 324.6 325.4 335.5 343.3 351.8 360.1 367.4 369.4 369.6 369.1 362.3 342.5 334.6 326.3 329.5 327.9 324.2 323.8 325.7 329.8 332.8 336.3 340.6 344 346 344.6 341.4 330.8 306.3 306.3 306.3 306.3 312.4 320 324.5 329.4 337.3 345.3 354 362.8
219.5 221.5 225.1 221.9 222.1 223.7 230 235.6 239.7 244.8 250.3 256.1 261.6 267.8 274.5 277.8 284.8 290.3 277.6 256.5 265.1 274 286.1 296.4 305.6 309.3 312.5 315.2 311.5 306.9 311.2 303.8 293.9 299 310.6 317.7 325.7 331.7 335.1 336.3 341.3 350.3 357.3 363.8 370.3 374.6 376.2 376.1 367.3 349.2 339.9 332.4 335.7 334.7 330.8 331.5 329.8 335.8 338.3 341 344.2 347.3 346.9 344.8 334.7 320.1 316.5 306.3 306.3 306.3 312.8 318.6 323.5 329.7 336.9 345.4 353.2 362.2
232.3 220.4 224.5 224.1 224.8 228.9 231.6 237.3 242.5 248.2 253.2 258.6 265.5 271.9 277.5 286 287.2 279.5 260 265.7 273.2 282.4 292.2 300.1 308.3 312.6 317.1 321.5 321.9 317.8 320.1 314.5 305.9 307.4 321.2 328.4 334.1 340.2 344.6 346.7 347.3 356.7 363.1 369.3 375.4 379.2 382.2 382.6 371.2 354.2 344.2 338.9 342.3 342.6 338.2 336 335.5 341.5 343.7 345.9 349 351.1 350.7 348.1 343.1 331.6 326.4 306.3 306.3 306.3 311.2 315.8 321.2 328.2 335.6 343.7 352.3 361.4
