public/OST50/SJ98.asc
ncols 200
nrows 200
xllcorner 390000
yllcorner 380000
cellsize 50
[rows 144 to 179 of 200, columns 80 to 159 of 200]
152.5 153.2 154.7 154.2 152.1 150.2 147.9 150 151.9 155.3 157.8 159.2 163.4 166.6 168.7 170.1 171.5 171.3 168.6 163 171.3 174.6 178.2 184.6 188.6 193.9 197.3 203.7 207.5 210.6 214.3 211.6 214.7 217.7 220.3 224.4 232.5 240.7 241.6 240.2 237.1 225.6 218.4 212.8 211.8 217.5 224.8 232.2 242.6 252.1 258.4 263.3 259.7 256.2 255.9 258.5 260.7 262.7 264.7 265.3 266.8 268.6 270.7 272.8 278.6 283.4 288.9 292.1 290.2 292.2 295.4 296.6 291.6 291.2 288.5 286 281 271.8 261.3 263.7
152.7 152 152.6 154.2 154 148.2 147.4 147.5 150.6 154.6 157.7 158.9 161.5 163.3 164.9 166.5 168.2 167.7 161.1 165.6 171.1 174.4 177 184.2 190 195.4 200.8 206.6 211 214.3 216.2 216.3 217.6 219.5 222.4 227.2 235.3 243.2 243.3 240.9 236.5 224.2 218.9 213.9 215.1 219.9 226.2 233.9 244.2 253.6 261 264.9 258.3 255.5 258.9 260.4 261.6 263 264.3 265.2 266.6 269.7 272.3 276.9 282.3 289.5 296.4 301.1 302.2 299.1 300.3 301.7 296.8 296.7 292.8 291.1 285.3 275.1 267.9 262.6
147.1 145.1 142.6 141.3 140 143.9 142.5 145.6 149.3 152.1 154.7 156.6 158.1 160 160.4 161.9 161.2 158.2 159.5 164.3 168.4 171.2 176.1 183.6 190.8 194.3 199.7 205.9 210.8 215.2 217.9 219 221.8 223.2 224.8 230.1 238.9 245.9 245.8 243.3 239.5 228.4 219.5 213.4 216.9 221.1 227.3 234.8 244.2 254.5 262.1 263.5 256 258.1 260.2 261.7 262.1 263 263.8 265.2 267.3 270.5 274.3 280.2 288.8 296.6 304.9 309.7 312.4 312.6 307.3 306.7 303.4 302.4 297.6 294.9 287.3 278.9 271.7 266.1
134 134.3 131.4 132.9 138.3 139.8 136.1 138.3 146 150.1 150 150 153.6 153.1 154.3 154.7 155.5 157.7 162.5 166.9 170.9 171.1 174.1 181.4 190.1 192.9 197.8 202.8 207.6 214.8 219.2 221.6 224.6 227 228.6 233.7 242.3 249.1 248.6 246.5 243.6 232.5 221.1 214.5 218.2 221 228.1 235 244.4 253.2 262 257.7 256.7 259 259.8 261.1 262.2 262.5 264.4 266.3 268.8 272.3 278.1 285.7 295.9 303.5 311.6 317.6 320.8 316.7 312.8 309.7 308.3 307.3 303.2 298.3 290 282.8 274.5 269.6
129.7 130.8 133.9 135.9 142 143.2 140.6 138.7 142.3 143.3 142.8 145 150.2 147.9 148.3 155.2 157.9 163.3 167.7 171.4 174.3 177.1 179.7 183.2 189.4 192.3 195.5 202.8 207.9 215.8 219.8 223.5 226.9 229.5 232.3 237.6 245.5 251.8 251 249 246.5 236.8 222.8 217.4 220 221.5 228.8 235 243.9 253.6 258.8 254.1 258.3 257.3 257.1 258.8 260.8 262.3 264.8 267 270.1 274.5 281.9 292.3 301.3 309.6 317.9 323.3 320.5 317 314 313 312.1 311.2 308 302.8 293 284.6 273.4 277.2
135.5 140.3 142.8 144.4 145.6 145.6 145.8 143.7 139.7 141 144.8 146.8 152.3 153.7 155.3 157.5 160.5 165.9 170.2 173.9 180 185.9 188.2 191.7 194.9 197.1 201.1 203.8 205.6 208.9 218.8 219.7 227.9 230.9 234.2 239.8 247.8 254 253 251 248.6 240.6 225.8 222.3 222.3 223.4 228.7 236.1 242.8 253 252.8 254.9 256.9 255.4 256.2 258.6 260.8 262.5 265 267.8 270.8 275.6 286.8 298 307 315.7 323.3 324.2 321.1 319.4 319.5 323.5 324 319.2 310.8 303.9 295.5 281.6 281.4 282.5
139.8 141.4 143.1 144.5 146.3 145.9 146.9 147.3 141.7 141 148.3 154.7 156.7 160.2 161.4 163.8 166.2 168.8 171.7 178.4 184.4 189.1 193.2 196.1 200.2 200.8 206.6 210.2 214.8 220.5 224.6 227.6 227.4 232.8 236.3 239.4 248.1 255.5 254.8 252.7 251.2 245.1 228.4 222.2 222.3 223.7 228.3 235 242.4 248.5 251.3 253.8 254.1 253.9 256.1 258.7 260 262.1 265.1 268.8 272.9 278.7 289.2 300.9 311.6 319.4 323.7 323.5 323.5 325.6 331.3 334.4 331.1 319.2 311.6 304.5 292.6 286.2 288.9 288
138.3 141 142.7 145.3 146 146.5 146.9 148.9 146.3 140.7 146.8 155.1 158.5 160.5 162.2 165 167.6 169.9 173.9 180.7 186.5 192.5 198 199.8 204.5 205.8 208 213.2 221 229.2 234 233.6 233.3 233 235.2 239.1 243.4 249.9 252.5 253.1 252.1 247.6 232 222.9 222.9 224.4 227.9 233 241.2 244.3 249.1 251.4 252.5 253.9 255.4 256.9 259.2 262 265.6 269.9 275.4 282.4 291.8 302.6 314.2 321.9 324.8 325.3 331.4 336.9 340.9 341.9 331 322.1 310.9 304.3 289.3 297.2 297.6 294.5
139.1 140.4 141.5 145.6 147.3 147.9 149.1 149.5 148.2 142.3 144.3 153 157.2 159.6 162.1 165.3 168 171.4 175.3 182 187.5 195.5 201.6 203.4 207.7 208 210 218.8 226.1 234 239 238.6 236.7 235.8 237.8 237.5 240.8 244.9 251.2 249.8 247.2 244 234.8 225.2 225.2 224.5 227.7 234.1 240.8 244.2 247.7 248.6 252.7 254.9 256.7 259.2 259.3 262.6 265.8 271.1 277.1 285.2 293.2 304.8 315.5 321.7 325.4 330.1 339.1 344.9 348.4 341.2 332.8 321 311.1 304.2 292 302.8 303.5 304.1
143.2 143.6 143.3 145 147.8 148.8 149.8 150.9 151.3 148 143.7 148.9 156.4 159.6 162.3 166.7 169.6 172.3 177.3 183.1 189 197 203.4 206.1 208.7 208.4 215.5 223.3 231.7 239.5 242.9 241.8 237.9 237.7 243.7 243.1 240.3 240.3 242.7 242.5 241.8 242 237.1 230.1 226.9 227.1 228.4 232.3 239.5 243 244.8 246.6 249.8 251.1 254.5 258.7 260.8 263.8 266.9 271.9 278.1 287.8 296.3 307 315.5 319.4 328.9 337.4 345.8 351.8 352.2 343.4 329.2 319.6 311.5 302.5 299.9 306.6 308.5 310
144.4 146.8 146.3 146.2 148 149.2 150.2 151.4 152.8 152.1 147.6 147.3 156.4 160.7 163.8 167.6 170.6 173.2 178.1 182.9 190.5 199.2 204 206.9 208.6 210.7 218.5 227.5 236.2 243.1 246.7 245 238.2 238.3 248.3 253.2 244.4 240.4 241.2 242.1 243.1 241.9 237 231.5 229.4 229.7 232.2 234.7 240.8 241.6 241.7 243.5 246.9 249.6 252.5 254.9 260.4 264.1 268.1 273 282.6 291.3 300.7 308.6 317 320.6 332.4 341.5 351 356.8 353.6 342.5 327.8 319.8 309.5 303.6 309.8 310.6 314.8 316.3
145.8 149.2 150.8 149.3 149.1 149.5 150.8 151.9 153.5 153.8 150.7 149.9 155.5 160.6 164.8 167.2 169.9 173.8 179.3 183.7 190.9 198.4 202.6 206.2 208.2 211.9 220.6 230.1 239.2 245.4 249.4 248.4 237.9 238.6 250.3 253.8 242.8 240.3 242 242.8 243.1 240.7 232.2 234.3 234.5 233.5 237.5 242.5 245.1 244.5 245.9 249.4 253.5 256.7 258.8 257.9 261.2 266 270.2 276.5 286.8 293.9 302.7 310.9 317.7 324.8 335.5 345.9 354.6 360.4 354 337.6 328.7 320.8 309.6 315.8 315.8 313.2 316.9 317.6
148.1 151 152.3 149.8 150.6 151.3 151.5 152.7 154.7 155.2 153.8 149.9 152.2 159.6 163.8 165.7 169.9 175 181.6 186.5 194.9 201 204.2 206.7 208.9 213.7 223.3 230.7 241 247.3 253.4 247.4 235.7 236.7 246.9 243.3 238.7 239.5 243.5 242.9 240.8 236.8 240.9 241.5 239.7 238 238.8 242.4 246.2 249.6 249.3 253.4 257 259.4 261.7 260.8 262.6 267 272.2 278.5 287.9 296.2 304.8 311.7 317.7 326.4 333.6 347 356.6 361.5 353.5 337.8 330 320.4 319.1 320.7 319.9 319.3 317.6 319.5
150.3 153.4 152.8 152.3 150.4 152.8 152.9 154.4 156.8 157 155.8 152.6 149.8 158.7 164.3 167.7 171.6 177.7 183.2 189.5 197.9 203.1 204.5 207.5 209.2 216.4 225.1 232.4 242.1 249.2 255.5 244.3 234.1 234.4 235.8 237.6 242.5 242.3 245.5 242.7 242.5 245.7 247.6 245.4 245.8 245 240.5 245.3 248 252.1 252.9 256.8 260.2 262.9 265.1 266.5 265.6 270 275.2 282.7 291.2 299.4 309.1 313.7 320.8 331.1 340 348.9 358.3 361.3 354.1 339.9 332.2 324.1 326.2 326.8 322.4 321.9 321 318.8
152.4 154.6 153.7 154.3 153.8 154.1 154.9 156.3 158.4 159 159.3 156.7 153.3 159.3 164.8 169.3 173.6 179.8 184.8 192.1 199.8 202.6 205.9 206.8 210 217.9 226.9 235.1 244.4 250.6 257.8 245.8 232.8 237.8 247.5 254.7 252.3 247.4 246.9 243.1 244.8 247.5 251.1 250.4 251.4 250.1 249.1 250.7 252.2 254.8 258.4 259.5 262.3 265.5 268.5 272.3 273 271.1 277.6 285.4 291.7 300 310.8 318 325.8 341.3 351.7 355.3 363.7 361 352.1 342.9 336.4 327.9 331.2 331.1 327.4 325 319.7 317.1
153.8 154.7 154.6 155.9 153.5 155.4 156.3 157.7 158.9 160.7 161.2 160.3 154.8 161.4 166.2 170.8 175.5 181 188 195.6 200.2 202.4 206.3 207 210.6 218.3 227.4 235.7 245.3 251.4 259.4 246.2 232 236.2 250.6 258.9 254.8 248.9 246.9 244.1 246.1 248.8 251.4 254.8 254.3 255.3 253.6 252.4 253.8 255.7 259.3 263.1 265.3 268 273 277.3 280 279.9 280.1 289.6 298.1 305.9 314 322.3 327.2 343.9 356.5 366.1 369.1 362.6 354.1 346.3 340.9 337.4 334.7 335.6 335.2 332.5 324.1 321.8
155.4 156.2 157.5 157.3 155 154.5 157.6 159.1 160.8 162.1 165 164.5 158.5 164.3 169.7 174.3 178 183.5 191 195.6 198.7 202.6 206 207.4 210.7 218.7 227 235.1 245.3 253 260.6 251.4 234.2 233.6 255.8 259.5 256 250 248.5 245.9 247.2 249 253.7 259.3 261.8 260.8 257.2 254.1 255.2 258.2 262.3 265.1 268.9 272.9 276.8 281 285.8 289.9 290.8 292.8 303.9 313.6 323.1 328 333.3 342 358.8 370.6 373.7 369.5 359.8 350.3 346.6 343.4 340.5 343.6 343 337.2 328.9 322.5
157.4 158.1 159 159.6 155.2 156.9 158.5 160 161.8 165.1 166.6 165.6 160.1 167.7 172.4 176.3 179.9 186.2 190.4 192.9 199.5 203.4 204.9 207.4 212.1 217.3 226.1 234.6 244.7 253.4 261.2 258.4 241.2 230.4 247.8 262 256.3 251.2 251.5 247.5 248 250.4 256.2 262.6 265.7 265.5 261.9 258.1 257.4 260.1 264.6 269.3 272 276.9 280.8 284.7 294.1 301 304.8 301.7 308 319.1 329.6 334.2 336.7 342.8 355.5 370.4 376.4 374.4 364.2 355.4 351.1 347.7 349 351.8 350.7 342.5 330.9 322
159 159.1 159.1 159.4 153.9 158.5 159.6 159.6 161.6 164.4 167 167 162.1 165.3 169.8 173.8 178.2 182.4 186.5 191 198.4 202.8 204.7 207.8 212.3 217.1 226.8 236.2 243.6 250 257.1 257.5 243.5 228.8 243.3 260.4 255.9 253.1 250.8 249.2 249.4 251.8 260.6 264.6 266 266.2 265.8 262.2 260.5 262.5 266.7 273.7 275 279.9 285.3 289.4 297.3 307 315.5 309.3 308.9 320.1 332.6 340.6 341.1 346.6 356.7 366.8 375.7 376.2 369 360.4 356 352.6 355.6 358.6 357 348.5 335.1 324.5
159 164.1 162.9 160.1 158.8 159.5 160.2 160 161.4 165.9 167 167.1 165.9 161.6 164.2 169.5 174 180.2 185.5 192.7 200.7 201.4 205.4 208.5 212.6 218.7 227.2 236.6 243.1 245.5 251.2 248.7 235.5 229.8 250.8 260.2 255.3 254.5 252.2 251.2 251.2 253.9 262.9 265.8 266.2 266.4 266.9 268.1 267.1 266.2 271 276.4 280.4 283.4 290.4 295.1 299.9 308.8 318.8 321.8 311.7 321.4 333.6 344.4 347.2 352.1 361 368.8 376.7 381.9 377 367.4 361.4 357.7 361.6 364.9 362.1 353.1 337.7 329.2
160.5 165.8 162.6 160.3 159.7 160.4 161.5 161.4 163.4 166.3 166.6 166 166.4 163.5 162 167.5 172.7 179.1 184.7 190.4 196.6 201 206.2 209.4 214.2 219.6 227.1 237.4 241.2 242.9 243.9 235.5 225.4 240.6 262.8 259.6 255.4 256.4 255.3 254.9 254 254.5 264.7 266.2 266.4 267.3 268.1 269.5 271 270.7 275 281.2 287 289 295.4 300.4 304.3 313.3 321.9 325.4 316.1 328.8 338 348.9 358.9 366 371.7 376.2 382.8 386.4 381.5 372.8 366.4 364.8 369.7 371.4 366.4 355.6 338 329.8
163.3 164.2 163.3 161.9 161.4 161.8 163.1 165.3 167.9 168.5 168.2 167.4 167.4 166.4 166.4 166.1 170.9 177.7 182.9 188 188.6 199.6 207.2 211.1 217.6 223.4 228.9 237.1 234.5 228.4 226.3 222.2 232.5 254.4 260.7 259.1 256.6 257 257 257.8 257.6 257.9 263.8 266.4 266.8 268.2 269.5 270.9 273.9 273.5 277.8 285.1 291.4 295.6 299.5 303.8 308.1 316.9 324.7 330.2 325.7 333.8 344.2 354.4 365.5 375.6 384.9 385.1 389 392.1 385.7 378.3 371.1 370.7 375.4 376.2 368.3 351.7 336.8 328.1
164.3 166 164.5 164 162.8 164.1 165.2 166.8 169.5 171.9 170.7 169.3 168.6 167.8 168.6 169.1 169.5 171.7 176.9 181.5 190.5 199.7 208.5 213.2 220.1 227.5 230 234 218.7 216 227.3 238.7 247.9 258 261.1 259.8 257.7 259.1 258.3 259.1 258.3 258.7 263 266.8 268.2 269.6 271 272.3 276.6 276.3 280.7 287.2 294.9 301.1 304.3 309.1 313.1 320.6 328.8 333.7 332.7 339.7 348.5 358.4 369.2 379.5 390.1 393.1 396 397.3 389.4 381.9 377.8 377.1 379.9 374.3 366.5 346.5 332.5 321.5
164.9 165.9 167.4 165.3 164.3 165.7 167.3 169.3 172 174.2 172.8 172.1 170.6 169.7 171 171.3 172.5 172.7 175.5 182.4 191.4 204.7 211.5 217.2 223.8 229.3 228.2 215.1 214.1 224.7 235.2 243.2 252.7 262 263.4 259.6 258.4 260.6 261.4 260.4 257.5 260 262.7 267.2 269.6 271 272.4 273.8 278.2 279.1 283.7 290 297.9 304.4 308.2 313.6 317.8 322.9 333.6 339.3 337.8 344.7 353.1 361.6 371.6 381.6 390.9 395.8 400.6 398.9 389.5 383.4 381 382.2 383 366.8 353.5 341.6 329.8 317.6
166 167.2 169.2 167.3 166.3 167.1 169.4 172.4 175.6 176.8 175.9 174.8 172.8 172.2 173.6 174.7 177.3 179.6 180.4 182.9 189.1 198.2 212.8 219.9 217.1 211.2 209.3 207.8 219.9 232.3 240.2 246.5 257.1 263.1 262.8 258.6 258.7 261.9 261.9 247.1 246.9 250.3 257 266.6 271.1 272.5 273.8 275.2 279.7 282 286.6 292.9 299.4 305.5 310.6 316.6 321.3 325 335.7 342.3 343.4 348 357 365.5 374.8 383.5 389.4 395.1 400.6 394.8 388.1 384 380.5 375.4 368.9 360.1 349.5 340 329 318.4
166.4 169.5 169 169.2 167.7 167.9 171.4 174.5 177.5 178.3 177.8 178.4 177.1 175.7 176.7 177.9 181.8 184.4 187.6 184.3 186.8 186.2 195.1 199.7 197.4 203.5 209.1 218.6 231.9 237.6 243.4 251.3 261.4 267.1 261.2 251.3 256.8 261.9 243.3 246.4 258.9 265.5 263.7 264.1 272.5 273.9 275.3 276.8 281.3 285 289.5 292.8 300.1 306 310.8 316 321.1 326.1 335.7 343.8 346.8 350.4 359.3 370.1 377.2 383 390.2 396 396.1 391.2 387 383.4 379.8 375.7 363.8 354 346.3 338.4 327.8 319.1
168.5 169.5 170.5 170.9 170.3 169.4 171.3 174.9 177.3 178.2 180.3 182.1 183.1 180.5 180.6 182.2 185.7 189.5 192.7 195.8 193.5 189.3 188.7 192.9 205.4 214 220.6 229.3 236.6 240.2 247.3 257.6 264.4 263.4 253.9 241.3 246.4 244 244.1 257.7 265.4 270.8 272.1 276.8 271.3 273.6 275.5 278.5 278.8 284.1 288.1 290.7 299.6 305.7 309.6 314.1 318.9 325.6 334.7 344.9 350.4 352.6 361.1 372.3 380 385.5 391.2 396.1 394.1 389.1 385.5 382.7 379.1 374.3 362.8 353.6 346.5 339.1 330.6 317.1
168.9 170 172.1 172.7 171.5 169.5 171.8 174.9 177.7 179.8 182.8 184.9 184.4 185.8 184.8 186.9 190.2 194.7 199.9 205.8 208.7 204.9 200.7 195 203.4 216.9 225.6 235 238.5 245 251.6 259.5 258.7 251.2 232.5 230.5 236 241.1 253.4 261.7 270.2 273.2 277.2 282.6 288.3 283.4 284.3 284.5 284.2 282.4 282.7 290.6 297.5 303.5 308 312.5 318.1 324.4 334.1 344.8 352.7 354.8 360.8 372.6 379.1 384.4 390.4 393.9 391.3 386.7 383.9 381.7 377.1 372.8 362.9 353.9 347.6 341.6 333.8 324.6
168.9 171 173.1 173.1 171 171 174.8 178.2 180.2 181.5 185.3 185.9 185.9 187.3 188.1 191.1 196.6 202.6 209 214.6 218.1 217.7 212.1 213.9 203.5 210.6 231 241.2 242.9 248.8 256.5 255.3 243.1 229.7 234.4 243.1 249.5 250.9 257.4 262.7 270.8 277.5 282 287 293.1 296.8 296.2 291.4 289.1 287.8 289.5 288.5 295.4 300.4 305.9 310.8 316.7 322.9 332.2 344.3 354.4 353.8 359.2 369.5 376.1 381.4 387.3 391.6 388.2 384.2 382.4 379 375.9 370.8 361.2 353 348.1 342 335.1 326.7
169 172.1 174.5 174.1 172.9 174.7 177.9 180.1 181.8 183.5 185.9 187.3 187.3 189.4 192.4 195.2 201.5 208.6 214 220.8 224 225.8 218.3 221.3 216.9 206.4 221.1 238.4 245 250.8 243.4 230.2 223.2 231.4 237.6 244.3 257.2 263.9 266.2 265.3 270.8 279.9 286.4 291.1 297.3 302.7 305.6 300.4 293.5 291.3 288.9 294 296.9 300.3 303.8 309.6 314.4 320.4 331.1 341.7 348.2 349.6 355.8 366.8 373.1 378.6 384.2 389.4 386 382.2 380.9 377.3 374.8 369.3 359.3 351.9 347.6 341.6 334.5 325.2
170.6 174.1 175.9 176.1 176.9 177.5 177.1 180.5 183.2 185.5 187.9 187.9 189.3 191.4 195.8 200 206.4 212.2 217.6 223.4 229.9 230.5 220.3 222.3 226.6 228 210.5 217.6 222.2 219 218.8 224.1 234.9 241.1 247 252.4 255.4 269.2 269.7 271.8 276.7 283.4 290.2 294.8 301.5 307.5 311.5 309.4 299.2 295.3 290 296.4 299.9 304.3 309.1 309.8 313.6 318.1 324.8 330.7 338 345.3 352.7 363.5 371.5 376.7 381.7 387.4 383.8 379.6 378.4 376.5 374.1 368.3 357.2 348.6 345 340.7 333.3 323.8
173.3 175.7 177.3 177.8 178.1 177.6 178.7 181.8 184.3 189.3 191.5 191.1 191.6 195.6 199.5 204.7 209.7 215.5 221.5 230.1 233.8 224.8 222 226.3 233.9 237.4 231.8 220.2 223.5 230.5 235.5 231.7 242.3 243 248.6 262 268.2 272.5 273.9 276.1 281.3 287.1 293.2 299.5 306.2 312.1 316.9 315.8 306.5 298.3 296.7 298.5 303.4 307.1 312.1 314.9 318.8 322.5 331.2 341.3 343.2 345.8 353 364.8 372.5 377.3 381.8 386.2 381.1 376.7 375.2 374.1 372.4 364.1 353.3 343.5 338.2 336.7 329.8 321.1
174.2 176.3 177.1 178.8 179.9 178.7 181 184 187 193.3 195 195.9 196.4 199.6 203.9 208.8 214 219.8 228 235.6 227.2 222.8 226.2 233.9 240.3 246.2 246.3 234.8 234.8 243.6 252.6 239.1 249.2 253.8 259.3 260.7 272.2 271.3 277.3 279.9 286.2 290.9 296 304.5 311.2 317.3 322.8 321.6 308.9 298.4 300.2 301.2 306.7 310 314.1 318.4 322.2 325.2 332.9 344.4 351.6 347.4 355 365.4 373 378.1 381.9 384.4 378.9 374.7 371.9 371.3 369 358.1 348.4 337.9 330.6 329 323.1 314
173.9 175.5 175.3 178.8 180.9 180.7 182.1 184.9 191 197 199.8 199.8 201.8 204.1 208.7 214.3 219.9 227.5 232.1 228 223.2 225.5 233.5 240.8 248.2 256.1 257.1 242.2 243.1 256.1 261.9 249.4 248.3 261 267.6 274.1 278.3 277.1 280.8 287.2 293 298.4 306.3 312.4 318.1 324.7 328.5 324.5 312 305.2 303.4 307.6 308 313 317 321.6 325.2 328.2 334.7 345.7 354.4 354.8 357.7 365.9 374.9 378.5 382.5 382.5 376 372.1 368.1 368.2 363.1 352.2 341.4 331 320.5 317.8 312.9 302.8
173.2 174.2 176.6 180.8 181.9 181.8 183.4 187.1 191.9 198.9 202 202.4 204 207 213.5 219.4 227.2 233.2 227.7 223.1 223.9 232 241.8 250.3 257.8 264.5 258.1 250.6 254.5 254.2 264.8 261.3 260.1 263.8 273.9 281.1 281 283.2 288.4 293 298.1 304.8 312.2 318.6 325.1 330.2 332.6 323.1 315.2 306.1 307.2 312.3 313.6 316.3 320.4 324.2 328.1 331 336.9 347.9 357.5 358.9 360.7 367 375.8 378.7 381.7 379.7 372.6 369.3 365.6 365.7 356.9 346.6 335.4 325.3 311.7 301.9 299 288
173 174.3 176.2 179 182.7 182.8 184.7 188.2 192.9 198 202.1 204 206.4 212 218.7 226.4 234.1 226.6 222.5 223.3 229.9 241.2 250 259.4 266.1 269.4 255.4 257.7 263.7 252.8 265.8 266.7 268.3 266.6 278.7 284 286.3 289.1 292.7 298.1 303.2 310.8 318.7 325.2 330.7 333.9 330.5 323.3 317.8 307 312.1 316.9 318.1 318.4 323 327.2 331.3 334.8 339.4 349.1 359.5 363.4 363.9 368.7 378.1 379.4 379.5 376.8 370 364.9 361.4 364.4 354.1 343.9 331.5 321.5 308.6 291.5 283.5 277.8
