public/OST50/SJ98.asc
ncols 200
nrows 200
xllcorner 390000
yllcorner 380000
cellsize 50
[rows 36 to 71 of 200, columns 0 to 79 of 200]
78.2 78.7 79.9 79.7 79.7 79.8 79.4 79 79.3 79.3 78.8 79.4 81 80.7 81.9 82.4 83 83.8 84.3 85 86.1 86.9 86.9 86.4 85.7 85.5 85.6 85.8 85.7 86 86.4 87.4 88.4 87.7 86.7 86.5 85.6 85.4 86.1 85.2 84.9 82.5 80.8 79.7 77.3 76.3 74.1 70.7 70.2 70.8 71.3 71 70.9 71 70.7 70.8 70.9 70.7 71.3 72 73.2 73.7 73.8 74.7 74.7 77.3 82.3 88.1 92 96.3 98.6 98.9 97.5 97.8 97.4 98.2 100.8 102.2 102.3 102.5
80.3 79.8 79.2 79.6 79.7 79.9 79.6 79.4 79.5 78.9 78.7 79.1 80.5 80.5 81 81.6 82.9 84.3 84.7 85.5 86.3 86.3 86.6 85.9 85.3 85 85.4 85.7 85.6 85.6 86.2 86.8 87.7 88.4 87.3 86 85.5 86.2 87.8 88.6 87.5 85.5 84.1 82.7 81.1 79.4 77.7 72.3 70.7 71 71.1 71.1 71 71.4 71.5 72.2 72.2 72.9 73.6 73.9 74.6 75.9 77.2 77.5 78.9 80.5 84.5 90 94.5 96.6 98.6 98.8 97.8 98.6 98.9 99.1 99.2 101 101 101.6
80.4 80.9 80.2 79.4 79.4 80.1 79.6 79.2 79.1 79 78.9 79 79.9 80.1 80.8 81.9 82.6 83.8 85.2 85.3 85.6 85.5 85.9 85.4 85.3 84.9 85.3 84.6 85.6 85.5 86.3 87.2 88.4 89 88.1 86.4 86.2 86.8 87.7 88.4 88 86.6 85.3 84.2 82.3 80.4 78.5 72.2 70.6 71 71.3 71.4 71.5 71.5 71.6 72.5 74.3 75.4 76.4 78.1 78 80 82.2 83.3 84.2 85 87.3 91.4 95.2 96.6 98.2 98 98.6 98.4 99.2 99.9 100 101 101.9 101.4
80.5 80.4 80.1 79.3 79.5 80.2 79.4 79.3 79.1 79 78.9 79.1 79.8 80.8 81.2 81.7 82.9 84 85 85.2 85.4 85.6 85.9 85.4 85.2 84.9 84.9 84.8 85.5 85.7 87.4 87.9 88.5 88.9 88.3 87.1 87 86.5 86.8 85.8 85.5 84.9 84.1 83.2 81.6 79.4 75.4 71.2 70.7 71.1 71.5 71.6 71.2 71.4 71.9 72.9 74.6 76.8 80.3 82 82.4 83.9 86 87.5 88.1 89.3 91.5 94.1 95.2 96.1 96.6 96.8 95.3 94.5 96.9 99.6 100.5 100.5 99.9 99.7
80.5 80 79.6 79.3 79.3 80.2 79.7 79.6 79.2 79 79 79.4 79.9 80.7 81.6 82 82.9 84.4 85.1 85.4 85.5 85.5 85.8 86 85.9 84.9 84.5 85 85.6 86.2 87.7 88.1 88.3 88.7 88.8 88.5 87.8 87.2 86.7 85 83.8 82.7 82.1 81.8 80.6 77.5 73.3 70.7 70.8 71.2 71.5 71.7 71.8 72 72.2 72.9 75.5 78.7 82.2 84.7 85.9 86.9 89.3 90.6 91.3 92.6 94.2 95.7 95.3 93.7 93.7 93.3 95.1 96.1 97.8 96 97 97.8 99.6 98.8
80.5 79.7 79.6 79.5 80.2 79.8 79.7 79.6 79.2 79.2 79.2 79.1 79.1 80.4 81.7 82.4 83 83.7 84.5 85 85.1 85.7 85.9 86.1 86.1 85.6 85.4 85.5 85.7 86.5 87.2 86.6 87.2 87.3 87.6 87.9 87.5 87.4 86.6 84.7 82.8 81.4 80.7 80.5 79.9 75.1 72.1 72.2 71.9 72.8 72.2 72.5 72.2 71.9 73.2 73.3 75.7 79.7 82.5 84.6 86.8 89 91.4 92.9 94 92.2 94.6 94.9 94.6 94.6 92.8 94.4 97.1 98.1 99.2 99.7 99.7 97.2 101.4 100.4
80.2 80.5 80.4 80.5 80.2 79.9 79.6 78.9 78.8 79.7 79.2 78.8 78.9 80.5 81.8 82.1 82.5 83 83.9 84.5 84.8 85.2 85.3 85.6 85.9 85.9 85.6 85.6 86 86.3 86.7 85.5 86.5 86.1 85.9 86.5 87.4 86.9 86.5 83.9 82.3 80.7 78.3 75.5 75.7 74.3 74.5 74.7 73.9 74.7 72.6 72.4 71.7 72.2 72.5 74 77 79.4 82.2 85.1 87.3 89.7 92.6 93.6 93.9 91.6 93 92.5 91.9 91.3 91.8 94.8 96.8 98.4 99.5 100 100.5 101.1 101.7 100.4
80 80.9 80.7 80.5 80.3 80 80 79.4 79.2 79.2 79.4 78.8 79.1 79.8 81 81.9 82.3 82.6 83.3 83.9 84.2 84.3 84.8 85.7 86 86 85.6 85.9 86.8 86.9 87.1 86.7 87.9 88.9 87.6 88 88 87.2 86.4 84.7 84.2 79.9 77.4 77.3 77.1 75.3 77 75.9 76.4 71.8 73.9 72.8 72.4 72.4 72.8 75.3 78.5 80.2 82.9 86.2 89.3 91.6 93 93.2 91.7 87.8 88.5 91 91.2 94.5 96 97 97.8 99.1 99.9 100 100.6 101.4 101.8 101.8
79.6 80.5 80.8 80.2 80 79.7 79.3 79.5 79.2 79.2 78.9 79.3 79.6 82.6 81.1 81.6 82.7 82.6 81.8 82.9 83.3 83.5 84.1 85 85.3 85.7 86.6 86.6 87.3 86.8 87 87.1 87.5 89.6 89.2 89.8 89.6 88.6 87.5 85.8 84.3 84 79.1 78 80.2 78.4 79 79 80.3 75.4 74.1 72.9 73 74.6 75.7 76.6 78.4 80.4 83 88 89 89.8 90.7 88.3 86.9 93.3 93.8 93.3 92.8 93.7 95.6 96.4 98 99.4 100 98.7 99.2 100.8 102.1 103.9
79.4 80.1 80.5 80.2 80.4 79.4 79.4 79.2 79.5 79.5 79.5 78.9 79.2 79.4 80.7 81.6 82.2 82.4 81.2 81.8 82.7 83.2 84.1 85.1 85.4 86.1 87.1 87.7 88.4 88.5 87 86.5 87.7 89.2 89.5 90.5 90.4 90.4 88.5 83.6 83.9 83.6 80.4 78.9 82.7 80.6 79.5 81.8 80.9 77 74.3 73.6 73.5 78.6 78.5 78.4 80.2 80.9 80.8 83.7 87.2 87.4 86.4 87.6 92.8 94.4 93 91.9 93.1 95.1 96.5 97.3 97.8 98.4 98.7 97.6 101.3 104.2 105.4 106.8
79.3 79.1 79.6 80.3 80.3 80.2 80.1 79.9 79.6 79.5 79.4 79.1 79.3 79.3 79.9 80.4 81.2 81 80.8 81.9 82.9 83.3 84.1 85.1 85.5 86.7 87.3 87.8 88.7 88.9 88.8 88.2 89.4 90.7 89.8 90.7 90.7 90.6 88.5 84.6 86.6 84.5 82.2 82 81.3 80.7 80.7 83.2 81.6 78.3 73.9 74.1 73.9 79.1 79.7 78.4 80.3 79.5 80.6 83.4 86.4 88.9 90.4 88.9 92 92.4 91.4 91.3 92.7 94.5 96 96.4 97 97.2 97.1 100.2 103.8 106.2 106.6 108.6
78.9 79 78.9 79.7 80.2 80.3 80.4 80.1 79.5 79.2 78.9 78.5 78.8 78.7 78.7 79.8 80.7 80.7 80.8 81.7 82.5 83.5 83.9 85.3 86.2 86.2 87.1 87.7 88.3 89.3 89.6 89.8 90.5 90.8 90.9 90.9 90.9 90.3 86.5 85.4 88.1 85.7 84.8 84.2 82.6 81.4 82.6 83.9 83.9 82 73.9 74.6 74.7 79.2 78.2 78.1 80.7 82.3 84.9 86.7 88.7 89.6 89.5 90.2 90.3 90.1 90.1 92.6 92.5 93.1 94.9 95.3 95.8 96.4 99.7 102.9 104.6 107.1 108.5 109.5
78.8 79.3 79.4 79.2 79.4 80 80.5 80 79.9 79.9 79.2 78.7 78.3 78.3 78.4 79.1 79.4 79.7 81 82 82.3 83.1 84.1 85.1 85.8 86 87.1 87.5 88.1 88.9 89.4 89.8 90.6 91.1 91 90.8 90.5 88 85.6 87.6 87.5 87.4 87.8 86.3 85.2 84.2 84.4 84 84 80.4 75.1 75.1 74.6 78 78.1 80.1 82.1 84 84.2 84.8 85.8 86.6 87 88.4 89.1 87.6 90.4 92.6 92.9 92.6 93.2 94.2 96.3 99.1 102.3 105.4 106 107.5 109.1 109.3
79.2 79.1 79.3 79.8 79.5 79.2 80.3 80.3 80.3 80 79.3 79.2 78.8 78.6 78.3 78.3 78.6 78.4 79.9 81.6 81.5 82.1 83.7 85.1 86 85.8 86.9 87.6 87.8 88.4 88.9 89.9 90.4 91 90.6 90.5 90.6 88.2 88.2 88.1 87.7 87.8 88.3 88.5 87.7 86.9 86.2 85.2 85 81.8 77.3 75.9 75.2 77.5 79.1 79.1 79.5 84 84 84 83 83.3 82.8 84 85.5 88.3 90 91.7 92.4 92.9 92.7 94.2 96.8 99.2 104.1 106.4 107.8 108.3 108.8 108.9
78.4 77.5 78.1 79.3 79.7 79.5 79.8 80.7 80.7 80.2 79.3 79.2 79.4 79.3 78.8 78.9 78.9 79.1 79.6 80.7 82.1 82.6 84 85.4 86.2 87 87.1 87 87.2 88.2 89 90.3 90.8 91 90.9 90.5 90.1 90.2 88.4 88.2 88.9 88.6 88.3 88.8 88.6 87.4 86.7 85.9 84.1 81 78.3 76 75.7 77 78.1 79 81.3 84.2 84.6 85 85.2 85.5 85.2 84.3 83.5 85.3 88.2 89.7 92.2 91.7 92.5 94.3 96.4 99.2 103.1 106.6 107.7 108.2 107.3 107.9
78.1 77.4 78.7 79.5 80 80 80.1 81.4 81.4 81.3 79.5 79 78.9 79.4 79.8 79.6 79.3 79.5 79.5 81.1 82.2 82.7 83.9 85 86 86.6 86.9 86.4 87.2 87.8 88.1 89.9 90.7 91.1 91.1 91 90.3 90.1 89.6 89.4 89.6 89.4 89 88.5 88.4 87.5 86.7 86 85.2 83.4 80.6 75.7 76 77.9 78.2 79.6 82.9 85.2 86.4 87.8 88 88 88.6 88.6 86.9 85.7 85.9 86.1 91 90.3 93 94.7 96.7 99.9 103.3 106.1 107.3 107.5 106.5 105.5
78.3 78 79.1 79.8 80.3 80.3 80.2 81.5 81.9 81.6 79.6 79.4 79.7 80.3 80.5 80.8 80.9 81.2 81.5 81.9 82.5 82.9 84.1 83.4 84.7 86.2 86.8 86.3 86.4 87.6 88.3 89.1 90.1 90.9 90.9 90.9 90.4 89.7 89.6 89.7 89.4 89.1 89.1 88.9 88.7 87.7 86.9 86.2 85.6 85.4 82.9 76.7 76.6 80.6 83.5 84.9 86.4 87.4 88.1 89.4 90 90.8 90.7 90.7 89.9 89.3 89.3 87.7 88.1 92.4 93.1 95.2 97.2 99.3 101.8 105.3 106.4 106.4 104.9 104
78.1 77.6 79.2 79.9 80.2 80.3 80.2 80.3 80 80.1 79.3 79.3 79.9 80.3 81 81.8 81.9 81.6 81.9 82 83.3 83 84 84.7 84.2 84.8 86.5 86.5 86.4 87.4 88.3 88.5 89.7 89.9 90.1 90 90.2 90.2 89.9 89.9 89.8 89.5 89.4 89 88.6 87.8 86.7 86.3 85.8 86.1 84.1 77.5 76.9 80 84.4 87.1 88.4 89.3 89.5 89.9 90.9 91.1 91.6 90.9 90.1 90.7 90.8 88.6 89.4 93.2 93.4 95.2 97.3 99.6 102.2 105.1 106 104.8 103.5 103.8
79.4 78.8 79.5 79.8 79.8 80.1 80.3 79.7 79.9 79.3 78.3 78.5 79.2 80.1 81 81.9 82.4 82.2 82.3 82.2 83.6 84.1 84 84.2 83.9 84.1 84.6 86.1 86.3 87.7 88.3 88.3 89 89.6 89.8 90.1 90.1 90.3 90 89.5 89.5 89.6 89.4 88.6 88.1 87.8 86.6 86.2 86.1 86.7 85.6 80.1 76.4 77.4 83.9 87.3 88.7 89.9 90.2 90.1 89.7 90.7 91.7 91 91 92.2 91.5 88.4 93.8 94.7 94.6 95.9 97.4 100 102.5 104.8 105.1 103 102.9 104.7
78.8 79 79.4 79.4 79.3 79.6 79.6 79.2 79.1 79 78.5 78.3 79.2 80.1 81 82.2 82.7 82.6 82.9 83.3 83.7 84.4 84.1 84 84.1 84.1 84.4 84.6 85.7 86.7 87.6 88 88.3 89 89.6 90.3 89.8 89.8 90 89.1 88.9 88.9 88.7 87.8 87.7 87.3 86.5 86.2 86.4 86.2 85.4 82.3 77.7 77.1 83.6 87.5 88.3 90 90.5 90.9 90.8 91 92.1 92.1 92.4 93.2 90.7 91.3 95 95.8 95.9 98.5 100.6 101 102.1 104 104.2 103.3 102.8 104.7
78.3 76.2 78.2 79.2 79.4 80 78.9 78.9 78.1 78.1 77.9 78.5 79.3 80.2 81.1 83.8 84 84.1 84 84.4 83.6 84.2 84.4 83.9 84.2 84.5 85.1 84.5 85 86.1 87.3 87.7 88.6 89.3 89.1 90 90.1 89.5 88.9 88.8 88.7 88 87.5 87 87.2 86.6 86.4 86.4 86.7 86.4 84.9 81.2 78 77.9 83.1 87.2 88.9 89.5 90.3 91.6 91.8 91.7 92.5 93.2 94.2 94.5 92.3 91.5 95.8 96.4 97.5 99.8 102.2 103 103.5 104.4 104.1 103.1 103.4 104.8
78.2 78.4 78.6 77.5 76.5 78.8 79 77.9 78.2 77.9 77.9 78.8 79.9 80.3 81.4 84 84.3 84.4 84.2 84.6 84 83.5 84 83.8 84.5 84.6 84.3 84.9 85.5 85.9 86 87.4 88.3 88.7 88.9 89.2 89.2 89.6 88.9 88.8 88.1 87.8 87.1 86.3 86.1 86.6 86.4 86.3 86.4 85.3 82.5 78.5 77.9 78.9 83.9 86 87.4 88.7 89.8 91 92.7 92.4 93.6 94.4 95 95.6 93.9 91.1 95.9 96.8 97.6 99.7 101.6 103.6 104.2 104 103.1 102.3 104.6 105.7
78.7 78.7 79.2 78.7 79.5 81.6 78.2 77.9 78.3 77.4 77.6 78.7 79.9 81.9 83.1 83.9 84 83.9 84.7 84.1 84.5 84.1 84.4 84.2 84.4 84.5 84.6 85.4 86.3 86.5 86.1 86.3 87.7 88.8 89.5 89.5 89.3 89.2 88.9 88.8 87.9 86.9 85.9 85.7 85.6 85.9 85.9 85.6 85.3 83.2 79.4 78.7 79.5 81.2 83 85.2 87.1 88.3 89.2 90.5 92.6 93.2 95.3 96.4 96.8 96.9 95.2 94.3 95.5 97.7 98.6 99.4 101.5 101.5 101.4 103.1 101.8 103.8 107.1 107.6
78.8 79.6 79.8 79.7 80 79.8 78.8 78 77.9 75 78.8 79.3 79.9 83.2 84.3 84.7 84.4 84.4 84.9 84.9 84.8 85.4 85 84.6 84.3 84.8 85.2 85.7 86.2 85.9 86.4 86.6 86.5 87 88.8 89.7 90 89.6 88.6 88 87.7 86.9 86.1 85.3 85.1 85.3 85.4 85.1 84.2 81.8 79.5 79.7 81.1 81.8 83.4 85.1 86.2 87.6 89 91.1 92.9 93 95.4 96.9 97.3 97.3 96 93.8 93.4 95.6 97.6 98.9 99.9 101.2 100.7 101.1 103.1 105.9 108 108.9
78.7 79.4 79.9 80.2 80.5 80.3 79.3 78.3 76.8 77.3 78.9 79.7 80.2 80.4 83.2 84 84.7 84.8 85 85.1 84.9 85.2 85.5 85.3 84.7 84.8 85 85.5 85.9 85.7 86.3 86.6 86.3 86.3 87.6 89.4 89.8 90.3 88.8 87.7 86.8 86.9 86.8 85.6 85.4 85.1 84.2 83.6 82.8 80.6 79.5 80.5 82.1 83.6 84.8 85.5 86.9 88.4 89.5 91.7 92.3 93.2 95.4 96.9 96.8 97.1 97 95.3 93.1 93.5 97.4 100.2 101.3 101.5 102 102.7 103.9 106.4 107.7 109.2
78.4 79.4 79.6 79.8 80 80.2 79.3 77.8 77.1 77.6 78.8 80.3 80.8 81.7 81.7 81.3 81.4 82.3 83.1 83.9 84.7 85.3 85.6 85.8 85 84.7 84.5 84.9 85.1 85.2 86.2 86.2 85.8 86 86.5 87.5 88.7 90.1 89.1 87.2 87.1 86.8 86.5 85.8 85.4 83.7 83.4 81.9 81 80.1 79.7 81.6 83.4 85.1 86.1 87.1 88.1 89.4 90.2 91.7 93 93.8 95.2 97 97.8 98 98.4 97 95.3 94.7 97.7 99.6 100.4 101.3 102.3 103.9 105.5 107.1 106.7 107
78.3 79.1 79.8 79.6 79.6 79.4 79 77.7 77.2 78 79.3 80.2 81.3 81.9 80.7 81.7 82.1 82.5 82.4 82.4 83.2 84.5 85.2 85.7 85.4 85 84.5 84.6 84.9 84.8 85.8 86.4 85.5 85.8 86.4 86.8 87.4 89.7 88.6 87 87 87.4 86.4 86.1 84.1 82.9 82.8 81.6 81.7 81.1 80.5 80.8 83.4 85.2 86.5 88.3 89.4 90.8 91 91.5 92.6 93.9 95.7 96.8 97.4 97.1 97.4 97.3 96.8 96.8 94.6 97.1 98.5 100.9 102.2 104.7 105.3 105.5 104.7 107.2
77.9 78.3 79.3 79.1 78.6 78.6 77.9 76.7 77.3 78 78.6 79.4 80.8 81.3 80.6 82.1 82.3 82.5 83.2 84.8 83.8 84 84 84.6 84.9 84.5 85.5 85.9 86.2 86.7 87.2 87.2 86 86 87.1 87.7 89 87.7 88.9 87.1 86.6 87 86.9 85 84 82.9 82.4 82.2 82.7 82.2 81.7 82.4 84.4 87.3 87.7 89.3 89.9 91.3 92 91.8 92.8 93.9 94.9 96.1 96.3 96.4 97.2 97.8 98.1 97.6 97.3 98.5 99.3 99.9 101.6 104 105.6 106.9 109.5 111.5
77.6 78 79.1 79.1 78.7 78.9 74.6 75.5 76.6 77.4 77.9 80.2 80.3 80.8 81.6 81.9 82.6 83.2 83.3 84.6 85.3 85.8 85.6 85.2 85.3 84.7 86.2 87.6 87.8 87.7 87.9 87.9 88.1 87.3 86.8 87.9 87.8 87.5 87.9 87.8 88 87.1 86.3 82.3 83.6 82.8 82.8 82.8 82.7 82.3 82.7 82.8 86.2 88.2 89.6 90.7 90.7 91.4 91.2 91.3 92 93.4 93.7 94.7 95.3 96 96.5 96.1 96.9 97.7 98 100.2 102.1 103.4 104.8 106.4 108.5 111 112 113.5
77.2 77.6 78 78.5 79.2 76.8 74.9 76.5 77.2 77.9 78.7 79.7 81.3 81.5 81.9 82 83.4 83.7 84.8 84.9 86.4 86.8 86.4 85.9 86 86 86.6 86.3 87.9 87.6 87.5 88.3 89.1 88.4 87.4 88 87.4 87.4 87.6 87.9 88.2 88 85.6 82 84.5 83.1 82.7 83 83.4 83 82.9 83.1 85.4 87.6 89 89.6 89.9 89.7 89.2 90.8 92.1 92.8 92.8 93 93.8 95.2 94.9 96 98.3 98.6 100.6 104.4 105.4 105.5 105.7 108 109.5 111.7 112.7 114.1
77.1 76.9 78.2 78.5 77.6 75.9 75 77.5 78.8 79.6 80 80 80.4 81.1 82.6 83.5 83.8 84.9 85.7 85.3 86.5 86.6 86.6 86.6 86.6 86.3 87 86.9 87.1 87.3 87.9 87.6 89.2 88.7 89.1 89.1 87.2 87.1 87.6 87.9 90.4 87.1 85.3 84.7 84.2 83.7 83.2 83.2 83.5 83.6 83.2 82.8 83.6 84.2 85.4 86.4 88 87.9 89.9 91.8 93.6 93.7 93.9 94.1 94 93.8 95 96.1 98.7 102 103.5 106 106.5 107.6 107 107.7 109 111.4 113.2 114.2
77.7 77.1 77.1 77.6 76.6 75 76.6 77.9 78.5 79.5 80.9 80.6 82 82.1 82.8 83.5 84.7 85.3 86.2 85.7 87.1 86.8 86.5 87.1 86.6 87.4 87.6 87.2 87.6 87.9 89.3 91.1 90.4 89.4 89 89 87.8 87 87.5 88 89.4 87.6 87.7 85.1 83.9 83.1 83.6 84.2 83.8 84 83.8 83.7 84 84.1 84.9 85.8 86 87.9 89 91.7 93.9 94.6 94.8 95.2 94.8 94.5 95.3 97.6 101.6 104.6 105.7 105.6 106.9 106.9 107.3 108 108.7 108.1 112.1 110.3
77 76.7 75.5 75.9 74.7 74.6 76.5 77.7 78.3 79.7 82 83.5 82.7 83.4 84.3 84.9 85.4 86.1 86.7 86.9 87.4 87.2 87 86.8 86.5 86.5 86.9 87.9 87.5 88.2 89.3 90.9 91.6 90.3 88.2 86.9 88.2 87.3 87.1 87.9 87.1 87 87.1 87.8 84.4 84 83.9 84.5 84.2 84.3 84.3 84.2 84.5 84.7 85.1 85.6 86.1 87 88.6 91 92.6 93.4 94 94.9 94.8 94.8 96.5 99.7 102.9 104.7 105.2 105.9 104.6 106.5 108.4 109.8 111 111.8 111.6 113.6
76 75.2 74.5 73.9 72.8 74.9 75.9 77.5 78.8 80.5 82.3 83.9 83.5 84.8 85.6 86 86.1 86.6 86.8 87.2 87.4 87.6 86.8 87.1 86.6 86.8 87.1 87.1 87.4 88.3 88.8 90 91.2 90.5 88.2 86.5 86.5 87.2 86.5 88.1 91.9 85.3 85.6 87.5 89.9 83.6 83.7 83.8 84 85 85.3 84.6 84.6 85.1 85.9 86.3 86.6 87.3 88.5 89.7 91.1 92.3 93.1 94.5 95.2 97.3 99.7 101.3 102.7 104.2 105.2 104.8 103.7 107.1 107.3 108.5 109.7 111.2 112.7 114.7
72.4 71.7 70.6 70.5 72.4 75.2 76.5 77.9 79.8 81.6 83.1 83.8 84.7 85.3 85.5 86 86.3 86.9 87.4 87.6 87.6 87.5 87 86.7 86.3 86.9 87.2 87.5 87.8 87.8 87.9 88.5 89.6 89.7 88.2 87 86.6 86.4 86.2 86.1 86.6 86.1 83.3 89.6 92.5 88.7 91.6 84.2 84.2 84.8 85.4 85.9 85.7 85.7 86.2 86.8 87.4 87.8 88.5 89.5 92.4 93.9 94.5 95.9 97.3 100.1 101.3 102.3 101.7 104 104.5 103.3 105.1 106.2 108 108.9 109.4 110.5 111.5 114.7
69.5 70.1 70.5 72.9 75.4 75.8 76.9 78.1 80.3 82.1 83.2 83.9 84.5 85.2 85.6 86.2 86.7 86.8 87 87.4 87.1 86.6 87.1 86.6 86.3 87.8 88.2 88.5 88.4 87.8 86.9 87.3 87.4 87.9 87.6 87.2 86.8 86.4 86.1 86.1 86.8 85.3 84.7 83.9 84.2 84.2 88.9 86.3 88.8 92.1 94.1 86.4 86.2 86.9 86.9 92.6 92.7 93.9 94.2 94.3 94.7 95.7 96.8 98 98.1 100.7 101.6 101.5 102 101.2 100.7 101.1 105.8 108.2 110.1 110.3 110.5 110.8 112.6 114.8
