public/OST50/SJ98.asc
ncols 200
nrows 200
xllcorner 390000
yllcorner 380000
cellsize 50
[rows 144 to 179 of 200, columns 0 to 79 of 200]
91.9 90.7 90.7 91.1 90.4 89.6 87.9 87.1 86.7 86.4 86.6 86.6 86.7 87 87.4 87.5 88 87.8 88.1 88.5 88.7 88.9 89.4 90 90 90.2 90.4 90.4 90.7 90.7 92.1 92.2 92.7 92.8 93.2 93.4 94.2 94.6 94.9 95.4 95.8 96.1 96.2 96.9 97.8 98.2 99.5 100.2 101.1 102.8 103.2 104.6 106.4 106.4 106.7 107.6 108.5 109.3 111.4 113.6 116 117.9 118.6 118.7 119.8 122.3 123.4 124.7 125.8 126.3 127.9 129.2 131.2 133.3 135 137.1 139.2 140.8 144.5 148.1
90.5 90.7 89.9 89.4 88.7 88.1 86.8 86.2 86.2 86.4 86.8 86.8 86.9 87.3 87.5 87.9 88 88.1 88.1 88.4 88.7 89 89.3 90.1 90.2 90.5 90.8 91 91.2 91.2 91.1 92.3 92.5 92.7 92.9 93.4 93.9 94.7 94.8 95.4 95.6 96 96.6 97.6 97.8 98.5 99.5 100.4 101.4 102.5 103.1 104.3 105.7 106.7 106.7 107.5 108.4 109.4 112.3 114.3 115.8 117.2 118.2 120.6 121.8 123.4 124.8 126.2 127.4 127.8 129.5 130.7 131.6 133.7 135 136.6 137.6 140.6 144.4 150.9
88.5 89.7 89.4 89 87.7 86.6 85.7 85.9 86.2 86.1 86.8 86.7 87.3 87.6 87.4 87.9 87.9 88.1 88.2 88.6 89.1 89.2 89.3 90.2 90 90.3 90.5 90.9 91.3 91.2 91.9 92.4 92.5 92.6 92.8 93.6 93.8 94.1 94.6 95.3 95.9 96.2 97.2 97.8 98.8 99.7 100.2 100.6 101.8 102.4 103 103.5 105 106.6 107.7 107.6 108.3 109.6 111.5 113.9 115.8 117 117.9 120 123.1 124.4 125.8 127.4 128.7 129.5 130.7 131.4 132.5 134.4 135.7 136.7 137.9 141.2 144.9 148.5
87.1 87.1 88.1 88 88 86.5 85.9 85.9 86.1 86.3 86.4 86.7 87.2 87.1 87.3 87.8 87.8 87.9 88.4 88.5 88.8 89.1 89.3 90.2 90.2 90.2 90.3 90.6 91 91 92.4 92.4 92.4 92.7 92.3 93.4 94.1 94.6 95.1 95.5 95.3 96.3 97.5 98.4 99 99.3 100 100.6 101.7 102.7 103.3 103.8 104.5 105.6 106.5 107.4 108.1 109.3 110.1 112.6 114.2 116 118.6 121 123.1 125.1 126 127.9 129.5 130.4 131.4 132.2 133.4 135.2 136.9 138.4 139 141.4 141.4 138.7
86.5 86.3 86.9 87 86.5 86.3 86.1 86.1 86.3 86.3 86.4 86.4 87.2 87.2 87.4 87.4 88 88.4 88.9 88.5 88.6 88.8 89.9 90.2 90.5 90.3 90.1 91.1 90.9 91.3 92.7 92.5 92.4 92.9 93 93.3 93.7 94.3 94.8 95.5 96.2 96.5 97 97.9 98.8 99.2 99.9 101.2 101.3 102.6 103.2 103.5 104.2 105.6 106.1 107.9 108.9 109.6 110.2 111.5 113.2 113.9 116.7 119.4 122.2 124.3 125.8 127.4 129.1 130.3 132 133.1 134.3 135.9 137.3 139.2 139.5 137.3 134.2 130.9
86.6 86.6 86.4 86.3 86 86.2 85.7 85.7 85.9 86.3 86.3 86.7 87.1 87.1 87.6 87.6 89.2 89 88.8 88.6 88.8 89 89.3 89.8 90.1 90.1 90.5 90.7 91.9 92.5 92.6 92.9 92.9 92.9 92.8 93.4 94.3 94.4 94.9 95.1 95.5 96.3 96.4 97.2 97.7 98.3 99.4 100.4 99.8 101.6 102.4 102.5 103.4 104.5 105.3 106.9 108.4 108.7 110 110.4 110.5 110.5 113.2 116.6 119.9 123.4 124.3 125.8 126.2 128.5 129.4 130.6 131.8 131.7 131.9 132.1 129.4 127.8 127.2 129.6
86.9 86.4 85.4 85.5 85.5 85.9 85.8 85.7 86.1 86.3 86.9 87 87.7 89 90.2 90.7 89.8 89.3 88.8 88.6 88.9 89.6 90.1 89.8 90.3 90.3 91.5 91.5 91.5 91.9 93 93.1 93.6 93.8 94 93.9 94.2 94.3 95.6 95.1 95.6 96.1 96.5 97.3 97.7 98.2 99 99.3 99.9 101.4 102.2 103.9 105.8 104.2 106.5 106.4 106.4 107.5 108.4 108.3 109.8 111.5 110.2 112.5 115.5 116.1 117.9 119.1 121.7 123.7 123.5 123.7 124.7 123.3 122.4 123.2 124.5 125.7 130.8 135
86.8 85.9 85.3 85.1 85.1 85.6 86.1 85.8 86 86.1 87 88.4 89.5 89.5 90.5 91 90.3 89.8 88.9 88.4 88.6 89.3 90.2 90.5 90.4 90.5 91.3 91.1 91.7 92.4 93.7 93.7 93.2 93.7 93.9 94.1 94 94.6 95.2 95.3 95.6 96.2 96.6 97 98.4 99 99.1 99.1 100.8 101.6 104.1 106.3 107.6 107.5 107.9 109 107.4 108.8 108 110.4 112.2 114.5 114.9 113.1 112.9 113.8 116 117.4 118.2 119.6 119.4 120.5 122.5 125.8 125.1 125.1 129.1 131.8 134.7 134.4
85.7 85.1 85.3 85.2 85 85.2 85.3 85.6 85.8 86.1 87.2 88.2 89.9 89.8 90.1 90.1 90.3 89.4 89.9 88.7 88.6 88.9 90.1 90.3 90.9 91.3 91.3 91.4 92.1 94.2 94.5 94.8 94 93.6 93.9 94.8 94.6 94.9 95.4 95.9 95.8 96 96.4 96.8 98.1 99.1 99.4 99.7 101.1 102.1 104.2 105.1 105.8 107.3 109.5 109 108.4 110.4 110.7 112.8 114.9 115.9 117 117 117.6 118 119.6 119.6 118.1 123.5 125 126.7 129 130.7 131.6 133 136.1 139.1 139.6 138.3
85.2 84.9 84.9 85.1 85.1 85 85.4 85.6 85.7 86.4 87.4 88.4 90.3 89.8 90.7 91.9 91.5 91.7 91.6 90.9 89.5 89.1 90 90.6 91.7 91.6 91.5 92.4 92.6 94.3 95.9 94.3 94.9 94.8 94.5 94.9 94.8 95.2 95.8 96.4 98.4 97.9 97.2 97.5 98.5 99.7 100.1 99.9 102 103.3 104.1 106 106.7 107.8 108.7 108.7 109.5 110.8 111.3 112.5 115 117 116.9 119.2 120.4 121.5 121.7 121.9 122.5 123.7 125.8 127.9 130.6 132.7 134.2 135.9 139.2 141.9 143 142.1
84.6 84.5 84.8 85 84.5 84.9 85.3 85.7 85.6 86.6 87.5 88.4 90.1 90.8 91.9 93 91.8 92.4 92 90.6 89.3 89.9 90.2 90.1 92.3 92.5 93.6 93 93.3 94.3 96.9 95.6 95.7 95.6 94.9 94.9 94.8 95.1 95.5 96.6 98.7 98.7 99 100.4 100.2 100.1 101.1 101.4 102.2 103.4 105.1 105.7 107.4 107.7 107.7 109.3 110.6 111.7 112.1 112.7 115.2 117.9 118.3 122.8 126.3 126.9 126.6 124.8 125.1 125.7 126.5 128.2 130.2 131.5 134.8 135.8 139.2 142.1 143.4 143.9
84.4 84.3 84.2 84.2 84.3 84.6 85.1 85.6 85.8 86.7 87.6 89.2 90.5 91.7 92.4 92.5 91.4 91.7 91.6 90.2 90.9 90.5 90.9 90.7 93.1 94 93.9 94.2 94.1 96.3 95.6 96.6 96.1 95.6 95.2 94.9 94.7 94.7 95 95.3 97.7 97.5 98.1 98.9 100.6 101.5 101.2 102.3 103.8 104.5 105.6 106.2 106.6 108.2 109 110.2 111.5 112.7 113.6 115.2 116.5 116.1 118.4 124 127.6 129.9 129.6 127.5 128 130.1 131.7 132.8 132.9 135.5 135.6 136.8 138 141.4 143.7 145.5
84.1 84.1 84 84 84.1 84.4 84.7 85.2 85.7 87.1 87.1 87.7 89 90.9 92.6 93.6 92.7 91.3 92.3 91.5 91.9 92.4 91.3 94 93.8 95 95.5 95.6 95.1 97.8 94.5 95.5 95.1 94.8 94.2 94.6 95.2 95.6 96 96.2 96.7 97.2 98.3 99 99.5 101.8 101.7 102 102.7 104.3 104.7 104.5 105.6 107.8 110.5 111.7 112.8 113.6 114.5 116.4 116.7 118.1 118.6 123.3 126.3 129.3 130.7 130.3 130.7 133.9 136.1 137.7 138.6 138.4 139.2 140.2 142.1 143.8 145.4 145.9
83.9 83.9 83.8 83.8 83.9 84.2 84.5 84.8 85 86.6 86.5 87.4 88.5 90.3 92.1 92.3 93.4 93.2 93 92.4 92 92.9 92.8 93.4 94.7 95.8 97.1 96 99 93.8 96.1 96.1 96.2 95 94.4 94.6 95.2 95.7 95.9 96.4 96.3 97.2 98.2 98.8 100.1 100.5 101 101.7 103.2 103.4 104 104.7 106.6 110.2 111.9 112.5 113.7 115.2 116.5 117.3 117.8 119.5 121.9 120.5 125 128 131.2 132 131.3 136.9 139.2 140.8 142.2 141.6 142.3 142.7 145.2 147.7 148.4 148.1
84 83.9 83.7 83.7 83.7 84 84.3 84.4 84.6 85.6 86 86.7 88.5 89.6 91.9 92.8 93.2 93.4 93.6 93.9 92.9 93.3 92.8 93.7 93.8 96.8 97.9 99.3 95.5 96.6 97.1 98 96.1 95.2 94.6 94.9 95.3 95.6 96.2 96.8 97 96.8 98.5 98.5 99.7 100.7 101.8 102.6 103.7 104.1 104.9 105.3 108.7 111.3 112.8 114 115.2 115.8 117.6 117.4 118.5 120.2 123 123.1 124.5 127 131.5 134 135.9 138.6 140.6 141.6 142.7 142.9 143 145.8 148.1 151 151.6 150
83.9 84 83.8 83.6 83.5 83.7 84 84.2 84.5 85 86.3 86.3 87.8 89.1 91.2 90.6 92.1 92.9 93 92.1 92.5 92.7 93 93.5 94.7 97.5 98.6 98.4 95.3 95.4 99.5 99.5 98 95.8 94.9 95.1 95.4 96.1 96.6 97 97.6 98.3 99.1 99.7 99.5 100.4 101.4 102.1 103.2 104 105.9 107.6 107.9 110.6 109.9 114.7 115.7 116.2 117.9 118.4 119.9 121.9 123.9 124.8 124.6 127.8 131.2 135.7 136.2 137.7 140.1 141 141.3 142.4 144.3 148.4 151.3 153.6 152.8 151.7
83.6 83.7 83.7 83.7 83.5 83.7 84.3 84.3 84.8 85.1 85.4 86.3 87.1 88.3 88.6 89.6 90.5 91.4 91.1 92 92.6 93.7 94.6 94.6 95.9 97.6 98.1 98 95.3 99.6 100.4 99.8 98.6 96.2 95.3 95.2 95.5 95.9 97.2 98.2 97.8 97.9 98.5 99.8 99.8 100.3 101.5 102.8 103.5 104.9 106.8 109.5 112.7 111.3 109.4 113.1 115.8 116.5 117.7 118.1 120.1 122.8 124.3 125.3 128.1 129.4 134.8 137.4 138.7 139.7 141.7 141.5 142.5 144.5 145.9 149.3 152.9 154.6 149.5 154.3
83.1 82.9 82.9 83.1 83.2 83.3 83.9 84.4 85.1 85.4 85.6 86.5 87.1 87.5 88.6 89.2 89.9 91.4 92.1 92.9 93.7 94.6 95.8 96.3 97 97.9 97.9 98.1 96.1 99.1 98.9 98.2 97.1 96.3 96 95.3 95.6 96 96.5 98 98.2 98.8 99.4 99.3 100 101 102.2 103.3 104.3 106.2 108.9 111.5 114.3 114.3 110.3 111.5 113.5 114.3 116.4 118 120.8 122.7 125.1 127.1 130 132.4 134.2 140.1 141.4 142.5 142.2 142.5 144.5 147.9 148.3 153.2 154.6 153.2 152.9 155.9
83.2 83.1 82.9 82.9 83.1 83.2 84.1 84.2 84.5 85.2 85.4 87.5 88.2 88.6 89.4 90.1 90.1 90.8 91.6 92.4 93.1 95.4 96.1 96.9 97.8 99 98.9 96.7 96 97.4 97.6 98.2 96.4 96.6 96 95.4 95.6 96 96.8 97.6 98.7 99.3 100 100.5 100.4 101.8 102.6 103.9 105 105.8 108.7 112.2 114.9 116.3 114.3 113.6 113.3 112.6 117 118.9 121.5 123.2 125.2 128.2 130.8 133.8 135.6 139.4 142.1 142.7 142.4 144.1 146.4 149.6 151.4 153.5 155.6 150.6 156.7 157.5
82.7 82.6 82.7 83.4 83.1 83.4 83.9 84.3 84.3 84.5 85.7 87.2 88.1 88.8 90 90.9 91.5 91.5 92.4 92.6 92.6 94.9 97.2 97.9 98.7 99.2 99.4 98.3 97.4 96.6 97.5 96.3 96.9 96.7 96.5 96.3 95.7 96.3 97.2 97.6 98.7 99.4 100.1 101.4 101.3 101.7 103.1 104.8 105.9 106.7 107.8 109.5 111.6 113.5 115.2 115.3 116.1 117.7 116.3 117.9 121.2 123.9 126.2 128.3 130.8 133.4 136.3 137.7 139.4 141.6 142.4 145.2 148.5 151.2 153.1 154.7 152.6 155.4 158.7 159.2
82.7 82.6 83 83.3 83 83.2 83.5 83.8 84.3 84.4 85.6 87.5 88.4 89.2 89.8 91 92 92.1 93.4 94.2 94.4 95.4 96 98 98.9 99.1 100.4 99.3 97.4 98.2 97.8 96.7 96.5 96 96.2 96.2 97 96.7 97.2 97.7 99 99.6 100.5 101.8 102.6 102.9 103 104.6 105.3 107.2 108 109.1 110.4 113.7 115.2 115.8 117.3 119.3 120.5 119.2 120.9 124.5 125.7 128.5 130.8 133.8 136.5 137.6 140 141.9 144 145.2 148.3 151.7 153.5 154.1 151.5 158.3 159 159.6
82.5 82.3 82.5 82.7 82.8 83 83.1 83.3 84.1 84.2 85.6 87.4 88.8 89.3 89.6 90.9 92.2 93.4 94.3 95.7 95.8 97.1 97 97.2 98.8 99.9 100.3 98.1 98.2 97.3 97.1 97.2 96.8 96.7 96.3 96.8 97.3 97.2 98 98.5 99.6 100.1 101.1 101.9 103.3 103.9 104.4 103.7 105.4 107.4 110.5 111.4 112.5 113.6 114.1 116.2 117.7 120.5 121.6 121.7 120.6 125.4 126.1 128.5 130.6 133.8 137 138 139.7 142.4 144.5 147.3 149.7 151 153 150.6 154.8 159 158.9 159.3
82.3 82.3 82.3 82.5 83 83.1 83.3 83.4 83.5 84.8 86.5 87.8 89.1 89.7 90.7 91.4 92.5 94.3 96.2 97.5 97.5 95.7 94.4 95.4 98.8 99.7 100 97.8 97.9 97.8 97 96.5 96 96.3 97 97.7 97.6 97.8 99 99.6 101.1 101.1 102.6 103.9 104.6 104.8 105.4 104.9 106 107.2 111 113.6 112.5 114.4 117.2 119.4 120.2 122.1 124.2 125 125.9 126.2 127.8 127.2 131.1 134.1 137 139 140.8 142.7 144.8 147.4 150.4 152.2 151.6 153.8 158.2 159 159.9 161.9
82.3 82.2 82.3 82.4 82.8 83.3 83.4 83.3 83.2 84.5 86.1 87.9 89.6 90.4 91.7 92.3 93.1 95.2 97.4 98.3 98.4 97 96.7 98.4 99 99.4 98.9 97.2 99.4 98.3 97 96.6 96.7 98.2 97.6 98.5 98.2 99.5 100.5 101 102.5 102.9 102.7 103.7 105 105 106.2 105.5 106.4 107.8 110.9 113.4 113.7 118.6 120.8 122.6 121.5 122.6 125.7 127 128 128.9 129.7 128.9 133.3 134.7 137.2 139 140.5 141.4 145.6 148.7 151.7 151.8 151.3 157 160 160.1 162.8 164
82.3 82.3 82.3 82.4 82.7 83.1 83.5 83.3 83.5 84.2 85.9 87.7 89.8 91.2 92.6 93.8 93.4 96.5 97.9 98 97.7 97.9 100 99.8 100.3 99.8 99.4 97.5 99.4 98.2 97.3 97.7 100.1 100.6 100.1 99.4 98.9 100.2 101.2 102.5 103.5 104.4 104.5 104.7 106.3 106.4 107.4 106.8 106.5 107.8 110.9 111.8 114.5 119.1 122.7 124.8 124.5 123.7 123.5 128.9 129.9 130.6 131.1 133.2 136.1 138.3 140.8 138.9 139.9 143.5 148 151.1 152 150.3 154.9 159.1 160.9 162.5 164.1 165.6
82.6 82.2 82.4 82.6 82.9 83.3 83.5 83.6 83.7 84.3 86.1 87.8 89.4 91.4 92.7 94.1 95.9 97.4 98.6 98.4 99.2 100.5 101.6 101.1 100.6 99.6 100.4 98.8 98.3 98.5 98.9 99 101 101.8 101 100.9 100.1 100.6 101.5 102.4 104.6 105.8 106.2 106.1 107.1 107.3 109.3 110 107.6 108 109.5 112.1 115.3 118.3 121.1 125.2 126.5 124 124.2 128.8 131.4 131.9 132.9 133.8 137.2 140.4 143 143.5 145.3 143.1 148.3 151.3 150.9 152.8 158.3 160.6 161.9 164 165 166.5
82.4 82.3 82.5 82.8 83.1 83.4 83.6 83.8 83.7 84.1 85.7 87.3 89.9 91.5 92.6 94.5 96.3 97.8 98.4 99.8 101.8 102 102.3 102.1 102 101.4 102 100.4 99.2 98.1 101.2 102.2 100.9 101.8 102.4 102.9 101.8 102.5 102.5 104.1 105.2 106.1 107.5 107.7 107.7 108 110.5 112 109.6 108.6 110 114.1 116.7 118.7 120.9 124 129.7 126.5 128.3 131 133.3 134.3 135 136.8 138.4 140.7 142.6 144.1 147 148.3 148.4 149.1 150.6 156.2 159.9 161.4 162.9 164.9 166.2 166.5
82.8 82.6 83.1 83.3 83.4 83.4 83.4 83.7 83.7 84.2 85.4 86.6 88.7 90.2 92.7 94.1 95.8 96.1 96.2 96.5 100.7 98.8 102.3 103.4 103.5 103.5 101.9 100.6 99.1 99.4 102.4 102.6 101.5 102.3 103.1 104 104.1 103.8 104.5 104.9 106.4 107.2 107.5 108.1 108.7 109.1 110.8 111.8 111.7 109.6 111.8 115.5 117.6 119.3 121.9 125.5 129.4 129.6 132.9 134.3 135.6 136.7 135.8 139.1 142.4 142.9 145.6 145.9 149.5 150.1 151.3 150.2 153.3 158.1 160.1 162.1 163.6 165.2 166.7 167.6
83.8 82.7 82.9 83.5 83.5 83.5 83.4 83.5 83.8 84.3 85.3 86.1 87.5 89.4 91.2 92.4 93.8 94.2 97.2 99.2 101.8 99.7 101.7 103.6 104.4 104.1 100.4 99.5 98.5 99.7 101.9 102.3 102.9 102.9 103.3 104.8 105.1 104.9 106 106.5 107 107.6 107.9 108.7 109.2 109.6 109.2 110.5 110.8 111.2 110.8 112.1 118 120 122.4 126.9 133.3 137.8 135.4 135.9 136.7 136.9 138.1 139.3 144.2 147.5 151.3 152 153.2 152.2 151.6 152.6 156.8 157.8 158.8 161.9 163.9 166.2 167.7 168
84 83.7 83.5 83.5 83.5 83.4 83.6 83.8 83.9 84.3 86.2 86.8 87.2 89.3 90.5 91.6 93.1 94.6 97.7 100 101.2 101.1 100.8 104.4 104.9 103.7 99.9 101.7 100.1 100.9 102.5 103.1 102.9 103.4 103.9 105 105.9 105.6 106 106.6 107.4 107.3 107.3 108.8 109.9 109.2 109.4 110.4 111.1 114.2 115.1 113.2 114.9 120.5 122.5 126.6 132.1 138.8 143.4 139.1 138 137.7 140.2 140.5 141.3 147.2 150.7 152.3 151.9 152.9 150.2 155.9 157.4 159.2 159.9 162.4 164.8 166.5 168.1 168.7
84.2 84.9 83.3 83.4 83.4 83.6 83.8 84 84.2 84.6 86.3 87.3 88.1 89.8 90.9 91.7 92.7 93.2 96.3 97.9 100.6 100.9 100.2 104.7 105.3 104.5 99.4 103.2 101.2 102 102.7 103.5 103.5 104.3 105.5 106.9 107.5 107.7 107.1 106.7 107.6 107.3 107.9 108.8 109.6 109.9 109.6 110.7 110.3 114.5 117.4 117.4 115.1 121.2 124.4 128.9 133.2 139.1 143.3 145.9 143.7 141 142 141.8 142.5 145.2 148.2 151.8 152.3 150 155 157.3 157.1 158.6 161.5 164.1 167.3 169.4 169.3 169.5
83.3 84.8 84 83.6 83.5 83.9 84.1 84.4 84.4 84.8 85.7 86.8 87.7 89.6 91.8 93.1 94.1 94.6 95.7 96 95.2 98 100.5 103.2 104.9 103.7 99.3 105.1 101.8 101 101 102.3 103.6 104.5 106.3 107.8 108.4 108.4 108 107.3 107.1 107.7 108.3 109.8 111.7 110.8 110.3 110.1 110.8 113.9 117.6 119.8 116.2 119.3 124.5 130.5 134.7 138.7 142.6 144.5 147.4 144.3 142.8 142.7 143.8 145.9 147.8 150 151.1 152.6 157.6 158.2 157.7 159.8 161.9 165.1 168.8 169.7 169.6 171
84.8 84.2 84.1 83.6 83.5 84 84.5 84.8 84.8 85.1 86.1 87.1 87.9 89.3 91.8 93.9 95.4 97 97.4 98 96.3 98.3 99.9 101.7 104 101.5 100.4 106 105 101.2 101.5 102.1 103.5 105.4 107.4 108.5 109 109.2 108.6 108 107.9 108.1 108.7 110.5 113.1 112.1 110.6 110.6 112.3 114.3 118.3 120.7 119.6 117.5 120.8 126.6 136.2 140.3 143.4 144.2 144.6 143 142.9 143 144.6 147.3 148.2 149.9 149.3 154.2 156.5 157.9 158.6 161.5 163.3 164.3 166.8 168.8 170 171.5
83.6 84.6 83.8 83.6 83.5 84 84.5 85.1 85.2 85.3 86.9 86.8 89.1 90 91.9 94 96.5 98.3 100 100.4 99.4 99.6 100.5 101.2 102.7 103.1 101.7 103.6 104.3 103 101.5 102.4 104.7 106.6 108 109.1 109.3 109.2 108.7 108.5 108.3 108.7 109.1 110.9 112.8 114.8 111.7 111.7 112.8 115.5 119.7 122 122.5 116.8 117.4 120.9 136.7 142.5 143.4 143.1 142.3 141.1 141.7 143.2 144.4 146.1 148.4 148.9 151.6 154 156.5 158.1 159.2 161.4 162.8 164.3 166.9 168.4 170.2 172.1
83.2 83.4 83.3 84 83.7 84.1 84.6 85 85.6 85.7 87 87.5 88.9 90 92.5 93.9 97.2 99.4 100.4 100.5 100.5 99.9 100.3 101.7 102.8 101.9 101 101.8 102.9 102.2 101.8 102.9 105 107 108.1 109.1 109 110.3 110.2 109.6 107.7 107.9 109.2 111.5 113.9 114.4 114.7 113.7 113.6 117.4 120.7 123.4 124.6 125.1 122.8 120.2 130.6 138.4 140 138.9 138.7 138.4 139.2 140.8 143.3 146.3 148 149.9 152.7 154.5 155.7 157.6 159.6 160.8 161.8 163.5 166.1 168.2 170.2 171.9
83.6 83.8 84.3 84.5 84.2 84.5 84.5 85.5 86.1 86.5 86.3 87 88.8 89.9 92.4 94.8 97.6 98.9 99.7 99.2 99.6 98.7 99.8 101.1 102.1 101.1 101.8 102.1 102.3 103.3 101.9 103.4 105.1 107.4 108.8 109.9 110.6 111.1 111.1 110.6 108.8 108.5 110.9 112.4 114.7 115.7 115.4 114.9 115.3 118.5 122.2 124.3 126.6 127.3 126.9 120.6 125.5 131.8 135.4 135.7 136.2 136.5 139.1 141.3 143 144.7 147 148.8 152.1 153.6 154.9 157.9 159.2 159.9 161 162.6 164.8 166.3 168.4 169.9
