public/OST50/SJ99.asc
ncols 200
nrows 200
xllcorner 390000
yllcorner 390000
cellsize 50
[rows 108 to 143 of 200, columns 0 to 80 of 200]
81.5 82.6 83.7 84 84.2 84.7 84.6 84.9 85.2 85.3 85.3 84.2 82.8 77.1 80.7 83.2 81 80.9 79.5 77.8 78.2 77.8 79.2 78 81.4 82 82.5 83 86.3 90.8 91.6 89.9 84.8 80.9 85.9 88.3 89 89.6 89.9 91.1 91.4 92.3 93 92 92.1 91.2 91.1 92.3 91.8 92.9 93.2 93.3 94 95.2 96.3 97.5 98.2 99.5 101 101.3 101.5 101.7 102.2 101.5 101.8 101.8 101 100.4 99.8 99.8 99 98.7 97.9 95.6 92 93 95.8 98.6 99 97.8 93.3
80.2 79.9 82.6 83.5 84.3 84.5 84.3 83.7 83.9 84.8 85 84.7 83.6 78.5 79.6 82.3 80.7 79.1 76.7 70.5 67.4 69.9 73.7 77.1 77.1 81 79.3 80.5 78.9 84.4 86.4 85.2 79.6 82 85.9 86.8 87.1 87.7 88.9 89.6 91 91.6 91.9 91.7 91.2 91.2 91.1 91.4 91.6 92.8 92.7 93.9 94.4 95.1 95.5 96.7 97.6 98.4 99.8 101.1 101.5 101.8 101.9 101.6 101.1 101.6 100.7 101.1 101.2 101 100.6 100 98.8 96.5 97.2 98.9 102.1 104 104.3 100.7 93.5
82.4 81.8 76.2 82.7 83.3 84.2 83.8 83.3 82.5 84.1 85.1 85 83.4 79.5 83.1 79.4 79.1 77.7 74.8 63.6 75.9 75.3 75.1 77.4 72.8 72.9 76 78.5 78.3 75.7 78.7 79.1 77.9 82.2 83.6 84.9 86.7 87.7 89 90 90.1 90.7 91.2 91.1 90.6 89.6 90.3 91.1 92 92.4 93.7 94.2 94.2 95 95.4 95.9 96.9 97.9 99 100.4 101.1 101.7 101.6 101.6 101.4 101.2 101.7 101.9 102.1 101.7 101.4 101.5 100.3 99.4 103.4 104.9 107 108.1 106.5 100.5 90.5
83.5 83.7 83.1 79.2 82.5 83.1 83.5 82.6 81.3 82.6 84.3 84.9 84.4 83.1 80.4 76.1 76.7 75.2 72.5 65.5 77.5 78.3 79.6 77.4 79 79.6 81.3 82 82.6 81.6 78.6 78.7 82 83.9 84.9 86.7 87.8 88.7 89.2 89.6 90.5 90.1 89.6 88.5 89.4 89.5 89.3 90.8 92.1 92.2 93.2 94.4 95.2 94.9 95.2 95.8 96.5 97 98.3 100 100.7 101.2 100.7 100.9 101 101.2 101.7 102.5 104 104.6 104.1 102.1 101.4 106.4 107.9 109.1 111.3 111.3 108.3 98.9 84.3
84.1 84.1 84.3 83 82.4 81.7 82.2 80.8 78.7 81.5 82 83 83.7 82.6 80.7 78.3 74.4 65.7 66 71 76.1 78.4 80 78.8 79.9 82.8 83.7 83.8 83.9 83.7 83.3 82 83.6 85.2 86.2 87.9 88.7 88.9 89.5 89.5 88.9 87.3 84.5 84.7 87.2 89.1 89.7 90.3 90.7 91.7 92.9 95.4 94 94.6 95.7 96.9 96.5 96.7 98 99.5 100.2 100.9 100.8 101 101.4 101.5 101.9 102.7 104.5 105 104.5 103.7 105.6 108.4 110.1 110.7 112.5 113.2 110.8 97.2 76.2
84.4 84.3 84.8 84 83.3 81.4 80.6 78.2 76.6 78.4 78.9 80.8 82.1 80.2 79.8 78.3 73.7 61.9 66.6 75.8 77.7 79.1 80 81.3 76.6 84 84.1 84.7 82.9 84.1 84 83.5 83.3 85.9 87 88.3 88.9 88.7 88 87.5 85.1 82 84.7 87.5 88.8 89.1 90 90.8 90.8 91.8 92.6 93.3 93.8 94.4 95.5 97.3 96.4 97.2 98.1 99 99.7 99.7 99.9 100.2 101.4 101.7 102.5 103.8 104.9 105.6 105.1 106.4 108.7 110.3 111.4 112.5 114.7 114.7 111.5 98.9 77.7
84.6 84.3 84.7 84.3 83.7 81.9 79.8 78.5 77.4 75.9 73.4 78.4 77.7 76.5 76.3 74.2 66.8 61.6 73.7 73.6 77.8 79.4 81.2 82 76.8 83.7 84.5 84.1 83.7 83.4 83.2 82.8 83.2 84.6 86.2 88 88.4 86.9 84.6 83.3 82.7 85 88.9 90.6 90.8 90.8 91 91.1 91 91.8 92.5 93.2 93.3 93.6 94.4 97.1 95.5 96.5 97.5 98 98.8 98.6 99.8 100 100.5 101.5 103.7 104.5 105.4 105.8 105.7 108.5 110.5 112.1 113.1 115 115.9 115.5 113.8 103.9 86.7
85.8 84.6 84.4 84.1 83.4 82.2 81.5 80.4 78.8 78 78.7 81.7 72.6 73.2 72.1 66.9 59.7 69.8 76.7 78.3 78.2 79.7 81.3 83 77.1 82.4 83.8 83.8 83.5 83.3 83.2 83.1 83.1 84.3 86.3 87.5 87 82.9 77 79.7 83.7 88.1 89.8 91 91.2 91.9 92.3 92.3 91.5 91.6 92.6 92.9 92.8 93.5 94.2 95.4 96.3 97.1 97.5 97.9 98.1 99 99.4 100.2 100.7 102 103.8 104.5 105.4 106.3 107.2 109.6 111.7 113.3 115 116 116.4 115.9 113.5 108.3 93.8
85.9 85.1 85.1 84.4 82.7 82.4 81.8 80.8 75.4 79.1 81.5 76.4 71.4 67 65.3 58.5 69.1 74.8 78.4 80.1 80.8 81.9 82.9 83.7 78.2 79.1 84.1 83.9 83.4 83.4 83.5 83.5 83.5 84.4 85.5 85.9 84.6 76 75.8 82.6 86.9 88.4 89.4 89.9 90.1 91.1 91.7 91.7 90.8 91.5 91.8 91.4 91.8 93.2 94.3 94.9 97.1 97.2 97.8 97.2 97.3 97.6 99.5 101 101.5 102.2 103.5 104.3 104.9 106.2 109.1 110.9 112.5 114.1 115.4 115.7 116.2 115.5 112.5 106.4 96.7
84.5 84.9 84.5 84.1 83.3 82.6 81.6 81.5 80.7 76.3 81 82.6 76.7 66.3 60.5 67.7 77.7 79.4 80 81.4 82 82.3 83.6 84.1 81.9 75.6 83.4 83.7 83.7 83.5 83.6 84.1 84.1 84.6 85.2 84.5 78.6 70.1 79.2 84.7 86.7 87.6 87.9 88.5 88.6 89.7 89.8 90.3 90.2 89.5 89.7 89.8 91 93.3 94.1 94.9 97.3 97.7 97.1 97.2 97.3 97.7 99.2 100.4 101 102.7 104.2 104.6 104.9 106.7 109.6 111.6 113 114.6 115.6 115.6 115.5 114.8 110.8 104.8 95.8
77.8 77.8 83.3 82.2 82 82.1 81.1 79.4 79.4 79.1 78.2 80.2 70.3 60.2 67.1 75.9 79.4 81 80.7 81.8 82.3 82.9 83.8 84.4 83.8 75.7 83.4 84.6 84.2 83.6 83.8 84.2 84.2 84.2 84.7 83.2 72.7 72.9 81.2 84.6 84.6 85.7 86 86.2 86.5 87.7 86.8 88.8 89.6 88.1 86.7 87.8 90.7 93.7 94.2 95.3 97.7 97.8 97 96.7 97.1 97.4 97.8 98.7 100.1 102.7 104.9 105.1 106.6 108.7 110.2 112 113.4 114.5 115.3 115.5 114.8 113.5 108.8 100.6 90
76.1 75 75 77.8 78.8 79.1 79.3 77.9 80.2 76.9 74.5 75.9 62.3 61.2 73.1 77.5 79.6 81.2 81.5 82.4 82.5 82 82.6 83.7 84.4 75.2 80.6 84.5 84.3 83.8 83.9 83.9 83.1 83.9 84 82.4 72.4 74.2 81.7 81.9 81.1 81.7 82.6 82.7 84.5 84.9 83.7 85.4 85.4 82.8 87.5 89.4 91.9 93.3 94.2 95.1 97.3 97.2 96.2 94.1 94.9 96.9 97.5 98.6 101.2 103.5 105.4 106.6 107.9 109.8 111.1 112.1 113.3 114.1 114.3 113.8 113 110.6 106.6 94.9 83
76.8 75.2 75.5 75.9 77.6 78.4 80.6 78.9 75.9 74.4 73.8 67.1 57.5 67.5 75.8 75.6 78.1 79.5 80.2 80.8 81 80.3 81.5 83 84.1 78.5 74 84 83.8 83.4 83.2 81.8 81 81.3 81.3 79.6 70.2 72.8 78.7 79.2 78.4 78.8 80.4 80.7 81.3 80.7 79.4 80.2 82.2 86.2 89.6 90.9 92 92.9 93.3 94.5 95.1 93 90.5 88.9 91.8 96.6 98.3 100 102.5 104.3 105.6 107.2 109 110.4 111.5 112.4 112.7 113.4 112.8 112.5 111.3 108.5 100.3 86.6 75.9
77.6 76.4 75.4 75 76.1 77.9 79.8 74.6 73.3 72.9 70 73.2 59.4 70.6 73 73.7 75.3 76.9 77.9 78.6 77.4 78.6 81 83 83.9 82.1 72.9 82.7 82.5 80.4 79.4 75.3 72.9 73.7 74.1 72.6 68.9 66.8 73 73.3 69.1 67.8 73.3 77.5 78.1 76.5 79.2 80.9 84.6 87.1 88.9 90.3 91 91.7 92.1 93.6 92.8 86.2 84.8 90.8 96.8 99.1 100.2 101 102.9 104.8 105.9 107.6 109.2 110 111.4 112 112.1 111.8 111.1 110.4 108.4 105.2 92.9 76.4 72.3
77.2 76.7 77 77.2 77.4 79.8 75.7 73.4 70.7 69.9 68.1 69.3 62.7 68.6 69.8 70.9 72.3 73.9 74.9 75.5 76.3 78.6 80.6 82 82.1 83.4 72.1 77.3 79 73.8 70.3 67.2 66 65.8 66 66.4 65.9 62.9 66.5 65.1 62.5 63.1 66.9 74.9 70.6 74.7 78.5 79 79.9 80.5 83.4 85.3 87.7 90.6 91.5 92.2 92.8 81.4 87.7 94.6 97.9 99.6 100.2 101.3 103 104.9 106.3 107.5 109.1 110.3 110.8 111.2 110.9 110.8 110 108.1 106.3 102.1 87.3 73.2 76.4
78.5 79.1 78.3 78.8 79.8 77.6 74.1 71.3 70 68.2 64.3 64.1 66.2 66.3 67.5 68.8 69.9 71 72.3 73.5 76 77.5 79 80.2 80.2 81.6 72.4 70.1 70.5 69 69.7 63.3 63.5 62.8 61.3 60 59.9 57.8 53.6 55.2 56.2 60.9 66.3 67.5 67.6 70.6 72 69.4 66 66.7 72 76 78.5 88.2 91 91.5 85.1 80.6 89.9 96.2 98.1 99.4 100.2 101 102.4 104.7 106.1 107.6 108.9 110.7 111.1 111.1 110.8 110.1 109 106.6 104.6 97.3 83.4 73.5 74.6
80.5 80.5 80.1 79.7 74.9 75.5 73.1 69.9 68.2 65.6 62 58.8 71.7 62.1 63.1 65.3 67.8 68.1 70.6 72.3 72.6 74.3 77 77.6 78.7 73.6 67.9 69.2 74 74.5 71.7 62.5 59.7 55 55 58.4 57.6 53.4 53.4 53.2 55 57.5 63.2 64.7 66.4 65.3 63.6 59 57.9 59.4 65 69.7 83.3 89.2 90.6 88.4 76.2 83 90 95.2 97.6 98.8 98.9 101 101.8 103.2 105.3 107.5 108.9 110.1 110.6 110.7 110.1 109.8 108.6 106.5 103.3 94.7 81.6 70.5 77.7
81.2 81.4 79.7 78.3 77.1 73.3 69.3 66.2 63.9 62.8 60.7 54.5 70 61.6 61.2 61.1 61.2 58.3 60.2 63.7 66.1 69.7 74.1 75 71.6 63.3 63.6 68.2 70.7 68.2 65.5 61.2 56.7 54.4 54.8 56.5 54.8 52.7 54.3 55.2 54 56.7 60.9 61.7 64.5 62.8 56.7 58.8 59.7 59 63.2 71.9 84.1 87.8 86.8 79.1 74.1 81.6 87.6 93.3 96.1 97.3 98.2 98.8 100.8 102.6 106 107.6 108.6 109.6 110.1 109.7 108.8 107.5 105.7 104.6 101.4 90.9 80 68.6 77.9
81.5 79.8 74.8 73 71.9 69.8 66 63 61.7 60.9 57.1 54.4 62.1 57.8 55.9 54.9 52.5 52.5 52.3 52.4 55.4 59.7 62.7 62 58.3 53.5 60.6 66 59.5 57.2 57.5 57 56.3 55 54.1 54 54.2 51.9 54.6 55.5 56.7 54.1 58.7 61.6 61.5 60.1 57.7 58.5 59.4 60 61 68.3 79.3 84.3 75.7 67.8 73.8 78.3 82 89 93.5 96.5 96.9 98.8 101 102.3 105.1 106.9 108.1 108.7 108.9 107.9 105.6 104.4 102.1 99.1 94.3 85.1 75.2 68.9 79.2
80.4 80.1 78.5 73.8 69 64.1 61.9 61.8 61.4 58.2 54.4 54.4 52.6 52 49 50 50.2 50.9 52.1 52.2 52.2 50.5 52.3 52.4 53.1 53.1 57.1 52.5 52.7 53.7 52.6 52.7 53.7 53.5 53.8 53.9 53.6 52.9 54 56.1 57.3 56.1 54.1 59.3 61.3 59.7 56.9 58.2 56.9 60.4 59.4 63.1 69.6 69.5 68.6 75.9 81.8 85.3 85.8 87.6 91 95.6 97.1 99.3 101.1 102.9 104.7 105.8 107 107.2 106.7 105.2 102.1 99.8 97.1 92.7 87.5 78.9 72.6 71.1 79.6
80.6 80.1 78.2 70.6 64.7 61.6 60.9 60.7 60 54.4 52.3 50 50.4 49.9 50 48.8 50.7 52.2 52.4 52.5 50.3 52.9 51.9 52.5 53.1 53.1 52.3 54 65.5 65.2 62.7 55.6 50.9 52.7 53.1 53.7 53.8 54.2 53.3 55.9 56.9 57 57 55.7 60.2 60.2 62.1 60.8 59.4 56.9 63 59.2 61.6 64.7 73.5 80.9 86.2 88.6 90.9 91.8 93.7 94.9 96.2 99.7 101.3 103 104.2 104.6 105.1 105.5 105.2 102.7 98 93.8 89.4 84.1 80 73.3 71.9 72.1 78.8
80.8 79.6 76.8 68.7 62.8 61.4 60.5 58.5 54.9 50 50 50 50 49.1 50.7 50.3 49.8 50.9 52.7 52 50.7 50.8 51.6 53 52.5 50.8 55.3 62.4 65.8 66.2 68 63.7 60 60.9 56.4 52.6 53.7 53.9 52 53.7 57.3 57.5 56.5 55.6 59.7 60.6 61.7 59.5 57 59.9 63.6 62.6 59.5 65.8 73.7 80.4 84.7 87.3 88.7 90.8 92.8 94.9 96.6 99.6 101.3 102.8 103 102.5 103.2 103.9 103.5 99.8 94.5 88.2 81.4 78.4 74.6 71.1 71.8 72.1 78.6
80.4 79.2 72.9 65.1 61.6 60.7 58.3 55.4 52.7 50 49.3 49.6 48.5 51.6 53 53.6 54.1 51.6 50.3 50 52.3 53.3 52.1 53.2 51.7 52.8 56.2 63.6 67.4 65.1 70.2 67 66.3 67 67.2 61.1 53.2 52.2 53.9 54.9 57.7 57.7 55.1 58.6 59.5 61.5 59.3 57.4 60.1 61.4 63.4 63.5 62.3 61.2 69.5 76.4 80.7 83.1 85.4 87.2 90.8 94.1 96.5 98.6 99.9 101.9 100.9 100.3 101.5 102.3 100.5 95.7 89.6 82.1 77.1 73.9 71.1 71.7 70.7 72.4 79.5
80.1 78.3 70.6 63.5 61.4 59.2 56.6 54.1 53.3 49.3 50.5 51 50.8 62.1 62.1 53.9 58.1 57.9 53.2 52.7 52.1 52.9 50.7 50.6 54.6 55.8 54.2 61.4 67.7 66.1 69.5 67.7 67.9 68.4 69.6 70 68.1 62.4 55.8 57.5 58.9 56.4 55.9 58.1 60 61.5 54.9 60.9 61.9 61.2 64.1 64.8 64.8 61.9 62.3 70 75.5 77.3 79.5 83.9 89.2 94.1 96.4 98.4 99.6 100.6 98.5 98 100.1 99.2 95.1 88.8 82.3 76.1 72.6 71.7 71.3 71.7 70.4 72.5 76.2
79.7 77.3 68.7 63.2 61.8 59.4 54.1 53.5 54 51.7 48.2 49.8 51.3 60.4 65.2 61 66.7 65.5 59.8 53.3 52.7 53 53 53.3 52.8 53.1 53.9 56.4 63.7 67.2 67.6 69.6 68.8 69.7 70.6 71.9 74.6 72.3 70.1 67.6 63.6 56.2 56 57.3 56.5 56.7 64.3 60.7 61.7 63.3 64.3 64.6 65.1 64.5 60.2 65.9 70.7 73.8 76.5 84.7 90.6 95.1 97.1 97.8 98.3 97.6 96.5 96.9 97.8 94.9 88.4 79.9 72.9 70.2 70.8 70.7 71.1 71.3 70.8 79.1 84.6
79.2 74.4 68.4 62.3 60.4 56.9 53.3 53.3 54.1 55 53.4 48.4 51.2 58.9 71.4 71.6 77.4 75 70.9 63.4 55.2 53.8 54.1 53.5 55.4 53.6 54 60.6 60.2 66.2 68.2 69.9 69.4 70.3 71.7 73.2 74.7 76.3 77.9 79.1 71.4 57.4 56.2 57.1 57.8 60 62.5 65.8 68 70.8 70.5 71.4 68.5 66.4 59.6 65.2 68.8 73.3 77.9 84.7 90.6 94.1 95.5 96.2 95.8 94.8 92.9 93.2 93 89.5 81.4 71.8 69.9 70.1 69.8 70.5 71.1 71.1 78.5 86.2 92.2
76.8 74 69.3 60 57.5 55.6 52.9 53.4 52.4 52.8 54.4 51.6 49.5 59.6 71 81.8 83.8 83.8 81.5 77 72.4 69.8 67.4 66.3 65.9 60.9 62.8 68.6 69 65.7 69 70.9 70.8 71.9 73.3 74.7 75.4 77.4 78.8 81.9 77.5 65.4 61.1 63.4 64.4 65.6 68 68.9 72 72.8 72.8 73.2 73.5 70.8 64.5 63.2 67.4 72.6 79.2 84.2 88.9 90.4 91.9 93.1 92.7 92.3 90.1 87.9 87.4 82.5 74.3 69.2 69.6 69.8 70.8 72.8 75.8 81.7 89.3 94.6 99
73.8 71.2 66.9 57.5 55.9 52.5 50.4 50.3 51.2 51.3 50.4 47.7 56.6 65.9 75.6 77.7 84.2 85 85 84.7 83 78.7 77.2 74.4 73.7 70.1 72.4 72.4 71.9 68.5 69.7 71.5 73.5 74.7 75.8 77.1 78.1 79.4 81.4 83.3 83.6 79.7 76.3 76.6 76 72.8 72.7 74 72.8 77.4 74.7 75.8 75.6 76.3 72.6 62.9 65.6 69.5 78.7 83.8 86.8 87.6 89.1 90.1 90 90.1 88.6 83.9 81.5 76 71.7 68.6 68.8 69.5 70.8 74.7 79.5 88.8 93.7 98.3 102.7
78.8 74.8 65.7 53.7 53.2 49 47.9 48.9 50.2 51.4 47.3 52.9 63.5 70.2 79.2 75.6 83.2 84.8 85.2 85 85 84.1 80.3 80.1 77.8 74.7 77.7 76.5 75 72.4 70.5 71.7 76.1 77.7 78.8 81.2 82.7 82.4 82.8 85.5 87.4 88.2 87 85.5 84.6 83.8 83.7 81.1 78.1 80.7 80.1 79.5 77.8 77.5 77.5 72.4 65.1 66.1 75.7 82.4 84.9 86.4 87.6 88.2 87.9 87.5 85.7 79.8 75.6 71.3 69.8 68.9 68.4 68.4 70.1 77.6 88 90.6 93.4 98.6 104.1
78.9 74.9 65.1 54 50.5 47.2 49.3 48.4 48 49.4 49.4 59.4 66.4 71.5 80.1 81.1 75 84.1 85.4 85.3 84.7 85 84 84.7 82.8 80.3 79.1 78.4 79.2 78.6 72.7 72.6 78.7 81.2 82.3 84.2 85.4 86.4 88.3 87.9 89.1 88.9 89.6 90.8 90.1 90.3 88.1 80.4 85.4 84.6 83.3 81.6 80.2 78.5 78 76.4 73.4 65.7 68.7 78.1 82.9 85 86.1 86.8 86.3 83.2 78.8 72.4 72.1 70.6 68.6 69 67.4 68.2 71.4 80.9 90.9 95.3 97.6 99 101.6
74.8 68.7 60.8 55 50.9 47.3 49.3 53.7 52.1 50.6 57 64 68.9 74 80.4 81 81.6 83.5 84.1 85.3 85.8 86.3 85.7 85.2 83.8 83.8 82.8 82.1 82 80.9 72.5 73.4 77.8 84.7 85 86 87.3 88.2 88.8 89.4 89.1 89.3 88.3 91.3 91.7 90.8 85.1 89 88.5 89.1 88.1 84.4 81.8 79.9 79.6 78.3 78.2 71.7 62.6 72 80.2 83.6 85.1 85.5 82.1 76.8 70.8 69.4 70.5 69.5 68.6 69.2 67.9 68.1 72 81.5 95.4 96 99.1 102 104.7
77 69 59.1 50.5 49.4 47.2 48 48.6 54.7 56.5 60 64.4 71.8 75.8 78.5 79.6 80.7 80.4 83.6 84.7 85.6 85.9 86.6 85.5 84 84 84.6 84.6 84 81 77.7 74.4 76.1 84.4 86.4 87.1 88 88.2 89.1 90.2 90.1 90 88.7 90.1 89.4 87.2 87.7 89.8 91.8 93.7 89.8 86.4 83.5 81.4 80 80.3 80.4 76.7 64.7 65.7 74 82.4 84 82.9 73.3 69.1 68.9 68.6 69.2 69.2 68.8 68.7 68.5 67.3 73.6 79.8 91 97.1 101.7 103.5 106.3
79.7 73 59.3 49.1 49.3 47.6 47.7 49.1 54.3 55.8 58.3 64.3 68.9 73.1 76.9 79 80.5 82.1 79.9 84.7 85.2 85.6 86.5 86.2 85.5 85.3 85.3 85.8 85.8 83.6 80 75.8 75.4 84.2 86.2 87.1 88 88.6 89 89.9 90.5 90.3 88.7 87.9 87.9 87.6 88.6 89.7 93.4 94.8 91.6 89.3 86.4 83.1 81.6 81 81.2 80.2 75.5 64.4 63.9 68.7 70.9 71.5 67.9 67.8 68.2 67.4 65.5 66.5 66.2 66.7 67.2 69.4 79.4 87.8 92.5 99.3 102.5 104.7 107.5
82.2 71.1 55 48.6 48.8 46.8 47.6 49.5 52.7 54.9 57.9 62 69.5 75.6 78.9 81.2 81.9 82.6 82.5 82.4 82.6 85.1 86.6 86.7 86.4 86.7 86.6 86.4 86.2 85.5 82 76.7 75.9 84 85.7 85.5 86.9 87.1 88 88.7 89.2 89.2 88.8 87.3 86.9 86.8 87.4 89.6 92.3 94.6 92.6 89.8 87 84.5 82.6 81.8 82 81.5 80.8 78.5 74.5 71 68.8 65.6 67.4 68 67.3 67.3 67.6 67.9 68 69.1 72.7 79.3 88 95.9 97.1 100.4 103.5 105.9 108.2
82.7 70.1 52.2 47.9 47.8 46.5 47.3 48.7 49.3 57.7 59.1 63.8 69.7 74.3 79.5 81.6 82.2 82.9 83.3 83.8 85 79.4 86.7 86.7 87.2 86.9 87.4 87.1 87 86.1 83.3 79.3 76.4 84 85.8 86.2 86.8 87.8 88 88.8 89.3 89.3 88.9 88.7 88.4 86.7 87.4 88.3 89.2 90.1 89.3 88.2 87.4 85.8 83.7 82.6 82.1 81.8 81.2 81.7 82.1 81.2 81.9 76.1 68.8 65.5 66.2 67.6 71 72.4 73.5 76.2 82.5 89.2 94.7 97.1 99.6 101.5 105.2 108 111.5
82.4 74.2 59.3 48.4 46 46.5 48.1 48.1 48.4 55.1 58 61 68.3 74.5 77.5 79.3 80.6 82.5 83.6 84.8 85.3 85.7 85.9 83.9 86 87.4 88.1 87.3 87.1 86.6 85.5 81.9 76.3 82 86.2 86.7 87.6 87.9 89.2 89.2 89.1 89.3 88.4 88.5 88.4 87.3 86.7 87.4 87.6 88 89.7 88.8 88.3 88.1 85.5 83.9 83.2 82.9 82 82.9 83.5 83.9 84.4 86.6 81.1 73.6 72.4 75.2 80.7 82.4 83.3 85.4 91.5 95.4 97.2 98.5 102.8 105 108.3 112.6 108.4
