public/OST50/SJ99.asc
ncols 200
nrows 200
xllcorner 390000
yllcorner 390000
cellsize 50
[rows 0 to 35 of 200, columns 81 to 161 of 200]
131.7 130.8 130.3 130.8 133.7 135.2 138 143.2 146.4 148.2 146.8 144.1 142.9 142 142.1 142.5 145.4 146.5 147.9 149.6 152 153.2 153.6 154 154.3 156.1 157.4 158.3 158.6 158.5 156.8 156.5 150.7 151.2 157.9 161.2 162.2 163.6 164.8 168.4 170.8 170.1 175.8 183.3 191.6 198.2 202.6 203.3 203.7 209.3 212.1 207.5 193.4 180.7 175.3 172.4 166.2 162.6 157.7 160.6 160.5 157.3 152.2 143.3 133.6 120.9 119.3 119.1 118.7 118.2 124.2 132.3 133.5 137.4 139.5 141.9 144.6 147 150.9 152.4 156.8
129 127.5 128.9 129.4 131.1 133.3 137.6 141.5 144.5 145 144.3 142.1 142.2 141.9 142.1 143.7 144.9 146.2 147.4 148.8 150.4 151.3 152.5 154 153.8 156.5 156.8 156.4 156.7 157.2 155.2 148.6 150.4 156.2 160.7 162.6 162.9 163 163.9 166.6 168 169.9 177.1 182.7 190.7 197.9 203 204.2 203.5 206.4 210.8 207.2 189.2 177.3 173.4 170.8 176.6 164.2 155.3 149.4 154.9 153.2 148.6 139.9 129.6 119.9 118.7 116.1 117.6 119.4 121 127.6 132.7 136.9 139.6 142.1 144.7 147 149.1 153.4 156.8
125.6 126.2 126.4 128 129.9 131.6 135.8 139.9 141.1 141 141.5 140.8 141.2 141.1 142.3 143.4 144.6 145.8 146.6 148.1 149.2 149.2 150.3 153.7 154.1 155.4 156.1 154.7 156.3 156.2 153.5 148.1 152.7 157.7 160.6 163.1 163.6 163.2 164.5 165.6 166 169.3 176.8 180.7 188.3 196.1 201.6 203.3 203.1 205 208.7 206.4 187.8 174.5 170.4 168.1 172.2 167.2 160.2 148.1 150.1 148.4 144.1 139.2 123.9 118.8 116.6 118 119.2 121.7 120.7 126.7 132.2 135.8 138 141.1 144.4 147.4 150.8 154 157.6
124.1 124.1 124.9 126.1 126.9 130.2 133.8 137.8 138.6 138.7 139 140 140.7 140.5 141.7 143.1 143.9 145.2 146.6 148 149.5 149.3 149.3 153.2 153.6 154.8 155.5 155.9 156.1 155.8 153 147.6 152.1 156.8 157.9 161.3 162.4 162.8 163.2 164.4 164.4 168.3 173.5 178.8 185 194 199.8 202 201.9 203.6 206.9 203.2 186.2 170.9 167.1 164.4 168.9 163.1 156.6 148.1 142.7 143.2 139.4 129.9 122.6 118 115.7 117.6 121.1 125.4 125.8 126.3 127.8 133.1 137.2 142.1 144.8 147.5 151.3 154.4 158.1
122.1 122.1 122.5 124.4 126.1 128.5 132.4 135.3 136.4 137.2 137.1 138.5 139.5 139.8 141 142.2 143.3 144.3 145.8 147.9 148.6 149.4 150.5 151.7 151.9 152.9 154.5 156.8 157.9 156.3 153.5 147.7 146.7 155.1 157.4 157.7 160.4 160.8 161.4 162.9 165.7 168.9 170.3 176.3 183.5 191.4 198 200.8 201.9 202.9 205.2 202.9 185.1 169.6 165.2 161.1 164 158.4 152 146.4 139.6 139.3 136.4 133.7 120.6 116.8 117.3 117.9 124.8 133.4 134.4 128.7 124.2 127 135.4 141.7 145.1 148.2 151.2 154.5 157.4
120.6 120.6 121.3 123.2 124.2 126.5 129.5 132.3 134.2 134 134.4 136.9 138.1 138.8 140.1 141.2 142.6 144 144.8 146.4 147.7 149.4 150.3 151.1 151.3 152.6 156.5 157.8 158.6 156.8 153.2 145 145.2 152.3 155 156.8 158.4 159.2 160.2 162.6 165.2 167.3 168.4 174.3 180.1 187.5 193.9 198.9 201.5 201.9 203.4 200.8 183.2 165.5 160.3 158.3 159.7 155.1 147.3 142.1 137.4 136.5 133.3 129 119.9 115.5 117.6 117.9 128.4 144.2 146.1 141.9 130.4 124.3 131.4 139.8 142.5 145.2 150.6 154.4 156.7
119.3 120 120.4 121.5 123.2 125.5 127.9 130.2 131.4 131.7 133.3 135.8 136.9 138.3 138.8 140.5 141.8 143 144 145.9 146.8 148 149.2 150.3 151.3 155.4 157.5 158 158.4 156.9 152.7 144.5 143.8 150.5 152.9 155 156.5 158.5 161 162.2 164.1 164.9 167.8 173.6 179 185.4 193.6 199.9 200.9 201.5 201.2 198.5 180.5 163.2 155 155.5 155.6 149.6 142.9 139.4 136.1 129.3 128.7 125.6 118.7 115.9 117.5 120.4 126.9 140.7 147.7 147.1 136.5 129.3 127.8 137.4 141.6 144.7 150.3 154.4 156.8
118.9 118.9 119.2 120.6 121.7 124 125.4 127.8 131.2 132.6 134.5 135.6 136.1 137.4 138 139.1 140.6 141.4 143.2 144.3 144.9 146.9 148 147.7 152 154.6 157 157.9 158 155.3 151.5 144.6 143.8 145.8 151.3 152.8 155.9 159.8 161.5 162.1 162.7 164.9 167.8 172.3 179.2 186.4 193.1 201.8 203.2 200.3 199.6 195.1 176.8 159.7 153.8 151.4 151.4 146.3 140.1 137.1 130.9 122.4 121.3 122 117.8 117.5 117.6 120.7 125.8 139.1 146 146.5 140.7 134 129.3 135.3 140.7 145.3 149.2 153.5 157.2
119.8 120.3 120.8 121.3 122.8 122.6 122.5 125.3 130.1 133.5 134.5 135.4 135.5 136.1 136.8 138 139.4 141 142.4 142.9 143.9 145.6 146.3 146.1 150.3 153.7 156.3 157 157.6 154.7 151.7 145.3 143.8 144.9 150.7 152 156.4 159.8 160.1 160 162.5 165.8 168.6 172.9 178.7 184.8 192.6 201.5 204.2 200.1 197 191.1 173.5 155.9 149.3 146.2 146.1 142.5 137.6 132.6 124.8 120.3 119.9 120.8 118.5 117.3 119 120.5 126.4 137.7 144.1 146.6 144 137.4 133.5 133.3 139.4 143.2 147.4 151.7 155.7
121.2 121.3 123.9 125.1 125.5 125.3 126.1 128 130.7 132.6 133.9 135.5 135.2 135.3 136.1 137.4 139 140.3 141.5 141.6 142.4 143.6 144.5 145.4 148 151.7 154.5 156 156.6 155.7 151.3 145.8 141.1 145.5 150.8 151.2 155.5 158.8 158.6 160.1 162.5 165.6 168.8 172.4 177.6 183.4 191.4 199.1 204.1 201.2 193.9 185.1 168.6 152.2 145.5 140.8 141 138.8 134.3 128.2 121 120.2 118.1 117.3 116.7 117.3 123.4 127.6 130.7 140 144 147.9 147.1 141.8 133.6 132.9 137.8 142.1 146.1 149.5 154.2
122 121.8 124.7 126.3 126.7 127.4 128.1 129.2 130.5 132.5 134.9 135 133.1 133.5 135 137 138.4 139.6 140.2 140.4 141.1 142 143.6 144.7 144 148.3 151.8 154.4 155.2 153.2 148.6 143.9 143.9 147.2 149.8 150.4 153.5 157.3 157.4 158.3 160.7 163.5 166.9 171 175.6 181.3 189.4 196.9 204.7 202.1 193.6 184.1 167.1 150.4 142.5 138.1 136.5 134 131.4 123.1 120.1 118.2 117.4 117 116.1 120 130.1 137.7 138 142.4 145.4 149.1 150.5 147.4 140.1 135.4 136.3 140 144.8 148.9 152
120.1 122.4 123.7 125 126.3 126.9 127.9 129.2 130 131.5 132.6 130.5 131 132.1 134.6 136.5 136.7 137.3 138.8 139.4 140.2 140.8 142.1 142.7 143.4 145.2 147.8 150.2 151.1 150.5 145.8 143.9 143.9 144.5 147.9 149.8 153.3 156.1 156.1 156.2 158.3 161.5 165 168.9 173.7 179.9 187.8 193.6 201.9 202.6 193 183.7 168.1 147.9 140.1 135.5 132.7 131 127.1 119.8 118.7 117.7 116.7 116.7 115.6 122.3 131.9 141.4 142.5 145 148.3 151.9 154.9 152.3 147.9 142.2 138.6 136.7 140.6 148.2 152
117.4 117.4 120 122.3 124.9 126.2 126.5 127.9 128.6 128.6 127.6 128.6 129.7 131.7 133.6 135.4 135.3 135.8 137.3 137.7 138.5 139 139.4 138.9 139.2 142.1 144.8 146.9 148.1 147.8 143.9 143.9 143.9 146.2 146.8 149.7 153.8 154.1 152.8 153.3 156.7 159.7 163.1 167.6 173.4 179.3 184.8 187.3 192.4 199.3 191.3 183.3 167.9 149.1 137.8 134 130.1 126.9 121.2 118.2 118.3 117 117 114.7 117.7 126.8 137.6 143.1 144.8 145.8 148.9 153.4 156.3 156 154 149.9 143.9 137.7 137.8 144.6 148.7
116.1 116.4 114.6 119 121.6 122.4 124.9 125.5 125.4 125.4 125.9 127.4 128.5 129.5 130.6 132.3 133.8 134.8 135.9 136.5 137.8 138.3 138.3 134.4 133.2 137.6 141.4 143.8 145.5 144.7 143.9 143.9 144.1 146.4 146.8 148 151.7 150.4 150.6 148.8 155 158.1 161.8 166.8 171.9 176.6 181.3 182 184.5 193.8 190.8 182.3 169.3 152.7 135.9 132.1 126.7 125.9 120.9 116.6 116.1 117 116.9 116.1 120.9 130.5 142 143.9 146.8 149.1 151.8 154.9 157.1 158.4 157.9 155.1 151.2 144.5 137.8 141.6 144.4
114.4 116.4 118.7 120.3 119.9 113.1 122.7 121.9 123.4 123.2 124.9 126.6 127.6 127.9 129.3 130.7 132.5 134.1 135.1 136 136.2 137.3 137.2 130.7 131.1 133.8 137.5 140.9 141.7 141.9 143.9 143.9 144.6 147.2 146 147 149.3 146.7 146.7 147.4 151.5 155.9 159.5 164.4 168.3 173.5 177 179.1 181 186.1 189.5 181.1 169.7 154.7 138.3 131.1 126.2 124 119.7 116.3 115.9 115.5 114.4 120 126.7 139.3 147.1 146.9 147.9 151.1 153.8 157 158.8 160.6 160.3 157.1 154.7 149.8 141.7 140.2 142.2
113.5 115.6 117.7 118.2 118.9 119.7 120.4 116.8 120.3 122.6 124.6 125.3 126 125.8 128 129.7 131.7 133.2 133 134.9 135.7 135.9 134.7 128.1 130.5 132.5 134.8 136.1 133.9 130.2 139.7 142.9 144.8 144.4 145.2 146.5 147.2 146.3 146.5 148.5 151.1 153.6 157.1 161.9 165.3 168.7 172.2 174.1 176.1 180 185.4 180.1 169.7 155.1 138.4 127.9 122.9 118.6 117.3 113.4 116 116.9 118.2 123.3 129.4 140.5 146.4 147.3 148.6 152.1 155.5 158.5 159.9 161.6 161.4 159.2 156.3 153.4 148.9 146.3 141.8
112.3 113.8 115.2 115.2 116.8 117.6 118 118.5 114 121.6 123.9 124.7 124.4 124.9 126.9 128.4 130 131.3 131.7 133.8 135.2 134 130.3 124.5 130 130.8 131 128.8 126.3 133.3 140 141.3 140.9 141.5 143.6 144.3 144.9 144.9 146.2 147.2 148.9 153.1 156.2 159.8 161.9 163.2 165.9 168.7 170.2 175 179.4 176.8 167.2 153.3 137.9 124.1 124.4 117.3 114.5 114 115.8 117 120.1 125.9 131.1 138.6 146 149.6 151.8 153.4 156.4 158 160.1 162.1 162 159.7 157.8 156.1 154.9 153.9 148.7
110.3 111.3 111.5 112.4 115.3 115.3 116 116.5 117.5 114.1 122.1 122 122 123 124.2 125.2 127.9 129.5 130.5 132.4 133 131.9 128 123.8 129.7 128.7 125.4 121.3 129.8 136.2 139.9 139.8 139.6 139.6 139.6 141.5 142.2 141.6 142.8 145 148.9 152 153.9 156.1 157.2 157.9 159.3 162 165.8 171.1 172.8 172.4 162 148.7 136 122 112.8 115.2 113.9 115.4 116.2 118.1 123.9 130.1 134.2 139.4 144.9 148.2 150.4 153.9 153.9 154.7 157.5 162.5 163.2 161.4 161 160.2 159.3 159.5 157.7
109.7 110 110.6 110.9 112.5 113.1 114.8 116 117.2 117.2 114.4 120.9 120.9 122.1 122.3 123.8 126.3 127.8 127.8 130.3 129.9 129.5 126.6 124.1 126.1 123.7 119.2 125.2 132.8 136.4 136.8 137.2 138 138.2 138.3 137.9 139.2 139.2 140.4 143.8 146.9 149.7 152.3 152.8 153.3 153.3 153.5 154.8 157.4 164 165.5 163.7 155 143.8 133.8 115.7 115.4 113.8 111.9 116.4 116.7 120.2 128.1 135.5 139.3 143.3 146.7 148.4 151.1 150.8 149.4 151.9 157.4 161.6 164.9 165 164.8 164.3 163.2 164.4 165
110 110.1 108.2 108.3 108.1 112.6 114.6 115.5 116.6 117.5 117.2 118.3 120 121 121.4 122.7 124.2 125.7 126.4 127.5 126.6 126.7 124.3 120 121.9 118.7 117.8 127 131.2 133.9 133 134.1 135.8 137.2 138.2 138.6 137.3 137.2 138.9 141.6 144.6 147.6 150 149.9 149.1 148.4 148.8 150.8 154.6 158.4 157.7 157.3 149.4 138.3 126.6 115.2 114.3 113.8 113.7 115.9 117.4 123.6 130.6 137 141.5 145 146.6 148.4 147.5 146.7 146.9 149.8 154.6 160 164.3 167.3 168.4 168.3 167.4 168.9 168.5
110.4 110.7 106.9 106.3 108 111.7 111.9 113.2 115 116.9 117.7 117.5 118.9 119.9 120.3 121.5 122.8 124 123.8 124 123 123.1 121.4 118.1 117 114.1 122.1 128.6 128.9 129 127.5 132.8 134.6 136.1 137.6 136.8 135.3 135.2 137.2 139.7 142.6 145.3 147.4 147.3 146.8 144.9 144.8 146.7 150.5 154.4 155.1 152.6 143.7 132.5 120.9 114.5 113.5 112.7 114.5 116.7 119.6 125.9 132.7 138.1 141.6 144.2 145.1 145.7 144.8 143.2 143.5 146.9 151.7 157.8 165.5 168.9 171.4 172.2 172.1 171.8 171.9
108.3 108.4 107.3 105.1 107.2 113.3 115 115.9 117.4 118.6 118.2 117.5 114.2 118 119.6 120.4 121.5 122 121.7 120.4 120 119.6 117.6 114.3 113.5 116.2 124.3 126.1 126 125.4 126.7 131.6 133.4 135.1 135.7 134.8 133.7 133.1 135.4 137.9 140.6 143.1 144.9 145.3 144.2 141.8 142.1 145.1 149.8 153.6 153.6 145.3 135.7 124 115.4 114 113.8 111.1 115.4 117.5 120.4 126.6 133.2 138.1 141.1 142.3 143.1 141.9 141.9 141.4 142.3 146.1 151 155.7 162.4 168.5 173.4 174.7 175.2 177.3 177.2
108.6 109 108.7 99.8 107.9 110.7 113.2 115.6 117.2 117.9 117.6 117.1 115.8 115.3 119.3 120.6 121.4 120.8 119.7 118.2 117.2 116.3 113.7 113.2 113.9 118.9 122.6 124.4 124.2 123.6 127.5 129 131.6 132.3 132.5 132.2 132.1 131.6 132.9 134.9 136.9 140.1 141.3 141.9 140.3 138.4 139.3 143.1 147.7 149.1 144.7 136.6 123.4 116.2 113.6 114.2 113.6 112.5 117.1 120.5 122.5 129 132.1 136.3 139.1 140.6 141.6 138.2 140.7 141.6 141.3 145.8 151.7 156.1 162.9 170.2 176.2 178.3 178.5 183 185.4
95.8 97 100.5 105.1 105.8 112.5 113.5 114.2 116.6 116.4 117 115.9 115.5 113.5 118.3 120.3 121.7 120.9 119.8 118 116.4 115 113.2 113.5 114.6 118 120.1 122.1 121.2 122.2 124.7 127.2 128.1 129.2 129.5 129.3 129.7 129.5 130.8 131.6 133.3 133.8 134.7 135 135.4 134.5 137 139.7 143.2 143.3 137 126.8 114.9 110.9 111.4 113.4 111.9 116.2 123.6 126.9 128.5 128.4 132.1 134.4 136 136.6 137 138.5 140.5 141.9 142.4 145.4 151.9 157.7 165.7 173.8 179.1 182.6 182.6 189.4 193
95 94.9 98.8 101.9 106 110.2 107.3 107.8 116.6 115.7 114.5 114.9 114.6 115.4 113.6 119.1 120.7 120.4 119.3 117.6 116.2 114.4 113.4 112.9 114.7 115.9 117.9 119.4 118.9 120.8 122.2 124.5 125.9 125.5 126 127.2 127.6 127.8 128.1 128.7 128.6 127.9 126 126.5 129.4 131.9 134.1 136.5 138.3 136.4 128.7 117.9 113 115.3 116.1 117.5 120.3 126.1 127.4 130.8 132.2 132.8 134.2 130.6 133.6 135.1 135.7 137.5 138.4 141.1 145.3 147.5 154.6 159.5 167.8 178.1 180.8 184.8 188.2 192.5 196.6
93.8 94 96.5 99.8 103.7 111.6 113.9 114.3 112.7 107.7 111.5 112.7 113.4 114.1 114.8 113.6 119 119.6 118.5 117.2 115.9 113.7 112.7 111.6 113.7 115.8 117.2 117.4 118.2 119.4 120.8 122.1 123.2 124.2 122.8 122.4 122.7 120.5 124.6 124.4 122.4 114.4 118.6 118.3 123.4 126.9 129.2 132.2 132.6 128.4 119.8 109.8 115.3 117.2 117.3 122.1 124.9 128 129.3 131.7 133.3 138.1 138.3 138.1 137.5 137.5 139.5 141.6 141.9 140.8 146.6 153.5 154.3 158.1 170.2 179.2 183.2 185.8 187.2 193 198.4
95.1 94.3 97 99.5 100.9 106.7 112.1 109.1 107 107.7 109 109.8 108.2 108.6 113.5 115.8 116.1 113.5 117.3 115.1 115.6 113.8 109.9 109.5 112.4 114.2 115.3 117.5 118.3 119.6 120.4 121.3 121.6 121.1 117.8 117.4 117.2 113.8 111.6 109.7 110 110.1 110.6 111.9 114.6 120.3 121.8 125.5 126 121.2 109.5 113.2 116.1 117.5 119.3 124.1 125.1 126.8 129.4 131.9 134.4 138 139 139.7 140.6 140.5 141.8 144.7 144.6 142.5 145.8 153.9 154.5 155.9 167.4 177 183.3 186.7 190.5 197.2 201.2
94.9 95.3 91.5 100.4 100.6 101.2 103.4 100.5 101.2 100.4 100.6 101.2 103.1 105.9 108.2 113.6 110 110.1 110.3 110.3 112.6 113.4 113 113.4 112.1 114.3 114.9 116.1 117 118.1 119 119.3 118.5 117.6 116.9 115.9 113.5 111.8 110.3 109.2 109.2 109.7 110.3 110.5 111.1 111.2 118 120 119.5 114.3 109.4 113.9 116.1 117.2 120.5 123 123.6 123.2 125.8 128.8 132.1 133.8 135.9 140.1 142.1 143.5 143.2 145.2 145.9 143 148 152.2 155 156.3 167.3 175.3 181.4 187.5 192.5 199.3 203.6
94.6 95 93.7 98.2 98.8 98.6 99 98.8 98.5 99 99.4 100.7 101.9 102.7 103.8 105.3 106.3 106.8 107.1 107.4 105.3 106.1 105.5 109.5 111.7 113.6 113.9 113.9 114.3 115.6 115.5 115.3 115.2 114.9 115 108.7 107.2 107.8 108.6 107.9 108.3 109 109.7 109.2 109.5 109.9 112.5 114.7 113.6 112.9 112.7 114 115.9 117.8 120.2 120.8 120.8 122.3 123.3 126 128.5 131.3 134.5 136.5 141.9 143.8 145.5 146.7 145.8 144.9 148.1 152.6 156.2 158.8 168.1 176.2 182.4 187.9 194.7 201.1 205.1
94.1 95.9 93.8 97.8 98.5 98.8 99 98.4 98.8 98.8 98.6 100.3 101.7 102 104.2 104.8 105 104.6 104.3 104.8 104.8 104.4 105.9 105.9 106.3 106.6 106 107.4 108.2 108.7 111.3 108.3 107.8 106.9 106.1 102.6 104.8 104.7 107.2 107.3 106.8 107.3 104.9 105.5 109 106 108.1 105.7 108.9 106.7 113 113.9 117.3 119.4 121.2 121.7 122.3 124.1 124.7 125.9 127.3 129.3 131.5 132.5 135.1 142 144.3 146.6 144.9 145.6 147.6 152.2 156.8 160.7 164.8 173.9 181.3 188.4 196.1 202.7 207.1
97.3 97.7 93.7 97.7 98.6 98.9 98.6 98.1 98.6 98.3 99.4 100.5 101.7 103.3 104.2 104 104.1 103.1 103.8 104.1 104.1 105.7 105.1 106.3 107 106.8 105.9 105.8 106 105.8 105.7 106.7 105.8 103.5 102.9 104.5 105.6 103.7 105.5 104.5 106.1 107 107.4 108.2 109.5 111.2 112 110.9 110.6 113.6 113.7 114.4 120.6 123.1 123.3 124.4 124.5 125.3 126.2 126.6 126.9 129.1 130.4 132.2 135.2 138 141.5 146.3 142.6 145.9 148.4 152.3 158.1 163.2 170.5 176.5 181.6 189.8 197.4 203.1 211.3
102 100.4 95.6 97.6 98.3 98.1 97.5 98.2 101.7 101 99.5 98.4 99.6 100.6 101.3 100.2 99.8 100.5 99.6 99.6 99.3 105.6 105.6 104.8 105.6 106.1 106.1 105.4 105.5 105.1 105.2 105.1 102 103.8 105 105.1 105.1 104.5 103.7 105.1 106.4 106.8 107.7 109.4 110.6 112.8 113.3 113.8 114.9 113.7 116.2 118 123.1 125.1 125.3 126.2 126.9 126.6 126.7 127.3 128.2 129.6 131.2 132.1 133.8 135.5 138 140.5 142.4 150.3 153.3 156.5 161.8 164.3 170.7 176.3 183.3 190.9 198 203.6 214.6
106.7 104.8 99.5 96.8 97.1 97.5 100.8 102.9 102.9 101.9 101.3 100.1 100 100.7 99.5 100.3 99.7 99.8 101 100.8 100 103.1 105.7 105.5 104.6 104.8 102.8 105.1 105 105.9 104.7 102.4 104.4 105.2 105.1 104.9 105.4 105 106 105.7 107.1 107.5 111.2 113.1 113.5 112.9 113.3 114 115.5 115.6 117.6 120.3 124 126 126.5 127.5 127.9 127.7 128.9 129.4 130.1 130.9 132.6 133.1 134.4 136.2 138.9 143.3 149.3 154.4 157.7 157.5 163.8 169.1 174.5 179.5 185 191.5 197.3 203.5 214.4
111.3 111.7 109.1 103.8 101.4 104.5 107.9 110.7 112.4 113.7 109.1 100.9 100.3 99.8 100.5 100.8 100.2 100.5 100.9 101.5 100.3 102.1 104.2 104.6 104.6 104.1 102.9 104.8 105.2 103.9 102.8 104.6 104.4 105.1 105.7 104.8 105.3 105 103.5 107.3 109.3 111.3 114.1 114.6 114.8 114.7 114.6 115 115.8 116.9 119.2 120.9 122.6 125 127.8 129.2 130.7 131.2 131.8 132.1 133 133.9 134 135.5 136.1 138.6 141.3 145.8 153.2 159.5 160.6 163.2 168.2 174.3 178.4 180.7 186.4 193.7 197.8 205.1 213.1
115.5 117.3 117.3 116.8 115.6 114.5 115.2 119.6 120.9 120.8 118.9 113.1 107 104.9 101.9 100.6 100.4 100.5 100.5 101.6 100.9 101.7 102.2 102.3 103.5 104.5 104.1 105.5 103.2 103.7 104.5 104.6 104.7 104.8 104.9 104.8 104.8 106.1 108.8 110.5 112.4 113.1 114 114.6 114.8 115.2 116.2 116.1 116.9 117.1 117.1 119.5 120.6 122.8 125.9 130.2 132.8 134.4 135 135.3 135.8 135.9 136.2 139.6 141.2 143 145.6 148.9 149.2 151.8 154.8 158.5 167.4 173.9 177.2 180 184.4 191.3 199.3 206.2 211.1
118.7 121 123.7 124.8 125 124.2 122.8 123.9 126.6 125.6 123.9 122.2 118.1 114.4 110.1 104.3 101.6 101.3 101.3 101.5 101.5 98.5 101.9 101.7 102.2 103.6 103.3 102.4 104.3 104.3 104.4 105 104.7 104.7 106 103.2 107.9 109.1 111.8 113.3 114 114 114.4 114.5 115 115.8 117.3 118.6 119.7 121.4 124.4 122.5 122.9 123.7 124.9 127.5 132.3 136.6 137.9 138.1 138.5 141.5 139.2 141.9 144.7 147 149.7 152.5 151.7 154.9 157.7 160.6 162.6 168.9 174.1 179 183.1 190.6 199.5 202 207.3
