public/OST50/SK08.asc
ncols 200
nrows 200
xllcorner 400000
yllcorner 380000
cellsize 50
[rows 0 to 34 of 200, columns 0 to 77 of 200]
251.2 255.2 262.3 269.4 276.7 282.4 285.9 286.8 286.6 289.1 289.4 287.8 283.8 280.1 277.8 277.7 278.8 279.5 281.1 284 291.8 304.1 314.1 324.7 331.1 331.4 318.6 294.2 281.4 270.1 260.2 247.7 254.7 257.9 259 261.9 265.3 267.8 270.3 274.7 281.1 287.4 293 298.4 305.4 312.7 321.1 329.4 337.3 344.4 351.5 355 351.8 348.7 334.3 313.2 304.7 298.6 307 312.1 310.6 299 296.8 297.9 303 311 317.5 326.8 329 329.8 332.1 334 335.9 337.2 346.8 352.8 354.5 355.9
247.2 251.9 256.3 263 270.6 275.4 282.5 281.5 281.5 283 284 284.2 283.1 279.2 273.4 274.9 275.8 276.2 277.4 279.5 284.3 296.1 306 318.7 325.2 328.5 318.1 293.7 276.3 264.3 255 248 249.7 253.6 255 257.2 260.1 261.1 265.5 270.2 277.3 283.1 288.5 294.4 301.6 308.3 316.9 325.5 333.5 341.5 347.7 353.3 348.6 346.2 328.7 308.6 301 290.7 302.4 307.1 302.6 292.8 290.8 292.2 296.7 304.9 311.4 313.8 316.6 318 320.4 321.7 326.7 338.4 346.8 353.9 351.5 346.5
243.1 246.5 250.7 255.9 263.4 269.4 277.5 276.6 277.3 278.5 279.9 280.3 281.6 280.5 272.8 271.2 272.4 272.5 273.8 275.1 279.5 288.9 300 312.5 321.3 325 318 299.3 278.6 265.9 256.1 245.5 243.2 248.9 250.2 251.8 254.7 255.7 261.3 267.1 272.8 278.1 283.8 289.8 297 305.5 313.9 321.3 329.5 338.7 346.6 351.3 345.1 342.5 325.4 306.6 296.9 286.1 295.8 298.5 294.9 288 285.5 285.8 290.1 293.9 296.2 299.2 303.8 305.2 315.1 321.9 329.2 337.6 345.7 351.8 343 333.9
240.4 244.5 247.8 253.4 258.2 263 270.5 272.9 271.7 273.7 275 276.4 278 280.2 276.5 269.5 266.1 267.1 269 270.4 274.1 284.2 294.2 307 314.6 318.6 314.1 300.8 281.2 265.9 257.6 246 236.7 243.1 246.1 247.8 247.9 252.5 256.8 261.9 268.3 273.9 279.4 283.1 291.9 300.4 308.2 317.5 326.3 333.8 342.7 346.1 340.3 340.3 330.9 306.4 294.9 280.2 287.8 289.1 288 283.1 280.5 280 278.5 279.8 281.9 287.9 294.6 300.3 307.8 314.5 322.6 331.7 339.6 341.4 330.1 325.5
238.8 242.2 244.6 250.4 255.8 258.8 261.5 266.6 267.9 268.4 270.3 272.4 274.9 276.4 276.1 270.6 263.1 262.6 263.7 265 270.2 278.7 290.9 301.2 310.3 313.2 310 297 279.3 266.2 257.5 247.3 238.6 239.3 241.1 241 242.6 249 252.7 257.4 263.9 268.7 275.1 280.1 286.5 296.4 302.9 311.9 321.6 328.3 336.5 338.5 335.4 335.9 331.8 313.9 294.6 284.3 274.1 278.9 279.4 278 277.1 273.9 272.7 272.3 275.5 279.9 284.2 293.1 300.5 308.8 316.9 325.1 332.5 327.3 317.9 317.7
236.4 239.5 242.9 248.2 252.4 255.1 258.6 262.1 264.2 264.8 266.7 268.9 270.1 271.2 273.4 270.6 263.3 255.9 258.4 260.7 265.8 275 286 294.6 299.2 304.6 300.5 289.8 278 268.2 252.1 242.1 236.2 234.6 237.1 242.4 246.2 246.4 252.1 256.8 261.9 266.9 272 276.6 283.4 292.3 297.8 306.8 315.5 322.6 329.9 331.2 328.5 331 332 323.4 310.2 294.1 281.4 269.5 268.3 271.3 274.7 268.4 267.4 266.3 269 272.7 278.8 285.6 292.1 301.5 310.4 317.4 324.9 312.8 305.5 306.2
234.6 238.1 243.2 247.9 251.7 254.5 257.5 259.2 261 261.6 263 264.7 265.5 266.6 267.6 266.3 260.9 253.6 250.8 256.6 260.5 270 278.8 284.9 289.1 290.3 288.7 283.6 275.8 265.7 250.3 238.4 232.5 234.4 240.8 244.4 248 250.6 255.3 258.6 261.6 265.3 270.3 275.5 281.1 286.8 295.4 302.6 309.3 315.5 323.6 322.7 321.6 326.5 329.2 326.9 326.3 312.6 298.2 280.8 268.8 263.3 269.1 271.4 261.8 259.3 263.3 267.6 272.8 279.6 286.8 294.3 302.4 309 310.6 296.4 293.5 297.5
236.6 240.5 243.8 247.2 250.6 254.5 256.4 255.4 258 258.6 258.1 260 261.9 261 259.9 257.3 255.7 251.2 245.9 251.2 253.5 260.3 267.3 273.7 277.9 277.2 277.5 275.5 267.5 258.2 243.9 231 232.2 239.8 246.4 249.8 252.2 254.2 256.8 260.7 263.2 266.3 271.1 275 279.9 285.8 292.3 298.9 305.6 310 314.5 314.4 317.4 322.1 323.9 323.1 323.9 317.6 304.1 281.9 269.3 258.6 262.7 268.1 267.3 256 259 263.3 266.5 271.8 279.2 287.7 295.1 302.5 296.2 281.7 276.7 278.4
239.5 241.4 243.9 247.1 249.7 252.6 253.5 254.6 253 251.6 251.6 254.8 257 256.3 253.5 250.9 248.6 245.3 240.7 244.7 247.4 251.6 257.3 261 264.6 269.5 268 265.3 259.8 248.5 235.2 226.8 237.5 246.4 251.4 255.9 259.9 263.9 267.7 269.4 269.9 270.4 273.6 276.7 280.7 285.2 290.7 295.7 299.7 303.1 306.1 308.5 311.4 316.6 319.1 319.1 318.7 312.2 291.7 273.4 263.4 254.1 257.4 263.9 268.1 257.8 253.8 257.8 261.4 264.5 269.8 280.4 287.4 291.5 280.1 265.8 271.6 285.3
240.3 243.2 246.2 248.6 253.1 251.9 250.6 250.5 249.2 247.4 247.7 250 252.7 251.3 248.2 244.6 241.6 238.3 236.4 239.8 241.7 246.5 251.4 252.3 255.6 258.3 257.3 255.8 248.6 238.9 228.4 231.1 243.6 252.6 258.2 264.1 270.4 275.9 279.7 282.2 282.9 283.1 280.3 280.2 283.3 287.2 290.8 293.5 296 298.3 302.1 305 306.1 311.5 314.9 314.3 312.7 308 287.2 268 259.4 250.9 253 258.4 264.6 261.5 248.9 253.2 256.4 258.6 260.4 270.7 274.9 270.8 262.3 267.1 282.6 293.3
244 246.8 250 251 252.5 251.4 248.9 247.4 247.2 244 243.8 245.4 246.5 244.3 241.1 238.4 236.8 231 233 235.2 237.3 243.4 245.4 245.4 246 248.4 246.9 242.1 235.8 227.6 225.2 238.8 248.3 256 262.2 269.5 276.5 279.7 280.5 284.4 288.3 290.2 290.7 289.8 290.8 290.8 290.9 291.9 293.1 295.5 298.5 301.6 303.4 306.4 309.3 309 305.1 303.7 287.8 267.8 254.9 247.7 248.6 253.1 259 264 249.9 246.7 249.2 250.5 251.5 252.4 253.8 260.2 270.7 283.9 299.5 311.5
248.6 251.6 253.2 254 252.6 250.4 247.7 246.1 244.8 241.6 239.9 240.3 239.9 237.4 235.4 234.4 232.9 228.5 229.8 231.8 234 239.3 239.8 238.1 238.3 236.6 234 230.4 219.9 224 232.7 240.7 247.3 254.6 262.7 265.7 263.6 265.8 271 276.3 282.9 288.2 293.7 297.6 293.8 290.9 289.7 289.3 290.5 293 296.1 298.6 300 301.4 305 304.3 298.8 295 284.8 270.3 253.9 245.8 244.2 247.4 251.9 256.8 248.3 243.5 243.7 243.2 251.8 259.5 266.5 274.9 283.9 292.6 302.7 313.8
253.7 253.2 254.1 254.3 252.1 249.8 247.5 244.6 240.6 237.9 236.3 235.6 235.6 233.7 231.5 231 229.6 227 224.8 229.3 231.5 233.8 234.9 232.4 230.9 229 226.9 218.1 222.2 228.3 233.2 238.2 242.8 246.7 251.6 255 255.3 258 262.7 269 275.6 281.3 286.5 292.4 291.7 287.8 286.7 286.3 289.4 291.6 293.3 295.3 295.9 295.4 299 296.1 289.7 285.8 276.8 267.5 256.8 243 239.8 243.8 247.5 249.2 241.4 240.9 239.7 247.9 257.6 265.2 272.9 282.9 293 303 312.5 321.3
254.4 253.6 253.2 252.3 251 247.2 244.3 241.6 238.8 235.5 233.7 232.6 231.7 230.1 228.2 227.6 226.5 224.2 223.2 226.3 228.5 231.3 231.2 228.2 226 224.3 222.2 220.4 226.3 227.8 229.4 234.1 239.3 242.8 245 246.2 246.4 248.9 253.6 259.6 267.1 274.2 279.2 284 283.5 283.2 281.7 285.9 289.6 290.9 291.8 292.5 292.6 290.1 289.6 284.5 278.3 273.1 268.3 263 255 244.7 236.6 241.2 244.8 248.1 240.9 234.6 242.2 252.1 260.5 266.4 277.9 287.8 296.6 305.3 314.3 322.1
252.8 251.9 250.5 250.5 249.8 245.4 242.3 239.8 238.7 236.8 231.5 228.5 227.9 226.8 226.1 224.8 222.6 219.4 221.3 222.6 225.1 227.9 227.7 223.3 221.9 219.9 215.2 217.2 222.5 223.9 224.8 226.8 230.8 232.6 235.7 238.1 240.1 241.3 245.6 251.2 256.7 262.8 267.6 273.5 276.9 277.6 280.2 285.1 290 290.6 290.3 290.2 288.6 281.2 280 276.1 269.8 264.5 261.4 260.9 250 240.5 233.6 237.5 244.8 251.8 239.2 235.2 242.3 249 257.7 267.7 275.8 287.1 296.7 305.7 313.5 320.6
250.4 248.2 246.2 245.5 245.4 242.1 239.2 239.1 237.8 234.8 228.7 225.2 223.9 223.7 223.1 221.7 221.5 218.5 216.8 218.9 221.1 224.2 222.9 219.5 218.6 217.6 209.8 212.8 214.6 215.9 217.2 220.5 220.8 223.4 227.8 229.9 231.5 233.7 238.3 242.7 247 252.6 259.6 265.9 269.6 272.8 279.1 283.6 289.6 291 287.9 285.8 284.7 277.2 270.2 265.5 259.6 254.9 251.7 253.1 244.6 234.4 230 234 242 246 235.9 233.5 239.1 246.1 253.9 263.4 272.8 283.1 293.8 302.8 310.8 318.1
248.6 250.6 248.5 242.2 240 237.4 235.2 233.8 233.4 232.4 227.7 223.1 220.8 220.3 219.6 218.7 218.7 215.3 212.6 214.9 217.2 219.1 220.5 216.1 215 214.5 210 209.1 211.7 217.2 220.7 222.8 225.8 228.7 231 233.7 234.8 236.5 236.7 240.9 244.2 247.4 253.9 259 264.1 271.2 277.9 282.3 287.3 290.3 285.1 280 279.1 270.4 260.2 254.2 249.4 246.4 244.2 245.4 239 230.8 227.8 229.8 236.7 239.1 230.4 231.7 237.9 240.7 248.9 258.8 269.3 280.3 288.6 298 306.7 315
256.7 255.4 254.1 251.8 245.8 241.5 238.4 234.4 228.2 228.3 227.4 222.2 218.7 216.1 216.1 216 215.1 210.2 210 211.9 214 213.5 214.1 210.6 211 209.6 206.1 209 214.3 218.6 222.4 225 229.4 233.2 236 239 242.8 245.4 244.2 242.9 243.1 244.4 249.7 254.4 262.7 268.6 275.1 279.9 284.3 286.6 283 277.2 270.3 260.7 254.8 248.5 243 239 235.9 236.8 230.5 226.7 224.7 225.5 229.4 231.4 226.2 235.4 243 255.6 263 265 263.7 273.5 285.4 293.4 303.5 311.6
258.5 258.3 256.2 252.5 247.5 240.8 236.5 234.3 228.2 224.8 222.4 221 218.8 214.3 212.4 213.4 212.1 206.2 207.2 208.4 210.8 209.1 207.7 203.2 203.4 204.1 208 212.7 216.9 221.6 225.3 232.8 237.4 241.3 243.9 246.9 249.7 250.9 252.7 251.7 251.2 249.9 251.9 250.8 259.6 266.8 271.9 277.3 280.7 283.1 281.4 274.1 270.8 270 267.2 261.1 253.7 245.6 239 230.8 227.3 223.2 220.3 221.7 223.4 226.3 235.5 244.8 256.8 265.6 273.6 282.2 281.8 280.5 278.2 286.8 299.2 307.4
259.4 258.1 255.5 252.3 246.7 239.6 234.5 230 227.5 223.9 221.6 218.8 214.5 213.2 208.9 209.9 209.1 206.3 205.6 207.8 207.1 204.5 202.2 200.1 204 207.7 211.6 215.2 222.2 230.2 236 240.3 243.6 247.5 252.1 256.1 258.9 260.2 260.7 260.2 260.5 259.8 261 263.5 255 262.7 269.9 275.8 279.9 280.8 279.3 279.1 280.7 280.1 274.9 269.2 263.2 255.5 247.3 238.1 229.7 219.1 219.6 222.7 227.1 235.2 245.6 252.7 262.5 268.8 275.1 282.2 288.2 292.8 295.1 291.9 298.5 306.3
260.2 258.4 255 251.2 246.2 239.5 233.5 227.8 224.6 222.6 220.2 217.1 213.2 207.9 205.9 206 206.1 202.2 200.8 203.8 202.4 199.1 197.9 203.9 208.2 207 212.2 216.6 226.7 233.7 239.3 242.9 248.5 253 259.3 264.4 269.1 272.5 271.9 269.6 268.9 266 266 267.6 265.9 261.6 266.9 274 279.7 283.1 285.6 285.8 284.1 283.9 279.2 273.3 267.5 260.1 251.3 244 234.7 217.9 219.1 222.6 228.9 236.6 244.4 251.4 259.3 266.2 273.1 278.5 285.4 291.9 297.8 304.8 303.5 308.6
261.3 259 255.1 249.8 243.2 237.6 231 225.4 222.2 219.8 217.6 214.2 210 204.4 203.4 202.9 203.3 199.5 198.6 198.3 196.7 200.4 204.6 206.9 209.6 212.2 211.6 218.1 225 230.5 235.8 241.2 247 253.5 259.5 265.9 271.2 275.5 279.2 281.9 279.9 275.5 271 270.6 270.9 265.8 269.2 272.7 280.3 284.1 287.6 290.8 287.9 284.9 281.4 275.1 266.9 257.9 248.5 241.6 232.1 214.5 216.6 221.5 226.4 234.2 241.5 248.8 256.4 263.1 269.9 276.5 283.1 290 297.6 305 310.8 312.5
261.3 259.4 255.3 247.9 240.2 235 228.6 224.1 220.4 217.4 214.7 211.2 208.4 205.2 201.4 197.7 198.4 196 195.4 194.8 198.6 203.8 205.7 208.3 210.9 213.5 216.5 219.1 221.5 226.4 231.2 236.3 243 249.4 255.8 262.4 268.8 275.7 280.2 284.6 289.9 290.4 282.8 279.3 275.7 272.3 273.2 276.1 279.6 284.9 288 291.4 293.8 287.2 282.3 276 266.8 254.4 244 236.6 229.5 209 214.1 220.1 224.7 230.2 237.7 245.3 252.9 260.1 266.4 273.7 281 288.4 295.7 303.1 310.9 315.8
261.2 258.9 252.8 244.6 237.9 233 226.9 223.1 218.8 215.9 213 209.8 206.6 204.1 199.5 192.2 190.3 191.2 191.5 195.3 202.5 205.4 207 209.6 212.3 214.9 218.1 220.3 223.7 226.5 229.2 232.1 239.1 245.2 252.5 258.8 266.4 272.8 279.6 286.3 291.8 296.4 299.4 294.5 287.1 279.6 278.1 280.2 281.1 285.7 289.7 293.1 296.4 293.1 283.9 278.4 269.4 258.5 247.6 236.4 228.8 215.5 210.9 218.5 223.6 227.5 234.3 242.3 249.5 257.2 263.3 270 278.5 286.1 294.3 301.4 308.2 314.9
260.3 256 248.8 242.1 236.4 229.4 225.2 220.7 217.2 214.3 211.3 208.7 205.9 202.4 197.8 189.3 188.5 192.6 198.2 201.7 204.1 206.3 208.5 210.7 213 216.5 219.9 224.2 227.5 232.6 235.4 237.8 238.7 240.6 248.4 255 262.4 269.3 276.4 283.8 290.8 298 302.8 306.1 302 292.3 286.8 285 283.7 286.6 291.3 294.2 299 298.5 287.7 282.2 273.9 262.8 249.6 238.4 230 216.2 210.7 215.9 221.7 224.4 231.1 239.1 246.3 253.7 260.2 267.4 275.4 283.4 292.1 299.3 306.1 313.3
256.8 250.5 244.6 239.6 233.2 228.1 223.8 220.5 216.4 212.7 209.6 207 204.8 201.8 195 187.5 186.9 197.3 199.9 202.1 204.1 206.1 207.4 210.9 213.8 218.3 224.2 232 239.8 244.1 247.5 250 249.3 248.8 245.8 250.8 257.8 265.1 273 281.2 288.5 295.7 302.9 309.3 313.9 311.8 299.6 291 288.9 290 292.7 296.3 301.1 305 295 286.6 279.1 268.4 257 245.2 234.2 222.8 207.7 213.1 217.3 220.9 227.2 234.9 242.5 250 256.9 263.8 271.9 281.1 289.2 297 303.2 310.3
252.1 247.2 242 236.4 231 227.7 223.2 219.1 214.6 211.3 208.2 205.1 203.2 198.6 191.8 184.6 190.1 197.8 200 202.1 204 206.2 208.8 211.6 215.7 221.9 233.3 245.7 250.3 254 258.1 262.2 264.4 261.3 256.1 254.7 254 262 269.1 277.5 285.1 292.8 301.3 309.7 315.8 320.9 318.2 304.9 297.5 295.4 296.4 298.6 302.7 307.6 306.9 293.6 285.6 275.6 263 249.9 235 224.8 208.5 209.2 213.2 216.4 222.7 230.7 238.5 246.1 252.8 260.5 269.3 278.3 286.8 294.6 300.7 308.2
247.9 243 237.8 233.2 228.9 224.8 222.3 219.1 216.5 210.4 206.5 200.1 199 195.7 188.1 184.8 191.4 197.2 199.8 201.9 204.1 206.8 209.5 213.4 219.5 229.5 241.5 247.6 251.7 255.4 259.1 262.4 267.2 271.8 271.1 267.8 264 263.8 264.3 274.5 282.9 290.5 300.3 307.8 315.5 322.7 328 324.3 315.2 304.9 303.6 303.2 304 307.6 311.6 304 293.7 281.9 264.3 246.4 231 223.9 212.9 204.4 210.7 213.7 219.3 226.1 234.2 241.2 248.7 257.5 266.8 276.3 284.6 292.2 298.6 305.1
245.1 242 238.4 235.5 232.5 229.1 225.6 222.9 218.3 210.8 203.8 199.5 194.9 190.9 184.3 183 188.9 196.8 199 201.6 204.1 207.2 211.4 216.6 226.6 236.2 242.7 247.6 251.3 254.8 258.2 262.2 267 272.1 277.4 277.2 275.9 272.3 270.5 275.9 283.7 292.3 300.9 308.8 313 320.3 328.8 334.6 330.6 322.2 312.7 309.9 308.3 309.6 314 314.8 303.2 289.7 272.3 251.9 235.6 224.7 215.1 200 208.7 211.7 216.5 222.6 230.7 238.6 246.7 256.3 264.6 273.9 281.4 288.6 293.5 295
248 244.6 241.9 239.7 236.6 232.3 227.4 222.4 215.7 207.2 200.4 197.1 193.8 187.3 181 187.4 193.9 196.6 198.9 201.1 204.4 208 213.7 222 230.9 237.7 242.8 247.1 250.2 253.4 257.6 261.8 266.2 271.8 277 281.8 285.1 280.6 277.8 276.4 284.3 291.5 299.7 307.8 315.4 321.5 327.4 334.3 341.1 335.8 328.9 319.5 315.8 312.3 316 320.2 314.2 299.6 277.4 255.3 235.8 226.7 216.4 200.3 206.2 210.1 215.6 221 228.6 236.3 244.8 253.4 261.9 269.9 277.5 282.4 284.2 283.5
253.6 249.6 244.7 242.2 237.1 232.1 226.3 219.5 214.3 205 198.1 193.8 190.2 182.8 180.2 187.6 193.9 196.5 198.3 201.3 205.1 209 216.9 225.9 233.2 239.7 242.5 245.1 247.5 250.6 255.3 259.6 265.1 271 276.4 281.5 286.2 285.3 283.6 282.7 284.6 290.3 296 304.5 312.9 321.1 330.2 337.2 342.6 346.6 339.2 332.5 324.5 318.7 319.6 322.7 324 313.2 288.3 261.8 239.4 226 216.3 206.3 201.9 208.9 213.4 218.8 225.6 233.7 241.6 249.2 255.9 263.7 270.6 274.3 274.3 270.5
255.8 252 244.9 239.4 233.4 226.4 218.4 212.5 207.5 201.4 195.7 192.9 189.2 183.7 179.8 189.3 193.8 196.6 198.7 201.3 205.7 212.2 221.7 229.2 237.2 239.2 240.3 241.8 244.8 248.1 252.3 257.1 263.1 268.7 275 281.1 286.4 291.7 291.1 290.3 292 293.5 297.4 302.2 310.6 320 329.1 337.9 346.7 350.2 350.4 343.2 336 328.5 324.4 326.8 328.5 322.1 294.4 266.6 245.1 228.1 215.9 203.8 198.9 206.8 211.6 217.4 225.1 231.5 237.5 242.8 247.1 252.6 261.3 263.7 261.4 257.8
258.4 252.9 245.7 237.2 231.1 226.9 220 211 203.4 199 194 189.3 187.6 182.5 178.3 188.5 193.9 196.1 198.2 201.6 206.9 217.3 228.9 235.8 236.9 237 238 239.4 242.2 245.7 249.8 255.5 262.5 268.7 273.5 279.1 285.3 292.4 298.8 297.9 302.2 303.9 304.5 308 310.9 318.1 326.7 335.9 344.2 352.4 355.3 353.2 347.4 337.6 332.4 331.9 332.9 325.9 301.5 275.6 249.9 230.5 214.9 202.5 196.5 205.4 210.2 215.7 223.2 230.7 235.5 238 238.8 243.4 250.9 251.3 248.9 254.1
259.7 254.4 248.7 238 232.7 225.7 217 208 201.4 196.7 192.5 189.6 183.3 179.2 179.6 189.7 193.3 195.4 197.8 201.6 207.7 223.2 236.4 236.1 234.9 234.2 235.5 237.3 239.1 242.8 248.1 254.6 261 267.9 273.6 279 283.9 290.1 297.7 305.4 310.7 311.2 313.6 313.3 316 319.6 326.4 335.5 343.1 351.6 357.9 360.5 354.7 346.4 338.7 336.1 334 321.6 294.4 269.9 247 226.5 215.2 201.9 195 204.2 207.9 213.7 220.1 227.3 232.2 233.1 233.2 236.3 241.4 239.7 240.2 246.5
261.1 255.3 249.1 240 231.1 221.2 214.1 205.1 198.4 193.2 190.2 188.5 183.1 175.5 184.3 190.3 192.5 194.6 197.7 202.4 209.9 227.6 237.6 234.1 232.2 231.6 233 234.9 237.2 241.1 246.3 252.8 258 264.7 271 276.8 283.6 288.2 295.7 303.9 311.6 317.8 322.4 322 322.1 324.6 328.5 335.9 343.3 350.7 359.2 364.2 363.3 353.7 341.2 333.9 331.3 316.2 287.9 264.8 244.1 225.1 213.8 199.3 194.9 203 206.3 211.6 215.5 221 224.7 225 222.9 227 234 236.2 239.9 241.5
