public/OST50/SK08.asc
ncols 200
nrows 200
xllcorner 400000
yllcorner 380000
cellsize 50
[rows 105 to 139 of 200, columns 0 to 77 of 200]
139.6 135.2 134.6 134.8 134.9 134.5 134.6 143 152 155 159.7 167.7 176 182.4 186.5 196.6 203.7 205.2 202.8 197.4 194.9 193.8 193.7 194.3 196 199.8 202.7 209.6 223 237.5 248.4 257.6 257.6 255.7 259.5 269.1 274.4 276.2 280.3 285.7 290.6 294.4 297.1 303.1 307.7 311.2 314.9 318 321 324.3 326.1 328.3 330.9 333.8 336.5 339.6 343.5 347.3 352.8 357.6 362.7 368.5 379 387.7 393.7 402.5 411.5 419.1 424.5 427 427.8 429.7 436.1 440.4 445.8 449 425.3 408.5
142.8 138.7 135 134.8 135.2 134.7 135 135.6 144.5 153.7 155.7 161.4 169.8 178.3 182.5 188.4 196.9 203.1 202.6 195.9 192.1 190.6 190.6 191.7 193.4 196.2 200.4 206.8 222.6 236.2 248.3 254.5 253 251.8 257.9 258.2 257.6 264.3 278.6 281.9 285.4 289.8 293.7 299.3 304.4 310.7 314.4 316.7 318.7 321 323.4 326.7 329.6 333 336.4 340 343.7 348.2 353.5 358.8 364.1 369.4 377.7 385 391.9 400.2 411 419.5 425.5 428.3 428.5 430.2 435.1 440.6 445.1 448.2 426.8 407.3
144.1 143.4 139.4 138.1 135.3 134.9 135.3 135.5 137.7 143.8 155.1 156.2 163.3 172.8 178.1 183.4 190.5 199.5 200.8 194.1 189.9 187.9 187.5 188.4 190.7 192.9 198.3 207.2 221.9 235.3 247 250.1 248.8 246.2 247.2 244.2 248.2 254.4 259.7 267 276.5 282.6 289.3 295.1 300.3 304.8 307.1 308.9 314.8 320 323.2 326.6 330.1 332.9 335.8 339.1 343 347.6 355.3 362.4 367.3 372.6 380.8 390.5 399 404.6 408.2 417.7 425.1 427.8 429 431.4 435.6 440.2 443.1 443.3 429.3 406.1
154.6 151.1 145.9 138.9 135.2 135 136.1 135.8 136.2 138.4 144 155.8 156.5 164 172.2 179 184.5 193.6 197.3 191.9 187.7 185.4 184.7 185.6 187 191.6 198.3 208.3 221.2 234 244.6 245.1 243.4 241.5 237.5 243.9 250.4 257.5 266.8 272.8 278.6 286.6 293.9 301.3 307 310.3 312.1 314.7 316.7 320.5 324.4 328.3 330.6 333.2 336.2 339.5 342.9 348 357.5 368.5 376.1 377.9 384.2 395.1 404.7 412.2 415.8 416.9 423.8 426.5 428.8 432.3 437.4 440.8 443.6 438.8 428.8 405
167 160.3 153 144 137.5 135.4 135.8 136.1 136.5 137 137.2 143.9 156.7 158.8 164.8 173 179.3 187.7 193.6 189.2 185.3 183.5 181.5 182.8 184.8 189.6 197.7 208.3 219.6 231.6 239.9 239.6 238.1 235.4 237.6 244.4 251.5 260.5 269.4 275 280.6 289.6 297 306.2 314.5 318.6 321.7 322.4 324.6 324.8 325.4 329.2 331.8 334.1 337.3 340.3 343.9 349.3 357.5 371.1 381.7 388.6 392.1 401 410.1 416.9 422 424.6 424.5 427.8 430.2 435.8 441.3 445.5 444.3 433.4 418.7 401.5
180.5 176.2 164.3 156.9 151.3 144.6 137.1 135.8 136.4 136.4 137.1 137.1 144.4 157.4 160 167.9 174.2 181.4 189.2 186.5 183.3 181.7 179.6 180.6 182.8 187.5 196.3 208 218.3 228.4 233.7 234.1 232.9 223.9 236.5 245.3 253.4 261.4 269.4 275.1 280.9 289.8 303.4 310.2 314 317.6 321.8 325.7 327.6 328 328.2 330.4 332.9 335.8 338.5 341.7 345.5 350.6 358.5 371.4 383.5 392.4 399 405.6 414.1 421.8 427.1 428.1 428.1 428.6 434.6 440.2 444.2 449.9 448.4 428.6 408.6 395
187.8 178.1 175.6 167.4 161.6 153.7 143.5 135.8 135.7 136.6 137.3 137.3 142.4 146.9 158 162.7 170.2 175.4 182.9 184.1 181.5 179.7 178 178.4 180.4 185.3 193.3 207.4 216.7 224.1 225.8 226.6 223.2 226.5 236.6 244.9 253.2 261 267.1 274.4 281.1 289.1 303.3 308.8 312.3 316.9 320.6 325.6 328.6 329.6 329.9 332.1 334.7 337.5 339.8 343.6 346.9 351.9 360.3 371.4 384.6 394.4 402.7 409.3 417.1 425.3 431.9 433.3 431.1 431.4 437.1 442.6 448 453.9 446.4 421.8 403.1 389.1
192 183.1 176.6 170.7 163.7 157.5 150.8 140.6 136.4 136.3 136.1 136.6 139.6 145.2 150.7 159 165.7 170.9 176.5 180.8 180 177.9 174.7 176.3 178.4 182.8 191.3 203.7 209.7 209.5 206.7 208.6 218.6 227.5 234.5 243.5 251.6 260.4 266.1 274.4 280.2 287.5 301.7 307.4 311.1 316 320.6 325.7 328.9 331 331.3 333.9 336.2 339.3 342.6 345.3 349.1 353.7 361.4 370.7 383.6 394.7 403.8 412 418.2 427.2 435 440 437.3 434.4 437.3 443 449.3 455.5 442.5 419.2 401.6 385.8
191 186 179.3 173.5 167.4 161.7 154.6 148.8 138.3 137.4 137.1 137.2 137.9 141.5 146.1 152.8 159.9 167.6 172.7 176.4 177.4 175.3 169.9 174.2 176.1 179.2 186.1 195 196.9 195.4 204 210.9 220.9 227.1 233.4 243 250.6 259.8 266.2 274.1 280.4 286 298.7 307 310.6 316.7 321.7 326.5 329.4 331.5 332.4 334 336.2 340 343.1 346.2 350.5 355.2 362.1 371 383.3 394.2 403.3 412.2 418.5 426.8 436.2 442.9 442.2 438.5 438 442.1 449.8 454.7 439.5 416.7 398.5 383.3
193 186.6 179.8 175.1 170 165.1 159.9 155 142.6 137.4 137.5 137.3 137.2 138.2 140.7 147.4 156.2 160.7 170 173.3 174.1 172.7 166.3 172.2 174 177.2 182.2 189.4 188.8 195.8 202.3 212.4 220.2 225 233.3 242.6 252.1 259.6 267.3 273.8 279 284.4 297.6 305 310.4 316.6 321.5 326.8 330 330.7 331.9 333.7 336.7 340.6 343.8 347.4 352 356.7 362.3 371.3 382.3 393.8 402.9 411 417.6 425.9 435.3 442.8 445.6 440.9 438 440.8 449.4 454.1 440.5 414.9 394.9 379.3
193.1 187.1 182.1 177 172.6 167.9 164 156.9 146 138.8 137.9 137 137.5 137.7 137.9 145.5 152.4 162.3 161.7 170.3 170.9 169.8 163.9 168.7 170.4 173.8 177.4 183.9 191.6 197 204.4 211.6 217 222.9 232.6 243 251.8 260.3 267.6 272.6 276.4 286.1 296.1 304.4 309.3 314.8 320.2 325.1 327 328.3 330 333.4 337.7 341 345.9 349.5 354.4 357.9 363.5 371.7 381.2 392.9 402.1 409.4 415.2 423.9 433.3 440.8 444.5 441.6 437.2 439.3 448.3 452.1 436 412.2 389.9 375.4
194.4 188.6 184.2 179 173.6 170 165.3 160.4 152.8 143.2 139.9 137.9 137.9 138.2 138.4 141.6 150.2 156.5 164.2 162.4 168.6 166.7 162.1 166.1 167.7 171.1 177.3 184.8 192 197.8 204.6 210.7 215.5 221.1 231.6 241.3 250.3 258.9 266.9 272.1 276.6 285.2 294.5 302.7 306.7 312.4 316.2 320.9 323.3 325.8 329.4 333.8 339.2 342.8 347.5 351.5 356.1 360.1 364.9 370.7 380.6 392.6 401.6 408.2 412.6 421.3 431 438.5 441.5 440.9 437.2 438.9 447.2 448.9 430.4 409.5 386.3 371.1
197.5 193.2 186.3 180.4 175.6 172.4 167.8 163.7 158.9 151.1 142.7 137.3 137.9 138.6 138.8 139.3 143 154.4 161.4 164 163.3 162.2 156.7 159.8 165.1 170.4 174.6 181.4 189.5 195.2 202.5 207.9 213 221.4 231.2 240.8 249.2 257.6 265.6 270.9 277.4 282.7 290.8 298.5 304.1 308.5 313.3 316 320.9 325.3 329.4 335.2 340.8 344.4 347.8 351.8 356.5 361.6 365.9 372.7 381.7 392 401.1 407.4 411.8 419 428.5 436 438.9 439.7 436.9 438.8 444.3 439.2 425.8 401.3 381.6 366.8
203 197 189.4 182.7 177.8 173.3 170 165.5 159.7 155.6 147.6 139.5 138.6 138.6 139.7 139.7 140 146.6 156.7 161.7 162.3 163.9 155.1 160.3 164.6 168 171.2 176.9 185.3 191.4 199.3 204.3 210.7 220.8 231.2 241.1 248.5 256.7 265 272.3 278.8 283 287.8 293.4 299.5 302.9 306.2 313.8 319.6 324.9 330.2 336.4 341 343.6 347.4 352.7 358.2 363 367.2 373 381.9 392.6 401.3 407.4 411.4 417.8 426.8 434.1 437.2 439.4 436.6 437.1 440.6 432.1 414.3 393.5 375.8 361.5
210.8 200 192.1 185.8 180.6 176.3 172.4 167.9 163.9 158.8 154.9 144.1 138.9 139.2 139.6 140 140.1 140.4 149.3 151.5 147.4 153 164.6 161.8 163.4 165.6 167.7 172.7 178.5 187.3 195.7 200.9 208.9 220.8 231.8 239.8 247.3 255.8 263.6 270.8 278 280.6 284 288.9 293.9 297.2 306.3 313.7 316 323.5 330.5 336.6 339.9 342.5 347.2 352.8 358.3 365.4 369.8 374.9 382.7 393.7 401.8 407.3 411.6 417.8 426.7 433.2 436.1 438.7 436.9 435.4 436.5 423 401.9 382.9 367 354
222.5 209.3 198.9 191.3 184.5 179.7 174.4 170.9 166.3 160.7 157.5 151.5 144.7 140.6 139.3 139.7 140.1 140.9 141.2 144.1 148.2 158.1 158.4 165.5 162 163.4 166 171.4 176.3 182.7 191.3 197.9 205.1 220 231.3 238.7 244 252.8 260.9 267.5 274.7 277.7 277 280.5 285.1 298.6 306.7 310.4 315.9 323.9 330.4 334 337.7 341.1 345.6 351.7 358.7 364.6 370.4 376 383.3 393.9 401.9 407.9 411.7 417.4 426.1 432.8 436.5 439.1 437.2 435 428.2 415.7 392.8 371.9 357.8 343.9
229.8 218.9 205.5 197.3 189.4 182.3 176.5 172.1 168.8 164.4 160.6 156.2 149 144.4 142.2 142.5 143 144.3 143.3 142.8 148.8 155.9 157.6 158.7 166.3 162.1 165.6 169.4 172.7 180 187.7 194.1 201.6 215.9 227.5 234.8 240.5 245.1 254 262.2 268.9 267.4 279.9 284.6 293.7 300.1 306 309.7 315.7 324.5 328.2 330 333.7 339.1 345 354 362 367.9 373.8 378.9 384.7 394.2 401.7 407.9 412.2 417 424.6 432.2 437.9 440.4 438.1 435.5 433.9 415.7 394.1 370.5 354.8 338.3
231.7 222.2 212.4 203.1 195.4 186.1 179.2 174.3 171.1 167 163.8 160.2 155 151.5 147.3 145.9 145.6 145.6 145 144.5 146.3 151.6 155.5 157.6 159.4 167.1 162.6 166.7 170.3 176.7 183.7 190.3 197.5 207.7 219.1 227.4 230.4 235.8 241.5 252.8 257.1 272.4 280.9 285.4 293.1 299.1 304 308.8 315.2 322.2 323.7 326 331.4 336.7 345.9 355.4 362.8 370.4 377 380.3 386.1 394.3 402.1 408.4 411.9 417.2 422.6 431.2 438.6 442.3 440.6 437.1 434.4 420.3 401.3 378.6 360 346.9
233.3 224 213.6 206.1 200.8 195.1 188 181.8 174 170.7 167.3 163.2 158.9 157.2 153.6 149.8 147.5 146.6 145.6 144.2 143.3 146.3 150 153.6 157.6 161.8 167.9 164 170.1 173.6 180.8 188.3 192.3 199 207.6 214.4 226.8 239.5 251.9 263.6 271.1 275.8 281.1 287.4 294.3 300.5 305 309.9 315.2 318.7 318.8 324.2 329.5 337.2 346.6 354.2 362.8 371.6 378 381.7 388.2 395.7 403.9 409.7 412.8 417.2 423.4 431.7 438.9 444 444.1 439.9 436.8 424.4 411.5 392.7 373 356.6
236.9 227.9 222.1 215.3 206.3 199.7 192.2 184.6 179.2 172.8 170.1 166.9 162.5 160 156.8 154.9 153.5 149.2 146.7 144.8 143.9 141.5 145 147.9 150.9 156.4 167.9 168.7 169.6 171.9 178.4 183.3 189 197.8 209.4 220.9 231.2 243.4 253.8 264.1 271 275 281.9 287.9 292.8 299 303.2 309.4 313.3 312.2 316.8 322.9 329.7 338.3 347.3 355 364.1 373.1 378.1 383 389.8 397 405.5 411.5 415.3 418.4 424.1 431.7 439.6 444.9 448.3 442.8 439 434.2 421.6 405 394.6 369.9
242.9 236.9 230.5 224.1 216.7 208.3 199.6 192.2 183.6 177 173.2 171 166.3 162.8 160.3 158.4 156.8 153.3 150.2 145.8 142 140.6 141.3 145.2 148.4 155.3 159.2 169.5 170.1 170.8 175.6 182.6 189.8 200.8 211.7 222.5 234 245.6 254.3 263.5 267.9 272 278.9 285.6 290.6 295.5 299.6 304.6 309.5 302.8 314.4 321.9 330 339.3 348.9 357.7 366 374.2 379.4 384.5 390.3 397.5 405.5 412.5 418.2 418.7 423 430.7 439 445.8 449.7 445.5 440 435.3 423.3 410.3 399 380.4
252.9 246 234.9 227.5 223.7 213.7 208.3 200.3 192.9 185.8 178.5 173.6 170.6 166.2 163.2 160.3 158.4 154.3 151.6 149.5 141.9 142 141.9 144.6 146.2 150.8 156.1 166 169.6 170.9 174.8 182 192.4 203.1 215.7 228 239.6 248.4 257.5 261.4 265 269.4 276 283.6 287.4 289.8 293.5 299 299.4 301.5 313.2 321.9 329.8 340.3 349.8 359.6 369.5 376.3 381.2 385.2 389.9 397.1 405.7 413.4 419 418.3 421.4 429.2 437.7 444.8 450.2 447.5 437.6 433.2 426.9 411.7 397.7 383.2
263.4 256.4 249.6 243.3 236 226.9 217.7 208.6 201.4 192.8 185.6 179.5 173.8 169.7 165.3 161.2 158.6 156.2 156.1 148.8 141.6 142.2 142.6 143.5 145.8 148.5 155.9 160.9 169.4 170.5 173.2 182.7 192.3 206.4 221.1 233.1 243.3 250.7 257.1 259.9 263.3 268.2 273.7 280.6 282.9 283.6 287.6 290.2 291.8 301.5 312.6 322.1 329.3 341 350.7 360.6 370.3 378.3 380.6 382.3 386.8 395.2 404.6 413 415.7 412.8 417.3 427.1 435.9 443.4 448.5 441.3 430.6 428.8 422.2 409.4 396.5 383.5
267.6 262.2 254.8 247.4 239.6 230.6 220.7 212.1 203.3 196.5 190.6 184.8 176.7 170.4 166.1 158.6 162.9 161 158.2 148.4 141.3 142.6 144.2 143.5 144.4 146.7 153.1 160.2 170.6 169.7 172.6 182 193.2 207.9 222.5 236.4 244.6 251.3 255.1 258.2 261.6 266.5 272.7 278.3 278.9 279.2 281.4 281.1 298.3 305.4 311.6 320.7 328.5 340.6 350.6 360 369.9 374.1 374 377.2 384.1 394.1 403.2 409.2 408.7 408.5 415.6 424.9 433.5 441.1 445.1 429.9 425.2 425.2 416.4 404.1 392.4 379.6
263.4 261.8 256 248.3 240.2 232 222.7 213.3 204.5 198 192.5 185.1 177.3 171.7 165.5 168.2 165.5 163.3 160 148.5 143.2 143.1 144 143.4 143.9 147 150.6 159.7 164.4 169.8 172.4 181.9 192.7 206 221.7 236 244.5 248.9 252.1 256.7 261.1 265.2 269 272 273.5 274.8 278.5 287.1 296.3 302.3 307.8 316.1 327.5 338.5 349.2 358 361.8 362.1 366.9 373.7 382.7 392.6 399.5 401.1 399.1 405.5 414.3 423.2 430.8 437.5 429.4 420.9 418.4 420.9 409 390.9 382.8 372.3
252 255.3 254.9 244.3 234.5 228.1 220.1 213.1 205.2 198.5 192.2 185.4 173.2 173.1 170.6 170.6 168.4 164.6 163.5 150.5 143.1 143.5 143.4 143.3 143.9 146.6 148.6 159.9 164.6 169.4 171.8 181.3 191 202.6 217.2 234.3 242.7 245.4 248.8 254 258.8 262 264 265 266 270.1 278.3 285.7 294.1 299.7 305.5 313.5 324.8 335.5 346.2 350.3 349.9 355.9 362.9 371.6 380.1 387.8 390.3 390.5 394.9 404.5 412.8 421.2 427.8 427.6 415.4 412.6 411.9 403.8 398.1 381.8 369.7 365.5
237.2 238.7 237.3 229.4 223.1 214.4 208.5 204.7 200.5 192.6 186 173.2 173.6 173.5 175.5 174.5 170.9 168.2 163.9 154.7 143.8 143.8 144.1 144.3 143.9 146.4 147.5 157.5 164.3 172.5 171 180.6 189.3 200.4 217.3 233.7 240.6 242.8 245.1 249.9 255.1 255.9 254.9 252.5 265.6 271.2 276.7 284.3 292.5 297 303 312 322.1 329.6 333.3 338.9 342.3 349.3 358 367.4 375.1 378.7 381.3 386 395.2 403.2 411.4 418.2 422.4 410.1 405.7 403 403.3 390.6 374.8 371 361.9 355.7
230.8 226.6 222.9 217.6 209.9 202.6 198.4 189.3 184.1 183.6 181.9 181.6 177 180.4 178.4 176.1 173.9 171.2 167.8 158.8 148.4 143 143.2 143.9 143.7 146.1 147.8 153.8 163.5 167.3 171.8 178.4 186.6 198.4 213.2 228 236.9 240.8 242.9 246.5 248.2 244.5 249.7 259.5 264.5 269.1 274.3 282.3 290.2 293.1 298 308.9 317.4 322.2 325.6 328.7 335.1 344.8 352.4 357.8 364.4 367.9 375.6 385.6 394.4 402 408.2 414.2 402.7 396.4 392.3 384 386.1 366.1 364.6 355.3 351.4 346.5
227.4 221.7 213.9 208.7 203.4 195 189.9 191 195.4 192.7 189.1 185.9 185.1 183.9 182.1 180.4 178.4 175.3 169 164.5 157.2 144.7 144.8 145.4 144.4 145.4 147.9 152 163.2 165.8 172.5 177 182.2 193.7 208.3 221.8 232.4 238 240.5 240.8 236.2 239.4 249 257 260.6 265 271 280.5 284.4 286.4 292.8 301.9 305.8 309.9 316.2 325.5 333.2 339.3 345.3 350 355.6 364.6 375.2 383.6 391.7 399.1 404 394.8 388.1 384.6 375.5 360.3 358.2 353.5 350.5 346.6 340.1 340.3
221.1 216.2 210.9 206.9 203.1 196.1 196.8 197.1 196.1 194.1 192.8 189.9 188.2 187.2 186.3 184.6 182.5 179.1 171.8 167.4 159.5 149.6 145.4 145.3 144.7 145 147.1 152.4 161.4 165.3 172 177 180.1 189.7 203.5 215.8 225.5 232.8 237.1 230.5 229.8 239.4 250.2 253.1 256.2 261.5 269.6 277.1 278.2 280.5 284.8 289.2 296.6 304 313.3 323.3 329.8 333.4 338.2 343.7 352.3 362.8 373.1 380.9 387.7 389.4 381.4 378.3 376.2 369.6 354.2 340 339 337.1 335.5 333.3 331.7 333.2
215.1 210.7 207.5 204.3 202.1 201.1 199.3 198.5 199.9 199.1 196.2 193.8 192.8 192.3 190 189.2 186.5 181.5 172.1 167.8 161.6 154.5 147.1 145.4 145.1 145.4 148.9 154.5 161.8 164.9 174.4 175.8 178.7 187.5 198.4 208.1 215.3 222.9 223.8 222.9 232.6 243.5 247.1 249.8 252.9 258.5 266.4 271.1 271.6 273 276.3 284 292.2 300.8 308.5 318.1 319.5 323.5 333.4 341.6 350.4 362 370.5 376.6 374 368.3 367 364.2 361.9 347.1 333.9 325.9 321.2 323.1 322.7 322.5 323.5 324.1
216.2 211.3 207.5 206.7 204.4 204.4 203.6 204.5 204.9 201.9 200.1 197.9 196.8 196 192 190.8 188.5 184 174.6 168.2 165.6 156.8 148.8 146 145 146.4 150.6 155.3 159.6 165.2 175 174.5 180.7 185.5 191.8 199.5 205.5 210.6 211.7 222.2 236.6 242.8 244.8 247.8 250.5 255.1 261.4 264.2 264.9 266.8 271.5 278.2 286.5 293.8 300.1 300.4 312 321.5 330.6 340 345.6 354.4 363.3 356.7 354.1 355.3 355.3 345.9 336.6 326.9 317.7 312.3 310.9 310.8 312.3 312.7 312.7 319.3
223.2 217.8 214.2 211 210.4 211.1 212.2 214.1 210.2 206.8 204.3 201.8 201.3 200 195.2 191.6 190.4 184.4 175.9 170.5 166.9 158.4 151.8 146.7 145.8 149.3 151.7 154.1 159.7 165.3 170.3 173.5 178.4 183.9 188.9 194.5 201.7 209.3 218.9 224.7 235.6 240.6 242 244.6 248 252.1 256.2 257.5 258.7 262 265.7 272.5 282 282.2 288 299.6 309.4 319 329.1 337.2 339.8 341 340.5 341.2 341.3 341.5 334.2 325.1 317.8 311.1 303.6 300.3 300 300.5 300.2 303.4 309.6 316.4
227.6 224.4 221.3 222.3 222.5 226.3 225.6 221.6 215.6 211.2 208.7 206.8 205.5 203 198 194.5 191.9 187.3 177.6 173.4 166.9 160.7 152.7 146 145 151.3 154.1 160 159.2 163.7 170 174.8 177 182.6 188.5 196.5 206 215.7 224 230.3 233.1 236.7 238.7 241.4 244.9 247.7 250.6 252.6 254.4 256.5 260.1 267.3 269.8 275.9 284.8 296.3 307 317.8 327.1 332.3 328.6 327 329.9 329.7 325.8 319.5 313.5 308 304.2 299.1 293.3 290.7 290.5 291 291 297.6 306.8 314.6
234.6 233.7 230.8 232 233.1 234.7 231.1 226.6 219.2 215.1 212.6 209.8 208.8 205.6 200.7 196.5 193.6 188.4 179.9 175.3 168 162.2 154.8 146.5 144.8 152.3 155.3 158.5 160.9 164.5 168.3 176.6 178.4 183.2 190.3 197.3 208.9 222.3 225.8 227.2 229.6 232.3 234.1 237.7 240.5 243.1 246.4 247.7 249.6 251.7 254.7 258.1 263.1 272.4 282 293.2 305 315 321.9 315.2 314.5 316.1 318.9 319.7 308 299.4 296.9 296.4 291.3 285.8 283.6 283 283.2 283.2 287.5 293.9 302.8 308.7
