public/OST50/SK09.asc
ncols 200
nrows 200
xllcorner 400000
yllcorner 390000
cellsize 50
[rows 105 to 139 of 200, columns 0 to 77 of 200]
165.5 159.6 153.4 147.2 141.5 135.2 127.5 119.1 116.3 118.8 121 123.3 128 136.1 145.6 152.2 156.4 156.9 155.9 154.9 154.4 151.8 150.4 151.1 146.8 141.5 141.2 142.7 140.3 128 125.6 125.9 123.4 126.3 128.5 129.2 135 142.8 147.3 154.8 161.9 163 163.2 167.1 171 178.5 183.9 189.4 188.1 190.5 195.7 200.2 204.4 202.9 200.3 199 197.3 186.9 178.1 172.6 169.9 168.1 165.7 165.4 166.6 167.8 168.6 170.4 172.4 175.1 177.7 181.4 182.3 181.8 180.4 180 181.2 177.6
163.8 157.1 150.5 145.4 139.9 133.8 126.4 118.8 116.7 118.6 120.9 124 128.7 136.6 145.3 152.7 155.5 157.7 158.2 157.2 155.8 153.7 150 149.2 142.8 143.2 144.9 146.2 145.9 138.2 127.9 126.2 126 124.9 127.9 127.9 127.9 136.9 142.8 149.4 161.7 162.2 168.6 167.1 165.7 175.8 180.9 182.8 183.1 186.5 191.6 195 197.6 196.1 193.9 193.1 185.3 180.1 173.5 169 166.3 164.7 161.5 163.7 165 165.5 165.8 166.9 168.5 170.8 173.4 174.7 175.9 177.4 178.4 181.5 181.5 177.5
162.8 157.5 152.3 143.6 134.7 131.3 121.8 118.2 117.9 118 121 124.8 129.1 138.2 147.3 154.3 157.6 159.8 159.9 158.3 156.7 154.6 153.4 148.5 147.5 146.7 147.4 148.3 149 144.4 136.6 128.6 126.6 126.8 125.3 124.5 127.6 130.8 137.3 146.6 160.6 161.6 161.8 168.6 167.9 173.4 176.9 177.4 179.5 182.2 188.2 192.8 191.8 187.2 187.7 185.1 177.4 174.4 168.3 164.1 162.4 160.8 160.8 161.3 161.7 162.6 163.4 165.8 166.7 168.8 170.7 172 172.7 175.3 179.4 181.7 181.8 177.7
157.9 155.7 147 138.6 129.8 126.4 117.7 117.8 117.9 120.5 122.7 128.7 134.6 144 154.5 156.6 160 162.4 161 159 157.6 155.3 153.3 150.7 147.8 148.7 149.7 151.3 151 148.8 147.3 137.6 129.2 129.2 127.5 127.3 127.3 124.6 131.3 136.9 145.7 156.4 162.4 162.1 163.9 165.5 169.2 170.5 173.9 177.6 182.5 183.8 182.4 179.4 178.1 173.9 170.7 166.9 163.7 160.3 159.2 158.9 158.7 159.3 160.8 161.1 161.7 165.1 165.6 166 168.7 169.5 170.5 175.3 179.5 182.7 183.1 175.6
154.8 148.3 138.6 131 126 117.5 117.7 117.9 118.9 126.5 132 135.7 141.1 151.4 155.9 160.8 162.7 163.6 162.2 160 158 157.3 154.3 151.8 150.3 150.6 150.7 151.3 151.4 150.3 148.9 145.2 137.3 134 130.9 129.8 130 131 133.1 128.1 137.8 143.9 148.7 154.8 155.9 160 161 164.4 168.1 171.3 174.1 175.7 175.4 170.2 167.7 166.2 165.5 161.9 158.9 158.2 155.5 156.6 157.7 158.5 158.7 159.7 160.9 162.1 163.5 165.3 167.5 169.1 170.6 175.1 180.8 184.6 183.4 173.9
148.9 140.6 130.9 125.9 120.7 117.7 117.5 117.6 117.7 131.1 137.1 141.5 146.8 155.7 159 162.7 164.4 164.9 163.2 162.3 162.2 158.8 155.2 152.9 151.8 152 152.2 152.1 152.2 150.3 148.2 146.8 142.3 140.6 135.4 137.6 138 137.1 133 132.2 129.7 135.8 137.3 146.8 150.7 153.6 155.3 158.8 161.7 160.3 165.5 169.9 168.1 163.4 162.3 161.4 160.4 159 157.8 157.2 155 155.1 156.4 157.4 158 158.4 159.8 161.1 162.5 165.6 166.9 169 171.7 174.9 178.8 184.6 183.1 172.2
144.9 135.6 128.9 123.1 117.7 117.6 117.9 117.8 123.2 135.6 139.7 147 151.6 155.7 158.8 162.7 164 164.7 164.2 163.8 163.9 159.6 156.2 155.3 154.9 154.8 154.2 153.5 153.1 151.6 149.3 147.6 143.5 142.7 139.2 146.4 150.5 139.1 132.9 132 131.9 131.6 134.5 134.7 142.4 146.8 151 152.9 154.5 157.8 161.6 159.8 158.4 157.8 156.3 155.6 155.4 154.6 154.3 158 157.8 155.4 155.7 156.3 156.6 156.7 158.1 159.6 161.8 164.6 168 169.9 171.7 174.5 178.2 183.6 182.5 171.9
136.9 129.8 126.6 117.6 117.5 117.3 117.6 116.7 132.5 132.7 143.7 150.6 156.8 156.2 159.2 162.3 164 164.3 164.5 164.8 165.1 161.3 159.1 158.5 158.3 158.1 157.4 155.6 154.2 152.8 153.2 148.7 140.5 144.4 149.3 157 158.6 142.8 133.3 131.2 130.6 129.2 127.2 133.8 135.3 138.6 141.8 144.9 147.6 149.5 149.9 149.3 148 151.7 152.2 152.2 152.7 152.7 152.5 153.2 155.1 155.4 157.9 155 155.2 155.2 156.6 158.6 160.8 163.6 166.6 169 171.6 174.1 177.2 179 181.3 174.1
130.5 124.7 115.5 116.8 116.4 115.5 117.3 127.4 131.8 135.4 140.2 153.4 157.6 157 159.4 162 164.3 166 166.9 166.2 165.8 163.7 162.4 162.4 160.5 159.5 158.2 156.4 156.4 153.3 152.1 147.5 144.3 151.7 155.8 161.6 151.3 146.5 143.2 141.2 133.4 130 129.4 133.2 133 134.3 136.8 134 133.9 136 141 142.4 144.3 145.9 146.6 147.8 150.4 151.7 151.7 152.1 152.5 152.9 153.3 156.4 158 154.5 155.3 157.7 160.2 163.1 166.4 167.8 170.5 173.4 175 176.3 176 172.5
122.5 118.2 116.7 117.2 118 120.4 128.3 133.5 138.1 146.6 149.5 146.4 156.5 159 159.9 162.3 164.9 167.5 166.4 166.8 167.3 166 165.2 164.3 162.2 160.5 158.8 158.3 154.1 154.4 151 148.7 154.3 160.7 161.6 159.8 149.8 149 147 146.8 140.7 135.9 130.8 131 131.4 132.9 133.6 133.4 133.3 133.6 139.3 139.2 140.1 142.4 142.8 143.6 147.7 151.3 151.5 151.2 150.2 151 152.1 152.1 153 152.6 157.4 156.5 158.5 161.4 164.8 167.7 170.3 173.2 173.7 173.2 171.5 168.1
118.1 116.5 116.5 116.5 119.1 122.4 128.6 137.5 144.2 149.8 152.1 154.4 156.8 158.9 160.4 163.5 165.3 167.2 167.8 167.6 168.5 168.4 167.9 165.9 164.2 163.2 160.5 156.5 157.2 155.1 154.6 157.6 161.8 161.5 162.7 161.1 158 149.7 147.4 145.8 145.8 144.7 143.6 132.1 132.6 134.3 133.6 132.8 132.6 133.2 132.1 138.8 139.4 140.2 140.7 144.3 146.3 146.9 147.2 148.5 148.5 149.5 149.1 149.7 150.7 152.4 153.5 157 157.8 159.7 162.5 166 169.5 171.6 170.8 169.8 167.6 161.6
119.4 116.8 116.3 115.7 119 127.1 133 139.5 145 151.6 153.6 155.6 157.8 160 161.9 163.6 166 167.3 168.2 169.1 169.7 170 169.7 167.5 166.7 164.1 160.6 158.5 158.1 157.1 159.8 161.6 161.9 162.9 163.3 163.3 157.3 149.1 146.9 146 146.6 146.3 145.4 142.9 136.9 133.4 132.1 132.4 143.9 142.6 134.3 134.3 134.9 138.4 138.7 138.7 138.7 138.9 138.6 143.8 147.6 148.4 143 146.2 147.9 149.1 152.6 154.2 158.3 158.3 160.1 162.3 167.6 168.6 170 165.7 164.4 159
120.8 126.3 121.4 123.4 125.9 130.8 142.1 149.2 150.5 153.1 154.9 157.2 159.3 160.5 161.6 164.8 166.5 168.5 169.8 170.1 169.4 169.5 170.2 167.5 168.8 165.4 164.3 161 160.7 161.9 162.2 163.1 163.4 163.7 164.2 163.1 153 151.1 149.8 146.3 147.3 147.2 146.7 145.4 141.9 136.7 133.7 144.4 145.6 145.7 145.3 137.3 135.5 136.2 136.8 136.6 138 137.8 138.6 139.3 138.8 139.9 142.5 142.7 145 147.7 148.8 150.9 153.2 155.2 157.2 158.4 163.1 164.1 161.9 160.3 159.1 157.8
126.8 131.7 134.2 135 137.6 143.3 147.5 150.9 152.7 154.6 156.2 158.7 161.1 162.3 164.2 166.6 168.2 169.8 170.5 169.2 169.1 169 169 165.9 162.3 160.1 160.3 161.8 161.2 161 161.4 163.5 164.8 164.7 166.3 160.4 152.6 152.2 151.3 147.1 148 148.1 147.7 146.1 143.2 140.6 137.2 134.8 144.8 145.5 146.1 144.2 139.8 135.8 136.7 136.5 136.8 137.3 137.9 138.8 139.7 140.3 141.6 141.9 142.6 144.5 146.9 148.6 150.4 151.7 153.9 154.1 154.9 155.8 156.7 156.7 156 155.1
126 132.6 136.5 139.6 142.5 146.4 149.6 151.8 153.4 155.5 157.6 160.2 162.7 164.9 166.5 167.2 163.2 160 158.1 158 159 158.5 158 157.8 158.7 159.4 161.7 162.9 160.9 159.1 163.8 163.9 162.7 157.6 155.6 154.1 149.3 149.4 145.4 147.9 147.9 149.1 149 148.5 145.9 143.2 142.4 135.5 140.6 145.1 145.7 146.9 147.6 148.2 140.4 144.5 144.6 142 143.7 143 142.9 141.9 142.9 142 142 145.3 146.1 147.1 148.9 150.1 149.5 149.4 153.7 153.8 154 153.9 153.6 152.9
123 132.5 137 140.3 144.7 147.4 148.6 151 153.4 156.5 158.7 160.5 158.2 156.5 153.9 153.9 154 156.2 159.6 163.5 163 164.6 165.2 167.5 166.4 164.4 163.2 162.6 157.2 150.6 158.8 158.5 156.9 154.9 154.5 154.6 154.7 154.2 150.9 148.4 145.8 151.2 150.7 149.4 146.9 144.6 142.7 134.5 137.9 145 145.9 146.2 148.7 149.7 150.5 150.3 148.3 147.9 148.3 150.3 147.5 146.9 143.1 143.2 143.1 144.5 146.2 148.4 150 148.2 148.7 148.7 148.5 148.6 150.3 151.6 151.5 151.7
127.9 132.6 135 139.4 141.7 142.2 149 151.7 153 152.6 150.7 151.2 151.4 151.6 151.8 153.2 165.3 174.7 175.7 175.9 175.4 175.4 171.4 168.8 166.2 161.6 163.4 161.8 151.7 156.4 158.7 157.2 156.1 155 156.4 157.7 156.4 153.9 153.8 149.4 148.9 151.8 150.8 149.8 147.9 145.7 145.9 142.3 135.6 141 145.4 147.6 149.5 151 152.1 152.2 151.5 153.5 150.6 151.4 151.7 152.7 150.8 141.6 145 144.6 145.5 149.1 152.7 153.6 148.3 149 148.2 152.6 151 150.6 150.5 152.5
138.7 139.3 141.8 143.7 146.6 148 148.8 150.8 150.8 150.1 150.1 150.4 150.4 150.9 157.9 170.2 175.8 176.8 177 177.6 176.6 175.6 172.6 168.9 165.4 160.8 158.9 157 154.6 161.9 160.7 159.3 159.3 156.6 157 158.8 157.9 155.7 150.2 153.8 152.5 150.1 151.6 150.6 148.7 148.8 149 146.9 143.4 140.2 143.9 146.8 150.5 152.3 153.4 154 154.3 154.2 153.4 153.8 154.2 156.5 155.8 150.9 146.5 149.9 156.6 157.9 160.5 161.2 166.2 165.3 160.6 163.8 162.7 155.2 164.3 165.8
144.1 143.6 143.3 144.1 146.7 147.9 148.9 149.4 153.7 153.3 155.2 159.5 164.1 168 170.8 173.9 175.9 177.5 178.2 179 178.1 176.5 174.7 169.9 168.6 166.1 160.4 158.3 155.4 162.8 161.8 161 160.6 158.9 157.3 158 158.7 155.2 157.2 156.4 155.6 153.7 153.6 152.6 155.5 153 152.3 152.1 146.3 143.5 140.2 141.6 144.8 152.7 153.4 155 155.7 155.9 155.6 155.3 158.1 158.3 158.3 158.7 159.4 159.9 161.1 163.1 165.5 167.8 170 171.6 172.6 174.6 176.2 176.8 177.8 176.6
147.5 146.5 144.6 144.9 146.7 147.9 149.1 149.2 152.5 155.8 158.2 160.9 164 166.6 172.1 175.1 176.7 178.3 179.3 179.8 178.5 178.6 177.1 174.2 171.6 169.1 163.4 160.9 158.1 161.9 162.4 163.7 162.6 160.8 159.6 160.3 160.7 155.8 159.9 159.2 158.4 157.2 156.7 157.4 157.4 157.9 157.4 155.9 156.6 152.7 145.7 142.9 142.5 145.9 151.5 154.6 156.9 158.1 159 160.3 160.4 159.8 159.7 160.5 161.7 163.2 165.2 167.5 169.2 171.4 173.7 175 175.9 177 183.1 184.1 187.7 189.2
147.9 148.3 146.3 145.9 146.3 147.8 149.4 150.6 152.5 150 157.1 158.3 158.8 168.1 171.9 175.9 178.2 179.2 180.3 180.7 181.2 182 180.7 177.5 175.1 172.2 165.7 162.9 157.4 162.3 165.7 165.8 165.4 163.9 162.4 161.5 161.2 161.3 161.4 161.1 160.6 160.2 159.9 161.4 161.8 161.5 160.8 159.8 158.7 157.6 156 152.4 145.1 144.5 146.7 153.4 158.1 158.5 160.3 160.9 161.3 161.3 162.1 164.1 166 166.6 171.2 171.8 171.8 173.7 176.1 177.3 179.4 182.3 185.6 187.4 192.2 195.3
148.3 148.9 147.7 138.8 140.7 144.5 151.9 152.8 156.4 159.4 162 164.3 167.1 170.3 174.3 177 179 180.3 181.6 182.7 183.4 184.2 184.8 183.1 179.8 176.5 171 166.9 163.7 163.3 162.8 167.1 167.3 166.4 166.1 165.8 162.5 161.3 161.6 163.4 163.9 162.2 161 162.9 163.9 164.1 165.4 163.7 162.3 161.4 159.5 157.2 152.9 143.3 143.3 151.1 152.6 156.7 159.9 161.5 163.2 163.3 164.8 166.5 167.5 169.1 172 173.7 173.9 175.1 177.2 179.2 182.2 184.5 187.4 191.8 195.7 198.9
147.5 150 150.5 138 137.9 148.8 154.3 157 160.1 162.3 164.6 166.6 168.8 172.1 176.1 178.1 179.9 181.8 183 183.7 185.1 186.1 188.2 186.1 184.8 184.5 177.3 169.9 167.6 165.8 166.9 166.7 168.6 169.3 170 168.2 166.3 163.9 164.2 165.8 166 165.1 165.2 165.7 165.8 166.7 167.8 168 168.3 166.8 165.3 162.1 160.1 153.1 146.2 147.3 147 148.9 153.8 159.7 162.4 164.9 165.8 167.7 168.9 170.6 172.6 174.3 175.1 176.7 179.8 181.1 184 185.8 190.6 194.5 199.1 202.7
148.7 151.6 153.5 142.2 140 150.1 156.7 160 161.7 165.2 167.4 170.1 172.6 175.3 177.2 179 180.8 183 184.4 184.9 186.3 189.7 189.7 191.4 186.2 185.5 182.2 175.2 173.1 169.9 171.5 167 170.3 172.8 174.8 172.8 170.7 167.1 167.4 168.1 169 168.1 168.3 167.5 171 171.1 172 172 171.7 171 170.2 169.2 165.3 160.2 152 147.8 147.9 148.8 148.8 154 158.3 163.4 165.6 166.5 167.3 169.7 172.6 174.3 175.3 178.1 180.7 182.5 185.2 187.9 192.3 197.1 201.6 206.8
148.9 153 155.6 147 135.8 143.4 150.4 156.2 160.4 165.3 168.2 171.6 173.1 174.3 176.3 178.5 181.7 183.6 184.9 185.4 188.8 190.3 193.1 196.6 196.9 188.1 183.4 179.4 177.6 176 176 169.8 172.1 175.9 177.6 177.1 175 173.2 171.1 170.4 171.4 170.9 171.7 172.2 174.2 175.8 175.6 175.6 175.6 174.9 176.3 175.3 172 166.1 160.9 154.7 153.9 150.4 150.4 150.7 155.7 159.3 163.2 165.3 167.2 169.3 171.4 173.3 175.3 177.9 179.2 183 186 190.4 195.1 199.8 204.1 209.5
143.8 154 156.3 151.1 143.1 149.2 148.8 145.2 152.8 163.3 167.2 168.3 170.7 173.2 176.4 178.6 181.8 184.2 185 185.5 190.1 191.7 195.1 200.4 200.4 190.7 185.3 182.6 181.8 179.6 176.3 174.3 175.8 178.4 180.8 181.6 180.3 178.2 175.9 173.9 173.3 173.9 175.1 176.3 179.6 181.3 180.4 179.9 179.7 180 180.9 178.9 176.3 172.4 163.9 158.4 157.8 157.2 154.5 152.7 154.8 157.2 161 163.8 166.1 169.5 172 173.8 174.8 177.7 180 182.4 187.2 193.8 197.7 203.3 207.1 211.7
140.6 154.1 157.8 154.2 147.7 154.4 157.7 156.4 153.4 152.9 161.7 167.2 170.9 174.3 177.4 180.2 182.7 184.4 187.1 188.5 191.3 193.4 197.5 202.5 203.9 198.7 192.9 187.1 185.8 181.9 179.7 178.6 180.5 181.4 186.4 187.2 186.1 182.9 180.5 178.2 176.9 178.2 178.7 181 183 184.8 185.5 184.9 185.8 186 186.2 183.2 180.7 176.6 169.1 160.1 160.2 162.1 159.7 153.8 154.3 155 159.4 162.9 165.7 169.1 171.7 173.7 176.8 179.7 182.7 185.7 188.1 194.8 200.6 205.9 209.7 214.9
143.4 153.9 159.5 157.5 154.5 148.4 160.6 163 164.9 160.8 157 159.9 165.9 169.9 176.7 179.7 182.8 184.2 186.9 190.1 192.4 195.4 200.1 203.2 207.8 203.1 197.2 191.5 189.9 186.2 182.7 184.2 186.2 186.2 190.2 193.1 192.8 189.6 185 182.1 180.2 182.3 184.6 186 188.1 191.4 193.7 192.5 192.1 192.3 192.4 190 184.2 179.2 171 166.7 164.7 164 162.8 159.7 159.8 157.8 157.3 161.4 165.4 169 171.9 175 178.3 182.4 186.1 190.1 193.3 197 201.6 206.9 211.4 217.1
146.7 156.5 160.5 160.5 161.3 161.5 160 166.5 168.4 170.1 163.5 173.6 175 176.9 178.2 179.9 183.3 184.8 187.9 191.3 194.1 199 205.1 203.2 207.8 209.1 202.3 196.5 193.7 191.4 187.4 187.3 190.4 191.7 194.2 197 198.1 199 191.9 188.3 184.3 187.6 188.4 190.8 194.6 197.4 199.1 201.1 199 197.6 197.1 195 189 182.3 176 171.8 169.2 167.9 167.3 165.2 163.3 162.3 161.7 161.3 166.2 169.9 172.9 176.1 180.8 186.2 189.9 193.6 197.4 202 204.8 209.7 215.5 220.4
149.2 160.1 161.3 162.3 164 164.7 159.8 168.6 171.3 173.7 174 175.5 177.5 180.2 181.4 182.8 184.5 185.7 189.7 194.9 199.7 203.6 208.5 214.3 216.4 212.5 208 205.3 204.9 202.3 196.3 193.6 196.9 196.4 198.5 202.5 203.7 202.1 196 192.2 189.6 192 193.6 197.1 201.5 205.2 207 207 205 201.6 201.5 198.2 193.2 185.8 181.4 173.1 174 173 169.3 167.3 164.7 165.4 164.2 159.5 167.7 169.9 173.6 176.6 182.5 188.4 193.7 197.4 201.4 205 210 213.9 219 224.3
156.4 158.7 161.1 162.2 165.2 167.7 163.3 169.9 172.4 176.2 176.8 178.2 179.1 181 184.3 185.9 187.9 189.4 194.3 199.4 204.1 208.2 212.7 218.4 221.9 217.9 214 212.6 215 211.1 204.9 203.5 204.5 203.3 203 206.2 208.7 208.7 201.8 196.9 192.5 198.6 200.2 203.3 209.4 213.7 215.2 214.1 211.9 208.4 205 200.4 194.7 188.9 182.7 181.1 177.7 177.3 175.1 172 166.5 168.6 166.8 164.2 163.3 163.5 166.1 175.4 180 188.3 193.1 200.1 204.7 209.9 214.2 219.1 223.1 228
155.3 158.2 160.6 164.5 167.8 169.3 169.3 170.1 173.2 175.5 178.9 180.4 182.6 185 188.6 189 191.3 194.1 199 203.9 208.9 213.9 218.9 223.9 229 226.9 222.6 220.6 223.1 219.7 216.5 213 211.1 211.3 209 211.4 214.5 215.7 208.8 196.6 199.8 206.4 207.2 214.2 220.2 223.5 223.4 221.5 218.7 214.5 209.3 203.2 197.7 192.1 185.4 184.3 181 181.1 178.3 173.7 170 173.1 170.9 164.6 164.1 164.1 164.9 176 178.7 189.9 190 202.1 207.4 210.4 219.1 222.6 225.6 230.4
155.3 157.7 161.5 166.6 170.1 172.7 172.9 174 175.4 177.9 180.9 182.7 187 188 190.4 191.9 194.4 198.6 203.9 209.8 215.4 221.3 226.1 231.1 234.9 237.4 232.9 228.8 232.7 230.9 228.3 220.3 218.3 216.9 216.5 217.8 219.8 221.8 214.6 201 203.6 208.2 215.4 223.5 230.3 234 232.6 229.6 225.3 219.3 214.3 207 202.5 201 195.2 187.3 184.8 184.3 181.4 175.1 175.4 178.5 172 169.6 164.2 163.8 163.7 176.8 176.8 186 190.2 199.8 207.9 212.8 222.5 224.3 227.8 232.5
151.4 156.5 160 167.2 171.7 175 176.3 177.8 179.8 181.4 184.2 186.8 189.4 191.5 193.2 195.8 200.6 205.4 208.5 215.1 221 227.1 233.2 238 241.8 244.4 243 239 244.2 242.9 243.8 240.3 231.9 228.2 224.6 225 226 226.9 218.6 206.4 211.2 212.8 222.8 231.3 240.1 245.6 243.3 238.3 233.4 226.2 219 213.3 211 207.3 201.7 193.8 191 189.5 185.5 176.9 179.9 182.9 175 181.5 166.2 164.1 165.1 170.3 179.3 183.8 189.6 195.7 203 211 217.7 221.8 227.8 231.9
141 150.7 159.3 167.7 173 176.9 179.2 181.1 183.7 186.2 189 191.7 193 195.3 197.4 201.3 206.3 211.8 215.7 220 226.1 233.4 238.8 243.7 248.3 251.4 252.4 249.5 243.8 256.3 257.2 258.5 256.5 243.8 236.2 232.1 230.4 230.3 224.6 211.5 220.3 222.9 229.8 235.8 251.8 258.3 258.1 249.5 238.7 234.1 226.2 222.1 219 213.6 207.6 198.2 196.1 193.5 187.8 181.9 183.1 186.7 189 185.9 170.8 165.1 166.6 167.2 175.7 181.6 188.4 193.9 199.7 206 212 217 222.7 227.3
