public/OST50/SK09.asc
ncols 200
nrows 200
xllcorner 400000
yllcorner 390000
cellsize 50
[rows 70 to 104 of 200, columns 78 to 155 of 200]
258.7 263 267.2 271.5 275.7 279.5 285.4 291.9 302.1 318.2 332.5 345.9 359.7 372.3 373.9 374.5 376.2 376 374.3 375.8 377.3 378.4 378 377.1 368.5 356.5 353.2 349.9 350.4 349.2 346.4 345 354.3 362.3 367.8 373.9 380.7 389.7 401 411 419.7 428.2 433.9 437.6 441.1 444.9 448.2 451.7 453.3 454.6 454.8 453.6 451.7 449.1 453.6 457.5 460.1 462 463.5 463.8 463.8 466.6 467.8 469 470.5 473 475.5 478 479.8 480 480 480.2 479.7 480.8 481.2 482.6 487.4 488.1
258.7 261.3 263.6 267 270.9 274.4 278.9 285.1 292.9 304.7 317.7 331.1 346.1 360.4 369.3 370.6 371.6 370.8 370.4 370.9 371.7 372.1 372.5 365.5 356.3 348.3 344.1 342.8 340.8 337.3 337.1 345.9 354.5 360.8 368.3 374 380.3 388.6 399.5 410.4 418.9 428.8 433.1 437 440.3 443.6 446.5 448.5 449.3 450.2 448.8 447 443.5 449.6 452.9 456 459.1 460.7 461.6 460.3 462 464.6 467 469.8 472.4 474.9 477.4 480 481.3 482.8 482.7 484.4 484.3 486.4 487 488.7 490.2 491.2
258.4 260.9 262.3 264.1 266.3 269.4 273 278.4 283.6 292.8 305.7 318.4 331.5 344.1 353.8 360.5 364.8 364.4 363.9 362.3 360.8 359 356.9 350.9 343.8 339.8 336.7 334.4 328.9 337.3 345.7 351.5 356.2 360.8 367.5 374 380.4 390.5 399.7 410.5 420.5 428.7 432.9 435.7 438.9 441.6 443.8 444.5 445.3 444.2 440.9 438.3 442.2 447.1 450.8 453.7 456.1 458.3 459.5 460.2 462.4 465.2 468.9 472 474.3 476.9 479.4 482.5 485 486.6 487.1 488 489.6 489.3 490.9 491.9 493.6 496.3
257.3 258.8 260.4 263.1 265.2 266.4 269.7 273 277.6 284.9 294.9 307.3 318.5 330.5 339.7 343.7 345 345.2 344 343.1 342 341.3 340 336.8 334.6 332.4 329 322.7 327.9 340.5 346.3 352.2 358.6 363.7 369 376.1 383.7 393.1 401.4 414.7 423.2 428.7 432.9 435 437.1 438.9 439.8 440.6 440.2 437.6 433.8 437.2 441.3 445.2 448.4 450.5 452.9 453 453.3 457.9 461.4 465 470.6 473.9 477.8 480.5 483 486.1 488.3 490.1 490.2 490.6 493.6 495 496.3 497.5 498.4 500.6
254.9 255.6 257 257.8 260.1 263.3 266.3 269 273.1 278.8 286.7 297 306.2 315 322.7 325.6 326.6 328 328.8 328.8 329.9 327.5 328.4 327.1 324.4 323.1 321.2 317.4 332 341.1 347.5 353.2 358.8 364.4 370.5 378 386 400.2 402.9 415.4 422.8 428.8 432 434.6 433.5 434 435.3 436.4 433.7 431.1 430.9 435.3 439.2 442.7 445.8 447.2 447.1 450.7 451.9 459.7 464.2 468 471.8 474.1 479.3 482.4 486.5 489.4 491.7 493.4 494.6 496.2 498.7 500.5 501.1 503.4 504 506.8
251.5 250.3 251.4 250.2 253.4 258.7 262 264.9 266.4 272.1 280 288.3 297.3 304.2 309.9 313.1 315.2 316.5 317.3 318.7 319.7 319 318.4 318 316.7 316.8 309.4 323.2 332.6 340.5 348.5 354.5 359.1 364.6 371.8 380 393.8 401.6 407.9 418.8 424.3 428.8 429.4 429.4 428.9 429 429.9 429.9 428.6 427.1 428.9 433.4 436.4 439.3 441.4 439.9 442.5 450 454.4 460.3 465.3 469.2 473.3 477.2 480.7 485.2 489.5 492 494.3 496.7 499.6 501.5 503.5 505.5 506.4 508.9 509.8 511.7
248.6 247.1 247.7 246.6 251.7 255 258.3 261.3 264.5 266.1 271.7 280.3 290.1 294.5 297.9 300.3 302.4 305.1 307.3 310.5 310 309.7 311.2 310.2 312.3 308.6 307.9 324.4 333 341.1 347.8 353.2 358.4 365.1 373.2 384.8 399.1 403 408.8 418.6 422.9 425.4 425.5 425.3 426.4 422.7 422.9 424 425 422.6 424.9 428.2 430.9 432.9 432.7 439.4 448.3 452.7 457.1 461.5 466.5 470.6 474.9 479 482.2 487.8 490.2 493 496.6 499.2 502.1 504.9 507.5 509.8 510.5 512 513.9 515.3
246.1 244.1 242.6 242.1 246.9 250 252.2 252.1 256.7 259.7 263.7 273.5 282.7 286.9 290.3 292.7 295 296.8 298.4 301.6 302.9 304.2 304.5 304.2 304.8 298.7 313.2 324.9 333.9 341.1 346.8 352.2 357.6 363.9 373.5 391.1 396.6 400.5 405.7 415.8 419 419 418.3 420.8 420.5 416.1 417.8 421.4 423 422.3 416.1 419.8 421.5 427.6 439.3 445.8 450.2 454.6 458.9 463.1 467.5 472 476.4 480.5 484.4 489.7 491.6 494.7 498.7 501.7 504.4 507.1 509.9 512.6 513.4 515.2 517.1 518.8
244.1 241.9 240.1 239.4 243.3 245.7 245.4 244.4 249.5 253.7 259.2 267.3 275.7 279.6 283.6 286.8 289.6 291.9 294 296.7 297.4 298.7 297.7 298.5 290.9 306.6 318.4 326.8 333.7 340.5 346.1 351.7 357.3 365.7 376.4 391.2 394.4 400.3 403.8 404.2 413.5 414.5 415.1 411.1 409.9 411.1 415 418.9 418.2 416.9 408.4 417.4 426.1 433.8 439.8 445 450.5 455 459.1 463.2 467.1 472.9 477.6 481.9 486.5 490.4 493.1 495.9 500.1 503.3 506.6 509.2 512.1 514.4 516.1 518.2 520.3 521.1
241.6 239.4 236.7 236.2 239.1 241.7 241.1 239 243.7 248.6 252.7 259.8 268.1 274 278.1 281.7 284.1 286.5 289.8 291.9 293 293.2 292.1 285.3 298.1 312.7 320.7 327 333.4 339.5 344.9 350.6 356.3 365.5 376.9 388.4 393.5 402.5 400.9 407.7 408.9 409.6 405.1 399.5 400.4 408 412.5 414 411.6 400.8 412.5 424.5 430.4 433.8 439 444.1 449.7 454.9 459.2 463.3 467.2 471.4 478.2 481.1 485.7 490.3 492.3 497 500.3 502.7 506.4 510.5 512.6 514.9 517 519.5 520.2 522.2
239.8 237.1 233.9 231.8 234.6 235 235.6 234.2 234.1 240.5 247.3 252.7 260.7 267 272.5 275.4 276.4 277.8 281.3 285.7 285.9 279.2 281.5 295.8 306.6 314.3 319.7 326.8 332.9 339.1 344.6 349.4 354.6 364.3 379.2 387.9 395.4 395.8 402.6 404.8 401.6 398.2 392.2 395.1 400 405.1 408.5 407.7 397.7 401.7 417.9 425.6 430.8 435.2 438.8 443.7 449.5 454.1 459.3 463.4 467.3 471.5 477.9 482.2 486.2 489.5 493.1 497.6 501.2 504.8 508.5 511.1 513.3 515.5 517.7 519.4 521.3 524
237.9 234.8 231.1 231.1 229.9 229.2 227.8 227 229.3 234.6 240 244.7 251.2 260.5 265.8 267.4 265.1 264.2 273.7 277.2 270.6 279.2 294.4 302 307.4 313.6 320.2 327.1 332.4 337.7 342.1 346.4 351.4 361.1 376.3 384.7 392.4 394.8 400.8 392.7 389 386.2 389.7 394.7 397.9 401 400.5 395.6 383.5 406.5 415.3 423.9 429.8 433.9 438 444 449.6 454.7 458.9 463.5 467.8 472.3 477.6 481.7 486.1 489.2 491.8 497.3 501.9 505.5 509 511.7 513.9 515.7 517.3 519.5 522.2 525.6
237.4 235.1 232 231.1 224.8 224.8 224.8 224.8 226.1 228.8 229.7 234.7 241.2 249.6 242.3 252.3 245.3 248.4 256 259.9 276.9 288.9 296.7 303 308.7 314.3 320.8 326.2 330.8 335.3 339.8 343.6 348.3 355.7 364.4 372.7 379.7 380.2 381.9 380.9 379.6 383.8 389.1 391.8 391.4 389.2 385.2 379.2 389.9 403.1 412.6 422.4 429.1 433.8 438.7 444.3 449.5 455 459.9 461.9 467.1 470.3 476.2 479.5 484 490.6 493.4 498.4 502.2 505.8 508.9 511 513.1 514.3 515.6 518.3 521.5 524.7
237.9 235.6 232.7 230.3 224.8 224.8 224.8 224.8 224.8 224.8 224.8 227.7 233.2 240 235.7 238.4 255.5 266.9 271.7 276.9 286.3 292.1 298.8 304.2 309.9 314.3 319.3 324.3 328.8 333.3 337.2 340.4 345.4 350.8 354.8 360.1 365.5 368.1 370.5 374 376.4 381 382 377.2 373.5 372.2 368 384.6 398.2 408.4 417.5 424.9 431.3 435.9 440.4 444.9 449.5 452.9 457.6 460.9 466.5 472.8 478.2 481.1 486.2 489.8 494.7 499.1 502.8 506 507.8 509.9 511.1 510.4 512.1 516.1 520.1 523.1
238.5 236.1 233.4 231.2 228.8 225.8 224.8 224.8 224.8 224.8 224.1 224.2 228.1 229.6 241 258.1 265.5 271.5 276.6 282.1 288.7 293.8 299.1 304.5 308.9 313.3 317.7 322.3 326.9 331.4 335 338.3 342.5 346.1 348.6 351.9 356.2 361.2 365.9 370.6 374.6 371.9 360.2 354.1 356 361 379.5 394.2 403.2 412.1 420.3 427.1 432.7 437.6 441.3 444.6 446.9 449.9 452.8 458 464.1 471.9 478.4 482.9 487.6 491.3 495.6 499.6 501.8 505.2 506.9 507 500.1 503.4 492.8 503 513.1 517.9
235.8 236.7 234.4 232.3 230 227.7 224.8 224.8 224.8 224.8 218.7 220.9 226.6 232.8 246.7 259.3 266.9 272.5 278.8 283.9 288.8 293.2 299.6 303.6 308.1 312.2 316.2 320.5 325.2 329.8 333.5 336.7 339.9 343.2 345.3 349.3 353.6 358 363.1 367.1 360.5 348.9 334.8 359.6 364.7 372.3 383.9 397.2 407.3 415.8 422.7 428.8 433.8 437.4 440.7 440.7 439.7 440.5 446.1 450.9 458 464.6 474.1 481.3 486.5 490.7 495.5 497.4 499.4 501.4 502.8 499.5 467.4 459.4 456.9 466.1 482.6 503.4
231.8 233.1 232.7 231.7 231.5 229.6 226 224.8 224.8 218.5 214.7 222.9 228.4 234.4 247.5 257.9 266.1 272.7 278.8 284.2 288.5 292.7 297.6 302.5 306.5 310.5 314.6 318.6 323.3 328.1 331.7 334.7 337.6 340.3 342.3 346.7 351 354.7 355.6 351.6 340.7 324.7 342.5 364.1 367.1 375.8 389.1 403.6 411.5 418 424.1 429.2 432.2 434.1 431.8 426.4 421 426.1 431.3 437.5 443.9 454 469.9 479.2 480.5 487.8 491 491.4 492.2 494.2 487.8 458.8 435 430.5 434.2 442.6 453.9 475
227.3 229.3 230.7 230.9 230.8 230.1 227.6 225.4 223.2 209.5 211.9 221.2 227.4 234.5 245.7 256 264.4 271.3 278 283.1 287.4 291.7 296.6 301.1 305 308.9 312.9 316.9 321.2 326.2 329.7 332.7 335.6 336.4 338.9 342.7 345.2 338.1 337.7 331.8 314.8 326.3 350.6 362.2 367.9 381.5 397.3 406.2 412.9 419.1 423.4 425.5 423.3 418.2 406.7 402.9 400.6 402.8 407 413.5 422 436.6 448.4 459.9 465.6 475.4 481.6 484 486.4 482 455.5 425.7 411.8 409.7 417.4 433.1 444 445.7
223.9 225.8 228 230.2 233 230.8 227.9 226.9 225.7 211.7 205.8 214.2 225.5 233.7 242.4 252.8 262.2 269.1 275.8 281.3 286.5 290.8 295.2 299.7 304.1 307.4 311.9 315.3 319.3 324.1 327.9 329.9 332.6 328.2 335.2 332.3 323.5 321.1 317.9 304.9 306.3 334.2 352.3 364.1 378.1 392 399.8 406.4 413.2 418.3 421.6 406 396.9 390.9 386.4 382.1 377.7 378 382.9 387.3 395.3 413.1 417 423.4 440.2 461.3 466.3 465.6 467.8 459.8 430.1 405 397.7 415.4 435.2 445.3 474.2 489.6
219.3 222.9 224.6 227 229.2 227.2 225.8 227.7 229.3 216.4 203 207.2 215.9 228.6 236 249.7 260.7 269 274.8 280.7 286.9 290.1 293.7 298.2 302.6 306.3 309.9 314.8 318.1 322.2 324.9 324.4 322.8 314.2 316.7 309.6 303.2 302.4 294.4 288.9 310.6 338.1 356.4 372.6 385.1 392.8 400.6 408.3 412 415.5 399.5 384.5 377.7 372.6 368.4 362.8 355.3 357.3 361.2 365.9 373.9 387.7 398.9 398 413.6 436.8 437.2 431.1 437.6 432.3 404.8 388.3 408.8 428.6 439.2 444 477.5 507.6
217.5 219.3 219.9 220.9 220.2 220 223.6 228 229.6 220.1 202.7 203.1 210.8 224.5 236.7 247.3 259.3 267.5 273.3 279 285.3 289.1 292.6 296.5 301.1 305.5 308.4 312.3 317.2 319.2 315.6 305.6 300.4 287.8 288.5 286.4 284.4 279.5 276.3 294.9 321.7 345.9 360.4 374.1 385.4 392.5 399.3 406 406.2 393 377.6 367.5 361.1 356.4 351 343.9 336.8 336.3 341.3 345 352.7 365.6 375.1 383.2 392.5 402.2 404.3 402.3 404.9 401.3 381.2 398.4 416.4 441.1 454.2 448.2 467.5 503.3
209.7 213.5 214.1 214.2 213.6 217.5 222.3 226.5 230 220.5 206.7 198.5 208.5 220.8 236.7 243 257.1 266 271.1 276.3 283.1 287.7 291.4 295.1 299.3 303.9 308.3 309.8 313.1 308.6 288.5 283.5 277.2 267.7 267.9 266.9 268.5 265.6 281.6 305.6 330.3 348.6 361.1 374.4 384.2 392.2 397.3 402.3 384.7 368.6 357.2 351 346.4 339.5 331.8 326.8 323.1 320.3 324.7 330 335.5 343 355.5 357.8 364.5 371.2 375.5 377.6 379 376.5 382.3 405.1 427.3 454.5 463.7 459.6 465.3 492.1
204 206.3 206.8 207.4 209.4 212.4 219.9 224.6 230.2 218.3 204.6 196.7 205.3 216.4 235.2 243.5 254.7 263.6 269.1 274.8 281.6 286.1 289.7 293.3 296.8 300.5 303.8 306.7 303.4 285.3 270.1 263.9 258.3 254.3 252.4 255 257.6 274.6 292.5 314.7 334.4 348.8 361.9 372.7 382.2 390.6 392.9 376 363.1 350.6 342.7 337.6 332.3 325.5 317.5 314.1 309.8 308.8 312.1 316.5 320.8 325.6 332.2 338.9 342.9 341.7 340.8 348.9 358.6 374 390.7 415.9 443.5 461.1 467 465.1 467.8 473.4
198 199.8 200.2 200.6 201.9 206.9 212.3 217.2 220.5 211.8 198.7 196.7 204.2 217.5 232.7 244.5 253.1 262.5 268.7 274.8 280.3 284.2 287.3 290.9 294.4 297.6 299.6 298.1 283.9 264.2 254.7 246.5 244.2 241.5 247.4 259.3 273.8 288.4 304.8 318.9 333.6 348.1 359.8 369.7 378 377.2 365.4 354.7 344.2 334.8 330.2 324.8 320.2 313.5 306.3 299.5 299 299.4 301.2 305.2 309.6 312.1 323.6 330.6 343.3 352.8 365.3 374.1 370.8 385.5 401.6 430.7 450.3 462.6 464.1 462.3 461.8 466.9
194.6 195.4 195.7 196.6 198 200.7 204.3 209.5 212.5 205.4 192.7 193.6 203.9 216.5 227.9 239.2 252 260 267.4 273.4 278.9 282.1 285.2 288.6 291.9 293.4 291.3 279.5 262.7 246.9 240.4 235.8 233 241.9 257.3 272.6 285.3 296.8 306.3 316.2 331.3 343.4 351.9 356.3 357.2 352.8 346.2 337 326.2 322.2 319.1 315 308.4 301.4 292.5 290.5 290.2 291.8 295 300 312 325.5 334.1 343.8 348.5 364.3 383.3 396.8 398.5 399.8 417 440.3 455.1 462.5 460.6 461.7 461.5 466.4
191.2 191.8 192.1 193.5 194.3 195 198.4 204.1 201.7 196.6 188.3 193.3 202.1 215.3 226.1 234.2 246.3 256.8 264.7 270.4 276.4 280.3 283.2 285.2 286 285.4 273.9 258.3 241.1 233.4 229.1 226.4 235.2 247.4 261.9 277.5 288.8 298 304.7 312.8 322 330.2 335 338.7 338.2 334.3 328.6 320.1 314.3 310.5 306.9 302.9 297.2 286.8 282.1 282 283.8 286.9 294.8 305.5 314.7 329 340.2 354.9 362.1 371.1 388.4 406.8 414.4 408.3 428.2 443.9 457.9 457.9 456.4 460.5 467 474.6
187.6 190 189.9 190.9 191.8 194.1 195.2 195.7 194.4 186 187.7 192.1 201.2 216.8 227.9 233.6 240.8 251 259.4 266.9 272.2 276.7 278.7 281.5 277.6 270.8 252.5 233.1 227 219.8 219.7 226.5 239.3 250.5 265.2 277.5 286.6 291.8 298.1 304.2 310.3 317.6 322.4 322.4 320.5 317.4 312.3 306.7 302.5 299.5 296.2 292.8 284.5 274.1 274.1 276.6 285.3 291.6 298.5 306.8 318 333.1 352.1 362.9 368.3 375 390.7 411.3 422.5 434 433.4 446.6 450.9 451.2 457.1 462.8 471.9 484.6
185.5 186.3 188.1 189 189.9 190.6 191.4 189.8 185.4 184.4 184.6 192.9 202.3 215.6 227.1 231.4 233.1 245.8 254 262 266 269.6 262.1 256.2 258.2 251.9 236.7 222.2 215.6 213.3 215.7 230.1 240.6 252.5 264.8 272.2 276.4 282.8 289.3 295 299.9 305.3 310 308.2 306 301.3 298.5 293.9 292.4 289.1 286.3 281.6 271.1 267.6 269.6 275.6 282 292.4 309.3 314.6 320.3 330.2 347.3 360.8 366.4 381 395.4 422 441.7 448.6 444.6 442.2 446.6 452.2 458.2 467.1 480.1 492.2
182.8 181 185.8 186.9 188.7 188.6 188.1 184.1 181.3 180 185.9 193.3 200.5 210.1 219.7 220.5 223.9 235.1 245.2 254.2 247.9 242.3 237.3 233 233.1 227.8 218.1 209.9 207.5 211.9 219.3 226.4 234.2 245 254.8 262 267 272.9 275.9 279.8 284.6 290.7 296.8 298.4 296.2 291.6 286.3 284.2 282.3 280.5 277.2 271.1 264.9 263.1 268.1 273.5 278.9 295.2 307.8 316.2 321.5 328.5 347.3 360.7 367.7 386.1 400 428.2 445.6 448.3 447 447.3 448.4 453.1 463 474.2 488.6 497.4
181.9 178.9 183.3 185.5 187.5 188 183 179.8 178.2 179.7 185.6 190.5 196.8 201.9 205.9 208.5 215.7 226.7 235.1 233 228.4 222.9 215.8 213.2 213.2 209.7 205.7 203.4 201.5 207.9 212.6 219 226.3 235 243.1 249.1 253.5 255.7 260.1 265.2 271.6 279.2 286.6 291.2 280.6 274.9 273.3 271.8 271 271.6 267.1 264.3 259.2 259.3 263.8 270.6 276.9 292.7 307.5 315.1 321.4 330.3 347.5 360.5 370.5 387.5 403.9 426.6 445.1 446.3 445.9 446.6 447.2 457.2 471.4 483.4 491.1 499.5
182.8 178.5 183.4 184 187 184.7 179.4 177.4 177.5 181.4 183.6 186.2 188.3 191.8 198.4 200.1 205.6 215.6 220.3 213.4 204.5 201.1 198.1 196.7 195.5 195.6 196.9 197.7 197.3 198.6 203.1 209.2 215.8 222.5 228.2 232.5 235.9 239.6 245.7 252.8 261 271.3 280 277.3 269.3 267.2 265.5 264 262.6 261.9 259.7 258.5 253.9 256.5 260.9 267.9 274.9 287.7 300.5 312 318.9 328.4 347.3 359 370.5 385.3 403.5 428.7 444.1 442.6 442.4 443.5 447.1 462.6 476.2 486.9 495.2 500.8
183.3 178.4 179.6 184.8 185.5 182.7 176.3 173.2 176.3 178.2 178.9 180.8 182.6 187.2 192.1 191.5 194.3 200.7 199.8 193.1 190.6 188.2 187.3 188 190 190.7 190.3 191.5 192.8 193.5 196.5 198.6 203.6 210.1 215.2 219.7 224.4 229 235.4 243.4 256.3 266.4 272.1 264.9 260.2 258.7 257.6 256.8 253.6 253.5 253.2 252.3 248.9 253 261.5 270.6 277.6 286.8 300.5 310.1 319.5 332.7 339.2 358.1 368.9 381 402.3 435.2 440.6 438.2 436.4 439.8 448.2 465.8 479.4 490.9 497.9 499.6
181.6 174.4 180.5 185.1 179.3 174.4 171.9 172.8 176.3 176.9 176.9 176.8 174.7 179.5 181.7 181.9 182.4 182.9 183.7 182.5 181.9 183.4 183.7 188.7 186.3 191.3 202.3 206.6 204.9 203.3 194.8 197.9 199.5 202.2 204.6 209.7 215.9 221.3 225.6 233 251.7 259.7 262 254.5 253.2 251.5 250.6 249.8 247.3 245.7 245 242.9 248.8 259.7 266.9 273.7 278.6 284.9 295.1 309.7 319.8 333.4 343.7 353.7 365 376.5 410.2 436.1 435.1 431.7 430 435.6 450.3 469.5 479.3 490.4 494.6 499.8
175.8 174 179.1 174.5 173.4 171.6 169.8 172.4 170.4 171.1 171.7 172.8 173.6 175 173.8 177 178.4 179 178.1 179.8 185.3 192.7 197 202.4 207.9 216.8 226.4 226.6 221.7 215.6 211.9 204.4 198.8 200.5 200.6 202.9 205.4 213.6 218.4 223.8 236.5 249.7 252.5 247.8 247.1 245.4 243.7 242.5 239.5 237.6 239.6 247 256.7 263.5 269.6 275.2 281.7 287.2 294.4 305.6 319.1 328.9 338.8 356.5 365.5 383.3 416.1 430.3 429.4 427.3 427.7 432.6 444.2 456.1 470.6 476.1 481.5 492.4
173.7 172.9 174.8 171.2 167.9 169.1 168.4 169.5 170.2 170 173.8 173.8 173.9 174.9 177.7 178.3 181.7 188.8 196.9 199.7 202.3 205.3 209.6 215 223.9 240.9 254.6 252.1 242.7 232.3 223.4 218.4 211.8 203.8 203.5 205.2 206.5 206.2 209.6 214.8 224.4 235.9 242.3 240.8 240.1 239.3 236.9 234.9 233.4 239.2 245.6 254.5 260.8 266.7 271 276.9 283.3 289.1 296.8 305.4 319.3 330.1 340.7 352.9 365.6 389.8 421.5 425 422.9 420 420.1 428 432.7 442.3 452.5 457.7 465.7 480.8
