public/OST50/SK16.asc
ncols 200
nrows 200
xllcorner 410000
yllcorner 360000
cellsize 50
[rows 105 to 139 of 200, columns 78 to 155 of 200]
380.1 379.4 377.3 374.9 372.1 368.4 366.5 363.5 362.4 363 362.4 361.7 360.5 359.2 357.7 355 353.6 352.3 351.4 350.1 349.2 347.8 345.6 343.9 344.5 346 343.4 342.2 339.9 338.5 337.6 334.8 332.1 332.6 333.5 334.4 335.4 335.3 336.1 336.5 336.8 337.3 335.1 331.7 328.3 325.4 322.7 320.8 318.9 316.9 316.6 316.9 317.3 317.4 316.8 316.1 314 312 310.6 308.4 304 296.8 275.4 282.6 288.2 290.8 287 266.2 268.9 292.2 301.8 305.9 308.3 311.3 314.1 315.6 316.3 315.2
380.5 379 379 377 375.1 372.2 369.6 366.6 364.8 364.3 363.6 362.5 361.2 359.9 358.5 355.7 353.8 352.4 351.1 349.9 347.8 347.1 346.2 347.3 348.2 347.9 345.3 344 343.1 342.2 340.2 336.8 335.1 335.8 336.7 337.6 338.6 339.3 339.9 340.4 341.1 340.2 338.2 335.6 332.3 329.6 326.8 323.7 321.6 319.7 319.2 319.4 319.7 320 318.7 317.5 316 313.9 311 308.2 297.4 279 290.9 294.9 294.4 286.5 275.4 272.3 262.4 287.2 300.2 305.2 308.7 311.6 314.4 316.1 316.4 315.7
378.9 379.3 380.1 378.8 377.1 375.2 372.7 369.5 366.9 365.5 364.7 363.3 362 360.6 359.3 356.4 353.9 352.6 351.6 349.2 349.2 349 349.6 350.3 350.8 349.2 348.2 347.2 346.5 344.9 341.9 339.7 338.9 339.1 340.1 341 341.2 341.7 342.2 342.7 342.6 342.4 341.2 338.8 336.7 334.1 331.1 328 324.9 322.4 321.9 321.2 321.2 320.4 318.3 316.8 315.3 311.3 307.1 296.4 288.4 297.1 299.8 298.3 290.4 287.7 293 290 269.6 281.6 298.5 304.1 308.5 311.6 314 316 316 315.4
376.6 377 378.2 379.6 377.9 376.3 375 372.2 369.6 367.3 364.9 363.5 362.1 361.4 360 357.1 354.1 353.5 353.1 351.3 348.8 351.4 352 352.5 352.3 351.3 350.7 350.1 348.6 346.5 343.9 342.3 342 342.6 343.2 343.3 343.3 343.9 344.4 344.5 344.4 342.9 341.7 340.2 338.1 336.4 333.8 330.8 327.7 324.8 322.6 321.7 320.8 318.4 315.6 313.9 307.9 303.5 296.1 300 303.3 303.9 300.2 296.4 296.6 300.3 300.6 296.9 280.9 277.7 296.3 304 308.6 311.1 312.9 314.8 315.9 316.2
373.4 375.2 376.4 377.2 377.7 377.4 376.1 374.3 371.2 368.2 365.4 363.9 362.5 361 358.8 357.2 355.6 354.5 353.6 352.1 349.8 353.4 354.7 354 353.4 353.1 352.6 351.7 350.4 348.1 346.3 344.8 345.1 345.5 345.4 345.4 345.3 346 344.7 345.3 342.8 341.3 340.4 338.9 337.5 336.7 334.8 331.9 328.8 326.3 323.6 321.3 319.1 316.2 310.5 302.5 303.9 306.1 308.2 309.8 306.9 304.2 301.1 301.5 303.7 305.4 304.8 302.4 291.1 276.3 284.9 296.6 307.1 311.5 311.5 313.6 314.8 315.1
370 372 373.9 375.3 375.8 376.4 376.6 375.1 372.2 368.8 366.5 364.7 363.4 362.4 360.7 359.3 357.7 356.5 355.3 353.5 351 354.2 354.2 354.3 354.7 354.7 354.2 353.2 352.1 350.6 349.1 347.5 346.8 345.7 345.8 345.9 345 345 344.7 342.6 340.6 339.8 338.9 337.6 336.2 335.5 334.4 331.7 328.8 326.7 325.1 320.4 315.8 308.3 308.1 311.9 314 313.5 312.5 310.1 306.7 306.1 305 305.6 307.6 309.3 307.4 304.6 301.4 293.4 280.5 286 299.1 309.6 311.2 312.7 314.3 315.1
366.5 368.2 370 372.1 374.1 375.2 375.3 375.3 372.1 369.6 367.5 366.2 364.9 363.7 362.7 361.3 359.8 358 356 354.7 353.3 354.3 354.2 354.1 355.2 355.6 356 354.8 353.6 352 350.6 349.5 347.4 345.4 345.7 344.9 342.7 342.6 341.5 339.9 339.1 338.2 337.4 336.3 335 334.3 333.4 331.1 328.8 326.4 322.3 315.9 309.7 310.5 314.1 317.2 316.4 315.4 311.4 308.8 308.2 308.6 308.2 308 310.3 311.1 310.5 309.5 307.8 304.3 298 282.5 289.7 302.7 309.6 311.1 314.2 315.9
363.1 364.3 366.1 368.4 370.5 372.3 373.4 373.2 372 370.1 368.3 368 367 366.6 365.5 364.1 362.2 359.5 357.3 355.8 355.2 354.2 354.1 354 354.1 355.9 355.8 355.9 355 353.4 351.8 350.6 348.7 345.5 344 342.2 340.4 339.6 339 338.2 337.6 336.7 335.9 335 333.8 333.1 332.3 329.9 327.4 325.4 319 312.6 315.1 318.5 318 318 317.3 315.4 311.3 310.8 311.6 310 309.2 310 312 312.9 312.9 311.9 311.1 307.2 295.5 295.4 300.3 297 302.3 307 311.9 314.8
359.6 360.5 362.3 364.8 366.9 368.7 369.8 370.3 369.5 369.8 370.2 369.7 369.8 370.7 370.1 367.3 365 361.5 358.7 357.3 355.3 354 354 355.4 355.5 356.2 356.9 356.8 356.3 355.2 352.9 350.7 348.7 344.7 342.1 339.8 338.8 337.9 337.2 336.5 335.5 334.9 334.4 333.5 332.5 331.8 331.1 328.7 326 323.3 316.3 316.6 320.9 321.4 320.2 318.8 317.4 314.5 313 313.8 313.5 312.4 311.6 312.2 313.6 313.7 313.8 313 311.6 304.1 292.4 303.2 308.7 306.5 302.4 302.1 307.3 311.6
356.4 357 359.1 361.2 363.3 364.9 365.7 365.9 365.2 366.8 369.3 370.9 370.9 371.1 371.1 370.1 367.2 362.8 359.7 358 356.1 354.9 355.4 356.6 357.3 357.9 358.5 357.7 357 355.3 352.7 351.3 347.6 343.6 341 338.7 337.4 336.3 335.5 334.8 333.8 332.8 332.2 331.7 331.4 330.7 330.9 327.1 324.2 319.7 315.6 321.9 323.2 322.7 321 319.4 316 314.5 314.6 315.5 315.3 314 312.9 313.8 315 314.5 314.5 313 308.7 300.5 298.3 309 312.6 312.3 310.6 307 302.7 307
352.3 354 356 358.1 359.5 360.5 361.4 360.3 360.6 363.8 366.4 369.3 370.7 371.1 371.1 370.5 365.9 361.9 359.3 357.8 356.8 356.3 357.4 358.8 359.7 359.9 359.3 358.2 357.3 356.1 352.6 349.6 345.5 343.6 341.3 338.7 336.3 334.9 334.4 333.5 332 331.1 330.1 330.2 330.1 329.1 327.4 325.2 320.9 318.9 319.8 323.6 325.7 324 321.2 318.9 317.9 317.8 317 317 316.5 315.1 314.2 315.5 316.1 315.5 315 310.1 304.8 296.1 299.2 311.3 314.5 314.9 313.8 312.6 311.1 309.8
347.9 351 352.9 355 356 356.9 356.8 356.2 356 356.7 361.3 365.3 369.5 370.3 371.1 368.9 364.5 360 358.4 357 356.6 356.7 358.9 360.9 360.9 360.1 359.3 358.3 356.4 355 350.6 348.7 346.9 344.9 342.2 339.4 337.2 335 334.2 333.6 331.9 329 329.2 329.3 326.2 324.6 323.8 323.8 322.3 322.2 322.7 325.9 326.1 326 321.8 318.9 320.7 320.9 319.8 318.8 317.5 316.2 314.9 316 316.1 316.2 312.9 306.2 302.9 305.6 299.6 307.5 311.7 315.6 315.7 316 315 312.1
343.4 346.4 349.8 351.4 352.4 353.3 351.7 351.2 352.3 355.6 358.6 361.5 366.4 369 369 366 362.7 358.9 357.1 355 356 356.8 358.9 360.8 360.8 360.2 359.4 357.3 355.3 354.5 352.9 352.1 349.2 345.7 342.9 340.4 338.1 335.9 333.9 335.1 333.5 331.1 330.1 328.7 326.2 326.1 326.3 326.9 326.5 324.5 324.9 328.1 327.3 324.5 322.3 322.1 323.4 323.1 321.7 320.4 319.1 317.6 316.1 315.8 315 314 310.2 304.4 308.9 309.2 304.1 308.8 310.2 313.8 314.5 315.6 316.7 315.3
339.5 342.9 346 347.8 349.5 348.8 347 347 350.3 353.4 355.1 358.3 362.5 366 365 363.5 360 356.5 354.5 352.4 354.2 356 358 359.9 360.9 360.9 359.3 357.7 356 355.3 355.8 354.2 350.4 346.9 343.6 341.2 338.9 336.6 335.7 335.9 335.3 333.4 331.6 329.9 330.8 330.8 331.1 331.1 328.6 325.2 327.6 330.7 327.3 324 324 324.9 325.7 324.6 323.2 322.1 320.9 319.4 317.5 314.7 312.2 310.8 307.8 306.1 310.9 311.8 306.8 309.7 312.1 315.1 316 317.3 317.2 316.9
334.7 339.2 337.6 343.3 344.6 343.9 341.7 343.7 347.7 350.3 351.2 352.6 356.2 360.2 362.2 360.9 357.5 353.9 351.3 350.2 352.6 354.7 357.2 359.1 360.7 360.9 360.4 358.7 357.3 357.4 356.8 355.8 351.8 348 344.9 341.9 339.5 338.3 337.9 337.8 335.4 333.6 333 333.3 333.5 333.2 333.3 332.7 331 328.8 330.7 330.8 329 325.6 327.4 327.8 328.3 327.4 325.1 323.8 322.7 320.7 318.8 315.5 312.1 310.6 309.6 309.9 313 313.5 311.5 308.9 313.2 316.7 317.5 318.9 319 318.6
327.3 332.7 336.2 336.8 337.9 337.3 336.8 338.6 341.7 344.3 346.4 347.5 350.5 354.3 358 357.1 355 351.5 348.6 348.1 351.2 352.8 355.6 358.2 360.3 360.8 361 359.4 359.5 360.1 359.1 356.5 352.5 350 347.3 344.5 342.1 340.6 340.1 339.7 337.5 335.6 336.6 336.4 336.2 335.7 335.4 334.7 333.6 331.8 332.5 331.5 328.8 329.9 331.2 332.8 333.1 329.9 330.1 327.7 326.3 323.6 320.9 319.1 317 317.4 318.9 318.8 319.7 319.2 318 314.1 316.1 318.6 319.7 320.4 320.9 321.2
319.7 325 330.6 331.3 331.9 331.1 331.5 333.2 337.4 338.5 340.6 342.5 344.5 348.3 352.3 353.3 352.1 348.9 346 345 347.5 350.7 354.5 358.3 360.4 361.5 361.2 361.4 361 360.7 360.5 358.4 356.3 353.4 350.7 347.8 345.4 343.9 343.1 342.2 339.1 340.7 341.6 341.4 340.5 339.2 338.8 338.2 336.9 334.7 335 335.2 332.5 335 337 338.5 338 336.9 334.7 332.3 332 329.9 327.7 322.7 317.7 321.4 322.4 322.3 322.6 322.8 320.4 315.2 319.2 320.5 321.9 322.5 322.7 323.5
313.8 320.4 324.7 326.9 327.1 327.4 327.1 327.2 328.7 331.6 335.1 337.3 339.1 340.7 345.4 350.2 348.7 346.1 343.6 344 346.9 349.8 353.3 357.7 360.4 361.5 361.6 362.4 363 362.7 362.6 361.6 360.4 358.4 356.6 353.5 350.4 348.1 347.1 344.3 341.6 345.1 346.3 346 344.9 343.8 343.7 343.5 341.7 339.2 338.5 338.1 335.9 338.4 341 343.2 343.1 341.1 338.9 337.1 336.5 334.8 332 323.5 322 326.9 328.2 328.3 327.8 326.4 323.9 319.3 320.1 321.8 324.3 324.6 325 325.4
310 315.6 318.9 322.1 324 323.7 323.2 323.1 324.5 327.1 330 330.9 333.3 337.5 341.8 345.3 345.5 343.7 341 343 345.8 348.9 352 355.1 358 360.3 361.8 363.1 363.9 365.1 365 365 364.6 363.6 361.7 358.6 355.3 352.8 349.9 345.5 346.2 348.3 349.9 349.6 348.6 348.4 348 348.3 346 343.5 341.9 340.2 339.2 341.8 344.1 346.2 346.1 343.9 341.8 340.5 339.6 337.9 333.5 324.7 326 331.4 332.6 332.5 331 329.2 326.8 323.6 322.2 324.2 326.2 326 326.2 326.3
307.1 310.4 313.6 316.6 319.6 320.3 319.2 319 321 322.9 325.1 327.4 328.5 332.3 338.2 341.7 342.6 340.4 338.6 341.4 344.9 348 351.7 353.7 355.8 358.6 361.4 363.8 365.1 366 367.1 366.9 367 366.5 364.4 361.8 359.2 355.8 351.1 349.8 350.6 351.8 353 353.7 353.7 353.3 352.8 351.7 349.2 346.6 344.5 342.7 341.8 343.7 346.1 346.8 346.7 346.1 344.5 342.6 342.1 340.2 333.9 326.2 330.4 335.3 336.2 335.4 333.6 331.5 329.1 326.8 325.9 324.3 325.3 327.4 327.5 327.6
303.3 306.3 309.1 311.3 313.9 314.9 315.4 316.9 319.4 321.6 323.6 325.3 328.4 329.7 337.6 338.4 339.1 337.7 338.2 341.4 344.3 347.9 350.3 352.3 354.3 356.4 359.2 362.2 365.9 365.5 367.3 368.9 368.8 368.5 366.9 364.2 361.6 357.5 352.6 352.7 355.4 357.1 357.8 358.5 358.4 357 355.7 354.3 352 349.3 346.9 345.2 344.4 346.1 347.3 346.8 346.4 346 346 344.2 342.5 340.8 335.7 328.2 334.3 337.3 339.3 338.1 336.2 333.9 331.9 329.9 329.1 327.6 326.4 327.8 328.8 328.8
300.7 302.9 304.8 306.3 309.1 311.7 316.3 319.3 321.8 323.7 324.7 326 328.2 330.4 332.8 335.8 335.7 335.9 336.9 340.6 344.1 347.1 348.2 350.2 352.2 354.1 356.7 360.4 365 365.6 367.3 369.1 370.7 369.7 368.2 366 362.5 358.1 354.4 354.8 358.1 361.6 362.3 363.1 362.3 360.5 358.6 357 354.8 352.1 349.5 347.6 346.4 347.3 347.9 346.8 346.1 346 345.8 344.2 342.5 340.9 335.4 330.3 337 339.2 340.6 340.4 338.9 337 335 333 331.5 330 328.7 329.2 330 330.1
299.7 301.7 303 305.9 311.5 316.1 320.5 323 325.6 326.1 326.1 325.8 327.3 329.5 330.3 332.3 332.9 334.2 336.4 339.1 342.7 345.5 347 347.6 349.6 351.3 353.5 357.2 361.4 365.5 367.7 369.6 371.2 371.2 370 367.2 363.8 360.9 357 358.2 361.7 365.2 367.3 367.5 366.4 365 363.1 361.2 358.5 355.8 352.8 351.1 349.9 348.8 348.5 347.5 346.4 344.8 343.6 342 341.4 338.9 334.1 333 338.9 341.1 342 342.9 341.7 340.1 338.1 336.8 334.9 333 332.1 331.3 331.4 331.8
309.3 305.5 303.9 304.8 309.4 316.2 320.5 323.9 326.1 326.1 326.1 326.4 327.4 328.7 328.4 333.6 332.5 334.5 336.6 337.6 340.7 342.7 345.2 346.1 347.5 349.4 351.8 355 358.1 363 366.4 369.5 371.2 371.2 371.2 368.8 365.7 364.1 361.8 361.8 365.2 368.7 371.7 372 370.5 369.1 367.6 365.3 362.4 359.4 356.6 354.8 353.1 351.6 349.9 348.4 347.1 345.8 344.2 341.7 339.7 336.8 333.9 334.1 339.1 341.7 343.7 345.2 344.1 343.2 341.8 340.7 339.2 336.8 335.7 334.8 334 333.6
316.6 315.5 313.9 308.4 307.4 310.3 315 320.3 323.8 325.4 325.8 326.3 326.7 325.7 327.1 331.5 334 335.6 336 337.8 339.2 339.8 342.8 343.9 345.9 348.3 350.7 353.8 357.6 361.8 366 369.4 371.2 371.2 371.1 370.8 369.2 367.7 365.5 364.4 367.7 370.9 373.1 373.5 373.6 372.8 371.1 368.8 365.9 362.9 360.5 358.5 356.2 353.9 352.4 350.7 348.4 347.1 345.5 343.2 340.8 337 334.4 334.9 338.7 341.8 344.6 346.6 346.5 346.6 345.3 344.5 343.5 341.4 339.6 338.8 337 335.8
319.2 319.6 319.5 317.5 312.5 309.4 309.6 314.2 319.1 321 320.6 322.9 323.3 325.5 328.4 332.7 335.5 335.7 337.3 340.3 340 341.6 343.4 345.6 347.4 349.3 351.7 355.1 358.5 362.4 366.1 369.1 370.8 371 370.7 372.3 371.8 369.5 367.8 366.9 368.8 370.9 371.9 373.7 375.5 376.2 374.1 371.8 369.3 366.4 364.2 362.2 359.8 357.1 355.3 354.3 351 348.5 346.8 344.6 342.8 339 335.9 336 338.7 342 344.9 347.8 349.2 350.2 348.8 347.2 346.6 344.6 342.4 340.1 338.5 337
321 321 322.4 321.7 320 317.9 314.8 312.7 313.5 314.6 316.5 319.4 324.6 326.2 329.6 333.3 337.7 337 338.3 340.1 342.2 343.4 345.2 347.1 349 350.9 353.1 356.5 359.8 363.1 365.8 367.3 368.5 369.3 370.5 371.8 371.4 370.7 370 369.1 369.2 369.8 370.8 372.8 374.8 375.6 376 374.7 372.3 369.9 367.9 365.8 363.2 360.2 358.3 357.7 354.6 351.4 348.6 347.1 344.2 340.2 338.8 339 340.6 342.8 346.3 349.4 351.2 351.6 350.6 349.6 348.4 346 343.6 340.8 338.8 336.9
320.9 321.3 323.1 324.5 324.3 323.6 325.1 324.3 321.5 319 318 319.7 321.6 325.2 329.4 332.9 335.8 338 339.7 342.4 345.6 345.4 346.8 348.7 350.7 352.6 354.6 358 360.3 361.5 362.6 364 365.4 367.1 368.7 369.9 369.8 369.7 370.5 369.4 368.3 368.5 369.7 371.8 374.1 374.7 375.2 375.6 373.7 371.7 371 369.4 367 364.9 363.1 361.3 358.1 354.8 351.7 349.6 345.5 342.4 342 342.1 342.9 345 349 351 352.9 353.9 352.6 350.5 348.4 345.9 343.2 340.4 338.3 337.4
318.4 322.1 324.1 325.8 326.5 328.3 329.7 336.7 338.2 337.4 331.4 323.1 321.8 323.2 326.4 331.5 335.3 338.8 341.2 344.3 347 348.4 349 350.8 352.6 354.4 355.7 356.7 358 359.4 358.9 360.8 362.6 364.4 366.2 367.4 367.8 369.4 370.2 368.2 366.7 366 368.3 370.6 372.9 373.3 373 373.4 372.3 370.9 371.2 371.2 370.2 367.7 366.3 365 361.8 358.2 354.9 352.6 349.1 346.5 346.7 346.8 345.8 348.3 350.6 352.6 354.5 354.9 352.6 350.4 347.8 345.3 342.7 340 338.1 336.7
315.7 321.1 324.9 327.4 329.5 331.2 333.3 343.3 348.2 346.2 345.7 342.2 330.6 323.6 326.2 330 334.6 338.6 341.9 345.4 349.1 351.4 350.5 351.9 352.7 353.5 355.2 355.8 356.3 355.5 355.9 357.5 359.4 361.2 363 363.4 363.9 365.9 367.7 367.1 364.1 362.3 365 367.8 370.3 369.7 369.2 370.1 371 370.8 370.8 370.9 371 370.8 368 367 364.1 361.2 358.5 355.9 353.5 351.8 351.1 351.2 350.6 352.1 352.7 354.3 354.4 353.4 350.9 348.3 345.8 343.3 340.8 338.3 336.8 335.5
313.6 320.4 324.7 329.4 333 335.2 340.5 346.6 350.7 351.9 351.6 349.1 345.3 337.3 328.3 328.4 332.1 338.2 343 347.4 351 349.8 350.1 350.7 351.5 353 354.6 355.7 354.9 352.9 352.8 354.3 356.1 358 358.6 359 360.4 362.5 364.5 363.9 360.7 358.5 361.2 363.4 365.5 365.7 365.2 366.2 367.8 368.9 368.9 369 369.3 371.1 370 369.8 367.7 365.3 363.2 360.6 357.8 356.6 355.4 355.3 355.3 354.8 354.4 353.8 353.5 351.4 348.8 346.3 343.8 341.3 338.7 336.7 335.1 334
310 319.6 324.6 330.6 334.6 340.3 343 348.4 352.1 355 356 354.7 352.9 347.4 338.3 332 334.6 336.4 340.9 346 347.3 347 350.4 349.2 349.9 351 352 353 352.4 350.6 350.3 351.1 352.9 353.8 354.2 354.9 356.9 359 359.6 359.1 357.1 354.6 356.4 358.4 360.3 361 360 361.9 364.4 366.7 367 367.1 368.7 370.6 370.5 370.6 371.1 369.4 366.6 364.4 362.7 361 359.4 359.1 358.6 357.2 355.7 353.6 352.3 349.3 346.8 344.3 341.7 339.2 336.7 335.1 333.5 332.2
310.5 316.3 323.5 331.9 337 341 343.7 346.6 350.5 352.8 353.9 354.9 355.5 352 348.8 344.6 338.4 338.3 340.6 342.4 345.4 345.3 347.4 348.9 348.7 349 349.5 350 349.5 349.3 349 348.6 349.1 349.7 350.5 351.9 353.5 354.7 353.6 353.7 352.1 351.8 351.4 353.3 355.7 356.5 355 357 360.8 363.8 364.4 365.2 367.2 369.5 370.6 371.1 371.2 370.1 368.3 367.7 366.1 365 363.2 362.2 360.8 358.4 355.4 352.8 350.6 347.3 344.8 342.3 339.7 337.2 335.1 333.5 331.9 330.3
316.4 316.2 322.9 328.8 336.6 340.5 342.5 344.6 346.3 348.2 349.7 351.2 352.6 352.7 352.1 353.1 346.9 347.5 345.7 346.4 339.6 348.9 347.9 349.5 348.2 348.1 348.4 348 347.7 348 347.7 347.4 347.7 348.3 348.9 349 350.2 352.1 352.3 350.4 338.3 339 347.5 348.2 349.9 350.8 350.2 352 356.7 360.2 360 361 363.8 366.6 368.4 369.6 370 370 369.8 370.1 369.5 367.9 365.9 364.4 361.7 358.9 355.6 351.3 348 345.4 342.9 340.1 337.6 335.2 333.6 332 330.3 328.6
320.7 320.5 324.1 328.5 335.3 338.2 339.6 341.4 341.8 343.2 344.9 346.8 348.2 349.7 351.6 354.4 356.1 355.2 353.3 350.9 349.4 349.4 341.1 348.6 347.8 347.3 346.7 346.2 346.1 346.4 346.4 346.2 346.5 347 347.8 347.9 348.3 349.3 350.8 351 347.9 346 344.8 344.8 344.6 344.7 344.7 347.4 351.4 355.8 355.8 357.3 359.5 362 364.6 366.4 368.4 369.4 369.5 371.2 371.2 370.3 367.8 365 362.2 359.4 355.4 351.1 346.7 343.1 341.1 338.2 335.7 333.7 332 330.1 328.4 326.9
