public/OST50/SK16.asc
ncols 200
nrows 200
xllcorner 410000
yllcorner 360000
cellsize 50
[rows 140 to 174 of 200, columns 78 to 155 of 200]
324.4 325.5 327.6 331.6 334.5 336.5 337.4 337.6 337 337.3 339 341.9 344.3 346.6 349.1 353 355.4 356.4 358.3 355.3 352.5 349.6 350.3 343.9 348.7 347.9 345.5 344.4 344.5 344.9 345.1 345.1 344.9 346 346.7 347 347.7 347.9 353.9 348.6 347.2 345.8 344 342.1 341.2 341.1 340.8 343 346 349.2 350.1 351.8 354 357.2 361.1 363.8 366.4 368.4 369.4 371 371.2 369.7 367.3 364.9 362.4 359.6 355.3 351 346.6 341.8 339.5 337.6 333.7 332.2 330 328.2 326.7 325.1
327 329.6 331 331.3 332.4 333.6 334 333.3 332.3 331.9 331 332.1 334 338.6 344.9 339.4 353.5 356.8 359.6 358.8 356.2 353.1 350.8 348.9 347.9 338.1 347.1 344.6 344.1 344.3 344.2 344.4 343.9 345.1 345.8 346.4 347 347.3 349.4 350.9 347.8 346.1 343.8 341.9 340 338.5 338.6 337.5 339.9 342.1 343.5 344.9 348 352.1 356.8 360.9 363.4 365.8 368 369.3 370.1 367.9 366.1 364.2 362.1 359 354.9 350.3 345.6 341.5 338.7 336.2 333.7 331.4 329.5 327.3 325.4 323.8
326.7 329.4 330.7 330.7 331.7 331 329.1 328 327.6 327 326.6 326.3 328.4 332.5 340.6 337.4 351 354.6 359.6 360.3 357.7 354.6 351.6 349 347 346.3 344.7 343.7 343.8 343.5 343.6 343.9 343.7 344.7 344.9 345.8 346.4 346.6 348.3 353 351.5 346.1 344.8 342.9 340.9 338.9 336.7 335.1 333.9 336.2 338.6 339.9 343.6 346.6 350.3 356.3 360.3 362.9 364.8 366.2 366.8 365.6 363.7 361.8 360.4 357.8 354.3 349.7 345.5 341.3 337.6 334.7 332.6 330.9 329.4 327.2 325.1 324.1
323.2 325.4 327.7 329.5 330.7 330.7 327.9 324.9 323.4 322.9 322.4 323.5 325.6 328.8 335 341.1 347.4 353.2 357.9 360.4 359 356 354.2 352.1 348.1 345.2 345.2 346.2 337.5 342.7 342.9 343.2 343.4 344.4 341.6 343.7 345.5 346.1 348.1 347.5 347 346.5 345.3 343.5 341.8 339.9 337.7 335.5 334.1 334 333.9 335.1 337.1 339.8 343.6 350.8 355.8 359.5 361.6 363 362.9 362.9 361.2 359.8 358.8 356.6 353.7 349.4 345.2 340.8 337.2 334.1 331.3 329.6 328.6 326.7 325.4 324.6
320.1 321.6 325.6 328.4 330.5 331 328.5 323.6 320.5 319.8 319.9 321.2 322.7 326.1 332.2 339.2 347.2 353.3 357.7 359.8 359.9 360.2 359 354.9 349.5 346.9 345.5 344.6 344 343.3 342.4 342.5 342.6 342.7 343.7 344 344.2 346.4 346.4 346.9 346.5 346.2 345.7 343.8 342 340.4 338.8 336.8 335 333.9 334 333.1 334.1 336.1 338.5 345.3 351.3 356.4 358.3 358.7 358 357.6 358.4 358.3 357.3 356.3 352.9 349.3 345.3 341.1 336.6 334 331.1 328.9 327.3 326.4 325.2 323.8
316.8 320.3 324.4 328.1 331.4 331.7 329 324 318.9 317.1 317.4 318.5 319.6 323.2 329.3 337.9 347.4 353.2 359.8 361.4 361.6 361.9 358.7 354.9 349.7 346 343.8 343.7 342.8 337.5 341.6 341.6 341.6 341.9 342.8 343.7 344.7 344.8 344.8 346.3 346 346 345.7 343.8 342.2 340.7 339.6 337.7 335.6 334.8 333.6 332.5 331.7 332.2 334.6 338.7 346.2 351.9 354.2 354.4 353.9 353.6 354.7 356.5 355.8 356 353.6 349.8 345.9 340.4 336.2 333.5 330.4 328 325.8 324.1 323.4 322.7
315.4 320.8 324.6 328 330.7 330.6 328.7 323.9 318.4 314.3 313.8 314.7 315.7 317.3 327 340.4 348.3 357.7 363.4 365.6 365.4 363.1 358.4 354.2 350.4 346.6 343.5 343 341.3 343.8 341.2 340.7 340.7 341.1 343 344 344.3 344 344.1 345.5 345.4 345.3 345.3 343.7 342.5 341.1 340 338.7 336.4 334.5 333.5 329.4 328.5 329.6 328.7 332.2 337.5 344.9 347.3 350 350.5 349.7 351.1 352.9 354.6 354.8 353.2 350.3 346.4 341.2 336.1 332.9 329.7 327.7 325.3 322.4 321.5 321.4
315.8 320.8 324.4 326.1 326.7 326.1 325.5 322 317.7 312 310.6 311.1 311.6 313.9 324.3 341.5 353 362.3 367.3 370 368.5 364 358.7 354.4 350.6 346.8 344.9 342.3 340.5 340.3 337.7 340.3 340.1 341.9 342.9 343 342.9 343.5 343.8 344.5 344.4 344.3 344.7 343.4 342.4 341.5 340.4 339.3 337.3 334.9 334.4 333.3 323.6 325.4 328.4 328.7 329.4 334.1 339.8 345.3 346.6 345.7 347.5 350.3 352.7 354.8 353.6 351.1 347.7 342.6 337.7 333.7 330 327.3 324.5 321.9 320 319.8
314.8 320.4 322.3 307.4 322.4 314.2 319.1 318.6 315.7 310 308.2 308.5 309.7 313.6 321.6 342.1 356.6 366.2 372.5 375.1 372.9 364.4 358.9 354.3 350.4 347 345.1 342.2 341 340.4 342.8 340.6 340.7 340.9 341.5 341.6 342.4 343 343.6 343.5 343.3 343.4 344 343.1 342.3 341.7 341.2 339.9 338.9 338.4 338.3 333.7 319.2 334.9 332.2 329.1 327.2 326.7 330 336.6 341.9 341.2 345 347.9 350.1 352.1 351.9 350.9 348.8 344.8 340 335.5 330.8 327.4 324.9 322.3 320.2 319.1
304.7 313.3 318.2 300.6 315.8 321.4 317.7 316.6 309.6 304.2 307.1 306.3 308 311.9 323.4 344.4 358.1 370.7 376.5 379.7 375.9 365.6 359.3 354.3 350.3 346.9 344.7 342.2 340.8 339.4 339.8 339.9 340.5 340.1 340.1 341 342 342.6 342.8 342.6 342.3 342.6 343.2 343 342.4 341.8 340.8 340.2 339.9 340.2 340.5 334.1 338.6 337.1 334.6 332.2 328.5 324.8 324.1 328.9 332.8 336.5 342.3 344.6 347.4 349.4 350.1 349.2 348.1 345.9 342 336.7 331.8 328.2 325.3 322.7 320.9 319.8
286 298.6 312.7 320.5 320.8 320 316.5 306.6 306.8 312.4 311.2 309.1 308 310.2 325.3 343.9 357.6 369.5 376.7 381.1 378.5 370.8 361.3 354.9 349.8 346.3 343.8 343.4 340.8 340.5 339.9 339.7 340.2 339.9 339.3 340.6 341.6 341.8 341.9 341.6 341.1 341.5 341.8 341.6 341.4 341.4 341.4 341.3 340.8 340.8 340.5 339.7 339.4 338.2 336.2 335.3 330.9 326.3 324.9 323.8 326.1 329.1 335.5 340.8 343.9 346.6 347.9 347.4 346.6 344.9 341.6 338 333.7 329.1 326.1 323.2 321.5 319.9
283.9 282.1 300 315.9 318.6 316.4 311.2 303.8 319 321.8 319.1 313.3 310.5 312.2 330.7 340.6 356.5 368.1 375.4 381.1 380.9 376.6 368 359.7 350.7 346.2 344.1 341.7 340.9 339.5 338.9 338.8 339.5 339.2 339.5 340.5 340.8 340.9 341 340.3 340.2 341 340.4 340.4 340.5 340.5 340.7 340.7 340.7 340.3 339.6 339.7 339.5 339.3 338.5 337.4 331.6 329.2 327.8 326.6 323.8 323.8 328.7 334 340.4 343.1 344.9 345.2 344.5 343.2 340.4 336.9 333.4 330 327 324 321.2 319.7
297.4 286.4 284.7 305 315 313 299.8 309.6 323 326.7 325.5 319.5 314.4 315.4 332.6 336.3 353.1 364.6 373.8 380.2 384.3 381.5 375.3 367.3 357.9 346.5 343.4 341.7 341.1 339.3 339.2 338.8 338.5 339.4 339.1 338.3 339.4 339.8 338.3 336.6 338.2 339.6 339 339.4 339.6 339.7 339.9 340 339.6 339.1 338.8 339.4 339.4 339.2 336.4 320.7 337.1 333.1 330.8 332 331 326.2 322.6 327 335.1 339.2 341 342.2 342.3 341.1 339.2 335.7 332.2 328.9 326.6 324.2 321.7 318.9
304.4 295.5 281.3 290.4 311.4 307.2 297.3 314.5 324.6 326.9 326.3 323.6 319.3 328 328.1 337.7 349.1 361.4 371.3 380.9 386 385.5 379.7 372.8 364.1 354.3 345.3 342.3 343.3 341.2 340.8 339.3 338 338.8 337.4 336.2 337.4 337.4 335.7 333.5 335.7 336.8 337 337.2 337.5 338 338.4 339 338.4 337.7 337.1 338.2 338.9 338.3 337.6 337.5 336.2 336 336 335.9 334.5 325.3 319.7 320.7 328.1 332.4 335.8 338.5 339.2 339.6 337.5 334.4 330.9 327.6 325.3 323 320.7 318.3
309.5 299.9 287 281.1 303.3 294 300.5 317.4 322.4 327 327.5 326.8 324.2 327.7 324.8 338.7 348.6 357.7 368.8 379.8 388.7 389.1 383.5 376.3 369.4 358.8 351.5 347.5 343.5 342.4 341.2 340.3 339.6 338.8 336.2 335.5 335.1 335 333.7 331.9 335.1 334.4 334 334.3 333.9 335.3 336.8 337.6 337.5 336.9 336.6 336.4 336.8 336.8 336.1 335.7 335.9 336 336 336 332.9 328.3 321.8 318.7 323.5 325.6 329 333.4 335.5 337.3 336.4 334.3 330.1 326.3 323.7 321 318.8 315.8
314.8 304.1 292.1 278.2 285.6 293.6 308.5 318.3 322.7 326.3 327.7 328.9 330.9 328.3 324.4 333.5 345.1 356 366.1 379.2 388.2 390.2 383.7 377.5 369.4 361.1 353.3 349.5 345.5 343.6 344.1 342.6 341.9 340.4 338.1 335.4 333.7 334.2 329.3 329.2 330.2 330.5 331.8 331.3 331.5 334.2 335.7 336.2 336.2 335.4 334.3 333.8 334 334.3 334.6 334.6 335.2 335.8 336 335.7 334 330.6 324.4 320.2 318.3 318.7 323.2 328.5 332.9 335.5 335.7 336 331.4 326.8 323.1 319.8 317.2 314.9
315.7 306.7 294.3 278.4 279.2 301 313.3 321.1 323.6 327.3 329.1 331.4 331.9 331.4 328.2 330.9 341.6 351.6 364.5 377.2 385.1 385.6 381.4 375.8 367.8 360.7 355.2 351.2 347.8 348.1 347.9 345 343.9 342.9 342.7 339 336.6 333.7 331.9 330.4 329 327.9 327.3 328.3 330.3 333 334.2 334.7 334.4 333.7 332.7 332.1 332.3 332.5 332.2 333.3 334.3 334.8 334.9 334.5 333.3 331.3 327.9 323.1 319.6 318.4 319.2 324.1 328.9 332.6 335.2 335.8 332.7 328.9 324.7 320.5 317.3 315.8
314.2 306.4 290.5 277.5 279.9 303.5 318 323.3 326 328.6 331.6 333.4 333.9 335 331.4 331.4 337.4 347.6 360.8 374.1 380.2 382.2 377 372.2 366.5 360.1 355.8 351.8 350.8 351 350.5 348.5 346.7 346.1 345.4 343.1 340.7 338.4 335.4 332.7 330.1 328.1 324.8 324.8 327 331.5 332 332.6 332.7 332 331.2 330.5 330.2 329.9 330.1 331.5 332.8 332.8 332.8 332.8 332.7 331.5 330.8 325.6 320.9 317.4 316 319.4 324.4 328.3 330.2 331.7 331.3 330.3 326.2 322.4 319.4 317.7
312.1 301.1 285.2 276.6 280.4 303.8 318.7 325.1 327.8 330.8 333.1 335.4 337.9 339.7 337.3 337.7 339.5 344.8 357.3 366.8 374.4 377.5 373 368.4 365.1 359.7 354.8 352.8 351.8 352.4 353.9 352 349.1 348.3 346.7 344.7 342.4 340.9 338.5 336.1 333.6 332.1 329.8 327 323.8 326.5 328.9 330.2 331.1 330.2 329.3 329.4 328.3 327.3 328.3 329.9 331.3 330.3 330.2 331.7 331.1 330.9 330.7 327.9 323.3 319.2 315.3 316.6 320.9 324 325.9 327 328.3 329.1 327.6 323.7 321.2 319.9
307.1 296 282.7 275.5 280.8 303.4 317.1 322.8 327.3 330.8 334 337.9 341.5 347.7 350.5 349.9 347.2 351.2 354.8 362 367 370.3 369.4 364.3 362.8 358.8 355.3 354.4 353.5 353.8 355.2 355.5 352.4 349.2 348 346.2 344.5 343.5 341.5 339.2 337 334.7 333 329.6 325.7 323.8 324.2 325.8 327.5 327.2 327.1 326.6 325.9 326 327.1 328.6 329.5 329 329 329.7 330.2 329.8 328.9 327.5 326 322.2 317 314.2 317.1 321 323.5 325.1 325.9 327.6 325.7 324.7 323.2 322.1
291.1 285.2 279.7 276.1 283.2 298.8 314.6 321.4 326.2 329.8 333 338.6 344.9 352.9 358.7 360.2 356.5 354.3 355 357.8 361.7 362.4 362.7 360.7 359.4 357.2 355.4 354.3 353.8 354.8 355.6 356.2 355.1 351.4 349 347.7 346.7 346.1 345.5 342.7 339.2 336.4 334.9 332.7 329.9 325.9 320.8 319 321.7 322.5 325.6 325.4 325.5 325.7 325.8 327.6 328.7 329.5 329 329.5 329.7 329.1 328.1 327.1 326.2 323.2 318.7 314 314.3 319.8 323.3 325.3 325.8 326.5 325.2 324.1 323.4 322.1
276.4 274.3 274.6 277.5 290.4 301.2 316.1 322.2 326.4 329.7 332.7 337.6 345.6 355.8 362.8 364.3 360.7 357.7 355.7 356.1 353.2 353 355.2 356.9 356.7 355.7 355 354.2 354.2 355 355.6 357.8 356.7 355.1 351.6 350 349.2 348 346.8 345.1 342.8 338.9 337.5 334.8 331.6 328.7 324 320.4 318.8 319.8 321.8 324.3 324.2 323.1 325.3 326.8 328 328.8 329 329.3 329.2 328.1 327 326.1 325 323 321.2 315.3 316.5 322.3 324.2 325.4 326 325.2 324.3 323.2 322 320.6
272.8 274.9 279.5 295.6 309.2 310.6 316.8 323.1 330.9 329.8 333.7 337.8 345.3 353.9 360.4 364.7 364.9 360.5 354.1 351 347.3 345.1 346.9 350.8 351.7 351.9 354.6 355.4 356 355.9 357.5 358.6 358.6 356.9 355.2 353.3 350.4 348.8 347.1 345.4 343.8 340.8 338.5 334.8 331.6 329.2 326.6 324.8 320 319 318.2 319.2 319.7 323.8 325.7 326.1 327.3 328 328.7 329.1 328.2 327.1 326 325.9 323 320.7 318.7 312.4 319.3 323 324 324.4 324.8 324 323.1 322.2 319.1 318.6
294.4 303.7 312.5 320.8 322.8 322.6 321.3 324.8 330.7 330.8 334.9 339.4 344.2 350.8 357.2 360.9 364.3 366.9 359.7 350.5 342 339.6 341.1 344.1 346.7 348.9 352.5 356 356.4 357.9 359.2 359.5 360.1 358.2 356.7 354.9 351.4 349.3 347.2 344.8 342.2 337.9 335.7 332.9 328.8 326 325.4 324.6 321 319.2 317.2 319.5 321.9 324.6 325.9 326 326.5 327.3 328 328.4 327.4 326.3 325.4 324.5 321.6 319.5 315.5 309.5 317.9 322.1 322.9 323.1 323.4 323.2 323 322.1 320.5 318.1
316.1 322.6 326.9 328.5 328.6 328.4 327.3 327.6 330.9 333.8 336 340.3 344.6 348.6 353.5 357.3 362.8 375.2 366.3 355.5 340.5 335.3 335.2 337.6 340.3 345.5 350 354.9 357.4 360 360.7 360.7 360.5 359.1 357.1 355.5 352.7 349.9 347.6 344.4 339.3 336.5 334.4 334.5 327.6 324.1 323.7 321.3 320.7 319.2 315.5 320.3 322.8 325 326 326.1 326.2 326.7 327.1 327.4 326.7 326.1 325.8 324.5 323.6 322 318.8 309.6 313.3 318.2 321.2 321.7 322.1 322.3 322.4 322.1 321.4 319.2
319.2 325.4 329.2 332.2 332.4 331.6 331.3 331.7 333.9 336.5 339.3 341.6 343.9 347.1 350.9 354.8 363.4 375.6 369.6 358.6 340.3 332.8 331.5 333.7 335.8 341 345.7 351.4 356.1 359.7 361.1 361.1 360.9 359.5 356.8 355 352.7 350.8 347.3 345.2 343.3 341.5 338.3 335.5 330.4 326.3 324 321.6 319.1 316.5 314 318.3 321.8 323.4 324.5 323.9 325.2 325.1 325.2 325.9 326.5 326.1 325.1 323.8 323.4 322.9 321 313.2 308.9 313.4 319.1 320.9 321.2 321.3 321.5 321.5 321.2 320
316.9 324.6 329.4 332.9 334.9 334.9 334.7 335.5 337.6 330.7 342.1 342.8 342.9 345 348 352.6 358.8 368.8 364.9 357.5 340.3 332.5 329.7 330.3 332.9 336.6 342 347.8 354.3 357.6 360.5 361.1 361.1 359.5 357.9 356.2 354.8 353.6 350.9 348.9 347.1 345.7 342.6 339.1 335.6 331 327.2 324.9 322.3 318 314 315.7 320.6 322.2 321.6 320.5 321.4 322.2 323.4 324 324.3 324.2 323.5 322.8 322.3 321.9 320.5 317 309.1 310.3 317.1 320.2 320.3 320.3 320.4 320.9 319.9 319.3
312.3 322.6 328.1 332.5 336 335.8 336.3 338.2 339.7 341.8 336.6 342.4 341 340.3 342.9 347.6 354.4 358.9 357.5 351.8 337.2 330.9 328.5 328.8 330.5 333.9 337.4 342 350.8 355.2 358.5 361.1 361.5 360.7 359.2 357.8 357.4 356.8 355.3 354.8 354.2 350.5 346.3 342.3 338.2 333.8 329.9 327.4 323.8 319.5 315.7 314 318.1 318.3 317.5 316.3 318.2 319.3 320.7 322.1 322.1 322.7 322.4 321.8 321.3 320.4 319.1 317 311.3 307.9 317.8 318.8 317.6 318.1 318.9 318.9 318.9 319.7
318.3 321.3 326.4 331.2 335 335.6 337.5 339.3 340.8 341.1 341.6 336.2 337.1 335.1 337.2 340.7 347.3 352.1 350.7 347.3 335.1 328.6 327 329.5 330.2 331.6 334.4 338.4 343.7 352.1 357.1 361 362.4 361.7 360.3 359.3 358.8 361 363.2 362.4 360.1 355.3 348.4 343.4 338.3 334.9 331.2 328.6 324.2 320.2 319.3 316.4 314 314.9 313.7 310.4 311.5 314.6 318.1 319.3 319.6 320.1 320 318.9 317.4 316.2 315.7 313.7 307.7 309.3 317.6 317.1 315.8 317.2 318.3 319.2 318.9 319.5
327 327.2 328 332.1 334.6 335.4 335.9 337.8 338.5 338 336.6 334.8 329 330.4 331.3 334.6 339.7 346.8 346.2 338.9 331.7 327.2 325.5 328.3 330.2 331.1 333 336.5 341.2 348.9 356 359.3 361.7 360.8 360.7 360.8 362 364.5 367.3 368.1 365.5 359.6 350.9 343.8 339.2 335.4 331.5 329.2 326.2 325.9 325.6 323.9 320.1 318.2 317.5 314 309.3 310.3 314.2 316.7 317.2 316.9 316.5 315 313 312.8 312.8 311.3 302.6 312.1 317.3 316.3 314.6 315.2 316.9 318.7 319.2 319.2
332.2 331.8 332.6 334.5 335.9 336 335.9 334.9 333.9 332.4 331 328.7 326.4 326.3 327.6 329.7 333.4 342.4 342.1 333.7 328.9 325.7 324.5 327.9 331.2 333.5 333.9 336 340.3 344.7 352.6 357.4 360.8 361.4 361.5 362.3 362.4 364.9 368.5 371.8 369.3 362.2 354.7 347.8 340.9 335.5 334.2 331 329.7 328.5 328.8 327.5 326.1 323.6 319.2 315 310 309 309.3 312.5 313.8 313.4 311.4 308.5 305.9 304.6 306.6 305.6 304 313.1 315.8 314.5 312.7 314.3 316.1 318.1 319.5 319
335.6 336.3 337.2 337.2 336.8 335.7 333.2 330.9 329.2 327.5 325.2 322.5 320.9 320.9 322.7 324.3 327.1 336.9 337 332.1 326.9 320.3 326 330.2 333.7 336 337.3 338.7 339.1 344.1 351.6 355.8 359.5 360.9 361.9 362.6 362.3 364.8 368.2 370.6 370.6 365 357.4 351.8 345.7 339.9 336.2 333.5 332.3 330.7 330.8 329.8 327.2 323.4 318.3 316.4 317.6 314.3 308.4 308.5 309 308.2 305 304.4 304.6 303.8 301.8 301.5 307.7 311.7 313.8 311.4 310.5 313.7 315.9 318 319.5 318.8
336.6 338 340.1 340.1 337.9 334.4 330.5 327.7 324.9 322.6 319.3 317.7 316.1 316.1 317.9 319.7 323.3 332.9 332.3 327.8 323.1 319.2 329 332.7 333.9 338.3 341 342.2 342.6 345.1 350.7 354.3 357.8 358.9 359.5 360.1 360.6 363.5 365.3 367.8 369.9 365.2 360 354.2 347.8 342.6 338.5 334.4 333.1 331.4 330.9 329.4 326.4 321.9 321.2 325.3 324.4 321.6 319.1 314.8 309.9 308 309 311 311.8 310.4 305.7 303.3 304.9 310.6 311.8 309.3 309.8 313 315.7 318 319.2 319.9
335.3 337.7 339.7 340.8 337.4 332.9 328.6 324.8 321.8 319.2 316 313.8 312.4 313.5 314.7 315.9 317.1 321.1 324.2 322.6 316.2 321.3 330.9 334.8 326.4 342.6 345.3 346.8 345.9 346 349.8 353.2 355.5 356.9 357.4 358.2 359.1 361.6 363.8 367.2 370.6 365.3 360.1 353.4 347.1 343.5 338.9 336.3 333.7 331.7 329.2 326.9 324.4 324.5 328.1 329.8 329.4 327.7 325.4 322.1 319 318.3 317.6 317.3 315.6 313.1 309.7 303 299.2 304.2 309.2 304.8 308.6 311.4 314.1 316.7 318.6 320.9
333.2 335.5 337.6 338.3 336.1 331.3 327 322.8 319 316.1 313.5 310.9 308.5 311.1 312.5 313.2 314.5 318.3 319 321.3 313.7 325.2 325 325.7 326.1 327.2 349.8 350.6 349 345.9 347.9 351.2 353.5 354.8 355.8 356.5 357.6 359.7 363.2 367.2 370.8 365.5 358.6 351.3 346.9 342.9 338.5 334.8 332.8 331.2 328.9 325.7 326.6 329.7 330.7 331.4 330.1 329.3 327.9 327.4 324.5 322.7 322.1 320.9 318.1 315.4 310.9 305.2 299.5 298 302.6 300.2 306.9 308.8 311.9 314.8 316.9 319.5
