public/OST50/SK17.asc
ncols 200
nrows 200
xllcorner 410000
yllcorner 370000
cellsize 50
[rows 35 to 69 of 200, columns 0 to 77 of 200]
330 330.1 331.3 330.8 329.7 328.4 328.7 328.9 329.3 328.9 329.9 330.8 331.6 331.4 330.5 329.4 329 327.7 326.1 324.5 322.6 320 321.8 324.5 327.9 331.5 334.7 335.3 332.2 328.4 324.3 319.2 314 309.5 305.9 296.4 297.6 312.3 327.1 335.7 344.8 357.8 368.5 380.8 386.5 390.5 392.6 389.9 386.8 381.4 378.2 375.6 375.7 376.6 378.3 381.5 384.7 383.9 382 378.9 374.9 371 366 362 359.3 357.6 355.9 356.9 357.7 360.3 360.5 363.4 366.3 368.4 370.6 370.9 370.9 370.7
333.4 334.3 335.8 336.5 336.9 334.2 333.9 333.7 333.4 332.2 333 335.3 336.4 336.6 335.5 335.4 332.7 331.8 330 328.1 325 323.3 324.3 327.2 328.7 331.7 335.1 334.1 331.3 327.4 323.2 318.4 313.2 307.8 303.1 294.3 298.9 317.3 327.9 336.2 345.4 358.4 368.2 380.3 385.3 389 389.7 387.8 384 377.5 374.1 372.2 372.9 375.1 376.1 378.9 382.1 384 384.6 383.1 380.4 376.5 370 364.6 361.1 359.4 356.1 354.2 357.2 358.9 360.9 364.9 368.2 370.6 370.5 370.9 370.8 370.1
338.4 340 342.8 343.4 343.7 341.7 340 338.6 337.5 336.1 338 341.5 343.6 345.4 343.5 342.8 341.9 338.7 335 332.3 329.2 326.8 325.6 327.1 330 330.8 333.7 332.2 330.2 326.3 322 317.7 312.5 306.4 300.1 293.2 308.3 321.6 329.6 339 348.6 360.2 369.4 378.5 382.3 386.5 386.2 383.1 378.9 373.5 370.6 368.9 369.9 371.8 373.7 375.6 379.3 383.8 387.1 389.2 387.4 382.8 377.1 370.9 364.2 360.2 356.5 353.9 355.1 356.2 359.6 366 367.2 368.9 369.3 369.5 369.7 369.4
342 345.9 348.1 349 348.1 346.1 345.5 345.2 343.6 341.9 342.5 346 349.2 354.8 358.6 357.8 354.1 349.3 344.8 340.3 335.3 330.1 328.3 326.6 329.4 330.6 332.6 331.1 329.2 325.1 320.8 316.5 311.2 304.9 296.1 293.6 313.4 323 331.3 340.6 350.7 362 371.1 380.5 382 383.6 381.3 376.4 373 368.4 365.9 365 366.9 368.9 371.2 373.6 378.5 384.4 388.8 393 392.3 388.7 383.9 378.1 369.8 362.8 357.1 353.8 354 354.4 356.6 364.7 365.6 366.3 366.4 366.8 367 366.6
345.2 349.5 353.4 353.2 352 351.4 351.4 351.5 351.7 349.5 348 350.8 353 358.2 361.8 362.4 360.8 356.9 351.7 347.3 340.8 334.3 331.6 329.2 328.8 330.4 331.5 331.1 328.2 324.7 319.3 313.8 307.4 302.2 294.2 294.4 312.3 321.5 330.1 341 350.9 362.7 373.2 377.8 380.5 376.3 373.6 369.9 366.2 364 362.6 362.9 364.8 366.7 368.8 373 378.8 385 390.6 396 394.7 391.8 388.1 382.9 375.4 367 358.9 353.7 352.9 353.2 354.7 360.5 362.9 363.2 363.9 364.6 364.2 363.8
349.4 355.3 362.2 359.8 356.9 356.1 357.3 357.4 357.5 357.3 355.9 353.8 355.4 357.1 359.7 360.2 359.6 358.7 356 350.4 343.6 337.7 333.9 330.7 328.8 330.5 330.6 330.4 328 325.5 320.2 314.9 309.9 301.9 293.5 293 306.8 319 327.2 339.1 351.7 362.6 371.6 373.9 372.9 371.4 369.2 365.3 362.5 361.1 359.8 361.1 362.6 364.6 367.4 371.6 378.6 386.2 394.1 396.4 395.5 392.8 388.5 383.6 377.9 369.9 361.7 354.6 351.2 351.1 352.5 355.7 360.2 361 361.8 361.7 361.3 361.9
351.4 356.2 359.6 359.9 358.6 359 360.8 362 362.4 361 359.9 356.8 356.6 357.5 356.8 356.8 356.2 355.1 351.8 349.7 344.2 338.8 334.3 331 329 329.6 329.6 329.6 328.1 326.2 321.8 317.8 313.9 305.3 293.3 292.9 297.5 316.2 325.5 335.7 348.2 359.5 367.5 370.2 370 368 366 362.4 359.8 359.2 358.7 359.1 360.5 363.3 366.1 370.1 378.2 386.6 393.8 396.1 395.2 392.4 387.5 382.7 377.4 371.4 364.4 355.2 350.5 350.1 351.3 353.9 357 358.9 359.3 359 359.6 360.6
352.5 354.6 355.6 357.1 355.4 356.6 359.9 363.4 365.1 362.1 359.9 357.5 355.7 354.3 353.1 351.7 350.8 349.4 347.7 345.5 343.4 339.2 335 331 328.3 327.9 327.4 327.3 327.1 326.2 323.8 320.7 316.8 310.3 295.8 293 292.9 309.8 323.9 333.4 342.5 353.2 361.2 365 365.8 364.4 361.4 358.8 357.3 357.4 357.6 357.1 358.8 361.1 363.8 367.8 376.2 383.9 391.2 394.4 394.5 390.7 386.6 381.7 376.5 370.6 363.3 355 350.7 348.9 349.6 351.9 355 357.1 356.7 357.4 358.1 359.3
353.5 354.1 352.5 352 351.4 353.1 355.8 358.7 360.9 359.8 357.7 355.1 351.9 350.3 348.3 346.9 345.6 344.2 343.2 341.6 338.7 335.7 332.5 328.8 327 325.3 325.1 325 325.3 325.6 324 322.3 318.5 312.4 300.9 293 293 301.2 321.9 331.5 338.4 344.7 351.3 355.1 356.7 355.4 354.8 354.7 354 354.3 354.4 355.4 357.4 359.6 362.3 366.7 374.8 381 387.4 391.1 391.5 389 385.3 380.4 375.3 369.2 361.5 354.3 351.5 348.5 348.7 349.5 351.7 353.4 354 354.6 357 358.1
354.5 352.7 350 347.6 347.1 349 351.6 354.5 356.1 354.9 354.1 350.7 347.7 344.4 342.9 341.7 340.6 340.4 338.9 337.4 335 332.4 329.8 327.9 326.4 324.8 324.1 322.5 322.2 322.6 322.4 321.3 319 313.8 303.5 293.2 291.4 294.5 321.3 328.9 334.6 339.6 344 347.6 349.6 350.1 351.1 351.5 351 351.4 352.7 354 355.9 358.1 361 365.5 372 376.2 383.3 387.8 388.4 386.8 383.2 378.5 373.6 368.5 361.4 354.5 351.4 348.7 347.7 347.9 349.2 349.9 350.7 353.3 356.2 357.3
355.4 352.5 349.2 345.2 341.7 345.3 348 350.7 351.5 350.7 349.4 345.4 341 337.5 335.6 335.8 336.7 336.7 335.3 333.4 331.6 329 326.9 326.3 325.9 324.4 322.4 320.4 319.3 319.2 319.1 320.2 319.4 314.9 309.9 302 290.8 291.1 318.1 326.6 330.3 334.6 339.1 342.8 345.4 346.8 347.6 348.2 349.1 350.5 351.3 352.7 354.3 356.7 359.6 363.8 369.3 373.6 377.9 383.9 384.6 383.4 381 377.1 372.8 367.7 361.4 355.6 350.8 348.7 348 346.3 345.7 346 347.5 351.1 353.5 355.3
352.4 351.1 348.3 344.7 341 341.6 344.3 346.5 348 347.5 344.9 340.7 336.3 332.4 329.1 328.5 329 330.3 331.1 329.4 328.1 325.5 324.2 323.6 323.1 322.8 321.4 319.7 317.7 316.3 316.9 318 317.3 316.4 311.7 306 291.1 290.1 315.4 323 326.3 329.5 334.5 338.9 341.8 342.8 345 346 347.5 349.7 350.8 352.2 353.3 355.5 358.4 362.2 364.3 369.1 373.4 379.2 380.6 380.2 379.3 378.9 374.5 370.4 364.8 359 352.6 349.2 347.7 346 344.5 343.7 344.7 347.7 351.8 353.7
348.3 348.4 347.7 343.5 339.7 338.7 340.5 342 342.8 343.4 341.2 337 332.8 329.5 326.9 324.8 324.4 324.1 325.6 325.5 324.6 322.7 321.4 320.9 320.4 320.7 320.4 318.3 316.3 314.2 314.5 315.7 315.7 315.8 312.9 307.1 294.3 289.8 311.3 320 323.3 326.6 330.9 332.5 334.6 339.3 343.8 346.3 348.2 350.2 352 353.5 353.9 355.1 357.6 361 362.7 365 369.2 375 376.5 377.8 378.8 380.2 379.7 376 370.5 363.9 356.7 353.3 350.9 347.7 345.2 342.4 341.5 343.1 348.3 352.2
341.1 343.9 344.8 341.1 338.1 336.5 336.4 334.9 336.5 337 337 333.6 329.8 326.6 324.4 322.3 320.4 320.2 320.7 321.3 320.8 318.6 318.2 318.4 318.7 318.9 318.5 317.4 316.2 313.8 312.9 313.8 314.7 314.4 312.8 308 299.2 288.7 303 316.7 318.7 318.1 319.8 329.2 336.4 343.1 346.4 348.5 350.4 351.1 353.2 354.8 355.4 355.4 356.6 359.1 360.5 362.2 366.2 370.7 373.4 375.1 378.4 384.3 384.5 381.4 376 368.8 362.9 357.8 355.3 351.1 347.2 343.9 340.7 339.3 340.7 347.2
336.1 336.4 339.4 338.9 336.9 335.1 333.5 332.1 331.3 331.3 330.8 329 326.8 324 321.9 319.8 317.9 317.6 318.6 318 317.3 316 315.3 316.4 317.1 317.1 316.5 315.3 314.2 313 311.3 311.1 312.9 312.9 311.6 308.8 302.3 289.7 295.4 308.9 306.3 313.9 324.8 332.2 339 345 346.6 348.5 350.4 352.5 354.5 355.9 355.7 355.6 355.6 357.2 358.4 359.7 362.6 366.4 370.1 374.3 378.4 382.6 384.5 382.6 379.2 372.7 368.6 365.2 360.8 356.2 351.5 347.2 343.1 339 338.6 337.7
333.4 332.6 333.3 333.7 333.9 333.1 332 329.4 327.9 327.3 325.7 324.3 323.7 321.9 319.1 317.1 315.9 315.6 316.5 315.9 315 313.2 313.3 314.8 315.5 315.4 314.1 312.7 312.1 310.7 309.5 309.7 311.8 311.7 310.8 307.9 301 289 289.2 299.5 313.8 323.7 328.6 332.9 339 343.4 346.1 348 350 352 354.1 355.2 355.6 355.9 354.3 354.4 355.7 357.6 360.3 364 368 372.2 376.4 380.6 382.3 381.6 379.8 376.4 372.4 368.9 365.4 361.5 356.6 353.6 352.1 349.2 346.5 342.9
332.9 331.2 331.4 331.6 331.2 331.2 330.5 330.1 326.2 324.4 322.1 322.7 319.4 318.6 316.9 316.7 315.3 314.6 314.3 313.6 312.8 311 310 310.8 311.7 312.1 311.2 310.5 309.7 309.4 305.2 305.8 308.4 308.9 308.9 305.8 298.2 288.3 289 315.6 324.8 328.7 332.4 334.7 339 342.5 345.7 347.6 349.6 351.6 353 353.7 354.2 354 352.6 352.5 353.6 355.5 358.2 361.8 365.9 370.2 374.4 378.5 379.2 380.4 380.6 377.6 374.4 371.7 369.2 366.1 365.1 364.8 362.4 359.3 357 352.7
333.3 332.5 331.2 331.6 331.3 330.8 329.6 329.4 325.6 322.8 321.2 322.5 321.5 320.6 320.1 319.8 318.4 316.3 315.3 314 312.7 311.2 310 308.5 308.1 307.1 305.8 304.6 304.1 304.1 301.5 300 302 305 305.1 302.6 291.7 288.6 300 323.3 327.4 331.7 334.5 337 339.6 342.8 344.4 346.7 349 350.8 351.6 352.3 352.8 351.8 350.7 350.9 352.1 353.4 356.4 360 364.1 368.1 372.3 375.8 377.8 379.4 378.9 377.6 375.2 373 371.5 370.6 370 371.8 374.2 374 369.8 364.3
336.7 336 333.4 331.4 331.3 329.9 328.7 327.2 325.7 325.6 325.6 326 326.9 326.3 325 323.8 322.1 319.8 318 317 315.5 314.7 314 312.1 311.6 310.3 309.3 308.4 307.7 305.1 305 302.2 297.8 295 297.6 295.4 288 288.4 316.5 321.5 325.2 330 335.4 339.2 341.7 344.1 345.8 348 349.6 349.7 350.3 350.9 351 350.2 349.3 348.4 349.6 351.3 354.7 358.3 362.5 366.6 370.7 374.2 376.7 377.5 376.7 375.8 374.5 372.1 370.4 370.4 370.4 373.1 376 381.1 383.1 384.9
340.4 339.8 337.6 334.8 332 329.4 328.3 327.1 327.2 328.2 329.7 331.2 332.1 332.3 331.3 330.9 331.6 328.6 324.1 321.1 319.8 319 318.4 317.7 317.2 316.8 316.5 314.8 312.3 313.4 311.6 309.2 306.6 303.6 298.2 289.6 286.3 301.4 314.2 319.1 322.9 326.7 331.3 337.1 340.9 345 347.2 348.5 348.8 349.1 349.8 350.4 349.9 349 348.1 346.8 347.2 350.1 353.4 356.7 361 365.3 369.3 372.2 374.1 375.2 374.8 373.9 372.9 370.8 369.2 369.2 369.1 371.6 374.7 379.4 384.4 386.5
343.9 342.9 341.3 338.4 335 331 329.2 328.1 330.1 332.1 333.5 335 337.3 339.4 338.6 338.5 339.5 338.4 336.2 330.4 325.9 325.6 324.2 322.7 322.1 321.8 320.2 317.8 315.3 316 314.2 312.9 310.8 308.5 305.1 296.1 284.4 298.8 308.9 315.8 319.5 323 326.9 330.7 337.9 342.8 345.3 346.9 347.9 348.8 349.4 349.2 349 347.6 346.1 344.5 345.3 347.9 351.2 354.5 358 363.1 367.1 369.2 371.2 372.1 372.7 372 371.1 369.1 367.5 366.7 366.8 369.5 373.9 380.8 385.9 385.6
347 344.8 342.3 340 337.3 333.4 330.4 330 332.6 335.7 338.4 341.3 344.3 347.1 346.9 346.8 344.7 343.2 341.1 338.6 335.4 334 334.3 332.4 328.6 325.6 322.8 320 318.5 317.7 317.3 315.5 313.8 311.6 309.1 302.9 285.7 284.2 302.7 310.6 316.6 319.9 323.3 326.4 331.8 338.1 342.7 345.1 346.9 348.3 348.4 348.5 348.1 346.8 345.6 343.5 342.8 345.9 348.8 352.1 355.7 360.9 364.1 366.1 368.2 369 369.7 370.2 369.3 367.4 366 364.6 364.5 367.2 370.5 377.3 382.2 382.9
349.8 346.3 343.6 340.9 337.3 334.3 332.4 332.4 334.6 337.9 341.5 345.9 348.6 351.2 351.2 351.9 349.8 347.7 345.7 343.3 340.9 341.1 341.5 339.6 335.8 329.9 325.3 321.5 320.3 319.6 319.3 318.1 316.3 314.3 311.9 307.4 302.1 284.2 288.6 304 313 316.2 319.4 322.5 327.4 335.1 339.6 343 344.7 347.1 349.1 348.8 347.8 346.8 345.5 342.7 340 341.8 345.5 348.9 353.6 358.6 361.2 363.3 365.3 366.2 366.6 367.2 367.4 365.9 364.5 363.1 362.2 364.9 369 372.9 376.1 378.9
351.5 347.3 344.7 342 339.4 337.5 335.3 334.9 335.7 337.8 341.3 344.2 347.3 350.7 351.3 353.1 352.4 350.7 348.1 346.4 345.6 345.9 345.7 343.2 339.9 333.9 325.9 321.6 320.3 320.5 320.5 320.5 318.8 316.8 314.9 310.8 305.4 292.3 283.2 296.8 304 310.6 315.2 319 325.2 331.6 336.3 340.3 343.1 346 348.1 348.6 347.8 346.9 346.1 344.5 341 337.9 342 346.4 351.3 354.9 357.8 360.4 362.5 363.6 364.1 364.5 364.9 364.1 362.1 360.4 359.7 362.9 366.8 370.5 373.9 376.4
352.2 348.4 346.1 344.4 343.2 341.9 340.9 338.7 337.3 338.6 337.5 340.2 342.8 346 348.7 350.8 352.2 350.3 348.4 346.7 345.9 345.8 345.2 342.7 339.4 333.2 324.6 321.8 319.2 318.9 319.8 320.1 320.8 319.6 317.9 313.8 309.9 303.5 293.5 282.2 296.8 305.3 310 314.4 320.8 327.2 332.7 336.9 340.8 344.6 346.9 347.5 347.3 346.5 345.9 344.7 341.5 338.4 339.4 344.1 348.9 351.3 354.2 357.3 359.6 360.9 361.7 362.1 361.9 361.4 359.9 360.3 359.3 361.7 365.5 369.3 371.3 373.9
353.3 350.1 348.2 347.2 346.1 345.7 346.2 343.3 339.3 336.8 334.2 335.3 336.5 338.4 342.7 345.3 348.2 348.6 346.7 344.2 343.6 343 342.7 338.6 334.7 328.8 323.1 320.1 318.1 317.4 317.9 318.5 319.2 320.3 320.6 316.5 312.4 308.4 302.5 286.9 278 292.3 304.2 308.8 314.2 322.3 327.6 332.5 336.9 340.7 344.2 346 345.8 345.3 344.3 343 340.3 336 336.1 341.3 345.5 347.7 350.6 353.7 356.7 358.1 359 359.3 358.9 358.4 358.2 357.9 358 360.7 365 369.8 370.5 371.2
355.7 352.8 351.5 350.5 349.1 349.4 349.6 347.5 343.8 336.2 333.1 333 333.4 333.4 336.1 338.9 341.4 342.7 343.3 341.7 340.7 338.8 335.2 334 330 325.1 321.3 318.2 316.7 316 316 316.8 317.3 318.4 318.9 316.5 312.8 310 305.8 300.7 286.8 280.6 288.7 301.1 307.1 314.8 322.4 327.5 331.9 336 340.6 341.2 343.2 343 342.2 340.8 337.8 334.3 334.8 337.7 342.3 344.2 347.7 351 354.3 356.2 357.3 357.4 357 356.6 355.9 355.3 356.6 359.2 362.9 366.9 370.3 369.5
359.2 355.6 354.8 354.3 354.2 355.2 355.1 353.5 349.6 344.7 335 332.4 331.6 330.2 331.2 333.5 335.4 337.7 338.6 337.7 335 332.7 329.8 327.8 326.1 322.8 319.6 316.3 315.2 314.7 312.9 311.2 311.9 314 314.2 314.3 313.8 311.5 307.8 303.9 297.3 286.4 278.7 287 302.1 310 316.5 322.5 326.9 331.2 334.2 336.4 339.1 340.1 340.1 338.1 335 331.4 332 335.7 339.2 342.5 346.2 349.5 352.8 354.2 355.5 355.5 355.1 354.8 354.2 353.9 355.3 357.8 359.8 362.9 365.7 366.1
364.1 360.3 358.1 358.2 358.3 359.1 359.9 357.8 353.7 349.2 338 334.4 331.3 329.7 328.9 329.8 331.7 333.1 334.2 333 331.2 329 326.9 325.3 324.8 322.3 318.4 315.3 314.3 312.9 309.7 305.1 302.2 301.3 304 311.1 311.3 310.9 309.3 305.8 301.3 297 286.1 277.9 286.3 302.7 310.2 316.7 322.5 326.3 328.5 331.3 334.2 336 336 333.8 331.2 328.9 330.8 335.3 339.3 343.5 346.7 349.3 351.8 353 354.2 354.2 353.7 353.3 353 353 354.1 355.4 357.1 359.7 362.9 364.5
369.2 365.3 363.4 362.8 362.8 362.5 362.6 361.1 357.5 352.5 344.9 336.7 332.9 330.6 329.4 328.2 330.1 330.3 331 330.2 329.3 327.2 325.4 324.3 324.7 322.7 319.3 317.8 316.9 316.5 316.3 314.5 315 310 300.6 299.5 308.5 307.6 306.6 305.9 304.2 301.1 299.6 292.8 276.5 284.6 304.6 312.5 319.1 322.9 323.4 325.5 328.2 330.1 330.5 328.7 326.7 327.9 331.2 335.4 339.1 342.8 346.2 349.2 351.6 352.7 353 353.3 353 352.6 352.4 353 354.1 354.7 357.2 358.7 362.6 366.1
373.9 370.5 369.3 367.9 367 366.4 365 362.6 357.8 353 347.8 340.5 334.2 331 329.9 328.7 327.8 327.5 327.6 327.8 327.4 325.6 324.2 324.4 324.8 323.8 322.7 321.6 320.7 320 320.3 318.3 318.4 318.2 314.6 306.2 294.8 301.9 305.2 304.5 303.4 303 303.5 302.9 293.2 275.9 286.2 308.8 316.2 320.5 321.9 322.3 322.6 323.6 324.5 323.8 324.4 327.7 331.2 334.1 337.9 340.9 344.2 348.1 350.9 351.2 351.5 351.8 352.1 351.7 351.7 352.9 354.4 356.4 359.5 362.5 367.1 370.4
379.4 377.2 375.7 374.8 375.3 374.2 370.3 363.7 357.9 352.8 347.4 342 335.7 332 329.6 328.5 327.9 327.5 327.3 327.7 327.7 326.6 325.5 327.4 328.7 328.7 327.4 326.4 325.7 325.6 324.9 323.1 321.3 319.3 318.7 314.1 305.8 293.4 298.4 301.3 301.2 301.7 302.9 304.8 302.3 287.2 276.2 299 313.8 317.7 319.9 320 319.5 319.4 321.1 321 323.9 326.6 329.7 332.7 335.8 338.9 342.1 344.9 346.5 348.6 350 350.3 350.3 349.8 351.1 353.1 355.2 358.1 362.1 367.8 372.6 374.9
382.9 382 381.9 380.8 379.8 377.9 374.4 364.8 357.3 351 345.6 340.7 336.6 332.5 329.8 328.7 328.1 327.6 327.7 328.2 328.6 328.6 327.5 329.9 330.8 333.4 333.6 333.2 332.3 331 329.8 328.3 327.4 325.2 321 317.9 313.9 309.7 296.2 291.1 296 294.7 299 302.1 299.6 288.6 275.2 296.1 311.1 315 317.8 317.9 315.7 315.6 318.8 320.7 323.2 324.6 327.5 329.8 332.8 336.6 338.8 340.5 342 343.9 345.5 349.1 349.1 350.6 353.3 354.2 356.8 360.4 365.1 371 377 378.6
383.5 386.5 388.1 386.9 384.3 380.3 374.6 366.7 356.1 349.1 344 339.9 335.7 332.4 330.1 328.9 328.2 327.8 328.1 328.6 329.4 329.7 329.5 331 332.8 335.2 336.8 337.2 336.3 334.7 333.5 332.5 331.8 331 327.2 322.5 317 312.8 308.5 301.9 291.5 283.4 290.9 295 291.9 280.3 280.7 304.1 307.5 313.5 315.3 310 311 320.8 323.5 325.3 326.2 326.6 326.5 326.8 329.1 330.4 334.2 335.6 338.6 343.4 345.1 347.7 349.6 353.3 355.6 357.1 358.5 361.7 366.4 373.5 380.1 380.1
385.8 391.4 395.4 394.7 389.9 382.3 375.8 366.6 356.7 347.7 343.1 338.6 335.1 332.3 330.1 328.9 328.4 328.2 328.5 329 330.1 330.9 331.9 333.1 334.8 336.8 337.9 338.8 339 337.2 335.4 334.4 333.1 332.3 331.2 326.3 320.8 316.6 312.3 309.1 303.1 293.3 279.2 285 285.9 273.8 289.9 282.6 285.1 291.5 303.2 302.8 319.6 325 328.3 330.9 331.6 331.8 332.6 331.7 330.7 331 331.8 334.2 337.4 341.8 345 348.3 351.1 355.5 356.9 358.4 360.7 363 367.5 372.8 378.3 379.1
