public/OST50/SK17.asc
ncols 200
nrows 200
xllcorner 410000
yllcorner 370000
cellsize 50
[rows 105 to 139 of 200, columns 78 to 155 of 200]
310 309 307.4 305.6 304.2 304.2 304 304.1 306.1 305.7 304.3 302.8 301.1 299.3 297.3 295.8 296.5 298.4 301.1 305.4 306.9 309.3 311.1 309.5 306.5 303.2 299.1 294.9 291.5 288.7 286.5 280.5 261.2 273 286.7 294.4 302.3 306.5 303.1 298.3 298.3 305.3 311.3 312.3 311.5 308.3 305.1 301.2 296.2 292.6 289.8 287.7 285.6 285 284.1 285 285.1 282.8 284.8 281.6 272.4 260.2 258.5 255.9 253.5 259.7 257.3 249.9 241.8 223.3 219.2 231.1 251.5 276.7 293.3 296.7 297.3 293.2
310.5 309.5 308.1 306.2 303.9 300.7 299.5 300.1 301.1 301.8 301 299.3 297.5 295.9 294.6 291.5 292.5 295.2 297.8 300.5 303.4 306.3 309 307.8 305 302.4 298.8 294.8 291.5 286.9 286.2 273.4 257.1 270.1 285.8 294.9 306 315.7 312.8 308.7 310.9 312.1 313 312.7 310.5 308.2 305.6 302 296.6 293.7 292.9 292.3 291 289.9 287 286.2 285.7 283.5 283.9 288.6 289.6 289.8 286.4 282.3 278.3 272 265 258.2 252.2 245.2 225.3 217.9 243.1 269.9 294.6 299.3 300.9 295.6
311.6 312.1 311 310 306.8 303.1 299.1 298.8 297.8 297.1 297.2 295.6 293.8 292.7 291.6 288.7 289.3 292.2 294.3 296.6 299.3 301.8 304.1 304.6 302.8 300.3 297.1 293.7 289.2 284.6 278 259 255.6 273.8 285.9 296.1 311.8 321.6 319.4 317.7 317.2 315.7 315.5 312.6 310.3 308.1 305.5 300.9 298.5 299.8 298.8 298.2 297.5 295.7 292.9 293.4 292.5 292.1 296.3 298.8 298.5 296.1 292.7 289.2 284.7 280 274.8 267.5 259.7 252.2 231.3 217.7 240.4 266.9 292.4 300.1 301.2 297.7
313.6 314.3 313.9 312.7 311 308 305.1 300.6 296.5 293.6 292.8 291.6 290.5 289.6 288.6 285.9 286.2 289.2 290.8 292.9 295.2 297.4 299.3 299.1 297.2 295.2 292.7 289.1 283.6 274.7 261.7 251.5 260.5 282 287.4 296.3 313.9 322.7 324 321.8 319.2 317.1 316 312.8 310.3 307.2 304.8 300.9 301 303.3 303.2 302.8 302.7 301.4 299.9 299.1 297.3 296.7 299.4 300.9 301.2 298.5 296.8 294 290.4 286.6 282 276.3 263.8 238 217.5 221.6 245.3 268.9 284.7 298.7 300.3 297.4
315.7 316.3 317.2 316.3 314.5 311.4 308.3 304.7 300.2 295.8 292.3 289.1 289.2 287.3 285.2 285.6 284.7 286.3 288.1 290.1 292.2 292.4 293.9 293.3 291.4 289.6 287.4 283.6 277.6 266.2 250.6 250.5 264.3 282.2 288.7 296.4 309.6 322.6 325.9 324 321.3 318.6 316.5 313.5 310.4 307.7 305.8 305.7 306.3 306.1 305.8 305.5 305.9 305.8 304.7 303.3 301.8 301.4 301.1 302.2 302.9 301.1 299.7 297.8 295.2 290.9 283.1 259.7 235.2 216.9 230.1 240.7 264.8 281.5 289.8 297.3 301.7 301.1
315.3 318 320.7 320.6 317.8 314.3 310.7 306.8 303.2 299.2 295.4 293 289.7 287.5 284.1 282.5 279.3 281.7 285.4 287.4 288 287.4 286.9 286.8 285.2 284.7 282.2 278.7 264.9 251.8 247.3 258.6 272.7 284.2 289.5 295 308.7 320.7 325.5 325.9 323.5 320.3 317.4 314.5 311.5 309.1 308.5 308.7 308.9 308.7 308.4 308.2 308.9 309.2 309.1 307.8 306.5 305.1 304.4 303.9 304 302.7 300.9 299.8 297.7 292.7 266.9 239 217.6 237.6 253.3 263.4 282.3 294.1 299.4 305.1 308 306.6
313.3 318.7 321.3 322 319.7 316.2 312.3 308.8 304.9 301 297.4 294.5 292 289.5 286.4 285.3 284.5 279.5 280 283.6 282.8 282.1 279.8 277.6 279.6 279.8 279.4 275.8 255.2 246.9 253.3 275.7 289.4 288.2 291.9 297.3 306.6 318.8 323.6 326 324.5 321.4 318.5 315.6 312.8 310.7 310.4 311.2 311.5 311.3 310.9 310.8 312 313.1 313.1 312.5 311.2 309.8 308.9 308.3 306.8 304.2 301.2 297.6 295.3 278 250.2 225.2 226.9 256 274.6 289.9 298.5 306.3 310.6 315.8 323.2 324.5
311.7 315.9 318.8 321 319.1 316.5 313.1 309.6 305.5 301.1 298.2 295.2 292.8 289.7 288.5 288.1 287 284.8 279 274 272.2 272 272.1 268.6 265.7 267.5 272.8 269.2 250.7 243.4 263.7 283.4 294.4 292.2 294.3 299.2 303.8 313.6 320.6 325.1 325.3 322.6 319.8 317 314.4 312.9 311.9 312.7 314 313.5 313 313.8 315.4 316.9 317 316.9 316 315.3 314.4 313.1 311 307.9 304.4 298.7 289.7 263.6 235.8 214.9 238.2 268.6 295.1 307 309.7 315 318.9 329.2 336.8 340.5
308.8 313 315.6 315.8 314.7 313.6 312.6 309.3 305.8 301.4 298.8 296 293.2 291.1 290.3 289.7 288.3 287.6 286 282.5 278.5 270.7 263.3 257.3 253.7 251.1 255.7 259 247.6 243.3 270.3 284.8 295.9 294.4 295.5 298.6 302.6 308.1 315.3 322.2 326 323.9 321.2 318.5 315.8 314.3 313.6 314.3 316 315.6 315.7 317.2 318.8 320.3 320.9 320.9 320.5 320 319.4 318.4 316.1 313 309.9 301.4 269.4 249.9 223.9 220.5 251.7 283 305 315.1 315.7 321 328.1 339.2 344.7 347.6
305.2 310.1 312.6 313.2 313 312.6 311.9 309.6 305.6 302 299.4 296.7 294.6 292.8 292.2 292.3 291.4 290.5 289.3 287.4 284.6 282.1 279.6 275 265.8 252.2 245.6 244.9 242.5 242.6 271.4 283.4 293 295.7 296.6 298.5 301 304.5 310.2 320 325 326 324.3 322.3 318.5 316.9 316.1 315.3 317.2 316.9 317.7 319.4 321.5 323.6 324.8 324.2 324.6 324.6 324.2 322.9 321.7 318.6 312.4 286.3 257.6 234.8 214.6 236.6 268.1 295.1 312.8 322.3 322 325 332.1 342.6 347.8 350.6
302.7 307.5 309.8 310.4 310.9 311.4 311.3 309.1 305.4 303.1 301.1 298.6 296.1 294.9 294.6 294.8 294.9 293.3 292 290.9 288.8 286.5 284.5 284.1 279.3 268.8 257 249.2 242.4 238.7 260.5 273.2 284 295.9 298 300 301.9 304.5 309.1 317.3 325 329.7 329.1 326.2 322.1 320.2 318.9 316.9 316.7 317.6 320 320.9 323.2 325.3 326.4 327.3 328.5 328.8 328 326.8 325.8 323.2 302.7 269.9 243.3 219.5 223 254.6 284.1 306.9 320 326.5 327.5 329.4 334.4 342.4 349.8 352.6
300.7 304.9 306.9 307.7 308.2 308.9 309.5 309.3 307.9 306.1 304 301.8 299.4 297.6 297 296 295.9 295.5 294.2 291.7 290.9 288.5 285.9 283.8 282.2 277 268.1 259.1 249.4 237.4 243 261.3 275.5 292.3 298.8 302 303.1 305.6 309.9 316.7 324.6 330.5 331.4 330 325.8 322.7 320.1 318.4 316.2 317.1 318.3 321.2 324.4 327 329.8 331 332.2 332.5 331.8 331.1 329.8 324 292.7 255.4 230.7 213.8 233.5 271 298.4 314.8 326.2 329.9 331.3 332.9 336.9 342.2 348.3 352.6
300.2 302.5 304.1 304.7 305.1 305.7 307.4 310.1 310.6 309.1 307.5 305.4 302.8 300.1 297 295.4 295 295.2 293.9 291.2 290.8 289 286.5 285 284 280.7 274.8 267.6 261.1 246.2 236.2 248.7 267.4 287.4 300.9 303.5 306.6 309.5 313.9 318.4 325.9 331.3 332.3 331.3 327.8 322.9 321.1 319.7 317.1 315.4 317.8 320.8 324.1 328.3 332.1 334 335.6 336.4 336.2 335 334.6 320.8 288.1 248.8 223.6 214.7 233.1 261.8 298 324.1 329.6 333.6 334.1 334.9 337.9 343.1 348.8 354
298.6 299.7 300.5 301.2 301.8 302.7 305.4 308.8 310.4 309.4 306.5 305 303.5 300.7 297.4 294.6 294.5 293.9 292.5 290.5 290.8 289.5 287.5 286.2 285.2 281.9 275.4 269 262.8 249.6 235.6 247.2 263.9 286.9 301.9 306.8 310 313.2 317 321.4 327.1 331.3 331.5 330.9 327.4 323 321.3 318.6 316.6 313.9 316.4 319.9 323.9 328 332 336.7 339 340.2 340.1 337.8 334.6 321.2 288.2 249.5 225.4 213.7 222 247 282.3 313.2 330.1 333.5 335.1 336.1 339.2 344.2 349.9 353.9
296.7 296.5 296.7 297.6 298.9 299.8 302.2 304.6 306.6 307.3 306.2 303.8 301.9 299.8 297.6 294.9 293.4 291.4 289.6 289.4 290.4 289.9 287.8 286.4 285.4 280.6 273 267.4 259.7 236.4 238.2 253.5 266.4 286.8 302.3 310.1 313.1 315.3 316.1 319.9 323.7 327.6 328.7 326.5 324.1 322.3 319.5 316.6 314.7 313.9 316.1 320.5 324.6 329.6 333 337.5 340.6 341.1 341.1 338.1 334.2 326 295.3 251.2 231.1 223.3 213.7 236.9 262.5 302.8 326.9 330.7 333.2 336 340.5 345.6 352.6 358.5
294.8 293 294 295 298.3 299.2 299.7 301.5 304.1 304.4 305.4 302.5 300.8 300.6 298.6 295.8 295 291.7 288.5 286.9 287 286.8 285.3 282.4 279.5 276.1 272.2 264 249.6 233.9 249.1 260.9 271.5 287.9 301.3 310.1 312.3 313 313.6 315.4 318.6 321.3 323.2 322.1 320.2 319.4 317.4 314.6 312.3 312.8 316.9 321.4 326.2 331.4 335 338.2 340.8 339.2 337.7 336.1 332.2 325.6 301.1 253.2 239.9 227.5 208.4 231.5 261 300.1 323.2 327.7 330.9 333.8 339.3 344.7 350.6 359.2
291.2 289.5 294.2 299.5 305.9 302.6 301 302.1 304.6 303.9 301.4 300.4 300.1 298.6 297.2 295.3 292.6 289.6 286.5 284.5 284.8 284.4 281.9 278.5 275.9 273.1 270.3 262.9 239.3 240 257.8 267 278.3 289.4 300.3 308.5 310.7 310.8 310.9 310.5 311.4 314.1 318 317.9 317 316.2 315.1 312.5 310.5 311.3 317 321.5 328.5 332.9 335.9 336 337.9 335.3 333.4 331.5 328.6 323.2 298 256.5 246.8 225.2 208.2 232.4 259.4 301.3 320.3 325.1 327.7 329.8 334.7 341.3 345.4 352.1
285 291.5 300.8 311.9 311 308.1 305.1 304.7 304.9 304.4 300.5 298.6 296.5 294.7 293.4 292.1 288.2 285.1 283.9 282.5 282.5 283.2 281.8 277.3 273.4 269.5 267.2 260.5 236.1 244 257.3 259.5 281.5 292.5 297.7 304.1 308.3 307.7 306.4 304.7 305.1 307.3 311.5 313.9 313.8 313 312.1 310.2 307.1 312 316.7 322.6 330.4 333.5 334.5 334.7 334.8 332.7 329.1 326.2 322.8 320.1 289.3 256.7 244.1 229.5 208.4 234.5 268.7 309.6 320.7 325.9 324.6 325.6 327.4 336.8 340.2 342.2
282.6 293.1 307.9 309.3 308.1 306.2 305.3 305.4 305.1 306.5 305.2 300.4 295.3 292 290.1 288.7 285.9 283.7 283.3 281 279.5 278.3 277.2 274.7 271 263.7 262.9 254.3 235.9 241.1 250.9 250.5 272.5 283.8 289.6 297.9 303 303 301.5 299.9 299.7 301.7 304.9 307.3 308.8 309 308.8 306.9 305.3 311.9 316.6 324.8 331 333 334.2 334.1 333 330.5 326 320 317.4 317.3 274.9 253.6 247.4 225.4 206.9 233.3 266.3 316 327 325.8 324 321.3 322.8 324.7 328.6 333.6
276.3 283.6 297.3 302.4 303.9 302.5 301.7 302.4 304.3 305.6 305.9 302.9 298.3 292.8 288.4 285.2 282.9 282.6 281.6 280.2 278.5 277.3 276.5 274.1 267.6 260.3 254.3 245.4 231.9 229.6 247.6 250 255.6 270.3 282.2 293.8 298.5 298.7 297.2 295 294.7 296.1 298.7 301 303.5 303.8 304.6 303 303.7 310.1 316.5 325.3 330.1 333.7 334 335.1 333.2 329.9 325 319.9 311.5 305 269.4 258.5 242.1 222.1 203.1 228.1 257.6 311.7 325.8 326 322.5 319 317.3 318 319.1 322.3
263.3 266.1 270.2 283.8 298.3 299 298.4 299.4 301.7 302.7 302.5 300.9 295.4 287 281.7 278.6 279 279.4 279.6 278.7 278.8 277.8 277 276.3 272.4 271.1 263.2 250.8 231 219.8 228.3 239.1 249.7 254.9 275.9 288.2 290.5 292.4 291.9 289.9 289.9 290.9 293.6 296.3 298.1 299.5 300.5 299 302.6 309.9 318 326.4 332.7 337.1 336.8 335.9 335.1 332.6 330.2 325.2 317.7 296 265.2 252 236.4 213.9 202.6 224.8 254.5 312.3 325.6 326 322.2 317.7 313.9 311.8 310.7 310.3
248.7 253.2 256 262.4 276.1 287.7 293.8 298.8 298.4 297.7 294.5 290.8 283.9 276.1 274.9 272.7 274.9 275.3 276.2 276.7 277.3 278.1 277.2 276.3 273.4 270.4 267.2 264.1 243.8 223.7 220.9 225.7 240.5 248.9 266.2 278.5 279.6 283 286.1 286.2 286.1 288.2 290.3 292.7 295.2 296.4 297 299.2 304 311 319.1 330.3 335.6 340.2 341.1 339.9 338 335.4 332.2 329 322.5 306.4 266.9 250.5 233.7 211.2 202.1 220.3 249.4 303.5 321.3 325.7 323.2 320.2 315 311.1 304.4 301.8
229.2 240.6 240.8 251.4 258.2 268.4 278.6 286.4 286.2 284 278.3 273.8 270.4 267.7 267.7 267.6 268.4 269.4 272 273.9 275.3 276.8 276.4 274.7 272 268.6 265 262.6 258.5 243.2 221.9 218.8 240 250.3 260.9 267.6 269.9 275.8 279.3 280.6 283.3 286.1 288.8 291 292.7 293.2 293.7 298.7 303.9 311.3 319.9 331.8 336.8 340.7 341.4 341.2 341.1 337.3 333.6 328.7 322.1 310.9 272.1 247.8 231.1 208.1 199.1 214.9 242.5 284.1 316.1 325.4 325.4 322.8 320.7 317.1 309.7 300.6
205.6 212.2 228.4 236.5 245.7 252.4 260.4 265.8 268.7 266.8 264.2 263.1 261.3 261.2 260.7 260.2 261.1 262.1 265.4 267.9 271.4 274 274.7 273.1 270.6 266.7 263 258.8 254.4 251.6 233.2 215.3 240.9 246.7 251.1 252.9 255.4 258.5 263.9 276.5 283.7 286.9 289.7 290.7 291.3 290.9 291.6 297.4 303.6 310.1 317 327.9 334.6 337.6 340.2 341.1 338.8 335.7 332.3 326.4 319.8 312.7 278.2 247.2 228.3 206.4 198.8 208.3 238 272.4 311.3 323.9 326 324.6 324.7 321 316.5 306.9
213.8 199.3 202 217.7 231.9 245.7 249.8 253.2 256.6 254 255.2 255.3 254.4 253.8 253.5 253.3 253.6 254.7 257.8 261.5 265.1 268.4 270.4 270.7 268.6 264.5 260 254.6 248.5 232.7 215.9 221.2 238.3 242.1 245.5 250.9 256.6 262.3 274.1 284.9 289.8 291.8 291.3 291 290.1 290 289.1 295.6 301.8 307.3 313.3 320.8 330.9 333.6 334.5 334.2 331.6 329.1 326.5 321.8 318 312.8 280.3 248.3 227 204.3 198.2 206.8 236.3 262.5 300.6 315.8 320 321.5 322.9 323.7 320.3 311.1
229.1 221.4 207.7 199.1 213 236.5 241.9 242 242.8 244.2 244.8 245.8 246.7 247.2 246.3 246 244.9 246 249.6 253.8 257.8 261.5 264.2 265.5 263.9 261.5 256 250.4 235 214.3 215.7 236 249.8 260.1 266.8 272.4 279.1 286 289.3 294.4 296 295.6 293.6 288.6 285.8 285.1 287.6 292.9 298.9 303.6 309.9 317.5 325.9 329.4 328.5 325.2 322.4 322.1 321.6 318.2 315.2 312.7 279.8 247.5 227.4 205.1 195.4 206 234.7 260 289.4 306.7 311.3 314.5 317.7 320.2 318.2 312.6
234.2 230.7 222.5 208.6 197.3 214.2 228.8 223.7 220.6 218.6 221.7 228.9 229.5 236.7 237.4 235.7 236.4 237.6 240.5 244.1 248.8 254.1 254.9 259.3 260.2 257.4 252.1 246 220.1 208 233.7 246.3 259.3 274.4 288.2 294.9 295.1 295.6 296.7 296 295 291.3 287.6 285.5 281.1 281.4 285.3 289 294.3 298.3 304.1 310.8 317.3 321.5 320.3 317.4 316.4 315.8 315.3 315.1 313.8 309.5 284.6 248.8 227.4 207.6 194.3 209.8 234.6 265.1 296.1 304.2 308.4 310.9 314.1 316.4 315.2 311.9
233.2 229.9 224.6 217.3 202.7 198.9 203.3 194.3 193.7 194.4 194.7 195.5 201 207 213.6 218.8 224.7 224.8 228.4 231.3 236.3 245.5 250.6 252.9 255.1 253 248.6 237.4 208.8 221.3 240.4 247.2 256.9 274.1 288.9 291.8 291.4 290.6 291.4 290.9 288.9 285.8 283.4 281 276.2 278.8 282.1 285.3 289 292.8 296.2 301.6 303.5 306.2 306.2 307.3 309.2 308.1 307.5 310.4 311.2 309.1 288.3 251.3 232.2 207.6 194.2 214.4 241 274.5 302.7 305.8 306.4 308.5 309.9 312.3 312.5 311.2
226.5 219.3 215.8 207.2 198.5 194.9 193.9 195.8 205.6 208.3 201.7 195.4 194.4 193 193 194.1 194.3 196.1 196 198.3 204.1 214.5 241.8 242.9 247.6 247.6 244.1 236.2 204.8 233.5 235 235.2 243.2 253.9 268.1 281.1 283.6 284.5 285.3 284.5 282.6 281.2 279.3 273 261.5 274.9 277.7 279.9 281.6 285.7 288.1 290.3 293.4 297.1 299.9 301.5 302.5 301.7 301.7 301.3 302.3 302.8 282.6 252.2 237.6 210.6 193.5 218.6 249.4 281.3 305.4 305.8 306.2 306.6 307.4 308.2 309.1 307.4
218.6 205.3 198.7 195.6 200.3 206.2 205.7 215.5 220.8 224.5 227.3 225.6 223.6 220.5 217 208.1 199.4 193.1 192.2 191.7 190.4 190.7 192.5 228.8 237.3 238.8 236.8 234.7 202.9 223.8 228.4 228.3 230.9 236.1 246.1 257.7 264.7 269.6 274.4 276.4 276.7 274.7 269.6 261.6 248.2 267.8 270.1 272.2 272.3 272.8 273 274.1 277.2 280.3 287.5 295.6 296.1 296.8 296.6 296.1 297 296 283.2 257.6 236.4 210.9 193.6 222.6 252.5 285 304 305.6 306.4 305.7 304.3 305.1 304.1 302.2
202.1 196 215.1 221.3 224 231 231.8 230.4 227.9 227.4 225.5 223.8 236.7 236.1 234.4 233.6 231.4 224.6 228.6 224.8 212.9 193.1 189.3 219.5 228.2 228.8 228.1 228.6 222.6 204.1 202.3 211.1 217.5 223.3 228.2 234.6 238.9 245.5 252.8 261 266.4 264.1 260.4 242.8 243.5 260.4 262.4 261.5 259.4 255.5 252.9 249.5 249.3 249.8 258.4 276.5 292.5 293 292.6 291.1 290.7 289.5 283 265 239.8 213.3 193.2 220.2 253.7 281.9 298.2 304.3 306.3 304.9 304.2 302.3 296.6 294.3
208.7 219.5 237.1 244.4 255.2 257.2 248.4 242.2 233.2 238.6 243.4 244.9 245.7 248.7 251.3 252.5 249 242.4 237.7 231.9 222.4 213.5 189.8 205.3 205.5 203.6 200.7 203.1 219 221.5 208.3 201.3 195.5 198.3 214.9 221.7 219.4 222.3 228.6 234.6 245.6 252.1 244.9 223.1 241.5 252.1 250.5 244.8 239.7 235.2 226.5 218.7 209.8 212.1 227.5 251.5 279.1 288.2 288.4 287.1 285.3 283.1 281 266.6 252.8 222.3 190.5 212.3 250.1 279.3 303.1 307.7 308.2 307.3 307.9 304.8 305 302.4
231.1 245.8 257.4 268.6 265 264.3 264.9 263.6 249.4 253.4 256.5 262.6 270.1 275.3 280.1 280.1 274.7 264.7 249.4 238.7 230.2 221.7 211.9 188.3 188.9 188.3 190.3 189.8 188.1 197 207.9 210.3 213 204.1 190.9 198.6 199.1 202.8 207.8 214.2 219.8 226.6 220.6 215.5 239.1 238.6 233.5 229.1 224.2 208.5 187.5 178.5 177.7 179.3 196 233.7 265.7 286.7 285.4 281.2 279.6 277.2 270.9 262.5 252.7 230.8 200.7 199.3 237.2 267.4 298.2 312 313.4 313.8 312.3 310 309.6 307.7
263.7 268.2 285.8 285.2 269.8 266.4 266.3 267.9 268.5 272.7 269.2 271.9 293.4 300.1 304.7 305.1 298.1 284.2 267.7 250.4 240.3 233.7 225.1 215.3 209.2 210.2 208.4 201.4 199.4 192.9 189.3 189.6 190.2 190.2 189.4 188.2 188.6 188.1 189.2 191.5 200.5 203.3 204.8 217.6 232.5 225.3 223 222.1 208.6 179.8 178.4 191.5 207.8 190.2 179.4 224.3 254.7 278.6 278.2 271.9 266 260.4 256.5 251.8 242.9 233 206.6 190 222 254.9 285.4 311.4 317.9 316.8 315.7 312.6 311.4 310
270.7 277.5 315 318.4 314.9 301.2 282.3 267.3 269.3 270.3 272.4 303.7 311.7 319.9 325.5 320.3 313.8 300.2 285.5 270.5 257.9 244.7 237.8 228.6 221 217.3 217.3 213.7 212.5 208.6 204.2 201.9 196.3 196.8 197 200.8 209.3 202.3 188.2 188.7 188.8 190.8 193.8 200.4 205.1 207.2 215.1 204.9 182.9 178.6 203.9 227.9 231 206.8 180.8 211.6 244.1 269 265 257.3 242.9 241 240.4 239.2 235.8 228.7 213.8 184.8 210.1 245.7 274.2 301.8 315.4 315.5 314.6 314.3 312 311.5
