public/OST50/SK26.asc
ncols 200
nrows 200
xllcorner 420000
yllcorner 360000
cellsize 50
[rows 35 to 69 of 200, columns 78 to 155 of 200]
283.1 279.8 275.9 272.1 268.7 265.5 263.4 261.2 255.4 248.9 241.1 233.9 225.2 218.4 210.9 202 199.9 195.2 190.1 185.7 187.7 185.8 181.4 176 170.1 171.7 170 166.6 161.9 153.9 144.9 139.2 134.9 130.1 122.9 116.6 117.5 121 120.8 118.4 116.2 113.3 105.1 103.6 104.1 103.8 104.9 110.8 118.1 123.9 131.6 138.5 148.8 159.9 169.9 175.4 182 187.1 191.7 196.6 201.9 203.1 204 204.7 205.3 206 206.2 208.9 210.3 213.7 214.6 216.3 219.2 220.5 224.1 229.5 234.4 238.5
287 283.9 279.9 276.1 272.4 271.3 270.2 265.9 259.4 253.7 247 238.5 229.6 221.3 213.8 210.9 207.3 204.1 198.5 195.9 195.4 192.8 188.6 183.4 180 182.1 180.6 175.8 169.4 160.5 150.9 143.4 137.1 132.3 127.4 121.9 115.3 113.5 116.3 116.3 114.3 112.5 103.9 103.5 104.1 104 103.8 109.3 115.6 120.8 126.5 132.4 139.1 147.8 157.2 166.9 174.5 182.2 187.7 192.9 198.5 205.2 205.7 206.2 206.7 206.9 207.1 209.5 211.1 212.8 213.4 213.9 214.9 216.3 219.3 225 230 233.9
289.4 287.3 284.7 281.2 278.3 276.4 273.9 269.2 263 257.7 252.4 243.4 233.4 225.4 223.1 219.8 216.1 212.4 206.3 204.7 204.3 201 195.9 191.5 189.5 189 187.6 183.4 176.5 164.7 155 148.5 142.1 137.2 132.3 125.2 119.2 115.7 110.4 110.6 109.4 106.2 101.2 103.8 104.1 103.9 103.7 108.6 113.6 118.5 122.7 128.5 134 139.4 147.9 156.2 166.2 175.4 183.6 189.7 195.7 201.7 205.4 205.9 206.2 206.8 207.7 209.4 210.7 210.9 210.8 211.4 212.9 214 215.1 221 225.2 228.7
287.7 288.2 287.1 284.9 283 280.5 276.7 272.5 267.3 263.7 259.7 248.5 240.2 235.6 232.2 228.3 224 220.2 216.3 213.4 213.9 211.4 206.2 200.9 198.2 196.7 194.4 190.2 183.9 169.2 160.4 154.3 148 142.9 136 128.2 122.8 118.5 115.2 112.3 109.5 108.9 101.7 103.6 103.5 103.4 104.5 106.2 110.9 115.9 119.8 124.9 130.2 135.2 141.1 147.9 157.8 167.1 176.4 185.4 191.4 197 201.4 205.3 205.5 205.9 207.5 208.8 209.5 209.4 208.5 208.9 210.5 212 214.7 217.1 220.1 223.5
278.8 285 287.3 287.3 285.9 283.4 280.2 276.3 273.4 269.8 266.3 256.9 250 245.5 244.4 235.7 231.6 228.2 224.9 222.1 222.9 221.8 216.6 211.4 210.7 205.2 201.8 197 189.8 178.3 165.5 159.7 153.8 146.1 138.5 133.1 130.5 128.4 123.7 119.5 117.5 113.2 102.3 103.2 103.1 102.8 104.3 105.6 109.3 113.3 116.8 121.3 126.5 132.1 137.4 143.4 150.8 160.6 169.7 178.6 187.2 191.3 195.3 198.7 201.3 204 205.5 206.1 206.4 206.1 206.7 206 207.8 209.2 211.7 213.4 215.5 217.7
264.4 276.3 284.7 288.8 288.6 286.2 283.8 280.6 277.7 275 272.2 267.8 261.6 257.8 257.9 247.4 239.8 236.5 233.1 230.4 230.6 230.6 227.4 223.4 220.7 215.9 211.6 207.2 198.8 185.9 174.6 167.8 160.9 149.6 145.4 143.1 140.3 134.4 128.3 123 118.7 115 101.9 103.2 102.7 102.7 102.3 104.9 108.1 112.2 117.2 120.6 123.7 129.3 134.7 139.7 145.6 154.5 163.6 172.7 178.9 184.1 187.7 190.8 193.3 195.1 195.3 196.4 197.4 197.4 199.2 199.2 202.2 205.2 207.5 208.9 210.4 211.6
241 260.7 278 287.2 290.2 286.6 285.7 284.8 281.9 279.3 277.6 274.8 270.8 266.8 265.8 260.9 250.9 245.5 242.5 239.4 239.3 239.1 238.1 233.9 231 226.7 223.3 218.1 211.2 201.5 187.4 175.4 168.2 162.5 157.4 151 146.3 139.5 132.1 124.9 119.1 111.3 102.7 103.6 103.5 103.2 102.8 103 106.4 111.6 119.8 122.5 125.3 127.8 132 136.5 140.9 147.6 156.2 162.1 168.2 174.3 179.6 182.6 185 186 186.9 187.6 189.5 190 189.7 190.6 193.4 196.2 198.9 201.7 203.2 204.9
219.6 240.9 269.4 278.1 288.8 289.1 287.7 288.9 286.6 284.3 282.3 279.3 275.7 272.5 270.6 266.4 260.3 258.1 256.9 253.6 252.6 251.6 245.7 243.5 241.4 238.4 234.7 232.8 226.6 216.2 205.2 192.2 178 170.9 164.1 156.5 150 140.9 133.3 124.8 116.3 106.9 104.7 102.8 102.9 103.7 103.5 103.5 104.7 110.4 117.5 121.1 123.7 126.7 129.5 133.4 137.9 142.2 146.5 152.1 158.2 164.3 169 173 176.5 177.9 178.7 179.6 181.8 183 182.6 183 185 187.1 188.2 188.6 188.6 188.7
210 222.8 246.7 270.3 279.1 287.5 290 291.7 290.8 288.9 287.1 283.6 279.9 276.6 273.4 270.4 271 272.7 272.1 269.2 270.2 269.4 262.5 257.5 255 251.7 248.1 245.1 240.1 231.6 220.1 207.9 195.1 183.6 172 164.4 152.9 143.4 131.1 121.8 111.3 104.3 104.2 104.4 104.1 101.9 103.7 103.3 104.3 108.9 114.3 118.1 121.8 125.3 127.3 130.1 134.6 138 141.9 145.3 150.2 154.1 158.4 162.7 167.3 169.8 170.8 171.7 173.4 173.5 171.2 171.5 173.9 176.4 176.7 175.9 174 173.1
201.3 212.1 228.2 251.3 267.8 274.1 289.2 293.1 293.9 292.8 290.9 287.3 284 280.6 277.3 274.5 276.3 282.2 283.4 282.5 281.2 278.8 275.7 273.2 269.1 265.3 261 255.2 246 238.4 227.2 217.3 210.7 200.9 184.3 171.1 155.8 144.1 127.9 114 107.1 105.1 104.6 103.8 103.8 103.4 103.7 104.2 104.6 109.6 113.9 117 120.8 123 125.1 127.2 131 134 137.2 140.3 144.2 147.7 150.3 153 156.8 159.1 161.1 163.2 163.4 162.2 160.1 160.5 163.8 165.7 165.7 162.5 160.7 163.5
192.1 204.1 213.9 228.2 247.1 263.8 275.7 291.4 294.1 294.8 293.1 291.2 288 284.7 281.4 279.9 282.6 288.5 289.8 288 286.8 284.4 282 280.2 277.4 273.2 267.4 261.4 250.7 242.6 234.7 228 220.1 208.4 184.5 170.8 154.3 136.9 121.6 109.7 105.5 104.1 103.6 103.2 102.7 102.2 102.4 103.5 103.9 109.9 114.7 117.5 119.2 120.9 123.2 125.4 127.4 130.1 132.6 135.9 139 142.6 144.5 146.4 149 150.6 152.7 154.3 152.6 151.8 150.8 151.9 154.5 155.1 154 156.2 166.6 177.1
185.5 194.5 202.8 211.8 223.4 245.6 266.5 278.4 293.7 294.4 295.1 294.8 291.8 288.7 286.5 285.1 287.7 292.2 295.3 293.6 291.5 289.1 287.8 285.6 282.9 278.7 273.6 264.6 257.3 249.8 241.3 230.7 212.3 194.6 179.7 164.2 150.2 129.3 116.8 108.8 104.3 103 102.5 102 101.5 101.1 100.6 102 104.5 108.2 114 116.8 118.3 120.2 122.8 124.3 125.3 127.5 130 132.9 135.8 138.2 139.3 140.8 142.3 144.1 145.6 145.1 144.4 144.3 143 143.8 145.4 150 157.3 167.7 179.2 196.7
177.1 184.5 192.1 201.2 213.6 231.3 256.5 265.6 277.5 293.5 295.3 296 295.6 292.4 290.7 289.7 291.4 295 297.2 298.1 296 293.7 293.5 290.8 288 283.6 278.1 272.7 262.7 255.9 248.1 227.9 202.8 186.6 169.9 158.4 140.8 127 115 108 103.6 102.5 101.5 101.1 100.6 100.1 99.6 100.2 104.7 109.9 114.1 115.3 117.3 119.9 121.7 122.5 123.1 125.4 127.5 130.1 132.9 134.6 136.5 137.3 137.3 137.5 136.8 136.4 136.3 137.4 141.4 146.5 150.8 157.8 165.7 176.2 196 215.1
172.1 177.3 182.5 191.4 202.6 217 240.2 256.7 267.6 281.9 291.9 295.4 296 295.7 294.5 293.1 293.8 297 299 300.7 299.6 298 296.2 294.1 291.4 286.5 281.8 277 269.9 260.6 250.1 221.7 204 178.2 160.3 150.4 133 123.4 113.6 106.3 102.9 102.3 101.3 100.3 99.6 99.1 99.9 101.7 106.3 109.2 112.9 114.3 115.7 118.4 120.2 120.9 120.9 123 125 127.2 129.7 131.1 133.8 133.5 131.9 131.1 130.3 131.9 142.6 148.9 151.7 157.6 162.1 167.5 174 189.2 212 224.5
165 170.5 175.4 184.2 194.5 207 222.8 242.2 258.8 273.7 282.9 289.1 293.3 295 294.6 294.2 295.4 297.9 300 301.2 301.1 299.2 297.4 295.3 293 289.9 285.2 280.5 271.8 263.6 247.4 213 199 172.4 157 141.1 130.1 120.2 111.6 104.4 101.9 101.8 101 100.1 99.1 100.9 103.1 104.9 104.2 107.2 110.2 111.4 112.5 114.1 115.9 115.6 116.7 118.4 121.4 124.4 126.1 127.3 126.7 125.5 125.2 124.1 133.5 137.7 148 155.1 160.7 165.5 170.3 175.4 183.4 196.7 218.7 228.9
160.2 165.9 170.6 178.6 184.9 194.1 208.3 225.7 249.7 263.4 272.6 281.1 288.6 294 293.6 293.1 293.5 297.1 300.3 301.7 302.5 300.5 298.5 296.5 293.9 291 287.6 283.8 274.4 263 240.4 211.8 192.8 172.3 155.8 140.6 128.6 119.2 109.3 103.4 100.9 101.1 100.9 99.9 99 101.7 104.4 107.2 105.3 104.8 107.8 108.9 108.8 109.5 111.1 110.7 110.3 113.6 115.4 118.9 120.7 121.4 121.6 122.8 129.5 135.3 140.5 144.7 149.2 159.1 165.3 173.1 177.8 185 193.3 209.2 223.8 233.1
157.2 163.8 168.3 174.5 180.3 188.2 199.7 222.2 241.4 254.1 264.2 272.1 279.2 291.4 294.8 293.8 291.6 293.4 298.3 302 303.7 301.9 299.7 297.6 294.7 291.9 288.8 285.3 274.2 259.8 228.1 211.3 188.8 172.3 156 141.4 127.9 117.8 107.1 102.7 100.9 100.9 100.9 99.8 99.8 103.3 105.7 109.7 111 110.1 110.2 108.9 109.9 111.8 112.8 117.7 122.5 122.1 117.1 117.9 117.4 120.3 125.7 132.8 138.8 145.5 152.3 154.4 155.6 165.9 172.1 179 188.7 198.5 212.5 223.2 231.7 239.7
154.3 160.5 165.2 169.4 175.2 181.2 191.8 209.5 226.9 244.2 255.4 263 269.6 280.4 289.6 293.3 292.1 290.2 293.6 300.3 302.5 302.2 300.3 298 295.4 292.6 289.4 284.5 273.3 254.6 223.3 209 186.8 173.2 155 142 126.3 114.1 105.1 102.1 101.9 101.4 100.7 99.7 100.4 104.7 108.3 110.1 112.4 113.4 113 115 114.3 115.3 117.6 122.7 127.8 131.8 134.1 129.7 126.3 128.9 137.3 144.1 152.6 156.2 161.6 164.1 163.5 173.6 181.7 190.2 201 214 221.9 231.1 242.4 247.7
153.1 155.8 160.4 166.4 172.2 178.2 189.3 197.7 214.2 233.3 246.2 254.9 261 266.6 277.7 288.2 289.6 287.1 288.1 297.4 301.2 301.2 299.4 296.9 294.6 292.3 288 282.3 271.5 251.9 223 206 185.7 172.6 153.7 141 123.9 112.4 104.5 102.6 102 101.2 100.4 99.6 99.8 103.5 106.8 111.1 113.1 115 114.7 117.1 116.8 117.3 120 124.2 128.6 133 136.9 138.8 137.5 140.9 149.6 157.2 162.3 166.5 170.1 173.8 177 182.1 192.4 204.9 213.4 223.6 232.7 240.9 249.6 252.5
156 153.8 157 163.1 167.5 173.8 181.4 191.8 202.3 214.6 227.6 245.9 250.5 255.7 261.5 269.3 281.8 282.3 281.8 284.2 289.2 293.2 296.1 295.8 293.5 289.7 286.4 279.5 269.6 253.4 221.1 201.6 185.3 171.7 155.5 137.9 119.7 110.1 103.9 102.4 101.7 100.9 100.1 99.3 100.1 102.9 106.8 111.1 114.4 116 116.7 118.6 118.8 119 121.5 126.5 131.1 134 139.7 144.5 148.5 152.2 158.2 163.8 169 173.1 177 182.9 190.9 195.4 205.9 212.8 223.1 233.8 244.5 248.6 252.2 256.1
162.3 157.7 155.2 157.7 162.6 167.9 174 184.2 192.9 202 226.7 239.7 244.1 244.5 249 254.6 261.5 271.6 274.7 276.1 276.1 279.7 285.3 288.9 290.6 287.1 285.8 276.1 265.4 244.5 218.9 197.2 187.7 172.6 154.6 133.1 120.1 110.1 102.3 102 101.2 100.5 99.7 98.9 101.7 104.6 108 111.5 115.4 117.5 118.8 122.2 122.3 121 123 128.1 135.3 139.4 146.5 151.1 155.3 160 165.5 171.3 177.1 184.4 189.5 197.1 205.2 212 220.7 231.4 239.5 245.9 248.7 252.5 256.6 259.9
168.2 162.8 157.5 158.8 164.1 169.6 175.3 182.5 187.9 204.3 223.6 234 236.8 237.6 240.3 243.1 246.9 254.8 259.9 266.5 267.1 267.9 271.2 275.5 280.9 283.8 281.7 270.8 257.7 232.1 211 198.5 189.4 172.4 153.5 133.1 120.4 110.8 101.6 101.2 100.8 100 99.2 100.5 103.3 106.4 109.9 113.1 116 118.1 120.5 122.9 124.3 125.8 128.2 132.6 140.8 149.9 154.8 158.2 163 167.7 172.8 179 185.9 194.8 206.7 219.7 230.3 238.5 240.8 244.6 247.6 249.9 252.7 256.9 260.9 264.2
172.9 168.2 163.3 159.9 166 173.9 176.9 183.4 191 211.7 225.9 229.9 230.5 231.4 232.7 233.1 233.7 236.6 243.5 252.7 256.5 257.4 260.6 265.3 270.4 275.1 273.9 263.1 245.5 223.9 208.9 198.5 187.2 172 155.3 139.1 119.1 109.8 101.6 100.8 100.2 99.6 99.2 102.1 104.9 107.8 111.1 113.6 116.1 118.6 121.7 124.4 127.1 129.9 133.2 137.5 144.8 155.3 160.5 164.2 168.9 174.2 179.3 187.9 194.5 207.5 225.8 246.5 247.9 247.4 245.8 248.7 252 254.5 257.1 260.4 264.4 266.3
179.7 172.3 166.9 162.7 166 174.5 175.9 182 196.3 214.3 220.8 222.8 224.6 225.8 226.6 225.1 225.1 227.4 232 236.1 241.1 243.1 248.7 256.8 261.4 265.4 267.8 245.4 237 219.5 200.5 192.4 181.1 168.6 158.5 140.1 121.5 107.2 101.4 100.6 99.9 99.1 100.6 102.8 105 107.7 110.7 113.7 117 120.4 123.5 126.6 129.5 132.8 137.3 142.9 148.6 157.7 165.3 170.4 174.9 180 185.3 194.4 207.5 223.1 249.2 251.4 251.7 251.6 251.8 253.4 256.3 259.1 261.6 263.2 265.6 267.1
188.3 177.7 169.9 166.2 164.2 168.5 171.7 177.4 188.6 199.5 207 213.9 216.8 220 219.6 217.5 216.6 219 221.7 222.5 225.7 229 235.4 242.8 249.3 255.3 256.8 247 235.3 218.9 199 185.2 174.1 167.5 155.5 144.2 123.9 106.6 101.3 100.5 99.8 99 100.6 102.6 104.8 107.5 111.1 114.1 117.7 121 124.3 128.2 132.2 135.8 141.7 147.7 153.7 160.3 168.1 173.8 180.2 187 194.3 204.8 219.3 243.7 252.5 254.4 254.9 255.7 256.6 257.7 258 260.2 262.9 264.2 266.6 269.1
200.3 188.8 176.6 169.4 168.1 168.1 169.3 174 182.2 190.3 199.5 204.3 204.7 208 212.6 210 208.8 210.8 211.8 212.8 213.9 215.5 220.9 227.6 234.3 241.7 247.8 250.3 241.4 220.8 200.7 182.9 171.6 163.4 154.8 139.7 129.8 115.5 101.4 100.8 99.9 99 100.8 102.8 104.7 107.9 112.2 115.1 118.4 121.7 126 130.3 134.2 139.5 145.2 151.1 157 163.3 170.7 177.1 186.9 195.1 204.9 217 239.3 251.5 253.2 255.3 257.2 258 258.4 258.8 258.4 261 262.8 265.5 269.8 274.3
200 199.6 187.7 178.6 172.7 173.5 183.1 188 196.1 194.2 195.2 196.2 195 198.1 203.6 199.5 198.2 200 202.2 204.5 205.6 206.2 210.3 213.6 219 226.5 233.4 242 240.3 219.4 200.7 180.8 168.2 157.1 149 140.2 133 125.7 103.1 101 100.5 99.1 100.6 102.4 103.5 106.2 112.8 115.9 119.3 123.8 128.1 132.3 137.7 143.1 148.5 154.3 160.8 166.7 174 184.1 193.3 204.6 225.7 246.5 248.7 252.1 254.3 255.1 255.9 256.7 257.7 260 260.6 262.4 266.4 270.5 275.4 280.4
197.1 199.9 204.2 196 187.3 181.3 190.9 200.1 199.9 192.2 188.1 187.3 185.1 190.1 192.3 184.2 183.8 188 190.8 196.3 197 198.5 201.4 205.1 208.4 212.7 218.9 225.4 225.9 216.6 200.7 178.2 167.2 157.4 148.9 141.3 133.8 125.2 117.1 101.8 101.6 99.5 99.7 100.7 102.4 104.4 113.1 116.6 120.9 125.6 130.3 135.4 141.7 146.8 151.9 157.8 164.6 171.2 182.4 192.5 207.2 228 244.9 248.7 249.9 252.5 252.6 251.6 254.7 255 257 260.5 261 267.4 272.7 276.4 284 291.9
193 196.8 200.2 203.3 201.8 198.8 197.9 200.1 198.1 191.5 183.6 181.8 180.1 180.5 180.4 172.5 171.2 175.4 177.5 181.7 181.8 189.6 194.4 196.8 200.5 205.1 207.6 211.1 213.8 212.1 198.3 178.5 167.9 157.9 150 142.4 134.7 127.4 123.4 117.1 108.2 101.7 99.3 99.3 100.9 102.7 113.1 118.2 122.4 126.9 133.5 139.4 145.3 150.4 155.4 162.8 170.4 181.2 192.7 209.3 229.6 243.2 246.5 248.7 250.5 251.2 251.1 252.5 252.4 255.9 258.8 261.3 264.4 271.3 278.2 283.5 292.6 301.6
189.4 192.8 196.2 199.6 201.3 201.6 200.8 200.9 199.5 194.1 182.3 172 171 170.1 169 162.2 160.6 165 166.1 169.1 171 182.7 189.3 191.1 194.3 196.7 199.8 200.6 205 207.9 195.6 178.1 167.4 158.1 150.3 142.6 135.3 129.9 123.3 118.7 114 109 100.8 99.4 99.4 101.5 111.9 120.5 124.4 128.9 137.9 142.2 148.5 153.7 161.3 169.6 181.7 192.4 208.6 228.5 240.2 242.7 245.2 247.4 249.4 249.2 249.6 250.4 251.9 255.9 260.3 263.3 268 275.2 282.4 291.5 300.3 309.3
184.7 188.2 191.7 195.3 198.8 201 201 200.4 199.5 195.7 186.4 176.4 163.8 159.4 162.7 155.4 153.8 154.8 156.5 159.1 165.9 174.4 182.4 186.3 187.4 188.5 191.5 191.8 193.2 198 190.6 179.9 168 158.5 150.6 142.7 136.1 129.5 123.7 118.1 113.2 109.3 101.5 99.6 99.2 100.8 111.4 120 123.1 130.5 141.3 143.6 149.5 157 165.6 179.8 193.3 209.6 231.1 237.8 239 240.4 243.5 246.2 246.9 246.6 247.3 249.8 252.3 257.2 262.9 266.7 272.2 279.5 287.7 298 306.1 315.6
181.2 184.5 187.8 191.1 194.4 197.2 198.5 197.6 196.2 196.1 190.4 178 170.4 163.9 155.1 151.2 146.1 146.5 151.3 153.6 161.5 165.6 176.9 178.7 180.1 181.1 182.2 183.6 184.9 188.2 184.5 183.6 172.7 159.4 151.4 142.3 135.7 129.2 123.7 116.8 112.5 108.5 102.3 98.6 98.9 103 112.9 113.3 116 125.4 137.9 142.7 149.8 157.5 168.5 185.1 211.6 213 232.8 234.7 235.3 236.7 240.6 242.9 243.5 244.8 245.8 251.4 253.2 256.7 262.2 270.8 276.5 284.1 294.3 303.6 310.6 320.9
177.9 181.1 184.4 187.7 190.8 193.5 195.2 195.8 194.4 193.3 188.3 178.2 164.4 159.3 147.9 150.5 145 139.7 145.5 152.5 154.2 160.3 170.7 171.9 172.9 175 174.2 175.7 177.1 178 176.9 178.1 180 160.9 151.5 141.6 134.6 129 122.4 115.7 111.8 107.8 102.8 98.9 99.1 105.6 112.5 116 119.5 124.5 129.4 135.5 144.1 155.1 170.5 186.8 209.9 206.3 228.7 229.8 230.9 232.9 236.7 239.5 241.8 244.2 244.3 248.3 252.3 257.4 265.2 273.6 280.3 288.8 297.5 305.8 313.2 323.2
174.5 177.8 180.9 183.9 186.9 189.5 191.6 193.2 193 188.1 177.4 165.6 154.7 146.6 143.4 148.5 143.5 137.2 141.7 146.2 146.4 153.3 160.4 162.7 165.1 168.5 167.9 168 169.3 170.2 168.3 165.5 164.4 156.2 150.5 141 134.4 127.7 121.1 115 111.2 107 101.3 99.7 98.8 109.7 115.4 120.9 125.4 128.7 134.5 142.4 146.8 152 167.9 186.2 202.1 206 222.4 222.2 225.2 229.3 235.4 238.1 241.8 245.3 247.8 249.8 254.8 261.7 269.1 275.8 283.2 291.7 300.3 308.2 316.1 327.3
170.9 174 177.1 180.2 182.9 185.5 188.1 189.6 191.1 189.2 179.7 168.6 155.4 144.2 137.9 140.8 140 133.7 136.8 141.1 140.6 144.8 148.9 152.1 156.5 160 160.8 160.4 161.6 162.2 159.5 156.9 154.7 151 145.4 138.4 131.5 123.6 117.6 114.1 110.7 105.8 100.1 99.2 100.3 117.7 122.2 127.7 132.8 137.3 144.6 151.5 156.2 159.3 166.2 181.3 191.1 200.8 210.4 220.2 227.2 232.1 235.6 239.1 242.6 246.6 250.4 254.6 259.4 265.9 272 278.1 286.3 294.7 302 308.9 317.7 325.4
