public/OST50/SK26.asc
ncols 200
nrows 200
xllcorner 420000
yllcorner 360000
cellsize 50
[rows 140 to 174 of 200, columns 0 to 77 of 200]
182.6 177.9 173.2 169.1 168.9 168.8 170 173.4 178.5 184.6 188.8 191.8 199 208.5 218.8 229.2 232.9 241 252.7 254 246.7 239.3 235 229.5 224.6 231.6 233.5 229 222.8 213.7 205 212.2 206 210.5 216.9 218.2 207.8 201 203.8 214.1 225 229.4 230.7 229.8 228 225.5 221.5 215 214.2 214.5 216.3 214.9 211.9 209.4 201.8 192.9 183.7 178.8 173.5 169.3 162.2 155.3 172.3 188 188.9 189.9 192.4 195.9 200.1 204.3 210.8 217.9 227.9 239.5 249.9 260 271.1 279.3
183.4 178.7 174.1 170.3 168.9 168.9 170.3 174.8 179.5 183.5 188.6 195.2 202.8 213.9 228.2 234.5 241.5 252.3 257.2 252 249.7 247.8 243.8 238.2 240.4 246.7 252 248 237.7 226 227.3 228.2 220.8 220.6 224.8 220.4 210.7 204 208.8 222.7 232.5 236.3 236.8 234.1 231.9 229.8 227.7 222.9 219.3 218.2 219.3 218.1 217 214.6 207.9 199.6 191.5 186.7 181 174.5 167.1 157.4 172.5 186.7 188.5 189.5 191.1 195.1 199.2 203.7 211.2 219.9 232.3 244.1 253.5 263.4 273.7 280.8
184.2 179.8 175.4 171.5 169 168.9 171 174.5 178.6 183.6 188.5 196.4 205.8 217.1 228.7 238.7 248.8 261.4 256.1 253.4 256.9 258.6 251.3 249.3 250.8 251.4 252.5 248.6 241.2 233.7 239.9 238.6 233.4 229.7 227.2 220.7 213.6 206.8 213.2 228.1 240.5 245.3 241.3 237.7 235.7 233.7 230.6 227.7 225.2 224.1 222.6 221.4 219.1 216.6 211.1 204.3 199.4 195.4 190.2 183.4 170.1 159.6 170.2 181.3 189.5 188.6 190.4 193.9 197.4 202.7 209.4 219.8 231 240.1 251.8 267.1 276.1 275.1
184.5 180.1 176.7 173.9 169.9 169.3 172.9 177.2 180.3 185.4 191.6 198.7 207.9 222.1 232.2 242.1 262.2 262.6 258.1 260.5 264.7 262.1 256.9 254.9 254.2 254.2 254.2 249.8 242.7 240.4 244.3 243.7 238.9 234.6 228.1 221.5 214.8 209.3 216.1 232.2 243.8 245.9 244.1 240.9 239.5 236.6 233.4 231 228.6 226.3 224.1 222.4 220.3 217 212.9 210.2 206.8 203.7 200.3 191.5 172.8 160.1 174.3 183.4 186.4 187 189.8 192.6 195.1 200.6 206.8 216.6 225.6 236.2 250.8 267.7 275.9 270.5
183.9 179.7 176.6 173.7 170.3 170.2 172.8 178.7 182.3 186.1 190.8 200.7 214.8 228.3 238.7 247.3 263 263.6 262.6 266.2 266.9 263.7 261.6 258.7 257.1 256.5 254.3 249.2 244.5 243.9 248 246.2 243 235.1 227 221.7 216.9 212.6 217.4 228.6 239.1 244.4 243.6 241.1 239.6 235.9 233.8 233.5 231 228.1 225.7 224.2 223.7 221.4 219.4 217.3 213.8 210.2 205.5 195.4 175.5 163.8 175.1 187.4 185.8 185.2 188 190.9 195.5 201.2 206.1 213.9 222 232.8 251 266.3 268 265.6
185.1 180.3 176.6 174 171.8 171.3 172.7 180.2 184.4 188.6 195.2 203.7 217.8 228.5 236.8 247.1 261.2 261.6 264.9 269.9 268.9 266.8 264.3 261.6 259.1 257 254.9 249.8 245.6 245.3 246.3 245.3 242.1 235.1 228.8 224 219.5 215.9 217.9 223.9 233.6 239.5 241.3 240 239.1 235.4 235 233.9 231.6 228.9 228 228.7 228.7 226.7 224 220 215.7 208.5 204.7 192.3 172.1 164.1 170.8 181 181.7 183.7 186.9 190.3 195.2 199.9 204.9 209.4 220.1 229 252.1 258.4 259.3 257.6
184.1 180.3 176.8 174.2 172.6 171.5 174.2 179.8 183.8 188.2 193 202.3 213.2 225.4 235.4 249.3 260.6 259.6 261.8 265.6 266.3 266 264.6 260.6 258.2 256.4 254.5 251 248.2 246.9 246.7 246.2 243.7 236.7 230.2 226.8 222.1 219 220.6 227.1 232.1 236.5 238.7 239 239.6 239.4 238.2 235.4 232.6 230.2 229.3 231.2 232.5 233.5 226.4 219.8 211.1 203.4 196.2 181.3 169.6 164.9 168.2 173.2 178.3 181.1 185.9 188.9 193.4 197.9 202.4 207 216.3 234.7 247.9 249.7 247.7 248.6
185.3 181 177.5 174.6 172.4 172.6 173.9 178.6 180.8 184.5 189.7 193.7 202.6 218.2 235.6 246 258.3 255.7 258.2 260.5 265.5 265.6 263.4 259.8 258.3 256.5 254.9 252.1 249.5 248.8 248.1 246.3 244.3 240.7 234.3 230.2 225.9 222.4 223.4 225.7 230.8 237.6 239.2 239.9 240.4 241 240 237.2 234.1 231.8 230.5 231.3 231.8 230.8 225 217.2 211.3 205.3 192.2 177.6 169.1 168.7 179.7 173.6 177.6 181.4 184.4 187.8 191.2 195.4 199.8 204.5 216.3 226.9 231.4 236.1 240.2 245.7
184.4 180.2 175.9 173.5 173.8 175.6 178.4 182.1 182.4 183.9 188.5 193.7 199.7 213.1 237 243.3 248.3 254.7 259.7 264.4 266.4 266.3 263.1 261.3 260.2 258.6 256.7 253.4 250.8 249.9 248.8 246.8 244.4 241.6 237.6 233.2 227.4 226 227.5 229 230.3 234.5 239.8 240.9 241.2 241.5 239.3 237 235.2 233.6 231.7 232 231.2 226.4 223.7 222.3 217.8 214.7 193.7 180.6 171.3 170.4 185.4 182.4 176 177.5 182 186.6 190.1 193.6 198.2 204.2 215.1 222.9 226.7 230.8 236.5 242.8
183.1 176.9 173.7 176.6 176.4 184.9 187.2 189.6 191.8 190.5 188.2 193.6 200.3 204.6 226.1 240.7 247.4 253.6 263.4 267.9 268.9 268.3 264.4 262.3 261.4 260.6 258.3 254.7 251.9 250.5 249.4 247.8 245 242.4 238.3 233.5 230.3 229.9 231 232.8 233.7 234.8 239.6 241.8 242.5 241.5 239.2 237.8 236.1 233.4 233 232.5 232.3 229.2 225.1 227.1 222.4 210.9 193.4 183.1 174.2 171.2 183.3 186 183.8 176.3 180.3 185.4 189.8 194.5 199.6 203.5 212.3 218.7 224.1 229.2 234.4 240.5
177.9 181.6 184.3 182.5 180.4 187.3 190.8 193.2 195.3 196.5 193.4 197.1 206.1 214.1 228.2 239.3 247.2 258.5 270 272.5 271.6 270 265.9 263.2 262.5 261.5 259.5 256.4 254 252.1 250.1 248.8 246 242.4 238.5 236.4 236.9 235.5 234.9 236.2 237 238.2 239.7 241.5 243.4 241.5 239.8 238.7 237 235.4 235.2 235.5 235 232.6 232.2 234.3 229.7 214.6 195.2 184.6 174.8 169.6 178.6 185.9 187 180 180.2 184.9 190.5 195.5 200.5 204.8 210.1 216.4 222.4 227.6 232.6 238.6
178.1 189.2 188.5 186.5 185.5 186.3 191.5 193.5 195.2 198.4 199.8 201.7 205.7 215.5 228.4 239.1 247.1 260.7 273.8 274.2 274 271.8 267.8 264 263.1 262.1 259.8 257.7 254.6 252.6 250.7 248.6 245.3 242.4 240.8 239.5 242.5 242.8 242 239.3 240.5 241.9 242.7 243.3 244.3 243 241.7 240 238.9 238.3 240 243.3 240.7 237.5 240 241.2 233.2 208.7 192 179.8 170 174.2 180.5 189.4 189.2 184.5 179.9 186.9 191.2 196.7 202.4 206.6 210.5 214.2 221 225.9 231 238.6
180.2 185.8 191.5 190.5 191.6 192.6 193.8 194.9 196.2 199.6 201 205.6 208.9 217.6 227 238.2 246.1 257.2 273 275.8 275.7 273.6 268.7 264.6 263.6 262.6 260.5 258.8 255.5 252.4 249.5 246.1 244.1 243.7 242.8 243.6 244.2 245.7 245.8 244.2 245 245.3 245.8 246.3 245.8 244.8 243.8 243.6 243.7 242.7 243.5 245.6 241.9 240 244.7 247.2 224.3 203.2 187 175.7 170 179.6 183.7 190.3 192.2 189.5 181.8 188 191.9 195.8 202.5 207.7 212.1 215.8 220.2 225.3 233 239.4
176.5 196.2 194.4 195.3 196.3 198.6 201.1 202.8 200.7 199.8 202.5 208.1 213.1 217.4 225.2 234.3 244.5 256 274.1 276.1 277.4 272.4 267.3 265.3 264.2 263.4 262.4 260.6 256.5 253.4 250.5 247.6 245.5 246 247.6 247.3 247 247.7 248.4 247.9 249.9 249.1 249 249.8 249.6 248.6 247.5 247.6 249.8 247.3 245.3 248.2 243 234.4 227 221.6 209.9 195.9 182.3 172.5 177.3 184.2 188.8 193.8 195.4 195.1 186 188.2 193.9 197.8 201.6 205.1 211.2 217.3 221.3 228.8 239.5 254.3
186.9 200.6 198.1 198.2 200.9 206 208.7 209 207.4 207.2 205.1 205.8 211.6 217.4 225 233.8 241.7 254.4 271.8 275.2 276 270.9 267.2 266 266.4 265.8 266.1 265.3 261.2 256.3 252.9 249.6 247.9 249.7 250.5 248.9 249.4 250.1 250.7 251.9 254.8 253.8 252.8 253.2 253.1 252.1 250.8 259.6 257.1 254.9 237.3 233.5 224.1 218.7 213.4 206.6 199.4 189.4 177.5 173.7 182.3 190 194.3 197.2 198.6 199.7 195.3 190.5 193.2 198.3 203.7 207.7 211 219.2 230.7 248 261.8 266.9
202.3 203.8 202 202.2 205.6 210.4 212.6 215.4 215.9 213.8 210.8 206.9 209.4 215.3 222.8 230.9 238.5 250.8 263.3 264.8 273.6 268.1 265.2 267.7 269.3 268.4 268.7 268.7 266.2 261.4 257.4 254 251.2 251.6 250.8 251.6 253.1 253.2 254.3 258.1 261.2 259.3 258.2 257.9 258.3 259.8 257.7 255.5 248 243.9 232.9 226.9 221.9 215.1 208.7 200.2 191.5 182.9 174 176.2 187.5 194.8 198.7 203.4 203.7 204.6 201.8 197.6 195.2 201.1 205.8 211.1 218.1 229.3 240.4 252.4 253.6 246.1
207.4 208.2 206.9 206.9 210 215.3 218.7 222.2 225.9 220.6 216.1 211.8 211 213.3 219.8 227.4 235.8 244.6 248.9 257.4 277.4 270.7 266.9 267.2 271 270.9 270.8 271.6 270.6 266.6 262.4 257 252.5 252.9 253.6 254.6 256.7 257.9 262.6 267.2 267.3 266 263.9 267.3 270.3 270 265 253.3 245 239 232.3 225.4 220.9 215 210.1 199.2 189.8 183 174.4 179.9 191.9 199 204.7 209.3 210.5 211.2 209.2 203.8 200.8 204.2 218.9 235.7 233.1 235.1 238.1 238.9 238.3 239.6
207 211.1 210.4 211.1 212.7 217.1 224.8 229 228.8 223.2 219.3 215.2 212.5 214.5 218 224.1 229.8 237.2 245.3 250.9 268.2 271.8 265.8 261.9 264.8 270.9 264.4 262.3 265.5 265.7 268.4 262.9 255.4 255.7 256.4 257.5 259.6 263.3 270.2 273 272.9 271.4 263 258.2 270 270.6 264.2 252.5 244.6 238.4 232.1 225.2 219.3 213.1 207.3 201.5 193.9 185.8 175.6 179.9 193.3 203 210.9 215.2 220.8 231.7 220.7 210.9 206.5 210 226.1 228 226.1 228.7 231.4 233.5 234.6 236.8
182.6 208.2 213.9 214.6 215.8 215.1 223 227.6 222.7 218.7 215.2 212 210.3 212.9 215.7 218.1 223.4 229.9 236.7 242.9 249.8 265.4 263.3 259.1 255.8 262.4 260.4 255.6 253.8 254.3 257.7 264.3 265.7 258.7 259.1 260.4 262.9 266.1 274.3 275.7 275.8 275.2 265.2 270.6 275.5 272.8 263.5 253.6 245 238.3 231.7 224.9 216.6 207.1 200.8 197.4 191.1 182.7 176.2 183.7 195.8 213 231.5 241.2 246 253.4 236.3 219.5 213 212.2 216.1 222.7 225.5 228.9 229.4 231.2 233.6 235.1
183.5 190.7 212.4 217.3 216.4 214.1 213.4 214.4 216.5 213.1 209.2 206 207.7 210.1 212 211.8 214.9 220.8 227.9 235.3 239.6 245.6 255 251 246.8 249.5 250.6 248.9 248.9 250.8 256 264.8 271.7 263.8 263.4 265.8 267.8 268.2 269.8 270.3 270.5 270.8 278.2 280.7 280.4 275.9 266.8 254 245.4 237 226.9 215.7 205.9 196.4 194.6 191.8 188.2 179.5 177.4 188 200 216.8 231 238.4 249.8 250.1 237.8 227.8 222.1 221.4 224.6 228.3 229.4 232.8 234 233.8 235.3 237.3
202.3 182.4 197.9 214.6 218 216.2 211.2 207.4 205.2 206.3 203 202.1 204.4 206.4 208 207.7 210.3 214.5 220.3 225.3 230.7 233.3 236.9 235.4 236.6 239 240.9 243.2 243.9 248 253.4 263.8 275.4 269.6 269.6 271.1 270.9 269.6 268.6 268.8 266.7 267 268.4 269.1 273.5 276.3 266.1 251.6 238.2 226.7 212.9 202.6 195.2 191.2 188.7 187.8 186.4 179.1 178.4 187.8 203 218.2 226.4 227.8 233.5 235.7 231.5 230.1 227.8 226.6 230.6 231 233.4 235 236.1 237.1 238.2 239.5
221.5 198.2 183.8 191.6 206.7 215.6 214.7 208.9 197.5 190.4 193.5 198.1 201.8 203.8 204.9 205.1 207.7 211.7 213.6 219.5 223.7 226.5 226.6 224.5 227.3 229.6 232.3 237 240.5 244.6 250.7 259.1 274.2 271.2 273.2 273.4 273.1 271.2 268.7 266.7 264.2 262.9 262.7 260.9 260.1 258.9 253.7 244 230.6 217.4 203.9 194.9 191.3 187.2 185.3 183.8 182.8 179.1 180.3 189.2 202.4 216.8 226.3 222.8 221.4 220.7 222.7 229.7 231.4 234.3 238.4 238.8 237.5 237.7 238.4 239.2 240.4 241.8
228.2 221 207.5 188.6 187 187.6 189.6 188.9 192 196.1 190.8 192.2 198.3 201.8 202.3 202.4 205.6 207.7 210.5 215.2 217.7 217.4 215.8 214.9 218 222.4 227.4 233.3 236.8 241.1 248.1 252.8 258.4 264.1 271.4 275.7 275.3 272.9 271.8 268.2 264.2 258.4 255.7 254.3 251.9 247.6 242.9 234.9 224 210.7 199.7 194 188.1 184.1 182.4 180.5 179.8 179 185.2 194.1 200.4 213.2 228.4 221.4 212.7 210.2 213.3 219.7 234.9 241.6 244.7 244.2 241.2 240.8 240.7 241.4 242.7 244.1
233.8 228.8 225.5 210.3 212.7 209.8 205.7 212.7 210.8 206.6 200.8 192.5 191 194.9 200.2 199.6 201.7 204.7 207.8 212.1 213.3 211 210.2 210.6 213.3 217.9 225 229.2 232.7 239.1 244.6 249.5 255.7 261 265.7 276.2 277.1 276.4 275.6 270.7 264 257.7 251.4 249.3 245.7 241.6 235.9 228.6 216.9 203.6 197.8 192.6 187 184.1 182.4 179.9 179.9 179.7 186.1 192.4 198.1 208.9 217.6 214.7 208.2 204 205.7 214.5 225.2 235.1 242.9 244.8 244.8 244.4 244.2 243.6 245.8 247.2
239.4 236.2 231.5 226 229.3 227.4 225.2 223.3 219.4 214.7 210.1 203.5 194.1 191 193.4 194.1 196.7 199.9 205.6 209 208.2 205.9 208.6 212.9 215.7 220.6 222.5 224.5 228.5 234.5 240.8 249.5 256.1 261.4 267 279 277 273.2 270.7 267.8 261.7 256.6 251.1 244.6 239.8 234.3 228.6 222.2 212.2 203.3 197.9 192.8 187.9 184.3 183.8 184.3 185 181.4 185 190.8 195.2 199.6 202.9 204.1 201.8 198.5 202.2 207.7 214.3 218.7 224.1 232.5 243 245.7 245.4 245.5 248.4 250.4
245.3 241.7 235.8 234.5 235.6 233.4 231 229.5 226.8 223.2 218.2 211.2 205 198.6 198 195.2 194.2 196.1 198.7 204.5 204.3 207.9 211 213.4 216.1 218.3 218.8 218.6 222.5 229.4 240.4 249.6 258.5 264.5 273.6 287 274.8 263.7 259.7 255.4 250.9 252.1 245.6 237.8 232.9 227.4 221 215.4 211.3 207.1 200.6 194.4 189.5 185 188 190.1 189.8 186.3 181.2 184 186.7 191.9 195.4 197.7 196.7 195.2 199.4 202.7 205.3 208 211.9 216.4 222.5 233 238.9 245.6 247.9 252.4
249.9 246.9 241.2 242.8 241.8 239.5 236.9 234.6 231.9 228.8 225 218.8 212.8 207 202.9 197.5 195.8 194.9 194.6 200.3 203.7 207.2 208.9 211.3 213.7 216 215.5 217.2 222.5 231.4 241.3 251.5 259.5 265.5 278.1 289.2 267.1 257.4 248.4 241.1 234.3 237.3 232.5 229.3 226.1 222.8 217.6 214.2 210.7 206.8 202 196.5 189.9 186.5 193.8 193.8 193.9 191.5 188.2 184.8 184.8 185.1 190.8 196.2 195.2 193.6 195.8 198.9 201.8 204.6 205.6 208.5 209.7 217.2 223.7 232.3 240.2 247.3
254 250.8 249.5 250.7 248.3 245.6 243.2 240.2 237.5 234.4 230.9 226.7 220.8 214.4 208.3 203 199.4 197.3 195.4 197.2 202.6 206.2 206.8 209.2 211.6 213 210.8 214.5 221.2 230.3 242.5 254.1 260.7 266.5 281.9 283.2 264.6 253.3 242.7 234.6 227.7 225.4 224.3 222.6 221.6 219.2 215.9 211.2 208 204.9 201.3 195.3 187.6 191.8 195.8 195.9 195.5 195.1 192.9 191.6 186.8 186.3 189.8 192.9 189.7 191.8 196.3 198.1 200 199.8 199.9 202.7 206.3 209.6 211.7 216.2 223.1 233.5
257.2 254.9 256 256.2 254.8 252.2 250 247.1 243.1 240 236.3 231.9 226.7 220.4 213.7 208.9 205 202.3 198.7 196.9 196.6 200.2 204.8 207.1 209.4 208.7 208.8 214.5 222.2 230.6 241.8 253 259.9 269.8 268.8 273.4 260.3 249.3 239.1 231 225.1 219.9 218.3 219.4 219 216.7 214.3 209.9 205.6 202.2 198.2 192.9 188.4 193.4 195.1 195.7 196.6 197.5 196 194 189.4 186.3 184.5 185.4 187.7 192.8 196.6 198.2 195.5 194.6 196 198.2 201.5 203.8 206.2 208 212.5 220.3
260.7 257.8 258.1 259.5 260.5 258.8 256.7 253.9 249.5 245.1 240.8 235.7 230.7 225 218.6 213.8 210.2 207.1 204.1 201.9 199.7 197.9 199.5 202.6 205.4 206.2 213.5 218.6 222.9 230.6 239.7 248.7 254.7 265.5 268.2 268.1 256.3 247 237.6 229.1 223.2 217.5 215.8 215.7 216.5 214.2 212 208.6 204.3 198 194.5 192.9 191.8 194.9 198.1 200.3 201.3 201.8 199.5 196.9 190.8 189.5 189.6 188.9 187.6 189.8 190.3 190.8 196.5 199 199.9 200.3 199.8 200.5 204.5 205.7 208.8 213.5
264.1 262.1 262.2 262.3 264.1 263.6 262.3 260.4 256.2 250.5 244.8 239.7 234.6 229.5 223.3 217 213.3 211.1 209 206.7 204.5 202.4 199.1 200.8 206.8 212.4 215.2 218.5 224 230.9 237.8 243.7 249.6 252.3 257.8 257.8 252.2 244.8 236.1 227.4 221.4 215.7 213.5 211.9 215 212.3 209.7 205.2 199.2 196.4 198.4 197.4 196.8 199.7 202.5 204.5 206.2 206.6 204.3 200 198.3 195.6 195.5 199.2 197.1 195.5 191.5 193.6 197.9 203.5 205.9 205.9 205.6 204.9 206.9 206.3 208.9 212.9
269.2 267.8 267.4 265.6 265.9 266.7 266.4 264.3 260.6 255.5 248.8 243.7 238.6 232.1 226 220.8 218.5 216.1 213.7 211.6 209.4 204.8 200.6 200.7 207.8 213.5 219.2 222.2 224.7 230.5 233.7 239.6 245.5 248.9 250.2 249 246.2 241.3 234 226.6 221 218.4 215.4 210 209.7 208.7 206.6 203.1 202.5 204.8 205 203.9 204.6 204.8 208.1 211.9 212.8 213.1 210.6 203.5 206.9 205.5 205.5 209.8 209.3 202 197.8 194.7 201.9 206.7 209.7 212 210.6 209.6 209.6 209.2 210.3 214
275.4 275.5 272 269.9 267.3 266.7 266.2 266.3 264.1 259.1 253.4 247.7 240.8 234 230.4 227 223.4 221.1 218.7 216.3 214.1 207.1 201.5 202.2 205.4 212.6 217.4 222.7 225.1 229.9 233.1 235.6 241.4 245.5 245.9 245.1 242.1 237.6 232.2 228.4 226.6 223.4 220.4 215.7 214 208.9 206.6 211.7 212.3 213.7 213.5 212.3 214.1 216.9 216.4 219.8 221.7 220.8 218.5 210.1 218.2 217.1 216.5 219.8 215.8 207.8 203.2 199.2 208.9 211.6 214.2 214.9 213.6 212.1 212.4 211.7 212.1 210.6
279.3 280.8 276.3 272.3 269.1 266.6 265.3 265.4 265.8 262.4 255.7 248.5 243.5 241.2 238.3 234.5 229.9 225.3 223.4 221.4 216.5 207.5 203.4 204.1 208.1 210.9 216.3 221.3 226 229.2 232.6 235.4 237.9 242.1 241.7 241.3 239.9 237.1 235 234.5 232.7 229.7 226.1 221.9 222.1 220.6 211.5 221.4 222.5 223.9 225.1 223.5 225.1 225.6 227.7 229.6 231.1 229.9 224.5 224.2 233.8 227.9 226.4 226.2 221.1 215.8 208.3 203.6 213.4 215.9 216.5 215.4 214.4 214.1 214.4 210.8 210.8 210.8
282.2 283.9 280.2 275.4 270.3 267.1 264.8 264.1 264.4 262.1 258.4 256.5 252.5 249.1 246.3 242 237.4 232.8 227.9 225.4 216.2 203.7 209.9 216.4 215.3 215.3 214.9 218.1 223.8 227.9 231.9 235.2 237.7 237.8 236.4 238.6 241.2 240.8 239.5 240.4 239.8 238 236.4 232.8 234 230.8 218.1 226.2 235.9 239.9 240.4 239.3 236.9 239 238.2 241.1 240.9 237.1 231.8 237.3 240.2 236.3 234.4 231.3 224.9 218.1 208.3 208 216.9 217.6 216.6 215.6 214.4 212.6 211.4 210.3 210.1 207.2
