public/OST50/SK27.asc
ncols 200
nrows 200
xllcorner 420000
yllcorner 370000
cellsize 50
[rows 140 to 174 of 200, columns 78 to 155 of 200]
140.4 136.6 145.1 155 159 157.8 155 150.4 145.9 143.8 142.1 141 139.4 137.4 134.4 132.6 124.8 113.8 112.7 113.7 116.1 124.4 130.3 134.4 136 136.4 137.4 138 137.4 136.7 139.2 142.8 148.4 155.5 165.9 180.6 195.2 198.4 201.5 203.4 206.2 209.3 209.7 199.2 181 158.3 143.8 132 132.9 135.7 140 144 147.6 152 158.8 165.7 175 187.6 198.9 206.8 215 221.8 237.7 254.5 267.3 274.1 278 276.2 273.1 269.6 271.1 272.9 272.8 271.1 271.4 275.7 279.5 284.4
139.2 142.3 151.5 160.4 158.5 155.9 152.8 148.9 143.7 140.1 137.9 137.3 136.3 134.8 134.1 131.7 124.9 114 113.6 113.7 116.7 124.6 130.7 134.1 134.9 133.9 134.2 134.6 133 135.5 138.4 141.7 146.5 152.2 159.6 170.6 184.2 190.2 193.2 196 200.3 206.9 207.8 193.9 174.3 152.6 137.2 129.6 133.5 136.6 140 144 148.3 153.2 159.2 165.1 176.3 189.7 200.7 207.9 215 221.6 235.9 254.4 266.5 274.8 276.7 274.6 271.7 268 268 270.1 271.5 269.8 267.3 270.4 274.6 277.7
145.8 148.7 154.9 157.7 156.5 153.9 150.5 146.9 142.5 138.6 135.3 133.5 132.8 132.1 131.1 130.5 126.9 114.2 113.4 114.5 116.5 123.1 129.3 133.4 133.2 131.7 130.5 130.8 132.6 137.6 141.8 141.8 144.3 147.3 153 159.8 169.7 179.5 184.5 187.9 196.4 204.3 205.1 189.2 169.8 146.8 130.2 129.5 133.1 136 139.4 143.7 147.7 151.9 158.5 164.6 176.9 189.1 200.6 208.1 213.3 221.6 237.9 254.2 266.4 273.9 275.6 271.8 268.7 265.9 264.8 265.8 268.5 268.6 265.3 264.7 267 270.6
159.2 161.5 161.4 157.6 155.1 151.6 147.9 144.6 141.5 137.5 133.5 129.9 129.3 128.1 127.4 127.3 124.8 116.6 113.3 114.4 116 120.4 127.6 132 131.7 130.3 128.9 127.9 132.6 142.9 142.5 141.1 142.4 145.3 149 154.9 160.4 166.3 175.6 185.8 193.3 200.9 198 182.2 163.3 143 126 129.1 132.4 135.3 139 142.6 146.6 150.9 157.4 164.4 174.9 188.1 199.1 206.3 213.1 221.8 236.1 252.2 267.1 274.4 273.5 269.5 265.7 262.9 261.4 261.7 262.5 264.5 263.8 260.9 260.3 262.7
173.5 169.1 165.7 161.2 156.1 150.4 145.9 142.8 139.7 136.2 131.9 127.8 125.8 124.4 123.9 124.4 125.4 120.1 113 113.9 115.5 116.8 125 130.6 130.9 129.8 128.3 125.4 130.8 141.9 142 140.2 141 144.2 148.5 153.1 156.2 162.1 172.7 185.4 189.2 196.7 192.9 174.7 155.9 139.5 129.7 128.5 131.4 134.6 138.4 142 145 149.2 155.7 162.7 172.9 187.2 198 206.2 212.2 219.4 232.3 247.2 264.6 272.9 271.8 268.2 263.4 260.9 259.5 258.1 257.8 258.3 259.3 259.1 254.5 253.3
175.7 171.3 167.3 162.2 156.5 151.3 144.7 140.3 136.3 133.1 130 127 124.8 123.5 122.6 122.6 125.4 121.9 113 113.4 114.5 116 121.3 127.7 129.7 129.5 126.6 124.5 127.1 136.1 140.9 139.4 140.4 144.6 148 149.5 153 158.5 167.7 181.7 187.7 191.7 187.5 170.9 152.1 135.7 128.9 128.2 130.9 133.8 137 139.8 143 146.8 152.8 159.7 170.4 183.8 194.5 203.7 211.1 218.3 230 245.5 264.5 270.3 270 267.6 263.3 259.3 256.8 255.3 252.9 254.5 255 256.3 254 248
175.2 170.8 166.6 161.7 156.5 151 144.4 138.7 134.7 132 129.6 127.8 125 123.3 122 121.8 123.2 123 117.7 112 114.3 114.6 117.1 123.7 126.4 126.2 123.8 122.2 123.4 129.2 133.9 133.3 136.9 141.5 143.5 146.1 150.2 153.8 161.1 172.5 184.5 188.4 183 165.1 142.9 126.5 125.9 127.6 130.9 133 135.3 138 140.9 144.3 150.3 158.6 168.2 179 189.7 200.3 209.4 214.3 226.1 240.6 253.6 263.4 265.9 265.4 262.6 258 254.7 252.4 250.4 249.6 250.7 252.4 252.6 247.4
173.2 169.4 165.4 160.8 155.4 148.2 148.7 145.7 141.2 136.9 133.1 129.7 126 123.7 121.8 120.4 120.4 120.8 119.7 115.4 113.6 113.6 115.4 119.8 122.9 123.1 120.9 120 121.2 122.8 125.3 129.9 135.1 138.1 140 142.2 144.7 146.9 151.7 162.6 173.2 181.8 173.3 156.9 135.3 120 124.5 127.2 129.7 131.7 134.2 136.9 139.8 143.2 147.5 155.1 162.4 174.1 185.5 197 203 209.1 219.8 236.6 244.2 250.9 260 260 259.2 256 252.6 250.1 248.1 246.3 245.6 247.6 250 246.9
171 167.4 164.2 160.2 154.8 157.5 160.1 154.1 147.5 141.8 137.2 133 128.2 124.3 121.8 120.4 119.1 117.8 119.1 118.1 113.9 112.9 114.4 115.4 119.7 119.1 118.3 118.8 120 122.4 126.3 130.5 133.4 134.8 135.7 138 139 141.5 143.9 149.6 158.4 162.3 158.1 145.5 129.1 119.1 123 125.7 128 130.8 132.7 134.9 137.2 140.7 143.8 148.1 154.5 167 178.8 188.5 196 203.3 212.3 227.4 234.5 240 247.2 252.8 252 250.1 247.7 245.7 243.3 240.5 241.1 243.2 246.7 244.1
168.9 166 162.8 160.8 158.3 162.2 166.8 160.4 152.8 146.4 140.3 135.5 129.3 124.9 122.5 121.5 120.4 118.1 118.3 117.6 115.1 111.8 112.7 113.8 116 116.8 117.2 118 119.4 122.2 125.6 129.1 130.8 132.2 134.6 135.5 135.4 136 136.2 138.9 144 146.6 143.7 133.9 119.4 118.7 121.4 123.8 126.3 128.8 130 132 134.5 136.9 139.4 142.9 147.8 158 168.1 177.2 184.6 191.5 198.5 207.4 218.9 228.6 235 242.3 248.7 246.6 244.7 241.2 238 236.6 237.7 239.1 243.1 240.6
168.3 167.2 165.9 163.7 161.2 161.1 163.6 164.9 160.2 150.1 142.7 136.5 130.5 126.5 124.3 122.2 121.8 121.2 121.1 121.7 121.5 115.9 109.8 111.5 113.4 115.7 117.9 118.8 120 121.7 124.1 126.1 128.5 133 133.4 132.9 132.5 131.3 131 130.5 131.7 133.2 130.5 121.8 118.4 118.7 119.3 121.4 122.4 123.3 125.2 126.5 129.9 132.7 135.3 138.6 143.4 150.6 158.8 166.4 171.7 179.9 187.1 194.4 204.6 217.3 224.2 233 242.3 244.3 241.7 239.1 235.9 233.5 233.6 234 236.9 237.4
171.3 170.4 168.9 166.2 163.5 160.5 158.8 160.8 159.9 152.4 143.3 134.6 130.5 128.2 126 123.5 124 123.8 123.5 124.5 123.9 120.4 113 108.5 113.7 114.2 117.2 118.5 119.9 121.3 123.2 125 129.8 132.4 131.9 132 130.9 129.5 127.1 125.5 125.5 124.8 119.1 117 118.2 119.4 120 122.6 121.7 124.3 126.2 127.4 127.9 129.5 133.9 136.8 141.3 147 152.5 158.4 165.8 172.6 178.9 185.8 196 206.7 213.3 221.2 230.6 240.4 239.4 237.1 233.9 231 228.7 229.6 228.9 232.5
174.9 173.4 171.5 168.7 166 162.5 158.6 155 151.9 146.8 139.4 134.3 131.3 129.4 127.1 124.5 125.8 126.1 126.5 126.6 125.3 122.7 117.4 112.3 112.2 113.8 114.3 116.3 117.5 119.3 121.1 124.8 128.3 129.5 129.1 130.8 130.8 128.2 125.7 123.6 122.1 122.1 116.8 116.6 117.9 120.9 122.2 124.4 124.9 125.6 127.2 128.1 129.2 129.4 132.5 136.3 139.4 143.5 148.9 154.3 160 166.8 173.6 182.2 188 195.2 204.1 210.6 217.3 228.3 236.9 234.5 231.9 228.6 225.6 224.2 223.6 225.7
176.6 175.5 173.7 171.8 168.6 165 161.3 157.1 152.8 147.9 140.9 135.7 132.1 129.5 127.4 125.8 127.5 128.7 129.3 128.4 127.1 125.1 121.1 115.3 109.7 112.6 114.2 114.8 114.6 114.7 117.4 121.1 124.2 125.6 127.2 129.3 129.2 127.5 124.7 122.2 120.9 119.7 116.4 116.6 117.3 121 121.7 123.9 125.7 127.3 128.8 130.6 131.8 132.1 131.7 135.4 138.9 141.8 145.5 150.7 155.6 162.8 171.9 179.1 182.9 186.2 193.5 200.2 205.4 214.1 222.7 227.8 228.6 225.8 222.4 219.2 218.8 218
172.1 172.7 173 171.9 169.1 166.5 162.5 159.1 154.6 149.9 144.5 138.4 133.6 130.4 128.6 128.1 129.8 130.6 131 130.1 128.8 126.8 123.4 117.7 112.3 111.6 113.4 113.6 114 114 114.1 115 120.9 123.8 125.5 126.1 125.7 124 122.2 120.5 119.4 117.5 116.5 116.5 119.9 120.6 122.3 125.3 126.5 128 129.6 132 134 133.6 134.2 136.7 139.1 141.8 144.8 148.2 151.6 158.7 166.5 173.4 177.9 181.4 184.2 191.9 197.5 204 211.5 216.4 221.7 222.6 219.4 214.8 212.3 213.4
166.2 170.7 172.5 171.5 168.7 165.3 161.3 157.6 153.9 150.4 146.5 141.8 136.7 133.1 131.6 131.5 132.5 132.6 133 132.4 130.5 128.1 124.9 119.6 114.4 110 111.6 113.7 113.4 113.6 114 114 114.9 120.7 123.2 124.1 121.8 118.1 117.8 116.4 115.3 114.6 116.8 119.4 121 121.5 124.3 126.1 128.1 129.2 130.4 132.9 134.8 135.7 134.7 140.2 142.8 142.7 145.2 149.7 152.5 155.8 157.7 164.9 172.1 177.3 180.9 184.9 188.7 195.2 201.4 207.3 212.9 216.9 214.5 210.6 207.5 207.1
161.8 167.3 168.9 167.9 167.6 164.1 159.2 155.1 151.7 148.1 144.8 142.1 138.4 135.5 135.1 134.5 134.6 134.9 135 133.9 131.2 127.6 123.1 119.1 115.8 112.1 110.9 112.1 112.9 112.6 112.8 113.4 114.5 116.2 119.8 121.6 118.9 114.8 113.7 113.7 114.1 114.7 118 120.2 121 122.4 124.2 125.9 127.6 129.6 131.3 132.2 133.5 136.5 137.9 142.9 147 147.7 144.4 146.9 154.1 159.4 162.5 163.7 165.6 168.3 172.4 175.1 179.3 183.3 186.4 187.1 203 203.2 202.2 199.1 201.3 203
156.9 161.2 165.2 166.2 165.3 162.2 158 153.9 150.5 147 143.5 140.5 138.5 136.5 136.3 136.4 136.8 136.7 136.2 134.3 130.4 127.4 124.1 120.7 117.4 114.7 111.3 108.6 112.7 112.6 112.2 113 113.3 113.4 116.3 120.7 117.8 114.3 113.5 114 114.3 116.8 118.1 120 121.5 122.6 124 125.6 127.2 129.3 130.3 132.9 134.9 138.7 142.2 145.1 149.6 151.9 151.1 150.7 153.9 161.3 165.8 169.7 171.9 169.7 173.2 180.3 184.6 187.3 190.1 191.1 190.1 191.8 191.5 190.2 194 198
151.5 155.1 161.2 163.3 162.5 160 156.6 152.9 150.2 147.1 144.3 142.3 140.3 139.5 138.2 137.5 136.4 135.6 134.2 132.1 129.3 125.8 123 120.2 117.6 113.5 112 110.4 111.7 112.4 112.4 112.6 113.1 112.9 112.2 114.5 114.3 113.6 113.7 114.3 116.1 117.6 119.3 120.4 121.4 122.5 124.1 126 128 130.4 131.6 134.4 138.5 141.5 145.8 149.9 153.9 156.7 159 160.6 163 165.6 169.4 174.3 176.3 176.6 179 182.8 185.9 187.1 189.3 193.9 196.4 198.6 198.2 195.3 191.4 193.8
145.9 149.4 159.1 162.2 161.4 158.3 155.1 152.3 149.8 147.8 145.9 144.2 143.1 141.5 140.6 139.3 137.2 134.5 131.6 129.4 126.2 123.6 121.3 119.1 116.4 113.3 112.5 111.4 109.6 112.1 112.4 112.3 112 112 112.4 112.8 112.9 113.4 116.1 116.8 116.5 117.7 119.1 120.1 121.1 123.3 125 127.2 130.4 132 135.5 137.3 142 149.5 152.7 156.3 159.4 162 164.2 166.8 169.8 172 174.1 177 179.1 181.4 184.4 188.2 192 196.2 205 209.5 208.7 206.9 204.9 201.4 198.9 199
139.9 145.8 158.7 164.9 163.4 159.8 156.2 153.4 150.8 149.2 147.9 146.5 145.5 144.2 143.5 142.2 140.5 137.6 134.3 130.7 126.7 124.2 121 117.9 115.2 112.6 112.6 111.2 110 111.7 112 111.6 110.9 110.9 111.2 111.5 112.1 113.7 115.7 117.6 117.1 117.4 118.9 119.9 121.5 123.4 126 128.5 131.3 134.5 139.6 144.4 148.9 154.8 159.6 162.6 165.8 168.4 170 172.3 175.4 178.8 181.9 184.6 186.5 189.7 193.5 199.3 204 215 221.3 218.1 213.4 210.7 208.3 208.3 209 207.6
136 143.6 158.9 165.7 163.8 159.7 156.1 153.1 151.3 149.9 149 148 147.1 146 144.3 142.7 141.7 139.2 136.2 132.4 128.3 124.7 121.2 118.1 115.2 112.8 112.6 110.6 109.9 111 111.3 111.3 111.1 110.7 111.2 111.7 112.3 112.1 115.7 117.6 117 117.6 119 119.9 122 124.1 126.6 129.2 132.7 135.8 143.8 150.8 155.9 160.3 164.5 169.1 171.9 174.4 176.7 178.4 181.9 185.9 189 191.6 193.9 197.8 202.9 212.3 224.1 223.8 221.7 218.7 215.2 214 215.1 216.6 216.5 211.3
133.2 139.2 153.4 162.4 161.3 158.3 155.8 152.7 151.5 150.2 149.7 149 148.1 146.9 144.7 142.1 139.9 137.9 135.3 131.8 128.5 124.7 121.2 118.1 113.3 112.6 112.4 111.5 109.7 109.9 111.1 111.1 110.6 110.8 111 111.2 111.1 111.5 113.2 117 116.6 117.8 119 120.2 122.5 125.2 128.1 131.5 134.7 138.9 146.7 152.8 158.3 165.1 170.6 173.2 176.2 180.1 182.9 186.4 188.6 192.4 196.3 199 202.2 208.1 216.2 221.6 224.8 224.3 221.6 219.8 219.3 220.8 222.6 222.5 217.5 211.6
131 138.9 156.2 162.7 160.4 157.2 154.6 152.4 151.4 150 149.1 148.2 147.1 145.8 142 138.3 134.9 131.2 127.9 126.3 125.4 122.5 119.9 117.3 113.2 112.6 111.9 110.5 109.3 109.4 111.2 111.3 110.8 110.6 110.7 110.8 110.9 111.3 113 115.7 116.9 118 119.4 121.3 123.7 126.5 129.4 133.1 137 141.5 150.4 155.4 161.7 169.7 172.7 176.2 181.6 185.7 190.4 192.7 195.5 198.9 203.4 209 218.1 219.8 221.2 221.5 225 224.4 223.5 224 225.8 227.2 226.8 222.5 217.6 216
129.3 138.3 156.1 163.2 160.7 156.9 153.9 152.2 150.7 148.7 146.7 145 142.5 139.9 136.7 133.2 128.9 123.5 119 116 117.8 117.9 116.6 115.5 113.2 113.1 112.6 110 109.8 109.2 111.2 111.1 111 110.7 110.6 110.6 110.2 110.9 113 116.4 117.4 118.6 120 122.5 124.9 128.1 131.3 134.4 137.8 144.8 153 158.4 167.5 171.7 176.1 181.5 187.1 194.1 199.2 199.2 203 205.8 214.6 219.8 220.6 221.6 223.3 225.1 226.7 227.6 226.6 227.9 230.4 230 227.4 222.7 222.2 225.2
126.6 131.8 143.8 152.9 158.4 157.2 154.2 151.9 150 147.7 144.7 139.8 136.2 133.1 128.4 124.8 120.8 117.8 120.4 122.8 120.2 117.3 114.7 114.1 114 113.3 113 111.8 110.7 108.5 110.6 111 111 110.9 110.6 110.3 110.5 110.6 112.7 116 117.6 119.1 120.6 123.4 126.2 128.9 131.6 135 141.2 148.1 155 162.4 168.5 173.7 180 186.9 194 201.4 206.7 209.7 212.3 212.2 214.6 218.1 221.2 223.7 226.1 227.5 229 230.4 228.9 231.8 231.9 230.9 227.1 225.4 228.4 231.1
124.9 124.9 131.1 139.2 146.1 150.3 150.8 150.2 147.6 144 139.4 134.5 130.8 125.8 121 118.5 124.3 129.3 132.1 130.4 127.4 123.7 120.1 116.5 114.8 114 112.5 112.3 111.9 109.6 110 110.9 110.9 110.8 109.7 110.7 110.3 110.6 113.2 116 117.7 119.5 121.5 124.4 127 129.9 133.2 138.3 145.2 150.8 157.7 165 170.4 177.7 183.5 191.9 200 208.1 218.8 227.1 223.6 219.7 218.6 217.5 222.5 225.6 227.3 229.4 231.3 230.4 230.3 232.3 233.2 234.6 233.2 232.3 234.5 235.9
123.6 123.2 123.6 124.6 130 136.5 140.1 141 139.4 135.7 132.1 128.3 123.2 119.2 125.7 134 135.5 135.1 132.8 129.8 126.7 123.3 119.6 117.4 115.2 113.4 113.3 113.1 112.1 111.1 107.5 110.7 110.8 109.9 110.5 110.3 109.9 110.1 112.3 115.4 117.4 119.3 122.2 125.2 128 130.3 134.2 141.2 147.9 152.9 159.7 166.3 173.3 179.8 188.7 195.7 204.7 217.2 230.1 233.2 230.3 225.2 223 221 226.2 228 229.9 231.4 231.6 231.8 232.1 234.5 237.2 238.3 237.8 237.6 240.3 242.2
123.1 122.8 123 122.5 122.1 124.1 126.5 129.2 128.3 124 120.9 121.3 123.6 128.8 134.7 135.7 134.6 132.5 130.3 127.6 124.6 121.4 117.7 115.6 114 113.4 113 112.7 112 111 108.3 110.7 110.7 110.6 110.3 110.7 110.3 110.1 112.8 114.6 116.8 119.2 122.2 125.2 128.5 132.4 135.9 142.3 148.8 154.8 161.7 167.1 175.3 183.5 191.3 198 211 224.3 232.7 232.6 231.2 228.7 225.6 226.3 229.5 230.6 230.6 231.6 233.1 234.2 234.6 237.6 239.5 240.4 242.2 243.9 245.4 249.3
123.9 123.3 122.8 124.1 128.1 127.7 125.4 125.1 126.5 130.7 134.3 136.8 134.3 132.2 134.9 134.7 132.9 130.2 127.4 123.9 121.1 118 115.5 114.5 113.9 113.4 112.7 112.4 112.5 111.6 109.7 110.2 110.7 110.7 109.8 110.6 110.2 109.8 111.1 112.4 115.4 118.6 121.3 124.8 128.7 132.7 136.8 143 148.2 155.5 162.1 167.8 175.9 186.4 193.4 202.9 217.9 230.2 232 231.3 230.6 230.1 227.9 228 228.6 229.5 230.5 232.9 234.8 236.7 238.3 241.3 244.1 245.2 247.2 248.5 252.3 258.6
125.9 131.8 137.2 138.9 137.9 138.2 139.6 141.7 143.9 145.5 144 141.8 138.6 136.3 136.7 135.3 133.3 130.5 126.2 122 118.6 116.5 116.6 116.6 115.5 113.1 113.6 113.7 113.2 112.1 110.3 109.2 109.9 110 110.8 110.4 109.9 109.7 109.4 112.6 113 117.7 120.3 124.2 127.9 130.9 134.7 141.5 148.7 156.3 162.4 168.7 177.8 186.5 195.4 206.5 224.1 230.5 230.9 231 231.4 231.4 230.2 230.6 231.1 231.2 232.6 235 236.6 239.2 241.1 244.4 246.8 249.1 251.8 255.1 264.5 270.7
135.5 133.7 143.7 148.7 150.2 150.6 152.2 153.7 151.4 150 147.4 145.3 142.2 140.6 139.6 139.1 136.7 133.7 129.2 123.5 119.3 118.1 118.1 117.8 116.2 115.8 115.4 114.2 113.4 112.7 110.6 109.1 109.6 109.1 109.1 109.8 108.9 109.9 109.1 111.2 112.7 117.4 120.1 123.1 127.3 131.4 135.8 141.7 149.1 156.8 163.2 169.2 178.3 187 200.9 213.1 226.6 230.3 230.8 231.8 231.9 231.5 231.5 231.7 233.8 234 235 238 240.5 242 244.3 248 249.5 251.9 256.9 269.6 274.6 273.3
144.4 141.4 143.7 152.7 155.3 155.6 156 156.3 155.1 153.6 151.3 148 146 145.1 144.6 144.1 141.5 137.9 131.7 125.1 120.9 120.3 119.1 119.1 117.9 117.2 116 114.7 113.6 113.1 110.8 108.6 109.3 109.4 108.8 108.9 109.7 109.8 108.7 110.2 112.7 117.7 120.2 123.5 127 131.8 136.6 142.9 149.4 157.1 163.5 169.4 178.4 190.5 207.9 219.7 227.3 230.3 231.7 232.3 231.9 232.6 232.9 233.9 236 236.4 237.8 241 242.8 245.1 249.4 251.2 254.4 258.1 269.3 276.3 275 273.1
155.6 151 146.6 149.2 156.3 156.7 156.6 157.2 157.2 156.1 154 150.1 149 149.6 149.6 149.2 147.1 143.2 136.8 129.8 124.4 121.7 121 120.2 118.8 117.8 116.6 115.4 114.1 113.2 111.4 110.1 109.7 109 108.4 110 109.7 109.6 108.6 109.3 112.8 117 119.9 123 126.2 130.5 135.7 142.3 149.2 157 164.2 171.1 178.4 195.8 212.6 223.3 228.8 231.5 232.6 232.3 233.2 233.9 234.9 236.4 238.6 240.1 240.3 243.5 247.6 250.1 252.4 255.3 263.1 272.4 277.9 278.5 277.9 276.3
168.8 164.7 160.1 155.1 154.5 156.9 157.7 158 158.3 157.9 156.2 154.6 153.7 154 154.2 153.7 152.4 148.2 141.9 134.6 128.2 124.7 122.9 121.6 119.5 117.8 117.3 116.3 114.9 113.4 111.1 110 106.9 109.2 109.1 109.9 109.5 109.2 108.5 109.2 113.1 116.4 118.1 120.5 123.4 127.1 131 138.6 149.2 158.9 164.6 173 182.5 201.8 217 225.3 228.5 231.8 233 233.1 234.7 235.8 237 238.8 240.5 242.8 245.3 248.5 250.9 253.7 258.7 265.7 274.3 281 281.6 281.1 279.7 277.8
