public/OST50/SK27.asc
ncols 200
nrows 200
xllcorner 420000
yllcorner 370000
cellsize 50
[rows 70 to 104 of 200, columns 0 to 77 of 200]
298.2 298.1 298.4 298.1 297.6 296.4 295.8 296.5 297.7 298 298.5 298.8 298.9 298 297.9 297.1 295 294.5 294 292.8 290 286.5 282.7 279.2 274.9 269.7 264.2 258.3 252.9 247.9 244.4 242.7 244.7 246.7 248.3 248.6 246.5 244.6 242.6 238.8 238.6 238.2 242.5 246.7 251.9 253.3 258 270 278.2 282.4 283.9 286.2 293.7 298.8 300 302.9 309.6 319.1 321.7 322.3 319.4 313.3 306.8 300.1 292.5 284.4 279.3 271.3 261.7 250 239.5 229.2 217.4 204.2 192 180.9 170.3 160.4
298.7 299 299.5 299.9 298.6 297 294 293.5 294.8 294.5 295.8 296.8 297.1 296.1 296.2 295.4 293.6 292.8 293.4 291.9 289.6 286.3 282.4 278.3 273.6 268.6 262.3 256.6 250.9 245.8 243.5 242.1 243.2 242.9 244.5 246.7 245.7 242.5 240.1 236.2 234.8 236.9 240.5 244.2 246.1 246 247.3 251.4 257.4 261.2 265.3 272 280 289.2 291 293.4 297 307.3 314.5 315.1 313.1 309.5 304.5 299.2 291.8 284.7 278 269.9 259.6 246.1 232.7 221.1 211.5 199.7 188.8 178.2 169.2 160.5
298.3 299.2 300 300.8 299.6 298.2 295.1 291.1 291 290.7 293.8 294.3 294.3 295.1 294.9 294.5 292.2 290.4 291.9 291.3 288.7 285.5 282 277.9 273.2 267.9 262.1 255.8 249.7 243.2 240.2 235.2 236.1 240.3 242.8 244.9 244.2 241.6 237.6 233.5 233.5 237.6 240.5 240.6 240.8 238.6 239.2 241 240.4 242.1 244.7 251.5 261.8 270.7 277.1 282.8 287.9 292 298.7 301.7 298.4 297.5 296 293.8 289.1 282.4 274.8 266.1 255.4 242.2 229.1 218.8 209.4 197.1 185.1 173.3 164 156.8
298.6 298.9 299.4 299.4 299.2 299.2 296.3 292 287.9 287.5 291.5 292.4 292.3 292.4 294.1 293.3 290.8 287.9 288.3 288.6 287.1 284.7 281.7 277.8 273.2 268.4 262.6 256.3 249 240.3 234.5 218.2 225 235.8 242.5 245 245 243 238.6 228.1 235.4 240.4 241.2 238.8 234.6 233.2 230.8 230.1 230.1 228 230.5 235.3 241.1 249.3 257.7 269 278.7 284.2 286.5 287.4 287 284.6 284.5 284.9 282.7 277 267.9 258.9 247.9 238.7 226.6 216.1 206.9 196.8 185.8 175.1 165.3 156.7
299.4 299.6 300.2 299.6 299.2 298.6 297 294.6 290.3 284.8 285.6 288.8 290.6 290 291.9 287.8 282.5 280.7 285.4 286.4 284.9 282.2 279.5 276.5 273.9 268.6 262.9 256.8 248.4 236 223.6 208.7 213.4 233.3 244.5 247.8 248 247.4 241 224.5 237.9 243.4 242.6 237.7 232.6 229.2 225.3 221.5 220.1 218.5 218.9 223.4 225.6 229.6 239.8 252.3 265.8 276.1 277.8 278.8 277.6 275.3 273.4 273.7 274.7 272 263.9 252.5 241.7 233.2 223.7 213.1 202.1 193.1 182.7 172.2 162.2 155.2
299.1 300.2 300.4 299.3 298.2 298.2 298.2 297.4 293.5 288 281.4 283.7 287.8 287.8 287 282 275 276.8 278.7 282.5 280.8 278.3 275.4 273 270.6 267.7 263.2 256.1 246.9 236.9 223.3 215.5 222.7 238.2 248.6 250.8 252.2 248.9 235.4 217 244.3 249.9 243 236.9 231.4 226.6 222.3 215.9 210.4 211.6 210.2 212 213.7 217.5 221.4 234.7 249 260.2 269.3 272.4 270.8 268 265.1 263.4 264.6 264.9 260.9 251.7 239.8 229.4 221.9 210.8 199 187.6 178 168.4 158.6 151.5
293.2 295.4 296.3 296.1 295.7 296.6 299.4 300.5 295.6 290.3 283.4 276.5 283.2 285.7 284.2 279.7 238.5 236.1 272.5 276.7 276.5 273.4 270.1 267.3 265.2 263.4 260.8 257.4 249.2 239.5 225.4 216.8 229.9 242.2 250.3 254.8 251.5 243.8 228.8 216.8 247.1 250.9 244.1 237.5 232.2 226.3 221.8 217.5 210.5 205.3 203.2 202.7 206.5 206.5 209 217.9 229.5 241.3 252.5 261.6 266.5 262.7 258.5 255.6 255.9 258.5 255.2 248 240.3 232.7 222.5 210.7 197.8 185.3 174.1 164.4 155.7 149.1
284.1 286.7 287.7 288.4 290 291.5 293.1 293.8 292 288.6 283.8 273.6 274.1 278.4 267.7 262.7 237.2 234.2 252.1 265 266.6 266.1 263.7 261.9 260.4 258.7 257.3 254.8 251.3 248 229 218.9 230.2 245.8 250.7 251.9 246.7 236.1 216.8 225.6 246.2 253.3 249.4 243.2 235.4 228.7 224.6 221.9 216.3 204.5 198 193.9 199 197.9 200.9 204 210.5 221.2 231.8 245.2 258 258.7 253.1 249.8 249 251 250.1 244.4 237.1 230.8 222.7 211.8 199 186 172.2 163.1 156 149.1
272.3 275.6 276.1 276.4 280.6 283.8 285.7 284.2 281.6 277.5 272.6 269.1 262.5 265.8 270.5 263.4 253.6 238.9 230.5 250.6 263.1 259.5 259 258.4 256.3 255.7 254.6 253.2 249.7 247.2 232.7 219.4 227.6 243.5 246 247.2 246.8 228.3 203.3 237.5 250.2 255.5 253 248 240.3 231.7 226.9 222.9 217.6 214.5 208.2 194.2 188.5 191.2 191.9 194.2 196.8 203.6 212.7 225.8 240.4 252.1 249.5 241.6 241.5 243.8 245.8 241.3 234.8 227.8 220.1 211.1 199.4 185.1 171.3 162.3 157.6 152
265 256.7 253.7 258.8 258.4 269.5 274.1 272.7 267.3 261 259.3 250.5 246.5 242.6 245.1 249.9 261.4 254.9 230.4 232.2 257.2 258.8 259 254.2 252.6 252.8 251.6 251 248.2 244.1 234.1 213.9 226.2 241.1 241.3 241.9 235.4 204.2 217.6 244.6 251.8 253.1 251.7 247.3 240.9 235 229.1 224.8 222.1 221.8 219.3 207.9 193.1 186.8 183.9 185.7 187.8 192.9 198.6 207.4 221.5 234.7 243.1 239.4 233.6 236.3 239 239.3 234.9 227.7 217.6 208.4 197.1 184.2 171.8 163.5 158.1 152.9
284.2 279.6 276.3 271.5 264.9 253.4 246.6 246.1 246 247.1 244 242.4 239.5 232.8 222 213.9 227 227.9 229.6 242.4 257.8 255 250.7 247.5 245.1 238.8 226.5 221.4 225.3 241.8 236.4 212.6 214.7 230.5 233.8 234.1 219.7 186 216.3 243.6 247.2 249.7 248.8 246.8 242.1 239 235.1 228.7 225.2 222.6 221.8 221.4 207.6 195.6 182.9 178.2 179.1 182.4 188.2 192.9 201.4 215.6 226.6 232.1 229.6 229.3 232.5 235.3 234.1 227.7 218.4 210.5 200.2 189 176.8 168 160.6 155.2
295.4 293.8 289.7 287.3 285.7 281.2 278.1 277.2 277.1 276.7 275.2 271.9 269 262.9 252.5 239.4 225 211.9 210.2 208.4 222 252.9 250.8 245.9 219.1 202.5 189.5 183.1 191.3 207.5 234 211.1 204 221 225.3 215.2 196 196 226.7 240.3 242.4 244.7 245.3 243.7 242.6 241.4 239.2 234.3 228.6 223.9 221.2 221.8 222 209.9 194.2 179.3 170.9 171.8 177.6 182.1 189.2 197 208.9 217.5 222.2 223.8 226.4 227.8 227.7 224.7 218.2 208.8 198.9 190.2 179.1 169.4 161.6 156.4
300.9 301.4 300.8 297.9 296.2 294.4 294.9 296.8 297.8 297.1 295.7 292.1 287.8 283.4 277.1 269.9 258.8 245 227.4 209.2 206.6 210.4 245.3 220.5 192.8 193.1 207.7 211.1 204.1 184.7 186.1 195.4 200 206.5 209.1 198.1 190.8 225.3 234.1 235.2 235.9 238.2 238.1 238.2 238.1 238.8 237.5 236.4 233.7 220.1 218.8 222.8 222.9 219.8 209.1 188.6 171.8 166.2 170.8 173.3 178.5 184.8 190.5 200.3 209.8 217.2 221.9 221.5 221.6 220.8 215.2 208.7 199 188.1 177.8 167.8 160.6 156
303.5 305.7 306.2 305.4 304.2 304.7 305.9 308.2 308.9 309.1 307.2 304.7 301.4 296.6 290 281.9 273.3 264.6 257.1 236 215.5 202.2 206.5 195 207.8 221.5 244.9 245.2 205.9 201.8 201.4 189.6 181.9 184.2 190.3 185.1 186 205.2 209.9 213.2 208.6 197.2 202.5 206.3 210 227.5 233.7 234.6 234.3 215.7 213.2 224.5 224 221.4 215.4 197.9 180.4 166 163.1 167.4 169.7 173.1 177.7 182.6 195.8 207 216.1 217 215.9 215.6 213.1 209 202 192.6 182.9 173.3 165.2 160.1
303.4 306.3 308.9 309.4 310.1 310.7 311.9 313.1 314.2 313.6 311.9 309.3 305.3 300.9 294.7 287.8 278.3 270.6 262.6 256.5 232.4 216.6 208.2 212.4 221.9 232.3 220.5 219.3 219.4 202.1 202.2 201.9 198.4 190.7 188 182.2 177.6 175.7 174.2 174.8 174.9 177.3 176.7 179.2 184 194.8 210.2 222.7 229.4 212.6 204.8 218.9 226.3 220.2 216.7 203.1 186.7 169.7 161.2 161.2 162.8 164.9 168.1 173.2 179.8 193.6 204.5 211.7 213.3 210.8 210 206.6 201.5 195.8 189.2 181.3 172.3 165.4
304.2 306.7 310.1 311.5 312.4 314.5 316.1 317.3 317.7 317.2 314.8 311.4 307.2 303.2 297.6 291 282.6 274.1 267.9 261.5 243.7 224.7 219.8 221.4 216.5 214.1 214.1 214.9 214.2 222.4 206.7 225.4 204.3 199.2 194 195.9 192.6 190.7 186.1 188 185.2 178.9 177.1 172.1 165.9 166.6 171.9 179.1 188.1 210.9 189.7 197.8 219.4 217.7 212.4 202.7 186.9 171.8 161.6 157.2 157.3 158.7 161.8 165.2 170.3 178.2 190.2 200.5 209.6 208 205 204.1 203.5 198.1 193.8 188.1 179.5 171.8
305.1 307.5 310.2 313.2 314.5 316.8 318.9 319.9 319.6 319 316.3 312.6 308.3 303.6 297.5 290.4 283.1 274 266.1 260.8 238.3 224.5 221 212.6 217.3 220 221.2 222.5 223.5 224.7 225.6 219.2 212 211.3 211.7 198.3 197.4 197.9 204.8 198.2 197.7 195 194.7 194.6 184.4 171.2 162.9 161.1 159.4 165.3 158.6 161.4 184.4 194.4 207.9 199.5 187.1 173 162.9 156.5 153.9 154.9 157.5 159.9 163 166.8 172.9 185.4 194.8 200.2 201.1 198 197.6 197 196.2 191.1 185.8 178.9
306.3 308.1 311.1 313.7 315.8 317.6 319.3 320.6 320.2 319.7 317.3 312.9 308 302.2 294.6 287 279.2 267.5 255 243.7 231.8 220.1 215.2 217.5 235.1 240.6 232.8 238.2 236.4 229.8 217.4 210.5 204.9 202.8 201.9 200.5 199.6 199.4 230.9 218.8 220.1 225.7 224 212.6 197.9 191.5 186.2 177 170.9 174.2 172.3 159.9 156 159.2 158.4 197.3 187.4 175.8 164.9 157.2 152.2 152.8 155.7 155.1 154.8 156.6 161 167.7 178.3 186.5 192.2 193.2 190.7 189.5 189 186.5 184.9 181.8
309.5 310.5 311.1 313.9 315.9 317.5 318.6 319.4 320 319.1 316.4 312.1 306.4 299.4 292.2 283.7 270.4 257.1 264.5 261.3 220.6 220.1 222.7 241.3 243.4 246.4 246.6 242.3 239.1 214.9 215.4 209.7 205.4 204 210.3 244.6 247.8 247.3 245.7 242.8 224.9 202.9 206.7 211.3 211.4 198.7 180.4 176.5 174.7 175.7 172.7 168.3 167.7 166.4 154.6 152.1 152.1 177.2 162.4 156.8 152.3 148.8 151.1 150.1 147.9 148.8 150.9 154.2 159.8 170.4 178.9 185.7 185.3 182.7 180.9 179.2 175.9 173.9
312.8 313.6 313.2 315.2 316.2 317.1 317.1 317.8 318.2 317.4 314.8 310.8 303.9 296.8 286.6 272.3 275.8 282 235.6 224.4 225.2 224.1 230.6 242.7 257 256.6 251.4 247.2 219.1 218.7 216.7 209.8 251 259 256.5 255.1 253.7 251.4 237.8 230.4 193.1 193.1 193.1 213.3 216.6 192.9 178.2 182.5 193.7 215 211.9 211.6 196.6 191.7 185.5 179.1 159.9 150.7 150.6 155.4 151.5 147.9 144.8 144.7 143.1 142.7 142.8 144.6 147.8 152.6 160.5 169.7 175.5 176 175.2 173.8 170.8 167.2
315.8 315.9 315.8 315.6 316.2 316.6 316.9 316.9 316.5 315.6 310.4 309 301.3 291.9 281.8 289.3 290.4 280.5 260.5 233.9 230 228.5 233.8 246.4 260.8 261.5 257.1 255.1 235.3 258.8 270.6 270 267.8 265 261.2 258.6 257.2 241.7 212.4 194.5 183.7 182.8 181 181.7 183.2 180.7 197.2 198.9 229.4 224.9 220.9 220.1 214.9 206.8 198.5 194.4 185.5 179 162.8 149.5 147.6 145.1 143.3 143.6 142.2 141.7 140.5 139.7 139.4 141.6 145.8 151.1 159.9 166 167.7 167 164.9 161.6
318.5 317.9 317.8 317.4 316.6 316.6 316.3 315.8 314.5 313.6 310.9 305 298.2 286.5 297.1 299.8 298 295.4 278.6 265 233.5 232.8 231.5 241.1 247.3 268.4 261.3 263.1 269.1 275.3 275.8 273.5 270.9 267.8 264.9 262.5 259.3 243.1 234 227.4 217.6 185.3 192.9 211.6 212.2 212.3 212.6 221.5 230 228.3 225.7 222.4 217.8 212.5 205.1 196.3 187.8 178.1 169 159.6 153.2 145.8 143.6 142.5 141.4 140.7 139.5 139 138.3 137.3 138.1 139.8 143.5 149.7 153.7 154.8 154 152.6
319.8 319.5 318.3 317.7 316.8 316.4 315.8 313.8 311.2 310.5 307.7 297.3 296.7 303.6 306.8 311.3 308.1 302.7 293.3 281 268.6 235.4 235.1 234.4 237.1 271 264.8 272.6 275.9 279.1 277.7 276.5 273.4 270.4 268.5 265.6 263.6 259.7 255.6 252.9 249.7 245.9 241.9 238.3 235.9 234.7 234 232.4 230.4 228.2 225 221.7 218.6 214.4 208 200.6 193.1 182.5 172 164.3 156 149.7 146.9 142.5 141.7 140.3 139.2 138.5 137.9 136.6 135 134.6 134.1 134.4 136 140.8 140 138.8
320.2 320.3 319.1 317.9 317.2 316.3 315.2 313.4 309.8 304.2 298.9 297.6 297.4 309.1 308.5 313.6 313.7 309.2 304.6 297.1 285.4 275.6 256.7 235.4 243.9 277.3 271.6 278.2 282.2 282.2 280.2 278.8 276.2 273.5 270.4 267.6 265.1 261.7 258.7 255.7 252.6 248.1 244.2 241.1 238.7 237.1 235 232.7 230.6 228.8 226.1 223.2 220 216.6 211.1 205.8 197.5 188.3 179.8 169.6 161.9 156.5 152.1 145.3 141.9 141.2 139.9 138.6 138 137.2 135.9 135.3 134.3 133.1 132 130.9 130.3 130.8
320.3 319.9 319 317.9 316.5 315.3 313.8 312.3 310.4 303 300.3 299.4 303.7 311.4 316.4 319.5 317.8 315.9 313.9 308.1 299.1 294 285.2 277.6 275.8 280.7 278.7 284.7 286.7 285.5 283.3 281.1 278.4 275.5 272.3 269.4 266.4 263.7 260.3 257.2 253.3 250.1 246.9 244.3 241.6 238.1 236.1 233.8 231.3 229.4 227.3 224.9 221.9 218.5 213.7 209.2 202.1 194.2 184.4 171.7 165.9 161.4 154.4 150.7 147.8 145.4 139.5 138.9 138.1 137.3 135.8 135.3 134.5 133.5 132.4 131.2 130.3 130.5
320.3 319 317.6 315.7 313.8 312.2 310.8 310.3 309.2 305.1 301.2 304.2 308.3 314.6 319.7 320.5 322.5 319.8 317.7 315 308.2 305.4 297.7 291 290.2 284.8 286.4 290 290.2 289 286.2 283.9 280.4 277.5 274.4 270.9 267.7 264.9 261.6 258.1 255 250.9 249.2 246.4 243.6 240.1 236.6 234.2 232 229.7 227.9 225.5 223.1 220.3 216.8 212 206.3 199.5 191.5 182.3 174.9 169.2 161.8 157.4 152.9 146.8 141.3 139.2 138.4 137.4 136 135.5 134.5 133.6 133.8 132.1 130.9 130.5
319.7 316.9 314.3 311.7 309.8 308.9 308.9 307.2 305.4 301 302.4 306 310.9 314.7 318.6 320.4 323.9 322.6 320.8 317.8 313.3 310.9 308.4 303.4 299.4 290.3 293 294.8 295 293.5 290.5 287 283.6 280.2 276.5 273.1 269.5 266.7 263.7 259.9 255.9 252.9 249.9 246.5 243.2 239.8 236.5 234.3 232.1 229.9 227.5 224.6 222.6 220.1 217.2 213.4 208.7 203 196.7 188.3 177.9 169.1 166.2 160.4 154.7 146.8 143 140.4 138.5 137.8 137.4 136.6 136.2 135 133.7 132 131.3 132.3
320.5 318.1 315.7 313.5 310.9 314.6 322.4 325.1 323.7 313.1 304.4 306.5 309.3 312.7 318.2 320.1 326.4 326.4 322.3 320 317.1 313.3 309.5 306.1 300.6 298.4 299.7 300.4 300.3 298.8 296.3 292.7 288.2 284.1 280 276.8 272.6 269.3 265.6 261.8 257.4 253.5 249.8 245.6 242.2 239.3 237.2 234.8 232.5 229.4 226.5 223.8 220.9 218.8 216.7 213.9 210.2 205.9 200.2 195.2 183.2 173.2 168.1 163.5 156.6 150.2 145.2 140.9 139.7 139.6 139 138 137 135.4 134.6 133.8 133 133.3
323.6 321.3 318.4 319.4 324.6 324.3 324.7 325.8 325.5 324.3 322.5 307.8 308.6 311.3 314.9 325 321.5 321.3 318 321.7 320.4 317.9 315 308.2 302.7 305.9 306.9 307.2 306.7 307.6 308.5 303.5 297.4 289.8 284.7 280.2 276.3 272.2 268.2 263.8 258.7 253.2 248.6 245.5 242 239.1 237.2 234.9 232.2 229.6 226.5 222.9 219.1 215.7 214.5 212.9 210 206.1 201.7 196.6 189.3 176.2 170.7 162.6 157.4 152 146.3 142.3 141.4 141.5 140.3 138.6 137.3 136.5 135.6 134.4 133.5 134.5
326.4 324.7 324.1 324.6 324.6 324.7 324.9 325.8 324.8 324.9 324.3 318 311.3 312.6 313.7 320.5 319.3 317.5 320.7 322.7 322.9 321.3 318 309.9 311.4 313.6 313.7 314.2 315.3 317.4 317 312.7 305.9 298.1 290.9 285.1 280 275.3 270.7 265.8 259.9 254.3 248.8 244.8 240.9 237.3 235.4 233.6 231.3 229.2 225.7 221.8 217.4 212.8 210.4 210.6 208.4 205.2 201.6 197.9 192.2 184.5 176.6 167.7 159.8 155.3 149.5 145.9 143.2 142.2 140.2 139.2 138.9 138 136.4 134.9 134.2 135.6
328.8 327.2 324.8 324.9 324.8 324 323.8 324.1 324 324.4 325.2 325.4 314.2 314.8 315.4 321.8 320.4 318.1 318.7 327 323.2 322.6 318.6 311.9 317.8 319.2 319.6 320.8 322.4 323.5 323.5 320.6 315.6 307.4 300 291.8 284.7 279 273.5 267.9 261.2 254.4 249 243.8 239.2 234.5 231.3 230.6 229.5 227.3 224.2 220 214.3 209 204.7 205.6 204.7 202.1 197.8 194.3 190.6 185.9 180.5 172.6 167 160.3 152.3 147.1 144.5 142 141.4 141.1 141.6 139.3 137.5 135.6 135 135.6
329.9 327.1 324.6 325.2 324.5 323.5 323.5 323.5 323.5 323.7 324.8 325.1 325.2 318 324.8 324.2 326.2 329 323.9 327.3 321.7 321.4 315.4 317.4 321.3 323.4 324.4 326.1 327.5 328.5 328.6 326.1 321.2 315.6 307.5 299 291.8 283.9 276.9 270.7 263.3 255.5 249.1 243.3 237.7 232.4 226.4 224.4 224.8 224 221.7 217.1 211.2 205 197 199.5 198.6 195.1 191.1 187 182.9 179.3 176.4 173.3 167.9 160.3 156.6 150.3 144.7 144.4 144.9 146.6 150.5 143.5 140.8 138.2 137.1 136.3
330.1 326.7 325 325.3 325.1 324.7 323.7 323.9 323.9 324.4 324.4 325.1 325.3 324.8 326.4 326.9 329 329.5 327.1 329.3 327.7 320.8 317.7 321.6 323.4 325.2 327.5 329.6 330.6 331.2 331.2 329.9 325.7 322 315.4 306.6 298.4 290.1 281.9 273.9 265.2 256.7 248.9 242.9 236.6 230.7 223.9 216.8 217.7 218.5 216.9 213.1 208.3 201 186.3 188.9 186.9 183.2 177.9 175.4 172.1 169.9 166.8 166.3 161 157.7 159.8 160.3 156.9 154.5 152.9 153.4 157.3 152.3 146.8 142 139.2 137.3
330.4 327.1 325.3 324.7 325 324.6 324.1 325.1 324.8 324.3 325.1 325.3 325.6 326 323.1 329.9 328.5 326.8 326.9 327.6 327.3 319.7 320.1 321.8 323.2 324.8 327.4 329.9 331 331.3 331.8 332.3 329.8 326.2 320 312.5 303.3 295.3 285.8 276.9 267.9 257.7 249.1 242.6 236.1 229.8 222.4 214 208.5 210.4 209.6 204.8 191.3 181.1 172.1 167.3 165.5 163.9 162.7 160.4 158.8 157.2 160.1 163.9 161 167.1 171.1 172.2 168.2 165 163 161.9 164 158.2 152.3 144.9 141.7 139.4
331.4 327.9 325.2 325.4 325.2 324.6 325.4 324.9 325.1 324.8 325.4 325.6 326.1 326.6 326.3 325 324.3 322.5 323.9 326.9 323.7 320.2 320.6 322 323.4 325.3 326.8 328.6 330.2 331.1 331.4 332.4 330.4 326.9 321.8 315.1 307.4 298.3 289.5 280.3 269.9 259.1 249.2 241.6 235.6 229.9 224.2 217.6 209.7 196.7 188.2 175.8 171.9 176.3 181.6 184.4 184.8 188.2 183.2 180.6 176.6 175.9 178.7 180.4 181.9 182.9 182.9 181.2 180.2 177.2 175.3 173.7 171.5 165.9 156.7 150 143.3 140.6
