public/OST50/SK28.asc
ncols 200
nrows 200
xllcorner 420000
yllcorner 380000
cellsize 50
[rows 35 to 69 of 200, columns 0 to 77 of 200]
402.8 419.9 437.1 445.3 455.4 463 461.9 458.5 454.8 451.7 447.4 443.7 438.4 433.3 428.2 423.8 420.1 416.2 412.3 409.3 404.8 400.5 395.5 391.5 387 382.2 377.4 374.2 371.1 368.8 367.5 365.1 361.9 359.2 355.5 350.7 346.5 340.7 335.4 326 320.5 323.4 329.6 334.6 335.2 332.1 331.4 330.9 329.6 329 327.1 333 340.1 349.7 359.2 364.2 365.8 365.2 364.9 365 367.2 373.6 379.1 377.6 375 372.2 369 368 366.7 366.4 365.2 366.5 367.2 366.5 366 364.1 362.6 361.7
398.4 413.3 429 440.5 448.9 457 460.1 457.6 453.2 449.3 444.8 440.6 435.8 431.2 426.4 422.6 418 414.7 411 407.1 402.8 398.9 394.6 390.4 384.8 378.3 372.8 369.5 365.2 365.5 364.9 362.8 359.7 356.9 353.2 348.6 343.3 337.5 332.1 325 318.2 314.4 321.9 327.5 329.3 327.1 325.9 325.9 324.9 325.3 323.6 332.2 340 348.4 357.6 359.8 361.2 360.2 360.4 360.2 362.7 369.5 375.4 375 372.5 369.8 366.1 364.7 364.3 363.7 363.4 361.7 363.3 362.8 364.2 363 361.1 360.2
395.3 407.7 421.9 435.1 444.3 451.8 456.6 454.4 450.9 447 442 437.9 433.4 428.6 423.7 420 416.1 412.4 408.4 404.7 400.4 396.5 392.5 388.2 383.2 377.3 370.8 365.3 359.2 360 361.4 360.4 357.4 354 350.2 345.7 340.4 335.1 328.2 321.8 315.6 310.8 314.1 321.3 323.1 322.5 321.9 322.7 321.8 321.8 323.2 330.9 339.5 347.7 353.9 354.3 355.9 355.7 355.2 354.9 356.9 365.8 372.2 371.9 370.1 367.5 364.2 362.4 361.9 361.1 360.6 359.1 357.8 359.8 361.7 360.3 359.1 358.4
396.6 404.5 416.8 433.4 444.1 450.8 453 451 447.5 444 439.4 434 429.3 425 420 416.8 412.7 408.4 404.6 400.2 397 393.3 389.5 385.4 380.5 374.1 368 362.3 356 352.3 352.9 353.9 354.2 350.9 346.8 341.8 336.4 331 325.3 319.4 314.2 306.1 310.5 314.7 318.2 318.2 318.6 319.2 319.2 318.3 323.6 331.7 338.3 346.8 349.2 350 351.1 350.9 350.4 352.4 355.2 363.4 368.7 369 367.1 364.8 362.3 360.8 360 359.9 358.5 357.9 356.5 356.8 357.9 357.4 356.6 356.3
391.6 402.7 418.2 435.3 443.9 448.9 450.8 448.1 444.2 439.5 434.8 429.9 425.7 420.4 416.6 412.9 409.2 404.4 400.1 396.6 393.3 389.6 386 382.1 377.2 371.2 365.4 359.1 353 345.7 345.5 346.3 349.5 347.5 343.1 337.9 333.4 327.3 322.8 318.6 313.2 308.8 306.6 310.1 313.1 314.2 316 316.3 316.2 317.7 324.4 330.7 337.9 343.4 344 346.1 346.7 345.9 347.6 350.3 353.4 362.2 365 364.8 363.5 362.2 360.6 360.1 358.3 357.8 357 355.8 354.7 353.2 353.7 353.3 353.1 352.7
394.1 405.2 420.6 436.6 445.9 453.2 451.8 446.9 441.9 436.6 430.7 426.6 421.8 417.3 411.5 407 402.5 398.5 394.9 391.2 387.9 383.8 380 377.3 373.6 368.2 361.2 354.3 347.9 341 337.7 341 344.4 345.1 339.9 335.4 330.6 325.5 320.6 315.8 310.4 306.8 304.3 307.4 309.3 311.1 312.5 313.2 314.8 318 323.7 329.7 337.1 338.2 340.5 341.5 341.4 342.5 346.4 348.8 352.9 359.5 362.2 361.4 361 360.5 359 358.5 357.4 356.4 355.7 354.7 353.4 351.6 350.4 350.3 350.1 349.3
393.7 407.1 424.3 438.2 454.4 453.3 449.5 444.8 439.5 434 428.4 423.6 418.8 412.8 406.3 400.1 396.5 391.7 388.4 385.9 382.2 378.4 375.4 372.5 369.3 362.6 354.6 347.1 339.7 334.7 331.3 335.3 342.5 342.6 338.9 334.5 330.1 324.6 319.3 313.9 308.3 305.6 302.4 305.3 307 308.7 310 309.9 313 315.7 323.1 326.6 332.8 334.6 334.4 335.9 339 343 346.1 349.3 353.2 356.9 359.8 359.5 359.6 359.2 358.2 357.7 357.3 356.6 355.3 352.9 351.7 350.2 349 348.7 348.4 347.7
398.9 411.7 427.2 445.5 450.7 449.3 444.4 440 435.8 431.2 426 421.6 416.7 411.5 405.9 399.3 392.7 386.7 384 380.9 376.4 372.8 369.9 366.4 360.9 354.2 346.6 338.7 332 327.8 325.7 333.5 340.7 344.5 341.5 337.7 332.8 328 320.2 313.1 308.1 302.9 301.3 304.1 305.8 304.5 308.6 312.3 315.2 318.6 321 325 328.5 331.9 335.1 338 341.1 344.1 347.5 350.2 354.5 357.1 357.5 358 358.8 359.9 359.1 357.9 357 356.4 355 353.3 351.5 349.2 347.8 346.3 345.6 345.3
405.9 418.1 435.8 446.3 446.9 443.3 438.6 435.1 431.9 428.1 423.8 418.6 413 408.2 401.9 395 388.4 382.4 378.3 373.5 369.9 366.6 362.6 357.7 352.6 346 336.8 328.1 323.4 322.2 319 332.2 342.1 341.9 337.6 333.1 327.8 323 315.5 310.2 306 301.6 299.5 302.4 302.6 307.1 309.4 312.5 315.9 319.3 323.2 326.2 329.7 333.1 335.7 340 343 345.5 349 352.4 354.8 356.7 358.5 359.5 360.5 360.4 360 358.5 357.3 356.1 354.8 353.1 351.1 348.3 346.8 345 343.5 342.8
414.3 432.7 440.9 443.4 442.9 438.1 433.6 429.6 425.8 423.2 420.6 414.6 408.2 401.8 394.9 389 383.5 377.2 371.4 366.5 363 358.1 353.4 348.5 342.3 334.6 324.3 318.4 316.4 315.4 322.4 335.7 338.1 334.3 330.1 324.5 319.2 313.7 308.4 304.5 303.1 298.8 299.6 301.9 304.2 306.9 309.6 312.3 315.1 319.6 323.7 327.4 330.7 333.6 337.3 342.6 348.1 351 353.9 355.8 356.8 359 360.4 361.3 362.4 361.5 360.8 360.1 358.9 357.7 355.5 353.2 350.5 348.2 346 344.4 342.4 340.4
426 433.3 432.9 431 429.2 427.9 425.9 422.7 418.9 415.7 411.3 407.5 401 393.9 388.3 383 378.4 372.2 366.4 360.2 354.2 349.4 342.5 336 329.9 321 312.7 311.3 310.2 313.3 329 333.6 330.9 326.9 321.6 316.1 311.5 307.6 303 300.6 296.8 296.8 299.1 302.2 303.9 306.1 307.5 310.8 315.1 319.3 323.8 327.3 330.5 333.7 339.8 350.6 351.5 353.5 354.7 357.1 359.2 363.2 365.2 366.1 366 365.9 364.3 363.3 362.7 360.3 358.2 354.7 351.7 347.3 343.4 342.1 341 339.5
428.8 427.5 426.5 423.3 421 417.8 415.7 412.5 410.4 407.3 402.5 397.3 390.5 385.4 380.4 376.3 370.9 364.8 357.5 352.1 344.2 337.9 332 325.1 316.1 310.3 306.9 306 303.7 318.3 328.3 328.1 324.5 319.5 315.2 311.2 307.4 303.3 298.8 295.6 295.8 299.7 300.8 303.4 303.6 305.4 307.9 310.7 315.4 320 322.4 325.7 329.8 333.8 338.8 344.7 349.3 353.9 355.9 359 366.5 369.6 370.8 371.1 370.7 370.6 369 367.6 366 363.9 360.5 355.7 348.8 345.5 344.2 343 341.6 339.4
422.8 421.8 419.6 415.3 413 409.5 405.6 403.2 401 399 396.1 389.9 383.6 378.7 374 367.9 361.5 354.3 347.1 341.3 335.2 329.5 323.1 313.7 308.2 305.3 302.7 301 306.5 318.3 325.3 324 320.9 315.5 311.9 307.3 303.7 299.7 294.2 296.6 301.2 304.6 308.2 310.5 310.9 311.4 309.9 311.6 314.4 317.5 321.6 325.2 329.2 332.9 335.6 341.4 347.4 352.8 356.7 367.4 372.4 374.2 374.7 374.6 373.8 373.6 373 370.7 368.7 365.8 360.9 350.1 349.4 348.6 348.3 348.9 347.7 346.7
413.5 413.3 411.9 408.7 406.5 402 397.6 393.6 390.6 387 383.6 380.2 375.1 370.1 364 357.6 349.2 342.9 337.8 331.1 325.3 322.8 318.6 313 306.8 300.3 299.5 297.7 312.7 318.8 317.2 315.5 311.5 307.4 304.7 299.3 295.3 293.3 292.9 300.9 305.9 311.3 321.8 323.7 320.2 316.1 312.2 310.4 313.4 315.6 319.3 324.6 325.7 328.2 333.5 338 345.2 352.4 358.9 368.6 375.9 376.6 376.7 377.3 376.9 376.7 375.4 372.6 367.7 362.3 355.3 352.9 353.2 354.1 355.5 355 353.3 349.8
404.2 404.3 403 400.1 396.7 394.2 390 384.6 379.6 372.6 368.2 365.2 362.3 358.6 351 344.5 338.7 332.7 329.7 326.6 323.6 320.8 317.9 313.7 307.7 306.1 295.9 300.6 307.5 305.9 302.1 301.9 299.9 298.9 292.9 290.7 292 296.2 302.4 310.2 319.6 326.6 325.7 322.6 318.9 314.9 310.9 312.7 315.4 319.3 324.1 322.5 325 326.2 330.4 336.6 343.1 350.7 358 364.7 371.3 376.4 378.6 380 380.4 379.2 376.2 372 365.1 361 357.9 359.9 360.5 361.2 360.2 357.7 355.1 352.8
391.5 392.7 392 389.8 386.5 383.6 379.4 373.7 367.5 361.1 357.8 354.3 351.2 346.2 340.2 335.7 332 329.4 327.3 325.6 323.6 321.4 318.1 314.2 309.7 304.2 298.3 291 293.8 291.5 289.3 290.2 291.6 290.6 289.2 295.7 300.9 308.1 321.3 328.2 326.4 324.5 322.4 319.8 316.2 312.9 313 315.4 318 322.5 325.7 325.5 328.7 329.4 331.9 335.3 340.1 347.3 353.5 363.5 374.6 379.6 381.3 382.1 382.5 379.5 375.5 369.1 365.9 362.7 363.5 365 365.8 365 362.4 359.8 358 356
376.9 379.5 379.8 378.1 375.5 371.9 367 361.6 356 349.8 347.4 346.3 343.1 339.3 336.3 332.1 329.3 327.1 326.3 324.9 323.6 321.7 316.9 310.5 304.8 299 292.1 279.2 279.6 285.1 288.2 289.8 289.8 292.4 298.2 306.4 316.6 329 328.7 327.7 324.9 322.5 319.9 317.4 315.2 312.8 315.9 315.3 322.4 327.8 329.4 327.9 332.2 333.9 336.3 340.8 349 355.1 363.5 372.2 380.1 383.1 383.8 382.6 380.6 377.7 372 368.9 369.3 370.3 370.6 370.5 369.7 367.7 364.7 363.3 361.6 358.9
367.6 366.1 367.8 366.4 364.2 361.2 355.6 350 345.2 341.1 339.1 338 338.3 336.5 333.6 329.5 326.8 324.9 324.5 323.6 320.1 315.6 310.7 304.8 299.8 294.9 279.1 280.3 287.1 292.8 297.7 302.2 306.2 310.9 317.9 330.4 332.5 331.1 328.8 326.6 323.8 321.1 319.1 316.5 314.1 316 319.5 320.9 322.1 326.3 332.8 333.6 333.3 338 340.7 346 353.8 360 372.9 383.4 386.6 387.5 385.9 383.7 379 375.1 371.7 373.4 375.2 375.5 375.2 374.6 372.6 370.2 368.8 367.2 365 361.3
360.8 357.9 356.3 356.6 353.5 350.2 346.3 341.3 337.2 333.5 332.3 332.4 333.1 332.4 329.4 326.4 322.9 320.5 317.5 313.6 311.7 308 304.7 300.1 295.7 282.3 274.3 285.6 293 299 304.6 310.9 321.5 334.1 335.2 334.4 333.4 331 328.6 326.4 323.2 320.8 318.5 315.1 318.6 320.3 322 323.8 329.1 329.6 329.9 335.1 337.5 338.5 346.3 353.5 359.2 368.4 382.8 389.9 392.3 390.7 387.9 384.1 378.3 375.4 376.3 378 379.3 379.7 379.3 377.1 373.8 371.8 371 369.4 366.7 363.5
354.7 351.8 347.9 347.2 346.1 342.7 337.8 334.3 330.2 326.5 325.6 324.2 324.1 326.3 324.4 320.7 316.5 314.3 309.9 307.7 306.6 303 299.7 296.5 287.9 270.4 281 290.8 297.6 304.6 312.1 326.1 338.5 338.3 336.7 335.2 333 330.7 328.3 325.8 323 320.1 318.2 320.4 322.7 323.3 326.3 330.7 332.2 335.3 335.3 336.4 339.3 344.8 353.1 359.3 369.4 380.5 391.3 395.9 395.1 392.9 388.9 383.1 379.4 378.7 380.7 381.9 382.9 383.4 381.6 378.5 375.4 373.8 372.3 370.6 367.7 364.7
351.6 346.6 343.7 341 339.2 335.6 331.1 327.4 323.3 321.2 319.4 317.4 316.1 317.3 318.2 314.8 312.3 310.3 307 305 302.8 299.5 296.4 291.6 276.4 273.9 285.9 294.5 301.6 310.4 322.9 339.1 339.5 338.1 337 334.4 332.6 330.2 327.6 325.3 323.1 322.5 321.6 323.9 326.2 329.3 331.7 335 336.6 339.6 340.8 344.2 347.2 353.2 361.3 368.3 380.6 392.9 398.2 398.1 396.7 393.8 388.6 383.7 381.6 380.9 383.8 385.9 387.1 385.7 384 380.5 377.9 376.4 374.2 371.6 369.9 366.1
351.2 345.8 341 337.2 333.8 329.5 325.8 322.3 319.2 316.8 314.3 311.9 311 309.5 310.1 309.5 308.2 306.6 305.1 303.6 301.4 298 295 287.3 267.3 279.1 289.7 296.2 305.3 317.1 336.2 340.1 339.8 338.4 336.6 333.8 331.2 329.1 326.9 325 322.4 326 324.7 327.5 330.4 333.5 337.3 339.5 340.9 344.5 346.7 350.5 357.5 364.7 370.7 378.7 390.8 399.2 400.4 399.6 397.4 394.1 388.6 385.5 384.1 384.5 386.1 388.4 389.5 388 386.4 384.1 381.7 379.3 376.8 374.6 371.9 368.3
355.1 346 341.8 337.2 333 329.2 325 321.4 317.7 314.1 311.5 308.5 306.3 305.1 302.9 301.4 302 301.8 301.4 300.9 300.1 298 293.5 276.4 265.3 281.6 293 299.1 307.9 322.1 338.2 340.4 339.8 338.3 336.1 333.4 330.8 328.6 326.5 324.9 327.1 328.9 329.9 330.3 333.7 337.3 341.1 343.2 347.5 349.2 353.7 359.6 365.8 374.3 384.4 395.4 400.1 402 402.2 400.4 397.9 394.2 390.9 387.4 386.7 388 390 391.3 391.6 391.1 388.7 387.1 385.8 382.6 380.5 377.6 374.5 371.4
358.2 348 341.7 338.4 334.4 331.5 328.9 326.6 320.8 316.7 312.3 308.2 305.4 302.9 301.4 297.6 296.8 298.3 297.6 296.7 295.3 295.8 286.9 265.5 270.8 286.8 295 301.7 311.3 329.7 339.3 340.7 339.7 338.1 335.6 333.1 330.5 328.2 326.3 327.3 328.8 331.3 332.9 333.6 336.6 341.2 343.5 347.8 351.5 358 364 369.6 377.8 386.3 397.1 402.5 404.2 404.3 403.6 402.2 399.5 396.2 393.9 390.8 390.6 391.4 394.4 396.6 396.8 394.6 392.1 390.4 388.2 386.2 383.1 380.2 377.3 378.2
358.5 352.9 344 340.3 338.9 335.9 333.3 328.9 323.5 318.9 316.1 313.3 309.5 305.1 302.9 301 297.4 291 294.5 294.5 292.5 288.5 277.2 259.4 275.7 288.7 295.3 304 314.8 334.8 340.5 341 339.4 337.5 334.9 332.6 330.4 328.3 328.7 329.1 330.3 333.4 335.5 336.7 339.6 345.9 348.6 352.2 358.9 364.7 374.2 381.5 391.1 399 403.5 406.2 407 406.3 405.9 404.1 401.6 399.1 396.1 395.9 395.9 400 403 403.4 402 399.4 395.4 393.7 391.6 389.6 386.4 383.7 379.3 382.4
360.2 359.3 354.4 345.8 342.8 342 340.1 337.8 331.3 323.7 319.3 314.7 310.8 306.8 303.7 301.7 298.6 292.4 288.5 288.9 287.9 281.2 267.9 260.5 281.6 288.9 295.7 305 319.1 337.6 340.8 340.7 339 336.7 334.3 332.5 330.7 329.2 330.8 330.5 332.6 334.5 337.5 341.1 344.3 348.2 353.1 359.3 367.6 375.3 384.6 396.3 403.2 407 409.3 410.4 410.2 408.9 408.1 406 404.5 402.1 401.5 401.5 403.5 407.4 407.9 407 405.1 403.1 400.3 397 394.9 391.2 388.5 386.3 382.2 385.5
363.3 363.5 361.4 356.5 351 349.1 346.9 344 339.3 331 322 314.4 308.5 303.2 299.7 297.6 295.8 288 279.4 275.7 278.1 272.3 259.3 264.2 280.5 288.1 296.5 306.7 323.1 337.5 340.3 340.2 338.4 335.9 334.3 332.7 332 330.5 333.1 334.2 333.8 336.1 339.9 344 348.4 351.5 357.5 366.7 373.7 385.5 396.8 406.2 410.6 412.6 413.2 413.5 412.9 412 410.6 409.1 406.7 405.4 405.2 409.7 411.7 411.5 411.8 410 407.6 405.5 402.9 399.6 396.6 393.2 390.3 387.1 385.8 387.2
366.4 365.8 364.1 359.3 354.4 352.8 348.6 345.3 341.4 333.9 320.1 308.8 300.5 294.4 292.3 289.2 282.7 275.2 266.4 259.4 261.7 260 253.6 269.8 279.4 288.4 296.2 307.9 327.5 338.5 340.2 340.7 338.3 335.8 334.5 333.6 333.4 331.1 335.6 336.7 336.3 340.2 340.8 345.2 350 355 363 371.4 381.3 395.7 406.8 413.2 415.8 416.6 417.4 417.7 416.9 415.1 413.9 412 411.8 412.1 413.8 414.7 415.4 415.4 413.8 410.9 409 406.8 403.6 401.2 398.6 394.2 391.7 387 388.9 388.5
362.8 363.4 360.6 358.9 357.1 351.3 338.1 329 322.6 313.3 302.5 294.2 287.1 282.4 278.7 270.7 259.6 257.7 251.4 245.9 248.3 251.6 254.8 269 278.6 288.5 297.6 309.8 330.8 338.8 340.5 340.7 339.1 336.6 335.3 335 334 332.8 335.6 338.3 340.3 339.8 345.3 348.1 351.9 357.9 367.3 378.1 389.4 402.5 413.3 418.5 421.3 421.9 422.4 421.7 420.6 419.4 417.9 420.8 420.3 419.3 419.7 419 417.9 417.5 415.4 412.2 409.5 407.3 405.4 402.6 399.9 396.2 392.1 391.4 390.4 389.3
358 357.8 356.6 354.7 349.4 331.8 313.8 302.8 294.7 284.5 278.8 274 267.4 264.9 260.4 253.2 246.6 242.6 241 247.6 254.8 260.3 259.5 267.9 278.8 288.2 297.7 311.8 331.6 338.7 340.6 340.7 339.6 337.2 336.2 335.6 334.2 336.4 338.4 340.3 342.4 343.3 346.2 351.1 356.1 364.3 372.4 382.1 394.4 411.6 419.7 424.9 426.9 426.9 426.5 425.5 424.6 426.4 426.6 425.2 423.3 423.5 422.5 421.7 420.6 418.9 415.8 413.2 411.7 408.5 404.7 402.4 399.6 396.9 395 393.7 392.4 391.5
349.6 351.8 349 348.8 332.7 309.5 287.5 286 279 266.2 257 253 249 245.6 240.3 237.7 235.7 237.4 249.8 258.4 267.5 273.1 273.2 267.7 276.1 286.5 297 313.6 332.8 339 340.8 340.8 339.6 337.9 337.5 336.7 335.3 335.6 337.8 341.2 344.3 346.8 349.1 352.9 359.8 369 377 389.7 403.6 418.1 425.5 430.5 433.3 433.8 433 431.6 433.2 431.4 429.9 428 426.8 426 424.3 423.5 421.9 419.7 417 415 411.1 409.7 407.1 404 400.8 398.6 396.7 397.1 395.5 393.1
336.9 340.8 339.7 332.5 315.6 295.5 280.6 277 270.3 259.7 249.6 241.9 235.4 231.5 225.3 227.3 243.3 256 265.6 270.7 275.5 278.7 280.6 279.3 273.6 284.6 293.4 312.9 333 338.8 340.7 340.8 338.8 338.3 338.1 337.4 337.5 339.1 340.9 341.5 345.1 348.4 352.5 355.6 364.1 373.6 381.8 395.7 409.8 422.4 430.4 435.8 443.3 441.7 439.2 437.8 436.2 433.6 431.4 428.8 428.6 427.7 427.4 425.7 423.1 421.5 419.1 416 414.4 411.1 407.8 404.6 401.7 399.3 400.1 399.1 397.7 395.6
324.4 324.9 321.3 312.1 298.8 284.5 272.4 266.8 260 252.1 241.4 233.2 224.6 227.1 232.3 250.1 263.8 274.4 281.2 282.4 282.4 289.1 291.5 290 285.2 280.6 290.7 304.9 326.7 338 340.8 341.5 339.6 339 339.3 339.5 340 341.4 343.3 344.8 347 350.7 354.8 359.2 365.9 376.9 387.5 402.8 417.4 427.2 434.5 440.7 444.5 443.5 441.9 440.1 437.8 434.7 431.9 430.5 429.4 428.7 427.3 426.2 423.7 422.2 419.3 417.7 415.6 412.6 409.4 406 403.7 402.1 402.9 401.8 399.9 398.9
307 306.5 299.8 292.7 278.2 268 257.5 252.3 246.4 240 233.2 226.2 232.7 248.1 262 275.7 286 292 292.8 293.1 292.8 293 297.7 298.2 294.6 284.5 288.6 299.4 314.8 337 339.7 341.1 339.8 340 340.6 341.1 342.1 343.5 345.4 347.4 350.4 354 357.3 363.1 370.2 380.7 392.6 409 423.7 430.6 437.1 445.3 447.3 445.3 443 440.6 437.9 434.8 432.7 430.6 430.2 429.1 429 427.5 425.2 422.6 420.7 418.3 415.6 414.5 410.7 407.8 406.1 405.9 404.5 404.5 403.1 401.4
285.9 287.3 280.9 268.3 260.8 252.9 237.8 235.4 230.4 225 222.1 222.7 245 266.6 283.9 298 307.6 311.7 311.8 309.6 305.3 307.8 317.5 318.3 311.7 301.8 286.8 296.3 309.4 334.7 338.9 340 340.3 340.6 341.7 342.9 344.3 346 347.6 349.7 352.7 357.3 362.5 367.1 375.5 383.8 396.8 411.2 424.7 431.9 438.3 449.5 448.2 445.9 443.7 441.1 437.9 434.9 433.5 432.1 430.5 430.3 429.3 427.9 426.1 424.1 421.5 419.5 418.1 415.3 412.5 410.3 409.9 409.3 407.7 406.8 405.1 402.8
