public/OST50/SK28.asc
ncols 200
nrows 200
xllcorner 420000
yllcorner 380000
cellsize 50
[rows 70 to 104 of 200, columns 0 to 77 of 200]
264.8 265.1 259.6 255 245.3 232.9 222.5 220.3 219.9 220.5 215.6 233.7 258.3 282.1 301.2 318.2 327.6 325.6 324.6 322 319 321.1 328 329.2 327.3 318.2 303.1 292 305.1 329.3 336.6 338.7 339.6 341.4 342.4 343.9 345.4 347.2 349.4 352.4 355.2 360.4 366.9 374.7 380.6 388.7 399.6 413 424.7 432.1 443.6 450.1 449.1 446.4 444 441.6 438.7 435.8 434.4 433.4 432.2 432.2 430.7 429.2 426.9 424.6 423.2 421.4 419.8 416.5 413.7 412.3 412 410.5 410.4 407.9 405.3 402.7
249.5 250.7 246.8 237.9 225.3 215.2 207.9 204.9 209.7 210.5 216.6 247.5 273.3 296.2 315.2 329.5 330.9 330.1 331.5 334.1 331.1 330.3 333.2 335 338.1 333.5 317.6 295.9 302.4 318.7 332.6 336.3 339.5 341.1 343.2 344.7 346.2 348.6 350.8 354.1 358 363.1 368.9 377.6 384.3 393.8 403.7 416.6 425.9 433.5 451.1 450.7 448.6 446.8 444.5 441.8 440.2 438.5 436.8 435.6 435 434.3 433.3 431 428.7 426 424.2 422.3 420.2 417.5 415.4 413.7 412.9 411.1 410.4 406.9 403.7 399.5
233.5 234.3 228.7 217.9 208.2 203.3 203.3 203.3 203.3 203.3 235.5 263.5 286 309.2 328.4 333.5 333.9 336.7 339.8 337.5 334.2 334.5 338.5 340.8 341.8 339.6 331.2 304.2 304.6 326.7 334.5 337.4 339.5 341.5 343.7 345.8 347.6 349.9 352.2 356 359.9 364.6 370.7 379.1 386.6 398.1 406.7 417.9 426.8 434.5 451.1 450.5 448 445.9 443.6 441.9 441 440.1 438.7 438 436.9 436.1 434.7 431.6 427.9 425.8 424 421.8 419.9 417.9 416.5 415 413.9 410.6 408.2 404.4 400.4 396.8
219.3 220 212.8 203 202.6 203.3 203.3 203.3 215.5 232.7 254.1 278 300.6 321.7 334.4 335.7 338.3 344.2 341.7 341.1 342.9 344.1 344.5 346.7 345.5 341.8 329.8 305.9 306.1 326.4 334.9 337.9 339.9 342.1 344.2 346.2 348.1 351.3 353.9 357.4 361.2 366.3 372.5 379.3 388.3 399.2 409.4 418.6 427.3 433.5 446.5 449.2 447 445.4 443.7 442.3 441.2 441 439.7 439.1 438.3 437.4 435.2 431.6 428.3 425.1 422.5 420.8 419.4 417.8 416 415 412.8 410.7 407 403.9 400 395.3
207.6 206 202.6 202.6 202.6 203.3 203.3 213.3 229.4 248.7 269.2 291.2 313.1 332.3 337.2 338.8 344 346.4 345.1 349 351.8 351.1 348.8 352.1 351.9 347.8 338.9 320.8 307.5 313.5 332.5 337.2 339.6 341.8 344.2 346.7 349.3 352.1 354.8 358.8 362.8 367.9 374.2 381 390.3 398.7 411.2 420.1 426.6 432.9 445 448.3 446.8 445.6 444.6 443.4 442.6 441.1 440.3 439.7 438.9 437.5 435.5 432.2 427.3 423.6 421.5 420.6 419.3 417.9 416 414.8 413.1 410.1 406.8 403.2 398.2 391.8
202.6 202.6 202.6 202.6 202.6 202.6 208.1 224.2 242.7 260.3 278.5 299.6 321.6 336.2 339.1 341.1 349.9 348.4 351.6 356.1 357.2 356.9 353.3 358 355.7 351.7 348.5 343.1 326.6 320.1 319.2 334.7 338.1 339.8 343.9 346.9 350.1 352.4 355.8 359 363.5 369 375.7 382 390.7 399.7 411.5 420.6 426.2 432.8 446.7 447.8 446.6 445.9 445 444 443.2 441.9 440.8 440.3 439.3 437.4 434.7 431.8 426.5 425.5 424.4 420.8 419.2 418.3 416.3 413.8 411.6 408.4 403.6 398.5 392.8 395.3
202.6 202.6 202.6 202.6 202.6 202.6 213.8 232.1 249.6 265.5 281.5 298 316.7 333.6 339.2 344.2 352.2 352.7 357.5 361.1 362 361.2 358.1 361.6 360.2 356.6 355.2 351.4 346.1 342.7 335.6 328.9 333.9 342.1 344.9 347.9 350.2 352.7 355.3 358.5 363.5 369.4 376.6 382.7 391.4 400.8 412 420.8 425.8 433.8 446.5 447.2 446.4 445.8 445.1 444.5 443.7 442.2 441.3 440.1 438.7 436.5 433.9 430.3 427.7 427 425.1 422.7 419 417.4 415.1 412.5 409.4 405.4 398.2 401.5 400.9 398.1
202.6 202.6 202.6 202.6 202.6 205.6 217.7 235 250.3 263.7 275.5 290 305.1 322.3 340.4 346.8 354.2 355.2 360.2 364.7 365.6 364.8 360.7 364.9 363.9 361.3 359.7 356.1 353.3 350.1 346.3 344.3 338.9 342.8 346.3 349.4 351.4 353.2 355.6 359.6 364.2 370.2 377.3 383.9 392.4 402.8 413 421.4 425.9 435.7 446.5 447.2 446.5 445.8 444.8 444.2 443.2 441.7 440.2 438.6 436.8 434.2 432.1 429.6 428.6 428.5 425.1 422.3 418.7 417 414.2 411.2 406.6 401 406.1 404.4 400.9 398.7
202.6 202.6 202.6 202.6 202.6 208.9 219.4 233.4 246.2 255.3 265.8 278.5 290.2 305.5 325.4 343.6 351.2 356.4 361.6 366.7 368 367.5 364.4 366.9 368.2 366.6 364 360.3 358.2 355.1 351.5 349.4 346.4 342.9 346.7 350.1 352.5 354.8 356.5 360.5 364.9 371.6 380.3 385.4 395 405 413.9 423 427.6 437.8 446.8 446.6 445.9 444.9 443.6 442.5 441.4 439.6 437.8 435.6 433.9 432.1 429.5 428.4 428.1 428.7 425 421.4 418.8 416.4 413.5 409.3 403.8 408.3 407 406.7 404.5 402.4
202.6 202.6 202.6 202.6 205.5 211.9 220.5 233.6 240.3 251.4 265.6 274.9 284.2 294.9 311.3 334.1 349.1 357.7 362.4 367.5 369.5 369.3 367.7 370 371.8 371.3 368.5 364.9 363.1 359.9 356.4 352.9 350.1 346.3 345.7 350.7 353.5 356 359 361.1 364.5 371.6 381.1 388 397.8 406 415.6 424.3 429.4 439.1 446.9 446.2 444.9 443.8 442.6 441.1 439.5 437.1 435.2 433.4 431.4 429.2 427.7 425.6 426.4 425.3 422.6 420.2 418 415.6 413 407.2 410.6 410.8 410.7 409 406.3 403.3
202.6 202.6 202.6 202.6 208 215.7 227.2 238 248 258.6 272.4 284.2 302.9 315.2 320.9 329.2 342.4 356.7 361.6 367.7 370.7 371 371.1 372.1 372.6 374.6 374.2 371.5 368.5 365 360.3 356.3 353.7 350.3 348.7 351.4 354.1 357 360.2 363.6 367.7 373.3 382 389.1 398.8 407.6 416.9 425.1 430.4 440.6 446.9 445.4 444.2 442.8 440.8 439.5 437 434.7 432.6 431.8 430.1 428 425.6 424.5 423.8 422.6 421.4 419.3 416.5 414.3 410.6 412.6 413.3 413.3 412.1 409.7 406.9 403.9
202.6 202.6 202.6 203.1 211 218.1 230.2 239.7 250.1 265.1 279.8 298.9 320.1 340.7 348.2 347 348.1 353.7 361.2 367.9 371.6 372.6 372.2 373.5 373.8 376.1 378 376 373 369.7 365.5 361.7 357.5 354 352.7 351.1 354.9 357.8 360.8 364.2 368.9 374.5 381.6 390.7 397.1 407.3 415.9 424 429.5 443.1 446.1 444.7 442.9 441.8 439.3 437.5 436.1 434.1 431.7 429.3 428.5 425.5 423.1 421.6 421.1 418.7 417.8 417 415.2 413.2 414.8 415.1 415 414.7 412.8 410.1 407 403.1
202.6 202.6 202.6 204.4 213.8 223.6 234.5 242.7 251.8 269.8 286.9 307.1 331.5 353.1 357.1 358.2 363.3 364 361.8 368.2 372.1 374.6 373.9 374.4 375.7 377.6 379.7 380.4 378.1 374.7 371.5 367 362 358 356.4 354.7 356.5 358.2 361.9 364.9 369 375.5 381.3 388.1 397.4 406.2 415.6 420 427.8 444.2 444.8 443.2 441.8 440.6 438.3 436.7 435.4 433.1 432.5 431 429.3 427.5 425.6 422.7 422.6 420.8 418.6 416.1 413.9 415.2 416.9 416.8 416.5 415.3 413.1 409.2 406 402.8
202.6 202.6 202.6 205 215.9 228.3 238.8 245.9 253.9 275 291.2 311.3 333.6 352.5 359.8 363.6 368.7 367.5 364.7 365.2 372.2 375.2 375.7 376.7 378.1 380 381.7 384.2 382.4 378.8 376 371.1 366 363.3 360.7 358.2 359.1 359.6 362 365.3 369.5 375.5 383.8 389.2 396.5 404.8 413.6 419.1 426.8 442.5 442.9 442.8 441.9 440.9 439.3 437.2 436.9 434.8 433.9 432.1 430.2 428.4 426.5 424.9 423.5 422.2 421.2 419.4 418.3 417.7 418.5 417.9 417.3 415.8 412.8 409.5 407.1 404.6
202.6 202.6 202.6 204.4 216.7 230.3 240.3 246.5 256.8 280.2 298.1 315.8 334.6 352.7 361.5 367.6 371.3 369.9 368.6 370.3 369.4 375.5 376.9 378.5 380.6 381.8 385.5 387.1 386.2 383.6 380.7 375.2 371 367.8 365.5 362.3 362.5 361.7 363.6 366.7 370.1 375.2 383.2 389.6 397.2 405.1 412.3 418.7 426.5 442.1 442.8 442.9 442.2 441.3 440.2 439.1 438.3 436.6 434.7 432.8 431.7 429.7 427.9 426.3 424.9 422.9 421.4 420.7 420.3 420.9 420.1 419.6 418.4 416.5 413.9 411.4 408.6 406
202.6 202.6 202.6 203.3 218.1 230.1 239.7 245.1 261.8 283.8 303 318.9 336.2 358.1 364.3 370.6 373.4 373.5 376.6 376.7 374.8 375.7 378.3 380.3 382.5 386.3 389.8 389.6 389.5 387.9 384.4 380 375.7 371.9 369.4 367 365.2 365 365.6 369 373 378.1 385.6 392 399 406.1 412.7 419.8 426.7 442.5 443.4 442.8 442.6 441.6 440.7 440 439.5 437.5 435.7 434.5 433 431.2 429.1 428 426.1 424.3 423.2 422.4 422.5 423.2 422.2 421.2 419.8 417.3 415.4 413.2 409.8 407.6
202.6 202.6 202.6 202.8 217.2 230.4 239 243.9 262.7 285 304.4 320.9 342.8 362.6 368.4 374.5 376 379.4 381.2 381.2 380.4 378.7 380.6 382.8 386.7 390.4 393 391.5 391.5 390.5 387.3 383.5 379.2 375.8 372.8 370.9 368.7 367.6 367.7 370.3 373.7 378.3 384.7 391.7 399.1 406.2 413.3 420 427.6 444.3 444.2 443.5 442.8 442 441.1 440.9 440.6 439.1 437.8 436.2 433.9 432.1 431 429 427.5 427.2 425.7 424 425.6 425.9 424.7 423 420.8 418.2 417.1 413.3 411.9 409.8
202.6 202.6 202.6 203.1 216.9 229.7 237.4 244.9 264.8 284.5 305.8 324 346.6 365.4 371.4 377.4 379.2 383.5 385.4 384.3 383.5 382 383.5 385.7 390.2 393.4 394.3 394.4 394.9 392.7 389.7 386 382 378.9 376.5 374.7 372.7 371 370.1 371.2 373.7 377.9 383.2 391.2 398.2 405.7 413.8 420.2 427.1 447 445.6 444.9 444.8 443.6 443.2 442.8 442.6 441.5 440.3 438.2 436.2 434.1 432 431 429.7 429.5 428.6 427.9 428.8 427.7 426.1 423.4 421 419.8 418.4 418.1 416.6 418.2
202.6 202.6 202.6 203.8 218.4 230.4 237.4 247.8 267.3 287.1 308.1 327.9 349 368 374.7 380.1 383 387.2 388.3 387.3 386 385.4 387 389.3 392.8 395.3 396.3 397.5 397.4 395 392.2 388.5 385 381.7 379.9 377.5 375.1 373.4 372.1 372.6 374 376.4 381 389 395.9 404.5 411.7 418.1 424.6 439.7 447.3 447.1 446.5 446.7 446.3 445.6 444.6 443.5 441.6 440 438.2 436 434.9 433.9 432.4 431.3 430.3 429.8 429.1 428.4 427.1 424.1 422.2 419.3 420.6 420.8 423.8 424.4
202.6 202.6 202.6 205.9 220.2 231.5 238.5 250.1 268.2 288.2 307.1 328 349.6 371.3 377 383 385.6 390.3 391.3 390.5 390.7 392 390.7 392.3 395.7 397.6 398.8 400.9 399.6 397.6 394.7 391.1 387.2 384.3 382.5 380.6 378.1 375.6 374.1 374 374.5 376.3 379.9 386.4 393.1 399.7 406.9 414 420.9 428.3 441.7 449.7 448.8 448.8 448.1 448.5 447 445.8 444.3 442.5 439.7 437.3 436.1 435.3 433.9 432.5 431.5 430.5 429.8 428.7 427.2 424.5 422.4 422.3 423.2 428 429 426.5
204.6 202.6 202.6 207.8 222.1 232.7 238.8 252.1 268.4 283.5 297.1 321.9 350.3 373.3 379.7 385.9 389 393.8 394.2 394.3 397.9 399.9 398.7 396.7 399 400.3 401 402.1 402 399.9 397.2 393.9 390.3 386.9 385.1 383.1 381.3 378.6 376 375.4 375.7 377 380.5 384.4 388.3 396 401.2 408.4 415.6 422.4 429.9 440.8 452.5 451.9 452.1 450.8 451 449.8 447.9 445.5 442.1 439.1 437.6 436.1 435.1 433.7 432.3 431 430.3 429.6 427.8 425 423.8 423.9 429 432.6 430.2 427.1
189.5 192.2 203.1 212.2 223.3 233 239.2 251.4 266.3 276.7 294.7 315.8 349.4 375.5 381.7 388 391.5 396.2 398.1 399.5 402.9 404.2 403.3 400.9 402.7 403.3 403.8 405.4 404.4 402 399.1 396.2 393.1 389.9 387.4 385.1 382.5 380.4 377.8 376.7 376.2 376.5 379.3 381 384.5 388.9 396.9 401.5 410.3 417.8 424.7 432.2 439.5 453.5 454.6 454.7 454 452.4 450.9 447.9 443.7 440.5 439.2 437.7 436.5 435.1 433.7 431.8 430.1 428.9 427.5 425.4 424.8 425.1 428.5 432 429.9 427.3
179.4 191.6 203.2 213.1 223.2 232.1 239 252.7 263.2 272.7 295.5 314.7 347.4 377 384 391.1 394.2 399.1 400.8 403.7 406.7 407.3 406 404.4 405.4 406.7 407.9 408.4 406.5 404.1 401.2 398.6 395.5 392.3 389.6 387.3 384.3 381.4 379.2 377 375.6 375.9 377.1 378 379.8 381.8 390.1 397.4 405.1 412 418.9 425.8 431.9 437.4 446.4 457.3 456.6 454.3 452.2 449.3 445.2 441.7 440.2 439 438 435.7 434.7 432.4 430.3 429.2 428 426.8 426 426.4 427.6 429.2 428.8 427.5
181.6 192.4 202.1 208.3 221.4 231.6 240.6 251.2 259 274.3 295.8 313.8 344.2 374.9 383.6 392.5 396.5 400.9 403.4 407.9 409.6 409.7 408.3 407.2 407.7 409.8 411.6 410.5 408.4 406.1 403.2 400.2 397.2 394.1 391.3 388.8 385.3 382.1 379.2 376.7 375 374.1 374.2 375.5 375.3 379.2 384 390.8 398.5 405 410.2 417.9 422.3 425.8 431.5 439.2 456.1 455.9 453.6 451 447.6 443 441.2 439.5 438.1 436.7 435.7 432.8 430.2 429.7 428.8 428.3 428.2 428.5 428.1 427.7 426.5 425.7
184.8 193.2 201.4 206.7 219.7 229.7 238.2 246.9 260.9 275.8 293.5 309.9 335 364.1 382.4 393.8 397.9 402.4 405.2 409.7 412.4 411.5 409.8 409.4 410.2 411 413.1 412.4 410.6 408.3 405.2 402.2 399 395.7 392.6 389.9 386.4 382.9 379.9 377.1 374.6 373.1 372.6 372.7 372.4 375.4 378.5 381.9 391.8 396.2 400.8 407.3 411 416.6 420.7 426 435.9 449.2 453.7 451.7 449 445.1 443.4 441.8 439.9 437.7 436.9 433.9 430.8 430.1 429.4 428.6 428.6 428.6 428.3 427.8 426.2 424.5
186 193.8 200 207.3 219.3 228.3 236.2 248.1 260.2 274.7 289.9 304 327.1 358.5 383.1 395.6 399.8 403.6 406.7 411 413.5 412.8 411.7 411.6 411.8 412.3 414.2 413.8 412.5 410.1 407.2 404.2 400.9 397.2 393.9 390.7 387.5 383.8 380.6 377.7 374.9 372.6 371.3 370.3 370.6 372 372.1 376.9 381.3 386.4 392.5 396.7 401.4 405.4 410 416.9 424.7 429.4 434.7 441.2 446.8 444.9 443.7 443.3 441.4 439 436.7 434.5 431.6 430.1 429.4 428.5 428.2 428.1 428 427.7 426.1 424.7
185 192.2 199.1 206.5 219.1 226.6 237.1 248.5 259.7 273.2 286.5 301.1 322.5 353.7 380.7 392.4 400.8 405 407.8 412.2 414.3 414.4 413.8 413.1 413.3 414 415.9 415.8 414.3 412 408.9 405.9 402.3 399.1 395.5 391.7 388.3 384.6 381.3 378.5 375.6 372.4 370.2 368.9 369 369.1 368.1 371.9 372.6 376.1 382.5 388.9 390.6 393.6 399.3 405.7 413.3 418.2 421.1 423 427.3 437.2 441.9 442.1 441.6 439.4 436.4 434.1 431.5 430 429.1 428.4 427.9 427.8 427.8 427.5 426.3 425.3
184.8 192 199 208.2 218.8 227 237.3 248.1 259.5 271.3 283 299.6 319.9 352.7 385.6 398.5 403.3 405.6 408.5 412.1 415.1 415.7 415.1 414.6 414.8 415.2 417.4 417.5 416 413.1 409.9 407 403.3 400.4 396.6 392.8 389.1 385.7 382.2 379.5 375.9 372.9 369.3 366.9 366.1 366 365.3 366.9 366.8 368.6 371.9 376.3 380.2 384.7 388.4 394.8 400.8 405.1 409 410.3 414.3 418.5 427.5 440.6 439.3 438.7 436.6 434.2 432 429.5 429 427.5 427.5 427.2 427.4 427.3 426.9 425.8
184.8 191.3 198.4 207.4 217.9 227.3 239.6 250 259.6 271.9 284.2 300.6 321.9 351.7 382 398.8 406.3 406.2 409.2 411.4 414.4 416.5 416.4 416 416.2 416.5 418.6 419.1 417.2 414.4 411.1 407.5 404 401 397.7 393.5 389.6 386.5 383 380.2 376.4 372.6 368.5 365.7 362.6 362.8 362.5 362.4 362.4 362.4 366.4 366.1 370.2 373.9 381.3 384.4 388.3 393.4 397.6 401.3 403.2 407 413.6 420.9 435 435.5 434.6 433.5 431.6 429.5 427.2 425.6 426.2 426.5 426.9 427.4 427.2 426.2
184.1 190.9 197.8 205.7 216.4 227.2 239.5 249.4 260.4 273.5 284.8 301.6 322.7 352.5 384.8 401.2 408.9 409.6 410 411.3 413.9 416.8 417.3 417.5 417.6 417.7 419.8 420.1 418.3 415.3 411.8 408.2 405 401.4 397.9 393.8 390 386.4 383.5 380.3 376.2 372.3 368.3 364.9 362.5 358.7 359.5 359 358.6 358.9 359.9 359.1 362.2 365.8 370.4 374.8 380.9 382.3 386 389.7 394 398.5 403 407.5 413.6 424.2 433 432.7 430.4 428.2 426.5 424.6 424.9 425.7 426.3 426.9 427.5 427.4
183.8 190.7 197.7 204.6 213.2 226.5 238.3 251.9 262.6 274.4 286.5 302.3 323.6 354.6 386.4 403.8 410.2 412.1 411.3 412.3 413.7 416.3 418.5 419.1 419 419.4 420.8 420.6 419.1 415.9 412.5 408.8 405.5 401.9 398.7 394.9 390.3 386.3 383.1 379.8 376.1 372.9 368.7 364.7 361.4 358.5 355.3 355.9 355.8 355.2 355.5 353.7 357.3 359.5 362.1 366.1 368.8 374.2 376.1 379.3 383.5 390.5 394.7 397 400.7 407.1 419.3 430.4 429.8 427.6 425 422.5 422.8 423.8 425.9 426.9 427.6 428.3
183.4 190.3 197.1 203.6 211.8 223.3 237 250.7 264.3 276.3 288.5 302.6 321 351.3 384.6 406.5 410.6 413.7 413.9 413.9 414.5 416.6 419.6 420.5 420.8 421.5 422.1 420.5 419.9 416.8 413.2 409.9 406.3 402.5 398.8 394.9 390.9 386.8 382.8 379.2 375.7 372.6 369.2 365.6 362 357.8 355.3 351.9 352.4 351.9 351.9 351.2 350.9 354 354.9 357.2 360.8 363.4 366.1 373 376.1 378.9 384.5 388.4 390.5 394.2 400.6 411.1 423.3 424.5 422.6 419.9 419.9 422.6 426.1 427.2 428.1 429
183.5 189.4 196.1 201.8 210.2 220.6 234.6 248.9 264.9 277.7 289.1 301.4 319 343.6 371.8 402 410.2 413.7 416.5 416.8 416.5 417.5 419.6 421.3 421.5 422 423.7 421.2 420 417.2 414 410.6 407 403.4 399.4 395.4 391.3 386.6 382.5 378.7 375.2 371.8 368.8 364.8 361.4 357.5 354.3 351.3 347.9 348.6 348.5 348.4 348.2 348.9 350.1 351.3 353.4 352.9 357 362.9 366.6 371.6 373.1 376.5 379.6 383.4 386.2 390.3 398.1 407.8 415.6 413.4 421 423.4 425.5 427.1 428.5 429.2
183.7 188.9 194.6 200.4 208.5 217.6 231.8 246.9 262.8 277.5 288.9 299.2 313.6 333 355.3 381.8 400.5 411 416.1 419.2 419.3 419.3 419.5 420.5 421.8 421.6 421.9 421.9 421.1 418.2 414.7 411.4 407.5 404.2 400.1 395.8 391.5 386.2 382.2 378.1 374.5 370.9 368.3 364.5 360.7 356.8 353 349.8 347.1 346 345.4 344.9 344.7 345.6 345.7 347.2 348.2 346.7 347.9 350.5 355.6 362.4 366.8 366.2 369.3 370.5 372.6 375.3 377.8 383.9 390.1 405.5 420.8 423.4 426.1 427.7 428.8 429.3
182.4 187.4 193.2 199 206.6 216 229.5 243 258.4 275.5 287.8 298.9 309.9 322.3 338.2 358.8 379.8 401.7 413.9 419 422.4 421.4 420.7 420 420.7 420.5 419.3 419.5 418 417.5 414.8 411.6 408.3 404.9 400.8 396.4 391 386.6 381.8 377.7 374 370.7 367.1 363.9 359.6 355.7 352 348.4 345.8 342.9 342.3 341.9 341.7 341.8 341.6 342.8 342.3 341.7 342.8 344 345.7 351.2 352.4 354 358.2 360.4 360.9 362.2 363.8 369.9 374.4 385.3 404.2 419.8 425.5 427.9 429.2 429.6
