public/OST50/SK29.asc
ncols 200
nrows 200
xllcorner 420000
yllcorner 390000
cellsize 50
[rows 35 to 69 of 200, columns 0 to 77 of 200]
400.2 397 393.7 391 388.8 386.6 384 381.4 378.7 375.3 371.1 365.7 355.1 350.6 354.7 352.7 350.9 351.4 354 356 355.2 353 351.7 350.1 348.5 347 345.2 344.1 341.7 341.4 344.4 345.2 343.3 341.7 340.3 337.4 334.4 332.1 331 330.8 328.1 321.6 337.3 346.8 354.4 357.2 358.6 356.5 354.5 352.7 350.1 347.7 345.4 343.2 341.6 340 338.4 337 335.8 334.5 333.2 331.7 329 327.4 325.3 323 320.7 318.3 315.8 313.3 310.3 307.1 302 297.6 294.3 291.2 288.3 284.6
405.5 402.2 398.7 395.6 393.4 391.1 388.8 385.9 382.5 378.2 373.8 364.9 346.3 359.6 361.1 359.4 357.8 359.7 363.3 362.8 361.3 358.8 355.6 353.8 352.3 350.7 347.9 346.8 345.1 345.6 347.5 350.1 349.9 348.2 346.6 344 341.3 339 338 337.7 336.2 331.4 330.9 342.3 348.7 355.3 360.4 361 359.4 357.5 354.4 352.9 352.2 351.4 349.4 348 346.2 343.5 342 340.7 339.4 337.8 335.2 333.7 331.8 329.6 327.2 324.7 322.3 319.5 316.4 313 308.9 304 300.3 297 293.5 290.5
408.9 405.7 402.7 399.5 396.5 394.1 391.8 388.9 385.4 381.3 376.6 370.4 360.2 366.7 367.2 366.8 363.8 367.7 369.9 368.5 366.9 363.8 360.6 357.4 355.8 352.5 350.2 348.8 350.6 351.3 353.1 355.6 356.1 354.6 353 350.7 348.2 345.8 345.2 342.4 341 339.5 336.8 338.3 349 355.9 359.5 361.9 361.5 359.3 357.7 356.9 355.4 357.2 356.7 355.5 353.5 350.8 348 347 345.6 344 341.5 339.8 338.4 336.1 333.8 331.7 329.1 325.7 322.4 319.1 315 310.8 306.7 303 299.5 296
411.7 409.7 406.4 403 399.9 397.2 394.5 391.9 388.2 384.3 379.2 364.6 369.1 373.6 372.4 372.5 371.1 374.8 375.7 374 372 368.8 365.6 362.3 359.1 357.3 354.7 356 357.1 357.6 359.8 361.5 362 360.1 358.1 356.5 354 349.5 349.2 346.9 345.1 343.6 342.2 345.4 356.1 363.1 364.7 365.3 364.8 362.4 360.3 359.6 358.9 360.6 360.7 360.5 359.2 357.2 355.8 355.7 353.5 350.4 348 347.1 345.6 343.4 341.3 338.9 335.8 332.3 328.7 325.3 321.3 317.5 312.9 308.7 304.6 300.5
416.9 413.4 410.1 407.5 403.8 401 398.2 394.9 390.8 386.3 376.7 369.9 375.8 379.6 378.3 378.7 377.7 383.1 382 379.8 377.2 374 370.9 367.5 364.6 363.1 361.9 364.4 363.7 365.7 369.2 369.6 368.6 366.4 363.8 361.3 359.1 356.7 353.6 351.3 349.4 347.8 346.3 351 361.1 370.1 369.3 365.1 363.9 364.7 364.7 364 363.4 365.8 367.8 367.2 364.8 363.7 362.2 360.5 358.7 357 355.1 354.8 353.2 351.1 348.2 344.9 342 339.2 335.8 332 328.1 324.3 320.1 315 310.7 306.4
422.7 419.7 416.3 412.4 408.5 405.3 402.1 397.5 392.1 385 377 381.9 381.8 385.2 385.2 385.4 384.3 389.9 387.1 384.5 382.1 379.2 375.8 373 372 372.9 372.3 371.9 375.4 378 378.7 377.5 375 371.6 369 366.5 364.7 361.7 358.3 356 354.4 352.7 350.8 355.2 366.5 365.9 365.4 362.7 360.3 359.8 361.2 364 368.4 371.4 375.3 373.2 371.5 370.2 368.7 366.9 365.7 363.8 362.2 361 359.6 357.5 353.7 350 347.2 344.6 342.1 339.1 335 331.2 326.6 321.7 316.5 312.1
428.5 425.1 421.7 417.3 413.5 410.2 404.4 399.1 392.4 383.5 387.3 389 386.4 390.4 391.4 391.4 392.6 394.5 391.9 389.2 386.7 384.3 381.2 380 380 381.5 383.1 386.6 386.5 386.7 386 383.8 380.8 377.7 374.6 371.7 368.9 365.5 361.8 359.9 358.8 357.7 356.1 356.5 365.9 365.4 363.6 360.7 358.6 357.4 355.3 355.7 360.6 364.6 371.6 374.1 375.8 376.5 375.2 373.3 371.8 369.7 367.9 366.4 365.9 363.6 359.6 355.7 352.8 350.3 347.8 345.8 342.7 338.3 333.3 328.6 322.3 317.8
433.2 429.7 426 421.4 417.5 411.4 404.4 398.1 390.6 393.8 396.1 396.9 395.5 396.2 396.9 396.8 399.9 399.7 397.2 394.4 390.9 388.6 388.4 389.6 392.1 396.3 396.8 396.2 395.3 392.6 389.9 387.5 384.7 381.9 379.2 376.5 373.7 370.6 366.1 364.4 363.2 362.2 361.7 360.4 360.9 365 365 363 360.3 358.7 356.8 354.1 350.2 353.7 357.6 361.8 365.9 374.9 379.7 378.8 376.9 375.3 373.8 372 371.4 369.8 366 361.7 358.6 355.9 353.5 351.6 349.6 345.6 341.1 336.4 330.5 323.8
437.5 433.7 428.7 423.6 418 410.5 403.9 397.5 399.2 400.7 403.3 405.3 400.8 401.9 402.6 400.9 405.9 403.7 401.4 399.7 396.3 396.7 396.2 397.9 404.7 408.3 407.1 403.6 400.6 396.3 393.2 390.5 387.7 385.2 384.1 381.3 378.5 374.8 370.7 369 368 366.9 366.3 366.3 365.4 366.3 366.6 364.4 361.7 359.1 357.6 354.2 350.8 347.2 348.4 351.7 353.4 356.6 362.9 369.2 371.2 372.3 373.4 375.2 375.3 374.1 371.2 367.7 364.7 361.6 359.3 357.3 354.4 351 346.9 342.3 336.6 330.6
439.5 434.5 429.3 424 418.1 410.2 406.2 407 407.2 408.1 411.6 410.7 409.1 408.6 409 406.7 410.6 408.2 405.5 403.7 403.4 404.9 405 411 414.9 416.7 412.8 408.2 404.4 399.9 396.3 393.5 390.8 388.8 387.8 386.3 383.4 380.1 376.2 373.7 372.8 371.7 370.6 370.4 369.5 370.2 368.7 366.3 363.8 361.1 358.1 353.7 346.6 345.6 341.5 347.4 349.1 349.9 351.1 352 353.6 355.9 360 365.1 367.9 370.1 372 371.2 370.5 367.6 364.6 361.4 358.1 354.8 351.4 346.5 341.1 335.9
438.9 434.6 428.4 422.5 418.6 416.9 415.7 414 413.6 415.5 416.5 415.6 415.2 414.8 412.1 415.3 415.1 413.1 410.8 410.4 415.2 415.6 421.5 425.4 425.6 422.6 417.3 412.2 407.6 403.3 399.7 396.8 394.4 392.4 391.5 390.6 388.5 385.8 382.3 379 377.6 376.1 375.2 374.6 374.3 373.1 371.8 369.4 366.9 364 360.9 357.2 348.8 338.5 335.6 338.2 341.8 343.9 346.1 344.7 344.7 345.5 347 347.1 346.9 348.9 353.2 357.2 363.3 368.2 366.9 364.7 361.4 358.5 354.8 350.4 345.7 340.6
440.6 435.2 429.3 427.2 426.7 424.6 423.7 422.2 421.4 422.9 421.9 420.8 420.3 419.9 418.4 420.5 419.9 418 419 422.4 427.5 430.4 435.9 435.8 431.1 428.1 422 415.9 411.1 406.6 403.2 400.5 397.9 396.1 395.3 394.4 393.4 390.7 386.7 383.4 382 380.7 379.8 378.4 377 375.7 374.5 372.6 369.8 366.9 363.8 360.5 354.7 340.8 330.4 323.5 324 331.6 332.1 328.3 329.8 330.7 335 336.2 336.7 340.2 340.4 341.1 343.4 349.4 358 366.9 365.2 361.3 358.2 353.7 349.1 344.4
444.6 440.5 437.9 437.2 434.8 433 432.1 430.9 429.1 429 428 427 425.5 423.9 423.5 425.4 425.2 427.6 431.5 436.8 440.3 445.2 444 439.8 435.3 431.2 425.4 420.3 414 410 406.8 404.3 401.8 399.9 399 398.1 397.2 395.5 391.4 387.2 385.9 384.4 382.9 381.5 380.1 378.8 377.3 374.7 371.7 368.4 363.7 358.1 353 345.4 334.3 325.6 320.3 315.4 313.9 311.5 313.2 315.4 319.1 321.1 326.7 332.5 333.5 334 335.3 336.9 340.3 349.4 358.4 363.2 361.2 357.1 353 348.9
450.5 448 446.4 445.1 443 440.3 439.8 438.6 436.8 435 433.4 431.2 428.9 427.3 430.4 429.6 433.7 439.6 445.9 450.1 452.4 451.9 447.7 443.6 439.4 434.1 429.8 425.4 419.6 414.3 411.3 409 406.7 404.9 402.8 401.9 400.9 399.5 395.3 392.1 389.5 387.8 386.2 384.6 383.3 381.2 378.8 376.1 373.1 368.7 362.4 356.1 350.2 342.9 331.5 325.7 319.2 315.3 312.8 310.1 307 304.8 305.2 307.9 313.8 320 324.2 324.3 328.1 330.3 331.3 334.3 340.2 348.5 354.1 356.2 356.4 352.8
457.3 455.3 453.4 451.7 449 447.3 446.5 445.1 442.9 440.3 437.5 436 434.5 434.7 434.8 438.9 444.8 451.9 457.6 459.8 458.7 456.2 451.7 447.3 443.1 437 432.9 428.7 423.9 419.9 415.7 413.4 411 408.7 406.9 405.7 404.5 402.8 399.4 396.2 393.2 391.1 389.5 387.4 385.3 382.7 380.2 377.6 373.4 364.8 359.1 353 341.3 332.9 331 326.5 321.8 318 315.6 313 310.2 305.8 302.9 300.4 302.2 307.5 310.8 313.8 317.2 318.8 321.1 324.7 329.1 333.8 337.8 342.2 345.6 347.5
462.3 460.4 459.7 457.4 454.5 453.6 452.2 450.3 447.7 445 442.9 441.2 440.5 441.4 442.2 446.6 453.5 463.6 465.6 465.2 462.6 460 456.1 451.5 446.9 441.5 437.5 433.2 429.7 424.8 421.1 418.2 415.4 413.1 411.2 410 407.9 405.6 403.4 400.2 397 393.7 390.8 388.5 386.4 384.2 381.3 377.1 369.2 363.8 357.5 352.4 346.6 340.3 337.2 333.2 327.3 321.8 318.9 316.3 313.3 310.1 306.9 303.4 299.5 295.8 299.1 301.1 304.4 304.6 308 312.8 318.4 322.7 325.4 328 331 333.7
466.4 464.6 463.8 462.5 459.8 458.2 456.6 455 452.6 450.2 448.4 446.6 446.2 446.4 448.5 452.9 463.1 470 471.1 469 466.4 463.8 460.4 455.9 451.4 447.7 443.1 437 433.7 429.6 426.5 423.5 421.5 418.2 415.2 413 410.7 408.5 406.2 403.9 400.1 396.8 393.9 389.2 385.6 382 378.7 375.3 368.5 363.9 357.4 351.9 348 343.8 340.1 335.1 330.3 325.2 321.7 318.2 314.9 311.8 308.9 306.4 302.8 298.9 295.1 291.7 291.1 292.4 296 300.8 306.8 311.9 315.8 319.1 321.9 322.3
470.1 468.7 467.9 466.4 464 462.5 460.9 459.4 457.4 455.7 454.1 452 449.4 449.3 453.1 458.9 468.3 474.8 475.4 472.7 470.2 467.5 464.4 460 455.9 452.3 448.1 442.9 437.8 433.8 430.6 427.4 424.4 421.3 418.5 416 413.8 411.5 409.3 406.7 403.3 398.5 393.3 389.5 386.1 382.4 378.7 375.1 370.2 365 358.2 353.1 347.4 341.5 337.2 333.3 329.1 326 323 319.7 316.7 313.8 311.5 309.2 305.8 302.5 299.8 295.7 290.9 286.3 283.8 289.4 296 302.1 305.2 307.3 309.9 311.5
471.5 471.2 471.1 470 468.2 466.7 465 463.2 463.2 461.3 459.3 456.7 454.1 451.7 456.8 462.4 471.1 476.9 477.4 475.8 472.4 469.2 466.2 463 458.8 455.1 450.6 445.3 440.1 436.9 433.8 430.7 427.7 424.9 422 419.2 416.8 414.6 412.3 409.5 406.2 401.8 394.4 389.9 386.7 383 379.6 376.7 372.2 366.1 357.7 350.9 345 339.6 335.6 331.5 328.3 325.6 322.8 320.6 317.9 315.4 312.6 311.1 307.8 305.1 302.6 298.7 294.8 289.8 284.6 281.2 287.8 293.5 297.3 299.3 300.4 302.4
472.3 471.9 471.3 471.1 471.1 470.1 468.3 467.4 466.7 465.5 463.8 460.9 458.3 456.5 458 461.6 468.4 472.2 475.4 475.4 472.8 471.1 468.6 465.6 461.2 457.6 452.9 447.6 443.8 439.8 437.1 434.2 431.7 429 425.7 422.7 420 417.6 414.7 412 407.7 401.4 396 391.5 387.1 384.2 381.7 377.5 372.4 363.4 356.1 349.4 342.5 338 333.3 329.6 327.3 324.7 321.8 318.2 315.9 313.7 312.5 309.9 307.1 307.6 305.2 300.6 298.3 293.5 288.1 282.6 281 286.3 290.7 292.6 293.9 294.4
470.7 473.6 471.8 471.1 471.1 471.1 471.1 470.6 469.6 468 465.9 464.3 461.7 459.8 459.2 460.3 463.1 466.2 469.8 471.9 472.2 470.4 468.7 466.8 462.3 457.8 453.7 449.9 446.1 442.3 440.6 438.2 435.7 433.1 429.8 426.6 423.3 420.5 415.3 408.8 403.8 397.6 392.7 388.5 385 382.4 377.5 371.4 364.2 358.5 353.3 347.8 341 334 330.5 327.2 323.9 321.5 318.2 315 312.3 310.4 308.5 306.7 306.1 306 304.6 302.6 301 295.9 290.8 281.1 282 280.4 283.7 286.1 287.9 288.9
467.9 467.9 467.9 469 469.6 470.1 471.1 470.9 470.3 469.7 468 466.3 465 462.9 461 461.7 461.8 462 462.9 466.2 466.9 466.9 464.7 462.9 461.1 456.6 453.7 451.5 447.7 444.5 442.7 441.2 438.7 436.4 432.7 429 425.3 421.2 413.2 405.2 400.6 395.3 389.6 386.9 384.4 379.3 373 368.1 362.6 357.6 351.5 343.1 335.8 330.3 327.5 324.4 321.1 317.5 314.5 311.5 308.5 306.4 304.4 303 301.8 300.5 299.5 298.4 296.9 294 289.5 277.2 282.8 280.6 281 283 283.6 284.8
461.4 462.7 463 462.5 462.7 463.2 464.7 466.7 469.1 470.6 468.6 466.6 465.9 465.7 462.8 461.3 459.9 459.3 459.9 460.2 460.5 461.7 462 461.5 461 458 454.9 453.1 449.8 447.9 446 443.5 440.8 438 435.1 429.4 423.2 415.3 409.7 402.9 398.1 392.5 387.8 385.3 383.3 378.4 371.4 367 362.1 356.9 350.2 340.9 333 328 324.3 321.5 318.5 315.2 311.4 308.2 304.7 301.9 299.6 297.6 295.6 294.5 293.4 292.6 291.9 288.5 284.7 274.1 279.3 277.7 279 281.4 281.5 281
462.9 460 458.8 458.7 457.3 456.4 457.6 459.2 461.4 464.6 467.5 466.7 465.8 464 461.3 460.2 458.7 457 457.1 457.2 456.4 457.9 460 460.2 460.6 458.5 456.1 454.1 451.6 449.4 446.7 444.9 441.8 437.6 430.9 425.6 418.3 411.4 405.5 400.2 396 392.3 387.9 384 381 375.4 370.4 365.9 359.8 352.2 348 342.5 334.9 330 322.5 318.8 316.8 314.8 312.7 308.8 305.8 301.5 298.2 292.4 289.7 288.5 287 284.2 284.3 281.8 279.4 264.2 271.8 271.8 277.5 279.3 278.8 277.9
461.7 460 455.5 454.7 454.2 453.2 454.3 453.6 454.9 457.3 461.5 464.4 463 461.4 460.1 459.1 457.4 456.1 454.6 454.4 453 453.1 455.2 457.4 456.9 456.4 456.1 453.6 451.5 449 446.3 443.3 439.6 433.3 426.4 420.7 414.8 410.1 405.6 401.3 396.6 392.2 387.8 383.9 379.8 377 373.5 368.6 362.6 355.6 348 340.8 334.3 329.4 325.6 322.4 319.5 318 316.3 313.3 309.9 306.6 303.4 301.5 293.9 286.1 278.5 269.6 267.4 264.1 265.3 252.1 260.6 269.1 272.5 274.4 275 274.8
460.7 459.1 456 451.4 450.3 450.8 448.8 449 449.6 451.4 453.8 458.4 458.4 457.6 458.5 458.3 457.5 456.5 453.7 450.8 450.2 451.1 450.2 451.5 451.8 451.9 451.6 449.6 448 445.5 441 436.3 431.7 426.4 421.5 417 413.9 409.4 405.8 401.5 396.8 393.2 389.7 387.6 384.2 380.7 377.1 373.3 366.7 357.2 350.2 342 336.6 332.1 329.1 326.1 323 320.8 318.5 316.7 314.7 311.9 309 306.6 303.8 300.3 297.8 293.2 284.6 276.8 264.6 249.3 243.6 260.7 266.8 268.1 268.4 268.9
460.8 457.9 455.1 451.5 450.1 444.4 444.7 445.3 445.6 445.5 447.5 450.5 453.6 453.6 454.3 455.3 456.3 455.2 453.5 450.1 448.9 449 447.3 446.3 446.4 445.9 445.1 443.7 443.9 437.7 433.1 431.4 427.1 423.5 420.3 417.4 414.4 410.7 406.3 404.6 399.9 397.2 394 391.1 388.2 384.9 381 377.1 371.9 363.1 355.5 349.1 342.9 336 332.2 329.2 325.9 322.8 321.1 319.5 318.3 315.6 312.9 310.3 307.1 304.5 301 296.9 292.3 285.3 278.7 273.6 247.4 239.7 258.1 262.2 262.1 261.2
457.3 455 453.2 449.8 447.2 444.5 441.2 440.6 441.4 441 441.6 443.5 446.4 448.5 450.1 450.6 451.2 452.3 451.6 451.1 449.2 447 445.3 444.2 443.2 442.2 439.8 439.5 439.7 435.5 431.3 428.6 426.4 423.7 420.3 417 413.8 410.9 408.6 406.3 403.9 400.8 397 394.3 391.6 388.9 385.2 380.8 375.8 370.9 361.5 354.8 347.7 340.4 335.7 332.2 328.9 325.7 323.9 322.3 320.7 319.2 315.5 313 309.6 305.6 301.9 296.9 290.9 286.4 281 274.4 262.1 230.8 239.9 248.9 247.3 245.4
452.4 452.3 450.2 447.1 444.2 441.6 438.9 437.6 437.2 436.9 436.7 436.8 438.4 440.3 441.7 444.1 446.4 447.9 448.7 449.1 447.7 445.8 445.5 444.1 442.6 441.5 438.8 437.4 435.9 433 430.3 427.7 425.5 423.9 419.9 417.2 415.9 414.7 411.7 409.8 406.7 403.5 400.1 397.4 394.7 392.1 389 384.8 380 375.2 368.9 360.2 351.1 344.4 339.4 334.8 331.9 328.8 327.1 325.1 321.8 318.8 314.5 311.6 307.8 303.1 299.1 294.3 288.8 284.2 278.3 267.8 251.2 232.1 225.9 223 222.1 219.8
450.7 447.6 445.2 442.7 440.7 437.9 435.3 434 433.6 433.6 433.5 433.4 433.1 433 433.9 434.8 436.1 441.7 444.6 446.2 446.6 446.1 445.4 444 442.4 441.1 437.9 435.9 434 431.5 429.1 426.8 424.6 422.5 420.3 418.1 416.5 415.5 413.5 411.8 408.9 405.9 402.9 400.4 397.5 394.5 391.1 387.5 382.8 377.8 370.1 361.7 353.8 347.6 342.2 337.3 334.4 331.1 326.7 323.1 319.7 316.1 312.3 309.3 304.8 300.3 296.8 291.7 286.4 281.9 267.7 244.5 227.6 226.7 226.7 224.8 224.7 225.6
454.2 449.7 445.6 440.2 437.6 434 433 432.1 430.5 430.5 430.4 431.5 430.7 429.8 429 428.7 429.9 431.4 434.3 438.9 441.3 441.7 442.4 441.3 440.4 438.9 436.7 434.7 433.5 431.9 430.5 428.9 427.4 425.3 422.2 420.6 419.1 417.2 414.5 412.6 410.7 408.2 405 402.1 399.9 396.4 392.9 388.4 382.5 375.3 368.8 362.4 355.7 349.8 344.1 337.5 332.4 327.9 324.2 320.6 317.2 313.4 308.3 304.7 296.5 292.2 289.5 286.8 279.1 269.4 247.2 229.8 238.6 248.9 256.9 260.3 257.8 242.3
455 450.7 446.3 442.1 438.3 435.9 430.2 429.4 428 427.4 428.7 429.1 428.3 427.5 426.7 426.8 427.3 426.9 427.1 428.6 431.6 433.8 435.9 437.7 437.4 437.7 435.9 435.2 435.1 433.7 432.3 431 428.9 426.8 423.7 422.1 421.5 419.2 416 414 411.7 409 405.5 401.7 398.7 393.1 389.5 384.7 379.2 373.8 368.6 362.8 356.6 349.2 340.2 333.9 329.2 324.8 317.9 312 302.8 296.4 290.5 286.7 282 277.4 275.3 271 265.4 242.9 233 241.4 254 265.8 275.1 272.5 269.9 249.9
454 450 446.1 441.6 437.7 434 430 427.2 425.9 425.7 427 426.8 426 425.2 424.8 425 424.7 424.4 423.6 423.5 424.5 426.6 429.3 432.1 434.9 436.8 435.6 435.6 435.6 434.9 434.2 431.8 429.7 427.5 425.3 423.5 420.9 418.9 417 414.6 411.7 409.2 405.9 401.3 396.2 389.5 384 380.3 375 368.8 363.5 355.5 351.1 338.8 330.1 327.8 318.3 309.4 301.4 294.3 288.8 283.7 279.7 275 272.6 269.8 265.7 261 251.2 235.5 244.8 258.8 269.7 281.2 279.7 276.5 272.3 267.6
453.1 449 444.5 439.6 435.6 432.7 429.1 425.7 423 420.9 423.7 424.7 423.7 422.9 422.6 422.3 422 421.7 421 419.8 420.4 422 423.8 426.2 429.6 433.5 435.7 435.9 435.9 435.9 434.2 431.8 430.1 428 425.9 423.5 420.6 418.4 416.9 414.3 411.1 408.4 403.5 398.3 391.5 384.8 375.8 370.3 364.1 356.1 349.8 343.4 331.3 318.8 313.6 306.7 303.5 295.9 288.6 281.7 275.1 268.3 269.5 264.8 264.7 261.4 255.2 249.4 241.5 244.1 260.8 271.8 288.3 286.4 283.5 280.2 276.2 274.1
450.4 446.3 441.5 437.8 434.5 433.7 432.3 431.6 430 424.9 418.6 420.4 420.5 420.6 419.8 419.7 419.4 419.1 418.4 417 417.9 419.6 421.1 422 425.7 430.1 432.4 433.6 435 434.1 433.7 432.7 430.5 428.4 426.8 424.4 421.7 418.9 416 412.3 409.2 404.8 397.5 389.6 383.8 375.6 368.5 360.5 354.6 347.3 339.8 332.7 317.7 315.4 313.1 306.7 299.2 287 276.6 267.7 256.9 255.7 252.4 251 252 247.2 243 241.3 240.6 260 272.8 293.2 293.3 291.2 287.7 284.2 281.1 279.5
