public/OST50/SK29.asc
ncols 200
nrows 200
xllcorner 420000
yllcorner 390000
cellsize 50
[rows 140 to 174 of 200, columns 78 to 155 of 200]
356.6 358.3 356.6 351.9 346.7 341.2 335.5 330.1 325 319.1 313.2 307.1 302.7 297.5 289.6 281.7 274.1 269.2 262.9 256.5 247.9 234.3 226.2 220.5 208.1 200.5 195.8 204.1 212.4 218.9 223 233.9 244.8 246.5 244.2 239.7 236.5 236.9 234.9 230.9 225.3 221.1 218.4 224 230.4 224.5 225.7 225.7 236.7 242.8 243 240.3 243.3 244.9 254.7 272.3 289.3 298.1 301.1 305.8 310 315.4 323.8 330.1 335.5 341.4 351.5 363.5 371.7 371.9 371.7 372.6 375.5 380.8 386.2 394.6 394.8 393.2
345.6 349.4 349.7 347.9 342.3 336.3 330.8 325.9 320.9 315.2 309.3 304.2 299.7 294 286.8 279.2 272.3 268 260.6 252.7 245.4 235.9 226.3 216.4 206.2 204.1 199.3 195.7 202.7 208 212.6 219.5 230.2 236.9 236.7 234.2 231.1 230.5 231.3 227.2 223 218 213.1 215.2 218 218.6 218.9 214.1 224.6 231.7 232.9 233.4 231.4 243.4 254.7 278.4 293.7 298.4 300 304.2 308.7 310.7 318.4 326 331.2 335.3 345.9 357.4 369.7 370.1 370.6 371.9 374.9 380.2 386.6 394.1 394.9 393.8
342.4 334.8 337.2 341.4 338.5 332.6 327.1 322.4 317.6 312.1 306.4 301 296.5 290.4 283.4 275.8 270.9 264.5 258.3 250.5 240.3 230 217.3 220.3 221.7 217.9 207.7 195.7 195.7 195.7 198.2 201.4 210.5 222.2 229.7 230 227.3 224.2 224.8 223.8 220 215.8 211.1 207.2 203.9 207.6 205.4 207.3 216.9 223.1 226.2 223.2 232.7 245.2 259.1 285.9 294.4 295.7 299.1 300.4 304.3 306.9 311.1 320.4 325.9 330.9 338.4 352 364.1 368.4 369 371.1 374.4 377.9 384.6 392.7 394.1 393.8
347.7 342.8 338.1 328.5 331.7 329.3 323.3 318.1 312.9 308.3 303.4 297.8 293.4 286.3 279.3 272.6 266.9 254.3 242.5 234.1 229.1 234.5 235.1 238.8 237.9 233.1 223.8 214.2 202.7 195.7 195.7 195.7 195.7 200.4 211.6 222.1 222.5 219.5 218.1 218.2 216.3 212.4 208.5 203.8 199.4 198 200.1 205.2 211.5 215.3 214 219.9 232.8 248.3 270.6 289.1 291.5 293 295.8 298 299.7 302.7 306.6 315.8 322.8 326.4 330.6 341 354 365 368.1 369.4 373.2 377 382 390.5 392.9 392.7
351 346.3 342.6 332.2 319.8 318.8 317.3 311.8 307.7 303.4 298.9 294 288.3 281.2 272.7 262.8 255.1 255.9 252.8 251.2 247.1 246.6 251.5 251.8 253.7 251.2 245.1 232.9 222.2 212.4 201.1 195.7 195.7 195.7 195.7 201.6 207.7 214.1 210.3 212.2 211.4 207.4 203.8 200.1 196.6 195.7 196.5 201.5 205.4 205.2 212.2 223.5 236.3 258.1 280.8 287.4 287.7 290.4 293.1 294.7 295.4 298.7 303.6 310.4 317.9 322.6 327 331.4 340.3 356.1 366.6 368.9 371 375.5 379.6 385.9 391.9 391.7
354.2 349.2 344.4 339.8 330.8 322.3 314.7 305.8 296.3 294.1 291.4 285.1 277.8 272.6 272.6 269 266.6 264.3 259.3 254.4 256.2 262.9 263.9 257.9 260 263.9 260.4 254.8 243 231.6 223.1 214.2 199.4 195.7 195.7 195.7 195.7 196.2 200 201.3 203.1 202 199.5 195.7 195.7 195.7 195.7 197.6 199.7 204.5 217.5 226.5 245.7 269.4 281.9 283.8 283.9 286.3 289.4 292.1 294 296.6 300.2 305.8 311.8 316.8 321.3 326 332.8 346.4 363 367.7 369.4 372.5 376.7 382.9 388.4 390.2
352.8 347.4 342.5 338 331.6 324.7 317.6 311.4 305.1 299.7 293.3 288.6 286 282.8 279.2 274.1 269.5 264.3 264.1 268 269.9 271.9 266.8 260.6 262.2 266.2 263.3 257.6 252.5 246.7 240.2 233.1 223.5 209.5 195.7 195.7 195.7 195.7 195.7 195.7 195.7 195.7 195.7 195.7 195.7 195.7 195.7 195.7 200.5 209.4 220.4 231.1 256.7 277.2 278.4 279.9 279.8 281.3 283.4 286.6 291.1 295.1 298.8 301.8 306.5 313.5 317.6 323.3 330.2 341.6 356.5 366.5 367.6 368.8 373.7 377.6 381.8 387.9
348.9 344.1 339.1 334.6 329.8 324.5 319 312.9 307.6 302.6 296.3 292.9 289.2 284.3 280.6 274.7 275.2 276.8 279.2 281.2 277.4 272.1 267.4 263.8 268.7 266.2 263.3 258.7 254 248.9 243 236.5 230.1 222.8 214.4 203.9 195.7 195.7 195.7 195.7 195.7 195.7 195.7 195.7 195.7 195.7 195.7 196.6 202.7 215 223.3 237.6 261.7 270.8 272.9 275.5 275.3 275.2 277.2 281.2 287.5 292.7 297.6 300.4 303.8 310.3 316.7 321.5 328.5 335.2 345.4 359 365.1 366.4 368.6 371.8 374.7 380.3
344.5 340 335.9 331.1 326 320.8 315.4 310.6 305.1 299.2 293.9 290.4 289.2 287.9 284.6 286.3 288 288.9 285.6 280.8 275.9 271.1 268 270.7 273.3 268.8 262.9 257 252 246.7 240.9 234.9 228.6 222.8 216.8 209.8 202.6 195.7 195.7 195.7 195.7 195.7 195.7 195.7 195.7 195.7 195.7 197.7 209.3 225.8 235.4 248.7 261.8 265.2 266.9 267.5 268.6 269.8 273.5 277.3 281.2 288.7 295 300.2 303.5 308.9 314.4 319.9 325.2 331.1 338.5 347.9 359.8 362.7 363.7 366.3 368.7 371.6
339.3 334.6 330.5 326.8 321.8 316.6 311.4 306.2 301.2 295.8 290.6 287.8 291 296.2 296.9 293.4 288.5 285.6 282.7 277.7 272.4 269 269.6 278.4 277.4 269.3 262.1 255.7 250.1 244.8 239.1 232.8 227 220.9 214.9 209.2 204.4 199.8 195.7 195.7 195.7 195.7 195.7 195.7 195.7 195.7 195.7 209.2 225.1 238.4 244.3 248.6 250.5 252.8 254.9 257.7 259.5 261.9 263.3 271.1 278.4 288.4 295.1 299.4 303.6 309 313.3 317.4 321 325.7 331.6 337.9 347.7 358.2 359.7 361 363.3 365.8
334 329.3 325.1 322.1 318.4 314.6 309.2 302.3 296.7 291.9 287.3 283.5 290.9 298.6 296.7 292.1 286.7 282.2 278.4 273.2 267.9 265.1 268.9 277.1 277.2 269.3 261.5 255.7 249.2 243.3 238.3 231 225 218.9 213 208.3 203.5 199.6 195.7 195.7 195.7 195.7 195.7 195.7 195.7 195.7 196.3 214.8 224.5 233.5 239.6 242.7 243.4 242.9 243.3 243.5 247.9 253.6 259.3 267 277.4 286.5 293.4 297.7 303.1 307.8 309.8 313 316.4 320.8 325.7 331.4 337.3 346.1 356.2 356.8 358 360.5
329.1 323.9 321 318.7 315.1 310.3 306 299.9 292.8 286.6 281.7 278.5 281.8 286.5 291.9 287.8 283.2 278.6 273.5 268.3 263 259.1 265.6 272.6 275 267.7 260.5 252.9 246.5 239.6 234.6 228.9 223 217 212 207.3 203.1 199.1 195.7 195.7 195.7 195.7 195.7 195.7 195.7 195.7 195.7 201.5 215.3 224.5 230.8 235.9 237.6 235.2 232.3 234.5 241 247.4 254.3 263.9 271.7 281.3 289.5 295.5 300.9 306.9 306.4 308.6 312.5 315.8 320.1 323.5 327.9 334.9 347.5 353.8 353.6 355.4
325.7 321.2 316.9 313.9 310.5 306.5 301.6 297 289.7 283 276.7 273.2 273.7 281.3 279.7 280.7 277 272.3 267.5 262.7 257.6 254.3 260.9 267.6 271.2 268.7 262.5 255.3 248.2 240.6 233.5 227.9 222.8 217.8 212.4 207.3 203.3 199.1 195.7 195.7 195.7 195.7 195.7 195.7 195.7 195.7 195.7 195.7 203.5 214.5 221.5 224.8 225.1 219.9 223.3 230.2 238.4 245.5 251.5 258 269 275.1 281.7 290.6 295.8 302.9 305.1 306.2 308.7 311.4 314.4 317.7 321.9 326.6 336.3 350 351 351.6
323 319 314.1 307.8 304.9 300.9 296.9 292.6 286.3 278.6 272.2 268.3 266.7 266.3 268.4 274 270.4 266 261.3 256.4 251.6 248.2 253.2 260.4 264.9 265.7 263.1 257.2 251.1 242.2 235.4 230.1 225 219.7 214.7 209.7 203.7 199.7 195.7 195.7 195.7 195.7 195.7 195.7 195.7 196.8 193.3 186.2 195.1 205.7 214.4 209.4 205.1 212 218.3 231.2 236.7 245 249.7 260.9 267.5 270.6 279.1 296.9 301.2 302 304.4 305.6 305.2 307.5 309 312.5 316.7 321.5 328.1 339.9 347.5 348
318.8 313.6 308.3 303.5 298.9 294.9 290.8 286.8 281.2 272.7 266.9 262.9 258.6 257.3 256.4 253.9 264 259.8 255 250.2 245.7 242 244.2 250.1 255.7 258.7 259 256.5 251.7 244.2 237.8 232.1 226.2 221.5 217.8 213.5 207.9 201.6 198.4 195.7 195.7 195.7 195.7 197.9 190.7 182.8 177.8 180 191.1 196.9 198.4 196.4 197.8 207.9 221 231.5 240.2 247.3 251.1 255.4 261.5 266.2 273.8 279.7 290.1 302.8 305.1 304 302.9 303.4 304.8 307.4 312.4 317.5 322.2 330.4 342.6 343.8
313.3 308.1 302.2 296.3 292.7 288.2 283.8 279.3 274.9 269.4 262.8 255.3 251.1 250.1 255.5 257 257.4 253.5 248.7 245.2 241.4 237 233 241.4 244.3 249.3 252.7 252.8 248.9 244.4 238 231.6 226.3 221.1 217.6 215.2 210.6 204.6 199.8 195.7 195.7 196.8 188.4 178.6 177.6 171.4 167.3 176.8 187.8 190.4 189.1 188.4 195.2 212.7 224.2 232.6 238.5 244.7 249 252.2 255.2 259.4 265.5 270.7 272.2 284.5 298.3 301.5 300.1 300.6 302.2 303.8 308.8 312.6 318.1 327.1 336 338.4
307.1 299.9 296.8 291.3 286.6 280 276.3 273.5 269.4 264.3 257.8 250.1 244.1 241.1 246.2 244.6 239.3 248.5 244.7 240.4 236.1 231.2 226.3 230.1 232.5 237.7 243.3 247.1 246 242.3 237.6 232.1 227.1 221.8 217.2 213.9 210.3 205.7 201.4 195.2 191 187.1 180.9 176 170.7 166.1 164 173.6 183.2 182.8 182.3 181.5 197.5 211.3 220.3 229.9 231.5 235.1 239.8 245.8 249.5 252.1 255.5 259.2 266.1 270.6 281.5 294.3 298 297.5 299.2 301.1 304.7 311.1 317.7 322.9 329 331.6
298.1 292.4 289.5 285.9 280.1 274.3 265.5 266.7 262.3 257.4 252.5 245.7 237.1 233.8 232.9 230.2 230.2 241.6 238.9 234.5 230.1 224.6 218.9 218.9 222.9 225.7 232.7 238.2 240.7 239.4 235.7 232.3 227.7 223 216.2 211.8 208.2 204.6 200.9 197.2 192.2 187.1 182.7 176.9 171.4 166.8 165.1 166.9 177.8 177.9 176.6 183.6 197.1 208.6 215 221 225.5 227.9 231.8 240.9 243.5 245.2 248.8 252.7 258.6 263.5 270.6 282.8 293.8 294.2 295.2 298.2 301.2 307.7 313 317.3 322.2 325.6
291.4 285.6 281.5 277.9 272.9 266.7 257.1 257.8 254 250.8 245.9 242.3 232.4 225.5 224.4 223.4 227.4 225.4 228.1 229.1 223.4 218.9 214.2 209.8 213.5 215.3 222.2 228.4 232.6 233.2 231.9 230.6 227.3 223.5 218.6 210.4 207.1 203.3 199.4 195.5 190.7 187.4 184 179.3 173.5 167 163.7 163.9 171.8 172.6 172.8 184.1 195.6 205.8 211 214.9 218.5 222.2 225.7 233.9 239.1 240.9 242.8 246.6 250 252.4 260.6 269.7 283 291 292.5 294.4 296.4 300.1 306.5 311 315.9 320.6
285.1 279.5 274.1 267.6 263.7 258.5 251.2 248.8 245 241.8 239.4 236.3 230.1 219.7 213 218.6 218.8 219.2 224.8 221.6 216.6 212.3 207.9 203.6 204.4 206.7 211 214.7 222.5 225 224.6 224.4 223.7 221 217.8 212.5 206.1 201 197.2 193.5 190.7 187.3 183.9 180.2 174 166.7 162.6 163 164.3 167.9 173.5 183.4 193.1 202.2 206.5 208.8 212.3 216 219 224.1 233.8 236.5 237.8 239.1 243 246.3 250.6 258.6 271.5 285.4 287.3 289.2 291.7 294.8 299.3 304.4 309.2 315.8
278.7 272.8 267.4 262 255.7 250.5 245.9 241.2 237.8 232.7 228.9 227.7 223.4 217.2 205.1 210.4 213.5 211.2 221.1 215 211.1 206.7 203.2 200.2 198.1 199.7 199 200.6 207.6 212.5 216.3 217.9 219 217.2 215.1 211.6 206.3 200.8 195.3 191.6 189 187 183.5 179.6 175.4 168.1 160.2 160.9 162.2 164.2 172.8 178.4 186.8 194.4 195.7 201 207.4 210.4 213.8 219.8 228.7 231.6 232 232.6 236.1 238.5 243.5 252 261.1 276.3 281.5 282.7 286.2 289.2 292.4 297 304.3 314.8
272.2 266.4 260.6 255.2 248.4 243.1 238.3 233.6 229.2 224.1 218.6 216.5 209.2 206.6 201.8 204.1 207.1 208.5 209.6 209.5 205.6 202.5 199.4 196.5 193.2 193.4 191.2 191.3 193.6 196.5 203.1 208.7 209.5 207.7 209.3 207.1 203 198.1 193.8 190 187.4 185.8 182.3 178.5 173 167.4 160.5 159.6 160.1 163.9 169.8 175 176.7 181.5 184.9 192.8 200.2 205.3 208 214.2 222.5 226.6 226.7 226.7 228.7 233 238.1 244.9 252.4 267.6 276 277.3 279.6 282.4 286.9 293.1 305.3 313.7
264.8 259.6 254.3 245.6 241.2 236.3 230.6 224.9 219.8 214 208.7 202.9 199.4 199.7 199.1 197.2 201.5 206 201.9 200.4 198.5 195.3 195.2 191.6 190.8 184.2 184.7 184.8 183 183.2 183.2 185.4 191 195.8 197.2 198.7 197.5 196.8 192.1 187.7 182.3 181.9 180.2 176.3 173.7 168.8 165.8 159.2 158.5 160.3 167.7 167.6 168.3 172 176.9 184.2 191.6 198 201.5 207.2 215.5 221.7 222 221.9 223.8 227.2 231.5 237.8 244.7 255.5 268.9 270.8 272.8 275.4 282.8 299.5 308 309.7
257.1 249.7 246 238.7 233.2 228.8 222.1 218.5 211.7 206 201.7 197.9 197.2 191.2 191.1 191.4 194.1 193.1 197.4 194.1 192.3 182.7 183.4 179.5 176.7 175.9 176.1 177.8 174.9 170.8 169 168.1 167.9 179.9 181.3 181.7 180.9 179.4 178.4 180 176.2 174.4 173.3 172.3 169.5 164.1 160.3 158.8 156.8 155.5 156.4 158.5 156.8 159.1 167.5 177.2 184.3 188.7 192.5 199.2 205.8 215.1 217.2 217.4 219.3 221.4 225.8 230.8 236.9 244.1 256.9 264.8 266.9 274.6 284.7 303.3 304.2 304.4
249.5 244.3 237.4 229.9 226 222.7 215.9 209.4 206.7 200.9 197.1 192.2 189.2 191.5 196.3 194.8 189 185.2 182.2 179.6 177.7 179.8 181 180.2 178 176 176 173.9 173.7 176.1 175.3 173.9 170.5 167.2 166.9 166.6 166.4 165.6 163.9 163.4 162.9 162 161.8 160.2 159.3 159.1 159.1 159.6 159.5 159.7 157.8 156.8 154.3 153.1 153.1 163.5 172.2 177 182.9 189.4 196.4 202.8 211.4 212.8 214.5 216.1 219.4 223.8 229.3 236.8 247.3 257.4 263.1 273.6 290.2 298.4 298.2 298.7
240.4 236 228.9 221.5 214.2 213.4 201.9 200.8 214.5 203.2 197.3 191.8 189.2 194.5 199.5 199.2 197 194.5 190.9 189.4 188.8 187.1 186.4 185 182.7 179.2 180.1 184.4 184.3 183.2 182.2 180.4 178.1 173.6 167 169.1 169.7 169.4 168.5 167 164.4 163.4 162.7 162.2 161.8 162 161.8 163.8 164.4 164.3 163 162.5 161 157.8 154.1 153.1 156.2 165.6 173.7 181.4 189.4 194.5 200.9 208 208.5 210.9 214.1 217.4 222.7 228.9 235.7 246.5 260.5 275.5 294.4 297 295.1 293.6
233.2 227.6 220.5 213.2 205.7 200.8 200.8 200.8 200.8 213.7 203.2 196 192.7 200.7 203.4 202.8 201.2 199.2 196.5 194.4 192.4 191.8 190.9 189.6 188.4 188.7 190.1 190.3 190.2 188.2 185.6 187.1 186.8 186.4 184.7 184.9 182.8 181.9 181 176.1 173.8 171 168.7 167.8 167.8 168.1 167.8 167.7 169.3 168.9 168 167 165.2 162.4 159.9 154.8 153.1 153.1 162.1 175.1 182.5 186.8 193.1 200.4 203.6 205.5 209 211.8 215.6 219.9 228.8 244 259.6 273.1 291 293.5 292 290.1
228.7 221.8 218.3 209.7 200.8 200.8 200.8 200.8 200.8 200.8 211 209.7 201.6 209.8 208.1 206.4 205.2 203.9 201.7 199.5 197.3 196.3 195.3 194.4 193.8 195.2 195.3 194.4 194.1 193 192.3 193.4 192.8 192.1 191.1 190.4 188.7 187.2 184.2 180.9 179.7 176.7 175 174.6 174.5 174.4 173.9 172.7 172.9 172.4 172.4 171.4 169.3 167 164.6 161.9 156.7 153.1 153.1 159.1 169.8 177.4 184.5 191 194.7 198.9 202.8 203.6 206.5 211.8 222.2 234.3 253.3 265.1 285.9 290.1 288.6 286.6
228.7 220.6 204.8 200.8 200.8 200.8 200.8 200.8 200.8 200.8 207.6 207.3 216.2 214.6 212.6 210.9 210.2 208.8 205.7 204.2 202.8 201.5 200.4 200 200.1 201.5 201.4 201 199.6 198.6 198.1 199.5 198.5 197.5 197.4 196 194.4 191.5 188.9 186.2 185.1 180.5 178.8 180.1 180 179.5 178.5 177.9 177.7 176.1 174.9 174.5 173.9 171.5 169 166.1 162.6 159 153.3 153.1 153.1 165.7 174.8 178.3 183.4 190.9 196.2 198 201.6 206 215.8 226.2 244.5 255.2 272.8 284.2 284.7 283.1
223.3 211 200.8 200.8 200.8 200.8 200.8 200.8 207.9 217.2 218.3 220.7 220.4 219.2 216 215.6 215.6 213.9 211.1 210 208.8 207.3 207.2 207 206.8 208.3 208 208.1 208.5 207.4 205.2 205.5 205 205.2 204.3 202.1 200.5 196.3 193.9 192 189.4 186 184 185.2 185.2 184.2 183.1 182.6 182.1 179.9 177.7 176.9 176.2 174.7 172.8 169.1 165.6 162 158.8 154.5 153.1 153.1 159.6 163.6 174.3 181.9 186.9 188.9 194.1 200.6 208.6 217.3 227.9 247.9 257.3 273.1 280.1 279.9
216 200.8 200.8 200.8 200.8 200.8 200.8 213.5 219.2 223.4 226.1 226 224.5 223.2 221.2 220.5 220.5 219.4 217.8 217.2 215.9 214.3 215.7 215 214.5 215.7 216.1 216 216.6 216.6 214.3 211.7 213 213.2 211.2 209.1 206.6 201.6 199 197.1 192.6 192.8 190.1 191.1 190.4 190.1 188.7 187 186.2 183.6 181.3 179.9 179.3 177.5 175.6 173.3 170.4 167.5 164.3 159.8 154.3 153.1 153.1 154.5 164.2 172.9 173.4 180.5 190 195.9 201.2 206.9 215.6 230.7 245.4 255.6 268 276.3
200.8 200.8 200.8 200.8 200.8 200.8 200.8 218.6 225.1 229.2 230.1 229.7 228.8 228.2 227 227.3 227.1 227.6 227.1 226.4 227.1 226.4 225.3 225.3 225.1 223.4 225 225 224 224.4 222.9 220.7 219.9 219.3 217.8 216.5 213.1 209.1 207.2 202.1 199.1 197.2 196.1 196.1 195 194.8 194 193.1 192.5 188.3 185.3 183.5 182 181.8 180.5 177.4 174.4 173.1 169.5 166 160 153.1 153.1 153.1 154 163.5 162.8 176.7 184.6 190.2 195.1 198.9 204.9 213.1 227.7 240.1 243.5 260.4
200.8 200.8 200.8 200.8 200.8 200.8 217.2 223.9 229.4 233 235.1 234.6 233.8 233.4 234.2 234.9 235.8 236.8 237.9 238.3 237.8 237.6 236.4 234.5 235.2 234.5 233.7 234.3 233.9 231.7 230.7 231.5 229.2 229.2 226.7 223.9 220.8 218.2 214.4 207.7 207.1 205.1 203.1 202.5 201.1 199.3 198.4 198.8 198 195.2 191.3 187.8 188.5 187.2 185 181.4 178.2 176.4 174.7 172.5 166.5 159.2 153.1 153.1 153.1 153.1 157.6 169.3 178.1 184 186.8 189.5 194.1 200.7 209.3 222.4 233.8 237.1
200.8 200.8 200.8 200.8 200.8 213.9 223.8 228.7 232.8 237.2 239.7 241.3 241.7 241.7 242.1 243.5 245.6 247.9 249.2 249 247.6 246.3 244.1 242 240.5 241.3 241.7 246.6 246 242.9 242.3 245.6 245.1 245 243.4 239.9 232.1 228.5 223.7 218.1 214.7 213 210.5 207.7 205.7 205.3 204.9 204.6 202.5 200.6 197.6 193.5 195.1 194.7 192.4 189.8 187.8 184.2 180.4 176.3 173.3 166 159 153.1 153.1 153.1 153.1 157.2 167.6 176.5 181.1 183.9 186.9 191 197.6 206.3 218.9 227.9
200.8 200.8 200.8 200.8 200.8 219.9 228.3 232.5 237.2 241.6 245.9 248.6 249.3 249.5 250.4 253.4 256.3 258.5 259.7 258.8 258.6 257.6 256.3 251.6 250.4 250.9 253.6 257.6 256.7 253.4 251.3 253.6 253.3 252.7 250.4 248.5 244.9 241.7 235.4 228.2 224.1 220.8 218.8 217.4 213.1 211.6 211 210.9 209.3 208.5 205.8 202.6 203.3 202.9 202.5 199.4 198.3 194.3 189 183.3 177.6 171.9 164 157.4 153.1 153.1 153.1 153.1 156.2 165 174.4 177.7 179.2 182.9 187.4 197.8 204.9 214.9
