public/OST50/SK36.asc
ncols 200
nrows 200
xllcorner 430000
yllcorner 360000
cellsize 50
[rows 0 to 34 of 200, columns 0 to 77 of 200]
318.6 323.6 327.8 329.6 329.2 327.7 325.8 323.6 321.4 322.8 325.6 327.4 326.8 325.7 323.9 321.1 319.2 317.1 315.2 313.2 310.6 307.5 305.5 303.8 300.6 297.4 294.2 291.5 287.8 284.2 280.4 275.6 269.9 263.8 257.1 249.4 247.5 245.7 242.9 241.4 235.1 231.9 229.3 226.2 222.5 219 213.7 208.9 205.2 203.4 198 195.5 193.2 188.8 185.7 183.5 182.8 180.6 177 171.5 169.9 172.3 173.9 178.8 183.3 185.4 185.7 183.9 181.8 177.4 174.3 168.6 164.3 158.9 158.9 156.2 152.4 148.6
320.4 325.9 329.3 332.7 332.2 330.4 328.8 326.7 324.5 324.7 326.6 329.1 329.8 328 325.2 323.1 321.8 320 317.5 315 312.3 309.5 307.3 305.4 302.3 298.8 294.7 292.7 289.9 286.4 282.9 277.7 273.5 268 262.3 258 253.9 248.4 243.8 239 233.4 224.6 218.8 214.9 216.6 217.1 212.4 208 203.9 199.7 195.5 191.3 188.7 188.3 183.5 181 178.8 178 178.1 174.8 171.1 167.8 166.6 171.2 175.6 178.4 179.8 180.4 179 177.8 173.4 170.3 164.6 161 155.6 154.1 151.9 149.5
323.3 326.8 331.5 335.3 335.2 333.8 331.6 329.6 327.6 326.7 327.6 329.1 331.2 330.8 328.3 326.1 324.8 323.1 320.8 318.2 314.9 312.4 309.6 307 303.1 299.6 295.5 291.9 288.7 285.5 283.1 282.1 278.6 275.2 271 265.1 259.1 254.1 247.9 241.8 238.2 235.4 231.1 227.8 226.5 222.9 219.8 216 212 208.4 203.2 199.3 197 195.4 193.4 191.5 187 184 181.1 178.1 176.6 173.4 168.8 162.1 169.8 177.7 177.7 175.9 176.4 175.6 173.8 170.7 168.2 163.9 159.8 154.9 153 151.8
325.4 327.9 332.6 336.6 338.2 337 334.2 331.3 329.5 328.6 328.5 328.9 330.9 332.5 331.2 329.5 327.9 326.3 323.6 321.1 318 315 312.3 309.9 306.1 302.2 298.2 294.7 290.8 288 285.3 284.8 281.9 278 274.7 269.6 264.4 258.4 250.4 246.2 243.4 240.7 237.5 234.6 231.6 228.3 224.4 220.5 216.4 213.1 209.8 206 205.6 204.9 203.1 199.9 196.9 193.1 190 186.1 182.2 177.8 170.5 164.8 163.1 171.4 179.7 177.4 173.5 175 175.6 174.2 171.3 168.4 164.3 159.5 154.7 153
326.4 328.3 332.4 337.4 339.4 337.5 335.7 332.8 330.9 329.9 330.2 328.4 329.9 330.9 331.4 330.9 329.6 327.8 325 322.2 320.9 318.4 314.1 310.9 307 304.4 301.7 298.6 294.5 291.3 287.8 284.7 282.3 280.1 276.3 271.6 265.7 258.4 255.2 251.6 248.1 245.5 242.1 239.2 235.8 231.6 227.7 223.4 219 214.8 213.3 213.4 211.3 211.2 208.5 205.1 203.7 198.9 194.9 190.8 186.3 180.8 174.7 166.7 159.6 164.1 173.3 179.3 176.5 172.2 177.1 177.6 175.4 173.9 168.6 165 159.2 154.5
327.2 329.1 331.4 336.6 338.8 337.1 334.7 332 330.6 329.5 330.1 330 328.8 329.6 329.1 328.3 326.5 324.5 321.2 317.2 314.2 312.9 309.5 303.8 300 299.2 297.9 300.9 298.9 295 291 287.3 283.4 279.7 274 270.5 267 262.9 259.3 255.5 252.3 249.6 246.5 243.3 239.6 234.4 229.1 223.1 218 214.6 208.9 210.5 209.4 207.2 203 199.2 195.4 191.4 188.1 184.8 182.2 179.6 177.2 170.6 161.7 154.3 163.3 174.4 179.5 174.2 173.6 176.5 176.3 174.1 171.2 167.4 162.4 158.3
328.2 329.2 330.4 332.9 334.3 333.7 331.7 330 328.8 328.3 328.4 328.8 328.6 327.3 327.5 326.2 323.9 323.7 320.9 317.1 315.8 312.9 309.2 307.4 304.4 301.2 298.8 296.3 299.6 297.9 294.3 289.9 286.4 282.4 278.5 275 271.3 267.3 263.5 260 256.4 253.4 250.5 246.8 243.2 237.9 229.5 223.3 218.8 213.2 208.5 203.6 200.9 198.2 194.2 191 187.2 184 181.5 178.6 177.3 176.7 174.7 174 165.9 158.2 154.3 163.5 177.4 177 169.6 169.4 169.2 169.1 167.5 164.7 162.6 159.5
329.4 330.4 331.3 331.6 331.6 331.1 329.8 328.7 327.3 326.9 326.4 326.2 326.3 326.8 326.7 325.4 324.1 323.4 321.8 320 317.6 316.3 311.5 308.9 306.4 303.6 301 297.4 293.6 297.1 295.9 293.2 290.1 285.6 282.1 278.3 275.3 271.4 266.9 264.2 261.1 256 251.3 247.6 242.8 236.7 229.8 225.6 219.9 215.8 212.2 204.9 198.3 194.6 190.1 186.7 183.6 180.5 177.8 174 173 172.3 169.7 169.6 167.3 160.5 153.9 151.8 161.8 170.2 171.4 165 162.6 162.2 161.4 161.9 158.5 154.3
330.7 331.7 332.5 332.1 331.9 331 329.5 328.2 328.1 326.3 325.2 324.3 324.4 324.5 325.2 325.6 325.4 325.1 323.8 322 320 316.8 313.8 311.4 308.1 304.4 300.9 297.6 294.1 288.1 287.4 289.3 291.2 287.7 284.2 280.3 274.9 269.7 265.3 262.3 258.3 253.9 248.3 244.1 238.9 233.9 229.7 226.4 222 219.1 214.9 207.9 200.5 195 187.7 184.9 182.4 179.6 176.6 174 171.2 168.5 165 163.1 160.3 157.5 154.5 151.6 149 155.9 165.6 167.6 159.8 155 155.3 153.3 152.7 149.5
332.7 333.4 334 334.1 333.5 332.8 332.2 331.1 329.7 327.9 325.8 324.5 323.2 322 322.9 323.3 323.5 323.7 324.5 324.1 321.5 319.2 316.4 312.9 310.1 305.7 302.2 299 295.8 291 285.5 278.5 285 283.9 279.9 275.2 270.9 266 262.3 258.6 254.2 249.4 245.2 239.7 235.6 232.5 228.9 226.5 222.9 218.1 213.3 207.4 201.7 196 191.4 188.5 185.7 182.7 180.1 177.2 173.5 169.9 165.8 161.4 158.4 155.6 153.7 152.4 150 147.4 153.9 161.5 162.2 154.8 150.1 147.4 145.6 142.8
334.2 334.2 335.1 335.3 335.4 335.2 334.3 333.6 332.2 330.4 327.9 325.9 323.8 321.8 319.7 320.6 320.9 320.9 321.7 322.1 323.1 321.4 318.8 315.6 312 307.8 303.8 299.1 295.1 291.3 286.1 275.8 271.3 273.4 273.4 269.8 267.5 265 261.1 256.1 248.9 244.3 239.8 235.6 232.3 228.9 224.7 221.2 217.7 214.2 209.2 204.6 200.5 195.8 193.1 190 186.4 183.4 179 175 171.2 166.9 165.4 162.2 160.4 158.3 156.1 153.9 151 147.6 143.1 151.1 156.8 155.8 150.3 145.9 142.6 140.2
334.9 335.1 335.2 336.1 336.6 336.6 336.2 335.4 333.9 332.3 330.3 327.7 324.9 322.5 320.6 318.5 318.5 315.9 313.8 317 320 321.4 321 318 313.8 309.6 305.2 301 296.9 292.6 286.5 279.8 272.6 263.3 264.4 266.3 263.8 260.9 256.9 252.3 247.4 241.6 237.2 233.2 229.6 226.5 221.8 218.1 214 209 205.7 202.4 196.7 192.8 189.8 185.2 184.7 181.2 178.9 176.6 174.3 172.8 172.3 168.5 166.4 163.9 159.9 157.2 154 150.3 144.3 142.3 145.8 148.5 147.4 145.1 142.4 139.1
335.5 335.7 335.8 336.8 337.4 337.7 337.4 337.1 335.9 333.8 331.6 329.2 326.6 323.8 321.5 319.2 318.1 316.6 314.8 311.5 311.4 315 317.2 317.5 314.7 311.1 306.6 302.4 297.1 290.6 284.5 277.1 271.8 264.7 258.5 259.4 258.4 254.5 251.2 247.2 242.8 238.3 234.4 231.3 228.3 225.4 220.5 216.1 209.2 204 200.6 201.1 197.7 197.3 195.5 193.8 192 190.2 188.8 187.4 184.2 181.1 179.2 175.3 171.5 168.9 163.2 159.6 155 151 147.6 143.4 139.8 139.3 140 141.7 141.3 138.2
336 336 336.2 337.3 338 338.3 338.4 338 336.9 334.7 332.5 329.9 326.9 324.5 322.6 321.3 320.6 318.7 316.7 314 310.3 306.5 306 311.2 311.8 311 305.5 302.7 296.3 288.4 281.9 275 269.1 263.9 258.6 252 250.7 249.8 245.5 241.7 238 234.4 228.8 227.4 226.3 220.1 215 213.4 211.1 212.5 212.5 210.6 207.9 206.1 203.4 201.1 198.8 197.8 196 193.7 190.4 187.5 184.5 181.2 178 174.5 169.7 164.2 158.9 153.2 149.7 147.1 143.8 141.4 138.1 137 138.1 137.3
336.5 336.5 336.5 337.2 337.9 338.3 338.5 337.9 337.3 335.8 333 330.2 327.5 325.8 324.7 324.1 323 321.7 318.6 316 312.8 308.7 304.5 300.8 299.9 293.1 290.9 288.1 290.8 285.9 278.5 270.6 263 257.8 253.6 250.1 246.4 244.1 241.3 238.3 236 234.3 233.6 231.8 227.7 223.8 225 223.9 220.9 220.5 219 216.8 214.2 211 208.4 206.3 204.4 202.1 200.4 198.7 196.2 193.2 189.8 185.4 183.7 180.2 175.6 171 165.1 159 154.8 150.8 148.1 145.2 142.1 137.3 134.8 133.9
336.1 336 336.4 336.6 337.3 337.4 337.9 338.1 337.7 336.5 334.5 332.1 329.3 328.1 327.7 327 326.1 324.6 322.1 318.8 315.5 312.4 308 304 300 296.3 292.3 288.5 281.6 277.6 271.6 265.4 261.9 258.9 255.1 253.4 248.9 247.1 245.1 242.3 240.9 239 237.9 235.8 233.5 231.5 230.9 228.8 227.3 225.9 224.2 221.8 219 216.1 213.3 211 208.9 207.8 205.9 203.9 201.8 199 196.3 193.7 189.6 185.7 180.6 175.6 169.4 163.2 158.6 154.2 150.6 147 143.7 139.5 135.3 134.8
335.6 335.4 335.3 335.4 335.9 335.9 336.6 336.6 337 336.8 336.1 334.5 332.8 330.5 329.9 329.9 329.3 327.7 325.3 322 318.7 315.1 311.2 307.5 303.1 299.5 294.8 292.3 286.4 280.6 273.6 273.9 270.2 266.4 261.6 255.2 253.8 251.8 248.8 247.1 245.7 244 242.1 239.8 237.6 237.1 235.3 233.2 232.7 231.1 229.1 226.4 223.3 220.4 217.6 215.6 213.4 211.8 210.6 208.8 206.4 204 201.9 198.8 194.8 190.4 185.2 179.6 173 167.6 162.2 157.7 153.8 148.6 144.6 141.1 137.2 136.5
335 334.9 334.6 334.4 334.4 334.1 334.9 334.8 335 335.1 335.8 335.5 334.5 333.4 332.1 331.5 331.3 329.7 328.1 324.7 321.2 317.2 313.4 310.1 306.6 302.1 298.3 295.1 291 285.9 280.5 274.5 269.6 266 263.7 261.5 258.7 255.7 253.8 252.1 251 248.9 245.7 244.2 243.8 242.5 239.8 238.6 237.1 236 233.7 230.8 227.7 225.1 222.8 220.6 218.2 216.5 214.6 212.8 210.6 208.2 205.6 202.5 199.3 193.9 188.3 182.7 176.8 171.6 167.1 161.5 156.4 149.5 145.7 141.7 137.6 138.9
334.7 334.2 334 333.8 333.5 333.2 332.8 332.9 333.4 332.9 333.8 334.3 334.3 334.3 333.6 332.4 332.1 331.1 329.5 327.2 323.4 319.5 315.7 312.3 308.9 305.1 301.8 297.8 294.1 289.4 284.2 279.5 275.7 272.5 269.5 266.3 263.4 260.4 258.9 257.6 254.9 252.2 251 250.7 249.8 247.1 245 244.6 243.4 241.1 238.1 235.3 232.5 229.8 227.2 224.8 222.4 220.3 218.5 216.2 213.8 211.5 208.3 204.7 201.6 195.9 191 185.7 180.8 176.3 171 164.8 159.1 153.1 147.7 144 138.4 139.2
334.9 334.4 333.7 333.2 332.7 332.1 331.8 331.4 331.2 331.1 331.6 331.9 332.1 332.3 332.4 332.5 332.3 330.3 330.2 328.8 325.9 322.1 318.4 314.7 311.1 308.3 305.6 302 297.8 293.3 288.9 284.9 281.1 277.7 274.4 271.3 268.5 265.9 263.7 261.6 259 258.3 258.1 256.2 254.1 251.4 251 250.1 248 244.9 241.9 239.2 236.8 234.4 232 229.9 227 224.5 221.9 219.3 216.6 213.6 210.7 206.8 202.3 197.8 193.5 189.5 185.7 181.3 174.9 168.7 161.7 154.7 148.4 145.4 139.6 140
335.1 334 333.4 332.8 332.2 331.5 330.8 330.4 330.2 330 329.8 330.2 329.7 330.1 330 329.9 330.5 330.4 330.7 329.9 328.9 325.9 322.6 318.9 315.7 311.9 309.2 306.5 303 299.5 295.3 290.7 287 283 279 275.5 272.5 270.1 267.8 265.6 264.1 263.4 262.1 259.6 257 256 255.4 253.7 251.3 248.1 245.8 244.3 242.6 240.2 237.3 234.1 230.9 227.9 225 222.1 218.8 215.5 212.2 208.1 204.9 201.4 197.7 194.3 190.5 185.9 179.3 172 164.2 155.8 149.2 145.6 142.1 141.7
334.3 334 333.5 332.7 331.7 331 330.4 329.6 329 328.9 328.5 328.4 327.7 328 327.7 328.2 328.1 328.3 328.4 329.1 329.8 328.9 326.2 323.2 320.4 317.2 314.3 312 308.7 304.1 300.8 297 291.7 287 283.3 280 277 274.1 271.5 269.5 267.9 266.3 264.8 262.4 260.7 260.4 259.2 257.2 254.5 252.2 250.5 249 246.9 244.9 242.2 239.2 235.9 231.9 228.2 224.9 221.6 218.3 215.1 212.3 208.5 205.1 201.6 197.8 193.7 188.9 182.6 174.1 164.8 155.2 146.5 143.9 142.1 142.9
334.5 333.8 333.7 332.7 331.8 331 330.4 329.4 328.3 328.1 326.5 326.7 325.9 325.1 325.2 325.8 326.8 326.6 326.5 327.4 328.3 329.2 328.6 327.3 325 322.3 319.2 317 314.4 310.6 306.9 302.2 296.8 291.9 287.6 283.6 280.2 277.5 274.5 272.7 270.8 269.5 268 266.5 264.9 264 262.2 260.7 258.5 257 255.2 253.3 251.3 248.8 246.1 243.2 239.9 236 231.9 228.9 225.2 222.6 219.2 216.4 212.5 208.7 205 201 196.8 192 184.8 176.3 164.3 153.4 146.6 145.3 145.7 146
335 334.1 333.7 332.9 332.2 331.4 330.7 329.9 329 327.3 325.9 324.4 322.2 320.8 319.3 322.6 323.6 323.5 323.4 325 325.8 327.5 328.8 329.6 328.2 326.2 324.1 321.4 318.8 315.3 311.4 307 301.4 296.3 291.7 287.3 284 280.8 277.8 276 274.3 273.5 272.3 271 270.5 268.6 266.8 265.4 263.5 261.2 259.4 257.5 255 252.6 249.8 246.9 244 240.4 236.2 233 229.6 227 224.6 220.7 217 213 208.6 204.3 199.9 194.3 185.9 173.3 161.7 152.8 148.5 147.6 147 148
336.4 334.9 334 333.2 332.5 332 331.7 330.8 330 329 328.7 327.6 326 323.2 320.6 318.5 318.7 318.3 320.1 321.7 323.4 324.4 325.8 328.8 329.4 328.2 326.4 324 321.5 318.2 314.6 310.7 306.2 301 296.2 291.5 287.7 284 281.3 279.7 278.2 277.5 276.7 275.7 274.6 272.9 271 269.5 267.6 265.5 263.6 261.2 258.5 256.1 253.1 250.3 247.4 244.1 241 238.2 235.5 232.7 230 226.6 222.5 217.8 213 207.5 200.4 188.6 175.8 163.1 155.9 152.8 150.6 149.7 150.1 151.2
339.3 336.9 335.1 334.3 333.4 332.9 332.6 331.9 331.2 330.4 331.2 330.5 328.6 325.9 324 321.3 318 315.1 312.7 317.5 320.3 321.8 323.5 325.7 328 328.7 327.7 325.3 323 320.3 317.5 313.9 309.6 304.9 300 295.3 291.1 287.6 284.9 283 281.7 281.4 280.7 279.7 278.4 277.3 275.6 273.9 271.9 269.8 267.6 265.4 263.1 260.5 258 255.5 252.5 249.1 246.7 243.7 240.9 238 235.1 231.6 227.3 221.5 214.6 203 191.4 178.9 167.1 159.8 153.9 155.5 155.9 154.9 155.5 156.1
341.7 339 337.1 335.4 334.5 333.8 333.1 332.4 331.7 332.6 332.2 331.8 330.3 328.5 326.1 324.6 324 321.7 314.3 311.2 316.7 319.4 322.5 324.3 326.1 327.3 326.8 325.5 323.4 321 318.7 315.7 312 307.5 302.7 298.1 294.3 290.8 288.3 286.1 285.3 284.8 284.7 283.5 282.1 280.9 279.5 277.9 275.8 273.6 271.5 269.4 267.3 265 262.6 260.2 257.2 254.3 251.5 248.8 246.1 243.1 239.6 235.1 228.3 218.7 206.9 193.9 183.4 174.3 164.8 158.9 158.8 163.8 162.8 158.3 158.3 159.7
343.6 341 339.2 337.6 336.4 335.4 333.7 333.1 332.6 333.4 333.4 332.3 331.8 330.6 328.3 325.7 324.6 323 317.2 307.5 312.2 319.8 322.2 323.9 325.1 326.1 325.7 324.9 323.2 321.3 319.2 316.4 313.4 309.7 305.1 300.7 297.2 293.4 291 289.1 288.4 287.7 287.6 286.7 285.7 284.4 282.8 281 279.6 277.2 275.4 273.3 271.3 269.2 266.8 264.3 261.3 258.3 256.1 253.4 250.2 247 242 234.1 218.9 207.4 195.1 177.4 176.3 171.1 164.4 161.7 168.2 172.9 170.6 163.9 162.3 163.7
346.2 343.9 342.3 340.5 338.6 337.2 335.2 334.2 333.5 333.7 334.1 333.2 333.2 331.4 329.1 326.1 325 323.5 318.1 307.7 306.8 316.4 322 323.6 324.7 325.1 324.5 323.8 322.7 320.4 318.6 317.1 314 310.9 306.7 302.9 299 296.1 293.7 292.2 291.1 290.4 289.9 289.6 288.6 287.5 285.8 284 282.6 281.1 279.2 277.3 275.2 273 270.8 268.2 265.3 262.2 259.2 255.8 251.5 244.3 235 219.6 202.4 191.8 184.5 178.9 174 168.7 161.5 166.8 176.7 181.5 179.4 173 166.6 166.9
349.2 347 345.4 342.8 341.2 338.9 337.6 336 334.9 334.6 334.7 335 334.1 331.8 330 327.9 327.9 326.3 320 308.3 300.6 309 318.4 323 323.8 323.6 323 322.3 322.3 319.8 318.2 316.8 315.1 312 308.5 304.8 301.1 298.6 296.5 294.9 293.8 293.4 292.9 292 291.6 290 288.5 287.2 285.8 284.1 283 281.1 279.1 276.9 274.6 272 269.3 264.5 260 254.3 248 238.4 218.9 200.6 188.2 183.4 178.3 175 170.1 164.5 169.5 177.8 186.6 189.7 188.8 183.7 176.4 173
352.2 350 348.1 345.6 343.8 341.1 339.4 338 336.7 336.6 336.5 336.2 335.5 332.7 332.4 332.1 332 328.6 321.8 310.3 297.8 300 310 319.2 323.1 323.4 322.4 321.1 320.8 320.2 318.3 316.2 314.7 313.1 310.4 306.8 303.6 301.1 299.1 297.9 296.8 296.1 295.4 294.3 293.5 292.9 291.9 290.3 289 287.4 286.4 284.8 282.6 280.4 277.3 274 270.5 265.5 259.9 253.9 242.9 223.1 204.5 191.1 182.1 175.9 170.4 168.3 169 175.6 183.5 191.1 196.2 198 197.6 193.2 185 183.7
355.3 352.8 350.7 348.9 346.3 344 341.6 340.7 339 338.5 337.9 337.3 336.3 336.1 336.1 335.8 333.5 329.5 323.4 313.4 301.9 290 299.5 310.7 317.4 321.1 322.1 321.1 319.6 318.8 317.8 316 314.1 312.7 311.1 308.9 306.2 303.8 301.5 300.3 299.4 298.8 297.9 297.3 296.2 295.2 294.1 293.3 292.2 290.2 288.6 287.1 284.5 281.4 278 273.6 269.4 264.5 256.8 245.4 229.8 209.4 194.2 180.9 174.1 172.8 176 178.4 178.1 186.2 196.7 202.2 203.8 204.8 203.8 199.8 195.9 192.4
357.6 355.8 354.1 352.4 349.6 346.4 344.7 342.8 341.5 340.9 340 339.1 338.3 338.8 338.3 335 334 329.7 323.5 316.3 305.3 293.4 290.6 301.9 310 314.9 318.5 320.1 319.6 317.7 315.7 314.9 313.9 312.5 311.5 309.5 307.9 305.8 303.8 302.9 302.1 301.7 300.8 299.7 299 298.1 297 295.9 293.2 290.6 288.3 285.2 283.1 280.5 276.7 272.3 266.5 257.6 246.4 232.6 211.9 195.3 185.6 182.8 182.4 186.2 186.7 189.3 195.2 201.9 208.3 210.5 210.1 210.4 210.9 207.7 203.7 197
361.2 359.3 357.6 355.5 352.4 349.4 347.2 344.9 343.5 342.6 341.7 341.5 341.4 339.9 338.7 336.5 332.7 328 322.2 316.5 308.1 297.9 284.3 292.4 299.9 306.6 312.1 315.9 318.2 318.7 316.9 314.2 313.5 312.9 311.6 310 308.4 307.2 305.7 305.5 305 304.5 303.2 302.7 301.7 300.6 298.6 296.4 293.4 291.1 288.8 286.9 284.3 280.8 276.7 272 254.7 241.3 232.7 219.8 200 183.5 187.9 193 195.7 198.4 197.5 205.8 211.5 215.4 219.3 217.7 216.6 218.9 218.3 215 209 205.3
363.1 362.6 360.8 358.4 355.1 352.4 350.5 347 345.7 345 344.2 343.3 342.3 340.5 337.8 335.3 332.3 327.1 322.2 316.7 308.5 297.7 285.6 283.8 290.1 296.3 301.1 307.6 314.9 319.3 318.1 315.5 312.2 311 310.2 309.8 308.5 307.2 307.3 307.8 307.8 307.2 305.9 304.2 302.1 300.2 298.4 296.6 294.8 293.1 291.2 288.9 286.7 283.9 280.1 266.6 237.5 226.4 219.9 209.8 196.7 189 193.9 201.3 206.7 212.2 217.1 221.7 224.9 226.6 226.3 226.9 227.2 225.9 226.5 222.5 216.7 214.2
