public/OST50/SK36.asc
ncols 200
nrows 200
xllcorner 430000
yllcorner 360000
cellsize 50
[rows 35 to 69 of 200, columns 0 to 77 of 200]
364.6 365.1 363.3 361 358.1 355.6 353.5 350.4 347.8 347.6 347.2 344.6 341.7 340.3 338.9 336.8 333.6 326.9 321.8 314.4 305.6 296.2 289 277.9 278.2 288.5 293 296.1 300.3 307.2 313.5 316.7 313.3 310.3 305.9 305.2 305.8 306.3 306.5 306.8 306.8 306.5 305.8 304 302.6 300.9 299.3 298.1 296.5 294.6 292.8 290.5 288.5 285.8 280.9 262.2 228.4 222.9 214.2 205.4 195.1 193.6 200 206.1 213.9 221.9 228.4 232.3 234 234.4 233.2 235.1 234.4 232.3 235.4 232.2 224.4 223.3
362.4 365 365 362.9 360.8 358.1 355.2 352.1 350.1 349.1 347.6 345.6 342.5 340.9 340 338.4 331.2 325.1 316.4 309.7 301.5 295.2 289.2 281.8 273.5 279.8 287.2 290.1 293.4 296 297.6 302.2 304.9 305.4 305.6 302.7 299.6 302.2 303.5 303.9 304.7 304.9 304.3 303.8 302.4 300.6 298.7 296.5 293.8 291 288.1 284.2 281.5 277.4 274.6 261.2 231 219.3 209.8 202 198.9 201.4 206.5 209.3 218.1 227.5 235 239.9 240.8 239.9 241.4 243.2 242.2 244.2 243.6 240.2 235.1 232.4
358.3 360 363.5 362.9 362.8 358.7 356.2 354.4 351.4 350.4 349.3 346.2 341.4 338.3 334.7 330.8 323.1 314.3 309 303.8 299.5 292.9 287.4 280.1 272.8 271.9 280 284.7 287.7 289.3 289 288.4 289.7 290.6 291.5 292.1 290 290.5 292.5 295.7 298.4 299.8 300.9 299.9 298.4 296.5 294.6 289.6 285.4 279.1 274.4 269.7 264.3 260.1 255.1 249.1 227.7 214.6 207.5 198.5 198.6 206.3 212 218.3 225.1 227.2 239.4 245.6 248.6 249 250.8 252.7 252.4 251.4 249.6 246.7 240.5 240.3
354.7 355.1 356.3 356.4 357.1 357.6 356.7 356.1 352.8 351.4 350.1 344.4 335.9 329.9 324.1 318.2 313.4 308.2 304.2 299.6 293.4 286.5 279.5 274.9 272.7 267.1 273.1 278.5 282.7 283.3 282.3 280.6 279.8 279.1 276.8 277.4 275.1 273.4 274.9 276.4 280.8 284.7 287.3 288.4 286.2 282.5 277.4 272.9 267.6 263.8 258.9 256.3 251.7 248.7 246 241.2 221.5 213.3 204.3 198.2 201.3 209.3 214.4 224.5 231.9 239.3 246 253.1 255.3 254.1 255.9 258.2 257.4 256 255.9 253.1 249.8 247
349.1 349.2 349.9 350 351.2 353.3 353.3 352.6 349.3 345.5 342.3 335.5 328.4 322.5 317.5 313.1 307.8 303.4 297 291.5 284.3 277.7 273.9 273.8 272.3 265.8 265.5 269.3 273.6 274.7 275.4 273.6 271.3 268.5 266.9 264.6 264.7 263.3 264.9 266.5 268.4 269.5 273.4 273.8 272 269 265.1 261.9 257.5 253 250.3 247.6 244.2 241 238.3 231.8 221 212.3 201.5 199.1 204.6 213 221.5 227.1 234.4 245.1 253.5 259.1 262.2 262.6 262.4 262.6 261.5 261.9 260.9 259 256.6 252.9
345.4 345.3 345 344.4 344.1 343.9 343.7 341.6 339.3 335.9 333.1 328.4 323 318.9 312.6 306.7 300.3 293.9 288.3 282.8 279.4 279.7 279.8 278.5 276.7 270.8 261.7 260.4 261.9 261.4 263.8 263.5 261.8 260.6 258.4 256.7 257 257.7 257.7 259.6 261.1 263.3 264.9 264.4 262.1 259.2 255.6 251.5 248.3 245.4 243.3 240.3 237.1 234.6 231.8 226.4 219.7 212 200.9 200.5 206.6 215.4 226.2 236.5 243.2 249.6 258.9 264.4 268.2 268.1 267.8 266.9 265.9 266.1 265.2 264.6 262.8 259.8
340.3 338.8 339.9 338.8 339.7 338.6 336.7 334.8 332.6 330.1 327.5 324.4 319.6 315.8 306.9 298.6 293 288.8 286.9 286.5 285.6 284.9 284.6 282.4 274.3 265.6 267.9 268.2 261.6 258.1 254.1 252.9 250.3 248.1 246.7 245.6 250.1 250.6 250.8 251.7 252.5 254.2 255.3 255.6 253.6 251.1 246.8 243.1 239.6 237 235.5 231.6 227.9 226.1 224.4 220.4 214.4 206.5 198.4 202.8 209.8 219 232.1 244.6 253.5 259.9 263 268 271.6 272.5 271.8 270.6 270.6 270 270 269.2 267.2 265.3
338.1 333.7 335.1 334.7 334 333.4 332.1 330.2 327.9 324.8 322.4 319.9 317.1 306.1 299.3 294 293.4 293.7 292.4 291.3 290.5 287.9 280.8 272.6 275.8 275.9 269.8 267.5 265.3 262.6 260 259 256.3 253.8 251.1 246.7 244.1 245.1 243.6 242.5 241.5 243.3 245.4 247 246.2 243.8 239.8 236.5 233 227.4 224.3 221.7 218.7 215.2 212.5 210.1 206.7 201.6 205.1 207.4 207.9 219.8 235.5 248.7 260 268 269.1 270 273.5 276.1 275.2 274.3 273.8 273.6 273.6 273.2 271.9 270
334.8 334.5 329.3 329 329.3 329.6 327.7 327.6 325.1 322.7 318.7 311.5 304.5 297.6 297.4 298.7 298.2 297.4 296.1 293 285.4 279.7 278.1 279.6 280 276.4 275.3 273.8 272.1 271 270.7 268.3 265.1 262.8 258.4 253.1 243.3 241.3 238.1 234.5 231.7 230.3 232.5 237 238.6 236.3 233.6 229 222 215.7 209.3 207.5 208.1 207.1 205 203.5 205.2 208.8 213.2 215.6 211.5 220.1 235.7 250.4 263.7 275.7 275.6 274.9 274 277.3 278.4 277.8 277.2 277 276.7 276.4 275.6 273.5
330.7 329.9 328 322.6 321.8 324.3 319.8 320.8 319.6 313.5 312.1 302.7 302.3 303.3 303.5 302.8 302.2 301 290.7 284.2 284.2 283.8 284.5 284.4 284.2 283 281.2 279.7 278.3 278.4 278 275.6 273.2 270.3 266.1 262.3 258.3 254.4 251.4 248.5 242.5 234.5 229.4 226.7 226.7 225.2 222.1 221.2 220 224 226.3 224.8 224.3 224.4 221.7 215.6 218.2 218.3 219.2 223.6 218.7 220.5 234.7 249.2 260.5 271.7 279.9 278.3 278.9 278.1 278.4 279.4 279.7 280 280.4 279.6 278.5 275.9
326.2 324.3 321.9 319.4 317 316.9 315.6 314.2 309.2 306 305.6 307.1 307.5 307.2 307.2 306.6 304.4 291.3 290 289.5 288.8 288.9 289.7 290 288.9 288.7 286.9 285.7 284.9 285.2 283.3 282.2 280.3 277.6 274.2 270.4 266.6 264.2 261.4 257.6 252.5 248.4 244 237.3 224.9 223 227.9 232.6 237.7 242.3 241.8 240.2 238.9 236.6 232 226.8 229.3 227 226.3 229.3 228.6 225.2 235.2 243.7 252.6 264.1 276.1 283.8 284 281.7 280.5 280.9 281 282.2 282.6 281.9 280.6 278.4
329.8 328.3 326.9 323.9 320.2 317.3 315.1 312.6 312.2 311.8 311.6 311.2 310.5 310.2 310.5 307.7 295.6 296.2 295.6 294.5 294.3 293.8 295.4 295.3 294.4 293.9 292.9 292.5 292.3 291.4 290.1 288.9 286.9 284.8 282 278.2 274.8 272.5 269.9 266.8 263.2 260.4 255.7 249.9 236.4 235.5 238.8 246.1 249.8 250.8 250.9 250.7 248.5 246.2 237.3 234.5 239.8 236 233.5 235.8 236.4 232.2 233.2 238.3 247 257.1 268.2 279.9 288.1 287.8 286.6 285.4 283.8 283.4 284.2 284.7 283.5 281.8
331.8 330.7 328.3 325.4 323.1 321 318.3 316.8 315.6 315.3 315.1 314.7 314 313.4 311.8 300.1 300.3 300.3 299.4 300 299.3 299.3 300.2 300.7 299.9 299.6 298.9 299 298.1 297 296.2 295.1 293.7 291.6 289.1 286.5 283.5 281.4 279.3 276.4 274.2 269.8 265.7 260.2 243 244.1 246.2 254.2 260.3 261.4 261.2 259.6 256.3 252.4 244.5 243 246.8 244.4 239.8 241.3 242.6 241.1 235.8 237.6 244 251.4 258.7 271.8 284 292.4 291.3 289.7 287.1 285.7 286.3 286.6 288.6 288.6
330.4 330.7 329.2 327.2 324.5 322.1 319.9 318.8 318.1 318.3 318.4 318.1 316.3 314.1 304.2 303.6 304.2 303.8 304 304.6 305.1 304.9 304.3 304.8 304.3 303.8 303.1 303.7 303.1 302.9 302.6 301.5 300.6 298.9 296.7 294.9 291.5 289.1 287.2 285.3 283.3 280.5 277.2 272.2 258.9 250.4 252.8 259.3 269.4 268.4 267 263.8 262 256.4 250 250.4 253.9 251.3 247.9 245.3 247.2 246.4 239.8 240.1 243.9 247.7 254.5 263.1 276.8 286.9 294.5 293.3 291.3 289.1 288.5 288.9 291.8 292.6
328.5 328.2 328.7 327.9 325.6 324 322 320.7 320.1 321 321 317.5 310.6 307.7 308.6 308.9 308.7 307.8 307 307.3 307.3 308.1 308.3 308.2 307.5 306.3 307.1 307.8 308 308.4 308.7 308.4 307.7 306 304.4 302.1 299.5 297.4 295.5 293.6 291.5 289.1 286 282 275.5 265.6 259.1 264.1 278.5 274.3 270.1 266.9 264 258.4 256.2 256.2 258.8 256.8 254.2 251.4 250.9 248.9 245 241.6 249.9 251.2 252.8 259.9 269 279.4 289.7 296.4 295.3 294.3 292 291.7 293.6 295.8
327.6 327.2 326.7 326.4 325.2 324 323.1 321.5 321.2 319.4 315.8 312.7 310.5 312.1 312.4 312 310.6 310 310.4 310 310.5 311.2 311.2 310.8 309.6 309.6 309.1 309.9 310.9 311.7 312.3 312.1 311.6 310.7 310.2 308.5 306.3 304.2 302.5 300.5 298.3 296.5 293.6 290.4 285.3 278.1 268.4 264.8 274.6 277.9 272.6 271.5 267.1 263.9 263 262.3 263.4 262.1 260.1 258.1 256.8 254 249.7 244.5 252.7 257.4 257.6 259 265.8 273.1 284.4 295.7 300 298.3 296.8 296.4 295.9 297.8
326.6 325.7 325.2 324.3 322.7 321.1 319.5 317.9 317.1 316.2 314.4 313.8 314.8 314.9 313.7 312.6 312.7 312.8 313.5 314 314.7 314.8 314.4 313.3 312.7 312.6 311.8 313 314.6 315.9 316.6 316.9 316.9 316.5 314.8 313 311.5 310.2 308.8 306.7 304 301.7 298.8 295.9 292.2 286.1 279.5 273 271.5 277.8 278.6 279 274.2 272.2 270.8 268.9 268.6 266.9 264.9 263.3 261.3 259.9 253.3 250.7 253.7 262.7 263.2 262.8 265.4 271.2 279.6 290 301.5 302.5 301.8 301.4 302.1 302.5
326.6 325.7 324.7 323.8 322.5 321.3 321 320.5 319.5 318.3 317 317 316.6 316.1 315.3 315.8 316.3 316.9 317.3 317 316.6 316.8 316.3 315.8 315.9 315.5 315 316.8 318.1 319 320.2 321.3 321.9 321.8 320.5 319.3 317.3 314.5 313.3 311.4 307.8 305.3 302.6 299.8 296.7 292.8 287.8 282.4 278.7 280.4 283.6 284 282.5 281.1 279.5 277.7 274.3 271.4 269.1 266.7 265.8 262 254.8 258.5 260.3 265.9 267.9 267.4 267.9 270.8 277.8 284.7 292.6 302.4 304.9 305.1 305.7 305.5
326.7 325.8 325.2 324.2 323.3 322.5 322.2 321.7 321.2 320.6 319.9 318.9 317.8 317 317.9 318.6 319 319.4 319.4 319 318.7 318.3 318 317.9 317.6 317.3 317.6 319 319.9 320.1 322.5 324.9 325.8 326.4 325.4 324.1 321.8 320 318.4 315.5 312 309.2 306.1 303.1 300.1 297.1 292.5 287.8 285.8 284 286.1 285.9 285.9 284.7 283.5 282.5 280.4 275.9 272.4 270.1 268.3 263.9 256.6 264.1 267.1 268.5 273.6 272.1 272.5 274.4 277.9 282.3 287.3 294 301.6 305.3 306.7 306.2
327.2 326.4 326.1 325.3 324.3 323.6 323.3 323 322.5 322 321.1 320 319.8 319.4 320.6 320.8 320.8 320.7 320.1 319.6 319.2 319.3 319.1 319 318.8 318.4 319 319.4 320.2 320.5 321.9 323.5 325.2 327 328.3 326.8 325.1 322.3 319.9 316.2 312.7 309.3 306.1 302.9 300.1 296.8 293.2 291.8 291.5 289.1 287 286.1 288.1 288.3 287.5 286.3 283.8 279.8 276 274 271 266.4 261.3 266 272 271.5 274.4 277.1 275.7 276.9 280.4 281.5 286.3 291.3 297.2 302.4 304.5 301.8
327.6 327.2 327.1 326.5 325.3 324.4 324 323.9 323.3 323.3 322.5 322.3 320.6 321.5 322 321.7 321 320.8 320.3 319.7 319.7 319.6 319.8 319.7 319.6 319.6 319.8 320 320 320.4 320 320.6 321.6 322.1 321.2 320.2 319.4 317.5 315.4 312.6 309.8 306.9 304.3 302.3 299.8 297.1 296.9 296.3 294 291.9 289.6 289 291.4 292.2 291.2 290 287.2 284.3 280.9 277.6 273.4 269.3 268.1 269.3 274.6 276.2 275 279 279 279.5 280.7 282.3 284.5 289.6 293.3 298.1 301.4 300.9
328 327.9 328.1 327.4 326 325.1 324.8 324.7 323.9 324 324.1 323.5 322.5 322.6 322.9 321.6 320.9 320.3 320.1 319.7 319.8 319.7 319.6 319.7 319.6 319.7 319.9 320 319.9 319.4 318.8 318.8 318.6 318.6 318.1 317 315.9 314.3 312.2 310.2 307.8 305.6 303.4 301.1 300.5 299.8 299.8 298.9 296 293.8 291.9 291.3 292.9 294.4 293.7 293 290.9 288.6 287.1 283 277.6 273.1 274.3 275.9 277.3 281 281.7 280.9 281.8 282.2 282.9 284.2 285.3 287.7 291 293.9 296.4 297.6
328.6 328.8 328.6 327.6 326.3 325.9 325.7 325.5 325.2 325.1 325.1 324.2 323.6 323.7 323.1 321.6 320.6 320.5 320.2 319.6 319.8 319.8 319.4 319.6 319.6 319.8 319.7 319.6 319.2 318.7 318.3 317.1 316.9 316.2 315.6 314.5 313.3 312.1 310.1 309.1 306.8 304.6 303.2 303 302.2 301.6 300.8 299.2 297 295 294.5 294.4 294.5 295 295.1 294.8 293.5 290.4 288 283.5 280.4 277 278.2 280.3 281.3 284.7 285.8 284.8 284 284.4 285.8 286.6 287.1 288.8 289.7 292.3 293.1 292.9
329 328.6 328.2 327.8 327.4 327.2 326.8 326.4 326.6 326 325.6 325 325.1 324.9 323.3 321 320.5 320.3 319.9 319.5 319.3 319.2 319.1 319.3 319.4 319.3 319.2 319.3 319 318.5 318.1 316.8 315.7 315.1 314.3 313.5 312.6 311.5 309.9 308.2 305.9 305.5 304.8 303.9 303.1 302.6 301.7 299.8 298 296.8 295.8 295.3 295.5 296.2 296.1 295.6 295.1 292.4 288.9 285.9 281.8 280.8 282.9 284.7 285.3 288.3 288.9 288.5 287.8 288.5 289.7 289.2 289.1 289.8 290.2 291.9 291.4 290.3
329.4 329.1 328.9 328.6 328.7 328.2 327.9 327.6 327.4 326.6 326.6 326.5 326.1 325.3 322.4 321 320.5 320.1 319.9 319.6 319.4 319.1 318.9 318.8 318.8 319 319 319 318.9 318.6 318 317.1 316 315.3 313.5 312.9 312.3 311 309.8 308.6 307.4 306.7 305.7 305.1 304.6 304.1 302.6 301.2 299.7 298.3 297.3 297.1 297.1 297.5 297 296.2 295.6 293 290.5 287.7 285.1 284.4 284.2 288.2 289.4 291.9 293.6 293 292.5 292 293.2 292.8 291.8 291.4 291.4 290.8 291.8 289.8
330 329.7 329.5 329.3 329.1 328.9 328.8 328.7 327.9 327.3 327.5 327.5 326.9 324.4 321.8 320.9 320.6 320.3 319.9 319.6 319.5 319 318.7 318.4 318.6 318.8 318.8 318.8 318.6 318.3 318.2 317.3 316.2 315.1 313.8 313.1 312 310.9 309.9 308.9 308.4 307.9 306.8 306.3 305.9 305.4 304.6 302.9 301.4 299.6 299.2 298.8 299.2 299 299.4 298 296.1 294.5 292.2 290.2 289.1 288 289.7 292.2 293.2 294.8 297.2 297.6 296.5 296.3 298.2 297 295.2 294.6 294.1 293.1 292.5 291.8
329.7 330 329.3 329.2 328.6 328.7 328.9 328.8 328.5 327.8 327.8 328.3 327.6 324.8 322.4 321 320.7 320.4 320 319.7 319.6 318.9 318.6 318.3 317.8 318.2 318.1 318 317.9 317.9 318.1 317.8 317.3 316 314.4 313.4 312.3 311.4 310.3 309.8 309.4 308.9 308.4 307.8 307.1 306.7 305.7 304.5 303.1 301.1 301.1 300.7 300.3 300.3 301 299.8 297.3 295.8 294 293.3 292.6 292.4 293.9 296 297.2 298.9 300.2 301.2 300.8 299.9 302.3 301.7 299.4 298.5 297.8 296.9 296.1 295.1
328.5 328.7 328.9 328.5 328.2 328.4 328.6 328.8 328.3 328.4 328.9 329.3 328.4 325.3 322.4 321.3 320.9 320.5 320.1 319.8 319.7 319.3 318.6 318.1 317.6 317.7 317.5 317.3 317.5 317.7 317.9 318.4 317.7 316.5 315.3 314.3 313.3 312 311.2 310.7 310.3 309.7 309.4 308.8 308.2 307.3 306.4 305.5 304.4 302.4 302.3 302.5 302.5 302.6 302.4 302 299.6 297.7 295.7 294.6 293.9 294.2 295.8 298 299.7 301 302.4 303.8 304.6 303.9 303 305.9 304.9 303.4 302.5 301.6 301 300.8
327.3 327.8 327.9 327.8 328 328.2 328.3 328.3 328.1 328.9 329.9 330.6 328.2 325.1 321.9 321.3 321.3 320.6 320.1 319.9 319.5 319.1 318.5 317.9 317.4 317.3 316.9 316.8 317.2 317.5 317.8 318.2 317.9 317.4 316.3 315.1 314.2 313.3 312.1 311.6 311.1 310.6 310.1 309.5 308.6 307.7 307.5 306.2 305.4 304.9 304.1 303.7 303.8 303.6 303.5 303.5 302.8 301.3 299.2 297.4 296.2 296.3 297.4 298.7 300.3 302 304.4 306.4 307.5 306.8 306.6 306.5 310.2 309.7 308.2 307.3 306.4 306.3
326.3 326.7 326.8 326.9 327.1 327.6 327.4 327.7 328.6 329.8 331.1 331.3 328 324.6 321.5 320.7 321.1 320.7 320.1 319.8 319.3 318.9 318.3 317.8 317.2 316.9 316.3 316.2 317 317.5 318.2 319 319.3 318.6 317.4 316.1 315.2 314.4 313.2 313 312 311 310.6 309.4 308.3 307.4 307.4 306.5 306 305.4 304.9 304.6 304.2 304.3 304.3 304.7 304.4 303.7 303 301 299.7 299.5 300 299.9 301.9 304.1 305.9 307.1 309.1 308.4 309 309.3 310.5 311.9 311.4 310.4 309 307.4
325.4 325.3 325.8 325.9 326 326.3 326.4 327.9 329.6 331.1 331.7 330.5 327.2 323.8 320.7 320.7 321.1 320.5 320 319.6 319.2 319.2 318.6 317.5 316.9 316.2 315.7 315.9 316.4 318.2 319.4 321.2 321.4 320.7 318.9 317.4 316.5 315.7 314.2 313.6 312.1 311 309.8 308.4 308.3 307.8 307.4 306.8 306 305.2 304.9 304.7 304.6 304.4 304.6 304.9 305.2 306 305.6 304.7 303.1 302.1 301.4 301.3 303.3 305.6 307.5 308.5 309.2 309 309.4 309.6 310.5 310.6 309.8 309.6 309.8 309.3
325.2 324.8 324.9 325.1 324.9 325.2 326.4 328.3 329.7 331.1 331.3 328.9 325 322.2 320.5 320.4 320.5 319.8 319.9 319.3 318.9 317.8 317.2 316.8 316.1 315.6 315.4 315.1 316.5 318.2 320.5 322.8 322.9 322.7 320.8 319.3 318 316.7 315.5 314.7 312.8 311.3 310 309.4 308.1 307.8 307 306.3 305.7 305.2 305 304.7 304.5 304.6 304.9 305.2 305.6 306.9 308 307.1 306.5 305.2 303.9 303.8 305.2 307.4 308.8 309.8 310.4 309.1 309.7 310 310.3 310.8 311.3 311.6 311.9 312.2
324.2 324.2 324.1 324.2 324.5 325.4 326.8 328.8 330.3 331.1 330.3 326.6 323.2 320.5 319.4 319.3 319.6 319.9 319.5 319.1 318.6 317.9 317.4 316.7 315.7 315 314.3 314.6 316.6 318.5 321.2 323.1 324.9 325.1 323.8 321.7 320.2 318.3 317.3 315.9 313.5 311.4 309.9 308.7 308 307.7 306.4 305.9 305.3 304.5 304.3 304.2 304 304.1 304.6 305 305.4 307 308.9 309.2 308.8 307.8 306.5 305.9 307.4 309.8 310.6 310.2 309.6 309.6 309.9 309.9 310.6 312.1 313.7 314.7 315.5 315.6
323.7 323.7 324.2 324 324.7 326.1 327.6 329.3 330.7 331.6 329.2 325.2 321.4 319 318 319 319.5 319.1 318.7 318.3 317.9 317.4 316.9 315.8 315.1 314.6 313.9 313.4 316.4 318.7 322.6 325.6 327.1 327.3 326.5 324.6 322 320.7 318.5 316.6 313.7 310.9 309.3 307.8 307.2 306.8 305.6 304.8 304 303.5 303.8 303.9 303.3 303.4 303.6 303.8 304.3 305.8 308.5 310 310.4 309.7 308.5 308 308.7 310 310.9 310.8 309.7 310 310.2 309.7 311.1 312.9 315.1 316.3 317.6 317.4
323.3 323.3 323.5 324.3 325.3 326.5 328.1 329.8 331.1 330.9 327.7 323.1 319.6 318.4 317.6 318.9 318.7 318.3 317.9 317.5 317.1 316.8 316 315.2 314.5 313.6 312.3 311.4 314.7 319.1 323.9 327.8 329.9 329.3 328.3 326.8 324.4 321.9 319.2 315.6 312 309.3 307.3 306.5 306.4 305.6 304.5 303.5 302.1 301.3 301.7 301.7 302.1 302.1 302.6 302.5 303.3 304.1 306.2 310 311.2 311.3 310.4 309.1 308.6 308.9 310.2 310.4 309.7 309.8 310.2 310.3 311.8 313.8 315.7 316.3 316.7 315.6
