public/OST50/SK41.asc
ncols 200
nrows 200
xllcorner 440000
yllcorner 310000
cellsize 50
[rows 140 to 174 of 200, columns 78 to 155 of 200]
150.4 150 151.3 149.5 149.6 151.9 153.8 156.3 158.8 159.2 160.1 161.5 162.6 165.8 165.9 165.7 169.6 170.4 171 172.4 171.8 172.4 173.4 178.6 181.4 183 184.9 186.6 188.3 190.6 194.4 198.2 202 205.9 209.7 213.5 217.4 221.2 225 228.9 231.3 233.4 234.8 236.2 236.6 236.7 235.6 234.2 232.7 230.5 228 225.3 222.4 219.6 217.1 215.1 214.3 209.4 207 205.1 203 202.3 201.7 200.8 201.6 203.5 204.4 208.1 210.8 211.9 212.8 212.6 213.6 215.8 216.5 214.7 215.5 216
148.1 147.6 146.9 147.7 148.4 149.9 151.7 153.9 156.8 158 160.3 162.3 164.1 166.9 168.1 168.4 169.9 170.6 171.2 172.3 172.6 174.1 175.8 178 180.1 182.1 183.9 185.6 187.3 189 191.4 195.3 199.1 202.9 206.7 210.6 214.4 218.2 222.1 222.7 225.1 227.6 228.5 230.1 230 230 229.2 228.7 227.7 225.1 222.6 221.1 220.1 221.1 219.3 216.7 209.6 207.5 204.9 203 199.9 201.3 200.5 200 200.7 201.4 205.2 208.8 212.2 213.6 215.1 215 216.7 218.6 220.5 220.3 220.1 220.2
145.7 145.8 146.3 147.3 150.4 150.5 151.3 153.6 156.7 159.2 161.3 163.4 165.2 167.4 168.6 170.5 171.5 171.5 171.6 173.4 173.9 174.3 175.5 177.2 179.3 181.1 182.9 184.6 186.3 188 189.7 192.3 196.1 199.9 203.8 207.6 211.4 215.3 219 218.6 220.1 222.6 223.8 224.6 224.5 223.8 223.1 222.4 220.7 221.5 220.6 219.3 215.3 217.6 215.9 209.8 207.3 205.5 203.3 199.2 200.5 198.9 199.3 199.4 199.9 201 202.7 207.9 210.1 211.8 214.5 214.3 217 219.7 222.2 222.5 223.4 223.8
144.8 146.2 147.5 148.6 149.2 155.1 155.7 154.8 157.8 160.3 162.3 164.4 167.1 168.7 171.2 172.7 177.1 178.5 181.3 186.8 186.5 175 175.3 176.6 178.6 180 182 183.7 185.4 187.1 188.8 190.5 193.2 197 200.8 204.6 208.5 212.3 213.3 214.9 215.4 217.2 218.6 219.1 218.5 217.6 217.4 217.3 216.4 217.5 216.5 214.1 210.9 209.9 208.5 206.4 204.7 202.9 201.6 199.9 198.2 198.3 198.6 198.9 199.7 201.4 204.5 205.4 206.7 210 211.6 211.9 214.6 218 221 223.1 224 223.2
146 147.5 148.7 150.3 151.8 153.2 157.6 158 158.7 161.1 162.9 165.1 167.5 169.9 172.6 181.6 186.8 186.7 187.1 177.3 184.4 185.3 176 176.8 178.1 179.5 181 182.7 184.4 186.1 187.8 189.5 191.3 194 197.8 201.7 205.5 209 209.7 211.1 211.4 211.6 212.8 212.9 212.7 212.9 212.9 213 212.2 211.5 210.8 209.9 208.2 206.7 204.8 203.3 201.9 200.7 198.9 197.8 198.2 198.5 198.8 199.4 200.6 202.8 205.4 205.8 206.7 208.6 209 210.9 213.6 217.8 220.3 222.1 223.2 221.2
147.6 149.6 151.4 153.2 154.7 155.5 156.5 158.3 159.2 161.3 163 166.2 168.8 171.3 179.1 183.2 185.8 181.7 179.8 177.9 177.8 185.2 181.7 176.8 177.9 180.2 181 182 183.4 185.1 186.8 188.5 190.2 192.1 194.9 198.7 202.5 204.5 205.8 207 207.7 208.1 208.2 209.1 208.9 209 209 208.7 208.2 207.7 206.9 205.9 204.9 203.3 202.2 200.5 200.2 198.1 196.4 197.7 198.1 198.4 199.1 200.5 201.7 203.2 205.6 206.6 207.3 207.7 210.1 215.5 214 215.7 218.1 218.5 220.6 220.3
150.7 152.6 154.3 155 155.5 155.5 156 157.6 159.5 161.3 163.1 165.9 168.5 171.3 174.7 176.5 180.5 181.8 180.1 178.5 177.9 177.2 179.1 177 178.3 179.7 181 182.5 183.3 184.5 185.9 187.5 189.2 190.9 192.9 195.7 199.1 201 202.6 203.9 204.1 204.3 204.5 204.9 205.2 205 205.1 205.1 205 204.4 203.9 202.7 201.6 200.5 198.3 199 197.9 195.8 194.9 197.6 197.9 198.8 200.5 201.7 202.9 204.1 205.1 206.2 207.9 209.4 210.1 214.8 217 216.7 216.7 219.6 219.7 219.6
151.9 153.2 153.8 153.6 153.3 153.8 155.2 156.7 159 160.9 163.2 165.4 168.2 170.9 174.8 175.1 175.7 179.6 179.3 177.9 176.9 176.2 176.1 179.6 182.1 179.5 180.6 182.6 183.7 184.3 185.3 186.5 188.1 189.8 191.7 193.5 195 196.7 199 201.2 200.7 201 201.1 201 201.1 201.6 202 202 201.8 201.6 201 200 198.9 197.1 197.5 197.1 195.7 195.1 194.8 197.5 198.5 200.4 201.6 202.8 204 205.4 206.4 207.3 208.7 210.3 211.3 213.3 212.9 215.8 218.1 219.3 220 217.9
151.2 151.9 152.1 152.4 152.8 153.6 154.6 155.8 157.3 158.9 160.9 163.5 170.6 171.6 175.3 175.2 175.9 178.3 177.7 177.2 176.2 175.8 175.3 183.1 188.7 183.5 180.5 181.9 183.6 183.9 184.4 185.3 186.5 188 189.4 190.5 191.8 193.2 195.2 196.8 197.5 197.8 198 197.7 198.1 198.6 198.9 199.1 199.2 199.1 198 197.2 196.2 196.4 195.6 194.7 194.5 194.2 195.7 198.2 200.4 201.5 203.3 205.1 206.3 207.3 208.6 209.7 210.1 211.3 212.2 213 213.4 213.7 216.6 218.8 218 215.6
151.3 151.7 152 152.4 153.1 153.5 154.1 154.6 157.6 156.8 159 161.6 164.1 171.7 174.7 174.3 174.5 174.8 174.5 174.5 174.1 173.5 173.8 173.8 174.3 176.1 184.3 181.3 181.5 181.4 182 182.8 184.5 185.8 187.1 187.9 189 190.5 192.1 193.2 194 194.7 194.8 195.1 195.3 195.6 196.2 196.8 196.6 196.4 195.6 194.9 194.5 194.2 193.3 192.6 192.7 195.1 198 200.4 202.9 204.7 206.1 207.3 208.3 208.8 209.5 211.6 212.2 212.2 212.9 213.4 214.3 215.2 215.8 215.4 216.5 214.8
151.4 151.8 152.2 152.9 153.6 153.4 152 150.9 151.7 153.3 156.2 158.2 161.4 165.7 171.4 169.6 171.2 171.9 172 172.3 172.1 171.5 171.3 172 173.9 174.8 175.5 179.3 179.9 178.8 180.1 181.4 182.3 183.8 184.6 185.3 186.2 187.7 189.2 190.2 191 191.8 191.9 192.1 192.4 193 193.5 193.9 193.6 193.2 193.1 193.5 192.3 191.9 191.7 191.8 193.8 197.3 200.8 203.7 206 207.2 208.5 209.4 210.1 210.9 211.6 212.3 214.2 214.2 214.2 216.4 216.2 216.5 216.5 216.6 215.6 217.6
151.3 151.4 151.7 151.4 151.3 149.9 148.1 146.9 148.4 153 152.7 154.8 157.6 162.2 170.7 165 167.2 168.8 169.8 170.2 169.8 169.5 169.8 171.4 172.7 173.5 174.4 174.5 175.7 176.7 177.5 178.7 179.5 180.7 181.6 182.6 183.4 184.8 186.1 187.2 188.1 189 189.1 189.5 190.1 190.7 190.8 191.2 190.8 191 192 190.6 190.2 189.8 190.5 193 196.9 200.4 203.9 206.4 208.4 209.8 210.7 211.4 212.1 212.8 213.5 214.5 215.8 216.5 217 218 217.8 218 218.3 217.9 217.9 216
150.4 149.7 149 148.1 146.8 145.7 145.9 146.7 148.7 156.3 152.1 153.4 153.4 155.4 168.3 159.5 162.8 164.5 167.2 168 167.8 167.6 169.4 170.9 171.3 171.1 171.6 172.2 172.7 173.5 173.8 175.1 176.4 177.7 178.6 179.6 180.7 181.8 183.1 184.2 185.2 186.1 186.3 187.1 187.8 188.6 188.2 188.7 189.1 189.1 189 188.7 188.1 189.8 192.1 197.7 200.7 204 206.3 208.7 210.6 211.8 212.8 213.7 214.5 215.2 215.9 217.6 218.8 218.9 219.7 220.4 222.1 224.1 220.4 220 218.4 217.5
148.1 147.3 146.5 145.3 145.5 146.7 148.8 151.9 152.9 158.9 153.9 155.1 155.8 156.6 157.8 165.2 158.9 161.1 163.3 165.3 165.9 165.9 167.8 168.5 168.3 167.9 168.7 169.2 170.1 170.1 170.1 171.2 172.6 174.1 175.7 176.8 178 179.3 180.3 181.3 182.3 183.2 183.9 184.8 185.8 186.3 186.4 186.3 186.3 186.9 187.3 187.2 190.1 193 197.2 201 203.6 206.1 207.9 210.3 212.7 214.5 215.7 216.1 216.9 218.7 219.2 220.7 222 222.3 223.1 226.2 224.8 224.2 223.6 222 220.6 219.4
145.9 145.5 146.4 148.9 149.7 150.7 151.4 154.7 155.6 159.6 164.3 165 164.7 158.4 158.6 161.7 158.8 159.9 160.8 162.1 162.5 162.1 163 164.2 165 165.7 167.4 167.1 168.5 168.4 168.7 167.1 170.4 170.9 172.4 174.1 175.4 176.7 177.7 178.9 179.7 180.6 182 183 183.9 184.2 184.6 184.5 185.3 186 186.6 189.8 192.8 196.1 199.3 202.3 204.8 207.9 210.3 213.3 216.2 218.8 220 220.4 220.8 221.6 222.5 223.9 225.5 227.3 231.8 232.1 227.2 226.6 226.3 224.5 223 221.3
146.1 149.3 151.7 153.4 154.1 153.5 152.1 153.4 155 160 164.1 164.6 164.6 162 159.8 160.4 162.9 160.5 161.2 162.2 162.8 163.3 163.7 165.4 166.4 167.5 166.4 167.8 168.1 168.8 170.1 170.8 170.9 171.8 172.1 172.3 172.4 174.2 175.3 176.1 176.5 178.1 180 180.9 181.4 182.1 182.8 183.5 184.2 185.4 189 192.2 195 197.5 200.4 203.4 206.6 209.6 213.4 218.9 223.6 225.3 224.6 225 224.8 225.5 226.2 227.4 230.1 236.7 231.8 230.4 230.1 230.1 229.3 227.2 225.3 223.5
149.6 153 155.6 156.4 155.4 153.2 151.7 152.8 155.2 161 165.9 162.6 164.4 164.8 165.2 165.7 165.5 163 162.2 162.6 167.3 168.2 168.6 170.5 170.8 170.9 168 172.4 174.3 175.8 178.9 173.3 173.6 174.3 174.4 174.5 174.7 175.1 175.8 176.9 178.7 179.9 181.1 181.1 180.7 181.7 180.1 181 185.9 189.3 191.4 194.3 196.1 198.5 201.4 204.3 207.3 210.7 214 219.1 224.8 231 230 229.4 229.2 229.5 230 230 232.6 232.9 232.5 231.9 230.8 230.6 229.3 228 227 225.1
152.2 155.3 157.1 156.8 155.9 154.8 153.2 153.5 155.8 160.7 160.7 161.6 162 162 162 165.9 166.8 169.1 168.5 167.8 167.8 168.2 168.8 172.4 172.6 172.1 174.1 174.5 175.2 175.8 176 177.1 176.6 176.8 176.9 177 177.2 177.6 178.4 179.7 182.3 184.6 185 184 182.6 182.7 184.6 187.5 190.2 192.3 193.8 195.3 196.9 199.5 202 205 208 210.9 213.7 219 223.2 229.6 232.6 233.4 235.3 235.9 234.8 231.7 230.9 231.3 231.9 230.9 229.8 228.7 228.2 227.9 226.8 225.3
154.7 156.6 157.6 158.2 158 156.3 154.1 153.8 155.3 158.7 160.5 161.4 162 162 162 169 167.2 169 168.7 168.3 167.7 168.3 168.3 172.3 172.7 172.3 175.3 175.6 175.8 176.1 176.5 176.4 180.1 179.5 179.5 179.6 179.8 180.5 181.8 184 186.1 187.6 187.8 186.7 185.9 186.6 188.5 190.7 192.5 194 195.1 196.3 198 200.2 202.4 205.3 208 210.8 213.6 216.6 221.6 227.2 232.2 234.2 236.6 237.9 234.5 232.2 230.6 229.2 230.2 229 227.5 225.8 226.1 226.1 225.6 224.4
157.7 159.1 159.5 159.6 159.3 157.5 155 154 155 160 160.5 161.1 162 162 165.6 169.2 167 166.5 169.1 168.5 168.1 168.5 168.8 172.9 173.8 173.7 176.2 176.4 177.4 178.9 181.1 182.8 182.4 182.6 181.9 182.6 182.9 183.8 185.6 187.3 188.4 189.2 189.6 188.5 188.4 189.5 190.9 192.4 193.4 194.2 194.9 196.5 198 200.3 202.7 205.4 207.9 210.3 212.7 216 220.1 225.9 230.2 232.9 234.7 235.8 233.9 231.2 229.4 227.6 226.9 226.2 224.6 223.7 224 224 224.2 224
160.1 160.2 160.4 160.2 159.9 159 156.7 155.3 157 160.3 160.7 161.4 162 162 165.8 166.7 166.8 166.6 170.1 169 168.2 168.3 168.5 172.8 174.6 175.4 176.5 176.6 178.3 179.5 179.5 183.4 185.1 185.9 186.1 184.4 184.7 186.2 188.1 189 189.8 190.5 190.7 190.6 190.8 191 191.9 192.9 193.5 194.1 194.8 196.6 198 200.2 202.8 204.8 206.9 209.1 212.3 215.5 218.6 222.6 227.5 230.3 231.9 232.4 232 230.1 227.9 225.3 223.9 223 222.2 221.5 221.3 222.1 223.4 224.8
160.1 160.2 160.2 160.5 161.3 160.8 159.5 158.1 159.3 160.9 161 161.4 162 162 165.7 166.9 167.3 167.6 170.7 171.1 168.6 168.7 168.7 174 175 175.7 176.7 176.7 179.8 182.4 183.2 185.2 188.2 188.8 188.9 188.6 187.3 188.8 189.2 190 190.9 191.4 191.3 190.9 191.2 191.6 191.4 192.2 193 193.5 194.5 196.6 198 200.2 202.4 204.2 206.2 208.5 211.2 214.4 217.3 221 224.2 227.5 228.4 228.7 229.1 227.5 226 223.5 221.4 220.2 219.5 219.2 219.5 221.3 223.4 225.8
160 160.3 160.7 161.5 163 162.7 161.6 159.6 161.5 161.5 161.6 161.8 162 162 165.2 167.1 167.2 167 172.4 172.9 170.4 172.2 172.2 173.4 175 175.5 176.7 176.5 177.6 183.3 183.5 188.1 189.5 190.9 190.3 190 189.8 189.9 190.1 190.5 190.9 191.5 191.4 191.2 191 191 190.4 191.4 192.4 193.2 194.4 196.3 197.8 199.8 202 203.6 205.7 208 210.3 213.1 216.1 219.6 222.2 224.3 225.4 225.6 225.8 225.5 223.9 221.7 219.7 218 217.4 217 217.9 220.9 223.5 227
160.5 160.9 161.2 161.8 162.6 162.6 161.9 160.5 162.2 162.1 165.4 168 166.6 167.9 167.9 167.4 167.6 167.9 168.8 173.8 173.7 173.4 173.5 173.2 174.9 175.4 176.8 176.8 177 183.3 185.8 188.2 190.2 191.8 190.9 190.4 190.5 190.3 190.6 190.6 190.7 190.8 190.5 190.1 190.2 190 189.9 190.8 191.6 193.1 194.4 195.9 198 199.9 201.7 203.4 205.3 207.4 209.6 211.8 214.8 217.4 219.5 221.2 222.4 222.5 222.9 223.1 221.8 219.5 217.6 215.8 215.4 215.1 217 220.2 223.1 228.3
159.9 160.5 161.2 161.7 161.8 161.9 161.8 161.7 165.2 166.9 166.5 167.3 168 168.3 168.5 168.5 168 168.2 168.1 173 173.3 173.6 173.7 173.7 174.7 175.8 176.9 176.8 176.9 183.2 184.1 186.9 187.7 189.6 189.7 189.8 189.8 190.1 190.3 190.3 190 190 189.8 189.3 189 189.6 189.9 190.9 191.9 193.2 195 197.2 199.1 201 202.7 204.2 206 207.7 209.2 211.3 213.4 215.7 217.3 218.5 219.4 219.4 219.6 220.3 219 217.6 215.6 213.3 213.4 214.1 215.9 218.5 221.8 226.7
158.7 159.7 160.3 161.2 161.2 162.7 162.9 163 164.5 164.7 166.6 166.7 167.4 168.7 168.7 168.9 167.9 168.3 168.2 167.8 173.4 173.9 173.8 173.7 173.8 176.7 176.9 177.8 180 183.9 184.2 187.5 184.9 185 188 188.2 188.5 188.7 188.9 188.9 188.9 188.9 188.6 188.2 188 188.5 189.9 191.7 193.3 194.7 196.9 198.8 201.3 202.8 204 205.6 207.3 208.5 209.6 211.4 212.9 214 215.2 216.2 216.6 216 216.6 216.8 216.5 214.9 213.8 211.4 211.1 212.1 213.7 216.2 218.8 223
157.7 158.8 160.2 162 163.8 164.2 164.3 164.4 165.9 165.7 167.3 167.2 167.2 169.1 168.9 168.8 168.3 168.4 168.4 168.1 173.1 173.6 173.7 173.7 174.1 175.6 176.4 176.6 176.7 182.4 184.6 184.8 184.7 184.6 187 186.4 187.4 187.3 187.5 187.6 187.6 187.5 187.3 187 187.2 188.5 189.9 192.3 194.3 196 198.8 201.3 204 206.5 208.1 209.8 210.8 211 211.4 211.1 211.7 212.2 213 213.5 213.6 212.7 213.7 213.8 213.3 212.6 211 209.1 208.8 209.6 211.6 214 216.5 218.5
160.3 161.5 163.1 164.8 166.2 166.4 166.7 165.5 166.9 166.4 167.7 167.8 167.5 168.6 169.4 169.2 169.9 168.3 168.5 168.4 170.5 172.6 172.8 173.3 173.3 174.4 176 176.3 176.6 180.3 184.1 184.2 183.9 184 183.8 184.3 186.7 185.4 185.9 186.1 186.2 186.1 185.8 186 186.8 188.4 190.5 192.9 195.2 197.7 200.7 203.9 206.8 209.5 211.7 212.9 213.8 214 213.8 213.4 212.9 212 212.1 211.3 210.7 210.4 209.8 209.9 210.1 210 208.1 206.9 206.6 207.6 209.4 211.5 212.9 214
163.9 165 166.1 167.9 168.4 168.6 168.7 169.7 169.6 169.1 168.4 168.2 168.9 170.4 170.1 169.8 170.7 168.9 169.9 170.5 171.2 171.4 172.1 172.8 173.4 174.4 175.6 176.5 176.8 176.8 182.7 183.8 183.3 184.7 182.5 182.9 183.1 183.6 184.1 184.4 184.6 184.5 184.4 185.5 187.1 188.8 191.1 193.4 195.9 199.3 202.4 205.8 209.1 212.8 215.5 216.9 217.5 217.4 216.3 215.2 213.8 212.3 211.1 210 208.8 208.2 208.1 207.3 206.1 206.4 204.8 204.7 204.4 205.1 206.9 208.1 209.5 210.9
165.5 166.6 168.3 169.2 169.7 170.4 170.2 170.6 170.5 170.3 170.6 170.6 172.1 172 172.7 173 173 173.1 171.7 171.6 171.4 171.7 172.3 172.6 173.5 174.1 175.9 176.8 177.3 175.5 178.2 179.1 179.7 179.7 179.6 181.1 181.5 181.8 182.3 182.6 182.8 183.1 183.6 185.2 186.9 189.3 191.7 194 197 200 204.1 207.4 211.3 215.4 220.1 223.1 223.3 221.2 220.1 216.8 214.6 213.1 210.6 208.2 207.6 206.9 206 205.6 204.3 203.1 202.1 202.3 202.1 202.7 203.6 204.8 205.4 206.5
166.2 166.9 169.4 170.7 170.9 171.2 171.4 171.2 171.1 171.1 171.3 171.6 172.4 172.8 173 173.1 173.2 173.3 172.2 172 171.3 171.7 172.3 172.4 173.1 173.9 175.3 176.2 176 176.4 177.2 177.5 177.5 178.2 180 181.4 180.6 179 180.6 179.2 179.2 183.6 185 186 186.5 188.7 191.4 194.2 197 200.1 204.7 209 213.6 218.9 225.2 229.9 231.4 226.9 222.8 219.1 216.4 213.1 210.4 208.1 206.1 205.2 204.2 203.6 202.5 201.8 199.9 199.6 199.6 199.8 200.8 201.8 202.2 203.2
165.2 165.1 165.1 165.4 165.5 168.7 169.9 171.7 171.7 171.6 171.6 172.1 172.5 173 173.1 173.2 173.3 173.8 172.8 172.4 171.7 171.9 172.6 172.8 173.3 173.6 174.3 175.4 175.3 175.7 175.7 175.1 177.8 181.3 184.1 185 184.4 183.9 184.5 184.9 186.2 191.2 196.3 197 195.6 193.9 192.1 194.4 197.2 200.4 204.9 208.6 214.9 221.1 226.4 229.9 231.7 228.1 223.7 220 216.3 213.2 210.2 207.8 205.3 203.3 202.5 201.1 200.6 199.9 198.8 197.5 197 197.4 197.8 198.7 199.4 199.9
164.8 164.7 164.6 164.9 165.6 168 169.1 172.2 172.2 172.5 172.9 173 173.1 173.2 173.3 173.3 173.5 173.7 172.9 172.4 172.2 172.6 174.1 173.2 173.1 173.3 173.7 174.9 175.5 175.7 175.7 177.8 181.1 184.7 186.5 188 188.3 188.2 189.5 192.2 196.4 202.4 207.8 209.1 207.5 205.5 203.6 202.1 199.8 199.7 203.4 206.9 213 217.6 223.3 228.1 227.2 223.9 220.2 216.6 214 211.6 208.8 206.5 204.1 202.3 201.2 199.7 199 197.8 197.1 196.5 195.5 195.5 196.1 196.4 196.9 197.1
164.8 164.7 164.6 164.7 165.6 170.7 171.5 172.6 172.4 172.9 173.4 173.4 173.4 173.3 173.4 173.5 173.4 173.3 172.7 172.3 172.2 173 173.9 172.9 173 173.1 173.6 174.9 175.6 175.9 178.9 182 184.9 187.7 189.4 191.1 191.2 192.3 195.7 199.1 204.2 211.9 217.2 217.6 216.3 214.8 213.6 212.1 208.9 202.4 201.3 204.7 208.7 213.5 217.9 221.3 220.1 218.7 216.6 213.7 211.5 209.1 207.5 205.2 203 201.4 200.2 198.6 197.5 196.5 195.9 195.4 194.6 193.9 194.5 194.7 194.9 194.7
164.8 164.7 164.9 164.8 165.3 169.9 172.4 173.2 173.3 173.7 173.8 173.7 173.5 173.4 173.5 173.5 173.4 173.3 172.9 172.3 172.7 173.4 173.5 173 173.1 173 175.6 175.3 179.5 181.8 183.8 186.6 189.1 191.1 193.2 194.4 195.3 196.8 200.1 205.3 212.6 218.7 220.1 220.8 219.6 218.5 218.7 216.2 212.8 208 200.3 201.5 204.3 207.9 210.4 212.1 213.1 213 212.2 210.1 208.9 206.9 205.8 204 202.4 201.7 201 199.3 198 196.6 195.5 194.3 193.8 193.3 192.7 192.5 192.6 193.4
