public/OST50/SK41.asc
ncols 200
nrows 200
xllcorner 440000
yllcorner 310000
cellsize 50
[rows 70 to 104 of 200, columns 78 to 155 of 200]
154.8 162.2 167.6 172.6 177.1 181.5 184 183.2 183.5 184.8 186.6 187.9 189.5 191.2 191.9 192.1 192.6 191.2 189.2 187.1 185 183 181.3 180.9 181.2 181.1 182.4 183.6 184.9 185.6 179.5 172.7 166.8 162.6 161.1 163.2 166.2 169.6 173.3 177.2 179.8 178.9 175.7 172.6 169.6 167.2 164.3 163 161.8 160.7 160 159.8 159.5 159.2 159 158.5 158.2 157.7 156.9 155.6 153.5 153.4 155 156.4 155.6 152.3 147.5 140.7 134.1 129.5 125.8 123.1 129 135 139.4 143.5 148.2 152.1
156.8 163.6 168.5 172.2 176.5 180.2 181.5 182.2 183 185.1 187.7 190.3 192.7 195.3 197.9 198.3 197.7 195.9 192.7 189.7 186.7 184.2 182.4 181.3 180.4 180.3 180.8 181.7 182.1 181.6 176.7 170.6 166.7 164.8 166.9 170.3 172.7 174.2 176.8 179.6 181.6 181.6 179.4 176.9 174.8 172.5 170.1 168.6 167 165.4 164.4 163.8 163.4 162.5 162.1 161.5 160.9 160.1 159.1 157.5 155.8 154.7 154.7 154.9 153.7 150.7 146.2 139.3 134.4 130.9 127.8 125 126.8 131.8 135.9 139.9 144.6 148.4
163.2 166 169.5 172.4 175.4 178.1 179.7 181 182.6 184.5 187.7 191.2 195.7 200.1 203.8 205.2 203.1 200.5 197.8 193.7 189 185.6 183.4 181.6 180.2 179.4 178.8 179.4 179 177.3 173.6 169.2 167.2 169.7 173.6 177.8 179.1 179.3 179.9 181.4 182.8 182 181.4 180.3 178.6 177 175.4 173 170.6 169.2 168.4 167.6 167.1 166 165.2 164.5 163.3 162.2 160.9 159.4 157.8 156.3 154.2 152.6 150.5 147.7 144.3 140.7 136.6 133.5 129.5 125.9 124.2 130.4 134.4 138.1 142.3 146.3
165.4 169.4 171.4 173 175.2 178.1 178.5 179.9 181.6 183.8 187.3 191.1 195.9 200.8 204.8 206.7 204.7 203.9 203.3 198.9 191 186.8 184.1 182.2 180.8 178.9 178.1 177.1 176.5 174.5 171.4 168.8 170.1 174.1 178.3 182.7 183.7 183.5 183.1 183.2 182.9 182.6 182.2 181.5 181.1 180 179.2 177.4 174.4 173.3 172.5 171.7 170.5 169.4 168.2 166.7 165.3 164.2 162.7 161.2 159.4 157.1 154.9 152.3 150.1 147 144.9 141.7 137.3 133.5 129.7 125.8 125.2 130 133.3 137.2 140.9 144.8
166.2 170.4 171.8 173.4 175 176 177.4 179.4 181.8 183.7 185.6 189.4 192.9 196.9 200.5 201.7 183.1 204.7 207 199.4 191.1 188.1 185.4 183 181.3 179 177.6 176.4 174.8 173.3 171.2 169.8 171.5 175.8 180.5 184.6 186.7 189.1 186.4 184 183 182.7 182.4 182.5 182.1 182.3 182.8 181.9 179.9 177.6 176.7 175.8 174.1 172.7 171.5 170 168.4 166.3 164.5 162.9 160.5 158.2 155.9 153.9 152.2 149.9 146.8 140.7 136.9 133 129.5 126 126.7 129.5 132.7 136.2 139.9 144.2
165.5 169.7 171.5 172.5 173.1 173.9 176.2 178.8 184.4 187.6 188.6 187.8 184.9 184.7 190.8 177.8 163.8 173.3 202.6 199.1 192.8 189.5 186.9 184.3 182 180 177.6 175.7 174.3 172.7 172 171.2 173.1 176 179.4 181.7 185.1 187.4 188.4 184.4 183 182.7 182.6 183 183.8 184.6 186.2 187.4 185.4 182.5 181 179.7 177.8 176.2 174.8 173.1 170.8 168.7 166.9 164.4 162.1 160 157.9 156 154.1 151.8 149.3 141.5 135.4 131.4 128.4 126.4 127.2 129.6 131.9 135.5 139.4 144.7
163.1 166.8 168.4 169.5 170.5 171.5 174 178.2 186.2 191.4 192.5 185.7 170.2 164.6 161.7 164.3 139.9 140.1 164.4 201.8 194.3 191.4 188.7 186.4 183.5 181 178.6 176.3 174.5 173.6 172.7 172 173.2 175.7 178.2 180.2 181.8 182.8 183.2 182.8 182.3 182.3 183.2 183.6 184.6 186.2 188.2 189.6 189.1 187 185.2 183.7 181.9 179.8 178.3 175.8 173.4 171.2 168.9 166.4 164 161.9 159.8 157.9 155.3 150.4 142.9 138.9 134.6 130.5 128.5 127.3 126.8 129.7 132 135.3 139.2 144
158.4 163 165.4 166.5 167.8 169.6 171.9 177.3 187 193.4 194.4 192.1 177.9 164.9 164.4 151.8 139.9 139.1 141 174.5 202.9 196.1 190.9 188.4 186.1 182.2 179.6 177.4 175.3 174.1 173.2 173 174 174.8 176.6 178.7 179.5 180.8 181.2 181.1 181.5 182.9 183.6 184.3 185.3 187.2 189.9 191.9 192.3 192 190.6 190 188.3 185.2 181.7 178.9 176.2 173.6 171.2 168.6 165.8 163.2 160.5 158.6 154.1 147.8 140.9 136 132.9 131.1 128.8 127.5 127.4 129.4 131.6 134.7 138.8 142.7
154 158.3 161.7 163.6 165 168.2 169.7 179.4 187.6 194.9 198.6 196.5 188.4 170.9 166.7 163.6 138.8 137.3 137.3 140.1 185.7 204.3 200.9 191.6 189.4 185.1 181.1 178.3 176.3 174.6 173.7 173.9 174.6 175.2 176.2 177.1 178.2 179.2 180.1 181.2 182.4 184 184.5 185.3 186 187.6 190.1 192.2 194 195.8 196.8 195.9 195 190.9 186.8 183.1 178.8 175.9 173.1 170.4 166.7 162.3 157.1 152.3 147.8 142.2 138.1 136 133.4 131.3 129 126.5 127.5 129.4 131.3 134.7 138 141.7
148.6 154.1 157.4 159.8 163.1 167.2 175.6 183.3 188.2 195.1 200.8 201.3 196.4 187.8 166 138.2 137.3 137.3 137.3 137.3 143.9 184.5 196.4 202.1 191.8 186.1 182.3 179.4 177.3 176.4 175.2 175 175 175.5 176.1 176.6 177.7 178.3 180.4 182.2 184 185.9 186.3 186.3 186.9 187.9 189.7 191.7 193.7 195.3 196.5 198 198.5 195.4 191.8 188.2 182 178.5 175.5 172.1 168.2 163.1 157.2 151 145.6 142.1 138.6 135.7 133.1 131.3 129.1 128.1 128.1 128.6 130.8 133.5 137.1 139.7
145.2 150.8 154.6 158.2 161.6 165.7 177.9 182.3 187.1 191.8 197.5 201.2 201.7 201.2 164.8 137.3 137.3 137.3 137.3 137.3 137.3 142.8 164.7 189 195.1 187.3 183.7 180.8 178.8 177.8 177 176.5 176.1 176.7 177.1 177.7 178 179 180.9 183.3 186 188 188.4 188.2 187.6 188.6 189.5 190.7 192.3 194 195 196.4 197.8 196.3 193.6 192.6 190.8 182.3 178.4 174.5 171 165.6 159.6 152.9 147.9 143.1 139 135.5 132.9 131.1 130.1 129.6 129.2 128.4 130.3 133.6 136.2 138.4
145.9 148.8 152.6 156.4 159.7 162.3 166.2 176.1 183.7 188.4 193 198.2 202.3 202.4 182.8 160.5 137.7 137.3 137.3 137.3 137.3 137.3 137.3 147.2 165.1 189.2 185.5 182.3 180.9 180.1 179.1 178.5 177.8 178.4 178.5 178.8 179.4 180 182.3 184.9 187.6 189.8 190.2 189.9 189 188.9 189.7 190.3 191.4 192.6 193.7 194.5 194.7 194 192.7 192 191.9 186 181.5 178 174.3 168.4 161.4 154.7 148.2 143.4 139.5 136.1 133.6 132.5 131.8 130.7 129.6 129.1 129.7 132.1 134.4 136.9
144.2 147.8 151 154.5 158.2 161.4 164.5 168.4 171.7 178.3 186.9 189.7 193.3 198.8 206.6 164.9 164.8 150 137.3 137.3 137.3 137.3 137.3 137.3 156.6 190.6 187 184.5 183.2 182.4 182.5 181.9 181.2 180.6 179.9 179.9 180.2 181.3 183.2 185.9 188.4 190.6 191.1 191.2 190.7 190.6 190.2 190.4 191.3 191.8 192.5 192.5 192.5 191.8 190.8 190.2 189.3 188.4 184.2 180.8 176.8 170.7 163.6 155.5 148.4 143.6 140.3 137.1 135.1 134.3 132.7 131.4 130.3 130.1 129.4 130.6 133 135.7
143.3 147.3 150.2 153.5 155.9 159.4 162.5 166.2 169.5 173 176.3 179 182.2 186.6 193.4 205.9 185.8 165.7 158.6 140.5 137.3 137.3 137.3 137.3 143.9 192.1 188.3 186.9 186.2 186.7 186.9 187 184.8 182.8 182 181.4 181.2 182.7 184.1 186.5 188.9 191.2 191.7 192.4 192.5 192.5 192 191.6 191.4 191.9 191.5 191.2 190.7 189.5 188.7 187.6 186.5 185.4 182.1 179.2 175.7 172.4 163.5 154.6 147.9 144.4 141.5 138.8 137.2 135.5 134.3 133.1 132.5 131.3 130.1 129.4 132.1 134.3
142.7 146.8 148.7 151.6 154.6 157.5 160.6 164.4 167.2 170 173.4 175.8 178.4 181.6 185 188.3 201.6 192.4 168.3 166.8 151.2 141.4 142.6 157.2 178.3 192.2 189.5 189.2 190.2 190.9 191.9 190.7 187.4 185.6 184.6 183.6 183.5 184.5 185.7 186.8 189.4 191.8 192.9 193.6 194.2 194.3 193.8 193.6 193 192.2 191.3 190.5 189.3 187.7 186.3 184.4 182.8 181.1 179.2 177.1 175.4 172.2 162.7 155.3 149.2 145.6 143.3 141.2 139.5 137.8 137.1 136.2 135.2 133.1 131.4 130.4 131.4 133.3
142.6 144.8 147.2 149.3 152.4 156.1 159 161.7 164.9 167.3 169.7 172.4 174.5 177.3 179.6 184.8 202.4 197.7 188.1 172.6 158 168 166.7 190.6 190.7 190.5 190.8 192.8 195.7 197.2 197.7 194.9 192.1 190.6 188 186.6 186.2 186.6 187.2 188.3 189.8 191.8 193.9 194.9 195.5 195.9 196.3 197.4 196.2 195.6 193.2 191.6 189.3 186.5 184.7 182.5 180.4 177.9 176 174 172.1 170.1 164.4 159 151.6 148.7 146.2 143.8 141.8 140.6 139.7 138.7 137.2 135.1 133 131.1 131.2 132.6
142.6 144.2 145.1 147.8 150.8 153.2 156.9 159.8 162.8 165.1 167.2 169.3 171.8 174.4 176.6 179.1 183.2 197.2 194.8 169.1 164.6 175.8 189.4 189.5 189.8 189.6 191 193.6 199.1 202 202.3 201 198.4 196.5 194.4 191.3 189.2 189.1 189.4 189.7 190.4 191.8 193.7 195.2 196.1 196.5 197.5 199.3 199.9 199.6 196.3 193.5 190.9 188.3 184.6 181.6 179.1 177.1 175.3 173 170.3 167.6 164.7 160.9 155.9 151.4 148.9 146.2 144.6 143.7 142.8 140.5 138.9 136.6 133.5 131.7 131.5 131.8
146.6 144.3 145.8 147.6 149.3 151.4 155.1 158.4 160.8 163 164.9 166.8 169.1 171.6 174.3 176.9 179.6 183 182 168.3 167.7 181.6 187.2 186.7 186.9 187 189.8 193.1 200.7 205.9 205.7 203.3 202.4 201.7 198.3 195.3 192.7 192 191.9 191.9 192.3 193 194.3 195.3 196.3 197.2 198.2 199.5 200.6 201.6 199.9 196.1 193.7 189.5 185.4 181.9 179.9 178 175.9 173.7 171 167.6 164.6 160.8 156.9 154.1 152.1 149.3 147.7 146.6 144.5 142.3 140.4 137.2 134.6 132.7 132.1 131.9
152.6 151.4 145.4 148.4 149.1 151.5 154.9 157.9 159.5 161.2 163.2 165 166.9 169.4 171.9 174.4 176.9 179.8 181.3 175 180 185.6 185.6 184.9 183.9 184.5 187.7 192.4 199.3 202 203.9 204.5 205.8 204.9 201.3 198.5 197.3 196.5 195.6 195 194.6 194.7 195.4 196.3 197.4 198.2 198.8 200.1 201.4 202.5 201.5 198.3 194.7 190.1 186 183.4 181.6 179.4 178.2 177 174.6 170.7 167.5 163.4 160.1 158.1 156.1 153.4 151.4 148.8 146.7 144.2 141.7 138.5 136 134 133.3 132.9
156.1 155.6 154.7 148.8 149.1 151.8 154.8 157.4 159 160.6 162.1 163.5 165.4 167.7 169.7 171.7 173.6 175.9 179.2 179.1 180 183.8 181.1 180 180.5 182.2 184.5 191.2 196.2 198.6 201.7 205 209.3 207 204.6 203 202.2 201.5 200.2 198.4 197.7 197.7 197.8 198.1 198.8 199.1 199.4 200.7 201.7 202.7 202.7 199.5 195.4 191.1 187.8 185.6 184 182.3 182 181 179.7 176.3 172.9 168.9 165.6 163.3 160.2 157.5 154.2 151.5 148.7 146 142.3 139.6 137.9 135.9 135 134.1
157.5 156.7 154.9 151.4 148.1 151.2 153.9 156.2 157.5 159.4 161.1 162.3 163.8 166.2 168.6 169.9 171.3 172.6 174.4 177 178.7 179 177.9 177.6 178.5 180.4 183.5 188.6 192.2 196.6 200.5 205.7 210 208.8 207.8 207.6 207 205.4 202.9 200.8 200.5 200.3 200.2 200.9 200.7 200.6 200.5 201 201.8 202.5 203 200.3 196.3 192.5 190.1 188.7 187.5 186.9 186.4 185.5 184.9 183.1 179.9 175.8 171.8 167.8 164.2 161.1 158 154.4 150.9 147 144.3 141.8 140.2 138.2 136.8 135.5
156.7 156.1 154.3 152.1 151.8 152.7 153.1 154.9 156.3 157.8 159.4 160.9 162.5 164.6 167.8 168.8 169.8 170.7 171.6 172 173.3 176.4 176.1 175.9 177.2 179.1 182.2 186.1 189.9 193.8 199.5 205.3 210 210 210.4 210.9 211 208.6 205.7 206.5 208.2 208.1 205.3 203.9 203.3 202.8 202.7 202.5 203.1 203 203.6 201.2 198.2 194.6 192.7 191.9 192.2 191.7 191.1 190.7 190 189 187.1 182.5 177.8 173.4 169.3 165.7 162.1 157.6 153.2 149.8 147 144.5 142.8 140.7 138.4 137.3
155.4 154.9 154.1 153.8 153.6 154.6 154.5 153.7 155.2 156.6 157.7 159.3 161.3 162.8 164.5 167 168.7 169.6 169.8 170 171.3 171.7 173.6 175 176.3 178.3 181.7 185 188.8 193.1 198 203.4 208.2 210.6 212.1 213.3 212.6 210.9 209.9 209.8 213.5 211.6 208.5 206.8 205.9 206 205.1 204.7 204.3 204 204.4 204.2 200.1 197.4 195.7 196.5 196.7 196.4 196 195.6 195.3 194.7 193.4 189 183.4 178.9 174.9 171.2 166.8 161.1 156.8 153.2 150 147.3 145.4 142.6 140.2 138.2
154.7 154.8 154.8 154.8 155.4 156.3 156.8 155 154 155.1 156.1 157.5 159.1 160.8 162.3 163.6 166.2 168.4 168.8 169.5 170.1 169.9 171.1 173.7 176.2 178.5 181.1 184.5 189 193 197.7 202.6 207.5 211.2 213 214.4 214 213.3 213.8 214.5 214.6 213.1 211.6 210.3 209.1 209.2 209.3 207.3 205.9 205.3 204.7 204.3 201.6 199.7 198.9 199.8 200.7 200.5 200.2 200.6 200.5 199.3 197.3 192.9 188.6 184 180 176.3 171 165.6 161.6 157.4 153.5 150.2 147.4 144.4 141.6 138.4
155.5 155.6 155.6 156.1 156.9 157.9 158.1 157.9 155.6 153.7 154.6 155.3 156.6 159.7 159.8 159.8 163.1 165.7 167.5 168.1 168.6 169.3 170.5 172.5 174.6 178.6 180.7 184.4 190.3 195.1 200.1 205.8 209.4 211.7 213.5 215.3 216 216.4 220.2 220.2 216.7 215.8 214.8 213.8 212.7 212.2 211.3 209 207.5 206.8 205.7 204.2 204.9 202.1 201.7 202.9 204 204 204.2 204.7 204.7 202.9 200.1 196.7 192.7 189 185.3 181.2 176.2 170.8 166.3 161.8 157.7 153.4 150.5 147.2 141.8 138.5
156.3 156.6 156.5 157 158 158.8 158.7 159 158.6 157.4 156.3 153.6 155.9 157.7 160.2 162 162 162.7 164.1 165.5 167.9 168.5 170 171.7 173.7 176.5 180.5 184.4 194.7 198.4 203.8 208.2 207.2 208.7 212.5 216.4 218 220 221.1 222.6 221.2 220 219.3 218 216.5 214.7 212.5 210.7 209.2 208.2 207.1 206.1 204.2 204 204.7 205.8 206.9 207.3 208.3 208.8 209 208 204.9 201.2 197.2 194.2 190.7 186.3 181.1 175.5 170.7 166.2 162 158.1 153.9 149.8 143.8 140.5
157.2 157.6 157.4 158.1 159.1 159.3 159.6 160.1 159.7 159.3 158.8 157.2 156.3 157.6 158.2 159.4 161 162.4 163.5 164.9 166.7 167.9 169.5 171.1 173.7 176.4 179.7 183.8 194.1 198.8 202.7 202.5 202.7 205.9 210.3 215.8 221.6 226.6 227.8 227.6 226.5 224.9 223.9 222.9 220.9 218.7 215.1 213.1 211.3 209.8 208.8 207.8 207.3 207.2 207.6 208.6 209.9 211.2 212.2 213 213.4 212.3 209.6 205.7 202.5 199.7 196.1 191.7 186.1 179.9 175.3 170.7 166.5 162.2 157.8 151.6 146.3 142.7
158.1 158.6 158.7 159.3 160.1 160.4 160.9 161.2 161 160.7 160.1 158.9 156.7 157.6 158 159.2 160.5 162.2 163.4 164.7 165.9 167.4 169 171 173.9 176.3 179.9 183.9 188.7 194.6 196.6 197.1 199.1 201.8 206.5 212.5 218.6 224.1 229 231.2 232.2 233 230.3 228.8 226 222.1 218.1 215.5 213.5 211.5 210.9 210.3 210.2 210.1 210.3 211.4 213.2 215.3 216.8 218.8 219 217.3 214.7 211 208.1 205.3 201.7 197.2 191.8 185.2 180.2 176.1 170.7 166 160.5 152.8 147.1 144
158.9 159.4 159.7 160.8 161.2 161.5 162 162.2 162 161.8 161.2 159.6 158.2 157.4 157.8 159.6 161.7 163.4 164.3 165.2 166.6 168.1 169.7 171.6 173.9 176.1 179.4 182.1 186 189.2 191.8 193.4 195.7 199.1 203.8 209.5 215.2 221.6 226.9 231.5 234.8 236.2 233.9 230.8 227.5 224.1 220.5 218.1 215.7 213.9 213.2 212.8 212.7 212.8 212.9 214.4 216.6 218.8 221.8 225.2 225.8 223.9 220.1 217 213.8 210.7 207.1 202.4 197.4 191.9 185.3 180.3 174.9 169.4 161.9 154.5 149.2 145.2
159.7 160 160.8 162.2 163.5 163.7 163.7 163.4 163 162.6 162.2 160.5 159 156.2 158 159.9 161.8 163.9 165.2 166.2 167.4 168.8 170.3 172.1 174 175.9 178.5 180.5 182.8 186.1 188.4 190.7 193.4 197.2 201.5 206.6 212.3 218.6 224.3 229.3 234.6 236.5 234.8 231.9 228.9 225.9 223.4 221 218.8 217.2 216.1 215.5 215.1 215.2 215.6 217.1 219.5 221.9 225.4 228.4 232.3 230.8 226.9 222.3 219.3 215.5 211.7 207.2 202.6 196.2 190.2 184.8 178.8 172.4 166.4 159.2 151.7 147
160.2 160.6 161.4 163 164.8 165.1 165.2 165 164.6 163.7 162.9 161.9 160.3 158.6 158.4 159.8 162.2 164.1 165.4 166.7 167.8 168.7 170.3 171.9 173.4 175.3 177.1 179 181.2 183.2 185.1 188.5 191.6 194.4 199.4 204.8 210.3 215.2 221.6 228.2 235 237.1 235.8 233.1 231.3 228.8 226.3 224.8 223.3 221.6 219.9 218.8 218.2 217.9 218.3 219.6 221.9 224.7 228.3 232 238.1 239.1 235.2 231 225.6 221.1 216.7 211.3 205.4 199.7 193.6 188.3 184.4 178.8 172.9 164.5 155.6 149.4
160.7 161 161.8 163.1 165.6 165.9 165.7 165.5 165.2 164.5 163.6 162.8 161.6 160.2 158.7 159.7 162 164.2 165.6 167 168 169 170.1 171.7 173.4 174.7 176 178.3 180.9 180.8 183.4 186.1 189.5 192.5 196.7 202.5 207 211.9 218.2 223.7 228.7 232.7 237.3 236.1 233.9 231.3 229.9 229 227.6 225.9 224 222.9 221.3 221.2 220.9 222.4 224.6 227.4 230.9 234.4 239.3 242.2 241.8 239 235.7 231.9 224.5 215.5 207.9 202.1 196.8 191.4 187.5 182.8 176.8 168 157.4 151.6
161.1 161.5 162.3 163.7 165.1 166.3 166.3 166 165.7 165.3 164.4 163.7 162.7 160.9 159.4 159.5 161.8 164.2 165.7 167.1 167.6 169 170.1 171.2 172.9 174.3 175.5 177.2 179.5 180.4 185.7 185.7 187.7 191.1 194.6 200.3 203.7 208 213.8 218.5 223.2 227.2 232.3 238.9 237.6 234.9 233.7 232.5 231.4 229.8 228.5 226.7 224.7 223.9 223.3 225 227.1 229.9 232.9 236.6 240.4 244 245.7 245 242.5 239.1 231.9 217.6 210.1 204.2 199.2 194.1 190 185.9 178.9 170.1 159.8 154.7
161.3 161.9 162.6 163.9 165.1 165.8 167 166.6 166.2 165.9 165.1 164.3 163.2 162 159.8 159.8 161.5 163.8 165.2 166.6 167.9 168.9 169.7 170.7 172.3 173.6 175.3 176.4 178.2 180.2 182 185.7 186.4 189.2 193.9 195.4 200.8 205.4 209.6 214 218.8 222 225.2 229.5 238.4 237.4 236.9 236 234.8 233.3 231.7 230 227.9 226.6 226.2 227.4 229.5 232.3 235.4 238.3 241.9 245.6 248.3 248.8 245.8 241.8 231.4 218.5 210.6 205.1 200.1 195.1 191.1 185.9 178.8 171.5 163.6 159.7
161.8 162.3 162.8 163.7 165 165.8 166.8 167 166.6 166.1 165.2 164.3 163.3 162.3 160.6 160.5 161.2 162.5 163.9 165.1 166.3 167.7 169.1 170.3 171.6 172.8 174.7 176.1 177.4 179.4 181.4 183.4 185.8 188.6 193.6 194 199.1 202.7 206.5 210.3 214.5 217.9 220.8 224.2 229.4 234.8 239 238.8 237.2 236.2 234.8 233.3 231.2 229.5 229.1 229.7 232.3 235 238 240.8 243.7 246.5 248.6 248.1 243.5 236.3 226.6 217.2 210.2 204.6 199.6 194.5 190.2 184.5 179.6 174.1 167.7 164.1
