public/OST50/SM72.asc
ncols 200
nrows 200
xllcorner 170000
yllcorner 220000
cellsize 50
[rows 76 to 113 of 200, columns 0 to 85 of 200]
-1.5 -1.5 -1.5 -1.5 -1.5 -1.5 -1.5 -1.5 -1.5 -1.5 -1.5 -1.5 -1.5 -1.5 -1.5 -1.5 -1.5 -1.5 -1.5 -1.5 -1.5 -1.5 -1.5 -1.5 -1.5 -1.5 -1.5 -1.5 -1.5 -1.5 -1.5 -1.5 -1.5 -1.5 -1.5 -1.5 -1.5 -1.5 -1.5 -1.5 -1.5 -1.5 -1.5 -1.5 -1.5 -1.5 -1.5 -1.5 -1.5 -1.5 -1.5 -1.5 -1.5 -1.5 -1.5 0.7 17.7 29.9 33.1 36.1 38.4 40.5 43.3 46 43.8 42 42.2 43.3 45.1 46.1 47.1 47.9 49.1 51.5 54.5 55.5 54.5 50.6 49.2 47.8 45.1 44.5 43.3 43.5 43 43.1
-1.5 -1.5 -1.5 -1.5 -1.5 -1.5 -1.5 -1.5 -1.5 -1.5 -1.5 -1.5 -1.5 -1.5 -1.5 -1.5 -1.5 -1.5 -1.5 -1.5 -1.5 -1.5 -1.5 -1.5 -1.5 -1.5 -1.5 -1.5 -1.5 -1.5 -1.5 -1.5 -1.5 -1.5 -1.5 -1.5 -1.5 -1.5 -1.5 -1.5 -1.5 -1.5 -1.5 -1.5 -1.5 -1.5 21.6 19.8 3.2 -1.5 -1.5 -1.5 -1.5 -1.5 0.1 1.4 24.5 29.4 33.2 36.3 39.4 42 43.9 44.6 43.8 43.2 42.5 43.2 44.5 45.6 46.3 47 48.5 50.3 51.3 51.1 49.5 48.1 46.8 45.5 43.9 42.6 41.3 41.9 41.9 42.2
-1.5 -1.5 -1.5 -1.5 -1.5 -1.5 -1.5 -1.5 -1.5 -1.5 -1.5 -1.5 -1.5 -1.5 -1.5 -1.5 -1.5 -1.5 -1.5 -1.5 -1.5 -1.5 -1.5 -1.5 -1.5 -1.5 -1.5 -1.5 -1.5 -1.5 -1.5 -1.5 -1.5 -1.5 -1.5 -1.5 -1.5 -1.5 -1.5 -1.5 -1.5 -1.5 -1.5 18.3 22.6 24.9 24.3 23.1 17.8 0.9 -1.5 -1.5 -1.5 0 1.3 20.1 25.6 30 34 36.7 39.1 41.6 43.1 43.1 42.6 42.8 42.5 43.1 44.1 44.8 45.6 46.4 47.9 49.9 49.1 48.4 47.1 45.7 44.4 43 41.9 40.3 40.5 40.3 41.1 42.1
-1.5 -1.5 -1.5 -1.5 -1.5 -1.5 -1.5 -1.5 -1.5 -1.5 -1.5 -1.5 -1.5 -1.5 -1.5 -1.5 -1.5 -1.5 -1.5 -1.5 -1.5 -1.5 -1.5 -1.5 -1.5 -1.5 -1.5 -1.5 -1.5 -1.5 -1.5 -1.5 -1.5 -1.5 -1.5 -1.5 -1.5 -1.5 -1.5 -1.5 -1.5 -1.5 20.8 24 26.2 26.9 26.5 24.5 20.8 15.7 12.1 0.9 0.8 1.2 8.7 24.1 26.9 30.1 33.6 36.2 39.1 41 41.8 42.2 42.3 41.9 42.4 42.6 43 43.6 44.7 46 47.1 49 46.9 45.7 44.4 42.3 41.3 40.8 40.5 39 38.7 39.4 41.5 42.2
-1.5 -1.5 -1.5 -1.5 -1.5 -1.5 -1.5 -1.5 -1.5 -1.5 -1.5 -1.5 -1.5 -1.5 -1.5 -1.5 -1.5 -1.5 -1.5 -1.5 -1.5 -1.5 -1.5 -1.5 -1.5 -1.5 -1.5 -1.5 -1.5 -1.5 -1.5 -1.5 -1.5 -1.5 -1.5 -1.5 -1.5 -1.5 -1.5 -1.5 -1.5 21.6 24.1 26.7 28.3 29.3 28.7 26.7 23.1 20.2 18.4 15.7 14 3.6 13.2 24 27.9 31 33.7 36.1 38.5 39.7 40.7 41.5 41.5 41.4 41.6 42.3 42.4 42.6 44 45.4 45.6 45.2 44.2 43 41.8 40.1 39.3 38.8 38.1 38.4 39 39.9 40.9 42.3
-1.5 -1.5 -1.5 -1.5 -1.5 -1.5 -1.5 -1.5 -1.5 -1.5 -1.5 -1.5 -1.5 -1.5 -1.5 -1.5 -1.5 -1.5 -1.5 -1.5 -1.5 -1.5 -1.5 -1.5 -1.5 -1.5 -1.5 -1.5 -1.5 -1.5 -1.5 -1.5 -1.5 -1.5 -1.5 -1.5 -1.5 -1.5 -1.5 -1.5 22.7 24.6 26.4 28.6 30.5 32.1 31 28.6 25.6 22.8 22.1 20.4 19.7 21.4 19.6 23 26.4 30.8 33 34.7 36.5 37.9 38.9 40 40.7 41.3 41.2 41.7 42.2 42.5 44.4 44.4 43.9 43.5 42.4 41.2 39.3 38.4 37.4 36.9 37.1 37.8 38.3 39.2 40.5 41.8
-1.5 -1.5 -1.5 -1.5 -1.5 -1.5 -1.5 -1.5 -1.5 -1.5 -1.5 -1.5 -1.5 -1.5 -1.5 -1.5 -1.5 -1.5 -1.5 -1.5 -1.5 -1.5 -1.5 -1.5 -1.5 -1.5 -1.5 -1.5 -1.5 -1.5 -1.5 -1.5 -1.5 -1.5 -1.5 -1.5 -1.5 -1.5 21.8 22.8 25.1 27.6 28.1 30.6 32 34.3 32.5 29.9 27.4 24.9 24.5 24.7 24.6 25.9 25.6 22.5 24.6 27.6 31.2 33.2 34.6 36.6 37.9 39.4 41 40.5 40.8 41.4 41.9 43 44.9 43.9 42.8 41.6 40.5 38.5 38.5 36.9 36.2 37.3 36.7 37 38.1 39 40.2 40.9
-1.5 -1.5 -1.5 -1.5 -1.5 -1.5 -1.5 -1.5 -1.5 -1.5 -1.5 -1.5 -1.5 -1.5 -1.5 -1.5 -1.5 -1.5 -1.5 -1.5 -1.5 -1.5 -1.5 -1.5 -1.5 -1.5 -1.5 -1.5 -1.5 -1.5 -1.5 -1.5 -1.5 -1.5 -1.5 -1.5 -1.5 -1.5 7.2 24.4 27 28.2 29.6 31 32.3 33.1 32.2 30.4 28.3 26.8 27.6 28 29.1 28.8 28.1 26.8 26 28.6 30.8 32.4 32.6 36.8 36.8 38.6 40.6 40.6 41 41.4 41.9 42.1 43.1 42.2 41.2 40 38.2 37.1 36.7 36.1 36 36.9 36.3 37.7 38.3 39.6 40.5 41.2
-1.5 -1.5 -1.5 -1.5 -1.5 -1.5 -1.5 -1.5 -1.5 -1.5 -1.5 -1.5 -1.5 -1.5 -1.5 -1.5 -1.5 -1.5 -1.5 -1.5 -1.5 -1.5 -1.5 -1.5 -1.5 -1.5 -1.5 -1.5 -1.5 -1.5 -1.5 -1.5 -1.5 -1.5 -1.5 -1.5 -1.5 -1.5 1.7 23.7 28.2 29.5 30.6 31 32 32.2 31.7 29.7 28.4 27.9 29.1 29.6 31 30.8 29.8 27 27.4 28.9 30.7 31.2 33.4 34.4 36.1 37.7 39.1 40.2 41.7 41.5 41.5 41.6 41.9 40.8 40 39.7 37.4 36.5 36.1 35.8 35.7 36.1 36.4 38.6 39.1 39.9 40.7 41.2
-1.5 -1.5 -1.5 -1.5 -1.5 -1.5 -1.5 -1.5 -1.5 -1.5 -1.5 -1.5 -1.5 -1.5 -1.5 -1.5 -1.5 -1.5 -1.5 -1.5 -1.5 -1.5 -1.5 -1.5 -1.5 -1.5 -1.5 -1.5 -1.5 -1.5 -1.5 -1.5 -1.5 -1.5 -1.5 -1.5 -1.5 -1.5 22.5 26.2 28.3 30.6 31.4 31.4 31.4 31.6 30.8 29.5 28.7 28.3 29.2 30.9 33 32.5 31.2 29.6 29.8 30.2 31.3 31.2 33.4 34.2 36.8 36.8 39.3 40.4 42.7 42 41.3 40.4 40.2 39.6 38.9 39.2 37.3 36.4 35.7 35.6 35.5 35.8 37.7 39.6 40 40.3 41.1 41.7
-1.5 -1.5 -1.5 -1.5 -1.5 -1.5 -1.5 -1.5 -1.5 -1.5 -1.5 -1.5 -1.5 -1.5 -1.5 -1.5 -1.5 -1.5 -1.5 -1.5 -1.5 -1.5 -1.5 -1.5 -1.5 -1.5 -1.5 -1.5 -1.5 -1.5 -1.5 -1.5 -1.5 -1.5 -1.5 -1.5 -1.5 -1.5 -1.5 26.6 29.6 30.4 31.4 32.1 32.2 31.6 31.3 30.5 29 28.3 30 32.1 33 33 31.8 29.8 30.4 31.4 32.6 33.1 34.1 35.4 36.8 37.9 41.1 40.9 42.4 41.9 40.5 39.6 39.2 38.7 38.2 37.5 36.6 36 35.5 35.4 35.5 36.9 38.4 40.1 40.7 40.9 41 41.8
-1.5 -1.5 -1.5 -1.5 -1.5 -1.5 -1.5 -1.5 -1.5 -1.5 -1.5 -1.5 -1.5 -1.5 -1.5 -1.5 -1.5 -1.5 -1.5 -1.5 -1.5 -1.5 -1.5 -1.5 -1.5 -1.5 -1.5 -1.5 -1.5 -1.5 -1.5 -1.5 -1.5 -1.5 -1.5 -1.5 -1.5 -1.5 -1.5 12.3 30.7 30.7 31.8 32.2 32.1 31.4 31.6 30.8 28.2 28.1 30.5 32.7 33.5 33.5 32.2 31.9 31.8 32.8 33.3 34.5 36 37.2 38.6 39.2 40.5 40.4 41.1 41.1 40 38.7 38.7 38.2 37.6 37.3 36.5 36 35.6 35.8 35.8 36.9 37.8 39.4 40.4 41.2 40.9 41.4
-1.5 -1.5 -1.5 -1.5 -1.5 -1.5 -1.5 -1.5 -1.5 -1.5 -1.5 -1.5 -1.5 -1.5 -1.5 -1.5 -1.5 -1.5 -1.5 -1.5 -1.5 -1.5 -1.5 -1.5 -1.5 -1.5 -1.5 -1.5 -1.5 -1.5 -1.5 -1.5 -1.5 -1.5 -1.5 -1.5 -1.5 -1.5 -1.5 20.9 30.6 31.2 31.7 31.9 31.6 31.3 31.1 30.3 27.6 28 31.7 33.1 33.9 33.7 32.8 32.9 33.4 34.2 34.4 35.5 36.3 38.5 39.8 40.1 40.1 40.1 40.3 39.6 39.2 38.5 38.1 37.7 37.4 37.1 36.6 36 35.6 34.6 35.6 36.2 37 38.2 39.2 40.3 40.9 41.2
-1.5 -1.5 -1.5 -1.5 -1.5 -1.5 -1.5 -1.5 -1.5 -1.5 -1.5 -1.5 -1.5 -1.5 -1.5 -1.5 -1.5 -1.5 -1.5 -1.5 -1.5 -1.5 -1.5 -1.5 -1.5 -1.5 -1.5 -1.5 -1.5 -1.5 -1.5 -1.5 -1.5 -1.5 -1.5 -1.5 -1.5 -1.5 -1.5 -1.5 -1.5 26.9 31 31.1 30.3 30.1 30.4 29.3 26.7 27.4 31.1 33.1 34.2 34.5 34.1 33.7 35.3 35.3 35.6 35.4 36.2 37.8 39.1 41.1 40.3 39.3 39.2 38.6 38.4 37.7 37.5 37.2 37.2 36.8 36.5 36.3 35.9 35 35.2 34.8 35.7 36.3 37.7 38.4 39.9 40.3
-1.5 -1.5 -1.5 -1.5 -1.5 -1.5 -1.5 -1.5 -1.5 -1.5 -1.5 -1.5 -1.5 -1.5 -1.5 -1.5 -1.5 -1.5 -1.5 -1.5 -1.5 -1.5 -1.5 -1.5 -1.5 -1.5 -1.5 -1.5 -1.5 -1.5 -1.5 -1.5 -1.5 -1.5 -1.5 -1.5 -1.5 -1.5 -1.5 -1.5 17.2 27.3 29.4 28.4 28 28.4 29.9 28.7 25.7 27.5 31.4 33.4 35 35.1 35.3 35.9 35.9 36 36.1 36.2 36.8 37.3 38.6 39.2 39.3 38.6 38.7 38 37.5 36.7 36.6 36.7 37.1 37.7 37.5 37 36.4 35.3 33.5 33.4 35.3 34 34.7 35.7 37.2 38.7
-1.5 -1.5 -1.5 -1.5 -1.5 -1.5 -1.5 -1.5 -1.5 -1.5 -1.5 -1.5 -1.5 -1.5 -1.5 -1.5 -1.5 -1.5 -1.5 -1.5 -1.5 -1.5 -1.5 -1.5 -1.5 -1.5 -1.5 -1.5 -1.5 -1.5 -1.5 -1.5 -1.5 -1.5 -1.5 -1.5 -1.5 -1.5 -1.5 -1.5 14.2 25.6 27.2 26.7 26.2 27.6 29.4 27.5 25.1 27.1 31.8 34.3 36.1 36.3 36.6 36.5 36.7 36.7 36.8 36.5 37.2 37.5 37.6 38.1 37.9 37.3 37 37.2 37.1 36.1 36.4 36.7 37.7 38.4 38.6 38.3 37.6 36.1 34 33.4 30.8 32.2 31.6 33.3 34.7 36.3
-1.5 -1.5 -1.5 -1.5 -1.5 -1.5 -1.5 -1.5 -1.5 -1.5 -1.5 -1.5 -1.5 -1.5 -1.5 -1.5 -1.5 -1.5 -1.5 -1.5 -1.5 -1.5 -1.5 -1.5 -1.5 -1.5 -1.5 -1.5 -1.5 -1.5 -1.5 -1.5 -1.5 -1.5 -1.5 -1.5 -1.5 -1.5 -1.5 -1.5 -1.5 0.8 22.3 24.7 25.3 27.5 28.3 26.3 24.1 29.3 31.8 34.7 37.3 37.3 37.2 37.8 38.2 37.7 37.5 36.7 37.5 37.1 37.1 37.1 36.9 36.6 36.2 35.9 35.5 35.1 35.7 36.4 37.5 38.7 39 39.1 38.7 37.1 34.5 32.9 31.9 30.7 30 30.3 30.7 32.2
-1.5 -1.5 -1.5 -1.5 -1.5 -1.5 6.8 -1.5 -1.5 -1.5 -1.5 -1.5 -1.5 -1.5 -1.5 -1.5 -1.5 -1.5 -1.5 -1.5 -1.5 -1.5 -1.5 -1.5 -1.5 -1.5 -1.5 -1.5 -1.5 -1.5 -1.5 -1.5 -1.5 -1.5 -1.5 -1.5 -1.5 -1.5 -1.5 -1.5 -1.5 -1.5 6.9 22.5 24 26.8 27.3 25 23.6 28.7 32.1 35.1 37.1 37.9 38.6 39.7 39.9 38.9 38.6 38.3 37.6 36.9 36.4 36.1 35.8 35.4 35.2 34.8 34.7 34.7 35 36.3 37.5 39 40.2 40.7 39.9 38.3 35.5 33.7 32.2 31.4 28.4 28.6 28 30.2
-1.5 -1.5 -1.5 -1.5 -1.5 7 29.6 -1.5 -1.5 -1.5 -1.5 -1.5 -1.5 -1.5 -1.5 -1.5 -1.5 -1.5 -1.5 -1.5 -1.5 -1.5 -1.5 -1.5 -1.5 -1.5 -1.5 -1.5 -1.5 -1.5 -1.5 -1.5 -1.5 -1.5 -1.5 -1.5 -1.5 -1.5 -1.5 -1.5 -1.5 -1.5 -1.5 2.2 22.9 25.5 26.3 22.5 25.7 28.8 32.4 35.8 37 37.7 39.7 40.7 41.6 40.8 40.4 39.9 39.1 38.5 36.8 35.8 35.3 34.9 34.7 34.7 34.7 34.7 35 36.6 38.5 40.2 42.3 41.9 41.4 39.3 36.3 34.9 33 31.1 29.4 26.8 26.4 27.7
-1.5 -1.5 -1.5 -1.5 -1.5 34.7 34.4 -1.5 -1.5 -1.5 -1.5 -1.5 -1.5 -1.5 -1.5 -1.5 23.2 -1.5 -1.5 -1.5 -1.5 -1.5 -1.5 -1.5 -1.5 -1.5 -1.5 -1.5 -1.5 -1.5 -1.5 -1.5 -1.5 -1.5 -1.5 -1.5 -1.5 -1.5 -1.5 -1.5 -1.5 -1.5 -1.5 -1.5 21.4 23.2 22.3 20 26.8 28.8 32.8 35.3 36.5 38 41.8 47.4 50.2 47 45.5 42.2 40.6 39.9 38.6 36.9 35.3 34.7 34.7 34.7 34.7 34.7 34.4 36.7 39.5 42.2 43 44.6 43.9 40 37.1 35.1 33.8 31.8 29.9 26.8 25.1 22.9
-1.5 -1.5 -1.5 -1.5 16.5 37.2 36 33.3 -1.5 -1.5 -1.5 -1.5 -1.5 -1.5 -1.5 27 27 -1.5 -1.5 -1.5 -1.5 -1.5 -1.5 -1.5 -1.5 -1.5 -1.5 -1.5 -1.5 -1.5 -1.5 -1.5 -1.5 -1.5 -1.5 -1.5 -1.5 -1.5 -1.5 -1.5 -1.5 -1.5 -1.5 -1.5 19.2 -1.5 -1.5 10.4 26 30.4 33.2 35.6 37.8 42.6 46.7 64.9 56.4 49.7 47.2 45.2 42.2 40.8 39.3 37 35.1 34.7 34.7 34.7 34.7 34.8 35.6 37.8 40.5 42.4 45.2 47.8 48.9 40.9 37.9 35.7 34.4 33.4 31.3 28.6 26.4 21.8
-1.5 35.2 39.3 40.9 40 39.8 38.8 37.3 34.7 -1.5 -1.5 -1.5 -1.5 -1.5 30 29.8 27.9 -1.5 -1.5 -1.5 -1.5 -1.5 -1.5 -1.5 -1.5 -1.5 -1.5 -1.5 -1.5 -1.5 -1.5 -1.5 -1.5 -1.5 -1.5 -1.5 -1.5 -1.5 -1.5 -1.5 -1.5 -1.5 -1.5 -1.5 -1.5 -1.5 -1.5 9.5 25.5 30.3 32.8 38.7 42.8 44.5 50.2 58.7 54.6 52.1 51.4 51.3 46.6 40.2 38.8 35.9 34.7 34.7 34.7 34.7 34.7 35.1 36.5 39.4 42.8 44.9 51.9 59.8 50.7 41.2 38.5 36.3 35 34 32.7 31.1 29.2 27.3
42.6 44.3 43.9 43.9 43 42 40.7 39.5 37.8 35.1 -1.5 -1.5 29.8 33.2 32.6 31.1 28.5 -1.5 -1.5 -1.5 -1.5 -1.5 -1.5 -1.5 -1.5 -1.5 -1.5 -1.5 -1.5 -1.5 -1.5 -1.5 -1.5 -1.5 -1.5 -1.5 -1.5 -1.5 -1.5 -1.5 -1.5 -1.5 -1.5 -1.5 -1.5 -1.5 -1.5 -1.5 25.5 29.4 35.1 39.9 43.9 47.8 51.6 55.3 54 53.2 56.6 67.8 47.3 40.6 37.9 35.7 35.5 34.7 34.7 34.7 35.2 36.8 39.2 41.9 44.7 47.5 61.7 50.6 47.5 42 38.6 36.9 35.7 34.6 34.3 33.9 32.2 29.9
47.9 47 46.5 46.2 45.4 44.2 43 41.4 39.7 37.6 35.2 32.3 33.9 34.3 33.1 31.1 24.2 -1.5 -1.5 -1.5 -1.5 -1.5 -1.5 -1.5 -1.5 -1.5 -1.5 -1.5 -1.5 -1.5 -1.5 -1.5 -1.5 -1.5 -1.5 -1.5 -1.5 -1.5 -1.5 -1.5 -1.5 -1.5 -1.5 -1.5 -1.5 -1.5 -1.5 -1.5 -0.2 29.3 35.8 38.4 42.8 48.1 49.3 52 52.9 53.8 62.6 53.1 46.2 41.1 37.5 35.4 34.4 34.7 34.7 35 35.9 37.7 40.5 42.6 45 48.3 54.4 48.4 44.9 41.8 38.8 37.3 36 35.3 35.7 35.6 33.8 30.9
50.6 49.9 49.1 48.5 47.4 46.3 44.9 43.3 41.2 39.1 37.1 35.2 35.3 35 33.2 28.1 -1.5 -1.5 -1.5 -1.5 -1.5 -1.5 -1.5 -1.5 -1.5 -1.5 -1.5 -1.5 -1.5 -1.5 -1.5 -1.5 -1.5 -1.5 -1.5 -1.5 -1.5 -1.5 -1.5 -1.5 -1.5 -1.5 -1.5 -1.5 -1.5 -1.5 -1.5 -1.5 -1.5 30.6 35 38.2 41.9 46.4 48.5 49.5 51.2 52.1 50.6 47.6 44.4 40.4 37.4 35.1 34.5 34.7 34.7 34.6 35.7 38.1 41.1 42.8 44.4 47.3 48.5 46.7 43.5 40.6 37.9 36.7 36 36.1 36.2 36.4 34.3 30.9
55 52.3 50.4 49.4 48.6 47.5 46.1 44.7 42.7 40.6 38.5 36.9 36.1 35.4 31.8 -1.5 -1.5 -1.5 -1.5 -1.5 -1.5 -1.5 -1.5 -1.5 -1.5 -1.5 -1.5 -1.5 -1.5 -1.5 -1.5 -1.5 -1.5 -1.5 -1.5 -1.5 -1.5 -1.5 -1.5 -1.5 -1.5 -1.5 -1.5 -1.5 -1.5 -1.5 -1.5 -1.5 -1.5 31.3 35.7 37.3 41 43.7 46.3 47.7 50.1 49.6 47.9 45.7 42.7 39.7 37 35.5 34.7 34.7 34.7 34.6 35.7 38.1 40.9 42.5 44.1 45 45.1 44.2 42 39.9 37.7 35.9 35.5 35.6 35.9 36.2 34 28.9
60.7 57.1 52.1 50.4 49.6 48.7 47.2 45.7 43.8 41.5 39.5 37.9 37.2 34.8 23.9 -1.5 -1.5 -1.5 -1.5 -1.5 -1.5 -1.5 -1.5 -1.5 -1.5 -1.5 -1.5 -1.5 -1.5 -1.5 -1.5 -1.5 -1.5 -1.5 -1.5 -1.5 -1.5 -1.5 -1.5 -1.5 -1.5 -1.5 -1.5 -1.5 -1.5 -1.5 -1.5 -1.5 -1.5 28.5 33.6 36.8 40.2 43.2 46.5 46.7 47.4 49.3 46.8 44.2 41.5 39 36.7 35.3 35 34.8 34.7 34.7 35.7 38.6 40.5 42.3 43.6 43.9 42.8 42 41 39.4 37.4 35.6 35 35.2 35.2 35 33.1 25.8
67.1 63.4 56.1 51.6 50 49 48.2 46.6 44.8 42.4 40.1 38.6 37.1 31.4 -1.5 -1.5 -1.5 -1.5 -1.5 -1.5 -1.5 -1.5 -1.5 -1.5 -1.5 -1.5 -1.5 -1.5 -1.5 -1.5 -1.5 -1.5 -1.5 -1.5 -1.5 -1.5 -1.5 -1.5 -1.5 -1.5 -1.5 -1.5 -1.5 -1.5 -1.5 -1.5 -1.5 -1.5 -1.5 28.1 32 36.7 42.2 45 45.3 45.4 45.8 46.1 44.1 43.5 41.7 38.3 36.6 35.5 34.6 34.5 34.7 35.1 36.5 38.4 40.3 42 42.8 42.8 41.3 40.3 39.8 38.8 36.9 34.9 34.5 34.5 33.9 33 31.7 21.4
78.6 71.3 61.5 53.1 50.1 49.5 49 47.6 45.6 43.1 40.6 38.8 33.6 -1.5 -1.5 -1.5 -1.5 -1.5 -1.5 -1.5 -1.5 -1.5 -1.5 -1.5 -1.5 -1.5 -1.5 -1.5 -1.5 -1.5 -1.5 -1.5 -1.5 -1.5 -1.5 -1.5 -1.5 -1.5 -1.5 -1.5 -1.5 -1.5 -1.5 -1.5 -1.5 -1.5 -1.5 -1.5 -1.5 25.5 30.3 36.3 42.2 46.7 47.5 44.7 44.7 43.7 42.4 42.5 42.6 38.2 36.5 34.9 34.1 33.8 34.5 35.4 36.9 38.1 40 41.4 42.1 41.6 39.9 38.6 37.8 37.1 35.6 34.1 33.8 33.7 32.2 31.3 30.1 17.9
87.8 79.4 70.2 54.2 50.4 50.1 49.7 48.7 46.3 43.6 41.1 39.2 29.3 -1.5 -1.5 -1.5 -1.5 -1.5 -1.5 -1.5 -1.5 -1.5 -1.5 -1.5 -1.5 -1.5 -1.5 -1.5 -1.5 -1.5 -1.5 -1.5 -1.5 -1.5 -1.5 -1.5 -1.5 -1.5 -1.5 -1.5 -1.5 -1.5 -1.5 -1.5 -1.5 -1.5 -1.5 -0.2 21.3 25.1 30.9 35.4 40.9 44.6 44.7 44.7 44.2 43.1 41.4 40.4 40.4 37.9 35 33.7 34.2 34.7 35.7 36.8 37.9 38.2 40 40.7 41.3 40.7 38.9 36.9 35.5 34.8 33.8 32.9 32.6 32.8 30.9 29.6 27.2 11.7
91.7 82.6 75.1 55.3 50.9 50.1 50.2 49.9 47 43.8 40.7 39.7 23.7 -1.5 -1.5 -1.5 -1.5 -1.5 -1.5 -1.5 -1.5 -1.5 -1.5 -1.5 -1.5 -1.5 -1.5 -1.5 -1.5 -1.5 -1.5 -1.5 -1.5 -1.5 -1.5 -1.5 -1.5 -1.5 -1.5 -1.5 -1.5 -1.5 -1.5 -1.5 -1.5 -1.5 -1.5 19.3 23.7 30.5 33 37.6 39.9 42 43.6 44.3 43.7 42.2 40.6 38.7 37.3 36.7 33.2 33.3 34.7 37.2 38.5 38 38.1 38.5 39.9 40.4 39.8 38.7 37.5 36 34 32.9 32.1 31.5 31.5 31.7 30.3 25.7 14.2 11.3
92.9 81.7 73.1 55.4 51.5 50.2 50.5 49.9 47.3 44.1 40.9 38 23.9 -1.5 -1.5 -1.5 -1.5 -1.5 -1.5 -1.5 -1.5 -1.5 -1.5 -1.5 -1.5 -1.5 -1.5 -1.5 -1.5 -1.5 -1.5 -1.5 -1.5 -1.5 -1.5 -1.5 -1.5 -1.5 -1.5 -1.5 -1.5 -1.5 -1.5 -1.5 -1.5 -1.5 -1.5 20.4 27.1 30.8 34.5 39.1 40.3 41.9 43.3 43.5 43.3 41.8 39.6 37.1 36.3 35.2 33.1 33.2 35.6 37.8 38.9 39 38.8 38.9 39.5 39.1 38.5 37.4 36.3 35.2 33.4 32.1 30.8 29.5 28.8 29.7 28.7 12.6 10.7 10.5
92.1 80.6 63 55.1 51.5 49.9 50.3 49.6 47.4 43.8 40.1 36.4 20.1 -1.5 -1.5 -1.5 -1.5 -1.5 -1.5 -1.5 -1.5 -1.5 -1.5 -1.5 -1.5 -1.5 -1.5 -1.5 -1.5 -1.5 -1.5 -1.5 -1.5 -1.5 -1.5 -1.5 -1.5 -1.5 -1.5 -1.5 -1.5 -1.5 -1.5 -1.5 -1.5 -1.5 13 22.3 26.4 33 35.3 37.8 40.1 41.3 42.4 44.2 42.5 40.3 38.1 35.8 34.5 33.6 32.3 32.5 34.7 36.9 38.1 38.8 38.9 38.7 38.3 37.8 37.4 36.3 35.2 34.1 32.8 31.3 30 28.1 13.4 19.9 13.2 9.4 11 22.4
87.6 74.8 57.7 54 51.3 49.9 49.9 49.5 47.1 43.2 38.5 34.3 22 -1.5 -1.5 -1.5 -1.5 -1.5 -1.5 -1.5 -1.5 -1.5 -1.5 -1.5 -1.5 -1.5 -1.5 -1.5 -1.5 -1.5 -1.5 -1.5 -1.5 -1.5 -1.5 -1.5 -1.5 -1.5 -1.5 -1.5 -1.5 -1.5 -1.5 -1.5 -1.5 -1.5 3 23 28.2 35.9 36.6 37.7 39.1 40.7 44.4 43.4 42.3 39.7 37.4 35.2 33.2 32.4 31.5 30.8 32.7 35.2 36.9 38.1 38.3 37.9 37.5 36.9 36.2 35.1 34 32.9 30.7 31.2 29.5 27.6 7 7.1 8.7 14.2 26.4 30
75 64 55.9 52.7 50.7 49.3 49.4 48.8 46.8 42.4 37 30.6 -1.5 -1.5 -1.5 -1.5 -1.5 -1.5 -1.5 -1.5 -1.5 -1.5 -1.5 -1.5 -1.5 -1.5 -1.5 -1.5 -1.5 -1.5 -1.5 -1.5 -1.5 -1.5 -1.5 -1.5 -1.5 -1.5 -1.5 -1.5 -1.5 -1.5 -1.5 -1.5 -1.5 -1.5 3.5 24.8 29.6 32.6 47.2 39.3 40.7 43.4 44.8 43.4 42.2 40.7 36 35.3 32.3 31.4 30.6 30.8 31.5 33.2 35 36.3 36.9 36.9 36.4 35.8 35 33.9 32.7 31.9 30 28.6 27.8 11.2 9.9 21.1 19.7 24.5 29.8 31.8
62.4 58.1 53.7 51.4 50.1 48.8 48.3 48 44.8 40.6 34.1 -1.5 -1.5 -1.5 -1.5 -1.5 -1.5 -1.5 -1.5 -1.5 -1.5 -1.5 -1.5 -1.5 -1.5 -1.5 -1.5 -1.5 -1.5 -1.5 -1.5 -1.5 -1.5 -1.5 -1.5 -1.5 -1.5 -1.5 -1.5 -1.5 -1.5 -1.5 -1.5 -1.5 -1.5 -1.5 13.6 30.7 31.5 33.1 37.6 40.2 42.9 45.5 45.2 43.4 41 39.5 35.8 34.3 31.7 30.7 29.6 30.8 30.4 31.8 33 34.5 35.4 35.4 35.4 34.7 33.8 32.7 31.7 30.9 29.7 27.4 25.8 6.1 13.8 17.7 21.6 28.7 30.4 31.9
16.9 55.2 51 49.8 49 47.7 46.9 46 43 38.5 29.7 -1.5 -1.5 -1.5 -1.5 -1.5 -1.5 -1.5 -1.5 -1.5 -1.5 -1.5 -1.5 -1.5 -1.5 -1.5 -1.5 -1.5 -1.5 -1.5 -1.5 -1.5 -1.5 -1.5 -1.5 -1.5 -1.5 -1.5 -1.5 -1.5 -1.5 -1.5 -1.5 -1.5 -1.5 -1.5 23.5 29.8 32 33.8 37 46.1 48.6 52.7 45.3 43.1 40.3 37.7 35.9 34.5 31.9 30 30.1 29.7 30.5 31.3 31.4 32.8 34 34 34 33.3 32.6 31.7 30.7 30.2 29 26.4 15.5 5.1 16.1 18.6 23.1 28.9 31.1 31.8
3.4 38.1 49.6 48.6 47.9 46.7 45.5 44.2 41.2 36.4 1.5 -1.5 -1.5 -1.5 -1.5 -1.5 -1.5 -1.5 -1.5 -1.5 -1.5 -1.5 -1.5 -1.5 -1.5 -1.5 -1.5 -1.5 -1.5 -1.5 -1.5 -1.5 -1.5 -1.5 -1.5 -1.5 -1.5 -1.5 -1.5 -1.5 -1.5 -1.5 -1.5 -1.5 -1.5 -1.5 25.6 29.3 31.9 35.7 40.5 51.1 48.8 47.9 45.5 43 39.4 37.5 35.9 34.1 31.7 28.5 28.9 29.2 30.2 30.9 31.4 32 32.6 32.8 32.5 32.2 32.1 31.2 30.3 29.2 27.7 25.3 15.7 5 6.5 20.2 23 27.7 30 32
