public/OST50/SM72.asc
ncols 200
nrows 200
xllcorner 170000
yllcorner 220000
cellsize 50
[rows 0 to 37 of 200, columns 86 to 171 of 200]
-1.5 -1.5 -1.5 -1.5 -1.5 -1.5 -1.5 -1.5 -1.5 -1.5 -1.5 -1.5 -1.5 -1.5 -1.5 -1.5 -1.5 -1.5 -1.5 -1.5 -1.5 -1.5 -1.5 -1.5 -1.5 -1.5 -1.5 -1.5 -1.5 -1.5 -1.5 -1.5 -1.5 -1.5 -1.5 -1.5 -1.5 -1.5 -1.5 -1.5 -1.5 -1.5 -1.5 -1.5 -1.5 -1.5 -1.5 -1.5 -1.5 -1.5 -1.5 -1.5 -1.5 -1.5 -1.5 -1.5 -1.5 -0.5 1.6 24.7 64.2 69.6 74.1 76.6 79.3 82 84.5 85.9 86.5 87.7 86.9 85.4 82.5 80.9 78 76.6 72.4 66.3 66.9 70.1 74 76.6 78.2 78.2 77.9 77.7
-1.5 -1.5 -1.5 -1.5 -1.5 -1.5 -1.5 -1.5 -1.5 -1.5 -1.5 -1.5 -1.5 -1.5 -1.5 -1.5 -1.5 -1.5 -1.5 -1.5 -1.5 -1.5 -1.5 -1.5 -1.5 -1.5 -1.5 -1.5 -1.5 -1.5 -1.5 -1.5 -1.5 -1.5 -1.5 -1.5 -1.5 -1.5 -1.5 -1.5 -1.5 -1.5 -1.5 -1.5 -1.5 -1.5 -1.5 -1.5 -1.5 -1.5 -1.5 -1.5 -1.5 -1.5 -1.5 -1.5 -1.5 0.6 57.5 64.3 71.9 77.1 79.3 80.4 82.7 86.9 89 89.5 87.1 86.5 85.2 83.7 79.7 77.8 75.9 73.2 69.8 66.7 68.7 72.6 74.5 76.5 79 79 78.8 78.4
-1.5 -1.5 -1.5 -1.5 -1.5 -1.5 -1.5 -1.5 -1.5 -1.5 -1.5 -1.5 -1.5 -1.5 -1.5 -1.5 -1.5 -1.5 -1.5 -1.5 -1.5 -1.5 -1.5 -1.5 -1.5 -1.5 -1.5 -1.5 -1.5 -1.5 -1.5 -1.5 -1.5 -1.5 -1.5 -1.5 -1.5 -1.5 -1.5 -1.5 -1.5 -1.5 -1.5 -1.5 -1.5 -1.5 -1.5 -1.5 -1.5 -1.5 -1.5 -1.5 -1.5 -1.5 -1.5 -1.5 28.5 45.7 66 72 78.4 81.7 81 81.5 82.4 86.1 89 89.4 87.3 86 84.1 81.8 79.6 76.6 73.1 70.8 69 67.1 68.8 72.6 75.5 76.8 79.1 79.8 79.7 79.7
-1.5 -1.5 -1.5 -1.5 -1.5 -1.5 -1.5 -1.5 -1.5 -1.5 -1.5 -1.5 -1.5 -1.5 -1.5 -1.5 -1.5 -1.5 -1.5 -1.5 -1.5 -1.5 -1.5 -1.5 -1.5 -1.5 -1.5 -1.5 -1.5 -1.5 -1.5 -1.5 -1.5 -1.5 -1.5 -1.5 -1.5 -1.5 -1.5 -1.5 -1.5 -1.5 -1.5 -1.5 -1.5 -1.5 -1.5 -1.5 -1.5 -1.5 -1.5 -1.5 -1.5 -1.5 -1.5 -1.5 58.6 66.9 68.7 72.5 76.5 79.8 80.3 80.7 81.7 86.2 88.3 89.5 87.1 84.9 83.6 80.3 78.7 80.6 72.9 71.4 68.9 69.1 70.5 73.7 75.7 77.5 79.3 81.3 81.9 82.6
-1.5 -1.5 -1.5 -1.5 -1.5 -1.5 -1.5 -1.5 -1.5 -1.5 -1.5 -1.5 -1.5 -1.5 -1.5 -1.5 -1.5 -1.5 -1.5 -1.5 -1.5 -1.5 -1.5 -1.5 -1.5 -1.5 -1.5 -1.5 -1.5 -1.5 -1.5 -1.5 -1.5 -1.5 -1.5 -1.5 -1.5 -1.5 -1.5 -1.5 -1.5 -1.5 -1.5 -1.5 -1.5 -1.5 -1.5 -1.5 -1.5 -1.5 -1.5 -1.5 -1.5 -1.5 -1.5 31 59 64 67.8 71.3 74.4 76.8 78.4 79.5 81.3 84.7 90.1 89.7 86.5 85.1 84.7 82.9 81.2 79.2 78.3 76.5 74.2 75.3 77.3 77.5 79.2 80.8 82.9 83.6 84.6 85.4
-1.5 -1.5 -1.5 -1.5 -1.5 -1.5 -1.5 -1.5 -1.5 -1.5 -1.5 -1.5 -1.5 -1.5 -1.5 -1.5 -1.5 -1.5 -1.5 -1.5 -1.5 -1.5 -1.5 -1.5 -1.5 -1.5 -1.5 -1.5 -1.5 -1.5 -1.5 -1.5 -1.5 -1.5 -1.5 -1.5 -1.5 -1.5 -1.5 -1.5 -1.5 -1.5 -1.5 -1.5 -1.5 -1.5 -1.5 58.8 46.7 53.7 53.1 49.5 48.6 51.4 43.5 46.7 59.8 64.5 68.6 72.6 75 76.4 77.7 79.1 82.1 87 90.2 89.8 86.8 86.5 86.1 84.4 82.7 81.1 79.8 79.1 79 78.9 79.6 81.2 82.6 83.3 84.6 85.6 86.7 87.4
-1.5 -1.5 -1.5 -1.5 -1.5 -1.5 -1.5 -1.5 -1.5 -1.5 -1.5 -1.5 -1.5 -1.5 -1.5 -1.5 -1.5 -1.5 -1.5 -1.5 -1.5 -1.5 -1.5 -1.5 -1.5 -1.5 -1.5 -1.5 -1.5 -1.5 -1.5 -1.5 -1.5 -1.5 -1.5 -1.5 -1.5 -1.5 -1.5 -1.5 -1.5 -1.5 -1.5 -1.5 -1.5 -1.5 51.1 68.6 71.8 64 60.4 59.3 63.9 66.2 66.1 67.9 70.1 72.6 74.6 77.6 76.1 77.5 78.3 79.4 84.2 87.2 88.8 88.4 87.1 86.1 85.5 84.3 83.4 82 81 80.4 81 80.8 82.3 83 84.2 85.2 86.5 87.8 88.7 89.5
-1.5 -1.5 -1.5 -1.5 -1.5 -1.5 -1.5 -1.5 -1.5 -1.5 -1.5 -1.5 -1.5 -1.5 -1.5 -1.5 -1.5 -1.5 -1.5 -1.5 -1.5 -1.5 -1.5 -1.5 -1.5 -1.5 -1.5 -1.5 -1.5 -1.5 -1.5 -1.5 -1.5 -1.5 -1.5 -1.5 -1.5 -1.5 -1.5 -1.5 -1.5 -1.5 -1.5 -1.5 -1.5 -1.5 60.7 71.7 75.3 76 75.4 74.8 73.8 73.7 74.8 76 77 78 78.8 80 81.2 82.4 82.8 83.1 84.5 86.4 87.4 87.2 86.3 85.3 84.7 84.1 83.3 82.3 81.4 81.4 81.7 82.4 83.5 84.9 85.9 87.1 88.3 89.4 90.5 91.2
-1.5 -1.5 -1.5 -1.5 -1.5 -1.5 -1.5 -1.5 -1.5 -1.5 -1.5 -1.5 -1.5 -1.5 -1.5 -1.5 -1.5 -1.5 -1.5 -1.5 -1.5 -1.5 -1.5 -1.5 -1.5 -1.5 -1.5 -1.5 -1.5 -1.5 -1.5 -1.5 -1.5 -1.5 -1.5 -1.5 -1.5 -1.5 -1.5 -1.5 -1.5 -1.5 -1.5 -1.5 -1.5 55.6 69.4 78.5 81.4 81.1 80.2 80 80.5 80.7 81.2 81.4 82.2 83.2 83.5 83.7 83.9 84.1 84 84.7 85.4 85.9 86.4 85.8 85.1 84.4 83.9 83.3 82.7 82.4 82 82.1 82.7 83.3 85 86.7 87.6 88.9 90.4 91.1 91.9 92.7
-1.5 -1.5 -1.5 -1.5 -1.5 -1.5 -1.5 -1.5 -1.5 -1.5 -1.5 -1.5 -1.5 -1.5 -1.5 -1.5 -1.5 -1.5 -1.5 -1.5 -1.5 -1.5 -1.5 -1.5 -1.5 -1.5 -1.5 -1.5 -1.5 -1.5 -1.5 -1.5 -1.5 -1.5 -1.5 -1.5 -1.5 -1.5 -1.5 -1.5 -1.5 -1.5 44.6 51.7 57.9 74 83.6 86.1 88.4 88.5 87.9 86.2 86.8 86.6 86.7 86.9 87 87.3 87 87.2 86.3 85.7 85.4 85.5 85.7 86 86.5 86.7 85.2 83.5 82.9 82.4 81.5 81.9 82.3 83.2 84.6 85.2 86.7 88 89.7 90.7 91.8 92.7 93.5 94.3
-1.5 -1.5 -1.5 -1.5 -1.5 -1.5 -1.5 -1.5 -1.5 -1.5 -1.5 -1.5 -1.5 -1.5 -1.5 -1.5 -1.5 -1.5 -1.5 -1.5 -1.5 -1.5 -1.5 -1.5 -1.5 -1.5 -1.5 -1.5 -1.5 -1.5 -1.5 -1.5 -1.5 -1.5 -1.5 -1.5 -1.5 -1.5 -1.5 -1.5 -1.5 46 63.5 73.6 81.2 88.4 91.6 98.1 103.1 104.3 101.7 97.6 94.2 93.6 93.1 92.5 91.8 91.2 90.5 89.3 88.5 87.7 87.2 87 86.4 86.4 86.5 86.5 85.3 83.1 82 81.3 81.3 82.1 83.4 84.5 85.2 86.8 87.7 89.1 90.8 92.3 93.4 94.3 95.1 95.8
-1.5 -1.5 -1.5 -1.5 -1.5 -1.5 -1.5 -1.5 -1.5 -1.5 -1.5 -1.5 -1.5 -1.5 -1.5 -1.5 -1.5 -1.5 -1.5 -1.5 -1.5 -1.5 -1.5 -1.5 -1.5 -1.5 -1.5 -1.5 -1.5 -1.5 -1.5 -1.5 -1.5 -1.5 -1.5 -1.5 -1.5 -1.5 -1.5 -1.5 -1.5 44.9 71.3 84.2 92 99.5 105.1 113.2 120 122.5 120.4 114.1 107.4 101.1 98.6 97.5 96.2 94.7 92.6 90.6 89.7 88.7 88.6 88.7 88.2 87.3 86.4 86 85.1 82.9 81.4 81.6 81.7 82.1 83.8 84.9 85.6 87 88.4 90.1 91.9 93.5 94.7 95.7 96.6 97.1
-1.5 -1.5 -1.5 -1.5 -1.5 -1.5 -1.5 -1.5 -1.5 -1.5 -1.5 -1.5 -1.5 -1.5 -1.5 -1.5 -1.5 -1.5 -1.5 -1.5 -1.5 -1.5 -1.5 -1.5 -1.5 -1.5 -1.5 -1.5 -1.5 -1.5 -1.5 -1.5 -1.5 -1.5 -1.5 -1.5 -1.5 -1.5 -1.5 -1.5 -1.5 -1.5 77.3 94.3 105.4 115.4 122.8 129.9 133.4 132.7 129.7 123.7 116.7 110 105 101.8 99.3 96.5 94.2 91.6 90.6 89.3 89.7 89.9 89.4 88.3 86.7 85.5 84.1 82.3 80.9 81.3 81 82.2 83.7 84.9 85.9 87.2 88.8 90.7 92.8 94.4 96.1 97 97.8 98.7
-1.5 -1.5 -1.5 -1.5 -1.5 -1.5 -1.5 -1.5 -1.5 -1.5 -1.5 -1.5 -1.5 -1.5 -1.5 -1.5 -1.5 -1.5 -1.5 -1.5 -1.5 -1.5 -1.5 -1.5 -1.5 -1.5 -1.5 -1.5 -1.5 -1.5 -1.5 -1.5 -1.5 -1.5 -1.5 -1.5 -1.5 -1.5 -1.5 -1.5 -1.5 -1.5 86.6 106.3 119 128.4 131.7 137.4 140.7 143.9 143.7 126.8 119 114 106.9 103.2 100 97.6 94.9 92.1 90.2 88.7 89.3 90.1 89.3 88 86.7 85.3 83.5 81.7 79.8 79.9 80.6 81.6 82.9 84.1 85.5 87.3 88.9 91.2 93.3 95 96.5 97.7 98.4 99.3
-1.5 -1.5 -1.5 -1.5 -1.5 -1.5 -1.5 -1.5 -1.5 -1.5 -1.5 -1.5 -1.5 -1.5 -1.5 -1.5 -1.5 -1.5 -1.5 -1.5 -1.5 -1.5 -1.5 -1.5 -1.5 -1.5 -1.5 -1.5 -1.5 -1.5 -1.5 -1.5 -1.5 -1.5 -1.5 -1.5 -1.5 -1.5 -1.5 -1.5 -1.5 -1.5 94 114.3 125.3 131 140.9 150.5 153.7 151.6 148.5 131.8 121.3 112.9 106.7 102.6 98.9 96.1 93.8 91.2 89.3 87.6 87.4 88.4 88.1 87.5 87 84.3 82.8 81.4 79.1 79 79.5 80.4 82 83.3 85.3 87.2 89.3 91.6 93.8 95.5 96.8 98.1 98.7 99.4
-1.5 -1.5 -1.5 -1.5 -1.5 -1.5 -1.5 -1.5 -1.5 -1.5 -1.5 -1.5 -1.5 -1.5 -1.5 -1.5 -1.5 -1.5 -1.5 -1.5 -1.5 -1.5 -1.5 -1.5 -1.5 -1.5 -1.5 -1.5 -1.5 -1.5 -1.5 -1.5 -1.5 -1.5 -1.5 -1.5 -1.5 -1.5 -1.5 -1.5 54 81.2 106.6 116.4 125.8 132.5 167.5 164.5 158.8 151.5 148.7 133.4 108.4 106.6 103.9 100.4 96.5 94.3 92.2 89.9 88 86.8 86.1 86.2 86 85.7 84.3 83.3 82.1 80.1 77.9 76.3 77.8 79 80.8 82.5 84.3 86.5 89.3 91.5 93.8 95.8 97.1 97.6 98.2 98.1
-1.5 -1.5 -1.5 -1.5 -1.5 -1.5 -1.5 -1.5 -1.5 -1.5 -1.5 -1.5 -1.5 -1.5 -1.5 -1.5 -1.5 -1.5 -1.5 -1.5 -1.5 -1.5 -1.5 -1.5 -1.5 -1.5 -1.5 -1.5 -1.5 -1.5 -1.5 2 -1.5 -1.5 -1.5 -1.5 -1.5 -1.5 55.9 68.9 81.1 100.2 107.7 114.7 122.5 129.8 146.3 152.7 148.9 138.6 130 127.3 109.4 113.5 103.8 97.3 94.1 92.9 91 88.7 86.8 85 84.6 84.1 84.5 84 82.6 81.6 80.5 78.6 75.9 74.2 75.9 77.4 79.1 80.9 82.8 85.6 88.4 91.1 93.3 94.8 95.7 96 95.5 95.3
-1.5 -1.5 -1.5 -1.5 -1.5 -1.5 -1.5 -1.5 -1.5 -1.5 -1.5 -1.5 -1.5 -1.5 -1.5 -1.5 -1.5 -1.5 -1.5 -1.5 -1.5 -1.5 -1.5 -1.5 -1.5 -1.5 -1.5 -1.5 -1.5 -1.5 31.1 27.6 -1.5 -1.5 -1.5 -1.5 24 65.5 79.8 81.8 87.9 99.1 106.8 112 117.8 127.7 136.2 137.9 134.4 126.6 119.3 114.2 108.7 103 100.8 92.8 91.4 89.8 87.4 86.7 85.4 83.9 82.9 82.3 81.9 81.5 80.8 79.9 78.6 77 74.2 72.7 73.9 75.4 77 78.8 81.5 83.9 86.2 88.6 90.7 92.1 93 93.1 92.6 92.4
-1.5 -1.5 -1.5 -1.5 -1.5 -1.5 -1.5 -1.5 -1.5 -1.5 -1.5 -1.5 -1.5 -1.5 -1.5 -1.5 -1.5 -1.5 -1.5 -1.5 -1.5 -1.5 -1.5 -1.5 -1.5 -1.5 -1.5 -1.5 -1.5 30.3 36.1 30.6 -1.5 -1.5 40.9 48.2 53.3 72.5 80.3 83.5 88.8 96.2 103.2 107.2 112.5 117.5 120.8 117.9 117.4 112.2 107.9 103.7 99.7 96.9 92.5 88.6 86.6 85.7 85 84 82.9 81.9 81.2 80.6 80.1 79.5 79.1 78.1 76.6 74.5 72.3 71.5 72.2 73.1 74.4 76.1 78.4 80.7 83 84.9 86.9 88.4 89.5 89.3 89.7 89.6
-1.5 -1.5 -1.5 -1.5 -1.5 -1.5 -1.5 -1.5 -1.5 -1.5 -1.5 -1.5 -1.5 -1.5 -1.5 -1.5 -1.5 -1.5 -1.5 -1.5 -1.5 -1.5 -1.5 -1.5 -1.5 31.5 28.8 30.2 34.2 36 36.1 32.8 27.1 35.3 43.6 50.1 59 68.6 79.2 83.4 88.2 92.8 98 101.7 104.6 106.5 108.7 107.3 106.1 102.7 99.8 97.5 94.8 91.6 87.3 84.7 83 82.9 82.8 81.8 80.7 80.1 79.8 79.1 78.6 78 77.5 76.2 75.1 73.4 70.3 69.7 70.6 70.5 71.6 73.3 75.4 77.1 79 80.7 82.6 84.1 85.4 85.7 86.1 87.4
-1.5 -1.5 -1.5 -1.5 -1.5 -1.5 -1.5 -1.5 -1.5 -1.5 -1.5 -1.5 -1.5 -1.5 -1.5 -1.5 -1.5 -1.5 -1.5 33 1.7 37 29.7 1.7 42.3 43.1 43.7 41.2 37.3 39.1 38.9 34.8 34.2 43.9 49.1 52.9 60.6 66.9 72.9 78.1 84.1 89.6 92.4 95 97.6 99.1 100.2 100.5 98.2 97.3 94.7 91.7 87.5 85.1 83.3 81.5 81.2 81.3 81.2 80.2 79.1 78.7 78.3 77.7 77.3 76.4 75.9 74.5 72.4 70.6 69.2 68.4 68.4 68.6 69.1 70.8 72.3 74.3 76.1 77.2 78.6 79.8 81.6 82.7 83.9 84.5
-1.5 -1.5 -1.5 -1.5 -1.5 -1.5 -1.5 -1.5 -1.5 -1.5 -1.5 -1.5 -1.5 -1.5 -1.5 -1.5 -1.5 -1.5 41.3 45.5 49.7 53.2 53.2 46.1 51.8 50.7 49 47.5 46.7 46.6 42.3 38.8 42.1 48.3 51.9 55.3 61.7 67.5 72.8 77.3 82.2 85.3 88.4 90 91.7 93.1 92.7 92.5 92 90.7 88.4 85.8 82 81 80.3 79.6 79.7 79.8 79.9 78.9 78.1 77.9 77 76 75.8 75.5 74.5 73.2 71.7 69.9 68.5 67.6 67.1 67.1 67.2 68.3 68.7 70.8 72.4 73.7 75 76.2 78 79.8 79.6 80.2
-1.5 -1.5 -1.5 -1.5 25 24.9 -1.5 -1.5 -1.5 -1.5 -1.5 -1.5 -1.5 -1.5 -1.5 -1.5 40.9 48.4 53 56.2 59.8 61.4 61.1 60.7 59.1 57.4 55.4 53.6 52.2 50.7 49.1 45 43.2 48.1 52.6 56.1 62.6 67.7 71.9 75.7 78.5 80.5 82.6 84.3 86.1 87.3 87.6 86.9 86.7 85.7 84.2 82.9 80.6 79.1 78.9 78.6 78.7 78.8 78.8 78.2 76.8 76.1 74.9 74.4 74 74.3 73.5 72.2 71 68.9 67.7 67 66.2 65.8 65 66.1 66.5 68.8 69.9 71 72.2 73.6 75.7 75.7 75.8 77.5
-1.5 -1.5 -1.5 29.4 43.2 44.6 24.8 -1.5 -1.5 -1.5 -1.5 -1.5 27.3 -1.5 -1.5 -1.5 48.5 55.7 60.6 66.5 69.8 71.1 70.4 68.6 66.5 64.3 61.3 58.9 56.5 54.2 52 50 47.9 49.7 52 55.6 60.2 64.5 68.1 72 73.8 75.3 77.9 79.7 80.9 81.9 82.9 82.8 82.5 81.9 80.8 79.6 78.8 78.7 78.5 78 77.8 77.9 77.4 76 75.1 74.7 73.9 73.4 73.2 72.7 72 71.3 69.5 68.3 66.8 65.8 65.2 64.8 64.4 64.5 65.8 65.9 68 68.6 70.2 71.2 72.9 73.4 74.4 76.5
36.4 35.4 38.6 46.4 55.6 49.3 37.9 -1.5 -1.5 -1.5 -1.5 -1.5 39.9 44 47.5 56.4 62.9 62.2 70.5 76.7 79.9 82.2 81.8 78.5 74 71.6 68.4 64.1 62 57.9 54.9 53.7 50.2 51 52.1 54.8 58.6 62.3 65.4 68.8 71.7 72.8 74.2 75.7 76.9 77.7 78.9 79.5 79.4 79.2 78.3 77.8 78.1 78.2 78 77.2 76.9 76.7 75.9 74.8 73.9 73.6 72.5 72.1 71.7 71.3 71.2 70.5 68.8 67.7 65.7 64.9 64.4 64.2 64.3 65.3 65.1 65.3 66.4 67 68.6 69.2 70.5 73.3 74.3 75.9
52.1 53.6 56.8 58.8 63.2 57.3 51.1 43.9 37.7 39.3 -1.5 25.2 45.5 52.8 57.8 66.3 70.3 78.1 84.5 86.9 88.8 90.1 89.8 86.6 81.8 77.3 72.9 69.1 65.2 61.9 57.7 55.2 53.6 52.3 51.7 54 57.3 60.4 63 65.6 68.3 70.6 71.7 72.9 74 74.8 75.5 77 77.2 77 76.4 75.9 76.7 77.6 77.7 76.9 75.9 75.3 74.6 73.7 73.4 72.9 71.2 71.2 71.5 71.3 70.9 69.8 68.2 66.3 64.6 64.2 63.6 63.8 64.5 65.5 65.4 66.4 67.1 67.8 67.6 71.6 71.9 73.2 73.9 74.6
63.4 64.4 65.2 70.1 70.1 65.2 58.6 53.8 54.8 55 53.7 51 57.6 64.3 69.6 75.1 82.6 91.4 97.2 99.1 100.6 100.6 97.6 93.2 87.8 82.2 76.4 72.7 68.7 64.7 61 60.3 58.8 55.6 53.7 54.5 57 59.1 62 64.8 66.5 68.2 69.6 71 71.7 72.8 73.1 74.5 74.6 74.6 73.9 74.2 75 76.5 76.9 76.5 75.3 74.3 73.6 73.6 73.6 73 70.5 70 69.9 70 70.2 68.8 68.1 67.1 64.2 63.5 63.1 63.6 63.7 65.6 66.2 67 68 68.5 70.5 71.1 71.7 72.2 73.1 73.6
76.7 71.4 74.6 77.1 76.3 73.5 66.8 62.9 62.1 64.8 63 62.3 66.3 72.3 78.8 85.7 95.6 105.2 108.5 109.8 109.1 106.7 103.9 98.6 94.1 89 81.6 75.9 71.6 67.3 65.1 64.1 62.9 60.2 58.5 56.4 56 58.9 61.9 63.7 64.9 66.9 68.2 69.5 70.5 71.8 71.7 72.5 72 71.6 71.3 72.1 72.9 75.3 75.9 75.3 74.2 73.5 72.8 72.3 70.5 69.9 69.4 69 68.9 68.8 68.7 67.6 66.8 66.1 63.6 62.9 62.7 63 64.3 66.6 67.2 67.7 68.8 69.3 69.9 70.4 70.8 70.9 71 72.1
81.1 77.1 81.8 82.5 81.7 78.5 71.8 68.8 69.3 69.3 69.8 72.8 78 81.9 88.1 95 102.7 111.2 115.1 123.4 117.3 111 107.3 102.5 97.9 93.2 86.6 79.5 74.7 71.3 68.5 67.1 66.4 65.8 64.8 56.5 56 57.9 60.6 61.7 63.2 65.2 66.6 67.8 69.3 70.8 69.6 69.8 70.2 69.5 70.1 69.8 71.3 73.7 74.6 74.5 72.8 72 71.3 70.4 69.9 69.3 68.5 68 68 67.9 67.4 67.2 66.7 65.4 63.5 61.6 62.1 63.8 65.5 66.3 67.5 68.1 68.2 69.3 69.1 69.7 69.8 70.3 70.1 71.6
83.2 84.7 86.1 86.4 83.9 80 76.6 74.1 73.9 77.3 84 86.8 90.1 90.9 96.2 102 107.6 114.2 125.9 136.6 121.2 113.8 109.6 104.7 99.7 95 89.2 83.1 78.6 75 73.4 72.2 69.4 67.7 63.2 59 57 56.9 59.3 59.8 61.6 63 64.8 66.4 68 69 69.1 68.8 68.3 67.9 67.4 68.5 70.6 72.8 73.2 72.8 71.8 70.6 70.1 69.7 69.3 68.6 67.8 67.1 67.1 67.1 67.1 66.8 66.2 64.3 61.9 61.5 61.9 63.2 64.9 66.2 67.3 68 68.3 68.7 68.4 68.8 69.1 69.3 69.6 69.9
87.3 89.3 88.2 87.5 84.8 81.2 79.1 78.5 84.1 89.2 92.6 96.1 97.4 100.5 103.6 107.5 113.2 117.3 122.4 138.5 120.7 114.9 110.3 105.7 100.7 96 91.6 86.5 81.7 78.3 76.8 74.2 72 65.6 62 59.1 56.6 56.2 57.2 58.4 60.1 60.9 63.5 64.4 66.5 67.5 67.4 67 66.6 66.2 66.2 67.6 69.6 71.7 71.8 71.5 70.5 70 69.2 68.8 68.4 67.9 67.2 66 66.2 66.3 66.3 66.2 65 63.9 62.4 60.9 61.4 62.8 64.4 65.4 66.2 66.9 67.6 67.5 67.1 67.3 68.1 68.5 68.9 69.1
91 89.9 89.2 87.2 83.5 82.7 82.6 87.6 93.6 97 100.4 103.2 107.5 112.8 113.9 115.5 117 120.9 121.6 125.7 118.4 113.9 109.1 104.7 100.6 96.3 92.6 88.1 84.2 80.8 78 75.1 71.9 65.9 61.8 59.4 56.8 55.6 56.3 57.9 58.8 60 61.2 63.9 65 66 65.8 65.8 64.9 64.7 65.1 67.2 69.2 70.5 70.9 70.8 69.8 69.3 68.3 67.9 67.4 66.8 66.3 65.6 65.4 65.6 65.3 65 64.1 63 60.5 60.6 61 62.3 63.4 64.4 65.1 65.7 65.6 66.1 66.7 67.1 66.9 67.2 68.2 67.8
89.7 90 89.2 85.6 85.4 86.4 91.9 99.2 102.1 104 107.1 111.9 117.8 120.7 125.5 129.2 120.8 120.7 120.3 117.7 115.8 111.2 106.8 102.5 99.1 95.4 92.2 88.9 85.3 82 78.6 75.2 70.1 64.5 62.1 59.9 56 54.7 55 56.1 57.5 58.9 60.5 62.6 64 64.8 65 64.5 63.7 63.4 64.7 66.8 68.1 69.5 69.8 69.8 69.1 68.7 67.5 66.8 66.1 65.7 65.3 64.4 63.5 64.5 64.1 63.7 63 62.1 60.8 59.7 59.7 61.2 62.5 63.3 63.8 64.2 65.2 65.2 65.5 65.9 66.4 66.9 66.8 66.9
89.8 90.2 88.3 87.9 89.5 97.7 105.6 108.8 109.8 111.3 113.5 120.6 124.7 128.2 131.8 134.6 122.3 119.5 117 114.3 111.3 108 103.5 99.3 96.5 94 91.7 88.3 84.7 81.5 77.9 73.9 70.1 63.5 61 58.6 55.6 53.7 53.3 54 56.5 58.2 60 61.6 62.5 63.2 63.5 63.1 62.8 62.4 64 65.8 67.3 68.5 68.8 68.8 68.4 67.6 66.3 65.5 65 64.6 64.2 63 62.9 62.9 62.6 62.7 62.2 61.5 60.6 58.8 58.1 60.2 62 62.1 62.8 63.3 64 64.3 64.5 64.7 65.2 66.6 65.9 65.7
89.4 90 90.5 93.3 99.5 108.4 114.4 118.8 120.8 121.6 122.8 128.1 134.9 132.8 130.9 129 123.1 117.7 112.8 110 106.9 103.7 99.4 96.2 93.5 91.1 88.5 86 82.4 79.1 75.7 71.8 67.6 62.1 59.1 56.9 54.7 52.9 52.9 53.5 55.7 57.2 58.4 59.6 60.7 61.5 61.9 62.1 61.4 62.1 63.4 65.2 66.7 67.7 67.6 67.6 67.4 66 65.1 64.2 63.5 63 62.4 61.5 60.7 61.2 61.5 61.7 61.1 60.6 59.5 58.5 58.3 59.7 59.9 60.9 61.8 62.4 62.8 63.5 63.6 64.3 63.9 64.6 64.8 64.9
89.1 90.6 93.5 97.6 106.1 114.4 122.6 126.2 129.6 131.6 126.5 129.3 138.5 132 127.7 124.6 118.5 111.5 107.2 103.9 101.5 97.2 95.1 92.8 90.6 88.2 85.6 82.9 80.2 76.4 72.9 69.1 64.4 60.6 58.5 55.9 54.3 53.2 52.2 53 54.9 55.5 56.2 57.5 58.7 59.9 60.3 60.9 61.1 62.1 62.9 64.7 65.7 66.5 66.4 66.4 66.1 65.4 64 62.9 62 61.3 60.6 60.2 59.4 59.7 60.4 60.7 60.1 59.6 58.6 57.7 57.1 58 58.6 60 60.8 62 62.4 63.1 63.2 63 63.4 63.7 64.7 65.3
89.3 91.9 96 101.7 108.6 117.5 123.8 127.6 136.1 133.9 124.8 122 128.1 124.7 119.2 113.7 107.7 103.8 101.4 97.6 95.7 93.7 92.2 89.4 87.7 85.2 82.7 79.1 76.2 72.8 69.1 64.9 62.1 59.1 57.3 55.3 53.9 53.4 51.2 51.4 51.5 53.8 55.1 56.1 57.4 58.3 59.5 60.8 61.8 62.9 63.9 64.6 64.6 65 65.5 65.7 65.5 64.9 63.9 62.3 60.6 59.7 59 58.9 58.3 58.1 58.7 58.8 58.8 58.6 57.8 57.3 57.5 57 58.4 58.8 59.2 60.7 61.9 61.9 62.2 62.6 62.9 62.9 64.4 64.7
89.8 94.2 96.3 102.3 109.2 118 119.8 121.1 127.1 122.9 115.8 114.2 114.5 109.9 105.4 102.2 99.1 96.2 93.7 92.8 91.8 90.1 88.9 85.9 84.2 82.1 78.8 75.7 72.4 69.1 65.5 62.7 60.7 58.2 56.3 55.1 53.5 51.7 50.7 50.2 51.1 53 53.6 55.1 55.9 57.2 58.9 60.6 62 63.1 63.6 63.7 63.4 63.9 64.4 64.6 64.5 64.3 63.1 61.3 59.6 58.6 57.8 57.7 57.1 56.7 57.1 57.8 57.5 57.4 57.7 56.3 56.4 57.1 57.3 57.7 58.2 59.3 60.2 60.8 61.5 61.9 62.2 63.8 64 64.7
