public/OST50/SM80.asc
ncols 200
nrows 200
xllcorner 180000
yllcorner 200000
cellsize 50
[rows 37 to 73 of 200, columns 0 to 84 of 200]
45.9 45.9 45.8 45.1 44.1 42.7 41.4 39.7 38.2 36.6 35.5 33.6 31.6 29.8 28.6 28.8 28.6 28.1 27.5 25.2 13.5 13.7 12.3 9.6 5.6 -2.1 -2.1 -2.1 -2.1 3.9 4.9 6.4 8.1 9.8 11.5 13.2 15.5 18.7 21.9 24.7 26.9 28.8 29.5 30.8 32.1 33.6 35.2 37.5 39.8 43.2 45.8 48.6 50.4 52.2 54 54.8 55.1 55.3 54.6 53.4 52.1 50.8 49.3 47.6 46.6 46.2 46.8 47.6 48.7 49.5 50.2 50.5 50.5 50.7 51.7 52.1 53.1 53.6 54.1 55.1 55.8 56.8 57.9 59.2 59.7
46 45.9 45.6 45.3 44.9 43.8 42.5 41.1 40.5 39.7 38.7 37.1 34.6 32.3 30.5 29.4 29 28.3 27.6 24.4 18.2 15.6 13.3 10.6 7.3 5.9 4.1 2.8 -2.1 2.8 3.5 4.8 8.3 8.4 8.3 10.3 11.7 14.1 17 20 22.2 24.4 24.4 25.1 26.9 28.9 31.1 33.6 36.5 40 43.6 46.5 49.2 51.4 53.2 54.8 55 55.1 54.6 53.6 52.4 51.1 49.7 48.1 47.5 46.6 46.5 47 48.4 49.8 51.3 51.8 52.1 52.5 53.1 53.6 54.2 54.9 56.1 56.5 57.1 57.9 58.5 59.2 59.3
46 45.7 45.4 45 44.9 44.4 44 43.6 43 42.6 41.9 40.6 38.4 36 33.7 31.5 29.5 28.6 26.9 24.7 18.7 16.6 14 11.4 8.1 6.6 6.5 2.4 -2.1 -2.1 -2.1 3.5 4.7 5.8 8.9 7.3 8.7 10.5 12 15 17.4 18.8 18.2 20.1 21.1 23.8 26.7 29.7 33.3 37 40.8 44.3 47 49.7 52.2 53.9 54.5 54.8 54.4 53.8 52.7 51.4 50 48.5 47.2 46 44.9 45.7 47.4 49 50.1 50.8 51.6 52.4 53.2 53.8 54.3 55.3 57 57.2 57.4 57.5 58.1 58.3 58
45.9 45.5 45.2 44.8 44.7 44.1 43.8 43.8 44.2 44.1 43.7 42.1 41.1 38.6 36.3 34 31.7 29.5 28.2 27.6 19.6 17.1 14.7 12.3 9.3 4.7 5.6 4.8 2.8 2.3 -2.1 -2.1 4.6 5.2 6.1 7.7 8.5 9 10.1 11.7 14 14.6 16.9 17.7 17.6 19.8 22.7 26.3 30 34 38.3 42 44.9 47.7 50.5 52.7 53.4 53.9 54.2 53.6 52.6 51.7 50.2 48.8 47.5 45.9 44.3 43.8 45.9 47.6 48.7 49.6 50.4 51.2 51.9 52.8 53.4 54.2 55.6 56.7 56.8 57.1 57.4 57.7 57.3
46 45.5 44.4 44 44.2 43.8 43.5 42.7 43.5 44.7 44.6 43.7 42.6 41.1 38.9 36.2 33.3 30.9 29.6 28.5 21 18.2 15.3 12.4 9.6 8.5 8.3 5.6 2.7 2.5 -2.1 -2.1 4.5 6 7.6 10.4 11.4 11.3 12.4 13.6 15.3 18.8 21.7 22.1 22.7 22.9 22 23.7 26.6 31.2 35.7 39.6 42.7 45.9 48.8 51.4 52.9 53.3 53.7 53.6 52.8 51.6 50.4 49.1 47.4 45.8 44.2 43.5 43.6 45.3 46.7 48.1 48.7 49.4 49.8 50.5 51.9 53.2 54.3 55.4 56.1 56.4 56.8 56.8 56.5
46.3 45 43.1 42.1 41.6 41.4 41.3 41.4 41.9 42.8 43.9 44 43.2 42.1 40.4 38.1 35.1 32.5 30 28 21.9 19 16.1 13.3 11 8.3 8.3 4.2 2.5 -2.1 -2.1 3.5 5.1 7 9.3 12.2 13.8 13.9 15.5 17.5 17.9 22 25.5 26.4 28.1 28.4 27.2 26.7 26.1 28.6 33.5 37.4 40.2 43.1 47.3 50.3 52.4 53.3 53.6 53.5 52.8 51.6 50.5 49.2 47.6 46 44.4 43.1 42.2 43.4 45.2 46.5 47.1 47.6 47.7 48.1 49.7 51.5 52.7 54 55.3 55.9 56.2 56.2 56
46.6 45.1 43 40.7 38.6 38 36.9 36.2 38.2 39.8 41.3 41.9 42.3 42 40.8 38.6 36.1 33.3 30.4 24.5 21.6 19 16.7 14.6 12 9.2 8.7 7.6 2.5 -2.1 -2.1 3.6 5.3 7.3 9.3 12.4 14.8 16.9 19.8 22.2 24.2 24.9 28 30.1 31.7 33 32.9 33.5 32.5 32.1 31.6 35.3 38.6 42.1 45.6 49.3 51.4 53 53.3 53.4 52.9 51.8 50.7 49.2 47.7 46.1 44.6 43.1 41.6 42 43.4 44.7 45 44.9 45.1 46.1 47.9 50.1 51.8 53.1 54.3 55.1 55.4 55.5 55.2
46.7 44.9 42.6 40.2 37.8 35.4 33.8 31.7 31.1 33.8 36 38.1 39.3 39.6 38.2 37 35.3 32.8 30.5 24.9 20.5 18.5 16.3 14.6 11.8 7.8 5.4 3 2.5 2.3 -2.1 -2.1 6.1 8.1 9.8 13.9 17.3 21.8 24.5 26.7 28.2 28.6 31 33.3 35.2 37 38 38.9 38.8 37.7 36.1 34.8 38.5 42.6 45.7 49.2 52 53.5 54.1 54.2 53.2 52.1 50.8 49.3 47.8 46.2 44.7 43.5 41.7 39.5 41.3 42.8 43 42.5 42.6 44.6 47 49.2 51.1 52.3 53.4 54.3 54.3 54.4 53.6
46.3 44.5 41.9 39.6 37.1 33.9 32.5 30.3 27.6 27 27.7 31.2 33.7 34.5 34.8 34.2 33.1 31.4 29.5 20.7 17.5 16.3 15.2 14.2 11.9 6.5 3 2.5 2.4 2.6 2.5 -2.1 4.9 7.5 12.4 18.3 22.6 26 28.3 30.3 32.2 33.7 35.2 37.7 39.6 41.3 42.4 43.1 43.3 42.3 40.7 38.8 39.9 43.3 47 50.1 53 54.2 54.6 54.6 53.7 52.5 51 49.4 47.9 46.3 44.9 43.7 41.7 39 39.2 40.9 41.2 40.1 41 42.9 46 48.3 50.2 51.4 52.5 53.3 53.3 53 51.8
45.9 43.5 41.2 39.3 36.3 33.8 32.5 29.6 26.3 23.6 22.9 22.6 25.9 29 30 30.3 29.2 27.4 27 17.4 16.2 15.1 14 12.9 10.6 5.7 3 2.7 2.5 2.4 2.6 -2.1 3.9 8 13.7 19.8 25.6 29.1 31.4 33.7 35.9 38.2 39.5 41.9 44 45.7 46.7 47.3 47.3 46.7 44.7 42.6 39.4 44.5 48.3 51.5 54.2 55 55.4 55.4 54.5 53.1 51.7 49.6 48 46.4 44.9 43 40.9 38.9 37.4 39 39.5 37.9 39.4 42.1 45.1 47.3 49.1 50.1 51.4 52 51.7 50.4 49.3
46.9 43.7 41.5 40.6 39.2 36.5 34 32.1 29.2 25.5 22.7 19.8 18.1 20.2 23.2 25.9 25.8 25.5 24.1 16 14.7 13.7 13.1 12.5 10.7 5.6 3 2.7 2.5 2.4 2.4 -2.1 -2.1 8.7 16 23.7 29 33.6 35.1 37.3 40 42.2 43.7 46.2 48.4 50.1 51.1 51.3 51.1 49.9 48.2 45 42.1 46.3 49.8 52.5 54.6 55.7 55.9 55.9 55.2 53.8 52.2 50.1 48.2 46.3 43.9 41.8 39.5 38.7 36.7 35.8 37.6 35 39.1 41.7 44 46.1 47.3 48.3 49.3 49.7 49.9 47.9 46.6
49.3 46.5 44.3 43.3 42.3 40.1 38.3 37.3 34.8 31.5 27.4 21.5 17.4 14.7 14.7 18 22.5 23.3 15.8 14.3 13.3 12.5 12.2 11.9 9.5 4.9 2.8 2.4 2.4 2.4 2.4 -2.1 -2.1 11.6 23.1 34.2 36.1 39.8 41.3 41.7 44.7 47.4 49.3 50.9 53.1 54.9 55.1 55.2 54.2 53 51.2 48.9 45.4 47.8 50.8 52.9 54.6 55.6 56 56.3 55.8 54.5 52.7 50.6 48.3 45.8 42.9 38.8 36.5 37.1 36.3 34.5 34.7 34.6 35.9 38.8 41 42.2 43.2 43.8 45.7 46.6 45.6 45.4 45.4
51.3 49.5 47 45.6 44.7 42.9 41.7 40.8 38.9 35.7 33 26.7 21.2 14.8 9.4 9.4 14.2 20.1 14.3 13.4 12.8 12.2 11.3 8.7 5.9 4 2.9 2.6 2.4 2.4 2.5 -2.1 3.2 19.3 35.1 42.4 44.5 45.5 47.2 48.7 50.4 52.2 53.9 55.2 57 58.8 58.9 58.3 57.2 56.1 53.9 51.5 48.1 49.2 51.6 53.1 54.7 55.6 56 56.3 55.9 54.8 53 50.8 47.6 44.5 40.2 35.5 33.1 32.6 32.1 31.4 33.1 34.6 34.6 35.9 37.9 39.5 42.1 42.5 42.5 44 44.8 45.4 45.4
53.8 51.6 49.6 47.8 46.5 45.1 43.6 42.1 39.8 37.7 34.5 30 24.1 16.8 11.9 10.5 10.2 14 13.9 13.2 12.8 12.3 11.3 8.4 5.6 3.3 3.1 2.8 2.6 2.4 -2.1 -2.1 12.7 27.1 42.3 48.6 49.4 49.4 50.9 52.6 54.7 56.7 58.4 59.6 60.5 60.7 60.5 60.5 60 58.7 56.7 53.8 51.7 51.6 52.5 53.4 54.7 55.5 56 56.2 56 54.9 53 50.5 47.2 42.2 37.5 33.2 30.7 29.1 29.7 30.1 33.6 34.7 37.1 39.4 41.9 44.5 46.7 48.3 49.2 49.6 49.3 49 48.8
54.8 53.4 51.4 49.4 47.9 46.5 44.9 43.3 41 38.3 35.2 30.5 23.4 17 12.1 8.9 8.1 10.8 13.5 13.1 12.7 12.3 11.1 8.2 5.3 3.2 3.1 2.5 2.4 2.2 -2.1 -2.1 21.5 37.2 50.5 52.7 52.9 52.6 54.2 55.8 57.3 59.1 60.9 62.4 63.1 62.7 62 61.4 61.1 60 57.3 55.2 54.1 53.8 53.5 53.5 54.5 55 55.6 56 56 54.9 52.9 50.2 46 41.6 36 31.3 28.4 28.1 30.8 33.2 35.8 37.7 39.7 41.9 44 46.3 49.2 50.6 51.6 52.3 52.3 52.2 51.9
56 54.1 52.6 50.8 49.3 47.9 46.2 44.1 42 39 35.5 30.9 24.1 17.2 11.7 8.6 6.8 7.6 21 13.5 13.1 12.7 11.2 8.3 5.2 2.8 3 2.4 2.4 -2.1 -2.1 14.5 27.1 45.1 51.9 54 55.4 55.1 56.2 57.5 59 60.6 61.7 63.4 64.2 63.2 62.2 61.6 60.8 59.3 58 57 56 55 54.7 54.3 53.8 54.1 54.8 55.4 55.2 54.1 52.4 49.7 45.6 40.9 35 30.2 27.5 27.9 31.2 36.1 38.1 40 42.1 43.7 45.6 47.6 50 52.1 53.6 54.4 54.4 54.3 53.6
56.8 54.3 53.3 51.6 50.1 48.8 46.9 44.7 42.3 39.4 35.4 30.9 25.2 18.1 13.2 9.7 6.7 5.2 12.2 14.2 13.5 13 16.4 6.2 2.9 2.4 2.5 2.4 2.6 -2.1 8.3 19.6 36.6 45.8 51.8 55 56.7 57.2 58.1 59.4 60.6 61 62.3 63.1 63.6 63.1 62.2 61.5 60.3 59.2 58.5 57.8 56.9 56.1 55.3 54.4 53.6 53.3 53.7 54.1 53.9 53.2 51.9 49.4 45.6 41.1 36.3 30.5 27.1 27.3 32.5 37.1 40 41.9 43.4 44.7 46.4 48.1 50.1 52.6 53.9 55.2 55.5 55.2 54.5
56.4 54.2 53.9 52.4 50.7 49.4 47.4 45.2 42.7 40.5 37.4 34.5 31.2 23.6 16.9 11.8 7.9 5.3 5 11.7 18.4 13 3.6 2.4 2.4 3 2.6 2.4 -2.1 -2.1 11.7 24.7 39.4 46 51.9 55.3 56.7 57.7 59.3 61.4 62.2 61.6 61.4 62.2 62.2 62.1 62.1 61.9 61.4 60 59.1 58.5 57.5 56.4 55.2 53.9 52.7 52.1 52.3 52.5 52.6 52.1 51.4 49.2 46.1 40.4 37.5 32.3 26.5 26.5 30.6 35 40.6 42.2 43.3 44.8 46.3 48 50 52.5 53.7 54.2 55 54.8 54.6
54.1 52.3 52.1 51.3 49.7 48.1 46.8 45.6 44.4 42.3 41 39.8 38.7 35.8 28.9 18.4 9.5 5.1 4.5 4.1 4.2 2.8 2.4 2.4 2.4 3.2 2.7 -2.1 -2.1 5.7 16.7 31.6 39.7 46.2 51.2 53.9 55.7 57.2 58.5 61.6 61.9 61.4 61 60.9 61.1 62.1 62.6 62.7 62.3 60.7 59.6 58.6 57.5 56.1 54.5 53 51.7 51.1 51.2 51.5 51.6 51.1 50.9 49.5 47.2 43.3 39.1 34.8 27.2 27.8 31.5 36 38.7 40.3 42.4 44.1 45.8 47.8 49.4 50.6 51.1 52.3 53.2 53.9 54.3
49.4 47.3 47.6 47.9 47 45.3 44.5 44.8 44.3 43.4 42.4 41.9 40.9 37.7 33.9 28.1 19.6 7.4 3.7 2.4 2.4 2.4 2.4 2.4 2.4 3.1 2.6 -2.1 -2.1 7.7 22.1 31.8 38.8 45 49 52.2 54.3 56 57.1 59.2 60 59.6 59.4 59.6 61.2 63.2 63.9 64.1 63 61.4 60.2 59.1 57 55.1 53.6 52 50.5 50 49.7 49.9 50.1 50.4 50.2 49.7 47.8 43.8 39.8 35.3 27.1 29 36 38.2 39.7 41.7 42.5 43.2 44.5 46 47.5 48.6 49.1 50.4 51.5 52.2 52.3
47.9 41.4 40.7 42.5 41.5 39.2 40.6 43 43.6 42.9 42.2 41.8 40.5 37.8 34.1 28.8 22.9 9.8 4.4 2.4 2.4 3.3 2.4 3.3 3 2.8 -2.1 -2.1 4.3 9.5 20.9 29.8 37.4 42.9 47.2 50.2 52.5 54.4 55.7 56.7 57.6 58 58 58.8 61 63.7 65 64.5 63.8 62.1 60.8 58.7 56.5 54.3 52.1 50.5 49.1 47.8 47.4 47.6 48.2 49.2 49.3 48.8 47 43.6 38 31.2 24.4 29.9 35.1 38 40.1 41.7 43.6 44.7 45.5 46.4 47.3 47.8 48.3 49.3 50.1 50.9 50.4
46 44.8 42.6 39.8 36.6 34.1 32.8 38.9 40.5 40.2 39.6 39.5 38.4 36.5 33.7 29.5 24.3 13.1 6.9 2.8 2.4 3.1 3.8 4 2.8 -2.1 -2.1 2.1 4.9 11 17.8 27.3 34.6 40 44.9 48.1 50.5 52.4 53.2 54.1 55.1 55.9 56.4 57.8 60.7 63.5 64.8 64.5 63.7 62.7 60.9 58.4 55.7 53.2 51 48.4 46.5 45.1 44.5 45 46.2 47.4 47.7 47.2 45.6 42.2 37.1 24.3 22.9 28.2 33.7 35.8 39.6 41.5 43.3 44.9 46.6 47.4 47.7 48.3 48.6 49 49.8 50.4 49.9
50.7 50.5 49.1 45.8 43.4 40.4 35.9 30.8 32.7 33.3 35.3 36.5 35.8 34.4 32.9 30.9 25.9 15.4 8.6 2.4 2.4 2.4 5.4 2 -2.1 -2.1 0.9 3.1 6.1 11.3 17.2 23.9 32.1 36.9 41.7 45.5 47.9 48.3 49.9 50.9 52.5 53.1 55 56.8 59.5 62.6 64.2 64.2 63.6 62.6 61 58.1 54.6 51.8 48.6 49.2 43.9 42.2 41.1 42.6 44 45.5 46.1 45.4 43.1 34.7 22 23.2 25.1 29.1 37.4 40.2 41.2 42.3 44 45.8 47.3 48.4 48.8 48.8 49 49.3 49.8 49.7 49.2
54.6 53.2 52 50.4 47.7 43.9 38.5 29.6 25.2 24.4 28.7 31.1 31.6 31.1 31.6 30.6 25.8 13.4 6.7 2.4 2.4 2.4 2.2 -2.1 -2.1 -2.1 0.4 1.9 5 8.9 13.3 21.8 26.7 31.2 36.5 41.5 42.6 43.6 45.4 47.5 49.2 50.2 52.7 55.7 59.1 61.9 63.3 63.2 62.9 62.5 61 58.1 54.5 51 48.6 46.1 39.3 35.7 35.2 38.4 43 45.3 45.9 41.6 30.8 20.7 22.3 26.9 31.6 34 39.6 42.2 43.3 44.1 45.3 46.8 48.1 49.1 50 50.2 49.5 49.7 49.7 49.2 48.2
58 56.1 54.7 51.9 47.9 43 37.3 32.1 27.1 22.9 20.7 23.9 24.7 24.8 26.7 25.5 22.2 9.8 2.9 2.4 2.4 2.9 0.9 -2.1 -1.5 -0.3 0.5 1.2 2 3.8 10.4 19.1 18.8 22.3 26.3 32.5 33.2 36.6 40.2 43.6 44.9 46.9 51 53.8 57.5 60.3 61 61.6 61.6 61.6 60.3 58.1 54.9 51.5 47.8 41.5 35.3 29.5 31.3 39 43.8 46.2 45.9 39.1 20.4 21.8 29 34.9 37.9 38.9 41.9 44.2 45.4 46.3 46.8 47.9 49 50.4 51.3 51.5 51.2 49.9 49.3 48.8 47.3
58.8 57.6 56.1 52.9 48.1 41.7 36.4 33.1 29.2 23.4 18.8 16.2 16.9 16 14.6 13 10.7 6.6 2.6 2.4 4.2 1.5 -0.5 -2.1 -1.4 -0.7 0.1 0.9 1.7 2.1 3.1 8.3 9.5 10.8 13.3 16.7 19.2 24.9 32.6 38.1 39.1 44.9 48.1 51.2 54.7 57.9 59.1 60.5 60.5 60.4 59.7 57.5 55.1 50.5 46.4 42.4 33.6 21.5 31.4 39.5 43.2 45 44.3 33.5 20.5 25.3 36.2 41 42.6 43 44.5 46.3 47 47.4 47.5 48.7 50 51.1 52 52.2 52.2 50.6 49.6 48.4 45.8
60 58.2 56.5 55.8 50.3 44.4 39 34.6 28.6 22.8 19.6 16.9 12.7 10.7 9.2 7.8 5.8 3.5 2.4 2.4 2.1 0.4 -2.1 -2.1 -1.5 -0.8 0 0.8 1.3 1.6 1.9 2.1 2.1 2.2 2.4 9.7 12.7 16.8 22.4 29 35.8 41.6 44.9 47.9 50.9 54 56.7 58.5 59.3 59.1 58.4 56.5 53.7 50.6 46.8 42.5 34 19.3 25.1 38.3 40.9 41.5 35.9 21.9 20.6 34.2 41.1 43.8 45.3 46.1 47 48 48 48.1 48.3 49.5 50.5 51.6 52.3 52.5 52.4 51.1 50 47.9 44.9
60.8 58.9 57.3 56.3 52.6 48.4 43.7 38.1 32.6 29.5 29 25.7 22.4 15.4 9.4 6.9 4.3 2.8 2.4 2 1.2 -0.3 -2.1 -2.1 -1.6 -0.8 -0.1 0.4 0.8 1 1.3 1.4 1.4 1.5 1.7 2.2 8.5 11.8 16.7 21.8 30.3 37.3 41.1 43.7 47 50.7 53.7 56.3 57.1 56.9 56.2 54.6 52.7 50 45.9 42.1 34.5 20.2 16.7 32.6 22.4 15.9 17.5 19.9 28.5 39.4 43.9 45.6 46.9 47.9 48.7 48.8 48.8 48.7 48.2 49 49.8 51.2 52.2 52.6 52.6 51.4 49.5 47.1 44.9
61.5 59.6 58.2 56.9 54.6 50.1 46.3 40.9 36.3 36.3 34.4 32.2 28.7 22 12.5 8 4.6 4.9 5.2 1.9 0.7 -0.5 -2.1 -2.1 -1.7 -0.9 -0.4 -0.1 0.2 0.5 0.8 0.7 0.7 0.8 1 1.5 2.2 8.9 13 17.2 24.2 32.4 36.8 39.5 43.5 47.8 51.2 53.3 54.4 54.8 54 53.2 51.8 48.8 44.6 39.3 33.2 19.3 15.8 14.6 16.2 23 28.1 31.9 35.9 40.4 44.8 46.8 48.4 49 49.2 49.1 49.1 48.4 47.2 46.6 47.6 46.2 51.1 52.3 45.9 39.4 48.8 45.8 34.9
62.1 60.6 59.2 57.6 56.3 52.2 49.2 46.4 43.6 41.2 38.5 35.1 31.6 26.2 16.4 10.2 5 5 2.3 1.4 0.4 -0.5 -1.4 -2.1 -1.8 -1.3 -1 -0.7 -0.4 -0.1 0.1 0.1 0 0 0.3 0.8 1.6 3.1 9.8 13.5 19.3 26.1 31.9 36.5 41 45 48.9 51.5 52.9 53.5 52.8 52.1 50.2 47.4 42.1 35.4 27.9 14 12.9 16.7 23.3 32.1 36.3 39.2 41.4 43.5 46.1 48.2 49.2 49.9 50 48.7 47.9 46.7 43.9 12.5 1.8 2.4 8.2 28.1 3.1 3.7 44.9 20.8 17.2
62.7 61.6 60.2 58.6 57.2 54.8 52 49.7 47 43.9 41 38.1 35 30.4 20.7 11.9 7.4 4.2 2.4 1.6 0.6 -0.3 -1 -1.7 -2.1 -1.9 -1.6 -1.3 -1 -0.7 -0.5 -0.6 -0.7 -0.7 -0.4 0 0.7 1.8 6.8 11.5 16.7 22 28.4 35.1 40 43.8 47.8 50.5 51.8 52 51.6 50.4 49 46.2 41.1 32.4 18.4 10.7 22.7 28.1 32.4 36.6 39.4 42 44.3 46 47.9 48.9 49.9 50.8 50.7 49.6 48.1 43.3 38.6 1.1 -2.1 -2.1 3.1 5 1.4 1.9 5.4 1.9 1.2
63 62.3 61.6 60.7 59.2 57.1 54.7 52.2 49.5 46.5 43.5 40.5 37.9 33.7 24.5 16.7 10.5 2.8 2.4 1.8 0.8 0.1 -0.6 -1.3 -2.1 -2.1 -2.1 -1.9 -1.6 -1.3 -1.1 -1.2 -1.4 -1.4 -1.3 -0.9 -0.1 1 2.9 11.1 20.5 26.2 31 36.1 40.3 43.4 47 49.4 50.9 51.3 50.8 49.4 47.7 44.8 40.4 28.5 10.5 13.5 26.3 32.8 35.7 38.1 40.4 43 45.5 47.8 49.5 50 49.7 50 50.1 50.2 47.1 40.3 10.5 -2.1 -2.1 -2.1 -2.1 -2.1 -2.1 -2.1 -2.1 -0.3 -0.5
63.4 63 62.9 62.8 63.2 59.7 57.3 54.7 51.9 48.4 45.2 42.5 39.8 36.5 32.8 27.7 17.5 10 2.4 2 1.2 0.5 -0.1 -0.8 -1.8 -2.1 -2.1 -2.1 -2.1 -1.9 -1.7 -2.1 -2.1 -2.1 -2.1 -2.1 -2.1 0.2 2.4 14.2 25.1 30.7 34.6 37.7 41.9 44.3 46.9 48.8 49.9 50.5 50 48.6 46.8 43.4 38.9 25.9 8.7 15 26.9 32.4 35.5 38.2 40.9 43.7 46.5 49 50.4 50.8 50.1 47.8 46.2 12.4 17.9 29.8 23.2 -2.1 -2.1 -2.1 -2.1 -2.1 -2.1 -2.1 -2.1 -2.1 -2.1
63.7 64.3 64.4 63.9 64.8 62.8 58.9 56 53.1 50 47 44.9 43 41.2 38.8 35.5 30.5 23.1 10.7 2.2 1.6 1.1 0.4 -0.5 -1.5 -2.1 -2.1 -2.1 -2.1 -2.1 -2.1 -2.1 -2.1 -2.1 -2.1 -2.1 -2.1 -2.1 2 14.2 26.1 32.5 36.4 39.6 42.6 44.7 46.1 48.1 48.7 49.2 48.8 47.5 45.7 42.3 37.6 27.4 6.6 14.7 27.4 30.8 34.1 37.6 40.9 43.7 46.7 49.4 50.6 51.3 49.5 44.6 22.1 -2.1 -2.1 -2.1 -2.1 -2.1 -2.1 -2.1 -2.1 -2.1 -2.1 -2.1 -2.1 -2.1 -2.1
64.3 64.7 65.4 65.5 65.3 64.4 61.2 58.8 56 53.4 50.2 48.5 47.6 46.1 44 41.2 36.8 31.9 24.5 12.5 2.3 1.7 0.7 -0.2 -1.1 -2.1 -2.1 -2.1 -2.1 -2.1 -2.1 -2.1 -2.1 -2.1 -2.1 -2.1 -2.1 -2.1 0.2 4.1 22.6 33 37.5 40.1 41.9 44.1 45.5 46.9 47.5 47.9 46.7 45.8 43.8 41.3 36.1 24.3 2.4 17.2 26.1 28.6 32.7 36.3 40.1 44.4 47.9 49.6 50.6 51.9 49.6 43.4 19.3 -2.1 -2.1 -2.1 -2.1 -2.1 -2.1 -2.1 -2.1 -2.1 -2.1 -2.1 -2.1 -2.1 -2.1
64.4 64.9 65.5 65.9 65 64.3 63.2 61.6 59.5 57.3 55.1 53 51.4 50.3 48.1 45.8 41.9 36.6 32.7 24.9 11.1 1.9 1 0.1 -0.8 -1.8 -2.1 -2.1 -2.1 -2.1 -2.1 -2.1 -2.1 -2.1 -2.1 -2.1 -2.1 -2.1 -2.1 1.2 17.9 31.8 36.7 39.5 41.3 42.6 43.6 44.6 45.3 45.6 44.5 42 38.6 39.1 34.3 9.6 1.6 12.7 22.6 21.9 28.1 35.1 39.5 44.9 47.9 49.1 50 50.7 49.7 44 13.6 -2.1 -2.1 -2.1 -2.1 -2.1 -2.1 -2.1 -2.1 -2.1 -2.1 -2.1 -2.1 -2.1 -2.1
64.1 64.8 65.3 65.9 65.7 65 63.8 62.4 60.7 58.7 57.3 55.7 54.8 54 52.1 49.9 46.6 43 37.5 30.9 15.4 2.2 1.2 0.3 -0.7 -2.1 -2.1 -2.1 -2.1 -2.1 -2.1 -2.1 -2.1 -2.1 -2.1 -2.1 -2.1 -2.1 -2.1 -2.1 11.2 25 30.8 35 37.4 39.3 40.8 40.9 42 41.8 40.3 25.5 10.4 21.5 18.7 -2.1 -2.1 -2.1 -2.1 -2.1 -2.1 11.8 33.6 38.3 39.3 46 48 49.2 48.6 44.4 27.2 -2.1 -2.1 -2.1 -2.1 -2.1 -2.1 -2.1 -2.1 -2.1 -2.1 -2.1 -2.1 -2.1 -2.1
