public/OST50/SM80.asc
ncols 200
nrows 200
xllcorner 180000
yllcorner 200000
cellsize 50
[rows 0 to 36 of 200, columns 85 to 169 of 200]
60.8 61 60.9 62.3 64 66.2 68 69.4 69.8 70 70.2 69.6 69.1 66.8 63.9 61.3 59.1 57 57.2 59 59.8 58.9 58.3 57.7 55.8 51.9 53.5 54.2 53 50.3 48.7 47 48.8 52.2 53.9 54.7 57.4 60.3 63.3 65.7 67 67.8 68 67.6 66.5 65.8 64 62.8 61.3 59.7 57.4 55 51.1 47 42 33.8 19.7 12.2 15.7 23.1 26.4 28.9 31.3 33.7 35.9 37.1 38.5 39.8 41.4 43 44.5 45.7 46.5 47.3 48.1 49.7 51.4 53.1 54.5 55.7 54.9 56.6 57.7 58.3 57.7
60.8 60.1 60.4 62 63.6 65.9 68 69.1 69.6 69.8 70 69.6 68.6 65.9 62.8 59.9 57.7 55.6 54.8 56.7 58.8 59.1 58.5 57.7 56 52.3 49.7 53.5 52.5 47.9 43.8 47.3 51.3 54.8 56.5 57.9 59.1 61.6 63.2 64.6 65.4 64.9 65.1 64.5 63.5 63 62.9 61.8 60.6 59.3 57.1 54 50.3 46.2 40.4 32.4 17.5 12.4 17.4 23.8 26 27.8 29.9 31.8 32.5 34.4 36.7 38.2 40.1 41.7 43.2 44.5 45.2 46 47 49.3 51 52.7 54.4 56.3 55.9 56.9 58.1 58.9 58.5
60.8 59.5 60 62.1 64.1 66.3 67.8 68.9 69.4 69.6 69.8 69.5 68 65.9 63.1 60.6 58.3 55.9 53.8 54.8 57 58.1 58.1 57.3 56.2 53.4 48.8 47.5 49 43.8 46.9 51.1 54.2 56.3 57.9 59.1 60.5 61.6 62.3 63.4 62.9 62.4 61.7 61.2 60.2 61.1 61.1 61.1 60.3 58.9 57.6 54.7 50.1 43.2 36.9 29.7 14.4 11.8 18.5 24.2 25.8 26.6 27.8 27.3 27.7 30.6 33.6 36.7 38.8 40.4 42.1 43.5 43.3 43.8 45.8 48.4 50.6 52.4 54.2 56.1 56.5 57.2 58 58.9 59.2
60.2 59 59.2 61.5 64 66.1 67.4 68.3 69.2 69.4 69.6 69 67.6 65.6 63 60.6 58.5 56.7 54.5 52.4 53.4 55.9 57.3 57.2 56.1 55.3 53.1 47.7 41.2 45.3 50.4 53.7 55.4 56.4 57.7 58.8 60.3 61.1 61.8 61.1 60.3 59.7 57.6 58.1 56.4 58.3 59.2 59.9 59.1 58 56.3 53.9 49.3 43.4 36.2 31.3 11.3 11.2 20.1 25.6 23.7 21.2 18 18.1 22.4 26.6 30.4 33.4 36.8 39.5 41.2 42.7 41.9 42.6 44.2 46.7 49.1 51.7 53.6 55.2 56.4 57.1 58 58.8 59.6
59.9 56.3 58.7 61.5 63.8 65.7 66.8 67.7 68.9 69.4 69.2 68.6 67.2 65.8 63.3 60.8 58.7 56.9 55.3 53.6 51.1 52.5 53.9 55.6 56.5 55.9 54.9 52.8 46.9 43.1 50.3 53.6 54.6 55.2 56.8 58.4 59.3 59.8 60.1 59.5 58.5 57.3 54 54.1 55 56 56.8 57.5 57.6 56.3 54.4 51.3 46.8 41.7 34.7 25.9 10.5 9.4 16.8 18.3 16.7 18.6 22.8 24.7 24.5 20.9 25.5 30.2 34 37.2 39.7 40.9 40.6 40.3 42.3 44.7 47.1 49.9 52.6 54.6 56.4 56.5 57.4 58.1 59.1
59.3 54.3 57.7 60.9 62.6 64.3 66 67.2 68 68.6 68.3 68.1 67.3 66 64.2 61.3 58.8 57.2 54.1 52.4 51.2 49.2 51.2 53.9 55.4 55.8 55.2 53.4 49.3 41 50.7 52.5 53.7 54.2 55.5 56.8 57.9 58.5 58.6 58.2 57 54.9 50.5 50.2 52.5 54 53.7 54.4 55 53.7 50.7 47.5 43.6 38.5 21.2 10.6 11.3 18.6 15.6 18.4 18.9 20.4 22.5 26 28.4 29.9 28.8 27.3 25.4 31 35.9 38.4 35.5 35.9 38.8 42.2 45.1 47.8 50.5 52.6 54.7 55.2 56.3 57.6 59
58.3 53.5 54.8 57.9 60.7 62.3 64 65.5 66.7 67.8 67.5 67.2 66.4 65.6 63.5 61.4 58.7 57.6 55 53 50.6 48.1 47.8 51.6 54 54.9 54.5 52.6 50 38.2 49.7 51.3 51.7 51.4 52.8 54.3 56.5 57.3 57.4 57 55.3 52.4 48.2 46.9 49.8 50.9 50.2 50.6 50.9 50 47.9 43.7 31.1 15.6 10.7 9.2 21.9 26.7 27.7 25.2 24.6 25 25.7 28 30.2 33.1 35.8 35.1 33.2 28.4 31.8 34.2 36.4 37.1 37.2 38.3 42.4 45.7 48.3 50.6 50.9 53.6 54.4 56.2 57.8
57.1 53.4 51.3 54 57.3 59.5 61.8 63.5 64.7 65.8 66.1 65.7 65 63.9 62.4 60.5 58.5 57.5 56.1 54.8 52.2 48.8 45.8 49.2 52.1 53.3 53.4 51.1 47.4 39.6 46.3 48.4 48.6 48.6 50 52.3 54.4 56 56.1 55.2 53.7 50.1 45.6 39 45.6 45.6 44.2 45.4 46.3 46 44.5 41.6 19.7 10.3 7.6 18 26.6 30.2 31.6 31.2 30.9 30.8 30.1 30.5 32.1 34.9 38.2 38.2 37 33.9 34.3 38.8 40.6 41.4 41.7 41.7 41.5 42.8 44.4 46.4 50.1 50.6 51.3 53.8 55.1
56.3 52.4 49 51 53.8 56.6 59 61.4 62.7 63.8 64.8 64.3 63.6 62 60.4 58.7 57.1 56.1 55.5 54.6 52.7 50.3 47.1 45.8 49.8 51.9 52.2 50.2 47.3 41.3 31.1 32.7 31.3 42.1 46.4 49.6 51.8 54.1 54.1 52.9 50.6 46.8 42.4 31.8 38.6 39.6 38.8 40 41.2 41.7 40.9 38.1 12 7.6 7.6 19.3 27.4 31.6 35.1 35.4 35.1 35 34.7 34.4 35.1 36.5 38.8 40.2 39.2 36.7 34.2 39.3 41.5 43.5 44.8 45.2 45.9 46.4 47.2 49.1 51.6 53.5 53.3 52.1 52.9
56.6 52.8 49 47.1 50.5 53.5 55.9 58.4 60.9 61.9 62.9 62.7 61.8 59.8 57.8 56.4 55 54.3 53.7 52.8 51.6 50.6 48.4 42.1 45 48.7 50.3 49.8 48.1 44.1 38.8 31 26.6 31.1 40.7 46 48.8 50.6 50.9 49.7 46.8 41.9 35 26.2 31.6 32.7 32.8 34.8 37.1 38.2 37.7 32.9 10.5 8.4 12.7 27 30.3 32.8 36.2 38.9 39 38.6 38 37.6 37.8 38.7 40 41.4 40.6 38.5 32.5 38.3 41.9 44 45.9 47.1 48.7 49.1 49.5 50.1 51.7 53.7 54.4 54.3 53.7
57.3 54.7 51.7 46.6 47.1 51 53.7 56.5 59 60.1 60.8 60.9 59.7 57.8 56 54.3 53 52.3 51.2 50.3 49.4 48.6 48.2 46.5 41.9 41.6 47.3 48.5 48.8 47.5 44.4 38.7 29.3 24.1 32.6 41.5 44.4 47.1 48.1 47.4 44.1 38.7 31.2 22.3 25.2 25.8 26.5 28.9 32.4 32.8 34.5 28.6 8.2 7.8 16.9 32.9 35.6 35.4 36.2 38.6 40.4 40.7 40.8 40.7 40.8 41.2 42.1 42.6 41.8 40.2 35 38.1 41.8 44.5 46.3 47.9 49.4 50.3 50.9 51.4 52.3 53.8 55.3 55.9 56
56.8 55 52.3 48.5 46.5 50.9 53.2 55.5 57 58 58.7 58.4 57.5 56 54.3 52.6 51.3 49.7 48.3 47.6 47.1 46.9 46.8 46.7 44.4 36.9 43 45.5 47 47.9 45.3 40.7 36.1 25.2 26.3 36.4 39.5 42.8 45.1 44.8 41.6 35.7 28.3 20.4 18.3 21.2 21.3 24.2 25.7 17 8.9 10.5 7.3 8.7 28.5 34.4 36.3 37.3 38.2 39.7 41.1 41.9 42.8 43.4 43.6 43.8 43.9 44.1 43.3 41.5 37.7 37.4 42.7 45 46.5 48 49.6 50.4 51.3 52.2 53.4 54.8 56.3 57.4 57.8
54.8 53.2 51.2 47.3 44.7 49.2 51.7 53.5 54.8 55.6 55.9 55.8 55.4 54.2 53 52 51.3 50.5 48.9 47.2 45.5 45.6 45.8 45 44.2 36.7 40.3 42.9 45.3 45 42.8 39.7 35.3 26.5 20.6 30.8 34.7 38.1 41.3 41.8 39.1 34.5 27.4 19.5 12.6 13.5 15.1 18.3 8.1 5.9 6 5.7 9.8 19.8 30.9 33.9 36 37.4 38.7 40.1 41.5 42.5 43.3 44.3 44.9 45 45.1 45.2 44.5 42.7 39.9 36.1 42.2 44.3 46.3 47.8 49.2 50.3 51.4 52.3 53.4 54.9 56.4 58.1 59.3
52.7 51.1 49.4 46.6 41.9 46.2 49 51.3 52.7 53.3 53.8 54 53.6 52.8 51.9 50.5 50.6 49.8 48.8 46.9 44.4 44.3 45.3 45.7 45 40.9 33.9 42 44 44.3 42 38.1 34 31.8 18.7 21.5 29.2 33.4 36.7 36.6 36.1 32.8 25.1 17 11.6 8.5 6.9 5.7 4.7 5.1 10.4 13.8 21.3 25.7 30 32.8 34.5 36.2 37.8 39.4 40.6 41.9 43.7 44.7 45.4 45.6 45.7 46.3 45.9 44.2 42.5 40 40 42.9 44.9 47 48.9 49.7 51.1 52.2 53.4 54.5 55.9 58.2 60.8
50 49 47.3 45.2 42.3 41.9 45.3 47.9 49.5 50.9 51.4 52 52.2 52 51 49.4 48.3 47.6 46.6 45.4 41.6 45.2 46.2 46.7 45.6 41.3 29.8 42.9 44.8 44.9 43 40.5 39.1 35.8 30.2 16.2 21.7 28.9 32 32.1 32.4 30.2 26.1 20.2 13.7 6.6 4.9 4.9 5.6 8.4 15.9 21.9 25.6 28 30.6 32.1 33.2 34.6 36.7 37.8 38.9 40.3 42.2 44.2 45.4 46.1 46.8 47.4 47.1 46.2 45.2 44.3 41.5 40.1 42.2 47 53.6 50.3 50.5 50.8 52.4 54.8 56.8 58.4 60.9
47.4 46.9 45.1 43.1 41 39.1 40.9 43.9 45.7 47.4 48.6 49.3 50.1 50.4 49.5 47.5 45.3 44.7 44 41.6 44 45.7 46.8 46.9 45.4 35.9 29.3 42.7 44.8 44.7 44.3 43.5 42.6 40.3 35.8 21.7 13.1 25.6 28.9 29.4 28.9 27.6 25.6 22.2 18.5 5.1 4.3 5.3 8.7 13.8 19.6 23.9 26.9 29 30.5 31.3 31.7 32.9 34.5 35.2 36.5 38.3 40.5 42.7 44.9 46.7 47.6 48.2 47.9 47.2 46.6 45.6 43.7 42.6 42.2 44.5 49.4 51.4 45.7 47.2 51.4 53.2 55.1 57.7 59.1
46.5 44.9 43.2 41.2 39.3 37.8 37.7 39.7 41.7 43.7 45.7 46.8 47.6 47.9 47.3 45.3 43 40.6 40.1 38.3 40.6 43.7 44.8 45.6 43.5 24.5 33.8 43.9 44.3 44.3 44.4 44 44.3 43 38.8 30.2 12.6 21.5 25.7 26.7 26.7 25.8 23.8 19.9 16.6 -2.1 2.7 6.9 12.8 18 21.5 23.7 25.9 27.9 28.8 29.1 29.4 30.6 32 32.7 33.7 35.6 38.3 40.9 44 47 48.1 49 48.7 48 47.1 46.3 45.6 45.2 45.2 46.6 48.8 48.4 45.7 45.7 46.2 52.4 53.9 56.2 58
45.8 44.2 42.1 39.8 37.9 36.4 35.5 37.1 38.4 40.6 42.7 43.9 45 45.6 45 43.8 41.3 39.6 36.3 34.6 33 36.7 37.7 39.6 39.4 21 34.3 42.6 43.3 42.4 42.6 43.6 44.5 44 41.4 37 19.7 11.8 19.6 23.2 24.4 23.8 21.9 18 11.9 -2.1 4.1 7 14.9 18.4 20.2 21.8 23.4 25 26.5 26.6 26.7 28.1 29.3 30.1 31.3 35 37.8 41 43.6 46.5 48.6 49.7 49.1 48.6 47.8 47 47.1 47.9 48.3 49.1 48.7 47.7 45.2 45.5 46.9 51.6 53.1 54.9 57.1
45.6 44.5 42.4 41.1 39.6 37.7 34.3 34.2 36.7 37.9 39.8 42 43.7 44.3 44.3 43.9 43 41.4 39.8 37.8 35.4 30.8 24.6 26.8 27.1 18.2 36.3 40.6 41 40.1 40.5 42 43.6 43.7 41.9 38.3 31.6 17.8 9.8 20.2 22.9 22.8 21.4 18.9 -2.1 -2.1 4.4 6.9 9.6 14.4 16.3 17.8 19.4 20.6 21.6 22.2 23.4 25.2 25.7 25.9 30.6 34.7 38.1 40.9 43.8 46.7 48.6 49.4 48.6 48.3 48.1 47.7 48.5 49.1 49.7 49.1 48.7 45.9 46.1 48.4 49.8 49.6 52.5 54.3 56.1
45.5 45 43.8 42.9 41.8 40.2 37.1 32.1 35.5 37.6 39.4 41.3 43 44.7 45.6 45.4 44.7 43.1 41.6 39.5 37.4 33.8 29.1 21.9 15.8 22.8 36.1 38.3 38.5 37.6 37.9 39.4 41.4 41.2 38.6 35 30.3 25.4 7.9 20.7 22.2 23 22.1 20.6 -2.1 -2.1 4.8 8.8 6.1 9.1 12 13.3 14.7 15.5 16.5 17 18.8 20.8 21.9 25 29.3 33.5 37.3 40.5 43.5 45.8 47.2 47.6 47.6 47.3 47.3 47.6 48.5 49.2 49.4 49 48.4 49.3 45.8 47 49.2 49.6 51.9 53.3 54.7
45.8 45.2 44.7 44.1 43.1 41.3 38.6 33.5 36.5 38.6 38.9 40.6 43.1 44.9 46.5 46.3 46 44.8 43.6 42.6 40 36.7 32.4 26.9 10.9 19.9 33.2 36.2 35.9 35 34.7 36.5 37.6 36.7 33.6 29.9 25.2 15.6 8.4 18.8 21.1 22.2 21.1 17.3 -2.1 -2.1 2.7 5.1 4.7 4.9 7.3 8.7 10.1 11.3 12.2 12.8 13.8 15.5 16.8 21.9 27.1 32.3 36.2 39.5 42.1 44.2 45.5 46.2 46 46.1 46.7 47 47.9 48.5 48.9 48.8 48.6 44.6 44.8 45.9 49.7 51.8 51.8 51.7 51.8
45.1 45 44.3 43.5 42.2 41 39.2 36 30.8 35.4 36.5 36.8 41 44.3 45.8 46.1 45.4 44.8 44.3 44.3 42.1 37.9 33.2 28 15.9 15.9 30.6 34.3 33.8 31.9 31.3 32.9 33.5 31.6 28.9 24.6 19.8 7.7 9.9 16.3 18.5 20.5 19.4 6.8 -2.1 -2.1 -2.1 -2.1 3.1 4.1 4.5 5.7 6.8 7.9 8.8 9.6 11.3 12.8 14.7 18.5 23.8 30 34.3 38.2 40.6 42.6 43.6 44.6 44.4 44.2 44.5 45.5 46.3 47.2 48.2 48.4 44.5 44.5 46.8 45.7 49.5 51.7 51.7 51.6 51.7
43.6 43.3 43.1 42.6 41.5 40.3 38.8 34.6 36.5 33.7 31.2 29 29.9 38.8 41.5 41.3 40.8 40.6 40.5 40.4 39.3 35.1 29.6 22.8 14.2 9 21.1 29.4 30.6 27.5 26.8 28.6 29.3 28.3 25.8 22.2 17.7 6.4 10.4 14.5 16.1 16.4 2.5 -2.1 -2.1 3.2 7 -2.1 3.2 3.5 4.3 4.1 4.9 5.5 6.4 7.7 9.4 10.8 13.3 16.4 19.8 26.3 31.3 35.8 38.6 40.4 41.5 42.2 42.8 42.6 42.3 43.2 43.7 44.4 45.2 45 45.6 45.8 46.8 45.2 47.2 51.4 51.7 51.6 51.4
42.3 42.5 42.2 41.8 40.7 39.3 36.1 36.7 38 38.1 37.5 35.7 30.9 25.6 28.9 24.8 20.8 20.4 18.6 18 20.4 18.8 13.5 11.5 17 17.5 6.6 13.3 21.3 24.1 22.4 24.1 25.2 24.9 22.9 20.9 18.4 6.3 7.6 14.3 13.8 2.5 -2.1 -2.1 7.5 13.4 19.5 19.6 16.2 13.9 8.1 5.7 4.5 3.8 5.5 6.8 7.9 9.4 12 15.7 20.1 24.8 29.9 33.8 36 37.3 38.8 39.6 40.8 40.6 40.1 39.8 40.9 41.2 38.9 39.2 43.3 43.3 44.6 45.3 47 47 47.5 49.9 51.8
41.3 42 41.7 41.4 39.9 38.1 36.8 37.3 38.9 40 39.8 37.4 33.8 28.7 23.8 23.3 24.9 23.5 21.8 19.9 19 19.6 22.8 29.8 30.6 28.8 23.2 9.4 7.2 17.2 19.7 20 21.8 21.9 20.9 18 17 12.4 -2.1 11.4 11.2 -2.1 -2.1 5.9 11.2 17.3 23 25 24.4 22.3 16 10.2 7 6.3 5.8 6.4 7.4 8.9 11.4 16.2 20.6 25.4 29.4 31.9 33.7 34.9 35.9 37.1 38.4 38.5 38 36.9 37.6 42 41.5 42.9 43.3 43.3 44.8 45.6 47.2 47.4 47.4 48.8 51.6
40.6 41.1 41.4 41.6 40.8 38.9 37.8 38.6 40.2 42.1 41.9 39.8 37.6 36 34.2 33.3 34.3 33.3 31.9 29.8 29.4 32.8 33.9 35.2 35.4 34.1 28.6 19.2 3 -2.1 13.7 16 19.2 19.6 18.4 17.4 14.2 10.9 -2.1 8.8 -2.1 -2.1 4.4 9.2 16.4 22.6 26.3 27.8 27.6 25.1 20.5 13 8.6 7.7 7.1 6.9 5.6 7.4 9.6 15.7 19.9 23.8 27.1 29.2 30.6 31.4 32.6 33.5 33.9 34.4 34.7 34.2 35.6 42.4 43.7 44 44.6 44.2 44.4 44.2 45.5 46.3 47 48.2 49.8
39.7 41.4 42.4 43.1 42.6 41.2 39.9 40.7 41.5 42.7 43.5 43 41.8 41 40 38.5 38.5 38.3 37.5 36.2 34.7 35.8 36.5 37.4 37.8 36.9 33 26.7 10.1 -2.1 -2.1 11.4 16 17.8 16.7 14.2 11.4 6.9 -2.1 -1.6 -2.1 0.8 6.2 12.4 20.1 24.4 26.8 28.7 28.3 25.9 22.3 15.3 10.3 9 8.6 8.4 8.2 7.3 6.6 10.3 14.4 19 22.8 25.9 27.4 27.7 29.5 30.8 30.1 30 30.3 31.5 33.2 41.7 43.5 44.1 46.1 45.8 42.6 41.7 42.2 43.4 43.4 46.8 45.6
39.3 41.4 43.2 44.3 44.3 43.4 42.1 41.6 42.2 43.4 44.2 45 45.2 44.6 43.4 42.6 43.1 42.8 41.6 40.2 39.4 39.3 39.6 39.3 39.1 38.5 35.7 30.9 18.8 -2.1 -2.1 8.6 13.9 14.5 13.1 11.4 8.4 -2.1 -2.1 -2.1 -2.1 2.7 6.9 13.2 19.6 24.5 27.5 29.3 28.6 26.1 22.6 17.2 12.2 10.4 10.4 10.3 10 10.1 11.4 12.2 11.6 11.2 12.8 18.5 22.8 23.6 26 26.5 26.2 25.4 26.3 28.7 30.2 32.8 42.7 43.5 45.2 44.9 44.2 40.2 39 37.6 41.9 45.5 45.4
39.3 41.3 43.4 44.6 45.1 44.8 44.3 44.2 44.2 44.2 45.6 46.8 47.2 47.3 46.6 46.8 47 46.2 44.8 43.3 42.5 41.2 40.9 40 39.2 38.4 36.1 32.1 24.6 4.8 -2.1 3.1 10.3 10.2 7.9 1.8 -2.1 -2.1 -0.7 0.8 2.4 5.9 9.9 14.5 20.6 25.4 28.5 30.1 29.4 26.7 23 19 13.8 12.2 12.2 13.2 12.7 11.9 13.6 16.4 19.7 22.4 23.2 19.3 16 16.7 17.9 16.8 15.3 20.2 22.2 25 26 25.9 27.6 33.2 42.1 44.3 40.7 36.1 36.2 36.1 42.5 39.5 39.6
41.7 42.7 43.5 44.4 45.4 45.9 45.9 46 46.1 46.3 47.3 48.3 49.1 49 48.6 48.4 48.5 47.8 46.8 45.7 44.3 42.9 41.6 40.8 39.3 37.4 35.1 31.3 24.5 9.3 -2.1 0.3 1.7 2.1 0.9 -2.1 -2.1 -0.2 0.9 1.8 4.1 9.8 16.3 19.2 22.1 27.2 31.5 33.4 33.7 32.3 29.4 22.3 16.7 14.9 14.5 16.7 16.2 14.7 16.5 21.3 24.2 27.3 28.9 28.5 25.1 21.6 22.8 24.6 23.6 21.7 21.4 21.6 23 23.7 25.3 25.3 22.7 28 29.9 35.8 32.8 36.3 39.7 39.8 39.9
44.5 45.8 46.3 46.7 47.5 47.8 48 48 48 48.4 49 49.8 50.1 49.4 48.8 48.5 48.8 48.9 48.1 47 45.8 44.4 42.8 41 38.3 35.5 32.1 27.4 20.2 2.7 -2.1 -2 -0.4 0.6 -0.1 -2.1 0.4 2 5.1 10.9 16.4 19.7 21.7 23.8 25.9 30.3 34.4 37 38.5 38.2 35.2 28.2 21.4 18 16.7 17.7 19.3 18.3 18.1 23.5 27.6 30.7 32 32.8 31 27 28.7 29.9 29.3 26.3 23.4 22.5 25.9 27.5 28.4 29.1 29.8 29.9 28.8 36 30.2 32.6 37.3 37.6 40.6
47.6 48.8 48.9 49.3 49.7 50.2 50.6 51 50.9 50.7 51 50.6 50.3 49.7 48.6 48.6 48.6 49.1 48.7 47.4 46 44.7 42.8 41 39.4 37 34.8 31.6 15.6 -2.1 -2.1 -2.1 -2.1 -0.8 -2.1 -2.1 3.3 15.9 16.9 11.4 19.4 22.7 24.8 26.3 28.8 32.5 36.8 40.5 42.1 41.8 38.7 33.7 29.4 24.7 20.7 18.9 21.4 21.5 22 23.4 28.2 32.3 34.7 35.2 34.4 33.2 33.8 33.7 33.6 31.4 27.6 23.3 29 30.4 31.4 32.4 33.3 33.7 33.1 30.6 31.6 31.8 33.3 35.4 38.4
50.5 51.5 52.1 52.5 53.6 54.6 54.1 53.8 53.1 52.2 51.4 50.2 49.7 49.1 47.4 46.4 45.9 45.9 45.9 45.9 45.1 44.3 42.1 41.4 40.2 38.3 35.5 31.7 6.2 -2.1 -2.1 -2.1 -2.1 -2.1 -2.1 5.8 13.4 21.4 22.5 21.8 21.7 25.5 27.2 29.3 32.1 35.8 40.4 43.8 45.5 45 43.1 40.4 36.5 32 26.9 22.8 26 25.8 27.9 28.8 29.6 32.7 36.1 37.8 38.2 37.6 37.9 37.6 36.8 34.6 31.6 27.9 29 32.3 33.5 35 36 36.6 35.8 34.2 33.2 33.2 34.1 37 38.6
52.6 53.9 54.8 55.7 56.3 56.7 56 55.1 53.5 52.3 50.9 50.1 49.9 47.7 45.5 44.4 43.8 43 43.1 43.4 43.5 42.7 41.4 41.2 40.9 39.5 35.9 28.6 2.3 -2.1 -2.1 -2.1 1.9 6.1 12.4 15.6 21 26.2 28 28.3 27.6 28.4 30.5 31.4 35.7 39.5 43 46.2 47.4 48.3 47.1 45.6 42.4 38.1 33.5 29.2 29.2 30.5 33.9 35.1 35.5 36.2 38.9 41 41.2 41.3 41.1 40.3 39.2 37.4 35.5 31.8 29.3 30.8 34.8 37 38.7 38.3 37.5 36.5 38.5 34.6 35.2 37.8 38.7
54.7 55.9 56.8 57.5 58.1 58.5 57.7 55.8 53.9 51.7 49.1 48.1 47.6 46.9 45.5 43.7 41.7 40.5 39.9 40.2 40.6 40.9 39.9 40.8 40.7 39.5 36.5 30 2.4 -2.1 1.4 11.5 15.8 17.6 19.3 20.2 25.4 30 32.5 33.5 33.1 32.1 34.3 33.5 36.1 41.1 45.6 48.2 49.7 50.3 49.8 49.4 46.7 42.5 39.1 35.4 35.1 35 39.1 41 41.7 42.6 43.3 44.2 45 45.5 46 44.5 43 41.8 40.1 36.7 32.8 31.8 34.5 38.2 39.9 39.6 38.7 37.7 39.6 36.2 36.9 38.2 38.8
56.5 57.5 58.6 59.3 59.9 60.1 59 56.8 54.6 52.5 50.2 47.5 45.2 45.5 45 43 40.8 38.6 36.7 37.1 37.5 37.7 38.2 39.9 40.1 39.5 37 32.7 11.7 -2.1 -2.1 13.7 21 22.5 24 25.4 28.8 32.2 35.9 37.8 38.1 39.3 39.8 39.9 40.5 44.6 48.1 50.4 51.9 52.9 52.8 52.7 50.5 47.8 45.3 42 41.3 41.1 43.3 47.1 48.2 49.2 50 50.6 51.1 51.8 52 51.2 50.1 48.3 45.8 42.4 38.1 34.9 35.9 38.2 41.1 41.6 40.6 39.8 42.1 39.4 37.8 38.2 38.7
58.5 59.2 60.8 62 61.9 61.3 60.5 58.2 55.9 53.6 51.5 48.4 45.5 43.6 43.9 42.3 39.6 37.5 35.1 34.1 34.4 34.6 35.6 37.2 37.4 36.4 34.8 30.8 20.3 1.5 -2.1 1.7 21.4 24 26.1 28.3 30.7 34.2 37.3 39.6 41.6 43.1 44.3 45.2 46.2 48.3 50.8 52.6 54.1 55.4 55.8 55.9 54.4 51.9 50.7 47.8 46.7 46.5 48.4 52 54.1 55.4 56.1 56.8 57.4 58.2 57.8 57.3 56.2 54.4 50.9 47.5 42.2 39.8 41.2 42.6 43.4 43.9 43.3 45.6 42.4 42.1 41.2 42.2 43.7
