public/OST50/SM81.asc
ncols 200
nrows 200
xllcorner 180000
yllcorner 210000
cellsize 50
[rows 152 to 189 of 200, columns 85 to 169 of 200]
67.6 66 61.4 52 46.8 58.5 51.9 45 0.9 -1.7 -1.7 -1.7 -1.7 -1.7 -1.7 1.1 8.1 48.8 59.4 56.4 52.8 49.4 25.1 15.1 22.3 43.1 52.5 55.8 55 52.9 53 54.5 53.6 51 53.4 55.3 54.9 54.5 53.7 51.8 51.4 54.1 57 57.7 58.1 57.7 57.3 56.4 55.2 53.4 51.1 49.8 50.9 51.4 53.2 54.3 56.4 58.5 60.4 62.1 63.6 65.5 66 65.2 63.7 61.6 59.6 56.5 52.3 49.3 46.9 45.6 45.3 46.1 48.4 49.7 51.3 52.9 54.8 56.9 59 60.7 62.5 65.3 67.7
75.3 74.3 74.3 73 68 69 72.8 73.7 66.5 54.8 51.1 34.9 22.2 5.5 17.8 15.9 39.9 59 58.1 49.6 33.8 32 19.1 19 29.9 46.9 57.6 58.4 58.7 58.7 59.4 60.4 58.3 55.3 57.3 58.1 57.8 57.4 56.1 53.6 54.3 55.2 56.7 58.1 59.2 59.8 58.7 56.3 54 52.4 50.3 49.3 50.3 51.8 53.3 54.9 56.6 58.2 60.3 62.4 64.2 65.2 65.4 64.6 62.8 60.6 58.6 55.8 53.6 50.9 47.9 44.5 41.5 47.5 50 52 52.4 53.7 55.5 57.8 59.1 61.4 63.3 65.9 68.2
79.4 78.6 77.8 76.8 74.5 75.2 76.7 77.1 73.2 68.2 65.1 63.8 65.5 56.5 53.8 61.2 60.7 59.9 60.8 47.4 24.9 17.1 18.6 25.6 33.1 44.7 51.4 60.6 62.9 63.4 64.2 65.1 63.2 59.7 60.1 60.6 60.3 59 57.8 56.2 55.6 56.1 56.9 58.2 59 59.8 59.3 57.8 55 51.9 48.7 48.4 51.1 51.6 53.2 54.8 56.5 57.9 59.9 61.9 63 63.8 63.9 63.8 62.1 60.8 60 58.4 56.3 53.2 50.7 46.7 42.1 46.6 49.8 51.9 52.4 54.2 56.1 58 59.8 61.5 63.5 65.8 68.1
79.7 79.7 79.9 78.4 77.6 78.3 79.4 80.5 77.6 74.8 73.2 73.7 71.9 69.5 66 62.6 58.8 52.8 52.2 40.2 23.2 18.5 27 32.6 38.8 48.5 54.7 61.9 66 67.1 67.8 66.7 65.1 63.5 63.2 62.4 61.8 60.5 59.2 58.1 57.1 57.1 57.3 58.5 59 59 58.6 57.4 56 53.4 48.2 47.6 50 50.9 52.5 54.4 56.1 57.7 59.5 61.2 62 63.2 64 64.6 64.3 63.3 62.4 60.8 58.9 56.1 53.3 49.3 44.3 43.7 47.5 49.9 52.1 54.4 56.8 59 61.1 62.7 64 65.7 67.2
79 79.1 79.6 79.2 79.6 80.1 81.1 82 83.5 84.4 83.5 80.7 78.1 75.3 71.3 67.3 61.5 56.3 47.9 32.9 23.9 21.1 36.7 43.5 50 52.4 58.8 64.4 68.1 68.9 69.2 68.7 67.5 65.8 65 63.4 62.5 61.9 60.9 59.7 58.5 58.1 57.9 58.3 58.7 58.4 57.8 56.5 54.7 52.5 48.2 47.2 48.7 50.1 51.9 53.7 54.9 56.6 58.8 60.8 62.1 63.7 64.7 65.4 65 65 64.2 63.9 61.8 58.9 55.3 51.3 45.7 42.3 47.5 51 52.9 55 56.1 58.1 60 61.8 63.2 64.9 67.4
77.5 78.1 78.8 79.7 80.2 81.4 82.8 84.7 86.3 87.7 87.3 85.2 82.2 79.7 76.1 72.2 66.6 61.1 56.6 46.8 27.5 23.7 41.3 51.6 54.8 57.4 60.8 66.6 69.6 70.4 70.5 70.5 68.8 67.5 66.5 64.9 63.3 62.7 61.4 60.3 59.2 58.4 58.1 57 56.8 57 56.8 55.5 53.4 51 47.3 46.7 48.3 49.6 52.2 52.9 54.1 56 58.2 60.2 61.6 63.5 64.3 64.9 65.4 65.4 65.3 63.8 61 57 53.3 49.9 43.9 40.7 48.3 51.3 53.2 54.4 55.2 56.2 57.5 60.2 61.7 63.5 65.5
76.4 77.1 78.5 79.4 80.7 81.8 83.6 85.5 87.3 88.6 88.6 87.1 84.9 82.5 79.3 75.4 70.8 65.7 59.7 42.9 36.8 23.6 41.2 55.4 58.1 60.9 64.2 67.3 69.8 71.4 72 72 70.9 69.6 68.1 66.5 64.8 63.5 62.1 60.8 59.9 58.9 58.1 57.9 56 53.8 54 53.5 52.4 49.1 46.3 46.1 46.6 48.1 50.8 52.2 54.1 56 57.8 59.3 60.8 62.9 63.8 64.6 64.8 64.5 63.9 62.3 58.6 53.8 48.3 40.5 40.7 46.7 50.5 51.9 53.5 54.3 54.5 54.3 54.7 56.8 59.3 61.1 62.9
75.8 76.6 77.8 78.9 80.4 81.9 83.7 85.4 86.8 87.5 88.2 87.3 85.8 84.6 80.7 77.4 73.3 66.3 59.3 55.8 50.3 25 45 56 59.2 61.9 64.6 67.4 70.4 72 72.6 73 72.6 71.5 69.1 67.5 66.1 64.8 63.3 62.2 61.4 60.3 59.8 59.8 59.1 56.8 54.7 52.5 50.3 47.8 46 44.2 44.7 47 49.1 51.1 53.1 55.3 57.2 58.8 60.1 61.7 62.4 63.1 63.3 63.2 62.5 61.1 58.2 54.1 46.4 38.3 46.7 50 51.6 52.8 53.8 53.9 53.6 52.2 51.4 52.5 54.7 57.5 59.9
75.3 76.1 77.2 78.4 79.9 81.5 83.4 84.8 85.7 86.4 87 86.3 85 83.1 81.3 77.4 72.3 69.5 65.4 57.7 45.3 25.7 40.3 51.5 58 60.8 64.4 67.4 70.5 71.8 72.9 73 72.2 71.4 70 68.7 68.1 67.2 65.4 64.3 63.2 62.4 61.5 61.5 60.9 59.5 56.9 55 52.6 49.8 46.8 43.6 43.9 45.9 48.7 51 52.6 54.1 55.7 56.9 58.4 60.1 60.7 61 61.3 61.5 60.3 58.8 56.1 52.6 46.5 37.7 46.7 49.4 50.2 50.9 50.5 50.5 49.6 48.4 47.5 48.3 49.7 52.8 56.2
74.7 75.6 76.7 77.9 79.3 80.7 82.1 83.8 84.7 85.1 85.4 84.8 83.7 82.1 79.9 78.6 76.9 72.6 68.4 58.8 37.9 32.6 50.2 49.2 55.6 59.7 62.1 65.8 68.2 70.6 72.8 73.8 72.8 72.2 71.9 72.4 72.9 71.4 69.1 67 65.1 64.2 63.2 62.3 61.7 61 58.9 57.4 55.1 52.3 48.8 44 42.6 44.6 47.1 48.7 50.4 52.4 53.8 55.1 56.8 58.5 59.2 59.3 58.9 58.3 57.4 54.7 51.4 48.1 43 37.3 45.2 46.1 46.7 45.5 46.1 46.1 45.4 44.1 43.9 44.2 45.3 47.5 52.3
74.2 75.1 76.2 77.3 78.6 80.1 81 82 82.2 82.4 82.7 83.2 83.2 82.6 82 81.3 79.6 76.8 73 68.4 43.6 29.9 51 56.5 59 64.3 66.3 69.1 72.4 75.1 76.5 77.1 76.9 77.6 78.7 78.6 77.7 75.6 73 70 68 65.4 64 62.5 61.5 60.7 59.9 58.3 56.7 54 50.1 45 41.5 45.7 48.7 51.2 52.1 53.3 54.3 55.5 56.5 57.5 58 57.8 56.4 54.7 51.3 47.7 44.2 41.2 35.3 35.6 38.6 38.6 38.5 40.3 40.4 40.8 39.4 38.4 39.7 41.8 43 44.1 48.1
73.8 74.8 75.8 76.8 78 79.4 80.3 81.1 81.3 81.5 81.6 81.8 82.4 82.7 82.7 81.7 80.5 78.7 76.2 73.4 48.3 30.9 49.3 62.1 63.8 66.5 70.3 72.5 75.7 78.4 80.5 81.6 82.3 83.3 84 83.6 81.9 79 75.7 72.4 69.4 67 64.8 62.7 60.8 59.7 59 58.2 57.1 55.5 52.5 45.8 39.6 45.1 50.7 53.6 54.5 55.3 55.7 56.8 58.2 59.1 59.4 59 58.1 55.9 52.1 47.5 42.6 35.4 33.2 33.7 33.9 34.7 34.9 35 34.8 35.4 36.7 37 37 37.8 39.6 41.9 45.2
73.5 74.5 75.5 76.4 77.2 78.3 79.3 80.1 80.6 80.6 80.6 80.6 81.2 81.8 81.6 81.3 80.3 78.9 76.8 72.6 48.3 33.2 51.9 65.1 67.5 70.4 72.7 75 78.4 81.4 83.6 84.7 85.5 86 86.2 85.4 83.5 81.1 78.1 73.8 70.5 67.3 64.7 61.9 59.7 58.4 57.2 56.2 55.2 54.2 52.2 48.2 38.6 45.6 52 54.9 55.5 56 56.7 57.7 58.9 60 59.9 59.8 58.8 57 52.6 41.4 32.9 31.8 33.8 34.3 36 37.3 38.5 38.6 38.3 39.5 40.1 39.7 38.9 39 38 38.9 41.9
73.1 74.1 75 75.8 76.6 77.4 78.4 79.4 79.9 79.9 80.2 80.2 80.3 80.8 80 79.7 78.7 77.1 73 55.6 35.2 42.7 65.7 68.2 71.2 72.9 74.9 78.5 80.6 83.5 84.3 85.5 86.8 87.2 87.2 86.1 84.1 82.2 79.5 75.3 70.2 67.2 63.9 60.9 58.5 56.5 55.1 54.4 53.2 51.4 50.2 48.3 39.3 46 51.5 54.9 55.6 56.1 56.6 57.1 57.7 58.8 59 58.5 57.4 57.2 54.1 33.3 32.6 35 38.6 39.6 40.8 42.1 42.7 43 42.9 43.9 44.7 44.6 43.2 41.7 40.1 38.8 39.4
72.8 73.9 74.5 75.4 76.2 76.8 77.7 78.6 79 79.3 79.5 79.8 79.9 79.3 78.4 77.8 76.3 72.8 57.5 41.8 40.4 59.7 70.1 72 74.2 75.7 78.6 81.7 83.3 84.4 85.2 86 86.3 86.6 86.3 85.4 84.2 82 79.2 74.7 70 66 62.1 59.2 56.7 54.6 53.2 52.2 50.2 48.8 46.5 41.6 39.1 46.8 50.5 53.6 55.2 55.8 56.1 55.3 55.2 55.5 56.7 57 53.6 48.3 38.7 29.4 34.9 43.3 47.2 48.7 48.6 47.2 46.1 45.9 47.4 48.8 49.1 48 46.1 43.8 43 41.5 39.4
72.6 73.4 74 74.7 75.7 76.4 77 77.5 77.9 78.4 78.7 78.9 78.7 78.3 77.8 76.3 74.8 71.2 61.8 40.3 53 67.6 71.5 73.5 75.2 77 79 81.8 83.4 84 84.4 84.7 84.9 84.7 84 83 82.2 80.7 78.6 74.7 70 65.8 61.6 58.3 55.1 53.2 51.6 50.3 49 47.4 45.1 38.4 38.3 44.8 49.1 52.1 53.5 53.5 53.4 52 52.5 53.7 55.8 56.6 53.6 34.9 29.1 32 41.6 50.8 53 53 52.8 52.8 51.7 51 52.1 53 52.9 51.2 49.2 46.6 47.1 45.9 42.3
72.2 73.2 72.6 72.6 75.4 75.9 76.6 76.8 77.2 77.7 77.9 77.7 77.3 77 76.6 75.2 72.9 70.7 64.1 41.6 62.6 68.4 70.1 72.1 74.8 76.8 78.7 80.6 81.6 82.3 82.6 82.8 82.6 81.9 81.4 80.8 80.1 79.3 77.3 74 70.2 66.4 62.4 59.2 56.1 52.7 49.8 48.5 47.1 45.4 42.6 36.7 40 44.4 47.8 49.5 50.2 50.1 49 48 48.4 51.9 53.2 52.6 42.6 31.3 31.2 38 47.7 54 55.4 55.7 55.9 56 55.7 55.9 56.6 56.3 55.5 54.3 52.1 49 49.2 48.8 45.9
71.9 72.9 74 74.4 74.8 75.4 76.3 76.1 76.5 76.7 76.7 75.4 75.4 75.3 74.7 73.3 71 68.2 61.7 43.6 62.2 65.9 68.1 70.5 72.8 75.2 77.2 79 79.8 80.4 80.4 80.8 80.6 79.9 79 77.9 77.4 76.9 75.7 72.3 70.1 67 63.1 60.1 57.2 54.8 51.4 48.5 44.7 43.3 40.5 35.3 37.9 41.4 43.6 45.5 45.8 46 45.1 44.4 44.6 47.5 48.3 39.1 31.6 29.3 35.4 43 51.2 55.3 56.9 57.2 57.7 57.6 57.9 58.4 59 58.2 57.5 55.9 53.2 49.8 51.1 49.5 51.9
71.5 72.5 73.2 73.9 74.5 75 75.9 75.4 75.5 76 76.8 74.3 74.6 72.8 72.1 70.6 68.5 65.6 63 53.2 57.2 63.2 65.5 68 70.6 73.1 75.6 77.3 78.3 78.5 78.8 79.2 78.9 78.2 76.9 75 73.7 74.7 73.7 70.7 68.6 66.2 63.3 61 58.6 56.3 53.6 50.7 47 43.9 40.6 37.3 33.4 36.9 38.6 41 42.1 41.6 41.2 40.3 39.7 40.3 41.1 34.4 27.7 31.9 39.4 47.8 53.2 56.1 57.8 58.2 58.1 57.4 58.4 59.1 59.8 59 57.8 56.1 53.7 52.5 53.3 52.4 55.1
71 72.1 72.9 73.6 74.2 74.7 74.7 74.9 75 74.9 74.5 74.2 73.2 72.5 70.2 68.3 65.3 63.1 62.5 56.6 52.1 58.6 61.5 64.5 67.4 70.2 73.5 75.6 77 77.4 77.9 78.1 78.3 76.9 75.1 74.3 72.9 72.8 71.9 68.6 65.2 63.2 61 58.9 58.3 58.3 56.1 52.7 49 45.2 41.8 38.4 33.6 33.4 34.6 36.5 37.2 36.8 36.2 35.4 36 36 33.6 27.4 29.8 35.5 43.4 49.7 53.4 55.5 56.3 56.1 56 57 58.2 58.9 60.1 59.4 59 57.6 56 55.3 55.8 55.6 57.3
70.5 71.6 72.6 73.3 73.8 74.2 74.2 74.4 74.1 74 74 73.7 73.2 71.8 69.2 66.8 64.5 60.9 57.7 57.4 57 59.6 60.5 61.1 61.7 66.8 70.8 73.7 76.5 77.3 77.7 77.5 77.4 77.3 76.5 75 74.1 72.2 68 68.2 67.1 66.1 63.3 59.5 55.7 57.5 57.4 54.7 50.3 45.9 41.3 38.2 34 32 32.5 33 33.7 33.3 33.4 34.7 35 34.5 29.9 28.1 31.4 37.8 45.5 48.9 51.7 53.3 53.9 54.2 53.1 55.5 57.9 59 60.2 60.1 60.1 60.3 59.8 59.2 59.6 59.6 59.6
70.5 71.2 72.5 72.6 72.5 73.1 73.2 73.3 73.3 73.4 73.5 73 72.4 70.9 69 67.1 64.1 62.7 62.4 61.1 59.7 62.7 64.3 65.1 64.9 63 67.9 72.2 75.5 76.9 77.5 78 77.7 77.2 76.9 75.7 74.7 73.5 71.7 71.3 70.6 70.2 68.1 64.1 58.7 53.7 47.8 51.8 48.6 43.8 38.7 37.5 35.5 32.7 28.9 30.6 31.4 34.3 36 38.1 38.4 36.2 30.4 28.3 34.3 39.8 44.3 47.7 49.2 50.4 50.3 49.4 53.3 55.9 57.6 59 60.1 61.1 61.7 61.7 61.5 61.6 61.8 62 62.1
69.9 70.6 70.9 71.5 71.5 71.5 72 72.9 73.2 73.3 73.4 73 72.3 71.6 71.2 69.8 67.2 64.7 63.1 59.7 59.7 61.6 65.6 67 68.2 67.3 65.2 71 74.9 77.1 77.7 77.8 77.7 77.3 76.8 76.3 75.3 74.2 72.5 71.3 70.5 69.9 67.3 65.2 61.8 55.6 49.4 50.5 46.4 45.3 43.6 45.6 47 47.4 35.5 28.5 31 34.3 39.3 42.7 43.4 40.4 34.4 26.9 32.9 38.7 43.7 46 46.7 47.3 45.3 50.3 52 54.1 55.9 58.2 60.1 61.3 62.4 62.8 63.4 63.6 63.8 63.9 64
68.9 69.1 69.2 69.7 70.2 70.2 71.2 72.1 72.8 73.3 73.3 73.4 73.3 72.5 71.6 71.8 69 66.7 65.7 64.1 63.1 62 64.2 67.7 69.4 69.7 68.5 67.8 73.6 75.8 77.2 77.2 77.2 77.3 77.4 76.4 75 73.4 72.7 71.3 69.2 66.3 64.3 60.1 59.6 58.2 57.4 56.3 52.3 56.2 61.5 60.9 58.1 56 50.2 34.7 29.6 34.6 41.2 45.1 47 45.7 37.1 27.1 31.3 38.5 42.2 42.9 42 39.9 43.1 45.4 48.9 52.8 55.6 57.7 59.7 61.6 63.4 64.1 64.8 65.7 66.1 66 66.1
67.5 67.7 67.5 67.9 68.6 69.6 70.5 71.4 72.8 73.3 73.8 73.9 74.1 74.1 73.2 72.3 71.2 69.3 68.1 67.1 66.6 66.2 64.7 66.2 69.5 71.1 72.1 71.5 70.3 73.7 76.2 77.3 77.8 78 78.2 76.6 75 73.6 72.6 71 68.9 65.9 65.9 65.5 64.8 62.4 59.6 57.1 57.3 61.4 64.3 62.8 47.3 45.6 55.7 47.8 28.1 33 40.3 45.7 48.6 49.2 37.9 24.9 29.1 34.9 37.2 34.5 41.2 45.1 46.9 49 51 53.5 55.9 58.1 60.2 62.1 63.8 65.4 66.2 67.1 68 68.7 68.9
66 65.3 66.2 67.3 68.2 69.2 70.6 72.1 73 73.5 74.1 74.3 74.6 74.6 74.3 73.8 73.2 71.5 70.4 69.2 69 69.5 67.8 68.3 69.6 72.1 73.6 73.1 71.1 72.6 75 76.9 77.6 78.5 78.8 77.3 75.8 74.8 73.2 71.3 69.2 69.9 69.5 68.5 67.8 65.3 63.3 62.7 63.5 64.8 65.3 52.3 30.3 29 30.6 51.8 33.9 30.6 41.7 50 51.8 48.5 32.1 24.9 27.7 29.3 30.6 38.4 42.5 45.6 47.1 49.6 51.9 54.2 56.5 58.7 60.8 62.8 64.5 66.2 67.4 68.2 69.1 70.1 71.2
62.9 64.2 65.5 66.7 67.9 69 70.6 72.2 73.8 74.2 74.6 75 75.1 75.4 75.3 74.9 74.7 73.8 72.7 72.6 72.4 72.3 71.6 71.3 70.2 72.7 74.1 74.8 73.9 73.1 73.4 75.4 77.1 78.2 78.9 78.5 77.6 76.5 74.6 72.5 72.1 72.5 72.9 71.8 70.4 68.3 66.5 65.2 64.5 64.5 64.9 47.9 34.5 28 27.6 47.2 40.7 25.8 39 49.4 54 43 24.9 24.9 28.4 32.9 34.8 35.6 36.5 40.7 46.4 49.3 52.3 54.2 57.7 60.3 62.2 63.9 65.7 67.4 68.4 69.3 70.2 71.3 72.3
63.6 65.4 66.3 66.9 68.6 69.9 69.7 72.3 74.3 75 75.4 75.5 75.8 76.2 76.4 76.2 76.1 75.6 75.1 74.8 74.6 74.3 73.5 73 72.3 73 74.6 75.7 75 74.5 74 74 75.9 77.5 78.3 78.5 78.2 77.2 75.9 74.4 74.1 74.3 73.3 72.4 70.7 68.4 66.9 65.1 63.9 62.6 62.6 47.8 46.4 28.2 28.3 32.6 51.5 37.2 25.6 37.7 49.1 45.4 24.9 24.9 28.8 39 42.6 41.5 41.5 43.4 47.3 42.9 53 55.6 59.3 61.4 63.5 65.1 66.8 68.1 68.9 70.4 71.4 72.4 73.4
64.5 66 67.4 68.7 70.4 71.7 71.9 72.5 73.8 75.4 76.2 76.3 76.5 77.1 77.3 77.4 77.3 77.5 77.3 77.1 76.9 76.2 74.9 74.3 73.8 73.6 75.1 76.6 76.4 75.9 75.3 75.1 75.5 76.7 77.8 78.3 78.7 78 77 76.5 75.7 75.2 74.5 73.3 70.7 68.1 66 63.7 61.8 60.3 58.7 57.5 58.1 57.8 50.4 34 30.3 25.2 31.2 24.4 43.3 46 29.8 24.9 30.2 42.2 48 47.4 48.1 48 51.6 52.8 54.9 57.1 59.3 61.7 63.6 65.5 66.7 67.5 68.4 69.6 70.9 72.5 74
64.6 66.2 67.8 69.5 71.7 72.7 73.4 73.6 73.9 75.5 77.1 77.2 77.8 78.1 78.5 78.6 78.8 79.2 78.9 78.4 78.4 77.5 77.5 77 76.3 75.8 76.1 77.9 78 77.3 76.8 76.7 76.8 77 78 78.7 79.3 79.5 78.7 78.2 77.9 77.2 76 74.2 71.5 68.8 65.7 62.8 60.2 57.4 55.6 52.4 49.4 51.5 55.3 55.9 26.4 25 31.8 22.2 31.5 32.3 24.9 24.1 33.7 47.8 50.9 51.3 51.3 50.7 52.8 54.1 55.3 56.7 58.7 60.6 62.4 64 65.1 66 67.1 68.5 69.9 71.6 73.6
64.8 66.6 68.3 70.1 71.7 73.4 74.8 75.7 75.5 76.1 77.9 78.9 79.9 79.8 80.7 80 80.4 80.5 80 79.6 79.4 79.4 79.2 78.7 78.4 78.4 77.9 79.2 79.3 78.9 78.3 78.3 78.4 78.5 78.7 79.2 79.7 79.5 79.3 79.7 79.7 78.8 77.9 75.3 73 70.6 68.3 65.5 62.4 59.9 58.1 55.3 53.5 50.2 42.7 45.6 28.8 24.7 24.7 24 22.1 22.3 24 28.9 38.9 48.6 51 52.3 52.4 52.7 53.2 53.9 55 56.3 58 59.5 60.9 61.3 63 64.5 65.7 67 68.4 70.7 72.9
65.7 67.1 68.8 70.5 71.8 73.3 74.6 76.3 77.3 78.3 79.2 80.2 81.1 81.6 81.8 81.6 81.4 81.2 81.1 80.9 81.1 81.3 80.6 80.3 80 79.9 79.8 80.3 80.3 80.4 80 79.9 80 80.1 79.7 79.5 79.8 79.5 79.6 80 80.5 80.2 79.2 77.7 75.7 73.9 71 68.1 65.5 62.8 60.5 58 55.6 53.2 49.5 45 39.3 35.5 27.1 21.5 20.7 24.1 28 35.1 43.3 47.5 49.5 51.3 51.7 51.9 52.6 53.6 54.7 56 56.9 57.9 58 59.6 61 61.6 62.9 64.5 66.8 68.9 70.7
66.2 67.7 69.3 70.6 71.8 73.1 74.5 76.5 77.8 79 79.8 80.6 81.5 81.9 82.6 81.7 81.6 82.1 82 81.2 81.7 82.2 82.1 81.6 81.5 81.4 81.3 81.3 81.3 81.3 81.4 81.3 81.1 80.8 80.8 80.2 79.6 79.4 79.4 79.6 80.7 80.6 80.2 78.9 77.2 75.1 72.8 70.1 67.5 64.9 62.1 59.5 56.3 52.9 49.8 46.5 43.4 38.8 24.2 18.3 22.1 26.4 33.8 39.6 42.6 44.5 47.9 49.2 50 50.8 51.5 52.2 53.1 54.1 55 55.7 55.8 56.7 58.3 59.2 60.6 61.7 63.5 66.2 67.6
66.2 67.8 69 70.1 71.4 72.4 74.5 76.5 78.2 79.2 79.9 81.1 82.1 82.1 82.4 81.3 81.4 81.6 81.5 81.2 81.6 82.1 83 82.7 82.1 82.1 82.1 82 81.9 82 82 81.8 81.4 81.1 81 79.9 79.3 79.1 78.9 79.3 80.2 80.7 80.3 79.1 77.8 76 73.6 71.7 68.9 65.9 62.4 59.6 56.4 52.8 48.5 44 40.3 36.1 23.5 19.6 23.3 31.1 34.7 36.9 39.5 42 44.6 46.8 47.9 49 49.9 50.7 51.5 52.2 53 53.6 53.9 54.4 54.9 55.9 57.7 59.9 61.5 62.7 65.9
65.7 67.5 68.6 69.5 70.7 71.9 74.5 76 77.6 78.2 79.1 80.4 81 81.1 80.9 80.2 80 80.3 80.5 80.1 80.3 81.2 81.9 82.2 82.4 82.1 81.9 81.7 81.8 82.3 82.3 82.1 81.8 81.4 80.8 79.7 79.1 78.7 78.5 78.9 79.7 80.3 79.6 78.7 77.2 75.7 73.6 71.7 69.3 66.5 62.4 58.1 54.5 51 46.5 40.7 33.6 28.5 23.1 19.5 22.9 29 31.1 31.9 35.1 39.5 42.7 45 46.3 47.3 47.9 48.7 49.5 50.3 51 51.6 52.1 52.4 52.1 54.2 55.9 57.4 59.3 60.4 61.8
66.4 67.6 68.2 69 69.5 71.4 73.5 75.1 76.3 76.8 78 78.6 79.1 79.2 78.9 78.3 78.1 77.9 77.6 77.8 78.2 79.2 80.1 80.9 81.3 81.7 81.5 81.3 81.5 81.6 81.8 81.6 81.5 81.4 80.6 79.6 79 78.4 77.9 77.8 78.4 78.6 78.6 77.8 76.6 75.2 73.5 72 69.8 66.9 62.7 58.3 53.2 47.2 40.1 35.9 31.9 33.1 31.4 20 18.9 23.1 28 34.1 37.8 40.6 43.1 44.6 44.9 45.4 45.6 46.5 46.5 47.4 48.2 49.4 50.4 50.2 50.6 52.4 54 55 56.7 57.8 59.5
66.4 67.5 68 68.2 68.9 70.5 72.4 74.1 75 75.5 76.1 76.8 77.4 77.3 76.8 76.2 75.3 75 74.6 74.8 75.9 77.1 78.1 78.7 79.3 80 80.5 79.5 80.2 80.6 80.8 80.6 80.3 80.1 79.6 79.5 79.4 78.7 78 77.4 77.1 76.9 76.9 76.7 75.7 75.3 73.9 72.2 70.1 67.2 63.5 58.8 53.6 48.5 42.9 40.9 39.2 38 37.2 28 20 23.1 30.9 36.2 38.8 41.2 43 44.1 44.3 44.1 43.9 43.3 43.5 44.2 45.9 47.3 48.6 47.5 49 50.6 52.2 52.5 53.8 55.2 56.5
65.9 66.7 67.1 67.3 68.1 69.9 72.1 74.1 75.3 75.4 75.3 75.4 75.6 75.3 74.8 74.1 73 72.7 72.6 72.4 73.3 74.5 75.7 76.3 77 77.5 77.7 77.2 78.3 78.8 79 78.5 78.6 78.5 78.4 79 79.5 79 78.3 77.7 77 75.9 75.3 75.6 75.8 75.3 74.6 73.3 71 68.1 65 60.5 55.6 51 46.1 44.1 41.8 39.5 39 36.3 19.3 20.4 31.1 35.9 38.7 41.5 43.5 45 44.6 43.4 42.9 41.8 40.7 41.3 43.7 45.7 46.7 45.5 47.5 49.5 50.4 50 49.3 51.9 52.6
