public/OST50/SM81.asc
ncols 200
nrows 200
xllcorner 180000
yllcorner 210000
cellsize 50
[rows 38 to 75 of 200, columns 85 to 169 of 200]
-1.7 -1.7 -1.7 -1.7 -1.7 -1.7 -1.7 -1.7 -1.7 -1.7 -1.7 -1.7 -1.7 -1.7 -1.7 -1.7 -1.7 -1.7 -1.7 -1.7 -1.7 -1.7 -1.7 -1.7 -1.7 -1.7 -1.7 -1.7 -1.7 -1.7 34.2 40.9 45.6 46.1 46.9 47.6 48.1 49.9 51 52.5 54.4 56.4 58.4 60.3 61.2 62.1 63 63.1 63.3 63.3 63.5 63.6 62.4 63.2 62.7 62.6 61.5 61.9 66.5 69.3 72 75 77.9 79.2 81 82.7 84.5 86.4 88.3 89.6 90.9 92.1 93.2 93.8 93.9 94 94.2 92.8 92.3 90.7 89 88.8 88.2 86.9 85.2
-1.7 -1.7 -1.7 -1.7 -1.7 -1.7 -1.7 -1.7 -1.7 -1.7 -1.7 -1.7 -1.7 -1.7 -1.7 -1.7 -1.7 -1.7 -1.7 -1.7 -1.7 -1.7 -1.7 -1.7 -1.7 -1.7 -1.7 -1.7 -1.7 -1.7 11.8 31.6 22.1 36.8 42.6 45.7 48.8 50.5 51.8 53.5 55.6 57.3 59.1 60.7 61.9 62.9 64 65 65.2 65.4 66.3 66.4 66.5 67 66.7 67.3 64.5 64.8 66.3 68.7 71.2 72.9 76.2 78.1 79.9 81.6 83.5 85.5 87.5 88.9 90.1 91.2 91.7 92.1 92.2 91.8 90.6 89.3 88.3 87.8 87.1 86.3 85.5 84.2 83
-1.7 -1.7 -1.7 -1.7 -1.7 -1.7 -1.7 -1.7 -1.7 -1.7 -1.7 -1.7 -1.7 -1.7 -1.7 -1.7 -1.7 -1.7 -1.7 -1.7 -1.7 -1.7 -1.7 -1.7 -1.7 -1.7 -1.7 -1.7 -1.7 -1.7 -1.7 1.2 3.2 25.2 41.6 47.2 50 52.3 53.3 54.2 56.3 58.4 60 61.3 62.7 63.9 65 66.2 67.1 67.5 67.9 68.2 68.6 68.5 67.7 68.1 69.2 69.2 67.7 70.1 72.9 74.8 76.2 78 79.9 81.8 83.5 85 86.6 88.2 89.3 90.3 90.2 90.2 90 89.3 88.7 87.9 87 85 83.8 82.9 82.1 81.9 80.5
-1.7 -1.7 -1.7 -1.7 -1.7 -1.7 -1.7 -1.7 -1.7 -1.7 -1.7 -1.7 -1.7 -1.7 -1.7 -1.7 -1.7 -1.7 -1.7 -1.7 -1.7 -1.7 -1.7 -1.7 -1.7 -1.7 -1.7 -1.7 -1.7 -1.7 -1.7 -1.7 0.9 3.1 29.3 48.2 50.8 53 54 55.2 57.2 59.2 60.5 61.9 63.4 64.9 66.1 67.3 68.4 68.8 69.2 69.6 69.7 69.8 70.8 71 71.8 71.8 71.2 72.6 73.8 76 77.2 78.7 80.5 82 83.6 85.4 86.8 87.7 88.9 89.2 89.6 89.1 88.8 88.2 87.6 86.8 85.5 83 81 79.3 77.7 78.9 78.1
-1.7 -1.7 -1.7 -1.7 -1.7 -1.7 -1.7 -1.7 -1.7 -1.7 -1.7 -1.7 -1.7 -1.7 -1.7 -1.7 -1.7 -1.7 -1.7 -1.7 -1.7 -1.7 -1.7 -1.7 -1.7 -1.7 -1.7 -1.7 -1.7 -1.7 -1.7 -1.7 0.8 1.9 44.1 48.1 50.8 53.2 55 56.3 58 59.6 61 62.4 63.9 65.4 67.1 68.5 69.4 69.9 70.3 70.5 70.4 71.3 72.2 72.9 73.6 74.2 74.1 74.2 75.9 77.3 78.3 79.3 80.9 82.2 83.9 85.7 87.2 88.4 88.8 88.8 89.1 88.7 88 87.3 86.5 85.7 84.5 82 79.8 78 76.1 74.4 75.1
-1.7 -1.7 -1.7 -1.7 -1.7 -1.7 -1.7 -1.7 -1.7 -1.7 -1.7 -1.7 -1.7 -1.7 -1.7 -1.7 -1.7 -1.7 -1.7 -1.7 -1.7 -1.7 -1.7 -1.7 -1.7 -1.7 -1.7 -1.7 -1.7 -1.7 -1.7 -1.7 0.9 1.9 41.2 47 50 52.6 54.7 56.9 58.3 59.5 61.1 62.4 63.8 66 67.7 69.1 70.1 70.6 70.4 70.5 71.2 71.7 72.5 73.4 74.5 75.7 75.2 76.1 77.1 77.9 79.8 80 81.3 82.7 84.7 87.1 88.5 89.4 89.3 89.2 89.1 88.6 87.5 86.9 86.1 84.7 83.9 82.5 81 79.4 79.6 77.9 76.5
-1.7 -1.7 -1.7 -1.7 -1.7 -1.7 -1.7 -1.7 -1.7 -1.7 -1.7 -1.7 -1.7 -1.7 -1.7 -1.7 -1.7 -1.7 -1.7 -1.7 -1.7 -1.7 -1.7 -1.7 -1.7 -1.7 -1.7 -1.7 -1.7 -1.7 -1.7 -1.7 0.8 1.9 25.4 46.2 49.6 52.5 54.7 57 58.3 59.2 60.5 61.8 63.2 65.5 67.7 69.6 70.4 70.4 70.3 70.5 71.3 72 72.8 73.7 74.5 75.2 75.8 75.8 77.4 78.5 79.8 80.5 81.8 83.4 85.8 88 89.7 90.5 90.2 90.1 89.6 89.2 88.2 87.1 86 84.9 84.1 83.1 82 80.9 80 78.6 77.2
-1.7 -1.7 -1.7 -1.7 -1.7 -1.7 -1.7 -1.7 -1.7 -1.7 -1.7 -1.7 -1.7 -1.7 -1.7 -1.7 -1.7 -1.7 -1.7 -1.7 -1.7 -1.7 -1.7 -1.7 -1.7 -1.7 -1.7 -1.7 -1.7 -1.7 -1.7 -1.7 0.1 1.9 11.5 46.9 50.2 53 55 56.5 58.6 59.8 60.3 61.2 62.6 64.9 66.8 68.8 69.2 68.5 68 68.1 70 69.7 71.7 72.2 73.1 71.9 74.3 76.3 77.9 79.5 80.2 81.4 82.8 84.7 87.1 89.1 90.7 91.3 91.2 90.8 90.2 89.6 88.9 87.9 86.6 85.1 84 83.2 82.1 81.8 80.4 78.9 77.5
-1.7 -1.7 -1.7 -1.7 -1.7 -1.7 -1.7 -1.7 -1.7 -1.7 -1.7 -1.7 -1.7 -1.7 -1.7 -1.7 -1.7 -1.7 -1.7 -1.7 -1.7 -1.7 -1.7 -1.7 -1.7 -1.7 -1.7 -1.7 -1.7 -1.7 -1.7 -1.7 -0.3 1.9 9.5 48 50.7 52.9 54.9 56.2 58.7 59.6 60.5 61.2 62 63.7 65.7 66.9 66.7 64.6 62 64.6 66 66.2 67.3 67.2 70.8 72.3 74.9 77.4 79.5 80.9 82 83.2 84 85.9 88.1 89.9 91.4 91.9 92.1 91.8 91.1 90.5 90.4 90.1 88 86.1 84.3 83.5 82.1 81.9 80.6 79.2 77.8
-1.7 -1.7 -1.7 -1.7 -1.7 -1.7 -1.7 -1.7 -1.7 -1.7 -1.7 -1.7 -1.7 -1.7 -1.7 -1.7 -1.7 -1.7 -1.7 -1.7 -1.7 -1.7 -1.7 -1.7 -1.7 -1.7 -1.7 -1.7 -1.7 -1.7 -1.7 -1.7 -1.7 1.8 41.9 48.5 49.9 52.5 54.6 56.8 57.9 58.9 60 60.3 60.3 62.1 64.2 62.7 61.2 59.5 54.4 58.6 59.5 60.2 61.8 68 71.2 73.1 76.5 78.9 80.8 82.2 83.2 84.6 85.8 87.2 88.2 90.7 92.6 93.8 93.3 93.1 92.3 91.8 92.3 91.9 89.9 87 85.2 83.7 82.5 81.9 80.8 79.4 77.6
-1.7 -1.7 -1.7 -1.7 -1.7 -1.7 -1.7 -1.7 -1.7 -1.7 -1.7 -1.7 -1.7 -1.7 -1.7 -1.7 -1.7 -1.7 -1.7 -1.7 -1.7 -1.7 -1.7 -1.7 -1.7 -1.7 -1.7 -1.7 -1.7 -1.7 -1.7 -1.7 -1.7 1.2 2.3 25.4 49 51.8 54.2 55.8 57 58 58.4 58.5 58.3 57.4 53.7 51.5 48.3 48.2 50 52.7 52.6 56.3 60.3 65.9 68.9 73.6 78.1 80.1 82 83.5 84.4 85.7 86.9 88 89.6 91.6 94.4 96.6 97.1 95.9 94.2 94.1 94.8 93.6 91.2 87.5 85.7 84 83 82.2 81 79.6 77.9
-1.7 -1.7 -1.7 -1.7 -1.7 -1.7 -1.7 -1.7 -1.7 -1.7 -1.7 -1.7 -1.7 -1.7 -1.7 -1.7 -1.7 -1.7 -1.7 -1.7 -1.7 -1.7 -1.7 -1.7 -1.7 -1.7 -1.7 -1.7 -1.7 -1.7 -1.7 -1.7 -1.7 0.6 1.8 2 47 50.8 53.4 54.6 55.1 55 55 52.6 48.9 46.5 45 45.1 46.8 50.2 57.5 61.3 63.7 67.4 70.3 72.6 73.9 74.6 78.8 81.7 83.4 84.8 85.7 86.8 88.1 89.5 91.2 94 96.8 98.2 98.2 98.3 97.1 95.5 96 94.6 90.5 87.4 85.3 84.1 83.3 82.5 81.1 79.8 78.2
-1.7 -1.7 -1.7 -1.7 -1.7 -1.7 -1.7 -1.7 -1.7 -1.7 -1.7 -1.7 -1.7 -1.7 -1.7 -1.7 -1.7 -1.7 -1.7 -1.7 -1.7 -1.7 -1.7 -1.7 -1.7 -1.7 -1.7 -1.7 -1.7 -1.7 -1.7 -1.7 -1.7 -0.1 1 40.5 47.6 50.7 52.2 51.6 51.1 50.6 47.5 43.9 42.3 42.4 41.8 45.1 50.4 56 59.5 63.7 68.2 71.3 74.3 77.2 79.7 81.5 78.6 82.9 86.1 88.3 89.7 89.7 90.5 91.4 93.4 96.3 98.1 99.1 99.2 98.7 97.3 96.8 96.3 92.6 89.4 86.9 85.1 84.3 83.5 82.5 81 79.8 78.4
-1.7 -1.7 -1.7 -1.7 -1.7 -1.7 -1.7 -1.7 -1.7 -1.7 -1.7 -1.7 -1.7 -1.7 -1.7 -1.7 -1.7 -1.7 -1.7 -1.7 -1.7 -1.7 -1.7 -1.7 -1.7 -1.7 -1.7 -1.7 -1.7 -1.7 -1.7 -1.7 -1.7 -0.4 1.1 12.3 48.7 50.1 49.6 47.2 44.9 43.1 41.5 38.9 36.2 39 40.5 44.4 47.8 54.6 60.2 65.6 70.3 74.4 78.5 81.1 83.6 85.7 87 83.3 86.7 89.4 91.2 92.3 94.3 95.7 97.2 98 98.8 100 99.6 99.4 97.7 96.2 93.5 91.1 89.4 87.3 86 84.5 83.2 82 79.6 80.2 79
-1.7 -1.7 -1.7 -1.7 -1.7 -1.7 -1.7 -1.7 -1.7 -1.7 -1.7 -1.7 -1.7 -1.7 -1.7 -1.7 -1.7 -1.7 -1.7 -1.7 -1.7 -1.7 -1.7 -1.7 -1.7 -1.7 -1.7 -1.7 -1.7 -1.7 -1.7 -1.7 -1.7 -0.6 0.8 2.1 18.7 44.6 40.9 38.4 37.8 37.4 34.8 34.1 39.1 41.9 42.9 44.3 45.6 50.1 56.6 64.9 72.1 76.1 80.2 83 85.7 88.3 89 88.7 87 87.9 90.4 93.1 95.2 96.9 97.9 98.9 99.7 100 100 99.4 98.3 96.1 93.5 91 89.3 87.6 85.8 84.5 83.1 82.1 81.3 80.6 79.8
-1.7 -1.7 -1.7 -1.7 -1.7 -1.7 -1.7 -1.7 -1.7 -1.7 -1.7 -1.7 -1.7 -1.7 -1.7 -1.7 -1.7 -1.7 -1.7 -1.7 -1.7 -1.7 -1.7 -1.7 -1.7 -1.7 -1.7 -1.7 -1.7 -1.7 -1.7 -1.7 -1.7 -0.9 0.2 1.2 11.4 23.3 32 32.6 32.3 30.5 28.2 36.9 40.7 43.5 45.7 47 47.6 46.7 51.4 60.8 67.5 72.8 76.1 78 82.1 87 89.4 89.9 90.3 89.7 91 94.1 95.7 97.5 98.8 99.7 100.5 100.9 100.8 100 99.3 97.6 94.8 91.7 89.4 87.8 86.6 85.6 84.5 83.1 82.2 81.4 80.8
-1.7 -1.7 -1.7 -1.7 -1.7 -1.7 -1.7 -1.7 -1.7 -1.7 -1.7 -1.7 -1.7 -1.7 -1.7 -1.7 -1.7 -1.7 -1.7 -1.7 -1.7 -1.7 -1.7 -1.7 -1.7 -1.7 -1.7 -1.7 -1.7 -1.7 -1.7 -1.7 -1.7 -1.1 -0.1 0.9 1.2 1.9 26.8 27.8 24.2 21.9 35.9 40.7 43.8 46.5 49.3 55.4 58.9 58.1 52.7 53.1 55.2 59.3 65 68.9 74.6 82.2 87.9 89.4 90.8 91.8 92.5 94.3 96.1 98 99.9 100.8 101.6 101.9 102.1 101.1 99.8 97.5 95 91.4 88.4 88.9 87.8 86.4 85.3 84 83.1 82.3 81.9
-1.7 -1.7 -1.7 -1.7 -1.7 -1.7 -1.7 -1.7 -1.7 -1.7 -1.7 -1.7 -1.7 -1.7 -1.7 -1.7 -1.7 -1.7 -1.7 -1.7 -1.7 -1.7 -1.7 -1.7 -1.7 -1.7 -1.7 -1.7 -1.7 -1.7 -1.7 -1.7 -1.7 -1.7 -0.4 -0.2 -0.2 0.6 13.2 10.9 28.1 32.1 40.5 47.2 50 53 56.8 62.8 67.4 69.3 70.2 68.8 62.5 63.3 66.9 67.5 68.7 74.7 82.6 87.2 89.8 92.5 93.9 95.5 97.1 99 100.8 102.3 103.6 103.7 103.2 101.3 99.5 96.7 93.9 92.2 90.8 89.9 89 87.5 86.1 84.9 83.9 83.4 83.1
-1.7 -1.7 -1.7 -1.7 -1.7 -1.7 -1.7 -1.7 -1.7 -1.7 -1.7 -1.7 -1.7 -1.7 -1.7 -1.7 -1.7 -1.7 -1.7 -1.7 -1.7 -1.7 -1.7 -1.7 -1.7 -1.7 -1.7 -1.7 -1.7 -1.7 -1.7 -1.7 -1.7 -1.7 -1.7 -1.7 -1.6 -1.6 3.7 13.3 29.1 35.5 43.7 49.8 53.8 57.5 61.5 65.6 69.5 72 74.1 75.8 76 76.5 79.4 80.9 81.2 77.9 80.6 85.1 88.9 92.5 94.4 96.1 98 100.3 102.8 104.3 105.3 105.3 104.4 102.5 100.1 97.8 96 93.4 92 90.9 90.1 88.6 86.9 85.4 84.6 84 83.6
-1.7 -1.7 -1.7 -1.7 -1.7 -1.7 -1.7 -1.7 -1.7 -1.7 -1.7 -1.7 -1.7 -1.7 -1.7 -1.7 -1.7 -1.7 -1.7 -1.7 -1.7 -1.7 -1.7 -1.7 -1.7 -1.7 -1.7 -1.7 -1.7 -1.7 -1.7 -1.7 -1.7 -1.7 -1.7 -1.2 0.1 1.3 21.4 23.1 22.7 33.4 41.8 48.2 54 59.1 63.4 69.6 72.9 74.9 76 78.1 79.1 80.7 82.4 83.7 84.3 83.9 82.1 85.1 89.9 92.7 94.9 96.6 99.2 101.8 104.1 106 106.4 106 105 102.9 100.9 98.9 97.5 95.5 93.8 92.1 91 89.2 87.5 85.9 84.5 83.9 83.8
-1.7 -1.7 -1.7 -1.7 -1.7 -1.7 -1.7 -1.7 -1.7 -1.7 -1.7 -1.7 -1.7 -1.7 -1.7 -1.7 -1.7 -1.7 -1.7 -1.7 -1.7 -1.7 -1.7 -1.7 -1.7 -1.7 -1.7 -1.7 -1.7 -1.7 -1.7 -1.7 -1.7 -1.7 -1.1 -0.3 0.4 1.2 1.9 38.1 30.3 29.8 33.8 43.4 49.6 55.7 64.4 70.2 74 75.1 76.7 79 80.9 82.8 84.5 85.3 85.8 86 86.8 87.8 90.6 92.9 95.2 97.5 99.9 102.3 104.6 106.2 107 106.3 105.2 102.9 101.1 99.4 97.9 96.2 94.8 93.5 91.7 89.7 88.1 86.3 84.4 82.9 83.1
-1.7 -1.7 -1.7 -1.7 -1.7 -1.7 -1.7 -1.7 -1.7 -1.7 -1.7 -1.7 -1.7 -1.7 -1.7 -1.7 -1.7 -1.7 -1.7 -1.7 -1.7 -1.7 -1.7 -1.7 -1.7 -1.7 -1.7 -1.7 -1.7 -1.7 -1.7 -1.7 -1.7 -1.7 -1.2 -0.4 0.4 1.2 1.9 43.7 45.3 42.4 40.8 40.4 44.5 49.6 58.3 65.9 70 72.4 74.6 77.9 80.5 83.9 85.6 86.2 86.6 86.9 88.5 89.6 91 93.2 95.5 97.9 100.3 102.7 105.1 106.5 107.3 106.9 104.8 102.1 100.2 99 97.8 96.6 95.2 93.9 91.8 88.2 87.7 86 84 80.6 80.1
-1.7 -1.7 -1.7 -1.7 -1.7 -1.7 -1.7 -1.7 -1.7 -1.7 -1.7 -1.7 -1.7 -1.7 -1.7 -1.7 -1.7 -1.7 -1.7 -1.7 -1.7 -1.7 -1.7 -1.7 -1.7 -1.7 -1.7 -1.7 -1.7 -1.7 -1.7 -1.7 -1.7 -1.7 -1.7 -0.5 0.3 1.2 29.5 43.1 50.3 55.8 55 49.5 47.2 47.2 49.5 55.8 63.4 66.4 70.3 74.4 77.7 82.7 84.8 86.7 87.4 87.1 88.6 90.3 91.7 93.7 95.9 98.3 100.7 103.2 105.6 106.7 107.6 106.2 103.6 100.8 98.6 96.4 95.3 94.8 94.2 92.3 89.4 85.8 85.1 83.9 81.1 77.6 76.3
-1.7 -1.7 -1.7 -1.7 -1.7 -1.7 -1.7 -1.7 -1.7 -1.7 -1.7 -1.7 -1.7 -1.7 -1.7 -1.7 -1.7 -1.7 -1.7 -1.7 -1.7 -1.7 -1.7 -1.7 -1.7 -1.7 -1.7 -1.7 -1.7 -1.7 -1.7 -1.7 -1.7 -1.7 -1.7 -0.2 0.8 1.8 1.9 41.4 54.3 64 64.4 63.5 57.7 54.7 54.4 55.4 53.9 58.9 64 68.6 72.8 78.5 82.4 83.9 84.8 86.5 87.9 89.7 91.4 93.9 96.2 98.4 100.9 103.3 105.5 107 107.6 105.1 101.9 98.3 95.5 93.1 91.9 90.8 90.3 88.7 86.8 83.4 81.6 81.3 78.7 75.4 73.2
-1.7 -1.7 -1.7 -1.7 -1.7 -1.7 -1.7 -1.7 -1.7 -1.7 -1.7 -1.7 -1.7 -1.7 -1.7 -1.7 -1.7 -1.7 -1.7 -1.7 -1.7 -1.7 -1.7 -1.7 -1.7 -1.7 -1.7 -1.7 -1.7 -1.7 -1.7 -1.7 -1.7 -1.7 -1.7 0.2 1.4 30.1 30.7 37.7 47 64.3 67.7 68.2 67.9 67.9 70.9 70.4 62.9 60.9 62.1 62.1 67.8 73.1 77.9 80.4 83.1 85.5 86.2 87.9 90.3 93 95.8 98.4 100.8 103 105 106.4 106.6 104.3 102.2 99.8 97.3 94.4 91.4 88.1 85.1 82.1 80.6 79.8 77.6 74.7 74.8 74.4 72.7
-1.7 -1.7 -1.7 -1.7 -1.7 -1.7 -1.7 -1.7 -1.7 -1.7 -1.7 -1.7 -1.7 -1.7 -1.7 -1.7 -1.7 -1.7 -1.7 -1.7 -1.7 -1.7 -1.7 -1.7 -1.7 -1.7 -1.7 -1.7 -1.7 -1.7 -1.7 -1.7 -1.7 -1.7 -1.7 0 1.8 55.9 53.6 44.4 49.3 63 68.5 71.4 72.5 73.1 74 72.5 69.1 68.4 68.7 66.1 66.2 66.9 73.4 76.6 80.6 81.8 83.1 85.3 88.4 91.9 94.7 97.3 100.4 102.6 104.5 106.6 107.2 106.1 104.6 102.4 100 96.4 93.3 90 85.9 84.9 84.6 83.1 81.2 80.1 77.9 76.5 75.6
-1.7 -1.7 -1.7 -1.7 -1.7 -1.7 -1.7 -1.7 -1.7 -1.7 -1.7 -1.7 -1.7 -1.7 -1.7 -1.7 -1.7 -1.7 -1.7 -1.7 -1.7 -1.7 -1.7 -1.7 -1.7 -1.7 -1.7 -1.7 -1.7 -1.7 -1.7 -1.7 -1.7 -1.7 -1.7 -0.2 1.7 58.8 65.2 58.9 54 62.8 70.4 74.1 75.8 76.2 76.5 75.6 75.1 76.3 76.7 75.5 75.3 70.6 70 72.5 75.8 78.4 81 83.2 86.3 90.1 92.7 95.6 99.3 101.8 104.9 107.4 108.3 108.1 106.9 105 102 98.4 94.1 91 88.9 88.6 87.2 85.5 83.7 82 80.7 79.2 78.2
-1.7 -1.7 -1.7 -1.7 -1.7 -1.7 -1.7 -1.7 -1.7 -1.7 -1.7 -1.7 -1.7 -1.7 -1.7 -1.7 -1.7 -1.7 -1.7 -1.7 -1.7 -1.7 -1.7 -1.7 -1.7 -1.7 -1.7 -1.7 -1.7 -1.7 -1.7 -1.7 -1.7 -1.7 -1.7 -0.5 1.2 63.4 69.8 69.5 64.2 67.9 73.5 75.8 77.3 78.2 79.2 80 81.3 82.1 82.2 82.3 81.7 77.9 74 71.8 74.7 76.9 79.5 82.4 85.1 87.7 90.9 95.1 98.5 102.7 105.5 107.9 109.9 109.6 108.6 106.9 103.7 100.4 96.2 92.9 91.3 90.5 89.3 87.8 86.4 85.7 84.4 82.2 81.1
-1.7 -1.7 -1.7 -1.7 -1.7 -1.7 -1.7 -1.7 -1.7 -1.7 -1.7 -1.7 -1.7 -1.7 -1.7 -1.7 -1.7 -1.7 -1.7 -1.7 -1.7 -1.7 -1.7 -1.7 -1.7 -1.7 -1.7 -1.7 -1.7 -1.7 -1.7 -1.7 -1.7 -1.7 -1.7 -0.5 1.5 35.5 73.7 74 73.6 74.1 76.3 77.5 78.9 80.8 82.1 83.3 84.1 84.9 85.1 85 84.9 82.8 79.1 77.8 80.2 81.5 81.3 82.9 86.3 88 90.1 95.1 98.8 103.6 106.2 108.8 110.5 110.7 110.1 108.5 105.8 103.2 99.2 95.9 95.1 94.2 92.9 92 90.9 89.5 87.7 85.1 82.6
-1.7 -1.7 -1.7 -1.7 -1.7 -1.7 -1.7 -1.7 -1.7 -1.7 -1.7 -1.7 -1.7 -1.7 -1.7 -1.7 -1.7 -1.7 -1.7 -1.7 -1.7 -1.7 -1.7 -1.7 -1.7 -1.7 -1.7 -1.7 -1.7 -1.7 -1.7 -1.7 -1.7 -1.7 -1.7 -1.7 12.6 42.4 78.7 77.6 76.7 77 78.4 79.4 81.6 82.7 84 85.4 86.2 87 87.2 86.7 86.3 84.8 82.7 79.7 83.6 85.2 85 85.9 88.5 91.6 93.6 95.7 99.5 103.4 106.7 109.9 111.7 112.3 112.3 111.6 109.3 106.1 102.8 99.6 100.8 100.2 99.4 97.4 95.2 92.9 90.2 87.4 84.4
-1.7 -1.7 -1.7 -1.7 -1.7 -1.7 -1.7 -1.7 -1.7 -1.7 -1.7 -1.7 -1.7 -1.7 -1.7 -1.7 -1.7 -1.7 -1.7 -1.7 -1.7 -1.7 -1.7 -1.7 -1.7 -1.7 -1.7 -1.7 -1.7 -1.7 -1.7 -1.7 -1.7 -1.7 -1.7 -1.7 1.9 79 80.3 79.5 79.4 79.5 80.6 82 83.8 84.6 85.6 86.6 87.7 88.8 89 89.1 89 88 86 84.6 87 88.5 89.2 90.6 91.4 92.3 95.2 97.4 100.4 104.7 109 111.3 113.5 114.4 114.7 114.1 112.9 110.2 106.4 104 106 106 105 103.3 100.4 96.8 93.2 89.7 85.8
-1.7 -1.7 -1.7 -1.7 -1.7 -1.7 -1.7 -1.7 -1.7 -1.7 -1.7 -1.7 -1.7 -1.7 -1.7 -1.7 -1.7 -1.7 -1.7 -1.7 -1.7 -1.7 -1.7 -1.7 -1.7 -1.7 -1.7 -1.7 -1.7 -1.7 -1.7 -1.7 -1.7 -1.7 -1.7 -0.5 0.9 72.7 81.5 82.3 82.7 82.3 83.3 84.5 85.8 86.7 87.6 88.4 89.3 90 90.9 91.1 90.9 90.7 90.5 90 91 93.2 94.5 94.2 94.8 96.4 97.2 99.4 102.2 106.5 110.5 113.1 115.9 116.9 117.3 116.8 116 114.1 111.2 109.1 110.3 109.8 108.8 106.7 103.2 99.2 95.6 90.9 86.3
-1.7 -1.7 -1.7 -1.7 -1.7 -1.7 -1.7 -1.7 -1.7 -1.7 -1.7 -1.7 -1.7 -1.7 -1.7 -1.7 -1.7 -1.7 -1.7 -1.7 -1.7 -1.7 -1.7 -1.7 -1.7 -1.7 -1.7 -1.7 -1.7 -1.7 -1.7 -1.7 -1.7 -1.7 -1.7 -1.7 0.4 1.6 56.6 84 84.5 84.5 84.9 86.2 87.7 88.9 89.7 90.4 91 91.3 92.2 93.3 93.4 93.5 93.5 93.6 94 96.3 97.8 97.8 99.1 100.7 102 101.8 103.6 107.3 110.5 113.9 116.7 118.4 119.8 119.6 118.9 117.2 115.4 113.6 113.5 113 111.5 109.1 105.6 101.5 96.9 92.2 88.2
-1.7 -1.7 -1.7 -1.7 -1.7 -1.7 -1.7 -1.7 -1.7 -1.7 -1.7 -1.7 -1.7 -1.7 -1.7 -1.7 -1.7 -1.7 -1.7 -1.7 -1.7 -1.7 -1.7 -1.7 -1.7 -1.7 -1.7 -1.7 -1.7 -1.7 -1.7 -1.7 -1.7 -1.7 -1.7 -1.7 0 1.2 77.9 84.9 85.2 85.4 86.2 87.6 89 90.8 91.6 92.3 93 93.6 94.3 95 95.2 95.5 95.8 96.3 97.1 98.8 100.7 101.5 102.6 103.5 105.7 106.6 108.2 109.4 111.8 115 117.1 118.9 120.3 121.5 120.7 119.5 118 116.4 115.6 114.7 113.3 110.6 106.9 102.8 98.1 93.4 89.4
-1.7 -1.7 -1.7 -1.7 -1.7 -1.7 -1.7 -1.7 -1.7 -1.7 -1.7 -1.7 -1.7 -1.7 -1.7 -1.7 -1.7 -1.7 -1.7 -1.7 -1.7 -1.7 -1.7 -1.7 -1.7 -1.7 -1.7 -1.7 -1.7 -1.7 -1.7 -1.7 -1.7 -1.7 -1.7 -1.7 -0.1 1.2 84.6 85.4 85.8 85.9 87.5 88.8 89.9 91.3 92.7 93.7 94.3 95.1 95.6 96 96.7 97.5 97.9 98.1 99.6 100.7 101.8 103 104.1 105.6 107.5 109.4 111.1 113.1 114.3 116.2 117.1 118.7 119.9 121.4 121.4 120 118.4 117.1 116.4 115.6 113.8 111.7 107.7 103.4 99 94.9 90.6
-1.7 -1.7 -1.7 -1.7 -1.7 -1.7 -1.7 -1.7 -1.7 -1.7 -1.7 -1.7 -1.7 -1.7 -1.7 -1.7 -1.7 -1.7 -1.7 -1.7 -1.7 -1.7 -1.7 -1.7 -1.7 -1.7 -1.7 -1.7 -1.7 -1.7 -1.7 -1.7 -1.7 -1.7 -1.7 -1.7 0 1.4 48 85.1 85.8 87 88.4 89.8 90.5 91.8 93.2 94.1 94.7 95.4 96.2 97 97.7 98.5 99.2 100.4 100.8 101.7 102.3 103.4 104.6 105.9 107.4 109.5 111.4 113.6 115.8 116.6 117.3 118.3 119.4 120.6 121.8 120.3 118.5 116.4 115.6 114.4 113.7 111.6 108.2 104.2 100.4 96.3 93.3
-1.7 -1.7 -1.7 -1.7 -1.7 -1.7 -1.7 -1.7 -1.7 -1.7 -1.7 -1.7 -1.7 -1.7 -1.7 -1.7 -1.7 -1.7 -1.7 -1.7 -1.7 -1.7 -1.7 -1.7 -1.7 -1.7 -1.7 -1.7 -1.7 -1.7 -1.7 -1.7 -1.7 -1.7 -1.7 -1.7 0.9 5.4 40.2 84.7 85.9 87.3 88.5 89.9 91.1 92.2 93.2 94 94.7 95.5 96.3 97.1 98 98.9 99.7 100.4 100.9 101.6 102.5 103.7 104.7 105.9 107 109.1 111.1 113.3 115.7 116.7 116.8 117.3 118.5 119.6 121.1 119.5 117.6 115.5 112.5 112.1 111.2 109.6 107.1 103.4 100.1 96.9 94.1
-1.7 -1.7 -1.7 -1.7 -1.7 -1.7 -1.7 -1.7 -1.7 -1.7 -1.7 -1.7 -1.7 -1.7 -1.7 -1.7 -1.7 -1.7 -1.7 -1.7 -1.7 -1.7 -1.7 -1.7 -1.7 -1.7 -1.7 -1.7 -1.7 -1.7 -1.7 -1.7 -1.7 -1.7 -1.7 1.9 48.2 42 82.9 84.6 85.8 87.2 88.6 89.9 91.1 92.3 93.2 94.1 94.9 95.3 96.4 97.3 98.2 98.8 99.4 100.2 100.8 101.5 102.3 103.2 104.1 105.4 106.6 108.3 110.6 112.8 114.9 116 116 116.7 117.3 118.6 120.1 118.6 116.7 114 110.9 107.4 107.2 106.1 104.2 101.8 99 97.1 94.1
