public/OST50/SM83.asc
ncols 200
nrows 200
xllcorner 180000
yllcorner 230000
cellsize 50
[rows 114 to 151 of 200, columns 85 to 169 of 200]
-1.2 -1.2 -1.2 -1.2 0.2 5.9 -1.2 -1.2 -1.2 -1.2 -1.2 -1.2 -1.2 -1.2 -1.2 -1.2 -1.2 -1.2 -1.2 -1.2 -1.2 -1.2 -1.2 -1.2 -1.2 -1.2 -1.2 -1.2 -1.2 -1.2 -1.2 -1.2 -1.2 -1.2 -1.2 -1.2 -1.2 -1.2 -1.2 -1.2 -1.2 -1.2 -1.2 -1.2 -1.2 -1.2 -1.2 -1.2 -1.2 -1.2 -1.2 -1.2 -1.2 -1.2 2.8 57.3 58.7 59.9 61 61.7 62.1 62.3 62.4 61.9 61.6 61.7 61.1 60.3 59.2 58.3 56.9 55.8 54.9 53.5 51.2 49 47.8 46 44.2 41.1 28.2 11 4.7 4.5 6.2
-1.2 -1.2 -1.2 35.2 35.7 -1.2 -1.2 -1.2 -1.2 -1.2 -1.2 -1.2 -1.2 -1.2 -1.2 -1.2 -1.2 -1.2 -1.2 -1.2 -1.2 -1.2 -1.2 -1.2 -1.2 -1.2 -1.2 -1.2 -1.2 -1.2 -1.2 -1.2 -1.2 -1.2 -1.2 -1.2 -1.2 -1.2 -1.2 -1.2 -1.2 -1.2 -1.2 -1.2 -1.2 -1.2 -1.2 -1.2 -1.2 -1.2 -1.2 -1.2 -1.2 -1.2 51.4 60.9 61.8 62.7 63.8 64.5 64.9 65.3 65.6 65.8 65.5 65.3 64.6 63.6 62.5 61.4 60.1 59.2 58.4 57.7 55.7 54.7 53.4 51.5 50.2 49.1 41 25.4 8.8 5.1 5.5
-1.2 -1.2 -1.2 -1.2 -1.2 -1.2 -1.2 -1.2 -1.2 -1.2 -1.2 -1.2 -1.2 -1.2 -1.2 -1.2 -1.2 -1.2 -1.2 -1.2 -1.2 -1.2 -1.2 -1.2 -1.2 -1.2 -1.2 -1.2 -1.2 -1.2 -1.2 -1.2 -1.2 -1.2 -1.2 -1.2 -1.2 -1.2 -1.2 -1.2 -1.2 -1.2 -1.2 -1.2 -1.2 -1.2 -1.2 -1.2 -1.2 -1.2 -1.2 -1.2 -1.2 12.2 57.8 60.4 62 63.2 64.4 65.8 66.9 67.9 68.5 69.3 69.1 68.5 67.6 66.6 65.5 64.3 63.6 62.7 61.5 61.1 60.5 60 58.9 57.8 57.5 56.3 50.6 41 19.7 6.3 6.3
-1.2 -1.2 -1.2 -1.2 -1.2 11.6 -1.2 -1.2 -1.2 -1.2 -1.2 -1.2 -1.2 -1.2 -1.2 -1.2 -1.2 -1.2 -1.2 -1.2 -1.2 -1.2 -1.2 -1.2 -1.2 -1.2 -1.2 -1.2 -1.2 -1.2 -1.2 -1.2 -1.2 -1.2 -1.2 -1.2 -1.2 -1.2 -1.2 -1.2 -1.2 -1.2 -1.2 -1.2 -1.2 -1.2 -1.2 -1.2 -1.2 -1.2 -1.2 -1.2 -1.2 1.1 57.6 59.3 60.4 61.8 63.4 65 67.4 69.5 70.8 71.6 71.7 71.1 69.9 68.9 68.2 67.2 66.5 66 65.7 65.5 65.5 65.2 64.3 64.7 64 62.8 58.7 50.9 28.4 9.4 5.8
-1.2 -1.2 -1.2 -1.2 1.6 19.5 23 -1.2 -1.2 -1.2 -1.2 -1.2 -1.2 -1.2 -1.2 -1.2 -1.2 -1.2 -1.2 -1.2 -1.2 -1.2 -1.2 -1.2 -1.2 -1.2 -1.2 -1.2 -1.2 -1.2 -1.2 -1.2 -1.2 -1.2 -1.2 -1.2 -1.2 -1.2 -1.2 -1.2 -1.2 -1.2 -1.2 -1.2 -1.2 -1.2 -1.2 -1.2 -1.2 -1.2 -1.2 -1.2 -1.2 1.6 55.4 57.6 58.8 59.9 61.6 63 65.4 67.8 70 71.6 72.6 72.1 71.4 70.5 70.5 69.5 69.5 69.5 69.6 69.7 70.1 70.3 69.4 69.3 68.9 67.7 64.6 57.3 35.6 11.3 6.5
-1.2 -1.2 -1.2 -1.2 24.9 36.2 31.3 -1.2 -1.2 -1.2 -1.2 -1.2 -1.2 -1.2 -1.2 -1.2 -1.2 -1.2 -1.2 -1.2 -1.2 -1.2 -1.2 -1.2 -1.2 -1.2 -1.2 -1.2 -1.2 -1.2 -1.2 -1.2 -1.2 -1.2 -1.2 -1.2 -1.2 -1.2 -1.2 -1.2 -1.2 -1.2 -1.2 -1.2 -1.2 -1.2 -1.2 -1.2 -1.2 -1.2 -1.2 13.6 17.4 54.5 55.1 56 57 58.1 59.6 61 63.4 65.6 67.9 69.8 70.8 71 70.2 70.1 70.1 71 70.5 71.1 71.7 72.9 74.1 74 73 72.2 71.3 70.1 66.3 54.1 31 13.5 7.3
-1.2 -1.2 -1.2 16.7 38.7 38.1 35.9 33.7 -1.2 -1.2 -1.2 -1.2 -1.2 -1.2 -1.2 -1.2 -1.2 -1.2 -1.2 -1.2 -1.2 -1.2 -1.2 -1.2 -1.2 -1.2 -1.2 -1.2 -1.2 -1.2 -1.2 -1.2 -1.2 -1.2 -1.2 -1.2 -1.2 -1.2 -1.2 -1.2 -1.2 -1.2 -1.2 -1.2 -1.2 -1.2 -1.2 -1.2 -1.2 -1.2 27.6 52.5 53.4 54 54.5 54.9 55.6 56.3 57.6 58.9 61.1 63.3 65.6 67.7 68.8 69 69 69.1 69.1 69.6 70.4 71.2 72.4 73.6 74.9 75.4 75.3 74.9 73.9 72 67.6 48.3 24.6 15.5 10.6
32.6 35.4 37.8 40.3 41.4 40.5 39.6 38.9 37.7 34.8 31 -1.2 -1.2 -1.2 -1.2 -1.2 -0.6 25.7 -1.2 -1.2 -1.2 -1.2 -1.2 17.2 -1.2 -1.2 -1.2 -1.2 -1.2 -1.2 -1.2 -1.2 -1.2 -1.2 -1.2 -1.2 -1.2 -1.2 -1.2 -1.2 -1.2 -1.2 -1.2 -1.2 -1.2 -1.2 -1.2 -1.2 -1.2 1 51.5 52.7 53.1 53.3 52.8 52.5 53 54.2 55.4 56.5 58.7 61 62.7 64.4 66.2 66.8 66.9 67.2 67.6 68.5 69.5 71.4 72.8 74.6 76.2 77.2 77.1 76.8 75.9 74.2 68.5 46.9 26.4 17.9 12.1
39 40.5 41 42 42.5 42.8 42.2 41.1 39.8 37.7 36.4 34 -1.2 -1.2 -1.2 -1.2 -1.2 18 -1.2 -1.2 -1.2 -1.2 -1.2 27.7 -1.2 -1.2 -1.2 -1.2 -1.2 -1.2 -1.2 -1.2 -1.2 -1.2 -1.2 -1.2 -1.2 -1.2 -1.2 -1.2 -1.2 -1.2 -1.2 -1.2 -1.2 -1.2 -1.2 -1.2 -1.2 1.7 50.1 50.5 50.8 50.5 50.3 50.2 49.9 50.6 52.5 54.1 56.4 58.5 60.1 61.8 63.5 64.4 65 65.2 65.9 67 68.6 70.6 72.4 75 77.3 78.3 78.9 78.2 76.8 74.8 71.7 55.8 31.1 20 13.5
43.1 44.2 44.6 44.8 45 44.9 44.5 43.1 41.6 39.9 37.9 35.8 33.1 28.3 23.3 -1.2 -1.2 -1.2 -1.2 -1.2 25.3 30.3 32.4 31.5 -1.2 -1.2 -1.2 -1.2 -1.2 0.2 0 -1.2 -1.2 -1.2 -1.2 -1.2 -1.2 -1.2 -1.2 -1.2 -1.2 -1.2 42 21.5 -1.2 -1.2 -1.2 1.1 36.1 42.9 44.3 45.1 44.6 43.2 45.3 46.8 45.9 47.1 49.7 51.9 54.2 55.9 57.6 59.2 60.6 61.8 62.8 63.4 64.2 65.1 66.6 68.6 70.7 73.7 76.6 77.9 78.3 77.9 77.5 75.6 72.7 67.7 47.5 22.6 13.5
46.4 47.4 48 48 48 47.5 46.9 45.4 43.6 41.4 39.1 36.6 33.5 28.1 20.3 2.6 0.8 0 1.6 10.1 19.3 26.4 31.6 33.3 31.2 -1.2 -1.2 -1.2 -1.2 37.8 39.7 -1.2 4 11.7 1 15.6 1.6 37.8 46.8 48.8 50.2 48.2 46.2 43.4 36.3 1.5 1.3 1.6 15.1 22.6 26.3 26.2 22.3 22.6 28.9 36 38.6 42.6 46 49.3 52 54.4 55.9 57.4 58.4 59.1 60.4 61.3 62.2 63.3 64.8 66.6 68.3 70.3 73.3 75.3 75.9 76.1 75.6 74.7 71.8 68.9 59.6 34.6 13.4
50 50.7 51.1 51.2 51.1 49.6 48.3 46.8 44.5 42.3 40 37.7 33.9 29.4 15.9 25.9 22.4 1.6 1.6 1.6 11.2 21.7 28.8 33.7 36.2 36.5 -1.2 -1.2 38.6 40.7 41.6 43.3 44.8 42 26.4 50.4 50.4 51.2 51.5 51.7 51.8 51 48.3 45.5 41.6 34.4 23.2 18.9 16.2 14.4 16.7 17 22.5 26.9 23.3 23.6 29 36.1 41.3 44.9 49.3 52.3 54.5 55.9 57.4 58 58.3 59.3 60.3 61.3 62.7 64.2 65.8 67.5 69.4 71.4 72.5 73.2 73 71.8 69.6 66 55.7 29.4 14.6
51.5 51.7 52.5 53.2 53.9 53.3 50.9 48.5 46.2 43.5 41 38.4 35.4 28.7 20.3 29.2 29.8 26.3 1.4 1.6 2 13.9 26.5 33 36.9 38.6 39.1 39.1 40.2 41.7 43.1 43.8 44.6 45.9 47.2 48.6 49.7 50.8 51.4 51.1 50.8 50.3 49.5 47.7 44.8 39.5 36.2 33.9 32.4 27.3 33.4 40.2 43.2 43.5 40.9 32.8 26.5 25.7 32.8 39.8 44.5 48.5 51 53.6 55.8 57.2 57.3 57.4 58.2 59.2 60.5 61.9 63.4 64.7 66.2 67.8 68.6 69.4 69.5 68.3 65.5 56.9 36 18.7 16.3
51.3 52.4 53.3 54.3 55.2 58.2 52.9 50.6 48.2 45.4 42.2 39.1 35.9 31 30.7 32.3 33.1 33.5 29.2 18 4.8 3.7 24.5 32.4 37.2 39.3 40.2 41 41.1 42.1 43.1 43.9 44.6 45.5 46.6 47.5 48.6 49.8 50.4 50.6 50.6 50.5 50.3 49.6 47.8 44.4 43.6 42.7 41.4 41.6 45.2 47.7 48.8 48.3 47.5 44.5 39.4 32.5 29 30.6 37.3 42.8 46.3 49.9 52.9 55 56 56.1 56.6 57.7 58.7 60.2 61.1 62.1 63.4 64.5 65 65.6 65.6 64.1 61.1 42.4 24.9 18.3 19.6
52.6 54.3 54.2 54.6 55.3 55.6 53.5 51.9 49.7 48.2 44.3 40.4 36.9 34.1 34.2 35.1 35.8 36.3 35.9 34.7 32.5 4.4 18.8 31.3 36.5 38.8 40.3 41.5 41.5 42.5 43.4 44.3 44.6 45.1 46.1 47.2 48.3 49.3 50.1 50.7 51.1 51.3 51.4 50.8 50 49.3 48.4 48.2 48 47.9 48.2 50.6 51.9 52.5 51.3 49 46.5 41.4 39.7 33.4 31.9 34.4 39.7 44.6 48.7 52 53.5 53.8 55.2 56.8 57.8 58.9 59.5 60.5 61.3 61.8 62.1 62.2 61.7 59.7 52.9 32.8 24.1 18.6 22.2
54.3 54.6 54.5 54.5 54.2 53.8 53.1 51.7 50.3 48.8 45.1 41.5 38.3 36.5 36.6 37.3 37.6 37.1 36.7 35.5 24.9 5.1 14.2 27.9 33.6 36.7 38.7 40.6 41.8 42.2 43 44.5 44.8 45.4 46.1 47.3 47.9 49.3 50 51 52.2 52.3 52.4 52.3 52 51.8 52.1 52.9 53 52.3 51.5 52.5 54.2 55 53.8 51.5 49 42.8 41.2 40 39.9 37 35.3 39.2 42.6 47.1 49.2 52.9 54.9 56.4 57.4 57.9 58.5 59 59.6 60.2 60.4 60.2 59 55.3 43.3 31 23.8 19.4 23.1
51.7 52.5 52.8 52.7 52.7 52.6 52.9 51.3 50 47.9 44.7 41.9 40.1 38.5 38.6 37.8 37.6 36.9 35.4 33.1 17.6 6.8 14.9 26.4 31.2 33.6 36.4 39 40.5 41.8 42.7 43.9 44.9 46.4 47.5 47.7 48.8 50 51 52.3 53.4 53.8 54 54.1 54 55.5 57.1 59.4 57.9 57.8 55.9 54.9 55.6 55.6 55.1 52.9 48.4 47 46.4 46.2 45.7 44.1 41.7 40.8 39 41.2 43.9 49.9 53.6 55.7 56.9 57.9 58.5 58.7 59.1 59.4 59.8 59.6 57.7 51.9 39.4 29.3 24.2 21.8 24.4
50.4 51.2 51.5 51.6 51.6 51.5 51.1 50.1 48.8 47.3 45.1 43.3 41.7 40.6 39.8 38.4 37.5 36.1 33.3 25.4 15.6 8.6 14.4 24.2 27.2 30.4 32.7 36.9 38.7 41.2 42.1 43.3 45.8 47.2 48.8 48.7 49.4 50.4 52.3 53.6 54.6 55.3 55.5 55.6 55.9 56.5 58.1 58.6 59 58.4 57.3 56.2 55.6 55.6 55 53.8 52.3 51.1 50.9 51.4 50.1 48.4 47.1 46.5 44.6 40.4 43.8 46.3 51.3 54.1 56.7 57.9 58.7 59 59.2 59.3 60 59.5 58.7 55 44.8 30.9 25.7 22.7 25.4
49.3 50.1 50.4 50.4 50.4 50.4 50 49.5 48.3 47.5 46.3 45.3 43.8 42.9 41.9 39.5 37.8 35.4 30.1 27.6 28.5 14.9 9.9 13.3 20.7 24.4 28.3 31.6 36.7 39.6 41.4 43.4 45.2 50.8 48.7 48.9 49.8 50.5 52.7 54.8 55.8 56.8 57.1 57.5 57.6 57.7 57.9 57.8 58.1 57.8 57.4 56.4 55.5 55.3 55.3 55.5 55.1 54 53.8 54.3 54.1 52 50.5 52 52.9 48 42.5 43.9 49.4 52.7 55 57.5 58.5 59.4 59.9 60.4 60.9 61 60.4 58.6 51.1 34.8 28.3 25 27.1
47.5 49.4 50.2 50.4 50.6 50.9 50.2 49.6 48.7 48.7 47.8 46.9 46 45.1 43.7 42 38.8 36.6 34.4 33.1 31.5 28.5 16.4 12.7 14.5 17.5 23.4 31 34.6 37.7 40.5 42.5 43.9 45.6 47.4 48.2 49.3 51.1 52.8 54.5 56.7 57.7 58.4 59 58.8 59.5 59 58.6 58.2 58 57.8 57.1 56.6 56.3 56.4 56.8 57 56.8 56.8 56.8 57.2 56.8 55.7 54 55.3 53.2 50.6 46 47 49.9 52.8 56 57.4 58.5 59.3 60.7 61.5 61.7 61.8 61.1 59.4 47 30.2 26.4 28.5
48.7 50 50.8 51.1 51.1 51.6 51 50.3 49.8 49.9 49 48.1 47.4 46.6 45.5 43.7 41.3 39.1 37.1 35.3 33.3 30.6 23.6 19.1 23 16.3 17.1 23.1 31 34.9 37.8 40.2 42 43.6 45.7 47.1 48.8 50.1 51.5 53.2 55.5 57.4 58.4 59.3 60 61.3 60.9 60.1 59.7 59.7 59.6 59.4 59 57.8 58.1 59 58.8 58.8 59 59.8 60.4 60.8 59.9 59 58.1 56.9 54.8 50.5 48.1 51.4 53.4 53.8 55.5 56.8 57.6 59.5 61 61.2 61.4 61.2 60.2 57.9 46.3 28.1 29.6
51.7 52.3 52.7 52.8 52.4 52.1 51.8 51.4 51.1 50.8 50.2 49.3 48.4 47.5 46.4 44.8 43.2 41.4 39.5 37.4 35.4 33.3 21.9 22.1 30.5 30.5 25.9 20.4 20.3 29.1 33.2 36.8 39.5 41.7 43.9 46.5 48.3 49.9 51.6 53.3 55.2 57.8 59.2 60.8 62.2 63.2 63.2 63.2 63.2 63.5 63.8 63.2 62.7 62.2 62.1 62.3 61.8 61.7 62.1 62.7 63.4 64.2 63.7 62.9 62.4 61.1 59.3 54.7 51.5 56.6 59.2 56.2 55.5 55.7 56.3 57.5 58.9 59.7 60 60 59 57.4 53.5 31.5 30.8
54.9 55.8 55.1 54.6 54.1 53.5 53.2 53 52.9 52.7 52.3 51 49.9 49 47.7 46.5 45.3 43.5 41.8 40.1 38.3 36.2 25.7 27.2 34.7 35.5 35 32.6 24.4 23 24.8 30.8 34 39.6 42.7 45.7 48 50.2 52 53.7 56 59 60.7 62.7 64.3 65.8 66.7 66.6 67.2 67.7 68 67.4 67.6 66.9 67.2 66.8 67.1 66.7 66.2 66.3 66.8 68 67.8 67.6 66.6 65.2 63.6 58.3 55.6 60.6 63 62.3 59.3 58 56.6 56.3 56.9 57.7 58.1 58 57.5 56.1 52 32.4 31.2
57.3 58.1 57.4 56.2 55.8 55.1 54.9 54.9 54.8 54.7 54.2 53.2 52 50.7 49.4 48.2 47 45.6 43.9 42.3 40.8 38.5 22.8 32.5 38.5 39.2 39.5 37.5 34.3 28.6 24.7 27.4 35.6 40.9 44.1 46.5 48.8 51.1 52.9 54.7 57.2 59.7 61.6 63.5 65.4 66.7 68 69 69.8 70.5 70.9 71 71.2 71.2 71.8 71.7 72.4 72.7 72.6 71.8 70.9 70.5 71.2 71.6 71.1 69.3 66.7 56.7 60.7 62.7 64.7 64.8 62.4 60.7 59.2 57.9 56.2 55.8 55.5 55.5 55.1 54.1 52 34.4 31.9
57 57.6 57.5 57.2 57.1 56.8 56.7 56.7 56.7 56.6 56.2 55.2 54 52.7 51.3 50 48.7 47.5 45.9 44.3 41.9 36.3 26.7 38.3 41.1 42.2 42.7 42.2 40.8 38.5 31.9 25.5 33 40.8 45.7 48.1 50.1 52.3 54.1 56.2 58.8 61.1 63.1 65.1 66.8 68.1 69.2 70.5 72.1 73.2 73.6 74.2 74.7 75.5 76.1 76.9 77.5 78 77.6 76.6 75.4 74 73.5 73.5 73.2 71.2 67.7 61 65.9 66.3 66.1 66.3 66.4 64.8 62.6 60.1 58 55.6 53.6 52.3 51.9 51.2 48.9 36.8 33.7
56 56.7 57.1 57.1 57.9 58.1 58.3 58.3 58.3 58.4 57.8 56.9 56.2 54.7 53.2 51.9 50.6 49.3 47.9 46 41.4 29.7 35.9 40.1 42.6 44.1 44.5 45.3 44.7 43.9 41.1 28.7 29 37.8 43.9 48 51.3 54.2 55.6 57.6 59.5 61.2 63.9 66.1 67.1 67.5 69.2 70.9 72.5 74.4 76.1 77.6 78.6 79.7 80 81.2 81.9 82.4 81.9 80.3 78.5 77.1 75.7 75.1 73.9 71.3 63.4 67.7 69.6 70.6 70 70.9 70.4 69.2 66.9 64.5 60.9 56.8 52.4 48.9 45.6 46.7 44 34.3 35.2
55.2 56.2 56.7 57.2 58.3 59.3 60 60.2 60.3 60.4 59.7 59.1 58.6 57.1 55.4 53.7 52.4 51 49.4 47.2 43.4 31.5 36.3 41.3 43.3 45.4 46.5 47.5 47.8 47.3 46 40.9 28 31.1 37.8 45.1 49.7 53.4 55.1 57.1 58.7 61 63.1 64.4 65.9 67.2 69.1 71.3 73.6 76.4 79 80.6 82.1 82.8 83.5 83.5 83.8 84.3 84 83 81.6 79.7 78.3 76.9 75 71.7 67.5 71.3 74.6 75.7 76.6 76.2 75.3 74.2 72.1 69.6 66.1 60.5 55.7 50.8 44.2 40.3 35.9 35.4 38.1
54.5 55.8 56.5 57.7 59.2 60.3 61.2 62.1 62.2 62.2 62 61.8 61.1 59.9 58.2 56.3 54.5 52.6 50.6 48.1 44 35.9 35.6 41.6 44.2 46.3 48.1 49.3 50 50.3 49.6 46.9 37.6 29.9 29.4 34.9 40.5 45.8 50.2 52.7 55.2 57.5 59.9 61.9 63.6 66.1 68.6 72 74.9 78.8 81.8 83.8 85.2 86.2 86.2 86 86.4 86.9 86.1 85.3 83.9 82 80 78.5 76.3 70.7 71.5 76.1 78.5 80.6 81.4 81.7 80.7 79.1 76.7 73.9 70.6 64.5 58.5 52.4 46.1 39.7 36 36.6 39.8
54.1 55.4 56.8 58.1 59.8 60.9 61.8 63 64.1 64.5 64.4 64.2 64 62.8 61 59.2 57.2 54.7 52.5 50 46.8 42.2 33.6 41.4 44.8 47.2 49.6 51.1 51.8 52.4 52.3 51.4 47.5 38.9 34.4 32.9 32.5 33.1 34.8 37.4 43.8 51.5 55.3 58.5 61.9 64.6 67.6 71.1 75.8 80.3 84.2 86.9 88 89.2 89.6 89.3 89.1 89.1 88.2 87.2 85.7 83.9 81.9 80 77.3 72 74.7 78.8 81.6 83.6 85 85.5 85 83.5 80.9 77.4 73.5 68.6 61.8 54.2 48 43.1 38.4 38.6 41.8
54.5 55.5 56.8 58.5 60.2 61.3 62.2 63.7 65.6 66.4 67 66.7 66.9 65.8 63.8 61.8 59.6 57.5 55.5 53.3 50.3 45.7 35 39.4 44.1 48 51.1 52.8 53.2 53.9 54.9 54.5 53.1 49.8 42.4 38.8 37.2 35.8 36.1 35.6 35.8 42.2 50.6 56.4 60.3 63.5 66.7 70.3 75.8 80.9 85.6 88.6 89.3 90.3 91 91 90.6 90.2 89.4 88.4 86.8 84.9 83 80.9 77.6 73.5 75.8 79.5 82.8 84.9 86.9 87.9 87.8 86.8 84.7 81.2 76.6 71.5 64.5 56.7 49.9 45 39.6 43.1 44.2
55.3 56.3 57.7 59.3 60.4 61.6 62.6 64.4 66.3 68.2 69.2 69.6 69.8 69.5 67.5 65 62.8 60.7 58.8 56.8 54.1 50.8 39.9 39.6 45.3 47.9 51.8 53.3 54 55.4 56.4 57.6 57.2 55.5 53.5 50.2 45.9 43.8 42.4 41.1 39 36.8 48.6 55.7 59.9 62.6 67.5 69.7 73.2 78 82.7 85.2 86.8 88.6 90 90.6 90.1 89.4 88.8 87.8 86.3 84.5 82.8 81 77.9 76.4 78 80.4 83.5 85.9 88 89 89.1 88.2 86.5 83.2 79.1 74.4 68.8 61.4 54.2 46.7 42.5 44.7 47.9
57.1 57.3 57.8 59.1 60.5 61.7 63.4 65.2 67.3 69.7 71.5 72.2 73.1 72.5 71.6 69 66.3 63.9 61.8 60 58.1 55.3 50.1 39.8 47.3 49.8 52 53.9 55.1 56.4 58.2 60.2 60.7 59.9 58.9 57.5 55.8 53 52.6 50.2 46.5 39.9 47.3 55.5 59.3 61.5 62.6 65.7 69.5 74 78.5 81 83.6 85.5 87.5 89 89.1 88.5 88 87 85.7 83.8 82.3 81.1 80.8 81.1 81.9 82.8 84.7 87 89 90 90 88.9 87.3 84.3 81.2 77.5 74.6 68.3 59.6 50.3 43.5 44.9 44.8
58.7 58.7 59.1 60.2 61.2 62.6 64.3 66.1 68.2 70.8 72.8 74.2 75 74.7 74 72.1 69.2 66.1 63.6 61.8 60 57.8 54.2 40.5 47.5 51.5 53.6 55.1 56.6 58 59.4 61.2 62.4 62.5 62.2 61.4 60.2 58.7 57.8 57.3 54.8 42.7 44.2 54 57.7 59.3 60.1 63.2 65.5 69 72 75.8 79.2 82 84.2 86 86.4 86.6 86.6 85.6 84.9 83.9 83.9 84.4 84.4 84.6 85.6 86.4 87.2 89 90 90.9 90.9 90.2 88.4 85.7 82.5 79.2 76 71.4 64.1 57.1 46.7 48.6 48.2
61.1 60.3 59.9 60.9 62.3 63.5 65.3 67.2 68.8 70.8 72.7 74.1 74.8 75.2 74.5 73.1 70.4 67.1 64 62.1 59.5 57.1 53.9 42.9 49.3 53 54.8 56.3 57.7 59.1 60 61 62.3 63 63.2 62.6 62 60.9 59.5 58 55.4 44.5 43.3 50.3 54.3 56 57.4 60 64.3 67 70 73.1 75.6 77.9 80.3 81.9 83.9 84.8 85.3 85.3 85.2 86.2 86.7 87 87.3 88 89 89.8 90.3 91.2 92 92.6 92.3 91.8 90.2 88 84.5 80.7 76.9 72.2 66.6 60.5 50.4 51.2 52.6
62.4 61.1 60.1 60.7 62.1 63.7 65.5 67.4 68.8 70.2 72 73.2 73.9 74.6 74.2 72.8 70.8 67.9 64.7 61.5 59 55.5 50.8 48.3 50.8 54.1 55.8 57.3 58.7 60 60.8 61.4 62 62.8 62.9 62.9 62 60.9 59.1 57.2 53.2 45.8 43.2 45.6 49.6 50.4 54.2 56.4 57 63.5 67.5 70.9 73.2 75.3 77.3 79.6 81.6 83.4 85.2 86.4 87.8 88.7 89.1 89.4 90.5 91.4 92.3 92.8 93.1 93.7 93.9 94.1 94.1 93.7 92.7 90.8 88.2 84.1 79 73.6 68.2 62.1 54.6 52.4 55.3
60.9 60 59.2 59.7 60.8 62.5 64.3 66.7 68.5 69.2 70.1 70.9 72.1 73.1 73.2 72.2 70.9 68.5 65.8 62.7 59.1 55.2 52.1 46.5 52 54.9 56.8 58.3 59.8 60.8 61.4 62.1 62.8 63.2 63.1 63 61.9 60.9 59.1 56.4 51.9 47 44.4 45.4 48.3 49.8 53.6 56.4 59.2 62.1 62.1 66.1 68.8 71.4 75.3 78.4 81.7 84.3 86.7 88.3 89.6 91.1 91.9 93.2 93.8 94.6 95.1 95.6 96.1 96.2 96.4 96.2 96.1 95.7 94.8 93 90.4 86.4 82 76.4 70.5 63.9 58 55.2 57.2
56.4 58.2 57.8 57.8 59 60.6 61.9 64.3 66.3 67.5 68.4 69.4 70.3 71.3 71.7 71.7 70.3 69 66.9 63.2 60.6 57.4 54.5 51.3 50 55.2 56.8 59.2 60.8 62.2 63.1 64 64.3 64 64 63.6 63.2 61.9 59.5 56.6 52.9 48.7 45.9 47.4 49.8 51.9 54.7 57.6 61.1 64.6 65.3 66.8 67.8 71.2 75.2 78.7 83 86.6 88.1 90.4 91.8 93.5 95.5 96.8 98 98.5 99 99.4 99.7 99.7 99.4 99.8 98.8 98.3 97.7 95.3 92.8 89 84.5 78.7 72.8 65.9 59.5 55.9 57.1
51.5 52.3 53.5 55.2 57 58.8 60.2 62.1 63.9 64.9 67.1 68 68.9 70.4 70.6 70.6 69.3 68.6 66.5 65.2 63 59.8 56.6 53.8 50.3 53.9 57.3 59.9 62 63.7 64.7 65.5 65.8 65.9 65.8 65.6 64.7 62.9 60.5 57.3 55.1 52.5 48.8 47.1 51.1 53.5 56.3 62 68.2 74.6 76 76.1 74.6 72.7 75.3 78.8 84.9 88.6 90.7 92.2 94 95.9 97.9 100 102.4 103.3 104 104.1 104.5 104.7 104.6 104.1 103.7 102.6 101.3 98.6 95.2 91.6 86.6 80.8 74.5 67 60 57.7 57.4
