public/OST50/SM83.asc
ncols 200
nrows 200
xllcorner 180000
yllcorner 230000
cellsize 50
[rows 152 to 189 of 200, columns 0 to 84 of 200]
-1.2 -1.2 -1.2 -1.2 -1.2 -1.2 -1.2 -1.2 1.4 43.5 44.9 45.9 46.5 46.8 46.5 45.3 44.8 44.4 44.4 44.9 44.3 42.6 40.8 38.8 36.9 34.6 32.5 30.3 28.8 27.1 16.7 9.4 15.3 24 29.6 33.9 35.8 36.2 37.6 38.5 38.6 38.4 38.8 39 38.7 37.3 35.9 34.6 32.7 33.8 35.9 41 44.3 46 47 48.4 49.5 49.9 49.9 48.4 47.3 46.2 43.5 41.3 36.5 31.8 36 35.4 31.5 18.6 22.2 28.8 32.8 36.7 38.9 41.7 43.3 44.3 45.3 47.4 47.1 44.6 42.6 45 46.5
-1.2 -1.2 -1.2 -1.2 -1.2 -1.2 -1.2 29 40.6 43.2 44.8 45.5 47 47 46.9 45.4 44.7 45.3 45.4 45.1 43.5 42 40.1 38 36.1 33.7 31.4 29.9 26.3 20.4 15.1 11.8 11.1 20.4 26.1 30.2 33.3 35.1 35.6 36.9 37 36.8 36.7 36.9 36.9 35.6 35.4 34.6 35.3 36 36.4 40.2 42.7 44.1 45.5 46.6 47.1 47.6 48 47.9 47 45.6 43.7 41.5 38.8 38.4 38.1 37.3 34.2 23.6 21.3 22.2 26.1 29.6 33.5 34.9 37.1 38.7 39.1 40.4 39.4 37.9 46.5 48.8 47.4
-1.2 31.8 27.6 26.4 -1.2 -1.2 35.4 37.5 39.9 41.7 42.7 44.2 45 45.9 45.7 44.6 44.3 44.2 43.7 43.2 42.4 40.9 39.2 37.1 34.9 32.7 30.4 28.4 21.4 17.3 15.3 14.3 13.9 14.1 21.3 27.1 30.7 32.5 34.2 35.1 35.3 35.2 35.2 35 35.3 35.4 35.3 35.4 36.5 37.7 39 39.7 41.5 43.1 44.5 45.5 46.4 46.5 47.2 47.3 46.2 45.8 44.5 43 41.9 40.9 40 38.2 36.3 29.2 30.1 29.5 25.4 25.5 27.3 29 31.2 32.1 32.7 34.4 35.1 41.3 47.1 50.3 52.3
-1.2 8.3 0.8 30.7 29.3 31 32.8 35.1 37.5 38.6 40.4 42.2 42.9 43.8 43.7 43.4 43.2 43 42.4 41.7 41.1 39.7 38 36.3 34.1 31.8 29.5 25.8 20.1 19 19.7 21.2 20.8 19.2 15.5 19.6 26.6 30.8 32.2 33.4 33.2 33.5 33.8 33.8 36.6 35.7 36.4 36.7 37.8 39.1 41 42.4 44 45.3 46 46.7 46.7 46.8 46.7 46.9 46.9 46.6 45.5 44.7 43.7 42.6 41.7 40.6 36.4 34.9 35.6 34.7 33.6 32.8 31.7 28.7 29.2 32 37.8 42.1 45.3 46.8 47.1 49.9 53.2
-1.2 -0.5 1 29.3 29.2 29.8 31.1 32.8 34.7 36.4 38.6 40.1 40.9 41.8 42.6 42.6 42.6 42.2 41.9 41.2 40.2 38.9 37.5 35.9 33.4 30.6 27.5 22.1 20 22.7 23.9 25 24.6 23.6 22.8 18.6 20.6 25.6 28.4 28.5 29.9 30.6 33.2 34.6 36.1 36.9 37.8 38.6 40 41.6 43.8 45.4 46.7 47.8 48.4 48.8 48.7 48.7 48.7 48.8 48.4 48.1 47.5 46.5 45.4 44.3 42.5 40.1 39.2 39.1 39.5 39.5 39.1 37.8 36.6 35.4 32.9 32.3 38.6 42.7 45.7 48.4 50.7 51.9 53.9
-1.2 -1.2 0.3 24.1 27 28.3 29.6 31.7 34.5 36 38 39.7 40.4 41.4 42.3 42.4 42.5 42.7 42.6 41.9 40.8 39 37.5 36 33.7 30.4 24.9 21.6 23.1 26.6 27.8 28.7 28.5 27.4 26 23.5 21.2 22.8 24.6 26.7 28.7 33.3 35.3 36.5 37.5 38.8 39.2 40.7 42.2 43.9 45.6 47.2 48.7 50.3 50.7 51.1 51.5 51.3 51.3 51.3 51.2 50.9 50.4 49.1 47.8 46.2 44 41.8 43.5 43.7 43.6 43.9 43.8 42.5 41.4 40.4 37.8 34.1 36.8 42.5 47.2 50.3 52.8 54.7 56.1
-1.2 -1.2 0.3 1.3 21.5 26.3 30.6 34 36.1 38 39.1 40.5 41.8 42.9 43.6 44 44.1 44.2 43.6 42.9 41.8 40.4 38.7 36.9 34.6 31.5 23.7 21.6 26.7 29.4 31.2 31.6 31.3 30.6 29.5 27.6 22.1 24 26.4 29.5 31.6 35.1 37.1 38.4 39.4 40.4 41.2 42.6 44 45.6 47.3 49 51 52.4 53.3 53.8 54.7 55.1 55.2 54.9 54.5 54 53.7 52.4 51.3 48.2 46.6 44.9 47.3 47.3 47.7 48 47.1 46.9 45.9 45.4 42.9 39.2 38.1 42 48.4 52.2 54.7 55.8 57.2
-1.2 -1.2 -0.3 0.5 1.6 30.7 34.1 36.4 38.5 40.3 41.7 43.2 44.2 44.7 45.3 46 46 46 45.3 44.4 43.4 41.8 40.2 38.4 36.2 32.2 24 21.9 28.4 31 33 34.1 34.1 34 33.2 32 29.3 24.4 29.4 32 34.5 36.3 38.1 39.9 41.3 41.9 42.8 44.2 45.7 47.2 49 50.9 52.6 54.3 55.4 56.5 57.4 57.9 58.1 58.5 59 57.6 57.1 55.3 53.7 51.4 49.4 48.9 50.7 51.6 52.4 52.7 52.1 51.6 50.6 48.6 47.2 43.5 40.9 40.8 43.4 48.6 52.5 55.5 57.4
-1.2 -1.2 -1.2 0.2 1.2 13.2 37.1 39.5 41.5 43.1 44.7 45.5 46.6 47.1 47.5 48 48.1 48 47.1 46.3 46.4 44 43.4 40.6 37.9 33.2 25 23.1 29.3 32.6 34.9 36.3 36.9 37.1 36.8 35.6 32.7 26.2 32.3 34.9 37.1 38.3 39.9 41.6 42.4 43.8 44.4 45.8 47.3 48.6 50.8 53 54.8 56.4 57.9 58.8 60 60.5 60.5 60.6 60.4 60.8 59.2 58.1 57 55.4 53.7 52.8 54.4 56.3 57.4 57.5 57.1 56.6 55.6 54.4 51.9 48 45.2 46.3 46.3 46.1 51.9 54.7 58.1
-1.2 -1.2 -1.2 0.1 1.3 4.9 41.2 42.9 44.3 46.3 47.5 48.5 49.3 49.7 50 50.2 50.3 50.2 49.5 48.7 47.2 44.9 44.2 42.2 40 32.9 26.3 23.8 28.3 34.1 36.7 38.1 39.1 39.5 39.5 38.2 36.1 29.9 30.7 36.9 39.5 41.1 41.9 42.4 43.1 44.7 45.9 47.3 48.6 50.5 52.7 55.2 57.4 59.1 60.5 61.7 62.4 62.9 63.5 63.7 63.8 63.5 63.3 61.6 60.4 59.2 56.8 57.4 59 61.1 61.2 61.9 61.7 61.5 60.9 59 57.2 53.2 50.6 51 51.3 46.8 52.7 55.9 59.2
-1.2 -1.2 -1.2 0.4 1.3 3.3 44.2 45.6 47.1 48.7 50.3 51.3 52.2 52 52 52 51.6 51.6 51.3 50.3 49.1 47.3 46.3 45 42.7 37.5 27.5 24.7 26.3 33.9 37.3 39.5 40.9 41.4 41.4 40.1 38.7 35.4 30.1 33.8 36.5 40.3 42.4 43.2 44.3 45.9 47.4 48.9 50.5 52.5 55.4 58.4 60.7 62.5 63.8 64.6 65.3 66.1 66.5 66.8 67.2 67 66.3 66.2 64.4 63 60.4 60.5 62.5 64.1 65.3 65.9 65.6 65.6 64.7 63.5 60.9 56.8 54.2 54.4 55.2 51.8 53.7 58.6 61.5
-1.2 -1.2 -1.2 3.2 26.2 45.9 47.1 48.1 49.4 50.8 52 52.8 52.5 52.9 52.6 52.2 52.4 52.5 52.1 51.3 50.4 49.4 46.7 45.8 43.5 39.8 33 25.2 26.3 32.4 37.2 40.5 43 42.7 43.2 42.2 40.9 36.8 33 34.7 38.7 41.2 42.5 44.6 46.2 47 48.9 50.7 52.4 55.4 58.5 62 64.5 66.4 68.5 68.6 68.1 69.3 69.8 70.5 70.9 70.8 71 70.1 69.3 67.6 64.7 63.2 65.7 67.5 68.5 70 69.6 69 67.4 66.3 63.7 60.9 55.2 58.9 59.4 57.7 53.6 60.5 64
-1.2 -1.2 46.7 48 48 48.3 48.8 49.2 50.3 51.5 52.3 52.6 52.9 53 53 52.9 52.6 52.8 52.4 51.2 50 49 47.4 45.2 42.9 40 36 31.6 25.3 29.1 38.2 41.1 42.5 43.9 44.5 44.1 42.7 40.6 33.7 34.1 38 41.2 43.9 45.7 47.2 48.7 50.8 52.3 55.5 58.8 62.4 66.2 68.8 71 73 74.2 73.8 73.9 74.3 75.1 74.9 75.1 74.7 74.4 73.3 71.7 69.2 67.7 69.6 71.6 73.1 74 73.7 72.8 71.1 69.2 66.7 63.8 62.8 62.4 64.1 63.6 58.3 63.2 67.3
48.4 48 49.4 49.4 49.5 49.1 49.7 50.9 50.9 51.6 52.4 52.4 52.4 52.6 52.5 52.7 52.7 52.1 51.5 50.4 49.1 47.7 47.3 43.9 41.7 39.1 35.8 28.5 24.7 26.6 39.1 42 43.3 44.8 45.7 45.7 44.2 40.7 34.9 37.1 41.1 44.1 45.9 48.2 48.9 50.7 52.4 56.1 59.9 61.9 65.5 69.8 71.9 74.8 77.6 77.9 78.3 79.5 78.9 79.1 80 80 79.1 79.6 77.7 76.3 74.7 74.3 75.1 76.5 78.1 78.6 78.7 76.5 75.1 72.8 70.3 66.3 65.1 66.1 68.7 69.1 66.9 63.3 70.2
48.7 49.1 49.7 50 49.6 48.7 49.3 50 50.6 51 51.3 51.1 51.1 51.1 50.9 51 50.7 50.2 49.4 48 46.7 45.2 43.5 41.8 39.7 37.5 35 26.8 25 27 37.5 42.5 44.6 46.1 46.9 47 45.9 41.6 37.6 39.3 44.2 46.9 48.9 50.4 51.9 53.4 55.6 58.5 62.3 65 67.4 70.6 73.7 76.6 79.5 81.1 81.9 82.5 82.8 82.6 83.5 83.3 82.3 82.2 81.6 80.8 78.7 79.5 81.5 82.2 82.7 81.7 80.9 79.2 77.9 75.9 73.7 70 69.4 71.1 72.3 72.8 72 66.7 70.2
48.9 48.9 48.9 48.8 48.4 47.8 47.9 48.5 48.6 48.7 49.2 49.5 49.1 48.6 47.9 47.9 47.1 46.5 45.3 42.9 41.1 39.4 38.4 37.3 35.8 34.8 33 24.6 23.4 25.4 37.6 42.5 45.7 47.5 48.7 48.9 47.9 44.6 39.5 44.3 47.3 49.8 51.2 52.4 53.1 54.7 57.2 60.7 64.1 66.3 68.5 72 75.3 78.5 81 83.3 83.6 85.3 86.1 86.4 86.1 85.1 85.4 84.9 85.1 84.5 83.8 84 84.5 85.2 85.1 84.4 83.1 81.3 79.9 77.7 75.9 73.9 73.6 74.7 75.8 76.6 76.6 73.8 69.3
47.6 47.3 47.2 47.1 46.7 45.4 45.7 45.9 45.7 46.9 45.3 44.5 42.5 38.2 36.1 35.5 35.1 34 33.9 34.6 34.6 33.9 33.2 31.6 29.3 28.1 26.8 23 23 23.7 32.5 40.8 45.3 47.4 49.5 50.6 50.4 48.4 42.6 46.1 49.1 51.4 52.6 54 55.7 56.8 59.1 62.3 64.7 67.1 70.5 75.3 78.2 81 83.6 85.6 87.1 88.2 89 90.1 90.3 91.4 91.2 89.8 88.7 87.9 87.8 87.9 88.3 88 88 87.5 86.3 84.5 82.6 79.7 77.8 78 76.8 78.2 79.9 81.2 81.5 79.7 77.4
45.3 44.3 42.9 42.8 40 38.8 36.3 33.3 31.4 31.1 31.6 31.8 26.4 22.6 21 20.5 20.9 21 21.5 23.3 24.1 25.8 26.7 25.2 23.8 24.5 22.8 22.7 22.7 23.3 30.5 40 44.5 48.1 50.4 51.5 52.2 51.3 47.3 43.4 49.5 52.1 54.3 55.9 57 58.7 60.9 63.6 66.4 70.5 73.7 76.8 78.8 81.5 83.8 85.9 87.7 88.5 90.5 91.6 91.9 92.5 93 92.4 91.5 90.9 90.9 90.4 90 89.9 90 89.4 88.5 86.9 85.7 82.3 80.6 79.8 79.3 81.1 83 84.5 85.7 85.1 83.8
36.1 31.9 27.9 25.4 23 20.6 19.8 19.6 17.2 16.6 16 15.6 14.5 14.3 15.2 14.2 15.1 16.7 17 17.5 19 20.7 21.6 21.8 22.2 22.3 22.7 22.9 23.2 24.1 30.7 40.6 45.5 49.2 51.4 51.5 52.3 51.8 50.6 45 47.8 52.2 54.6 56.8 58.8 60.5 63.6 66.2 68.8 71.6 74.3 77 79.6 81.5 83.5 85.5 87.4 87.8 89.2 91 92.1 93.3 94.3 94.5 94.7 93.8 93.6 93.6 93.5 93.6 92.7 92.2 90.9 89.3 87.5 85.2 84 82.8 81.7 83.6 86 87.7 88.8 89.1 89
15.5 14.3 13.2 12.6 11.8 11.3 11 11.2 11.9 12.4 13.3 13.8 14.2 14.2 14.3 15.2 16.1 17.7 19.4 19.9 19.4 20 21.4 22.2 22.3 22.4 22.5 23.3 24.6 26.1 33.7 41 46.2 49.5 51.3 52.5 53.6 53.2 51.7 47.1 46.5 49.2 52.7 55.6 57.7 59.7 63.5 65.8 68.6 71 73.3 75.7 77.6 79.9 81.5 83.7 85 86.8 88.6 90.5 92.6 93.8 95.3 96.2 96.5 96.4 96.3 96.5 96.6 95.8 95.2 94.8 93.3 91.8 90.1 88.5 86.7 85.8 84.5 85.9 89.7 91.1 91.6 93 93.6
7.7 8.3 9 9.6 9.9 10.7 11.5 11.8 12.7 13.8 14.6 16.3 16.8 16.8 21.4 23.1 25.1 24.5 24.1 25.6 25.9 23.9 22.5 23.3 23.5 23.9 24.7 26.7 28.6 30.5 31.3 38.5 44.8 48.7 51 52.5 54 53.9 53.4 52.2 49.6 48.4 49.9 51.9 53.7 57.2 60 62.4 64.8 67.5 69.8 72.1 74.7 77 79.2 81.5 84.2 86.5 88.8 90.9 92.9 94.7 96.2 97.5 98.5 98.5 98.7 99.4 99.3 98.8 98.3 97.1 95.5 95 93.6 91 88.2 88.8 88.3 90.9 93.5 95 95.8 96.7 97.1
8.2 8.9 9.7 10.8 13 13.1 13.1 13.5 16.5 19 22.4 25.4 26.5 26 25.6 25.8 26.1 25.6 26.7 30.3 30.6 28.9 27.9 26.4 26.8 27.3 30 33.1 32.8 36.3 36.3 37.9 44.7 48.3 50.4 52.5 53.5 54.2 55.1 54.3 53 51.5 51.7 50.9 52.2 54.7 56.4 59.6 61.8 64.1 67.1 69.8 73.6 76.6 79.6 82.9 85.8 88.2 90.2 92.7 94.7 96.4 98.1 99.8 101 101.3 101.7 102.6 102.5 102.2 101.1 99.8 98.9 98.1 96.8 94.8 93 94.6 94.7 96 97.6 98.6 99.3 100.5 102.3
14.6 18.8 21.9 23.4 23.2 21.3 17.9 16.6 19.6 24.2 27.6 30.1 31.7 32.5 32.2 31.3 30.7 30.6 30.8 34.5 35.6 33.5 31.2 30 29.8 28.7 31 36.6 38.8 40.2 42.5 42 46.5 49.6 51.7 53.5 54.8 56.2 56.9 56.3 55.7 55.1 54.4 53.8 53.2 52.8 56.5 58.2 60.6 62.5 67.1 71.7 75.6 79.1 81.6 85 87.8 90.2 92.2 94.3 96.1 98.1 99.5 101 102.8 103.9 104.7 105.4 105.7 105.8 105.4 104.4 103 101.8 100.3 98.7 96.4 97.7 99.9 100.4 101.2 102.2 104.1 105.2 106.1
25.5 29.2 30.8 31.3 30.2 27.5 23.1 20.1 21.5 27.1 30.9 34.1 35.6 37.3 36.9 36.6 37 37.3 37.2 38.8 39.6 37.7 36 33.5 33.4 32.5 31.4 35.2 37.3 40.8 43.3 45 47.4 50.3 52.6 54.9 56.3 57.6 58.6 58.5 58.9 57.8 57 56.3 55.9 54.9 54.7 58.2 59.3 63.4 68.3 72.6 76.3 79.7 82.9 86 88.5 90.7 92.6 94.9 97.2 98.8 100.2 102.2 105 106.2 106.9 107.7 108.9 109.5 109.7 109.3 107.7 106.7 104.8 102.5 102.2 102.2 105.1 106.1 106.7 107.1 108 108.8 109.4
32.9 34.6 36.1 36.5 36.4 34.8 31.3 26.6 24.4 29 33.9 37.2 40.1 41.5 42.5 43 43 43 42.2 43 44.1 44.4 42.8 40.6 37.8 36.1 34.5 34.8 37.2 39.4 41.7 44.2 47.3 50.7 54.1 56.9 59.4 60.8 61 60.8 61.4 61.1 61.4 60.4 58.6 56.9 55.3 57.4 58.9 64.1 68.3 71.6 75.3 79 82.7 85.7 88.4 91 92.8 94.8 96.9 98.8 100.8 103.2 105.5 107.4 108.9 110.2 111.3 112.6 112.4 112.1 111.4 110.4 109.6 108.9 109 109.3 110 110.9 111.3 112.5 112.1 112.2 112.5
39.2 40.6 41.9 42.1 42.5 40.7 40.2 36.5 31.1 32.3 36.8 41 44.6 46.4 47.4 48 48.8 48.6 46.9 46.4 48.6 49.5 49.9 48.2 46 42.5 41.3 39.1 38.9 41.2 47.5 50.8 51.7 52.6 57.5 60.4 62.7 64.1 64.2 64.4 64.4 65.2 66.2 66.5 65.9 62 59.3 57.8 58.7 64.6 67.9 71.2 75.1 78.9 82.2 85.2 88 90.9 92.1 94.1 96.2 98.5 101.1 103.7 106.1 108.4 110.7 112.2 113.5 114.1 114.3 114.2 113.8 113.4 113.1 112.8 112.5 112.6 113.3 114.7 114.3 115.2 115.4 115.6 115.8
44.4 45.2 46.4 46.9 46.6 45.5 42.8 41.1 37.6 35 38 43.1 47 49.8 51.1 52.3 53 53.8 52.4 52.1 55.2 56.3 57.3 57.9 56.9 54.6 51.9 49.5 53.4 55.8 57.7 58.7 59.5 58.6 62.1 63.6 65 66.1 67.6 68.1 68.2 69 70.1 70.3 69.4 68.1 64.9 61.2 60 62.6 66.3 70 74 77.6 81.4 84.3 87.2 88.9 91.8 92.8 95.5 98.4 101 103.6 106.2 108.7 111.2 112.8 114.1 114.5 115.2 115.3 115.7 115.4 115.1 115.3 115.1 115.5 116.2 116.9 117.8 118.5 119.1 119.4 119.1
48.1 48.9 48.8 48.5 48 47 44.3 44.1 42.9 43 41.3 46.3 49.8 53.3 55.5 57 58 59 59.3 59.1 60.8 62.4 63.5 64 63.1 61.9 60 56.9 59 60.4 61.3 62.3 63.7 60.9 64.9 66.1 67.6 69.2 70.3 70.9 71.5 72.2 73.3 73.3 73.2 71.9 70.5 68 63 62.2 64.8 70 73.2 76.3 80.3 83.1 86.1 88.6 90.6 92.5 95.1 98.2 100.7 103.2 106 108.3 110.5 112.2 113.6 114 115.1 115.8 116.9 117.4 117.1 117.7 118.1 118.5 119.2 119.8 120.1 120.5 121.1 121.2 121.4
48.4 48.4 48.1 47.8 47.5 47.9 47.8 47.2 47.5 47.5 44.9 48.4 53 56.2 58.7 60.7 61.9 63.3 63.3 63.9 65 67 67.8 67.8 67.5 66.3 65.1 63.4 63.6 63.8 64.7 65.7 66.6 67.2 67 68.4 70.2 71.8 73 74.2 74.4 75.1 77.1 78 77.5 76.3 75.1 73.6 71 67.1 64.1 67.4 71.2 74.5 78.2 81.2 84.1 86.8 89.5 92.2 94.5 97.3 100 102.7 105.6 107.4 109.7 111.1 112.5 113.8 115 116.3 117.9 119 119.5 119.7 120.2 120.7 121.5 121.8 122.2 122.5 122.7 122.9 123
47.1 47.2 46.4 46.6 46.5 47.4 48.5 49.6 50 50.3 48.8 51.8 55.3 58.5 60.8 63.8 65.4 66.9 68.1 68 69 71.1 72.1 72.7 71.8 70.8 68.9 67.8 68.7 69.2 70.3 70.4 70.6 70.7 70.5 72.3 74.1 76.1 77.2 77.9 77.7 79.4 80.5 81.3 80.6 80.2 79.6 77.6 74.6 72.1 70.3 67.4 68.8 71.7 75 77.6 80.7 83.8 87.6 90.8 93.3 95.9 98.8 101.5 103.6 106.6 108.3 109.5 111 113.4 114.6 116.2 117.9 119.7 120.9 121.3 121.6 122.2 122.6 122.9 123.2 123.3 123.4 123.8 124.4
42.7 43.5 43 43.5 45.1 46.5 48 50.7 51.5 52.3 53.8 54.5 57.6 60.9 63.7 66.5 68.2 70.7 72 73.5 73.4 75.2 76.3 77.3 75.4 74.6 72.7 74.6 73.8 75.6 74.5 74.3 74.7 74.7 74.8 75.7 77.8 79.7 80.9 81.1 82.1 83.2 84.3 84.6 84.3 84.2 83.2 80.6 78.2 76.4 75.5 72.7 70.7 72.7 73.4 75 77.5 79.1 82.9 86.3 90.7 94 96.5 99.2 101.3 103.7 105.5 107.1 108.9 111.5 114.5 116.1 117.8 119.7 121 121.6 122.4 122.9 123.2 123.1 123.5 123.6 123.7 124.6 124.5
38.5 39.8 42.4 44 45 47.8 49.1 51.2 53.7 54.7 56.3 58.4 60.6 62.4 65.5 68.5 71.6 74.2 76 77.3 78.1 79.2 80.4 81 81.9 80.9 79.9 77.6 76.9 78.6 78.2 78.3 78.2 78 76.9 78.2 80 82.1 83.6 84.9 85 86 87 87.4 87.4 86.8 85.8 84.1 82.2 80.2 78.5 75.3 73.6 76 76.3 77.5 79.1 81.6 80.9 83.9 85.8 88.8 93.3 95.4 98.4 100.5 102.3 104.7 106.7 109.2 111.8 114.3 116.8 119 120.4 121.3 122.1 122.4 122.5 122.3 122.2 123.3 123 123.5 123.5
42.7 43.4 42.9 44.9 46.5 46.4 48.1 52.2 54.6 57.6 59.5 61.5 63.1 64.3 68.1 70.1 74.6 77.5 79.7 81 82 82.9 83.8 84.9 85.4 85.5 84.4 83.9 83 84.3 83.5 83.5 82.5 81.4 80.2 81.5 83.6 85.8 86.9 88 88.1 89.1 89.7 90 90.1 89.2 87.8 85.9 84.1 82.5 80.2 76.2 75 77.9 79.8 80.9 83.2 85.9 88.1 89.3 87.9 89.2 90.8 92.2 94.8 97.1 98.7 101.3 104.5 107.1 109.7 112.2 115 117 118.7 120.1 120.6 121.2 121.4 121.3 121.2 121.5 121.5 121.9 121.8
46.7 47.6 47.5 47.4 48.7 47.8 49.7 54.1 59.1 61.7 63.6 65.1 67 68.6 71 74.3 77.5 80.3 82.8 84.3 85.2 86.1 87.3 88.7 89.1 89 88.9 88.9 88.8 88.5 89 89.2 89.2 87.6 84.6 86.4 89 90.7 91.6 92.8 93 93.7 94.3 93.8 92.6 91.6 89.8 87.8 85.9 83.8 80.5 77.2 76.2 78.8 81.9 84.2 86.8 88.8 90.9 92 92.9 92.7 91 93.3 94.9 96.9 97.8 99.1 101.4 104.3 107.5 110.1 112.5 114.6 116.6 118.2 118.8 119.4 119.5 119.5 119.5 119.3 119.9 119.4 119.8
53.6 54.6 54.1 51.5 56 55.8 54.1 55.2 62.1 65.7 67.3 69.1 69.9 70.6 72.8 76.3 79.5 82 85.5 87.2 88.2 89.2 89.7 91 91.9 92.7 92.7 93.6 93.9 93.7 94.1 94.2 94.2 93.2 90.4 91.9 94.8 95.3 96.8 98 98.9 98.6 98.1 97.4 95.8 94.1 92.1 89.8 86.9 84.2 80.8 78.9 78 79.3 83.6 86.9 89.3 91.5 93.3 94.8 95.9 95.9 97.2 95.7 97.1 98.5 99.2 100.1 102.1 104.7 105.8 107.4 109.9 112.1 114.1 115.6 117.1 118.2 118.5 118.3 117.9 117.7 116.6 116.5 116.7
59.1 59.2 59.2 57.5 58.4 60.9 61.5 58.4 63 66.8 69.4 71.4 72.3 73.5 76.8 79.4 83.1 85.5 87.8 89.7 90.8 91.4 92.3 93.5 94.8 96 96.6 97.4 98 97.9 98.3 98 97.7 97.2 95.3 96.4 97.9 99.4 100.9 101.6 102.1 102.2 101.5 100.7 100.2 97.1 95.2 91.5 88.9 85.4 82.2 81.7 80.6 80.1 84.3 88.5 91.3 93.9 94.8 97.7 98.6 98.5 98.9 100.9 102.5 103.8 104.5 103.3 103.7 105.4 107.7 109.3 110.6 112.3 113.2 114.5 116.5 118.3 119.1 117.8 117.1 115.9 115 114.8 114.9
63.6 63.5 63.3 63.4 63.9 65 65.4 63.4 63.5 67.2 70.8 73.3 75.8 78.1 80.8 83.2 85.8 88.6 90.8 91.8 93.1 93.8 94.7 95.7 97 98.3 99.4 100 101 101.6 101.5 101.3 101.1 100.7 99 99.7 100.6 102.3 104.3 104.3 104.7 104.9 104.3 103.5 102.1 100 97.2 93.5 89.8 86.8 83.1 84.5 84.8 83.9 85.3 89.5 92.9 96.4 98.1 100.2 100.4 101.9 102.6 103.9 105.4 106.7 107.9 107 108.5 110.2 110.8 111.6 112.5 114.4 115.3 116.4 117.3 117.5 118.5 118.6 117.8 116.8 116.1 114.7 113.9
67.2 66.8 66 65.8 66.2 68.6 68.9 68.2 67 68.5 71.6 74 77.1 80.5 83 85.3 88.3 91.1 92.8 94.4 94.8 95.6 96.3 97.2 98.6 100 100.9 102.4 103.7 104.4 104.6 104.3 103.9 103.2 102.1 102.5 103.5 105.3 105.8 106.5 107.1 107.2 106.8 106 105.1 103.4 100.7 96.9 93.1 88.3 85.7 88.8 89.1 88.4 85.3 90.4 94.4 96.7 99.6 100.9 101.9 103.3 104.3 105.7 107 108.3 109.5 110.3 111.1 113.3 114.4 114.6 115.4 116.4 117.1 117.9 118.7 119.3 119.3 119.5 119 117.9 116.9 116.5 116
