public/OST50/SM90.asc
ncols 200
nrows 200
xllcorner 190000
yllcorner 200000
cellsize 50
[rows 76 to 113 of 200, columns 86 to 171 of 200]
58.4 58.2 56.8 55.3 52.8 49.3 47.1 47.8 47.1 45.7 45.9 46.8 46.7 44.2 36.7 43.7 47.4 50.1 52.2 53 52.3 51.5 50.8 50.5 49.9 48.7 46.9 49.4 50.8 52 52.3 51.6 50.7 48.6 49.5 49.8 50 47.4 45 43.3 40 36.5 35 34.7 32.7 30 24.1 4.8 1.9 -2.1 -2.1 23.7 30.8 35.7 40.3 44.6 47.9 50.2 51.6 53.1 54.6 56.1 57.5 56.9 55.9 53.4 50.1 46.5 43.4 40.8 39.7 39.5 40.6 42.3 43.4 44.6 45.9 49.5 53.7 54.3 54.8 55.5 57.1 59.2 61.3 62
57.2 55.3 53.8 53.2 51.3 49.2 45.3 46 44.8 42.6 42.2 43 43.8 41.9 34.9 41.1 44.6 47.4 49.4 50.4 50 48.9 47.8 48.8 48.6 48 46.3 48.2 50 51.2 51.4 50.9 50.1 48.3 48.3 49.1 49.3 48.3 46.3 44.8 42.5 39.9 37.3 35.7 34.5 28.8 14.6 6.1 -2.1 -2.1 10.1 25.2 31.5 36.5 41.2 45.1 47.9 49.4 50.9 52.3 53.8 55.3 56.3 56.4 55.5 53.7 50.5 47.8 44.3 41.7 40.7 41.1 41.8 42.9 44.4 46.2 47.9 48.8 51.2 53.4 54.4 55.4 56.3 58.1 60 61.1
58.4 55.9 52.2 49 48.3 46.6 44.1 44 44.3 42.3 39.3 39 39.6 39.3 35 38.6 41.8 44.9 46.7 48.2 48 46.7 45.2 45.1 45.6 46.3 45 46.8 48.6 49.6 49.7 49.6 49.2 47.6 46.3 47.7 48.2 47.7 47.5 46.7 45.2 43.1 41.8 38.8 35.6 32.8 31.1 6.2 -2.1 0.9 8.2 24.2 30.8 35.8 40.4 44.6 46.9 48.6 49.5 51.2 53 54.3 55.1 55.2 55.1 53.5 52.1 49.2 45.5 42.9 42.1 42.7 43.8 45 46.3 48.5 50.1 52.1 53.3 53.7 53.8 55.1 56.4 57 58.7 60.1
58.1 55.7 52.9 49.1 46.1 43.9 41.9 41 41.9 37.8 35.5 34.4 32.4 31.9 32.2 34.7 39.4 42.3 44.8 45.9 45.9 44.6 42.4 41.7 42.2 42.4 43.6 45.2 46.1 47 47.4 47.4 47.3 45.8 44.2 45.8 46.9 47.9 48.3 48.7 48 46.8 45.1 42.6 39.5 36.8 33.6 17 -2.1 2 1.4 19 28.3 33.8 38.4 42.7 45.3 46.6 47.4 49.5 51.2 52.7 54.1 54.7 54.7 54.1 52.7 50.1 46.7 44.5 44 45.1 46.9 47.8 49.1 50.7 52.3 53.9 54.7 55.2 54.9 54.9 56.5 57 57.8 59.6
55.7 54.7 51.8 50.2 48.8 46.2 44.8 43.8 42.2 42 39.7 37.5 37.2 35.9 32.2 29.8 36.3 40.4 42.8 44.1 44.1 42.8 39.6 37.8 38 39.4 42.3 43.3 43.9 44.1 44.5 45 45.1 44.6 42.5 43.2 45.4 46.8 47.9 49.3 49.7 49.1 47.5 45.8 43.8 41.4 37.8 27.6 -2.1 -2.1 -2.1 7 25.1 30 36.5 40 43.1 44.9 46 47.8 49.2 50.6 52.2 53.4 54.9 54.7 53.1 51.6 49.1 46.8 45.4 48 49.8 51 52.1 53.1 53.7 54.7 55.5 56 54.9 55.3 56 56.5 57.8 60
58.4 57.4 55.1 53.1 50.6 49 48.6 46.6 45.9 44.5 42.4 40.7 40.4 38.7 35.5 30.1 32 37.3 41 42.3 42.3 40.8 37.6 34.3 36.2 40.1 41.8 42.5 42.7 42.2 41.8 42.2 43.1 42.6 39.8 41.2 43.5 45.5 47.6 49.3 50 50.2 49.9 48.4 47.4 45 41.9 35.9 14 -2.1 -2.1 -2.1 15.5 28.2 32.8 32.4 40 42.3 44.4 46.1 47.5 48.8 50.2 51.7 53.6 54.9 54.4 53.5 52.3 49.5 48.4 50.7 52.9 54 55 55.3 55.7 55.3 55.7 55.6 55 55.4 55.1 56.2 57.6 59
60.3 59 57.2 54.7 52.2 51.7 51 49.5 48.1 46.7 44.7 43.3 42.2 39.7 36.2 31.4 27.1 34.4 38.1 39.7 40 38.6 36.7 33.5 34.8 39.4 40.5 41.2 41 40.2 38.8 39 39.9 39.5 37 37.7 40.6 43.5 47 49.4 50.2 50.7 51 50.7 49.9 48.3 45.3 41.4 25.5 -2.1 -2.1 -2.1 -2.1 24.1 29.5 32.8 34.9 40.2 42.4 44.5 46.4 47.8 47.8 49.5 52.3 54.4 55.5 55.7 54.1 51.9 51.7 53.8 55.1 56.1 56.8 56.4 56 55.6 55.2 54.5 54.3 54.4 54.1 55.3 56.5 57.6
61.3 60.2 58.4 56.3 54.3 53.6 52.8 51.7 50.3 48.6 47.1 45.8 43.7 40.3 36.2 31.8 30 24.8 29.2 36.2 36.4 36.2 35.4 33.5 33.6 38.2 39.4 39.7 38.8 37.8 36 35.9 37.2 36.5 33.7 34 38.3 42.5 46.1 48.9 50.8 51.3 51.5 50.8 49.8 48.2 45.9 41.7 30.7 7.5 -2.1 -2.1 -2.1 15.4 26 30.1 34.2 37.6 40.2 42.6 44.7 45.7 46.5 48.2 51 54 55.9 57 56.5 55.1 55.2 56.4 56.9 57.6 57.5 56.4 55.3 54.6 53.6 52.6 52.2 51.9 51.8 53.2 54.9 56.2
62.2 60.8 59.4 58.4 56.6 55.8 54.5 53.6 52.5 50.9 49.7 47.9 45.2 41.4 36.9 33.3 33 31.9 28.7 24.3 31.7 32.8 31.2 26 34.4 38.9 39.6 39.2 37.8 36.4 33.9 31.3 31.8 33.8 28.9 32.9 37.6 42.7 46 48.5 50.9 51.9 51.6 50.9 49.7 48 46.4 44.2 37.6 9.4 -2.1 -2.1 -2.1 10.5 22.3 27.2 29.8 35.2 36.5 39.4 41.5 43.5 45.5 47.6 50 52.9 55.6 57.5 57.3 57.5 57.8 58.2 58.5 59.1 58.1 56.9 55.7 54.6 53.2 51.4 49.3 48.5 48.5 50.6 52.5 54
62.2 61.5 60.7 59.7 58.8 57.4 56.1 55.3 54.3 53.3 51.8 50 47.4 43.9 39.1 35.9 35.2 35.7 34 29.1 21 26.6 27.1 27.1 35.3 39 39.5 39 38 36.3 34.2 30.6 28.2 31.3 29.6 34.5 40.4 43.7 47.3 49.7 51.3 52.4 52.2 51.6 49.9 48 47.2 44.8 40.2 8.9 -2.1 -2.1 -2.1 8.4 20.4 17.5 24.3 36.1 33.2 35.8 38.2 41.6 44 46.5 49 51.9 54.8 57.4 58.3 59.1 59.9 59.6 60 59.9 58.6 57.2 55.8 54.8 53.7 52.4 49.9 47 45.1 46.6 48.8 51.5
62.7 62.3 61.4 60.6 60.3 58.9 57.3 56.3 55.1 53.7 52.6 51.4 49.4 46.3 42.6 39.4 37.5 36.6 35.4 33.3 28.2 23.6 18.1 21.1 33.2 36.4 36.9 36.8 36 35.2 33.6 31.3 22 26.1 33.1 36.8 42.6 46.2 49.5 51.2 52 52.8 52.6 51.8 50.2 48.2 45.9 42.4 30.4 8 -2.1 -2.1 -2.1 21.8 22.8 27.7 33.5 36.9 39.8 41.8 41.1 42.3 43.3 45.5 47.9 50.7 53.7 56.6 58.8 60.3 60.6 60.5 60.6 59.6 58 56.4 54.8 53.4 52.9 51.5 49.3 47.8 45.7 43.4 45.9 49.1
62.3 62.5 61.7 60.7 60 58.9 57.3 56.2 55 54 52 50.8 49.4 47.3 44.4 41.2 38 36.8 35.8 34.1 32 27.3 21.1 18.6 22.5 30.7 26.4 28.6 30.8 31.4 30.8 25.5 21.3 32.7 36 40 44.4 47.9 51 52 53.1 53.2 53 52.1 50.8 49.2 46.8 42 23.6 6.5 -2.1 -2.1 18.3 22.8 25.6 32.4 37 39.9 41.2 44.1 44.8 45 44.7 45.5 46.9 49.2 52.2 54.9 57.6 60 60.9 61 60.3 58.9 57.4 56.1 54.6 53 52.9 52.2 50.6 49.1 47.1 44.5 41.5 44.7
60.9 61.2 61.2 60.1 59.2 58.5 57 55.2 53.5 52.7 50.7 49.8 48.9 46 43.1 40.1 37.1 35.4 33.5 32.1 29.9 28.1 29.7 25.8 16.6 14.7 13.7 15.1 26.1 25.8 19.6 16.4 29.4 36 40.3 44.1 47.2 49 50.9 52.3 52.8 53.2 53 52.5 51.5 50 47.6 43.5 22.6 6.5 -2.1 -2.1 14.6 21.4 26.8 34.1 38.3 41.1 39.1 45.7 46.6 46.9 47.1 46.8 47.3 48.3 50.7 53.9 56.6 59.3 60.8 60.5 59.7 58.3 56.7 55.4 54.2 54 54 53 52.3 50.2 47.7 43.1 39.6 38.7
58.7 59.9 59.9 59 58 57.1 55.9 54.2 52.8 50.8 48 45.8 44.5 42.4 41 38.2 37.5 37.5 36.9 36.3 34.7 34.2 33.2 29.3 24.7 23.2 17 9.5 9.8 16.1 13.2 21.3 32.2 37.8 42.6 45.5 47.7 49.8 50.8 52 52.7 53 53.2 52.8 51.8 50.4 47.2 42.5 19.6 6.5 -2.1 -2.1 9.7 20.6 27.6 34.2 38 41.3 42.8 46.1 46.8 46.8 47.3 47.8 48.2 49.1 51.4 53.6 56.1 58.7 60.1 60.1 59.2 57.5 55.7 56.5 55.7 55.5 54.9 53.7 52 49.8 48 45.3 41.8 38.5
56 57.6 58.2 57.8 57.3 56.7 55.7 53.5 51.4 49.8 48.7 46.5 44.5 43.7 42.1 40.7 41.6 41.3 40.5 39.7 38.3 37.1 34.2 31.2 30.1 29.8 26.4 19.5 10.2 8.3 15.5 25.6 32.1 38 42.7 45.5 47.4 49.2 49.9 50.9 51.7 52.6 53.1 53 52.1 50.1 46.6 42.3 18.7 6.6 -2.1 -2.1 9.6 22.7 28.5 33.3 37.4 41.2 44.7 46.2 46.7 46.6 46.2 46.8 48.5 49.8 51.3 52.8 55 57.3 58.7 58.7 57.5 55.9 54.7 55.9 57.1 56.8 56.1 54.7 52.3 50.8 49.3 47.8 46.7 44.4
53.4 55.2 56.4 57.1 56.6 56.2 55.8 53.9 52.3 51.1 50.3 49 47.4 47.1 45.5 43.8 44.2 43.9 43.4 42.7 41 39 36.9 35.1 33.7 31.8 28.3 23.4 16.1 7 19.6 26.1 32.8 37.1 41.3 43.8 45.2 46.3 47.9 49 50 51.6 52.5 52.4 51.3 48.9 46.2 42 23.1 6.5 -2.1 -2.1 -2.1 22.9 28.1 32.1 35.9 42.2 43.3 42.4 46.2 45.1 43.3 44.4 46.4 48.5 49.9 50.3 52.4 54.7 56.5 56.1 54.8 53.4 53.6 55.8 57 57.3 56.6 54.7 52.5 50.9 48.9 50.2 48.8 46.1
50.7 52.5 54.2 56 56.8 57 56.9 55.5 54 53 52.3 51.4 50.5 49.4 47.8 46.2 46 45.4 44.7 44.1 42.8 40.9 38.8 37.7 35.5 32.5 27.8 21.7 13.4 6.3 16.2 25.3 31.1 35.2 38.8 40.9 43.1 44.4 45.5 47.2 48.9 50.7 51.4 51.1 49.5 46.6 43.3 39.5 16.3 6.6 -2.1 -2.1 -2.1 22.3 26 29.8 33.6 37.4 39.6 43.2 41.4 37.9 35.4 39.5 41.9 44.3 44.9 44.8 46.6 49.4 52.3 52.6 51.3 50.3 51.9 53.9 56.1 57.1 56 54.6 53 51.3 51.6 51 49.8 47.4
48.3 49.9 51.8 54.1 55.9 56.6 57 56.1 55.2 54.1 52.9 51.8 52.2 51.1 49.7 48 47.2 46.4 45.6 44.7 43.1 41.8 41.1 39.3 36.5 33.2 28.1 24 17.4 5.9 13.8 23.1 27.7 31.8 35.1 37.7 39.5 41 43.2 45.6 47.4 48.8 49.8 48.8 47.1 43.4 38.3 30.3 8.4 -2.1 -2.1 -2.1 9.5 19.5 21.9 23.9 23.5 30.2 29.6 29.1 23.2 19.6 19.2 25.4 29.7 33.1 35.5 36 37.4 40.7 46.1 48.3 47.4 46.8 48.7 51.2 54 55.1 55.1 54.3 53.5 52 52.4 51.7 50.5 48.5
44.6 47.2 49.9 52 53.4 54.9 55.6 55.6 55 53.9 53.2 52.3 52.6 51.9 50.4 48.9 47.8 46.9 46.1 44.9 43.7 42.6 41.6 40.1 37.1 33.9 30.8 26.4 19.4 4.3 6.6 19.3 23.5 27.5 30.5 32.9 35.5 37.2 40.2 43 45 46.1 46.5 45.7 43.8 39.3 31.3 16 7.3 -2.1 -2.1 -2.1 8.7 16.6 16.9 12.3 13.2 14.4 13.3 10.2 2.3 2.3 7.9 9.9 12.2 14.6 16.3 18.5 22.2 26.9 36.4 40.1 42.1 42.8 45.8 48.3 50.9 52.5 53.3 53.5 53.2 52.1 52.3 51.7 50.6 48.4
41.2 44.1 46.9 48.5 50.3 51.4 52.4 52.6 53 52.4 51.7 51.4 51.7 51.5 49.9 48.7 47.8 46.9 46.2 45.2 44.2 43 41.6 39.7 37.4 34.3 30.8 27.9 22.9 10.5 3.6 10.4 17.3 22.5 25.5 28 30.3 33.8 37 39.5 41.9 42.8 42.2 41.6 38.9 34.4 20.1 8 6.4 -2.1 -2.1 1.2 7.5 8.2 8.2 1.9 1.5 1.2 1 0.7 0.3 0.3 0.8 1 1.2 1.7 2.4 8 11.2 15.4 18.5 24.9 33.1 37.2 40.9 44.4 46.9 48.8 50.8 51.5 51.2 50.9 51.5 51 50 47.3
38.7 39.2 41.7 44.1 46 47.6 48.8 49.5 49.9 48.9 47.2 47.5 48.3 48.3 48 47.2 46.4 45.6 45.7 45.3 44 42 40.5 37.6 35.2 33 30.2 27 23.6 18.9 7.3 4.4 10.8 15.8 19.4 21.9 25.4 30 33.4 36 38.5 40 39.3 37.8 34.1 26.5 10.4 6.6 4.1 -2.1 -2.1 2.4 3.7 3.4 1 -0.1 -0.7 -2.1 -2.1 -2.1 -2.1 -2.1 -2.1 -2.1 -2.1 -2.1 -2.1 -2.1 0.6 1.9 9.8 13.7 16.9 26.2 33.5 38.1 41 44.6 47.2 48.7 49.1 49.2 50.5 50.4 48.6 45.9
35.1 34.1 35.5 38.2 39.8 41.8 43.8 45 45.8 44.6 42.5 42.6 42.8 43.5 43.9 44 43.4 42.4 43.7 44 43 41.1 38.6 35.1 32.4 30.2 26.9 23.4 19.5 12.2 5.7 -2.1 8.3 11.7 13.9 16.8 20.5 25 28.5 32 34.6 36.5 36.8 35.6 31.4 26 8.8 6.2 -2.1 -2.1 -2.1 -0.1 -0.2 -2.1 -2.1 -2.1 -2.1 -2.1 -2.1 -2.1 -2.1 -2.1 -2.1 -2.1 -2.1 -2.1 -2.1 -2.1 -2.1 -2.1 1.2 9.7 9.3 14.2 19.5 26.4 32.8 38.1 42.5 44.8 45 46.5 48.3 48.5 47 43.8
26.9 29.4 31.4 29.1 29.8 32.8 37.5 39.5 41.7 40.3 38 36.7 37.4 37.5 38.5 39.2 39.2 38.9 39.2 39.7 39.3 37.8 35 27.9 25.2 22.7 18.8 9.8 7.3 3.5 0.9 -2.1 2.2 8.5 10 12.3 15.2 19.9 25 29.6 32.4 34.6 36 36.1 33.3 29.6 15.8 7 -2.1 -2.1 -2.1 -2.1 -2.1 -2.1 -2.1 -2.1 -2.1 -2.1 -2.1 -2.1 -2.1 -2.1 -2.1 -2.1 -2.1 -2.1 -2.1 -2.1 -2.1 -2.1 -2.1 1.1 6.2 9.6 13.3 16.1 19.5 28.1 36.3 39.9 39.9 43.3 44.6 45 43.5 40.7
34.2 28.5 22.9 20.9 17 18.5 21.6 35 38 36.3 33.5 30.8 31.3 31.5 31.1 32.5 33 32.9 33.5 34.1 32.7 30.9 23.7 14.2 11.3 4.4 2.4 2.2 2.2 3.1 2 -2.1 0.1 2.1 6.8 9.3 12.1 15.9 24 28.4 31.5 34.2 35.6 36.2 34.2 29.3 13.9 7 3.8 -2.1 -2.1 -2.1 -2.1 -2.1 -2.1 -2.1 -2.1 -2.1 -2.1 -2.1 -2.1 -2.1 -2.1 -2.1 -2.1 -2.1 -2.1 -2.1 -2.1 -2.1 -2.1 -2.1 2.4 6.2 8.6 11.7 14.1 17.1 23.4 30.2 32.8 37.7 39.2 39.3 38.1 36.6
37.7 34.8 33 31.8 31.2 26.9 11 27 33.7 32.4 29.4 25.2 24.1 21.7 19 20.3 22.5 24.8 26 25.2 17.7 12.8 9.6 2.2 1.6 1.4 1.3 1.1 1.2 1.6 1.5 -0.2 -2.1 0 1.8 6 9 11.9 20.3 25.7 28.4 32 34.3 34.2 31.1 24.8 10.1 8 5 -2.1 -2.1 -2.1 -2.1 -2.1 -2.1 -2.1 -2.1 -2.1 -2.1 -2.1 -2.1 -2.1 -2.1 -2.1 -2.1 -2.1 -2.1 -2.1 -2.1 -2.1 -2.1 -2.1 0.4 4.3 5.7 8.1 10.6 12.2 15.1 18.3 20.4 24.6 29.2 31.6 31.6 30.1
38.5 36.4 34.9 34.5 33.5 28.4 11.4 13.7 26.9 25.8 22.8 18 12.6 5.8 3.2 4.7 3.9 10.2 11.8 10.6 2.1 1.9 1.5 1 0.5 0.2 0.1 0.1 0.2 0.4 0.4 -1 -2.1 -1.4 0.3 1.3 2.8 6.8 11.3 15.5 23.3 27.7 29.7 29.5 23.6 13.1 9.2 7.8 6.5 -2.1 -2.1 -2.1 -2.1 -2.1 -2.1 -2.1 -2.1 -2.1 -2.1 -2.1 -2.1 -2.1 -2.1 -2.1 -2.1 -2.1 -2.1 -2.1 -2.1 -2.1 -2.1 -2.1 -2.1 1.8 4.3 5.2 7 8.1 11 13 14 15.7 15.9 16.5 9 6.3
39.6 38.1 36.1 33.4 30.7 27.1 19.8 7.3 7.6 9.7 8.4 2.4 1.8 1.3 1.4 1.2 1.2 1.5 1.5 1.1 0.5 0.2 -0.1 -0.5 -0.8 -1 -1 -1 -0.9 -0.8 -0.8 -2.1 -2.1 -2.1 -2.1 -2.1 -2.1 0.8 2.4 7.8 11.6 16.8 22.1 18.6 12.1 10.4 7.9 7.5 -2.1 -2.1 -2.1 -2.1 -2.1 -2.1 -2.1 -2.1 -2.1 -2.1 -2.1 -2.1 -2.1 -2.1 -2.1 -2.1 -2.1 -2.1 -2.1 -2.1 -2.1 -2.1 -2.1 -2.1 -2.1 -2.1 0.9 1.9 2.4 4.3 6.6 8.6 9.8 10.8 10.7 9.6 7.3 -2.1
41.8 39.8 37.9 35.5 33 29.1 21.4 14.3 7.1 4.6 -2.1 1.1 0.6 0.2 0.2 0 -0.2 -0.1 -0.3 -0.6 -1.1 -2.1 -2.1 -2.1 -2.1 -2.1 -2.1 -2.1 -2.1 -2.1 -2.1 -2.1 -2.1 -2.1 -2.1 -2.1 -2.1 -2.1 -2.1 0.9 5.5 9 10.2 10 8.7 7 7 6.9 -2.1 -2.1 -2.1 -2.1 -2.1 -2.1 -2.1 -2.1 -2.1 -2.1 -2.1 -2.1 -2.1 -2.1 -2.1 -2.1 -2.1 -2.1 -2.1 -2.1 -2.1 -2.1 -2.1 -2.1 -2.1 -2.1 -2.1 -0.1 2.3 3.6 3.8 4.9 6.2 6.5 5.3 2.6 -2.1 -2.1
44.4 42.4 40.2 37.4 34.9 32.3 27 23.4 14.3 2.2 -2.1 -2.1 -0.8 -1 -1.1 -1.3 -2.1 -2.1 -2.1 -2.1 -2.1 -2.1 -2.1 -2.1 -2.1 -2.1 -2.1 -2.1 -2.1 -2.1 -2.1 -2.1 -2.1 -2.1 -2.1 -2.1 -2.1 -2.1 -2.1 -2.1 -2.1 2.3 5.7 6.2 4.7 2.4 1.5 0.8 -2.1 -2.1 -2.1 -2.1 -2.1 -2.1 -2.1 -2.1 -2.1 -2.1 -2.1 -2.1 -2.1 -2.1 -2.1 -2.1 -2.1 -2.1 -2.1 -2.1 -2.1 -2.1 -2.1 -2.1 -2.1 -2.1 -2.1 -2.1 -2.1 -2.1 4.5 4.9 3.1 2.6 -2.1 -2.1 -2.1 -2.1
47.2 45.1 41.6 38.5 34.8 29.9 26.8 21.4 15.4 -2.1 -2.1 -2.1 -2.1 -2.1 -2.1 -2.1 -2.1 -2.1 -2.1 -2.1 -2.1 -2.1 -2.1 -2.1 -2.1 -2.1 -2.1 -2.1 -2.1 -2.1 -2.1 -2.1 -2.1 -2.1 -2.1 -2.1 -2.1 -2.1 -2.1 -2.1 -2.1 -2.1 -2.1 1.3 0.4 -0.3 -2.1 -2.1 -2.1 -2.1 -2.1 -2.1 -2.1 -2.1 -2.1 -2.1 -2.1 -2.1 -2.1 -2.1 -2.1 -2.1 -2.1 1.5 1.8 -2.1 -2.1 -2.1 -2.1 -2.1 -2.1 -2.1 -2.1 -2.1 -2.1 -2.1 -2.1 -2.1 -2.1 2.8 -1.5 -2.1 -2.1 -2.1 -2.1 -2.1
49 47.9 43.4 38.9 32.6 25.9 19.7 11.8 -2.1 -2.1 -2.1 -2.1 -2.1 -2.1 -2.1 -2.1 -2.1 -2.1 -2.1 -2.1 -2.1 -2.1 -2.1 -2.1 -2.1 -2.1 -2.1 -2.1 -2.1 -2.1 -2.1 -2.1 -2.1 -2.1 -2.1 -2.1 -2.1 -2.1 -2.1 -2.1 -2.1 -2.1 -2.1 -2.1 -2 -1.9 -2.1 -2.1 -2.1 -2.1 -2.1 -2.1 -2.1 -2.1 -2.1 -2.1 -2.1 -2.1 -2.1 -2.1 -2.1 -2.1 2.1 6.7 7.8 8.8 -2.1 -2.1 -2.1 -2.1 -2.1 -2.1 -2.1 -2.1 -2.1 -2.1 -2.1 -2.1 -2.1 -2.1 -2.1 -2.1 -2.1 -2.1 -2.1 -2.1
51.3 48.8 45.2 38 23.9 12.4 -2.1 -2.1 -2.1 -2.1 -2.1 -2.1 -2.1 -2.1 -2.1 -2.1 -2.1 -2.1 -2.1 -2.1 -2.1 -2.1 -2.1 -2.1 -2.1 -2.1 -2.1 -2.1 -2.1 -2.1 -2.1 -2.1 -2.1 -2.1 -2.1 -2.1 -2.1 -2.1 -2.1 -2.1 -2.1 -2.1 -2.1 -2.1 -2.1 -2.1 -2.1 -2.1 -2.1 -2.1 -2.1 -2.1 -2.1 -2.1 -2.1 -2.1 -2.1 -2.1 -2.1 -2.1 -2.1 -2.1 6 13.8 23.1 23.4 21.4 -2.1 -2.1 -2.1 -2.1 -2.1 -2.1 -2.1 -2.1 -2.1 -2.1 -2.1 -2.1 -2.1 -2.1 -2.1 -2.1 -2.1 -2.1 -2.1
47.9 42.7 37.6 21.2 -2.1 -2.1 -2.1 -2.1 -2.1 -2.1 -2.1 -2.1 -2.1 -2.1 -2.1 -2.1 -2.1 -2.1 -2.1 -2.1 -2.1 -2.1 -2.1 -2.1 -2.1 -2.1 -2.1 -2.1 -2.1 -2.1 -2.1 -2.1 -2.1 -2.1 -2.1 -2.1 -2.1 -2.1 -2.1 -2.1 -2.1 -2.1 -2.1 -2.1 -2.1 -2.1 -2.1 -2.1 -2.1 -2.1 -2.1 -2.1 -2.1 -2.1 -2.1 -2.1 -2.1 -2.1 -2.1 -2.1 -2.1 1.1 10.4 25 30.5 34.2 34.5 33.3 -2.1 -2.1 -2.1 -2.1 -2.1 -2.1 -2.1 -2.1 -2.1 -2.1 -2.1 -2.1 -2.1 -2.1 -2.1 -2.1 -2.1 -2.1
39.8 30.7 18.3 -2.1 -2.1 -2.1 -2.1 -2.1 -2.1 -2.1 -2.1 -2.1 -2.1 -2.1 -2.1 -2.1 -2.1 -2.1 -2.1 -2.1 -2.1 -2.1 -2.1 -2.1 -2.1 -2.1 -2.1 -2.1 -2.1 -2.1 -2.1 -2.1 -2.1 -2.1 -2.1 -2.1 -2.1 -2.1 -2.1 -2.1 -2.1 -2.1 -2.1 -2.1 -2.1 -2.1 -2.1 -2.1 -2.1 -2.1 -2.1 -2.1 -2.1 -2.1 -2.1 -2.1 -2.1 -2.1 -2.1 -2.1 -2.1 2.4 15.9 29.8 40.4 38.1 40.3 42.4 42.2 18.2 -2.1 -2.1 -2.1 -2.1 -2.1 -2.1 -2.1 -2.1 -2.1 -2.1 -2.1 -2.1 -2.1 -2.1 -2.1 -2.1
18.2 13.6 -2.1 -2.1 -2.1 -2.1 -2.1 -2.1 -2.1 -2.1 -2.1 -2.1 -2.1 -2.1 -2.1 -2.1 -2.1 -2.1 -2.1 -2.1 -2.1 -2.1 -2.1 -2.1 -2.1 -2.1 -2.1 -2.1 -2.1 -2.1 -2.1 -2.1 -2.1 -2.1 -2.1 -2.1 -2.1 -2.1 -2.1 -2.1 -2.1 -2.1 -2.1 -2.1 -2.1 -2.1 -2.1 -2.1 -2.1 -2.1 -2.1 -2.1 -2.1 -2.1 -2.1 -2.1 -2.1 -2.1 -2.1 -2.1 1.1 10.2 22.8 32.6 39.5 40.1 42.4 43.3 43.4 41 18.8 -2.1 -2.1 -2.1 -2.1 -2.1 -2.1 -2.1 -2.1 -2.1 -2.1 -2.1 -2.1 -2.1 -2.1 -2.1
-2.1 -2.1 -2.1 -2.1 -2.1 -2.1 -2.1 -2.1 -2.1 -2.1 -2.1 -2.1 -2.1 -2.1 -2.1 -2.1 -2.1 -2.1 -2.1 -2.1 -2.1 -2.1 -2.1 -2.1 -2.1 -2.1 -2.1 -2.1 -2.1 -2.1 -2.1 -2.1 -2.1 -2.1 -2.1 -2.1 -2.1 -2.1 -2.1 -2.1 -2.1 -2.1 -2.1 -2.1 -2.1 -2.1 -2.1 -2.1 -2.1 -2.1 -2.1 -2.1 -2.1 -2.1 -2.1 -2.1 -2.1 -2.1 -2.1 -2.1 2.3 14.3 23.8 33.6 38.5 40.4 41.8 42.4 43.2 42.9 41.8 21.6 -2.1 -2.1 -2.1 -2.1 -2.1 -2.1 -2.1 -2.1 -2.1 -2.1 -2.1 -2.1 -2.1 -2.1
-2.1 -2.1 -2.1 -2.1 -2.1 -2.1 -2.1 -2.1 -2.1 -2.1 -2.1 -2.1 -2.1 -2.1 -2.1 -2.1 -2.1 -2.1 -2.1 -2.1 -2.1 -2.1 -2.1 -2.1 -2.1 -2.1 -2.1 -2.1 -2.1 -2.1 -2.1 -2.1 -2.1 -2.1 -2.1 -2.1 -2.1 -2.1 -2.1 -2.1 -2.1 -2.1 -2.1 -2.1 -2.1 -2.1 -2.1 -2.1 -2.1 -2.1 -2.1 -2.1 -2.1 -2.1 -2.1 -2.1 -2.1 -2.1 -2.1 1.7 11.3 22.2 27.1 31.1 37.1 39.9 41.1 41.3 42.3 41.9 41.3 40.6 26.9 -2.1 -2.1 -2.1 -2.1 -2.1 -2.1 -2.1 -2.1 -2.1 -2.1 -2.1 -2.1 -2.1
-2.1 -2.1 -2.1 -2.1 -2.1 -2.1 -2.1 -2.1 -2.1 -2.1 -2.1 -2.1 -2.1 -2.1 -2.1 -2.1 -2.1 -2.1 -2.1 -2.1 -2.1 -2.1 -2.1 -2.1 -2.1 -2.1 -2.1 -2.1 -2.1 -2.1 -2.1 -2.1 -2.1 -2.1 -2.1 -2.1 -2.1 -2.1 -2.1 -2.1 -2.1 -2.1 -2.1 -2.1 -2.1 -2.1 -2.1 -2.1 -2.1 -2.1 -2.1 -2.1 -2.1 -2.1 -2.1 -2.1 -2.1 1.9 12.9 21.8 32.4 36.2 37.1 38 37.9 39.1 38.3 38.7 39.3 39.5 37.9 38.7 38.3 37.8 24.5 -2.1 -2.1 -2.1 -2.1 -2.1 -2.1 -2.1 -2.1 -2.1 -2.1 -2.1
