public/OST50/SM90.asc
ncols 200
nrows 200
xllcorner 190000
yllcorner 200000
cellsize 50
[rows 152 to 189 of 200, columns 0 to 85 of 200]
12.3 16 18.6 21.1 24.1 27.4 30.2 32.5 35 37.4 39.3 40.6 45.4 50.2 53.9 56.7 59.2 60.5 62 62.4 60.5 59.5 58.2 54.6 51.5 48.5 46.4 43.4 39.2 38.2 35.3 30.1 28.8 26 23.1 19.5 16.8 15.3 13.9 12.7 14.1 16.3 18.7 21.5 23.9 26.2 28.1 28.2 27.1 26 24.7 23.2 20.3 14.4 7.6 7 6.7 5.8 5.5 5.4 5.5 5.5 5.4 5.2 5 5.2 5.3 5.3 5.1 5.1 4.8 4.6 4.7 5.3 5.8 4.9 -0.7 -2.1 1.8 1.4 0.8 0.2 -0.4 -0.9 -1.5 -2.1
9 12.4 15.4 18 19.7 22.9 26 27.9 30.5 32.6 33.4 34.2 41.5 47.1 51.8 55.9 58.9 61.1 62.8 62.9 62.1 61 60 58.8 55.6 50.9 47.3 43.8 38.9 38.7 38.1 35.6 30.7 27.8 24.9 22.2 18.8 17.4 16.8 15.7 15.7 18.3 21.2 22.5 24.6 26.7 28.7 29.7 29.3 27.3 26.4 25.7 24.7 23.7 19 13.1 6.8 6.2 5.8 5.5 5.4 5.4 5.2 5 4.9 5.1 5.4 5.4 5.4 5.3 5 4.7 4.7 6.1 5.9 -0.7 1.3 6.3 2.3 1.7 1.1 0.5 -0.1 -0.6 -1.2 -2.1
5.7 8.4 10.1 13 15.5 17.9 19.1 22.3 23.8 26.4 27.4 29.5 36.3 41.5 48.3 52.8 56.8 59.7 61.7 62.4 63.3 62.4 60.9 60 57.7 56.3 53 48 43.1 41.6 38.7 36.3 32.2 29 25.9 23.2 20.5 19.4 18.8 18.2 18 19.8 22.5 24.4 25.9 28.3 30.7 31.5 30.4 29.1 26.2 24.9 24 24.8 25.8 23.2 20.1 14 7.6 5.7 5.7 5.6 5.1 4.9 5.3 4.9 5.6 5.9 5.7 5.6 5.1 4.9 5.2 5.5 1.8 6.3 7.5 7.3 4.6 2 1.4 0.8 0.2 -0.4 -1 -1.5
5.8 6.3 6.3 7.9 9.9 11.1 13.9 15.4 16 18.3 19.8 23.4 29.1 34.8 40.8 46.1 51 56 58.9 60.3 61.7 63.3 63.2 63.3 59.8 58 58 56.6 55.6 52 46 41.1 37.1 32.3 28.5 25.6 22.6 21.5 20.9 20.3 19.9 20.2 23.1 26.5 29 31.6 33.5 33.7 32.4 30 27.5 24.8 23.8 26.1 28 28.9 25.9 21.8 17 12.8 9.1 6.9 5.5 5.4 6 5.2 6.6 7.2 6.7 6.6 6.6 6.5 6.4 7.1 7.6 7.1 7.4 7.6 4.8 2.1 1.6 1 0.4 -0.1 -0.7 -1.2
6 6.1 6.4 6.8 7.1 7.6 8.5 10.6 11.1 13 14.9 17.6 22.5 27.4 34.6 40 44.3 49.5 53.3 56.5 59 60.8 62.7 63.1 63.5 62.8 61 59.6 58 55.7 55.2 52.5 46.6 41.6 34.8 29.7 27.3 25.3 24.7 24.1 22.7 20.4 22.2 25.9 30 34.3 36.4 36.9 35.7 33.9 29.9 27.3 25.8 28.2 30.4 32 32.7 31.4 28.2 25.2 22.2 18.7 15.4 10.9 6.2 5.6 8.5 8.5 8.1 8.2 8.3 8.1 7.8 7.5 7.8 7.8 7.9 7.9 5 2.4 1.8 1.3 0.7 0.2 -0.3 -0.8
7.9 7.6 7.5 7.4 9.1 10.4 11.3 10.7 9.8 11.7 12 14 16.8 20.8 26.7 34.1 38.8 42.7 46 49.8 53.2 56.5 59 61 62 62.8 62.5 62.7 60.2 58.2 56.7 56.3 52.4 49.5 43.4 37.9 34.3 31.2 29.1 29.9 28.9 26.1 23.7 26.1 29.1 33.8 38 39.1 39.5 38.2 33.8 30.5 28.3 31.1 33.2 34.3 35.6 32.7 33.6 31.4 28.1 24.9 19.3 16.9 11.7 8.8 11.4 12.3 12.1 11.1 10.6 10.1 9.6 9 8.8 8.4 8.5 8.6 6 2.4 2.1 1.6 1 0.5 0.1 -0.4
9.9 10 10.4 11.8 12.4 13.7 14.5 14.5 13.5 12.4 12 12.1 14.3 16.1 20.7 27 33.2 37.6 41 44.1 47.2 50.9 54 56.1 58.1 59.4 60.6 61.7 62.5 62.6 59.7 57.3 56.8 53.4 49.5 46.4 42.8 37.2 36.4 36 33.8 31 28.1 30.5 33.3 36.1 39.1 41 41.2 40 35.9 31.3 32.7 33.9 35.1 36.3 36.1 36 35.3 33.1 28.8 23.5 20.4 20.7 14.1 14 17.2 20.2 16.4 14.5 13.2 12.3 11.8 11.3 10.6 10.4 10.5 9.5 7.6 3.9 2.4 1.9 1.5 1 0.5 0
11 11.5 12.5 14.2 14.9 15.6 16.3 16.8 17.2 17.3 16.7 15.2 14 14.5 16.6 22.2 28.3 32.8 36.1 39.8 42.8 45.5 47.5 49.4 51.6 54.9 57.6 58.7 61.2 62.5 63 61.2 58.8 56.5 53.7 50.6 47.9 44.9 43.1 40.9 39.4 35.8 31.9 36.3 39.9 42.6 43.3 44.1 43.5 41.3 37.3 35.5 37.3 37.9 38.4 38.3 38.4 37.6 35.9 33.6 31 28.1 24.5 23.6 14.5 19.3 20.5 22 20.9 18.9 17.3 15.9 14.8 13.7 12.7 13.3 17 15.9 11.9 7.6 5.6 2.4 1.9 1.4 0.9 0
11.6 13.6 15.1 16.7 17.6 18 18.9 19.6 20 20.7 21.7 22.8 22.6 19.3 17.7 19.3 24 27.8 31 34.6 38.1 41.4 43.5 44.5 45.3 48 51.6 55.7 58.6 61.1 62.3 62.2 60.5 58.5 56.7 55 52.2 49.1 47.3 45.3 44.1 41.1 35.5 40.3 45.8 48.8 49.1 48.5 47.1 45.1 42.6 41.4 39.4 39.7 40.7 40.3 40.4 38.5 36.6 34 31.4 29.2 27.1 25.4 24.5 23 24.2 24.3 22.7 21.6 21 21 20.7 19.2 16.7 16.7 19.9 18.5 15.4 10.1 8.2 5.9 2.2 1.8 0.9 -0.1
12.7 15.4 16.9 18.4 20 22.4 23 24.3 24.6 24.9 25.8 26 25.5 24.3 22 18.7 21.6 23.7 26.1 29.4 33.2 36.5 39.1 40.4 41.3 42.3 45.8 49.9 54.5 57.3 59.7 60.7 60.5 59.9 59 57 55.5 53.5 50.7 49 48.6 45.8 39.5 43.1 50.7 53.3 54.7 54.3 52.5 51 49.1 46.6 44.3 42.2 41.9 41.3 41.2 39.4 36.9 34.3 31.8 29.6 27.9 26.3 25.7 24.7 27.5 27.3 25.9 24.4 24.1 25 25.5 25.7 23.1 21.1 21.5 20.4 17.4 12.7 10.7 8.2 4.6 1.9 0.9 -0.1
12.5 17.1 19 20.4 22.5 24.6 26 27.3 28.2 28.7 28.5 27.8 26.4 24.6 22 19.5 19.4 21.8 22.9 25.4 28.4 31.3 34.1 36.3 37.5 39 44.5 46.1 50 53.7 56.6 58.3 59.1 59.5 59.4 58.9 57.5 56 54.5 52.8 51.9 50.2 45 45.3 53.3 56.8 58.8 59.2 57.5 56.2 54.4 51.4 48.4 46.4 45.9 44.3 42.4 39.4 37.2 34.6 32.2 29.7 28.1 26.8 26.8 26.4 29.4 30.9 29.1 28.2 28.7 30 30.8 29.7 28.7 28 25.3 22.9 18.8 15.4 12 9.2 6.9 2.2 0.9 -0.2
11 16.5 20.6 22.9 24.9 27 28.6 29.8 30 29.9 28.9 27.7 26 23.6 21.8 21.7 21.7 21.3 21.1 23.4 25 27.2 29.8 31.7 34.3 36.6 42.4 44.6 46.8 50.3 53.2 55.6 56.7 57 57.4 57.8 58.4 58.3 57 56 54.7 52.6 48.4 47.6 54.5 58.8 61 62.2 61.3 60.5 59.3 55.8 52 50.8 50.5 48.2 43.5 41 38.1 36.7 34.3 30.9 27.9 26.8 26.4 28.5 32.2 34 33 32.5 33.7 35.3 35.8 34.6 32.3 32.2 29.8 27.5 23.5 18.8 15.2 11.5 8.1 2.4 1.1 -0.2
10.3 16.2 21.4 25 27.3 29.4 31.2 32.4 32.2 31.9 30.4 28.8 27.2 25.7 24.5 24.4 24.7 23.6 21.9 22.7 25.1 26.2 28.9 31.4 34.3 36.9 39.6 44.2 45.3 48.8 50.5 52.7 53.6 53.8 54.6 55.9 56.9 57.9 58.5 57 55.5 54 50.8 50.7 56 60.9 63.2 64.3 64.6 63.7 63.1 60.7 57.2 55.4 54.4 51.3 44.6 42.6 45.4 44 40.9 37.4 34.4 31.4 29.2 30 32.3 34.1 35.2 36.3 37.2 38.6 38.4 37.5 35.8 33.9 31.8 29.5 26.6 23.1 16.5 12.5 8.7 1.9 0.1 -1.1
11.6 18.5 23.2 27.1 29.7 32 33.8 34.6 35 34.9 33.1 31.5 29.9 28.5 27.2 27.3 26.9 26.5 26.6 25.6 24 27 29.5 32.6 35.1 37.9 40.1 42.7 45.4 47.9 48.8 49.8 50.6 51.2 51.4 52.7 54.4 56 56.8 56.9 56.6 55.3 53.7 55.5 59.5 62.4 64.8 66.3 67.1 67 66.3 64.4 61.4 59.9 58.3 55.7 51.5 48 50.2 48.7 46.2 42.9 39.7 37.1 34.9 34.4 36.6 36.4 37.1 37.8 38.8 39.3 39.9 39.7 37.6 35.2 32.4 29.5 26.2 22.3 16.6 11.5 5.4 0.5 -2.1 -2.1
10.8 19.4 24.9 29.4 32.1 34.3 35.7 36.3 36.6 36.4 35.3 34.2 32.4 30.9 30.4 30.4 29.7 29 29.1 29.5 28.6 27.5 28 31.1 35.1 38.4 41.2 43.7 46.5 48.4 48.5 48 48.8 49 48.7 49.4 51.2 53 54.5 55.7 56.5 56.6 56 57.7 60.7 63.5 65.8 68.2 69 69.2 68.6 67.6 65.4 63.8 62.2 60.5 57.2 53.3 54.7 53.6 50.1 47.1 45 42.4 38.8 36.9 39.3 39.9 40.1 40.1 40.3 40.8 41.2 41.7 40.4 37.4 33.8 30.4 27.2 22.5 17.2 11.3 2.2 -2.1 -2.1 -2.1
8.8 20.8 26 29.9 33.4 36 37.2 38 38.4 38.9 38.6 37.3 36.5 35.9 35.6 34.7 34.9 34.4 34.1 33.7 32.9 31.6 30.1 29 33.4 36.9 39.9 43.1 46.8 48.5 47.6 46.2 47.1 46.8 46.6 47.8 49.1 50.1 51.7 53.9 55.4 56.2 56.4 57.7 60.3 63.5 66.7 68.8 70.6 70.7 70.3 69.8 68.4 67.6 66 64.3 62 58 59 57.5 54.8 51.6 49.1 45.7 41.6 39.3 40.7 42.2 42.2 42.1 42.1 42.7 43.1 43.4 41.7 38.5 33.7 29.8 25.8 19.9 13.6 4 -2.1 -2.1 -2.1 -1.2
9.1 17.6 23.7 28.3 31.5 34.6 37.8 38.6 39.8 40.9 42.3 43 42.1 43.5 42.5 40.8 40 41 42 42.3 39.8 37.4 34.8 30.6 31.1 34.6 37.7 40.9 44.2 46.8 46 43.6 42.7 43.7 43.1 45.3 46.2 47.8 49.2 51.4 53.3 53.8 55.2 56.6 59.5 62.9 66 69.3 71.1 71.7 71.7 71.9 70.9 70.1 69.2 67.8 65.4 62.6 62.3 60.8 58.2 55.4 52.3 48.5 44.7 41.8 43 44.2 44.1 43.9 43.8 44.7 45.4 45.3 43.3 39.9 35.5 30.7 25.5 18.5 -2.1 -2.1 -2.1 -0.3 0 0.2
13.9 11.3 17.3 21.9 26.4 29.2 32.8 35.1 37.8 39.9 42.9 44.9 46.3 46.4 46.4 45.5 44.5 45.4 46.2 46.7 45.5 43.1 39.3 34.5 32.4 33.1 35.1 37 40.1 42.8 42.5 39.4 40.5 41.8 42.7 44 44.9 46 47 48.9 50.7 51.1 53 54.9 58 61.5 65.2 68.4 70.6 72.1 75.7 73 72.1 71.6 71.1 69.8 68.4 66.7 65.2 63.2 60.9 58.3 54.9 50.7 46.8 45.4 45.7 46.4 45.8 45.6 45.3 46.1 46.6 45.8 43.6 41.5 37.6 32.4 23.9 -2.1 -2.1 -2.1 1.1 1.3 1.4 1.5
19.6 11.8 12.1 11.6 11.8 21.9 26.5 30.4 33.8 37.4 41 43.8 45.7 46.7 47.2 47.2 47.2 47.1 48.2 48.9 48.2 45.6 41.6 37.9 35.8 35.3 35.3 35.7 36.9 37.8 39.2 41.7 43.1 44.4 45.4 45.9 46.3 47.3 47.9 48.4 48.8 50.5 52 54.3 57.8 60.7 64.4 67.4 69.7 71.7 74.4 73 75.5 72.5 72.3 71.4 70 68.5 66.5 65.2 63.2 60.6 57.2 53.5 50.5 48.4 47.6 47.5 47.3 46.5 46.4 47.2 46.8 44.8 42 39.4 34.8 13.2 3.5 -2.1 9.3 14.2 10.2 9 7.6 7.8
17.9 13.9 21.5 21.8 19.1 11.4 19.4 24.3 30 34.3 38.1 41 42.6 44.3 45 45.8 46.8 47.5 48.7 49.5 49.5 47.8 45.3 42.6 40.2 39.9 38.5 39.2 40.3 41.7 44.9 46.6 47.2 48.5 48.8 48.2 48.1 48.7 49.3 50.1 50.4 50.9 52.4 54.4 58.3 61.3 64.1 66.8 68.9 70.9 72.6 73 75.7 72 71.9 71.6 70.5 69.3 67.6 66.1 64.3 62.2 58.8 55.3 53 50.6 48.7 48.8 48.6 47.6 46.7 46.9 46.5 44.2 40.8 33.4 11.8 3.6 11.5 21.9 29.3 26.2 23.6 20.7 18.4 18
13.7 18.6 26.6 28 27.1 22.6 14.1 17.1 24.6 29.7 34.1 37.6 39.2 40.4 41.2 42.3 43.9 45.6 48.2 49.2 49.7 50.5 50.3 50.1 48.8 47.2 45 47.4 49.1 51 51.8 52.5 53.6 52.8 52.7 51.8 50.7 51.1 51.5 51.8 52.1 52.6 54.1 56 57.6 61.3 64.2 66.1 68.2 70.2 71.9 72.7 71.8 70.9 70.9 71.1 70.3 68.9 67.8 66.5 64.7 62.7 59.9 57.3 54.2 51.3 49 48.8 48.3 46.8 46.4 46.1 44.4 41.6 37.5 18.3 7.4 18.9 29.7 37 36.3 34.7 31.3 28.7 25.8 22.4
13.8 23.4 30.6 32.4 31 28.7 24.9 17 15.1 23.5 28.3 32.4 34.6 36.2 37.1 38.2 39.8 42.6 45.9 48.1 49.2 50.7 51.8 52.4 53.1 52.9 52.6 54.2 55.4 56.6 57.5 59 58.9 58 55.9 54.9 54.5 54.2 54.6 54.7 55.3 56 56 57.7 59.4 60.5 63.2 65.6 67.8 69.4 70.6 70.8 70.5 69.4 69 69.7 68.7 67.3 66.3 65.3 64.3 62.4 59.7 56.9 53.9 50.4 47.1 45.3 45.7 45.5 45.9 45.2 42.3 34.2 15.9 10.5 22.3 35.6 40.3 42 41.6 39.6 36.7 33.3 28.9 25
17.6 23.2 29.5 33.6 32.9 30.4 28.3 25 20.7 15.3 20.7 25.7 29.1 31.7 33.2 34.4 35.7 39 41.8 44.2 47 49.2 50.7 51.9 53.3 54.3 54.6 56.2 57.4 58.3 59.6 60.4 61 61 59.8 58 58 57.6 57.6 57.8 58 57.9 57.1 58.4 60.8 62.5 63.7 65.2 67.3 68.5 68.7 68.7 68.5 67.4 66.9 67.7 67 65.7 63.8 63 62.4 60.8 58.7 55.8 52.7 49.6 46 42.5 40.3 41.8 44.9 44.9 41.7 25.4 12.4 22.5 33.4 41.3 44 45.1 45.2 42.8 39.9 36.2 31.9 27
19.7 21.3 26.8 31.4 31.9 30.9 29.3 27 24.7 22.2 16.8 19.9 24.5 27.2 29.1 29.8 31.1 34.1 37.1 40.1 43.1 45 47.2 49.5 51.2 52.6 54.1 55.1 56.6 57.9 59.2 60 60.7 61.1 61 60.2 59.7 60.4 60.3 60.8 60.4 60.1 59.7 60.5 62 63.3 64.8 65.6 66.3 66.6 66.7 66.3 65.7 65.1 65 65.7 65.2 63.2 60.5 60.2 60.2 57.9 56.6 54.3 50.4 42.8 40.1 39.2 35.4 35.7 31.6 22.1 16.1 14.6 22.5 33.4 38 43 45.6 46.6 46.6 44.7 41.3 38.6 35.2 29.9
23.1 23.9 23.7 27.5 29.3 30.3 29.7 28 25.7 23.4 20.8 18.6 19 23.8 22.5 21.9 23.5 27.5 31.8 34.6 37.7 40.5 43 45.5 47.8 49.6 51 52.3 53.7 55.4 56.7 57.7 58.6 59.7 59.6 59.3 59.5 60.4 60.3 60.8 60.6 60.5 60.5 61.2 62.2 63.2 64.7 65.2 65.4 65.5 65.4 64.7 63.9 62.6 62.7 63.8 63.3 61.1 56 55.8 56.8 56.1 54.3 51.9 49.1 44.8 29.8 23.4 23.1 18.8 17.8 18.6 20.6 27.2 37 41.4 42.9 44.9 46.5 47.2 47 45.3 43.1 40.2 37.6 32.6
25.2 27.6 25.7 28 29.9 32 31.4 30.1 28.4 27.5 25.8 23.3 20.6 20.9 23 24.7 26.1 25.7 24.3 24.9 31.9 35.3 38.1 41.4 44 45.3 46.8 48.2 49.2 51.1 53.5 54.5 55.2 56.3 55.7 56.7 57.5 58.5 59.1 59.2 58.9 60 60.5 60.5 61.7 62.8 64 64.3 64.3 64.5 63.8 63.1 61.4 59.8 60.9 61.9 61.4 59.8 57.2 52.3 52.8 53 50.7 47.6 45 34.7 22.3 26.6 28.2 29.1 25.1 32 31.7 34.2 42 45.1 46.7 47.6 47.9 48 47.4 45.8 43.9 41.4 37.9 33.1
29.2 30.8 30.8 27.2 31 33.7 33.8 32.8 32.1 31.3 30 27.5 22.6 23.3 24.3 25.9 28.4 31.8 32.8 31.3 28.5 27.3 33.6 36.8 38.9 40.4 41.9 43.2 44.4 46.2 48.1 49.4 50.5 51.9 50.5 52.3 54.9 56.7 56.9 56.8 57.5 57.8 58.1 58.8 59.8 61 62.8 63.3 63.3 62.9 62.1 61.1 59.5 57.4 58.8 60 59.5 58.3 57 53.6 49.3 46.8 45.6 42.7 33.1 24.1 28.7 33.9 33.5 38.3 33.5 33.7 36.4 33.6 42.4 47 48.8 49.3 48.9 48.3 47.5 46.3 44.4 41.5 37.4 32.6
32.7 34.2 34.2 31 30.9 34.4 35.6 35.3 35.1 34.8 33 30.3 24.7 25.7 28.2 28.5 29.7 33.7 36.4 37.1 35 32.1 31.2 31.2 31.2 34.3 35.7 37.1 39 40.2 42.7 44.2 45.6 47 47.5 48.4 51.2 52.3 54 54.6 54.9 55.6 55.9 56.6 57.8 58.9 61 62.2 62.1 62.2 61.3 59.7 57.6 55.5 56.3 57.7 58.3 57.8 56.3 54.6 51.6 46.8 42.1 35.7 27.5 25.9 35.4 39.1 40.8 42.9 41.5 33.3 40.6 38.9 42.4 47.1 49.6 49.9 49 47.9 46.8 45.5 43.9 41.3 35.3 26.3
36.5 36.5 36 34.3 32.1 35.2 37.1 37.6 37.4 36.9 35.1 32 27.8 26.5 31.3 32.1 32.3 35 38.4 39.7 39.3 37.2 34.8 33.8 32.4 31.8 31.6 33.1 33.7 33.1 36.8 39.1 40.8 41.9 42.8 44.7 47.2 49.3 50 51.9 52.8 53 53.4 53.4 55.1 57.4 59.5 61.3 61.6 61.6 61 59.6 57.9 55.6 53.5 54.4 56.1 56.5 55.8 53.8 51.1 48.1 44.1 37.2 24.3 31.7 40.2 45.7 46.6 46.4 44.1 37.2 41.9 43.1 43.3 47 48.9 49.7 48.9 47.1 44.8 43 40.5 37.5 35 31.6
40.2 38.6 37.1 34.7 34.4 36.2 38.5 39.3 39 38.3 36.1 33.3 30.9 27.5 32 35.8 36.2 36.4 39.5 41.1 42.5 41.7 40.3 38.8 37.5 36.9 36.9 37 37.8 37.8 36.8 35.7 37.1 36.1 39 41.6 44 46.1 46.8 48.1 49 49.2 49.7 52.1 55.1 57.7 59.7 61.2 61.8 61.7 60.8 59.7 58.2 56.3 54.4 51.2 52.4 54.2 53.7 52.3 49.7 46.9 43.1 32.8 28.8 36 44.9 47.7 48.4 47.8 45.9 42.7 41.3 43.3 44.7 46.1 48.6 49.7 49.7 47.9 46.1 43 41.6 40.3 36.8 32.9
42.7 41.3 38.9 37.1 36.7 38.5 40.3 40.9 40.5 38.7 36.5 35.3 33.3 32.2 31.7 36 39 40.8 42.1 44.1 45.6 46.3 45.8 45.2 43.8 42.7 42.1 41.5 41.9 41.6 41.5 40 38.8 37.9 36.7 37.2 39.7 42.1 43.5 45.2 46.9 47.3 49.5 51.6 53.8 56.7 59 60.8 61.5 61.6 61.1 59.9 58.3 56.2 54.5 52.6 50.2 50.3 51.3 49.6 47.8 44.6 40 27.9 32.5 40.9 46.5 48.5 48.7 48.4 46.6 44.3 42.8 45.1 47.2 48.7 49.9 50.6 51.2 49.7 49.1 47.4 45.8 43.9 40.3 35.9
43.7 43.7 41 39 38.8 40.5 42.2 42.4 42 40.1 39.1 37.5 36.2 36.6 35.7 33.1 38.7 43 45.4 47.5 48.8 49.7 50.2 50.6 50.4 49.4 48.7 48 47.4 46.8 46.1 45.1 43.9 43.2 42.3 41.1 39.7 39.6 40.3 42 43.5 46.3 49.2 51.4 54.2 56.6 59 60.4 61.3 61.6 61.1 60.3 58.5 56.5 54.6 52.5 50.2 45.6 45.7 45.7 44 41.5 35.9 27.7 35.1 43.4 46.1 48 49.3 49.5 48.5 48.3 46.5 48.7 50.9 52.3 53.6 54.4 54.5 54.2 52.8 51.1 48.6 45.8 42 38.3
46.7 45.8 43.8 41.5 41.5 43.5 44.3 44.6 44.2 42.8 41.8 40.8 39.7 40.5 40.2 38 36.1 42.1 47.2 49.8 51.3 52.8 53.5 54.6 55.1 55 54.3 54 53.6 52.7 52.2 51.1 49.8 48.5 47.3 45.5 42.9 41.6 40.5 40 43.2 45.4 47.9 50.3 53.3 56.2 58.3 59.9 60.7 61.3 61 59.8 58.1 55.4 53 50.9 48.5 45 41.3 38.3 36.1 30.4 29.1 32.7 34.3 40.7 44.8 47.4 49.3 50.9 51.9 51.6 51 52 55.3 56.8 57.8 58.2 57.6 56.8 55 52.4 49.7 46.5 41.9 37.7
49.9 47.5 45.8 43.9 44.1 46 47.1 47.3 46.9 45.9 44.8 43.8 43.3 43.8 42.7 42.2 39.8 39 43.6 49.1 52.4 53.9 56.3 57.8 58.6 59.3 58.9 58.1 57.7 57.1 56.1 55 53.9 52.4 50.5 47.5 46.7 44.5 42.4 39.5 40.8 43.1 45.3 47.8 50.7 53.4 55.9 57.3 58.5 58.5 58.2 57.2 56 53.3 50.4 47.7 43.9 39 37 37.9 37.7 35.7 33 37.9 37.3 38.8 44.5 48.3 51.4 53.6 55 56.1 55.5 56.9 58.7 60.2 60.6 60.2 59.2 58 55.6 53.1 50.1 46.3 41 36
55.2 50.5 48 47.1 48.2 49.4 49.7 49.5 49.4 49 48.3 47.7 47.5 47.6 46.5 46.2 44.9 42.7 42.7 47 51.6 54.2 57.8 59.4 60.8 61.6 61.5 61.7 60.7 59.8 59.1 57.8 56.1 54.9 52.2 49.3 48.4 46.1 43.9 41.9 41.9 43 44.1 45.7 47.7 49.9 51.8 54 56.5 56.7 56.4 56 54.4 51.9 49 46.5 44.7 44.1 44.5 44.7 43.6 38.1 36.4 42 43 42.1 44.3 49.6 53.1 56.1 58.4 60.6 60.4 61 61.6 62.5 62.2 61.7 60.5 58.9 56 53.4 50.3 46.7 42.3 37.7
56.7 55.5 52.9 51.6 52.7 53.3 52.8 52.6 52.4 52.1 51.7 51.3 51.9 51.8 50.8 50.4 50.3 48.2 45 43.6 48.4 52.5 56.5 58.8 61 62.4 62.7 62.5 62.4 62.4 61 59.5 57.7 55.4 53.3 51.6 49.9 47.5 45.4 44.7 42.4 44.2 45.4 46.6 48.2 49.4 52.1 54.5 56.7 57 57.1 57.1 55.8 53.5 50.9 47.1 48.4 48.1 47.7 47.2 45.6 36.3 39.9 45.3 46.5 46.6 45 49.9 54.7 58.1 60.9 62.8 63.8 63.7 64.1 64.3 64 62.8 61.3 59.4 56.4 53.6 51 47.7 43.5 39.2
58.7 59 56.3 55.9 56.3 56.5 56.2 55.7 55.4 55.1 55.1 55.9 55.7 56.2 55.7 55.1 54.9 53.4 51.1 47.7 45.8 49.7 54 56.8 58.6 59.8 61.2 62.7 62.9 63.1 62.1 60.5 59.3 57.4 54.9 53 51 49.3 47 43.6 43.5 46 47.6 48.7 49.9 51.3 53.4 55.7 57.9 58 58.1 58.2 56.9 54.4 50.9 49.3 50.8 50.2 49.4 46.6 42.5 36.6 44.4 47.4 48.9 49.8 49.5 49.6 55.1 59.1 62.4 64.6 65.8 65.7 66 66 64.8 63.6 62.1 59.7 56.9 53.7 50 45.4 40.2 35.9
60.4 60.2 58.8 58.2 58.7 58.7 59.1 58.7 58.4 58.2 58.3 60 60.2 59.8 59.9 59.2 58.4 57.6 55.9 53.3 50.2 48.3 50.5 53.9 56.1 57.6 59 61 62.2 62.6 62.8 61.2 60.8 58.4 55.5 53 50.8 48.7 46.3 43.6 44.3 47.7 49.3 50.7 51.8 52.9 54.7 57 58.4 58.6 59.2 58.7 57.8 55.9 53.5 51.9 52.7 52.2 50.7 47.6 39.2 43.9 45.4 47.5 50.1 52.2 53.4 52 54.5 59.3 63.1 65.7 67.2 67.6 67.9 67.2 65.8 64.4 62.5 59.7 56.7 52.9 48.1 42.7 35.8 29.8
