public/OST50/SM90.asc
ncols 200
nrows 200
xllcorner 190000
yllcorner 200000
cellsize 50
[rows 0 to 37 of 200, columns 0 to 85 of 200]
64.9 67.3 69.4 70.9 72.4 73.6 74.7 75.8 76.6 77.4 78.5 80 81 81.5 81.5 81.1 81.9 83 83.8 83.9 83.1 82.1 80 77.8 75 71.4 71.5 73.2 75 74.1 71.4 68.3 65 62.2 59.7 57.4 55.6 50.7 46.3 52.2 54.3 57.9 60 61.7 62.8 63.4 64.5 66 67.6 68.3 68.3 66.2 66.7 69.7 71.8 73.6 75 76.5 76.3 76.3 76.2 76 75.2 73.5 72 70.8 69.5 67.5 65 63 60.8 59.2 56.4 54.5 52.5 50.4 48.6 47.9 51.6 55.2 57.9 59.7 60.8 62.1 62.7 62.8
62.9 65.6 66.5 68 69.3 70.5 71.6 72.8 74.3 75.4 76.6 77.8 79.1 79.7 79.3 79.1 79.9 81.7 82.3 82.8 82.4 81.4 79.4 77.1 74.3 71 67.7 67.2 69.9 70.9 69.6 66.9 64.1 62.2 59.7 57.3 54.9 51.9 45 50.6 54.5 56.8 58.9 60.2 60.7 60.8 62.2 63.6 64.8 65.6 65.9 63.3 67.4 69.4 71.1 72.9 74.6 75.3 75.7 76 75.9 75.5 75 74 72.6 71.4 70.3 67.8 64.8 62.4 60.4 59.2 56.4 54.5 52.6 50.5 48.7 46.3 50.2 53.1 55.3 56.8 58.2 59.4 60 59.4
60.7 62.5 63.6 64.9 66.2 67.4 68.7 70 70.8 72.7 74.3 75.7 76.9 77.5 76.7 76.7 78.3 79.8 80.5 81 80.9 79.6 78.6 76.3 73.7 70.4 67 62.9 63.9 66.1 65.6 63.9 62.7 61.3 59.9 57.7 55.5 52 45.2 49.3 53.7 55.7 57.6 58.7 58.2 58.2 59.5 60.1 60.8 60.9 60.8 63.2 65.1 68 70.3 72.1 73.4 74.3 74.7 75.2 75.2 74.6 74 73.2 71.9 70.7 69.3 67 64.5 62.5 60.9 58.6 56.8 54.9 53.5 51.7 49 47.3 46.3 49.5 51.5 53.5 54.6 56 56.4 55.8
59.2 59.4 60.6 62.3 63.6 64.8 66.2 67.4 68.7 70.5 71.8 73.2 74.3 74.5 73.8 74.3 76.5 78 78.7 78.8 78.6 77.8 77.2 75.5 73.5 70.8 67.7 62.5 59.3 59.8 60.2 59.7 59.3 59.4 58.7 57.6 56.1 52.9 47.3 47.1 52.6 54.3 55.8 56.2 54.7 53.3 53.6 56.3 59.1 61.7 65 66.4 67.9 68.5 70.3 71.8 72.7 73.3 73.6 73.7 73.4 73 72.6 72.1 70.8 69.5 68.1 65.8 63.5 62.2 61.3 59 57.2 55.8 54.5 53.3 51.4 49.2 43.8 47 48.8 49.9 51.1 52 51.9 51.5
59.6 57.3 58.3 59.9 61.1 62.3 63.6 64.9 67 68.3 69.1 70.1 71.1 70.4 71.4 72.7 74.7 76 76.5 76.7 76.5 76 75.6 75.4 73.8 71.1 68.3 63.9 59.9 57.3 54.4 54.5 54.7 56.6 57.6 57.2 56.2 54.2 50.1 43.1 50.4 52.3 53.1 53.7 50.3 53.7 57.3 59.1 61.9 64 65.9 67.7 68.9 70 71 71.5 71.8 71.8 71.9 71.9 71.6 71.6 71.1 70.4 69 67.8 66.6 64.8 62.9 61.4 59.7 59.6 58 56.7 55.4 54.3 52.8 50.1 44.9 43.5 45.2 46 47.8 48.8 48.5 46.5
60.1 56.9 56.3 57.5 58.6 59.8 61 63.2 65.3 65.9 66.7 67 66.9 67.1 69.1 70.6 72.7 73.1 73.4 74.1 74.7 74.2 74.4 74.9 73.1 71.2 68.4 65.1 61.2 58 57.2 54.6 51.7 52.8 54.6 56.6 56.3 55.2 51.9 46.3 46.6 49.4 46.6 49.1 52.8 55.6 58.2 60.3 62.3 64.1 66.1 67.9 69.1 70.1 70.6 70.9 71.2 71.2 70.7 69.5 69.7 69.9 69.4 68.6 67.4 66.1 65.1 63.6 62.1 60.5 59.5 58.8 58.1 57.3 55.9 54.8 53.5 50.3 45.4 40.8 41.7 43.6 45.7 46.6 46.2 43.2
60.9 58 55 55.2 56.2 57.4 59.5 61.6 63.2 63.4 63.5 64.3 64 63.9 66.9 68.6 70.1 70.4 70.4 70.9 71.6 72.2 72.6 72.3 72 70.9 68.7 65.8 62.7 60.1 59 56.4 53.7 49.9 51.8 54.6 55.7 55.4 53.7 49.1 41.9 44.8 48.3 51.7 53.7 55.8 57.7 59.5 61.7 63.5 65.2 67.6 68.4 69.1 70.1 70.3 70.5 70.3 69.6 67.6 68 68.3 67.6 66.3 65.5 63.7 63.2 62.4 61 59.9 57.7 57.1 57.2 56.6 55.7 54.6 53.1 50.3 46.7 42.3 39.9 42.4 44.1 45.6 45.6 42.7
62 59 54.1 54.1 53.3 55.5 58.1 60 61.1 60.8 59.4 60 59.8 61.4 64.5 66.2 67.4 67.8 67.6 68.4 69.2 70.3 71 70.4 70.1 69.6 68.1 65.8 63 60.4 58.2 55.6 53 49.9 48.9 52.2 54.3 55 53.9 51 43.7 45.4 48.8 50.7 52.9 54.5 56.2 58.4 60.4 62.8 64.2 66 66.7 68.1 69 69.3 69.7 69.5 68.7 67.5 65.8 66.7 66.2 65.5 63.9 62.3 61.1 60.5 60.1 58.3 56.7 54.8 56.5 56.3 55.6 54.7 53.3 52 49.4 45.5 40.6 38.6 42.2 44 43.5 41.3
62.9 60.7 57.3 54.6 51.2 53.1 56.9 58.8 59.3 58.1 56.1 55.8 56.6 58.7 61.5 63.6 64.5 64.6 64.9 66.4 68.2 69.7 70.1 69.3 68.6 68.2 67.1 65.1 62.7 60 57.1 54.2 51.6 48.7 45.4 49.8 52.9 54.2 53.5 51.2 44.8 43.2 47.7 49.7 51 52.8 55.2 57.3 59 61.2 62.7 63.7 65.3 66.9 67.6 68.2 68.1 67.9 67.4 66.1 62.9 65.3 65.6 64.7 63.5 61.4 59.6 59 58.4 57.9 56.2 53.6 54.8 55 54.9 54.2 53.3 52.5 51.5 48.7 45 39.4 36.8 38.3 38 36.6
63.9 62.2 59.9 57.2 52.9 51.4 55.7 57.7 58.1 57.4 55.3 53.1 54.3 55.9 58.5 60.5 61.9 62.2 65 66.5 67.7 68.6 69.1 68.3 67.6 66.4 66.1 64.8 62.5 59.8 57.1 53.8 50.3 47.7 46.1 45.8 49.9 52.6 52.7 50.7 46 41.9 46.1 48.4 49.4 51.5 54.1 55.4 57.3 59.5 60.6 62.1 64.2 65.6 66.3 66.7 66.3 65.9 65.1 64.1 61 63.7 63.8 63.1 62.5 60.6 58.7 57.5 56.7 55.7 54.9 52.9 51.6 52.3 52.7 53.1 53.3 53.1 52.1 50.3 48.2 45.2 39.8 37.6 35.4 33.9
62.6 61.3 59.9 58.1 54.1 49.5 54.7 56.6 56.8 56.5 54.2 51.2 51.8 53.2 55.2 57.3 58.4 61.6 64.2 65.3 66.5 67.1 67.5 67.4 66.9 65.6 64 62.3 60.4 57.5 55 53.3 51.6 50.4 49.1 46.1 45.3 49.6 51.1 49.5 46.5 41.6 43.8 46.2 47.8 50.6 51.5 52.9 55 57.6 60.2 61.3 63.3 64.2 64.8 65.1 64.7 63.7 62.8 61.8 59.8 62.1 62.2 61.6 61 60.3 58.2 56.9 54.4 53.7 53.2 52 49.9 48.9 49.7 50.9 51.8 52.2 52.5 50.9 48.7 46.1 44.2 39.7 37.7 37.5
61.8 60 57.7 55.5 52.4 47.7 53.1 55 56.1 55 52.7 50.4 50.4 51.7 53.2 55.4 58.2 61.1 63.3 64.5 65.4 66.1 66.4 66.9 66.2 65.9 65 63.3 61.6 59.8 57.9 56.2 54.3 53 51.7 49.1 46.2 42.6 47.8 47.6 44.2 39.4 43.4 46 46.8 47.4 49.5 52.8 55.6 57.9 59.7 60.9 62.3 62.9 63.1 63.6 63.4 62.5 61.1 58.6 58.4 60.5 60.6 60.1 59.5 60.4 57.6 56.5 54.2 51.8 51.6 51.3 48.6 47.3 45.8 48.3 50 51.3 52.2 51.1 48.8 46.7 43 42 43.5 40.2
62.9 61.4 58.5 54.3 50 47.1 49.5 52.8 53.8 53 50.9 48.4 50.5 53.1 54.7 56.7 58 60.5 62.5 63.6 64.3 65 65.8 66 65.6 65.5 65.3 64.2 63 61.7 60.4 58.8 56.9 55.5 54.1 52 50.2 46.1 39.5 42.2 39 41 45.3 48 49.5 50.3 51.4 53.5 55.8 57.8 59.3 60.6 61.2 61.2 61.2 62.2 62.1 61.3 59.6 56.7 57.7 59.3 59.2 58.6 58.1 57.1 56.8 55.9 53.6 51.7 49.7 49.5 47.5 45.7 45.2 45.9 48 49.4 50.9 50.4 48.6 46.8 45 45.1 45 44.5
63.3 61.6 59.2 55.2 51 47.3 46.4 49 50.6 51.1 47.8 47.8 51 53.9 55.7 57.2 58.3 60 62 62.7 63.1 63.9 65 65.2 65.2 65.1 65 64.4 63.5 62.5 61.4 59.9 58.7 56.8 55.8 54.2 52.4 50 43.9 37.6 38.8 43.2 47.4 49.7 51.3 51.9 52.6 54.5 56.6 57.4 58.8 59.3 60.1 59.4 59.4 60.4 60.8 59.7 57.9 54.1 55.5 57.8 58.2 57.7 57.3 55.2 60.5 54 52.5 50.6 48.2 46.4 46.1 44.7 43.2 43.5 45.8 48 49.4 50.3 50.6 50.5 49.9 49.7 49.6 49
63.4 62.2 60.2 56.2 52.4 49 47.1 45.1 46.7 47 45.6 48.3 51.6 54 55.4 56.9 58.4 59.5 60.4 60.6 62 62.8 64 64.9 64.8 64.7 64.5 63.9 63.2 62.5 61.8 60.5 59.3 58.1 56.9 55.4 53.5 50.9 46 37.9 39.7 45.2 48 50.4 51.7 53 54.3 55.4 56.3 57.1 58.1 58.1 58.5 57.6 57.4 58.5 59.2 58.1 57.4 54.9 52.5 56.1 57.5 57.2 56.4 55 54.6 52.7 51.1 48.4 45.1 44.5 44.3 44.2 42.5 40.7 43.6 46.6 49.7 52.2 54.4 54.7 54.6 54.4 54 52.9
63.3 62.1 61 57.9 54.3 51.4 49.6 46.9 43.3 44 45.4 49.3 52.5 54 55.1 56.5 57.4 57.7 57 58.6 60.7 62.8 63.6 64.5 64.6 64.3 62.9 63.3 62.6 61.9 61.2 60.5 59.4 58.2 57.1 55.4 53 49.9 46.2 39 39.2 44.4 47.7 49.5 51.4 52.6 53.7 55.3 56.1 56.9 57.1 56.9 56.9 55.8 55.4 56.9 57.7 57.2 56.4 54.7 49.8 52.9 55.9 56.7 56.7 54.9 52.2 53.6 49.2 46.6 44.8 43.2 42.9 44.7 43.7 40.4 41 45.2 49.5 52.6 55.1 56.6 57.4 57.4 57.1 56.5
62.9 61.9 60.8 58.7 55.7 52.8 50.7 48.1 43.8 42.9 46.5 50.7 52.5 53.8 54.9 56 56.5 56.6 54.9 58.2 60.7 63.1 64.4 65.1 64.2 63.4 61.4 59.8 60.3 60.9 60.4 59.6 58.9 57.8 56.7 54.5 51.3 46.9 43.8 39 38.4 43.7 46.4 48.3 50.3 51.4 53 54.6 55.6 55.7 55.9 55.1 55.3 54 53.2 54.7 55.5 55.4 54.6 53.6 49.8 49.3 54.3 56.3 56.2 54.8 52 52.1 46.6 45.8 44.7 43 43.3 45.3 44.4 40.9 37.5 42.2 47.2 51.2 54.2 56.8 58.2 59 58.9 59
62.3 61.3 60.3 58.7 55.7 52.9 49.5 46.6 44.1 41.3 46.9 50.4 52.2 53.4 54.5 55.3 56 53.9 55.8 57.2 60.5 63 64.9 65.7 64.9 62.8 60.4 58.3 57 57.5 58.2 58.8 58.2 57.2 56.4 53.6 49.5 44.7 41.3 38.1 34.5 41 44.5 46.7 48.7 50.4 52.1 53.2 53.9 54.1 53.8 52.8 53.5 52.4 51.4 51.9 53.1 53.6 52.7 51.3 49.7 46.3 52.8 54.8 54.7 53.5 51.6 49.2 46.7 46 44.7 43.6 42.8 44.2 44.1 41.6 34.9 40.6 45.9 49.8 53.4 56.1 57.9 59.1 59.4 59.5
60.9 60.5 59.6 58.4 56 53 49.7 45.9 40.7 40.4 45.5 49.2 51.4 52.9 54 54.7 55.1 52.3 54.5 57.4 60.3 63 65 65.8 64.7 62.9 60.5 58.1 56 54.4 54.9 55.9 56.9 56.4 55.6 54.2 52.2 49.2 46 41 36.1 37.7 41.5 45 47.3 49 50.5 51.5 51.9 52.1 51.9 51.3 51 51.4 50.5 48.7 50.6 51.2 50 48.6 46.2 48.9 49.9 51.5 52.2 51.6 50.1 48.3 47.3 45.8 41.7 38.9 39.2 41.8 42.6 40.8 32.9 42.6 47.8 50.5 53.1 55.5 57.1 58.1 58.9 59.2
58.1 58.7 58.2 57.6 56.2 53.4 50.4 47.7 41.7 39 44.8 49.8 51.3 52.4 53.4 53.8 53.8 50.4 53.6 57 59.9 62.6 64.9 65.4 64.5 63 60.6 58.4 56.3 54.4 52.4 53.2 54.7 55 54.1 53.4 52.3 50.6 48.3 44.6 38.9 35.4 39.7 42.8 45.5 47.2 48.2 48.8 49 49 49.9 49 48.2 48.9 48.9 45.7 47.7 48.4 47.9 48.2 42 40.7 45.7 47.9 49.5 49.1 47.9 46.3 45 43.8 42.2 39.9 34.7 38.2 40.1 39.2 31.3 40.7 46.6 49.4 51.7 53.8 54.9 55.9 56.6 57.2
55.3 56 57.1 56.7 55.8 53.5 51 48.2 47.6 42.2 45.2 50.7 51.7 52.6 53.4 53.3 52.6 50.1 52.1 56.2 58.9 61.4 64 64.8 64.3 62.8 60.7 59 57.2 55.3 53.4 50.7 52.5 53.3 52.8 52.1 51.1 50 49.1 47.1 42.6 38.2 36.2 39.9 42.9 44.3 45.2 46 45.9 45.6 46.5 46.3 45.5 46.6 46.4 43.8 46.8 45.7 45.1 42.9 39.4 37.2 41.9 44.1 45.8 45.9 44.7 43.5 43 43.1 41.5 39.9 36.6 31 35.7 35.4 31.2 39.2 44 47 49.5 51.5 52.1 52.4 53.5 54.5
51.2 53.6 54.9 55.7 55.1 53.4 51.4 50.1 49.9 44.3 42.2 49.8 51.7 52.6 53.4 52.9 52.2 48 50.1 54 56.8 59.6 62.3 63.7 63.6 62.5 61.1 59.5 57.9 56.2 54 51.5 49.8 51.8 51.2 50.5 50 49.6 48.7 47.5 44.5 43 37.1 36 38.7 40.1 41.8 43.1 43.1 42.6 44.6 44.2 43.1 44.3 43.5 42 41.1 40.2 40.8 39.7 38.1 33.3 38 40.5 41.9 42.2 41.4 40.7 41.2 39.2 41.2 40.8 38.9 35.9 28.7 31.1 32.2 37.4 40.8 43.6 46.1 47.6 47.9 48.3 49.1 50.2
47.2 49.7 52 53.7 54.3 52.6 50.5 49.5 49.6 47.6 37.4 47.6 50.4 52.7 53.2 52.6 52 48.9 48.3 52 54.9 58 60 61.1 60.8 60.7 60.3 59.9 58.3 56.4 54.2 52.2 50.4 49.1 48.9 48.4 48.3 48.6 48.5 47.5 45.7 42.2 38.3 35.2 34.2 35.6 37.4 39.2 39 40.1 42.5 42.1 40.4 39.7 40.8 44.7 38.6 34.1 35 35.7 34.8 28.4 33.4 36.6 37.9 38.2 37.2 37.1 38.3 38.5 39.9 39.3 38.3 36.6 32.9 27.2 30.4 33.2 36 39 41.8 43.2 42.1 42.7 43.5 45.2
41.6 46.3 48.8 50.8 52.2 51.2 49.4 48.5 49 48.2 36.2 42.8 49.2 51.8 52.6 52.1 51.5 48.4 45.6 50.1 53.3 56 57.8 59 58.2 59.3 59 58.7 58.5 56.9 55.5 53.5 51.1 47.7 45.4 45.1 45.4 46.1 46.3 45 43.7 41.2 37.4 34.7 34.4 32.4 34.3 39.8 39.7 37.4 37.8 39.3 38.6 37.6 43.1 37.4 36.3 34.7 31.8 29.4 29.4 27.4 33.4 34.5 33.7 33.4 32 31.9 33.6 35.1 35.2 36.3 36.1 33.6 31.7 27.4 25.8 28.1 30.8 32.4 35.2 36 35.3 36.3 39 40.2
37.6 39.6 45.3 47.7 49.6 49 47.8 47.3 47.7 48 44.7 34.6 45.4 50.9 51.8 50.8 49.9 46.5 43.6 48.3 51.1 53.8 55.3 56.5 56 57.1 57.8 57.9 57.6 57.6 56.7 54.5 52.2 49.6 46.6 43.4 42.3 43.1 42.6 41.4 41.3 38.4 36.3 37.5 38 40.8 33 30.7 30.1 30.6 32 34.7 35.9 42.1 31.9 31.6 29.1 27.8 28.4 29.2 29.2 28.5 27.1 29.4 28 27.3 26.7 24.9 24.6 27.2 27 26.7 27.4 26.6 25.7 24.7 23.4 24.6 24.6 25.7 27.3 27.8 27.5 30.9 35 37.2
41.5 33.7 40.4 43.9 46.1 46.5 45.6 45 45.8 45.8 45.1 33.5 45.1 49.9 50.9 50 48.1 44.4 41.9 46.1 48.4 50.8 52.8 53.7 53.4 55.1 56.1 56.6 56.9 57 56 54.7 52.8 50.9 47.7 44.6 42.3 40.8 40.3 39.6 38.3 37.8 41.2 41.1 40.1 38.3 35.7 34.3 33.7 32.9 31.4 29.5 40.7 31.9 29.3 29.8 30.9 32.3 34.5 34.7 32.1 29.4 29 29.1 28.7 27.4 27.6 26.1 28.1 29.4 30.1 29.8 30.9 28.5 25.9 23.4 23 23.7 24.2 24.3 25.1 23.1 22 26.2 33.5 36.7
41.7 37.2 33.1 38.4 41 43.5 43.3 42.9 43 43.6 41.9 31.6 44 48.3 50.2 49.1 46.4 41.1 40.9 42.8 45.3 47.6 49.3 50 51 53 54.4 55.2 55.7 55.7 55.7 54.5 53.4 51.7 49.2 46.4 44 42.1 42 41.8 40.6 40.6 42.2 43 42.5 41 39.6 37.9 37.1 36.4 36 39.5 35.3 35 30.2 32.5 35.1 36.2 37.5 36.9 35 30.5 31.8 33.5 33.4 32.3 30 29.5 33.5 34.9 35.3 35.7 36.1 33.9 30.4 26.2 25.2 25.1 24.7 25.6 25.9 25.1 23.2 21.1 21.6 30.1
43 38.7 33.9 30.3 36 39.5 40.7 40.4 40.3 38.7 36.3 31.7 44.3 47.6 48.8 49 46.4 40.3 34.1 38.7 41.8 43.4 44.8 46.3 48.2 50.4 52.1 53.5 54.2 54.6 54.6 54.5 53.6 52.3 50.6 48.3 42.1 46.2 43.3 44 43.2 41.8 43.5 44.5 44.6 43.6 42.8 41.6 40.7 39.6 39.2 38.3 36 33.6 31.1 32.9 37 39 39.7 38.6 35.5 32.2 35.1 36.5 37.1 36.5 35.4 31.5 36.3 37.7 37.9 38.2 38.1 36.8 34.1 28.8 29 28.9 27.4 30.9 32.2 33.3 32.9 34.3 27.6 21.5
41 41.8 37.8 33.2 28.9 36.2 35.8 38.9 39.1 34.2 28.8 39 44.5 46.3 47.3 47.9 46.3 42.4 33.9 34.8 38.6 39.9 40.8 42.9 45.2 47.8 49.5 51.2 52.2 53.4 53.5 53.5 50.8 42.4 47.4 50.7 50.2 47.9 45.4 44 44.7 43.9 44.9 46.1 46.8 45.7 44.7 43.3 42.4 41.1 40.4 39.2 37.3 33 35.3 35.7 37.4 40.1 41.1 39.9 37 35 38.2 38.8 39.2 38.4 35.1 34.9 37.4 39.5 40.1 40.2 40.2 39.2 36.2 31.5 34.5 35.5 31.5 32.8 39 40.1 41.6 41.1 38.2 35.3
45.9 43 40.3 37 35.6 37.4 34.6 38.4 38.5 34.3 27.8 38.7 43.1 44.8 45.3 45.8 44.6 41.2 34.5 30.3 34.4 36 38 40 42.5 45.1 46.8 48.4 49.8 52.2 41.9 45.5 52.5 53 53 52.4 51.9 50 48 46 46.4 46.3 46.3 47.5 48.3 47.5 45 42.8 41.4 43.7 39.6 38.4 36.2 33.4 37 37.9 36.5 40.4 42.2 42 39.1 38.5 40.8 40.7 40.9 38.9 36.6 38.2 38.6 41.2 42.8 42.6 41.6 38.4 31.9 36.1 38.6 39.3 36.4 34.4 43.1 45.8 46.1 44.5 43.4 41.4
46.3 44.4 41.7 38.1 33.7 27.1 31.6 36.4 37.7 36.3 34.5 34.5 37.5 39.3 40.2 41.5 41.4 39.3 34.8 28.8 30.5 32.9 35.6 37 39.9 42.2 44.1 40.5 42.9 48.9 50.2 51.2 52.4 52.8 53.2 53.3 52.8 52.3 50.7 48.9 47.8 49.1 48.6 49.7 49.6 47.9 45.2 42.9 45.3 39.4 37.8 36.8 35.1 35 36.5 39.1 39.7 40.7 43.5 43 40.3 39.7 42.8 42.7 43.1 40.7 39.3 41.4 42.5 44 44.3 44.2 42.6 37 36.2 39.6 42.2 42.7 41.1 36.8 45 48.3 48.8 47.7 46.6 45.7
45.3 44.3 42.2 38 34.9 30 28.1 34.4 36.3 35.9 34.2 25 31.7 35.7 37 38 36.5 33.1 27.8 28.8 31.6 33 34.2 35.6 36.1 38.5 40.8 42.2 44 46.1 48 49.1 50.8 52.2 52.9 52.9 53.4 53.3 52.5 51.2 48.9 50.9 51.1 51.3 50.2 48.7 45.7 43.2 41.2 38.8 37.1 36.7 37.2 37.5 39.5 42.1 42.9 42.5 45.6 45.7 43.7 40.4 44.9 46.1 46.2 44 42.6 45 45.9 47 46.8 46.5 44.1 37.2 41.8 44.2 45.5 46.1 45.4 42.4 46 50.3 51.7 50.3 49.3 48.1
45.2 42.7 39.7 35.8 31.9 28.9 23.1 30.8 34.8 36 35.8 34.3 24 23.6 29 30.3 26.6 23.8 29.3 32.9 34.2 34.3 34.5 33.1 33.4 33.8 36 38.7 41.2 43.4 45.4 46.9 48.6 50.3 52 53.1 53.5 53.6 53.6 52.7 50.6 51.2 52.5 52.2 51.4 49.9 46.9 47.8 40.3 38.8 38.3 38.4 39.2 40.6 43.3 45.6 47.3 46 47.3 48.2 46.3 42.6 46.2 49.4 50.8 49.1 47 48.6 49.2 50 49.2 48.4 46.1 40.7 45.8 47.7 48.7 49.2 48.1 45 45.8 50.9 52.6 52.4 51.5 50.6
46.5 44.5 41.9 38 32.7 28.2 22.2 27.7 33 35.8 36.4 36.4 33.7 21.8 22.1 24.1 27.4 29 32.6 36.4 36.1 39.4 38.6 37 37.6 37.9 36.6 35.6 38.5 40.6 42.7 44.7 46.4 48 50.5 52.5 53.3 53.8 53.9 53.7 52.7 51.2 53 53.2 52.4 51.1 47.7 44.3 40.1 39.1 40.6 42 43.1 45.8 48.5 51.7 51.7 50.4 50 51.4 49.6 46.7 47.5 52.3 54 53.4 50.8 51.9 52.6 52.7 51.5 50.2 46.5 45.2 49.2 50.7 51.4 51.5 50.2 46.6 46.7 52 54.3 54.5 53.6 52.9
47.8 46.2 44.1 41.7 37.7 32.2 24.4 24.1 31.6 35.5 36.6 36.5 34.8 23.5 23.1 29.7 34 36 33.3 39.8 41 41.9 41.4 39.4 41.2 41.7 40.6 38.5 36.4 37.8 39.7 41.8 43.9 46.2 47.8 51.2 52.8 53.5 54.1 54.2 53.7 52.6 52.5 53.9 53.3 51.8 49.1 46.2 42.2 41.2 45 48.6 49.8 52.5 55.4 57.2 55.9 54.1 52.9 54.5 53.6 51.8 49.7 55.1 57.6 57.2 54.1 54.9 54.8 54.6 53 50.5 46.8 47.9 51.8 53.3 53.6 53.6 51.6 48.2 50.4 55.2 55.9 56.4 55.8 55.4
48 47.5 45.5 42.9 40.2 36 30.2 18.6 29.8 35.5 37.1 36.3 33.8 22.7 23.6 34.3 37.5 30.9 40.6 42.3 44 44.9 44.1 42.2 43.1 44 43.8 42 40.2 39 39.1 40.1 42 43.8 45.9 48.9 51.5 53.1 54.1 54.7 54.9 54.1 53.5 53.6 54.5 53.5 50.8 50.3 49.1 43.8 47.5 54.2 56.3 59 60.7 60.3 59.3 57.3 56.1 57.6 56.9 55.1 52.6 57.7 59.8 60 57.3 57.4 57.5 56.1 53.4 49.8 48 48.5 52.4 54.9 55.6 54.7 52.1 50.8 53.5 57.4 58.2 58.3 58.6 57.8
47.5 46.5 45.3 44.3 41.4 38.2 33 19.7 29 34.5 36.7 35.9 32.5 20.8 23.7 33.2 30 39.3 42 44.3 45.5 46.6 46.4 44.9 45 46.1 46.3 44.9 43.3 41.9 40.5 40.3 40.6 41.8 44.1 45.5 49 51.8 54.5 55.9 56 55.8 55.1 54.7 55.3 55.8 54.7 54.8 54 47.1 49.9 56.7 59.8 61.9 63.5 63.4 62.6 60.9 59.9 60.6 59.6 57.5 56.5 58.6 61.6 62.2 61.1 60.7 59.8 57.7 55.6 52.6 51.9 52.3 52.2 55.8 57.3 56.2 52.2 53.3 55.8 58.8 59.8 60 59.8 59.2
46.6 44.7 43.5 42.8 41.6 38.1 33.8 21.3 27.6 33.4 35.8 35.6 31 19.4 22.6 29.1 34.7 38.2 41.6 44.4 46.6 47.7 48.5 48.2 47.2 48.2 48.5 47.9 46.7 45.3 43.6 42.1 42.6 42.8 43.9 45.7 45.3 49.4 52.7 56.2 57.1 57 57.2 57 57.1 58 58.2 58 56 51.4 50.4 56.9 60.4 63.7 64.7 65.6 65.2 64.3 63.4 63.3 62.4 61.3 60.2 60 62.9 63.6 63.5 63.7 63.4 62 60.2 58.1 57.1 55.7 54.8 55.5 57.8 57.1 53.4 57.3 60.5 60.3 60.5 60.7 60.6 59.9
