public/OST50/SM93.asc
ncols 200
nrows 200
xllcorner 190000
yllcorner 230000
cellsize 50
[rows 74 to 110 of 200, columns 82 to 163 of 200]
51.3 53.7 59.7 62.2 65 67.3 69.3 71.1 73.3 75.7 77.6 79.7 82.1 83.3 86.7 87.1 88.9 90.7 94.5 98.5 102.6 106.4 110.1 112.9 115.4 116.2 117.1 116.7 114.3 114.1 117 117.7 118.3 118.3 118.5 118.9 117.7 119 118.9 119.3 118.1 117 114.9 112.3 110.4 109.3 108.2 107.1 105.4 104.7 103.8 102.6 101.1 99.3 97.6 96.5 96.1 95.9 95.8 95.8 94.9 94.2 92.7 90.9 87.6 82.6 72 55.2 41.1 31.3 31.3 30.1 28.9 27.8 44.9 62.9 77.3 74.6 70.4 68.6 61.2 66.1
57.3 58.6 62.8 66.3 67.8 69.7 71.9 73.6 75.1 77.5 79.8 82.1 84.6 87.4 89.5 91.3 93.2 94.2 97.5 100.3 105.4 108.6 112.3 116.1 119.5 121 121.3 120.7 119.2 118.6 119.6 120.2 120.5 121.7 122.5 123 122.5 122 121.7 121.2 120.7 119.5 117.7 115.4 113.9 113 112.2 110.4 110.1 108.6 107.1 105.7 104.3 102.8 100.8 98.6 98.1 97.8 97.9 97.2 96.5 96 95.2 93.5 90.1 85.1 76.5 61.9 41.5 40.5 33.7 33 31.9 31.1 29.9 31.2 50.8 56.2 65.4 66.1 57.3 77.4
64.3 64.8 66.1 68.3 70.3 72.7 74.3 77 79 79.5 82.1 84.6 86.2 89.6 92.5 94.9 97 99.1 101.2 103.4 108 111.3 116.1 119.7 123.2 124.7 124.9 123.9 122.8 122.3 122.1 122.4 122.7 123.9 124.8 124.9 124.8 124.6 124.1 123.7 123.3 121.8 120.4 117.9 117.2 116.3 115.3 114.1 113 111.1 109.7 108.6 107.5 105.9 104.2 102.1 100.1 99.6 99.3 98.2 97.4 96.9 96.2 94.9 93.3 87.9 80.1 67.1 42.4 48.3 38.7 35.9 34.5 32.3 30.7 30.3 32.8 38 52 52.7 58.5 82
67.8 67 68.3 71 73.4 75.9 79 79.4 79.6 82.2 85.3 87.1 88.9 92.1 95.2 97.9 100.4 102.1 104.5 107.4 110.5 114.3 118.3 121.7 125 126.4 126.6 125.6 125 125.1 124.7 124.2 124.8 125.3 126 126.1 126.3 125.6 125.1 124.9 124.4 123.2 121.8 120.9 120.4 119.3 117.8 116.5 115.2 113.7 112.2 111.1 109.8 108.7 107.3 105.6 103.9 102.3 101.1 99.7 98.4 97.9 97 95.5 92.7 89 83.4 76 55.9 44.6 36.9 43.4 42.2 39.3 36.2 38.4 38.8 34.7 30.1 33.9 60.4 81.5
70.9 70.9 71.3 73.6 75.8 77.5 79.5 79.8 82.3 84.4 86.4 89.1 91.1 94.1 97.6 100.4 103.1 106 108.5 111 113.8 117 120.4 123.5 126 127.6 128.3 127.6 126.8 126.5 126.2 126.1 126.8 126.9 126.8 126.7 126.5 126.8 126.8 125.5 124.9 123.8 123 122.2 122.1 121.5 119.8 117.9 116.4 115.2 114.1 113.3 111.6 110 109 107.9 106.2 104.8 103.6 102 100.6 99.3 97.8 96.3 93.8 91.4 87.7 83.2 71.9 54.6 53.3 58.4 53.7 52.9 55.5 61 62.5 53.8 36 33.1 53.8 78.3
74.1 74.1 74 75.8 77.7 79.2 81.6 83.7 85.3 87.2 90.2 91.3 94.1 96.7 99.8 103.1 105.7 108.6 111.7 114.5 117.8 120.3 123.4 126.1 128.7 130.4 131.1 130.5 129.8 129.3 128.1 127.8 127.9 127.5 127.5 127.3 127.1 127.5 126.3 126 125.5 124.3 123.4 123.5 123.5 122.7 120.7 118.6 116.6 115.3 114 113 111.4 110 108.5 107.3 105.4 103.9 102.3 100.6 100.3 99.2 98.1 96.9 95 93 91.1 88.1 75 57.7 59.4 67.8 69.6 67.7 70.5 72.1 71.8 55.6 40.1 36.4 53.7 75.7
77.9 76.7 75.7 77.1 79.1 81.1 83.7 85.4 87.8 89.8 92.5 94.2 96.8 98.6 102.6 105.3 109.4 112.8 115.4 118.5 121.6 124.5 126.5 129.5 132.1 133.3 133.8 133.2 131.5 131.2 130.3 129.2 128.8 128.3 128.1 127.9 127.7 127.3 126.9 126.6 126 124.8 123.6 123 122.6 121.5 119.8 118.3 116.5 114.7 112.8 111 109.7 107.4 105.5 104.4 103.2 100.9 99.1 99 98.6 97.9 96.9 95.1 92.3 89.5 87.4 84 69.8 54.5 61.8 71.4 74.7 75.7 76 76.8 74.3 55 39.5 37.7 62.5 73.5
79.9 79.2 78.3 79.5 81.2 82.4 84.7 87.5 90 93.3 94.1 96.6 99.8 102.6 105.9 108.3 112.2 115.6 118.7 121.4 123.9 126.5 128.7 133.8 137 139 139 137.9 136.5 134.5 132.6 131 129.4 129.2 128.8 128.5 128.2 127.7 127.2 126.7 125.9 124.8 123.1 121.3 120.1 118.4 117.2 116.3 114.9 112.6 110.4 108.6 107 104.3 102.7 101.3 99.5 97.7 96.7 96.2 94.9 94.2 92.2 89.2 81.3 78.6 74.9 65 58.2 52.1 63.3 73.4 78.2 76.8 76.9 76.9 73.4 57.9 41.6 36.4 53.2 74.9
81.9 80.6 79.8 80.8 82.4 84.5 86.5 89.6 92.3 95.2 97.8 100 103.6 105.9 108.6 111.6 114.7 117.6 121 124.2 126.4 129.8 133.6 137.9 141.2 142.9 142.7 141.1 138.4 135.5 133.7 132.1 130.9 130 129.5 129 128.4 127.9 127.3 126.5 125.5 124 122 119.7 117.7 115.5 115 114.3 112.3 110.1 108.1 106.1 104.1 101.2 100.4 98.5 96.4 95.6 94.3 92.7 90.8 85.3 79.2 72.8 68.9 65 56.3 54.5 58.8 62.5 66.1 73.4 80 80.5 78.9 71.8 70.4 63.5 45.6 36.5 45.8 56.3
82.4 81.7 81.9 83.2 84.9 86.9 88.7 90.9 94.2 97.3 100.9 104 106.5 109.6 111.5 114.4 116.9 119.7 124.4 127 129.4 132.1 135.6 138.7 141.4 143.2 142 140.1 137.9 135.6 133.8 132.4 131 130.2 129.8 129.3 128.7 128.1 127.2 126.2 124.9 123.3 121.2 119 116.1 114.1 112.7 111.5 109.9 108 106.7 103.9 102 99.7 97.3 95.7 94.4 93.4 89.6 84.4 76.4 70.1 68 64.4 60 59.1 66.9 64.8 63.9 65.9 68.3 72.9 80 83.1 83.9 79.7 68.5 66.9 51.4 38.2 37.2 38.5
84 84.9 84.9 85.8 87.2 89 90.8 92.7 96.1 99.8 103.4 106.5 110.2 112.1 114.4 117.2 120.9 123.2 126.6 128.8 131 133.3 135.6 138.1 140.1 140.7 139.7 138 136 134.3 132.7 131.1 130.5 130 129.7 129.3 128.6 127.9 127.1 125.7 124.3 122.4 120.6 117.9 114.9 113 111.2 109.4 107.8 106.8 105.2 104 102 99.3 94.1 93.9 92 88.5 82.1 71 66.4 62.1 60.2 62.6 64.4 64.4 66 66.9 67.4 68.5 71.1 74.8 78.4 81.7 83.9 81.8 73.3 68.8 60.2 49.5 43.5 40.8
85.8 85.5 86.3 87.3 88.9 90.6 92.4 94.5 97.8 101.8 105.6 109.1 112.5 116.7 119.8 122.3 124.8 127 128.6 130.2 131.8 133.5 135.4 136.9 138.1 138.4 137.2 135.6 133.9 132.7 131.1 129.9 129.5 129.2 129 128.8 128.4 127.7 127.1 126.2 124.4 122.3 120 117.1 115.1 112.5 110.4 109.1 107.5 105.8 104.1 102.8 101.3 99 96 91.8 83.7 76.9 70.1 65.2 62.1 62.4 63.9 64.2 64.9 67.2 70.5 73.9 77.1 77.9 78.7 82.4 82.2 84.6 84 82.6 77.6 72.3 65.6 62 57.8 54.8
85 86 87.8 88.2 89.6 91.5 94.4 96.9 99.8 103.1 106.8 110.3 116.2 119.6 122.5 125.4 128 128.9 130.4 131.4 132.4 133.9 135 136 136.2 135.9 134.1 132.6 131.3 130.4 129.2 128.1 127.5 127.7 128 128.2 128 127.8 127 126.2 124.8 122.5 120.1 117.1 114.2 111.8 110 108.2 106 104.6 102.9 101.5 100.3 98.3 95.8 92.5 76.5 70.6 65.8 62.8 63.3 64.2 69 69.9 72.7 78.5 86.3 89.5 91.9 92.8 92.1 92.5 93 92.8 91.5 88.1 82.7 76.8 74.4 72.6 73.4 71.1
85.6 86.6 88 89 91 92.2 95.2 98.1 101.1 104.9 109.1 114.6 119.3 121.9 125 127.5 129.7 131.1 132.2 132.7 133.5 133.6 134.4 134.5 134.2 133.4 132.1 130.6 129 128.1 127.2 126.5 126.1 126.1 126.3 126.9 127.4 127.9 127.3 126.5 125.4 123.1 120.4 117.6 114.4 111.3 109.4 107.6 105.8 103.7 100.5 98.6 98.3 96.8 94.6 88.3 71.1 66.3 64.7 63.6 69.1 78.3 84.3 87.8 90.1 92.8 95.2 96.1 98.2 98.5 99.2 99.4 100.7 100.9 99.9 99 95.2 91.1 85.4 83.3 83.9 83.3
86.1 87.5 89 90 91.4 94.3 96.5 100.1 103.9 108 112.4 117.1 121.5 124.6 127.6 129.7 131.4 132.6 133.6 134.2 134.6 134.3 133.5 133.1 132.4 130.9 129.9 127.8 126.5 125.7 125 124.7 124.6 124.4 124.7 125.2 126.2 127.3 127.6 127 125.9 123.8 121 117.8 114 111 108.8 107.3 105.4 103.3 101.6 98 93.2 88.9 88.6 75.9 69.1 65.6 65.3 70 79.9 86.3 90.9 95.1 97.2 99.4 101.3 103.1 104.2 105.1 105.5 106.6 106.7 107.7 109.7 110.7 110 107.1 103.9 103 101.5 102.2
86.5 88.2 89.3 90.8 92.3 95.7 98.4 101.7 105.7 109.6 114.3 119.3 123.6 126.8 129.4 131.4 132.8 134.4 135.2 135.4 135.2 134.1 133 130.9 128.9 128.1 126.8 125.3 124 123.4 122.8 122.3 122.3 122.4 122.5 123.3 125.1 126.4 127.8 128 126.6 124.2 121.6 117.9 113.6 111 108.3 107 105.4 103.6 101.4 98.8 96.2 93.3 80.4 71.6 67.5 66.6 69.2 76.5 85.4 91.3 97 99.7 101.9 104.1 106 108.1 109.6 111.5 112.9 112.2 112.3 113.7 116.4 118.3 118.1 116.9 114 112.1 111.8 112.3
87.1 88.8 89.8 91.3 93.9 96.8 99.6 103.1 106.6 110.3 114.9 121.1 125.1 128.2 131 132.6 134.2 135.6 135.9 136 135.3 133.4 132 129.2 127.4 125.3 123.1 121.6 121.5 121.1 120.6 120.4 120.2 120.1 120.3 122 124 125.8 127.2 127.9 127.2 124.9 122.4 119 114.6 111.6 108.4 107.2 105.4 103.6 101.8 99.6 94.1 85.7 73.9 67.5 67.2 70.1 75.6 84.8 90.5 95.5 100.5 102.8 105.6 108.9 111.4 113.8 115.4 119 119.6 119 118.9 122.6 123 123.1 122.4 120.5 118.7 117.3 115.9 115.2
87.9 89.3 90.5 92.4 94.6 97.5 99.5 103.9 107.5 110.6 116.6 122.2 125.9 128.8 131.4 133.2 135 136.3 136.5 136.2 135.2 133.5 130.8 127.9 125.7 122.7 119.6 117.8 117.5 118.2 118.8 118.6 118.3 118.2 118.6 120.5 122.3 124.4 126.5 127.1 127 125.2 122.6 119.1 115 112.2 109.4 106.2 104.3 102.9 101.2 99.7 97.6 90 70.9 67 69.5 73.8 80.1 89 94.6 99.2 103.4 106.2 109.9 113.4 115.8 118.2 121 124.7 125.1 126 127 127.3 128.2 127.9 126.4 124.1 121.8 120.1 118.9 118.1
87.6 89.7 91.2 92.7 95.1 97.9 100.3 104.1 107.9 111.5 117.4 121.9 125.7 128.8 131.8 133.8 135.7 136.4 136.5 136.2 135.1 132.8 130.2 127.1 124.1 120.3 116.5 113.5 112.9 114.2 116 116.7 116.5 115.9 116.8 118.5 120.4 122.8 125 125.9 126.2 124.8 122.2 118.2 114.5 111.2 108.3 106.2 103.8 101.8 99.8 97.1 97 82.9 67.8 67.4 71.4 77.2 83.6 92.4 96.9 101.2 105.2 109.1 112.4 115.4 117.9 120.3 123.8 126.3 127.3 128.6 129.5 130.1 130.4 130.1 128.7 127.3 125 122.8 121.5 120.7
86.9 89.5 91.4 93.4 95.4 97.9 100.8 105 109 113.2 117.8 121.8 125.5 128.6 131.4 133.6 135 136.2 136.1 135.2 134 131.8 128.6 125.5 121.5 118.4 114.5 110.1 107.8 111.8 114.2 114.5 113.8 112.3 114 115.9 118.8 121.2 122.9 124.6 124.7 123.3 120.6 116.4 112.3 109.2 106.7 104.4 102.7 101 99.1 90.4 91.6 74.6 67 67.8 73.8 81.8 93.3 96.5 98.3 102.5 107.1 110.5 113.6 116.1 118.6 120.8 124.1 126.3 128 129.3 130.7 131.8 132.3 132.1 129.9 128.1 126.3 124.4 123.1 122.5
88.5 90.1 91 92.8 95.2 97.8 101.3 105.5 109.5 113.7 117.4 121.8 125.3 128.8 130.9 133.2 134.3 135.1 134.9 133.5 131.4 128.8 126.3 123.5 119.2 115.6 111.6 106.9 107 109.7 111.8 112.2 111 110.3 111.4 113.5 116.2 119.1 121.4 121.6 121.9 120.3 117.2 113.3 109.4 105.8 103.9 102.1 100.7 99.2 97.7 93.7 73.5 69.2 67 70.4 82.2 93.9 96.7 98.3 99.3 102.8 107.2 110.1 112.7 115.6 118 119.7 122.6 124.9 127 128.9 130.7 132.1 133 132.8 130.2 127.7 126 124.8 123.9 123.7
87.5 89.2 90.7 92.7 94.8 97.4 101.9 105.6 109.3 113 116.7 120.6 124.3 127.7 130.6 132.7 133.9 134.3 133.3 131 129.1 126.2 123.5 120.2 116.8 112 107.6 105.6 105.1 108 109 108.9 108.6 106.8 108.6 110.3 112.8 115.3 117.3 118.2 117.1 115.7 112.6 107.8 104.4 101.8 100.3 98.1 97.1 96.4 95.2 86 70.3 68.2 68.5 82.4 92.8 95.6 97.1 98.5 99.3 102.1 106 109.1 110.9 113.1 115.8 118.5 120.8 123.2 125.1 127.5 129.5 131.3 133 133.2 130.8 127.1 125.5 124.7 124.1 124.4
87.3 88.8 91 92.4 94.5 97.1 101.1 105 108.6 112.3 116 119.9 123.5 127 130.4 132.5 133.6 133.4 131.7 128.5 126.5 124.2 121.3 117.8 114.5 110 106.4 104.6 100.4 105.2 106.1 106 105.7 101.5 105.3 107.5 109.2 111.8 113.4 113.7 112.4 109.8 106.6 103.2 101.4 99.8 98.3 96.4 94.4 93.8 90.9 74 67.6 67.6 75.8 84.2 93.4 95.5 97.5 96.7 99.7 102.4 104.9 107.2 109.6 112 114.3 116.5 118.8 120.7 123.1 125.3 127.4 129.5 132.2 132.3 129.2 126.6 124.9 123.7 123.3 123.6
87 87.9 90.4 92 93.9 96.6 100.7 104.5 108 111.5 115.2 119.2 122.9 126.8 130.4 132.7 133.3 132.3 130.2 127.5 124.8 122 118.9 116.2 112.4 108.6 104.8 102.7 96 102 103 103.3 102.8 98.5 101.4 104.3 105.8 107.1 108.4 108.9 108 106.2 103.1 100 98.4 97.4 96.1 93.9 91.4 88.8 81.1 67.6 67.4 68.1 83 91 91.4 92.2 90.4 93.1 98.3 101.7 103.9 106.2 108.4 110.5 112.7 114.7 116.5 118.4 120.3 122.5 124.6 126.8 128.3 128.1 126.6 123.9 122.5 121.5 121.2 122
86.3 88.5 90.1 92 93.8 96.7 100.4 104.8 108.1 111.3 114.7 119.1 122.6 126.6 130.4 132.7 132.6 131 128.6 125.8 122.9 119.7 116.5 113.9 109.9 104.9 102.7 98.8 92.7 97.4 99.8 100.1 99.9 98.7 96 101.1 102.2 102.9 104 103.8 103 101.6 99.6 96.3 95.2 94.3 92.2 89.1 85.2 80.7 69.9 67.4 67.6 72.6 87.5 78.3 75.6 72.8 74.9 84.9 94.6 98.5 102.2 105.6 107.4 108.9 111 112.7 114 115.4 117.4 119 120.9 121.7 121.8 121.7 121.2 120.3 120.2 119.2 119.2 119.5
86.3 88.2 89.7 91.4 94.5 97 100.5 104.8 108 111.4 114.7 118 122.5 126.1 129.5 131.5 130.5 128.9 126.6 123.8 120.8 117.8 114.4 111.3 106.9 103.5 99.2 93.9 88.2 92.1 95.9 96.6 96.5 89.7 94 97.5 98.5 99.4 99.8 99.4 98.9 97.7 95.9 90.2 87.4 85.5 85.9 79.9 74.3 68.7 67.7 67.7 70.2 81.3 74.9 70.8 71.1 71.3 73.1 74.5 78.7 84.8 85.6 88.5 97 108 109.1 110.3 111.2 112.1 111.9 112 112.1 110.9 106.6 105.6 112.3 114.2 114.6 114.9 115.2 115.8
86.3 88 89.8 91.7 94.4 97.1 100.6 104.5 108.1 111.4 114.8 118.1 121.2 124.7 127.7 128.7 127.4 125.5 123.5 121.3 118.5 114.6 111.4 108.5 105.4 102 98.7 94.5 86.2 85.6 91.2 93.6 92.9 83.6 91.6 93.3 95.1 95.9 96.3 95.9 95.2 93.6 91 78.6 75.9 72.3 70 69.3 68.7 68 67.6 69 68.2 69.4 70.8 72.1 76.7 80 79 79.7 79.4 79 80.9 80.2 81.6 87.5 98.7 106.6 107.7 109.4 105.3 101.3 95 88.7 83.3 84.8 93.9 100.4 105.2 107.8 110.5 110.8
86.7 88.4 90.2 92.8 94.5 97.4 101 104.8 108.1 111.4 114.8 118.5 120.4 123 124.5 124.2 122.6 121.1 118.3 117.1 113.4 110.9 108.2 105.2 103.2 100 97.3 94.4 89.6 78.6 88.2 90 89.8 79.2 87.2 88.6 90 90.3 91.5 90.9 89.3 86.8 73.8 70.3 69.9 69.6 68.8 69.3 68 66.9 68 68.6 70 75.8 84.5 91.9 100.2 103.6 104.1 101.9 101.7 101.3 103.6 97.9 88.4 83.7 84 89.2 91.2 86.7 83.4 79.8 75.6 71.8 71 71.3 73.6 77.4 83.4 86.3 90.6 98.7
86.7 88.6 90.5 93.2 94.9 98.7 102 105.3 108.8 112.7 115.4 118.1 119.2 120.4 120.5 119.3 117.1 115.1 112.7 109.5 107.7 107.5 104.9 102.3 100.1 97.6 95.5 93.1 90.5 75.2 79.7 81 79.9 74.4 75.4 75.5 75.3 74.4 78 79.7 77.8 71.9 68.9 69.4 68.3 69.1 69 68.3 68.5 68.5 69.4 77.1 86.1 94 102.1 110.1 114 117.4 120.2 122.1 122.8 122.1 118.8 115.1 110.6 102.2 94.8 88.2 82.6 78.7 73.6 73.3 71.9 71.6 71.4 71.2 71.1 72.4 71.8 72.5 76.5 83
87.1 89 90.3 93.2 95.7 99.8 102.7 106.1 110.5 113.5 116.2 117.6 118.2 118 117.4 115.8 113.7 111.5 109.7 107.7 104.9 102.9 100.7 98.9 97.6 95.2 93.5 91.4 88.1 79.7 72.1 71.2 71.2 71 71.3 70 69.4 69.1 69.3 69.5 68.9 69.3 69 68.9 69.6 69.9 70.3 69.1 69.8 72.4 81.4 94.7 104.1 110.5 112.8 114.1 117.9 121.5 124.2 125.8 125.9 125.5 123.9 120.7 115.7 109.1 104.4 100 90.1 75.6 72.9 72.6 72.6 72.2 71.1 71.5 71 71.5 71.6 70.4 70.8 71.1
87.4 89.1 91.2 93.5 96.7 100.1 104 107.6 111.8 114.4 116 116.4 116.5 115.6 114 112.7 110.7 108.5 106.5 103.3 101.7 100 98.2 96.5 95.4 93.3 91.3 88.3 80.3 72.3 68.4 69.1 69.4 69.7 69.6 69.1 69.4 68.7 69.2 69.3 69.8 70.2 70.3 70 70.2 70.2 73 75.8 81.9 93.3 103.7 109.2 111.6 113.9 115.8 116.2 120.5 123.2 125.9 127.1 126.9 126 124.7 121.4 115.5 110 105.2 91.5 75.5 73.8 72.8 72.9 74.6 73 71.2 71 70.5 71.5 70.9 70.7 72 71
87.6 89.5 91.9 94.1 97.4 100.7 105 109.2 112.4 113.9 115.2 115.5 114.7 113.6 111.8 109.7 107.4 105.2 103.2 100.7 99 97.1 95.3 93.7 91.6 91.1 89 82.4 69.8 68.1 68.3 69.1 69.5 69.6 70 70.5 70.2 70.3 70.5 70.6 71.1 73.1 77.6 81.3 86.1 92.9 95.5 96.5 99.8 104.2 108.4 111.9 114.5 116 117.1 119.1 121.2 123.7 125.9 126.8 126.1 124.8 123.1 120.4 115.8 111.8 108.7 97.2 75.6 73.1 73.2 73.3 73.3 74.7 86.1 91 90.4 93.5 98 98 87.1 72.6
87.5 89.7 92.9 94.8 97.6 101.3 105.9 109.6 112.2 113.4 114.4 114.3 113.6 112 110.3 108.5 105.4 102.6 100.5 98.3 95.7 94.6 91.8 88.9 85.3 80.2 74.2 68.1 67.9 67.8 69.1 72.1 77.2 77.4 77 79 83.2 84.2 86.9 90.3 94.7 98.5 100.4 101 100.7 101.1 101.6 102.2 103.8 105.4 108.5 111.4 114.2 115.6 116.9 118.7 121.1 123.3 125.7 126.1 124.9 123.5 122 120.4 115.3 111.5 108.6 103.2 77.1 73.6 73.4 73.1 79.4 92.3 101.9 105.8 109.9 112.1 112.3 111.3 109.5 103.7
88.2 90.1 93.4 95.1 97.6 101.6 106.5 109 111.8 112.7 113.5 113.4 113.1 111.4 109.2 106.6 103.8 100.8 97.5 94.4 91 90.2 87 78.5 71.7 67.9 66.1 66.2 66.9 67.9 76.1 83.1 85.9 86.9 86.8 88.9 91.6 94.3 96.6 98.7 100.4 101.6 102.3 102.2 101.2 101.3 101.4 101.9 102.8 104.5 106.6 108.8 110.6 113 114.1 116 119.3 123.8 129.5 127 122.5 120.4 117.8 116.4 112 109 102.2 87.5 74 73.2 73.5 72.4 90.2 103.3 108.6 111.2 114.6 115.8 115.6 114.8 113.1 111.9
88.8 90.6 92.7 95.1 97.4 101.2 104.9 107.4 109.9 111.9 113.1 113.2 112.6 110.8 108.2 105 101.4 98 95.4 91.4 82.1 80.9 77.2 69.1 66.6 66.5 66.3 66.5 66.6 66.4 67.1 77.2 84.4 86.2 88 89.9 91.9 94.3 96.8 98.7 100 100.8 100.9 98.3 96.6 94.4 92.9 96.3 97.7 100.7 103 104.8 106.7 108.7 110.5 112.8 116.4 117.8 122.4 118.3 113.1 104.7 103 103.1 102.2 95.5 88 74.3 73.1 73.3 73.1 79.3 100.7 110.3 114.2 116.7 118.1 118.9 118.5 119 117.9 117.3
89.6 91.4 93 95.1 97 99.4 102.8 105.6 108.8 110.8 112.2 112.9 112.6 110.1 107 103.9 99.9 97 94.1 89 84.9 72.5 68.3 66.2 66.3 65.6 66.4 65.9 65.6 66.1 66.1 66.9 70.6 78.8 86.1 88.2 89.7 92.3 93.5 94.8 90 81.1 76.7 74.5 73.9 73 73.5 75.4 80 87.1 90.6 95.9 98.2 92.1 90.4 94.7 96.7 97.5 101.1 97.5 86.1 79.7 81.4 84.6 82.3 78.2 74.5 72.5 72.7 72.7 72.3 87.8 108.1 118.3 121.7 123.4 123.7 123.5 124.2 124.4 123.4 123.2
89.9 91.4 92.9 95 96.3 98.2 101 104.4 107.5 110 111.5 112.2 111.5 109.6 105.1 102.6 98.8 95.5 91.5 76.8 71.4 68.2 67.1 65.7 65.9 65.3 65.8 65.6 65.6 65.9 65.5 65.3 66.3 66.6 69.4 71.7 72.8 76.5 76.5 75.7 70.1 67.8 67.5 67.1 67.6 67.4 68.1 68.3 69 70.6 72.1 72.3 73.9 71.6 70.1 70.4 73.2 75.8 75.7 70.8 71.2 71.2 71.6 72.1 72.2 72.1 72.4 72.4 72.4 72.9 79.5 105.9 121.4 127.9 130.1 130.5 130.1 130.1 130.4 130.1 129.3 128.6
