public/OST50/SM93.asc
ncols 200
nrows 200
xllcorner 190000
yllcorner 230000
cellsize 50
[rows 148 to 184 of 200, columns 0 to 81 of 200]
105.7 106.9 108 108.8 109.7 110.4 110.6 110 109.6 109.6 110.3 111.3 112.9 113.7 113.9 113 110.8 106.6 101.4 96.3 90.9 84.7 78.9 74.1 70.6 66.8 62.7 60.7 61.4 61.3 63.1 66.4 69.8 73.1 79.5 80.7 83.4 85.8 88.2 90.2 91.2 91.5 91.4 91.4 91.3 90.3 89.9 91.1 90.9 91.1 91.9 93.4 94.2 94.4 93.8 92.2 89.9 87.9 85.4 83.1 80.6 77.9 74.4 68.5 65.4 61.5 61.8 63.7 61.9 61.1 61.9 65.9 72.9 78.5 82.5 85.4 87.7 88.9 89.8 89.6 89.8 88.8
106.7 107.8 108.9 109.8 110.8 111.1 110.4 109.1 108.3 107.6 107.9 109.1 110.5 111.7 112.2 111.4 109.3 105.4 100.8 97.1 91.5 85.5 80 76 72.7 69.5 64.7 61.3 59.9 61.4 61.8 63.3 67.5 71.4 74.6 79.1 81.4 84.3 85.9 87.2 89 89.6 89.2 89.5 89 89.9 89.2 89.2 88.6 89.4 89.9 91 91.8 91.8 91.7 90.2 88.1 86.9 83.2 81.4 78.4 75.9 72.6 67.4 63.8 62 61.6 61.1 64.9 61.3 63 70.4 78 82 85.2 87.8 90.1 91.1 91.7 91.2 89.9 89.3
107.9 108.9 109.9 110.7 111.1 111.1 110.1 108.4 106.1 104.8 104.4 105.3 105.9 108.2 108.9 108.1 106.3 103.3 100 96.1 93 88.8 85 81.4 77.6 73.1 68.2 62.9 60.7 59.4 60.2 60.7 65.2 69.6 72.7 75.1 78.1 80.8 82.9 84.3 86.6 87.5 86.7 86.7 86.4 86.6 86.7 86.8 87 87.6 88 88.8 89.3 89.5 89.3 87.5 85.7 84 81.6 79.3 79 74 71 67.1 63.4 62.1 61.6 61.4 61.5 61.8 63.8 73.6 80 83.5 86.7 89.6 91.9 93.1 93.3 92.7 91.6 90.1
108.8 109.4 110 110.7 110.9 110.5 108.9 106.7 104.4 100.8 100.4 100.8 102.8 103.3 103.7 104.2 102.7 100.4 98.9 96.5 93.7 91 89.1 86.7 84.3 80 72.8 66.9 61.8 59.3 59.6 60.5 62.6 67.6 70.8 73.4 75.9 78.5 80 82.4 83.4 84.7 84.9 84.8 84.5 83.5 84.7 84.9 85.1 85.8 86.5 87.2 87.6 87.5 87.3 85.8 84.5 82.7 80.4 79 75.7 72.5 70.5 67.7 64.5 62.3 61.6 61.2 61.3 64 65.8 75.7 80.1 83.6 86.8 90.3 92.8 94.1 94.3 94.1 93.1 91.6
108.5 109.3 109.8 110.4 109.9 108.7 106.3 104 101.3 98.7 95.7 96.3 97.5 98.5 99.4 100.2 99.7 98.8 97.8 96.5 94.6 93.3 92.4 90.5 88.3 85.2 81 73.5 64.3 59.4 58.9 60.3 61.4 65.7 69.1 71.8 74.1 76.5 78.2 80.4 81.1 82.5 83 83 82.6 82.4 82.7 82.9 83.5 84.4 85.2 85.8 86.3 86.2 86.5 84.7 82.8 82 80.3 78.8 77.1 75.1 72.6 68.6 64 61.4 61 60.7 60.8 61.2 63.5 74.4 78.9 82.1 85.3 89.6 92.8 94.5 95.2 95.3 94.3 92.6
107.3 108.3 108.9 108.9 108.5 106.9 104.7 101.9 98.3 95.1 90.3 91.3 94.1 95.3 96 96.6 96.5 97 96.3 95.6 95.4 94.7 93.5 91.4 89.4 87.3 84.5 80 71.1 61.1 58.9 59.5 60.8 64.3 67.9 70.4 73.3 75.3 76.9 79 80.3 81.5 81.4 81.2 80.6 79.9 80.8 81.8 82.8 84.7 85 85.9 85.8 85.9 86 85.9 85.1 84.3 82.8 82.5 81.1 79.1 77.8 73.6 66.5 62.1 60.9 60.6 60.8 60.6 63.4 65.4 70.1 77.5 82.8 87.7 92.1 94.9 96.1 96.3 95.6 94.1
106.2 106.9 107.2 107.1 106.3 104.6 101.6 97.8 93.6 89.5 85 86.9 89.4 90.7 92 93.1 93.4 94.2 94.7 94.7 94.3 93.7 92.9 91.2 89.3 87.6 87.1 82.8 75.2 64 58.4 59.1 59.7 62.9 66.4 69.4 72.2 74 75.8 77.4 78.9 79.7 80 78.7 78.7 78.6 80.5 82.1 83.3 85.2 86.3 87.7 88.8 89.5 89.6 89.4 88.9 88.1 86.7 86.6 85.5 84.4 84.2 83.1 82.7 78.4 71.7 68.7 61.5 60.1 61.5 62.8 66.5 71 79.6 85.9 91.3 94.3 96.5 97.8 97 95.6
103.9 104.4 104.5 104.1 101.8 98.8 95.3 90.8 87.3 82.6 79.3 81.8 85.1 86.7 87.9 89.3 90.5 91.2 91.8 91.8 91.9 91.9 90.9 89.4 88.3 87.3 86.2 82.9 75.6 65.3 58.3 58.3 58.9 61.7 64.8 67.6 70.4 72.4 74 75.5 76.7 76.8 76.2 75.9 76.2 78.7 80.7 82.9 84.7 87.2 89.2 91.1 91.9 92.5 93.2 93.1 93 92.7 92.7 92.3 92.5 92.1 91.7 91.3 92 90.3 87.7 84.2 68.2 60.8 60.3 61.2 64.5 68.4 77.9 86 90.8 95.4 97.7 98.6 100.3 96.8
99.7 100.6 99.6 97.8 95.4 92.9 86.9 82.6 79.8 76 73.5 77.4 80.5 82.8 84.9 86.2 87.4 88 88.6 88.9 88.5 87.5 85.5 82 77.2 80 79.1 76.2 71.1 64.5 57.8 58.3 58.3 59.8 62.4 65.3 68.1 70.5 71.8 72.9 73.5 73.5 73 74.6 76.9 79.4 81.9 84.5 87.2 89.8 91.9 93.4 94.6 95.5 96.2 96.6 96.6 96.5 97 97 97.2 97.6 97 96.5 95.4 95 92.6 89.9 75.7 60.8 60.5 63 61 68.4 82.7 88 92.6 96.2 99.2 100.4 100.1 97.9
92 92.7 91.9 89.3 84.9 80.1 77.4 75.5 73.1 70 69 73.7 76.7 79 81.4 82.6 83.9 84.1 84 83.6 83 81.8 71.5 63 61 61.9 62.9 67.8 66.1 59.7 57.1 57.7 57.4 59 60.6 62 63.9 65.7 68.6 69.3 69.8 70.4 71.8 75 78.1 80.8 83.9 86.8 89.7 92.4 94.3 95.5 96.7 97.7 98.4 99 99.2 99.3 99.8 99.6 99.5 99.1 98.6 98.1 96.9 95.8 94.2 91.2 80.6 63.2 60 60.5 60.3 68.8 84.8 90.2 94.2 97.4 100.2 102.2 102.9 101.6
79.8 76.9 73.2 70.4 68.9 68.8 69.8 68.9 68.3 65.4 64 66.9 68.3 70.4 73 75.6 76.9 77.9 77.9 77.5 75.2 70.3 60.5 57.1 56.6 57 57.6 57.3 57.6 57.4 57 57 57.4 57 59.4 60.5 61.8 64.3 66 66.9 68 69.7 72.7 76.2 79.3 82.3 85.6 88.7 91.4 93.5 95.4 96.7 98 99.3 100.1 100.4 100.4 100.5 100.1 99.8 99.9 99.8 99.2 97.6 96.2 94.8 92.4 88.7 81.1 65.4 60.5 60.6 60.9 71.2 85.5 91.8 95.5 98.8 101.8 104.3 104.5 103.8
63.3 61.7 60.2 60.2 59.8 59.9 61.5 61.6 61.3 61 60.3 60 60.1 61 62 62.9 63.2 63 64.4 64 62.2 60.9 57 56.5 56.6 56.8 56.9 56.9 57.1 57 56.9 56.8 57.2 57.5 59.1 60.5 63.9 67.8 69.4 69.2 69 70.5 74 77.3 80.3 83.6 87 89.8 92.2 94.2 96 97.5 98.9 99.9 100.7 100.9 100.4 99.9 99.5 99.4 99 98.3 97.3 95.8 94.2 92.7 88.9 82.5 76.2 65.5 60.2 60.6 64.2 73 86.8 92.8 96.8 99.8 102.4 104.7 105.5 104.5
59 59.1 59.6 59.1 59.1 58.8 58.6 59.1 58 58.2 58 57.3 57.1 57.3 57.6 57.2 57.3 56.9 57.1 57.3 56.8 57.2 56.6 56.6 56.5 56.5 56.6 56.7 57.3 56.8 56.7 56.6 57.1 57.7 59 61.7 65 70 72.3 72.1 71.8 72.8 75.7 78.5 81.3 84.4 87.3 89.8 92.4 94.6 96.3 97.6 99.1 100 100.3 99.8 99.4 98.8 98.2 97.7 97.4 96.3 94.5 92.9 90.9 88.3 83.8 76.9 72 63.9 60.7 60.2 62.6 68.5 86.3 91.7 96.8 99.9 102.3 103.1 103.1 101.6
59.1 59.1 58.8 59 58.6 58.2 58.3 58.2 57.7 58.2 58.2 57.4 57.2 58.1 57.7 57.4 57.2 57.4 56.8 56.9 56.7 57.3 56.4 56.9 56.5 55.9 56.7 56.6 56.6 56.9 56.9 56.4 56.9 57.6 59.1 62.8 66.8 71.4 73.7 75.2 74.7 75.6 77.3 80.1 82.7 85 87.3 89.8 92.1 94.3 95.9 97 98 98.9 99.4 98.8 98.3 97.4 96.6 95.9 95.1 93.8 91.9 89.9 88.6 84.7 78.4 72.7 68.8 62.6 60.3 60.1 60.2 70.1 82.9 88.4 94.3 97.2 100.1 100.4 99.4 98.6
59.2 59.7 59 58.9 58.7 58.7 59.2 58.4 58.4 58.3 58.8 58.3 58 58.2 57.9 57.7 57.7 57.8 57.7 57.7 57.5 56.9 57.3 56.6 55.9 56.3 56.7 56.3 56.6 55.9 57 55.9 56.6 57.2 59.5 63.2 66.7 71.1 75 76.6 77.2 77.3 78.7 81 83.4 85.6 87.5 89.4 91.5 93.2 94.7 95.8 96.3 97.3 97.6 97.4 96.6 95.6 94.5 93.7 92.2 90.9 88.6 86.5 84.2 80.7 75.4 70.6 66.2 61.8 60.1 59.4 60.2 71.8 70.7 81.6 87.6 90.5 94.1 95.9 95.2 93.9
59.2 59 59.5 60.3 60.7 60.2 59.5 59 58.8 58.5 59.2 58.5 58.5 58.4 58.2 58.2 58.2 58.1 58 58.1 57.6 57.7 57.3 57.5 57.1 57.1 57 56.7 57.1 56.4 56.6 56.5 56.6 57.8 59.9 62.8 66.1 69.8 72.6 75.9 77.4 78.2 80.1 82.3 84.2 85.7 87 88.6 89.8 91 92.2 93.6 94.4 94.7 95.1 95 94.2 93.5 92.3 91 89.3 87.6 85.9 84.1 82.1 77.5 72.8 67.9 63.9 60.6 59.9 60 60.2 69.6 73.6 69.9 81 84.2 84.5 86.2 88 87.9
59.9 59.1 59.3 59.3 60.9 60.5 59.3 59 58.9 58.6 58.8 59.5 59.4 58.2 58.5 58.8 58.5 58.5 58.4 58.2 59.1 58.1 58.8 59 58.9 57.6 57.8 56.8 57.2 56.4 56.5 56.5 56.5 57.1 58.8 61.2 65.4 69.8 73 75.5 76.5 78.7 81.1 82.6 83.9 85.2 86.1 87.2 88.1 89.1 89.8 90.3 91 91.8 92.4 92.2 91.8 90.7 89.5 88 86.3 84.4 82.3 80.6 77.8 73.1 68.1 64.9 61.3 60.1 59.7 59.8 60.5 63.8 67.3 69.8 70.2 69.5 69.4 71.7 70.9 71.7
64.7 60.9 59.6 59.6 59.8 59.9 59.3 59.3 59.4 60.5 60.4 59.6 59.5 59.1 58.5 59.2 59.3 59.4 59.9 60.7 60.1 60.2 60.8 60.4 60.2 60 58.4 56.5 56.6 57.1 55.8 56.4 56 56 56.8 58.8 64.6 68.8 72.4 72.6 75.9 78.9 81.7 82.4 83.5 84.2 84.6 85.4 86.2 86.4 86.8 87.5 88.3 88.7 89 88.6 88.5 87.6 86.4 85 83.4 81.5 79.1 77.1 74.5 70.1 65.8 61.2 59.9 59.7 59.5 60.1 62 61.3 61.4 61.8 62.1 65.3 62 61.4 63.7 64
68.7 65.7 64 62.6 61.7 60.8 60.7 62.4 63.4 62.6 61.2 61.6 60.7 60.6 60.4 63.3 65.7 63.9 63.8 65.9 66.7 64.1 63.8 64.3 63 62.5 60.7 58.5 57 56.8 57.1 57.1 55.5 56.1 56.6 57.7 64.3 68.7 70.8 71.2 74.7 78.4 80.5 81.4 82.2 82.8 83.2 83.4 83.4 83.6 83.8 84.1 84.4 85.6 85.5 85.7 85.5 84.7 83.5 82 80.5 78.5 76 73.8 70.3 65.8 61.8 60 60.2 60.4 59.7 60.2 64.4 61.3 61.1 61.6 62 71.4 62.5 62.4 62.9 63.4
71 69 69.9 66.2 64.1 65.4 72.9 70.5 70.2 70.3 71 66.3 67.7 68.4 68.4 68.7 68.8 67.6 66.5 68.6 70 70.5 69.6 69.7 70.1 67.6 64.8 62.3 59.9 57.4 57.6 57 56.6 55.8 56 61.2 65.7 69.6 69.6 69.3 73.1 76.9 78.9 79.6 79.9 80.7 80.9 80.8 80.5 80.6 80.6 81.2 81.5 81.8 82.8 82.7 82.4 81.7 80.5 78.3 77.1 75.4 72.9 70.6 67 61.9 59.9 59.8 61 60.5 59.5 60.4 61.4 61.6 61.7 62 63 63.2 72 62.8 63.8 63.8
69.7 70 69.4 68.8 68.2 68.5 73.3 71.5 70.9 70.3 70.3 69.4 68.6 70.2 71.7 71.1 69.7 68.5 68.4 69.8 71.2 73 73.8 72.6 76.5 74.7 75.4 71.6 69.7 64.9 59.8 57.3 56.5 56.4 56.4 61.1 66.1 68.9 68.6 68.6 72.4 75.1 77.3 78.4 77.8 78.2 78.4 78.2 78.3 78.5 78.3 78.7 79.1 79.6 79.9 80.7 80.1 79.1 78 76.5 74.6 72.7 70.4 68.1 64.3 60.2 59.3 60 60.6 60.7 59.2 60.8 60.6 61.2 61.8 62.1 62.3 62.7 71.2 64.4 64.6 65.3
70.6 71.4 71.1 71 70 71.5 72.8 72.7 72.7 71.8 71.4 70.3 70 69.9 70.6 70.9 70.2 69.8 69.5 70.4 71.7 73.9 75.7 76 76.8 77 76.4 74.5 73.9 71.3 64.3 58.7 57.7 57.1 55.6 57.6 64.5 65.5 66.5 67.6 71.4 74.2 75.9 76.3 75.5 75.1 75.7 75.6 76 75.4 75.5 76 76.5 77.4 77.7 78.7 78 77.4 75.8 73.7 71.4 70.1 67.8 64.6 60.9 60.3 59.5 59.8 60.5 58.8 59.9 63.8 60.4 60.8 61.2 61.7 62.4 63.2 64.1 74 65.3 66.1
73.3 74.1 74.4 73.3 73.3 74.4 75.5 75.5 75.3 74.5 73 72.7 71.7 70.8 71.1 71.6 71 70.8 70.6 71.4 73.5 76.1 77.1 76.8 75.9 75.2 75 73.8 72.2 70.6 64.8 60.1 57.2 56.6 56 57.3 62.6 63.1 64.5 65.5 68.8 71.2 72.9 73.4 73.1 73.1 73.6 74 73.3 72.9 72.7 73.5 74.2 75.1 76.5 77.6 77.9 77.2 74.4 71.3 68.1 67.2 63.2 60.7 59.9 60.4 60.1 59.2 59.5 59.7 60.1 60.7 60.9 61 61.6 62.5 62.6 63.1 64.5 75.6 68.4 67.3
78.8 78.8 78.1 78.2 78.5 80.1 80 80.2 78.8 77.7 76.3 74.7 73.8 72.6 71.7 71.7 71.5 71.1 70.8 71.5 71.9 74.4 74.3 74.4 73.6 72.8 72.6 71.5 70.1 67.7 61.6 59.3 56.9 57.4 57 57.2 61.4 61.3 61.7 63.2 65.3 68.1 69.7 71 71.3 71.5 71.6 70.9 71 70.4 70.4 71.2 72.5 73.7 75.6 77.5 78.7 78.3 73.4 70 67.2 63.5 60.9 59 58.6 58.8 58.7 59.7 59.9 60.3 62 60.9 61 61.8 62.1 63.8 65.1 67.2 67.8 75.3 69.7 69.7
83.1 83.5 83.9 84.1 84.7 85.7 86.5 86.5 85 81.4 79.2 76.9 75.7 74 72.8 71.8 70.6 69.8 69.8 70 70.5 71.2 71.5 71.8 71.6 71.1 70.1 69.2 67.1 61.5 58.6 57.1 56.7 56.5 56.7 56.4 59.5 59.7 59.9 61.2 63.5 65.4 67.1 68.8 69.1 69 67.5 66 67.6 67.7 67.3 69.1 71.5 73.7 75.8 77.9 79.3 79.2 75.2 68.7 62.8 60.7 59.1 59 56.6 58.1 59.1 59.7 60.4 63.6 60.8 61.5 62.8 65 66.9 67.8 69.4 70.2 71 71.6 71.6 71.5
88.6 88.1 88.4 89 89.4 90.5 89.7 89.1 87.6 84.2 81.5 79.2 76.2 74.4 73.5 72.1 70.8 69.6 68.6 68.4 68.5 68.8 68.7 69.1 69.2 69.2 68.8 68 66 61.2 57.6 57.1 56.7 56.7 56.2 55.9 57.8 58.1 58.5 59 60.5 61.6 63.9 65.9 64 62.5 61.2 60.4 61.9 62.9 64.8 68.1 70.9 73.2 75.5 77.6 78.7 76.3 72.3 62.2 59.1 58.6 58.9 57.3 59.4 59.5 59.5 59.9 60.4 60.7 61.4 61.1 64.8 66.6 69.1 71.7 73.4 73 72.7 73.2 73.7 73.9
94.2 93.3 93.2 93.1 92.6 92.5 91.7 90.7 88.7 85.7 83.4 80.5 77.4 74.8 73.3 72 70.6 69.4 68.1 66.7 65.2 65.9 65.9 66.2 66.5 66.6 66.6 66.4 64.7 60 57.4 56.9 57.1 57.3 56.9 55.9 55.3 56.2 56.4 57.6 58.8 59.2 59.3 59.4 58.9 58.5 57.4 57.8 57 58.2 63.3 67.1 69.5 71.9 74.1 76.2 76.8 75 69.1 57 56.8 58.7 57.8 58.6 59.1 59.2 59.4 60.2 60.5 61.2 61.9 62.9 62.4 65.7 70 73.2 74.8 74.9 74.5 74.4 80.2 75.9
100.8 99.3 97.5 96.6 95.7 95 93.9 92.8 90.7 88.4 86 82.5 79.1 75.7 74 72 70.5 69.1 67.8 65.7 64.2 63.2 62.9 62.3 62.4 62.2 63.1 62.2 59 58.1 57.4 58.2 57.9 57.3 55.9 55.1 55.2 55.9 56 57.1 56.8 56.3 56.4 56.1 54.3 54.3 54.3 54.3 54.3 55.5 58.1 61 66.9 69.3 71.3 71.7 72.9 70.1 60.3 57.8 58.7 58.6 57.5 58.2 59 60.4 63.3 70 69.6 66.2 63.7 63.9 63.7 63.7 68.1 72.5 74.6 75 74.9 75.5 80.7 79.2
103.8 102.6 101.4 98.6 98.1 97.2 95.9 94.4 93.1 91.3 89.4 86.2 80.9 77.9 75.3 72.9 71 69.1 67.4 65.6 63.7 62.1 61.1 60.4 59.5 58.7 58.5 58.9 58.7 58.7 59.8 61.7 62.4 60.4 58 56.2 55.1 56.6 56.3 56.1 56.4 54.9 56 54.6 54.3 54.3 54.3 54.3 54.3 54.3 54.6 59.1 65.3 67 67.8 67.2 62.3 60.2 57.8 57.6 57.9 57.9 57.6 58.3 61.3 70.4 72.6 73.4 72.1 75.3 73.2 69 66.5 64.6 65.7 68.5 71.9 73.5 74.6 76.5 79.5 82.5
104.9 103.8 102.8 101.5 100.3 98.7 97.2 95.4 93.9 92.5 90.6 87.9 84.9 81.2 77.9 74.9 71.7 69.4 67.2 65.1 63 61.6 60.7 59.9 59.6 59.7 59.4 59 59.3 60.5 62.4 64.7 66.8 70.6 66 60 56.5 54.7 56.7 56.3 56 56.1 56.4 57.6 54.3 55.8 54.6 54.3 54.3 54.3 54.3 58 64.7 66.1 64.8 60.1 57.6 56.5 57.8 58.7 58.1 57.5 58 62.8 69.5 70.9 72.9 73.1 73.3 78.2 77.1 73.4 70.3 67.3 66.8 67.3 68.6 70.9 73.8 76.5 81.8 85.1
105.3 104.7 103.6 102.6 101.2 99.7 98.1 96.6 94.9 92.9 90.5 88.2 85.6 82.6 79.3 76.6 72.5 68.9 66 63.5 62.4 61.9 61.2 60.3 60.1 60 59.5 59.1 59 60.7 63.2 65.5 67.2 70.2 68.7 64.9 58.3 56.2 54.6 55.3 54.9 55.5 55.2 58.5 55 57.6 55.7 54.3 54.3 54.3 54.3 57.1 64.8 65.1 63.4 56.3 56.8 58.6 58.3 57.8 57.7 58.8 63.8 67.8 69.2 71.9 72 71.5 73.4 76.1 76.2 73.8 71.6 69 68 68.2 68.6 71.1 73.4 76.4 81.3 85
104.6 104 103.4 103.2 101.7 100.4 98.8 97.2 95.5 93.3 91 88.6 85.8 82.6 79.9 76.5 72 68.2 65.4 63.7 62.8 62.6 61.9 61.1 60.6 59.9 59.2 59.5 59.5 60 62.7 64.8 66.2 66.9 66.8 65.2 61.3 57.1 55.4 55.1 55.2 54.6 56.5 56.6 56.9 57.9 56.6 55.1 54.3 56.8 57.3 57.8 58.9 62.9 56.8 57.2 57.5 58.4 58.4 58.3 58.4 62.9 66.5 66.6 70.4 70.4 70.4 70 72.4 73.4 74 72.6 70.6 69 69 69.2 70.2 71.7 72.9 76.3 79.8 84
103.2 103.2 102.9 102.3 101.6 100.6 99.1 97.5 95.5 93.7 91.4 88.8 86 82.9 79.1 75.7 72.9 70.7 64.8 64.3 63.3 63.2 62.8 62.4 62.1 61.5 60.4 59.8 59.4 58.3 61 63.3 64.6 64.9 64.7 63.4 61.3 57.6 56.4 56.1 55.7 54.5 55.3 55.2 57 57.8 58 57.1 57.7 57.1 55.8 55 56.5 56.3 57.1 57.1 57.2 57.4 57.6 57.9 59.8 63.3 65 67.7 68.8 68.9 68.7 69 69.4 69.9 70.2 69.7 69.5 69.5 69.8 70.7 72 73.7 75.5 76.5 77.5 80.3
101.6 101.7 101.8 101.6 101.3 100.6 99.3 97.5 95.3 93.2 91.3 87.7 84.1 81.7 81.2 79 75.7 71.9 65 65.1 66.4 66.9 66.6 65.7 64.8 63.6 62.2 60.7 59 57.5 57.8 60.6 62.6 62.6 62.4 61.2 59.1 56.6 56.6 55.9 55.6 55 53.8 56.9 57.3 57 56.2 54.6 56.2 56 56.4 55.7 56.3 56.6 57 57.4 57.9 57.9 57.9 58.5 62 64.3 66.2 67 67.9 68.7 69 69.1 69.2 69.8 69.9 69.9 69.9 70.2 71.1 73.1 75.5 77.4 78.9 79.4 78.3 81.3
100 100.3 100.1 100.8 100.6 100.4 99.5 96.5 94.4 90.7 89.1 89.6 88.7 86.1 83.6 80.7 76.9 70.5 65.9 69.3 71.1 71 70 68.4 66.8 65 63.8 62.1 60.3 59.2 56.5 56.9 59.5 60.3 59.6 58.1 56.5 56 55.7 55.6 55.3 55.3 54.7 56.5 56.3 55.2 55.7 55.7 56.2 56.3 56.6 56.8 57.4 56.7 57.1 57.7 58.1 58.2 58.6 59.2 64 66.7 67.1 67.8 68.8 70 70.6 71.3 71.4 70.6 70.3 70.3 70.4 72.4 73.9 76 78.3 80.1 81.2 83.3 83 80.4
98.4 98.5 98.1 98.9 98.7 98.8 98.2 95.1 93.4 94.4 94.3 92.5 90.2 87.6 85 81.9 77.6 67.8 66.4 71.6 74.3 74.8 73.8 72.1 69.4 67.8 66.1 64.2 62.4 60.5 57.5 56.7 56.4 57 56.6 55.9 55.3 55.8 55.3 55.1 55.4 54.6 53.5 55.2 55.6 56.1 56.2 56.3 56.6 56.7 57.1 57.2 57.6 56.7 57.4 58.1 58.5 58.8 58.9 63.5 63.7 65.4 66.7 67.9 69.7 71 72.6 73.3 72.6 71.7 71.7 72.1 73.5 75.5 77.1 79.4 81.6 83.2 84.9 86.1 87.5 87.5
97.5 97.9 97.5 97.4 99.3 99.6 98.4 97.9 98 97.4 95.6 93.2 90.7 88.1 85.3 82.2 74.6 68.9 69 74.3 77.3 77.7 77.6 75.3 72.7 70.6 68.9 66.3 63.8 61.3 58.6 57.1 56.1 55.9 55.9 55.3 55.6 55.8 54.8 55.9 54.6 55.7 52.9 54.8 55.2 55.9 56.3 56.8 57 57.1 57.5 58.2 57.9 57.9 57 57.9 59.1 58.9 61.9 59.8 60.8 63.6 65.2 66.7 68.9 70.4 72.7 73.3 72.9 72.6 72.8 74.8 77.1 79.3 80.7 82.7 84.8 86.5 88.3 90.5 91.8 93.1
