public/OST50/SN02.asc
ncols 200
nrows 200
xllcorner 200000
yllcorner 220000
cellsize 50
[rows 140 to 174 of 200, columns 79 to 157 of 200]
54.8 74 82.7 86.9 91.6 95 96.9 97.3 97.6 96.3 94.1 90.4 86.1 83.6 80.2 76.8 65.2 60.2 72.3 82.8 88 92.1 95 97.4 99.6 100.6 101.4 101.8 101.9 101.8 101 100.5 100 98.9 97.2 93.9 93.7 92.7 90.8 89.1 83.4 66 69 77.5 85.3 89.4 94.1 98 100.4 101.6 102.5 103.3 103 102.9 101 100.8 100.4 97.7 93.8 94 91.9 93.9 92.7 91.5 89.1 85.5 73.8 64.3 74.8 90.2 93.2 95.4 97.6 99.8 101.3 103.5 105.9 107 107.6
66.5 72.6 83.8 88.9 92.3 94.8 96.9 97.7 97.6 96.9 95.1 92.1 87.7 83.1 79.6 74.5 67.8 59 61.7 77.3 86.7 91.8 95 97.2 99.5 100.3 101.1 100.7 100.3 100 99 97.5 96.6 96.1 94.3 90.1 89 88.6 86.9 85 82.5 66.8 68.6 78.6 84.3 87.9 92.3 97.7 100.9 102.6 103.6 104.1 103.9 103.5 102 100.5 97.6 95.4 91.5 90 85.9 87 88.2 84.7 82.7 81.2 66.6 63.8 76.6 84.5 87.5 89.7 92.1 94.1 95.7 98.2 101.4 103.4 105.1
79.8 82.9 86.9 90.7 94.4 96.3 97.5 98.2 97.9 97.6 96.4 94.3 91.5 89.1 85.6 81.8 77.8 63.9 56.6 70.1 87.4 92 95.3 97.2 98.8 100.3 99.8 99.4 99.2 98.1 96.7 94.9 93.7 93.4 92.7 89.8 80.7 83.6 82.3 80.6 76.6 67.1 68.6 84.8 91.3 95.3 97.9 99.2 101.3 103.1 104.3 104.8 105.2 104.6 104 103.3 102 99.2 95.4 90.3 86.3 82.9 78.9 72.9 70 70.9 62.9 66.6 74 77.5 79.7 82.8 85 88 89.6 92.9 96.7 98.9 100.8
80.5 86.9 90.1 92.7 96 97.4 98.5 99 98.7 98.3 97.1 95.6 92.9 89.9 88.3 85.8 82.8 73.9 58.4 65.4 84.8 91.2 94.8 96.6 98.2 98.9 99.1 99.1 98.5 97.4 94.7 91.8 90.4 91.2 90.7 89.4 85.6 73.2 75.8 73.6 65.4 63.1 78.8 90.8 94.8 98.2 100.6 102.2 102.8 104.1 104.6 105.1 105.2 105.2 104.8 104.1 102.7 100.9 98.2 95 91.5 87.5 82.2 76.7 70.8 64.6 61.5 65.5 68.7 70.7 74.1 78.2 81.2 83.1 85.6 87.9 91.5 94.5 97
85.6 89.2 91.9 94.6 97.2 98.5 99.3 99.8 99.5 98.8 97.5 95.9 93.6 90.6 88.2 85.3 81.9 72.5 58.4 60.5 75.1 90.2 93.1 96 97.8 98.6 98.9 98.9 98.1 97.1 95.1 92.5 89.2 87.8 88.1 87.1 85.2 81.2 72.8 64.6 62.1 72.1 89.9 94.1 97.7 100.5 102.4 103.9 104.5 105.2 105.5 105.7 105.4 105.2 105.1 104.6 103.2 101.1 98.9 96.3 93.3 89.9 86.1 81.3 71.2 61.4 63.8 74.2 77.7 79.3 79.4 79.9 81.9 83.7 85.1 86.8 89.5 92.2 95.1
87.3 90.4 92.8 94.7 97.3 99 99.9 100.4 100 99.1 97.6 95.9 93.5 89.7 86.3 82.7 77.8 61.4 54.1 70.4 88.6 93 95.7 97.5 98.8 99.2 99.2 99.3 98.8 97.9 96.5 94.7 92 85 84.3 83.8 82.7 79.5 64.5 61.5 71.2 87.7 92.5 95.9 98.9 101.1 103 104.5 105.1 105.8 106.2 106.3 106 105.6 105.2 104.9 103.5 101.8 99.5 96.3 92.7 88.7 84.3 79.8 61.8 62.1 66.7 79.5 85.9 89.1 90 91.1 91.6 92.1 92.4 92.2 91.3 91.1 94.6
85.7 88.8 91 93.1 95.2 96.7 97.7 98.5 98.5 97.8 96.5 94.4 92.8 88.9 84.6 79.6 70 51.8 60.9 80.8 89.6 93.7 96.6 98.6 99.5 100.2 100.1 100 99.8 98.7 97.6 96.3 94.4 91 84.7 74.1 71.3 71.4 60.7 71.2 85.7 90 92.9 95.2 97.8 99.9 101.7 103.2 104.1 105.1 105.8 105.8 105.7 105.6 105.2 104.6 103.7 102.2 99.7 96.1 91.8 86.6 81.7 65.2 58 62.3 71.1 87.3 95.5 98.4 99.3 99.6 99.6 99.3 99.5 98.3 97.3 95.4 94.5
83.3 85.7 87.6 89.5 91.2 92.6 93.6 94.5 94.5 94 93 91.6 89.6 86.4 83.2 77.9 66.7 52.3 61.9 81.7 88.4 92.5 95.3 97.3 98.6 99.3 100.1 100.4 100 99.1 97.8 96.5 95.3 93.3 89.9 84.6 76.2 63.5 60.3 79.8 85.3 88.7 91.4 93.6 95.9 98 99.6 100.7 101.6 102.2 102.9 103.4 103.7 104 104.4 103.7 102.9 101.5 98.8 94.4 87.3 73.8 67.8 60.2 59.1 64.3 81.2 95.1 101.3 103.9 105 105.3 105.1 105.3 104.7 103.4 101.7 99.8 98.4
78.9 80.8 82.7 84.2 85.4 87.9 89.6 89.7 90.3 90 89.8 89.4 88.1 86.1 83 79.3 69.7 50.7 55.1 75.1 85.8 89.7 92.8 94.9 96.4 97.9 98.7 99.1 98.6 98 96.6 95.3 94.1 92.5 90.1 86.1 79.8 66.6 60.2 75.6 81 85.6 88.3 90.5 92.5 94.6 96.2 97.3 98.5 99 99.6 100.2 100.6 101.1 101.6 101.5 100.9 99.4 97.7 94.8 90.5 78.1 60.3 57.9 63.9 82.2 97 102.1 105.3 107.1 108.4 109.1 109.5 109.3 108.2 107 105.6 103.7 102.8
48.1 62.2 76.5 78.3 79.4 81.7 83.5 85.9 87.7 88.5 88.6 88 86.7 85 82.4 79.5 71.7 52 51.1 63.6 80.2 85.7 89.3 91.7 93.6 95.2 95.9 96.7 96.4 95.9 94.8 94 93 92.2 90 87 80 66.9 59.2 70.6 76.7 82.4 86 88.3 89.2 90.7 91.6 92.8 93.9 95.3 95.8 96.5 97.3 97.8 98.2 97.9 97.5 96.2 94.8 92.4 89 69 56.3 61.9 80 97.2 102 104.7 107.3 109.2 109.6 110.3 111.1 111.4 110.9 110 108.7 107.4 107.2
50.1 49.1 49.2 65.6 72 74.8 77.5 80.8 83.2 84.6 84 84.2 83 82.1 81.4 79.7 71.1 52.7 49 54.3 71.2 80.3 85.4 87.8 89.7 91.2 92.3 93.1 93.1 93.2 92.3 92.1 92.3 92 91.5 89.2 84.2 71.2 56.3 64.2 69.1 75.4 82.2 85.8 86.5 87.2 87.6 88.1 88.8 90.5 91.5 92.9 93.9 94.4 94.7 94.1 93.4 92.2 90.6 88.2 81 58.9 57.8 71.1 89.7 99.3 102.7 105.3 107.7 109.4 110.4 111 111.4 111.8 111.8 111.6 110.9 111.1 110.3
51 49.9 49 49.2 50.2 62.5 69 73 75.5 76.7 77.8 78.5 80.2 80.3 79.6 75.7 69.7 54 46.7 50.7 62.7 75.2 80 83.5 85.2 86.6 88 89.4 89.6 89.6 89 90.5 91.6 92.2 92.2 89.8 86.1 78.9 61.6 54.3 57.9 61.5 71.4 77.4 81.1 83.2 83.6 84.4 83.5 84.9 86.9 90.5 91.7 92.8 92.1 90.2 88.6 87.4 85.4 82.4 72.1 54.4 60.2 81.4 94.8 98.9 102.3 104.8 107 108.5 109.8 110.5 110.9 110.8 111 111.5 111.8 112 111.4
52.1 51.6 50.4 48.8 48 48.1 54.9 63.8 65.8 67.6 68.6 69.8 71.6 73.2 71.7 69.2 65.6 56.6 46.3 47.7 57.1 68.9 74.3 78.4 80.6 81.8 83.5 84.6 85 84.3 86 89.3 91.7 92.9 92.2 89.1 85.2 76.9 71 64.3 56.8 52.2 56.7 64.3 69.8 73.7 75.4 77.1 75.5 81 85.6 89.6 91.9 92.7 92.9 87.8 78.1 78.9 77.6 73.7 61 52.7 66.7 85.4 94 98.5 101.9 104.2 106.1 107.5 108.4 108.3 108.8 108.7 109.2 109.7 110.8 111.8 111.6
53.1 52.4 51.6 50.9 49.4 48 48.1 47.8 47.5 47.6 52.7 57.6 60.1 61.3 60.6 59.5 57.5 53.8 46.9 46.4 49.5 61.7 67.7 71.6 73.4 74 75.6 77.4 75.7 77.2 84.6 89.3 91.9 93.3 91.6 89.3 87.2 83.7 80.1 75.1 68 61.2 52.2 52.2 55.2 60.1 64.6 66.3 70 77.7 83 87.5 90.9 94.5 95.6 92.1 82.5 71.4 62.2 57.2 52 59 68.6 78 92.7 98.2 101.5 103.5 105.1 106.3 106.1 105.5 105.7 105.5 105 106.7 108.2 110 110.4
54.5 53.5 52.6 51.6 50.5 49.3 47.4 47.8 47.8 47.5 47 46.1 47.1 48.4 48.8 48.4 49.4 48.4 45.9 45.1 47.8 52.9 56.4 58.6 62.2 64 65.6 67.7 67.8 71.3 80.2 85.5 87.9 89.5 90.8 91.2 91.3 88.6 85 80.6 74.8 70.2 65.7 58.4 51.6 50.7 52.7 57.3 64.7 72.9 78.3 82.2 85.7 88.6 93 92.3 86.9 76.6 57.8 52.3 54.2 67.3 83.1 90.5 95.2 98.7 101.3 103 104 104.3 104.1 103.3 102.3 101.4 101.2 103.4 105.1 106.9 108.4
57 55.6 54.5 53.6 52.2 50.8 49.4 48.2 47.6 47.1 46.7 46.2 46 44.3 45.2 45.3 44.3 44 44 43.8 43.7 43.3 42.8 42.6 51 52.1 52.5 54.4 54.9 65.1 74.4 78.6 81.9 85 88.2 91.1 91.5 90 87.3 84.2 81 79.3 77 71.2 63.4 55.3 48.5 51.5 59 65.5 71.8 76.3 79.6 81.3 82.7 82.5 78.7 65.9 51.8 52.7 70.3 78.8 87.2 92.1 95.8 98.9 101.3 102 102.3 102.3 101.7 100.2 98.3 96.6 94.3 98.1 100.4 102.8 105
59.6 58.1 56.7 55.3 54 52.6 51.7 50.6 49.4 49.5 48 48.5 47.2 46.1 45.5 44 44 44.4 42.7 43.7 43.2 42.7 42.8 42.3 40.7 40.5 42 42.8 45.6 57.2 64.5 70.2 74.6 79 82.4 85.2 87.6 86.4 84.2 84.8 85.3 84.9 83.5 78.6 74.1 66.8 55 46.6 51.9 58.2 64.3 69 72.2 73.1 73.4 71.1 62.3 50.6 49.3 61 79.4 85.6 89.2 92.8 96.1 99.3 100 100.2 100 100.1 99.6 97.8 94.1 89.8 87.5 91.7 94.8 97.6 100
63.2 61.7 60.1 58.4 56.9 56.2 55.6 54.9 55 54.2 53.4 52.5 51.3 49.7 48 46.3 45.7 45.3 44.5 44 43.2 43.7 42.9 42.6 42.3 41.7 41.3 41.1 42.1 42.3 54.3 60.8 65.9 70.6 74.6 76.5 78.2 77.7 77.7 79 80.8 81.7 81 78.7 75.2 70 64.6 55.9 45.3 50.1 57 61.4 64.1 64.6 63.5 58.6 49.5 49.4 54.2 66.8 77.2 83.6 88.8 92.6 96.1 96.1 96 96.3 96.3 96.4 96.4 95.1 92.6 89.1 82.9 85.7 89 91.9 94.1
70.6 67.9 67.7 65.6 64.7 64.3 65 64.4 64.1 64.6 66.7 67.7 67.6 67.5 64.7 59.3 53.3 49.4 48.3 48.6 47.5 47.8 46.5 44.6 42.3 41.8 41.2 40.9 40.3 40.7 42.6 52.5 55.2 62.2 65.4 67.6 69.3 69.9 71.4 73.5 77.2 78.6 78.3 77 74.9 72.2 68.1 62.7 54.3 43.9 50.1 53.9 56.1 56.3 53.9 48.2 48.1 50.7 61.2 68.7 74.2 79.7 85 89.6 91 90.6 90.6 91.5 93.1 93.4 92.2 90.7 89.1 86.3 81.4 80.5 84.3 86.3 88.2
76.5 77.9 79.2 80.1 79.9 81.7 80.3 82 80.8 82 82.8 84.9 84.2 84 82.2 77.4 69.9 63.4 61.3 60.6 61.1 61 59.5 58 53.9 50 48.6 45 40.1 40.4 42.3 46 47.5 53.4 56.8 59 59.2 59.8 62.1 70.1 73.7 74.9 74.5 75.2 74.2 71.8 67.8 62.9 58.3 49.5 44.8 48.5 48.8 48 48.2 45.2 48.6 55.9 61.3 65.5 69.9 74.6 79.2 82.8 84.5 85.2 86 88.7 90.3 90.3 88.9 87.5 85.9 83.6 79.2 76.7 79.8 82 83.3
79.9 83.4 85.8 88.1 89.7 90.4 92.3 92.7 93.6 94.1 94 93.2 92 90.8 89.1 85.9 81.2 78.6 78.4 78.5 77.3 75.2 72.7 69.4 65.5 63.6 60.6 55.4 47.7 37.4 40 42 42.9 46.1 48.2 51 58.5 64.5 66.9 69 70.9 71.4 70.9 71.4 69.8 67.9 64.8 60.3 56.2 50.5 43.6 44.7 45 45.4 45.7 48 48.9 52 55.9 58.7 61.2 64 67.7 71.7 76.3 79.7 83 85.8 87.5 88.7 87.2 84.4 82.7 80.4 76.9 71.8 75.2 77.2 79.4
83.4 85 89.3 91.8 93.7 95.5 97.3 98.3 98.9 98.5 98.1 97.2 96.5 95.4 93.6 92 90.2 89.2 87.8 85.6 84.3 82.4 79.4 75.5 70.8 67.5 65.3 58.8 50.3 39.3 39 40.5 42.9 44.3 49 55.5 60.5 64 66 67.8 67.8 67.9 67.4 66.6 64.9 62.9 60 57.5 52.8 47.2 43.5 43.3 44.5 46.1 48.2 50.9 52.8 53.4 54.5 59.6 64.5 69 73.3 76.2 77.6 79.3 80.9 84.1 86.1 87.1 87.2 84.5 80.4 77.5 74.5 70.3 71.2 73.9 76.7
86.8 87.8 90.5 92.8 94.7 96.5 98.9 100.5 101.9 102.5 101.9 101 100.3 99.3 97.9 96.6 95.3 93.8 92.1 90.2 87.9 84.9 81.1 76.6 72.3 68.6 67 59 41.3 39.6 38.8 39 40.9 43.1 47.7 54.1 59.1 62.4 64.6 65.9 66.2 65.7 64.8 62.8 60.9 59.2 56.3 53.2 49.6 45.5 40.6 44.7 48 52.9 55.9 56.4 57.9 59.3 57.2 60.6 66 70.4 74.8 78 80.7 82.4 83.3 83.7 85.2 85.5 85.9 84.6 80.8 76 73.4 68.4 69.2 71.2 74.2
89.8 88.9 90.9 91.8 93.7 95.6 98 100 102.4 103.7 103.8 103.3 102.1 101.3 99.8 98.4 96.9 95.1 92.7 89.9 87.1 83.7 80.5 76.6 69.8 67.6 64.8 52.6 38.4 38.7 37.5 39.2 41.1 42.6 45.5 52.5 57.6 60.9 62.8 64.2 64.9 64.4 63.1 60.4 57.6 54.6 51.9 48.9 45.3 43 42.7 49.8 57.1 61 62.1 62.3 62.9 64.2 64.1 61.1 64.8 69.3 74 77.5 80 82 82.6 83.2 83.3 83.2 83.4 82.8 80.3 76.5 70.5 66.5 65.7 71.3 75.1
91.7 90.5 90.4 90.4 91.9 94 96.1 97.8 99.6 101.7 102.9 102.4 101.7 100.5 98.8 97.1 95.4 93.3 90.9 88.3 85.4 82.2 78.9 74.1 70.2 67.8 63.9 52.8 39.1 38.2 38.4 39.4 40.5 41.5 44 49.9 56 59.3 61.2 62.5 63.5 63 61.7 58.9 55.6 52.2 48.6 45.6 44 41.7 43.7 54.6 59.7 63.4 65.9 66.7 67 68.3 69 68.6 66.7 68.7 73.3 76.3 78.6 80.1 80.8 80.7 80.6 80.3 80.2 79.6 78.2 75.7 70.9 63.5 66.1 72.9 74.6
93.4 91.3 89.6 89.2 89.7 91 92.8 94.6 95.9 98 98.9 98.9 98.3 97.3 96.7 94.6 92.7 90.6 88.5 85.8 83.3 80.1 76.9 73.7 71.1 68.2 64.9 54 38.4 37.9 38.4 39.1 39.9 40.9 42.8 47.3 53.9 56.7 58.5 60.2 61.4 60.9 59.6 57.5 54.5 49.7 45.8 45 41.6 41.3 45.1 52.5 57.6 62.1 65.8 68.5 70.2 71.3 72.1 72.5 71.8 71.2 72.9 75 76.5 77.4 77.6 77.8 77.3 76.8 76.6 76.2 75 72.9 70 62 67 72.5 73.5
94.5 91.6 89.2 87.1 87.1 87.9 88.9 90.4 91.5 93.2 94.2 94.2 94.3 94 93.1 91.9 89.9 87.9 85.9 83.5 81.2 78.6 75.9 73.6 71.3 68.9 66 53.6 39.1 38.2 37.9 38.1 40 40.6 41.8 45.4 51.4 53.6 55.8 57.3 58.7 58.3 56.4 54.3 50.6 46.1 43.9 42.8 40.3 43.8 46.8 48.1 48.8 56.3 61.9 66.2 69.7 71.5 73.2 73.5 72.9 72.2 72.7 73.1 73.9 74.1 74.1 74.6 74.4 73.1 72.9 72.5 71.5 69.4 66.1 57.9 67.6 71.3 72.3
92.2 90 87.7 85.5 84 84.8 85.8 86.7 88 89.1 90.1 90.6 90.6 90.7 89.9 88.8 87.1 85.6 83.4 81.4 79 76.9 75.3 73.2 71.2 69.1 66 58.3 38.8 38 38.6 37.2 39.5 40.1 41.4 45.2 48.8 51.8 53.8 55 55.7 55 53.7 50.8 47.1 42.9 41.5 40 41 47.2 53.1 55.7 57 58.4 58.5 61.6 66.6 71.1 72.9 73.5 72.9 71.3 70.4 70.4 70.3 69.7 70.2 70.9 71.1 70.4 69.1 68.8 67.8 65.5 59 58.8 66.5 69.7 70.6
88.8 87 84.9 82.6 81.4 81.6 82.7 83.3 84.1 85.9 86.9 87.4 87.5 87.4 86.5 85.5 84.3 82.8 81.2 79.3 77.3 76.2 74.4 72.6 70 67.3 63.6 57.8 38.9 37.9 38 37.5 37.5 39 42.5 45.1 48 50 51.7 52.8 53 52.4 50.7 47.3 43.6 40.9 39.9 39.9 43.8 51.5 58.2 62.2 65 67.6 68.5 68 66 70.8 73.3 73.8 73.3 71.3 68.8 66.9 65.9 65 64.3 65.6 67 66.6 64.9 64.9 64 61.7 53.6 58 64.2 67.1 68.8
84.5 83.5 82.2 79.7 79 79.8 80.2 80.8 81.3 82.8 82.9 84.1 84.5 84.3 83.5 82.7 81.3 80 78.6 77.5 75.2 74.5 73.1 71.6 69.6 66.5 61.9 50.3 38.8 37.9 37.1 36.9 37.4 38.7 41.7 44.7 46.5 48.4 49.7 49.6 50.1 49.3 47.5 43 41.2 39.6 38 42.1 52.7 59.5 64.6 69 72.1 74.1 75.4 75.3 74.3 72.8 74.3 74.5 74 72.2 69.7 66.9 63.9 61.9 60.2 58.9 61.9 62.8 62.2 59.9 59.6 57.8 50.7 56.8 61 63.6 66.7
80.5 79.9 78.1 76.4 76.3 76.9 77.3 78 79.1 80 81 81.4 81.7 81.6 80.9 80 78.3 77.4 75.8 74.4 74.1 73.3 71.8 70.6 69.1 66.8 62.8 52.1 39.2 37.6 36.9 36.7 36.4 37.7 42.4 43.5 44.9 46.2 46.2 47.4 46.6 45.8 42.7 40.4 39.3 36.8 40.1 46.7 56.8 65.4 70.9 75.1 78.1 80.1 81 80.9 79.7 77.7 76.7 76.1 74.8 73.2 71.2 68.9 66.6 65 62.5 58.5 55.3 59.4 60 57.6 54.2 51.3 51 56.1 59.9 64.2 65.3
75.8 75.8 75 74.4 73.6 73.9 74.9 75.8 77 77.8 78.7 79.3 79.1 78.5 78.4 77.1 75.4 74 71.8 72.5 71.9 71.3 70.7 69.6 68.7 67.2 65.2 60.6 46.1 38.3 37.3 34.8 34.7 37.4 41.5 42.4 43.1 43.6 43.8 43 41.2 40.3 38.9 37.8 37.9 38.5 42.2 48.2 59.2 70.9 76.2 79.9 82.1 82.2 83.2 82.8 81.9 79.6 77.4 76.3 74.8 73.7 71.7 70.5 69.2 67.4 65.2 60.7 55.8 50.3 56.8 57.6 54.9 46.7 53.8 61.2 64.9 67 67.9
71.4 72.1 71.8 71.9 71.2 71.8 72.3 73.2 74.8 75.7 76.6 77.4 77.5 75.1 76.8 75.3 73.6 71.1 69.7 70.6 69.9 68.9 68.4 68.4 67.9 67.2 66.3 64.8 60.7 39.2 37.7 36.9 36 35.8 37.4 40.6 41.7 42.1 40.9 39.4 37.8 38.2 37.6 36.7 38.2 44.1 57.1 67.1 71.9 79.3 83 84.7 85.2 85.1 84.6 83.7 82 79.2 76.9 74.3 73.6 72.5 71.5 71.5 70.7 69.1 67.1 64.2 60.1 55.4 48.8 54.1 52.5 46.3 54.9 61 64.3 66.5 67.4
69.2 69.9 70.2 68 68 69.4 70.9 71.8 72.3 73.9 75.2 76.2 76.1 76.4 75.4 73.4 71.5 69.7 67.4 67.4 67 66.3 66.1 66.6 66.8 66.5 66.1 65.8 61.9 51.1 38.8 37.1 36.3 34.7 35.8 37.5 39.3 41 39.8 37.3 36.9 37.1 36.7 37.8 44.8 58.6 71.8 77.2 81.2 84.8 86.4 87.5 87.3 87.2 85.7 84.3 82.5 79.3 75 72.4 69 68.1 69.4 69.7 70.5 69.1 67.4 65.3 61.9 57.6 52.4 43.6 46.2 46.8 54.4 59.3 62.4 64.3 65.6
66.4 67.2 67.5 65.5 66.5 67.4 69.6 71 72.2 73.5 74.7 75.6 75.5 75.1 71.1 70.4 69.1 67.3 66.2 65 64.7 66.3 64.1 64.9 65.5 65.7 65.7 65.8 64.8 60.8 42.8 36.8 36.1 33.9 35 35.1 35 39.3 37.6 36.3 36.1 36.1 36.9 48.2 62.2 72.1 77.6 81.4 83.7 85.5 86.8 88 88.5 88.3 86.8 85 83.1 80.7 78.2 75.6 71.1 66.9 64.7 64.7 68.1 67.4 65.7 63.5 60.3 56.3 52.3 47.6 42.9 46.3 51.7 55.8 59.2 61.1 61.9
