public/OST50/SN02.asc
ncols 200
nrows 200
xllcorner 200000
yllcorner 220000
cellsize 50
[rows 35 to 69 of 200, columns 79 to 157 of 200]
189.4 189.7 190.9 190.5 191.2 192.1 191.9 191.7 193.2 194.3 195.2 194.6 193.7 191.6 191.4 190.4 189.7 188.5 188 187.5 187.2 187.6 189.8 190.5 191.5 193.7 196.9 198.5 199.2 200.1 200.7 202.5 203.9 204 204 203.2 201.1 199.4 197.5 195 192.6 189.6 186.2 181.8 176.7 173.6 164.1 160.1 170 169.8 172.1 172 172.4 174.4 177.5 184.6 191.1 196.4 202.2 209.2 215.4 221.7 226.9 230.1 230.7 231.2 230.4 228.9 228.8 228.6 228.8 229.5 229.8 230.7 232.1 232 231.7 230.2 229.2
189.2 188.3 188.5 188.9 189.6 189.8 189.7 189.2 190.8 191.8 192.7 192 190.5 188.1 186.3 185.8 185.2 185.5 185.8 184.5 183.6 186.2 187.5 189.3 191.5 192.8 195.3 196.3 196.7 196.3 197.5 198.9 200 201.3 200.7 199.9 198.8 196.7 195 192.4 189.8 187.1 183 179.4 175.8 170.3 161.3 159.6 159.2 162.5 166.2 166.5 171.2 178.3 183.1 188.9 194.6 199.8 208.1 215 223.8 230.6 235.1 236.7 237.6 237.2 235.1 234.8 233.7 231.9 230.7 230.3 230.4 231.6 232.3 232.3 231.9 230.6 228.6
187.6 186.7 187.7 187.7 187.8 187.8 187.5 186.8 188.6 189.7 190.5 189.9 188.7 186.1 183.7 180.8 180.3 180.2 179.1 179.2 179.8 183.9 186.7 188.3 189.5 191.1 193 193.4 193.7 193.6 193.8 195.2 196.5 197 197.5 196.9 194.8 193.3 191.1 188.8 186.6 184.7 180.9 176.1 170.7 165.8 160.3 158.4 158 160 166.3 170.6 177.9 183.4 187.7 193 199.2 206.4 213.8 223.4 230.9 236.3 239.4 241.5 242.2 241.2 239.2 238.3 237.3 234.9 232.4 230.5 230.2 227.1 231.2 230.8 230.2 229.2 227.9
186.4 185.9 185.3 185.6 186 186.2 185.2 185.3 186.3 187.6 188.4 188.3 186.8 184.5 181.4 177 174.5 174.4 172.4 172.9 176.9 181.5 184.5 185.6 187 188.8 190.5 190.8 189.8 189.5 190.7 192.2 193.1 193.6 193 191 189.5 188.2 186.8 185.3 184.1 181.1 177.3 172 166.2 162.7 158.7 156.9 157 168.8 170.8 178.3 185.8 189 192.7 199.2 205.7 212.7 220.6 228.4 235.3 239.7 242.7 243.8 244 242.2 240.9 239.2 238.2 236.1 232.1 230 228.6 228.7 229 228.4 227.7 226.8 226
185.2 184.6 183.5 183.7 184 183.7 182.4 181.6 183.6 184.8 185.8 185.6 184.4 182.3 179.7 176.3 171.9 167.2 164.8 167.8 173.1 177.2 181.9 182.9 183.7 185.1 186.7 186.9 185.3 184.3 186.7 189.8 185.1 189.5 189 187.7 186 184.1 182.6 179.3 177 176.4 173.6 166.1 161.4 155.7 155.2 154.7 152.7 177.3 179.6 181.5 188.8 193.1 198.3 203.4 209.7 216.9 224.5 232.1 238.2 242.2 244.6 245.1 243.8 241.9 240.6 239.5 237.5 235.3 231.7 229.1 226.6 225.7 225.2 225.6 224.9 224.2 223.5
184.1 183.4 181.4 180.8 181.3 181 179.5 178.4 180.4 181.8 182.4 182.5 181.5 179.9 177.6 174.4 169.7 164.7 158.8 164.1 169.1 172.1 174.8 177.9 180.1 181.1 182.5 179.7 176.7 177.5 181 184.2 185 184.3 183.4 181.2 180.3 178 174.8 171 171 170.1 168.1 159.7 153.5 153.3 152.8 152.7 173.4 182.6 184.9 186.6 191 196.2 201 206.4 212.6 219.8 226.9 233.6 238.4 243.6 245.3 244.6 242.6 240.7 239.3 237.9 235.2 233.5 231 228.3 225.9 222.7 222 221.8 221.9 221.5 222.2
182.6 182.1 180.5 179.3 177.8 177.6 177.2 175.6 176.9 178.2 179 179.6 178.3 176.4 174.6 171.5 167.9 162.5 154 160.3 164.6 167 169.2 171.7 173.3 174.4 173.2 172.2 170.4 170.9 174.4 175.8 176 175 174.2 174.1 173 171.4 168.6 166 163.7 162.8 158.9 152.7 151.1 151.5 154.7 161.3 180 185.8 189.2 191.7 194 196.6 201.6 207.8 214 221 227.8 233.7 239.2 243.1 244.1 242.5 240.5 238.7 237.4 236.3 233.4 231.4 228.9 226.7 223.7 219.9 218.3 218.2 219.2 219.3 220.7
181.6 181.5 180.1 178.6 176.7 175.1 174.3 172.3 172.8 174.5 175.8 176.7 175.8 173.4 171.7 167.7 164.3 158.4 149.8 155.3 159.9 162 164 165.8 166.5 166.1 165.1 164.7 163.7 161.4 163.5 166.7 167.4 166.6 164.5 164 164.7 164.5 162.4 159 154.8 152 150.4 150.2 147.7 155.6 163.4 179.7 179 187.6 191.3 193.7 196.2 199.9 203.5 209.2 215.2 223 228.7 233.8 237.9 241 241.9 239.8 238 236.1 234.8 233.2 230.5 228.2 225.8 223.6 220.7 217.1 215.1 215.2 216.1 217.2 219.5
180.7 180.8 179.8 178.8 177.3 174.7 172.1 169.8 169.1 171.6 173.1 174 173.4 171.1 168.7 165.1 160.8 155.9 146.3 149.2 155 156.6 158 159.9 160.9 160.8 159.4 158.2 156.6 155.9 156.5 157.5 159.3 158.5 157.2 157.3 157.1 156.1 153 150.3 148.1 148.8 147.2 146.9 151.9 173.7 183.7 185.6 183 186.8 191.5 194.7 197.6 201.8 206.2 211.6 217.2 223.2 228.2 232 235.7 237.7 237.6 235.6 233.7 232.3 231.1 228.3 226.8 224.4 221.8 219.3 216.1 213.2 212.9 213.1 214.3 216.3 218.6
178.9 179.2 179.1 178.4 177.8 175.3 172.6 170.9 167.9 166.8 170.5 171.5 171.2 169.5 167.1 163.6 158.8 152.5 143.1 141 148.9 151.8 153.5 154.7 155.3 155.7 154.4 153.6 152.4 151 151.2 151.8 152.2 151 151.3 151 150.1 147.9 145.4 144.4 143.9 145.7 144.9 151.6 172.8 183.9 187.4 189.4 188.9 188 190.1 195.3 198.7 204.2 207.6 211.5 215.9 220.8 225.1 228.7 231.2 232.4 230.8 229.2 228.8 227.7 226.4 225.2 222.8 220.4 217.1 214.1 212.2 210.5 210.5 211 213.5 215.7 217.6
175.7 176.8 176.8 177.4 177.7 177.1 176.5 172.2 167.7 162.8 166.7 169.1 169.3 168.4 165.9 162.3 158.1 151.8 143.3 135.5 141.5 147 148.3 149.5 149.9 150.1 149.4 148.1 146.9 145.6 145.7 146 146.3 145 143.3 143.5 143.1 143 142 141.5 143.7 149.6 163.1 177.8 183 187.7 191.6 193.4 194.1 194.5 194.6 195.4 200.4 204.1 208.2 211.7 214.7 218.2 221.2 224 225.9 226.4 225.3 225 225 223.6 222.6 221.2 219 216.1 213.6 211.4 209.3 207.8 208.1 209.5 212.6 214.7 217
172.2 174 174.7 175.4 176.4 176.6 174.9 171.8 169.1 162.2 159.4 166.5 167.5 166.9 165.2 162.2 157.4 151.1 141.5 130.1 131.3 133.7 134.8 136.3 141 140.4 139.5 140.4 140.1 139.6 140.1 138 139.4 139.3 138.5 139.2 139.3 139.8 142.1 143.8 160.6 180 182.4 184.7 187.8 192.1 195.4 196.8 197.6 198.7 200 201.2 202.6 205.1 208.4 211.3 213.8 216.3 218.4 220.6 221.1 221.8 221.5 220.8 221 220.5 219.1 217.5 215.2 213.2 210.9 208.8 206.5 206.5 206.9 209.1 211.3 213.9 215.9
166 170.4 171.9 173.1 174.4 174.9 174.1 171.6 167.2 162.7 157 163.6 165.9 166.1 165.2 162.6 157.9 150.6 139.9 132.6 125 123.7 125.4 125.4 128.1 130.6 132.8 131.2 133.3 134.1 134.7 135.6 136.2 136.5 137.1 139.8 140.9 143 149.6 164.7 177.2 181.8 185.2 188.4 192.6 196.3 198.8 200.2 201.2 202.5 203.8 204.7 205.5 207.6 209.8 211.1 212.8 214.6 215.9 217.2 217.8 218.1 218.4 218.5 217.9 217.2 215.3 214.3 212.3 210.5 208.7 206.7 205.3 204.1 205.8 208.6 210.4 212.5 214.3
160.4 165.3 169.4 170.7 172.1 172.6 171.5 170 166.2 163 153.7 152.9 163.4 164.7 164.2 162.3 158.4 151.8 139.6 124.6 123.2 124.9 126.4 126.1 127 127.9 129.3 129 129.9 132.6 133.3 134.1 134.9 144.2 152.9 155.8 157.1 148.2 165.4 172 178 181.4 185.8 190.1 194.6 198.8 201.7 203.6 205.3 206.3 207.1 207.8 208.3 210 211.2 211.8 211.9 212.3 213.1 213.5 213.3 215.4 215.5 215.3 214.9 214 213.3 211.8 210.1 208.3 206.4 204.7 202.2 201.2 203.9 206.3 208.5 210.4 212.1
155.9 160 164.2 167.3 169.7 169.7 169.6 168.2 165.5 163 160.5 148.6 158.5 162.8 163.1 161.7 158.9 151.4 123.3 122.8 125.2 127.8 130.3 131.5 131.3 132.1 134.7 135.1 137.1 141.8 153.8 156.5 151.4 162.8 166 166.6 166.3 158.7 159.2 169.4 175.1 180.8 185.7 190.5 196.4 200.9 204.6 207.6 208.6 209.1 209.5 209.9 210.4 211.5 212.3 212 210.9 210.8 210.4 211.1 210.6 212.5 212.8 212.5 212.1 211.2 210.3 209.5 207.9 205.9 203.7 201.4 199.1 198.6 200.8 203.4 205.7 207.7 209.6
153.1 157 160.5 163.3 165 166.3 166.4 164.9 164.4 160.7 159.4 145.7 157.6 161 161.5 160.2 157.5 135.2 121.3 125.7 131.7 139 145.8 149.2 157.2 159.9 159.3 158.2 157.7 164.5 164.5 165.5 161.5 167.1 170 170.4 169.7 165.4 160 166.1 173.7 179.9 186.2 191.9 198.5 204.2 207.6 209.8 210.4 210.5 210.8 210.9 211.9 212.5 212.3 211.4 209.9 208.3 208.6 208.5 208 209.5 209.4 209.5 209.3 208.5 207.7 206.5 205 203.1 201.1 199.4 196.6 196.2 198.4 200.8 203.2 205 206.8
150.6 154.9 158 160 161.4 162.3 162.2 161.4 160 157.7 156.4 143.8 155.5 158.8 159.3 158.1 154.4 125.8 122.5 130.6 140.6 152.9 160.1 164.4 166.8 168.6 169.7 170.6 171 170.8 170.5 170.8 169.8 170.2 172.2 172.8 172.1 168.5 167.4 168.9 175.3 180.2 188 194.1 200.3 204.8 207.5 209.2 210.4 210.8 211.4 211.9 212 211.7 211.3 210.3 208.7 207 206.2 205.9 206.2 209 207.8 207.1 206.6 205.5 204.5 203.2 201.8 200.1 197.8 196 194.3 193.5 196.3 198 200.5 202.7 204.7
148.2 152.1 154.5 156.8 158 158.3 158.1 157.1 155.8 154.4 153.3 138.8 149.7 155.8 156.5 155.5 145.4 119.7 123.6 134.2 149.5 161.2 165.3 168.1 170.8 172.6 174.2 175.3 175.5 175.6 175.2 175 174.6 174.1 174.7 174.9 174.1 172.9 173.8 174.5 174.9 183 188.8 194.3 198.9 203.2 205.7 207.5 208.8 210.1 210.7 211.2 211.2 210.7 210.1 208.4 207.3 205.4 204.7 204.3 204.5 205 204.5 204.2 203.5 201.9 201.2 199.9 198.5 197 195 193.3 191.5 190.7 193.1 195.4 198 200.3 202.6
146.3 150.9 153 154.1 154.6 154.8 154.5 153.4 152 149.9 146.4 132.5 147.9 151.8 152.7 152.3 138.4 118.9 124.4 138.1 153.3 162.4 166.2 169 172.2 174.6 176.6 178.1 178.8 179.2 178.6 178.1 177.4 176.6 177.1 176.4 176.4 177.3 178.6 180.2 180.3 181.6 188.8 193.3 196.1 200 202.8 204.8 207 208.8 209.9 210 210.1 209.4 208.6 207.1 205.6 203.9 202.9 202.5 202.3 202.2 202 201.8 200.7 199.6 197.8 196.4 195 193.3 191.6 190.1 188.9 188.9 191.3 193 195.6 197.9 199.8
146.6 150.3 151.1 152.1 152.1 151.8 150.5 149.5 147.9 145 141.5 130.4 136.6 144.8 147.3 147.7 136.3 115.6 125.2 140.7 154.1 161 164.9 168.1 171.4 174.6 177.1 179 180.4 181.2 181.3 181.1 180.4 179.8 179.7 179.1 179.4 180.9 183.1 184.1 185.5 185.7 187.5 192.2 195.4 198.5 200.2 203.1 205.5 207.7 208.5 208.5 208.6 207.9 206.9 205.5 203.8 202.2 201.2 200.7 200.6 199.7 199.4 199.3 197.9 196.1 193.6 192.2 190.4 189.2 188.1 187 186.1 187 189.3 191.1 193.5 195.6 197.6
142.8 146.9 149.3 150 149.9 149.1 147.6 145.9 144.3 140.8 137.9 123 127.8 133.5 136.1 137 134 116.2 126.2 140.8 152.6 158.5 162.9 166.7 170.5 173.5 176.4 178.9 180.8 181.9 182.6 182.8 182.8 182.9 183 183 183.2 184.3 186.1 187.2 188 188.4 189.5 191.7 193.6 196.4 199.4 201.7 203.9 206 206.9 207 207 206.5 205.7 204.2 202.6 201.1 199.9 197.8 197.9 197.6 196.9 195.9 194.6 193.3 191.1 189.7 187.3 186.2 185.1 184.1 183.2 184.2 187.4 189.6 191.4 193.1 195.1
138.6 143.3 146.3 147.4 147.3 146.2 144.5 142.4 139.3 136.6 134.1 119.9 119.2 127.5 128.9 129.2 125.8 115.5 129.4 141 148.8 154.9 160.8 164.6 168.4 172 175 177.5 179.7 181.5 182.7 183.3 183.6 184.7 185.9 186.4 187 187.8 189.7 190.3 191 191.4 192.2 193.3 194.7 196.6 198.2 200.7 202.8 203.8 205.1 204.8 205.6 205.2 204.4 203 201.4 200.1 198.9 197.2 195.6 195.8 194.7 193.1 192.3 190.6 188.5 186.6 184.5 183 182.1 181.1 180.1 182.5 185.3 187.8 189.3 190.9 192.4
133.7 140 142.2 143.9 144.2 143 141.2 139 136 134 130.7 124.2 114.3 120.3 121.7 118.7 114.5 111.5 121.5 139.5 147.8 153.1 156.7 162 166.2 169.8 173.2 175.8 178 180 181.4 182.6 183.7 185.1 186.8 188.3 189.7 191.2 192.6 193.5 194.3 194.7 195.5 196.7 197.4 197.9 199.6 200.7 201.4 203.4 205 204.7 204.7 203.8 203 201.7 200.5 199.2 197.8 196.7 196 193.2 190.1 189.5 187.9 186.8 185.5 183.2 181.3 179.7 179 178.1 177.8 180.7 182.1 184.1 186.6 188.1 190.1
131.6 135.3 138.5 139.8 141.1 140.9 139.1 136.9 134.2 131.3 128 122.3 113.8 111.2 112.9 111.4 111 109.9 125.7 138.7 147.2 151.3 154.7 158.5 164.3 167.6 171 173.6 175.7 177.7 179 180.6 181.9 184.1 186.2 188.3 190.1 191.9 193.7 195.2 196.6 198 198.8 199.7 200.6 201.4 202.5 203 203.7 205 205.2 205.4 204.9 203.8 203.1 201.5 200.4 199.8 197.2 196.6 195.4 194.4 192.4 191.6 189.9 186.3 183.4 180.4 179.1 177 176 176 175.4 177.7 180.2 182.4 184.2 185.9 187.5
126.8 132 135.8 137.9 139 138.6 137.2 135.3 130.5 127 122 114.2 110.7 107.9 109.4 108.9 108.2 112.8 129 137.8 143.3 148.9 153.1 157.2 160 164.1 167 170.4 173.4 174.6 176 177.8 179.4 182.1 184.6 186.9 189.4 191.3 193.6 195.5 196.7 198.6 200.7 202 203 204 204.9 205.7 206.1 206.5 206.9 206.4 205.4 204.8 203.6 202.8 201.9 200.7 199.6 198.6 197.3 196.5 195.3 194.4 193.2 191.2 189.1 186.1 181.5 176.1 173.3 173 173.6 175.7 177.4 180 181.3 183.4 185.8
120.8 128.2 133 135.2 136.1 135.9 134.7 132.2 130 123.9 112.6 105.1 104.1 107.4 106.8 107.2 110.1 116.9 124.5 132.7 139 144.8 149.9 153.1 158.2 162.4 167.2 167.7 171.2 172.6 173.8 175.7 176.2 178.5 181.6 184.4 187.3 189.3 191.9 194.1 195.5 198.8 201.1 203.2 204.7 206.2 207.3 207.8 208.1 208.1 208.6 207.7 207.2 206.3 205.6 205.2 204.4 203.4 202.3 201.3 200.4 198.3 197.7 196.7 195.1 194.2 191.1 188.1 184.3 179.3 173.5 168.3 171.3 173.8 177 179 180.6 182.4 184.4
113.2 121.6 128.9 131.7 132.9 133.2 130.9 129 125.4 108.5 100.4 103.3 105.4 105.8 107.4 109.1 109.2 113.1 118.3 124.4 128.2 137.6 145.4 152.9 158.6 162.7 165.5 167.6 168.9 169.9 171.1 172.5 174.3 175.7 178.2 181.4 183.8 187.1 189.6 192.2 194.3 196.9 199.9 202.6 205 207.1 208.4 209.5 209.8 210.1 210 209.9 209.6 209 208.6 208.1 207.3 206.4 205.3 203.9 202.2 201.4 200.1 198.7 196.9 195.3 192.5 189.7 186 181.6 174.5 166.6 168.8 173.4 178.1 180.8 182.5 184.2 185.6
105 115.1 123.3 128 129.4 129.5 128.1 125.2 105.9 100.9 102.9 104.8 107.1 110.1 111.7 112.5 113 113 115.3 120.6 123.7 128.6 137.3 147.3 154 158.3 162 164.8 165.6 167.2 167.9 169.4 171.2 172.4 174.7 177.1 180.5 182.9 185.4 188 190.7 194.7 197.7 201.2 204.3 206.9 208.4 209.9 211 211.5 211.7 211.9 212 211.8 211.6 211.1 210.2 209.2 208.3 205.8 204.9 202.9 201.4 199.8 197.7 195.4 192.7 189.6 186.5 182.2 175 165.2 164.9 173.4 180.2 183 184.8 186.4 187.4
106.7 105.7 117.9 124.9 126.4 126.2 125 120.1 99.9 101.8 104.7 108.7 113.9 119.2 120.3 121.2 121 124 121.3 118.4 121.8 123.5 128.4 135.5 145.5 151.2 155.1 158 160.8 163.7 164.5 166.4 167.5 169.1 171.2 173.1 175.4 178.2 181.1 184.2 187.7 191.2 195.8 199.7 203.2 206.1 208.3 209.9 211.5 212.3 213.6 213.7 214.3 214.3 214 213.7 212.8 211.6 211.1 208.6 206.8 204.8 202.6 200.4 198.1 194.9 191.6 188.3 185 180.8 175.4 164.5 162.7 173.3 180.2 184 186.1 187.5 188.3
115.2 99.7 111.5 120.4 122.8 122.8 113.2 99.1 100.3 103.9 110.4 119 124.6 127.7 130.2 130.9 130.9 131.3 132.6 130.3 129.7 123.2 126.1 130.4 136.8 143.2 148.2 151.1 154 157 159.1 161.7 163.7 165.8 168.2 170.1 171.9 174.6 178.1 181.3 185.2 188.8 192.7 197.6 201.4 204.4 207.2 209.4 211.2 213.1 214.6 215.4 216.3 216.6 216.2 215 214.7 213.5 212.1 210.5 208.7 206.7 204.2 201.1 197.8 193.8 189.6 185 180.9 177.4 173.5 161.9 156.4 173.9 179.7 184.1 186.4 188 188.9
117.1 101 106.2 112.8 117.2 103 96.8 96.7 102.9 108.5 122.4 130.6 137 139.7 140.8 141.2 141.4 140.5 139.5 140.6 138.9 136.9 132.5 130.5 132.1 138.3 140.6 144.9 145.6 147.2 151.6 155.1 159 162.3 165.5 167.3 168.9 171.1 174.9 178.6 182.3 186.7 191.6 195.7 199.8 202.7 205.5 208.3 210.6 212.5 214.4 216 217.3 217.7 217.5 218.1 216.9 215.6 214.3 212.5 210.6 208.1 205.3 202.1 198.6 194.6 190.6 185.4 179.6 173.4 167.5 159.1 152.7 171.4 180 183.1 185.4 187.2 188.2
128.4 108.5 98.8 106.7 108.7 97.1 96.7 103 107.4 121.5 136.1 143.7 148.8 150 150.2 150.3 150 150.4 149.7 149.7 149 147.6 146.5 144.1 138.5 136.6 141.1 142.8 146.7 151.9 154.1 154.5 155.6 158.3 161.7 164.6 165.9 168.4 169.9 174.7 180.4 184.7 189.5 194.1 198.2 200.9 203.7 206.1 208.7 211.3 213.5 214.8 216.8 218.4 218.9 218.7 218.3 217.3 216 214.2 211.9 209.6 206.7 204.2 201.8 199.4 196.5 193 188.5 183.7 177.3 165.5 151.1 165.3 176.9 181 183.4 185 186.3
131.1 119.3 97.1 99.4 95.3 95.2 102.2 108.6 118.9 136.4 146.3 152.8 156.5 158.8 158.7 159.5 159.1 159.3 159.7 161.4 160.5 159.5 157.4 155.9 154.7 154.2 154.9 155 157.3 160.1 161.5 163.6 164.9 167.5 168.7 167.9 167.4 170 172.7 173 178.7 183.2 187.9 191.5 195.7 198.3 201 203.6 206.1 208.6 211 213.9 216.1 217.6 218.8 219.1 218.8 218 216.8 215.1 213.2 211.1 208.3 206.8 204.8 202.7 200.3 196.8 193.1 188.5 183 172.4 153.2 153.3 167.3 175.4 180.1 181.8 183.4
133.4 124.8 108.2 95.4 95.1 98.4 105.7 118 133.8 146.3 154 159.9 162.8 165.2 167.9 167.4 169 170.5 170.7 171.9 173.2 172.3 171.7 169.9 166.8 166.9 166.2 165.8 167.2 169 168.8 169.9 171 172.5 174.6 176.6 177.9 177.6 177.8 181 182.9 184.7 186.8 191.5 194.3 196.3 198.7 200.7 203.1 205.3 208.4 212.1 215.1 217 218.7 219.3 219.1 218.1 217.2 215.7 214.5 212.9 210.4 209 207.3 205.3 202.9 199.7 195.9 191.6 185.9 177.8 161.5 145.9 150 158.1 162.7 168.5 172.1
136.9 129.3 120.6 100.1 95.1 99.9 110.2 126.4 143.9 153.4 159.1 164.4 168.5 171.7 173.8 175.3 176.9 177.6 178.7 180.5 180.7 180.4 181.9 180.3 178.3 177.2 176.4 175.8 175.7 175.9 176.2 176 177.5 179.1 181.3 183.5 184.8 185.7 186.5 187.1 188.5 190.5 192.6 195.2 197.5 199.7 202.1 204.2 205 206.8 209.2 212 213.9 217.1 218.6 219.5 219.5 219 217.8 216.9 215.6 214.2 212.5 211.1 209 206.9 204.7 201.7 198.4 194.4 189.2 183.4 174 155.3 146.5 140 134.4 138 143.6
