public/OST50/SN03.asc
ncols 200
nrows 200
xllcorner 200000
yllcorner 230000
cellsize 50
[rows 70 to 104 of 200, columns 78 to 155 of 200]
290.2 291.7 293.1 294.9 296.6 299.1 302.3 305.6 307.7 309.1 310 310.6 310.3 308.8 306.4 303.8 300.6 297.2 293.3 290.9 289.6 288.3 287.8 287.6 287.3 287.1 287.8 288.2 288.5 289 288.1 286.7 288.6 288.8 288.6 287.5 285.9 282.5 277.4 272.3 267.3 261.5 255.2 249.1 243.6 237.7 231.6 225.2 218.6 211.7 205.2 198.1 192.2 187.1 181.2 175 169.2 162.9 157.6 152.5 147.2 141.8 136.9 130.2 120.8 109.2 99 93.9 93.8 99 100.9 98 96.4 96.4 97.2 96.5 96.4 97.1
289.3 290.7 292.5 293.6 295.5 298.6 302.5 304.6 306 307.3 308.1 309.6 308.7 307.7 305.7 302.8 298.8 294.7 291.2 288.7 287.2 285.6 284.6 284 283.6 284.1 283.8 283.7 283.8 283.2 282.3 281.3 282.4 283 281.8 280.7 279 276 271.9 266.5 261 256.4 251.6 246 240.4 235 229.3 223 216.7 210.1 203.2 197.1 190.9 185.4 179.5 172.4 167 161.4 155.7 151.8 146.7 141.8 136.7 132.6 120.1 107.5 98.9 94.7 98.1 101.7 103.2 104.1 103.3 101.2 99.2 98.6 98.8 99.8
287.5 288.3 289.3 291.7 293.7 297.1 300.4 302.4 303.6 304.6 306.4 307.1 307.3 306 304.3 301.1 297.7 293.2 289.6 286.9 284.7 283 281.8 280.9 280.4 280.5 280.4 280.1 280.2 279.7 278.8 277.4 277.7 278 277 275.9 274.5 271.6 267.5 261.4 256.8 252.5 248.5 242.9 237.4 232 226.3 220.4 213.8 208.5 201.6 195.7 189.8 184.5 178.8 172.3 165.8 161.3 155.4 150.6 146.3 141.8 136.3 129.8 123.6 104.7 97.5 96.1 97.6 103.2 105.8 106.7 105.9 105.7 104.5 105.1 105 107.3
284.7 283.7 284.1 286 290.8 294.7 297.1 298.2 297.9 299.4 302.3 302.9 303.1 302.5 300.6 297.8 294.3 290 286.3 283.2 280.8 279.7 278.5 277.5 276.7 276.4 276.1 275.9 275.1 274.4 273.7 273.1 273.1 273 272.3 271.1 268.2 264.8 260.6 257.2 253.1 250.5 244.6 239.4 234.1 228.5 222.3 216.6 211.6 206 200.1 194.3 188.3 182.7 175.9 169.7 164.7 160 153.7 149.3 144.8 141.5 136.4 126.7 115.8 102.7 98.2 97.5 99 106.7 108.2 110.2 112.6 109.6 109.6 112 111.5 113
280.4 279.6 279.9 281.6 284.6 287.8 290.5 291.1 291 291.8 293.3 294.6 293.8 292.9 292.3 290.1 286.9 283.7 281.1 278.9 276.9 275.3 274.5 273.4 272.6 272.2 271.9 271.7 271.1 270.2 269.2 268.7 268.2 267.6 267 265.5 262.5 260.1 257.4 254.5 251.1 245.8 242 237.6 232.4 226.1 218.7 213.5 209.2 204.4 198.5 192.9 186.4 180.1 173.8 167.6 162.8 157.6 152.4 147.4 143.6 139.6 135.3 125.9 111.3 103.9 99.5 98.1 102 108 109.9 112.8 112.5 110.9 112.8 114.1 117.8 114
277 276.2 275.4 275.8 277.2 279.4 281 282.8 282.7 283.1 284.4 285.1 284.6 284.5 283.1 281.8 279.5 277.6 276.2 274.4 273.1 271.9 271.2 269.6 268.9 268.2 267.7 267.5 266.5 265.5 264.7 263.5 263 262.8 262.2 261.2 258.9 256.5 252.6 246.5 244.9 241.3 236.9 232 226 219.7 214.5 209.8 206 201.9 195.9 190.5 183.7 177 170.1 164.6 159.8 155 149.6 145.9 142.4 137.9 133.1 123.1 109.4 101.2 99.7 98.8 102.5 108.6 110.9 111.7 112.5 112.6 113.1 114.4 116.1 112.6
273.5 272.2 272.2 271.7 271.4 272.4 273.6 273.5 274.5 275.4 276.2 277.1 277 276.6 276.2 275.2 274.6 273.1 272.2 270.9 269.4 268.1 267.2 265.9 265 264.1 263.5 262.9 261.8 260.9 260.3 259.4 258.4 258.8 257.6 255.5 252.9 249.9 245.5 242.7 240.2 235.5 230.5 225.5 219.9 214.7 210.5 206.6 202.6 198.6 193.1 188.1 181.4 174 168.2 162.1 157.3 152.6 148.2 143.7 139.6 136 125.9 113.4 101.9 98.8 98.8 100.8 105 108.3 109.5 110.9 112.4 113.5 114.3 114.8 114.3 114.5
269.4 268 267.6 267.4 267 267.3 267.6 267.7 268.1 269 269.5 270.2 269.7 270.4 270.4 270 269.7 268.5 267.5 267 265.6 264.4 263.8 262.1 260.4 259.6 258.5 257.5 256.5 255.8 255.4 255.4 253.8 252.5 251.4 249.8 247.3 244.2 240.8 237.1 234.1 229.3 224.4 220 215.1 210.5 206.3 202.4 197.1 195.1 191.1 186.3 180.1 172 166.2 159.8 155.1 150 145.4 138.3 131.5 123.4 112.3 101.7 99.2 98.5 99.7 103.6 108.6 111.4 113 113.3 113.4 113.3 115.1 115.3 115 117.4
266.4 264.5 263.8 263.4 263.2 263 262.9 262.7 262.6 262.2 262.9 264 264.6 264.6 264.7 265 264.8 264.1 263 262.7 262.3 260.7 259.6 258.2 256.5 254.9 254 253.3 252.6 251.8 250.9 250.4 249.2 247.8 246.5 244.9 242.3 238.7 235.4 231.9 227.7 222.9 219 215.2 211 206.3 202.1 198 195 191.7 188.3 183.8 177.6 169.6 163.1 157.2 152.1 148.3 141.3 133.5 116.8 107.3 101.3 99.5 100.1 101.3 108 110.9 113.5 115.3 116.2 115.2 115.2 114.7 119.5 116.7 115.9 116.9
262.5 261 260.4 259.9 258.9 258.4 258.2 258 257.7 257.7 257.9 258.3 259.6 259.7 259.9 260.1 260.3 259.6 259.2 258.8 258.3 257.5 255.4 254.9 252.7 250.9 250 249.1 248 246.8 246.1 245.3 243.6 241.9 241 240.1 237.7 234.4 230.7 226.2 222.1 218.2 215.3 211.4 207.5 202.7 197.5 193.9 190.7 187.7 184.5 180.1 175.2 168.8 161.1 154.9 148 140.5 134.9 122 104.2 101.3 101 100.7 107.9 112.8 114.7 116.9 118.2 119.3 118.8 118.8 116.8 115.7 115.6 116.9 120.4 120.2
260 258.3 257.2 256.4 255.7 254.3 253.8 253.4 253 254.2 252.8 252.9 253.7 254.5 255 255.5 256 256 255.6 255 254.8 253.5 251.4 250 248.5 247 246 244.3 242.5 241.6 241.1 239.7 238.7 236.7 236.7 235.9 234.2 231.2 227.4 222.4 217.7 213.5 210.1 206.9 202.5 195.4 192 188.6 184.9 181.9 178.1 174 170.5 162.4 156.2 150 144.6 134.4 113.4 105.5 102.4 101.4 103.8 108.2 114.1 118.4 122.5 124.9 126.3 126.8 125.3 127 126.5 118.4 116.2 117 123.3 123.9
256.3 254.9 252.6 253 252.3 250 249.6 249.6 249.2 248.7 248.2 248.5 249.2 249.8 250.5 250.9 251.4 251.4 251.7 251.5 251.1 249.7 247 246 245.1 242.9 241.8 240 237.6 237.3 236 234.8 234 232.6 232.1 232 231.1 228.7 224.2 219.5 213.5 209.4 204.5 200.7 197.4 188.9 184.3 183.4 179.7 176.5 172.4 169.2 161.1 156.5 146 142.4 134.9 115.9 106.3 104.5 102.1 101.6 105.9 112.3 121.9 125.5 130.6 134.6 135.8 137 138.5 137.3 134.8 131.2 120.9 117.5 125.5 128.6
253.1 251.4 249.6 249.6 248.9 247.4 246.5 246.4 245.1 244.6 244.6 244.5 245.2 245.5 246.3 246.7 247.1 247.7 247.9 248.5 247.6 245.6 243.6 241.9 240.7 239.7 238.1 235.7 233.7 232.8 231.9 230.3 229.7 228.3 227.5 227.4 227.1 225.4 221.1 216.3 208.6 204.7 199 194.7 186.6 177.2 167.8 165.9 160.5 154.7 150.2 143.1 136.1 130.9 123.6 118.3 111.3 113.9 110.6 103.3 104.1 104.2 118.1 133.2 135.6 131.2 139.9 145.6 147.4 148.8 147.3 145.3 141.4 136.5 125.7 118.1 120.3 132.7
250.1 248.4 246.6 246.5 245.7 244.1 243.5 243 241.6 241.1 240.8 241 241.6 241.8 242.1 243 243.8 244.3 245.1 245.1 244.2 242.9 241.1 239 236.8 235 233.5 231.5 230.4 228.1 227.1 225.7 224.9 223.7 223.1 222.6 221.9 221 218.1 211.8 197.1 192.5 176.8 170.6 162 154.3 143.3 139.5 133.5 127.8 123.7 117.9 115.7 113.9 111.1 110.9 113.5 108.4 105.3 104.6 104.5 122.8 145.6 148.1 144.8 139.9 148.6 155.8 159.1 159.1 157.1 154.7 149.2 143.7 138.1 130.1 120.7 132.3
247.2 245.7 244.2 242.4 242.7 241.1 240.1 240.2 237.9 237.7 237.8 237.5 237.4 238.3 238.8 239.4 240.8 241.4 241.9 242 241.5 239.9 237.4 235.6 232.6 231.3 229.7 227.9 226.3 224.3 222.3 220.9 220.3 219.5 219.2 219.2 217.1 215.9 204.7 191.3 177.3 170.6 155.9 145.8 138.9 131.5 124.8 118.7 114 113.1 111 109.8 109.6 110.9 112.2 115.7 112.6 106.4 105.2 105 118.7 144.3 156.4 157.3 155.2 150.3 159.6 168.6 170.5 169.2 167.9 164.6 158.3 152.2 147.2 144.1 135.9 127.1
245.7 244.2 242.5 240.2 238.7 238 236.8 236.3 234.6 234.5 233.8 234.5 234 234.7 235.5 236.9 237.8 238.5 239.2 239.3 238.5 237.7 233.7 231.2 229 226.4 225.1 223.5 221.9 219.9 218 217.1 216.3 215.7 215.7 214.8 207.3 198.5 179.7 165.5 153 143.2 133.5 128.9 122.6 117.5 112.5 111.9 110.7 110.9 110.6 112.2 114.8 111.9 109.8 109.3 107.6 108 107.7 114.5 133.8 161 166 167.4 166.6 162.5 171.2 177.1 179.5 179.6 178.2 175 169 161.8 156.3 152 147.7 126.2
243.5 241.8 239.7 237.9 236.6 234.7 233.7 233.2 231.3 231.7 230.8 230.7 231 231.4 232.3 233.4 234.5 235.2 236.2 236.2 235.8 233.8 231.4 228.1 225.2 222.1 220.1 218.8 217.8 216.5 214.6 213.4 212.7 211.1 210.9 194 185.4 166.4 158.4 143.5 131.8 126.9 121 118.6 113.3 111.8 110.8 110.4 112 113.5 116.8 110.2 111 109.6 109.2 108 106.8 109 114.3 132.6 153.8 172.7 176.1 175.9 175.8 172.7 181.2 185.2 187.8 188.2 187.2 184.8 179.7 173 166.5 160.6 154.6 130.4
241.6 239.6 237.9 235.6 234.1 231.1 229.8 230 229.6 228.3 228.2 227.2 227.7 228.3 228.9 230.1 231.1 232.2 233.4 233.5 233 231.3 228.4 225.6 223 219.5 215.7 214.5 213.8 211.9 210.7 208.8 208.2 205.6 191.3 174.2 155.8 146.3 135.3 125 119.4 116.3 113.2 113 111.5 111.2 112 124.1 138.1 149.9 149.2 124.6 111.3 110.3 111 110.3 117.9 126.1 137 158.6 180.1 184.9 186.7 186.7 185.1 181.6 187.5 192.5 195.9 196.7 195.6 193.1 188.9 183 177 170.3 162.7 150.9
239.4 236.4 234.5 233 231.6 228.9 226.5 227.9 227.2 225.4 225 224.7 224.3 224.6 225.9 227.2 228.1 228.9 229.9 229.9 229.3 227.8 225.9 223.3 220.6 216.7 211.2 208.5 206.4 204.6 203.6 201.9 201.3 191.7 168.8 157.2 139.3 129.7 124.4 115.1 114.5 113.1 112.4 113.5 112.6 121.5 139.3 155.9 168.3 176.1 179.8 156.8 134.8 132.8 128.8 136.9 145.2 157.1 174.3 189.1 195.1 195.2 196.2 195.8 195.8 190.6 195.4 199.7 203.5 204.7 203.5 201.1 197.6 192.7 186.8 179.5 170.8 163.1
236.6 234.4 231.8 229.6 228.4 225.5 220.1 224.7 224.1 223.1 222 220.9 221.8 221.3 223.7 224.4 225.5 226.1 226.7 227 226.3 224.9 222.6 219.8 216.2 211.4 205.4 202.5 200.5 199.2 196.4 196.8 194.7 179.8 155.3 137.6 127 123.8 120 114.8 113.1 112.6 114.7 124.3 133.3 148.4 167.6 181.8 187.7 189.6 189.8 183.5 156.9 152.9 155.4 167.7 179.2 190.3 199.3 201.3 203.3 206.4 204.9 207 202.8 201.7 202.2 208 211.1 212.5 211 208.5 206.2 202.3 196.6 188.9 180 170.1
233.6 231.3 229 226.5 224.4 222.1 203.6 218.5 220.2 219.5 218.2 216.7 216.6 217.6 218.9 219.8 220.8 221.8 222 221 220.3 218.8 216.7 212.9 208.9 204.2 199.5 196.6 194.3 193 191.9 190.8 180.8 162.5 149.7 130.8 123.4 119.8 116.4 113.7 113.1 121.2 129.5 140.3 153.8 167.4 180.8 190.4 193.2 193.9 194 192 187.3 185.1 189.2 198.7 203.3 205.8 210.6 210.4 212.7 211.9 212.4 212.2 211.5 208.8 209.3 215.8 219.1 219.3 218.5 216.7 214.5 211 205.4 198.5 189.9 178.5
230.3 228 225.6 223 221.8 218.2 203 188.6 214.8 215.2 214.3 212.7 212.3 213.4 214.5 215 215.5 217.2 217.2 216 215.1 212.7 210.1 205.1 200.3 195.6 192.1 189.6 189.3 187.8 187.2 172.9 160.4 145.2 132.5 122.7 119.3 117.6 115.5 114.4 118.1 125.6 138.8 154.8 168.3 178.7 187.9 192.4 195.5 197.1 197.9 199.3 201.6 204.3 208.1 210.8 212.7 214.5 217.8 220.3 221.6 220.8 219.9 219.7 218.4 215.9 216.2 222.7 225.1 225.5 225.4 224.4 222.5 219 214.1 207.7 199.5 189
227.1 224.7 222.3 219.2 216.2 213.5 204.1 175.5 201.8 211.1 209.8 208.6 207.3 208.3 209.7 209.8 209.7 211.3 210.1 209.1 207.6 205.3 202.8 198.2 192.6 189.4 185.6 183.5 179.6 180.8 181.3 179.3 171.4 155.4 132.9 120.6 117.5 116 115.1 116 121 131.7 147 165 177.8 184.5 190.1 194.2 197.9 200.5 202.6 205.8 208.3 211.4 214.1 215.9 218.2 221.3 224.3 228.3 229.6 228.5 228.1 226.5 225.3 223.4 223.7 228.1 230.4 231.8 231.8 231.3 229.9 226.9 222.4 216.4 208.2 198
224.1 221.6 218.9 214 208.5 208.3 197.4 171.8 185.5 205.9 204.7 203.3 200.7 203.8 204.6 203 202.2 203.6 204 202.1 200.6 197.6 193.4 188.3 185.1 182.4 177.4 171.7 171.4 175.5 177.5 176.8 173.5 155.5 135.6 122.8 116.1 115.6 114.6 117.4 126.7 143.7 158.8 172 182.8 189.3 192.6 196.9 200.7 204.4 208 211.4 214 218.6 220.1 222.5 225.5 228.5 231.5 235.8 236.6 237.1 235.6 233.6 232.1 230.1 230.4 234.2 236.1 237.6 237.9 238.2 237.1 234.5 230.3 224.6 217.1 207.1
221.7 219.5 216.7 212.8 207.1 198.6 188.9 164.2 166.3 191 198.7 195.6 182.1 194.7 199.6 196.7 195.3 195.4 194.9 192.8 190.6 188.1 186 183.7 179.9 176.8 171.7 166.8 162.1 167.2 169.1 168 170.4 158.1 144.1 123.3 114.6 114 113.8 122.9 141 159.7 173.1 181.2 188.6 192 195.3 201.1 205.8 209.5 213.1 216.8 220.8 223.9 226 228.9 232.1 236 239.9 242.3 244.8 244.5 245.6 242 238.3 237.2 237.9 239.7 241.9 243.3 244.7 245.2 244.3 241.9 238 232.6 225.6 215.6
219.4 217.8 215.4 211.8 207.9 202.4 194.9 176.3 155.7 174 185.4 180.9 162.5 191.5 192.9 186.4 186.7 190 188.6 186.8 184.5 182.1 180.1 176 173.6 170.5 164.9 160.9 146.3 152 159.9 154.4 156.8 160 142.9 123.4 113.2 113 113.1 119.2 142.2 163.3 179.4 186.2 190.5 193.7 198.1 205.1 210.8 214.8 218.3 221.5 226.2 228.9 231.5 235.2 239.1 242.3 246.2 249.8 252 254.9 253.1 250 245.4 244.6 245.1 245.7 247.6 249.9 251.2 251.8 251.4 249.3 245.8 240.3 233.6 224.3
217.5 216 213.9 211 207.8 204.9 199.1 179.6 159.9 160.7 168.9 161.1 146.8 170.9 177.2 171 181.4 184.9 183.7 180.9 178.7 174.5 171.7 169.7 164.3 159.6 152.2 148.5 142 139.6 141.3 138.4 137.7 133.3 122.3 113.4 112.7 112.7 113 114.7 127.6 149.6 176.4 188 191.6 195.5 202.7 209.1 214.5 219.2 223.2 226.7 231.3 233.7 237 241.2 245.4 249.3 253.4 256.9 261.9 263.1 259.9 255.3 253.5 252.1 251 252.1 253.9 256 258.1 258.6 258.1 256.6 253.4 248.2 241 232.2
214.9 213.5 211.4 208.5 205.9 201.7 196.2 178.8 155.4 144.3 157.5 147.5 137.6 162.2 159.5 167 170.4 168.5 172.4 172.7 169.9 164.8 162 155.4 153.5 149.9 142.9 138.6 131.6 125.6 123 122.4 120.9 116.6 112.4 112.5 112.6 113.1 112.8 113.6 120.3 142.4 167.9 188.3 192.8 196.8 204.5 212 218.1 222.2 226.2 230.9 235.3 238.3 242.1 247.2 251.2 254.8 259 265.7 269.8 270.3 265.7 262.7 260.7 258.8 257.2 257.9 259.8 262.6 264.6 265.5 264.9 263.8 260.9 255.7 248.7 241
212.3 212 208.4 205.4 201 197.5 192.5 184.3 172.4 145.8 137.3 138.3 127.8 144.7 138.4 146.4 145.6 147.7 150.5 152.1 156.9 146.3 140.7 139.9 141.3 137 128.8 121.7 116.1 117.1 114.1 113.6 113.7 111.6 111.7 112.4 112.9 113.3 113.4 113.3 118.3 138.4 166.3 190 193.8 197.3 205.6 214.3 220.8 226 230.4 234.7 238.9 243 248.1 252.5 256.5 260.1 265.1 272.3 274.6 273.9 271.8 269.8 268.7 268.2 267 265.8 265.8 268.4 270.4 271.9 272.1 271 268.3 263.1 256.2 249.3
209.9 208.8 206.4 202.7 198.3 193.2 187.6 179 172.3 147.2 125.2 124.9 119.2 122.4 123.4 122.8 124 124.9 125.6 127.9 131.2 130.3 124.3 124.6 121.1 116.7 115.3 113.9 113 113.1 111.7 110.8 111.2 111.1 112.4 112.8 113.1 113.3 113.4 113.7 118.8 139.6 174.3 191.2 193.9 197.2 204.7 215 222.9 229.5 233.5 238.6 242.1 247.9 252.5 257.6 261.5 266.6 272.4 277.5 279.7 279.5 278.1 278.4 277.5 278.9 275.6 273.5 273.8 273.7 275.7 277.7 279 278.5 275.8 270.4 263.9 257.7
207.9 206.8 204.3 200.7 196.7 191 180 163.5 146.7 135.4 118.5 119.4 116.1 115.5 115.4 113.3 111.9 111.4 111 113.6 111.8 112.1 112.4 112.2 111.2 111.1 111 111 111.6 111.8 111.3 110.6 110.8 111.6 112.5 113 113.4 113.5 113.5 113.8 121.1 142.9 181.5 191.5 194.1 197.4 204.6 217.3 224.8 231.9 236.8 241.3 245.6 252.6 257.3 261.5 266.8 272.2 278 283.3 285.1 286.6 287.5 288.4 288.6 288.4 287.1 284.1 283.4 284.6 285.4 284.1 286.3 286.1 283.2 277.8 271.5 264.5
204.5 203.3 202 197.9 193.4 188.1 179.6 154.3 131.8 120 116 115.5 114.5 112.5 111.4 110.2 108.5 108.8 108.8 108.6 109.7 109.9 110.1 109.9 109.9 109.9 109.6 109.7 110.2 110.9 110.3 110.7 111.4 111.6 112.2 113.2 113 113.8 113.9 115.4 125.8 154.1 185.4 191.7 194.8 197.9 206.7 217.7 225.8 234.1 239.5 243.4 247.9 256.5 260.7 264.4 270.2 276.3 282.5 287.6 289.8 290.9 292.6 293.7 294.8 295.2 294.1 293.7 293 292.3 291.5 293.4 294 294.1 291.1 285.4 278 271.2
201.6 198.6 196.7 192.6 187.6 182.1 176 148.7 124.6 115.5 114 113.9 111.9 111.2 110.4 109.6 108.8 108.5 109.2 108.2 108.2 108.8 109.1 109.4 108.9 108.7 108.5 108.7 109.8 110.8 111.4 111.3 111.5 112 111.9 112.4 112.7 113.7 113.8 118.2 137.2 173.9 186.2 192.1 195.4 199.7 206.8 217.1 226.1 236.5 241.6 245.6 250.3 256.5 263.2 266.4 272.1 278.1 282.5 287.5 290.1 292.4 294.6 296.9 298.9 300.2 300.8 300.6 299.7 298.7 298.1 300.2 302.3 301.9 298.4 292 284.2 279
197.1 194.7 190.4 186.2 183.4 178.5 170.1 145.2 120.7 112.8 111.2 111.8 110.4 109.7 109.3 108.6 107.9 108.6 106.8 107.3 108 108.6 109.1 109.7 109.7 109.3 109.1 108.9 109.5 111.1 111 111.3 111.8 112 112 112.3 112.5 113.7 118.2 133.2 164 181.2 185.6 191.8 196 200.6 206.7 214.7 224.5 235.9 242.9 246.7 251.3 256.7 263.6 267.5 271.8 277 281.2 285.3 289 291.5 294.4 298.3 301.8 304.1 306 306.9 306 304.5 304.2 306.5 308.9 308.6 304.8 298.2 290.5 287
193.9 191.9 187.6 183.1 178.6 173.2 167.9 145.5 119.4 109.5 109.6 109.7 110.1 109 108.5 107.5 107.1 107.5 107.1 106.9 106.8 107.1 109.6 109.1 109.6 109.7 109.4 109 109.7 110.6 111.1 110.6 112.1 113.6 111.8 112.4 113.1 116.9 133.8 157.7 174.3 179.2 183.8 189.2 195.5 200.7 206 212.1 221.1 232.5 241 247.9 252.4 257 261.1 267.1 271.4 276.2 280 284.1 287.1 289.5 293 297.6 302.2 307.8 311.4 311.9 311 309.1 308.8 310.9 314.8 314.1 310.3 301.9 296 292.9
