public/OST50/SN03.asc
ncols 200
nrows 200
xllcorner 200000
yllcorner 230000
cellsize 50
[rows 105 to 139 of 200, columns 78 to 155 of 200]
167.2 188 185.4 180.6 173.6 149.5 144.3 135.5 112.9 108.3 107.7 107.7 108.3 107.9 107.6 106.7 106.7 106.8 106.6 107.6 107.4 108.4 109 109.4 109.8 109.5 111.4 111 109 109.5 114.7 119 127.8 134.7 112.8 111.7 116.8 138.5 154.3 168.4 172.4 177.3 181.2 186.6 193.1 199.4 205.8 211.3 217.5 227.1 236.5 245.5 252.1 256.4 259.9 264.4 268.1 273.9 277.3 281.5 284.5 287.2 290.8 296.1 301.8 310.5 314.8 315.5 314.8 314.4 314.3 317.2 319.6 318.7 314.5 304.9 300.8 298.1
144.7 179.8 177.1 160.8 143.6 128.7 119.2 110.1 108 106.8 106.5 106 107.5 106.8 106.3 106.6 106.3 106.7 107.9 107.7 108.6 111.7 114.2 113.8 113.8 112.7 114.5 113.1 116.4 130.8 145.1 152.1 153.3 153 123.1 110.9 119.1 140.3 162.1 167.5 170.3 173.8 177.6 181.8 188.4 195.2 203 210.5 215 221.3 231 236.7 248.1 254.5 258.2 262.6 265.7 269.1 273.9 277.9 281.3 284.2 288.7 293.7 299.8 309.7 316.2 316.7 316.9 317.5 318.6 321.9 324.5 322.2 317.1 308.1 304.3 302.5
152.7 140.1 140.5 132.3 121.3 113.3 110.1 106.5 105.5 104.8 105.5 104 105.9 105.3 106.3 107.3 108.4 108.5 110.3 114.4 127.7 140.5 144.5 142.5 140.3 141.9 132.7 136.7 150.5 163.7 167 168.1 166.1 161.4 140.6 119.8 130 123.7 139.1 161.5 168.3 171.4 174.7 178.6 182.5 190.5 196.9 206.8 214.5 218.7 226.8 234.7 241.9 249.4 254.5 260.1 263.3 266.5 270.2 273.4 277.1 280.4 284.7 289.8 295.1 304.7 312.2 316.1 317.7 319.3 320.9 323.7 326.2 322.5 316 309.7 307.1 306.1
171 140.8 121.8 115.7 113.4 108.9 104.9 105.2 104.9 106.4 107.3 106.2 108.9 112.7 113.1 114.8 118 123.7 132.2 143.7 158.7 168.4 166 162.4 161.9 164.9 161.3 146.5 171.3 174.1 175.4 176.2 174.3 166.6 159 137.7 157.3 157.6 130.2 150.3 165.1 169.4 172.8 176.7 180.7 184.3 188.5 201.2 212.2 217.1 223.2 230.4 237.8 244.4 250.8 255.9 259.9 262.8 265.8 269.7 273.2 276.7 280.7 284.8 289.4 297.2 304.1 310.9 316.5 320.3 321.8 324.9 324.9 318.9 313.1 310.3 308.8 308.7
168.4 140.5 122.7 115.9 109.2 106.8 104.7 105.2 111.9 116.1 118.5 127.1 135.2 142.5 144.7 141.4 145.9 153.7 162.3 171.7 175.2 174.2 173.1 171.5 170.6 172 171.9 167.3 175.3 178.1 180 181 177.9 172.2 163.5 151.2 161.2 165.5 162.5 137.8 145.8 160.7 170.3 174.3 177.8 181.5 185.8 195.4 205.8 214.8 219.6 226.3 231.9 239.2 245.3 250.3 255.1 258.7 262.8 265.9 268.7 272.2 275.9 279.8 283.7 288.4 294.2 302.9 312.7 318 321.6 321.4 318.3 314.6 311 309.8 309.2 310.2
154.2 138.4 123.1 112.9 107 104.9 106 125.2 138.7 147.4 155.7 160.7 165.7 172.8 172.7 172.5 173.6 176.7 178.2 178.9 179.1 178.5 178.2 177.2 176.8 176.9 176.7 176.2 176.3 179.3 182.2 182.2 179.4 175.1 167.9 168 167.9 170.7 169.3 167.1 162.9 156.8 158 172.7 175.7 179.5 183.7 188.8 199.2 208.9 217.1 223.6 228.2 233.5 239.2 244.5 248.9 255.2 260.1 262.1 264.2 267.5 270.9 275.1 279.6 283.9 289 294.4 304.7 311.4 315.3 315.2 313 310.3 308.1 307.9 308.7 310.4
170.2 159.3 118.3 107.3 102.9 103.9 124.2 152.7 170.8 175.2 177.1 178.3 179.1 179.9 180.6 181 180.9 180.9 181.2 181.8 182 182.8 182.3 181.6 181.4 181.4 180.8 180.1 179.4 180.9 183.3 182.8 179.1 176.1 171.7 173.4 173.7 178 176 172.9 172.2 172 167.3 164.2 173 176.9 179.5 184.8 192.9 202.6 211.5 220.9 225.8 229.8 234.6 239.5 243.6 248.3 254.3 258 260.1 262.9 266.5 270 274.3 278.9 283.5 289.5 297.4 304.3 309.2 309 306.9 304.3 304.3 305 307.2 310.2
169.4 145.3 113.4 103.9 102.7 108.4 133.4 158.6 173.8 177.5 179.9 181.8 183 183.9 184.5 184.5 184.5 184.5 184.5 184.7 185 185.3 185 184.9 184.7 184.5 183.8 183.3 181.6 183 184.1 183.9 179.9 180.1 179 179.3 179.4 181 184.5 184.4 176.4 175 175.4 175.3 173.6 176.7 177.5 180.7 186.9 195.7 203.9 213.6 222.9 226.6 231.6 235.6 239.4 243.6 247.9 251.6 254.8 258.6 261 265.7 269.9 274.1 277.5 282.9 289.1 296.3 302 302.4 300.4 299.3 300.8 302.1 305.2 309.2
139.2 124.7 103.5 101.9 101.9 114.1 138.2 160.5 175.3 179.4 182.1 184.1 185.7 186.7 187.3 187.5 187.1 186.8 187.3 187.5 187.8 187.7 187.5 187.6 187.3 186.7 186.3 185.8 184.3 185.6 186.3 185.6 185.6 184 184 182.8 182.3 182.4 187.4 189.2 190 182.4 178.1 178.3 178.7 177.8 174.9 181.1 183.5 187.3 195.9 205.5 214.4 221.7 227.6 231.7 235.9 240.1 243.5 246.6 248.7 251.4 255.3 260.5 266.2 269.7 272.9 276.4 280.8 288.6 293.7 293.9 295.3 294.5 297.4 299.6 302.9 307.3
113.8 105.5 101.5 101.7 104.9 119 142.4 166.9 178 181 183.5 185.6 187.2 188.5 189 189.5 189.2 188.9 189.7 190 189.8 189.6 189.2 189 188.7 188.9 188.6 188.2 188 188.3 188.7 187.2 189 188.4 188.2 187.5 186.1 185.4 189.4 191.6 193.2 193.8 187.1 181.3 180.3 180.2 178.6 180.4 182.5 184.8 190.2 199.4 207.2 214.4 220.9 226.2 230.9 235.5 238.4 240.8 243.3 247.2 251.4 256.4 261.5 266 269.7 273 276.2 280.7 285.8 288.8 290.5 290.8 293.3 296.3 300.7 304.9
100.8 101.2 101.5 102 113.7 131.8 161.5 175.7 179.1 182.4 184.7 186.5 188.1 189.4 190.2 190.7 191.2 191.2 191.5 191.5 191.6 191.4 190.9 190.4 190.1 190.6 190.6 190.1 190.3 190.3 190.4 190.6 191.6 192.2 191.6 191 190 188.6 191.9 194.4 196.1 197.1 195.7 189.2 184.6 182.6 181.2 180.5 181.9 184.1 187.8 191.4 200.4 207.2 214.2 219.1 224.2 228.6 232.7 235 237.8 241.5 248.3 253.9 258.7 263.3 266.8 270.1 273.1 276.6 279.7 282.8 284.8 287 289.7 293 297.6 301.7
100.7 101.8 103.5 113 128.8 158.6 173.9 177.4 180.5 183.4 185.5 187.2 188.9 190.1 190.9 191.7 192.4 193.2 193.2 192.9 192.8 192.9 192.4 192.1 192 192.2 192.4 192.6 192.7 192.6 192.7 193.3 194.3 194.9 195 194.5 194.1 193.6 194.5 197.7 199.2 198.5 198.7 198.4 200.2 199 189.4 181 183.5 186 189.7 193.4 196.4 200 207 210.8 215 219.3 221.8 225.9 227.8 236.3 243.7 251 256 260.7 264 267.1 270 272.9 276.3 279.3 280.8 283.3 286.5 290 294.8 298.2
105.4 114.4 117.5 133 160.9 170.9 174.8 178.5 181.4 183.7 185.9 187.4 188.9 190.3 191.2 192.1 193.1 193.7 194.1 194.2 194.2 194.5 194.5 194.5 194.8 195.1 195.3 195.6 196 195.9 196.2 195.7 196.9 197.8 198.1 198 197.6 196.8 196.7 200.8 202.5 202.1 203.3 201.2 204 204 198.4 185 185.2 187.1 189 192.8 197.6 203.4 207.2 210.3 216.1 220.8 225.6 228.6 229 230 240 246.3 252.5 257.2 260.1 263.9 266.8 270 273.7 275.9 277.7 280.1 282.7 286 291.7 295.1
136.7 150.6 146.7 165.3 167.7 171.9 175.5 178.7 181.3 183.7 185.6 187.4 189.4 190.2 191.1 192.4 193.2 193.7 194.5 194.8 195.3 195.9 196 196.1 197 197.3 197.6 198.4 198 198.2 198.6 198 199.2 200.4 201.1 201.3 201.3 200.5 199.7 203.8 205.5 206.2 207.7 208.1 208 208.9 207.8 201.3 188.6 189.1 191.8 196 199.5 203.8 207.5 211.1 216.3 222.5 227.5 230.5 233.4 235.2 237.1 242 248.2 252.1 256.7 260.5 264.2 267.4 270.9 272.7 274.9 277.4 280 282.9 287.4 291.7
146 151.5 157.1 162.9 167.8 171.9 175.9 178.6 180.8 183.2 185.2 187.1 189.2 190 191.2 192.5 193.3 193.8 194.4 195.2 195.8 196.5 197.1 198 198.8 199.5 200 200.3 200.2 200.6 200.9 200.1 201.8 203 204 204.1 204.6 203.4 202.4 205.3 208.8 210.1 211.6 212.3 212.9 213.8 214.2 214.1 213.9 214.6 217.5 219.4 221.2 213.7 210.9 212 218.3 225.4 226.8 233.1 236.7 239.6 241.4 244.8 247 250.5 253.9 258 262.2 265.4 268.2 269.6 272.2 274.6 277.8 281 285.1 288.8
126.3 144.6 152 159.9 165.6 171 175 177.9 180 182.5 184.6 187.3 188 189.8 191.2 192.3 193 193.7 194.4 195.4 196.3 196.5 198.1 199.4 200.2 201.1 201.8 202.1 202.6 203 203.3 203.2 204.1 205.6 206.8 207.1 207.5 206.7 205.6 208 211.7 214 216 216.9 218.5 219.5 223 223.9 225.1 227.2 229.2 231.6 232.1 231.6 230.8 229 227.9 228.5 232.8 235.8 239.9 242.4 244 246.1 247.8 250.3 253.2 257.2 260.4 263.5 266 268.2 270.5 273.2 276 279.5 283 286.6
111.6 126.8 142.9 153.3 161 167.3 172.3 176.3 178.6 181.4 183.8 185.1 186.6 188.9 190.7 191.5 192.6 193.1 194.2 195.6 196.9 198 199.3 200.5 201.7 202.7 203.7 204.1 204.6 205.3 205.6 205.8 206.1 208.3 209.1 210 210.6 210 209.2 211.8 215 218 219.6 221.1 222.5 226.1 228.5 231.1 233.9 237.1 240.3 241.4 242.8 243.6 243.7 244 241.9 238.1 239.5 240.3 239.1 244 246.4 247.6 249.6 253.2 255.5 258.3 260 263.1 265.4 267.9 269.5 272.3 275.8 278.2 281.2 284.3
123.5 127.9 133.6 144.7 155.1 160.2 165.9 172.9 177.4 180.2 182.4 185 186.4 187.6 189 190.6 191.1 192.6 194 195.3 196.8 198.5 199.9 201.6 202.7 203.8 204.9 205.8 206.9 207.8 207.8 208.3 208.1 211 212 212.6 213.3 213.3 213 214.5 218.4 220.9 223 224.4 228.1 231.3 233.9 237.7 241.4 245 247.6 250.2 251.7 252.5 253.3 252.1 249.4 246.5 243.9 244 241.4 244.9 247.7 250.4 252.6 254 256.3 259 261.8 263.5 266.1 267.5 270.2 272.7 275.4 277 279.7 282.3
120.2 144.4 146.4 145.7 149.4 149.5 153.4 166 174.3 178.8 181.1 183.2 184.8 186.1 187.5 188.6 190.3 191.9 193.7 195.3 196.8 198.7 200.7 203 203.9 205.3 206.4 207.9 209.3 210.4 211 211.2 210.6 213.3 213.8 215.3 216.4 216.5 216.3 216.6 220.7 222.9 225 228.8 233.3 235.4 239.4 244.1 248.8 252.2 255.8 258.2 260.2 261 259.1 257.4 254.3 250.7 247.9 247.7 247.8 248.9 249.2 250.6 251.5 255.6 257.4 260.2 262.1 265.3 267.6 269.8 271 271.7 274.2 276.9 278.9 281.2
113.6 136.6 142.5 147.7 151.9 153.9 155.4 157 158.8 162.7 164.6 172.5 179.3 182.8 184.6 186.7 188.9 191.1 193.1 195 197.1 199.3 201.4 203.5 205.1 206.5 207.9 209.6 211.6 212.8 213.8 214.2 213.9 214.8 216.2 217.9 219.1 220 220.1 220.1 222.2 226.4 231 234.6 238 241 245.1 250.6 255.9 260.1 263 265.6 266.1 265.1 263.9 261.5 257.8 253.8 252.2 252 251.9 250.3 249.3 251.6 253.2 255.8 259.5 261.8 264.5 266.9 269.3 271.1 273 274.5 275.1 277.4 279.1 280.6
130.9 115.3 114.6 123.6 139 155 162.9 169 174.9 173.3 169.2 169.6 170.4 172.5 180.8 184.8 187.6 189.8 192.3 194.8 196.9 199.6 201.8 204.1 206.4 208 209.7 211.7 214 215.3 216.4 217.2 216.4 217.2 219 220.7 221.9 223.3 224 224.1 225.6 229.9 234.7 237.7 241.2 245.8 250.4 257.7 262.3 266.8 269.8 271.3 270.8 270 267.6 263.8 260.7 259 257.3 256.4 254.9 253 252.8 253 255.1 257.4 260.4 263.6 265.1 269 270.8 272.7 274.4 276.4 277.4 277.3 279.7 281.4
162.8 155.6 161.7 168.1 175.3 177 177 178.1 181.4 182.6 177.6 173.5 173.4 173.5 172.5 177.1 186.1 188.6 191.4 193.9 196.6 199.1 201.9 204.6 207.5 209.9 211.6 213.6 216 217.7 219.1 219.7 219.9 219.6 220.8 223.4 225.3 226.6 227.5 227.9 228.8 234.8 239.2 243.6 246.8 249.9 255.7 262.3 269.8 273.2 275.7 275.6 275.4 273.6 269.5 266.7 265.9 264.4 262 259.4 257.4 257.1 256 257.1 258.8 261.1 263.9 266.6 269.5 270.8 271.7 275 276.2 277.6 278.9 279.8 280.7 281.6
190.5 189.7 188.1 185.3 182.6 182.1 181.7 182.2 185.1 186.1 185 176.6 176 175.3 175.1 174.8 182.8 187.7 190.4 193.1 195.9 198.6 201.8 204.8 207.9 210.9 213 214.9 217.8 219.9 222 223.3 223.1 221.9 222.9 225.7 228.4 229.7 231.2 232.2 232.7 237.8 242.9 246.9 251 253.8 261.4 268.8 274.6 278.7 280.1 280.6 279.6 276.5 273.9 271.1 270.5 268.8 265.7 262.8 262.5 261.4 260.5 263 264.6 267.1 269.3 271.2 273 273.3 275 276.1 278.2 279.3 280.5 281.9 282 283.2
196.9 197.1 195.2 193.2 189.4 187.3 186.5 186.2 188.4 188.7 186.1 180.8 178.2 176.7 177 176.7 180.8 186.6 189.7 192.3 195 197.9 200.7 204.1 207.5 210.5 213.7 216 219.3 222.5 224.7 226.2 226.8 227.3 226.7 227.2 229.8 232.5 234.5 235.8 236.5 238.5 245.1 249.5 253.4 258.1 266.4 274 280.1 283.4 285.1 285.9 284.3 281.2 278.3 277 275.8 273.2 270.2 267.7 267.3 267.3 269.7 270.5 272.8 273.9 276 277.3 278.1 278.4 278.7 279.8 280.4 281.5 282.2 283.6 283.9 284.3
203.5 203.2 202 200 197.2 194.7 192.7 191.5 192.4 192.5 189.7 182.6 179.5 179.4 179.7 178.6 179.4 184.8 188.7 191.5 194.2 197.1 200.1 203.3 206.6 210.2 213.9 217 221 224.2 227.2 229.2 230.1 231.2 231.7 231.9 233.2 235.6 237.9 239.3 239.8 240.9 245.5 250.7 255.7 261.9 270.7 278.4 283 287.4 291.2 291.5 290.2 287.1 285.9 285.2 281.3 277.7 276.1 273.6 274.3 275.8 277.3 278.4 281 282.2 283.8 283.5 283.5 282.7 281.7 282.3 282.5 284 284.5 285.3 286 286.3
208.9 209 207.8 206.6 204 200.9 198.3 197 197.1 196.3 194.8 188.7 183.6 181.4 180.8 181.8 178.6 184.7 188.8 191 193.1 196.4 199.5 202.7 205.8 210.1 214.2 218 221.8 224.9 228.5 231.5 233.2 234.4 234.8 235.3 236.4 239.1 240.4 242.8 243.9 244.4 246.7 251.8 258.5 267 275.9 282.3 286.4 293.3 296.9 298 296.5 295.4 295.7 292.1 287.6 281.8 280.2 281.2 283 284.9 286.5 287.3 288.7 289.3 290.3 290.2 288.7 287.2 286.1 285.4 283.6 285.6 286.5 287.1 287.4 288.1
215.4 214.8 213.5 212.2 209.7 209.1 205.5 203.6 201.9 201 198.6 194 186.8 183.6 183.4 183.7 182.8 184.3 186.7 190.6 192.9 195.7 198.9 202 205.3 209.5 213.9 217.2 221.2 225.3 229.5 232.9 235.6 237.1 238.5 239.4 239.1 241.5 244.1 246.2 247.5 247.7 249.9 254.6 262.7 273.1 280.1 286.7 295.2 300.6 303.5 304 303.6 304.6 302.7 298.3 293.6 288.4 289.7 291.6 294.4 295.1 295.8 297.1 296.9 295.8 296 295 292.9 291 289.8 288.6 288.2 288.9 289.3 289.2 289.7 290.1
221.5 220.8 219.6 218.2 215.6 213.8 210.7 208.7 206.3 204.8 202.7 198.6 191.7 186 184.6 185.7 186 183.9 187.9 189.6 192.8 194.7 197.6 201.1 205.3 209 213.6 218 222.3 226.4 230.9 235.3 238.2 239.7 241.1 242.6 243.4 243.9 246.9 249.3 250.6 251 255.4 260 269.7 278.3 284.6 293.8 300.9 307.6 311.6 311.2 312.5 312.4 309.3 304.8 300.4 297.5 300.7 302.5 303.8 304.7 305.9 306.8 306 303.8 301.5 299.2 297.1 294.2 293.4 292.1 291.7 292 291.2 291.8 292.1 292.3
227.4 226.2 225.2 223.7 221.2 218.5 216.3 213.2 210.5 208.1 206.5 202.9 198.6 189.7 187.7 187 187.7 188 189.1 191.2 193.3 194.5 196.9 201.5 205.5 209.8 213.8 218.8 223 227 231.7 236.9 240.1 242.4 243.8 245.8 246.9 249.2 250.7 253 254.6 256.9 258.8 267 275.5 282.3 289.7 300.9 309.5 315.6 317.1 318 319.9 317.9 315.9 313.2 311.4 310.4 311.2 312.3 314.2 315.4 316.4 316.6 314.7 312.2 307.8 303.5 301.1 297.8 297.5 295.5 295.2 294.5 294.1 294.1 294 294.5
232.9 232.6 231.4 229.1 226.4 222 219.9 217.9 214.9 211.8 209.1 205.6 202 196.3 190.2 189.4 189.4 188.7 190.1 192.8 193.3 195.4 197.2 201.5 205.9 209.8 214.4 219.7 223.6 227.4 231.8 237.9 240.8 243.5 247 249.3 250.1 253.4 254.3 257.5 259.8 261.6 266.2 272.3 278.7 287 295 306.2 316.9 321.8 322.9 326.5 326 324.4 323.1 322.6 322.5 323.4 323.9 323.7 324.5 327 328.3 326.2 324.6 320.1 314.2 310.4 304.7 303.1 301.5 299.9 298.9 297.1 296.8 296.2 296.6 296.1
238.7 237.8 235.7 233.6 231 228.1 224.1 222 218.2 215.1 211.6 208.2 204.9 199.4 194.3 196.1 191.8 192.9 191.6 193.7 195 197.1 197.5 201.3 205.8 209.6 214.9 219.3 223.7 228.1 232.6 237.9 241.4 244.7 249 254.5 252.4 258.1 258.4 260.9 263.4 267.7 271.2 276.5 283.6 290.8 301 313.2 322 327.4 331 331.6 330.8 329.9 330 331.9 333.1 334.8 334.8 335 335.7 335.3 338.9 334.8 331 327 320.9 315.3 309 306.7 304.6 302.9 302.3 300.8 299.9 299.5 299.8 299.9
244.8 243.3 241.4 238.9 236 233.2 229.3 226.3 223.5 219.7 214.8 210.2 205.2 199.7 198.8 203.5 204.3 197.1 195.3 194.4 196.7 197.9 199.1 201.8 205 208.7 214.1 219 224.4 227.7 230.9 236.4 241.2 244.4 251.2 259.9 261.9 262 261.6 264.4 267.4 271.3 276.3 281.3 287.5 294 305.4 317.5 326 330.2 333.2 334.6 335 335.6 337.3 339.8 343 345.1 346.2 347.1 347.1 350.1 349.5 345.5 337.5 329.4 323.2 317.8 315 310.7 309.1 307.2 306.6 304.5 303.5 303 302.9 303.9
251.3 250 247.8 244.3 241.7 239.7 236.4 230.7 227.5 223.9 218.7 211.9 205.1 203.5 202.4 207.9 211.1 209.6 198.7 196.5 198.6 200.5 201.2 203.5 205.6 209 213.7 218.7 223.4 226.6 229.7 234.5 238.7 243.2 249.8 259.9 263.7 265.3 267.7 268.9 270.9 274.3 279.4 285.1 290.7 298 308.7 319.6 326.1 330.6 334.1 337.2 339.2 341.4 344.7 348.2 351 353.7 355.3 357.2 357.6 357.5 354.9 347.7 338.4 331.1 325.2 321.1 318.2 315.2 312.2 310.1 309.8 308.9 307.2 306.8 307.4 308.3
255.7 254.6 252.5 250.1 247 244.8 241 237.6 232.2 226.9 221.9 211.4 209.6 208.5 207 213.4 214.5 212.4 203.4 199.8 198.9 200.9 203 204 205.6 209.4 213.4 217 221.9 226 228.8 232.6 237.9 243.3 250.7 259.2 265.1 266.9 269.7 273.6 275.4 278.1 281.5 287.7 293.7 300.9 309.7 320.2 326.1 331.6 335.5 338.9 342.7 346.6 350.9 353.4 355.5 357.3 358.5 359 358.5 358.1 353.2 346.6 340.2 333.8 328.9 324.9 321.1 318.3 315.4 314.2 313.3 313.1 312.8 312.7 313.5 314.9
258.5 257.1 255.6 254.2 252 247.5 243.9 239.6 235.2 229.5 220.7 215.7 214.6 213.4 213.5 215.8 214.9 214.1 210 203.5 200.7 203.1 204.8 206 208.2 211.2 213.9 218 221.2 225 228.9 233 238 244.7 253.6 260.8 266.4 269.4 273.2 275.5 278.9 282.1 286.1 289.8 295.7 302.1 310.3 321.1 327.2 332.4 337.5 341.7 346 350.2 354 356.6 358.9 360.1 361 361.2 360.8 357.9 353.1 347.8 341.7 336.4 331.6 327.6 325 321.5 318.8 319.7 318.5 317.9 319.2 319.6 320.2 323.3
