public/OST50/SN04.asc
ncols 200
nrows 200
xllcorner 200000
yllcorner 240000
cellsize 50
[rows 108 to 161 of 200, columns 96 to 191 of 200]
-1 -1 -1 -1 -1 -1 -1 -1 -1 -1 -1 -1 -1 -1 -1 -1 -1 -1 -1 -1 -1 -1 -1 -1 -1 -1 -1 -1 -1 -1 -1 -1 -1 -1 -1 -1 -1 -1 -1 -1 -1 -1 -1 -1 -1 -1 -1 -1 -1 -1 -1 -1 -1 -1 -1 -1 -1 -1 -1 -1 -1 -1 -1 -1 -1 -1 -1 -1 -1 -1 -1 -1 -1 -1 -1 -1 -1 -1 -1 -1 -1 -1 -1 -1 -1 -1 -1 -1 -1 -1 -1 -1 -1 -1 -1 -1
-1 -1 -1 -1 -1 -1 -1 -1 -1 -1 -1 -1 -1 -1 -1 -1 -1 -1 -1 -1 -1 -1 -1 -1 -1 -1 -1 -1 -1 -1 -1 -1 -1 -1 -1 -1 -1 -1 -1 -1 -1 -1 -1 -1 -1 -1 -1 -1 -1 -1 -1 -1 -1 -1 -1 -1 -1 -1 -1 -1 -1 -1 -1 -1 -1 -1 -1 -1 -1 -1 -1 -1 -1 -1 -1 -1 -1 -1 -1 -1 -1 -1 -1 -1 -1 -1 -1 -1 -1 -1 -1 -1 -1 53.8 19 59.1
-1 -1 -1 -1 -1 -1 -1 -1 -1 -1 -1 -1 -1 -1 -1 -1 -1 -1 -1 -1 -1 -1 -1 -1 -1 -1 -1 -1 -1 -1 -1 -1 -1 -1 -1 -1 -1 -1 -1 -1 -1 -1 -1 -1 -1 -1 -1 -1 -1 -1 -1 -1 -1 -1 -1 -1 -1 -1 -1 -1 -1 -1 -1 -1 -1 -1 -1 -1 -1 -1 -1 -1 -1 -1 -1 -1 -1 -1 -1 -1 -1 -1 -1 -1 -1 -1 -1 -1 -1 -1 60.4 66 68.7 73.6 76 75.6
-1 -1 -1 -1 -1 -1 -1 -1 -1 -1 -1 -1 -1 -1 -1 -1 -1 -1 -1 -1 -1 -1 -1 -1 -1 -1 -1 -1 -1 -1 -1 -1 -1 -1 -1 -1 -1 -1 -1 -1 -1 -1 -1 -1 -1 -1 -1 -1 -1 -1 -1 -1 -1 -1 -1 -1 -1 -1 -1 -1 -1 -1 -1 -1 -1 -1 -1 -1 -1 -1 -1 -1 -1 -1 -1 -1 -1 -1 -1 -1 -1 -1 -1 -1 -1 -1 -1 -1 -1 41.7 64 74.7 81.2 86 86.2 85.9
-1 -1 -1 -1 -1 -1 -1 -1 -1 -1 -1 -1 -1 -1 -1 -1 -1 -1 -1 -1 -1 -1 -1 -1 -1 -1 -1 -1 -1 -1 -1 -1 -1 -1 -1 -1 -1 -1 -1 -1 -1 -1 -1 -1 -1 -1 -1 -1 -1 -1 -1 -1 -1 -1 -1 -1 -1 -1 -1 -1 -1 -1 -1 -1 -1 -1 -1 -1 -1 -1 -1 -1 -1 -1 -1 -1 -1 -1 -1 -1 -1 -1 -1 -1 -1 -1 -1 -1 29.8 54.9 75.6 83.1 88.1 91.4 92.9 93
-1 -1 -1 -1 -1 -1 -1 -1 -1 -1 -1 -1 -1 -1 -1 -1 -1 -1 -1 -1 -1 -1 -1 -1 -1 -1 -1 -1 -1 -1 -1 -1 -1 -1 -1 -1 -1 -1 -1 -1 -1 -1 -1 -1 -1 -1 -1 -1 -1 -1 -1 -1 -1 -1 -1 -1 -1 -1 -1 -1 -1 -1 -1 -1 -1 -1 -1 -1 -1 -1 -1 -1 -1 -1 -1 -1 -1 -1 -1 -1 -1 -1 -1 -1 -1 -1 -1 -1 44.1 65.7 83.2 88.2 92.8 95 95.8 96.6
-1 -1 -1 -1 -1 -1 -1 -1 -1 -1 -1 -1 -1 -1 -1 -1 -1 -1 -1 -1 -1 -1 -1 -1 -1 -1 -1 -1 -1 -1 -1 -1 -1 -1 -1 -1 -1 -1 -1 -1 -1 -1 -1 -1 -1 -1 -1 -1 -1 -1 -1 -1 -1 -1 -1 -1 -1 -1 -1 -1 -1 -1 -1 -1 -1 -1 -1 -1 -1 -1 -1 -1 -1 -1 -1 -1 -1 -1 -1 -1 -1 -1 -1 -1 -1 -1 -1 -1 -1 73 85 91 94.2 97.1 98.8 100.9
-1 -1 -1 -1 -1 -1 -1 -1 -1 -1 -1 -1 -1 -1 -1 -1 -1 -1 -1 -1 -1 -1 -1 -1 -1 -1 -1 -1 -1 -1 -1 -1 -1 -1 -1 -1 -1 -1 -1 -1 -1 -1 -1 -1 -1 -1 -1 -1 -1 -1 -1 -1 -1 -1 -1 -1 -1 -1 -1 -1 -1 -1 -1 -1 -1 -1 -1 -1 -1 -1 -1 -1 -1 -1 -1 -1 -1 -1 -1 -1 -1 -1 -1 -1 -1 -1 -1 -1 -1 77.2 86.7 93.4 98 101.1 103.9 106.2
-1 -1 -1 -1 -1 -1 -1 -1 -1 -1 -1 -1 -1 -1 -1 -1 -1 -1 -1 -1 -1 -1 -1 -1 -1 -1 -1 -1 -1 -1 -1 -1 -1 -1 -1 -1 -1 -1 -1 -1 -1 -1 -1 -1 -1 -1 -1 -1 -1 -1 -1 -1 -1 -1 -1 -1 -1 -1 -1 -1 -1 -1 -1 -1 -1 -1 -1 -1 -1 -1 -1 -1 -1 -1 -1 -1 -1 -1 -1 -1 -1 -1 -1 -1 -1 -1 -1 -1 -1 77.4 89 97.8 101.7 105.2 108.5 111.5
-1 -1 -1 -1 -1 -1 -1 -1 -1 -1 -1 -1 -1 -1 -1 -1 -1 -1 -1 -1 -1 -1 -1 -1 -1 -1 -1 -1 -1 -1 -1 -1 -1 -1 -1 -1 -1 -1 -1 -1 -1 -1 -1 -1 -1 -1 -1 -1 -1 -1 -1 -1 -1 -1 -1 -1 -1 -1 -1 -1 -1 -1 -1 -1 -1 -1 -1 -1 -1 -1 -1 -1 -1 -1 -1 -1 -1 -1 -1 -1 -1 -1 -1 -1 -1 -1 -1 -1 53.6 77.3 93.4 102.6 107.9 112.5 115.4 118.2
-1 -1 -1 -1 -1 -1 -1 -1 -1 -1 -1 -1 -1 -1 -1 -1 -1 -1 -1 -1 -1 -1 -1 -1 -1 -1 -1 -1 -1 -1 -1 -1 -1 -1 -1 -1 -1 -1 -1 -1 -1 -1 -1 -1 -1 -1 -1 -1 -1 -1 -1 -1 -1 -1 -1 -1 -1 -1 -1 -1 -1 -1 -1 -1 -1 -1 -1 -1 -1 -1 -1 -1 -1 -1 -1 -1 -1 -1 -1 -1 -1 -1 -1 -1 -1 -1 -1 1.4 53.3 85.2 101.6 110 115.8 120.4 122.8 125.1
-1 -1 -1 -1 -1 -1 -1 -1 -1 -1 -1 -1 -1 -1 -1 -1 -1 -1 -1 -1 -1 -1 -1 -1 -1 -1 -1 -1 -1 -1 -1 -1 -1 -1 -1 -1 -1 -1 -1 -1 -1 -1 -1 -1 -1 -1 -1 -1 -1 -1 -1 -1 -1 -1 -1 -1 -1 -1 -1 -1 -1 -1 -1 -1 -1 -1 -1 -1 -1 -1 -1 -1 -1 -1 -1 -1 -1 -1 -1 -1 -1 -1 -1 -1 -1 -1 -1 23.7 76.7 93.2 109.9 116.7 123 127.6 130.7 132.9
-1 -1 -1 -1 -1 -1 -1 -1 -1 -1 -1 -1 -1 -1 -1 -1 -1 -1 -1 -1 -1 -1 -1 -1 -1 -1 -1 -1 -1 -1 -1 -1 -1 -1 -1 -1 -1 -1 -1 -1 -1 -1 -1 -1 -1 -1 -1 -1 -1 -1 -1 -1 -1 -1 -1 -1 -1 -1 -1 -1 -1 -1 -1 -1 -1 -1 -1 -1 -1 -1 -1 -1 -1 -1 -1 -1 -1 -1 -1 -1 -1 -1 -1 -1 -1 -1 3.5 27.7 69.7 113.9 117.6 124.6 130.9 134.8 138.3 140.9
-1 -1 -1 -1 -1 -1 -1 -1 -1 -1 -1 -1 -1 -1 -1 -1 -1 -1 -1 -1 -1 -1 -1 -1 -1 -1 -1 -1 -1 -1 -1 -1 -1 -1 -1 -1 -1 -1 -1 -1 -1 -1 -1 -1 -1 -1 -1 -1 -1 -1 -1 -1 -1 -1 -1 -1 -1 -1 -1 -1 -1 -1 -1 -1 -1 -1 -1 -1 -1 -1 -1 -1 -1 -1 -1 -1 -1 -1 -1 -1 -1 -1 -1 -1 0.5 3.3 25 39.9 66.4 117.9 125.8 132.7 137.7 142 145.6 147.7
-1 -1 -1 -1 -1 -1 -1 -1 -1 -1 -1 -1 -1 -1 -1 -1 -1 -1 -1 -1 -1 -1 -1 -1 -1 -1 -1 -1 -1 -1 -1 -1 -1 -1 -1 -1 -1 -1 -1 -1 -1 -1 -1 -1 -1 -1 -1 -1 -1 -1 -1 -1 -1 -1 -1 -1 -1 -1 -1 -1 -1 -1 -1 -1 -1 -1 -1 -1 -1 -1 -1 -1 -1 -1 -1 -1 -1 -1 -1 -1 -1 -1 -1 1 6.6 39.6 48 57.8 73.2 110.1 129.6 139.8 143.9 147.7 150.7 153.1
-1 -1 -1 -1 -1 -1 -1 -1 -1 -1 -1 -1 -1 -1 -1 -1 -1 -1 -1 -1 -1 -1 -1 -1 -1 -1 -1 -1 -1 -1 -1 -1 -1 -1 -1 -1 -1 -1 -1 -1 -1 -1 -1 -1 -1 -1 -1 -1 -1 -1 -1 -1 -1 -1 -1 -1 -1 -1 -1 -1 -1 -1 -1 -1 -1 -1 -1 -1 -1 -1 -1 -1 -1 -1 -1 -1 -1 -1 -1 -1 -1 0.7 2.8 25.4 41.6 77.3 85.6 91.3 109.9 129 143 146.2 150 154.3 157.7 159.2
-1 -1 -1 -1 -1 -1 -1 -1 -1 -1 -1 -1 -1 -1 -1 -1 -1 -1 -1 -1 -1 -1 -1 -1 -1 -1 -1 -1 -1 -1 -1 -1 -1 -1 -1 -1 -1 -1 -1 -1 -1 -1 -1 -1 -1 -1 -1 -1 -1 -1 -1 -1 -1 -1 -1 -1 -1 -1 -1 -1 -1 -1 -1 -1 -1 -1 -1 -1 -1 -1 -1 -1 -1 -1 -1 -1 -1 -1 -1 -1 1.8 32 38.3 56 64 89.5 100.5 116.7 135.4 137.9 149.4 153.1 155.3 160 162.6 164.6
-1 -1 -1 -1 -1 -1 -1 -1 -1 -1 -1 -1 -1 -1 -1 -1 -1 -1 -1 -1 -1 -1 -1 -1 -1 -1 -1 -1 -1 -1 -1 -1 -1 -1 -1 -1 -1 -1 -1 -1 -1 -1 -1 -1 -1 -1 -1 -1 -1 -1 -1 -1 -1 -1 -1 -1 -1 -1 -1 -1 -1 -1 -1 -1 -1 -1 -1 -1 -1 -1 -1 -1 -1 -1 -1 -1 -1 -1 -1 1.1 26.7 63.4 69.8 76.2 84.6 106.5 119.5 140.2 143.5 152.2 155.5 158.6 160.9 163.1 165.1 167.5
-1 -1 -1 -1 -1 -1 -1 -1 -1 -1 -1 -1 -1 -1 -1 -1 -1 -1 -1 -1 -1 -1 -1 -1 -1 -1 -1 -1 -1 -1 -1 -1 -1 -1 -1 -1 -1 -1 -1 -1 -1 -1 -1 -1 -1 -1 -1 -1 -1 -1 -1 -1 -1 -1 -1 -1 -1 -1 -1 -1 -1 -1 -1 -1 -1 -1 -1 -1 -1 -1 -1 -1 -1 -1 -1 -1 1 1.3 4.4 29.9 81.8 87.7 103.2 102.9 114 131.3 136.7 149.8 153.4 158.2 160.7 163.4 165.4 166.6 167.6 169.2
-1 -1 -1 -1 -1 -1 -1 -1 -1 -1 -1 -1 -1 -1 -1 -1 -1 -1 -1 -1 -1 -1 -1 -1 -1 -1 -1 -1 -1 -1 -1 -1 -1 -1 -1 -1 -1 -1 -1 -1 -1 -1 -1 -1 -1 -1 -1 -1 -1 -1 -1 -1 -1 -1 -1 -1 -1 -1 -1 -1 -1 -1 -1 -1 -1 -1 -1 -1 -1 -1 -1 -1 -1 -1 1.5 18.5 37.7 45.1 62.1 85.9 108.5 118.7 136.4 137.4 139 146.9 153.1 159.5 161.1 162.9 165.5 167.4 168.6 169.3 169.9 171.1
-1 -1 -1 -1 -1 -1 -1 -1 -1 -1 -1 -1 -1 -1 -1 -1 -1 -1 -1 -1 -1 -1 -1 -1 -1 -1 -1 -1 -1 -1 -1 -1 -1 -1 -1 -1 -1 -1 -1 -1 -1 -1 -1 -1 -1 -1 -1 -1 -1 -1 -1 -1 -1 -1 -1 -1 -1 -1 -1 -1 -1 -1 -1 -1 -1 -1 -1 -1 -1 -1 -1 0.5 1.5 36 58 72.4 95.1 108.8 105.2 125.1 140 148.9 152.2 154.5 157.3 158 162.5 163.8 165.8 167.8 169.8 171.1 171.7 172 172.3 173.3
-1 -1 -1 -1 -1 -1 -1 -1 -1 -1 -1 -1 -1 -1 -1 -1 -1 -1 -1 -1 -1 -1 -1 -1 -1 -1 -1 -1 -1 -1 -1 -1 -1 -1 -1 -1 -1 -1 -1 -1 -1 -1 -1 -1 -1 -1 -1 -1 -1 -1 -1 -1 -1 -1 -1 -1 -1 -1 -1 36 -1 -1 -1 -1 -1 -1 -1 -1 -1 1.3 14.9 32.9 50.8 88.6 112.1 119.5 124.9 139.1 142 145.3 150.8 154.2 156.3 158.4 161.4 163.9 165.9 167.8 169.8 171.5 172.8 173.7 174.2 174.6 174.7 175.5
-1 -1 -1 -1 -1 -1 -1 -1 -1 -1 -1 -1 -1 -1 -1 -1 -1 -1 -1 -1 -1 -1 -1 -1 -1 -1 -1 -1 -1 -1 -1 -1 -1 -1 -1 -1 -1 -1 -1 -1 17.1 -1 -1 -1 -1 -1 -1 1.2 20.7 46.3 58.9 53.3 43.1 49.2 69.7 68.7 72.4 76.9 82.3 80.3 73.1 66 62.7 37 31.2 47.9 23.5 26.2 31.4 40.7 56.9 72.3 92.9 122.5 140.4 146.9 149.6 152.5 154.3 154.5 156 158.1 159.9 161.9 164.7 167 169 171.3 173.5 175.3 175.7 176.2 176.7 176.9 177.1 177.6
-1 -1 -1 -1 -1 -1 -1 -1 -1 -1 -1 -1 -1 -1 -1 -1 -1 -1 -1 -1 -1 -1 -1 -1 -1 -1 -1 -1 -1 -1 -1 -1 -1 -1 -1 -1 -1 -1 -1 -1 59.9 -1 -1 -1 46.2 55.7 64.2 72.9 74 92.9 97.4 101.7 105 107 99.7 97.2 105.1 112.4 117.5 118.9 107.5 101.3 111.6 97.2 87.2 89.7 71.7 62.2 64.8 75.1 85 103.8 127.2 140.3 148.2 151.6 154.2 156 157.5 158.8 159.9 161.5 163.3 165.5 168 170 172.1 174.5 176.8 177.9 178.6 179 179.1 179.3 179.6 180.1
-1 -1 -1 -1 -1 -1 -1 -1 -1 -1 -1 -1 -1 -1 -1 -1 -1 -1 -1 -1 -1 -1 -1 -1 -1 -1 -1 -1 -1 -1 -1 -1 -1 -1 -1 -1 -1 35.5 52.7 87.4 95.9 73.1 64 86.3 87.1 91 96.6 103.3 116.3 129.7 142.1 141.1 139.2 138.5 135 129.6 130.8 120.8 131.1 134.9 136.2 133.5 138.5 134 123.9 115 116 118.6 119.4 111.7 112.5 123.5 142.8 148 150.6 153.2 155.7 157.7 159.6 160.6 162 163.8 165.8 168.6 171.1 172.9 175.2 177.6 180 180.9 181.4 181.6 181.6 181.8 182 181.9
-1 -1 -1 -1 -1 -1 -1 -1 -1 -1 -1 -1 -1 -1 -1 -1 -1 -1 -1 -1 -1 -1 -1 -1 -1 -1 -1 -1 -1 -1 -1 -1 -1 -1 39.4 52.2 67.1 106.7 106.9 124.5 125.4 120.6 119.3 126.1 135.1 131.8 136.4 143.5 153 156.1 155.1 152.5 151.3 149.3 146.9 144.9 141.4 135.4 136.8 141.1 144.2 147.4 152.7 155.8 155.2 150.4 153.6 145.8 146.4 147.7 147.3 146.7 147.2 150.9 152.9 155.1 157.3 159.4 161.5 163 164.7 166.9 169.6 172.1 174.2 176 178.6 181.1 182.7 183.4 184 184 183.7 183.5 183.3 183.5
-1 -1 -1 -1 -1 -1 -1 -1 -1 -1 -1 -1 -1 -1 -1 -1 -1 -1 -1 -1 -1 -1 -1 -1 -1 -1 -1 -1 -1 -1 -1 -1 40.7 76.4 101.7 108.7 123.9 127.5 133.5 135.7 138 140.2 142.3 146.5 149.9 154.5 159.4 162.1 163.6 162.8 160.2 158.1 156 154.3 152.6 150.7 147.2 143.7 137.6 144.9 148.4 152.3 156 158.6 159.8 160.3 160.1 157.3 155.1 153.9 153.1 151.5 151 153.6 155.5 157.7 159.5 161.4 163.4 165.4 167.4 170 172.6 175.1 177.3 179.2 181.5 183.4 184.7 185.2 185.4 185.2 184.8 184.4 184.1 183.7
-1 -1 -1 -1 -1 -1 -1 -1 -1 -1 -1 -1 -1 -1 -1 -1 -1 -1 -1 -1 -1 -1 -1 -1 -1 -1 -1 -1 58 67.3 71.1 80.2 97.3 109.8 120 128.5 133.1 138 141 144.7 147.6 150.3 153 155.8 158 163.3 167.6 170.8 171.7 171.3 167.5 163.5 159.4 157.3 155.8 154 152.6 148.6 146.2 148.7 152.1 155.2 157.8 159.7 161.1 162 161.6 159.9 158.3 156.9 156 154.4 154 155.7 157.9 159.6 161.4 163 164.9 167 169.2 172.2 174.3 176.1 178.6 180.9 182.7 184.4 185.3 185.7 185.5 185.3 184.8 184.2 183.6 182.9
-1 -1 -1 -1 -1 -1 -1 -1 -1 -1 -1 -1 -1 -1 -1 -1 -1 -1 -1 -1 -1 -1 -1 -1 -1 -1 38 65.9 77.1 94.2 99.5 106.4 110.4 119.7 129 135.6 140.5 145.2 150.2 153.1 156.2 159.6 160.7 162.7 165.4 171.7 178.8 180.7 179.1 177.5 172.6 168.4 164.5 161 157.7 156.5 154.8 153.2 151.8 152.5 154.4 156.8 159.1 160.3 161.3 161.9 161.6 160.9 159.7 158.1 157.1 155.9 155.7 156.9 158.6 160.6 162.4 164.2 165.7 167.8 170.9 172.8 174.6 176.6 178.9 181 182.9 184.4 185.3 185.5 185.3 184.9 184.2 183.3 182.3 181.8
-1 -1 -1 -1 -1 -1 -1 -1 -1 -1 -1 -1 -1 -1 -1 -1 -1 -1 -1 -1 -1 -1 -1 -1 -1 -1 51.2 73.4 91 105.3 111.7 117.6 121.2 127.5 135.2 140.1 146.9 153.4 157.1 159.6 161.4 164.5 168 170.2 174.3 179.5 184.4 184.8 184 181.3 174.9 171.5 167.8 163.6 160.2 158.5 156.8 155.6 154.9 155.1 156.3 158 160 161.4 161.5 161.7 161.2 160.7 159.9 159.1 157.9 156.6 156.3 157.4 159.3 160.9 162.4 164 164.9 167.9 169.9 171.5 173.3 175.8 178.2 179.2 182.8 183.9 184.2 184.1 183.8 183.4 182.5 181.5 180.4 179.9
-1 -1 -1 -1 -1 -1 -1 -1 -1 -1 -1 -1 -1 -1 -1 -1 -1 -1 -1 -1 -1 -1 -1 -1 -1 -1 67.7 92.6 107.4 115.6 121.1 125.7 129.3 133.6 140 144.9 152.9 158.7 162 164.9 168.5 172 174 177.9 181 183.7 185.5 185.4 184.3 181.3 177.5 173.3 168.6 165 162.2 160.1 158.5 157.6 156.9 157.3 158.4 159.8 161.6 161.9 161.8 161.5 161 160.5 160 159.2 158.3 157.1 156.9 158.5 159.8 159.8 161.4 163.6 163.8 165.8 168.1 170.2 172.4 175.6 178.1 178.3 180.4 181.5 181.8 181.8 181.8 181.1 180.4 179.4 178.5 177.9
-1 -1 -1 -1 -1 -1 -1 -1 -1 -1 -1 -1 -1 -1 -1 -1 -1 -1 -1 -1 -1 -1 -1 -1 -1 50.9 81.7 107.1 118.1 123.1 127.5 130.8 132.5 139.6 144.2 149.4 156.5 161 165.3 169.3 172.4 174.8 177.3 181.6 184 185.2 185 184.4 183.1 181.2 177.7 174.1 169.1 165.8 163.5 161.5 159.8 159 157.9 158.6 159.8 161.2 162.1 162 161.4 161 160.8 160.4 159.8 159.4 158.7 158 157.6 158.9 158.5 158.5 159.5 160.2 161.2 163.9 166.6 169.1 171.5 173.2 174.7 176 177.3 178 178.6 178.6 178.5 178.3 177.8 176.9 176.2 175.8
-1 -1 -1 -1 -1 -1 -1 -1 -1 -1 -1 -1 -1 -1 -1 -1 -1 -1 -1 -1 -1 54.8 -1 -1 -1 72.5 94.4 114.4 123.4 128.8 132.5 135.8 139.3 143.1 147.4 152.3 157.8 162.2 165.4 169.1 171.6 174.9 179.1 183.2 184.3 184.2 183.2 182.7 181.4 179.3 176.4 172.7 169.4 166.5 164.2 162.6 160.9 159.7 158 158.8 160.1 160.8 161.5 161.3 160.7 160.3 160 159.8 159.7 159.3 158.8 158.3 157.8 157.9 157.3 156.9 157.6 158.9 160.9 163.4 165.5 167.2 169 170.7 172.1 173.4 174.1 174.6 175.3 175.2 175.3 175.3 175.3 174.6 174.1 173.7
-1 -1 -1 -1 -1 -1 -1 -1 -1 -1 -1 -1 -1 -1 -1 -1 -1 61.1 73.5 79.4 84.2 85.7 -1 -1 70.2 97.3 112.6 121.9 129.9 137.3 140.2 140.3 144 146.9 150.9 155 158.3 161.1 164.1 166.8 169.6 173.1 177.2 180.6 181.4 181 180.8 179.6 178.5 176.5 174.1 172.2 169.4 165.9 164.1 162.7 161.3 159.9 158.2 158.7 159.6 160.1 160.6 160.6 160 159.6 159.3 159.1 159.2 158.7 158 156.6 155.8 156 155.2 154.8 156.8 159 160.5 162.1 163.8 165.1 166.6 168.2 169.5 170.7 171.3 171.8 172.3 172.7 172.6 172.6 172.5 172.3 171.8 171.2
-1 -1 -1 -1 -1 -1 -1 -1 -1 -1 -1 -1 -1 -1 -1 44.4 57.2 71 83.7 90.6 95.7 99.6 102.6 106 109.7 116.2 121.8 131 136.7 139.8 142.6 144.7 147.1 150.2 153.1 155.7 157.7 158.8 161.5 163.7 166 169.6 172.1 174.4 175.8 175.9 176.5 175.7 174.5 173.3 171.2 169.5 167.8 165.3 163.1 161.7 160.6 159.4 157.3 157.8 158.7 159.2 159.4 159.6 159.4 158.9 158.5 158.4 158 156.8 155.7 153.5 152.7 153.6 152.1 153 156 157.6 158.9 160.4 162 163.3 164.5 165.7 166.9 168 168.5 169 169.6 170 169.9 169.8 169.6 169.5 169.2 168.2
-1 -1 -1 -1 -1 -1 -1 -1 -1 -1 -1 -1 -1 -1 -1 -1 49.9 73.3 88.3 95.1 100.6 105.1 109.1 113.8 118.9 123.1 130.1 135.4 139 141.6 144.1 146.5 148.8 151.5 153.8 154.7 155.2 156.3 158.2 160.3 162 163.6 165.4 168.1 169.2 170.6 170.6 169.9 169.9 169 167.9 166.9 165.2 163.4 161.7 160.1 158.9 157.5 155.6 156.5 156.9 157.1 157.4 157.8 157.8 157.6 157.3 157.3 155.9 154.4 153 150.9 150.6 151.1 149.6 152.1 154.1 155.1 156.6 158.1 159.7 160.9 161.9 163 164.2 165.2 165.8 166.3 166.8 167.1 166.9 166.7 166.6 166.5 166.1 164.4
-1 -1 -1 -1 -1 -1 -1 -1 -1 -1 -1 -1 -1 -1 -1 -1 43 51.1 91.6 98.3 103.7 108.9 113.3 117.6 122.7 127.7 130.6 134.1 137.4 140.6 143.4 145.6 147.7 150.5 152 151.8 152.5 153.3 154.8 156.2 157.6 159.3 161.7 162.3 163.1 165.4 165.5 165 164.7 164.3 163.6 163 162.2 160.5 158.9 157.5 156.4 155.6 153.1 154.2 154.4 154.5 154.7 155 155 155.4 155.2 155.1 153.3 151.8 150.2 148.4 148.3 148 146.7 150 151.4 152.3 153.6 155.3 157 158.1 159.4 160.6 161.6 162.4 162.9 163.4 163.9 164.1 163.9 163.6 163.6 163.3 162 160.7
-1 -1 -1 -1 -1 -1 -1 -1 -1 -1 -1 -1 -1 -1 -1 -1 -1 2.4 95 102.6 106.6 111.8 116.1 119.9 123.6 126.3 128.9 131.3 134.2 137.4 140.4 142.3 144 146.5 147.1 147 148.3 150 151.8 152.6 154.8 156.6 157.8 158.4 159.1 160.1 160.6 161.2 161.1 160.8 160.6 159.8 158.6 157.6 156.3 154.9 153.8 152.6 150.7 151 151 151.1 151.4 151.7 151.8 151.8 151.6 151.6 150.2 149.1 147.4 145.5 145 144.8 145.3 147.4 149 150 151.3 152.6 154.3 155.6 157 158.2 159.1 159.7 160.1 160.6 160.9 161 160.9 160.7 160.5 160.3 159.6 158.5
-1 -1 -1 -1 -1 -1 -1 -1 -1 -1 -1 -1 -1 -1 -1 -1 -1 0 100.7 107.2 111.7 115 118.2 120.3 122.1 123.7 126.2 128.2 131 133.7 136.3 138.2 139.5 141.1 142.2 143.1 144.5 145.9 147 148.8 150.8 152.8 153.6 154.5 155.5 156.6 157.2 157.4 157.8 157.4 156.4 155.6 154.6 153.6 153 151.8 150.5 149.7 147.2 147.9 147.6 147.5 148 148.5 148.5 148.6 148.5 148 147.2 146.4 144.8 142.9 142.4 141.6 143.3 145.2 146.9 148.1 149.7 151.1 152.3 153.4 155 155.8 156.4 157 157.3 157.7 157.8 158 158 157.5 157.4 156.5 154.7 152.4
-1 -1 -1 -1 -1 -1 -1 -1 -1 -1 -1 -1 -1 -1 -1 -1 -1 56.6 106.6 110.6 113.9 116.2 117.2 118.4 119.7 120.6 122.3 125.1 127.4 129.4 131.8 133.3 135.1 136.9 138.7 139.8 141.5 142.8 144.1 145.5 147 149.2 150.6 151.6 152.6 153.2 153.7 153.7 153.6 153.8 153.3 152.5 151.1 149.9 149.5 148.3 147 145.2 144.1 144 143.9 143.9 144.4 145.1 145.5 145.8 145.6 145 144.7 143.9 142.3 140.8 139.7 139.6 141.3 143.4 144.9 146.3 148 149.6 150.5 151.2 152.6 153.4 154 154.5 154.9 155.5 155.3 155.1 154.8 154.4 153.6 151.7 148.3 152
-1 -1 -1 -1 -1 -1 -1 -1 -1 -1 -1 -1 -1 -1 46.4 81.5 93.4 103.2 107.1 110.3 113 114.5 115 116 116.4 117.7 119.4 121.4 123.3 125.5 127.4 129.1 130.9 133 135.2 136.6 138.4 139.9 141.3 142.7 144.6 146.3 147.4 148.3 148.8 149.2 149.9 149.6 149.8 149.2 149 148.8 148.1 146.8 145.8 144.8 143.5 141.8 140.3 139.4 139.9 140.7 141.2 141.7 142.3 142.3 142.2 142.4 142.1 141.6 140.6 139.3 137.7 137.7 139.5 141.3 142.7 144.4 146 147.6 148.5 149.3 149.9 151.2 151.5 152 152.2 152 151.7 151.6 151.4 150.8 149.8 147.1 146.9 150.9
-1 -1 -1 -1 -1 -1 -1 -1 -1 -1 -1 -1 32 59.6 84.9 92.2 99.2 102.2 105 107 108.8 110.1 110.2 111.2 112.6 114.5 116.6 118.7 120.5 122.3 124.1 126.1 128 129.8 131.7 133.9 136.2 137.7 138.8 139.9 141.8 143.2 144.4 144.8 145.1 145.3 145.5 145.8 145.6 145 145 145.2 144.3 143.3 142.4 141.2 139.7 138.4 135.7 136.1 136.6 137.4 138.2 138.7 139.1 139.5 139.9 140.3 140.5 139.9 139.1 137.9 136.1 136 137.2 138.8 140.5 142.3 143.9 145.3 146 147 148 148.8 149.1 149.3 149.2 149 148.8 148.7 148 147.6 146.3 142.8 147.2 149.3
-1 -1 -1 -1 -1 -1 -1 -1 -1 -1 55.7 70.7 78.9 87.1 93.2 96.7 100.4 103.2 105.3 105 105.3 105.7 105.8 107.2 109 111.6 113.8 115.8 117.6 119.4 121.1 122.8 125 127.3 129.4 131.6 133.5 134.9 136.2 137.2 138.8 140.2 141.2 141.8 141.9 142 142 142 141.5 141.4 141.8 141.8 141.1 140.2 139.2 138.3 136.9 134.8 132 132.5 133.2 134 134.9 135.5 136 136.4 136.8 137.3 138 137.9 137.5 136.5 134.8 133.6 135.2 136.6 138.6 140.4 141.9 143.1 143.6 144.9 145.5 146.2 146.4 146.4 146.3 146.1 145.8 145.7 145.4 144.6 142.9 143.6 146.5 147.5
-1 -1 -1 -1 -1 -1 -1 -1 -1 -1 71.9 83.9 92.5 96.4 100.6 102.4 104.8 107.3 107.9 106.6 106.9 104.8 104 105.2 106.8 108.9 111.1 113 114.8 116.5 118.2 120.3 122.6 124.8 127 129.1 130.6 131.9 133.2 134.7 135.9 137.4 138.3 138.7 138.9 138.8 138.8 138.8 138.4 138.2 138.6 138.3 137.9 137 136.1 135 133.6 131.7 129.4 129.1 129.3 130.3 131.3 132.1 132.8 133.3 133.8 134.7 135.3 135.7 135.4 134.8 133.6 132.1 132.7 134.8 136.7 138.4 139.8 140.9 141.5 142.4 143.2 143.4 143.5 143.5 143.5 143.2 142.7 142.6 142.5 142 137.7 142 144 145.1
-1 -1 -1 -1 -1 -1 -1 -1 -1 13.3 82.5 92.7 99.3 103.6 106 107.2 108 109.5 109.4 108.7 107.9 105.4 103.2 104 105.6 107 108.3 110.3 112.1 113.7 115.8 117.9 120.2 122.8 124.6 126 127.5 128.7 130 131.6 133.3 134.1 134.9 135.5 135.6 135.9 135.8 135.7 135.6 135.4 135.5 135 134.5 133.9 132.9 131.8 130.6 129.1 127 125.3 125.5 126.6 127.7 128.7 129.5 130.2 131.1 132 132.6 133.1 133.1 132.9 132.3 131.4 130.1 133.2 135.2 136.8 138 138.5 139.3 140.3 140.4 140.8 140.8 140.8 140.7 140 139.5 139.7 140.6 140 137.1 139.7 141.3 142.8
-1 -1 -1 -1 -1 -1 -1 -1 -1 75.1 91.7 99.3 106.1 110.5 114.1 115.7 114.7 112.9 111.7 110 107.8 105.3 103.5 102.5 103.8 104.8 106.3 107.1 109.2 111.3 113.4 115.5 117.3 119.3 121.3 123 124.8 125.7 126.8 128.2 129.1 130 131.3 132 132.4 132.6 132.8 132.6 132.6 132.6 132.4 132 131.6 131 130.1 129.1 127.7 126.4 124.6 121.4 122 122.8 124.1 125 126.1 127.3 128.4 129.4 130 130.5 130.6 130.6 130.6 130.2 127.9 131.1 133.3 135.3 136.2 137.1 137.6 137.9 137.9 138.3 138.1 138 137.9 137.1 136.9 138 138.2 137.7 135.9 137.7 139.7 141.3
-1 -1 -1 -1 -1 -1 -1 -1 15.3 24.7 101.3 109.1 114.3 118.4 122.6 122.9 121.2 117.7 114 111.2 108.3 105 103.1 101.8 101.8 102.5 103.9 105.1 106.9 108.9 111 113.3 115.4 117.2 118.6 120.3 121.4 122.4 123.4 124.1 124.9 126.5 127.6 128.4 128.8 129.1 129.5 129.7 129.7 129.7 129.5 129.1 128.8 128.1 127.2 126.2 124.9 123.6 122.3 119.6 117.1 118.7 120.4 121.8 123.1 124.3 125.6 126.6 127.4 128 127.3 127 128.2 127.6 126.6 130.3 131.9 133.1 134.3 134.9 135.4 136.3 136.2 136.4 136.2 135.8 135.5 135.2 135.1 135.6 136.2 135.6 133.2 136.5 138.4 139.5
-1 -1 -1 -1 -1 -1 -1 2.8 47 60.5 107.7 112.5 118.5 123.7 125.8 126 124.6 121.3 115.6 111.2 107 104.5 102.1 101.3 100.5 100.5 101.5 103.1 105 106.7 109.1 111.4 113.4 114.8 116 117 117.9 118.7 119.5 119.9 121.3 121.9 123.5 124.6 125.3 125.7 126.1 126.9 126.9 127 126.5 126.1 125.8 125.4 124.5 123.2 122.3 121 119.7 117.5 114.4 113.4 116.9 118.6 119.7 121.2 123 124.2 124.9 125.6 125.8 125.6 126 123.8 125.3 128 129.4 130.9 132.1 133.5 134.1 134.6 134.4 134.4 134.2 134.1 133.1 133 133.1 133 133.7 133 130.9 135 136.5 137.9
-1 -1 -1 -1 -1 -1 66.3 86.9 96 102.5 109.1 113.2 117.6 123.2 126.2 126.7 126 121.5 113 107.8 104.5 102.6 101.2 100.1 98.9 98.4 98.7 100.8 102.3 105.4 107.6 110 111.7 112.9 113.2 113.8 114.5 115.3 115 115.9 116.9 118.7 119.7 120.2 121.2 122.2 122.7 123.7 124.2 124.4 123.6 123.1 122.7 122.5 121.3 120.4 119.5 118.5 117.2 115.5 113.1 109.8 112.5 114.8 116.6 118.2 120.2 121.7 122.3 122.9 123.4 123.8 123.3 120.2 122.7 125.4 126.6 128.1 128.4 131.5 132.9 133.1 132.9 132.4 131.9 131.7 131 131.2 131.4 130.9 130 127.1 131.1 133.3 134.9 136.1
-1 -1 -1 -1 -1 56.9 81 90.8 97.9 103.5 107.8 111.9 118.5 126.1 129.9 130.4 130.8 127.5 112.4 105.7 102.4 100.5 99.2 98 96.9 96.4 96.7 97.8 100.7 104.3 106.9 108.7 110.1 110.8 111 111.1 111.3 111 110.6 112.1 113.7 115.2 115.6 116.1 116.7 118 119.6 120.8 121.3 121.6 121.2 120.8 120 119.5 118.7 117.9 117.1 116.3 115.1 112.6 110.6 104.8 108.8 111 112.8 115.7 117.7 119.4 120.1 120.5 121 121.4 120.8 118.4 120.8 121.3 123.7 124.7 127.2 129.7 131.1 131.7 131.5 131 130.1 129.6 128.8 129.3 130.6 127.4 125.3 129.6 131.8 131.5 133.2 134.3
-1 -1 -1 -1 -1 71.9 91.9 96.5 101.3 104.5 108 112.1 118.3 125.6 129.7 130.9 131.3 127.4 118.7 105 99.3 97.9 97 95.7 94.5 93.6 94.4 95.8 100 103.6 105.8 107.3 108.8 108.8 108.9 108.5 106.8 105.7 105.4 106.9 108.6 109.9 110.9 111.2 112.7 114.6 116.4 117.8 118.4 118.8 118.8 118.1 116.9 116.6 116.1 115.4 114.6 113.8 113 111.5 108.8 103.2 105.7 107.6 110.2 113.3 115.6 117.4 118.4 118.8 119.3 119.7 119.2 116.9 118.5 119.5 121.3 123.8 125.9 128 129.4 130 130.1 129.6 128.7 127.5 126.7 127.5 125.1 119.7 127.7 129.3 130.4 130.2 131.4 132.5
-1 -1 -1 -1 66.1 92.8 95.5 98.4 100.6 103.3 106.5 111 114.8 117.9 121.4 125 127.8 124.9 117.5 102.5 96.2 94.2 93.8 92.8 90.9 89.2 91.5 95.8 99.3 103.1 104.9 106.2 106.8 107.8 106.9 106.1 104.2 100.1 99.3 101 103 104.9 106 107.7 108.9 111.3 113.8 115.3 116.2 116.2 116.3 115.5 114.8 113.9 113.9 113 112.2 111.4 110.5 109.2 106.2 100.3 101.5 104.9 107.9 109.5 112.1 115 116.4 117.2 117.6 118 117.6 115.3 115.8 117.7 119.6 122.5 124.7 126.2 127.7 128.3 128.6 128.1 127.4 125.8 124.6 125.5 118 123.7 126.7 127.4 127.9 127.6 127.3 131
-1 -1 -1 -1 88.4 97.2 96.6 97.4 98.8 101.3 103.9 105.9 109.7 111.7 112.5 113.3 118.3 115.8 110.7 97.3 91.2 89.9 89.6 86 82.2 89.6 92.8 95.6 99.2 102.6 104.2 105.2 105.6 105.5 105.3 104.2 101.6 97.1 91.9 95.9 98.5 99.7 100.1 103.3 106 108.5 111.2 113.1 114.1 113.9 113.7 113.3 112.7 111.2 111.7 110.9 109.9 109.2 107.6 106.1 104.1 100.9 99.7 103.6 105.6 106.6 109.4 112.6 114.5 115.4 115.8 115.9 115.3 113.2 113.7 116.9 118.3 121 123.1 124.4 125.6 126.4 126.7 126.5 125.5 124.2 123 120.2 113.5 122.1 124.5 125.5 126.3 123.2 127.3 129.1
-1 -1 -1 -1 100.4 99.2 93 91.2 94.2 98.4 100.9 102.1 103.8 102.8 102.7 103.3 104 103.8 95.7 90.5 86.1 86.1 84.9 78.5 87.6 90.8 93.5 96.5 99.7 102 103.3 104.3 104.1 103.9 103.8 102.8 100.4 96.8 91 91.9 93.9 96 97.1 100.1 103 105.8 108.8 111 112.1 111.7 111 110.5 109.7 109.7 109.5 109 108.2 106.7 104.9 102.3 100.5 96.6 98.3 101.6 104.1 106.2 108 110.6 112.9 113.6 113.7 113.4 112.5 110.8 112.5 115.5 117.8 120 121 121.8 123 124 124 123.9 123.2 122 122.2 117.5 112.3 120.4 121.7 123.9 122.8 113.9 124.8 126
