public/OST50/SN10.asc
ncols 200
nrows 200
xllcorner 210000
yllcorner 200000
cellsize 50
[rows 0 to 37 of 200, columns 0 to 84 of 200]
88.3 97.5 99.1 100.6 101.8 103.3 104.8 106.1 107 107.8 108 108.1 108.7 108.8 107.8 107.9 107.8 108.2 108.8 109.3 109.6 109.7 109.5 108.1 106.2 102.9 98.7 94.1 89.1 86.1 84.1 81.8 80.6 81.8 81.4 78.3 81.6 79.1 77.1 74.5 67.5 58.8 59.8 62.4 63.6 64.7 63 64.2 65.2 66.4 67.3 68.9 71.5 72.1 72.7 73.5 74.1 74.9 76.7 79 80.9 83.1 85 87 89.3 91.4 92.6 93.7 94.9 96.2 97.9 100.6 103 103.4 100.3 97.8 97.1 99.8 102.4 105.6 107.4 109.6 112.2 114.8 116.1
87.6 96.7 97.6 98.6 99.7 101.2 103.2 104.2 104.8 105.2 105 105.4 106 106.1 105.6 105.2 105 105.3 105.6 105.9 106.9 107.2 107.2 106.8 105.7 102.9 99.7 96.3 92.3 88.8 86.7 85.5 85.6 87 88 87.8 88.6 89.8 90.8 91.8 88.3 79.1 72.4 61.7 57.7 59.2 59.6 60.5 61.7 63.6 64.4 64.9 66.6 67.5 68.2 69.4 72.5 72.4 72.6 74.9 77.7 80.1 82.1 84.3 86.5 88.4 89.7 90.6 90.5 92.3 94.7 95.9 96.5 95.5 94.5 94.3 97.5 100 102.6 103.8 105.3 107.8 110.9 113.1 115
85.2 93.2 94.7 95.5 97 98.7 100.6 101.6 101.8 101.6 101.6 102 102.7 103.1 102.4 101.5 101.8 102.1 102.5 103 104.2 104.7 105.2 105.6 104.8 103.7 102.6 99.5 95.1 89.3 90 88.3 89.6 91 90.8 90.8 91.7 93 94.6 94.9 94.4 91.4 85.5 73 55.7 53.2 56 58.3 64.3 69.1 73.3 77.8 76.2 72.7 77.9 89.9 93.1 94.2 95.3 89.1 78.6 77 79.4 81 83.9 85.6 86.7 87 86.4 89.6 90.7 91.4 91.2 91.5 91.4 94.1 96.7 100.2 101.2 100.7 103.3 106.1 108.6 109.8 112
82.7 88.4 90.3 91.5 93.8 95.8 97.6 98.7 98.3 98 98.1 98.5 98.8 98.5 98.1 98.3 99.1 99.8 100.3 100.9 101.7 102.3 102.7 103.2 103.1 102.7 102.3 99.9 97.1 93.9 92.5 92.6 93.4 93.1 92.6 92.6 92.8 94.2 94.7 95 93.7 90.8 84.9 70.1 56.1 52.6 58.7 65.5 72.8 77.1 81.1 84.7 86.8 87.1 88.4 92 95.8 98.1 99.1 98.8 96.7 83.4 77.3 79 80.6 82.5 83.2 83.2 83.2 84 85 86.6 87.3 88.1 90 92.7 95.3 96.5 96.9 96.4 100 102.6 104.5 107.4 110.9
79.8 84.4 85.6 87.4 90 92 93.8 94.7 94.4 94.4 93.8 93.8 94 94 93.2 93.9 95.5 96.4 97.1 98.2 99.3 99.8 100.3 100.7 100.3 100.4 100.4 99 96.9 95 92.5 93.6 94.6 94.8 94.5 94.1 94.2 93.9 93.8 93.4 91.7 89.8 83.2 67.4 55.5 55.8 61.3 67.7 77.6 82.9 85.6 87.6 90.8 91.6 93.4 94.3 97.7 100 101 101.4 100.7 95.6 89.5 81.9 79 79.6 79.9 81.1 82.5 83.5 84.5 85.9 86.7 87.5 88.4 90 90.6 92.6 96.4 98 99.6 101.3 103.4 107 109.9
77.7 79.6 81 83.8 86.5 88.3 89.8 90.4 90.2 89.6 89 89 89.2 89.3 89 90 91.6 92.4 93.8 95.3 96.6 97.4 97.9 98.4 98.6 98.7 98.4 97.7 96 95 93.6 93 93.6 94.1 94.4 94.1 94 93.2 92 91.2 89.5 87.8 84.3 67.1 54.5 55.1 62 69.5 78.1 83.8 88.3 91.5 93.9 95.9 97.4 97.4 100.6 102.1 103.1 103.6 103.2 100.2 94.1 90.3 86.4 84 84.3 84.8 85.6 87 88.3 90.8 94.1 94.4 94.1 93.4 93.7 95.1 96.4 98.7 100.8 102.6 104.9 106.7 108.9
75.2 76.5 77.8 79.8 82.2 84.1 85 85.4 85.6 85 84.4 84.3 84.5 84.6 85.4 86.5 88.1 89.4 90.8 92.3 93.7 95.2 95.7 96.2 96.7 96.9 96.5 96.4 95.5 94.2 92.9 92.3 92.3 92.2 92.2 92.1 91.5 90.8 88.7 86.7 84.4 82.8 80.8 68.4 54.1 54.4 62.4 70.2 77.6 83.2 87.4 90.2 92.6 95.7 98.6 99.9 102.4 103.9 105.2 105.9 105.2 103.2 99.6 95.2 91.3 88.5 88.3 88.9 89.8 91.6 94.3 97.8 101.2 102 101.3 99.6 98.2 98.4 98.5 99.4 100.4 102.4 104.8 106.8 108.8
74.5 73.8 75.1 76.7 78.3 80.1 80.6 80.5 80.9 80.1 80.3 80.2 80.3 81.3 82 84.1 85.6 86.7 87.8 89.2 91.3 93.4 93.9 94.3 94.7 95.2 95.4 95.2 95 93.8 92.5 90.9 90.1 89.8 89.6 88.9 86.8 83.2 78.3 75.6 75.9 74.6 73 65.3 54.2 54.6 61.8 68.9 75.7 80.7 85.2 88.4 91.6 94.7 97.4 99.2 101.5 104.6 106.1 107.2 107.7 105.9 103.5 100.1 97.3 95.8 96.3 95.7 96 98 100.9 103.5 104.3 104.7 104 102.7 101.5 101.7 101.7 101.5 102.6 103.3 105 106.7 108.6
74.4 72.5 72.1 74 75.7 76.6 77.1 77 76.4 75.9 77.1 77.9 78.8 78.8 80.1 81.9 83.2 84.3 85.6 87.1 89 91.3 92.4 92.9 93.3 93.6 94.6 94.4 94.5 93.7 92.4 91.1 91.1 86.9 85.5 83.6 79.9 76.3 72.6 69.8 64.9 60.2 61.7 57.7 52.5 54.5 63 71.1 75 79.1 83.1 86.9 90.5 93.5 96 98.2 100.6 103.5 109 111.3 108.8 108.6 106.9 106.8 105.7 106.5 107.3 106.8 106.8 107.3 108 108.6 109.3 108.3 107.4 106.2 105.3 105.3 104.9 105.2 104.4 105 106.1 107.2 108.6
73.9 71.7 70.5 70.6 72.3 73.1 73.6 73.6 73 73.8 75.1 75.8 76.4 76.7 78.3 79.6 81.3 82.4 83.7 85.3 87.2 89.1 90.4 91.4 91.8 92.3 93.4 93.7 94.1 93.6 92.5 91.2 89.5 88.2 85.1 84.3 83.1 80 76.3 73.4 70.2 65.3 59.5 54.3 50.6 53.7 66.9 74.9 77.6 80.9 83.2 86.5 89.3 92.2 94.7 97.2 99.7 102.6 108.5 110 109.6 111.1 111.5 111.1 112.2 112.2 112 112.3 111.8 111.6 112.2 111.7 111.5 111.6 110.5 109.2 108.8 108.4 108.8 108.8 107.7 106.9 106.7 107.4 109.5
73.6 72 70.1 68.5 68.1 68.7 69.1 69.5 70.3 71.8 72.9 73.4 74.1 74.7 76 77.3 79.6 81.1 82.5 83.2 85.6 87.3 88.2 89.5 90.3 90.9 92 93 93.8 93.8 92.6 91.5 90 88.9 88.5 87.7 86.5 85.2 82.6 79.3 75.1 69.8 63.5 56.2 50.5 53.8 70.9 77.9 79.7 79.9 81.2 83.8 87.1 90.4 93.5 96.5 100 104.3 107.9 110.3 111.5 112.6 112.9 113.1 113.3 113.4 113.4 113.3 113.2 112.8 112.5 113.1 112.8 112.4 112.1 112.5 112.3 112.4 112.7 112.3 110.6 109.2 108.3 109.1 111
75.8 73.3 70.5 68.6 66.6 66.3 66.8 67.5 68.6 70 70.7 71.1 72 73.1 74 75.4 76.7 79 81.4 83.2 84.4 85.8 86.8 87.7 88.7 89.8 91 92.3 93.5 94.2 93.2 92.3 91 90.3 89.9 89.5 88.7 88 84.8 81.2 76.7 71.8 66.7 56.5 47.9 59.4 73.5 75.1 72.9 74.3 77.4 80.1 82.8 86.7 92 96.5 100.6 104.4 107.7 110 111.7 112.7 113.3 113.4 113.6 114 114.1 113.5 113 112.5 112.6 112.1 111.9 112.1 111.8 112.8 114 114.6 115.1 115 113.4 112.1 112.6 114.5 115.2
77.9 75.2 72.7 70 67.5 65.3 64.8 65.8 66.9 68 68.7 69.8 71.6 73.7 75 76.4 78.1 79.2 80.2 81.8 83.1 84.3 85.6 86.6 87.9 89.1 90.4 91.7 93.3 94.2 93.8 93.1 92.3 91.6 91.5 91.9 91.3 89.1 86.1 81.1 75.3 71.3 66.1 55.7 49.1 60.3 66.4 65.8 69.3 72.8 75.9 78.3 80.8 84.1 89.2 94.8 99.1 102.8 106 108.8 110.2 111.3 112 112.2 112.3 112.3 112.5 112.4 111.8 111.1 110.7 110.9 111.2 111.4 111.4 112.4 114.1 115.5 116.2 116.4 116.2 116.5 118.5 120.5 121.6
80.2 76.9 74.4 71.2 68.4 66.1 64.4 64.4 65.5 66.9 68.8 70.9 72.9 75 76.2 78 80 81.8 81.7 82.6 83.9 84.8 85.8 87.3 88.4 89.3 90.4 92.1 93.5 94.7 94.5 94.3 94.1 93.9 94.1 94.1 93.9 92.7 87 82.3 77.7 64.4 62 55 47.8 56.4 61.7 66 72.2 78.3 82 82 81.3 82 86.9 92.2 96.8 101.1 104.4 106.8 108.1 109.2 109.9 110.4 110.6 110.6 110.7 110.5 110.4 110.1 109.9 110.1 110.4 110.6 111.2 112.5 114 115.5 117.2 118.5 120 121.8 123.6 125.3 125.7
83.3 79.9 76.1 72.8 69.7 66.5 63.8 63.7 64.8 67.3 69.6 71.9 74.3 76.3 78.4 81 83.5 84.2 84 83.9 84.6 85.7 86.7 87.9 89.1 90.6 91.6 92.5 93.8 95.6 95.8 95.6 95.4 95.3 95.6 95.5 95.2 94.6 92.6 91.8 87.9 81.2 68.2 52.7 49.4 57 62.3 70.1 75.6 80.6 84.5 85.5 81.3 79.9 83.6 89 93.3 98.4 101.5 104.3 105.6 106.9 107.5 108.1 108.6 108.4 108.7 108.5 108.5 108.4 108.4 108.6 109 109.9 111.6 113 114.4 116.5 118.7 121 123 125.1 126.2 127.3 127.9
86.7 84.2 80.9 77.4 72.9 67.4 63.7 62.3 63.4 67.8 70.5 72.9 75.5 80 85.1 86.5 87.8 87.7 86.9 86.1 86.1 86.9 88.1 89.1 90.6 92.1 92.7 94.5 95.3 96.9 97.9 98.2 98.4 98 97.5 97 96.5 95.6 95.7 95.2 94 88.6 80.1 61 47 54.1 60.5 65.2 69.8 75.7 79 71.7 68.7 74.5 80.1 84.8 89.2 94.2 99.8 102.7 102.2 102.7 102.9 103.1 103.8 104.6 104.6 105.3 105.5 106.2 106.3 107.7 108.6 109.5 111.4 113.4 114.8 117.3 119.8 122.2 124.2 125.4 126.8 127.6 128.3
88.4 86.6 84.3 81.2 77.8 73.4 68.9 62.4 64.8 69 72.5 75.5 80.3 85.7 87.5 92.6 93.5 93.3 92.4 90.5 89.5 89.5 90.7 91.8 92.9 95.9 98.7 99.8 101.1 101.4 101.7 102.3 102.5 102.2 101.7 100.9 98.8 98 97.9 97.8 95.7 92.7 86.5 62.1 46.2 51.2 54.7 59.6 64.1 66.4 61.3 59.8 57.2 59.3 68.4 76.2 84.7 89 92.4 94.6 95.5 95.8 97 98 99.3 100 100.1 100.7 101.3 102 104.2 106.6 108.2 109.1 111.1 113.1 115.1 117.2 119.4 121.4 123.1 124.6 125.8 126 126.8
90.1 88.7 85.9 83.1 80 76.7 72.3 62.2 67.1 73.9 78.4 82.3 86.2 90.3 90.9 96.4 97.9 99 99.2 98.9 99.4 99.1 99.9 101.4 104.7 106.5 107.7 108.5 108.8 108.1 107.5 106.6 106.6 106.6 105.8 104.1 102.5 101.2 99.8 98.4 96.7 93.8 88.6 69.2 46.6 45.4 48.3 52.1 53.1 51.5 51.4 63.3 75.7 76.3 71.9 66 77 82.8 86.6 87.6 84.6 85.3 87.2 88.5 92.2 94.3 95 96.3 99 101.7 104.1 105.8 107.2 108.8 110.6 112.1 114 116.2 118.1 119.9 121.3 122.3 123.2 123.5 124.1
94 92.3 89.3 85.6 81.5 77.3 72.1 60.8 67.9 75.1 78.2 81.9 86.2 90.5 93.5 96.5 98.9 100.4 102.2 103.7 105.2 106.4 107.9 109.6 111.6 113 113.9 114.5 114.9 114.4 113.3 111.5 110.5 110.4 109.3 107.7 106 103.9 101.4 95.7 96.6 94.3 89.8 82.5 59.5 45.6 41.6 43 47.8 55.1 61.8 70.6 81.5 91 92.3 86.8 77.5 72.5 74.4 77.9 82.4 86.9 90.2 92.4 91.6 91.1 93.6 96.3 99.2 102.1 104 105.2 106.6 107.7 109.2 110.2 111.9 113.3 115 116.9 117.8 118.4 120.1 120.4 120.8
95.5 94 91.7 88.5 83.5 75.6 69.2 59.2 67.2 72.8 76 79.5 85 90 94.2 96.9 99.2 101.3 103.3 105.8 107.1 107.9 109.7 110.4 112.1 113.9 115.3 116.7 117.4 117.5 115.9 115.1 114.2 113.3 112.3 110.6 108.5 105.7 102.7 98.9 95 92.7 90.3 83.6 65.6 52.5 51.6 49.3 41 42.3 51.5 64.2 77.4 91.2 98.2 96.9 92.4 88.4 87.6 90.9 89.9 99.4 102.1 103.8 102.5 100.4 98 96.9 99.4 101.9 103.7 104.6 105.6 106.5 107.5 108.2 109.1 110.4 111.6 112.5 113.3 113.8 114.8 115.8 115.9
95.8 94.7 92.7 89.2 84.3 75.6 66.1 57.7 65.3 69.2 72.4 79.6 87.3 91.3 94.3 97.1 99 100.7 102.3 104 105.7 106.7 107.6 108.9 110.5 112.3 114.1 115.6 116.4 116.3 116.1 115.3 114.9 114 113.2 111.8 110.5 107.3 103.3 99.4 95.4 91.3 89.7 82.7 66.2 70.8 67.6 63.1 56.7 44.1 40.3 55.6 69.7 86.3 90.7 90.9 90.4 90.2 91.5 93.6 98.3 101.4 104 105.3 106 105.8 104.3 102.1 101.3 102.3 103.9 104.6 105.2 104.8 104.6 104.8 104 105.5 105.7 105.3 105.1 105.4 105 106 107.3
95 94.2 92 88.4 83.3 72.9 62.4 58.1 63.9 68.2 73.4 80.6 86.4 90.7 93.6 95.7 97.3 98.6 99.8 101.4 103 103.6 104.7 106.1 107.8 109.6 111.4 113 113.5 114.1 114.1 113.4 113.6 112.9 112.1 111.7 110.9 108.7 105.4 101.4 97.3 92.6 87.4 81.6 78.4 85.5 84.7 80.2 72.4 56.7 39.7 46.7 61.5 75.4 80 80.6 81.9 84.3 87.1 90.1 93.3 97.3 102.1 104.5 106.2 107.1 107.1 106.6 105.9 105.5 105.4 105.9 105.7 104.1 99.3 97.9 96.5 96.4 96.8 95.8 94.7 95.8 95.4 94.4 95.8
93.9 93.2 90.5 84.5 81.1 69.3 57.9 59.4 63.7 67.3 73.6 80.5 84.7 88.9 91.9 94.1 94.9 96.2 97.4 98.8 100.2 100.7 101.8 103.7 105.1 106.9 108.4 109.7 110.2 110.6 110.2 109.8 110.4 110.2 109.7 109.3 109.4 108.4 106.4 103.3 97.2 94.8 89.7 85.3 85.8 88.1 87.2 85 79.3 67.8 49.8 37.8 50.8 64.8 69.5 71.5 74.1 76.6 79.9 83.3 89.5 94 99.1 102.1 104.7 106.1 107.5 108.7 108.9 108.9 108.5 108.2 108.1 107.3 105.9 100.8 94.8 86.2 87.5 87.5 85.2 84.2 83.5 85.4 87.4
90.7 89.5 87.9 83.4 75.3 68.9 56 59.2 63.4 67.8 74.5 80.4 84.1 88.1 90.3 92.2 92.6 93.8 95 96.3 97.4 98.6 100.2 101.9 103.9 106.2 107.3 107.8 108.3 107.9 107.4 106.2 106.3 105.8 105.3 104.2 105.6 105.5 104.6 103.7 99.7 96.7 91.5 89.1 87.4 86.4 85 82 77 69.3 56.8 38.2 43.7 55.8 61 64.8 67.7 69.5 72 77.5 85.8 91.1 96.2 99.3 102.4 104.2 106.5 107.7 109.3 110 110.4 110.3 109.3 108.2 107 106.3 103.8 98.6 89 80 79.3 80.6 86 91 93.9
84.9 83.1 82.3 75.7 67.6 59.6 54.8 59.5 63.9 70.1 76.4 81.2 83.9 86.8 88.7 90.1 90.4 91.4 92.6 94 96.1 98.4 100.3 101.6 103.1 105 106.4 106.8 107.1 106.5 105.7 104.1 102.4 101.5 100.5 99.2 99.9 100.5 100.8 100.9 99.3 98.4 95 91.4 87.5 82.9 79.6 75.3 68.8 61.6 50 37 40.3 48.9 53.8 57.1 60.1 62.7 66 76.6 85.9 90.4 93.8 97.5 100.4 103 105.4 107 109 110.4 110.4 110.1 109 108.2 106.9 105.6 104.2 102.4 98.2 89.6 79.7 83.3 90.6 93.4 97
78 75.6 71.8 65.9 58 54.1 54.2 59.1 63.6 70.3 76.5 80.7 83.9 85.5 86.7 87.6 88 89.2 90.6 93 95.3 97.4 99.3 101.1 104.1 105.6 106.2 106.4 106.6 106.2 105.2 103.9 102 98.7 96.2 94.8 94.5 94.4 95.6 96.4 96.9 96.5 96.6 94 89.5 82.3 74.6 70.1 64.2 56.8 47.9 36.5 38.3 43.8 47.1 50 53.9 56.8 64.2 80.2 86.6 91.4 95.7 98.9 102.3 104.9 107.3 109.8 111 111.4 110.7 108.8 106.3 104.6 103.6 102.7 102 99.9 96.6 88.8 85.3 89.7 85.3 89.2 94.4
68.3 66.8 62.6 56.5 52.5 52.5 56.1 61.6 66.2 71.3 76.8 79.9 83.5 83.9 84.8 84.7 85.8 87.9 90.7 93.5 95.7 98.1 99.9 101.9 105.4 104.6 106.2 106.3 106.1 105.3 104.3 103.3 101.6 98.9 97 93.8 91.5 90.1 90.4 91.8 94 95.6 97.1 96.3 92.9 87.5 82.2 79.2 74 66.3 54.9 40.1 34.9 39.2 42.3 45.1 48.6 51 67.3 77.2 82.8 87.8 92.6 97.6 102.3 106.9 111.5 114.3 114.9 114.5 112.7 109.6 105 100.1 98.5 97.5 96.4 95.2 91.3 87.7 84.2 78.4 83.8 86.8 92.1
66.4 60.8 54.8 50.2 50.3 53.7 60.6 64.7 68.6 73.1 76.8 79.2 81.4 82.2 81.5 81.4 84.3 86.5 89.7 93.2 96.1 98.6 100.4 102 103.3 104.7 104.8 105.1 104.7 103.9 103.1 101.8 100.5 99.6 98 96.1 91.7 90 85.8 88.5 89.7 92.8 96.5 97.6 96.4 94.1 89.5 85 80.1 75 66.6 49.2 33.7 36.3 38.8 41 43.4 49.2 61.5 69.6 75.3 87.4 94.6 98.5 101.5 106 110.4 112.6 113.9 113.1 111.3 107.8 102.7 96 90.9 90.1 90 89.3 87.2 77.4 71 79.7 86.7 90.9 96
63.6 59.6 54 49.1 51.8 57.6 63.1 66.8 71 73.9 76.7 78.6 79.9 80.9 79.8 80.5 82.6 85.4 89 92.5 95 97.1 99.1 100.5 102 103.1 103.5 102.8 102.3 102.3 101 100.3 99.9 99.7 98.7 96.6 91.4 90.8 85.2 83.6 87 90.3 94.6 97.3 98.2 97.5 95.6 92.2 86.2 84.5 75.3 61.7 42.2 32.4 35.7 37.6 39.8 46.1 60.7 74.4 82.6 90.2 95.8 100.6 104.6 107.7 109.9 111.1 112 110.9 109.9 106.2 100.6 93.6 86.6 82.5 82.4 86.1 72.7 65.6 74.4 82.7 88.9 94 98.9
60.7 56.3 50.8 48.9 52.6 59.2 63.5 67.8 72.3 75 76.4 77.6 78.5 79.9 78.5 77.4 81 83.7 86.3 89.5 92.7 95.4 97.1 98.8 100.3 101 100.7 100.2 100.1 99.6 99.9 99.3 98.7 98.7 97.8 96.1 93.6 89.5 83.1 80.9 85.9 88.3 92 95 97.9 99.7 99.1 96.5 92.7 91.2 87.7 79.5 62.9 39.7 32.8 34.1 37.1 47.8 65 77.6 83.3 89.3 95 99.9 104.1 107.2 109.7 109.9 110 109.7 108.2 105.6 101.8 95.7 88.6 83.3 84 71 60.5 72.3 79.7 88.2 92 95.2 101.2
59.7 54.9 49.9 49.7 54.4 59.1 63.3 67 70.9 73.3 75.1 76.2 77.2 78.1 78.4 75.5 78.4 81.2 83.9 86.5 89.3 91.9 94.3 95.8 97.3 98.6 98.5 98.1 98.9 99 99.3 97.3 97.6 97.7 96.8 95.2 92.4 87.4 80.9 79.1 83.2 86.2 89.5 92.6 96.5 98.8 100.5 99.6 96.8 94 95.3 91.3 78.6 59.3 35.9 31.7 33 36.9 58.4 73.3 79 85.4 91.8 96.8 101.6 104.9 107.3 107.8 108 107.7 106.4 104.3 101.4 98.8 92.4 82.3 76.9 66.6 57 66.8 78.9 92.2 97.5 99.4 104.7
58.6 53.7 47.9 50.3 55.1 59 62.1 65.7 69.1 71 72.6 73.6 74.7 75.5 75 71.9 74.9 77.9 81 82.9 85.5 88.2 90.6 92.3 94 94.1 94 93.5 94.2 94.3 95.3 95.9 95.9 96.6 95.9 94.2 90.9 86 79.3 76.3 79.4 82.9 86.3 89.8 94.2 97.2 99.9 101.2 100.5 100.4 99.6 97.5 91.6 76.1 56.4 33.5 31.8 35.1 49.3 65.8 72.7 80.9 86.4 92 96.6 100.5 103.2 104.4 104.9 104.5 103.6 101.8 100.1 98.8 79.8 93 83.6 70 61.9 59.1 74.2 93.8 99.9 103.4 106.6
55.6 48.4 47.1 50.2 53.8 57.6 61.6 65 66.8 68.5 69.6 70.6 71.6 71.7 70.6 67.2 71.1 74 77 80.2 82.4 84.6 86.8 88.2 89.2 89 89.6 89.5 89.6 90.7 93.7 93.9 93.6 94.2 94.4 91.9 88.7 84.7 77 75.4 76.1 79.5 82.9 87.2 91.1 95.4 98.9 101.8 102.1 101.7 101.1 100.2 97.4 88.8 70.2 49.9 31.1 32.8 39.3 56.1 65.7 74.1 79.8 84.9 89 92.1 95.9 98.5 96.5 95.7 97.6 97.8 96 76.8 94.8 93.8 89.6 77.8 66 57.3 72.2 93.1 101 103.9 107.1
51.1 46.5 48.1 51.1 54.6 59.9 61.2 62.8 64.2 65.3 66.6 67.5 68.2 68 65.3 64.2 67.1 70.3 73.8 77.1 79.2 81 82.3 83.1 84 84.6 85.3 85.5 85.7 87.4 89.1 90.3 91.4 91.8 91.8 89.5 86.2 81.3 75.2 71.8 72.7 77.1 81 88.8 89.9 95.2 99 101.9 102.1 102.7 101.9 100.4 97.9 92.3 80.8 61.3 41.4 28.5 34.3 49.9 57.8 65.4 71.4 75.8 79.4 83.5 89.8 91.9 89 86.2 88.5 89.6 82.7 88.2 91.7 91.1 88.1 80.9 66.4 56.5 72.5 91.9 99.8 103 105.3
45.7 48 50.3 53.2 57.1 59.8 60.1 60.5 61.4 62.6 63.5 64.3 64.2 62.5 60.7 60.7 63.9 67.4 70.8 73.9 75.6 77 78.4 78.4 80 80.8 81.4 81.5 82.2 84.5 86.6 87.7 88.9 88.8 88.4 87 84 79 72.9 69.8 71.3 75.1 78.7 83.7 89.3 95.1 99.5 103.1 104.1 103.5 101.8 99.3 95.4 88.7 71.3 56.8 44.9 35 29.9 41.8 50.9 59.1 67.2 71.5 74.1 75.7 82.3 87 83.3 79.6 78.7 79.4 71.2 83.9 87.6 86.7 84.6 78.9 65.6 54.3 73.3 90 95.7 99.8 102.1
46.3 49.7 51 54 57.6 58.2 58.3 58.7 59.2 59.8 60.3 60.7 59.3 58.1 57.8 58.8 61.7 65 68.1 70.3 71.7 72.9 74.5 74.4 75.8 76.7 77.6 78.3 81.2 82.3 84.4 86.1 87.1 86.1 85.4 83.7 80.7 76.4 71.2 68.3 70.4 73.5 77.3 83.3 89.2 95.2 100.5 104.3 105.1 104.5 101.5 97.5 91 83.8 78.5 70.9 57.6 41.3 29.5 33.7 43.8 55.4 66.6 71.9 73.6 73.8 76.1 85 82.4 75.5 71.6 68 70.6 72.6 75.8 80.4 79.5 73.6 60 57 77.9 87.8 93.7 97 99
46.2 48.3 50.9 54.9 56.6 56.6 56.4 56.9 57.3 57.5 57.8 57.4 56 54.5 55.4 57 59.8 62.2 64.5 66.6 68 68.6 69.7 70.6 71.6 72.8 75.6 78.1 78.6 80.3 82.1 84.2 84.2 83.9 82.5 80.3 77.2 73.1 68.8 67.1 68.1 71.1 75.6 82.2 88.7 95.2 101.1 106 107.1 106.1 103.6 99 94.8 93.3 88.9 80.7 69.6 46 32.7 27.8 37.6 45.6 59.5 65.7 69.9 71.2 71.8 82.2 82.9 77.9 69.8 64 63.9 65.9 70.2 73 73.3 66.3 50.7 62 77.6 85.8 91.8 94.8 96.8
44.7 47.1 52.2 54 54.9 55.1 54.6 55 55.2 55.4 55.8 55.3 54 52.8 53.4 55 57.5 59.4 61.1 62.9 64.2 64.6 64.9 66.4 67.2 69.8 72.8 75.5 76 77.8 78.9 79.9 79.6 80.1 79.8 77.3 73.8 70 67.5 65.4 66.3 68.9 73.6 80.7 89.1 95.5 101.8 107 109.3 107.5 105.3 102.7 100.7 97.3 92.9 85.7 76.5 56.5 37.2 29 31.6 38.4 46.2 56.8 60.4 66.1 63 79.3 81.9 80.3 62.7 64.2 58.2 59.7 63.9 66.5 66.2 57.5 47.1 64.6 78.6 85.2 89.7 92.8 93.3
