public/OST50/SN10.asc
ncols 200
nrows 200
xllcorner 210000
yllcorner 200000
cellsize 50
[rows 38 to 75 of 200, columns 0 to 84 of 200]
45.1 48.6 51.2 52.9 53.4 53.6 53 53 53.1 53.4 53.7 53.1 52.1 51.1 51.9 52.9 55 56.8 58.5 59.1 60.2 60.8 61.2 61.7 63.3 66.1 69.2 70.4 72.7 74.7 76.5 77.2 77.2 77.4 78 76.2 72.8 69.1 66 63.7 64.7 66.7 71.8 79.1 87.3 94.7 100.5 105.5 110 109.8 108.3 107.7 105.2 101.8 96.4 89.8 82.4 64.6 42.3 34.4 27 33.7 39.1 48.4 48.8 58.3 58.8 70 77.3 76.5 62.1 68.3 53.2 53.9 57.5 60.2 57.5 47.8 51.3 68.6 80.7 87.1 90.1 90.7 89.5
46.1 48.1 50.4 51.5 52 52.1 51.5 51.8 51.8 51.7 51.8 51.6 49.8 49.4 50.1 51.1 52.4 54.1 55.2 55.7 56.4 57.1 57.2 58.8 60.5 63.3 65.3 67 69.3 70.7 74.2 74.9 75.5 75.9 75.8 74 71.3 67.6 64.5 62.9 63.5 65.2 70.5 77.3 85 89.2 97.5 102.3 106.2 106.8 108.7 109.2 107.7 105.4 99.8 92.9 86.9 70.9 49.9 41.6 31.9 27.9 29.1 34.5 43.1 48.2 53.4 62.7 67.6 64.2 66.9 65.9 50.4 46.8 50.4 54.1 50.7 38.6 57 73.3 83.2 89.9 91.2 89.5 86.1
45.9 47.5 48.8 49.8 50.3 50.4 49.8 50 50.4 50.5 50 49.4 48.7 47.7 48.4 49.3 50.1 51.3 52 54.3 53.1 55.1 55.1 56.3 58.2 60.1 62.2 65.2 68 70.4 72.8 74.5 75.3 74.9 73.6 72.1 69.7 66 63.1 61.5 62.2 63.9 67.3 73.7 80.4 87.3 93.7 98.2 101.1 102.9 105.1 106.6 106.5 105.2 101 93.4 87.1 78.7 69.2 51.8 37.9 28.8 25.3 24.4 32 42.8 47.4 56.1 59.7 54.8 57.5 54.4 42.7 40.7 43.2 45.6 40.2 40.2 58.4 74.4 82.1 86.1 86.4 85.3 81.1
45.1 46.5 47.3 48.1 48.2 47.8 47.4 46.9 46.9 48.1 47.6 47.1 46.8 46.3 47 47.8 48.6 49 49.5 50.7 52.6 54.9 56.5 54.5 56.4 58.3 61.1 64.3 67.3 69.1 70.6 72.9 73.9 72.6 68.7 67.7 68 64.2 62.2 60.5 60.9 62.8 65.2 69.7 75.8 81.2 88.1 92.2 95.9 98.4 100 102.4 104.6 104.2 100.3 93.7 91 87 79.2 63.6 47 34.5 26.2 23.9 24.3 35.6 38.4 49.3 51.7 52.2 48.7 45.7 37.6 33.8 36 38.9 33.3 40 55.8 69.2 76.2 79.5 80.7 80.2 76.9
44.1 45.6 46.3 46.7 46.5 46 45.6 45.1 45.4 46.2 46.1 45.1 44.7 45.1 45.8 46.5 47.3 48.3 48.7 49.1 49.7 51.3 53.1 53.8 55 56.9 59.2 62.4 64.9 66.7 69.2 71.8 73.6 72.4 69.8 67.8 67.1 66.6 62.9 60.1 59.2 61.2 63.8 67.6 71.9 75.9 81.9 84.6 88.3 91.6 95 101 103 103.5 101.5 99.2 95.2 90 84.4 76.1 61.2 44 32.4 26 23.4 22.7 27.2 43.2 46.4 43.7 40.1 35.7 33.3 28.6 32 34.3 29.9 37.1 52.2 63.8 70.4 74.3 74.6 73.5 71.7
43.1 44.6 45.3 45.2 45 44.7 44.4 43.6 43.7 43.6 43.9 43.2 43.5 44.1 45 45.7 46.5 47.6 48.5 50.7 51.8 52.8 54.4 55.9 56.5 56.4 57.6 60.1 62.3 64.7 67.7 71.6 73.8 73.7 72.5 70.7 69 67.2 64.3 59.5 58.1 59.7 62.4 65 67.6 70 73.6 77.4 81.4 87.1 93.7 98.8 100.8 101.2 100.6 99.2 96.4 91.5 86.5 80.1 72.5 57.6 44 32 26.2 23.2 23 31.3 47.2 36.1 32 27.3 24.3 23.9 25.3 23.8 27.7 36.2 48.3 57.2 64.5 68.2 68.3 68.7 66.7
42.3 43.6 44 43.7 43.4 43.2 43 42.4 41.7 41.8 42.5 43.3 44 44.6 45 46.5 47.7 49.4 51.3 52.5 54.2 56.8 59.4 60.4 60.5 60 59.2 59.9 62.2 64.9 67.9 73.5 77 78.2 76.3 72.9 68.7 64.7 61.4 58.6 57.3 58.3 60.2 62.2 64.4 67.1 71.9 81.7 83.4 88.2 92.9 96.4 98.6 98 97.5 95.6 93.2 90.2 85.7 81 75.9 69.4 62.3 48.6 33.9 27.8 25 29.4 44.9 29.7 24.2 18.9 17.3 19 20.4 20.3 24.5 34.8 43.1 50 56.1 59 64.4 68.2 67
41.5 42.6 42.5 42.2 42.1 41.7 41.2 40.8 41 41.6 42.2 42.9 43.8 44.7 45.8 47.6 49.6 50.8 53.3 55.5 59 62.1 65 65.4 64.7 64.1 63.6 61.7 63 65.9 68.9 74.5 80 82.2 79.1 75.1 70.7 64.9 58.3 56.9 56.5 57.6 58.9 60.7 62.9 65.1 70.5 77 82.7 87.1 91.4 93.2 93.5 94.7 94.6 93.1 91.1 87.7 83.2 79.5 77.1 73.2 67.1 59.4 44.5 32.4 26.6 35 37.1 21.3 19.3 18.3 17.6 15.1 16.5 17.3 23.3 28 34.8 40.1 43.3 50.5 59.7 64.5 65.4
40 41.4 41.6 41.5 41 40.5 40.1 40.2 40.5 41.5 42.6 42.9 43.3 43.9 45.8 48.1 50.3 51.6 55.3 59.7 63.9 67 70.8 72.1 70.9 67.8 64.9 63.4 64.3 66.7 69.9 76.8 81.5 83.3 82.8 77.9 71.6 64.3 58.3 55.3 55.7 56.5 57.5 59.2 60.9 63.1 66.8 73.3 79.6 82.6 86.9 88.6 89.8 91.5 91.6 91.1 89.8 86.3 80.1 76.1 71.6 70.2 67.1 59.8 46.5 35.5 27.6 41.3 29 21.5 22.3 24.1 22.9 20.6 20.4 16.2 16.1 15.8 17.8 28.7 32.4 38.9 48 57.2 59.1
37.8 38.6 39.7 39.7 39.4 39.2 39.5 39.7 40.3 41.4 42.5 43.3 43.6 43.4 45.4 47.4 49.4 51.8 55.6 59.8 64.2 67.6 70.7 72.5 72.4 70.7 68.3 67 65.2 68.6 72.8 77.6 81.2 83.2 82.9 78.9 73 64.7 58.1 54.2 54.9 55.8 57.8 58.6 60.3 63.5 67.1 71.4 76.2 79.4 82.6 84.1 85.7 87.7 88.8 90.2 89.2 87.1 81.6 72.6 65.4 62.7 61 56 43.6 34.2 28.2 42.3 28.8 33.4 39.3 42.9 39.2 32.8 22.5 17.3 15 14.2 14.8 15.7 24.7 28.7 35.6 43.7 51.4
35.1 35.9 37.1 38.1 37.7 38.7 39 39.2 40.1 41.3 42.4 43.5 44 44.3 45.1 46.9 48.5 51 54 57.9 61.4 64.6 67.8 71 70.7 71.1 70.6 70.6 68.7 71 74.5 77.8 80.3 82.4 82.1 80.5 74.1 64.9 57.9 54.5 54.1 56.2 58.3 59.3 61.7 65.7 70.2 75.3 78 79.7 81.4 82.3 82.2 84.8 87 88.4 88.1 87.3 82.1 73.6 61.7 54 51.2 47.4 38.4 31.8 33.8 40.5 36.7 46.1 54.3 54.8 50.3 41.5 32.4 26.2 23 15.1 13.7 13.9 15.2 19 24.3 31.8 35.8
35.7 34.4 36 37.6 36.4 37.6 38.5 38.7 39.1 40.4 41.8 42.3 42.8 43.1 44.3 46.1 47.9 49.3 52.3 55.2 58.1 61.1 64 67.2 66.6 67.1 67.9 68.6 69.5 71.6 74.4 78.1 79.8 81.4 80.6 78.7 72.5 64.7 56.9 54.3 54.3 56.7 59 61.2 63.4 68 73.7 79.6 82.2 81.7 81 79.2 78.6 82.3 84.8 85.6 86.3 84.9 82.1 76.1 63 49.1 46.2 45.2 42 30.8 40.6 42.2 44.8 58.9 61.4 60.2 54.9 46.3 38.4 35.4 31.2 27.9 17.3 13.1 12.7 13.1 15.3 20.6 21.6
37.2 36.5 34.1 35.8 35.3 36.1 37.4 38.1 38.2 39.5 40.2 40.8 41.5 42.4 43.5 45.3 46.7 48.2 50.3 52.6 55 57.6 60.2 61.7 63 63.8 65.4 66.3 68.9 72.2 75.4 77.6 79.4 79.7 78.9 77.5 72 64.8 57.7 53.9 53.7 56.4 59.1 61.9 64.9 69 73.5 78.5 81.5 82.3 79.4 77 75.9 79.1 80.6 81.6 81.9 80.3 78.7 71.3 55.3 50.5 49.1 40.3 37.5 36.4 44.9 44.8 56.4 65.1 67.5 66.4 60.2 54 50.2 45.9 41.6 34.2 28.4 23.8 13 12.1 12.2 13.9 15.5
39.2 37.9 37.7 36.4 35.5 36.3 35.4 36.7 37.4 38.1 38.8 39.6 40.5 41.5 42.7 44.1 45.5 46.9 48.3 50.3 52.3 55 57 58.1 57.7 58.7 61.1 64.2 69.3 74.4 77.6 79.6 79.9 78.3 77.2 75 70 63.7 55.9 53.8 52.6 54.3 57 59.6 62.5 65.9 68.8 75.3 78.7 80.8 79.5 76 74.4 75.5 77.1 77.7 77.7 75.8 72.9 61.4 58.1 62.9 70.4 54.6 49 47.4 47.7 50.3 64.4 70.2 73 72.9 70 66.9 62.5 57.5 51.4 42.8 36.7 34.1 27.4 15.4 11.5 12.7 24.8
42.8 41.3 40.1 38.2 37.7 37.8 37.5 36 36.3 36.8 37.8 38.6 39.6 40.9 41.9 42.8 44.2 45.6 46.9 48.4 50 52.2 53.6 53.9 53.8 54.6 56.8 60.7 66.5 71.4 74.7 77.8 78.1 76.7 74.9 72.2 66.9 60.7 55.3 52 51.3 52.5 53.9 56.1 58.8 62.7 66.8 71.7 76.8 78 78.5 75.2 73.1 73.3 74.7 75.5 75.2 72.7 67.2 64.6 73.1 77.7 78.4 74.4 67.8 55 60.8 57.8 64.6 70 75.7 78.7 79.3 76.6 73.7 69.2 59.5 53.8 48.2 40.4 32.2 17.4 12.1 10.6 19.3
46.6 45.3 43.4 42.8 42 40.1 39.3 38 37.4 37.8 37.1 37.7 39.4 40.3 41.4 42.3 43.3 44.2 45.4 46.8 48.4 49.6 50.6 50.9 51.1 52 53.8 57.1 62.2 66.6 70 72.1 72.5 71.5 70.2 67.6 63.6 57.7 54.2 51.7 50.4 51.5 52.5 54 57.1 60.7 64.7 70 73.4 75.8 75.6 73.5 70.9 71.7 73.6 73.9 73.4 72.1 72.5 72.9 78.2 81.3 81.5 80.2 75.8 52 74.1 68.9 67.9 75.9 82.2 86.9 86.7 84.9 82.3 76.4 71.3 66.4 57.9 48.2 38.4 19.5 12.5 12.6 16
50.8 49.5 47.2 45 43.6 42.2 41.2 40.1 38.9 38.2 37.8 37.3 38.9 39.8 40.8 41.7 42.4 42.9 44 45.2 46.5 47.6 48.3 48.7 49.2 49.7 51 53.5 57.6 60.7 63.8 65.1 65.7 64 62.4 62.6 59.9 54.8 52.3 50.9 49.9 50.7 51.8 52.9 55.7 59 62.9 66.2 69.2 70.1 70 67.8 67.8 72.1 74 75.2 75.9 74.8 74 75.5 78.2 80.5 82.4 82.8 61.1 73.9 82.1 80.9 78 83 88.8 91.6 90.8 90.4 88.8 84.6 79.8 73.4 66.8 52.4 38.1 21.2 13.6 13.4 9.6
53.9 53.3 51.7 49.2 46.4 44.1 42.1 40.8 39.5 38.7 38.3 38.1 38.4 39.4 40 40.7 41.3 41.8 42.7 43.7 44.7 45.7 46.3 46.8 47.3 47.7 48.4 49.7 52.2 54.3 56.4 59.1 59.1 58.5 57.2 55.7 55.1 52.7 50.9 50 49.8 50.4 51.4 52.6 54.8 58.1 60 61.9 65.2 65.2 65.5 66.4 69.9 72.3 75.1 77 77.6 77.1 76.4 77.7 79.4 81.4 83.2 78.3 57.7 86.1 86.3 86.5 84.6 88.3 93 92.5 93.5 94.1 92.4 89.4 83.3 75 62.9 48.7 27.5 17.5 15 14.3 12
53.9 54.3 53.6 51.5 48.7 45.5 43.2 41.5 40.1 39.3 38.9 38.8 38.8 39.4 39.6 39.7 40.2 40.9 41.3 42.1 42.9 43.7 44.3 44.8 45.4 45.8 47.2 47.8 49.3 50.4 52.5 53.9 53.9 53.7 52.8 51.4 50 50.1 49.4 49 50.1 50.9 52.3 53.1 54.8 57 58.7 60.2 60.7 61.4 62.5 64.2 67.6 72.5 76.1 79.8 81.1 80.7 78.6 78.5 79.6 81.3 83.5 64.8 81.1 85.8 85.8 87.6 88.3 90.8 93.2 93.6 94.7 95.4 93 88.9 80.5 65.3 53.8 49.1 27.7 19.6 15.3 9.3 11.3
52.1 52.9 52.8 52 49.8 46.8 44 42 40.7 39.8 39.7 39.5 39.4 39.6 39.8 40 40.4 40.5 41.2 41.3 42.5 43.1 43.4 43.7 44 44.3 45.6 46.5 47.1 47.7 48.5 49.6 49.8 50.2 49.6 48.9 48.9 48.6 48.2 48.6 50.6 51.5 52.9 54.4 54.9 56.2 57.5 58.5 59.4 59.5 60.5 62.5 66.4 71 75.1 78.8 80.4 80.3 78.3 77.8 78.7 79.8 73.9 63.3 83.2 82.9 83.7 85.8 88.2 90.9 93 93.8 94.6 94.6 94.1 90 77 63.5 56.6 52.5 39.5 23.1 20.2 15.1 9.2
49.4 50.5 50.3 49.8 48.4 45.8 43.4 42.1 40.9 40.5 40.4 40.3 40.1 40 40.3 40.6 40.9 41 41.1 41.6 42.4 42.7 43 43.4 43.6 43.5 44.1 44.9 45.1 45.6 46.2 46.5 46.4 46.8 46.7 47 47.6 47.9 48 49.6 50.5 51.5 53.6 54.6 55 54.9 55.6 56.6 57.1 57.9 59.6 61.4 64.8 68 73.9 77.2 78.9 78.6 76.9 76.4 77.2 77.8 66 80.4 79.5 78.1 80.1 83.8 86.6 88.8 91 92.5 93 92.7 92.9 91.4 84.2 74.8 68.1 62.2 54.2 43.6 28.7 15.2 8.5
47.1 48.3 48.2 47.6 46.3 44.1 43.1 42 42 42.2 41.5 41.4 41.3 40.7 40.8 41.2 41.4 41.6 42 41.7 42 42.4 42.8 43.2 42.9 42.8 43.6 44.5 44.5 44.4 44.8 44.9 45 45.6 46 46.6 47.2 47.4 48.4 49.9 50.3 51 52.8 54.1 54.1 53.7 54.7 55.6 56.6 57.4 58.7 61.3 65 67.9 72.3 74.9 76.8 76.5 75 75.6 76.5 67.8 77.5 77.9 76.5 73.6 76.7 81 83.7 86.2 88.1 89.1 89.4 89.3 89.7 89.7 88.9 86.4 80 73 66.5 56.5 42.3 25.2 7.3
44.5 46.5 47.1 46.1 44.5 43.6 43.1 42.7 43.5 43.9 43.6 43.4 42.5 41.7 41.5 41.7 42 42.4 42.7 42.7 42.6 42.7 42.6 42.7 42.7 42.9 43.5 44.5 44.5 44.2 44 44.2 44.5 44.9 45.5 46.5 46.8 47.3 48.2 48.9 49.8 50.7 51.4 52.6 52.4 53.2 54.1 55.1 56.1 57.1 58.8 62.2 65.3 67.7 70.3 72.1 73.6 73.5 72.2 74.5 68.1 76.1 77.3 76.3 74.5 70.4 73.2 77.5 80.9 83.8 85.3 85.6 84.7 85.3 86.5 88.3 88.2 87.8 86 81.2 74.5 65 53 36.1 21.7
42.5 44.8 46.1 44.9 42.9 43.4 43.8 43.9 44.9 46 46 44.9 43.5 42.7 42.5 42.7 43.2 43.7 44.1 44.1 44 44 44.3 44.2 43.4 43.6 44 44.8 44.5 44.3 44.1 44.5 44.9 45.3 46 47.2 47.5 47.5 47.5 48.3 49.3 50.2 51 51.2 52.2 52.8 53.6 54.6 55.6 56.4 58.2 60.4 62.9 65.3 67.2 68.9 70 70.2 69.5 68.2 74.1 75.5 75.5 74.4 72.4 67.3 70.2 75.8 80 82.2 82.1 80.8 79.8 81.6 83.5 86.1 86.4 85.8 84.3 82.5 79.2 72.9 63.9 50.6 36.6
40 42.3 43.3 43.6 42 42.1 43 44.5 45.5 46.5 47.2 45.2 44.3 43.8 43.8 44.2 44.6 45.2 45.6 45.8 45.7 45.7 46.4 45.8 44.8 44.9 44.9 45 44.6 44.8 45.1 45.2 45.4 46 46.8 47.3 47.5 48 48.2 48.5 49.2 51 51 51 52.3 53 53.1 54 54.8 55.7 57.1 58.7 60.1 62.8 63.9 65.5 66.3 65.4 66.8 69.2 70.9 72.1 71.6 70.2 67.8 63.8 69.4 75.8 79 80.5 79.1 76.7 75.6 80.1 83.9 85 84.5 83.4 82.1 80.3 77.5 74.3 70.5 62.5 55.9
37.5 39.5 39.4 39.6 39.1 40.8 42.1 44.1 45.2 46.4 46.5 45.9 45.5 45.1 45.2 45.7 46.1 46.7 47.1 47.3 47.2 47.3 47 46.6 46.4 46.1 45.8 45.3 45 46 46.1 45.8 46 46.6 48.1 48.1 48.3 48.7 49.7 50.1 50.2 49.8 50.4 50.8 51.9 53 53.6 53.9 54 55 56.1 58.3 58.4 64.3 60.7 62.1 63.4 62.7 62.6 65.2 67 67.9 67.5 65.2 60.8 61.1 69 73.9 77.2 78.3 76.5 73.6 76.1 79.3 80.5 82.5 82.3 81.5 79.7 77.6 74.4 71 67.8 64.7 60.8
35.3 36.5 36.8 37.5 38.4 39.6 41.3 43.5 44.8 46 47.4 47.8 47.6 47.2 47.6 47.6 47.6 48.9 49 48.8 49.3 50 50 49.5 48.6 48 47.5 46.8 46.4 47 49.7 51.4 50.9 50.9 51.6 53.9 53.6 53.2 53.3 53.2 51.7 50 49.7 50.2 51.3 52.3 53 53.7 54.6 55.3 55.8 56.8 57.4 61.2 59.6 60.2 59.9 58.6 58.5 60.2 61.6 62.6 61.8 58.4 55.6 63 69 72 74.2 74 73.1 73.1 76.8 77.7 77.8 77.6 77.1 77.8 78.2 77.3 72.5 67.6 64.6 60.5 53.6
35.1 35.1 35.7 36.7 37.8 38.9 41.1 43.3 45.2 46.7 48.4 49.6 49.4 49.2 49.7 50.7 51.3 51.2 51.3 51.4 52.7 53.3 53.5 52.7 51.6 50 49.1 48.4 48.3 48.3 49.7 52 53.4 54 53.8 53.6 53.6 53.7 53.8 54.1 53.9 51.6 50.6 49.6 51.1 51.6 52.3 53.3 54.8 56.6 56.5 56.6 57.2 57.8 58 58.2 56.8 55.6 54.7 56.2 56.5 57.1 56.5 51.9 57.1 64.2 68 69.6 70.1 69.6 65.9 72.5 74.8 75.9 74.2 71.8 72 75.3 77.6 77.1 75.4 70.5 64.4 58.6 51.2
37.2 36.1 35.2 36.5 37.2 38.5 40.4 42.3 44.3 46.4 48.1 50.2 49.7 51.2 53.8 55.5 55.7 54.9 54.3 54.3 56 56.7 57 56.1 54.7 51.8 50.9 50.2 50.3 50.3 49.9 52.7 53.7 53.5 53.8 53.6 53.7 54.2 54.4 54.6 54.2 53.8 52.7 51.3 51.6 51.8 52.7 53.3 55.2 57 56.8 57.4 60.6 58.3 58.3 57.2 55.1 53.5 52.8 52 52.4 52.5 51.1 48.8 56.7 61 63.6 65.6 66 64.6 61.3 66.7 67.8 67.8 66.2 65.6 71 74.7 76.3 77 75.6 73.3 69.7 63.5 59.1
39.4 38.1 36.2 36.9 37.3 38.2 39.4 41.1 43 45 47.1 48.5 54.6 58.2 59.7 61 61 59.3 58.5 57.8 59.2 60.2 60.2 58.6 55 52.8 53.2 54.8 52.8 51.8 52 53.1 53.3 52.9 53.3 53.8 54.1 54.5 55.2 55.6 55.7 55.1 53.8 52.1 53.2 53.4 54.1 54.8 55.6 56.9 58 58.9 59.7 59.7 59.9 58.8 56.2 53.5 50.1 48.8 48.3 48.2 46.5 47.7 53.3 56.7 59.1 61.3 62.2 59.9 58.7 59.9 59.1 58.7 61.1 66 68.9 72.2 74.5 77.3 76.5 74.5 71.7 68.9 65.2
40.6 38.5 37.2 37.5 38.5 38.8 39.7 41 42.6 44.4 46.4 51.7 55.5 59.1 63.9 66.6 67 63.5 62.1 62.5 62.5 60.6 58.8 55.8 53.1 55.4 54.7 57.6 55 53.8 53.3 53.3 53.5 53.1 53.9 54.2 54.2 54.6 56.1 56.2 56.2 56 54 53 54.6 54.6 55.8 56.5 56.9 57.9 59.1 62.4 61.7 62.5 62.4 60.6 58.2 55.1 51.1 47.6 44.7 45.6 44.1 45.7 49.3 51.8 54.3 56.2 57 55.2 53.9 53.3 55.2 61.5 65.4 68.4 70 73.1 75.8 78.1 78.7 76.6 73.7 69.6 65.9
40.5 38.7 37.8 38.1 39.3 39.8 40.3 41.4 42.9 44.4 47.7 52 55.5 60.1 65.2 69.3 71.5 68.6 66.1 66 65.4 64 62.2 57.5 54.5 58.1 60.8 59.4 57.3 56.1 55.5 55.6 55.9 55.7 55.6 56 56.1 56 56.3 56.5 56.2 55.7 54.6 54.3 55.4 55.5 57.3 59 59.4 60.5 62.2 62.9 64.4 65.1 64.2 61.5 58.9 55.5 51.8 49.1 45.9 43.9 42.3 38.6 44.4 46.4 48.7 51 51.7 48.8 48.3 52.6 63 70 72.4 72.7 73.5 75.2 78.2 79.9 79.7 77.1 73.6 69.3 64
39.6 38.8 38.1 38.8 40.1 40.8 41.5 42 43.3 45.2 48.1 51.6 55.7 60.9 66.1 71.1 74.2 73.8 72.3 71 68.9 67.2 64.9 59.3 58.6 63 63.7 62.2 60.1 58.6 58.2 59.7 60.2 58.4 57.6 57.9 58.9 66.1 60.1 59.6 58.4 57.9 56.9 56.4 57 56.6 59.2 61.4 61.7 63.4 64.5 64.7 65.7 65.5 64.7 61.1 57.9 54.4 53.1 51 48.6 46 43.4 38.7 38.3 42.2 43.8 45.1 44.1 45.5 52.4 61.3 69.4 75.5 76.9 75.9 74.3 74.8 76.8 77.7 76.6 74.6 71.4 67.3 61.9
40 38.6 38.8 39.5 40.7 42.1 42.7 43.3 43.2 45.6 48.3 51.4 56.5 61.2 65.9 71.2 74.6 77.7 76.4 74.5 72.2 69.7 66.1 57.9 65.5 67.6 68.2 66.9 66.6 65 63 63.7 65.6 64.2 61.5 60.2 68.5 68.6 70.6 68 65.9 61.7 60.2 59.3 58.9 59.4 60.4 61.6 62.9 62.8 65.6 65.9 66 66.2 65.8 62.4 59.5 58.9 58.9 56.2 52.4 48.3 45.3 40.9 35.9 39.5 38.1 39.2 44.8 51.2 60.5 69.1 73.8 76.3 77.7 76.6 73.9 73.1 74 74.1 73.1 71.9 68.2 64.2 59.7
40.3 39.1 39.3 40 41 42.6 43.8 43.9 44.4 45.6 47.4 50.5 54.8 59.1 64.2 69.5 73.6 77.6 79.3 76.7 74.3 70.8 66.9 59.3 66.6 69.1 70.5 71.4 72.1 71.4 69.6 68.7 67.4 68.7 67.9 64.4 69.9 73.6 81.4 78.8 74.1 68.8 64.8 63 62.6 61.7 62.4 62 63 63 64.5 65.6 66.3 67.2 67.3 64.4 62.9 63.9 64.4 60.6 56.1 51.4 45.8 40.9 35.6 35.7 39.8 43.4 48.6 55 63.8 69.8 73.3 75.4 75.4 74.5 72.5 71.2 70 68.8 69.4 68.5 66.1 63.3 59
41.4 40 40.3 40.6 41.7 42.7 44 45.3 45.9 47.7 48.4 50.5 52.5 55.1 58.9 65.1 70.5 75.1 78 79.1 76.6 72.9 69.7 65.8 64.1 67.4 69.8 72.4 75 76.3 76 74.9 71.8 74.4 74.5 71 70.7 77.2 82.9 83.2 81 75.8 69.5 67.4 66 64.7 64.9 63.9 62 60 60.5 63.4 64.6 66.4 67.5 65.4 66.3 67.4 66.8 62.8 58.4 52.7 46.6 41.4 35.1 36.7 42 46.6 51.9 57.1 63.3 68.9 72.1 73.7 73.8 72.2 69.6 69.4 67.5 63.7 62.6 63.2 61.1 61.2 60.1
42.1 40.5 40.8 41.7 42.8 43.9 44.6 46.4 48.2 50.7 52.8 54 55.5 57.9 59.3 61.7 66.5 71.5 75.3 78.6 77.9 76.3 73.6 70.1 67.6 69.2 71.7 74.5 78.3 81.3 82 81.5 81.2 81.5 80 76 74.8 79 85.6 85.6 84.3 80.4 76.3 72.8 69.2 69.1 67.2 66.1 63.2 60 56.9 58.3 61.7 64.8 66.5 64.3 64.4 65.6 66.5 64.8 60.3 54.5 48.8 43.4 35.5 35 42.6 50 58.5 62.5 64.8 68 70.5 71.2 71 69.3 67.4 65.9 64.4 60.9 57 54.5 54.5 55.7 55.5
42.3 42.1 42.1 42.5 43.3 45 45.1 49.3 51.2 53.8 57.9 60.2 60.8 63.3 66 67.7 68.8 71 74.5 78.4 79.4 77.7 75.8 72.5 71.8 72.7 74.1 77.1 82.3 85.5 86.9 86.9 87 85.9 84.1 79.6 78.7 84.8 86.6 87.1 86.3 83.3 78 75.2 73.5 71.9 68.6 65.9 64 60.1 56.1 54.7 58 61.4 63.8 60.9 59.7 61.3 63 64.1 61.7 57 51.6 45.3 37.1 30.4 42.9 50.6 57.9 62.7 65.7 67.8 69 69.8 69.4 68.1 65 63.8 63 62.3 59.3 53.9 48.2 49.1 48.9
