public/OST50/SN12.asc
ncols 200
nrows 200
xllcorner 210000
yllcorner 220000
cellsize 50
[rows 105 to 139 of 200, columns 0 to 78 of 200]
143.2 146.6 149.9 153.5 155.9 156.9 157.4 156.6 155.3 152.4 147.9 139.4 118.5 94.8 81.2 84.5 91.1 87.9 78 69 65 62.5 58 52.7 54 55.2 57.5 59.5 60.4 61.3 62.4 68.8 82.5 105.9 115.6 123 127.3 129.3 130.8 134.2 139.2 143.9 148.9 154.1 159 163.6 168.1 172 176 179.9 183.7 187.7 191 194.4 197.8 200 201.8 203.6 204.9 206.1 207 207.1 207.1 207.3 206.2 206 205.4 204.5 203.3 201.1 197.7 193.7 188.3 182 175.7 175.5 179.3 181.1 182.3
138.5 142.5 145.9 149.7 152.6 153.8 154.9 154.6 152.8 149.9 145.8 140.2 125 101.4 83.1 74.2 80.2 80.5 72.1 63.8 61.3 57.6 53.8 52.8 53.9 56.4 58.1 58.9 61.2 62.7 63.8 72.7 90.8 104.8 111 116.2 117.1 117.2 125.4 131.4 137.2 143 148.1 153.2 158 161.9 166.1 169.8 173.1 176.6 179.8 183.7 187.2 190.8 194.4 196.9 199.3 201.6 203.2 204.4 205.3 205.6 205.7 205.6 205.1 205 204 202.9 202.1 200.3 197.7 194.1 189.7 184.2 177.9 172.9 172.2 175.6 179.2
132.7 136.9 141.7 146 149.9 151.3 152.4 151.7 150.2 147.3 143.5 139 128.9 110.1 89.1 73.6 69.7 72.8 65.7 60.5 49.6 50.6 51.8 53.6 55.6 57.6 58.9 61.1 61.3 64.6 65.6 78.7 89.2 98.1 97.2 99.8 107.9 114.9 123.6 130.7 136.6 142.5 147.7 152.2 156.2 159.6 163.4 166.9 170.1 173.4 176.5 180.1 183.4 187.1 190.4 194.4 197.3 199.4 201.1 202.3 203.3 203.8 203.9 203.6 203 202.5 201.8 201.1 200.1 198.8 196.6 194.3 189.4 185.3 180.5 174.3 168.6 171.3 174.2
126 128.6 137.5 142.7 147.2 149.7 150.4 149.4 147.4 144.7 141.2 135.9 128.6 116.7 96.8 78.2 65.7 61.7 60.1 49.6 52.4 54 54.4 55 55.8 57.2 59.1 62.8 64.8 64.9 69.1 73.4 80.1 84.9 95.3 105.3 112.1 119.1 125.5 130.5 136.1 141.3 146.1 149.7 153.7 156.7 159.7 163.5 165.8 169.2 172.7 176 179.6 183 187 190.9 195 197.1 199 200 201.2 201.9 201.5 201.2 200.7 199.8 198.8 197.9 197.7 196.9 194.8 193 188.5 184.3 179.4 172.9 165.9 169.1 174.1
114.9 123.3 133.4 140 144.1 147.1 147.6 146.9 144.8 141.8 138.1 132.9 125.7 116.6 105.3 85.9 72.7 61.6 53.7 51.1 53.1 53.4 53.7 54.7 55.8 57 59.3 66.8 77 67 71.8 79.1 86.4 93.3 101.3 108.4 114.7 120.5 126.2 130.9 135.8 140 143.8 147.4 150.4 148.9 152.8 156.5 160.4 164.4 169.2 173 176.8 181.1 185.5 189.8 192.6 194.7 197.1 198.1 199 198.9 198.8 198.2 197.3 196.3 195.6 194.8 194.4 193.8 192.6 190.3 186.5 182.7 177.4 169.6 163.3 166.7 173.4
111 122.2 130.8 137 141.5 144.7 144.7 144.2 141.7 138.3 134.2 129.6 122.8 115.8 107 92.9 78.1 62.9 49.6 52.5 53.3 51.8 53.4 55 56.7 58.6 62.2 76.9 85 82 72.5 73.8 87.9 94.7 102.3 108.7 114.5 120.4 125.7 129.9 133.8 137.3 140.7 143.3 142 148.1 152.7 157.4 160.6 164.6 169.3 172.9 176.4 180.3 184.7 188.2 191.2 193.4 195.2 196.1 196.9 196.9 196.1 195 194.1 192.8 192.1 191.6 191.5 191.4 190.2 188.2 185.1 180.9 174.3 164.7 159.6 165.6 172.4
112.3 121.6 128.8 134.1 138.1 141.2 141.4 140.9 138.4 135.2 131.1 126.1 120.1 113.7 105.6 95.7 80.4 59.2 50.8 52.1 51.7 51.6 60.4 64 62.8 63.2 72.1 86.3 95.2 95.1 90 80.6 75.9 90.8 100.1 107 112.8 114.6 116 123.8 125.7 126.6 130.8 136.5 142.6 148.1 153.1 158.1 162.5 166.6 170.2 173.4 176.6 180.4 184.5 187.4 189.7 191.8 193.4 194.1 194.6 194 193.3 191.8 191 190.1 188.8 188.4 188.7 189 188.3 186.3 183.5 178.7 171.2 160.2 158.1 164.1 170.7
111.3 119.8 126.4 131.8 135.7 138.6 138.5 137.7 135.4 132.5 128.4 123.2 116.9 110.2 102.6 92.2 78.4 52 50.5 51.2 51.3 51 58.3 62.6 67.5 70.7 78.3 90.7 101 105.4 103.3 97.2 90.4 82.4 86.5 92.2 96.9 101.4 107.5 113.2 119 125.3 131.5 138 143.2 148.5 154.3 159.6 164.1 167.9 170.7 173.5 176.8 180.7 183.5 186.2 188.5 190.2 191.3 191.9 191.8 190.8 190.3 189.1 188 186.8 185.4 185.7 186.2 186.5 186.3 184.5 181.6 176.5 168.1 157.4 156.2 162.4 169.3
108.5 117.8 124.2 129.3 132.9 135.1 135.6 134.7 132.5 129.1 124.9 119.6 113.6 106.7 99.2 89.5 73.5 48.3 50.3 50.7 51 50.4 50.4 59.9 67.7 72.8 82.5 97 107.9 113 113.6 110.5 105.8 101.5 97.7 96.8 103.4 110.7 115.6 120.1 125.4 131 136.7 142.8 148.4 153.4 157.7 161.6 165.3 168.6 171.3 173.6 177.1 179.9 182.4 185 186.8 188.4 189.3 189.6 189.1 188 187.2 186.3 185 184.2 182.4 182.7 184.5 183.9 183.6 182.7 181 176.3 169.7 158 153.4 160.8 167.2
105.1 115.5 121.9 127.1 130.2 132.1 132.6 131.7 129.3 125.6 121.3 115.8 109.4 102.5 95 85.9 73.8 54.5 49.4 50 50.1 50.2 50.5 51.9 66.6 75 91.3 107.1 116.4 120.7 121.8 121.5 119.9 114.6 109 107.7 108.1 115.7 121.4 126.7 132.8 139.1 144.7 149.9 153.7 157.1 160.2 163.1 166.2 168.9 171.1 173.2 175.9 178.7 181.2 183.1 184.8 186.4 187.5 186.8 186.2 184.5 184.2 183.2 182 180.7 179.8 179.9 181.7 182.2 181.9 180.6 178.6 175.6 170.3 158.8 149.7 157.7 164.4
100.5 113.2 119.7 124.9 128.1 129.9 130.1 129.5 126.5 122.9 117.6 111.7 104.7 97.6 90.5 82.8 75.3 64.4 52 47 49.5 49.8 50.2 58.7 67.4 81.1 98.4 116 123.5 127.8 128.8 129.2 127.6 123.9 119.7 119.3 117.8 118.6 126.4 132 138 143.9 148.3 153.2 156.7 159.5 162.1 164.5 166.5 168.9 171.3 172.2 174.8 176.9 179 181 182.9 184 184.1 184 183.1 182.1 181.1 180.2 179.2 177.6 176.7 177.5 179.1 179.8 179.8 178.8 176.9 173.7 169 158.7 146.5 153.2 160
96.4 110.9 118.7 123.5 126.7 128.3 128 126.7 124 120.1 114.3 107.5 100.2 92.4 84.8 78.3 69.9 59.5 52.4 49.6 49.4 48.8 49.9 62.4 72.5 87.3 106.4 121.5 127.3 131.6 134.5 135.1 133.7 131.1 128.3 128.3 128.1 128 129.2 135.8 141.3 148.1 152.4 155.6 158.7 161.1 163.5 165.4 167.1 168.9 170.5 171.6 173.2 175.3 177.1 179.1 180.1 180.6 180.9 181.1 180.4 179.7 178.5 177.5 176.4 175.2 173.5 175.5 176.4 177.3 177.5 177.1 175.1 171.6 167.2 157.8 146.6 148.2 155.9
94 110.6 118.5 122.9 125.5 126.2 126.4 124.5 121.8 117.2 110.8 102.9 95.5 86 76.8 62.3 57.7 53.8 51.1 49.6 46.1 48 49.5 63.6 78.9 97.5 118 125.1 131.1 135.2 137.9 139.2 138.8 137.1 136.2 136.3 136.7 136.7 136.7 137.3 142.4 147.5 152 155.9 158.9 161.5 163.6 165.3 166.6 168 168.9 170.4 171.4 173.5 175.3 176.7 177.7 178.4 178.5 178.1 177.4 176.9 176 175 173.7 171.9 170.7 172.8 173.9 174.6 175.6 174.9 173.4 170.2 165.7 156.6 146.2 144.5 152.1
91.7 109 117.5 121.5 124.1 124.9 124 122 118.8 113.7 105.5 96.7 88.5 77.8 65.6 58.2 55.6 51.7 50.2 49.5 48.8 48 45.6 68.1 87.9 108.7 120.9 128.4 134.4 138.3 140.8 142.2 142.6 142.5 142.1 142.3 143.6 144.1 145.2 146.7 148.1 150.8 153.3 156 158.9 161.3 163.3 164.3 165.6 166.4 167.1 167.7 169 171 172.5 173.8 174.8 175.8 176 175.9 175.6 175.3 174.2 172.9 171.8 169.5 168.6 169.9 171.2 172 173.1 173.5 171.9 169.2 164 156 145.9 141.7 150.6
88.6 106 116.1 120.5 122.7 122.4 121.4 118.9 114.6 107.8 100.7 88.4 74.7 63.1 56.8 53.4 52 50.1 49.3 49 48.5 47.6 47.2 70.4 94.9 118 124.6 130.6 135.6 139.4 141.7 143.6 145.1 146 146.3 147.1 148.7 150.1 151.2 151.4 153 154.8 155.7 157.3 159.3 161.1 162.2 162.9 163.6 163.9 163.7 164.4 166 167.6 169.3 170.7 171.7 172.8 174.1 174.4 174 173.4 172.7 171 169.8 167.7 166.8 166.8 168.1 169.9 171 172 170.3 168.1 163.7 158 145.2 139.3 150.1
84.5 101.6 114 118.6 120.7 120.5 118.9 115.8 110.9 103.8 88.7 72.2 61.3 55.3 51.7 49.9 49.5 49 48.6 48.5 48.4 47.3 47.7 70.1 99.7 120.5 127.6 132.8 136.9 139.8 141.4 144.2 146.1 148.1 149 150.5 151.5 153.3 154 155.2 156.6 157.8 158.3 158.9 159.9 160.3 160.8 161.3 161.8 161.6 160.7 158.5 161.4 163.3 165.5 167.3 169.6 171.1 172.8 173.4 173.1 172.7 171.6 169.7 167.9 166.3 165 163.3 164.9 167.6 169 169.7 168.7 166.4 163.1 156.4 142.4 137.3 148.2
81.9 96.7 109.3 115.7 118.2 117.8 116.2 112.7 107.4 95 73.9 61.1 54.8 50.7 49.1 48.9 48.8 48.2 47.7 47.7 47 47 45.4 81.9 107.3 122.5 129.6 133.8 136.8 139.2 141.9 144.3 146.3 148.3 150.5 151.6 153.1 154.4 155.7 156.7 157.8 158.8 159.2 159.1 159.1 159.2 159.2 159.8 159.3 158.5 156.4 154.5 156.5 158.6 161.6 164.5 167.5 169.5 170.6 171.6 172.1 172 171.1 169.7 168 166.3 164.5 160.1 160.5 164.7 166.3 167.5 167.1 165.3 161.8 156 139.5 133.5 145.4
80.9 93.2 106.1 112.5 115.2 114.9 113 109 102.6 80.6 63.6 55.2 50.3 48.8 48.1 47.9 47.8 47.4 46.4 46.4 45.9 45.9 74.2 97 115 123.6 129.2 133.5 136.3 138.8 141.3 143.3 146 147.8 149.4 151.1 152.7 153.8 155.1 156.6 157.4 157.7 158.3 158.2 158.1 158.2 157.4 157.2 156.6 155.2 153.1 150.8 151.6 154.8 158 162 165.4 167.2 169 169.9 170.9 171.4 170.7 169.8 168.3 166.6 164.5 159.5 157.2 161.1 163.9 165.4 165.6 164.2 161.4 156.3 141.4 129 141.6
80.2 90.8 103.3 109.4 111.7 111.8 109.8 105.7 95.3 72.2 58.2 51.3 48.3 47.2 47 46.8 46.6 45.7 44.9 43.8 54.3 74.2 92.4 109.4 116.5 123.2 128.5 132.3 134.8 137.2 139.5 141.7 143.8 146.1 148.5 150 151.6 152.4 153.4 154.2 155.2 155.6 156.1 156.5 156.5 155.7 154.3 153.3 152.6 151.4 148 143.6 147.2 150.3 154.8 158.9 163 165.9 167.3 168.7 169.6 169.6 169.5 168.8 167.6 166.5 164.4 159.3 151.2 156.9 161.4 163.5 164.4 163.5 161.4 157.2 146 124.5 134.9
78.7 89.2 100.1 106 108.2 108.5 106.4 102 89.4 67.3 55.4 49.4 47.5 46.3 46.3 45.8 42 45.3 50.5 58.5 74.1 89.9 106 111.7 117.1 121.9 126.3 129.8 132.6 135 137.4 139.7 141.4 143.4 145.6 147.9 149.6 150.7 151.4 152 153.1 153.5 153.5 153.5 153.8 152.7 151.2 148.1 147 145.8 141.3 139.3 143.2 147.3 152.2 156.6 161.7 165.2 166.3 167.5 168.1 168.1 168 167.8 166.7 165.7 164.2 160.2 152.3 152.5 159.3 161.9 162.7 162.2 160 157.1 151.6 130.7 124.9
77 87.8 96.8 102.6 104.7 104.9 103.5 99.5 88 67.1 53.9 48.3 46.2 45.6 45.3 43.2 44.8 46.1 59.2 72.7 88.8 101.7 107.9 113 116.6 120 123.2 126.5 129.1 131.6 134.1 135.8 138 140.1 142.5 144.2 145.5 147.2 148 148.6 148.8 149.4 149.3 149.3 149.8 148.6 147.4 144.7 141.2 138.4 133.4 137.9 144.6 150.8 155.5 158.9 162 164.7 166.5 166.6 166.6 166.6 166.1 165.5 164.8 164.2 162.4 160.4 152.5 147 156.5 159.2 160.3 160.1 158.6 156.3 151.3 140.5 118.8
74.6 84.9 93.4 98.3 100.4 101 99.7 96.2 88.5 71.9 54.5 46.5 44.7 43.8 42.7 44.7 45.7 57.6 71.3 84.6 96.4 102.6 107.5 111.2 114.4 117.5 120.2 122.9 124.5 127.3 130.3 132.1 133.4 135.9 138 140.6 141.8 142.9 143.7 143.9 144.2 144.3 144.2 144 144.2 143.8 142.7 139.6 133.7 127.9 133.2 140.1 148.8 154.2 158.3 161.3 163.6 165.1 165.8 166.1 165.8 165.4 164.4 163.2 162.6 161.6 160 157.4 151.8 142.6 152.6 155.8 157.3 157.5 156.3 154.3 151 146.1 133.1
72.3 80.9 89.1 93.5 95.5 95.8 93.9 90.5 83.8 73.7 55 45.4 43.4 42.2 41.7 50.4 53.9 64.4 80 89.8 95.8 100.7 104.4 107.8 109.8 112.8 116.1 118.2 120.8 122.9 125 126 128.5 130 133.1 135.5 136.5 137 137.9 137.4 138 137.8 137.2 137.1 137.5 137.1 135.7 129.6 123.7 126.7 135 143.1 148.7 154.1 158.5 161.6 163.9 165.3 165.4 165.7 165.2 164 162.6 160.5 159.7 156.9 154.7 151.8 148.9 141.9 147.3 151.6 154.2 154.3 153.6 151.3 149.1 146.1 140.6
69.6 76.8 84.6 88.9 90.7 90.5 89 85.4 79.5 71.1 56 44.9 43.4 41.3 45.6 51.8 56 69.9 83.4 90.1 94.4 97.3 100 102.2 103.9 106.2 109.3 112 114.8 117.4 119.1 120.2 122 124 126.9 128.9 129.9 129.9 129.6 129.3 129.2 127.5 125.5 126.9 129.9 128.9 123.7 120.5 123.9 132.5 140.6 146.2 150.3 154.3 158.2 161.2 163.7 165 165.5 165.6 165.1 164.2 162.3 160 157.9 155.2 153.3 149.9 145.3 140.1 137.5 147 150.4 151.3 150.8 149.4 147.5 144.8 140.2
64.8 72.7 79.2 84.1 86.4 86.3 84.7 81 75.3 67 54.5 44.6 42.6 42.9 44.7 49.1 58.4 72.9 83 88.2 92.2 94.9 96.7 98.6 99.7 100.8 102.8 105.7 108.6 111.1 112.4 113.1 115.3 117.1 119.7 121.5 122 122 121.4 117.9 109.1 106.3 103.9 110.5 116.2 115.8 116.6 121.8 131 140.5 146 149.9 153 155.9 158.6 161.1 163.5 164.7 165.5 165.4 165.2 164.5 163.2 162 161 159.7 157.3 153.5 148.6 142.2 133.5 140.4 146.2 147.9 148.2 147.5 145.9 143.2 140.1
65.2 71.1 76 80.9 83.5 83.5 81.8 77.8 71.9 63.4 50.5 44.5 41.3 43 44.6 48.8 62 74.7 81.7 85.9 88.8 90.7 93.2 94.6 95.9 97 98.8 100.7 102.9 104.9 105.5 106.2 107.4 109.4 111.6 112.8 113.3 112.1 106.5 92.6 98.9 103.9 108.5 112.6 115 116.4 121.8 128.1 136.9 143.2 147.5 151.3 155.3 157.1 159.4 161.6 163.9 165.2 166 166.5 167 166.7 167.4 166.5 165.9 164.7 162.3 158.4 152.2 144.6 135.1 129.7 140.4 144.6 145.9 145.7 144.5 143.2 140.9
64.8 69.8 74.3 78.8 81.5 82.1 80.1 76.6 70.8 61.7 52 48.8 41 43.2 44.4 50.5 62.5 72.8 78.3 81.9 84.9 87 88.8 89.7 91.5 93.3 94.8 96.5 98 98.8 99.7 99.7 100.2 100.9 101.9 102.5 102.2 92.3 90.7 97.1 103 107.1 109.8 111.5 113.8 118.5 124.6 130.9 137.5 142.8 146.9 151.2 154.6 157.3 159.7 161.7 163.6 165 166.4 167.5 168.5 169.3 169.4 169.6 170 168.7 166.2 162.2 156.6 147.7 138.8 122.5 133 139.3 142.7 143 142.7 141.9 140.3
56.7 68.1 72.7 77.2 80.1 81.3 80 76 69.3 57.1 50.2 47 41.4 43.1 44.3 52.1 61.9 70.1 74.6 77.9 80.3 82.1 83.6 84.5 86.3 88 90 91.6 93.1 94.1 94.1 93.4 93.1 93.7 93.8 91.7 85 87.8 93.4 98.9 102.8 105.1 106.5 106.5 110.8 118.1 125.6 131.2 136.8 141.5 145.2 149.3 152.6 155.6 158.6 160.8 162.9 165.1 167 168.6 169.7 170.5 171.2 171.7 171.8 171 169.3 166.3 162.2 155.3 144.2 130.3 123.4 132.1 137.7 140.2 139.9 139.8 138.7
51.9 65.5 70.6 74.9 78 79.6 79.2 75.3 66 52.1 47.7 42 42.5 42.8 44.1 53.9 62.7 67.6 70.9 73.4 75.2 77 78.4 79.9 81.7 83.5 85.4 86.8 88.3 89 88.7 87.4 86.1 85.7 84.6 79.1 83.8 90.2 93.8 96.5 98.3 102.7 100.2 102.5 108.7 116.3 123 128.5 133.9 138.5 142.6 146.5 150.6 153.9 157.1 159.2 162.7 164.7 166.8 168.6 170.1 171.5 172.5 173.1 173.5 172.9 171.7 169.2 165 159.7 151.6 139.5 120.4 124 132 135.5 136.4 136.3 136
49.1 61.8 68.6 72.7 75.9 77.8 76.8 73.4 62 46.8 41.5 40.5 41.9 42.6 44.9 55.3 61.5 64.3 66.9 68.8 70.6 72.4 74.4 75.8 77.6 80.3 81.8 83 83.6 83.9 81.9 79.5 77.9 76.9 75.4 79.7 84.5 87.9 90.5 92.4 94.1 96.7 99.4 104 105.9 109.7 116.2 122 127.4 133 138.1 142.8 147.5 151.9 155.6 158.5 161.3 163.4 165.4 167.7 169.8 171.8 173.3 174.7 175.1 174.3 172.5 169.5 165.7 161.2 155 146.6 132.1 112.7 124.5 130.2 132.3 132.7 132.7
49.6 56.9 66.2 70.7 74.3 76.2 76.2 70.6 45.7 41.2 40.9 40.5 41.2 42.8 47.7 55 58.3 61.6 63.3 65.2 66.9 68.6 69.8 71.5 74.5 76.7 77.9 78.5 78.8 77.5 73.4 71.3 72.3 72.1 74.6 78.6 81.7 85 88.5 91.8 94.8 98.5 101.5 106.8 110.9 112.4 112.7 117.4 121.7 127 132.7 139.2 145.8 150.4 153.1 156.7 159.1 161.5 164.1 166.8 169.1 170.6 172.5 174.2 175.1 174.4 172.1 169.4 165.9 161.1 155.2 148.5 138.9 119.3 113.7 122.8 125.8 127.8 128.6
50.5 50.7 64.7 68.6 72.8 74.7 73.2 56.3 41.1 40.9 40.7 40.1 42.4 41.6 44.8 49.5 53.7 56.7 59.6 61.4 62.8 63.7 64.6 67.2 69.8 72.3 73.2 73 73.2 68.3 66.5 65.9 69.8 76 77.1 79.6 82 85.7 89.3 92.9 96 100.2 104.2 109 114.5 117.9 120.5 121 122.9 129 134.1 138.6 144.7 149.1 151.6 153.1 153.7 158.5 161.6 164.5 167 169 170.7 172.4 173.8 173.5 171.6 169.2 165.4 160.3 154 147.3 140.6 126.6 105.9 108.5 118.8 120 121.9
56.5 46.8 63.7 68 70.9 71.8 66.5 42.1 40.9 40.3 40.1 48.1 54 54.9 45.8 45.2 46.4 49 53.1 55.4 56.9 58.2 59.6 61.9 64.4 65.7 66.9 67.1 62.3 63.8 68.9 72.9 76.1 77.8 81 83.8 87.7 92.2 96.2 99.6 102.3 105.2 108.8 114.5 120.2 124.3 126.4 127.7 127.1 132.4 137.5 141.4 145.1 148.3 150.2 151.1 152.9 155.6 158.7 161.6 164.1 166.3 168.5 170.1 171.8 172 170.6 168.4 164.7 158.8 152 145.7 138.8 127.2 116.7 105.6 98.8 103 111.6
64 48.3 59 67.4 68.7 67.5 60.4 41.2 40.6 40 39.8 52.6 56.6 58.9 58.6 54 48.1 47.5 49.1 49.7 51.1 51.4 52.9 54.3 54.8 55.5 58 59.9 63 67 70.4 73.5 75.6 78.8 81.9 88.7 94.9 101.3 106.4 110.7 113.3 115.8 118.9 123.9 128.2 131.3 133.6 134.8 134.6 134.9 139.5 143.9 146.9 148.6 150.3 150.3 150.8 152.8 155.2 157.6 159.7 161.8 163.9 166.5 168.6 169.1 168.6 166.8 163.4 158 151.6 145.1 139.6 134.6 127.4 119 113.3 100.6 94.3
65.8 46.6 54.7 66.5 66.7 63.2 50.3 40.6 40.4 38.8 39.4 51.2 56.1 59.2 61.4 60.5 60.5 59.4 55.1 52.8 53.5 53.2 54.4 55.2 56.2 58 59.5 61.1 63.7 66.5 69.8 73.7 77.3 82.8 87.5 93.9 103.4 110.4 116 120.1 123.5 126 128.7 132.6 135.9 138.4 140.2 141.4 141.5 140.8 141.7 144.9 147 148.6 149.6 148.3 147.2 148.9 151 153 154.9 157 159.8 161.7 164.8 165.9 165.8 164.3 162 157.3 152.3 147.5 142.5 138.3 132.1 125.6 119 114.2 98.8
