public/OST50/SN12.asc
ncols 200
nrows 200
xllcorner 210000
yllcorner 220000
cellsize 50
[rows 140 to 174 of 200, columns 79 to 157 of 200]
88.2 100.5 105.7 107.4 105.1 84.7 83.3 95.4 91.8 108.2 121.4 127.2 131.8 135.5 138.6 140.7 141.9 142.7 142.7 140.9 138.4 138.4 137.4 135.9 134.6 132.9 130.9 128.6 125.9 122.6 118.3 113.2 110.4 109 110.7 113.4 117.9 121 122.6 123.4 123.2 122.5 121.2 118.8 115 109.7 103.8 94.1 83.1 70.5 62.4 48.2 43.5 42.4 42.8 44 53.7 64.2 87.6 107.7 116.6 121.3 124.3 126 127.1 128.3 129.7 132 134.8 137.7 141.2 144.5 147.6 150.7 153.9 156.1 157.5 158.6 159.6
85.2 94.3 102.8 106.7 105.5 87 77.8 89.1 109.6 117.6 124 128.8 132.9 135.8 138.6 140.3 141 140.9 140.6 138.9 136.1 134.4 133.5 132 128.5 128.7 126.5 124.5 122.2 119.4 116 112.6 108.9 107.2 108 113.9 117.7 120.1 121.6 122.2 121.7 120.7 119.2 116.2 112 106.8 99.8 89.4 77.3 62.7 58.4 45.6 43 42.3 42.2 44 54.8 66.8 90.7 109.3 116.9 121 122.8 123.8 124.2 125.7 127.4 129.5 132.7 135.5 137.2 140 143.7 147.8 152.3 155.6 158.4 160.8 162.9
81.8 90.9 100.8 102.8 100.8 86.5 79.1 87.8 110.6 117.4 122.6 127.3 130.8 134 136.4 137.7 138.5 139.1 138.5 137.1 133.1 128.1 127.5 126.6 123.3 122.2 121.2 120.3 118.2 115.7 113.1 109.7 105.9 105 108.1 114.9 118.5 120.1 120.6 120.2 119.4 118.4 116.2 113.2 108.8 102.8 95.5 84.8 71.3 59.9 53.1 44.8 42.6 41.9 41.6 48.7 56.1 71.2 96.9 109.9 115.6 118.6 119.5 119.6 119.6 121.5 123.9 126.9 129.9 132.2 133.9 136.2 139.9 144.1 149.4 154.4 158.8 162.4 165.1
81.7 86.4 94.8 96.8 95.6 84.5 77.4 85.5 110 116.2 120.8 124.8 127.9 130.9 133.1 134.7 135.6 136.2 136 134.5 132.2 128.4 121.7 114.4 117.1 115.9 115.9 115.5 114 111.5 108.4 104.5 102.5 105.7 111 116 118.8 119.2 119.6 118.9 117.7 115.5 112.9 109.7 104.4 98.6 90.4 79.5 65.2 54.6 48.7 43.9 42.2 41.1 40.7 51.1 58.5 77.1 102.3 111.8 115 115.5 115.7 114.9 115.7 118.4 120.6 123.2 126.1 128 129.9 132.7 136 140.5 145.9 151.9 157.4 162.7 166.1
83.4 80.8 86.9 89.9 89.3 80.3 75.6 83.2 107.4 113.9 118.2 121.7 125 127.6 130 131.5 132.8 133 132.9 131.7 129.6 126.3 122.6 118.2 111.7 107.5 110.8 110.1 108.9 106.1 101.1 99.1 103.1 109.1 114.6 117.8 118.6 118.7 118.3 117.2 114.9 112.3 109.4 105.8 100.5 94.1 85.2 73.5 56.5 49.9 45 42.3 41.8 40.5 48.6 52.2 61.5 84.5 104.1 111.4 112.6 112.3 111.3 110.4 111.9 114.3 116.2 118.3 121 123.2 126 128.9 132.3 137.4 143.1 149.5 155.5 160.7 165.4
95.5 77.8 79.8 84.1 84 77.2 74.9 84.6 103.9 109.9 114.4 117.9 121.3 124.6 126.5 128.7 129.6 129.8 129.6 128.6 127 124.7 122 118.2 113.6 105.5 104.8 104.5 102.6 96.7 98.1 101.7 108.3 112.8 115.9 117.4 118.2 117.6 113.8 112.6 112.7 107.8 105.6 102.4 98.7 93.4 83.2 67.1 53.6 48.8 44.6 41.1 40.8 40.9 48 52.5 64.8 90.6 102.7 107.9 108 107.6 105.9 105.1 107.3 109.6 111.6 113.8 115.9 118.8 121.3 125.1 129.4 134.6 140.4 146.5 151.9 157.1 161.9
90.8 81.6 77.7 77.6 77.7 75.1 72.4 87.2 99.7 105.4 109.5 110.8 117.1 121.9 124.5 125.9 126.2 126.5 126.3 125.8 124.5 122.6 120.3 117.5 113.2 106.1 97.1 98.8 92 95.9 101.6 108.4 112.8 115.7 117.2 117.7 117.5 116.2 112.3 110.1 106.7 100.1 100 99 95.8 89.7 77.6 58.5 51.1 47.7 42.1 40.9 40.2 43.6 48.1 55.3 70.4 86.2 97.4 101.3 101.3 99.1 98.2 101 103.4 105.4 106.6 107.9 109.6 112.9 117 121.3 126.6 131.7 137.7 143.9 149.4 155.1 159.7
105.7 89.4 80.4 76.4 73.8 74.1 70.6 86.5 93.3 94.7 98.9 102.2 112.4 119.6 122.2 123.3 122.5 122 122.2 122 121.1 119.5 118 115.1 110.7 105.2 97.8 91 95.2 101.4 109.1 113.7 116.4 118.2 119.3 119.2 118.2 116.1 111.4 106.9 99.5 93.3 90.6 89 88.7 83.9 69.9 55.6 48.9 46 40.7 40.6 39.8 46.1 49.7 59.1 71.3 81.4 89.6 93.5 93 88.3 93.1 97.1 99.8 102 102.2 101.5 99.2 107.6 113 117.6 122.7 128.4 135.2 141.2 147.2 152.8 157.1
111.8 105.2 97.6 89.7 75 70.7 71.9 77.5 91.3 101 106.8 112.1 116.3 119.3 120.8 120.8 119 117.2 118.1 117.9 116.9 115.1 113.4 110.7 106.5 101.2 93.8 88.4 98.5 108.2 114.4 117.8 120.2 121.1 121.4 120.8 119.4 116.6 111.9 104 84.4 77 68.4 68.4 70.9 70.1 58.3 52.1 47 43.6 40.7 40.4 40 47 52.9 60.9 67.8 73.9 78.6 81 79.8 80.4 85.3 89.5 94.9 98.9 98.2 92.9 95.4 102.1 107.6 112.9 118.3 125 131.4 137.7 144 149.2 153.3
113.6 106.1 99.2 91 80.8 70.9 73.1 85 96.8 106.8 111.2 114.8 117.6 119.1 119.3 118.6 115.9 109.3 113.2 113.4 112.2 110.5 108.5 105.1 99.9 91.9 86.8 90.6 102 111.3 115.7 119 120.6 121.6 121.8 120.6 119.3 116.4 112 105.5 96.8 84.2 73.3 61.9 54.3 54.9 51 47.9 45.2 41 40.2 39.8 41.2 44.6 50.9 57.1 62.6 67 70.6 71.6 70.8 73 77.7 82.5 87.8 91.1 92 81.8 89.5 96 101.1 106.7 113.4 119.9 126.3 132.5 138.7 144.3 148.2
113.2 106.8 98.8 85.3 73.6 70.2 71.6 84.9 97.6 106.1 110.7 114.2 116.6 117 116.9 116.4 113.6 100.4 107 107 106.1 104 101 96.3 88 83.6 84.5 94.1 104 110.9 114.7 117.4 119.2 120.1 120.4 119.6 118.4 115.8 111.9 106.7 100.9 93.4 85.7 68.6 55.1 48.4 47.5 45.9 42.2 39.9 39.8 38.8 46.5 49.5 44.1 46.1 52.8 59.3 63.2 63 63.6 67.4 70.9 75 78.3 78.7 77.7 75.6 83 88.6 93.8 99.7 106 112.4 118.8 125.7 132 137.5 141.6
114 108.1 101.3 93.4 75.5 69.2 70.1 85.6 97.8 104.6 108.4 111.3 113.2 114.6 115 114.5 111.6 97.5 93.6 99.1 98.1 94.6 84.1 79.8 79.7 80.1 85.1 97.4 104.7 109.8 112.9 115.2 116.4 116.8 116.9 117.2 116 113.7 110.6 106.4 101.1 93.5 86.3 62.5 49.6 47.5 45.8 43.8 40 39.5 38.9 42.6 58.3 63.7 62.8 57.8 51 49.1 51.6 53.9 55.5 58.6 63.5 66 67.4 67.9 68.9 71.9 76.2 81.9 85.2 91.4 97 103.1 108.7 115.2 121.8 128.1 132.2
115.5 110.9 104.7 96.3 76.3 68.1 70.1 84.5 95.3 100.9 104.7 107.4 110.2 112 112.8 112.7 110.2 106.2 90.7 80.4 86 76.1 75.2 76.3 79.7 84.3 89.9 98.9 104.4 107.7 110.5 112.1 113.1 113.9 113.9 113.3 112.2 110.3 107.8 104.5 100 93.1 83 55.9 48.7 45.4 43.5 41 39.1 38.5 43.6 60.6 73.4 77.3 77.3 73.6 66.9 60 57 54.9 57.8 59 57.9 56.4 61.1 65.8 66.2 68.7 72.6 76.8 82.3 87.7 91.4 95.7 102.3 109 114.5 120.2 126.6
115.9 111.4 105.4 96.8 76 67.7 66 81.7 91.4 96.9 100.5 103.2 106.3 109.1 110.5 111.1 109.7 104.9 99.2 89.2 73.2 71.7 76.5 80.4 86.6 91.7 95.8 100.2 103.1 105.9 107.3 108.4 109.2 109.5 109.2 109.1 107.9 106 103.3 100.6 96.3 91 77.8 54.1 46 42.6 40.1 39.3 38.2 41 63.7 77.8 84 86.4 87.4 85.6 81.5 75.4 69.3 62 67.9 68.9 69.1 67.4 63.2 72.2 77.8 79.5 80 81 82.2 83.6 90.1 97.8 104.6 110 115.7 121 127.3
115.6 111.7 106.3 99.4 78.9 66.6 64.3 76.8 86 91.5 94.6 98.4 102.5 106.7 109.3 109.5 107.2 103.2 97.5 84.6 67.6 76.1 81.8 86.2 90.3 94 97.4 99.9 101.6 102.3 103.3 103.4 104.2 104.5 104.2 104.4 103.3 100.8 98.1 95.9 92.3 86.5 70.9 50.5 41 39.3 38.8 38.5 39.7 57.8 67.1 82 91.6 94.3 95.7 94.9 92.2 89 83.6 75.2 77.4 80 81.2 79.5 72.3 72.3 82.8 87.2 89.5 92.6 93.3 93 91.8 92.1 98 106.7 113.4 119.5 126.1
115 111.7 107.9 102.9 88.8 70.5 64.5 65.3 80.3 85.1 85.8 95.5 101.9 106.6 108.5 108.1 106 101.4 88.7 72.5 72.1 80.5 84.7 87.8 90.5 93.9 95.7 97.5 97.8 98 98.1 98.2 98.9 99.3 98.9 98.6 97.2 95.3 93.4 91 87.7 82.4 70.2 40.3 38.5 38.8 38.3 41.5 51.7 59.3 67.4 84.7 96.2 100.5 102.3 102.3 101 98.1 94.3 88.9 80 86.2 89.2 88.4 85.5 70.7 80.2 87 92.4 97.1 101.5 104.3 105.2 105.1 104.6 102.8 108.9 116.4 122.4
112.1 110 106.8 102.3 97.4 78.2 65.9 61.8 69.2 71.8 88.8 97.2 102.7 106.9 108.6 107.8 104.5 92.2 74.4 66.2 75.9 82 85.2 87 89.2 91.9 92.8 93.3 92.8 92.4 92.7 93.3 93.8 94.1 94 93.2 91.6 89.7 87.6 86.1 83.2 78 72.2 38.4 38.6 39.3 42 45.7 53.9 58.2 67.7 86.6 99.1 105.2 107.8 108 107.5 104.9 102.1 99 95.5 92.7 96 97 94.8 84.7 76.8 80.2 89.3 96.4 102.6 108 112.1 116 117.7 116.4 113.3 112.9 118.4
106.8 105.2 102.3 99.1 94.6 88.8 73.1 62.6 62.1 72.9 90.7 97.4 102.2 105.7 108.1 107.3 102.5 79.5 63.7 69.5 78 82.3 85.2 86.5 87.8 88.7 89.2 89 88.3 87 87.4 87.7 89.2 89.6 89.2 87.6 86 84.1 81.6 80.1 77.8 74 69.5 40 37.8 39.3 43.1 48 52.6 57.1 69.3 86 96.7 105.1 109.1 110.8 110.3 109.6 108.3 106.8 105 103.3 104.5 105.3 104.7 101.3 93.1 86.5 82.8 90.9 100.5 107.7 113.7 118.9 122.8 125 125.9 126.3 126.8
101.3 99.8 97.6 95.7 93 89.2 83.8 69.2 62.5 62.8 82.6 97.2 103 107 109.4 107.9 93 71.6 62.5 68.8 76 81.3 84.8 85.9 86.5 86.5 85.7 85 84.4 82.2 82 82.7 84.4 85.4 85 82.9 80.6 78.4 76.2 74.2 72.4 70.7 66 37 38.2 39.8 43.6 46.5 51.1 55.7 65.9 81.6 91.9 98.1 103.5 107.3 109.6 111.7 112.6 111.7 111.4 111.8 112.8 114 113.9 112.7 109.4 103.9 98 93.4 93.2 102.8 112 118.4 123.6 127.9 131.5 134.5 137.2
95.3 94.4 94.3 92.8 91.4 89.5 85.4 80.3 75.5 60.3 73.3 94.4 101.6 107 111.1 111.4 91.2 69.8 61.1 72.9 79.3 83 84.4 85 85.2 84.7 83.6 81.9 80.9 78.1 75.5 77.8 79.7 81.1 81.8 79.1 76.1 74.4 72.1 69.7 68.9 67 64.8 36.9 38.5 39.8 43.6 45.8 49.2 53 60.5 74.5 83.7 90 95.3 99.4 104 108.4 111.5 113.1 114.7 116.4 118.4 120.5 120.9 121 120.7 118.5 114.1 109 103.9 99.7 105.8 114.2 121.5 127.3 131.8 136.3 140.2
89 89.7 90.5 90.5 90.6 89.4 88.2 86.3 71.5 58.8 72.9 94.8 102.7 107.6 111.8 112.5 89.5 67.1 61.6 73.9 80.4 83.3 83.6 83.9 83.7 83.6 82.9 82.7 82.3 80.5 76.1 73.3 75.4 76.5 77.2 74.9 72.6 70.2 68.4 66.2 65.2 63.6 60.3 37.3 37.9 39 43 44.7 46.6 50.3 53.8 64 73.4 79.2 85.6 92 96.5 102 107.1 111.1 114.4 118 122.2 124.4 125.8 127.4 129.6 129.3 127.4 124.2 119.8 114.4 109.7 108.5 115.7 123.8 129.5 134.9 140.6
82 83.1 85.6 87.5 88.2 88.5 88.3 75.1 58.4 58.6 74.6 96 107.4 111 111.8 102.4 80.9 63.2 62.2 75 80.4 82.7 83 82.8 82.4 82.2 82.2 82.6 82.7 80.6 75.7 72.2 68.1 71.4 72 70.3 69 67.8 65.6 64 61.4 60.4 58 46.2 37.5 38.6 41.8 43 44.2 46.3 47.6 50.8 59.4 69.3 76.3 81.6 87.5 94.1 99.5 104.4 109.6 114.6 119.1 124.4 128 132 135.6 137.8 137.7 136.2 133.6 130.3 125.7 121.9 119.8 120.5 122.3 130 138.4
74.9 76.2 79.2 82.2 84.8 86.6 84.5 62.6 55.9 60.8 75.1 101.6 110.6 111 97.7 80.8 66.2 59.1 63.4 75.6 80.1 81.8 82.2 81.1 80.9 80 79.8 80.1 81.1 80.7 78 76 73.3 67.2 62.2 63.9 65.1 64.9 63.9 61.8 59.3 57.1 55.4 52.1 37 37.7 39.6 39.3 42.3 45.4 48.9 50.5 48.5 54.7 63 71.4 78.7 85.1 91.3 96.8 102.3 108.4 115.5 121.7 128.5 135.1 140.7 144.4 146.3 145.8 143.9 142 139.1 135.9 134.1 133.7 133.9 133.6 133.4
66.6 67.4 69.8 74.2 78.7 78.6 73.1 57.4 55.8 60.5 75.1 100.4 109.8 101.1 79.9 59.6 58.8 59.8 67.9 75.4 78.9 81.4 81.2 78.6 77.3 75.8 76.5 77.6 78.6 79.7 79.4 79.3 77.9 73.7 68.5 61.8 55.7 59.6 60.5 58.2 56 53.3 52.4 49.8 39.8 37.4 38.8 42.2 43.9 45.7 52.7 62.4 61 56.1 53.9 60.7 68.7 74.9 82.5 88.7 94.4 99.7 109.3 120.2 129 136.4 143.8 149.2 152.1 152.1 151.1 149 147 145 144.7 145 145.4 144.9 144.6
65.7 63.5 61 61.3 66.7 70.6 69.3 56.2 54.9 58.6 73.1 94.3 96.9 85.8 66.5 57.2 57.3 62.4 68.7 73.2 76.6 79 78.9 77 74.9 71.1 73.3 75 76.2 78 78.7 79.5 77.3 73.2 68.8 64.9 59.6 49.6 56.6 55.2 51.8 49.9 48.4 46.8 42.1 36.8 37.7 42.3 43.7 46.3 54.5 64.5 67.2 68.6 63.5 55.8 61.4 65.1 69.3 74.9 84 95.5 108.1 118.9 127.9 136.5 144.4 150.3 154.5 156.3 154.1 152.2 150.2 149.3 150.1 151.5 152.2 152.4 151.7
70.5 67.8 65.5 60.7 56.4 61.6 63.3 59.6 53.2 55.9 68.3 79.8 81.7 75.3 57.6 53.9 58.5 62.7 68.8 72.5 76 77.5 77.1 76.4 74.5 72.2 69.4 72.2 73.8 75.6 77 76.9 75 69.9 66.1 62.2 58.2 51.2 51.4 50.8 48.4 46.2 45.2 42.7 39.5 36.8 37.4 41.3 43.9 46.9 54.6 62.9 69 73.3 73.5 62.1 65 74.8 78.3 79.7 82 92.7 105.5 116.6 126 134.3 142.6 149 153.3 155.5 154.4 152.9 151.4 150.9 151.6 152.7 153.8 155.1 155.1
76.8 73.7 70 63.7 59.5 56.9 53.8 55 53 53 62.2 72.9 75.6 67.3 54.8 54.7 59.8 65 70.3 73.6 75.3 76 76.4 76.4 74.9 73 70.7 67.7 71.4 73.2 74.3 74.3 70.5 65.8 61.9 58.4 54.8 51.1 46.8 47.4 45 43.4 41.9 39.4 37.2 36.6 37.2 39.9 43.1 45.6 52 60.5 68.9 75.1 77 76 61.4 70.4 80.4 87.7 91.3 93.4 103.9 114.5 124.1 132.3 139.7 146 150.8 153.2 152.7 151.6 150.6 150 150.2 150.9 151.9 153 154.5
82.4 77.6 71.7 66.8 63.7 60.6 57.9 52.8 51.9 49.8 58.1 67.8 70.6 58.5 52.4 55 60.9 65.9 70.7 73.3 74.9 74.4 74.1 73.2 73.3 72.3 70.3 67.9 66.9 70.5 71.4 70.3 66.1 61.6 57.3 53.8 50.6 48 44.4 43.3 41.9 40.3 38.6 36.9 36.6 36.6 37.1 40.7 44.6 50 55.8 65.1 72.5 74.9 82 83.6 76.2 66 72.2 86.8 95 100.3 106.2 114.2 122.1 129.8 136.5 142.4 147.8 149.9 150.5 149.8 148.8 147.9 147.8 148.1 148.9 150 151.3
85.1 79.8 75.6 71.7 68.8 66.6 67.7 57.4 51.7 51.6 54 61.4 64.1 53.3 51.1 57 62.1 66.9 70.3 72.8 73.5 73 72 70.3 68.9 67.7 66.3 65 61.6 67.6 69.2 66 61.6 57.6 53.4 50.7 48.3 45.5 42.8 39.7 39.9 38.7 35.9 36.3 36.4 36.9 38.8 44.2 53.5 68.9 77.5 81.7 85.6 88.6 89.8 90.1 89.7 80.8 69.7 80.7 94.1 101.4 107.4 113.6 120.5 127.5 134.1 139.1 143.8 147.2 148.2 148.5 147.3 146.2 144 144.9 145.8 147 148
85.3 82.3 79.4 76.3 73.5 71 68.1 63.9 50.9 48.9 51.2 53.2 56.8 51.2 52.6 60.1 65.8 69.2 71.9 74 74.6 73.8 73.2 72.1 71.8 70.7 69.5 67.5 59.5 62.5 64.5 61.6 59.1 54.9 51.2 47 44.2 42.3 40.9 39.1 38.2 35.3 36.2 36.8 37 37.2 40.7 53.8 74 83.2 88.1 92 95.1 97 97.8 98.2 98.1 94.9 81.7 75.6 91.7 100.6 106.9 112.6 118.7 125.1 131 136.1 140 143 145.2 146.1 145.6 144.5 141.4 140.9 142.4 143.9 144.7
85.7 83.9 81.7 79.1 76.7 72.6 68.6 63 53.9 50.5 49.1 49.8 50.8 49.1 54.1 61.6 67.3 70.8 73.3 75.3 75.7 75.6 74.3 73.2 72.9 73.3 72.9 72.3 69.6 52.6 57 57.2 58.2 53.4 47.1 43.6 41.3 41.4 40.1 38.7 35.6 35.6 36.4 36.5 36.6 39.8 50.8 73.8 84.2 90.4 95.1 98.4 101.6 104.5 105.3 105.6 106.1 105.2 96.4 79.1 87.7 98 104.7 110.8 116.5 122 127.9 132.9 136.7 138.9 141.1 142.5 142.3 141.3 138.8 136 138.8 140.7 141.6
85.1 84.5 82.7 80.4 77.3 74.4 70.6 65.7 60.9 54 48.5 48.3 49.2 49.7 54.4 60.2 65 69.8 73.5 75.2 75.9 75.2 73.9 72.9 72 72.7 73.5 73.1 70.9 63.3 52.1 48.7 51.9 48.9 43.5 40.4 40.5 39.3 37.3 36.3 35.5 35.6 36.2 36.3 42.9 51.9 71.7 81.9 87.9 93.5 99 103.3 105.7 108.3 110.3 111.2 112.1 111.8 108.8 93.1 81.3 92.2 100.2 107.1 113.4 119 124.5 129.4 132.7 135.2 137.2 138.3 138.5 137.5 136 130 134.3 137 136.9
84.3 83.9 82.3 79.5 77 74.8 70.1 65 60.8 56.4 49.7 46.4 46.8 52.4 59.3 64.9 68.5 70.7 73.1 74.4 75.1 74.3 72.2 70.3 69.2 70.4 71.3 71.1 68.8 64.8 59.1 52.1 43.4 43.7 41.3 40.4 38.8 37.8 36.2 35.7 34.5 36 36.8 42.9 57.9 67.1 76.8 82.8 88.7 94.7 100.1 105.4 109 111.7 114.2 116.1 116.9 117.4 115.8 109.1 95.5 89.2 93.2 101.7 108.9 115.2 120.8 125.4 129 131.6 133.7 134.4 134.4 133.6 131.1 127.5 129.9 131.2 131.5
84.2 83 81 78.1 75.1 71.4 67.2 62 58.1 54.7 51.3 47.8 45.4 53.7 63.6 69 72.3 73.9 74.3 73.9 73.6 72.6 70 66.6 64.8 65.7 66.3 66.4 64.9 61.5 56.4 52 47.7 42.7 39.3 38 37 35 35.3 35.4 35.4 36.2 39.2 57.3 65.7 72.5 78 83.6 89.9 95.5 101 106.4 111.1 115.5 117.9 121.6 122.4 123 122.1 120.7 113.9 105.3 99.8 97.3 103 110.5 115.6 120.2 123.9 128 130 130.9 131.2 129.6 127 123.8 123.7 124.4 124.6
83.8 82.5 80.7 77.8 74.4 70.7 65.6 59.4 55.2 51.8 49.3 45.8 46.4 54.4 66.3 71.5 74.9 77.6 77.3 75.4 72 69.6 68.1 64.1 60 59.7 60.5 60.3 59.4 57.3 53.7 50.7 47.3 43.2 39.7 37 36.4 35.1 35.6 34.2 36.1 46.5 58.3 63.4 64.1 72.7 78.6 84.6 89.6 96.6 103 108.7 113.8 118.7 122.8 125.5 127.2 128.5 128.4 126.9 124.3 120.8 116 111.7 107.4 106.7 110.7 116.2 120.7 123.7 125.6 127.4 127.2 125.1 122.8 119.3 115.4 115.9 114.8
