public/OST50/SN13.asc
ncols 200
nrows 200
xllcorner 210000
yllcorner 230000
cellsize 50
[rows 0 to 34 of 200, columns 0 to 77 of 200]
122.9 124.8 126.3 126.7 127.1 127.6 128.3 128.3 127.4 125.6 124.2 121.6 119.3 112.3 118.3 122.5 125.7 129.1 132 134.9 137.6 140.2 143 146.6 149.5 151.5 153 152.3 150.1 148.4 146.6 143.2 139.4 134.7 129.6 125.5 122.1 111.3 85.5 66 59.5 71.4 90.3 102.7 114.1 121.9 128.2 132.5 135.3 137.1 138.1 139 139.3 138.5 139.3 140.5 142.2 143.6 145.1 146.1 147.3 148.5 149.7 150.7 152 154.7 157.4 160.4 162 164.2 166.1 168 169.9 171.4 172.9 174.4 176.4 178.3
124.1 125.1 125.7 126.1 126.7 127.1 127.6 127.1 126.1 124.2 123.9 122.3 109.4 102.3 116.4 122.4 126.1 128.9 131.5 134.4 137 139.6 142.5 145.9 149.7 151.5 153.3 153.5 152.3 151 148.9 145.8 142.3 137.4 132.7 128.5 124.6 115.4 87.2 68.4 59.5 67.3 82.4 92.8 104.5 118.4 126 131.8 135 136.4 137.2 137.6 138 137.8 138.8 140.1 141.8 143.5 144.9 146.3 147 147.7 148.6 149.8 150.8 153 155.6 158.2 160.6 162.6 164.5 166.5 167.8 168.8 170.2 171.8 173.5 175.9
124.6 125.5 125.5 125.8 126.3 126.8 127 126.1 124.8 122.9 122.5 121.3 106.3 105.8 121.7 124.4 127.4 129.6 131.9 134.3 136.7 139.1 142.7 146.3 149.7 151.9 153.6 154 153.6 152.2 150.2 147.5 143.5 138.4 133.8 129.2 125.3 120.3 97.1 74.1 61.5 56.6 68.7 78.6 94 114.1 126.6 130.6 133.7 135.3 135.8 136.3 136.7 136.9 137.9 139.5 140.7 141.8 143.5 144.7 145.6 146.3 147.1 148.5 149.8 151.3 153.3 155.3 158 159.8 162.3 164.1 165.3 166.3 167.3 168.2 171 173.1
125.2 126 125.8 125.7 125.8 125.7 125.2 124.2 123.2 119.7 111.2 99.9 93.4 114.9 122.2 125.5 127.8 129.9 132.4 134.7 137 139.4 142.4 146.4 149.6 151.9 153.5 153.9 153.3 152.4 150.2 147.3 143.1 138.1 132.8 128.3 124.6 121.4 109.8 88.3 69.6 58 56.8 68.7 84.5 108.8 124.4 128.2 130.7 132.2 133.6 134.1 134.5 135.5 136.4 137.6 138.5 139.8 141.2 142.3 143.2 144.1 144.9 145.7 146.7 148.5 150.1 151.8 154.3 156.3 158.7 161 162.4 163.5 164.5 166 167.8 169.8
126.7 127.2 126.5 125.4 124.6 122.2 122.7 121.7 121 117.2 96.6 93.2 112.1 118.3 123.5 126.1 128.3 130.2 132.4 134.6 136.6 139 141.9 145.8 149.1 151.5 152.8 153 152.5 151.3 149.4 146.3 142.2 137.6 131.9 126.8 123.5 121.2 114.8 104.8 88.9 77.7 56.1 62.1 76 104.6 120.9 122.5 124.5 125.9 127.7 129.9 132.1 133.2 134.7 135.6 136.3 137.3 137.9 139 139.9 140.5 141.5 143.1 144.6 146.1 147.4 148.3 150.5 151.9 154.7 156.7 158.2 159.6 160.7 162.3 164.3 166.4
128.4 128.5 127.5 126.2 123.2 110.6 120.4 118.3 118.6 112.3 95.6 96 118 121.8 123.5 126 128.1 129.6 131.7 134 135.8 138.1 140.8 144.4 147.8 150.1 151.2 151.4 150.7 149.6 147.4 143.8 140 135.7 129.9 125.2 120.7 117.8 112.9 103.7 92 76.9 56.5 58.5 74.4 106.7 120.8 123 123.8 123.4 122.8 124.9 129.1 131.5 133.1 133.8 134.3 134.4 134.6 135.2 136.1 136.9 138.2 140.1 141.8 142.9 143.8 143.7 145.5 147.6 148.9 150.5 152.5 154.7 156.7 158.3 160.3 162.4
129.6 129.5 128.5 126.4 115.6 107.1 115.5 115.5 114 98.2 79.1 98 120.2 122.2 123.7 126.1 127.5 128.9 130.3 132.5 134.7 137.4 140.1 142.8 145.7 147.9 149 148.9 148.1 146.6 144.6 141 137.1 132 127 121.9 115.8 110.9 102.6 90.6 78.6 64.2 54.5 59.2 79.2 109.3 117 122 124.7 125.8 121.6 121 124.9 130 131.2 131.4 130.5 130 130.9 130.9 131.4 132.1 133.3 135.1 136.9 137.7 137.8 138 140.1 141.9 143 144.7 147.4 149.8 152.5 154.3 156.3 158.3
129.2 129.3 128.1 125.9 104.7 93 102.6 114.8 97.4 79 82.7 109.6 120.5 122.1 123.6 125.1 126.4 127.3 128.5 130.3 132.8 137.1 138.9 140.6 142 143.8 144.9 145 144.1 142.4 139.7 136.2 132.2 127.5 122.5 116.7 109.2 97.8 85.9 74.2 61.1 52.8 60 63.7 86.6 104.2 111.2 116.1 121.1 125.3 125.3 118.5 120.9 126.9 127.8 126.6 123.8 122.9 123.1 125.4 125.6 126.8 127.9 129.5 130.7 131.6 132.3 133.3 135.1 137.2 138.9 140.8 143.3 145.7 148 150.3 152.2 154.1
126.8 127 125.7 119.5 97.1 78.8 89.8 90.9 75.2 70.4 95.8 115.9 118.9 120.2 121.8 123.1 124.3 125.6 126.5 128 130.1 132.7 136.2 138.2 138.4 138.1 138.3 138.1 136.8 135.2 132.3 129.9 127 122.6 118.5 112.6 101.5 82 67 54.1 53.3 66.4 72.5 71.1 87.9 98 103.9 109.9 115.1 119 121.3 120 111.1 110.7 122.7 121.1 117.1 115.9 117 119.5 119.5 120.9 121.9 123.2 124.7 126.2 128 128.9 130.6 133.5 135.3 137.3 139.8 142.2 144.2 146.2 148.6 150.3
122.3 122.3 119.2 107.8 83.9 66.6 69 62.6 65.8 86.7 106.4 114.6 116.6 117.6 119.1 120.8 121.9 123.1 124.4 125.9 127.6 130 133.1 135.3 134.6 132.8 132.1 131.4 130.1 128.5 126.8 125.5 123 119.2 115.1 110.4 93.4 65.1 51.4 57.4 74.4 79.2 76.2 80.2 91.2 90.9 94.4 102.8 106.9 110.1 112.1 112.6 112.7 105.3 98.6 96.8 92.7 95.5 102.9 107.7 112.3 115 118.3 120.3 122 123.2 124 125.4 127.1 130.4 132.9 134.9 136.8 139 141.4 142.8 144.7 146.5
116.1 115.8 113.2 98.7 71.2 52.8 52.1 66.3 84.6 104.4 109.3 114 115.7 117.1 118.2 119.4 120.5 121.3 121.9 123.8 125.6 127.7 130.2 133.1 133.9 127.5 126.3 125.2 123.9 123.7 123.3 121.6 117.4 114.5 110.4 105.7 84.2 52.8 57.4 67.4 76.1 80.5 79.8 81.6 90.8 83.8 84.5 92.6 98.7 100.6 102.9 105.7 107.8 108.8 106.9 88.3 103.4 102.9 106.2 109.7 111.3 114.8 119.8 121.8 124.2 125.3 126 125.5 126.3 129 130.8 132.7 134.1 136.5 138.7 140 141.6 143.3
110 111.6 109.8 90 64.7 46.1 60 82.3 98.9 104.4 108.7 112.9 114.9 115.7 116.7 117.8 118.8 119.7 120.4 122.2 124.1 125.9 128.7 131.3 132.8 127.1 123.6 121.2 118.5 117.5 116.9 112.9 110 107.6 104.5 100.6 71 49.9 61.4 68.7 75 78.7 77.1 72.6 73.5 76.2 74.4 81.3 86.6 89.4 93 96.7 100.4 102.5 99.9 87.7 95.9 96.9 100.1 101 109.2 117.2 122.1 124.9 125.8 126.9 127.9 127.7 127.3 127.9 129.5 130.4 132.1 134.4 136.3 137.9 139.6 141.4
104.9 106.6 104.9 82.3 61.9 42.7 59.4 88.2 100 104.3 107.3 110.9 113.2 114.3 115 115.9 116.9 117.1 117.9 120.6 122.8 125.1 126.8 129.1 125.4 123.8 119.9 116.9 114 110.9 108 104.9 102.8 100.2 97.4 91.8 71.6 50.7 61.9 68.8 73.9 76.4 74.2 68.8 65.7 64.2 65.6 68.2 71.1 76.5 80.3 84.3 86.7 88.1 82.5 80.5 85.4 91.8 94.8 105 113 119 122.7 124 126.8 127.3 127.9 128.9 128.6 128.1 129 129.2 131.1 133.1 134.9 136.2 137.5 139.6
100.6 101.1 99.1 84.4 62.8 40.6 57.7 85.9 99 103.3 104.9 107.5 111 112.7 112.9 113.8 113.4 113.1 115.9 118.5 121.7 123.9 125.4 126.7 123.5 118 115.8 113.4 110.3 106.7 101.1 87 85.2 84.1 83 83.8 70 50.1 60.7 69.4 73.7 74.3 70.7 66 60 58 64.1 69.9 66.5 66.5 69.5 71.6 74 79.8 83.8 87.9 94.8 100.5 105.1 110 115 118.5 120.6 122.3 124.2 125.9 126.7 127.7 128.4 128.3 127.6 128.6 129.9 131.4 132.9 134.1 135.6 138.6
96.6 93.2 85 78.7 59 36.7 54.7 86 96.1 100.4 102 103.6 106.9 109.9 110.5 108.5 109.1 109.9 113.5 115.7 117.6 121.2 123.1 122.9 118.5 115.4 112.8 110.4 107 102.5 90 72.3 73.1 70.8 69.6 65.1 49.5 49.4 60.4 67.4 73.3 74.9 71.1 64.3 55.9 62.6 75.8 81.8 83.6 84.2 83.5 84.1 86.4 90.9 98.1 102.2 103.8 105.3 107.3 110.8 113.9 116.4 117 119.8 121.2 123 124.1 127 128.1 128.8 127.6 127.2 128.4 130.4 131.8 132.5 134.3 136
91.1 72.3 60.2 54.9 42.3 36.5 54.9 82.4 93 97.1 98.8 100.3 102.4 104.6 105.8 104.6 104.8 106.8 109.8 112.8 113.9 115.9 119.5 117.3 115.1 112.9 110.5 108 104.3 100.1 83.4 70.8 66.1 64.3 59.6 51 47.9 56.4 62.9 69.8 78.1 78.8 74.7 65.1 54.1 56.5 72.8 82.3 86.1 88.5 91 93.4 95.2 98.5 102.9 104.8 104.7 105.3 106.6 108.6 110.1 112.3 113.2 115.8 118.2 119 120.5 123.4 125.7 127.6 127.7 124.2 127.6 129.4 130.7 129.2 132 133.1
74.2 51.5 36.1 31.9 35.9 48.8 69.4 84.2 90.1 93.8 95.3 96.8 97.7 99 99.7 100.2 98 102.6 106.6 109 110.5 109.8 112 111.7 111.2 109.8 107.7 105.6 102.6 98.8 79.5 68.8 66.1 62.2 57.2 50.7 48.7 60.5 69 76.7 83.4 83.2 61.9 51.1 51.3 55.3 66.4 79.5 86 92.2 95.1 94 94.2 97.1 100.9 102 102.4 102 101.8 103.2 104.7 106.7 108.5 111.4 112.9 113 113.7 117 121 123.8 125.8 123.3 125.3 128 128 122.7 126.8 123.9
35 28.6 27.5 41.4 55.2 69.3 70.7 78.9 86.4 89.6 91.7 91.8 91.3 91.3 92 92.6 96.7 100.2 102.6 104.9 106.5 107.2 107.9 108.1 107.5 106.6 105 103.1 100.4 96.4 75.6 64.6 65.7 67.5 65.6 58 48.2 57.1 68.1 69.7 61.4 49.8 67.5 81.3 63.1 54.7 63.5 75.7 83.1 85.7 83.6 85.4 85.8 88.4 91.2 93.5 93.4 93.9 93.4 95.1 97.7 100.1 102.6 104.4 105.2 105.7 107.6 110.2 114 118.5 119.5 116.8 120.6 121.6 118.4 115.9 126.8 132.8
26.9 27.1 26.7 28.1 29.1 33.3 41.3 54.4 68 84.6 87.3 84.7 72.6 75.5 83.5 88.7 93.8 97.5 99.9 102.3 103.1 103.8 104.3 104.8 104.5 103.5 102.1 99.4 97.1 93.8 75 58 62.4 68.7 72.9 62.9 45.5 46.9 49.2 64.4 74.6 88.1 91.7 87.6 78.3 59.6 56.3 59.2 61.4 60.4 62.6 68 69.3 73 72.5 75.9 83.1 83.6 85.4 87.4 89.8 93.3 94.6 95.7 98.3 101.5 103.3 105.2 106.3 109.7 110.6 107.5 106 112.4 116.1 125 128.7 131.9
25.9 26.4 25.4 25.4 25.4 25.4 25.4 26.4 36.3 54.2 71.8 67.3 49.1 67.9 79.4 85.2 90.7 95.5 98 98.4 97.7 100.3 100.3 99.7 99.4 96.3 93.7 95.9 86.8 85.8 71.6 49.4 54.1 65.8 70.5 66.3 45.9 58.2 74.2 86.9 91 92.6 92.1 90.7 81.2 75.3 58.9 56.8 58.9 66.3 69.3 70.6 73.8 76.9 79.7 80.4 79.5 81.8 86.8 87.4 85.9 86.4 89.8 92.7 94 96.7 99.1 103.7 108.7 109.4 111.3 113.2 117.6 121.4 124.4 127.1 129.5 131.9
24.7 24.3 24.3 24.2 25.5 26.9 27.3 25.7 29.6 30.7 35.2 33.8 34.4 50.5 61.1 74.9 87.5 91.7 93.6 92.5 84.9 90.6 89.2 85.7 82.1 77.2 75.2 73.8 66.8 62.2 51.1 42.8 43.2 45.5 50.1 44.7 45.2 59.6 79.6 82.7 86.8 90.5 91 88.6 85 80.1 68.2 60 57.2 59.6 62.2 66.9 71.2 74.7 76.9 77.9 81.7 84 87.1 90.4 92.5 96.2 98 100.1 103.7 107.3 111.4 113.8 115.4 118.2 119.1 120.5 120.2 124.9 126.9 128.7 130.6 133.4
28.9 23.8 23.9 25.3 26.8 27.6 28.5 27.5 28.6 30.9 30.7 30.5 30.7 34.7 52.7 73.1 82.5 83.8 73.7 69.9 64.1 67.7 65.8 63.6 59.6 56.2 54.3 52.5 45.6 41.9 41.4 41 42.8 43.6 44.5 45.5 49.8 71 79.1 83.3 86.9 88.9 90 89.3 85.2 79.1 69.4 62.3 60.2 61.5 61.1 60.6 64 67.9 69.9 76.7 80 83 85.4 88.3 91.7 95.2 96.1 100.5 105 109.4 112.8 116.6 118.1 121.6 124.6 125.3 124.4 125.5 127 128.7 131.3 134.1
38.8 37.2 35.4 34.2 30.1 28.9 28.9 28.3 27.1 29.8 32 33.1 30.8 31.8 35.5 46.6 57 48.1 41.7 39 41.2 41.4 40.5 40.5 40.1 39.4 39.9 39.9 40.8 40.6 41 44.5 46.6 49.7 50.1 51.4 65.2 72.3 76.9 81 84.7 87.3 88.7 87.9 83.6 77.7 69.8 63.8 61.5 63.8 63 63.4 63.8 63.6 65 72.2 75.5 77.4 81.4 84.1 86.8 94.4 98.8 99.8 101.2 107.8 112.4 115.4 117.8 122.1 126.4 126.7 125.3 125.3 126.8 129.2 132.1 134.2
42.1 46.2 43.1 40.1 35.1 32.7 29.9 30 28.6 28.9 28.1 34.4 34.8 35.2 34 34.2 34.7 35 34.2 35.9 36.2 34.9 36.9 37.7 38.1 37.8 39.1 38.4 40 42.8 46.7 49.4 51.7 55 56.5 51.4 63.9 71.3 75.6 79.4 83.4 86 87.5 86.6 83.4 77.2 71 65.6 63.7 67.3 69 67.6 67.9 68.9 69.2 73 69.8 70.9 74.4 85.5 92.4 99 102.5 104.8 107.9 110.5 111.3 115 118.6 122.4 126 126 124.8 125.5 127 129.7 132 134
47.9 50.7 48.9 45.5 41.8 38 34.1 31.1 30.5 30.3 29.9 31.3 34.6 35.9 35.6 35.4 35.2 39.3 42.4 43.3 41.3 41 41.3 40.6 40.7 43.8 43.4 46.9 48.7 49.1 51 54 57.3 59.2 61.2 54.1 57.4 67.7 73.6 78.1 82.6 86.1 87.6 86.7 83.9 78.7 74.6 69.5 70 71.7 74.3 73.4 70.3 71.6 71.5 76.3 78.8 76.1 77.3 89.8 95.2 99.8 102.7 106.8 110.5 114.2 116.4 117.8 120.9 123.7 125.8 125.5 122.1 125.2 127.2 129.2 131.2 133.3
55.4 56.4 54.5 50.8 46.8 43.8 40.2 35.6 31.9 31.8 32.4 31.3 33.4 36 40 42.2 44.1 47.3 49.6 51 50.9 49.7 48.3 46.9 45.8 47.8 50.3 53.4 54.9 55.3 55.5 60.5 63.2 65.2 65.2 59.2 60.3 66.9 72.3 77.1 82.2 86 87.4 87.5 85.3 82.1 80 72.9 74.5 77.1 80.6 80.5 77.4 73.2 73.3 77.7 81.2 83.1 75.1 87.3 94.8 100.7 103.2 107.6 111.3 115.4 118 120.6 124.1 125 124.4 123.9 121.3 124.7 126.8 129.1 130.8 132.1
64.2 62.9 61.3 55.6 51 47.7 45.3 39.2 35.9 34.2 34.5 34 32.5 35.6 43.2 48.6 50.8 53.1 54.8 58 58.4 57.2 56 54 50.9 51.8 54.2 57.7 60.3 61.4 62 65.5 68.2 69.3 68.4 65.8 66.4 65.2 74.8 78.4 82 85.6 88 89.2 87.8 85.3 80.2 73 78.2 84 89.6 91 86.4 78.7 75.1 77.5 82.9 86.5 87.7 82.5 88.7 96.3 103.3 106.6 110.9 115.3 117.8 121.2 123.5 123.2 121.3 118.5 121.3 124 125.9 128.5 129.8 130.5
71.6 70.9 70.1 64.2 57.9 51.9 47.7 41.8 38.4 37.6 36.6 35.8 29.6 35.9 44.8 53.8 57 60.3 62.1 64.7 65.8 66.2 65.9 64.7 60.2 59 61.3 65.5 67.6 70.9 71.6 71.8 73.2 72.9 72.1 72.2 71.8 69.3 75 79.7 85 88.2 90.1 90.6 90 86.8 80.7 77.6 82.3 90.7 96.7 99.1 98 89.7 77.7 77.7 82.5 89.7 92 89.8 90 92.9 98.7 104.3 108.1 112.4 116.2 118.9 119.6 113.1 108.8 114 119.8 122.6 124.7 127 128.5 129
78 78.2 77.6 73 67.1 59 49.9 43.9 39 38.1 37.2 36.2 34.1 35.8 47.7 60.3 65.7 68 71.7 72 72.2 73.1 73.4 71.4 69.3 69.7 70.8 72.9 74.1 81.2 81.7 78.9 77.6 76.8 76.5 76.4 76 75 74.2 80.6 85.9 90.5 92.4 92.8 92.4 88.7 82.2 79.7 86.2 95.8 102 105.1 106.8 103.1 87.5 79.8 79.5 81.2 82.3 82.8 81.1 88.4 96.2 98.5 103 105.7 109.3 112.4 104.3 109.9 114.7 117.1 119 120.4 122.4 124 126.2 126.6
83 85 84.7 81.6 76.1 64.8 53.8 45.8 40.2 38.3 37.4 35.9 33.7 34.9 53.6 74.2 81.5 87 87.9 88.4 88.3 84.7 81.9 82.1 79.6 80.9 82.7 84 85.9 87.9 87.7 85.3 83.7 82 81 81.3 80.6 80.5 78.7 81.3 87.7 91.1 94.8 95 93.8 89.6 81.3 82.9 90.6 99.9 106.1 110.5 113.1 113.8 104.2 90.4 84.6 83.1 83.1 84.1 83.5 81.5 83.5 84.9 86.6 87.8 89.7 91.8 105.8 112 115.9 116.7 115.2 118.2 119.9 118.8 120.6 121.6
87.3 90.6 92.1 90.8 84.3 72.7 58.7 49.6 42.5 37.1 35.1 33.3 34.8 37.5 54.1 81.7 91.1 95.2 97.9 98.9 98.3 94.3 90.6 89 87.8 88.7 90.1 91.5 92.2 92.9 93.7 93.1 91.2 89.6 88.5 87.1 85.8 85.5 83.9 85.8 88.9 93.8 96.6 97.5 95.1 89.8 82.9 87.2 94.4 103.4 110 114.7 117.8 120 119.6 113 104.7 103.5 103.9 108.6 105.8 96.3 90.5 90 101 104.8 108.5 108.9 93.4 98.7 97.2 98.3 99.9 107.8 113.3 109.3 114.1 114.7
92 96.7 97.4 95.9 90.2 84.3 76.3 63.9 53.3 41.1 35.7 36.5 37.4 37.8 47.5 70.2 88.3 96.4 99.8 102.5 101.4 99.2 96.5 94.6 94.2 96 97.4 97.6 98 98.6 100.5 100.4 99.1 97.9 97.4 94 91.5 91.3 90.1 90.6 93.5 95.5 98.2 98.8 95.7 90.5 86.3 90 96.8 106.2 112.7 117.5 120.9 124.1 126.1 127.1 124.7 123.6 122.8 123 120.8 112.4 102.9 90.3 98.2 107.9 111.6 112 105.8 108.5 114.2 113.8 115.6 106.1 108.6 110.6 110.1 111.4
97.7 100 100.8 99.4 97.3 95.8 92.6 85.9 75 62.4 44.2 34.3 37.3 37.9 39.6 51 60.8 68.1 87.6 101.3 102.8 101.9 100.1 98.6 98.3 100 101.9 103.3 103.3 104.1 106.5 106.6 105.8 105.4 103.7 101.2 98.8 97 94.5 95.8 99 98.1 100.2 99.4 95.1 90.4 90.9 93.6 101.4 108.7 115 119.7 123.5 127.3 129.9 131.1 131.4 131 129.9 128.7 127.1 122.8 115.3 103.5 94.6 109.5 112.6 113.8 113.9 115.8 116.4 117.9 119.1 119.6 120.6 122.4 123.7 125.1
101.2 102.5 103.6 103.4 102.6 101.1 98.8 96 90.6 81.3 67.7 53.5 42.1 35.8 38.6 40 42.1 45.7 63.5 92.4 101.8 102.6 101.2 100.3 101.1 103 104.6 106.8 108.1 109.4 111.6 111.8 111.6 111.1 109.5 106.9 104.1 102.3 100.4 101.4 103.4 102.3 102.2 99.2 93.6 95.2 93.8 95.6 104.1 110.9 116.8 121.6 125.7 129.9 132.3 134.2 134.6 134.6 133.5 132.9 130.8 127.4 124.5 118 102.6 98.3 101.8 104.7 107 112.3 115.7 120.7 121.6 122.3 122.8 123.4 124.5 125
104.8 105.8 106.7 106.4 105.8 104.8 103.1 100.2 96.5 92.3 86.5 74 62.6 49.8 40.4 38.5 40.1 42.3 50.7 77.5 95 101.7 101 101.3 103.2 105.1 106.6 108.2 109.3 110 112 114.9 116.7 116.2 114.7 112.7 109.8 108 106.2 106.5 106.8 105.6 104.5 100.2 95.7 97.5 97.6 98 106.3 112.8 118.4 123.7 127.2 131 134.1 136.2 137.5 137.5 136.7 135.5 134.2 132.3 129.7 124.7 115 106.8 107.9 114.2 116.6 109.5 120 122.6 123.4 124.4 124.6 124.3 123.1 121.9
