public/OST50/SN13.asc
ncols 200
nrows 200
xllcorner 210000
yllcorner 230000
cellsize 50
[rows 105 to 139 of 200, columns 78 to 155 of 200]
151.1 150.2 148.7 146.6 144.5 141.6 136.8 137.5 137.2 136.7 136 135.7 134.7 133.9 133.2 134.4 136.3 136.9 137.9 139 139.6 140.2 140.8 141.4 141.8 142.3 142.8 143.1 143.4 143.8 144.9 146.2 147.3 148.7 150.8 152.3 154 155.5 155.9 156.7 157 157.3 156.6 155.4 154.7 153.8 152.3 151 149.7 148.1 146.6 145.5 145 145.4 149.4 152.7 156.4 160.5 165.4 169.1 171.1 172.5 173 173.1 171.8 170.4 168.4 161.7 163.3 168 170.2 172.4 174.1 175.5 175.8 176 175.7 175
154.3 153.3 152.2 149.7 146.7 143.3 139.1 141.1 140.6 139.9 139 139 139 136.9 138.7 139.1 140.5 141.5 142.3 143.1 143.3 143.6 144.9 145.4 146.3 146.9 146.9 146.7 147.5 147.8 148.3 149.3 150.3 151.7 153.2 155 156 157.5 158.7 158.7 159 158.8 158.1 157.6 156.6 156.3 154.4 153.9 152.2 150.3 148.9 147.6 146.9 146.1 148 150.9 154.1 157.6 161.6 166.2 169.9 172.2 173.7 173.6 172.5 171.2 169.4 164.4 164 169.3 172.6 174.3 175.9 177.3 178.2 178.3 178.4 177.8
156.6 156.7 155.5 153.9 150.1 146.4 144.7 144 143.6 143.9 143.2 142.9 143.9 142.7 143.4 145 145.8 146.8 147.4 147.2 147.4 148.2 149.2 150.1 151.2 151.5 151.8 152 152.6 152.6 152.5 153 154.8 155.7 156.7 157.8 158.7 160 161.3 161.2 161.3 160.8 160.4 160 159.5 159.2 157.5 156.5 154.8 153.4 152 150 148.8 147.7 148.7 151 153.7 155.6 158.6 162.8 167.2 171.1 173.2 173.7 173.2 171.9 170.3 165.5 164 170.6 173.5 176.2 177.8 179.6 180.6 181.3 181.3 180.4
158.7 158.8 158 156.9 153.1 148.9 146.9 146.5 146.6 146.9 147.4 147.9 147.5 148 149 151.2 152 152.9 153.2 152.9 152.7 153.3 154.3 155.4 156.4 157.1 157.7 158.1 158.9 158.4 157.9 158.3 159.1 159.9 160.7 161.5 162.4 162.8 163.8 163.8 163.8 163.5 163.1 162 162 161.3 160.6 159.9 158.9 157.2 155.5 152.7 150.5 149 151.1 153.4 155.7 157.2 159.2 161.2 164.8 168.9 172 173.2 173 172.1 170.9 167 164.1 170.7 174.4 177.2 179.7 181.3 183 184 183.7 183.2
160.4 160.7 159.7 158.2 155 152.6 150.2 149.9 150 150.2 151 150.7 151.3 152.8 153.9 156.5 157.1 158 158.9 159.5 160.1 160 161 162.7 164.8 165.7 166.7 166.8 166.8 166.2 165.7 165.6 165.1 165.7 166.1 166.7 167.5 167.1 167.2 166.8 166.4 165.8 165.9 165 164.7 164.6 164 163.8 163 161.9 160.2 156.4 153.1 151.4 153.8 156.4 158.1 159.4 161.1 163.2 164.6 167.7 170.7 171.8 172 171.4 170 165.5 164.1 170.4 175.1 178.6 181.3 183.6 185.4 186.6 186.4 187.1
162.6 162.4 161.3 159.7 157.1 154.6 153.8 153.5 153.6 153.8 154.6 154.9 155.4 157.3 159.1 159.9 161.9 163 164.3 165.2 166 166.8 168.1 170.8 172.9 173.9 175.1 176.4 177.3 177.2 176.8 177.3 177.6 176.2 175.2 174.8 173.9 172.2 171.9 171 170.2 169.2 169.2 169 168.9 168.9 168.9 168.1 167.5 166.2 164.3 160.1 154.8 153 155.6 159.9 161.2 162.3 164.1 166.4 167.2 168.7 170.3 171.2 171.3 170.4 168.5 167.1 165.7 167.7 175.1 179.3 183.1 185.8 188.7 190.3 191.1 191.1
164.2 164 162.7 161.1 158.5 157.3 156.5 156.2 156.6 157.1 157.4 158 159.1 160.6 162.2 164 166 167.9 169.4 170.9 171.4 173.1 175.6 177.6 178.8 179.9 180.9 182.2 183.4 184.3 184.9 185 184.5 184.2 183.2 182.1 180.2 178.1 176.7 175.4 174.4 173.1 173.5 173.3 174.2 174.3 174.2 173.6 172.6 170.9 167.5 162.7 156.3 156.7 159.5 164.3 166 166.6 167.9 169.4 170.6 171.4 171.8 172.4 172.6 171.9 171 169.1 167.8 167.4 172.6 178.9 183.5 187.7 192.1 194.6 195.8 196.2
165.1 165.2 163.9 162.5 160.9 159.8 159.2 158.8 159.1 160 160.4 161.4 162.3 164.1 165 167.8 170 172 173.7 175.4 176.9 179.5 182 183.9 184.8 186.2 187.8 189.6 188.6 190.8 191.7 191.1 190.6 189.8 188.2 187.3 185.1 184.3 183.3 180.7 178.6 177.5 177.1 177.7 178.4 179.6 180.7 181.2 179.5 177.6 173.4 166.6 158.7 161 163.4 166.4 170 171 172.1 173.1 174 174.8 174.7 174.6 175.6 175.1 174.4 172.9 171.7 170 169.5 176.6 182.5 188 193.6 197.4 199.8 201.6
166.8 166.2 165.1 163.9 162.8 162.1 162 162.1 162.3 162.4 163.6 164.2 165.5 167 169 171.3 173.8 175.6 178.1 180.5 182.5 186.3 189.2 188.9 191.8 193.6 194.6 195.6 196 197.5 198.2 197.7 197.2 195.6 194.5 193.5 191.6 189.9 188.2 186 183.9 182.2 181.8 181.8 183.2 184.5 185.6 186.3 185.4 182.8 180.7 172.2 162.6 165.5 170 171.4 174.3 175.8 177.2 178.1 179.1 179.5 179.3 178.7 179.1 179.1 178.4 176.9 175.4 173.2 171.6 172.8 180.7 187.7 194.1 198.8 203.8 206.4
168.3 167.9 167 165.7 165.2 164.9 165 164.8 164.8 165.3 165.4 168.1 168.8 169.6 171.7 174.5 176.7 179.1 181.5 184.6 187.3 190.4 192.7 194.9 197.5 200.1 202.4 204.2 205.3 205 204.4 204 202.5 201.7 200.8 199.2 197.3 195.8 193.4 191.9 190 188.3 187.6 187.1 188 188.8 189.8 190.4 189.5 187.1 184.1 178.3 161.9 171.7 175.1 177.1 178.7 181 182.9 184.8 186.2 186.4 185.7 182.9 182.8 184.5 182.5 181.3 179.6 177.7 174.9 172.2 177.5 185.3 193.8 200 205.8 211
171.2 169.9 169 168 167.6 167.8 167.9 167.8 167.9 168.7 169.6 169.9 171.5 173.5 174.6 177.5 179.4 182.1 184.6 188.4 191.1 193.9 196.2 198.7 201.7 204.6 207.2 208.6 209.6 210.5 210.5 209.7 208.9 207.7 206.9 205.3 203.8 203.4 201.2 199.3 197.2 195 193.2 192.4 192.6 193.1 193.9 194.7 193.9 191.3 187.5 181.9 169.9 178.2 180.9 182.6 184.4 187.3 190.2 191.9 193.4 193.2 192.7 189.7 188.1 188.6 188.2 186.8 184.9 182.1 179 174.3 176.4 181.7 190.5 198.7 206.9 214
174.3 173 171.7 170.7 170.6 170.9 171.4 170.8 171 171.9 172.8 173.3 174.9 176.5 177.7 179.7 182.2 184.8 188.1 191.3 194.1 196.7 199 201.4 205.1 208 210.3 212.1 213.7 215.2 215.6 215.2 215.2 214 213.2 212 213.3 212.8 210.6 207.8 205.6 203.3 199.8 198.4 198.3 198.1 199.1 198.9 197.4 195.1 190.9 182.2 172.9 183 186.5 188.9 191.4 194.7 198.4 201 201.4 200.6 200.1 197.3 197.2 195.7 194.2 192.3 189.8 187.8 183.1 179 178 180 187 196.4 205.5 214.9
178.3 176.8 175.2 174 174 174.4 174.8 174.8 174.5 175.1 175.8 176 177.9 179.6 181.4 183 185.1 188.3 190.8 194.2 196.6 198.8 201.1 203.5 207.1 210 212.7 215.5 217.9 219.9 221.4 221.8 221.5 221.2 221.1 221.3 221.1 220.1 218.3 215.7 212.7 210.4 207.8 205.7 206.7 206.3 205.6 203.8 201.7 198 190.7 179.9 178 186.7 192.5 195.3 198.4 202.8 206.6 209 208.9 208.4 207.7 206 205 203.4 201.2 198.3 195.4 191.9 187.4 183.3 179.6 179.8 184 192 202.2 212.8
183.6 181.2 179.8 178.3 178 177.9 178.3 178.6 178 178.9 179.2 179.7 181.3 183.1 185.1 186.7 188.6 190.7 193.1 195.5 197.7 200.4 202.6 205.2 208.3 211.9 214.9 218.2 221.3 224 226.1 228.1 228.4 228.3 227.7 227.2 228.8 227.7 225.8 223.7 222.3 219.7 217.1 217.1 217.1 215.6 213.8 210.7 207 200.7 191.8 182.7 183.2 192 197.4 201.7 206.3 210.4 216.3 218.5 218.1 217.1 215.4 214 212.8 211.5 209.3 205.5 201.6 197.6 192.7 187.9 184 180.2 183.2 185.9 196.9 207.1
189.6 186.9 184.7 183.2 182.2 182 181.9 182.1 182 181.6 182.5 183.4 185 186.2 187.2 189.9 192 193.8 196 197.6 199.8 203 205 207.6 210.4 214.1 217.7 221.5 224.9 228.7 231.4 233.5 234.6 234.4 234.3 236 236.6 236 236.2 235.4 235.3 233 231.1 230.5 228.5 226.8 223.5 220.4 215.9 209.1 201 186.8 183.1 194 200.7 208.2 212.9 218.2 225.4 228.1 227.6 226.4 224.9 222.2 221.3 219.5 216.5 213 208.1 203.1 198.2 193 187.9 183.2 184.4 190.6 193.8 201.2
197.4 197.1 191.9 188.3 187.1 186.3 185.7 185.4 185.3 185.7 186.6 186.8 188.6 190.5 191.6 193.7 195.5 197.6 199.5 200.9 202.7 204.9 207.5 210.6 213.4 217.1 221.2 225.4 228.8 232.6 236.4 238.8 240.7 243.4 245.2 246.1 246.5 248.1 249 248.2 247.7 245.6 244.5 241.6 239.5 236.3 233.2 230.1 225.8 220.2 212.5 196.2 187.5 197.2 206.3 213.1 218.3 225.4 233.5 234.7 234.5 233.8 232.8 231.2 230.1 227.6 224.6 220.1 214.9 209.2 203.8 198.9 192.8 187.9 183.6 195.6 200.2 203.4
206.9 204.3 199.4 194.8 192.3 190.8 189.9 188.8 189 190.2 190.4 190.5 192.5 194.1 195.5 197 199 200.9 202.9 204.9 206.7 208.7 210.7 213.7 216.8 220.7 225.1 229.4 233.1 236.8 240.6 243.1 246.8 249.9 252.6 256.6 260.3 261.4 264 264.2 263.3 260.7 257.7 253.4 249.1 245.4 242.8 239 235 229.7 222.7 210.5 194.8 196.6 210.3 217.7 223.5 230.6 238.4 240.1 239.8 239.2 239 238.6 237.3 235.4 232.2 228.1 222.4 216.2 210.6 204.7 198.1 191.8 185.7 197 205.6 208.2
214.7 211.6 204.1 199.8 197.5 195.3 194.1 193.5 193.8 193.5 194.2 194.9 196.5 198.2 199.4 200 202.8 205 207.1 208.7 210.5 212.8 215.1 218.1 221.3 225 229.3 234 237.3 241.1 245.2 251.1 257.8 260.3 266.4 274.1 278.2 280.9 279.7 280.1 276.6 271.6 269.2 265.5 259.7 252.8 247.8 244.2 241.2 237.3 231.5 221.7 208.3 196.9 213.1 220.6 226.5 233.4 240.7 243.8 244.4 244.2 244.6 244.6 244.1 242.4 239.1 235.2 229.7 223.1 216.9 210.5 203.8 196.7 190.8 194.4 211.3 214.8
226 220.7 209.6 204.8 201.9 199.7 198.3 197.6 197.3 197.8 198.3 198.8 200.5 202.1 203.6 203.6 207.1 209.2 211.5 213.6 215.6 218 221 224 227.1 230.9 235.1 239.5 244 248.6 255.1 260.8 266.4 275.9 282.6 290.2 295.3 299.1 299.2 297.8 293 288.8 282.4 276.7 271.1 261.5 254.9 249 245.3 241.4 237 230 221.1 208 214.4 222.8 228.2 234.8 240.9 246.1 247.7 248.4 249.4 249.7 250.1 249.3 246.1 242.1 236.8 230.2 223.9 216.3 210.1 203.2 194.9 197.6 217.2 221.3
238.7 223.4 213.7 209.2 206 204 202.7 202 201.3 201.7 202.6 203.3 204.3 206.1 207.6 208.6 211.1 213.5 215.9 218.6 221.1 223.5 226.3 229.5 233 237 241.3 246.3 251.6 256.8 262.8 270.5 280.2 289.8 296 305.1 314.2 316.3 312.5 310.1 305 299.6 293.1 283 278.4 270.4 261.7 255 249.7 245 240.4 233.9 227.1 218.3 217.2 224.6 229.7 236 241.9 248.2 249.6 251.3 253.1 254.3 254.8 254.1 252.6 248.8 243.6 238 230.9 222.8 215.8 208.7 198.6 198.7 221 225.6
242.9 225.9 218.1 214 211.2 208.6 207.3 206.5 205.9 205.9 207 207.7 208.7 210.6 212.3 214.1 215.2 218 220.4 223.3 226.1 228.6 232 235.1 239.3 243.2 247.8 252.8 258.1 263.3 271.2 284.3 294.4 302 309.3 320.3 329.5 332.1 330.5 324.1 316.8 309.7 300.9 290.5 282.3 273.1 265.8 259.6 253.6 248 243.1 237.7 231.4 223 221 226.1 232 237.1 243.5 248.7 251.5 253.5 256.2 258 259 258.8 257.4 254.8 251 246.2 239.5 230.9 223.1 214.7 202.4 201.5 224.6 229.5
238.2 230 223.8 219.6 216.8 214 212.6 211.6 210.6 210.8 211.5 212.2 213.4 215.3 217 218.8 220.4 222.4 225.2 227.8 230.7 233.5 237.3 241.4 244.9 249 253.9 258.9 264.9 272 281.2 292 302 307.9 318.5 334.7 342.1 347.3 344 335.8 326.9 316.1 306.2 295.2 282.4 273.5 267.7 261.6 256.3 250.8 245.3 240.3 234.2 227 226.4 226.1 233.6 238.5 244.2 249 252.5 255.6 258.4 261.2 262.6 263 262.2 260.6 257.5 253.9 247.6 238.6 229.9 221 208.1 206.4 226.3 232
241.1 234.8 229.6 225.2 222.5 219.8 217.8 216.7 215.7 215.4 216.1 217 218.2 220 221.8 223.7 225.7 227.1 229.6 232.3 235.6 239 242.4 246.2 250.4 255.1 260.2 265.2 271.8 279.3 287.8 301.1 311 317.8 326 342.5 355.2 360 355.4 343.3 330.8 318.6 306.7 295.8 283.3 273.2 268.1 263.3 258 252.6 247.3 242.1 236.6 230.3 230.4 228.9 235.2 239.8 244.6 248.8 252.5 256.4 260.1 263.3 265.4 266.5 266.7 265.6 263.5 260.2 255.2 246.6 237.3 230.6 219.2 204.7 227.7 233.9
245.7 240.1 235.4 231.5 227.5 224.8 222.9 221.8 220.2 219 220.8 221.7 222.9 224.7 226.7 228.7 230.2 231.4 233.5 236.5 239.6 242.9 246.5 250.1 255.5 260.9 265.9 271.5 278.2 285 295.7 307.1 316.8 323.2 333.1 349.2 360.3 362 356.7 342.1 329.8 316.1 303.8 292 281.6 274.1 269.1 264.1 258.9 254 249 243.9 236.9 235.5 233.9 231.2 237.2 240.8 244.9 248.8 253 257.4 261.6 264.6 267.3 268.8 269.3 269.1 267.9 265.6 261.9 254.9 246.2 239.2 231 211.7 223.4 235.1
249.9 245.9 241.6 237.8 233.6 230 228.3 227 225.2 224.8 225.6 226.5 227.7 229.6 231.6 233 234.3 236.2 237.4 240.5 243.4 246.4 250.4 254.4 259.2 265 270.4 276 282.7 290.7 299.4 308.8 319.1 327.5 344.3 353.4 352.5 347.8 339.8 327 317 307.8 298.2 288.4 281.2 275.3 270.4 265.4 260.2 255.1 249.6 244.6 241.8 238.4 236.9 235.5 237.4 241.7 245.8 249.5 253.7 257.8 261.9 265.3 268.3 270.5 271.2 272.1 271.7 270 267.1 262.6 254.7 247.1 240.2 224.5 223 236.5
255.8 252.3 248.3 244.7 240.9 237.5 234.9 231.6 230.1 230.1 230.5 231.6 233 234.7 236 237.2 239.3 240.9 241.8 244.4 247.9 250.5 254.3 258.3 263.1 268.7 274.2 280.1 286.4 294.2 303 310.7 319.8 327.3 337.1 339 339.3 332.8 323.4 315.7 308.7 301.1 294.5 287.6 281.3 276 271 266 261 255.5 251.1 248 244.6 242.5 239.9 238.8 239.2 242.6 246.3 250.4 253.9 258 261.7 265.3 268.3 271.4 273.3 274.7 274.5 273.7 271 266.7 260.6 253.5 246.5 233.8 234.6 238.7
264.2 260.6 256 251.8 248.3 243.8 239.7 236 235.2 235.3 236 237.2 239.1 240.6 241.7 243.5 245.1 246 247.1 249 251.6 255 258.5 262.3 267.1 272.5 277.9 284.1 290.4 296.9 307.7 313.6 319.8 325.2 331 333 329.2 320.3 315.3 311 304.6 298.8 293 286.7 281.3 276 271.5 266.6 261.6 257.8 253.8 250.7 247.4 245.1 243.1 241.8 242.3 244.5 247.9 252 254.5 258.3 261.9 264.8 268.2 271.4 274.1 276.1 276.5 276 274 270.5 264.7 258 251.2 246.6 242.8 240.7
275.2 270.5 264.9 259.6 255.5 250.2 245.4 242.2 240.8 240.6 241.8 243.2 245.1 246.8 248.6 251.1 253.4 254 254.8 255.1 256.7 259.4 262.8 266.8 271.5 276.8 282.5 288.6 294.8 301.9 307.9 314.2 318.2 321.2 322.3 321.7 319.2 315.8 311.8 307.8 302.1 296.9 291.7 286.7 281.4 276 270.6 267 263.2 259.5 255.1 253.4 250.5 248.1 246.4 245.6 245.8 247.3 249 251.7 255.2 258.1 261.5 264.8 268.2 271.6 274.5 277 278.3 278 276.5 273.5 268.7 261.7 255.5 250.5 246.4 242.9
281.6 277.3 273 268 263.1 257.7 252.1 249.1 247.4 247.9 248.8 250.4 251.8 253.7 255.6 257.9 260.2 261.3 261.3 261.9 263 265.5 269 272.6 277 282.8 288.4 293.7 299.5 305.2 310 314.2 318 319.6 320.3 319.1 316.8 313.7 310.1 305.5 300.7 296.1 291.2 286.5 281.5 276.5 272.5 268.5 264.8 261.2 257.5 254.8 252.1 250.7 249.3 248.3 247.8 249 250.7 253.1 256.3 259 261.8 265.1 268.5 272.2 275.2 278.2 279.7 280.3 279.1 276.5 272.1 266 258.9 253 248.3 244.4
289.4 284.3 280.7 276.7 272.8 267.6 260.1 257.2 256.5 256.4 257.6 259.2 260.9 261.9 263.2 265.4 267.7 268.8 269.3 270.7 271.5 273.7 276.9 280 284.6 290.1 295.2 299.4 304.8 309 312.9 315.9 318.1 319.1 319.1 317.5 315.5 312 308.5 304.4 299.8 295 291.5 286.6 281.7 277.8 273.9 270.2 266.4 262.7 259.1 255.9 253.3 251.7 250.7 250 250 250.5 252.8 255 257.8 260.5 263.6 266.8 270.3 273.8 277 280 281.8 282.8 281.8 279.1 275.2 268.9 261.2 255.2 249.9 245.6
298.6 292.3 289.2 285.5 282.1 278.2 272 268.1 267.4 267 267.4 269.2 269.9 270.5 271.4 273.7 275.8 276.9 278.6 280.5 281.3 283.2 285.3 288.9 292.4 298.2 301.6 306.2 310.5 313.6 316.7 319.4 320.1 320.5 319.6 317.7 315.5 311.8 307.7 304.1 300.4 296.2 292.4 287.7 283.4 279.3 275.2 271.5 267.7 264.1 260.4 257.3 254.3 252.8 251.6 251.2 251.9 252.7 254.5 256.8 259.4 262.5 265.7 269.1 272.6 276.3 279.1 282.2 284.5 285.4 284.2 281.5 277.9 271.6 264.2 257.6 252.1 247.9
307.4 300.2 296.4 293.6 290.3 287.4 284.2 281.5 280.6 279.4 277.6 279.1 279 279.8 280.8 282.4 284.3 285.9 288.4 290.3 291.5 293.1 294.8 297.9 302.5 306 309.8 313.1 317.1 320.7 323.5 323.4 322.7 322.3 321 319.2 316.6 313.6 309.8 306.1 302.4 298.3 293.8 289.1 284.8 280.6 276.4 272.5 268.8 264.8 260.6 257.1 254.2 252.9 251.8 252 253 254.1 256.3 258.5 261.1 264.5 267.9 271.8 275.7 279.4 282.4 284.6 286.7 287.7 286.7 283.7 279.7 273.3 267.3 260.8 254.9 250.4
312.6 306.6 302.9 300.5 299 298.2 297 293.7 291.5 289.3 288.2 288.5 288.7 289.5 290.8 292.2 293.5 295.5 297.7 299.8 301.4 303.4 305 307.2 309.9 314.4 318 321.3 324.9 326.5 327.2 326.6 325.8 324.2 323 321.2 318.2 315.4 312 308.5 304.3 300.2 295.3 290.7 285.9 281.4 276.9 272.5 268.5 264.1 259.8 256.5 253.8 252.7 252.2 252.6 253.5 255.4 258.2 260.8 263.2 266.7 270.4 274.6 278.8 282.4 285.6 287.6 289.4 290.1 288.8 285.9 281.6 275.5 270 264.1 258.5 253.5
316.8 312.6 309.1 306.9 305.9 306.4 307.7 307.2 304.9 300 297.9 298.6 299 299.3 301.3 303.5 303.4 305 307.1 309.3 310.4 311.5 313 316.6 320.5 326.2 329.2 330.2 330.7 331 330.8 329.9 328.7 327.2 325.2 323.1 320.6 317.7 314.6 311.1 306.8 302.1 297.6 292.1 285.9 281.3 276.8 272.3 267.5 263 258.2 255.4 253.2 252.2 252.7 253.1 254.4 256.5 259.1 262 265.2 268.9 273.2 277.5 281.7 285.7 289.2 291.2 292.6 292.6 291.2 288.1 284.2 279 273.6 268 262.5 257.4
319.1 315.5 313.1 311.3 311.7 312.6 314.4 315.3 314.3 310.1 307.7 308.5 310.2 311.2 314.2 314.7 314 314.9 317 317.9 317.4 318.7 321.7 325.3 332.1 335.6 335.8 335 334.8 334.3 333.2 332.1 331.2 329.7 327.6 325.2 323 320.1 317.4 313.6 309.1 304.1 299.3 292.6 286.1 280.7 276.2 271 265.7 259.7 256.4 253.7 252.2 251.4 251.7 253.1 255.3 257.6 260.1 263.4 267.5 272.4 276.7 281 285.3 289.1 292.8 294.5 295.7 295 293.4 290.7 286.7 282.5 277.2 271.9 266.7 261.3
