public/OST50/SN20.asc
ncols 200
nrows 200
xllcorner 220000
yllcorner 200000
cellsize 50
[rows 0 to 37 of 200, columns 0 to 83 of 200]
124.8 123.8 122.9 122.2 116.8 118.8 117.5 117 116.5 115.4 113.7 112.2 110.6 110.2 110.1 109.8 108.3 105.4 102.1 102.3 108.1 110.4 111.2 110.5 113.1 115.5 117.4 118 118.1 117.4 113.9 117.9 119.9 121.4 121 122.2 129.1 132.4 135.1 137.8 140.5 142.4 143.8 144.2 144.1 142.9 147.2 150.2 153.2 156.1 160.5 163.9 166.2 167.8 169.1 169.9 170.6 172.5 174.5 177 178.2 177.6 176.8 176.7 175.4 176.6 177.1 178.6 179.6 179.5 178.1 176.6 174.7 172 167.7 162.4 156.9 152.3 151.7 146.5 130.8 127.4 144 148.5
126.6 125.6 124.7 124 122.5 121.6 118 116.7 116.9 115.3 113.6 111.8 109.6 107.8 107.6 107.1 105.7 104.1 101.4 99.2 103.3 105.9 106.8 106.4 108.8 111.5 113.2 114.4 114 112.3 108.2 112.2 113.9 114.3 112.2 121.2 125.1 128.2 130.9 133.6 136.2 137.9 139 138.9 138 136.8 142.6 146.3 149 151.9 155.8 159.6 162.6 164.5 166.3 167.8 169.4 171.7 174.3 176.5 178.2 178.7 178 177.2 175.9 177.9 179.5 180.6 181.7 181.9 181.7 179.9 176.5 172.8 168.1 162.8 155 141.6 142 143.6 134.9 120.9 137.2 144.9
129.2 127.7 126.5 125.9 125.1 123.6 121.8 119.4 117.7 115.8 114 111.7 109.5 106.9 105.3 104.4 103.4 102.4 100.2 97.6 99.4 102.1 102.8 103.4 105.6 107.4 109 110.6 109.8 108.1 104.9 106.7 107 106.9 113.6 117.4 120.7 123.9 126.6 129.2 131.7 133.4 134 133.2 131.1 132.1 138.8 141.9 144.6 147.5 151.1 154.9 158.2 160.3 162.4 164.6 166.5 169.2 171.8 174.4 176.1 176.8 176 175 176.3 178.4 180.3 182.4 183.7 183.7 182.7 180.6 177.2 172.7 167.7 162.1 155.7 147.4 128 132.9 128.3 114.1 133.3 139.6
132.1 131.1 129.6 128.1 127.4 126 123.6 122.2 120.1 117.9 115.4 111.9 109 106.7 104.7 102.7 101.7 100.7 99.3 98.4 96.8 99.1 99.8 100.8 102.2 103.7 105.3 106.9 106.2 104 100 101.6 99.8 107.6 111 114.1 116.5 119.7 122.3 124.7 127.1 128.6 129 125.8 122.6 128.8 134.5 137.3 140 142.9 146.6 150.3 153.4 155.4 157.8 159.8 162.2 165.2 168.1 170.7 172.4 172.7 172.1 171.7 174.3 177.4 181.3 184.5 186 185.3 182.7 180.9 177.5 172.5 167.4 160.8 154.6 148 136.4 114.9 114.2 118.3 128.5 133.9
136.4 135.2 133.7 132 130 128.3 126.1 123.6 121.8 119.9 117.5 114.5 111 107.8 105.1 103.3 101.8 98.2 98.1 97.1 94.6 96.2 96.8 97.8 99.2 100.6 102 102.6 102.4 101 98.9 98.5 102.3 105.3 108.1 110.9 113.2 115.5 117.9 120.4 122.2 123.7 123.8 120.6 118 125.9 130 132.7 135.4 138 141.4 144.9 148 150.3 152.1 153.6 156.8 160.3 164 166.3 166.9 167.5 166.5 167.4 171.4 176 179.9 183 185 184.6 182.7 179.7 176.8 171.7 165.1 158.8 152.7 146.5 137.4 117.3 108.3 124.3 128.7 136.6
141.5 140.8 140.7 137.2 134.4 131.5 129 126.2 123.1 121.5 119.9 118 114.7 111.4 107.4 104.7 102.8 99.9 98.2 96.7 95.4 93.9 94.1 95 96.1 97.2 98.3 98.5 98.3 97.2 95.6 97.2 99.9 102.4 104.9 107 109.2 111.3 113.7 116.1 117.6 119 117.8 114.5 114 121.3 125.1 128.2 130.5 133 135.8 139.1 141.9 145.1 146.8 148.4 152.1 155.8 158.3 160.5 161.5 162 157 162.1 168.8 174 178.4 181.1 183.3 184.1 183.4 180.8 176.3 171.2 162.2 156.9 150.4 143.3 134.2 115 105.5 117.4 131.7 137.4
147.7 147.6 146.3 143.4 138.9 135.7 132.9 129.8 126.6 124.4 122.5 121.2 118.6 115.1 111.1 109 104.8 101.9 99.5 97.2 95.1 93.8 91.5 91.4 92.3 93.4 94.1 94.5 94.9 94 90.6 94.8 97.1 98.7 101.2 102.8 105 107.2 109.5 111.8 113.3 113.8 113.6 108.2 110.5 117 120.6 123.3 125.5 128.1 130.8 133.8 137.1 139.6 141.5 143.8 147.6 150.1 152.6 155 155.8 155.4 146.3 159.3 166.8 171.9 176.1 178.9 181.1 182.6 182.6 180.4 175.7 170.6 163.4 155.2 148.3 138.9 126.1 107.3 108.5 126.2 133.9 139
150.5 150.5 150.3 150.3 147.3 142.2 137.8 133.9 130.8 128 126.1 124.1 121.9 118.9 115.9 113.5 111.5 104.4 101.1 99 96.3 94.2 92 88.7 88.3 88.6 89.4 90 90.6 89.9 88.3 91.9 94 95.6 97.2 98.5 100.7 102.8 105.2 107.5 109 109.6 108.9 104.2 107.1 112.7 116.4 118.6 120.5 122.5 125.8 129.1 132.3 134.2 136.2 139.3 142.1 145.3 147.8 149.9 150.2 147.6 140.9 156.1 164 169.5 173.4 176.3 178.7 180.3 181.4 179.8 175.3 170.2 162.1 153.6 146.2 135.4 116.8 95.6 111.9 127.2 134.2 138.8
152.4 153.3 153.6 153.8 152.6 148.3 144.6 140.1 136.4 133.3 130.2 127.1 124.1 121 118.7 116.5 114.2 111.7 108.7 103.9 102.5 100.1 97.3 93.9 89.6 86.7 85.4 81.8 84.3 85.6 85.9 88.2 89.6 90.7 92.2 93.8 96.2 98.4 100.8 103.2 104.6 105.3 105.1 100.3 103 107.8 111 112.9 113.6 116.9 120.8 124.7 127.3 129.7 131.5 134.1 137.9 140.3 142.7 144.7 145.1 136.6 140.4 153.7 160.7 166.2 170.6 174.1 176.6 178.5 179.9 178.3 175 168 161.4 153.8 144.9 133.6 107.3 89.8 110 128 133.6 137.7
153.8 154.6 155.4 156.2 154.8 151.2 149.1 145.7 141.7 137.6 135.4 133.6 130.4 125 121.8 119.5 117.3 114.9 112.8 110 106.7 105.3 102.9 100.1 95.6 93.8 91.2 89.1 79.1 84.1 83.3 82.8 82.7 82.3 85.3 88.5 91 93.5 96.4 98.6 100.2 100.9 100.8 97.3 97.2 99.2 99.5 104.4 108.3 113.9 117 120.7 122.4 125.7 127.9 129.7 132.9 135.7 138.1 139.2 139.1 127.8 138.9 150.7 157.4 162.8 167.5 171.6 174.7 176.6 178.1 176.7 173.5 166.9 160.4 153.1 143.7 129.6 100.7 86 106.6 126.6 131.9 135.6
154.4 155.6 156.7 156.7 155.7 152.9 150.4 148 144.4 141.6 140.3 139.4 136.6 132.8 128 123.2 120.7 118 116.7 113.9 111.4 109 105.4 101.6 98 97.8 98.2 97.2 94 89.5 85.2 83.1 81.2 79.7 80.1 82.4 85.5 88.1 90.8 93.7 95.7 96.3 96.5 93.2 94.5 99.4 103 106 108.9 110.7 113.4 117.2 120.6 123.1 125.6 127.7 129 131.3 133.3 133.4 131.7 123 138 148.4 154.4 159.5 164.7 168.8 172.5 174.2 175.2 174 171.9 166 159.8 152.9 142.8 127.8 98.3 81.9 102 123.7 128.8 131.9
153.7 154.8 155.4 155.4 154.3 153.5 151.4 149.1 146.1 143.8 144.2 143.9 141.8 139.3 134.2 129.8 125 121.3 118.8 117.5 115 112.6 109.2 105.9 102.1 102.5 103.5 101.9 98.6 96.6 94.4 90.3 86.7 84.2 81.4 77.9 78.4 81.4 85.3 88.9 91 90.6 89.4 90.3 97.9 101.8 105.3 109 110.2 112.3 114.9 117.1 118.7 119.7 120.9 122.7 124.9 126.8 128.4 127.8 121.3 128.7 138.1 145.3 151.2 156.4 161.6 165.9 169.3 170.9 171.4 170.5 168.7 164.9 158.5 151.8 142.8 125.6 95.4 76.8 97.6 119.6 124.6 126.4
152.9 153.8 153.8 153.9 153.1 152.1 150.2 147.4 147 145.3 145 146.6 145.2 142.9 139.5 135.7 131.2 127.1 124.3 120.8 118.1 116 113 110.2 108.4 108.3 107.7 106.4 103.7 101.5 98.4 96 93.1 91.4 88.1 84.1 79.7 77.1 79.4 84.4 85.8 83 82.9 93.7 97.7 101.8 106 109.1 112.4 113.6 114.9 116.3 116.9 117.3 118 119.4 120.9 122.1 122.8 120.5 118.1 129.3 134.3 142.6 147.6 152.9 158.3 162.7 165.7 167.3 167.5 166.8 165.3 161.4 156 149.6 141.3 121.4 89.8 71.4 93.8 115.9 120 115.7
151.5 151.9 152.1 152.1 151.3 150.3 149 147.4 146.1 146.8 147.7 148.4 147.9 145.9 142.3 139.4 136.4 132.7 130.2 126.4 122.5 119.4 116.6 115.1 113.7 112.8 111.9 110.6 108.8 105.3 102.4 100.1 97.4 94.8 92 88.1 84.2 79.5 73.4 77.2 77.4 78.4 87.4 93 97 100.9 105.8 109.1 110.9 112.6 113.6 114.4 114.1 114.3 114.2 115.6 116.8 117 117.3 112.7 118.3 125.5 130.3 137.1 144.3 149.7 154.9 159.5 161.9 163.9 163.6 162.8 160.9 158.4 153.9 147.2 138.3 117.3 85 66.7 91.2 111.8 111.1 97
149.5 149.9 150.3 150.2 149.3 148.4 147 145.6 146.3 146.5 147.4 148.1 148.7 147.1 144.6 142.7 138.4 136.8 134.5 131.8 128.8 125.3 121.7 119.9 118.1 116.8 115.8 114.6 111.9 108.9 106.5 103.8 100.2 97.3 95 92.8 90.3 86.6 80 72.3 73.6 80.9 86.9 91 94.9 98.7 103.4 105.8 109.8 110.9 111.6 112.3 112 111.1 110.3 111.4 112.9 113 112.7 108.7 116 121.6 126.9 133.8 140.7 146.5 151.4 156 158.6 159.7 159.3 158.1 156.4 153.8 149.1 142.7 134.6 113.3 80.8 62.4 89.8 105.3 93.2 86.1
146.9 147.9 148.4 148.2 147.6 146.7 145.9 145.2 145.2 145.6 146.2 147 147 146.4 145 142.8 140.1 139.1 135.8 134.7 132.3 128.6 127.1 126.1 124.2 121.5 120.3 118.1 115 112.5 110 106.9 102.4 99.3 97 94.8 89.3 88.8 85.8 78.4 71.6 78.3 83.9 88 92 95.6 98.7 103.8 106.4 108.2 109.1 109.1 109.7 108.5 106.6 107.4 108.9 109.1 108.4 104 113.6 119 124.5 131.5 138.5 143.6 148.5 152.3 154.6 155.3 154.9 153.1 151.9 149.4 145.6 139.2 131.6 108.7 76.7 57.1 80.8 87.1 78.4 75.2
143.2 144.6 145.2 145.3 145 144.7 144.2 144.2 144.3 144.4 144.7 145.1 145 144.8 143.4 142.9 141.7 139.6 137.7 136.8 135.1 132.2 131.3 130.8 130.6 128 124.6 121.6 118.9 116.2 113.5 109.9 105.5 102 99.1 96.8 94.1 90.1 86.2 80.4 72.3 73.4 77.6 83.8 85.1 91.3 94.9 98.8 101.6 104.3 105 105.5 105.2 104.5 103.9 103.3 105 104.7 103 105.2 111.4 116.5 121.8 128.8 135.3 140.8 145.3 148.5 150.7 151.5 151.1 149.1 147 144.4 141.3 137.9 130.2 110 77.5 52.3 63.8 69.5 66.2 77
143.8 143.3 143.4 143.2 143 142.7 142.5 142.5 142.5 142.6 142.9 143.2 143.1 142.9 142.7 141.6 140.2 139 138.7 137.8 136.7 136.8 135.5 135.3 135.4 133.8 129.2 124.9 122 119.6 117.1 113.5 108.8 105 101.8 97.7 95.1 91.5 86.7 80.9 78.5 74 71.7 78.7 84.6 88.2 90.2 93.8 96.7 99.8 100.7 101.5 100.9 100.3 99.6 99.2 100.4 100.2 97.5 104.8 109.1 113.7 118.5 124.9 131.6 137.2 141.7 144.8 146.7 147.2 145.6 143.5 141.8 140.3 138.7 135 129.2 116.5 84.4 52.5 50.1 53.8 60.9 82.9
141.7 141.2 141.3 141.2 140.9 140.8 141 140.9 140.8 140.8 141 141 141 140.9 140.7 140.2 138.9 138 138.3 138.3 138.3 138.1 137.4 138.8 138.4 137.8 133.9 129.5 126.9 124.1 120.7 116.8 111.9 108 104.5 100.5 97 93.3 89.6 86.5 85.5 82.3 76 68.9 80 85.1 87.9 90.7 93 95.3 96.4 97 96.5 96 95.8 95.6 95.9 96.5 101.2 104.3 107.2 111.2 115.6 121.7 127.9 133.7 137.8 140.5 141.5 141.2 140 136.2 136.6 136.7 136 133.2 129.8 124 94.5 64.9 43.6 49.1 60.3 75.3
139.5 139.1 139.2 138.9 138.8 139 139.5 139.6 139.5 139.2 138.8 138.7 138.7 138.8 138.6 138.1 137.4 137.3 138.2 138.7 139 139.6 139.4 140.4 141.3 140.6 138.9 135.4 131.7 128.1 124.8 120 114.7 110.9 106.7 102.8 98.9 95.2 92.4 89.9 88.8 87.1 82.4 66.4 71.7 81.6 85.2 87.9 90.5 91.7 92.4 92.4 92.2 91.7 92 92.3 96 99.1 102.1 103.6 106.4 109.9 113.9 118.6 124.2 129.5 133.6 135.7 136.3 136.4 135.3 132.8 132.2 132.1 132.6 132 129.5 125.5 106.6 80.9 60.9 41.2 50.3 66.1
137.7 136.4 136.4 136.2 136.4 136.8 137.4 138.2 137.8 137.3 137 136.7 136.5 136.5 137.3 136.4 136.7 137.5 138.6 139.6 140.2 140.8 141.1 142 143.2 142.3 140.2 137.2 134.3 131.7 128.6 124.6 118.2 113.1 108.9 105 101.2 97.9 95 92.3 90.8 88.3 83.1 70.5 67 77.9 81.9 85.3 88.3 89.4 89.5 88 87.3 87.7 87.2 95.5 98.8 101.1 102 102.4 105.5 108.6 112.3 117.2 120.7 125 128.8 130.8 131 131.1 130.7 127.9 125.9 126.8 128 128.1 127.3 124.7 116.7 97.6 75.2 50.7 37.2 57.7
135.6 133.2 133.3 133.8 134 134.5 135.5 136.4 135.9 135.7 135.5 135.1 134.7 135.4 136.4 136.1 136.9 137.6 138.7 140 141.7 142.6 142.9 143.6 144.3 142.1 140.5 136.9 135.5 132.8 129.6 126.2 121.4 116.2 111.4 107.5 104 100.9 97.9 94.9 92.1 88.5 82.7 74.3 63 72.5 78.2 81.5 81.5 82.5 81.7 82.9 83.8 83.9 91 95.8 99.8 101.2 101.4 101.4 104.3 107.3 110.4 115.1 117.2 123.8 123.8 125.6 125.9 125.9 125.7 123.3 120.1 122 123.2 123.7 123.8 122.7 117.3 107.5 86.4 57.2 38.5 43.3
133.5 129.4 130.3 131.4 131.6 132.5 133.7 134.6 134.2 133.9 134 134 133.6 134.5 135.1 136.1 137.1 137.6 138.6 140.4 142.5 144 144.5 144.5 143.9 141.9 140.4 137 135.9 133.9 130.7 127.5 123.5 119.1 114.7 110.8 106.9 103.9 100.9 98.1 94.4 90.4 84.7 82.3 75.3 62.3 69.6 71.7 72.8 76.3 80.4 82.8 84.4 88.9 92.4 95.2 99 100.3 99 100.6 103.4 106.1 108.5 111.4 113.5 119.4 121.6 121.1 121.7 121.8 120 117.5 115.4 116.3 118.6 119.6 119.8 119.7 114.8 107.9 93 62 37.1 31.4
131.5 126.4 126.5 128.5 127.7 129.2 131.8 132.7 132.5 132.1 132.1 132.3 132.9 133.9 135 136 137.2 136.9 139.2 141.2 143.1 144.2 144.7 144.3 142.5 140.6 139.5 138 136.2 134.5 131.9 129.5 126.1 122.6 119.3 115.6 111.3 107.3 104.1 101.2 97.3 92.3 88.7 87.4 84.1 76.7 62.3 64.9 78.4 81 85 87.6 90.1 91.5 93.4 95.2 98.2 99.3 98.1 98.4 101.5 103.6 106 108.9 108.7 109.3 113.2 115.9 116.8 116.3 114.7 112.5 109.7 111 113.4 115.3 116.2 116.3 111.6 105.8 93 65.2 38.2 20.8
129.4 123.3 123.5 124.9 124.5 126.7 129.2 131 130.7 129.9 129.9 130.2 132.8 133.5 135.8 136.3 136.9 138.2 139.9 141.2 142.7 143.8 143.9 143.5 140.8 139.9 139.2 138 136.6 135 133.8 132.3 129 125.6 122.2 118.7 115.5 111.2 107.6 104 100.1 96 93.1 90.7 86.6 83.5 70.5 61.7 75.9 81.7 85.8 89.5 91.1 92.5 94 96.3 98.5 99.9 97.7 96.3 99.1 101.6 104 104.9 104.7 105.1 106.6 108.6 108.9 109.1 108.7 107.8 103.7 104.9 108.2 110.1 111.8 111.2 107.9 103.1 92 68.4 40.8 12.3
125.5 114.8 117.9 118.2 124.7 126.8 128 128.6 128.2 127.1 127.5 131.7 131 134.5 135.1 135.5 136 138 139.9 140.6 141.9 142.8 142.7 142.4 141.2 139.9 139.3 138.6 137.7 136.8 136.2 134.8 131.6 128.2 124.8 121.3 117.9 114.4 110.5 106.8 102.9 99.6 96.9 94.4 91.2 87.9 77.1 59.7 74.8 82.7 85.8 90.2 91.6 92.6 93.6 95 97.2 97.2 94.3 96.5 100.7 102.3 103.3 103.3 102 99.8 99.9 101.6 101.8 102 102.9 102 97.9 97.3 103.2 105.5 106.6 106.1 104 99.9 90.1 68.1 42.2 16.2
118.2 108.5 106.4 118.2 122.8 124.4 125.5 125.7 123.2 121.3 127.1 129.4 131 133.4 134.6 134.7 135.7 137.7 139.4 140.4 140.7 141.5 142 141.6 141.1 140.4 140.2 139.3 138.3 137.9 138.1 137 134.2 130.8 127.3 123.9 120.7 117.2 113.2 109.6 106.6 103.2 100.6 98.5 95.7 91.9 83 55.6 73.7 85.2 89.9 90.9 90.8 91.8 92.1 92.5 93.7 91.9 92.5 98.5 100.1 101.1 101.3 100.6 99.2 96.6 98.6 94.6 94.8 94.9 95.4 94.9 90.7 91.7 99.4 101.5 102 101.4 99.5 96.6 90.7 71.7 49.6 21.1
105.1 93.3 109.1 118.2 120.6 122.2 121.9 119.2 115.3 124.8 126.4 128.1 130.6 132.2 133.6 133.9 135.6 137.1 138.8 140.1 140.3 140.4 141.6 141.4 141.2 141.3 141.1 140.9 140.9 139.7 138.8 139.5 136.7 133.2 129.7 126.3 123.6 120.5 116.7 114.4 111.6 108 104.7 102.9 100 95.9 86.9 55.2 66.1 79.8 88.5 90 89.9 90.6 89.2 88.1 88.1 87.4 93 96.1 97.3 98.3 97.8 97.1 95.8 93.2 90.4 87.3 87.4 87.6 88.1 87.9 80.5 90.5 95.9 98.7 99.4 98.5 96.3 91.4 88.2 76.5 49.5 26.3
90.3 97.4 111.6 114.9 116.6 117.3 116.2 108 116.7 122.7 126 126.3 129 131.4 133 134.9 135.4 136.7 138.3 139.8 139.8 139.9 141 141.7 141.5 141.6 142 142.4 142.6 142.1 141.9 141.8 138 134.6 131.4 128.6 126.3 123.2 120.8 119.8 118.2 115.4 111.7 107.6 104.3 99.8 89.5 58.3 65.9 86.4 88.1 89.4 88.6 86.8 85.8 83.5 79.2 87.9 91.5 92.5 94 94.3 93.9 93.5 91.4 88.6 85.8 80.7 78.9 78.6 81.5 81.6 73.1 86.7 92.5 96.3 96.3 92.9 88.2 81.6 79.7 64.5 43.7 26.9
87.5 99.8 107.1 109.7 110.6 112 102.7 108.4 115.2 119.4 122.2 124.5 127.3 130 132.7 134.2 135.2 136.3 137.6 138.5 139.3 139.6 140.4 141.1 141.9 142.1 142.5 143.2 143.3 142.4 142.2 141.5 138.9 135.9 133.5 131 128.8 126.1 125.6 124.6 123.5 121.9 117.7 112.5 107.6 102.5 94.1 70.9 49.4 76.5 86.7 88.5 87 84.6 81.8 77.2 78.7 85.7 89.4 90.2 89.1 90.5 89.7 88.4 86.6 83.9 81 76.6 71.5 70.5 75.4 75.4 56.3 77.7 86 90.1 88.2 82.1 72.7 67.9 63.5 47.8 31.4 20.5
82.5 91.4 95.7 98.5 102.6 106.1 96 106.4 111.1 112.8 117.9 121.7 126.5 128.2 130.9 132.5 134.4 136.1 137.1 138 138.9 139.5 140.2 141.1 141.6 142.3 142.8 143.2 143.4 142.9 142.1 140.7 139.2 137.8 135.7 133.5 131.3 129.2 128.8 129.2 128.1 126.3 122.6 116.9 111.4 105.2 98 82.2 53.9 54.2 77.8 84.5 84.3 82 76.3 69.4 77.9 84.7 87.9 88.1 87.5 82.9 84.3 82.5 79.9 78.4 76.1 72.2 67 58.3 66.8 66.5 44.3 61.4 79.3 79.9 65.7 50.3 46.8 44.4 39.7 28 16.7 7.7
69.3 75.5 79.9 84.1 87 90.2 93.1 100.9 105.7 109.2 114.4 119.9 123.9 127.8 130.9 132.8 134.6 136 137.1 138 138.9 139.7 140.4 140.9 141.4 142.1 142.6 142.8 142.8 142.3 141.5 140.2 139.2 138.9 137.4 135.2 133.2 131.5 132.5 133.4 131.9 130.1 126.2 120.9 114.1 107.8 100.3 90.8 68.9 43.2 54.6 81 81.1 78.7 68.6 71.6 79.8 84 87 87.2 86.5 83.8 78.8 70.2 71.9 72.3 70.2 67 62.4 45.4 56.7 50.2 29.5 49.4 69 54.3 42.2 33.5 26.9 26.4 19.6 10.8 6.5 5.8
83.4 94.1 101.4 102.8 99.8 100.2 100.8 101.7 105.6 110.4 117.1 121.9 126.2 129.6 131.9 133.7 135 135.9 137 138 138.9 139.6 140.2 140.7 141.2 141.7 141.8 142.1 141.5 140.9 137.5 138.8 139.2 139 138.1 136.3 134.6 135.1 136.8 137 135.7 133.6 129.6 124.3 117.4 110.2 102.3 93.8 79.2 56.3 38.2 57.7 76.8 70.3 58.1 73.9 80.9 84.1 86.5 86.4 85 82.2 77.2 69.4 61.2 62.4 60.9 59.1 55.2 35.8 37.4 29 22.6 38.3 41.4 31.2 20 16 17.6 11.7 7.7 6.2 5.7 5
99.6 104.3 107.2 109.2 109.9 111.1 110.4 110 109.6 112.6 119.1 122.7 127 130.6 132.9 134.3 135.2 136.1 137 138.1 138.7 139.2 139.8 140.4 140.9 141 141.2 141 140.5 139.5 139.2 137.7 139 139.1 138.2 137.2 136.5 137.1 138.4 139.1 138.5 135.7 132.1 126.8 120.1 112.6 104.9 96.5 85.8 70.1 54.5 37.6 49.9 49.4 71.5 78 80.9 83.8 85.8 85.6 85.8 84 80.1 64.1 59.7 49.9 47.2 47.7 41 31.8 18.5 15.4 15 17.4 17.9 15.8 12.3 10.3 7.4 6 5.3 5.3 5.8 5.4
114.6 118.1 119.7 119.6 120.9 121.5 119.9 118.3 117.7 119 120.6 123.7 126.8 130.6 133 134.7 135.4 136.3 137.2 137.8 138.3 138.8 139.4 139.9 140.3 140.5 140.7 140.3 139.2 138 136.8 136.8 138.2 139.3 138.5 137.6 137.6 138.2 139.1 139.8 139.5 137.2 132.4 127 121.2 114.8 107.6 99.7 92.3 85.3 72.7 53.9 34.1 48.3 71.5 77.7 80.6 83.6 85.1 85.3 85.8 84.6 82.3 77 57.4 49.9 33.9 27.7 21.6 15.6 12.9 11.2 9.6 9 8.8 8.5 6.7 6.4 5.6 5.5 5.6 6.1 6 6
122.7 126.6 129.4 128.6 129.5 130.9 130.4 129 128.9 127.3 125.5 125.7 127.1 130.1 132.8 134.6 135.5 136.1 136.7 137.3 137.8 138.2 138.6 138.9 139.7 140 140.2 139.2 137.7 136.4 134.2 134.1 135.7 137.1 137.8 138 138.4 138.7 139.3 139.9 139.7 136.9 132.2 127.4 122.8 116.6 110.2 101.4 94.7 89.3 82.9 66.8 39.2 46.9 68.5 75.2 80 83.2 84.6 85.3 85.9 83.9 82.1 78.4 55.8 47.5 26.8 17.5 13.4 10.3 8.6 7.2 6.5 6.4 6.3 5.8 6 6.4 6.4 6 6.4 6.3 6.3 6.5
127.9 130.8 133.8 133.1 135.3 137.1 138.5 139 139.4 136.5 130.7 127.9 126.4 127.7 130.9 131.4 133.3 134.8 136.2 136.8 137.4 136.8 137 137.8 138.6 139.6 140 138.6 136.9 134.2 132 131.7 132.2 134.1 136.2 137.1 137.5 138.8 139.4 139.2 139.1 136.4 132.1 128.4 124.4 119.6 113.6 103.6 94.5 88.8 83.1 64.3 39.7 42 62.4 73.2 79.2 82.5 84.2 84.8 85.3 83.2 80.3 76.2 63.1 39 21.2 12.3 9.8 7.2 6.1 6.1 6 5.9 5.7 6.4 6.9 6.5 6.8 6.7 6.6 6.6 6.8 6.9
131.4 134.2 135.9 135.9 139.4 141.8 143.4 144.6 145.8 145.5 135.8 128 123.8 124.8 130.2 127.9 129.4 132.5 134.9 136.3 136.4 135.8 134.4 135.9 137.1 138.9 139.8 138.3 136.6 133.5 130 129 128.6 130.9 133.8 136.1 136.4 139 139.3 139.1 138.1 136 132.5 129 125.7 121.6 115.1 106.4 96.6 87.4 80.1 57.4 32.5 41 57.5 71 78.1 82.1 84 84.9 84.8 82.5 78.5 72.3 51.1 30.8 15.9 9.2 7.5 5.5 5.5 5.6 5.9 6.6 6.8 7.2 6.6 6.6 6.9 6.9 6.8 7 7.2 7.4
