public/OST50/SN20.asc
ncols 200
nrows 200
xllcorner 220000
yllcorner 200000
cellsize 50
[rows 0 to 37 of 200, columns 84 to 167 of 200]
152.9 157.3 162.1 165.6 168 170.5 171 171 169.2 167.8 165.6 163 159.9 155.3 151.1 153.5 153.4 152.5 151.4 149.4 145.1 134.3 120.9 105.4 104.1 113.8 128.3 138.7 141.1 142.5 141.6 139.9 137.6 134.5 130.5 126.6 123 118.1 109.1 95.1 80.5 70.6 86.6 98.4 110.5 119.7 123.6 120.5 116.9 105.5 88.7 104 122 131.5 137.5 139.9 138.7 134.7 127.9 122.2 115.5 119.8 120.8 122.2 122.7 119.3 118.1 117 115 106.3 81.4 61 67.5 90 97 98.8 98.4 94.4 88.7 82.9 74.3 68.9 64 59.5
150.2 155 159.8 163.5 166 168.5 169.8 169.5 168.1 166.8 164.7 162 158.4 152.8 145.7 148.1 149.6 145.1 143.4 141.8 134.6 120.9 104 108.3 114.4 128.9 143 145.7 147.3 146.9 146 144.5 141.1 137.6 134.2 130.8 127.6 123 117.9 109.4 94.1 75.3 71.3 84.1 96.4 106 111.4 113.7 110.9 100.1 81.7 96 118.1 128.9 136.6 138.5 136.3 132.3 121.9 115.9 110.3 113.1 113.9 116 116.5 113.2 112.2 111.6 108.9 92.6 65.6 52.7 68.9 83.6 86.4 87.8 86.5 82 74.8 65.3 58 55.8 53.5 50.6
146.8 151.9 157.4 160.9 164 166.7 168.5 168.8 168.1 166.3 163.5 160.6 157.4 151.6 143.1 142.5 143.5 136.9 128.8 125 116.2 109.2 113.4 118.8 134.4 147.3 150.1 150.5 150.4 149.9 149.1 147.4 144 140 135.1 130.1 125.3 123 119.9 115.4 103.3 85.4 69.4 67.2 76.1 85.5 96.6 102.5 103.3 92.7 72 90.6 115 127.1 134.9 137.6 135 129.3 117.4 109.9 100.2 101.9 101.7 104.3 107.5 106.4 106.5 105.9 101.8 80.8 52.6 43.8 64.4 74.6 73.9 74.4 70.9 64.9 55.3 46.9 44.4 43.1 41.2 41.2
143.4 149.9 154.4 158.5 161.5 164.3 166.5 167.4 167.1 165.3 162.5 159.1 155.3 148.2 140.4 130.4 127.1 121.8 124.7 126 122.8 122.8 126.7 140 151.7 153.8 153.7 153 152.3 151.5 150.3 148.4 145.8 142.1 136.4 129.6 121.5 115.4 112.6 103.1 91.8 84.1 87.9 70.4 55.3 63 70 76 81.2 75.3 58.5 90.2 115.5 123.6 130.8 132.9 130.3 124.8 115.8 105.5 74.6 65.7 64.6 72.6 85.5 94.4 100.1 97.3 91.6 73.2 44.1 36.3 56.4 63.5 60.4 57.5 52.4 43.6 35.6 32.3 31.1 32.4 36.2 47.4
143.1 148.2 151.9 156 159.3 162.2 164.2 165.6 165.8 164.2 160.9 157.6 152.5 142.8 138.7 139.4 138.5 138.6 140 141.5 137.6 140.1 147.2 152.9 155.6 156.1 155.3 154.5 153.8 152.7 151.4 149.6 147.5 143.8 139.1 132.4 124.2 114.4 110.3 107.2 103.5 101.7 97.7 84.9 63.9 48.7 41.2 45.4 51.2 49.6 55.3 85.6 112.2 119.3 124.9 127.2 124.5 118 113.3 103.2 80 54.5 45.5 50 60.2 81.5 89.3 86.1 81 68.1 42.8 30.6 46 50.5 45 38.8 31.8 26.6 25.7 27.7 31.1 33 35.9 42.4
141.8 146.6 150.3 153.9 157.6 161.6 162.5 164.2 164.2 162.7 159.3 155.8 149.8 144.2 148.9 150 150.2 150 149.4 149.3 148.2 149.5 153.5 155.7 157.5 157.7 156.6 155.5 154.4 153.5 152.6 150.8 148.8 146 142.1 137.8 132.7 128.9 126.7 125.8 123.9 121.5 113.2 98.9 83.6 67.4 51.7 30.7 24.3 28.4 49.9 76.8 101.9 109.7 114.5 117.8 116.3 112.4 108.5 102.6 90.3 65.8 43.4 35.6 44.1 63.8 70.9 67.1 64.5 54.3 40.4 23.7 31.4 31.6 25.2 22.2 20.9 25 29.8 39.9 48.1 49.2 47 42.7
143.4 147 151.2 155.8 159.5 162 162.5 162.6 162.6 161 157.7 154.8 151.4 150.6 152.4 153.1 153.5 153.3 152.9 153.3 153.1 154.4 156.3 157.5 157.7 157.8 156.8 155.7 154.5 153.6 152.8 151.9 150 147.7 144.7 141.3 139.5 138.1 137.5 135.6 133.3 130 125.6 118.7 104.9 90.7 75.4 55.6 34.1 16.9 35.2 62.1 87.7 97.8 103.3 106.6 106.9 104.9 99.8 96.4 88.7 74.2 50.9 30.1 31.8 43 46.5 46.2 45.3 42 33.6 17.3 16.5 15.8 16.2 20.5 27.1 38.4 51.1 56.2 55 54.1 54.8 54.5
142.3 146.8 151.9 157 160.1 162.1 162.5 162.4 161.4 159.6 156.7 153.9 152.9 153.1 153.9 154.4 154.9 155 154.6 154.3 154.5 155.9 157 157.5 157.8 157.5 157 155.8 154.6 153.7 152.2 151.2 150 148.6 146.8 144.6 142.7 141.9 140.6 139.2 136.7 133.3 129.3 125.2 119.6 112 97.5 75.5 48.8 21.1 19.5 45.1 69.1 81.3 86.3 90.5 90.5 85.1 81.7 76.1 66.3 55.7 46.1 33 21.3 24.9 26.5 26.7 25.8 25.1 22.4 14.1 12.9 17.8 25.4 31.2 42.1 45.9 49.2 50 49 51 53.4 56.2
141.4 146.3 150.9 155 158.1 160.2 162.1 162.3 160.3 158.1 154.7 150.6 151.1 152.2 153 153.9 154.4 154.6 154.8 154.9 155.5 156.3 156.9 157.1 156.8 155.9 154.8 153.9 153 152.2 151.3 150 149.1 148.1 146.4 145.2 144.1 143.5 142.1 141.2 138.5 134.7 129.9 125.5 121.9 116 107.3 90.7 60.1 28.2 10.7 26.9 48.8 57.1 64.5 65.3 62.5 56.9 53.1 47.4 41 31.1 22.1 16.5 13.7 14.1 14.4 14.2 13.6 12.3 11.5 9.3 9.7 19.6 31.1 39.9 41.9 36.9 37.1 39.8 41.2 44 48.3 51.1
138.6 143 148 152.2 155.9 157.1 159.1 159.7 157.7 156 152.2 147.6 148.2 150.3 151.3 152.1 152.5 152.8 153.1 153.8 154.9 155.7 155.4 155.1 154.5 153.4 152.4 151.5 150.5 149.6 148.9 149 148.2 147.2 145.8 144.4 143.3 142.4 141.5 139.5 136.2 132.4 127.3 122.8 116.8 110.3 100.6 87.4 62.1 31.4 8.9 10.8 27.1 34.9 34.9 34.6 33.7 29 25.7 21.8 17.7 12.1 10.1 9.2 9.9 10.3 10.3 9 8 7.2 6.1 6.6 7.5 15.4 23.2 28.3 29.1 27.6 27 29.8 34.1 38.6 46.2 57.4
134 137.8 142.9 148.2 152.2 152 153.2 153.1 153.5 153.1 149.3 145.8 143.3 147.5 148.5 149.1 149.1 148.4 149.7 151.7 153 153.5 153.2 152.7 151.7 150.7 150 149.1 148.1 145.9 139 143.7 145 144.5 142.8 141.4 140.5 139.7 138.9 136.2 131.6 124.7 119.7 114.5 107.4 96.2 81 66.6 50 28.9 8.1 7.5 14.1 19 19.4 18.1 16.6 15 12.9 9.9 7 6 5.6 6.1 7 7.4 7.3 6.3 5.1 4.6 4.8 5.1 5.3 7.6 8.6 11.3 13.2 15.9 17.3 20.1 23.6 37.2 50.2 58.6
128 131.9 137.1 141.9 144.2 144.4 146.2 147.5 148.5 148.5 146.2 142.3 135.1 143.1 144.6 145.4 145.7 144.3 146.6 148.2 149.6 150.6 150.3 149.5 148.5 147.4 146.4 145.7 144.7 139.6 122.8 126.6 137.5 140.9 139.8 137.6 135.3 135.6 134.3 132.2 124.5 110.2 100.5 94.5 84.2 72.3 58.3 44.3 31 18.9 6.8 6.1 8.8 11.2 11.3 10.7 8.8 7.2 5.9 4.7 4.1 4.3 4.3 4.4 5 5.5 4.9 4.3 4.2 4.2 4.2 4.4 4.7 4.8 4.7 5.8 6.7 8.2 9.1 10.8 16.9 30.7 52 56.4
119.1 124.9 129.9 134.4 136 135.6 136.5 138.9 142.2 144 143.3 138.1 128.2 136.7 139.4 140.6 140.4 137.6 142.6 144.3 146.1 147.1 147.1 146 144.5 142.6 141.9 141.4 139.2 129.1 110.4 104 119.8 132.5 135.3 131.4 128.6 128.5 128.3 126.4 112.7 91.8 74.2 66.2 58.4 47 34.8 24.9 17.7 8.3 5.2 5.2 5.3 5.1 5.8 5.3 4.4 3.8 3.6 3.7 4 4.2 4.2 4.2 4.2 4.1 4.1 4.1 4.1 4.1 4.1 4.2 4.4 4.5 4.2 4.2 4.3 4.3 5.2 6.8 11.3 28.4 50.3 57.8
101.1 106.3 111.6 117.2 120.1 121.5 129.6 136.7 140.2 140.9 138.4 134.2 120.3 128.3 132.9 134.8 136.3 133.4 137.7 139.6 140.9 142.3 142.5 141.5 139.7 137.8 137.2 136.2 130.9 113.4 95.5 86.5 100.5 113.7 120.1 118.2 116.2 116.4 117.9 112.9 95.8 74.7 55.7 43.6 34 26 19.5 14.8 10.2 7.2 4.8 4.3 4 4.1 4.1 4 3.9 3.7 3.6 3.5 3.8 4 4 4 4 4 4.2 4.1 4.1 4.1 4 4 4.2 4.1 4.1 4.1 4.2 4.2 4.2 5.1 8.6 21.3 48.2 57.1
85.7 91.6 104.5 115.7 123.6 130 133.9 138 139.5 138.7 134.1 128.9 116.8 120.7 126.9 129.9 131.9 134.9 132.8 134.4 135.7 137.3 137.7 137 134.9 132.3 131.6 128.9 113.6 95.4 78 69.5 80.7 92.4 95.3 93.1 90.7 92 94.8 90 74.2 57 39.8 28.3 22 16.4 11.8 8.4 5.1 4.5 4 3.9 4 4 4 4 3.9 3.7 3.5 3.4 3.6 3.8 3.8 3.8 3.8 3.8 4.2 4.2 4.1 4.1 4 4 4 4 4.1 4.1 4.2 4.3 4.3 4.2 7.1 23.9 50.7 42.2
90.7 107.6 116.5 123.1 129.2 134.3 137.8 140.2 139.6 135.2 129.7 123.6 112.3 114.8 122.4 124.2 125 126 127.6 129.1 130.5 131.8 132 130.5 128.3 123.2 121.4 112.5 96.2 78.2 64.1 55.1 61.9 69.6 70 67.5 62.5 65 69.2 64.8 51.5 37.2 25 18.1 14.1 9.4 6.1 4.9 4.2 4.2 3.8 3.9 3.9 3.9 3.9 3.9 3.8 3.7 3.5 3.4 3.4 3.6 3.7 3.7 3.7 3.7 4.1 4.2 4.2 4.1 4.1 4.1 4.1 4.1 4.1 4.2 4.2 4.3 4.3 4.2 6.2 29.8 56.1 21.6
96.9 109.4 119 126.1 132.2 135.8 138 138.9 137.4 132.4 125.9 118.5 103.6 108.6 116 117.5 119.1 120.4 122 123.6 123.8 124.1 123.9 122.4 118.4 110.7 102.1 92.2 78.5 63.5 51.1 41.8 45.4 47.4 45.1 41.5 37.7 39.9 43.3 38.9 29.3 20.5 13.6 9.8 7.6 5.5 5.5 5.1 4.5 4 3.7 3.7 3.8 3.8 3.8 3.8 3.7 3.6 3.5 3.3 3.3 3.4 3.5 3.5 3.5 3.5 3.9 4.2 4.2 4.1 4.1 4.1 4.1 4.2 4.2 4.2 4.2 4.3 4.3 4.3 8.1 34.4 53.8 6.4
99.1 111.6 121.1 128.5 133.3 136.4 136.8 136.5 133.8 129.1 122.6 113.8 96.9 99.6 108.6 110.3 112.1 113.6 115.4 116.5 114.7 114 113.9 111.3 103.5 92.1 81.7 71.2 60.3 48.4 37.2 28.2 28 28.6 28.5 27.5 26.4 24.8 22.7 19.8 14.6 10.3 6.6 4.8 4.6 4.7 4.8 4.9 4.8 4.2 3.8 3.6 3.6 3.6 3.6 3.6 3.6 3.6 3.5 3.3 3.3 3.2 3.3 3.3 3.3 3.4 3.5 4.2 4.2 4.2 4.2 4.2 4.2 4.2 4.3 4.3 4.3 4.3 4.4 4.2 8.5 35.4 44.8 8.7
96 110.4 121 127.2 131.4 133.8 135.5 134.2 131.3 125.1 118.3 109.2 91 89.9 100.6 101.5 102.3 104 104.5 104.3 99.9 96.2 93.6 91 82.9 70.8 59.4 48.8 38 29.6 20.8 14.7 13.2 16.6 17.1 16.6 15 13.6 10.9 8.9 6.5 5.2 4.3 4.1 4.3 4.5 4.6 4.8 4.2 4.5 4 3.8 3.5 3.5 3.5 3.5 3.5 3.5 3.4 3.3 3.2 3.2 3.2 3.2 3.2 3.2 3.2 4.1 4.3 4.3 4.3 4.3 4.3 4.3 4.3 4.4 4.3 4.3 4.2 4.1 9.2 32.8 46 23.9
88.8 106.9 117.1 123.2 127.5 129.1 130.5 131.3 129.6 124.4 115.6 104.7 85.1 78.3 82.1 84.7 86 85 83.4 80.9 75.7 71.3 68.5 65.6 59.1 48.4 37.6 26.7 17.7 13.5 10.7 8.7 8 8.4 8.7 8.4 8.2 6.8 5.6 5 4.7 4.4 4.1 4 4.2 4.3 4.5 4.7 4.9 4.7 4.3 4 3.8 3.5 3.4 3.4 3.4 3.4 3.3 3.2 3.2 4 4 3.1 3.1 3.1 4.4 4.4 4.4 4.4 3.1 4.4 4.4 4.4 4.3 4.2 4.2 4.1 4 4.3 5.8 21.1 32.3 22.3
76.4 100.5 111.6 117.6 120.7 122.1 122.9 123.1 123.1 119.8 113.3 99.4 77.6 60.4 63.9 66.9 67.7 66 62 58.7 52 46.7 43.6 40.5 34.7 26.1 17.7 12.9 10.2 7.9 5.4 5.7 5.7 5.7 5.6 4.8 5.2 4.5 5 5 4.7 4.4 4.2 4.1 4.3 4.4 4.5 4.6 4.8 4.9 4.5 4.3 4 3.7 3.5 3.3 3.3 3.2 3.2 3.2 4 3.9 4 3.1 3.1 4.4 4.4 4.4 4.4 4.4 4.4 4.4 4.4 4.4 4.3 4.2 4.1 4 3.9 4.3 5.1 5.3 22.9 22.1
66.8 90.8 104.4 111.5 115 116.9 118.7 119.6 116.7 112.3 104.9 90.7 68 46.8 46.3 49.8 50.2 47.2 42.2 36.4 29.7 24.7 22.1 18.1 13.9 10.4 8.8 8.2 5.6 4.6 4.2 4.3 4.4 4.6 4.8 4.9 4.8 4.6 4.5 5 4.7 4.4 4.3 4.2 4.3 4.5 4.6 4.7 4.9 5 4.8 4.5 4.3 4 3.7 3.5 3.2 3.2 3.1 4.1 3.9 3.9 3.9 4.1 4.5 4.3 4.3 4.3 4.3 4.3 4.4 4.4 4.4 3.6 4.3 4.2 4.2 4.1 4 4.3 4.9 4.4 4.5 9.6
54.1 81.9 97.6 105.3 110.4 113.3 115.5 115.2 111.8 103.7 92.4 72.9 53.1 33.5 28.2 32.3 32.6 28.6 23.6 19.6 17.1 14.7 12.2 9.1 7 5.7 4.9 3.9 4.3 4.2 4.2 4.4 4.6 4.8 5 5 4.8 4.7 4.7 5 4.7 4.5 4.4 4.3 4.4 4.6 4.7 4.8 5 5 4.2 4.7 4.4 4.1 3.9 3.6 3.4 3.1 4.3 5.9 3.7 3.7 3.6 3.7 3.9 4.3 4.3 4.3 4.3 4.3 4.3 4.4 4.4 4.4 4.4 4.3 4.3 4.2 4.2 4.4 4.6 4.4 4.2 4.4
42 66.9 88.6 100.4 106.3 110.3 110.3 107.5 102.8 92.6 75 56.5 36.2 23 17.8 18 17.8 13.9 12.5 11.3 9.7 7.7 6.1 5 4.3 4.3 4.3 4.3 4.3 4.3 4.4 4.6 4.7 4.9 5 5 5 4.9 4.8 5 4.7 4.6 4.5 4.5 4.5 4.6 4.8 4.9 5 5 5 4.8 4.4 4 3.6 3.4 3.1 4.5 4 3.7 3.7 3.6 3.6 3.6 3.6 4 4.3 4.3 4.3 4.3 4.3 4.4 4.4 4.4 4.4 4.4 4.4 4.3 4.3 4.7 4.5 4.3 4.1 4.4
36 57.5 82.1 95.9 102.3 105.9 105 99.6 90.3 73.8 57.4 39.6 24.3 17.1 12.6 10.8 10.3 8.8 7.3 5.5 5.2 4.8 4.4 4.3 4.3 4.3 4.3 4.4 4.4 4.5 4.6 4.7 4.9 5 5 5 5 5 5 4.9 4.8 4.7 4.7 4.6 4.6 4.7 4.9 5 5 5 5 5 4.6 4.1 3.5 4.6 4.7 4.8 4.5 4.3 4.1 3.9 3.6 3.6 3.8 4.1 4.4 4.4 4.4 4.4 4.4 4.4 4.4 4.4 4.4 4.4 4.3 4.5 4.7 4.7 4.4 4.2 4 4.1
29.7 51.9 76.9 92 98.1 101.9 101 93.7 74.4 54.8 37.3 24.9 17.7 11.1 7.7 6.6 6 5.1 5 4.8 4.6 4.6 4.4 4.3 4.2 4.2 4.2 4.4 4.4 4.5 4.7 4.9 5 5 5 5 4 5 5 5 4.9 4.9 4.8 4.7 4.7 4.8 5 5 5 5 5 5 5 3.7 3.1 4.5 4.5 4.5 4.4 4.2 4 3.9 3.7 3.8 4 4 4.3 4.4 4.4 4.4 4.4 4.4 4.4 4.4 3.6 4.4 4.6 4.5 4.4 4.2 4.3 4.1 3.9 3.8
22.6 43 66.6 87.4 93.7 96.9 94.8 83.2 58.2 34.8 24.9 17.9 11.9 8.2 5.8 4.9 4.6 4.6 4.7 4.6 4.6 4.7 4.5 4.3 4.2 4.1 4.2 4.4 4.4 4.5 4.7 4.9 5 5 5 5 5 5 5 5 5 5 4.9 4.8 4.8 4.9 5 5 5 5 5 5 5 3.9 4.2 4.3 4.3 4.3 4.2 4 3.8 3.9 3.9 4 4 4.1 4.3 4.4 4.4 4.4 4.4 4.4 4.4 4.4 4.3 4.3 4.4 4.4 4.3 4.2 4.1 3.9 3.8 3.9
13.1 34.3 55.2 75 85.7 87.7 84 63.7 41.2 24.6 17.7 12.1 8 5.4 4.9 4.6 4.6 4.6 4.6 4.6 4.7 4.8 4.7 4.4 4.5 4.5 4.4 4.5 3.4 4.7 4.8 4.9 5 4.2 4.2 5 5 5 5 5 5 5 5 5 4.9 5 5 5 5 5 4.2 4.9 4.7 4.4 4 4.1 4.2 4.1 3.9 3.9 3.9 3.9 3.9 4 4.1 4.2 4.2 4.5 4.5 4.5 4.5 4.5 4.5 4.4 4.3 4.1 4.3 4.4 4.2 4.1 4 3.9 3.8 3.9
13.6 19.9 41.6 60.7 71.7 68.8 59.7 44 25.6 15.6 10.3 7.3 6.7 5.5 5.1 4.8 4.7 4.7 4.6 4.6 4.7 4.9 4.9 3.5 5 5 4.3 3.7 4.9 4.9 4.9 5 5 5 4.6 4.8 5 5 5 5 5 5 5 5 4.9 4.9 4.9 4.9 4.8 4.4 4.5 4.5 4.5 4.4 3.8 3.9 4 3.9 3.9 3.9 3.9 3.9 4 4.1 4.1 4.2 4.3 4.4 4.5 4.5 4.5 4.5 4.5 4.5 4.3 4.1 4.1 4.3 4.2 4.1 4 3.9 3.9 3.9
11.5 7.4 27.7 42 50.2 46.8 39.4 26.3 13.2 8.5 6.6 5.6 6.2 5.5 5.3 5 4.9 4.9 4.6 4.8 4.8 4.5 5 5.1 5.1 5.1 5 5 5.1 5 5 5 5 5 5 5 3.3 4.9 4.9 4.9 4.9 5 5 5 4.9 4.6 4.6 4.6 4.5 4.3 4.3 4.3 4.3 4.3 4.6 3.8 3.9 3.9 3.9 3.9 3.9 4 4.1 4.1 4.2 4.3 4.4 4.4 4.5 4.5 4.5 4.5 4.5 4.5 4.2 4 3.9 4.2 4.1 4.1 4 4 3.9 4
6.7 7.3 14.1 25.8 29.1 27 19.3 12.7 7.7 5.6 4.8 4.7 5.4 5.5 5.4 5.2 5.1 5 4.7 5.1 5.1 5.2 5.2 5.3 5.3 5.3 5.2 5.1 5 5 5 5 5 5 5 5 4.9 4.9 4.9 4.9 4.9 5 5 5 4.9 4.6 4.3 4.3 4.2 4.1 4.1 4.1 4.1 4.2 4.6 3.1 3.9 3.9 3.9 3.9 3.9 4 4.1 4.2 4.3 4.3 4.4 4.5 4.6 4.6 4.6 4.6 4.6 4.4 4.2 4.1 3.1 4.2 4.2 4.1 4.1 4 4 4.1
5.7 6.1 7.9 12.5 12.5 11.7 8.9 6.4 4.5 4.5 4.5 5 5.3 5.4 5.6 5.4 5.1 5.1 5.1 5.1 5.2 5.3 5.4 5.4 5.5 5.4 5.3 5.2 5.1 5.1 5.1 5.1 5.1 5.1 5.1 5 5 4.9 4.9 4.9 4.9 5 5 5 4.9 4.6 4.3 4 4 3.9 3.9 3.9 3.9 4 4.5 4.6 3.8 3.8 3.8 3.9 4 4.1 4.2 4.2 4.3 4.4 4.5 4.5 4.6 4.9 4.8 4.7 4.6 4.5 4.4 3.7 4.2 4.2 4.2 4.2 4.1 4.1 4 4.1
5.2 5.3 6.1 6.4 6.4 5.8 5.5 4.7 4.4 4.4 4.8 5.3 5.8 5.4 5.3 5.3 5.1 5.1 5.1 5.2 5.2 5.3 5.4 5.6 5.6 5.6 5.4 5.3 5.2 5.2 5.2 5.2 5.2 5.2 5.1 5 5 4.9 4.9 4.9 4.9 4.9 5 5 5 4.9 4.7 3.9 3.8 3.9 3.9 3.9 3.8 3.8 4.1 4.3 4.4 3.8 3.9 4 4.1 4.1 4.2 4.3 4.4 4.5 4.5 4.6 4.7 5 5.3 5.2 5.2 4.7 4.4 4.3 4.3 4.2 4.2 4.2 4.2 4.1 4.1 4.2
5.7 5.3 5.2 5.3 5.7 5 4.9 4.8 4.5 4.8 5 5.5 5.5 5.4 5.3 5.2 5.2 5.2 5.2 5.2 5.3 5.4 5.5 5.6 5.8 5.7 5.5 5.4 5.3 5.3 5.3 5.3 5.3 5.2 5.1 5 5 4.9 4.9 4.9 4.9 5 5 4.9 4.8 4.8 4.4 3.7 4 4.1 4.2 4.1 3.9 3.8 3.9 4.1 4.3 3.8 4 4 4.1 4.2 4.3 4.4 4.4 4.5 4.6 4.7 4.8 5 5.4 5.6 5.7 4.9 4.5 4.4 4.3 4.2 4.3 4.3 4.2 4.2 4.2 4.2
6.3 6.1 5.6 5.4 5.6 5 5 4.8 4.8 5.1 5.5 5.8 5 5.4 5.3 5.2 5.2 5.2 5.2 5.3 5.3 5.4 5.5 5.7 6 5.8 5.6 5.5 5.4 5.4 5.3 5.3 5.3 5.2 5.1 5.1 5 5 4.9 4.9 5 4.9 4.8 4.7 4.7 4.7 4.4 4.1 4.3 4.4 4.5 4.2 4 3.8 3.8 4 4 4 3.9 4.1 4.2 4.3 4.3 4.4 4.5 4.6 4.7 4.8 4.8 5 5.5 5.7 5.7 4.9 4.6 4.4 4.3 4.3 4.3 4.3 4.3 4.3 4.2 4.3
6.8 6.9 6.7 6.4 6 5.7 5.6 5.4 5.2 5.5 5.1 5.7 5.7 5.8 5.7 5.4 5.2 5.2 5.3 5.3 5.4 5.5 5.6 6 6.3 6 5.8 5.6 5.5 5.5 5.5 5.3 5.2 5.2 5.1 5.1 5 5 4.9 5 5 4.8 4.7 4.6 4.5 4.5 4.4 4.4 4.5 4.6 4.7 4.6 4.2 3.9 3.8 3.9 3.9 3.8 3.1 4 4.1 4.3 4.4 4.5 4.6 4.7 4.7 4.8 4.9 5.1 5.5 5.8 5.5 5.3 4.9 4.6 4.3 4.3 4.3 4.3 4.3 4.3 4.3 4.4
7 7.2 7.1 6.9 6.7 6.5 6.2 5.9 5.8 5.9 6.2 6.2 5.8 6.2 6.1 5.8 5.4 5.3 5.3 5.4 5.4 5.6 5.9 6.2 6.6 6.1 5.9 5.7 5.7 5.7 5.7 5.5 5.3 5.2 5.1 5.1 5 5 3.4 5 5 4.9 4.6 4.4 4.4 4.5 4.6 4.6 4.7 4.8 4.9 4.9 4.6 4.3 4.2 3.8 3.8 3.8 3.8 4 4.2 4.4 4.4 4.5 4.6 4.7 4.8 4.9 5 5.1 5.5 6 5.8 5.6 5.3 4.9 4.3 4.3 4.3 4.3 4.3 4.4 4.4 4.5
7 7.3 7.5 7.3 7.1 7.2 6.7 6.4 6.4 6.2 5.6 6.7 5.9 6.6 6.6 6.3 5.9 5.2 5.3 5.3 5.5 5.8 6.2 6.5 6.8 6.3 6.1 6 5.9 6 6 5.8 5.8 5.2 5.2 5.1 5.1 5.1 5.2 5.2 5.2 5.2 4.8 4.5 4.8 5 5.1 5 4.9 5 5.1 5.2 4.9 4.7 4.6 4.3 3.9 3.9 4.1 4 4.3 4.5 4.5 4.4 4.5 4.7 4.8 4.9 5 5.1 5.6 6 6.3 6 5.5 4.8 4.4 4.3 4.4 4.4 4.4 4.5 4.6 4.9
