public/OST50/SN23.asc
ncols 200
nrows 200
xllcorner 220000
yllcorner 230000
cellsize 50
[rows 105 to 139 of 200, columns 79 to 157 of 200]
164.8 160.2 154.6 147.8 141.1 132.2 115.7 116.3 117.6 120 125.6 132.4 134.9 136.8 139.1 140.4 141.3 141.8 141.7 140.6 135.6 123.8 131.9 139.8 145 148.5 150.6 151.8 152.2 151.3 148 136.5 133.7 142.8 149.9 153 154.7 155.1 154.6 152.9 151 149.4 147.8 148.1 156.9 160.1 162.7 164.9 166.7 168.1 168.6 168.8 168.5 167.1 165.7 163.4 159.5 155.5 151.7 148.5 142.6 139.6 139.2 134.8 122.6 116.6 107.8 86.2 71.8 84 100.1 114.5 120.6 125.4 127.6 128.8 128.4 127.7 134.1
165 160.1 153.6 145.3 139 124.2 116.8 121.1 124.9 127.1 131.7 135.2 138.1 139.8 141.3 142.6 144 144.8 144.7 143.5 140.1 128 131.8 141.2 146.5 150.9 153.4 154.5 155.2 155 153.5 149.7 137.5 139.6 146.6 151.5 154.5 155.7 156.6 156.7 155.7 154.7 152.7 151.1 155.6 159.5 162.7 165.5 167.2 168.7 169.1 169.6 168.6 166.8 164.5 160.5 156.1 150.6 146.2 141.7 138 135.7 134.8 124.6 118.7 113.3 95 75.7 78.7 88.7 102 114.8 122 127.5 130.3 132 131.8 131.4 134.9
164.9 158.7 151.5 142.8 135.4 119.4 119.6 126.6 130.6 131 134.2 137.2 140.2 142.5 144.1 145.3 146.8 147.4 147.7 147.8 145.2 134.2 132.7 142.5 148.9 153.3 156 157.1 158.1 158.3 157.4 154.8 149.5 138.2 143.4 148 152.7 156 158 159.1 158.9 159.2 157.6 154.8 154.8 158.9 162.5 165.4 167.6 169 169.6 169.8 169 167.6 163.3 159 153.3 147 142.5 137.1 132.4 133.9 122.7 112.1 103.9 91.1 82.2 75.8 85 92.6 103.5 115.9 123.2 129.1 132.9 134.6 135 134.8 135.1
164 157 148.7 140.6 129.8 118.5 125.2 130.5 134.2 133.7 136.5 139.5 142.3 144.9 146.7 148.2 149.3 150.1 151 150.8 150 146.4 135.4 144.5 151.1 155.6 158.3 159.8 160.6 160.3 160.4 159.7 156 148.1 141.4 145.4 149.6 155.1 158.3 160.9 161.6 161.4 161 158.3 156.7 158 162.3 165 166.8 168.8 169.9 170.2 169.8 167.1 163.5 158.3 152.6 146.4 139.5 130.7 121.6 118.7 117.1 113.9 110.2 102.1 78 83.4 92.7 96.9 104.2 118.5 125.3 130.9 135.1 137.3 138.3 139 138.9
162.4 154.9 146.7 138.7 124.1 118.4 125.8 131.3 135.7 136.9 138.5 141.4 144.4 147.4 149.4 151.2 152.8 153.3 154.3 154.4 153.9 152.6 141.7 145.3 153.1 157.9 160.4 161.7 163 163.7 162.9 163.3 161.6 157.4 153.5 145.6 148.5 152.5 158.7 162 163.2 163.6 163.3 161.9 160.1 159 161.6 165 167.1 168.6 169.9 170.5 170.1 167.6 164.2 159.6 154.6 148.9 143 135.1 127.8 130.4 128.2 124.9 119.4 99.6 76.7 89.6 98.8 104.4 110.7 121.8 128.3 133.2 137.1 139.8 141.3 141.9 142.3
159.9 152.2 144.5 135 120.7 124.9 130.5 128.1 133.9 137.9 140.9 143.4 146.5 149.5 151.7 153.6 154.8 156.2 157.1 157.4 157.5 156.2 147.8 146.1 154.1 159 161.8 163.9 166.2 166.4 166.7 166.9 166.1 164.8 162.6 158.5 151.9 150.7 157.5 162.6 164.8 165.4 165.1 164.4 163 161.9 162.2 165.7 167.6 169.2 170.7 171.4 171.1 168.9 165.7 161.2 156.9 151.5 144.5 136.9 136.9 135.6 132 128.2 120.5 98 77.9 94 109.3 115.7 121.2 125.5 131.2 135.8 138.6 141.3 143.8 145 145.7
158.3 150 141.4 130.9 121.6 125.7 133.5 135.2 137.1 137.3 141.2 145.2 148.4 151.5 153.8 155.9 157.9 159 159.9 160.3 160.1 158.7 155.4 147.9 155 160.1 163.9 166.3 169 169.7 170.2 170.5 169.9 169 167.5 165.5 163.2 157 156.1 163.5 165.8 167.3 167.2 166.5 165.3 164.2 164.5 166.3 168.5 170.4 172 172.6 172.1 170.7 167.7 164 159.5 154.4 147.4 143.7 142.1 138.7 134.6 130.2 121.4 100.1 79.4 97.3 112.8 121.3 125.7 130.2 134.1 137.9 140.6 143.3 145.7 147.9 149.4
156.9 147.7 136.8 124.1 122.8 125.8 134.4 137 139.8 140.7 142.9 146.4 149.9 153.4 155.8 158 160.1 161.4 162.6 163.1 162.8 161.8 158.8 148 155.5 161.6 165.5 168.8 171 172.6 173.5 173.5 172.8 171.6 170.4 168.8 166.5 161 155.4 164.6 167.3 168.8 168.9 168.7 167.7 167 166.7 168.3 170.4 172.2 173.2 173.5 173.3 171.9 169.5 166.4 162.8 158.5 152.9 149.5 146.3 141.7 137.5 133.2 123.5 105.2 81.5 96.7 117.6 125.3 129.1 132.6 136.2 139.7 142.1 144.2 146.7 149 152
156.1 145.2 132.7 122.2 124.5 124.5 130.8 135.9 140.9 142.7 144.9 148.1 151.7 154.7 157.5 159.6 162.3 164.1 165.3 165.7 165.6 164.8 162 155.1 155.9 162.6 167.5 171 173.2 174.9 176 175.7 175.1 174 172.7 170.8 168.2 162.3 155.8 165.3 168.4 170.1 170.6 170.7 170 169.7 169.7 171 172.6 173.9 175.2 175 174.7 173.3 171.1 168.1 165.1 161.1 157.7 154 150 144.9 139.7 134.8 127.6 109.6 85.2 97.4 116.5 126.9 130.5 134 137.3 140 142.4 144.7 147.3 150 153.1
155.7 144.5 130.6 124.5 128.2 125.2 129.2 136.5 141.8 144.8 147.4 150.1 153.7 156.8 159.2 161.8 164.5 166.6 167.6 168.2 168.6 168.3 165.7 161.8 156.5 163 168.8 172.3 175.2 177.1 177.5 177.8 176.7 176 174.3 172.1 169.4 164.2 158 165.7 169.4 171.1 172.6 172.7 172.7 172.6 172.8 173.8 174.7 176 177.1 176.6 176.2 175.1 173.1 171.1 167.8 164.3 160.8 156.9 152.9 147 142 137.7 131.3 111.2 87.6 94.1 114.8 125.7 130.8 134.1 137.1 140 142.4 144.7 147.5 150.4 153.5
153.9 142.7 128.5 127.5 131.2 129.8 127.2 136.7 142.1 146.6 150.1 153.1 155.7 159.3 162 164.7 167.2 169 170 170.8 171.3 171.2 169.8 167.1 163.3 164.6 169.8 173.8 176.9 179 179.4 179.4 178.9 177.7 175.6 173.1 170.2 165.9 160.9 165.9 170.3 172.2 173.8 175 175.6 175.7 175.7 176.1 176.9 178.2 178.9 178.7 177.6 176.5 174.7 172.6 170.3 166.9 163.2 159.1 154.7 148.6 143.5 140.2 133.2 113.6 91.5 92.2 111.3 123 128.8 133.7 136.6 139.4 141.6 143.6 147.7 150.9 154
150.7 139.9 127.7 130.8 133.9 132.9 128.5 137.2 144.1 149.1 152.4 155.6 158.9 162 164.5 167.3 170 172 173 174.2 174.3 174 173.6 171.7 169 166.8 171.2 175.3 178.7 180.1 181.4 181.1 180.5 179.2 176.7 174 170.8 166.1 162.6 165.9 170.6 173.2 175.2 176.7 177.9 178.7 178.7 178.8 179.1 180.2 180.2 179.6 178.8 177.3 175.6 173.7 171.5 169.5 165.4 161.1 155.5 149.7 145.9 142.6 136 116.2 90.9 93 111.1 120.7 124.2 129.5 133.8 137.4 140.7 143.6 146.5 150 153.8
147.2 138 127.9 133.2 136 135 129.8 137.2 145.8 150.9 154.9 158.6 161.9 164.7 167.2 170.1 172.7 174.2 176.1 177.1 177.7 177.6 177.4 176.1 173.2 170.2 174 177.4 180.5 181.6 182.9 183 181.9 180.1 178 175 171.4 166.7 164.4 167.3 171 174.1 176.4 178.1 179.5 180.3 180.8 181.4 181.9 181.9 181.7 181 179.8 178.3 176.6 174.6 171.7 170.1 166.5 162.8 156.7 151 147 143.7 129.3 108 86.6 88.7 100.9 110.2 118.4 126.1 129.4 134.7 139.4 142.2 145.4 149.1 153
144.6 136.2 128.8 135.3 138.6 137.8 133.6 135.9 147.5 152.8 157.1 161.2 164.8 167.4 170.3 173.1 175.1 177 179.1 180.5 180.1 180.9 181.1 180.1 176.9 174.2 176.8 179.9 182.4 183.4 184.4 184.4 183.1 181.5 179.5 176.2 172 168 165.6 170.3 172.3 174.1 176.9 179.1 180.8 181.8 182.5 183.5 183.9 183.9 183.1 182.3 180.8 179.6 177 174.8 172.5 170.3 167.1 163.6 158.1 150.6 144.6 132.6 110.8 90.1 95.2 113.8 117.7 109.1 102.9 113.9 123.8 127.8 133.4 139.6 144.1 148.4 152.2
140.4 128.1 130 137.6 140 140.5 137.4 134.2 148.8 154.7 160 163.8 167.4 170.2 173.3 175.4 177.6 179.6 181.7 183.1 183.8 185 184.6 183.8 181.6 179.2 179.7 183 184.3 185.1 186 185.5 184.5 182.9 181 177.9 173.6 168.9 170.2 173 174.6 175.9 178.9 180.9 182.5 183.9 184.9 185.9 185.4 184.8 184.4 183.3 181.8 179.7 177.7 175.1 172.5 170 167 163.4 154.9 137.7 126 111.1 92 94.7 106.1 122.7 138.5 136.9 130.6 120.8 117.4 118.6 121.7 133.9 142.3 147.4 151.6
132 135.5 130.7 139.7 142.6 143.1 141.1 135.4 149.4 156.4 161.8 166.3 170.5 173.8 175.6 178 180.4 182.4 184.3 186 186.8 187.1 187.5 186.8 185.1 183.3 183.6 185.5 186.4 187.1 187.7 187.7 186.4 184.6 182.7 179.5 174.7 169.9 173.1 175.9 177.3 178.6 181.1 182.6 184.2 185.6 187.1 187.7 187.2 186.7 185.3 184.1 182.6 180.1 177.7 174.7 171.9 169.3 166.5 162 141.2 119.5 104.2 93.5 98.5 107.1 122.2 138.1 146.2 146.7 144.2 141.2 137.5 134.3 125.1 127.3 137.1 145.8 150.7
141.4 140.1 133.9 140.7 145.1 146.1 143.2 136.8 150.1 158 163.8 169 173.4 176.5 179.2 180.9 183.2 185.2 187 188.7 189.6 189.8 190.3 189.5 188.1 186.7 186.9 188.3 189.4 189.5 189.6 189.5 188.3 186.6 184.6 181.3 175.5 173.3 177.9 179.5 181.5 182 183.5 185 186.7 188 189.5 189.8 189.3 188.5 186.8 185.1 183 180.3 177.2 173.4 170.1 167.2 163.8 149.6 123.6 100.9 99.3 106.3 113.3 126.7 141.3 149.7 150.8 150.3 149.2 147.5 145.2 142.9 137.7 129.1 130.4 141.2 148.8
146.2 144 137.4 142.8 147 148.4 147.1 139.9 151.7 160.5 166 171.5 176.2 179.2 181.7 184 186.1 187.9 189.7 191.4 192.3 192.9 192.8 192.2 191.1 189.7 190 191.3 192 191.8 191.7 190.4 189.9 188.2 186.5 182.6 176.4 181.4 182.8 183.3 184.4 185.6 187 188.6 190.2 191.3 192.2 191.9 191.4 190.3 188.6 186.3 183.2 180 175.9 171.4 166.4 162.8 155.4 138.7 110.1 99 112.3 125 135.7 145.3 151.9 153.7 153.8 153.4 152.2 151.4 150.3 147.8 144.5 140.8 128.2 135 144.4
150.1 148.1 141.2 144.6 149 150.9 150.4 141.8 153.5 162.6 168.3 173.7 178.5 181.7 184.4 186.6 188.7 190.5 192.3 193.8 194.7 195.2 195.3 194.7 193.8 192.9 193.2 194.3 194.6 194.6 194.4 193.4 192.1 190.5 188.2 182.4 177.5 185.2 186.7 187.3 189.1 190.5 191.9 193.6 194.4 194.4 195.3 194.2 193.4 192.2 190.2 187.5 184.3 179.9 175 169.7 158.8 145.5 140.2 131.1 101.1 111.9 131.7 142.1 149.1 153.6 155.1 156.2 156.1 155.7 154.9 153.5 152 150.3 147.8 144.9 139.6 133.7 137.6
154 151.9 144.7 146 151.5 153.5 152.9 145.6 155.5 163.7 170.1 175.7 180.3 183.9 186.5 189 191.1 192.9 194.7 195.9 196.9 197.5 197.4 197.3 196.4 195.9 196.2 197.2 197.5 197.4 197 196.1 194.7 192.4 188.6 180.8 186.6 189.6 190.9 191.6 193.6 195 196.6 197.8 198.3 198.3 198.3 197.1 196 194.2 191.7 189 185.3 180.9 176.5 171.3 162.5 152.5 133.9 119.2 103 118.2 137.9 149.1 154.3 156.5 157.6 158.1 158 157.6 156.7 155 153.3 151.4 149.2 146.8 141.8 137.2 136.4
157.9 154.9 148.5 146.3 153.2 156.1 156.4 150.1 154.3 165 171.8 177.4 182 185.3 188.3 190.8 193.1 194.9 196.8 197.9 198.9 199.7 199.6 199.4 199.2 198.8 199.1 200.1 200.4 200.2 199.7 198.4 197 194.8 187 190.7 191.6 192.6 194.1 195.2 197.2 199.4 200.2 201.1 201.1 200.8 200.6 199.5 198.7 196.2 193.5 190.4 187.1 183.1 178.5 172.8 164.5 154.6 138 121.9 110.1 114.7 138.1 151.5 156.3 158.2 159.2 159.6 159.9 158.9 157.9 156.3 154.6 152.6 150.6 147.9 143.4 140.2 138.1
161.5 158.4 151.8 147.6 154.7 158.4 158.5 152.7 153.7 164.3 172.7 178.3 183 186.5 189.4 192.6 194.8 196.7 198.6 199.9 200.9 201.8 201.7 201.8 201.9 201.8 202.2 202.8 203.1 202.7 202 200.6 199.2 195.8 190.1 195.3 196.5 196.7 197.6 199.5 201.9 202.8 203.4 203.9 203.9 203.3 203.3 201.8 200.3 198.2 195.1 192 188.8 184.7 179.5 174.4 164.5 148.9 132.5 132.3 119.4 110.7 134.3 151.7 157 159 160.3 160.8 160.8 160 159.2 157.5 155.7 153.8 151.4 148.6 146 143.8 141
164.7 161.2 154.3 149.3 158 160.6 161.3 159.4 153 162.5 172.3 178.3 183.2 187.1 190.4 193.7 196.5 198.1 200.2 202 203.1 204.4 204.4 204.8 205.2 205.1 205.3 205.9 205.6 205.1 204.4 202.9 200.9 193.9 197.5 199.5 199.9 200.8 202.2 203.9 205 205.5 206 206.2 206.1 205.7 204.9 204.1 202 199.9 197.4 194.3 190.6 186.6 181.7 175.7 164.7 149.9 148.1 147.9 127.5 107.7 129.9 149.5 157.4 160.1 161.3 161.9 161.7 161.5 160.9 159 157.3 155 152.1 150.2 149.1 147.1 144.8
167.9 163.2 156.7 151.8 159.6 162.2 164.1 164.1 156 160.5 171.2 177.7 183 187.2 191.3 194.8 197.7 199.6 201.9 204 205.2 206.3 206.9 207.3 207.6 208.4 208.7 208.4 208.2 207.9 206.5 205 201.5 197.3 203.2 203.4 203.6 205.1 206.1 207.2 208 208.2 208.5 208.2 208 207.7 206.5 205 202.6 200.7 198.8 195.8 192.4 188.4 183.8 177 168.7 161.2 159.3 154 133.7 112.3 124.8 146 156.9 160.5 162.3 163 163.1 162.9 161.8 160.3 158.3 156.1 154.1 152.2 151 149.9 148.5
170.2 164.7 160.1 152.5 160.4 164.1 166.5 167.4 167.3 159.1 168.1 176.8 182.3 187.5 192.1 195.6 198.6 201.1 203.6 205.7 207.5 208.9 209.6 210 210.4 211.2 211.3 211 210.8 210.2 208.8 207.5 202.1 202.8 206.1 206.6 207.5 209.3 209.6 210.2 210.7 210.4 210.2 210.1 209.8 209.2 207.8 206.5 204.3 201.8 199 196.6 193.4 189.5 185.3 180.1 174.1 169.1 164.7 158.4 140.1 119 121.5 144 156.7 160.6 163.2 163.9 164 163.7 162.7 161.7 159.4 157.3 155.9 154.4 153.4 153.2 153.1
173.3 169.8 165 154.2 161.8 166.2 169.4 171.1 170.5 162.4 164.5 175 181.7 187 192.1 195.6 199.1 202.2 204.8 207.2 209.3 210.9 212.1 212.8 213.4 213.5 213.8 213.7 213.5 212.3 210.8 208.4 202.5 206.8 209.5 210.5 212.3 212.7 212.9 212.8 212.6 212.4 212.1 211.8 211.3 210.3 208.8 207 204.9 202.5 199.9 197.4 194 190.2 186.5 181.6 176.8 172.6 168.3 161.1 144.1 124.1 118.6 142.7 156.1 160.3 163.4 164.3 164.5 164.8 164.2 163.4 161.1 159.5 158.4 157.3 156.9 156.8 157.1
178.4 174.4 169 158.6 164.4 169.2 172.6 173 173.8 173 163 171.2 179.2 184.9 190.4 195.1 199.1 202.5 205.5 208.5 210.9 213 214.1 215.1 216.2 216 215.5 215.9 215.5 214.1 212.4 210.3 206.4 211.1 212.8 214.9 215.2 215.2 215.1 214.7 213.8 213.2 212.6 212.3 211.9 210.7 209.4 207.4 205.3 203 200.5 197.8 194.5 190.9 187.5 183.3 179.3 175.1 170.4 164.3 149.5 127.3 116.4 141.4 155.9 160.7 163.1 164.5 165.1 165.4 165.5 164.9 163.7 162.8 161.9 160.9 160.6 160.9 161.5
183.9 178.7 172.4 162 169.5 173.7 175.7 176.9 177.9 176.9 167.9 173.2 177.5 182.4 188 193.3 197.3 200.9 204.8 209.2 211.6 213.5 215.7 216.7 217.3 217.5 217.1 216.9 216.7 215.5 214 211.6 210.2 213.1 215.2 216.8 217 216.6 216 214.9 214.3 213.6 212.9 212.1 211.4 210.6 209.3 207.4 205.3 203 200.5 197.7 194.9 191.5 188.2 185.1 180.9 176.6 171.5 165.2 147.6 123.2 119.1 141.3 155 160.2 163 164.9 165.6 166 166.5 166.7 166.8 165.9 165.2 164.4 164.4 164.9 165.5
188.4 181.8 170.9 170.3 175.5 177.8 179.5 181 181.4 180.5 172.8 179.7 182.5 182.7 185.7 190.6 195.2 200.4 205 209.9 212.6 215 217.1 218.1 218.9 219.3 218.4 218.1 217.7 217 215.3 212.2 213.5 216.1 217.4 217.7 217.6 216.9 216.1 214.9 214.1 213.5 212.4 211.6 210.6 210 208.4 206.7 204.9 202.7 200.4 197.6 195.1 191.7 188.3 185 181.5 176.8 171.6 163.4 143.4 120.8 118.9 133.8 148.8 158.4 162.6 164.8 166.5 167.6 168.3 168.8 168.7 168.4 168 167.8 168.3 168.9 170
192.1 185.3 171 176.4 180.9 182.6 183.4 184.3 184.6 183.7 179.9 182.2 185.1 186.1 188.5 190.7 194.8 199 205.8 210.5 214.3 216.9 218.6 219.5 220.6 220.7 220.1 219.7 219.3 218.3 215.8 215 215.9 217.5 218.3 218.1 217.4 216.7 215.2 213.7 212.9 212.6 211.4 210.6 209.8 208.6 206.9 205.2 203.7 201.7 199.2 196.8 194.2 191.1 187.9 184 179.8 174.1 167.2 154.5 130.4 118.2 133.5 135.1 134.3 152.8 160.8 164.4 166.6 168.3 169.2 169.7 170.6 171.1 171.2 171.5 172.5 173.8 175.1
195.7 186.6 172.5 181.8 186.1 187.6 188.5 188.8 188.3 187.3 185.8 186.1 188.1 189.7 192 193.5 196.1 200.2 207.1 212.1 215.9 218.7 220.4 221.5 222.4 222.3 221.9 221.3 220.8 219 217.8 217.1 218 218.5 218.9 218.3 217.2 215.8 214 212.4 211.5 210.6 209.6 208.8 207.8 206.8 205.6 204.1 202.6 199.9 197.6 195.2 192.7 189.8 184.8 178.8 171.1 160.8 147.2 130.5 120.7 129.9 146.1 155.6 152.9 140.3 156.9 162.5 165.9 168 168.4 169.5 170.7 173 174.5 176.1 177.3 178.4 179.5
198.3 187 178.9 189.2 192.7 194.4 194.5 194.1 193.6 191.7 190.6 190.1 192.4 194.8 197.5 198.8 198.3 203 208 214.1 217.8 221 222.3 223.2 224.1 224.4 223.7 222.9 221.5 219.9 219.4 219.5 219.1 219.5 219.1 218.2 216.6 214.8 213 211.8 209.8 208.3 207.2 206 205 202.9 201.2 199.7 198.6 196.8 194.9 192.1 189.6 184.3 178.2 170.5 161.7 145.2 129.6 125.3 134.6 147.7 158.8 164.8 162.9 152 149 160 163.6 160.9 159.7 163.7 167 169 175.5 178.4 179.9 181.4 182.5
200.7 190.2 190.6 197 199.3 201.1 201.2 200.8 199.5 197.9 195.7 195.1 197.9 200.6 203.7 205.3 206 205.8 211.1 216.1 220.8 223.2 224.2 225.2 225.9 225.9 225.2 224.2 222.2 221.2 221.9 221.8 221.5 221.1 219.5 217.9 215.7 214 212.2 209.8 207.8 206.2 204.3 202.1 200.1 198.3 195.1 193.8 193.4 192 191.3 187.7 183.2 177.4 172.8 167.4 150.1 129.3 131.9 143.7 153.2 163.5 169.5 169 167.1 162.7 149 151 152.2 164.1 167.2 171 173.6 175.1 171.2 179.8 182.4 184.2 185.2
203.2 193.9 200.1 204.2 205.8 207.3 207.8 207.3 206.1 204.9 203.1 201.4 204.6 208 210.3 212.1 212.4 212.8 216.1 219.9 222.9 225.3 226.5 227.5 228.2 227.3 226.5 225.4 223.9 223.1 223.6 223.1 222.1 220.7 218.9 216.7 214.7 212.8 210.3 207.9 205.4 202.8 200.6 199.5 197.4 194.5 191.5 189.9 188.4 185.8 182.5 177.1 173.2 168.6 162.3 151.3 130.9 134.8 147.3 160 167.8 172.8 173.3 172.3 170.3 167.2 159.8 151.3 158.3 162.3 166.7 171.8 177.4 180.4 179.9 179.9 183.2 185.7 188.2
205.4 198.6 206.2 210.7 212.6 213.7 213.9 213.5 212.8 211.9 210.7 207 211.1 214.2 216.3 217.1 218 219 220.8 223.5 226 228 229.3 230 229.8 229 228.2 227.2 226 225.4 225 224.1 222.8 220.6 218.4 215.6 212.9 210.5 208.2 205.9 202.7 199.6 198.4 197.1 194.8 191.5 188.3 187.1 183.3 176.1 166 158.5 152.8 148 138.2 134.9 140.3 137.8 155.9 166.8 173.1 175.5 175.9 174.9 172.3 168.9 163.8 159 158.2 161.3 165.4 172.4 180.2 183 182.2 179.1 183.8 187 189.8
