public/OST50/SN23.asc
ncols 200
nrows 200
xllcorner 220000
yllcorner 230000
cellsize 50
[rows 105 to 139 of 200, columns 0 to 78 of 200]
298.9 310.9 322.9 333.4 342.7 349.4 353.7 356 357.4 357.5 356.2 355.1 353.2 350.8 346.9 339.7 330.9 320.3 308.5 296.3 285.4 277.2 274.6 273.7 272.7 273.2 273.5 273.6 273.9 273.3 272 270.2 267.6 265 262.2 259.7 257.3 255.1 253.1 251.8 251.2 251 251.2 251.9 253.1 255.6 260.6 265.7 269.9 273.7 277.9 280.3 281.1 279.7 278.7 276.8 274.6 273 270.7 266.9 261.2 252.2 241.6 231.1 221.7 214.6 207.8 199.1 194 192 189.9 187.3 184.6 181.7 179 176.4 173.9 171.2 168.2
295.3 304.5 313.7 321.6 328.7 334.1 338.3 341.5 343.6 344.5 345.3 345.5 345.9 345 341.8 335.4 326.8 316.4 305.2 293.4 282.2 274.9 273.4 273.5 273.2 273.3 273.4 273.8 273.7 272.9 271.4 268.2 265 262.1 259.2 256.6 254 251.8 250.1 248.6 247.9 246.7 247.3 247.6 248.8 251.1 254.2 258.5 263 266 268.9 271.1 272.7 274.5 275 274.5 273.4 272 269.7 266.2 259.7 250.7 239.9 230 221.5 215.8 209.7 203.6 199.4 196.2 193.4 191.5 187 184.1 181.4 178.6 175.8 173.1 169.2
293.4 300.4 305.9 311.7 316.6 320 322.9 325.8 328.4 330.3 331.5 332.3 332.7 332.4 330 325.4 318 308.1 296.7 284.8 275.4 271.6 271.5 271.3 272.2 272.6 272.9 273.2 272.5 271.4 269.6 265.9 262.5 259.4 256.5 253.6 251.2 249 247.1 245.6 244.4 243.4 242.8 243.6 245 247.1 250.1 253.5 256.5 261 263.2 266.2 268.4 269.7 270.4 270.7 270.4 269.6 267.5 263.8 257.5 248.4 237.6 228.3 221.6 216.5 211.6 206.4 203 200 196.8 193.8 189.4 186.5 183.5 180.3 176.9 173.7 169.4
291.9 297.7 301.9 305 306.9 308.2 310.3 311.8 313.9 314.9 315.4 315.8 316 315.8 314.4 311 304.6 294.9 284.5 274.2 267.4 267.1 267.7 268.6 269.8 270 270.8 270.9 270.5 269.5 267.2 263.3 260.4 257.4 254.7 251.9 249.1 246.6 244.4 242.9 241.5 240.1 238 240 241 243.9 247.1 250.3 253.8 257.4 260.5 262.9 264.8 266 266.7 266.7 266.6 266 264.3 260.8 255.3 245.8 235.3 226.2 220.5 216.2 212.5 208.2 204.7 202.1 199.4 195.9 191.8 188.2 184.6 181.4 177.2 173.7 169.4
291.3 295.9 298.7 300.5 301.2 300.6 300 300.1 300.3 299.8 299.5 299 299.1 298.7 297.6 294.9 288.9 280.3 271.5 265.1 262.3 261.8 262.2 264.4 266.2 267.6 268.3 268.5 268.1 266.8 264.2 261.2 258.8 255.7 252.8 250 247.1 244.5 242 240.3 238.4 236.6 234 236 237.9 241.2 244.5 247.8 251.6 255 258 260.8 262.4 263.5 263.8 263.6 263.3 262.6 260.7 257.3 252.2 242.9 232.8 224.1 219.6 215.7 212.6 209.2 205.7 203 200.8 197.2 192.8 189.4 185.4 181.5 177.6 174 169.1
291.6 294.5 296.6 297.7 297.1 295.5 293.8 291.6 290.1 288.7 287.4 285.9 284.1 282.9 282.1 279.3 274.2 266.8 261.4 258.7 257.6 257.4 257.8 260 262.5 264.1 265.2 265.8 265.2 263.9 261.9 259.5 256.9 254.3 251.4 248.4 245.4 242.6 239.9 237.9 235.8 233.3 230.3 232.6 234.8 237.9 241.6 245.6 249.6 252.5 256.8 258.9 260.6 260.9 261 260.8 260.4 259.5 257.5 254.3 249.6 239.8 229.7 221.4 217.9 214.8 211.8 209.2 206.6 203 200.8 197.1 194.1 190.5 186.2 182.2 177.6 173.1 167.7
293.4 295 296.2 295.7 294 291.9 288.9 286.2 283.4 280 277.8 275.4 272.5 271.1 269.4 266.5 262.2 258 255.6 253.7 252.9 252.9 253.6 255.6 257.6 260.1 262 262.9 262.8 261.9 260.2 258.1 255.5 253 250 247.1 244.1 241.3 238.5 235.8 233.4 230.6 227.8 228.4 232.1 235.1 239.8 244 248.2 252.2 255.6 257.4 258.5 258.7 258.6 258.3 257.5 255.7 253.7 250.9 244.8 235 225.3 219.2 216.1 213.1 211 208.4 205.4 202.5 200.1 197.6 194.8 190.7 186.6 182 177 171.6 166.7
295.2 296.3 296.1 294.9 292.3 288.8 284.5 281.2 277.8 274.7 272.2 268.9 265.9 263.1 260 256.5 254.7 252.8 250.8 249.3 248.5 248.6 249.4 251.4 254 256.3 258.6 259.8 260.3 259.8 258.5 256.7 254.1 251.6 248.9 246 243.1 240.3 237.6 234.9 232.3 228.5 225.5 224.9 228.7 233.2 238.7 243.2 248.3 251.9 254.2 255.9 256.3 256.4 255.8 255.1 253.9 252.1 249.7 246 239.3 230.5 221.8 216.7 214 211.8 209.6 207.2 204.3 201.5 199.3 197 194 190.4 186.3 181.1 175.9 170.7 165.1
297.2 297.7 296.8 295.1 291.9 286.7 281.4 276.9 273.2 269.6 266.9 263.3 260 256.8 253.8 251.8 249.7 248 246.6 245.9 245.1 244.4 245.7 247.5 249.9 252.5 255 257.1 258 257.8 256.4 255.1 253.2 250.8 248 245.1 242.3 239.5 236.8 234.1 232.2 228.4 225 221.5 226.6 232.6 238.3 242.8 248.9 251.7 253.7 254.6 254.7 254.3 253.5 252 249.6 247.6 243.6 237.9 231.1 225.3 217.8 214.3 211.6 209.4 207.4 205.5 203.1 200.6 198.6 196.6 193.8 190.4 185.6 182.6 175.5 170.4 164.4
298.2 298.6 297.5 295.3 291.3 285.3 279.2 273.7 269.1 265.3 262 258.2 254.4 251.1 248.3 246.5 245.4 244.4 243.5 242.1 240.8 240.1 242.3 245.3 247.6 250.3 252.6 255.1 255.6 256 255.1 253.2 251.9 249.9 247.2 244.3 241.5 238.8 236 233.6 230.9 228.1 224.1 218.2 225.8 231.5 237.5 243.4 249.1 251.4 253.2 253.5 253.4 252.3 251.6 249.1 246 241.7 236.3 230.8 224.9 219.4 213.9 211.4 208.9 206.7 204.7 203.5 201.4 199.7 197.9 195.9 193.5 190 185.7 181.4 175.8 170.6 164.2
298.4 298.8 297.4 294.7 290.2 283.5 277.5 271.2 265.9 261 257.1 253 249.4 246 244 242.2 242 241.1 240.2 238.4 235.8 235.9 239.9 242.9 245.5 248.1 250.6 252.1 253 253.3 252.6 252 250.3 248.5 245.9 243.4 240.6 237.7 235.5 233.3 230.4 227.3 223.9 217.3 221.9 229.2 236.6 242.1 247.9 251.1 252 252.3 251.5 250.4 248.9 245.4 241.4 236.8 231.9 226.3 220.6 213.3 208.3 206.7 205.2 203.6 201.8 201.4 199.9 198.6 197.2 195.2 192.7 189.5 185.9 181.2 175.9 168.9 162.6
298.8 298.5 297.1 293.3 287.4 281.8 276.6 270 265.6 260.4 254.7 249.2 245 240.6 237.6 235.3 235.9 237.4 237.1 234.5 231.3 233.3 237.7 240.3 243.3 246.5 248.4 249.8 250.6 250.7 250.3 249.7 248.4 246.7 244.3 241.9 239.2 236.3 233.7 231.3 229 226.1 222.4 216.5 221.6 226.7 234 239.8 245.5 249.1 250.1 249.9 249.5 248.2 245.9 241.9 237.6 233.6 228.6 222 215.3 205.5 201.6 200.4 199.6 199.4 199.3 198.9 198.1 197.2 195.8 194.2 191.8 188.8 185 180 174.4 167 159.8
298.2 297.7 295.8 291.2 285.7 280.7 275.4 270.2 265.3 260.2 254.6 249 243.6 238.8 232.1 229.3 227.9 232.3 233.8 230.9 227.8 231.6 236.3 239 241.8 245.2 246.2 247.1 248 248.1 248 247.1 245.8 244.2 242.5 240.2 236.8 234.3 232 229.2 227.2 223.5 218.2 214.1 220.7 225.6 231.1 236.3 241.2 245.5 247.3 248.1 247.5 246.2 243 239.5 235 230.5 225 217.6 210.1 199.8 195.8 194.1 193.6 194.3 194.8 194.8 195 195 194.1 192.6 190.5 187.1 183.7 178.4 172.8 164.8 156.4
296.8 296 293.7 289.7 284.5 279.6 275.3 270.1 265 260 254.4 248.6 242.6 238.1 233 227.5 222.2 227.5 230.6 226.4 225.8 230.6 234.9 237.9 240.5 242.8 244 244.8 245.1 245.1 244.8 244 243.1 241.7 239.9 237 233.7 231.5 229.2 226.7 224.3 219.6 211.8 214.6 219.1 224.2 228.9 232.9 237 241.3 244.2 245.7 245.2 243.7 241.6 238.6 233.8 227.9 221.5 213.3 205.4 194.4 191.3 187.9 186.6 186.7 188.7 189.7 190.8 191.3 191.3 189.9 188.7 185.1 181.2 176.1 170.2 160.3 152.1
294.7 293.3 290.8 286.8 282.3 278.3 274.5 270.2 265 259.6 253.4 247 241.6 237.8 233.2 228.6 223.5 219.7 227.2 221.9 225.2 230.8 234.2 236.8 239 240.8 241.9 242.2 242.1 242 241.5 240.6 239.8 238.1 236.1 233.2 230 228.2 225.8 223.4 220.6 209.7 211.5 215.3 218.7 223.1 227.4 231.1 234.8 238.6 241.2 243.4 243.6 242.7 240.5 237.4 232 225.9 218 209.7 200 191.6 187.1 182.4 179.6 180.7 181.5 183.5 184.6 185.4 187.1 186.5 185 181.2 177.3 171.7 163.9 155 148
289.7 287.1 285 282.1 278.5 275.6 272.1 268.1 263 256.6 250 244.5 240.1 236.6 232.5 228.8 223.6 215.6 219.6 220.1 226.5 230.6 233.5 235.4 237.5 238.7 239.2 239.3 239.1 238.9 238.2 237.5 236.4 235 232.4 229.7 227.7 225 222.2 220.3 216.7 208.3 212.3 216.3 220 223 227.4 230.7 234.6 237.8 240.3 242.3 243.2 242 239.9 236.1 230.6 223.9 214.5 204.6 195.2 189.9 184.8 180.2 174.1 171.3 172.4 173.6 175.8 177.4 179.3 179.5 178.4 175.9 171.1 164.5 157.7 150.4 139.8
279.5 278.3 277.5 275.6 273.3 270.2 266.4 262.2 257 250.7 245.4 242.1 238.9 235.5 232.6 229.3 224.3 216.7 212.8 220.4 226.5 229.9 232.4 234.1 235.4 236.4 236.6 236.6 236.1 235.9 235.2 234.2 233 231.9 229.3 226.9 224.3 221.7 218.1 215.2 207.6 208.9 215.2 219.9 223.1 225.7 229.2 232.4 235.6 238 240.5 242.2 242.6 241.6 240.9 236.3 231 223.8 214.6 203.6 194 188.6 182.1 175.9 169.7 165.9 163 161.5 158.8 163.5 165.3 165.5 164.7 163.8 161.1 156.5 146.9 136.6 139.5
268.9 267.7 266.6 265.4 264 261.2 258 254.2 250 246 242.7 239.7 236.8 234.1 231.5 228.3 224.1 216.4 210.4 220.9 225.9 228.4 230.4 232.5 233.4 234 233.9 233.5 232.8 232.1 231.9 230.8 229.6 228.5 226.6 224.2 221.6 218.2 212.8 205.2 206.3 212.3 217.4 221.7 225.7 228.3 232 234.3 237.1 239.4 241.7 243.2 243.6 242.8 241.5 237.4 231.2 224.9 215.5 205.7 194.9 187.5 179.9 171.7 168.9 168 166.6 164.3 160.2 158 155.3 155.7 150.7 145.9 142 140.5 142.2 144.8 147.1
260.2 258 256.8 255.9 254.4 251.9 249.9 247.8 245.4 242.1 239.5 237.6 234.9 232.7 230.3 227.4 223.7 215.1 208.4 219.7 224.5 227.2 229.2 230.7 231.6 231.6 231.5 230.4 230.1 229.3 228.9 227.7 226.6 225.2 223.9 221.2 218.4 213 204.1 203.1 209.6 214.7 219.7 224.5 228.4 230.9 233.7 236.5 239.1 241.1 243.3 245.3 245.4 244.3 242 237.9 231.6 225 215.3 206.2 196.8 185.7 177.9 172.4 172.4 171.5 169.5 167.7 165.5 162.6 161.7 162.3 159.7 156.8 151.8 150.5 151.4 151.7 151.6
253 252.7 251.4 250.2 248.6 246.4 244.9 243.5 241.2 238.6 236.4 234.7 232.6 230.6 228.5 225.9 222.8 214.5 207 219.4 223.4 225.9 227.8 228.8 229.3 229.3 228.7 227.5 226.9 226.8 226.1 224.5 223.2 221.8 220.1 216.8 213.7 206.1 200.6 207.4 213.7 218.6 223.4 227.2 231 233.7 236.5 239 241.5 243.8 245.6 246.9 246.9 245.8 243.1 238.3 232.5 223 214 205.8 196.1 185 176.9 175.1 175.6 174.2 172.9 171.2 169 165.3 165 164 162.8 159.7 154.2 155.9 156.2 155.9 155.4
247.6 245.8 244.6 243.1 241.8 241.2 240.1 238.9 237 235.1 233.4 231.7 229.7 228 226.2 223.8 221.2 212.1 205.7 217.6 222.3 224.3 225.9 226.5 227 226.9 225.8 224.4 223.1 222.3 221.2 220.8 219.8 218.3 216 211.9 203.6 199.2 204.9 213 219.6 223.1 226.5 230.3 233.6 236.5 239.4 242.2 244.7 246.8 248.4 249.3 248.9 247.1 244.2 238.5 231.4 221.5 213.3 204.5 194.2 183.4 177.4 177.8 178.1 177.1 176.6 175 172.3 169.4 169.8 167.9 165.9 163 158.7 159.9 160 159.6 159.3
241.4 239.5 238.3 237.2 236.2 235.5 234.7 233.8 232.9 231.6 230 228.2 227 225.3 223.6 221.6 218.8 209.7 204.5 216.8 220.7 222.2 223.6 224.2 224.3 223.8 223.3 222 220.1 218.2 216.8 217.4 217.1 214.8 207.6 195.7 196 201.7 210.8 217.5 223.2 226.8 230.2 233.2 235.9 238.9 241.9 245 247.3 249.4 250.8 251.1 250.6 248.8 245.2 239 231.5 221.8 213 204.2 193.5 182.5 179.8 180.6 181.2 181 181 179.9 176.1 173.5 174.9 173.7 172.1 168.2 162.5 164.5 164.2 163.8 163.3
234.9 234.2 233 231.6 230.6 230.4 229.9 229.4 228.5 227.4 225.4 224.6 223.9 222.6 221.1 219.5 217 208.4 201.2 214.5 218.1 219.6 220.9 221.6 221.9 221.1 220.3 219.3 217.3 214.2 208.7 213.2 213.2 208.4 194.4 196 204 210.4 216.3 221.1 225.9 229.9 233.4 236.2 238.7 241.3 244.9 247.3 249.7 251.6 253.1 253 252.4 250.3 246.4 238.7 229.9 221.2 212.8 204 191.2 183.2 183.6 185.1 186 186.6 185.5 184.4 180.1 178.8 181.5 180.8 178.3 173.8 169.8 170.5 170.2 168.7 166.8
230.4 228.9 227.8 226.5 225.8 224 223 222.1 219.5 222.6 221.8 221 220.4 219.6 218.4 216.8 214.4 206.3 198 210.5 215.5 217.1 218.1 218.9 219.4 218.9 218 216.6 214.7 211.4 203 204 199.2 194.4 191.9 203.2 209.8 215.6 219.7 224.3 228.8 233.2 236.6 239.1 241.3 243.9 247 249.4 251.9 254.2 255.4 255.3 254.3 251.9 247.2 238.4 229.3 220.5 211.7 201.7 189.9 185.8 189.1 191.1 192.8 192.6 191.4 188.5 185.1 186.1 187.2 186.6 184.8 180.8 177.6 177.3 175.8 173.5 170.8
224.6 223.2 221.9 220.6 219.5 216.3 216.3 216 215.8 218.8 218.4 217.9 217.1 216.2 215.1 214.2 212.5 207.2 192.3 203.5 211.3 214.2 215.5 215.8 215.8 215.7 215.1 213.9 211.8 209 197.9 188.5 186.3 191.2 202.4 208.5 213.8 218.3 223 227.7 232.4 236.3 239.3 241.5 243.9 246.5 249.1 251.8 254.5 256.9 258 257.5 256.5 252.9 247.2 237.4 228.8 219.6 210 199.3 191 190.6 195.3 197.9 198.8 198.9 198.2 196.4 191.6 192.3 194.4 193.7 191.4 187.9 185 183.6 181.1 177.8 174.1
217.2 215.6 214.6 210.9 212.3 214.3 214.5 215.2 215.2 215.1 214.8 214.5 213.7 212.9 212 211.6 209.8 206.8 197.5 193.9 205.6 209.6 211.5 212.4 212.4 212.2 211.5 210.6 208.8 205.3 192.3 186.1 195.7 200.8 206.3 212.3 217.3 222.1 226 230.8 234.3 238.1 241.4 243.9 246.2 248.7 251.3 254 256.7 259.1 260.2 260 258.9 254.5 247.4 237.1 227.9 221.6 211.5 200.3 194.7 198.1 202.2 204.2 206.1 206.3 204.9 203 198.5 198.4 200.8 200 197.6 194.9 191.9 189.8 186.6 182.4 177.9
209.6 205.8 205.9 206.4 209.3 208.5 211.5 213 210.8 210.5 210.8 210.3 209.8 209.3 208.9 208.8 207.7 206.2 201.4 186.2 198.1 205.6 207.4 208.5 208.8 208.7 207.8 206.7 205.3 199.2 183.9 188.8 197.9 203.2 209.6 215.8 220.2 224.2 228.5 232.5 235.9 239.7 242.9 245.6 248.3 250.8 253.3 256 258.6 260.7 262.1 262.1 260.8 256.2 247.6 237.9 230.1 224.5 216.5 204.2 201.7 207 209.4 211.5 211.9 211.5 209.9 208.5 205 205.3 206.8 205.9 203.8 201.2 198 195.1 191.7 187.2 182
197.7 188.6 190.2 191.7 193.8 198.4 205.7 205.1 203.1 203.7 204.6 204.6 203.7 201.8 204.6 205.3 204.7 203.6 201.1 190.7 187.7 197.6 202.6 203.9 204.1 204 203.8 203 200.9 192.3 178.6 193.3 200.3 205.5 213 217.8 222 226.1 229.7 233.3 237 240.1 244.1 246.4 249.3 251.7 254.3 257.1 259.7 261.6 262.9 263 262 257.6 250.1 238.8 233.1 227 220.5 210.2 211.1 214.7 216.1 217.3 217.2 216.8 215.5 213.9 210 210.3 211.5 211.2 209.4 207 203.7 200.2 196.5 190.7 186.9
185.8 177.9 175.4 175.3 186.8 182.5 187.5 189.9 189.4 191.3 195.9 194 192.5 186.8 195.5 198.4 198.6 199 197.8 194.1 184.5 186 194.8 198.8 199.6 199.7 199.5 198.7 194.6 179.8 185.7 199 203.9 209.6 214.6 219.5 223.5 227.5 230.6 234.1 237.8 240.9 244 247 249.8 252.4 255 257.4 259.6 261.7 262.8 263 262.1 257.8 251.3 241.8 235.6 230.4 226 221.4 220.9 222.5 222.7 222.4 221.9 221.3 220.2 218.4 215.5 215 215.8 215.7 214.7 212.5 208.9 204.5 199.9 197.4 191.2
177.1 171.9 165.7 166.9 165 170 172.3 173.7 174.3 172.9 173.7 173.8 170.4 170.3 179.5 186 189.1 191.6 192.2 191.1 187.8 171.3 185.2 191.7 193.1 194.5 194.1 190.9 182.4 179.1 195.4 202.5 206.9 213 217.1 221 225.1 228.6 231.6 235.3 239 242.1 244.6 247 249.6 251.8 255.3 257.3 259.1 260.6 261.5 262.1 260.7 256.6 250.6 244.4 239.1 235 231.9 229.9 228.1 228 227.7 227.4 226.3 225.3 224 222.4 219.4 219.6 220.2 220 218.8 217 213.5 208.2 205.2 201.2 197.5
164.4 161.6 159 158.8 157.5 158.7 158 157.9 157.2 156.2 155.1 154.6 153.9 156.1 161.9 164.9 169.6 176 182.2 184.4 183.5 177.6 172 182.2 185 185.1 182.3 174.2 177.8 194.1 200.6 205.1 209.8 215.5 219.9 222.8 226.6 229.6 232.8 236.2 239.3 241.8 244.3 246 248 250.1 252.9 256.1 257.6 258.7 259.5 259.6 258.5 253.5 249 244.5 241.2 238.1 235.9 234.2 233.2 232.6 231.9 231.1 230.3 229.5 228.5 226.6 224.9 224.8 224.7 224.2 223.1 221.1 217.7 213.9 209.7 205.5 201.1
160.2 160 158.2 157.9 155.5 154.1 154.2 154.4 154.3 154.5 151.5 150.1 149.7 149 148.4 148.7 150.8 155.2 163 169 172 172.2 156.4 168.8 169 163 166.7 185.1 193.7 198.7 202.8 206.9 212.2 216.4 220.6 224.2 227.3 230.5 233.7 236.7 239.6 241.6 243 244.4 246.4 247 248.7 250.9 252.8 254 254.7 254.9 252.7 251 247.4 245.3 242.3 240.6 238.9 237 236.6 236.2 235.5 234.7 233.9 233.1 232 230.7 230 229.5 229 227.9 226.2 224.2 221.7 218.7 214.7 210.1 205.4
177.5 172.7 167.7 163.4 158.7 160 159.9 163 163.7 163 160.5 159.3 158.1 155.7 150.2 147.3 146.6 146.2 148.7 155.1 160.2 160.6 150.9 154.3 151.9 175.4 183 188.5 193.8 198.6 203.2 208.2 213 216.9 220.8 224.5 228.1 231.2 233.7 236.2 238.2 239.9 241.2 241.8 243 243.7 244.4 244.7 245.3 246 246.9 247.3 247.9 246.3 245.3 243.9 242.7 242 241.3 240 239.8 239.1 238.3 237.7 236.9 236.1 235 233.8 233.4 233.2 232.6 231.2 229.9 227.6 225.2 222.6 218.9 214.3 208.6
181 175.6 168.6 161.3 163.9 164.7 161.8 165.2 166.3 164.6 163.7 162.8 161.7 159.6 154.4 152.9 151.4 149.3 147.5 147.4 149.4 150.2 146.8 148.6 163.5 173 180.1 186.3 191.3 196.3 200.8 207 212.5 217.2 221 224.4 227.5 230.2 232.8 234.9 236.1 237.7 238.5 238.6 238.4 237.5 237.8 236.8 237.3 239.7 240.8 242.1 242.3 243.1 242.1 242.2 242 241.5 241.7 241.7 241.6 241.4 240.9 240.1 239.2 238 237.1 236.5 236.1 236 235.8 234.5 233.2 231.5 229.6 227.3 223.8 218.5 212
184.3 177.8 168.6 168.7 170.5 169.4 166.2 167.4 168.7 167.1 166.3 165.8 164.5 161.1 155.8 159.4 159.6 158 155.5 150.7 144.4 144.7 150.7 160.2 165.3 169.8 174.7 180.3 186.4 191.5 196.4 203.3 211.4 216.6 220.9 224 226.4 229.1 231.6 233.3 234.5 235.1 235.2 234.2 232.7 230.6 227.3 228.3 230.3 231.3 234 235.9 237.1 237.5 238.8 239.4 240 240.8 241.4 242.1 242.7 242.7 241.9 241.6 240.7 239.4 238.4 238 237.9 238.3 238.3 237.5 236.5 235.5 234.4 231.8 228 222.6 215
