public/OST50/SN24.asc
ncols 200
nrows 200
xllcorner 220000
yllcorner 240000
cellsize 50
[rows 144 to 179 of 200, columns 0 to 81 of 200]
45.9 39.2 17.5 24.1 40.4 44 44.5 43.7 42.5 41.4 41.2 41.7 46.4 53.3 60.8 63.6 64.1 63.5 62.4 61.7 60.5 59.1 58.5 46.2 32.3 22.7 21 21.2 22.6 20.4 24.7 29.6 31.9 31.3 31.7 32.7 32.8 32.9 32.5 31.6 29.6 28.3 23.4 20 18.5 22.7 23.9 24.4 24.1 21.4 25.7 39.8 53.5 59.5 62.8 64.7 66 67 66.7 66 64.1 61.8 59.7 57.1 54.4 51.1 46.8 43.3 39.5 33.4 29.2 25.1 23.6 21.7 19.7 16.1 11.6 8.4 6.8 6.8 7.2 7.5
49.6 47.5 45.8 44.8 46.7 47.3 47.1 45 44 43.1 42.4 42.8 44.5 46.4 50.1 59.4 62.5 62.3 62.2 60.9 59.9 56.3 39.2 23.4 21.3 21.9 24.3 28.9 29.3 24.2 29.1 30.4 32.4 32.6 32.8 32.6 32.4 32.2 31.4 30.6 29.8 28.7 23.6 23.9 20.2 24.4 24.5 24.8 22.6 23.9 29.4 45 56.6 62.6 66.4 68.8 70.2 70.8 70.7 69.3 68.7 67.8 65.8 62.8 60.3 56.8 52.1 48.4 44.7 39.1 34.1 30.2 27.7 25.9 24.6 21.9 19.5 14.6 9.6 7.5 7.2 7.4
49.8 48.4 47.4 48.6 48.4 48.5 47.9 46.5 45.1 44.4 44 44.1 44.8 46 47.4 49.4 55 59.2 58.3 57.5 55.8 34.4 22.7 21.3 25.5 28.7 31.6 32.7 31 29.1 25.4 31.8 32.7 33.4 33.5 33.6 33.4 33.3 31.4 29.9 28.4 28.5 27.1 22.2 21.4 25 25.6 25.1 25.4 25.6 30.9 49 58.6 65 69.7 72.5 73.5 73.9 73.9 73.1 72 71 69.5 67.9 65.3 61.4 57.2 52.8 48.9 44.6 40.3 36.2 33.4 31 29.5 27.6 25.5 22.4 16.7 12.2 7.7 7.6
49.7 48.6 48.5 48.9 49.6 49.2 49.5 48.7 46.9 46.1 45.5 45.5 45.1 44.7 44.5 43.1 45.9 49.3 53 52.1 33.9 21.9 21.7 26.7 29.3 31.7 32.9 33.3 32 32 30.2 32.3 34.2 35 34.9 34.2 34.4 34.1 33.4 32.5 30.7 30.1 28 24.4 22.2 26.2 26.5 27.3 26.5 27.9 32.3 49.2 60.8 67.6 73.6 75.9 76.7 77.2 77.2 76.3 75.6 73.9 72.4 70.8 68.5 65.6 62.5 57.8 52.8 49.1 44.9 41.2 38.8 36.5 34.5 32.8 31.3 28.1 24.3 16.6 9.5 7.7
49.9 49 49.6 50.3 51.2 52.2 52.1 50.8 49.2 47.4 46.5 46.3 46.2 44.9 42.7 41.8 40.8 43.1 48 33.1 22.8 22.9 22.1 26.7 29.4 33.4 34.4 34 32.7 32.2 32.9 34.5 36 36.5 35.5 34.9 34.5 34.4 34.7 33 31.2 29.6 28.6 27.5 23.5 27.5 27.6 28.3 27.7 29.6 34.1 52.4 65.4 72 75.8 77.8 79.2 80.2 79.8 79.1 77.9 77 75.4 73.8 71.4 68.6 65.4 61.8 56.9 53 49.4 46.7 44.4 42.6 40.3 37.7 35.1 32.4 28.6 23 13.8 8.1
50.6 51 51.8 53 54.4 55.4 55.3 53.9 51.5 49 47.7 47 47 44 41.6 39.6 37 37.1 31.7 23.3 24.1 25.5 25 27.5 31.1 31.6 33 33.2 33.6 34.2 35.7 36.6 36.6 37.1 35.9 35 33.3 32.3 31.7 31.1 29.3 27.7 28 26.4 25 28.5 29.2 29.4 30 31.7 36.1 59.5 69.8 75.3 78.7 81 82.4 83.3 83 82.3 81.2 80 78.5 77 74.1 71.3 68.1 64.4 60.5 57.4 54.5 52.2 49.9 48.3 46 42.2 39 35.5 31.7 26.8 18.3 8.9
53.7 55.2 56.1 56.5 57.6 58.3 57.5 56.3 51.2 51.7 48.7 47.6 46.1 41.7 39.3 38.8 34.3 32.5 26.6 24.5 25.5 26.2 26.9 28.1 27.1 28.8 31 33.5 34.4 34.7 35.6 37 37.6 37.3 35.8 34.9 34.4 33.7 33.3 32.7 31.7 30.3 27.4 29.1 28.4 30 30.5 31.3 31.9 34.4 43.6 65.3 73.8 79.3 83.5 86.1 87.4 87.6 87 86 85.1 83.5 80.9 78.9 76.4 73.4 70.3 67.1 64.1 61.6 59.3 57 54.5 52.1 49.4 45.7 42.3 38.3 33.8 28.4 12.1 9.9
58.2 60.3 62 62.7 61.8 60.9 61.2 58.8 53.2 51.6 50.6 46.7 45.1 40.1 35.6 34.6 31.9 29.7 26.3 25.1 25.8 28.3 29.9 31.8 33.2 30.6 29.9 31.9 32.8 33.8 35.1 36.8 38.3 38.1 36.6 36.4 35.9 35 34.9 33.9 32.8 30.8 31.7 31.6 32 32.2 32.3 33.6 34 37.1 57.2 72.1 79.9 86.8 90.9 92.1 92.9 91.7 90.5 89.1 87.6 85.6 83.4 80.7 78.3 75.5 72.7 70.2 67.8 65.3 62.5 59.8 57 54.7 51.6 48.2 44.2 39.9 28.4 15.4 13.9 21.1
62.3 65 67 67 65.5 63.4 62.5 60.2 56.6 47.5 51.8 49.4 45.8 38.6 34.9 31 28 26.2 25.4 25.8 26.7 30.5 33.1 34.3 33.4 32.1 32.1 30.8 32.1 33.7 35.1 34.7 38.7 38.8 38.2 37.2 36.8 35.9 35.2 34.6 33.1 33 33.4 33 34 34.3 34.5 35.6 37.9 53.8 72.6 85.1 92.8 97.7 99.1 98.2 97.4 95.4 93.2 91.4 89.4 87.2 85 82.8 80.1 77.3 74.5 72.4 69.9 67.2 63.9 61.2 58.7 56.2 53.4 50.3 46.4 33.3 17.2 21.6 28.6 33.2
66.4 68.8 68.1 67.2 65.8 64.9 63.3 61.4 57.4 57.1 53.7 51.5 45.8 34.9 31.2 31.1 26.3 28 26.8 26.2 27.9 31.4 33.6 34.5 34.1 33.1 33.5 34.6 37.2 39.9 40.6 39.2 38.3 41.3 41 40.3 38.6 37.7 36.4 35.9 32.9 34.3 34.3 34.3 35.1 36.6 37.6 39 55.6 74 87.6 95.6 101.1 104.6 104.8 103.1 101 98.7 96.1 93.8 91.8 89.4 87.1 84.3 80.8 78.2 75.5 73.2 69.9 66.9 64.1 61.5 59.5 57.6 55.7 53 45.2 24.2 23 34.5 39.4 39.1
69.1 69.2 67.9 66.6 62.8 62.6 62.5 61.1 58.4 55.9 44.7 43.2 36.4 32.2 28.4 27.4 28.1 31.5 31.1 29.7 26.7 32.2 34.4 35.3 35.6 36.4 38.3 39.7 43.8 46.1 45.3 43.7 38.7 44.4 48.7 48.9 48.2 44.4 41.4 37.4 34 35.5 36.6 36.6 36.9 37.2 46.6 63.3 77.7 91.4 99.7 104.1 106.7 108.2 107.9 106.2 103.8 101.9 99.1 96.4 94.2 91.8 88.7 85.2 81.7 78.8 75.8 72.2 68.3 63.6 60.5 59.8 59.6 58.7 58.7 54.5 36.7 22.1 31.8 44.5 45 43.5
69.7 68.7 67.2 62.3 58.9 56 56.7 56.7 51 44.4 41.1 39.6 32.6 28 28.3 31.2 33.4 35.3 34.9 30.3 26.8 32.9 34.5 35.6 37.6 40.9 42.9 43.4 46.6 51.1 52 51.6 45.8 44.8 47.7 55 61.8 65.5 66.4 61.7 51.3 41.2 34.4 37.4 51.3 59.5 71.6 83.4 96.1 104.4 108 110.6 111.6 111.1 110.2 108 105.7 103.5 101 98.7 96.1 92.8 89.3 85.6 81.5 78.4 73.7 67.1 57.1 51.8 51.7 51.8 53.4 54.6 54.3 45.6 26.3 30.6 43.5 50.7 50.1 47.9
69.2 65.7 63.9 54 49 47.8 45.7 43.5 42.4 40.1 37.7 34 38.9 31.9 34 35.1 37.5 37.5 35.5 28.8 26.7 32.4 33.9 36.5 38.8 42.7 45 47.2 52 56.5 58.1 59 58.6 52.6 51 57.6 65.2 73.5 76.9 78.7 79 76.2 74.9 74.1 80.3 85.6 90.7 100.5 108.4 111.4 113.7 114.4 114.3 113.4 111.6 108.8 106.3 104.6 102.5 99.9 96.4 92.9 89.4 85.7 81.2 74.8 63.7 62.9 64.1 62.7 58.4 51.2 41.9 37.4 34.1 30 34 45 55 55.7 54.5 51.5
57.1 54.6 51.7 47.7 44.8 43.9 42.7 39.1 37.9 37.6 33.6 30.7 34.2 36.2 37.9 38.3 38.1 37.4 35.7 30.7 29.8 34.6 36.3 43.4 43.7 42.9 46.7 51.7 56.7 60.3 62.1 63.6 64.6 64.1 61.1 64.8 73.8 75.5 79.7 83.4 85.4 87.4 89.7 93.8 97.1 100.1 105.3 109.1 112.3 114.6 116.2 116.9 116.2 114.9 112.5 109.6 106.4 104.6 102.2 99.1 95.8 92.5 88.1 83.6 76.8 65.6 70.6 75.6 75.9 73.6 70.9 66.7 60.9 54.1 47.3 40.9 50.2 58.4 60 59.7 57.8 54.3
50 48.1 46.8 44.2 41.1 40.9 40.1 38.8 35.2 33.2 31.7 35.2 38.5 40.7 38.5 40.6 41.2 39.3 35.7 30.2 28.7 34.5 36.4 37.6 40.5 50.7 49.1 55.4 60.5 63.1 65.3 66.8 68.5 70.2 71.4 67.4 76.2 80.1 83.1 84 89.9 93.2 95.4 98.5 101.9 105.3 108.7 111.7 114.2 116.3 117.5 117.5 116.9 115.3 113.6 107.8 106.7 107 99.7 96.3 92.6 88 82.2 77.1 68.8 73.7 80.5 81.4 80.5 78.2 75.5 72.7 68.9 63.3 47.9 55.4 61.6 63.2 63.6 63.1 60.1 56.6
50.3 47.4 43.9 42.6 41.3 37.8 37.5 36.5 32.6 34.4 36.1 39.9 41.2 42.3 42.3 42.5 41.4 39.8 34.5 28.9 31.2 35.8 37.3 41 45.3 47.2 50.8 55.1 60.2 65.4 68.4 70.6 72.4 74.3 76.1 76.9 78.5 82.9 86.8 89.9 91.5 96 98.8 101.8 105.1 108.3 111.5 113.9 116.3 117.6 118.5 118.2 117.6 115.8 113 109.5 105.9 101.1 96.1 92.1 88.5 84.6 80.6 78 74.5 80.3 83.8 84.4 83.3 80.8 78.6 75.6 72.4 66.5 50.1 64.3 66.6 66.6 66.1 64.6 62 58.2
49.4 52.9 48.1 47.1 44.3 42.6 36.6 37.4 38.8 39.6 40.3 41.3 42.8 43.5 44.2 43.4 41.1 40 33.5 28.5 33.5 35.5 40 44 43.1 44.3 47.7 53.5 60.9 67 70.6 73.5 76 78.2 80.2 82.4 82.9 86.3 90.2 93.1 96 98.6 101.6 104.6 107.7 110.7 113.7 116.3 117.6 118.8 119.5 119 118.4 116.2 114 110.2 106.4 103.4 99.9 94.8 92 91.4 89 86.8 82.7 83 86.8 87.1 85.8 83.4 80.8 77.9 74.6 66.8 53 67.6 69.2 69.2 68.5 66.4 64.2 59.5
56.2 53.3 50.7 48 43.5 40.2 40.6 41.7 42.9 43.4 44.1 44.8 44.8 44.9 44.7 42.8 40.2 36.8 31.8 28.7 33.5 36.1 37.7 38.3 39.7 42.8 48.6 55.2 63.8 69.7 73.5 76.5 79.3 81.7 84 85.9 87.6 89.7 93.4 95.7 98.7 101.9 104.2 107.1 109.6 112.6 115.4 117.9 119.5 120.4 120.8 120.6 119.8 118.5 116.3 112.9 110 107.3 105.1 101.3 98.9 96.8 94.4 93 91.2 87.7 89.7 89.6 87.9 85.7 83 80.1 76.3 71.9 61.6 68.1 71 71.1 70 68.4 65.8 62.2
56.9 53.7 50.3 45.7 39.5 44.8 44.7 44.6 45.4 46.1 46.9 46.5 46 45.6 45.2 42.5 39.2 35.1 31.9 29.3 31.6 35.1 35.5 39.7 43.5 48.2 49.8 59.7 67.2 72.3 76 79.4 82.4 84.8 86.5 88.7 90.6 93.1 96.2 99.4 102.1 105 106.7 109.1 111.5 114.1 116.6 119.1 120.5 121.7 122.5 122.8 122.2 121.5 119.6 117.6 115.2 112.3 110.2 107.5 104.4 101.8 98.8 96.6 95 93.4 92.5 91.7 90.2 87.8 85.3 81.8 78.9 75.1 68.8 70.2 73.2 73 71.7 70.2 67.5 64.8
57.2 54.5 50.2 43.9 44.3 48.7 46.5 46.3 47.3 48.3 48.1 47.7 47.2 46.5 44.9 42.1 38.6 36.2 33.7 29.1 32.5 36.5 39.1 42.9 50.4 55.8 60 61.4 70.5 74.7 78.5 81.9 84.7 86.9 89.1 91.3 93.7 96.3 98.9 101.7 104.4 106.7 108.8 111.2 113.5 115.9 118.4 120.8 122.5 123.5 123.9 125 125.2 125.1 124.2 122.8 120.4 118.5 116.1 113.6 110.2 106.8 103 100.6 97.8 96.9 95.5 94.1 92.6 90.4 88.3 84.6 81.6 78.2 74.7 74.4 75.4 74.9 73.4 71.9 69.3 67.2
55.5 53.5 48 44 50 50.9 48.3 48 49 49.8 49.9 49.1 48.2 47.2 45.5 43.1 42 42.1 38.3 33.1 29.4 33.9 39.9 50.5 56.1 60.6 63.4 66.1 71.7 76.9 80.8 84.3 87.1 89.7 91.3 93.6 95.4 98.4 101 103.6 106.6 108.9 111 113.2 115.5 117.2 119.7 122.5 124.4 125.6 126.7 127.5 128.2 128.4 128.4 127.6 125.7 124.6 122.3 119.7 115.9 112.4 108.1 103.8 102 100.6 99.2 97.2 95.3 93.1 91.3 88 84.6 81.6 79.2 78.7 77.9 77 75.7 74 71.9 69.3
53.4 51.4 44.2 50.6 53.9 52.6 50.4 49.6 50.5 51.4 51.9 51.1 50 48.8 47.1 45.8 49.6 54.8 50.4 38.7 34 31.7 35.8 52.9 58.6 62.8 62.5 69.4 69.6 78.2 82.3 86.4 89.1 91 92.8 95.3 97.9 100.5 103.2 105.8 108.4 111.2 113.3 115.4 117.4 119.5 121.8 124.6 127.1 128.7 130.6 131.8 132.9 133.5 133.5 132.7 131.8 130.3 128.4 125.7 122.9 117.2 112.8 109.2 106.4 104.7 103.2 100.8 98.5 95.9 94.1 92 88.4 85.8 82.3 80.8 80.4 80.1 78.3 76.8 73.6 70.9
50.1 46.3 49.1 55.2 56.7 54.1 52.4 51.3 52.2 53.2 54.1 53.2 52.1 51.1 52.7 56.5 60.5 63.3 62.9 42 37.2 32.8 32.7 50.1 60.4 64.3 63.1 72.3 74.5 78 82.3 86.6 89.7 92.5 94.2 96.4 99.5 102.2 105 107.8 110.6 113.2 115.5 117.7 119.9 122 124.8 127.9 130.8 133.6 135.6 137.5 138.1 138.6 139 138.4 137.7 137 135.4 131.9 128.4 122.9 117.7 113.8 110.4 108.9 107.3 104.8 101.9 99.1 97.1 94.3 91.3 88.9 86.1 84.1 83.5 80 78.5 79.3 75.9 71.9
48.8 49.7 53.1 56 56.7 55.2 54.8 54.1 54.3 55.3 56.7 59 59.7 60.1 64.2 67.4 68.9 69.6 69.3 49.7 38.5 35.1 32.7 51.1 61.7 64.8 68.7 73.2 76.1 79.3 83.5 87 90.9 93.1 95.3 98.2 101.2 103.9 106.9 110 113 115.1 117.7 120.2 122.9 125.6 128.3 131.2 134.9 138.2 141 143.2 144.9 145.2 145.8 144.9 144.3 143.5 141.7 137.6 134.2 129.3 123.8 119.1 115.6 113.8 111.4 108.6 105.4 102.6 99.5 96.6 93.8 92 89.9 87.8 85.8 83.3 81.2 80.4 77.3 71.9
55.8 55.1 55.4 55.6 57 57.2 56.6 56.6 57.6 59.5 62.2 64.8 67.5 72.7 75.7 77 76.9 75.6 73.2 55.4 41 37.6 32.7 49.7 59.2 66 67.9 74.4 78 81.6 84.9 88 91.4 93.9 96.7 99.6 102.7 105.6 108.9 112 115.4 118 121.3 124 127.3 130.4 133.6 137.2 140.6 144.1 147.1 149.6 151.7 151.6 152 151.8 151.1 149.5 146.7 143.8 139.2 133.4 128.6 125.2 121.7 119 115.9 112.4 109.4 106.2 103.2 99.5 96.6 94.7 92.7 90.2 88.4 86.3 84.3 81.6 78.2 76
61.4 60.1 61 61.4 61.9 62.7 63.4 64.1 65 67.4 70.9 76.2 80.4 84.1 85.9 85.3 84.3 81.6 78.1 53.9 42.4 38.9 32.6 39.8 51 66.7 66.2 75.5 78.9 83 86.3 89.5 92.4 95.4 98.2 101.4 105.3 108.5 111.3 115.2 118.3 121.6 125.2 128.6 132.4 136.1 140 144 147.4 150 153.1 156.6 156.9 158 157.9 157.4 156.4 154.4 151.3 147.3 142.8 137.9 132.9 128.9 125.3 122.7 120 117.2 114.1 110.9 106.9 103.3 99.5 96.8 94.5 92.6 90.5 88.4 86.2 83.9 78.4 77.7
73 74.6 74.4 74.7 74.9 77 77.2 76.8 79.1 81.3 84.5 87.6 89.2 92.5 95.1 94.3 90.9 86.7 83.4 56.3 44.4 38.6 34.5 39.9 43.1 55.4 65 75.7 80.1 84.4 88.1 90.9 93.8 96.8 99.8 103.3 107.3 111.1 114.3 118.2 121.8 125.7 129.4 133.8 138.1 142.3 146.7 151 154.9 157.7 159.6 161.5 162.8 162.8 162.4 161.8 160.5 158.1 154.9 149.9 145.2 140.7 136.3 132.5 129 126.2 123.9 121.3 118.6 115.6 111.5 107.4 103.4 100 97.9 95.2 92.7 90.9 88.2 85.1 79.1 78.8
83.1 83.7 83.4 85.4 88.5 89.4 89.6 89.9 91.2 92.2 93.9 96 97.2 99.5 100.3 98.8 95.4 91.1 86.1 62.1 46.7 42.5 35.8 46.7 68.4 65.2 66.8 76.1 81.4 85.6 89.4 92.4 95.5 98.9 102.2 105.3 109.3 113.3 116 121.1 125.3 129.3 133.6 139.2 144.1 148.6 152.7 158.1 161.4 164.5 166.3 167.2 167.6 167 165.7 164.7 163.5 161 157.4 151.6 146.4 141.8 137.7 134.7 131.5 129.5 127.2 125 122.3 119.2 115.8 111.9 107.8 104 101.1 98 94.9 92.2 89.8 85.1 81.7 79.9
88 88.8 90.2 92.2 94.1 95.3 96.6 97.6 98.5 99.4 100.2 101.5 102.7 103.5 103 101.1 97.7 94.3 89.8 66.9 50.3 44.2 36.9 41.5 70.2 73.5 71.6 78.9 83.1 88.1 90.6 94.2 97.2 100.8 104.3 107.5 111.9 116.2 120.3 124.4 129.1 133.8 138.4 143.7 148.5 153.2 158.1 162.9 166.6 168.9 170.5 171.5 170.6 170.2 168.4 166.8 165.3 162.3 158.4 153.3 146.8 142.3 139 135.8 133.2 132 130.4 127.9 125.4 122.9 119.4 115.2 111.6 107.6 104.2 100.1 97 93.8 90.7 87.7 83.2 81.2
90.5 92.2 93.1 95.4 97.9 99.9 101.1 102.5 103.5 104.2 104.4 105.4 106.4 106.9 105.6 103.1 99.8 95.9 91.4 72.5 51.8 44.5 38.9 39.8 71.3 76.1 77.2 81.6 85.5 90.3 92.2 95.6 99.4 102.9 106.4 110.5 114.8 118.8 122.1 126.9 132 137.1 142.3 147.6 152.9 157.7 162.4 166.8 170.2 172.3 173.4 172.4 173.5 172.3 169.9 167.9 165.8 163.7 158.4 151.5 145.2 141.3 138.6 136.8 134.8 134 133.4 130.7 127.8 125.2 122.3 118.6 114.7 110.6 106.8 102.3 98.6 95.5 92.4 89.2 84.4 82.7
92.4 94.5 96.1 98.1 100.3 102.3 103.8 105.8 107.1 107.7 108.3 109.4 110.4 109.8 107.9 104.7 100.6 96.8 93 74.2 51 42.8 36.1 39.6 69.4 77.2 80.5 83.6 87.3 91.4 94 97.5 101.4 105 108.9 113.2 117.4 121 124.6 130.1 134.9 139.8 145.3 151.1 156.5 161.6 166.3 170.6 173.7 175 175.7 175.7 175.1 173.5 170.5 167.9 165.5 162 156.1 149.3 143.5 139.9 137.8 136.8 135.4 135.4 134.9 133.3 130.4 127.5 124.4 120.5 116.8 112.8 108.6 104.1 100.8 97.1 94.4 91.2 86.6 83.2
94.4 97.5 98.8 100.3 102.5 104.3 105.7 107.9 109 110.1 111.2 112.6 113.1 112.6 109.5 106.3 102.9 98.3 94.2 72.5 51.1 41.7 37 42.5 70 77.7 82.2 85.5 89.2 92.6 96.8 99.5 103.4 107.6 111.1 115.3 119.3 123.4 127.5 132.4 137.2 142.2 147.7 153.4 159.3 165.1 169.9 174.2 176.6 177.3 177.8 177.4 176.3 174.1 170.9 166.8 163.7 158.6 152.3 146.3 141.4 137.9 136.4 135.4 135.3 135.8 135.6 134.6 132 129.2 125.5 121.3 117.7 113.5 109.7 105.3 101.8 98.7 96.1 92.9 88.4 83.1
96.6 99.3 101.3 102.9 104.7 106.2 107.6 109.5 111.4 113 114.2 115.1 116.3 116 114.1 109 105.1 100.2 92.2 68.1 50.3 37.1 40.5 46.3 74.1 81.2 84.3 87.2 90.6 94.4 98.3 101.5 105.2 108.9 113.4 117.4 121.4 125.8 129.7 134.2 139.4 144.4 149.7 155.4 161.5 167.2 172.2 175.8 178.7 179 179 178.1 176.8 174.3 171.1 166.2 160.9 153.9 147.8 142.5 138.1 135.2 133.8 133.7 133.6 134.5 135.4 134.8 132.3 129.8 125.5 121.1 116.7 113.5 109.8 106.1 103.3 100.4 98 94.2 88.5 80
98.9 101.4 103.6 105.2 106.3 108 109.9 112.3 114.7 116 117.4 118.2 118.2 117.4 114.9 110.3 106.1 100.9 85.6 65.7 52.7 38.8 43.2 48 76.5 81.8 84.8 88.7 92.1 95.8 99.8 103.1 106.9 111.3 115.8 119.9 123.5 127.3 131.5 135.8 140.8 145.9 150.8 156.6 162.4 167.4 172.3 176.2 177.9 178.7 178.8 178 177.4 175 171.2 165.9 159.4 151.2 143.1 137.7 133.9 131.7 130.7 130.4 131.3 132.1 133.1 132.9 130.7 128.1 123.8 118.9 115.3 112.4 109.7 106.9 104.1 101.3 98.7 94 85 69.1
103 104.7 106.8 108.1 108.4 110.4 112.9 115.9 118 119.6 120.2 120.5 119.7 117.9 114.7 109.8 106.5 99.2 83.3 57.2 43.9 39.8 47.1 52.3 75.5 81.4 85.8 90.2 93.8 97.8 101.7 105 109.2 113.7 117.6 121.7 125.8 128.6 132.7 137.2 142 146.9 152.1 156.6 162 166.4 170.8 174 176 177.1 177.5 177.9 177 175.2 170.7 164.4 155.9 147.5 139.1 132.8 129.5 127.1 125.8 125.5 125.8 126.7 128 127.6 125.3 123.1 118.5 115 112.6 111.5 109.8 107.4 104.5 100.8 97.1 90.5 76.5 56
108.7 110.1 111.5 111.3 111.1 112.7 115.4 118 119.5 120.7 121.2 121.5 120 118.1 115.1 111.6 107.9 95.9 74.3 50.1 42.5 40.6 46.1 55.9 74.3 81.9 86.5 91 95.6 99.4 104 107.3 110.9 114.8 119 123.3 126.8 130.3 133.9 138.7 143.4 147.7 152.3 156.8 160.6 164.9 168.6 171.5 173.9 175.2 176.2 176.5 175.5 172.9 167.1 159.5 150.5 140.3 134.6 129.7 125.4 122 120.2 120.3 121.9 120 119 118.4 116.6 114.6 112.2 110.6 109.6 109.2 108.8 106.9 102.9 98.8 92.6 82 64.6 43.5
