public/OST50/SN24.asc
ncols 200
nrows 200
xllcorner 220000
yllcorner 240000
cellsize 50
[rows 36 to 71 of 200, columns 82 to 163 of 200]
90.7 94.4 95.8 97.9 99 100.1 101.5 103.3 105.5 107.3 108 108.4 111.9 114.8 116.1 118.2 120.9 123.6 125.2 126.7 126.5 126.5 126.5 126.1 126.2 126.7 128.6 132.1 135.6 139.3 142 144.4 146.9 149.6 153.1 155.5 157.5 158.8 160 160.7 161 160.7 159.4 158 155.8 153.1 149.5 146.1 142.1 140 137.9 136 134.2 132.9 131.6 129.5 126.3 128.1 128.7 128.4 127.1 126.7 127.9 129.4 128.8 124.3 129.6 134.4 137.1 139.9 140 140.3 141.2 143.8 146.6 148.5 149.4 150.2 151.2 153.4 155.1 156.1
94.8 96.5 96.9 99.1 100.8 101.9 103.3 105.7 108.5 110.4 111.7 111.5 112.5 115.8 119 121.8 125.4 128 130.6 132.1 132 131.9 131.5 130.4 130 129.9 130.4 132.2 136.2 141.2 145.8 148.8 151 153.6 156.3 158.4 160 160.9 162.2 162.1 162.4 161.4 160.4 158.9 156.5 153.5 149.4 144.6 140.9 138.4 136.6 134.8 133.1 131.5 130.3 128.7 125.9 124.6 126.1 126.8 125.6 124.4 126 126.4 121.9 129.8 133.4 135.5 136.9 138.7 139.4 139.8 139.8 142.2 144.7 147 147.4 148.5 149.6 150.6 151.5 152.1
97.3 98.4 98.5 100.4 102.5 104.6 106.7 108.8 111.4 113.2 114.6 115.3 114.4 118.6 122 126 129.5 132.3 135.3 137.1 138.1 138.4 137.8 136.7 135.2 134.5 134.7 135.7 137 142.4 148.4 151.8 155.5 158.1 160.3 161.7 163.1 164 164.2 164 163.8 162.8 161.5 159.7 157.1 153.4 148.6 144 141.3 138.2 135.8 133.4 131.6 129.9 128.1 126.8 125.5 122 122.5 123.6 123.9 121.7 122.5 118.1 127.6 131.3 133.9 135.4 136.8 138.2 139 138.8 138.7 140 142.3 144.6 145.2 146.4 147.1 147.8 148.1 148.2
100.7 101.6 101.8 101.6 104.8 107.5 110 112.1 114.8 116.6 117.9 119.1 118.2 120 125.4 129.4 133.3 136.8 139.2 141.4 143.2 144.8 144.9 143.2 141.9 140.7 140.4 141.4 141.4 143.5 149.6 155.3 159 161.4 163.3 164.6 166 167.2 166.7 166 165.1 164.2 162.6 160.5 157.9 154.4 151.3 143.9 143.5 140.7 135.8 133.1 130.4 127.8 126 124.5 123.5 121.4 118.6 119.7 121.4 118.1 118.7 125.6 129 131.8 133.6 134.8 136.2 137.5 138 138.1 137.5 137.9 139.5 140.8 142.2 143.7 143.9 144.4 144.5 144.1
105 105.1 104.9 104 106.4 109.8 112.9 115.4 118.2 120 121.5 122.6 122.5 122.2 128.7 132.7 136 139.6 142.7 145.4 148 150.1 151.7 149.8 148.5 147.5 146.7 147.6 146.9 145.9 151.7 157.9 161.8 164.4 166.2 167.7 168.7 170.1 169.4 168.6 167.5 165.8 163.5 161.4 158.8 156.1 152.7 149.3 143.4 139.8 135.6 133.1 130.9 129 127.8 126.5 125.2 123 120.6 118.3 117.6 116.5 124 127.4 129.7 131.6 133.4 134.3 135.3 136.4 136.9 137 136.8 136.5 136.9 137.8 137.9 138.3 138.5 138.8 138 137.6
108.1 107.9 107.8 107.4 108.8 112.1 115.3 118.6 121 123.4 125.7 126.9 127.2 124.7 131.4 135.5 138.5 142 145.9 149 152 154.4 154.8 155.3 155.6 155.1 154.4 154.3 154 152.7 153.9 159.8 164.3 167.3 169.5 170.8 171.9 172.3 171.8 170.9 168.8 166.7 164.5 162.3 159.8 157 153.9 146.7 144.9 141.3 137.9 134.3 131.6 129.4 128 126.5 124.9 122.9 120.6 116.4 114.5 122.2 125.5 127.7 129.6 131 132.3 133.4 134.4 135.3 136 135.8 135.4 134.9 135.2 135.6 135.2 135.4 134.7 133.9 133.9 133.9
111.4 111.8 111.3 110.7 111.2 114.3 117.7 121.5 124 127.1 129.7 131.2 132.1 130.6 130.9 137.2 141.3 144.6 148.8 152.4 155.3 157.7 158.3 159.9 161.3 161.9 162.3 162.3 161.1 159.3 158.6 162.1 166.8 169.8 172.3 173.3 174.3 174.2 173.4 171.8 169.7 167.6 165.5 163.2 160.4 157.5 154.2 146.6 146.3 143 139.2 135.6 132.1 129.4 127.9 126.1 124.6 122.2 118.3 114.8 118.8 123.1 125.9 127.6 128.9 130.2 131.5 132.5 133.4 134.1 134.5 134.4 133.6 133.1 133.5 133.5 132.4 132.3 131.1 131.5 132.7 133
115.1 115.9 116 115.3 115.7 116.1 120.3 124.4 127.4 130.7 133.5 135 136 135.3 132.8 138.8 142.7 146.2 151.6 155.2 158.1 160.3 161.9 163.8 165.4 166.6 167.8 167.5 167.1 166 165.5 165.9 169.6 172.5 174.2 175.3 176 175.1 174.1 172.3 170.3 168.2 166 163.5 160.4 157.3 153.7 150.4 147 143.1 139.8 136.3 132.7 129.8 127.1 125.6 123.5 120 115.6 114.5 120.1 123.3 125.2 126.8 128.2 129.5 130.8 131.3 131.9 132.3 132.8 132.7 131.9 131.2 131.8 130.8 129.7 130.4 131.6 132.2 132.5 132.5
118.7 119.6 119.5 117.9 117.8 120.1 123.9 127.1 130.7 134 136.7 138.1 139.1 139.3 137.1 140.1 144.3 148.1 153.3 157.2 160.6 163.7 165.6 167.4 169 170.4 170.9 171.5 172 171.8 171.8 171.3 173.3 175.3 176.5 177.1 176.9 175.8 174.5 172.9 170.8 168.8 166.4 163.6 160 156.7 153.4 150.3 146.6 143.1 140.2 136.6 133.1 129.5 126.3 121.4 120.1 115.9 114.5 114.6 120.1 123 124.9 126.1 127.4 128.6 129.6 129.9 130 130.3 130.7 130.1 129.7 128.6 128.1 128.9 130.5 131.5 131.7 131.5 131.3 132.4
122 123.2 123.8 123.6 124.1 124.4 127.4 130.7 134 137 139.4 141 142.1 142.4 141.5 140.9 145.4 149.5 154.4 159.1 162.9 166 168.6 170.5 171.9 173.4 174.5 175.1 175.4 175.7 175.9 176.1 177 177.9 178 177.7 177.5 176.5 175 173.3 171.2 168.9 166.4 163.5 159.9 156.3 152.5 149.3 146 142.9 140.2 136.8 133.5 129.8 125.4 119.7 116 114.2 113.6 117 120.9 123 123.9 125.8 126.2 127.2 128.1 128.5 128.5 128.6 127.5 127.3 126.2 126.9 128.7 130 130.8 131.5 130.9 130.6 130.9 132.4
124.6 126.5 128.5 129.1 130.7 130.3 131.3 134.7 137.3 140.1 141.7 144.1 145.3 146.4 145.6 142 146.8 152 156.1 160.8 164.8 168.3 171.1 173 174.5 176.2 177.2 177.3 177.5 178.1 178.6 179.3 179.5 179.3 179.3 178.6 178.2 176.9 175 173 170.7 168.1 165.2 162.2 158.7 155 151.4 148.2 144.9 141.9 139.1 136.1 133.1 129.3 123 117.1 111.7 113 115.1 118.9 121.1 122.3 123.6 124.5 125 125.7 126.7 127.4 127.2 126.4 125.1 125.7 126.6 128.2 129.9 130.3 131.2 131.1 130.5 129.9 130.6 132.2
127.3 129.8 132.2 134.5 135.9 136 136.8 139.6 141.8 143.6 145 146.7 148.9 150.1 149.6 147.5 149.1 153.9 158.6 163 166.4 169.6 172.1 174.1 176.2 177.2 178 178.4 178.6 179.2 179.7 180.8 181 180.7 180.6 180 178.7 176.6 174.4 172 169.6 166.7 163.8 160.7 157.1 153.4 149.8 146.5 143.1 139.9 137.2 134.4 131.9 126.5 120.4 114.9 112 114.5 117.3 119 120.4 121.5 122.2 122.9 123.6 124.2 125.2 125.9 125 125 126.3 126.2 128.1 128.9 130.3 131 131.4 130.7 129.9 129.4 130.3 132.1
129.1 132.8 136 138.5 140.3 141.8 143.1 144.3 146 147.3 148 150.2 152.2 153.4 153.3 152.9 151.4 155.6 159.7 164 167.4 170.5 172.5 175.1 176.4 177.4 178.2 178.6 178.7 179.4 180 180.6 181.2 181.6 181.2 180.3 178.6 175.4 173 170.6 168.1 164.9 161.9 159 155.4 151.6 147.6 144.3 140.9 137.8 134.9 131.9 128.1 122.6 117.1 112.6 114.2 114.9 116.9 118.8 119.8 120.7 121.1 122.7 122.4 123.3 124.1 123.4 124.1 124.7 125 126.7 127.7 128.9 130.2 130.9 131.1 129.8 128.6 128.9 130.4 132.3
132.3 135.6 138.9 141.6 144.2 146.2 146.9 148.6 149.6 150.6 151.7 153.3 155.2 156.3 156.4 156.6 156.2 156.9 161.1 165 168.3 171 173.5 175.1 176 176.9 177.4 177.7 177.9 178.6 179.3 180.5 181.2 181.6 180.6 179.2 177.1 174.6 171.7 169.2 166 162.9 159.9 157.1 153.5 149.5 145.6 141.6 138.4 134 132 128.7 124 118.4 114.1 111.5 114.2 116 116.5 118.2 118.8 119.6 120.9 122.2 122.1 122.7 122.7 123.1 123.7 123.7 124.7 125.6 126.9 128.5 129.7 130.1 129.8 128.3 128 129.5 130.8 132.6
134.7 138.5 141.8 144.8 147.6 149.6 151 151.9 153.5 154.4 155.1 156.4 157.7 158.4 159.1 159.5 160.5 159.4 161.5 166 168.8 171.6 173.9 175.1 175.6 176.3 176 176 176.3 177.4 178.9 180.1 180.5 180.1 178.8 177.5 175.6 172.9 170.1 167.3 163.9 161 158.7 155.3 151.6 147.7 142.9 135.4 134.1 132.1 128.7 125.1 120.9 116.9 112.6 111.3 115.4 115.9 116.4 118.7 118.4 118.9 120.3 120.4 120.6 121.3 121.1 121.9 122.1 122.9 123.7 124.4 126.1 127.9 129 129.2 127.5 126.6 128.5 130.1 131.6 133.3
137.3 141.2 144.7 148.3 150.8 153.3 155 156 156.9 157.5 158.7 159.1 159.9 160.6 161.4 162 162.8 163.6 164.8 167.2 169.9 172 174 175 175.6 175.3 174.6 173.9 174.6 175.4 176.3 177.3 177.7 177.6 176.4 175.2 173.4 170.7 167.9 165.3 162.6 159.7 156.7 153 149 144.4 137.5 132.2 129.9 129.7 126 122.1 119.3 115.9 112 111.8 114.5 115.5 115.4 116.3 117.6 118.4 119.5 119.3 119.7 120.6 120.6 121.2 121.7 122.1 122.6 123.4 125.4 127 128.1 128.3 125.7 127.6 129.1 130.7 132.3 134.3
140.3 143.9 147.5 151.1 153.9 157 159 159.1 159.9 160.3 161 161.3 161.7 162 162.6 163.6 164.3 166 167.3 169.2 171.1 172.7 174.3 175.2 175.2 174.7 173.7 172.5 172 172.6 173.6 174.2 174.6 174.7 173.7 172.4 171.1 168.5 165.6 163.6 161.2 158.3 155.4 152.1 147.6 142.3 134.3 128.4 125.9 123.6 122.4 120.8 118.3 114.8 112.4 110.2 114.6 114.5 114.8 115.1 116.3 116.9 118.5 119.5 119.9 118.4 119.9 121 120.8 121.6 122.2 123 124.4 125.8 127.2 126.4 125.6 128 129.8 131.4 133.1 135.3
142.5 146.5 150.1 153.8 157.1 159.7 160.7 161.7 162.4 162.7 163 163.1 163.1 163.4 163.5 163.6 165.5 167.1 168.7 170.3 172 173.6 175.1 176.2 176.8 176.4 174.9 172.4 170.4 169.7 170 170.8 171.3 171.6 170.6 169.7 168.5 166 163.8 161.7 160 157.2 154.4 151.1 146.4 141 133.8 127.8 123.2 119.6 119 118.7 116.4 115 113.2 110.3 112.5 114 113.4 113.3 112.5 112.9 114.4 117 115.8 116.8 117.1 117.6 118.8 119.6 120.3 121.4 122.9 124.2 125.6 125.3 125.5 128 129.7 131.7 133.7 136
144.1 148.5 152.3 155.7 158.1 160.6 162 163 163.5 163.6 163.6 163.2 163.9 164.9 163.8 164.5 166 167.9 169.3 171.1 172.8 174.5 175.9 177.7 178.7 178.6 176.6 173.1 169.9 167.4 166.8 167.4 168 168 167.3 166.4 165.4 163.5 161.9 160.2 158.5 156 153.2 150.3 145.8 140.5 134.1 128.5 123.4 119 117.1 117.1 117.3 114.4 111.8 110.7 112.1 110.5 109.3 108.5 113.6 114.2 115.6 115.3 114.9 115.6 118.9 119.3 119.3 118.9 119.7 120.3 121.3 122.6 123.5 123.9 125 127.4 129.6 131.9 134.1 136.9
144.3 149.2 152.7 155.9 158.7 161.2 162.9 163.3 163.3 163.2 163.3 163.5 164.2 165 163.4 164.2 165.8 167.8 169.3 171.4 173.4 175.3 178 180.5 181.3 180.1 177.5 174 169.7 166.1 163.7 164.1 164.6 164.5 163.9 163.1 162.5 161.3 159.9 158.5 157 154.8 152.1 149.4 145 140 134.5 129.2 125.1 121 116.8 115.6 115.2 113 110.9 107.3 106.9 108.5 111.5 112.7 114.2 115.9 116.1 116.8 117.6 118.8 119.7 120 118.6 119.3 120.2 120.7 121.1 121.8 123 123.7 125.1 127.3 129.5 131.7 134 136.6
143.5 148.1 152.4 155.9 158.7 160.9 162.6 163.2 162.8 162.3 163.2 163.7 163.8 163.3 162.4 163.4 165.1 167.1 169 171.8 174 177.2 180.3 183.8 182.6 180.8 177.8 174.3 170 165.5 161.8 160.9 161.4 161.3 160.8 160.4 160.2 159.1 158 156.8 155.2 153.5 150.8 148.2 144.5 139.9 134.9 129.9 125.7 121.9 118.4 115.6 115.2 114.8 114.4 111.4 107.6 111.3 112.9 114.3 116 116.2 116.5 117.3 119.1 120 121.5 121.3 121.2 121.7 121.1 121.2 121.6 122 122.9 124.1 124.9 126.6 128.9 131.8 134 136.4
142.9 147.3 152.3 156 158.8 160.6 162.1 161.3 161.3 161.6 161.9 162.3 161.9 161 160.5 162.1 164.2 166.3 168.6 171.4 174.5 178.1 181.6 182.8 182.9 180.5 177.3 173.7 169.2 164.6 160.8 158.1 158.1 158.2 157.9 157.8 157.6 157 156.1 155.1 153.7 152.2 149.6 147.4 144 140.2 135.3 130.6 126.4 123.2 119.7 116.8 115.2 114.5 112 110.9 107.4 111.8 113.7 114.8 115.5 116.9 118.1 118.9 120.3 120.5 121 123.4 124 123.3 123 123.1 122.8 122.7 124.1 124.2 125 126.4 128 130.4 132.9 135.1
141.4 146.7 152 155.7 158.3 159.5 160.4 159.6 159.9 159.9 160.1 160.5 159.5 158.4 158.8 160.8 163.1 164.9 167.9 171.1 174.9 178.8 181.6 182.9 181.8 179.9 176.3 172.2 167.6 163.7 160.1 157.2 155 155.3 155.2 155.1 155 154.7 153.9 153.6 152.3 150.7 148.8 146.5 143.2 139.5 135.6 130.7 126.5 123.3 120.8 117.8 115.4 113.7 112.5 109 103.5 111.2 113.2 115.2 116.7 117.3 118.4 119.9 121.5 123.1 123.9 125 124.5 125.7 124.7 125.7 125.6 125.1 125 125.4 125.7 126.3 127.8 129.2 131.1 132.9
140.2 145.7 150.9 154.1 156.1 157.4 158.6 159.3 159.4 159.1 158.3 158 156.9 155.8 156.7 158.5 160.4 163 166.4 170.3 175.1 178.8 181 181.5 180.4 178.1 174.6 170.5 166.7 163.9 160.4 156.6 154.5 153.4 152.6 152.7 152.6 152.6 152.4 152.2 151 149.7 147.7 145.8 143 139.9 135.4 131.1 126.8 123.3 121 117.3 116.1 113.5 112 108 104.7 111.3 113 114.3 117.3 117.6 118.8 120 122.2 124 123.7 125.2 125.7 126.3 126.4 127 127.5 127.4 127.2 127.2 127.1 127.1 127.7 128.4 130.2 132.1
138.9 144 148.4 151.5 153.8 155.1 156.7 158 158.1 157.8 155.6 155.4 154.3 153.8 154.1 155.5 157.5 161.4 164.5 169 173.6 177.3 179.9 180.3 178.3 175.7 172.3 168.6 166 163.6 160.3 157.5 154 152.4 150.3 150.7 150.9 151.2 151.1 151 149.7 148.5 146.8 145 142.7 139.4 135.6 131.4 127.2 123.1 121.6 119.2 116.8 114.5 112.2 103.6 107.9 110.9 112.8 114.2 116.8 118 119.5 122.1 123.8 124.8 125.4 125.8 126.2 126.6 126.8 127.3 127.9 128.4 129 129.2 129 129.1 129.6 130.3 132 134.3
137.5 142.3 146.6 149.4 151.8 153.9 156 156.8 156.6 156 155 153.8 152.9 152.1 152.2 153.4 155 157.7 162.4 166.9 171.1 175.3 177.1 177.1 175.1 172.3 169.3 167 164.9 162.7 159.7 157.2 154 151.1 149.4 149 149.2 149.9 150 150.1 148.7 147.4 145.8 144 141.8 138.6 135.1 131.1 127.1 123.1 120.6 118.9 118.1 114.7 111.8 103.7 107.2 110.9 111.8 114.8 117.2 118.9 120 122.2 124.1 125.2 125.8 126.3 126.6 126.9 127.1 127.6 128.5 129.7 130.4 131.1 131.5 131.9 132.6 132.5 133.5 136
136.7 141.3 144.9 148.5 151.2 153.4 155.5 155.2 155 154.6 153.7 152.4 151.1 149.6 149.8 150.9 152.3 154.4 158.7 162.6 166.9 170.9 173.3 172.5 170.4 168.1 166.8 165.2 163.6 161.2 159.5 156.5 153.9 151.1 147.8 146.7 147.8 148.7 149.7 149.2 147.9 146.4 144.7 142.8 140.5 137.8 134.5 130.8 127.1 123.4 122.2 119.6 116.3 114.3 108.9 106.9 104.9 110.1 113.3 114.5 116.8 118.3 120.4 122.3 124.1 125.4 125.8 126 126.2 126.7 127.4 128.5 129.8 131.2 133 134.4 135.2 135.3 135.8 135.5 135.5 137.9
136.6 141.8 145.9 149.6 151.7 153.7 154.3 154 153.8 153.6 152.8 151.2 148.7 146.9 147.6 148.2 149.3 151 154.1 157.8 161.1 165 167 166.5 165.3 164.7 164 162.8 161.7 160.3 158.2 156 153.3 150.4 147.2 144.2 146.4 148 148.6 148.1 147 145.4 143.6 141.7 139.4 137 133.8 130.1 126.4 122.9 120.8 118.9 115.3 111.9 106.5 102.7 105 110 112.9 115.2 117.4 118.1 120.1 122.2 124.1 125.1 125.7 125.7 125.9 126.7 128 129.9 131.6 133.7 135.6 137.6 138.7 139.6 140.2 139.7 140.1 142.3
139.2 142.7 147.6 150.9 152.4 153.5 153.6 153.4 153.1 153.3 151.9 149.9 147.9 145.5 144.6 145.5 146.7 147.5 149.8 153.2 156 159.5 160.3 161.1 161.2 161.6 161.2 160.9 160.2 158.9 157.5 155.4 152.8 149.5 145.7 141.2 144.7 146.8 147.1 146.9 146.1 144.2 142.8 140.8 138.4 136.2 133 129.7 126.1 122.9 120.7 118.9 116.2 110.6 105.5 102 107.1 110 112.1 114.6 117 118.2 120 122.1 124.1 124.9 125.5 125.5 126.2 127 129.2 131.2 133.3 135.5 138 139.6 141.5 143.2 144.3 144.5 145.1 146.7
144 146 149.5 151.7 153 153.6 153.7 153.3 153.2 152.1 150.7 149 147 144 139.7 142.2 144.4 144.6 146 147.9 150.5 152.9 155.1 156.9 157.5 158.5 159 158.7 158.3 157.3 155.9 154.3 151.8 148.9 143.9 138.6 142.8 144.8 145.5 145.2 144.3 142.7 141.1 139.4 137.2 135.1 132.4 129.5 125.9 122.6 120.1 118.4 116.1 111 105.1 100.1 106.9 107.6 112.4 114.8 116.8 118.3 119.7 121.8 123.7 124.5 125 125.3 125.7 127.1 129.5 131.7 134 136.3 138.6 140.8 142.7 144.9 146.8 148.7 150.1 151
151 151.4 152.1 152.5 153.5 154.6 154.7 154.1 152.7 151 149.6 147.9 145.8 143 138.5 138.9 140.5 141.3 142.2 143.5 146.2 149.1 151.7 153.6 155 156.7 156.9 156.5 156.2 155.3 154.4 152.8 150.5 147.6 142.2 136.1 140.6 142.6 143.7 143.7 143 141.1 139.5 137.9 136 134 131.8 129.2 125.7 122.2 119.3 118.4 115.5 112.3 104.9 98.3 108.1 110.1 112 114.2 115.9 117.7 119.5 121.2 123 123.9 124.3 124.8 125.1 126.9 129.3 131.8 134.1 136.3 138.6 141 143.4 145.6 148.2 150.7 153.1 155.3
153.9 154.2 154.9 154.1 155.1 155.7 155.3 154.2 152.6 150.9 149.1 147.2 143.8 140.4 137.9 136.3 137 137.6 138.9 140.4 142.8 146 148.5 150.7 152.5 154.3 154.7 154.5 154.4 153.6 152.5 151.4 149 145.6 136.3 132.8 138.6 140.5 141.7 142.1 141.5 140.1 138.4 136.7 135.2 133.1 131.1 128.8 125.1 122 119.3 116.4 113.2 110.4 104.2 105.5 108.1 109.7 112.6 114.3 115 116.8 118.3 120 121.8 123 123.2 123.9 124.6 126.3 128.7 131.1 133.7 136 138.4 141 143.6 146.1 148.6 151.1 153.6 156.1
155.7 156.8 156.7 156 156.7 155.7 155 154.3 152.5 150.6 148.4 146.2 143.1 139.6 136.9 134.8 134.8 135.4 136.3 137.8 140.2 143.2 145.4 148.1 150.3 152 152.9 153.1 152.9 152.5 151.5 150.2 147.6 142.3 132.6 130 134.3 138 139.8 140.2 140 139 137.4 135.8 134.3 132.4 130.4 128 124.6 121.9 119.5 117.5 114.1 110 102.8 96.7 109 110.8 111.7 113 114.2 116.3 117.5 118.5 120.1 121.5 121.7 122.5 124.4 125.3 127.6 129.8 132.5 134.7 137.6 140.3 143 146.7 148.7 151.4 153.9 156.4
156.8 157.8 157.9 157.6 157.1 156 154.9 154 152.3 150.3 148 145.7 142.9 140 137 134.9 133.4 132.9 133.8 135.2 137 139.6 143 145.6 148 149.7 150.9 151.6 151.4 151 150.5 148.9 146.2 140.7 129.9 126.1 131.3 136 137.8 138.4 138.5 137.8 136.4 134.9 133.3 131.7 129.8 126.9 124 121.9 119.8 117.7 116.1 109.4 101.7 103 106.9 109.8 111.3 112.2 113.2 113.8 117.3 117.2 118.4 120 120.1 121.4 123.1 124.4 126.3 128.5 130.9 133.5 136.4 139.3 142 145.1 147.5 150.8 153.6 156.3
157.4 158.3 158.8 158.6 157.4 156.1 154.4 153.4 151.9 150.1 148.1 146.1 143 140.2 138 135.4 133.7 132.7 131.5 132.5 134.4 136.6 139.7 142.6 145.7 148 149.1 150.3 150.6 151 150 148.3 145.3 138.7 128.1 123.7 127.5 133.4 136.4 137.5 137.5 137.3 135.8 134.1 132.6 130.1 127.8 125.6 123.4 121.3 118.8 116.5 113.4 106.4 95.3 100.6 105.6 108.7 110.1 111.5 112.2 112.8 114.6 115.1 116.8 117.2 118.3 119.2 121.9 123.3 125 127.2 129.6 132.2 135.1 138.1 141.2 144 146.3 149.7 153.1 156.1
157.1 158.1 159 159 157.7 155.9 154.6 153.7 152.5 150.8 149.2 146.8 144.7 142.5 139.3 137 134.8 131.8 130.6 130.7 132.2 133.8 136.7 140.3 143.6 146.3 148.1 149.5 150.2 150.7 150.2 148.9 145.6 138.9 127.4 122 124.8 131.1 135.4 136.3 136.5 135.9 134.6 132.9 131.2 129 126.9 124.6 122.4 120.5 117.8 114.1 109.3 99.5 95 96.6 101.2 104.9 108.6 110.8 111.8 112.1 113.2 113.2 113.9 114.5 116.2 117.9 119.2 121.6 123.8 126.1 128.5 130.9 133.8 136.5 139.5 142.1 145.1 145.1 152.5 155.2
