public/OST50/SN25.asc
ncols 200
nrows 200
xllcorner 220000
yllcorner 250000
cellsize 50
[rows 152 to 189 of 200, columns 0 to 83 of 200]
-1.2 -1.2 -1.2 -1.2 -1.2 -1.2 -1.2 -1.2 -1.2 -1.2 -1.2 -1.2 -1.2 -1.2 -1.2 -1.2 -1.2 -1.2 -1.2 -1.2 -1.2 -1.2 -1.2 -1.2 -1.2 -1.2 -1.2 -1.2 -1.2 -1.2 -1.2 -1.2 -1.2 -1.2 -1.2 -1.2 -1.2 -1.2 -1.2 -1.2 -1.2 -1.2 -1.2 -1.2 -1.2 -1.2 -1.2 -1.2 -1.2 -1.2 -1.2 -1.2 -1.2 -1.2 -1.2 -1.2 -1.2 -1.2 -1.2 -1.2 -1.2 -1.2 -1.2 -1.2 -1.2 -1.2 -1.2 -1.2 -1.2 -1.2 -1.2 -1.2 -1.2 -1.2 -1.2 26.3 63.1 102.2 115.4 120 121.7 124 126.4 128
-1.2 -1.2 -1.2 -1.2 -1.2 -1.2 -1.2 -1.2 -1.2 -1.2 -1.2 -1.2 -1.2 -1.2 -1.2 -1.2 -1.2 -1.2 -1.2 -1.2 -1.2 -1.2 -1.2 -1.2 -1.2 -1.2 -1.2 -1.2 -1.2 -1.2 -1.2 -1.2 -1.2 -1.2 -1.2 -1.2 12.6 -1.2 -1.2 -1.2 -1.2 -1.2 -1.2 -1.2 -1.2 -1.2 -1.2 -1.2 -1.2 -1.2 -1.2 -1.2 -1.2 -1.2 -1.2 -1.2 -1.2 -1.2 -1.2 -1.2 -1.2 -1.2 -1.2 -1.2 -1.2 -1.2 -1.2 -1.2 -1.2 -1.2 -1.2 -1.2 -1.2 -1.2 -1.2 59.6 85.4 116.4 120.7 123.1 124.2 127.3 128.8 129.7
-1.2 -1.2 -1.2 -1.2 -1.2 -1.2 -1.2 -1.2 -1.2 -1.2 -1.2 -1.2 -1.2 -1.2 -1.2 -1.2 -1.2 -1.2 -1.2 -1.2 -1.2 -1.2 -1.2 -1.2 -1.2 -1.2 -1.2 -1.2 -1.2 -1.2 -0.4 -1.2 -1.2 -1.2 -1.2 27 25.6 -1.2 -1.2 -1.2 -1.2 -1.2 -1.2 -1.2 -1.2 -1.2 -1.2 -1.2 -1.2 -1.2 -1.2 -1.2 -1.2 -1.2 -1.2 -1.2 -1.2 -1.2 -1.2 -1.2 -1.2 -1.2 -1.2 -1.2 -1.2 -1.2 -1.2 -1.2 -1.2 -1.2 -1.2 -1.2 -1.2 -1.2 15.7 65.5 113.9 121 122.8 124.3 125.4 127.4 129.8 131
-1.2 -1.2 -1.2 -1.2 -1.2 -1.2 -1.2 -1.2 -1.2 -1.2 -1.2 -1.2 -1.2 -1.2 -1.2 -1.2 -1.2 -1.2 -1.2 -1 -1.2 -1.2 -1.2 -1.2 -1.2 -1.2 -1.2 -1.2 -1.2 -1.2 28.9 -1.2 26.2 16.6 34.4 35.7 33.2 20.5 26.9 -1.2 -1.2 -1.2 -1.2 -1.2 -1.2 -1.2 -1.2 -1.2 -1.2 -1.2 -1.2 -1.2 -1.2 -1.2 -1.2 -1.2 -1.2 -1.2 -1.2 -1.2 -1.2 -1.2 -1.2 -1.2 -1.2 -1.2 -1.2 -1.2 -1.2 -1.2 -1.2 -1.2 -1.2 25 55.8 93.3 117.1 121.3 123.3 124.5 126.6 128.3 130.3 131.8
-1.2 27.1 26.4 -1.2 20.4 -1.2 -1.2 -1.2 36.3 -1.2 -1.2 -1.2 -1.2 -1.2 -1.2 -1.2 -1.2 -1.2 -1.2 34.4 -1.2 -1.2 -1.2 -1.2 -1.2 -1.2 9.7 24.6 40.5 33.2 40.4 43.7 41.6 27.2 37.7 41 39.3 33 38.1 37 -1.2 -1.2 -1.2 -1.2 -1.2 -1.2 -1.2 -1.2 -1.2 -1.2 -1.2 -1.2 -1.2 -1.2 -1.2 -1.2 -1.2 -1.2 -1.2 -1.2 -1.2 -1.2 -1.2 -1.2 -1.2 -1.2 -1.2 -1.2 -1.2 -1.2 -1.2 23.2 56.3 75.6 104.1 109.9 116.6 120.2 123.9 126.3 128.8 129.9 131.5 132.2
37.1 34.7 25.7 26.3 24 -1.2 -1.2 -1.2 49.1 50.2 46.8 39.4 -1.2 -1.2 -1.2 -1.2 -1.2 -1.2 -1.2 41.6 34.2 14 30.1 24 41.1 42.6 47.4 46.8 46.4 48.7 51 49.8 46.3 40.3 43.7 45.1 45.7 46.1 44.3 46.8 44.7 39.2 -1.2 -1.2 -1.2 -1.2 -1.2 -1.2 -1.2 -1.2 -1.2 -1.2 -1.2 -1.2 -1.2 -1.2 -1.2 -1.2 -1.2 -1.2 -1.2 -1.2 -1.2 -1.2 -1.2 -1.2 -1.2 -1.2 32.7 47.2 65 73.9 94.4 102.7 109.3 114.3 119 121.9 125.7 129.3 132.1 132 132.3 132.7
34.5 32.7 32.7 34.4 35.6 43.5 40.9 52.1 55.2 57.8 58.2 57.5 53.9 52.7 42.9 29.1 -1.2 18.2 42.9 56.5 41.2 44.3 53.9 54.2 52.8 51.8 52.3 52.9 53.2 52.7 54 54.2 51.3 42.9 48.7 51.7 52.3 53.2 51.7 54.4 55.7 54.6 53.7 25.3 48.5 44.7 19.2 -1.2 -1.2 26.9 -1.2 -1.2 -1.2 -1.2 -1.2 -1.2 -1.2 -1.2 -1.2 -1.2 -1.2 -1.2 -1.2 -1.2 -1.2 -1.2 -1.2 -1.2 47.4 63.1 82.3 94.8 101.6 108.4 113.1 116.3 119.2 122.8 127 129.8 132 130.3 130.5 131
40.5 40.1 41.7 44.7 46.5 55 57.2 59.4 62 65.4 66.9 66 65.3 62.1 59.6 59.4 56.2 61.9 64.4 64.2 43.4 58.2 60.5 59.5 58.9 59.5 59.5 59.1 59.3 59.1 58.8 58 53.6 53.2 54.1 57.4 59.7 60.8 61.7 54.8 64.5 64.3 62.1 60.5 59.3 59.5 56.8 53.2 52.2 37.3 46.7 42.4 -1.2 -1.2 -1.2 -1.2 -1.2 -1.2 -1.2 -1.2 -1.2 -1.2 -1.2 -1.2 -1.2 -1.2 -1.2 -1.2 32.5 57.4 91.1 101.7 107.7 110.9 114.4 117.2 119.7 123.4 127.6 126.8 127.1 127.4 127.9 128.2
49.7 51.6 52.7 55 57.2 61.2 64.1 66.4 69.2 71 72.5 72.2 71.3 70.3 68.8 69.6 68.3 73.2 71.5 65.5 59.5 61.3 66 66.7 67 68.3 66 64.8 64.8 64.2 64.1 62.4 61.8 58.6 56.6 63.1 65.9 68.2 69.3 68.6 69.3 70.4 69.4 69.1 68.6 68.3 66.5 65.8 65.6 65.9 63 44.1 9.4 31.4 38 43.4 17.8 5.7 -1.2 -1.2 -1.2 5 -1.2 45.7 40.7 35.4 28.5 31.9 18.4 57.3 81.4 99.3 108.4 111.9 114.8 116.9 120 122.3 124 123.8 124.5 125.1 125.7 126.4
59 61.4 63.5 64.2 65.9 67.5 71.1 72.3 73.7 75.3 77.2 78.2 78.1 78 78.1 79.5 78.4 77.6 76.2 75.4 65.2 64.1 72.3 73.3 75.3 74.9 71.9 70.6 70.1 68.7 68.7 68.9 67.6 65.2 63.6 68.3 72.7 75.4 75.9 74.7 74.4 75.3 75.5 75.8 76.6 76.1 73.7 73.9 69.8 76.4 62.9 53.7 32.6 50.7 60.1 61.3 60.7 56.6 49.5 49.9 50.6 52.4 62.8 70.1 69.4 62.9 47.4 60.8 51.8 41.3 69.7 91.1 106.4 110.7 113.5 115.7 118.4 120.3 121.9 122.4 123.6 124.5 124.6 125.4
65 68.1 68.8 69.9 72.1 72.7 74.9 76.8 78.3 80.6 82.1 82.8 84.1 84.3 84.8 84.1 83.6 82.9 81.5 79.9 69.6 71.9 76.6 78.8 79.9 78.3 77.8 77 76.7 75.3 75.1 75.2 73.5 72.8 72.6 70.9 76.4 80.5 82 79.8 77.9 79.4 80.6 81.8 83.4 81.5 79.9 79.8 81.4 79.5 78.1 70.3 44.5 65.8 69.2 70.8 74.1 77.3 77.6 76 75.9 79.3 81.7 84.4 81.5 73.7 79.3 82 82.1 80.2 52.1 77.9 98 106 111.3 114.2 116.5 118.6 119.5 121 121.7 123.2 123 123.5
68.2 70.8 72.8 75 76.4 77 78.7 80.6 83 85.7 86.2 87.7 89.1 88.8 88.8 88.2 87.6 87 85.2 83.2 70.6 76.6 80.9 82.3 82.5 83.3 83.9 82.9 82.7 81.9 81.3 80.8 77.3 78.5 77.8 76.2 76.5 83.3 85 80.7 79.2 83.9 85.1 86.4 87.3 85.9 85.6 79.7 85.6 87.5 86.3 79.4 71.1 66.6 76.4 80 84.6 88.8 89.1 86.9 88.1 89.7 90.8 91.1 88.1 84.9 86.1 91 92.2 92.1 84.1 65.2 89 101.1 107.8 112.4 114.7 116.3 117.2 118.4 119.4 119.5 120.3 121.4
70.7 73.6 76 77.9 79.3 80.6 82.8 84.9 87.2 89.2 90.5 91.2 91.8 92 92.4 92.2 91.1 90.5 88.7 86.8 81.8 78.5 82.9 85.5 86.2 87.6 88 88 87.7 86.7 86.3 85.8 84.6 83.3 82.6 80.8 81.8 84.3 85.4 83.9 84.4 85.2 88.1 89.4 89.8 89.2 86.6 90.1 89.9 90.9 89.2 86.5 83.1 73.7 81.3 85.3 89.9 94.2 93.6 95.2 94.4 95.6 93.6 95 94.6 88.6 91.6 98.1 98.9 99.3 98.3 89.7 78.8 76.1 92.7 106.6 110.4 112 113.1 114.7 115.9 116.4 117.3 119.6
71.9 74.7 77.5 80.6 83 85.4 87.9 89.4 91.8 94.1 94.8 95.7 96.4 96.4 96.1 96 94.9 93.5 92.5 91.3 89 82 85.9 88.2 90.1 91.4 92.2 92.6 92.5 91.5 90.7 90.4 89.4 88.2 87 85.6 85.9 86.7 87.9 87.6 87.4 88.1 90.6 92.4 92.8 92.1 93.1 93.7 94 94.5 94.2 93.1 91.6 89.9 81.4 90.3 93.3 96.3 99.9 99.7 98.9 98.9 97.6 99.4 98.9 91.8 96.1 101.5 103.4 104.3 103.8 102.8 101.8 97.1 87 84.4 95.9 95.8 102.5 107.7 111.1 113 115.4 117.6
72.1 76.7 80.3 83.2 85.6 88.5 91.2 93.7 95.8 97.6 99 100 100.7 100.4 100 99.6 98.9 97.9 96.7 96.2 94.3 91.1 86.4 91.4 93.4 95.1 96.2 97 97 96.3 95 94.8 94.1 92.9 91.6 90.6 90.2 90.7 91.3 91.7 91.6 92.8 93.5 95.3 96 95.9 96.7 97.5 98.3 99.1 99.7 98.7 97.9 95 89.3 94.1 98.1 100.2 102.4 102.6 101.9 102.1 101.4 101.8 100.8 93.7 99.9 104.6 106.7 107.6 107.3 107.1 106.9 107.3 107.3 104.1 92.7 93.6 92.8 96 105.2 110.3 113.3 115.2
69.9 78.1 82.5 85.9 88.5 90.9 94.3 97 99.3 101.2 102.6 104.5 104.9 104.9 104.4 104 103.5 102.6 101.6 100.7 98.5 94 92.9 92.9 96.7 98.8 100.1 100.8 101 100.5 99.7 99.3 98.8 97.6 96.4 96 95 95 95.6 95.7 95.9 96.6 97.5 99.4 99.9 100.2 101.1 102.1 103.2 103.8 104.2 104.1 103 100.8 98.4 93.5 100.5 103.1 105.1 105.2 105.8 105.6 104 103.6 102 93.3 104.5 107.7 109.8 111.1 110.7 110.4 110.4 110.5 110.5 110.1 108.2 104 103.4 99.6 98.4 106.8 109.7 112.1
65.4 79.6 83.6 87.6 92.2 94.1 98.1 100.4 102.7 104.9 106.3 108.4 109.5 109.1 108.9 108.5 108 107.3 106.6 104.9 102 99.6 97.1 96.1 100.4 102.6 104 104.7 105 104.5 104.3 104.4 103.6 102.5 101.4 101.1 100.2 100 100.6 100.8 100.8 101.6 102.6 102.8 104.5 104.4 105.7 107.2 108.2 108.7 108.9 108.5 107.4 105.4 102.6 100.8 103.6 106.6 108.8 110.4 110.5 108.1 106.3 105.9 100.7 101.9 107.7 110.5 113.1 114.3 113.8 113.4 113.2 113.5 112.7 111.8 110.1 108.2 107.3 104.6 100.3 103.7 105.1 107.7
76.9 82.5 82.5 90.9 94.4 98.9 101.8 104.2 106.2 108.2 110.1 111.7 112.7 112.9 113.1 112.9 112.4 112 111.3 109.1 106.3 103.8 101.5 103.4 104.5 106.7 108.1 108.7 109.5 108.6 109 108.6 108 107.5 106.7 106.1 105.5 104.8 105.8 106 106 106.7 107.5 108.9 109 109.7 110.5 112.6 113.1 113 112.9 112.6 110.9 109.1 106.8 104 106.6 110.3 112.7 113.7 112.8 110.9 109.6 107.7 100.1 106.7 110.7 113.3 116 116.6 116.7 116.3 115.9 115.5 114.3 113.6 112.4 111 109.6 105.2 102.7 106 108.5 110.7
73.5 85.8 91.3 94.2 94.8 102.5 105.5 106.7 108.6 111.1 113.4 114.9 115.7 116 116.3 116.3 116.2 116.1 114.9 112.8 110.8 108.5 107.8 108.3 108.1 110.9 112.1 112.8 113.6 113.3 113.2 112.9 112.4 112 111.7 110.8 110 109.7 110.9 110.8 111 111.8 112.5 113.2 114.7 115.1 113.9 116.8 117.2 117 116.9 116.4 114.5 112.7 110.8 111.6 109.5 113.8 115 115.7 114.1 113.3 112 109.2 102.8 108.4 112.5 115 117.3 118.2 118.6 118.7 118.2 117.3 115.8 114.8 114.1 112.5 109.6 103.4 106.1 108.6 111.8 113.7
83.1 88.9 94.2 99.2 103.1 105.7 106.4 107.2 109.9 112.9 115.2 116.6 117.6 117.7 117.9 118.4 119.2 118.6 117.8 116.3 114.5 112.8 112.8 112.7 112.2 114.8 116.1 116.4 116.9 117 117.1 117.2 116.8 116.4 116.2 116 114.9 115.3 115.7 116 116.1 116.9 117.2 117.9 118.9 119.3 119 120.4 121.2 121.1 120.7 119.9 118.5 116.3 115.4 116.1 113.6 115.9 117 116.8 116 115.5 114.3 111.3 108.8 108.1 113.2 116.6 118.5 119.4 119.9 120.1 119.8 118.7 117 116 115.1 113.6 110.7 108.9 108.3 111.3 113.2 115.1
93.3 95.7 97.1 102 106.6 109.1 109.4 110.1 111.8 112.1 115 116.4 117.9 118.8 119.1 119.7 121 120.8 120.2 119.2 117.8 117.1 116.9 117 116.9 118 118.7 119.5 120.1 120.2 120.4 121 120.9 120.6 121.2 120.8 120 119.9 120.4 120.7 120.9 121.8 122.6 123.1 123.7 123.8 123.8 124.6 124.8 124.2 124.3 123.5 122.3 120.9 119.8 119.5 117.4 118.8 119.4 119 118.6 117.6 116.2 114.3 112.3 111.1 114.7 117.4 119.5 120.9 121.1 121.2 121.1 119.7 118.3 117.5 116.5 115.8 109.3 113.3 112.3 113.7 114.8 116.1
101 101.7 101.9 103 110 113 112.5 112.4 112.8 112.7 114.7 116.5 118.1 119.5 120 121.4 122.6 122.5 122.8 122.1 120.9 120.5 120 120.3 120.2 120.8 121.7 122.4 123.1 122.7 123.2 124.5 124.4 124.9 125.3 125.7 125.6 124.5 125.1 125.5 125.6 126.5 127.2 127.7 128.1 128 128 128.4 128.2 127.9 127.5 126.5 125.4 124 123.1 122.2 120.5 121.4 122 121.5 121.6 120.6 119.2 117.3 116 114.8 115.7 118.5 120.8 122.3 122.5 122.7 121.9 121.1 119.9 118.9 117.9 115.9 111.2 115.6 115.5 115.7 117.2 118.3
106.8 108.2 110.7 110.6 109 112 113.8 115 114.6 114.1 115.7 117 118.3 119.8 121.3 122.8 123.8 124.6 125 124.9 124.1 123.5 122.9 123 123.2 123.7 124.5 125.4 126.2 125.2 126.1 127.6 128.4 128.9 127.6 127.6 127.7 128.8 129.4 130.2 130.2 130.6 131.2 132 132.5 132.3 132.3 132 131.7 131.2 130.6 129.7 128.7 127.9 125.7 124.9 123.4 124.7 124.8 124.4 124 123.3 122.4 121 119.6 117.8 118.6 120.1 122.4 123.8 124.5 124.8 124.1 123.1 121.8 120.3 118.7 113.8 116.4 117.3 117.5 117.5 118.1 119.6
111.7 113.1 116.3 116.7 115.5 114.5 112.9 114.8 115.4 116.2 116.8 118.1 119.4 120.2 121.7 123.7 124.8 126.3 127.2 127.4 127 126.2 125.8 125.8 126 126.6 127.4 128.4 128.2 127.7 128.3 130.5 131.3 131.8 132.5 132.8 132.7 132.1 133.5 134 134.6 135.6 135.7 136.3 136.7 136.6 136.1 135.7 135.3 134 133.6 132.1 131.2 130.4 129.2 127.4 126.6 128.1 128.5 128.4 127.9 126.7 126 124.6 123.1 121 121.8 122.8 124.8 126.1 127.5 126.7 125.7 124.7 123.2 121.5 119.1 115.5 118.6 119.3 119.6 119.9 120.4 121.7
115 117.2 118.7 118.9 118.4 117.3 115.3 115.4 117.4 117.9 118.4 119.1 120.4 121.3 122.8 124.9 126.3 128.9 129.7 129.7 129.4 128.7 128.6 128.6 128.6 129.1 129.7 129.9 129.8 130.3 130.7 133 134.2 134.7 135.3 135.8 136 136.4 136.9 138.1 138.7 139.2 139.5 139.9 140.6 140.8 140.1 139.4 138.8 137.7 137.1 135 134.2 133.2 132.1 130.3 129.6 131.3 131.7 131.6 131.1 130.1 129.3 128.2 126.8 125.1 125.2 125.8 127.1 128.2 128.8 128.4 127.1 125.6 124.2 122.2 120.3 119 120.4 121.1 121.8 122.6 123 124.5
117.9 119.1 120.3 120.1 120.2 119.5 118.6 118.9 119.1 119.6 120.1 120.6 121.5 123 124.4 126.3 128.4 130.2 132.3 131.7 131.7 130.9 131.1 131.1 131.1 130.9 131.1 131.3 131.9 133.2 134.2 135 136.2 137 137.9 138.7 139.4 139.5 140.2 141.3 142.2 142.7 143.2 143.6 144.1 144.2 143.8 143.2 142.5 140.8 139.2 138.4 137.3 136.3 135.1 133.3 132.6 134.1 134.6 134.5 134.1 133.4 132.5 131.1 129.5 128.2 128.7 128.8 129.8 130.3 129.9 129.5 128.4 126.7 125.1 123.6 121.6 121.7 122.5 123 123.9 124.8 125.7 127.2
119.5 120.7 121.4 121.5 121.6 121.8 121.3 121.3 121.1 121.3 121.8 122.4 123.1 124.4 126.2 128 129.7 131.4 132.7 134 133.6 133.1 133.2 133.4 133.1 133.1 132.7 133.3 134.9 135.9 136.2 136.9 138.1 139.2 140.2 141.5 142.6 142.6 143.4 144.5 145.4 146.2 146.8 147.3 147.7 147.9 147.5 147 145.5 144 142.4 141.4 140.8 139.2 137.9 136.6 136.8 137.4 137.6 137.5 137.2 136.6 135.9 134.3 133.3 132.3 132.5 132.3 132.2 132.1 131.7 131.1 129.9 127.9 126.5 125.4 123.5 123.7 124.9 125.5 126.3 127.5 128.6 129.9
120.8 121.9 122.7 123.1 123.4 123.7 123.4 123.2 123.5 124 124 124.6 125.3 126.5 127.9 129.7 131.1 133 134.2 135.4 135.6 135.1 135.2 135 134.6 134.5 134.4 135.6 136.8 137.3 137.3 138.4 139.8 141 142.3 144 145 145.3 146 147.1 148.5 149.5 150.7 151 151.4 151.8 151.4 150.4 148.9 147.3 145.7 144.5 143.5 142.5 141.1 139.9 140 140.7 140.9 141 140.2 139.8 139.3 138.6 137.8 136.8 136.1 135.8 135.2 134.2 133.3 132.5 131.3 129.7 128.2 126.7 126.2 126.5 127.4 128 128.7 129.8 130.9 132.1
123.1 124.6 125 125.4 125.3 125.1 125.3 125.5 125.9 125.9 126.7 127.6 128.2 128.9 130 131.1 132.6 134.2 135.6 136.8 136.9 136.9 136.7 136.1 135.6 135.8 136.1 137.4 137.9 138 138.1 138.9 140.7 142.1 143.8 145.4 146.1 147.2 148.2 149.5 151 152.3 153.2 154.1 155.1 155.6 154.7 153.9 152.3 150.7 149.1 148 147.2 145.7 144.2 142.9 142.6 143.9 144.2 144.2 143.3 143 142.6 142 141.5 140.7 139.9 139.2 138 137.3 135.6 134.1 133 131.8 130.2 128.9 128.7 128.9 129.8 130.5 131.1 132.2 133.2 134.5
126.4 127.6 128.4 128.6 128 127.6 127.5 127.8 128.2 129 130 131 131.4 131.7 132.4 132.7 133.6 135.1 136.5 137.6 138 138 138 137.7 137 137.4 137.7 138 138.5 138.8 139.2 139.9 141.1 142.9 144.5 146.3 147.2 148.7 150.2 152 153.6 154.9 155.8 157.1 158 158.5 157.8 156.8 155.3 153.6 152.1 151.5 150.1 148.7 147.3 146.3 145.1 146.4 146.8 146.8 146.5 146.3 145.9 145.4 144.8 144.3 143.4 142 140.6 140 138.8 137.3 135.6 134 132.4 131.2 130.9 131.3 132.1 132.8 133.5 134.5 135.6 136.8
129.4 131 131.2 131.3 131.2 130.8 130.5 130.9 131.4 132.2 133.2 133.6 133.8 133.8 134.6 134.1 134.6 135.7 136.7 137.8 138.6 139 139.1 138.5 137.4 137.4 137.8 137.8 138.3 138.7 140.2 141 141.9 143.3 145.1 147.1 147.9 149.6 151.5 153.4 155.3 157.1 158.4 159.7 160.5 161.3 160.6 159.3 157.6 156.2 155.3 154.9 153.3 151.9 150.5 149.2 148.5 149 149.9 149.5 149.2 149 149 148.4 147.9 146.7 145.5 144.3 143.1 142.3 141.3 139.7 138.3 136.6 134.4 133.2 133.9 134.1 134.5 135.2 136 136.9 138.1 139.1
132.3 133.9 134.8 134.9 134.9 134.4 134 133.9 134.3 135.3 136.2 136.2 136.1 135.5 136 135.1 134.8 135.2 136.2 138 139 139.1 138.8 138.1 137 136.1 136.3 136.5 137.4 138.5 140.6 141.4 141.9 143.5 145.5 147.2 148.5 150 152.7 154.8 156.8 158.7 160.4 161.6 162.6 163.4 162.7 161.6 160.3 159 157.9 156.9 156.2 154.9 153.6 152.2 151.5 151.7 152.4 152.2 151.9 151.7 151.9 151.5 150.8 149.3 147.6 146.6 145.4 144.6 143.1 141.5 140.3 138.8 136.2 135.9 136.7 136.9 136.9 137.6 138.5 139.3 140.1 140.6
135 136.8 138 138.6 138.5 138.1 137.5 137 137.2 138 138.5 138.5 138.1 137.2 136.3 135.8 135.1 135.1 136.3 138.2 138.1 137.9 137.5 136.6 135.6 134.5 134.5 135.4 136.7 139 140.6 140.4 141.7 143.3 144.9 146.5 148.2 150.5 152.9 155.6 157.9 160.1 161.7 163.1 164.4 164.4 164.5 163.1 162.4 161.7 160.9 159.7 159.5 158.4 156.6 155.2 154.8 154.6 154.5 154.5 154.5 154.4 154.5 154 153.1 151 149.4 148.8 148 146.1 144.3 142.7 141.4 140.1 138.4 138.5 139.1 139.2 139.3 139.8 140.6 141.3 142.5 143
137.6 139.7 140.8 141.5 141.7 141 140.4 139.9 139.9 140.3 141.1 140.8 139.5 138 136.3 135.2 134.7 134.7 135.8 137.1 136.7 136.2 135.3 134.4 133.4 133 132.8 134.2 136.1 138.5 139 139.1 140.6 142.3 144.1 146.3 148.5 150.8 153.4 156.2 159.1 161.2 162.6 164 165 165.5 165.7 165.1 164.6 163.9 163.1 161.9 161.4 160.8 159.6 158 157.4 157.2 157.4 157.4 157.2 158 157.1 155.8 154.4 152.8 151.1 149.8 149.1 147.4 145.6 143.8 142.4 141.5 140.5 140.4 140.7 140.8 140.8 141.6 142.5 143.3 145 144.7
139.8 141.9 143.6 144.4 144.1 143.7 143.3 142.9 142.6 142.5 142.1 141.5 139.8 137.8 136.2 134.9 134.3 134.6 135.1 135 134.7 133.6 132.8 132.1 131.2 131.1 131.5 133.8 135.7 136.5 137.1 137.9 139.5 141.3 143.6 146.1 148.7 151 153.8 156.6 159.5 161.5 163 164.5 166.1 167 167.8 167.2 166.7 166.2 165.2 164.3 163.6 162.8 161.4 160.2 159.9 160 160.3 160.3 160 159.6 158.3 156.4 155.2 153.8 152.4 151 149.4 147.9 146.4 144.2 143.2 142.5 142.1 141.8 142.1 142.3 142.5 143.4 144.6 145.3 145.8 146.6
141.6 143.7 145.2 146.3 145.8 145.7 145.6 145.4 144.5 143.9 143.2 141.9 140.1 138.8 136.1 135 133.7 133.4 133.4 133 132.5 131.3 130.3 129.6 128.9 129.2 130.6 132.8 134.5 135.2 135.8 137.5 139.1 140.9 143.4 145.9 148.8 151.6 154.3 157.1 159.4 161.5 163.6 165.5 167.6 168.8 169.8 169.5 168.9 168.3 167 166.5 165.3 164.1 163 161.9 161.2 161.4 161.9 162 161.3 160.8 159.6 157.1 156.1 154.6 153.1 151.3 149.6 147.8 146.1 144.6 143.7 143.3 143.1 143.1 143.2 143.8 144.3 145.2 145.9 146.7 147.4 149.2
143.2 145.2 146.5 147.4 147.5 147.2 146.5 146.3 145.8 145.1 144.1 142.6 140.9 138.7 136.3 134.7 133 131.5 131.2 130.9 129.8 128.3 127.3 126.6 127 128.6 130.4 132.6 133.6 134.3 135.6 137.4 139.4 141.7 144.1 146.9 149.9 152.7 155.1 157.7 160.1 162.6 165 167.1 169 170.2 170.8 170.9 170.6 169.8 168.9 168 166.6 165.5 164.5 163.5 162.6 162.8 162.7 162.4 161.4 160.1 158.8 157.7 156.1 154.8 152.7 151 149.2 147.5 145.8 144.7 144 144 144 144.1 144.5 145.5 146.1 146.2 146.9 148 149.3 150.7
144.5 146.8 148.1 148.6 149 148.8 147.7 147 146.3 145.1 144.1 142.9 140.6 137.9 135.2 133.3 131.5 129 128.3 127.9 126.7 125.7 124.7 125.3 126.9 129.6 132.1 132.6 133.2 134.4 135.8 137.7 140.1 142.5 145 148.2 151.1 153.8 156.4 159.1 161.3 163.8 166.3 168.5 170.4 171.2 171.7 172 171.8 171.1 170.3 168.9 167.7 167.4 166.1 166 164.6 163.6 162.8 161.9 161 159 157.5 156.7 155.5 154 151.8 150.1 148.8 147.5 146.2 144.8 144.4 144.5 144.4 145.1 145.7 146.3 146.8 147.3 148.2 150 151.1 152.6
