public/OST50/SN25.asc
ncols 200
nrows 200
xllcorner 220000
yllcorner 250000
cellsize 50
[rows 152 to 189 of 200, columns 84 to 167 of 200]
126.8 127.1 126.3 129.2 130.6 130.5 130.2 127.5 124.7 121.4 116.3 111.6 107.7 102.1 90.2 75.2 45.7 24.2 -1.2 -1.2 -1.2 -1.2 -1.2 -1.2 -1.2 -1.2 -1.2 -1.2 -1.2 -1.2 -1.2 -1.2 -1.2 -1.2 -1.2 -1.2 -1.2 -1.2 -1.2 -1.2 -1.2 -1.2 -1.2 -1.2 -1.2 -1.2 -1.2 -1.2 -1.2 -1.2 -1.2 -1.2 -1.2 -1.2 -1.2 -1.2 -1.2 -1.2 -1.2 -1.2 -1.2 -1.2 -1.2 -1.2 -1.2 -1.2 -1.2 -1.2 -1.2 -1.2 -1.2 -1.2 -1.2 -1.2 -1.2 -1.2 -1.2 -1.2 -1.2 -1.2 -1.2 -1.2 -1.2 -1.2
129.9 129.2 129.7 130.9 131.8 132 132.4 130 126.5 123.4 118.2 113.7 110.1 103.9 92.3 63.1 40.1 17.5 -1.2 -1.2 -1.2 -1.2 -1.2 -1.2 -1.2 -1.2 -1.2 -1.2 -1.2 -1.2 -1.2 -1.2 -1.2 -1.2 -1.2 -1.2 -1.2 -1.2 -1.2 -1.2 -1.2 -1.2 -1.2 -1.2 -1.2 -1.2 -1.2 -1.2 -1.2 -1.2 -1.2 -1.2 -1.2 -1.2 -1.2 -1.2 -1.2 -1.2 -1.2 -1.2 -1.2 -1.2 -1.2 -1.2 -1.2 -1.2 -1.2 -1.2 -1.2 -1.2 -1.2 -1.2 -1.2 -1.2 -1.2 -1.2 -1.2 -1.2 -1.2 -1.2 -1.2 -1.2 -1.2 -1.2
131.1 131.4 132.1 133.4 133.9 133.7 132.9 131.4 128.4 123.9 118 113.6 108.9 99.8 85.3 58.7 23.2 -1.2 -1.2 -1.2 -1.2 -1.2 -1.2 -1.2 -1.2 -1.2 -1.2 -1.2 -1.2 -1.2 -1.2 -1.2 -1.2 -1.2 -1.2 -1.2 -1.2 -1.2 -1.2 -1.2 -1.2 -1.2 -1.2 -1.2 -1.2 -1.2 -1.2 -1.2 -1.2 -1.2 -1.2 -1.2 -1.2 -1.2 -1.2 -1.2 -1.2 -1.2 -1.2 -1.2 -1.2 -1.2 -1.2 -1.2 -1.2 -1.2 -1.2 -1.2 -1.2 -1.2 -1.2 -1.2 -1.2 -1.2 -1.2 -1.2 -1.2 -1.2 -1.2 -1.2 -1.2 -1.2 -1.2 -1.2
132.6 133 133.8 135.2 135.5 134.7 133 131 126.5 122 117.3 113.3 107.1 97.3 76.3 49.4 6.1 -1.2 -1.2 -1.2 -1.2 -1.2 -1.2 -1.2 -1.2 -1.2 -1.2 -1.2 -1.2 -1.2 -1.2 -1.2 -1.2 -1.2 -1.2 -1.2 -1.2 -1.2 -1.2 -1.2 -1.2 -1.2 -1.2 -1.2 -1.2 -1.2 -1.2 -1.2 -1.2 -1.2 -1.2 -1.2 -1.2 -1.2 -1.2 -1.2 -1.2 -1.2 -1.2 -1.2 -1.2 -1.2 -1.2 -1.2 -1.2 -1.2 -1.2 -1.2 -1.2 -1.2 -1.2 -1.2 -1.2 -1.2 -1.2 -1.2 -1.2 -1.2 -1.2 -1.2 -1.2 -1.2 -1.2 -1.2
133.3 133.9 134.7 135.4 135.2 134.3 131.2 128.5 124.6 120.3 116.4 112.7 106.8 87.4 74.8 47.9 27.2 1.6 -1.2 -1.2 -1.2 -1.2 -1.2 -1.2 -1.2 -1.2 -1.2 -1.2 -1.2 -1.2 -1.2 -1.2 -1.2 -1.2 -1.2 -1.2 -1.2 -1.2 -1.2 -1.2 -1.2 -1.2 -1.2 -1.2 -1.2 -1.2 -1.2 -1.2 -1.2 -1.2 -1.2 -1.2 -1.2 -1.2 -1.2 -1.2 -1.2 -1.2 -1.2 -1.2 -1.2 -1.2 -1.2 -1.2 -1.2 -1.2 -1.2 -1.2 -1.2 -1.2 -1.2 -1.2 -1.2 -1.2 -1.2 -1.2 -1.2 -1.2 -1.2 -1.2 -1.2 -1.2 -1.2 -1.2
133 133.9 134.4 134.3 134.5 132.2 129 129.3 123.5 119.5 115.6 110.9 106.2 95.5 87.9 61.2 44.7 15.8 5 -1.2 -1.2 -1.2 -1.2 -1.2 -1.2 -1.2 -1.2 -1.2 -1.2 -1.2 -1.2 -1.2 -1.2 -1.2 -1.2 -1.2 -1.2 -1.2 -1.2 -1.2 -1.2 -1.2 -1.2 -1.2 -1.2 -1.2 -1.2 -1.2 -1.2 -1.2 -1.2 -1.2 -1.2 -1.2 -1.2 -1.2 -1.2 -1.2 -1.2 -1.2 -1.2 -1.2 -1.2 -1.2 -1.2 -1.2 -1.2 -1.2 -1.2 -1.2 -1.2 -1.2 -1.2 -1.2 -1.2 -1.2 -1.2 -1.2 -1.2 -1.2 -1.2 -1.2 -1.2 -1.2
131 131.4 132.7 133.6 132.7 131.5 128.9 125.5 122.7 119.1 115.9 112.5 107.5 101.3 95.4 87 67.6 48.1 26.8 -1.2 -1.2 -1.2 -1.2 -1.2 -1.2 -1.2 -1.2 -1.2 -1.2 -1.2 -1.2 -1.2 -1.2 -1.2 -1.2 -1.2 -1.2 -1.2 -1.2 -1.2 -1.2 -1.2 -1.2 -1.2 -1.2 -1.2 -1.2 -1.2 -1.2 -1.2 -1.2 -1.2 -1.2 -1.2 -1.2 -1.2 -1.2 -1.2 -1.2 -1.2 -1.2 -1.2 -1.2 -1.2 -1.2 -1.2 -1.2 -1.2 -1.2 -1.2 -1.2 -1.2 -1.2 -1.2 -1.2 -1.2 -1.2 -1.2 -1.2 -1.2 -1.2 -1.2 -1.2 -1.2
128.8 130 131.3 132.3 132.2 129.4 126.6 124.4 122.2 119.9 117.2 115.1 110.4 104.9 100.5 94.1 81.1 77.7 36.9 4.6 1.5 10.1 27.7 -1.2 -1.2 -1.2 -1.2 -1.2 -1.2 -1.2 -1.2 -1.2 -1.2 -1.2 -1.2 -1.2 -1.2 -1.2 -1.2 -1.2 -1.2 -1.2 -1.2 -1.2 -1.2 -1.2 -1.2 -1.2 -1.2 -1.2 -1.2 -1.2 -1.2 -1.2 -1.2 -1.2 -1.2 -1.2 -1.2 -1.2 -1.2 -1.2 -1.2 -1.2 -1.2 -1.2 -1.2 -1.2 -1.2 -1.2 -1.2 -1.2 -1.2 -1.2 -1.2 -1.2 -1.2 -1.2 -1.2 -1.2 -1.2 -1.2 -1.2 -1.2
127.6 128.5 130.1 130.8 129.7 127.6 126 124.2 123.2 121.8 119.5 117.4 112 108.4 104.3 100.7 95.8 88.5 81 71.4 55.3 58.3 49.4 42.6 37.5 30.4 22.9 -1.2 -1.2 -1.2 -1.2 -1.2 -1.2 -1.2 -1.2 -1.2 -1.2 -1.2 -1.2 -1.2 -1.2 -1.2 -1.2 -1.2 -1.2 -1.2 -1.2 -1.2 -1.2 -1.2 -1.2 -1.2 -1.2 -1.2 -1.2 -1.2 -1.2 -1.2 -1.2 -1.2 -1.2 -1.2 -1.2 -1.2 -1.2 -1.2 -1.2 -1.2 -1.2 -1.2 -1.2 -1.2 -1.2 -1.2 -1.2 -1.2 -1.2 -1.2 -1.2 -1.2 -1.2 -1.2 -1.2 -1.2
126.2 126.8 127.9 127.9 127.1 125.8 124.6 124.2 124 123.1 120.9 118.2 114.8 112 108.5 105.7 102.5 94.3 86 78.2 68.3 65.5 59.4 54.6 49 42.7 34.3 21.9 -1.2 -1.2 -1.2 -1.2 -1.2 -1.2 -1.2 -1.2 -1.2 -1.2 -1.2 -1.2 -1.2 -1.2 -1.2 -1.2 -1.2 -1.2 -1.2 -1.2 -1.2 -1.2 -1.2 -1.2 -1.2 -1.2 -1.2 -1.2 -1.2 -1.2 -1.2 -1.2 -1.2 -1.2 -1.2 -1.2 -1.2 -1.2 -1.2 -1.2 -1.2 -1.2 -1.2 -1.2 -1.2 -1.2 -1.2 -1.2 -1.2 -1.2 -1.2 -1.2 -1.2 -1.2 -1.2 1.4
124.5 125 125.4 125.5 124.3 124 123.3 123.2 123.4 122.5 121.5 119.4 117.9 115.4 113.8 111.7 104.9 97.3 92.8 82.6 77.5 72.2 66.8 62.9 58.9 52.2 45.7 29.6 15 -1.2 -1.2 -1.2 -1.2 -1.2 -1.2 -1.2 -1.2 -1.2 -1.2 -1.2 -1.2 -1.2 -1.2 -1.2 -1.2 -1.2 -1.2 -1.2 -1.2 -1.2 -1.2 -1.2 -1.2 -1.2 -1.2 -1.2 -1.2 -1.2 -1.2 -1.2 -1.2 -1.2 -1.2 -1.2 -1.2 -1.2 -1.2 -1.2 -1.2 -1.2 -1.2 -1.2 -1.2 -1.2 -1.2 -1.2 -1.2 -1.2 -1.2 -1.2 1.3 12.7 41.7 58.2
122.7 123.2 123.5 123.4 123.3 123.2 122.6 122.5 122.5 121.6 121.6 122.2 121.5 119.5 116.9 112.7 106.1 99 93.2 86.3 82.4 78.5 73.9 69.8 65.4 59.5 51.6 39.6 20.2 -1.2 -1.2 -1.2 -1.2 -1.2 -1.2 -1.2 -1.2 -1.2 -1.2 -1.2 -1.2 -1.2 -1.2 -1.2 -1.2 -1.2 -1.2 -1.2 -1.2 -1.2 -1.2 -1.2 -1.2 -1.2 -1.2 -1.2 -1.2 -1.2 -1.2 -1.2 -1.2 -1.2 -1.2 -1.2 -1.2 -1.2 -1.2 -1.2 -1.2 -1.2 -1.2 -1.2 -1.2 -1.2 -1.2 -1.2 -1.2 -0.2 0.5 1.6 45.5 67.3 88.6 103.7
120.8 121.4 121.8 122 121.8 121.6 121.5 122 122 121.4 121.8 122.8 122.1 119.1 115 110.7 106.6 101 94.8 90.1 87.5 84.2 78.8 74.7 69.9 63.1 55.2 45.4 26.7 -1.2 -1.2 -1.2 -1.2 -1.2 -1.2 -1.2 -1.2 -1.2 -1.2 -1.2 -1.2 -1.2 -1.2 -1.2 -1.2 -1.2 -1.2 -1.2 -1.2 -1.2 -1.2 -1.2 -1.2 -1.2 -1.2 -1.2 -1.2 -1.2 -1.2 -1.2 -1.2 -1.2 -1.2 -1.2 -1.2 -1.2 -1.2 -1.2 -1.2 -1.2 -1.2 -1.2 -1.2 -1.2 -1.2 -1.2 1.5 1.2 29.5 61.6 91.9 107.2 116 123.9
118.9 119.6 120 120.4 120.1 120.1 120.2 121.1 121.1 121.2 121.2 120.5 118.6 114.9 111.8 107.5 103.7 100.1 96 92.7 90.2 88 82.2 76 71.2 65.4 57 46.7 30.8 18.8 -1.2 -1.2 -1.2 -1.2 -1.2 -1.2 -1.2 -1.2 -1.2 -1.2 -1.2 -1.2 -1.2 -1.2 -1.2 -1.2 -1.2 -1.2 -1.2 -1.2 -1.2 -1.2 -1.2 -1.2 -1.2 -1.2 -1.2 -1.2 -1.2 -1.2 -1.2 -1.2 -1.2 -1.2 -1.2 -1.2 -1.2 -1.2 -1.2 -1.2 -1.2 -1.2 -1.2 -1.2 -1.2 1.2 27 57.2 72.6 90.3 113.7 121.3 129.4 135.9
116.7 117.4 118.1 117.5 117.4 117.6 118.9 120 119.3 118.9 117.8 117.8 116.3 112.8 109.2 104.1 103.1 100.5 97.4 93.5 90.9 87.4 81.5 76.3 71.4 66 58.1 48.7 31.7 21.6 0.9 -1.2 -1.2 -1.2 -1.2 -1.2 -1.2 -1.2 -1.2 -1.2 -1.2 -1.2 -1.2 -1.2 -1.2 -1.2 -1.2 -1.2 -1.2 -1.2 -1.2 -1.2 -1.2 -1.2 -1.2 -1.2 -1.2 -1.2 -1.2 -1.2 -1.2 -1.2 -1.2 -1.2 -1.2 -1.2 -1.2 -1.2 -1.2 -1.2 -1.2 -1.2 -1.2 1.1 -1.2 21.5 55.1 70.6 83.7 108.9 129.8 134.9 139.8 140
113.7 114.6 115.3 115.7 115.8 116.4 116.6 116.8 117.2 116 115.2 114.8 113.7 110.7 107.1 103.6 102.9 99.7 98.1 92.2 89.3 86 79.8 74.3 70.1 66.4 58.4 47.2 29.1 17.9 0.8 -1.2 -1.2 -1.2 -1.2 11.8 17.6 17.6 -1.2 -1.2 -1.2 -1.2 -1.2 -1.2 -1.2 -1.2 -1.2 -1.2 -1.2 -1.2 -1.2 -1.2 -1.2 -1.2 -1.2 -1.2 -1.2 -1.2 -1.2 -1.2 -1.2 -1.2 -1.2 -1.2 -1.2 -1.2 -1.2 -1.2 -1.2 -1.2 -1.2 -0.1 0.7 3.1 30.6 30.8 32.3 72.5 89.9 124.8 136.5 139.8 140.7 138.8
109.1 111.2 112.6 113.7 114.5 115.3 115.6 115.5 115.3 113.9 113.5 113 110.9 108.3 105.7 102.6 99 93.6 90.6 89.1 87.5 84.2 77.4 71.1 65.8 60.5 54.2 37.8 16.4 12.7 2.8 1 1 0.8 -1.2 -1.2 17.9 19.2 24.3 24.7 24 9.4 -1.2 -1.2 -1.2 -1.2 -1.2 -0.7 -1.2 -1.2 -1.2 -1.2 -1.2 -1.2 -1.2 0.5 -1.2 -1.2 -1.2 -1.2 -1.2 -1.2 -1.2 -1.2 -1.2 -1.2 -1.2 -1.2 -1.2 -0.1 0.3 0.9 1.6 11.9 31 39.2 32 55 92.7 128.4 135.9 137.8 136.7 135.1
111.7 112.4 112.2 113.6 114.2 114.7 115.2 114.9 114.4 113.4 112.2 110.5 109.3 108 103.5 101.4 97 86.8 82.4 77.5 81.2 78.8 72.3 65.3 57.1 49.2 42.6 24.3 16.7 8 14.8 13.6 14.4 1.5 -0.1 -1.2 18.4 22.7 26.3 28.5 26.7 24.2 22.6 21.4 1.7 -1.2 1.7 20.2 -1.2 24.2 26.5 28.9 29.8 29.7 26.2 9.8 -1.2 -1.2 28.4 26.6 33.9 36.7 38.7 29.8 1.7 1.7 1.3 1.6 1.5 1.3 1.4 4 8.2 16.8 23.4 41.1 37.2 48.7 86.3 121.8 132.1 133.1 132 131.7
114.1 114.3 114 114.1 114.3 115.5 115.8 115.1 114.5 113.6 113 111.6 106.2 104.4 99.2 84.8 76.5 64.7 63.2 65.5 63.8 67.9 69.9 60.8 50.7 40.5 32.2 25.7 13.1 18.3 16.7 19.1 18.9 0.7 -0.8 -1.2 16.8 26.4 27.8 29.8 29.5 27.1 25.5 24.5 23.4 22.4 19.1 24.6 22.5 28.6 32.2 35.3 36.6 36.3 35.4 35.2 32 30.5 28.7 34.9 39.2 42.4 44.1 47 49.9 50.7 49.9 48.8 47.8 33.9 22.6 13.7 17.7 23.9 28.8 36.4 35.4 48.6 76.3 107.2 124.7 128.9 128.6 127.7
115.7 115.7 115.6 115.8 116.3 116.5 116.3 115.3 115.6 114.8 113.8 111.9 108.4 106 104.2 100.2 96.9 90 79.1 55.6 59.9 58.2 56.4 60.4 49.9 38.3 30.6 23.1 19.9 22.2 23.8 23.4 14.1 -0.3 2.8 -1.2 17.3 26.9 29 30.8 31.3 30.7 29.4 28.5 27.7 27.2 26.5 25.8 22.9 30.2 35.2 40.6 43.4 42.9 42.2 40.2 39.5 39.5 39.6 39.1 42.1 45.9 50.4 53.5 56.7 57.5 56.5 54.9 53.8 53.8 37.1 26.6 29.7 32.8 36.4 42.9 40.3 46.4 64.9 91 113 122.5 123.5 125.3
116.9 117.5 117.3 117.5 117.7 117.8 117.1 117.3 116.7 116.2 115.2 111.9 109.6 108.8 106.8 102.7 98.3 92.2 84.2 67.7 58.7 54 48.7 47.1 42.4 33.7 21.5 28.4 30.7 29.3 28.2 21.1 6.6 8 13.2 16 24.2 28.6 30.1 31.4 33.2 33.8 34.7 32.8 32.6 32.5 32 31.6 29.7 29.1 36.7 41.3 44.9 46.8 46.8 45.4 44.9 45.1 44.5 44.6 45.7 47.4 53.8 59 62.1 63.1 62.2 60.3 58.4 59.3 53.9 41 43.8 47.8 50.8 44.5 41.8 45.5 55.7 71 93.2 110.6 117.4 114.3
118.7 118.9 119.2 119.5 120 119.7 120.2 119.9 119.7 119.3 117 115.3 112.6 110.8 108.4 104.3 99.8 94 84.7 74.1 63.2 54.4 50.4 45.8 43.3 35 31.9 37.4 36 35.3 30.8 17 12.7 13.8 18.1 22.7 27.6 31.3 32.1 33.4 34.5 36.3 36.9 37.6 37.9 37.9 37.8 37.5 35.2 35.4 35.6 45.3 47.9 48.9 49.5 49.6 49.3 49.6 49.9 50.6 52.2 54.6 56.6 60.5 64.5 65.5 66.1 65 64.6 63.4 62.9 59.4 58.3 56.3 53.7 50.6 41.1 46.8 52.5 60.2 73.2 94.2 106.3 104.1
120.3 121.5 121.9 122.5 123.1 122.9 123.2 123 122.7 121.7 119.4 117.4 115.3 112.5 109.2 106 101.3 96.2 89.2 82.7 75.2 66.6 52.2 47.3 37.7 35.9 40 40 41.5 37.2 34 18.1 7.5 14.8 17.2 24.9 28.7 32.5 33.3 35 37.3 38.8 40.7 41.3 42.4 42.6 42.2 41.5 40.9 40.6 41 40.4 45.8 47.2 50.7 51.7 53 53.5 54.4 56.7 58.8 60.7 62.4 64.1 66.6 68.8 69.7 70.2 70 68.9 67.5 66.8 64.1 61.6 57.9 54.3 48.3 46.9 51.4 56.8 63.1 73.9 84.4 91.5
123 124.2 125 125.5 126.1 126.2 126.5 125.9 124.7 122.9 121.6 119.5 117 113.6 110.8 107.6 102.9 98.8 92.5 87 77.7 64.3 53.4 45.2 49.1 46.2 44.2 45.4 45.1 40.6 35.8 21.3 9.9 13.9 21.3 26.5 30.5 33.8 35.9 37.1 39.1 41.5 43.1 44.8 46.1 46.4 45.9 45.4 44.7 43.9 45 45.6 46.4 49.5 51.1 53.2 55.3 57.4 59.3 62 63.6 66.1 69 68.6 70.1 72.3 74.1 75.7 76.3 76.7 76.2 75.6 71.9 70.9 70.7 60 53.8 44.9 51.1 55.5 61.8 68.6 77.8 97.1
126 127.1 128.1 128.7 128.8 129.3 128.4 127.4 126.1 125.1 124.3 122 119.1 115.7 111.8 108.3 104.4 99.6 94 86.3 74.5 59.8 54.9 52.1 52.7 50.9 51.7 51.2 47.9 43.6 36.5 23.4 11.3 15.6 23.4 27.2 31 35 38 38.8 41.3 44.6 45.8 48.1 49.8 50 50.2 49.8 49.1 48 47.7 48.9 49.2 51.4 52.7 54.6 57.2 60.3 63.1 66.6 69.5 71.9 74 74.9 75.6 78 80.9 84.1 86 86.5 86.2 84.2 83.9 84.1 81 79.4 61 55.9 48.8 55.4 59.2 68.5 90 104.7
128.7 129.6 130.5 131.1 131.1 131.1 130.2 129.4 128.7 127 126 123.8 121.3 117.3 113.5 110 105.6 100.7 93.4 79 64.3 55.1 56 59.3 57.4 54.3 54.2 54 51.6 45.3 31.6 21.9 9.5 17.1 24.2 28.2 31.9 36.5 39.6 41.5 43.5 46.1 48.9 51.6 53.2 53.6 54.1 54.5 53.9 52.7 50.8 51.2 51.8 53.9 54.7 56.4 59.2 62.4 66.8 70.9 75.6 78.5 81.5 82.6 83 86.4 90.5 93.4 95.9 97.5 97.5 95.5 94 91.6 89.4 85.8 82.8 64.7 57.5 53.8 58.7 64.3 71.4 83.5
131.1 132 132.8 133.5 133.8 133.5 132.5 131.1 129.9 129 127.9 125.6 122 118.7 114.8 111.4 107.3 101.4 92.4 85.5 71.1 60.5 70.1 67.2 62.4 60.2 58.9 56.9 53.7 44 27.1 21.8 16.6 17.7 25.2 29.7 33.1 37.3 41 43.8 46.8 47.4 52.2 53.9 55.6 57 57.8 58 57.8 56.5 55 54.8 55.4 54.8 58 60.5 63.1 65 69 75.8 80.6 85.1 88.5 89.6 91 94.7 98 102 105.2 107.2 107.7 108.3 107 103.2 99.6 92.8 87.9 78.4 65.8 53.6 59.4 65.4 67.6 73.8
133.4 134.4 135.4 135.7 135.7 135.2 134.3 132.7 131.7 130.8 129.2 126.2 121.9 118.9 115.9 112.4 107.9 101.3 95.1 85 76.2 77.4 76.2 72.9 70.6 67.7 64.6 60.1 54 44.2 25.7 22.2 18.8 13.6 23.7 30.2 35.1 39.8 43.2 46.2 49.1 51.8 55 56.4 57.8 59.8 60.6 61.5 61.4 60.7 59.9 59.6 59.1 58 61.5 64.4 66.6 68.2 73 79.4 85.2 91 93.4 95.6 98.4 101.1 105.2 109.2 112.1 113.7 114.4 114.7 114.7 112.3 110.8 103.2 91.9 85.6 71 60.7 60.8 68.7 72.5 74.7
135.7 136.3 137.3 138.1 137.4 136.7 134.8 134.1 132.8 131.8 130.4 127.2 123.5 120.2 117.2 113.3 109.1 103.5 98.1 90.5 87.6 84.1 81.7 78.9 77.3 73.6 70.9 64.4 55.7 42.6 25.8 24.8 22.8 19.5 18.4 30.1 35.6 40.7 45 48.2 52 55.1 57.3 58.6 60.1 61.9 64.5 64.9 66.4 65.3 65.3 65.3 64.4 63.1 63 67.8 71.1 72.5 76.7 83.5 90.7 95.3 98 101.4 104.1 106.2 110 113.6 116.3 118 118.5 118.2 118.2 116.4 112.1 106.4 95.1 86.8 88.3 69.2 61.5 69.9 75.7 79.1
138 138.4 139.2 139.3 138.9 137.6 136 135 133.9 132.8 131.2 128.4 125 121.6 118.1 114.5 110.7 105.8 102.2 98.1 93 89.3 86.6 84.7 85.4 84.5 77.8 67.1 55.7 40.2 28.1 27.8 29.3 24.2 14.8 29.6 35.1 40.7 45.8 50.4 54.6 57.5 59.5 60.9 62.5 64.6 66.8 68.5 69.2 70.1 70.7 70.9 70.2 69.6 68.5 70.2 76.5 80.2 84 90.4 96.3 99.1 103.1 106.4 109 110.7 113.2 117.5 119.1 120.4 120.1 119.9 119.8 119.2 115.2 108.5 97.6 98.3 98.7 75.5 63.9 71.9 83.2 89.9
139.6 140.4 140.7 140.9 140 138.7 137.2 136.1 135.2 134 132 129.2 126.1 122.8 119.3 115.9 112.2 109.5 106.8 102.4 98.2 93.9 91.3 90.6 91.4 89.5 80 67.3 52.3 33.4 31.6 31.7 34 28.6 21 30.4 34.4 39 44.5 51.7 56.6 60.3 62.2 62.6 65 67.7 70.3 71.9 72.9 74.5 75.6 76.2 75.8 75.7 75.2 73.3 80.6 85.5 90.7 95.9 100.5 104.2 108.1 111.2 113.5 114.8 116.9 119.9 121.6 121.9 121.7 121.2 120.8 120.2 117.2 112.2 101.6 101.7 100.3 75.5 65.5 73.6 86.7 92.2
141.2 142 141.9 142.1 141.1 139.7 138.3 137.2 136.4 135 132.7 129.9 127.1 124 120.8 117.4 114.2 112.2 109.5 105.6 102.2 99.4 96.3 94.3 92.6 88.4 79.2 61.8 41.2 34.6 34 37.7 38.3 24 23.7 30.2 33.2 36.7 42.5 50.1 57.5 61.7 63.8 65.7 67.6 70.7 73.8 75.5 76.9 78.6 79.6 80.5 81.3 81.7 82.4 81 79.3 89.3 95.2 99.5 104.3 109.4 113.1 116.2 117.7 119.3 120.8 123.3 124.2 122.4 121.5 120.9 120.9 120.6 119.1 112.4 103.7 104.7 100.3 75.2 66.7 75.6 88.2 95.8
143.3 143.6 143.5 142.8 142 140.7 139.5 138.1 137.1 135.6 133.4 130.7 128.3 125.4 122 119.1 115.8 112.5 109.9 108.5 107.6 104.9 100.3 95.9 90.9 82.8 63.9 47.6 37.9 38.2 38.5 45.1 37 23.1 27.6 28.3 31.7 34 38.3 47.8 57.1 62 64.8 67.3 70.1 73.6 77.1 78.9 80.3 81.9 83.1 85.2 86.7 88.3 87.8 88.6 88.4 88 97.5 102.3 107.6 112.5 115.7 118.8 121.2 122.7 123.6 123.5 121.2 120.7 119.9 119.8 119.8 120.2 119.6 113.2 106.2 107.8 94.4 71.2 69.4 80 87.9 96.1
146.3 146.1 145.6 144.8 143.3 142.1 140.9 139.4 137.9 136 134.1 131.4 128.8 126.1 122.7 120.3 116.8 112.2 109.9 109.4 110 107.9 102.4 95.5 88 69.2 50 40.9 41.7 42.2 50.2 50.3 34.1 24.4 28.1 30.4 32.7 32 37.1 44.2 54.3 60.9 65.4 68.8 72 75.8 79 81.6 83.5 85.5 87.6 89.3 90.9 92.7 94 94.5 94.9 94.7 99.3 104.5 109.7 113.7 116.9 119.6 121.8 123.4 121.1 120.5 120.7 121.1 121 120.9 119.5 119.1 118.9 112.8 107.7 107.7 88.1 73.6 71.3 80.2 87.5 96
147.7 147.8 147.2 146 144.5 143.6 142.1 140.2 138.4 136.6 134.7 132.2 129.5 126.7 123.4 119.5 113.8 107.1 102.6 105.3 104.6 105.6 100.1 92.7 77.5 58.3 45.8 45.8 45.8 52.7 56.9 53.8 33.9 27.3 28.5 32.9 33.1 33.7 36.8 41.3 50.7 59.6 66.1 69.6 73.3 77.2 81.1 84.5 87.3 88.8 90.6 92.7 94.2 96.2 97.9 98.9 99.8 99.1 101.6 104.5 110.3 113.9 117.3 118.5 119.4 119.5 120.2 121.5 122.6 123.4 123.4 123.1 121.9 119.5 115.9 111.9 108.6 101.1 82.6 75.2 72.7 80.9 87.5 94.6
148.9 149 148.4 147.5 146.5 144.6 142.6 140.7 138.8 137 135.2 132.9 130.4 127.1 122.7 117.6 113 105.3 93.7 86.5 85 91.2 91.6 84.4 67.8 51.8 49.2 49.7 54.8 61.3 61.2 55.5 36.1 29.1 29.4 35.5 36.2 35.8 36.5 39.9 48 57.6 66.2 70.6 74.6 78.6 82.6 85.7 88.7 92 94.5 95.3 96.4 98.1 100.1 102.4 103.4 104 105.4 108.1 110 112.1 115.5 116.8 117.6 118.9 120.8 124.2 125.3 125.9 127 126.1 123.7 121.3 118.7 112.9 106.8 92 80.8 74.4 75.1 81.2 86.5 93.9
150.7 150.4 149.7 148.6 147.1 145.3 143.3 141.3 139.3 137.5 135.7 133.1 131.1 127.7 123.1 120.2 116.5 105.7 102.9 89.5 79.9 76.1 73.6 67.7 56.7 53.8 53.6 56 67 67 63.7 56.2 41.8 30.5 31.8 37.1 40.2 39.5 38.6 40.8 45.2 55.9 65.5 71.9 75.9 79.8 83.4 85.7 88.2 93.2 94.9 96.1 97 98.2 101.3 104 105.9 106.9 108.3 110.7 114.1 115.2 115.2 117.8 119.5 121.4 122.6 123.9 126 128.3 130.4 128.9 124.8 121.8 118.5 112.2 104.7 85.6 77 77.7 77.9 79.4 84.9 92.4
152.3 151.2 150.4 148.7 147 145.3 143.5 141.8 139.9 137.6 136.1 134.4 131.9 128.8 124.8 121.2 116.1 111 108.4 103.1 88 74 68 62.2 60.4 61.3 66.4 71.7 73.4 70.6 65.5 58.5 48.2 34.9 30.6 38.2 43.9 42.9 41.5 41.6 45.2 53.7 65.2 72 76.2 79.6 83.3 83 83.5 92.7 93.3 96 96.6 98 101.6 104.1 106.9 108.1 110.5 112.9 115.3 115.7 116.5 119.4 121.7 124.2 125.7 126.5 127.1 127.4 128.2 127.2 125 122.4 117.4 109.8 96.6 83.9 83.8 86.8 87.6 83.3 83.7 90
