public/OST50/SN32.asc
ncols 200
nrows 200
xllcorner 230000
yllcorner 220000
cellsize 50
[rows 35 to 69 of 200, columns 0 to 78 of 200]
205.1 207.8 210.8 212.5 213.8 214.3 215 215.8 216.6 217.4 218.1 217.9 215.9 211.7 205 183.9 164.3 177.9 194.4 202.1 208.1 213.1 217.9 222.2 225.1 226.3 226.3 226 225 225.8 227.5 228.9 230.1 230.6 231 231.3 231.2 230 228.8 226.6 221.7 218.4 213.4 213.8 213.9 213.6 211.7 210.6 213.2 215 216.8 218.9 220.4 222.1 222.4 222.9 223.6 224.4 225.1 224.5 223.1 220 216.7 211.7 206.2 196.7 170.3 146.7 125.5 122.7 138.8 160.2 182.4 204.6 212.1 216.1 218.4 221.8 224.9
208.7 211.4 213.9 215.4 216.2 216.2 216.4 216.6 217.4 218.1 218.2 216.8 214.6 210.1 204 183.6 164.9 172.5 188.6 199 206.3 211.9 216.6 220.7 223.8 225 224.6 223.3 222.9 223.3 224.8 226.6 227.2 228.4 228.8 229.1 228.6 227.5 225.8 223.4 218.7 210.1 207.1 208 207.1 205.3 205.2 210.7 213.5 216.2 217.4 218.6 220 221.4 222.3 223.1 224.2 224.9 225 223.9 222.1 219.4 216.4 210.5 206.3 198.4 179.8 154.2 128.8 119.3 132.9 150.6 173 199.3 207.9 212.6 215.9 219.2 220.8
211.7 214.4 216.1 217.5 217.8 217.6 217.2 217.3 217.6 218.5 218 216.3 212.7 208.3 195 177 161.2 170.6 185.1 195.9 205.1 210.8 215.3 219.1 222.2 223.7 223.1 221.9 219.6 219.8 221.3 223.3 224.5 225.1 225.3 225.5 224.9 224 222.4 219.9 214.6 206.7 200.7 198.8 198.4 204.9 209.5 213.5 216.9 218.9 220.3 221.1 221.5 222 222.7 223.5 224.6 224.5 224.1 222.8 221.2 219.1 216.1 212.5 206 194.8 174.8 154.8 131.3 117.2 127 146.7 168.7 196 205.6 209.3 212.5 215.5 217.4
213.4 215.7 217.4 217.9 218.3 218.2 217.6 217.2 216.8 217.4 216.1 213.9 210.2 204.3 182.4 166 161.4 174.5 188.2 197 203.8 209.5 213.7 217.4 219.8 221.5 221.3 219.8 217.3 215.6 217.1 218.8 220.1 221.4 221.9 221.8 221.3 220.7 219.7 217.7 212.8 208.7 200.8 194.5 203.4 208.4 212.8 216.3 219.4 221.7 222.7 223.3 222.8 223.2 223.7 224.8 225.6 225.4 224.1 223.4 222.2 220 216.6 212.3 206.5 200.6 188.5 162.1 139.6 121.6 122.8 145.7 170.3 197.1 202.9 206.6 208.3 211.1 212.7
212.9 214.9 216.4 216.9 217.2 216.8 216.1 215.7 215.4 214.8 213.1 210.4 206.3 195.7 174.2 159.7 164.9 183.6 194.9 201.1 206 210.4 213.6 216.5 217.8 218.9 218.5 216.9 212.7 209.1 212.1 214.6 216.3 217.7 218.5 218.6 218.5 218 217.1 215.1 211.9 210.4 198.1 196.4 205.2 211.5 215.3 219 222.6 224.8 225.3 225.4 224.8 224.6 225 225.2 226.3 225.9 224.7 223.5 221.6 219.3 215.4 210.8 205.1 199.9 191.8 167.5 144.9 124.8 120.5 146.6 172.6 195.9 201.4 203.9 205.5 206.4 208
210.7 212.6 213.8 214.5 214.8 214.1 213.2 212.2 211.9 211 208.9 206 201.5 189.5 169.4 156.8 165.6 186.1 195.9 200.7 206.2 210.2 213.8 216 216.4 217.2 216.7 214.3 210.5 204.2 203.8 209.1 212.5 213.9 214.8 215.4 215.5 215.2 214.1 212.7 211.3 208.8 191.7 198.5 208.1 213.2 217.7 223.3 226.4 227.4 227.9 226.8 226.4 226.3 226.4 226.4 225.7 225 223.2 221.8 219.4 216.5 212 207.6 202.7 197.7 193.8 170 149.4 132.1 119 142 166.6 194.6 199 200.2 201.9 203.1 203.5
207.9 209.5 210.4 210.6 210.5 209.8 209 207.7 207.7 206.4 204.1 201.1 196.8 184 166.4 155.5 169.2 190.9 197.2 201 206.8 210.4 213.4 215.1 215.6 215.7 215 213 207.6 201.2 197.8 203.3 207.8 210.2 211.2 212 212.2 212.3 211.8 210.8 209.5 203 187.2 200.8 210.4 215.9 221.4 225.7 227.7 228.9 228.5 227.7 227.1 226.7 226.7 226.2 224.6 222.5 220.4 218.3 216 212 207 201.1 195.6 191.9 189.1 168.7 153.3 135.4 114 138.7 160.1 192.5 196.2 196.9 198 198.7 199.3
204.7 205.8 206.2 206.4 205.8 205.3 204.6 203.6 203.2 202.2 200.2 196.9 191.3 175.9 165 153.7 169.6 191.1 197.8 202.6 207.2 210.6 213.3 215.1 215.1 214.7 213.8 212.2 209.3 203.7 194.8 195.4 203.7 206 207.6 208.3 208.8 209 209.2 208.3 202.5 185.3 187.1 202.4 210.8 218.3 223.8 226.6 228.3 229.3 229 228 227.4 226.8 226.5 224.7 222.3 220.2 216.8 213.9 210.3 204.4 194 176.1 167.2 164.1 167.7 156.4 144.3 128.8 113.1 132.3 164.1 191.6 193.6 194 194.1 194.8 195.6
199.6 201.6 201.7 202.1 201.6 201 200.5 200 199.4 198.2 195.9 187.5 176 165.4 154.6 151.8 171.9 190.5 197.4 202.3 207.2 210.9 213.6 215.2 215 214.3 212.7 211 209 205.6 195.7 186.2 198.1 201.7 203 204.2 204.8 205.4 205.9 198.9 183.5 182.5 191 202.4 213.5 220.2 224.3 227.2 228.9 229.5 229 228.3 227.5 225.9 225 223.1 220.5 217.7 214.6 210.4 196.7 179.3 165.3 161.6 150.2 135 135.1 134 119.9 111.6 124.6 143.8 176.6 189.1 190.2 190.2 190 190.4 189.2
193.2 195.7 196.7 196.3 195.9 195.8 195.7 195.8 195.2 192.6 179.8 167.7 159 155.2 151.3 150.3 174.5 189.1 196.1 202.2 207.1 211 214 215.4 215.3 214 211.8 209.8 207.2 201.3 192.3 181.7 191.5 196.1 198.1 199.1 200.1 201.1 197.8 181.6 180.2 189.4 198.2 207 213.4 218.5 224.1 227.1 228.9 228.9 229.7 228.9 227.8 225.5 222.8 219.8 216.4 211.9 210.8 205.8 187.5 192.6 193.7 188.8 174 154.4 131.4 112.6 113.4 125.6 145.1 164.1 181.9 186.4 186.5 185.5 183.4 183.5 182.7
185.7 188.1 185.3 183.7 185.9 190.3 190.6 190 189.6 178.7 163.5 155.9 150.6 149.2 147.9 162.3 185.9 193.2 198.4 203.8 207.4 211 213.9 214.7 214.4 213.6 211.5 209.5 206.6 202.8 195.4 177.7 183.2 189 192.1 194.1 193.2 188.1 179.8 175.6 187.6 198.8 207.8 214.6 218.7 223.2 226.4 228.9 229.7 229.5 230.8 230 228.5 226 222.6 218.1 215.1 215.4 208.9 205 207.4 205 201.4 196.9 182.1 158.8 135.4 111.4 121.8 144.6 166.1 174.7 179.5 181.2 181.7 180.8 174 169.9 175.3
170 168.2 162.4 159.9 161.7 171.2 174.8 180.2 178.3 163.3 151.1 145.9 145.1 144.9 157.1 177.3 189.9 196.7 200.6 204.3 207.9 210.8 212.9 213.6 213.1 212.6 211.5 208.8 204.9 201.5 195.1 176.8 172.7 181.9 183 179.4 173.9 171.9 172.7 184.3 197.9 207.9 215.4 220.1 224.7 227.4 229.7 231.6 232.4 232.5 232.3 231.1 229.2 226.3 222.8 219.3 219 218.3 215.7 213.5 210.7 207.6 202.8 198.3 181.6 156.2 131 108.1 128.6 153.6 171.2 174.6 176.4 176.8 176.8 175.4 164.7 152.5 167.4
155.9 145.3 143.7 142.7 145.3 153.4 159.5 166.7 168.4 152.9 142.3 140.1 149.2 167.5 177.2 185.4 195.1 198 201.6 204.9 208 209.7 211.4 212 211.9 210.9 209.4 206.2 202.1 198.3 193.4 183.4 163.7 170 164.4 164.5 169.3 176.1 184.5 197 207.9 217.2 223.5 228.6 231 232.2 233 234.4 234.5 234.3 233.5 232 229.8 226.9 224 222.9 221.4 219.8 217.6 214.9 211.5 207.9 203.4 198.1 172.7 149.4 126.7 114.9 134.5 159.4 169.9 172.2 172.9 172.6 171 167.8 147.6 149.8 159.7
143 141.7 140.3 140.3 138.4 138.9 141.4 149.9 152.9 146.8 137.9 149.5 161.7 170.5 178.8 187 194.8 199.9 203.4 205.8 208.2 209.5 210.7 211.7 211.2 210 206.8 202.4 198.3 191.7 187.9 181.4 165.5 160.2 165.5 173.5 181.2 189.7 200.1 208.2 216.4 224.3 229.2 232.7 234.4 236 236.8 236.8 236.7 236 234.7 232.9 230.7 228.4 227 225.7 224.4 222.6 219.6 216.4 212.6 208.1 202.6 187.9 159.4 140 110.2 121.7 142.1 162.3 167.3 169.1 168.8 166.8 161.3 153.4 141.5 143.6 144.9
141.4 151.7 159.2 159.5 154.9 144.5 136.9 137.2 137.5 137.7 135.5 138.6 148.4 165.8 177.6 185.7 194.2 200.2 204.5 207.6 209.9 211.2 212.2 212.3 211.7 210.3 206.8 199.7 191.2 183.9 178.9 169.6 156.8 162.9 174.3 182.9 193.8 203 208.7 214.5 223.9 228.8 233.6 237 239.4 240 240.3 239.9 238.9 237.7 236.4 234.5 233.6 231.8 230.3 229.1 227.3 224.8 221.5 217.7 212.6 207.9 201.4 182.8 155.8 130.2 106.8 127.9 148.5 162.4 165.5 165.7 164.3 156.2 140 128 124.3 123.4 123.4
162 168.2 170.9 172.7 168.7 161.4 152.3 144.4 135.2 134.8 133.9 134.1 135.3 154.6 174.5 183.3 192 199.8 205.6 209.7 212.2 213.7 214.2 214 213.3 211.5 208.7 203.7 195.3 184.8 175.4 163 157.1 166.5 180.7 193.9 202.7 208.9 215.2 221.6 227.8 233.2 237.1 240.3 241.8 242.6 242.8 241.8 240.6 239.2 238 236.7 235.8 235 233.6 231.6 229.3 226.2 222.6 218.2 213.2 207.6 200.8 179.6 151.6 122 108.1 132 151.2 160.5 162.1 161.5 157.8 138.2 119.3 119.8 122.8 127.4 131.1
170.3 174.3 178.4 178.9 177.9 174.1 168.5 162.7 157.4 151 150.5 144.6 132.8 143.9 163.7 178.5 189.1 199.4 206.3 211.4 214.4 215.8 216.3 215.3 214 212.1 209.1 204.8 199 191.8 176.8 159 153.8 170 188.5 199.2 207.5 213.2 219.7 224.8 230.2 234.8 238.3 240.9 242.3 243.5 243.4 242.5 241.2 240.1 239.4 238.5 237.9 237.2 235.5 233.3 230.2 227.1 222.9 218.5 213.7 207.6 200 179.9 151.5 124.1 106.7 130.5 149.2 156.2 156.5 156.2 143.2 121 119.5 127.7 134.4 141.4 147.6
179 181.3 183.4 184.9 185.3 185 182.5 179.3 173.5 167.3 156.5 147.4 131.6 135.9 151.3 170.5 187.4 197.8 205.1 211.7 215.5 217.4 217.6 216 214.4 212 208.9 205.2 199.4 192.2 173.3 155.8 155.4 172 193.9 202.2 209.4 215.7 221.1 225.8 230.4 234.4 237.7 240.1 241.6 242.1 242.3 242 241.1 240.5 239.9 239.5 239.3 238.5 237 234 231.2 227.5 223.2 218.5 213.7 208.1 198.3 177.6 151.8 127.6 105.1 126.9 142.6 148.1 145.2 142.1 123.5 116.2 124.8 138 148.7 158.4 166.2
187.2 188.7 191.1 191.9 192.6 192.6 192.3 190.1 186.7 177.7 164.9 151.6 132.5 132.2 145.4 164.1 186 197 203.3 210.6 216 217.5 217.5 216 213.9 211.2 208.2 203.9 197.9 190.3 169.6 153.3 159.3 174.3 194.8 203.5 209.8 216.1 221.4 226 230.3 233.1 236 238.2 239.5 240.2 240.4 240.6 240.3 240.4 240.2 240.1 239.7 238.8 236.6 233.8 230.6 226.6 222.7 217.1 211.4 205.1 197.4 177.7 148 123.7 103.1 119.7 128.3 127.5 123.2 118.9 112.1 119.8 133.3 149.1 161.5 169.2 174.8
196.8 197.1 197.7 198 198 197.9 198.1 197.1 193.5 184.2 170 154.2 132.6 131.2 143.8 162 187 198.8 204.8 211.6 215.1 216.8 216.9 215.7 213.6 211.2 208 203.7 196.1 187.7 170 151.1 160.9 175.3 195.8 205 211.7 217.5 220.8 225.3 228.8 231.3 233.9 235.6 236.2 237.2 238 238.4 239.2 239.4 240 239.9 239.5 238.1 235.7 232.4 229.2 225.3 220.8 215.3 201.9 180.4 172.9 162 139.2 118.5 101.9 111.7 113 106.6 107.4 111.9 119.2 127.3 143.1 157.8 166.6 173.2 179.1
202.5 203.2 203.4 203.3 203 202.8 203.2 202.1 198.2 189.1 170.4 155.7 137.8 130.4 139.2 159 179.6 199.8 206.3 211.4 214.2 215.7 215.9 215.1 212.7 211.3 207.9 202.6 196.1 182.9 163.3 147.6 156.8 172.7 197.8 206.9 211.3 217.6 220.7 223.4 225.9 228.2 230.7 231.9 232.1 234 235.1 235.8 237.1 238.5 239.1 239.1 238.3 236.4 233.8 230.6 227 222.9 218.5 194.7 175.6 156.8 146.1 136.2 123.9 110.9 101.3 102.4 108.2 113 116.6 120.3 127.1 138.1 151.7 162.1 170 175.9 181.6
205.8 206.4 206.8 206.2 205.7 204.5 204.3 202.3 197.6 187.1 168 153.8 141.3 130.1 134.2 153.6 178.4 200.7 206.2 210.2 213.1 214.8 215.5 214.9 212.2 211.2 207.6 202.7 195 178.2 156.7 144.4 156 178.3 198.5 206.3 210.7 215.2 217.9 220.3 218.9 216.6 221.5 224.6 227.4 230.4 232.2 234.2 236.1 237.3 237.7 237.3 236.4 234.6 231.7 228 224 219.5 212.5 184.2 151.6 137.4 125.9 118 110.1 101.7 101.2 108.5 116.9 125.3 129.3 133.5 139.6 148.6 157.3 166.1 172.4 177.4 182.4
208.2 208.7 208.8 207.7 206.5 205.2 203.8 200.7 195.1 181.1 163.2 149.8 135.9 129 132.3 156.6 185.3 199.2 205.8 209.7 212.3 213.2 213.9 213.7 211.6 210.2 206.7 201.4 194.1 169.9 148.5 143.9 161 173.7 191.5 202.7 209 212.5 214.7 207.9 196.4 193.5 197.9 208.5 219.8 225.4 230.4 232.9 234.9 235.6 235.7 234.7 233.2 231.1 228.1 224.5 220 212.8 202.6 179.9 151.2 131.8 116.5 110.9 112.2 104.9 101.1 109.4 123.4 131.9 136.9 141.1 147.5 154.3 163.2 168 173.1 177.6 181.9
210.5 210 209.1 207.7 206.2 204.7 202.8 199.5 193.2 176.4 157.3 143.4 129.9 128.6 140.7 164.8 187.6 198.5 205 208.5 210 211.8 212 211.7 210.5 208.5 205 200.2 191.9 165.9 142.7 149 157.1 164.9 173.7 189.5 203.2 209.6 210.1 196.3 180.7 176.8 199.9 214.4 220.2 225.6 229.1 231.6 232.5 232.5 231.9 230.4 229.1 226.9 223.6 219.5 213.8 206.8 197.2 179 162.4 145.5 135.6 136 130.6 111.4 99.2 108.7 124.3 136.1 142.3 147.9 152.9 159.4 165 168.3 172.7 176.6 180.7
211.2 209.7 208.2 206.4 204.7 203.5 201.7 198.3 190.5 170.6 153.7 134 125.5 130.9 154.3 179.2 193.8 200.1 204.2 207.4 208.1 210 210.2 209.3 208.3 206.4 203.3 198.4 187.4 163.3 145.7 138.8 142.9 146 152 164.1 179.8 194.5 192.4 180.3 167.5 173.8 202.1 214.1 220.5 224.7 227.5 228.6 229.1 228.7 227.2 225.8 224.1 221.7 217.6 212.8 205.8 200.7 191.2 181.4 171.7 163.9 153.2 142.6 130.1 108.9 97.5 107.5 122.5 139.7 146.5 152 156.6 160.3 163.1 167.1 171.3 174.7 177.6
211.1 208.7 206.2 204.1 202.2 200.4 198.5 194.3 184.8 166 144.8 126.8 126.9 142.9 168.2 187.1 196.5 200.9 204.2 206.3 207.3 207.7 207.8 207.1 205.8 203.7 200.6 194.8 172.6 157.5 156.9 147.5 139.9 135.5 132.5 135.8 153.2 169.2 170.5 164.1 157.5 179.1 204.7 214.9 219.7 223.3 224.3 225.2 225 223.9 222.4 220.6 217.7 214.7 210.6 205.7 200 193.8 188.2 181.1 174.2 164.2 147.7 132.2 118.9 103.4 97 108 122.6 142.4 148.1 151.2 155 158.4 161.2 164.8 168.2 171.3 174.3
210.1 206.9 203.9 200.7 198 195.5 192 187 176.6 158.4 139.9 124.4 128.5 146.1 174 189.9 195.3 199.7 202.5 204.4 204.9 205.3 205.1 204.3 203.3 201.2 197.3 188.3 177.1 182.1 175.2 163.4 155.7 150.3 145.2 134.5 127.9 139.7 149.6 149.9 166 193 209.6 214.2 218.3 220.8 221.1 221.6 220.7 218.6 216.6 214.4 211.1 207.1 203.4 198.9 194.5 190.7 186.6 180.8 171.2 154.9 134.4 117.9 105.3 102.1 99.4 109.8 128.3 141.8 144.9 147.7 151 154.4 157.6 161 164.4 167.6 170.3
208.4 204.6 201.3 197.5 193.1 186.5 181.1 176.1 164.2 150 134.7 124.2 125.6 151 175.3 187.7 193.4 197.7 200.3 201.7 202.4 202.3 201.8 201 198.7 198.1 195.9 191.1 194.4 191.8 187.8 181.6 176.9 168.7 160.3 151.5 137.7 124 133 154.8 173.4 199.3 209.5 213.1 216.1 217.7 218.1 217.6 215.9 213.7 211.6 208.5 205 202.1 198.1 194.1 191.5 188.9 184 175.7 163.5 142.3 122.6 115.8 114.2 101.7 96.8 110.7 128.5 133.1 134.9 139.3 143.2 148.9 153.4 156.9 160.2 162.5 164.4
206.2 202.2 198.1 194 187.5 183.8 174.8 166.6 150.9 138.4 128 123.2 130.5 153.9 171.1 182.4 188.9 193.3 196.4 197.3 198.1 197.7 197.4 197.4 196.3 196.2 195.5 195.6 195.7 194.7 193 191.2 187.9 183.5 173.4 161.3 145 129 124.1 144.1 165.4 190.2 208.5 212.1 213.8 214.1 214.1 212.7 211.3 209.4 206.9 198 189.7 194 192.4 189.5 187.1 184.6 177.9 168.5 150.4 133.3 125.3 130 133.7 120.8 105.3 103 115.4 118.9 128.4 134.2 141.3 147.1 150.2 152.9 154.8 155.9 157.2
205.5 200.1 194.9 189 186.4 176.1 170.4 156.4 139.8 133.2 127.6 124 134.7 150.9 166.6 175.6 178.6 184.7 190.3 191.3 191.3 191.7 192.9 193.3 193.8 193.9 195.7 196.3 196.8 196.9 196.2 195.3 193.9 191.1 184.2 170.6 150.1 132.1 121.6 132.1 154.6 181.1 204.3 209.2 210.2 209.5 209 208.2 207.1 205.3 201.1 177.1 166.9 187.2 188.3 186.2 181.5 176.9 171 159 144.9 133.3 136.3 143.3 148.2 135.8 110.3 96.6 112.6 127.5 136.2 140.1 143.2 146.5 148.3 149.4 149.9 149.3 146.1
204.2 199.5 193.1 186.4 180.9 173.4 166.9 151.3 146.9 150.1 131.2 122.8 128.4 142.4 157.9 166.2 171.6 176.6 179.6 181.1 182.8 185.3 187.8 188.5 189.9 194 195.9 197.4 198 198.3 198.7 198.1 196 193.4 188.5 179.6 157.3 138.8 123.2 119.8 145.2 170.6 196.9 204 204.6 203.3 203.3 202.3 200.7 197.8 192.7 169.7 156.7 176.9 183.9 180.9 174.3 168.7 162.1 151.6 141.5 144.6 150.7 155.3 153.6 139.2 117.4 93.3 110 129.7 138 142.9 145.7 147.3 148 147.8 145.9 139.3 144
204.4 199 193.9 188.8 181.4 174.5 166 162.4 164.6 162.4 144.7 122 121.9 131.8 145.8 156.5 164.9 170.5 174.2 173.3 173.6 176.7 180.4 182.7 187.4 194.5 195 198 198.2 199 199.2 198.1 195.7 193.1 188.6 182.4 168.5 149.7 134.1 116.8 135.8 158.6 185.3 195.2 196.3 197.2 196.8 195.7 192.7 189.5 184.1 165.5 151.1 169.9 177.5 176.2 171.9 168.6 161.8 155.1 151 156.3 159.3 160.1 157.9 146.4 125.3 97 105.5 125.3 139 145.3 148.1 148.8 147.7 145.1 135 144.1 154.7
205.9 202.6 197.6 192.3 185.7 179.4 174.9 173.1 171.4 168.2 158.9 139.3 120.3 121.7 133.2 144.8 154.5 160.6 164.2 164.4 162.8 167.3 173.3 179.8 188.2 193 195.9 197.1 198.3 198.8 198.5 196.7 194.2 191.1 187 182.2 175.5 163.2 151.3 132.8 119.5 147.4 178.2 186.6 188 189.3 188.7 187 184.1 181.3 176.2 160.9 144.9 158.1 171 172.4 170.6 167.3 163 158.5 156.6 159.6 161.4 161.9 159.9 150.5 131.5 100.7 98.3 120 138.8 146.4 149.7 148.3 144.8 135 139.3 153.6 159.4
207 204.8 201.9 197.5 192.1 187.2 182.1 179.8 178 175.1 169.6 153.1 133.1 119.3 121.3 132.5 142.4 149.4 152.2 146.3 151.9 162.8 171 178.8 185.5 190.1 193.6 196.8 198.7 198.8 197.6 195.6 192.3 189 184.7 180.2 175 159.5 134.5 116.5 122.4 149.7 175 179.9 182 182.1 180.6 179.2 175.7 173 163 148.4 137.9 148.6 165.9 169 168.5 166.9 163.8 159.8 157.5 157.2 158.8 160.1 155.5 146.3 126.7 96.9 95.8 113.5 136.1 145.7 147.8 137 125.4 137.4 151.7 158.4 165.7
209.5 207.5 205 201.1 195.9 191.6 188.8 186.7 184 180.5 174.6 165.8 145.5 122.9 119.2 121.9 131.9 139.2 137 145.1 155.9 164.2 171 176.9 181.6 187 191.6 195.5 197.4 197.7 197.2 194.5 190.9 187.3 183.3 177.6 163.3 139.7 120 113 133.2 157.3 171.7 173.7 175.8 174.6 174 172.1 168.8 161.6 146.2 135.2 134.8 144.5 163.1 167 167.5 166.5 163.8 160.1 154.1 147.7 153.2 153.6 148.6 134 115.1 91.8 102 110.8 130.1 138.6 136.7 122 126.5 145.3 154 161.8 168.7
