public/OST50/SN32.asc
ncols 200
nrows 200
xllcorner 230000
yllcorner 220000
cellsize 50
[rows 140 to 174 of 200, columns 0 to 78 of 200]
160.9 141.9 119.7 96.4 78.4 62.9 62.1 65.9 77.1 96.4 97.4 100.7 111.7 135 147.7 156.6 163.5 169 173.5 176.8 179.3 181.3 182.5 182.8 183.4 183.6 184.5 185.7 186.3 186.3 185.4 182.6 178.1 173.6 167.8 162 156.4 149.7 144 138 131.1 123.6 116.3 105.5 78.4 48.9 48.4 61.1 65.2 68.1 74.6 79.4 82.4 84.7 87.9 91.5 95.9 99.1 102.4 104.9 107 108.1 109 109.7 108.9 106.8 103.2 95.1 86.9 82.8 81.1 83.6 81.1 73.8 69.9 73.4 79.3 83.3 86.7
148.6 127.1 107.3 87.8 73.2 62.5 62.5 65.1 70.4 78.5 88.2 105.9 124.9 140 149.1 157.1 164.6 169.5 173.3 176.1 178 179.3 179.8 179.1 177.7 176.1 176.1 176.9 178.3 178.7 177.3 175.2 171.6 167.4 161.1 154.9 148.6 139.9 134 127.6 122.3 115.1 107.7 99.3 84.3 50.7 47.8 57 62.2 64.8 69.6 74.2 78.2 81.1 83.6 86.9 91.3 95.1 98 100.6 102.5 103.5 104.6 105.5 105.1 103.8 99.8 94.1 86 78.3 76.2 75.7 71.9 68.9 75 78.8 83.8 88.4 93.1
133.9 115.6 94.5 81.1 65.5 61.7 61.7 64.6 69 79.2 101.4 118.1 131.1 141.6 151 158.5 163.9 168.9 172.4 175.2 176.1 176.5 175.3 173.5 169.7 166.6 168.8 170.2 171.4 171.7 169.9 167.4 164.1 159 153.3 146.7 139.6 130.9 110.8 112 109.5 105.1 96.8 87.4 74.5 49.4 47.8 50.6 58.9 60.9 65.2 68.9 72.9 77.5 80.4 83 85.7 88.7 91.4 94.5 97 98.6 100.8 101.7 102.3 100.6 97 91 84.2 80.3 75.7 66.4 66.5 73.5 80.3 84 87.4 92.4 96.7
120.5 102.5 84.1 73.4 62.7 61.1 62 63.9 67.2 84.6 106.9 118.7 129.7 140 149 155.9 160.1 164.8 167.6 169.3 169.4 168.6 167.1 165 162.2 153.8 162.3 163.9 165.5 165.3 164.8 162.3 159.7 153.8 147.2 138.8 128.4 117 99.5 92.6 91.6 85.5 73.7 62.2 53.4 48 47.2 48.3 56.7 56.6 62.3 67.8 73.4 75.2 77.1 79.3 80.9 83 85.3 87.8 89.9 92.7 96.3 98.5 99.9 99.2 95.7 91.6 85.9 80 69.4 63.1 73.4 77.9 82.5 86.9 90.5 96.4 101.1
103.1 86.8 74.4 67 62.4 59.1 61.9 63.6 70.5 82.9 104 116.2 126.6 134.8 142.2 146.8 151 155.7 159 160.5 161.1 160.4 159.3 157.7 155.4 139.4 155.7 159 160.9 161.4 160.6 158.5 155 148.1 139.5 127.2 112.7 101.4 91.7 83 78.5 71 63.8 57.1 57.1 48.2 47.7 46.8 51.8 57.2 61.8 66.7 72.3 73.6 74.2 75.3 76.2 77.9 81.3 84 86.4 90.1 94.7 96.9 98.8 98.8 96.8 92.9 85.9 69.9 61.9 68.6 75.9 81.8 85.8 89.9 95 100.4 105.1
91.5 75.2 68.5 63.8 61.1 59.5 60.4 63.2 71.5 86.4 100.9 110.6 119.4 126.6 131.5 136.7 140.9 145.3 147.8 150.1 152 153 152.6 151.5 148.3 130.8 147.5 150.7 153.5 154.5 154.3 152.4 148.7 143.6 135.2 125.9 117.7 109.9 98 87 79.7 75.6 71.7 70.6 70.9 58.1 47.2 44.5 49.3 55.1 60.1 65.5 70.8 71.7 72.4 72.5 72.7 75.2 78.2 81.1 85.6 90.2 94 96.3 97.7 97.6 95 90.6 72.9 60.1 67.1 71.1 77.7 83.4 88.9 94.1 98.5 104 109
81.2 68.8 64.7 60.8 59.7 58.4 60.3 61.7 73.2 89 97.4 104.3 111.9 118.1 123.5 128.3 132.4 135.9 138.9 140.4 143.3 144 143.3 141.9 139.8 122.7 133.5 141.2 144.8 146.3 146.7 146.5 145 141.8 136.5 129.9 121.7 112.3 99.7 97.8 95 93.4 83.6 78.3 79.8 70.6 53 46.6 45.9 52.2 58.2 62.3 66.5 69.3 68 62.8 69.7 72.7 76.6 80.6 85.6 89.2 91.9 93.8 94.2 93.9 91.7 87.3 59.2 64.5 68.6 75.5 81.5 86.2 91 96.9 102.4 107.1 111.9
73 64.7 61 59.5 59.1 58.1 59.5 66.1 77.4 87.4 94.7 101 106.7 111.7 116.5 120.4 123.6 127.7 129.6 130.7 131.8 131.4 131.3 130 128.8 120.7 124.4 133.9 137.6 140.1 141.6 142.3 142.3 140.5 137.4 131.5 124.2 117.3 114.2 111 105.8 98.7 86.8 87.6 87.7 81.6 64.7 46.2 45.2 44.6 54.4 56.8 59.6 62.5 56.9 63.7 67.7 70.6 76.5 80.3 83.6 86.5 89.1 91.2 91.4 91.4 88.6 83.6 58.3 66.1 69.9 77.8 83.2 88.9 94.8 100 104.9 110.1 114.6
66.6 62.5 59.4 58.6 58.1 56.9 62 66.5 77.3 85.3 90.3 96.1 100.9 105.4 108.7 111.2 114.7 117.6 119.8 121.2 121.1 120.8 120.3 119 118.8 112.7 122.1 126.4 130.2 132.7 136.5 139 139.8 140 137.9 135.1 130.2 124.4 119.2 114.8 105.7 97.5 96.1 95.3 92.3 84.7 75 58.8 45.2 44.3 44.7 48.9 49.6 51.3 56.8 62.3 65.4 69.8 74 77.9 81.9 85.6 88.5 90.6 91 90 85.8 78.2 58.8 65.7 68.7 77.1 83.7 90.7 96.6 102 107.4 112.7 117.2
64.6 61.1 58.5 57.9 56.9 56.1 62.3 67.3 77.5 83 87.4 91.6 95.4 99.8 102.7 105.5 108.3 111.1 113.7 115.1 115.1 113.7 111.5 109.3 106.7 106.7 110.2 115.4 120 125.2 129.8 134.4 137.7 139.4 138.8 136.3 131.9 125.3 120.6 115.7 111 107.3 103.9 98.4 91.2 83.8 72.6 57.5 47.8 44.6 44.5 47.7 52 53 55.4 58.7 61.9 66.4 70.7 75.6 80.5 85 87.8 90 90.2 88.5 83.9 70.2 57.1 65.3 70.2 77.9 85.6 90.2 96.6 102.4 109.7 114.6 118.6
62.6 60.2 57.6 57 57 55.9 62.1 71.5 77.7 82 85.2 88.4 92 95.4 97.9 100.7 103.9 106.5 107.7 108.4 107.9 105.4 101 99.6 99.3 100.6 106.1 111.2 116.6 122.2 129.8 135 138.2 139.3 138.6 136.5 132.5 126.8 122 118.4 115 110.9 105.1 98.8 89.7 76.6 62.2 58 59.4 52.2 43.1 43.3 44.9 52.1 53.2 55.3 58.6 63.5 67.2 73.8 79.3 84.2 87.5 89.6 89.9 87.9 83.6 62 58.6 66.1 74.1 80.8 87.9 96.3 100.7 105.4 109.7 115.3 119.2
60.5 58.1 56.6 56.2 56.1 56 65.2 69.6 75.2 80.6 82.9 85.7 89 90.8 94.1 96.7 99.3 100.7 101.4 100.1 99.9 96.6 93.5 93.4 98.9 104.6 110.1 115.3 121.6 127.5 132.8 136.5 138.6 139 137.9 136.1 132.8 128.6 124.4 119.9 115.2 110.7 104.1 91 78.2 68.1 67.7 73.3 73 63.5 51.4 43.3 43.1 43.3 50.1 52.1 54.7 62.3 68.8 73.5 79.6 84 87.6 89.2 89.1 87 82.1 56.1 64 72.1 78 83.3 89.6 93.9 101.3 106.7 111.6 116 119.6
58.3 56.2 55.4 55 54.7 63.5 71.5 75.2 78 79.8 81.5 83.5 86.3 89.1 91.9 93.4 94.5 95.1 94.6 91.5 87.8 88 87.6 97.6 104 109.8 115.4 121.2 125.9 130.7 134.2 136.8 137.9 138.1 137.3 135.5 132.9 129.5 124.7 119.2 111.6 104.1 92.8 81.9 77.2 80 85.4 86 84.2 80.1 66.5 51.6 43.8 42.3 42.8 48.2 52.2 59.7 68.6 73 78.5 82.4 85.5 87 86.9 84.4 75.8 53.8 61.7 70.4 79.2 84.5 92.2 94 101.1 105.6 110.9 115.9 118.8
56.6 54.3 54 54.7 62.8 69.7 72.7 75.6 77.1 78.8 79.6 81.7 84.2 86 88 89.3 89.7 88.5 85.9 82.9 82.3 93 101.6 107.5 110.9 115 119.3 124.3 128.2 131.5 134.7 136.3 137.2 137.7 136.9 135 132.9 129.1 124.4 118.3 111.3 108.2 103.6 96.7 96.6 99.9 100.2 101.1 96.7 92.9 87.4 70.5 53.5 47.1 40.9 41.7 48.5 55 64.8 69.8 74.8 77.7 80.7 82.9 83 81 67 53.2 63.6 71.5 78 84.3 88.1 93.4 98.4 104.6 109.7 113.9 116.5
55.4 54.2 54 53.7 68.3 70.6 73 75 75 75 75.6 78.2 80.7 83.1 84.6 84.9 82.4 78.8 77.1 80.9 92.6 100.5 106.2 109.9 113.4 117.4 121.5 125.1 128.6 131.7 134.2 135.6 136.5 137.2 136.7 135 133.1 131.1 127.7 124 121.4 119.2 118.3 117.7 116.9 114.6 110.6 107.3 105 100.5 95 88 76.9 58.4 46.6 41 41.6 50.5 60.7 66.3 70.1 72.7 75.1 76.8 76.9 74.4 62.7 54.2 62.6 72.3 80.8 85.3 88.9 93.7 99.3 104.4 108.8 112.1 114.6
54.8 53.2 52.6 62.4 66.8 69.9 72 72.2 70.3 69.2 69.2 70.8 73 74.8 75.4 72.8 70.6 76.4 79.3 80.6 91.1 98.2 104.9 109.1 113.3 116.5 120.3 124.2 127.9 130.5 133 134.5 135.9 136.6 136.7 136 134.8 133.6 131.6 130.5 129.2 128 126.1 124.2 122.1 118.8 114.7 110.6 108.3 104.8 99.3 93.3 86.2 74.8 55.7 44.1 41.5 42.3 54.9 62.5 65.1 66.7 70.5 73 74.7 76.1 64.3 53 58.6 67.8 78.3 83.9 87.9 93.1 98.5 103 106.8 110.4 112.4
53.3 52.6 51.1 60.1 63.6 66.5 68 67 63.3 62.7 63.9 65.8 66.9 68.6 68.8 73.3 78.3 85.2 90.6 88.3 86 90.8 102.2 105.5 110.8 114.6 119.9 123.3 126.9 129.6 132.5 133.9 135.3 137 137.5 136.9 136.5 135.6 135.2 135.1 135.3 133.9 130.4 127.6 123.9 119.8 115.7 112.8 109.8 106.5 101.4 95.5 87.8 79.1 64 48.7 41.9 40.8 49.6 58 58.5 64.1 70 72.7 74.4 75.4 64.7 51.5 57.8 66.9 75.8 82 85.8 91.4 97.3 101.4 104.9 107.6 109.5
52.1 51.5 50.1 56.5 59.5 60.6 59.9 58.9 59.6 65.2 67.7 69.1 70.3 73.7 77.5 84.6 91.9 98.6 102.5 104.4 101.6 99.6 100.4 104.8 112 114.6 119.9 123.7 126.9 129.4 131.8 134 135.6 137 137.4 136.9 136.6 136.4 136 135.5 134.9 133.2 130.5 127.6 124.4 121.4 116.8 112.9 109.9 106.8 101.6 93.7 85.6 74.9 58.2 49.9 44.4 40.8 41.3 47.4 57.3 63.9 67.9 70.9 72.4 72.6 60.2 51.4 56.5 64.2 73.8 79.3 86.1 91.4 96 100.1 103.6 106.3 107.6
51.4 50.8 51.2 54.3 54.8 56 56.9 63.2 70.2 77.3 81.5 86.4 89.3 92.6 97.3 104.1 107.8 111 111.5 113.1 113.4 112.8 110 111.5 115.3 118.5 121.2 123.8 126.8 129 131.1 132.8 134.5 134.9 134.7 134.8 134.5 134.3 133.9 133.2 132.5 131.2 129.6 127.6 125 121.6 117.6 113.6 109.3 104.9 97.2 87.5 69.5 61.4 57.4 52.5 45.7 40.5 38.7 48.7 59 62.7 65.9 67.9 68.5 53.1 47.4 53.1 56.8 67.4 74.8 80 85.8 91 95.4 98.9 101.7 104.1 105.7
50.6 49.9 51.1 52 53.6 56.4 61.6 69.4 78.4 87.7 95.8 102.3 106.8 109.6 112.9 115.8 117.3 118.3 118.2 118.2 118.1 117.2 116.2 115.5 117.5 118.9 121.1 123.9 126.2 127.7 129.2 130.6 131.8 132.1 132.1 132.1 131.9 131.8 131.6 131.1 130.5 130.2 128.7 126.9 124.4 121.2 118.1 113.7 109 102.3 90.9 76.1 71 68.4 64.2 58.4 45.4 40.5 40 50 57.3 60.7 62.6 63.6 54.2 47.6 52.6 55.6 62.5 71.7 77.4 81.9 86.3 90 93.8 96.6 99 101.5 103
49.4 49.5 50.9 53.6 54.9 57.3 63.6 74.4 86 96.3 105 111.2 114.3 116.8 118.7 120.5 121.3 121.9 121.9 121.4 120.9 119.9 118.6 118 117.7 119 120.2 122.2 123.8 125.2 126.6 128.2 129 129.5 129.5 129.3 129.1 129 128.9 128.8 128.4 127.5 126.5 125.1 123.5 121.3 117.3 114.1 108.7 102.5 97.5 93.5 89.2 82.2 72.3 63 48.5 39.9 38.9 46.1 54.6 58.1 59 56.9 44.5 52.4 59.2 64.8 69.3 74.3 78.2 82.4 85.7 88.7 91.6 93.6 95.4 97.5 98.8
48.9 49.6 50.6 53.1 54.7 57.4 63.9 79.1 92 103.3 110.1 114.7 117.8 120.9 122.7 123.8 124.4 124.7 124.7 123.7 122.8 121.5 120.3 119.1 117.7 115.6 118.7 119.7 121.3 123 124.4 125.8 126.5 126.9 126.7 126.4 126.2 126 125.7 125.7 125.3 124.5 124 123.7 123 123.4 121.6 117.8 113 110.5 106.5 102.8 96.9 88.6 77.5 65 52.5 40.1 39.5 41.9 51.4 55.3 53.9 42.5 49.1 56.1 62.4 64.5 71.5 74.8 77.4 80.3 83.3 86.4 88.4 89.6 90.5 92.4 93.1
47 49 49.9 52.4 53.9 56.4 63.4 81.2 96.5 106.4 113.2 118.3 120.7 122.3 124.1 125.2 125.8 126 126 125.2 124.1 122.6 121.2 119.8 118 115.8 115.8 116.7 118.7 120.7 122.2 123.5 124 123.7 123.5 123.2 122.8 121.6 120.8 121.7 121.4 119.6 122.2 124.2 126.9 126.2 124 119.4 115.1 111.8 108.3 104.7 99.4 92.4 81.7 67.3 53.5 41.8 38.9 38.5 47.3 44.8 42.1 47.6 52.8 57.5 62.4 66.3 70.5 72.8 74.3 76.6 79 81.1 83.4 83.7 83.4 83.7 83.1
57.7 48.1 48.9 50.8 53.2 55.7 63.5 80.8 95.4 105 111.8 117.2 120.5 123 125.4 126.5 127.6 128 127.2 125.7 123.6 122.2 120.8 119 116.6 114.9 110 114.2 117.2 118.6 120 121.3 121.5 120.9 120.2 120 119.1 109.1 108.9 112.9 119 124.9 128 129.6 129.3 127.5 124.1 119.8 115.5 112 108.2 104 99.1 93 84.4 73.2 63.3 43.6 38.7 37.5 39.7 43.8 47.6 52 56.8 58.7 61.6 64.8 67.4 69.8 71 72.7 74.1 75.4 76.1 76.3 75.4 74.2 73.2
64.1 47.1 48.2 49.8 52.3 55.2 64 77.9 91 99 105.6 112.5 117.4 120.7 125.1 126.5 127.6 127.3 126 124.6 123.1 121.8 120.3 118.3 117.1 114.4 110.4 109.9 114.7 116.7 118 119.2 118.8 117.9 117.8 117.4 115.5 106.2 119.1 123 125.1 126.9 128.5 129.9 129.1 126.4 122.4 118.4 114.6 110.8 106.8 103 98.7 93.4 88 81.1 71.7 50.6 37.3 38.5 43.7 50.1 52.3 53.4 55.4 57.4 59.7 61.7 63.7 65.2 67.5 69.4 70.5 71.6 72.5 72.2 70 66.2 63.2
50.8 46.6 48.1 49.1 51.3 55.1 58.7 67.9 75.6 87.2 98.9 107.9 117 121.7 124.8 126.4 126.9 126.7 125.8 124.3 122.8 121.4 119.9 117.3 115.9 113.5 110.4 104.3 111.7 114.8 115.8 116.1 115.5 115.1 114.8 114.5 104.8 112.2 120.5 123.2 125.6 127.3 128.8 130.1 128.8 125.1 121.2 116.8 112.5 108.8 104.8 102 98.6 94.6 89.6 82.4 74.7 57.9 37.4 38.1 40.4 49.3 52.3 52.7 53.7 55.3 56.4 58.1 60.5 62.1 63.2 65 67 68.2 68.2 68 64.6 61.1 55.3
46.4 45.7 48 49.8 51.4 54.1 62.6 77.4 88.7 95.2 104.7 112.7 118.2 122.4 126.3 127.2 126.2 126 125 123.6 122.2 120.7 118.3 115.6 112.3 109.7 107.4 101.2 109.9 111.9 112.1 112.5 112.5 112.1 111.6 105.6 97.3 116.2 120.4 123.1 125.2 126.8 128.2 129.4 127.2 123.1 119 114.5 110.2 106.9 103.8 100.7 97.5 93.3 88.4 81.4 72.7 62 44.3 37.6 37.3 44.7 48.5 50.1 51 52.3 53.9 55 56.6 58.4 60.3 62.8 64.4 65.3 65.3 64.1 61.6 58.2 51.6
43.8 46.2 47.8 49.7 52.2 58 74.4 89.7 100.1 107.2 112 117 120.3 124 126.9 127.1 126 124.8 123.6 122.5 121 118.9 116.6 114 110.6 106.6 102.2 100.1 106.9 109 109.4 109.5 110.9 110 111.1 110.1 100.9 115 119 122.1 124.4 125.8 126.2 125.8 123.9 119.9 115.9 111.7 107.9 104.6 100.8 97.3 94 89.3 82.9 75.5 67.8 61.3 52.6 36 37 38.1 42.5 44 45.8 47.5 49.5 51.3 54.6 56.5 58.9 61.1 62.1 62.7 62.3 60.4 57.6 54.9 47.1
45.7 46.2 47.5 50.1 54.5 69.1 89.2 100.9 108.3 113.1 116.8 120 122.4 125 126.4 125.7 124.8 123.6 121.9 120.6 119.2 116.6 114.8 112.1 109.1 105.8 96.1 97 103.7 105 104.8 107 107.4 107.1 107 101.1 103 113.8 117.4 120.6 122.5 123 122.3 120.6 118.7 115 111.1 107.1 103.5 99.4 95.3 91.8 86.8 81.5 74.3 66.2 60.8 58.2 54.2 45.8 34.8 36.8 36.5 37.3 40.9 42.6 45 46.9 48.9 55 57.3 59.4 59.8 59.9 58.7 55.3 50.7 48.9 37.6
45.5 45.9 48.2 53.6 67.2 84.5 97.3 105.2 110.9 114.8 117 119.5 122.5 123.5 125.1 124.7 123.4 121.7 119.9 118 116 114 111.9 110 107.6 104.7 101.6 93.6 98.7 101.3 103.5 104.6 104.4 102.4 103.3 91.8 108.3 111.7 115 117.3 118.3 116.5 115.1 113.2 110.4 107.2 103.6 101.2 97.7 93.8 89.1 82.9 72.2 64.4 59.7 56.5 54.3 53.7 53.3 49.4 40.3 36.2 36.1 36.1 36.3 38.8 39.9 46.5 49.1 53.2 55.9 57.7 57.6 55.9 52.8 48.4 43.4 36.9 37.1
44.8 45.9 52.1 69 80.6 92.5 99.2 104.6 109.3 112.4 115.1 117.8 120.2 122.1 123.2 123.1 122.1 120 117.9 115.5 113.3 111.6 109.6 107.3 105.8 102.7 99.5 91.1 97.8 99.5 100.1 101.1 100.7 98.2 96.2 90.7 104.9 108.4 110.8 111.9 111.8 110.1 107 105.9 102.8 100.7 97.9 94.6 90.8 85 75.7 63.3 57.7 53.9 48.9 44.7 43.7 41.8 44.2 44.1 40.6 38.7 36 35.8 35.8 36.2 37.8 39.9 46.3 51 54.5 55.6 55.2 53.2 46.8 40 35.4 36.5 38
46.1 52.5 72.4 84.9 91.4 95.8 100.5 104.6 107.4 110.1 112.6 115.6 118.4 119.8 120.6 120.7 120 117.7 115.2 112.5 109.9 108.6 105.5 103.6 99.8 96.9 93.3 89.5 93.9 94.7 95.6 95.9 96.1 94 80.6 99 102 104.5 105.1 105.9 105.4 103.1 102 100.2 97.3 95 92.8 88.5 78.6 67.9 56.2 55.6 53.2 51.3 51.9 52.8 52.3 51.2 50.2 48.2 49.6 48.1 45.4 34.7 35.4 35.4 35.7 35.4 38.3 46.6 52 54 53.7 49.5 34.9 35.7 36.5 37.5 45.9
57.4 76.2 86.1 90.4 94.4 97.8 100.4 103.3 105.3 107.4 110 112.4 114.2 115.6 116.2 116.6 116 114 111.5 107.4 106 104.3 101.3 98.3 95.6 93 77.4 88.8 90.3 90.8 91.8 91.4 91.2 86.2 84.5 95.6 98 99.3 99.4 100 99.6 98.3 97.3 94.1 84.6 78.6 72.9 67.1 59.8 59.7 59 58.4 57.2 58.7 61.1 62.5 62 61.9 62 62.8 62.4 60.5 56 49 34.6 35 35.4 35 34.5 36.9 51.7 54.8 53.6 37.3 35.1 35.8 38.8 46.1 57.9
76.1 82.2 84.9 88.9 92.1 94.6 96.7 98.1 100 102.7 105.7 108 109.7 110 110.6 110.5 109.8 108.3 105.7 102.1 95.5 97.9 95.3 88.9 92.3 87.5 71.9 82 84.8 83.7 83.9 84.3 84.4 73.9 77 80.1 83.4 88.7 92.3 92.3 90.4 86.7 79.6 72 66.6 65.8 63.1 60.4 61.7 64.5 67.1 68.5 71.5 76.2 79.4 80.7 81.1 81.9 81.6 82.3 81.5 79.9 77.4 71.9 60.3 54.2 49.3 37.6 34.9 33.5 37 45 39.8 34.7 35 38.1 47.7 58.4 69.5
73.7 76.8 79.3 83 86.2 88.3 89.2 90.3 91.9 96 99.6 102.1 102.5 101.5 101.7 99.5 95.5 91.3 87.5 83.7 78.8 78.2 77.6 67.4 72.1 68.1 63.1 67.4 69.7 71.3 72.3 70.1 70.6 69.7 71.7 73.1 74.6 75.8 76.7 77 73.1 69.1 66.8 66.9 67.2 69.2 71.5 71.8 73.2 77.3 82.6 87.6 94.2 97 100.9 104.3 104.6 104.4 104.2 102.6 103 101.4 98 90 80.3 69.3 63.7 52.4 34.6 34.2 32.8 35.5 34.5 34.7 36.4 45.2 58 70.6 78.3
