public/OST50/SN33.asc
ncols 200
nrows 200
xllcorner 230000
yllcorner 230000
cellsize 50
[rows 35 to 69 of 200, columns 0 to 77 of 200]
180.9 180.2 182.7 186.9 193.3 202 208.1 213.9 220.1 225.6 231.6 235.3 237 237.3 236.6 232.9 227.4 221.1 214.4 206.6 199.5 190.3 181.3 173.2 166.2 158.9 153.5 150.3 153.9 154.6 153.2 153.6 162.7 167.5 171.7 176 178.7 180.7 181.6 181.3 178.7 172.4 164.2 155.6 144.7 129.7 126 134.8 140.9 145.3 148.6 151.1 153.4 155.6 158 160.2 163 166.2 168.7 171.3 173.7 175.7 177.1 178.1 178.3 178.2 177.3 175.9 173.6 170.4 165.8 160.6 155.2 149.8 143.3 138 128.7 120.6
185.5 183.6 182.4 186 190.9 198.7 204.5 210.5 217.4 224.9 232 236 238.5 239.2 238.5 236.2 231.3 224.3 218.3 209 199.2 190.7 179.7 170.8 162.7 160.9 159.6 154.4 158.6 161.1 160.8 156.8 164.5 170.2 174.1 177.3 179.9 181.7 182.1 181.9 178.4 171.5 164.3 154.9 144.1 127.5 135 132.8 141.6 147.3 150.9 153.4 156 158.4 160.5 163.4 166 168.3 170.4 172.6 174.8 176.5 177.6 178.7 178.8 178.5 177.8 176.1 173.7 170.4 165.6 160.3 154.9 148.9 142.9 135.8 126.7 114.9
189.2 186.8 184.6 186.4 190.1 195.5 202.3 209.4 217.6 224.8 232.2 237.3 240.4 241.8 241.2 239.1 234.3 227.6 220.8 211.6 199.4 187.9 178.7 174.4 172.1 169.8 166.5 160.6 163.3 165.9 167.7 162.8 164.9 171.9 175.6 178.3 180.6 182 182.8 181.7 178 171.3 163.7 153.7 137.5 129.9 140 141 141.3 148 153.3 155.7 158.3 161.2 163.1 166.1 168.5 170.5 172.5 174.1 176.1 177.5 178.6 179 178.9 178.8 177.6 175.4 172.7 169.2 165.1 159.3 153.5 147.4 140.9 133.1 123.5 106.5
194.4 191.3 188.5 189.1 191.3 195.7 203 210.8 219.7 227 233.5 239.4 244.1 245 245.6 243.5 238.4 233 223.5 213.9 202 190.5 186.7 184 182.7 180.5 176 167.2 168.1 171 172.8 168.6 165.6 173.5 176.8 178.8 180.7 181.8 181.9 180.7 177.1 170.2 161.5 146.6 132.2 143.5 146.2 146.9 146.7 148.6 154.7 158 161.4 163.7 165.8 168.9 170.9 172.7 174.2 175.7 177.3 178.5 179.3 179.4 179 177.8 176.6 174 171.1 167.3 160.7 156.9 151 144.8 138.2 128.5 115 95.3
200.9 196.5 192.9 192.7 197.1 198.7 203.5 211.4 221.8 228.8 236 243.3 247.8 250 250.4 248.7 243.5 237.5 229.7 219.7 210.3 202.8 197.6 196.9 193.7 190.9 185.8 175.8 174.3 177 178.2 174.9 167.3 175.3 178.3 179.9 180.7 181.5 180.6 178.8 174.4 167.1 156.9 139.5 142.8 148.7 150.9 151.6 152 152.1 155.9 160.4 163.9 166.7 169.4 171.5 173.5 175.4 176.7 178.3 179.1 179.9 180.2 179.7 178.5 176.9 175 172 168.7 164.3 159.8 153.8 146.8 139.8 132 120.8 105.1 85.5
207.5 203.9 198.2 197.3 205.9 208.3 212.3 215.2 224.5 232.9 240.4 247.6 253.3 254.7 254.7 252.7 248.7 243.5 236.3 228.2 221.1 215.5 211.1 208.4 205.5 201.5 195.8 189 182.2 185.2 184.2 181.5 174.9 175.2 180.4 181.9 182.3 181.6 180.1 176.6 171.3 163.5 149.1 137.5 147 152.4 155.2 156.5 157.3 157.6 159.2 162.5 165.8 168.9 171.6 173.8 176.1 178 179.3 180.8 181 181.3 181.4 180.1 178.6 176.3 173.7 170.7 166.8 162 156.5 150 141.7 133 122.4 109.5 95.3 85.1
216.6 212.5 206.8 210.9 213.9 216.1 220.5 224.6 230.3 238.2 244.1 251.5 256.9 258.5 258.3 256.7 252.9 248.3 243.1 237.4 231.3 227.8 224.1 220.6 217.9 213.9 208.9 201.9 193.9 194.3 190.4 188.5 184.2 182.2 184.2 184.4 183.7 181.8 179.2 173.7 167 153.2 140.1 140.5 149.6 155.9 159.2 161.2 162.6 163 163.2 164.6 168.3 171.2 174.1 176.7 178.9 180.7 182 182.9 183 182.9 182.1 180.4 178.5 176.2 173 169.6 165.1 159.6 153.1 144.8 136.8 127.6 115.1 102.5 90.7 83
223.5 221.7 219.4 220.3 221.7 225 229.9 233.6 239.1 243.2 248.5 254.5 259.6 261.4 261.5 259.8 256.6 252.4 249.4 245.8 241.4 238 234.6 231.7 228.4 224.4 219.8 213.4 206.2 204.1 200.3 196.9 192.7 188.5 187.7 186.4 184.9 182.4 177.4 169.5 155.8 148.1 153 147.4 150.6 159.1 163.4 166 167.8 168.4 168.8 168.4 171 174.1 176.7 179.3 181.4 183.3 184.7 185.3 185 184.2 182.8 181.3 178.6 175.6 171.8 167.9 162.7 156.8 148.6 140.5 131.7 121.7 110.3 99.1 95.8 85.4
231.4 230 229.2 229.8 232.9 235.6 238.9 241.3 244.9 249 254.7 259.6 262.8 264 264.1 262.6 259.2 256.2 253.7 251.1 248.4 244.6 242.5 239.5 236 233.5 229.5 225.4 218.7 214.4 209.4 205.2 200.2 195 191.6 189.1 186.5 181.9 175.1 161.1 152.2 161.2 160.9 158.1 151.3 162.1 167.4 170.9 172.7 173.9 174.1 173.4 174.2 177 179.4 181.9 183.7 185.1 186.7 187.2 186.7 185.7 184 182 178.9 174.7 170.3 165.8 159.6 152.3 144.1 127.1 122.6 114.5 101.9 91.6 88.7 87.2
239.3 239.6 240.5 240.7 243.4 244.6 245.8 249.7 252.6 255.3 260.1 263.7 265.3 266 265.7 264.2 261.4 260.2 258.3 256.2 253.9 251 248.8 246.9 244.6 242.8 239.4 235 229.8 224.7 219.4 213.7 207.2 200.5 195.1 191.5 187.9 181.4 169.9 155 163.4 168 168 165.8 152.6 164.6 172 175.3 177.5 178.4 178.8 178.3 177.9 179.8 182.1 184.1 185.7 187.1 188.3 188.8 188.1 187 184.9 182.2 178.4 173.3 168.5 162.5 156.3 147.6 130.7 115.3 104.7 104.1 101.6 98.8 88.3 90.7
248.5 248.8 249 250.4 251.5 253 255.4 256.9 259.2 261.6 264.3 266.1 267.3 267.1 266 264.5 263.2 261.9 260.8 259.8 258.2 256.6 256.2 255.1 253.7 251.2 248.3 244.4 239.6 234.5 228.8 222.9 215.6 207.2 196.8 193.1 188.6 180.6 162.8 162.8 172.4 173.8 173.6 172.5 162.4 166 175.2 179.3 181.4 182.5 183.1 182.7 182.4 183 184.9 186.1 187.7 189.1 189.6 189.9 188.8 187.6 185.8 182 177.9 172.6 166 158.6 142.8 127 118.5 117.5 115.7 113.4 108.3 99.6 88 92.7
255 254.9 255.5 257.2 258 259.9 262.7 264.6 265.9 267 267.5 267.7 267.5 266.8 265.3 264.3 263.7 263 262.9 262 262.3 262.1 261.6 261.2 260.3 259.3 256.8 253.4 248.3 243.2 237.3 230.5 222.5 213.2 202 194.3 186.5 173.4 165 176.2 178.5 179.8 179.8 178.9 174.7 164.8 178.2 183 185.1 186 186.4 186.3 186.2 186.5 187.4 188.4 189.7 190.7 190.9 190.8 189.7 187.7 185.6 181.6 177.6 171.8 162.8 149.9 134.4 131.4 131.3 130.6 128.6 124.3 114.7 98.5 88.8 94.8
259.8 261.4 262.3 263.4 264.9 266.8 268.6 269.8 270.4 269.9 268.9 267.7 266.6 265.5 263.8 263.5 263.6 263.6 263.9 264.2 265 265.8 266.6 266.5 266 265.7 263.3 260.2 257.1 250.9 244.9 238.2 229.4 218.8 206.9 196.7 185.3 164.8 178.9 181.9 184.3 185.7 186.1 185.2 182.1 170.5 180.1 185.9 187.9 189 189.6 189.4 189.3 189.1 189.8 190.7 191.6 192 191.9 191.6 190.2 188 185.7 181.9 177.6 172.5 165.4 154 146.7 143.6 144.1 142.1 137.7 130.6 117.1 99.1 89.9 95.5
261.5 263.5 264.7 265.8 268.4 270.2 272.2 272.2 272 270.4 268.7 266.5 263.7 261.7 261.9 261.8 262.3 263.1 264.3 265.9 267.4 268.7 269.6 270 270.3 271 269.6 268 264.5 259.3 253.7 245.7 235.7 223.8 210.8 198.7 186.1 169.2 182.4 187.1 188.9 191.5 192.5 192 189.7 182.1 180.6 188.6 190.5 191.7 191.9 192.4 192.2 192.1 192 192.3 193 193.3 193.2 192.1 191 188.8 186.5 183 178.8 173.8 167.9 162.7 158.3 153.6 150.6 146.3 140.5 131.5 116.7 99.6 91.6 97.3
261.5 264 265.8 268.3 270.6 272.4 272.9 272.8 271.9 269.9 266.9 260.7 257.4 257.9 258.7 259.6 260.4 261.8 263.5 265.8 269.1 270.6 271.5 272.5 273.2 274.4 274.7 273.8 271.2 266.6 261.2 252.5 241.5 228.9 214.5 201.3 187.5 173.3 187.8 191.5 194.9 197.5 198.7 198.3 196.4 190.6 181.6 192 193 194.5 194.9 195.1 195.2 195 194.8 194.6 195.1 194.6 193.9 193 191.8 189.6 187.2 183.9 179.9 175.6 171 166.1 162.2 157.5 153.3 148.5 143.2 135.5 116.2 100.2 92.4 101.8
259 261.5 265.3 268.1 271.6 273.2 273.2 272.4 270.2 266.2 259.5 254.3 253.8 254.3 256.2 257.6 258.5 259.3 261.8 265.7 269.1 271.2 272.5 273.8 275.5 276.9 278 277.6 276.4 272.9 266.9 257.3 246.3 232.8 218 206 190.8 177.3 190.5 195.8 199.6 202.5 204.7 204.8 202.7 197.2 185.1 193.7 196.8 196.9 197.7 196.9 197.6 197.3 196.9 196.1 195.8 195.9 195.1 194.1 192.5 190.4 187.9 184.7 181 176.9 172.7 168.5 164.2 159.4 155.4 151.3 145.1 134.3 114.1 97.6 93.2 106.4
255.2 257.6 261 264.6 268.3 270 271.2 269.6 265.3 259.5 253.2 250 249.2 248.8 249.6 251.4 254.8 257 258.4 259.6 264.5 269.8 272.3 274.4 276.1 278.4 281.1 281.1 280.8 278.3 271.9 262.5 250.5 235.7 222 210.3 195.9 183.9 194.6 200.4 205.2 208.2 208.8 209.7 208.3 203.9 193.4 194.2 199.4 200.3 200.6 201.7 200.3 199.4 198.4 197.7 197.4 196.7 195.9 194.8 193.3 191.3 188.5 185.5 181.8 177.4 173.4 169.6 165.5 160.3 156.6 151.1 143.1 130.4 114.5 97 96.8 108.9
249 250.9 253.3 256.9 260.1 261.2 261.2 259.4 254.1 249.6 246.5 244.2 241.1 240.9 243.4 244 245.1 250 253.7 256.4 259 264.1 269.1 273.5 276.4 280.2 282.8 283.6 283.7 281.6 275.8 265.9 253.2 238.8 225.6 214.3 201.8 189.1 199.1 205.2 209.6 212.3 213.6 214.1 212.9 209.8 200.9 193.2 201.8 203.1 203.1 203.3 203.3 201.7 200.2 199.2 198.3 197.2 196.1 194.8 193.6 191.4 188.8 185.5 182.1 178.3 174.7 171 166.9 162.3 158.3 151.2 146.2 133.9 115.1 98.3 102.6 112.4
242.2 244.3 246.3 248.4 250 249.5 249.1 247.2 244.7 240.9 238.6 236.1 234.4 233.7 236 237.2 239.3 240.3 247.3 251.1 254.6 258.1 263.9 269.6 275.1 280.5 284.7 286 286.3 284.2 277.8 268.3 255.3 241.5 229.6 218.9 209.4 194.1 203.9 210 214.1 217 217.9 217.5 216.4 213.3 205.2 194.9 204.9 206 207.3 206.6 205.5 203.9 202.3 200.6 199 197.6 196.2 194.8 192.8 190.5 188.1 185.4 182.4 179.4 175.3 171 165.8 161.9 158.1 153.7 146.5 128.7 111.1 96.5 104.8 117.5
233.2 233.4 235.6 236.8 237.1 237.8 238 236.4 232.4 231.2 230.5 228.4 226.2 226.7 228.8 231.2 233 235.1 237.6 243.7 250.2 254.9 260.3 268 274 280.7 285.6 287.2 287.5 285.9 279.4 269.7 256.7 243.3 233.1 225.1 218 205.7 208.9 214.9 219.2 221.1 221.4 220.9 219.5 216.6 211.2 199.8 207.1 209.2 209.9 209.4 207.4 206 204.1 202.2 199.9 197.8 195.4 193.6 191.7 189.7 187.3 184.7 181.5 177.7 173.3 170.1 166.4 163.2 158.9 151.9 137.8 120.9 102.9 97.4 106.7 121
222 222.6 223.9 224.5 226.6 227.5 226.9 224.6 223.5 224.1 222.1 218.9 218.9 220.4 222 223.7 225.9 229.3 233.5 239.1 245 251.2 258.8 265.9 273.8 281.3 286.1 288.1 288.7 287.5 279.4 269.6 257.6 245.3 236.3 230.5 224.4 217.2 215.9 220.3 223.4 225 224.6 224 223.1 220 214.9 205.7 206.3 211.4 211.9 211.7 209.6 208.4 206.3 203.7 200.5 196.7 191.1 188.2 189.6 188 185.4 181.9 178.2 174.5 172.3 169.7 166.4 161.1 153.4 139.4 126.2 111.1 100.1 100.3 106.3 126.8
210.1 212 213.3 214.6 215.8 216.7 216.8 215.6 215.6 213.5 211.6 211.6 211.1 209.6 211.8 216 220.6 225.3 229.9 236.7 243.9 251.7 259 265.9 273.4 280.6 286.1 288.4 288.8 285 277.5 268.5 257.4 247.1 239.3 234.1 229.6 224.7 223.3 227.2 227.3 227.6 227.1 226.5 225.3 223.1 218.3 211.8 205.3 212.9 213.8 213.7 212.4 210.8 208.4 204.8 200.1 193.3 178.8 175.4 167 175.9 171 161.5 167.4 169.8 168.7 165.5 161.3 151.3 138.2 122.9 108.5 102.7 108.2 103.5 111.9 132.4
201.9 202.6 203.9 203.3 203 204.8 205.6 205.4 204.6 204 200.2 199.5 202.3 204.8 208 211.7 217.1 224.2 232 239.4 245.5 253.4 259.9 266.6 272.7 279.2 284.7 287.3 286.8 281.5 274.1 265.3 256.2 248.7 241.8 237.5 234.3 231 228.5 229.5 230.1 230.6 230 228.5 227.2 224.9 221.2 216.1 209.9 213.8 215.5 215.5 214.7 213 210.6 206.2 201.1 186.8 194.6 194.6 185.8 174.7 175.1 165 150.8 142 145.8 145 142.3 130.9 119.1 107.6 112.1 113.3 112.2 103.8 118.1 139.6
190.8 193.5 192.9 192.8 191.8 193.2 193.8 193.8 192.2 191.3 191.8 194.8 197.9 200.7 207.1 212.7 221.7 228.9 235.6 243.7 250.2 256 262 266.9 271.9 276.4 281.2 282.7 281.1 276 269.5 261.7 254.2 248.5 243.1 240.1 237.6 234.9 233.9 233.1 233.2 232.5 231.6 230.2 228.2 225.9 223 218 213.8 213.2 217.1 217.4 216.2 215.7 212.5 208.4 204.8 200.2 200.9 198.3 194.7 190.1 185.3 180 170.1 154.2 133.2 118.5 120.3 111.3 109.3 114.5 119.9 124.1 117.8 106.6 121.9 143.8
185.1 185.5 184 182.3 180.4 180.4 181.3 183 183.9 186.2 189.1 194.7 200.2 206.1 212.4 220.1 227.1 234.4 240.9 248.2 255.6 260.2 264 267.1 270.1 273.1 276.1 276.2 273.5 269.7 263.6 257.4 252.2 247.2 243.6 241.3 239.5 237.1 236 235.4 234.8 234.2 232.4 230.8 228.8 226.3 223.7 220.6 216.9 215.4 218.4 218.6 218.4 216.5 214.2 212.1 202.1 205.9 203.9 201 197.3 192.1 185.1 179.9 173 164.6 148.5 125.3 113.3 113.2 119.4 131.4 133.9 133.1 128.6 109.8 121 144.5
179.5 177.2 172.8 171.2 174.6 175 179 180.6 187.1 191.3 195.4 201.5 205.9 212.2 218.5 225.1 232.5 240.1 246.9 254 259.9 262.7 264.8 266.5 268.2 270.1 269.4 267.5 264.7 261.1 255.9 252.7 249 246.4 243.2 241.2 239.7 238.5 237.3 236.1 235.4 234.5 233.3 231.9 229.5 227.3 224.4 221.8 219.1 218.4 219.8 220.7 220 218.6 215.7 206.9 212.7 211.3 208.5 204.4 200 194.2 186.6 176.8 157 148.2 130 119.3 117.7 125.4 140.4 152 153.8 151 145.7 121.2 119.2 145.2
169.1 165.9 171.7 176.7 181.4 184.5 186.4 189 192.6 196.4 201.6 205.4 210.8 215.8 222.7 229.7 236 246.1 252.7 258.7 261.7 262.9 264.5 265.8 265.9 264.3 261.5 258 254.6 252.9 250.1 247.9 246.5 243.7 241.4 239.7 238.5 237.6 236.3 236.1 235.5 234.8 233.6 232.3 230.5 228.3 225.9 222.5 220.7 221.2 221.7 222.6 221.7 220.9 220.5 219.5 218.2 216 213.2 208.9 204.2 197.1 189.2 178.4 158 132.9 121.9 122.6 131.5 146.4 160.5 166 167.1 164.7 155.6 130.9 117.2 141.8
162.4 171.7 176.3 180.1 183.5 186.7 189.7 192.8 196.3 199.8 203.9 209.2 214.1 221.1 226.5 233.4 241.3 250.8 257.3 261 262.5 263.2 263.7 262.9 259.8 256.7 250.1 247.8 245.7 244.3 243.2 242.5 241.4 240.1 239.4 238.1 236.5 235.6 235.1 235 235 234.6 234 232.9 231.4 229.2 226 223.5 224 224.5 224.7 225.8 226.5 227.6 226.3 224.5 223.8 222.4 217.9 213.3 208.7 200.4 192.4 182 156.7 131.9 132.9 139.3 156.3 166.6 172.3 175.6 173.7 171.4 161.1 134.7 122.1 148.5
170.1 174.5 178 181.4 184.5 187.8 191.1 194.2 197.5 201.3 206.1 211.9 218.1 225.7 231 237.8 243.4 252.4 260.2 262.4 262.8 262.1 261 257.4 253 249 243.2 239.1 237.3 236.2 236 235.1 235.1 234.6 233.6 232.3 232.6 233.5 233.6 233.7 234.1 234.3 234.4 233.6 232.7 230.9 226.7 227.3 229.9 229.2 229 229.9 231.3 232.2 232.1 231.8 230.9 229.7 225.4 219.6 212.9 204.8 193.8 174.6 146.5 151.4 161.6 162.1 172.8 179.8 181.9 181.4 178.1 174.7 166.2 146.2 127.7 160.7
170.9 174.5 178.2 181.8 185.3 188.9 192.5 195.6 198.6 202.8 208.1 214.7 221.9 228 234.3 239.3 244.7 251.6 258.5 259.5 258.8 257.9 256.2 251.8 246.6 239.9 233 229.9 228 228 228.2 228.6 229 228.2 228.2 227.6 228.7 228.4 229.4 231.6 233.1 234 234.1 234.1 231.7 226.4 228.6 233.3 233.5 233.5 233.6 235.4 237.1 238.2 239.2 239.2 238.9 237 233.3 228.3 219.5 208.7 194.7 176.4 153.6 172.3 175.9 177 182 184.7 186.2 185.2 181.6 177.3 171.7 152.6 141.6 165.9
170.7 174.5 178.1 181.8 185.8 190 193 196.3 199.4 203.9 209.6 215.6 222.4 229.6 234.8 238.3 242.2 244.7 249.4 251.2 250.2 249.6 248 243.5 237 229.8 224 219.2 217.8 219.6 219.9 221.6 222.7 221.9 222.5 223.2 222.9 225.1 227.2 230.2 231.7 232.8 233.5 225.9 228.7 233.8 237.3 237.9 238.8 239.8 239.9 241.2 242.7 245.9 247.3 247.5 246.9 245.2 240.7 235.1 227 216.8 205.8 180.1 166.2 180.2 183.1 185.6 188 190 189.9 188.5 185.3 181.2 175.5 154.9 151.4 169.9
170.6 174.3 177.7 182.6 186.1 190.3 193.9 196.8 199.9 203.3 208.8 215 222.2 228.2 232.4 234.7 236.8 238.6 239.5 240.3 240.6 239.5 237.5 233.3 227.7 220.8 213.7 210.5 210.4 210.1 213.2 214.1 215.1 215.9 216.4 217.2 219.9 222.8 225.1 226.9 229.3 225.8 227.3 234 238.2 239.6 240.8 243.1 245.8 247.4 249.1 250.6 251.7 254.2 254.9 254.9 254.9 253.1 249.4 242.5 235.8 227.4 215.1 183.7 175.4 189.8 192 193.3 193.3 194.1 193.8 192.6 190.3 185.7 178.4 154.4 157.8 174
171.3 174.2 177.6 182.1 186 189.5 193.8 196.6 199.3 202.4 207 212.4 217.8 223.8 227 228.2 228.8 228.3 228.8 228.6 229.5 228.5 227.5 223.3 218.7 211.3 205.7 203.6 204.4 205.2 206.4 207.6 208.4 210.4 212.5 214.2 216.5 219 223.8 224.2 214.8 229.9 235.3 239.3 240.6 242.8 245.7 249.6 252.8 255.1 256.5 257.8 262.1 263.5 263.9 263.6 263.3 261.1 257 251.7 244 236.8 222.1 186.8 184.4 198.6 199.4 199.4 199.6 199.3 197.8 196 193.9 189.3 180.2 157.3 161.1 176.7
169.6 173.5 177.8 180.9 184.5 188.5 193 196.8 199.3 201.4 204.5 207.2 210.4 214.6 217 217.6 217.5 217.6 217.8 217.3 217.8 218.2 217.1 214.1 209.2 203.1 200 198.6 199.8 201.2 202.1 203.3 204.5 205.2 206.8 209.7 212.4 212.1 209 215.9 227.6 232.7 239.4 241.3 243.4 246.6 251 256.1 260.3 264 266.6 269.5 271.9 272.9 273 272.3 272.1 268.7 265.4 260.9 252.2 243 222.9 191.6 197.3 207.3 206.9 205.4 203.9 203.5 201.7 199.1 195.9 190.9 179.9 157.4 166.8 179.6
166.8 171.5 175.3 178.9 182.1 185.8 189.2 193.7 197 198.1 197.7 198.1 200.3 203.4 206.6 206.8 207.3 206.3 205.6 206.4 206.5 206.9 205.9 204.5 201 198.9 196.1 194.1 196.4 197.4 199.1 200.3 201.4 202 202.7 204.9 205.2 201.7 204.8 222.5 229.3 236.1 240.6 242.7 246.2 250.2 256.6 263.1 267.8 273.3 277.3 280 280.6 282.1 282.2 281.9 280.8 278.3 275.1 268.2 256.9 244.5 220.9 200.7 214.1 216.1 215.1 212.1 208.8 206.4 204.6 202.3 198 193.1 183.3 163.3 168.8 181.4
