public/OST50/SN33.asc
ncols 200
nrows 200
xllcorner 230000
yllcorner 230000
cellsize 50
[rows 70 to 104 of 200, columns 0 to 77 of 200]
162.9 167 170.2 173.4 176.6 179.5 182.8 186.5 188.8 189.5 188.6 188.3 190.5 194.1 196.7 198.2 197.8 196.5 197.2 196.9 197.5 197.3 197.1 195.4 193.9 191.3 190.3 190.1 194.1 196 196.5 197.6 198.2 198.2 198 198.5 197 203.9 215 221.7 229 236.5 240.5 243.5 248.3 255.5 263.3 270.9 276.9 281.6 286.2 288.8 290.8 291.4 290.7 290.3 288.1 285.6 280 274.3 264.8 243.2 213.9 219.7 225.7 227.2 225.3 220 216 211.9 209.1 205.5 200.7 195.7 187 167 170.9 183.7
157 159.6 161.8 164.6 168.6 171.7 174.7 177.4 179.2 179.9 180.3 181 182.6 186.1 187.6 188.3 187.9 188.5 188.6 188.2 189 188.7 187.5 187.5 186.4 185.5 182.8 186.6 190 193.5 194.3 194.1 190.9 191 192.4 195 196.5 207.1 214.6 221 227.6 234.4 239.2 243.9 251.5 260.8 270.9 276.7 281.5 288.4 294 298.5 300.5 300.9 298.5 296.1 294.2 290.5 285.2 279.3 269.1 246 229.6 237.5 237.6 235.8 231.5 227.4 222 218.7 216.5 211 205.6 199 191.1 172.7 172.6 185.5
150.4 152.9 154.9 158.2 160.1 163.1 166.3 169.7 171.7 172.8 174.1 174.4 176.1 178.1 180 182.6 183 183.4 183.5 181.3 178.8 177.4 175.4 175.1 175.7 175.6 178.3 180.5 183.3 187.7 189.1 187.1 188.7 190 195.9 199.8 201.3 201.4 206.2 217.6 224.6 230.7 236.9 245.3 255.2 266 275.1 279.9 287.1 294 300.2 306.5 310.8 311.6 308.1 301.8 299.7 296.3 291.3 283.7 270.2 260.7 252.6 251.8 249.3 244.5 238.9 234 229.8 224.7 219.9 216 209.7 203.6 192.6 174.8 176.6 190.3
142.1 146.2 144.4 146.5 149.9 154.4 157.9 160.6 164.4 165.7 165.6 165.4 166.5 168.1 169.5 169.8 170.4 170 169.3 168.8 169.4 170.7 172.8 175.7 180.6 183.8 185.1 185.1 185.1 184.2 185.6 186.8 191.7 196.6 199.7 202.3 205.5 206 205.6 208.4 216.9 226.3 235.8 245.9 257.3 267.7 275.5 283.6 290.8 299.3 307.4 316.4 321.1 319.3 315.3 309.5 306 302.3 296.4 289.6 281.7 273.2 267.5 261.8 256.4 250.8 246.9 240.9 236.2 231 226.1 221 213.9 205.4 192.2 172.5 181.6 192.8
160.2 162.8 159.3 152.1 150.4 150.7 151.1 152.4 154.8 155.7 156.9 157.8 158.6 160 160.9 161.8 164.7 165.2 166.5 168.7 171.8 174.8 179.1 181.9 184 185.8 186.6 187.8 188 187.1 190 192.8 196.5 199.4 204 208.5 210.8 211.9 210.5 208.8 213 221.5 232.4 243.9 255.1 266.4 276.7 286.5 295.5 304.8 315.5 324.3 326.3 325.1 322.1 318.6 310.6 306.6 301.4 295.1 288.4 280.6 275 269.2 263.1 257.9 252.7 247.4 241.6 236.6 231 224.4 215 202.4 184.3 175.4 190.3 195.5
176.8 178.4 177.9 172.2 172 166.2 158.9 156.1 154.6 155.6 157.2 159.6 161.6 165 168.1 169.8 171.2 171.7 170.5 169.7 172.3 177.7 180.8 183.9 185.8 187 188.8 190 190.4 190.4 192.2 195.3 199.4 204.3 210.2 213.1 216.5 218.1 217 213 215 221 231.7 244.6 256.2 269.5 279.9 290.5 300.3 310.4 323.2 328.9 329.4 328.4 326.7 324 319 309.8 304.1 298.3 293.1 286.4 279.8 274.2 269.2 263.5 258.3 252.3 245.7 240.5 233 223.4 210.5 193.5 178.8 189.3 197.5 201.1
187.4 189.2 190 189.1 184.6 179 172 166.6 160.6 164.3 166.2 168.2 168.5 171.9 173.3 174.6 175.8 176.6 176.7 174.6 172.3 176 181.5 185.4 187.3 189.8 191.1 192.2 192.9 193.3 194.6 198.7 203.5 209.9 214.4 218.1 221.4 224.4 225.3 221.5 217.2 224.1 230.3 245 260 273 283.8 294.3 304.5 315.6 329.3 331.1 331.4 331.4 330.2 327.1 321.8 313.8 304.5 300 295.5 289.1 283.1 278.8 273.7 268.5 262.9 257 249.9 241.7 232.5 216.2 200.6 184.8 186.2 200.4 206 208.9
195.3 197.3 198.7 197.3 193 187.7 180.7 173.7 166.8 170.2 172.2 174.1 175.9 177.1 179.2 181.9 183.4 183.3 181.2 179.2 176.5 175 181 184.8 188.6 190.9 193.4 194.9 196.6 197.2 197.2 202.3 208.6 213.3 218.5 223.3 226.5 229.7 231.6 230.2 223.2 230.4 241.4 250.1 263.5 276.1 287.4 297.9 308.3 318.8 328.5 332.5 333.6 333.2 331.4 327.6 322.8 315.3 306.7 300.6 295.6 291.3 286.1 282 277.1 272.1 266.2 258.2 249.9 238.6 224.2 209.2 190.8 185.3 198.1 207.6 213.1 216.1
201.6 203.1 203 201.6 197.8 192.7 186.9 180.9 173.5 173 176.8 178.9 181.6 183.9 185.6 186.6 187.7 188 186.9 184.1 182.9 178.8 179.3 185.4 189.8 192.5 196.4 198.9 201.2 202.6 202.7 204.6 212 217.5 222.8 227.1 230.1 235.2 238.2 238.7 241.1 236 249.8 262.2 271.8 279.8 289.7 300.7 310.6 321.3 330.3 332.1 333.3 330.4 328.1 325.7 322.6 316.3 309.1 300.6 296.4 292.3 288.7 283.8 278.6 273.1 265.8 256.8 245.4 231.7 215.5 199 184.3 195.2 208.3 216.3 221.3 225.7
204.7 205.9 205.7 204.4 201.4 196.4 192.4 186.9 180.8 176.5 181.4 184.8 186.5 188.1 189.3 190.4 191.1 191.5 191.5 191 189.2 186.7 182.2 184.8 190.3 194.9 198 201.6 204.4 207.4 209.8 212 216.1 221.6 226 231 235.3 238.4 242.3 245.8 248.6 253.5 259.1 271.9 280.6 287.2 294.6 304 311.6 320.9 327 328 328.3 327.4 326.1 324.1 321.8 316.1 309.1 300.9 296 292.9 289.2 283.8 278.9 270.9 262.4 252.9 241 221.7 204.7 187.3 193.1 205.3 218.8 225.2 231 234.6
206.4 207.5 207.2 206.2 203.9 200.1 196.1 192.6 187 184.9 185.6 188.3 189.8 191.6 191.9 193.3 194 194.6 194.6 193.8 193.3 192.1 188.2 184.6 189.1 195.9 200.3 204.4 207.6 210.9 214 216.7 219.9 224.7 229.5 233.8 238.8 243.7 248.4 252.6 256.5 263 271.7 279.5 286.3 293.7 301.5 308.5 314.7 320.2 324.3 325.7 326.3 325.5 324.1 322.7 320.3 315.2 307.6 301.6 295.9 292.1 289.6 283.5 276.3 267.2 258.3 248.7 233.3 212 194.4 191.8 199.1 215.4 226.6 233.1 238.9 241.7
207.1 207.9 207.6 206.5 204.7 202.2 198.2 194.8 192.5 190 189.9 190.9 192.1 193.5 194.6 195.6 196.3 196.9 197.2 196.9 196.3 195.5 194.1 190.1 187.7 195.2 202.1 206.5 210.1 213.8 217.1 219.8 223.6 227.9 232 237.4 242.3 247.9 252.9 259.3 264.9 272.4 280 286.2 292.4 299.5 306.8 312.9 317.9 322.2 324.5 325 324.7 323.6 322.2 321.4 318.2 312 305.1 300.2 295.8 292.1 288.9 281 272.9 263.3 255.5 244.2 224.8 203.4 192 197.1 209 220.4 233.3 240 245.8 246.8
206.8 207.1 206.6 205.6 204 202 199.2 196.1 194.4 193.1 192.1 193.1 194.2 195.3 195.9 197.2 198.1 198.9 199.3 199.5 199.5 199.3 198.6 196.9 190.4 191 202.7 208.4 212.7 216.2 219.9 222.9 226.6 230.7 235 239.7 244.6 251.3 257.2 264.4 271.5 279 285.6 291.9 298.3 304.7 311.8 316.5 321.5 323.2 323.9 323.8 322.9 321.7 320.3 318.8 314.1 308.8 303.5 299.1 294.8 289.8 283.6 272.3 266.7 259.9 251.2 236.5 215.5 198.1 196.1 207.3 224.6 234.6 238.6 245 249.2 249.5
205 205.2 204.7 204.4 202.9 201 198.9 196.5 195.1 194.3 193.7 194.1 194.9 196 197.3 198.1 199.1 200 200.9 201.6 202.2 202.3 201.7 201.3 198.4 193.6 201.9 210.3 214.7 218.8 222.5 225.7 228.9 233 237.2 241.9 247.4 254 260.9 268.1 275.4 281.4 289.5 297.3 304.8 310.7 316.1 320.4 322.3 322.9 323.1 322.3 321.3 319.4 317.6 315.1 310.4 305.7 301.5 297.6 292.7 288.2 278.2 252.3 258.1 253.6 244.4 227.6 206.4 196.8 202.9 222.1 237.3 242.6 245.4 247.8 250.4 250.7
202.4 202.8 202.8 202.4 201.4 199.9 197.8 196.5 194.8 194.3 194 194.3 195.2 196.5 197.4 198.5 199.5 200.6 201.9 203.2 203.8 204.3 204.3 204 202.9 197.1 199.2 211.9 216.3 220.5 224.3 227.7 230.9 234.7 238.7 243.1 248.2 255.4 263.1 269.9 276.6 284.2 292.4 301.4 309.8 316 319.4 321.2 322 322.2 321.7 320.5 319 317 314.9 311.4 306.9 303.1 299.5 296.1 292.5 284.5 271.3 252.5 238.9 246.3 237.8 219.6 201.7 201.4 214.5 235.6 246.3 250.9 250.5 251.3 251.9 250.3
199.1 200.3 200.5 200.3 199.9 198.7 197 196.1 194.9 193.8 193.4 193.9 194.7 195.7 196.9 198.4 199.9 201.2 202.5 203.9 205.3 205.8 205.9 205.8 204.2 201.8 200.4 213 217.7 221.9 225.3 228.7 232.4 236.1 239.6 243.4 249 254.3 262.1 269.6 276.8 284.8 294 304.2 314.4 317.3 319.5 320.8 321.3 320.9 319.8 318.2 316.6 314.3 310.9 308.1 304.5 301.3 298.1 294.4 288.7 268.2 255 236.8 222 237 230.6 208.3 201.3 212 230 246.6 253 254.6 255.2 254.8 254.2 252.2
195.5 197.2 198 198.2 197.9 197.4 196.1 195.3 194.3 193.5 191.3 192.6 193.4 194.4 196 197.7 199.6 201.3 203 204.7 206 206.9 207.2 208 208.1 207.6 206.8 210.9 218.9 222.8 226.1 229.4 232.8 236.5 240.1 243.8 247.8 252.6 259.5 267.1 275.8 284.9 293.7 303 312.6 316.5 318.5 319.3 319.2 318.7 317.1 314.4 312.2 309.5 307.2 305.2 303.1 300.2 296.9 293.2 285.9 279.8 272.3 259.3 231.1 215 219.5 204.7 212.4 228 246.2 256.1 258.3 259.7 259.4 258.7 257.2 255.2
191.2 193 194.2 194.9 195.1 195.1 195.2 194.7 193.6 191.8 190.8 191.4 191.8 193 194.3 196.9 199.3 202 203.3 204.9 206.9 208.6 209.7 210.7 211.7 212 213.1 217.9 220 223.1 226.5 229.7 233 236.3 239.7 243.5 246.8 251.1 258 265 273.5 283.4 293.1 300.7 308.5 314.3 315.7 316.4 317 315.9 312.9 311.5 308.4 306.3 304.9 303.3 301.4 299 296 293.2 288.8 282.8 275.9 266.2 244.5 219.9 209.9 213.2 228.2 246.5 260.6 262.6 263.5 263.3 263.4 261.5 261 259
186.7 188.5 190.3 191.2 191.8 192.7 193.4 193.1 192.7 191.1 190.1 190.1 189.8 191.5 194 196.3 198.8 201.3 203 205.7 207.9 210 211.4 213 214.5 215.6 217.5 219.9 221.6 224.3 226.6 230.1 233.4 236.4 239.2 242.1 245.2 250 255.6 262.9 269.1 279.3 287.8 295.3 301.9 307.3 310.7 310.4 310.1 309.4 307.2 305.9 304.2 303.4 302.8 301.3 300.1 298 295.9 293.3 289.6 283.5 275 254 236.7 227 219 228.9 245.7 262.1 267.2 267.6 267.7 267.4 266 265.4 263.8 261.9
182.1 183.7 185.4 186.7 187.5 189.5 191.3 190.9 190.7 190.4 189.5 188.2 188.4 190.5 193.3 195.5 198.1 200.6 203 205.9 208.6 210.9 213.1 214.9 216.8 218.6 220.2 221.8 224.3 226.3 228.6 231 233.5 236 238.5 240.9 243.7 247.9 252.6 259.9 267.8 273.4 280.2 288.7 295.2 301.3 305.7 306.5 306.8 304.8 302.4 301 300.4 300.6 300.6 299.8 298.8 297.7 295.9 293.6 289.8 281.9 275.7 268.6 247.6 233.1 235.8 251.6 263 272.4 273.2 272.6 271 270.9 269.5 267.9 266 263.8
177.7 179.1 180.5 182.1 182.7 184.4 186.2 187.5 188 187.8 188.1 187 185.9 189.5 192.2 194.8 197.3 199.6 202.9 205.4 208.5 211.7 214.3 216.7 218.6 220.4 222.2 224 226 227.8 229.9 232.4 234.4 236.3 237.8 239.7 242.5 245.5 249.8 255.6 262.5 268.2 275.7 283.8 291.8 298.3 303.2 305.4 304.3 300.4 298.2 297.2 297.1 298.2 298.4 298.1 297.7 297.2 296.3 294.5 292 288 280.9 270.4 268.3 255.2 254.1 270.9 277.7 278.3 278.6 277.2 275.7 273.5 272.1 269.8 267.6 264.9
173 174.9 176.3 176.9 177.7 179.5 181.3 183.5 185.2 185.4 185.9 185.5 184.3 188.5 191.5 193.9 195.8 199.2 202 205 208.1 211.9 214.8 218.1 220.4 222.2 224.2 225.6 227.4 229.1 230.7 232.3 233.5 234.9 235.9 237.3 239.9 242.1 246.3 251.8 256.9 263 268.1 275.4 284.3 290.8 296.8 299.7 297.7 295.1 293.7 292.2 292.8 294.7 295.9 297 297.2 297.2 297.1 296.4 294.3 291.4 288.1 286.8 285.7 280.9 276.8 284.9 285.3 284.6 284.1 282.2 279.2 277.4 274 271.3 268.2 265.2
169.9 171 171.6 173.1 173.4 175.2 177 179 181.5 183.1 183.7 177.2 184.7 188.4 190.4 192.9 195.5 198.2 200.9 204.3 207.9 212.4 215.3 218.4 222 224.2 226 227.3 228.3 229.2 230.2 230.8 231.9 231.2 231.8 233.4 236.6 240.8 244.4 248.2 252.6 256.9 262.5 268.3 275.3 281.5 287.2 289.3 287.7 286.4 285.2 284.9 287.3 291 295 296.3 297.4 298.3 298.7 298.7 297.7 297.4 296.9 295.2 293.7 292.9 292.6 292.8 293.6 291.8 288.7 286.3 283.1 279.7 275.6 271.4 267.3 262.6
166.1 167.4 168.1 169.3 169.9 170.8 172.2 169.1 167.8 169.9 172.6 182.2 185 187.2 189.2 191.8 193.7 196.2 199.8 203.6 207.5 212.7 215.4 218.2 222.2 225.6 226.4 227.1 227.2 226.6 227.2 227.3 226 226.4 227.7 229.6 232.8 236.9 241 245 249.8 253.6 257.5 262.5 266.9 271.5 276.5 276.2 272 272.2 278.6 286.4 290.7 294.3 295.2 297.5 298.9 300.1 301.3 302.3 303.2 302.9 302.8 302.1 300.2 299.6 298.9 297.9 296.8 295.1 291.5 288.1 284.4 280.2 275.8 269.6 262.6 252.7
162.6 163.7 164.3 165.7 164.8 155.1 150.8 158 166.7 176.2 180.1 182.7 185 186.9 188.6 190.2 191 193.9 198 202.9 208 213 215 217.4 220.1 224.5 225.3 224.6 225.1 223.3 222.6 221.7 221.4 222.1 222.8 224.9 229 233.8 236.9 241.5 246 249.5 252.5 257 260.7 264.1 262.5 258.2 269.8 280.7 288.1 292.4 294.9 296.3 297.9 300.4 302.1 304.8 307.1 308.9 308.8 309.7 308.6 306 304 302.8 301.5 300.2 299.4 297.4 294.5 289.9 285.6 280.7 274.2 266.8 258.6 247.3
158.1 159.8 160.5 162.2 156.3 142.2 162.3 169.7 174.1 177.3 179.3 181.9 183.4 186.1 187.7 187.2 184.5 188.5 195.4 201.6 207.8 212.7 214.6 216.4 218.4 220.2 222.2 221.8 220.3 217.3 216.3 216.7 216.6 216.4 216.6 220.2 223.6 225.1 230 233.8 240.1 243.8 248 251 251.8 250.2 248.7 263.9 274.9 284.5 291.7 295.5 297.3 300.2 304.4 306.2 307.9 310.2 312.4 313.8 314 314.2 311.5 309.3 307.2 306 303.9 301.8 300.6 298.9 296.5 292.7 286.6 280.1 273.2 264.5 248 236.4
154.6 154.6 148.4 143 134.6 153.6 166.2 171 175 176.5 179.2 181.1 182.8 184.9 185.5 183.4 173.9 182.7 190 197.6 205.8 211.8 214.2 215.8 216.9 217.7 217.8 217.1 214.3 212.8 211.9 211.4 207.9 200.2 206.4 210.3 212.1 214 219 224.7 229.2 233.2 236 236.3 239.4 238.2 254.2 266.9 278 287.1 294.4 297.9 301.1 306.5 310.7 312.8 314.2 315 315.1 316.4 318.4 316.3 314.2 312.2 310.2 307.9 305.6 303.3 301.5 300.1 297.2 294.5 289.5 280.2 270.8 252.4 233.5 219.2
150.1 142.1 126.2 133.5 150.2 160.2 165.5 169.1 171.8 173.8 177.8 179.8 181.8 183.3 181.5 175.3 164.2 176.4 182.3 189.5 198 207.5 212.3 214.4 215 215.2 214.6 211.5 210.1 208.4 207.3 204.6 198.6 183.7 194.6 197.7 198.6 198.7 203.3 209.7 215.6 219.6 224.5 229.1 231.1 241.8 256.9 269.6 279.7 289 296.3 301.5 306.2 310.4 315.3 315.9 316.4 316.2 316.2 317 319.3 318 316.5 314.1 312 309.6 307.3 305 302.9 300.4 297.5 294.8 291.1 283.8 260.9 237.2 217 206.4
141.3 126.7 125 145.4 154.5 160.1 161.8 162.1 164.5 169.5 169.7 170.6 166.3 166.8 170.9 162.9 156.1 169.7 175.7 180.1 187.8 195.6 205.2 208.3 209.8 209.5 206.2 204.3 203.5 200.4 197.4 190.7 184.6 171.2 177.9 180.1 180.6 183.5 186.3 193.2 205.8 213.3 218.2 219 231.4 249.7 259.4 271.1 282 291.1 299.1 303.9 308.4 313.3 315.9 316.9 317.6 317.3 317.7 318.4 319.9 319.3 318.1 315.7 313.8 311.3 308.8 306.1 302.6 299.8 296.9 294 290.3 279.6 258.5 223.7 212.5 230.8
121 113.2 132 144.5 150.9 149.7 149.4 148.5 145.3 146.3 148 145.7 140.6 138.9 140.2 141.9 142.5 147.2 156.5 162.9 171.1 178.3 185.9 190.2 186.5 184.2 180.7 180.6 178.2 172.7 167.7 162.1 158 168.9 185.8 191.9 195.2 196 192 191.2 191 205.2 205.7 225 242.6 251 262.8 273.9 284.3 293.1 300.4 305.1 310.3 314.9 316.1 317.3 318.9 318.9 319 319.8 319.9 319 317.3 315.8 314.1 311.6 308.5 304.6 301.5 298.5 294 289.1 280.9 266.1 244.3 226 220.3 249.1
105.5 119.1 125.2 128.9 136.5 135 127.7 122.9 120.6 120.4 119.9 118.7 119.3 118.7 119.2 121.9 124.7 125.3 131.6 140.3 150.9 159.1 165.1 162.8 158.5 155.9 155.1 152.2 148 148.1 152.3 162.1 173.3 192.6 203.6 208.6 212.5 214.3 213.8 209.6 205.3 197 215.4 230 243.7 253.7 266.5 275.9 285.9 294.7 301.2 305.9 310.8 315 316.7 317.5 319 320.1 320.6 320.6 319.7 317.6 316.7 315.1 313.2 310.4 307.4 302 298.8 293.7 286.6 271.7 262.5 253.4 253.6 227.6 249.9 268.6
102.3 106.1 109.9 114.1 118.2 113.9 108 111.4 114.8 114.1 117.2 128.3 132.5 133.4 132.7 132.4 131.8 134.2 130.2 126.1 129.9 137.1 140.3 136.4 138.4 140.9 144.3 147.5 156 163.6 174.6 185.6 196.9 208.4 212.3 216.1 219.9 223.9 225.5 225.5 222 205.5 209.5 229.2 245.6 256.3 267.2 278.4 287.6 295.1 300.5 305.7 309.6 313.4 315.3 316.6 317.7 318.8 318.9 318.8 318.2 316.5 315.4 313.9 311.9 309.1 303.9 298.3 286.8 285.6 282.1 282.3 277.3 269.9 247.7 235.4 264 272.4
104.9 108.6 103.1 105.6 106.9 107.8 116.6 125.6 129.9 122 126 140.5 146.8 150.3 150.4 148.9 149.7 149.7 148.7 145.9 138.4 134.1 141.7 150 159 163.9 158.6 170.3 177.4 185.9 196 205.7 211.5 215.7 219.3 223 227.1 229.6 231.3 232 231 223.8 206.7 221.5 242.1 257.7 269.2 279.5 288.2 294.9 299.7 304.3 308.3 311.7 313.6 315.5 316.6 317.4 317.2 317.1 316.6 314.7 314 312 309.9 306.7 300.3 299.1 296.6 294.5 291.2 286.2 280 264.4 240.3 256.6 273.9 276
122.7 124.1 119.4 119.3 123.4 119.1 117.2 138.8 144.5 140.1 123.2 137.3 148.9 154.2 156.4 158 158.3 159 158 156.2 151.3 135.5 147 159.2 168.1 171.5 172.9 182.2 189.3 198.5 206.5 213.2 217.4 222 225.1 228.6 231.8 235.4 238.5 241.9 243.7 241.9 224.9 216 229.4 253.6 268.7 278.6 286.5 292.9 298.1 302.7 307.2 309.7 311.7 313.6 314.8 315.5 315.4 315.3 315.2 312.9 312.6 310.9 309.1 307.1 304.5 301.6 299.3 296.8 292.1 286.1 283.4 262.2 245.5 265.8 276.2 277.9
135.3 135.1 129.9 138.6 136.8 130.5 123.7 144.7 150.3 152.1 137.9 131.3 143.3 156.1 161.1 163.3 165 165.2 164.4 162.9 160.2 146.7 139.8 152 167.4 174.5 181.1 186.8 194.6 202.3 211.5 217.9 222.5 226.1 230.3 234 238 243.2 249 251.8 253.3 254.2 244.2 231 223.9 243.9 262.9 275.2 283.6 290.3 295.6 300.2 304.5 307.5 309.7 311.6 312.9 313.8 313.9 313.9 313.8 312.2 311.5 310.4 308.2 307.6 304.8 302.9 299.5 297 292.1 287.4 281.8 263.7 250.4 270.7 277.7 279.1
