public/OST50/SN34.asc
ncols 200
nrows 200
xllcorner 230000
yllcorner 240000
cellsize 50
[rows 0 to 34 of 200, columns 79 to 157 of 200]
129 130.6 132.2 134.4 133.7 130.9 130.8 131.7 132.1 133.5 139.4 143.9 147.8 150.6 153.6 156.6 160.2 164.3 169.1 173.9 177.3 181.2 184 186.9 190.8 196.1 202.9 210.2 215.4 219.8 223.6 226.9 229.8 231.8 233.6 234.8 235.8 236.7 237.3 239.2 240.8 242.9 245.9 248.5 252.2 256.2 259.9 263.8 267.6 271 275.4 278.8 281.3 284 286.8 289 290.3 290.1 289.6 289.6 289.3 289.6 290.6 292.4 294.1 295.9 298.1 300.4 302.5 304.5 307 307.4 307.5 306.8 304.2 301 298.1 293 289.7
130.1 127.3 128.3 128.6 129.8 129.4 128 131.2 132.6 135.2 141.6 145.8 149 151.8 154.4 156.6 160 163.6 169.2 173.5 177.8 181.9 185.7 189.9 193.8 199 205.2 212.5 216.9 221.7 225 228 230.5 232.3 234 234.9 235.7 236.7 237.9 239.1 240.5 243.2 245.6 248.3 251.8 256.3 260.3 264.6 268.5 272.6 277.6 280.1 282.6 285.2 287.8 289.7 290.5 290.1 289.5 288.5 287.6 288.5 290 291.5 293.7 295.6 297.6 300.4 302.5 304.4 306.3 307.6 307.5 306.3 303.6 302.2 299.2 295.6 290.6
129.6 127.1 126.6 126.2 128.3 129.9 131.3 132.6 134.2 138.2 143 146.4 149 151.3 153.7 156.5 159.4 164.3 169.1 173.6 178.2 182.3 187.1 192.1 196.9 202.8 209.3 214.3 218.9 222.9 226.1 229 231 232.9 234.4 234.9 234.9 235.1 236.5 237.7 238.9 241.4 243.9 246.8 251 255.1 259.6 264.1 268.6 272.8 277.7 280.5 283.5 285.9 288.4 290.1 290.1 289.9 289.4 287.9 285.9 288.3 289.4 291.7 293.7 296 298.4 299.9 302.6 304.5 306.1 306.5 306.7 306.5 305.8 304.3 300.7 296.8 291.5
128.3 125.3 126.6 128.2 130.5 132.8 133.3 134.2 137.1 140.8 143.4 146.5 148.8 151 154.2 156.2 160.6 165 168.7 173.8 178.4 183.3 189.1 194.5 200.5 206.5 211.7 216.7 220.7 224.4 227.3 229.4 231.2 232.5 233.3 233.4 233.2 232.6 233 234.2 235.3 237.7 239.9 242.9 247.3 253.1 257.5 262.5 267 272.4 277 280.3 282.9 285.3 287.7 289.1 290.2 290.2 289.7 288 283.7 286.2 289.5 291.6 294.7 297.2 299.8 301.8 303.5 305.3 306.3 307.5 308 307.7 306.9 305 301.4 297 291.8
126 125.4 126.8 129.6 133.1 133.5 134.1 135.6 138.2 140.8 143.5 146.2 149.8 152.4 155.3 158.2 160.7 164.5 168.6 174.2 179.3 186 192 198.3 203.5 208.9 214 218.7 222.3 225.6 227.7 229.8 230.6 230.6 230.8 229.8 228.9 227 227.4 228.4 229.6 231.3 234.5 237.6 241.8 246.1 252.7 258.5 264.2 269.5 274.9 278.7 281.2 283.3 285.3 287.9 289.9 290.7 290.7 289.1 282.6 284.8 289.5 293.3 296.1 298.7 301.3 303.6 305.5 307 308.9 308.7 308.8 308.5 307.4 304.4 301.1 295.5 291.1
126.6 125.6 126 130 134.5 132.2 133.4 134.7 136.9 140.1 142.9 147.2 150.6 153.3 155.9 159.1 161.2 164.8 168.9 174.8 181.8 189.4 194.9 200.1 205.9 211.1 215.7 219.9 223.4 225.9 227.8 229.1 228.6 227.9 226.8 225.3 224 222.1 221.8 222.4 223.5 224.7 227.4 231.2 234.8 239.9 245.9 253.4 258.7 265.1 269.4 274.6 277.5 280 282.8 286.2 289.2 290.7 290.6 288.9 279.1 287.6 291.5 295.2 298.2 300.9 303.5 305.6 307.4 309.1 309.6 309.3 309.1 307.8 306.6 304.2 300.4 295.3 288.7
130.1 124.5 124.7 127 131.4 130.9 132.3 133.6 135.6 139.5 143.2 146.8 150 152.8 156.2 159.8 163.3 166.7 171.1 178.6 185.6 191.5 197.1 202.6 208.1 212.4 216.5 220.2 223.4 225.6 226.3 225.9 225.1 223.9 221.7 220 218.6 217.3 217 216.4 215.2 217.4 220.1 224 227.7 232.8 239.7 246.8 251.6 257.5 263.8 265.9 271.6 274.7 278.5 282.8 287 289.1 288.1 287.1 279.9 287.9 293.8 297.4 300.7 303.3 305.5 307.5 309 310.3 311.2 309.9 309 306.8 304.8 302.3 299.2 293.3 285.7
138 123.8 124.4 125 127.4 131 131.4 132.4 135.7 139.4 143.1 146.6 149.3 152.8 157.6 162.2 164.8 169 174.9 179.8 186.7 192.7 198.5 204.1 208.7 213.2 216.4 219.2 222.3 223.6 223.4 222.5 220.9 219.1 217.6 215.6 213.5 211.7 210.5 210.1 210.6 210.8 213.5 215.9 222 226.6 232.4 237.8 243.4 249.4 255.6 261.2 265.5 269.2 273.5 278.2 282.7 284.7 283.5 283.6 274 290.2 296.2 299.6 303.1 305.1 307.4 309.4 310.3 311.6 311.4 310.3 308.6 305.5 302.7 299.4 295.4 290 283.2
149.9 133.3 123.1 121.9 126.3 129.1 129.9 131.9 135.2 139.1 142.6 146 148.9 154 159 163.3 166 169.7 176.1 181.3 187.4 194.1 199.9 204.6 208.8 212.4 215.6 217.9 219.7 219.9 219.1 218.3 216.6 215.3 213.7 212.2 209 206.4 204.9 203.4 202.1 202 204.7 208.8 213.5 218.2 223.5 230 236.2 241.8 247 253.5 259.2 262.9 266.8 270.4 273.4 276.3 276.4 272.8 275 293.6 298.6 302.2 305.2 307.2 309.3 310.6 312.1 312.3 311.5 310.5 307.9 304.3 300.4 296.3 291.4 286.6 278.8
163.5 140 127.3 122.5 123.5 125.6 128.5 131 134.2 137.8 142 145.1 149.1 153.8 159.3 163.8 167 171.2 175.6 180.5 186.9 193.2 198.8 203.1 207.5 211 213 214 214.5 214.9 214.4 213.8 212.9 212.4 210.9 207.6 203.7 201.4 198.1 194.1 189.9 190.2 195 199.7 204.6 209.6 214.1 220 224.7 231.5 236.5 242.4 249.2 254.2 258.5 262.8 266.7 269.4 267.1 271.6 288.3 297.3 302.1 304.8 307.3 309.4 310.8 311.7 313.3 313 312.9 310 305.9 302.3 298.2 293.4 288 282.9 273.8
173.6 150.3 133.2 123.8 120.6 123.4 126 128.9 133.4 137 140.8 143.8 148.2 152.8 158.2 162 166.1 169.8 174.9 180.3 185.5 190.8 196.2 200.1 204.3 206.8 207.8 208.5 209 209.5 209.8 209.7 209.6 209 207.6 203.6 198.4 195.7 191 183.5 185.1 204.7 192.3 195.9 202.9 208.4 210.5 215.2 220 225.1 230.1 235.2 240.9 247.3 253.4 258.6 262.7 256.3 275 291 295.7 300.6 305.4 307.6 309.8 311.3 312.6 313.3 313.9 312.8 311.1 308.9 304.8 300.7 295.4 289.9 283.7 276.5 268.5
175.9 160.7 139 129.4 120.6 121.2 120.7 125.6 131.7 135.4 138.7 141.6 146 149.8 154.9 159 162.9 167.6 171.9 178.1 181.6 186.2 190.9 192.6 193.3 196.5 198.2 201.5 202.2 202.6 203.6 204.8 205.6 205.3 204.1 199.8 193 187.5 181.4 179.1 199.2 211.2 217.9 217.7 206.4 201 210.1 216.7 220.2 225.6 231.8 237.6 243.1 248 250.6 248.9 259.9 278.8 288.3 293.9 298.9 303.6 307.1 309.5 310.9 312.2 314 313.9 313.8 312.8 310.7 307 302.6 297.2 292.2 286.1 279.6 272.8 263.5
178.1 167.2 147 131.1 125.4 119.8 119.1 122.2 128.5 134.4 136.8 138.8 140.5 143.2 146.9 151.2 154.8 158.6 161.5 164.8 168 171 172.3 173.3 173.7 175.1 177 181 182.3 182.4 186 192.4 200.2 200.6 199.5 192.8 181.4 179.4 174.2 182.7 201.6 211.8 217.4 221.4 225 221.8 226.2 224.5 225.6 217.8 223 228.6 232.4 238.2 253.5 270.4 279 285.9 290.7 295.6 301.6 306.4 309.2 310.8 312.1 312.8 314.2 313.9 313.1 311.2 308.6 305.3 299.2 293.8 289 282.9 276.3 269.4 258.4
180.1 170.8 151.3 135 128.6 125.1 118.8 119 122.7 128.2 134.1 134.9 135.1 135.9 137 140.1 141.1 143.1 144.7 146.8 148.1 149 149.5 149 152.5 155.4 155.5 156.4 156.6 159.3 164.4 172.1 182.4 187 182.5 175.4 173.5 171.2 176.4 186.5 204.4 213.4 219.2 224.1 228.4 232.5 237.5 243 248.2 251.6 249.2 258.3 263.8 269.7 275.9 279.7 284 287.8 293 299.6 303.4 306.8 309.5 311.1 311.7 312.9 313.1 312.8 311.7 309.4 306.9 302.1 295.2 291.4 286.2 279.7 273.4 264.9 255.5
182.1 173.8 158.1 151.1 137.5 129.3 125.2 118.8 119 123.7 129.4 130.8 130.9 132.2 132.8 133 134.4 136 136.1 137.6 138.9 139.6 141.3 142.3 143.1 143.7 145.1 146.2 147.4 149.9 152.9 155.7 160.4 164 165 167.6 167.7 172.9 184.4 201.1 211.6 217.2 222.8 226.5 231 235.9 240.9 246.9 252.2 256.9 261.5 266.7 272.2 276.4 280.7 284.3 286.5 291.7 296.7 300.5 304.5 307.1 308.8 309.8 310.4 311.1 311.2 311 309.2 308.3 303.8 299.4 294.3 289.3 284.1 278.3 271.8 262.5 253.1
184.3 177 169.2 162 153.1 138.2 128.2 123.2 118.9 119.1 123 126.9 127.5 128.1 128.4 128.7 129.4 130.6 132.5 133.7 133.6 135.4 136.6 137.8 138.9 141.4 142.7 146.5 147.9 150 152 153.7 156 157.2 161.9 164.4 169.8 182.2 195.2 210 215.8 220.4 225.3 229.4 234 239 244 250.4 255.3 260.2 265 270 275 279.3 283.8 287.6 290.9 295.2 299.6 302.1 304.8 306.4 308.1 308.5 309.1 309.8 310 309.8 307.8 305.2 301.7 297.2 292.3 287.4 282.2 276.3 270.1 260.8 251.3
186.3 179.7 171.8 165.1 157.6 151.4 138.4 128.1 121.6 117.5 119.8 122.3 124.5 123.6 125.1 126.5 127.7 128.7 128.7 130.8 132.6 133.8 136.8 138.7 141.1 143.7 145.7 149.1 151.2 153.3 155.6 157.2 157.9 159.6 162.8 171.6 176.4 191.5 207.4 213.7 219.1 223 228 232.9 238 243.5 248 253 258.2 263.3 267.8 272.3 277.2 281.3 286.3 289.8 294.3 297.7 300.9 302.4 304 305.7 306.9 307.4 307.9 308.4 308.6 307.7 306.2 302.7 299.2 294.7 290.5 285.5 280.3 274.4 268.1 259.7 249.8
187.8 182.1 175.5 168.6 159.9 151.7 142.3 131.3 126.1 117.5 117.7 120.3 120.3 120.2 122 124.7 125.4 127 128.9 131.1 134.2 137.8 141 143.1 144.9 146.9 149.9 153.5 156.3 159.2 162.3 166.9 169.8 173.5 178.9 186.6 195.8 202.5 211.8 216.4 221.1 225.4 230.6 235.6 240.6 246.1 251.1 256.6 261 265.7 269.8 274.2 278.8 283.3 287.7 292.2 296.3 299.1 301.4 302.6 304.5 305 305.8 306.3 306.8 306.3 306.8 305.6 303.8 300.3 296.9 292.7 288 283.3 278.5 273.1 266.7 258.2 247.7
188.6 184 179.2 171.7 163.2 154.3 146.3 136.5 129.1 119.8 116.4 116.8 119.5 122 123 124.3 126 128.1 130.4 133.2 136.8 140.5 144.8 147.8 150.9 153.8 155.5 158.8 162.8 166 170.9 177 181.7 187.5 194.7 202.2 207.2 212.1 215.3 218.9 223.1 227.8 232.7 237.4 242.3 248.7 254.1 260.2 263.7 267.9 272 276.1 281.4 285.4 289.2 293.1 297.3 300.3 301.6 302.7 303.6 304.5 305.2 305.5 305.6 305.7 304.3 302.9 300.7 297.8 294.1 290.6 286 281.2 276.6 271.7 264.7 255.8 246
189.5 185.7 180.5 175.4 167.3 157.6 150.4 140.3 131.1 123.4 116.5 118.3 120.9 125.6 124.8 125.6 127.4 130 132.4 134.9 138.6 142.2 145.9 149.4 153.4 157.1 160.4 163.9 167.9 172.6 179 184.6 190 195.4 200.8 205.7 210 214.4 218 221.2 224.9 228.9 234.2 238.5 244.4 250.7 257.4 263.3 267 270.5 274 278.3 282.2 285.4 289.9 293.5 297 299.5 301.5 302.9 303.7 304 304.7 304.8 304.2 303.8 302.5 301.2 298.7 295.5 291.3 287.9 284 279.4 274.8 269.9 262.7 254 243.1
190.5 187 182.3 175.8 167.2 160.8 152.1 140.9 133.8 126.7 115.5 116 119.3 123.4 125.1 126.8 129.1 131.4 133.9 136.8 140.5 143.5 146.5 150.5 154.9 159.3 163.6 166.6 170.5 175.5 181.4 187 191.8 197.3 202.6 207.2 211.5 215.9 219.3 222.8 225.8 229.8 234 238.9 245.7 252.6 259.3 265.6 269.3 273.1 275 277.4 281.7 285.8 288.9 292.3 296.4 298.8 300.4 301.7 302.8 303.6 303.5 303.2 302.6 302 299.9 297.8 295.8 291.7 288.3 285.2 282 277.7 273.1 267.9 260.2 249.2 240.4
191.6 187.7 182.3 175.8 168.6 161.2 152.4 144.1 138.1 132.3 122.1 115.3 118.2 122.5 124.8 126.7 128.9 131.9 134.6 137.7 141.7 144.2 147.9 152.1 157.7 162.2 166.6 169.7 173.3 178.8 183.9 188.4 193.9 198.8 203.5 207.3 212.1 216.2 219.5 223.1 226 229.3 232.5 236.6 245.1 252.7 261.7 267.6 272.1 274 275.4 277.7 281.2 284.6 288 291.2 293.7 296.2 298.4 300 301.5 302.2 302.1 301.1 300.4 299 297 295 292.4 288.9 285.9 282.6 279.4 275.6 271.4 265.7 255.9 244.9 238
191.6 188 183.5 178.3 171.3 163.6 156 149 144.5 136.6 124.2 113.3 111.9 118.9 122.7 125.8 128.5 131.1 134 138.6 143.6 147.4 152.6 156.5 161.5 165.8 169.8 173.2 177.1 180.6 185 189.7 194.6 199.6 204 207.7 211.4 215.3 218.7 222.4 225 228 231.3 236.7 243.5 250.5 260.7 267.9 271 273.1 274.6 277.2 280 283.3 286.6 289.5 291.8 294.1 296.3 298.2 299.5 300.6 300.3 299.1 297.1 296.1 294.2 291.6 288.8 284.3 282.8 280.1 276.9 273.6 269.4 262.9 253.4 243.6 237
190.8 188 184.4 179.1 173.5 167 160.7 155.4 151.8 144.8 127.2 120.4 113.5 116.2 120.3 123.2 127.3 129.8 132.4 138.7 146.1 151.4 156.5 160.8 164.7 168.6 172.3 175.8 179.1 182.4 186.3 190.4 195 199.3 203.2 207.4 210.4 213.6 216.8 220.2 223.2 226.1 229.8 233.6 240.4 246.2 253.7 262.6 267.9 270.6 272.1 274.6 277.7 281.2 284.6 287.5 289.7 292 294.1 296.2 297.4 298.4 297.9 295.9 294.2 292.8 290.4 287.9 283.8 281.4 279.7 277.5 274.6 271.3 267.4 261.9 251.3 245.1 245.4
189.9 187.2 183.9 179.4 174.5 169.3 164.9 161.5 158.5 154.1 133.3 122.7 113.2 114 118.4 121.7 125.3 127.7 130.4 136.7 146.4 154.6 159.6 163.2 167 170.8 174.4 177.9 181.2 184.4 187.8 191.5 195.2 198.9 202 205.6 209.3 212.2 214.9 218.3 222.2 224.6 228.1 231.9 236.7 241.7 247.7 255 260.5 265.4 268 271.5 275.5 278.5 282.1 285 287.6 290 291.9 293.8 294.4 295.8 294.8 292.7 290.4 288.8 286.2 282.8 280.6 278.4 276.7 274.8 272.2 269.4 265.7 260.2 256.9 253.3 250
188.3 186.2 183 179.6 175 171 167.8 165.7 163.5 159.6 143.1 125.5 112.3 112.8 116.5 119.7 123.4 126.2 129.5 133.3 145.3 154.4 160.3 164.9 168.4 172.1 175.8 179.5 182.9 186.1 188.8 191.5 195 198.1 201 204.8 207.9 210.7 213.5 216.5 220.6 223.8 226.7 228.9 232.6 238 243.1 249 254.6 259.2 264.6 267.7 271.9 275.7 279.3 282.7 285.7 288 289.7 290.3 290.7 292.4 291.5 287.7 285.8 284.7 281.7 279.4 277.3 274.9 273.3 271.5 269.4 266.8 263.2 260.7 257.7 255.2 252.2
187 184.7 182.2 179 175.6 172.3 170.2 167.3 166.2 163.2 153.5 133.8 117.9 109.8 115.3 118.1 121.7 124.7 127.7 131.2 140.3 150.6 158.7 166.2 169.6 172.1 175.8 179.7 183.5 186.5 188.4 191 194.3 197.2 199.8 202.6 205.7 208.6 211.2 214.4 219 222.7 225.3 227.5 230.4 234.6 239.4 244 248.2 252.9 259.2 264.1 268.6 273.2 277.2 280.6 283.7 286 287.7 287.4 287.6 288.9 287.8 284.4 282 280.9 278.3 276.1 273.9 271 269.8 268.1 266.2 263.4 261.5 259.6 257.3 255.3 252.7
185.7 183.2 180.8 177.5 174 171.6 169.4 167.2 166.2 164.1 159.2 145.4 123.7 111.7 114.1 117.9 120.1 123.3 126.4 129.4 134.4 141.9 151.8 160.5 164.7 168.5 173.4 178.1 182.4 185.8 187.6 190 192.6 194.9 197.5 200.3 203 205.7 208.9 212 215.7 219.8 223.3 225.6 226.8 231.2 234.9 238.7 243.3 248.1 253.5 259.6 266.1 271.3 274.8 278.9 282 283.8 284.6 284.9 284.8 285.4 283.1 280.2 277.6 276.8 274.9 272.7 270.8 268.1 266.5 264.7 262.7 261 259.6 257.5 255.8 253.8 252
183.3 181.1 178.5 175.3 171.8 168.4 165.9 164.3 163.6 161.4 150 134.2 117.6 110.7 114.6 116.6 118.8 122.2 125.1 127.7 130.5 134.3 139.4 144 151.6 158.1 166.4 174.2 179.9 183.1 185.2 187.8 190.2 192.4 194.8 197.6 200.4 203.7 206.7 209.6 213.9 216.6 220.6 222.1 225 227.8 231.6 234.2 238.2 241 250.9 257 263.4 268 272.3 276.6 279.6 280.9 281.4 282.4 281.9 281.5 279.2 276.5 275 273.2 271.3 269.1 267.5 264.9 263.7 261.2 259.2 257.4 256 254.3 253 252.1 250.8
180.8 178.2 175.8 172.8 168.8 166 162 159.2 157 151.2 132 124 111.7 111.2 113.3 116.3 119.5 121 122.7 125 128.2 132 135.4 141.1 142.2 145.9 153.9 164 170.8 176.6 181.1 184.7 187.2 189.1 191.7 195.3 197.6 201.8 205.3 208 211.2 214 216.6 219.6 221.6 224.4 227.5 227.3 235 242.6 249.1 255.4 260.7 265.7 270.5 274.2 277.1 278.7 279.8 279.4 279.7 277.7 276 273.9 272 269.7 268 266.1 264.7 262.6 260.9 258.1 255.1 253.7 251.8 251.3 250.3 249.6 249.1
177.2 174.7 172.5 170.3 167.9 163.7 156.7 147.8 145.5 132.2 125 120.5 111.8 109.4 112.3 116.6 118.5 121.7 123.7 125.6 128.5 131.2 132.8 135.5 138.2 145.3 145.8 152.3 158.5 165.4 171.3 177.9 182.7 183.7 189.1 193.8 197.2 200.2 203.1 206 208.7 211.3 213.9 216.2 218.6 220.8 217.3 227.1 233.1 240.2 246.9 253.3 258.8 263.4 268.7 272.4 274.7 276.3 276.4 276.3 275.3 274 272.4 270.6 268.4 266.3 264.6 263.5 262.1 260.8 259.1 256.1 253.6 248.8 245.1 247.4 247.3 247.3 246.7
173.4 172.1 170.1 168.1 165.8 162.8 157 139.7 129.9 125.4 120.9 111.3 109 109.8 113.1 116.6 117.7 121.1 123.6 126.5 129 131.7 135.2 138.7 142.4 144.8 147.1 150.5 151 156.1 162.3 167.4 176.1 181.9 187.7 192.6 196.2 199.3 201.6 204 206.6 208.8 210 212.9 214.5 213.6 220.1 225.3 231.5 237.2 243.4 250.4 256.8 261 266.7 271.1 273 273.8 273.5 272.9 271.6 270.2 268.5 266.9 264.8 262.9 261.5 260.7 259.7 257.9 256.2 254 251.3 247.4 241.6 240.9 244.6 243.8 244.5
169.1 168.8 167.7 166 163.7 161.4 157.4 144.1 126.9 122.3 118 108.6 111.6 115.2 117.4 118.7 120.9 122.5 124.3 127.2 129.4 132.1 136.9 141.8 146.3 151.1 155.8 159.1 160.8 163 167.3 170.7 173 179.9 185.8 191.3 194.9 197.9 200.7 201.9 203.9 206.3 207.8 209.6 208.2 210.7 218 223.7 229.6 235 240.9 247.5 254.9 260.1 264.8 268.4 270.4 271.2 270.7 269.3 267.8 266.1 264 262.4 261.2 259.5 258.4 258.1 257.5 255.5 253.8 251.7 248.9 245.7 242 235.7 239 240.6 241.5
165.2 165.2 164.8 163.2 161.6 159.4 156.3 151.3 132 121.7 113.8 106.2 112.2 115.1 117.7 119.3 121.2 123.2 125 127.5 129.4 132.8 137.7 144.2 148.9 153.7 159.2 163.6 167 171.4 175.2 178.6 180.8 183.2 187.4 190.8 193.7 196.4 197.9 199.9 202.3 204.2 205.9 205.9 199.1 209 216.9 222 227 234 239.6 245.6 252.5 258.7 263.2 266.2 267.4 268 267 265.7 264.2 261.8 259.3 257.6 256.1 254.6 255.5 255.6 255.4 253.6 251.3 249.4 246.6 243.6 239.7 236.2 231.3 236.2 237.9
160.5 161.6 161.5 159.8 158.4 157 154.3 150.8 143 122.4 107.8 106.5 112.4 115.2 117.9 119.9 121.4 123.3 124.8 127.3 129.1 132.4 138.6 144.5 150 155.4 161.3 165.9 170.8 174.9 179.2 183.2 185.2 187 189 191.2 193.1 194.9 196.6 198.3 200.2 202.2 203.2 190.4 199.1 209.5 216 221.1 225.9 233.7 238.9 244.3 250.7 256.7 260.6 263.2 263.9 264.2 263.2 261.9 260.1 255.6 252 248.7 248.6 249.3 251.9 252.9 252.4 251.6 249.7 247 244.4 241.3 238.2 234.5 228.3 231.6 234.1
