public/OST50/SN34.asc
ncols 200
nrows 200
xllcorner 230000
yllcorner 240000
cellsize 50
[rows 35 to 69 of 200, columns 0 to 78 of 200]
161.5 158.3 154.2 148.9 144.4 141.7 139 136.3 133.6 130.9 127.1 123.6 119.7 114.5 112 109.7 109 107.6 107.5 106.4 101.4 101.6 106.2 108.7 110.8 112.7 114.7 116.6 119.1 120.7 122.6 124.8 127.6 129 130.9 134.2 136.1 138.6 140.5 142 143.9 146.9 148.8 150.3 152.9 155.1 157.7 159.9 161.7 163 163.5 163.4 163.2 160.6 162.2 161.7 162.4 162.4 165.9 169.5 173.1 175.2 177.1 176.8 176.3 175.9 176 173.2 163.4 154.6 146.8 144.5 147.5 149.4 149.1 148.1 150 151.5 153.5
162.9 159.8 155.5 149.4 143.5 139.2 136.1 133.9 131.4 128.3 125.5 121.9 118.7 115.3 112.1 109.8 108.6 108 108.3 107.1 104.6 101.2 101.8 107.8 110.2 112.3 114.5 116.3 118.7 120.9 123.2 125.2 127.2 129.4 131.9 134.4 136.5 138 140.4 142.1 143.5 145.7 146.5 149.3 151.3 153.7 156.2 158.4 160.2 161.3 161.8 160.5 160.4 158.5 153.6 154.8 155.7 158.1 162.4 166.5 169 171.3 173.6 173.3 172.4 172 171.4 167.6 164.1 157.3 150.6 143 141.4 143 142.8 141.3 144.4 145.2 148.6
163.9 159.5 155.7 150.1 142.8 137.5 133.1 130.2 127.9 125.7 122.7 120.1 117.3 114.9 111.9 111.1 109.6 108.3 108.7 107.9 106.8 103 100 106.8 110.3 112.7 114.6 117.3 119.7 121.9 124 126.1 128.3 130.5 132.4 134.5 136.2 138.5 139.5 140.6 141.7 142.8 144.5 147 149.4 151.7 154 156.6 158.6 159.4 159.1 158.3 157.8 155.5 144.9 145.9 147.6 153.2 157.5 161 163.7 166.8 169.3 168.7 167.9 167 165.8 163.9 161 158.5 153.2 146 140.8 137 138.2 140 139.6 139.5 143.7
163.6 160.1 155.6 150.1 142.6 134.9 130.7 126.7 123.8 122.3 120.8 118.5 116.2 113.9 111.1 109.5 108.4 108.3 108.2 107.6 107.1 104.7 98.8 106.9 109.7 112.5 115.6 117.8 120.2 122.2 124.3 127 129 130.7 132.5 134 135.3 136.7 136.8 137.4 138.4 138.9 142.3 144.6 146.9 149 151.3 153.2 155.2 155.9 156.8 153.9 152.1 151.1 145.6 139.3 141.1 146.4 151 154 157.3 161.2 164.5 164 163 162.4 161.7 160.6 158.3 156.8 153.2 148.3 142.2 136.2 130.9 134 133.8 134.2 138.4
162.7 159.3 155 149.6 142.3 133.3 128.8 126.1 123.6 119.9 119.6 117 114.7 113.1 111 109.2 107.7 107.7 107 107.3 107 106.5 100.5 103 108.8 111.7 114.7 117.2 119.7 121.5 123.7 126.5 128.8 130.3 131.7 132.9 134.1 134.8 134.5 134.8 135.7 135.6 138.9 141.1 142.7 144.3 146.6 148.6 150.4 151.7 150.9 150 149.4 148.9 147.3 135.1 133.9 137.5 141.5 144.9 149.4 153.9 155.8 156.4 157.7 158.2 157.9 157 156.4 155.5 153.6 150.4 144.3 139.3 133.5 128.1 129 128.8 130
161.8 158.3 152.8 147.3 140.3 133.6 129.2 126.7 123.5 121.6 119.5 117 114.9 112.2 110.8 108.4 107.1 107.5 107.6 106.4 106.3 106 104.7 95.9 105.2 109.6 112.6 115.4 118 120.3 122.7 125.4 127.6 128.4 129.7 130.3 131 131.7 131.6 131 129 130.8 133.3 136 138.2 139.7 141.3 143.6 146.5 146.9 146.6 146.5 146.8 146.2 145.1 137.9 129.7 128.6 129 134.2 139.8 143.1 145.7 149.2 151.3 153.8 154.2 154.6 154.9 154.3 152.9 150.6 146.9 142.8 136.2 131.7 127 124.1 124.8
160.6 156.6 151.6 144.4 140.8 137 132.1 127.1 124.6 121.2 119.4 117.1 114.8 112.4 110.6 108.3 106 106 106.9 106 105.5 105.3 104.5 94.6 97.3 105.4 109.9 112.8 115.3 117.2 118.6 122.2 123.8 124.2 125.5 126.4 127.1 128.2 129.2 129.3 123.6 127 127.8 129.8 131.3 134.1 136.1 138 139.7 141.7 143.3 144.1 145.2 144.3 143 140.8 131.2 125.2 123.3 125 128.6 133.7 137.3 141.8 145.6 148.5 150.9 152 152.4 152.4 152.1 150.6 148.1 144.6 139.9 135.9 130.7 121.5 120.9
159.2 155.5 151.5 148.3 145.4 142 139.5 134.4 130 124.1 118.9 116.4 113.9 111.6 109.8 107.9 105.9 103.8 105.1 106.2 105.9 104.2 103.4 96.6 89.6 97.4 104.8 109.1 111 112.8 114.8 116.5 117.3 118.3 120.1 121.4 122.4 123.5 124.5 125.4 124.8 122.2 123.2 124.6 125.7 128.2 130.8 133.8 136.4 139 140.8 142.2 143.3 142.8 141.7 139.4 133.2 125.7 121.7 119.8 121.7 126.1 129 135.6 139.9 144.2 146.9 149 149.8 150.4 150.5 150.2 148.8 146.8 144.3 140.7 132.9 126.3 116.4
159.5 157.3 154.9 152.6 149.3 145.2 141.6 136.2 131.8 126.8 120.8 116.8 115.1 111.5 109.5 107.1 105.8 103 103.4 105.4 105.2 104.3 102.2 101.8 95.1 90.4 97.8 104.9 108.3 109.8 110.7 111 111.6 112.2 113 114.1 115.3 117.1 118.2 119.2 119.1 117.4 118.8 120.7 122.3 124.4 127.1 130.1 134 137.5 138.9 140 141.3 141.3 141 139.5 134.9 130.6 120.1 117.9 117.7 121.6 124.9 130.2 135.2 139.2 142.6 144.9 146.4 147.4 148.3 148.7 148.7 147.4 145.3 142.6 137.6 127.4 121.2
160.7 158.9 156.5 153.9 150.8 146.6 143.1 137.9 132.7 127.7 122.1 117 114.5 112.3 109.8 107.8 105.8 103.7 102.2 103.6 105.5 104.7 102.4 100.6 97.9 88.5 92.2 100.9 105.3 107.8 108.1 108.5 108.8 108.9 107.6 106.7 107.5 108.1 109.8 111.8 113.2 114.7 117 118.5 119.8 122.7 124.8 130.4 132.5 136.1 137.3 138.4 139.3 139.5 139.2 137.3 132.8 126.1 119.7 116.6 114.9 117.5 120.6 125.6 131.2 134.1 137.6 140.2 142.4 144.8 146.5 147.4 147.6 147 145.5 143.2 138.7 130.7 121.6
160.6 159.3 156.4 154.2 150.7 146.7 142.3 137.5 132.7 127.8 123.3 119.5 116 112.1 110.3 108.5 105.4 103.5 102.3 102.9 104.4 104.4 102.3 99.4 98.9 90.6 90 98 101.7 104.6 105.5 106 105.6 104.8 103.9 103.8 104 105.2 106.4 108.3 110.4 113.7 115.2 117.6 122 126.2 128.4 131 133.7 135.7 136.5 136.9 137.6 137.6 136.9 135.6 132.4 127 123.7 116.9 114 112.9 115.1 118.7 122.6 127.2 132.5 136.1 139 141.9 144.2 145.3 146.2 146.1 145.2 143.2 140.4 136 123.5
160.8 159.1 156.8 153.6 150.9 147.4 142.5 137.3 132.5 127.8 123.5 120.2 116.9 113.6 111.3 109.1 106.1 104.2 101.5 98.7 101.4 102.7 102.2 100.1 97.9 92.3 89.2 96.4 98.6 101 102.6 102.5 102 101.9 101.3 101.7 102.7 103.4 105.5 107.4 110.8 114.1 116.7 119.7 123.3 127.1 130.6 133.6 135.3 136.2 136.9 137 136.7 136.2 135 134.4 132.3 130.3 126.9 121.6 113.8 110.8 110.8 113.5 116.2 119.5 125 130.8 135.8 139.2 141.9 143.3 143.9 144.7 144.2 142.8 140.4 136.2 127.4
159.4 157.8 155.9 154 150.8 147.1 142.5 136.8 131.2 126.5 122.9 119.3 115.8 112.8 110.7 108 106.6 104.5 102 97.6 98.1 99.8 98.9 96.2 93.9 90.2 89.2 94.2 97 97.4 99.4 99.9 100 99.9 100.5 101.1 102.3 103.6 105.7 108.4 111.2 113.2 116.4 120.8 123.5 127.6 131.1 133.8 136.2 136.9 136.9 136.4 135.8 134.8 133.6 133.3 132.6 131 128.7 124.3 115.9 110.7 107.7 109.4 111.4 115.2 120.7 125.8 131.1 135.4 138.5 140 141.5 142.2 142.5 141.5 139.1 135 127.3
158 157.1 155.3 153.2 150.4 146.6 140.7 135.1 129.6 124.9 120.6 117.4 115.1 112.8 110.3 107.7 106.1 103.7 101.6 98.1 93.2 95.4 94.9 93.7 91.9 85.7 87.9 92.3 94.6 95.2 96.5 97.8 98.5 99.5 100.1 100.6 102 104.2 106.4 109.1 112.4 114.7 118.2 121.2 125.5 128.9 132.2 133.8 135.8 136.6 136.9 136.3 135 132.7 131.9 132.4 131.9 130.8 128.7 125.3 119.7 111.8 106 105.4 109 112.6 116.7 121.1 126.5 130.1 134.1 137.2 139 140.5 140.5 139.8 138.1 134.2 123.2
157.3 156.4 154.7 152.7 149.6 145.6 140.9 135.9 130.4 125.5 120.5 118 115.8 114.4 112.6 109.6 105.8 103.3 99.7 97.5 94.3 91.1 90.4 91.4 89.1 84.8 87.3 90.8 92.8 94.9 96.3 97.3 98.6 99.2 100.1 101.4 102.4 104.5 107.4 110.7 113.7 116.9 120.8 124.3 127.1 130 132.5 134.1 135.5 136.1 135.9 135.5 133 129.6 128.7 130.9 130.4 129.3 127 123.4 118.3 111.5 104.8 103.2 105.9 109.3 112.3 114.9 121.3 126.9 130.8 134.4 136.8 138.4 139.1 139 137.4 133.9 117.1
156 155.5 154.2 152.8 150.5 147.7 144 139.4 133.8 127.4 123.5 121.3 119 117.1 114.7 111.5 107.8 103.9 100.7 97.2 95.2 91.6 88.8 84 84.3 84.6 92.1 94.8 96.6 97.3 97.3 98.5 99.8 100.4 101.3 102.5 104.2 107.7 111 113.8 116.7 119.9 122.8 125.4 128.1 130.2 131.9 133.2 134.3 134.8 134.6 134 131.6 123.1 118.9 126.1 126.1 125 122.3 118.7 112.7 105.6 101.1 100.9 103.4 106.9 109.6 112.6 118.4 124.3 128.5 132 135.3 136.9 137.9 137.9 137.1 134 116.6
155.1 154.7 154 153.4 151.7 149.5 146.9 141.8 135.1 130.9 127.7 127.6 124.6 119.7 116.1 113 109.5 105.9 101.9 98.9 95.3 91.3 86.2 82.3 82.6 89.9 94.9 96.7 97.9 98.3 98.9 99.7 101.3 101.7 102.6 104.6 106.3 110.3 113.6 116.6 119.1 121.3 123.8 126.1 128.3 129.8 130.7 131.5 132.2 132.7 133 132.4 130.5 117.9 112.3 112.2 116.9 118 116.3 112.9 107.9 100.3 97.1 99.8 102.8 105.7 107.6 111.8 117.6 122.2 126.3 130.1 132.8 136 137 137.4 136.7 134.5 120.5
154.4 154.1 154.4 153.9 153 151.1 148.7 145.8 141.9 139 135.4 132.1 128.7 124.6 119.2 114.1 110.7 105.9 102.6 99.3 95.7 91 83.8 82 86.3 92.8 94.6 97.5 99.3 99.3 100.3 102 104 104.2 106 108.4 110.7 112.7 116 118.5 120.9 123 124.6 126.7 127.9 129.1 130 129.4 129.3 129.4 130.9 130.3 128.4 120.7 108.7 105.1 103.1 106.2 108 106.3 102.8 97.4 91.6 96.4 99.7 103.7 106.5 109.6 114.4 119.4 123.4 127.2 131 134 136 136.9 136.3 134.6 124.8
153.2 153.8 154 153.8 152.2 151.5 149.6 146.9 144.4 141.6 138.4 134.7 130.7 126.6 122.2 116.8 112.3 108.8 104.4 98.3 93.9 90.5 84.8 80.8 84.4 91.4 93.7 97.4 100.4 101.9 102.1 104.8 106.2 107.1 107.8 110.8 113.5 115.5 117.3 119.6 121.5 123.4 124.5 125.6 126.9 127.3 127.7 127.8 127.5 127.2 128.1 127.3 125.2 121.7 108.7 100.1 95 96.2 99.4 98.2 94.6 88.6 89.3 92.3 97.2 101.9 104 105.4 109 114.2 119.7 123.3 128 131.8 134.2 135.6 135.5 134.2 128.5
152.3 152.9 153.4 153.3 152.5 151.4 149.7 147.5 145 142.4 139.3 135.7 132 128.1 123.9 119.2 113.5 109.5 105.6 100.5 97 89.8 85 80.7 81.9 86.1 93.2 97.9 100.5 103.9 105.1 106.6 108.4 109.7 111.8 114 116.6 117.8 118.8 120.4 121.9 123 124 124.5 124.6 124.7 125.3 125.6 125.3 125.1 125.2 124.4 122.8 119 112.6 101.1 91.3 85.6 90.4 86 82.7 82.7 82.6 85.2 92.7 97.5 97.9 103.2 105.5 107.4 112.8 118.5 122.2 126.2 130.2 132.9 133.6 132.9 130.5
150.3 151.5 152.2 152.2 151.5 150.6 149.3 147.3 145.1 142.4 139.7 136.2 132.8 129.2 125.2 120.7 115 110.4 106.6 101.6 96.1 93.7 86.2 81.4 79.3 78.9 89.6 96.3 103.2 105.5 106.6 108 110.6 113.3 115.3 116.9 118.2 120 120.3 121.5 122 122.7 122.6 123 122.1 120.3 120.7 121.6 122.6 123.3 122.2 121.3 118.8 115.6 109.5 97.4 82.3 81.3 81.4 81.3 81.7 82.5 82.7 83.5 88.9 93.4 94.7 97.8 101.8 99.7 103.3 107.7 112.7 119.2 123 126.2 127 127.4 125.3
148.2 149 149.7 150.3 149.8 149 147.6 146.3 144.7 142.3 139.6 136.6 133.2 129.8 125.8 121.1 115.7 110.7 106.9 103.4 97.5 94.1 86.8 82.9 80.4 78.5 91.3 98.2 103.3 106.6 107.9 109.9 113.1 115.6 118 119.2 120.3 121.5 122.4 122.2 122.2 122.2 121.8 120.1 119.4 116.2 114.2 115.5 117 117.8 117.8 116.6 113.9 108.6 104.2 86.2 79.7 80.4 84.7 86.5 86.8 87.4 84.5 82.9 83.8 85.8 86.5 85.9 90.7 92.9 94 96.3 100 106.8 109.3 109.7 111.2 113.6 114
145.8 146.8 147.5 147.6 147.5 146.8 146.1 145.3 143.6 141.6 139.6 136.6 133.3 130.2 126.1 121.3 115.3 109.6 105.3 101.8 97.8 93.5 89.8 86.7 84 79.3 88.6 97.8 103.2 107.3 110.1 112 114.4 117.3 119.7 121.3 122.5 123.5 124 123.2 122 120.5 119.4 117.6 115.7 109.8 104.3 106.1 108.8 109.1 108.9 107.8 105 93.4 80.6 79.2 81.8 85.5 88.5 88.8 88.8 89.2 88 88.4 82.1 83.5 87 86.8 85.2 85.3 86.8 88.5 88.5 88.6 88.3 88.3 91.4 92.2 92.8
143.1 144.1 144.3 143.8 144.3 144.3 143.7 143.1 142.5 140.9 139.3 136.6 133.9 130.2 126.7 122.3 115 108.5 102.8 98.7 95.9 94.1 89.7 87.3 85.7 81.6 81.1 96.3 102.6 107 111 113.6 115.4 118 120.6 122.7 123.5 124 124.3 123.3 122.1 119.5 116.1 112.8 110.9 106.4 92.4 90.8 96 99.2 99.7 81 79.2 78.4 78.3 84.6 85.7 88.1 88.3 88.8 89.2 89.2 90.2 91.4 87.4 89.9 92.8 93.6 93.5 91 86 87.1 85.9 87.9 91.9 90.3 88.4 89.3 91
138.6 139.7 140.5 140.9 141.1 141.5 141.2 141.2 141 140.2 139.2 137.3 134.6 131.4 127.2 122 114.7 107.8 102.2 97.7 95.4 91.4 90.6 88.2 85.2 82.1 76.9 89.4 100.8 106.1 110.3 113.7 115.9 118.3 120.8 122.8 124.2 124.8 124.2 122.2 120.7 118.3 115.1 103.6 102.3 102 91.8 81.2 82.3 84.8 76.6 77.3 77.5 78.2 81.7 86 86.6 88.9 88.8 91 92.5 91.9 92.3 92.5 93.2 93.4 94.1 94.7 94.9 95.4 92.2 93.9 93.4 92.1 92.2 92 90 88.5 89.2
132.8 134.5 136.3 137.3 137.9 138.2 138.3 138.7 138.4 138.7 138.2 137 134.8 132.2 127.9 123 116 108.1 102.6 99.6 98.8 97.5 95.5 92.2 87.9 84.9 78.7 81.4 97.5 104.4 109 112.8 115.8 118.1 120.2 122.4 123.8 123.9 123.4 121.6 119.7 117.4 113.4 106.9 88.6 90.1 84.4 78.4 76.7 75.8 76.7 81.5 77 78.2 85.3 85.5 89.7 91.6 92.3 93.7 94.2 94.5 94 92.7 94.1 94.7 95.8 95.8 95.7 95.3 95.7 95.4 94.3 94.7 95.1 95.8 96.6 94 95.9
125.4 128.2 131.3 133.1 134.2 134.8 135.1 135.9 136.2 136.7 136.6 136.1 134.7 133 129.5 124.3 117 108.5 105.2 103.6 103.9 109 106.8 99.6 90.5 85.2 80.9 74.9 89 101.1 106.8 110.9 114.8 117.3 119.2 121.3 122.5 123 121.8 120.6 118.8 116.2 112.4 106.1 92.5 75 75.8 77.7 75.5 75.7 79.8 84.7 85.8 88 90 90.5 91.9 93.4 94 94.9 95.8 96.4 96.4 97 97.2 96.8 96.2 97.1 97 96.5 96.7 96.9 97.1 97.1 97.8 97.2 97.7 98.4 100
118.8 119.5 124.7 128 129.9 131 131.5 132.7 133.8 134.6 134.8 135.3 134.8 133.5 131.2 126.7 118.4 111.6 110.3 114.9 117.8 119 116 107.6 96.9 87.4 82.3 73.5 79.5 96.3 103.6 108.4 112.2 114.9 117 118.5 119.8 120 119.7 118.6 117.1 114.9 109.6 101.9 77.9 71.5 71 77.7 79.9 81.4 85.6 87.9 89.4 90.7 91.7 92.9 93.8 93.7 95.3 96.2 97.1 97.7 97.8 98.3 97.7 97.4 97.8 98 98.3 98.3 98.8 98.4 99.3 100 100.1 100.4 100.2 99.7 102.9
121.3 118.8 115.7 121.7 124.5 126.4 128.3 129.8 131.1 132.6 133.9 134.5 135 134.5 133.4 128.2 122.1 122.7 124.9 128.8 128.8 127.8 124.4 119.1 109.5 91.9 82.2 74.6 74 86.6 97.8 104.6 108.8 112 113.9 115.3 116.3 116.4 116 115.5 114.4 111.8 106.3 87.6 69.8 69.5 73.8 79.4 79.8 82.9 87.8 90.7 91.5 91.4 93.1 94.3 95.2 95.2 95.5 96.8 97.4 97.7 97.9 98.4 98.7 99.3 99 98.6 98.5 98.9 99 99.6 100.5 100.8 101 101.9 103.3 104.5 105.2
123.3 120.3 118.1 116.5 119.3 122 124.7 127.1 129 130.5 131.8 133.7 135 135.7 135.4 134.8 134.6 134.5 134.8 134.6 134.3 131.5 129.2 125.3 117.7 99 82.8 78.6 75.4 73.7 89.4 96.9 103.9 108.3 109.8 111.4 111.8 112 111.9 111.3 110.3 107.5 103.4 71.4 71 73.6 76.2 80.2 81.6 84 90.1 91.4 92.3 92.8 94.4 95.3 95.9 95.4 96.3 96.8 97.5 98.1 98.8 99.2 100.2 99.9 100.1 99.8 100 100.2 100.2 99.8 100.9 101.4 101.7 102.9 105.1 106.3 106.9
125.9 122.2 119.4 116.4 114.7 117.8 121.9 124.3 126.6 128.9 129.5 132 134.5 135.6 138.4 138.8 140.2 140.1 139.8 138.9 137.7 136.3 134.6 130.3 123.4 109.1 91.6 83.3 79.6 73.5 75.3 88 94.9 101.3 104.2 106.4 106.9 107.7 107.7 107.2 106.2 103.1 93.5 68.1 71.4 73.4 78 81.9 85.9 88.7 90.9 92.6 93.7 94.9 95.6 95.8 95.9 95.1 95.5 96.2 97.7 98.1 99.4 100.5 101.3 101.5 101.4 102.6 102.7 102.5 101.6 102.4 103.4 102.3 102.9 104.5 105.2 106.4 108.3
133 124.3 120.5 117.8 114.2 111.8 116.7 121.4 124.5 124 123.9 129.5 134.2 137.5 140 141.8 142.5 142.9 142.9 141.8 140.1 139.3 137.7 134.2 128.2 119.5 100.9 87.2 81.9 76.8 72 73.3 83.6 90.2 96.2 99.7 101.8 102.8 103.7 103.1 102.1 100.1 87.4 67.2 72.6 76.2 81.6 84 86.2 89.3 92.1 93.8 94.9 95.8 95.7 94.7 94.2 94.4 96.3 97.2 97.9 100.1 100.7 101.9 103.3 103.6 103.8 103.8 104.3 103.3 103.8 103.7 102.7 104.2 104.7 105.2 106.2 107.5 108.6
140.1 135.2 124.3 117.8 116.2 113.4 109.6 114.4 117.8 118.8 123.8 129.4 134.9 138.4 141.2 143 144 144.7 145.1 144.2 142.9 141.4 140.1 136.5 131.6 124.5 112 93.7 86.1 82.5 77.1 71.2 69.5 77 82.3 86.3 91.4 95.8 97.6 98.5 98.7 97 79.3 69.6 73 75.9 82.9 84.8 87.7 90.5 93.1 94.5 95.4 95.9 94.8 91.9 92.4 94.5 96.6 97.8 98.7 100.9 102.1 103.7 105 104.8 105.1 106.3 105.5 105.5 105.3 105.2 104.7 106 106.7 106.6 107.7 109.1 110.6
144.5 140.7 135.6 124.6 117.8 114.8 111.3 109.1 112.3 116.7 123.2 128.8 134.7 138.6 141.3 143.3 144.4 145.1 146.2 145.4 143.7 142.8 141.3 138.2 134 128.3 119.4 106.3 90.7 85 80.5 74.3 69.8 69.3 68.8 72.3 77 81.1 85.7 90 92.7 92.2 68.6 68.6 72.1 76.5 81.7 84.9 87.5 90.1 93 94.5 94.6 94.4 91.5 91.2 93.8 96 97.3 98.6 100.1 102.4 103.2 104.8 105.8 106.9 106.5 107 107.7 107.8 107.5 108 109.6 109.8 110.3 109.7 110.7 111.5 113
146.4 143.2 139 133.4 120.8 116.7 113.1 109.1 108 115.9 123 128.3 134.5 138.4 141.2 143 144.3 145.3 145.8 145.2 144.9 143.6 142.3 139.5 135.3 130.5 123.7 113.8 99.7 88.7 82.8 78.5 75.4 73.1 68 70.5 73.3 70.7 72.9 77.6 81.6 82.7 67 68.8 74 79.1 81.5 84.8 86.5 89.1 91.5 93 92.8 90.8 87.2 92.7 94.8 96.6 98.1 99.7 101.7 103.3 105.1 105.9 107 107.3 108.3 109.1 109.7 110.1 109.6 110.6 112.3 112.8 112.8 113.1 113.3 115.7 119.7
