public/OST50/SN35.asc
ncols 200
nrows 200
xllcorner 230000
yllcorner 250000
cellsize 50
[rows 35 to 69 of 200, columns 80 to 159 of 200]
-1.2 -1.2 -1.2 -1.2 -1.2 -1.2 -1.2 -1.2 -1.2 -1.2 -1.2 -1.2 -1.2 -1.2 -1.2 -1.2 -1.2 -1.2 -1.2 -1.2 -1.2 -1.2 -1.2 -1.2 -1.2 -1.2 -1.2 -1.2 -1.2 -1.2 -1.2 -1.2 -1.2 -1.2 -1.2 -1.2 -1.2 -1.2 -1.2 -1.2 -1.2 -1.2 27.3 29.6 26.7 18.3 8.6 26.6 56.7 85.7 98.9 100.7 103.4 108.9 113.9 118.6 123.6 128.9 133.7 136.4 136.1 133.8 132.5 131.8 130.5 130.9 131 131.3 131.1 131.4 131.9 132.9 134.1 134.7 134.8 134.6 134.8 135.1 135.4 135.9
-1.2 -1.2 -1.2 -1.2 -1.2 -1.2 -1.2 -1.2 -1.2 -1.2 -1.2 -1.2 -1.2 -1.2 -1.2 -1.2 -1.2 -1.2 -1.2 -1.2 -1.2 -1.2 -1.2 -1.2 -1.2 -1.2 -1.2 -1.2 -1.2 -1.2 -1.2 -1.2 -1.2 -1.2 -1.2 -1.2 -1.2 -1.2 -1.2 -1.2 -1.2 -1.2 35 44.4 42.1 37.3 14.1 15.9 42.6 70.9 94 95.1 99.9 107.4 114.2 119.6 124.6 129.6 133.8 135.2 134.2 132.1 129.8 128.9 127.8 126.7 127.3 126.7 126.3 127.8 128.7 130 130.7 132 132.2 132.4 132.8 133.3 133.7 134.3
-1.2 -1.2 -1.2 -1.2 -1.2 -1.2 -1.2 -1.2 -1.2 -1.2 -1.2 -1.2 -1.2 -1.2 -1.2 -1.2 -1.2 -1.2 -1.2 -1.2 -1.2 -1.2 -1.2 -1.2 -1.2 -1.2 -1.2 -1.2 -1.2 -1.2 -1.2 -1.2 -1.2 -1.2 -1.2 -1.2 -1.2 -1.2 -1.2 -1.2 23.8 25.9 38 46.6 50.1 53.3 36.5 10.4 26.4 47.4 74.2 85.5 93.3 103.6 114 120.3 125.2 129.9 132.6 133.5 132.7 130.3 127.9 125.6 123.3 115 119.4 118.3 121.3 123.6 125 126.3 128 128.6 129.1 129.2 129.7 130.3 130.9 131
-1.2 -1.2 -1.2 -1.2 -1.2 -1.2 -1.2 -1.2 -1.2 -1.2 -1.2 -1.2 -1.2 -1.2 -1.2 -1.2 -1.2 -1.2 -1.2 -1.2 -1.2 -1.2 -1.2 -1.2 -1.2 -1.2 -1.2 -1.2 -1.2 -1.2 -1.2 -1.2 -1.2 -1.2 -1.2 -1.2 -1.2 -1.2 -1.2 21.2 26.1 28.6 41.9 52.5 65.2 65.4 58.1 27 14.1 33.6 57.9 78.2 86 97.9 109.4 118.6 124.1 128.4 131.6 131.4 129.2 127.2 120.6 114.4 104.7 94.6 93 97.6 108.8 115.7 120.3 121.8 123.1 124.4 125.3 124.1 126.3 127.4 127.4 126.5
-1.2 -1.2 -1.2 -1.2 -1.2 -1.2 -1.2 -1.2 -1.2 -1.2 -1.2 -1.2 -1.2 -1.2 -1.2 -1.2 -1.2 -1.2 -1.2 -1.2 -1.2 -1.2 -1.2 -1.2 -1.2 -1.2 -1.2 -1.2 -1.2 -1.2 -1.2 -1.2 -1.2 -1.2 -1.2 -1.2 -1.2 -1.2 -1.2 14.1 30.6 34.8 46 60.8 72.7 71 62.2 39.1 14.2 19.4 45.1 69.4 74.2 89.8 102.3 113.3 122.2 125.5 127.3 123.2 111.7 105.5 97.7 92.8 79.2 80.2 86.1 83.9 85.6 95.8 101.7 103.6 107.7 119.3 119.4 117.7 120.7 120.5 120.3 120.8
-1.2 -1.2 -1.2 -1.2 -1.2 -1.2 -1.2 -1.2 -1.2 -1.2 -1.2 -1.2 -1.2 -1.2 -1.2 -1.2 -1.2 -1.2 -1.2 -1.2 -1.2 -1.2 -1.2 -1.2 -1.2 -1.2 -1.2 -1.2 -1.2 -1.2 -1.2 -1.2 -1.2 -1.2 -1.2 -1.2 -1.2 -1.2 10.2 3.6 29.9 40.5 55.3 62.3 69.6 69.1 65.2 51.1 31.9 14.8 25.9 46.6 58.6 73.8 92.1 106.5 116.1 122.5 117.9 101.4 86.6 77.9 75.5 73 83.1 100.7 109 112.2 107 98.5 103.2 104 99.8 103.6 104.6 109.6 109.2 110.3 114.3 118.8
-1.2 -1.2 -1.2 -1.2 -1.2 -1.2 -1.2 -1.2 -1.2 -1.2 -1.2 -1.2 -1.2 -1.2 -1.2 -1.2 -1.2 -1.2 -1.2 -1.2 -1.2 -1.2 -1.2 -1.2 -1.2 -1.2 -1.2 -1.2 -1.2 -1.2 -1.2 -1.2 -1.2 -1.2 -1.2 1.4 -1.2 -1.2 3.6 23.7 45.5 53.1 62.1 65.3 68.4 68.4 68.2 61.6 47.1 40.3 23.5 21.4 39.6 58.2 78.5 101.6 113 116.9 99.5 79.6 70.5 69.2 71.5 81.8 98 112.8 116.2 117.5 117.9 118 119 119.2 118.2 115 120.7 121.1 120 120.2 117.2 114.9
-1.2 -1.2 -1.2 -1.2 -1.2 -1.2 -1.2 -1.2 -1.2 -1.2 -1.2 -1.2 -1.2 -1.2 -1.2 -1.2 -1.2 -1.2 -1.2 -1.2 -1.2 -1.2 -1.2 -1.2 -1.2 -1.2 -1.2 -1.2 -1.2 -1.2 -1.2 -1.2 -1.2 -1.2 32.6 37.2 -1.2 34.8 39.8 47.2 57 72.1 80 81.9 76.6 74.5 69.7 67.2 61.2 55.4 42.9 22 26.1 45.9 71.4 94.4 110.1 108.2 82.5 64.9 63.9 73.2 87.2 102.5 112.5 116.7 118 118.7 119.8 120.2 121.5 122.8 123.5 124.1 124.9 125.1 125.7 124.8 122.7 117.7
-1.2 -1.2 -1.2 -1.2 -1.2 -1.2 -1.2 -1.2 -1.2 -1.2 -1.2 -1.2 -1.2 -1.2 -1.2 -1.2 -1.2 -1.2 -1.2 -1.2 -1.2 -1.2 -1.2 -1.2 -1.2 -1.2 -1.2 -1.2 -1.2 -1.2 -1.2 -1.2 -1.2 29.5 54.2 67.6 67.3 66.7 64.4 68.9 80.8 91.9 94.5 92 86.7 80.8 74.7 73.5 68.4 59.3 39.4 30.8 26.1 35.7 60.6 85.3 102.3 93.6 67.1 57.6 71.6 88.5 108.5 114.2 117.2 118.8 120.2 121.5 122.5 123.6 124.7 125.9 126.9 127.5 127.8 127.3 127.9 128.6 128.4 122.8
-1.2 -1.2 -1.2 -1.2 -1.2 -1.2 -1.2 -1.2 -1.2 -1.2 -1.2 -1.2 -1.2 -1.2 -1.2 -1.2 -1.2 -1.2 -1.2 -1.2 -1.2 -1.2 -1.2 -1.2 -1.2 -1.2 -1.2 -1.2 -1.2 -1.2 -1.2 -1.2 -1.2 31 67.1 79.4 84.7 88.4 87.3 93.8 100.7 101.2 101.4 102.6 96.3 88.5 80.1 77.3 72.5 63.1 37.2 35.5 32.2 32.7 49.7 71.2 85.4 72.6 53.3 63.8 75 97.4 112.7 117.6 119.7 121.4 122.5 124.4 125.7 126.8 128.1 129.4 130.1 130.7 130.3 128.7 129.6 130.4 130.7 127.3
-1.2 -1.2 -1.2 -1.2 -1.2 -1.2 -1.2 -1.2 -1.2 -1.2 -1.2 -1.2 -1.2 -1.2 -1.2 -1.2 -1.2 -1.2 -1.2 -1.2 -1.2 -1.2 -1.2 -1.2 -1.2 -1.2 -1.2 -1.2 -1.2 -1.2 -1.2 -1.2 -1.2 47.4 65.1 83.8 94 94 101.1 103.2 105.1 106.4 106.6 107.3 101.5 92.7 82.9 78.4 76.3 68.8 44.4 38.6 39.6 41.4 40.2 44.5 59.2 51.8 60.1 68.5 79.4 105.9 116.1 119.6 121.4 123 124.4 126.7 128.2 129.5 130.6 131.7 132.7 132.9 132.4 130.4 130.7 131.8 132 131.2
-1.2 -1.2 -1.2 -1.2 -1.2 -1.2 -1.2 -1.2 -1.2 -1.2 -1.2 -1.2 -1.2 -1.2 -1.2 -1.2 -1.2 -1.2 -1.2 -1.2 -1.2 -1.2 -1.2 -1.2 -1.2 -1.2 -1.2 -1.2 -1.2 -1.2 -1.2 -1.2 21.7 48.3 69.1 83.5 91.1 98.1 104.4 106.7 108.2 109.5 110.7 106.6 99.9 92.1 85.4 80.6 76.7 67 44.7 41.6 48.7 53.2 55.9 53.1 56.1 59.6 63 73.1 91.4 110.4 117.9 120.4 122.6 124.1 126.4 128.5 130.2 131.8 132.9 134 134.8 135.2 134.7 133.1 131.9 132.4 133.6 133.2
-1.2 -1.2 -1.2 -1.2 -1.2 -1.2 -1.2 -1.2 -1.2 -1.2 -1.2 -1.2 -1.2 -1.2 -1.2 -1.2 -1.2 -1.2 -1.2 -1.2 -1.2 -1.2 -1.2 -1.2 -1.2 -1.2 -1.2 -0.7 0.8 -1.2 -1.2 -1.2 15.7 42.6 63.4 82.9 90.7 101.7 105.5 108.1 110.3 112 110.4 105.3 98.1 93 86.7 79.8 74.4 51.7 47.6 40.9 56.4 58.6 57.1 59.9 62.4 65.7 73 86.9 104.5 113.6 118.6 121.2 123.4 126 128.1 130.1 132.1 133.6 134.8 135.9 136.7 137.4 137.6 136.1 135 134.6 135.4 134.6
-1.2 -1.2 -1.2 -1.2 -1.2 -1.2 -1.2 -1.2 -1.2 -1.2 -1.2 -1.2 -1.2 -1.2 -1.2 -1.2 -1.2 -1.2 -1.2 -1.2 -1.2 -1.2 -1.2 -1.2 -1.2 -1.2 -1.2 40 44.3 20.8 -1.2 -1.2 2.3 36.1 53.5 76.6 95.3 101.2 105.5 109.1 111.5 112.4 109.6 105.6 98.5 93.1 89 81.9 68.4 68.9 63.9 45.8 38 40.8 42.9 51 68 87.3 96.6 106.2 112.4 116.6 119.6 122.5 125.6 127.9 129.7 131.7 134 135.1 136.7 138.6 140.7 140.7 140.4 139.4 138.1 137.4 137.4 136.9
-1.2 -1.2 -1.2 -1.2 -1.2 -1.2 -1.2 -1.2 -1.2 -1.2 -1.2 -1.2 -1.2 -1.2 -1.2 -1.2 -1.2 -1.2 -1.2 -1.2 -1.2 -1.2 -1.2 -1.2 -1.2 -1.2 32.8 71.7 59.5 31.7 2.4 5.3 8 21.9 45.1 68.5 88 98.7 104.6 108.4 111.5 112.1 109.3 105.8 98.8 94.3 91.2 86 69.2 80.6 81.6 75.8 58.3 61.2 48.8 44.6 61.9 91 107.1 111.8 115.8 118.5 121 125 127.6 129.4 131.4 133.4 136.2 137.5 139.4 141.1 142.8 143.2 142.4 141.4 139.8 139.5 139.2 139.2
-1.2 -1.2 -1.2 -1.2 -1.2 -1.2 -1.2 -1.2 -1.2 -1.2 -1.2 -1.2 -1.2 -1.2 -1.2 -1.2 -1.2 -1.2 -1.2 -1.2 -1.2 -1.2 -1.2 -1.2 -1.2 -1.2 71.5 95.2 68.8 43 17 3.6 15 25.7 39.8 50.5 74.9 92.4 99.7 106.8 109.8 110.6 110.2 105.2 100.5 96.1 95 90.3 80.2 89.3 91.9 93.8 91.6 90.2 67.4 48.2 52.6 83.5 110.2 114.4 117.3 120.1 122.9 126.2 128.5 130.1 132.2 135.6 137.8 138.7 140.5 142.6 144.1 144.1 143.9 142.8 141.2 140.7 140.6 140.6
-1.2 -1.2 -1.2 -1.2 -1.2 -1.2 -1.2 -1.2 -1.2 -1.2 -1.2 -1.2 -1.2 -1.2 -1.2 -1.2 -1.2 -1.2 -1.2 -1.2 -1.2 -1.2 -1.2 -1.2 -1.2 53.7 103.3 102.6 77.4 52.7 26.3 3 4.2 23.1 32.1 46.6 66.6 81.3 89.9 101.2 105.1 107.1 109.7 106.8 104.2 101.4 99 95.5 89.5 94.6 98.8 102.3 100.9 97.7 75.2 48.6 48.8 72.4 101.8 116.2 119.3 122.9 125.6 127.9 129.9 132.1 133.7 137.1 138.2 139.6 141.9 143.6 144.7 145 144.4 143.5 142.5 141.8 142 142.2
-1.2 -1.2 -1.2 -1.2 -1.2 -1.2 -1.2 -1.2 -1.2 -1.2 -1.2 -1.2 -1.2 -1.2 -1.2 -1.2 -1.2 -1.2 -1.2 -1.2 -1.2 -1.2 -1.2 -1.2 52.2 96.2 123 106.8 87 61.6 34.4 7.4 5.3 18.7 25.9 38.3 58 75.7 87.5 93.1 100.6 108.6 109.1 108.6 107.7 106 103.5 99.5 95.9 98 102.1 105.2 105.4 103.6 88.2 64.5 50.4 61.9 90.6 115.6 121 125 127.6 129.8 131.7 133.1 135.3 137.6 138.6 140.4 142.3 143.9 144.9 144.9 143.8 142.7 142.6 143.2 143.5 143.8
-1.2 -1.2 -1.2 -1.2 -1.2 -1.2 -1.2 -1.2 -1.2 -1.2 -1.2 -1.2 -1.2 -1.2 -1.2 -1.2 -1.2 -1.2 -1.2 -1.2 -1.2 -1.2 50.4 73.3 98.5 121 129.3 116.7 93.6 66.2 39.5 11.9 8.1 16.6 23.8 32.4 58.1 76.7 85.7 94.6 100.8 105.6 108.6 110 109.9 108.8 106.4 102.6 99.4 100.9 104.6 107.5 109.6 109.4 105.1 86.5 56.4 52.4 82.6 111.1 120.5 125.6 128.8 130.9 132.7 134.1 136.5 137.4 138.5 140.5 142.2 143.5 144.2 143.4 141.7 143 143.5 144.2 145 145.4
-1.2 -1.2 -1.2 -1.2 -1.2 -1.2 -1.2 -1.2 -1.2 -1.2 -1.2 -1.2 -1.2 -1.2 -1.2 -1.2 -1.2 -1.2 -1.2 40.8 54.8 70.2 89.3 106.9 128.1 141 132.8 113.4 89.6 64.1 39.5 11.6 9.4 17.1 23.9 33.8 55 72.9 84.4 94.1 101.5 107.5 111.3 112 111.5 110.3 107.9 105.2 102.9 102.7 106.2 109.8 112.3 113.1 110.7 97.3 67.6 52.8 78.7 111.3 121 124.4 129.1 131.3 132.7 134.2 136.1 136.8 138 139.9 141.8 142.7 141.9 139.2 142.3 143.4 144.4 145.1 145.9 146.9
-1.2 -1.2 -1.2 -1.2 -1.2 -1.2 -1.2 -1.2 -1.2 -1.2 -1.2 -1.2 -1.2 -1.2 -1.2 -1.2 -1.2 -1.2 47.4 65.6 85.7 103.4 123.7 137.7 146.6 146.6 134.5 111.6 83.8 56.1 31.3 10.7 8.5 18.4 24.4 34.9 54.6 72.5 85.6 95.2 101.6 109.2 113.4 113.3 113 111.7 109.8 107.3 105.7 105.2 108.1 111.7 114.4 115.3 113.1 99.7 71 55 78.5 111.2 121.6 123.8 127.8 130.3 132.2 133.6 135.3 136.3 137.7 139.2 140.8 141.3 139.8 138 142.2 143.9 145.3 146.3 147.5 148.7
-1.2 -1.2 -1.2 -1.2 -1.2 -1.2 -1.2 -1.2 -1.2 -1.2 -1.2 -1.2 -1.2 -1.2 -1.2 -1.2 -1.2 45.8 71.6 97.6 117.7 140.2 152.6 153.2 150.5 146.6 139.5 114.8 87.9 62.2 34.9 10.7 10.2 19 26.4 38 55.7 72.2 86.2 94.5 102.6 111 113.9 114.2 114 113 110.6 109.1 108 108 110.7 113 115.6 117 113.2 102.3 70.4 57.4 77.3 108.2 120.1 124.2 127.8 129.6 131.2 132.6 133.9 135.3 136.8 137.9 138.6 137.9 134.3 140.2 142.9 144.5 145.9 147.4 148.8 150.5
-1.2 -1.2 -1.2 -1.2 -1.2 -1.2 -1.2 -1.2 -1.2 -1.2 -1.2 -1.2 -1.2 -1.2 -1.2 -1.2 46.6 75.4 108.7 132.2 148.7 162.7 161.1 157.3 154.1 149.4 141.2 120.2 94 63.7 33.1 17.1 11.7 12.4 28.8 39.4 57 72.5 86 96.5 104.8 113.1 114 114.8 115.2 113.9 112.6 111.4 110.4 109.6 112 114 116.5 117.3 115.5 108.3 76.5 57.8 73.6 103.6 118.1 124.6 127.8 129.7 129.9 129.9 132.7 134.4 134.9 134.5 131.3 131.8 138 140.9 143.9 145.3 146.7 148.2 149.8 151.9
-1.2 -1.2 -1.2 -1.2 -1.2 -1.2 -1.2 -1.2 -1.2 -1.2 -1.2 -1.2 -1.2 -1.2 -1.2 -1.2 69.2 101.9 137.9 158.4 164.5 165.8 163.8 160.4 156.2 152.6 145.8 123.9 90.6 59.3 30.8 18.1 17.8 10.4 30.5 39.6 53.9 73.9 86.4 98.6 107.1 112.3 114.1 115.1 116 115 114.3 113.4 112.4 112.3 113.8 115.7 117.4 117.6 116.1 111.9 86.3 59.6 67.4 94.1 115.5 125.2 128.1 128.7 125.8 127.5 132.2 134 133.1 127.2 130.3 136 138.2 141.1 144.7 146.1 147.5 149.2 151.2 153.4
-1.2 -1.2 -1.2 -1.2 -1.2 -1.2 -1.2 -1.2 -1.2 -1.2 -1.2 -1.2 -1.2 -1.2 -1.2 29.1 87.6 126.2 157.8 168.4 168.3 166.6 164.7 161.5 157.7 153.7 142.9 117.1 85.7 54.8 28.8 19.6 19.8 17.7 31.5 41.7 54.3 72.5 87.8 100.3 108.1 112.5 114.7 116.1 116.6 116 115.7 114.8 114.3 114.9 115.2 116.8 117.8 118.4 118.2 116.9 101.4 71.2 66.3 78.4 101.6 116.1 118 114.7 114 128 132.2 131.8 128.9 122.5 131.7 135.7 138.5 141.9 145.3 146.8 148.6 150.6 152.5 154.8
-1.2 -1.2 -1.2 -1.2 -1.2 -1.2 -1.2 -1.2 -1.2 -1.2 -1.2 -1.2 -1.2 -1.2 -1.2 70.4 104.7 144.2 165.9 170.5 169.9 166.1 164.5 161.5 157.5 153.8 141 110.7 79.5 50.8 27.8 19.5 13.9 23.5 35.3 42.3 53 66.8 82.3 96.3 105.6 111.9 114.8 116.7 117.8 117.5 117.1 116.8 116.5 116.6 116.9 118.2 118.8 119.3 119.3 118.9 113.7 87.5 65.9 67.2 74.1 85.6 85.9 83.3 94.2 115.7 128.8 129.2 123.6 121.2 132.4 135.9 139.2 143.1 145.6 147.9 150 151.9 154 156.4
-1.2 -1.2 -1.2 -1.2 -1.2 -1.2 -1.2 -1.2 -1.2 -1.2 -1.2 -1.2 -1.2 -1.2 47.1 86.4 124.9 156.1 169.3 169.1 166.6 164.2 161.1 158 155.1 151.1 134.5 104.5 74.6 46.6 28.6 22.2 16.8 29.7 44 54.4 59.8 68.1 76.6 86.7 101.5 110.5 114.5 117.2 118.8 119.6 119.5 119.4 118.3 118.3 118.4 119.3 120 120.4 120.5 121 119.1 108.2 90.9 77 74.5 78.6 76.7 76.7 81.9 97.7 115.4 123 116.3 121.3 131.7 136 140.1 143.5 145.6 148.8 151.3 153.3 155.9 158.6
-1.2 -1.2 -1.2 -1.2 -1.2 -1.2 -1.2 -1.2 -1.2 -1.2 -1.2 -1.2 -1.2 43.3 79.1 110.8 138.1 164.2 167.4 165.4 162.9 159.9 156.5 154.2 153.9 153.6 130.4 102 71.7 43.2 28.9 23.3 22.4 30.4 49.7 64 76.6 85.2 90.3 93 96.8 110.4 114.4 118 120 120.8 120.9 121 120 119.7 119.8 120.3 121.2 121.6 122 122.5 122.2 120.1 117.4 107 100.4 98.5 99.9 100.5 89.8 85 100.6 113.6 111.6 126.8 132.5 136.5 140.7 143.1 146.1 149.8 152.3 154.5 157.3 160.2
-1.2 -1.2 -1.2 -1.2 -1.2 -1.2 -1.2 -1.2 -1.2 -1.2 -1.2 -1.2 -1.2 68 102.1 139.5 164.6 169.1 166 162.8 158.5 155.3 153.1 152 152 145.9 126.1 98.8 69.2 41.5 29.3 24.8 23.7 26.8 53.5 71.3 86 95.1 100.4 102.3 99.4 113 115.2 118.7 120.9 121.6 122.1 121.7 121.6 121.6 122.6 122.6 122.7 122.9 123.2 124.1 124.4 124.4 124.2 124.4 123.1 123.3 122.9 122.9 115.5 89.3 95.4 106.1 112.4 120.8 127.9 133.9 135.3 140.2 146.5 149.9 152.6 155.2 158.4 161.3
-1.2 -1.2 -1.2 -1.2 -1.2 -1.2 -1.2 -1.2 -1.2 -1.2 -1.2 -1.2 61.7 93.7 132 161.6 175.2 170.9 165.2 162.6 155.8 152.7 149.7 147.4 142.3 134.9 117.9 95.7 68.8 40.2 30.8 26.6 25.2 24.4 56.3 76 93.5 101.1 107.2 104 104.7 114.7 116.1 119.3 121.6 122.3 123 123 124.3 124.3 125.3 126.1 126.5 125.5 125.1 126.1 126.5 126.6 126.7 127.7 128.7 128.9 129.1 128.5 126.1 107.7 92 88.3 89.7 90.8 96.4 114.2 125.3 136.9 146.1 149.7 152.5 155.6 159.3 161.8
-1.2 -1.2 -1.2 -1.2 -1.2 -1.2 -1.2 -1.2 -1.2 -1.2 -1.2 46.7 84.1 121.8 151.3 175.4 179.4 174.2 167.9 161.8 155.9 150 144.9 134.6 125.7 116.5 102.9 85.9 62.5 42.1 33.3 28.5 27.1 25.5 55.7 79.8 97.7 104.9 110.1 101.3 108.3 115 117.3 119.8 121.6 122.8 123.9 124.2 125.4 126.9 128.4 129 129 129.4 128.1 128.3 128.9 128.9 129.1 129.7 130.3 130.8 131.2 130.6 128 122.4 107.9 98.3 97.2 96.5 94 93.7 106.7 131.5 145.1 148.9 152.3 155.6 158.7 161.2
-1.2 -1.2 -1.2 -1.2 -1.2 -1.2 -1.2 -1.2 -1.2 -1.2 39.7 75.9 112.7 148.6 170.9 182.2 180.2 176.4 169.9 163.8 156.7 148.8 141.6 123.8 115.6 103.8 89.9 74.6 60.2 45.4 36.7 29.8 27.9 24.4 54.7 81.7 99.5 104.2 94.5 97.5 112.1 113.9 117.6 119.8 121.4 122.5 123.8 125.7 127.2 128.4 130.3 131.6 132.6 133.6 132.6 131.5 132.2 132.3 131.7 131.9 131.7 131.9 131.8 131.1 128.3 123 106.6 106.9 106.8 102.6 100.2 95 95.7 113.1 141.7 147.7 151.2 154.6 157.6 159.8
-1.2 -1.2 -1.2 -1.2 -1.2 -1.2 -1.2 -1.2 -1.2 -1.2 71.2 102.7 130 169.4 181.9 183.5 182.8 179.8 173.3 166.2 159.8 152.9 146.2 135.2 113.4 98.1 84.7 72.8 62.2 53.5 40.1 30.1 29.5 26.4 47 79.4 92.1 85.8 77.3 80.2 94.6 108.5 116.9 119.3 121.2 122.5 124.2 126.5 128.5 130.9 133.2 134.8 135.9 136.9 137.7 137.5 137.1 136.7 135.4 133.8 133.2 133 132.3 130.2 127.2 120.3 112 116.3 112.1 109.1 106.2 101.7 96.5 96.2 125.1 144.9 149.5 152.8 156.1 158.8
-1.2 -1.2 -1.2 -1.2 -1.2 -1.2 -1.2 -1.2 -1.2 69 96.1 130.6 164 179.2 183.4 185.3 185.4 181.9 176.6 170.2 164.2 159.9 153.5 146.3 134.7 118.2 105.7 96.3 89.9 75.1 52.2 34.4 30.8 27.9 41.5 77.3 68.1 59.3 51.9 58.2 70.9 89.7 110.2 118 120.8 122.5 124.7 127.2 130.4 133.1 135.8 138.1 139 140.2 141.5 141.5 141.2 140.4 138.4 136.3 134.5 133.7 132.9 130.1 126.9 118 122.8 122.2 119.6 117.3 113.8 107.9 102.9 97.6 106.2 135.4 147.4 150.6 154.5 157.4
-1.2 -1.2 -1.2 -1.2 -1.2 -1.2 -1.2 -1.2 55.7 90.7 120.1 148.4 173.7 183 185.8 187.4 185.7 183.1 178.9 173.5 168.5 164.4 160.3 153.4 145.6 136 127 119.3 107.8 88.8 64.2 40.5 32.4 29.9 30.3 41.6 39.5 38.4 40.5 44.6 51.9 68 88 107.1 119.9 122.6 125.8 129 132.8 136 138.8 141.3 142.5 143.7 144.6 145.1 145.2 143.5 140.8 139 136.9 134.8 133.5 131.7 128.1 124.9 127.7 127 125 123.9 121.5 113.6 108.6 103.4 98.8 113.6 141.5 148.9 153.6 155.5
