public/OST50/SN35.asc
ncols 200
nrows 200
xllcorner 230000
yllcorner 250000
cellsize 50
[rows 140 to 174 of 200, columns 0 to 79 of 200]
130.2 128.3 125.4 122.6 120.5 116.3 114.9 116.1 119.1 123.4 127.5 130.7 130.7 128.7 128.6 129.4 131.4 135.2 134.9 134.7 136.4 138.3 139.8 140.2 139.3 139.2 142.3 146 150.6 153.5 154.7 155.2 154.7 154.3 152.8 151.6 150.9 151.4 151 152.2 153.2 154.5 155.9 160 164.2 168.7 173.6 177.8 183.1 187.8 192.4 196.1 199.7 202.9 205.7 208.2 210 211.9 213.8 215.5 216.7 217.1 217.5 217.7 218.5 219.3 220.6 222 223 223.4 223.1 222.7 222.9 221.8 219.1 216.4 214.2 212.4 209.8 207.1
131.2 130.5 128.8 127.1 125.6 121.9 118.8 117.6 119 123.5 126.6 128.9 126.9 127.4 128.9 130.4 136.1 136.8 136.7 137 138.6 140.6 142.1 142.1 141.8 141.5 143 145.9 149 151.6 153.6 154 153.4 152.8 152.3 152.8 153.1 153.6 154.6 156 157.8 159.3 157.6 163.1 166.8 171 175.3 180.7 185.7 190.9 195.4 199.7 203.1 206.3 209.1 211.3 213.4 215.1 217 218.3 219.9 220.1 220.1 220.1 220.6 221 221.9 223 224.2 224.3 224.3 223.7 223 221.8 219.6 217 214.8 212.6 209.8 204.6
134.9 135.3 134.8 132.4 130.5 127.2 123.1 119.7 120 122.3 124.8 124.9 127 131.5 133.2 135 136.9 136.3 137.4 138 140.4 142.4 143.9 143.4 142.8 143.1 143.1 145.5 147.9 149.9 151.3 152.4 152.1 152.4 153.6 154.2 155.4 157 158.9 160.1 161.1 162 163.6 165.8 169.2 173.3 178.2 184 188.7 193.3 198.2 202.2 205.7 209 211.9 214.2 216 217.7 219.2 220.3 221.3 222.2 221.9 222 222.2 222 222.6 223.7 224.4 224.6 224.5 224.6 223.4 221.7 219.5 217.9 215.1 212.6 209.7 205.7
140.4 140.2 139.7 138 135.5 131 126.4 122.1 120.9 120.5 121.8 125.6 130.3 131.6 134.1 135.4 136.4 136.3 137.4 138.7 141.8 144.4 145.7 145.1 144.4 144.5 145.5 146.2 146.4 148.2 150.5 150.7 151.7 153 155.4 157.6 159 161.2 162.9 164.4 164.9 165.9 166.4 167.5 171.2 176.3 182 186.8 191.5 195.9 200.4 204.9 208.4 211.8 214.6 216.6 218.5 220.1 221.6 222.9 224 224.8 224.1 223.8 223.5 223 222.5 223.3 223.6 223.6 224.2 224.6 222.4 221.5 219.5 217.2 215.2 212.5 208.8 198.5
145.3 144.7 143.9 141.8 139.5 136.8 129.9 124.5 122 120.9 122 126.5 130.1 132.4 135.1 136.7 136.4 137.1 138.8 140.7 142.9 145.1 146.6 146.8 146.3 146.4 146.8 147.6 148.1 148.8 150.2 151.4 153 155.1 157.7 160.3 163.5 166.6 168.4 169.4 169.1 168.7 169.6 170 173.4 178.9 184.7 189 194.7 199.6 204.1 208.1 211.3 214.6 217.2 219.1 220.9 222.5 223.9 225.2 226.2 226 225.3 224.7 224.2 223.6 223.1 222.9 222.6 222.5 223.2 223.5 222.1 220.9 219.3 217.8 215.1 212.8 211.4 196.1
148.7 148.8 147.4 144.8 142.2 139.1 132.4 126.7 123.9 120.6 121.8 126.2 130.5 134.1 137 138.5 137.8 138.1 139.6 142 144.1 146.4 148 148.3 148.3 148.4 148.2 149 150.2 150.8 151.4 152.9 154.7 157.4 160.7 165.4 168.9 171.9 173.5 173.9 172.8 170.9 172.2 172.1 175.2 180 186.3 192 197.5 203.1 208.2 212 215.4 217.9 220.1 222 223.6 225.2 226.1 227.2 227.5 227.2 226.5 225.9 225.1 223.5 222.7 222.3 221.8 221.3 221.6 221.6 220.6 220 219.2 217.9 216.4 214 210.6 202.1
151.5 151.5 149.4 147.2 144.7 141.3 136.6 128.3 126 122.7 122.3 126.3 131.6 135.8 138.6 138.8 138.7 139 140.3 142.5 146.2 149.7 151.2 150.9 150.9 150.4 150.2 150.6 151.3 151.7 153.4 155.2 157.5 160.2 164.6 169.8 174 176.6 178.1 178.9 177 175.2 175.2 175.9 176.8 181.7 188.6 194.9 201.8 208.2 212.6 216.5 219.8 221.9 223.5 225 226.2 227.4 228.2 228.8 228.8 228.4 227.7 226.9 225.5 223.8 222.4 221.4 220.8 220.2 220.3 219.6 219.2 219.2 218.6 217.9 216.5 214.7 211.8 200.1
153.8 153.6 151.4 149.1 146.2 143.3 139.9 131.6 127 124 122.5 127.4 133.6 136.8 138.2 138.2 138.5 139.1 140.1 143.1 146.9 151.4 154.3 153.9 153.5 152.2 151.9 152 152.9 154.2 155.8 157.3 159.5 163.9 169.3 174.1 177.9 180.4 182.4 183.2 182.1 179.7 178.4 178.8 180.1 183.7 190.9 198.9 206.2 212.2 216.9 220.9 223.7 225.9 227.1 228 229 229.2 229.8 230.3 230 229.5 228.6 227.5 225.9 224.1 222.3 220.6 219.8 218.7 218.1 217.7 217.9 218 217.7 217.2 216.2 214.6 212 198.8
154.8 155 153.4 150.4 147.9 144.3 141.1 134.3 127.7 122.9 120.9 127.7 134.9 136.2 137.5 137.6 137.7 138.6 139.9 142.9 146.4 152.7 155.3 155.8 155.1 154 153.9 154 155 156.3 157.8 159.2 161.6 166.8 172.3 176.4 180.7 183.8 185.5 185.8 186.2 184.6 183 182.6 183.9 187.2 192.4 201.3 209.4 215.9 221.1 225.2 227.9 229.8 230.5 230.9 231.1 231.3 231.7 231.6 231.3 230.4 229.4 227.9 226.2 224.5 222.6 220.7 218.6 216.1 215.5 215.3 216.2 216.4 216.1 215.6 214.7 213.2 210.5 200.1
155.4 155.2 153.7 151.6 149.3 145 141.6 135.3 126.2 122.3 120.1 126.1 133.5 135.7 136.7 136.7 136.7 137.7 139.9 142.8 145.7 150.7 155.1 156.7 156.5 156 155.7 156.3 157.2 158.3 159.4 160.7 164.3 169.1 173.4 177.9 183 186.1 187.2 188.1 189.8 189.9 188.4 187.4 187.4 190.7 194.8 203.4 212.6 219.7 226.1 229.8 232.2 233.7 234 233.3 232.6 232.5 233.2 232.9 232.1 231.5 229.9 228.3 226.6 224.8 222.7 220.6 217.8 215.1 212.8 213.2 214.1 214.1 214.4 213.6 212.5 210.7 208 202.1
154.7 155.9 153.9 151.6 148.1 143.9 139.4 132.7 126.9 121.9 118.8 123.2 131.1 134.5 134.9 135.4 135.4 137.1 139.6 142.4 144.7 148.6 155.1 157.3 157.5 157.5 157.2 157.9 158.4 159.2 160.4 162 165.5 170.4 174.3 178.8 183.2 186.6 188.5 190.6 192.7 194.3 193.6 192.9 191.9 194.1 198.1 206 214.9 223.2 230.1 234 235.7 236 235.7 234.6 234 234 234.3 233.8 232.7 231.7 230.2 228.7 227 225.3 223.3 220.3 217 213.8 211.8 210.8 211.7 211.6 212.2 211.6 209.7 208 205.4 200.6
154.1 156.5 152.9 149.8 145.4 142 137.4 131.6 127.6 121.7 117.3 119 129.5 131.1 130.1 132.2 135.3 136.9 139.1 141.4 143.5 148.6 155.2 157 158 158.4 158.5 159 159.5 160 160.6 162.8 167.2 170.8 174.8 179 183.5 186.7 190 192.8 195.7 198.2 198.7 198 196.7 197.7 201.3 208.5 217.8 225.2 231.9 234.9 236.5 236.9 236.7 235.9 235.4 235 234.8 234.7 233.6 231.8 230.2 228.7 227.2 225.5 223 219.8 216.3 213 209.1 208.2 209.7 210.4 210.1 209.5 207.5 205 202.9 198.3
136 146 149.5 146.8 142.8 141 136.7 131.2 126.1 123.1 118.8 116.1 125.1 125.1 127.8 130.9 134.2 137.7 139 140.6 143.2 147.6 153.7 155.9 157.2 157.8 158.6 159.7 160.2 161 162.2 164 168 171.4 172.9 175.8 179.6 185.9 191.8 195.7 199.7 201.8 202.6 202.6 202 202.6 204.7 212.3 219.9 227.5 232.5 235.5 237.1 237.9 237.6 236.3 235.5 234.5 234.5 234 233 231.6 230.1 228.8 227.2 225.2 222.5 219.2 215.3 211.2 207.4 205.4 206.5 207.4 207.7 206.9 205.7 203.3 200.9 197.3
112 125.5 131 138 139 137.8 133.1 129.3 125.3 122.8 114.9 114.8 119 122.4 128.4 130.3 134.8 136.4 138.1 139.6 142.6 146.4 150.8 153.9 156.8 158.8 160 160.8 160.9 162.1 162.2 163.4 155.1 151.2 148.7 148.3 152.1 158.8 169 184 200.1 204.6 206.2 207.5 207.5 208.5 210.1 216.4 222.7 228.8 232.9 236.2 238.4 238.6 237.3 235.8 234.2 233.2 233.7 233.5 232.4 230.6 229.5 228.3 226.8 224.8 221.7 218.3 214.8 210.6 206.2 203.9 202.3 203.6 204.3 204 202.4 201.3 199.7 196
85.5 97.3 107.9 117.1 127.8 131.7 130.6 128.7 124.5 120.7 111.6 114.2 118.3 120.6 123.3 127.2 129.5 131.1 134.7 136.9 141.2 146.6 150.9 155.9 160.1 162.1 161.3 162.3 162 159.4 149.2 140.1 132.5 129.4 128.9 130.3 132.8 137.4 143.9 154.9 168.6 183.1 198.9 213.3 213.6 214.2 215.4 219 224.7 229.7 234.3 236.7 237.3 236.6 235.2 232.9 231.4 230.8 231.9 231.6 231.2 229.8 228.7 227.7 226.3 224.2 221.3 217.8 214.2 210.8 205.9 203.7 201.7 198.1 200.4 199.8 200.1 199.6 198 193.9
64.6 65.4 78.7 94.4 110.2 125.2 127.8 126.7 123.2 113.3 110.1 114 117.3 117.2 116.6 117.9 117.8 120.3 125.3 128.5 138 142.6 145.6 152.6 155.5 154.2 153 148.1 141.1 132.6 126.6 122.2 120.9 119.6 120.2 122.4 124.5 127.7 132.7 138.2 146.6 155.2 168.4 181.6 192.5 205.5 217.1 222.2 227.8 231.9 234.7 235.7 234.6 233.6 227.5 225.9 225.2 226.1 227.1 228 229 229 228.1 227 225.6 223.5 220.7 217.3 213.5 210.3 207.7 205 202.1 198.7 195.2 196.1 197.2 197.4 193.9 193.4
56.4 61.9 65.4 65.2 87.5 110.5 120.8 120.6 118.6 105.4 109.9 113.4 114.6 113.5 110.7 109.5 110.2 112.5 115.2 117.6 118.3 119.9 123.7 127.8 127.9 130.3 130.6 125.2 119.4 117.5 116.2 115.4 114.1 112.1 111.4 113.8 117 119.8 124 129.6 136.4 144.5 154.1 164.4 177.2 198.7 215.4 213.5 222 220 217.3 213.6 209.7 209.1 208.2 213.2 215.4 217.3 220.8 223.5 226.2 227.3 227.1 226.3 225.1 223.1 220.4 217.4 214 211.3 209.2 207.2 203.8 200.3 196.7 192.1 193 192.4 191.7 195.8
63.4 66.2 68.8 72 67 80.7 96.3 108.7 106.9 98.2 108.9 110.6 111 108.6 106.3 104.3 104.2 105.4 108.1 109.5 109.3 109.3 110 110.4 109.6 111.1 111.1 111 112 111.1 110.6 109.3 106.3 107.3 114.3 111.9 112.1 113.1 114.9 120 126.2 134.4 143.9 153.8 160.8 169 173.9 179.9 185.1 187.1 186.4 182 181.5 183 186 195 200.1 205.4 212.1 218 223.1 225.4 226 225.6 224.6 222.9 220.3 218.1 215.8 213.4 211.1 208.4 205.2 200.7 197.4 194.2 188.6 188.6 192.2 196.1
66.6 70.5 74 74.5 76.3 77.5 74 84.2 94.2 91.5 104.8 107 106.2 104.5 102.4 101.1 99.8 101.9 103.7 104.2 104.9 105 105 105.2 104.4 103.5 104.8 106.5 106 107.2 104.1 107.8 110.7 113.8 115.1 114.5 115.9 117 116.9 113.6 116.5 120.6 125.8 134.1 140.1 145.5 149.4 153.6 157.2 159.5 160.1 158.9 159.9 163.3 167.4 176.8 188.4 196.4 205.3 213.6 220.5 223.5 224.7 225.4 224.7 223.4 222 220.1 217.9 215.3 212.8 209.8 206.4 202.2 197.8 192.7 189.4 186.2 195.8 199.1
65.7 71 74.8 76.7 78.2 81 79.5 74.9 78.4 82.9 94.4 101.6 102 100.5 97.5 96.4 94.8 98.5 99.9 100.9 102.4 102.3 102 101 100.9 101.1 102 103 102 103.4 107.2 111.9 113.9 116 117.8 117.9 116.6 115.8 114.6 114.2 114.3 115.3 117.1 121.4 126.7 133.3 137.8 140.7 143.4 145 146.6 148 151.3 154.1 161.7 174.4 185 193.4 204.3 211.8 218.7 221.6 224.1 225.4 225.1 224.2 222.9 221.1 218.8 216.4 213.8 210.6 207.1 202.9 197.8 189.6 186.5 184.3 196.5 198.7
69.4 72.6 76.5 78.9 81.5 83.9 85.6 86.1 85.7 80.1 80.7 83.3 84 85.7 85.8 91.2 90.1 95.3 98.2 100.1 100.8 100.1 99.4 99.2 98.5 100.2 99.5 100.4 101.8 102.9 107.4 112.7 115.6 117.7 119.7 119.9 118.8 116.5 113.4 114.5 114.1 115.6 116.6 117.6 120.3 124.7 128.3 132.5 135.7 137.8 139.6 144 151.3 163.6 177.1 183.7 189.6 197.4 205.8 212.6 218.6 222.4 224.9 226.8 226.4 225.5 224.1 221.9 219.7 217.1 214.4 210.8 206.8 202 196.1 184.7 183.2 184.2 191 198.8
77.1 75 78.3 81.1 85.3 85.7 86.4 88 90.2 90.2 90.3 88.4 91.6 94 94.2 97.7 99 90.7 93.6 95.3 94.2 95 96 96.8 97 99.3 100.2 101.6 103 105.6 108.3 112.3 115.6 118.5 121.2 123 122.1 120.9 119.5 116.6 115.2 115.5 117 118 120 122.1 124.7 128.8 131.8 137.6 143.6 149.4 161.7 171.7 179 184.7 190.3 196.1 204.2 212.5 219.1 222.6 226.3 228.2 227.9 226.8 225 222.8 220.6 217.9 214.1 210 206 200.2 191.8 182.9 181.7 192.4 197.9 200.4
92.8 82.2 81 83.3 87.1 87.4 87.9 89.3 91.5 93 97 97.9 95.7 103.3 102 102.8 102.2 98.9 98.1 100.2 99.4 102 101.1 101 100.4 100.9 102.9 105.7 106.8 107.8 109.1 113.2 116.5 120 122.6 124.6 125.7 124.6 123.3 122.4 121.8 121.6 121.5 123.4 121.8 122.6 129.8 135.2 140.4 146 153.8 160.7 166.6 173 179.8 183.7 188.5 194.9 201.8 210.9 218.1 222.7 226.6 228.2 228.4 227.2 225.6 223.5 220.9 217.6 214 209 203.7 198.1 188.6 180.3 183.5 195.2 198.3 200.5
106.5 100.3 87.7 85.2 88.8 89.7 90.6 94.1 96.2 97.4 100.4 100.4 96.3 104.2 105.1 104.9 104.1 103.9 104.1 103.6 106.8 107.7 109 107.1 105.1 105.2 106.6 107.9 110.9 112.4 110.2 113.7 116.5 120.2 123.4 126.8 130.7 130.8 128.7 128.4 131.5 132.8 134.2 130.6 125.6 124.4 131.7 138.2 143.8 150.3 158.3 163 167.9 172.8 179.2 183.3 186.2 192.6 199.7 208 216.6 221.5 225.1 227.5 228 226.7 225.3 223.1 220.4 217.2 212.9 208.1 201.9 195.1 185.3 179.4 189.5 194.6 198.4 201.2
110.4 104.3 93 87.1 90 92.6 94.8 98.1 99.2 101.8 103 102.8 95.4 102.3 103.1 106.9 108.1 109.8 108 110.3 112.4 113.8 115.4 111.9 111.4 109.7 110.3 110.9 114.9 116.4 117.8 118.3 120.7 123.6 127 133.6 141.4 144.4 143.7 140.3 145.3 148.2 149.9 149.1 140.6 128.7 130.1 140.8 150.9 157.1 162.2 165.8 169.2 171.4 176.7 181.2 184.3 190.4 196.1 203.6 212.8 220.5 223.4 225.4 225.8 224.9 224.2 221.9 219.1 215.4 210.8 206 200.2 189.7 179.2 179.7 189.1 193.7 198.7 201.7
112.1 102.7 94.1 91.3 94.1 97.4 100 103.1 104.2 105.5 106.2 105.1 97.6 102 104.3 107.6 110.2 111.6 111.9 112.5 116.5 118.3 118 115.7 114.1 114.5 113.6 116.2 119.4 122.4 123.9 125.9 128 131 137 146.7 154.2 157.9 158.4 157.5 158.7 161.7 162.5 161.5 159.4 142.4 132.2 136.5 154 160.6 164.4 166.9 168.7 170.7 173.2 178.1 182.3 187.2 192.6 199.3 207.2 215.1 219.5 221.9 223.3 223.5 223.2 220.9 217.6 214 209.6 204 194.5 181 177.9 179.9 187.7 193.3 197.9 200.8
111.7 102.9 94.6 94.2 98.1 103.8 107.5 108.6 108.9 110 109.3 106.2 99.2 103.2 106.2 109.5 112 113.9 114.6 115 119 119.7 119 118.1 118.2 118.3 119.6 121.3 124.3 129 134.2 137.5 141.8 146.1 151.1 159 165 169.6 173.8 173.8 174.8 175.3 174.7 174 171.6 160.3 144.8 136.3 145.2 160.4 163.3 162.7 165.5 167.5 169.7 173.6 180 185.6 190.4 196.1 202.7 210.1 214.6 218.2 220.9 221.8 221.7 219.6 216.4 212.4 207.1 200.3 186.5 178.1 175.4 180.2 185.4 191 195.8 197.7
113.6 103.8 96.3 97.5 106.5 112.3 114.4 114.6 113.4 113.4 111.7 108.3 100.8 105.5 107.5 110.9 113.8 115.8 117 116.9 120.7 121.2 121.5 121.1 121.7 122.7 125 126.7 129.2 138.1 145.6 152.7 154.3 159.7 165.9 172.1 176.9 182.4 184.8 186.6 187.1 187.7 186.6 184.6 181.8 177.4 163.9 150.9 141.6 147.5 151.8 154.2 158.3 166.1 170.9 176.3 181.2 185.1 190.3 194.6 200.6 207.3 212.4 216.8 219.8 220.7 220.3 218.7 216.2 211.7 205.7 198.4 186.5 176 174.2 178.7 182.2 187.3 192.5 195.6
117.6 103.8 100.1 102 115.2 118.6 118.9 118.1 117.6 116.8 115.5 112.3 108 103.8 107.6 111.1 115.2 117.8 119.1 119.7 122.3 123.8 124.7 124.9 127.2 132.2 136 137.9 141.1 146.4 158.2 164.1 168.6 172.6 177.8 183.2 187.2 190.2 192.7 194.9 196.3 196 195.5 194.1 190.6 186.4 178.6 167.3 159 154.4 153.4 163.3 166.3 168.3 174.7 181 184.9 188.6 193 197.2 202.8 207.7 212.7 216.5 219.3 219.9 219.1 217.4 214.4 211 206.3 199.4 187.7 174.6 173.3 177.9 183.5 188.5 193.1 197.2
120.3 104.9 103.2 109.8 120.4 122.9 122.4 121.8 122 121.2 119.9 116.1 109.5 105.6 106.3 112.5 117.5 120.1 121.9 123.1 124.9 126.7 128.3 132.8 138.2 143.3 147.9 153 153.2 160.2 167.6 172.9 177.9 182.7 186.2 189.2 192.8 196.2 199.1 201.1 201.6 201.6 200.8 199.6 196.7 192.9 187.7 181.4 173 167 163.1 167.3 170.5 173.7 178.7 184.1 187.9 193.4 198.4 201.7 206 210.7 215 217.9 219.4 219.5 217.9 216.3 213.8 211.5 205.6 200 194 176.6 172 178.6 188.3 193.7 196.9 199.7
116.8 105 108.6 117.7 125.5 127.6 127.5 127.4 126.7 125.8 124 121.1 112.4 106.7 107.4 115.5 120.8 123.4 125.1 126.7 129.4 132.1 137.1 143.4 148.9 155.3 161.2 165.3 168.1 170.9 175.1 179.8 184.5 188 191 194.1 197.8 201.2 203.3 205 205.3 205.3 204.9 203.5 201.5 198.2 193.9 188.5 181.4 175 172.3 172.9 175.6 179.7 184 188.5 191.9 198.1 202.9 207.7 211.1 215 218.8 220.6 221.1 220.4 218.7 215.9 213.5 210.2 203.7 199.9 190 175.6 172.1 178.6 190.2 196.1 199.2 202.3
110 107.8 115.1 124.6 132 132.7 132.6 132.4 131.1 129.7 126.8 121.5 114.5 108.7 109.6 120.4 124.9 128.6 130.7 132.1 130.8 136.5 145.9 153 159.9 164.9 169.3 173 176.4 178.9 181.3 184.9 188 191.7 195 198.5 201.7 204.4 206.5 208.2 208.5 208.4 208.3 207.6 205.1 203 198.2 194 186.9 182.7 181 182.1 182.9 185.4 189.1 193.8 197.7 202.2 207.6 212.5 216.3 219.4 222 223.1 223.3 222.2 219.6 215.9 212.2 208.7 202.7 196.2 181.5 169.9 170.3 183.5 195 198.4 200.7 202.8
113.2 113.3 128.3 135.5 137.4 137.9 137.4 137.1 136.7 134.2 128.4 121.9 113.9 112.7 114 123.1 130.7 135.2 137.3 140.6 138.2 143.5 153.8 161.1 166.5 171.2 175.5 178.7 181.7 183.9 186.1 188 191.6 195.4 197.9 200.7 204 206.8 208.7 209.6 210.1 210.6 210.6 210.2 209.5 207 203.9 199.4 194.9 192.3 191.3 191.3 191.3 192.6 195.8 199.1 203.1 207.4 213 216.9 220.3 223.3 224.3 226 224.8 223.1 220.1 215.3 211.3 208.1 203.2 191.8 175 167.8 171.5 185.7 195.4 199.4 201.5 203.5
129.9 118.8 136.3 140.9 142.8 143 142.7 141.6 141.6 137.8 131.4 125.3 123.7 123.6 120.2 129.5 137.2 142.3 146.8 149.1 150.2 145.7 160.4 165.6 170.5 175.1 179.2 182.7 184.9 186.5 187.8 190.5 193.9 196.9 200.1 203.1 205.8 208.1 209.4 210.6 211.8 212.1 212.4 212.9 213 211.8 209 205.3 201.8 199.7 200.2 200.3 200.6 203.3 204.7 206 210.2 214.1 218.3 221.8 224.9 226.5 228.1 228.2 227.1 223.8 219.5 216.2 211.8 208.1 203.4 191.2 172.8 166.9 171.7 185.9 195.8 199.9 201.9 203.7
139 131.2 139.4 145.4 147.5 147.7 147.7 147.2 145.8 140.3 136.4 138.2 140.5 140.5 134.6 132.4 137.9 148.2 153.3 156.8 159.2 153.2 164.1 168.4 172 177.5 181.8 184.5 186.4 189.4 191.4 192.1 195 198 201 203.6 206.3 208.1 209.5 210.9 212.2 212.6 213.6 214.8 215.5 215.1 214.1 212 208.3 208.3 208.2 210.3 211.3 213.4 214.7 215.8 217.4 221.4 224 226.1 227.8 229.5 229.6 229.3 227.1 224.1 220.6 216.7 212.2 208.1 202.8 187 170.8 166.2 172.7 187 193.9 199.8 202 203.8
