public/OST50/SN42.asc
ncols 200
nrows 200
xllcorner 240000
yllcorner 220000
cellsize 50
[rows 0 to 35 of 200, columns 0 to 79 of 200]
149.2 153.9 159.6 161.4 156.5 149.9 141.8 132.4 128.6 127.5 124.5 120.9 120.5 120.5 118.1 113.7 111.2 110.1 108 103.6 99.8 97.2 95.5 92.2 94.9 95.8 99.3 104.4 108.2 113.4 117.9 120 120 116.5 108.8 94.8 92.5 91.2 88.6 89.8 92.5 95.8 98.3 100.2 100.5 99.6 87.4 93.5 95.7 97.4 100.4 100.7 99.6 103.2 103.6 105.5 104.9 106.7 108.8 109.4 111.7 112.5 113 115.6 114.8 114.6 115.7 117.8 119.4 124.6 133.9 142.5 150 154.9 155 159.5 160.4 159.9 156.6 151.2
152.8 144.4 147.1 148.3 144.3 138.6 133 128 126.6 126 123.2 116.5 117.8 114.8 113.9 112.1 109.4 107.6 105.6 102.8 99.5 95.6 92.5 91 90 93.4 96.3 102.5 107.1 112.6 117.4 119.3 118.1 114.1 106.8 95 91.5 91.6 88.9 90.1 91.9 93.6 95.6 97.2 95.1 90.3 87 97.3 97.5 97.9 99 99.8 100.8 103.7 104.1 106.6 107.5 108.2 110.2 111.5 113.7 118.5 124.5 125.5 122.8 117.6 118.1 119.2 120.2 123 129 141.7 151.1 159.5 162.1 162.9 163.2 162.9 160.6 155.2
158.2 149 141.8 140.6 136.9 134.7 133.5 132.1 131.6 128.8 124.9 123.4 118 114.7 109 108.2 106.9 105.4 104.2 101.8 99.4 95.3 91.8 90.4 87.9 90.8 95.1 101.7 106.5 111.2 116.4 118.1 116.4 107.8 101.7 93.3 91 90 88.4 89.8 89.8 91.6 93 92.5 84.8 87.7 94.5 97.6 96.8 98.9 100.5 101.1 102.1 103.9 107 107.7 108.8 110.5 112 113.3 115.9 120.4 123.9 124.8 124.6 122.8 122.9 124.1 127.4 135.2 139.2 145.3 152.7 159.9 164.8 166.6 166.9 166.6 165.1 159.8
168.2 156.7 151.4 143.5 140.6 138.4 137.7 136.5 134.3 132.2 126.5 124 121.3 118.2 113.9 107.5 103.9 103 102 100.5 98.2 96 91.9 89 86.2 90.9 95.3 99.4 103.7 109.6 113.7 115.5 114.7 107.2 102.8 94.7 90.2 88.7 87.4 88.9 89.2 89.7 90.1 88.9 87.5 93.3 95.1 96.3 98.3 99.4 100.1 100.4 102.4 106.9 107.1 109.1 110.8 112.5 113.7 115.1 116.9 118.6 121.1 122.7 124.1 125.1 127.8 131.9 137.7 145.3 151 156.5 161.2 165.5 167.9 169.7 171.7 171.2 168 160.5
170 161.2 155.5 148 144.8 142.4 141.8 139 136.9 134.4 131 127.3 122.9 118.7 116.5 109.5 102.6 100.1 99.8 98 96.6 94.4 91.8 89.8 86.9 90.3 94.4 98.5 102.2 106.9 110.1 111.7 105.5 108.9 103.5 92.6 89.1 88.4 86.9 88 88 88.3 87.8 84.3 87.5 92.9 95.7 96.3 95.8 99.1 99.6 100.3 103.4 104.9 107.4 109.4 110.7 111.4 113.4 114.6 116.8 117.9 118.7 121.4 124.3 127.8 134 140.6 147.1 153.7 160.1 165.6 170.6 173.7 176.1 177.6 177.9 175.9 172.3 166.1
168.9 162.6 157.1 152.6 147.4 146 143 140.3 137.7 134.1 131.4 127.9 120 119.1 114.4 109.5 102.8 99.4 97.8 97 95.8 94.1 92.3 89.7 86.7 89.4 91.7 97 99 102.5 105.1 101.4 107.4 105.7 100.9 89.9 88.8 88.3 86.4 87 87.1 87 86.7 83.6 87 90.2 92.9 94.1 95.8 95.4 97.1 99.6 102.2 105.2 107.2 108.5 110.6 112 112.4 114 116.5 118 119.9 123.3 126.3 134.1 140.9 147.6 154.7 161.3 167.5 172.9 177.8 181.4 183.4 183.8 182.3 179 174.6 169.6
166.9 160.8 156.4 151.9 148 143.8 140.4 137.1 133.9 131.3 127.6 121 117.7 116.5 113.2 108.1 101.8 97.3 94.9 94.3 93.4 92 90.6 88.9 87 87.7 90.9 94 96 97.3 99.6 100.8 100 95.3 89.1 88.7 89.7 90.7 86.4 85.6 86.4 86 86.1 84.9 90 91.7 91.5 93.8 93.2 95.8 97.5 98.5 99.6 101.7 104.4 107.5 108.3 110.5 111.7 115.4 116.6 119.1 122.6 127.6 132.8 140.3 147.5 154.5 161.5 167.9 173 178.4 182.3 186.2 187.8 188.3 186.9 183.2 176.1 169.4
163.9 157.9 153.5 148.7 142.9 138 132.8 129.6 127.3 124.8 120.3 115.2 116 113 109.4 105.2 99.5 96.7 94.7 93.6 91.4 90.6 88.7 87.3 86.5 86.1 89.7 91.8 93.6 95 99.1 96.9 93.9 87.2 88.1 90.1 94.4 93.3 87.3 83 85.6 85.1 83.9 85.4 87.4 87 89.5 91.5 93.2 96.9 97 99.9 102.3 104.4 107.5 110.2 111.4 113.4 115.2 117.9 122.3 127.2 131 133.8 138.5 144.8 153.1 160.2 167.4 172.7 177.9 182.5 186.9 189.6 191 191 190 186.3 179.8 168.7
158.6 154.6 149.9 143.6 136.4 130.3 125.7 120.8 120.2 117.6 114.6 114 112.7 109.4 105.5 100.3 97.9 96.7 96 94.9 93.9 92.9 91.1 89.1 85.1 85.5 86.3 90 91.4 91.4 90.9 89.1 86.7 88.6 92.5 94.6 95.3 94.1 86.6 84.3 85 85.1 84.5 89.3 89.9 91.1 91.6 91.4 94.8 97 100.4 103.2 106.3 109.4 112.1 115.5 119.7 124.4 127.4 131.7 135.2 137.9 140.8 143 143.7 150.7 156.2 163.6 170.5 175.9 181.1 185.8 189.5 191.8 192.5 192.5 191.4 187.9 181.4 168.1
156.3 150.7 144.2 137 132.4 126.3 121.8 118.4 114.7 114 110.6 111.7 110.4 106.5 102.7 101 100.2 99.2 98.8 98.7 97.6 96.1 93.5 90.9 86.9 85.3 85.5 86.6 87.9 89.5 87.2 86.7 87.4 90.6 93.7 94.3 94 91.7 88.8 82.7 84.1 82.9 88.2 89.4 90 90.7 91.6 92.5 95.8 98.6 103.8 108.2 113.3 117.5 123.7 128.7 133.8 138.5 141 143.2 146.2 148.2 149.2 148.6 150.4 154.3 160 166.5 172 177.1 181.8 187 190.9 192.5 193 193 191.6 187.9 181.7 172.1
152.3 144.7 139.9 135.4 130.8 126.6 124.5 121.4 115.2 109.2 107.7 108.8 108.2 106.3 104.5 103 102.5 101.9 102.9 102.4 101.6 99.5 97.1 92.6 88.8 86 85.4 85.1 92.1 85.4 85.8 85.3 87.4 90.6 92.4 92.6 92 89.8 87.1 82.5 82.4 86.3 87.9 88.8 90.1 90.8 91.9 93.3 97.5 103.6 111.6 118.6 124.1 129.5 134.1 139.6 145.3 149.5 152.2 153.8 155 155.9 156.8 156.8 159 161.6 165.5 168.8 174 178 183.1 187 189.5 191.4 191.6 191.5 190.1 186.7 181.3 174.5
150.5 145.6 140.9 137.1 133.1 128.5 121.8 116 111.5 106 105.1 107.7 107.6 108 108 108.3 108.1 107.7 106.4 105.6 104.5 103 99.7 94.9 90.6 87.4 84.5 89.5 83.2 83.7 84.1 85.1 87.4 89.2 90 90.5 91 87.9 84.1 81.8 83.3 85.9 87.5 88 89.6 91.2 92.8 94.6 100.9 110.4 118.3 125.5 129.9 134.7 141.1 148.1 152.2 155.4 159.2 161.8 162.5 162.5 163.2 163.5 166.9 168.7 170.7 172.8 175.5 178.3 181.8 184.2 185.9 186.9 187.6 187.2 186.4 184.4 180 174.4
151.4 147.3 143 137.6 133.4 125.6 119.8 114.7 109.6 103.8 95.3 106.6 105.6 108 111.4 112.3 112.7 112.6 111.7 110.7 109.5 107.1 102.8 97.1 90.7 88.2 88.7 81.2 82 82.3 83.7 84.3 86.5 87.7 88.2 87.4 86.9 85.3 82.9 81.6 83.1 85 86.3 87.3 89.1 90 92 97 103.6 111.8 119.6 125.9 130.9 136.1 141.1 147.8 151.9 154.6 157 159 159.6 159.5 159.5 160.8 164 166.5 168.1 169.6 171.2 173.7 175.9 177.8 179 179.8 181.4 182.1 181.8 179.9 176.3 171.3
151.8 149.1 146 141.4 136 130.9 125.9 120.4 116.6 113 108.8 101.5 87 91.6 105.6 116.2 116.8 117 116.5 114.3 111.5 107.2 100.5 94.2 90.6 88.7 86.9 84 80.8 81.7 83 82.8 83.3 85 85 85.3 83.4 82.4 82.1 82 85.1 85.9 86.2 86 87.6 89.3 91.6 94.3 99.5 105.5 111.1 116 121.6 127.5 132.7 136.6 141.3 143 145.1 148.1 147.6 147.7 147.9 151.1 153.4 156.5 157.6 160 161.3 162.7 164.2 166.1 166.2 168.2 171.3 173.1 174 173.5 170.9 166.8
153.4 152 148.9 144.8 139.1 133 128.3 127.7 125.4 124.1 122.8 120.8 111.9 96 82.4 104.8 118.4 119.3 116.8 113.5 107.9 102 98.3 95.3 91.4 90.2 84.8 82.7 80.6 79.9 81.3 81.4 82.1 82 82 82.1 82 81.1 81.9 83.8 84.9 86.4 86.7 86.3 86.5 89.1 90.9 93 95.8 99 101.9 105.3 110.8 114.2 116.7 120.2 123 124.3 126.2 126.5 127.5 128.2 130.3 132.3 134.6 137 138.8 139.6 143.1 146.2 148.2 146.4 149.1 157 161.4 164.2 167.3 168.2 167.2 162.5
155 154.3 151.4 146.6 140.9 136 133.3 132.3 131.3 130.8 127.8 125.8 125.4 119.2 95.9 84.5 99.7 114.5 111.9 110.2 106.5 103.2 88.9 83.5 79.9 78.7 79.1 79.5 79.8 79.4 80.1 80.5 80.9 80.5 80.7 81.1 79.4 81.6 81.9 83.6 85.2 86.2 86.1 86.1 86.2 88 89.4 91 92.4 94.6 96.3 99.5 101.1 103.9 106.2 107.8 109.4 111 113 114 115.4 116.9 118.9 120.9 122.9 125.2 126.9 132.3 138 134.8 135.9 135.7 136.7 147 152.2 156.5 160 160.6 157.9 152
155.7 154.4 151.9 147.5 143.3 141.2 141.4 140.3 137.5 134 132.1 130.8 124.4 97.4 81.4 77.2 83.2 90.1 97.1 99.6 88.2 90.9 77.1 76.2 77.5 77.8 78.1 78.2 78.4 77.4 79.1 77.8 79.4 78.5 80 80.8 81 81.6 80.3 82.6 85 85.6 86.8 85.9 85.9 86.3 87.3 89 89.7 91.4 93.1 94.5 95.6 97.3 98.6 99.5 102.1 103.2 104.1 105.9 107.3 109 110.5 112.3 115.4 116.6 119.1 122 124.6 126.8 126.3 124 127.7 137 140.7 145.1 147.3 146.8 141.3 130.6
155.9 154.7 152.5 150.3 148.3 148.5 148.1 145.6 141.2 138.5 136.6 133.8 115.6 76.7 75 73.4 75.1 81.6 82.2 77.6 76.9 75.9 77.4 80.7 84 77.8 78.5 81 83.1 77.7 78.9 79.5 80 79.7 80.7 81.2 83.9 83.5 80.4 82.1 84 85.4 86.4 85.9 86.2 86.5 86.3 86.5 87.4 88.3 89.9 91 92 93.2 94.1 95.1 96.2 97.2 99.1 99.4 100.5 101 102.1 103.8 106.2 108 110.6 112.8 115 115.7 114.4 113.2 117.1 123.7 127.6 130.1 129.6 127.2 122.1 111.5
155.4 154.9 154.2 153.2 153.5 152.7 150.7 148 144.1 139.9 137.8 133.6 114.3 72.6 75.3 79.2 79.8 76.7 72.9 75.9 74.5 82.5 87.8 92.2 90.7 88.3 92 93.5 92 89.5 87.2 86 82.2 80.1 80.6 81.4 84.4 84.3 81.9 82 82.7 84.9 86.5 86 85.5 85.6 86.2 86.5 86.7 87.3 88.5 89.4 90.3 91.3 92.3 92.9 93.4 93.6 95.1 96.1 97 98 99 100.8 101.6 102.9 103.4 105.2 105 105.1 104.8 106.8 107.1 110.1 112.4 114.3 113.8 111.3 106.3 100.6
153.4 153.9 154.5 155 154.2 152.6 150.6 148 145.6 141.6 137.3 124.2 102.6 72.5 74.9 93.8 109.9 104.8 94.5 90.6 89.8 96.7 102.2 100.5 96.4 82.9 92.1 93.7 93 90.7 89.3 88.4 86.3 86.5 85.6 82.6 85.1 86.6 85.2 82 82.5 83.2 84.2 85.6 85.2 85.5 86.1 86.4 86.3 86.5 86.9 87.3 87.6 88.6 88.7 89.2 90.4 91 92.2 93.3 94.4 94.8 95.9 97.3 98.7 99.5 100.1 101.7 101.6 101.1 100.7 102.2 101.9 102.1 102.3 102.5 102.4 100.7 99.7 97.6
151.2 152 152.8 152.6 151.8 150.1 148.2 147.5 143 125.5 111.5 100.3 82.8 70.5 81.8 108.4 126.3 123.1 119 114.8 108.3 106.5 104.6 101.1 97 91 93.5 93.9 93.6 92.9 91 88.7 88.2 88 87.6 83.2 85.5 87.4 87 85.1 82.5 83 83.4 84.1 84.7 84.9 85.1 85.3 85.8 86.1 86.4 86.4 86.5 86.6 86.6 87.1 87.8 88.5 89.8 89.6 90.4 91.9 92.9 94.2 95.2 96.1 96.6 97.5 97.9 97.7 96.5 98.1 98.2 98.5 98.3 98.4 98.8 98.4 97.9 95.7
147.3 147.3 148.7 148.6 147.7 145.4 140 122.5 104.1 89.8 81.4 74.4 69.1 79.8 96.3 123.2 127.3 124.6 121 117.9 112.9 109.5 105.3 101 97.2 89.2 95 95 94.6 94.3 93.1 90.4 88.8 88.5 88 84.9 86.6 88.1 88.6 87.2 83.2 82.5 83.1 84.2 84.2 84.5 85 83.3 84.9 85.8 86.1 85.3 86.7 87.4 86.8 86.6 86.8 85.3 84.9 85.3 88.1 88.5 89.4 90.7 91.4 92.1 93.7 93.1 94.2 94.1 93.7 94.7 95.3 94.9 94.8 95.7 96.1 96.2 95.3 93.8
141.2 142.3 143.6 143.9 137.6 126.4 103.5 82 72.6 73 72.3 75.1 84.3 94.4 109.2 128.3 127.7 125.4 121.6 116 113.2 110.2 105.5 100.6 97.6 94.4 96.8 95.4 94.2 93.5 91.4 90.5 89.9 89.9 88 85 86.4 88.5 89.4 89.7 89.6 87.3 84.9 84.2 84.7 84.8 85 85.8 86.1 86.7 87.9 88 88.1 88.3 88.3 88.9 88.6 87.4 87.8 88.2 87.9 88.2 88.7 88.9 89.5 90.3 91 91.3 91.1 90.8 90.5 91.8 92.7 91.3 92 93.2 93.8 94 93.8 94.3
134 136.4 137.7 128.3 110.4 96.8 76.9 72.6 73.8 78.8 84.3 91.3 99.3 108.4 123.9 130.5 128.2 125.5 120.8 116.8 113.2 108.1 103.8 99.8 96.1 96 97.6 95.9 94.7 95 94.3 92.8 91.6 91.9 89.2 86.3 88.4 90.4 93.3 95.5 97.8 100.3 98.2 94.4 89 86.4 85.7 88.2 89.1 89.9 89.9 89.8 89.7 90.2 91.4 91 90.5 90.3 89.9 89.6 89.7 89.3 89.3 89.2 89.3 89.6 89.6 90 90.3 90.6 91 91.2 91.4 91.6 92 92.5 92.3 92.3 93.1 94.2
127.1 124.2 115.6 102.9 87.8 75.3 69 77.2 86.1 92.4 98.3 107.8 117.4 122.1 127.6 130.7 127.2 122.9 118.3 113.6 109.1 105.1 102.1 99.3 95.9 96.6 97.8 97.5 96.8 96.6 97 96.1 95.8 94.8 89.6 89.1 91.6 94.6 100.6 108.6 114.3 117.4 114.3 113.9 107.3 100.4 96.7 94.1 93.9 93.1 92.6 92.7 93.2 93.8 93.9 94.3 93.6 93.1 93.1 93.6 92.6 91.8 91 90.5 89.5 89.4 89.6 90.3 90.3 90.8 91.1 91.5 92 92 92.5 92.2 92.7 92.7 92.3 93.6
106.9 97.4 90.1 79.8 71.3 71.5 81.1 94.2 103.3 111.2 117.3 123.8 132.5 134.6 133.4 129.7 125 120.5 116.2 112 108.1 104.6 100.9 100.2 99.5 99 99 99.6 101.6 104.7 107.7 106.3 106.3 104.6 89 94 97.5 102.2 111.3 122.3 127.2 130.4 130.2 128.5 123.3 119.6 116.2 111.4 110.5 106.7 103.8 101.9 101.7 101.4 100.6 99.7 98.8 97.6 97.6 96.1 97.4 98.1 97.3 95.3 94.4 93.2 91.5 90.4 91.2 91.3 91.9 92.3 92 92.1 91.8 92.3 93.2 93.5 94.1 94.2
82.4 77.3 72.6 69 74.4 90.5 106.4 115 122.4 131.6 139.2 140.1 138.6 136.1 133.8 129.6 125 117.6 115.2 109.6 106.1 104.1 103 102.9 102.3 102.5 104.8 110.2 118.1 123.2 123.9 121.7 114.5 107.1 94.6 99.7 102.7 109.1 121.7 130.4 135 137.6 138.8 138.2 136.9 134.8 134.1 132.9 132.2 128.7 127.5 123.4 120.7 118.5 115.4 115.8 117.9 112.2 102.3 99.4 105.1 112.6 115.5 115.8 114.9 113.4 107 99.4 95.9 94.3 93.5 93.1 93 92.8 92.5 92.5 93.5 93.9 95.2 96
72.3 69 72.4 80.6 97 111 118.6 131.2 141.9 144.4 143.5 142.2 140.3 138.7 135.7 130.4 125.6 118.4 115.4 112 110 109.5 110.6 109.7 108.7 111.8 121 128.3 133.1 134 133.4 130.7 124.1 115.2 94.7 103.4 107.6 117.3 128.6 136.2 141.1 144.3 146.1 146.3 146.8 146.7 147.3 146.4 147.8 148.1 149.1 148.7 144.2 139.3 138.9 138.3 135.3 120.6 105.8 103 116.1 130.2 137.7 139 138.2 136.5 132.8 124.1 114 103.4 97.4 95.6 93.9 93.4 92.2 91.9 92.8 94.6 94.7 95.6
76 82.4 93.5 107.1 117.4 126.5 139.9 146 146.9 146.3 145.4 144.2 142.5 139.9 138 131.4 126 123.1 121.4 119.7 119.4 121 124.8 125.8 126.1 130.2 136.7 141.1 141.2 141.7 140.2 135.7 130.3 119.7 97.1 105 109.8 122.1 132 139.4 144.4 148 150.6 152.3 152.8 153.2 153.3 152.4 153.1 153.9 154.1 154.4 153.6 153.9 154 151.7 146.7 129.7 110.1 108.7 124.5 144.8 150.8 153.6 153.7 150.7 147.4 142.9 135.2 126 113.9 101.1 95.8 94.1 94.1 93 92.7 94.6 94.3 95.1
77.8 83.3 85.8 94.1 110.2 127.8 143.6 145.8 147.4 147.8 147.3 145.6 143.5 141.8 139.5 131.5 130.7 130.3 131.1 131.9 132.9 136.2 143 141.5 141.7 144.9 146.9 147.8 147.3 146.5 144.5 140.6 134.9 125.3 110.2 107.8 113.3 124 134.2 141.2 147.1 150.8 153.5 155.2 156.1 156 155.7 155.5 155.8 156.3 156.3 156.6 157.9 159 159.1 157.9 153.9 140.3 117.4 114.6 135.9 149.6 155.4 157.5 156.6 154.1 150.8 146.6 142.5 139.9 127.6 115.9 100.9 94.9 94.5 94.4 94.4 94.3 94.8 96
105.9 104 107.6 113.2 112.9 106.8 121.8 140.6 147 148 147.9 146.7 145.8 143.8 139.5 137.3 140 139.4 140.4 144.1 147.2 149 149.1 150.6 151.9 152.2 151.9 151.5 151.4 149.9 147.3 144.4 139.7 133.5 119.9 100 114.7 122.8 134.6 142.8 147.9 151.8 155 156.9 157.7 157.3 156.9 156.7 156.5 157 157.5 157.9 158.8 159.9 160.1 160 157.5 142.5 127.4 133.3 141.2 152.8 157.8 159.8 159.1 156.3 152.6 148 142.5 142.1 134.2 124.6 111.6 95.9 94.5 94.8 95.8 97.5 98 95.7
115.8 120.3 127.1 133.5 138.4 140.2 141.6 142.2 134.7 147.3 148.3 147.8 147.4 145.6 144.6 144.1 147.9 150.2 151.9 153.8 154.9 155 155.8 156.6 156.7 155.9 155.3 154.3 153.1 151.9 148.8 146.9 144.2 139.4 131 114.4 111.8 121.8 134 143.8 148.6 152.2 155.1 156.3 156.9 156.6 156.5 155.8 155.4 155.8 156.6 157.3 158.2 159 159.6 160.1 159 155.8 142 149.1 153 157 159.3 161.1 161.3 158.4 153.8 147.9 140 137.5 134.4 125.7 108.5 97.4 94.4 95.4 97.8 97.8 97.5 98.2
116.4 120.3 126 134.2 142 144.6 145.3 146.7 146.1 144 147.8 149.1 148.8 148.2 148.3 151.9 155.9 158.5 160.1 161.5 162 162.5 162.2 161.6 160.8 159.6 157.7 155.6 154.1 152.9 151 148.9 146.5 142.4 135.3 114.3 111.8 120.7 134.2 143.7 148.1 151.4 153.5 154.8 154.7 154.5 154.2 153.7 154.5 154.4 155.8 156.6 157.6 158.4 159.1 159.8 159.2 158.3 156.3 154.9 157.6 159.7 161 162 162.5 160.9 155.5 148.7 137.8 127.9 124.5 116.6 102.2 99 95.9 95.5 96.2 97 97.5 98.3
112.6 118.3 123.9 130.8 136.4 143.9 148.8 150.1 147.7 144.7 148.4 150 149.8 151.9 154.3 158.2 161.3 164.1 166.8 168.4 168.9 168.7 168 166.8 164.3 162.3 159.8 157.1 155.2 153 150.8 148.6 146.8 142 135 114.4 113.1 120.9 135.2 143 147.1 149.8 151.2 152.1 152.5 151.1 150.4 151 151.7 153.4 155 156.3 156.9 158.6 159.2 159.6 159.8 159.7 159.6 159.9 160.5 161.8 163.8 165.5 166.2 164.3 159.2 151.2 139 123.7 115 108.7 103.6 99.5 97.8 96.3 96.4 96.2 97.6 98.8
115.3 120.4 124.5 128.3 134.9 141.3 148.7 148.9 148.6 147.4 150.2 151.8 154.2 155.7 158.5 162.3 165.8 168.2 170.3 171.5 172 171.6 170.6 168.8 166.7 164 161.2 157.9 155.6 152.6 149.3 147.2 144.1 139 133.8 116.5 113.4 121.1 133.9 141.2 144.8 146.9 148 148.1 149.2 148.7 148.7 148.8 150.6 152.3 154.2 155.8 157.2 158.5 159.9 160.7 161.6 162 163.2 163.8 165 166.3 169.9 171.3 170.5 168.1 160.7 152.3 142.5 119.7 112.1 107.3 103.8 101.4 99 98.6 97.9 98.1 97.5 98.8
127.1 129.2 133.3 138.4 142.8 142.9 147.3 149 149.9 149.7 151.5 153.4 156.4 158.1 161.1 164.6 167.9 170.3 172.1 173.1 173.4 173 171.7 169.5 167.4 164.6 161.5 158.5 154.8 151.5 147.3 141.8 137.2 132.8 126.5 112.6 115.6 123.1 131.7 137.6 140.6 142.6 144.2 145.3 145.3 145.2 145.7 147.6 149.3 151.8 153.6 155.4 157.3 158.8 160.7 162.1 163.2 163.8 164.7 165.7 167.4 169.3 172.4 173.2 171.1 166.9 159.3 150.1 135.4 117.6 112.2 107.9 105.5 102 100.3 99.5 99.4 99 99.4 99.4
