public/OST50/SN42.asc
ncols 200
nrows 200
xllcorner 240000
yllcorner 220000
cellsize 50
[rows 36 to 71 of 200, columns 0 to 79 of 200]
138.9 146.8 150.1 149.8 149.4 149.2 149.1 150.3 152.4 153.2 154.1 155 157 159.6 163 165.5 168.4 171.3 173.1 174.1 174.1 173.6 172.3 170.1 167.8 164.8 161.5 158.1 153.5 148.5 142 134.1 127.8 121.6 117.6 111.9 117.8 122 128.8 131.7 133.7 135.4 137.4 137.6 139.6 141.8 144.3 147 148.9 151.4 153.3 155.1 157.3 159.5 161.3 162.3 163.4 164.4 165.1 166.3 168.1 169.6 171.6 170.3 166.8 160.3 152.4 142.7 123.6 117.1 112.7 108.3 106.2 102.1 101.6 100.3 100.2 100.1 99.9 101
143.6 151.6 154.4 153.9 152.8 152.3 152.2 154.6 156 156.5 157.2 157.7 158.2 160.6 163.2 166.6 169.7 172.4 173.7 174.7 174.9 173.9 172.6 170.7 167.9 164.9 161.9 157.3 151.7 144.8 141.7 138.4 134.9 130.5 117.4 113.2 116.5 120.8 123.8 125.8 129.4 132.2 135.2 136.7 138 140.6 143.5 146.2 148.6 150.8 153 155.3 157.5 159.2 160.6 162.1 163.1 163.9 164.8 165.8 167.1 167.6 167.7 165 160 152.4 144.9 130 120.8 116.6 113.4 110.1 107.2 104.2 103.3 101.8 100.5 100.8 100.7 108.4
143.3 152.6 158 159.3 158.8 158.9 160 160.7 160.3 159.5 159.4 161.4 161.5 163.2 165.9 168.4 171.1 173.2 174.7 175 175.1 174.1 172.6 170.8 167.9 164.9 161.6 157.6 153.5 150.8 145.8 143.5 140.4 133.1 116.5 113.5 117.1 121.2 124 126.5 129.7 132.7 135.5 136.1 136.3 139.6 142.2 144.8 147.2 149.5 151.8 154.1 156.2 158 159.4 160.5 161.6 162.1 163.6 163.8 164.6 164.3 163.4 159.6 154.8 147.8 137.9 124.1 120 115.7 114.7 111.8 108.2 106 105.5 104 102.2 101.4 101.8 114.1
141.3 151.9 159.9 162.8 161.5 161.9 161.3 161.7 161.8 162.2 164.2 166.7 168.3 169.3 171 171.7 173.9 174.9 175.4 175.4 175 174.1 172.4 170.5 168.2 164.9 161.9 158.7 155.7 153.2 150.3 147.1 144 136.4 118.2 114.7 116.2 119.7 123.5 126.3 129.4 133.2 135.4 135 135.5 138.1 140.7 143.3 145.9 148.3 150.5 152.8 154.7 156.3 157.2 157.8 158.5 159.6 160 160.5 160.8 160.4 158.5 155.4 151.3 144.7 131.8 123.8 120.4 117.6 113.8 112.6 107.7 108.9 108.1 106.2 105.4 102.6 104.3 109.6
141.3 153 160.2 162.2 161.1 161.7 163.1 162.9 164.9 167.2 169.1 171.5 174.4 174.9 175 175.3 175.8 176.4 176.1 175.7 174.9 173.9 172.6 170.7 168.3 165.6 162.4 158.8 157 154.8 152.4 150.2 147.3 140.5 125.8 118 116.1 119.6 122.7 126.5 129.7 132 134.2 134 134.7 136.4 138.6 141.5 144.7 146.7 148.7 150.9 152.6 154 153.9 154.5 154.8 155.3 156.5 156.6 155.3 156 155.4 152.4 148.2 137.6 128.2 125.4 120.5 116.9 112.5 112.2 112.4 112.7 111.2 110.4 107.6 109.5 106.4 103.8
143.7 150.5 153.7 156.4 160.1 162 164.4 167.4 169.5 171.1 174 176.6 178.6 179.3 178.8 178.4 177.6 177.3 176.9 175.9 174.8 173.5 171.9 170.4 167.8 165.2 162.1 158.8 156.2 154.3 153 150.2 146.5 141.9 131.2 120.8 118.4 118.2 121.7 124 130 131.5 131.5 132.9 134.1 135.3 136.5 137.7 141.2 144.3 146.5 148.6 150 150.8 150.8 151.3 150.6 151.2 151.6 151.8 151.9 151.2 150.1 148 142.1 133.3 128 123.7 119.6 115.5 119.1 118.3 119 115.7 114 111.7 111.3 111 108.9 106
144.8 148.8 153.3 156.9 160.7 163.1 167.1 170 172.3 174.8 177.3 179 180.9 182 181.4 180.4 179.4 178.3 177 175.4 173.7 172.2 170.4 168.5 166.3 162.1 159 156 152.9 149.8 148.4 145.6 142.9 137.5 130.7 122.4 120.5 117.7 120.5 123.6 127.1 130.1 131.6 132.2 133.4 134.4 135.6 136.9 137.8 141.5 144 146 146.3 146.7 146.6 147.2 147.9 148.8 149.3 149.5 149.1 148.8 147.3 144.9 137.7 129.7 123.3 121.1 118.1 121.4 125.7 126.1 124.2 119.3 117.2 115.8 117 116.8 119.3 116.9
147.7 150.6 153.8 157.5 161 164.5 167.7 171.1 173.9 177.1 179.2 180.1 181.1 182 181.3 179.9 178.1 177.1 175.4 173.6 171.6 169.3 166.2 161.6 158.9 154.7 152 149.4 146.9 144.2 142.1 139.4 137 134 130.1 123.9 120.6 123 124 123 126.4 128.6 129.9 131.5 132.8 133.3 134.5 135.8 136.3 137.9 139.9 141.4 142.2 143.3 144 145.3 145.8 146.2 146.7 145.8 145.8 145.2 144.1 143.7 137.6 129.7 128.8 125.9 122 125.7 130.3 129.9 126.9 122.6 119.2 120.8 120.9 123.7 125.7 123
147.4 150.6 153.3 156.6 160 162.6 166.2 170.2 173.2 175.8 177.6 178.9 180.1 179.5 178.2 176.1 173.6 171.3 168.5 166.1 164.2 161.3 156.4 152.1 148.4 144.8 143 140.6 140.1 138.1 136.3 134.3 133.7 130.8 127.6 124 122 125.4 126.2 126.7 125.7 128.3 129.6 130.7 131.2 132 132.6 134.6 135 135.9 137.8 139.2 140 141.1 142.6 143.6 144.4 143.9 143.5 143.5 142.7 143.2 142.3 140.9 137.6 132.3 133.7 127.9 127.9 131.2 133.8 133.6 129.1 124.8 124.6 126 126.8 127.4 127.4 127.1
144.9 147.2 149.9 152.3 155 158.9 163.5 166.9 170.4 173.7 176.5 178.7 178.8 177.9 175.3 172.7 170.1 166.7 165.1 162.5 159.8 152.7 152.1 149 146.3 144.7 139.7 137.7 137.5 135.4 133.6 131.5 129.6 126 125.8 126.8 125.3 124.5 128.1 129 129.3 129.3 126.7 129.4 130.3 131.2 131.4 133.4 133.5 134 135.9 138.5 139.6 140.8 141.9 143.3 142.6 143.1 143.2 143.3 143.2 142.8 142.5 139.7 137 137.1 135.6 130.7 134.2 134.6 136.8 135.3 133.4 128.5 128.8 130.9 129.2 130 130 130.3
132.3 132.5 133.7 139.6 145.6 150.6 158.9 164.7 168.5 173.2 175.6 178 178.4 178.1 175.1 172.5 170.8 167.2 165.1 163 160.2 157.3 152.9 150.1 149.1 150.5 149.5 144.2 138 135.3 131.9 131.9 130.4 130.1 128.7 127.5 124.7 125.5 129.6 131.4 131.2 130.5 131.6 129.6 129 130.4 132.5 132.6 134 135.4 136.9 138.6 139.6 141.2 141.8 143.3 143.6 143.5 143.7 144.4 143.9 143.9 143.2 140.2 140.1 139.8 139.4 137.1 137.6 137.5 138.9 139.8 138.6 134.5 134.9 135.3 134.7 133.7 132.8 134.4
123.6 130.4 137.3 146.7 151.1 155.3 159.4 163.7 168.3 172.3 176 177.9 178.8 178.5 176.1 174.8 173.3 171.5 168.7 167.8 163.9 161 157.1 153.5 153 151.9 151.6 148.1 140.8 137.5 135.4 132.9 132.6 132.6 131.1 128.3 128.2 126.5 129.7 132.8 133.3 133.5 133.7 132.5 132 134.6 135.1 135.8 135.6 136.8 137.9 139.1 140.3 141.7 143 144.1 144.7 144.6 143.9 144.3 144.4 144.2 144 143 142.6 142.4 141.8 140.7 140.3 140.5 142 142.5 138.4 141.2 140.3 139.4 138.4 137.4 137 137
129.2 137.5 146.9 155.6 160.6 161.8 165.9 168.5 171.5 174.5 177.4 179.9 180.8 181.3 180.1 179.9 180.2 180.3 181.2 179.1 176.2 169.9 166.6 163.7 161.7 158.8 156.6 153 148 144.8 138.4 135.9 133.4 131.9 132.1 132.2 130.3 130.5 131.4 135.4 135.4 135.7 135.3 134.4 135.2 136.9 137.4 137.7 137.1 138.2 139.3 141.1 144.3 144.6 145.2 145.6 145.5 144.9 144.7 145.1 144.9 145.5 146.8 146.9 146 145.3 144.8 142.7 141.7 142.2 143.2 143.1 142.8 142.7 143.1 141.7 140.8 140.3 140.3 140.2
141.8 150.1 156.8 163.5 168.3 171.6 174 176.4 178.2 180.6 183.3 184.9 185.9 186.3 187.2 187.7 189.3 191 191.1 190.1 188.1 183 179.9 177 174.4 171.5 166.3 161.4 157.1 152.4 147.6 140.5 136.1 133.7 133.7 133.7 133.7 133.5 134.8 136.1 136.9 137.3 137 135.6 136.2 138.2 138.7 139.5 140.3 140 142.3 144.7 146.5 147 147.5 147.2 146.5 146.5 146 146.2 146.5 146.9 148.3 150.4 148.6 147.3 146.2 145.5 143.8 143.3 142.8 142.4 144.2 143.6 143.7 144.1 143.3 143.4 143.3 143.8
145.9 157.6 165.3 172.6 176.8 179.7 182.4 183.8 186 189.1 192.1 194.1 194.7 194 194.2 194.6 194.9 194.9 194.6 193.3 191.1 188.1 184.9 181 179.3 176.1 172.4 167.8 163 157.5 151.8 145.7 138.7 135.2 136.5 136 136.7 137 137.7 137.8 139.3 139.8 139 138.7 139.5 139.9 140.7 141.3 141.9 142.9 143.7 145.7 148 148.9 148.8 148.2 147.5 147.1 147.1 147.3 147.4 148.9 151 151.1 150.2 147.4 148.2 146.8 144.7 144.4 144.4 144 144.5 144.5 144.9 144.4 144.5 145 144.3 144.8
144.6 159.3 171.7 178.4 183.5 187.2 189.9 192.8 195.1 198.1 200.4 201.4 201.9 201.5 200.5 199.6 198.9 197.8 196.9 195.5 193.4 191.1 188.2 185 181.9 178.5 174.7 170.6 166 160.9 155.1 149.7 142.8 137.7 139.8 137.7 140.2 140.1 140 141.5 142.3 142.4 141.9 143.3 144.5 144.7 143 143.5 144.3 145.4 146.5 147.7 149.1 150.1 149.8 149 147.1 147.9 147.9 148.1 151 151.1 151.8 151.4 149.7 149.1 147.5 146.7 145.4 144 143.4 143.6 145 145.4 145.3 146.4 146 146.9 146.5 146.4
164.1 158 173 182.7 188.2 191.5 194.6 197.4 200.1 202.3 204.1 204.9 204.9 204.5 203.1 202.1 200.6 199.9 198.6 196.8 194.8 192.3 189.4 186.6 183.4 179.6 175.7 171.3 166.5 161.3 154.2 148.8 142.7 140.6 141.6 142.1 142.3 142.4 142.7 144.3 145.3 145 145.7 146.1 147.2 147 145.4 145.9 146.5 148.4 149.5 150.7 150.8 151 151.1 150.2 147.8 148.5 149.5 150.7 151.8 152 150.8 150 149.6 147.7 147.7 147.4 146.2 144 143.3 143.7 143.7 144.1 145.8 145.8 145.3 145.3 146 146.1
178.3 174.3 176.3 186.1 191.5 195.2 198.7 201.2 203.3 205 206 206.6 206.4 205.9 204.9 203.5 201.7 200.9 199.2 197.3 195 192.3 189.4 186.3 183.6 179.7 175.4 171 165.5 158.4 152.4 146.8 143 143.4 145 146.2 145.1 145.6 144.7 146.2 146.2 146.8 147.7 148.6 149.4 150.7 150.8 151.5 152.5 153.5 154.4 153.7 153 152.7 152.1 151.4 149.6 150.7 151.6 152.1 152.6 152.7 149.9 148.1 146.6 146.7 145.9 145.8 145.1 143.4 142.9 142.6 142.5 143.4 143.4 143.9 143.7 145.1 145.1 146
187.5 188 187 191 193.5 197.5 200.8 203.1 205 206 206.8 207.1 206.7 206.5 205.6 204.3 202.9 201.1 199.1 196.6 194 190.8 187.5 184.2 181.7 178.7 174.9 169.5 164.5 158.6 151.3 148 147.3 147.3 147.9 148.2 147.1 146.1 145.3 146.2 146.2 147.8 148.3 151.1 152.7 155.9 159.7 162 162.9 162.6 161.6 159.3 156 155 154.1 153 152.1 152.9 153.3 153 152.7 151.3 149.4 147.5 147.3 145.2 144.8 143.8 143.4 142.8 143.3 142.3 142.4 142.5 142.3 142.6 142.7 143.4 144.2 145.3
194.4 194.6 193.8 194.7 197.4 199.9 202.3 204 205.4 206.2 206.7 206.8 206.5 206 205 203.8 202.3 200.4 197.7 195 191.5 187.4 184.1 182 180.1 177.7 174.1 168.5 162.7 155.3 152.1 149.6 149.9 149.5 149.7 149.3 148.3 147.9 147.6 147.6 149 150.1 151.2 153.4 156.7 161.2 164.6 167.1 168.8 169.3 168.5 166.5 162.1 157.9 155.9 154.9 154.5 155.9 155 152.8 152 150.3 148.6 146.7 145.9 144.4 143.7 142.9 142.4 142.6 141.6 141.5 142.1 141.4 142 142.2 141.8 142.5 143.5 146.1
197.5 197.6 197.8 198.9 200.2 201.1 203 204.1 204.9 205.4 205.8 205.5 205.2 204.9 203.7 202.3 200.6 198.4 195.4 191.5 187 182.2 179.9 178.9 177.8 175.2 168 165.1 162.5 158.1 157.3 158.2 154.8 154.5 153.2 152.3 150.5 149.7 149.5 149.3 150.6 151.2 153.7 155.8 158.5 162.6 166.1 169.6 172.2 172.4 171.6 169.7 167.2 163.2 159.6 157.1 155.8 155.1 152.7 151.4 150.1 148.6 146.9 145.9 144.5 143.7 142.2 140.5 141.3 141.3 140.7 141.3 142.3 142.4 141.5 142.2 141.7 142 142.7 144.9
199.3 199.3 199.8 200.7 201.2 202 202.9 203.6 204 204.4 204.3 204 203.6 202.7 201.4 200.1 197.9 195.2 191.8 187.3 182.2 176.1 174.5 175.9 173.5 170.4 172.9 172.9 169.3 167.1 169.9 170.8 170.6 166.7 162.2 156.8 154 151.4 150.7 150.7 150.5 151.4 153.9 156.1 158.4 162.9 166.5 169.8 172.3 172.9 172.8 171.2 168.9 166.6 162.4 158.5 155.4 152.8 150.2 149.4 147.3 146.5 145.4 144.6 143.6 142.3 141 139.3 139.6 140.5 143.1 142.3 143.6 143.9 143.7 142.8 142.9 141.7 143.8 143.5
199.5 200.1 200.9 201.2 201.9 202.1 202.3 202.6 202.7 202.5 202 201.2 200.4 199.7 198.2 196.1 193.5 190.3 186.5 182 175.3 168.6 169.1 172.1 174.2 175.8 176.4 176.6 176.9 180.5 183.1 183.7 182.1 178.9 173.4 164.5 157.3 153.8 151.2 150.5 149.8 150.5 153.3 155.2 156.6 161.7 165.7 168.4 171 172.1 172.6 171.3 169.4 166.6 162.5 157.4 153.2 149.5 147.8 146.3 145.3 145.1 144.4 143.3 142 140.7 139.4 138.7 139.9 142.2 145.2 145.5 145.7 145.9 146.5 145.9 144.2 143.7 143.5 143.4
199.5 200 200.4 201.3 201.3 201.4 201.1 200.6 200.1 199.3 198.7 197.8 196.8 196 194.7 192.7 190.1 186.8 182.9 177.7 169.5 163.2 162.8 169.1 173.3 176.8 178.8 181.3 185.1 188.9 190.7 190.5 188.1 184.3 178.6 172.4 162.4 155.6 152 150.8 149.5 149.7 149 152.8 155.6 159.4 163.3 166.4 168.9 170.7 171.8 171.1 169.6 166.6 161 156.2 151.5 147.8 145.6 143.9 144.3 144 143.3 142 140.5 138.5 137.8 139 141.4 147.3 151.2 151 150 150.5 150.4 150 147.4 147.2 146.1 146.8
198.3 199.1 199.9 200.4 200.4 199.9 199.2 198.2 196.9 195.5 194.2 193.5 192.9 192.3 191.1 189.5 187.4 183.9 180.8 173.7 165.8 158.4 157.1 162.7 173.1 178.2 182.7 187.2 191.6 193.2 193.8 193.8 192.2 188.8 183.3 176.2 166.4 158 153.6 150.8 148.3 148.3 148.6 151.4 153.6 156.4 160.2 163.9 167.3 169.8 171.6 171.5 169.7 166.2 161 156.4 150.9 147.2 144.6 142.6 142 142.7 140.6 139.9 138.4 137.1 137 142.6 151.4 158.8 159.6 157.3 156 154.9 155.2 155.3 155 153.2 150.4 149.6
195.6 196.6 197.8 198.6 198.6 198.1 196.9 195.7 193.9 191.1 189.7 189 188.9 189.5 188.2 186.5 185.2 182.6 179.5 174.6 168.9 159.2 151.4 155.1 169.4 180.3 186 190.2 193 194.8 195.8 195.9 194.8 191.1 185 178.3 169.2 161 154.9 151.4 150.2 148.5 147.9 149.4 151.1 153.3 156.2 161.2 165.2 169.3 172.2 172.9 171.7 167.7 163 156.8 152.2 147.6 144.3 141.3 140.3 139.3 138.7 137.6 136.4 135.1 137.4 150.9 163.2 165.3 165.9 164.8 163.1 161.9 161.1 160.2 160.3 158.3 158.2 158.2
191.2 193.7 195.1 196.3 196 196.6 195.2 192.9 189.7 186.6 184.7 185.1 185.4 185.8 185.8 185.1 184.1 181.9 179.8 176.4 172.7 161.7 147.9 149 161.4 179.7 186.3 190.6 193.7 195.7 196.6 196.2 194.6 190.9 186.6 177.5 173 165.7 157.4 153.3 150.2 147.9 146.9 147.5 148.1 149.6 152.9 157.9 163.4 170.8 174.7 175.3 174.2 170.5 165.3 158.2 152.7 146.5 143.2 140 138.6 137.9 136.8 135.6 133.6 134 137.6 157.1 165.1 168.9 171.2 171.1 170.4 169.3 167.8 166.9 166 166 164.8 163.7
187.2 189.7 192 193.4 193.7 193.6 192.8 191.1 188.7 184 176.8 177.5 180.4 182.7 183.9 184.8 184.6 183.6 181.6 178.7 175 165.4 145.6 144.4 154.3 176 186 190.5 193.5 195.9 196.5 196.6 194.2 190.9 186.8 180.6 174.2 165.5 158.8 154.4 149.9 147.8 145.5 146.2 145.5 147.5 150.9 155.6 163.6 171.1 175.7 177 175.8 172.8 167.9 159.7 153.1 143.1 140 137.7 136.5 135.6 134.8 133.1 131.1 132.8 141 160.9 168.1 171.1 173.8 176.7 176.8 175.7 174 171.9 171.4 171.1 169.4 167.1
183.2 185.8 188.3 190.1 191.1 191.1 190.5 189.3 186.6 183.1 176.1 169.2 166.9 179 182.8 184.5 185.6 185.2 183.6 180.5 176.3 167.7 144.5 138.2 146.5 169.5 184.2 189.1 192.6 195.1 195.9 195.1 192.6 189.1 184.9 179.2 172.8 164.4 158.8 153.8 149 146 143.9 143.8 143.6 146 146.5 154.6 161.2 169.7 174.8 177.1 176.6 172.7 166.9 158 147.4 137.9 136.8 134.9 133.1 132.7 131.9 130.6 129.9 132.7 140.3 165.1 170.8 173.4 177 180.1 180.8 180.6 179.7 176.6 174.6 173.8 171.8 169
178.6 181.8 183.8 186.5 187.7 188.3 188.5 187.9 185.2 182.9 177 170.5 152.1 173.4 181.9 184.5 185.9 185.8 184 180.8 176.2 167.9 144.8 133.1 139.7 161.3 180.4 187.3 191.1 193.8 194.5 193.5 191.1 188 183.1 176 169.8 162.4 157.2 150.9 147.9 144.5 143.4 141.1 143 143.9 144.9 152.7 159.7 168.9 173.1 174.5 173.9 169.1 163.3 149.7 136.4 131.1 131.6 130.5 131 131.6 129.7 127.2 129.6 137.8 156.7 169 173.8 177.7 180.2 181.6 181.7 181.8 181.5 178.9 176.2 174.2 171.5 168.6
172.1 177.2 179.9 182.6 184.4 186.1 187 186.9 183.9 182.1 177.8 169.9 148.6 165.9 177.7 183.2 184.9 184 182.1 178.2 174.1 168.2 149.6 131.6 128.3 153.2 176 185.3 188.6 191.5 192.9 192 189.8 186.9 181.9 174.7 167.6 160.1 154.6 148.8 144.8 143.2 140.6 138.2 139 142.9 147 151.1 158.2 167.3 170.2 171.2 169.2 164 154 139 126.6 124.5 126.2 124.9 127.4 128.4 126.3 126.8 131.3 147.2 162 169.7 175.1 178.5 180.4 181.4 181.7 181.6 180.9 178.4 175.8 172.5 169.2 166.6
161.8 169 174.1 179.8 182.1 184.5 185.8 186.2 184.3 181.6 177.3 164.7 147.4 148.4 157.2 168.4 177.9 179.2 177 174.2 171.5 165.9 151.2 133.1 117.4 145.1 171.2 183 186.7 189.3 191 191.3 189.9 185.8 180.6 173.6 164.9 157.2 151.2 145.6 142.1 140 138.4 136.8 139 139.8 145 149.2 158.1 163.4 165.1 161.8 155.4 145.4 134.8 122.7 120.1 118.7 119.8 123.3 124.8 126.3 126.3 125.9 134.6 152.3 160.5 165.2 170.9 176.5 178.3 178.7 179.1 179.3 177.8 175.7 172.1 166.9 164.4 162.1
152.3 158.7 168.8 173.8 179.6 182.7 184.5 184.9 183.8 181.1 177.5 165.8 148.3 136.6 138 147 159 168.2 171.3 170.7 168.2 164.1 146.6 126.5 113.7 138.9 166.2 180.4 184.4 187.5 189.3 189.9 188.9 185.6 179.3 172.3 163 155.8 149.5 142.5 139.6 136.7 136.1 134.3 134.9 137.5 139.6 144 151.9 154.6 153.3 144.8 132.7 124.7 115.8 113.8 113.8 115.2 116.9 120.4 122.5 124.2 123.2 127.6 139.6 150.9 157.1 161.2 164.8 168.1 169.8 169.7 170 169.4 168.5 166.1 162.5 162.4 161.8 158.4
147 153.1 165.1 171 177.4 181.1 183.3 183.6 183.2 180.9 178 172.1 156.7 140.7 127.1 133.2 142.8 159.8 166.8 167.8 164.6 159.8 139.8 118.3 110.9 134.6 159.4 177.4 182.4 185.6 187.5 188.3 187.5 184.8 180.8 174.6 165.5 157 149.8 142.6 136.5 134.6 132.3 130.8 131.5 133.5 133.4 134.8 141.1 141.9 138.3 125.8 113.2 108.5 108.3 109.4 109.2 111.1 114.7 118.1 119.8 120 124.1 133.2 143.5 149.9 155.4 159.6 163.2 164.3 163.8 163 161.8 159.3 157.1 155 156.7 158.9 158 154.5
143.1 149 160.3 169.9 175.9 179.9 182.2 183.1 182.4 180.4 177.8 173.4 164.3 146.5 130.4 126.2 133.8 151.7 162.3 162.3 160 150.6 131 109 113.8 141.5 164 174.6 180.8 184 186.7 187.8 187.7 186.1 183 180.2 175.9 167.8 155.7 146 137.6 131.1 129.3 126.8 126.2 128.2 126.6 124.4 130 134 126.3 109.5 105.1 105.5 106.5 109.3 112.9 114.5 114.9 114.5 119 122.9 130.6 138.3 144.2 147.9 152.5 157 162.4 161.9 160.8 158.6 156.2 152.5 149.4 148.8 155 156.5 154.3 151.9
139.2 147.7 160.6 169.8 174.7 179.2 181.4 182 181.2 179.4 176.7 173.1 166.8 149.4 128.8 116 126.2 145 154.6 154.3 148.4 131.9 112.2 96.3 116.9 149.8 171 176 180.2 183.6 186 187.2 187.6 186.5 184.9 182.6 179.6 176.4 168.3 156.7 141.1 130 126.3 125.5 123.7 124.5 120.5 116.5 113.2 119.9 108.4 102.6 102.8 102.9 110.9 115.4 117.7 117.6 117.1 119.7 122.6 130.4 138.7 141.2 143.3 145.3 149.7 155 158.8 158.3 158.4 155.2 149.9 145.7 145.1 145.7 150 151.5 149.5 148.8
