public/OST50/SN43.asc
ncols 200
nrows 200
xllcorner 240000
yllcorner 230000
cellsize 50
[rows 70 to 104 of 200, columns 78 to 155 of 200]
227.2 221.8 214.8 207.7 199.2 190 182.1 170.4 159.2 144.2 121.3 110.5 101.8 102.6 104.6 117.3 122.4 128.8 135.9 142.7 146.9 152.7 154.6 148.8 138.8 123.3 115.6 116 128.8 135 140.7 148.1 155.8 162.5 166.5 170 172.8 174.9 174.8 173.2 172.3 172.5 172.5 170.7 167.4 165.1 168.8 170.1 171 172.3 176.7 179.1 180.6 182.1 183.7 185.8 187.7 189.8 192.4 195.1 197 200.8 204.6 207.8 211.1 213.5 214.4 214 212.4 211.3 210.7 208.9 209.5 209.4 209 208.2 207.5 206.9
223.2 218.1 209.2 198.1 189.3 181.2 173.2 164.2 152.2 131.2 117.1 109.3 101.8 103 108 116.8 119.7 127 140.5 145.8 150.2 153 137.8 120.3 113.5 112.7 113.7 127.2 131.5 136.3 142 147.5 156.5 162.4 166.7 170.4 172.6 175.3 175.5 174.2 172.7 170.9 169 167.2 165.1 163.6 165.9 167 168.3 170.4 174.2 176.4 177.8 179.5 181.6 182.8 185.8 189.9 192.2 195.2 197.4 200.9 204.2 208.7 211.6 213.6 214.6 214.4 214.2 213.8 213.6 212.8 213.4 212.6 212 211.2 210.4 210.4
218.8 208.3 200.2 185.2 171.7 165.5 160.4 152.2 137.4 126.8 118.1 108.7 102.9 103.8 106.2 113.8 117.8 124.4 141.1 149.4 150.8 138.5 114.9 110.5 114.3 117.6 120.6 126 129.8 135.3 142.1 147.5 154.1 160.7 165.3 168 169.3 170.5 170.9 170.6 169.3 167.1 164.9 164 162.1 161.4 163.4 164.3 166.2 169.1 171.4 173.3 174.1 175.9 177.3 182 186.5 189.6 192.5 195 197.2 200.3 204 208.2 211 212.9 214.4 215.3 215.3 215.6 215.4 215.5 215.7 215.7 215.1 214.4 214 214.2
216 196.7 171.8 163.3 158.1 151.5 145.6 139.5 132 126.1 120.8 103.8 102.1 105 105.2 108.2 113.1 121.4 139.5 148.5 138.9 111.2 112.4 114.9 113.4 115.5 114 117.8 124.8 131.2 137.5 142 147.1 151.5 158.2 163.5 165.1 166.7 167.6 167.7 166.1 163.2 160.8 159.7 158.3 159.2 160.8 162.2 164.5 166.7 168.7 169.6 170.6 172.9 177.2 181.1 184.5 188 191.2 194.3 197.4 200.3 204 208 210.6 212.3 213.7 215.3 216.3 216.6 215.8 217.7 217.8 218.3 218.4 218 217.9 218.1
217.2 208.2 194.3 173.9 151.6 147.5 141.6 136.7 130.7 126.6 121.6 108.6 105 106.2 107 106.4 107.1 104.9 118.8 131.7 116.1 110.8 112.4 115.6 116.8 118.6 119.9 116.1 118.1 122.2 129.6 134.1 140.5 145.2 150.8 156.3 159.8 163 164.1 163.9 162 159.4 156.3 156.2 155.1 156.2 157 160 162 164.1 165.5 166.6 168.8 171.6 175.5 178.6 181.7 185.1 188.7 192.3 196.3 199.3 202.8 207 209.8 211.9 213.7 215 216.3 216.6 216.7 218.4 219.7 220.4 221.6 222 222.1 222.2
216.6 209 198.6 186 171.2 154.7 138.7 126.5 128.8 118.8 122.1 123.4 106 107.8 106.9 107.7 107.5 108 108.2 109.3 109.7 110.8 118.6 121.4 123 124.6 124.1 122.5 119.7 118.1 120.9 124.8 131.3 138.7 145 150.3 154 156.8 158.6 158.6 157 153.8 152.9 152.6 152.7 154.4 155.4 157.6 159.6 161.3 162.9 164.4 167 170.5 172.9 175.1 178.5 182.1 186.5 190.4 194.1 198.4 202.7 206.5 209.3 211.3 213.1 214.4 215.2 216.1 217.3 218.5 220.4 222.1 223.7 224.1 225.3 226
215.5 208.2 200.7 191.5 181.2 169.9 154.7 138.6 127.7 122.6 119.6 113.6 109.2 108.7 111 111.3 111.5 112.4 111 109.8 112.5 116.7 120.4 123.4 127 128.8 130.2 130.3 126 124.8 122.3 121.9 122.6 123.7 134.9 141.7 146.4 150.5 151.2 152.6 150.9 149.4 149.4 148.8 151.4 152.2 153.4 155.7 157.5 158.7 160.2 162.5 164.7 167.6 170.8 173.2 176.5 180.9 185 189.3 193.2 198.1 202.6 206 208.3 209.8 211 212.5 213.7 214.9 216.6 219.1 221 223.2 225.5 226.9 227.5 228.8
212.8 206.7 199.9 192.5 182.4 172.5 155.2 135.4 125 119.8 110.2 106.8 110 110.5 111.6 111.7 112.2 114.3 113.6 114.9 115.6 118.4 122.4 126.9 131.4 132.7 133.9 134.7 133.8 130.5 128.3 123.9 127.1 123.7 125.2 125.8 133.5 141.7 145.1 145.5 145.4 146 144.8 146.9 149.3 149.6 151.8 153.9 155.5 156.7 158 160.3 162.9 165.8 168.8 171.5 176.1 180.4 184 187.6 193.1 197.4 201.5 204.2 205 207.2 208.4 209.9 211.9 213.5 215.9 218.6 221.4 224.2 226.4 228.6 229.2 230.9
210.9 205 198.1 190 181.1 170.1 147.7 131.8 124.7 115.9 108.5 112.9 113.8 113.4 113.5 117.4 121.1 120.5 118.4 119 118.3 123.8 126.9 131.4 133 134.6 136.4 138.1 139.6 139.7 137.7 136 132.6 130.6 126.8 126.2 127.7 128.1 135.3 138.8 139.9 140.3 142.7 145.2 147 147.8 149.5 151.2 153.8 154.2 156.5 158.3 160.3 162.2 166.1 170.6 176.2 179.1 182.6 186.5 191.2 195.9 200 201.4 201.4 202.6 205 207.1 210 212.5 215 218.6 221.6 224.3 227.1 228.9 231 234
208.3 203.2 196 188 179.4 158.4 137.7 120.5 119.1 109.9 107 114.8 115 116.1 119.9 121.5 122.1 122.9 123 126.1 126.5 127.4 132.1 133.9 135.3 137 139.9 142.3 143.6 145.1 146.6 146.4 144.1 140.9 136.9 133.4 134.5 134.6 130.1 129 129.9 129.3 136.8 142.7 143.6 145.6 148.2 150.1 151.5 152.5 154.7 156 157.7 161.2 163.8 166.5 171.8 177.3 181.5 183.9 188.4 193.2 196.9 197.3 196.5 198.2 201.4 204.4 207.8 210.9 213.9 217.6 221.7 224.4 227 229.4 231.9 234.9
205 199.9 193.4 185.5 173.3 146.8 112.6 110.9 109.4 109.3 115.3 114.8 120.1 121.4 122 122.7 123.1 124.2 125 128.1 129.9 131.8 134.2 135.9 137.3 140.3 143.2 145.4 147.7 150.8 152 152.9 153 151.7 148.7 145 137.1 135.4 136.3 135.9 133.5 132.5 132 133.1 141.1 143.7 146.5 147.9 149.1 150.8 152.6 154.1 156 157.8 159.5 163.3 167.2 171 175.2 179.4 183.8 186.8 189.1 186.6 184.2 191.3 196.4 202.4 206.6 209.7 212.9 216.7 221.9 224.1 226.2 229.6 232.4 235.3
199.4 195 188.7 181 159.9 135 112 111 112.3 112.3 115.8 121.2 123.4 124.6 125.6 125.1 125.8 126 128.3 129 132 133.3 134.9 136.4 140.2 143.7 147.5 150.2 154.8 157.6 158.8 159.8 159.8 159.3 155.5 152.1 149.1 144.4 140.7 138.9 138.6 135.4 134.9 133.9 134.1 135.2 143.3 145.9 147.7 149.5 151 152.1 153.1 154.4 155.7 158.1 162.7 166.6 169.8 173.1 175.9 177.6 178.1 174.8 180.4 183.9 191.8 197.4 202.4 207.6 211.5 214.8 219 220.8 226.3 229.7 232.2 236
191.7 187.8 182 175 150.2 116.9 112.6 112.6 117.3 117.4 117 124.1 126.5 126.7 127.4 128.2 128.3 128.5 130.3 131.2 132.8 134.3 136.6 139 143.3 148.1 152.9 156.4 159.7 161.5 164.9 166.2 167.2 167 163.9 159.4 153.7 149.2 145.2 144 142.7 142.4 138.5 137.4 136.9 136 135.7 142.3 144.5 147.6 148.5 149.4 150.2 150.8 153 153.2 154.5 157.5 161.9 166.5 167.3 169.5 169.7 170.9 174.6 180.4 186.4 192.9 198.3 203.3 208.3 211.5 214.4 216.4 224.3 229.7 232.4 237.7
185.7 181.8 176.8 167.7 140.5 112.7 115.3 115.7 120.7 121.7 124.9 127 128.9 129.4 129.2 129.8 128.6 130.1 130.7 132.3 134.3 136.6 139.4 143.6 147.8 153.4 158.9 161.8 164.2 168.5 170 172.7 173.9 173.3 171.3 165 157.7 153.4 149.4 147.6 146.8 145.7 144.7 142.5 141 139.3 138 136.2 140.7 143.9 145.5 144.9 144.4 146.3 147.1 147 149.2 151 154.1 156.8 160.3 163.2 164.4 167.3 173.7 177.7 182.6 189.6 194.8 200 204.7 207.7 209 213 221.7 228.5 231.6 236.5
178.5 175.1 172.1 163.4 133.4 114.7 116.8 117.4 123.1 124.3 126.9 129.9 130.8 131.5 131.9 131.5 131.8 132 132.7 134.5 136.7 139.5 144.5 149.5 154.2 159.2 163.5 166.8 170.3 173.6 176.9 179.2 180.1 180.6 177.2 172.2 165 158.1 153.8 152.2 150.3 149.2 148.5 146.5 145.1 144.2 142.4 141.6 137.9 139.3 140.8 143.6 147.9 148.2 148.9 149.7 151.5 152.7 152.3 153.7 155.3 159.2 161.7 165.9 171.9 176.7 180.7 185.2 191.5 196.8 200.8 202.3 204 213.3 217.4 223.4 229.3 235.1
158.4 166.6 167.1 151 119.7 114.6 119.3 120.5 120.4 125.4 129.1 131.7 132.4 134.1 135 135.8 135.6 137.5 137.6 138.1 141.4 145.6 151.5 155.8 160.1 164.4 168.1 170.9 176.1 181.1 183.9 185.6 186.7 185.2 182.6 179.4 173.1 165.3 158.6 155.9 154.3 152.3 151.2 150.2 148.8 147.3 145.6 143.9 141.7 139.5 144.6 145.7 148.3 149.4 150.5 152.1 153.3 154.6 155.1 155.1 155.2 155.9 158.4 162.6 167 172.5 177.7 181.8 185.5 192.2 193.8 197.9 205.7 209.8 214.1 219.9 228.9 232.7
141.1 148.4 153.2 138.8 114.7 116.6 120.3 121.7 123.2 121.4 129.3 132.8 134.4 136.2 137.2 138.8 141.3 141.9 145 146.5 149.8 153.1 157.8 160.4 164.8 168.2 171.4 175.7 182.2 186.4 189.6 191.5 192.4 191.9 189.4 185.6 179.2 172.1 166.3 161.6 158.7 157.5 155.5 154.4 151.8 150.1 148 146.4 143.9 141.2 146.1 149.1 150.5 152.2 154.5 157.2 159.4 161.3 161.9 161.7 159.8 158 157.4 159.1 162.7 166.2 173 177.4 181.6 182.4 187.7 196.2 202.1 206 211.2 220 228.9 230
129.3 134 138.2 129.7 117.1 118.3 119.9 122.8 125.6 126.9 124.1 130.6 134.2 135.9 137.9 140.5 143.4 145.7 148.9 152.4 154.8 158.2 161.2 165.8 169.5 172.1 176.4 182.2 186.6 192 194.7 197 197.9 198.8 196.8 192.4 186.5 180 174.7 169.7 165.9 163.4 161.1 158.6 155 152.8 150.7 148.6 147.1 142.8 147.7 149.5 152.9 156 158.6 161.9 165 167.4 169.6 170.1 168.6 167.5 163.4 159.8 159.1 161.8 165 169.8 177.6 183.3 185.1 186.2 196.2 201.9 208.7 223.4 226.4 224.8
134.4 122.5 125.9 116.9 117.9 120.6 122.2 125.4 128.9 128.9 129.8 127.9 129.4 136.2 138.6 141.6 145 148.7 152.1 156.4 159.3 162.4 167.2 171.5 173.7 177.5 181.4 186.6 191.8 195.8 199.2 201.5 203 203.2 202.1 198.7 193.4 187.8 182.5 177.3 173.7 170.5 167.4 163.7 158.7 155.4 153.1 150.5 147.3 144.9 146.1 151.9 154.9 158.3 162.3 166.6 170.3 173 175.8 176.8 177.7 177.4 174.8 169.6 164.7 163.6 163.1 164.8 172.4 177.4 183.2 181.8 189.5 199.2 209.1 216.2 214.5 217.4
140.2 130.5 120.4 118.4 119.7 121.8 123.6 127.1 129.9 130.6 131.6 131.9 131.7 131.7 137.9 141.2 144.8 150.3 155.3 160.2 164 169.2 172.7 174.9 178 181.6 185.4 191 195.3 199.2 203.8 206.4 207.8 208.5 207.3 203.5 199.2 194.7 189.8 184.6 180.5 176.6 172.6 168.7 164.4 159 155.9 152.8 150.7 146.6 145.7 152.3 157.4 161.5 165.8 169.6 173.8 177.4 180.5 182.7 184.7 184.9 183.4 181.1 177.2 171.2 167.2 166.4 166.2 167.7 174.6 176 185.4 192 197.1 201.9 206.1 211.7
153.6 139.8 119.7 119.4 121.6 122.6 125 128.9 130.8 132.3 132.5 133.2 135.4 135 133.6 140.5 144.8 149.9 156.7 162.8 166.8 171.5 174.7 177.9 180.6 185.1 188.3 193.8 198.9 203.7 207.5 210.4 212.5 212.8 212 208.6 204.9 200.4 195.7 190.6 185.9 181.9 178.7 174.7 170.3 163.8 159.9 156.7 153.5 149.6 146.7 150.9 158.1 163.4 168.8 172.6 176.2 180 183.5 186.3 187.9 188.9 189.3 189.4 187.5 184.2 177.9 173.4 171.6 170.9 169.7 171 180.6 186.6 191.9 196.3 199.4 208.1
164.4 148.2 122 121.3 123 124.1 126.9 130.3 132.7 133.4 134.3 135.4 136.9 136.5 133.3 137.2 143.5 149.4 156 163.2 168 173.2 177.3 180.7 183.8 186.9 190.8 196.4 201.7 206.6 210.7 214 216.1 216.4 215.8 213.2 209 204.2 199.5 194.9 191.1 187.1 182.9 179.5 173.8 167.6 165.2 163 163.5 157.4 147.8 149.2 158.3 163.8 170.2 174.4 178.1 182.5 186.4 188.8 190.6 191.8 192.5 193.4 193.1 192.2 189.5 184.4 180.7 178.7 176.2 173.5 173.7 176.2 183.2 190.8 197.9 205
167.8 149.8 121.9 122.1 124.7 126.6 129.7 131.9 134 135.1 136 137.9 138.9 139.3 138.6 137.7 139.5 146.9 153.7 161.3 167.1 173 178.3 180.9 184.4 188.3 192 197.5 202.8 208.4 212.7 215.7 218.4 218.5 218 215.3 211.5 206.9 202.5 198.1 194.4 190.9 187.5 183.7 178.9 176 174.2 173.7 171.2 167.3 152.9 150.3 156.7 164.8 171 175.5 180.2 184.7 188.1 190.7 192.9 193.8 194.8 196 196.9 197 196.7 194.3 190.8 188 184.4 182.3 180.1 178.6 179.1 184.1 192.3 200.1
169.1 146.6 120.8 124.8 126.8 128.7 132.2 134.2 135.6 137 139.3 141.9 142.6 142.5 141.9 140.8 136.5 138.5 149.6 157.4 164.3 170.1 176.5 178.9 182.8 187.5 191.5 195.9 202.7 208.3 213.2 216.6 219.4 219.5 218.3 215.9 212.5 209 204.7 200.5 197.3 194.3 190.8 187 184.1 182.3 181.6 179.6 178 174.7 163.7 150.9 155.7 164.8 171.2 176.4 180.8 185.4 188.3 191.7 193.7 195.5 196.8 198.4 199.8 200.7 201.1 201.1 198.5 195.3 191.7 188.8 186.9 185.3 180.4 180.7 184.4 191.9
167.2 141.2 122.8 126.4 129 133 135.1 136.4 137.1 139.6 142.1 144.9 146.1 147.6 146.8 144.1 143.1 143.7 140.1 151.8 158.6 164.3 171.2 176.3 180.8 185 189.4 193.6 200.3 206 211.1 215 217.6 218.8 217.6 215.6 213 209.6 205.6 202.9 199.7 196.9 195 192.2 189.6 188.6 186 186.2 183.9 181.5 173.3 155.1 153.5 162.1 170.5 176.4 180.8 185.5 189 191.7 194 196.2 198.3 200.1 202.1 203.6 204.4 204.9 204.1 202.1 199.2 195.9 193.8 194 193.2 192.1 184 186.4
160.2 134.1 123.2 129.8 129.9 134.9 136.6 138.5 140.1 142.3 144.9 147.7 149.7 151.3 152.4 151.6 146.4 145.6 146.3 145.4 150.8 158.8 164.1 169.6 174.7 180.6 185.1 189.5 196.3 202.1 207.6 212.3 215 216 215.8 214.2 212 208.6 206 203.7 201.5 199.9 198.4 196.2 194.7 193.6 192.7 191.7 189.8 187.4 182.8 163.7 153.2 158.6 168.1 176 180.2 184.6 188.2 191 193.6 196.5 199 201.4 203.6 205.6 207 207.7 207.6 207.1 204.5 201.5 199.7 198.9 200.4 204.5 203.7 199.2
155.9 128.3 125.5 130.8 133.4 136.8 138.4 140.4 142.6 145.6 147.9 150.3 152.3 155.2 156.7 157.4 154.4 148.2 148 149.1 148.2 149.5 157.6 163.5 167.5 173.2 178.9 184.4 191 198.3 203.8 207.9 211.5 212.6 212.3 211.9 208.7 205.9 204.6 203.9 202.6 201.2 200.3 198.9 197.6 196.8 196.9 195.9 194.8 193.1 189.8 177.1 158.7 155.5 162.4 172.9 179 182.7 186.5 190 192.7 196.4 199.2 202 204.8 207.1 209 210.1 210.5 209.9 208.8 207 205.9 206 205.9 211.2 214.9 215.4
156.4 128.5 128.6 131.7 136.3 139 141.1 142.6 145.1 147.7 150.6 153.1 155.2 158 159.4 162.2 162.9 159.5 151.3 151.3 151.3 150.3 151.5 157.7 162.9 167.1 172.8 179.5 184.7 192 198.3 202.4 206.9 208.8 208.9 207.1 205.2 203.4 202.5 202.2 201.8 201.8 201.7 200.8 200.5 200 199.9 199.7 199.2 198.2 196.1 191.3 172.5 157.1 157.9 167.1 175.2 180.2 184.6 188.3 192.4 196.3 199.4 203.5 205.6 208 210.6 212.2 213.2 213.5 213 212.5 212.3 212.5 213.8 216.2 220 222.2
145.4 124.2 129.5 134.3 138.6 141.7 142.4 144.5 147 149.5 152.5 155.6 158.8 160.2 164.4 165.6 166.1 165.5 162.6 156.8 154.9 154.8 154.9 152.4 156.3 162.8 166.6 174 178.9 185.2 190.9 196.6 201.4 204.4 205.8 203.7 201.3 200.4 200.5 200.2 200.4 200.5 201 202.4 202.3 202.2 202.7 202.7 202.4 202.4 201.3 199.6 189.3 170.5 158.4 159.8 168.9 176 181.9 187 191.5 195.5 199.5 202.9 205.9 209 211.5 214 215.5 215.9 216 215.8 216.2 217.3 219.2 220.8 224.2 227.8
138.9 126.6 132.9 136.2 140.5 142.5 144 145.6 148.4 150.1 153.8 156.7 160.9 164.9 166.8 167.3 168.1 168.3 168.1 164.1 160.9 159.2 158.4 157.9 157.5 157.5 163 168.6 173.6 178.8 184.8 190 194.9 198.2 200 199.4 197.3 197.5 197.4 197.9 198.7 199.6 200.5 202.1 202.9 204 204.9 205.1 205.2 205.3 205.4 205 203.1 190.6 170 159.3 161.7 169.6 178.7 185.2 190.3 194.4 199 202.8 206.9 209.7 212.3 215 217 218.6 219.1 219.1 220 222.1 224.2 226.5 230 233.6
129.2 130.6 132.2 139.2 141.2 143.2 144.6 146.7 148.7 151.7 155.8 160.3 163.8 166.2 167.5 168.5 169.6 170 170.8 170.5 168.1 164.4 162.1 161 159.9 158.8 157.2 162.3 168.3 173.7 178.9 183.7 187.9 190.8 191 193 193.4 193.9 194.8 196.3 197.6 199 200.3 201.6 203.1 204.6 205.8 207 207.5 207.7 207.9 208.3 207 202 187.9 172.2 164 162.7 170.2 180.8 188.2 192.9 197.7 202.3 206.5 210 212.9 215.9 218.6 220.7 222.2 223.8 225.8 228.8 230.5 232 234.7 238.4
129.7 128 129.5 137 139.9 142.9 145.6 146.9 149.3 152.3 156.6 160.6 163.7 166.3 168 169.8 171 172.6 173.8 174.2 173.8 172.1 169.1 167.6 164.5 162.5 162.2 159.6 164.9 169.5 173.9 177.5 181.7 184 186.3 189 189.2 190.8 192.6 195.1 197.1 199 200.6 202.4 203.3 205.2 206.8 208.4 209.3 210 210.4 210.5 208.8 204.5 197.3 184.1 172 166.6 164.7 171.5 181.7 190.6 195.4 201.2 206.2 209.5 212.7 215.9 220 222.7 225.8 228.4 231.1 233.6 235.8 237.4 240.6 244.5
130.5 131.9 136.8 132.9 134.2 140.9 144.8 147.8 149.8 152.5 156.8 161.7 163.8 167.3 169.1 171.7 173.4 175 176.6 177.3 177.4 176.9 177 176.1 172.8 169.6 167.2 164.5 161.2 164.8 170 173.8 176.7 180.1 182.5 184.8 186.5 188.7 191.3 194.1 196.5 199 200.9 203.8 204 205.9 207.8 209.3 211 211.8 212.2 212 210.2 207.4 200.9 187.1 187 182.4 169.4 167.6 175 184.6 194.7 198.5 204.8 209.8 213.8 217.7 222 225.3 229.1 232.9 236.1 238.7 240.8 244.4 247.3 251
131.8 137.1 138.1 139.3 138.2 133 143.4 147.1 150.2 153 157 161.3 165 168.2 170.7 173.5 175.4 177.6 179.1 180.5 180.6 181.5 182.1 182.1 181 180.1 177.2 172.6 167.7 163.3 169.5 172.4 174.9 177.4 179.8 181.3 185.3 188.3 191.4 194 196.5 198.5 200.4 202.7 204.9 206.8 209.1 210.9 212.4 213.3 214 213.6 211.8 208.3 203.9 196.6 195.4 192.9 186.8 172.6 170.5 179.6 191.9 198.2 204 209.5 214.6 218.9 223.2 227.5 231.8 236.2 239.3 242.9 245.9 250.4 253.7 258.1
137.5 139.6 141.1 141.5 141.2 137.4 140.8 146 150.7 153.6 157 161.8 166.2 169.3 171.4 174.4 177.1 179.5 181.3 182.9 184.6 185.8 187.1 187.4 187 185.9 182.9 179.1 172.3 164.9 169.9 171 173.4 175.3 178 180.5 185.5 187.4 191 193.2 195.8 197.5 200 201.9 205 207.3 209.5 211.7 213.6 214.9 215.6 215.2 213.6 210.6 205.5 202.3 200.4 200.1 196 188.9 170.1 176.1 187.3 196.7 202.7 208.6 214.3 219.5 224.9 229.7 234.7 238.8 242.4 246.8 251.7 256.5 261.1 265.3
