public/OST50/SN43.asc
ncols 200
nrows 200
xllcorner 240000
yllcorner 230000
cellsize 50
[rows 35 to 69 of 200, columns 0 to 77 of 200]
109.2 113.4 117.7 123.8 132 137 139.7 140.3 137.4 128.8 149.5 160.9 170.4 177 183.2 187.9 192.7 195.1 197.2 198.9 200 200.5 200.4 198.6 196.7 194.8 192.7 190 187 183 179.2 175.5 171 165.3 158.7 150.5 136.3 114.3 93.8 87.3 90.8 110.1 117.9 136.6 147.6 153.2 157.5 160.8 164.1 166.2 168.5 170.3 171.9 173.3 174.1 174.1 173.5 172.7 171.2 169.2 164.5 160.2 152.6 142.3 134.8 124.7 110.5 104 102.3 98.8 95.4 84.8 83.1 84.9 85.1 85.9 86.4 86.4
123.7 126.8 131.4 135.6 140.7 144.1 146.5 148.3 146.9 138.7 141.8 160.1 169.8 177.6 183.6 190 194.6 197.2 198.8 200.7 201.8 202.9 202.5 200.8 199 197.1 195.2 192.8 190 186 182 178.8 174.5 169.3 160.2 147.2 126.7 106.3 89.8 88.6 97.8 115.3 129.2 144.4 151.1 156.7 160.3 163 166.8 169.8 171.4 173.2 175 176.2 177.3 178 177.7 176.7 175.1 172.5 169.1 164.6 157.8 147.1 140.4 128.3 110.8 107.8 105 102.2 99.7 95.1 85.7 90.5 86.8 86 86.8 86.6
130.8 133.8 138 142.3 147.1 150.1 151.6 155 157.1 155.4 144.9 157.3 168.5 177.4 184.3 190.3 195 197.9 200.2 202.2 203.8 204.6 204.8 203.5 201.6 199.6 197.9 195.9 192.8 189.4 186 181.3 177.5 171.2 159.4 136.7 114.8 99.7 89.1 96.6 115.7 131.4 141 149.2 154.3 158.4 160.9 165.6 169.2 171.5 174.2 175.8 177.5 178.5 179.5 180.5 180.2 179.6 177.9 174.9 172 167.6 159.5 152.2 145.5 132.7 114.8 109.9 108 104 102 98.5 98.6 100.6 100.6 88.5 87.5 84.6
135.2 138.9 143.2 148 151.5 154.3 156.7 159.6 161.8 162.9 159.8 152.5 167.1 177.1 183.9 189.9 194.9 198.1 200.8 203.3 205.9 207.3 207.4 206.5 204.3 202.6 200.7 198.8 196.7 192.6 189.2 184.9 179.7 171.4 152.8 128.6 108.7 94.3 88 112 128.7 139 145.1 150.6 156.5 160.4 163.9 167.5 170.9 173.5 175.8 177.6 179.3 180.6 181.7 182.2 182.2 181.5 179.6 177 174.1 169 162.9 156 143.7 130.6 119.2 113.8 111.4 107.9 106.8 106.9 106.3 105 103.5 89.8 95.3 94.3
138 143.5 146.6 151.3 155.4 157.6 159.6 162.8 165.6 167.7 168.2 164.1 164.3 177.4 183.5 189.8 194.9 198.7 202.2 205.4 208.5 210.9 211.1 210.2 208.5 206 203.1 200.3 197.8 195.1 191.5 186.4 179.9 169.4 147.3 124.9 103.9 91 91 114.2 135.8 142.5 147.1 152.5 157.5 161.5 165.6 169.2 172.1 174.3 176.7 179.1 181.1 182.6 183.5 183.8 183.7 182.4 180.9 177.7 174.8 169.7 162.9 151.8 141.4 131.6 120.7 116.1 114.3 111.6 110.1 110.7 110.8 109 104.2 94.9 103.5 104.3
141.7 145.6 149.5 154.4 158.8 160.8 164 167 170.6 172.7 174.4 174.9 172 175 185 190.4 195.8 201 205.3 208.2 211.1 213.5 214.5 213.5 211.4 209 205.5 201.1 198.3 195.6 192.2 186.1 179.3 170 145.3 122.9 103.9 92.8 93 111.1 134.8 142.8 147.9 152.8 157.7 161.9 166.1 169.4 172.4 175.2 177.6 180 182.1 183.5 184.6 184.6 184.2 182.6 180.3 177.2 172.9 167.2 158.2 150.5 139.5 126.8 121.9 120.9 118.2 116.2 113.9 113.3 112.4 110.9 105.3 100.3 106.5 107.3
143.3 147.3 151.8 157.8 160.9 162.9 167.7 171.5 174.8 178.1 180.4 181.9 181.5 178.9 184.2 192 198.5 203.3 206.8 210.5 213.8 216.2 216.9 215.9 214.3 211.8 208.3 202.7 198.7 196 192.1 185.3 178.9 161 141 122.1 105.2 93 93.6 108.7 134.6 142.5 148 153 157.4 161.6 165.7 169.1 172.6 175.6 178.4 180.9 182.7 184.1 184.7 184.9 184.1 182.7 180.3 177.3 173.1 166.3 157.5 149.2 139.1 132.8 133.6 130.5 123.5 120.8 117.1 115.9 114.2 111.4 107.3 103.7 108.7 110
143.6 148.8 154.2 159.6 162.5 165.8 170.8 176.3 181 183.9 186.3 187.8 188.1 187.2 184.6 194.1 200.2 205.5 209 211.8 214.2 218.5 218.4 217.1 214.9 212.4 207.5 203.1 198.8 194.9 190 174.7 159.5 145.1 126.9 117 104.1 95.9 94.4 111 133.9 141.3 147.2 152.3 156.2 160.7 165 168.6 172.2 175.5 178.6 181 182.7 183.6 184.7 184.9 184.5 183.1 180.8 178.5 174.7 168.6 158.4 152.7 149.5 144.6 141.7 136.9 132 126.2 122.2 118.6 115.4 112.3 109.5 105.4 110.1 112.1
144.3 149.8 155.9 160.5 164.1 169.2 175.8 182.3 186.1 190.2 190.8 194.9 194.6 193 191.5 194.1 200.5 207 209.6 212.3 214.6 218 218.4 217.1 214.9 212.4 206.2 200.7 194.2 186.6 171.3 151.2 136.4 123.8 114.8 109.2 105.8 106.3 95.5 106.4 131.8 140.6 146 151.3 156.2 159.7 162.8 166.8 170.6 174.4 178.1 180.4 182.2 183.2 184.2 185 184.7 183.2 181.4 179.4 176.7 173.1 167.3 160.8 156.9 152.6 147.1 142.4 137.9 132.2 126.3 123.8 116.7 113.6 111.2 108.2 111.9 114.6
144.4 151 156.5 161.2 167 174.7 182.3 187 191.4 196.2 198.6 198.7 198.7 198.5 197.7 197.8 200.9 208.6 210.5 213 215.3 216.9 217 215.9 213.9 206.4 202.3 193.9 187 175.5 152.4 131.7 125.3 125.1 123 121.3 118.6 112.6 97 102.1 128.4 138.3 143.9 149.2 153.8 158.1 161.5 165.1 168.6 172.3 176.8 179.8 180.9 182.3 184.1 185.5 185.6 185 183.3 181.4 178.4 175.3 171.8 166.7 161.6 157.5 152.9 147.1 142.9 138.7 136.9 130.1 118.9 115.5 110.9 112.2 114.8 116.8
143.4 151.2 156.5 163.7 173.5 177.6 185.1 190.7 196.1 197.7 199.1 200 200.9 202.2 203.4 204 205.7 209.1 212.3 213.8 216 216.5 215.8 214.3 210.2 205.5 199.7 191.9 181.7 162.3 143.4 147.1 144.6 142.9 140.5 138.1 131.8 117.2 99.9 96.5 122.2 132.7 139.2 145.1 150.2 154.2 158.1 162.5 165.9 169.5 172.7 176.2 179.7 182.5 184.3 186.4 186.7 186.3 184.9 183.2 181.6 179.2 175.8 172 166.9 162.1 157.2 152.8 147.8 143.5 140.3 133.9 123.1 113.8 115.4 116.8 118.1 119.9
143.8 151.7 158.9 167.3 174.8 180.7 186.4 191.7 196 197.5 199.2 201.3 203.3 205 206.8 208.9 210.8 213.1 215.3 215.8 216.5 216.2 215.2 212.9 209.1 203.5 196.2 174.5 160.4 162.8 169.2 168.7 167.3 164 161.1 155.3 142.9 123.1 104.4 98.1 116.4 126.8 133.1 138.8 144.4 148.5 153.5 158.6 162.9 166.2 169.7 175.9 179.9 183 186.1 187.2 188 187.8 187.1 185.9 184.2 182.3 179.3 176.1 171.5 165.3 160.7 156.9 152 146.6 141.8 128.9 118.2 118.4 119 120.3 122.1 123
143.2 152.6 160.3 167.7 176.6 181.2 186.6 191.2 194.7 197.7 200.4 202.7 205.7 208 210.5 213 215 217.1 217.4 218.8 218.2 217.9 217.5 215.5 212.6 209.3 203.8 197.1 190.2 191.1 189.5 188.7 186.2 183.4 179.2 168.7 150.5 128.9 103.8 99.8 105.5 113.8 123.5 128.5 137 146.8 152.8 157.5 160 159.9 162.5 173.2 179.2 183.2 186.4 188.6 189.3 189.5 188.5 187.5 186.2 184.6 182.3 179 174.3 168.5 163 159.2 154.4 147.8 137.9 121.1 122.9 122.9 126.6 131 134.1 134.2
139.4 150.9 157.9 168 175.8 180.7 184.8 189.7 193.4 197.1 200.5 204.7 207.8 210.9 213.7 216.3 218.6 220.5 220.9 221 220.8 221 221.3 220.5 219.6 218.4 216.7 211.6 209.5 208.7 207.5 205.6 201.9 198.4 190.4 175.2 154.3 131.3 104.1 103.3 122.8 129.7 119.8 125.5 132.2 138.2 143.1 152 162.4 170.3 177.7 180.7 182.5 186 188.8 190 190.9 191 190.3 189.2 187.9 186.4 184.5 180.1 176.6 170.7 164.7 160.8 156.1 145 129.8 127.1 132.7 135.7 140.9 141.7 140.6 141.4
133.7 144 156 163.2 171.5 176 181.4 187.6 192.4 196.9 200.9 205.5 209.7 212.9 216 218.7 221.1 222.5 223 223.2 223.8 224.8 225 225.1 225.8 224.6 223.5 223.8 221.5 221.4 220.2 217.4 213.4 207 197.8 179.4 156.8 134.4 105.5 104 130.1 148.2 150.5 151.5 159.2 165.6 165.7 172.5 177.7 180.5 183.8 185.3 187.1 189.1 191 191.4 192.6 192.3 192.1 191 189.8 188.1 186.1 182.4 178 171.5 164.6 160.9 151.3 137.3 129.6 136.9 143.2 146.5 149.4 149.8 151.6 149.7
135.4 141.3 151.1 161.9 168.3 176.4 182.7 188.3 193.6 198.4 202.5 207.5 211.8 215.3 218 220.5 222.6 224.1 224.7 225.8 227 228.6 229.9 230 231.1 231 230.7 230.3 230.3 228.7 226.3 223.3 219.1 212.4 200.2 180.9 158.8 136.3 106.9 104.4 129.6 150.3 158.9 164.6 168.2 172 175.3 179.3 182.7 186 187.2 189.6 191.3 192.8 193.6 194.5 195.3 195.1 194.3 193 191.8 190.1 187.4 184 178.7 171.8 162.7 152.8 143.9 132.7 137.8 147.4 152.2 155 155.2 156.7 156 154.6
154 155 159.2 165 170 177 182.8 189.5 195.2 200.3 205.4 210.5 215.5 218.3 220.1 222.2 224.1 225.4 226.9 228.4 230.5 232.1 233.2 234.9 235.4 236 236.1 235.6 235.6 233.7 230.7 226.8 222.7 215.3 202.7 181.6 159.5 135.7 107.2 103.4 123.7 151 162.4 168.6 172.9 177 180.1 186 188.8 191.6 192.1 193.9 195.3 196.1 196.3 197.2 198 197.4 196.9 195.6 194.1 191.9 189.3 185.8 181.4 176.3 162.9 150.6 141.1 141.5 150.2 156.5 162.1 163.6 163.8 162.8 162.3 163.8
162 162.6 164.7 168.7 172.7 180.1 186.3 192.3 198.4 203.4 208.9 214.9 218.4 220.9 221.8 223.3 224.6 226.7 229 231.6 233.6 235.6 237.4 238.4 239 239.5 239 238.4 238.4 238.1 233.7 229.7 225.7 217.4 204 181.9 160.1 136 110.6 104.6 124 149.3 164.1 171.8 176 180.7 187.4 192.8 195.9 197.7 197 196.9 199.1 200.2 200.1 200.4 200.2 200.2 199.9 198.7 197 194.8 191.5 188.9 184.6 178.1 165.3 151.8 141.4 153.4 159.9 165.4 168.5 169.7 170 170.3 172.8 174.4
165.8 167.2 170.4 172 177.2 182.7 190.1 196.8 202.9 208.8 213.1 217.1 220.5 223.3 223.3 224.5 227.7 230 232.1 235 237.2 239.1 241 242 242.7 242.9 241.9 240.4 239.1 238.2 233.6 230.4 226.7 217.2 202.9 181.5 158.6 136.2 114.3 104.6 126.7 150.8 165.5 173.8 178.8 184.6 192.4 198.9 199.8 200 200.8 200.7 201.3 202.2 203 203.3 203.2 203.3 203.1 201.8 200 198.2 194.6 191.4 186.9 178.5 164.1 152.8 147.3 162.2 169.1 172.7 175.3 177.2 179.6 183 185.3 190.2
168.7 171.8 175.5 178.5 182.1 188.2 194.7 201.5 207 212.1 216.4 220 222.5 224.4 226 228.1 231.2 233.2 235.4 238 240.2 242 243.9 245.3 245.9 245.9 245.6 241.8 238.8 236.1 233 230.1 225.9 216 200.9 182.1 160 137.8 115.8 106.6 124.9 147.6 166.4 175.7 181.6 187.7 195.4 199.8 201.7 203.2 203.7 204.1 205 205.1 205.8 206.3 206.5 206.5 205.9 204.9 203.2 201.2 199 194 188.7 178.5 167.8 158.9 153.9 168 175 179.1 182.6 186.3 188.5 190.8 194.3 198.4
172.3 175.8 180.2 183 189.6 196.2 200.9 206.8 212.9 216.1 219.7 222.9 225.2 226.9 228.9 231.5 234.1 236.2 238.1 240.3 242.6 244.6 246.5 248 248.9 249.2 248.8 245.2 238.3 234.6 231.7 228.4 223.3 214.3 200.3 182.2 161.7 140.5 116.6 107.9 122.7 147.2 166.6 177 183.3 189.6 196.5 200.3 203.7 204.9 206.4 207.1 208.1 208.3 208.5 209.1 209.4 209.4 208.8 208.1 206.5 205.4 202.5 198.3 192.9 186.1 176.3 166 155.8 170.3 178.8 182.8 188.6 192.2 194.5 196.4 203.6 209.4
175.3 181.9 185.3 188.9 194.1 199.6 204.8 210.8 214.8 219.6 222.8 226 227.8 230.2 232.1 234.3 236.1 238.1 240.1 242.3 244.3 246.4 248.4 249.3 251.3 250.8 249.6 245.6 239.2 233.6 230.3 226.9 221.1 211 199 184.2 163.5 145 122.5 109.4 121.5 148.8 167.1 178.2 185.8 191.6 197.2 201.3 204.4 206.7 208.1 208.8 209.4 210.4 211.1 211.4 211.8 211.9 211.5 211.4 211.1 209.9 208.3 204.9 199.6 192.6 183.8 173.3 161.5 175.6 183.9 194.2 196.5 196.3 198 204.2 210.5 215.7
180.8 185.5 188.7 193 197.9 202.5 208 213 218.2 221.8 224.8 228.8 232.1 234.3 235.5 236.5 238.2 240.1 241.7 243.2 245 247 248.6 249.9 250.8 249.9 246.7 242.4 237.1 232.3 228.9 223.2 217.3 208.4 198 186.6 168 146.9 127.6 111.3 123 148 168.8 179.5 187.3 193.5 198.5 201.9 204.8 206.7 208.2 209.2 210.2 211 212.4 213.5 213.9 214.4 215 215.2 215 215.8 214.5 212 206.5 198.1 189.3 180.2 171.4 184.3 191.7 196.2 197.8 199.3 201.9 206.8 213.7 217.4
184 187.6 191.3 195.8 200.4 205.5 210.7 215.7 219.9 223.6 226.8 231.6 234.6 236.6 238 238.8 240.4 241.2 242.1 243.7 245.2 247 248.1 249 248.4 246.1 242.7 239.2 234.3 230.8 227.2 220.7 214.6 208.4 199.6 189.3 173.1 151.7 133.3 114.5 126.1 148.1 169.5 181.8 189.4 195.1 198.5 201.4 203.7 205.2 206.5 207.8 209.6 210.8 212.2 214.2 216.1 216.8 217.8 218.3 219.6 219.3 219.6 216.4 211 205.4 196.5 184.6 178.5 190.4 194.9 198 201.1 204.2 206.9 209.6 214.3 220
185 189.3 192.7 197.1 202.5 208 212.9 217.6 222 225.8 229.8 233.7 236.7 238.6 240.4 240.8 241.4 242.2 243.1 244.1 245.6 246.5 246.9 246.9 245.3 243.1 240.3 236.6 232.9 229.1 224.4 218.6 213.2 206.9 199.9 190.9 178.4 160 141.2 119 129.2 150.5 168.3 183.4 189.1 194 196.9 199.9 201.7 203 204.5 206.2 208.2 210.5 212.2 214.6 216.8 218.7 220 221.4 222.5 223.9 224.4 220.9 216.5 210.4 201.1 188 182.2 193.9 199 203.8 206.6 208.5 210.6 213.7 216.9 221.2
186.7 189.9 194.2 198.3 204.1 209.5 215.3 219.8 223.7 227.4 231.6 235.5 237.9 239.9 241.7 241.8 242 242.8 243.5 244.5 244.6 245.3 245.4 244.2 242.5 240.5 237.4 233.7 230.2 225.5 221 217.3 211.4 206.4 200.6 193.2 183.9 166.3 146.4 122.1 124.8 154.7 170.6 180.9 187.4 191.7 194.5 196.7 198.5 199 200.9 204 207 209.5 212.6 215.5 217.8 219.8 221.7 223.4 224.8 226.4 227.1 225.1 220.8 215.6 205.9 192.2 187.7 199.2 204.7 208.4 210.2 212.6 214.7 217.1 220.1 223.6
186.5 190.4 194.4 198.9 205.5 212 216.8 221.9 225.2 228.7 232.9 236.7 238.7 240.6 242.1 242.5 242.7 243.2 243.9 244 243.8 243.9 243.1 242 240 238.1 234.7 230.8 227.6 223.3 218.6 214.7 211 205.4 199.3 192.9 185.7 170.3 147.5 120.1 122.2 153.8 166.5 177.2 183.9 188.2 190 190.7 190.5 190.4 198.3 198.9 204.1 209.9 213.1 216.4 219 221.7 223.7 225.3 226.6 227.5 228 227 223.2 218.9 208.3 191.3 190.9 203.6 210.1 212.6 215.2 217.2 219.2 220.9 223.5 226.5
186.3 190 194.4 200.2 207.2 212.9 218.5 223.2 226.6 229.9 234 236.8 238.9 240.5 242.2 243 243.1 243.3 243.4 243.4 243 242.1 241.2 239.8 237.8 235.9 232.6 228.9 224.4 220.3 216.5 212.7 208.4 203 198.3 192.3 182.2 167.2 139.5 116.4 122.1 146.3 164.7 170.6 174.8 177 175.5 177.8 184.7 195 200.1 204 208.1 210.4 214.2 217.8 220.8 223.7 225.8 227.6 228.6 229 228.7 228.7 226.1 221.9 210.7 206.6 196.4 210 214.8 216.8 219 220.5 222.4 224 226.3 229.5
185.3 189.8 195.2 201.8 207.8 214.3 219.4 223.6 227 230.3 234.6 237.1 239.2 241.4 242.6 242.9 243 243.2 242.6 242.3 241.9 240.7 239.8 238.2 236.2 233.8 231.4 225.9 221.5 217.4 213.1 209.6 205.6 200.7 195.4 177.4 166.3 150.3 127.1 118.9 124.9 134 154.6 163.1 161.1 159.5 171 186.2 194.1 198.7 203.6 206.9 210 213.3 215.5 219.4 222.7 225.5 227.8 229.5 230.5 230.6 230.3 229.1 227.7 224.2 219.4 210.9 212.4 217.5 219.1 221.5 221.9 223.8 225.3 226.4 228.3 231.2
183.5 188.8 195.4 202.5 208.2 214.8 219.9 223.5 226.6 230.2 233.8 236.4 239.3 241.5 242.3 242.6 242.8 243.2 242.5 241.9 240.8 239.5 238.4 236.6 234.7 232.1 228.7 223.3 217.9 213.4 210.5 205.6 202.3 199.3 182.2 161.7 144.1 130.1 120.5 125 127.6 135 142.2 147.1 166.4 178.3 183.1 192.8 197.4 201.6 205 209.3 214 217.4 218.7 221.3 224.3 227.2 229.5 231.3 232 232.1 231.8 229.9 229.5 227.8 223.5 221.6 222 222.7 223.8 224.6 225.8 227.6 229.4 229.4 230.9 232.4
181.7 188.6 195 201.6 208.4 214.7 218.3 221.9 225.4 229.3 232.2 235.4 237.8 239.8 241.1 242.2 242.6 243.1 242.4 241.1 239.5 238.2 236.7 234.8 232.6 229.3 225.9 220.4 215.2 210.6 206.1 202.3 198.7 190 168.8 146.8 128.8 123.8 134 141.1 152.3 156.3 158.3 154.7 175.8 184.6 190.3 195 200 204.1 209.1 213.7 218.5 220.6 221.9 223.4 225.5 228.4 230.5 231.9 232.5 232.9 232.7 231.6 230.8 230.3 228.7 227.9 228.3 228.5 229 230.2 231.7 232.4 232.3 233.6 233.3 233.2
179.8 187.8 194.1 200.6 207.4 213.1 216.3 219.8 223.9 227.5 230.7 233.8 236.2 238.3 239.9 241.2 242.2 242.6 241.3 239.5 237.8 235.8 234.3 232.1 229.5 226.5 222.5 217.5 212.6 208.3 203 198 192.2 173 153.1 133.8 130.9 151.4 155.4 154.9 168.9 171.9 175.2 178.2 182.9 188.3 193.8 199.4 204.2 208.7 213.1 217.3 220 222.1 223.7 225.9 227.8 229.6 231.3 232.5 233 233.4 234 233.6 232.8 231.9 231 231.7 232.4 232.9 233.3 233.6 234.2 234.8 235.5 234.5 233.9 233.4
179.2 186 193 198.8 204.9 210.2 213.5 217.6 221.7 225.4 228.9 231.9 234.6 236.9 238.9 240.4 241.3 240.7 239.2 237.2 235.2 232.9 231 228.8 226.1 223 218.7 214.4 210 205.6 199.7 195.2 185 159.9 137 128 151.3 160.6 165.8 171.6 176.5 180.5 183.7 186.1 187.9 193.7 198.9 204 207.9 211.4 215 218 221 223.8 225.2 227.3 229.2 231.3 232.4 233.4 234.2 235.1 235.7 235.5 234.9 234.1 234.1 234.2 234.4 234.8 235 236.1 236.4 236.8 237 236.2 234.6 232.4
176.9 185.4 191.5 197.3 203 207.7 212.2 215.6 219.4 223.7 227 230.5 232.9 235.5 237.5 239.3 238.9 238 236.6 234.5 232.2 229.6 227.2 224.8 222.1 219 215 211.2 207.7 201.9 196.2 190.5 178 151.3 128.8 137.1 155.2 163.9 169.9 176.9 181.1 185.1 188.5 191.7 194.5 199.1 203.8 207.4 210.5 213.4 217.4 220 222.9 225.3 227.3 229.4 231 232.9 234.1 235.6 236.7 237 237.5 237.6 237.7 237.2 236.8 236.8 236.9 236.7 237.4 238.4 238.4 237.8 237.2 235.9 233.8 232.2
176.8 183.9 190.1 195.8 201.1 207.7 210.6 213.9 217.9 222 226 229.5 231.8 234.2 236 236.9 236.6 235.6 233.9 231.6 229.3 226.4 223.4 220.9 218 214.9 210.5 208 203.8 198.5 192.8 184.6 172.6 147.7 130.6 143.4 157.9 166.9 174.8 179.6 183.9 188.9 192.6 197.4 200.9 204 206.9 209.8 212.9 216.3 220 222.5 225 227.6 229.8 231.6 233.2 234.8 235.8 237.8 238 239.4 240.4 240.4 240.5 240 239.8 239.5 239.5 239.8 240.2 240.3 239.6 238.3 236.7 235.1 233 231.6
