public/OST50/SN44.asc
ncols 200
nrows 200
xllcorner 240000
yllcorner 240000
cellsize 50
[rows 0 to 34 of 200, columns 0 to 77 of 200]
288.2 286.1 281.4 274.3 266.1 254.9 241.2 228.7 218.4 212.2 208.8 206.3 203.4 202.3 201.5 201.2 201.9 200.5 200 198.7 198.2 198.7 197.3 195.5 195.3 192.8 191 191 190.2 189.4 187.6 187.7 187.8 186.9 186.5 186.2 185.8 185.3 184.8 184.5 184.2 183.8 183.3 183.6 183.3 183.4 182.3 183.8 188.5 190.2 191.8 193.7 195.8 197.8 200 202.1 205.5 210.2 214.9 221.3 229 235.2 241.1 246.9 254.3 261.7 269.4 277 282.5 284.5 285.5 285.5 284 281.4 278.2 274.5 271.1 267.6
286.7 283.4 276 266.4 254.3 244 231.1 219.8 215 211.3 207.7 205.7 202.6 204.2 203.8 204 202.7 201.7 201.7 200.9 199.7 198.5 198 197 195.3 193.6 192.1 191.8 191.7 190.9 189.8 189.5 188.9 188.2 187.1 186.2 185.2 185.3 184.1 183.9 183.5 183.3 183.5 182.4 182.4 182.7 182.9 186.9 189.3 190.6 192 194.1 196.2 198.2 200.1 202.9 207.4 211.6 216.1 220.5 226.2 232.1 238.8 246.4 253.2 260.6 268.8 276.4 280.7 282.9 284.2 284.2 282.5 279 275.6 272.4 269.2 264.6
281.1 274.3 263.5 254.4 245.5 235.6 222.6 215.7 212.7 209.7 207.3 204.6 205.8 206.3 205.8 204.6 203.9 203.6 202.7 201.7 201 199.9 199.2 198.1 196.1 194.1 193.6 193.8 193.4 192.2 191 189.5 189.9 189.9 189.4 188.3 186.7 186.2 185.7 184.8 183.4 182.8 182.3 182.2 181.7 182.1 187.2 189 189.7 190.7 192.3 194.4 196.4 199.1 201.9 205.1 209.4 213.5 217.3 221.4 225.9 232.3 239 245.9 252.7 260 267.6 274.5 277.8 279.9 281.2 281.1 278.8 274.2 271.5 268.7 263.6 259.6
267.6 260.6 254 246.6 238.2 226.2 218.2 213.1 210.7 209.4 207.1 205.1 206.3 207.5 206.8 206.4 206 205.1 204.2 203.4 203 202 201.1 199.7 197.4 195.9 195.4 199.1 197.2 195.1 193 192.1 191.7 191.7 191.4 190.4 187.1 186.6 185.8 184.8 184.1 182.9 182 181.4 181.2 183.2 187.4 188.7 189.6 190.8 193 194.6 196.6 198.9 202.1 205.7 209.7 214.5 218.9 223.8 228.4 232.7 239.4 245.2 250.7 258 265.3 271.5 273.5 275.1 276.1 275.6 271.4 268.4 265.8 261.6 259 256.7
259.8 254.7 248.1 241.1 231 221.3 217.4 215.3 212.7 208.6 207.3 206.2 207.9 209.4 208.9 208.7 208.1 207.3 206.6 205.5 204.9 204.2 203.6 201.5 199.1 198.5 200.2 203.4 202.9 199.9 198 195.5 195 194.9 194.7 194.1 191.5 187.1 185.8 184.7 183.6 182.9 181.7 180.9 181.8 183.9 186.8 188.5 189.3 191 192.9 194.4 196.5 198.8 202.1 205.7 209.9 214.8 219.8 224.3 228.3 233.2 237.8 243.3 248.7 254.1 260.6 265.7 267.3 267.7 267.6 266.3 264.3 262.3 259.5 257.3 255.7 253.8
255.5 250.4 242.8 236.2 227.5 223.6 221.6 217.8 213.8 211.1 207.9 207.7 210.3 211.6 211.3 211.4 210.7 210.1 209.1 208.1 207.1 206.7 204.8 202.3 201.6 202.9 206.2 207.3 206.4 204.2 201.8 200.4 199.9 199 198.7 197.6 194.3 189.1 185.8 184.6 183.2 182.1 181 180.8 180.6 184.1 186.9 188.3 188.9 190.6 192.3 194.1 196.4 198.7 201.8 205.2 209.1 213.6 219 223.2 227.3 232.2 237.1 241.4 245.4 249.9 255.3 258.8 260 260.2 259.9 259.3 257.8 256.8 255.6 253.7 252.6 251.4
252.8 248.7 240.7 233.6 229.7 228.9 224.8 219.9 215.1 210.8 208.3 209.6 212.2 213 213.2 213.5 212.7 212.7 211.1 209.9 208.7 207.6 207.5 206 204.6 207 209.1 210.1 209.7 207.9 206.7 204.9 203.9 203 201.4 199.1 196.3 192.4 188.1 185.2 183.7 182.3 180.9 180.5 180.2 183.7 186.3 187.5 188.9 190 191.7 194.2 196.3 198.7 201.2 204.2 208.2 213 217.5 222.1 226.4 231 235.6 239.3 242.4 246.4 249 251.7 252.7 253.9 254.8 255 253.9 253.4 252.3 251.2 250.9 249.4
251 246.2 240.7 238.7 235.1 231 226 220 214.3 211.4 209.7 211 213.5 215.1 215.4 215.8 214.9 215 213.6 212.5 211.9 209.5 208.7 207.9 207.5 208.6 210.4 212 212.1 211.8 210.6 208.8 206.2 204.3 202.4 200.2 196.9 193.2 189 185.3 183.5 180.9 180.5 179.8 181 184.4 186 187.3 188.6 189.9 191.7 194.4 196.7 198.9 201 203.9 207.8 211.7 215.4 221.1 224.9 229.6 233.5 237.1 240.4 243.2 245.2 247.3 249.4 250.4 251.5 251.6 251.3 250 249.8 249.5 249 248
250.9 248.8 246.1 242.3 237.3 231.7 224.9 217.2 213.3 211.5 211.6 212.2 214.3 216.4 217.1 218 217.6 217.4 215.9 214.5 212.8 211.7 211 210.3 209.4 210.2 211.8 213.2 213.8 213.5 212.4 210.6 208.5 206.1 202.7 200.1 196.6 193.9 190.5 185.4 182.6 180.5 179.4 180.5 182.4 184.4 186 187.4 188.9 190 192.9 194.8 197 198.8 200.7 203.2 206.4 209.5 214 218.3 223.4 228.6 231.3 235.2 238.6 240.5 242.8 244 245.5 247.5 247.8 248.5 248.4 248.5 248.1 247.8 247.4 246.9
254 251 247.2 242.4 236.7 229.7 221 214.1 213.5 213.9 213.8 215.3 216.1 218.9 219.7 220.3 220.1 219.5 217.5 216.3 215.2 213.8 213.4 212.8 211.9 212.4 213.2 214.3 215 214.3 213.1 211.3 208.7 204.9 202 198.5 195.5 192.9 189.4 185.5 181.2 180.4 179.7 180.4 182.6 184.8 186.3 187.4 188.5 191.3 193.9 195.8 196.9 198.5 200.7 202.6 205.6 207.9 213.5 216.9 222.7 227.4 229.1 232.3 235.5 237.9 240 241.4 242.6 243.7 244.7 246 246.3 246.8 246.6 246.4 246.2 245.5
254.5 251.1 246.2 240.8 233.8 225.3 218.6 215.9 215 216.5 217.9 219.9 221.9 222.3 223.1 222.6 221.5 220.7 219.2 218.5 217.4 216.5 216.4 215.4 214.9 215 215.1 215.7 215.5 215 213.7 211.4 208.4 205.1 201.6 197.6 193.9 190.9 187.5 183.5 181.1 179.6 178.8 180.4 182.5 184.8 186.6 187.6 189.7 191.8 194.3 196.2 197.8 199.4 200.9 202.4 204.3 207 211.4 216.4 221.4 224.5 227.5 230 232.1 234.9 236.3 238 239.6 241.4 242.8 244.1 245.6 246.1 246.3 245.6 244.5 243.3
253.7 249.6 244.5 237 229.1 221.4 218.8 217 218.1 221.3 224.8 226.8 228.1 229 229 226.8 225.4 223.6 221.4 220.6 219.6 219.4 218.7 219.2 218.4 218 217.6 217.2 217.1 216.5 215.4 213.4 210.7 207.4 203.6 199.7 195.9 191.6 187.5 184.2 181.4 179.2 177.6 180.4 180.6 184.3 186.4 188.3 190.7 192.7 194.4 196 197.5 199.1 200.3 201.7 203.5 206 210.5 215.3 219 222.1 225.3 227.5 229.1 231 232.4 234.7 236.1 239.6 242.2 244.2 245.3 245.5 245.5 243.7 242.2 240.3
252 247.2 240.2 231.6 225.9 221.9 218.7 220.5 224.2 230.8 233.7 236.9 237.7 236.7 236 233.6 231.5 228.3 225.2 223.5 222.7 222 221.2 221.4 221.6 220.7 220 219.1 218.7 218.1 217.4 215.7 213 209.8 206.1 202.6 199.9 193.9 189 185 182.2 180.5 178.2 179.2 180.4 183.4 186.1 189.2 191 192.4 194.1 195.7 197.3 198.5 199.5 201 202.9 205.6 209.4 212.9 216.5 220 222 223.8 225.9 225.8 226.1 229.2 238 241.1 243.2 245.3 245.8 246.1 246.3 244.5 241.7 237.4
249.5 244.1 235.6 229.5 224.7 223.3 223.8 225.4 233 235.6 242.7 245.2 246.1 246 244.5 242.8 239.4 235.1 231 228.5 226.8 225.2 225.1 225 224.3 223.2 222.3 221.2 220.3 219.7 219 217.9 215.9 212.6 208.8 205.5 202 197.2 191.2 187 183.3 181.6 177 178.7 180.1 182.4 185.5 189.1 190.4 191.9 193.7 195.3 196.7 197.8 198.9 200.3 201.9 203.4 207.4 210.2 213.9 215.9 217.3 214.7 218.5 224.1 230.3 236 239.9 242.6 244.8 246.5 247.7 248.6 247.9 245.7 241.5 236
246.9 239.8 232.3 228.8 227.3 229.8 235.6 239.7 245.1 251 252.6 252.8 253 252.4 250.7 249.8 246.9 242.5 239.3 235.2 233.4 232.2 229.8 227.8 226.8 225.5 224.2 222.6 221.5 221 220.2 219.3 217.8 214.9 211.6 208 202.4 197.5 192.6 188.7 184.3 182 180.9 177.8 178.8 180.2 185.6 188.5 189.9 191.2 193.3 194.7 196.1 197.2 198.3 199.4 200.3 202 203.4 204.5 207 209.4 214 220.3 225.5 229.2 234.5 238.6 242.2 245 247.5 249.6 251.1 252.1 250 245.6 241.5 234.8
242.5 237.9 236.3 235.4 238.1 244.5 250 254.5 257 258.3 258.4 258.3 257.5 256.6 255.3 253.8 252.2 249.5 247.2 243.5 241.9 238.2 235.3 231.9 228.8 226.2 224.3 222.8 221.2 220.7 220.6 219.8 218 215.5 212.9 209 202.6 198 193.4 189.3 185.8 182.4 180.9 177.4 178.1 180.1 183.9 187 188.8 190.3 192.4 194 195.4 196.2 197.1 198 198.6 201.1 202.9 205.1 208.7 213.6 218.3 224.3 229.3 233.6 237.8 241.4 244.7 247.9 251.2 254.1 256.2 255.3 252.4 247.5 243.9 235.5
246.5 246.1 247.9 250.3 251.9 256.7 258.9 261.1 262 262.2 262.2 261.5 260.7 259.7 258.6 257 255.4 253.7 251.6 249.5 246.9 243.8 239.9 236.1 231.2 225.9 222.4 220.7 218.8 218.4 219.2 217.8 216.8 214.4 211.9 207.1 202 197.8 193.9 190.1 186.3 183.1 181.1 178.3 178 180.1 183.3 185.5 186.1 188.4 190.9 192.7 194.2 194.6 195.4 197.2 198.9 201.5 205 209.3 214.9 220.1 224.2 229.1 233.6 237.7 241.6 244.8 248.3 251.9 256.1 259 258.9 257.7 254.5 250 245.1 239.2
253.6 254.8 257 259 261.7 263.6 264.4 264.7 265 264.8 264.4 263.7 263 262.1 261 259.8 258.5 257.1 255.6 253.5 251 247.8 243.4 239.4 234.9 229.6 221.7 217.8 216.1 214.4 214.4 212.3 211.5 210.2 207.4 204.2 201 197.6 193.8 190.3 186.8 184 181.2 178.3 178.1 178.9 181.3 184.6 187.2 188.7 190.6 191.7 191.9 194.5 195.1 197.8 200 203.8 209 215.4 221.5 226.1 229.5 233.3 237.2 241.2 244.8 248.4 252.9 258 261.5 262.1 261.6 260 256.5 246.2 247.1 242.2
260.1 260.9 262.9 265.6 266.8 267.5 267.7 267.3 267.1 266.7 266 265.5 264.8 263.8 262.8 261.7 260.5 259.2 258.1 256.9 254.3 251.5 247 242.1 237.1 231.7 224.4 216.2 213.9 212 209.7 206.9 206.5 206.3 204.9 202.4 199.9 197 193.7 190.3 186.5 183.6 180.7 179.1 176.1 179.3 184.3 184.5 185.8 188.5 189.7 191.4 192.8 194.2 196.6 198.8 201.9 206.3 214.3 220.6 225.1 229.2 233 236.9 240.7 244.5 248.6 254.2 259.2 261.9 263.5 264.4 263.3 261.8 258 253.6 248.3 235.7
267.2 267.8 268.8 269.8 270.4 270.4 269.9 269.2 268.2 267.3 266.5 266.1 265.7 264.5 263.2 263 261.8 260.7 259.4 257.8 256 253.3 249.5 244.4 239 233.1 227 217.5 211.5 209.7 207.4 205.2 204 203.8 202.7 200.7 199 196.8 193.8 190.2 186.5 184.1 181.6 177.4 176.7 181.5 182.9 184.1 185.9 188.8 189.3 190.7 192.8 194.9 197.4 200.8 204.8 210.4 217.4 223 227.5 232.1 237.3 241.5 245.4 249.5 255 259.3 262.3 264.4 265.7 266 264.3 261.9 258.3 253.6 249.6 227.9
272.7 273.1 272.8 272.9 273.1 272.6 271.4 270.6 268.7 267.4 266.5 265.8 265.1 264 262.7 261.5 260.6 259.7 258.9 257.6 255.6 253.3 249.7 245 239.4 231.4 225.2 218.2 210.8 207.5 205.8 204.5 202.4 201.7 200.1 199.1 197.6 196.5 194 190.8 187.4 184.3 182 178.1 176.4 180.5 182.7 184.3 185.9 187.9 189 191.1 193.1 195 198.6 202.7 207.6 214.4 220 225.3 231 236.3 241.4 246.3 250.3 256.4 259.5 262.1 264.5 266.3 267.1 266.1 264 260.9 256.9 252.2 247.3 218.8
276.4 276 275.7 275.5 275.2 274.1 272.9 271.2 269 266.3 264.9 263.2 262.2 261.5 260.3 259.3 258.6 258.2 257.6 256.7 254.9 252.4 249 244.3 238.3 229.1 222.4 215 209.1 206.2 203.7 203.1 200.9 200.1 198 197.4 196.2 195.3 193.6 190.7 188.1 183.7 180.5 178.7 176.9 176.9 180.2 182 184.2 187.1 189 190.9 193 195.7 199.7 204.2 209.1 216.5 222.9 229.6 235.2 240.5 245.5 251 255.7 258.7 261.3 263.9 266 266.6 266 264.8 262 258.3 254 250.3 239.8 213.6
279.1 278.6 278 276.7 275.8 275 273.4 271.2 269 266.4 263.2 259.1 255.6 256.6 256.1 255.5 255 255.4 255.4 254.8 253.4 250.6 247.3 242.3 235.3 225 221.3 213.8 207.3 204.8 202.2 201.5 199.3 198.2 196.8 194.5 194.1 190.6 189.8 190.2 188.3 182.3 179.4 179.4 177.2 176.5 179.6 182.7 185.2 186.7 189.2 190 192.7 196.5 201.7 205.7 212.7 219.7 226.7 233.5 239.4 244.2 249.6 254.8 257.7 260.4 262.8 264.7 265.8 264.9 263.9 261.9 258.7 255.3 251.4 248.2 237.9 208.5
281.1 280.4 279.1 277.8 276.4 275.3 273.4 271.8 270.3 267.8 264.8 260.7 256.2 250.6 248.4 250 251.1 251.9 252.4 251.8 250.4 248 244.8 238.5 233.4 224.5 219.7 213.5 206.1 203 201.2 200.6 196.4 196.5 195.6 192.8 188.9 188 185 184.3 184.4 182.8 180.7 179.1 177.6 176.4 179.1 180.5 183.3 185.8 188.4 190.1 193.3 198.5 203.3 209.1 215.5 223.6 231.8 238.7 244.2 249.8 253.6 256.7 259.5 261.9 263.6 264.5 264.4 263 261 258.2 255.3 252.2 248.9 245.7 234.7 208.6
282.3 281.5 280.1 278.5 277.1 276 275.2 274 272.3 269.4 266.4 262 256.3 250.6 244.4 242.3 245.4 246.8 247.4 247.6 246.3 243.8 238.8 233.4 224 222.3 216.5 208.8 203.9 200.9 198.3 197.5 194.9 192.5 196.7 195.1 193.8 192.3 190.8 190 188.7 186.7 181.8 179.5 176.8 176.3 180.3 180 182.5 186.1 187.8 191.7 196.3 201.5 207.9 214.4 222 228.1 236 242.9 248.2 251.9 255.2 258.6 261.2 263.3 264.1 264.1 262.7 261 258.7 255.8 252.6 248.9 245.2 239.6 232.3 209
282.9 282.5 280.9 279.2 278.2 278.2 277.5 276.3 273.9 270.8 267.6 262.8 257.4 250.7 244 237.1 237 239.7 241.5 242 241 238.3 232 227.3 222.2 218.1 212.7 206.9 203.1 198.2 199.7 199.3 199.8 199.3 198.1 195.8 195.1 193.1 191.2 190.5 189.6 187.7 184.3 178.8 176.3 175.1 177.1 181.3 182.3 186.4 189.8 193.7 200 207 213.7 221.4 228.6 235.1 240.8 246.8 250.7 254.4 257.6 260.6 263 264 264.1 263.1 261.5 259.8 256.9 253.8 249.5 244.4 239.8 235.2 225.9 207.2
284.1 283.4 281.4 280.4 280.2 280.3 279.7 277.9 275.6 272.3 268.6 264 258.1 251.8 244.2 236.3 230.7 229.3 231.4 232.4 230.1 226.7 223.9 219.9 217.6 214.1 207.7 204.5 201.8 201.6 202.5 202.7 202.4 199.9 199 196.8 194.9 193.2 190.9 190.2 190 188.3 184.9 178.7 176.9 175.1 174.6 179.3 183.9 189.3 194.1 198.4 205.5 212.4 221 227.9 234.3 241.5 247 250.4 253.4 256.9 259.6 261.6 262.5 263.7 263.5 262.5 261.2 258.9 256 251.5 245.6 240.3 233 222.7 209.3 195.7
285.3 284.3 282.7 282.1 282.1 281.9 281.2 279.5 276.9 273.3 269.1 265.1 258.5 253.2 246.6 239.2 229.4 227.1 223.9 220.9 218.6 215.1 213.8 211.5 208.4 207 205.5 204.6 203.7 203.9 204.4 205.9 204.6 202.7 200.2 197.1 194.5 191.8 190 188.3 189.3 188.3 184.8 178.4 174.6 174 174.5 177.3 184.5 190.6 197.4 203.8 212.3 219.6 226.4 234.4 240.7 246.7 249.9 253 256.2 259.3 261.1 262.6 263.4 264.2 263.8 263 261.2 258.2 254.9 249.4 243.4 237.9 232.3 224 213.9 207.4
286 285.2 284 283.3 283.8 283.4 282.1 280.4 278.4 274.5 270.7 266.4 261.2 255.6 248.7 237 236.3 239.4 237.3 232.4 227.3 222.5 218.7 215.5 211.8 209.4 207.3 205.5 205 206.4 207.4 208.3 208.1 206.5 205 202.4 198.4 191.1 187.4 185.5 186.1 185.3 182.7 177.9 175.7 174.1 173.3 176.7 184 194.1 203.3 213.3 220.9 227.1 233.7 240.3 245.5 249.4 252.7 256.7 259.3 260.5 262.2 263.1 264 264.9 264.3 263.1 260.9 257.3 252.7 246.5 239.2 232.4 225 222.6 216.4 211.7
286.6 285.8 284.4 284.4 284.7 284.2 283.4 281.8 279.6 276.3 272.5 268.5 263.2 256.2 242.8 240.5 246.3 246.2 244.1 240.9 236.5 231.9 226.3 220.6 215.4 211.5 209.6 207.6 207.9 210.3 212.5 213.2 214.7 214.5 213.4 209.9 204.3 197.3 188.3 184.1 183.1 181.2 179 178.2 174.8 173 173.4 176.7 183.4 196.9 208.8 219.3 226.9 234.3 239.2 243.8 248.2 252.4 256.2 259.8 262 263.5 263.3 264 264.8 265.1 264.1 261.6 259.1 255.3 251.7 248.4 233.9 213 208.3 202.2 207.7 208.9
286.8 286.3 285.3 285.1 285.6 284.9 284.6 282.7 280.5 277.1 273.4 269.1 263 254.1 247.1 250.9 251.9 251.4 249.2 246.3 242.1 237.7 231.5 225.7 219.9 214.5 211.6 209.8 212.2 214.8 217 219.1 220.3 220.5 219.8 216.6 212 203.2 192.4 186 183.3 181.1 180.5 177.8 173.4 171.8 173.3 175.9 184.3 204.3 215.1 225.2 233.6 239.6 244.2 247.7 251.3 254.3 257.9 261.1 263.1 264.5 265 266.1 265.7 265.3 264.1 262.1 260.8 259.1 253.6 250.3 245.5 236.7 228.1 209 195.6 200.5
286.9 286.8 286.5 285.8 286 285.3 284.5 283.3 281.4 277.8 273.8 268.3 258.2 254.6 258 257.5 257 256.4 253.9 250.8 246.2 240.7 235.4 230.1 224.8 217.3 213.3 213.5 216.4 219.9 222.3 224.5 225.4 225.2 224.4 222 217.8 210.5 200.1 189.3 184.3 182.5 179.7 178.2 175.5 173.4 172.1 175.3 187.9 209.6 223.2 231.5 237.9 243.9 247.7 251.3 253.6 255.9 259 262 264 265.5 266.5 266.6 266.3 265.4 265.6 264.4 262.9 260.7 257.4 252.7 250.1 246.5 239.8 218.9 197.5 190.4
287.8 287.9 287.7 287.1 286.1 285.6 284.9 283.6 281.2 278.7 274.3 269.4 265.1 263.5 263 262.9 262.4 260.3 257.4 253.7 249 243.8 238.9 232.9 226.6 219.9 217.1 217.8 221.3 225 227.5 228.1 228.3 227.6 226.1 224.3 220.7 215.4 206.7 197.2 186 181.1 177.7 177.5 174.4 173.1 171.3 176.7 198.1 217.6 227.9 235.6 242.1 246.8 250.3 253.3 255.3 257.4 260.2 263.2 265.4 267 267.8 267.3 266.6 266.5 267 266.4 264.6 262.3 260.5 257.9 254.8 253.2 246.3 226.3 204.5 194.2
289.1 289.3 289 288 286.6 285.6 284.2 283 281 278.6 275.4 271.9 269.4 268.7 268 267.9 265.7 263.6 260.3 256.5 251.9 246.3 240.8 236 229.5 222.6 219.5 221.5 226.5 229.7 230.8 230.9 230.6 228.6 226.9 224.6 221 216.9 210.5 202 189.3 178.4 176.4 174.7 171.6 170.9 170.8 184.9 206.6 223.2 232.2 239.5 245.1 248.9 252.1 254.6 256.6 258.9 261.7 264.1 266.4 267.6 267.8 267.2 267.7 267.8 268.2 267.4 266.4 265.6 264.5 262.2 259.4 254.7 248.4 235.3 214.4 196.9
289.2 289 288.3 288 286.8 285.6 284.4 283.1 281.1 278.8 276.9 275.2 273.9 272.9 272 271 268.8 266.4 263.4 258.9 254.2 249.1 243.3 237.9 230.7 224.9 222.4 226.9 230.8 232.8 233.4 233.6 232.2 229.2 227.9 224.2 220.5 216.7 211.3 201.2 187.5 175.8 172.7 173.5 171.6 171 174.1 193.1 213.9 226.7 235.1 242.2 247 251 253.6 255.2 257.4 259.9 262.1 264.1 265.4 266.3 266.5 267.3 268 268.6 268 268 268.2 267.8 267 264.8 261.8 257.2 251 243.9 229.5 210.3
