public/OST50/SN44.asc
ncols 200
nrows 200
xllcorner 240000
yllcorner 240000
cellsize 50
[rows 0 to 34 of 200, columns 78 to 155 of 200]
263 257.4 253.1 248.5 244.3 240.1 231.1 223.4 234.4 238.5 241.2 243.7 246 249.1 251.5 254.3 257 259.1 261.1 263.2 265 268 271.3 274.7 277.3 279.9 282.6 285.3 288.7 292.4 296 299.6 303.5 306.9 310 313 315.8 317.7 319.7 321.5 322.9 323.4 323 322.6 320.8 319.1 317.3 315.1 313.5 312.2 311.5 310.6 309.6 308.4 307.2 306.1 305.3 303.9 302.4 300.9 299.3 297.5 295 292.8 290.5 287.9 285.4 283.3 281.3 279.3 277.4 276.3 275.3 273.9 272.8 272.6 272.1 270.9
259.6 256 251.8 247.7 244 239.2 228.6 221 232 238.3 240.7 242.8 245.6 248.3 252 254.9 257.5 260.1 262.7 264.9 266.7 269.9 273.2 275.8 278.3 281.2 284.2 287.1 290.1 294.1 297.6 301.4 304.8 308.1 311.1 314 316.2 318.1 320 321.7 322.4 322.8 322.2 321.6 320.2 318.4 316.4 313.8 311.6 309.9 309.2 308.5 307.6 306.1 305.3 304.3 303.3 302.2 300.9 299.4 297.9 295.9 293.6 291 288.6 286 283.4 281.2 279.5 277.2 276.2 274.5 273.7 273.5 272.8 272.3 271.6 270.3
256.8 253.5 250.2 246.3 242.1 237.9 226.7 222.2 234.9 237.3 239.4 242.7 246.3 249.8 253 255.5 258 260.4 263.6 266 267.7 270.8 274.5 277.3 280.1 282.8 285.5 288.8 292.2 295.4 298.9 302.6 306 309.1 311.8 314 316.1 318 319.7 321.1 321.9 321.9 321.4 320.8 319.7 318.1 315 312.4 309.8 307.6 306.7 305.6 304 302.9 302.2 301 301.1 300.4 299 297.8 296.6 294.6 292.4 289.8 286.7 283.8 281.4 279.7 277.9 275.7 274.3 273.2 272.6 272.5 272.2 271.2 270.3 268.7
254.2 251.8 248.2 244.2 239.7 233.9 221.3 221.6 228.2 236 241.1 245.4 248.4 251.1 253.4 255.9 257.8 260.3 262.6 265.3 268 271.6 275.5 278.9 282 284.7 287.3 290.3 293.3 296.7 299.9 303.6 306.9 309.6 311.9 314.1 315.6 317.6 319.2 320.3 320.8 320.7 320.5 320 319.2 317.4 314.3 310.5 308 306.3 304.2 302.7 300.7 299.1 298.6 297.9 298.5 298 297.3 296.4 295.4 293.4 291.2 288.5 285.5 282.3 280 278 276.1 274.4 272.2 271.8 271.5 271.2 270.7 269.9 268.9 267.3
251.8 249.6 245.5 241.3 237.5 233.1 218.2 223.5 235.2 240.7 243.7 246.2 249.4 251.7 253.7 255.8 257.5 258.9 261.4 263.6 266.9 271.2 275.5 279.8 283.8 286.4 289.1 291.3 294.2 297.1 300.6 304.2 307.1 309.7 311.9 313.3 314.8 316.7 318 318.8 319.1 319.2 319.1 318.9 318.7 316.7 314.3 310.1 307.2 304.2 301.6 297.6 296.5 294.7 294.3 294.4 294.3 294.9 294.9 294.6 293.5 292.3 289.8 287.2 284.4 281.6 279 276 274.4 272.6 271.2 269.9 270 269.7 269.5 268.5 267.4 265.9
249.7 247.2 244.3 240.6 233.6 224 218 227.7 238.6 243.2 245.9 247.8 250 251.9 253.3 254.7 256 257.1 258.9 262.5 266.3 270.7 275.2 279.5 285.5 291.2 290.4 291.7 294.5 297.2 300.2 303.5 306.5 308.8 310.6 312.2 313.8 315.3 316.6 317.2 317.2 317.6 318.1 318.1 318 316 313.7 310 306.8 303 300 297 292.4 288.2 287.8 288.1 289.1 290.7 292.6 292.2 291.6 290.6 288.8 286.4 283.8 280.5 278.2 275.7 273.1 271.2 268.5 267 268.2 268.1 268.1 267.9 266.6 264.5
248.4 246.8 245 242.6 234.9 224.7 216.7 223.8 240.3 245.2 247.3 249.1 250.5 251.1 251.6 252 252.5 254 257.8 261.6 266.1 270.1 273.9 278 282.4 286.5 288.5 291 293.8 296.7 300.1 302.7 305.1 307.3 309.1 310.8 312.4 314 314.8 315.1 315.3 316 317 317 316.8 315.1 313 309.8 306.1 302.3 298.7 294.7 290.2 282.4 276.2 281.1 283.3 286.1 288.7 289.1 289.7 288.8 287.9 285.6 283.1 280.4 277.6 275 272.3 269.7 267.1 264.4 265.8 266.6 266.5 265.9 264.6 262.6
247.2 246.8 245.2 242.7 237.1 234.5 218.6 219.7 234.2 246.2 248 249.1 249.6 249.7 249.5 249.2 249.6 252.8 256 260.6 264.7 268.6 272.2 275.7 279.1 283.2 286.8 289.4 292.4 295.4 298.3 301.2 303.7 305.8 307.6 309.3 310.8 312.1 312.5 312.6 312.9 314.4 315.4 316.2 316 314.9 311.9 308.6 304.8 300.6 297.4 292.7 287.9 279.4 271.6 272.8 278.3 281.1 283.7 287.1 287.8 287.6 286.8 284.7 282.4 279.7 277.1 274.4 271.7 268.7 265.7 263.2 262.8 263.7 264.1 263.7 262.6 260.5
246.3 245.8 244.8 243.6 241.9 240.3 227.6 212.7 223.8 244.1 246.9 247.2 246.8 246.1 245.2 246 247 249.9 254.4 258.6 262.3 266.3 269.3 271.7 274.4 277.3 281.7 286.3 289.8 293 296.2 299.9 302.3 304.6 306.7 307.7 308.9 309.3 309.8 309.9 310 311.9 313.3 314.5 314.5 313.3 310.4 307.3 303.1 298.6 294.9 290.4 285.8 279.1 269.9 266.6 271 276.2 281.2 285.1 286.3 286.6 286.2 284.1 282.1 279.4 276.9 274.5 271.7 268 264.9 261.8 258 261.3 261.5 261.2 259.9 257.7
244.7 244.2 244.2 244.6 244 241.9 237.2 217.2 216.7 238.3 244.4 243.6 241.3 241.4 240.3 242.1 244.6 247.2 250 251.9 256.9 260.4 263.1 266 270.7 275.8 279.8 282.5 286.3 288.5 292.8 298.7 301.6 304 305 306 306.7 306.7 306.8 306.9 307.1 308.9 310.5 312 311.9 310.9 308.8 304.9 300.6 296.7 292.2 288.5 283.5 276.5 270 258.5 264.6 271.6 279 283.7 285.9 286.1 285.4 283.5 281.5 279.2 276.8 274.4 271.6 267.9 264.2 260.7 257.9 258.1 258.8 257.7 256.3 255
242 242.3 243.9 244.7 244.9 243.7 240.4 226.4 211.2 218.3 233.5 235.4 235.2 234.3 237.4 239.1 239.3 242.3 246.6 251.6 254.3 259.9 264.6 270.1 274.6 279.3 284 288.6 292.3 294.3 296 299.2 301.6 303.8 304.3 303.9 303.9 304 303.7 303.1 303.6 305 306.1 307.5 308.4 307.6 305.4 302.5 298.7 293.3 289.1 285 280 274.4 267.5 257.8 259.3 269.2 279.2 282.9 285.9 285.9 285.3 283.3 281.2 278.5 276 273.5 270.3 267.2 263.4 259.3 256 253.6 255.1 254.3 253 251.5
238.6 239.3 242.3 244.8 245.6 244.8 241.5 234.5 218.6 208.3 219.1 227 226.8 229.2 229.8 231.5 239.2 239.7 242.2 250.8 256.1 262 268.6 274.9 278.8 283.3 288.1 292.4 295.8 297.7 299.5 300.8 300.5 302.1 302.2 301.1 300.9 299.8 299 298.2 298.8 299.8 301.1 302.4 303.6 303.4 301.8 299.5 295.8 290.8 286 282.3 276.4 270.7 262.4 252.4 259.6 270 280.1 284.4 286 285.6 284.9 283 280.4 277.7 275 272.3 269.4 266.4 262 257.9 254.2 248.7 251.3 250.6 249.5 247.6
235.5 236.8 239.7 243.7 246.2 245.3 240.1 234.8 220 206.1 215.1 217.8 221.2 222.6 234 240.8 247.6 251.8 255.7 258.7 264.5 268.9 274 279.1 282.9 286.8 291 294.9 298.1 300.1 302 302.9 302.8 301.9 301 299.4 296.8 295.4 293.3 291.8 291.3 292.9 293.9 296.1 297.2 297.1 296.3 295 291.7 287.4 282.7 277.5 272.2 267 255.9 249.3 260.5 272.3 281.1 284.4 285.7 285.2 283.8 281.6 278.9 276.3 273.6 271 268.2 265.3 261 256.5 252.4 248.9 247.1 247.1 246.3 245.2
231.4 233.6 235.9 240.3 243.1 242.3 237.8 229.9 210.7 206.4 211.2 214.5 219.8 232.1 239 244.4 249.6 254.4 258.6 262.8 266.9 272.2 277.1 281.7 285.9 289.4 293.5 296.4 299.6 302 303.3 304.2 303.5 302.3 300.6 297.5 293.8 290.7 288.6 285.8 285.8 286.3 286.3 286.5 288 288.6 289 288 285 281.9 278.3 272.7 268.6 263.2 250.7 247.8 260.9 271.9 279.4 283 284.7 284.1 282.3 279.8 277.1 274.4 271.9 269.6 267 263.4 258.7 255.1 251.1 247 243.6 244 243.6 242.9
228 229.5 232.3 234.8 237.7 236.4 228.7 214.3 203.3 208.9 218.5 223.6 230.4 236.9 242 247.3 252.5 256.8 260.7 265 269.7 274.5 279.9 284.4 288 291.8 295.5 298.5 301.2 303.6 304.9 305.6 304.7 303.2 300.7 298.1 293.8 287.8 283 279.1 278.3 280.4 281.4 281.5 283 284.3 285.4 281.4 278.3 275.8 272.4 267.8 265.2 259.9 252 244 256.2 268.9 276.8 281.2 283.1 282.6 280.7 277.9 274.9 272 269.3 267 264.1 260.3 256.4 253.2 249.4 244.7 241.4 239.5 240.3 238.6
222.9 221.9 230.2 231.1 230.4 221.1 211.5 206 201.5 213.3 225.7 231.6 234.5 237.9 243.5 249.1 253.9 258.2 262.2 267 271.8 276.9 282.4 286.7 290.5 294.1 297.2 300.1 302.8 304.9 306.4 306.9 306.5 304.7 301.8 298.4 294.8 290.1 281.2 274.6 269.3 270.5 271 275.1 276 276.5 275.4 274 272.6 269.9 266.9 264.7 261.1 257.6 250.9 241.8 249.8 264.9 273.2 278.7 280.6 280.1 277.6 274.6 272 269.3 266.4 264.1 261 257 254.2 251.6 247.3 242.9 240.1 238 235.8 235.9
218.6 211.8 221 219.1 208.1 206.1 202.2 199.8 204.8 220.4 228.8 232.4 234.8 237.5 242.4 248 253.3 258.2 263.7 268.8 273.8 279.4 284.3 288.5 292.5 296 298.8 301.6 304.4 307.2 308.8 309.5 308.4 306.3 303.5 299.9 295.8 291.2 287.1 283.9 278.3 267.1 261.5 262.8 267.5 270.2 270.4 269.6 266.6 264.5 262.5 260.5 257.3 255 249.9 239.4 243.5 259.1 266.5 271.9 273.6 272.2 271.1 270.4 268.9 266.7 263.8 260.3 257 254.2 251.8 249 245.6 242.3 239.3 236.4 233.6 231.9
227.8 204.4 207 193.3 195 197.2 199.5 201.8 214.6 222.4 228.6 231.2 233.4 236.5 241.5 247.5 253.2 258.6 264.3 270.1 274.9 280.2 285.4 290.4 294.2 297.6 300 303 306 308.9 310.2 310.9 309.7 307.7 304.9 302.1 298.2 294.7 290.8 286.9 283 276.8 269.4 256.4 255.9 262.2 264.1 263.3 260.9 259.3 257.4 254.6 252.7 249.9 245.8 238.6 240.1 250.2 257.2 262.7 264.9 266.2 267.3 267.3 266.5 264.1 261.1 257.1 254.2 251.7 249 245.6 243.9 242.1 238.1 235.3 233.8 231.3
221.2 210 195.4 193.2 196.8 201.2 204 206 210.7 216.5 223.9 229.8 232.5 235.8 240.9 246.7 251.7 257.6 263.2 269.2 275 280.6 286.3 290.8 295.1 298.1 300.9 304.1 307.1 309.4 311.1 311 309.8 308.6 306.1 303.1 301.1 298.6 295.8 291.3 285.2 279.3 271.5 265.2 253 250.5 254.1 255.8 255.5 253.7 250.2 246.8 245 242.4 240.3 238.2 235.2 242.3 248.8 256 258.8 261.1 263.6 264.4 263.6 254.5 258.1 254.7 251.8 249 245.9 243.6 242 241.3 237.3 234 231.6 229.2
204.9 195.4 191.3 195.2 201 205.7 209.1 212 214.5 215.8 215.7 223.4 228.8 234.2 239.4 244.5 247.5 256.6 263.3 270.3 275.9 281.5 286.6 291.7 295.1 298.4 301.1 304.1 306.6 308.7 310.2 310.3 309.4 309 306.9 304.6 302.5 300.5 297.7 294.2 289 282.2 272.7 266.1 260.9 251.8 246.1 248.9 249.1 247.6 245.3 243.1 241.5 239.3 238.1 235.8 232.9 235.9 240.2 247 252.2 256.9 260.5 261.8 260.7 253.3 251.8 251.8 249.4 245.9 242.8 241 239.2 237.9 234.9 231.7 230.2 227.9
201.3 190.8 192.5 199.6 204.1 209 214 217.3 221.8 224.4 224.5 225.8 229.8 235.3 240.2 245.8 250.7 258.1 266.4 273.1 278.8 283.5 287.8 291.8 295.3 298.2 300.7 303.5 305.8 307.5 309.1 309.8 309.4 309.1 307.7 305.5 303.4 301.2 298.5 295.1 290.4 283.3 276.6 269.3 258.6 251.6 245.7 243.7 241.4 239.5 237.7 236.4 235.9 235.3 234.3 232.7 231.6 231.3 233.5 237.3 244.6 251 256.4 258 256.1 253.4 251 249.8 246.5 243 241 239.3 237 235 232 230.4 228.2 226.5
197.2 189.4 193.9 201.6 207 212.9 217.1 220.4 226.1 229.3 230.2 231.5 233.9 237.7 242.1 247.8 252.7 259.5 268.7 275.9 281.7 285.5 289.1 292.3 295.6 297.7 300.1 302.4 304.2 306.1 307.7 308.6 309.3 309.2 308.1 306.4 304.1 301.3 298.5 295.2 290.5 283.3 276.7 268.3 253.7 256.2 253.9 250 246.6 243.5 242.6 240.8 239.5 237.1 236.6 234.7 230.1 227.7 228.8 230.9 234.6 244.6 249.2 251 251 249.6 250.2 246.9 243.5 240.3 239.2 237.5 235 232.9 231.3 228.1 226.5 225.8
193.7 187.1 194.8 204.5 212.4 216.2 219.8 222.5 226.4 230.5 232.7 236.7 239.1 242.2 245.6 250.3 254.9 262 269.5 277.5 283.4 287.1 290 292.6 294.9 296.1 298.1 300.2 302.4 304.2 305.7 307.2 307.9 308.6 308 306.2 304.2 301.6 298.2 294.2 289.8 282.4 275.7 262.5 256.5 263.6 265.8 265.8 262.3 260 257 252.8 250.1 248 245.2 242.6 237.7 228.9 225.6 225.7 227.8 230.1 238.4 242.5 244.5 245.8 243.4 240.6 240.9 238.3 237.2 235.7 233.7 232.6 231.6 229.5 225.5 225
188.4 187.4 194.4 208.4 215.1 218.8 222.1 225.8 229.3 232.6 236.4 240.2 244 247.1 250.2 253.2 257 263.1 270 277.8 283.3 286.9 289.3 291.6 293.5 294.5 295.7 297.9 300.1 302.3 303.7 305.2 306.5 307.2 307.1 305.8 304 301.3 297.6 293.3 289.2 282.2 275 260.5 260.7 273.4 274.8 273.8 273.4 272 270.3 267.3 265.2 261.7 257.8 254.1 250.8 244.7 237.4 223.7 222.7 224.2 227 234.9 238.1 239.3 239.4 238.1 237.3 237.1 235.6 232.7 232.1 230.2 228.4 227.6 225.8 223.1
184 186.6 196.4 206.2 214.6 219.7 223.2 227.8 230.5 233.6 238.8 243.7 247.8 251.3 254.2 256.2 259.6 264.8 270.9 276.6 282.5 285.3 287.7 289.8 291.2 292 292.8 295.4 297.8 299.9 301.4 302.9 304.5 305.3 305.5 304.7 303.3 300.8 297.7 292.8 287.1 281.2 267.6 264.5 276.5 279.7 279.9 279.5 278.8 277.4 275 272.7 270.3 267.1 263.3 259.4 255.9 251.3 247.4 239.1 221.3 222.5 223.3 227.8 232.8 233.9 234.6 234.7 234.6 235.4 235 231.7 229.5 226.3 224.4 222.8 222.2 221.1
183.1 185.4 195.7 203.1 210.4 216.3 221.5 227.1 230.3 235.9 241.2 246.4 249.8 253.3 255.7 258.4 261.6 265.8 271.1 275.9 279.8 282.2 284.8 287.3 288.8 288.5 289.3 293.2 295.5 297.5 299.2 300.9 302.3 303.4 303.8 303.1 302.5 300.1 296.7 292.2 286.1 278.6 273.6 279.3 284.2 284.4 285.2 284.5 283.3 281.6 279.4 276.8 273.9 270.1 265.9 262 258 254.2 250.3 245 231 219.5 220.5 222.2 226.2 230.1 231.5 231.3 231.3 232.4 231.6 229.9 226.5 223 220.9 219.5 218.4 218.4
185.4 184.8 193.1 198.4 205.2 212.9 219.3 227 230 237.1 243.1 247.4 251 254.7 256.9 259.9 263.1 268.2 274.4 277.3 278.5 280.1 282.8 285 286.5 283 279.9 285 290 294.5 297 298.9 300.1 301.4 302 301.9 301.3 300.1 297.2 293.5 291.3 290.2 289.2 289.8 290 289.4 289.8 289.2 287.5 285.4 282.7 279.6 276.2 272.6 268.3 263.6 259.3 254.8 250.1 243.9 233.8 218.5 218.4 218.8 220.3 223.9 226.6 226.1 227.3 228.2 227.8 227.5 224.2 220.8 219 216.1 215.2 215.1
198.7 181.1 188.9 191.3 197 207.4 216.2 225.7 229.6 234.3 239.8 243.7 248.9 254.7 257 260 264.8 271.8 275.8 277.1 276.9 278.1 280.7 282.8 283.8 278.9 266.7 273.1 287.1 291.6 294.5 296.9 298.8 300.1 300.7 300.6 300.5 298.9 296.5 296.4 295.2 294.3 293.9 294 294.1 294.3 294.6 292.6 290.3 287.8 285 281.3 277.3 273.4 269.2 264.8 259.1 254.7 248.8 243.4 235.7 223.8 216.4 216.3 216.2 217.4 220.2 221.1 222.5 223.1 224.2 224.5 223 219.9 217 213.5 212.3 211.2
207.8 188.2 182.3 185.4 191.1 197.5 211.5 220.8 223.7 227.6 231.7 237.4 245.2 252.4 255.9 259.7 266.7 272.3 273.2 274 274.9 276.2 277.7 278.8 278.6 268.3 260.2 270.2 285.1 289 291.9 294.8 296.9 298.9 299.7 300.1 299.6 297.8 297.3 297.5 297 296.6 296.4 296.9 297.5 297.9 297.4 295 292.1 289.1 285.7 281.6 277.5 273.5 268.8 264 258.7 253.3 247.3 241.4 235.4 229 221.4 217.9 213.1 214 213.4 216.4 217.4 218.2 220.1 222.1 223.2 218.3 215.3 212.9 210.2 209.5
208.7 202.4 179 183.1 187.4 193.1 204 212.3 216.1 219.9 226.7 233.8 241.7 248.9 253.5 258.4 266 270.2 271 272 272.7 272.7 272.5 273 264.9 253 256.5 266 280.8 284.3 289 292.9 295.2 297.4 298.5 298 297.3 297.2 297.4 297.3 297.5 297.4 298.2 298.6 300.7 300.7 299 295.9 292.6 289.4 285.8 281.5 277.5 272.7 267.6 262.5 256.9 250.2 245 238.7 234.1 229.7 225.2 220 214.7 210.9 212.2 213 213.9 214.4 216.2 219.6 221 216.6 212.7 210.6 208.1 206.7
206.6 204.7 185.8 179.6 184 188 197.1 205.5 210.4 216.5 222.8 229.4 236.3 242.7 248.9 255.7 263.3 266.2 269 270.4 269.2 266.7 265.8 259.4 248.3 249.8 255.4 263.9 271.2 281.6 287.5 291 294.1 295.7 295.6 292.5 294.4 295.9 296.3 296.1 296.6 297.6 298.3 299.2 300.8 301.5 299.2 296 292.3 288.9 284.8 280.7 276.4 271.5 265.6 260.5 254.2 247.5 240.8 235.6 232.1 228.2 225.5 221.1 218.4 213.3 209.2 208.5 207.9 209.6 210.5 213.7 216.1 212.6 209 207.9 202.8 204.1
195.5 199 181.9 177.6 181.3 183.3 188.1 197.6 204.3 211 217.3 224.5 232.2 237.3 244.1 252 260.2 261.7 263 261.5 255.2 250.5 247.9 243.4 242.4 248.8 261.3 270 276.5 269.8 269.8 275.9 284.1 287.3 289.4 292 294.4 294.1 294.5 294.6 294.9 296 297.2 298.5 299.5 299.3 298.1 294.9 291.4 287.6 283.6 279.5 274.9 269.8 263.8 257.3 250.3 242 235.4 232.3 229.5 226.2 223.5 220.8 218.4 217.2 213.9 207.2 204.7 205.2 205.2 207.1 207.3 206.2 204.1 200.7 199.4 199.9
184.1 181.4 175.8 180.5 185.9 188 189.9 190.5 195 197.8 206.5 212.5 220.3 230.5 235.5 242.1 249.6 251.4 248.7 242.8 235.1 233.7 235.1 236.4 242.4 255.5 266 268.7 262.2 267.8 282.4 288.7 288.2 292.6 293.3 293.4 293.3 293 292.7 292.8 292.9 293.8 294.8 295.9 296.6 296.3 295.5 292.8 289.4 285.8 282.1 277.9 272.9 267.7 261.1 253.9 244.4 235.7 230 227.3 224.8 223.3 221.5 219.1 217.2 215.3 213.2 208.9 203.5 201.1 204.8 203.7 200.6 199.9 198.5 196.8 194.9 196.2
183.4 176.3 177.5 183.1 189.1 191.4 193.4 194.4 195.5 196.7 198 204.6 210.4 213.2 217.8 222.6 228.7 230.2 227.6 226.3 226.6 229.1 231.7 234.9 248.2 257.6 252 256.8 271.5 278.9 283.7 285.7 289.2 291.2 292 292.2 291.6 291.2 290.9 290.5 290.5 291.1 291.8 292.7 293.4 293.2 291.7 289.8 287.1 284 280.1 275.9 270.8 265.1 258.6 248.2 239.3 231.2 226.5 222.6 221.8 220.1 218.7 216.7 214.6 212.4 212.8 208.6 205.4 201.4 196.9 197.5 197.5 196.3 193.7 191.7 192.4 189.1
189.1 175 178.8 186 191.5 195.5 197.4 198.3 198.8 200.6 203.4 205.4 208.3 210.8 208.1 214.6 218.2 218.2 219.8 223.7 227.5 231.3 234.4 235 240.2 243.9 258.9 271.4 277.3 281.8 285.7 287.7 289.4 289.9 290.5 289.8 289.9 289.3 288.7 287.9 288.2 288.5 289.1 289.8 290.1 289.9 289 287 284.1 281.2 277.7 273.3 268.3 262.1 253.2 242.5 234.1 228.1 223.8 219.9 218.2 216.4 215.4 212.6 211 209.2 209.3 206.5 203.6 200.8 197.4 193.6 193.2 191.9 189.5 190.2 187.6 188.6
