public/OST50/SN45.asc
ncols 200
nrows 200
xllcorner 240000
yllcorner 250000
cellsize 50
[rows 70 to 104 of 200, columns 0 to 77 of 200]
166.9 167.4 166.8 163.8 159.4 151 135.5 130.3 150.5 162.3 167.7 169.1 171.7 173.2 175.6 176.8 178.6 180.6 183.9 185.5 186.3 185.7 183.1 179.4 177.7 176.9 174.3 171.4 172.5 175.9 179.5 180.3 181 181.2 180.6 181.2 183 182.5 184 185.9 187 188.1 187.4 185.8 183 179.6 177.7 173.6 169.7 166.9 164.9 161 155.4 147.1 136.9 149.9 155.1 159.5 165.6 168.9 173.9 174 174 176.8 178.5 180.7 183.3 183.8 183.4 183.4 183.4 182.4 180.6 178.3 175.7 171.3 161.4 162.5
169.8 170.2 170 166.8 162.5 151.3 138.7 144.7 133.7 161.7 168.9 170.1 172.5 174 176 177.1 178.7 180.3 182.4 184.7 186.1 186 184.8 182.2 179.5 179 176.7 174.8 176.6 177.7 181 183.5 185.2 185.9 186.7 187.5 187 187.8 189.6 190.9 191.3 190.9 189.8 187.5 185.7 183 179.7 176.4 171.5 166.8 163.1 158.4 152.4 140.3 144.9 154.8 158.6 163.3 167.2 171 174.6 176 176.6 176.1 177.6 180.1 181.2 181.6 181.5 181.8 182 182 181.3 179.9 176.8 170.9 161.6 166.5
173.1 173 171.4 169 162 149.8 146.1 148 149.7 149.9 168.5 171.2 172.8 174.7 176.6 178 179.3 180.3 181.2 182.6 183.6 185.3 186.1 184.7 182.9 180 178 176.3 179 180.2 182.6 185.1 186.3 187.8 188.8 189.6 189.3 191 191.9 193.4 194.7 193.5 192.3 190.8 190.2 188.6 182.7 178 173.3 168.7 164.2 157.1 144.2 138.3 153.4 158.6 159.6 164.7 168.4 172.3 175.7 178.2 179.6 179.3 178.5 177.9 179.1 178.8 179.2 180.2 180.7 181.4 181.2 179.7 176 169 161.2 165.8
175 175 173.6 169.3 160.5 155.8 149.4 145.6 150.8 151.2 169.3 171.8 173.6 175.5 177.3 179 180.6 182 183.4 184.5 184.8 185.1 185.6 185.5 184.8 182.2 180.1 178.3 180.5 182.6 184.4 186.4 187 189.2 190.7 191.2 193.4 194.8 194.2 196.6 196.2 195.4 194.5 193.5 193.1 189.3 184.7 180.9 176.5 171.7 165.8 153.3 139.8 148.9 157 160.8 163.6 166.2 169.1 173.1 176.3 179.2 182 183.2 183.1 180.1 178.7 179.8 180.8 181.1 180.5 181.1 180.2 176.6 169.9 164.2 165.4 166.5
176.9 177.1 175 168.6 165.2 163.6 152.6 146.4 148.6 157.3 169.9 172.2 174.2 176.1 177.9 180.2 182.6 184.2 185.3 186.2 186.6 186.6 187 186.2 184.9 183.6 183 181.6 182.6 184.2 186.7 187.3 188.6 191.7 193.4 195.4 198.2 199.9 201 200.9 198.3 197.4 196.8 195.2 193.5 190.8 186.9 182.4 177.3 172.8 164.5 141.3 149.6 154.4 158.9 162.6 165.3 168.3 172.4 175.6 178.4 181.2 183.4 185.6 186.1 185.7 186 186.6 186.4 186.3 184.8 182.5 179.4 170 167.9 167.2 174.1 175.9
178.8 178.7 177 175 173.8 169.3 163.8 152.4 141.9 157.9 169.3 172.3 174.4 176.5 178.5 181.3 183.9 185.8 187.1 187.9 188.1 188.2 188.1 188 186.5 185.3 184.6 184.2 184.7 185 187.4 189.1 191.5 194.5 197.6 201 203.8 202.6 204.3 203.8 202.2 201.9 199.6 197 195.2 192.3 188.5 182.9 177.8 172 156 145.3 151.3 156.7 160.8 165.2 167.5 169.2 173.6 177.7 180.5 182.9 185.8 187 188 188.6 189.7 190.9 191.2 190.2 188.4 185.5 180.9 178.7 174.9 174.6 178.4 179.5
179.1 179.9 178.6 178.2 176.9 172.7 167.1 160.8 143.1 153.6 168.3 171.5 174.5 176.6 179.3 182.2 185 187.4 188.9 189.6 189.5 189.6 189.6 189.4 188.4 187.7 187.1 186.9 187.1 186.2 189.3 191.7 193.5 197.8 204 207.8 208.8 209.2 208.9 206.5 204.7 204.7 199.2 200.1 196.9 193.7 188.4 183 177.7 168.5 147.1 149.2 154.1 160.5 163.8 168.3 171.1 173.1 176 179 182.1 185.3 187.4 188.2 189.2 191.5 193.5 194.4 195.3 194.8 192 188.6 185 181.6 179.4 178.5 180.9 181.9
180.2 180.7 180.3 180.2 178.8 174.4 169.8 163.7 158.1 149.4 166.8 170.5 173.6 177 179.8 182.7 186.3 189.2 191 191.3 190.8 190.8 191.3 191.1 190.3 189.6 189.1 189.5 189.8 189.7 190.8 193.2 195.6 200.5 202.8 208.6 211 211.4 210.7 209.7 207.9 206.5 204.8 201.5 197 193.5 187 182.7 175.4 166.7 147.6 152.3 159.3 163 167.4 170.6 172.7 175.1 178.2 181.1 183.9 186.6 189.1 190.2 192.4 194.9 196.5 197.8 198.9 198.6 195.9 191.5 188.6 184.9 182.8 181.4 183.4 184.3
182.4 182.7 182.8 182.7 179.9 176.7 171.9 168.3 165.8 151 165.6 169.2 173 176.6 179.8 183.4 186.9 191.5 192.7 192.8 192.6 192.6 193.4 193.4 192.8 192.1 191.8 192.2 192.5 193.7 195.4 196.3 199.5 203 208.8 211.9 212.7 213.5 213 212.5 211.1 209.1 205.6 201.4 197.8 192.1 187.6 180.5 172.8 163.5 147.3 155.4 163.4 165.4 168.7 171.6 174 176.8 179.5 182.4 185.3 187.8 189.7 192 194.9 197.2 199.9 201.7 201.9 200.8 197.8 193.9 189.5 186.6 182.2 185.1 186.2 186.7
184.9 184.7 184.9 184.7 182.3 178.8 174.4 169.6 166.6 150.1 159.3 164.2 171 175.8 179.3 182 187.2 189.1 193.1 194 194.3 194.8 195.8 195.8 195.2 195 195 195.1 196.3 198.1 198.8 201.6 203.7 206.4 209.8 211.9 212.7 213.4 214.6 214.3 212.9 210.4 206.3 201.6 196.8 192.1 186.4 177.7 170.1 154.1 156.5 156.2 165.3 166.5 170.3 172.9 175 177.9 180 183.3 186.9 188.9 191 193.8 196.9 199.5 202.8 204.3 204.6 202.9 200.4 196.1 191.9 188.7 184.8 187.8 188.4 188.6
185.5 186.2 186.2 185.7 184.1 180.9 176.3 170.9 167.6 153.2 163.6 167.9 171.5 175.1 177 175.4 181.8 189.1 192.1 193.8 194.6 196 197.4 197.7 198.1 198.2 198.3 198.5 199.7 201.2 202.3 203.8 206.8 207.8 209.1 211.1 213.2 213.7 214.4 214.8 213.7 210.9 206.6 201 196.4 191.8 184.1 174.5 157.8 152 160.8 157.3 164.9 166.7 171.1 173.5 176.9 180.6 182.4 186.3 187.8 190.1 192.3 195 198.2 202 205.1 206.3 206.4 204.7 202.2 198.7 194.7 190.4 187.8 189.8 190.3 190.9
187 187.6 188.3 186.3 184.4 181.2 176.8 172.3 168 153.8 166 169.9 172.9 176.9 180.9 182.9 185.4 184.7 188.8 192.4 193.7 196.8 198 198.8 200 200.2 200.3 200.6 201.4 203.5 204.7 207.7 209.8 210.1 212.3 214.8 216.3 217 216.8 215.6 214.2 211.1 206.6 201.8 196.4 189.8 181.4 167.9 158.9 162.5 165 165.3 161.3 167.7 171.7 176.3 179.4 182.7 185.1 188.1 190 191.5 193.4 196.1 200 204 206.2 207.7 207.8 206.1 203.9 201.1 197.3 192.6 187.7 191.7 192.5 193
188.4 188.9 189.1 187.5 184.6 181.1 177.5 173.7 164.8 155.5 165.2 170.4 175.2 179.4 182.9 185.9 187.4 188.8 190.1 187.8 191.7 194.6 197.3 199.3 199.9 201.3 202.9 203.5 204.1 206.1 209.7 212.1 213.1 214.7 217.4 218.5 219.5 220.2 220.1 217.9 215.3 211.5 206.7 201.6 195.7 188.3 179.2 161 163.3 166.8 168.4 168.4 166.7 166.1 172.7 177.3 181.5 184.5 186.9 190 192.3 194.2 195.7 197.4 202.6 205.4 207.4 208.8 209.1 207.6 205.7 203 199.1 195.3 190.8 193.5 195.1 196.8
189.2 189.9 189.9 188.5 185.4 181.5 178 174.6 169.7 157 165.3 171.1 176.1 180.8 185.6 188.4 190.2 191.7 192.3 191.9 190.7 195.5 197.9 200.1 202 202.3 203.7 205.3 206.8 209.2 211.6 213.9 215.6 218.3 219.9 221.1 221.9 222.5 221.9 219.1 216 212 206.2 201.1 194.5 186.4 174.4 167.1 168 171.5 172 171.3 171 168.9 172.7 179.1 182.5 185.2 188.1 190.9 194 196.1 197.6 200 203.8 206.3 208.7 210.1 210.1 209.3 207.6 204.8 201 197.3 195.9 197.3 198.3 200.1
189.9 190.8 190.5 188.8 185.5 181.9 179.4 175.9 171.4 159.4 167.3 172.8 178.1 182.7 186.9 190.4 193.2 194.1 194.8 194.1 194.5 195.5 197.8 200.5 202.6 204.4 205.1 206.9 209.3 212.1 214.8 217.2 219.9 221.9 223.3 225.2 225.9 225.3 223 220.1 216.6 211.7 206.1 200.4 193.4 183.9 167.9 168.8 171.4 173.6 175.4 175.5 174.8 173.8 170.2 179.3 183.4 185.7 188.6 192.6 195.3 197.2 199.1 202.5 204.9 208.3 210.1 211.4 211.7 211 209.5 206.1 203 198.2 200.6 202.4 203.5 205.6
192.1 192.1 191.1 189.4 185.9 182.8 180 177.1 170.3 160.7 167.7 173.6 179.1 184.1 188.4 192.1 194.3 195.6 196.4 197.7 196.6 196.4 199.7 202.3 204.3 206.4 208.1 209.5 212.9 215.8 218.9 220.6 222.7 225.4 227.6 229 229.1 226.9 224.6 221.3 216.4 211.5 205.5 198.6 190.9 182.9 172.4 173.6 175.1 176.7 178 177.5 177.4 177.6 174.9 175.5 182.9 186.9 190.7 193.8 197 199.1 201.3 203.4 206.5 209.2 211.4 212.9 213.2 213.1 211.2 209 206.6 204.9 207.3 208.1 210.8 213.3
194.5 193.3 191.8 189.3 186.4 183.5 181.1 177.3 171.6 162.1 166.9 173.7 180.5 185.4 189.9 193.2 195.7 196.5 197.3 197.9 198.4 198.8 201.8 204.8 205.4 207.2 209.1 211.2 213.1 216.9 220.5 222.6 225.5 228.7 231 233 232.3 229.5 226 222 217.6 211.3 204.6 195.4 189.7 174.3 178.3 179.9 181.9 180.5 180.9 180.7 180.8 180.4 180.9 175.6 180.7 187.7 192.5 196 198.9 201.1 202.8 204.4 207.7 210 212 213.7 214.2 214.6 213.4 211.2 209.7 210.6 212.2 214.8 217.3 219.1
194.9 193.8 192.3 190.7 187.7 184.2 182.3 179.4 174.6 163.3 169 174.2 181.5 187.7 192.3 195.4 197.6 199.5 203 204.3 203.1 201.3 201.2 204.3 205.9 207.8 209.8 211.6 214.4 218 221.6 225 228.5 231.7 235.3 236.5 235.3 231.9 227.7 222.9 217.7 211.8 202.8 194.2 186.5 171.2 182.3 183.7 185 185.1 185.5 184.6 184.7 184 183.7 182.9 175.2 189.6 193.6 196.9 199.9 202.5 204.6 206.6 209.3 210.2 212.5 214.2 215.1 216.3 216 214.8 215.5 215.3 216.7 219.1 221.8 222.8
195.8 195.3 193.7 191.4 189 186 183.6 179.4 176.4 163.9 172.5 179.5 183.5 190.2 194.6 198.1 201.2 204.4 206.4 207.3 206.2 204.1 203.5 203.3 206.9 208.6 211.3 214 217.2 220.3 223.4 227.3 230.8 235.4 238.2 238.7 237.8 234.2 228.9 224.2 217.6 208.9 201.2 193.3 184.1 172.1 182.2 184.6 186.4 188.2 189 188.6 188.5 187.7 186.9 187.3 188.1 185.5 193.8 197.9 201.5 201.8 204.3 206.9 208.9 211.4 213.6 215 217.1 218.3 218.9 219.9 221.4 222.2 222.3 224.1 226.7 228.7
197 195.9 194.4 192.2 189.9 187.8 184.8 182.4 177 166.4 176.3 182 188.4 193.2 197.7 200.8 204.2 207.4 209.9 210.4 209.1 206.5 206.5 206.8 209.1 211.7 213.9 216.3 219 222 225 228.8 234.6 238.5 240.1 240.3 238.8 235.4 231.4 224.2 216.3 206.1 198.5 190.1 178.6 174.2 183.7 185.3 187.3 189.7 192.1 191.6 192.4 192.5 191.8 193 191.9 187.2 191.8 196.2 200.1 200.8 202.7 205.4 208.5 211.8 214.4 216.6 218.7 220.7 222.4 224.5 226.9 227.8 227.7 229.4 232.2 233.9
199 196.9 195.1 192.8 190.2 188.7 187.5 185.5 182.2 168.4 179.4 184.1 190.5 195.1 198.7 203.2 207.2 209.7 212.3 212.6 211.4 209.9 209.7 211.1 212.6 214.2 216.2 218.1 220.5 223.1 226.3 231.7 236.1 239 240.8 240.6 238.4 235 230.3 222.1 212.9 204.2 196.3 187.4 176.2 178.9 183.8 185.9 188.8 191.6 193.6 195.1 196.7 197 196.2 196.3 195.4 190.6 190.1 193.7 196.2 198.8 202.7 204.7 207 211.5 215.2 218.4 220.8 223.5 227.1 230.2 231.5 232.5 235 238.1 240.6 241.9
200.9 198.8 196.4 193.7 191.5 190.2 189 187 183.3 173.7 180.7 187.5 192.3 196.4 199.8 205.3 209.9 212.9 215.4 215 213.4 212 212.2 214.3 215.9 215.8 217.1 220.1 222.8 225.2 228.9 233.2 236.4 238.9 240 238.8 236.6 232.3 226.6 218.5 209.3 202.9 193.4 185.6 177.2 182.8 181.4 185.3 189 191.9 195.9 197.9 199.4 200.8 201 201.1 197.6 194.2 189.6 195.3 199.8 202.4 204.9 207.2 209.3 213.1 216.5 220 223.5 227.3 230.8 234.7 235.9 239.9 244 246 247.4 248.6
203.7 200.8 197.9 195 193.1 192.1 190.4 187.9 183.6 174.3 181.3 189.3 193.3 197.1 201.7 207.5 212.4 216.1 216.9 216.4 215.1 214.1 214.2 216.3 217.9 218.9 218.4 221.7 224.7 227.7 230.5 233.4 235.7 236.6 236.5 235.7 233.1 229.1 222.2 212.8 208.4 199.9 191.8 183.4 182 187.9 188.7 189.8 189.4 193 198.6 200.9 202 203.2 204.1 204.4 202.7 197.1 192.7 197.6 202.5 205.1 206.9 208.8 212 215.8 219.9 223.9 228.3 231.6 234.9 239.1 243.4 247.6 250.1 250.9 251.8 252.8
205.6 203.1 199.6 196.7 194.6 193.1 191.3 188 185 175.4 183.3 188.9 194.3 199.1 204.4 210.9 215.7 218.8 218.6 217.7 216.7 216.3 217.1 218.5 219.9 220.8 221.1 221.4 225.5 228.9 230.8 232.4 232.7 232.3 231.3 230.1 228.3 223.5 215.9 210.8 204.6 197.2 190.4 180.5 189.7 191 192.1 191.3 191.7 198.6 201.7 203.4 204.3 205.7 206.8 208.3 203.9 199.7 196.4 200.6 204.2 207.4 209.7 212.8 215.5 219.7 223.2 227.3 232.3 236.8 241 245.4 250.1 253.8 254.8 255.2 256.2 256.3
207.5 204.8 201.5 198.2 196 194.3 191.9 189.2 184 176.5 184.5 190.4 195.6 201.2 206.8 213.5 219 220.8 220 219.1 218.7 218.4 218.4 220.1 222 223.1 223.7 224.7 225.1 229.5 230.2 230.2 229.2 226.9 225.1 223.9 220.9 216.4 211.6 207.4 202.4 196.4 187 188.3 191.8 193 192.9 193.4 194.2 202.9 204.7 205.5 206.6 208.1 209.9 211.5 205.5 202.1 199.9 202.7 207.1 209.9 212.5 216.5 219.8 223 226.4 231.2 236.5 242.4 247.5 252 257 258 258.6 258.6 259.2 258.5
209.9 206.2 203.4 200.2 197.2 195.4 192.4 189.4 184.4 179.1 183.4 191.7 197.6 203.9 209.7 216.1 221.7 222.6 222.2 220.8 220.8 220.8 221.1 221.8 223.8 224.7 226.5 228 226.9 228.8 228.7 227.6 225.3 222.6 220.3 218 215.5 212.6 209.1 204.9 199.5 194.2 184.7 194.2 193.9 193.6 194.8 195.4 201.8 204.8 207.4 208.4 209 209.6 212.4 209 205.2 202.6 204.4 207.1 209.5 212.8 216.7 219.5 223.3 226.6 231.2 237.6 242.1 247.8 250.6 257.9 260.3 261.5 261.1 261 260.6 259.4
211.1 207.2 204.4 201.7 198.8 196 193.2 190.1 185.7 183.4 186.1 193.8 200 205.9 212.1 217.9 222.9 224.2 223.6 223.5 223.4 223.1 223.2 224.1 225.5 227.3 229.1 229.5 229.3 226.5 226.5 224.9 222.1 219.5 216.5 214.3 212.6 209.7 207.3 203.3 198.9 186.5 194.5 194.1 194.4 195.4 197.7 203.4 206.6 208.6 210.3 211.2 211.3 211.1 210.4 211.9 210.1 207.3 210 210.4 212.1 215.4 218 221.5 225.6 230.3 235.1 240.7 246.8 251.3 258.5 261.1 263.7 263.6 262.7 261.7 260.6 257.8
211.4 207.8 205.2 202.7 199.8 197.4 195 192.2 190 186.9 186.1 195.4 203 208.3 214.5 219.2 223.6 225.4 225.4 225.5 225.5 224.9 225.2 226.1 227.9 228.9 230.3 230.5 229.2 226.7 224.4 222.4 220.3 217.9 214.5 212.1 210.1 207.4 204.4 201.9 196.2 192.4 195.5 195.3 195.9 199.4 204.3 206.1 209.1 211 212.5 213.7 213.7 213 213.4 214 212.3 213 211.7 212.7 214.7 218.3 221.4 225.3 229.1 233.3 238.6 243.4 250 255.9 260.3 265.1 265.9 264.7 263.6 262 259.2 255.7
211.8 208.6 206.2 203.8 201.3 199.6 197.9 195.9 193.4 189.6 186.3 196.5 203.9 210 214.6 219.9 223.8 226.3 227.1 227.1 227.1 227.4 228 229 230.1 230.9 231.4 230.5 228.2 225.6 223 221.1 218.7 216 213.2 210.5 208.6 205.7 203.9 201.4 196.9 193.5 196.1 196 198.1 201.3 206.7 209 211.6 213.7 215.2 216.4 216.1 214.9 215.9 216.3 214.9 214.4 215.2 215.1 218 220.4 224.6 227.8 232.7 237.1 242.2 247.2 255 260.2 266 267.2 267.5 266.6 264.1 261.8 258.4 254.2
212.6 209.5 206.7 204.7 203.3 202 200.2 197.8 197.2 194.1 185.7 197.1 203.8 210.6 215.7 220.5 224 226.6 227.7 228.7 229.1 229.4 229.9 231.3 232.1 232.8 232.3 230.3 227.4 224.1 222.1 220 217.1 214.5 211.9 209.1 207.2 204.8 202.8 199.6 195.7 193.9 197.9 198.1 200 203.5 209.3 212.2 214.7 216.5 218.1 219 218.5 218.6 216.7 218.7 218.2 218.6 218 217.8 220.4 223.1 227.6 231.2 235.4 240.2 245.3 252.6 259.1 266.1 267.9 268.9 269.4 267.9 264.7 261.6 257.7 253.5
213.4 211.4 210.6 208.8 206.8 204.4 202.3 201.1 200 193.3 191.6 195.5 204.4 210.7 216.1 220.3 223.6 226.5 227.8 229.4 230.5 231.3 232.1 233.7 234.2 234.1 232.5 229.4 225.8 223.2 221.1 218.3 215.5 213.3 210.2 208.1 206 203.8 200.8 200.2 197.7 197 199.9 201.6 202.2 205.3 211.8 214.5 216.8 218.6 220.1 221.5 221.5 219.7 218.7 220.8 221.3 222 221.8 221.8 221.7 225.6 230.4 233 237.8 243.3 249.6 256.9 263.7 268.1 269.8 270.8 270.5 267.9 264.8 261.5 257.4 253.2
216.5 215.5 213.8 211.8 209.1 206.6 204.1 203.6 201.8 197.2 197.4 191.8 204.7 211.1 216.2 220 223.2 226.3 228.4 230.1 231.7 232.9 234.8 235.4 235.1 234.5 231.7 228.4 225 222.2 220.5 218.4 214.8 213 210.4 208.2 206.7 204.5 203.6 202.7 198.6 201.4 202 204.1 203.8 207.4 212.3 216.2 218.6 220.7 221.7 223.2 223.4 221.8 222.2 223.8 224.6 225.6 225.5 225 224.6 228 233.2 236.5 240.9 246.8 254.3 260.3 265.8 269.8 271.7 272.4 271.1 268 264.8 261.4 257.2 253.1
218.9 217.8 216 213.3 210.3 207.8 206.8 205.7 203 202.3 201.7 191.8 205.3 212.2 216.9 220.7 223.9 227.1 229.1 230.9 232.5 234.9 236.5 236.6 235.8 234 231.3 228 225.3 222.4 220.4 218.4 214.9 212.6 210.7 208.8 206.6 205.1 205.1 203.8 198.1 203.3 204.3 207.4 204.8 208.2 212.1 217.5 220.5 223.2 225.1 226.7 226.3 226.4 226.7 227.7 228.7 230.1 230.8 229.8 227.3 229.5 235.2 239.2 243.6 249.9 257.1 262.3 266.9 271.6 273.1 272.6 271 268.2 264.7 261 256.9 252.6
220.2 219 217.1 214.9 212.8 210.7 209 207.2 205.6 204.8 203.7 193.9 205.8 213.1 217.8 221.5 224.7 227.5 229.8 231.8 233.8 236 237.6 237.5 235.9 233.9 230 227.8 225.3 222.7 220.2 217.7 215.5 213.6 211.4 209.8 207.5 207.1 206.5 204.9 203.3 205.2 206.9 209 210.7 211.2 213.9 218.4 222.5 225.5 228.6 231.6 232.5 231.4 232.5 233.4 234.6 234.8 235.9 236.3 235.4 235 237.6 241.6 246.5 252.5 258.1 263.1 268 272.1 273.3 273 271.9 268.4 264.6 260.4 256.1 250.4
221.5 220.2 219.1 217.7 215.3 212.7 210.3 209.3 208.6 208.3 207.2 206.1 204.9 212.5 217.9 222 225.1 227.9 230.1 232.3 234.6 236.6 237.3 237 235.6 234.1 231.3 228.4 226.2 223 220.4 217.9 215.9 213.6 212.8 211.7 209.2 208.6 207.6 204.6 204 206.6 208 210.7 212.8 213.9 217.1 220.6 224.4 227.5 232 235.6 236.9 237.6 238.6 239.7 240.5 240.4 240.4 240.3 240.9 241.1 237.6 244.1 248.6 254.3 259.4 262.9 267.9 271.1 272.7 273 271.5 268.6 264.1 259.1 254.5 247
