public/OST50/SN45.asc
ncols 200
nrows 200
xllcorner 240000
yllcorner 250000
cellsize 50
[rows 105 to 139 of 200, columns 0 to 77 of 200]
222.9 221.9 220.5 219.1 217.1 214.6 212.6 211.8 211.3 211.3 210.5 207.3 200.6 210.3 216.5 220.8 224.4 228 230.1 232.1 233.9 235.4 236 236.3 235.7 234.2 231.8 229.2 227.1 223.5 221.2 218.6 216.6 215.1 214 213.1 211.1 209.7 208.3 206.6 204.7 207 210 211.3 213.8 216.5 218.8 222.3 226.1 231.1 234.8 238.1 240 241.2 242.1 243.1 243.6 243.8 244.4 244.6 244.6 244.8 241.9 249.9 250.1 254.5 258.9 262.2 265.9 269 270.4 270.7 269.9 267.2 262.3 255.5 249.7 243
223.6 223 222 220.8 219.4 217.1 215.9 214.7 214.3 214.6 213.5 208.4 205.6 202.7 211.4 217.9 222.4 226.3 228.7 230.7 232.9 234.3 235.1 235.6 235.5 233.9 232.1 230.1 228 225.1 222.1 219.6 217.9 216.5 215.1 214.6 212.1 210.1 207.7 207.9 207.2 208.1 211.1 213.5 215.4 218 220.6 223.6 228.9 233.2 236.3 240.5 243.1 245.6 247.3 247.1 247.4 247.8 247.6 248.7 248.7 248 248.1 259 259.3 255.5 258 260.5 264.5 266.5 267.3 267.4 265.9 262.6 256.5 250.8 246.9 243.2
224.8 224.1 223.1 222.4 221.2 220.8 220.1 219.4 219.1 218.3 216.8 214.9 210.1 208.8 204.1 211.7 217.2 221.5 225.6 229.5 231.9 233.3 234 234.8 234.7 234.2 232.7 231.3 229.1 226.3 223 220.6 219.5 218.2 216.9 215.6 213.8 211.8 208.6 208.6 208.4 209.7 212.7 214.9 217 220.3 223.3 226.4 230.8 234.7 240.3 245.5 249.3 252.1 252.8 252.7 251.6 251.7 251.5 252 252.1 252.5 257.2 265.7 265.6 256.4 258.1 260.4 262.6 263.7 264.3 263.6 261.2 257 252 248.5 245.7 243
225.9 225.4 224.8 224.2 223 223.1 223.2 222.8 222.7 221.2 219.9 217.9 215.7 211.3 209.2 206.8 214.7 216.5 223.1 227.6 230.3 231.4 232.2 233.4 234.1 234.2 233.8 232.5 230.9 227.7 224.4 222.4 220.7 218.9 217.7 216.5 214.5 212.5 210.7 210.4 210.4 209.4 213.7 216.2 217.7 221 224.8 228 231.8 237.9 245.1 250.7 255.5 258 259 259.3 257 256.1 256.4 257.4 257.5 256.7 268.3 269.1 268.6 265.2 259.2 260.9 262.2 262.3 261.3 260 257.2 253.6 250 246.7 244 239.9
226.9 226.2 225.8 225.3 224.6 224.7 224.7 224.6 224.4 223 222.1 220.2 218.2 215.8 212.8 211.7 210.1 215.6 220.6 224.7 226.3 228.5 230.3 232 233 234.1 234.2 233.4 232 228.7 226.7 223.8 222 220.3 218.4 217 214.9 213.2 212.2 211.4 212.6 212.8 212.8 215.4 217.1 221.7 226 229.1 233.1 241.4 249.8 257.1 261.4 264.1 265.2 264.8 264.5 262.4 262.5 263.5 261.6 260.1 270.1 270.1 270 269.1 261.5 262.7 263.4 262.8 260.4 257.4 254.2 251.2 248.5 245.4 244.1 243.7
226.8 226.5 226 225.6 225.6 225.9 226.2 225.8 225.1 224.7 223.5 221.8 219.8 217.9 215.5 214.4 212.6 213.6 217.9 221.7 224.4 226.5 228.4 230.6 232.3 233.2 234.2 234.2 232.9 230.5 227.5 225.2 223.1 221.1 219 217.3 216 215 213.2 213.2 214.3 214.5 214.8 214.1 217 220.3 225.2 229.2 233.9 243.3 252.1 259.8 265 268 269.8 270.2 270.4 269.8 269.6 268.5 266.9 263.7 264.3 268.9 270.6 267.7 266.5 267.7 267.7 266.6 262.5 259.1 253.5 252 251 249.2 249.4 247
224.7 224.6 224.9 225 225.1 225.9 226.3 226.8 226.7 226.5 225.3 223 221.2 220 218.8 216.9 215.9 212.6 217.9 220.9 222.4 224.6 227 229.2 231.1 232.5 233.7 234.4 233.5 231.2 228.5 225.5 223.1 221.1 219.1 218.2 217.7 216.6 215.1 216.4 216.5 216.5 216.3 215.9 215.9 218.9 224.4 229.1 235.2 244.6 253.2 261.5 268.5 273 275.2 275.7 276.1 275.6 275.2 273.7 271.1 267.9 267.1 268.2 269.2 270.2 271.2 272.5 272.3 271.2 269.2 267.5 264 262.4 261.1 257.7 253.4 249.9
221.4 221.6 222.2 223.2 224.5 225.9 226.4 227.3 227.9 227.5 227 225.6 223.2 222.4 221.5 220.8 219.4 216.6 219.4 220.3 223.2 224.8 226 227.8 229.4 231 233.1 234.1 233.8 231.9 229.4 226.3 224.1 222 220 219.2 217.8 217.5 217.5 218.7 219.1 218.1 217.4 216.9 218.6 218.2 222.9 228.4 235.8 244.9 255.5 265 273.2 277.8 280.2 280.9 280.9 280.5 279.7 278.1 275.9 272.9 271.4 272.3 273.9 274.6 274.9 274.9 274.8 274.5 273.7 271.6 269.7 267.4 264.8 261.4 257.5 253.7
216.2 217.4 219 221.4 222.8 225.1 227.2 228.1 229.2 229.8 229.5 228.9 227.2 225.3 224.5 223.6 222.5 220.6 219.6 222.4 224.1 225.8 227.6 228.4 229.3 230.7 232.2 232.9 233.1 232.5 229.8 227.2 224.4 222.8 221.5 219.4 218.1 219.7 220.3 221.3 222.1 221.3 220.7 219.9 219.4 219.8 222.9 228.7 237.2 247.4 257.9 268.4 276.6 282.1 284.6 285.5 285.5 284.6 283 280.9 278.5 276.9 276.1 276.5 277.4 278 277.7 277.5 277.2 276.5 275.6 274.7 273 271 268.4 265.1 261.3 256.8
212.5 213.7 216.4 219 221.1 224.3 226.9 228.5 230.5 231.8 232.1 231.7 230.5 229.5 227.9 226.9 225.5 223.5 221.8 223.2 225.1 226.9 227.7 228.4 229.3 230.6 232.2 233.5 233.9 233.3 232.6 229.7 226.7 224.9 223 220.6 220.1 220 222.4 224.2 226.7 228.4 227.4 224.6 223.3 220.9 223.4 228.7 237.4 248.6 260 269.6 279.7 285.2 287.7 288.8 288.4 286.8 284.7 282.7 280.9 279.8 279.6 279.3 279.6 279.8 279.5 279.2 278.8 278.4 277.7 276.6 274.8 273.2 271 268.3 264.4 260.2
210.5 212.8 214.9 217.6 221.5 225.2 228.2 230 231.9 233.6 234.6 235 234.7 233.8 232.2 230.2 227.7 226.6 226.2 224.6 228.1 228.7 229.8 230.5 231.3 232.2 233.2 234.2 235.7 236.4 235.7 233.2 231.3 228.8 224.8 222.1 221.7 220.6 223.8 227.5 232.1 234.2 234.8 233.8 228.1 223.9 223.4 228.7 237.2 248.3 259 269.5 279.9 286.2 289.1 289.7 288.9 287.4 285.3 283.3 281.7 280.9 280.5 280.2 280.6 280.9 281 280.5 280 279.4 278.8 277.9 276.3 274.6 272.6 270.6 268.4 265.2
209.1 211.8 214.3 217.3 222.5 225.6 228.9 232.2 234.6 236.2 237.6 238.1 238.2 237.8 236.4 233.5 230.3 229.6 229.4 228.9 230.6 231.5 232.1 232.8 233.7 234.1 235.3 236.3 237.4 238.6 238.9 238.3 237.6 234.3 228.9 223.5 223.1 224.1 226.4 232 237 240 241.1 239.7 234.9 229.6 227 228.4 235.6 247.2 257.5 267.8 278.9 285.1 287.3 288 287.7 286.9 285.1 283.2 281.5 280.5 280.1 279.9 280.4 280.9 281.4 281.1 280.4 279.9 279.4 278.4 277.1 275.8 274 272.3 270.8 269
208.4 211.7 214.4 217.6 222.4 226.1 230.2 233.6 237.1 239 240.5 241.1 241.4 240.8 239.2 235.8 233.2 232.3 231.8 231.4 232.5 233.6 234.7 236.3 237.7 238.5 238.3 238.9 239.7 241.3 242.9 243.5 242.7 240.8 233.7 224.3 226 227.8 229.4 234.7 242 245.1 246.3 245.7 241.4 235 230.1 227.7 234.8 244.9 255.2 265.4 273.6 279.9 283.3 284.6 285.2 285.3 284.3 282.7 281 279.4 278.9 278.9 279.3 280.3 280.9 281.5 280.8 280.3 279.9 278.8 277.6 276.4 275.2 274.2 272.6 271.3
209.5 211.7 215 218.5 222.8 227.4 231.5 235.2 238.6 241.6 243.3 244.2 244.4 242.9 240.4 238.3 235.6 234.3 233.9 233.8 234.4 235.2 237 239.7 241.3 242.8 243.7 242.7 242.8 245.1 246.7 248.8 248.9 246.7 238.4 228.5 232 236.2 231.5 237.4 246.5 250.2 251 250.4 245.9 241.2 233 230.6 234.4 242.1 252.3 261.6 268.5 274.2 278.5 282.3 283.2 283.7 283.2 281.5 279.5 278 277.5 276.6 277.2 278.5 279.5 279.9 280.6 281.1 280.4 279.2 278 276.8 275.8 275 274 272.8
209.2 212.4 215 219.8 224.4 228.3 232.7 236.6 239.8 243.3 245.6 246.8 246.5 244.9 242.8 240.6 238 236.6 236.1 236.2 236.4 237.1 239.6 242.4 245.1 246.9 248.1 246.8 246.5 249.1 251.7 254.2 255.3 252.9 245.2 234.7 240.5 244.9 238.6 240.6 249.7 253.6 255.6 254 250.3 244.4 235 232.7 234.2 238.9 248.1 257.4 264.6 271 275.7 279.1 281.3 281.6 281.3 280.3 278.1 276.5 275.6 274.6 275.6 276.1 277.4 278.4 279.4 280 280.7 279.6 278.3 277.2 276.5 275.7 275.4 274.6
212.3 213.8 216.5 221.3 225.6 229.3 233.2 237.7 241.1 242.9 247.1 248.2 248 247 245.1 243.1 240.4 240.3 240 239.8 237.9 239.2 242.5 245.9 248.6 250.9 252.4 251.4 251.5 253.8 257 259.9 261 259.7 253.6 243.9 249.7 252.5 246.5 243.7 253.4 257.7 258.6 257.7 253.8 244.5 238.8 236.6 239 239.7 244 254.1 262.3 269.5 273.7 276.8 279.1 279.7 280.1 278.7 277.8 275.8 274.3 273.1 272.6 273.6 274.7 275.9 276.9 278.4 279.5 279.1 278.5 277.7 277 276.6 276.3 275.3
213 215 218.5 222.9 226.7 230.4 234.1 237.7 241.8 242.2 247.2 247.9 248.3 248.1 247.1 245 243.8 243.8 243.8 243.5 242.2 242.4 245.7 249.4 252.1 254.6 255.9 256.8 254.5 258.3 261.9 264.8 266.4 266.5 261.7 257.6 260.7 260.1 250.6 249.3 257.5 261 262 260.3 255.6 250.5 246.8 238.8 248.7 246.8 246.3 251.4 261.6 268.1 272.4 275.4 277.3 278.1 278.3 277.8 276.8 275.5 273.7 271.7 270.8 270.5 271.3 272.7 274 275.7 277.2 278.4 278.2 277.7 277.4 277.4 277.4 276.6
212.9 216.3 220 223.6 226.8 230.4 233.9 237.1 240.6 241.4 245.3 246.9 248.1 248.3 248.2 247.7 247.2 247.1 247.2 247.5 247.1 246 249.9 252.7 255.7 259.2 259.9 260.3 261.2 262.6 266.4 269.6 271.6 272.9 272.4 269.2 269.1 266.4 255.7 252.7 260.9 264.1 264.9 263.2 260.7 257.4 250.3 241.8 253.3 255.6 254.6 256.9 259.4 266.8 271.8 274 275.9 277 277.4 277.3 276.4 275.2 273.6 271.4 268.6 268.3 268.6 269.4 271.1 272.9 274.8 276.3 277 276.5 277.2 277.8 278.3 278
212.2 216.2 219.8 223.2 226.3 229.5 232.4 234.6 238.1 239.4 242.7 245 246.7 248.1 248.8 249.6 249.8 250.2 250.7 250.5 251.4 251.3 253 256.4 259.4 262.1 264.1 265.1 266.9 267.8 271.6 274.4 277.1 278.2 277.9 276.8 275 271.7 258.4 261 264 267.3 268.4 267.6 265.4 261 255.3 245.6 255.2 260.6 261.9 262.1 265 268 271.4 273.3 274.8 275.9 276.3 276.8 276.6 275.5 273.8 271.7 269.2 266.7 265.8 266.5 268.7 271.1 272.5 274.1 275 274.5 276.6 277.5 278.9 279.7
210.7 214.7 218 221.4 224.4 227 229.1 231.4 234 236.3 239.2 241.9 243.9 247 248.9 250.6 251.4 252.3 253.2 253.9 254.9 256.3 258.1 260 263 265.5 267.1 269.3 271.3 273.5 276.2 279.2 281.1 282.2 281.9 280.6 278.7 273.8 262.3 270 268.6 271.7 272.3 271.1 268.1 262.3 253.8 255.9 257.4 263.2 264.8 266 267.3 269.3 270.9 272.5 273.6 274.7 275.5 276.1 276.8 276 274.4 272.3 270.1 267.7 264 264 265.6 268 269.7 271.5 271.6 272 275.2 277.9 279.9 281.5
208.2 213 215.6 219.3 222 223.3 224.7 226.2 228.3 231.9 235 237.8 241.1 244.9 248.9 251.4 252.3 253.5 254.5 256.1 257.5 259.5 261.2 263.5 266.2 268.7 270.7 273.4 275.8 277.9 279.9 282.4 284.3 285.1 284.8 283.7 281.8 276.6 270.6 275.6 275.3 275.9 275.8 273.8 270.4 265.7 263.8 261.7 262.4 264.6 266 266.8 268.3 269.1 270.3 271.3 272.4 273.6 275.3 276 276.8 276.6 275.6 273.5 270.2 267.7 265 261.2 262 264.9 266.9 268.6 266.6 271.7 275.2 280.2 282.7 283.7
206.6 210.7 213.3 217 218.1 218.3 220.5 221.6 223.6 227.2 230.4 234.6 239.2 243.9 247.2 249.9 251.6 253.2 255.2 257 259.3 261.6 263.5 266.6 268.8 271 272.9 276 279.3 281.7 283.9 285.5 286.8 287.2 286.9 286.5 285.5 280.4 275.7 280 280 279.2 278.1 275.8 272.9 269.9 268.2 266.7 265.4 265.8 266.2 266.4 266.9 267.8 268.6 269.9 271.2 273.2 275 276.3 276.9 277 276.2 274.3 270.6 267.9 265 261 259.1 261.8 263.9 265.1 267.2 271.2 274.9 278.9 283.6 286.4
203 206.6 208.8 211.9 213.1 215.2 217.6 218.5 219.7 223.8 227.2 232.1 237.2 241.4 244.9 247.4 249.9 252.2 255 257.7 260.5 263 265.4 267.7 270.1 272.3 275.5 278.6 281.4 284 285.9 287.2 288.4 289 288.9 288.7 288 285.4 282 283.3 282.4 281.5 280.3 277.8 275 272.8 270.7 269 267.5 266.6 265.7 265.3 265.5 266.1 266.5 267.8 269.9 272.5 274.9 276.4 277.1 277.5 276.9 274.7 271.5 268 264.8 260.4 256.9 259.4 261.2 263.6 267.3 270.6 274.3 278.8 282.5 285.9
200.2 202.1 204.3 205.4 209.6 212.2 215.3 216.7 218.4 221 224.7 229.5 234.6 237.8 240.9 243 246.9 250.3 253.7 256.9 259.9 262.6 265.2 267.9 270.8 274.1 276.6 280 282.9 285.1 286.6 288.1 289.4 290.3 290.4 289.9 289.4 288.3 287.2 286.5 285.1 283.8 282.3 279.7 276.6 274.4 272.2 270.1 267.7 265.7 264.7 263.7 264.6 262.5 263.5 265.9 268 270.7 274 275.8 277 277.3 276.8 274.5 272.1 267.9 264.6 260.8 255.5 257.7 260 263.3 266.4 269.4 274 277.4 281.2 283.6
202.5 202.3 202.1 203.8 205.4 208 211.5 214.9 216.9 219.4 222.1 226.1 230.1 234 237 240.2 243.9 247.6 251.3 255.1 257.9 260.7 263.7 266.8 270.7 273.8 277.7 280.4 282.9 284.9 286.8 288.6 292.6 294.9 290.5 290.3 289.8 289.6 288.8 288.2 287 285.8 283.9 281 278 274.9 272.7 270.2 268 265.3 263.8 262.2 261 260.7 262 263.5 265.5 269.8 273.1 274.9 276.1 276.7 276.1 274.7 272.6 268.3 265 261.4 253 255.9 259.2 263.1 266.5 269.9 273.1 276.1 279.1 280.7
205.5 204.2 204.1 204.9 205.3 206.3 208.4 212 214.1 216.9 219.3 222.6 226 229.6 233.3 236.1 240.4 244.3 248.4 252 254.6 257.7 261.6 265.7 270.4 273.9 276.5 279.3 281.7 284.1 286.4 288.4 289.6 290.1 290.3 290.4 290.3 290.2 289.7 288.8 288.1 286.8 285.4 282.2 278.6 275.6 272.8 269.7 267.2 264.5 263.5 262.4 261.1 259.1 259.4 260.2 262 266.8 270.2 272.2 274 274.7 274.6 274.1 272.2 268.8 265.4 260.9 253.5 253.3 258.2 262.7 266.1 269.3 272.2 273.9 276 277.1
208.3 207 205.8 205.8 206.2 208.9 209.3 210.1 211.2 215 217.3 219.2 221.4 227.1 227.6 230.9 236.7 240.7 244.1 247.9 250.9 254.2 261.1 264.8 268.5 272 274.3 276.9 280 282.5 285.1 287.3 288.4 289.2 289.8 290.2 290.6 290.4 289.7 289.2 288.4 287.4 285.8 282.9 279.3 275.7 272.4 269.1 266.8 266.4 265.5 265.3 263.4 261.4 258.1 256.9 258.6 263.1 267.1 269.4 270.7 272.5 272.9 272.8 271.2 268.5 264.9 260.5 249.9 252.4 257.7 262 265.6 268.6 270.8 272.3 273.8 274.6
210.1 209.2 207.3 206.6 209.4 210.3 211 211.7 212.7 213.7 213.8 216.1 219.4 222.7 225.2 227.5 229 232.6 236.8 240.7 246.9 253 259 262.7 265.8 268.9 271.8 273.8 278.1 280.6 283.8 286.1 287.6 288.4 289 289.5 289.9 289.9 289.5 289.1 288.1 287 285.5 282.7 279 275.1 272.2 269.8 268.6 268.6 268 267.7 265.7 263.5 261.3 257.3 254 257.2 261.5 264.5 267.1 269.6 271.2 271.4 270 267.4 263.5 259.7 244.2 251.7 257.2 261.5 265.1 267.4 269.4 270.7 271.2 271.2
211.6 210.2 209.2 210.2 209.9 211.8 213.1 214 215.3 215.9 216.5 217.6 219.1 219.4 222.1 225.2 228.5 233.1 237.3 242.2 242.9 248.1 253 257.5 260.4 264.1 270 272.3 276.4 279.8 282.7 285 286.5 287.7 288.4 288.6 288.8 288.9 288.8 288.3 287.5 286.5 285.6 283.7 280 276.1 273.2 271.5 271 271.5 271.6 271 269.1 266 262.2 259.4 254.9 250.2 255.1 259.4 263.2 266.5 268.6 269.3 268.1 265.8 261.8 257.2 241.3 252 257.1 261.1 264.4 266.5 267.7 268.6 268.9 268.3
213 211.8 210.1 212 211.5 212.5 215.2 217.4 219.1 219.5 219 219 221 222 223.3 225.3 228.1 233.4 240.6 245.6 248.9 251.9 255 259.8 264.8 269.6 272.6 275.2 279.1 281.3 283.9 285.3 286.8 287.3 287.7 287.8 287.7 287.7 287.3 287 286.7 286.3 285.5 284.2 281.1 278.1 275.2 273.9 273.8 274.7 274.7 274.3 272.6 269.3 265.4 260.2 256.9 252.9 247.1 253 257.2 262.3 264.7 265.9 265 261.8 257.9 251.6 241.8 251 256.9 260.7 263.7 265.4 266.3 266.7 266 264.9
213.5 215 214.6 214.7 212.6 215.6 218.2 220.5 222.2 223 223.6 223.3 224 225.2 225.8 227.4 229.8 231.8 236.2 241.9 247.4 252.5 257 261 266.4 270 273.4 276.5 279.3 281.8 284.5 285.5 286.1 286.2 286.6 286.7 286.4 286 285.8 285.4 285.6 286.3 285.9 284.8 283 280.6 277.5 277 277.4 278.1 278 277.3 275.4 272.8 269.3 265.1 259 254.6 250.2 244.7 251.6 256.7 260.4 261.6 260.3 258.2 254.6 245.1 241 250.3 256.7 260.2 262.7 264.5 265.1 264.8 263.4 261.5
214.8 216 216.8 216.9 215.1 217 220.9 223.3 225.3 226.6 227.4 228.2 229.4 230.2 230 231.6 234.9 238.2 241 242.2 247.2 251.8 257.8 263.2 266.7 270.4 273.8 276.8 279.4 282.1 283.9 284.9 285.5 285.2 285 284.7 283.9 283.5 283.6 284 284.7 285.5 285.7 285.2 284.2 282.3 281.1 281.2 281.3 281.3 281.1 280 277.8 275.1 271.7 268.1 263.5 257.1 251.3 244.9 242.3 251 255.2 256.7 256.4 254.2 250.7 237.1 242 251.8 256.3 259.7 262.1 263.4 264.1 263.4 261 258.1
215.7 218.3 218.6 218.7 217.7 219.3 223 226.4 228.2 230.4 232 234.1 236.4 237.1 238.3 239.1 241.3 246.1 249 252.8 255.9 258.1 261.2 264.6 268.3 271.3 274.5 277.2 279.6 281.9 283.4 284.1 284.3 284 283.2 280.8 279.4 279.9 280.5 281 283.5 284.7 285.5 285.3 284.8 284.5 284.2 284.3 284.2 283.8 283.1 281.9 279.9 277 273.8 270.7 266.5 261.1 254.3 247.4 240 242.8 249 252.2 252.1 250 243 234.7 245.6 251.3 255.7 259.1 261.5 263.2 263.6 262.4 259.6 254.4
218 220.3 221 221.2 218.4 219.9 224.4 227.9 230.8 233.4 236.1 238.3 240.3 242.7 244.8 247.9 249.4 250.5 253.8 256.3 258.8 261 263 266.1 269.3 272.2 275.1 277.6 280 282 282.9 283.5 282.7 282 280.8 277.1 275.6 276 276.3 278.8 281.7 283.8 285.2 286.1 286 286 286 286.2 286.1 285.4 284.7 283.3 280.9 278.4 275.4 272.1 268.2 263.8 257.8 250.2 243.1 238 238.9 245.2 247.5 246.2 233.2 237.2 246.3 251.1 255.5 259 261.3 262.9 263.9 262.4 258.3 251.5
219.2 221 222 222.2 222.5 220.9 224.8 229.3 232.5 236 239.1 241.2 243.5 246.8 249.6 252.2 254 255.7 257.3 259.5 261.2 262.8 264.3 266.7 269.6 272.5 275.2 277.8 280.1 281.9 282.4 282.1 281.4 279.7 277.4 274.6 272 271.6 272.8 278.2 281.1 283.4 285 286.5 286.8 287.1 287.2 287.2 286.8 286.1 285.5 284 282.1 279.7 276.8 273.2 269.7 264.3 258.5 251.3 244.5 241.5 238.5 233.2 242.3 242.5 231.7 234.4 243.4 249.1 254.2 257.6 260.9 263.1 263.3 261.4 256.3 247.8
