public/OST50/SN46.asc
ncols 200
nrows 200
xllcorner 240000
yllcorner 260000
cellsize 50
[rows 148 to 184 of 200, columns 84 to 167 of 200]
-1.2 -1.2 -1.2 -1.2 -1.2 -1.2 -1.2 -1.2 -1.2 -1.2 -1.2 -1.2 -1.2 -1.2 -1.2 -1.2 0.8 0.8 1.3 13.5 19.3 22 21.2 22.1 25.4 29.6 35.5 43.4 41.7 38.9 21.4 4.3 6.2 6.3 7.5 12 19.3 24.2 30.3 34.8 39.6 49.3 60.9 74.3 86 92.5 96.7 99.9 104.5 109.1 112 114.1 116.6 118.3 119.8 121.6 124 125.8 127.4 129.1 130.8 132.4 133.9 135.3 136.2 136.6 135.6 134.5 133 131.9 130.4 128.3 124.8 121.8 118.4 115.4 114.1 115.4 114.2 112.7 110.2 104.3 103.3 97.7
-1.2 -1.2 -1.2 -1.2 -1.2 -1.2 -1.2 -1.2 -1.2 -1.2 -1.2 -1.2 -1.2 14.6 19.6 24.2 26 21.5 24.2 23.1 27.1 28.8 31.8 33.8 41 54.1 59.3 58.8 50.5 34.9 14.5 7.1 6.5 6.7 7.5 11.3 20.6 25.8 33.2 38.7 45.7 53.6 58 69.4 79.1 88.8 93.9 99.1 105.2 109.8 112.2 115 117.1 119.1 121.1 123.1 124.5 126.8 128.5 130.1 131.7 133.3 134.8 136.4 137.2 137.9 137.3 137.3 136.4 135.3 133.5 131.3 127.8 124 120.3 118.3 116.7 120.6 119.6 117.5 114.6 110.1 107.7 100.7
-1.2 -1.2 -1.2 -1.2 -1.2 -1.2 -1.2 -1.2 -1.2 -1.2 -1.2 -1.2 2.2 34.1 35.8 39.7 48.5 43.1 44.2 42.8 41.9 42.3 48.5 53.1 60.5 63.8 62.5 58.2 47.9 28.5 13.5 7.5 7.1 7.3 7.5 12.3 21.5 28.4 36.4 43.5 51.1 56.9 62.1 69.7 86.7 95.1 98.9 102.9 106.9 110.4 112.8 115 117.2 119.2 121.9 123.8 125.8 128 129.5 131.1 132.7 134.2 135.8 137.3 138.8 139.9 140.4 140.8 140.1 138.5 136.1 133.2 130.1 127.5 124.9 121.6 122.6 124.8 124 122.1 119.2 114.8 107.5 106.9
-1.2 -1.2 -1.2 -1.2 -1.2 -1.2 -1.2 -1.2 -1.2 -1.2 0.9 5.7 46.8 51.6 43.7 47.9 59.7 65.4 64.6 61.4 58.2 57.7 57.4 60.2 62.9 64.1 63.4 57.2 49.8 28.3 18.9 8.4 7.9 6.7 8.3 15.6 25.4 34.5 41.7 47.3 52.6 58.1 62.9 78.4 90.7 96.6 101.3 105.4 108 110.2 113.9 115.9 117.9 120.5 123.2 125.3 127.2 128.3 130.6 132.1 133.9 135.5 136.9 138.7 140.7 142.3 143.3 143.6 142.4 140.9 138.6 135.6 132.6 130.4 128.2 124.9 125.1 127.1 127.2 124.9 121.6 118.5 114.5 111
-1.2 -1.2 -1.2 -1.2 -1.2 -1.2 -1.2 -1.2 0.2 1.4 20.7 47.6 61.9 63.8 50.1 59.3 70.3 76.6 77 73.9 73.2 70.5 65.6 64.6 64.8 62.7 60.7 56.1 49.9 36.9 16.7 11.5 8.7 8.6 10 8.9 26.9 35.1 38.7 42.9 49.6 56.8 62.2 72.8 88.2 96.1 100.9 106 109.1 111.2 114.4 116.7 119 121.9 125.1 127.1 128.7 130.2 131.6 133 135.1 136.6 138.3 140.6 142.6 144.4 145.5 145.5 145 144 142.3 139.4 135.6 133.1 130.5 128.2 126.6 128.7 128.9 126.6 124.4 122 118.2 114.3
-1.2 -1.2 -1.2 -1.2 -1.2 -1.2 -0.2 0.6 1.6 30.9 52.3 67.2 73.8 69.6 57 67.6 76.1 80.1 81 81 81.4 79.7 79.6 75.1 68.7 63.5 58.5 53 43.9 31.6 20.7 15.2 10.4 9.6 10.6 9.8 8.8 25.4 29.5 34.5 43.2 54.9 60.6 69.4 82.4 92 98.5 104.2 108.6 111.3 114.6 117.1 120.4 124.2 126.4 128.5 129.9 131.3 132.9 135.1 136.2 137.9 140.2 142.5 144.2 145.6 146.4 147.2 146.9 146.3 144.6 141.4 137.7 134.7 133.5 130.8 128.2 129.2 129.4 127.8 126.6 124.8 121.5 119.3
-1.2 -1.2 -1.2 -1.2 -1.2 0 0.9 1.7 27.3 45.7 67.8 77.7 80.8 71.3 65.2 73.5 78.9 82 83.7 84.2 84.2 84.7 82.3 78.1 70.9 64.3 57.1 45.5 37.3 30.4 23.5 18.2 13.9 10.9 9.5 9.5 8.5 15 30 39 46.4 58 62.2 63.1 74.9 83.8 94.7 101.3 105.8 110.7 114.2 118.4 122.3 125.4 127.4 129.3 131 133.1 134.6 136.2 137.8 140 142.1 144 145.2 146.4 147.6 148.4 148.6 147.5 145.4 142.2 138.6 135.9 134.1 132.3 130.2 130.2 129.6 128.9 127.8 126.3 124 124
-1.2 -1.2 -1.2 -1.2 0 0.9 2.8 24.8 37.6 55.4 78.6 84.4 80.2 74.6 74.8 77.5 82.3 85.4 86.8 88 87.8 86.9 83.6 79 73.3 67.3 62.5 55.2 46.3 37.1 27.6 20.6 18.9 14.3 10.2 10.1 6.9 10.4 11.6 34.6 45.3 59.5 66.3 74.2 81.8 89.1 94.9 100 106.7 111.5 116 120.2 123.6 126 128.1 129.8 131.8 134 135.9 137.7 139.8 141.9 143.7 145.2 146.2 147.2 148.2 149 149 148 146.1 143 139.6 136.6 134.6 132.7 131.5 130.6 130.5 129.9 128.6 127.5 127 126.9
-1.2 -1.2 -1.2 0.1 0.9 3 22.7 36.8 41.9 57.1 80 83.7 77.8 78.4 78.8 81.4 85.5 89.2 91 91.6 91 88.4 85.2 81.8 77.6 74.3 71 64.4 56.8 49.3 36.5 24.6 21.8 18.4 15.2 10.8 10.3 9.6 10.8 13.2 38 57.9 69.8 78.9 87.1 95 102 103.7 108.1 113.7 118.9 122 124.7 126.7 128.2 129.9 132.6 134.8 136.8 139.3 141.7 143.5 144.6 145.9 146.9 147.9 148.6 149.1 148.8 147.7 145.6 143.1 140.1 137.1 135.2 133.3 132.2 131 131.2 131 130.4 129.5 129.3 129.3
-1.2 -1.2 -0.1 0.7 1.7 17.1 33.2 50.2 50.2 57.3 66.3 74.1 74.3 81.4 82.6 86.4 90.3 92.7 93.3 93 92.2 89.6 86.9 85.4 84 81.9 80.1 75.8 69.7 62 46.3 35.6 30.1 21.4 18.7 11.6 10.9 10.4 11.6 12.5 21.5 47.7 69.8 81.3 91.3 100.1 107 109.7 112.9 117.3 121 123 124.7 126.1 128.5 130.7 133 135.2 138.1 140.7 143.1 144.6 145.5 146.6 147.4 147.8 148.3 148.5 147.9 146.7 144.7 142.7 140.1 137.5 135.5 134.4 133.5 133.4 132.7 133.6 132.2 132.1 131.9 132
-1.2 -0.2 0.5 1.4 17.1 33.6 51.1 66.2 72.9 59.3 64.9 72.5 83.3 83.6 86 88.3 91.7 92.7 92.6 93.6 94.2 92.6 90.4 90.9 90.4 90 87.5 82.7 76 65 52.5 43.1 30 24.3 21.1 14 11.6 11.1 9.8 12.7 13.2 29.1 57.3 82 94.8 104.1 109.7 113.1 116.8 119.2 121.6 122.3 123.9 126.1 128.4 130.7 133 135.8 139.4 141.7 143.5 145 145.6 146.3 146.6 147.1 147.4 147.2 146.7 145.5 143.9 141.8 140 138.3 136.9 135.8 134.9 134.8 134.8 133.9 134.3 134 134.2 135.2
-0.2 0.6 1.2 13.6 33.2 52.5 67.4 73.8 79.4 74.4 79.7 85.9 87 87.8 89.7 92.1 92.3 92.7 95 96.7 97.2 96.8 95.5 95.1 94.9 94.3 91.9 86.7 79.1 67.8 57.8 50.4 41.1 29.7 23.9 21.5 14.1 11.9 11.2 12.6 13.1 24.2 47.5 69.5 88.4 102.2 109.1 113.3 117.2 119 120.6 121.6 123.1 125.5 128 130.6 133 136.4 140 141.7 143.5 144.3 144.9 145.6 145.7 145.9 145.8 145.7 145.4 145.1 143.4 142 140.3 139.4 137.8 137.4 137.1 136.5 136.3 136.4 136.5 136.4 136.8 137.8
0.6 1.3 21.9 38.5 54 69.5 77.5 81.7 84.2 86.4 87.9 89.9 90.7 92.1 92.9 93.6 95.7 97.6 99.6 101 101 100.4 100.3 99.5 98.9 97.8 94 88.6 81.3 72.4 63 55.4 47.6 35.9 27.3 22.3 21.5 12.7 11.7 9.8 13.4 14.2 37 57.1 81 96.6 105.5 110.9 114.8 116.3 117.5 119.6 122.2 124.6 127.5 130.1 133.4 137.1 139.7 141 142.1 143.5 143.1 143.1 143.4 143.7 144.3 144.4 144.4 144.5 143.4 142.5 141.1 141 139.9 138.6 138.6 138.8 138.2 138.3 138.3 138.7 139.6 140.2
1.5 31.5 43.4 57.3 74.4 83 89.2 90.9 92.1 92.5 93 93.7 94 95.8 96.9 96.8 97.4 100.6 103.1 103.9 103.7 103.3 103.2 102.8 102.3 100.7 96.7 90.2 83.3 76.2 71.1 60 50.1 37 29.7 25.8 23.7 16.6 12.2 10.2 14.1 14.5 23.4 46.8 67.4 88.2 98.2 102.1 106 109.1 112.7 116.5 120.1 123.5 126.4 130 133.6 136.6 138.3 139.1 139.3 140.3 141.9 142.6 143.3 143.9 144.1 144.8 145.5 145.1 144.5 143.7 143.4 141.8 141.1 141.3 140.8 141.6 140.8 140.6 140.8 141 142 142.4
36.6 48.5 63.5 79.4 90.4 94.6 96.5 97.1 96.8 96.6 96.5 96.7 97.7 98.7 99.6 100.4 98.4 103.3 104.8 106 106.6 106.4 106.3 106.2 105.3 103.3 99.3 93.3 86.7 80.8 75.1 61.8 50.7 40.5 31.8 28.2 25.6 22.4 12.5 11 14.1 14.7 15.5 35.6 57 76.2 81.4 83.7 87.5 94.7 103.7 113.1 118 121.5 125.4 129.3 132.3 133.6 134.1 136.6 138.2 140.6 142.3 143.2 143.8 144.4 145.1 146.1 146.8 146.5 147.3 146.9 147.2 146.5 144.7 142.7 143.5 143.5 143.2 143.1 143.1 144.5 144.9 144.5
56.7 71.2 82.9 95.2 98.7 100.3 100.4 100.1 99.2 98.6 98.7 99.1 100.1 100.9 101.8 102.6 103.5 102.1 105.7 107.6 108.4 109.5 109.8 109.6 108.9 107.1 102.7 97.4 91.7 84.3 77.9 66.9 56.3 46.9 37.9 32.3 28.3 23.4 12.5 12.9 14.4 15.4 16.5 23.6 44.1 57.7 61.2 63.4 76.4 91.5 102.9 110.5 113.8 120.1 124.5 128.1 126.9 125.3 129.5 134.5 137.9 140.1 142.3 144 144.9 145.9 146.6 147.7 148.3 149.4 150.6 151.2 151.9 151.8 150.5 147.8 145.9 145.3 145.6 145.6 145.8 146.8 147.1 146
79.2 86.7 93.9 99.1 101.1 102.3 102.6 102 100.9 99.6 99.4 101.1 102.1 103.1 103.6 104.3 105.7 105 107.1 109.4 110.2 110.8 110.9 110.6 109.8 108.4 105.6 101.1 94.8 91.4 81.9 74.1 64.7 54.2 44.6 37.2 31.1 25.7 12.7 13.3 14.5 15.3 17.1 22.5 34.2 41.9 49.4 58.9 80.7 91.2 99.2 109.3 114 121.1 124.6 119.7 111.2 125.1 131.2 135 138 140.5 142.7 144.5 146 147.2 148.4 149.8 151.3 152.6 153.7 154.8 155.4 155.1 154.1 152.5 150.5 148.1 147.5 148 148.3 148.6 148.9 148.5
88.7 92.9 97.3 100.2 101.8 103 103.5 102.9 101.4 100 100.6 102.7 104.1 104.2 104.9 105.7 106.9 107.4 106.1 109.3 110.4 110.7 111 110.5 110.1 108.9 106.5 102.6 100 97.2 91.5 84.3 73.4 62.2 50.6 44.1 33.5 27.8 15.4 13.8 14.4 14.6 12.8 21.6 31.8 39.8 50.3 69.2 83.2 91.7 98.6 110.8 119.7 124.1 119.9 106.8 110.3 128.1 132.8 135.9 138.7 141.2 143.4 145.1 147 148.9 150.6 152.4 154 155.3 156.6 157.9 158.3 157.9 157.3 155.5 153.4 151.2 149.8 149.6 149.6 149.9 150.6 150.7
93.4 96.2 98.3 100.5 102 103.2 103.5 102.7 101.5 100.3 103 104.1 105.2 105.6 106.2 106.4 107.6 108.4 108 108.1 109.6 110.6 111 110.6 109.8 109 107.8 106.4 104.4 102.6 99.1 92.9 83.2 63.9 66 56.9 35.8 30.5 24.9 14.4 15 15.4 15.5 18.3 28.7 36.1 53 73.1 83.9 90.9 98.2 112.1 120.5 122.1 112.4 95.3 113.4 128.6 133.5 136.3 139.3 141.9 144.3 146.2 148.9 151.3 153.6 155.4 156.7 158.3 159.7 160.7 160.8 160.6 159 157 154.7 152.4 150.8 150.2 150 150.2 151 151.5
92 94.4 96.7 99.3 101.4 102.8 102.9 101.7 100.5 100.7 103.9 105.3 106.9 107.6 107.9 108.1 108.5 109.8 110.7 111.1 111 111 111.2 111.8 111.5 110.4 110.1 109.4 108.5 106.7 104.1 99.1 84.5 78.9 76.2 69.6 59.5 50.8 32.6 14.9 14.4 15.1 16.2 15 21.5 29.5 47.2 66.2 80.1 87.6 95.3 109.5 114.6 114.4 105.1 87.9 104.7 125.6 133.5 137.7 140.6 143.9 145.7 148.3 151.7 154.8 156.8 158.4 160.4 161.8 162.8 163.4 163.2 162.1 160.2 157.6 155 153.2 151.1 150.3 149.8 149.2 150 151.9
76.4 87.4 91.3 96.4 99.6 99.5 100 99.8 96.7 103 105.3 107 108.6 109.5 110.7 111.3 112.1 113.3 114.4 115.2 115.4 114.3 112.3 114.5 113.7 113.4 112.7 112.4 111.7 110.4 108.3 94.1 88.2 97.5 92 78.5 70.9 62.1 43.8 29 19.8 16 16.6 16.5 15.3 23.6 38.6 56.9 70 81.4 92.7 94.2 98.4 100 87.1 78.3 91.7 120.2 133.8 139 141.9 144.8 146.4 152 155.2 158.3 160.2 162.2 164 165.5 165.7 165.9 165.2 163.2 160.5 157.9 155.3 152.9 151.2 149.9 148.5 147.8 148.2 150.2
54.9 67.9 84.9 91.2 91.9 92.3 92.1 89.1 92.4 102.6 105.9 108.6 110.5 111.9 112.8 114 115.2 116.4 117.4 117.9 118.3 118.5 118.9 118.6 117.3 117.3 117.6 116.3 114.6 113.1 104.6 92.3 105.5 105.1 97.1 87 80.7 71.1 51.9 30.3 24 17.6 17.5 17.5 17.5 16.1 24.1 43.7 59.1 68.8 74.6 74.2 74.8 72.7 65.2 74.3 99.2 121 135.2 140 142.7 146.9 150.8 154.9 158.4 161.5 163.7 166 167.8 168.9 168.6 167.4 166.1 163.2 160.9 158.5 156 153.4 151.8 149.4 146.7 145.4 145 146.8
47.7 51.1 73.7 85.7 79.3 77.1 77.6 82.7 87.5 101.7 103.9 108.4 111.6 113.5 114.8 116 117.1 118.2 119.2 119.3 120 121 121.9 121.1 120.6 120.6 120.9 119.9 117.8 114.5 105.3 98.6 110.3 109.3 102.7 98.6 90.8 83.4 66.6 43.5 28.3 22.5 20.6 18.3 17.7 17.7 18 20 36.7 46.5 52.2 53 49.7 55 65 80.2 106.1 128.9 137 140.9 145.3 149.1 153.5 157.9 161.2 164.6 167.3 169.6 170.9 171.2 170.3 168.7 166.3 163.5 160.8 158.9 156.7 154.7 152.5 149.8 146 143.2 142.2 142.6
64.7 61.6 51.7 63.5 68.1 82 92.1 88 96.8 105.1 107.5 108.3 109.4 112.8 115.5 115.3 116.8 119.3 120.8 120.3 122.8 124 124.3 123.7 122.9 123.2 122.8 121.7 119.3 117.6 115.3 103.3 111.4 112.7 110.1 106.6 99.6 93.1 78.9 56.1 37.5 30.6 30 25.4 22.3 18.5 18.5 16.8 18.8 21.1 32.2 35.4 45.6 56.8 72.9 100.3 120.5 130.2 138 143 146.9 151.6 156.2 160.2 163.5 167 169.7 172 173.2 173.1 171.8 169.2 166.2 163.5 160.8 158.7 156.8 154.6 152 149.1 145.2 142.2 141.2 140.8
80 75.8 64.7 69.1 84.1 92.5 97.7 102.2 104.9 108.1 110.3 112.4 113.7 114.8 113.6 116.1 116.7 118.8 120.8 123.8 124.7 125.2 125.4 125 125.4 125.4 124.3 122.4 121.9 120.3 115.8 109.4 117.2 116.5 114.3 110.6 104.8 96.3 85.4 74.4 54.8 35.1 33.2 28.5 25.7 23.1 18.4 18.6 19.1 21.1 25.3 32.1 37.1 50.5 71.1 90.8 110.1 126.6 137 144.1 149.3 153.3 157.6 161.6 165.1 168.2 170.6 172.7 173.6 173.8 171.6 168.8 165.3 162.3 160.1 158.9 157 153.1 150.4 147.3 143.2 140.6 139.4 139.4
86.5 84.9 78.2 60.1 82.7 95.5 101.3 104.4 107.6 110.4 112.7 114.6 116.3 117.5 118.8 120.1 121.2 122.5 123.9 125 125.9 126.3 126.5 126.3 126.6 126.9 125.3 125 125.1 123.7 120.7 119.6 119.4 119.2 117.1 113.8 108.1 99.2 90 77.2 49 43.6 35.7 31.7 29.1 28.5 29.2 21.8 19.3 20.1 21.6 23.2 28.6 38 49.9 67.5 85.2 104.4 126.5 143.5 150.3 154.3 158.1 161.7 165.5 167.8 169.4 171.7 173.5 173.2 170.4 167.3 163.7 161.5 160 158.4 155 151.8 149.1 145.2 141.6 139.1 138.5 138.1
91.4 91 86 73 70.7 92 101.7 106.3 109.4 112.4 114.7 116.6 118.3 119.6 121 122 122.8 123.8 124.9 126 126.6 127.2 127.5 127.6 128.3 128.7 128.6 128.9 128.8 127.5 124.4 125.9 123.6 121.1 119.4 116.1 111.1 101.1 88.1 73 55.1 48 42.7 40.1 36.2 34.5 34.2 33.3 25.6 20.1 20.7 21.7 25.4 33.3 38.8 48.4 60.7 80.1 104.9 128.7 144.2 150.4 156.2 160.4 164.1 165.5 166.9 169.2 171 170 167.9 164.9 162.4 161.2 158.3 155.6 152.9 150.6 146.6 143.2 139.9 137.8 137.2 136.4
96 96 93.6 86.2 73 85.7 98.9 105.4 110.8 114.2 116.3 118.5 119.9 121.5 122.7 123.3 124.1 125 126.3 127.1 127.6 128 128.7 129.7 130.7 131.1 131.6 132.1 132.6 132.1 129 130.4 126.8 123 120.7 117.5 110.3 98.3 86.7 65.3 65.7 61 58.5 54.5 47.4 42 39.2 36.3 34.7 18.1 20.5 21.4 23.8 30.2 34.8 40.4 46.4 57.7 78.2 99.3 117.2 132.6 145.1 153.7 159.6 162.2 163.8 165.9 167.3 165.9 163.8 163.3 162.6 160.3 156.2 152.5 149.8 148.5 145 141.7 138.6 136.7 135.3 134.4
99.8 99.8 97.4 92.9 89.7 86.1 87.7 101.9 108.2 112.7 115.6 117.7 120.2 121.7 122.5 123.6 124.6 125.9 127.1 127.7 128.4 129.3 130.3 131.2 132.1 132.6 133.9 134.7 135.6 134.9 133 129.5 126.7 123.6 120.7 116 105.1 96.9 88.3 82.8 78.6 76.6 70.3 68 60.2 49.9 45.4 40.1 37.4 34.6 24.2 20.6 19.7 25.1 32.8 36.4 39.5 44.5 55.8 72 93.2 112 128 143.2 152.9 156.6 159.3 162 163 162.1 162.3 162.9 162.2 156 152.4 148.4 146.9 146 143.7 140.7 138.8 136.2 134.9 132.4
103.3 103.3 102.2 99.6 94.8 91.1 87.2 85.2 94.7 104.5 109.7 112.5 116.2 120.2 121.7 122.6 123.8 124.8 126.7 128 129.4 130.2 131.2 131.6 133 134.1 134.6 135.1 135.7 136.6 135.3 131.7 128.4 125.2 119.7 114 103.3 96.5 84 95 97.5 93.2 88.5 76.9 65.4 58.3 55.2 47.6 41.2 39.3 36.7 21.5 22.1 21.1 23.1 34.2 36.5 39.6 44.4 53.8 72.3 90.2 107.5 127.6 141.1 149.3 153.2 156.9 158.8 159.3 160.5 161.9 160.5 156.6 150.7 144.8 144.7 144.1 142.9 141.7 140 137.4 134.7 131.6
106.4 107.1 106.4 104.2 100.1 97.2 98.2 95.7 89 97.5 106.3 112.4 114.5 115.6 119.5 118.6 122.3 124.8 126.4 128.7 129.8 131.3 131.3 131.4 132.1 134.4 137.5 138.5 139.1 138.8 136.9 134.5 131.9 128 122.7 115.5 104 96.7 103 112.3 115.2 108.5 100.8 84.7 75.6 74.6 73.9 66.8 50.8 42.9 42.4 35.1 23.3 23.4 23.5 24.2 35.5 37.1 39.8 45.9 56.2 69.7 87.7 108 127.1 138.3 146.2 152 155.5 157 158 158.1 157.3 154 146.4 142.4 142.1 143 143.2 142.8 141.6 138.7 134.7 130.5
108.1 109.1 109 108.4 106.8 102.9 102.4 102.1 101.5 92.8 102.1 109 111.6 111.7 115 116.7 121.5 122.9 126.9 129.2 129.8 129.8 133.1 133.8 136.3 139 140.8 142.3 142.3 141.4 139.9 137.8 135.6 132.8 129.2 121.9 110.1 109.6 122 122.3 120.1 115.6 108.9 95.1 96.7 94.4 85.6 75 59.1 49.3 61.5 51.4 33.1 22.9 21.3 24.1 35.1 37.1 38.5 43.4 48.9 57.3 71.8 91.3 108.8 124.9 139.4 148.4 153.2 155.6 154.3 152.4 150.7 147.1 141.4 139.9 140.2 141.6 142.8 143.2 141.7 139.4 135.2 128.9
108.8 110.5 111.3 111.6 111.4 108.7 105.6 106.3 106 102.5 96.5 105.9 108.9 112.6 116.3 120 122.2 122.2 126.6 127.4 131 133.2 134.5 136.7 138.8 140.8 142.8 143.7 143.7 143.4 142.3 140.4 138.1 135.7 132.7 127 117.1 121.4 126.6 125.9 123.8 120.3 113.9 112.9 110.6 103.1 93.3 80.8 64 63.3 78.9 71.3 52 25.6 21.9 24.3 35.1 36.5 38 41.7 46.2 52.8 63.1 78.7 96.5 113.2 132.1 145.6 150.1 149.1 144.5 143.6 143.8 140.7 138.6 137.5 138.5 139.8 141.4 142.7 142.4 139.1 133.8 127
110.7 112.2 113.4 114.3 114.3 112.8 111.1 110.1 109.5 107.3 97.6 107 110.8 113.8 118 122.5 125.7 127.8 129.3 131.2 132.6 134.6 136.5 138.2 140 141.6 143.1 144.4 145.2 144.9 144.7 143.2 140.6 138 134.8 130.2 120.6 127.7 130.5 129.2 127.4 124.6 123.9 121.8 116.5 107.7 94 80.9 69.7 83.1 101 96.2 71.6 41.2 24.5 24.5 25 36.6 38.4 40.3 43.9 50.9 58.9 69.1 84.3 103.5 126.3 138.3 139.5 135.6 131.8 135.9 139.7 138.1 135.8 134.8 135.8 136.8 139.4 141.6 141.3 137 130.2 123.5
112 113.9 115.4 116.2 116.8 116.5 115.6 114.2 112.1 110.5 106.8 104.9 111.5 115 119.7 124.6 127.9 130.2 131 132.9 134.2 135.8 137.4 138.8 140.3 141.9 143.3 144.7 145.3 146 145.9 144.8 142.3 139.6 136.1 132.7 128.9 132.6 132.7 132.4 130.8 129.4 128.1 125.2 116.9 104.6 97 90.7 87 90.7 104.2 108.9 83.3 50.4 31.1 24.6 25.1 33.2 38.2 40.2 43.8 50.4 55.8 62.9 74.9 93.2 111.4 120.9 120.8 118.6 120.9 130.6 136.4 136.4 134.7 131.6 131.6 131.2 134.1 137.8 136.5 131.4 125.8 117.4
112.2 114.9 117 118.1 118.8 118.9 118.3 116.8 114.4 112.7 110.4 104 112.4 116.1 121.8 125.5 128.8 131 132.3 133.8 135.1 136.4 137.8 139.2 140.6 142.1 143.4 144.9 145.9 146.7 147 145.8 144 141.3 138.7 135.8 134.2 136.9 136.5 135.3 134 132.9 130.6 128.5 120.4 115.4 114.4 113.6 104.2 100.3 102 112.7 94.3 63.3 39.3 25.1 25.6 26.4 38.5 42.4 46 49.6 54.2 59.4 66.9 83.9 93.4 97.2 100.4 105.4 115.4 128.6 134.7 135 132.7 130.2 126.6 124.4 126 130.7 130 125.5 118.5 108.9
112.6 116.3 118.9 119.5 120.2 120.1 119.4 118.4 116.5 114.9 114.2 113.9 108.5 116 120.3 124.9 128.2 130.7 132.4 134 135.2 136.8 138.2 139.6 140.5 142.2 143.8 144.9 145.8 146.9 147.7 146.7 145.2 143.4 141.4 139 138.4 139.1 139 138.1 137.4 135.8 133.7 130.7 129.1 128.3 129 128 125.3 115.1 108.5 114.1 110 80.7 51 24.5 26.4 26.1 39.3 43.9 47.4 49.5 52.4 56.9 62.5 69.1 76.5 82.7 91.6 103.5 118.1 130.4 134.2 132.9 130.6 128.1 125.5 121.8 118.6 123 124.3 120.3 111.8 103.1
