public/OST50/SN50.asc
ncols 200
nrows 200
xllcorner 250000
yllcorner 200000
cellsize 50
[rows 37 to 73 of 200, columns 0 to 81 of 200]
201.8 200.9 201.2 203.8 203.8 202.7 202.8 203.1 197 188.3 182.5 181.3 182.1 180.4 181.8 182.4 182.7 191.6 198.1 202.6 209.3 220 233.6 244 252.6 258.4 263.9 269 273.4 277.9 280.3 281.1 281.3 279.8 276.3 270.5 264 257.5 252.9 247.7 241.3 237.2 234 225.7 218.4 212.8 204.9 197.4 207.8 222 234.8 236.4 234.4 230.7 225.8 217.1 206.1 195.9 186.6 178.9 159.2 137.5 148 167.5 183.6 191.2 196.9 209.2 215.8 217.2 217 216.6 211.9 200.6 187.3 180.9 175.5 170.3 167.3 164 160.3 160.5
197.8 198.4 199.8 203.1 203.4 203.8 205.4 205.5 201 188.8 180.8 179.5 177.6 179 182.3 185.8 193.6 198.7 203.9 209.3 216.5 226.1 237 247.1 257.4 262.3 267 271.7 276.8 280.9 282.3 282.3 281.1 278.5 273.5 266.9 259.9 254.4 249.1 242.1 236.8 232 226.3 219.2 213 205.6 205.3 212.3 224.6 236.8 240.2 239.3 236.3 231.1 225.3 215.4 202 191.2 181.5 173.6 157.3 137.6 145.1 168.3 181.6 188.3 194.4 203.3 211.4 212.1 213.5 213.3 205.6 194.4 184.3 176.6 171.3 166.8 164.3 161 157.8 158.1
193.3 194.3 197.3 199.8 203.9 205.7 207.8 207.8 203 190.2 182.2 176 175.8 180.4 185.8 193.4 198.9 203.6 208.5 213.8 221 230.6 239.2 251 259.4 265.3 269.8 274.1 277.8 281.6 282.9 282.6 280.5 275.5 269.8 263.1 256.7 250.9 244 238.8 232.9 227.5 221.7 216 206.4 212.6 218.3 226.4 238 242.3 242.5 240.7 237.6 231.4 224.3 214.8 198 187.9 178.2 170 157.7 136.6 135.9 153.5 177.8 185 192.2 200.3 205.6 207.8 209.3 206.5 198.4 189.8 180.7 173.3 167.7 164.3 161.4 158.1 155 155.4
188.4 190.7 195.9 200.8 206.2 208.9 210.2 208.6 203.5 190.8 180.1 177.4 174.6 179.9 186.6 196.1 201.3 207.1 213.1 219.3 226.6 233.6 241.7 251.5 261.1 267.7 271.8 275.4 279 281.5 282 279.7 277 271.8 265.9 259.4 253.4 247.4 241.7 236.1 229.4 224.8 220 212.6 216.8 225.3 231.4 237.5 241.2 242.2 242.1 241 237.1 230.6 222.2 212.3 194.8 184.4 174.7 165.1 156.2 142.9 132 141.9 170.5 182 192.3 199.1 203.3 204.1 204.8 201.3 194.3 185.1 175 169.4 164.7 161.3 158.3 154.9 153.1 153
183.9 191.8 197.6 204.3 208.7 211.6 211.8 209.7 202.4 189.2 183.2 177.9 169.6 177.6 186.9 196.8 203.7 210.8 217.3 225 230.5 236.7 244.7 251.7 261.2 268.8 272.7 276.4 279.1 280.3 279.4 277 273.6 268.8 261.1 255.3 250.1 244.5 239.2 233.4 227.4 222.1 217.4 213.9 221.3 232 236.6 239.2 240.8 241.8 241.5 239.6 235.1 228.1 218.8 207.7 190.9 183.5 170.5 163.3 155.3 145.8 132.5 130.1 162.4 181.8 192.4 198.3 200.8 201 199.9 196.8 189.4 178 170.7 166.7 161.8 158.7 155.3 152.2 151.1 150.5
188.2 195.8 201.2 206.2 210.3 212.8 212.2 208.5 201.5 187.4 180.7 175.8 169.3 176.8 184.7 194.3 204.3 213.7 221.5 228.4 234.2 240 246.6 252.5 260.9 268.3 273.2 276.6 277.7 277.2 275.8 272.9 269.8 264.8 256.8 251.7 246.6 241.9 236.4 230 224.9 219.7 213 217.2 223.2 231.1 236.4 238.9 240.5 240.8 240.1 236.8 231.4 224.2 213.9 202.1 183.1 174.1 168.4 161.8 154.2 145 135.9 129.8 157.8 180.5 189.7 195.5 197.5 196.9 195.2 190.2 180.3 171.9 167.1 164.1 159.5 156.1 152.3 150.1 148.8 148.2
192.2 198.1 203.2 207.8 211.5 213.1 212.4 208.2 197.8 183.1 176 172.3 166.2 175.8 182.7 193 204.1 214.7 223.2 231 238.1 243.2 248.4 254 260.6 267.8 273.6 276.5 276.5 274.3 271.6 268.7 265 258.2 252.8 248.8 243.1 238.3 232.6 227 222.5 217.8 217.6 220.5 225.2 232.8 236.7 238.7 239.9 239.7 237.3 233.7 226.8 218.7 207.3 195.3 179.8 170.3 165.1 159.1 150.9 144.7 133.8 128.5 159 180.8 188.3 193.2 194.6 193.3 189.3 180.8 171.5 166.3 163.4 160.4 156.6 153.3 149.8 147.7 146.6 145.7
193 199 204.4 208.6 212.3 213.3 211.3 205.3 192.9 178 173 170.1 167.3 173.7 179.2 190.7 203.3 215.1 224.7 233.1 240.5 246 250.9 255.9 261.1 267 272.4 275.5 274.8 271.7 268.2 265.1 260.3 254.7 249.9 244.4 239.4 234.4 229 224.7 220.2 218.2 220.3 223.9 232.8 235.3 236.9 238.7 238.7 237.3 234.6 229.9 222.3 213.5 200.7 189.6 179.4 167.6 159.6 152.8 145.2 141.2 129.6 139.3 163 180.7 187.4 189.1 188.5 186.6 179.7 171.5 165.5 161.5 159.1 157 152.9 150.6 146.1 145.2 144.5 143
193.3 199.4 204.4 208.7 211.3 210.7 207.4 199.2 184.6 174.1 170.1 167.7 165.5 169.1 176.1 188.7 201.8 214.2 224.5 234 242.2 247.6 252.4 256.8 261.2 266 270.8 273.3 272.4 269.1 265.2 261.9 257 252 246.4 240.8 235.8 231.3 226.6 222.5 219.5 221.4 224.2 231.3 235.5 236.6 237.2 236.9 236.1 233.9 230.5 225.7 218.2 207.8 195 184.5 175.5 165.5 156.1 147.7 142.8 136.2 124 143.1 167.9 181 183.2 183.1 181.4 177.7 170.7 164.3 159.6 156.6 155.9 153.9 150.1 148.3 146.3 139.8 131.4 133.6
193.6 199.3 203.2 206.5 207.3 205.6 199.9 188.5 176.9 170.7 167.9 164.7 163.7 168.2 176.8 187.5 200.8 213.8 223.9 233.2 241.7 248.3 252.5 256.6 260.4 264.7 269.1 270.6 269.5 266.7 262.8 258.8 254.4 249.8 243.6 238.6 233.8 228.8 225.3 221.2 221.8 224.3 230.1 233.9 234.7 235.8 235.4 234.5 233.1 230.3 226.7 221.9 213.8 202.6 191.5 181.7 174.1 166.4 156.4 146.3 141.9 131.8 128.9 154 173 177.1 178.7 175.9 172.6 168.6 162.1 156.7 152.4 149.9 150.9 148.8 146.5 145.5 144.4 133 141.1 143.3
192.6 197.4 200.1 202.7 202.1 197.6 188.8 178.6 172 168 165.1 161.7 163.2 169.6 177.9 188 201.2 213.6 223.7 232.3 240.7 247.3 251.9 255.9 259.7 263.4 266.6 267.9 267 264.1 260.6 256.7 252.6 247.5 242.6 237.7 232.5 227.8 224.1 222.8 224.5 228.5 234.7 236.4 236 233.9 233 231.7 229.5 226.3 222.4 217.1 209.5 199.3 189.4 180 172.2 165.6 156.2 146.2 138 125.7 137.1 162.6 168.6 170.3 168.6 166.2 163.9 159.8 155.7 151.3 145.7 143.8 144.7 144.9 142.6 143.1 141.3 128.2 142.4 144
190.6 194.1 196.9 197.9 194.9 188.5 178.6 172.5 167.7 164 162.6 157.8 163.2 170.8 178.6 188.9 201.9 213.6 223.5 231.9 239.6 246.2 251 254.4 257.7 260.6 263.6 264.9 263.7 261 258.1 254.6 251.3 246.7 242.9 239.6 234.2 227.9 225.6 226.2 230.4 234.9 237.6 238 237 234.5 230.8 228.5 225.9 221.9 218.8 213.4 206.3 197.1 187.9 180 172.6 164.7 155.5 144.4 135.3 124 141.1 152.5 152.8 157.9 156.7 155.4 153.8 152.5 149.6 146.6 142.9 139.5 138.8 139.7 137.8 138.6 130 139.4 143.6 144.2
187.7 191.5 193.7 192.8 187.6 179.6 172.2 166.8 165.2 162.7 159 158.6 164 171.1 178.9 189.2 201.9 213.3 223.6 231.5 238.9 244.6 249.2 252.2 254.4 257.3 259.7 260.8 259.9 257.5 254.8 252.9 250.2 247.3 244.9 242.5 239.3 234.5 231.4 233.7 237.7 239 239.6 239.3 238.5 235.3 231.3 227.5 223.1 218.6 214.4 209.7 204 196.2 187.3 179.9 172.5 164.8 154.2 141.2 132.5 121.8 119.3 128.3 135.2 140.7 147.9 148.6 147.4 145.7 143.1 139.9 138.8 136.3 134.7 132.5 133.3 126.4 134.7 141.6 142.4 142.8
183.6 186.6 187.3 185.4 178.7 170.4 165.1 161.7 161 158.7 155 159.9 164.9 171.8 178.8 189.2 201.8 212.6 222.4 231.2 237.9 243.6 246.8 249.7 251.6 253.3 255.2 255.9 255.1 254.3 252.9 251.2 249.8 249 248.5 245.9 242.2 238.3 236 238.4 240.1 240.5 240.5 239.9 238.8 235.6 231.6 227.3 221.5 215.7 210.5 205.9 201.5 194.8 186.5 179 172 164.6 154.8 142.3 134.4 126.9 120.8 119 118 125.3 135.2 140.4 140.3 138.2 134.7 132.9 133 132.8 129 124.3 119.9 130.8 137.5 140.1 140.2 141.8
177.5 179.2 177.9 174.7 168.4 162.4 159.9 156.7 154.8 152.6 158.1 162.2 166.7 172.8 179.5 190 202.1 212.8 222.1 230.3 236.8 241.7 244.8 246.8 248.3 249.8 251.2 251.8 251.5 250.7 249.7 249.1 248.9 250.1 249.3 246.3 242.5 239.7 237.7 239.3 240.2 240.4 240.7 239.9 237.9 236 231.5 226.5 220.9 214.6 207.9 203.5 199.5 194.8 187 179.4 172 162.3 151 142.8 137.8 133.6 129.1 120.1 118.4 116.4 123.4 131.4 132.5 130.7 128.2 127.3 127.3 128 121.2 113.2 125.4 132.7 135.7 136.1 138.1 142.4
167.9 168.1 166.9 163.7 156.9 156 154.7 150.2 153.6 157.6 160.5 164.3 168.5 173.8 181.6 192.3 203.7 213.2 221.2 229.4 235.8 239.5 242.3 243.8 245 246.2 247.1 247.9 248.1 247.6 246.8 246.2 247.2 249.5 248.8 246.4 243.4 240.3 237.6 237.8 239 239.6 240 239.5 239 235.5 230.2 224.8 219.5 213.9 206.6 200.2 196.6 192.5 186.7 179.2 170.4 160.5 150.6 142.5 138.8 135.7 132.9 124.5 128.6 114.7 115.7 118.2 121.4 124.6 123.3 121.7 120.2 121.6 113.1 116.6 126.3 130.3 131.4 132.2 137.2 141.2
158.6 157.4 156.8 155.3 155.4 151 150.2 153.3 157.5 159.8 162.9 166.2 170.6 176 183.8 193.9 205.1 213.6 221.2 228.4 234.2 237.9 239.7 241 242.2 243.7 244.8 245.6 245.8 244.9 244 243.9 246.2 248.5 247.4 245.4 243.2 240.2 237.1 235.8 237.4 238.6 239.3 239.2 237.3 233.4 228.3 223.1 217.8 212.2 204.9 196.4 192.4 189 183.9 176.4 164.1 156.3 148 140.2 133.2 130.4 126.5 132.4 132.3 127.8 117 112.5 112.8 115.2 112.6 109.5 107.9 108.9 107.8 114.2 123.5 126 125.1 129.3 134.4 138.7
152.2 150.6 149.4 149.9 149.1 148.8 152.4 155.3 156.1 160 164 168.5 173.8 179.1 186.8 196.5 206 214.4 221.6 228 233.2 235.8 237 238.4 239.8 241.3 242.6 243.7 243.5 242.6 242.1 242.6 244.6 246.2 246.1 244.3 242.4 239.3 236.1 233.7 235.8 237.3 238.5 238 235 230.8 225.7 220.6 214.7 208.6 202.2 193.9 188.5 182.8 176.7 168.1 159.1 153 145.5 137.3 134.8 136.5 136.3 135 133.7 132.3 128.8 123.2 115.6 109.2 108 110.2 111.8 105.7 104 105.9 111.5 117.8 118.9 125.5 130.2 133.8
144.9 145.2 144.9 148.2 148 150.1 153 156.8 160.2 162.9 166.4 171.2 176.5 182.7 190.6 199.7 208.9 217.4 223.5 228.1 232.4 234 235.2 236.2 237.5 238.9 240.3 240.5 240.7 240.6 240.1 239.8 241.4 242.8 243.6 242.7 240.6 237.7 234.4 231.7 234.2 236.2 236.9 235.4 232.2 227.8 223 218 212 205.9 199.1 191.5 184.1 175.1 166.6 160.6 155.2 149.1 141.3 138.7 142.2 142 138.8 135.6 133 130.8 130.4 128.6 126.1 123 121.3 118.3 115.6 112.8 107.2 103.9 103.6 103.3 116 122.3 125.8 129.3
144.1 145.3 147.8 149.8 151.5 154.9 158 161.6 164.4 167 170.6 175 179.3 186.8 194.7 202.8 210.9 219.7 224.7 228.1 230.8 232.1 233.3 234.4 235.4 236.6 237.8 238.1 238.3 238.3 237.9 237.6 237.8 238.8 239.6 239.8 238 235.4 231.6 229.5 232.4 234 233.6 232.3 229 224.6 219.6 214.5 208.9 202.9 196.2 187.8 178.7 168 160.6 156.4 149.5 143.7 141.6 145.5 146.9 144.7 139.8 138.1 138.6 135.4 130.5 127.4 126.8 126.2 124.6 124 120.5 116.1 114.1 102.5 102.7 102 101.6 119.3 122.1 125.8
144 146.7 149 154.8 157.7 160.8 163.7 166.8 169.7 172.5 176.4 179.7 183.8 190.8 198.9 207.6 214.7 222.1 226.1 228.9 229.2 230.3 231.5 232.6 233.2 233.9 235.2 235.9 236 236 235.5 234.3 234.3 234.8 235.6 235.6 234.2 231.8 228.2 228.5 229.9 230.2 228.2 226.3 223.2 218.8 213.7 208.8 203.7 197 190 182.4 172.2 162 156.9 152.1 148.2 146.5 144.7 148.4 147.6 144.8 143.4 146.7 149.4 149.3 140.9 133.4 132.4 131.6 132.4 132.4 128 122.5 118.4 113.5 108.8 102.3 99.5 115.1 118.2 122
145.4 147.4 152 158.4 162.6 165 168.1 172.1 175.4 178.4 182.3 185.3 189.8 195.4 204.2 213.6 220 224.7 227.6 228.2 228.3 228.8 229.9 230 230.1 231.3 232.6 233.7 233.8 233.7 232.4 231.3 231.4 231.1 231.3 230.2 229.2 227.5 223.9 225.5 225.6 224.5 222.1 218.8 214.7 211.1 205.9 201.2 195.1 188.4 182.3 173.6 163.8 159 157.3 155.7 152.1 147.7 149 151.4 149.4 146.6 150.3 154.7 160.4 163.7 154.2 143.7 137.8 137.2 137.3 136.2 133.6 129 124.3 116.7 112.6 102.6 99.2 108.9 114.5 118.6
146.9 149.1 151 158.7 162.9 167.1 171.8 176.7 179.9 183.1 187.2 190.5 194.3 201.5 210 219.2 223.8 227 227.9 227.5 227.6 227.9 227.4 226.8 226.9 228.4 229.8 231.3 231.6 231.5 229.9 228.7 228.1 227.8 227.1 226.5 225.5 223.6 220.1 221.3 220.3 218.5 216 211.4 207.1 202.7 197.4 190.9 184.4 179.1 173.8 165.4 161 160 157.1 152.8 150.4 152.7 156.4 158.3 153.8 152.2 155.5 160.7 169.2 173.9 166.5 151.1 143.4 141 139.5 137.7 134.9 131.4 126.5 118.1 111.7 104.5 98.7 102.2 112.2 115.8
147.4 150.3 149.9 157.6 163.8 169.1 174.2 179 182.8 186.5 191.4 195.1 200.5 208.3 216.8 224 228 229 228.4 227.4 227.1 225.9 224 223 223.9 225.3 227 228.8 229.1 229 227.6 226.3 225.5 224.6 223.7 222.9 222.1 220.1 216.9 216 214.2 212.5 209.6 205.4 201.4 196.2 188.3 182.2 177.5 173.1 167.3 163.6 161.7 157.4 152.8 154 157 162.3 164.9 161.4 155.9 156.6 161.4 169.7 176 179 172.6 157.2 147.6 143.1 140 137.4 135.6 132.4 127.3 118.6 110.5 105.9 98.1 102.5 111.5 116.3
147.6 150 151.9 158.4 164 169.4 174.8 180.1 184.5 189.9 194.5 200.3 206.8 215.4 223.7 229.2 231.6 230.4 228.9 226.6 225.1 222.5 219.9 219.2 220.9 222.7 224.5 226.2 226.2 226 225.1 223.5 222.6 221.7 220.9 220.1 218.5 216.5 214.7 212.6 209.6 207.1 203.6 199.6 193.4 186.8 183.3 178.7 172.7 166.3 162.2 158.5 156.5 155.3 156.9 159.5 167.8 169.9 168.7 161.6 158.9 161.3 168.3 178.4 181.1 180.3 173.7 160.8 150.7 143.8 139.5 136.3 134.3 131.8 126.4 119.3 110.8 105.2 96.9 105.5 113 119.5
146.2 147.7 154.2 158.9 163.2 168 173.5 178.9 184.9 191.5 197.2 205.1 214.7 223 229.5 233 233.7 231.7 228.8 225.9 222.8 218.4 215 214.2 217.4 220.1 221.9 223.6 223.5 223.3 221.9 220.4 219.7 218.9 218.4 217.2 215.6 214.4 212 208.5 204.6 201.2 198.1 194.6 188.6 182.1 176.8 171.3 164.1 160.8 158.9 158.7 158.6 160.2 165.7 172.2 176.2 176.1 168.6 164.3 163.7 166.5 176 184.5 184.4 181.6 175 165.2 154.8 145.9 138.7 134.8 131.6 129.2 124.9 119.5 111.9 102 94.7 107.1 117.6 125.8
147.8 149.8 154 158.7 162.2 166 171.1 176.5 184.2 190.9 198.8 208.7 220.1 228.9 233.4 235.7 234.7 231.7 229.4 225.4 219.3 213.4 205.9 209.4 213.2 216.5 219 220.7 220.8 220.1 218.6 217.4 217.1 216.6 215.1 214 213.4 210.7 208.7 206.1 201.5 194.4 190.4 186.3 180.6 172.3 167 161.1 162.1 161.7 161.1 161.7 166.9 174.6 178 180.9 182.1 177 170.7 167.8 168.3 172 180.4 187 186.1 182.9 175.7 166.5 157.7 149.1 138.9 132.4 129 125.8 122.4 119.4 111 96.5 94.1 108.6 121.6 130.6
148.9 151.7 153.2 157 161.1 164.3 168.3 174.2 182.2 190 199.8 209.7 222.1 229.2 234.8 236.4 234.3 231 227.7 222 215.8 207.1 198.5 204.6 210 213.4 216.4 217.5 217.6 216.7 215.5 214.3 214 215 212.3 211.7 209.6 206.7 203.8 201.5 195 187.2 182.2 177.7 171.6 167.1 162.5 169.8 172.5 171.3 168.7 171.7 179.4 181.2 182.3 183.6 181.6 178.3 173.6 172.5 174.1 177.9 183 188.4 187.7 184.3 177.8 168.2 160.6 153 141.8 131.3 126.1 122.6 120.4 116.9 107.3 94.7 95.9 109.4 123.7 133.1
149.3 152.4 153.1 154.8 158.2 161.1 164.5 171.4 179.6 189.6 199.9 209.9 220.8 229.2 234.9 235.3 232.6 228.7 224.9 218.2 209.9 199.9 194 199.3 205.3 210 212.7 213.6 214 212.5 211.6 210.2 211.6 214.2 211.9 208.3 205.5 201 196.4 192.6 189.1 182.8 175.2 168.9 171.4 176.6 181.9 185.7 184.2 180.8 175.6 178.6 183.2 182.9 182 181.1 180.8 178.6 177.3 177.6 179.1 181.3 184.5 192.7 190.3 185.1 178.5 170.8 162.9 156.7 144.2 131.5 123.1 120.9 117.3 114.2 102 93.1 94.4 109.2 125.9 134.6
148.1 151.8 151.6 152.8 155.1 159.4 164.2 171.6 180.1 189.5 199.1 207.9 219.2 227.1 233.2 233.1 229.7 226.1 220.3 212.8 200.9 192.2 189.1 196.2 200 205.2 207.7 208.1 207.6 207.5 205.4 202.9 204.7 208 207.9 206.8 206 202.2 202 194.8 191 188.4 186.4 185.8 189.7 193 192.4 190.2 186.2 183.5 180.6 179.6 182.9 183.1 179 178.4 179.4 178.4 179.7 181 182.7 185 190.3 195.8 193.2 186.4 178.6 170.5 165.3 159.3 149.6 134 125.4 118.8 114.4 109.4 99.6 92.9 94.3 110.8 126.2 136
147.5 150.2 150.4 152.5 154.1 160.6 167.3 174.4 182.3 189.2 197.7 206.6 217.2 224.1 228.9 229.1 226.1 222.7 216.8 207.2 194.7 185.4 185.1 190.9 194.4 197.3 199.3 199.4 198.6 195.9 191.7 191.9 196.8 202.6 205.8 207.2 207.3 205 204.5 202.5 201 202.6 204.7 204.4 199.9 198.2 196.7 191.3 189.7 188.4 183.9 181.1 182.1 181.7 177.3 176.8 176.8 176.7 179.7 181.9 185.4 188.7 193.1 196.4 193.7 186.3 178.9 171.8 166.3 160 153.2 139.8 127.8 116.5 112 105.4 95.3 92.4 98.5 113.5 126.1 136.1
145.2 148.8 152 152.9 155.9 161.5 171.5 176.1 181.6 188.3 196 204.9 212.8 218.5 221.8 223.3 221.4 218.1 211.9 201.1 188.7 180.4 179.9 183.1 184.9 186.3 184.4 180.5 178.5 184.6 194.4 204.6 210.7 213.2 212.3 210.8 212.3 212.4 210.8 209.9 209.9 211.6 209.8 208 204.9 202.5 195.7 195.5 192.9 189.3 184.9 182.2 181.7 180.7 177.6 174.4 174.4 174.9 177.8 181.6 185.8 188.7 192.5 193.7 191.1 185.6 177.8 169.9 164.5 158.8 152.9 143.9 128.5 116 109.9 102.4 90.1 92.5 103.1 115.3 125.4 133.8
149.9 151.3 151.9 154 157.1 165.9 173.5 177.1 181.7 187.1 194.8 202.5 208.1 211.8 214.7 215.5 214 210.1 205.3 192.5 179.8 174.7 173.1 174.9 176 175.7 171 176.2 187.3 199.4 207.9 212.5 215.2 216.5 216 214.4 215.3 216.5 217.1 216.8 215 214.6 214.2 211.7 209.5 205.6 200.6 199.1 194.6 186.5 182.2 180 180.2 179.8 176.3 172.7 172.8 173.5 176.7 181.1 184.7 187.5 190.4 190.1 188.2 183.1 174.2 166.9 161.3 157.8 152.8 142.1 129.1 116.1 108.5 99.6 90 90.9 102.9 115.5 123.6 129.6
149 151.2 153 155.5 160 169.1 173.1 176.9 181.5 187 193.3 200.3 203.9 206.4 207.7 208.7 205.9 198 190.8 183.4 175.3 170.4 168.7 168.5 168.8 167.3 162.1 180.1 193.7 205.5 211.7 215.4 217.2 217.7 217.2 216.9 216.6 217.8 218.1 217.6 216.4 215.1 214.5 212.6 210 206.7 202.5 199.4 194.1 184 179.4 177.5 178.1 177.5 173.6 172 171.3 172.7 176.6 181.5 184 186.7 187.6 186.1 184.3 178.4 169.7 163.9 158.7 154.6 150.3 141.5 130.1 116.5 107 97.5 89.5 90.7 102.8 113 119.7 124.6
153 155.4 157.4 163.2 167 169.5 172.9 175.4 179.4 184.3 188.8 192.5 197 195.2 194.9 194.6 190.9 184.7 178.7 174.9 170.6 166.4 163.2 162.3 162.2 160.7 163 182.6 197 206.5 212.4 215.7 216.9 217.4 217.5 217 216.9 217.2 218 217.7 216 214.3 212.9 211.5 209.1 205.4 201.5 198.2 191.4 181.6 176.5 175.1 175.6 173.8 171.3 168.6 169.7 173.2 178 181 183.4 185 184.7 182.5 179.7 172.5 165.8 161 155.8 152.5 147.6 140 127.3 117.6 107.5 96.4 88.6 90.5 101.4 109.4 113.9 120.7
157.2 158.7 160 164.3 167.5 169 170.7 173.5 176.9 180.4 184.9 186.6 185.8 185.1 183.9 183.1 179.6 175.8 172.3 169.4 167.1 163.4 160.2 158 157.3 159 164.5 181.6 195.3 205.8 211.7 215.3 216.6 217.1 217.1 216.7 216.8 216.5 216.6 216.1 214 212.2 210.9 209.6 207.5 203.7 200.7 197.4 188.3 177.7 174.5 172.9 172.3 170.2 168 166.9 170.5 175 178.8 181.2 183.1 184 181.5 179.4 175 167.8 163.2 157.8 153.3 150.1 145.1 135.5 126.6 118.8 108.3 96.6 87.9 88.5 96.6 103.4 108.6 117.5
159.2 160.7 161.7 163.1 167.1 168.1 169.1 171.2 174.3 177.4 180.1 180.1 179.4 177.9 176 174.4 171.6 168.6 166.5 164.2 162.8 161 158.3 156.3 156.1 157.9 165.6 181.6 195.2 205.2 211.7 215.1 216.4 216.7 216.5 215.7 215 214.5 214.3 213.4 211.4 209.8 208.7 207.4 205.6 202.6 199.5 195.2 185.4 175.1 172.3 170.1 168.8 166.7 165.1 167.5 172.2 178.1 181.7 183.4 182.6 181.6 179 176.1 171 165.5 160.2 155 152 146.7 140.5 132.5 126.3 119.3 110.9 98.7 86 86.7 91.1 99.1 106.9 115.6
