public/OST50/SN50.asc
ncols 200
nrows 200
xllcorner 250000
yllcorner 200000
cellsize 50
[rows 74 to 110 of 200, columns 0 to 81 of 200]
160.5 162.8 164.1 165.4 166.9 166.9 167 168.2 170.7 173.8 175.9 174.8 173 171.1 168.5 166.1 164.1 162.2 160.6 159.5 158.2 156.8 155.1 152.9 152.9 157 167.3 181.8 196.2 205.6 211.5 214.4 215.5 215.9 215.2 214.3 213.6 213 211.7 210.8 209.1 207.4 206.1 204.5 202.8 200.6 196.6 191.1 180.8 173.3 169.9 167.8 165.5 163.4 164.9 169.2 174.9 181.5 183.9 183.6 182.2 179.7 177 173.6 169.2 163.5 157.9 153.6 149.1 144.1 136.9 132.2 126.4 118.3 112.4 101.3 91.2 85.5 87.2 96.6 105.6 114.7
161.4 163.1 164.2 165.6 166.6 166.3 165.6 166.1 167.4 168.7 171.7 169.8 166.9 164.8 162.2 160.6 158.7 156.6 154.7 154 153 152.5 151.5 148.5 150.4 155.7 167.6 183 196.2 206.2 211.5 213.7 214.7 214.2 213.5 212.8 212.3 211 209.6 208.4 206.8 205 203.2 201.4 199.6 197.1 192.6 185.5 177 171.3 167.7 165.3 162.3 162.1 166.2 172.1 179.5 183.4 183.9 182.3 180.2 177.8 175.3 171.3 166.8 160.8 156 151.7 146 140.5 135.5 130.1 125.3 118.3 115.7 107.3 94.9 85.6 85.3 95.9 105.1 114.4
160.6 162.2 163.8 166.1 165.7 164.6 163.1 163 163.5 165.8 166.2 164.8 162.4 159.4 156.7 155.3 153.4 151.2 150.2 149.3 148.1 148.1 147.9 144.9 150.7 157.8 168.7 182.2 195.5 205.8 211.2 213.5 213.8 212.7 211.9 211.3 210.2 208.8 207.4 206.1 204.3 202.4 200.3 198 195.7 192.8 188.8 181 173.8 169.4 165.6 162.7 160.6 164.2 169.6 176.3 181.5 182.8 181.6 179.9 177.6 175.2 172.5 169.1 164.5 158.7 154 149.6 143.5 138 132.9 128.7 126.4 124.2 119.8 110.6 97.9 84.7 84.1 96.6 105.4 113.8
159.9 161.6 163.8 165.3 162.7 163.1 161 160.3 160.4 160.6 159.7 159.2 157.6 154.8 152.8 150.8 148.8 146.9 145.9 145 144.2 144.6 145.2 145.3 151.6 160.5 171.3 184.1 196.5 206.5 210.9 212.6 212.4 211.1 210.2 209 207.9 206.6 205.3 203.6 201.8 199.7 196.8 194.2 191.5 189.4 185.3 179.5 173 167.9 163.4 160.9 162.8 167.1 172.9 177.7 180.7 179.8 178.5 177 174.3 172 169.4 166.2 161 156.3 152.3 147.7 141.7 136.2 132 129 128 127.3 122.4 112.3 99.8 87.3 86 95.5 104.7 111.1
159.6 161.7 163 162.7 160.3 160 158.2 157.8 156.1 155.2 155.1 155.4 154.9 153.3 151.6 148.8 146 143.7 142.1 141 140.7 141.2 141.8 146.4 154.9 164.8 175.7 188.2 199.8 207.3 210.4 211.3 210.5 209.2 207.9 206.7 205.6 204.4 202.7 201.1 199.3 196.4 193.2 190.2 187.6 185.6 182.8 177.9 170.6 164.7 161 158.1 160.7 167.7 172.1 176 177 176 174.7 172.6 170 167.8 164.4 161.4 158.2 153.7 150.1 146.1 141.5 137.5 134 131.8 130.7 129.5 123 113 102.9 90.9 80.8 92.3 100.8 106.5
157 159.6 160.5 159.6 157.2 156.7 153.7 152.9 152.7 152.3 153.4 153.3 152.8 152.3 150.2 148.8 145.1 142.2 139.1 137.8 138.1 139.3 142.2 150 158.9 166.5 177.7 189.9 201 207 209.3 210.2 208.6 207.2 205.8 204.4 203.1 201.9 200.6 198.9 196.5 193.2 190.3 187.6 184.6 181.1 178.1 174.2 168.2 162.6 158.6 155.3 159.5 164.8 169.5 172.1 172.9 172.2 170.6 168.5 166 162.5 159.6 156.9 154.1 151.4 148.4 146.5 143.9 140.4 136.4 134 132.8 130.3 125.7 113.9 104.8 94.7 85.6 85.9 97 101.9
152.7 154.8 155.1 154.8 152.7 152.1 151 150.7 150.4 151.2 152.6 153.2 152.9 152.6 151.1 149.1 145.1 140 137.2 136.4 137 139.9 144.8 152.4 159.2 166.2 176.8 189.8 199.6 205.8 208.3 208.6 206.6 204.5 202.8 201.6 200.3 199 198 195.2 192.7 190.5 187.5 184.8 181.8 178 173.6 168.6 164.1 158.6 155.7 153.2 158.2 163.1 166.9 168.4 168.9 168.4 166.6 164.7 161.4 158.7 155.4 152.6 150.2 148.6 146.4 146.6 143.2 139.5 137.4 136 134.1 131 126 114.2 105.2 97.7 87.6 79.6 88.4 97.5
146 147.8 148.4 148.9 147.8 146.9 147.2 148.4 148.9 150.6 152.2 153.2 153.9 153.7 149.7 145 142.7 140.3 136.9 134.6 138.1 141.7 145.8 151.3 158 165.1 175.4 188.7 198.7 204.9 207.8 208.2 205.3 202.2 199.2 198.6 196.8 195.3 193.5 191 188.3 187.3 184.6 182 179 174.7 169.9 162.5 158.6 155.2 152 152.4 155.3 160.5 163.5 164.3 164.9 164.4 163.1 160.2 157.6 154.7 151.4 148.9 146.7 145.7 144.7 142.9 140.7 139.4 139.2 137 134.2 130.7 123.8 113.2 105.7 99.1 92.3 78.5 79.8 93.7
138.9 141.3 142.2 142.1 142.3 144.4 145.2 146.5 148.3 149.9 151.7 153.5 155.2 153.1 150.4 145.7 142.5 139.8 136.4 134.3 137.2 140.2 145.1 150.6 156.1 163.2 174.4 188.3 198.1 204.2 207.2 206.5 204.3 201.1 198 195.6 192.8 191.3 188.8 185.6 184.1 183.6 181.6 179 175.9 172.5 168.6 162.5 155.3 152.2 148.3 150.1 153.3 157.4 159.7 160.9 161.3 160.4 159.2 156.9 154.6 151.2 148 145.4 144.1 143.3 142.4 140.5 139.3 138.5 138.5 135.1 131.3 128.9 120.9 111.3 104.9 100.4 96.5 87.9 77.2 89.9
131.3 130.6 130.6 132.8 138.8 141.3 144 145.6 147.2 149.3 151.7 153.6 155.7 155.3 152.6 148.7 143.4 137.4 133.9 135.1 137.4 140.8 144.5 149.7 155.1 162 173.3 186.9 196.5 202.2 205.2 204.1 202.2 200.1 196.9 193.2 188.7 185.2 182.5 179.2 178.7 179.3 177.9 175.7 173 169.6 165.6 159.4 152.6 148.9 145.3 148.6 151.6 154.3 157.2 158.3 157.4 157.1 156.4 154.3 152.1 149.1 145.9 142.8 141.2 140 139.4 138.6 137.6 136.5 133.4 129.4 124.6 120.5 114.1 106.1 101.3 99.3 96.4 88.7 79.3 81
126.3 125.8 129 131.5 135.9 138.3 141.3 143.7 145.4 147.9 151.1 153.6 155.4 154.5 152.6 148.7 141.6 132.6 129.3 134.9 138.3 140.6 143.7 147.8 152.9 159.9 170.4 184.2 193.8 199.7 201.8 201.6 199.9 198.3 195.6 191 185.8 178.1 175.9 173.3 173.4 174.1 172.9 171.3 169.4 166.1 161.9 155.3 148 145.2 142.2 146.4 149.6 152.9 155.4 155.6 155.4 155.1 153.7 152 150.1 147.4 144.1 140.9 138.5 136.9 136.7 136.4 135 131.9 127.5 121.5 117.7 114.2 107.9 102.1 96.6 92.6 89 84.3 79.2 77.5
121.5 123.9 127.9 130.7 132.6 134.8 137.7 140.9 143.8 147 149.8 152.2 152.7 151.7 149.4 144.7 138.2 130 127.8 133.6 137 138.9 141.6 145.6 150.4 156.7 167.3 180.5 190.3 196.1 198.8 199.4 199.1 197.5 194.9 189.5 183.2 174.7 169.2 167.1 167.6 168.3 167.7 166.5 164.5 161.6 156.4 149.5 142.8 137.6 141.1 145.4 150 154.5 155.9 156.3 155.3 155 153.1 151.3 148.9 146.3 143.2 139.9 136.9 135.4 134.4 134.1 132.6 126.9 121.3 117.6 114.1 108.9 103.7 102 100.9 97.5 92.7 89.8 88.2 80
115.2 121.6 125.9 128.3 130.2 131.4 133.7 136.9 141.8 145.5 147.8 148 147.5 146.6 143.6 139.4 134.4 127.7 126.1 131.3 134.5 136.5 138.3 142.5 147.4 152.4 163.5 176.1 185.9 192 195.9 197.4 197.8 196.6 194.2 189.1 180.3 168.6 162.2 160.9 161.4 162.4 161.9 161.3 159.4 155.5 148.1 139 133.6 137.6 144.1 149.6 153.8 156.4 157.9 157.9 156.5 155.3 153.6 152.6 150.6 147.9 144.9 141.4 138.3 135.2 132.5 131.4 128.1 120.9 118 114.5 111.1 110.7 108.5 106.5 104.2 101.1 97.3 97.9 98.1 94
110.3 115.8 122.2 124.9 125.9 126.7 129.9 133.1 137.5 141.9 143.6 143.1 142.3 140 136.9 133.3 129.4 124.8 125.4 130 132.7 133.7 135.5 139.3 142.5 148 159.2 171.6 180.9 188.2 193.1 195.6 196.6 195.2 193.4 188.2 178.8 163.9 155.3 155.2 155.8 156.1 155.9 154.5 152 145.6 136.4 129.8 134.4 143 148.4 152.8 156.4 158.5 159.8 159.7 159.3 157.9 157 156.4 155 151.9 147.6 144.1 140.2 137.3 133.2 128.6 123 118 115.4 116.1 116.8 116.9 115.9 110.8 106.3 103.2 100.3 101.6 103.4 103.1
107.8 111.9 117.8 120.3 121 122.2 125.9 129.2 132.1 138 139.4 139.2 137.5 133.8 129.9 127 124.9 122.6 125.5 128.9 131.6 133 135.1 137.6 140 143 153.9 166.5 177.1 184.5 190.6 194 194.6 193.8 191.8 187.2 178.3 162.9 149.1 146.7 149.6 150 149.1 145.4 138.8 131.6 124.1 129.9 139.8 147 150.4 155.1 158.1 161.3 163.5 164.1 163.9 163 163.4 162.9 163 160.2 155.4 150.4 145.6 139 134.8 129.8 125.2 122.2 121.4 120.6 122.7 126.7 122.3 114.1 108 105.2 102.6 104.8 106.7 108.2
110.5 107.8 113.1 115.4 116.7 118.7 123.1 125.8 128.8 134.1 135 135.7 134.4 130.5 124.1 121.2 120.1 121.9 124.8 127.9 130.2 132.9 135.1 136.6 137.7 139.1 147.9 161.1 172.9 180.9 187.5 191.4 191.9 191.4 189.3 184.8 176.6 162.3 147 136.4 141.6 142.5 138.1 131.9 125.4 120.6 128.6 136.1 143.7 148.7 153.1 157.1 159.9 162.6 164.4 166.1 167.2 169.2 170.4 169.8 167.9 165.1 161.5 156.5 151.2 144 136.4 132 128.8 127.6 127.1 126.8 131.5 129.8 123.2 114.9 108.9 106.2 104.8 107.3 110.7 114.2
116.4 106.3 108.4 111 112.7 115.7 120.2 122.7 125.1 130.3 131.9 132.9 132 128 120.5 115.8 118.2 120.9 123.7 126.4 129.9 132.6 135.2 135 134.8 135.3 142.3 156.4 168.6 176.5 182.6 186.8 188 188.3 185.9 182.1 173.9 161.2 147.4 132.9 130.7 132.5 125 118.8 118.4 126 132.6 139.2 144.8 149.6 153.5 156.4 158.1 161 164 165.9 168.2 171.9 172.9 172.8 171.4 169.2 166.1 161.8 157.1 151.1 141.3 135.9 134.6 135.1 134.2 135.8 135.9 131.4 123.8 115.8 109.7 107.3 106.5 109.4 116.3 123.3
121.8 110.5 101.6 104.8 108.7 113.2 117.7 120.6 123.4 126.3 128.4 129.7 129 124.2 116.3 114 116.3 118.8 121.9 124.8 127.7 131.6 133.1 131.6 130.2 130.9 137.3 151.1 163.5 172 177.2 181 183.7 183.8 181.5 178.3 170.4 158.5 146.7 134.7 122 119.9 114.3 116.7 123.8 129.4 134.2 141 144.6 148.6 151.3 153.5 155.6 159.2 163.3 166.1 168.8 172.5 174.4 176.2 174.9 173.1 171 166.5 161.8 156.8 149.9 143.6 142.9 141.9 142 142.7 138.2 132.7 124.8 116.1 110.8 108.6 108.1 111.5 121 129.7
120.8 115.3 105.6 99.4 104.3 109.8 115.2 119.8 122.7 122.4 124 126.3 125.7 121.6 114.1 112.7 114.4 116.7 118.9 121.9 124.3 127.4 128.9 128 125.3 126.3 132.4 145.3 158 166.6 171.5 175.2 177.9 178.3 176.8 173.6 166.3 155.5 143.7 133.9 122.1 112.8 112.6 119.8 126.4 130.8 137.1 141.2 144.7 146.8 149.3 151.2 153.9 156.9 160.7 164.7 169.1 171.9 176.7 178.7 177.9 176.5 173.4 168.7 164.3 159.4 155.9 150.5 148.3 150.3 150.4 145.8 140.3 134.4 124.5 116 112.3 109.3 108.7 111.9 121.2 130.6
120.6 117.4 109.4 101.7 100.8 106.6 112.7 118.4 118.8 119.9 123 124.2 123.9 122.1 114.3 110.6 112.9 114.6 116.8 118.1 120 122.2 123.1 122.4 119.8 121.2 126.1 138.2 150.6 159.5 164.5 168.3 170.6 170.9 170.9 167.9 161.2 150.2 138.6 129.1 119.6 110.4 113.8 121 126.2 133 137.8 140.9 143.4 145.4 147.6 150.8 153.4 155.8 160.2 165.8 168.8 170.7 176.9 180.5 180.4 178.1 173 167.9 164 161.5 158.5 155 156.3 157.8 154.2 147.8 142.4 136 124.9 117.4 115 111.3 108.2 108.9 118 129.1
121.8 118.8 112.9 105.2 97.3 103.4 108.7 113.1 113.9 117.1 119.5 120.8 121.5 120 112.8 107.7 111.3 113.6 114.5 114.6 114.9 116 116.7 115.8 114.8 117.2 121.3 130.6 141.7 148.9 155.3 159.9 162.7 163.7 164 161.5 155.8 145.5 133.4 123.9 114 105.4 113.4 119.9 123.3 133.7 136.1 139.3 142.3 144.3 147.2 150.4 153.1 156.6 161.1 165.9 168.5 170.5 180.9 182.6 181 176.8 171.7 167.1 164.5 162.6 160.2 158.5 162.8 162 156.8 150.5 144.6 136.2 125.4 119.3 118 113.1 106.9 106.9 113.2 125.6
126.1 121.6 117.1 111.6 102.5 99.1 103.9 107.5 109.6 112.9 115 116.6 118.2 117.8 111.2 102.9 106.6 110.6 110.2 109.8 110 110.8 111 110.8 111.4 113.6 116.5 123.2 131.4 138.8 145.6 150.4 154.2 156 155.8 154.1 148.8 140 129.1 119.3 110.1 104.6 109.3 117 125.5 131.5 133.7 138.5 141.6 145 147.9 151 153.7 159.3 161.8 165.9 168 171.9 181.6 184.5 182.8 177.5 171.4 167.3 165.4 163.1 161.3 161.8 164.8 161.9 158 152.1 145.1 135.8 126.5 122.2 121.7 114.4 106.7 105.4 107.5 119.4
131 127.8 123.3 117.4 108.9 97.5 100 103.6 105.7 108.3 111.1 112.7 112.3 113 107.5 97.7 102.4 106.1 105.3 104.9 105 105.5 105.9 106.8 108.2 109.8 112.9 117.5 124.4 129.6 135.6 141.3 145.9 148.1 146.3 143.3 140.3 134.8 124.4 113.9 106.8 101.9 107.2 114.5 123.5 129.4 134.1 138.4 142.1 145.9 149.3 152.4 156.2 161.3 163.3 164 166.7 172.9 182.9 186.3 182.1 178.1 172.7 168.1 165.5 163 161.6 162.2 164.1 161.6 158.3 153 144.5 136.1 128.5 125.4 123.7 114.9 105.7 104.1 105 112.4
132.5 130.6 127.2 121.7 114.2 104 98.3 100.8 102.6 105.6 109.8 108 104.8 105 101.5 94.2 97.8 101.3 99.7 99.9 100.8 101.4 102.2 103.2 104.7 105.8 109.4 114.1 120 124.7 129.6 134.4 137 137.7 136.1 135.2 132.6 126.5 115.3 108.4 102.9 100.9 110.3 118 125.2 130.7 136.3 141.1 144.8 148.2 151.7 155.6 159.4 163.3 163.4 162.2 165.3 175.1 183.3 184.3 180.8 176.7 172.3 168.2 164.4 162.7 162.5 162.7 163.9 161.8 158.2 153.1 144.7 138.3 132.1 129.3 125.9 116.9 105.9 103.1 103.9 108.4
126.5 120.6 115.8 113.5 110.1 102.3 96.7 98.2 99.3 102.9 107.8 106.4 99.9 97 94.5 90.9 92.9 95.3 94.9 95.5 96.9 98.2 99.3 99.6 100.7 102.2 105.9 110.8 116.3 120.8 126.3 126.2 126.5 126.7 126.2 124.7 121.6 113.1 106.2 102 99 104.6 114 121.4 127.6 133.7 140.2 144.4 148.2 151.7 155.9 159.5 161.7 163.5 163.1 161.5 165.4 173.2 180.7 183.3 179.8 174.9 171.7 167.7 163.5 163.2 163.2 165.8 165.1 162.8 158.8 154 146.1 141.5 137.3 133.3 126.8 117.8 107.5 102.5 103 106.6
137.8 136.1 131.7 125.9 119.6 113.4 106.4 98.5 93.7 91.4 95 95.3 92.3 89.8 88.9 86.5 87.5 90 90.1 90.9 93.4 95.3 96.3 96.6 96.8 98.9 104.6 109.6 114.2 117.4 119.4 118.7 119.7 119.1 117.4 114.8 107.4 102.2 99.9 96.8 100.9 110 117.2 124.5 132.9 141.8 146.3 149 152.6 156 159.8 162.8 163.9 164.5 163 161.2 165.3 169.3 177.5 180.8 176.9 173.3 171 166.8 163.8 164.4 167.2 168.3 166.9 164.1 159.5 154.9 150.4 145.9 141.7 135.3 127.4 118.3 108.5 103 102.1 105.5
141.4 139.7 136.7 131.3 125.7 119.1 111.8 104.4 101.6 96.5 92.5 90.3 88.4 86 83.4 85.9 85.9 84.5 85 85.8 88.3 91.3 92.4 92.8 95.4 99.9 103.8 110.2 114.2 114.3 114.8 115.6 115.4 114.5 112.1 107.8 100 96.3 94.5 96.7 106.1 112.8 120.7 132.5 141 146.8 151.4 154.9 158.2 160.3 162.5 164.6 165.6 164.9 163.1 161.1 163.3 166.6 173.4 175.9 173.5 171.9 171.3 166.5 165.4 166.9 169.6 169.2 168 164.4 159.8 156.1 154.2 151.1 143 135.5 127.4 118.8 109.8 103.5 101.8 103.6
141.6 139.5 134.8 128.7 122.7 116.2 108.2 105 104.9 102.1 98.7 94.4 91.4 89.2 86.9 84.9 83.1 83.1 84.5 85.5 83.3 84.2 86.5 88.2 92.9 98 104.9 110.6 112.6 112.1 113.6 114.7 113.2 111.9 108.4 103.2 96.2 92.1 97.3 105.7 110.6 116.4 126.1 135.5 142.5 148 152.5 156.4 158.9 161 163.5 165.9 166.6 164.9 162.7 159.9 161 164.5 168.7 171.4 171.2 171.3 169.5 167.1 167.6 172.4 169.7 169.9 167.3 163.9 160.7 158.6 156.8 151.1 143.3 135 127.1 119.5 110.5 103.6 101.7 103
141.2 137.8 131.1 123.6 118.7 113.8 111 110.8 109.5 106.3 102.2 98.1 94 91.3 89.3 86.9 83.6 83 83 83 83.3 85.9 84.3 87.8 92 96.6 104 111 110.3 111.8 113.5 114.8 113.2 109.6 105.1 98.3 91.9 93.5 100.8 107.7 113.1 122.9 130.2 135.6 140.3 145.3 150.1 153.9 157.1 159.6 163.2 165.9 166.5 164.6 163 158.2 159 161.6 164.6 167.3 170.1 169.5 167.2 166.2 171.2 171.7 169.3 168.1 165.3 163.2 161.7 161.4 157.2 149.7 143.7 134.4 126.6 119 110.4 105 102.8 101.6
143.4 139.4 134.2 127.3 122.8 119.3 117.4 115.6 112.5 108.9 103.6 99.3 95.9 92.8 90.7 88.6 85.4 83 83 83 83 83 83.3 87.6 93.2 99.5 106.2 110.6 111.4 113.2 114.9 115.4 114.4 107.7 100.2 93.8 87.4 94.3 100.9 109.1 117.2 124.8 129.5 133.7 137.9 142.3 146.4 150.4 154.5 158.3 162 164 164.1 162.9 160.3 155.3 156 158 160.8 164.6 167.6 165.7 163.5 165.8 170.2 169 166.6 164.7 163.2 162.7 163.1 160.8 155.5 148.4 141.5 132.8 125.5 118 111.4 106.8 103.8 101
151.6 147 140.7 134 128.8 126 123.9 121.4 117 111.4 104.2 99.4 96.2 93.5 91.5 89.3 88 84.7 83 83 83 83 83 86.3 93.4 101.4 107.6 110.8 113.3 114.5 115.5 115.3 112 101 93.6 88.4 88.4 97.2 103.7 111.5 118.2 122.6 126.9 131.4 135.8 139.8 143.2 147.3 151.5 155.8 158.8 160.2 160.1 158.8 155.8 150.1 152 154.4 158 162.4 163.2 161.7 161.8 164.7 166.7 165.9 163.2 161.1 160.9 163.3 161.6 157.7 152.5 146 138.2 131.1 124.7 117.9 113.3 108.7 104.8 102.2
160.9 155.6 149.4 142.4 136.8 133.8 131.1 128.3 123.5 116.6 107.8 99.6 96.3 93.9 92 90.7 89.4 87.8 85.3 83 83 83 83 84.2 92.6 101.3 106.2 109.3 111.6 113.8 114.3 112.4 106.8 97.4 87.2 84.1 92.2 100 108.1 113.7 117.8 121.7 126 129.7 133.8 137.4 140.6 144.1 148.3 151.3 153.7 154.8 154.9 152.4 149.4 145.4 147.8 151.9 156.1 158.4 158.2 157 159.8 163 162.8 161.1 159.2 159.3 161 161.1 157.8 154.1 149.4 142.1 134.1 129.1 125.1 121.5 117.7 111.6 105.3 101
164.3 159.9 154.2 148.3 143.1 139.3 136.1 132.5 127.5 121.7 111.5 100.5 97.6 95.9 94.8 92.7 91.8 92.2 92.1 87.6 83 83 83 84.1 92.5 99.7 104 106 108.3 110.7 110.3 106.9 100.7 92 80.4 89.3 95.7 102.6 108.8 112.9 116.5 120.7 124.5 128.1 131.1 134.7 137.7 140.6 143.8 146.4 148 148.9 148.8 145.4 143.3 141.6 144.6 149.2 152.8 153.3 152.8 154.8 158 158.6 157.7 156.8 157.6 159.3 159 156.5 154 150 143.7 137.9 133.8 131.5 130.4 127.2 122 113.1 106.4 101.4
161.3 156.7 151.9 147.8 143.4 139.7 136.1 131.5 125.4 118.5 110 103.4 102.1 101.3 101.1 98.2 95.4 95.6 94.9 91.5 86.3 83 83 83.7 91.1 97.8 100.6 102.5 104.2 105.5 105.8 102.9 96.6 86.9 81.9 90.4 95.1 101.4 105.9 110.8 115.3 119.4 123 126 128.2 130.4 132.6 134.4 137.2 140.8 142.2 142.5 140.9 140.1 138.7 138.4 142.3 146.3 147.2 147.6 150.3 153.1 154.6 154.5 154.8 156.2 157.7 157.5 155 152.7 150.3 145.8 142.2 138.9 136.4 136.2 136.3 132.2 124.2 113 106.8 100.6
158.4 154 148.3 144.3 139.2 134.9 129.3 124.7 118.6 111.9 106.1 106.2 105.8 107.9 106.1 101.8 98.9 98.7 96.3 92.5 86.4 83 83 84.2 88.7 95.5 97.1 98.3 100 101.5 101.8 100.4 95.5 86.1 79.8 89.5 95.1 98.5 102.6 108.5 113.9 117.5 119.9 121.5 123.1 124.8 126.6 128.7 131.5 135.4 135.9 135.2 135 134.7 133.4 135.4 138.9 140.7 142 144.1 147.9 149.9 150.8 151.7 153.9 155.3 155.5 153.6 151.1 149 147.3 144.9 143.4 142.3 142.8 142.1 137.9 131.9 122.9 111.6 105.1 99.5
150.9 144.4 138.8 132.9 128 124.4 120.3 116.5 112.3 110.1 110.2 109.1 112 114.6 110.4 105.1 102.2 99.7 96.9 91.7 87 83 83 83 84.6 91.4 94 95.3 96.4 98.3 97.6 98 93.8 86.8 76 86.3 92.4 95.5 100.8 106.9 110.3 112.6 114.2 116 118.2 120.6 122.4 125 127.7 129.7 129.4 129.4 129.5 129 130 133.4 135.7 137.2 138.9 141.4 144.9 147.3 149.2 150.6 151.3 152.4 152 150 149.2 148.7 149.8 151.6 152.3 153.1 148.4 141.9 136 129.6 119.8 109 103.6 97.6
139.9 135.5 133.2 126.2 122.1 119.2 116.7 115.1 114.1 115 116.7 118.6 122.4 122.6 116.7 109.7 104.7 100.5 97 92.5 87 83 83 83 83 88.3 92.6 94.8 94.5 95.1 94 93.8 92.2 86.3 74.2 83.5 90.1 92.5 96.4 101.1 105.4 107.7 109.9 112.2 114.9 116.9 119.4 122.4 124 124.7 125 124.7 124.8 127.5 131.9 134.1 134.7 136.1 137.8 139.7 142.1 145 146.7 147.9 148.3 149.6 149.7 149.6 150.3 155 158.5 157 153.5 149.3 143.7 139 133.8 126.8 116.3 106.4 101.5 96.5
