public/OST50/SN51.asc
ncols 200
nrows 200
xllcorner 250000
yllcorner 210000
cellsize 50
[rows 140 to 174 of 200, columns 80 to 159 of 200]
123.4 126.7 130 132.1 133.5 134.7 135.6 136.8 137.8 138.3 138.2 136.4 134.5 133.6 133.3 133.5 134.5 135.7 138.2 139.2 141.1 142.6 145.9 149.6 150.9 152.1 155.1 156.8 156.3 155.8 156.1 154.8 153.8 152.4 151.2 149.3 147.1 145.2 144.6 144.5 145 147.1 147.4 147.7 149.5 149.9 149.8 152.1 150.8 153.6 156.4 159.5 160.9 163.6 165.4 166.1 165.2 165.1 167.1 168.1 169.7 170.8 170.3 168.9 168.4 166.9 169.1 166.1 167.3 167.4 167.7 166.9 166.6 166.2 168.4 171.3 173.7 174 174.5 175.5
124.7 127.1 130.2 131.8 133.1 134.5 135.4 135.9 136.9 135.3 134 132.2 131.6 131.1 131.1 131.6 132.4 133.6 135.7 137 138.7 141.5 145.8 149 148.8 149.9 152.8 154.7 155.5 156.4 156.8 156.2 154.4 152.2 150.6 148.4 146.3 144 144.2 144.1 143.5 143.4 145.1 146.5 148.3 148.7 148.9 151.4 150.9 153.6 161.2 159.9 162.4 163.4 164.5 164.4 164 163.9 165 167.1 168.9 168.6 167.5 166.6 165.4 167.2 164.4 166.4 167.6 167.2 166.4 165.4 165.3 167.1 170.4 172 173 173.3 173.3 173.1
123.9 125.3 128 130.7 132.2 133.5 134.3 135 133.3 131.6 130.1 129.2 128.8 128.9 129.6 130.1 130.9 132.4 133.6 135.4 138.1 140.8 144.9 146.3 147.9 150.6 153.4 156.2 158 158.9 159.4 159 155.2 151.3 148.8 146.5 144.2 143.7 143.9 143.7 143 142.8 144.1 146.9 148.2 148.4 148.1 148.5 150.1 151.8 158.7 161.1 162 162.2 162.6 163.6 163.3 163 163.4 164.4 165.3 164.3 163.3 163.1 162.2 162.8 165.5 166.6 166.8 166.7 165.5 164.5 166.6 168.2 169.8 171.8 172.7 173.3 171.9 171.3
122 122.6 125.7 129 131.2 132.6 133.1 131.1 129.4 128.9 127.7 127 127.3 127.6 129.2 131.5 133.2 133.1 134.9 136.6 138.9 143.2 144.7 147.1 150.4 153.3 156.2 158.7 160.5 161.3 161.9 161.5 156.7 151.3 148.1 145.7 143.8 143.5 143.3 143 142.8 142.6 145.2 147.2 147.9 147.4 147.2 148.3 149.7 150.9 151.4 160.5 160.7 160.9 161.2 161.3 162.3 162.7 162.2 162.3 161.6 162 162.1 161.3 159.4 163.5 165.2 165.4 165.4 164.2 163.9 164.9 166.6 167.8 169.1 171.7 173.5 173.1 171.4 170.6
119.9 121.8 126.2 128.8 130.2 130.8 129 126.7 128.1 127.9 127.5 127.5 128.1 128.8 130.5 132.7 136 136.1 136.8 139 141.5 144 147.3 149.7 152.4 155.5 158.1 160.6 162.5 163.5 164.9 163.8 158.1 152.1 148.4 145.8 143.9 142.8 142.8 142.5 142.3 143.1 145.2 146.1 146.3 146.1 145.4 146.6 148.4 149.7 150.7 151 159.2 159.6 159.6 159.4 159 160.4 161.4 159.9 159.3 160.5 160.5 159.1 160.5 163.9 164 163.8 162.9 162.3 164.1 164.8 165.3 166.4 168.9 171.9 173.6 172.6 170.8 169.9
119.1 123.3 126 128 127.6 125.6 124.3 127.3 128.7 129.1 129.4 130 130.7 131.9 133.8 135.5 137.5 138.7 141 144.5 147.6 151.3 153.8 155.3 157.1 159.4 161 165 167.9 170.4 170.9 168.2 162.4 153.8 149.1 146.3 144.2 142.6 142.1 142 142.1 143.5 144.2 144.2 144.4 144.6 145 146.4 147.1 148.3 149.8 149.9 152.1 158.2 158.3 158.7 158.7 158.5 159.1 158.7 158.3 157.5 158.2 160 161.2 161.9 161.9 160.6 159.9 161.3 163.7 164.6 164.5 165.7 168.9 172.2 173.2 171.4 169.8 169.9
120.9 123 124.9 123.7 122.2 122.2 125.7 128.8 130.8 133.2 135.6 138.4 139.5 140.4 140.6 141.2 142.8 146.4 150 154.5 157.7 159.1 160.3 163 165.8 168.7 171.7 173.5 176.8 176.3 175.7 173.8 169.4 159.4 150.5 147.4 145.1 143.3 142.1 141.8 142.6 142.6 142.1 141.8 142.2 143 144.4 145.6 146.4 146.2 146.6 149.3 149.9 154.3 156.6 157 158 157.8 157.5 157.2 156.9 156.8 156.6 158.3 159.9 158.9 158.8 157.5 157.9 160.2 162.1 162.5 164 166 169.4 172.7 171.6 169.7 167.8 168.5
119.7 120.8 119.6 119.2 121.9 125.1 129.2 131.9 133.8 138.3 142.2 146.6 148.7 149.5 149.2 149.3 151.4 155.5 159.9 162.3 165.7 167.9 170.9 172.9 174.6 177 178.7 180.5 180.6 179.5 179.8 179.7 173.2 165.1 156.2 151 148.1 145.1 142.9 141.4 141.8 140.9 140.2 140.2 140.7 141.6 142.9 143.3 143.5 143.5 143.7 146.8 149.3 149.2 156 155.6 156.6 156.4 152.9 155.5 156 156.1 155.4 155.4 155.5 153.9 154.2 154 156.1 157.8 159.4 160.9 164.3 166.4 169.2 170.8 169.7 166.9 165.8 167.8
117.3 117.6 119.6 122.1 124.4 128.2 132.1 136.3 138.8 143.7 149.3 154.1 156.8 156.7 155.6 155.4 156.7 162.3 166.5 171.2 174.3 177.7 179.9 181.6 182.5 183.7 185.3 183.5 182.1 181.8 180.4 178 172.9 167.2 157.2 154.7 151.7 147.5 143.6 141.2 140.4 140 139.5 139.6 139.8 140.5 140.9 140.3 140.9 141.5 143.4 145.5 148.8 147.6 148.2 154 153.4 152.3 152.8 152.6 155.8 154.9 154.2 153.8 152.9 152.1 151.5 151.7 153.9 155.9 157.8 160.7 163.6 165.3 166.6 166.7 166.5 165.3 164.9 167.3
116.8 119.5 122.1 125 128.7 132.4 136.2 140.3 145.1 150.9 155.7 157.5 157.6 157 156.7 156.2 163.2 170.5 175.7 179.5 183.8 187.5 189.5 189.8 191 191.1 187.8 184.4 183.1 180.4 177.1 174.9 172.5 169.3 164.4 158.9 154 148.7 144.3 141.8 141.1 140 138.9 138.8 137.8 138.5 138 136.7 139.3 141 141.7 141.5 142.3 145.9 144.2 147.3 151.6 150.7 150.5 152 152.4 153.9 153.7 152 150.6 150.5 149.6 149.2 150.7 152.6 155.8 159.5 162.1 163.1 163.5 163.6 162.7 162.5 163 165.7
119 121.6 125.3 128.8 132.6 136.5 141.7 147.1 152.6 157.5 157.7 157.6 157.1 156.6 156.1 162.3 172.4 180.3 184.8 189.1 193.1 196 196.1 196.1 195.7 192.4 188.4 185.4 181.7 179 175.9 173.8 172.3 171.6 168.4 163.6 157.8 150.5 145.4 143.6 143.3 141.6 140.1 138.9 137.4 134.8 135 132.6 140.5 140.6 140.6 140.4 140.3 140.4 142 144.7 146.5 149.5 149.3 148.2 150.3 152 151.8 151.3 151.2 148.3 147.6 147.3 148.2 150.5 153.6 157 159.2 159.9 160.4 159.8 159.2 158.3 160.8 163.6
121.2 124 128.1 132.3 136.9 141.7 147.4 153.7 158.6 158.1 157.7 157.1 156.6 156.1 163.2 172.5 181.1 188.2 193.6 198.2 200.8 202.6 201.2 200.4 196.2 193.4 192.1 186.1 181.5 178 174.7 172.1 170 169.1 168.1 164.8 160.2 153.5 148 145.7 144.7 142.7 140.6 139.3 137.7 135.1 130.3 128.9 139.4 141.6 139.9 139.5 139.3 138.7 137.6 138.6 144.7 146 146.6 146.6 146.4 148.9 150.7 151.4 145.9 147 147.4 146.7 146.3 148.4 151.3 154.2 155.8 156.5 156.9 155.7 154 155.7 158.6 161.5
124.1 127.1 131.2 135.8 140.7 146.4 153 157.9 158.5 157.8 157.2 156.5 155.8 167 175.7 183.2 191.2 197.2 202.7 207.5 210.4 207.5 201.9 199.6 198 195.5 191.4 186.1 181 176.1 171.6 168.1 165.7 165.1 163.8 161.5 159.3 154.6 150 146.4 144.1 142.1 141 139.3 137.9 136.3 133.9 126.8 132.5 137.7 137.6 138.2 138.1 137.5 137.5 137.4 139.9 142.9 145.7 145.5 145.2 145.9 145.4 148.1 145.7 145.9 146.8 146.4 145.2 146.3 148.3 150 151.7 152.4 152.7 153.3 153.1 154.2 156.9 160.3
127.3 130.1 134.7 139.6 144.5 150.8 157.6 158.1 158 157.3 156.6 158 170.6 183 190.5 195.7 201.6 207.8 216.2 214.5 209 204.5 202.8 199.4 195 193 189.3 184.9 178.7 172.9 168.2 164.9 161.9 160.4 159.3 157.6 155 151.3 147.6 144.8 142.1 138.2 137.6 136.4 136.2 135.3 133.2 126.1 126.6 137.4 137.3 137.3 137.1 137.1 137.1 137 136.7 141.3 139.1 143.4 144.7 144.6 144.2 143.2 143.8 139.6 141.9 143.7 144 144.4 145 147 147.9 148.4 148.6 149.9 151.4 152.7 156.5 158.9
130.7 133.4 138.6 143.5 148.4 154.2 157.8 157.9 157.2 156.4 162.6 175.2 186.4 193.9 199.2 204.2 210.8 222.5 218.6 213 210.5 202.5 198.1 195.5 193 190.6 186.1 180.6 174.9 171.3 167.3 163.7 157.2 154 151.9 150.9 147.6 143.2 139.6 139.6 136.9 135.2 130.4 129.5 125 125.6 127.3 123.4 122.1 131.1 137.4 136.4 136.3 136.6 136.8 136.4 136 138.8 139.4 140.3 143.9 143.4 142.5 141.8 138.3 140.2 141.7 141.7 141.3 141.6 141.8 143.6 145.2 145.7 145.5 146.2 146.6 151.9 155.1 157.5
134.2 136.8 141.6 147.4 151.1 156 157 156.7 156.3 166.4 178.1 188.3 193.7 199.3 204.3 215.2 221.2 219.4 215.3 209 203.3 199.3 196.3 193.5 191.3 187.5 184.6 183.6 179.1 171.4 162.9 156.2 152.7 149.3 146.4 143 140.3 141.3 139.1 136.8 137.2 137.4 137.2 135.6 132.4 129.4 121.5 120.7 119.8 127.5 136.1 135.7 135.6 135.5 135.6 135.8 135.8 135.9 137.8 137.3 141 141.6 139.7 138.9 136.9 139.2 140.3 139.1 138.1 138.6 139.7 142.8 144.5 144.5 143.1 142.1 146.9 151.2 153.5 155.6
137.5 139.8 144.1 147.6 151.2 154.8 156.3 157.6 170.3 179.2 187.3 192.8 198.3 202.8 220.9 222.3 217.6 215.6 209.9 204.9 200.2 196.4 193.6 191.2 189.8 189.2 185.9 179.5 168.7 162 155.4 151.8 149.6 147.5 145 142.8 146.2 146.5 145.3 143.8 143.4 142.8 141.4 139.3 136.3 133.8 129.3 119.2 118.8 127.1 136 135.3 135.4 135.2 132.5 133.2 133.1 138.1 136.2 140.8 139.8 138.1 137.4 131.3 135.5 137.2 137.6 136.7 135.7 136.7 140 143.2 144.3 143.1 140.8 140.7 145.9 149 151.2 153.1
140.7 142.6 144.7 147.3 150.4 154.8 164.1 172.5 178.7 184 190.8 197.2 205.9 223.7 223.7 218.7 216.7 211.2 207.2 202.6 198.3 195.3 193 192.3 190.4 184 175.1 169.7 164.3 159.1 154.5 151 147.9 145.8 144 146.1 148.1 148 147.1 146.9 146.7 146.1 145 142.2 138.3 135 130.7 123.9 118 125.2 125.3 132.2 133.9 134.8 135.3 135.4 138.7 141.7 139 135.7 134.8 133.2 133.6 132.6 133.2 134.2 134.6 134.1 134.1 137 140.4 142.8 141.9 140.6 136.3 140.5 144.3 146.5 148.6 150.5
142.2 144.4 144.7 148.6 157 167.5 173.4 177.2 180.6 186.7 196.2 207.2 220.8 221 219.8 218.3 212.7 208.7 204.9 200.8 197.7 196.4 196.9 191.8 183.3 174.8 170.9 166.8 163.2 158.9 154.8 151.3 148.4 145.4 146.7 147.4 148.3 149.2 149.1 149.5 150 148.8 147.4 144 140.1 135.5 130.7 123.6 117 129.3 131.2 132.1 132.6 133.5 133.2 132.5 132.9 133.6 139.1 132.7 132.4 131.7 131.4 129.8 128.9 131.1 131.3 132.3 134.7 138.3 141.9 143.2 140.5 137.5 136.6 139.5 141.8 143.9 146 148
143.5 145.9 152.8 160.1 167.2 172.1 174.4 177.1 182.6 190.9 204.3 217.1 220.7 219.2 214.6 211.6 209.1 206.6 203.3 200.6 201.3 199.9 193.7 186.7 177.3 172.5 169.3 167.1 164.4 161.3 158.1 153.3 148.7 146.9 148.1 148.3 148.7 149.8 150.5 150.4 150.4 149.5 147.9 144.7 141 136.1 130.6 123.8 116.3 121.8 129.1 131.2 131.3 131.1 126.2 131.6 131.3 130.6 136.2 131.3 129.7 129.6 128.7 127.9 127.5 127.4 128.1 132.2 136.6 140.5 143.6 143.1 139.8 136.3 135.1 137.7 140.1 142.2 144.6 145.7
146.6 151.4 159.5 165.4 169.5 171.6 174.8 179.8 186.2 194.4 209.7 219.6 216.2 212.1 207.8 206.8 205.7 203.8 203.8 205 200.4 194.5 186.8 180.5 175.4 175.1 175 173.4 169.2 166 161.3 156.6 149.9 148.8 149.4 149.4 149.4 149.8 149.8 149.1 148.5 147.5 146.3 144.1 140.6 135.8 130.2 125.8 117.2 112.4 123.4 130.3 130.3 129.5 122 130.3 130.2 129.9 129.4 130.4 127.8 127 125.9 125.8 124.8 122.4 125.9 131.4 136.8 141.1 143 141.5 138.4 135.3 133.4 136.4 139.4 141.4 142.5 143.6
149.7 157.5 163.3 166.6 169.4 172.4 177 181.8 188.3 197.1 213.8 214 210.5 206.5 203.6 203.6 202.8 204.2 206.4 201.3 193.6 187.5 182.7 181.4 185 185.9 182.6 177.4 171.5 165.6 159.8 153.8 150.9 151.5 151.3 150.9 150.3 150.1 148.7 147.1 146.1 145.3 145 143 139.7 135 130.5 126.7 121.4 115.6 116.6 128.2 128.7 120.1 123.8 131.1 129.3 129 128 129.8 126 125.3 123.6 123 122.1 120 126 131.3 136.1 139.2 140.6 139.2 137.3 133.9 131.6 135.7 139.2 140.3 141 141.4
153.5 159.1 164.4 168.1 171.2 174.7 178.1 182.7 188.9 202.2 212.7 208.8 205.5 202.8 202 201.5 202.7 205.7 201.5 194.3 187.9 184.8 185.7 187.8 188.1 184.9 180.6 174.6 167.6 160.9 155.4 153.1 154.8 154 153.5 153 152.3 151.4 149.4 148 146.7 145.5 144.6 143.4 141 137.3 133.1 129.3 124.6 118 112.3 119.5 119.2 120.9 127.3 127.8 128.1 128.3 127.4 127.9 125.3 124.3 122.6 120.9 117.4 120.2 126.2 131.4 134.5 136.5 137.2 136.3 135 131.8 130.8 134.7 138.3 139.3 138.4 138.3
156.6 160.2 163.7 167.1 170.2 172.8 176.7 181.5 188 201.1 206.6 204.9 203 201.6 200.9 200.5 201.8 200.3 193.9 189.1 186.8 186.9 188.2 186.3 184.2 180.4 175.4 168.3 160.3 155 154.8 156.3 157.7 157.1 156.4 155.7 154.6 153.3 152.6 151.5 150.1 147.7 146.6 146.1 144.4 140.3 136.2 131.4 127.5 122.7 114.1 112.3 115.4 126.2 128.4 127.1 127.2 128.8 127.9 126.2 124.7 123.6 122.1 119.7 113.8 122.3 125.7 129.7 131.9 132.9 133.6 133.2 132 129.5 129.8 133.7 136.2 136.7 135.7 134.8
155.7 158 162 166.6 169.3 172 176 180.4 185.4 194.8 200.5 202.3 200.9 200.4 200 199.6 198.6 194.5 190.6 188.7 187.6 187.7 184.7 182.6 178.5 173 166.7 159.9 158.9 160.3 159.5 160.5 161.3 160.4 159.6 159.2 157.5 156.8 157.2 159 161.4 158.9 155.5 154.9 152 147.2 141.7 135.6 130.1 124.6 118.9 111.8 112.4 119 125.2 126.5 125.6 127 125.7 123.2 122.9 124.5 121.5 113.7 120.2 124.8 126.7 128.5 128.6 129.1 129.8 129 128 126.2 128.7 131.8 133.5 133.7 132.8 132.6
156.1 157.5 159.2 164.9 167.9 170.5 174.3 178.2 183.2 190.8 198.7 199.9 198 200.1 198.9 196.6 195 193.2 190.9 189.7 189 185 181.3 176.3 170 164.6 159.6 163.3 166.6 166.6 164.9 167.7 169.9 168.8 167.2 165.9 166.2 166.9 168.2 170.4 170.9 171.4 168.4 163.9 159.9 154.2 147.4 141.2 134.5 128.3 122.7 119 108.5 111.8 116 120.4 121.3 120.3 119.9 120 121.3 122.6 116 111.8 121.6 125.4 126 125 125 125.3 125.5 125.3 124.6 121.8 126.9 129.2 130.6 130.5 129.5 130.8
163.1 164.2 166 167.7 169.4 173.6 174.9 175.6 181.6 191.4 196.2 196.8 200.8 199.2 195.9 194.4 193.3 192.7 193.3 193.2 189.3 183.5 176 169.4 162.8 165.7 168.9 171 171 173.2 174.8 178.1 180.6 181.9 177.4 178.6 179.1 180 182.3 182.7 180.9 177.2 174.9 170.2 164.8 158 152.6 146.6 140.4 134.8 130 125.1 118.2 110.7 108.1 110.5 110.1 111.3 113.8 117.3 119.7 119.3 111.3 115.9 122 123.3 122.4 121.4 121 121.4 121.7 121.7 118.9 123.7 125.5 126.4 126.8 126.5 127.2 128.7
168.3 169.6 172.1 174.5 178.6 182 183.7 184.2 184.1 189.4 195.6 200.6 202.1 195.5 193.8 193.6 193.3 195.3 197.5 193.5 188.7 180.2 171.2 164.7 171.4 176 175.3 174 176.8 180.1 183 186.3 188.9 191 183.6 190.6 193.3 194.4 192.9 192 189 184 178.7 173.3 167.3 161 156.1 149.5 145.4 139.7 134 128 121.3 117.7 113.3 105.1 103.1 103.2 106.1 111.5 118.2 115.7 107.2 113.7 118.8 119.2 118.5 117.6 116.5 116.9 114.2 120.5 123.6 124.5 123.3 123 123.1 123.4 125 127
173.4 177 180.2 185.6 188.9 190.2 191.9 191.1 189.5 192.1 198.9 199.7 194.6 193.7 193.2 192.8 193.6 196.4 194.5 190.4 185 176.4 167.3 174.7 178.7 178.2 178 181 184 187.2 190.5 193.4 196.4 198.4 192 198.2 200.4 200.3 198.6 196.8 194.9 189.8 181.6 174.4 168.3 161 155.6 151.1 147.1 143 137.3 130.2 123.3 120.1 117.4 113.7 112.8 106.4 99.1 104.9 116.9 108 102.9 107.7 114 114.7 114.5 112.4 109.4 109.6 118.9 121.9 123.1 122.9 121.1 120 119.8 121.3 122.8 124.7
180.9 185.1 188.7 191.6 193.9 196 196.7 196.3 196.4 196.1 196 194.9 194 193.5 192.9 192.2 192.4 191.2 190.1 186.9 181.7 173.8 176.3 180.3 180.6 181.2 182.6 185.4 188.4 192.2 195.7 198.3 200.5 200.3 200.4 202.4 204.9 205.4 201.9 200 197.8 193.5 186.1 175.7 166.6 158.5 153.9 149.5 145.8 140.8 135.2 129.3 125.7 121.5 119.3 118 117.5 116 112.4 99.5 116.1 100.6 98.8 99.2 106 109.7 107.1 104.3 111.2 116.8 119.9 122.8 122.8 119.2 116.4 117.5 120.9 122.9 123.3 123.4
186.4 188.3 190.5 193.9 196.4 198.1 198.8 199.2 199 197.7 196.7 194.5 193.9 193.4 192.9 191.7 190.2 187.8 186.1 184.5 182.5 173.7 179 181.8 182.4 184.4 186 188.6 192.2 194.6 196.9 200.3 201.6 201.4 203.7 207.5 209.6 208 204.8 202.7 200.4 196.9 193.7 180.7 167.5 157 149.7 146.2 142.6 137.9 133.7 130.1 126.9 120.4 122 122 120.8 119.3 117.1 112.1 115.4 105.4 100.4 95.5 99.3 105.4 101.9 103.8 112.1 116.3 119.5 121.7 118.1 114.5 118.1 122.3 124.7 126.1 126.1 125.4
185.8 188.4 191.8 195.4 199.1 201.1 201 201.3 201.8 200.3 198.9 195 194.4 194.1 194.3 192.4 189.5 186.3 183.3 182.7 179.2 178.3 180.6 182.9 184.5 186.2 187.8 190.3 192.7 195.2 197.5 199.8 201.4 203.5 208.4 213.7 215.2 210.8 207.2 205.5 201.6 203 199 188.5 170.8 156 147.5 143.7 140.8 137.7 134.1 131.4 127.2 125.9 126.4 125.7 124.6 122.2 119.4 116.3 114.4 108.6 102.1 95.9 94.8 98.3 95.8 105.1 109.6 113.6 116.6 116 112.4 117.1 122.3 124.4 126 127.8 127.6 127.2
185.3 188.6 193.5 197.9 202.3 204 204.7 204.6 203.4 199.7 197.4 196.8 196.9 197.8 195.6 192.8 189.3 186.1 182.9 180.1 179.3 181.3 183 184.6 185.9 187.6 189.6 192 194.3 195.9 198 200.3 202.2 205.9 212 217.9 216.6 212.5 209.2 208.1 204.7 206.7 202.4 192.6 175.3 156.6 146.7 142.5 139.1 136.9 134.5 131.5 130 130.8 130.4 128.9 127.2 124.9 121.8 117.9 114.5 112.9 103.7 99.1 92.3 94.1 92.7 100.2 105.4 108.6 108.6 110 114.5 119.2 123.3 125 126.2 127.2 128.2 129.3
186.3 190.9 195.7 200.4 205.9 210.2 208.4 204.3 200.6 199.1 198.6 202.3 201.7 199 195.7 191.7 189.6 187.3 184.9 182.7 183.1 184.4 185.7 186.1 187.2 189.4 191.6 193.9 196 197.2 200.7 202.6 204.3 208.2 214.3 217.1 216 213.2 210.3 209.2 208.3 206.9 202.1 193.8 178.5 158.5 145.6 141.7 138.5 136 133.7 132.6 132.7 132.4 131.6 130.4 128.4 125.6 121.7 117.2 114 109 107.5 106.8 98.9 92.5 91.8 92 96.6 98.6 105.7 110.5 115.5 119.6 122.8 124.1 125 126.7 127.8 130.6
189.9 194.2 199.9 205 209.5 209 204.5 200.6 199.6 200.1 202.8 205.3 202.8 197.5 194.7 192.9 191.1 188.8 187.3 185.9 185.9 187.1 187.6 188 188.5 191 193.7 195.9 197.7 199.6 202.5 204.6 206.9 211.6 217.2 216.3 215.2 213 211.1 210.5 210.8 205.8 200.1 193 181.2 162.2 146 141.1 138.6 136.5 134 134.9 134.4 133.7 133 132 129.6 126 121.9 117.7 114.4 111.2 110.3 109.7 107.9 100.1 93.7 90.1 92.2 98.9 104.7 110.3 114.6 118.8 121.5 123.1 124.5 125.1 128.2 131
