public/OST50/SN51.asc
ncols 200
nrows 200
xllcorner 250000
yllcorner 210000
cellsize 50
[rows 105 to 139 of 200, columns 80 to 159 of 200]
191.7 200.3 196.8 190.8 184.2 178.5 173.2 169 166.2 164.8 164.3 163 159.8 156.5 154.2 151.9 150.3 150.3 150.8 152.3 154.2 162.2 163.5 159 165.5 172.5 180.6 185.8 187 188.8 189.6 189.4 192.1 196.6 199.9 201.3 203 204.4 205.8 206 204.9 212.9 217.4 220.4 223.5 226.1 229.5 231.6 232.5 232.2 232.9 234.1 235.7 236.4 236.6 234.6 232.8 230.9 228.6 227.1 226.7 227.3 227.5 227.5 226.9 225.3 223.9 222.5 221.6 219.2 216.4 212.6 207 201.8 197.8 194.5 192.1 189.8 190.2 190.8
192.1 193.5 189.8 186.2 182.3 178.5 174.2 170.3 168.1 166.7 164.7 162.3 158.8 155 152.4 150.5 149.6 149.8 150.1 150.9 152 151.7 156.6 164.8 166.7 173.4 181.2 182.9 184.9 187.4 186.6 187 189.3 193.4 196.7 199.4 202.1 202.5 199.6 198 209.7 214.1 218.1 222.6 225.7 228.4 230.1 230 229.3 227.9 228.3 230.4 232.3 233 231.9 230.5 227.9 226.1 225.5 225.5 225.4 224.1 223.1 222.6 220.9 219 217.9 217.4 215.8 211.7 208.4 204.5 200.2 196 193.3 190.7 188 186.8 187.4 188.8
189.8 186.6 183.6 181.8 180.9 178.2 173.6 171 169.5 166.9 164.1 160.6 156.8 153.1 151.3 149.4 148.1 148.2 148.6 149 149.9 151.5 155.2 161.2 167.7 170.1 170.7 176.6 182.1 182.8 181.8 184.7 186.2 187.5 193.2 195.4 193.6 189.1 199.8 207.5 211.3 215.9 220.9 224.8 227.1 229.5 228.3 226.3 224.6 223.6 224.4 226.2 226.7 226.2 225.5 224.2 222.8 223 223.2 223.1 221.9 219.7 218.2 216.9 215.4 214.2 213.1 212.1 209.3 205.2 201.8 198.6 195.2 192.1 190.7 188.3 186.3 185.1 184 185.2
182.5 181.6 181.1 181.3 179.7 176.2 173.2 171 168.2 165 161.9 158.3 154.7 151.3 150.2 149.4 146.9 146.9 147.7 147.5 150.3 153 157.1 161.7 166.8 171.4 174.3 174.8 174.8 176.5 178.3 178 173.6 176.8 183.1 182.8 190 199.6 204.2 208.6 213.4 218.8 223.3 226.4 226.7 225.3 223.6 221.5 220 219.9 220.6 221.8 221.1 219.8 219.5 219.5 219.8 220.4 221.5 220.4 217.7 214.7 213.1 211.8 210.1 209.3 208.3 206.1 203.5 199.4 196.5 193.9 189.5 187.9 187.5 185.8 184.3 183.7 181.7 180.9
181.1 181.1 181.1 181.9 179.8 176 172.3 168.7 165.7 162.4 158.9 155.7 152.2 149.7 148.7 147.5 143.5 145.7 145.1 147.4 150.9 154.7 157.4 160 164.1 168.9 170.9 172 172.8 173.7 178.9 179.7 174.7 179.4 187.4 194.1 197.6 201.5 205.9 210.4 216.1 219.6 222.4 223.9 222.7 220.9 218.9 216.7 215.6 216.3 216.7 216.9 215.8 214.7 215 215.5 217.1 219.2 219 216.6 213.9 210.6 209.2 206.5 203.5 204.3 201.5 199.2 196.9 194.6 192.5 190 186.5 184.7 183.5 182.6 182.8 182.4 179.9 177.5
180.7 180.7 182.1 182 179.2 175.1 171.3 167.2 162.4 158.9 155.3 152.3 149.6 147.1 145.6 143.9 139.5 141.6 143.2 148.2 151.9 154.1 156.4 158.7 162.7 165.8 167.3 167.8 167.9 163.1 162.9 175.2 182.7 184.7 190.9 195.4 199.2 202.9 207.7 213.2 215.4 217.7 219.2 218.4 217.3 215.4 213.8 212.8 213.2 213.1 212.1 211.9 210.8 210.9 211.7 214.5 217.5 217.6 215.6 212.9 209.9 206.6 203.6 199.7 198.1 197.9 195.1 194.9 193.4 192.8 190.9 187.4 184 182.5 181.1 181.4 182.1 182.2 180.2 178.1
180.3 181.4 182 180.2 178 173.6 168.6 163.1 157.2 154.1 151.1 148.4 145.5 143.9 142.3 141.2 135 137.9 142.9 147.9 151.5 153.5 155.1 156.9 160.7 162.9 163.2 162.9 161.8 155.8 169.4 177.7 183.4 188.1 188.6 187.8 194.8 202.7 209 212.1 213.6 213.4 212.6 211.9 210.9 209.6 209.1 209.8 209.9 209.4 208.1 207.6 207.2 208.9 211.8 214.4 215.4 213.7 211.4 208.6 205.8 203.1 200.7 198.1 195.9 193.7 191.3 192.3 192.2 191.2 189.4 186.8 183.4 179.8 181.3 182.2 183.3 182.8 180.9 178.5
179.8 179.9 179.1 177.5 174.5 169.7 163.3 158.1 152.2 149 146.5 144 141.6 139.3 139.6 132.4 132.2 138.6 142.6 147.2 149.7 150.9 152.4 155.2 157.6 158.5 157.3 155.8 151.7 159.2 172.4 180.9 186.6 191.4 194.8 196.2 189.6 190.5 201.7 208.7 209.2 208.7 207.2 205.9 204.7 204.8 206 206.1 205.4 204.7 203.8 203.9 205.1 207.8 210.8 212 210.9 208.5 207 204.9 202.2 199.5 196.8 195.1 193.6 192.1 191.7 191.4 191.4 189.9 187.7 184.4 179 178.4 181.5 182.2 182.9 182.5 180.9 177.5
176.4 173.9 173.2 172.4 169.2 163.2 154.8 150.3 146.1 143.4 141.8 139.5 137.1 134.1 129.1 128.1 133 137.2 141 144.8 146.8 147.8 150.4 152.4 153.6 150.6 148 147.5 150.8 166.2 176.8 183.9 189.3 192.7 195.2 197.5 200.6 194.6 189.6 198.3 203.6 203.2 202.6 200.5 201 202.1 203 202.1 200.8 200.1 199.5 201.8 204.5 206.3 206.4 206 204.1 202.6 201.5 200.3 198.6 196 193.2 191.6 191.3 191.2 190.8 190.8 189 187.5 184 178.9 177.2 179.5 180.6 181.5 182 182 181.4 178.2
170 167.5 166 164.4 159.6 152.6 148.2 144.4 140.7 137.8 136.3 134.6 133.1 128.8 125.1 127.9 131.9 135.8 139.5 142.3 143.9 145.1 147.2 148.3 146.9 142.5 144.9 154.7 162 173.8 180.7 185.4 189.5 191.8 193.6 195.2 197.1 198.8 197.8 189.5 196.5 197.8 197.5 197.8 198.8 199.6 199.9 198.3 196.9 196.3 198.3 200.5 202 201.2 201.4 199.9 198.6 197.8 196.6 195.1 193.7 192.4 190 189 189.5 189.8 189.3 188.6 186.6 184.1 179.1 176 176.5 178.6 179.6 180.6 181.3 181.8 181.6 178.8
164 161.7 159.5 155.5 150 145 142.3 139.1 136 132.9 130.6 128.9 126.4 124.3 122.8 126 130.4 134.3 137.6 139.8 141.6 142.7 143.8 142.8 140.2 144.1 153.1 161.9 170.3 177.3 182.3 185.5 187.8 189 190.2 192.1 193.5 193.5 193.2 192.1 188.8 193.6 194.8 195.8 196.4 197 196.3 194.5 193.5 194.8 196.7 197 197.3 197.1 195.8 193.7 193.4 193.4 192.9 191.4 190.1 188.8 188 188 188.5 188 187.3 185.8 182.6 179.1 176.3 174.2 175.4 177.3 178.3 179.6 182 181.9 179.2 174.6
158.5 156.5 152.2 148.3 142.7 140.1 137.6 134.7 131.6 128.5 126.1 123.7 121.3 119.9 121.1 125.5 129.5 133 136.1 138.4 139.3 140 138.6 136.3 139 148.4 155.5 165.5 171.7 176.1 179.5 181.9 183.8 185.2 186.4 188.5 188 187.6 187.4 186.5 188.8 187.6 192.8 193.5 194.1 193.6 192.2 191.2 191.7 193 193.4 192.6 191.7 190.8 190.2 188.9 188.9 189.3 189.4 188.3 187.2 186.3 187.3 188.1 186.2 185.4 182.8 181.3 178 175 173.4 173 174.2 176.2 177.9 179.8 180.6 177.8 175.2 170.4
152.6 149.3 145.3 142 138.9 135.7 132.9 130.3 127.2 124.4 121.8 118.5 116.5 118.3 120.2 124.7 128.7 131.9 135 136.2 135.6 134.3 133 137.6 140 150.1 156.8 163.5 169.5 172.7 175.3 177.4 179.5 181.6 182.6 182.5 182 181 182 185.7 188.7 189.8 186.3 191.5 191.8 190 188.6 187.7 188.9 189.2 188.4 187.5 186.6 185.6 185.5 185.8 186.3 186.6 186.1 185.2 184.5 186.1 186.8 186.3 183.4 180.4 178.6 176.3 173.4 171.8 171.5 172 174.1 176.5 178.5 178.4 176.7 173.4 170.8 168.4
146.4 142.9 139.9 136.6 134.5 131.6 128.8 126 122.8 119.9 117.1 115.1 115.8 117.8 120.2 123.2 126.9 128.1 127.5 127.7 129.9 130.9 136.5 141 146.6 153.6 160 163.8 167.7 169.9 171.8 174.5 177 177.4 176.9 175.3 174.3 177.3 181.2 184.4 187 188.5 187.7 188.8 188.7 186.9 185.5 183.7 184.5 183.8 183 182.3 181.6 181.6 181.5 181.4 181.9 182.7 182.7 181.6 183.3 184.9 184.9 182.8 179.8 176.5 173.7 172.5 170.5 170.5 171.5 173.1 174.5 177.8 178.6 176.8 172.7 169.8 168.3 166.9
141.6 138.3 135.5 132.4 129.8 127.4 124.8 122.2 118.7 115.8 114.1 114.2 115.7 117.9 120.3 120.7 122.4 125.1 128 131.2 132.7 136.7 141.7 145.8 151.7 157.6 162.1 165.6 168.4 170.7 172.8 173.8 173.4 172.4 169.8 169.3 172 177 180.7 182.9 185.2 186.3 187.2 183.2 186.1 184.2 182.4 179.4 178.5 178.3 177.5 177.5 177.5 177.4 177.2 177.2 177.9 178.8 179.1 178.7 182.6 182.7 181.4 178.9 174.9 172.4 170.4 170.1 169.9 171.2 172.2 174.9 176.3 179.1 177.5 173.8 170.1 169.2 167.7 167.6
137.7 133.8 131.1 128.2 125.1 122.7 120.8 118.3 115 113.1 112.7 114.1 116 117.1 118.8 122.4 125.5 128.6 131.4 134.6 137.1 140.6 145.1 150 155.6 160.2 163.6 166.5 169.3 171.5 172.4 171 170.1 167.9 165.9 166.7 171.9 176.1 178.8 180.6 182 183.2 184 184.5 182.3 181.7 178.7 175.8 174.7 174 173.6 173.3 173.3 173.5 173.3 173.9 174.9 176 175.3 177.7 180.2 179.2 176.7 174 171.6 169.3 168.8 168.8 170.2 171.2 173.7 175.7 176.7 176.5 174.2 171.3 169.9 169.7 168.9 168.5
131.9 129.1 125.8 122.8 120.1 118.1 116.2 114.4 112.1 110.9 112.3 114.4 115.1 118.2 121.9 125 127.9 130.9 134.1 137 139.9 143 148 153.3 158 161.3 164.7 167.4 170.1 171 169.9 168.5 166.7 164.8 163.5 164.6 168.3 171.8 174.6 176.2 177.9 180.2 181.4 182 178.3 177.6 174.1 171.4 170.9 171 170.5 169.9 169.4 169.7 171.6 172.9 173 172.8 172.5 175 175.6 174.3 172.2 170.5 168.2 167.5 167.8 168.4 169.6 171.3 174.2 175.5 176.1 175.1 173.2 170.9 170.4 170.2 170.4 171.9
125.8 123.4 119.4 117.5 115.6 113.8 112.3 110.5 108.9 109 111.4 114 117.1 120.6 124.2 127.4 130.3 133.2 136.1 139.4 143.5 145.7 151.5 155.9 159.4 162.3 165.1 167.5 168.7 168.7 167.5 165.6 163.6 161.8 160.8 160.2 162.8 166.4 169.5 172.1 174.3 177.4 179.5 178.6 176.9 173.2 170.7 168.5 168.3 167.4 166.6 166 166.4 169.5 170.6 171.1 170.2 169.4 169.8 170.9 170.5 169.7 169.1 167.3 166.3 167.2 167.8 168.1 169.5 172.3 174 174.8 175 174.4 172.8 171.5 171.2 171.6 175.3 183
121.7 118.6 113.8 110.9 110.7 109.8 108.8 107.2 107.6 109.8 113.1 116.3 120.1 123.3 126.5 129.8 132.7 135.4 138.1 141 145.1 148 151 156.3 160.2 162.6 164.9 166.1 166.1 165.8 164.6 162.1 160.3 158.5 158 158.1 159.1 161.1 164.7 167.4 170.5 173.7 175.5 174.2 172.4 173 167.3 166 165.1 164.1 163.1 163.3 166.3 167.8 168.2 168.4 168.2 167.3 166.4 166.6 165.3 164.4 165.2 166.6 167 168.5 168.6 168.8 170 171.5 172.7 174 174.4 173.3 172.8 172.9 174.4 181.2 187.9 192.1
117.8 113.9 109.6 107.6 106.7 106.3 104.8 106.6 109.4 111.7 115 118.7 122.6 126 129.1 131.6 134.3 137 139.7 142.4 145.1 148.5 153 156.3 159.6 161.9 163.7 164.4 164.4 163.5 161.6 159 156.9 155.7 156.1 157.2 158.4 159.7 161.1 163.3 166.5 169.4 171.1 169.3 167.5 170.6 163.7 162.6 161.8 161.2 160.4 162 164.1 165.2 165.2 165.3 164.8 163.8 163.5 163.3 164.7 165.7 167.6 168.2 170.4 170.6 169.6 169.7 170.4 170.7 172 173 172.7 173.3 174.9 179.9 185.8 190.7 192.4 192.1
114.2 109 106.8 104.7 101.3 102.1 105.9 108.6 110.9 113.2 116.6 120.3 124.3 127.9 130.7 133.2 135.9 138.5 140.7 143.1 146.4 150.7 154.9 157 159.6 161.7 162.4 162.8 162.6 160.5 158.5 156.4 153.9 152.8 155.7 157.6 158.4 158.9 159.2 161 163.3 165.4 166.9 164.9 163 165 159.4 159.3 159 158.9 159.5 162.3 164.3 164.6 164.2 163.2 162.3 161.6 161.9 164.1 167.2 170.2 172 172.1 171.7 171.5 171.5 171.4 171.1 171.3 171.7 172.3 174 178.4 182.6 187.1 189.7 190.7 190.7 190
108.9 105 102.1 100.9 102.8 104.7 107.7 110.7 112.5 114.6 117.9 121.6 125.3 128.6 131.5 134.2 136.6 138 140 144.9 148.8 151.9 155.3 157 158.6 159.6 159.4 159.5 158.8 156.9 155.1 153.2 151.4 152.1 155.9 158.1 158 157.5 157.7 158.4 160.4 162 162.6 161.7 159.3 158.5 161.5 156 157.2 157.8 160.3 164.6 165.6 165.9 163.1 161.6 160.9 160.2 165.3 168 170.9 172.9 173.5 173.2 173.4 173 172.6 172.5 172 171.9 172.6 175.7 177.8 182.2 185.7 187.7 188.7 189.3 189 187.6
103.4 98.1 99.6 102.6 104.4 106.1 108.7 112.5 114.4 116.4 119.4 122.6 125.8 128.7 131.1 133.6 136 137.7 140.8 144.2 147.6 150.6 153.5 155.1 155.8 156.1 154.7 154.7 154.2 153.5 151.8 150 149.4 152.7 156.6 157.4 157.1 156.7 156.4 157.1 157.5 157.8 158.5 157 154.5 153 162 154.6 155.9 157.3 160.1 164.1 164.5 163.3 161.1 160.4 161.3 166.8 169 171.4 173 173.2 173.7 174.2 174.1 173.7 173.2 173 173 172.8 174.5 177.7 180.4 182.8 185.1 186.3 187.1 186.6 186.3 186
96.5 99.1 102.1 104.3 105.8 107.4 110.5 114.4 116.2 118.2 121 123.1 125.6 128.5 131 133.3 136.2 137.6 139 141.5 145.3 147.5 150.3 151 150.6 150.2 149.4 149.3 149 148.4 147.7 144.7 148.1 153.9 156 156.3 156.3 156.1 155.9 155.4 154.6 154 154.8 154.7 153.7 152.3 160.3 153.7 155.2 156.6 158.9 160.6 159.6 156.8 157.9 162 165.7 169.7 171.5 173 172.9 173.3 174.1 174.6 174.7 174.4 173.9 173.5 173.5 173.5 174.6 177.1 179.8 181.9 183.6 184.8 185 185.8 187.4 186.5
98 101.7 104.2 105.7 107.2 109.8 112.8 115.2 116.8 118.6 120.9 123.2 125.7 128.4 130.6 132.9 134.5 135.9 136.8 139.7 142.4 143.4 145.9 146 146.6 145.8 144.4 144.1 137.8 138.8 140.6 142.7 149.8 151.7 153.1 155.2 155 155.4 155.1 154.6 153 151.8 152.6 154.2 154.6 152.3 158.5 152.5 154 155.5 156.4 156 155.2 157 161.5 167.2 170.1 172 173.3 172.6 172.8 173.1 174.1 174.9 174.9 174.9 174.6 174 174 173.9 174.4 176.9 178.5 180.4 182.2 183.8 186.7 188.6 183.5 182.8
99.2 101.9 104.1 106 107.2 109.1 111.8 114.1 116 117.7 120 122.5 125.4 127 129.4 131.2 132.2 132.8 134.9 138.4 140.3 139.8 141.2 142.3 142.3 136.2 133.1 130.6 132.3 133.8 137.3 140.3 147 148.2 147.1 145.9 151.9 154.6 154.2 153.9 151.8 150.1 150.1 152.3 154.7 151.7 156.9 151.4 152.6 153.8 154.2 154 156.4 161.9 166.5 170.4 172.4 173 172 171.9 172.4 173.1 174.1 174.8 174.9 174.7 174.3 174 173.9 173.9 174.5 176 177.6 179.4 181.5 184.6 185 183.2 185.2 187.8
101.2 103.2 106.6 107.6 108.9 109.5 110.7 112.6 114.1 116.2 118.7 121.1 124.2 126.6 128.8 130.3 131.1 131.6 132.8 135.1 136.5 136.6 138.1 135.3 128.3 129 134.8 138.1 141.7 143.2 135.3 136.7 136.4 139.6 141.5 142.1 145.1 152.6 143.2 146.7 145 143.4 147.9 150.7 152.1 150.3 155.4 149.7 150.9 150.8 152.4 155.8 160.7 165.5 169.6 171.8 171.8 171.1 170.5 171.4 172.5 174.8 175.5 175.1 174.8 174.5 174.1 173.7 173.6 173.5 173.4 175.1 177.1 179.6 182.4 182.7 182 186.6 189 190.6
104.2 106.4 107.7 110.1 111.6 111.7 111.5 112.1 113.4 115.7 118.7 121.3 124.3 126.1 128.4 129.4 130.6 130.2 130.4 133.5 133.8 134.7 134.7 126.4 133.4 139 140.4 142.9 145 145.9 147.7 147.7 145.3 145.7 147.6 150.5 151.8 152 150 149.5 149 148.1 147.9 148.4 148.1 148.5 154.6 149.4 151.4 152.3 155.2 159.4 163.6 168.3 170.3 169.7 169.6 169.6 169.7 171.7 174.6 176.4 177.3 176.5 174.4 174.1 173.7 173.3 172.9 172.6 172.6 173.9 177.5 180 180.6 180.4 180.5 185.5 190.1 191.6
105.5 107.5 109.1 110.7 111.2 111.9 113.6 114.9 116.2 118.3 120.2 122.7 124.3 125.6 126.5 127.4 126.7 124.5 121.7 121.8 124.2 128 128.6 127.1 134.8 138 141.5 144.6 146.7 148.5 150.6 151.8 152.1 150.1 150.3 151.8 153.8 152.6 152.5 150.5 149.2 148.5 148.5 150.3 151.2 149.5 154 148.9 151.8 155.1 159.3 162.1 165.2 169.1 168.9 167.9 167.5 168.4 169.9 173.4 176 177.7 177.9 177.5 174.7 173.4 172.9 172.4 172.1 171.8 171.7 173.8 176.3 178 179.1 179.5 180.3 181 185.5 190.3
107.2 108.3 108.2 109.2 109.3 110.5 113.3 115.4 117.9 120.3 122.2 123.6 123.1 124 120.8 116.4 115.4 120 122.7 123.3 122.5 122.7 124.1 131.4 135 138.2 140.5 145 148.4 150.4 152.7 153.6 154.7 153.9 152.4 152 152.5 152.5 152.2 151.1 149.5 149.4 151.1 152.2 152.4 151.5 153.7 150.4 154.8 159.5 162.2 164.7 167.5 168.5 167.3 166 166.4 167.5 171.1 174.3 176.3 178 177.1 175.7 173.4 172.5 171.3 170.5 170.7 171.1 170.9 172.5 174.8 176.7 178.5 179.7 180.2 180.3 180.4 181.9
105.8 103.4 98.6 98.1 99.1 101.6 104.5 110.3 115.8 119.4 120.2 119.9 117.5 117.3 117.8 121.5 125.8 127.7 127.2 129.7 132.2 132.6 133.8 136.8 139.4 141.5 143.6 144.9 149.7 152.7 153.7 154.4 156 155.8 153.7 151.4 150.8 151.1 151.7 151 150.5 150.8 152.6 153 153.3 153.5 153.1 151.7 157.2 161.6 164.3 166.2 167.2 166.8 165.8 165.1 166 168.6 172.1 173.9 174.9 176.3 175.2 173.7 172.7 172 170.3 169.7 169.5 170.3 170.8 171.9 173.9 175.8 177.8 178.8 178.8 178.9 178.3 178.7
97.1 96.8 96.6 100.6 102.9 103.7 103.4 102.9 106.4 109.2 108.5 110.8 115.5 121.6 126.2 129.9 134.6 135.8 134.8 135.6 136.6 137.6 138.3 140.8 142.9 145.6 147.9 149.2 149.8 152.4 154.1 156.6 156.4 156.9 155 153.2 151.2 150.5 150.5 150.2 150.5 153 154.1 153 153.2 153.5 152.8 153.9 157.1 161.2 163.4 164.6 164.8 164.6 164.3 165 167.2 169.8 172.7 173.3 174.3 174.5 173.9 173 172.3 172.3 170.7 169.8 169.7 169.6 170.7 171.5 172.7 174.1 176.2 176.4 176.6 176.3 176.3 178.2
95.7 104.9 111.6 114.8 116.2 117.3 118.3 116.8 114.9 114 117.8 121.9 126.1 129.9 132.5 135.4 138.5 139.8 138.2 137.8 138.3 140.5 142.4 144.9 146.9 148.5 150.3 152 153.1 153.4 154.9 155.2 155 154.5 154.6 150.7 150.9 150.8 151.4 149.4 151.7 154.4 153.9 152.6 152.8 153.1 152.8 154.7 155.9 159.5 161.7 161.8 162.1 162.8 163.9 165.8 168.6 170.9 172.1 172.8 173.1 173.3 172.8 172.3 172.4 172.6 171.3 169.9 168.5 169.2 169.7 170.7 171.5 172.5 173.8 173.6 173.5 173.9 176.3 179.2
111.3 117 120.1 123 124 127.6 129.9 129 128.2 128.1 129.8 131.8 133.5 134.3 135.5 136.4 139.3 140.2 139.3 139.4 140.2 142.7 144.8 147.7 150.3 151.4 153 153.7 154.7 155.5 155.2 154.6 154 154.2 150.2 149.8 149.6 149.5 148.7 148 150 153.4 153.8 152.3 152.2 152.3 156.2 155 154.9 157.9 159.4 160.4 161.1 161.9 164.1 167.5 169.1 169.9 170.3 170.2 170.9 171.7 172.6 172.3 172.7 172.3 170.4 168.5 167.3 167.4 168.3 169.6 170.2 170.3 171 171.1 172.2 174.7 177.4 178.3
118.5 123.2 126.1 128.4 130.3 132.6 134.6 135.6 136.2 137.2 137.8 136.5 136 136.4 136.7 137.1 137.5 138.1 138.6 140.5 142.2 143.6 145.9 149 150.9 153.8 154.7 156.4 157.2 157 155.6 154.3 153.8 154.1 150.4 149.1 148.5 147.4 146.7 146.1 147.8 150.1 150.9 151.1 151.4 152.6 151.4 152.2 154.1 158 158.6 159.8 160.8 163.1 166 167.8 168 167.6 167.9 168.2 169.3 171.2 171.8 171.1 170.4 169.9 168.1 167.9 166.8 167.3 167.8 168.4 168.4 167.9 168.7 169.9 172.9 175.2 176.1 177
