public/OST50/SN52.asc
ncols 200
nrows 200
xllcorner 250000
yllcorner 220000
cellsize 50
[rows 72 to 107 of 200, columns 0 to 82 of 200]
278.5 274.1 266.4 238.5 206.9 182.8 162.9 147.4 148.3 162.1 181.8 193.8 198.5 201.6 203.9 205.4 205.6 204 200.7 196.7 190.8 182.2 170.9 156.8 132.5 118 109.4 118.8 125.7 131.9 144.2 153.6 161.6 172.2 180.9 187.5 193.5 198.2 201.6 203.7 204.4 204.4 203.6 201.3 197.8 192.9 187.2 172.4 151.8 149.2 160.4 170.1 171.7 169.6 162.6 146 128.1 114.1 102.6 89 75.4 66.3 58.7 53.6 49.8 37.1 44.2 52.5 55.7 58.8 64.2 72 81.8 96.9 112.6 126.8 138.7 149 155.9 160.9 162.8 165.8 166.2
274.4 270.4 263 236.8 204.1 180.8 159.4 144 145.8 156.1 172.4 184.9 190.5 196.8 200.6 202.6 202.5 201.3 197.6 193.5 186.7 177.2 165.9 153.3 133.9 118.8 111.9 113.6 120.8 133.3 142.5 152.1 162.9 173.7 181.2 187.7 193.2 197.6 201 202.7 203.4 203.6 203.1 200.9 197.4 192.5 187.8 181.3 161.2 143.7 145.6 159.2 167 170.9 170.6 165.9 145.8 130.8 115.6 102.5 88.4 73.7 65 58.7 50.9 37.2 43.9 53.8 55.3 56.2 60.5 66.6 74.5 85.1 96.5 111.3 126.7 135.8 144.6 149.4 153.5 154.5 153.8
269.7 263.9 257.6 240.8 207.6 180.6 157.8 141 140.2 147.6 160.2 173.2 183.3 191.9 197.1 199.7 199.9 198.2 194.9 190.8 183.3 173 161.7 149.3 134 121.7 111.4 110.8 114.9 130.3 138.6 148.6 160.5 171.5 179.8 186.8 192.1 195.8 198.6 200.1 201 201.6 201.3 199.5 195.4 190.5 187.2 181 166.1 143.7 135.8 146.2 162.4 169.6 174.6 173.6 165.6 149.9 129.7 118.5 101.5 89.7 75.3 64.6 55.6 41.9 43.6 54.1 54.7 54.8 57.4 61.8 67.1 75 83.1 99.3 113.1 124 132.3 138.7 141.6 141.2 139.4
265.2 258.7 250.5 237.1 215.4 188.5 164.9 146.2 133.5 137.7 147.5 161.5 174.8 187.9 194.3 197.6 197.9 196.1 192.8 186.4 178.5 168.6 159.3 148.9 136.3 128.3 118.8 105.1 109 119.4 128.4 145.4 157.7 169 176.9 183.7 188.3 192 195.1 196.9 197.6 198.5 198 195.5 191.8 189.3 186.2 175 154.2 136.7 131.9 139.5 154.8 168.4 174.6 175.4 170.7 161.5 148.9 137.6 122.1 105.6 91 75.8 59.5 42.7 42.4 52.4 53.2 52.9 55.1 58.6 62.9 67.6 75.8 87.2 100.2 112.7 120.3 123.8 124.3 122.6 121
258.9 250.8 241.9 231.1 218.7 203.4 173.8 152.1 131.4 131.2 135.6 153.6 174.5 187.1 193.4 196.2 196 194.3 190.4 184.2 175.8 167.2 157.2 150.7 144.9 141.1 127 108.3 102.9 109.9 122.8 142.7 154.8 165.8 173.5 179.5 184.3 188 191.4 192.5 193.4 194.3 193.1 190.6 188.6 186.3 180.3 160 142.8 129.9 126 134.9 153.9 165.8 171.6 171.6 169 162.8 155.6 147.6 136 121.6 106.3 88.2 66.7 42.4 36.7 47.5 51.6 51 54.1 57.3 60.9 64.3 69.9 81.6 94.5 104.3 109.9 111.9 109.5 106.7 107.1
248.8 242.6 234.8 229 219.3 203.6 179.3 155.8 137.3 126.5 127.8 142.6 162.1 182.3 188.3 191.1 192.6 191 188.3 182.9 177.4 168.2 160.9 156.9 152.7 147.9 132.2 111.9 104.6 103.6 113.7 136.2 150 161.1 169.9 175.1 180 183.5 186.5 188.1 188.6 188.9 187.8 186 185.2 181.4 167.2 146.7 131.1 125.5 123.2 137.2 154 162.8 167.3 167.6 165.8 160.6 154.3 147.8 139.3 128.2 114.3 97.9 81.7 51.6 39.4 42.3 47.3 50.9 52.6 55.5 58.1 61.8 66.1 77.7 88.8 96.8 100.1 101.3 97.8 95.3 93
242.9 236.5 232 224.7 214.2 199.3 183.8 161.4 140.7 127.5 124.1 132.7 148.8 168.4 179.7 186.2 189 188.8 186.9 182.8 177.3 170.7 167 163.6 158.2 151.1 136.5 116.4 104.7 101 106.6 125.3 143 154.3 164.2 170.4 175.6 179.5 182.5 183.8 184.3 183.4 182.4 181.9 181 175.8 151.8 132.1 124.2 120.5 125 140.2 154.1 160.8 163.7 164 160.8 156.3 151.2 145.7 137.6 128.4 116.2 103 87 72.2 43.4 40.7 42 49 51 53 56.4 60.5 63.9 70.2 83.9 87.9 90.8 89.3 85.9 85 79.6
238.6 233.5 227.3 217.4 206.4 196.4 181.8 161.7 147.7 131.1 121.3 124.3 137.9 155.2 172.7 183.3 187.9 187.7 185.8 183.1 179.7 176.3 171.4 165.9 160.6 152.2 139.5 117.8 105.1 100.9 101.9 113.8 122.6 134.1 153.6 163.2 171.8 177 179.2 181.2 180.1 178 177.5 177.5 175.5 162.6 141 124.1 119.9 116.1 127.4 144.1 153.6 157.9 160 158.2 155.8 152 147.5 141.6 134.5 125.8 115 102.4 88.3 75.8 63.2 43 40.4 42.9 49.8 51.2 54.1 57.4 61.3 67.5 76.2 79 77.8 74.8 72 69.7 69.2
233.1 228.4 220.8 210.1 200 191.4 183.3 174.9 160.1 139.2 124.3 115.6 127.7 144.4 165 180.7 185.5 186.5 186.3 184.5 182.5 178.1 173 166.8 159.7 150.7 138.9 121.4 104.4 100.7 97.4 107.7 131.2 149.8 163 171.1 178.3 181.2 182.5 181.3 178.8 173.5 166.1 165.3 160.7 145.4 129.2 116.9 116.2 111.6 130.8 143.8 150 153.2 154.1 152.8 150.6 148.7 145.8 139.2 131.8 122.3 112.1 99.7 88.2 77.4 66.2 60.1 41.3 40.4 46.7 49.9 52.1 54.7 57.9 62.7 65 67.4 65.5 62.2 66.4 72.7 79.8
226 219.4 212 202.7 194.8 190.4 184.6 174.1 162.8 147.8 126.4 117.4 121.5 136.4 157.6 177.9 184.2 186.1 186.6 185 181.8 177.9 171.1 164.8 156.5 147.4 136 121.1 106.2 100.6 97.2 104.2 124.9 147.4 162.1 171.8 178.6 182.2 182.8 181.5 177.5 168.1 149.1 144.4 140.8 132.5 118.8 113.3 111.2 113.2 129.6 138.6 144.5 147.9 149.4 148.9 147.1 145 141.7 135.3 127.3 118.5 108.5 99 88.8 79.4 70.5 63.2 55.4 35.5 41.9 46.7 48.9 50.3 50.7 55.1 55.1 57.6 62.1 67.5 72.9 80.7 89.5
217.3 211.5 205.1 197.6 188.8 184.5 178.7 168.7 159.3 143.2 126.7 115.6 116.8 133 153.5 175.8 182.4 184.9 185.5 184.1 180.6 176.5 170.1 162.9 155.1 145.9 134.4 120.9 108 98.8 95.9 101.3 117.9 139.9 158.6 170.3 178.6 183.4 183.5 181.8 178.1 169.6 153.6 134.2 122.7 117.8 111.1 109.2 107.4 111.6 124 133.6 138.8 142.5 144.8 145.1 142.9 139.4 136 131.6 123.3 114.7 105.9 96.7 87.3 78.7 70.7 64.8 56.1 40.5 41.7 42.9 46.8 51.9 53.3 53.7 57.9 61.8 66.9 71.9 80.1 89.9 100.4
210.7 205 198.8 192.6 184.2 176.5 171.3 161.7 152.2 134.3 116.7 112.7 118 132.9 155.8 172.6 181 183.9 183.6 181.5 178.6 174.8 168.1 160.6 154.1 143.8 131.7 119.9 105.4 95.7 93.6 99.1 115.7 139 159.1 169.9 178.8 184 184.1 182.2 179.8 174.3 163.8 146.7 126.3 112.7 108.4 104.8 103.9 108.2 117.1 128.7 133.9 137.6 140 140.3 137.8 134.4 132.1 126.5 117.8 109.1 100.8 93 84.4 74.6 69.5 63.9 52.8 42.4 35.3 41.3 44.2 50.6 55.3 59.1 62.3 69.4 74.8 83.5 93 102.8 111.4
205.1 199.7 195.5 190.7 184 174.6 152.3 147.1 138.8 122.4 111.9 106.9 118.1 133.3 156.7 172.1 178.6 180.9 179.4 177.4 173.6 169.5 163.2 156.3 147.8 137.5 125.6 110.8 96.3 93.5 93.6 100 115.6 142.6 160.2 172.2 180.4 184.7 184.5 182 178.7 173 164.7 154.6 139.5 120.6 106.8 102.3 100.6 104.7 110.5 122.4 128.4 131.5 133.2 132.5 131.2 131.1 129.2 123.9 115.1 105.8 96.5 88.9 80.1 72.1 66.4 59.5 52.4 41 34.9 40.5 42.8 45 57.5 63.5 69.3 76.6 82.9 91.8 99.3 109.5 116.8
198.9 195 192.4 188.5 184.4 176.3 164.4 144.9 120 111.8 107.4 111 119.8 134.1 156.7 168.8 173.9 175.9 175.7 171.5 167.4 163 157.5 150.2 140.7 129.2 113.2 96.8 92 90.6 93.6 101.7 119.4 145.4 159.4 170.8 176.1 178.3 178.6 176.8 173.3 168.8 161.5 153.3 143.2 130.5 108.9 99.6 98.8 101.8 104.7 116.3 123.2 125.8 127 126 126.2 126.9 125.2 121.9 116.7 107.5 96.3 86.1 77.7 68.9 63.1 52.6 41.7 40.7 34.9 40.9 42.5 42.8 55.9 65.4 69.7 76.8 86.3 96.5 106.4 113.1 115.2
192.6 190 189 186.8 182.3 174.5 164.3 144.2 122.4 107.6 102.5 111.4 124.8 141.3 157 166.2 169.9 171 170.3 166.8 162.9 157.6 150.4 141.5 131.8 116.2 100.3 90.2 87.4 90.7 95.9 106.6 129.2 147.6 159.5 167.8 171.7 172.7 172.8 171.3 169 164.4 157.6 150.2 142.6 132.5 115.6 94.9 96.4 98.1 100.6 110.5 117 119.5 119.9 119.1 120 121.4 120.2 119 115.1 107.8 97.5 87 75.4 64.9 58.9 41.7 40.9 40.6 34.9 41.4 41.5 42.9 50.3 63.6 70.6 78.6 87.2 97.9 106 108.4 106.3
183 181.9 183.8 183.2 178.3 171.1 160.9 139.5 116.4 102.2 103.5 111.3 125.3 142.7 155.6 162.1 165.1 164.9 165.7 162.9 158.3 151.4 142.3 133 120.4 103.9 90.8 85.1 84.4 92.2 99.3 116.4 138.6 152 161.3 166.2 168.1 168.9 167.9 166.2 163.4 159.9 154.2 148.4 141 131.9 118.3 94.9 94.5 94.6 96.4 103 107.2 109.4 111.1 111.6 113 114.4 114 112.6 109 102.4 93.2 82.2 70.5 58.2 52.1 40.2 40.2 39.6 39.1 41.2 42.1 42.5 47.3 60 67.8 78.2 88.5 94.2 96.1 91.9 94.1
175.2 174.3 180.4 179.1 174.2 167.4 157 136.9 115 100.8 102.1 107.9 118.4 135.6 149.1 155.5 159.8 162 162.3 160.3 155.1 146.8 130.6 118 107.7 95.4 86.6 85.8 89.5 94.1 109.8 132 144.2 155.2 161.2 164.2 164.4 164.6 163.8 162.4 159.9 156.6 150.8 144.6 138.1 125.3 116.3 100.1 89.5 91.8 91.8 94.7 96.1 98.1 100.3 103.7 104.5 106.5 107.8 107 103.7 97.6 89.3 78.6 64.8 52.5 39.8 39.8 39.3 38.2 45.4 43.2 43.1 43.6 47.3 57.4 64.5 73.3 80.4 81.6 80.9 85.1 88.6
162.9 170.1 174 173.2 168.7 162 152.2 138.1 116.1 99.1 101.9 104.3 111.7 128.2 141.3 149.4 156.5 160 160.3 158.3 153.3 141.1 127.4 108.3 97.1 88 82.9 86 89.6 103.5 121.5 133.8 144.9 152.3 156.5 158 157.9 157.8 158.1 158.6 157.4 151.9 145.4 140.3 134.5 124.6 114.3 99.8 86.9 88.7 88.8 88 87.1 87.2 88 90.6 96.5 99.6 102.5 101.4 97.8 91.8 84.5 74.7 63.4 42.6 38.3 38.2 38.2 42 56.2 49.8 43.6 44.3 53.1 58 61.2 71.1 74.1 74.9 77 80 85.7
153.5 164.5 167.8 167.6 163.5 157.4 148.9 138.9 122.8 101.5 96 100.1 106.1 119.5 134.9 147.5 155.1 158.2 158.9 156.7 151.5 142.7 128.6 108.9 92.5 79.4 83.4 87.9 98.4 115.6 127.3 137.5 143.2 147.4 150.1 150.6 151 152.1 154.1 153.6 150.6 145.1 140.9 136.6 129.8 121.5 110.2 98 84.2 85.7 86.1 85.8 84.8 81.8 79.4 83.6 92.2 95.4 97.3 95.5 91.8 86.3 77.9 68.7 49.5 32.7 39.2 40.6 42.8 54.3 55.7 55.7 52.3 50.6 51.8 55.9 59.2 63 67.8 70.2 73.7 78.9 87.3
148.9 158 161.6 160.5 157.6 153.2 146.8 139.1 130.5 107 90.4 94.6 98.4 109.4 128.6 144.6 152.6 156.7 158 155.9 150.2 141.4 127.7 103.6 85.9 81 84.1 89 109.1 121.3 128.7 135.1 138.3 141.3 143.1 144.1 145.5 147.2 148.4 148 144.6 140.8 136.8 131.4 123.7 115.1 105.2 96.4 81.9 82 83.3 83.3 83.5 82.1 77.1 75.5 80.1 91.4 91.6 89.6 85.7 80 72.6 62.8 38.4 39.3 39.4 51.9 57.9 60.4 59.4 57.7 55.4 53.8 53.6 53.2 57.4 60.7 64.4 67.4 72.5 81 89.9
143 150.6 153.5 154.1 152.5 149.9 144.1 137.4 130.9 117.2 97 91.1 93.7 104.6 122.7 141.5 151.6 157.9 159.6 157 149.4 139.6 124.2 100.7 79.7 81 84.7 94.7 110.5 118.6 123.9 127.4 131.3 133.4 135.4 135.6 138.6 141.3 142.3 142 138.3 134.6 130.9 124.9 117.5 109.8 101.9 95.3 85.8 78 80.1 81.1 81.4 80.8 78.2 72.9 75.2 83.5 86.5 83.5 79 73.5 67.6 41.6 33.9 39.1 39.3 56.8 60.5 63.3 61.2 58.3 56.3 55.2 55.6 56 56.7 58.2 61.2 69.2 77.7 86.2 97.4
135.2 140.8 141.6 144 145.5 145.2 141.9 135.8 129.2 120.9 100.8 85.1 88.6 96.5 117.8 137.7 150.8 157 156.6 152.2 145.2 135.6 120.4 95.3 76.2 80.7 85.3 96.2 107.2 112 116.9 119.3 122.3 123.7 125.3 128.2 131.5 135.1 136.4 135.3 132.6 131.3 127.2 120.6 114.4 107.7 100.4 95.5 85.5 74.7 76.7 78.2 79.1 78.8 77.8 72.7 71.3 73.7 77.9 76 73.2 69 54.3 36.9 38.1 39.2 52.5 58.5 61.3 62.8 61.7 58.5 54.9 55 55.2 56.2 57 63.7 71.4 77.9 86.3 94.4 103.8
126.5 126.8 125 124.7 129.9 137.4 137.2 132.1 126.6 120.4 100 89.2 84.3 89.1 113.1 133.8 144.8 149.3 149.3 145.2 139.1 129.9 116.3 88.7 75.1 83.2 85.8 94.4 102.3 105 107.3 108.4 110.2 113.3 117 120.5 123.4 126.5 130.6 130.6 129.8 129.7 125.4 119.7 115 110.2 103.1 96.4 86.4 75.7 73.1 75.5 76.3 76.6 76.3 71.6 68.2 68.3 71.8 71.1 68.5 64.2 45.5 33.7 38.4 49 55 58.5 61 62 60.8 59 55.7 55.1 54.8 56.8 64.8 74.8 85 94.5 101.4 105.1 110.2
123 121.3 118.9 117.3 116.6 123.5 126.3 124.8 121 116.2 99.3 87.3 85.3 83.8 109.9 129.6 137.5 140.8 141.2 138.3 132.9 124.5 111.8 85.6 76.5 86.2 87.9 92.6 94.7 92.7 90.6 94.6 99 106.4 109.1 113.5 116.8 117.2 117.7 121.5 122.4 122.4 122.6 120.8 116.2 110.8 102.9 92.7 83.6 74.6 71 73.2 73.9 73.7 73 69.1 66.1 64.5 65.7 65.6 63.4 59.8 40.9 37.6 38.8 45.5 54 57.9 59.2 60.4 60.6 58.6 57.1 55.1 55.5 59.4 70.1 81.6 91.3 99.5 106.6 113.7 120.5
131.5 124.5 118.6 113.2 109.7 112.6 116.3 116.4 114.7 110.9 95.2 85.7 83.7 82.6 106.7 124.9 131.8 134.7 134.8 132 126.3 118.4 105.6 87.1 73.8 81.3 82.4 79.9 80.9 82.6 91.6 100.4 96.7 97.4 101.9 108.4 119 123.7 126 128.9 130.1 129.2 127.3 122.3 116.9 110.5 101.8 91.8 81.2 73.4 68.2 71.1 71 69.9 68.1 65.8 64.9 63.2 60.5 61.1 61.3 58.8 44.3 37.5 38.8 45.4 52.9 56.5 57.8 58.7 58.9 58.3 57.1 54.8 55.3 61.4 74 87.2 98.9 108.1 114.6 119.4 121.4
143 137 131.3 123.7 109.7 103.8 108.9 109.3 110.2 108.6 94.1 83.6 81.8 81.2 103.5 120.8 127.2 129.9 128.8 125.4 120 111.9 100.8 86.6 70.9 74.1 77.4 82.3 92.3 100.1 105.8 110.4 114.2 116.3 123.3 129.4 133.6 138.1 139.3 139.5 139.1 135 129.2 122.2 116.5 108.8 100.9 92.4 79.6 74.7 72.6 58.5 66.4 66.2 65.5 64.1 63 61.3 60.3 58.1 56.8 46.3 41.9 37.6 38.3 50.1 52.4 54.5 56.3 57.1 57.8 57.4 56.4 53.7 55.9 64.7 81.1 95.4 106 112.7 117 118.6 117.1
154.6 148.5 143.2 130.9 117.7 98.3 101.2 104.1 105.6 104.6 96.4 82.1 80.7 80.1 101.2 116.1 121.9 123.6 122.5 119.1 113.3 105 93.8 85.1 70.6 74.5 79.5 87.4 96 103.4 110.5 116.6 122.3 129 136.1 141 144.9 147.2 146.5 144.5 140.8 135 126.8 121 115.7 105.7 94 95.4 94.8 91.6 87.1 80.4 72.7 59.1 54.2 61 59.9 59.3 58.5 53.7 45.8 41 38 38.9 39.4 52.3 53.4 53.7 54.4 55.4 55.7 55.2 54.1 53 57.1 75.1 87.6 100.6 108.6 112.9 114.2 113.8 111
163.7 157.6 150.2 139.4 124 105.1 95.8 98.3 99.6 99.4 95.5 81.3 79.2 73.9 98.1 112.4 117 117.6 116.2 112.8 106.6 99.2 89.6 76.7 70.3 78.1 80.3 89 98.4 107.7 115.8 123.4 131.1 137.7 142.5 147.1 150.5 151.3 151.5 147.7 142.6 132.7 125.5 120.6 116.4 111.4 109.2 107.9 106.9 103.8 99.6 94.9 89.3 83.6 76.2 57.5 45.1 44.7 48.9 43.5 42 39.9 36.1 37.6 43.8 52.6 53.7 53.7 53.4 53.5 53.3 52.3 51.9 52.4 62.4 82.7 93.3 102.4 107.5 109.3 109.2 107.3 103.9
167.4 160.8 153.2 141.5 127.1 113.1 90.6 93.5 94.3 93.6 91.8 81.5 77.2 74.8 95.9 107.6 111 111.2 110.3 106.9 101.3 93 83 70.9 74.7 78.9 82 90.8 101.6 112.2 120.8 128.7 135.4 141 147.1 152.5 156.1 157.5 155.6 151.2 144.3 134.7 128.5 125.8 121.5 117.8 118.6 117.8 116.4 113.1 109.3 105.3 101.1 95.1 90.1 81.4 68.4 44.3 40.5 39.3 38.9 38.2 32.9 39.6 50.1 52.5 53.3 53.8 53.7 51.9 50.7 50.3 49.2 51.9 67 86.7 95.9 102.2 104.3 104 103.4 99.6 93.9
169.4 160.1 150.8 139.4 125.4 111.6 96.7 85.8 87.2 87 85.6 82.5 74.3 76.4 92.5 102.3 104.8 105.5 104.2 100.7 94.5 85.5 75.2 68.2 75.2 79.7 83.4 92.8 104.2 113.9 121.8 129.1 136.4 144.4 151.3 156 158.6 159.1 158.3 154.3 148.4 140.4 135.3 132.5 129 125.4 126 125.1 123.5 120.3 116.9 112 106.8 101 95.6 89.2 81.1 63.2 39 38 37.9 37.5 38.7 50 50.4 50.9 51.8 53.6 51.8 49.7 47.9 47.3 47.6 53.3 73.3 88.5 95.6 99.4 100.5 98.4 95.2 90.8 84.5
168.3 158.2 147.2 131.4 117.3 109.5 101.2 90.7 79.9 82.3 80.8 84.3 75.5 72.2 87 96.4 99 99 98 93.6 85.7 77.7 70.7 67 74.7 78.1 84 93.3 103.7 112 118.9 126.1 135.6 143.2 150.4 156.2 159.5 161.9 161.3 157.8 152.2 146.3 141.4 138 134.6 133.6 132.2 130.6 128 123.7 118.4 113 107.7 102.4 97.7 91.9 84.1 67.8 36.6 36.9 36.3 32.3 51.3 50.4 49 49 51.1 50.8 49.1 47 45.3 44.4 46.9 62.1 80.4 88.1 91 92.6 92.4 89.9 85.3 79.7 72.9
165.3 152.5 135.6 121.6 109.6 100.8 94.7 88.7 79.3 75.2 76.7 80.2 80.1 64.7 79.3 88.5 91.7 92.2 90.8 84.5 77.9 71.5 67.2 65.4 71.4 76.7 82.3 88.2 93.7 100.4 109.7 124.4 136.8 146.4 153.6 158.1 161.8 164.4 163.3 160.4 156.1 151.5 146.3 142.9 141.5 138.7 136.3 132.2 127.8 122 115.6 109.6 104.5 99.3 94.8 89.6 81.7 66.4 40.1 36 33.7 37.5 39.2 46 46.4 47.5 49.6 47.7 45.3 43.9 42.5 41.8 53 72.7 80.4 85.5 86.8 85.8 83.8 79.5 73.9 66.5 65.5
161.6 141.9 123.5 112.3 108.4 104.1 100.9 96 89.2 82.2 71.3 74.9 78.1 69 75.1 79.4 83.2 84.5 82.2 77 70.5 68 65.7 69.7 73.7 78 81.4 88.6 97.3 107 119.9 132.1 142.9 151.2 157.4 162 165 166.9 166.8 164.2 159.9 156 151.4 147.2 144.1 142.2 137.9 132.2 126.1 116.9 109.3 103.2 98.9 95.1 91.3 85.3 75.6 57.1 53.4 50.5 33.6 36.8 37 36.8 37.4 41.3 42.8 41 41.9 40.7 40 47.8 63.9 74.1 78.9 81.4 80.5 77.8 73.3 66.9 62 62.8 62.7
142.5 131.3 121.1 117 117.6 116.2 113.8 110.7 105.1 94.3 77 70 65.6 64.2 64.4 72.2 76 77.2 75.1 70.6 66.4 62.5 64.7 71.3 77.8 84.1 92.5 101.3 110.7 121.5 132.9 145.1 153.6 158.6 161.7 165.4 168.1 169.7 169.5 166.8 161.9 157.6 154.4 150.7 147.5 141.6 135.4 124.7 112.5 103.6 97.4 92.6 88.8 86.9 85.9 82.4 66.1 57.6 64.1 59.7 54.3 41.6 30.4 34.6 36.1 36 35.8 35.7 37.6 36.1 40.6 52.3 67.1 74.4 76.2 75.4 71.2 66.4 62.9 61.9 60.1 59.8 60.2
140.2 126.4 125.9 127.2 128.3 128.3 128.6 127.4 120.6 106.4 86.2 76.1 77.2 77 65.8 65.2 69.3 70.9 69.3 64.7 58.6 60.7 72.3 78.2 86.2 95.3 106.2 119.4 130.8 139.8 148.1 155.3 160.3 163.7 165.4 168.2 169.9 170.5 169.4 165.2 160.4 158 155.6 151.8 144.6 136.1 124.3 106.2 99.6 92.1 86.4 80.6 74.8 71.4 71.8 72.6 64.5 61.7 64.9 60.3 53.1 47 40.3 38.3 30.2 36.1 35.8 35.5 35.7 35.6 39 60.5 68.2 71.5 71 67.3 62.1 59.3 59.4 58.8 58.2 56.2 60.3
140.8 135 138.1 140.2 142.4 144.4 144.4 141.2 134.1 119 96.7 80.8 76.7 74.6 72.4 57 65 63.3 62 57.7 64.9 70 81 88.6 98.7 108.3 119.4 130.1 140.7 148.6 154.7 159.7 162.8 165 166.8 168.7 170.2 170.8 168.9 163.2 159.4 157.6 153.6 148 141.4 127.9 110.3 96.3 91.8 87.2 81.5 81.5 79.2 77.2 72.2 64.7 63.9 64.5 63.1 58.3 52.3 45.9 40.4 38.6 35.7 30.7 33.8 35.8 35.3 35.3 45.2 63.7 67.5 67.6 63.4 57.8 55.5 56 56.5 56 54.8 58.3 69.2
