public/OST50/SN52.asc
ncols 200
nrows 200
xllcorner 250000
yllcorner 220000
cellsize 50
[rows 0 to 35 of 200, columns 0 to 82 of 200]
120 124.2 125.7 122.7 120 118.1 117.5 116 100.6 100.3 99.4 105.2 116.7 127.3 131 132.4 134.6 137.8 139 138.8 138.8 137.4 136.7 137.3 134.8 129.3 124.8 118.6 112.2 105.2 103 99.1 92.5 89.9 86.1 80.9 80 78.6 75.3 77.2 79.6 83.3 84.7 85.9 86 84.4 79.6 82.2 84.2 88.6 91.8 95 97.3 98.8 99.5 97.6 96 97.1 95.6 91.8 90.5 90.4 89.9 88.1 85.5 81.6 76.6 73.6 67.6 61.4 53.9 57.4 59.6 87 107.8 120.8 135.2 150.7 166.9 171.2 180.2 195.8 210.2
119.6 117.6 113.1 109.6 110.8 108.9 107.9 107.2 109.5 108.8 104.4 98.8 102 117.4 130.2 130.3 129.5 129.4 130.4 127.6 125.7 124.3 121.1 121.8 119.4 116.7 111.5 106.9 98.4 92.9 90.9 86.1 83 81.8 80.9 81 79.2 87.6 83.6 86.9 90.1 91.2 91.3 90.5 90.4 87.9 86.2 88.6 88.8 96.4 101.8 105.8 107.8 111.4 108.5 106.9 105.6 105.7 105 105.5 108.2 109.5 108.9 105.8 100.6 95.4 83.9 70.7 60.7 53.9 57.2 58.4 74.6 88.2 109.9 127.8 146.2 165.6 182.8 186.4 188.9 204.6 209.6
125.1 122.7 120.5 118.9 119.4 120.7 122.6 124.2 126.5 124.3 116.1 104.3 98.8 103.1 120.5 123.5 117.5 117.3 117.9 115.8 110.7 110.9 108 105.7 103.7 100.7 96.7 93.4 87.2 82.7 82.1 83.3 82.3 82.9 89.2 86.8 95.2 95.1 94.5 96 95.8 97.5 95.8 95.3 97.5 95.2 93.4 97.9 101 109.8 114.8 119.1 118.2 119.7 118.2 117.3 114.1 115.9 121 123.9 126.3 127.7 128 123.8 120 107.5 85.3 63.5 57.4 56.2 58.4 70.9 76.7 84.1 108.6 135 156.4 179 192.9 198 201.7 203.8 204.3
133.8 132.7 131.5 130.4 131.3 132.5 134.9 138.2 141.7 142 132.6 117.3 103.9 98.1 107.5 112.2 103.9 93.6 93 96.1 95.4 94.5 93.3 94.2 89.6 88.3 85.9 86.2 86 87.5 90.2 97.1 104 102.5 109.8 109.2 108.3 105.6 105.4 108 109.6 111.6 110.3 109.9 109.3 96.4 100.5 105.4 111.7 125.7 129.5 127.5 125.9 126.3 127.7 127.5 129.4 132.7 135.2 138.4 141.6 143.5 143.7 142.4 133.2 111.7 89.4 62.4 56 56.2 66.1 69.8 74.1 80.6 107.2 137.9 162.7 184.3 191.6 193.5 196.6 196.2 192.5
151.2 150.7 149.9 150.8 152.5 156.9 161.2 158.4 156.9 155.4 144.3 129.4 113.7 101.3 95.4 98.3 96.2 97.2 97.4 93.9 92.3 92.2 91.2 89.5 89.3 88.7 91.1 94.6 94.9 99 105.7 112.7 110 109.9 114.7 119.3 118 118.4 120.4 123.1 124.6 123.9 123.7 120.1 112 104.6 107.9 111.4 116.6 128.5 134.5 134.6 134.2 135.8 137.1 138.8 143.2 146 149.3 152.2 154.7 156.3 157.9 157 143.7 126.6 109.1 73.4 53.9 56.4 56.1 56.5 63.3 75.9 99.5 132.6 156.1 171.6 173.3 174.8 179.3 175.8 173.8
172.1 174.8 174.3 175.2 179.8 178.5 176.1 170 167.4 162 152.1 139.9 127.2 113.3 104.2 98.3 98.5 99.1 100.8 106.1 105.9 104.5 103.6 103.3 102.7 103.2 102.9 107.5 109.7 113 115.8 115.9 115.1 116.7 123.3 128.9 131.7 134.1 135.7 136.3 134 130.1 125.3 119.5 107.7 112.2 113.7 117.5 123.4 132.3 138.7 143.8 146.2 146.1 146.6 150 154.4 158.5 162.5 165.9 170 171.5 169.3 165.5 160.8 148.2 131 99 65.8 53.9 53.9 53 52 62.6 88.4 119.2 132.7 140.2 145.2 148.4 153.1 154.2 156.7
195.6 193.6 194.7 191.8 187.7 182.8 178.3 173.2 170.3 164.5 156.5 146.5 136.1 127.2 119.3 117.5 108.7 100.4 105.2 109.3 109.1 108.6 109.2 110 111.2 112.9 115.2 118.5 123.6 123.5 122.6 121.5 125.5 130.8 135.1 137.8 140.5 141.1 141.3 138.2 135 129 121.9 116.7 111.2 115.4 116.6 122 126 135.6 142.6 149.8 154.8 155.1 161.3 166 169.3 174.2 180.1 183.2 186.6 188 188 188.2 182.9 168.1 151.1 114.3 98.5 101.9 86 76.5 60 52 72.7 97.4 112.4 117.2 121.8 127.1 135.8 141.7 146.3
209.3 205.4 198.3 191.4 185.7 180.7 176 170.6 165.7 160.5 153.9 146.4 137.9 131.4 125 120 112.2 102.8 108.7 116 116.7 118.5 119.9 121.2 122 123.5 126.7 130.1 132.5 136.6 138.5 142.5 144.9 147.7 151.3 150.6 147.8 145.4 142.3 137.6 132 123.9 122.6 117 118.7 118.9 123.7 124.5 130.6 133.8 142.5 153 161 167.8 173.9 179.2 186.6 191.8 194.6 198.7 201.9 203.9 206.1 209.2 204.6 191.5 167.2 148.4 146.5 137.2 117.2 96.9 69.4 56.2 54.5 78.7 96.2 102.5 107.7 114.1 123.4 126 130.7
207.8 201.5 193.4 186.8 180.8 175 168.4 162.5 157.8 152.6 146.2 138 128.1 119.7 113.9 108.8 107.5 106 118.4 124.5 127 129.8 131.7 133.9 136.4 140.9 145.2 149.1 153.5 159.9 160.2 159.3 157 155.6 156.4 154.3 151.5 145.9 141.9 137.4 131 128.5 125.8 124.1 122.9 123.1 124.1 128.6 132 136.8 143.5 158.2 168.4 175.3 184.6 194 199.3 203.8 208.3 212.3 215.6 219.4 222 222.5 221.2 213.8 197.3 189.7 179.2 160.2 131.8 105.1 78 62.4 52 65.2 81.6 85.4 81.4 91.5 105.4 117.7 133.8
198.5 189.6 181.7 175.9 169.3 163.4 158.3 152.7 146.9 140.2 133.2 126 119.2 123.9 124.3 124.3 120.4 107.9 123.7 134.5 147.4 152.4 154.6 156.8 162 164.4 166 170.1 172.9 174.6 174.3 171.3 163.5 160.9 158.7 155.7 152.5 147.8 137.9 136.4 134.2 131.5 130.5 127.3 125.7 125.3 126.5 130.3 131.8 141.3 145.6 157.6 174.4 184.1 194 201.7 208.6 214.3 219.7 224.6 229.8 233.2 233 232.2 233.2 229.7 225 217.3 197.3 170.5 140.7 115.4 87.7 67.9 58 55 72.1 76 96.8 110.4 123.6 129.5 126.6
191.5 183.1 173.1 162.8 157.7 151.6 142.9 138.3 134.5 129.2 135.3 137.8 140.4 141.3 142.7 140.7 131.9 120.8 110 129.4 150 169.3 174.9 181.3 182.5 180.2 180.7 179.6 180 178.9 177 171.1 166.2 162.2 159.4 155.9 153.6 146.9 141.4 138.8 137.4 135 133.1 129.9 128.7 136.8 142.9 148.6 151.3 146.6 152.2 156.1 178.8 192.7 202.1 210.6 218.2 223.6 229.9 235 238.9 240.8 240.7 241.3 239.3 236.1 231.9 223 203.5 178.4 150.8 127.7 104.1 76.8 63.8 53.9 61.9 85.2 105.8 116.7 127.8 138.4 144.4
183.7 172.8 165.5 167.4 166.6 164.4 161.8 159.4 156.5 158.2 165 168.7 162.8 162.9 164.5 161.7 148.8 133.3 121.4 116.2 132.3 154 179.1 186.3 185.6 185.4 185.3 184.3 181.4 176.6 173.8 169.6 164.6 162.6 159.7 156.3 151.7 149.4 145.7 143.3 142.8 141.4 142.3 145.7 151.3 154.4 161.1 165.2 168.5 168.7 163 163.5 176.1 199.5 210.2 218.8 225.8 232.4 238 242.1 244.8 246.3 247.2 246.5 243.9 240.9 234.4 222.4 200.4 176.3 155.3 136.2 110.1 79 68.4 52 60.2 86.6 114.6 134.8 146.1 151.8 153.4
181.6 181.2 180.1 180.4 182.4 181.3 180.2 179.6 178.6 184.9 187.8 189.9 185.6 186.4 190 183.2 169.1 148.6 134.4 123 122 138.9 164.7 181.2 186 187.2 187 183.8 179 174.2 170.3 167.7 165.9 161.7 158.6 158.2 154.2 153.3 151.7 148.8 149.1 149.6 158.9 165.2 170.5 174.3 179.4 185.6 187.9 188.2 178.1 173.1 180.7 202.3 214.8 226.5 234.1 238.9 243.7 247.1 249.5 250.9 250.8 249.1 245.1 242.5 230.5 209.5 185.2 164.2 148.3 132.2 98.6 75.5 68.7 52 57.9 91.9 124.4 146.8 167.5 175.8 174.3
191.4 192.9 196 200.2 202 201.5 204 205.8 206.8 207.4 209.3 207.8 212.9 214.1 211.4 204.8 189.4 166.9 150.2 135 123 133 154 177.7 185.7 188.6 187.9 183.6 177.4 173 170 166.5 166.3 164 162.5 161.4 157.9 156.6 156.2 154.5 156 158 169.6 179.2 184.3 189.4 196.3 199.5 201.1 199.2 197.4 190.1 189.5 203.6 222.9 231.9 238.5 243.5 247.7 251.1 252.1 252.9 252.4 249.8 245.4 238.7 216.3 192.5 169 147.9 126.6 106.3 83.9 71.1 65.2 52 59.7 99.6 133.3 162.9 189.2 202.8 204.8
211.5 214 216.4 217.9 220.1 222.6 226.2 228.9 230.6 229.6 229.2 232.9 237.6 233.4 228.2 219.9 205.9 187 167.2 147.1 128.3 136.6 149.4 173.1 185.7 190.1 189.6 186.3 178.5 173.9 172.2 171.2 170.5 169.6 168.3 167.7 167.3 165 164.1 160.2 159.7 166 178.6 191.8 199 205.1 207.7 209.4 210.4 211.6 211.3 211.7 204.3 212.9 226.3 235.9 242.7 246.9 250.7 252.7 253.6 253.2 252 249.4 245.7 225.6 202.4 177.8 152.9 129.6 108.8 90.6 75.4 69.3 59.7 52 68.9 111.4 139.4 167.3 196.2 213.6 223.9
230.8 233 234.3 235.3 238.8 242.6 247.2 250 251.5 253.3 252.9 254 250.5 245.1 238.4 227.3 218.2 202 174.3 144.4 128.9 146.8 154.9 170.2 187 191.8 193.5 192.3 185 182.2 179.8 177.7 177.5 177.3 177.8 181.1 181.6 185.7 183.8 175.4 165.8 171 183.5 200.3 205.4 213 217 220.3 222.7 222.6 222.2 226.5 226.5 223.9 233.3 240.5 246.2 249.7 252 253.2 253.8 253.2 252 250.2 234.8 213 190 167.3 141.8 116.9 96.2 82.4 71.5 65.3 54.5 49.9 82.8 122.6 147.8 173.1 201 218 230.3
249.2 252.8 254.3 254.7 257.5 260.6 263.4 265.5 265.7 266.5 264.5 262.6 258.8 253.3 243.2 235.3 223.2 193.1 162.2 135.3 141.4 156.4 162.1 169.5 187.3 194.6 199.1 199.6 199.4 197.8 194.6 193.4 189.6 192.6 197.7 202.6 204 204.6 204.6 204 193.3 181.9 190.4 205.7 216.1 222.7 227.1 229.5 231 231 231.5 233.6 234.5 236.2 239.1 244.8 248.3 250.9 252.3 253.3 254.9 253.8 252.4 249.3 231.2 203.6 178 155.3 131.6 107.4 90.6 78.8 69.5 56.6 52.4 59.1 97.1 132.1 156.2 184.6 205.5 221 233.7
265.8 269.4 272 273.6 274.6 274.6 274.3 275.1 277.4 275.5 273.4 270.6 265.3 258.5 250.3 241.5 214.1 184.8 156.5 134.9 150.2 161.3 167.6 175.4 182.6 199.8 205.4 206.5 208.7 209.6 210.4 209.6 209.3 213.4 217.4 220.6 223.9 224.3 227.3 228.6 225.2 217.1 216.2 223.5 230.4 233.3 235 236.2 236.3 235.7 236.4 237.4 238.5 241.2 244.3 247.2 249.8 251.4 252.7 253.7 254 253.5 252.1 246.7 231.9 203.8 173.8 150 128.3 106.9 87.9 75.9 66.5 52.5 52.6 76.6 110.7 138 162.7 189.5 207.6 221.1 236.8
275.8 278.6 280.7 283.1 284.3 284.4 284.2 285.2 284.9 283.5 279.6 275.2 269.3 262.4 254.5 239.4 205.8 177.2 151.5 140.3 154.2 168.8 183.2 187.7 195.2 208.8 215.7 218.7 221.5 223.6 225.3 223.9 224.4 229.4 232 236.4 242.3 245.4 248.7 251.8 250.4 244.7 243.5 242.8 243.6 242.5 241.6 240.5 240 239.1 238.8 240.4 242 244.8 247.5 249.4 250.8 252 252.6 253.1 253 252.4 248.3 242.5 231.2 205.7 179.5 156.4 143.6 123.8 100.9 76.3 63.9 49.2 66.2 84.1 112.6 138.7 166.3 188 205.8 220.4 238.2
285.6 288.4 289.4 292.6 293.1 293.1 293.3 293.2 292.3 289.4 283.4 278.1 271.8 264.7 257.4 236.1 204.2 178.4 152.1 146.3 158 179.8 197.7 209.6 216.1 223.8 227.3 230.6 233.5 236.2 238.7 240.1 241.8 244 248.4 253.1 257.6 260.5 262.4 264.7 261 262.5 261.8 260 255.8 251.7 247.6 243.6 242.1 241 240.6 241.6 243.5 246.4 248.4 249.8 250.5 250.5 250.8 251.2 251.7 250.1 246.6 240.3 227.3 207.4 187.8 175 157.4 132.6 102.5 73.9 51.8 54.4 67.9 86.6 114.9 139.9 162.9 178.8 197.6 216.9 236.6
292.6 295.2 297.3 298.7 299.4 299.4 298.1 297.4 296.2 292.3 285.7 280.1 273.8 266.5 258.4 228.8 202.6 177.6 157 151.4 163.2 186.2 213.6 221.6 227.6 232.8 237.1 240.7 243.4 247.5 250.1 251.6 252.7 257 262.9 266.9 271.3 274.4 275.7 275 274 272.8 271.5 269.6 264.7 258.9 252.4 246.7 242.9 240.8 240.4 240.5 241.9 244.1 247 248.1 248.4 248.4 248.6 249.1 249.3 248.8 245.6 238.9 226.1 206.2 192.7 182.4 164.4 133.2 100.9 58.8 48.6 61.7 74.6 88.8 114.1 132.2 148.5 163.5 188.2 210.3 232.4
298.1 301 302.5 301.7 302.7 301.9 301.8 300.5 297.6 293.3 286.8 280.6 273.2 265.6 244.9 218.1 193.9 176.9 159.7 154.5 169.3 189.8 219.6 228.2 235 240.4 245.4 249.4 253.4 256.2 258.6 259.9 262.1 267.3 273.8 277.5 281.2 283.3 283.6 282.6 280.5 280.4 277.7 274.4 269.6 263.2 255.6 249.5 243.3 239.8 237.8 237.6 238.1 241.2 243.6 244.4 244.7 245 244.9 246.1 246.8 246.5 243.1 234.9 220.3 203.9 191.5 180.3 162.4 136.9 84.1 51.1 55.4 72.2 80 88 103.8 115.5 130.6 153.6 176.1 199 224.9
302 304.9 305.4 305.6 305 305 304.6 303.4 298.8 293.7 288.5 280.2 266.6 246.9 228.2 203.9 184.9 174.4 168.7 155.2 171 187.3 220.4 232.6 240.1 246.7 251.8 256.3 260 262.7 265.2 267.7 270.9 276.3 281.4 286.1 288.5 289 288.9 287.4 287.2 285.2 281.9 277.6 272.6 266.7 258.9 252.6 246.3 240.4 233.2 228.3 233.2 235.6 237.4 238.2 237.8 238.5 240.5 242.6 243.3 242.4 238.3 228.4 215.9 200.1 187 176.4 159.6 130.8 75.6 48.6 67 74.9 80.3 90.1 101.5 120.7 139 154.3 170.7 198.8 229.2
305.1 306.1 306.9 307.2 307.7 308.4 307.8 305.3 301.6 297.1 289.5 276.4 251.4 225.5 209.6 193.5 189.3 189.8 184.8 157.1 172.9 185.7 208.2 232.9 241.1 248.7 255.4 260.6 264.4 268 271.2 274 278.3 282 287.3 291.1 292.8 292.6 292.2 289.8 288.6 287.7 284.6 280.5 276.5 270.9 266.8 260.6 253.3 245.5 236.1 221.3 218.4 226.8 229.7 229.5 229.5 231 233.7 236.1 238.2 236.3 231.1 221.2 209.3 195 180.5 168.2 153.1 127.8 73.7 48.2 65.2 73.6 79.8 90 108.9 131.2 154.5 176.4 195.4 212.6 234.8
306.7 308.4 309.4 309.9 310.6 310.5 309.4 307 304 300.8 293.1 278.7 265.5 244.6 224.6 208.5 209.9 216.9 197.3 169.5 172.4 180.3 201.1 223.9 240.2 250.1 256.8 263.2 267.3 270.9 274.1 277.5 282 286.7 291 293.6 294.6 294.3 293.2 291.3 289.8 288.6 287.2 284.5 280.9 278.2 274 269.6 261.8 252.9 242.5 230.9 216.4 199.6 208.5 215.2 218.2 218.2 223.6 228.6 230.5 227.9 224.2 216.4 204 188.1 174.1 161.6 146.4 120.7 80.4 47.7 59 71.5 78.2 89.9 109.9 136 161.1 189.5 212.9 227.8 241.9
309.3 310 310.9 311.7 311.9 311.7 310.2 308.4 305.7 302.9 298.6 291.9 282 269 250.4 241.6 231.1 233.2 208.4 180.2 167.5 179.1 197.2 215.8 234.7 245.5 256.5 263.6 268 271.4 274.4 278 282.9 288.4 292.1 294.2 294.8 294.4 294.2 292.7 291.8 290.1 290.1 287.8 284.8 282.4 279.3 274.7 268.7 260.7 252.2 242.8 230.7 215.4 195.9 190.2 192 195 205 219.5 223.7 223.1 219.8 212.2 199.4 181.4 165.4 153 137.7 112 84.5 51.8 54.6 66.6 75.8 88 112.2 138.6 164.7 195 217.7 234.1 247.5
310.8 311.3 312.7 313 313.4 312.4 311.4 308.8 306.7 304.6 300.1 293.5 287.8 280.2 272.2 252.1 250.6 243.4 221.5 189.4 169 187.2 198.2 211.7 229.7 244.6 255.8 262.9 266.8 270.6 273.8 277.8 281.5 287.3 291 293.3 294.2 294 293.8 294 293.9 293.5 292.7 290.8 287.7 285.1 282.2 277.5 272.6 266.8 260.1 252.6 246.6 237.9 218.1 199.9 178.2 181.5 184.5 199 217.1 218.5 215.5 208.5 194.9 176 159.4 143.9 127.3 103.5 79.1 54 50 65.2 76.2 88.3 113 139.8 166 192.9 219 236.9 251.1
313 312.1 313.8 314 314.1 315.4 313.4 310.4 308.7 306.4 302.3 296.5 291.9 286.1 279.2 270.2 259.7 248.8 229.8 207.8 185 175.5 198 208.7 226 242.4 252.6 260.4 263.7 267.8 272.6 275.9 281.1 285.8 289 292.1 293 293.3 293.9 294.7 295.4 294.9 294 292.4 289.7 287 284.5 281.2 277 271.7 265.2 258.8 253.6 247.2 237.2 214.1 188.2 171.9 171.2 182.2 199 210.7 208.5 202.3 187.6 169.8 153.1 137.9 119.6 98.1 78.7 59.3 47.7 61.5 74.2 90.4 113.3 137.2 162.7 194.6 219.6 238.8 254.6
314.2 314.9 316 318.1 318.7 318.6 317.5 312.8 310.1 307.8 305 300.5 296.7 291.5 284.6 277.7 265.7 251.2 236.8 222.6 202.4 182.1 197.8 208.7 221.6 238.3 248.1 255.1 259.3 263.6 267.9 273.9 277.6 282.2 287.5 289.6 290.7 293.1 294.1 295 295.6 295.3 294.5 292.9 290.5 288.5 286.3 283.8 279.3 274.3 268 262.7 257.1 249.7 242.1 226.1 198.5 179.5 165.4 163.2 173.7 192.8 199.4 193.3 178.2 158.5 145.2 129.5 111.7 93.8 75.5 63.2 47.7 57.1 74 94.6 118.7 140.5 167 196 221 238.7 255
312.9 312.1 314.6 319.9 322.5 323.9 318.4 313.5 311.7 309.6 306.6 303.3 298.9 293.7 288.1 279.7 270.3 255.7 239 227.1 217.3 189.9 197.4 209.1 219.7 232.5 242.2 250.3 255.1 259.5 264.7 271.3 274.7 279.8 283.7 287.3 290.3 292.7 293.9 294.8 295.1 294.8 293.7 292.2 290.8 288.9 286.1 282.9 280.2 276.2 269.4 263.1 256.6 249 239.4 228.6 215.3 196.2 173.5 154.8 152.2 174.9 186.5 177.3 160.7 146 133.2 118.6 101.7 86.1 72.2 62.4 49.7 50.9 75.7 101.3 131.1 161.3 183.4 199.1 220.4 237.2 254.5
305 307 309.9 314.6 319.3 320.9 317.3 314 311.7 309.6 306.7 303.9 300.3 295.1 289.3 281 270.8 256.5 239.7 229.4 216.9 203.4 189.8 209 219.3 228.9 238.3 245.8 248.7 254.7 260.6 267.1 272.7 276.6 281.9 286.8 290.1 292 293.5 293.6 293.8 294.2 293.6 292.1 290.2 287.9 285.4 281.7 278.8 274.7 269.5 261 254.5 243.5 234.7 225.2 217.5 205.1 177.3 155 137.4 160.2 174.1 163.7 146.6 134.2 121.4 105.7 91.1 77.2 68.5 61.3 54.3 50.1 74.2 104.9 131.5 159.8 182.5 201 218.2 235.4 252.5
301.5 303.3 305.5 309.8 314.4 315.6 315 313.1 311.5 309.8 307.1 304 301 296.4 290.6 282 271.6 256.4 239.7 227.5 217.4 199.5 198.5 202.4 215.2 222.3 229.6 236.6 242.6 249.1 256.3 263.3 268.6 275.6 281.4 286.5 289.8 291.3 292.5 292.6 293.5 293.2 293.1 291.5 289.6 287 284.3 280.6 276.8 271.6 266.6 255.2 244.9 235.5 229.2 219.6 214.5 203.8 175.6 149.5 134.6 152.7 165.2 152.4 134.8 119.8 106.4 94.2 81.9 72.3 65.6 60.7 55 48 67.1 96.7 120.7 147.5 177.3 199.4 218.2 232.6 247.8
299.7 302.4 303.9 306.8 310.9 312.6 313 312.3 310.9 309.7 307.4 304.6 301.7 298 291.3 282 271.4 255.9 239.8 228.1 217.3 211.9 208.9 210.2 208.5 216.3 225.8 232.1 237.4 243.5 253.2 261.1 267.7 273.9 279.9 284.8 287.8 289.9 291.3 291.8 292.2 292.4 291.6 291.1 288.4 286.5 283.3 277.9 272.2 265.7 258.5 245.7 233.8 221.4 214.2 212.5 208 196.8 164.8 138.2 125.2 151.9 155.2 139.1 123 107.3 96.7 86.9 76.2 70.2 63.1 58.6 54 47.7 56.4 81.7 117.2 145.2 176.1 199 215.1 229 242.7
297.5 299.4 301.5 303.6 307.8 308.2 310.5 310.5 310 308.9 307.6 305.2 302.4 298.3 291.1 280.5 267.6 254.5 240.2 230.9 227.5 213.9 219.8 216.7 209.8 214.6 222 228.1 234 240.6 251.5 259.9 266.2 273.2 277.5 282.7 285.9 288 290 291.2 291.9 291.9 291.5 290.3 289.4 287 283.1 277.3 266.2 256 241.6 231.6 217.7 203.8 189.9 193 195.5 188.4 157 129.4 127.4 148.3 142.6 128.1 111.8 98.7 90.9 80.5 72.4 66.7 61.4 57.6 52.3 46.7 54.4 81.8 116.5 144 173.3 194 207.8 221.5 237.8
294.4 295.7 299.1 300.4 304.7 305.7 307.9 308.3 308.6 308.1 307.2 305.6 302.4 299.4 290.2 278.1 263.7 252.5 244.5 237.9 233.8 226.9 227.9 223.2 217.9 213.7 217.3 225.4 231.4 237.6 247.2 257.3 263.6 269.9 275.5 280.8 284.6 287.4 289.6 291.1 291.4 291.6 291.2 290.5 288.7 286.7 283 279.1 270 260.5 249.1 239.6 230.5 221.8 201.9 171.4 165.4 173 154.8 126.5 113.2 127.9 127.6 116.3 103.7 92.4 84.5 75.9 69.7 64.4 60.7 56.2 49.9 49.7 55 83.4 112.5 134.6 157.2 182 192.7 214.1 232
289.6 290.4 293.4 297.6 300.6 303.5 306.5 306.6 307.6 307.9 307.4 306.1 302.9 299.9 293.1 280.8 271.1 261 252.2 244.7 238 234.8 231 227.7 225.1 222 221.7 225.8 230.2 235.5 242.5 251.4 260.6 268.3 275.1 279.5 282.6 285.1 288 291.1 292 291.5 290.9 290.2 288.2 286.1 282.4 278.4 271.3 262.5 251.3 242.8 235.9 224.5 208.8 183.6 157.4 147.2 153.6 134.2 110.4 104.7 110.7 104 93.8 87.2 81.5 72.9 67.1 62.8 54.8 50 49.4 50.3 57.8 74.6 99.6 114.3 133.6 155.1 180.2 209.2 231.4
