public/OST50/SN53.asc
ncols 200
nrows 200
xllcorner 250000
yllcorner 230000
cellsize 50
[rows 35 to 69 of 200, columns 0 to 77 of 200]
310.9 319.8 326.3 331.9 338.2 343 347.4 351.6 356 359 362.1 365.3 368.3 371 373.4 375.3 376.7 377.8 378.4 378.8 378.9 379.1 379.1 379.1 378.6 378 377.2 376.5 375.8 375 374.1 373.7 372.3 371.1 369.4 367.5 365.1 362.2 357.8 353.2 350 346.8 342.7 338.3 338.9 341.8 344.1 345.5 347.2 349 350.2 352.3 355.5 358.4 360.5 362.3 363.4 364.5 365.3 365.4 364.6 363 360.2 357.2 352.1 347.1 336.2 322.4 342.1 350.1 354.3 358.5 362 364.6 367.4 368.1 367.6 368.6
310.1 320.5 329.2 335.2 340.6 346.1 350.4 354.6 358.3 361.3 364.1 366.7 369.1 371.5 373.1 374.8 376.3 377.3 377.7 377.8 378 378 377.8 377.4 376.8 376.1 375.4 374.3 373.4 372.8 372.1 371.4 370 369.4 367.7 365.6 362.8 358.6 353.9 347 341 338.7 336.7 331.2 336.8 339.1 339.7 341.7 343.1 343.5 348.1 351.8 354.6 357 358.8 360 360.9 362.2 362.9 362.4 361.3 359.2 355.9 351 349.1 343.3 331.3 321.1 341.2 347.7 352 356.2 360.3 362.6 365.6 365.5 366.7 366.9
316.9 320.8 329.2 339.2 345.5 348.7 352.9 356.3 360 363 365.2 367.2 369.5 371 372.1 373.8 375.1 376 376.5 376.6 376.6 376.3 375.9 375.3 374.7 374 372.9 371.8 370.6 369.8 369.5 369.1 368.3 367.9 366.4 364.3 361 353 350.7 347.9 343.9 339.5 331.2 327.9 333.5 335.1 336 336.1 338.8 343.5 347.3 351.4 353.8 355.4 357.1 357.5 358.3 359.1 359.7 358.8 356.2 355 352.3 349.1 346.4 340.7 323.6 331.9 339.8 344.6 349.6 352.9 356.3 358.2 361 364.2 365 365.2
330.2 334.1 339.8 342.4 347.8 351.8 355.1 358.4 361.4 363.7 365.7 367.5 368.8 370.2 371.2 372.6 373.3 374.2 374.8 374.6 374.4 374.2 373.5 372.8 372 370.8 369.8 368.8 367.7 367.1 367.2 367.2 367.1 366.6 365.2 363.5 360.5 357 353.8 350.4 346.5 342.3 334.7 320.2 328.9 329.9 328 335.1 339.6 343.8 347.2 350.6 352.9 354.2 355 355.1 355.5 355.8 354.9 353.5 352.6 352.2 346.3 345.9 343.7 334 311.8 328.9 336.9 340.9 344.3 344.2 354.1 356.6 360.8 362.2 363.1 362.9
336.7 340.9 344.6 348 350.8 354.2 357.6 360.1 362.2 364.3 365.7 366.8 368 369.4 370.3 370.9 371.5 372.1 372.2 372.1 371.9 371.5 370.9 369.9 368.9 367.7 366.7 365.3 364.3 363.4 364.2 364.9 365.3 365.4 364.2 362.8 360.8 358.4 355.4 351.9 348 343.4 337.2 321 317.8 323.7 331.6 335.8 340.2 343.7 346.6 349.8 351.4 351.9 352.3 351.5 351 350.3 349.7 350 349.6 346.3 342.3 341.4 336.4 322.1 310.1 320.9 330.2 336.4 346 352 354.8 357.4 358.9 360.3 361.2 361
340.2 344.3 348.4 351.9 354.8 357.2 358 360.9 362.9 364.4 365 366 367 368.2 368.5 368.9 369.1 369.2 369.3 369.1 368.9 368.4 367.4 366.4 365.4 364.5 363.4 362 360.5 360.2 361.2 362.2 363.5 364 363.9 363 361.3 359.3 356.4 352.9 348.8 344.3 338.3 327.1 314.2 325 332.7 336.1 339.5 342.7 345.8 348.1 349.5 349.8 348.9 347.7 346.1 345.9 347.2 346.2 344.2 337.6 338.5 330.1 320.4 306.3 316.9 330.3 338.1 343.7 350.7 352 353.4 355.3 357.1 358.5 359.3 359.2
343.1 347.5 351.5 354.6 357.6 359.7 361.2 362.3 363.5 364.4 365 365.6 366.3 366.9 366.5 366.6 366.3 366 365.7 365.2 364.8 364.3 363.4 362.6 362.1 361.1 359.5 358.3 357.1 356.2 358.4 360 361.9 363.2 363.7 363.1 361.9 359.5 356.5 353.1 349.2 344.6 339.2 331.1 311.2 321.1 331.7 335.7 338.4 341.5 344.5 346.2 347.5 347.1 345.8 344.2 341 342.2 342.3 341.3 337.5 331.8 320 311.4 301.2 309.9 323.3 338.1 343.5 347.4 349.4 350.8 352.2 353.8 355 356.3 357 357.3
346 350 353.9 357.1 360.1 361.9 362.9 363.8 364.4 364.7 365.2 365.8 365.4 364.9 364.2 363.6 362.7 362.1 361.7 361.3 360.8 360.4 360 359.6 358.8 357 354.7 352.7 351.8 351.7 355.9 358.8 360.8 362.2 363 362.7 361.3 358.9 355.9 352.4 348.5 344.1 338.8 332.6 310.6 316 329 335.3 337.1 340 342.5 343.4 344.2 343.8 342.5 340.9 337.4 337.3 337 335.6 329.9 315.7 301.4 301.6 315.5 324.6 332.6 340.1 344.4 346 347.4 348.8 350.2 351.7 353 354.2 354.3 354.5
348.9 353.1 356.7 359.2 361.7 363.6 364.5 365.2 365.4 365.6 365.7 364.9 364.2 363 361.5 359.6 358.6 357.8 357.4 357.1 356.8 356.6 356.1 355.6 354.5 351.8 348.6 345.7 347.4 352 355 357.8 359.5 361.2 362.2 362 360.2 358 355 351.3 347.1 342.7 338.1 332.4 313.5 309.2 325.8 333.3 336 338.2 340.1 341 341.4 340.6 339.7 338.7 334.5 327.6 331.2 326.3 312 295.2 296.6 316 325.9 331.3 336.5 340.2 342.9 344.3 345.4 346.5 347.8 349.5 350.8 352.1 352.4 351.2
351.3 355.1 358.3 360.7 362.9 364.5 365.3 365.8 365.9 365.7 365.1 364.4 363.3 360.9 358.5 356 354.4 353.3 351.9 351.8 351.9 352.4 352.1 351.5 350.1 345.8 337.3 342.8 347.5 351.1 354.2 356.7 358.7 360.2 360.9 360.3 358.8 356.6 353.4 349.5 345.5 341.1 336.8 330.8 314.1 308.1 321.2 330.2 334.5 336.1 337.7 338.1 338.2 338.3 337.8 337.4 332.9 325.3 323.1 308.2 287.6 297 312.4 324.5 329 333.3 336.3 339.7 341.4 341.9 342.4 343.7 345.4 347.2 348.6 348.6 349.2 347.9
353.1 356.7 359.8 362.3 363.9 365 365.6 366.2 366.1 365.8 364.9 363.6 361.9 359.4 356.4 353 348.6 346.6 346 346.1 346.3 347.5 348 347.3 345.7 335.6 336.8 343.3 347.3 350.4 353.2 355.6 357.8 358.7 359.2 358.6 357 354.9 351.6 347.7 343.5 339.2 334.9 329.1 313.3 306.7 319.4 329.2 332.2 334.1 334.9 335.4 335.7 336.7 335.8 333.7 330 324.3 306.3 292.5 287.7 309 320.6 327.4 331.1 334.3 336.1 338.7 339.6 339.7 339.5 341.2 342.8 344.6 346.3 346.4 346.5 346
354.1 358.3 361 363.4 364.7 365.5 366 366.3 366 365.6 364.4 362.9 360.6 358.3 355 350.1 344.4 338.7 339.5 339.2 340.4 342.2 343.3 342.2 339.1 328.9 337.3 342.9 346.4 349.4 352.2 354.5 356.1 357 357.7 356.6 355.1 352.6 349.1 345.2 340.8 336.6 332.4 325.4 303.1 309.4 319.2 327 329.8 331.6 333 333.9 334.5 333.5 330.9 329.1 326.5 321.4 308.1 286.9 283.8 308.1 320.3 326.6 332 334.3 336.4 337.5 337 335.8 336.5 338.3 340.5 342.6 343.9 344.2 343.8 342.4
356 359.9 362.3 364.3 365.2 365.8 366.1 366 365.8 365 363.7 361.8 359.5 357.2 353.9 349.4 343.7 339.3 330.5 328.5 331.4 335.2 336.4 335.3 331.7 327.5 336.6 342.3 345.7 348.5 351.1 352.9 354.3 355.5 355.6 354.6 352.9 350.2 346.8 342.7 338.3 333.6 328.3 320.7 303.2 307.3 313.9 319.7 328.6 327.7 330.1 329.7 329.9 328.9 327.2 325.1 321.5 316.1 304.3 281.1 281.6 306.4 320.6 325.8 331.1 333.2 334.6 334.5 333.6 331.2 334.3 336.4 338.7 340.6 341.4 341.5 341.4 339.2
357.6 361.4 363.2 365 366 366.3 366.1 365.8 365.3 364.3 362.9 360.7 358.5 356.1 353.1 349.6 345.2 341.1 336.7 332.1 322.7 325.7 328.2 327.9 322.7 328.7 336.6 341.3 344.6 347.2 349.5 351.2 352.5 353.2 353.2 352.4 350.6 347.7 344.4 340.2 335.7 330.2 324.7 316.6 296.4 305.2 307.9 317.3 323.1 324.9 326.1 325.7 325.6 324.5 322.9 319.4 314.6 306 289.3 272.7 286.6 311.1 320.4 325 329 331.4 332 331.1 330.3 330.3 332.8 334.5 337.3 338.7 339.2 339.3 338 335.7
359.3 362.2 364.4 365.9 366.3 366.5 366.2 365.8 365 363.8 361.8 359.7 357.5 355 352.2 349.1 345.2 341.2 336.8 331.8 325.7 315.5 320.6 320.4 319.5 329.8 335.3 339.7 343.2 345.6 347.8 349.4 350.2 350.9 350.9 350 347.8 344.9 342.1 337.5 333.4 328.2 320.4 310.7 290.6 303 302.8 310.4 318.6 322.5 322.4 321.7 321.5 320.5 317.6 313.4 304.4 287.2 269.9 279 300.1 312.9 319 323.5 326.2 327.4 327.2 326.1 324.1 328.8 331.9 334.3 335.9 337.4 338 337.8 336.5 332.5
360.7 363 365.4 366.2 366.5 366.5 366 365.6 364.4 362.7 360.7 358.4 356.1 353.7 351.2 348.1 344.4 340.7 336.1 330.8 324.7 317.1 311 310.4 321.7 329.2 333.9 337.8 341.4 343.7 345.9 347.4 348 348.4 348.2 346.6 345.2 342.7 340 335.9 331.3 325.9 318.7 307.8 289.3 297.2 297.8 300.1 307.7 314 316.9 318.3 318 315.9 312.6 307.9 290.6 272.2 272.3 292.6 304.3 312.7 317 321.4 323.2 322.8 318.5 322.4 327.6 330.6 332.4 333.8 335.2 337 337.8 337.3 335.8 331.1
362 364.2 365.9 366.3 366.7 366.6 366 365.2 363.5 361.5 359.4 356.9 354.7 352.2 349.6 346.5 343.2 339.4 334.9 330.1 322.7 310.5 304.7 313.3 322.4 327.8 332.1 335.9 339 341.5 343.7 344.5 345.2 345.5 345.3 344.5 343.1 340.7 338.2 334.3 328.6 323.6 317.4 308 293.1 288.9 289.8 293.1 304.9 312 314.7 315.4 314.2 311.8 306.6 299 278.9 258.4 280.9 298.1 305.4 310.2 313.9 316 316.4 314.1 316.4 322.6 328.8 331.6 334.1 335.1 336.2 337.3 337.9 337.2 335.6 333.3
363 364.9 366.2 366.6 367 366.6 366 364.5 362.8 360.3 357.9 355.7 353.1 350.3 347.5 344.4 341.5 337.6 333.1 327.8 321.3 311.4 300.5 312.3 320.4 326.1 330.2 333.7 336.7 339.1 340.7 341.6 341.9 342 342.4 342.3 341.2 338.9 336.4 332.4 326.8 321.5 315.1 306.5 294.2 280.1 283.9 295.6 308.3 311.1 312.9 312 310.2 306.1 302.5 288.2 268 260.1 285.8 296.2 301.6 304.6 303.6 301.7 301 310.9 318.6 326.5 330.7 333.4 335.7 337 337.4 338.2 338.3 337.6 336.1 333.3
363.4 365.4 366.4 366.9 367.2 366.7 365.6 363.9 362.1 359.3 357.2 354.2 351.3 347.8 344.2 341.2 339.1 336 331.5 327.5 318.5 315.8 298.9 304.9 316.5 323.6 327.9 331.3 333.9 335.7 336.8 338 338.7 339.4 339.7 339.7 338.5 336.2 334 328.9 326.8 322.2 315.8 307.9 293.6 276.4 287.5 296.5 306.1 307.7 308.6 307.8 305.5 302.7 291.6 272.9 255.3 260 281.6 289.5 291.4 286.6 296.5 307.5 313.5 319.5 324.4 328.5 332.2 334.9 337.5 338.4 338.8 339.1 338.6 337.6 335.7 333.1
363.7 365.9 366.5 367.1 367.3 366.7 365 363.3 361.4 358.9 356.2 352.9 349.7 345.1 341.3 338.2 336.5 334.7 331.8 328.3 325 320.3 312.4 292.8 309.2 320.6 325.5 328.8 330.7 332.5 333.8 334.5 335.2 336 336.7 336.5 335.9 333.1 329.6 329.2 327.6 323.7 317.3 310.5 297.2 268.2 276.2 290.1 297.4 301.9 302.8 302 299.6 289.3 272.5 254.1 249.8 258.8 267.4 267.8 284.1 298.2 306.4 312.2 317.2 321.5 325.9 330.3 334 336.9 339.2 339.8 339.8 339.1 338.4 337.5 335.2 331.3
364.4 366.2 366.9 367.4 367.3 366.2 364.4 362.7 360.6 358 355.2 351.6 347.5 343.2 338.9 335.4 333.3 334.1 332.5 330.1 327.2 323.5 315.1 303.6 298.1 316.8 322.9 325.7 327.4 329.2 330.2 331.1 332 332.1 333.3 332.8 331.9 329.1 328.9 328.2 327 325.3 319.6 313.9 302.1 273.7 266.3 269.9 280.5 290.5 293.7 295.1 290.4 271.6 251.8 240.6 256.3 265.1 274.9 285.3 294.1 302 308.3 314 318.8 323.2 327.3 331.9 336 338.7 340.4 340.8 340 339.2 337.8 335.1 332.7 329.1
364.8 366.3 367.3 367.4 367.1 366.2 364.5 362.3 359.8 357.2 353.9 350.1 345.7 340.9 336.5 332.8 329.8 332.8 332 331.1 328.8 325.7 316.7 306 287.3 307.7 318.4 322.7 325 326.5 327.5 328.2 329 329.4 329.7 329.4 328.6 326.8 327.6 327 326.2 324.1 320 315.5 307.2 292.3 274.2 258.1 260.1 268.1 269.6 272.1 273.2 257.4 237.3 256.5 269 275.6 281.2 288.9 296.8 304.2 310.3 315.9 320.6 324.7 330 333.9 337.3 339.3 340.6 340.3 339.1 337.5 334.7 331.5 329.4 326.4
364.8 366.3 367.4 367.4 367.1 365.9 364 361.8 359.3 356.1 352.6 348.6 343.6 338.9 333.3 329.5 327.2 330.6 331.4 330.9 329.3 326.4 320.9 309.7 284 295.1 312.9 319.2 321.7 322.6 324.4 325.7 326.1 326.6 326.8 326.5 324.4 324.7 325.4 325.2 324.7 323 320.6 317.6 313.3 307.1 295.8 281 263.6 246.2 248.4 248.8 256.6 237.6 253.2 267.9 280.9 287.5 291.7 294.7 303.1 309 314.1 318.8 322.9 327.1 331.6 335 337.3 339.1 339.7 338.7 336.8 333.6 330.4 327.7 325.8 325.5
364.4 365.8 366.9 366.8 366.7 365.6 363.4 361 358 354.4 350.7 345.9 341.5 336.2 331 325.6 324.6 328.3 329.8 329.4 327.9 324.6 320.5 312 285.2 283 304.1 313.9 316.5 319.1 320.7 322.2 323.2 323.9 323.4 322.7 322.4 322.2 322.8 323.1 323 321.9 320.6 319.1 316.2 312.9 308.6 298.3 285.6 268.1 255.6 246.1 235 238.5 258.9 276.3 287.3 294.1 297.9 301.9 307.7 313.2 317.6 321.2 324.7 328.5 332.5 334.9 336.5 337.8 336.9 335.2 332.5 329.9 326.3 323.1 322.9 323.3
363.9 365.5 366.4 366.8 366.2 364.9 362.4 359.5 356.2 352.5 348.4 343.7 338.8 333.7 327.5 320.7 321.5 326 327.4 326.9 325.5 321.7 316.7 299.3 279.7 279.3 292.3 298 312.1 316.3 318.4 319.4 320.1 320.3 320.7 320.4 320 320 320.5 320.9 321 321.2 320.9 320.2 317.9 314.9 311.1 303.7 292.4 279.6 269.9 251.9 235.5 238 262.2 280 291.4 297.3 302 306.9 311.5 315.9 319.8 323 326.1 329.6 331.9 334 335.2 335 333.7 330.9 328.5 326.1 322.7 318 319.3 320.8
363.2 364.8 365.7 366.2 365.4 363.8 361 357.8 354 349.9 345.8 341.6 336.8 331.4 323.7 313.4 319.2 322.9 323.9 323 320.4 314.1 300.8 283.3 269.8 294.2 303.3 309.1 313 315.6 317.7 318.4 318.4 318.6 317.9 317.3 316 316.2 318 318.6 319 319.7 320.3 320.3 319.2 315.8 310.7 302.3 290.5 269 252.1 234.4 224.2 249.4 267.3 284.7 294.8 300.7 305.7 310 314.1 317.5 321.6 324.5 326.7 328.7 330.4 331.9 332 331 329.3 327 323.8 320.8 316 312.6 316.8 318.4
362.1 364.1 364.8 364.7 363.5 361.6 358.7 355 351.4 347.7 344.1 340 335.5 329.4 320.9 306.7 314.2 317.8 317 314.7 308.5 300.5 284.2 267.1 282.1 299.5 305.3 310.6 316.1 317.5 318.1 316.9 315.9 314.3 312.6 310.4 310.6 311.1 313.2 315.5 317.4 318.2 319 319.1 317.8 315 306.7 291.5 272.3 250.8 233.6 220.9 242.7 262.5 279.4 290.8 298 303.8 308.3 312.5 316.1 319 322.5 324.4 325.8 326.8 327.8 327.9 327 325.8 324.5 322.5 319 315.4 310 309.3 314.2 314.8
360.7 362.2 363 362.6 361.3 359.1 356.1 352.5 349 346 342.2 338.8 334.5 328.7 320.7 298.3 301.9 306.4 303.5 299.1 288.2 282.6 266.2 278.6 294.3 300 306.2 311.9 317.1 317.2 316.7 315.3 313 310.4 307.3 306.2 306.9 307.4 309.7 312.7 314.4 316.1 317.1 317.5 315.8 312.5 296.6 272.4 253.7 233.7 217.9 239.2 262 273.8 287.6 295.4 300.7 305.1 309.9 313.7 316.8 319.7 321.7 323.3 323.9 323.5 323.1 322.5 322.2 321.5 320.3 316.9 313.5 308.5 303.8 307.1 310.5 312
359.2 360.6 361.1 360.6 358.6 356.2 353.7 350.1 346.8 343.7 340.4 337.2 333.5 328.2 321 296 288.9 284.7 279.2 279.2 276.7 276.7 265.3 287.9 294.6 301 309.4 313 315.8 315.6 314.6 312.5 309.8 306.7 303 302.4 302.7 305 307.8 310.5 311.9 313.4 314.6 315.2 313.4 309.2 283.8 257.2 236.8 220.5 234.3 254.7 271.6 282.3 292.1 297.7 302.3 306.8 310.3 314.2 317.4 319.7 321.4 321.9 320.5 319 318.3 318.2 317.9 317.4 315.5 312.2 308.4 298.7 293.8 303.6 307.6 309.3
357.7 359.1 359.2 357.6 355.7 353.3 350.5 347.5 343.5 340.9 337.8 335 331.5 327.6 321.5 309.8 293.5 285.3 282.7 268.5 267.1 268.3 266.3 286.4 295.8 303 309.6 312.4 313.9 313.7 312.3 309.5 306.2 303.1 298.8 296.7 297.6 303.5 306.5 308.4 309.9 310.8 311.6 312.5 311.1 305.2 275.1 248 222.8 221.7 238 254 274 286.7 293.4 298 300.5 306.2 310.8 313.7 316.5 318.5 319.4 319.7 318.3 315.4 313.7 313.6 313.5 312.8 310.7 307.6 304.3 291.6 293.2 301.1 305.1 305.3
356.1 357.1 356.2 354.3 352.4 349.9 347.1 344.3 340.2 337.6 334.4 331.7 329.1 325.4 320.2 314 305.5 295.9 287.1 278.5 268.4 258 269 287 296 303.1 307.3 310.2 310.8 310.3 306.6 304.7 301 298.6 294.8 295.6 297.1 301.9 304.2 305.8 307.6 308.8 310.9 311.3 309.3 300.1 269 239.5 209.3 225.5 233.8 250.9 272.2 285.8 293 298 301 304.8 309.6 312.3 314.6 316 316 314.7 313.7 310.8 306.6 308.7 309 308.5 307.2 304.5 300.4 281.9 288.8 298 300 298.7
353.9 353.8 352.6 351.1 349.2 346.6 344 340.9 337.2 333.8 330.4 327.7 325.1 321.3 317 313.1 308.6 301.8 295.3 286.8 266.4 256.9 274.7 287.9 295.7 301 304.1 305.4 306.5 305.5 303 299.6 296.3 293.7 289.6 294.3 297.5 299.4 301.8 303.9 306.4 308.9 309.6 310 306.8 297.8 264.8 237.3 214.5 216.1 230.1 248.3 270.9 283 290.5 294.8 299.9 303.3 306.9 309.8 311.3 312.4 312.3 311.4 309.6 306.1 298.8 303.3 304.3 305.1 304.4 302.3 299.7 284.9 272.6 291 293.8 289
351.5 350.4 349.1 347.8 346 343.5 340.9 336.9 333.5 328.8 325.1 322.8 320.2 317 314.4 310.5 306.3 301.7 296.7 287.5 265 253.5 269 284.1 291.9 295.7 298.8 300.2 300.1 299.4 297.3 294.6 291 288.8 289.9 293.5 296.5 298.9 301.5 303.2 305.2 308.7 308.7 307.1 302.8 294.7 263.7 236.3 210.7 211.3 227 243.9 266.8 278.8 287.5 293.4 297.5 300.1 302.6 306.4 307.8 308.8 309.4 308.4 306.1 302.5 294.2 297.7 300 302.1 301.7 300.4 298.2 289.2 259 273.9 284.7 274.7
348.8 347.8 346.1 344.5 342.7 340.5 337 333.5 330.1 323.4 317.5 314.4 313.7 312.3 309.9 306.4 303.5 299.1 294.6 289.1 268.1 244.8 258.6 274.2 284.9 290.2 293.9 295.5 296 295 292.1 287.9 285.4 280.3 285.3 291.8 295.7 298.4 301.9 305.2 308.4 308.3 307 304.9 299.5 291.9 266.9 237.1 212.9 207.2 226.1 240.2 259.4 270 280.4 286.9 294.9 295.4 298.4 302.2 304.8 306.3 306.6 304.7 302.1 298.1 285.8 289.3 296.2 298.3 299 298.3 296.2 291.2 263 254.1 268.6 255.6
346.2 345.1 343.5 341.9 339.3 337 333.4 329.5 324 318.2 310.5 306.4 306.5 304.6 303.2 301.9 298.4 293.7 286 274.2 263.9 247 251.1 262.5 274.8 285 289.1 291.6 292.1 290.3 286.2 279.1 278.2 277.1 287.6 292.1 295.1 298.6 303.1 306.6 307.5 306.7 305 302.6 297.8 292.1 273.5 246.4 219 197 215.5 231.9 242.2 251.1 265.5 274.8 279.6 281.6 295.1 299.8 302.8 303.5 304 303.3 300.1 294 279.8 282.8 287.7 292.9 295.7 295.8 294.6 289.9 265.3 231.2 244.6 232.1
