public/OST50/SN53.asc
ncols 200
nrows 200
xllcorner 250000
yllcorner 230000
cellsize 50
[rows 105 to 139 of 200, columns 0 to 77 of 200]
324.5 324.2 323.8 322.5 320.8 319.1 315.9 312.2 308.8 305 301.9 300 293.5 292.1 290 296.8 302.9 305.9 309 312.4 311.6 311.1 309.5 307.3 304.2 300.5 297.6 294.5 292.5 290.4 288.7 285.6 282.1 279.8 277 271.9 267.2 262.8 262 262.3 264.8 263.8 256.4 232.9 209.1 183.7 164.7 143.6 131.5 127 138.8 152.7 160.3 168.5 185.2 199.8 201.1 198.3 187.4 177.2 165.3 154.1 128.8 135.8 138.5 148.7 162.9 174.1 178.5 174.6 168.8 180 195.4 214.3 235.7 239.7 230.6 219.6
321.3 320.8 320.6 319.7 318.2 316.6 313.4 310.5 306.4 303.7 301.3 298.1 293.4 285.8 281.2 293.1 303.3 306.3 309.2 311.2 311.2 309.4 308.9 305.5 303.1 299.9 296.6 293.9 290.1 287.7 282.6 276 273.9 269.7 266.6 260.3 253.7 247.4 241.5 245.7 252 257 256.4 247.4 224.8 207.6 189.8 163.5 144 131.3 126 130.8 141.5 154.3 165.7 178.5 182.6 179 172.7 159.3 146.2 133.7 127.5 133.9 139.3 144.4 151.5 158.3 162.8 163.7 172.3 184.5 201.5 217.8 234.5 228.3 213 198.5
318 318.3 317.7 317 315.6 314.1 311.4 309 305.8 302.7 300.2 295.7 289.5 282.7 282.1 293.3 305.7 307.4 309.6 310.1 309.5 308.7 307.7 304.3 301.7 299 295.8 292.2 286.2 282.1 278.7 277.4 274.4 272.7 270.8 268.2 262.7 256.6 238 209.5 217.6 225.8 235.8 241 234.1 220 202.2 181.7 166.4 149 133.8 124.7 127 141 150.6 163 166.3 163.1 154.5 142.3 119.4 127.9 133.1 135.5 135.8 142.7 146.8 148.7 154.8 165.9 177.6 192.4 205.2 223.3 224.4 212.9 196.4 182.1
314.6 315.9 315.4 314.5 313.6 312.2 309.8 307.5 304.4 301.2 298.1 293.9 284.6 273.3 285.7 297.9 304.5 305.8 308.3 308.1 307.4 306.7 305.4 302.7 300.4 298.1 295 289.4 284.6 283.4 283.3 282.9 281.2 279.9 277.6 273.8 268.8 263.8 243.6 215 193.2 193.3 213.7 231.1 232.5 226.4 211.2 197.1 184.1 166 150.6 135.8 121.8 124.1 135.3 143.2 146.8 144.2 139.2 118.3 128.7 130.5 132.4 135.2 147 155.5 157.9 161.8 168.1 178.7 187.7 199.8 213.3 218.7 210.5 197.3 181.9 167.8
308.3 311.2 311.6 312.4 311.9 310.7 308.5 306.2 303.7 300.4 297.8 294.4 287.9 275.1 278.1 289.3 295.7 300.9 302.9 304.3 305 304.5 303 301.7 299.6 297.1 293.9 289.5 286.7 287.7 287.5 286.9 285.9 284.1 281.5 276.6 271.2 264.7 253.1 234.3 201.3 176.9 200.2 217.5 220 213.7 204.5 198 189.3 182.2 167.2 149.9 135.6 122 121.2 126.7 130.5 131.6 128.8 119.8 125.4 127.3 131.6 146.9 159.8 170.1 176.7 181 187.2 193.6 204 209.9 208.1 201.8 193.9 179.2 167.5 154.8
303.4 307.3 309 309.7 309.4 308.6 307.1 305.7 302.4 299.7 297.2 291.6 287.4 276.8 268.4 283.6 289.7 294.6 297.3 300.2 301.6 301.5 301.1 300.2 298 296.1 293.7 291 291.1 291.2 291.1 290.2 288.8 286.3 282.1 276 271 260.5 246 226.6 201.2 173.4 186.6 194.2 193.3 189.3 186.2 179.1 174.6 175.2 170.3 163 150.4 132.7 121.2 119.8 114.9 117.9 118.8 118 126.2 131.8 145.1 160.3 172 184.6 192.4 198.1 205.2 208.1 205.2 201.4 195 186.2 177.5 166.2 148.6 145
301.8 304.4 305.4 306.5 306.2 305.4 304.7 304.1 301.5 299.1 296.2 291.1 285.1 277.3 260.1 279.3 285.1 289.8 294.2 296.9 298.9 299.3 299.2 298.2 296.3 295 293 293.2 293.5 293.6 293.2 291.8 289.9 286.3 280.7 274.5 265.2 247.4 226.5 205.7 184.7 173.5 166.2 170.5 171.4 169.1 163.7 160.2 158.1 159.3 162.4 161 156 143 135.9 122 118.6 117.4 116 114.5 130.4 150.1 159.8 172.4 185.4 196.3 202.9 204.7 203.5 200.6 195.2 188.6 176.2 168.4 159.3 143.9 145.4 153.7
296.6 299.4 300.9 302 302.5 302.5 302.6 302.9 300.9 298.2 294.1 290.1 285.3 277.3 255 270.2 278.7 285.6 290.9 294.4 296.7 297.4 297.4 296.3 295.2 294.3 293.8 295.2 295.5 295.8 293.7 292 289.1 285.3 279.4 271 253.5 231.7 210.8 207.5 204.2 188.6 175.8 164.4 161.4 156.7 155.9 150.8 149.6 144.1 146.2 151.6 153.4 147.5 141.6 132.9 126.9 119.2 115.4 119.2 145 159.9 171.9 182.6 191.9 197.2 196.8 194.2 188.9 182.1 175 168 161.5 150.9 138 146 155.4 156.4
288.6 293.7 294.8 296.3 297.4 299 299.6 299.8 298.5 296.3 292.8 288.6 283.2 276.1 258.8 256.3 273.2 279 286.5 291.4 294.1 295.4 295.4 294.7 294.6 294.3 294.7 297 296.7 295 293 291 288 284 277 265.5 248.9 243.2 238.4 233.9 225.7 203.9 189 184.7 180.4 177.1 174.6 168.5 160.3 148.6 141.4 141.7 148.7 147.9 143 136.5 129 122.6 114.4 125.5 152.3 168.6 181.7 189.7 191.5 187.5 182.4 176.9 170.9 162.1 154.9 149.1 138.6 134.3 146.7 153.2 155.7 158.7
275.4 280.1 281.3 286.5 290.7 294.3 296.3 296.4 295.4 293.7 291.2 287.9 281.7 274.2 256.8 248.3 267 275.6 283.3 288.6 291.6 292.7 293.7 293.8 293.7 293.9 296.3 297.6 296.5 294 292.2 289.6 286.7 282.7 274.1 267.1 262.6 258.2 252 245.9 235.6 215.8 212.2 207.7 203.8 199.1 194.9 187.8 175.3 162.2 145.6 135.3 144.9 148.6 144.2 135.2 128.1 123.2 113.1 126.3 150.1 170.9 181.1 183.7 180.2 173.7 165.6 158.7 149 140.9 134.3 128.3 136.1 146.7 151.6 153.3 155.6 159
252.7 254 257.4 263.7 273.8 283.2 290.9 292 292.2 291 289.3 286 281 272.2 254.7 243.4 263.6 271.8 279.4 284.5 287.4 290.3 291.9 291.9 292.5 295 296 296 294.6 290.8 289.4 288.1 286.1 282.7 277.6 272.7 268.2 264.3 258.9 254.1 245.4 238.7 237.1 231.1 226.9 220.5 213.7 204.8 187.5 170.3 158 141.1 145.1 150 146.2 138.6 130.3 122.9 109.7 121.1 140.1 164.8 173.5 173.1 165.2 158.2 142.1 129.4 124.4 125.3 132.3 139.6 146.2 147.6 150.7 152.2 154.6 160.2
226.7 224.5 227.7 239.4 249.3 260.8 276.7 286 288 287.8 286.4 283.3 279.4 272.6 256.8 233.8 253.6 264.5 273.8 279 285.5 287.9 288.9 291.3 292.8 292.9 292.9 291.5 287.9 288 287.9 287.1 285.8 283.2 279.9 276 272.2 268.8 263.7 259.2 256.9 256.2 255.8 251.6 243.5 231.4 218.3 202 185.5 173 165.8 146.4 134.8 150.7 148.4 140.9 131.1 122.6 113.3 115 134.2 153.3 159.2 157.9 148.4 127.2 118.2 128 135.6 141.7 145.5 147.2 148.5 148.2 149.5 151.1 153.9 159.5
239.9 237 225.9 210.6 220.6 239.7 256.6 273.7 282.6 283.2 282.8 280.2 277.4 271.9 251.4 219.9 231.4 245 258.5 272 280.7 285.4 287.2 289.2 288.3 287.6 287 284.8 285.8 285.7 285.9 286.3 285.7 283.6 280.8 276.9 273.5 270.1 266.9 264.8 265 265.2 261.7 254.4 243.5 226.2 205.8 187.9 177.4 169.8 164.9 160.4 135.4 143.3 150.8 142.5 133.9 125.7 116.8 112 126.5 136.4 144.2 136.3 118.7 117.2 126.2 126 133.1 139.3 145.7 147.3 147.3 148 148.1 150.6 153 158.6
262.7 260.7 250.9 226 198.2 216.1 239.1 259.8 272.4 277.3 278.2 277.5 275.7 270.6 253 219.6 211.8 230.9 256.4 267.6 276 280.4 282.5 283.3 281.6 280.2 276 277.6 280.3 282.1 284.6 285 283.8 282.4 279.5 275.5 272.7 270 269.3 269.5 267.8 264.5 258.5 249.5 234.2 214.5 192.7 178.4 166.2 156.1 153.3 153.8 145.5 126.7 146.1 142.7 135.9 128.8 118 107.4 119.9 123.2 121.3 111.9 118.7 126.2 129 131.2 129.9 134 136.7 140.8 143 146.4 149.7 151.7 156.6 166.4
275.5 273.2 266.1 233.8 207.2 192.4 220 242.2 259.1 268.6 273.6 274.3 273 270 261.2 237 205.9 214 238.2 258.7 270.6 275.4 276.5 275.7 275.2 261.8 252.7 268.6 274.2 278.7 280.9 282.1 281.8 278.9 275.7 272.3 267.9 268 266.8 266.3 261.3 255.9 249.3 237.9 222.6 202.2 182.6 165.6 151.7 138.8 133.3 130.6 134.3 129.9 132.1 135.6 132.6 127 118.4 108.9 113.5 113.7 112 111.9 121.6 124.9 129.5 133.6 135.1 138 139.4 142.3 145.9 149.1 153 157.7 168.3 181.7
281.1 276.2 269.7 239.4 209.5 181.1 202.5 221.4 240.6 255.7 264 266.6 267 267.8 264.9 249.4 216.1 194.1 215.2 239.7 262.1 266.9 268.8 269.3 263.8 243.6 235.3 244 249.5 250.5 257.7 267.4 276.2 273.5 269.6 262.2 261.4 260.6 256.5 254.2 247.1 240.1 231 219.4 204.2 188.7 171 156.5 144.7 137.8 132.2 133.8 130.4 121.7 120.9 127.3 127.2 124.1 119.6 108 109 111.5 110.1 113.1 122.2 127.5 130.7 134.6 137.4 140.3 143.1 149.8 156.9 161.2 165.2 172.2 180.8 189.5
285.4 278.2 269.4 246.1 212.9 183.6 187.9 205.4 222.7 237.9 250.3 257.5 261.4 263.3 264 258.3 230.8 190.4 195.1 220.2 237.9 245.9 250.8 246.4 237.5 220.8 237.2 258.8 267.3 259.9 257.9 250 252.5 254.2 249.7 248.5 247.4 246.3 241.7 233.2 224.2 216.2 207.1 198 186 173.2 161.3 148.9 141.9 135.9 135.9 135.6 131.7 125.3 116.7 117.1 117.4 118.5 117.8 105.1 107.7 109.4 106.2 113.3 120.7 124.7 130.9 136.7 140 142.8 147.6 158.5 165.7 174.6 182.4 188 193.4 201.7
287 277.7 264.5 239.8 220.3 197.5 175.8 188.6 200.9 216.3 230.5 244.7 255 259 262.1 262.3 237.5 198.4 168.8 189.8 205.6 210.8 217.1 220.5 208.5 209.2 228 253.3 265.4 268.9 269.1 269.6 262.3 253 244.4 225.4 220.5 218.5 212.8 203.8 198.1 191.3 183.7 174.1 168.6 160.7 152.6 146.3 139.7 141.4 141.1 137.2 131.9 122.9 124.9 119.9 114.6 111.4 111.8 111.4 106.9 105.8 106 113.7 119.2 127 132.5 137.6 142.9 148 154.1 164.1 173.9 185.6 192.7 198.5 206.8 217.8
290.1 282.5 274 265.5 239.6 211.6 191.5 171.2 183 193 205.3 227.2 240.1 249.9 262.5 260.4 240.2 208.4 176.9 162.7 175.2 178.1 181.8 186 186.2 205.7 232.4 255.4 263.2 265.1 266.5 267.2 266.8 263.2 256.1 235.8 207.1 196.4 191.1 184.2 178.4 173.9 167.6 162.3 157.1 151.7 146.1 141 139.5 139.6 136.1 131.4 127.5 133.1 131 127.7 122.9 119.7 115.9 112 106.8 105.1 103.4 111.3 117 124.1 132.7 140.1 145.9 153.7 163 174.4 185.8 194.7 204.6 212.2 220.7 229.4
293.4 290.6 287.6 281.6 258.8 233.1 210.4 192.1 175.4 168.3 181.2 196.1 211.9 224.7 236.1 244.1 238.1 216.7 197 176.3 155.1 149.9 157.4 167.1 188.1 215.4 241.2 253.5 258.2 261 263 264.6 264.9 263.8 258.3 242.7 215.4 199 188.3 177.9 170.3 166.7 162 155.9 150.2 147.6 147.6 144.9 143.1 136.2 136.5 140 136.8 136.3 134.1 131.2 127.9 122.4 118.5 115.9 112.9 108.5 105 103.6 112.5 122.4 130.4 137.7 149.8 160.9 172.6 184.8 195.7 205 214.5 222.1 230.8 237.7
299.8 295.9 291.2 286.1 280.9 256.9 234.5 219.9 204.7 180.8 161.6 174.2 185.8 199.6 217.6 220.9 218.5 211 204.4 193.6 176.7 157.4 148.5 170.5 190.8 206.3 228.1 243.4 249.6 253.6 257.3 260.9 263.3 264.2 258.4 244.2 226.8 216.9 202.5 190.4 180.3 174.4 170.1 167.1 164.2 158.6 153.3 150.1 143.7 145.5 152 149.2 145.7 142.6 139.1 136 131.5 125.1 119.4 119.6 116.8 111.7 107.6 103.2 105 117.3 124.3 132.7 152.9 162.4 174.4 185.9 200 211.6 219.6 227.2 234.4 239.9
302.7 299.8 294.8 289.1 283 277.8 262.7 248.9 228.8 201.2 177.5 159.2 163.5 177.8 192.2 191.5 189.2 185.2 178.5 170.1 161.6 152.3 141.8 163 178.7 186.1 206 224.3 231.9 239.4 246.9 254.7 260.3 264.1 260.7 255.7 247.1 240.8 225.7 208.7 198.5 191.9 185.2 180.3 175.4 169.3 163.2 152 147.6 152 162.7 161.7 156.1 152.1 144 140.5 133 128.7 124.1 120.8 117.6 114.9 110.6 105.4 99.5 109.4 116.6 125.9 142.5 154.1 164.1 177.7 194.4 210.8 218.7 227.7 235.5 240.9
303.4 300.2 297 291.8 285.6 280.3 275.1 270.2 248.3 221.3 201.7 181.1 159.3 155.7 163.5 162.7 158.5 154.5 151.3 147.5 143.4 141.7 138.5 149.8 156.5 167.5 182.8 200.2 209.1 219.1 230.2 241.2 252.4 260.7 264.2 262.4 259.2 254.9 244.2 228.9 218.3 210.2 203.7 198.1 192 185.7 170.8 157.8 153.2 158.2 170.9 172 166.8 160.6 153.6 146.2 141.7 135.5 128.6 125.4 121.5 118 112.6 108.6 99 102.6 109.1 115.8 129.7 141.6 152.7 168 187.6 206.2 216.6 226.5 234.4 240.8
303.3 299.7 296.7 294.1 288.5 283.2 277.7 272.2 264 243.4 224.2 203 175 158.7 151.6 149 147.6 147.7 144.3 147.4 150.2 150.4 148 137 138.5 150.3 167.3 180 189.4 204.8 221.5 240.5 254.1 264.1 268.1 267.8 266 260.6 253.2 244.1 236.5 227.3 220.2 211.6 204.3 183.3 166.7 162.4 158.6 165.9 182.3 187.2 181.1 172 165.1 160.1 152.4 146 139.3 134.9 131.2 125.3 120.1 112.8 107.6 103.1 100.9 108.6 116.6 126.8 141.8 162.1 183.1 201.7 213.2 224.5 232.7 238.3
302.1 299.2 296.3 294.4 290.9 286.1 280.1 274.1 267.3 260 241.8 216.4 195.3 183.1 174.8 168.6 167.1 166.7 167.3 170.9 174.2 176.1 168.1 149.8 136.1 139.4 155.3 169.5 189.1 209.1 231.3 249.1 261.8 270.1 272.2 271 268 263.9 258 250.3 242.3 234.7 225.7 210.2 193.9 176.9 166.3 161.8 163.3 179.6 197.3 201.3 197.2 188.7 186.2 180.9 169.8 162.8 158 154.8 149.1 140.7 136.7 126.5 118.8 110.8 103.9 99.4 107.1 115.3 132.6 151.3 171.1 193.3 208.2 218.1 225.3 230.4
300.2 297.5 294.9 293.7 291.5 286.5 280.2 275.1 271.3 263.7 253 236.3 222.1 210.9 203.2 193.9 190.2 187.6 188 189.1 189.1 188.8 174.8 150.5 138 141.7 164.3 183.5 203.4 220.8 241.7 257.2 265.8 270.9 272.6 272.1 269 264.1 257.3 249.8 244.7 235.2 213.2 193.6 174.8 169.9 168.2 169.8 175.4 191.4 208.5 211.2 210.5 206 201.2 198.9 190.5 184.1 179.5 175.9 169.1 161.3 153.5 150.3 140.4 125.7 112.2 103.1 95.4 107.6 121.8 137.4 157.5 179.7 195.1 204.6 210.2 212
297.7 295.2 292.7 290 286.8 280.4 273.5 266.1 261.8 255 253.4 246.5 244.2 239.4 228.4 218.3 214.6 209.3 203.8 199.4 197.9 192.4 171.1 146.7 133.9 144.7 170.3 195.8 214.8 234.2 250.6 260.5 267.2 271.5 273.1 272.2 268.8 263.2 255.3 250.2 241.5 222.6 197.7 184.9 179.4 182 184.8 185.9 195.2 199.8 214.6 217.9 219 218.1 214.7 211.1 207.2 203.8 199.9 196.2 187.7 178.6 173.4 166.8 156.9 146.2 128.1 113.4 102.9 97.5 110.1 126.3 144.5 164.2 177.9 180.9 185.1 192.1
295.8 290.9 287.2 282.8 277.5 266.8 245.1 234.6 232.6 228.6 224.4 223.7 221.8 217.4 213.9 211.2 207.3 203.5 201.6 200.4 198.6 190.3 166.2 144.8 130.8 149.2 175.8 198.8 218.2 237.8 253.6 262.3 267.8 271.1 271.8 271.4 267.6 263 258.8 241.3 223.7 204.2 198.9 198.6 199.7 198.9 201.5 208.2 212.6 214.6 219.9 221.2 224.7 227.6 227 225.1 223.1 220.3 216.7 213 206.6 197.6 189 180.7 172.6 157.7 142.2 125.7 109.3 101.9 100.5 116.2 134.6 152.3 157.9 160.8 168.7 177.2
291 286.2 279.5 272 256.4 238.1 219.2 204.3 198.4 197.9 192.8 191.8 191 189.4 187.8 186.7 183.5 181.1 181.1 181.2 177 174.7 160.7 141.8 128.3 147.3 166.9 185.4 207.9 225.9 247.8 261 265.7 268.1 270.6 271.8 270.5 266.4 259.3 243.5 228 224.1 221.3 222.4 223.8 223.7 222.3 222.4 223.3 223.5 221.8 221.9 229.1 233.5 235.1 233.9 232.7 230.4 228.8 225.6 219.1 211.3 202.2 191.5 177 160.7 146.5 131.5 114.4 100.9 92.9 111.1 124.8 138.7 145.4 154.8 162.2 170.1
281.6 272.6 256.2 241.6 231.7 211.4 192.7 175 168.5 166.6 164.5 161.2 160.8 160.4 158.5 157.1 156.1 154.8 153.2 153.2 154.4 155.1 155.5 139.9 130.2 138 153.7 170.3 189.1 211.7 235.1 255.3 262.9 267.1 270.2 271.5 269 265.2 258.7 249.5 245 243.6 243.2 243.1 241.3 238.4 236.4 234.5 231.4 226.9 224.4 219.9 225.3 231.5 235.5 238.7 239.8 239.3 237.4 232.7 225.9 218.5 209.9 201.1 186.2 172.1 157.5 140.5 119.7 103.3 92.7 106.9 120 133.4 144.5 153.1 157.1 159.9
260.1 243.7 226.9 210.7 197.2 185.5 177.8 188.8 192.7 190.2 185.5 179.1 174.5 168.8 164.6 159.3 153.8 152.8 149.4 147.2 145.2 137.1 138.9 136.8 129.4 125.9 138.3 155.3 175.8 199.8 220.6 245.9 259.1 264.1 267.5 267.5 265.5 262 259.3 255.9 255.5 254.6 253.7 251.6 249.1 247.5 244.6 242.1 238.5 233.2 224.4 214.8 222.3 231.7 237.8 241.9 244.1 244.2 242.1 237.1 231.2 223.4 214.7 206.1 195.4 182.5 166 148.5 128.9 105.2 99.8 113.4 124.7 134.3 148.6 152.5 158.3 161.2
232.2 219.7 205.1 186.8 189.6 188 204.9 214.6 223.1 220 210.2 202.4 197.9 193.8 186.8 178.8 173.9 174.4 171.2 167.7 162.3 154.2 146.4 138.7 136.9 127.7 123.4 140.3 163.6 184.1 208.2 230.4 252.1 259.2 261.9 261.7 260.1 259.7 258.7 258.9 258.8 259 258.1 256.8 254.6 252.8 251.2 246.8 241.3 232.7 219.2 210.2 221.5 232.3 239.7 244 246.7 246.2 244.2 238.7 233.3 228.4 220.2 212.1 201.7 186.6 172.4 153.6 129.9 103.4 96.9 112.5 123 133.7 150.7 150.9 152.1 147.5
206 199.1 206.1 209.4 213.2 215.2 220.5 235.1 241.2 244 235.4 230.2 225.2 221.6 213 205.3 190.5 196.5 194.9 189.8 181.7 174.9 169 159.7 149 139.6 126.7 129.8 153.1 172.1 194.8 214.4 239.8 251.1 256.2 258.3 258.8 257.2 258 259.3 259.8 259.7 258.4 258.6 258.2 257.2 254.2 247.6 239.7 226.7 205.5 206.5 220 232 239.5 244.8 247.1 245.9 242.9 240 235.8 229.9 223.4 214.5 205.2 189.7 174.5 152.2 127 98.4 97.6 112.2 122.3 130.7 140.8 140.7 134 130
225.2 231.5 235 237.4 238.1 235.7 235.6 246 251 253.9 256 252.6 249.1 245.5 239.5 226.8 216 221 218.1 212.5 206.4 200.6 190.4 179.9 163.4 145.9 128.6 124.1 143.7 160.9 186.5 212.2 234.6 248.6 255.1 257.3 256.5 253.3 255.1 256.5 256.3 257.3 259.4 261.3 260.5 257.8 252.6 245.6 235.9 213.5 198.2 203.3 216.3 229.8 239.8 244.3 245.6 244 242.3 238.9 234.6 229.2 222.9 215.4 205.2 191.7 171.2 147 124.2 98.8 92.6 110 117.7 123.2 124.5 125.7 132.1 120.1
255.5 257.5 259.1 258.9 258 256.6 256.9 260.6 263.4 264.9 264.8 263.5 259.4 258.1 254.2 241.5 236.9 237.1 233.5 226.8 220.6 210.8 197.1 182 167 146.7 129.7 123.6 144.7 165.9 191 218.4 237.7 250.2 255.4 254.9 252.8 246.6 248.1 248.8 252.1 257 260.6 261.7 259.1 254.3 248.3 241.5 231.3 205.5 193.7 194.1 206.6 221.3 234.4 241.7 243.8 243.1 240.1 235.3 228.9 223.2 218.5 212.6 202.8 184.2 165.8 149.4 129.6 109.4 90.6 108 110.2 110.7 112.6 116.2 115 108.4
