public/OST50/SN54.asc
ncols 200
nrows 200
xllcorner 250000
yllcorner 240000
cellsize 50
[rows 0 to 34 of 200, columns 79 to 157 of 200]
235.2 229.1 227.4 229.5 232.1 236 239.4 242.3 244.2 244.3 245.7 246.1 245.7 246.5 247.4 248.1 248.2 247.5 247.2 248 248.4 247.9 247.1 243.4 239.2 236.9 235.9 237.6 237 234.6 229.3 222.6 215.4 208.2 200 191.3 181.8 170.3 166.4 162.1 158.5 153.7 150.7 145.8 147.5 150.3 154.1 160.2 165 175.2 183.6 189.3 197.2 200.2 191.8 184 174.3 168.2 163.1 163.1 163.1 163.1 164.9 167.7 173.9 184.4 191.4 193.5 191.6 187.1 181.8 181.3 181 181.1 181.2 180.5 179.4 177.1 172.6
235.3 229.8 228.6 228.3 231.4 234.1 237 239.6 241.1 241.7 241.7 241.5 242.7 243.3 244.1 244.4 244.4 245.3 244.9 245.9 245.8 245.6 243.5 238.4 234.5 230.3 229.3 229.5 228.8 225 219.2 212.8 206.8 200.1 192.8 184.5 173.8 167.7 163.4 160.3 157.6 153.5 150.8 148.6 146.5 146.3 150.2 153.7 158.2 163.9 172.5 176.2 181.6 178.7 176.7 164.8 161.9 168.8 163.1 163.1 163.1 163.1 165.1 169.7 178.5 190.9 197.8 198 195.6 188 180.5 177.5 176.5 175.8 175.8 174.9 172.9 168 162.5
235.4 230.8 228.9 228.4 229.3 231.8 234.2 236.3 236.9 237.4 237.8 238.8 239.3 240 240.5 241.2 242 242.7 242.6 242.6 242 240.7 239.2 235.3 229.1 224.4 222.7 219.1 216.2 211.4 208.2 203.7 198.1 192 184.9 174.5 169.2 165.1 162.2 159.1 155.2 153.1 151.2 149.7 147.2 144.5 145.7 149.3 150.4 153.2 156 159.2 162.2 163.8 161.1 167.3 177.1 171.5 163.1 163.1 163.1 163.6 168 173.9 185.5 199.5 203.6 202.7 196.7 184.8 179.4 177 172.5 171.7 169.3 166.9 164.6 160.1 153.5
233 229.9 228.5 227.5 227.6 229.8 231.4 232.6 233.4 234.4 235.2 235.7 236.1 236.7 237.2 237.9 239 238.9 238.7 239.1 238.2 237.2 235.9 229.7 224.7 220.2 214.4 209.9 206.8 204.1 200.2 196.2 191.9 185.7 177.1 172.1 167.4 162.4 159.8 157.8 155.7 154.6 152.9 150.9 148.7 147.1 144.7 144.3 147.5 148.6 149.2 153.7 157.8 160.6 171.6 178.1 179.8 173.7 166.8 163.1 163.1 165.9 174 180.9 192.5 205.2 208.9 206.5 198 185.5 176.1 173.6 170.2 165.8 163.1 157.9 155.2 150.1 147.1
231 228.1 226.3 224.9 226.3 227.8 229.4 230.6 231.6 232.2 232.8 232.6 233 233.7 234.4 234.5 234.5 234.5 234.7 234.1 234.6 233.1 231.6 227.1 223.2 218.3 212.2 206.7 201.9 198.4 194.6 191 185.9 178.6 174.2 170.1 164.6 164.4 161.5 159.7 158.3 157.5 155.4 153.5 149.9 147.4 145.4 143.7 144.5 150.9 154.1 168 174.8 180.1 179.5 179 177.1 170.9 167.5 163.5 166 172.8 180.3 189.1 200.8 211 212.6 209.6 202.5 194.5 184.9 174.9 168.4 163.8 159.8 152.5 145 140.1 137.6
229.4 226.2 224.1 222.5 223.5 226.3 227.9 228.9 229.4 229.4 230 230.5 229 229.1 230 230 230.4 230.5 230.6 230.7 229.6 228.5 226.9 222.7 218.3 214.3 208.9 204.2 199.4 195.7 190.3 185.9 180.3 176.4 171.8 168.2 169.7 168.9 168.3 163.7 163.1 162 163 159.2 154.8 148.9 145.6 142.6 143 149.7 160.7 176.8 178.6 180.1 179.7 176.5 169.9 167.1 166.9 167 170.9 179.8 185.6 198.8 209.6 218 217.7 213.7 208 204.2 198.1 189.4 177.5 166.8 159.6 146.3 142.2 137.5 134.8
228.5 223.8 223 221 221.6 224.4 225.8 226.7 227.1 227.1 227.2 227 226.1 225.8 225.6 226.4 226.5 226.5 226.5 225.3 224.5 223.4 220.8 217.2 214.1 210 206.4 202.3 197.9 193.8 189.1 184 179.3 176.4 172.2 169.8 172.9 174.3 175.3 173.5 170.8 168.4 166.6 162.9 158.6 151.7 145.8 143.1 141.4 151.5 162.2 176.9 179 180.1 180.2 175.3 169.8 168.1 169.9 172.9 176.5 185.3 192.6 207.4 219.7 221.3 221 218.4 217 213.8 209.6 202 190.8 177.8 164.3 151.9 138.7 135.9 133.5
228.9 223.4 220.7 219.4 220.1 222.3 223.6 224.1 224.3 224.4 224.3 223.3 222.4 221.7 223.4 222.2 221.8 222.6 221.8 219.9 219 216.8 213.9 212.1 209.1 206.5 203.9 200.7 196.3 192 187.6 182.6 178.4 175.8 172.1 173 175.6 181 182.5 181.8 179.4 175.6 171 167.6 161.1 156.3 150.8 144.7 140.5 150.2 167.6 178.3 180.3 181.1 179.8 176.5 171.2 170.4 172.9 175.7 182.3 190.6 198.6 213.3 220.9 224 224.8 223.8 221.5 218.6 215 208.6 197.8 184.3 169.7 153.2 136.2 133.7 130.9
229.1 223.2 219.5 218.2 218.3 219.4 220.6 221 221 221 220.7 219.6 218.7 217.4 218.5 218 218.4 217.9 216.5 214.7 213.5 211.5 209.8 207.4 205.7 203.4 201.4 198 194.4 190.3 186.1 182.2 179.2 176 175.2 176.4 180.5 184.4 186.5 187.9 186.6 186.9 182.1 178.9 170.4 161.6 155.3 149 141.6 144.4 163.5 178 180.8 181.5 182.2 180.2 175.2 172.9 174.9 178.5 186.9 191.5 201.6 214.2 220.1 224.8 227.9 228.4 224.9 218.5 214.3 208.4 199.2 184 167.2 145.5 134.1 131.3 129
228.9 224.5 218.6 217 215.9 217.2 217.5 217.7 217.8 217.4 217.1 216 214.9 213.3 214.1 214.4 213.9 211.9 210.9 209.4 208.5 207.7 205.6 204.5 202.4 201.2 199.3 195.8 193 188.9 184.9 182.6 179.3 178.8 179.3 180 184.5 188.9 193.1 196.5 198.1 196.8 195.7 191.7 181.5 170.5 162.1 153.7 145.5 140.5 154.1 175.1 180.7 180.2 182.1 180.8 176.1 175.1 177.2 181.3 185.1 190.8 203.2 213.7 220.8 227.5 229.3 228.5 226 217.6 211.7 205.2 195 178.8 159.4 140.5 132.8 129.5 127.4
228.6 224.3 218.2 215.7 213.3 214.3 214.7 214.7 214.7 214 213.5 212.4 211 209.7 209.8 210.6 209.7 208.2 206.1 206 204.6 202.8 200.9 199.3 198.6 198.6 196.3 195.2 192 189.3 186.4 183.1 182.8 181.8 183.2 187.7 191.3 195.4 200.1 204.3 204.8 206.4 204.5 198.8 191.8 181.7 169.8 159.7 152.1 141.6 154.4 172.6 178.5 178 181.1 177.2 176.1 180 179.6 180.8 184.6 191.2 202 213.3 224.3 228.5 229.2 227.2 222.1 217.4 209 199.2 191.3 175.4 153.5 137.2 131.5 128.3 126.1
227.5 223.4 216.9 213.6 212 212.1 212.1 212 211.6 210.9 210.4 209.3 207.8 205.8 207 205.2 204.4 202.8 201.7 200.6 198.4 196.7 194.8 194.6 194.7 194.5 194.7 195.5 194.7 191.2 189.1 187.4 185.5 186.2 188.8 192.2 195.9 199.7 204.3 206.9 208 209.7 206.8 201.1 194.9 185 173.5 163.5 153.6 140.7 155.1 174.9 179.3 177.2 170.6 171.6 175.5 177.4 178.3 179.8 184.1 191.7 202.3 217.6 225 227.4 226.9 221.8 219.6 216.2 208.2 195.4 187.2 172.3 148.3 135.9 130.5 127.4 124.1
227.6 222.3 213.7 211 209.3 208.8 209.6 209.7 209.1 207.8 207 205.8 204.2 201.4 201.8 201.2 200.6 199 198.1 196 193.6 193 192.7 192.4 193.1 195.6 196.2 195.1 194.8 194.2 193.2 190.4 191.1 193.5 195.1 197.2 199.6 202.2 205.6 207.9 207.3 206.3 203.9 199.3 191.2 183.4 171.9 162.4 150.7 138.6 152.1 164.8 163.9 160.3 161.6 164 166.6 168.6 170.9 176.9 183.4 193.9 205.8 217.5 219.8 220 219.8 217.6 215.5 208.2 199.9 190.7 178.9 170.4 147.9 134.5 130 126.4 122.7
225.8 217.5 211.1 209.2 207.4 206.5 206.1 205.8 205.4 204.1 203.4 202 200.6 199 199 197.9 195.9 194.6 193.4 191.9 191.6 191.2 191.1 192.3 193 195 196.3 196.6 197.2 197.6 197 197.2 197.9 199.7 201.5 202.9 203.3 204.4 206.4 206.9 205.2 203.1 198.9 192.5 185 177.2 165.4 155.3 143.7 138.1 144.9 149.4 156.5 155.2 155.7 157.7 158.4 161.3 164.8 171.5 182.2 194.2 204.6 209 212.2 212.1 213.5 211.8 207.9 201 189.3 184.2 181.7 171.4 150.7 133.3 129.9 125.2 120.9
220.1 212.5 209.6 207.2 205 204 203.5 202.8 202.2 200.4 199.7 199.3 197.8 194.6 193.1 192.2 191.2 191.5 191.4 191.2 191.2 192.4 192.9 195.6 197.8 199.8 200.1 199.8 200.2 200.5 200.9 202 202.8 205.2 206.5 207.6 208.1 208 206.9 205 202.2 198.2 192 186 179.2 171.8 159.9 151.9 143 140.9 137.8 137.5 142.6 149.1 149.6 149.6 149.4 152.9 157.8 163.3 173.6 183.3 189.4 197.8 199.3 202.8 205.5 200 189.3 188.1 184.8 183.6 176.9 169.5 152.7 136.1 130 125.7 120.9
216.7 212 208.8 206 202.7 201.5 200.8 200.2 199.2 198 197.5 196 195.4 191.3 190.9 190.2 190.8 190.6 191.9 192.5 193.6 195.6 197.7 199.9 201.6 203 203.2 203.5 204.2 203 204.1 206.2 208 208.7 210 210.6 209.6 208.5 206 202.8 198.5 192.1 186.2 179.8 171.7 162.4 157.4 150.1 145 145.1 141.3 136.6 136.6 135.5 138.6 142 142.7 145.1 149.4 153.9 159.1 171 181.8 183 187.1 188.2 188.5 190 189.8 188 182.4 178 173.9 166.5 154 140.4 129.5 125.1 120.8
215 211.6 208.4 203.4 200.4 199.5 198.8 198.4 197.2 195.8 195.1 193.5 190.9 189.3 189 189.9 191.5 193.2 194.4 195.5 197 199.3 201.9 205 205.8 206.9 207.4 207.7 207.1 209.2 210.7 211.1 211.6 211.7 212.2 211.6 209.2 206.7 204.2 200.6 194.2 187.3 181.5 173.1 166.1 159.6 156.1 147.9 148.3 151.1 152.7 148.9 141.2 139.4 135.6 134 136.9 138.4 140.6 145.5 150.9 158.4 166.2 173.2 181.8 188.2 187.1 191.7 189.8 184.6 181.1 175.7 167.8 162.7 154.4 141.8 131.1 124.4 120.4
211.8 210 206.4 202.2 198.7 195.5 196.1 195.2 193.4 193.6 191.1 190.7 187.1 187.1 188.9 190.7 192.9 194.8 196.5 198.4 200.4 203.7 207.5 208.2 209.4 209.2 210.3 210.8 212.2 212.7 212.2 214.4 214.4 213.5 212.8 211 208.4 205.2 201.5 195.6 189.1 182.2 174.9 167.4 161.5 158.4 152.1 150.8 156 159.8 158.8 154.6 148.3 143.1 139.7 136.4 133.5 132.4 135.4 138.4 141.9 146.5 155.1 163.1 172.9 180.3 184.1 188.4 184.6 180.8 176.1 171.7 166.8 157.7 151 145.1 133.8 123 120.3
207.4 206.3 204.3 200.7 196.9 191.9 192.8 192.5 191.4 188.8 188.1 186.4 185.3 186.9 189.2 191.7 195.3 197.3 199.3 202.8 204.4 207.2 210.3 211.2 211.6 211.8 213 214.6 215.5 215.3 214.3 214.4 214.8 214.7 212.8 210.8 206.8 203 198 192.8 184.4 176.1 169.5 164.9 161 156.8 156.7 156.8 158.7 161.5 161.3 155.6 149.5 145.6 142.7 139.1 136.4 133.4 131.4 132.5 135.5 140.2 144.9 152.2 160.4 168.7 175.4 179.2 177.5 172.5 169.6 165.2 160.3 153 148.6 141.4 132.9 123.2 121.1
204.1 202.7 200.8 198.5 194.2 189.6 186.2 189.3 186.6 184.9 184.7 184.3 185.1 186.8 190.7 194.1 197.5 201.2 204.3 207.8 209.6 210.7 212.2 213.8 214.5 214.5 215.7 217.1 217.4 216.8 215.6 215.4 215.5 213.7 210.9 208.3 204.6 200.4 195.6 187.4 179.5 173 168.4 164.7 160.5 162.8 161.9 160.5 160.3 165.6 165.8 163 155.1 147.7 145 141.6 138.7 136.3 133.9 131.2 132.3 135 138.9 143.5 150.6 157.6 162.8 167 168.1 166.3 161.9 158 151.8 147 143 135.2 130.1 123.9 122.8
202.8 200 197 195.1 191.9 188.4 182.4 185.4 184.4 183.9 184.3 184.3 186.1 188.5 192.8 196.6 200.7 204.4 207.9 210.7 213.8 215 214.4 215.8 216.8 217.7 217.4 218.8 218.2 217.1 216.2 215.2 213.3 210 208.9 206.2 202.7 198.1 189.9 182.4 177.3 172 168 165.2 164.4 164.7 165.1 165 167.6 172.9 173.7 170.6 163.2 154.6 147 144.5 142.1 139.4 137.1 133.8 128.7 130.4 132.7 137.2 143.8 149.9 152.8 156.7 159.8 159 156.5 153.6 144.3 141.6 136.2 130.9 126.9 123.9 122.9
204.5 200.4 196.7 192.8 188.9 184.4 179.6 183.3 180.9 181.2 184.4 185.3 187.2 191.7 197.1 202 206.4 209.6 212.6 215.2 217.8 218.7 218.5 217.8 218.7 218.4 218.4 218.2 217.5 216.3 214.4 213.2 211.7 210.2 208.6 205.6 202.3 196.5 188.4 182.5 176.5 171.9 169.2 167.8 168 168.4 168.7 170.1 173.5 178.5 178.7 176.6 171.7 165.2 160.4 152.4 145 142.3 139.8 136 132.7 128.1 130.3 135.1 138.8 143.2 148.3 151.2 153.5 153.3 150.7 143.3 141.9 133.5 131 128.8 123.7 123.3 122
210.9 203.8 197.5 191.3 187.3 183.3 176.9 179.3 179 182.4 184.5 188.7 191.8 195.3 201.5 206.1 210.2 213.6 216.4 218.9 220.4 221.1 221.2 220.4 219.7 219.2 218.5 217.4 216.2 214.4 213.2 212.5 211.7 211.1 208.8 207.4 202.9 197.5 190.1 183.7 179 176 175.5 174.2 172.7 173 173.1 175.4 178.8 183.2 185.9 186.9 184.2 180.3 174.1 164.9 154.2 144.6 141.8 138.8 135 130 127.3 132.3 135.8 138 141.9 145.3 149.1 147.2 143.1 139.6 134.2 130.7 127.9 125.9 123 122.1 121.6
217.3 211.3 202.6 195 184 175.6 177.3 178.7 180.5 183.9 188.6 192 194.8 198.5 204.5 209.3 213 216.5 219 221.1 222.6 222.9 222.9 222 220 219 218 216.3 214.5 212.7 211.7 211.1 211.5 211 209.9 208.5 205.4 200.3 193.4 189 188.9 187.9 185.7 182.6 181.4 181.2 181.6 181.7 186.5 191.6 194.5 194.6 191.5 189.6 184.5 175.2 163.5 153.8 145.4 141.3 136.5 130.9 126.6 129.5 132.5 134.4 136.3 137.3 139.1 140 136.9 133.2 130.7 129.1 127.6 125.3 123.5 122.1 121.9
218.3 213 205.5 195.4 186.1 173.4 180.2 180.6 182.9 186.9 191.1 195.2 198.4 203 207.6 211.6 215.1 218.3 221.1 223 224.5 224 223.2 221.7 219.8 217.7 215.4 213.5 211.3 210.1 209.8 209.8 210.7 211 210.8 208.4 204.6 201.6 198.9 196.8 197.5 197.9 196.8 194.6 192.3 190 190 193.4 195.4 198.2 200.2 200 199 196.4 189.9 180.6 171.5 160.8 150.8 144 137.9 132.7 126.3 127.5 131 132.1 132.6 133.7 135 133.7 133.2 131.5 131.8 136.6 133 127.9 126.6 124.2 124.6
215.3 209.7 202.3 193.3 184.2 172.8 184.9 185.5 186.4 189.8 193.7 196.6 199.8 204.4 209.1 213.2 216.7 219.9 222.4 223.9 224.3 223.6 221.7 219.8 217.1 214.5 211.6 209.5 208.6 207.6 207.7 208.7 209.6 210.3 209.4 207.2 204.6 203.9 202.5 205.1 206.6 205.5 203.9 203.9 203.4 202.7 203.6 203.7 202.9 206.4 207.1 206.3 202.6 198.3 191.6 183.3 173.8 165.6 157.2 146.6 137.6 132.6 125.7 126.8 128.8 130.7 131.1 131.9 132.6 132.6 131.2 133.5 136.6 139.7 137.5 131.6 127.6 125.6 126.1
207.7 202.3 192.8 187.3 178.6 172.7 183.9 187.9 187.6 190.5 193.9 196.7 200 204.9 208.9 213.4 217.4 220 221.7 222.6 222.3 220.9 218.9 216.3 213.9 211.1 209.2 207.3 206.5 206.5 207 208.5 209.7 210.5 210.2 209 209 208.1 209.3 211.5 210 207 207.3 209.9 212.6 214.1 216.4 212.5 212.7 214.2 213.1 210.2 205.3 198.1 190.4 182.4 175.5 169.4 162.8 148.8 139.2 132.2 126.7 126 127.1 129 130.2 130.8 130.5 133.7 136.2 137.9 141 143.2 140.6 135 129.5 126.6 126.1
197.9 192.7 186.6 180.6 173.4 172.5 182.5 184.1 186.3 189.6 193.4 196.2 199.5 204.3 209.1 213.5 216.1 218.4 219.6 220.5 219.8 218.4 216.1 213.7 211.2 210 207.5 206 205 205.9 207.3 209.7 210.7 211.9 214.3 214.3 214.7 214.8 214.7 215.1 212 208.9 210.5 212.3 214.7 217 218.6 218.9 218.3 219.2 217.2 214.3 206.8 197.5 187.9 181.6 176 168.6 158.2 147.8 138.8 131.8 127.2 123.9 125.9 128.1 129.4 131.2 134.6 140.2 143.6 144 145.2 146.3 143.1 138.9 130.8 126.9 125.7
190.5 182.5 187 185.2 172.9 172.2 186.2 188.3 185.4 187.6 191.7 195.2 198 202.8 207.7 211.6 214.8 216.5 218 218.5 217.7 215.8 213.4 211.6 210 207.7 206.5 204.9 203.9 204.5 206.3 208.1 210.2 213.1 217.7 218.2 217.7 217.4 216.3 214.7 212.2 210.6 211.1 212.2 214.5 216.3 219.2 220.8 222.3 222.6 220.8 218 208.6 195 186.8 179 171.4 161.5 153.7 144.4 137.4 131.4 126 123.5 127 128.7 130.3 133.8 140.3 145 148.2 148.5 148.1 148.6 146 140.7 131.8 128 125.7
186.4 189.8 188.7 184.6 173.9 168.4 181.9 184.7 183 185.7 190.3 193.1 196.5 200.7 205.2 209.2 211.8 214.1 216.7 217.4 216.2 213.4 211.5 209.5 207.7 206.5 204.3 203 202.3 204 205.9 207.7 212.1 217.9 219.2 218.6 217.9 217.1 216.1 212.9 211.2 209.8 209 210 212.1 214.7 218.9 218.9 221.4 223.2 222.7 218.2 208.1 194.9 185.8 176 165.3 156.3 149 142.2 136.1 130.5 124.9 123.9 127 128.9 132.5 136.6 141.8 145.6 148.5 149.6 149.4 148.7 146.2 140.3 131 127.9 123.6
190 191.4 191.5 186.7 178.8 164.3 167.8 174.4 176.5 181.4 187.1 191 193 197.2 202.4 206.2 209.7 212.6 214.8 214.6 212.6 211.1 209.5 207.3 205.4 204.3 202.3 201.6 201.4 203.4 205.6 210.2 216.7 221.3 221.3 218.7 217.8 217.3 213.9 210.7 207.7 205.6 205 205.3 208 212.8 215.1 216.6 221.8 224.3 222.4 215.5 204.5 195.7 186.8 175.5 160.8 150.8 145.2 139.5 135.2 131.4 124.3 123.3 126.7 129.6 133.2 136.7 140.2 145.1 146.1 147 147.1 147.3 144.7 138.3 129.4 126.5 122.7
189.2 192.1 192 191 184.8 170.1 162.2 166.1 170.6 175.1 180.9 185.3 188.1 193.1 196.6 201.2 205 207.1 208.3 208.4 207.8 208.4 206.9 205 203.2 201.6 200.3 199.8 200.1 202.2 206.9 211.6 216.1 220.4 220.3 218.9 218.5 217.5 211.7 206.6 203.3 201 199.9 200.9 204.4 207 210.1 213.3 217.8 218.9 213.7 209.3 200.3 195 186.8 175.8 160.5 148.5 143.6 138.7 134.2 130.3 123.3 123.2 126.4 129.7 132.8 135.6 138.6 141.4 143.5 143.9 143.4 143.1 140.6 134.3 128.5 124.7 121.1
188.9 191.5 192.7 194 189.2 175.4 164.9 160.8 164.8 169.2 174.6 179.1 181.1 184.5 188.1 192 195.6 198.2 200.7 202.8 204.5 204.5 203.3 202.4 200.5 198.9 197.7 195.6 198.5 202.2 206.2 210.6 218 219.6 220.1 219.2 218.8 215 209.3 203.2 199.5 196.5 195.3 195.7 197.4 200.3 204.5 205.4 207.1 204.1 199.8 199.8 197.8 192.1 182.8 174.3 162.3 150.2 143.2 138.9 133 129 120.9 122.4 125.5 128.6 131.1 134.1 135.1 138.4 139.9 139.5 138.6 137.6 136.4 131.5 127.4 121.2 120.4
187.8 190.8 194.3 194.5 191.3 183.8 168.7 162.8 159.1 163.4 169.8 174.5 176.9 179.4 182.3 184.8 187.6 191 194.4 197.7 199.4 199.7 199.2 198.7 197.1 195.8 194.3 191.5 195 199.5 202.2 209 213.5 215.9 217.5 218.7 216.2 213.2 208 200.4 196.2 192.6 189.4 189.4 190.4 190.5 191.4 192.9 193.3 192.5 192.8 194 192.1 185 179 171.1 162.8 153.9 144.5 141.3 132.7 127.3 124.3 121.6 123.2 126 128.4 130 131.9 133.8 134.5 134.9 134.2 132.7 130.3 128.1 122.4 120.9 119.7
186.9 191.3 193.5 194 192.6 189.1 179.6 163.5 159.4 158 164.7 168.6 171 174.5 178.7 180.4 182 186 189.2 192.4 194.2 195 195.1 194.4 192.4 191.8 190.4 188.5 191.2 194.5 198.4 205.4 208.8 214.2 214.2 214.2 214.7 213.2 209.4 202.2 194.4 188.6 184.8 182.8 183.1 183 183.6 184.4 184.6 185.2 186 185.9 183.1 179.3 173.1 166.3 162.1 153.2 149.7 144.8 134.8 128.1 125.1 119.6 121.4 123.1 125.2 126.7 126.8 127.9 129.7 130 128.7 128 125.6 123 120.6 120 120.4
