public/OST50/SN54.asc
ncols 200
nrows 200
xllcorner 250000
yllcorner 240000
cellsize 50
[rows 140 to 174 of 200, columns 0 to 78 of 200]
117.7 118.2 115.9 112.9 109.8 107 104.6 104 102 101 97 93.2 93.8 93.7 93.7 93 93.9 94.2 94.4 94.5 94.6 94.3 94.7 94.3 93.7 106.8 106.3 111.6 116.8 121.3 125.4 128.8 134.7 141.9 154.5 164.1 171.9 180 186.2 183.9 178.3 170.6 164.6 165.4 167.2 168.1 170.4 172.6 175.5 179.1 181.3 184.1 183.2 178.9 172.8 164.9 155.5 153.6 147.8 152.3 152.6 155.9 158.4 161.3 163.9 168.4 174.1 178 183.2 185.6 181.6 174.2 171.8 169.5 168.1 166.4 164.7 163.1 161.9
115.1 114.8 110 107 104.8 104.6 104 104.3 103.2 103.2 96.9 93.7 93.9 94.2 93.4 93.8 94.1 94.2 94.3 94.5 94.5 94 93.4 93.7 108.8 110.5 113.7 116.5 121.5 124.4 129 135.1 142 153.1 163.4 169.8 178.2 184.5 186.5 184 180 174.6 170.6 171.5 171.3 173.9 176.4 179 182.5 185.4 187.4 188.4 187.2 184.5 178.1 169.2 159.7 155.1 152.6 150.7 153.5 156.3 158.7 161.6 163.7 166.7 171.6 177.2 180.8 183.1 178.2 175.4 173.6 171.6 170.2 167.8 166.5 165.2 163.9
109.5 105.8 105.1 104.9 104.7 105.7 104.4 104.8 103.6 103.1 92.7 93.4 93.3 93.9 93.8 93.8 93.9 93.9 94.3 94.5 94.1 93.7 97.2 107.8 110.5 115.3 119.1 122.4 125.4 129.1 134.4 144.4 150 160 167.2 174.5 181 184.9 185.9 184.4 181.8 178.7 176.4 175.8 176.4 178.6 181.1 184 187.9 190.1 191.4 191.9 191.4 188.2 181.9 174.7 166.1 156.9 154.6 152.7 154.5 157.7 160 162.9 165 167.6 171.3 174.5 176.5 177.8 177.6 175.6 175 172.9 172.7 169.7 168.6 168.3 166.3
103 103.9 104.7 106 105.4 106.7 105.9 106.1 104.1 94.3 92.5 92.9 93.2 93.2 93.4 93.6 93.6 93.7 94.1 93.6 93.8 108.3 110.4 112.6 115.8 120.2 125.5 128.7 131.4 135.1 145.4 150.1 155.8 163.6 170.4 176 181 183.7 184.8 184.3 184.1 181.9 180.7 180.1 181.6 183.6 186 188.5 191.8 193.5 194.7 195.6 194.7 190.6 184.5 177.3 169.8 160.2 157.2 156.2 156.9 159.3 161.9 163.8 165.5 168 171 173.4 175.5 176.8 177.6 177 176.7 176.6 175.4 173.6 172.8 171.6 170.3
102.9 104.3 105.6 107.5 109.2 110.7 109.4 92.1 91.7 92.9 92.3 93.3 93.2 93.3 93.4 93.8 93.8 93.8 94.3 95.6 106.2 111.5 115.2 118.3 125.1 129.2 130.3 133.9 140 146.1 151 154.9 159.6 165.8 171.1 176.4 180.1 182.4 184.4 185.5 186.1 185.6 185.2 184.5 185.9 187.1 190.1 193.8 195.7 196.8 197.9 197.3 195.4 191.6 185.4 179.3 172 165.1 160.7 159.4 159.4 161.1 163.1 164.6 166.9 168.8 171.7 173.8 175.7 177.1 178.2 179 178.9 179.2 178.9 177.9 177.3 176.8 175.7
105.9 104.7 106.3 108.2 112.2 103.5 93.6 92.6 92.3 93.3 92.8 93.3 93.5 93.1 93.5 93.7 94.4 94.5 100.2 103.7 110.8 116.4 120.4 126.3 131.5 134.4 135.3 142.8 148.7 152.9 158.2 161.2 163.7 167.6 172.3 176.3 179.6 182.2 184.7 186.8 187.9 188.4 188.3 188.5 188.9 191.1 194 197.2 198.6 199.4 199.5 198.2 195.9 191.1 185.6 179.2 171.9 167.8 162.6 162.6 164.2 164.1 164.9 165.6 167.5 170.5 172.7 175.5 176.7 178.9 180.3 180.1 181 181.9 181.6 182.4 181.9 180.8 179
109.3 108.5 112.5 109.8 97.3 92.4 91.5 92.8 92.8 93.4 93.4 92.9 93.6 93.6 94.3 95.4 99.4 109.7 114.3 111.3 117 121.6 125.7 130.7 135.2 137.9 143.6 150.2 156 160 163.5 165.5 167.6 170.1 173.3 176.6 179.5 182.6 185.4 187.7 188.9 189.4 189.8 190.4 191.7 193.8 196.4 199.6 200.4 200.9 200.3 198 194.7 190.5 185.2 178.3 171.6 168 165.2 166.1 166.6 166.8 167.3 167.5 170 171.3 173.4 176.1 176.2 178 179.5 180.4 181.9 183.5 187.7 187.9 187.3 186.5 184.3
107.5 109.2 110.7 98.3 92.5 92.6 91.7 92.8 93 93.4 93.9 93.7 95.9 95.8 95.5 101.9 110.5 117.5 119 119.7 122.2 125.7 130.5 135.1 138.3 145.3 152.2 158.5 162.2 164.8 166.7 167.8 169.7 170.5 173.4 176.4 179.5 182.5 185 186.3 187.1 187.8 189.1 190.8 193.4 197 199.2 200.9 201.6 201.6 199.7 197 193.2 189 183.3 176.3 171.6 169.5 168.6 167.8 168.7 169 169.3 168.5 169.8 172 173.1 174.9 176.8 179.6 181.2 184.5 189.4 190.7 193.5 193.9 194 194.3 193.2
103.6 104.8 91.6 92.2 92.2 92.7 91.6 93 93.4 94.7 95 94.9 96 96.8 96.3 97.2 108.8 114 118.6 121.5 124.5 127.9 132.5 138.1 145.9 153.1 160.4 165.2 167.8 168.4 169.3 169.5 169.6 170.4 172 174.9 177.9 180.6 182.2 182.5 182.9 185.1 187.5 189.8 193.4 196.6 199.1 200.9 201.5 199.9 198 194.9 190.9 186.4 180.3 176.2 171.4 169.8 169.3 169.7 170 170.5 171.1 171 170.9 172.1 173.9 176.2 178.6 181.5 185.1 188.4 191.2 196.2 198.1 200 201.4 201.3 200.7
100.1 98 91.5 91.7 92.4 91.5 92.2 93.6 95.4 96.7 96.7 97.1 100.2 97.3 98.1 98.9 106.7 112.6 116.8 120.4 124.4 128.3 137.1 143.6 149.8 159.1 164.6 168.3 167.9 168 166.5 166.3 165.3 165.5 167.5 170.6 173 173.7 175.1 176 178.1 180.2 183.5 187.6 191.2 193.1 195.4 196.9 197.5 196.4 194.5 192.1 188.2 183.3 177.5 173.8 172 169.3 169 169.9 170.8 171.3 172.6 173 173.5 175.1 175 176.4 178.2 183 185.1 188.6 193.6 199 202.4 207.3 210.1 210 205.5
90.7 91.2 91.2 91.2 91.3 93.1 93.5 93.7 96.1 97.6 97.8 97.9 98.8 98.3 98.6 99.2 106.7 112.8 116.1 119.3 122.6 130.6 139.8 145.5 152.6 159.8 163.4 164.4 163.4 161.2 157.7 154.6 154.5 154.9 158 160.9 160.4 162.3 164.5 167.6 170 173.5 178.3 181.8 184.8 187.9 190.4 192.2 193 191.7 190 187.1 183.5 178.8 175.7 172.4 170.7 168.8 169.1 170.4 172.6 172.8 174.4 175.1 176.3 177.7 177.1 177.6 179.7 182.2 185.4 189.4 195.2 201.5 207 212.2 213.9 212.4 207.1
92.2 92.5 92.6 92.8 93.4 93.6 93.4 93.8 94 98.2 98.4 98.7 100.1 100.5 100.7 100.1 102 111.4 114.8 118.5 122.4 130.2 139.6 146.2 153.1 157.6 156.7 153.9 150.9 144.1 142.3 141.5 142.4 142.8 145.6 147.1 149.5 151.8 154 157.6 161.1 165.3 168.5 172.9 176.9 181.8 184.3 186.2 186.8 186.5 184.6 180.7 177 174.9 173.2 171.5 170.2 170.5 170.6 172.7 174.9 176.7 177.3 177.9 180 180.5 180.6 180 180.1 181.2 186.8 190.9 197.5 203.6 208.9 213.1 214.7 212.6 206.7
93.9 93.5 93.8 92.9 93.5 94.8 96.5 93.1 93.2 95.5 99.6 100.5 102.1 102.4 102.5 100.5 101.8 103.7 113 116.1 120.1 124.6 130.4 136.5 139.2 138.4 134.1 130.8 132 132.4 134 135.9 137.1 138.2 139.6 141.1 142.9 145.4 148 150.5 152.4 155.4 159.8 164.5 169.6 174.1 177.4 179.6 180.7 180 178.5 175 173.4 172.7 171.4 171.5 171.6 172.4 173.3 175.2 177 180.3 180.6 182.1 182.2 181.9 181.6 181.6 182.7 182.5 187.4 192 197.7 203.5 208.5 212.5 214 211.5 204.9
95.1 94.9 94.8 94.4 94.7 96.5 97.5 93.9 92.3 94.1 100.1 102.1 103.5 103.9 104.1 103.2 103.2 107 106.6 109.5 114.4 116.9 119.6 122.3 121.2 121.7 122.9 122.9 124.6 127.4 129.4 131 133 134.5 136.6 138.8 140.9 143 145.7 147.3 149.2 151.8 155 158.8 161.2 165 169.8 172.4 172.9 172.4 170.6 170.6 170.8 170.1 169.9 171.9 174.1 174.4 176.3 178.7 181.6 183.8 185.1 185.6 186.3 185.1 184.3 184.2 184.6 184.4 187.1 192.5 197.3 202.8 208.7 212.6 213.8 209.7 201
95.7 96.1 95.8 94.6 95.9 96.4 98.3 95.6 94.8 95.1 99.7 102.4 104.4 106.9 107.7 107.5 109.1 103.7 106 107.1 109.1 109.9 111.8 112 113.1 114.8 116.8 118.2 119.5 120.4 122 122.7 124.8 127.3 130.5 134.5 138.1 139.3 142.5 144.9 147.1 149.6 152.4 155.2 156.7 157.7 159.6 163 164.8 165.9 167 167.5 168.2 168.9 171.7 174.4 177.2 179.9 181.9 185.9 189.1 191.4 191.2 191.2 189.9 190.7 188.8 187.4 186.6 186.1 187.9 193.6 198.4 203.5 208.7 213.3 213.2 207.6 201.1
96.8 96.5 97 96.6 96.6 97.8 98.5 96.4 96.3 96.6 101.9 105.2 109.1 112.8 114.6 114.1 113.6 111.9 108.1 107.3 107.7 109 110 111.7 113.5 112.9 114.3 115.5 117.1 119.3 120.3 124.4 126.6 128.7 127.4 129.5 133 135.1 136.1 137.5 140.1 140.9 145.6 149.7 152.2 153.1 155.3 158.3 160.7 162.8 164 165.3 167.4 170 173.8 178.9 183.3 185.9 190 192.6 195 199.2 201.6 202.1 200.6 198.7 196.6 192.1 191.1 189.9 191.5 196.2 200 204.5 209 211.7 210.9 208.1 202.1
98.6 98.2 98.7 97.7 96.8 98 98 98.8 99 105.7 108 112.5 117.4 121.1 122.4 122 120.9 119.2 118 117.8 117.5 114.9 115 118 120.7 121.5 123.2 127 127.7 128.6 129.6 130.3 131.7 133.5 134.7 135.6 137.5 139 141.2 143.7 145.9 146.2 143.8 145.8 147.8 151 153 155.1 158.6 160.9 161.6 164.1 166.6 170.5 176.9 181.7 185.6 189.8 192.2 195 201.7 206.6 209.9 210.3 210.7 210.5 206.4 201.7 194.9 195.6 195.5 196.4 200.1 203.7 207.4 209.8 212.3 210.6 206.2
101.1 100.1 99.2 98.3 96.8 98.2 99.8 100.1 104.3 109.1 115.3 121.3 126 127.8 128.6 128.2 127.7 125.9 124.8 124.7 124.1 124.1 122.3 122.5 124.6 125.7 126.9 127.9 129.8 132 133.3 133.5 134.6 136.7 138.4 139.7 140.4 141.4 143.6 146.1 147.5 148.8 150.5 151.2 150.9 148.6 151.7 155.3 157.8 159.5 161.7 164 166.5 172.5 179.6 184.7 189.8 195 198.5 205.3 210.8 214 217.9 220.7 220.8 219.4 214.1 209 203.6 200.6 200.8 201.4 203.4 206 207.1 211.5 213.7 214.7 209.7
106.2 106 101.1 99.1 98.8 100.3 102.4 104.1 108 114.7 122.7 127.3 133 136.2 138.4 136.5 132.6 131.5 130.8 130.2 129.6 128.1 127.1 127.2 128.8 130.2 131 130.4 131 134.2 135.4 136 137 139.3 141 142.5 143.1 144.1 145.2 146.5 149.1 151.5 153.7 157.2 160.1 161.4 152.3 153.3 154.5 159.7 162.7 165.7 169.6 176.1 182.4 189.2 194.8 200.7 205.9 209.9 215.6 222.9 227.4 231.5 231.6 226.8 221.9 216.3 211.9 207.8 206.3 205.4 207.2 208.3 210.6 212.4 215.7 217.3 213.9
107.9 107.8 101.5 99.7 101.6 103.3 105.1 110.7 115.2 121.6 126.8 134 140.8 146.5 149.5 149.2 144.6 140.5 138.3 134.6 134.9 134.1 134.7 133.2 132.5 133.4 134.1 134.4 135.1 136.3 137.4 138.5 139.9 141.6 143.6 145.2 146.1 146.6 147.5 148.3 149.9 151.9 155.4 160.1 163.2 164.5 161.5 157.1 160 159.7 163.3 166.6 171.2 178.8 185.7 193.6 200 205.4 211.6 217.2 224.2 229 236.3 239.8 237.7 233.7 229.9 225.4 219.4 216 214.7 214.3 215 216.7 218.7 221.9 223.7 223.6 218.7
109.2 106.5 101.1 101 103.6 105.7 107.8 114.2 120.3 126.1 130.7 139 146 152.9 156.4 157.5 158.6 157.5 153.6 144.7 139.1 139.5 139.4 138.5 137.8 137.1 137.6 137.5 137.8 139.1 140.6 142.1 142.2 144.6 147.7 150.8 149.3 150.9 151 151.1 152.9 154.7 156.3 159.4 162.8 163.4 161.2 161 161.9 162.9 162.2 167 173.8 181 188.1 195.2 203.3 210.8 219.6 227.7 233.1 239.4 242.3 243.1 242.5 240.2 237.9 233.3 228.3 221.4 222.3 222.3 222.3 223.6 225.2 226.4 229.2 226.9 221.9
107.8 103.8 102.2 102.6 108 110.9 111.4 116.8 123.2 127.1 133.4 141.6 149.5 156.4 160.4 162.9 167.2 168.7 165.4 159.3 145.5 145 144.1 143.1 141.1 140.9 140.7 141.7 143.4 145.7 146.5 146.7 146.2 147.5 152.7 154.6 156.4 156.6 155.1 156 157.1 159.2 160.6 160.5 163.4 164 162.1 163.7 164.8 164.6 166.4 164.5 174.1 182.5 191.3 199.5 208.4 217.7 227.2 234.7 241 246.5 247.1 247.3 246.6 245.2 242.7 239.9 234.2 227.9 227.4 228.3 229.9 230.8 232.7 233.3 233.8 231.5 224.2
105.8 103.8 103.9 105.9 112.4 114.5 115.8 119.7 124.8 129 135.4 142.6 151 158.4 166.2 170.6 175.2 178.1 175.7 169.1 160.2 151.6 148.4 147.2 145 144.4 144 144.7 147.4 149.5 150.5 151.6 151.4 151.2 155.7 158.7 159.4 160 159.5 161.1 161.5 161.9 162.5 161.4 164.1 165.2 165 168.5 170.7 171.8 171.6 167.5 170.6 182.4 193.4 204 213.7 222.1 230.7 238.4 242.8 245.6 248.3 250.2 251.1 250.3 248.4 244.3 239.5 235.7 235.2 235.8 238.1 238.2 239 239.8 238.2 233.8 226.9
106.4 105.1 104 108.2 109.6 113.5 118.1 122 126.3 131.3 138.3 145.8 153.1 163.4 171 177 182.9 184.7 183.3 178.9 170.7 159.3 154.5 151.3 148.8 147.6 147.7 148.4 152 154.5 155.2 156.9 159.4 160.1 159.2 161.2 161.2 162 163.2 164.2 164.7 165 164.9 165.5 166 167.6 169.1 172.1 174.2 174.6 174.9 174.9 168.7 180.3 193.3 202.6 213.2 222.7 231.8 237.1 240.3 245.5 249.7 252.3 253.3 253.1 251.8 248.5 245.8 243.9 242.4 242.6 242.9 243.3 243.9 243.5 242.1 237.8 229.9
106.5 105.2 106.1 109 111.5 113.9 117.2 121.9 126.9 133 138.2 146.5 153 162.3 173.8 180.8 186.9 189.2 189.5 186.5 178.6 167.6 160.4 157.5 154.7 152.6 151.5 153.3 158.3 160.1 161.9 163.4 164.2 164.3 163.5 163.8 163.7 165.7 165.2 167.1 167.6 167.9 167.1 167.9 167.9 170.7 172.3 172.8 175.7 175.9 176.7 177.6 173.8 174.4 188.8 198.8 210.2 217.3 222.4 230.8 239.3 244.2 248.4 251.9 254.1 255.4 254.8 253 252.1 251.9 250.8 251.5 251.1 248.6 249.4 248.3 245.9 241.2 231.8
107 106.2 107.8 110 112.6 115.2 118.3 122.6 127.7 132.8 139.2 146.8 153.7 161.4 171.8 180.2 187.2 192 194.2 190.9 184.5 175.3 166.5 163.1 158.6 157 155.3 158.9 161.5 164.6 166.6 168 168.5 168.9 166.7 166.4 167.1 168.5 168.7 170.5 171.1 170.9 171.7 172.6 174.1 175.2 176.6 170.5 177.3 177.5 178.3 179.1 179.4 173.8 182.2 194.3 202.9 212.6 221.1 227.7 233.9 241.2 246.9 250.9 254.3 255.9 256.9 256.9 257.7 259.2 260.1 259.8 258.6 257 257 256 250.8 243.5 235.7
107.9 107.4 108.9 113 114.6 116.8 120 124.3 129 132.5 138.7 144.8 152.2 158.7 167.6 175.5 182.8 189.6 193.7 192.4 187 181.1 174.7 168.6 164.3 162.6 161.1 162.4 165.3 169.2 171.5 172.3 173.6 174.2 173.7 170.9 171.2 172.8 173.8 175.3 175.8 175.6 175.3 176.2 177 177.7 178.9 178.4 175.7 179 180.3 181.2 181.8 179.3 177.1 190 198.3 206.9 213.1 221.5 230.8 238.2 244.2 249.9 253.5 256.7 260 262 264.7 266.1 267.5 266.7 265.1 264.3 264.1 261.3 256.8 249.3 240.3
109 109 112.5 113.4 116.8 120.4 123.6 126.4 129.5 133.6 137.8 140.3 150.6 158.6 164 170.1 177.1 185.2 190.1 192.4 190.6 187.9 181.7 174.1 170.2 167.5 165.4 165.3 170.1 173.4 176 178.2 179.4 180.9 179.3 176.3 174.6 175.9 176.1 178.9 179.6 179.9 179.2 180.7 182.6 182.3 181.3 180.2 178.2 180.2 182 183 183.5 183.2 178.6 182.8 191.5 200.2 208.7 218.8 228.6 236.5 243.1 250.5 255.7 259.6 263.6 267.2 269.7 272.4 273.1 272.4 271.1 271.2 270 266.8 262.1 254.5 246.2
109.2 110.5 112.2 114.6 118.5 122.6 126.6 129.7 130.8 133.8 138.1 145.2 149.6 155.8 161.1 166.2 172.8 181.6 189.8 194.1 194.7 192.9 189.1 183.8 179.2 173.8 170.7 173.7 177.5 179.5 180.6 183.3 184.8 185.7 185.3 182.7 180.3 178.5 179 181.3 183.6 185.4 186.1 187.1 187.1 186.6 185.4 181.7 179.8 179.4 181.2 183 183.9 184.4 184.1 181.2 187.4 195.5 206.7 217.1 226 235.3 244.1 251.3 257.3 262 266.5 270.5 273.5 275.6 277.3 277 276.9 276.1 274.7 271 265.6 260.3 255.7
111.1 110.9 113.7 116.1 120.2 124.1 127.9 131 132.6 134.9 137.7 145.5 149.3 154.5 159.3 164.3 169.8 179.8 187.6 193.6 196.7 196.3 194.4 190.3 187.5 186.1 183.8 184.6 185.2 186.4 187.1 188.5 189.8 191.4 190.3 187.1 184.8 183.9 184.1 185.4 188.6 190.9 194 195.5 195.3 192.5 190.4 186.6 182.6 182.5 183.4 184.3 185.2 185.3 185.6 181.8 186.7 192.8 201.3 212.3 221.4 233.1 242.3 251 258.2 262 267.8 272.7 275.1 277.5 278.4 279.1 279.5 278.4 276.1 273.8 270.1 266.8 265
112 112.6 114.9 117.2 122.2 125.4 129 132.3 134.2 137.1 140 146.4 149.5 153.4 157.8 162.6 168.4 177.2 184.1 191.9 195.3 196.6 192.7 194.6 193.9 192.8 191.2 191 192.1 193.8 195.3 198.4 198.8 199.8 196.6 191.8 188.9 188.3 189.3 191.3 194 198.1 202.6 206.5 206.9 206 202.6 195.9 187.5 184.4 184.2 185.5 187.2 186.9 186.7 187.4 185.3 191.7 197 204.6 214.5 226.7 236.8 246 253.7 259.7 264.5 269.7 272 274.3 276.2 277 277.3 276.6 276.3 275.1 272.9 271.9 270.9
112.8 114 114.6 118.3 123.6 127.4 130.7 134.5 137.2 139.4 143.7 148.8 151.9 156.1 159.9 162.7 166.6 175.1 180.1 181.8 185.8 193 195.8 197.5 198.7 197.5 196.7 197.3 198.4 201.1 203.6 206.7 208.7 209.2 206.6 200 194.6 191.2 192.2 196 199.9 204.5 209.4 214.1 217.9 219.3 217.4 208.3 195.1 189.7 187.2 187.4 189.5 188.6 188.2 188.8 188.2 188.3 195.7 199.8 205.4 215.1 225.6 235.2 243.7 250.5 255.7 261.8 266.1 268.4 270.3 273.3 269.4 276.4 276.8 276.5 276.1 276.1 276.8
114 114.5 115.6 122.1 125.8 129.2 133.6 136.8 139.2 143 149 152.2 155.8 160.9 165.1 168.3 171.7 172.2 175.3 185 191.3 194.2 196.6 198.4 200.2 200.5 200.8 202.5 204.6 206.6 211.5 215.5 217.2 218.7 217.3 213.2 204.1 195.9 193.9 198.4 203.7 208.7 213.3 218.8 223.5 225.6 225.1 218.6 205.7 196.9 192.8 189.3 191.9 191.4 191.4 190.7 189.6 187.8 194.9 198.2 202.4 206.7 214.7 222.7 232.3 241.5 248.2 253.8 258.1 262.2 262.3 266 273.2 276.2 278.3 278.8 278.8 281 284.2
114.9 115.4 118.4 123.9 128.2 132.2 136.4 139.2 141 145.3 151.7 155.4 159.8 164.5 168 171.9 175.9 180.9 184.9 189.5 193.2 195.5 197.5 199 200.6 202.1 204.1 206.6 208.7 214.8 219.6 223.3 226.2 228.1 228.3 227 220.9 207.9 201.1 199.8 206.2 212.2 217.8 223.3 228.6 231.7 232 227.2 216.2 200.4 197.3 194.1 193.4 194.5 194 193 192.4 191.6 193.1 197.3 199.8 204.8 208.4 213.9 221.7 230.8 238.8 245.9 250.6 254.7 260.7 266.1 269.5 274.8 278.4 281.3 283.1 288.1 291.1
116.1 116.6 122.4 126.7 131.9 134.9 138.1 139.9 142.2 148.7 154.3 158.4 162.8 168.2 172.8 177.1 182.3 187.2 190.1 192.8 195.6 197.5 198 199.5 201 203 205.6 209.2 214.9 221.9 227.3 231.5 235.4 238.1 237.6 236.8 232.3 224.4 213.5 209.7 212.3 217.8 223 228.2 233.1 236.5 236.3 232.4 221.4 205.1 202.5 198.7 196.5 197.5 196.8 197 196.4 195.6 192.9 195.5 200.6 203.2 206.2 210.8 216.9 223.5 229.2 236.3 243.4 249 256.9 263.9 270.2 276.2 281.5 286.9 292.5 296.4 299.3
