public/OST50/SN55.asc
ncols 200
nrows 200
xllcorner 250000
yllcorner 250000
cellsize 50
[rows 0 to 34 of 200, columns 0 to 77 of 200]
69.1 74.1 78.3 80.8 82.5 84.5 86 88.3 89.5 90.4 92.6 93.7 94.8 96 97.9 101.6 105.2 108.8 111.7 114.6 117.1 120.2 122.8 125.4 128.7 133.1 136.8 140.2 144.1 147.7 149.8 153.6 157.7 160 161.4 162.4 167.1 172.7 178.4 184 185.5 189 189 187.8 186.9 184.2 182.1 179.6 176.2 176.5 183.8 188.4 190.3 192.8 194.5 195.6 196.3 198.8 200.2 201.8 206.4 211.6 216.4 220.9 225.2 229.2 233.7 238.4 242.5 246.1 249.2 254 259.4 265.9 272 279.6 286.9 299.7
69.9 74.8 78.1 80.8 82.8 84.3 86 88.6 91 93.1 93.6 94.1 95 96.5 98.2 100.7 103.2 106.1 109.9 112.7 116.6 119.4 123.6 127.1 130.8 134.5 138.2 141.9 145.9 149.7 152.6 156.1 159.7 161.4 163.2 168.1 173.6 180.2 185.9 188.1 189.3 191.4 192.1 191.9 190.5 188.5 186.8 185.1 183.5 179.5 184.4 190.5 192.7 195.3 197.4 199.5 200.5 202.1 203.5 204.7 207 210.8 215.6 220.2 224.4 228.4 232.4 235.9 239.4 243 247.2 252.9 259.9 268.8 275.2 284.4 294 303.8
71.2 74.5 77.2 79.3 81.3 83 85.5 87.7 91 96.4 98.9 97.7 96.6 97.8 99.6 101.5 103.7 107.9 111.1 113.4 117.9 121.3 125 128.8 132.7 136.3 140.1 143.7 147.6 151.2 154 158.1 160.4 163 169.7 175.6 180.8 185.6 188.4 190.5 193 195.5 196.1 195.5 194.1 191.7 190.4 190 189.9 187 183.3 190.2 195.4 197.7 199.7 202.1 203.7 205.2 206.6 208.1 209 212.5 216.1 219.7 223.5 227.8 231.5 234.5 238.3 242.7 248.6 255.3 264.1 272.8 279.8 286.5 296.8 305.1
70.1 73.4 75.7 77.3 78.8 81 82.9 86 90.8 97.8 103.2 102.1 102 102.7 103.9 104.4 105 110.8 114.2 117.1 122.2 126.8 130.1 132.9 135.4 137.9 141.6 145.4 149.1 152.3 155.6 159.8 165.6 170.8 176.5 181.9 187.4 189.2 192.1 195.2 198.9 201 200 198.9 197.5 196.1 194.2 194.4 194.3 192.9 190.4 191.5 193.5 199.1 201.2 203.6 206.1 207.9 209.6 210.5 211.7 213.1 215.7 218.8 222.1 225.5 229.8 234.4 237.2 242.2 249.2 257.8 268.7 278.1 283.7 288.3 295.9 303.8
68.3 72.2 74.9 76 77.4 79.1 80.2 85.7 91.7 98.1 102.5 105.2 107.3 110.3 111.6 112.3 113.5 113.3 117.7 121.7 126 129.7 133 136.3 138.9 140 142.3 145.6 149.8 154.5 158.9 165.6 172.9 178.4 182.9 188.2 191.6 193.7 196.1 199.3 201.7 201.9 201.3 201 200.7 199.9 199.6 199.2 198.7 197.4 195.5 195.3 195.7 199.5 202.7 204.5 207.1 209.9 211.4 212.5 213 213.9 216 218.5 221.4 223.9 229.9 235.1 239.5 246.8 254.2 265.5 274.3 282.1 287 291 296.4 303.1
63.2 70.5 73.2 75.3 76 76.5 78.8 84.1 91.5 99.9 103.6 106.9 112.3 116.7 120.2 121.7 120.2 119.3 121.7 125.1 129 132.5 136 139.3 142.6 143.4 143 145.7 150 154.5 160.2 169.2 175.2 183.1 187.6 191.7 195 196.8 198.3 200.6 203.3 203.6 202.6 202.5 203.4 204.7 204.9 204.9 203.5 202.2 200.4 198.1 201.1 200.8 204.1 205.1 207.1 209.2 211.4 211.8 212.4 214.1 216 218.3 220.3 226.8 233.2 238.3 244.4 254.9 264.1 271.7 279.6 284.5 290.7 295.8 301.6 305.5
53.9 61.5 70 70.9 72 73.8 77.1 82 91.4 102.1 106.4 110.6 116.5 122.7 126.8 128.1 125 122 123.1 127.5 131.2 134.7 139 142 145.5 144.8 144.3 146.2 150.6 154.6 161.1 170.5 177.2 183.8 188.5 193.2 196.8 199.8 201.6 202.9 204.6 204.9 205.1 206.7 209 210.2 210.2 209.5 208.4 207.1 204.9 202.3 203.1 203.3 205.6 205.9 206.7 208.3 209.8 210.2 211.7 214.1 217.4 221.4 227.4 233.6 238.6 244.1 252.3 263.4 272.6 280.1 286 290 294.9 299.6 304.5 308.3
54 57.1 59.4 65.7 67.5 70.7 74.7 81 91.7 101.6 110.2 117 123.4 128 130.7 131.1 129.7 124.2 123.8 127.6 132.6 135.8 139.5 143.2 145.8 145.4 146.7 150.7 154.4 159.4 165.4 171.4 177.4 183.3 189.2 194.1 197.9 200.6 203.4 204.7 207.1 209 211.6 215.9 218 217.1 216 215.5 214.5 211.7 209.2 206.3 203.7 205 205.7 206.3 206.8 207.7 208.2 209.9 212.5 216.8 222.2 230.9 237.7 243.8 250 254.1 260.7 270.8 278.6 285.2 290.8 294.5 298.1 301.5 302.9 303.9
58.3 53.7 54.4 60 64.4 67.7 76.1 83.8 94.3 102.9 113.9 122.1 127.3 128.1 131.9 131.6 128.5 123.9 124.4 127.3 131.5 133.7 136.2 139.5 145.4 146.3 148.9 154.8 160 165.3 170.5 173.9 178 183.3 189.5 194.2 196.8 200.1 204.1 207.3 212.3 216.5 220.4 224.3 224.6 224 221.4 220.9 219 216.6 212.7 209.8 206.8 205.2 206.1 206.8 207.4 208.6 210.6 215 219.8 227.2 233.8 242.9 251.5 258.5 262.5 265 271 278.2 283.2 288.5 292.6 295.6 297.7 297.1 296.9 298
64.1 57.5 56.3 56.6 61.8 66.4 76 87.9 98.9 106.6 114.9 121.6 126.4 124.3 128.6 131.2 125.8 123.2 124.5 126.5 128.3 131.2 132.3 135.1 137.8 143.9 149.2 157.1 164.9 168.7 171.9 176.2 180 183.7 188.6 192.1 194.5 200.1 205.9 211.1 218 224.2 229.4 231.1 230.6 229.6 228.3 227 224.1 219 216.2 210.8 206.9 205.9 206.3 207.5 208.9 213.4 220 224.5 232.5 240.8 246.9 255.7 263.4 268.4 272.3 273.7 277.5 281.9 285.4 288.5 292.1 292.4 290.1 289 289.3 291.4
66.2 60.2 57 56.9 54.8 65.5 76.7 91.8 101.4 109.8 119 125.6 124.4 121 125.4 128.1 122.3 121.6 123.5 123.6 124.9 126.3 128.7 131.9 135.8 144.6 150.3 158.3 164.1 168.7 172.7 178.9 183.5 185.9 188.4 191.3 195.1 201.7 209.6 215.6 223.2 231.3 235 235 236.3 234.3 234.7 233.1 227.7 222.7 217.9 211.5 207.5 206.2 206.9 208.3 214.4 221.7 228.3 236.4 244.6 251.4 259.8 267.6 273.4 276.5 277.7 278.8 281.3 282.6 284.6 285.7 284.6 282.8 282.2 281.3 283.7 285
68 61.3 58 57.3 56.3 64.1 75 88.7 101.4 111 119 121.1 119.1 117.5 119.4 119.7 118.5 118.1 120.2 119.5 121.7 124.6 127.7 131.4 136.7 145.2 152.1 160 164.9 169.7 175.2 180.1 184.8 188.1 190.4 194.8 199.1 204.7 211.3 217.7 225.8 231.7 235.2 235.3 234.9 236.4 239.8 234.3 229.2 225.3 216.7 211.2 208.7 208.2 210.2 214.9 220.9 227.5 233.6 241.7 250.3 259.2 268.4 275.3 279.8 280.4 280.2 281.5 282.2 282 283.2 280.2 275.8 274.8 275.2 276.4 278.1 280
68.1 64.7 59.5 57.8 57.7 62.2 70.5 84.1 95.7 106.6 112.9 114.3 113.9 112.8 113.6 114.8 113.6 112 114.1 114.1 118.1 124.8 128.2 131.7 140.5 147.4 154.1 158.6 165.2 173.4 177.6 180 184.8 189.5 193.5 197.6 201.9 207.8 214.6 219.8 224.5 230 233.9 234.2 233.1 236.1 234.4 232.7 227.5 221.5 216.5 211.6 210 210 213.6 218.8 225.6 232.3 238.9 245.1 253.8 263 272.4 278.5 280.5 281.2 281.8 282 280 275.2 272.6 270.4 269.5 269.3 269.6 271.1 272.7 274.2
67.4 67.6 63.5 56.1 57.5 61.6 64.7 71.9 83.5 94.2 99.1 104.4 105.3 103.8 105 107.4 107 104.7 106.2 107.7 115.9 122.5 127.9 134.6 140.5 148.1 154.6 160.7 167.6 172 176.5 180.3 184 188.1 193.2 198.1 203 209.5 214.5 217.3 221.4 225.8 229 230.3 229.4 230.6 231.7 229.6 223.2 218.2 216.4 216.8 215.4 212.3 214.2 219.1 225.5 234.9 242.5 249 257.4 265.8 271.8 276.7 278.4 278.6 278.2 274.6 270.1 268.1 266.4 265.4 264.6 264.3 264.9 267.3 268.5 270.5
67.8 67.5 65.4 56.1 58.2 61.3 63.6 67.7 73.2 79.9 86.6 90.2 89.5 89.1 92.5 94.4 94.6 93.5 96.8 98.9 107.5 117.6 126.7 133.7 139.4 145.7 151.6 159.4 166.8 169.5 173.8 180.1 183.9 187.3 191.7 198.2 203 207.8 211.8 213.7 215.5 219.3 220.4 221 220.7 223.7 226.7 221.4 218.1 217.5 222.9 225.5 221.1 216.3 215.4 220.1 224.4 234.9 244.7 251.6 257.9 264.3 268.9 272 273 270.5 266.3 264.2 263.6 261.6 260 259.5 258.8 258.8 259.7 263.1 265 267.3
69.3 68.8 65.5 56.1 58.6 59.3 61.8 65.5 70.2 75.1 77.7 78.1 78 77.9 79.6 78 79.5 79.8 83.6 89.6 96 109.1 121.1 128.8 137 144 151.3 157 162.3 164.6 169.9 177.3 184.2 189.2 193.4 197.5 200.6 204.7 205.6 207.4 209.6 213.2 213.8 214.2 214.6 216.2 216.1 215.7 217.3 224.8 230.4 231.4 227.2 222.3 218.9 222.3 229 234.5 244.6 252.2 259.8 262.8 266.5 266.9 265 260.2 256.8 256.5 255.9 254.2 254.5 254 253.2 254.1 255.6 259.4 262.7 266.3
72 69.9 69.1 65.7 59.2 58 59.4 61.4 66.3 70.9 72.9 71.9 72.6 73 72.3 71.5 71.3 72.2 73.4 77.9 84.7 98.1 115.4 125.2 132.9 140.8 148.6 152.2 154.9 159.5 166.9 175.3 182.2 188.9 192.4 193.6 196.6 197.8 198.5 200.5 204 206.2 207.2 209.3 208.5 208.4 211.5 218 226.2 231.6 236.1 237.2 234 230.1 227.4 224.6 231.7 241.2 245.5 253.4 258.3 261.2 259 255.9 253.9 251.5 250.2 249.9 249.3 248.4 249.2 249.3 250.2 251.2 253.8 257.7 263 265.5
78.4 71.5 69.9 68 68.8 65.5 62.3 56.1 59.3 59.8 61.9 63.3 64.9 65.7 65.1 64.9 66 66.6 68.3 69.7 72.3 86.4 108.3 121.5 128.4 137.2 141.9 145.6 150.7 157.3 164.6 170.9 176.6 182.5 185.3 185.9 186.9 190.4 191.6 194.5 195.1 195.6 198.4 201.1 201.5 208 215.1 224.5 230.3 235.3 239.9 241.5 239.4 238.4 238 239.8 237.2 244.1 251.5 254.7 257.7 257.9 252.2 249.3 247.4 246.1 245.4 245 244.8 244.9 246.1 246.6 247.7 247 248.6 252.6 260.2 264.1
85.8 74.1 73.2 71 71 70.7 68.2 65.3 62.6 62.1 61.4 60.3 58 60.3 60.8 59.8 61.4 63.4 63.9 65.4 66.9 72.4 86.2 102.3 114.1 126.2 132.6 141.9 147.4 154 159.3 164.2 169.1 173.6 175 174.7 176 180.3 185 185.6 186.9 189.9 194 195.9 200.4 208.6 217.3 224.4 230.8 236 239.7 242.1 243.7 245.2 248.2 250.3 250.5 240.4 252.9 251.9 254.2 248.7 246.4 245.7 243.8 242.6 241.8 241 241.1 241.7 242.1 242.9 244.7 244.2 245.6 248.6 252.6 257.8
91.7 80.7 76.8 76.7 77.5 78.4 74 70.7 68.3 66.3 67.5 65.3 63.2 63.4 63.6 61.5 60.5 60.9 61.5 61.8 64 65.7 72.3 80.2 92.9 104.2 112.2 124.9 137.4 146 153.9 158 162.5 165.9 167.9 167.3 168.4 171.5 176 179.4 182.1 185.5 189.1 193.2 199.7 206.3 215.1 222.8 227.8 231.8 236.6 240.4 245.3 251.4 258.2 262.3 264.7 262.4 248.7 245.8 245 245 244.2 242.1 240.6 239.2 238.1 237.7 237.8 238.5 238 239.8 241.9 242.1 244.4 249 253.6 259.2
93.2 87 84.8 88.9 89.7 90.2 86.7 83.3 79.7 68.8 68.3 67.7 65.9 66.1 64.8 64.7 61.8 61 60.3 60.9 61.1 62.3 64.9 69.4 72.6 79.6 88.7 100.3 112.3 125.7 139.7 148.7 155.4 161.3 160.9 162.7 164.9 167.1 169.6 173.9 177.3 180.9 186.5 190.6 200.5 206 212 219.8 223.6 227.9 234 240 248.4 257.6 264.1 269.1 271.2 271.1 259.2 245.2 243.3 242.1 240.8 238.9 236.8 234.9 235.3 234.6 233.1 236.4 238.6 239.6 240.3 241.5 244.5 250.4 256 261.3
92.4 89.8 92.6 95.6 108.9 100.5 95.3 96 88.3 79.3 72.4 69.4 68 66.3 65.3 63.4 61.6 61.2 61.3 60.3 60.9 61.6 63.1 63.2 65.4 71.2 75 81.8 88.6 100.6 117.3 134.9 144.3 150.8 157.2 158.9 162.8 164.4 167.2 170.7 173.4 176.8 184.7 191.6 193.9 197.6 205.5 214.6 220.1 226.4 233.5 242.5 253.7 262.8 268.5 272.4 268.6 263.9 252.5 245.5 243.3 240.1 237.1 234.6 232.7 231.6 232 229.7 231.8 235.9 237.4 238.5 240 242.2 247.8 254.4 261.3 265.8
90.5 91.3 95.7 111.3 116.1 111.3 106.9 100.8 89.4 84.1 79.8 75 71.7 68.4 64.9 62.9 62.9 61.5 61.1 57.6 59.1 61.1 62.4 60.4 60.6 65.4 67.8 71.1 77.3 83.3 94.1 113.3 127.9 140.6 149.3 154.9 160.1 164.2 166.8 168.6 170.3 174.1 178.8 185.9 189.2 192.5 200.7 206.1 216.5 223.9 234.1 246.5 257.6 265 269.1 264 260.8 255.3 251 247.1 244.3 237.6 232.4 230 228.2 227.8 226.9 220.5 230.7 234.3 235.8 238.3 240.4 242.9 248.6 255.7 261.9 267.8
90.3 96.3 104.3 117.5 115.8 112.3 108.4 99.9 91.3 85.8 84.6 80.5 78.2 72 68.3 65.6 62.9 62.9 63 63 62.7 59.6 60.5 61.4 61.4 62.5 61.2 65.7 70.1 74.9 83 93 112 128.4 142.1 150.2 158.9 165.1 169.5 172.6 174.6 173 173.9 177.8 186.4 192.9 196.2 200.5 212.3 224.9 235.8 249 259.3 261.7 259.4 254.2 253.1 253.4 253.7 247.3 241.2 234.1 230.2 226.3 222.9 222.4 222 222.3 228.4 231 233.7 236.1 238.9 246.4 250 253.4 260.1 269.8
93.5 101.8 112.3 115.4 113.6 109 99.5 94.6 91.2 88.8 87.7 89.5 88.4 81.3 73.3 67.4 62.9 62.9 65.2 66.9 64.9 63.5 61.1 61.2 61.2 61.5 66.9 70.5 69 70 75.7 82.2 95 112.4 131.6 145.1 158.2 173 180.4 179.7 175.8 172.2 172.6 176.9 185.5 195.9 198.2 201.6 211.3 223.1 235.6 248.3 251.8 248.8 244.7 246.9 251.2 251.4 245.3 237.6 234.2 230.9 227 222.6 214.5 215.3 212.4 219.9 225.2 227.7 230.3 232.5 236.6 246.4 248 252.4 260.3 267.4
102.3 105.3 107.4 109.6 106.5 100.8 99.1 97.5 93.4 91.5 93.1 96 96.4 97.5 80.4 72.9 68.7 67.1 70.5 71 68.1 64.8 62.5 61.7 61.9 61.3 64.1 63.4 67.5 70 68.7 73.9 79.2 96.7 112.5 138.8 156.1 176.4 178.3 175 171.5 169.7 172.6 181.4 191.1 198.8 202.3 204.5 212.1 222.9 231.7 239.1 239.6 235.4 240.3 245.4 248.3 241.9 235.5 230.7 229.8 227.7 222.8 215.9 208.9 209.1 204.2 217.3 220.8 223.9 227.3 229.3 234.1 240 245.1 253.2 260.2 266.5
100 103.6 102.9 102.2 101 102 105 106.8 106.7 105.8 106.9 104.2 107.8 104.7 93.6 86.2 82.4 81.6 75.8 73.6 70.9 70.7 67.8 63.1 65.3 62.7 61.3 61.6 61.3 66.4 66 67.2 72.5 79.1 101.1 133.9 155.8 170.9 171.3 166.2 164.8 167.7 175.3 184.3 192.7 198.5 203.1 205.3 212.1 217.3 227.5 227.9 225.1 229.1 236.7 239.4 236.4 232.8 228.3 224.5 224.2 221.5 216.1 210.4 204.4 202.8 198.9 212.4 216 220.9 223.8 226.9 231.1 238.2 245.6 252.9 261 269.5
117.1 113.4 119.3 105.6 101.8 112.4 115.8 117.9 120.9 138.6 128.6 112.4 109.1 109.2 106 102.7 99.8 92.6 84.5 78.9 75.1 74.4 73.5 71.8 69.8 67.9 62.7 59.7 62.4 62.7 63.1 63.5 64.6 72.2 93.2 125.9 154.3 161.7 162.1 161.5 161.1 163.5 174.2 184.6 193.9 202.3 205.8 202.8 205.3 214.6 218.8 219.3 221.3 224.1 227.2 230.1 230 224.7 220.4 218.4 216.9 212.8 206.6 203.9 200 197.9 194.9 209 214.6 218.3 221.5 225.2 231 240.8 248.9 256.2 260.1 261.1
123.4 128.2 131.1 118 120.8 122.7 123 127.5 145.2 147 141.4 131 116.7 113.6 114.9 119.5 115.2 106 95.3 87.8 83.5 81.1 80.9 78 73.5 67.3 64.1 60.7 61.1 61.6 61.4 61.9 63.4 67.6 90.1 120.5 140.9 149.3 154.9 157.2 157.9 161.1 169.9 188.1 196.1 197.5 200.2 199.8 202.4 210.1 215.8 214.4 215 218.3 221.2 224.3 220.9 219.2 219 214.6 210.5 202.4 198.1 196.7 192.7 192.4 185.5 208.7 212.9 216.8 219.7 224 231.8 239.3 247.9 252 254.2 257.5
133.1 135.7 131.7 129.3 131.6 128.7 128.8 141.1 150.5 146.9 147.5 144.2 136 128.3 127.4 130.7 133.8 122.8 106.8 102 99.2 97.6 96.2 91.4 79.9 71.2 65.2 63 60.3 61.5 61.4 61.6 62.6 66.1 92.5 111.6 128.5 140.5 147.3 150.9 155.4 159.5 168.7 184.3 193.2 192.7 193.5 197.6 199.3 210.5 206.3 208.2 210.7 212.9 213.4 216.6 219.7 219.8 217.4 212.9 208.1 201.3 188.3 182.9 181.3 185.1 196 205.6 211.7 212.9 216.7 223.2 229.5 238.6 244.1 247.7 251.5 254.2
138.8 136.6 133 133.3 134.5 133.4 135.6 144.5 147.3 148.4 150.2 154.2 156.5 148.9 141.2 143.1 144.5 136.8 121.1 113.2 116.3 114.6 110 104 94.4 78.8 67.2 63.4 60.8 61.9 62.2 61.3 61.5 63.3 85.4 100.3 114.8 130.2 138.2 145.6 153 159.1 167.6 172.9 182.7 186.9 187.7 189.7 192.8 200.9 206.6 214.9 217.3 219.8 214.2 216.8 216.8 215.8 213.7 209.8 205.5 199.2 181.2 170.5 167.2 172.4 193.6 200.6 205.5 207.6 213.3 220.1 227.7 234.9 239.3 244.4 246.4 247.4
137.6 136 135.1 136.3 138.2 139.1 144.5 146.8 150.8 158.4 161.6 162.3 163.2 161.2 156.6 153.6 150 148.4 138.4 125.2 124.1 122.9 124 123.3 114.2 99.5 75 63.8 61.5 61.5 61.4 61.6 61 61.7 70.6 87.4 101.5 111.1 127.2 143.3 153.4 156.6 161 166.7 172.6 181.5 185.7 187.6 192.7 204.3 211.3 218.9 221 219.9 215.1 212.9 212.4 212.1 209.2 206.1 201.9 194.7 178.4 164.3 160.6 158.1 184.9 194.5 200 202.9 208 212.5 221.7 228.3 233.3 236.2 238.5 242.2
136.3 136.6 138 142 143.4 142.4 144.4 149.8 161.1 166.7 169.9 165.4 161.6 161.5 163.1 164.2 162.7 156.7 154.7 141.9 134.3 136.7 138.2 140.9 139.2 126.5 92.6 66.8 61.4 61.7 60.1 61.6 61.5 61.5 64.6 75.6 85.8 97.8 112.8 134.7 143.6 147 152.7 169.8 182.2 188.1 189.4 190.3 196.7 206.2 214.4 216 219.2 214.9 213 212.9 210.7 209.2 205.8 200.4 194.3 182.9 169 164.9 152 152.8 174.1 184.7 192.1 198.7 204.2 209.7 215.2 222 226.5 230.9 234.4 239.8
137.4 138.7 141.3 144.7 145.2 145.9 153 158.9 167.3 172.5 172.1 164.2 162.7 166.1 169 171.1 169.3 164.8 158.1 154.1 143.5 147.9 156.3 156.9 149.4 133.6 103 70.4 62.6 61.4 61.5 59.8 61.6 61.6 62.3 69 76.4 83.7 103.3 120.9 131.4 135 151.4 176.5 189.2 195.7 195.2 198.3 201.2 205.2 208.4 210.3 211.1 212.1 212.5 212.9 207.4 205.3 203.3 189.2 178.5 168.3 160.6 158.9 140.2 147.9 168.1 178.7 185.4 190.5 198.2 204 210.5 215.9 221 226.4 235.1 236.5
136.3 138.5 146.6 145.8 146.8 154.5 163.4 164.8 168 174.8 171.9 167.9 170.7 170.4 170.7 170.3 170.3 169.4 164.4 156.9 154.2 158.8 160.4 157 148 128.2 105.9 81.2 65.7 61.7 61.3 61.9 61.7 61.3 62 64.6 69.6 76.5 94.4 109 115.5 135.6 149.3 169.9 185.4 191.7 194.7 196.6 201.5 205.7 207 207.4 206.6 205 206.9 206.4 200.9 192.3 183.5 176.1 164.2 153 150.8 142.2 134.5 152.7 166.5 176.4 181.8 187.1 192.8 201.7 209 214.7 219.7 227 231.4 232
