public/OST50/SN55.asc
ncols 200
nrows 200
xllcorner 250000
yllcorner 250000
cellsize 50
[rows 70 to 104 of 200, columns 0 to 77 of 200]
260.5 260.7 260.7 258.8 257.2 256.3 255.7 253.5 252.7 249.7 246.6 240 237.7 242.9 244.8 243.8 241.8 240 237 240.2 240 233.3 227.6 223.4 219.4 215.9 214.2 213.8 215.4 222.2 225.4 218.2 207.8 200.4 199.1 197.2 192.8 186.1 176.9 166.2 152.3 134.2 116.9 103.8 96.7 90 81 76.8 75.4 75.1 71.4 68 67.7 67.3 66.8 65.7 64.9 64.2 64 64.8 66 64.8 65.8 64.9 64.4 64.2 64.9 65 65 65.3 65.3 65.2 65.6 65.7 64.8 65.6 65.7 65.7
264.1 268.1 269.1 269.5 270 270.2 268 260.5 257.4 253.6 248.6 243.4 243.3 246.5 245.1 241.5 241.2 234.6 232.9 234 233.8 232.5 230.6 228.1 220.9 218.4 220 223.4 223.2 220 213.2 203 189 182.8 182.6 181.6 179.4 174.7 167.8 160.6 149.5 134.5 113.2 105.4 99.6 90.2 82.1 77.4 78.3 78 75.4 71.3 69.3 69 67.6 66.1 65.3 65.2 64.7 64.8 65.7 66 66 64.5 64.3 64.3 64.6 64.8 65.2 65.2 64.6 65.2 65.5 65.7 65.8 65.8 65.8 65.9
270.7 275.8 277.5 278.2 279.3 279.3 276.7 267.8 261.7 256.9 255.6 254.7 247.4 245.3 243.2 236.1 231.7 229.6 230.2 232.7 234.6 233.3 227.4 223 219.9 219.4 216.8 213 208 202.6 196.3 186.4 174.1 166.5 166.1 166.5 166 163.8 158.8 153.1 144 130.1 115.3 106.1 96.9 87 81.6 77.8 80 79.7 77.3 73.4 71.6 69.8 68.2 66.7 66.1 66 66.1 66 66.1 66.1 66 64.7 65 64.8 64.6 65 65.4 64.3 65.4 65.4 65.4 65.7 65.9 65.8 65.9 66
272.6 281.5 286.1 286.5 286.1 284.3 282 272.9 266 262.2 263.4 259 251.1 243.7 240 232.7 230.5 229.6 230.1 230.4 227.7 222 219.4 216.8 216.1 211.8 204.4 197.9 190.9 182.7 173.9 158.6 153.8 152.1 152.5 151.6 151.6 149.5 148 144.5 137.1 127.6 115.7 102 90.2 84.8 81.8 82.9 80.5 79.6 77.7 75 71.7 71.3 70.2 68.4 67.8 67.3 66.9 66.9 66.5 66.6 66.3 66 66 65.8 65.5 65.6 65.3 65.4 65 65.3 65.3 65.5 65.1 65.9 66 66.1
278.4 285.4 289 291.2 291.4 288.9 285.6 273.8 266.8 267.6 266 256.5 247.6 238.7 236.1 233.4 232.9 232.5 230.4 223 216.8 212.9 210.8 208.9 205.1 198 186.7 174.3 166.4 161 150.5 142.6 134.8 133.8 134.4 134.2 135.2 134.3 130.7 130.3 124.7 118 109.5 90.1 84.1 85.6 84.5 83.1 80.6 78.8 76.9 74.2 74.7 75.1 74.2 72.6 73.1 71.1 67.9 67.9 67 66.9 66.9 66.9 66.8 66.7 66.5 66.4 65.7 65.7 65.5 65.4 65.3 65.6 66.1 66 65.9 65.8
286.2 288.8 290.8 291 288.8 285.4 280.2 271.9 273 273.4 264.6 252.6 245.3 236.5 234.7 233.5 229.3 224.2 220.8 212.5 199.6 203.5 200 196.1 185.1 175.1 166.9 153.7 145.4 140.1 127.4 117 117.4 114.9 111 109.6 107.8 107.7 103.8 97.7 98.7 95.5 88.6 89.2 86.8 85.8 84.2 82.6 80.9 78.9 75.8 76.8 76.6 77.3 76.4 75.7 74.7 73.4 70.1 68.9 67.7 67.7 67.7 67.7 67.7 67.5 66.8 65.9 66.1 65.8 65.4 65.4 65.4 65.5 65.9 66.7 66.1 65.7
287.1 293.1 294.5 292.7 289.3 284.4 278.8 278.9 278 272.1 258.4 250.2 240 233.3 232.4 225.2 220.5 218 211 198.9 177.9 186.9 181.3 171.9 161.1 153.4 142.3 134.5 125.5 123 123 122.1 121.7 118.3 115.4 112.7 110.2 107.5 106 103.7 101.6 98.1 96.9 95.5 92.3 85.5 82.7 80.5 78 76.5 75.7 78.7 78.7 78.2 77.4 76.6 75.9 74.6 71.7 69.8 68 68.8 68.7 68.7 68.4 67.8 67.1 66.5 66.5 65.9 65.3 65 65.1 65.7 65.9 67 66.4 66.1
287.1 290.5 290.4 289.6 286.6 280.8 280.5 280.8 274.9 262.6 253.8 242.8 233.6 230.5 224.9 217.1 213.2 207.2 195.5 184.5 169.3 166.6 158.1 147.9 142.1 136.2 131.8 130.7 130.1 127.3 127.2 125.7 125.7 124.4 120.7 119.3 114.9 112.6 112.2 110.1 107.1 102.9 101.9 98.4 92.9 89.6 87.2 83.5 80.7 79.6 80 79.9 79.6 78.9 78.2 77.5 76.7 75.7 73 71.5 70.2 70 69.8 69.7 69.2 68.5 67.9 67.2 67 66.5 65.9 65.3 65 65.9 66.3 67.4 66.5 66.4
281.2 287 285.4 281.5 278.5 277.2 277.5 274.3 264.2 254.6 246.9 238 233.7 228.1 218.2 208.8 198.8 186.4 178.1 168.5 156.5 148.7 144.8 142.9 139.3 136.2 134.9 133.9 132.9 132.8 137.7 140.9 139.2 135.6 132.2 124.7 120.1 117.6 115.4 112.4 109.8 108.8 104.6 100.9 96.8 93.1 90.4 86.1 82.1 81 82 80.7 80 79.3 78.5 78.1 77.6 76.3 74.9 73.6 72.5 71.2 70.9 70.7 69.9 69.3 68.7 68 67.5 66.6 65.8 65.4 65.8 66 66.4 68.3 67.4 66.5
274.3 278.7 279.1 274.6 272.5 272.9 272 266.6 258.9 254.5 246.5 236.8 228.7 221.7 211.5 200.6 182.4 171.6 165.6 156.4 155.5 154.6 150.9 142.9 140.8 140.6 137.9 138.9 142.6 146 146.6 145.8 144.1 141.3 137.7 133.9 124.6 122.9 119.2 116.8 114.2 111.9 107.4 103.2 99.2 96.1 91.8 88.5 83.6 82.4 82.3 81.4 80.6 79.9 79.1 78.9 78.3 76.7 75.5 74.6 73.8 73 71.5 70.8 70.4 70 69.4 68.4 67.2 66.3 65.9 65.5 66.2 66.5 67.1 68 68.6 67
266.6 269.2 268.5 269.9 272 267.5 261.8 257.5 255.8 250.6 242.9 233.8 223.5 213.3 202.5 189.4 177.5 170.1 165.6 158.2 160.8 157.4 148.6 148.3 146.7 146 150.2 151.4 152.3 152.8 152.3 150.2 147.4 144.2 140.8 137 128.7 126 124 121 116.7 114.4 109.6 106.6 102.6 98.2 93.9 90.2 85.7 83.1 82.6 82 81.2 80.5 79.7 79.3 78.4 77.4 75.8 75.2 74.3 72.9 72 71.3 70.8 70.4 69.6 67.8 66.7 66.3 65.9 65.9 66.7 67 67.5 68.8 68.5 66.5
258.8 261.7 263.4 269.4 265.5 255.5 250.2 247.3 242.2 236.9 230.8 222.4 212.9 203.8 191.9 179.8 173.5 169.7 167.2 164.9 162.3 154.5 159 155.6 156.3 155.9 158.5 159.3 159.7 158.9 157.4 155.5 151.5 148 143.5 135.5 130 128.3 126 122.8 118.8 115.4 111.2 107.9 104.9 99.7 95.4 92.4 87 84.3 83.6 82.6 81.8 81.1 80.3 79.5 78.5 77.3 75.9 75.3 73.6 72.9 72.4 71.7 71.5 71.8 70.3 68 67.2 66.7 66.3 67.1 67.4 67.7 67.9 68.4 68.1 67.5
250.8 252.8 255.5 261.5 254.9 246.5 238.8 233 227 222.8 215.4 209.2 200.4 190.8 182 177.2 173.8 170.5 168.4 164.9 164.5 166 164.1 162.2 162.9 163.1 163.8 165.5 165.3 163.5 161.3 158 154.4 149.3 142.5 135.4 131.8 129.5 127.1 123.7 119.4 116.9 114.9 113 108.5 102.8 98 93 86.3 85.1 84.2 83.2 82.3 81.5 80.7 79.8 78.9 77.8 76.5 75.6 73.8 73.4 72.8 73 73.5 73.4 72.8 70.6 68.4 67.7 66.3 67 67.9 68.4 68.6 69.7 68 66.9
245.9 248.6 249.8 249.5 243 233.9 227.2 218.8 212.5 208.1 203.5 196.3 188 181.9 179.2 175.7 173.8 171.4 171.3 170.3 170.4 170.7 168.7 167.5 166.8 166.7 167.2 168.6 169 166.5 162.9 158.1 154.3 147.7 141.4 136.2 132.7 129.8 126 123.3 121.5 119.4 118 115.1 109.7 103 99.1 93.1 86.3 85.6 84.7 83.6 83 81.9 80.4 79.7 78.7 77 75.6 75.6 74.1 74.7 74.7 74.8 74.8 74.8 74.7 73.7 71 68.9 68.5 67.8 68.6 69 69.5 69.3 68.4 67.8
243.2 244.1 243.8 241.5 229.7 217.2 207 202.9 201.2 197 191.1 185.8 182.9 180.7 179.9 178 175.6 176.4 175.5 176.3 175.9 175.7 171 168.5 166.3 166.5 168.1 168.4 168.3 166.2 160.9 157.3 152.2 145.4 140 136.3 132 128.8 125.1 123.7 122.7 120.3 117.1 114.1 109.7 103.1 89.5 86.1 84.5 83.8 83.4 82.2 81.2 80.1 79.5 77.9 77.9 76.5 76.1 75.9 76.6 75.8 75.4 76 76 75.9 75.9 74.3 74 73.1 70.9 69.5 69.3 69.8 70 69.3 68.2 68.2
229.6 234.8 234 225.2 217.8 210.6 200.2 195.8 192 187.9 187 184.9 183.9 182.6 181.5 180.3 180.1 180.7 180.7 180.7 179.9 176.3 169.8 166.4 160 156 161 162.7 162.2 161 156.2 151.7 145.9 141.9 138.4 134.5 130.9 126.7 124.4 122.3 119.4 117.3 113.3 101.7 88.7 87.1 87.4 86.4 84.5 84.1 83 81.9 81.3 79 79 79.1 78.2 77.2 81.2 78.4 76.9 76.3 75.9 76.6 77.2 77.1 76.9 76.2 75.9 75.4 73.9 71 70.3 70.1 70.3 69.6 69.1 68.4
233.2 212.4 215.1 213.3 212.5 208.9 201 194.4 192.3 190.1 188.6 187 185.5 184.7 183.9 185.3 185.8 186.2 185.2 183.4 178.9 173.8 167.3 159.5 150.5 142 141.8 149.6 151.7 150.4 146.8 141.6 135.6 132.9 131.5 129.2 127.6 122.2 117.9 112.5 102.9 94.4 89.1 89.2 90.2 90.3 90.1 92.2 92 91.4 90.7 87.5 85.1 83.6 80.7 83.7 85.6 86 84.5 83.6 81.8 79.4 77.4 77.4 78 78.1 77.7 77.2 76.8 76 75.1 73.8 71.7 71.2 70.9 70.6 70 69.3
212.8 206.1 206 208.1 208.6 206.9 201.6 196.4 194.5 192.1 190.7 188.8 187 188.8 191.9 191.4 191.6 190 186.2 178.5 171.2 163.5 155.1 147.7 140.6 137.9 132 130.3 138.4 138.4 134.2 128.3 123 121.5 117.8 112.8 104.3 98.6 94.5 93.5 93 93.7 94.5 92.8 97.2 97.3 97.1 96.9 96.8 96.6 94.9 92.3 88.8 86.2 83.2 86.2 88.1 88.9 88.5 86.5 85.2 83.6 80.3 79.3 79 79.1 78.5 78 77.3 76.3 76 75 73.4 71.4 71.8 71.5 70.7 69.8
197.7 198.6 200.9 205 208 207.1 205.7 201.7 198.7 197.2 197.1 196.4 196.7 197.4 198.6 197.2 194.6 189 174.9 161.8 150 142.7 137.7 134.3 132 127.5 124 113.8 119.5 120.3 115 111 104 100.4 98.9 100 100.8 102.3 102.5 102.1 101.3 99.9 98.2 93.9 102.9 103.2 102 100.9 100.5 99.3 97 94.4 91.2 89.2 86.1 87.8 90.1 91.3 90.1 89.5 88.8 87 84.3 82.8 80.6 80 79.1 78.7 78 77.1 76.5 74.8 73.3 72.2 72.6 72 71.1 70.2
192.2 193 196.3 199.8 207.5 210.4 210.2 209.2 207.7 207.5 207.4 207.8 207 205.1 203.3 198.9 190.4 174.5 157.8 145.5 136.6 131.8 127.3 124.1 120 114.3 112 110.6 109.5 106.2 105.5 105.8 105.2 104.9 104.1 104.9 107 108.3 107.1 107.1 105.5 105 100.8 95.3 105.7 107.4 105.9 104.6 102.9 101.6 100.4 96.9 93.9 92.8 90.8 88.7 92.2 93.1 92.9 91.9 90.6 88.8 86.4 85.2 81.2 80.8 79.9 79.2 78.6 77.7 76.9 76.1 72.9 73.5 73.1 72.3 71.4 70.5
188.2 187.5 191.4 192.4 193.8 204.3 209.1 213.1 213.2 213 214.9 216 212.9 210.9 204.3 192.9 176.1 159.4 144.1 135.5 130.7 125.1 119.9 117.1 116.7 117.8 116.7 115.7 114.2 106.6 109.7 110.3 110.2 109.7 109.1 109.4 110.1 109.9 110.2 110.6 107.4 107.2 103.1 97.9 104 107.8 109 107.7 105 104 103.3 101.6 97.6 96.1 94.6 91.3 91.6 92.2 91 90.7 89.7 88.2 87.2 84.3 82.1 81.1 80.1 79.6 78.2 77.1 75.3 74.3 74.1 73.7 73.2 72.3 71.5 70.9
184.2 183.1 184.8 183.9 183.2 186.5 197.6 203.9 207.9 209.7 211 212 209.7 206.8 197.1 182.6 164.8 149.8 135.6 129.5 123.5 122.7 122.2 123 122.1 121.7 119.2 117.6 115.3 109.7 115.9 117.5 117.3 117.9 116.9 114.2 113.2 114.5 114.4 113 111.1 108.4 100.7 104.6 106.3 108 110.8 110.3 108 106.7 106.4 104.2 102 100.4 96.9 94.4 93.5 93.9 92.4 90.7 89 87.9 86.1 83.7 82.2 81 80.1 79.1 76.3 76.7 76.3 75.8 74.7 73.8 73.1 72.4 71.7 71.2
181.4 178 177.9 178.5 177.7 178 181.5 190.1 196.8 199.1 199.4 197.5 195.6 192.2 185.1 173.6 159.2 141.9 125.5 128.5 129.5 131 129.9 128.8 127.6 126.6 124.8 121.5 116.8 110.8 117.4 122.9 124.4 123.1 121.1 118.4 117.2 117.4 117 115.5 113.2 104.3 107.7 108.2 108.7 109.4 112.5 113.3 112.3 111.2 110.2 108.2 105.2 102.6 98.6 97.1 97.1 97.1 95.2 92.6 90.1 88.8 86.1 83.8 82.6 80.9 80.3 81.5 84.2 81.1 78.1 79.1 76.5 74.7 73.7 72.8 72.2 71.7
181.6 177.5 174.6 173.7 171.2 171.9 170.1 170 178 182.4 182.4 181.5 179.4 174.1 158.2 143.9 134.4 134.4 136 136.3 135.9 136.3 135.1 132.9 133.1 132 129.3 124.9 117.8 114.2 120.6 126 129.2 128.9 125.8 122 120.5 119.7 118.6 116.4 107 111.1 109.4 111.8 112.2 113.7 114.9 115.8 115.9 115 113.1 109.9 107.4 104.5 103.5 102.1 99.2 98.4 96.5 94.8 92.6 89.7 86 84.2 82.2 79.8 83.5 86.5 88 88.5 87.6 84.8 82.5 78.7 75.1 74.3 74 72.9
181.2 176.1 174.1 169 168.9 166 159.6 156 154 154.6 158.4 161.4 155.3 144.5 142 142.1 144.6 143.7 141.2 142.8 143.3 141.6 140.5 138.4 136.9 134.2 130.8 126.2 118 118.3 127.1 132 134 133.7 132 127.7 124.7 122.8 120.3 115 112 115.8 115.2 113.2 115.3 117.3 118 118.4 118.3 118 116 114 109.9 107.4 105.7 104.6 101.8 100.6 99.2 97.4 94.5 91.2 86.3 84.1 84.9 86.9 87.3 88.2 90.2 91.7 91.7 89.4 88.3 85.3 81 76.6 75.7 74.7
184.7 179.2 176 172.4 169.4 167.3 164.8 159.4 157.5 155.5 153.7 150 146.3 148.9 147.8 147.6 148.1 145.2 147.9 148.7 148.1 146.4 144.8 143.5 139.5 135.5 131.4 125.5 120.4 118.8 130.6 134.5 136.5 137.4 136.4 133.4 130.8 127.3 122.4 114 119.3 119.9 118.8 117.4 119.4 120.5 120.5 120.5 120.5 120.4 119.3 116.5 112.7 109.8 107.6 106.4 104.9 103.4 101.8 98.7 94.9 90.5 85.1 84.7 87 90.2 90 89 91.9 93.8 93.8 93.3 91.1 89.1 85.7 79.9 78.2 77
194.6 190.4 184.1 175.7 170.4 166.9 164.5 161.5 160.3 159.5 157 154.7 151.5 153.6 151.3 151.7 151.4 149.9 152.8 152.5 151.5 150.1 147.7 143.7 140.6 136.6 133.9 128.7 122.4 120.8 131.6 136.1 138.6 139.3 138 136.1 133.2 130.5 122.9 116.7 123.1 124.3 123.1 122.2 123.4 124.1 124 123.7 122.7 122.3 121.5 117.8 115.4 111.9 110.5 108.6 107.2 105.9 103 99.4 92.7 88.6 88.1 90.7 93.3 93.4 92.6 92 92.8 93.9 94.4 93.6 92.8 90 86.9 81.4 80.4 81.5
206.7 202.3 197.2 188 178.9 169.4 164.4 163.1 163.1 162 160.8 159.1 154.5 155.8 155.8 153.8 152.3 153.8 154.8 155 153.4 151.5 149.1 145.2 141.6 137.6 133.8 129.4 121.7 127.1 132.9 137 139.2 139.4 138.9 137.1 134.7 132.3 124.8 120.5 125.7 127.4 127.3 127.1 127.5 127.3 127 126.5 125.8 125.1 123.8 121.2 117.7 114.4 113.4 112.3 110.5 109 105.6 95.6 89.4 89.1 86.1 92.7 97.5 97.7 97.5 94.4 94.4 93.6 94.6 94.7 94.1 92.8 87.1 87 88.6 87.3
214.6 210.6 205.6 197 189.1 175.1 169.9 168 166.2 164.1 162.4 160.4 154.3 158 156.8 155.8 154.8 156.1 156.7 158.1 155.8 152.8 150.3 147.1 143.3 139.7 134.8 125.4 124.9 129.8 134.3 137.9 139.6 140.5 140.3 138.4 136.3 133.7 127.1 126.3 130.2 130.5 130.3 130.2 130.8 130.9 129.7 129.8 129.9 129.3 128.1 122.9 120.1 117.8 116.4 116.1 115.1 113 95 92.2 100.8 96.3 90 96.5 99.8 100.8 100.8 100.1 98.8 96.8 96.2 98.7 97.5 94.8 90.1 93.2 95.7 95.2
221.5 217.1 210.5 202.2 191.6 176.5 172.5 170 167.8 165.8 163.9 160.4 162 161.3 159.9 158.4 159.1 159.3 161.4 161.4 156.7 155 152.3 150.6 147.2 142.9 135.7 129 131.5 135.9 136.9 139.9 141.5 142.8 143.1 140.6 138.3 135.3 127.3 130.7 133.2 133.6 133.4 133.3 133.9 134 133.4 135.1 135.4 134 129 124.8 122 119.6 118.2 115.6 107.7 95.2 98.4 103 104.1 92.9 92 96.9 102.2 104.6 104.5 103.8 103.7 102.8 101.6 100.3 99.3 96.5 94.7 98.4 101.3 102.8
227.1 220.4 212.4 199.9 183.1 176 172.3 170.6 166.8 167.1 165 166.8 169.5 170.5 169.8 169.9 164.1 164.7 165.4 164 161.6 159.4 155.4 153.4 151 144.9 133.2 131.1 134.7 139.1 140.6 142.1 144.4 145.7 145.5 143.7 140.6 137.4 130.4 130.9 135.4 136.1 136.9 136.4 136.6 137.3 137.9 139.2 138.4 132.8 129.1 126 122.3 118.7 116.3 106.4 99 102.7 106.1 108.1 106.9 93 94.8 102.2 103.4 106.4 107.4 106.6 106.3 105.9 104.5 102.2 100.4 99 98.9 104 105.7 107.8
231 224.8 211.4 196.2 181.4 176.4 173.9 173 173.7 171.6 167.1 174.3 178.9 180.1 180.7 177.9 172.4 169 167.5 165.8 164 161.9 158.9 154.8 146.8 135.3 133.1 138.8 140.2 142.5 143.9 145.1 147.2 148.2 147.8 145.9 143.9 139.8 132.4 137.2 139 139.4 139.7 139.7 139.6 140.4 141.5 141.4 139.2 132.8 129 124.7 114.3 106.2 103.6 104.2 112.7 112.3 111.3 109 107.6 95.5 94.1 104.6 105.7 107 108 108.9 109 108 106.8 104.9 105.3 102 104.8 107.2 109.3 112
232.5 226.9 216.3 201.8 183.7 180.2 177.5 180.1 180.5 175 170.5 181.4 186.7 188 186.3 181.7 176.5 171.3 169.5 167 164.8 160.7 156.7 149.6 141.1 136.3 138.6 142.2 144.4 146.3 147.6 148.2 149.5 150.2 149.8 148.4 145.6 139.8 136.9 140.6 142.1 141.9 141.7 141.8 142.4 143.5 143.9 142 138.4 132.4 126.7 116.7 106.5 109.7 109.4 117.9 117.4 111.4 108.1 106.4 103.4 103.4 96.8 102.3 108.2 109.3 109.9 109.9 110.4 109.4 109.8 109.4 108.3 105.5 108.7 111 113.1 116.1
233.7 229.3 216.5 200.5 189.2 186.7 185.3 185.6 185.8 177.1 176 187.1 192.3 192.2 187.8 182.5 177.9 175.2 171.6 169.2 165.6 158.1 154 148.5 139.3 140.3 143.6 145.7 148.2 150.5 151.2 151.2 151.8 152.2 151.7 149.8 146.9 136.2 142.5 143.7 144.8 144.4 143.9 144.4 145 144.9 144.5 142.7 137.8 132.3 123.1 112.8 112.6 116.9 119.7 121.3 118.4 116.1 115.7 113.9 112.4 110.6 102.5 100.5 109.1 111.2 111.8 112 113 113.9 115.6 116.8 113.7 110.9 111.7 116 118 120.7
231.3 226.8 215.9 201.3 196.3 193.9 193.3 191.3 188.6 186.5 183.7 193 194.6 192.1 187.6 184.3 180.9 178.1 174.1 170.5 162.9 154.9 149.9 142.4 144.1 144.7 146.6 149.7 152.5 154 154.3 154.9 154.9 154.6 153.5 151.3 148.4 142.2 146 146.8 147 146.5 146.6 147.2 148.1 146.9 145.5 143.3 137.2 129 114.1 118.2 122.1 123.8 124.1 123.6 119.2 120.7 119.4 117.8 116.3 115 112.1 99.5 110.2 113.8 114.2 114.7 117 119.4 121.5 123 118.6 115.9 118.3 121.9 124.1 125.4
