public/OST50/SN56.asc
ncols 200
nrows 200
xllcorner 250000
yllcorner 260000
cellsize 50
[rows 140 to 174 of 200, columns 78 to 155 of 200]
160.9 159.7 158.8 158.6 162.5 165.9 168.8 170.9 173.3 175.6 177.8 179.8 181.9 184.1 186.2 189.2 192 193.7 195.3 196.9 198.5 199.9 199.6 198.3 197.5 197.9 198.7 200.2 200.4 200.2 200.1 200.5 200.1 199 197.8 198 198.3 200 200.7 200.8 201.5 203.1 205.6 208 210.3 212.6 214.2 216 217.2 218.7 220.4 221.8 223.5 224.8 225.5 226.7 228.4 230.7 233.1 235.8 238.7 241 243.2 245.3 247.4 251.5 260.6 268.7 273.6 275 274 275.8 276.8 278.1 279.2 279.4 281 284
163.5 163.1 161.5 160.8 160.6 164.8 168.3 171.6 174.6 177.4 179.3 181.4 183.4 185.8 189.2 193.2 194.3 196 197.3 199.5 201.2 201.4 200.1 198.8 197.2 197.8 199.1 200.9 200.8 200.1 200.4 201.1 201.3 199.4 197 197.2 197.2 197.3 198.4 199.2 200.1 200.9 202.7 204.3 206.2 208.3 209.9 211.3 213.5 215.2 217.2 219.7 222.2 223 224.3 225.6 226.7 228.3 231.1 233.7 236.4 239.2 242.1 244.5 247.5 252.6 261.4 271.7 278.6 280.4 284.7 287.4 291.2 295.8 293.7 290.9 289.5 290.3
165.2 166 164.9 163.2 162.9 159.8 167 170.7 174.5 177.4 180.4 182.8 184.7 187.6 190.3 192.8 195.7 197.3 199.2 201.5 203.2 201.2 199.6 197.9 196 196.4 196.5 198 198.8 198.1 199.3 200.1 199.9 198.5 196.2 195.3 196.5 196.5 197 198.4 200.1 202.4 201.1 202.7 204.1 204.8 205.6 207.1 208.7 212.6 215.3 217.8 219.3 220.8 221.9 223.6 225.4 227.2 230.2 231.7 234.4 237.2 240.3 244 248.3 253.8 264.1 273.2 283.2 293.2 298.3 299.6 303.4 306.9 303.8 299.4 299.1 300.9
165.6 167.6 168.9 167.4 165.1 165 161.1 169.4 172.2 176.3 180.2 183.4 186.3 188.4 190.5 192.8 194.5 196.2 197.9 199.2 199 198.1 197.2 196 194.8 194 193.8 194.9 195.7 196.4 196.6 196.6 196.4 195.3 194.6 195.1 194.9 198 200.3 202.1 203.1 204.2 204.6 205.8 206.6 207.4 208.9 210.7 212.5 210.5 214 215.2 216.9 218.6 220.4 222.5 224.3 226.2 228.9 231 233.1 235.6 238.7 242.9 247.6 255.3 261.8 273.3 289.1 295.2 297.3 300.2 303.5 304.8 303.7 301 299.9 301.2
165.9 168.6 170.7 170.4 169.4 168 167.8 166.1 167.2 173.1 179 183.2 185.9 187.7 189.4 190.8 192.3 194.4 195 195.7 195.4 194.5 193.7 192.8 192.5 192.2 192.7 192.9 193.8 193.6 193.3 193.3 193.4 193.3 194 193.7 196.9 200.8 203.2 204.8 205.7 206.5 206.9 207.9 208.4 209.4 211.1 213.1 215.5 215.3 213.9 213.9 214.6 217 218.8 221.7 224.1 226.4 228.3 230.5 232.4 234.8 237.5 241.5 245.8 252.2 263.3 270.8 282.7 285.6 288.9 293.2 296.6 298.4 297.8 297 296 298.6
166.2 169 171.7 172.1 172.4 172.1 171.2 170.2 169.2 166.1 172.7 179.6 183 185.2 186.9 188.6 188.8 188.6 189.8 190.5 191.1 190.8 190.2 188.6 188.5 189.1 188.8 188.9 189 191.9 191 190.7 190.9 191.8 193.2 195.5 200.6 203.2 205.7 207.6 208.4 208.7 208.9 209.3 209.7 210.8 212 214.2 216 216 215.7 216 216.2 216.5 219 221.3 224.8 227.4 229.2 231.3 233.1 235 237.1 240.4 243.5 247.6 256 262.2 268 271.9 273.9 278.3 284.3 290.1 290.2 288.4 291.7 295.2
168.8 169.5 171.2 172.7 173.8 174.6 174.4 173.4 173 173 170.1 173.2 177.8 181.2 184.5 185.2 182 182.5 182.5 184.1 183.9 182.9 185 186.4 185.7 187 188.6 192.2 193.9 195.3 195.1 193.1 193.2 193.6 196.6 199.8 203.4 206.8 209.3 211 211.6 211.6 211.5 211.3 211.3 212.3 213.4 215.4 217.3 218 218.3 218 217.8 217.7 218.8 221.3 225 227.8 230.2 232.8 234.3 236.1 237 239.9 242.4 246.6 251.5 256.5 260.5 263.6 266.7 269.8 273.4 276.9 280.2 283.4 287.8 291.4
171 171.1 170.6 171.9 173.8 175.6 176.6 176.8 175.2 176.1 176.1 172.5 172.3 175.1 176.4 177.3 178.8 182.9 185.6 185.6 186.8 188 188.3 189.3 190.5 192 192.9 194.9 196.8 197.6 198.4 198.5 198.3 201 204.6 205 207.9 210.4 212.5 214.2 215 214.6 213.9 213.8 213.1 214.4 216.3 218.6 221.1 223.5 224.3 222.1 219.9 219.5 218.7 221.5 225.7 228.9 231.7 233.6 235.5 236.5 237.7 239.4 241.6 245.5 249.9 254.1 257.2 260.3 263.6 266.1 269.8 272.6 276.3 280.8 285 289.5
172.2 172.3 172.2 172.3 173.4 174.9 176.4 177.3 177.5 178 178.8 179.4 179.7 180.6 183.6 185.7 186.9 188.9 190.1 191.1 191.8 192.9 194.7 197 199.1 202 201.7 201.4 200.8 200.8 202.6 203.3 205 207.8 210.1 211.8 213.2 214.1 215.7 216.7 217.6 218.5 218.9 218 218.9 219.6 222 223.7 225.7 227.3 227.1 225.4 223.1 221.7 219.6 221.6 226.5 230.3 233.2 235.1 236.6 236.8 237.7 238.9 241.6 244 247.1 250.9 253.9 257.2 260.7 263.4 265.8 269.1 273.2 276.8 281.3 288.5
172.3 172.8 173.5 173.8 174.2 175.1 176.5 177.8 179 180.5 181.9 184.3 185.7 185.3 188.1 190.8 191.8 192.9 196.8 198.9 200.1 201.7 202.6 205.5 206.3 207.6 207.8 206.6 207.4 206.6 207.3 208.6 209.8 211.9 215.4 217.6 218.5 220.4 220.2 220.4 220.9 221.7 222.6 223.2 224.7 225.7 225.9 227.5 228.8 229.8 228.8 227.1 225.3 222.8 219.9 221.9 227.4 231.5 234.7 236.1 236.9 237.9 238.3 238.8 240.4 242.7 245.2 247.9 250.5 253.8 257.1 260.3 262.1 265.6 268.1 272.7 277 275.7
172.4 173.7 175.3 176 176.8 177.5 178.6 179.5 181.3 182.5 184.2 188.5 191.3 191.3 192.3 195.6 198.1 200.1 203.5 205.6 207.8 209.2 209.9 210.2 210.1 212.3 212.1 211.3 211.9 212.5 212.4 212.8 215.3 216.7 219.6 222.1 223.6 224.7 225.2 225 225 226 226 227.1 228.6 229.7 231.5 233.1 232.6 231.1 229.5 227.5 225.8 223.1 221 222.6 227.6 231.9 235.1 237 238.4 238 238.2 238.3 239.1 240.4 243 245.2 247.7 250.5 253.4 255.7 257.5 259.5 261.9 264.6 269.8 267.5
173.9 175.9 177.7 179.2 180.6 181.3 182 184 185.7 186.3 187.1 188 190 193 195.6 199.2 201.9 204.4 207.6 209.3 211.1 212.9 214.2 215.3 214.9 217 217.3 216.3 216.3 216.6 217.3 218.9 221.3 223.4 225.8 225.8 228.2 229.1 229.1 229.6 231.3 233 232.7 230.9 231.9 233.8 235 236.6 236.2 234.4 230 227.9 225.9 222.9 221.1 222.7 227.4 231 234.3 236.5 238.1 238.6 238.3 237.3 237.6 239 240.4 242.2 243.9 246.2 248.6 250.6 251.9 253.2 255.4 258.9 260.8 261.3
176.4 178.2 180.1 181.8 183.3 184.4 185.6 186.7 189.4 190.7 191.4 191.7 190.9 194 198.2 201.8 204.3 206.7 209 211.9 213.9 215.4 217.2 219 219.9 220.1 221.9 222.1 221.4 221 223.2 225.6 228.4 229.9 229.8 230.6 232.7 234.6 235.2 235.7 236.4 236.8 236.3 236.3 235.8 237.3 238.5 240.2 240.3 238.6 233.8 229.6 225.5 223 221 223 226.1 229.8 233.1 235.4 237.5 237.6 236.7 236.9 236.1 236.4 236.2 238.6 240.6 241.6 243.2 244.4 246.6 248.6 250.5 253.3 254.1 254.5
177.6 179.6 181.9 183.9 185.6 187.1 188.5 190.2 192 193.2 194.1 194.8 194.7 194.1 198.9 202.3 205 207.3 210.1 213.5 215.9 218.9 220.8 222.4 223.1 223.3 225.4 226.8 227.7 229.1 229.1 231.7 234.8 236 236.3 236.4 238.4 240.1 240.5 240.4 241.2 241.9 241.4 242.1 240.5 241.7 244 242.6 243.2 242.7 239 234 227.6 223.6 221.2 222.8 224.4 228.6 231.6 233 234.3 234.9 235.4 235.9 234.7 234.3 234.2 235.5 237.2 236.6 235.5 236.9 239 241.8 246.8 251.3 252.5 252.8
179.6 179.9 182.4 185.4 187.6 189.2 190.7 192.2 194 195.4 196.6 197.5 197.7 196.9 197.5 202 204.2 207.9 211.3 214.1 218.1 221.6 224 225.2 225.8 225.5 227.4 228.6 231.9 234 235.5 238.2 239.9 241.2 242.2 243.7 244.9 245.7 245.8 245 245.2 246.8 246.6 246.2 244.5 245.7 245.9 245.4 246.7 247.2 244.9 241.1 234 227.9 223.7 222 223.3 225.7 228 229.1 230 231 232.4 233.4 232.2 230.7 234.8 234.8 232.8 232.6 232.1 234.1 235.9 238.6 244.4 247.4 250 252.4
178.3 181.2 183.2 185.9 188.7 190.7 192.9 193.8 195.6 197 198.4 199.3 199.9 200.4 200.6 200.5 204.8 208.6 212 215.6 219.1 222.7 225.9 227.5 227.8 227.6 228.7 231.4 233.8 236.4 238.8 241 243 244.7 246.5 248.9 250.5 250.7 250.1 249.1 248.7 249.5 249.3 248.5 248.1 248.5 249.3 249.9 250.5 250.4 249.4 246 240.8 233.6 227 223.7 222.3 223.2 224 224.9 227.5 228.7 229.3 228.9 229.7 233.5 235.3 233.3 231.4 231 231.3 232.3 235.6 239.7 242.2 246.1 249.4 253.6
176.5 179.3 183.1 185.8 188.5 191.1 193.4 194.8 196.5 198.3 199.7 201.2 201.9 202.5 203.1 203.2 204.7 209.5 212.6 215 219 222.9 226.8 229.2 230.1 228.3 230 233.1 235.4 237.7 240.2 242.6 245.2 247.5 249.6 251.7 254.4 254.1 253.5 251.6 250.4 250.2 249.5 249.9 250 250.9 251.6 252.2 252.6 252.9 252.8 250.6 246.2 240 233.4 227.1 224.2 222.8 223.2 223.6 225.1 225.8 225.8 227.5 231.4 231.6 230 230 230.2 229.9 232.1 234.3 240.2 243.5 246.1 248.4 250 252.7
180.7 178.7 180.7 184.9 186.8 189.7 192.6 194.8 196.7 198.8 200.9 202.4 203.9 204.3 205 205.5 206.2 210.1 212.7 215.6 219.8 224 227.8 230.1 231 229.5 230.9 233.3 236 238.6 241.2 243.8 246.7 249.4 252 253.7 256.1 256.1 254.9 253.4 251.3 250.4 250.1 250.2 251.3 251.9 253 253 253.6 253.8 253.2 252.2 249.6 245.3 239.6 232.9 228.6 225 223.5 222.8 224 223.8 224.9 226.7 227.9 227.6 227.8 228.2 229.2 232.1 235.6 240.1 246 249.6 252 253.6 254.4 254.8
183.4 183.3 182.3 182.1 185.1 187.7 190.4 193.1 194.9 197.7 200.9 203.3 205.3 206.7 207.4 207.7 207.4 209.8 212.7 216.2 220.2 224.5 228 230.3 231.3 231 231 233.2 236.1 239 241.8 244.6 247.3 249.6 252.3 254.9 256.6 257 255.7 254.7 253.4 251.7 250.4 250.3 251 251.7 252.8 252.8 252.8 253 252.7 251.8 251 249.2 244.7 239.2 234.5 230.4 227.5 225.4 224.6 224.6 226.8 225.7 226.1 226 227.2 228.6 230.8 235.5 241.2 247.1 250.4 255 259.3 264.4 263.3 261.7
185.9 185.5 185.5 185.3 186.6 185.3 188.4 190 193.7 196.6 199.8 202.7 205.6 207.6 209 209.3 209 210.1 213 216 219.6 223.1 226.2 228.8 230.7 231.5 231.9 233.8 236.2 239.2 242 244.6 247.2 249.1 251.9 254.6 256.5 256.9 256.6 255.2 254.9 253.8 252.1 251.6 251.7 252.9 253.3 252.9 253.1 253 253.4 253.9 252.9 250.9 248.2 244.2 240.1 236.9 233.4 229.8 226.8 226.8 227.1 227.7 227.6 228 229.7 230.1 233.6 239.5 248 251.4 257.4 263.1 269.6 274.8 267.9 265.8
187.9 188 188.2 187.9 189.9 189.5 186.7 190 192.5 194.9 198.9 201.7 205.6 208 209.7 210.5 210.6 211.1 213.1 215.4 218.9 222.6 225.9 228.4 230.5 231.2 232.6 234.6 236.4 239.3 241.9 244.3 246.6 248.7 251.3 254.1 256.1 257.2 257 256.7 256.4 255.9 254.3 253.6 254.6 255.6 256.9 258.2 257 256.7 257 257.8 255.6 253.4 251.5 249.8 247.3 243 238.2 234.4 231 228.9 230 230.6 229.8 231.1 233.6 235.5 239.4 246.4 250.6 255.6 263.8 281.7 279.9 274.9 271.2 269.2
191.4 191.5 191.1 190.6 189.9 189.9 191.2 190.6 189.2 192.4 195.9 201.1 205.2 208.2 210.2 211.9 212.5 213.4 213.7 216.7 219.3 222.1 225 227.6 229.5 230.3 232 235.2 238.1 240.2 242.2 244.5 246.8 248.7 251.5 254.3 256.6 257.3 258.1 258.4 258.8 258.6 257 256.3 258 262.2 265.2 267.6 269 265.6 265.1 262.6 260.3 258.1 256.8 254.3 251.7 246.7 242.6 238.3 234.6 231.9 231.3 233.9 235.2 235.8 238.1 241.5 248.1 251.6 254.3 259.8 271.4 285.1 283.6 279.7 275.6 271.5
194.9 194.5 194.5 193.5 193.2 192.6 192.8 193.1 192.8 193.5 196.3 199.5 204.2 208 210.7 213 214.4 215.8 216.6 217.4 220 221.7 224.3 225.7 228.8 232.1 234.7 237.5 239.9 241.9 243.7 246 247.8 249.5 252.1 254.6 256.3 258 259.4 260.3 261.4 262.5 261.6 260.7 263 267.9 272.5 277.7 275.5 274.8 271.5 267.1 265.1 263.9 263.2 261.8 257 250.3 246.7 242.2 238.5 236.6 237.6 236.3 239.8 242.8 244 249 251.5 253.9 256.9 264.5 280.9 286.1 283 280.4 274.2 270.5
199.4 199.6 199.1 197.1 196.5 196.4 196.4 196.1 195.8 194.7 195.9 199 203.2 207.3 210.3 212.5 215.2 217.2 218.1 218.9 220.3 221.8 223.6 226 229.4 232.6 235.1 238.4 240.9 243.2 245.4 247.3 249.1 251.8 253.6 255.1 256.3 257.7 259.5 261.8 263.7 265.4 267.8 268.6 271.2 274.5 279.9 281.4 282.2 281.9 279.3 276.4 272.1 269.7 269.9 270.6 260.6 254.7 250.6 247.5 244.6 243.4 243.5 241.1 242.7 245.3 252.5 253.5 254.7 256.3 261.5 274.9 285.1 282.6 277.4 273.7 271.5 269.2
203.4 204.1 203.8 203 201.4 199.6 199.3 199.1 199.2 199.1 198.2 197.9 202.1 205 208.7 210.5 213.8 216.2 218.5 219.9 221.1 222.8 224.6 227.1 230.1 233.6 236.2 239 241.6 244.3 246.9 249.1 251.8 254.5 255.8 256.6 257 257.9 260.1 263 266.8 270.2 273.1 277 278.4 280.8 284.3 287 289 288.3 287.2 281.9 277.6 274.3 274.1 272 262.1 257 255.2 253.7 252.8 250.4 247.7 242.8 246 252.1 254.7 256.5 258.4 261 270.4 278.6 277.5 273 270.5 268.4 267 267.3
207.5 207.6 207.4 206.6 205.3 203.9 202.6 202.4 202.6 202.9 202.2 198.8 198.3 204.5 207 208.7 210.9 214.2 217.3 219.6 221.9 223.6 225.8 228.7 232.2 235.1 237.8 240.1 242.6 245.3 248 250.7 254 256.8 258.1 259 259.4 260.2 262.8 266.1 270.7 274.9 278.5 281.4 284.9 287.5 289.2 292.5 294.9 295 291.1 285.9 280 277.2 274.8 271.1 263.3 260.4 259.8 260.5 259.9 253.2 248.5 247.3 250.6 254.9 256.5 258.7 261 265.2 278.2 277.3 269.4 266.8 265.7 265 264.6 266.5
209.8 210.6 210.7 210.1 208.7 208 207.2 206.6 206.3 205.2 204 202.4 202.4 203.1 204.6 206 208.6 211.7 215.1 219.1 221.6 223.9 226.5 229.7 233.9 236.7 238.9 241.6 244 246.6 249.3 252.1 255.4 258.3 260.1 262.9 264.2 265.5 268.3 271.1 275.5 279.5 283.4 286.7 290.2 293 294.7 298.5 302.6 297.7 292.7 288.2 281.7 279 275.5 271 267.3 265.5 264.9 265.3 259.4 252.9 249.9 251.2 255.4 257.3 259.3 261.2 263.3 269.5 277.6 271.7 266.5 264.9 264.8 264.5 264.6 264.3
213.1 213.4 213.3 212.3 212.1 211.4 210.5 210.2 209.8 210.5 210.5 204.6 205 205.9 207.1 208.9 209.5 210 213 217.9 220.5 223.5 226.4 229.6 233 237.9 240.3 242.8 245.9 248.1 250.7 253.5 256.5 259.2 260.9 262.8 265 267 271.3 277.7 282.5 287.3 291.1 293.8 295.7 298.3 301.9 306.7 307 299.2 294.3 289.9 283.9 279.8 277.4 276.5 274.9 271.5 268.7 265.6 260 255.3 252.4 254.6 257.8 261.1 263.2 265.4 268.3 274.3 272.7 267.5 265.5 265.8 267.4 266.8 265.9 261.4
214.9 215 214.7 214 214.2 214.5 214 213.7 212.5 211.3 210.9 208.9 209.5 209 211.4 213.3 213.7 214.1 213.8 214.9 219.4 222.3 225.2 228 231.5 234.4 237 241.1 245.9 249.3 251.6 254 256.6 260 260.8 260.1 260.6 264.8 271.2 277.7 285.8 292.2 294.4 295.7 297.5 301.1 306.7 311.1 307.6 298.3 292 288.8 284 281 280.2 279.2 277.7 275.7 271.8 268.2 263.4 258.9 255.6 258.2 261.7 265.3 266.9 271.2 281.8 275.5 269.2 266.5 266.9 268.3 269.1 268.5 266.2 261.9
216.4 216.4 216.4 215.7 216.5 216.5 216.3 216.7 216.6 216.3 211.6 211.9 213.7 213.4 214.8 216.6 218.4 219 218.4 217.4 214.9 219.6 223.6 227.2 229.3 231.9 234.5 239.2 244.2 248.1 251.1 254.4 257.2 258.4 258.2 258.7 260.3 263.1 269.3 277.3 284.4 289.4 293.4 296.3 299.6 304.8 310.4 315 308.6 294.1 290.4 287.3 284.6 283.5 283.7 281.8 281.6 280.4 276.9 271.7 265 261.9 259.9 264.6 266.7 266.1 268.5 274.7 279.9 273.8 268 267.2 268.1 269.1 269.5 269 266.2 261.4
218.1 218.6 218.2 217.9 218.2 218.9 219.5 220 219.9 219.6 215.2 211.5 217.7 218.2 219.3 220 221.2 222 222.2 221.3 219.8 217.5 222 225.5 227.5 229.7 233 235.9 240.3 244.9 249.9 253.9 256 256.7 256.9 258.1 259.7 263.6 269.2 275.8 281.2 285.9 290.6 296.4 301.8 308.1 311.6 309.7 300.7 292.3 287.6 287.3 285.9 285.3 284.8 285.7 286.3 284.9 282 277.6 270.4 266.2 262.5 266.5 268.1 268.3 269.5 272.3 271.9 270.4 269.6 271.1 272 271.4 270.4 269 266 260.6
218.7 219.6 219.6 219.7 219.9 220.9 221.6 222.7 223.5 223.5 221.5 211.8 220.7 221.8 223.1 224.3 224.8 225.1 225.2 224.6 223 220.6 220.4 223.6 225.2 226.9 229.8 233.5 235.9 241 246.5 250.6 253.8 255.5 256.3 258.2 261.3 265.6 270.3 274.7 279 284.5 288.7 293.1 298.6 305.4 307.6 306.7 302.2 294.4 291 289 288.1 287.6 287.9 289.5 290.7 289.2 287.3 283.7 274.1 268.3 265.5 267.8 270.8 270.1 272.5 271 270.4 269.8 270.9 271.5 274 274.8 275.3 275.1 266.8 261.5
218.1 219.2 219.8 220.5 221.2 222.2 223.3 225.4 226.3 226.1 225.8 221.5 223.3 225 226.2 227.4 228.6 228.5 228.2 227 225.7 223.3 221.4 220.4 222.8 224.7 227.6 230.6 233.7 237.5 241.9 245.8 249 250.9 254.1 257.1 261.5 267.4 271.9 275.1 277.9 281.4 285.8 289.9 294.3 298.8 302 303.5 299.8 294.9 293 291.7 291.2 291.2 292.3 294.2 294.6 294.6 290.5 280.4 272 267.5 268.1 272.7 272.4 272.2 272.5 272.7 271.6 270.1 272.1 274 277.6 281.4 284.2 267.9 262.6 255.9
216.7 218.3 219.4 220.3 221.5 223.3 225.4 227.6 228.9 229 228.9 227.5 226.1 227.8 228.7 229.9 231 231.4 230.6 229.2 227.4 226.2 225.3 223.9 223.5 223.1 226.1 228.4 231 233.8 237.3 240.8 243.8 247.5 251 253.9 258.4 265.4 271.3 275 276.9 279.1 282.3 286.2 290.9 295 296.5 296.4 293.9 293 294 293.6 294.2 297.1 299.8 298.7 297 295.2 288.7 278.6 272 268.2 271.3 275.9 273.9 273.9 273.7 275 275.5 275.5 276.4 276.8 282.8 289.5 277.2 263.8 260.1 251.7
215 216.8 218.9 220.4 222.7 225.1 226.9 229.5 231 231.2 231.3 227.7 229.3 229.9 230.8 232.2 233.2 233.2 232.5 231.2 229.6 229.3 228.5 227.6 226.1 226.5 225.1 227.4 229.7 232.3 235.5 238.2 241.8 244.9 248.7 251.9 255.4 260.4 265 269.2 272.5 274.4 278.7 282.6 286.5 289.9 290.2 288.9 289.4 290.3 291.9 293.7 297.3 299.9 300.5 298.1 295 289 280.4 275 271.5 269.8 273.5 277.8 276.2 275.7 274 275.8 281 281.9 281.2 283.2 290.9 287.6 272 258.4 253.8 250.2
