public/OST50/SN56.asc
ncols 200
nrows 200
xllcorner 250000
yllcorner 260000
cellsize 50
[rows 70 to 104 of 200, columns 0 to 77 of 200]
-1.2 -1.2 -1.2 -0.1 0.5 1.1 1.5 3 5.6 6.2 7.4 8.1 8.8 9.7 10.4 11 11.7 12.3 13.4 14.6 18.2 25.4 32.3 38.5 44.4 52.4 59.9 62.8 67 70.3 73.3 75.4 75.9 73.2 53.6 72.3 75.4 79.3 82.4 84.5 86.6 87.9 86.8 87.7 73.1 85 95.3 96.8 98.8 102.9 107.3 110.7 116.3 121.4 125 128.9 129.9 130.8 131.8 133.9 135.7 137.9 140.6 142.1 142.4 143.4 144.3 145.2 146.3 147.5 148.7 150.2 151.8 154.1 156.3 158.9 160.3 161
-1.2 -1.2 -0.2 0.5 1.1 1.7 5.2 5.6 6.2 6.9 7.7 8.6 9.5 10.3 10.9 11.8 12.5 13.3 14.3 21 32.1 39.7 47.4 54 61.1 64.8 68.5 69.9 74 79.4 81.2 82.5 82.9 80.4 73.2 72.6 78.1 82.3 86.2 87.5 90.9 92.5 94 95.1 96.2 89.3 76.6 86.3 97.4 102 106.3 109.5 116.5 124.2 127.5 129.3 131.2 132.3 134.4 136.4 138.4 142.5 144.2 144.1 144.2 145 146.4 148 149.2 150.3 151.5 152.5 154.1 156.3 158.7 161.6 163.1 163.8
-1.2 -0.2 0.5 1.2 2.4 4.9 5.4 5.8 6.5 7.2 7.8 8.1 8.9 9.9 10.7 12.3 14.1 15.8 23.4 36.1 47 56.3 65.9 69.8 72.2 74.6 76.4 78.5 78.7 82.1 85.7 86.8 86.8 84.6 81.9 77.2 76 84.5 89.3 93.4 96.7 98 99.7 102 103.2 104.2 97.3 82.7 92 102.6 104 107.9 111.8 121.9 126.5 129.2 132.1 134.4 136.6 138.3 140.5 142.7 144.2 145.1 146.1 147.7 149.4 150.6 151.5 153.1 154.1 155.9 157.5 159.8 162 163.7 165.6 166.3
-1.2 0.4 1.2 3.2 4.7 5 5.6 5.7 6.6 7.3 8.1 8.6 9.2 10.3 11.9 14.4 16.5 26.3 38.8 54.7 68 73.9 77.5 80.1 81.1 82.9 84 84.9 85.1 86 88.2 90.1 90.1 89.5 88.5 83.6 73 86 92.2 98.6 102.1 104 105.3 107.4 109 109.4 108.6 102.1 83.9 93.8 104.8 108.2 111.8 116.8 123 128.2 132.1 134.8 137.9 139.9 142 144.3 146.1 147.9 149 150.2 151.8 152.8 153.8 154.9 156.3 158.2 160.3 162.3 164 165.4 167.1 167.9
0.3 1.1 3.7 5.3 5 5.3 5.8 6 6.7 7.5 8.4 9.3 10.2 12.3 14.8 18 28.7 40.3 54.7 71.8 78.4 82.1 84.7 86.1 87.3 88.6 89.3 90.1 90.7 90.5 92.2 93.1 93 93 91.6 88.5 85.5 87.2 94.3 102.2 107 109.1 111 113 114 114.3 114 112.5 100.1 91.6 109.6 112.1 114.4 117.8 121.1 125 130.7 134.7 138.4 141.7 144.2 146.6 148.8 150.5 151.7 152.6 153.8 154.8 155.6 156.6 158.5 160.1 162.6 164.4 165.9 167.1 168.7 169.7
1 2.6 6.1 6.1 5.9 5.7 6.1 6.6 7.2 8.2 9.4 11.2 13.5 16.2 20.7 33.8 43.7 60.1 69.9 79.5 85 88 90.3 91.7 92.6 92.7 93.5 94.2 94.9 96.3 97.3 96.2 95.6 95.2 95.1 94.4 94.4 80.1 96.9 102.4 109.1 113 115.6 117.6 118.3 118.2 117.8 117.5 117.1 108 93.1 115.7 117.4 118.8 121.9 125.9 130.4 134.8 138.8 142.8 145.7 148.3 150.5 152.2 153.4 153.9 154.6 156.1 157.1 158 159.9 162 164.4 165.9 167.5 168.5 170.4 171.6
1.6 7 7.4 7.2 7 7 8.9 9.7 10.5 12.1 12.9 14.8 18.2 24.7 32.1 45.6 60.8 71.8 77.8 84.8 90.3 93.5 95.7 97 97.3 97.2 97.6 98.5 99.7 100.4 100.9 99.4 98.8 99.5 99.7 99.6 98.9 96.1 89.6 103.3 108.4 115.3 118.5 120.2 121 121.2 121.2 121.4 122.9 122.1 113 102.1 108.3 115.3 120.3 125.1 130.7 135.2 138.8 142.8 146.1 149 150.6 152.2 153.4 154.5 155.3 157 158.1 159.2 161.2 163.4 165.5 166.4 168.4 170.2 172.6 173.6
7.4 8.2 8.7 8.9 9 10.8 13.1 14.8 16.1 17.2 19.6 23.9 30.1 36.1 46.9 63.4 73.8 81.1 86.3 90.8 94.9 98.3 101.1 102.4 102.9 104.3 104 105.4 105.3 104.4 104.5 103.4 103.9 104.9 105.7 104.9 103.8 104 100.9 97 109.7 116.4 120.4 122.8 123.5 124.3 125.4 127.5 127.7 127.8 126.4 116.1 106.8 104.5 117.4 122.2 129 135.2 138.7 142 145.5 148 149.7 151.3 153.7 154.9 155.8 157.6 158.7 160.3 161.9 165.3 167.6 168.1 169.5 170.9 173.3 174.6
9 9.6 10 10.5 11.1 13.2 15.7 17.6 19.6 22.4 27.7 34.7 42.5 51 63.1 73.8 84.2 88.8 92.2 96.6 100.4 103.7 105.8 107.5 108.6 108.5 108.5 109.5 109.6 108.8 110.4 111.6 112.2 112.2 112.7 111.9 111.2 109.6 104.1 105.4 111.2 116.8 121.9 124.6 126.2 127.6 129.7 130.9 131.9 132.2 129.7 126.8 121.5 113.8 110.4 118.7 126.7 131.5 135.5 140.6 144.2 145.6 147.2 149.8 152.9 155.2 156.5 158 159.5 161.4 166 166.9 168 168.3 169.2 169.1 170.7 172.7
9.3 10.6 11.5 12 12.7 15.1 17.4 19.6 23.2 28.4 35.6 43.3 49.7 62.7 76.4 85.2 91.1 95.3 98.4 101.8 104.6 107.6 109.4 111.2 113.1 110.3 113.1 113.5 113.7 113.9 114.3 116.5 117.4 119.2 119.7 119.1 118.7 116.3 110.2 114 102.2 115.7 121.3 125.3 127.8 130.1 132.8 133.8 134.8 135.4 133 130.3 127.1 121.8 113.7 109.5 119.8 128.2 132.6 136.7 141 144.5 146.6 148.1 150.9 153.7 155.7 158.2 159.9 162 163.9 167.9 168.1 170.1 169.6 170 170.8 173.1
10 11.5 12.9 13.5 14.3 16.4 18.8 22.3 27 34.2 41.8 50.4 61.5 72.2 84.7 92.6 98 100.6 103.7 106.3 108.5 111.1 112.8 114.1 115.1 115.5 115.9 117.1 117.4 118.1 118.8 119.9 121.2 121.8 122.9 124.2 123.8 122 117.7 118.3 117.1 105.5 119.6 124.8 128.4 132.5 134.7 136.2 137.2 137 136 133.3 130.3 126.5 120.8 119.7 114.2 118.9 128.1 133.3 138.6 144.9 146.4 148.7 151 153.1 156.9 160.1 161.2 162.8 165 166.5 170.3 168 169.2 170.3 171.8 173.8
10.9 12.4 14.2 15.1 16 16.9 19.7 25.6 31.7 39.6 49 57 71 82.7 91.9 98 102.3 105.4 107.4 109.5 111.4 113.5 115.2 116.5 117.6 118.8 119.5 119.9 120.4 121.2 122.5 123.3 123.9 124.2 125.1 126.1 125.9 125.7 122.9 121.5 120.6 116.9 115.5 123.9 130.1 133.6 136 137.7 138.6 138.5 137.5 135.7 133.6 130.7 125.8 125.5 125.4 119.7 116.2 128.5 135.6 140 144.6 147.5 149.5 152.5 156.5 160.1 162 163.4 166.2 168.3 167.6 168.6 169.6 171.7 173 173.7
11.8 13.5 15.3 16.6 17.8 18.8 21.1 27.4 35.1 42.8 52.3 67.5 81.5 91 98.3 103.5 106.7 109.1 110.8 112.4 113.8 115.9 117 118.3 119.8 120.8 121.9 122.1 123 124 124.8 125.9 126.1 126.7 127.4 127.9 128 127.8 125.1 124.8 124.5 121.6 119.3 120.7 130.2 133.2 136.5 138.5 140.1 140.1 139.2 138.2 136.2 133.8 129.8 130.5 130.1 129.3 125.6 120.9 123.7 136.9 140.5 143.9 146.9 150.7 155.3 158.7 160.9 163.2 165.1 166.4 168.5 168.9 169.4 170.6 172.3 174.5
12 14.4 16.4 17.7 19.2 20.5 22.4 28 34.8 41.7 55.4 71.7 86.9 97.3 102.8 107.3 110.3 112.3 113.7 115.2 116.5 117.4 118.7 120.1 121.5 122.8 123.8 124.4 125.5 126.4 127.3 127.9 128.2 128.6 129.4 130.1 130.2 130.5 126.2 128.1 128 127.3 122.4 119.8 123.3 127.9 132.6 137.6 140.8 141.2 141.1 140.3 139.3 137.8 133.4 136.8 137.1 137.2 134.5 128.6 126.7 124.9 130.6 139.3 141.6 147.7 151.2 155.6 158.8 161 164.2 167.7 169.4 167.6 169.1 170.4 172.3 174.3
9.7 13.7 16 18.4 20.3 22.1 23.4 28.2 33.3 40 50.8 73 88.5 98.2 105.4 109.3 112 114.3 115.6 116.8 117.8 118.6 119.8 121 122.8 124.2 125.3 126.8 127.8 129.3 130.6 130.9 131.5 132 132.4 132.4 132.7 132.9 128.8 131 131.8 131.8 130.6 125.1 123.4 123.9 126.6 132.6 140.3 141.7 142.5 142.7 142.5 140.9 139.2 140.3 141.9 142.2 140.5 134.1 136.5 134.2 128.2 130 134.7 142 144 152.4 156.3 158.3 160.7 165 167.9 169.9 170.4 172.3 173.8 176.1
13.3 13.9 16.1 19 21.5 23.4 25 27.4 32.2 38.4 48.9 60.4 72.2 89.2 102.5 108.4 112.4 115 116.6 117.8 118.8 119.6 120.6 122.5 124.6 126 127.3 128.7 130.8 132.3 133.7 134.7 135.1 135.1 135.1 135.2 135.3 134.9 132.6 134.3 135.6 136 135.6 134.6 133.3 131.7 132.2 131.2 136.6 140.2 143 144 144.6 144.4 143.5 142.9 145.2 146.8 145 138.4 143.7 143.5 142.5 138.1 130.9 132.8 141 146 151.2 155 159.1 162.3 165.5 168.1 170.4 171.1 173.5 175.2
15.9 18.9 24.4 22.9 21.2 24.7 26.7 28.1 31.7 39.5 45.1 54 64.6 75 94.5 106 111.9 115.1 117 118.6 119.5 120.7 122.7 124.7 126.2 127.6 129.7 131.8 133.7 135 136.2 137.1 137.4 137.1 137.2 137.3 137.4 137.2 135.7 138.2 139.3 139.8 140.1 140 139.6 140.4 140.8 137.6 135.2 140.8 143.5 145.1 146.3 146.7 146.8 146.3 148 149.8 147.8 146.9 149.3 148.8 148.8 146.2 143 139.9 138.5 140.2 146 152 156.1 160.4 164 165.2 166.9 168.8 171.2 172.3
24.8 35.3 46.8 53.5 51.1 40.9 26.2 29.7 34.4 39.2 45.5 50.2 56.6 68 86.6 101.4 110.5 115.4 117.6 118.3 119.6 122.2 124.4 126.6 128.6 130.2 132.3 134.4 136.1 137.2 138.1 138.3 138.5 138.5 138.8 139.1 139.4 139.7 140.1 140 141.4 143.1 143.1 143 143.3 144.4 144.2 141.9 136.8 142 144.4 145.9 146.9 149 150.4 150.6 151.7 152 151.2 150.7 153 153.6 154.2 154.2 152.2 148.3 144.5 140.9 140.4 149 153.9 158.5 161.2 163 164.9 167.1 169.4 171.4
44.4 59.7 66.6 70.6 70.6 57 43.9 29.5 33.9 41.3 44.3 49.2 55.1 67.6 80.9 97.9 109 115.5 115.7 117.9 120.6 123.3 126 128.5 130.3 132.1 134.1 135.8 137.4 138 138.3 138.7 139 139.2 140.1 140.6 141.1 141.7 142.3 142.3 143.5 144.6 145 145.2 145.3 145.9 146.1 143.9 138.5 141.5 144.3 146.7 148.4 149.6 152.2 153.8 154.8 155.6 154.5 153.8 155.9 156.4 157.5 158 158.2 156.1 150.7 148.1 146.8 145.1 147.3 155.2 158.3 160.9 163.6 165.5 167.3 170.5
62.6 72.7 79 84.1 85 76.6 52.4 36.3 34.1 42.9 47.9 53.3 60.1 68.1 77.5 90.3 102.5 112.4 116.1 119.2 121.9 124.6 127.4 129.2 131.3 133.2 134.8 136.4 137.5 138.1 138.7 138.7 139.2 139.5 140.3 141.3 142.4 143.4 143.8 144.5 145.2 145.9 146.3 146.6 147.1 147.6 147.5 146.4 142.5 141.6 144.5 147.2 149.4 150.8 153.7 156.4 157.1 157.8 156.6 155.7 157.1 158 159.2 160.3 160.8 161.3 158.8 157.5 154.9 151.5 151.9 151.1 152.6 157.6 161 163.2 165.3 168.6
75.6 82 85.5 89.3 88.8 77 59.9 41.6 38.6 35.7 49.8 55.8 64.1 71 77.9 89.1 102.7 112.5 117.2 120.3 123 125.3 127.4 129.7 131.5 132.9 134.1 135.2 136.3 137 138.1 138.7 138.7 138 139.3 141.5 142.7 144.3 144.9 145.6 146.3 146.9 147.4 148.1 148.7 149.3 149.4 148.6 147.2 143.2 147 150.7 152.5 152.5 154.8 158.6 160.2 158.6 157.6 157.6 158.2 159.2 160.7 162.1 162.5 162.6 161.7 161.5 160.2 159 156.7 155.6 152.4 153.7 156.4 158 160 164.2
79.7 83.2 84.7 86 81.5 74.6 63.1 48.7 49.6 42.7 46.2 56.8 64.6 71.5 78.9 90.2 103.9 111.5 118 120.6 122.7 125.1 126.7 128.2 129.8 131.1 132.2 133.3 134.4 135.2 136.7 137.3 136.2 137.9 141.9 143.8 144.2 145.7 146.4 146.7 147.4 148 148.7 149.5 150.3 150.9 151.3 151.2 150.3 148.2 150.2 152.7 155 155.3 156.6 159.7 160.1 159.6 159.2 158.6 159.4 160.2 162.1 163.4 163.8 164.1 164.4 164 162.9 161.8 158.8 158.8 158.1 157.9 158.9 161 162.4 164.1
77.1 79.5 80.4 80.2 77.1 71.5 63.5 54.9 52 50.4 48.5 56.6 64 71.9 80.4 92.3 103.8 112.2 117.9 119.9 121.8 122.9 124.2 125.5 126.9 128.7 130 131 132.5 134 135.1 134.3 136.2 139.1 143.2 144.4 146 147.2 147.9 148.3 148.6 149.3 150.1 150.9 151.9 152.7 153.3 154.2 153.7 152.5 152.2 155.4 157.4 157.9 159.3 160 159.8 160.1 159.9 160.4 161.6 162.6 163.8 165.2 165.5 165.3 165.7 165.9 165.6 164.8 163 162.5 162.6 163.9 164.6 165.5 167.7 169.4
75.2 77.3 78.4 78.2 76.4 72.4 63.6 59.9 59.2 56.7 59 50.9 64.8 70.5 79.6 92.8 103.8 112.5 116.4 117.8 118.9 120.2 121.1 122.7 124.1 126.7 128.4 129.9 131.4 132.6 132.9 134.7 140.5 142.9 145.2 146.5 147.8 148.6 149.3 150.1 150.4 150.6 151.5 152.6 153.7 154.5 155 156.1 155.9 155.1 154.7 157.1 159.9 160.9 160.8 160.4 160.2 160.5 161 162.7 163.2 164.4 165.7 166.9 167.2 166.8 167.5 167.9 167.8 168 167.2 167.5 167.2 170 172 173.3 173.9 176.6
77.9 79 79.5 79.5 78.4 72.1 71.7 68 67.2 68.2 70.5 56.2 63.2 73.1 80.4 91.7 105.2 112.3 114.8 114.2 115.3 117 118.8 120.5 122.7 125.4 127.5 128.9 129.6 132.1 134.2 138.8 143.4 145.3 147.3 148.8 149.5 150.4 150.9 151.1 151.6 152.2 152.9 154.2 154.7 155.8 156.3 157.2 157.2 156.6 155.7 158.7 161.1 162.1 163.9 162.2 161.5 161.2 162.9 164.5 164.9 166.3 167 167.8 168.4 169 169.8 170.3 170.6 171 170.9 171.2 171 173.2 175.1 176.1 178 180.1
85.6 85.9 86.1 84.3 83 81.1 78.5 75.2 66.1 74.9 76.9 70.6 64.8 72.9 78.3 86.3 95.7 104.3 105.1 104.4 106.2 105.9 116.1 117.8 119.7 123.8 126.4 128.4 130.5 132.7 137.7 142.6 145.8 148.2 150.1 151.7 152.5 152.9 152.7 153.1 153.8 154.6 155.2 156.3 156.8 157.1 157.4 157.8 157.7 158 159.1 160.2 162.4 163.2 164.8 164.2 163.7 163.6 165.4 166.4 166.9 167.3 167.7 168.7 169.7 170.4 171.3 171.8 172.1 173 172.9 174 173.4 175.7 177 177.9 179.8 181.9
92.1 93.2 93.5 91.1 87.6 84.9 82.9 81.8 75.3 79.6 79.8 76.4 60.3 69.4 74.6 80.3 86.1 84.1 86.4 100 110.2 115.3 118.2 121 122.8 125 127.3 130.5 132.8 136.3 142.6 146.9 149.6 151.5 153.8 155.1 156.2 155.9 155 155.2 156 157.1 157.4 157.9 158.2 158.6 159.1 159.6 159.2 159.2 161.1 161.4 162.9 163.9 165.6 165 165.3 164.6 165.8 166.9 167.9 167.6 169 169.9 170.9 171.7 172.6 173.2 173.8 174.4 175 176.2 176.7 178.2 179.3 180.4 182.3 184.2
98.7 98.4 98 96.2 94.1 91.3 87.7 86.7 78.5 85.1 87.2 86.2 75.2 68.6 77.8 80 83.6 89.3 95.8 104.3 111.9 117.9 120 122.5 126.5 129.3 131.6 133.9 138.9 144.8 147.6 151.5 154.6 156.5 157 158.2 158.6 158.2 158.4 157.2 157.6 158.2 158.6 159 160.1 161.1 160.8 161.7 161.8 160.2 161.8 161.5 164 165.2 166.3 166 166 166.4 166.3 166.9 167.6 168.6 169.7 170.9 172.1 173.3 174 174.7 175 176.6 176.7 177.8 178.7 179.7 181 182.5 184.5 186
105.5 105.6 105.6 104.2 101.3 97.5 93.4 92.4 86.8 93.7 96.1 100.9 93.1 74.6 74 80.8 84.2 89.1 92.4 101.7 112 117.6 122.9 127.3 131.3 134.4 138.5 142.6 146.8 150.2 153.4 157.1 159.1 160.3 161 161.2 161.1 159.9 159.3 158.8 159.1 159.6 160.2 160.4 161.2 162.5 164.5 164.3 162.7 162.2 163.2 164.6 165.5 166.4 167.7 167.9 167.6 168.2 168.3 168.6 169.1 169.2 170.4 172 173.3 174.3 174.7 175.5 176.6 177.3 178.7 178.8 179.8 181.5 182.9 184.1 186.1 187.8
110.2 110.8 111.2 110.4 108 105.4 100.1 97.4 94.9 100.5 101.8 105.9 102 82.6 80.8 74 83 87.9 91.7 98.6 105.6 115.2 122.7 129.5 134.9 139.9 144.5 149.2 153.3 155.8 159.1 162.9 163.8 164 164.5 164.4 163.2 161.8 161.5 161.6 161.5 161.2 161.6 161.7 162.6 164.4 166.8 164 163.9 165 165.6 166.3 166.2 168.5 169 168.9 169.3 170.1 170 170.6 171.1 171.2 172.3 173.5 174.3 174.7 175 175.9 176.9 177.6 178.6 179.9 181.3 182.6 183.7 184.7 186.1 188
113.8 115.2 115.6 115.2 114.1 111.5 107.5 103.5 103.4 106.1 108.4 109.7 103.9 92.3 90.8 88.9 86.8 83.3 93.3 100.8 106.3 112.9 119.7 128.2 137 144.2 149.8 154.6 159.1 162.7 165.8 168.4 169 169.1 168.1 167.1 166.1 165.2 165.1 165 164.1 163.4 162.8 162.9 163.7 165.9 168.2 167.3 166.6 166.5 167.8 168 169.1 168.6 169.8 170.7 171 170.7 171.2 171.9 172.6 173 173.8 174.8 175.3 175.9 176.5 177.6 178.7 178.9 179.6 181.7 183 185.7 186.3 187.5 187.3 188.3
119.4 120.5 120.7 119.7 118.3 116.2 113 108.7 109.3 110.4 111.8 113.1 112.4 103.7 96.3 92.6 90.6 88.1 97.2 102.8 108.1 111.8 118.1 125.5 140.6 148.1 153.1 159.2 163.2 167.4 169.8 171.5 172.2 171.6 170.5 169.4 168.3 168.1 167.8 167.3 166.6 165.5 165.1 165.3 165.5 166 167.1 168.1 168.3 169.5 170.3 170.4 170.9 171.4 171.3 172 172.3 172.3 173.4 174 174.1 175 175.3 176 177.1 177.5 178.3 179.6 181 181.4 182 183.6 185.7 187.8 188.8 189.6 189.3 190
124.7 124.8 124.6 123 121.1 119.5 116.2 113.6 113.3 113.5 114.4 115.3 115.7 111.4 103.7 98 95.5 91.6 99.3 103.5 109.2 112.3 117.1 123.8 140 149.1 156.6 162.2 167.3 170.1 172.7 174.3 174.6 173.8 172.8 171.8 170.7 170.1 169.9 169.7 169.1 168 167.2 166.8 167.6 167.6 168 168.8 169.9 171.1 172.1 172.9 173.5 173.7 173.5 172.9 173.9 174.6 175.1 175.7 176.5 176.9 177 177.3 178.4 179.5 180.4 182.1 183.3 184.2 185.6 186.7 187.8 189.5 190.5 190.9 191.5 192
127.4 127.3 126.4 125.3 123.4 120.6 118.2 116.4 116.3 116.6 117.1 117.9 118.2 116.3 110.8 106.6 102.6 99.4 91.8 105 109.2 112.8 116.2 121.3 131.3 146.5 156.9 164.1 168.3 171.6 174.4 175.9 176.3 175.9 174.7 173.5 172.9 172.3 172 171.4 170.9 169.8 169 168.6 169.1 169.4 169.6 170.1 171.2 172.3 173.6 174.8 175.4 174.6 174.4 174.9 175.6 176.1 177 177.4 177.8 178.2 178.5 178.6 179.7 180.6 182.2 184 185.4 186.6 187.8 188 189 191.1 192 192 192.6 193.2
128.1 128 127.7 126.5 124.2 121.8 119.7 119.3 119.1 118.8 120 120.5 121.6 120.4 120.4 115.9 109.5 104.8 104.9 102.9 108.5 113.4 116.9 119.8 125.1 130.8 146.3 161.4 167.3 171.5 172.8 176.1 176.2 176.1 175.5 174.8 174.5 174.1 173.7 173.1 172.4 171.6 170.8 170.6 170.7 171.2 171.4 171.6 172.6 173.7 175 176.3 176.9 175.6 176 175.3 176.3 177.3 178.3 178.4 178.8 179.3 179.7 179.8 180.3 181.1 182.8 184.5 186.5 187.8 188.2 188.7 190.6 192.2 193 193.1 193.4 194.6
