public/OST50/SN60.asc
ncols 200
nrows 200
xllcorner 260000
yllcorner 200000
cellsize 50
[rows 35 to 69 of 200, columns 0 to 78 of 200]
63.4 65.1 58.2 50.4 45.7 33.9 33.5 29.9 23.4 19.1 17.7 16.7 14.8 12.9 11.8 11.1 11.3 11.6 11.7 11.4 11.5 11.9 12.1 12.2 7.6 12.4 14.2 19.3 26.4 30.1 33.6 36.5 40.9 46.2 57.8 71.7 76.4 87.3 96.4 102 111.7 115.5 111.6 103.9 104.3 109.6 115.9 122.7 130.1 138 154.3 168.1 179.7 187.7 194.2 200.5 211.3 224 236.9 247.3 257.9 265.7 270.5 272.8 274 273.5 271.8 268.7 264.6 257.4 248.8 228 210.2 195.8 188.5 191.4 196.3 203.5 212.8
57.4 67.7 61 50.8 43.4 30.7 23.6 21.6 18.6 17 16.2 15.4 13.6 12.3 11.2 11 10.9 11.1 11.3 11.5 11.7 11.9 12.5 12.4 7.3 13.1 15.4 22.7 27.9 33.1 36.4 40.7 46 55 69.2 75 84.9 95 102.2 117 125.4 126.5 123.8 120.1 113.1 114.2 120.4 127.2 135.1 147.2 159.1 170.4 180.8 189.2 196.4 205.6 220 234.9 246 255.5 264.7 271 274.9 276.9 277.7 276.8 274.4 271.1 266.7 262.1 255.8 247.3 231 212.1 198.9 194.7 198.3 206.1 215.6
67.6 69.6 64.4 53.1 44.2 35.9 24.8 19.4 18 15.7 15 14.3 12.6 12.3 11.3 11.4 11.3 11.1 11.2 11.4 11.7 12 12.5 9.3 12.5 15.4 20.6 26 31.3 37.9 41.4 47.8 55.3 67.2 75.4 81.9 91.2 99.2 111.5 126.5 131.5 130.5 129 128.9 125 123.7 126.9 132.2 143.9 155.5 165.5 175.8 183.5 191.8 201.2 213.6 231.2 243.7 253.5 262.5 270.4 275.3 277.7 279.2 279.4 278.3 276.2 272.8 269 264.7 260.3 255.4 244.3 227.8 212 200.9 200.3 210.7 221.1
78.9 72 64.4 54.6 46.8 40 24.4 18.3 17.7 15.9 13.9 13 12.5 13 11.8 11.9 11.6 11.4 11.4 11.6 12 12.3 7.3 12.5 16 19.4 25.3 30.1 35.1 42.7 50 59.2 69.1 76.7 80.5 86.4 95.5 105.1 124.1 133.5 133.8 132.8 141.9 147.1 144.2 139.7 138.3 145.1 154.2 163.8 172.8 181.2 188.7 198.8 209.6 221.1 238.8 250.5 259.3 268 274.5 278 279.3 280 279.8 279.3 277.6 274.8 271.5 267.1 261.8 257.6 249.5 237.7 222.6 209.8 210.3 217.7 223.6
78 71.5 64.2 54.9 48.7 42 24.9 16.3 16.3 15.3 13.8 12.6 11.7 12.2 12.5 12.1 11.9 11.7 11.7 11.7 12.1 12.3 9.7 15.7 21.8 25.9 30.9 33.8 41.8 51.7 60.8 70.5 77 82.6 85.9 91.1 98.4 115.2 128.6 133.4 132.9 143 157.5 161.4 161.2 157.2 156.2 158.8 165 172.8 181 191.1 199.5 213 226.9 237.7 242.1 255.9 264.1 272 276.6 278.9 279.8 280.3 280 280.2 279.3 277.4 273.9 268.6 263 257.5 251.5 243.1 230.3 220.3 221.3 223.7 226.6
75.9 69.2 62.4 54 48.6 40.3 25.4 15 14.7 14.1 13 11.9 11.6 11.8 12.1 12.3 12.2 11.8 12 12.1 12.1 7.1 13.6 20.2 24.9 29.9 34.1 43.2 56.6 63.8 71.7 77.7 83.1 88.4 90.7 94.1 105.4 123 133.2 131.1 136.8 155.5 164.9 167.9 168 166.1 166.5 168.6 174.3 180.8 191 199.7 208.2 229.2 240.5 248.7 255.5 261.7 269 274.3 277.1 278.8 279.7 280.5 280.7 280.9 280.9 279.5 275.5 270.3 264.7 258.6 252.5 245.9 236.5 233.1 233.7 231.6 234.8
72.5 66.3 59.5 52.8 45.1 37.3 25.6 13.4 12.9 12.9 12.3 11.5 11.6 12 12.3 12.6 12 12 12.2 12.4 9.9 13.7 19.8 24.5 31.2 35.4 42 57.9 69.9 74.2 78.4 81.4 85.8 89.9 93.4 98 114.7 127.7 130.1 131.1 148.4 164.2 171.5 173.7 175.1 176.5 175.7 178.6 184.3 191.6 196.1 205.8 223 238.2 247.8 256.2 262.4 267.7 271.5 274.8 277.4 279.1 279.5 281.3 281.5 282 281.2 278.9 275.4 270.9 265.9 260.2 254.5 249.1 244.2 243 244.1 247.4 253.4
68.5 62.4 56.4 49.4 42.6 34.6 25.4 13 12.4 11.5 11 11.2 11.6 7.1 8.1 12.5 12.1 12.1 12.3 7.5 12 16.5 22.7 29.7 33.4 43.2 56.1 67.3 73.4 77 81.1 84.5 88 91.6 95.5 106 119.3 128.7 125.8 139.1 162.7 173 179 184 185.3 184.6 183.3 188.2 193 199.1 204.7 219.9 236 246.4 255.3 262.3 268.2 271.7 274 276.3 277.9 279.5 280.4 280.9 281.4 281.5 280.2 277.5 274.2 270.2 265.5 261.4 257.2 253.6 250.1 248.9 251 254.6 259.2
64.5 58.5 52.8 44 37.3 30.3 21.4 12.3 11.7 11.3 11 11.2 11.4 7.1 11.7 7.1 7.1 7.7 8 11.8 13.3 19.3 27.4 32.3 39.3 52.2 62.6 71.2 76.8 76.6 80.6 85.8 89.3 92.9 97.4 110.5 122 124.6 126.5 152.6 171.2 180.2 186.1 188.9 188.5 190 195.5 202.6 207.6 213.7 223.2 237.7 246.7 254.2 261.3 267.2 271.8 275.1 276.6 277.7 278.8 280 280 280 280.1 279.6 278 275.1 271.7 268.2 264.8 261.4 258.2 254.3 253.2 252.8 254.6 257.3 261.3
61.8 55.4 49.3 40.1 33 27 18.3 11.5 11.4 11 11.1 11.3 11.5 12 11.8 11.8 11.7 11.6 11.7 12 16.6 24.3 31.8 37.3 45.3 57.4 67.4 72.5 73.4 75.1 79.1 84.8 89.6 93.6 101 113.3 120.6 121.9 138.5 163.4 176.8 185.7 189.2 192.2 197.3 207.2 215.3 223 229 234 241.4 247.9 254.6 260.4 266.3 270.7 274.3 277.4 278.6 279.1 279.4 279.8 278.7 278.6 278 276.6 275.1 272.6 269 265.5 262.9 259.6 257.4 255.3 254.5 254.1 255.6 255.9 259.7
58.6 52.5 46 36.4 29.8 22.9 15.5 10.9 10.8 11 11.4 11.4 11.7 12.2 11.9 11.8 11.6 11.3 11.3 13.4 22.8 30.7 35.8 41.6 50.7 62.2 68.4 71.6 71.9 75.2 80 85.6 89.3 95.3 105.2 117.1 121.1 129.9 150.2 167.7 178.6 187.3 192.4 201.3 211.9 223.2 231.1 237.2 242.7 247.6 251.9 257.3 262.1 267.5 270.9 273.5 276.6 279.6 280.3 280.7 280.4 279.2 278.1 276.7 275.5 273.7 271.8 268.9 265.3 262.2 260.2 257.8 255.3 253.3 252.3 251.8 253.4 254.2 258
55.3 49.2 42.5 33 27.1 19 13 11 10.9 10.9 11.6 7.3 7 12.6 7 11.7 11.5 11.2 11.6 18.9 26 32.4 38 45.6 54.3 59.5 65.1 68.6 71.6 76.1 81 85.6 90.8 101.4 111.3 118.3 121.9 138.2 157.7 169.1 181.8 189.7 200.4 212.5 223.4 233.3 241.3 247.8 253 256.9 261 264.5 268.1 272 274.8 276.7 279.9 280.5 281.3 281.2 279.4 277.7 275.9 274.1 272 269.9 267.9 264.8 261.3 258.6 256.5 255 253 250.2 247.3 248.2 248.7 249.8 254.3
51.7 46.3 39.3 30 23.7 16.1 11.7 11.1 10.9 11 11.3 10.6 11.8 9.9 7 11.7 11.5 11.2 13.3 21.8 28 34.4 40.3 47.4 51.8 56.9 61.6 65.1 69.5 74.5 81 87.8 96.9 104.8 114.1 118.8 131.2 147.6 162.3 174.2 185.6 196.3 210.3 221.8 233.1 244 251.6 258.2 262.4 266.1 268.7 269.4 273 275.8 278.4 280.2 280.7 281.3 281.1 280.2 277.9 275.8 273.8 271.9 269.3 266.5 263.8 260.5 257.9 255 252.9 252 250.2 248.1 244.8 244.5 243.5 246.7 250.8
48.4 42.6 34 26 19.3 12.8 11 11.3 11.3 11.6 11.5 11.7 6.6 11.4 11.4 11.3 11.5 11.8 17.1 25 30.1 37 41.8 45.6 50.3 56.1 59.1 63.3 68.4 76 83.7 93.8 102.2 109.2 114.8 123.4 139.2 154.2 166.3 178.7 190.6 205 219.1 232.6 244.7 253.6 260.2 265 269.1 271.6 272.9 274.2 276.9 279 281 281.6 281.7 280.7 279.7 278.4 275.9 273.9 271.5 268.6 265.8 262.9 259.7 255.9 253.1 250.9 250.1 248.9 247.8 246 243.5 240.5 239.4 242.6 247.7
44.6 37.6 29 21.1 15.9 11.7 11.6 11.5 11.6 12 6.3 6.4 6.4 11.2 11.3 11.4 11.2 13.1 18.5 25.4 31.3 37.1 40.8 46.4 52.4 54.7 59.1 64 69.1 77.3 90.1 100.1 107.4 112.9 119.9 132 146.8 159.2 172.6 184.6 198.1 213.9 227.4 242 252.5 261.3 265.8 270.2 273.3 275 276 277.7 280 281.8 282.9 282.1 280.8 279.7 278.1 275.9 273.6 270.6 267.8 265.1 262.3 259 255.6 251.1 248.2 246.4 246.2 245.1 245.3 243.5 241 237.2 233.7 238.6 243.2
40.6 31.8 24.3 17.7 12.5 11.2 11.2 11.3 11.1 11.5 6.3 11.3 10.9 11 11.2 11.3 12.3 17.3 24.3 27.9 32.9 37 41.9 47.6 51.8 55.2 58.9 64.1 70.4 82.8 94.8 103.9 110.2 118.4 129.5 140 153.7 166.4 178.4 190.3 206.2 220.8 235.8 248.1 258.2 265.2 270.5 273.8 276.6 278.9 280.2 282.4 283.4 284.1 283.2 281.8 280.5 278.9 276.1 273.3 270.6 267.7 264.5 261.6 258.8 254.8 250.1 245.8 242.2 240.1 239.5 241.1 241.4 239.7 237.3 234 221.6 232.4 236.9
35.4 25.7 20 13.9 10.9 11.2 11.3 11.3 11.3 11.4 6.3 10.8 10.6 10.8 10.8 11 13.1 20.3 25.2 28.6 31.9 37 42.9 47.5 50.6 54.6 58.9 64.3 75.1 87.6 99.4 105 114.1 127.2 138.7 148.3 162.5 173.8 184.1 196.8 215.8 227.4 240.7 253 261.1 268.2 272.7 275.3 279.6 282.1 283.6 285.2 285.2 284.8 283.6 282.2 280.4 276.1 274.3 271.1 267.9 264.9 261.8 258.5 254.9 250 244.7 240.2 236.1 234.3 233.5 234.4 234.8 234.1 231.8 228 214.1 223.5 228.5
29.3 21.4 15.2 11.4 10.4 11.2 11 10.8 11.1 11.4 10.9 10.5 10.5 10.6 10.6 11.7 14.5 20.6 25.3 29.1 33.6 39.5 44.6 48.9 52 56.1 61.2 68.8 78.9 90.4 98.8 107 123.7 139.8 149.2 158 170.4 179.6 190.2 204.8 221.4 233.6 244.9 256.3 264.1 270 274.6 278.4 282.4 284.3 285 284.9 284.6 284.1 283.3 280.7 277.6 273 270.6 268.3 265.3 261.7 258.7 255.4 250.6 244.2 239.5 235 231 228 226.4 228 229.5 228.4 225.6 222.9 211.7 217 223.8
27.5 18.2 12.2 10.8 9.9 10.6 10.5 10.5 10.8 10.8 10.7 10.5 10.4 10.5 10.5 11.1 16 23.4 27.5 32.6 36.6 41 45.9 50.2 54 58.2 65.8 74.3 83.2 93.3 101.3 118.1 137.1 149.7 159.6 168.1 178 188.2 197.6 216.5 227.9 238.2 248.4 258.4 264.9 269.7 275.5 280 283.4 284.5 284.3 284.2 283.8 282.7 281.5 279.2 275.2 271.8 268.5 265.7 261.9 258.2 254.6 249.2 244.6 238.3 234.1 229.3 225.4 222.7 220.7 222.3 224.8 223.6 220.9 217.3 207.7 209.9 219.9
27.2 17 11.3 9.7 7.9 10.4 10.1 10.2 10.5 10.7 10.6 10.4 10.3 10.4 10.6 12.2 18.1 25.2 29.7 34.4 38.2 42.2 47 51.9 57.1 62.5 71.4 78.9 87.8 95.8 109.7 129.4 147.7 159.4 168.1 178.3 189.8 202.8 216.8 225.1 234 242.9 252.3 259.7 265.6 270.4 274.9 279.8 282.6 283.7 283.4 282.7 281.9 280.4 279.5 277.9 275.3 272.5 270.6 265 261.7 256.3 251.5 245 238.6 228 225.7 223 220 217.5 216.3 216.3 219 218.8 216.6 210.9 203.2 205 215.3
24.1 15.3 8.3 7.8 10.7 10.7 10.5 10.5 10.4 10.4 10.5 10.4 10.3 11.4 11.2 14.2 23.6 27.4 31.5 36.4 40.3 44.7 49 55.7 61.3 67.9 75.3 82.7 90.5 102.4 119.8 139.2 153.6 163.4 177.4 195.5 211.5 221.6 227.9 234.7 242 249.4 255.9 260.1 266.4 270 274.3 278.5 280.3 281.6 281.3 280.5 279.5 278.6 277.9 276.6 276 273.7 270.4 266.1 261.1 255.7 250.7 245.7 240.4 232.6 223 215.1 213 212.7 211.2 210.5 213.3 213.8 211.9 209.1 199.3 196.8 208.5
20.9 14 9.7 9.1 10.7 10.7 10.6 10.4 10.3 10.3 10.3 10.3 10.2 10.6 11.1 16.8 26.5 30.7 33.8 38.7 43.3 48.2 53.5 60.8 66.5 73.3 79.8 86.2 95.4 111.8 129.2 145.2 157.9 171.5 191.2 215.2 226.5 233.5 239.1 245.2 250.2 254.7 258.6 262.2 267.3 270.9 275 276.5 278 278.8 278.8 278.5 277.2 277 276.4 276 275.3 273.6 269.4 264.1 258.5 253.5 248.8 243.8 238.7 231.8 223.4 214.2 205.9 207.3 207.5 205.2 207.6 209 208.2 206 198.8 187.7 203.9
16.5 7.8 7.5 7.2 10.9 10.7 10.6 10.4 10.3 10.2 10.1 10.1 11.2 10.8 13.5 22 28.8 33.1 37.2 41.6 46 52.5 58.7 65.7 72.2 78.1 83.9 90.2 104.2 121.5 138.6 150.4 164.8 179.7 207.8 228.7 238.3 245.1 250.1 253.8 255.9 258.7 262.2 266.2 268.7 272.3 273.2 274.6 275.9 276 276.2 275.7 275.8 275.5 275 274.2 273.3 270.4 266.3 261 255.5 250.8 244.3 240.1 236 229.2 221.4 212.7 205.4 200 203.7 201.2 201.7 203.9 204.5 202.2 194.1 182.7 202.8
13.9 7.5 7 6.6 10.4 10.4 10.4 10.3 10.1 10.1 9.8 9.8 9.9 11.5 22 27.6 31.4 35.8 40.2 44.6 49.3 57.6 64.4 71.4 78.7 82.6 88.6 98.5 115.1 132.3 145.3 157.7 173.9 199 224.8 242.7 252 253.3 256.6 258 261.2 264.9 268.4 271.2 270.5 271.9 272.1 273 273.9 275 274.4 273.8 273.4 273.1 272.6 271.3 269.2 266.7 262.7 257.5 251.9 246.3 239.1 234.5 231.8 225 218.2 210.1 200.7 192.7 199.7 196.9 196.7 199.5 199.9 196.5 186.5 186.8 201.1
12.5 7.9 10.1 10 10 10.2 10.2 10.1 10 10 9.7 10.3 10.6 15.7 24.2 30.4 34.2 37.6 41.8 50.2 56.5 62.3 68.4 75.8 82.2 87 96.9 112.1 127.4 141.6 153 168.7 192.7 217.6 239.4 254.7 259.3 259.1 260.4 262.6 266.5 270.4 273 273.2 271.9 270.7 271.6 271.5 272.7 273.5 272.7 271.4 271 270.1 269.5 267.7 265.5 261 257.3 252.6 247 240.8 234 226.6 219.5 207.7 203.9 201.6 191.8 192.5 195.3 192.9 192.3 194.6 194.4 189.5 179.1 187.9 196.4
13.8 9.6 10.1 10 10 10 10 10 9.9 9.9 9.8 9.8 13.8 22.3 28.3 34 41.7 47 51.2 55.7 61.7 66.8 74.4 81 88.2 100.4 112.3 125.6 138.5 149.4 165.6 187 211.2 233.2 251.7 260.9 264.8 266 265.8 266.3 270.3 271.3 271.1 270.1 268.7 269.6 270.6 270.9 271.5 270.8 270.1 269.3 268.3 266.6 265.2 262.9 259.6 255.8 252.8 248.4 243.1 237.5 236.3 234.6 228.9 221.5 211.9 200.9 188.6 187.6 190.3 188.4 189.2 190.2 189.7 185 174.9 180.2 189
10.9 10.2 10 9.9 9.9 9.9 9.9 9.7 9.6 9 9.7 12 20.1 27.7 37.7 49.6 56.4 59.9 62.8 66.3 71.9 80.6 87.7 96.4 106.8 115.9 125.9 138.1 148.3 161.9 184.5 208.7 228.9 246.3 258.1 265.8 271.4 271.7 269.1 269.2 269.2 268.7 268 267 267.5 268.5 268.5 267.8 268.4 268 267.3 266.3 264.7 263.1 261.4 259.2 255.2 252.6 249.7 246 241.5 238.9 240 237.3 231.7 223.3 214.3 203.1 188.8 182.4 184.9 183.8 186.4 186.9 185.5 180.9 172 172.8 182.3
10.7 10.1 10.2 10 9.8 9.8 9.7 9.5 9.5 9.8 11.3 17.9 27 38 54 63 66.7 69.8 74.1 80.7 89.9 98.9 107.1 114.8 122.6 131.2 139.6 149.2 164.8 184 208.5 226.6 240 250.6 260.9 270.2 275.7 273.5 270.5 268.1 267.1 265.9 264.7 263.9 265.2 266.3 265.7 265.5 265.5 265.4 264.3 262.6 261.3 260.9 259.2 257.6 255.1 253 250.1 247 243.5 240.8 239.2 235.8 231.1 223.9 214.4 203.2 187.9 177.7 179.9 181.2 184.1 184.5 181.7 177.4 167.9 168.9 176.3
7.1 10.4 10.3 10 9.9 9.7 9.6 9.6 9.2 10.1 14.1 23.4 35.3 50.8 62.1 68.9 80.7 91.4 97.7 102.9 110.3 116.9 124.4 130.9 137.1 144 152.3 169.3 189.9 208.6 223.4 238 244.5 254.2 266.7 274.6 274.7 271.4 268 264.2 262.9 261.4 260.4 261 262.7 263.6 264.9 263.7 263.2 262.7 260.6 259.2 258 257.7 258.2 257.1 255.8 254.6 252.4 249.5 245.6 242 238 233.8 228.1 221.9 215.4 204.3 188.7 173.3 174.2 178.4 183.1 183.8 179.7 172.7 167.9 165.9 171.3
9.3 9.3 8.6 9.9 9.9 9.7 9.5 9.4 8.7 11.5 19.3 30.4 44.8 57.9 68.4 88.3 103.9 111.3 117.2 123.2 130 134.2 138.7 143.2 149.5 161.4 176.6 194.8 212 223.7 233.8 241.9 249.5 261.6 271.4 272.9 270.6 267.5 264.3 260.7 259.5 258.4 258.2 259.4 260.9 263 262.8 260.9 259.7 258.8 256.7 255.5 254.8 256.2 257.8 258.1 258.3 256.8 254.9 251.4 247.2 242.9 237.3 231.1 224.4 218.4 212.2 203.5 187.9 174.4 170.6 179.1 182.5 181 179.1 171 167.6 163 167.3
9.3 9.5 9.6 9.6 9.6 9.6 9.4 8.7 9.8 16.4 26.3 35.6 51.5 66.7 86.6 107.9 121.4 127.8 132.4 137.2 142.6 147.2 152.6 163.5 176.1 189.7 203.9 217 227.3 234.3 240.2 249.8 258.4 268.6 270.6 270.3 268.4 264.4 260.4 257.6 256.2 256.2 256.9 258.2 257.9 260.6 258.9 257.6 256.3 254.8 253.6 252.3 254.4 256.2 258.6 259.8 259.9 258.6 256.2 252.4 246.5 240.4 235.3 228.7 221.4 214.9 208.6 200.6 184.6 171.3 170.4 178.7 180.3 179.8 178.4 173.4 164.4 159.7 162.3
9.1 9.2 9.3 9.3 9.3 9.2 8.5 9.2 12.9 20.9 30.9 43.8 61.5 83 104.4 122.5 128.4 132.5 141.4 151.4 163.3 170.8 181.3 193.2 205 215.8 223.8 229.5 233.3 240.9 251.2 257.7 263.7 266.4 268.5 267.8 264.9 261 257.3 254.1 252.8 254.1 254.9 255.9 256.8 256.6 254.9 254.3 253.4 251.3 250.5 251.3 254.3 256.5 258.8 260.6 260.8 259.2 256.7 253 248.3 242.1 234.1 226.3 217.4 211.1 205.2 198.3 181.9 166.5 170 177.3 178.2 177.7 178.6 176 168.8 159.4 158
9.1 8.9 9 9 9.1 7.5 8.7 11.4 17.3 26.9 38.8 54.8 78.9 99.1 116.7 124.7 127.4 137.2 155.6 174.4 190.7 199 208.6 216.7 221.8 226.9 231 232.9 238.5 248.7 257.7 261.6 262.8 263.8 263.6 261.5 258.7 255.6 252.7 250.6 249.4 251.6 253.5 254.1 255.3 253.9 252.3 251.1 250 248.4 249 251.1 253.5 255.6 258.6 259.9 259.8 259 256.3 252.1 247.1 240.4 231.3 222.8 213.7 207.1 201.7 194.8 181.7 165.5 166.5 173.9 175.6 176.4 177.5 175.3 169.8 158.8 155.3
8.6 8.7 8.7 8.8 8.9 8.9 11.2 13.9 22 33.5 49.5 71.2 92.9 108.6 120.5 124.7 131.9 151 175.7 197.7 205.7 212.5 218.2 222.8 224.9 227.2 229.7 235.8 246.6 254.4 258.3 258.9 258.3 256.5 256.2 254.7 251.6 249 246.8 246.6 247.6 250.3 251.8 253 253.4 251.5 248.4 247.4 245.1 245.4 247 249.7 252.4 254.8 257.9 258.3 258.1 257.4 254.8 250.7 246.1 238.8 228.6 218.5 210 203.5 197.9 191.1 180 163.9 163.8 170.1 173.9 175.2 174.7 171.9 165.9 156.1 152.3
8.7 8.8 8.6 8.7 8.8 10.5 12 16.8 27.6 42.3 62.9 84.8 102.9 113.8 120 126.4 143.4 168.8 194.5 205.1 212 217.3 218.7 219.3 220.8 223.2 228.1 241.4 248.8 251.1 252.2 251.7 249.4 248.1 248 246.3 243.8 242.4 242.4 242.5 246 247.8 249.8 250.9 250.6 249.1 244.8 243.1 241.3 242.5 245.5 248.3 250.7 253.8 255.7 256.2 255.6 253.7 252 249.3 244.7 237.8 225.4 215 206.5 200 194.8 189.2 179.8 164.6 160.1 167.5 171 173.1 171.1 167.1 156.3 151.1 151.9
