public/OST50/SN60.asc
ncols 200
nrows 200
xllcorner 260000
yllcorner 200000
cellsize 50
[rows 70 to 104 of 200, columns 0 to 78 of 200]
8.9 8.7 8.6 8.5 8.6 9 11 21.5 32.6 53.1 77 94.9 108.5 114.6 122 135.5 160 187.8 200.6 207.2 213.2 214.1 213.1 214.1 216.2 220.2 225.6 239.5 243.5 244.6 243.7 243 241.7 240.8 239.6 237.9 237.9 237.5 237.9 240.6 243.7 245.3 247 248.7 247.6 245.9 242 239.4 238.6 240.2 244 246.3 248.6 252.1 253.5 254 251.9 250.2 248.3 245.8 241.8 235.1 223.9 212.2 203.4 197.1 192.1 186.5 177.3 163.2 156.6 164.1 167.4 169 165.6 156.7 147.8 150.2 153.2
8.7 8.7 8.6 8.5 8.4 7.8 11.8 23.6 44.5 66.9 88.3 101.2 110.4 115 128.7 151.8 178.6 195.9 202.2 204 209.9 208.6 207.5 208.6 211.1 214.1 220.1 230.7 235.7 234.4 234.2 234 233.2 232.5 233 232.9 232.5 232.7 235.2 239.5 241.7 243.4 245.3 245.6 244.4 243 239.6 236.5 236.1 238 241 243.8 246.8 250 250.5 249.6 247.7 246 244 241.6 237.6 231.1 219.8 208.9 200.1 193.7 189.3 182.9 174.4 160.8 153.8 161 162.9 163.6 158.7 149.4 147.9 151.6 155
8.7 8.7 8.6 8.5 8.8 8 17.5 33.1 57.6 80.7 96.6 105.9 110.1 121.3 144.6 168.8 188.7 198.6 199.3 200.8 203.6 202.4 201.7 203.2 205.7 207.6 210.1 218.2 224.8 224.9 224.7 225.6 226.5 227.6 228.2 226.9 227.6 230.3 234.3 237.5 239.6 242.1 243.9 243.4 242.2 239.8 236 233.3 233.8 235.8 238.6 241.6 245 247.3 246.9 245.2 243.1 241.2 239.6 236.9 233.3 226.2 213.6 204.2 195.3 190.2 185.9 179.4 171.6 157.4 151.6 157.2 158.3 155.1 148.9 146.9 150.6 153.5 157.1
8.6 8.6 8.6 8.6 8.6 11.3 24 45.6 70.1 89.2 101.8 107.7 114.5 135.4 163.4 178.3 191.2 196.6 196.8 198.3 197.5 196.3 197 198.9 200.5 200 201.9 208.2 215.4 216.6 218.5 221.3 224 224.8 224.1 223.9 226.1 230.3 233.4 236.4 238.8 241.1 243.2 243 240.1 236.4 232.8 230.1 232.2 234.1 236.1 239.1 242.7 244.3 243.2 240.8 238.9 237.1 235.2 232.2 228.9 221.5 207.3 199.1 190.9 186.5 181.9 176.3 169.8 154.7 149.7 152.8 151.4 147.5 145.2 149.8 153.1 156 159.3
8.5 8.4 8.3 8.3 8.6 18.5 35.7 58.6 78.7 94.3 102.9 109.7 123.9 150.6 175.3 182.4 190.9 193.2 194.5 193.4 191.8 189.7 191.6 193.4 193.5 193.5 196 201.8 209.8 213 215.8 219.1 222.4 222.7 220.7 222.4 225.8 229.3 232.4 235.5 238.7 241.6 242.6 240.7 237.6 234.3 230.8 226.9 230 232.2 233.9 237.2 239.9 240.9 239.4 236.8 235.1 233 230.9 228.8 224.1 215 202.3 194 186.5 182.3 177.4 172.9 166.8 152 147.4 148.6 145.7 143.6 148.1 152.3 155.5 158.6 162.7
9.6 8.2 8.3 8.5 11.4 26.9 47.9 68.4 85 96.7 104.2 116.8 139.6 167.8 180.3 185 188.2 189.3 188.9 188 185.9 183 185.1 186 187.1 189.3 191.7 198.7 207.1 210.9 214.6 218.2 221.2 220.9 217.5 220.4 224.6 227.5 231 234.7 237.4 239.4 239 236.9 234.5 231.3 228.2 223.9 228 229.6 230.8 234.5 236.6 237 239 234.9 231.8 229 226.8 224.7 220 206.9 196.7 188.5 181.3 176.9 171.8 165.9 157.5 148 140.9 143.1 142.5 146.8 150.6 155 158.7 163.1 168.4
8.1 8.2 8.4 8.6 16 38.6 57.8 75 89.9 97.7 109.9 131 159.6 175.1 183.3 186.2 184.2 183.9 182.3 182.2 179.5 177.2 178 179.4 182.7 185.8 189.8 199.3 205.5 210.7 213.3 216.7 218.1 215.7 212.1 218.2 222.3 226 230 233 235.9 237.7 235.7 233.3 230.5 228.8 226.3 221.1 225.9 227.1 228.5 231.3 233.1 234.2 241.2 244.4 227.6 225.1 223 219.5 213.9 201.1 191.2 182.8 175.5 167.8 160.7 152.5 146.9 140.1 139.5 143.8 149.5 153.5 156.9 161.4 165.5 169.7 176
8.1 7.9 8.2 9.3 26 48.4 65.4 81.4 91.9 103 121.9 146 166.3 177.4 183.2 184.1 180.5 177.9 177.5 176 173.1 170.7 172.1 174.2 180.2 184.3 189.7 197.5 204.3 208.9 211.7 213.7 213.4 209.7 210.6 215.6 219.6 223.8 227.5 229.9 232.4 233.8 231.2 229.2 227.9 226.2 224.1 217.9 224 224 224.7 226.5 228.4 232.9 244.7 249.9 232.7 220.7 218.7 214.5 206.6 197.2 186.1 177.8 169.5 159.6 146.3 136.9 138 139.9 148 154 156.6 159.5 164.1 169.6 174.4 180.3 188.7
7.8 8.1 8.4 14.5 38.8 57.3 72.9 85.5 96.3 113.1 133.1 156.1 169.2 178 181.3 179 175.2 172.6 171 169.2 166.7 164.8 166.5 171.5 177.5 182.4 188.9 196.2 202.9 206 208.1 208.8 206.4 203.2 209.3 213.1 217.1 221.4 225 227.6 229.2 228.4 227.7 227.2 226.2 224.9 223.9 222.6 215.3 218.3 220.5 221.7 224.4 230.1 246.8 260.6 240.9 221.7 215.5 211.2 201.9 192.2 180.9 171.8 163.6 148 136.1 139.5 150.5 156.3 157.9 159.9 162.3 166.4 171.7 178.5 186.6 194.3 203.6
8.2 8.3 8.8 27.6 47.4 64.8 79.2 88.6 104 124.8 144.1 161.7 172.6 177.9 177.2 172.5 169.3 165.9 164.3 162.6 159.6 160.7 163.7 168.5 175.2 182.8 189.2 195.4 199.1 202 202.9 201.7 199.1 201.3 205.9 210.1 213.5 218.4 221.6 223 223.6 223.8 223.7 224.3 224.7 224.4 223 221 217.5 212.1 215.5 218.5 222.4 229.9 250.2 266.7 246.5 223.4 213.9 207.3 196.5 185.2 175.4 166.4 155.7 141 135.5 146.4 156.3 159.8 161.7 163.6 167.3 172.7 181.9 190.6 199.7 208.7 218.1
8.2 8.3 11.6 37.9 54.8 71.8 81.2 94.2 114.5 135.4 154.2 165.6 173.3 174.9 173.4 169.4 163.9 158.7 157.8 156 156.4 159.2 163 167.6 177 183.7 189.5 192.4 195.9 196.5 195.9 193.7 195.2 198.8 202.4 206.2 209.6 214.5 216.9 217.9 218.6 219.5 220 221 220.7 220.7 221.1 219.3 217.1 211.8 210 215.1 219.9 230.3 252.9 267.4 245.9 220.9 211.7 202.5 191.2 181.6 171.9 162 151 138.1 139 152 158 161.6 164.1 167.6 173.6 183 192.3 201.4 212.1 222.6 231.6
8.2 8.4 21.5 45.9 61.6 75.3 85.6 102.5 125.7 146.1 161.4 166.6 171.7 171.5 167.6 164.2 160.1 153.7 151.1 150.1 153.4 157.9 162.9 171.4 180.7 184.3 187.9 190.4 190.1 188.8 186.6 189 191.9 195.3 198.6 201.9 206 209.5 210.1 211.6 213.3 215.2 216.2 216.9 216.4 215.5 214.7 214 213.9 211.4 207.3 213.1 218.3 233.1 257.7 266.4 242.6 217.4 205.1 193.8 187.3 178.5 167.4 157.7 147.6 136.3 139.2 152 157.3 162.8 167 171.1 179.3 188.9 199.7 213.7 225.7 234.6 238.8
8.2 9.1 28.7 49.3 65.4 74.9 90.3 113.1 136.1 155.6 165.2 168.8 169.3 165.6 162.3 156.9 153.9 149.4 145.7 146.4 150.8 156.4 165 176.3 181.6 183.8 185.4 185.4 181 179.8 184.6 186.6 187.7 190.3 193.5 197.5 201.4 204.4 205.4 207 209.6 211.6 212.6 212.6 211.4 210.6 210 209.5 209.9 205.9 212.1 214.1 218.9 236.6 262.8 263.1 236.6 211.7 195.9 189.6 183.9 175.7 163.9 154.2 145.2 131.7 140.7 150 155.6 162.5 167.6 174.6 183.4 193.4 208.7 226.2 236.3 241.7 244.8
8.5 10.9 32.1 51.4 65.2 77.9 97.2 123 143.7 161.4 166.1 169.1 166.4 165 162.9 155.3 147.3 143.7 141.5 143.7 148.9 155.5 168.2 177.4 181 181.3 179.7 175.6 172.2 179.4 181.1 182.4 182.3 186.2 188.8 192.7 197.2 198.8 200.8 203.5 206.2 208 209 208.5 207 206.1 205.7 205.4 203.3 201.5 211.2 214.4 223.8 246 265.5 258.9 230.2 204 193.7 189.2 184 174.6 161.7 151.2 143.4 130.5 140.5 148.5 154.2 160.5 167.1 176.4 185.3 197.6 216.8 234.8 242.4 247.1 247.9
8.7 13.4 32.2 52 64.6 81.5 106 132 148 161.9 164.8 168.4 165.5 166.7 161.7 153.4 145.6 140.3 138.8 140.9 147.3 157.1 169.8 177.1 177.1 174.3 169 165 173.1 176.4 177.3 177 178.6 182.7 184.6 188.5 193 194.7 196.6 199.9 202.6 204.3 205 204.3 202.9 201.8 201 201 193 205.1 208.8 212.2 229.2 255.7 264.9 253.7 225.7 201.2 194 189.6 183.6 174.1 158.9 149.2 140.1 130.3 140 147 152.8 159.3 167.4 177.6 186.7 202.1 224.1 240.5 246.8 248.3 247.5
8.7 15.5 32 52.1 65.4 87.7 115 139.5 153.4 159.6 163.4 163.2 167.3 171.9 163 153.7 145.5 140.2 136.4 138.4 145.6 157.8 166.6 173.6 171.4 166.5 161.5 164.8 170.5 172.6 173.2 173.3 175.2 179.1 180.6 184.5 188 190.1 192.9 196.1 198.5 199.9 199.1 198.5 198.1 197 195.9 189.4 200.5 203.4 206.4 214.5 236.9 257.7 264 250.6 222.8 199.7 193.1 189.5 182.1 172.5 158.5 145.7 139.6 128.4 138.8 145.6 152.1 158.6 168.6 178.8 188.4 207.2 231.4 243.2 246.8 246.5 244.4
10.2 19.4 32 49 67.4 92.9 121.7 143.2 152.9 156.9 159.3 160.6 170.9 176 165.2 153.8 145.2 138.6 134.8 137 145.3 155.7 163.6 165.5 163.2 159.3 155.8 162.2 167.1 168.7 169 169.6 171.3 174.3 176.1 180.1 183.6 186.1 189.4 192.6 194.8 195.3 194.3 192.4 191.3 190.9 190.7 194.6 198.1 201.4 208 221.4 243.4 257.3 261.9 247.3 219.9 195.8 190.4 186.9 179.3 169.1 156 143.9 138.3 128 137.1 144.2 151.2 160 170.1 179.9 192.7 213.8 236.1 244.1 245.7 244.4 242.2
14.9 21.5 32.2 48.5 68.9 98.1 126.1 142.5 149.5 154.9 154.3 162.1 173.1 171.9 166.8 153.8 143.3 136.9 132.6 135.4 144.1 151.4 156.7 156.8 154 152.1 153.6 159 162.3 163.8 164.3 164.7 166.7 168.6 172.1 174.8 178.2 182.1 185.9 188.7 190.1 190.2 188.7 187.4 186.4 185.3 180.5 191.8 195.8 201.4 207.6 225.7 245.8 254.2 256.8 244.4 216.7 193.3 185.9 182.4 174.1 164 153.3 142.3 136.3 127.5 134.5 141.4 148.6 160.9 171.1 183.9 199 221.4 239.9 245.2 244.6 242.8 239.3
14.5 22.5 31.2 47.9 71.2 101.3 126.8 139.9 146.2 150.7 151.9 166.6 171.2 170.9 165.2 153.2 140.6 134.2 129.8 132.9 140.6 146.7 150.9 149.7 148.4 147.1 152.3 156.4 158 159.9 159 158.8 162 164.7 167.9 170.1 173.8 177.7 181.2 184.4 187.2 186.1 183.1 181.9 182.6 180.1 185.2 189.5 194.7 201 210.4 230.7 245.3 251.6 251.3 240.2 208.8 190.1 181.5 177.3 169.2 161.3 150.6 141.4 135.7 128.2 131.1 139.3 147.7 162 171 186.8 208.1 231.2 242.6 245.1 243.9 241 236.3
14.6 22.1 30.1 47.8 71.5 102 125.7 135.5 143.9 145.4 154.5 168.1 170.3 170.4 164.3 154.8 141.5 132 127.8 130.2 136.6 142.5 145.3 142.8 141.3 142.3 151 153.5 155 156.2 153.4 154 157.9 160.8 163.5 165.4 169.2 173.1 175.8 179.5 180.8 179.9 179.9 179.4 178.8 172.3 183.3 186.8 192.5 200.4 214.9 235.1 244.7 248.6 246.8 229.5 202.8 187.1 175 171 163.6 156.1 150.1 141.2 134 129.1 128.2 136.6 146.5 162.1 174.8 195.3 218.8 238.9 244.2 244.6 242.2 238.6 234
15.1 20.3 29.1 46 69.8 101.3 121.5 130.4 138.8 141.6 157.7 165.4 167.2 168.9 163.5 155.2 143.8 131 124.6 125.7 131.5 137.6 138.7 135.1 134 144.3 148.6 150.2 151.9 153.3 148.7 150.2 153.6 156.4 159.2 161.7 163.7 166.2 169.6 172 173 173.4 174.6 175 174.4 176.2 180.2 184.8 192.5 203.8 222 236.5 243.9 245.5 239.7 208.5 197 181.8 167.8 163.8 156.5 151.3 145.7 139.6 132.4 127.6 123.4 134.4 145.5 161.3 179.9 204.7 230.3 241.1 243.8 243.3 239.9 236.1 231.5
14 18.8 27.2 44.8 70 96.4 116.6 126.5 134 140.8 158.4 163.1 165.4 165 161.4 156.4 146.1 133.6 121.4 121.6 125.5 131.1 132.3 129.7 132.5 141.8 145.5 146.4 148.6 150.7 145 143.4 145.8 150.9 154.4 157.2 158.5 161.4 164.4 165.8 168.9 169.4 169 170.1 166.2 174.6 177.5 185.1 193.9 207.4 226.1 237 242.4 239.5 220.3 195.2 186.5 172.7 163.2 155.2 150.1 145.9 141.9 136.3 130.5 126.5 123.1 134 146.9 160.1 184.4 213.1 234.9 241.3 241.8 240.3 237.7 233.5 228.6
11.4 15.5 26 47.2 68 91.7 109.7 121.9 129.6 140.8 156.6 161.2 162.2 160.9 157.6 152.4 146.2 137.2 124.2 117.8 120.1 123.3 125.3 124.7 131.3 137.3 140.5 142.1 144.4 145.2 141 134.3 140.6 145.4 148.7 152.6 154.4 157 158.4 159.8 162.9 163.8 164.2 163.2 168.5 172 175.7 184.5 195.4 212.2 228.1 236.7 237.2 227.1 191.3 185.4 175.3 165.2 158.9 149.4 145.4 141.4 137.6 132.5 128.5 124.8 122.1 134.4 147.6 163.1 189.9 220.2 234.9 239.6 238.9 237.3 234.3 230.8 226.2
9.5 13 23.4 46.9 67.3 89.2 103.7 116.1 125.1 139.7 152.5 158.6 157.1 155.9 151.3 146.5 141.1 135 126.9 117 115.8 117.6 118.2 123.5 129.2 132.9 135.5 138.1 140.3 139.6 136.6 131.2 134.6 139.3 144.2 148.4 150.6 152.8 154.7 156 156.4 157.6 158.2 159.6 166.4 170.4 175 186.2 200.8 217.5 228.4 233.2 231.1 197.2 181.7 181.2 168.6 161.9 158.2 144.7 141.3 137 134.2 130.1 127.4 121.1 124.3 138.7 152.1 169.7 197.4 225.3 233.2 237.7 236.5 234.6 231.6 228 222.5
10 13.1 21.6 45 66.8 85 101.5 111.3 119.5 136.6 147.9 153.7 151.1 148.9 144.6 139.2 134 129.8 125 118.7 110.2 113.4 116 122.6 125.4 128.9 130.8 133.6 134.7 128.3 122.1 121.4 128 135.4 140.9 144 146.7 148.6 150.8 150.9 148.7 152.7 158.8 161.8 165.7 170.2 179.8 193 207.8 220.4 227.4 227.9 219.7 184.5 181.1 169.5 161.8 159.2 152.6 138.8 136.3 133.1 130.6 127.6 124.4 119.5 130.2 143.4 158.2 178.9 207.3 227.1 232.8 235.8 234.6 231.9 228.9 224.4 219.3
11.5 14.9 21.8 44.2 65.7 80.8 95.5 105.8 114.5 132.9 141.8 147.8 143.7 142.4 137.3 132.2 128.6 125 122.7 119.4 114 106.9 115.2 120 121.6 122.6 124.2 125.5 118.6 112.2 119.2 121.8 119.4 119.8 129 133.8 134.8 139.8 145.6 150.3 153 157.3 160.4 163.5 167.4 175 189.3 202 213.2 222.2 225.6 221.4 201.7 170.6 167.9 162.7 157.1 155.3 139.2 134 132.3 129.3 126.3 124.2 119.2 123.2 139 147.6 168 194.4 218.3 229.6 235.7 238.3 235.3 231.1 226.5 221.7 215.3
13.4 17.4 24.7 42.9 64.2 78.7 90.1 100.2 109.8 127.1 138 141.3 136.5 133.1 129.3 126.4 123.4 122.1 119.8 117 112.6 100.5 112 115.6 114.9 111.7 109.3 107.8 110.8 118.9 124 127.4 129.7 130.9 132.7 137 140.5 144.7 148.7 151.7 154.8 158 161.6 165.2 170.3 182.1 198 207.6 216.5 221.7 220.7 207.3 179.5 161.6 162.2 157.5 151.6 143.6 131.3 127.8 126.4 124.3 120.8 117.4 120.1 131.2 143.6 157.9 183.6 208.9 224.8 236 244.1 244.6 239.9 233.8 227.8 220.9 212.7
16.6 20.3 27.2 40.4 60.1 75.9 84.9 93.9 104.3 121.2 131.1 133.7 129.7 126.5 123.7 120.7 118.2 116.9 116.2 113.9 107.3 95 104.6 105.9 100.8 98.3 103.6 111.6 118 122.7 126.3 129.5 132.6 135.2 137.3 139.4 142.2 145.4 148.8 151.8 156 159.7 163.4 166.9 175.7 190.6 204.4 211.8 215.7 216.3 208.1 187.6 165.7 161 155.6 149.2 141.1 131.2 126 123.4 121.6 119.6 116.2 120.3 126.2 138.3 151.5 175.1 200.3 219.8 233.2 246.4 252.2 252 247.4 239.5 229 220.8 210.9
20.4 24.4 29.2 38.1 58 72.6 82 89.8 98.6 114.4 124.4 125.9 122.9 119.2 117.3 114.2 112.6 113.2 110.8 102.5 92.3 88.9 90.1 92.8 99.2 105 111.1 117.2 121.1 124.8 128 131.1 134.3 137.2 139.3 141.7 144.2 147.1 150.5 154.4 158.4 163.2 167.5 174 185.4 199.3 210.8 215.4 214 206.1 188.4 171.1 157.6 150.7 146.3 139.5 131.8 124 122.1 119.2 116.4 116.1 118.6 126.3 135.7 149.2 167.4 191.2 213 229.3 244.8 253.4 257.2 255.6 251.5 245.1 234.2 220.2 210
24.2 27.5 31.2 37.7 54.5 70.1 76.4 84.5 94.3 108.2 117.7 118.2 115.4 111.6 109.6 107.8 106.6 107.7 102.1 86.2 87.4 96.8 100.3 104.2 108.6 112.3 116.1 120.1 123.6 126.8 129.7 132.8 136 139.1 142 145.3 147.5 150.6 154.3 158.3 163 168.1 175.8 185.2 195.1 206.5 215.2 214.3 207.6 188.4 170.5 157.8 148.6 143.2 138.7 131.1 123.2 119.7 117 115.1 115.5 119.5 126.3 134.4 146.8 164.1 185.1 204.9 222.5 239.5 252.8 258.7 260.3 257.4 252.8 246.7 236.9 220.5 209.4
24.9 28.2 33.3 39.5 50.8 64.3 71.6 79.2 90 101.3 111.1 110.9 106.9 105 103.2 101.5 101.2 102.5 97.3 79.5 94.8 102 105.3 108.5 111.9 114.7 118.2 122 127.1 132.1 135.1 137.4 140.3 142.9 146.3 150.2 152.4 156.2 160.5 164.9 168.8 175.4 185.5 195.5 205.3 211.9 215.3 210.8 191.7 173.6 158 147.6 141.3 135.9 130.2 123 117.8 114.8 111.6 114.7 120.2 126.1 133.7 146.9 163 180.6 199.3 216.8 233.7 249.8 257.7 261.4 260.9 257.5 252.5 246.8 238.1 223.1 207.6
25.1 29.6 37.1 40.6 47 59.5 68.7 75.6 87 96.3 104.7 102.8 99 100.2 99.2 97.7 97.5 99.7 95.2 84.3 102.8 106.6 110.2 112.6 115.3 118.2 123.9 130.1 134 139.6 144.4 148.3 150.6 154.2 156.8 159.6 162.5 167.8 172.9 177.4 183.5 189.8 197.5 205.8 209.1 212.7 210.3 197.5 177 161.5 148.6 140.2 133.3 127.7 122.1 117 110 111.5 113.7 120.4 126.5 135.3 149.8 164.4 180.4 195.4 212.3 229.8 247.1 257.3 261.3 262.1 260.2 256.5 251.6 245.9 237.7 224.2 206.2
24.2 30.9 37.8 41 46.4 54.6 62.7 72.9 84.6 91.4 97.6 95.6 92.3 95.6 96.5 95.2 94.1 93.8 82.7 86.3 104 109.6 113.4 115.8 118.7 126.3 131.9 138 147.1 156.8 164 169.9 172.6 174.2 176.6 179.8 184.1 186.4 193 196.8 199.5 204.6 208 210.1 210.9 207.8 201.6 181.8 163.7 148.3 141.4 133.3 127 121.4 116.4 111.6 111.6 116.1 122.1 126.8 137 152.2 169.1 184.6 199 213.3 229.6 245.2 255.8 260.4 263.2 261.2 258.9 255.5 250.5 244.3 236.9 223.1 204.7
24.1 30.2 36.9 39.6 44.6 50.5 61.1 71.3 81 85.5 87.2 85.5 86.9 91.9 97.4 90.8 89.5 74.9 74.6 94.4 104.4 111.5 116 118.7 124.1 129.8 138.3 148.8 165.2 176.1 182.9 188.2 191.7 194.8 196.7 200.1 201.3 203.7 205.3 207 209.2 210.4 210.4 208.9 207 201.4 187 167.5 150.4 142 133.6 128.2 122.4 116.8 111.8 109.3 115.5 121.4 129 139.8 154 171.6 188.6 204.3 219.3 233.3 245 254.4 260.1 262.9 262.3 260.1 257.5 253.7 248.6 242.7 234.5 217.7 201.2
24.3 29.8 34.7 38.7 41.8 48.2 58.3 68 74.5 77.9 79.6 81.5 83.8 88.6 93.8 79.4 69.6 80.5 93.4 99.1 106.2 114.1 118.9 122.4 127.1 137 147.7 164.9 176.4 184.9 193.5 199.9 205.2 208.7 211.2 212.5 214 214.9 215.1 215 214 212.9 209.8 206 201.6 191.2 172.8 154.9 143.3 134.9 127.2 122.6 117.4 112.5 108.4 113.8 120.3 128.4 139.5 153.8 169.7 187.3 204.6 221.4 234.9 244.6 252.2 258.9 261.9 262.6 260.8 258.3 255.5 251.6 246.4 239.8 231.6 213.8 197.4
