public/OST50/SN62.asc
ncols 200
nrows 200
xllcorner 260000
yllcorner 220000
cellsize 50
[rows 0 to 36 of 200, columns 83 to 165 of 200]
107.1 107.7 106 102.2 98.7 99.7 102.3 107.5 112.9 118.1 120.3 117.2 118.5 115.2 106.4 91.9 76.8 63 63.5 63.3 63.5 66.9 68 66.1 63.5 63.8 63.3 66.5 70.7 76.1 81.7 86.2 89.8 90.7 88.3 89.9 89.8 86 79.4 82.7 86.4 87.2 87.9 83.5 92.3 97.9 105.6 112.2 116.2 116 111.5 106.2 100.2 97.3 96.3 93.3 97.3 100.9 105.8 111.5 115.3 119.3 122.7 125.4 125.9 127.7 130.6 139.2 147.4 154 159 164 167.9 161.9 160.2 163.5 167.8 171.3 172.3 174.7 177.8 176.3 170.5
103.4 109.7 110.9 107.9 104.5 108.1 114.1 120.2 125.7 129.3 132.3 131.8 129.7 123.8 110.9 103.8 89.3 72.4 61.3 63 62.6 62.2 62 62 62.5 62.5 62.1 61.3 64.3 69 74.5 79.2 81.3 81.8 82.8 85.3 85 82.1 77.4 78.9 83.4 83.1 81.1 89.7 96.6 102.8 109.5 115.9 117.1 109.2 101.4 95.7 94.5 91.4 90.3 93.4 97 102.8 108.7 112.4 116.5 121.2 124.7 128.1 128.8 129.8 132.8 140.7 147.2 152.6 157.9 160.8 155.8 159.7 163.9 164.9 168.4 167.6 167.6 172.8 174.2 172.4 166.9
103.1 106.5 110.6 113.7 111.9 115.1 121.7 128.7 135.2 141.4 145.6 146.2 140 128.3 120.5 111.5 98.8 79.2 61.3 62.7 62.5 61.5 61.5 61.5 61.6 61.6 60.8 60.7 62.2 64.4 70.6 74 74.6 76.4 79.4 82.6 83.8 84.9 80 75.7 80.4 78.5 81.9 92.2 99.7 106.9 113.2 114 105.3 94.5 90.4 91.4 92 88.3 86.9 97.6 105.8 109.5 112.1 114.5 120.6 125.1 128.5 129 129.5 130.1 134.5 140.9 145.5 150.8 152.3 150.4 156.8 163.3 164.8 162.8 162.8 160.8 165.3 170.3 172.3 170.9 160
107.4 109.4 110.8 115.7 117.8 121.9 129.3 138.9 148.1 156 158.2 155.4 145.1 133.5 125.1 115 104 92.6 75.5 62.2 61.9 61.2 61.2 60.7 59.5 60.9 60.6 60.2 61.2 63.2 64.9 67.7 73.4 76 78.8 82.5 86.3 86.3 81.7 72.4 73.9 79 85.5 92.2 100.5 105.1 105.5 100.4 92.6 86.6 88.3 89.5 87 85.2 96.8 102.5 106.8 110.4 114.7 118.9 124 128.2 128.5 127.6 127.6 129.4 134.2 139.1 143.5 141.7 138.8 149.5 157.3 162.3 159.4 156.8 155.9 156.1 165 170.9 171.8 162.4 149.4
115.5 115.4 116.9 119.3 125.2 131 138.5 147.6 158.2 167.5 167.5 161.7 152.4 138.3 128 120.5 110.9 98.3 82.2 74.1 72.6 70.3 66 60.9 61.6 59.6 59.7 60.1 60.9 63.1 68 71.6 74.5 76.5 78 81.3 84.4 83.3 76.7 71.9 77 79.9 84.4 89 99.1 98.4 93.1 89 85.4 83.9 83.5 82.4 86.3 91.9 97.7 101.8 105.1 109.6 115.3 120 123.7 125.4 125.6 125.3 125.8 127.1 132.2 135.5 133.3 129.1 139.2 146.3 152.6 155.2 150.6 150.3 151.4 160 169 170.5 163.4 150.9 139.5
118.6 119.7 122.4 127.1 134.3 142.9 150 156.4 168.5 176.1 175.4 166.8 156.5 146.6 136.6 118.4 104.5 91.3 82.7 78.1 74.6 70.3 68.7 65.6 63.6 58.8 58.8 59.7 60.4 61.7 66.5 70.2 72.7 74.5 75.8 78 80.1 78.6 70.6 72.8 78.9 82.6 88.8 89.1 91.2 89.5 85.5 82.2 81.8 79.9 81.9 84.4 87 92.4 97.7 101.1 104.2 108.3 112.2 115.9 120.1 122.9 123 123.4 123 123 125 124.1 118.8 127.7 136.6 142.9 146.4 145 145.7 149.6 157.6 165.5 170.4 162.5 151.5 140.8 129.2
123.2 124.4 128.7 137.2 146.4 154.4 159.6 165.5 176.1 181.3 179.1 171.9 165.7 156.2 127.2 115.8 108.4 88.3 82.3 77.7 73.6 70.7 68.3 65.4 63.9 61.6 59.8 59.3 59.8 60.4 64.5 67.2 69 72.4 76.8 78.6 73 69.4 70.4 75.9 78.9 81.8 83 79.7 79.7 80.1 79.6 78.6 78.5 80.4 84 86 88.3 92.9 97 100.1 103.5 107.5 111.3 116.3 118.6 119.3 119.8 117.3 115 114.5 115.5 113.6 120 126.5 134.8 140.7 141.3 142.8 148.9 155.4 161.4 165.1 162.7 150.5 141.1 130.3 118.9
127.5 132.9 140 148.8 157.6 164.7 171.5 181.5 185.2 186.9 187.5 186.5 171 146.9 128.6 122.2 112.3 99 87.1 79.5 73.9 71.5 69.5 66.7 63.9 59.9 58.6 59.8 59.7 60.6 63 65 67.9 71.8 73.4 68.2 66.8 69.7 72.7 74.3 75.4 74.5 73.1 73.3 74.5 75.8 75.7 75.7 78.4 81.1 83.8 85.6 89.7 93.4 96.6 99.4 103.2 107.5 111.7 114.3 114.9 114.5 112.4 110.7 109.8 110.3 111.6 118 122.3 128.5 136.6 137.6 137.5 144.6 152 156.4 158.5 156.7 149 140 128.6 118.7 106
140.6 148.4 155 163.1 171.3 183.9 193.8 195.6 194.1 194.3 195 177.1 155.2 138.7 120.6 130.2 114.6 99.2 90.6 80 73.2 70.9 68.9 66.6 62.3 58.6 57 59.6 59.5 60.5 62.2 63.7 64.9 66 65.6 65.7 70 73.2 72.8 73.3 71.8 71.5 71.7 72.4 73.4 74.2 74.6 75.9 78.7 81 83.7 86.4 90.4 93.9 97.1 100.7 104 107.4 110 110.7 110.6 110.2 108.3 106.9 107.1 108.5 113.1 118 124.4 131.6 135.1 133.2 137.4 144.6 150.6 152.8 153.6 147.1 139.2 129.9 118.8 107.2 93.9
160.8 168.3 170.9 183.6 189.6 195.9 201.2 201.4 201.2 199 192.8 167.2 143.5 140.8 143.8 131.6 114.7 100.2 89.3 79.1 72.9 69.4 67.4 65.6 59 59 58.6 58.9 59.1 60.1 61.4 62 62.9 65.3 68.6 72.9 75.1 76.3 75.9 73.9 71.6 70.7 71.6 72.8 74.6 74.6 73.5 76.6 79.9 80.8 83.5 87.9 90.9 93.9 97.1 100.7 103.6 105.2 107.1 108.2 108.3 107.7 106.5 105.4 106.6 109.8 112.9 118.4 124.6 128.1 129.4 125.9 138.7 144.2 147.7 150.2 145.3 137.8 127.4 115.7 104 92.9 85.5
183 182.5 186.1 196.5 202.9 207.5 207.9 213 210.4 204.9 198.3 164.5 168.5 169.1 146.9 129.6 111.8 97.5 86.4 77.6 72.6 67.8 65.7 64.7 62 58.5 58.7 59 59.4 60.8 60.9 63.6 64.7 66.9 70.8 74 76.9 78.5 77.2 75.2 72.2 70.6 73 74.2 75.1 71.7 75.3 77.7 80.5 82.6 85.1 87.1 90.5 93.5 97 99.1 100.8 101.9 103.7 105 105 104.8 104.3 104.4 106.4 108.7 112.1 116.8 121 120.9 128 134.4 138.7 143.5 142.9 139.4 131.3 121.3 109.5 98.6 90.5 85.6 82
195.9 192.6 202.8 206.1 211.6 214.6 215.4 219 212.2 206.3 191.6 200.3 193.9 165.2 142 124.5 107.7 93.2 82.3 77.5 74 69.7 65.7 63.6 60.2 58.7 57.5 58.8 59.3 60.8 62 63.4 65 68.5 71.2 73.8 76.4 78.7 78.2 76 73.7 70.6 70.4 70.7 70.7 70.8 75.4 78.3 81.2 83.9 86.6 88.6 90.6 92 94.8 96.1 96.8 98.7 99 100.2 100.3 97.9 103.5 105.5 106.2 108.9 111.5 112.7 116.2 124.5 130.1 132.7 134.7 135.1 130.6 124.7 115.1 103.2 94.7 89.1 85.3 82 77.8
205.5 204.2 213.5 214.4 218 218.9 220.9 215.7 210.8 199.5 208.3 208.5 189.9 159.6 137 118 104.1 94.5 87.4 80.1 76 68.3 65.1 62.9 58.7 56.9 57.7 58.3 58.4 59.7 61.4 62.5 65 68.3 71.1 72.9 75 77.6 77.7 76.2 75.2 75.4 70 69 68.7 71.7 74.1 77.3 80.6 83.5 86.1 89 90.7 92.4 93.5 93.5 93.1 94.9 98.7 101.7 102.9 104.1 104.4 105.7 106.8 108.4 111.2 117.4 123.9 127.5 129.2 129.6 128.7 124.4 117 108.1 96.4 97 89.1 81.8 78.3 76.2 73.6
218.3 219.8 216.1 220 220.6 225.8 222.5 217.8 213.1 201.9 213.5 208.4 183.6 154.3 133.7 117.9 104.6 95.2 93.2 86.5 82.1 71.3 64.4 61.7 58.4 57.7 56.8 58.2 58.1 58.8 60.6 60.4 62.2 65.5 68.6 71.7 73.4 75.3 76.3 75.9 75.2 71.1 67.1 66.8 67.5 70.7 73.2 76.1 78.9 82 86.2 89.6 91.3 92.3 92.5 90 94.5 97.5 100.2 103.7 104.4 104.3 104.1 105 107.2 109.8 117.2 123.3 127.5 128.8 127.9 124 118.7 111 102.6 99.5 98 90.8 85 79.8 76 74.1 71.7
226 223.4 221.3 222.1 228 227.3 222.4 219.9 217.3 214.6 214.4 205 177.8 149.4 131 117.3 105.5 102.3 97.3 91.3 83.6 73.2 67.4 62.6 58.2 57.4 57.3 57.7 57.9 58.5 59.2 58.4 59.8 62.2 66.4 70.1 71.9 73.9 74.7 73.6 67.5 65.2 65.4 66.9 68.5 69.8 72.8 75.3 77.9 81.8 85.9 87.6 88.5 87.8 84.6 93.2 96.1 99.4 102.6 104.4 104.1 103.2 103.6 105.1 109.9 116.6 123 127.5 129.5 126.3 121.6 114.3 106.1 100.5 98.6 97 90.3 83.3 79.4 74.7 73.5 72.6 70.3
229.2 226.5 225.5 228.2 229.4 229.3 227.1 223 217.9 213.3 215.7 199.7 169.9 145.4 126.8 115.8 108.5 102.8 97 89.5 82 73.7 68.4 64.3 57.8 57.9 55.6 56.7 57.1 57.7 57.7 57.6 59.3 61 64.8 67.6 69.5 74.1 76 68.2 64.8 65.1 68.6 71.2 70.7 69 71.2 73.3 75.2 78.6 79.4 86.1 89.3 90.6 91.1 91.5 97.3 100.5 101.8 102 101.7 102.3 104.2 108.8 115.3 121.3 125.2 126.8 123.5 118.4 111.2 103.5 99.2 98.5 97.8 90.8 82.2 77.8 75.5 72.8 72.1 70 72.8
228.8 230.4 228.4 229.3 228.3 229.3 226.6 222.1 216 218.5 212.2 193.8 165.8 142.5 123.9 114.2 106.7 98.6 92.2 87.3 81.1 73.1 69.5 66.6 59.3 60.2 58 56.2 57.2 57.3 57.4 58.1 59.5 60.7 62.5 66.7 75.2 74.5 66.3 63.7 64.4 69.1 71.4 73.1 73.7 72.7 72.9 76.1 80.5 83.9 88 90.6 92.3 94.4 96.8 97.6 94.4 97 98.5 98.7 100.3 102.5 106.8 112.6 117.9 120 119.4 117.1 112.8 107.2 101.9 98.9 92.7 94.3 87.2 79.2 76.1 74.7 73.4 72.6 72.7 73 73.8
228.1 228.2 226.4 226.4 226.4 224.8 220.1 217.8 221.3 221.5 210.8 188.1 162.6 137.6 118.4 108.9 100.6 92.8 87.7 82.5 76.5 72.1 69 65.2 62.2 60.4 56.6 57.1 56.5 57 57 58.6 59.5 61.2 65.3 71.1 69 63.3 62.1 63.1 67.1 71 73.8 74.9 76.1 75.4 76.1 80.2 83.6 86.9 89.8 93.2 96.7 99.2 101.3 102.2 99.9 99.4 99.3 100.3 101.8 105.2 110.1 114 113.8 111.2 108.5 105.5 102.2 99.5 97.4 94.8 89.8 82.8 77.1 74.1 73.6 73.7 72.5 72.7 74 74.8 75.2
228.5 227.1 226.4 227.2 227.5 230.2 228.1 226.6 225.2 222.3 202.5 178.5 153 122.8 111.1 103.9 94.2 88.5 83.7 79.3 76.1 71.2 69.6 67.3 65 62.7 58.9 54 54 56.7 56.8 57.4 57.5 60.8 64.6 59.4 60.4 62.1 64.1 66.9 70.8 74.9 78.1 79.2 79.9 80.4 80.8 83.3 86.9 90.1 94.7 97.5 100 102.4 105.1 106.1 105.9 104 101.3 101.7 104.4 107.9 110.1 109.2 105.5 101.8 99.3 98.4 98.5 95.3 90.6 84.8 79.3 76.6 75 74.1 73.8 73.8 74.8 76.8 78 80.4 81.4
231.9 230.7 234.4 235.1 234.4 233.2 231.5 228.2 225.5 214.8 190.4 163 133.5 113.5 105 100.1 89.4 84.5 81 78.8 75.5 74.3 71.9 68.8 66 64.2 59.9 54.3 56.5 56.1 57 59.7 59.9 60.8 62.9 63.5 63.8 64.3 67.1 71 76.4 79.7 82.6 83.3 83.9 85 86.6 88.9 90.8 94.1 96.9 99.8 102.7 105.5 107.5 108.2 107.5 105.1 102.8 103.2 105.5 106.2 103.2 99.5 97.1 96.6 97 96 91.9 87.3 83.1 77.8 77 76 75 73.8 74.6 77.7 79.5 82.3 84.6 85.2 86
239.3 238.9 239.4 238.6 239.9 238.9 234.3 227.9 220.8 200.4 177.8 153.2 124.4 108.4 101.3 93.6 91.9 89.1 85.1 81.8 78.3 75.6 71.1 67.7 66 64.3 60.3 56.2 55.5 56 56.1 60.3 63 66.6 69.2 69.8 68.2 67.6 71.5 75.4 79.9 83.9 85.9 86.1 86.5 89.7 91.2 91.9 93.1 94.6 96.4 100 102.5 104 105.1 105.6 105.3 102.9 101.9 101.7 101.8 98.1 95.6 95.2 95.8 95.5 94.4 88.7 83.8 79.4 75.7 76.9 76.8 76.2 76.5 77.1 80.1 81.7 85.2 87.5 90.5 91.4 93.3
247.8 244.3 245.9 248.6 249.6 241.9 232.7 226.2 215.4 196 173.7 147.9 123.4 108.7 104.6 97 94 90.9 86.8 83.5 81.3 78.8 75.4 68.4 65.2 63.3 60.2 55.7 54 55.6 55 62.1 66.9 70.6 73.2 73.1 71 70.4 73.8 77.7 82.6 86.4 89.4 89.3 90.5 92.7 93.4 94 93.7 93.8 95.3 97.8 99.1 99.6 100.8 100.5 100.2 99.2 99 98.1 94 93.8 95.1 95.2 95.5 88.2 84 78.8 74.8 74.7 75.6 77.9 79.3 79.4 81.3 82.2 85.1 88.4 91.7 94.7 96.5 95.6 93.2
253.3 248.3 245.5 245.1 243.3 235.9 230.9 221 207.9 194.2 177.1 150.7 125.6 109.4 108.1 99.2 95.8 92.8 88.9 85.6 82.9 80.7 76.1 70.3 65.9 61.9 59 56.1 55.1 53 56 63.8 69.3 73.1 76.1 75 74.6 73.9 75.6 79.4 84 88.2 91.7 92 93.5 95.2 96.1 94.6 91.9 92.2 92.7 93.6 95 95.6 96.4 96.4 95.5 95 93.9 92.1 88.4 92.8 92.5 89.6 84.3 78.7 76.6 73.4 74.6 76.4 83.9 82.6 79.8 82.4 84.6 88.4 91.6 95.1 97.8 97.7 95.5 94.6 96.6
257.5 249.1 238.4 236.3 235.4 232.1 223.8 213.5 202.4 189.4 173.8 152.3 136.4 125.3 116.2 103 98.8 95.9 91.4 89.8 84.3 80.1 72.9 69.2 66.1 62.5 56.5 55.3 54.8 55.8 56.2 66.4 70.5 74.8 76.8 76.1 77.6 79.8 80.5 82.2 84.8 88.7 92 94.9 96.5 98 97 92.9 90.5 91.9 91.6 89.9 90 90.1 90.1 88.7 84.2 84.1 85 84.3 86.9 86.3 84.1 80.4 76.2 73.8 73 76.8 77.6 83.5 87.2 85.6 83.9 87 91.9 95.2 97.8 97.9 95.4 95.8 96.2 97.7 99
255.4 245.1 232 227 227.7 223.1 217.4 209.9 199.1 187.8 174.4 158.4 147 138.1 125.9 119.4 115.9 105.6 95.6 89.3 83.7 73.9 71.5 68 64.5 60.3 56.8 55.4 54.6 52.3 60.4 66 70.1 72.2 74.3 76.1 79.3 81.3 83 83.1 85.7 88.8 92.6 95.7 98.4 97.8 92.3 88.6 91.4 90.3 87.6 84.1 81.9 80.8 80.2 78.9 80.4 83.5 82 80.6 81.3 80.8 78.4 74.2 72.3 72.8 74.9 77.3 80.5 86.8 89.2 87.7 88.9 90.8 94 99.4 102.7 98.5 99.5 106.9 111.1 109.9 107.1
247.6 236.9 220.5 218.4 219.1 216.7 210.8 205.5 196.2 186.4 174.9 163.6 155.7 149.5 142.9 131.4 120.3 105.6 96.5 86.5 80.8 74.4 71.9 68.4 65.3 61.8 57.4 55.1 54.5 54.4 61.1 65.3 68.6 70.8 72.8 75.9 79.6 81.4 84.2 84.2 85 86.9 90.8 93.6 92.6 89.3 85.8 87.4 88.3 82.7 78.3 77 75.5 75.6 76.4 77.1 79 80.6 79.6 78.4 77.4 76.6 72 69.9 71.9 74.6 78.1 83.3 91 92.3 93 92.4 95.5 100.5 105.2 104.8 106.6 110.7 117.7 118.8 115.3 110.4 106.7
229.6 219 213.2 212.1 213.7 209.6 206.4 200 191.8 185.9 176.9 171 167 160.6 148.1 133.7 115.7 103 96.2 91.5 83.9 83.4 74 68.7 64.6 62.3 57.8 54.4 54.4 54 60.7 63.1 66.2 69.1 73.2 76 79.6 82.7 84.1 82.9 83 85.1 87.5 85.4 83.6 83 86.1 84.2 78.7 75.6 73.5 72.8 71.8 72.4 73.2 74.9 76.7 77.3 76.6 75.6 71.5 70.4 69.5 72.6 74.8 80.7 88.9 91.5 94.7 96.4 100.3 105.1 110.4 115.9 114.8 113.9 118.3 122.7 122 117.5 112.5 107.5 103.4
217.6 212.5 207.2 206.5 206.6 205.5 200.4 192.1 187.6 182.6 178.8 175.8 171.1 161.7 150.9 130.1 110.6 105.1 102 98.2 100.7 92.1 79.4 67.7 65.2 63.2 61 55.9 54.4 51.6 59.6 62.9 65 68.3 71.8 75.2 79.7 81.7 81.9 81.3 82.6 85.1 84.1 79.7 79.1 80.3 78.4 73.6 72.5 71 69.7 69 68.6 69.2 70.7 72.7 73.5 73.8 71 68.7 67.5 73.1 79.5 82.7 82.9 87 94.7 99.4 101.1 105.2 110.4 116 118.7 119.3 118.3 122 124.3 122.8 117.9 113.5 108.7 104.4 100.2
210.2 204.2 201.4 201.5 202 198.5 191.2 186.7 183 181.4 178.9 176 170.5 158.8 140.2 121.1 117.8 114.7 114 114.2 104.1 90.6 76.2 68.1 65.3 64 61 58.6 53.1 51.6 58.6 60.3 63.2 67.1 70 73.4 76.6 78.6 79.6 80.9 82.6 83.4 80.1 76.6 76.2 73 69.6 68.6 68.4 67.2 65.7 65.6 66.3 66.3 68.3 69.9 69.9 66.5 66.3 68.9 74 79.4 84.5 86.6 91.2 91.5 100.4 105.9 109.6 113.3 116.6 118.6 119.3 121 123.8 125 123.1 118.8 113.4 108.6 104.4 100.3 97.7
195.6 197.2 198.8 194.2 195.3 191 185.5 182 181.2 179.9 176 171.3 160.1 148 131.2 126.4 124.8 123.9 121.3 110.6 100.3 85.9 73.7 67.8 65.4 63.8 60.4 56.4 52.8 53.4 55.6 59.6 62 64 66 69 72.8 79 82.1 84 83.1 80.3 75.9 73.8 69.6 66.5 65.5 64.6 63.8 63.1 62.4 62.1 63.7 64.1 65.2 64.7 64.5 67 72.1 73.4 75.9 80.8 84.7 89.2 97.6 100.1 106.9 112.8 114.7 115.4 116.5 118.7 121.3 125 125.5 121.7 117.4 112.5 108.4 104.3 100.7 98.8 94.3
192.8 192.5 191 187.2 186.7 181.4 178.4 178.6 177.1 173 165.9 155.3 146.5 140.2 140.1 136.3 133.9 129.1 125.2 116.4 97 80.8 71.2 68.4 65 62.2 59.8 56.8 51 53.7 53.8 58.7 60.8 61.6 63.3 65.1 73.2 79.7 82.8 84.7 80.8 76.5 72.7 65.9 63.3 62.6 59.3 61.6 63.1 63.1 63.8 65.5 63.5 61.9 63.8 64.8 66.5 71.5 73.3 77.4 83.4 90.1 95.5 97.7 105.9 108.5 111.8 113.5 114.1 117 119.8 120.3 120.4 120.1 118.2 114.9 110.8 106.8 103.5 99.8 97.6 92.7 87.8
188.3 186.8 185.5 181.3 177.3 175.1 174.3 172.3 169 162.9 153 145 144.1 146.1 143.3 137.4 134.5 134.5 126 107.3 91.2 83.4 79.9 74.4 69.7 64 56.8 53.3 53.2 53.5 55.9 58.9 59.1 59.4 60.9 65.8 72.1 78.5 81.6 79.7 75.3 71.5 66 61.5 59.8 58.6 61.1 63.3 65.5 66.4 66.9 67.2 67.2 64.1 65.5 67.1 70.8 72.1 80.4 85.4 92.1 97.3 101.9 106.2 111.7 112.9 111.5 114 115.9 119.3 120.4 119.1 115.8 113.7 111.3 108.3 104.8 101.4 98.8 96.6 92.5 88.1 85.2
172.6 170.4 176.2 172.9 169.9 169.6 167.7 165.4 160.6 155.6 146.4 143 145.1 146.3 139.4 137.4 140.2 133.4 115.5 102.2 93.7 89.9 87.5 82.5 76.6 70 60.8 53 53 53.4 57.5 58.7 57.5 57.1 60.5 64 67.9 71.4 72.5 72.4 68.7 67.2 60.6 58.6 58.2 58.8 60.5 64.9 67.2 69.4 69.8 70.1 69.5 66.8 68.7 72.2 77.3 81 87.2 93 98.5 104.3 109 113.2 113.8 113.5 114.6 115.9 117.4 117.7 115.8 113.2 110.3 108.1 106.5 104.1 101.4 97.6 95.9 92.7 88.7 85.3 82.6
184.7 175.4 161.9 168.9 165.5 163.7 161.5 157.9 152.6 147.7 142.9 142.1 145.2 141.5 140.3 142.3 139.1 126.9 113.7 102.8 99.3 95.9 91.5 85.7 80.6 70.5 57.5 52.5 52.7 53.2 56.9 57.3 55.7 56.3 59.1 62.6 64.6 65.4 64 67.8 66.8 59.5 57.2 56.8 57.3 62.1 64.6 67.5 70.5 71.6 72.8 73.4 72.4 72.3 73.7 77 82.8 88.3 95.1 101.3 107.6 113.4 115.7 115 115.4 117.3 115.1 114.2 114.4 112.9 110.1 108.5 105.7 101.4 101.1 100.5 98 94.5 90.3 87.8 85.8 83.7 81.2
178.9 172.1 168.1 154 159.5 155 152.2 148.2 145.3 141.2 137.8 139.9 139.6 141.8 143.8 142.4 134 124.6 115.5 108.7 103 97.2 90.7 85.5 76.4 72 65.3 58.5 50 52.9 54 55.2 54.6 56.1 58.5 59.9 59.9 62.7 66.3 65 58.9 56 56.8 56.8 57.8 62.3 67 70.5 73.6 74.8 76 76.1 77.9 79.3 82.3 86.6 92.4 99.2 105.3 112 116.1 117.1 116.6 115.8 114.8 115.2 113 110.6 108.5 106.6 105.6 104.3 102.7 98.4 95.2 96.1 93.7 90.4 86.9 85.1 84 82.6 80.5
174.3 170.3 164.4 153 152.3 149.6 143.8 142.1 137 135.1 130.4 133.3 136.6 142.5 144.2 138.3 131.8 124.3 118.1 108.3 100.4 96.2 94.2 86.3 84.1 79.7 66.6 54.8 52.5 52.2 52.7 53.4 54.2 56 56.9 57.5 58.9 59.9 58.9 55.6 55 55.6 57.2 58.3 59.7 64.7 68.8 73.4 76.5 77.6 79.5 80.4 83.5 85.9 90.7 97 102.5 108.6 114.9 116.2 116.2 113.9 112.6 111.1 110 109.9 107.2 104.7 103.6 103.5 102.6 101.8 100.5 98.4 94.7 89.4 89.3 85.6 83.5 83.1 82.3 81.4 79.3
174.1 170.6 164.8 155.9 144.5 144.1 137.6 134.3 131.3 125.3 125.1 129.8 134.1 138.6 136.6 131.6 127.6 120.7 111.6 104.4 101.1 98.9 95.5 89.4 80.7 72.3 59.1 52.2 52.1 51.8 52.2 52.3 53.9 55.1 55.8 56.3 57.1 56.2 55 54.3 55.4 56.8 59 60 61.7 67 71.6 76.1 80.1 83 85.3 85 90.4 93.8 100.1 105.4 111.3 115.3 114.5 115.6 115.4 113.4 108.8 106.3 104.5 102.9 102.5 101.8 100.9 100.8 100.3 99.8 98.5 96 92 87.5 84.4 82.2 81.4 80.9 81.1 80 79.5
