public/OST50/SN62.asc
ncols 200
nrows 200
xllcorner 260000
yllcorner 220000
cellsize 50
[rows 111 to 147 of 200, columns 83 to 165 of 200]
36.3 36.7 35.6 35 33.2 31.7 31.6 31.4 31.2 32.8 31.1 30.8 30.6 30.6 30.4 30.5 30.8 30.8 30.8 31.5 30.7 30.7 30.7 31 30.2 29.9 30.4 30.6 30.6 30.7 31.8 32 31 30.9 32.1 32.2 30.3 31.1 30.1 31 31.1 31.4 30.7 31.2 31.7 31.7 30 32.2 32.6 33 37.3 49 54.1 59.2 63.3 68.9 76.9 83.7 86.3 93.2 96 100.2 101.3 103.1 109.3 113.8 117.2 120 122.6 124.2 126.9 131.3 140.7 151.1 152 146 136.2 126 121.1 118.2 119.7 123.8 130.6
35.3 34.1 33.7 32.4 31.4 31.3 31.3 31.3 30.8 30.9 30.9 31.1 30.7 30.4 30 30 30.4 31.4 30.7 30.6 30.6 30.5 30.4 30.5 31.2 29.5 30 30.6 30.4 30.4 31.6 31.7 31.8 31.8 32.3 30.7 29.7 30 30.9 31.2 31 31.1 31.2 30.8 31.5 30.2 30.9 31.3 34.7 43.9 53.5 57.1 57.5 65.3 70.8 76.3 83.4 89.9 91.9 97.5 102.5 105.6 107.4 109.2 114.8 118.5 121.3 123.7 126 129.3 134.7 140.7 142 139.8 136.8 130.4 122.5 120.4 119 124 131.4 141.6 153.9
33.6 32.3 31.6 30.8 30.7 30.9 31.4 31.5 30.8 31.2 29.3 30.3 30.5 30.1 29.7 30 30.1 30.9 30.8 30.6 30.5 30.4 30.2 30 29.8 29.4 29.9 30.5 30.4 30.3 30.6 31.1 31.3 31.6 31.7 31.8 31.8 30.4 30.9 31.2 31.2 31.2 31.5 30.7 30 31.3 36.5 41.3 47.3 55.2 60.7 65.9 66.9 68.5 75.1 81.6 88.4 95.6 98.2 101.8 107.4 111.7 114.8 115.9 117.9 122 125.3 129 133 137.1 137.7 134.9 130.6 127.8 125.3 121 120.4 122.5 131.2 141.6 151.3 168.8 177.6
31.4 31.1 30.7 30.2 30.4 31 30.8 31 30.8 30.6 30 30.7 30.4 29.8 30.9 30.3 30.2 30.6 30.6 30.4 30.3 30.2 30.1 29.8 29.5 29.5 30 30.3 30.2 30.4 30.6 30.9 31.2 31.4 31.4 31.7 31.6 31.6 29.7 30.7 31.4 31.3 30 30 36.4 41.7 44.6 49.5 57.3 65.1 71.5 73.5 75.1 76.1 81.4 86.6 94.4 102.5 106.4 109.3 112.8 116.9 121.1 121.5 122.8 125.9 129.2 133.2 135.2 133.3 129.7 126.6 125.4 126.2 125.2 125.2 129 139.3 147.6 159.6 169.9 175.8 182.8
30.4 30.1 30 30.2 30.7 30.4 30.2 30.4 30.3 30.8 30.4 30.3 30.3 31.1 30.2 30.4 30.3 30.4 30.3 30.2 30.1 30.2 30.2 29.9 29.8 30.3 29.9 30.4 30.6 30.5 30.5 30.7 31.5 31.2 31.1 30.9 31.4 31.6 31.9 31.3 30.1 29.8 32.6 40.7 45.3 48.8 52.5 60.8 68.5 74.8 76.5 78.4 80 79.2 87.6 92.8 101.8 108.8 113 115.8 118.6 121.7 123.9 123.8 126.5 129.6 132.9 134 130.4 126.7 125.6 126.3 130.2 131.9 133.7 139.7 150.8 152.6 155.1 159.4 163.5 170.2 178
29.8 29.9 30 30.4 30.1 29.7 29.8 30.1 30.3 30.5 30.1 29.8 29.6 29.9 30.1 30.4 30.4 30.3 30.2 30.1 30.1 30.2 30.3 30.3 30.4 30.3 29.6 30.3 30.9 30.5 30.9 30.9 30.8 30.8 30.8 31.2 31.4 31.6 30.5 30 30 40.2 44.5 47.9 50.7 55.1 64.8 72.2 77.5 80 83.2 88.4 94.8 88.4 92.3 100 107.1 113.9 115.9 118.4 119.5 122.1 124.7 127.5 129.7 132.4 131.6 128.1 124.3 125.5 126.3 131.6 140.1 141.5 143.4 148.9 151.6 153.9 156.6 159.9 163 164.7 168.5
30.1 29.9 30 29.3 29.1 29.2 29.6 29.9 30.2 30.3 31.4 30.3 29.6 30 30.1 30.3 30.4 30.4 30.3 30.2 30.2 30.3 30.3 30.4 30.6 30.5 30.3 30.3 30.7 30.9 30.8 31 31 31.1 31.4 31.5 31 30 30 40.9 43.3 46.8 50.5 55.1 58.9 66.7 75.2 80.8 83.6 88.6 100 100.1 101.3 90.9 98.3 104.5 107.5 109.6 111.9 118.5 122.7 125.1 128.4 131 132 130.2 126.5 122.5 124.7 126.7 133.8 143.8 149.5 152 152 153.3 156.9 159.5 162.9 166.6 167.7 168.9 171.4
30.5 29.6 29.2 29.1 29.2 29.3 29.5 29.7 30.5 30 30.1 29.7 29.8 30.1 30.1 30.4 30.5 30.5 30.4 30.3 30.3 30.4 30.3 30.5 30.7 30.7 30.1 30.4 30.7 31 31.1 31.1 31.4 31.6 29 29 31.3 37 45.3 48.4 50.3 53.3 57 62.6 67.5 75.7 81.8 87 91.9 101.3 104.1 106.3 103.2 90.1 96.9 100.6 107.5 112.7 117.9 122.5 126.5 129.7 130.9 131.1 128.1 125 122.5 123.3 126.3 135.4 146.2 154.7 155 155.5 158.9 162.5 164.9 167.5 169.4 170.6 171.1 170.9 173
29.5 29.3 29.1 29.1 29.3 29.4 29.2 31.5 30 29.8 30.2 29.7 30 29.8 30.3 30.6 30.4 30.3 30.4 30.4 30.4 30.4 30.3 30.6 30.8 30.8 30.8 30.5 30.8 31.1 31.3 28.4 28.4 30.7 31.5 33.6 44.1 48.6 52.2 54.4 55.7 58.7 66 72.2 76.4 81.3 88.9 95.8 101 105 108.9 109 100.7 98 99 103.8 109.2 115.7 120.9 124.7 128.3 129.1 128.4 125.4 122.7 121.3 123 126.2 136.3 146 153.1 155.1 156.1 159.9 163 166.7 169.9 169.8 170.2 170 169.8 169.1 166.3
29.4 29.1 29.1 29.2 29.5 29.5 29.6 27.8 27.8 27.8 27.8 27.8 30.2 30.2 30.5 30.4 30.2 30.3 30.4 30.5 30.5 30.4 30.5 30.7 30.9 30.7 30.8 30.9 28.4 28.4 28.4 31.1 32.1 39.8 43.2 46.3 48.1 52.9 57.2 58.7 60.8 65.6 72.9 77.2 84.2 92.1 97.3 102.2 105.8 110.1 112.7 111.1 107 104.6 102.7 105.1 112.2 116.4 120.5 124.9 126.6 125.3 123.5 120.3 121.5 123.9 128 132.2 143.1 149.1 153.2 156.5 159.9 162 163.4 165.5 166.9 167.7 167.1 166.8 166.6 165.7 165
28.9 29 29.1 29.2 30 27.8 27.8 29.2 28.7 29.8 29.8 29.9 27.8 27.8 30.3 30.3 29.9 30.6 30.6 30.8 31 30.5 28.4 28.4 28.4 28.4 30.4 30.4 30.3 30.3 36.1 37.3 38.7 42.8 47.5 50.3 51.6 55 58.3 62.2 67.6 73.3 80.5 86.7 92 98.2 103.3 107.2 111.1 114.2 117 115.2 111.4 109.5 108.3 110.5 114.3 114.7 118 121.7 122.2 121.1 119.1 121 124.7 129.1 134.8 139.3 144.9 149.6 154.6 158.5 159 159.4 159.9 163.3 163.6 163.7 164.1 164.2 163.3 164.1 165.5
28.9 29.1 29.3 30 27.8 29.7 29.9 29.9 29.9 29.8 29.9 30 30.2 29.9 30 27.8 27.8 28.4 28.4 28.4 29.7 29.6 30.4 30.9 28.8 29.9 30.7 34.5 35.7 37 37.9 38.4 42.2 47.2 50.2 52.3 52.9 56.6 63.6 69.3 75.3 81.7 88.5 93.5 99.4 104 108.4 112.7 118 124.9 123.6 119.9 116.2 113.9 112.5 110.4 103.1 107.7 113 117.5 118.7 116.8 121.3 124.1 128.5 133 136.7 141.3 147.1 153.6 157.4 154.5 158.6 161.8 161.5 159.9 160.6 162.4 163.4 163.6 164.6 165.9 166.9
29.7 30 29.9 27.8 29.7 29.4 29.5 29.3 29.6 29.7 29.6 29.7 29.8 29.7 29.7 29.8 29.7 29.7 29 29 29 29 29 30 30.6 31.1 32.9 35 36.4 37.8 39.6 39.8 44.2 48.3 50.9 54.7 57.4 63.3 69.5 75.3 81.7 87.5 92.6 97.7 103.5 109.3 115.9 122.1 126.5 129.1 122.1 118.8 117.2 114.9 110.8 101 113.4 116.5 108.8 110.4 114.5 119.3 122.7 124.9 127.3 126.5 134.6 132.9 149.2 150.3 155.2 159.1 162 164.6 161.7 162.5 163.6 164.2 164.7 165.7 166.3 168.6 170.7
28.8 29.1 27.8 29.7 29.5 29.2 29.1 29.2 29.5 29.6 29.6 29.5 29.5 29.6 29.8 29.9 30 30 30.2 29.9 29.9 30.5 30.5 33.5 35.3 32.9 33.7 33.1 36 37.7 39.3 39.9 42 46.2 52.9 59 63.3 68.9 75.1 80.8 86.2 89.4 92 100.8 110 117.1 122.4 126.5 129.3 128.6 116.2 115.7 113.6 99.6 99.6 110.2 118.2 121.4 120.8 115.5 112.4 117.4 118.5 121 124.5 129.9 139.1 144.8 150.8 156 159.8 163 163.6 161.5 162.3 166 166.3 165.6 167 168 168.9 170.7 172.2
29.4 27.8 29.8 29.3 29.2 29.4 29 29.2 29.4 29.5 29.5 29.4 29.4 29.3 29.5 29.9 30 30 30.1 30 30 30.7 32.8 34.6 37 38.1 37.8 35 35.7 36.8 38.8 42.6 42.1 43.2 41.5 51.4 63.7 71 76.5 81.2 85.1 80 90.1 102.3 114.7 120.7 125.1 128.8 119.7 113 110.8 107.2 97.6 102.1 108.2 114.8 119.5 124.1 124.6 123.4 119.8 122.3 120.7 122.7 124.7 127.5 136.2 146.3 153.2 158.6 161.5 161.5 160.1 162.1 165.3 168.8 169.7 168.6 169.6 170.5 171.2 172.9 174.4
27.8 29.9 29.4 29.1 28.9 29.5 29.1 29.2 29.2 29.3 29.4 29.4 29.4 29.1 29.9 29.9 30 30 29.9 29.8 29.7 34 34.4 35.4 37.5 37.6 37.5 38 39.4 41.7 47.7 49.7 51.2 55.3 56.1 63 48.8 51.8 57.4 55.1 52.1 73.4 72.4 98.8 109.1 116.2 122.8 117.2 108.9 91.2 90.5 96.6 105.9 109.7 114.8 120.9 124.2 126.3 128 128.1 129.6 131.7 133.9 136.2 137.5 139.2 134.5 142.2 154.7 158.7 157.5 159.3 162 165.6 169.2 171.6 172.4 173.9 174.3 173.4 173.9 175.9 178.1
29.4 29.3 29 28.9 29.1 29.3 29.2 29.2 28.8 29 28.9 29 28.9 29.7 30 30 30 29.9 29.7 29.8 34.9 35.9 35.6 36.3 37 37.6 38.4 40.4 44.4 45.5 50.7 53.5 57.3 63.1 64 67.4 66.6 59.3 52.4 60.3 70.3 85.8 81.7 79.3 97 96.6 89 86.9 87.9 97.2 103 108.4 114.1 117.7 122.7 126.6 129.8 132 132.8 132.6 134.8 137.7 143 145.4 149.6 151.9 152.8 144.2 144.6 150.8 157.4 161.7 165 168.4 172.2 174.2 175 176.5 176.7 178.1 176.5 179.7 183
29.6 29.2 28.9 28.8 29.1 29.2 29.2 29.2 29.2 28.7 28.7 28.9 29.6 30 29.9 29.9 29.8 29.7 29.7 32 36 36.7 37.4 37.4 37.3 38.3 42.6 46.6 49.2 51.4 53.1 57.4 64.6 69.4 73.3 74.3 74.6 76.4 79.7 82.1 91.3 98.4 98.9 83.8 78.8 84.2 90.9 100.1 104.3 107.5 111.8 116 120.7 125.1 128.3 131.9 135.4 137.3 139 141.5 142.5 145.4 150.6 153.9 157.4 158.4 160.4 156.8 156.6 160.3 164.3 166.8 170.1 172.4 175.2 177 179 181.3 182.6 180 180.2 182.6 187.1
29.8 29.2 28.8 28.8 28.9 29 29.1 29.3 29.6 29.7 29 29.5 29.2 29.9 29.8 29.8 29.7 29.8 29.6 35.8 36.7 38 38.8 38.9 39 43.3 48.3 51.7 54.4 54.2 56.2 62.7 71.1 79.8 83 87.6 86.8 89.2 92.3 94.3 99 105.2 104.5 104.8 107.7 107.8 108.6 112.8 115.3 117.7 119.7 123.1 126.8 130.1 134.1 136.9 139.9 141.8 143.8 145.8 149 153.4 156.7 159.8 162.5 164.5 165.3 161.7 163.5 169.2 168.9 171.1 173.9 175.8 177.8 180.2 182.8 186.1 183 182.7 183.6 187.2 190.9
29.8 29 28.8 28.8 28.8 29.2 29.3 29.4 29.5 29.2 29.7 29 28.7 29.6 29.6 29.6 29.7 29.4 30.3 35.2 36.8 38.8 39.7 40.8 43.9 48.2 53.5 55.3 55.9 56.1 59.7 69 79.7 87.6 93 94.7 95.6 95.5 96.7 100.7 107.3 111.8 111.3 112.6 114.3 115.4 118.2 122.7 124.7 124.6 125.8 128.9 132 134.6 137.6 140.5 142.3 145.2 148.2 150.6 155.9 161 163.6 167.3 170.5 169.8 172.9 173.6 174.3 176.3 176.7 176.4 177.5 178 179.8 182.3 187 187.8 185.4 186.1 186.9 192.2 198.3
27.8 29.2 29.4 28.7 29.3 29.9 29.6 29.3 29 29 29.4 29.5 28.7 29.2 29.3 29.2 29.3 33.9 34.3 34.3 35.8 36.4 41.6 42.8 46.1 50.9 53.8 56.7 59.6 60.2 63.9 74.2 86.7 92.9 95.3 94.5 94.5 97.5 102.8 109 112.7 114.7 114.5 115.6 118.8 121.1 124 126.5 127.7 128.8 131 133.7 136.3 138.4 142.1 144 145.2 149.7 153.8 160.1 164.8 169.7 173.7 178.4 179.6 182.3 183 182 181.2 181.7 181.8 182.4 181.2 180.6 181.4 187.1 190.2 188.8 187.3 189.7 190.9 198.4 204.3
30.1 28.4 27.8 28.8 28.4 29.1 29.5 28.7 28.8 29 29.2 29.4 28.8 28.9 29 30.4 34.6 36.2 38.1 41.9 43.8 40.6 38.3 41.9 47.4 53.3 55.4 57.4 58.7 61.2 65.7 73.5 79.3 84.8 87.1 89.9 96 101.6 106.2 110.9 113.4 114.7 117.7 121.7 125.2 128.9 130.1 130.3 131.9 133.6 135.4 137.8 139.9 142.5 145.7 146 149.2 160 168.9 174.8 180.7 190 189.7 190.1 191.1 194.6 192.1 188.8 185.9 185.9 186.9 187.9 189 190.1 189.4 191.9 191.1 190 191.8 196.6 196.6 202 205.8
28.5 29.1 27.8 29.2 29.1 28.6 28.1 28.4 28.8 28.9 29 29 31.9 33 34.6 36.9 38.4 40.8 43 46.1 47.6 48.9 49.6 45.1 49.9 55.6 60.1 61.5 60 56.8 60.8 67.4 68.5 79.5 86 93.2 98.8 101.8 105 109.2 112.1 117.7 123.1 127.2 131.3 134.4 135.4 135.8 136.7 138.1 139.3 141.4 143.7 146.4 150.2 157.9 164.2 175.4 180.9 190.7 204.6 212.6 219.3 219.4 215.3 209.4 201.4 193.4 192 192.3 193.9 194.8 196.2 196.4 196.2 195.2 193.6 196.7 199 201.9 204 198.1 204.2
27.8 29.1 29 27.8 29.1 28.4 28.5 28.6 28.6 28.9 30.1 33.2 34.2 35.4 37.3 39.9 43.2 45.3 49.1 53.6 57 60.8 60.3 47.2 60.9 65.1 66.5 67.6 66.7 60.2 67.1 70 70.6 79.1 88.2 94.7 99.5 104.7 108.7 112.5 116.9 122.5 127 130.2 134.4 137 138.6 140.3 141.7 142.9 144.2 145.4 149.6 155.9 164.5 175.2 178.8 184.8 196.8 210.8 222.2 224.4 227.5 234 225.3 219.1 208.9 199.3 196.6 198.2 199.7 200.3 200.1 198.9 198.9 198.7 199.4 202.9 205.6 207.2 206 200.7 205.3
29.1 27.7 28.9 28.3 27.8 29.1 28.4 28.7 28.8 28.8 32 34.6 36.5 37.6 39.7 43.8 48.4 52.4 58.2 62.8 64.1 65.3 54.9 61.5 63.8 65.6 68.7 72.2 70.9 67 69.7 72.1 73.8 80 86.8 90.8 96.6 107.2 111.4 115.1 118 122.8 128.4 132.5 135.4 138.3 139.9 143.4 147.2 149.5 150.8 153.7 161.5 175.5 181.6 184.2 187.5 197.4 212.7 216.8 229.3 231.3 236.2 230.6 227.7 224.7 215.3 204.4 201.5 201.3 202.2 201.6 201.3 201.7 202.7 204.2 205.6 207.8 210.8 210.4 205.7 204.9 206.9
25.9 27.7 28.5 28.7 27.8 29.2 29.1 28.9 29.1 31.9 35.6 36.6 38 39.4 43.7 48 53 57.5 62.7 65.7 64.1 57.6 62.9 65.2 67.1 68.6 72.3 75 72.1 65.9 73.1 75.7 78.6 81.7 86.7 93.4 101.3 109 114.7 117.9 122 124.6 130.7 134.3 138.3 141.3 144.9 148 151.8 154 160 169.4 180.2 186.5 188.1 189.1 194 202.9 208.7 213.8 221 223.6 227.6 225.5 223.8 221.4 218.6 209.3 205.5 203 202 202.4 203.6 204.8 206.8 208.7 210.7 212.4 208.4 205.7 206.1 207.2 209.3
27.4 26.3 29.2 29.3 25.9 29 28.7 30.6 32.8 33.3 34.8 37.6 40.5 45.8 52.3 55.5 60.6 63.7 64.7 63.9 57.5 64.2 67.4 71.3 72.3 74.4 77.4 74.2 71.2 74 72.6 78.8 81.5 84.5 88.7 96.5 103.3 110.3 117.4 121.7 125.3 127.8 133.7 136.7 141 144.8 148.8 152.6 155.4 162 170.8 182.6 189.2 190.1 190.4 192 194.4 197.5 199.8 202.3 205.4 210 212.5 213.5 211.4 210.1 205.5 202.6 202 202.1 204.1 205.3 206.5 207.8 210.1 211.7 210.7 207.3 207.8 207.6 208.6 209.8 212.5
28.2 28.3 25.9 28.6 25.9 28.4 31.4 33.3 34.3 35.8 40.4 46 49.6 53.8 57.2 60.7 63.9 67.6 64.7 61.2 63.3 69.3 72.4 74.5 75.7 77.6 76.5 74.2 73 75.5 77.3 79.5 82.6 86.4 89.1 97.6 105 112.1 120 126 129.8 133.6 137.1 141.6 144 147.7 151.7 156.9 162.5 172.5 182.2 187.7 188 188.1 189.3 189.7 189.9 191.7 193.3 195.5 198.8 199.8 200.6 201 198.8 199.1 198.2 199 201.1 204.2 206.3 208.2 209.5 210.8 210.9 210.2 208.5 208.9 209.2 210.1 211.3 216 220.4
28.5 28.8 25.9 26.4 25.9 29.3 33.4 35.2 39.1 43.4 50.4 57 61.5 64.4 66.2 65.8 63.7 62.1 61.7 62.2 64.1 71.1 76.3 80.1 81.8 77 75 74.5 74.9 76.7 78.5 80.7 85.1 90.9 96 102.6 107.4 115.4 123.9 128.7 134.8 140 144.3 147 149.3 151.6 158.2 161 168.8 178.3 183.4 183.6 183.7 184.2 183.8 183.9 184.5 187 189.1 192 192.4 191.9 192.2 191.3 192.2 193.4 196.8 199.5 202.2 204.9 207.6 210.1 211.5 211.4 210.7 209.8 209.2 211.4 211.9 213.5 217.2 220.3 222.3
29 29.2 25.9 25.9 25.9 33 35.6 41.5 46.9 56.5 64.6 69.9 72.9 74.9 72.4 69.4 64.8 62.5 62.9 63.5 64.9 76.3 79 77.9 77.6 75.7 74.9 75.1 75.3 77.3 79.4 83 89.3 94.6 100 106.8 114.9 120.1 127.4 135.9 140.9 145.7 149.8 152.7 156.6 160.9 164.3 165.5 171.1 178.7 179.9 180.1 180 178.9 178.6 180.3 181.3 183.6 186.7 189.2 189.7 189.5 189.1 190.4 191.9 193.6 196 198.6 201.3 204.1 207.3 209.6 210.5 210.7 210.6 209.9 210.5 213.8 214.7 216.5 219.2 221.6 224.9
28.9 29 29.8 31.5 32.3 39 43.5 55.5 63.9 69.2 72.3 76.5 80.8 80.9 79.8 77.6 73.2 67.7 65 64.8 66.3 75.2 77.1 75.5 76.5 74.4 74.5 75.2 76.3 78.2 81.1 87.6 92.8 98.7 105.7 111.1 118.6 126 132.5 139.4 145.5 150.9 155.5 160.2 164.1 168.1 171.4 172.8 173.8 176.3 177.5 178.5 178.5 177.1 177.1 177.5 178.9 182.5 186.7 189.6 191.1 191.2 191.9 192.3 192.4 193.5 194.9 196.4 198.9 202.2 206.3 208.8 209.6 210.2 210.3 210.7 212 215 216.6 217.8 220.6 223.4 226
30.8 32.9 35 36.9 42 52.2 55.8 64.3 71.2 77.1 82.1 81.5 83.6 87.1 90.6 85.3 78.5 72.8 68.1 66.6 66.2 70.8 75.1 73.5 74.5 74.3 74.7 76.1 77.5 80.9 85.4 90.8 97 102.9 110.5 118.4 125.1 132.1 137.5 143.6 148.8 154.6 160.9 166.6 171.2 173 173.8 174.3 174.7 176.4 178.3 179.8 178.5 177.1 177.1 177.3 183.3 187.9 189 191 192.7 192.9 193.8 194.6 194.7 194.9 196.6 201.7 203 205 208.1 209.4 210.4 210.9 212.2 212.6 214.2 219.1 219.1 221.1 223.9 225.5 226.8
35.5 39.6 44.3 43.8 56 64.5 70 74.6 78.1 81.7 84.4 86.2 91.4 97.4 99.5 91.9 81.8 75.6 72.1 70.3 69.5 72.5 71.6 76.7 76.6 75.8 77.1 77.7 80.3 84.8 90.6 97.7 103.4 108.1 116 123 130.7 137.4 143.8 148.6 153.4 158.9 164.9 170.1 170.5 171.8 172.2 173 175.3 178.2 179.4 178.1 173.9 173.3 179.5 185.5 188.9 190 191.1 193.6 194.4 195.3 195.2 196.1 196.3 196.6 197.9 201.8 205.8 207.6 207.9 208.7 210.2 211.8 213.4 215.3 216.5 219.8 221.3 224.1 227.7 229.1 230.3
41.1 46.3 50.1 55.7 69.3 72.2 76.5 79.8 80.8 85.6 89.6 97.4 103.4 108.5 107.6 103.9 95 86.5 78.9 79.3 77.4 77.6 79.8 82 80.6 80 81.1 82.7 86.3 91.5 99.2 105.1 111.4 117.2 122.2 128.8 135.2 143.4 149.9 154.2 159.3 163.6 166.5 167.2 166.9 168.3 170.7 174.4 176.9 178.1 176.3 173.4 172.8 179.3 186.8 193.5 196.2 195 194.1 195.8 197.1 197.8 198 197.6 198.2 198.6 197.8 202.5 205.7 207 205.6 208.8 211.5 212.1 214.7 217 217.9 220.7 223.7 227.1 229.5 230.9 233.6
45.8 52.6 53.6 63.5 71.1 80.6 78.7 82.7 83.4 88.7 97.7 105.4 112.5 114.5 113 111 106 96.8 88 83.2 72.8 80.6 82.9 84.6 85.3 86.8 88.4 92.6 99.7 104.9 107.8 111.8 116.8 122.5 126.9 132.2 139.7 148.1 154.4 158.5 161.7 163.3 164.5 163.6 165.1 168.1 171.7 174.5 175.7 174.3 171.7 173.1 180.4 188.2 198.1 203.8 202.5 200.2 197.3 197.7 199.6 200.2 198.7 199.4 200.1 200.6 200.1 200 202.5 205.1 208.1 210.7 213 215 216.1 218.4 220.9 223.9 226.4 228.5 230.7 232.8 236
49.9 52.1 56.8 70.1 78.2 76.1 77.7 81.6 86.6 97 106.4 112.6 115.5 115.7 115.3 113.3 109.4 102.4 92.8 80 75.4 81 85.1 87.9 90 95.4 100.9 105.3 110.3 111.6 115 117.6 121.4 125.4 129.8 135.3 142.3 150.5 155.9 158.8 159.4 159.9 159.7 162.1 165.5 169.2 171.5 172.6 172 170.6 176.1 181.3 191.9 200.2 207.9 212 208.2 204.5 201 200.6 201.1 200.8 200.9 202 201.5 201.1 202.5 203.5 207.1 209.3 210 212.5 214.8 216.9 217.9 221.1 223.8 225.6 228.4 230.5 233.2 234.9 237.2
52.5 54.3 57.4 72.3 78.4 77 79.1 88.1 99.5 103.8 109.2 112.9 113.3 113.1 112.5 113.4 110.5 96.4 80.7 77.3 77.5 79.8 88.5 93.9 100.6 104.1 109.8 114.1 117.4 119.8 121.8 123.7 125.8 129.5 134.2 140.1 145.6 150.7 154.7 156.3 155.8 156.3 159.5 162.3 166.1 168 168.6 168.9 169.9 174.2 180.6 189 201.7 207.8 214.6 220.1 214.4 208.5 205.4 202.5 202.3 204 204.7 204.2 204 206.4 205.5 205.6 208.9 211.4 213 214.5 219 221.4 222.3 224.9 227.5 228.5 229.9 232.4 235.2 237.9 241
