public/OST50/SN63.asc
ncols 200
nrows 200
xllcorner 260000
yllcorner 230000
cellsize 50
[rows 70 to 104 of 200, columns 0 to 78 of 200]
149.4 152.5 152.7 153.5 157.7 159.7 161.6 162.7 163.5 162.9 161.6 160.3 159.6 159.3 158.3 158.2 155.9 155.2 158.3 158.1 158.8 156.7 155.4 154.5 154.4 154.3 153.5 152.1 150.8 149 151.4 151.3 146.1 131 120.8 120.7 120.2 119.2 119.1 118.5 120.4 121.4 122.1 124.6 124.3 123.8 123.4 122.9 122.5 122.1 119.9 119 117.8 116.7 116.6 111.3 111.2 110.2 110.4 109.8 109.7 109.5 108.8 108.2 107.9 106.2 107.4 107.1 106.7 106.4 105.8 105.4 105 104.5 102.3 107.4 113 121.7 128.4
144.4 146.1 146.7 147.3 150.4 152.2 153.1 154.3 155.7 156.3 155.5 154.4 153.3 156.4 156 155.5 154 154.5 156.6 157.4 157.5 153.9 150.8 149.7 150.4 150.6 150.6 150.6 150.6 150.4 151.3 151 150.4 147.3 133.8 121.1 120.5 119.4 118.6 118.3 118.9 119.7 120.9 121.3 122.7 123.1 123 122.3 122 121.6 120.3 119.4 117.3 114.9 114.7 111.9 111.9 111.8 111.8 109.6 110.8 110.3 109.4 107.8 107.6 107.4 106.8 105.7 106.6 105.5 103 105.2 105.1 104.7 109.2 118.5 128.4 139 137.7
141.3 141.5 140.7 142.3 144.3 144.7 141.5 145.2 148.7 148.4 146.4 145.5 146.2 146.1 147.8 146.3 145.4 153.5 154.7 155.1 155 153 148.6 147.6 147.9 148 149.7 150.4 150.7 150.5 151 150.6 150.1 149.2 149 142.9 142.5 131.6 118.8 117.2 118.4 117.7 117.6 117.5 118.7 119.4 119 119.8 120.6 119.2 117.6 115.5 115 112.8 112.7 112.7 112.2 111.8 111.5 108.5 111.5 111.7 111.1 110.7 110.9 110.5 107.2 107 109.9 109.1 105.9 106.1 104.8 110.1 116.3 127.8 137.9 143 139.6
144.3 141.9 140.3 140.7 140 138.5 137.7 137.3 138.2 137 137.1 138.2 136.3 136.9 135.9 137.3 140 147.1 152.5 152.4 151.7 148.7 146.9 144.5 145 146.3 149 149.5 148.9 149.9 150.3 150.3 149.3 149.4 149.1 148.9 147.1 136.1 121 118.5 117.7 117.6 117.6 117.2 117.6 117.7 118.1 117.8 116.9 116.2 115.2 114.7 112.9 112.7 112.3 112.3 112.7 112.2 110.1 112.6 112.6 112.4 112.2 111.3 111.5 110.9 110.5 110.3 109.7 109.1 111.1 115.9 121.9 127.9 130.3 136.2 142.8 144.3 140
153.8 146 146.1 143.3 143.1 142.5 140.5 137.4 137.1 136.4 136.3 136.3 133.1 134.7 134.4 134.2 134.4 134.1 137.8 147.8 143.6 142.4 141.9 142 142.2 143.1 145.9 144.3 144.8 146.5 148 148.4 148.2 148 147.6 146.3 143.3 131.2 123.3 119 119.5 117 117.4 116.7 116.3 117.1 117.1 116.4 116.3 115.1 114.2 112.8 112.4 111.9 108.5 109.3 110.5 116.7 120.1 118.5 118.7 117.3 116 112.9 114 115.3 113 113.3 112.1 115 120.3 128.9 136.1 143.2 146.2 148.6 147.8 144.7 138.8
154.6 152.9 151.3 149.8 147.6 147.3 144.6 142.5 140.8 140.4 139.5 138.1 135.6 132.5 134.7 133.5 133.5 132.8 132.7 132.6 135.3 134.8 139.2 138.7 138.2 139 137 136.5 138.3 138.2 138.7 138.2 141.2 141.6 141.3 139 133.1 128.2 122 118 116.5 116.9 116.1 116.1 115.7 115.4 114.6 113.8 114 113.9 113.1 110.1 118.6 123 131 132.8 134 135 133.4 126.8 133 130.4 130.9 128 121.2 122.4 122.7 122.5 123.3 127.2 132.7 139.4 147.1 152.3 154 152.4 149.1 144.1 137.4
159.7 158.1 155.5 155.4 155.9 152.5 151 148 144.1 142.8 142.4 141.2 139.5 138.7 138.4 137.7 133.5 133.3 132.4 131.1 130.2 130.7 135.6 135.4 136.4 135.4 133.6 133.5 132.2 133.5 132.1 132.8 132.5 133.7 134 131.6 122.6 117.2 117.5 117.6 116.6 116.2 116.3 115.6 115.5 114.9 114.8 114.2 113.8 113.6 114.6 126.1 137 144.7 150.4 156.6 157.8 155.1 151.9 138.8 147.8 147.6 147 142.3 130.8 135.2 139.4 142 144.5 146.3 150.8 158.2 158.4 157 155 151.3 147.1 142.1 135
164.6 164 166.7 169 167.1 165.5 165.6 166.3 163.8 160.6 157.6 154.8 153.1 147 143.4 143.3 142.4 139 136.8 132.8 131.5 130.5 130 127.5 133.2 130.4 129.9 129.5 129 128.5 129.9 130.5 129.7 129.9 129.6 123.9 118.4 117.9 117.9 119.1 118.5 118.5 113.5 114.4 115.6 114.4 114.5 113.8 115.4 124.5 131.6 140.6 151 158.4 164.5 169.6 170.8 168.8 153.4 161.7 159.3 157.6 156.8 151.1 147.3 152.5 154.6 155.4 158.6 162.2 166.2 165.5 160.7 156.2 152.1 149.1 143.8 137.6 129.4
170.2 176.3 179.6 180.3 177.6 176.7 177 177 174.3 173.1 172.2 170 170.2 166.4 159.6 150.7 146.9 144.2 142.3 138.7 135 131 129.5 128.3 128.3 128.3 128.1 128.7 128.4 128.2 127.9 128.1 128.7 127.6 125.9 121.1 119.4 120.8 121.4 121.5 122.2 125.4 126 117.4 131 128 129.6 131.8 135 140.5 148.5 158.9 167.9 174.7 177.6 178.2 179.1 171.7 174.2 172 167.4 163.8 162.7 160 160.2 160.1 162.8 164.2 166.4 169.3 169.7 166.3 160.1 153.5 149.2 145.5 140.7 133.8 125.6
186.3 189.1 189.8 189.1 186.7 184.9 184.5 184.3 184.5 184.4 184.7 182.1 177.7 172.5 165.9 159.4 155.5 154 152.5 149.9 140.9 132.8 131.1 129.2 128.4 126.9 127.1 127.1 126.9 127 127.3 126.9 127.1 125.9 123.7 121.6 123.1 122.5 124.1 129.1 135.2 141.8 139.1 136.8 136.2 138.9 138.4 140.1 147.2 156.2 162.7 170.2 178.5 182.5 184.8 184.6 183.2 184.3 185.5 181.7 176.7 170.2 163.9 164.4 164.3 164.4 166.1 168 170.7 172.1 169.7 164.2 157.4 150 146.4 142.4 136.4 128.8 121.1
196.4 195.7 195.1 192.9 191.7 190.6 191 192.3 192.6 192.7 189.3 185.1 179.5 174.4 169.1 165.7 161.6 157.5 155.4 151.7 139.4 138.7 131.7 129.7 128.7 127.7 126.9 126.4 126.2 125.6 125.9 125.6 125.2 123.7 122.7 122.2 125.1 128.9 132.9 136.5 142.1 146.9 146.8 146.4 145.1 143.7 144.8 149.3 155.2 163.9 171.8 178.1 183.3 186.2 187.7 187.4 190.5 194.7 194.2 190 183.1 175.3 167.6 167 166.8 166.7 167.4 168.8 170.4 170.7 166.6 160.7 152.8 146.4 141.7 136.8 129.6 123.1 118.5
200.5 198.5 197.2 195.8 195.2 195.6 195.8 197.2 196.7 194.7 189.3 182.1 178.2 174.7 170.6 167.2 162.8 158.4 155.4 147.5 145.3 142 132.9 130.1 128.5 127.7 127.5 126.8 125.5 124.5 124.8 124.6 124.4 123.1 121.5 124.3 129 132.6 135 139.8 145.2 152 152.5 151.4 149.2 149.9 154.1 156.8 160.5 168.2 175.6 181.9 186.2 189 190.3 193.2 200.3 203.2 205 199.4 185.8 179.1 172.9 168.2 167 166.7 166.5 167.7 168.4 166.8 162.6 155.5 147 141.1 136.3 130.1 125.8 120.9 116.1
202.7 200.5 198.8 197.8 197.7 198.5 199.3 199.1 194.7 189.6 183.1 179.7 177.3 173.4 169.4 165.4 160.7 157.4 154.8 150.2 143.2 138.8 134.6 130.3 128.3 127 127.1 126.6 125.8 123.9 124.2 124.1 123.4 122.1 121.5 127.1 130.8 134.1 136.6 139.2 142.8 143.9 148.8 150.4 152.2 154.3 156.7 159.9 163.9 171 178.2 185.1 190.8 193.1 196.2 207.6 200.4 211.9 221.3 205.5 191 184.1 174.2 166.7 165.7 164.6 164.6 165.1 164.6 161.1 156.7 149.9 139.9 133.9 127.5 123.6 121.1 118.9 114.7
202.7 200.7 198.9 197.5 197.2 197.8 197.9 192.3 187.1 183.2 179.4 177.3 174.6 171.3 167.8 164 159.4 155.3 154 148 141.5 136.1 133.6 130.6 128.7 127.6 127 126 125.9 124.9 123.8 123.5 122.9 122.1 124.5 124.7 130.7 134.3 136.4 138.6 140.5 142.6 145.5 147.9 150.2 153.7 156.9 160.2 165.5 171.4 179.3 184 188.9 195.7 205.5 213.6 199.5 199.9 218.1 210.3 197.8 184.1 173.3 163.7 163.2 162.6 162.7 162.6 159.8 157.7 151 141.3 133.5 126.3 119.9 119.7 117.8 115.7 112.7
202.1 199.1 197.6 194.9 191.5 190.6 187.7 183.5 180 177.6 175.3 174.3 171.4 168.5 164.4 160.7 156.4 149.1 146.7 144.3 139 133.7 131.8 130.4 128.7 128 126.7 127.8 127.2 126.8 125.5 124 120.6 124.6 128.6 129.6 131.9 133.2 135.5 137.4 139.4 141.1 143.3 145.7 148.5 152.5 154.8 158.6 164.1 169.2 175.1 179.8 191.7 203 217.2 210.7 200.5 201.3 217.1 217.8 199.6 184.9 170.8 162 160.9 160 157.9 157.4 155.7 151.6 142.8 134.5 126.3 118.9 116.6 114.8 114.3 112.9 110.3
203.7 195.4 194 187.4 184.1 178.3 177.6 175.4 172.4 171.4 171.1 170.3 167.6 163.3 159.1 155.2 150 144.8 140.5 137.5 135 131.9 130.6 129.3 128.1 128.6 129 129.3 128.8 129.1 129.4 129.7 131 129.7 129.3 130.4 132.6 133.9 135.6 137.3 138.8 140.8 143.1 145.3 148.5 151.3 153.5 156.2 159 163.9 169.5 183.8 195.1 206.2 220.4 218.4 208.5 222.1 212.8 212.4 196.8 183.7 168.6 160.9 157.6 149.5 151.1 151.4 150.1 143.3 135.3 127.7 119.3 113.9 113 112.3 111 110.2 107.5
205.6 197.3 196.8 197 198.5 189.2 173.4 170.4 168.6 166.4 166.3 165.4 161.2 156 151.3 147.2 145.7 141.1 138.5 136.3 133.9 131.4 130.5 130.2 131.9 130.6 131.5 131 130.5 131.9 132.6 133.3 133.7 133.6 132.8 132.6 133.7 135.7 138.2 140 141.1 142.8 144.3 145.9 148.6 150.3 152.2 154.6 157.3 159.9 164.7 182.3 187.6 199.6 209.6 216.4 219.4 212.5 205.1 206.9 191.9 179.6 167.5 157.3 153.2 149.6 135.3 141.6 139.4 134.8 128.8 121.7 112.7 111.6 109.7 108.8 107.9 106.2 104.6
204.9 204.5 207.1 207.7 204.3 194 178.9 168.2 165.1 162.6 160.2 157.7 154.1 149 145.4 142.9 142.1 138.4 137.1 135.7 132.7 130.5 132.8 133.2 133.5 133.1 133.6 133.7 134.5 134.5 135 136.8 137.5 136.7 135.6 135.6 136.6 137.2 140 142.4 144.1 145 146.5 147.6 148.9 150.1 151.5 153.1 154.8 157.2 160.1 170.4 182.5 192.3 197.9 214.2 205.7 206.9 210.3 200.4 185.6 174.7 163.9 155.2 148.2 143.1 132.5 122.4 121.6 125.3 120.7 115.2 110.3 108.4 107.2 106.1 103.3 102.5 99
215.8 215.1 213.7 212.4 204 190.7 177.9 168.3 164.2 159.4 155.5 153.7 150.1 145.9 143.8 141.8 139.5 137.2 135.5 133.7 131.5 132.7 133.9 134.7 135.5 135.9 135.8 136.1 137.4 139.3 140.7 141.6 141.5 140.3 139.9 140.2 139 140.2 140.9 143.5 145.5 147.1 148.7 149.8 151.4 152.1 152.8 153.7 154.4 155.6 156.8 163.1 170.3 184.6 176 210.1 220.9 206 205.7 191.5 182 168.9 161.2 149.6 144.8 140.4 134.4 122.9 115.9 114.6 113.7 111.8 109.3 107 105.9 104.2 103.6 99.6 98.2
220.2 218.9 217.4 214.6 198.9 185.6 174.7 168 163.6 158.8 155.4 151.2 148.3 145.8 142.7 141.4 141.2 137.3 135.1 133 133.2 134.3 135.5 137.1 138.2 138.2 139.1 141.3 143 145.8 147.5 148.1 147.8 147.2 148.1 148.7 147.2 146.1 145.5 146.2 148 150.2 151.1 152.2 153 154.1 153.9 153.3 153.2 150.9 151.3 152.7 159.3 166.4 163.4 172.9 212.9 205.7 194.5 184.4 174 164.9 158.1 148.9 145.2 139.1 133.5 124.2 115.3 112.6 112.9 109.4 107.3 106.7 105.7 106.1 105.6 99 98.5
220.8 216 209.8 203.5 191.8 181.3 172.5 167 162.1 158.1 152.3 149.1 146.8 144.6 142.5 140.6 139.2 136.8 134.5 133.6 135 136.3 138.1 140.6 145.2 147.6 148.8 149.7 151.4 153.9 156.5 158.7 158.3 158.5 158.7 158.7 157.2 154 151.4 150.9 150.8 152.2 153.6 153.9 154.4 153 152.8 151.5 149.7 147.6 145.6 145.6 149.7 155.7 163.9 182.6 196.4 191.6 183.1 175.4 167.4 160.8 154.1 148 143 136.4 129.5 121.3 113.4 111.2 109.5 107.6 107 106.6 106 106 104.8 101.2 98.1
215.3 206 201.1 194.5 185.4 177 169.6 163.7 160.2 154 150.4 148.2 146.6 143.4 142 140.5 137.8 135.5 136.4 133.6 137.5 138.9 146.1 151.1 152.3 154.5 155.7 158 160.8 164.5 167.1 168.2 168.4 169.9 170.1 168.8 165.4 161.7 160.2 158.1 155.8 156 156.4 155.1 154.8 153 150.8 149.1 148 145.7 143.5 142.3 141.3 146.4 156.8 170.7 178.9 174.8 170.7 164.5 158.9 153.8 148.8 143.7 138.2 131.1 123.7 115.7 111 107.9 107.7 106.9 104.8 104.6 104.6 104.9 103.9 100.2 97.1
204.6 195.2 190.5 185.1 177.5 169.8 163.9 159.8 154 152 150.6 149.2 145.9 143 141.6 139.9 139 139.3 138.2 136.5 140.6 145.7 151.4 156 157.3 159.5 161.9 165 170 173.8 176.3 178.2 179.7 180.1 178.9 175.5 174.7 172.5 169.3 167.9 162.5 159.6 160.5 159 158.3 155.8 154.8 153.5 156.2 157 154.9 143.8 137.5 137.3 143.5 156.3 160.2 159.1 156.6 152.3 149.2 145.1 140.3 135.1 129.7 123.7 117 110.9 107.7 106.4 104.2 103.2 102.5 103.5 103.5 104 103.2 98.1 94.6
191.7 185 180.6 175.8 169.9 163.3 157.8 152.9 151.3 152.1 150 146 144.4 143.8 141.5 141.8 143.2 143 141.6 136.5 143.7 147.5 155.6 159.3 159.6 161.8 166 173.2 178.3 181.9 186.3 188.2 188.9 187.5 185.8 183.6 182.1 179.1 176.4 172.7 168 166.2 164.7 165 163.7 164.4 167.8 175.4 177.8 182 173 158.5 144.9 133.7 134.8 141.3 144.9 146.4 145.3 142.6 139.4 135.4 130.6 125.4 120.7 115.1 109.9 107.2 105.4 103.8 101.9 101.6 100.4 101.9 102.2 102.2 100.8 93.9 94.7
183 177.3 171.8 167.9 162.9 156.8 154.5 152 150.5 149.1 148.1 148 146.7 146.7 148.9 151.7 149.6 146.3 146.3 142.5 146.5 150.9 157.6 160.4 162.1 167.1 174 180.5 186.2 193.4 196.1 196.5 195.9 195.4 193.9 193.1 189.8 184.1 181.6 178.2 174.7 173.7 173.6 175.1 177.3 179.5 184.6 192.1 197.8 196.1 180.6 162 147.8 138.1 131.7 131.6 134.4 136.3 135 131.7 128.7 124.6 119.6 115.6 113.4 109.5 104.9 102.8 100.1 99.5 99.6 99 98.2 99.7 101 100.4 99.8 93.7 94.4
176.5 170.9 166.5 161.1 157.9 156.7 155.7 154.6 153.1 152.8 154.2 154.6 157.1 157.2 156.9 154.3 152.2 151 153.8 146.9 149.4 156.3 161.5 164.3 168 176.3 182.8 191 196.5 201.2 203.3 204.4 204.3 204.9 204.4 201.6 196 191.8 188 185 183.8 184.5 185.8 188.6 192 195 199.3 206.6 209.4 203.5 185.3 163.5 148.7 140.4 131.5 125.6 129.3 127.3 125.9 124.1 118.7 115.2 113 110.7 108.8 105.2 101.5 95.9 95.9 96.1 95.7 96.3 96.6 96.7 98.5 99.1 93.8 93.5 94.1
172 168.7 164.2 158.4 157.2 158.4 161.2 158.2 155.5 155.8 158.4 159.4 161.6 161.7 159.1 157.4 155.9 157.3 155.6 150.6 153.6 158.8 166.1 169.7 176.9 184.2 191.6 199.4 205.6 210.7 213.1 213.6 212.8 212.7 211.6 208.3 203.6 201.4 199.1 196.3 196.5 197.7 198.5 201.4 206.2 207.5 212.4 217.9 218.4 207.3 185 163.7 148.3 140.7 132.4 125.9 117.5 120.7 119.4 115.2 110.8 108.4 106.3 104.9 102.6 100.2 94.6 94.2 94.5 94.6 95.2 95.5 94.3 93.6 93.3 93.6 93.6 93.9 94.4
170.5 168.9 163.5 156.1 162.1 163.4 161.2 158.8 159.3 161.1 162.3 162.9 163 163.5 163.8 163.7 161.8 156.5 156.1 155.9 158.9 163 170 179.2 186.5 196.4 203.2 209.3 214.2 218.3 220.7 220 220.2 219.9 219.6 216.5 215.8 215.3 214 212.4 214.8 213.7 211.7 212.2 214.4 218.1 222.2 226.9 220.5 201.3 179.3 159.6 146.8 140.5 133.7 126.9 111.2 113.9 111.8 108.3 103.4 103.4 98.9 98.2 96.9 94.1 94 94.2 94.3 94.5 94.7 94.8 93.8 92.9 93.1 93.5 93.8 93.9 92.6
158.2 157.2 154.5 156.8 164.3 164.6 163.9 162.6 164.2 164.1 168.3 168.7 167.5 167.8 168.8 165.8 158.5 159.2 162.1 161.4 165 172.5 182.4 192.2 200.1 205.9 211.7 216.8 222.4 225 226 229 229.8 226.7 226.7 227.3 226.4 227.5 225 229 230.4 229.8 222.7 221.8 222.7 223.1 225.5 221.2 208.1 193.9 173.6 156.8 144.2 136 129.7 122.2 112.8 101.4 104.4 101.9 99.3 94.5 93.8 93.7 93.7 93.7 93.9 94 94.3 94.4 94.5 94.6 92.9 92.8 93.3 93.5 93.7 93.9 93.2
151.1 152 156.3 163.8 165.8 166.2 166.9 167.4 169 173.2 175.9 174.7 173.9 171.1 166.9 163.9 164.6 166.5 167.5 169 173.2 182.5 190.1 199.9 206.6 213.2 218.7 224.3 229 233 236.5 240.3 238.2 234 235.6 236.2 238 235.9 238.2 239.6 238.2 234.4 228.4 228.9 224.9 221.5 217.6 210.4 201.5 183.7 166.9 151 138.6 130 122.1 115 108.3 100.7 97 94.6 93.4 93.3 93.3 93.4 93.5 93.6 93.8 94 94.2 94.4 94.5 94 92.6 93 93.3 93.5 93.7 93.9 93.2
166.3 164 163.6 167 167.5 167.7 172.2 173 175.6 180.5 180.7 178.2 174.9 172.5 171.2 171.7 171.5 172.7 173.1 176.4 184.8 188.9 196.9 206.4 212.8 219.6 225.6 230.4 235.2 240.7 244.4 244.7 245.4 245.9 246.2 243.6 243.3 243.7 245 242.6 239.5 235 231.7 229.4 226 219.8 212 203.2 187.8 173.7 159.2 143.7 132.4 123.2 114 107.4 98.2 90.5 92.9 93.1 92.8 93.2 93.3 93.4 93.3 93.4 93.6 93.9 94.2 94.3 94 93.5 93 93.1 93.3 93.5 93.6 93.8 93.2
164.2 165.7 168.3 170.4 172.3 175.7 178 180.8 184.2 185.1 182.5 179.9 177.6 176.2 176.5 177.2 179.7 178.9 180.1 183.3 187.8 193.2 202.3 211.5 218.8 225 230 235.1 240.4 248 251.8 256.7 259.5 255 255.4 250.5 250.5 252.2 249.9 246 239.7 233.8 232.3 229.1 223.7 214.9 204.2 185.5 171.6 158 143.6 132.2 123 114.1 103.2 93.7 90.1 90.5 91.3 91.7 92.3 92.9 92.8 92.9 93 93.1 93.4 93.7 94 93.9 93.3 92.9 92.6 92.8 93.1 93.4 93.6 91.8 94.2
159.5 167.5 170.9 172.6 176.4 180 185.4 185.8 187.6 186.3 184 181.3 180.4 180.1 181.7 183.9 184.1 184.2 186.2 187.2 190.7 196.3 204.3 216.4 224.1 229.8 236.3 242.4 249.1 252.6 258.5 264.7 267.3 262.1 258.2 254.5 257.5 255.9 251.5 244.6 237.2 233.7 231.2 224.8 216.3 202.1 185.5 168.3 153.4 139.3 129.8 121.1 112.4 103.3 89.6 88.7 89.2 90.1 91.1 91.1 91.4 92.1 91.7 91.9 92.7 93 93.4 93.4 93.9 93.1 93 92.8 92.6 92.5 92.7 93.3 92.8 100.2 108.4
165 170.7 174.3 179 183 186.5 188.3 188.1 188.3 187 184.8 183.7 184.5 186.4 188 189.4 188.8 190.1 194.2 196.2 200.4 200.9 206 217.1 227.6 236.1 242.6 247.9 251.8 255.5 264.6 270.5 270.7 265.3 263 258.4 255.8 252.2 247.6 240.5 233.2 230.2 224.3 216.2 199.6 181.6 165 149.5 137.6 126.2 117.5 110 102.3 86.6 87 89.1 89.2 89.4 91 90.6 90.8 91.2 91.7 92 91.9 92.9 93.3 93.2 93.8 94.2 93 92.8 92.5 92.4 92.4 96.3 102.9 105.9 108.9
168.5 173.5 180.8 183.8 186.7 188.1 188.5 188.4 187.8 186.8 185.8 186.3 187.4 189.3 191.7 192.9 194.3 196.9 200 201.7 202.9 205.8 211.6 221.6 231.8 239.9 244.6 251 253.3 259.7 266.8 272.5 273.4 265.8 262.9 258.4 250.5 247.6 242.2 235.1 228 222.2 213.3 198.8 180.4 164 143.3 133.6 122.6 115.3 110.4 104.4 96.9 88 89.4 87.5 89.2 89 89.3 90.1 90.3 90.7 91.9 92.6 92.7 92.4 93.6 93 93.9 94.1 94.2 93 92.6 89.8 95.8 105 107.9 108.9 110.4
