public/OST50/SN63.asc
ncols 200
nrows 200
xllcorner 260000
yllcorner 230000
cellsize 50
[rows 105 to 139 of 200, columns 79 to 157 of 200]
116.1 117.6 118.6 119.3 115.4 113.5 123.5 126.2 129.1 131.3 133.5 135.1 138.1 140.9 143.9 146.6 148.4 150.3 153.3 155.6 156.4 153.5 151.9 151 151.7 153.3 155.7 159.1 162.1 165.3 168.4 172.2 177.2 185.3 192.4 200.8 208.7 217.5 226.3 235 242.4 249.8 256.2 261.5 265.7 268.8 277.3 283.3 288.7 294 299.2 305.8 310.8 314.5 313.3 308.1 296.7 286.9 277.5 271.6 268.5 266.2 262.3 256.6 253.5 249.3 248.5 247.1 244.5 243.3 243.6 244.7 243.7 243.3 240.7 242.4 241.3 241.4 242.9
117.3 118.5 119.7 120.8 121.4 121.1 119.4 118.8 127.7 131.2 133 135.3 138.1 140.8 144.1 146 146.3 149.1 151.6 153.5 154.4 153 151.8 152.2 153.2 154.1 156.4 159.4 162.8 165 167.7 171.2 179.6 187.8 196.8 206.7 216.6 226.2 235.5 244.7 253.6 262.2 270.9 277.1 283.2 287.7 289.5 291.4 293.6 297 302 305.2 306.8 305.6 301 294.5 286.5 277.9 274.2 272.3 268.2 264.1 259.2 253.9 251 250.7 250.9 250.1 254.1 256.2 256.1 250.8 250.4 245.9 242.2 241.4 238.1 241 241.8
117.8 119.2 120.4 121.8 123.2 123.4 125.8 127 127.3 124.4 129.2 133.9 136.8 139.5 142.7 144 143.8 144.1 147.9 149.6 150.6 150.9 151.4 152 153.3 154.2 157 159.7 161.9 164.1 167.1 172.1 183 192.5 203 212 222.3 233.1 242.7 252.7 260.6 269.7 277.7 284.6 291 297.3 298 297 297.1 299.2 301.1 301.2 299.3 296.1 288.5 281.3 275.8 273.1 271.4 268.8 265.6 260.2 256.7 252.9 252 251.6 252.6 253.2 254.2 257.7 259.9 262.8 260.5 254.5 245.5 243 239.6 238.7 240.8
118.8 120.1 121.7 123.3 124.4 125 127 128.8 130.5 131.9 131.3 131.1 135.2 138.1 139.5 141.1 142.4 142.3 144.6 147.3 148.7 149.6 150.7 151.7 152.8 153 155.2 158.9 161 163.1 167.4 173.5 186.6 195.4 205.9 215.5 226.3 237.3 248 256.4 263.9 271.1 278.2 286.2 291.4 296.5 297.7 297 295 294.5 293.7 292.2 288.1 280.2 274.8 273.1 271.1 270.4 268.3 266.2 262.9 259.4 256.2 254.9 254.7 255.4 257.1 261.2 263.8 268.3 266.9 265 260.4 254 250.9 247.8 241.6 233.6 240
119.2 120.9 122.5 124.8 126.2 128 128.3 129.4 131 132.7 134.1 131.2 132.9 134.9 138 139.8 142.1 143.5 143.5 144.9 146.7 149 148.7 151.1 152.3 154.1 156.7 158.3 161.1 163.1 167.5 177.9 188.8 197.3 209.7 217.8 227.8 240 250.4 259.4 266.2 270.9 277.2 282.5 285.5 286.7 284.5 283.1 282.5 281.4 279.3 277.1 272.6 270 269.1 269.4 270 270.8 268.6 266.1 263.1 259.8 257.4 258.8 259.4 262.5 263.2 266 270.2 272.3 271.5 266.7 260.9 257.4 252.8 245 240.3 233.5 233.5
119.4 120.7 122.9 124.8 126.7 128.7 129.7 131.7 132.3 133.4 135.2 136.1 135.9 138.6 140.5 141.9 143.3 144.4 145.2 146 146.9 147 150 151.6 152.7 154.7 157.5 160.1 163.1 165 170.2 178.7 187.9 198.4 208.5 218.3 227.8 238.6 248.6 255.6 261.1 265.3 268.9 271 270.4 270.5 271.5 271.3 269.5 267.6 266.4 264.2 264.1 267.4 269.7 274.3 276.5 274.6 269.8 266.5 264.9 262.8 262.1 265.7 268.2 270.4 272.1 273.7 274.3 275.5 272.2 266.3 260.6 256.4 250.8 242.8 238.8 238.6 230.6
119.6 121.5 123.1 124.8 127 130.7 135.1 134.8 134.1 134.5 134.9 136.9 138 139.2 141.2 142.4 143.7 145 146.4 147.3 148.1 148.8 150.4 151.9 153.2 155.1 157.4 160.8 164.5 167.9 171.3 179.2 188 198.2 207.9 216.1 225.1 233.9 240.5 246 251.2 254.6 256.1 258.3 258.5 259.6 258.8 260.7 258.8 257.1 258.9 263.1 271.1 277.2 281.8 283.6 280.3 275.7 272 271.5 269.3 266.9 270.2 272.3 275 275.2 277 279.3 282.7 281.8 273.8 267.2 261.5 254.1 246.8 243.2 241.7 237.9 236.5
120.2 121.9 124.4 127 131.9 134.9 138.2 141.3 140.8 139.5 138.5 138.1 138.7 139.9 142.7 144.1 145.4 146.4 147.8 149 149.8 151 152.9 153.9 154.1 155.9 157.9 161.4 165.6 171.7 175.1 179.4 188.3 197.6 204.8 212.3 219.5 225.6 230.9 235 239.6 242.5 236.3 233.7 239.1 240.4 240 247.6 252.6 261.9 268.9 275.6 282.1 286.5 287.1 283.9 279.9 277.2 274.4 273 271.4 270.6 275 278 279.1 280.7 283.6 284.4 286.5 283.7 277.2 270 263.1 255.6 252 249.4 245.8 242 236.8
120.9 123.4 126.1 129.8 135.3 140.1 146 150 152.2 153.3 153.3 153.2 152.6 150.3 147.8 147.1 147.9 148.5 148.7 150.8 152.8 153.7 155.3 157.1 158.9 159.9 158.3 162.3 167 172.3 177.1 181.7 186.6 194.9 202 207.3 212.1 215.1 220.2 225.2 227.5 222.1 219 219.2 223.8 230.6 248.9 257 265 269.7 275.7 281.9 285.4 285.7 284.8 282.7 280.3 277.8 276.4 275.7 275.4 278 279.2 282.7 285.2 287.8 289.4 290.6 290.6 286.6 279.5 274.1 270.1 265 261.5 258.1 252.5 248.5 245.2
122.3 125.4 129 133.6 139.9 146.8 153.1 157.7 161.9 165.3 166.9 168.8 169.7 166.3 163.8 160.6 156.2 152.9 153.6 156.5 156.7 159.1 159.1 161.1 165.3 166.5 160.1 162.4 167.7 172.7 176.5 181.3 185.5 191 194.9 199.9 204.1 207.6 210.3 212.4 211.3 212.4 217.1 228 236.4 248.4 258.6 265.4 271.7 276.4 280 283 283.7 284 283.6 282.5 281.8 282.5 280.5 279.1 283.1 287.1 287.8 289.3 290 291.6 295.6 297 296.9 290.5 286.6 280.8 275.8 273 270.1 266 261 255 252.6
123.5 126.1 129.5 134.6 143 151.5 158.5 163.3 169.7 174.5 178.9 183.7 185.6 185.9 181.1 175.2 173.5 166.5 165.3 165.9 167.3 166.8 169.4 171.1 171.5 173.4 168.6 162.4 164.6 169.6 173.7 178.7 183.2 187.4 188.7 188.5 195.1 198.5 203.3 204.4 210.3 218.2 229.5 238.2 245.2 254.5 261.5 268 272.9 276.5 278.1 280.2 277.9 282.3 280.8 282.9 287.1 289.3 286.6 286.7 290.7 293.7 296.8 298.1 299.6 296.1 299.3 300.2 299.4 295.5 292.4 287.6 283.6 281.5 278.7 273.4 267.9 260.5 261.9
123.6 126.2 129.2 135.4 143.7 153.6 161.8 169.8 175.8 183.5 189.7 195.5 200.4 202.1 200.2 194.5 189.8 186.2 184.1 180.6 179.9 179.3 180.2 180.9 181.1 180.3 175.5 168.3 167.7 168.8 169.4 172.3 177.1 177.4 181.5 184.9 189.1 196.9 203.7 210.1 214.9 219.6 227.9 236.6 246.9 253.8 261.2 267.2 271.4 272.6 268.9 269.9 275.9 279.3 282 286.9 290.7 292.6 296.5 296.7 298 301.2 303.9 305 301.4 298.7 299.6 302.4 300 299 297.2 293.5 289.5 288.3 286 281 274.3 269.3 270
123.9 126.6 129.8 136.1 144.5 153.5 164.1 173.4 182.2 190.2 198 206.3 211.7 214.9 214.8 213.9 210.6 206.9 204.4 199.5 196 197.1 198.7 201.7 198.9 194.3 186.4 180.2 174.6 175.6 176.1 179.3 178.3 184.1 194 198 201 200.4 207.3 211 216.1 221.8 225.7 235.1 243.3 250.8 258.3 262.4 263.7 257.7 264.5 275.1 281.2 287.7 290.9 292.8 295.9 298.4 298.5 298.8 301.8 303.5 302.8 301.7 299.9 300.4 302.1 301.7 300.6 300.1 299.1 296.7 295.5 293.5 292.2 288.6 279.8 275.7 274.1
124.4 127.4 130.6 136.5 145.4 155.6 166 176.1 186 196 205.9 214.2 221.5 225.3 228.3 227.1 224.9 222.7 220 216.8 213.6 211.4 208.6 214.2 211.6 206.1 201 191.5 186.2 185.2 186.5 187.8 188.4 192.1 200.1 203.7 206 208.5 210 212.9 218.3 224.5 230.8 235.2 244.5 251.4 255.2 249.5 251.9 265.4 277 281.2 283.5 286.4 290.4 294.2 296.3 297.9 298.1 299 301.1 301.1 300.8 301.2 302.7 300.2 301.6 302.3 305.7 305.5 301.5 300 299.6 301.2 298.5 287.6 283 281 278.1
125.4 128 131.5 137.7 148.7 161.4 170.4 181.5 193.3 204.5 213.3 222.3 229.3 234.4 236.1 235.7 235.1 233.1 230.4 228.5 226.6 223.4 219.1 222.2 220.8 217.5 211.7 204.3 199.2 194.3 194.2 196.5 196.7 198.4 205 208 211.2 211.7 213.8 215.7 216 218.8 222.6 231.3 240.7 241.3 239.7 250.8 264.8 273.5 278 282.5 285.7 289.3 292 293.9 296.2 296.9 297.9 300.3 300.8 301.6 301.6 304.4 302.6 303.8 305.5 307.4 306.6 304.9 303.6 302.8 304.3 295 290.6 289.8 289.1 285.5 281.4
126.4 129.3 132.5 140.5 154.3 166.7 178.7 188.7 201.2 212.5 221.2 228.6 234.2 237.8 240.3 241 240.5 238.1 236.4 235.7 233.5 230.2 227.4 228.3 227.9 223.9 219.3 213.4 209.4 207.2 205.8 206.2 206.1 205.9 213.2 217.8 220.1 217.9 220.8 219.7 222.1 224.8 230.3 230.4 233 239.6 247.8 256.9 266.9 272.6 278.7 282.7 285.6 287 290.7 293.2 295 296.5 297.4 299.7 301 302.7 302.9 303.9 304.9 306.8 307.6 308.5 307.6 305.8 305 302.7 299.1 295.1 293.1 293.7 292.4 290.2 285.7
128.3 131.4 136.5 152 164.4 176.8 187.6 199.3 209.4 218.7 226.3 232.4 237.1 240.8 243.5 244.6 243.6 242.8 241.5 240.2 238.5 236.7 233.3 231.3 233.6 231.6 229.1 225.3 222.6 221.9 221.7 224.6 224.8 221.3 227.1 236.4 235.5 235.6 235.9 234.2 229.8 229.5 233.6 237.2 243 250.5 256.6 262 268.7 274.1 279.5 283.1 284.7 286.1 289 292.1 292.6 294.1 295.4 300.9 302.5 303.9 303.9 305.6 307.1 308.1 309 310.3 311.5 308.1 306.8 301.6 299 296.3 295.4 293.5 292.6 289.7 287.5
129.3 133.7 145.5 162.2 176.2 188.8 197.9 207 216.7 223.6 231.1 236.6 240.5 243.8 246.8 247.7 247.9 246.8 245.6 244 241.9 239 236.6 235.8 237.6 237.8 236.4 234.8 234.9 234.9 238.9 241.8 244.7 243.3 241.5 248.8 252 252.1 252.3 251.1 246.7 239.1 244.7 252 260.4 264.2 268.8 272.2 276.2 280 280.1 281.6 283.1 284.9 287 288.3 289.8 292 294.5 298.5 302.3 305.1 307.6 306.7 308.5 309.5 310.3 312.1 312.2 308.6 303.4 299.8 296.9 294.7 292.5 291 289 286.6 284.8
132.7 143.1 161.4 176.9 189.1 202.5 214.7 220.7 225.7 229.6 235.5 239.9 245.2 249.3 252.2 252.5 251.6 249.8 247.4 245.8 242.8 239.1 237.9 238.6 240.7 241.7 242.4 243.8 245.5 247.1 250 253.3 255.8 258.3 259.6 265.1 266.7 266.3 266.4 263.8 260.5 264.1 268.2 275.2 279.7 276.7 279.9 279.4 280.7 280 279.1 279.8 281.5 282.5 283.2 285 287.3 290.5 294 298.8 302.6 304.7 305.3 308 309.7 311 312 313.5 311.7 307.8 300.1 298.5 293.8 288 282.6 281.4 281.2 284.1 284.8
142.3 157.6 175.3 196.5 213.8 223.3 228.4 230.6 231.5 233.9 238.6 243.1 250.4 255.3 257.6 256.9 254.7 252.3 249.1 246.2 240.9 238.4 238.4 240.7 242.9 245.1 247.4 250 252.4 253.6 257.2 260.3 262.8 263.9 266.3 269 271.1 272.3 272.9 274.1 276.2 278.9 281.3 285.1 285.7 284.8 283.3 280.7 279 277.6 277 277.5 279.3 279.4 279.9 280.4 284.5 289.1 292.3 295.7 300.3 303.2 304.5 308.2 310.6 311.9 313.5 311.4 308.1 300.4 291.6 286.7 283.7 281.7 278.9 281.2 283.1 284.3 283.1
158 173.8 196.2 217.3 229 236.5 240 241.1 240.6 243 247 250.7 255.1 259.4 260.8 260.1 258.2 255.4 249.9 241.6 235.8 236.3 237.9 240.4 243.8 247.5 252.4 253.8 255.9 258.4 262.3 265.7 266.7 268.7 271 273.2 274.2 275.6 278.1 282.4 286.8 289.3 289.7 289.6 288.9 287.4 284.4 280.8 276.8 273.6 273.1 273.8 274.5 275.5 276 278.4 282.5 286.5 290.3 294.3 297.5 301.4 306.1 309.6 310.4 307.6 306 304.1 296.3 292.8 292.9 287.7 281.5 275.1 271 274.9 278.8 279.9 279
171.5 195.4 214 229 240.7 248.5 253.4 253 252.3 254 256.1 258 259 260.5 261.5 262.2 261.6 254.8 246.7 233.7 232.2 232.2 235.9 240.3 245.4 249 252.2 255.6 258.7 262.3 265.8 268.3 270.3 274.6 275.3 275.7 278 279.7 283 287.1 291.1 292.9 293.8 292.6 289.8 287 283.1 278.7 273.2 271.1 269.9 268.7 269.8 271 274.6 276.5 279.2 284 288.8 292 294.4 296 296.1 296.9 297.6 299 299.2 296.3 294.9 294.1 293.4 285.5 276.7 265 258.1 265.9 269 268.8 265.6
188.9 212.1 229.4 244 255.9 261.2 262.7 261.8 261.9 262.3 263.2 263.8 263.3 262.7 264 263.8 257.6 249.6 239.5 228.6 225 229.9 234.6 239.4 244 247.9 252.1 256.2 260.1 263.3 266.7 270.6 273.8 275.5 275.6 277.5 279.3 282.4 286.2 290 292.9 294.6 294.7 293.3 289.4 285.1 280.1 274.9 270.7 266.5 262.4 260.6 261.3 266.6 269.2 272.4 276.7 281.6 286 285.9 286.7 290.5 292.2 294.7 296.9 298.7 298.3 296.9 296.3 294.4 289.5 284.4 273.5 259.7 245.6 249.8 250.7 246.4 242.2
203.4 227.5 245.3 258.2 264 265.1 267.2 266.8 267.1 266.1 267.2 267.8 266.5 265.9 262.9 257.8 251.3 242.8 233 224.7 214.5 227 231.8 236.7 241.1 245.6 250.6 255.3 260.6 263.1 266.7 269.6 271.1 274.5 276.9 279.2 281.9 285.1 288 290.4 292.2 293.5 291.6 291.4 289.1 284.8 279.9 272 261.8 256.2 251 251.7 258.1 262.3 265.6 268.4 270.6 273 273.6 278.2 283.8 287.9 291.9 295.8 298.5 302 300.4 297.7 294.8 292.3 289.6 281.6 266.3 252.1 237.5 230 228.6 225.9 220.3
217.7 240.3 254.7 260.1 261.3 265 267.1 266.2 266.6 268.2 269.8 268.4 265.7 261.5 256.6 250.3 242.3 234.6 227 218.5 206 219.5 228.4 233.3 238.2 242.9 248.1 253.4 257.8 260.2 263 265 269.5 273.7 277 280.7 284.1 287 287.5 287 287.5 287.2 288.6 291.4 289.7 286.6 278.3 263.4 250.6 248 246.4 248 255.5 260.4 261.9 263.5 265.7 268.9 273.3 276.6 283.7 290.1 295.7 297.8 297.6 298.7 295.9 296.3 297.7 296.6 290.7 280.1 262.4 245.5 234.4 222 214.3 212 205.8
221.2 240.6 252.2 256.8 256.4 259.6 262.1 264 266.9 266.5 265.6 263.1 258.7 253.1 248.1 240.9 232.1 225.8 220.8 209.6 197.5 208.4 222.3 229.5 234.8 240.1 244.8 248.7 252.5 255.3 259.1 263.2 268.6 273.8 278 280.5 281.9 283.1 284.7 286.9 287.5 287.3 291 292.2 287.9 280.2 265.1 252.2 245.7 243.9 242.5 246.1 251.2 255.4 258 261.8 266.5 269.9 273.9 279.1 284.7 290.4 293 294 296.6 299.1 300.6 304.4 304.1 301.2 291.8 279.8 266.8 258.7 250.5 241.4 230.3 219.5 207
223.4 239.5 247.8 250.1 251.7 255.1 258.1 261.9 261.8 261.5 258.7 254.4 248.4 243.8 238.6 229.9 222.7 217.8 213.1 203.3 193.5 201.6 219 225.4 230 234.1 238.1 240.9 244.6 250.9 256.9 262.9 269.6 273.6 275.5 276.2 277.3 278.5 280.8 283.8 287.6 289.5 287.8 285.5 276.4 264.6 253.4 239.1 238.3 238.6 236.5 245.2 249.7 255.1 259.4 264.1 269.5 273.1 274.7 280 286.5 291.7 294.5 296.6 297.9 299.4 302.8 305.6 305.3 304.5 299 287.4 277.9 275.9 273.2 260.5 252.8 243.4 229.8
231.8 238.4 240.4 241.9 245.3 250.2 252.1 254.8 254.3 251.7 248.2 243.9 239.4 232.9 225.8 218.2 213.2 209 202.1 196.1 188.9 196.5 211.5 217.9 220.8 225.1 227.2 229.8 242.2 249.9 257.1 262.5 266.4 269.2 271.5 273.2 274 276 279.1 283.6 285.2 285.1 282.8 278.1 270.8 257.5 237.2 234.1 234.3 227.7 240.4 247.2 254.7 258.9 260.6 266.1 270.2 272.1 278.1 283.4 288.3 289.4 291.3 292.7 292.3 296.2 302.9 307.1 308.9 308.1 303.7 297.4 292.5 290.1 286.5 280.2 276.7 264.3 250.1
232.6 230.5 231.8 234.1 237.5 242.6 243.9 245 244.1 242.1 238.6 234.8 228.5 219.4 211.2 204.4 199.9 194 189.4 188 187.4 195.1 203.3 202.2 205.4 209.8 220.7 231.5 240.9 248.8 254.7 258.9 262.3 265.2 268.7 270.9 273.8 278.6 281.9 283.4 282.8 282.2 281.7 278.2 258.4 241.6 228.1 228.9 229.7 224.6 243.5 251.9 256.2 259.3 261.5 264.7 269.5 273.8 277.6 280.1 281 281.7 283.1 281.8 288.5 299.3 304.6 308.1 309.3 308 305.5 299 296.3 292.9 291 290.9 283.9 274.9 265.8
221.7 221.1 222.9 226.2 230.1 234.4 235.7 235.7 234.9 232.4 226.8 217.3 208.5 197.9 190.4 187.4 183.2 183.9 182.8 181.5 185.9 189.1 189.9 193.7 200.3 208.5 220.7 229.7 238.7 246.4 251.3 256.1 259.5 263.9 267.6 272.7 277.4 280.8 282.8 282.9 282.5 282 279.8 267.9 247.5 225.7 220.2 220.4 221.2 229.9 244.2 249.4 253.7 257.5 261 264.6 268.2 271.7 275 277 276.2 270.6 266 262 279.3 291.2 299.6 300.3 300.7 298.2 295.8 297.3 304.7 300.1 295.7 289.1 280.2 272 263.5
209.9 209.9 213 217.4 222.5 226.4 227.3 228 225.8 215.8 201.9 193.4 185.7 179.6 176.3 175.8 176.1 177.4 179 180.9 183.2 185.4 187.8 191.9 200.8 212.3 220.1 229.2 236.7 242.6 249.3 255.6 261.5 265.8 269.7 274.2 278.8 281 282.3 283.3 281.8 280 269.2 249.5 234.9 219 214.1 216.9 212 233 242.7 245.1 249.2 252.5 257.6 260.4 263.2 268.6 270.7 265.1 254.4 247.7 241 242.5 260.8 268.9 272.2 274.8 277.9 279.6 281.8 288 297.2 297.7 293.7 287.5 276 267.6 258.7
201.8 196.2 197.6 208.8 214.4 218.4 220.1 219.1 205.4 190.4 179.2 174.4 171.9 169.2 170 170.9 173.5 173.8 174.8 178.3 180.7 183.4 185.9 188.8 195.8 203.2 211.9 225.9 233 243.2 251.6 257.8 264.1 268.5 274.4 277.9 280.4 281.3 281.1 281 272 262.7 254.1 239.2 226.7 211.3 209.2 211.9 213.8 227 234.6 239.4 243.5 246.2 247.7 247 248.7 249.3 241.4 236 231.4 225.5 222.2 228.1 238.9 241.7 244.4 246.4 249.8 252.8 257 266.3 274.9 281.1 284.6 284.8 276.5 264.9 252.8
192.8 182.4 182.6 195.1 204.4 208.2 207.3 195.5 184.1 170.5 166 165.2 164.7 165.4 166.2 168 170.3 171.2 173.3 176.2 178.7 181.5 183.8 187.8 191.7 195.6 204.5 224.8 238.7 249.2 256.8 263.4 268.7 273.3 279 282.8 283.2 278.9 268.7 259.3 250.4 242.9 235.5 226 212.8 204.5 205 206.3 211.6 223.5 229.9 234.5 238.1 241.4 237.3 229.2 223.6 221.9 218.7 214.6 210.2 205 201.3 205.5 212.3 217.6 220.9 223.2 224.8 229.3 235.7 246.6 256.4 262.7 270.8 277.8 271.6 257.8 242.4
181.1 168.4 165.9 183 190.9 188.7 182.5 174.5 165.8 159.4 159.8 161.1 160.8 163 165.4 165.9 168.2 168.8 171.7 174.3 175.9 179.9 184.5 188.2 193.9 207.5 222.6 238.4 250.4 260.3 265.3 268.6 271.2 276.5 279.5 281.2 271.1 258.1 247 237.9 227.1 217.7 211.7 205.2 198.6 199.9 200.9 197.7 208.4 221.1 228.4 232.8 235.2 234.1 222.9 210 206.7 204.2 199.6 191.3 187.4 186.7 186.2 188.1 191.9 195.9 198.4 201 204.2 208 217.4 226.8 235.9 243.9 253.5 260.1 257.1 247.1 233
170.4 160.5 156 167.4 170.1 167.6 162.6 156.6 154.9 154.4 155.9 157.4 158.4 160.3 164.6 167.6 164.9 167.8 170.8 174.8 178.3 183.6 191.1 205 217.8 229.3 240.2 252.3 260.3 269.2 271.6 270.9 271.6 273.8 270.4 262.6 254.8 239.9 229.3 215.4 205.9 196.6 194 191.3 193.1 195.5 197.2 191.7 207.4 222 228.3 231.3 229.3 222.5 213.7 198.1 185.6 183.7 179.2 174.8 173 173.4 175.1 175.8 175.7 179.8 183.1 186.8 188 193.2 201.6 210.8 218.9 232.3 243 245.8 245 241.1 231.9
