public/OST50/SN64.asc
ncols 200
nrows 200
xllcorner 260000
yllcorner 240000
cellsize 50
[rows 0 to 34 of 200, columns 78 to 155 of 200]
272.8 271.3 266.7 264.1 262.8 264.2 263.6 264.8 269.3 275.5 278.6 281.4 283.6 287.8 289.3 292.8 296.3 301.1 304.5 308.6 312.9 315.7 320.7 324.2 327.3 330.7 334.5 338.9 343.5 346.8 349.7 352.7 356.2 359.8 364.3 367.6 371.8 374.7 378.8 384.1 391.8 408.2 425.2 441.2 451.3 457.6 456 454 450.9 451 457.8 466.1 469.1 470.9 471.3 466.8 458.6 450.7 450.2 452.2 453.1 450.8 446.3 444.4 443 439.7 437.5 436.4 434.9 431.7 424.6 416 403.5 385.9 363.4 342.2 322.7 312.4
277.1 276.5 274.7 270.6 268.3 268.2 271 272.8 272.4 273 279.8 283.4 285.3 287.8 289.2 292.2 296.7 300.8 304.3 308.7 312.9 316.8 319.2 324 327 330.1 334 337.6 341.4 344.5 349.2 352.4 355.8 359.9 364.1 368.2 371.8 376.3 381.2 388.6 401 417.4 431.1 445.3 451.1 455.6 451.4 449 448.1 455.1 464.1 467.5 473.2 473.7 468 460.6 452.8 448.2 448.4 450.1 450.7 445.7 440 439.4 438.4 438.1 437.6 436.4 432.9 422.4 412.1 401.4 387.6 368.7 352.1 335.9 320.5 309.3
282.6 281.5 280.6 277.6 274.9 275.1 275.5 276.3 276.6 277.2 276.9 283 286.9 288.2 289.8 293.2 297.3 300.4 304.3 308.1 311.7 315.6 319.9 322.6 327 330.9 334.7 338 341.1 344.3 348.2 351.7 356.9 360.2 364.4 368.3 371.5 377.3 383.4 394.6 407.3 422.3 433.9 442.4 448.6 448.8 446.5 444.4 450.5 457.3 463.4 467.5 470.9 466.4 457 449.4 450 450.3 447.7 447.8 439.8 438 435.6 435.6 436 437.1 436.7 430.8 419.8 409.8 397.2 382.3 364.2 352.8 339.1 323.2 310.8 299.3
287.5 287 287.4 285.3 283.6 281 280.8 280.4 280.3 280.2 280.1 279.9 286.5 288.8 291 294.9 298.4 301.3 304.7 307.5 310.8 315 319.5 323.2 327.4 331 334.4 337.9 341.8 345.5 349.6 353.6 357.1 360.7 364.3 366.5 371.8 379.6 386 398 411.3 425 430.1 437.6 441.3 441.1 439.5 443.5 450.2 456.4 461.7 464.7 460 450.6 446.5 445.7 446.6 442.3 439.7 437.5 435 432.8 432.4 433.8 435.3 435.5 428.6 420.6 407.2 393.5 375.5 357.7 344.7 335.7 324 307.5 298.7 286.9
291.6 292.4 292.3 293.2 292.2 289.1 287.2 285.8 285.5 285.3 285.1 283.6 283.4 288.8 291.9 294.8 297.8 300.6 303.7 306.9 311.4 315.2 318.2 321.7 327.4 330.6 333.8 337.9 342.3 346.3 350.2 354.2 357.4 360.3 363.4 366.7 372.4 379.5 386.9 398.6 407.7 415.6 422.1 428.3 429 429.4 436.1 445.4 451.3 455.8 460.6 456.8 449.8 445.8 444.3 442.4 440.7 438.7 437.7 434.2 430.2 429.7 431 432.6 429.1 424.2 416.3 405.3 390.5 370.3 354.5 341.8 324.9 317.5 305.4 293.2 283.3 274.1
294.7 295.8 296.3 297.8 297.1 295.7 292.4 289.9 289.1 289.1 288.9 288.9 289.7 290.7 292.6 296.2 298.7 301.6 304.9 307.2 310.8 314.5 318.6 321.8 325.9 329.9 332.5 337 342.2 346.4 350.5 352.7 358.1 360.9 363.7 368.4 375.1 383.1 391.7 399.2 405.3 410.9 416 420.8 422.7 428.6 441.6 447.7 448.9 453.4 454 450.9 445 444.7 444.8 440.8 437.2 436.4 432.6 428 426.3 427.5 427.2 422.9 420.9 417.1 407.8 389.5 367.8 352.5 337.6 327.4 308.2 299.9 289.7 277.6 269.6 265
297.7 299.5 301.2 301.5 302.1 300.1 297.8 294.3 292.6 292.1 292 292 292.5 293.4 295 296.3 299.1 301.8 304.3 307.2 310.4 314.7 317.8 321.6 324.8 328.8 332.1 335.5 339.8 345.9 349.4 353.4 358.2 361.4 365.7 370.8 380.8 391.6 396.1 399.6 404.9 410.2 413.9 418 424.2 436.8 444.7 447.5 446.8 449.9 448.7 444.6 439.6 438.8 434.3 433.8 434 430.9 423.8 420.2 418.9 418.5 417.1 418 412.3 403.5 388.8 367 352 336.1 320.1 307.7 295.8 285.4 277 266.7 261.3 257.9
304.5 304.9 307.3 307.1 305.7 304.3 301.5 298 295.7 295 295 295.9 296.6 296.9 296.6 298.9 300.2 302.3 304.3 307.1 309.8 312.6 316.6 319.9 323.9 327.5 331.1 335.1 339.8 345.2 349.7 353.3 358.2 362.5 367.3 377.4 390.1 398.4 402.6 402.5 406.2 410 412.3 418.5 426.6 435.9 440.6 441.1 439.7 438.9 433.1 429.1 430.4 431.2 430.3 429 426.2 419.1 414.1 407.6 401.7 406.5 405.3 399.7 394.9 385 365.7 349.7 335.3 318.7 305.2 292.9 281.3 275.6 266.6 258.4 254.2 252.1
311.1 312.8 312.8 311.5 310.5 308.7 305.3 302.3 300.3 299.6 300 300 300.5 300.1 300.9 303.1 303.7 303.9 305.2 307.4 309 313.3 316.6 319 321.7 325.7 330.1 334.6 339.4 344.5 349.2 353.5 357.7 362.5 371 383.5 393.7 400.9 403.9 407.4 411.3 410.3 412.3 418.2 427.5 431.4 433 434.4 429.9 427.1 427.3 428 428.4 427.8 424.9 417.3 414.2 409.8 402.3 390.8 370.5 384.9 384 383.6 375.8 360.6 346.2 332.5 317 302.9 291.3 279.2 269.8 265 258.1 253.5 250.1 248.3
316.8 317.7 315.9 314 313.9 312.5 309.4 307 304 303.5 301.7 302.7 303.8 304 304 304.7 306.1 306.3 308 308.4 310.4 313.1 315.6 318.6 321.1 325.1 329.5 333.6 337.9 342.1 347.4 352.1 357.4 362.6 372.4 383.1 392.5 399 405.8 411.6 413.4 409.9 415.8 424.3 429.5 433.1 430.4 428.8 427.1 427.1 427.5 428.3 428.3 421.8 415.4 409.4 405.3 397.5 385.4 370.7 351.2 357.1 362.7 361.4 352.3 342.3 329.2 315.2 302.5 289.5 279.2 271.5 264.1 256.5 253.2 248.4 246.7 246.5
321.9 321.3 320.6 318.9 317.5 316 313.6 311.4 308 307.6 306.4 307.2 307.6 307.5 306.5 307.9 308.3 308.3 310.4 311.2 314.4 314.1 317.1 319.3 321.5 325.6 328.9 332.2 335.8 339.9 345.1 350.9 355.7 361.5 370.1 380.3 386.7 394.4 402.1 411.4 407.9 408.1 418.8 427.7 431.4 431.4 430.6 428.5 427.4 426.1 426.3 424.7 416.7 409 407 404.8 394 385.8 375.8 358.9 337.7 333.3 333.2 338.3 333.9 325 312.6 298.1 287.7 276.2 269.4 263.1 257.8 252.4 248.5 245.2 245.1 245.5
323.8 324.8 326.1 324.8 323.7 321.6 318 315.4 312.7 310.6 310.8 311 311.2 311.5 311.4 311 311.8 312.1 312.6 313.5 315.4 317.6 319.6 321.2 323.2 326 328.4 331.1 333.4 337.5 343.1 348.8 353.3 359.6 369.3 376.8 380 388.1 397.2 403.8 405.8 412.5 420.2 428.1 431.9 432.4 432 432.3 427.2 422.3 416.6 410.7 406 402.5 396.1 390.6 388.1 385.2 374.8 355.5 332.4 316 314.8 311 310.9 304.5 294.7 282.7 271.6 265.6 259.9 256.6 251.6 247.8 245.2 244 243.9 244.7
326.8 327.7 329.6 329.6 327.8 325.3 322.7 318.8 314.3 314.1 315.6 315.5 314.6 313.9 314.3 314.5 314.9 314.9 316.8 316.8 317.3 320.1 321.3 323.3 325.5 327.6 329.1 330.8 332.2 335.4 339.9 345.1 350 358 366.4 369.6 375.7 384.7 394.3 399.5 407.5 412.8 418.7 429.7 433.3 437.5 436.4 432.2 425.8 418.4 412.6 401.5 399.6 395.3 386.2 385.4 384.9 382.3 372.1 345 323.9 311.8 290.3 297.3 293.1 286.5 277.2 268.6 263.7 258.3 254.3 250.9 246.4 244.3 242.5 243.8 243.4 244.3
328 330.1 331.2 330.2 328.6 327.7 326.1 321.5 317.9 318.5 319 319 319.4 317.4 316.8 317.4 318.1 318.2 319 320.3 321.4 322.3 323.9 325.2 327.2 328.9 330 329.8 332.1 334.5 338.3 341.3 344.8 349.6 354.5 362.7 372.4 382.1 390.4 398.4 406.3 408.9 412.8 424.8 429.5 432.4 434.1 429.6 422.5 416.8 406.4 397.2 391.4 382.1 381.1 383 385 379.5 364.9 338.4 316.2 303.1 292.5 285.9 280.9 271.7 265.1 261.4 256.7 252.7 249.3 246.8 243.6 241 241.5 242 242.9 244.1
330.7 331.3 331.9 330.8 329.6 328.4 327.4 324 321.5 321.2 321.3 322 323.4 322.4 321.4 321.8 322.1 322 322.4 323.4 323.8 325 325.8 327 328.3 330.6 331 331.3 331.8 333.8 336.9 339.4 341.9 344.9 350.7 356.1 369.3 382.3 391.6 398.4 404.5 407.7 408.7 413.4 421.7 426 428.5 426.4 418.9 410.9 396.2 389.9 380.4 376.7 378.9 381.2 378.9 370.1 352.5 327.7 306.8 294.2 285.5 268.4 268.8 262.3 257.3 253.5 250.9 248.4 245.2 243.6 240.5 240.6 240.4 241.6 242.7 243.7
331.5 332.2 332.7 332.4 331.5 329.4 328.7 326.6 325 325.1 324.9 325.2 325.6 325.5 324.5 324.9 325.1 324.9 323.7 324.2 326.2 327.1 328.7 330 331.7 332.5 332.6 333 332.6 334.4 335.8 337.8 340.1 342.8 346.9 354.2 367.3 381.2 395 401.2 406.7 407.4 408.3 410.7 419.3 424.2 423.7 420.9 416.2 400.1 388 380.7 372.8 374.5 376.3 377.2 368.7 358.9 339.2 315.7 295 282.5 273.3 259.2 257.6 255.3 250 248.8 245.9 243.7 241.7 240.2 239.8 240.4 240.8 241.4 242.8 243.7
332.1 333 333.6 334.4 333.5 332.2 330.9 330.3 329.1 329.4 329.2 328.9 328.9 328.7 327.9 327.4 327.1 327.3 327.1 327.9 329 330.2 332 333.3 334.3 335.4 335.6 334.6 334.9 334.9 335.9 337.5 339.5 340.6 343.1 352.4 369.6 384.7 398.7 410 410.8 411.1 411.8 411.7 414.2 417.5 416.8 416.5 403.1 389.2 377.3 368.3 366.5 370.4 372.3 369 356.7 339.8 317.4 295.8 274.9 266.9 260.8 254.4 250.2 248.7 245.6 244.2 241.8 239.9 239 238.8 239.1 239.5 240.5 241.5 243.7 249.2
333.3 334.2 334.6 335.8 337 337.1 335.5 333.9 332.9 333.4 333.9 333.8 333.7 332.8 332 331.4 331.1 331.1 330.1 329.7 330.9 333 334.9 337.6 339.3 340.1 341.3 340.3 337.5 335.8 336.2 337.1 338.1 338.6 342 353.8 370.7 387.7 405.1 414.9 413.2 413.1 412.1 411.9 413.2 415.5 412.5 407.5 392.1 382.1 369 360.1 360.6 360.9 357.9 348.5 333.1 312.9 293 272.4 260.1 254.8 251 247.4 244.9 243.6 241.1 240.5 238.4 237.6 237.9 238.1 238.4 239.3 238.9 242.1 249.6 262
333.1 334.3 335.7 336.8 338.3 338.7 338.7 338.8 338.4 339.8 340.3 339.7 338.6 337.3 335.7 334.1 333.4 332.6 332.3 331.7 333.4 335.5 337.4 340.2 343.6 347.3 350.9 347.1 343.4 338.8 336.8 336.7 338.2 339.6 344.2 359.1 374.6 391.4 409.6 419 418.8 413.7 415.6 415.5 412.5 411.3 409.2 400.1 383.9 375.4 356.5 349.4 343.3 339.3 333.4 323.9 306.4 288.4 270.5 256.7 247.5 244.8 242.3 240.7 240.6 239 237.9 236.9 236.8 237 237.4 237.8 238.5 238.9 241.5 247.7 260.5 276.7
330.8 333.4 333.8 335.4 338.1 339.4 340.2 341.2 343 344.6 345 344 342.8 341.2 338.4 336.4 335.2 334.3 333 332.8 334.2 336.6 339.3 343 347.9 351.9 356.1 356.1 353.2 345.9 340.1 338.5 339 342.6 352.6 367 379.8 393.7 410.6 417.7 419.8 416.9 415.6 412.1 408.9 407.8 404.4 390.9 380.2 365 349.4 334.7 322 318.6 310.2 297.9 280.5 264.1 251.3 243.3 238.6 237.8 237.3 235.7 236.2 236.2 235.1 235.6 236.2 236.8 237.1 237.8 238.7 239.9 246.3 257.6 275.8 285
328.5 331.6 333.2 334.4 337.8 340.2 341.4 343.5 346.6 348 349.5 347.9 346 343.4 341.1 337.8 335.8 333.8 333.1 333.1 334.8 337.7 340.7 345.9 353.8 358.4 361.5 360.7 357.5 350 345.9 344.6 344.8 353.3 361.8 373.9 384.8 393.2 408.4 411.8 414 414.1 413.2 410.8 404.2 402.8 393.8 384.2 373.1 354.9 342.2 323.4 306.3 295.4 285.4 272 256.6 247.2 239.7 234 233.5 233 232.3 233.9 233.4 233.7 235.1 235.8 236.1 236.6 237.2 238.4 240.6 243.8 253.4 268.2 281.6 293.3
327 330.7 333.5 334.4 339.5 343.4 346.4 347.8 350.3 352.6 353.8 352.1 349.1 345.7 341.6 338.4 335 333.9 333.3 333.8 335.7 338.3 343.2 351.9 359.8 365 368.5 368.4 363.5 356.5 355 359.3 364.4 366.8 371.4 381 393.9 396.2 400.6 404.8 409.1 410.4 410.2 406.8 400.8 398.7 386.3 379.8 366.3 353.7 339.3 315.5 294.5 270.8 263.3 251.8 242.8 236.8 233.3 231.3 231.7 231 232.5 234.6 236.5 236.4 236.5 235.3 235.6 235.9 237.4 239.4 244.7 251 266.3 282.8 299 310.8
324.5 328.7 332 336.2 341.4 345.7 349.9 352.6 355.3 357.4 357.5 355.8 351.5 346.7 340.4 338 336.4 335.1 334.8 335.3 337.5 341.5 348.8 359.4 367.8 373.6 374.3 374.7 365.7 360.9 361.5 367.6 373.6 374.5 378.9 388.3 394.6 401 399 401 405.2 407 405.8 401.7 399.3 388 382.8 376.4 361.7 352.5 328.1 301.4 279.9 260.1 245.5 240.9 234.6 232.1 230.8 231.3 230.2 232.1 234.3 236.7 237.5 237.9 237.6 237.6 237.1 237.8 239.6 246.4 252.9 266.7 287.9 304.5 322.8 338.1
320.1 324.1 328.4 333.7 340.1 345.8 351.2 355.6 357.7 359.4 359.5 358.6 354.4 347.6 341.8 340 338.5 337.4 337 338.1 340.5 347.5 358.9 369.4 379.1 382 380.9 377.4 368.7 365.7 366.2 372.6 375.3 377.3 384.4 392.3 396.4 400.7 401.3 401.9 405.2 407.8 400.6 397.4 389.5 383.1 376.2 367.4 358.7 331.4 307.2 284.6 266.1 248.7 239.1 234.7 232.9 230.1 229.6 232 234.4 234.4 236.1 237.9 239.1 239.6 239.9 240.7 242.3 242.1 248 257 269.2 284.1 305 321.7 340.3 353
314.9 319.8 324.8 331.1 338.3 345.1 351.5 355.8 358.5 359.7 360.5 360.3 356.6 350.9 344.5 341.6 340.5 340 339.6 341.3 345.3 356.3 367.9 378.7 387.1 388.7 386.1 380.9 372.9 371.7 371.5 375 376.1 379.1 389.2 398 400.7 400.5 401 402.2 405.8 403.1 399.2 390.8 384.8 379.2 366.9 355.7 330.5 308.5 286.3 268.8 250.7 240 232.1 231 229.1 229.9 229.6 235 237.2 239.1 240.7 240.6 241.1 242.6 243.3 246.7 249.1 253.3 260.8 273.2 287.3 299.7 320.7 333.7 352.2 365
309.6 314.9 321 329.2 337.6 345.9 352.1 355.7 359.1 359.8 360.7 360.7 358.6 353.3 346.8 344 343.1 343 343.2 345.5 352.8 362.7 375.2 386.9 392.2 393.5 388.5 382.8 380 376.9 374.4 375.5 376.8 381.1 390.9 400.4 399.6 400.4 400.9 401.1 396.8 396.2 391.1 384.9 381.5 369.6 354.6 329.7 307.9 287.8 268.1 252.2 240 231 229.5 228.7 229.5 230.2 232.6 236.6 239.2 241.5 243 244.4 246.1 246.4 249.1 253.3 258 267.1 277.5 293.5 305 316.6 331.7 346.2 363.3 375.1
304.8 310.1 317.2 326.5 335.4 345.3 350.1 353.9 357.3 359.2 360.2 360 357.9 354.5 350.6 347.6 346.8 346.4 347.3 350.1 359.6 369.3 382.9 393.2 395.8 396.2 391.1 388.1 385.7 377.4 376.8 377.8 379.2 384.4 391.3 396.5 398.1 398.9 399.8 396.4 395.1 387.7 381.5 377.4 368.1 360.6 343.4 313.5 288.8 270.5 252.3 240.3 231.7 228.1 228.5 229.2 228.6 232.3 236 239.1 242.4 243.5 246.6 251.3 250.5 250.3 255.2 262.7 270.9 280.9 296 309.4 315.8 328.2 342.7 357.4 373.2 383.1
299.4 305.5 314 323.3 333.2 341.2 346.2 350 353.4 357 357.7 357.6 356.1 354.5 354.2 355.4 353.8 352.8 354.4 359 367.5 380.4 392.4 398.9 400.3 398.3 395.7 391.2 387.3 379.7 378.1 382.8 385.4 387.5 394.4 396.1 397.7 395.7 394.3 394 386.5 376.6 372.1 366 362.2 349.3 323.9 298.3 274.2 252.7 242.2 232 229.1 227.2 227.2 228.3 230.5 234.5 238.9 242.9 244.6 248 252.1 254.1 254.3 255.9 262.9 271.4 281.7 294.7 307.6 317.4 326.2 342.6 357.1 368.8 380.4 387.4
295.3 301.2 310.1 319.4 327.1 333 338.4 343.6 347.2 350.8 353.5 353.8 353.7 355.2 358.1 359.5 360.9 364 363.7 368.6 379 391.4 399.4 403.1 404.3 403.4 401.5 394.7 387.2 381.2 381 385.6 386.5 387.4 389.4 393.3 394.8 393.5 393.2 386.2 374.3 370.4 364.3 355.9 345.5 321.2 298.7 276.5 255.2 241.3 233.8 229.4 227.3 227.7 228 228.6 233.3 237.7 239.5 245.3 249.5 252.8 255.8 257.1 259.6 261.1 270.7 281.2 293.8 305.4 314.9 328.6 344.1 357.8 367.1 376.3 384.2 382.5
293.6 296.9 305.1 312.4 318.2 325 330.4 336.3 341.2 344.8 347 349.4 351.6 355.6 359.3 362.7 367.6 367.8 369.8 378.3 392.6 401.8 409.2 408.9 409.5 410.2 403.1 396.2 389 383.6 384.8 385.8 386.3 387.7 388.8 390.3 391.2 390.6 383.9 376.1 369.9 359.8 351 329.7 312.2 294.5 274.5 255.7 239.6 230.1 228.7 227.9 225.5 226.3 228.5 229.9 235.8 240.2 243.7 247.2 252.5 256.3 259.5 260.5 264.6 270.5 281.7 291.9 305.4 314.9 327.7 346.2 359.4 370.2 376.8 382.3 381.3 378.1
295 297.3 300 305.8 311.1 316.1 321.7 327.7 332.9 338.1 342.2 347.4 351.3 356.5 360.3 365.6 368.3 371 381.8 391.9 402.6 408.7 411.8 412.5 412.6 408.8 403.3 396.3 390 388.2 388.1 386.2 386.4 389 391.7 391 390 385.1 376.5 368.2 355.4 344.5 323.8 303.4 283.9 269.8 253.8 239.7 231 227 226.2 226.4 227.3 229.2 229.5 231.8 237.2 240.8 245.1 250 253.7 259.2 262.9 268 274.8 284.6 293.5 302.1 316.2 326.8 345.1 360.8 372.6 380.9 384.3 383.7 379 373.6
294.1 297.7 299.2 303 307.4 311.2 314.4 319.4 325.5 331 338.5 345.3 351.4 357.2 364.2 366.8 371.3 381.7 394.6 404.2 408.1 410.1 413.2 415.3 412.3 407.7 403.3 394 389.6 392 391.7 387.5 387.4 389.6 391.5 390 387.7 374.7 364.5 348.5 340.3 316.4 296.8 278.5 263.3 251.8 238.6 231.9 227.9 225.7 227 228.2 230.1 231.7 234.4 238.2 238.3 243 249 256.2 259 265.8 269.8 276.1 286.1 294.2 302 309.3 323.4 343.5 360.6 373.5 380.9 384.8 385.3 382.3 375.4 370.7
291 295.3 297.6 301.7 305.7 308.5 310.2 313.6 318.5 324 333.2 341.8 349.5 356.7 359.4 363.8 378.3 392.9 405.6 409.9 412.2 413.5 413.6 414.9 408.4 406.1 399.3 389.6 389 393.7 392.7 388.9 386.9 388 390.4 386.1 375.8 365.1 347.9 333.8 304.5 288.8 270.3 255.3 244.4 238.6 233 228.1 223.8 226.8 228.9 231.5 233.3 234.7 237.4 241.9 244.5 247.6 254.1 260.4 267.1 274.8 279.3 286.1 294.4 300.7 308.6 316.5 335.4 353.5 369.1 378.1 383.1 385.5 383 377.5 371.2 362.8
288.1 292.7 295.5 299.4 302.7 305.2 308.7 312.4 316.3 320.9 326.2 335.7 343.5 348.4 353.7 366.2 386.3 400.7 410.6 413 412.4 411.9 414.7 409.4 402.8 399.7 392.7 385 387.3 388.7 385.1 384.5 385.7 388.4 386.2 375.6 363.9 344.3 324.9 301.5 281.3 263.4 249.2 238.1 232.4 229 226.9 223.5 225.8 227.4 229.5 232.1 234.8 236.7 238.6 243.7 247.1 250.5 255.7 263.1 272.8 283.2 288.5 294.7 300 305.5 313.7 325.5 342.1 357.6 369.7 376.1 379.6 378.2 377.7 370.6 362.4 344.1
286.7 290.9 294.7 297.6 300.4 302.6 307 311 314.7 319.5 324.1 329.6 335.3 341.3 349.8 368.9 386.5 404.5 413.2 412 409 411.1 410.3 406.6 396.2 390.9 384.1 382 383.8 380.7 382 383.7 383.5 379.2 374.7 360.3 341.4 315.3 294.4 276.2 257.2 241.5 232.9 226.6 223.9 224.4 222.7 224.3 228.3 228.6 230.9 232.7 235.4 238.4 241.4 244.4 248.2 254.3 261.5 267.8 278.7 287.2 292.1 295.1 301.3 311.2 320.8 330.5 348.2 359.7 366 369 368.6 371.1 368.6 361.2 344 330.5
