public/OST50/SN64.asc
ncols 200
nrows 200
xllcorner 260000
yllcorner 240000
cellsize 50
[rows 70 to 104 of 200, columns 78 to 155 of 200]
296.6 289.7 279.4 266.3 258.7 253.8 250 247.3 244.5 241.1 238.8 238.5 236.2 235 229 216.6 205.4 193.3 199.2 201.3 202.8 205.1 206.3 207.5 209.7 211.6 214 216.9 222.4 223.7 226.3 230.1 236.7 243.5 252.2 260.7 268.7 267.9 264.3 259 253.8 254.3 265.4 272.3 274.3 279.7 282.7 286.9 291 293.4 295.7 300.2 303.4 306.7 311 315.7 319.8 321.2 318.9 318.2 316.2 307.9 299.2 289.7 278.2 265.7 263.1 263.2 266.3 272.1 274.4 278.1 285.2 283.3 289.5 299.1 307.5 314.7
292.1 283.2 271.6 259.1 253.8 250 246.5 243.5 241.4 239 234.1 235.4 233.2 233.8 226 216.4 202 190.9 200.5 201.4 202.6 204.1 205.1 206.7 208.7 210.3 212.7 216.4 220.1 222.2 224.8 228 234 241.1 250.3 258.4 261.5 262.3 259.2 250.4 243.6 260.8 269.4 273.8 278.4 285.4 290.7 293.5 294.4 295.3 297.7 301.1 304.5 307.7 309.1 310.7 311.4 312.7 313.8 308.9 298.6 288.7 280 271.7 264.2 260.1 258.4 260.4 263.5 268.7 268.4 273.8 276.2 283.5 294.9 303.3 312.3 324.3
287.7 277.8 265.8 255.4 250.6 246.1 243.3 240.5 238.9 235.9 230.4 231.6 230.7 229.4 223.2 214.4 202.9 191 200.3 201 202.1 203 203.9 204.9 206.8 209 210.8 214.4 218.3 220.5 223.2 225.7 231.1 238.9 245.5 251.9 255.9 257 248.6 242.6 255.2 265.7 270.7 277.3 286.8 292.7 295.4 296.5 296.8 298.1 301.3 303.7 306.4 307.4 307.9 308 307.7 304.7 297.7 287.5 279.8 272.9 266.8 260.1 257.9 257.1 256 257.3 261.3 263.2 265.7 272.5 280.1 291.1 300.3 310.2 320.9 330.1
287.9 273.2 262.8 254.2 248.2 244.4 241.1 236.3 235.2 232.9 227.9 228.6 227.8 227.3 221 213.2 196.2 190.9 200.1 200.6 201.1 201.8 202.9 203.7 205.5 207.7 210 212.6 215.2 218.3 220.6 222.6 224.3 228.4 232.1 236.8 242.9 245 236.9 246.7 262.8 271.4 278.2 286.9 292.2 296.3 297.6 299.3 300 301.1 303.6 306.1 307.7 307.5 306.4 303.5 297.6 288.2 277.5 271.6 264.7 260.9 256.2 254.2 254 253.8 252.9 255 256.5 258.9 264.2 276.1 287.1 296.3 306.2 317.5 327.4 331.2
289.5 272.9 262.8 257.1 250.6 245.5 240.4 236.6 234.4 229.5 226.2 224.1 223.4 223.2 217.8 208.4 191.5 190.6 199.3 199.7 200.4 201.2 202.3 203.4 205.4 207.2 209.2 211.4 213.5 215.5 217.2 219.2 222.3 224.5 227.1 229.9 231.9 234.6 244.3 260.8 271.3 278.7 285.9 291 295.2 297.3 299.6 301.3 302.3 304.1 306.3 308.7 308.3 305.1 300.7 293 281.7 272.2 263.8 258.2 253.5 252.4 251.1 250.3 250.3 250.3 250.8 252.4 254.3 257.8 263.2 272.8 286.5 297 309.2 318.8 323.2 325
290.3 278.8 270.5 264.1 258.4 249 241.5 236.9 232.8 229.3 226.2 222.6 219.6 218.9 212.3 202.4 190 192.9 198.2 199.3 199.9 200.7 202 203.4 204.9 206.2 208.1 210.2 212.5 215.9 219.6 222.9 226.3 230.8 237.2 241.2 249.5 255.9 265.3 273 279.9 285.4 288.8 293.1 295.5 298.1 301.4 303 303.7 305.8 307.6 308 304.9 297.4 286.1 274.9 265 256.8 252.9 249.7 248.1 246.7 247.3 246.9 246.6 246.7 248.3 250.3 253.2 260.4 270.7 274.1 278.3 287.8 301.3 310.3 314.7 316.7
293.8 285.2 279.2 274.1 267.5 261.4 250.1 237.6 231.8 228.4 225.4 221.8 217.8 210.3 209.1 202.9 188.7 192 197.8 199.6 200.3 200.7 201.5 202.5 204.4 205.7 208.6 211 213.9 219.1 223.4 226.9 231.1 238.2 243.7 255.2 265.1 270.4 275.5 282.8 286.4 288 292 295.5 298.5 301.8 304.3 304.5 304.9 305.3 302.6 298.8 289.7 280.3 268.4 257.5 250.6 246.9 244.6 245.1 244.1 243.3 243.3 243.6 244 244.7 246.5 250.1 255.8 262.9 265.5 268.7 273.1 278.8 286.4 295.7 303.9 310.2
297.4 289.5 284.6 280.3 274.6 268.1 259.8 248.7 233.3 225.4 223.1 221 216.3 211.3 202.1 200.7 186.7 191.8 197.5 199.2 200.2 200.9 200.4 201.4 203 206.2 209.4 212.8 216.9 222.2 227.5 232.3 239.4 249.3 259.7 273 280.7 286 292.8 297.8 297.3 298.6 303.4 306.8 308.9 309.4 307.5 306.1 302.5 299.9 294.8 285 277.4 263.1 251.2 245 242.2 240.5 240.6 241.1 240.8 240.4 240.4 241 241.6 241.8 245.7 248.9 253 256.2 263.5 271.8 279.1 289 296.8 304.5 312.5 319.9
300.1 294.8 290.2 285.6 278.1 269.5 260.7 251.6 240.4 227.5 220.3 218.1 214 208.4 203.1 194.2 188.8 187.7 194.8 197.3 198.5 198.9 198.2 199.6 203.5 206.8 209.4 214.1 217.9 222.8 228.7 243.3 254.4 265.1 279.5 290.9 297.2 303.5 312.3 313 309.7 314.5 321.3 321.7 320.6 315.3 310.3 306 298.4 291.8 288.5 280.2 262.4 249.4 238.9 237.3 236.8 236.1 237 237.3 237.5 237.5 238.3 239 238.3 242 245.2 248.3 252.8 260 268.7 280.2 288.9 299.7 311.6 321.8 328.9 332.8
302.4 295.3 290.4 285.6 275.6 265.3 258.9 252.5 244.1 233.3 220.6 215.7 212.6 206.6 198.1 194.4 191.7 185.6 191.9 195.5 196.1 195.1 198.4 199.6 204.8 208.1 211.8 216.6 220.1 223.8 238.3 254.3 266.2 276.5 289.5 300.6 309.4 317.7 323.6 320.7 321.2 326.4 330.8 329.7 326.7 317.3 309.1 301.6 294.6 289.6 278.2 263.2 251.2 238.3 233.1 233.3 233.6 233 234 234.2 234.8 235.8 235.9 236.2 238.7 239.9 242 249.4 257 267.6 280.9 296.3 309.2 321.7 332 334 337.5 341.4
303.8 294.9 290.6 280.7 270.7 264.1 258.7 253.6 246.1 237.7 225.8 215 210.6 203.3 194.9 191.3 185.8 184.9 192.1 194.6 193.4 197.5 198.3 202 206.1 209.3 213.8 218.1 221.6 231.1 248.2 261.8 271.8 283.4 295.8 307.5 317 325 327.3 327.3 330.4 333.3 333.5 330.7 321.9 311.2 303.5 295.3 288.4 277.1 261.9 250.8 238.6 231 229.7 230.8 230.4 230.5 230.9 231.5 232 233.7 234.8 234.5 237 241.3 246.2 254.2 267.6 284 301.6 313.4 321.7 328.4 331.9 335.9 341.1 345.7
301.4 298.1 292.8 277.8 268.5 264.6 258.8 253.5 247.6 240.3 230.7 216.9 209.3 197.5 189.6 184.5 182.8 183.8 188.8 190.7 191.3 197.1 199.6 203.3 209 212.6 215.1 218.3 222.2 237.1 254.1 266.8 276 288.6 301.9 313.2 323.8 330.9 330.1 330.4 333.6 333.7 332.2 324.5 311.3 304.2 296.9 288.5 278 263.9 251.6 240.3 230.7 228.9 228.2 228.8 228.9 228.1 226.3 229.6 231.1 232.2 230 235.8 238.5 244.3 255.6 270.8 285.4 298.6 309.1 316.5 321.9 325.8 329.4 336.4 342.2 344.2
300.6 297.2 289.6 276.5 268.5 262.7 256.8 251.7 244.4 237.8 228.7 215.6 204.2 193.8 183.4 181.1 184.1 189.9 191.1 193.5 195.3 197.6 200.6 204.9 210.3 214.8 216.9 219.5 225.2 239.6 255.3 267.3 278.1 292.4 305.3 315.9 326.2 333.3 329.5 331.1 333.3 331.4 324.7 318.7 304.6 295.3 285.3 277.3 263.4 254.2 241.3 234 229.1 226 227 227.1 226.5 225.1 226.8 228.4 228.6 227.8 232.2 236.7 246.5 256.7 268.3 278.8 290 300.8 308.7 313.4 317.5 320.7 324.8 328.7 333.7 340.8
299.2 296.5 285.9 279.2 269.2 259.1 254 247.4 239.7 232.6 223.8 209.4 198 187.5 181.1 182.5 186.4 189.9 191.8 194.2 195.7 198.1 202.6 206.7 210.8 214.5 216.9 219.5 225 240.3 256.9 270.6 280.9 293.8 305.3 314.3 323.4 328.8 329.3 330.1 329 329.1 318.7 309.9 294.2 283.3 275.1 263.5 255.4 244.9 235.9 231.1 228.1 225.8 224.6 224.6 223.7 222.1 225.4 226.2 226.3 228.7 233 240.7 254 261.4 271 279.9 290.4 299.2 303.4 306.7 310 314.1 318.2 322.5 328.4 337.1
295.6 292.9 287.5 279.4 269.8 258.3 249.5 241.7 234.1 226.4 218.2 205.6 192.7 178.5 181.9 184 187.3 191.4 193.5 195 198.3 201.2 203.8 206.9 209.8 213.5 216.3 218.9 224.3 242.2 258.3 271.6 283.6 294.2 303.9 312.1 320.5 323.7 324 320.3 319.3 312.9 307.9 293.5 279.6 274.7 263.3 253.8 243.8 234 230.9 228.2 225.5 223.6 221.3 222.2 221.3 222.2 223.2 223.4 225 229.3 235.2 244.6 255.2 263.2 271.7 279.5 287.5 293.9 296.6 298.3 303 307.2 311 314.7 319.3 323.7
289.7 288 285.4 278.4 268.7 256.4 247.2 239.6 230.1 221.9 212.9 197.9 187.4 179.2 181.5 184 188.3 191.4 193.2 194.9 198.7 201.4 203.9 206.1 210.4 214.8 217.2 219.8 225.4 242.3 258.7 271.1 282.8 293.7 302.1 309.1 314.8 315.2 307.7 304 306.1 301.9 294 279.6 266.9 257.1 248.3 237.9 231.2 228.9 226.2 223 221.8 220.7 219 219.8 218.1 220.4 219.9 221 225.2 229 236.3 247.8 256.5 264.4 272.2 279.3 284.4 286.6 285.9 289.7 294 298 299.4 304.6 310.3 318
281.5 283.2 282.4 279.2 267.7 256.4 246.3 237.7 227.9 217.4 208.3 192.6 180.1 179.6 184.6 189.4 190.2 191.1 192.3 195.9 198.4 201 204 206.7 211.3 216 220.3 223.5 227.2 240.7 258.8 269.4 281.5 291.5 298.9 305 306.8 303.7 291.2 287.7 284.8 281.5 280 264 250.1 241.7 234.6 227.5 223.8 222.2 222.2 219.9 218.3 217 217 217 217.3 217.3 218.5 221.7 225 230.1 237.5 248.5 257.7 266 273.5 278.8 281.6 281.8 280.7 282.7 288.9 291.2 300.2 309.2 318.2 327.4
272.2 273.6 274.8 275.2 271.9 263.6 249.1 236.9 227.7 215.2 201 188.8 178.1 179 190.5 192.4 191.1 191 191.4 194.4 197.8 201 204 207.1 211.2 215.7 220.1 224.4 228.4 240.2 258.7 269 280.2 287.2 293.6 299.5 296.4 291.9 283.6 280.9 278.9 276.7 264.2 248.2 235.3 227.9 223.4 218.1 218.3 219 218.7 216.8 216 214.8 214.2 214.7 214.7 212.3 217.8 220.8 225.3 233.3 241.5 251 261.3 268.3 273.2 276.3 276.3 275.6 275.2 281.7 285.3 291.2 300.6 309.6 317.6 322.6
269.1 271 271.7 272.8 273.1 270.9 256.5 240.4 229.1 215.5 197.8 183.6 177 181.3 190.1 193.1 191.3 191.6 192.1 194 197 200.5 202.7 206.7 210.5 213.6 215.7 219 223.9 240.7 257.2 268.3 278.4 284.3 289.7 291.2 287.4 283.4 280.1 276.6 266 256.8 246.9 236.4 223.3 218.8 216.4 214.9 215.5 216 215.6 214.2 213.3 212.6 212.9 211.3 213 213.6 216.6 220.4 230 237.9 246.2 255.2 264 271.3 275.6 276.4 274.4 273.8 271.9 280.1 286 292.3 300.2 306.9 311.7 315.5
265 267.1 269.3 270.3 270.1 267.2 259.3 247.9 237.1 218.7 198 177.4 177 180.9 189.6 196.3 195 192.9 193.1 195.3 197.2 199.7 202.4 205.7 208.2 210.5 212.8 216.3 223.3 241.2 255 266.3 273.2 278.7 283 284.2 280.3 274.7 270.1 260.7 249.2 243.9 235 224.9 216 214.5 212.9 212.7 213.4 213.4 212.6 210.3 209.6 209.8 209.8 208.5 210.4 212.3 216.8 222 228.1 233.2 244.4 259.7 268.3 274.7 278.4 275.8 272.5 271.1 267.8 279 287.2 294.3 299.6 304.8 310.1 314.7
259.9 261.7 264.6 264.9 264 263.6 258.4 250.4 238.5 221.4 200.2 183.4 175.9 177.5 187.4 194.9 197.4 197.9 197.7 197.2 198.1 199.9 202.3 205 206.8 208.6 210.4 214 224.8 240.7 252.2 260.3 264.3 270.5 274.8 274.8 269.3 259.1 251.7 244.4 238.3 228.7 222.5 217.6 213.7 211.8 210.8 210.8 211 210.3 208.2 206.1 206.4 206.7 207.9 206.9 204.1 211.2 215.5 222.9 228.8 232.5 241 261.1 272 275.3 276 273.5 268.5 266.1 265.9 276.7 286.5 293.6 298.5 304.4 307.7 310.5
249.5 253.4 254.3 252.9 253.6 255.2 252.5 247 236.1 218.4 201.1 188.7 174 175.4 180.1 186.8 193.1 197.6 198 197.4 198.3 198.9 200.7 203.2 204.9 206.4 207.9 214.8 226.2 238.4 248.2 253 258.3 265.4 265.1 261 250.4 245.6 240.8 233.8 223.8 219.1 217.2 214 211.7 210 208.7 208.8 208.1 206.2 204 203.5 203.6 204.7 205.8 206.2 203.2 211.6 222.4 231 235.7 239.8 241.3 255.3 268.8 269.7 269.1 265.4 263.3 259.1 261.4 273.4 283.4 291 298.5 301.8 303.2 302.1
239.2 240.9 241.5 244.7 246.3 247.4 245.4 240.9 229 212.1 199.2 190.9 180.4 174.2 176.3 177.6 182.1 190.3 195.3 197.1 199.2 197.1 198.9 200.7 203 203.3 206.6 215.9 226.4 235.2 242.6 249.5 256.1 257.6 250.4 244.8 239.3 233.9 227.9 218.9 214.8 212.6 212.2 211.1 209.5 208.5 206.4 206 203.4 202.4 201.4 200.5 200.2 202.3 204.1 203.7 201.3 215 226.5 233 239.6 245.7 250.5 252.3 256.2 260.3 256.1 254.8 253.1 251.8 257.1 270.9 277.8 285.7 289.7 289 288.6 287.1
232.3 234.2 236.5 238.3 239.8 239.6 238.7 233.5 222 203.7 194.2 187.9 181 172.2 174.1 175.8 177.4 181.2 193 195.3 194.7 194.2 197.1 198.8 200 201.5 206.4 215.9 223.9 232.5 240.2 247.1 248.7 243.9 236.7 230.3 224.7 220.4 213.9 211.3 209.3 207.9 208.5 208.2 207.2 206.3 204.5 202.2 199.7 199.3 198.8 198.7 200.8 201 200.3 197.9 209.7 217.4 225.7 232.7 238 243.2 248.2 249.3 248.5 247 248.7 248.8 244.6 248.4 257.1 264.9 271.5 276.2 275.7 275.7 272.7 268.2
224 224.4 226.8 228.4 228.9 229 229.6 225.1 213.2 195.4 189.1 183.7 178.5 172.4 171.1 174.8 176.7 178.2 189 191.3 190.4 192.7 196.2 196.9 197.8 199.8 206.1 213.5 223.8 231.1 235.2 235.3 232 228.8 224.3 217 213 210.1 207.3 206.3 205.4 205.1 205.3 205 204.6 203.7 201.8 199.7 196.9 196.8 196.4 197.5 198.7 197.2 196.5 205.6 213.4 220.9 227.1 231.2 234.8 238.4 243.5 242 241.2 242 242.7 242.3 240.6 243.3 252.5 258.7 262.1 260.9 259.7 258.1 255.6 259.6
218.7 217.1 216.2 217.4 218.3 220 220.6 215.1 204.5 190.4 185 180.8 174.8 171.8 171.2 176.4 177.6 179.2 188.5 187 188.5 193.3 194.5 194.9 195.6 198.5 205.7 214.4 224.1 230.8 231.4 224.1 220 217 211.9 209.3 207.1 204.9 203.7 203 202.5 202.4 202.9 202.1 201.4 200 198.3 195.5 194.6 194.9 195.2 195.4 196.5 193.8 204.7 209.4 214.8 220.6 223.8 227.3 230.2 233.4 234.5 234.4 236.3 238 239.3 239.2 236.4 238.8 243.7 246 246.2 246 246.5 246.2 249.2 254.9
213.8 211.1 209.4 207 204.9 207.9 210.1 206.7 195.9 186.4 182.3 178.9 171.4 171.4 171.6 176.7 177.8 180 182.7 185.5 188.9 192.8 192.9 193.2 193.7 195.8 203.3 212.9 220.5 222.9 217.5 209.4 206.9 205.9 206.3 205 203.7 201.8 201.1 200.1 200 199.5 199.2 198.7 197.4 196.2 193.2 192.4 192.8 192.9 193.4 192.3 191.1 199 203.8 208.4 213.4 216.8 218.5 221.1 223.7 225.4 226.6 229.1 231.5 233 233.4 233.4 231.7 233.3 234.7 234.6 236.9 239.1 241.8 244.6 247.2 251.9
209.6 207.3 205.6 202.8 200.9 199.1 198.1 195.1 189.8 183.3 180.4 177.5 169.8 170.3 175 176.6 177.2 178.5 180.8 185.2 190.8 192.1 191.6 191.8 192 193.7 200.3 211.7 215.3 215.4 205.2 199.8 199.3 201.7 202.4 201.3 199.6 199.4 198.5 198.6 197 195.8 194.6 193.4 193.1 191.7 190.3 189.5 191 191.1 191.8 188.2 191.5 195.3 198.3 203.3 206.4 207.4 209.1 213.4 216.2 216.2 219.8 221.9 224.7 226.3 227.2 227.2 228.1 230.1 232.8 234.3 237.1 239.8 242.5 245.8 246 250.9
208.3 200.2 202.2 199.5 196.5 195.2 193.8 190.9 187.4 181.2 178.7 176.1 169.5 169.8 174.7 176 176.4 177 180.5 188.1 190.7 191.2 190.4 190.1 190.5 192.2 196.1 205.5 208.5 205.4 196.8 196.2 197.4 197.8 198.2 197.5 197.2 196.5 195.4 196 196 192.3 190.4 189.2 188.2 187.4 188.1 189.1 190.3 190.7 187.4 188.3 191.8 192.1 193.4 196.3 196.3 197.8 201 203.2 207.7 209.6 213.8 218.2 217.8 223.3 227 229 231.2 234 236 238.5 241.4 243.3 247 249.6 250.9 251.4
208.6 205 198.7 194.4 192 192.1 190.5 188.7 186.4 182 177.4 175 168.6 168.8 173.5 174.9 175.2 175.5 180 189 190.4 190.1 189.1 188.6 189.4 190.9 193.2 198.5 199.7 194.3 192.1 192.3 192 194.9 194.9 194 193.7 190.9 189 189.3 189.6 186.2 185.4 184.7 185.3 187.2 188 188.4 189.2 188.8 184.5 193.8 195.9 196.5 198.4 199.9 201.8 204.2 207 209.1 211.6 214.8 218.6 221.6 226.1 230.9 233.7 237.1 241.9 245.7 249.7 253 255.1 255.9 258.5 260.1 259.4 261.4
208.3 204 200.8 197.1 193.2 189.1 184.2 184.6 183.9 179.1 175.5 173.3 168.2 168 171 173.5 173.9 174.4 181.9 187.5 189.4 189.4 187.2 187.4 188.4 189.5 190.3 191.8 189.4 188.7 188 188.1 188.9 191.2 189.6 188.3 185.7 183.2 183.6 183.4 183.1 181.8 181.3 183.3 185.2 186.1 186.7 188 186.4 183.3 186.3 187.9 193.5 195.1 199.1 202.7 205.5 209.1 212.8 216.4 222.5 226.5 230.7 237.6 242.5 243.7 248.9 254.3 259.4 265.1 270.4 274 276.1 275.7 271.3 268.5 269.2 270
208.6 204.2 200.8 197.6 193.6 191.4 188 184.6 178.7 175 172.7 171.6 169.4 168.2 166.5 171.5 171.8 173.1 177.5 180.2 180.6 185.5 185.5 185.3 186.6 187.1 187.2 186.2 184.2 184.8 185.1 185.4 185.2 184.4 183.7 182.5 180.9 180.1 180.6 180.4 180 178.9 177.4 181.3 183.9 184.7 182.9 181.8 181.7 189.9 192.8 194.8 196.7 199 196.4 203.5 207.2 211.7 216.2 222.1 230.2 237.4 244 251.7 257.8 263.3 268.2 271.8 275 277.9 283.9 288.7 291.7 290.3 286.1 281.9 283.7 281.7
209 205.1 202.4 198.5 194.5 191.9 189.4 187.5 185.5 180.5 175.8 170.7 167.9 167.2 166.9 165.5 167.8 169.2 170.4 172 174.5 179.4 181.9 183.1 184.3 184.7 182.9 182.5 181.4 181.3 182.3 181.9 180.5 180.7 180.1 179.6 178.5 177.6 177.8 178.1 176.1 175.7 176.1 176.8 178 177.9 180 186.1 189.4 190.1 192.9 196 198.3 200.9 202.7 204 206.5 207.3 214.1 221.4 230.4 241.1 250.6 259.6 267.2 272.8 276.2 280 282.9 286.2 294 299.6 303 304.2 295.7 298.1 299.6 296.6
210.8 206.6 203 197.8 195.7 193 191.1 189.2 186.4 181.6 176.8 173 169.7 168.1 166.6 165.7 165.7 166.2 168 170.6 173 176.3 178.4 180.1 180.7 181.7 180.7 179.9 178.9 179 178.9 178.8 178.1 178 177.8 177.5 177.2 176.8 176.6 173.3 173.8 174.8 177.2 179.6 181.6 184.4 187.1 189.9 192.2 194.1 195.2 197.3 199.7 202 204.6 208 210.5 212.3 212.3 217.4 227.5 238.8 251.8 262.9 271 277 280.7 284.9 288 293.2 303.6 309.4 312.4 309.7 306.3 312.4 311.2 311.2
217.4 210.3 204.2 200.2 197.2 195.1 192.8 190.2 187.3 184.1 180.3 176.7 172.1 168.7 165.6 164.1 164.8 164.6 166.8 170.8 172.2 174.1 174.9 177.2 177.6 179.5 179 178.2 177 176.5 176.5 176.5 176.8 177 176.1 175.9 175.8 175.1 171.5 171.7 174.5 176.9 179.3 181.3 183.9 187.2 193.4 200.5 206.2 208.6 207.4 211 211.9 211.6 208 211.2 215 218.4 219.3 220.6 225.5 238.8 252.3 261.7 269.3 275.4 281.1 286.1 291.6 299.5 308.6 314.1 315.2 313.8 316.9 320.5 319.9 320.3
