public/OST50/SN64.asc
ncols 200
nrows 200
xllcorner 260000
yllcorner 240000
cellsize 50
[rows 140 to 174 of 200, columns 78 to 155 of 200]
166.8 165.8 163 160.5 162.6 162.5 162.7 161 160.4 159.5 157.4 157 157.9 161.7 162.3 163.6 164.1 166.2 171.1 181 185.8 189 189.1 184.8 164.5 152.1 144.2 144.3 145 146.9 153.7 157.7 167.4 180.9 184.3 192.3 194.4 195.9 196.8 197.9 198 174.3 184.8 195.1 202.2 207.1 215.9 225.7 232.2 237.6 243.5 244.8 247.7 253.9 254.8 250.4 242.2 230.7 207.4 185.3 166.6 154.4 151.6 152.8 152.9 153.6 153.6 153.8 152.6 152.8 154.5 155 155.2 154.9 156 156.6 157.7 157.5
168.6 167.8 167.8 167.2 163 160.5 160.3 159.7 159.5 157.8 157.7 158.1 162.1 163.4 165.1 165.7 165.7 169.1 176.4 182.5 188 192.2 191.8 185.1 168.6 152.1 143.1 143.5 145.3 146.1 151.7 156 159.5 164.8 172.7 181.7 188.2 189.8 193.7 196 197.1 169.1 187.8 200.7 207.4 212.4 222.2 229.3 239.1 245.7 249.7 252.2 254.2 252.1 249.1 244.7 237.2 222.3 201.2 181.1 162 153.8 151 151.8 152 152.9 151.7 152.9 152.9 153.7 154.3 154.6 153.8 156.5 157.7 155.2 156.9 161.5
167.9 168.6 167.7 167.1 166.4 162.8 163.3 163.3 160 158.8 158.6 162.9 164.5 164.8 166.3 166.9 168.2 170.5 177.4 184.3 189.9 193.1 192.2 186.8 173.5 155.8 144 142.7 145 145.8 149.3 154.9 156.6 158.9 164.2 168 174.6 180.1 183.2 184.2 180.4 168.3 191.9 203.2 209 215.8 222 231.2 244.1 249.8 252.2 253.8 254.7 250.3 244.5 235.1 225.4 211.1 194.9 177.5 157.3 148.9 150 152 160.9 165.1 169.3 170.8 173.5 172.7 170.6 170.3 169.4 166.6 168 168.2 169.1 169.2
170.1 168.6 168.1 166.7 167 165.1 164.7 165.4 165.7 164.4 165.4 164.3 165.6 167 167.6 168.3 170.2 172.1 178.3 185.5 190.5 193.2 192.6 189.5 177.4 158 143.2 142.3 144.1 145.7 147.8 149.5 151.9 153.3 156.4 160.4 164.4 168.9 171.7 165.2 167 186.9 199.2 204.8 209.4 215.8 225.2 236.9 244.3 248.9 251.1 253.8 252 247.2 241.4 229.5 217.6 202.7 188.5 173.3 157 150.3 151.5 154.8 164.5 170.1 178 188.4 194.7 194.1 193.6 192.2 191 188 183.8 177.7 172.7 174.2
169.1 168.6 169.2 165.9 165.9 164.7 166.1 165.7 168 167.4 167.5 166.8 167.8 168.2 168.8 170.2 171.9 174 179.3 185 190.2 193.1 193.6 190.1 180.5 160 143.3 140.4 142.4 144.1 151 150.2 153.4 158.3 161.1 159.3 163.1 164.6 168.1 179 187.8 183.7 192.2 202.4 208.5 217.7 229 236.3 242.1 245.6 249 252 252.9 249.3 240.6 223.8 209.2 192.4 178.7 167 155.8 150.1 152.4 154.8 165.2 172.7 193 208.6 219 220.5 217.7 215.2 213.2 211.3 206.8 198.5 190.5 189.1
169.4 167.7 166.8 167.2 168.9 168.7 169.3 168.6 168.9 167.8 168.2 168.2 169.6 170.9 171.7 172.2 173.7 175.5 178.6 184.1 189.3 191.7 192.3 189.8 182.7 163.1 152.2 141.9 142.5 141.6 141.4 152.8 154.5 160.3 167.6 170.1 171.4 175.7 184.7 186.9 198.3 193.7 191.3 197.6 206.4 217.2 225.6 232.2 237.6 241.8 246.5 251.8 253.7 246.3 236.3 221.8 209.6 199 190.7 177 160.3 149.8 152.5 159.9 165.9 172.6 190.3 214.5 236.6 246.5 244.7 241.8 238.9 239.2 233 219.8 212.1 208
169.1 167.8 167.4 168.8 169.6 170.5 171.3 170.7 170.5 170.4 170.4 171.3 172.6 173.7 174 174.5 175.6 177.1 179.8 184.1 188.4 188.9 189.7 188.2 181.3 169.1 148.3 142.2 142.1 141.5 140.9 151.8 155.1 161.6 171.5 168.1 172.7 185.3 189.1 191.9 201.1 199.4 196.9 198.3 204.1 212.4 222.8 227.6 234.1 239.2 247.1 250.9 252.5 251 243.9 233.5 221.3 211.4 199.8 180.7 161 149.6 152 156.9 164.9 174.6 197.1 220.8 255.7 267.6 267.7 267.2 265.5 264.1 253.8 239.3 227.5 220.4
169 168.7 168.5 169.5 170.7 171.5 172.5 171.2 172.1 172.8 173.3 174.8 176.4 176.4 176.9 177 176.9 178.3 180.6 185 185.8 185.6 184.7 182.4 176.6 160.9 143.2 141.3 140.8 141.4 140.5 152.6 156.3 161.6 173.7 179.2 180.6 189.1 191.6 193.1 198.7 202.4 200.7 202.4 206.6 216.2 224.4 230.5 237.1 244.7 252 257.6 259.9 257.8 250.5 241.9 232.1 219.9 199.1 178.1 158.5 148.1 151.2 153.5 163.3 176.5 202.1 233.2 263.6 274 277.9 279.5 278.7 273 251.3 234.6 223.9 217.5
169.4 168.7 168.6 169.5 171.3 172.7 173.5 174.3 175.4 174.5 175.6 176 177.2 177.8 177.4 177 177.1 178.6 180.1 181.7 183 183.6 181.9 178.1 166.2 150.7 139 138.2 140.3 139.1 141.9 152.9 156.6 161.9 172.7 183.3 186.5 188.3 191.3 191.7 196.8 202.6 203.4 205.6 209.3 218 225.7 233.5 243.2 255 263.9 269.5 270 261.7 259.1 250 238.5 218.3 192.1 173.2 154.3 146.9 150.3 152.6 165 182.1 207.1 238 266.3 276 279.4 279 269.7 252.4 235.4 225.3 217.4 212.5
170.6 170.8 170.3 170.8 171 172.5 173.2 174.6 174.4 174.4 176 177.2 177.2 177.1 176.3 175.9 175.8 176.8 178.3 180.1 180.2 178.7 175.8 170.5 156.5 144 139.3 140.1 140.9 140.9 153 153.7 157.6 162.3 168.3 176.8 182.8 186.4 188.8 191.5 197.3 203 206.3 209.8 211.8 221.3 230.6 241.5 253.1 264 272.7 277.3 273.7 270.3 264.4 253.6 238.5 212 186.3 167.3 149.1 146.4 149.5 151.8 167.2 186.7 212.7 245.1 267.1 274.9 275.2 258.9 244.8 230.8 221.2 213.3 208.6 205.5
171.9 172.2 171.4 171.4 172.6 172.7 172.6 173.8 174.4 176.9 178.3 177.3 176.6 175.4 174 173.5 174.4 174.7 176.5 178.7 179.1 177.2 168.4 162.3 149.9 137.4 139.6 140.1 140.3 143.8 155 158.1 158.2 164.1 172 178.5 180.4 185.3 187.6 191.7 196.9 204.1 209.1 212 218.5 228.2 239.4 250.1 261 271.1 278.9 280.1 278.6 273.7 264.9 255 235.5 207.5 183.2 164.7 148.8 148.6 148.8 154.3 173.1 194.8 219.4 250.5 261.6 261 247 233.5 219.5 210.1 203.9 200.4 198.2 197.1
172.3 172.6 172 172.2 172.9 173.3 173.2 175.3 177 179.5 181.4 181.7 178.7 176.6 173.1 171.2 171.5 172.5 172.3 174.6 174.2 170.6 164.4 156.7 144.9 138.7 139.6 139.6 140.8 150.5 156.6 161 164.1 165.5 174.6 181.4 184.3 184.5 187.6 192.4 198.3 203.8 209.1 215.3 224.8 236.3 247.7 259 268.5 276.8 281.2 282.3 281 273.7 264.3 251.5 227.7 203.2 181 161.9 147.5 148.1 148.1 158.1 183.4 204.8 231.3 246.6 248.5 236.5 221.3 210.1 199.3 192.2 189.4 186.7 187.8 188.6
171.5 171.8 173.1 173.3 173.7 174.2 176.4 181 181.7 185.7 188.7 188.1 186 179.2 173.5 170.3 167.3 168.2 165.8 165.3 166.3 162.5 158.1 151.7 136.7 138.1 139.1 139 147.4 151.7 159.7 164.5 167.8 169 176.2 181.9 183.1 184.4 188.8 193.4 199.4 207.5 215.5 223.6 232.1 244.4 254.5 265 273.6 280.3 283.4 284.3 280.6 270 259.4 237.4 218.2 196.8 173.9 156.6 147.9 147.9 147.9 175.3 192.5 210.8 231 228.9 222.4 210.7 199.3 191.4 183.4 178.1 178.7 181 182 183.3
171.9 172.4 173.7 173.7 174.7 176.6 179.2 182 187.4 192.7 195.2 194.6 191 183.7 175.8 170.3 167.8 163.9 160.6 159.1 156.4 154.6 151.2 147.5 138.2 138.4 138.4 138.9 150.6 158.5 165.1 167.7 172.3 174.2 175.3 179.7 182.4 185.1 190 195.4 202.2 209.1 219.7 230.1 239.6 249.9 259.9 268.9 276.4 281.9 283.6 282.8 276.7 266.4 248.8 226.1 208.6 189.6 168.1 151.1 147.3 145.8 156.1 174.9 200.7 211.7 213.4 210.7 202.2 192.3 181.9 174.5 173 172.7 174.1 177.2 178.7 183.5
170.7 172.4 171.8 172.5 174.3 177.3 181.3 184.8 189.9 194.5 197.7 198.4 196.9 191.2 180 172.9 169.7 166.4 160.7 153.7 152 149.5 146.5 144 137.7 138.1 137.7 138.9 149.1 164.2 168.7 171.6 176 179.8 180.2 180.3 182.8 187.5 192.8 196.2 204 213.1 223.5 235.7 245.9 255.3 263.8 271 276.7 280.1 281.1 277.9 274.3 261.2 240.7 215.5 196.3 175.1 162.4 151.5 146.1 145.5 160.1 178.8 196 200.8 198.9 193.4 185.3 176 169.4 168.5 168 172.7 176 179.7 184.7 191.2
160.3 165.8 168.1 170.2 172.8 176.3 181.2 185 188.8 194.2 198.8 202.2 201.4 197.8 187.3 177.3 172 169 166.9 162.5 153 149.7 146.1 138.5 137.6 137.9 139.2 141.2 154.6 166.6 170.6 173.5 177.9 181.7 183.1 183.4 184.2 188.5 192.4 197.4 205.9 215.8 229.1 240 250 259.2 267.4 273 275.4 278.3 277.9 277.1 270.6 259.5 236.7 210.4 193.9 190.1 171.9 145.9 145.6 147.4 158.7 179.1 189.3 189.3 183.8 178.5 172.3 166.4 164.3 165.3 170.1 174.6 178.7 185.5 194.1 201.5
157.5 159.1 163.1 165 168.3 170.3 173.8 178.2 185.9 193.1 199.9 204.1 205.5 203.6 198.3 190 176.3 171.7 168.5 163.2 156.9 149.6 143.9 137.9 135.7 137.9 138.5 141.8 155.5 167.3 170.5 174.2 177.8 180.1 183.4 184.9 188.4 190.6 194.4 201.4 210.1 220 233.1 244.8 254.1 262.8 269.2 270.9 272.1 274.9 277 274.6 269.4 260.2 238.2 214.6 216.5 206.1 177.6 144.6 145 146.3 156.9 172.5 179.8 176.9 171.9 169.5 163.5 160.5 164 168.8 172.3 176.7 184.6 191 198.7 205.9
160.1 154.8 159.3 160.1 161.7 164.1 167.9 172.7 183.2 192.5 200.1 205 209.4 210.2 207.4 200.2 187.9 176.1 169.2 162.6 155.8 148.7 140 137.1 135.6 136.9 137.8 145 158.9 163.4 166.6 171.8 171.1 177.8 180.5 183.6 186 191.9 198.7 204.9 214.9 224.8 238.6 249.5 257.9 263.9 266.7 268.2 270.5 274.3 275.4 273.8 270 261.9 245.5 240.1 235.3 217.6 184.6 152.4 144 145.9 147.3 166.3 167.7 165.1 161.9 159.5 156.7 162.6 166.3 169.4 173.5 179.4 186.1 194.1 201 207.4
160.7 157.7 152.8 157.2 158.9 160.3 164.2 169 180.9 192.6 201.2 207.6 212.8 216.1 215.7 210.2 199 184.1 170.6 161.4 153.3 146.3 138.8 136.7 136.5 136.4 139.5 151.6 155.4 159.1 164 169.2 173.1 177.6 181.3 184.3 189.1 195.1 202.3 209.8 221.5 233 243 252.8 258.5 261.8 264.7 266.7 268.9 272.8 273.3 273.4 272.4 266.7 261.4 253.9 245.6 225.1 193 158.4 145.3 144.4 150.9 159.2 160.6 159.6 157.2 154.7 159.9 162.5 165.6 169.9 175 181.5 188.3 195 201.5 207.6
161.5 158.6 155 153 154.2 158.1 160.5 166.9 181.6 192.6 203.1 211.4 217.4 220.4 220.3 215 206.1 191.4 178.1 164.7 153 143.5 136.4 134.8 136.7 139.4 145.1 148.1 151.7 156 159.7 161.6 168 172.2 178.1 185.1 192 198.5 203.7 217.1 227.6 238.2 246.7 254.9 258.3 261 262.5 263 266.4 271.1 272.5 274.7 274 272.4 269.2 263.1 249.6 227.8 196.9 167.1 143.2 144.2 152.3 154.6 156.1 156 150.6 155.7 158.3 161.3 165.5 169.6 173.4 179.8 186 192.9 199.3 205.6
166.5 165.1 160.4 153.3 151.4 155.6 158.5 165.7 179.7 190.3 203 211.8 217.1 219.1 217.6 213.3 206.4 195.4 184.6 169.2 150.4 140.7 135.9 136.1 136.6 139 142.1 145.1 148.5 151.8 155.9 159.7 164.3 170.4 177.9 187.9 195.9 203.1 215.4 222.5 235.1 244.4 252.1 254.8 256.7 257.8 255.3 258.8 264.5 269.5 273.4 276.6 277.3 277.7 275.7 267.6 247.9 223.5 196.6 172.9 147 143.7 145.5 150.5 152.9 153 153.7 156.2 157.2 160.3 163.7 167.2 169.6 175.2 181.1 187.5 194.9 201.7
171.1 170.5 168.7 159.8 152.8 151.6 156.8 165.1 178.7 188.8 201.7 209.8 214.5 215.9 214.7 210.8 202.1 193.3 182.2 162.9 146.9 139.8 135.5 135.6 138.4 139 142.6 146.1 148.5 150.6 154.9 158.7 163.6 171.5 181.7 192.2 203.6 213.7 222.3 230.2 238.4 247.3 250.6 252.7 254.5 249.5 249.1 257.3 264.2 269.7 274.8 279.2 281.6 283 277.6 265.9 240.7 217.1 191 171.3 146.2 144 143.9 145.1 147 151.3 154.2 152.6 155.4 156.8 162 165.8 170.3 172.3 177.4 182.2 190.3 193.6
169.1 169 168.3 163.8 155.3 149.9 155 162.7 175.5 188.6 197.9 205.7 209.3 209.1 207.3 203.9 194.2 181.5 167.2 152.5 145.2 135 136.8 136.2 137.9 138.8 141.6 146.8 149 151.6 155.4 159.7 166.2 176.9 187.5 199.3 211.1 220 228.4 235.3 242.6 247.1 251.1 252.5 247.9 241.2 242.6 253.4 262.6 269.6 275.9 280.2 283.9 280 275.3 256.3 230.5 209.7 187 166.9 156.5 143.5 143.9 144.8 149.4 149.1 150.9 155.4 156.6 160.2 163.7 168.3 174 178.6 181.7 184 190.3 198.9
166 163.6 163.8 161.1 156.4 148.6 153.3 160 170.3 180.7 190.8 196.6 198.7 198.5 196.3 191.5 180.8 166.7 153.3 145.1 134.1 134.9 133.2 136.2 137.2 138 140.7 144.5 148.2 151.7 156.3 161.8 171.8 183.5 195.6 207.3 217.9 225.7 234.4 241.5 246.5 252.1 253.8 253.4 240.7 233.7 235.3 243.2 257.8 266.6 272.7 276.3 276.8 272.5 264.3 241.2 220.5 202.4 181.7 163.1 155.4 143 143.5 144.3 146.3 151.5 154.3 157.3 157.2 160.9 165 169.3 174.6 180.5 185.3 190.1 198.5 207.7
162.5 160.2 159.9 158.8 155.1 147.9 153 157.4 165.7 173.7 181.3 186.2 188.5 187.5 184.5 178.5 167 152.1 147.1 133.1 134.2 134.9 135.3 136.6 136.9 137.4 143.2 145 147.8 152.4 157.1 166.2 178.6 190.7 202.9 214.1 224.2 232.9 239.8 245.2 249.7 255 256.4 249.7 234.4 226.8 228.9 235.8 247.8 260.2 265 267.2 266 259.8 241 226.8 211.3 194.8 175.2 160.1 150.7 142.7 143.1 143.6 148.8 152.5 155.2 157.7 160.6 163 166 169.8 175.8 178.7 185.2 193.1 204 216.2
161.2 158 156.3 154.4 152.8 147.3 151.9 154.5 158.2 165.4 172.5 175.9 176.4 175.1 171.7 163.7 153 144.9 144.1 133.7 133.7 134.7 135.4 136.1 136.4 138.1 143 145.1 149.1 153.7 160.8 172.9 185.3 196.3 209 220.8 230.6 237.6 243.9 249.2 255.6 258.4 256.1 249.7 232.5 220.9 217.6 230 237.5 249.1 253.7 254.6 250.1 237.9 226.7 214.9 201.9 188.1 173.5 157.7 144.5 142.4 142.5 145.4 149.9 153 155.1 158.3 161.3 164 168.4 173 176 181.7 190 198.4 208.6 221
162 157.2 154.5 152.7 150 146.2 147.5 151.4 153.3 157.8 163.1 165.6 164.1 161 155.9 150.7 145.1 142.7 134.5 132.8 133 133 135.9 136.5 136.1 137.8 141.7 145.5 151.2 158.2 166.2 178.3 191 203.6 216.1 226.2 235.6 242.3 247.8 254.4 259.2 260.7 258.4 244.6 233.8 220 207.3 217.5 229.2 236.9 239.7 238.5 231.3 222.2 214.3 203.1 193.7 181.8 167.6 155.7 143 142 142 143.9 149.8 151.9 155 158.7 163.4 169.2 174.1 178.5 183.5 190.4 201 213.2 224.9 235.9
164.6 158.4 153.9 152.3 150.1 144.3 145.4 148.3 150 150.7 153.8 152.2 150.1 146.6 144.6 143.8 142.1 134.2 133.4 133 132.9 132.8 135.9 136 135.9 137.8 142.7 146 151.8 160.3 171.6 184.9 196.6 210.1 221.4 231 239.7 245.5 252.8 258.6 261.5 262.1 255.8 245.6 237.2 214.7 199.1 206.8 217.3 223.7 224.4 220.5 214.9 209.1 201.4 193.9 186 174.9 162.3 153.3 142.7 142.3 141.7 144.1 149.3 151.8 157.1 161.2 167.7 176.3 184.9 192.3 199.6 206.9 221.3 232 240.7 250.5
176.7 162.9 155.9 152.5 151.1 149.4 144.2 144.6 145.9 146.5 145.1 144.9 143.5 142.6 142 140.7 139.5 133.4 132 132.3 132.9 132.9 134.4 134.9 135.8 139.1 143.4 148.2 154.9 165.2 177.1 188.5 201.7 214.1 224.2 233.4 240.9 246.8 255.3 260.8 263.9 260.1 256.9 245.5 233 209.5 191.5 197.7 204.2 209.2 209 206.6 203 196.1 191.7 186.8 178.3 167.3 156.8 151 142.2 141.6 140.4 144.9 150.9 153.6 158.1 164.2 174 185.2 194.2 204.1 212.6 225.3 237.1 244.3 253.6 265.6
191.9 175.9 159.4 154.1 151.6 148.6 147.6 141.5 142.8 143.2 141.8 141.6 141.6 140.2 139 137.4 135.5 131.1 132.8 132.4 132.6 132.9 134.8 135.3 136 139.7 144.7 150.2 158.3 169.8 181.3 192.8 205.6 217.5 227.4 234.6 242.6 251.7 259.4 264.6 262.6 263.5 253.5 243.4 227.3 203.2 185.7 188.2 195.3 197.3 197.5 193.8 188.7 185.9 183.8 178.3 170.1 159.9 155.1 144.4 140.6 139.6 141.5 147.6 151.9 155.5 160.4 168 180.8 192.8 203.9 214 224.3 238.9 247.5 256.8 267.4 278.5
204.8 188.7 168.3 157.2 152.5 148.8 146.8 145.1 141.2 141.1 140.5 139.6 139.1 138.7 137.3 134.4 131.7 131.9 131.9 132 132.1 132 133.9 134.8 135.8 142.4 145.7 151.3 160.8 172.1 183.5 195.8 207.5 218.6 226.3 235.3 244.8 253 260.4 263.7 264.2 261.6 251.7 241.5 219.9 197.8 180 181.9 186.8 187.4 187 186 180.7 179.9 177.2 170.3 163.2 155.7 150.6 139.8 140.4 139.3 145.9 150.3 152.8 157.4 163.5 174.6 188.7 201 214 222.7 236.5 249.9 257.4 268.6 280.7 291.9
212.5 194.5 175.4 161.4 152.3 148.8 146 144.3 143 140.3 138.5 138.2 137.5 137.3 136.3 134.1 131.8 131.2 131.3 131.5 131.4 131.5 133.8 134.4 135.9 140.3 146.7 153 162.8 175.6 187.3 199 209.5 218.5 226.4 234.9 243.3 251 257.1 261 262.4 257.9 250.3 237.4 213.8 189.3 174 176.1 178.5 179.5 180.2 178.2 175.1 174.4 170.7 165 157.8 153.8 140.3 139.7 138.7 140 148.9 150.4 153.4 159.6 170.3 183.1 197.7 210.8 221 233 246.6 255.9 267.8 281.4 290.6 302.8
207.2 192.2 176.3 163.7 154.5 149.8 146.1 143.6 142.7 140.2 138.5 138.4 136.2 137.6 136.5 134.1 133.1 130 131.1 131.2 131.2 131.2 133.5 134.3 135.7 140.6 147 155.7 166 178.2 190.2 202.4 211.1 218.5 227.1 234.9 243.4 248.9 254.5 258.6 257.8 254.3 249.8 240.8 214.6 187.7 174.5 171.5 172.7 172.6 173.1 170.3 170.1 168.4 164.2 158.7 154.6 147.8 139.2 137.7 141.3 144.4 147.9 149.7 154.1 160.8 176.3 192.5 206.2 219.2 229 241.8 255.8 267 279.5 289.5 301 314.1
195.7 182.8 172.2 161.1 153.8 150.4 146.8 143.1 141.9 140.6 138.7 138.3 135.2 134.6 133.6 133.8 135.4 130.6 130.8 130.8 130.4 132.6 133.2 135 134.8 141.7 147.5 157.4 168.1 178.9 193.8 205.4 212.4 220 229.2 237.1 244.1 249 252.7 252.9 252.3 250.2 246.3 236.2 216.2 190.1 172.5 167 168.3 167.2 166.8 165.6 164.4 162.4 158.5 154.2 152.9 139.4 138.2 138.9 141.3 142.8 146.5 148.7 156.8 169.1 184.2 198.4 214.7 226.3 239.5 252.3 264.3 277.2 288 301.9 315.3 325.7
187 174.7 163.2 155.6 152.4 150.3 147 144.1 142.4 139.9 136.5 137.8 138.8 138.7 137.5 138.1 137.2 130.8 130.4 130.2 130 130 133.5 134.7 134.7 142.6 149.2 158.9 169.2 181.3 195.6 206.4 212.7 220.7 229.4 236.3 241.5 245.1 245.9 246.6 245.2 241.6 235 225.9 214.7 195.8 175.3 164.7 163.5 162.6 162 161 159.6 157.6 155.1 152.8 144.2 136.5 138.2 140.3 141.2 142.2 144.9 150.4 161.1 174.3 190.3 207.4 221.8 237.2 250.6 264.7 276.9 289.4 302.2 316.2 326.5 335.1
