public/OST50/SN65.asc
ncols 200
nrows 200
xllcorner 260000
yllcorner 250000
cellsize 50
[rows 70 to 104 of 200, columns 0 to 77 of 200]
209.1 207.8 205.7 201.8 198.8 196.4 195.3 194.2 193.2 190.1 198 200.5 202.8 205 206.1 208.8 210.4 211.3 210.9 210.5 210.6 210.6 210.3 208.6 205.6 203.5 199.1 193.7 189.5 189.1 187.7 188.3 188.4 186.7 184.4 184.2 184.6 185.8 186 186.6 187.4 188.5 188.9 189.3 189.4 189.4 190.1 190.9 191.1 191.3 191.3 191.6 191.4 191.5 191.8 191.9 193.5 194.4 195.9 195.9 194.3 191.2 186.8 181.1 173.5 163 153.4 149.8 145.4 145.3 145.8 146.2 147.4 147.5 147.4 147.5 147.6 147.5
213.5 210.4 205.3 201.8 198.8 197.6 196.8 196.2 195.7 192.5 199.9 202.3 204.3 206.3 208 209.8 211 212.1 212.6 212.8 213 213.4 212.2 210.6 208.7 207.6 202.6 198.5 193.1 191.3 189.9 190.4 190.5 190 188.5 186.9 185.7 186.3 186.1 186.3 187 186.9 187.2 188.2 188.2 189.6 190.4 191.3 192 191.8 192.1 192.5 192.9 193.3 193.6 193.6 194.2 194.4 194.1 194.1 192.7 190 186.9 182.3 175.1 163.6 154.5 150.7 145.9 144.9 145.1 145.6 147.1 147.3 147.2 147.3 147.3 147.5
218 212.6 206.6 203.1 200.8 199.3 198.6 197.9 197.6 197.1 199.8 202.5 204.7 206.8 208.5 210.2 211.7 212.9 214.2 214.5 214.7 213.5 213.1 212.5 212.4 209.3 204.1 200.5 195.6 193.7 192.4 192.7 193.2 192.9 192 190.4 189.2 187.7 188.8 189 188.4 188.3 188.5 189.8 189.8 191.2 191.3 193.7 193.7 194.6 199.2 199.7 196.5 196.1 197 198 197.9 194.6 193.8 192.4 190.5 188.8 186.2 181.9 175.4 166 155.6 150.7 145.6 144.9 145.1 145.4 147.2 146.6 146.9 147.2 147.2 147.2
218.8 212.7 209 206.2 202.3 200.6 200 199.5 199.9 199.2 200.4 202.3 204.8 207 209 210.6 211.8 212.9 214.1 214.6 214.6 214.2 214.2 213.9 213.4 210.5 207.5 204.3 201.3 195.8 194.9 195.3 193.9 194.1 193.2 192 190.6 190.4 191.9 192.6 192.4 192.1 192.6 192.1 193.1 195.6 197.9 198.9 201 203.3 205 205.7 203.8 202.4 205.9 206.7 204.4 201.5 196.2 192.8 189.3 186.7 184.3 179.1 172 163.5 155.9 150.2 146.2 144.1 144.5 144.8 146.3 146.1 146.7 147.3 147.3 147.2
219.2 213.1 210.6 208.6 206.3 202.6 201.9 202.1 201.5 201.3 202.8 202.8 204.4 206.8 208.8 210.2 211.2 212.1 212.6 213.7 213.7 214.7 215.5 215.3 213.6 212.8 210.9 209.7 206 203.4 200 199 196.5 195.2 194 192.5 190.8 191.8 193.4 194.6 195.9 196.1 196.5 196.8 197.4 199 202.2 203.8 206.1 207.9 209.3 210.6 209.5 210.2 210.5 209.4 209.1 206.4 201.4 191.5 186.7 183.3 180 174.6 167.2 159.9 154.3 150.1 145.9 144.3 144.5 144.5 145.5 145.3 146.7 147.7 147.5 147.3
218.9 214.9 212.3 210.3 208.4 206.4 204.9 203.9 203.6 202.6 203.8 204.9 206.3 207.5 208.6 209.4 210 210.6 211.7 212.5 213.7 214.9 216 215.7 214.7 215.1 214.3 211.2 208.7 207.8 204.7 202.5 203.1 202.7 198.8 192.6 189.9 190.9 193.8 197 198.7 199.3 199.2 199.4 199.7 200 203.2 206.2 208.5 209.7 210.9 212.1 212.5 212.9 212.9 212.6 210.6 207.7 202.1 191.8 185.2 180.3 176 171.7 163.3 156.2 152.7 148.7 145.7 143.2 143.3 143.8 144.7 146.9 146.6 147 146.7 146.4
219 216.3 215.5 212.9 210.5 209 207.1 205.6 204.9 204.4 204.7 206.3 208.4 209.3 210 210.5 210.9 211 211.7 212.7 213.8 215.2 216.3 215.9 215.9 215.3 212.6 211.2 211.1 209.7 209.2 209.2 208.2 207 203.6 198.8 189.3 188.5 192.2 194.8 196.6 198.5 200.2 201.1 200.1 199.8 203.2 207.4 209.4 211.3 212.5 213.8 213.9 214.8 213.3 212.6 211.5 208 201.4 195.3 185.6 178.6 174.6 170.4 164.1 155.8 153.5 148.1 145.7 144 143.5 144.4 145.8 146.4 145.4 146.7 146 146.4
221.2 218 217.1 215.6 212.9 210.1 207 206.3 205.6 205.9 206.5 209.7 211.7 212.2 212.5 212.2 212.9 212.9 212.7 213.6 214.9 215.4 215.5 215.1 214.7 213.6 213 212.7 213.3 212.9 213.4 213.9 213 211.6 210 205.3 192.8 186.1 188.7 190.4 192.9 195.4 197.9 200.3 199.9 199.4 202.6 206.3 209.2 212.2 214 215.3 214.5 215.2 214.4 213.5 211.7 207.2 201.7 196 184.9 179.8 174.9 170.2 165.5 159.6 155.8 149.7 145.7 143.4 142.9 145.2 145.5 146.2 145.9 145.7 145.4 145.5
220.9 218.6 217.6 215.8 213.8 211.7 207.9 206.7 206.3 207 209.8 212.6 214.6 216.1 216.8 216.2 215 214.5 214.4 214.2 214.2 214 213.8 213.5 213.2 213.1 213.2 214.2 215 215.8 216.3 216.2 215.7 214.6 212.6 205.3 193.6 184.5 185.6 187.5 189.9 192.4 195.4 198.8 198.8 198.4 200.2 203.1 207.4 210.5 212.4 212.8 212.8 213.8 214.7 214.9 212.5 207.3 202.7 195.3 184.5 179.7 175 170.5 165.9 161.2 157.6 153.7 146.8 144.5 143.3 145.1 145 145.1 144.2 144.2 144.1 142.4
221.6 219.1 217.9 216 214.1 211.8 209 207.4 206.7 208.3 212.3 215.1 218.2 220.2 220.7 218.8 217.3 215.9 215.2 215.4 213.6 213.8 213.1 213.2 212.5 212.4 212.3 213.5 215.2 216.1 216.4 216.4 216.4 216.5 213.6 205.1 194.5 183.9 182.9 184.7 186.6 189 192.5 195.5 197.2 197.1 196.9 198.8 202.2 205.1 208.4 210.4 212.7 214.6 216.9 216.1 213.2 206.6 200.9 191.5 184.2 179.7 175.3 170.8 166.5 162.2 158.3 154.4 147.7 143.9 143.3 144.2 143.5 144.3 144.6 142.6 142.4 142
223.5 221.1 218.2 216 214.1 210.4 209 207.2 207.9 212.2 214.6 217.9 222.1 226.1 225.7 226.7 221.5 217.6 216.3 214 214.5 214.1 213.8 212.5 211.9 211.5 210.9 212.1 212.9 214.6 214.7 215 214.5 214.6 208.3 202.8 195.5 185.8 179.3 181.4 183.7 186.1 188.8 192.7 194.6 195.3 195.1 195.1 198.1 201.8 206.3 210.4 212.8 215.2 216 215.9 211.2 203.9 196.6 191 184.8 179.6 174.8 170.5 166.1 161.7 158.2 154.4 147.9 142.9 143.1 145.2 143.7 144.3 143 142.2 142.3 141.7
226.5 222.8 220.1 216.9 212.6 210.4 208.2 208 211.6 214.6 218.5 224.1 228.3 232 235.6 232.1 226.7 220.8 216.9 214 215.3 214.8 214.4 213.2 212.8 212 210.8 208.7 208.9 210.4 210.2 210.6 211.1 208.6 204.7 199.5 194.5 187.3 177.7 177.9 181.3 183.7 185.3 189 191.4 193.4 193.2 193.3 194.1 197.6 204.6 208.7 211.4 214.3 214.4 214 210.4 205.5 195.4 189.6 184 178 173.7 169.5 164.2 161 158 154 145.6 142.9 142.7 143.8 143.2 142.6 141.9 141.8 141.8 141.6
226.2 224.4 221.3 216.5 213.1 209.3 208.1 211 214.8 220.1 226.6 231.3 235.9 239.8 241 238 237.4 231.2 220 216.8 215.5 215.5 215 214.1 213.5 211.8 210.3 208 205.3 201.2 203.1 203.6 203.9 201 197.5 196.2 192.6 187.6 179.2 176.6 178.3 181 183.9 185.6 187.6 190.2 190.6 190.6 191.8 195.3 201.7 206.6 209.9 212.4 213 213.4 212.9 209.1 197.6 187.8 183.6 176.8 173 168.2 163.6 159.8 156.5 151 144.1 142.3 143.3 143.7 142.4 141.8 141.7 141.7 141.6 141.6
225.6 224.4 219.9 214.6 210.7 209.1 210.6 213.5 220.1 227.3 232.2 238.3 243.1 245.3 245.3 245.2 242.8 237.4 227.2 219.1 215.6 215.2 214.7 214 212.4 210.7 208.4 206 203.7 199.7 197.5 197.1 195.6 194.7 193.4 192.2 190.3 186.5 179.8 175.3 175.3 177.3 180.1 182.2 184.6 186.6 187.5 188.6 190.2 193.5 199.8 204.7 208.4 211.7 214.8 216.2 217.8 213.4 200.9 191 183.2 176.9 172.6 167.7 163 157.5 153.1 146.2 142.4 141.6 142 141.9 141.9 141.7 141.7 141.7 141.6 141.6
222.3 218.9 214.5 210.6 208.8 209.2 212.6 220 228.7 233.5 239.9 244.8 247.3 248.4 250.1 250.5 246.4 241.2 229.9 222.2 218.4 215.3 213.3 212.7 210.9 208.8 206.4 203.9 200.1 198.5 196.4 193.3 192 192.4 189.8 189.6 188 185.5 179.5 175.3 175.3 176 177.2 179.7 181.8 183.1 184.8 187.4 189.3 191.9 198.4 204.4 208.9 214.1 217.6 220.5 220.9 214.5 205.2 195.6 185 176.3 170.5 165.7 160.9 152.6 149.1 146.1 143.3 142 141.6 141.4 141.5 141.6 141.6 141.6 141.6 141.6
215.5 210.9 208.3 205.3 206.1 212.2 218 229 235.3 240.1 245.5 249.2 251 253.3 255.8 252.7 249.3 243.3 234.5 227.5 219.9 217.2 214.8 212.7 210.2 208.6 206.6 203.7 202.1 199.6 197 193.8 191.8 188.2 187.3 185.7 183 179.4 177.6 176.6 174.6 172.3 173.9 176.4 178.6 181 184.1 185.3 185.9 191.4 197.3 203.2 209.8 216 220.2 223 221 217.7 212.7 201.6 187.8 178 171.6 163.8 158.7 149.8 146.1 145.4 142.8 142.3 141.9 141.7 141.5 141.5 141.5 141.5 141.6 141.5
208.2 204.1 202.8 203.9 210.8 218.6 226.7 233.8 238.9 244.9 248.6 251.4 253.7 256.2 255.7 253.5 249.9 243.3 238.8 232.7 225.9 221.7 217.9 216.2 213.9 211.4 209 207.7 205.2 200.2 197.6 193.5 191.9 190.2 189.4 188.2 185.7 183.3 180.3 177.5 174.9 173.3 172.4 173.6 175.6 178.6 181.2 182.7 183.9 188.9 194.3 202.9 210.2 216.5 220.9 222.9 222.5 221.6 216.2 204.7 193.2 180.7 169.7 161.5 157.5 150.2 146.1 142.9 142.1 141.5 141.9 142 141.7 141.5 141.7 141.8 141.9 141.7
200.5 200.6 202.2 207.3 216.8 224.5 232.2 237.1 241.7 246.4 249.6 252.5 254.5 255.5 254.7 251.8 247 242.7 238.7 234.1 229.2 224.7 221.5 218.3 217.5 215.5 213.1 210.9 207.7 204.3 198.6 195.5 193.2 193.8 192.7 190.8 188.3 185.7 182 178.5 175.6 173.2 171.2 172 171.2 175.3 178.4 180.1 182.5 185.8 193.3 201.8 209 215.1 220 222.5 225.3 222.2 215.8 207.2 198.5 186.2 172.2 161.3 156.1 149.7 145.2 142.7 142.4 141.8 141.6 141.7 141.6 141.7 141.9 142.1 142.4 142.7
198.2 200.3 202.9 213 221.8 228.7 234.9 239.3 243.7 247.1 249.8 252.2 254.8 254.8 252.9 248.6 244.1 240.6 237.3 233.2 229.6 226.4 224.2 222.5 221 219.9 218.3 216.5 215.4 207.4 200.8 198.7 198.1 196.3 194.1 191.7 189.7 187.6 185 181.2 177.2 174.1 171.5 170.7 171.4 173.6 176 178.5 180.8 185 191.5 199.7 208.2 214.8 218.5 222 222.3 219.8 214.5 208.1 201 188.2 172.1 162.4 154 147.3 145.3 143.7 142.9 142.9 143.2 142.6 142.1 141.6 141.8 141.9 142.2 142.2
197.3 201 205.7 216.5 224 230.6 235.9 240.6 244.4 247.2 250 252.7 253.6 251.6 248.8 244.4 240.3 236.9 234.3 231.3 228.3 226 224.4 222.5 221.1 220.1 219.1 218.5 218.2 204.7 202.4 201.6 200.2 197.9 194.7 192.2 190.3 187.4 185.9 182.9 179.4 176 171.6 169.5 171.1 172.1 174.7 178.1 181.5 184.1 190.5 198.1 206.1 210.9 215 217.7 218.2 215.2 211.5 207.7 196.6 180.7 170.8 160.5 150.7 147.6 146.1 144.2 144.4 144.9 145.8 144.7 142.9 141.9 141.7 141.8 142 142.1
197 200.4 211 217.6 224.3 230.2 236 240.6 243.8 247.2 249.2 250.1 249 246.4 243.2 238.8 235.3 232.7 229.7 229 226.3 225.2 223.3 221.9 220.7 219.3 217 214.2 208.5 203 203.3 203 201.8 199.8 198.7 195.7 191.3 188 185.6 183 179.6 175.5 170.5 168.4 170.1 170.9 174.4 177.9 180.5 184.6 188.3 194.5 199.8 205.3 208.5 210.3 211.3 208.8 208.6 200.3 186.6 175.2 164.3 154.1 150 149.1 148 147.3 147.7 148.3 148.7 148.5 146.2 144.5 142.6 141.8 141.3 141.6
197.9 202.1 209.3 216.9 223.2 229 234.7 238.5 241.5 244.5 245.4 244.9 243.7 240.6 237.3 233.4 229.2 227.7 226.5 225.8 224.3 222.7 220.9 218.4 216.8 214.5 212 206.5 202.1 201.5 201.6 202.3 201.7 200.7 197.7 194.9 189.7 187.6 185.3 182.3 178.7 174.6 170.5 168.9 168.6 170 174 176.9 179.4 181.5 185 189.3 193.7 198.8 201.5 204.6 205.2 202.3 197.2 186.9 176.4 166.4 157.8 151.9 153.2 153.6 155 153.9 153.5 152 152.6 152.1 151 149.4 146 143.2 141.9 141.6
199.7 202.9 206.9 213.5 220.5 227.3 233 236.5 238.8 240.1 240.4 240.5 238.5 234.8 231.2 229.4 228.9 225.5 224 223.1 221.9 220 218.1 215 210.9 207.3 205 202 200.7 200.1 199.3 198.9 198.7 197.4 195.7 192.4 189.8 187 184.1 181 178.2 173.1 170.4 168.9 168.4 170 173.4 175.5 176.9 177.4 179.5 183.7 188.5 191.9 195.3 198.3 194.7 191.8 183.2 176.4 168.9 161.2 152.9 155.9 161.7 164.6 165.6 167.2 165 163.3 159.7 157.5 155.1 152.1 149.9 146.7 143.7 142.4
201.5 203.2 205.7 210.8 217.1 223.8 229.6 233.5 235.2 236 236 235.1 232.2 231.2 229.5 228.2 226.2 224.4 223.8 222.1 220.5 218.6 217.4 214.2 210.9 208.1 203.6 201.4 199.6 197.9 197.4 196.8 195.8 194.5 193.2 190.7 188 183.6 179.6 178.2 175.2 172.7 170.5 168.7 168.3 169.8 172.8 173.8 174 173.6 174.2 178.2 182.6 184.1 185.4 182.6 180 176 173.3 166.4 159.1 156.3 157 165.2 171.3 176.8 179.2 179 174.1 170.4 166 162.4 160.4 156.9 153.5 149.8 146.9 145.4
201.3 203.2 206.3 210.4 215.4 221.9 226.8 229.6 230.3 230 229.7 231.4 231.3 231.4 230.4 226.6 225.3 225.3 224.9 223.9 221.9 220.6 218.7 217.3 217.4 208.8 204.8 202.8 200 197.8 195.5 194.4 193.1 191.4 190.5 187.8 183 180.4 178.3 175.9 172.9 171.4 170.3 167.7 169.1 170.5 171 171.2 171.3 170.6 170.6 172.4 175.5 174.6 173 172.1 170 167.6 163 159.4 159.5 158.5 168.8 172.2 176.2 187 192.8 194.7 188.1 179.9 168.7 166.6 164.6 161.3 157.8 153.6 149.5 147.8
200 201.3 207 210.9 217 221.5 224.2 224.9 226.3 227.7 228.6 231.1 232.8 233.3 230.9 228.7 227.8 227.5 228.4 227.8 226.8 227.4 229 228.8 225.9 215 209.5 206.3 203.7 201.7 197.7 195.4 193.2 189.9 187.9 184.1 181.5 179.4 177.6 175 172.1 169.5 168.2 166.2 170.1 170.8 169.6 167.7 167.8 166.9 167.9 168.8 173.4 168.9 164 165.3 162.2 159.5 157.9 158.7 162.1 169.8 175.2 180.4 189 198.2 203.6 204.3 199.3 192.2 178.8 171.3 170 168.8 163.8 158.3 152.7 151.1
198.6 200.9 206.2 212.5 216.4 218.2 219.5 222.7 225 227.5 229.8 232.1 234.1 233 230.2 230.5 231.5 232.5 232.1 232.6 233.4 234.2 235.8 232.3 227.7 223 221.7 219 217.6 211.8 208.9 204.3 198.1 195.6 192.1 188.4 186.5 182.9 181.6 178.2 175.9 172.3 167.4 166.5 169.8 170.2 168.4 166.4 163.8 163.6 164.4 164.3 162.3 159.9 159.7 158.5 157.9 157.6 160.4 165.1 170.8 182.6 191.1 193.5 198.6 205.1 210.6 209.2 208.4 203.2 192.3 182 178.5 175.6 172.5 165.4 158.7 155.2
199.1 202.9 207.6 211.2 212.7 214.9 217.4 221.1 223.3 225.3 227.6 232.2 232.9 230.7 231.1 233.3 235.2 236 236.7 237.3 237.9 238.4 239.8 234.5 230.1 229.1 227.4 226.1 225.4 223.5 218.3 213.9 212.1 211 207.8 203.9 201.1 199.5 192.6 192.8 188.8 176.9 170.6 163.6 167.5 167.7 166.2 163.4 160.5 160.4 161.7 160.1 157.7 157 156.3 156.4 156.5 158.9 164.2 172.3 180.5 187.1 192.8 197.8 205 209.6 213.7 213.5 213.4 210.4 202.5 191.6 184.4 180.3 176.1 170.4 162.7 157.3
195.3 201.7 203.8 207 209 211.8 214.8 217.6 218.6 220.8 226.3 230 231 231.4 233.3 235.6 238.5 239.1 239.4 240.3 240.3 239.7 238.4 235.3 233.1 232.4 231.7 231.6 231.1 228.5 228 224.9 219.9 218 215.5 213.3 212.4 209.4 206 204.5 198.1 185.6 171.8 163.6 163.5 164.5 163.2 162 159.9 159.4 158.2 157.5 155.9 155.7 155.7 155.8 156.3 160.1 165.3 172.4 181.1 186.8 192.8 199.6 207.7 212.2 215.7 217.5 218.2 215.3 208.6 199.9 192.5 184.8 177.7 170.9 165.6 159.2
194.1 198.3 200.6 202.4 206 207.9 210.5 212.1 213.8 218.2 223.7 226.7 229.1 233.2 235.5 238.4 241.4 242.4 241.6 242.1 241.6 240.2 238.8 237.6 237.3 235.4 235.2 234.6 233.8 232.7 229.1 227.1 224.9 223.1 220.6 218.3 216.6 214.9 214.1 211.2 203.3 189.4 172.1 167.7 165.2 162.3 160.5 159.9 159.7 158.1 157.1 156.3 155.3 155 155.2 155.4 156.2 161.2 167.2 175.4 180.7 187.1 194.7 201.5 207.9 213.4 216.4 219 218.9 217.4 212.2 202.8 197.5 190.9 183.1 173.8 169.4 161.5
193 195.4 197.7 200.5 202.8 204.3 206.9 208.9 212.4 216.9 221.9 226.2 230.3 235.4 238 242.5 242.6 243.5 244.1 243.3 242.1 241.5 240.9 241.2 239.7 238.4 237.4 235.6 234 231.3 229 228.5 228.7 226.9 222.7 220.4 219.9 219.4 217.9 214.5 205.9 187.1 173 167.2 164.3 162.2 159.2 158.1 158.9 157.8 157.6 157.6 155.2 155 154.9 155.3 156.8 162.5 170 176.8 182.1 188 196 202.8 207.6 211.9 213.8 215.6 216.5 214.3 209.4 202.8 199 196.1 191.2 181.6 169.1 164.5
190.2 193.2 195.9 197.9 200 202.8 205.9 210.1 214.8 221.2 224.8 229.1 233.6 237.8 240.2 243.5 245 243.4 243.3 242.8 242.1 242.4 243.2 242.7 242 240.8 239.2 235.6 231.8 229.4 228.4 227.6 227.5 226 223.6 223.6 223.8 222.6 219.5 213.9 205 186.6 171.2 165.9 163.5 160.5 158.1 157.8 158.6 157 157.2 158 157.8 154.8 154.7 155.9 157.7 163.8 172.4 177.6 182.9 189.5 197.5 202.8 207.2 209.1 210.9 212.6 213.5 212.1 204.9 202.4 202 199.6 195.3 187.5 176.2 164.4
189.8 192 194.4 196 199.4 202.6 207 214.3 218.9 223 227.1 231.2 235.2 238.2 241.3 243.2 243.7 242.7 242 241.4 243 243.1 243 242.6 242.6 241.7 240.8 237 228.8 223.8 223.5 223.6 224.5 224.8 225.7 227 227.2 222 217 211.8 203 188.2 167.7 165.6 162.4 159.6 156.4 157.4 157.9 156.2 156.3 155.9 156 156 155 156.3 159.5 165 171.4 180 187.2 193.1 199.1 203.5 206.2 208.2 209.5 208.6 208.1 206.8 204 204.5 203.9 200.1 196.5 191.3 184.5 171
187 190 192.1 195.8 200.5 204.8 209.6 215.5 221.1 225.2 228.9 232.3 236.7 239.4 240.8 241.6 241.1 240.8 240.4 241.3 243.2 243.6 243.4 243.7 244.2 242.9 239.6 231.9 226.9 217.9 213.6 216.4 217.9 221.6 224.3 226.6 223.9 218.6 213.5 208.6 201 189.7 169 164.3 161.8 158.8 155.4 157.1 156.9 156.3 155.8 154.2 154.5 154.7 155.2 157.9 161.3 165.3 172.3 183.3 189.2 194.9 200 203.8 207.2 207.7 205.9 204.3 204.8 204.9 204.5 204.6 202.6 199.4 196.5 193.5 186.5 177.6
185.6 189.5 193.8 197.6 202.2 207.2 213.6 219 224.4 227.9 231.3 234.9 237.4 238.7 238.7 238.1 236.7 237 239.6 241.5 242.8 243.9 244.3 244.7 244.2 242.8 235.7 234.3 220.1 214.2 209.3 207.1 208.5 211.4 215.3 218.4 216.2 212.2 210.1 205.1 198.5 186.9 168.8 163.7 161.3 159.1 155.8 156.1 156.4 155.7 154.8 153.8 153.8 154.2 155.8 158.3 163.9 168 180.7 186.5 192.1 196.5 200 203.5 206 204.2 204.1 203.4 203.4 203.6 203.3 202.7 201.4 198.1 196.3 192.3 186.6 181.1
