public/OST50/SN65.asc
ncols 200
nrows 200
xllcorner 260000
yllcorner 250000
cellsize 50
[rows 0 to 34 of 200, columns 78 to 155 of 200]
215.3 214.7 214.2 212.7 212.2 211.6 210.9 209.9 209.8 210.5 211.1 212.9 215 213.5 216.2 219.7 223 219.8 217.5 214.9 212.4 211.2 211.9 206.5 201.4 196 190.4 188.2 185.2 183.2 181.5 179.2 177.1 175.6 174.4 173.9 171.4 172.3 173.6 176.8 179.2 179.3 176.8 173 168.8 167.2 167.2 168.9 168.7 169.2 170.9 170 166.7 156.5 164.1 164.8 167.1 168.4 166.3 163.4 163 163 163.4 163.7 164.2 164.5 165.1 165.5 165.4 166 166.7 167.4 168 168.4 169.3 169.3 169.7 170.4
213.4 213.3 212.3 211.8 211.2 210.5 209.9 207.9 208.8 208.4 209.2 210.7 210.9 211.1 213.7 215.3 216.4 215.8 215 211 209.8 207.8 205 201.6 198.8 195 190.4 188 185.6 183 181.4 178.3 175.9 173.4 172.1 171.2 170.1 169.3 170.5 173.3 176 177.5 175.5 172.4 168.3 165.6 164.9 165.7 165 165.8 164.7 162.4 156.1 158 166.8 167.9 173.3 172.8 166.9 163.1 162.7 162.9 163.5 163.9 164.1 164.6 165 165.3 165.7 166.3 166.8 167.6 168.3 168.9 169.3 169.7 170.1 170.8
210.7 210.2 210 210.7 210.2 209.4 208.2 205.3 205.7 204.9 206.5 207.9 207.4 209.1 210.3 213.3 212.6 211.3 209 207.4 206.3 204.8 201.9 199.8 197.7 193.9 191.4 188.9 186.5 182.8 181.7 178.8 175.6 173.4 172.3 170.6 170.3 170.2 169.7 170.5 173.3 175.2 174.1 171.3 166.8 164.2 162.4 163 162.8 163.5 158.6 157 157.4 168.2 168.2 172.2 174.6 172.2 166 163.6 161.9 162.3 163.3 163.7 163.9 164.4 164.9 165.3 165.5 166.4 167 167.8 168.5 169 169.6 170.2 170.6 171.2
206.4 206.7 207.3 207.6 208.2 206.6 205.3 203.8 204.2 204.5 204.5 205.6 205.5 206.1 207.9 208.6 210.5 208.6 207.2 208.9 209.8 206.8 201.4 199.6 197.1 194.9 192.6 190.1 188 185.5 182.9 179.1 176.6 173.9 171.8 171 170.5 171.9 170.4 169.1 170.6 172.3 172 169.6 164.8 163.2 161.9 160.4 159.4 158.1 157.4 156.1 162.2 167.8 168.5 170.8 173.9 167.9 165.4 162.5 160.1 161.4 162.7 163.6 164 164.2 164.7 165.1 165.4 166.5 167.2 168 168.6 169.2 169.8 170.4 171 171.5
201.9 203.4 204.6 204.7 204.2 203.3 202.5 202.5 202.9 203.1 202.7 203 204.6 205.5 206.3 208.4 207.7 207 207.5 209 209.8 208 204.6 201.9 198.5 195.9 193.8 191.7 189.8 187.6 185.1 181 177.8 174.9 172.5 171.8 171.8 171.8 170.6 168.9 168.8 169.5 169.4 165.9 164.1 163.2 162.6 162 160.9 159.8 157 156.7 160.9 166 169 174.6 174.4 165.9 162 159.3 158.3 159.1 159.7 161.8 163.5 164.3 164.5 164.9 165.7 166.5 167.3 168.5 168.7 169.4 170 170.5 171.1 171.7
198.6 200 201.2 201.6 201.2 200.7 200.9 201.2 201.5 201 201.8 202.8 202.2 203.8 205.2 205.7 204.7 205.1 207.1 208.9 209.3 209.4 207.1 205.3 199.9 196.6 194.7 192.8 190.9 189.8 188.1 184.9 180.6 176.5 174.4 173.3 172.3 171.7 170.1 168.7 167.2 167.6 166.3 165.2 166.9 166 164 163.5 162.4 158.8 157.5 156.3 160.3 161.7 170.3 170.8 164.9 162 158.7 157.2 157.2 157.1 157.3 157.8 161.1 163.8 164.3 164.8 165.7 166.5 167.3 168.1 168.7 169.5 170.1 170.7 171.3 171.8
195.6 195.6 197.2 198 198.8 199.4 199.6 199.2 199.4 198.9 200.3 201 199.6 201.4 201.5 201.8 202 204.1 205.4 208.1 208.1 208.8 204.9 200.7 198 196.6 195.6 194.5 193.8 193.3 191 188.2 185.2 180.6 177.4 175.5 173.8 172.2 170.7 169.2 168.4 168.1 168.1 167.3 168.8 168.8 167.6 166.4 164.4 161.8 158.4 156 157.8 159.6 163.9 162.2 159.3 158 157.4 156.9 156.8 156.9 156.6 158 158.4 162.5 164.4 164.8 165.8 166.5 167.3 168.1 168.7 169.6 170.4 170.7 171.1 171.6
192.3 192.7 194.4 196.7 198.1 198.4 198.2 196.6 196.7 196.8 197.3 196.5 196 196.4 195.9 196.8 198.8 200.8 202.1 203 204.3 201.7 199.5 197.1 196.3 195.8 194.7 195.7 196.8 198.9 198 199.3 196 186.9 180.4 177.6 175.3 173.5 171.9 170.5 169.9 169.8 169.6 169.6 170.1 170.4 170.3 169.2 167.2 165.5 163.6 158.1 157.1 157.6 157.2 157 156.8 156.8 156.6 156.8 156.6 156.5 156.3 156.2 158 161.4 163.8 164.9 165.7 166.4 167.4 168.5 168.6 169.4 170.3 170.8 171.4 171.7
190.4 191.7 193.9 195.9 197 197.6 196.9 194.3 194.1 194.2 193.8 193.4 193.3 193 192.9 193.4 194.8 195.6 196 196.4 195.7 195.3 194.4 193.8 193.8 194.1 194.9 197.1 201.6 203.5 204.9 205.1 200.5 194.1 191 187.3 181 176.3 174.8 172.7 171.8 171.5 171.6 171.4 171.1 171.1 170.6 170 168.8 167.4 165.5 162.2 156.4 156.4 156.7 156.9 156.9 156.9 156.5 156.2 156.7 156.3 156.4 156.3 156.7 159.6 162.3 164.2 165.4 166.2 167 168 169.1 169.7 170.8 171 171.1 171.5
189.8 191.1 192.7 194.5 195.4 195.9 194 192.2 192.6 192.7 192.3 191.5 191.2 190.9 190.8 191 191.2 191.5 191.2 190.8 191.1 191.6 191.9 192.5 193.7 194.8 198.2 202.1 204.9 206.2 208.2 208.5 207.2 203.2 201 197.3 189.1 181.3 179 176.8 173.7 173.6 173.1 172.8 171.8 170.8 170.7 169.9 168.9 168.4 166.3 163.6 160.1 156 156.4 156.5 156.6 156.9 156.7 156.4 156.9 156.2 156.4 156.3 156.3 160.1 161.4 163.4 165.1 165.9 166.9 167.7 168.7 169.3 170.6 170.9 171.1 172
188.7 189.8 191 192.3 193.4 194.1 192.5 191.4 190.8 191 190.6 189.7 189.1 189.8 189.6 189.4 190.3 189.6 190.3 190 189.9 191.5 191.2 192.5 195.2 197.7 202.6 204.9 206.3 208.5 210.7 210.8 210.9 211.9 210 204.3 195.6 186.9 183 180.4 177.9 176.2 174.8 173.4 171.8 170.6 169.7 168.7 168 167.2 165.5 163.2 160 156.7 156.1 156.3 157 156.9 156.8 156.6 156.7 156.3 156.4 156.3 156.4 158.3 159.2 163.1 164.6 165.9 167 167.3 168.5 169.6 169.5 170.1 170.8 162.1
187.4 188.3 189.3 190.2 191 191.8 191.2 191 190.4 189.8 189.5 189.2 189.1 189.5 189.4 189.8 190.1 190.2 189.8 189.7 189.9 191.5 191.9 195.1 197.9 200.8 204.3 206.4 208.2 212.3 213.7 214 216.3 218.5 216.1 210.2 197.4 189.7 186.5 183.5 180.6 178.4 176.5 174.6 172.9 170.8 169.2 167.2 166.8 165.7 163.7 161.2 159.2 157.8 156 156.7 157 156.8 156.7 156.7 156.9 156.9 156.4 156.3 156.3 156.4 157.5 161 163.8 165.5 166.7 167.6 168.4 168.7 166 160.9 160.9 161.4
185.9 186.8 188.2 189.8 189.8 190.4 190.8 191 189.9 189.9 189.6 189.2 189.3 189.3 189.8 190.4 190.7 191 191.1 191.2 191.7 192.1 196.5 197.7 200.2 202.3 207.3 208.8 212.5 216.6 217.2 219 222 222 220 214.2 205.1 196.1 190.2 186.1 182.7 180.7 178.6 177.3 174.7 172.4 170.1 168.4 166.9 164.5 162.3 160.7 159.4 159 156.8 156 156.2 156.4 156.5 156.6 157.8 156.6 156.5 156.5 156.4 156.5 157.9 159.1 162.6 165 166.6 167.2 167 159.5 159.7 159.2 160.4 161
184.4 184.9 187.3 189.3 189.7 190.2 190.6 190.9 188.6 189.9 190.1 189.7 189.7 189.8 190.1 190.6 192.4 194.6 194.7 194.3 193.9 197.1 198.3 201.3 204.4 205.8 210.1 212.3 215.7 218.1 219.4 222.6 224.9 225.4 222.2 217.7 213.3 205.5 194.3 189.4 185.9 183.1 181.1 178.7 176.5 174.1 172.3 170.7 168.8 165.8 163.4 160.7 159.3 159.1 156.6 156.2 156 156.4 156.1 155.9 155.8 157.3 156.7 156.8 156.5 156.5 156.2 156.7 160.5 163.2 166.2 163.3 159.1 159.2 159.5 159.8 160 160.2
187.2 189.7 192.3 192.7 192.8 193.8 192.3 190.8 189.7 190.4 190.9 190.9 191.1 191.7 193.1 194.2 195.9 196.8 197.4 198.7 199.3 202.3 204 206.6 207.7 209.5 212.4 214.5 217.8 220.3 223.9 226.8 226.9 227.4 224.4 221.4 216.2 214.3 200.7 194.2 190.7 186.1 184.4 181.8 178.3 175.4 173.7 171.9 169.3 166.4 163.4 160.8 159.6 158.8 156.7 156.4 155.7 156.4 155.9 155.6 155.6 156.1 156.1 156.2 156.3 156.4 156.5 156.8 158.2 162 164.9 158.7 158.7 159 159.4 158.6 159.7 169.9
190.5 193 196.5 197.6 197.9 196.6 194.4 191.1 189 191 191.8 194.2 196.2 195.7 196.2 196.8 198.2 198.9 199.6 201.9 204 205.5 207.9 209.8 210.5 212.4 214.6 217.2 220.6 223.5 226.3 228.4 227.4 227.2 223.7 222.5 220.6 214.9 207.4 201.4 197 191.2 187.2 183.6 180.1 176.4 174.6 172.1 169.7 167.1 163 159.9 159 158.6 156.8 156.4 155.6 155.5 155.6 156.1 156.1 155.8 155.7 155.6 155.6 155.7 155.9 158 160.4 163.5 167.3 158.3 158.4 158.8 159.4 159.1 164.8 168.9
191.8 194.8 197.2 198.4 198.2 196.3 194.1 188.5 188.9 192.8 196.5 199.4 200.3 200.5 199.4 199.4 200.1 200.9 202 203.7 206.4 207.5 210.8 211.4 212.2 213 214.4 217.4 220.1 222.7 223.7 225.5 227.5 225.6 225.6 226.3 221.8 215.3 212.1 207.3 202 195.8 189.3 185.8 180.8 177.6 174.8 171.6 169.6 166.8 162.8 159.4 158 157.9 156.8 156.6 155.5 156.3 156.9 156.6 156.4 157 155.7 155.6 156.1 155.5 155.6 158.9 162 166.5 167.8 158 158.1 158.4 158.4 161.5 165.6 169.9
193 195.5 197.2 197.3 196.5 194.9 192.9 186.4 189.1 195.4 199.6 201.7 203.4 202.9 201.9 200.9 201.1 202 203.1 204.7 206.7 209 211.3 211.8 212.4 212.9 215.1 218.1 219.1 221.3 222.9 223.6 225.4 224.9 227.6 227.7 222.4 218.7 216 212.2 208.1 200.7 194.5 188.6 182.4 178.5 175.4 171.9 168.9 165.9 163.3 158.9 158 157 156.9 156.8 155.6 155.5 156 156.6 156.1 156.3 156.1 156.3 156.4 156.2 157.4 155.6 165.5 166.2 166.1 158.4 158.4 158 159.2 163.8 166.7 173.4
192.5 194.2 196 196.3 195.1 193.6 191.1 186.2 193.1 196.3 198.3 201.8 203.7 203.6 202.5 201.3 201.5 202 202.7 204.7 207 210 210.6 212.1 213.2 211.1 215.1 216.4 217.7 219.9 220.7 220.8 222 224.3 225.2 222.5 219.3 218.4 218 215.2 211.5 203.8 199 192.6 186 180.9 176.5 172 168 165.4 163 159.6 157.9 157.2 157 156.9 156.6 156.2 156.8 156.6 156.4 156.6 156.5 156.7 157.1 157.2 158.4 161.9 159.9 164.5 163 157.6 157.7 158.1 160.9 163.6 168.4 175.8
191.2 192.8 193.8 194.4 193.3 190.1 186 186.8 193.6 196.3 199.2 201.5 203.1 203.5 202.4 201.2 200.1 200.1 201.7 204.4 206.3 208.9 209.1 211.8 210.5 208.6 210.2 212.2 214.8 216.3 215.7 217.6 219.9 220.8 220.1 217.4 216 217 218 215.8 211.9 207.3 202.8 195.2 189.9 184.6 179.3 173.7 168 165.5 162.5 159.8 158.4 157.9 157.8 156.8 157.5 157.9 158.3 157.4 156.6 158.7 160.3 162.9 164.7 160.5 162 157.2 155.2 156.9 157.6 156.4 157.7 158.1 161.4 164.6 172.3 179.4
191 191.7 192.2 191.7 189.3 188.1 183.5 190.2 193.4 196.1 198.6 200.4 201.1 201.6 200.8 199.4 198.2 198.1 200.4 202.9 203.4 204.8 205.5 207.4 206.7 206.4 207.3 208.8 210.5 211 213.1 215.5 216.3 216.9 215.1 214.5 215 216 217.4 215.4 211.8 208.1 202.4 194.9 191 188.2 181.3 175.7 170.2 166 163.2 161.1 160.2 158.7 159.5 159.4 159.5 159.6 159.5 160 160 162.8 165.1 166.7 163.6 161.9 163.1 157.4 155.2 156.7 156.9 157.1 157.3 158.4 161.8 166.9 174.6 180.6
189.4 189.6 189 187.6 185.8 181.2 184.4 189.6 192.5 195 196.6 197.9 198.5 198.9 198.1 196.6 195.8 196.2 197.5 199.2 199.8 200.8 202 203.2 203.9 203.8 204.6 205.3 206.7 209 210.8 213 212.9 212.4 212.3 213.7 215.2 215.6 217.3 213.1 211.1 206.8 200.1 193.6 190.9 186.3 180.2 177.1 170.8 167.4 163.2 161.6 161.1 160.3 160.3 160.9 161.7 162.4 162.7 161.8 162.5 164.1 165.4 166 165.5 167.3 167.4 155 157 156.3 156.5 156.8 157 159.5 162.8 171.7 177.2 180.5
187.8 187.4 187 184.7 180.2 179 184.5 188.6 191.4 193 194.2 195.5 196.1 196.3 195.6 193.7 193.9 194.2 195.5 196.9 197.8 198.6 200.1 200.7 200.5 200.1 200.7 201.7 204.7 205.9 207.1 208.4 208 208.4 208.4 210.3 212 214.3 212.4 209.8 206.6 201.9 196.2 191.7 188.1 180.6 175.9 174.6 172.2 166.7 163.7 162.6 162.3 162 162 162.7 163.1 163.5 163.5 163.3 163.4 164 164.6 165.5 166.4 167.2 167.1 167.2 155.6 156.2 156.1 156.4 157.2 163.2 169.8 174.6 178.2 182.1
185.2 185.1 183.4 178.9 175.5 179.3 182.1 185.5 189.2 191.1 192.4 193.7 194.3 194.5 193.1 191.7 191.8 192.8 195.2 197.3 197.6 199.1 199.3 198.8 198.4 198.7 200.5 201.1 202.3 202.8 204.2 203.7 203.5 203.5 204.5 205.6 208 208.9 207 204.1 200.1 196.7 192.7 190.5 185.4 178.3 173.3 172.2 171.7 168.8 163.5 163.4 163.4 162.8 163.4 164.7 164.9 164.9 165.6 166.1 165.7 165.5 165.2 165.4 165.9 167.2 168.7 170.4 172.3 155.2 155.6 156 157.2 167.4 172.9 176.4 180.1 187.2
183 181.2 178.6 176 176 178.4 179.8 180.9 187.1 189.3 190.3 191.8 192.2 191.9 190.4 188.9 190.5 193.9 196.5 198.7 199.3 199.1 197.7 195.8 198.1 200 200.5 200.7 201.4 201.7 201.8 201.4 200.4 200.6 200.8 201.8 202.3 201.9 200.7 198.7 196.6 193.2 190 189.5 182.6 174.9 171 170 167.7 164.4 162.7 165.5 166.5 166.7 166.8 168 168.3 168.2 167.9 167.8 168.2 167.4 167.5 167.6 167.1 168.7 171.4 172.4 172.4 169.3 154.8 155.9 157.4 169.8 175.5 178.7 182.7 189.8
180.8 178.9 176 173.7 175.8 175.9 176.6 178.3 183.2 186.7 188.2 189.3 189.2 188.6 187.6 187 191.3 195.6 198.3 200.2 199.6 198 194.3 195.3 197.3 198.9 199.8 200.3 201 200.8 200.8 199.5 198.3 198.9 200.3 202.5 205.2 201.5 199.9 196.1 193.8 189.6 186.7 182.1 175.3 171.6 170.2 167.8 163.6 162.5 163.3 167.7 170.4 170.3 169.4 169.9 170.2 170 169.3 169.3 169.4 169.6 169.6 169.9 170.3 170.6 171 171.6 171 163.1 155.7 154.9 158 169.3 176.4 181.8 186 199.5
179 176.9 174.9 171.9 174 174.2 174.8 177.9 180.8 184.1 185.7 186.1 185.5 185.8 185.1 185.5 190.4 195.5 197.1 198 193.5 192.3 193 192.9 194.9 196 197.8 198.5 198.7 199.3 199.5 197.7 198 198.6 200 202.3 202.1 201.2 198.7 195.3 191.6 187.6 184 178.1 173.1 170.1 169.5 164.1 162.5 162.9 166.1 168 169 169.8 170.4 170.8 170.2 170 170.1 169.2 168.8 168.7 168.8 169.4 169.7 169.9 170.1 170.2 168.4 159.3 156 155.8 159 171 179.1 185.1 192.8 208
175.9 175.5 173.7 169.8 170.6 171.6 173.1 175.6 178.7 180.8 182.3 182.8 182.1 182.8 183.2 184.7 187.9 190.2 192.4 191.1 190.7 190.1 191.5 192 193.4 194.5 196 197.3 197.1 196.4 195.8 196.3 196.9 197 198.4 199.7 200.3 199.7 197.4 195.6 189.2 185.5 182.9 178.2 171.7 169.2 165.5 163.6 162.3 165.2 166.9 167.5 168 168.9 169.3 169.2 169.4 168.3 168.4 168.4 168.5 168.4 168.4 168.6 168.6 163.8 162.7 163.4 159.1 156.1 155.6 155.5 167.5 174.7 182 186.9 202.3 217
173.3 172.5 169.9 168.1 168.9 169.8 171.6 174.1 176.3 178.3 179.1 179.8 180.6 180.6 180.6 182.3 183.5 184.8 185.6 186.8 188.9 190.3 191.4 192.4 193.6 194.5 196.9 197.1 195.9 194.3 194 194.4 194.6 195.7 196.7 197 197.3 196.7 195.7 194.6 186.2 184 182.2 177.3 171.5 165.9 164.2 162.9 163.3 165.7 166.7 166.6 166.6 167.7 168.1 167.7 166.9 167.5 167.7 167.8 167.6 167.4 167.9 166.8 160.6 155.6 156 155.5 155.1 155 155.1 154 171 179.5 183.2 197.3 210 223.1
169.2 167.9 167.3 166.6 167.7 168.3 169.9 171.9 173.8 175.5 176.3 177.2 176.9 179.4 181.1 181.7 182.8 183.3 185.3 187.8 190.1 191.8 195.1 196 196.6 196.4 197.4 196.9 195.1 192.7 192.1 191.3 192.4 193.5 193.3 193.6 194.3 194.2 194.4 189.6 185.2 183.8 180.4 175 171.1 166.4 163.4 162.3 163.1 165.2 166.2 166.1 166.2 167.3 167.7 166.8 167 167.2 166.1 166.5 167.3 167.8 165.9 156.7 154.4 154.5 154.6 154.6 154.7 155 154.7 164.4 176.3 180.7 190.3 204.3 216.4 232.3
165 164.5 165.1 165 166.2 167.1 168.8 170 171.2 172.1 174.1 176.2 178.2 181.2 182.6 184.2 185.3 186.1 187.5 192.1 194.5 197 199.7 200.7 201.2 199.6 198.5 196.9 193.9 191.3 190.2 189.6 190.3 190 190.5 190.7 191.5 191 191.1 185.9 184.4 183.3 179.6 173.5 170 164.1 162.9 162.5 163.1 163.2 164.4 166 165.9 166.8 166.8 166.5 166.9 166.5 163.5 163.5 155.9 154.7 153.3 154.1 154.1 154.3 154.2 154.4 154.7 155.5 160.6 172 179.1 184.4 199 209.7 221.5 238.8
162.5 163.3 163.7 164.3 165 166.5 166.5 170.4 173.6 175.8 176.1 177.6 180.1 183.4 185.2 187.3 189.2 190.8 192.9 196.5 199 201.6 203.6 204 203.9 200.6 199.3 197.5 193.3 190.3 188.6 187.5 187.4 187.1 187.5 188.5 187.6 187.3 185 183.9 183.8 181.6 175.7 171.8 168 163.6 162.8 162.4 162.4 162.6 163.9 165.1 165.3 166 165 166.1 166.4 165.5 156.5 153.7 153.4 153.8 153.9 153.7 154 154 154.4 154.3 154.5 156.3 169.5 176.4 181.6 189.4 204.9 214.8 227.6 244
162.1 162.4 162.9 163.9 164.3 166.9 171 174.9 177.8 179.9 181 182.2 185.8 188.7 189.9 191.1 192.1 195.1 197.9 200.9 203 204.5 205.8 206.5 205.4 202.9 201.2 198.5 194.8 191.2 187.9 186.3 184.2 183.3 184.1 184.3 183.7 182.6 181.5 181.2 180.4 174.9 171.1 169 165.2 163.1 162.1 161.7 162.3 162.7 164.3 164.2 163.6 162.3 158.5 160.5 165.5 157.4 152.6 153 153.3 153.7 153.3 153.7 153.3 153.7 154.4 154.2 155.5 160.4 172.4 179.3 186.6 196.3 206.2 218.4 232.6 247.1
161.2 161.8 162.5 163.2 165.7 168.3 173 177.2 181 183.8 187.2 191.2 193.5 195.4 196.1 195.9 195.5 197 200.5 203.5 205.6 207.5 207.8 207.9 207.4 204.5 203.4 200.4 196.4 193 189.4 185.5 183.7 182 180.8 180.2 179 177 177.2 176.3 172.3 169.4 167.7 165.8 163.7 162.9 161.8 161.3 162 162.4 163 163.1 161.9 158.7 153.3 154.8 159.8 152.5 152.9 153.2 153.3 153.8 153.6 153.8 154.4 153.9 155.1 155.6 156.6 167 174.5 180.8 188.9 199.2 208.6 222.6 235.4 247.3
160.8 162 162.1 164.7 168.6 172.8 177.8 182.7 185.4 188.5 192.1 194.4 197.1 199.2 199 199.3 199.8 200.2 203.5 206.1 208.7 210.9 212.4 212.6 211.6 208.7 207.2 203.4 196.7 193.5 189.9 186.2 182.7 180 178 176.4 174.7 174.4 172.8 170.3 168.4 166.6 165.7 164.5 163.2 162.2 161.7 161.5 161.1 160.9 160.7 160.5 159.9 153.8 153.3 153.4 153.6 152.8 152.8 153 153.5 153.4 153.7 153.8 154.3 154.2 154.7 155.4 163.4 171.3 177.2 183.5 191.3 201 214.3 227.8 237.3 247.9
