public/OST50/SN66.asc
ncols 200
nrows 200
xllcorner 260000
yllcorner 260000
cellsize 50
[rows 70 to 104 of 200, columns 0 to 77 of 200]
309.9 312 313.1 311.4 309.8 306.8 304.1 306.5 303 301.3 300.6 300.5 300.6 301.7 302.7 303 301.4 296.7 294.1 293.3 293.8 293.4 292.8 291.9 291.8 291.9 292.4 290.9 286.8 283.3 282.3 282.1 283.1 285.3 288.4 296 297.4 296.1 298.5 301.7 304.3 308.3 309.6 309.3 305.5 306.7 314 319.8 322.6 326.3 325.5 319.8 318.2 316.7 309.6 309.7 304.6 286.1 278 275.7 273.9 271.1 267.9 264.5 263.5 260.7 259.8 259.5 258.1 257 255.9 255 253.5 248.9 245 240.6 237.5 234.6
313.5 313.7 313.5 311.4 311.4 308.4 306.3 305 305.6 304.8 302.3 300.5 300.2 301.4 301.6 301.2 297.8 294.9 292.4 292.1 292.5 292.4 292.5 293 294.5 294.4 293.6 290.7 284.9 282.2 280.1 280.8 281 284 285.6 287.7 288.8 292.2 295 299.4 304.1 306.3 307.1 305.5 304.9 309.5 316.2 319.2 319.9 323.2 323.7 318.6 320.1 314 318 311 292.9 279.7 276.6 275.5 274.1 272 269.6 267.7 264.6 262.1 259.2 254.7 253 253.9 253.7 252 250.5 247.5 244.1 241.2 238 233.7
315.5 314.2 311 310.9 312.2 309.5 307.7 307.7 308.4 306.9 301.9 301.1 300.7 300.6 301.5 300.2 296.4 293.1 291.8 291.4 292.3 292.5 294.1 296.5 297.3 296.6 293.3 288.1 284.3 281 279.5 277.9 278.5 280.7 282.5 283.8 285.7 288.2 292.9 298.8 302.9 305.8 304.9 302.6 306.3 313.4 317.1 314.4 316.5 318.6 318.1 318.8 318.3 319.7 317.7 303.6 283.9 277.4 276.6 277.4 275.8 275.5 273.6 271 266.2 262.2 259.1 256.6 252 249.8 249.7 248.8 247.2 245.5 243.1 239.8 237.1 233.4
313.7 311.2 307.6 309.8 309.1 307.7 306.2 310.5 308.6 306 302.4 301.1 300.9 300.6 301.3 301.1 294.4 291.8 291.2 291.1 291.4 292.3 294.8 296.2 296.9 295.9 291.6 287.3 284.2 280.8 278.5 276.5 276.7 277.6 278.7 280.8 283.4 286.9 295.7 300 298.9 300.1 299.7 302.7 306.6 313.1 311.5 304.3 306.7 312.3 315.3 318 320.1 321.2 313.4 294.4 280.8 278.6 280.3 281.6 281.4 277.8 277.1 273 268.1 262.9 258.6 255.4 251.6 248.8 245.1 243.4 245 243.9 240.5 238.6 234.4 232.7
311 306.7 307.3 308.7 309.4 304.6 305.6 307.9 308.2 307.8 305.2 301.5 301.7 299.7 301 299.5 291.9 290.4 290.6 290.3 291.9 293.5 294.7 296.7 297.5 293.8 290 286.6 283 280.7 277.7 275.7 274.2 274.8 275.7 278.2 281.3 286.6 294.1 294.3 294.1 295.4 298.4 302.4 306.3 304.7 298.9 298.8 304.1 310 315.2 316.8 319.1 312.8 297.5 285.1 278 280.9 282.5 282.8 283.1 283.8 278.5 274.1 270.1 264.3 257.4 253.7 251.3 249 247.4 244.8 240.5 240.2 237.7 234.7 231.2 231.3
305.4 305.9 307.7 307.4 305 303.5 304.3 305.9 309.8 307.6 302.3 301.6 301.8 300.9 295.8 293 290.3 289.6 289.4 290.4 291.7 293.3 295.7 297.1 294.4 290.1 288.6 286.3 282.7 279.7 277.2 275.4 273 272 273 275.1 277.4 284 291.7 290.8 291.9 294.6 297.7 302.1 298.1 294.8 294.7 297.1 304.4 306.3 310.7 317.1 313.2 300.5 286.4 277 278.4 285.6 284.8 284.8 287 285.3 276.8 272.5 269.7 263.6 256.9 251.9 250.6 249.2 247.5 245.9 244.1 242.3 239.1 235.8 233.8 232.2
302.7 304.3 304.9 302.9 302.4 302.4 302.2 302.8 302.7 300.6 301.3 303.4 305.3 302.9 297.7 290.8 288.7 288.7 289.7 290 291.4 293.1 295.7 297.3 289.4 287.7 286.9 285.3 281.8 279 276.6 274 272.5 270.5 270.3 271.4 273.7 277.5 283 286.3 289.2 293 297.2 295.3 291.5 290.8 291.7 298.2 301.6 303 307.7 310.5 301.2 289.3 277.8 276.9 281.3 283.9 286.4 286.5 285.7 282.6 273 270.8 265.2 262.2 256.7 252.7 250.6 250 248.1 245.9 243.9 241.6 239.7 236.3 233.2 232.1
301.3 302.2 301 301.2 302 299.6 298.4 298.8 299.3 299.4 300.5 301.2 304.5 302.9 296.6 290.3 288.7 288.8 288.9 289.6 291.1 293.9 295.7 294 289.4 288.4 286.6 283.8 280.7 277.9 276 273.7 272.9 271.4 268.4 268.8 272.4 275.9 277.6 280.8 286 294.1 293.3 291.2 287.8 287.4 289.1 293.6 296.2 300 301.4 296.2 287.7 278.1 277 277.4 283.4 284.4 288.4 288 285.1 279.6 270.4 266.7 263.4 258.5 255.4 253.3 252.3 250.6 248.9 246.6 244.4 239.7 237.7 234.7 231.8 230.9
300.4 303.3 298.5 299.1 300.2 296.8 296.8 297.4 298.8 298.1 298.4 300 300.6 296.8 291.6 288.9 288.3 288.6 289.1 289.6 291.4 293.7 295.2 290.3 289.7 287.1 285.1 283.1 280.5 277.6 275.5 274.4 274 273.9 271.3 266.4 273.4 274.6 273.9 276.4 287.8 287.7 287 284.8 285.9 286.9 289.1 289.8 292 294.9 290.9 286.8 278.4 276.4 276.7 284 285.1 288 291.1 289.1 283.6 274 270.9 265.8 261.8 257.6 254.6 253.5 252.8 251.4 249.2 247.1 245.2 241.8 235.5 233.2 231 230.1
298.6 297.5 296.7 297.8 297.8 295.7 295.4 297.3 296.4 294.7 294.5 296.4 295.3 291.4 289.2 288.3 287.4 289.1 290.3 290.8 292.3 292.6 292.1 290 287.7 284.3 281.9 281.3 279.7 277.8 276.4 276.6 276.3 273.7 270 263.8 269.1 267.7 267.3 270 281.5 283 280 281.4 281 284.4 283.3 284.5 289 292.2 289.7 282.1 276.6 276.6 282.8 286.2 288 293.6 291 288.2 282.9 274.9 271.4 265.5 261 256.1 253.6 252.8 252 251 248.6 246.8 245.3 242.6 236.5 233.2 231.1 229.6
295 294.2 294.4 294.2 293.8 293.4 294 292.8 291.1 290 290.1 291.2 289 288.6 286.7 286.9 288.4 289.6 292.3 292.8 292 290.5 285.5 285.1 283.8 280.4 280.1 279.7 279.6 279.7 279.8 280.5 278.2 273.9 268.3 262.3 260.7 261.5 263.9 267.6 272.5 273.4 274 275.6 277.4 277.3 277.8 281.6 287 288.3 281.2 276.4 276.2 281.6 286.1 289.4 292.4 293.2 291.8 288.9 281.4 278.8 274.1 267 260.6 255.2 252.5 251.4 250.8 249 246.9 246 244.4 241.3 234.2 231.8 230.7 229.3
293.6 293.2 292 292.1 292 291.8 291.2 290.8 290 289.2 287.7 287.1 286.2 285.3 284.5 285.1 287.7 289.2 289.5 289.7 288.8 283.1 280.8 279.3 278.1 277.5 277 277.2 278.1 280.7 284.1 283.1 274.4 269.7 265.5 261 257.6 258.5 261.5 272.2 273.1 269.8 269.8 271 272 272.1 273 278.7 283.5 280.4 274.7 274.6 279.7 284.2 288.5 292.8 293.1 291.9 291 286.1 283.1 280.9 274.7 268.2 259.5 253.9 251.2 249.9 249.6 247.1 245.9 245.1 243.3 236 233.5 231.9 230.2 230.2
293.7 293 292.8 292.6 292.3 292.4 292.5 292.5 292.2 291.6 291.1 287.4 284.7 283.8 282.8 283.2 284.2 285.3 285.9 284.8 283.3 278.8 277.8 275.5 274.8 274.4 273.4 273 272.9 274.4 276.7 272 268.7 266.5 262.1 258.6 253.4 255.5 260.9 267.2 270.1 266 265.1 269.4 267.6 268 269.3 270.6 273.4 271.4 272.5 274.8 281 285.3 289.7 291.1 291.1 288.9 287.7 285 283.5 280.3 273.7 268 255.8 251.8 249.3 247.5 247.6 246.6 244.9 244 240.7 235.3 233.6 232.2 230.6 230.8
294.3 293.2 293 293.1 292.9 293.3 293.5 293.3 293.1 293.3 292.2 288.5 285.9 284.6 282.8 281.6 281.3 281.3 280.7 279.8 277.4 275.3 273.9 272.5 272.2 271.1 270.9 269.4 268.1 267.6 266.9 265.5 264.7 261.8 259.3 255.6 253.2 253.1 256 261.7 263.2 260.8 261.4 263 263.3 264.2 265.8 268 271.1 267.8 269.6 270.9 275.1 281.5 285 287.3 286.7 286.3 285.5 283.6 282.4 277.3 270.8 263.9 255.8 249.5 246.8 246 244.8 244.4 242 241.7 238.6 237.1 235 232.3 231.3 231
297.6 295.5 296.5 295.4 293.9 293.7 293.8 293.8 294 293.4 292.1 289.8 286.4 285.4 283.2 280.7 278.8 278.6 278.4 276.9 275 273.6 271.5 270.6 269.6 269.4 268.1 267.4 265.9 264.1 263.2 261.8 260.3 256.7 256.5 254.1 251.2 249.5 251.5 249.9 253 255.3 257.6 259 260.1 261.8 264.5 268.1 266.6 266.2 267.6 266.9 272.1 277.7 281.2 283 283.6 284.1 282.6 281.1 279.4 274.3 265.9 258.7 252.2 245.7 244.6 243.9 243 241.5 238.8 239.1 241 240.6 238.9 235.5 233.7 233.2
303.9 307.7 306 297 294.9 294.4 294.6 295 295 293.3 292.7 289.4 286.9 285.7 283.4 282.1 280 277.5 276.1 276 273.7 272.7 272.3 272 270.3 267.5 265.9 265.2 263.5 263.1 259.1 256.4 255.5 255.5 254.4 251 249.5 247 249.6 247.6 249.8 251.8 253.9 258.4 259.4 262.1 270.2 273.1 265.3 264 264.2 265.3 269.3 274.3 278.9 280.8 282.2 280.2 276.8 275.4 271.1 264.1 257.2 251.8 245.7 243.1 242.7 242.2 242.2 240.7 238.4 238.7 241.9 242.7 241.4 239.6 237.4 236.4
312.4 314.8 305.6 298.5 296.4 295.7 296.1 297.1 297.1 294.9 291.9 289.9 288.1 287.2 286.3 285.3 284.4 280.2 277.9 275.6 274.4 274.5 274.2 273.1 272.2 270.7 270.3 269 267.9 265.1 262.2 259.1 255.7 251.5 248.8 246.8 246.6 244.4 243.9 244.3 247.2 250.1 252.5 255 257.9 265.9 273.4 267.5 265.1 263.6 261.8 263.7 263.6 269.2 272.8 274 274.5 272.1 268.7 266.1 263.5 253.8 247.7 245 242 241 240.2 240.6 238.2 237.2 237.4 238.3 241.8 243.1 243 242 240.8 240.4
315.4 316 305.4 301 298.4 297.8 299.8 301.5 300.2 297.7 293.7 291.8 290.1 289.3 289.2 289 288.1 284.5 280.2 277.9 276.3 275.9 275.8 275.4 278.7 279.5 281 276.6 273.9 266 263.1 259.7 258.3 256.1 253 249.8 244.9 242.8 240.3 241.2 245.2 249.3 251.5 253.6 261.7 272.8 270.1 268.4 272.1 263.4 261.2 259.3 259.2 261.8 264.2 265.4 265.3 262.9 259.6 255.9 249 244.5 242.8 241 239.1 238.2 238.6 236.9 235.6 235.6 235.3 237.8 240.6 243.1 244.1 245.5 244.4 245.3
323.8 316.5 309.5 303.2 300.2 301.4 304.3 304.4 304 301.3 297.6 294.8 293.5 294.6 294.4 295.2 294 290.2 286.1 281.2 279 277.9 278 277.8 281.8 285.6 285.6 281.3 276.5 267.5 264.1 261.1 258.6 256.4 253.1 251.2 248.5 244.3 240.9 238.6 242.5 245.4 246.9 254 267.5 267.8 269.9 281 272.9 263.6 261.5 259.8 256 255.4 257.3 258.2 255.7 251.7 247.6 242.9 239.1 238.7 239.3 238.7 237.2 236.3 236.4 234.8 233.4 233.2 234.5 237.2 239.6 242.4 246.3 248.8 249.9 250.3
326.8 323.9 317.3 307.2 306.6 307.7 309.4 311.8 307.2 304 301 297.4 296.8 297.5 299.3 301.1 302.1 297.4 294.8 292.5 289.5 284.5 283.8 285.1 282 286.7 288.3 284.1 275.7 269.1 265.3 262.2 258.6 255.8 253.2 251.6 249.2 245.8 243.4 237.8 236.3 239.3 244.3 253.3 260.4 262.9 275.6 278.8 269.4 264.1 261.9 260.4 258.8 253.5 246.6 248.3 241.8 236.4 236.3 234 233.7 235.4 236.4 236.7 235.4 234.3 234.3 232.8 232 231.9 234.9 237.7 240.3 243 247.1 251.1 252.2 252.6
329.7 324.3 316.8 316.8 317.5 313.9 316.2 316.2 311.4 307 304 302.5 302.2 304.2 305.5 306.1 305.5 304.8 305.4 301.9 296.9 290.9 289.5 286 284.8 289.7 289.8 284.1 278.4 270.7 266.4 262.7 259.6 256.3 252.6 251.3 248.8 247 243.5 240.5 235.5 237.6 245.9 254.3 252.2 267 274.9 275.3 268.6 265.1 263.5 261.7 261 255.2 245.8 232.6 232.6 233 232.7 231.4 232.2 233.4 234.9 235.1 234.1 232.4 231.4 231.1 231.1 232.3 235.2 237.9 240.9 244.3 247.4 250.6 252.3 253
329.6 327 328.6 324.3 319.6 320.2 320.4 320.3 316.1 309.3 308 306.3 306.3 308.5 314.1 310.6 309.9 310.2 309.2 307.5 299.2 295.8 289.4 286.7 286.3 291.9 288.3 284.3 280.6 274 266.3 263.1 260.5 257.5 255 251.2 248.7 246.7 243.5 240.6 234.7 238.2 246.2 246.6 249.3 260.4 272.6 270.1 270.7 267.7 264.5 263.3 262.4 253.4 241.6 231.4 227.8 230.9 230.5 230.4 230.7 231.8 233.2 232.9 231.9 230.8 230 230.7 230.5 232 234.7 238.3 242.5 246.2 249 251.3 252.2 252.7
329.7 329.9 324.8 322.7 321.9 322.8 324.5 322.2 319.5 311.6 309.9 308.5 307.9 310.4 310.7 309.6 311.2 314.1 309.5 304.8 300.6 292.7 288.8 286.6 287.3 288.9 288.1 287.1 284.3 273.1 267.9 264.5 261.9 259.4 255.8 252.4 251.2 250 242.6 239.1 234.4 235.9 240.8 239.9 246.6 262.4 267.5 267.9 271 263.2 262.7 261.8 261.2 253 239.1 230.8 227.2 227.3 228.4 228.7 229 229.6 230.7 230.2 229.3 229.7 229.4 229.3 229.7 231.3 234.8 238.9 243.3 246.3 250.5 252.9 253.6 253.5
329.5 327.1 326.6 325.9 326.5 327.5 326.3 322.5 318.1 313.5 312 311.6 312.2 308.9 308.6 309.9 313.7 312 307.6 303.9 295.1 290.5 288.6 289.7 295.4 293 288.4 287.1 279.9 272.9 268.4 267 265.3 260.8 256.3 253.7 253.8 249 244.7 240.3 234.6 225.6 232.1 234.9 245.2 259.4 258.5 258.2 263.5 261.8 262.3 264.9 266.8 252.9 237.2 231.1 225.7 223.6 225.2 226 227.3 228.1 228.4 227.3 227.6 228.3 228.2 228.6 229.4 232 235.5 239.9 243.2 246.8 250.2 254.5 255.2 253.2
328.5 328.7 330 330.2 329.9 331.1 329.8 323.6 315.8 314.9 314.4 315.9 313 308.5 308.5 309.4 310.6 310 306.1 298.2 293.2 290.8 290.2 291.9 293.9 292.8 289.5 286 277.3 273.9 272 271 269 260.3 257.6 257.7 256.1 251.2 248.7 247.4 239.6 227.5 223.1 228.3 236 246.3 243.2 248 252.8 256 261.4 265 262.1 245.8 235.8 231.1 224.1 221.4 223.2 224.1 224.8 224.5 224.2 225.1 225.9 226.2 224.8 227.8 230.2 232.9 236.4 240.2 243.5 246.7 250.6 253.2 253.7 253.4
328.7 330 330.8 330.8 332.5 333 329.9 321 316.8 317.3 317.9 316.8 309.3 307.3 308.8 310.7 309 306.7 300.6 296.2 293.9 294 295.4 295.9 295.9 294.9 290 284.6 276.8 274.4 274 272.9 264.6 263 262.6 263.6 258.9 257.9 258.7 252 244.5 231.1 220.5 223.4 226.7 231 234.1 242.5 246.3 252.7 260.5 260.7 253.4 236.1 234 227.3 221.5 218.9 220.2 221.2 220.5 221.7 222.6 223.5 223 224.1 227.1 229 231.6 233.9 236.6 240.9 244 246.3 249.9 251.5 252.5 252.7
329.9 332.7 331.5 328.6 329.7 330.7 325.3 318 317.1 317.9 319.7 311.4 307.1 306.3 306.1 306.2 304.8 302.7 298.9 296.4 297 299.6 304.3 301 297.6 295.7 286.1 280.2 273.3 272 271.2 267 264.6 263.6 263.5 264.4 264 265.9 263.9 255.7 242.2 228.5 222.1 217.3 221 224.5 229.5 236.3 241 248.2 254.4 253.6 239.5 233.5 230.9 223.7 218.3 216.5 216.6 218.7 218.7 219.6 219.9 220.7 221.8 225.8 229.1 230.2 233.3 235.5 237.9 241.9 244.5 247 249.5 251.3 251.3 251.7
331.4 333.3 327.7 327.7 327.2 327.2 321.1 317.6 317.8 319.9 311.7 307.7 306.2 305.4 305.1 304 302.6 300.5 298.6 298 301.5 304.7 302.5 300.3 298.2 287.8 279.2 274.7 271.7 269.9 267.3 264.7 263.5 262.8 263.3 263.7 264.8 265.4 261.4 250.7 238.7 229 224.4 215 213.1 217.2 221.9 226.7 234.9 244.2 249.2 245.9 235.9 232.6 227 219.4 216.3 213.8 212.3 215.4 216.7 217.6 216.6 219.1 224.9 229.6 231.2 233.9 236 237.7 240.3 243.2 245.6 247.8 250.7 253.1 252.8 251.4
330.3 328.5 326.7 327.5 326.8 325.1 319.7 321.7 318.5 316.3 306.6 306.2 306.1 305.3 303.9 302.5 300.9 298.8 298.3 298.5 300 300.8 299.3 296.2 292 280.4 276.3 272.5 271.6 268.9 264.3 263.1 262.3 261.7 261.3 261.2 260.9 259.8 255 248.5 236 229.3 225.1 217.2 208.7 210.8 213.2 218.4 224.3 232.4 235.4 229.2 229.2 228 219.8 215.2 212.8 210.4 208.5 212.9 214.3 214 216 221.8 227.7 230.9 233.7 237 239.5 241.8 244.4 246.5 248.1 249.7 252 254.7 254.6 252
328.9 326.6 326.2 326.4 325.9 320.1 319.5 318.4 318.3 310 306.6 306 305.3 304 302.9 301.6 300.3 299.1 298.9 299 297.9 296.8 293.7 291.1 282.7 279.2 275.4 271.8 269.7 266.5 262.2 260.7 261 261.5 258.6 256.9 254.6 252.4 251 242.2 229.8 227.8 222.7 217.3 210.4 204.8 206 207.9 213.2 214.5 214.5 215.2 215.5 214.3 210.9 210.4 208.3 205.6 206.7 207 207.7 213.1 219.2 224.2 229.6 232.8 236.4 242 246.8 249.2 250.4 251.4 252.6 253.3 254.9 256.6 256 253.8
326.1 325.6 324.6 322.8 321.2 320.5 319.2 315.3 312 308.5 307.3 306.5 305.1 303.8 302.7 301.9 300.3 299.5 299.5 298.1 296.7 293.4 289.8 285.2 281.4 279.3 274.2 270.8 268.7 264.2 260.9 260.2 256.2 253.6 254.2 251.5 247 243.3 240.6 233.4 226.6 222.1 216.7 213.3 213.8 212.6 209.5 205.3 204.8 204.8 202.7 203.7 201.6 202.4 199.3 204.5 201 200.6 200.9 213 215.8 216.4 220.9 227 231.4 235.6 240.7 248.1 251.3 254 254.8 256.2 257.6 258.7 259.4 259.1 257.8 255.5
324.6 324.5 323 322.6 323.1 321.9 319.1 315.8 310.7 308.8 307.3 306.1 305.1 303.7 302.6 302 301.5 301 299.8 297.3 294.1 291.2 287.2 283.2 279.7 277.4 275.1 269.7 266.8 264 264.4 263.4 254.4 251.2 249.3 246.3 242.4 242.5 238.2 232.7 227.9 222.6 219.9 219.5 216.5 213.7 211.7 206.9 201.7 198.8 196.9 196.3 195.7 193.4 192.1 192.5 196.5 194.9 213.7 216.1 217.3 218.8 222.1 228.2 233.4 239 244 250.5 253.4 256.1 258.1 259.3 260.5 261.4 261.7 260.8 259.8 259.1
323.8 323.5 323.3 323.3 323.6 322 318.9 315.6 310.1 308 306.6 305.5 304.4 303.3 302.6 302.6 302.5 301.3 298.7 295.2 291.2 288.5 284.3 281 277.9 276.1 273.9 269 266.9 265.9 264.8 261.1 252.6 251.6 250.5 248.8 248.7 246 241.4 235.9 229.5 226.8 226 223.6 220.5 217.3 215.8 213.5 206 198.5 197 199.3 197.5 193.6 191.6 191.1 193.6 207.8 212 215.9 215.1 215.9 219.5 228.6 234.8 240.2 244.7 249.8 254.5 257 259.7 260.7 261.4 261.6 261.9 261.5 261.5 263.2
324.6 323.8 323.6 323.4 323.5 321.6 317 313 309.1 307.2 305.9 305 303.8 302.6 302.3 302.6 302.8 299.7 297.8 294.2 291.6 285.8 281.6 279.1 276.3 273.9 270.2 267.4 265.5 264.4 260.6 254.2 254.5 254.1 253.9 253.1 253.7 249.3 246 238.3 234.6 234.4 234 232.3 226.7 221.9 218.2 215.1 211.3 203.6 206.2 209.2 206.2 200.8 192.1 190.2 189.3 206.3 208.8 210.9 211.6 215 219 224.1 233.1 239.3 244.9 250.7 255.3 258.2 259.8 258.9 259.6 260.5 261 260.6 261.9 263.5
326.1 325.2 324.7 324.7 324.5 320.1 314.9 311.3 308.4 306.3 305.2 304.5 303.1 302.7 301.8 301.8 301 299.5 297.6 296.1 291.2 287 284.2 281.2 277.1 274.2 271.3 268.3 265.5 261.9 258 257.7 257.7 261.6 259.7 263.2 258.4 253.9 248.3 243.5 242.8 242.4 240.8 238.9 231.6 224.9 219.6 216.6 211.6 213.5 213.7 214.7 211 204.5 198.9 189.3 188.8 196 207.6 207 208.3 216 224.2 229.5 232.1 239.2 245.9 251.1 255 258 258.2 257.6 257.6 257.6 257.4 257 259.6 260.9
