public/OST50/SN66.asc
ncols 200
nrows 200
xllcorner 260000
yllcorner 260000
cellsize 50
[rows 0 to 34 of 200, columns 78 to 155 of 200]
251.4 249.7 243.4 242 230.7 217.7 215.1 212.2 210.8 209.2 206.6 203.5 197.5 186 201.3 204.6 208 211.8 214.6 217.2 219.4 222.5 226.2 230.1 233 238.3 242.3 246.2 252.4 256.5 258.1 261.3 262.6 261.7 259.5 257.5 257.3 257.7 258.5 261.3 262.7 264 263.2 262.7 261.2 260.1 258.5 254.7 249.2 243.9 229.5 208.6 197.3 190.6 193.9 202.9 210.1 216.9 225.6 237.3 250.1 257.4 256.1 256.3 255.8 253.9 253.8 254 253 254.3 251.8 248.1 245.8 244.2 242.7 240.8 238.1 234.5
253.2 250.6 241.3 239.6 230.1 221.5 217 213.2 211.8 210.9 210 204.6 199.1 184.3 201.3 204.2 207.4 211.4 213.9 216.2 220.5 223.4 227.4 232.9 236.8 242.5 246.1 250.5 257.6 263.9 265.5 264.1 263.5 263.1 261.4 259.3 258.3 258.8 259.2 260.8 262.3 263.2 263.4 263 262 261 258.5 254.6 249.5 243.6 231.1 214.1 199 194.6 193.7 200.9 208.8 216.8 224.3 234.5 244 250.3 252.8 253.6 252.9 251.1 249.5 247.1 246.1 243.4 240.5 238.6 239.7 239.2 238.4 238 237.2 234.8
256 253.4 244.4 241.6 232.8 225.9 220.4 215.5 212.4 210.4 209.7 204 199.2 186.2 199.1 203.9 206.8 209.6 213.2 215.6 220.5 224.8 229.4 233.6 239.9 248.1 252.8 255.1 262.2 270.9 274.6 271.2 268.8 265.6 264.3 262.3 260.8 260.5 260.4 261.2 262 262.7 263.2 262.8 262.4 261.7 259.1 253.4 247.2 239.5 227.9 212 201.3 196.9 203.5 202 200.4 214 221.7 230.9 238.5 247.4 249.9 250.4 249.9 248.6 246.6 244.3 242.1 240.3 237.6 234.6 233.9 234.4 234.5 234.5 234.5 234.1
260 258 252.4 243.1 234.2 228.7 223.8 218.1 213.1 209.1 206.7 202.7 197.8 188.2 195 203.1 206.2 208.4 212.1 215.5 218.5 224.8 231.2 235.1 240.9 248.9 254.7 258.8 268.1 275.7 277.9 278.3 278.5 278.2 272.7 270.2 269.8 264.5 264.9 265.3 263.1 263.4 264.2 264.2 263.8 263 261 256.4 250.5 244 234 221.2 206.8 201.1 208 210.8 210.3 207.7 218.4 224.3 234.7 245.1 245.9 246.6 246.6 245.7 243.9 242.2 240.3 238.6 235.1 232.9 232.4 232 231.3 230.9 231.5 232
264.5 262.7 258.5 248.7 232.5 229.8 227.3 220.2 213.7 208.9 205.9 202.2 192.7 193.9 199.7 201.1 204.4 207.8 210.6 214 217.8 224.5 232.5 240.5 246.1 252.5 257.5 263.1 269.9 278.2 280.5 281.3 283.4 286.8 285 280.3 280.7 271 269.8 269.2 265.8 265.6 265.8 266.3 265.9 264.3 262.3 259.1 255.2 248.4 240.3 228.8 214.5 207.1 213.2 216.5 217 214.8 217.5 224.7 233.1 241.1 242.1 243 243 242.2 241 239.8 238.5 236.6 234 232.4 232 231.6 230.1 229.8 229.8 230
265.5 267.5 261.2 250.2 234.6 229.5 227.8 220.7 212.2 207.7 204.5 201.8 188.6 197.9 201.1 203 206.8 209.1 211.3 214.3 217.7 224.9 234 243.2 254.3 260 261.2 264.5 271.5 277.3 281.3 282.3 284.3 288 289.8 288 287.5 276.1 272.5 270.7 268.4 267.3 267.2 268.2 268.7 266.3 264.7 262.4 259 253.5 245.4 235.6 223 210.5 219.9 221 221.8 220.6 218.5 222.5 232 235.8 237.4 239.5 240 238.2 237.6 235.9 235.6 234.9 233.1 231.9 231.7 231.2 230 230 229.9 229.7
271.5 265.5 259.3 249.5 237.3 230.1 228.1 219.4 210.4 206 202.8 193.3 191.7 199.5 201.8 203.8 207 210.4 212.7 215.6 218.7 223.9 234 244.5 256.4 263.6 265.8 269.2 272.1 274.9 280.6 283.4 285.5 288.7 291 293.3 291 280.8 276.5 273.1 270.9 269.1 269.1 269.8 270 269.1 267.5 265.6 262.4 260.3 253.2 244.2 215.9 226.8 225.9 226.4 228.3 226.6 226.5 223.8 233.6 232 233.3 235.1 235.7 234.7 233.6 233.6 234 234.1 233.3 232.3 231.6 231.3 231.4 231 230.7 231
275 265.1 256.6 250.1 235.9 230.9 225.2 218.2 211 205.3 201.6 191.2 197 200.5 202.4 204.6 207.7 211.5 213.2 219.3 220 224.2 233.9 242.9 255.4 262.4 267.4 271.2 274.8 276.2 278 283.2 286.2 288.9 291 295.1 292.3 283.1 280.1 277 273.9 271.7 271.4 272.2 271.5 270.9 270.2 268.1 267.1 264.3 258.7 236.1 225.2 236.1 233.9 233.1 233.2 231.5 229.8 226.9 229.4 229.6 231.2 232.3 233.3 232.7 233.1 233.4 234 235.5 234.9 233.6 232.3 232.7 232.3 232.4 232.6 233.6
275.1 263.9 256.1 248.2 239.9 231 219.9 216.6 211.7 206.2 199.2 191.1 200.4 202.1 203.1 205.2 208.6 211.5 213.9 219.6 223.5 224.9 230.2 238.6 249.3 257.2 265.2 269.1 272.6 274.8 278.4 281 284.9 288.1 290.8 294.5 292.8 285.3 282.8 279.8 276.8 275.2 274.2 274.4 273.1 272.4 272 272.8 271.1 267.1 263.7 234.1 249.6 252 247.1 241.9 241.2 237 234.7 235 232.8 232 231.7 231.7 232.7 232.7 233.1 233.3 234.7 237.7 237.3 235.8 234.8 234.9 235.3 235.6 236 237.9
272 261 253.3 246.2 239.8 227.4 217.9 215.3 208.2 201.4 192.1 195 201.4 203 203.9 205.7 208.7 211 214.2 219.3 223.6 225.4 229 234.3 244.3 254.2 261.6 266.4 269.8 272.6 275.7 278.8 283.3 286.8 289.5 295.6 292 286.1 283.6 281.8 279.9 278 276.4 275.2 274.3 273.1 274.2 275.2 274.3 270 260 239.6 264.1 266.1 261.9 252.5 248.9 247.6 243.1 240.8 237.3 234.6 234 233.8 233.8 233.1 233.5 233.6 236.5 241.3 241.1 242.5 241.4 241.8 242.1 242.6 243.6 244
269.6 258.2 251.6 245.5 237.3 225.8 216 209 199.4 193.7 197.1 200.6 202.3 203.5 204.9 207.1 210.1 210.2 213.9 219.1 223.3 226.5 229.6 232.1 239.9 248.8 257.2 262.2 265.6 269.2 272.5 276.9 281.3 285.2 289.7 294.5 292.2 286.4 284.3 283.7 283.4 282.4 278.8 277 274.4 273.4 274.9 274.5 273.7 269.5 247.1 255.8 272 272.3 273.8 266.9 257.8 255.4 253 246.6 241.7 238.8 239 244.3 239.8 234.9 234.8 234.6 246.5 249.3 246.6 259 254.9 252.7 254.6 251.4 252 252.8
265.8 256.8 250.8 244.7 234.1 221.4 212.8 204.2 195.7 196.6 198.6 201.1 202.9 204.5 206.5 208.8 211.2 212 214.7 218.5 222.7 226.1 230.5 237 240.5 245.1 250.5 259.1 262.1 266.3 269.2 276 282.1 283 287.8 291.7 289 286.5 284.1 284.6 285.4 284.2 280.5 277.9 273.4 272.9 274.6 273.6 272 260.9 269.4 273.8 276.2 277.2 278.5 276.5 275 262.5 258.2 253.2 248.8 244.4 246.6 254.2 248.4 241.8 238.2 243 262.5 263.7 258.1 274.5 272.1 270.5 268.4 262.6 261.8 260.6
262.6 255.9 249.1 243 236.6 220.4 211.3 201.7 195.5 198.1 200 202.7 204.7 207.7 209.2 210 211.3 212.9 214.7 218 221.9 225.9 232.1 240.3 244.9 246.4 248.5 252.5 257.7 264.4 267 270.4 277.2 280.9 284.8 287.9 286.4 285.6 284.1 283.5 284.2 281.8 278.5 275.1 271.9 272.2 273.8 273 269.9 260.4 269.4 273.9 278.8 278.7 280.5 280.4 280.5 275.6 266.6 261.2 255.9 251.9 254.5 262.7 256.5 251.2 249.3 255.7 271.9 276.2 271.9 282.7 284.2 282 278.1 273.1 272.2 267.6
261.7 255.3 247.1 242 236.6 219.8 209.1 199.8 197.1 198.7 202 204.5 207.7 210.1 211 211.4 211.5 212.1 213.7 216.5 220.3 224.9 231.2 240.3 246.6 250.4 249.2 250.4 253.4 260.6 263.3 267.6 273.3 279.5 283.4 286.7 286.3 284.5 282.8 282.5 282.5 279.3 275.8 272.7 270.4 270.1 270.6 270.1 268.6 264.1 268.7 270.2 274.9 278.5 279.2 279.5 278.5 277.1 276.1 272.1 264 264.1 265.6 274.2 270.5 262.1 262.6 275.9 277.2 277.9 278.2 289.8 294.8 287.1 284.5 280.1 280.7 274.5
265.5 256.8 247.5 238.6 232 218.5 206.5 198.6 198.3 200.4 202 205.6 208.2 210.7 212.6 212.3 211.9 212.3 213.8 216.6 220.7 224.1 228.2 238 244.6 248.1 249.8 250.3 253 256.8 261.6 265.8 272.4 278.9 284.2 286.4 286.2 284.2 281.7 281 279.2 276.6 274.6 271.3 269.8 269.3 268.8 268 267.1 267 268 269.3 271.6 277 277.8 277.8 276.3 274.3 274.8 275.2 272.8 272.5 275.2 275.8 279.7 276.5 276.9 280.4 286.6 283.4 281.6 288.4 297.5 291.6 288.5 286.2 284.3 278.7
267.8 260.1 247.6 236.4 225.2 214.6 204.3 198.6 199.1 202.8 206.2 208.3 209.5 211.6 212.8 213.3 212.2 212.1 213.5 215.9 219.3 222.1 224.5 230.5 237.8 243.7 246.8 247.6 251.8 255.3 259.4 263.6 270.8 278 283.5 285.2 285.5 282.8 280.4 279.6 277.4 275.3 273.1 271.3 269.7 269.3 268.5 267.5 267 266.9 267.7 268.7 270.1 273.9 275.6 276 273.9 272.4 272.6 273.6 274.4 275.8 277.1 276.6 281.9 279.5 282.7 282.3 287.7 285.4 283.9 286.6 297.1 294.4 292.1 288.1 286 280.7
267.1 260.5 245.6 234 220.4 211 203 198.6 199.5 204.6 208.5 210.7 211.8 211.5 210.7 212.7 211.5 211.7 213.5 215.3 216.9 218.6 220.9 223.1 227.3 236.4 240.5 243.6 249.2 253.4 259.4 261.5 268.4 277.2 282.2 284 283.7 280.3 278.1 277.3 276 275 272.3 270.7 270.4 270.1 268.3 267.4 267.2 267.3 268 268.8 269.7 272 272.2 273 272.2 271.1 271.2 271.8 272.5 274.2 275.6 275.6 279.6 279.2 281 279.8 283 282.1 280.3 286.8 297 295 293 289.3 286.1 282.4
267.7 260.6 243.5 227.3 214.1 208.2 201.6 199.2 199.6 204.2 209.2 212 213.3 210.8 210.4 212.1 211.3 211.1 212.8 213.7 214.9 216.2 217.7 218.6 220.4 225.2 229.4 237.3 244.7 251.2 255.4 259.5 265.3 275 278.6 280.5 279.1 275.3 274.9 274.8 274 273.8 272.3 271.4 272 271.9 269.9 268.3 268 268.5 268.7 269.2 270.7 271.1 271.3 269.9 268.5 269.7 269.2 270.1 270.8 271.6 272.9 273.1 273.9 275.8 276.7 277.3 279.7 276.3 277.2 288.1 294.7 293.2 292.7 289.7 286.2 283.3
265.3 259.6 240.8 224.8 210.3 205.7 202.2 200.2 199.7 203.4 207.7 211.8 213.3 211.6 210 209.9 210.4 211 211.1 212.2 213.5 214.3 214.9 215.1 217.4 221.2 225.7 231.3 239.7 246.6 253.7 256.7 261.4 269.7 273.9 275.4 275 271.6 271.1 271.1 271.9 272.8 272.5 273.5 272.6 271.7 271.1 270.1 269.5 268.8 268.8 270 272.2 272 270.1 267.5 265.8 266.2 267 267.4 269 269.6 269.7 268.7 270.5 271.2 271.3 274.8 274.1 272.4 272.6 280.5 291.5 290.4 290.1 289.5 286.3 284
261.1 254.6 235.1 219.3 208.1 203.2 201.4 200.7 202.3 201.3 205.6 208.8 212.1 209.7 208.1 207.1 207.3 207.7 207.7 210.8 210.3 211.2 210.9 213.2 216.2 219.4 222.9 228.7 235.6 242.9 250 253.6 256.7 263.5 268.1 269.3 269.5 268.5 268.9 269 269.9 271 272.2 272.8 271.7 271.9 272 272.1 270.2 268.9 269 270.2 272.1 271.9 269.5 265 264.3 263.4 264.8 265.9 265.9 265.9 264.9 265.5 268.2 268 266.3 269.4 270.1 268.7 267.7 269.9 279.3 285.1 286.6 287.8 285.6 283.8
259.3 249.3 229.1 214.7 206.5 203 202.4 201.4 204 204.9 202.6 205.4 206.9 208.1 207.5 205.7 205.4 205.3 205.9 206.4 206.9 208.2 209.1 211.8 214.9 218.1 220.9 224.6 231.1 238.6 243.9 249.6 254.2 259.2 263.3 265.8 266.5 266.8 266.5 267.4 268.4 269.7 270.9 272.2 272.4 271.9 272.6 272.9 270.6 269.4 269.1 270.3 272.2 271 268.9 264.4 262.6 261.8 260.9 261.1 261.1 260.9 260.3 262.2 267.6 263.1 261.8 261.3 263 264.4 263.7 264.4 267.8 277.2 282.3 285.3 284.2 282.4
255.9 244.1 226.2 211.8 205.1 203.8 202.9 202.2 203.8 206.5 204.8 203.9 203.9 205.4 205.9 204.9 203.5 203.3 203.3 204.2 205.2 206.5 207.6 210.2 213.6 216.3 218.8 222.2 226.2 232.7 238.2 245 252.8 256.4 259.2 263.4 264.3 264.1 264.6 265.6 266 266.9 268 269.2 270.9 273 273.3 271.8 270.4 269.2 269.1 270.3 272.3 270.8 268.3 263.8 262.1 260.6 258.4 258.1 257.5 257.5 256.9 258 262.6 257.6 257.4 257.1 258.5 260.2 260.3 260.4 264 276.1 280.4 282.2 281.7 279.9
248.2 241.3 223.2 210.3 205.8 204.7 203.7 202.4 203.3 205.3 205.6 205.6 204.9 205.9 204.4 203.9 202.7 202 201.8 202.2 203.3 205.5 206.7 208.8 212.4 214.7 217.4 220.2 224.9 229.3 232.9 238.8 248 252.2 255.8 260.2 261.5 262.1 262.8 263.4 263.8 265.3 267.5 269.4 271.3 273.5 274.7 271.8 270.1 269 269.3 271 272.5 270.5 268.3 264.2 261.9 259.7 257.7 255.6 254.1 253.9 253.2 254 255.2 253.4 252.5 253.3 255.4 256.6 256.6 256.1 261.9 274.2 277.3 277.9 278.3 277.1
235.9 231.5 214.5 208.8 207.1 205.6 204.2 202.9 203.5 204.8 205.5 206 207.1 207.7 206 204.8 201.9 201.7 200.9 201.2 202.9 204.7 206.3 207.3 210.4 212.4 215.7 216.3 222.6 225.2 230.7 234.6 240.8 246.9 251.9 257.2 256.1 260.1 261.8 262.9 263.5 264.3 267.2 269.8 272 274.9 275.4 271.6 269.6 268.5 269 271.4 273.2 270.5 269.1 266.1 262.7 260.7 258.1 255.7 253.1 251.6 251 250.6 248.8 248.6 248.6 249.9 251.5 252.9 253.3 252.2 260.4 270.7 273.1 273.4 274.8 273.5
232.9 227.8 220 210.4 207.8 205.9 204.3 204.1 204.8 205.1 205.8 206.3 207.9 208 207.9 204.8 201.9 201.4 201 201.8 202.4 204.2 205.5 206.7 209.6 212.2 216 219 224.4 228.7 231.4 233.4 236.3 241.9 246 249.1 253.9 260.4 261.8 262.9 263.8 264.6 267 269.9 272.5 276 274.6 271.6 269 268.1 268.4 269.6 273 270.4 269.1 267.7 265.1 262.7 259.5 256.6 253.9 251 249.1 248.7 246.8 245.1 245 245.3 247.6 248.3 248.3 250.5 259.2 266.3 268.5 268.7 270.4 268.4
236.1 229 220.3 212.7 209.6 207.5 206.3 205.5 205.7 205.9 206 207 208.1 208.5 208.2 205.8 201.8 200.9 200.4 201.7 202.3 203.7 204.8 206.5 209 212.6 216.3 220.3 225.1 229.5 233.3 238 242.4 242.3 243.8 249.1 254.6 260 263.2 263.8 264.5 266 268.1 270.5 272.9 275.1 272.5 270.5 268.2 266.6 267.9 269.5 271.1 270.8 269.2 268.2 267.4 266 262.3 258.8 254.8 251.5 249.4 247.3 246.3 243.8 243.5 243.3 244.6 245 245.1 247.3 258.8 262.4 263.4 263.6 266.2 265.4
239.5 230.4 222.1 214.6 211.9 209.9 208.9 208.5 207 207.1 207.3 207.2 207.7 209 208.6 206.5 202 200.8 200.4 201.9 202.7 203.4 204.5 205 206.1 211.2 214.2 218.6 224.2 228.6 233.4 239.1 245.4 244.7 245.5 249.5 252.5 257.7 261.9 264.7 265.5 266.7 268.2 271 272.9 274.5 271.4 269.1 266.9 265.5 265.9 268.1 270 271.4 270 268.8 268.6 267.8 264.6 261.6 258.4 253.8 251.7 247.3 245.5 243.9 242.8 242.3 242.6 242.7 243.1 245.3 255.4 256.1 256.5 258.7 261.9 262.9
244.6 234.4 223.1 216.6 214 212.6 211.8 211.1 209.6 208.7 208.6 208.2 207.8 208.7 208.2 206.3 202.6 200.6 200.3 200.7 202 202.6 203.2 203.7 204.8 208.4 212.5 216.4 221.4 226.7 234.2 237.9 244.4 246.1 247.8 251.7 255.7 259 260.7 263.6 265.7 266.8 268.6 271.5 273.7 273.2 271.2 267.9 265.1 263.9 263.7 264.8 266.6 268.2 270.1 269.4 269.3 268.6 267.2 265 262.3 259.1 256.8 248.2 245.3 243.3 242 241.7 241.4 241.2 241.7 242.9 250.4 251.1 252.4 254.9 258.4 260.3
252.7 235.6 224.7 218.8 216.3 215 213.9 212.7 211.2 209.8 210.4 210 208.9 208 207.7 205.5 202.6 200.4 199.9 201 201.1 201.9 202 201.9 203.6 206.3 210.7 214.3 218.9 224.9 232.5 236.2 241.8 245.1 248.1 254.1 259.4 262.4 262.7 263.7 264.9 267 269.2 270.4 272.7 272.2 271.1 267.7 263.7 262.7 262.3 263.2 263.8 265.1 266.3 267.8 268.2 267.8 267.9 267.6 266 264.1 262.6 253.1 247.6 243.4 242.5 241.4 240.3 240.5 240.7 241.4 244.2 246.6 248.3 251 254.9 255.6
259.5 239.2 227.6 221.9 218.9 217.1 216 214.9 213 213.3 213.6 212.7 210.6 208.2 206.6 204.7 202.1 200.3 199.5 199.6 200.5 201.1 201.1 200.8 202.3 204.4 207.9 211.9 216.5 223 229.3 233.6 239.4 244 248.6 255.9 262.2 266.6 265.1 265.1 265.6 268.1 270 270.9 271.5 271.2 270.1 266.6 262.2 261.8 261.5 261.6 260.9 262.7 262.5 264.2 266.2 266.4 267.3 267.5 268.4 268.1 264.1 257.8 252.6 245.7 243.3 241.6 240.5 239.8 239.7 240.5 241.7 243.6 244.7 247.8 251.7 251.9
262.5 244 233.1 226 222.8 220.4 217.3 216.2 214.5 215.9 216.8 215.2 212.8 210 206.1 204.2 202 200 199.9 199.4 200.6 200.4 200.6 200.4 201.3 203.1 206.1 209.7 214.5 220.9 224.8 234 239.9 243.6 251.2 258.4 263.9 268.2 270 267.5 268 269.4 270.9 271.6 271.6 270.6 268.5 264.1 261.5 261.3 261.1 261 261 261 260.4 260 262.1 264.4 264.6 265.8 268.2 270.6 264.1 262.6 254.4 249.3 247.1 242.8 241 239.8 239.1 239.6 240.1 241.6 242.2 244.5 247.9 248.9
261.4 247.8 240.2 233.6 229.4 222.3 219 217.4 216.2 217.2 219.3 217.2 214.4 211.2 207.6 204.4 202.1 200.5 199.4 199.4 200.1 200.1 200.2 199.9 201 202.2 205.3 208.3 212.8 217.7 222.9 231.7 237.6 243.4 252.6 260.3 264.5 269.3 271.3 271.2 270.2 270.9 272.2 272.1 271.9 270.9 268.6 265.1 261.9 261.2 261 260.9 260.8 260.7 260.7 259.8 259.6 260.4 260.8 262.9 266.4 269.8 262.3 261.9 253.7 249.9 250.5 244.4 241.5 239.5 239.6 239.4 239.7 240.2 240.7 241.9 243.6 245.8
260.6 251.1 245.8 240.6 236.3 225.4 221 218.3 217.6 217.5 218.9 218.3 215.1 211.6 207.1 204.2 202.8 201 199.6 199.7 198.8 199.6 199.7 200.4 201.9 202.4 204.1 207.5 211.2 215.2 219.7 226.8 233.2 242.1 253.1 260.8 268.7 271.7 272.7 273.1 272.2 271.8 273.5 273.1 272.4 271.4 269.7 266.4 263.2 261.2 261.1 261 260.8 261 261.6 261.6 261 260.2 257.8 259 261.8 266.1 261.2 259.1 253 250.3 249 245.4 242.2 240.3 239.3 239 239 239.3 239.6 239.8 239.9 242.2
259.5 253.4 250.4 248.9 240.6 228.9 223 220.3 218.8 218.6 219 218.4 216.2 212.6 206.9 205.3 204.1 201.6 201.8 201.5 201.1 199.2 200.4 201.9 202.5 203.6 204.3 206.6 209.9 213.4 217.3 224 231.5 240.8 253.2 262.8 270.5 272.5 272.5 272.6 272.3 272.2 272.8 272.9 272.5 272.2 271.3 268.4 264.7 262.2 261.5 261.3 261.1 261.5 263 263.9 263.3 262.4 260.9 258.9 256.1 258.3 257.7 255.6 250 248.9 245.4 243.8 241.2 240.6 238.9 238.9 238.8 238.9 238.8 238.9 238.6 239.7
259.1 254.9 251.8 251.2 243.2 235.2 224.2 221.8 220 219.8 219.7 218.9 217.4 213.7 207.7 206 204.6 203.4 203 202.6 200.9 199.5 200 203.6 203.8 203.4 204.2 205.2 208.4 211.8 215.6 222.2 230.4 241.7 251.8 262.1 268.9 271.3 271.7 271.8 271.9 272.2 272.5 272 271.7 271.8 271 269.4 267.1 264.1 262.7 261.9 261.4 261.3 262.2 263.3 263.7 263.1 261.5 258.8 255.9 251.4 250.8 248.3 245.5 243.8 241.3 241.3 240.4 239.4 239 238.8 238.5 238.4 237.9 237.5 237.2 237.1
