public/OST50/SN70.asc
ncols 200
nrows 200
xllcorner 270000
yllcorner 200000
cellsize 50
[rows 35 to 69 of 200, columns 0 to 79 of 200]
162.9 164.4 165.2 165.8 166.9 170.4 176.4 178.6 182.7 186.9 193.2 202.7 217.4 236.7 258.8 279.6 291.1 296.7 301 305.8 310.2 313.7 316.4 318.6 318.8 319.3 317.5 311.8 304.7 297.4 287.1 278.3 271.8 256.7 241.1 227.2 212 195.2 182.2 171.7 166.8 163.1 156.8 160.1 166.2 174.8 181.1 189.9 201.3 217.5 233.5 241 248.5 257.7 268.5 272.2 280.8 281.5 280.3 277.5 272.5 268.6 265.7 262.1 257 250.5 240.4 223.9 219.2 215.6 205.8 199.4 194 185.7 175.6 164.2 153.5 143.1 136.4 134.2
162.7 164.5 165 165.6 166.6 171.5 175 178 181.5 185.8 192.5 203.6 220.8 240.7 265 281.4 292.3 298.8 303.6 307.9 310.9 315.3 318.2 318.8 317.4 316.5 314.4 308.6 301.7 293 282.8 273.9 264.8 245.9 229.8 214.3 196.4 182 172.2 166.2 161.8 156.1 155.7 161.8 172.4 180 188.2 197.6 208.7 224 236.3 242.7 249.3 259.9 269.1 271 277.4 277.9 275.6 272.8 269.3 264.5 260.2 257.5 252.6 244.9 233.3 218.3 212.2 208.1 202 197.2 191 182.6 170.7 157.4 148 139.2 134.7 132.8
162.9 164.5 164.9 165.3 166.7 170 174 177.6 180.7 185.4 191.3 204.5 223.4 246.7 270.9 281.8 293.5 299.7 304.3 307.4 313.1 317 318.6 319.2 314.4 312.4 310 305 297 288.1 279.3 268.3 249.9 232.8 216.9 197.1 181.1 170.8 165.8 161 156 153.9 158.8 168.2 177 185.1 195.6 205.8 217.5 229.8 238.3 244.4 252.5 263.4 268 269.8 276.5 274.5 272.1 268.9 265.6 261.8 256.3 252.4 246.5 236.3 224.4 214.7 207.8 201.7 197.4 193.3 187.5 178.7 166.1 153.5 141.5 135.5 132.9 131.7
162.9 164.2 164.7 165 166.7 169.5 173.1 176.8 180.3 185.1 191.7 205.8 226.4 252.6 273.2 281.7 293 298.8 303.8 311 315.4 316.7 317.9 318 311.1 308.6 306.1 300.6 292.7 283.1 272.8 252 232.8 217.3 199.4 181.1 169.2 164.7 160.5 153.1 152.8 155.9 163.5 172.7 182.6 194.6 207.2 215.2 226.1 236.2 241.3 248.1 257.8 266.5 268 272.3 276.7 271.7 267.4 265 262 258.4 252.1 246.2 240.7 232.5 220.1 210.9 204.7 199.7 193.5 185.8 179.5 173.2 161.9 149.5 137.5 133.3 131.9 131
162.5 163.8 165.5 165.6 166.3 168.8 173 176 179 185.5 192.9 209.1 230.3 256.2 271.6 283.1 292.3 298.2 307.9 311.5 312.6 314.2 315.1 314.7 310.2 305.7 301.4 295.3 286.5 273.1 254.8 233.6 217.4 200.4 182.4 169.1 162.6 158.3 150.5 151.5 153.2 160.7 168.5 176.9 193.3 207.5 217.8 224.4 232.7 240.5 244.8 254.3 263.8 266.9 268.2 272.3 273.6 268.7 264.2 260.9 258.1 253.1 246.9 240.4 234.8 228 216.1 207.6 201.5 197.1 192.3 180.5 170 165.1 157.1 145.9 135.1 131.6 130.9 130.3
163.1 164.5 170.9 172.2 171.4 172 173.1 174.9 178.3 186.2 194.8 212 234.2 256.9 272.8 285.9 291.8 301.6 307.5 308.6 310 312 311.9 310.1 308.1 303 296.4 289.9 274.6 256.3 234.1 217 201.4 183.9 169.6 161.3 156.6 149.7 149.1 153.3 157.7 166.1 175.6 186.9 207.5 219.7 228.1 233.1 239.2 244.4 249.9 259.7 266.6 267.9 269.6 276.5 271.2 266.1 261.4 257.5 253.5 247.5 241.5 234.7 230.1 222.1 212 204.8 198.1 193.9 188.7 179.7 167.7 157.2 149.1 142.5 135.9 132.2 130.6 129.5
163.5 164.3 176.3 177.3 175.9 175 175.4 175.2 177.4 185.2 196.7 214.6 239.1 260.4 275.6 286 293.4 301.4 304.1 305.4 308.2 308.7 307.4 305.3 302.5 298.1 289.8 279 254.7 236.2 217.9 200.6 183.6 169.5 161.4 156 147 148 150.8 155.8 162.2 171.7 182.6 198.9 218.7 231.9 235.8 239.2 244.1 249.7 256.3 265.1 266.9 268.2 274.3 273.3 268.1 262.1 257.8 253.5 248.2 241.7 235.9 230.4 224 216.5 208.5 201.5 194.9 190.4 184.9 177.9 167.1 155.8 145.1 139.9 135.1 132.1 130.6 129
163.2 164.4 177.7 178.6 177.3 178 178.5 175.2 175.8 182.8 199.6 220.2 245.7 263.6 278.2 285.9 294.2 299.7 301.4 303.7 305.6 304.8 303.1 299.8 295.4 289.1 280.4 257.2 234.9 218.4 203.7 184.9 169.8 161.2 155.6 150.3 144.8 149.2 153.2 158.5 166.7 177.6 190.8 210.8 230.1 239.2 241.8 245.2 248.7 254.2 262.4 267.1 266.8 270.6 274.1 269.5 264.4 259.4 253.9 248 242.3 236.8 231.4 226.4 219.2 211.5 203.1 195.7 190 186.1 180.9 173.7 165.5 154.4 145.4 138.3 133.2 131 129.6 127.9
165.5 166.2 178.4 178 177.1 178.2 179.2 175.7 174.4 184.2 201.9 226.3 250.6 265.2 277.1 284.4 292.3 296.7 298.9 301 302.3 300.9 298.6 294 287.7 278.2 257.3 235.5 217.7 203.9 187.9 172.1 160.9 154.6 143.7 144.3 146.1 151.6 156.3 162.6 172.9 184.4 198 219.6 237.6 245 247.2 253.4 255.3 262 268.8 266.7 266.7 271.8 270.3 264.9 259.6 255.5 250.1 243.7 237.4 232.2 227.1 222 214.6 205.6 197 190.9 185.8 181.6 176.6 170 162.4 152 143.9 137.4 131.9 129.7 128.2 126.8
173.5 174.4 178.2 178.5 176.6 176.8 178.9 174.9 172.7 185.9 205.7 231 253.8 265.1 274.9 284.4 289.8 293.7 295.2 297.3 298 296.9 293.6 288.1 277.4 257.7 235.7 217.1 200.6 189 174.3 162.4 154.6 141.9 142.2 146 148.5 154.7 161.1 168.2 178.1 189.6 203.5 225.9 241.3 248.7 253.4 256.3 261.5 269.7 268.3 264.5 265.6 268.4 265.3 260.5 255.7 251 245.6 238 233.1 227.8 222.5 216.5 208.2 199.6 191.8 186.2 181.2 176.5 171.9 166.7 159.4 149.2 141.8 136 131.2 128.5 126.9 126.4
172.8 174.7 176.8 178.5 176 176.4 178.4 173.8 172.1 185.9 207.9 233.5 253.5 264 274.1 282.9 286.7 290.2 292.7 293.6 294.4 292 289.3 280.2 261.9 238.4 218 201.6 188.3 175.2 163.1 155.6 141.2 141.5 145.9 151.1 155.4 160.3 166.4 173.7 183.8 195 209.1 226.6 243.4 251.3 255.7 258.3 265.3 269.1 265.8 263.5 264.2 264.4 261 256.2 251.4 246.6 240.3 233.8 228.9 223.3 217.1 210 201.6 193.4 186.4 180.8 175.9 170.8 167.7 163.4 155.8 147.4 139.7 134 130.5 127.7 126.6 128.1
170.4 174.6 175.2 177.9 175.5 175.8 177.1 172.6 171.9 184.8 207.8 232.8 252.4 262.1 273.6 280.7 284.7 287.3 289.6 290.9 291.2 288.7 285.1 268.6 243.1 219.5 201.7 189 174.8 163.5 155 148.9 139.3 141.9 150.9 154.9 159.5 165 173.4 182.5 193.3 202.5 214.3 228.4 245.1 252.7 255.9 259.3 267.2 265.8 262.1 262.4 264 260.7 256.4 251.1 246.6 242.2 236.8 230 224.2 218.5 211.7 203 194.9 187.6 180.8 175.2 169.8 165.1 162.6 157.9 151.9 145.9 137.7 132 128.8 125.3 128.5 129.3
168.2 174.7 175 174.9 173.8 175.2 177.9 171.9 170.8 182.4 206.9 232.1 249.9 261.6 272.8 278.7 283.5 284.8 286.3 288 288 286 279.5 251.5 225.8 204.3 191.1 175.2 163.1 155.2 149.1 140.5 138.6 144.9 153.9 159.6 164.4 173.2 185.3 194.5 203.9 212.6 223 236.4 245.7 250.9 255.4 259.6 266.2 261 256.9 259.8 258.6 253.9 250.3 246.4 242.4 238.3 232.3 225.9 219.1 212.4 205.4 196.6 189.2 181.6 175.5 169.9 163.7 159.9 156.9 153 147.4 143.7 136.7 130.2 126.7 126.5 129.3 130.8
165.4 175.5 175 174.3 173.8 174.8 177.1 172.7 169.8 180.7 203.8 227.6 247.4 261.2 271.4 276.1 279.5 281.5 283.8 284.8 284.6 282.4 266 235.9 210.7 194.1 177.9 164.3 155.8 149.2 143.1 138 135.9 149.7 160.6 166.5 175.1 186.9 200 209.9 214.9 223.9 233.7 241 246.4 250.6 254.1 259.2 262.8 255.4 252.5 252.6 251.9 248.8 245.7 242.3 238.4 232.9 227.4 221.3 214.2 207.1 198.3 190.3 182.5 175.6 170 163.3 157.3 153.6 152.1 149.9 143.7 139.4 134.5 126.1 127.2 130.5 130.8 133.2
162.8 173.4 175.1 174.4 173.7 174.4 178.2 173 168.8 178.8 199.9 223.5 244.5 261.4 269.8 273.6 276 278.8 281.4 281.3 280.1 275.9 251 220.6 200.6 184.6 167 157.1 149.8 143.7 136.7 136.4 141.1 156 167.1 180.5 194.9 208 220.7 228.2 226.7 229.3 236.6 243.2 246 249.2 252.8 257.2 258.2 252.2 251.3 247.6 246.7 244.5 240.9 237.6 232.4 227.8 223.6 216.9 209.9 201.6 191.8 184.4 176.5 170.5 163.4 156.6 151.8 148.4 147.8 145.9 138.9 134.5 126.4 127.4 135.6 135.7 135 136.3
158.5 166.7 174.6 173.8 173.1 173.2 177.6 172.4 167.8 177.7 195.6 219.7 239.6 258.6 266.9 270.6 273.1 276.2 278.6 278 276.2 263.2 236 208.7 193.3 175.1 160.5 151.5 145.9 135.2 135 135.2 147.2 159.2 177.2 198.1 216.1 229.3 233.2 236.8 233.3 233.4 240 246.4 244.1 246.7 250.7 253.3 254.6 250.6 248.6 244.8 242.1 240.2 237.4 233.5 229.3 224.8 220.1 213.3 205.3 196.4 185.8 181.6 174.5 167.7 161.8 153.6 148 142.7 141.1 140.2 133.9 127.3 124 137.8 144.5 142.5 141.1 141.7
151.9 160.2 171.6 173 172.6 173.4 176.1 170.6 167 177.5 192.2 214.1 233 254.1 262.9 266.8 270.4 274 275.9 274.3 271.3 252.5 222.6 202.1 185.4 168.7 156.6 148.4 140.7 133.8 133.8 140.6 147.5 163.6 188.7 213.7 233.5 236.3 238.4 239.2 234.8 235.6 243.4 247.4 242.9 242.8 244.7 246 248.9 245.8 242.8 240.4 238.8 237.6 234.3 230.8 227.2 222.4 216.8 208.7 204 196.1 189.1 178.7 172.3 164.7 158.6 152.4 146.9 141 133.5 130.9 127.6 119.2 134.4 144.2 147.6 145.8 144.6 146.5
146 156.3 165.3 172.4 172.2 173.3 174.4 167.8 167.1 176.7 188.4 208.3 229.2 249.6 259.7 264 268.7 272.1 272.9 271.1 266.2 245.8 216.5 197.4 178.1 164.7 153.5 146.2 136.7 132.1 134.1 143.5 155.8 173.3 195.8 225.3 236.4 239.4 240.5 240.6 235.1 235.8 243.1 247.6 241.9 240.2 239.5 239.3 240.9 241.1 239 238 237.1 235.3 232.1 228.7 225.2 220.6 214.7 209.3 204.8 200.2 192.9 179.5 170.2 163.3 158.5 152.7 147.6 143 136.2 126.8 118 129.4 141.2 147.7 147.6 146.9 147.6 149.6
146.3 148 160.3 170.9 170.7 171.1 170.6 164.2 167.1 175.8 185.5 201 223.2 246.2 257.6 262.4 267.1 270.2 269.6 268.3 262.6 241.8 212.7 189.2 174.2 161 150.7 143.9 130.6 132.6 139.5 149.4 161.5 176.4 197.7 225.2 235.5 238.6 240 240 236.1 242.3 246.2 244.6 241.7 238.5 238.1 236.2 235.5 237.8 237.4 236.7 235.3 233.8 231.3 227.8 224.5 221 216.8 211.8 206.9 201.1 191.4 181.2 170 161.8 156.8 151.3 147.7 141.9 134.7 123.4 120.2 131.7 141.2 145.5 146.9 147.2 148.7 151.4
150.9 143.9 155.9 160.7 160.5 160.7 160.5 161.6 166.9 175.1 183.7 194.8 219.6 242.8 255.4 260.7 265.7 267.3 267.1 265.3 259.5 239.7 211.1 185.9 170.4 157.8 147.8 141.1 130.9 134.3 143.3 151.2 162.6 177.6 196.6 218.5 234.2 236.5 238.7 238.5 236 242.3 245.3 243 238.6 239 237.8 234.2 233.5 235.8 237 237.1 236.2 234.2 232.3 230 226.1 222.1 217.9 211.1 206.6 201.7 193 181.6 171.7 164.5 158.7 150 144.2 140.8 132.6 118 122.7 132.6 139.8 143.3 145.4 146.4 149.8 152.9
151.6 142.4 148 155.1 159.3 161.2 162 160.7 166.3 172.7 181.1 193.7 217.6 240.6 253 258.3 263.2 264.8 265.1 262.8 258.1 239.7 210.5 184 168.1 155.6 145.4 135.2 130 137 145.3 153.5 163.8 179 193.4 215.5 232 233.9 236.3 236.3 233 236 241.1 240.2 233.7 235.4 235.3 232.2 232.7 235.3 237.1 237.9 237 235.1 233.5 231.9 228.6 225.5 221.6 219 216.7 212.7 202.8 188.4 174 166.9 160.2 151.1 150.8 137.2 128.8 119.4 118.8 131.5 137.5 141.1 143.9 145.5 149 153.6
150.7 139.9 149.1 156.4 159.6 160 159.8 160.7 164.2 170.1 179.8 194.7 218.4 239.6 250.9 255.5 259.4 262.3 262.7 260.3 255 239.3 210.1 182.8 167.1 150 140.9 131.1 129.5 142.1 146.9 155.1 165 177.8 190.6 214.1 232.6 232.2 233 232.2 229.9 233.2 238.6 232.1 230.5 235 232.3 230.1 230.8 233.4 235.8 238 237.8 237.1 237.2 234.5 231.5 228.6 229.4 229.8 219.8 210.2 205.7 204.3 179.5 165.4 156.6 151.5 149.1 135.4 127.8 118.5 119 129.1 134.8 139.8 142.2 144.7 148.9 153.3
146.4 141.8 151.4 156.1 157.6 158.6 158.4 158.2 160.8 165.4 176.4 195.7 220 236.9 246.6 251.2 255.5 258.2 259.1 256.3 251.5 237.5 209.4 182.7 163.8 147 138.4 130 135.9 142.5 147.3 154.9 164.9 176.3 188.6 214.1 229.8 230 228.6 227.1 225.2 228.4 233.3 227.1 227.5 231.8 228.5 227.4 227.8 233.4 235.4 236.9 237.6 238.7 238 235 232.3 236.4 237 232.1 209.2 189.5 190.2 201.6 187.8 168.1 154 152.7 144.2 136.6 130.9 122 116.4 127.8 133.7 138.7 140.7 142.7 145.4 149.8
146 143.9 152.2 154.7 156.1 156.5 156 155.7 157.7 161.3 173.7 196.6 218.6 233.4 241.9 246.7 250.1 253.4 253.4 251.3 246.3 233.8 211.1 182.1 161.6 144.3 135.1 127.7 138.8 141.9 147.6 154.3 164.2 174.8 185 205.1 224.5 225.9 224 218.8 218.3 218.8 217.5 215.6 221.6 225.3 225.4 222.3 226 231.7 234.5 235.8 237.1 238.8 238.3 236.1 232.7 234.3 235.4 227.4 210.2 188.3 177.5 192.3 193.4 168.4 156.3 148.6 146.2 142.5 137.4 125.5 113.9 127.7 134.9 138.1 139.7 140.8 142.4 146.9
152 138.8 145.7 149 150.9 153.4 152.9 153 155 159.3 171.7 196.1 215.6 228 235.6 241.6 245.2 247.6 247 243.8 237.2 229 212.8 182.8 160.9 142.4 137.2 126.2 135.8 140.2 146.6 153.8 163.4 172.4 181.3 199.8 217.6 220.4 218.7 216 214.5 211.8 208 208.7 213.6 221.1 219.9 220.9 228 231.6 234.1 235.2 238.1 240.5 240.7 237.4 231.7 233.3 231.1 208.3 191.5 185.7 170.7 188.6 190.6 167.9 159.4 154.3 150.6 146.6 138.5 124.6 111.5 129.2 135 137.6 138.1 139.1 140.8 144.7
160.5 143.6 138.1 143 146.5 149.7 149.8 150.4 153 158.2 170.5 190.8 210.8 221.5 228.1 234.8 238 239.9 238 234.4 229.4 225.5 211.7 184.7 160.7 140.8 129.3 124.9 134.5 139.2 145.5 152.8 162.4 170.4 182.4 205.6 217.3 214 210.6 209.1 207.9 205.2 201.4 203.6 211.2 216.5 213.8 224.1 228.7 232.3 234.3 234.9 239.1 240.8 240.9 236.4 230.5 228.8 223.2 204.5 199.4 176 166.8 183.3 184.9 172 164 159.4 154.1 147.5 136.2 120.9 113 126.7 129.3 127.5 127.5 129.8 138 141.1
169.4 154.2 140.7 135 141.4 147.2 147.1 148 150.9 155.7 166.7 189 205.9 213.4 219.1 223.7 227.2 228.1 225.7 225.5 224.4 220.4 208.6 184.3 159.7 139.7 126.2 125 133.6 138.2 144.3 151.4 160.3 171.5 191.5 210.9 214 209.8 204.3 204.9 203 201.2 200.1 204.3 210.5 210.9 216.6 223.7 227.8 233 234.7 234.3 237.3 242.1 242.1 236 230.2 225.9 219.2 199.7 197.9 176.2 179.9 185.2 187.2 176.7 167.8 162.8 157 148.6 138.4 124.7 109.8 109.6 99.7 94.2 86 98.3 122.3 136.6
174.5 162.4 149 137.4 134.1 142.6 145.4 146.4 148.3 154 163.9 185.4 201.3 206.7 210.9 213.1 215.8 218 218.8 218.9 219 216 206.3 182 155.3 139.9 129.4 122.8 130.8 137.3 143.2 151.5 163.2 179.1 201.3 206.8 208.5 204.3 199.1 199.5 199.9 198 199.7 203 206.7 209 217.9 223.6 225.6 230.5 234.4 231.6 236.5 242.5 242.2 235.4 230.6 225.4 220.8 217 184.8 176.6 202.8 205.3 196.7 180.6 171.1 166.1 161 153.7 143.9 134.7 128 127.3 129.3 125.8 109.4 84.9 108.1 129.3
177.8 167.7 155.3 145.3 134.1 135.5 141.9 144.2 146.6 153.9 165.2 177.8 194.3 202.1 205.3 207.4 209 209.7 210.6 212.1 213.2 211.3 201.9 177.7 152.2 139.6 128.9 121.7 130.5 136.2 142.4 154 171.5 187.8 197.4 200.6 201.3 195.3 194.9 196 196.4 196.3 198.4 200.8 202.1 208.3 215.7 221.3 222 226.9 232 229.3 236 240.8 239.5 234.7 230.4 224.9 220.8 217.4 213.7 209.7 212 210.2 202.7 186.4 172.1 165.7 160.8 156 149.2 140.5 135.5 128.1 124.4 124.5 120 89.9 102.7 128
181.8 171.9 159.6 149.4 141.5 132.2 135.8 141.3 144.9 152.5 163.4 174.3 183.2 193.3 197.9 200.9 201.6 202.9 204.7 206.9 208.4 206.5 196.3 172.5 149.6 138.5 125.9 120.3 127.6 134 142.7 160.8 181.5 189.2 192.9 194.7 192.3 189.8 190.5 191 190.8 194.4 195.9 197.9 202.9 207.2 212.8 217.1 217.4 219.1 225.5 226.8 231.5 235.1 236 233.9 230.8 226 221 217.4 214.9 214.1 213.3 213.3 207.6 190.9 175.4 166 161.2 156.4 151.1 141.8 135.3 129.7 123.7 119.5 111.4 88.4 100.7 125.5
186.3 174.6 162.1 151.9 145.1 140.8 130.1 134.1 141.7 150.3 155.8 165 175.4 182.8 189.9 193.6 195.7 197.9 200.6 202.2 203.3 201.7 190.4 167.5 148.8 136.8 126.9 119.1 124.5 131.7 145 168.2 183.3 188.4 189.8 189.1 185 183.8 183.8 184.2 186.5 189 194.8 199 202.8 206.5 211.3 214.5 214.2 214.9 218.2 222 225.6 229 231.9 231.5 229 225.6 220.9 216.4 213.2 212.7 213.2 213 209.9 199.3 182.1 166 161.2 158.1 153.5 143.6 136.7 130.1 123.4 116.9 102.6 86.8 94.9 117.6
188.8 177.7 164.7 154.1 147.2 143 138.7 124.8 132.6 140.8 147.3 151.4 161.4 171.5 180 186.3 190.1 192.6 194.4 196.7 198.2 196.6 186.5 163.7 145.6 135.3 127 118.4 120 130.5 148.2 170.7 181.6 185.1 184.1 180.9 177.6 177.8 177.9 178.3 184.8 189.3 193.1 199 203.1 209.9 214.7 216.6 214.2 213.7 216.4 218.8 219.6 224.6 226.6 226.6 225.8 223.2 220 214.1 210 210.6 212 211.5 208.3 201.5 185.2 167.1 161.8 160.1 154.2 145.3 139 132.1 123.9 115.7 101.2 84.1 93.8 109.8
192.7 181.5 168.3 157.3 149.4 145.4 142.2 135.1 122.2 130.4 137.7 145.3 152.7 160.3 169.9 177.5 182 186 187.9 190.7 192.3 190.5 181.5 160.5 143.7 133.8 125.1 115.4 118.7 131.4 150.8 167.1 175.8 177.9 174.9 172 172 170.3 172.9 180 184.9 188.7 193.9 199.4 204.7 214.1 223.7 226.9 220 212.7 213.6 213.7 214.2 217.8 220.8 221.1 220.6 219.7 217.8 209.9 207.1 208 209.3 208.9 205.7 200.1 182.7 168 163.7 162.2 157.1 149.5 141.5 133.5 127.3 115.7 96.8 77 92.5 106
196.1 185.2 171.9 159.4 152.3 147.2 144.2 141.5 132 123 128.2 139.7 146.9 150.5 154.1 159.3 166.5 173.6 177.9 183.3 185.5 183.4 177.2 157.5 142.4 132.3 123.8 115.8 119.1 134.4 150.6 163.3 168.4 168.6 165.8 165.7 160.2 170.6 175.7 180.9 185.3 189.3 195.6 201 205.8 216.6 232.8 229.6 220.6 210.9 210.9 210.1 209.6 212.4 214.3 215 214.8 214.7 212.1 206.6 204.6 205.8 206.3 205.6 202.9 198 179.5 168.1 164.3 165.9 160 152.2 144.7 138.4 133.8 125.7 101.9 73.8 90.6 102.9
201.2 188.8 175.3 162.6 155.2 149.5 145.9 142.7 138.6 127.7 122.6 132.8 140.4 142.7 145.9 148.7 154.1 161 165.7 174 177.4 175.8 171.8 155.5 141.1 130.3 122.6 113.7 119.6 133.4 147.5 157.5 159.5 157.7 159.2 158.6 165.5 170.3 175 180.5 184.9 190.2 196.9 202.1 209.8 222 233.9 229 215.7 208.6 207.9 207.1 206.7 207 207.4 209.8 210.5 210.2 208.6 204.5 202.3 202.5 203 202.9 200.5 192 175.6 166.5 164.7 166.6 161.6 153.9 148.4 143.8 138.5 129.5 103.2 70 86 98.6
