public/OST50/SN70.asc
ncols 200
nrows 200
xllcorner 270000
yllcorner 200000
cellsize 50
[rows 140 to 174 of 200, columns 0 to 79 of 200]
172.7 173 173.5 173.7 173.1 172.6 170.7 166.9 160.7 154.6 151.6 151.3 152.4 148.2 141.7 135.5 122.4 105 102.3 102.8 83.7 62.8 64.1 59.5 57 53.3 44.1 32.8 25.8 22.4 22.4 23.1 26.7 26.8 26.4 26.6 26.5 27.2 33.4 33.1 33.4 37.9 40.5 43.6 45.5 50.8 51.8 52.9 52.3 61.7 65.9 68.7 70.6 74.1 77 79.2 81.9 84.8 87 86.5 87.2 90.2 93.2 94.4 93.8 90.5 89.8 90.1 91.7 94.7 99.7 103.2 107 110.7 112.9 111.9 110 112.3 116.2 118.6
166.3 166.6 167 166.8 165.6 164.5 162.5 158.3 152.6 146.9 144.4 144.8 144.5 139.7 133.7 130.5 120.1 98.6 94.9 91.4 75.9 60.9 52.5 54.3 54.7 46.6 36.9 24.2 26.4 25.8 25.4 25.3 25.5 25.8 25.7 26.4 26.9 28.3 32.8 33.7 36.8 40.4 44.8 48.2 49.9 53 57.7 61.6 65.3 68.9 71.5 74.8 77.2 78.4 81.3 84.1 86.4 87.9 89.1 89.6 92.6 94.3 95.7 96.1 95 92.6 90.8 90.2 91.9 94.7 100 102.5 105.5 109.1 111.1 109.8 108 110.4 114.6 117
158.4 159.1 159.5 159.2 158.4 156.1 152.7 149.3 144.3 139.3 136.6 135 133.9 129.7 125.6 120.9 110.2 95.5 82.5 77.1 66.3 59.3 44.9 46.6 46.6 38.4 29.1 24.4 25.2 25 25 25.1 25.1 25.2 25.6 26.6 26.7 31 33.6 37.2 40.2 44.7 49.2 53.2 57.1 61.7 66.6 70 72.4 75 78.2 81.2 83 85.2 87.6 88.6 89.7 90.9 92.2 94.8 97.3 98.4 97.4 97.4 96.3 94 91.9 91.1 91.3 93.9 98.1 101.4 103.9 106 107.3 106.9 106 109 113.3 115.9
152 150.4 150.9 151.3 150 148.1 145.1 141.3 133.7 129.8 127.5 126.1 123.3 119.5 114.9 110 100.2 90.1 71.2 68.8 61.4 48.7 42.7 38.7 36.4 29.1 22.7 25.2 25.3 25 24.8 24.8 24.9 24.9 25 25.7 25.7 34.1 40.5 43.8 45.7 49.6 52.6 57.8 62.6 67.9 74.3 79.1 81.8 83.8 84.5 86.6 89.4 91.8 93.1 93.8 95.2 96.5 98.1 100.9 102.3 102.8 101.1 99.9 98 95.4 92.4 91.2 91.3 93.3 97 99.3 100.5 102.2 103.4 103.6 103.8 107.3 111.9 114.7
144 143.6 143.7 143.5 142.6 140.7 139 127.1 122.4 119.5 116.9 115.2 113.8 110.6 103.1 100.3 92.6 82.1 63.8 58 54.8 44.2 38.8 34.6 32.3 22.7 24.9 24.9 25 24.9 24.7 24.6 24.6 24.7 24.7 24.3 35.8 39.3 44.4 46.2 49.4 52.8 56.7 62 69 76.5 84.5 89.1 90.6 90.9 92.3 94.7 96.6 97.7 98.8 99.4 101.3 104 106 107.7 108.2 106.7 105.1 103.4 101 96.1 93 91.9 91.8 92.6 94.6 96.6 97.1 98.4 100.5 101.8 103.1 106.9 111.1 113.6
137.9 138.3 136.9 135.4 134.7 131.1 122.3 115.6 110.6 108 106.8 104.5 102.3 99.8 95.6 88.1 79.4 71.3 61.8 52.7 46.7 40.7 35.8 32.9 29.7 22.7 24.9 24.7 24.7 24.7 24.6 24.4 24.4 24.4 24.1 33.4 37 42.9 47.1 50.7 55 58.7 63.2 69.4 78.8 88.4 95.7 99 100.3 101.6 102.1 102.3 102.4 103.2 104.6 106.5 109.3 111.9 112.6 112.3 111.2 109.4 108.1 105.8 101.3 96.4 93.8 92.6 92 92 93.3 94.3 95.5 96.7 98.9 101.2 103.4 107 111.4 113.4
131.3 130.6 129.3 128 124.5 118.2 112 106.5 101.6 97.6 96.6 94.8 93.3 90.9 85.7 77.6 69.7 63.7 56.3 48 44.2 39.5 34.5 30.5 27.9 22.7 25.4 24.4 24.4 24.4 24.4 24.3 24.3 24.6 34.7 38.7 46.2 49 54 57.1 60.4 63.9 69.1 76.4 86.1 95.3 101.3 105.6 109.4 109.5 108.7 108.1 107.8 108.2 109.5 112.3 114.3 114.9 114.9 114.8 113.1 111.1 109.5 105.9 101 96.9 94.7 93.3 92.6 92.2 94.8 94.2 95.6 96.4 99.3 101.6 104.5 107.9 112 111.9
123 122.6 122 119 113.7 108.1 102.4 97.5 93.4 89.1 87.3 85.5 83.4 81.7 76.5 71.2 60.5 55.7 52.4 44.8 40.2 36.5 32.5 25.7 24.4 24.4 25.9 24.5 24.3 24.2 24.4 24.3 26.2 35.9 37.6 46.9 51.3 55.5 58.9 61.2 64.3 68 74.1 82.8 91.2 98 104.3 108.3 111.4 113.2 113.2 113.9 112.7 112.9 114.4 115.7 116.4 117.4 117.6 116.7 114.5 112.3 109.6 106.8 102.8 98.4 95.6 94.2 93.4 93.5 95.6 94.5 95.6 97.1 100.3 102.8 105.5 109 111.5 110.8
116.1 115.8 113.9 109.6 104.4 98.3 93.3 89.6 86.5 82.4 78.6 75 73.6 68.8 65.9 58.5 50.8 51.9 49.6 42.1 37.3 35 25.3 24.2 24.3 23.8 25 24.4 24.1 24.6 29.5 34 37.3 39.1 44.3 51.7 55.6 59.4 61.9 63.7 68.1 73.6 78.8 87 92.7 98.8 103.9 108.2 111.2 114 116.1 117.2 117.1 116 117.2 117.9 118.9 119.1 118.3 117.2 115.9 113.9 112 109.9 105.9 100.3 96.5 95.3 94.5 94.9 96.1 94.7 95.9 98.1 101.1 104 106.8 109.8 110.7 109.2
109.8 108.3 105.6 101.8 96.8 90.3 85.4 82.5 79.7 75.7 71.5 67.5 64.1 58.9 53 48.1 48.8 46.5 42.9 38.3 35.7 25.9 24.1 24.1 24.2 23.8 24.6 24.2 24.4 29.8 34 36.6 40.7 43 50.3 55.6 59.7 62.5 64.7 68.6 72.7 75.9 81.7 87.9 94.6 98.8 103 107.1 110.4 113 115.8 117.7 118.7 119 119.6 120.2 120.4 120.4 120.4 119.9 119.7 118.1 115.7 113.3 109.1 103.3 97.6 96.5 96.1 96.6 96.8 95.5 96.2 98.3 101 104 106.9 109.4 109.6 108.2
102.8 100.9 97.9 94.1 89.4 84.4 79.9 76.1 72.9 69.3 65.9 65.4 58.9 49 45.8 46.2 44.1 39.8 37.9 36.4 28.2 23 22.3 23.1 23.5 22.9 24.7 24.1 25.5 32.8 36.3 37.8 39.3 49.8 54 58.8 61.8 64.7 67.6 71.3 76.4 81.1 85.2 88.9 93.3 98.1 102.9 107.6 110.7 113.3 116.2 119 121.2 121.7 122.4 122.4 123.7 123.7 124.6 124.2 123.6 122.3 119.9 117.4 113.3 106.4 100.8 98 97.6 98 96.8 95.7 96.1 97.2 99.3 102.4 105.4 107.9 108.7 107
94.6 92.6 89.2 85.6 81.9 78.9 74.4 70.1 66.1 62.2 61.1 60.3 54.8 44.9 42.5 41.5 38.2 37.7 37.2 34.1 22.8 22.7 22.3 22.6 22.8 22.7 24.1 24.2 27.5 34.3 37.5 36.5 47.6 52.6 56.1 59.6 63.5 66.6 70 75.6 80.8 84.1 86.9 90.4 94.7 100.2 104.6 108.9 113.1 117.5 122.2 125 126.9 128.3 129.6 130.2 131.1 131.3 132.1 132.9 134 132 128.8 124.8 118 111.7 105.4 100.3 99.4 99.3 96.8 96.1 96.4 96.8 97.5 100 102.9 106.5 107.4 105.9
85.8 83.6 81.1 77.1 75.5 73.3 68.9 64.3 58.8 56.6 56.1 53.1 47.4 44.4 40.2 38.5 37.3 36.9 36.4 24 22.6 22.7 22.4 22.7 23 20.5 23.7 24.4 29.1 34.9 38.2 42.2 49.4 52.6 57.2 61.6 64.6 69.6 74.6 78.3 82.4 86.1 89 92.8 98 104.1 109.7 114.5 121.5 128.2 134.4 136.9 138.6 140.3 141.8 142.9 144 145.2 146.2 146.9 146.4 143.8 139.6 133.4 127.1 118.2 110.8 103.8 101.8 100.5 97.5 96.7 96.8 97 97.4 98.4 100.8 104.1 104.6 104.8
76.8 74.5 72 70.6 70 66.6 64 59.9 55.6 52.1 47.9 44.3 41.9 42.6 40.7 37.3 36.2 35.8 27.4 22.3 22.4 22.6 22.5 22.8 24.4 23.7 23.5 27.4 32 35.2 36.2 45.3 51 54.8 59.4 63.7 66.9 71.7 76 80.2 84.5 88.7 92.8 97.8 104.6 112 120 125.6 133.5 141.2 148.4 153 156 159 161.8 161.9 160.5 161.6 163.2 162.9 158.2 153.3 147 140.4 133.5 125.6 115.6 107.3 103.9 102.6 99.5 97.7 97.1 97.1 97.1 98.3 100.3 103.5 105.1 105.7
69.3 66.9 65.7 64.8 63.1 60.8 59.3 56.3 52.2 46.8 42.2 39.8 39.9 42.4 43 37.2 36.1 35 22.2 22.2 22.4 22.5 22.9 23.6 20.5 23.4 24 28.6 31.6 30.8 41.6 48 52.2 56.9 60.9 66.2 70.5 75.5 80.3 85.8 91.3 96 100.4 107.1 117.3 126.4 134.3 141.3 150.4 157.8 165.3 173.6 180.5 185.6 185.3 182.2 180.2 180.9 183.1 181.8 174.2 167.7 153.3 141.6 133.9 126.3 117.9 109.6 106.4 104.6 101.6 99.2 98.6 98.4 98.4 99.8 101.7 104.6 105.8 105.9
62.9 61.6 60 59 57 55 53.2 50.5 46.9 42.3 39.1 38.4 38.5 42.4 41.9 37.1 28.5 23.9 22.5 22.5 22.4 22.5 23.6 24.6 20.5 23.9 23.5 30.5 28.9 38.6 43.3 49.7 54 58.5 63.5 69.4 75.1 80.2 85.6 92 98.4 103.8 111.2 123.2 134.9 145.1 154.6 164.2 173.7 182.2 189.6 197 201.5 203.4 200.9 196.3 193.3 191.1 189.6 188.5 185.5 178 160.3 143.4 134.2 126.7 119.2 112.2 109.8 107.7 104 100.7 99.7 99.8 99.9 101.5 103.3 105 105 104.9
58.9 57.2 54.6 53.1 51.1 49 46.9 45.4 42.7 39.2 37.2 37.2 37.4 39.5 39.9 31.6 23.5 22.3 22.7 22.9 22.8 23.4 24.4 21.3 22.7 23.6 27.1 28.6 34.7 39.4 44.8 51.3 55.9 61.3 68.3 74.3 79.6 85.1 91.8 99.1 107.1 117.2 128.7 141.9 158.4 173.5 184.7 191.7 195.9 200.4 203.6 205.7 208.1 209.7 208.6 205.9 199.8 194.2 191.6 188 185.2 177.8 160.3 146.2 134.8 127.2 120.1 115 113.1 110.3 106.3 102.5 100.6 100.5 101.1 102.1 103.2 103.9 103.9 103.5
54.5 52.1 49.3 47.5 45.7 43.8 42.1 40.3 38 36 36.1 36.7 36.9 37.2 35.2 20.3 19.6 19.6 20.9 23.5 23.9 24.2 20.8 22.7 22.7 24.2 30.6 34.7 36.6 42.9 47.5 53.4 59.4 66.2 73.4 79.4 85.6 92.7 102.8 114 124.2 135.3 151.5 169.6 182.9 192.1 196.7 200.8 205 206.9 208.8 210.3 212.7 214.4 214.9 213.3 206.6 200.4 195.8 189.2 182.2 175.8 160.3 146.4 135.3 127.7 121.6 118.3 115.6 111.8 107.9 104.1 101 100.8 100.9 101.4 102.4 102.5 102.8 103.1
47.2 45.4 43.2 41.1 39.5 38.6 37.5 35.8 35.5 35.5 36.2 36.9 34.7 33.6 22.4 21.3 21.9 21.5 21.5 22.1 22.5 20.9 22.6 22.4 25.7 24.7 28.2 33.3 38.4 45.5 51.7 58 65.3 73.7 81.1 89 97.1 107 119.4 130.6 143.4 162.8 175.9 183.9 192.1 198.2 201.7 205.7 209.3 211.8 213.9 215.2 217.3 219.1 220 217.7 209.8 202.8 197.2 190.6 181.2 172.9 158.6 148.8 139.3 130.3 124.5 121.2 116.4 111.4 107.7 104.3 101.1 100.7 100.7 100.9 101.6 101.7 101.9 102
41.3 39.1 36.8 35.3 34.7 34.5 34.5 34 33.9 34.1 35.5 34.3 31.7 23.4 19.8 21.6 21.6 21.5 21.5 21.4 22 22.3 22.5 24.2 22.8 24.1 30.3 35.2 40.9 47.8 56.2 63.4 71.8 81.4 92 102.3 112.3 123.5 136.8 153 168.3 177 183.4 189.9 195.2 200.5 204.5 208.7 212.4 215.7 218.9 220.5 222.3 224.7 224.7 220.7 214 204 197.8 190.9 180.6 171.4 159.7 151.9 143.8 133.8 126.1 122.1 116.2 110.6 107.1 103.6 100.6 100.6 100.5 100.7 100.9 101.1 101.3 101.4
37.1 35 33.6 33 32.8 32.1 32.3 32.2 32.3 33.4 33.3 32.4 25.2 19 21.5 21.5 21.5 21.4 21.4 22.5 21.5 22.3 22.4 23.6 22.2 23.6 31 37 43.6 51.5 61.2 70.4 80.6 92.3 104.4 115.2 128.5 143 157.4 169.5 177.5 182.5 188.2 193.4 198.1 202.9 207 211.2 215.4 218.7 222.7 225.8 227.9 229.1 228.6 224.1 217.3 208.2 198.3 190.2 180.8 170 162.6 157.2 147.6 137.8 128.5 122.2 115.4 109.5 105.8 102.5 99.8 99.1 99.8 100.4 100.6 100.8 100.8 100.8
33.1 32.3 31.4 31.4 31.3 31.3 30.7 31.2 31 32.4 33.3 29.6 18.4 20.6 21.5 21.5 21.5 21.5 21.5 21.6 22.3 22.2 25.2 21.8 24.8 29.2 33.5 39.7 48 58.2 70.6 81.8 93.3 105.1 117 132.8 148.3 158.2 166.2 174.3 181.3 186.4 191.5 196.2 200.8 205.4 209.5 213.7 217.6 220.4 223.2 225.6 228.1 228.2 230.1 227 218.5 210.1 201.6 190.6 181.5 168.7 163.1 158.7 152.9 144.9 130.7 121.9 113.9 108.3 104.1 101.2 98.6 97.6 98.7 99.7 100.4 100.7 100.4 100.2
30.7 30.2 30.2 30.4 30.7 30.4 30.3 30.6 30.5 31.1 30.9 20.8 21 20.5 21.1 21.4 21.5 21.5 21.6 21.5 21.4 26.4 21.8 22.2 27.8 32.5 36.7 44.9 55.3 66.5 80.5 94.6 107.1 119.9 137.1 151 158.8 164.9 170.4 177.6 183.5 189.3 194.5 199 203.5 207.4 211.2 215 217.9 220.6 223.1 225.4 227.9 227.2 226.4 226.6 220.9 213 202.1 191.4 183.8 171.8 163.2 159.2 153.6 145.9 134.6 122.6 114.9 109.1 104.1 100.6 97.6 96.6 97 98.9 100.3 101.5 100.2 99.2
28.9 29.3 29.4 29.8 29.8 29.1 29.1 29.5 30.4 25.9 21.6 19.1 21.2 21.2 21 21.3 21.4 21.5 21.5 21.2 26.5 21.7 21.9 23.1 30.1 36.3 44 52.9 63.6 76.8 96.4 113.8 127.2 139.1 149.8 157.8 164.3 170.5 175 178.7 183.4 189.2 194.2 198.9 203.2 207.4 211.4 215 218.2 221.4 224.1 226.8 228.9 227.3 223.7 222.8 222.1 213.8 204.2 193.7 184.3 174.5 164.1 159.6 154.6 146.4 135.2 123.6 116.8 110.4 104.7 101 96.6 95.7 95.7 98.1 100.7 102.5 101.3 98.8
28 28.3 28.6 28.6 28.4 27.3 26.4 27.5 26 21.1 20 21.1 20.8 21.1 21.2 21.2 21.3 21.2 21 23.8 21.7 21.7 21.8 24.3 34.6 42.2 51.7 61.4 76 97.4 119.1 136.9 145.7 152 156.8 162.4 167.3 172 176.3 179.6 183.6 188.9 193.7 198.5 202.8 207.7 212.7 216.5 221 224.9 228.2 231.4 233.5 230.2 223.2 220 219.1 215.2 205.5 195.6 184.1 175.6 167.2 161.2 154.4 147.4 136.7 123.4 117.3 111.9 106.3 102 96.7 95.2 94.9 96.5 98.8 100.1 99.2 98
26.9 27.5 28.2 27.1 24.9 24.8 25.6 25.3 22.6 20.6 18.4 21.4 20.9 20.9 21 21 21 20.9 21.2 21.8 21.6 21.5 22.4 31 41.4 53.2 64.4 77 99.1 121.8 140.3 150.9 155.6 159.4 162.3 165.5 169.6 173.1 176.9 180.8 184.5 189.6 195.2 199.1 203.9 210.3 215.8 220 224 227.5 230.3 233.2 234.9 232.6 224.8 218.9 216.2 213.7 204.7 194.9 183.5 178.2 173 166.6 156.1 148.6 134.7 122.2 117 112.3 107.5 102.5 97.2 95.3 94.7 94.7 96.3 97.7 97.7 97.4
25.9 23.5 25.4 23.5 20.6 21.2 22.5 22.5 23.6 20.8 18.4 21.6 21.1 20.7 20.7 20.7 20.7 20.6 22.7 21.4 21.5 21.8 31.4 39.6 53.8 66.9 79.3 101.5 123.4 140.4 149.4 154.9 159.1 161.9 164.4 168 171.9 175.4 178.8 184 189 195.7 201.8 206 209.7 213 216.7 220.4 224.1 227.1 230.7 234.4 235.6 234.2 225.5 217 213.5 210 204 193.7 183.5 179.3 177 170.7 159.8 150.8 136.6 123.4 117 112.3 107.8 103.5 99 95.3 94 93.5 95.2 96.5 96.6 95.8
25.7 25.9 25.7 25.3 24.1 18.4 21.5 21.9 22.5 20.9 18.4 21.1 20.7 20.7 20.6 20.4 20.4 23.4 20.8 20.9 22.8 33.3 39.9 53.5 68.9 84.5 107.7 125.7 139.9 146.4 151.5 155.6 160.1 164.3 167.3 171 175.4 179.5 183.6 188.4 193.8 198.4 202.2 206.7 212.3 216.1 218.3 219.7 222.5 225.2 228 232.5 234.2 232.5 225.8 216.2 211.6 208.1 201.9 193.1 184.6 177.5 175.5 170.9 160.1 151.2 137.7 123.9 117.5 112.3 108.1 103.9 100.4 96.2 93.7 92.6 93.7 96.1 95.1 93.5
25.5 25.5 25.6 25.1 24.4 21.5 20.9 20.7 20.9 20.6 18.4 20.7 20.7 20.6 20.6 20.4 23.5 20.7 21 22.5 32.4 39.9 53.1 67.5 86.8 109 128.3 137.5 143.3 148.6 153.2 157.1 161.3 166.9 172.2 176.5 180.4 184.5 188.4 192.3 195.9 197.8 201.1 204.7 209 213.3 217 217.9 219.9 222.6 225.2 228.1 231.4 232.8 227.4 216.4 210.4 206.5 199.9 191.9 185.7 176.7 173 168.4 157.8 150.1 135.5 124.2 118.9 113.9 109.6 104.7 100.4 96.5 93.7 92.2 92.5 94.6 93.8 91.7
25.5 25.3 25.4 24.8 24.6 23.5 19.9 20.5 20.4 20.4 20 20.7 20.8 20.7 20.6 22.8 20.2 21.1 23.7 32.4 39.7 51.1 65.7 84.7 108.8 125 134.2 140 145.5 150.6 156.6 161.4 168.8 176.9 181.4 183.2 183.7 186.4 189.8 192.8 195.1 196.4 199 202.5 205.8 209.1 212.8 215.7 217.5 219.7 222.4 224.4 226.9 229.4 226.9 216.5 210.1 205.7 201.1 189.3 182.2 176.4 170.6 165.3 155.1 147.3 133.6 125.1 121.1 117.4 112.5 106.2 101.5 96.8 93.5 91.9 92 92.7 91.3 89.4
25.4 25.2 25.2 24.9 24.8 22.6 19.7 19.9 20.1 18.4 20.5 20.7 20.8 20.8 21.8 19.9 20.5 23.6 30.9 39.9 50.4 64 84.1 105.3 120.5 127.2 135 140.9 149.5 159.5 169.6 179.9 187.6 188.8 185.7 185 184.1 185 188.1 191.1 192.9 194.7 197.2 200.6 203.9 206.7 209.6 213 213.7 215.7 219.6 223.3 227.1 232.8 228.9 217.5 209.9 205.9 202.1 190 179.7 173.4 168.1 162.9 154.3 143.9 133.2 127.5 124.4 124.5 118.6 108.8 102.5 97.9 94 91.8 91.8 92 91.2 89.5
25.2 25.9 26.4 24.8 24 20.6 19.3 19.7 20.2 18.4 20.1 20.3 20.7 21.2 20 20.8 21.7 32.1 42 53.8 67.7 83.9 102.8 115.7 123.3 129.9 141.2 154.2 164.3 179.4 194.6 201.1 202.9 189.7 183.9 181.7 181.2 182.8 185.5 187.6 189.5 192.4 195.3 198.7 202 204.4 203.1 205.3 199.9 213.8 218.9 224.1 230.6 236.1 230.4 217.3 207.9 204.5 201.3 190 177 170.1 165.9 161.4 153.2 142.5 131.5 128.3 126.2 126.3 122.4 112.1 104.3 99.2 94.7 92.1 91.8 91.8 92 89.8
25.4 26 26.4 23.3 18.7 18.9 19.5 19.8 20.3 19.4 19.7 19.8 20.1 21.5 20.4 21.3 30.9 44 55.6 67.1 83.6 102.1 113.6 121 130.6 143.5 160.9 180 196.4 204 203.3 200 191.3 182.2 178.8 176.9 177.4 179.7 181.6 182.5 184.3 187.4 191.8 196.4 200.4 202.1 193.9 195.7 208.7 215.4 219.4 226 234.3 242.5 241 223.5 208.9 203 199.1 192.6 177.4 167.2 164 159.7 152 139.2 129.4 126.6 125.8 125.7 123.6 115 106 100.3 95.9 92.5 92.3 92.3 92.3 89.9
25.3 25.3 21.8 18.9 18.9 18.9 19.4 19.5 17.7 19.4 19.5 19.7 23 20.5 21.8 31.9 42.6 54.7 66.4 80.6 97.3 111.1 120.1 129.7 144.3 165.3 187.1 201.9 205.9 204.6 198.9 189.8 178.3 175.4 173.3 172.3 173.9 175.3 176.3 176.9 179.5 183.2 188.2 192.8 194.1 188.1 191.3 204.1 208.8 213.9 219.4 228.5 240.1 257.8 246.7 226.6 209.7 200.3 195.8 190.7 181.7 168.8 161.8 157.3 147.6 135 126.7 124.9 124.4 124.3 122 115.9 107.2 101.7 96.6 92.9 92 92.6 92.3 89.6
24.9 21 18.7 18.8 19 18.9 19.3 19.5 17.7 19.2 19.5 23.9 19.4 20.8 32.4 43.2 52.5 63.8 77.2 90.5 103.9 115.8 127.3 144.2 166.9 188.3 198 204.2 202.7 198.8 193.6 177.7 171.5 169.1 167.8 167.9 169.1 170.7 171.2 172.6 176 180.5 183.9 183.8 181.1 191.2 198.3 202.3 208.4 213.8 220.3 231.3 250.5 259.8 250.3 229.1 212 198 193.4 189.6 182.3 171.7 162 152.4 141.1 131.1 126.2 123.7 122.7 122.2 120.6 115.6 108.4 102.7 97.4 93.2 90.9 91.3 91 88.6
