public/OST50/SN71.asc
ncols 200
nrows 200
xllcorner 270000
yllcorner 210000
cellsize 50
[rows 105 to 139 of 200, columns 78 to 155 of 200]
252.8 254.7 255.5 255.4 254.5 251.8 238.3 225.4 237.8 250.3 255.4 260.9 266.6 273.2 278.1 281.8 284.4 286.3 287 286.8 285.2 282.5 278.3 275.7 275.2 274.2 274.1 275.2 275.5 275.8 276.5 277 278.1 276.8 275.8 273.2 262.9 266.2 270.4 272.3 274 276.4 279.2 281.7 284 286.8 288.1 289.5 293.1 294 296.5 298.9 300 299.9 301 299.9 284.4 269.1 256.8 247.3 226.7 222.5 233.3 253.6 259.7 263.7 268.6 271.8 276.2 283.4 292.1 299.3 310.2 322.5 330.3 327.4 324.6 325.3
246.6 248.1 247.8 247.5 246.6 243 228.5 231.6 244.4 249.7 254.9 260.1 265.6 271 277 280.4 282.4 283.3 284.6 285.5 284.2 281.2 276.8 272.4 270.8 270.1 270.8 272.5 273 273.9 274.2 273.8 273.6 272.5 270 266.7 256.8 261.9 266.2 267.8 268.9 272 275 278.2 279.9 281.3 283.3 285.3 288.6 290.4 291.3 292.2 293.3 297.6 303 303.1 285.2 266.8 253.3 242.7 220.8 219.2 236.8 257.8 260.4 263.5 267.8 270.8 273.7 281.3 290.3 298.8 311.2 321.6 322.5 319.8 318.6 319.9
238.2 238.6 238.2 237.4 236.8 234 221.3 232.5 242.7 246.8 251.4 256.7 262.5 268.6 273.2 275.9 277.4 278.3 279.9 281.3 281.9 278.9 273.6 267.8 266.5 266.2 266.7 268.1 268.5 269.8 269.7 269.9 269.5 267.4 264.3 261.8 252.8 257.5 262 263.6 264.8 266.9 269.8 273 275.8 279.1 280.9 282.8 283.5 284.9 285.9 287.2 288.1 291.2 296.3 295.6 283.8 265.2 248.9 234.4 215.9 215.8 231.9 258.4 260.7 262.6 265.1 268.1 272.6 278.4 288.2 301.7 312.1 315.5 314.5 312.2 312.5 316.2
232.5 231.2 230.1 229.8 229.6 223.2 221.8 235.2 240.5 244.5 248.4 253 258 263.7 268.5 270.6 271.6 272.8 274.2 275.9 277.4 275.1 268.8 265.4 263.8 261.5 261.1 262.9 263.9 264.7 265.3 265.2 263.4 260.8 258.9 256.6 250.8 254.7 258.8 259.9 261.6 264.2 266.7 271.1 274.7 277.6 279.3 280.2 279.6 280.1 281 283.2 285 286.7 288 284.7 276.3 263.6 246.2 221.7 225 215.4 241.3 259.7 260.7 262.2 263.9 266.4 271.4 278.5 289.7 302.3 306.9 308.7 307.7 305.8 308.5 314.2
223.7 223.3 222.4 222 219.8 215.9 226.2 232.2 236.8 240.6 243.8 247.4 252.1 256 259.8 261.9 262.9 264.2 266.8 269.1 271.3 269.1 263.2 262.9 260.4 257 256.6 257.4 258.7 259.6 259.9 258.8 256.6 255.3 252.6 251.3 244.8 251.8 254.9 256 257.9 260.8 265 270 272.5 273.8 274.8 275.4 275.9 276.3 276.4 278.3 280.1 280.4 279.8 277.8 273.9 262.5 243.2 207.7 232.2 248.3 257.5 260.8 262.4 261.7 263 266.3 276 284.3 293.4 298.3 300.8 302 299.2 300.1 305.4 311.7
217.1 216.7 216.4 214.5 214.6 223.4 226.6 230.7 235 237.3 238.6 241.7 244.6 247.2 250 252.3 254.2 257.1 259.7 262.8 265.9 261.9 259.5 257.7 255.4 252.7 252.2 252.4 252.9 253.5 253 252.5 251.2 250.5 249.9 249.6 243.4 247.9 251.1 252.3 253.5 258 262.9 267.2 269 269.3 269.6 270.1 270.7 271.1 271.5 272.9 274.3 274.7 273.9 271.5 269.5 264.9 235.7 205.9 238.6 255.6 258.1 258.5 258.3 258.3 262.6 268.3 275.7 285 291.7 294.8 294.5 292.6 293.6 298.1 302.2 309
212.8 213.5 212.6 210.3 215.4 218.1 221.5 224.7 228.3 230.2 231.5 234.5 238.1 240.9 243.4 245.4 247.7 250.9 255.4 260.1 260.8 256.1 252.5 251.8 249.7 247 246.9 247.3 248.1 248.4 248.1 247.7 247.2 247.2 246.7 245.5 237.8 243.4 246.2 247.4 249.4 252.8 258.3 262.1 263.9 264.5 264.8 264.4 265.9 266.4 267.4 268.5 268.8 268.6 267.5 266.7 266 263.5 231.7 206.7 246.2 253.8 254.3 253.8 254.7 256.3 260.8 268.3 278.2 283.9 288.1 289.2 286.1 285.9 288.4 295.2 298.9 304.9
207.3 206.9 206.3 210.9 214.5 216.6 218.7 220.6 221.4 223.2 225.2 227.2 231.2 234 237 237.9 239.9 243.7 249.6 252.3 254 246.9 244.1 244.4 243.8 241.5 242.5 243.5 243.1 243.3 243.2 243.2 244 244.4 243.9 242.5 233.9 240.5 243.3 245.8 249.3 251.7 253.8 256.9 258.2 259.4 260.3 260.8 261 261.9 262.8 263.7 263.8 263.7 263.5 263.6 263 258.9 226.5 229.5 243.9 248 248.6 249.7 251.9 254.7 258.6 268.2 276.4 281.7 283.9 284.5 285.3 286.7 286.3 292.9 295.8 300.7
203.5 205 208.7 212.2 214.5 216.6 218.6 220.9 223 225.2 227.2 227.1 226.1 227.5 229.6 231.5 233.3 237.5 243.1 245.2 247.8 242.5 236.1 235.4 235.7 238.8 239.6 239.1 238.3 238.2 238.7 239.4 240.3 240.3 239.9 238.5 234.9 238 241.2 244.6 248.1 252 254.2 255.5 256.1 255.6 255.7 256 256.4 256.5 257 256.7 256.9 258.6 259.4 260.2 260.5 253.8 222.3 221.8 234.7 243.9 246.2 247.6 249.9 257.2 263.9 270.9 276.4 280.6 282.5 283.6 285 287.4 287.7 289.7 293.4 295.4
210.2 210.5 210.6 211.8 213.3 215.6 217.4 218.7 219.5 219.5 221.6 222.1 222.4 222.8 226.1 227 227.6 231.9 236.6 239.7 240.5 236.6 230.6 233.5 234.8 235.7 235.4 233.8 234 234.1 234.4 235 235.8 235.4 235.1 234.2 229.6 234.7 236.9 240.7 244.1 246.9 248.7 250.2 250.7 250.8 250.7 251.1 250.2 249.1 249.2 247.8 251.3 254.8 256.3 257.6 256.2 249.6 214.5 216.6 236.3 243.5 245.9 247.2 250 256.6 264.5 272 276.7 278.4 279.4 281 284.3 286.6 289 289.9 289.2 289.9
209.7 211 212.4 213 213.6 214.1 214.9 215.7 215.5 217.7 219.4 220.6 221 222.5 225.4 227 226.7 226.8 230.8 233.3 233.8 230.6 232.1 233.5 234.1 232.4 230.5 229.1 229.2 229.5 229.8 230.6 231.3 231.1 231 229.6 226 232.2 234.2 234.6 237.4 240.1 241.8 243.2 243.2 242.5 243.7 243.6 240.6 239.8 241.6 242.6 244.4 246.3 248.3 249.3 247.9 241.6 205.3 213.7 235.1 241.7 242.5 245.7 251.4 256.6 261.5 268.2 271.5 273 274.3 275.8 278.8 280.6 284 286.5 287.9 285.6
208.6 209.8 210.9 212.5 213.2 212.9 213.3 213.6 214.2 216.1 218.2 219.9 218.9 219.7 220.2 221 220.8 221.1 224.3 226.1 226.9 225.2 229.5 229.1 227.7 226.3 224.7 225 225.2 225.5 225.5 226.1 226.4 226.4 226.1 224.6 224.5 229.3 229.9 229.5 229.9 232.7 235.1 235.7 235.7 235.4 235.2 234.4 237.4 243.2 246.2 246.5 245.5 241.7 236.2 241.2 241.1 228 205.4 207.5 231.9 236.6 239.3 242.9 250 256.8 262.4 266.3 267.9 268.5 269.7 271.7 275.3 280.3 282.2 284.6 283.2 280.6
206.7 207.2 207.8 209 209.9 211.3 212 213.3 213.9 214.4 215.1 216.2 216.5 217.1 217.5 217.1 215.4 216 217.3 219.5 220.6 222.2 223.5 221.9 222 221.3 222.6 222.7 222.4 221.3 219.2 219.7 221.1 222.2 223.2 218.9 222.5 226.1 227.5 227.9 227.7 227.5 228.2 228.2 228.2 229.4 231.2 234.6 238.3 242 242.9 236.9 235.6 233.1 223 233.1 227.8 196.2 221.3 229.2 234.7 235.8 239.4 243.6 248.2 254.8 260.1 263.8 264.9 264.7 264.3 266.1 270.4 274.9 277.8 278.9 277.5 278.1
202.8 203.5 204.1 205.8 207.6 209.5 211.1 212.2 212.7 213.2 214.3 215.1 214.8 213.8 213.3 212.1 213.2 213.4 213 214.4 214.2 216.2 218.5 217.7 219.4 222.1 220.1 218.3 216.8 214.8 214.2 216.3 218.5 220 219.3 217.2 223.8 224.9 226.6 226.6 226.2 226.1 225.4 224.5 225.4 226.9 229.8 233 234.8 232.6 225.1 227.2 225.7 219.6 208.5 217.6 212.5 199.7 223.6 229.3 232.3 234.6 239 246.2 250.8 253.8 256.1 256.7 258.5 259.5 260 264.4 269.9 272.1 274.1 276.1 277.1 278.8
199.9 200.5 202.7 203.6 204.4 205.4 207.4 209 208.1 210.1 211.3 211.8 211.5 210.3 208.7 208.3 208.9 207.9 208 209.1 208.2 209.7 209.2 217.1 216.1 214.3 211.4 211.2 211.1 211.6 213.7 215.4 217.2 217.8 215.6 218.5 220.3 221.1 222.4 223 222.9 221.8 221.4 223.1 224.1 223.7 225.1 227.4 221.1 213.2 213.6 212.4 213.4 210.4 197.7 200.5 186.4 214.3 227.8 232.1 234.5 235.9 239.8 247.5 253.3 257.2 256 255.6 256.6 257.6 258.9 261.9 267.5 270.8 272.5 274.8 275.7 276.6
195.5 195.9 197 197.7 199.2 200.5 201.7 202.2 203.1 204.3 206.1 208 208 206.2 204.1 202.4 203.1 203.8 203.9 204.7 204.5 205.4 207.3 208 208 208.7 209 208.6 209.5 211.7 214 215.3 216.2 215 211.9 213.9 214.9 213.2 213.9 215.6 216.1 215.7 217.1 219.9 220.3 220.3 215.5 210.7 202.5 201.9 202.1 206.4 206.3 203.8 192.6 183.2 203.6 220.9 228.5 232.5 235.2 237.8 242.6 247.6 250.2 254.5 254.9 254.6 255.3 256.5 257.9 262.6 267.3 270.2 273.5 276.4 277.6 275.9
189.6 191.5 189.8 190.2 193.9 196.6 198.7 200.4 201.7 202.7 203.3 203.9 203.1 200.8 199.7 199.4 199.9 201.2 201.8 201.5 202.3 203.5 204.8 208.2 207.8 208.1 205.7 207 209.9 213.1 213.8 213.4 213 210.5 209.9 210.5 210.8 209 209.4 209.3 209 210.8 213.3 214.7 216 209.7 206.3 193.4 186.7 183.6 191.1 196 195.3 186.2 186.5 210.1 221.6 227.6 230.6 231.9 233.2 236 241.5 246.7 250.3 251.8 252.1 252.2 253.4 255.2 257.4 263.3 266.3 270.1 273.4 275 274 271.8
184.7 184.4 186 186.8 188.2 192.3 194.9 195.7 195.4 196.3 195.8 195.1 194.8 195.5 197.2 198.4 199.6 200.5 201.7 200.1 200.7 202.8 206.4 208.8 207.6 205.8 203.7 207.6 210.3 211.4 210.6 209.2 205.7 206.5 207.6 207.8 206.2 206 205.8 206.7 208 209.7 211 212.6 208.3 199.1 195.6 179.2 176.6 178.7 178.6 177.1 186.5 204.5 209.6 220.3 227.9 227.1 226.6 227.6 229.4 233.1 238.5 243.7 247 248.2 248.6 248.8 250.3 253.2 256.5 259.4 262 264.5 266.8 267.9 266.8 265.6
182.3 185.2 188.8 189.5 187.9 188.1 188.7 189.6 190 190.6 191.2 191.8 192.7 194.6 199.4 199.5 199.9 200.3 199.7 198.6 199.9 201.8 205.2 206.8 205.6 202.6 201.4 203.6 204.9 204 203.6 201.9 203.2 204.7 205.6 205.5 204.3 204.3 205.3 209.2 212.1 213.7 215.2 216.1 206.9 200 190 175.8 178.5 187.4 210.8 213.7 220.2 222.1 224.1 225.5 224.3 223.4 224.2 226.8 228.8 231.9 236.4 241 243.2 244.8 245.9 247.5 250.4 254.4 257.4 257.7 257.9 258.7 259.2 259.9 258.2 255.8
187.3 187.6 190.8 192.1 192.5 191.3 190.6 192.1 191.9 190.9 191.4 191.6 192.3 194.1 195.7 196.6 196.2 195.6 196.7 197.8 199.1 200.4 203.2 204.7 202.4 200 199.1 200.1 199.5 199.3 198.4 199.8 201.8 202.7 203.4 203.9 203.1 204.6 206.3 209.6 211.8 213.6 214.5 215 210.3 199.9 187.9 174.5 180.5 208.4 214 215.8 219.8 222.2 222 221.5 221.6 222.6 225.2 230.3 234 238.2 242.4 246 248 248.2 248.8 248.5 247.9 249.9 251.9 251.9 252.3 252 250.8 251.4 250.1 250.5
175.9 182.8 188.3 190.6 191 191.9 192.1 192.7 193.4 192.9 191.8 191.8 191.1 189.9 190.2 192 194 195.4 196 197 198.3 197.9 198.6 197.1 196.9 196.9 196.6 196.5 196.3 196.3 196.6 199.1 200.8 201.1 201.5 201.9 203.5 205.6 207.7 209.5 211.3 212.4 213 213.2 207.4 197 181 167.4 195.5 212.3 215.1 215.7 217.1 217.5 217.8 219.2 220.7 224.6 229.3 234 237.9 242.1 246 249.6 250.4 250.2 249.9 249.1 248 246.8 246 245.8 245.2 244.7 245.3 246.7 247 246.7
175.8 176 182.5 187.4 190.6 191.4 193.4 194.2 193.1 191.9 189.8 189.1 188.1 187.1 188.5 190.9 193.9 196.1 197.6 197.6 197.5 196.9 194.8 193.6 192.7 193.1 191.4 192.3 191.8 194.6 197 198.6 199 199.5 200.1 201 203.6 206.9 209.1 210.7 211.5 212.1 212.5 212.2 207.3 184.8 173.1 175.1 204 210.6 212.9 213.3 213 214.4 216 220 224.8 228.6 232.7 236.9 240.7 243.8 247 248.8 248.4 247.4 246.8 245.1 243.1 241.7 241.1 241.6 242.8 243.9 245.2 247.7 249.4 247.3
175.8 175.3 175.7 180.9 186.5 189.7 189.3 191.8 192 190 187.7 185.9 185.8 186 187.9 189.4 191.6 193.5 194.9 195.6 195.4 192.5 190.3 189 187.7 184.7 189.7 190.5 191.8 194.7 195.8 196.8 198.4 198.9 199.4 200.2 202.9 206 208.9 210.9 211.6 211.8 211.7 210.8 203.6 179.8 165.1 192.5 201.5 205.9 208.4 209.1 209.6 213.2 216.5 220.8 225 228.9 233 236.6 239.7 242.2 244.4 244.9 244.4 243.6 241.2 239.7 239 239 239.2 240.6 242 243.2 246.5 248.4 247.7 245
175.8 175.3 175.9 176 176 180.4 182.6 184 184.8 185.8 184.5 181.5 183.9 185.1 186 187.3 188.6 188.9 188.4 188.5 188.2 185.9 182.8 186.1 192.9 193.8 193.3 194.2 196 196 197.9 198.9 198.8 199.3 200.1 200.4 201.5 204.3 206.2 208 208.9 208.8 208.3 207.3 197.5 186.6 166.7 190.9 198.4 201.9 203.2 205.1 207.3 210 213.6 217.1 220.9 225.3 229.6 233.2 235.7 237.9 239.6 240.3 239.9 239.3 237.4 237.3 237.3 237.6 238 239.3 240.6 241.9 244.2 244.9 243.6 243.5
175.7 175.6 175.5 175.4 175.1 174.4 175.6 178.4 180.4 181.9 178.7 178.5 181.6 183.8 185.3 186.3 185.6 184.9 182.3 180 179 180 187.9 192.2 192.5 193.4 194.3 195.2 196.3 198.3 199.6 200.8 201.7 201.9 202.2 202.1 201.2 200.9 201.7 202.8 202.9 203.6 203.2 201.9 190.7 177.4 166.8 177.2 197.8 199.7 200 201.4 203.9 206.5 208.9 211.7 215.4 218.2 223 227.2 230.6 233.2 235.3 236.9 237 236 235.6 235.3 235.5 235.3 235.7 235.4 235.5 237.2 239.3 241.2 242.6 243
175.1 174.7 174.7 174.5 174.4 173.6 173.8 173.3 173.8 173 173.5 175.4 178.6 181.7 184.1 182.6 183.2 180.2 175.5 184.6 189.2 190.2 188.7 190.4 190.9 191.3 192 193.5 195 196.7 197.7 199.2 200.5 200.3 201.2 200.6 199.2 198 197.5 197.6 197.8 197.4 196.3 192.7 182.6 170.8 162.9 188.2 195.4 197.5 197.4 199.2 200.6 202.4 205.1 208.7 211.4 215.1 219.3 223.4 227.7 229.9 231.6 232.4 233.7 234.2 232.8 232.1 232.1 232 232.4 233.6 237.1 239.7 242.2 243.3 243.9 244.8
173.8 173.7 173.8 173.8 173.9 172.6 170.8 170 170.7 170.6 171.3 172.5 176.1 179.7 181.1 180.5 179.7 174 181.5 184.6 186.8 187.9 188.1 188.2 188.7 189.5 190.7 191.7 192.4 193.4 194.5 195.5 196.7 197.6 196.8 195.9 194.3 192.1 192.1 192.5 192.8 191.9 188.5 176.8 172.9 157.8 168.7 176 179.9 185 196.1 196.4 198.9 200.6 202.9 206.4 209.7 214 218.6 222.2 226.1 227.9 229.3 230.3 231.1 230.3 228.2 229.7 230.8 231.6 232.3 235.6 238.2 240.5 243 244.9 246 244.6
176.1 172.7 172.9 173 173.6 172.4 169.4 168.8 168.9 168.7 169.2 171.2 175.8 178.1 177.9 176.2 173.8 172.2 178.2 182 183.9 185.4 185.7 186.7 187.3 188.3 189.2 189.5 189.8 190.2 190.9 191.6 192.6 193.4 192.4 191.7 191.4 190.9 190.4 189.9 187.8 184 177.6 169.6 163.4 165.2 181.6 187.3 196 195.2 196.5 199 200.2 201.3 202.5 204.8 208.8 213.9 219.1 222.5 224.3 225.5 226.8 226.9 226.9 225.9 227.9 229.3 230.7 232.1 234.2 236.7 238.9 241.2 243.7 245.3 244.7 240.3
180.1 177.4 172.8 171.4 171.3 171.3 168.7 167.4 167.1 166.9 167.1 169.6 171.8 172.8 171.9 170.5 170.2 169.6 171.7 176.9 180.5 183.9 185.6 186.9 187.4 186.8 187.2 187.7 187.9 188.3 188.8 189.2 190.6 192.4 192.9 192.1 191.2 190.7 189.9 186.4 181.6 175.8 169.5 164.6 158 169.5 188.2 194.2 195.6 196.8 198.6 201.8 205.8 205.4 204.4 205 209.3 215.9 218.7 220.3 221.9 223 223.8 222.5 222.9 225.9 227.3 228.6 230.1 232.8 235.3 237.5 239.6 241.8 242.9 243.1 239.9 235.7
182.4 179.9 176.1 173.5 172.1 170 168.6 167.5 167 165.2 166.1 168 167.9 167.1 166.4 167 167.5 167.8 168.7 171.4 178.3 183.2 187.1 186.9 186 185.8 185.6 185.7 186.2 186.6 188 189.6 191.3 192.8 193.3 193.1 191.7 190.1 188.1 179.2 171.8 165.1 160 158.7 166.1 178.6 187.2 192.4 194.5 196.7 199.6 202.8 207.9 211.2 209.8 207.4 210.6 216.4 218.4 219.2 219.5 220.2 219.6 220.2 222.2 224.4 226.2 227.9 230 232.8 235.5 237.8 239.4 240 240 237 235.2 235.1
187.5 181.6 178.5 176.2 173.9 172.4 170.9 168.1 166.9 165.7 165.1 166.6 165 165.1 165.2 165.7 166 166.5 167.4 167.6 175.2 180.9 184.7 184.7 184.1 183.8 183.6 183.7 184.2 185.1 186.9 188.4 189.9 191.5 192.6 192.8 190.8 188.2 183.4 169.7 161.6 158.7 156.9 164.7 184.3 190.1 192.9 193.3 193.4 196.9 200 202.2 205.6 209 212.5 211.3 210.2 214.7 216.3 216.2 216.3 216.9 217.3 219.2 221.1 222.9 224.7 227.2 229.4 232.5 235.2 237.1 237.1 235.4 234 233.7 235 234.3
190.2 182.7 181.5 177.7 174.9 172.8 170.5 169.7 167.7 166 165 164.6 164.3 163.7 164.3 164.7 165 165.3 165.2 166 169.1 177.3 181.4 182 182 181.9 181.7 181.8 182.1 183.7 185.3 186.9 188.4 189.7 190.1 189.7 188.1 185.6 170.3 159.6 156 151.7 162.9 192.1 194.2 195.7 195.8 195.7 195.6 196 199.1 201 202.7 206.1 209.9 213.8 211 212.6 213.8 214.5 215.7 216 215.9 216.4 217.5 220.3 222.7 225.1 228.2 231.2 233.1 233.9 231.6 232.7 233.9 234.1 233.6 233
191.4 185.6 184.1 181.7 177.5 175 171.6 170.2 169 166.9 165.9 164.9 164.1 164 163.4 163.8 164.2 164.6 164.7 164.3 169.4 175.7 178.5 179.2 179.4 179.4 179.6 179.9 180 181.9 183.5 185.1 186.2 186.3 186 184.9 183.5 181.4 156.8 152.4 156.5 168 178.4 192.4 197.2 197.1 197.1 197 196.9 198.1 198.6 199.9 201.4 203.6 210.2 215.6 215.4 214.8 215 214.1 211.4 212.9 212.3 212.9 214.7 217.6 219.7 221.8 224.2 226 226.8 226.3 228.8 232.3 232.5 232.1 231.6 230.2
190 188.6 186.6 184.4 183.6 181.7 179.9 176.6 170.9 168.6 167.2 165.6 164.8 164.1 163.6 163.2 163.8 163.4 163.1 163.3 166.7 172.5 177.1 177.4 176.9 176.7 177.3 177.9 178.5 180.1 181.2 181.7 182.2 182.6 182.5 181.7 180.4 162.8 148.7 160.4 171.9 186.9 191.4 196.2 197.1 197.4 197.7 197.9 198.1 198.1 198.6 198.8 200.3 203.1 209.5 215.1 216.9 216.3 215 212.8 210.1 211.1 211.7 213 214.4 217 219.3 220.5 221.3 222.9 223.8 225.7 227.5 229.9 230.3 229.6 228.8 226.8
191.1 190.5 189.3 187.3 187.2 186.1 184.3 180.6 176.2 171.3 170 167.7 165.9 165.6 165.2 164.3 163.5 162.8 162.4 163.2 165.8 168.9 173.5 174.6 173.5 173.2 174.4 176.4 177.3 178.6 179.2 179.6 180.3 180.3 179.3 178.3 176.8 151.2 157.7 171.2 184.1 190.1 193.5 196.5 197.1 197.4 197.8 197.7 197.3 197 196.9 197.1 198.6 201.8 207.2 213 215 214.6 213.3 209.5 209 210.3 211.9 213.4 215.1 217 218.6 220.4 222.8 225.1 225.6 226.1 227 228.8 228.8 228.1 225.2 223.9
