public/OST50/SN71.asc
ncols 200
nrows 200
xllcorner 270000
yllcorner 210000
cellsize 50
[rows 0 to 34 of 200, columns 0 to 77 of 200]
223.7 225.5 228.9 231.6 236.4 243.5 251.7 257.1 256.8 256.7 255.8 252.7 254.2 255.6 256 252.7 257.5 259.1 261.5 265.8 267.6 267 269 273.8 274.4 274.8 274.9 273.7 268.7 262.1 261.5 264 266.4 268.3 268.7 269.2 271.6 277.5 279.5 280.5 279.5 277.4 272.3 266.8 262.8 260.6 254.3 259.5 262.9 264.3 268.1 271.9 275.7 277.5 279.2 282.8 286.7 289.6 290.2 286 281.2 273.2 275.8 276.8 275.9 274.8 270.6 260.6 255.8 269.7 278.3 282.3 290.3 296.5 301.7 308.1 315.5 322.2
224.4 229.8 237 243.7 252.4 259.4 263.7 266.9 266 265.2 263.5 261.6 261.7 260.2 259.3 261.8 266.4 268.4 269.1 272.9 273.7 275.6 277.7 276.7 278.4 280.3 280.4 276.6 271.2 267.7 268.4 270.3 273.2 275.4 277.3 277.1 275.6 281.4 283.2 285.5 286.7 284.9 280.5 275.8 271.4 269.4 263 267.5 272.6 276 276.3 279.9 281.6 283.5 286.2 288.9 293.1 295.3 295 293.8 288.6 281.5 284.3 284.9 284.8 284.3 280.1 271.7 264.4 257.5 264.9 273.2 284.3 293.2 301 307.5 315 322.6
232.3 240.1 250 260.3 265 265.9 268.4 271.9 272.1 270.2 267.3 266.9 266.6 265.7 268.1 271.2 274.8 275.4 271.4 277.9 278.9 280.6 282.4 285.1 287.6 289.7 286.4 281.6 276.4 278.2 276.7 278.1 281.2 286.5 289.9 290.8 281.1 290.7 295.3 297.5 300 298.7 295.2 288.2 283.6 279.4 274.5 276.7 282.2 284 282.1 287.3 290.1 293.3 294.5 296.3 299.6 301.7 301.6 300.1 295 291.1 293.7 296.4 296.4 298.3 295.8 288.3 281.1 275.1 274.6 269.2 274 284.5 296.9 304.5 311.6 321.8
246.2 252.7 261.6 268.4 273.4 277.4 278.1 278.2 277.8 275.8 272.2 272.9 272.4 273.3 275.6 278.6 280.2 281.5 279 283.1 285.9 287.9 291.3 296.4 300.7 300 293.2 285.6 284.7 285.8 285.8 286.7 291.8 296.5 300.7 302.2 296 301.3 304.2 307.5 309.9 308.9 305.7 300.8 294.6 289.3 281.4 285.8 291.2 293.3 292.8 296.9 299 303.6 304.7 305.8 309.9 312.3 311.1 307.5 302.8 300.4 303.8 306 308.5 310.1 310 304.7 296.4 289.8 287 285.9 282.2 279.6 287.3 300.9 309.6 318
254.3 259.7 265.8 271.1 275.3 279.6 282.3 282.5 281.3 278 277.3 277.9 280.1 281.4 283.2 284.9 287 287.7 288.8 294.4 298.8 301.6 307.4 310.8 312.8 309.9 300.9 294.6 293.8 295.1 295.1 297.6 302.3 306.2 310.8 311.4 306.6 311.5 317.6 321.5 322.6 321.3 319.2 314.3 307.7 301.8 296.2 295.5 301.1 302.4 302.8 305.5 308.6 313.6 317.7 321.1 321.8 324.1 325 323.6 314.7 308.3 312.3 316.4 319.2 321.3 323.1 321.5 313.4 303.3 297.8 295.5 295.8 294.2 283.7 290.4 308.3 316.4
259.1 262.5 268 271.5 277.3 284.9 287.1 285.7 283.5 281.9 283.1 283.8 287.4 288.9 290 291.6 295.5 296.8 296.2 306.2 310.2 314.7 318.7 320.9 319.7 313.9 307.2 305.1 305.3 304.9 305.4 307.9 311.5 316.2 321.1 322.9 319.8 323.1 329.3 336.1 337.3 335.4 332.6 327 320.2 314.6 310 305.9 313.4 314.2 310.7 314.5 320.8 325.9 332 334 336 339.1 338.9 335.1 326.1 317.6 320.6 325.2 328.9 332.5 335.6 336.3 330.4 319 309.3 307.5 308 306.6 303.4 296.1 302.1 312.9
263.7 266.1 270.5 278.1 283.8 287.9 289.4 288.2 286.6 286.8 288.5 293.6 298.3 299.9 302 304.6 308.5 309.3 301.5 314.2 319.3 323.1 325.8 327.5 326.9 322.5 318.2 315.8 315 315.2 316.4 319.3 322.8 328.9 335 337.6 333.7 336 344 350.9 352.6 351.4 348.2 341.7 334.1 327.4 323.5 316.2 326.5 327.4 327.5 325.7 333.6 336.7 343.5 346.2 345.1 347.9 348.7 346.1 338.7 329 328.2 332.8 338.4 343.2 346.8 348.5 343.7 334.2 324.1 319.2 321.4 318.9 316.4 314 302.2 307.5
266.5 271.5 277.1 282.2 287 292.3 292.3 291.5 290.8 292.2 297.8 304.9 309.5 311.5 313.5 317.4 320.1 320.2 317.8 312.6 326.1 332.4 336.9 341.4 341.6 336.7 330.5 328.4 327.4 328 329.9 333.2 336.3 344.3 348.3 350.2 346.2 347.1 356.6 363.7 367.7 366.6 361.5 353.8 346.2 336.8 337.6 329.5 339.1 341 340.3 341 343.9 349.4 354.3 357.2 355.2 358.2 359.1 357.4 352.9 344.7 335.1 340.3 346 356 360.6 361.8 358 344.3 340.8 333.9 333.8 333 331.1 328.6 322.8 311.6
273.6 277.4 281 285.2 291.6 297.9 297.8 296.6 296.6 297.6 306 312 315.8 317.2 320.5 323 324.4 327.2 329.4 329.1 335.1 343.1 348.7 353 353.1 348.6 343.3 344 344.8 346 346.6 348.2 348 353.5 357.1 361.8 358.8 356.1 366.6 374.7 378.4 376 370.7 363.4 355.7 346.5 349.2 343.2 350.5 353.9 353.8 354.9 356.5 361 364.2 367.7 366.8 369.6 369.1 368.6 367.1 361.8 344 350.3 357.7 368.3 375.3 375.8 370.1 362.7 357.6 349.9 348.2 346.6 345.7 341.3 336.9 329.4
276.9 281.4 286.7 290.7 295.6 302.5 305.1 302.6 301.9 304.9 309.9 314.1 318.5 320.3 322.5 327.7 337.1 343.6 346.7 343.2 340.4 352.2 358.2 362.9 361.2 358.2 355.5 357.9 360.5 361.3 361 362.2 359.6 362.7 367.4 369 369.3 364.5 373.1 378.7 381.2 381.7 377.6 369.9 362.8 359.6 359.7 355.7 360.1 363.9 364.6 365.7 367.8 371.5 373.6 375.6 376.8 377.7 380.7 381.1 381.9 378.1 354.3 363.2 368.2 381.8 389 389 384.2 379.6 374.6 364.7 364.6 358.8 360.8 357.5 350.7 344.4
281.5 285.2 291.2 294.5 297.8 300.5 300.1 301.2 303.9 310.6 313.5 317.4 322 328 337.6 342 346.8 349.6 354.2 354.2 339.1 360.1 366.4 369.9 368.1 365.7 364.5 366.6 369.2 371.1 372.5 373.8 372.5 372.8 375.4 374.3 374.4 373.1 376.6 381.2 383.3 383.9 383 379 371.3 371.8 370.6 368.6 369.8 372.7 373.3 374.1 375.6 377.3 379.3 380.3 385 387.1 392.5 395.8 397.5 392.6 376.7 375.5 382.9 395 401.1 400.4 396.9 395.8 391.4 385.5 381.6 371.1 378.2 376.1 368.1 356.3
285.1 288.9 292.8 293.7 294.7 296.9 299.8 303.2 309.5 317.5 322.5 328.3 334.1 339.8 344.2 347.6 349.4 354.9 363.1 362 350.2 354.7 371.8 376.7 375.3 371.3 370.8 372.5 374.7 377.6 379.8 381.5 380.1 378.6 377.9 377.7 381.1 382.9 382.9 384.9 385.4 383.7 383 382.2 379.8 379.3 377.8 377 376.6 377 378.1 379.8 380.5 382.7 386.2 391 394.4 399.7 406.3 409.8 410.2 406.7 393 387.2 398.5 407.3 412.2 410.9 405.2 408.3 405.2 404.2 401 391.4 396.2 395.2 386.4 371
275.9 283.6 288.4 292.1 295.5 298.8 302.9 309 317.9 325.4 331.6 338 342.2 343.4 349.2 351.9 359.8 365.4 366 367.6 364.9 357.9 358 377 377 375.6 375.8 377.9 380.7 389 389.8 386.3 384.1 382.6 385.6 398.4 406.1 408.1 401.8 398.5 395.9 390.3 384.6 385.2 384.1 384.1 384.1 385.4 386.4 386.7 387.9 390.9 391.2 392.5 393 402.9 406.4 410.8 419.7 422.1 422.2 419.2 404.2 406.2 414.1 419.4 421.5 420.3 417.9 418.3 416.6 414.4 414.7 411.2 410.8 412.9 406.6 390
288.3 288.9 289.2 289.6 295.4 300.4 306 312 318.4 326.6 333.2 338.1 345.1 350 351.6 359.1 363.3 364.6 367.2 370.6 373 373.7 362.2 369.2 372 374.7 378.3 390 400.5 410.5 407.7 393.7 391.4 395.2 400.2 407.6 423.9 418.4 413.5 408.9 409.8 402.1 391.2 397.8 399.4 396.2 399.4 399 400.1 399.1 400.4 402.4 403.1 403.4 406.1 417.7 418.6 423.2 431.2 433.8 433.5 430.6 410.7 422.1 427 429.5 430.7 428.9 427.2 426.9 425.4 419.8 426.6 425.4 422.7 425.5 423.9 413.5
294.2 296 294.5 290.8 299.3 302.8 308.4 313.9 322 326.1 336.7 350.6 354.7 357.5 359.2 362.1 364.9 371.6 374.4 374.5 375.3 375.4 371.6 369.8 371.8 376 394.7 402.4 409.8 427.2 425.4 408.3 407.8 414.2 420.4 426.5 429.9 428.1 426.7 420.4 413.1 412.2 397.7 407.5 413.3 415 412.8 411.2 412.3 411.8 411.7 412.8 415.2 415.7 419.8 424.5 431.2 436 440.4 442.4 440.9 437 429.6 433.6 437.5 437.1 437.9 436.8 436.5 435.7 434.3 429.9 435.3 435.9 432.7 434.7 435.9 431.8
300.1 300.8 300.3 299.1 304.1 307 310.3 315.7 323.2 330.6 342.4 354.4 359.1 363 366.6 369.8 372.6 375.5 376.9 376.9 376.7 377.5 374.7 372.9 373.3 385.1 397.8 408.4 422.1 433.9 433.9 423.2 422 426 430.2 435.1 439.2 437.1 434.6 429.6 431.7 423.1 410.1 421.7 420.7 425.1 418.6 421.3 421.8 422 423.5 425.8 432.7 427.9 430.2 441.2 442.1 446.3 447.9 450.6 446.5 443.6 436.7 442.9 444.5 445.2 444.4 441.9 442.5 443.2 441.5 439 441.5 443.3 441.9 441.8 442.8 441.7
306 307.4 306.4 307.4 309.3 312 316.7 320.6 327 334.9 344.5 354.2 359.6 363.6 369 373.6 376.6 380.3 381.4 380.5 380.9 385.3 381.7 375.8 378.4 391.2 403.1 418.1 429.2 441.6 438.1 437.4 438 437.2 440.3 442.5 441.6 444.2 442.5 443.7 447.1 435 426.6 436.9 436 440.1 436.9 432.1 432.5 434.5 439.3 444.6 447.2 450.8 453.6 459.1 461.5 464.3 461.5 458.8 457.2 449.4 445.2 452.4 451.9 452.2 451.2 446.3 445.2 447.5 447.4 446.2 445.6 446.8 445.4 447 448.6 450.3
314 316.1 317 316.1 318.8 320.2 325 328.4 332.3 338.5 348.9 355.9 359.4 363.6 371 380.6 381.8 382 383.1 387.1 393.9 399.2 393.4 381 383.7 396.5 410.8 422.7 437.5 441.5 443.4 448.6 450 450.6 450.9 447.9 446.8 448.9 450.7 450.3 455.5 447.8 447.1 452.6 453.4 453.6 446.9 445.1 446.3 448.4 453.1 456.2 461.2 464.9 466 473.9 480.7 476.5 475.9 474.4 466.1 462.5 453.9 457.9 457.2 462.2 461.9 456.7 451.2 451 448.6 448.8 448.7 447.9 447.7 449.5 451.9 455.4
321.9 322.7 324.1 325.5 328.3 333.7 336.5 338.6 340 343.6 348.4 355.5 361.4 369 384.1 383.4 382.5 382.7 387.2 395 402.4 407.3 398.1 386.6 390.1 403.9 416.2 430.1 440.8 450.8 449 449.4 455.6 461.3 462.8 462.4 464.4 465.8 463.9 461.1 461.9 464.8 464.8 462.3 463.2 461.4 457.5 456.4 458.1 459.3 464.9 471.9 476.7 478.6 481.6 488.8 493.4 489.8 487.3 482.6 477.7 465.4 458.7 460.8 471.2 475.6 468.7 463.1 461.6 460.8 453.8 451.2 450.7 450.2 449.2 450.9 453.6 456.4
326.4 328.2 330.6 334.8 336.6 346.6 352.9 356.4 355.8 356.9 354.6 359.3 368.9 374.5 382.7 386.5 388.3 392.2 397.3 402 411.4 414.9 405.7 391.6 404.9 415.8 427 436.5 448.2 456.5 460.9 465.2 471.6 475.2 474.8 481.5 483.5 482.8 481.5 476.9 475.4 472.3 473.3 472.9 470.8 468 466 466.7 468.1 471.5 479.1 482.8 486.3 490.5 497 501.9 503.3 499.5 494.1 488.8 483 469 463 466.4 471.9 474.9 479 476 474.4 471.4 462.9 459.5 453.8 455.8 453.9 452.5 453.5 455.3
331.8 337.2 342.7 345.5 349.2 348.5 368.8 374.8 373.7 370.3 373.3 377.2 378.1 382.1 394 400.4 396.5 400.2 406.1 416 423.7 420.2 409.8 401.1 414.3 423.5 433.9 443.9 457.3 470.5 476.7 475.9 478.7 482.6 486.4 490.9 490 488.3 487.8 485.6 481.4 479.8 480.7 480.9 478.3 480.2 479.6 479.3 479.8 483.5 491.7 492.5 492.6 499.9 507.1 511.4 512.9 508.1 500.6 493.6 487 475.6 467.5 467.9 474.1 483.5 484.4 481.8 483.9 479.3 476.4 476.2 472.3 473.8 472.9 464.1 455 455.8
341.6 348.3 354 358.6 364.2 364.9 376 387.6 391 391.2 394 392.2 391.9 398.3 406.3 405.8 403.4 406.6 418.9 431.2 431.7 423.3 412.1 408.1 417.6 425.7 437.5 449.3 465.5 479.8 483.7 484.3 484.5 488.9 497.4 493.2 492.5 492.4 490.6 489.4 486.2 486 487.8 487.5 486 487.9 488.6 487.9 489.7 496.2 500.9 503.9 507.3 515.7 525.1 527.1 523.4 514.2 504.4 494.9 488 480.3 472 467.9 474 478.6 485.6 489.1 489.1 491.3 489.3 492.9 495.1 499.2 497.8 489.9 473.6 463.4
366.9 363 364.3 370.3 375.9 378.9 370.9 393.5 399.1 401 402.4 403.4 404 407 414.6 417.3 421.6 422.8 431.3 437.5 435.9 427.8 415.3 412.3 419.7 429.5 442.8 455.8 474.4 482.3 484 490 495.9 496.5 500 498.9 497.1 495.5 494.9 493.2 491.8 492.1 493.6 494.5 494.9 495 495.4 497.3 498.6 506.8 510.2 513.2 521.2 525 530 528.2 523.7 516.6 506 496.3 485.1 482.4 474.6 472 473.6 478.4 483.4 490.1 491.8 503.7 507 511.9 512.7 513.3 507.5 501.3 496.4 477.5
384.2 381.8 378.7 381.3 388.8 391.6 392 392.9 405.7 410.8 414.2 417.7 415.8 420.6 427.1 426.9 430.2 435.5 439.4 443.4 439.3 430.7 418.6 421.3 430.1 438.9 452.3 463.4 474.9 479.7 486.2 495.1 502 503.1 504.1 503.5 501.1 498.9 497.4 495.2 494.5 495 497.7 500.4 500.7 500.5 502.7 506.3 511 516.7 519.3 521.7 527.5 529.5 530.1 528.8 524.5 517.9 507.6 498.4 485.1 481.8 476.6 475.9 474.8 477.1 482 487.9 488.3 509.1 523.5 539 528.6 516.7 530.8 526.8 509.3 490.5
393.5 394.9 395.2 398.1 410.3 409.4 404.1 394.3 412.3 421.1 425.6 428.5 427.5 428.6 432.9 435.6 444.7 448.1 448.5 447.4 442.1 431.9 419.8 429.1 442.1 452.6 464 471.3 480.7 489.9 496.1 500.5 506.4 509.3 508.4 508.8 506.7 502.9 500.1 497.8 497.2 498.5 501.8 503.2 503.8 504.5 508 511.4 517.2 521.6 525.4 528.5 529.5 530 529.6 528.5 525.2 518.1 508.8 501.1 483.7 479.8 477.7 477 477 478.7 481.4 491.1 494 517.9 535.4 548.1 549.3 546.8 542.4 534.4 518.8 500
395.7 397.9 404.1 409.9 420.7 418.8 412.4 411 414 424.9 429 434 433.2 433.5 437.5 440.3 447.4 450.1 451.2 449.3 446.2 439.6 434.3 439.9 455.5 466.1 473.1 480.1 489.5 496.2 501.4 508 511.1 510.1 512.6 513.1 511.4 506.9 502.8 501.5 501.6 502.9 504.9 505.5 506.1 507.1 508.5 514.7 520.2 524.8 528.5 529.7 530.1 529.6 529.3 528.8 526.9 518.9 509.6 501.8 485.6 482.8 482.2 477 479.2 481.1 486.2 496.4 510.1 525.3 542.5 546.5 546.3 545.8 543.7 538.2 528.4 510
393.7 399.2 406.6 416.2 426.8 424.2 419 417.8 418.6 426.4 429.5 434.6 434.8 435.7 438.9 443.4 450.4 452.2 451.7 450 450.1 450.7 446 447.7 462.6 473.5 479.4 486 492.9 499.3 506.4 512.9 514.4 512.7 516.3 517 514.4 508.4 504.1 503.8 505.2 506.9 507.1 506.6 507.1 507.9 510 515.2 521.7 527.6 530.5 530.8 529.8 529.1 528.7 528.4 527.3 520.3 511.1 500.7 483.8 490 485.6 481.6 481 480.6 489.2 498.2 511.2 529.2 540.5 542.3 545.9 547.3 546.4 543.3 536.2 525.6
394 400.6 407.2 412.4 423.4 427.4 424.9 423 421.1 427 430.4 434.5 435.9 437 441.7 446.1 451.2 452.6 452 452 454.6 457 453.5 459.1 469.5 478 484 488.4 494.8 501.8 511.7 514.1 514.8 517.2 518.8 517.8 514.6 506.7 505.2 505.4 507.9 509.5 509.2 508.2 507.7 508.2 509.7 514.6 521.1 526.1 528.8 529.5 528.6 527.9 526.6 526.6 525.6 518.9 510.3 500.7 495.9 492.5 488 484.6 481.9 485.5 494.5 501.2 512.4 529.6 537.4 541.8 545.7 549.1 548.6 548.1 543.6 538
397.8 404.4 408.3 411.9 418.7 425.9 430 430 428.2 429 431.8 436.4 437 438.9 443.7 446.6 451.1 451.8 453 455.3 460.4 462.3 461.5 467.1 473.4 480.8 486.1 489.5 495.3 504 512.2 514.3 515.9 519.4 520.3 517.3 512.3 506.3 505.6 505.7 508 509.3 509.7 508.4 508 508.1 509.8 514.1 519.5 524.2 526.1 527.1 526.9 526.4 522 523.4 519.4 513.5 507.8 499.7 496 493 488.9 486 485.5 490.3 497.9 506.5 517.9 530.7 537.5 542.8 547.3 551.4 553 554.4 552.2 548.1
405 411.1 414 415.3 418.4 424.6 432.4 435 433.5 432.1 433.3 436.1 437.1 439.8 441.5 444.9 450.1 452.7 454.6 458.2 463.5 465.6 467.2 472.1 476.5 482.2 486.8 491.7 498.5 508.7 513.9 514.2 514.6 516.5 516.7 514.3 510.4 506.6 505.7 505.3 507.3 508.4 508.3 507.5 507.6 507.8 510 513.2 517.1 522 523.8 524 524.3 523.7 521.3 518.8 515.2 509.4 505 498.5 495.5 493.2 489.6 487.1 489.8 494.6 501.9 510.3 518.6 532.4 538.5 544.3 550.4 554.1 557.5 560.1 561.1 558.5
413.1 417.2 418 416.7 417.6 421.8 430.2 436.9 435.6 435.1 435.3 436.1 438 439.5 440.9 443.6 446.8 451 455.1 460.2 466.9 470.9 473.1 475.7 480 483.7 487.3 492.8 503.1 510.7 513.1 513 512.5 512.9 512.3 511.3 508.6 506.7 505.7 505.3 506.1 507.5 506.3 507.1 507.1 508.5 508.5 511.8 516 520.6 520.8 520 518.4 515 512.6 510.9 508.4 505.9 499.8 497.4 495.4 493.2 491.7 491.3 492.8 497.4 503.6 512 521 532.8 540.7 546 552.1 557.8 562.2 564.7 567.6 567.5
418.8 418.3 416.7 417.4 417.9 421.9 431.4 436.8 438.3 437.8 438.5 439.7 439 440.3 442.3 445.1 446.7 452.9 460.3 465.3 470 474.2 476.8 477.6 480.5 484.5 488 493.2 505.2 509.7 511.2 510.3 507.3 505.6 506.6 507.5 506.1 505.5 505.1 504.7 504.2 504.5 504 505.4 506.5 508.3 509.2 510.6 514 516.3 515.7 513 508.1 503.1 502 501.9 502.2 500.1 497.9 496.2 495.2 493.5 492.8 494.2 496.4 499.6 505.1 512 520.8 531.4 543.2 548.6 554.7 562.9 569.3 572.8 574.4 574.8
427.2 426.6 422.5 420.5 420.2 425.1 435.1 442.1 443.3 442 442 440.3 440.4 443.4 447.7 451.2 455.4 461.3 466.2 470.8 474.4 477.1 478.9 480.4 481.9 484.6 488.5 493.7 502.5 507.6 508.4 507.6 504.1 502.6 503.8 504.3 503.9 503.5 503.2 502.6 501.9 502.1 502.7 504.6 506.9 509.4 509.7 509.4 509.9 509 508.1 503.9 497.6 493.7 492.2 493.9 496 496 494.7 495.3 494.1 492.2 492.9 495.8 498.2 499.8 507.2 513.2 524.9 531.7 541.5 551.9 561.2 570.2 576.6 579.4 581.9 582.2
436.3 436.2 433.2 432.2 428.9 429.9 439 445.1 448.1 447.3 445.9 443.9 444.6 448.6 454.4 459.5 463.4 465.9 469.2 474.9 479 480.4 481.7 483 483.5 485.2 489.2 494.7 500.2 503.7 505.3 504.6 502.4 500.5 501 501.6 501.7 501.3 500.6 499.7 499.6 500.2 501.6 503.8 507.2 508.6 505.3 504.9 503.4 500.7 498.5 495.1 489.8 485.7 489.4 491.8 492.9 491.1 491.3 492.6 489.8 492.3 493.9 495.7 497.8 502.5 507.5 514.7 526.5 533.1 541.2 551.4 565 574.5 581.7 585.1 586.5 586.7
439.7 439.9 439.6 442.4 442 438.8 442.2 448.6 451.7 452 451.5 451 452.3 453.7 459 464.4 467.7 470.1 470.9 474.9 482.4 483.5 484.6 484.9 484.5 486.2 489.2 495.3 499 501.6 502.6 501.7 499.9 498.4 497.3 496.1 498 498.5 497.8 497.5 497.7 498.6 500.3 503 504.7 502.9 498.9 497 494.9 492.2 489.5 485.3 479.6 477.9 485.5 487.4 485.1 485.3 487.2 489.1 490.5 492 493.8 495.1 497.6 501.9 508.9 516.8 527 533.3 539.9 549.3 562.1 574.5 584.9 588.8 590.9 589.9
