public/OST50/SN72.asc
ncols 200
nrows 200
xllcorner 270000
yllcorner 220000
cellsize 50
[rows 70 to 104 of 200, columns 0 to 78 of 200]
93.5 96.6 84.7 78.9 74.2 73.8 75.4 78.8 86.1 88.6 89.2 87.1 87 88 88.4 85.1 80.6 79.7 77.5 75.2 77.9 82.7 82.9 72.3 61.3 61 61.9 63.6 67.5 71.5 74.2 80.1 85.8 89.6 91.6 92.9 94 95 94.5 92.8 91.2 90.8 91.9 92.9 92.7 91.7 91.8 92.6 94.2 95 96 97.5 99.2 101.9 106.4 111 116.5 120.8 124.3 122.6 121.2 125 128.2 131.1 134.5 138.2 139 137.3 142.4 149.5 154.8 162.5 167.5 165.6 169 174.4 178.4 182.8 182.2
102.8 97.8 86.9 80.4 78.2 77.5 76.7 85.5 90.4 92 89.1 86.1 84.6 84.7 84.1 81.8 76.8 74.3 74.2 74.3 78.6 82.6 83.1 73.5 63 57.2 62.1 65.8 70.7 74.6 78 83.9 90.2 95.3 96.3 96.5 97.4 97.4 96.4 93.6 91.3 91.5 92.6 94.1 94.6 94.9 94.7 95.1 95.9 100.2 101.5 103.5 106.4 109.4 112.6 116.7 121.1 125.5 127 126.8 125.6 131 133.9 137.1 142.4 146.3 149.3 152.7 155.5 157.5 160.9 164.7 167.3 173.6 172.3 179.4 182.5 185.7 188.9
106.1 96.5 89.7 84.5 84.2 81.9 81.1 84.5 86 86.7 84.9 83.3 81.8 80.5 79.7 76.8 74.5 77.3 77.5 75.4 78.7 80.8 81 73.5 66.7 61.5 59.2 67 72.7 77.1 80.8 85.7 91.5 94 94.3 96.4 97.4 96.5 94.9 94.6 94 92.7 93.3 95.7 96.9 98 98.2 98.7 99.8 102.2 106.2 108.9 110 113.4 117.4 120.9 124.4 126.4 128.4 129.5 132.4 135.4 139.9 144 149.9 155.6 163.7 170.5 167.9 166.9 161.9 168.6 172.2 176.2 178.5 182.9 186 189.4 193.5
106.3 98.4 93.6 89.6 86.3 84.4 84.3 85.1 84.3 83.2 82.6 81.2 79.9 78.9 78.3 76.7 78.7 79.8 80.2 80.2 80 80.7 82.2 79.4 72 62 61.4 61.6 70.3 76.5 81.1 84.2 85.1 86.7 91.9 95.2 96.6 98.7 98.3 98 97.5 95.8 95.8 97.3 99.1 100.9 101.6 102.9 104.8 106 108.2 110.9 114.3 117.7 121.2 123.6 125.8 130 134.3 138.1 140.2 142 145.3 150.8 157.6 167.4 177.2 179.8 174.7 172.7 167.8 174 180.4 182.8 183.8 184.1 189.2 193.2 197.4
108.8 101.5 97 93 89.6 87.8 87.1 87.2 85.3 83.9 83 82.3 81.1 80.6 79.4 78.8 80.2 79.8 80.8 81.2 80.4 81.4 82.5 82.9 76.6 65.6 61.5 61.6 62.9 67.7 74.3 77.1 81.2 87.9 93.4 96.6 99.6 101.7 101.8 101.4 100.9 99.1 98.3 98.8 102.9 104.4 106.5 108.3 110 110.8 113.2 115.8 117.9 120.3 123.5 127.2 131.6 135.7 140.3 143.5 144.2 147.2 151.9 161.7 172.3 182.7 186.4 188.1 181.4 177.4 176.1 183.7 189.7 192.1 190.1 190.7 194.1 197.2 201.2
108 102.3 98.6 96 92.6 91.2 90.4 90.8 89.8 87.7 86.1 84.7 83.2 82.7 80.5 81.4 81 81 80.5 80.9 81.1 81.7 82.6 83.1 77.3 66 62.8 62.3 63.5 64.5 66.7 76.7 85.4 92.9 96.7 99.9 102.6 104.5 105.5 104.9 104.4 102.6 100.3 100.9 104.9 107.4 109 111.1 113 115.4 117.7 120.3 121.1 122.6 126.8 132 137.2 142.7 146.8 149 151.5 156.8 165.2 173.6 181.6 190.6 194.3 195 189.4 183.8 185.4 191.3 195.3 198 197.1 194.9 198.4 201.5 204.4
106.5 102.5 101.2 100.1 97.6 95.7 94.7 96.2 98.3 95.7 92.3 88 85.8 83.8 82.2 83.6 82.6 81.9 81.2 81 82.2 83.2 83.6 83.6 79.7 68.1 62 62.3 63.8 64.3 65.6 78.4 89.1 96 101.1 103.3 106 108 108.8 107.9 107 104.8 102.4 103.2 107.3 110 111.6 113.8 116.1 118.1 121.1 123.6 125.7 130.5 135.7 141 145.9 149.4 152.8 155.2 163.6 172.8 177.8 182 189.8 198.4 201.2 202.3 198.5 191.8 191.2 195.2 201.2 202.2 201.4 197.8 202.7 205.9 208.2
105.9 104.9 106.3 106.2 104 102 101.4 104.1 106.5 106.7 103 92.8 87.5 85 83.8 84.9 84.4 83.3 83.2 82.8 83.8 84.1 84.7 83.7 76.7 67.7 62.7 61.4 64.1 64.7 66.2 79.1 88.5 95.6 103.2 107.5 110.5 112 112.2 110.1 107.6 104.5 104.1 106.8 110.4 112.6 114.5 118 119.7 121.4 125 127.1 130.2 136.6 142.9 147.5 151.9 155.1 160.8 169.4 177.3 185 187.7 191.7 198.4 204.8 208.9 209.8 205.5 197.5 194.7 198.8 206.1 206.6 205.5 203.6 208.7 209.9 215.5
109.3 110.1 111.9 111.3 111.5 117 116.3 111.9 111.3 109.5 104.2 93.6 88.7 86.4 85.1 86.1 86.4 86.9 86.3 85.5 85.5 84.9 85.4 84.9 77 68.7 66.6 63.1 63.7 65.4 66.4 73.4 86.3 93.2 99.8 105.3 109.6 112.3 113.3 110.1 105.3 103.7 106.3 109.7 113.2 116.9 118.2 122.4 125.3 127 128.3 131.4 137 141.8 148.3 153.6 159.2 167.5 176 182.9 188.2 190.9 194.2 199.1 204.1 210 213.9 214.4 211.5 206 201.7 203.8 206.9 210 210 207.9 213.5 215.6 222.1
112.3 113 114.6 117.5 121.3 121.9 119.8 116.1 112.2 107.8 101 92.3 89.4 87 85.8 86.4 88 89.4 88.3 87.8 86.4 85.6 86.3 85.6 78.2 72.3 67.5 65.7 63.4 65 65.8 68.5 81.4 94 97.9 99.6 101.9 104.3 106.3 104.9 102.1 101.4 106.1 110.9 114.8 118.5 122.9 126.1 128.5 129.9 132.4 137.5 142.7 148.8 154.5 162.2 172.5 181.6 189.6 194.2 199 201 203.4 207.4 210.9 213.5 218.1 220.7 217 210.7 207.9 208.4 209.9 212.5 214 215.5 217.3 221 227.2
115.1 116.7 117.1 117.6 118.2 119.8 120.1 117.3 112.9 107.7 99.9 91.2 87.9 86.6 85.8 86.4 86.5 88.5 89 88.9 87.3 86.4 86.1 86.8 82.8 74.9 69 66.7 66.1 62.9 66 68.7 82.1 96.1 97.6 96.7 98.1 99.1 97.8 97.7 99.9 100.6 104.5 110.5 115 120.5 124.6 127.3 129.3 133.3 137.5 143 148.6 155.2 163.3 171.7 181.5 190 196.4 202.4 207.1 213.2 216.6 217.8 217.7 219.7 224.4 225.1 220.2 214.7 212.6 212.5 213.4 215.3 218.4 221 222.6 226.8 232.2
115.4 117.8 117.1 115.6 115.9 117.4 117.3 116.9 112.2 104.7 94.8 90.3 87.9 86.6 86.3 86.5 86.6 86.6 87.8 88.4 86.5 86.6 86.1 89.8 85.5 77.8 73.2 66.9 65.8 67.1 63.3 68 77.5 88 90.6 94.4 98.1 100.9 97.5 98.9 100.2 102.5 106 110.9 116.6 122.1 125.1 128 132.2 137.4 142 148.2 154.8 164 173.2 179.2 188.2 196.8 204 210.6 217.1 221.7 223.7 227.7 230.3 230.6 229.8 227 222.4 217.7 217.7 217.8 218.2 220 222 228.5 232.3 233.1 237.6
116.5 116.5 114.9 114 112.7 111.9 112 111.6 108.3 102.2 95.6 92.8 91.3 89.1 86.6 87 86.5 86.6 86.7 87.9 88.2 88.3 90 90.9 87.9 80.9 75.9 68.2 67.8 67.9 67.5 62.3 69.3 79.2 89.2 96.8 100.2 100.9 98 99 101.1 103.4 106.4 111.2 115.2 119 123.9 130.7 136.1 141.1 146.2 153.4 163.9 173.1 180.4 186.9 195.2 203.2 211.1 216.7 222.3 226.7 231.5 234.6 233.2 232.5 231.4 227.5 222.7 221.6 221.8 222.6 224.7 225.7 230.9 237.5 241.9 244.9 248.5
114.5 114.6 113.5 110.8 110.1 109.2 109.1 107.2 105.4 102 96.2 92.4 89.6 88.5 87.7 87.7 87 86.4 87 89.1 92 92.8 91.3 92.9 90.4 85 76.9 69 68.4 68.6 68.1 68.2 65.1 69.5 85.2 95 100.3 99.8 98.7 99.1 101.7 106.3 108.4 109.9 112.7 118.4 127.1 132.5 139.9 146.2 153.7 164.9 174.7 180.3 186.6 193.7 201.6 209.6 215.8 221.7 226.8 230.2 233.2 234.6 233.5 232.4 231.5 229 228.3 227.9 226.8 227.9 229.8 232.1 237.9 245.8 251.2 252.5 255
109.6 109.5 107.2 102.7 104.3 106.2 105.5 104 103.9 96.3 91 87.7 86.6 87.2 88.1 89.6 89.4 87.4 87.7 93.1 96.5 97.1 96 95.4 93.5 87.6 75.7 70.3 70 69.5 69.4 69.4 69.3 69.4 81 92.9 101.2 100.8 99.8 101.5 105.5 107 109.6 113.3 117.4 123.7 132 137.9 146.6 156 164.5 174 180.1 185.7 191.8 199.2 206.6 213.2 217.9 221.8 227.9 230.1 231.1 232.3 232.1 230.7 229.5 229.3 229.6 230.6 230.5 233 239.9 244.7 250.4 255.5 259 257.4 260.1
102 100.5 98.5 99.6 101.4 102.7 101.7 100.9 97.5 90.7 87.7 87.4 87.4 87.5 88 89.2 88.9 89.4 91.8 98.6 104.5 108.2 106 99.4 96.9 89.4 74.6 72 71.5 70.9 70.7 70.5 69.9 70 72.5 86.4 99.5 104.3 103.7 104.1 105.1 107.4 110.8 115.7 122.4 128.7 137 144.3 154.2 165.2 172.7 178.2 184.8 191.4 196.8 202.6 207.6 213.3 216.8 220.5 223.8 225.2 226.7 226.7 226.7 226.8 226.9 229.4 232.1 234.9 240.7 246.6 253.6 259.1 263.7 267.9 265.2 260.1 262
96.1 95.4 95.8 97.4 97.9 97.8 96.8 93.3 87.8 84.4 84.7 86.9 88.5 89.1 88.6 89 90 92.3 96.6 106.6 115.8 118.4 111 99.8 93.5 83.6 77.2 73.2 72.8 72.7 71.7 71.7 70.9 70.4 69.7 76 91.4 102.9 103.7 103.9 104.8 108.5 112.6 119.1 126.4 134.5 142.3 152.2 160.8 168.9 175.1 182.3 188.7 194.8 199.5 202.9 207.8 211 214 216.7 219.2 220 220.4 220.9 222.6 223.8 227 230.7 236.8 242.8 249.6 259 266.7 273.9 277.6 276 266.8 263.5 264.2
92.4 91.5 92.2 92.5 91.5 92.1 89 84.4 82.5 82.8 84.3 86.6 89 90.5 89.9 89.5 90.9 95.2 106.5 116.3 118.8 112.7 104.7 98 86.3 74.8 77 77.7 75.7 74.7 73.6 72.2 71.5 71.3 71.2 69.4 79.2 94.4 103 103.1 105 108.1 114.4 122.6 130.7 139.4 147.6 156.1 164.3 171.6 177.6 184.3 191.1 195.8 198.9 202.1 203.8 207.1 210.6 211.2 211.5 210.9 213.6 215.3 218.8 222.9 228.3 235.3 244.1 253.3 262.2 270.2 278.3 283.9 282.2 276.6 268.2 268.3 268.6
88 86.5 85 86.3 87.5 88.2 82.9 81.6 81.4 82.2 84.2 85.6 87.5 90.1 90.4 91.7 94.5 106.5 118.6 127.9 116.2 104.1 100.6 92.6 79.6 78.2 82 82.8 80.4 81.1 81.4 79.4 74 74.8 74.1 68.9 71.2 85.3 97.1 102.6 105.2 108.2 114.6 125.6 134.2 142.6 149.3 156.1 164.6 171.9 178.6 184.1 189.2 192.8 196.9 199.7 200.3 203.5 203.4 201.5 202.4 206.7 210.2 214.5 219.2 225.9 234.7 244.1 253.6 263.9 273.9 279.6 284.1 284.5 283.1 277.6 271 271.7 272.8
82.3 81.5 82.2 82.9 83.5 82.6 81.1 81.5 81.6 82.9 84.8 86.2 86.2 86.6 89.8 94.1 102.7 115.7 124.1 122 106.4 99.4 95.9 85.4 79.5 83.6 86.9 89.6 88.6 87.3 86.6 86.6 83.8 82.1 79.7 74.7 69.3 77.2 90.2 100.5 105.8 109.3 115.7 123.8 133.3 140.3 148 156.3 164 170.7 176 180.1 184.6 187.7 187.9 189.9 194.2 193.3 193.4 195 201.1 206.1 210.7 217.4 225.4 233.3 244.5 255.7 267.3 275.2 283.3 285.8 283.7 283.9 284.2 282.6 277.3 276.1 276.4
79.4 80 80.6 81 81.1 81.2 81.1 81.7 82.3 83.5 84.9 86.4 86 86.9 94.7 100.5 116.8 123.5 119.8 116.8 102.2 97.8 92.9 82.9 85.8 90.1 92.6 94.9 96.8 94.6 93.7 94.2 92.2 89.2 86.8 77.4 72.4 72.5 81.2 93.2 105.5 109.7 115.2 121.8 130.1 139.5 149.4 158.5 164.4 170.9 174 177.5 178.6 176.1 175.6 181.2 182.3 184.6 188.1 193.9 201.2 208.5 215.2 224.3 235.7 246.5 260.1 272.7 284.9 290.2 286.9 283.6 283.5 283.8 284.1 282.8 281.3 279.7 279
79.5 79.2 79.6 79.9 80.3 80.6 81.3 82 82.6 83.2 84.6 86.1 87.4 91.2 98.8 105.5 114.8 117.4 114.2 109.3 104.8 96.5 89.9 81.2 88.6 93.1 95 96.9 97.9 98.3 98.8 99.2 98.7 97.7 94.3 85.4 75.1 74.1 73.9 83.4 96.6 107.9 112.4 121.8 130.2 137.8 149.4 158 163 165.6 168.1 165.9 164.8 164.2 169.8 175.5 178.7 183.7 190.3 195.7 203.8 213.8 223 234.7 248.2 261.7 277.5 288.6 294.1 292.1 285.3 283.7 284.1 284.3 284.6 288.5 285.5 282.1 279.9
80.4 80.4 81 81.1 81.1 81 81.7 82.3 83.1 84.2 84.5 85.9 90.3 95.4 99.4 103.9 110.5 109.3 106.6 103.2 99.4 91.9 82.1 87.2 92 94.2 96.1 98 99.2 99.8 101.1 104.2 106.9 107.4 104 97 86.3 76.8 73 73.1 83.5 97.2 110 120.1 127.9 133.6 139.7 148.4 154.7 157.2 155.4 151.3 153.9 158.5 167.7 168.9 178.1 185.3 190.2 197.1 211.7 224 235.5 248.1 261.1 275.1 288.8 297.8 297.6 291.3 287.5 286.4 286.3 293 295.9 295.8 293.6 292.6 281.5
80.3 81 81.9 82.1 82.1 82 82 82.9 84 85.1 85.7 88.3 90 99.9 100.1 102.1 106.3 101.5 100 97.4 94.5 84.7 88.5 92.9 96.3 97.5 98.2 99.1 101.6 103.6 108.3 111.4 113.9 113.7 111.1 108 98.8 86.3 76.1 74.4 74.9 88.5 102.9 114.8 123.5 129.4 135.1 140 139.5 140.7 139 142.9 148.3 154 161.8 170.8 178.9 184.8 194 203.5 219.5 233.8 247.3 260.1 271.9 285.6 296 298 297 294.4 290.6 289.7 294.6 299.9 301.8 301.4 298.6 290.6 280.1
81.7 81.8 82.6 82.7 83 83.2 82.6 83.8 85 86.5 92.6 98.7 97.5 98.1 98.3 99.8 99.5 95.5 92.6 91.8 89.9 91.5 93.3 96.5 97.6 101.7 102.6 102.3 104.8 109.8 113.5 117.5 120.1 119.2 119.4 116.6 109.5 97.4 86.4 77.3 74.5 75.6 92.5 106.1 116.4 123.3 126.9 129.3 128.6 127.5 130.1 134.4 145.5 152.9 161.8 172.4 180.2 189.2 202 213.9 226.9 240.5 255 266.9 278.1 289.5 298.2 300.6 300.3 297.6 293.1 292.4 296.8 303.3 300.4 300.1 295.2 286.4 274.9
83.8 83.1 83.3 83.3 83.5 83.7 84.2 84.6 85.9 95.4 106.3 113.3 109.5 96 95.6 96 93.2 90.4 87.5 91 94.6 96.1 96.1 99.9 102.2 105.4 106.6 107 112.4 117.8 123.9 127.1 129.1 133.1 125.4 122.2 119.7 112.1 99.9 87.5 80.8 75.7 80.6 95.1 107 114.6 118.5 119.1 119.3 119.4 123.2 132.6 146 156.1 163.4 175.4 185.5 194.7 210.5 224.2 235.9 249.5 259.9 269.2 278.4 288.4 295.7 300.9 303.7 298.8 289.9 288 292.1 293 296.3 292.8 286.7 278.7 271.7
89.4 89.7 88.1 86.4 83.9 84.2 84.3 85.8 96.2 109.1 119.4 124.5 126 105.2 95.6 92.6 91.2 93 93.8 95.2 95.9 98.4 99.7 102.5 105.8 109 111.6 116.7 123.9 130.2 134.8 137.4 137.5 138.2 136.8 135.9 134.1 126.1 115.1 101.5 87.5 77.5 78 81.6 95.3 104.9 107.8 108.2 113 119.1 130.6 141.9 148.7 157.7 167.8 181.7 192 203 219.4 231.4 243.4 253.5 260.6 268.2 276.9 284.4 292.4 296.6 293.4 288.6 281.5 282.2 284.9 287.3 286.2 281.3 278 274.4 267.8
98.2 96.8 96.4 90.3 85.1 85.1 88.9 98.6 111 121.7 131.1 132.8 126 107.7 98.4 92.6 96.4 99.3 99.1 98.9 98.8 99.4 101.7 104.3 109.6 113.4 119 125.4 132.9 138.8 141.5 142.7 144 146.6 146.8 146.9 143.2 136.8 128.9 116.1 100 85.7 77.6 80.3 87.1 94.7 97 99.6 111.2 120.9 133.3 144.7 152.5 165.2 177.9 192.1 204.9 215.7 226.1 235.8 245.8 252.5 257.6 264.6 272.8 280.2 285.1 283.6 280.8 276.9 275.1 277.6 279.2 276.5 273.3 273 273.1 266.9 259.8
105.5 104.4 100.3 90.4 87 91.6 103.8 113.6 121.9 130.1 133.2 134 119.1 111.8 101 96.9 100.2 103.6 103.2 103.2 105.6 104.5 105.4 109.8 116.3 123.6 129.4 134.8 140.6 145.2 146.6 147.7 151.4 155.7 154 150.7 149.8 148.1 142.7 131.4 116.4 98.8 86.4 78.1 80.4 85.1 90.5 99.4 111.4 125.8 136.6 148.9 161.2 173.7 187.3 201.3 210.8 224.5 229.5 236.4 245.3 250.8 252.4 258.8 265.7 270.6 272 271.3 270.7 270.1 270.6 269.1 266.7 263.7 265.6 264.8 262.1 257 250
114 111.8 104.2 94.4 98.4 106.9 116.5 124.2 128.5 130.4 130.7 126.6 118.5 115.9 107.1 103.7 105.6 107.7 109.4 113.5 116.5 115.4 118 125.1 128.3 134.1 140.1 143.9 145.8 147.2 152.3 156.4 160.8 161 159.5 159.7 162.2 162.4 157.7 145.2 129.9 114.8 99.7 86 78.7 79.9 86.4 95.8 104.7 119.1 134.8 150.1 164.1 180.1 194.7 199 201.9 216.4 227 234.4 243.2 246.8 247.4 251.3 254.3 257.4 258.6 262.3 262 262.5 259.6 254.7 253.9 254.7 254.7 254.2 250.2 244.9 239.4
118.4 114.2 108.2 107.8 114.1 120.5 126.6 134.3 128.6 125.8 123.7 119.5 117.1 113.8 111.1 106.6 111.5 115.1 120 125.3 126.3 126.1 132 138.1 140.2 144.5 146.9 148.3 151.1 156 163.4 169.2 171 167.5 171.3 174.7 177 175.5 166.6 154.6 139.3 124.5 109.1 97.7 90.6 81.1 81.1 87.5 96.3 107.6 121.9 136.8 152.8 168.1 180.4 182.9 189.5 203 216.4 232.5 240.9 242.8 239.9 243.7 242.1 244.4 248.7 249.9 252.6 250.2 246.1 246.7 246.1 243 245.3 244.3 238.9 235.9 230.8
122.2 119.3 112.9 117.2 122.7 127.3 131.3 129.6 124.7 121.3 118.3 112.6 109.2 112.2 116.9 111.9 118.9 121.1 124.5 128.4 132 133.7 140 147.3 148.5 150.5 151.3 153.7 155.3 162.5 170.2 172.7 177.4 182.1 185.2 187.7 185.6 180.2 169.4 157.1 142.7 128.5 117.9 111.5 103.8 94.8 84.2 82.5 87.5 95.7 102.4 117 137.6 153.9 163.1 169 175 184 206.4 231.5 237.7 236.5 233.9 231.7 232.7 233.2 238.6 237.7 237.4 237 240.1 234.5 233 233.6 234.6 234.3 232 225.8 220
128.5 125.1 119.8 121.6 127 130.1 128.6 126.2 120.7 117.9 117.5 118.1 116.6 119.8 126.2 119 123.8 126.5 129.3 135.4 140.7 144.3 146.8 155.1 156.1 156.3 159.4 162 163.8 167.6 172.4 182.2 189.2 194.8 195.5 192.3 188.3 179.4 166.5 154.6 142 135 127.3 120 112.4 104.8 97.4 88.2 80.8 83.7 89 101.7 117.7 134.5 146.2 153.4 157.1 170.8 195.1 220.3 227.3 225.5 228.1 225.4 221.5 217.9 222 224.6 227.1 225.4 223.8 226.4 228.3 224.6 226.1 226 220.5 210.3 203.9
136.7 134.1 131.1 127.6 129 127.6 126 121.6 121.3 121.5 122 121 122.8 126.4 130.6 130.3 127.8 134.9 140.2 144.9 150.4 153.4 155.4 159 159.8 161.6 164.2 166.7 168.9 170.9 178.9 190.8 198.8 202.6 198.5 192.1 183.5 171.5 159.5 153.5 147.2 141.8 132.9 123.6 114.6 109.8 104 97.9 89.9 81 82.3 84.4 93.6 102.2 122 136.3 143 160.9 182.5 203.1 213.7 217.1 215.2 212.3 213.3 210 211.5 214.7 216.9 215.4 217.7 219.4 219 217.6 218.6 216.8 206.4 195.7 192.5
143.5 140.4 136.3 132.6 128.9 127.1 124.4 123.3 125.4 125.8 125.5 125 126.4 129.6 134 137.1 138.4 142.4 147.5 153.9 156.1 158.4 160.5 161.9 164.1 166 168.1 170.8 174 176 184.6 194.2 197.1 198.9 195.9 189.4 180 168.9 165.7 160 153.7 149 140.7 133.2 123.9 116.9 111 107.2 101.5 93.6 90 85.3 79.7 84.7 101.8 115.7 133.4 150.6 168.9 185.7 199.3 199.7 198.1 199.2 196.3 198.1 201.3 202.8 206.3 210 211.5 213.4 212 207.3 205.9 200 189.9 185.3 185
