public/OST50/SN72.asc
ncols 200
nrows 200
xllcorner 270000
yllcorner 220000
cellsize 50
[rows 35 to 69 of 200, columns 0 to 78 of 200]
42.7 42.6 42.5 42.4 43.5 44.7 45 45.1 45.2 46.8 49.5 50.6 51.1 52.9 55.2 56.1 56.7 56.7 55.8 55.6 55.8 56 55 53.3 52.1 50.4 49.7 49 51.7 50 50.2 50.8 51 50.8 52.1 53 55.9 55.8 54 54.9 55.6 55.9 56.2 56.5 56.8 57.2 58.8 60.5 63.2 67.1 72.2 76.4 79.7 81.2 82.2 82.8 82.7 82.1 83 87.6 92.1 97.3 102.3 106.4 110.5 113.9 118.6 123.1 127.2 131.8 130.6 125 120.2 120.9 122.5 118.3 111.6 103.5 94.8
41.8 41.9 42 41.6 43 42.9 44.8 45.4 45.7 47.4 48.3 49.4 51.2 51.2 52.8 54.3 55.9 56.4 55.3 54.4 52.5 51.8 50.7 48.6 48.3 48.9 49.4 49.9 51.1 50.3 49.9 50.1 50.2 50.7 52.7 54.7 55.6 56 54.8 54.8 55.3 56.1 56.9 57.2 57.5 58.3 60.4 63.3 67.3 70.9 73.9 77.6 80.1 81.6 81.7 81.2 82.5 82 88 92.8 96.7 100.8 105.5 109.9 114.9 118.2 123.1 128.4 134.6 137.3 135.8 134.8 134.9 139.5 140 134.7 129.8 122.9 113.2
41.6 42 42.5 42.4 41.1 43.8 43.3 43.6 44.5 45.2 46.4 48.7 51.4 51.7 51.8 52.4 55.5 56.5 54.9 51.3 49.5 48.7 48.7 48.6 48.5 48.6 49.2 50.2 50.5 50.3 49.8 50.1 50.2 51.5 53.3 54.2 54 54.5 54.5 55.2 55.9 56.2 56.6 57 58.4 59.9 60.9 64.9 69 73.1 76.4 79.3 80.4 81.5 80.7 79.6 81 83 87.9 94.8 99.2 102.3 107.8 113.9 117.2 121.6 125.8 131.5 135.6 138.3 140.2 142.8 147.3 153.9 153.4 150.6 151.9 146.2 134.6
41.5 42.2 42.8 43.2 43.7 43.5 43.3 44 44.5 45 46.5 49 51.1 51 48.3 48.3 51.5 52.9 51.6 48.7 48.4 48.5 48.6 48.7 48.7 49.1 49.7 50 49.9 49.7 49.8 50.2 51.5 53.7 54.5 53.6 53.5 54.9 54.7 56.9 57.7 57 57.3 58.5 59.1 59.7 62.5 65.6 70.6 75.3 77.9 78.9 79 78.2 78.2 80.6 81.5 84 89.4 95.3 100.5 105.4 111.6 117.5 120.9 123.4 127.3 131.2 135.2 138.4 141.7 145.1 148.5 154.1 164.5 165.6 161.4 157.4 154.2
42.3 42.4 43 43.5 43.7 42.8 43 44.1 44.1 44.3 46 47.8 48.3 46.7 46.8 47.1 47.4 47.6 48.1 48.1 48.2 48.3 48.4 48.6 48.8 49.7 50 49.8 49.7 49.5 50.5 51.7 55 55.3 54.4 53.4 53.5 55.3 55.1 57 58.8 57.9 58.4 59 59.6 60.5 61.5 65.7 71.2 74.6 77 77.2 76.6 77.8 79.6 81.7 82.6 85.2 89.6 95.4 101.3 107.9 113.9 118.2 122.1 125.4 129.5 132.8 135.8 137.1 138.7 142.1 145.4 147.2 155 150.9 144.1 141.3 138.2
43.7 43.2 43.3 43.6 43.8 44.3 42.8 44.9 44.5 44.5 46.8 47 46.9 47.5 47.3 47.4 47.7 47.6 47.8 48 48.1 48.3 48.5 48.7 48.9 49.9 50.1 49.7 49.5 50 52.6 56.1 55.2 54.4 52.8 53.5 54.2 55.1 56.5 57.9 59.1 59.1 58.9 59.5 60.1 61.3 62.3 65.9 70.3 72.9 74.2 73.6 74.9 78.7 79.8 82.5 84.3 86.3 90.3 94.8 100.8 106.8 111.8 116.8 121.1 126.1 130.5 132.9 133.5 132.8 132.7 136.8 139.8 141.5 143.3 144.1 137.9 131.7 128
43.4 43 43.2 43.9 44 44.4 44.1 43.1 43.6 44.7 45 45.2 47.1 47.9 48 47.8 48 47.9 47.9 48 48.2 48.4 48.6 48.8 49 50 50.2 49.6 49.5 53 55.9 55.3 53.1 53 52.9 53.6 54.4 55.2 56.6 58 59.1 59.4 59.7 60.1 60.8 61.7 62.6 64.6 68.2 69.2 71.3 71.6 73.3 76.8 79.1 81.8 84.6 86.6 87.4 91.5 97.9 103.5 107.5 113.7 118.9 124.5 127.8 129.2 129.5 129.9 130.2 131.7 133.4 133.1 135 132.1 129.4 125.4 122.5
42.6 42.8 43.9 44.6 44.7 44.7 45.2 45.1 45.3 45.2 44.9 46.8 47.9 48.3 48.5 48.4 49.1 49.1 48.3 48.2 48.3 48.5 48.7 48.9 49.2 50 50.2 49.9 51.9 55.7 55.7 53.3 52.1 52.5 53.3 54 55.8 56.5 56.7 58 59.1 59.7 60 60.5 61.2 62.1 63 64.7 65.7 68 70.3 71.5 74.7 77 77.2 79 82.3 82.8 82.4 86.1 92.7 99 103.2 108.5 115 119.1 122 123.7 124.3 124.5 124.5 125 125.5 126.5 127.1 126.4 124.4 121.1 119.1
42.5 43.2 43.9 44.5 44.6 44.8 45.5 45.2 45 44.7 45.8 45.5 47.4 48.4 48.7 48.9 49.6 50.1 48.6 48.6 48.6 48.6 48.8 49 49.4 50 50.2 51.4 55.1 55.4 54.4 52 52.3 53.1 53.9 55.5 57.1 57.8 58.1 58.2 60 61.6 62.3 61.2 61.7 62.5 63.4 64.5 65.6 66.6 70.6 73.8 74.2 74 74.3 76.3 78.2 78.5 79.8 82.8 88.1 93.7 98.7 103.6 109.7 113.5 116.3 117.2 117.4 118 118.2 119.8 121.1 123.2 124.4 123.3 121.9 119 117.2
43.8 43.3 44 44.4 44.6 45.2 45.6 45.3 45.9 44.8 46.1 45.8 47.3 47.3 48.3 48.1 49.7 49.8 49 49 49 49 49 49.1 49.5 50.7 50.6 50.8 51.2 51.3 51.4 52.2 53 54 55 55.4 56.7 58.9 59.3 60.1 62.9 65 65.5 63.8 62.9 63.6 64 64.9 66 67.4 68.6 70.2 69.8 70.9 71.7 73.5 75.9 77.5 78.3 81.7 85.1 89.7 94.3 99.4 104.9 109.8 113 113.6 113.8 114.6 115 116 116.7 117.9 119 119.3 118.5 116.5 115.7
43.7 44.4 44.1 44.6 45.2 45.8 45.5 45.9 46.6 46.4 45.1 45.9 47.7 47.5 47.4 47.8 49.7 49.6 49.4 49.4 49.4 49.5 49.5 49.5 52.1 52.7 50.7 51.3 51.2 51.4 53.3 54.8 55.7 57 55 55.8 56.8 59.1 60 62.4 64.5 65.8 66.8 66.4 65.4 65.6 65.5 66.4 67.4 68.8 71.6 73.9 74.6 74.5 73.4 73.6 74.9 78.6 79.8 83.4 85.4 87.4 92 97 102.7 108.7 110.6 111.1 111.6 111.9 112.9 114.1 114.3 114.6 116.2 116.3 116.4 116.2 117.4
44.1 45.3 44.8 44.9 45.7 45.2 45.9 46.4 46.7 46.2 46.9 45.2 47.8 47.7 48 48.3 48 51.2 53.3 50.7 50.2 50.4 50.4 51.8 54.3 53.6 53.6 56.3 57.8 59.5 62.3 63.8 64.7 61.9 60.3 58.3 57.8 58.3 60.1 62.8 63.6 65.1 66.7 69.1 70.9 70.2 70.1 72.3 73.1 74.1 76.1 79.1 79.5 81.3 81 78.9 75.3 75.9 77.3 79.4 82.4 85.5 89.4 94.5 100.2 106.5 109.1 108.3 109.1 110.2 111.1 112.1 112.5 115.6 117.5 117.7 117.5 119 119.7
45.5 46 45.1 45.2 45.7 46.7 46.9 47.1 47.2 47.1 46.5 46.5 46.3 47.6 48.4 48.3 48.8 54.5 59.1 55.5 50.5 51.7 52.3 53.6 55.2 56.4 59.5 64.5 66.1 67.6 69.4 70.2 70 66.3 62.5 61.3 59.5 59.4 60.2 62.1 65 66.9 70.3 73.7 75.1 74 76 78.7 79.5 81.5 82.9 83.2 85.4 87.9 87.5 85.2 80.8 80.9 80.9 82.7 83.1 82.5 86.5 91.8 97.6 103.6 106.6 104.8 106.6 108 109.4 110.8 112.9 115.3 116.9 118 118.5 118.5 118.6
46.4 46.5 46.9 47.5 47.6 48.1 48.5 48.6 48.8 48.1 46.9 47 46.4 47.6 48.3 48.5 50.3 55.2 59.8 55.4 50.9 52.7 53.8 55.7 58.1 62.5 67.7 69.8 71.5 73.7 74.6 74.9 73.1 68.6 65.8 63 60.2 62.4 63.4 63.9 66.9 70.5 74.6 77.1 78.6 80.3 83.3 85.5 86.5 89.4 91.1 90.8 92.5 92.8 91.3 90 87.6 86 84.4 85.4 86.8 85.4 83.2 90.9 95.3 97.5 98.5 99.5 100 104.3 106.7 109.8 112.6 114.9 116.2 117.3 118 117.6 118.7
46.5 46.6 47.2 47.8 48.4 48.9 49.2 49.4 49.5 49.2 48.5 47.6 47.7 45.4 48.4 49.5 52.1 55.9 56.5 52.9 51.7 52.9 54.1 57.3 61.1 68.1 74.1 76.2 76 78.4 79.7 78.9 73.3 69.2 66.4 63 61.7 63.7 65 65.9 69.9 74.6 77.2 78.8 79.9 83.8 88.4 91.6 93.7 94.9 95.3 95.2 97.5 97.5 95.2 94.3 93.2 91.5 89.5 88.4 89.1 89.1 85.6 85.4 89.3 90.5 91.4 93.8 99.3 103.6 107.6 110.5 112.6 114.2 115.4 115.9 116.5 118.1 119.2
46.7 46.9 47.4 48 48.5 48.5 49.3 49.2 49 48.1 48.1 48.6 48 47.7 49.2 50.9 52.1 54.3 53 51.6 52.5 53.4 54.7 58.2 63.4 69.8 75.5 78.5 79.6 81.8 82.6 78.8 73.4 69.3 66.4 64 64.3 64.7 65.7 66.5 69.7 72.1 72.9 76.8 80.4 86.9 90.7 93.9 95.8 97.1 98 98.1 101.8 102.4 98.1 97.7 96.1 95 95.2 94.5 93.5 92 88.9 88.2 88.6 89.8 90 90.6 99.2 104.3 108.1 110.2 110.8 113.2 114.2 115.2 116.4 118.1 119.2
47.2 47.1 47.6 48.2 48.3 48.6 49.4 49.1 48.3 47.9 48.7 48.5 48.6 48.8 48.2 51.1 52.5 52.6 52.2 53.6 54.3 53.7 55.4 57.6 62.3 68.3 73.3 77.3 80.5 83.1 81.7 77.4 73.1 69.1 66.6 67 67.3 70.6 72.3 72 72.1 72.5 77.3 82 83.5 83.5 90.3 94.4 97.2 98.9 100.1 102 106.6 106.8 103.3 103.1 101.6 98.6 98.9 98.4 96.5 93.1 90.1 91 91.9 93.2 91.7 91.6 93.5 100.4 104 107.9 110.3 112.4 113.7 115.1 116.2 117.8 117.7
47.7 47.7 47.8 48.1 48.4 48.8 49.5 49.1 47.6 47.9 48.5 49.5 49.2 50 47.8 50.8 52.9 53 52.7 56 54 54.1 56.9 59.1 61.1 65.5 70.4 74.9 78.6 80.9 80.1 76.8 72.5 70.3 69.9 71.4 74.7 76.4 77 77.2 77.3 78.7 82.7 86.8 90 88.5 92.5 96.7 99 101.2 103.5 107.5 109.5 110.2 109.5 108.3 105.9 102.4 100.6 99.2 97.5 93.7 93.9 93.2 92.8 94.6 94.3 94.7 94.5 95.6 100.1 104.3 108.1 110.7 112.4 113.6 114.9 115.2 114.6
47.2 47.4 47.7 48.3 48.7 49.1 49.8 48 47.5 47.9 48.3 49.2 49.8 50 49.5 47.9 51.6 51.4 52.9 53.5 53.2 54.2 57.7 60.4 63.4 65.4 69.2 71.6 76.4 78 78.7 75.6 74.5 74.9 75.4 76.8 78.3 79.7 79.8 81.1 83.1 84.9 87.3 90.6 93.1 93.5 96.2 99.6 103.3 105.8 107.6 110.6 113.4 114.3 113.6 111.4 109 105.8 102.3 99.4 96.7 96.4 95.3 94.7 94.7 96.1 96.1 96.7 97.3 97.2 98.7 99.1 103.7 108 109.5 109.4 109.8 110.2 112.7
46 46.1 47 48 48.9 49.3 48.5 47.9 47.7 47.4 48.7 50.6 50.9 50.7 50.4 50.4 50.8 52.8 53.3 53.6 53.9 54.4 57.2 60.4 65.2 69 72.6 74.9 77.1 78.8 78.2 77.6 77.9 78.6 80.3 80.3 81.6 83 83.6 85.4 87.8 88.6 89.5 92.9 94.2 96.4 99.6 103.8 106.9 109.8 112.3 114.2 115.4 115.8 115.4 113.9 111.6 107.8 103.6 100.2 100.8 102.5 99.6 97.2 97.3 96.8 98.2 99.9 98.4 99.8 101.9 101 102.1 102.8 106 109.8 111.1 113 114.9
45.4 46.1 47.1 47.5 46.1 46.5 46.2 46.7 47.2 48.6 51 52.4 51.1 51.1 50.2 50.2 52.9 53 53.4 53.7 53.9 54.8 57.6 62.4 68.7 73.1 75.9 77 78.4 78.9 79 79.4 79.9 80.7 81.4 82.3 83.6 85.9 87.4 90.7 92.9 92 91.9 94.5 96.1 99.1 103.7 107.4 110.4 113.9 115.4 117.9 119.5 120.7 119.3 116.6 114.2 111.1 106.9 102.7 104.4 105.8 105.4 104.8 103.2 105.6 104.4 106.2 101.7 101.6 105.6 105.4 104.6 106.2 109.3 112 113.3 113.9 118.2
45.2 46 46.9 45.5 45.8 46.1 49.6 56 61.4 61.9 60 56.8 52.5 51.7 51.1 51.5 53.5 53.5 53.6 53.7 53.7 55.3 61.5 68.6 73.4 75.6 76.9 77.2 77.6 77.9 78.8 79.8 80.4 81.3 82.2 83.3 85.2 86.9 89.7 93 96 96 94.5 95.4 98.5 102.9 107.9 112.1 115.4 117.5 118.8 121.2 122.2 121 118.9 115.9 112.8 110.7 106.4 101.8 105.2 106.3 106.8 107.1 104.9 107.5 108.8 107.3 105.3 104 107.7 108.9 109.9 109.2 111.4 115.6 117.1 116.9 120.8
45.7 46.1 45.4 45.3 47.1 53.5 59.4 63.1 61.2 60.3 57.4 56.7 57.3 51.7 49.2 53.4 54.1 54.7 54.5 54.5 54.9 58.5 66.6 71.4 74.1 75.4 75.3 75.3 76.5 77.2 79.1 79.6 80.2 80.8 81.8 83.5 85.7 87.6 91.4 94.9 97.8 97.2 95.6 96.9 101.5 107.1 111.6 116.1 119.3 120.6 122.6 123.8 122.1 119.1 116 113.1 110.2 108.3 105.8 104.8 106.9 108.9 109.6 109.5 110.5 111.6 111.5 110.5 107.4 106.2 109.6 112 112.8 112.6 114.4 116.9 117.4 119.9 122.9
45.5 44.6 45.1 46.4 50.4 57.2 59.8 59.1 57 56 57.7 59.8 59.6 52.3 51.7 53.5 54.3 56.3 58.1 59.1 60.5 64.1 68.1 71 71.1 71.3 71.8 74 75.6 76.9 78.1 79 79.6 80.3 81.6 83.4 84.7 86.6 89.4 92.9 95.6 95 96.9 98.5 104.5 109.3 113.8 115.9 118.5 119.6 119.8 119.8 118.1 115.8 113 110.1 107.9 106.7 106.4 108.6 110.5 111.5 112.3 113 113.7 114.6 115.3 114.6 112.5 109.1 110.7 114.9 115.3 114.4 115.5 118.7 122.5 125.5 127.8
44.3 44.5 45.2 48.7 58 60.2 55.6 55.6 56.7 57.1 61.1 62.2 56.7 51.1 51.9 53.7 54.5 61.2 62.8 64.3 66.3 69.1 69.2 67.7 67.4 67.6 71.8 75.2 75.2 76.2 76.3 77.4 78.9 80.5 83 83.7 84.7 85.1 87 90.1 92.1 92.8 95.9 99.3 104.2 109.5 113.6 114.3 115.7 117.1 116.5 116.2 113.9 111.2 109.3 108 106.6 108 109.5 111.7 113.5 114.8 115.3 116.3 117.4 118.1 118.7 118.7 117.7 116 113.1 115.8 117.7 117.9 120.3 123 125.2 128.4 133.8
45.1 44.7 45.2 54.8 61.9 55.3 54.7 56.9 57.8 60 63.3 65.2 56.9 51.6 52.7 53.3 54.9 57.8 67.9 70.5 71.3 72.4 69.4 65.6 64.9 68.1 71.7 73.5 73.3 74.5 75 76.8 78.3 80.3 82 82.8 83.8 83.9 84.9 86.9 89.8 92.6 95.8 98 102 107.5 111.3 114.9 116.8 117.5 114.8 113.3 110.5 108.7 105.8 105.4 106.3 109.6 112.2 114.6 116.5 118.1 118.9 120.1 121.2 121.9 122.4 122.6 121.1 118.5 116.9 117.2 120.4 123.6 124.9 125.8 128.4 135 141.8
45.4 45.3 48.4 57.1 54.6 55.4 58.9 64.6 61.9 61.2 65.2 66.2 60.6 50.9 53.1 54.7 55.3 57.5 68.4 74.2 74.6 75.2 69.6 63.9 63.8 66.3 69.5 70 70.2 72.6 75.5 76.8 78.4 78.6 78.9 80.9 81.9 81.6 82.7 85.7 89.2 92.9 95.3 97.3 101.2 105.7 110.1 114.5 117.9 116.7 112.7 111.1 110.2 106.7 103.8 106 108 112.1 114.9 117.4 119.3 121.2 122.5 123.7 125 125.7 126.1 126.2 124.6 122 121.1 122.8 122.5 126.7 127.6 128.3 137.4 144.1 150.5
45.8 47.9 50.4 51.7 54.6 61.6 71.8 69.4 67.5 64.2 66.7 70.2 67.3 56.9 53.3 55.2 55.5 56 59.4 64 63.4 61.5 58.2 58.6 60.4 64 66.1 66.9 71.3 74 74.8 74.7 74.8 75.7 77 78.4 80.8 79.8 80.8 83.5 87.2 90.4 94.1 96.7 99.4 102.8 106.9 110.9 112.1 112.4 111 110.5 109.5 106.8 105.2 107.5 110.7 114.6 117.6 120.3 122.1 123.9 125.4 126.6 128.1 129.3 129.5 129.4 128.2 127.8 126.3 127.2 127.6 129.5 132.8 138.2 145.4 152.6 159.5
49.1 52.7 61.1 60.5 66.4 71 71.1 71 69.3 65.6 70.7 74.8 73.9 68.7 57.4 54.2 54.9 55 55 54.4 54.7 55.9 57.2 58.3 59.4 60.2 62.9 66.4 69.5 71.8 69.2 66.4 72.1 78.1 79.6 78 77.6 77.5 79.4 82.8 87.2 91.5 94.9 95.7 97.2 99.7 102.4 104.5 105.9 107.5 108.4 108.3 107.8 104.6 105.1 109.2 113.4 117.2 120.3 123.8 124.9 126.6 128.2 129.8 131.3 132.6 132.9 131.9 130.8 132.5 134.4 136.1 135.2 132.1 138.6 144.7 152.6 160.2 169.4
48.9 56.5 61.4 62.9 68.1 71.7 71.5 70.6 68.7 67.9 71.7 76.4 78.8 74.3 68.5 59.5 54.7 54.6 56.2 57.2 57.6 56.4 57.2 58.4 59.5 60.3 61.3 62.7 62.7 63.9 65.3 70.1 74.8 77.8 80.5 81.1 78.4 77.2 78.7 83 88.7 93 95.2 93.7 94.1 95.9 98.1 100.2 101.7 103.2 104.9 103.9 103.5 101.6 107.3 111.4 114.1 118.7 124 127.6 129.5 131.1 131.1 132.2 133.6 134.1 133.1 132.2 133.1 136.8 138.9 141 137.3 135.5 142.2 150.3 160.1 170 180.8
51.4 53.6 55.6 60.1 68.1 71.6 70.4 68.9 67.1 68.4 72.4 77.8 82 83 77.5 70.3 63.9 58.9 57.1 58.1 58.4 57.5 57.2 58.5 59.6 60.5 61.3 62.8 66 68.5 72.3 71.3 72.2 75 78.2 81.6 80.7 79.5 77.1 81.8 87.2 91.8 92.8 90.3 91.2 93.5 95.1 96.9 98.9 100.2 101 100.5 99.2 100.6 107.4 112 115.5 120.4 125 129.5 132.7 132.1 132.3 130.7 130.1 129.7 129.8 129.6 135.1 139.9 143 144.7 142.3 140.9 145.2 155.4 165.3 178.2 189.8
58.9 61.8 62.3 62.7 67.8 69.1 71.1 69.4 67.5 68.4 75.3 79.7 81.7 83.2 80.3 75.1 70.3 66.3 58.8 59.1 59.7 58.5 57.5 58.4 59.6 60.3 61.1 62.8 66.3 71.5 72.1 72.9 75.4 75.8 78 81.6 83.7 81.4 79.5 79.6 83.1 85.7 87.3 87.1 89.2 90.3 92.6 94.3 96.2 98.3 101.1 99.7 97.4 101 106.9 111.3 115.4 119.7 123.7 126.6 127.8 128 127.1 125.9 125.6 126.1 126.3 128.5 137.2 141.7 146.3 149.8 147.8 146.9 150.3 156.4 170.5 183.1 191.3
65.2 67.8 70.6 66.9 66.2 70.2 71.4 69.5 69.2 70.7 76.5 77.9 79.5 80.7 82.2 78.2 75.6 73.7 72.3 66.6 60.7 60.1 58.8 58.4 60.4 61 61.4 62.1 65.2 69.2 73.5 76.2 76.4 78.4 80.5 82.6 85.8 85.8 85.1 83.9 82.7 82.1 84 86.9 86.2 87.5 89.4 90.9 93.1 96.7 98.8 97 99.1 103.1 107.7 111.5 114.4 117.8 121.4 122.8 123.2 122.1 122.2 121.5 121.9 124.3 126.9 130 133.8 141.8 147.4 153.8 152.4 154.1 157.2 156.5 168.6 179.6 187.5
73.4 78.7 79.2 72.9 67.9 70 72.3 73.5 72.7 76.6 77.6 78.9 82.1 83.3 85.2 81.9 79.6 79.1 81.1 75.9 68.3 68.3 62.1 58.3 58.3 61.4 61.8 62.3 64.4 68.4 71.6 74.8 76.7 81.8 84.2 86.1 88.4 88.9 88.5 88.1 87.5 85.3 85.3 87.7 86.6 87.4 88.7 88.8 90.3 90.9 92.7 96.5 100.7 105.2 109 109.7 112.5 115.7 117.3 117.2 116 116.3 117.5 119.5 122.6 125.3 128.2 134.7 141.3 142.9 145.2 157.6 159 157.8 162.4 164.6 166.3 176.2 183.1
81.8 88.5 83.4 75.6 72.3 70 73.2 75.7 78.3 81.6 83.8 84.1 86.1 88.2 88.4 85.2 81.6 80.9 80.5 75.7 73.3 79.1 74.9 65.1 56.4 61.2 61.7 62.7 65.6 70.2 72 74.2 81.5 85.6 87.7 89.5 91.1 92 91.7 91.3 89.3 88.5 88.3 89.1 88.9 89.3 89.8 90.9 92.2 93 93.9 97.1 99.6 102.7 102.9 105.8 110 112.7 112.9 115.4 115.8 117.9 119.4 121.3 123.3 127.5 129.8 133.8 143.2 149.1 150.9 160.2 163.4 161.3 166.5 170.3 172.3 176.6 182.4
