public/OST50/SN73.asc
ncols 200
nrows 200
xllcorner 270000
yllcorner 230000
cellsize 50
[rows 108 to 143 of 200, columns 81 to 161 of 200]
121.9 127.1 135.5 136.2 137.5 139.6 143.2 157.9 166.2 173.2 175.5 174.9 172 170.4 170.1 167 158.5 151.2 147.5 141.8 137 130.1 120.7 113.7 108.4 104.4 101.6 97.5 94.1 92 90 86.1 84.3 82.9 82.1 80.4 78.4 75.9 71.1 62.9 63.1 63.8 65.1 65.8 66.3 66.1 65.9 66.5 66.8 66.7 66.2 66.5 66.8 66.7 66.4 66.6 68.5 67.9 67.6 67.8 66.8 67.2 68.3 67.5 67.9 68 68.3 68.9 69.9 69.9 69.8 69.7 70.1 70.1 70.2 70.3 77.9 94.1 102.2 103.8 106.7
128 130.1 129.2 132.2 140.6 147.6 153.8 162.7 170.7 171.8 173.9 173.4 168.4 163.7 159.4 155.3 149.1 144.3 141.4 139 133.1 123.6 117 111 105.8 102.2 99.4 95.5 93.8 91.7 89.4 86.1 81.3 80.1 79.5 78.2 75.9 73.1 65.7 64.3 65.5 65.3 65.2 65.2 66.1 66.4 66.1 65.6 66.1 66.3 66 66.3 66.6 66.2 66.3 66.6 67.8 68.2 67.3 67.2 66.9 65.9 67.1 67.7 67.8 68.1 68.6 69.1 70.2 70.4 70.3 70.3 70.3 70.4 70.5 70.8 75.2 92 105 106 99.2
122.1 126 130.8 141.2 146.3 153.5 160.4 167.1 172.3 174 173.1 170.9 165.5 158.1 152 146 141.7 140.1 139 132.9 124.7 119.2 114.2 107.9 103.2 100 97.3 94.7 93.1 91.2 88.6 85.7 81.6 77.7 77 75.7 74 69.9 64.5 65.3 65.2 65.1 65.1 66.1 65.7 66.2 65.8 64.9 64.9 65.3 65.9 66.2 66.5 66.1 65.9 66 66.6 68 67.4 66.8 67.3 66.4 67.8 68.1 67.7 68.5 69.1 69.8 69.9 71 71.2 71.5 71.5 70.8 71.5 72.1 74.7 91.3 102.7 96.6 85
121.8 132 139.8 145.8 151.4 159.9 167.2 171.2 173.3 172.4 171.7 168.2 161 152.4 146.8 140.8 137.8 136 132.6 125.9 121.7 117.4 111.5 104.3 99.5 96.7 95.8 93.7 92.1 89.4 86.7 83.6 78.8 76.2 74.4 73.6 72.3 65.9 63.5 65.3 65.6 65.6 66.2 66.3 66 65.7 65.5 64.9 64.8 64.9 65.6 66.1 66.4 66.1 65.5 65.6 66.2 67.1 67.1 66.9 66.5 66.6 67.8 67.2 67.5 68.6 69.1 69.6 69.6 69.8 71.2 71.2 71.5 72 72.2 72.5 75.7 92.5 88.3 77 72.7
137.2 145.7 148.3 152.5 160.3 167.7 170 172.3 172.3 170.9 169 163.5 155 147.4 141.8 138.1 133.9 130.6 126.8 121.9 117.8 114.7 107.9 102.4 96.1 93.9 94 92.8 90.2 87.8 85.1 81.6 78.3 72.4 71.9 71.7 69.3 63.3 64.9 65.1 65.3 65.9 65.8 65.4 65.9 65.5 65.1 64.7 64.7 64.8 65.1 66.1 65.9 65.7 65.5 65.2 65.5 65.7 65.6 65.6 65.8 64.6 66.1 66.9 67.2 67.9 68.5 69.5 69.5 69.7 70.1 70.3 70.6 71.2 72.6 72.2 74.8 77.5 72.9 71.1 71.4
141 147.7 153.9 160.9 166.1 170 171.1 168.5 166.2 165.8 162.9 156 148.5 142.9 137.4 133.4 130.5 122.1 119.7 116.6 112.8 107.3 102.8 97.7 90.1 90.2 91.1 90.5 89.2 86.7 84 79.8 75.7 71.7 69.7 67.3 64.4 61.2 64.1 64.2 65.5 65.6 65.7 65.4 65.7 65.4 65 64.8 64.9 64.9 64.9 65 65.1 65 65.2 65.3 65.2 65.3 65.9 65.4 65.4 65.5 65.4 66.5 66.9 66.4 67.3 67.2 68.6 69.3 68.5 69.1 69.4 69.6 71.2 72.7 72 72.4 71.7 71.2 72.1
148 153.1 162.6 168.7 171.7 173.3 170.6 166 163.2 160 154.5 149.2 144.2 139.2 133.6 128.5 122.7 117.1 113.3 109.9 106.1 100.9 97.2 91.7 87.9 88.3 90 90.5 88.3 85.8 83.4 79.1 74.7 70.6 66.1 64 64 62 63.4 65.1 65.3 65.4 65.5 65.3 65.6 65.3 65.1 64.9 64.7 65.3 65.3 65.4 65.7 65.6 65.2 65.5 65.3 65.4 66 64.9 65.4 65.8 65.8 66.5 66.3 66.3 67.1 67.3 68 68.3 67.9 68.7 69.3 69.7 70.3 70.1 70.7 70.9 71.5 74.6 76.7
157.7 166.9 173.3 176.5 176.5 174.5 170.3 164.4 161.4 153.8 149.8 142.8 138.4 133.8 129 123.9 119 113.9 110 104.8 101.1 97.8 93.9 90.1 87.4 86.8 89.7 90.2 87.7 85.1 81.2 77.4 72.4 66.2 63.7 63.7 61.9 63.2 64.2 64.9 65.1 65.2 65.3 65.3 64.5 65.1 64.9 64.5 64.6 65 65.2 65.4 65.9 66.4 65.8 65.7 64.7 65.1 64.9 64.9 65.2 65.6 65.6 66.4 66.9 66.9 66.9 66.9 67.6 68.3 68.5 71.3 69.9 70.6 71.3 69.5 69.6 73.6 74.2 77.5 80.9
175.2 182.1 184 179.8 174.4 171 164.8 160.9 152.8 147.7 146.1 141.5 135.5 130.3 126.7 122.1 117.5 112 106.9 102.4 98.4 96 92.8 89.5 88.1 84.7 87.9 89.1 86.7 82.7 78 73 67.3 63.1 63.2 63.3 60.6 62.5 64.1 64.4 64.7 64.8 64.9 64.8 64.6 64.7 64.3 64 64.5 64.8 64.9 65.1 65.2 65.4 64.7 64.9 64.6 64.9 65.3 65.5 65.8 66.1 66.7 67.6 68.1 68.9 67.9 67.4 67.7 71.7 76.3 78 78.7 78.4 78.8 78.3 79.4 81.8 79.6 80.9 85.2
192.4 190.4 185 175.8 169.4 162 156.8 151.9 146.2 144.6 141 137.6 132.2 128.5 125 121.7 118 111.6 107.5 101.7 97 93.3 91 89 88.2 86.4 86.2 86.1 84.5 80.9 74.8 69.2 64.1 63.2 63.3 63.3 60.4 63.9 63.8 63.9 64.2 64.5 64.3 64.6 64.2 64.1 63.9 63.8 64.1 63.9 64.6 64.8 64.6 64.1 64.5 64.6 64.2 64.6 64.5 64.6 65.3 66.5 68 69.2 69.9 70.9 70.8 71.4 71.5 73.4 77.5 80 81.2 82.9 84.3 84.9 84.2 85.1 86.8 81.9 87
202.7 192.7 183.6 170.1 159.3 155.2 151 146.2 142.7 140.5 137.7 135.7 132.7 129.4 126.1 122.7 118.6 113.9 107.3 99.9 96.1 92.8 90.9 88.7 87.3 85.6 82.2 82 80 77.3 69.8 64.9 62.8 63.3 63.5 61.1 63.1 64.2 63.9 63.7 63.8 64.1 64.1 64.3 64.7 64.6 64.5 63.6 63.6 64.2 64.3 64.5 64.4 64.4 64.5 64.3 63.9 64 64.1 64.2 64.8 68.1 70 71.5 72.9 73.9 73.4 72.4 72.9 78 80.8 82.3 83.2 84 86.6 87.7 87.2 88.2 88.9 87.8 86.4
200.9 188.1 179.1 163.8 155.8 151.8 148.9 145.4 141.7 139 136.6 134.7 132.9 129.8 126.8 122.8 118.3 113.8 108.9 101 95.2 91.7 89.4 87.4 85.7 84.4 79.7 75.6 74.4 70 62.9 62.3 62.5 62.9 62.2 59.5 62 64.2 64.1 64.1 63.7 64 63.5 63.4 64.3 63.8 63.9 63.5 63.5 63.8 63.8 64.4 64.6 64.2 63.5 64.2 64 63.8 64.1 65.2 69.2 70.9 72.7 73.8 75.5 76.6 76.1 74.9 74.3 79.5 82.2 84 84.8 85.6 87.4 89.9 89.8 91.3 92.6 91.2 88.8
196 187 175.7 158.6 153.4 150.3 147.6 144.7 140.9 138.2 135.7 133.7 131.9 129.8 127 122.5 120.2 116.1 108.4 101.3 96.2 92.3 87 84.6 84.6 82.6 77.5 71.2 68.7 63.7 61.8 62.2 62 62.1 60.5 62.6 63.8 63.8 63.9 64 63.6 63.2 63.2 63.2 63.1 63.4 63.7 63.5 63.1 63.2 63.4 64.4 63.8 63.9 63.2 64 63.8 66.8 71.1 73.6 78.6 79.3 79.9 79.8 80.6 79.8 79.2 78 77.9 80.1 83.4 85.8 86.6 87.4 88.5 90.8 93.7 95.6 97.5 97.9 94.7
194 184.9 171.3 157.4 152 148.7 146 142.9 140.2 138.2 136.1 133.9 131.6 128.7 126.8 124.9 120.8 117.7 112 104.3 97.7 92.7 89.2 79.3 80.1 77.4 72.2 69.1 66.8 61.8 61.9 62 61.8 59.9 61.6 63.3 63.4 63.5 63.5 63.6 63.7 63.6 63.2 62.9 63 63.3 63.6 63.8 63.2 63 63 63.2 63.4 63.8 64 63.3 65.5 75.8 83.7 84.5 90.2 93.3 90.9 87.2 84.1 83.5 83.1 82.3 80.7 79.8 84.6 87.6 88.4 89.4 90.3 93.3 98.4 99.8 101 102.4 101.6
190.8 180.1 163.4 154.5 150.5 147.2 144.9 142.4 141.1 139.2 137.2 134.4 129.3 124.3 125.1 124.6 121.1 116.4 110.9 104.7 98.9 92.9 87 82.2 75.5 71.7 68.8 66.9 63.1 61.7 61.8 61.8 60 61.8 62.9 63.4 63.3 63.2 63.3 63.3 63.4 63 62.7 62.7 62.9 63.2 63.3 62.4 62.8 62.7 62.6 63.3 63.2 63.8 64 63.7 76.2 90.4 98.7 102.9 106 107.7 106.7 102.7 96.1 89.4 88 86.6 85.8 83.4 84.5 88.7 91.7 92.4 95.3 96.5 97.5 100.5 103 105.8 107
183.7 170.5 162.3 154.9 151.4 148.6 145.8 143.2 142 141 138.7 135.7 132.4 127.8 126.4 122.6 119.3 112.8 108.6 104.6 97.7 91.8 82.7 78.6 73.6 72.4 70.2 67.3 61.8 61.6 61.6 61.4 60.2 62.5 63 63.2 63.1 63 63 63 62.8 62.5 62.4 62.6 62.7 62.3 62.4 62.6 62.4 62.4 63 63.3 62.7 64.5 64.6 81 95 105.6 113.2 117.4 119.4 121.8 120.7 116.6 109.5 100.9 93.9 90.8 89.3 87.6 86.5 90.5 94.2 95.8 98.6 100.2 100.1 101.9 105.3 108 109.7
175.3 165.9 159 154.9 152.4 149.2 146.7 144.2 142.1 140 137.6 135.4 133.4 131.2 127.6 124.4 119.1 113.7 111.1 104.1 96.9 92.3 85.2 82.5 75.6 70.9 69 64.9 61 61.3 60.6 59.9 61.7 62.5 63 62.9 62.9 62.8 62.7 62.6 62.6 62.3 62.4 62.5 62.4 62.2 62.5 62.4 62.4 62.5 63 62.5 64.7 75.6 88.2 99.7 111.2 120.2 125.2 128.5 129.7 134.7 131.6 126.2 118.5 108.3 98.3 94 92 90.5 88.2 91.6 96.8 99.5 101.7 102.7 103.3 104.1 108.4 111 112.9
177.2 165.5 159 155.8 152.9 149.8 147.3 145.7 143.3 140.3 138.9 136.8 134.6 132.1 128.2 125.7 116.1 110.3 108 102.1 100.7 93.8 91.6 85.6 76.8 73.5 68.1 63.6 60.6 59.9 60.2 61.9 62 62.5 62.8 62.8 62.7 62.6 62.7 62.7 62.4 62.1 62.2 62.3 62.1 62.1 62.4 62.6 62.5 62.2 62.8 65.3 79.3 93 106.3 116.7 126.1 130.9 134.1 138.5 141.7 144 138.2 133.6 124.3 110.5 103.1 98.7 95.3 94.7 92.4 90.9 98.2 102 103.7 104.9 106.7 107.8 111.4 115.1 117.1
176.8 165 161.5 157.4 153.9 151.6 150.2 148.4 144.8 142.1 140.3 138.1 136 132.4 125.5 120.1 111.8 109.1 110.1 106.5 100.7 96.3 89.9 85.4 83.9 77.8 67.6 60 59.2 59.7 60.6 61.4 62.3 61.9 62.3 62.7 62.6 62.7 63 62.9 62.8 62 62 62.1 62 62 62.3 62.7 62.6 62.5 64.9 76.2 91.3 104.3 118.1 127.2 131.8 137.6 142.5 146 148.3 148 145.3 137 127.3 120.9 113.1 109.8 101.8 99.5 97 94 100 104 106.4 108.4 110.8 112.7 116.1 119 121.8
177.1 169.7 164.3 160.5 157 154.8 153.5 152.6 146.6 143.3 141.7 139.6 136.5 130.2 123.1 115.6 112.8 115.8 116.4 106.5 103 98.9 93.2 88.2 82.9 75.3 65.1 58.8 59.5 58.9 60.6 62.1 61.9 61.8 61.8 62.3 62.5 62.4 62.4 62.3 62.6 62.4 62 61.4 61.9 61.9 61.8 62.2 62.2 62.9 70.8 88.4 102.2 114.7 125.3 132.8 136.9 143.1 147.5 150.1 152 151.7 148.2 140.8 134.2 127.5 121.2 116.5 109.8 103.7 101.7 99 99.5 105.9 108.9 112 114.2 116.3 118.9 122.3 125.5
181.5 177 172.5 168.9 165 161.4 158.4 154.6 148.6 145.4 142 139.9 134 128.8 123.2 116.3 117.2 117.3 112.2 107.3 104.7 99.9 94.2 87.2 76.8 68.9 58.7 59.5 59.5 60.9 61.4 61.7 61.7 61.7 61.7 61.8 62.1 61.9 61.8 61.7 61.7 61.8 61.9 62 61.9 62.1 62.5 62 63 69.7 85.6 100.2 111.9 121.9 130.5 138.4 142.2 146.5 149.2 152.3 154.5 155.1 154.1 146.3 138.1 131.4 127 121.5 114.5 107 105.4 104.3 102.2 107.5 111.2 113.7 116.1 118.4 121.2 124.7 128.7
189.6 181.6 179.7 173.9 171.5 168.7 166.4 160 152.8 147.3 143.8 139 133.7 125.9 119.6 114.5 116 113.7 107.1 105.8 107.6 96.6 88.9 78.4 68.2 61.8 58.5 60 59.2 62 60.9 61.1 61.1 61.4 61.4 61.4 61.6 61.6 61.4 61.3 61.7 61.9 62 61.6 62.4 61.7 63 69.5 77 87.2 98.3 110.2 119.1 128.2 137.1 143 146.2 149.2 152.4 155.4 159.3 160.9 158.5 150.2 141.4 137.6 130 124.8 117.9 111.7 108.8 107.8 103.6 113.1 117.1 115.2 117.6 119.3 123.3 129.1 135
189 183.8 179.7 176.8 174.2 172.3 171 164.1 156.9 152.3 148.2 139.6 133 118 107.5 108.5 107.5 99.4 97.3 103.9 99.1 83.9 73.8 63.3 61.8 59.8 58.5 60 60.9 60.6 60.5 61 61.5 61.1 61.1 61.1 61.1 61.2 61.1 61.6 61.8 62 62.1 62.2 62.3 62.1 63.1 78.2 89.4 97.9 106.1 116.4 126 135 142.3 145.6 149 152.1 157 161 164.5 165.7 161.1 151.9 146.3 140.7 132.4 125.1 118.7 115 112.6 109.5 107 115.6 117.3 116.2 119.4 125.6 133.1 141.3 145.6
181.2 180.4 181.6 178.8 179.3 177.7 176.5 170.4 160.9 152.9 143.7 133.7 121.6 113.6 92.7 94.7 92.4 83.8 92.8 93.1 77.4 62.7 61.5 61.1 60.1 60.1 57.7 58.4 60.3 60.4 60.4 61.4 60.9 60.9 60.9 60.8 60.8 60.8 61.2 61.2 61.5 61.9 62.2 62.1 61.7 61.9 69.3 85.4 97.5 105.9 111.7 120.7 128.5 138.3 142.1 146.6 151.5 156.6 161.9 166.3 168.5 168.4 162.6 154.2 148.8 141.4 130.1 122.7 118 116.1 114.9 111.9 110.4 112 114.4 117.6 126.3 136.5 145.8 152.5 156.5
172.2 174.7 176 180.6 180 180.3 176.8 162.2 151.5 140.9 128.6 118.6 109 101.1 89 76.8 74.4 75.3 79.9 72.1 60.5 60.8 60.9 60.8 60.4 62.2 59.5 57.4 59.8 59.7 60 60.8 60.8 60.7 60.7 60.7 60.7 60.6 61 60.8 61 61.3 62.1 61.1 61.6 61.5 75.2 92 103.2 109.9 116.7 123.9 131.3 137.8 143.2 149.6 155.7 161.7 164.4 167.7 170.6 170.5 163.3 155.4 144.9 134.3 126.2 121.5 119.1 117.3 116.4 110 111.8 113.4 116.3 122.1 133.2 145 153.7 160.7 165.7
151.3 155 158.1 160.3 158.9 157.6 154.1 145.3 135.1 122.2 106.7 95.5 88.6 87.4 80.4 65.6 61.3 62.8 63.2 60.1 60.4 60.5 60.7 61.4 61.5 60.8 59.9 57.7 58 59.9 60.1 60.9 60.7 60.7 60.7 60.6 60.6 60.8 61 60.7 60.6 60.5 62 61.9 61.6 65.4 83.3 98.5 109.8 116.8 120.6 126.8 133.9 139.7 146.4 153.5 158.5 161.7 165.6 168.9 172.1 167.7 158.2 147.6 135.4 127.7 124.3 121.9 119.9 118.1 113.8 114.5 115.2 119.5 122.5 125.7 137.3 151.1 159.5 165 168.6
131.5 136.1 138.7 139.7 137 133.7 129.9 123.6 113.5 100.2 85.1 72.4 69.9 66.9 63.6 59.7 60.2 59.6 60 59.9 60 60.3 59.6 59.9 59.6 59.5 59.7 57.4 57.3 59.9 59.9 60.1 60.2 60.6 60.6 60.5 60.4 60.7 60.8 60.9 60.9 60.9 61.8 61.5 62.6 76.6 91.3 104.4 113.4 117.4 123 129.2 137.1 143.5 149.5 153 155.8 159.9 163.8 167.4 166.8 159.6 147.9 137.8 129.7 126.4 123.8 121.5 119.8 117.4 116.9 120.6 124.1 128.5 132 134.7 136.2 149.9 160.5 168.4 176
119 120.1 121 118.2 113.7 110.1 104.6 96.6 87.3 73.7 58.9 58.4 59.3 59 59.1 59.2 59.5 59.1 59.5 59.9 59.6 59.3 59.5 59.1 59 59 59.2 57.4 57.5 59.7 59.7 59.7 59.7 60.3 60.3 60.2 60.2 61.2 60.8 60.5 61.1 61.4 62.1 64 72.4 84.4 96.8 106.7 113.9 115.9 125 132.6 138.7 143.5 146.4 148.3 153.4 159 163.8 167.2 165.5 153.5 138.7 133.1 126.9 125.9 124.3 121.4 118.8 119.2 122.2 127.2 131.3 138.2 143.5 142.9 141.8 152.1 165.2 175.5 181.2
102.4 103.6 101.9 97 92.9 86.3 76.6 64.3 60.5 57.9 57.9 58.7 58.9 58.4 58.7 58.9 59.1 58.9 60 60.1 59.2 59.4 59 59 58.8 58.4 58.9 58.4 57.7 59 59.5 59.3 59.1 60 59.9 59.9 60.1 61.2 60.9 60.8 60.3 61.6 66.5 69.3 76.4 87.1 97.7 104.5 111.7 119.1 126.3 133.5 136.2 140.3 143.1 147.6 155.1 162.7 166.6 166.8 159.9 143.8 133.2 125.2 125.2 124.6 123.6 123.4 122.6 122.7 126.5 133.6 139.6 147.2 153.2 157.3 154.1 155.6 169.2 178.5 185.4
91.1 87.5 84.5 78.2 72.2 63.8 57.4 57.5 57.3 58.2 58 58.1 58.1 58.3 58.3 58.9 59.3 58.9 59.8 59.9 59.5 59 58.8 58.7 58.7 58.5 58.4 58.9 56.7 59.4 58.9 58.5 59.2 59.6 59.7 59.8 60.1 62.2 60.3 60.2 61 61.6 68.1 74.8 78.4 86.2 95.2 104.4 113.2 119 124.5 128.8 132.8 139.3 145.2 151.1 156.6 162.8 164.9 162.5 149.9 137.1 126.2 123.9 124.1 126.2 128.3 129.6 126.8 128.5 131.9 142.9 149.5 154.7 160 163 164.9 165.9 171.7 181.7 191.9
77.1 69.3 66.4 60.1 57.4 57.4 57.7 57.9 57.5 58.3 58.1 57.8 57.8 58.8 58.9 58.8 59.1 58.8 59.2 59.4 59.7 58.9 59 59 58.5 57.7 57.8 58.4 57 59.1 59 58.6 58.6 59.7 60.2 60.2 60.2 62 60.3 60.5 60.6 62 72.1 75.4 79.1 85.8 97 107.4 116.9 122.1 125.6 129.6 134.8 142 149.6 155.1 160.1 162.6 162 152.7 136.3 128.6 125.6 125.6 127.3 129.1 131.7 133.6 132.1 136.9 144.3 152.1 156.5 160.3 163.7 169.7 174.4 174.1 176.9 187.9 198.1
65.6 61.4 58.6 57.1 57.6 57.8 57.7 58.3 57.7 58 58 57.5 57.7 58.7 58.6 58.6 59 58.9 58.6 58.8 59.1 58.5 58.7 58.1 57.6 57.3 58.3 57.9 57 58.7 58.9 58.9 58.3 59.6 59.9 60.5 61.2 61.1 61.2 61 60.7 63.8 68.8 75.4 85.9 93.7 102.3 111.9 119 124.8 129.3 134.9 141.5 147.5 153.7 159.2 162.6 160.6 151.3 138.8 127 126.7 126.6 128.9 130.3 131.4 133.8 136.2 140.9 147.4 155 160.4 163.3 166.5 168.5 175.6 178.7 180 187.4 193 197.6
59.1 58.4 57.6 56.5 57.3 58 57.6 57.5 57.9 57.7 58.2 57.7 57.8 57.9 58.1 58.7 58.7 58.8 58.7 58.3 58.5 58.8 57.3 58 58.1 56.9 57.5 56.8 58.1 58.2 58 58.1 58.6 59.8 59.8 60.1 61 60.9 60.9 60.8 62.5 65.7 69.8 83.2 91 99 107.3 115 121.6 128.1 134.4 140.9 146.8 153.8 160.5 160.9 157.1 148.1 134.1 128 127.8 129.7 131 131.1 133.1 135 137.7 139.2 146 157.1 162.3 165.5 165.3 170.5 173.8 177.6 183.1 188.4 193.1 195.9 196
57.9 57.1 57.1 57.2 57.7 57.2 57.4 57.7 57.8 57.4 57.7 57.1 57.7 58 58.3 58.6 58.2 57.7 58.5 57.8 58 58.3 58.3 58.1 58.1 56.7 56 58.2 58.3 57 58.9 59.5 59 59.5 60.3 61.1 63.7 61.7 61.1 60.9 64.9 70.5 76.7 83.5 89.8 99.5 110.4 117.5 124.7 132.3 138.7 145.6 152.7 159.1 159.2 151.2 142.4 134.6 128.4 127.3 129.6 130.8 132.2 133 137.7 143.1 146.6 147.3 148.3 159.5 167 170.7 173.2 173.7 178.1 185.5 191.2 194.3 195.5 195 193.6
57.4 56.9 57.1 57.2 57.1 56.6 56.9 57.6 57.8 57.8 57.5 56.6 57.2 57.7 56.9 56.7 57.5 57.3 57.6 57.3 58 58.2 58.4 56.9 56.2 56.6 57.5 58.5 58.5 57.3 59.7 60.1 60.3 59.8 60.6 61.7 62.2 63.3 63.5 66.2 70.4 74.7 80.9 85.8 91.6 102 113.2 119.2 127.8 135.8 143.6 150.9 156.3 155.5 148.5 139 131.2 127.1 127.7 128.3 130.7 132.3 133.7 143.2 149.2 155.6 159.8 161.5 160.8 161.8 168.2 173.8 177.4 181.7 186.2 191.8 194.2 196.5 194.5 191.2 190.8
57 57.1 56.9 56.6 56.3 55.9 56.5 56.4 56.2 56.9 57.1 56.1 56.3 56.5 56.7 56.4 57 57.5 57.8 57.6 57.7 57.8 57.4 56.3 55.9 56.6 57.9 57.8 56.9 59.3 59.7 60.1 60.5 60.3 61.1 63.2 62.7 64.1 65.8 67.1 70 72.7 79 86.3 92.2 102.1 115.2 123.1 130.8 139.3 149.2 154.4 150.5 143.2 135.5 130.3 127.4 127 127.2 129.2 131.8 134.1 142.5 153.3 159.9 165.2 170.8 170.8 168.6 169.7 173.1 180.3 185.8 189.5 193.1 196 196.6 196.1 192.6 186.4 187.6
