public/OST50/SN73.asc
ncols 200
nrows 200
xllcorner 270000
yllcorner 230000
cellsize 50
[rows 144 to 179 of 200, columns 81 to 161 of 200]
56.6 56.7 56.9 56.4 56.1 55.9 56.2 56.4 56.3 56.3 56.2 56.7 56.3 56.7 56.6 56.7 56.6 57 57.2 57.3 57.4 57.5 58.3 57.4 55.6 56.7 57.4 57.7 58.7 59.6 59.7 60.1 60.5 60.8 62 64.6 64.5 64.5 66.1 67.6 69.1 70.8 73.7 80.8 91.4 102.6 115.9 126.3 135.1 145.3 149 144.7 136.9 131.1 128.1 127.6 127.6 127.6 129.1 131.8 135.3 138.8 148.1 161 169.6 173.9 176.1 176.7 175.3 177 181.8 187.8 192.3 195.7 197.4 197.9 196.7 194.2 189.7 186.9 184.7
56.1 56.2 55.8 56.1 55.6 55.8 56 56.2 56.4 56.1 55.9 56.7 56.3 56.3 56.2 56.5 57.5 57.4 57.5 57 57.1 57.5 57.4 56.8 55 57.5 59.2 59.4 59.5 59.9 60 60.2 60.5 60.8 63.8 66.6 65.6 65 67.7 71.6 77.3 80.8 79.9 82.5 90.8 101.9 117 131.6 141.8 142 138 131.8 127.6 127.6 128.4 129.3 130 130.9 133.9 140.7 145.3 149.1 158.9 169 175.3 178.4 179.5 178.6 181.7 183.5 188.6 193.9 197.4 199.4 198.9 197.1 193.7 192 193.2 191.7 188.1
55.9 56.2 55.2 55.4 55.7 55.9 56.1 56.3 55.9 55.6 55.6 56.4 56 56.1 56.7 57.1 57.3 57.4 57.1 56.9 57.3 57.7 57.4 56.1 56.6 57.8 59.3 59.4 59.5 59.6 60 60.3 60.6 63.6 67.1 68.6 68.2 69.2 73.3 78.9 85.6 91.6 97.8 97.9 93.8 100.8 114.4 126.5 129.1 129.5 124.7 124.3 126.7 128.1 130.5 131.8 133.2 137.3 144.4 149.8 154.3 160.1 167.3 173.5 179.3 180.5 181.3 184.5 183.7 187.6 193.6 198.6 200.7 200.1 197.6 193.8 193 195.4 196 192.8 189
54.5 54.8 55.1 55.4 55.6 55.9 56.1 55.9 55.7 55.7 55.7 56.1 56.5 56.3 56.2 56.5 56.7 57 56.7 57.1 57.6 57.1 55.8 55.3 58 59.2 59.3 59.4 59.5 59.6 59.8 60.3 65.5 70.1 71.5 71.9 73.3 75.6 80.9 87.9 99 107.2 111 109.6 104.8 103.2 107.4 115.1 118.4 119.2 121.3 124.4 127.1 129.6 131.7 133.8 140.8 146.8 152 157.3 161.9 168.4 175.4 179.5 180.3 179.9 183.1 183.6 187.1 192.3 197.1 199.6 200 196.9 194.7 194 194.9 197.2 194.5 190.9 187.3
54.4 54.9 55 55.3 55.6 55.8 55.9 55.4 55 55.3 55.6 55.9 55.9 55.7 55.7 56.1 56.5 56.8 57 56.9 56.3 55.8 55.8 56.9 59.2 59.2 59.6 59.5 59.4 59.6 62.7 67.5 71.8 72.9 74 76.3 80.1 86.3 97 108.9 117.9 124.4 124.8 119.7 111.6 106.1 105.5 105.6 106.3 113.4 120.8 124.7 127.4 130 132.5 136.7 144.3 150.3 155.7 161.3 168 174.6 178.5 179.7 178.4 182.5 179.3 183.1 190.1 194.4 197.6 198.4 196.7 193.6 192.5 194.3 195.8 194.3 192.2 188.7 185.3
54.9 55 55.1 55.2 55.5 55.6 55.2 54.8 54.8 54.7 54.9 55.2 55.6 55.7 55.9 56.1 56.3 56.5 55.2 55.3 55.5 58.8 59.6 58.5 58.8 59 59.9 59.9 59.7 60.4 64.9 70.5 74.5 76 80.3 84.8 92.7 107.5 118.6 127.8 134.7 139.6 140.4 126.8 115.7 114.6 113.9 111.3 114.7 119.8 123.4 125.6 127.9 131.6 137 142.7 147.4 151.4 156.4 164.4 172.6 176.6 177.4 176 180 175.7 181.5 188.6 190.6 193.8 194.7 193.6 191 189.1 191.5 193.4 191.1 190.2 189.2 187 183.7
54.3 54.7 55 55.2 55.2 54.9 54.6 54.9 55.1 55.2 54.8 55.2 55.7 55.9 56.1 56.3 56.4 55.1 54.9 55.5 56.3 60.3 59.5 58.2 58.5 58.8 59.9 60.2 60.5 62.3 68.7 75.5 79.1 81.8 88.2 97.9 111.2 125.3 135.4 143.1 146.4 148 145.9 130.3 119.1 117.8 118.4 116 119.3 123.9 126.4 128.1 132.2 136.5 141.8 145.3 148.7 153.3 159.9 167.1 172.1 173.2 171.8 180.1 172.2 176.4 184.8 188.6 189 190.7 189.7 187.5 184.5 184.7 184.9 185.9 187.2 187.2 185.5 182.9 179.7
53.9 54 54 54.1 54.6 54.5 55 55.5 55.5 54.7 55.1 55.5 55.8 55.9 56.2 56.3 55.5 55.2 56.3 56.8 57.1 58.8 58.6 58 58.3 59 60.2 61.1 62.5 66.7 73.3 80.4 84 89.1 100.7 112.5 129 140.5 149.5 153.8 155.8 152.7 145.2 132.6 121.7 120.4 118.8 118.9 124.4 127.9 131 133.6 135.7 139.2 143 146.5 152.5 157.8 162.6 168.6 170.7 169.9 173.2 168.4 172.2 178.4 180.3 185.7 186.5 184.6 185.2 182.5 180.2 179.7 179.8 181.3 182 180.9 176.9 175.7 172
53.8 53.8 53.8 54.5 54.4 54.3 54.8 55.1 55.3 54.9 54.9 55.2 55.6 55.5 55.5 56.2 55.1 56 56.3 56.2 56.7 58 58.2 58 58.2 59.7 63.2 65.4 67.9 72.7 78.8 83.4 91.7 107.9 120.7 132.5 143.7 152.8 161.5 162.9 163.9 154.9 147.5 137.5 125.2 122.1 120.2 121.6 125.1 128.9 132.4 135.2 137.4 141.4 145.4 149.4 157.1 161.7 164.6 165.4 166.6 169.6 167.8 166.9 172.3 176.8 180.7 182.6 182.7 180.9 176.7 175.9 175.8 176.4 175.2 175.4 175.3 173.5 167.3 165.1 158.7
54 53.7 53.9 54.3 54.5 54.1 54.4 54.8 55.1 54.4 55 55.2 55.4 55.7 55.3 55.8 54.9 55.7 56 56.7 57.1 57 57.3 57.7 58.7 62.7 68.2 70.5 73.1 79.3 84.8 91.3 110.8 125.2 137.1 146 153.3 159.9 165.2 167.1 160 152.9 146.7 138.1 128.7 125 122.9 122.5 124.6 129.2 132.6 135.9 140 142.9 147.8 154.4 159.3 162.8 163.2 161.6 168.9 166.4 165.8 169.2 174.6 178.7 181.2 177.5 176.6 173.1 172 173.6 173.2 172.4 170.9 168.9 165.9 163.4 159.3 154.8 155.7
53.6 54.3 54.3 54.3 54.1 54.3 54.8 55 54.5 54.4 55 55.3 55.5 55 55.2 54.7 54.5 55.2 56.3 56.5 57.1 57.2 57.2 58.1 62.6 70.6 75.8 76.8 80.2 85.8 95.8 111.4 127.3 139.9 149 155.6 159.6 163.7 164.6 161.7 155.6 151.6 146.1 137.6 130.4 127.9 125.4 124.5 125.3 131.5 134.1 136.8 140.4 146.6 151.8 155.9 159.9 160.2 160.6 163.9 163.7 162.5 168 170.1 172.8 175.5 174 173.9 168.8 167.7 170.5 172.8 170.8 169 166 163 160.5 156.1 153.7 152.3 159.2
53.9 54.1 54.2 54.3 53.8 54 54.5 54.4 54.2 53.7 55 55.2 55 55.2 55.7 54.4 54.5 55.1 56.3 57.5 58.2 58.6 58.7 62.1 71.3 78.9 81.4 84.1 88 97.5 112 128.2 140.8 150.1 156.5 160.8 163.2 162.9 161.8 156.7 150.1 145.2 141.3 137.5 132.6 129.7 127.8 127.7 127.2 131 135.4 138.3 142.4 149.7 153.5 155.7 156.2 155.5 157.7 159.8 158.9 163.3 166 168.9 172 168.9 166.2 164.7 162.8 165.5 170.1 170.9 166.4 163.2 160.5 158.7 156.5 152.9 154.7 156.1 161.2
53.5 53.9 54.1 54.2 54.2 54 54.2 53.9 53.6 53.3 53.2 53.5 54.4 55.2 55 54.4 54.7 55.1 58.9 61 61.1 61.5 64.4 68.7 77.9 82.2 85.5 89.5 99.2 115.2 128.8 139.3 150.1 156.9 160.5 162.6 162.9 159.2 156.4 150.6 146.3 143.1 140 137 133.3 132.4 130.6 129.5 127.5 133.1 138.6 139.6 146.2 150.9 150.9 151.8 151 149.9 154.3 155.1 156.6 161.4 161.9 163.2 164.1 165.3 162.8 160.6 158.6 162.4 164.7 165.4 162.3 158.1 155.7 154.8 151.7 145.8 151.4 157.7 161.9
53.2 53.5 53.6 53.5 53.7 54.3 52.9 53.5 54.3 54.9 56 56.8 54.8 55.3 54.1 54.8 57.7 60.9 62.7 63.4 65.2 67.4 74.2 77 83 86.6 93.6 104 115.4 128.9 139.8 148.7 154.3 159.2 161.5 161.7 159.1 154.2 149.4 144.8 143.9 142.4 140.3 137.2 135.5 134.4 133.4 130.5 130.3 136.7 141 146.4 149.9 149.4 146.5 146.3 146.4 149.1 150.4 150.2 155.9 155 158.8 163.3 159.7 158.2 158 156 155.6 158.4 160.2 159.3 156.6 154 151.7 149.5 145.6 142.9 149.5 155.9 160.8
52.2 53.5 52.9 53.8 53.9 53.6 53.5 53.8 54.4 55.6 56.7 60.5 64.2 60.4 56.5 58.4 62.2 64.9 66.2 67.2 69.8 75.1 79.4 82.8 87.3 98.6 111.9 121.9 130.8 141 148.1 151.3 155.5 159.2 160.3 157.7 157 152.5 146.8 143.6 142.6 142.1 139.4 136.8 136.4 137.1 134 130.5 136 140.1 143.6 148.7 149.3 145.8 138.8 138.8 142.1 144 144.3 145.9 148.7 151.5 156.9 153.4 151.3 152.3 152.7 152.1 155.6 158.2 158.6 156.3 151.3 145.8 146.2 144 142.4 144.7 148.3 151.9 156.6
53.3 52.2 52.5 53.4 53.6 53.7 54.3 54.4 54.1 55.8 61.6 67.2 70.1 67.3 63.4 60.4 65.1 67.4 69.9 71.4 75.5 77.9 81.6 87.2 99.8 112.8 126.6 136 143.6 150.5 153.6 155.4 157.5 160.3 157.8 158 154.2 148.6 144.3 143.3 141.5 140.7 137.4 135.6 137.7 137 132.4 133.1 140.3 144 146.1 147.4 144.7 139.9 132.9 133.1 137.3 134.9 139.8 145.1 145.3 149.2 148 148 149 148.9 149.5 154.2 157.6 159.1 157 152.6 143.8 139.4 140.2 143 143.7 146.1 147.7 149.9 153.4
60.6 57.1 55.1 52.3 53.5 53.4 53.7 54.7 54.2 58.9 66.7 72.5 72.8 71.3 64.9 62.3 67.1 70 72.7 75.9 79.3 82.2 87.5 99.3 113.2 126.2 137.2 145.5 152.2 156.2 157.7 157.4 158.1 158.4 157.6 155.5 149.6 145 142.7 141.4 140.3 138.6 135.2 134 135.6 134.6 132.3 137.9 141.6 145.9 145.8 143.3 138.4 132.8 127 132.8 130.3 132.3 137.8 139.7 142.4 144.2 144.5 146.3 146.6 145.9 150.9 153.8 155.6 154.6 152 144.8 138 137.3 143.3 143.5 146.6 149 150.4 150.8 154.3
62.4 60.5 54.3 53.1 53.3 53.3 54.1 56.7 59.1 65.6 70.4 72.5 72.6 71.1 66 67.4 69.1 71.9 74.5 78.4 82.6 87.5 96.6 112.2 123.8 134.5 143.5 150.3 155.3 158.6 159.9 160.5 161 155.5 155.2 153.8 147.3 144.3 141.2 138 138.2 134.8 132.3 132.2 134.6 133.5 133.2 136.5 141.8 143.5 140.8 135.9 128.3 124.3 124.6 127 127.3 130.4 133.8 134.4 140.9 140.2 141.3 144.5 143.6 147.4 148.7 149.1 146.8 145.2 141.6 135.6 135.9 141 143.6 146.6 149.9 152 150.8 151.2 154.6
63.4 55.5 54.7 54.1 53.9 54.7 58.6 62.5 65.5 67.6 69.8 72.1 72.2 69.9 68.6 71.3 73.3 75 78 83.6 91.2 102.3 112.1 121.7 130.4 139.2 146.6 152.5 155.4 157.5 159.3 159.3 158.3 152.2 151.4 149.1 146 142.5 139.6 136.5 133.8 131 130 131.6 133.7 132.9 137 138.5 140.8 138.8 133 125.6 122.2 122.1 122.5 123 124.3 125.2 127.8 132 134.6 133.7 138.2 139.9 140 144.7 143.5 139.3 137.4 135 134.2 134.2 137.9 142.3 145.8 148.7 151.6 151.8 150 151.4 155
64.9 56.3 56.8 55.6 58.8 62.2 65.1 65.7 67.2 65.4 66.8 70.4 71.8 71.7 71.3 73.6 76.4 79.4 83.6 91.7 106 116.3 124.3 130 135.1 144.2 153.1 154.1 150.8 153.1 154.7 154.7 154.2 152.2 146.5 142.8 140.3 139.1 137.2 136.5 128.7 128.5 129.3 131.7 132.9 138.6 140.9 140.8 139.3 131.8 123.5 120.7 120.8 121.5 123.6 123.7 123.5 123.8 124.6 125.9 126.5 128.4 132.4 135 140.5 138.6 133.7 131.5 131.8 133.4 134 136.4 142.3 147.2 148.7 150.6 151.7 149.5 148.3 150.3 153.4
57.5 56.1 56.5 58.2 63.3 69.6 68.6 68.2 68.4 68.5 66.2 70.5 71.9 74 74.9 75.1 78.9 86 92.6 105.7 119.5 128.4 133.4 136.6 139.3 145.5 149.1 148.6 146.4 146.5 149.8 152.3 149.2 149.2 142.2 139 137.2 136.3 134.7 131.6 124.2 126.8 129.7 131.3 131.8 138.3 142 140.2 133.7 122.6 120.2 123.4 126.5 132.7 135.3 136.6 133 126.8 127.6 126.5 125.5 125.9 127.4 130.6 131.7 129.7 130.9 135.4 137.6 137.6 138.7 135.5 141.7 144.1 143.9 145 146.3 144.9 144.6 146.7 149.6
57.8 60.7 60 62.5 65 70 71.9 71.6 70.2 71 70.6 70.9 74.4 76.8 79.2 80.5 85.9 94.4 105.1 118.9 127.8 135.1 136.9 140 142.2 145.2 146.2 147.6 146.4 146.7 150 148.8 145.3 144.1 138.8 137.4 135.2 133.3 132.2 126.3 121.4 124.9 129.7 129.7 131.5 136.2 141.4 135.8 126.3 118.2 124.5 132 137.3 144.5 148.4 146.4 139.7 136 137.5 133 130.6 128.4 128.5 128.1 130.1 136.4 139.6 142.7 145.2 143.6 144.8 143.1 140.6 141.4 140.4 143.2 143.6 143.8 144.5 145.4 145.8
65.6 67 67.7 69.5 70.3 73.1 74.2 73.4 72.7 72.5 71.1 74.7 76.9 79.3 82.7 87 94.9 105.5 118.4 126.7 132.4 137.7 139.7 143.1 145.3 147.4 148.8 149 147.9 151.7 152.5 148.6 145.9 139.2 136 134.5 131.3 129.3 130 120.5 119.2 125.5 127.6 126.8 130.2 133.9 135.7 129.8 119.7 118 129.9 138.8 145.2 150.5 153.8 149.7 144.8 145.5 146 144 142.7 139.9 137.7 138.5 140.9 144.1 148.1 150 151.7 148.7 148.6 148 147.1 145.7 145.3 148 149.5 148.3 148.8 147.5 147.3
66.2 70.8 71.6 72 73.5 75.8 76.1 77.1 75.9 73.9 75.5 78.5 80.5 84.1 87.9 91.7 102 114 128.5 134.4 138.2 141.3 143.3 145.1 148.9 150.4 151.7 151.3 151.9 152.4 150.2 146.4 146.8 139 133.8 130.5 129.3 125.9 122.1 117.2 118.2 123.4 125.2 129.1 131.3 134.5 131.7 122.8 119.6 124.3 133.7 141.9 148.1 152.7 153.6 152.5 153.4 154.9 150.8 149.9 149.6 148.6 146.6 146.5 148.7 147.6 153.2 153.7 151.1 152.1 154.3 153.5 152.6 151.5 149.2 153.3 154.1 152.9 154 155.3 154.5
69.1 71.6 73 74.3 76.3 78.5 79.8 79.7 75.9 77.9 81.1 84.6 88.4 91.3 98.3 101.1 107.1 115.4 128.6 136 139.8 141.8 143.1 146.7 149.9 152.4 153.2 153.1 152.9 150.9 146.5 143.6 142.5 137.7 128.9 127.2 126.7 124.5 120.4 115.8 116.4 122.1 125.2 134.5 134.1 133.9 126.2 119.7 124.1 130.1 137.1 142.7 149.9 155 156.2 157.6 161.1 158.2 154.7 152.7 153.3 152.6 151.5 152.9 155.6 152.3 151.9 153.9 153.6 156.5 158.9 160.7 160.6 158.5 157.1 156.6 157.3 157 157.1 158.2 158.9
70.3 72.7 75.9 78.7 79.7 80.6 81.9 79.8 79.4 87.5 91.1 94.5 99.3 103.5 109 114.8 113.7 119.1 126.5 135.1 138.9 141.4 143.2 147.2 150.2 151.1 151.4 152.6 150 145.8 143.7 140.1 135.5 131.3 124.3 122.8 122.9 120.7 114.1 113.1 118.6 123 129.1 134.4 135.4 129 118.1 122.9 129.9 137.2 142 146.5 154.9 159.5 161 162.8 164.7 162.4 159.1 156.5 156.3 156.4 155.4 157.2 157.8 155.4 158.2 161.5 163.5 164.6 166.4 166.4 165.4 164 161.4 159.8 160.4 161 160.8 161.3 160.4
73 75.6 78.8 80.8 82.9 84 82.9 81.5 84.1 94.2 103.1 105.1 108.8 112.7 117.8 123.4 123.4 129.6 128.9 133.5 138.4 141 145.1 147 148.9 148.8 148.8 148.6 144.8 140.4 137.3 133.8 127.3 124.6 121.6 119 117 114.9 112 113.6 118.3 122.7 128.6 132 135.5 123.6 118.4 126.8 132.1 140.1 145.6 151 158 162.1 164.6 164.6 163.5 161.6 159.2 158 157.3 156.6 157.5 159.7 160.9 164 167.1 169.1 170.1 170.6 170.4 170.1 168.1 166.2 163.7 162.4 162.2 162.8 163.5 164.2 163.8
74.5 77.2 81.6 83.7 84.7 85.4 85.3 88.7 88.5 94.5 102.6 111.3 114.4 119.6 123.9 126.3 129.5 137.1 139.1 135.2 138.8 144 146.1 146.3 145.3 145.5 145.9 145.6 144 137.1 128.9 123.6 122.2 120.9 119.6 116.8 114 111.4 111 114.1 119.3 122.9 127.3 132.1 133.5 119 121.3 129.4 135.5 142.2 147.1 155 161.6 165.4 165.5 163.7 161.8 160.2 159.1 158.4 158.1 158.2 159.5 163.4 168.2 171.2 173.4 174.8 175 174.7 174.2 172.6 170.2 167 164.5 164.6 164.6 165.3 165.9 166.5 166.4
75.4 79.3 82.5 84.3 86.1 85.6 88.5 90.9 94.9 97.4 102.8 113 119.6 121.4 127.5 131.3 135.4 143.7 143.1 143.6 140.7 144.4 146.4 143.9 140.7 141.7 142.2 141.6 138.7 131.6 124.4 118.6 117.9 116.9 115.5 114.5 112.1 109.3 111.5 117.2 122.6 124.4 129.3 133.7 126.5 115.7 120.6 130.1 135.1 142.2 151 158.1 164.8 168.1 165 162.4 160.3 159.7 160 159.7 159.4 159.8 161 164.9 169.8 175.4 178.6 179.3 178.4 176.8 174.6 172.6 169.5 167.4 165.5 166.4 167.1 167.7 168.2 168.8 169.2
78.4 83.1 83.7 84.5 85.7 87.6 89.6 92.4 100.4 101 105.1 116.8 126.1 129 133.8 138.6 141.2 146.5 147.5 147.3 142.7 141.9 145.7 139 133.8 136.4 137.1 139.3 136.1 124.8 116.6 114.9 113.5 112.6 112.3 112.4 110.7 108.6 113.6 123.3 126.6 128 127.7 121.4 115.4 111.1 121.6 132.8 139.8 144.4 153.1 161.6 167.1 169.6 164.9 161.2 158.8 159.2 159.7 159.3 158.6 159 160.5 163.9 167.3 173.1 178.4 178.9 177.4 174.7 172.7 170.3 168.4 166.6 165.6 167 167.5 168.8 170.1 170.8 171.9
83.9 85.5 85.8 85.9 87.4 89.3 91.3 94.7 104.7 106.7 109.6 122.5 131.2 134.3 137.9 144.7 145.9 148.8 150 150.2 144.2 134.6 136.3 130.2 129.9 131.5 132.1 133.6 132.8 122.8 114 110.7 109.6 109.6 112.1 113.5 111.5 110.1 117.9 127 127.3 125.5 117.6 111.4 109.4 115.1 124.4 135.4 143.4 148.6 155.7 161.3 166.4 166.1 162.8 160.1 157.8 158.5 159 158.7 158.5 159.2 160.9 162.3 165.3 169.3 172.9 174.6 173.5 171.6 169.2 167.6 166.5 165.4 165.7 166.9 167.8 169.1 170.6 172.1 173.7
86 87.3 87.8 88.3 88 89.3 91.9 96.7 106.7 110.1 116.4 125.8 133 139.1 143.5 148 149 148.3 149.7 149.7 139.9 131.6 127.6 125.3 126.2 127.9 130.3 129.8 130 123.9 113.4 107.1 106.1 107.9 113 115 109.2 113.8 123 126 123.6 118.7 110.2 109.2 113.4 120.1 131.9 138.8 145.9 150.9 154.8 159 162 162 160.1 158.2 157 157.6 158.2 158.8 158.5 159.4 160.7 162 163.2 166.2 168.5 169.1 169.1 167.3 165.3 165 164.5 165.2 166.1 167 168.4 169.8 171.3 173 174.5
86.2 87.7 87.6 87 87.4 90.3 93 98.6 108.6 110.4 115.5 124.2 133.6 141.5 146.6 149.7 148.3 148.5 150.9 149 142.8 127.8 122.1 123.3 125 126.8 128.2 126.3 123.9 122.6 110.8 104.4 103.4 106.2 107.9 110 110.5 117.4 124.2 123.2 119.8 115.5 107.5 113.6 121 129.1 134.8 142.4 148.8 150.9 151.9 155.7 156.6 157.5 157.5 157.2 157.5 158.2 158.9 159 158.2 158.9 160.1 161.3 161.8 162.7 164.4 164.8 165 163.5 163.9 163.6 164.8 165.8 166.7 167.6 169.1 170.5 172 173.8 175.3
86.3 86.3 85.5 85.7 87.9 91.9 94.4 97.8 102.8 111.2 116.9 125.6 133.8 141.5 146.5 146.5 147.3 150.7 150.9 148.4 137.7 122.2 122.3 124.2 126.6 126.7 124 121.5 121 118.9 106 102.9 100.5 102 104.6 105.5 111.9 115.7 116.7 116.8 114.7 107 112.5 119.9 124.4 135.4 139.9 143.2 146.8 147.9 149.5 152.2 155.5 156.5 158.3 156.6 157.2 159 159.9 157.4 157.3 158.1 159.5 159.8 159.7 159.6 160.3 160.8 161.7 162.5 162.9 163.8 165 166.1 167.2 168.2 169.7 171.2 172.7 174.1 173.9
84.3 83.3 83.8 88.2 92 92 93.9 97.2 102 114.1 116.8 124.2 133 137 139.7 141.8 142.4 147.4 149.9 147.6 132.3 120.2 119.1 125.7 133.4 128.6 125.6 121.7 116.2 109.1 103.2 98.5 97 98.1 99.2 103.1 106.5 108.7 109.4 111.5 105.9 110.1 116.1 125.7 133.4 139.7 144 146.5 147.6 151.6 153.4 157.1 159.3 159 157.6 155.6 157.8 159.6 158.4 156.6 156.6 157.4 157.8 157.7 157.9 158.4 159.1 160 160.9 161.6 162.7 164 165.3 166.4 167.2 167.2 168.5 169.1 169.5 169.7 169.5
81.2 83.3 85.4 92.3 93 94.6 96.5 100.4 104.4 108 115.6 124.3 128.2 132.1 132.2 132.8 136.6 144.8 145.6 142 124.7 112.6 119.8 127.9 130.8 131.5 129.2 120.8 112.2 101 96.1 95.6 96.6 97.3 101.2 102.1 103.2 105.1 103.1 102.5 109.2 117.8 123 129.8 138.2 143.9 147.3 148.9 151.8 156 158.1 161.5 160.8 158.6 156.4 155.9 157.8 158.1 156.1 156.1 155.9 156 156.2 156.7 157.2 157.6 158.4 159.3 160.1 161.3 162.8 164.1 165.2 166 166 165.8 165.6 165.3 165.5 165.4 165.2
