public/OST50/SN74.asc
ncols 200
nrows 200
xllcorner 270000
yllcorner 240000
cellsize 50
[rows 0 to 34 of 200, columns 78 to 155 of 200]
323.9 320.6 321.9 316.4 311.8 303.1 309.7 322.6 332.9 338.8 335.9 329.2 315.6 291.9 270.9 269.6 288.2 306.8 328.6 350.6 376.2 395.7 408.8 410.9 410.9 412.6 410.9 410 409.2 410.1 410.6 412.8 410.9 413.6 412.3 410.2 405.1 394.5 386 377.6 372.7 371.2 364.8 356 348.2 328.6 304.6 297.1 319.3 329 306.5 280.4 256.7 233.8 216 199.7 194.2 215.8 235.9 256.9 282.1 308.9 340.8 377.1 388.9 403.6 409.3 410.4 412.5 417.3 419.3 422 423.1 419.4 416.7 411 410.9 410.9
329.2 330.9 331.4 330.9 328.8 313.8 289.6 304.4 314 317.1 317.7 314.8 306.8 293.1 272.2 275.3 295.8 316.1 335.2 360.5 381.6 399.6 409.8 410.9 410.9 410.9 410.1 408.6 407.8 409.6 410.4 412.5 413.4 412.6 412.2 409.9 403.4 395.8 390 381 375.1 372.2 367 364.3 358 334.7 308.1 292.1 311.3 317.3 300.1 276.4 250.6 232.6 213.8 195.8 191 201.6 221.1 244.3 272.7 299.4 328.2 363.7 396.2 405.9 408.2 409.8 413.3 416.8 418.9 422 423 419.2 415.4 412 410.9 410.7
340.8 344.2 344.8 350.8 342.3 329.4 303.7 282.7 296.7 299.1 300.7 302.8 303.4 293.6 270.4 277.9 300.7 321.3 338.5 354.6 376.2 397.8 410.2 410.9 408.8 406.9 407.4 407.4 406.5 408.4 410.1 411.8 410.8 410.5 410.9 409.5 403.1 398.4 392.7 381 376.4 373.6 371.2 369.5 351.1 327.3 311.2 292.6 297.8 299.3 292.9 275.6 245.4 227.5 211.7 198.2 192.3 198.2 225.5 252.9 286 313 341.1 369.8 403.1 408.9 408 409.4 412.7 415.7 418.5 421.1 420.4 419 414.9 411.6 410.7 406.1
356 360 363 362.1 353.2 340.8 320.9 294.8 281.1 284.2 288.9 298 302.8 300.4 275.3 270.7 282.5 299.7 313.6 335.5 361.5 391.2 406.5 406.3 404.1 402 403.4 404.4 405.4 407.3 409.1 408.9 407.9 408.8 410.4 409.6 403.6 397.6 391.7 379.3 377.7 375.4 372.7 361.8 341.5 324.7 312.8 298.7 279.6 273.4 275.6 268.2 239 229 215.6 197.6 186.3 211.7 237.3 270.3 297.1 324.7 352.6 383.4 404.4 403.6 404.7 408.9 411.9 414.7 417.7 419.5 419.5 419.6 417.7 413.8 409.7 403.7
369.6 372.3 370.1 362.4 350.9 334.6 314.4 295.8 280 279.1 279 280.2 275.6 270.5 269.2 269 270.4 264.4 293.9 317.8 348.1 379.8 401 400.5 399.5 399.6 401.1 402.9 404 405.9 405.4 405.1 406 407.4 408.8 409.1 407 400.2 390.2 379.3 378.1 376.9 369.2 355.2 339 330.6 324.4 317.1 309.9 291.6 271.8 256.5 241.6 235.8 220.6 192.6 195.9 224.9 250.6 286.7 311.5 335.2 364.1 393.1 397.4 398.6 402.5 406.6 410.9 414.7 418.1 419.6 419.9 420.2 420.6 417.2 413.3 409.1
379.9 375.2 367.1 358.8 346.9 324.6 303.2 292.4 295.4 300.9 300.9 299.9 294.2 295.3 293.5 286 275.4 257.8 255.8 298.7 334.8 370.5 395 395.2 394.7 397.2 398.7 400.3 401.6 401 400.6 400.5 402.3 404.3 406.3 408 408.9 402.2 390.3 379.3 380.9 378.9 369.9 354.5 346.4 342.2 338.2 334.9 340.8 321.7 300.5 274 252.7 240.6 217.2 191.6 193.7 221 252.2 287.3 315.9 343.1 369.8 386.7 391.2 394 397.1 402.3 407.4 415.9 419.2 420.2 420.6 421 420.5 420.3 417.1 413.8
380.2 375 366.5 354.5 335.4 313.6 305.1 305.4 313 319.2 316.1 317.5 324.1 328.1 316.5 305 281.8 255.7 254.3 293.2 332.9 366.6 390.7 390.3 390.8 394.8 398.7 399.4 399.3 395.5 394.6 395.7 398.4 400.4 402.6 406.3 408.3 398.6 390.7 387.7 388.1 381.6 371.2 361 361.4 358.9 352.6 355.8 355.9 332 304.7 275.3 252.7 231.7 204.1 183.5 201.7 229.3 260 294.8 327.2 352.2 374.2 388.1 392.3 391.1 387.3 398.3 409.4 416.6 421.1 421.7 422.3 424.2 423.8 422.2 419.7 420.2
379.8 371.7 359.8 342.6 320.6 321.2 318 323.3 332 336.6 337.2 346.7 358.4 349.2 330.7 305.5 281.2 254.8 256.8 290 329 373.4 372 386.4 390.6 395.5 399.8 400.3 399.4 391.6 389.6 390.3 394.8 399.1 402.5 403.7 404.9 399 397.7 396.7 392.1 385.9 377 372.1 375.6 371.9 369.3 372.9 351.7 322.8 296.6 260.2 238.1 210.9 190.8 188.4 212.2 243.1 275.3 310.6 338.3 362.5 379.5 391 393 384.8 375.3 389.8 407.5 418.3 421.7 423.2 424.3 426.1 427 425.8 423.3 421.1
375.6 364.4 352.8 342.6 338.2 335.6 334.3 341.2 349.1 350.3 359.7 370.9 364.1 352.3 324.2 299.5 276.7 252.7 247.3 280 319.7 350.9 352.1 383 391.2 397.7 400.1 399.7 397.6 388.8 380.2 383 392.5 399.4 401.7 403.3 404 399.9 399.5 397.7 395.4 390.4 380.5 381.1 382.5 379 380.9 376.3 345 313.6 282.1 249.7 220.1 197.7 181.3 203.2 232.3 262.4 294.5 329 353.7 373.6 388.1 390.1 388.4 374.1 366.1 383.2 404.5 414.2 420.5 423.9 426.1 428 429.6 428.6 426.6 422.3
378.6 374 366.3 361.5 356.8 353.8 355.5 355 357.7 366 378.3 376.5 368.5 349 316.2 292 271.4 244.9 245.9 277 306.4 308.9 347.9 386.5 393.6 398.6 400.5 398.8 392.5 383.2 374.2 378.5 390.2 399.2 400.5 401.2 399.8 399.2 400.1 397.8 396.2 391.7 388.3 389.8 388.8 388.7 387 373.6 343.4 304.9 272.9 241.5 211.8 188.7 193.1 220.2 248.7 285 315.3 346.3 365.7 378.4 384.1 385.9 380.4 361.7 357.1 375.4 401.3 412.1 419.3 424.6 426.2 427.2 430.4 429.1 426.2 422.3
392.8 389 380.2 377.4 372.7 372.5 370.7 367.5 377.4 385.2 389.3 383.5 374 344.9 315.5 289.4 268.5 245.3 243.6 263.8 278.8 292.5 331.8 379.4 392.6 400.1 400.2 395.1 388 377.5 369.3 372.9 385.9 393.2 395.7 398.3 398.9 399.6 400.3 398.4 396.2 391.7 391.3 392 390.4 390.7 382.6 370 343.1 303.1 263.7 231.6 203.6 179.3 200.8 231.4 264.6 302 333.3 360.2 372.1 379.4 380.8 381.5 366.8 348.1 351.8 372.5 396.8 409.8 419 425 426.8 426.9 426.4 426.5 422.8 420.4
403.8 398.5 395 389.6 383.9 380.5 377.1 380.1 387.2 393.5 389.8 383.2 370.6 340.4 312.5 288.9 266.8 251.8 248.2 247 245.7 279.5 312.2 349.3 386.9 396.2 395 390.4 382.7 373.8 363.8 364.2 379.2 387.3 391.1 395.9 399 399.6 399.7 399.6 395.4 392.8 395.1 397.6 393.8 388.4 379.7 365.8 341.4 302.8 258.8 224.3 197.8 178.8 205.6 236.1 282.8 320.6 346.7 361.3 367.3 369.1 371.6 371.1 353.2 335.4 347.3 369 393.9 411.8 420 424.7 426.2 426.6 425.7 423.5 420.1 412.9
408.1 404.8 400.4 396 392.1 385.3 384.8 387.8 391.4 392.3 389.5 381.2 368.8 341.7 312 286.3 268.1 262 256.9 248.3 235.3 264.1 296.9 332.5 373.7 385.7 387.1 382.2 375.3 367.3 357.6 355.6 370.3 383 391.5 396 399.2 399.1 398.3 396.6 392.7 394.8 396.2 399.2 393.6 384.8 376.5 365.5 343.1 299.9 254.2 222 193.2 180.7 204.7 235.4 265.6 304.3 330.7 332.3 343.3 354 360.7 351.8 338.9 328.3 346.7 367.5 395.3 411.2 420.7 425.9 428.6 426.9 424.1 422.2 419.2 417.8
411.3 408.9 404.5 401.1 397.7 392.7 391.7 391.4 391.2 390.6 387.3 381.7 374.1 340.5 313.1 285 273.6 268.3 267 247.9 227.8 255.1 287.2 335 359.2 366.5 371.6 368.8 365.5 358.3 346.4 349 365.5 381.3 391.8 397.2 399 396.5 393.8 391.9 395.1 397.8 400 395.3 387.8 380.3 369.9 363.5 343.6 301.5 257.6 224.3 194.7 178.6 200.4 228.5 253.4 277.3 292.6 306.2 320.3 334.3 332.2 323.8 314.9 327.1 348.6 369 394.4 413.5 422.1 428.8 431.3 430.1 425.7 420.6 419.8 415.8
414.1 412.6 408.8 408.8 404.5 399.7 397.1 391.9 390.5 389.3 388.8 384.9 363.5 336.9 308.4 287.4 277.3 269.9 265 251.5 226.3 242 266.6 302.1 312.9 326.9 338 350.2 353.7 345.9 331.2 344.6 362 376 388.8 396.6 398.9 394.9 391.3 397.2 399.8 398.9 396.6 389.4 380.7 373 368.3 363.6 343.9 301.8 258.8 227.3 198.2 175.7 192.4 218.3 241.5 257.6 274.1 285.6 296.6 303.1 300.9 296.8 315.4 334 352.7 373.6 399.7 420.4 427.6 429.9 431.5 431.8 429.5 420.5 415 407.5
417.1 415.6 413.4 410.5 407.8 399.9 396.7 394.8 391.7 391.8 394.4 382.4 358.6 331.3 309.6 288.3 281.9 277.4 270.9 263.1 248.5 219.2 235 248.8 269.9 288.5 310.2 333.1 343.7 332.6 325.5 345.5 360.2 372.9 384.6 393.2 393.7 390.8 396.7 399.4 399.6 400.6 396.9 388.7 375.2 369.1 366.8 361.2 340.3 302.5 261.8 227.9 201.9 180.9 186.3 204.9 225.4 241.6 257.9 267.3 274.8 273.8 276.4 300.8 325.2 345.3 362.8 384.5 410.1 425.5 428.6 429.2 429.4 429.9 424.2 415.7 407.7 401.7
420 419.9 415 410.9 403.8 399.3 396.2 394.4 395.3 398.2 392.6 378.5 358.5 332.6 309 298.6 302.4 297.6 296.1 287.5 276.6 248.8 240.5 217.3 239.2 258.3 283.2 320.9 330.3 317.1 321.3 340.7 354.4 369.6 378.8 386.7 388.5 391.3 397 399.2 400 400.8 394.4 383.7 373.9 369.7 367.8 357.1 341.3 319.9 277.3 245.2 216.9 189.6 179 194.4 209.6 226 239.6 247.8 249.2 256.6 286.6 315.8 338.9 356.4 375.6 398.2 416.7 424.4 428.6 429.5 427.4 420.6 415 409.1 404.1 394.7
420.2 420.6 416.7 408.9 398.6 397.9 398.9 398.3 398.4 398.4 390.1 377 356.3 333 316.8 321.9 323.7 328.7 330.5 316.9 315.3 293.7 265.7 235 209.1 234.7 270.7 299.2 308 301.5 310.2 328.4 345 360 367.8 376.7 384 390.1 396.4 399.9 400.7 397.5 390.8 382.7 374.5 370.5 365.4 356 342.9 330.2 296.6 268.2 229 197.3 172.8 183.3 199.1 209 215 218.9 239.1 266.4 301.2 330.7 349.7 369.8 391.9 407.5 419.6 423.3 427 429 422.9 415.7 408.8 403.4 400.7 389.9
420.3 419.6 413.4 399.2 392.3 394.2 398 399.8 400.3 398.2 387 372.5 353.5 337.2 339.4 345.9 350.5 353.4 352.7 351.4 350.7 330.7 296.4 258.6 231.2 206.2 232 267.2 292 295.3 290.9 309.6 329.8 325.7 350.5 367.8 384.3 389 393 400.1 400.3 392 383.7 380.1 373.9 370 360.7 352 341.4 325.1 303 279.1 242.8 210.9 185.7 176.5 186.4 190.9 199.7 224.5 248.8 275.4 308.5 338.7 363.3 385.9 401 413.6 420.6 424.8 429.6 426.2 418.2 411.5 404.1 397.1 395.5 391.5
419.4 410.8 401.8 389.9 389.3 391 396.3 399.6 401.2 396.4 383.9 371.2 359.9 357.9 360.5 361.8 368.3 365.4 361.1 360.7 353.9 341.6 313.4 276.8 267.6 236.2 203.3 244.8 270.2 268.9 277.9 281.1 280.6 298 342.7 351.2 359 371.7 370.4 395.2 393.8 385.5 380.1 377.7 375.4 368.9 361 352.2 341.3 322.2 303.4 289.8 264.5 228.5 198.9 176.9 171.9 190.3 209.2 235 262.9 286.5 316.9 345.1 374.4 398.4 411.2 417.3 420 422.6 426.3 420.5 413.3 407.8 396.7 391.4 387.5 374.3
412.2 404.4 393.5 391.7 389.5 392.8 399.5 401.5 401.1 395.7 381.7 377.7 372.5 371.2 370.2 373.7 373 369.3 361.6 351 341.4 330.5 317.1 307.7 286.9 245.8 213.1 216 229.5 244.8 261.4 234.6 233.7 276.8 289.2 311 323.3 340.2 332.4 359.8 367.4 374.8 378.6 379.5 376.5 368.4 363.2 356.3 342.4 325.5 302.8 293 274.6 226.5 200.6 181.2 170.3 183.7 214.8 243.1 273.2 303 328.7 357 387.5 407.2 417.3 421.1 420.4 419.8 421.2 415 409.8 405.9 388.1 382.4 374.3 360.9
401 393.6 390 390.4 391.2 397.6 402.6 403.8 400.8 394.6 387 381.9 379.5 377 375.5 377.6 376.4 369.4 360.5 353.2 346.9 338.9 326.6 317 305.6 272.1 234.1 196.5 203.6 218.8 224.4 206.4 221.3 240.1 260 269.8 275.9 286.5 294.5 314.3 341 356.9 370.1 377.7 374.6 369.5 365.8 356.6 346 327.2 302.7 276.3 247.5 217.4 194.2 177 167 192.4 220.6 250.5 283.3 311.1 343.5 372.7 396.2 410.8 417 421 420.8 418.6 417.6 410.2 404.7 395.4 380.9 374.5 358.4 347.9
388.3 383.3 389.2 393.5 399.3 403.6 406.3 407.8 403.1 398 392 385.1 382.1 383.7 380.8 381.2 379.5 370.8 364.3 365 357.1 341.5 332 326.1 324.8 303.5 272.7 230.9 205.7 191.6 189.7 190.3 201 213.4 227.8 226.4 234.8 245.6 260.6 285.3 307.3 315.8 343.1 361.5 372 371.5 367.9 358 347.3 330.1 296.4 263.3 233.1 205.8 185 170.5 179.9 203 230.8 260 294.9 328.2 359.5 381.1 396.7 406.3 411.9 417.2 417.3 413.9 410.9 406.2 401.7 387 374.3 363.2 348 334.6
382.1 386 393.8 401.7 406.6 408.1 411 410.3 407.7 398.5 393.2 388.7 387.4 387 383.8 381.6 377 375.4 373.1 369.1 360.6 343.5 341.6 343.2 339.9 327.9 309.6 267.7 239.6 221.8 202.5 189.9 183.9 190.5 193.8 196.6 201.7 214.6 229 254.2 270.9 285.8 315.1 337.1 361.8 369.8 366.2 359 350.8 321.1 282 251.2 221.9 195.4 178.5 168.7 188.4 209.9 239.2 271.5 307.7 337.2 362.8 380.8 388.7 398.7 404.9 411.8 411.4 408.7 405.9 400.2 393.2 381 367.5 353.8 343.9 337.7
384.1 393.7 401.1 408.7 412.8 413.3 411.7 410.8 409 400.5 392.8 390.1 391.4 389.7 386.7 382.8 380.4 380.1 376.3 371.9 361.6 350.9 356.7 356.1 353.2 344.5 336.5 293.6 281.3 253.5 227.2 206.9 200.7 196.7 190 182 173.6 187.8 203.2 220.8 235.4 263.5 301.6 346.6 359.9 363.1 362.3 357.9 348 311.2 267.6 240.9 213.1 187.8 170.1 174 192.6 222.4 247.8 281.3 318.8 343.7 364.5 381.6 390 393.5 397.8 404.5 406.4 403.5 400.6 395.6 389.6 376.4 361.2 351.1 348.1 334.1
391.6 399.6 406.7 413.8 417.9 417.7 415.5 412.5 409.5 401.3 394.9 394.2 394 391.7 390 387.8 387.3 383.2 379.4 374.1 361.8 358.2 364 364.5 362.9 358.7 358.4 328.5 311.8 279.7 255.6 238.2 237.2 228.4 222.8 215.4 201.3 180 178.5 194.8 219.6 244.7 282.6 327.9 335.2 348.4 350.5 349.4 336.7 299.6 259 229.3 203.5 185.4 165.5 175.9 199.5 227.5 256.6 288.7 327 350.6 369.9 380.3 385.7 389.7 394.1 397.7 399.4 399.7 399.5 393.3 388.6 374.2 363.6 344.1 329.1 316.4
399.2 405.4 412.1 419.1 419.7 419 418.7 415.2 410.3 402.4 400.2 399.6 396.1 393.3 391 390.5 389.6 386.4 382.2 377.8 369.1 368.1 372.1 372.1 373.3 373.5 373.1 363.7 337.1 320 291.4 279.1 281.1 279.6 270.3 251.5 229 204.5 179.7 180.6 201.7 226 260.2 287.4 308.1 324.5 321.5 327.6 299.8 271.5 242.1 216.1 193.5 174.7 164.4 181 208.1 236.8 270.6 301 338.9 358.2 368.1 376.3 381.8 388.7 393.3 394.3 397 400.1 398.2 391.4 379.2 355.8 337.9 322.8 309.1 301.8
405.4 411.5 417.6 420.8 420 419.1 420 418 410.1 403.9 405.1 402.6 399.2 395.8 394.6 394.8 393 389.3 386.1 382 377.2 376.3 378.1 380.1 382.8 384.3 392 386.8 376.5 352.8 327.9 321.4 329.8 336.2 328.7 298.2 258.1 223.3 193.6 169.9 188.8 209.5 227.3 247.1 273.4 278.3 280.9 277.5 261.2 244.9 223.1 201.8 184.9 167.7 166.5 189.5 218.7 247.5 281.1 322.8 351.1 360.6 368.3 374.8 382.2 388.4 391.1 392.7 398 396.8 390.2 374 346.9 328.8 313.7 300.5 288 286.9
408.8 415.6 419.1 419.9 419.2 418 419.7 416 411.3 409.1 406 404.2 400.8 398.9 398.4 398.3 400 395 390.7 387.3 383.7 383.7 385.1 387.1 390.5 395.6 402.2 402.4 393.4 374.1 358.7 353.8 365 366.2 358.1 328.3 278.4 233.5 205.8 180.5 176.8 189.9 204.6 218.6 234.9 241.2 241.9 238 231.7 219.6 205.9 192.5 174.2 162.2 173.6 198.7 226.9 257 295.7 340.6 356.4 363.1 371.4 377.6 382.6 386.6 390.1 393.1 395.3 387.9 368.4 347 322.8 305.8 291.2 277.4 274.1 288.4
409.7 413.9 413.8 415.4 415.1 416.7 419 415.7 412.5 410.5 407.6 405.9 404 403.1 402.5 402.2 401 397 394.3 391.7 389.2 390.3 392.3 394 397.5 406.3 409.8 409.6 400 385.7 376.5 374.8 379.8 378.1 365.6 348.3 313.5 251.3 219.8 193.7 174 173.7 187.8 200.4 207.2 211.2 212.2 209.1 204.8 204.5 195.4 183.3 162.8 164.5 181 208.4 232.3 265.6 309.1 349.3 356.7 363.6 371.3 380.6 386 389.5 390.8 392.5 387.6 367.4 343.8 318.5 299.5 283.9 267.8 262.5 276.7 293.4
409 410.4 410 411.2 411.9 414.4 417.9 415.9 413.8 410.9 408.6 408.6 408.1 407.2 406.6 406.2 405.3 399.8 397.1 394.3 393.4 396.4 398.6 400.7 404.6 410.7 411.2 409.6 402.1 389.6 382.1 386.2 384.2 378.2 371.2 358.7 333.7 277.7 238.9 202.9 184.6 173.7 167.5 186.5 192.9 191.7 191.9 193.3 195.7 200.9 189.1 176.1 159.5 164.5 185.2 206 230.5 258.2 299.5 341.1 352.4 363.1 371.8 379.8 388.3 390.1 390.9 384.9 364.3 340.8 314.5 291.9 277.4 262 250.9 266 282.8 300.2
406.9 408.8 409.2 410.1 410.8 411.4 414.8 414.1 411.2 411.1 411.1 410.9 410.7 410.9 410.3 409.4 408.6 400.6 399.2 398 398.5 401.5 404.5 407 409.2 411.7 411.6 409.2 397.4 390.9 389.5 390.3 384.5 378.3 372.3 362.9 344.8 302.3 259 216.2 192.9 184.5 168.2 164.2 171.1 168.9 170.6 179.4 186.5 192.1 185.8 174.1 157.7 166.8 184.4 199.5 222.5 244.9 278 319.2 351.1 367.7 378.9 381.6 386.5 386.4 379.6 362.8 341.3 312.1 289.2 272 256.7 243.7 255.3 272 289 307
400 400.6 404.9 408.9 409.6 410.2 409.2 410.7 411 410.9 411 411.2 411.3 411.5 409.9 409.3 409.4 404.3 401.8 401.4 403.1 406.6 409.9 411.8 413.3 411.5 411 403.6 393.5 389.3 391 387.1 381.7 376.3 370.4 363 345.7 305.5 258.1 235 211.7 195.8 180.2 167.9 164.9 163.7 162.5 163.1 181.4 185.6 184.3 172.2 159 165.2 180.4 196.1 214.4 237.6 265.3 297.2 348.7 372.8 379.3 381.6 380.3 375.2 360.1 339 308.4 286.1 269 252.9 237.9 247.2 261.5 279.5 297.3 316.6
392.4 397.2 402 406.4 408.3 409.2 409.1 410.4 410.9 410.7 410.9 411 410.6 410.6 408.6 408.9 408.8 407.7 405.7 406.5 407.8 410 414 415.3 412.2 410.8 404.8 396.7 393.6 390.7 389.2 385.5 379.6 373.5 367.4 359.6 343.6 312.9 286 265.2 232.8 214.6 200.5 183.8 164.6 162.7 163.9 161.6 166.8 178.2 181.6 167.5 157.5 161 174.2 190.2 210.6 231.8 254.7 283.5 314.7 350.7 374.2 374.6 368.3 360.1 337.5 307.5 283.4 266.4 251.5 236.2 237.7 251.5 269.9 288.2 306.9 327.7
387.3 394.2 399.4 402.9 404.9 406.3 407.8 409.4 410.6 410.6 410.5 410.1 409.6 407.1 406.8 407.5 407.9 408.7 409.2 410.1 411 411.8 416.8 415.7 411 405.7 400 396.5 393.3 390.3 390.7 385.1 378.4 369.2 363.8 354.5 336.2 324.6 322.1 292.1 261.2 237.3 222.1 207.6 188.6 177 168.1 161 159.5 159.6 162 158.6 156.6 158.5 164.2 181.8 200.1 221 244.1 271.6 293.5 313.6 331.4 346.7 352.6 337.3 306.8 279.3 263.3 248.4 234.2 227.8 242.6 258.4 278.3 299.6 320.1 337.5
