public/OST50/SN74.asc
ncols 200
nrows 200
xllcorner 270000
yllcorner 240000
cellsize 50
[rows 0 to 34 of 200, columns 0 to 77 of 200]
372.5 383.7 389.9 397.6 398.7 390.6 376.8 364.8 352.3 348.6 346 343.3 342 341.7 341.9 342.5 343.5 341.8 341 336.1 336.8 337.9 342 342.9 344.4 348.2 352.5 357.8 360.2 359.8 364.5 366.6 369.8 373.3 379.8 387.1 397.5 414.6 422.3 418.5 413.2 407.8 406 403.6 401.9 400.8 401.4 401.9 404.3 403.5 404.3 404.2 405.1 405.2 402.6 400.2 391.2 380.9 370.7 370.5 376 380.5 386.8 390.9 395.8 397.9 401.8 400.3 399.2 393.9 397 399 395.9 390.2 379.7 365.1 348.6 333.3
373.9 383.9 389.8 393.3 388.3 377.9 367.9 358.5 348.2 344.5 342.2 340.2 339.2 339 339.8 340.7 340.9 338.8 335.5 333.2 337.5 339.6 340.4 341.6 344.7 348.2 351.9 356.8 359.3 369.4 369.3 368.7 369.8 378.6 388.9 395.8 404.1 412.1 416.2 414.1 410.1 408 406.4 405.1 404.2 404.1 404.1 403 405.4 403.5 403.5 402.4 402.9 402.4 401.2 398.4 391.8 385.7 378.7 382.3 388.7 395.2 400.3 402.9 404 405.8 407.3 403.6 402.5 401.1 401.2 402.1 398 386.1 375.3 358.4 343.1 331.2
372.1 381.9 388.6 383.1 375.9 370.4 361.8 351.7 343.3 340.5 338.8 337.6 336.4 336.5 338.7 339 338.6 335.9 332.2 332.4 334.8 336.8 339.5 341.6 344.7 348.1 351.5 354.9 358.4 363.7 368.4 371.2 379.9 391.5 399.9 403.8 408.8 413.7 414.7 414.3 411.5 410.9 410 407.4 406.2 407.1 406.8 405.7 404.7 403.8 402.9 401.4 400.7 401.1 399.5 399.2 394.9 391.8 391.9 396.7 405 410.3 412.9 414.8 411.4 410.3 407.4 406.5 406.4 406.6 406.2 405.8 397.6 389.6 372.1 352 340.1 337.5
369.5 379.3 376.2 372.1 367.4 363.8 355.7 345.1 338.4 337.7 336.4 335.2 334 335.4 337.7 337.4 337.3 333.9 330.2 331.2 333 334.8 338.8 340.7 347.3 350.6 352.5 356.4 359.1 362.5 368.5 376.5 390.5 400.5 405.9 408.7 412.6 415.9 417.4 418.3 415.9 416.1 416.2 415.4 415 412.5 409.3 409 405.9 404.6 402.7 399.8 399.3 399.3 399 398.9 400.1 400.2 400.9 406.6 412.9 417.9 422 421.9 417.2 408.4 408.5 408.4 408.8 409.7 409.9 408.3 403.6 394.6 368.5 354.9 345.7 351.9
363.8 366.1 363.8 360.9 360.5 356.8 350.9 339.3 335.5 336.1 335.1 333.7 332 333.4 335.1 334.9 334.3 331.7 328.9 331.4 335.1 337.8 340.2 343.9 349.1 349.8 355.8 362.3 365.4 368.7 377.2 390.2 397.8 403.6 407.7 411.1 412.3 413.8 417.2 418.6 419.1 421 420 420.5 422.1 419 414.3 411.4 408.2 405.7 401.1 398.9 399 398.6 398.9 399 401.3 402.3 405.8 410.7 416.7 420.9 426 425.3 416.9 410.4 409.7 409.5 410.9 410.4 409.9 410.3 409.1 390.4 370.7 360.2 358.8 365.2
356.6 357.1 356.1 355.8 355.1 351.6 346.5 336.8 334.7 334.7 333.1 331.5 329.9 330.4 331.5 331.8 329.4 327.6 333.6 335.6 338.7 342 342.1 345.2 348.8 353.3 365.3 371.7 374.7 378.4 386.3 396.4 402.7 406.1 408.5 409.8 411.2 410.8 414.3 418 419 419.7 421.8 423.4 424.6 422.7 418.4 414.7 411.5 407.4 401.6 398.9 398 398.4 398.7 399.2 401.5 404.5 408.8 411.3 417.4 422.2 424.7 422.9 413.4 410.4 410.5 410.7 411 411 410.2 410.9 403.9 394 381.3 368.8 370.3 376.2
351.2 351.6 351.3 351.4 351.1 345.4 339.3 335.2 333.5 332 330.6 329.1 327.7 329.4 330.2 327.2 328.9 334.5 337.8 339.7 346.7 352.2 351.6 355.5 363.9 375 380 381.9 383.9 386.7 392.4 401 403.6 405.6 407.4 408.9 410.4 409.8 413.3 416.4 417.7 418.5 422 426.5 428.5 425.8 421.7 418.2 414.3 409.9 401.8 397.7 395.1 396.1 397.2 399 401.4 404.1 407.8 411.8 417.5 419.9 419.3 416.2 409.3 410.1 412.7 411 411 411 410.8 407.4 400.4 394.5 382.7 377.6 383.5 387.2
344.8 343.9 344.3 344.9 341.5 338 334.2 331.2 330.1 328.7 328.2 327.3 326.2 327.8 326.9 323.9 328.3 335 340.5 353.4 361.9 364 366.4 374 375.9 379.4 382.5 386.1 390.1 391.3 397.8 400.3 401.7 403.1 403.2 406.3 409.6 409.3 412.5 415.3 417.4 418.7 424.5 429.7 430.8 429.1 424.9 418.9 416.1 411.7 403.9 395.3 392.4 392.4 393.7 395.6 398.8 402 406.7 410.7 412.6 413.8 411.8 409.8 410.1 413.6 418.9 418 412.5 410.9 409.2 402.9 398.1 391.9 389.8 394.3 392.6 388.4
340.7 339.7 337.9 336.9 336.6 333.6 329.7 327.7 326.7 325.8 325.5 325.3 325.1 324.5 323.9 323.3 329.6 343.6 359.1 368.6 374.1 379.3 380.3 382.4 382.4 381.7 386.1 389.8 392 393.5 396.8 398.4 399.7 401.1 400.3 404.1 408.3 409.4 413.1 417.2 419.2 424.3 430.7 431 430.9 430.7 427 419.2 415.4 410.8 397.9 390.4 390.7 390.7 390.6 392.1 394.5 398.2 402.4 404.9 407.6 404.5 404.2 409.6 411.3 416.9 419.3 416.6 412.6 410.4 403.1 399.1 398.9 397.5 398.7 399.7 395.2 386.5
340.5 339.4 337.2 334.5 332.4 330 327.9 325.8 324.5 323.8 323.2 322.6 322.3 321.9 321.6 323 331.4 349.9 364.7 373.6 382 386.5 385.6 381.7 381 382.7 384.7 390.2 391.1 391.9 393.9 394 396.3 398.6 401.3 405.5 409.1 413.3 417.4 420.4 424.4 429.9 430.9 430.8 430.9 430.8 424 417.9 412.8 404.2 395 389.9 390 390.1 390 390.4 390.9 393.4 397.7 398.2 397.9 398.6 400.6 407.8 412.1 415 414.4 412.4 408.8 402.7 398.4 397.4 399.4 402.5 406.9 404.8 396.3 387.8
340.9 339.2 336.6 333 330.3 328.5 326.2 324.1 322.4 321.8 321.1 321 320.9 320.6 320.5 322 331.3 347.1 359 373.2 384.7 388.6 387.6 382.1 380.3 380.2 382.5 386.3 388.1 389.1 390.7 390.2 391.3 400.4 404.3 408.1 412.9 419 422.5 425.3 429.9 430.8 430.9 430.9 431 423.7 418.4 414.5 409 398.7 393.9 389.7 389.2 389.5 389.8 390.1 390.3 390.4 392.5 393 394.6 396.5 399.8 405.1 410.4 410.4 411.8 406 399 399.2 398.4 400.4 403.2 406.9 411.4 408.2 401.6 396.3
342 338.6 334.1 329.6 328.3 327.1 325 322.6 320.6 320.6 320.6 320.5 320.5 319.9 320.3 322.1 328.1 339 353.2 370.5 382.1 382.6 383.1 381.2 379.4 376.6 376.4 379.9 382.2 382.2 381.4 388.6 398.3 402.6 406.6 410.6 418 421.8 425.3 428.3 430.3 430.7 430.2 428.7 421.7 418.1 415.6 411.8 407.5 400.5 395.4 388.9 389 389.3 388.3 388 387.7 387.5 388 389.1 391 394.1 398.9 404.3 410.8 411 405.8 397.5 398.1 399.5 398.9 403 407.4 410 412 410.3 407.8 406.4
340.6 334.3 329.1 327.6 326.4 325.1 323.8 321.4 320.3 320.1 320.1 319.9 319.3 319.7 322.1 324.8 330.7 337 353 361.9 368.3 375 379.1 378.2 375.3 371.1 371.6 374.7 377.3 376.8 385.7 394.2 400.7 404.8 408.5 412.3 418.9 421.8 424 426.7 429.2 431 430.6 421.1 416 413.6 412.8 410.8 409.4 407 396.7 389.3 389.5 389.6 388 386.4 386.1 385.7 384.3 384.7 388.1 392.5 398.1 403.2 405.1 400.5 394.6 392.2 394.6 398.2 401.5 405.4 408.3 410.5 411.6 413.1 411.3 409.5
336.3 330.4 326.9 324.9 323.9 322.8 321.8 320.3 320 319.8 317.7 318.5 319.7 321.7 323.9 327.1 332.4 341.9 352.8 356.9 362.9 367.7 373.9 373.8 371.2 364.1 366.1 365.6 371 378.8 389.4 394.5 398.5 402.9 408.2 412.9 416.5 419.4 422.1 424.8 428.4 430.9 426.1 415.9 409.7 410.5 410.6 410 409.9 409.1 395 392.2 389.9 389.8 388.2 386.6 385 383.3 381.4 381.5 385.3 390.9 395.7 396.8 393.3 389.4 387.5 388.6 390.8 396.4 402.1 403.7 408.3 410.4 411.3 413 414.3 412.9
330.8 326.5 323.8 322.8 322 321.2 320.5 319.2 318.9 317.8 319.7 321.1 322 323.4 327.1 331 337.2 344.9 350.5 353.7 358.6 362.5 367.3 367 364.3 357.9 360 369.2 377.7 384.4 390.3 394.1 397.5 400.9 406.1 410.4 413.7 416.9 419.9 426.5 430.9 425.9 417.7 408.4 408.6 409.5 410.5 410.8 410.4 405.9 398.9 395.8 392.7 390.4 388.9 387.3 385.2 382.2 379.9 380.5 382.4 386.6 388.8 386.1 383.8 383.5 385.1 386.1 388.3 394.2 398.4 400.6 406.1 410.1 411 414.7 417.4 415.8
325 323.2 319.7 320.6 321.4 320.8 320.1 318.1 316.3 315.9 320 322.5 324.4 326.7 330.9 338.1 344.4 341.1 343.4 350.5 354.4 358.3 361.7 361.5 359.1 350 362.9 373.4 379.1 382.6 385.9 390.1 395.5 399.1 403.4 407.5 411.1 416 420.6 425.8 424.3 417.6 409 401.6 404.4 410.3 411 410.9 410 405.2 398.5 395.7 393.9 392.1 390.5 387.4 385.1 381.5 380.5 379.1 379.3 378 378.8 377.6 378.7 379.1 381.1 383.7 386 390.2 392.9 396.9 402.4 408.1 412.5 417.8 419.1 418.4
320.4 319 317.7 317.2 318.9 318.5 317.9 316.3 314.3 318.9 321.4 323.9 326.7 330.4 337.4 346.8 350.3 339.8 339.6 347.3 352.3 355.9 357.9 358.6 355 351.6 363.8 370.1 373.4 377.5 380.3 386.6 391.9 397.3 400.1 404 408.3 414.6 420 415.5 408.6 405.5 399.8 400.3 408.5 411 411 411 410.4 405.9 398.9 397.3 396.3 395.3 391.9 387.7 385.2 382 378.9 378 375.4 371.3 372.1 372.6 373.5 374.5 376.3 379.2 382 384 387.8 391.8 399.7 408.6 414.6 419.5 420 420.2
316.2 315.4 314.1 312.9 313 312.9 312.5 313.7 316.6 318.9 322.8 325.6 328.4 334.1 345.6 349.6 343 333.8 336.4 345.4 351.1 352.5 353.4 354.1 349 352.1 358.3 364.2 367.7 370 378.5 383.6 389 393.8 394.5 400.9 404.5 408.3 407.1 401.3 393.7 393.1 397 404.4 410.5 411 411 411 410.1 407.7 402.5 402.1 401.4 400.6 394.3 389.1 387 384.7 382.4 382.1 376.2 371 370 370.5 371.5 371.9 371.1 373 374.3 378.7 384 390 399.5 410.4 415.9 421.1 422.2 419.6
314.1 311.6 309.9 308.8 315.3 316.3 318.2 318.4 319.9 321.9 323.7 328.5 332.9 337.1 348.8 331.3 325.2 325.7 330.7 342.2 350.9 349.6 347.4 346.5 342.7 352.9 357.9 359.4 362.4 365.2 372.8 378.3 381.7 385.5 387.6 392.4 398 395.9 392.9 391.1 390.3 390.9 401.6 409.7 410.3 410.8 411 410.9 409.8 408.3 404.4 406.2 404 400.8 396.6 396.4 393.4 391.4 394.3 388.4 378.3 373.1 370 370.2 370.2 368.1 366.1 365.5 368.6 373 378.1 387.5 400.9 410.1 416.2 419.1 419.5 419.9
312.5 309.1 306.8 312.5 313.1 315.1 319 319.8 321 322.4 324.6 328.6 338.9 342.5 337.9 325.8 320.9 323.6 330.7 335.7 341.4 341 341.8 340.3 341.6 349.4 354.2 354.5 357.4 361.5 367.7 369 374.1 375.1 380 384.7 384 382.8 381.1 382.4 389.5 396.3 406 408.7 410 410.5 411 410.5 409.3 408.1 406.4 409.6 404.1 399.9 401.5 403.2 402 403.7 398.2 390.3 380.6 375.7 374.6 369.3 366.9 363.3 360.6 360 362.8 368.8 376.3 386.9 400.1 406.8 411.7 414 414.3 418.9
312.4 308.7 306 308.4 310.2 314 317.8 319.7 320.8 324.1 329.9 330.6 334.3 332.5 319.3 315.7 319.1 322.1 324.4 328.4 332.2 338.4 326.2 329.9 338.1 347 350.6 351.1 355.4 360.1 362.7 367.7 372 374.9 379.6 376.4 372.5 376.3 381.4 388.3 395.4 406.1 410.5 410.4 409.1 410 410.6 409.3 407.7 408.4 408.9 406 400.9 400.2 405.5 408.4 410.1 409.5 399.6 390.9 384.3 380.8 381.2 370.9 365.3 360.4 359.9 359.4 358.6 360.9 371 382.8 396.8 403.8 408.4 409.2 411.1 413
312.2 308 304.4 306.3 309.5 313.4 316.6 318.1 319.1 322.6 323.8 319.8 314.9 316.4 310.8 313.7 321.9 314.9 314.1 315.9 316.9 315.3 316.4 323.2 331.1 336.1 344.5 351.2 357.6 360.5 361.5 366.3 370.4 370.4 368.9 369.4 374.5 382.3 391.5 399.7 408.2 415.9 413.4 412.5 411.4 409.9 408.3 407.4 407.9 408.4 409.6 406.2 402.6 403.5 408 410.9 410.5 403.5 396.5 392.8 390.1 390.4 381.1 374.5 370.2 365 361.5 360 355.1 349.9 360.3 375.6 389.3 397.4 400.9 404.6 409.6 409.1
308.5 307.9 303.7 304.4 308.8 312.8 315.6 316.5 315.5 314.9 314.8 311.1 306.2 305.8 306.5 310.2 308.1 304.1 301.1 310.5 319.2 329.7 331.7 340.8 340.4 340.2 344.9 352 356.9 359.9 359.6 360.8 360.6 359.2 364.5 375.1 383.8 392.5 402.3 410.8 419.6 420.4 419.6 416.9 410.1 408.1 407 407.6 408.1 408.5 408.5 408.2 405.7 407.5 410.5 410.7 406.4 399.9 399.3 398.7 397.2 389 383.6 379 375.3 369.4 365.8 362.7 358.6 355.1 351.1 358.1 375.2 387.6 393.8 399.4 401.4 396.1
303.2 303.4 302.1 301.5 306.7 312.2 313.8 311.8 310.8 306.8 306.5 305.6 303.3 302.6 303.1 302.6 301.4 310.9 319.3 326 334 342 344.1 346.2 344.6 340.7 341.4 349.6 351.8 354.3 356.4 358.9 358.9 361.7 372.2 381.5 391.4 401.3 410.6 416.7 420.7 420.8 422.7 417.7 409.5 407.3 407.2 407.8 408.3 408.3 408.4 408 409.3 411.2 410.9 409.3 402.4 400.6 399.4 399.9 397.7 390.2 389.8 388.1 382.2 376.7 371.6 369.1 369.8 367.2 357.3 349 360.8 375.5 387 392.4 387.9 381.5
310.4 308.3 307 303.3 300.9 300 306.4 307.6 304.9 302.3 301.1 300.6 300.4 299.7 299.4 299.6 302.1 309.3 318.8 328.7 338.1 347.4 354 354.6 349.5 346.6 345.7 349.1 349.1 350 352.4 355.7 358.4 366.9 379.3 388.2 399.6 407.1 413.8 419.5 419.7 419.8 421.3 414.5 408.6 407.1 407 408 408.1 408.2 408.3 408.3 410.5 414.3 409.4 405.2 400.6 401.7 407 405.4 398.7 394.4 393.6 392 388.3 382.6 379.8 380.7 381.3 374.7 365 353.3 341.6 358.6 374 375.4 369.7 371.3
313.6 313 310.2 307.2 305.6 302.8 295.8 299.4 300.5 299.5 298.1 297.4 297.4 297 296.8 297.3 299.2 304.8 313.7 326.8 339.3 351.1 358.4 359.2 354.9 350.9 349.4 349 348.9 350.2 352.2 356.5 362.9 372.8 382.3 394.8 404.9 410.6 416.1 419.5 419.8 419.6 416.7 409.5 409 408.5 408.4 408.5 407.9 407.9 408 408 410.1 410.7 409.6 405.8 401.6 405.4 410.6 403.8 399.1 399.2 401 398.7 393.7 390.4 389.4 391.3 386.1 380.6 372.3 363.8 353.4 339.9 352 353.5 366.2 378.9
316.6 316.1 313.9 311.7 308.7 301.6 295.9 297.2 297.5 296.3 296.5 297.6 295.2 294.3 294.1 295.9 299.1 302 310.1 322.4 334.4 347.7 357.5 360 358.7 351.9 349.9 348.4 349 350.4 353.5 358.1 365.7 375 386.8 398.3 406.3 414.3 419.2 419.6 419.2 415.9 412.6 409.9 409.9 410 409.9 409.1 408 407.7 407.7 407.7 408.2 408.5 407.6 406.8 406.5 406.6 409.3 406.2 403.1 403.4 402.7 400.2 398.8 398 399.8 395.9 390.7 385.6 378.4 369.1 354.8 334.1 341.9 361.9 377.7 389.3
320.8 320.3 318.5 316.1 313.5 307.7 299.3 295.7 294.1 292.9 292.3 291.7 291.5 291.6 291.8 294.8 298 301.1 305.1 315.5 326.8 339.8 352.3 358.3 357.8 352.6 349.4 346.3 348.8 350 353.8 358.5 364.2 375.9 389.7 399.2 407.4 414.2 419.7 418.1 415.2 412.5 410.8 410.6 410.6 411.4 411.1 409.6 408.5 407.6 407.6 407.5 407.2 405.4 403.6 404 406 407.5 407.6 408.2 408.4 408.2 405.4 402.1 400.8 401.3 401.6 400.7 394.9 391 378.5 365.9 342.7 329.5 344.7 365.2 383 398
331.1 327.5 324.6 322 323.6 330.4 323.7 311.9 301.9 296.6 294.6 292.3 291.9 290.2 289.6 293.6 296.1 298 301.8 311 321.5 333.8 348.9 355.9 355.3 350.2 343 340.7 344.9 349.6 354.7 360.6 369.9 380.5 391.3 400.6 406.6 411.2 414.4 413 411 409.9 410.5 411.1 414.9 416.5 416 412.7 409.1 408.2 406.7 405.8 404.7 402.6 400.4 401.7 404.1 406.7 407.8 410.1 409.7 410.8 407.8 401 401.4 402 402.6 400.9 397.5 389.9 376.8 355.9 336.2 330.2 346.1 364.5 384.7 399.2
332.6 331 330.4 333.5 341.3 349.5 343.3 324.9 310.4 304.1 298.7 295 292.3 288.9 288.8 291.3 293 295.8 299.7 307.3 317.9 330.2 345 352 352.4 347.7 339 340.1 345.4 350.4 356.7 363.4 372.9 381.8 390.5 398.6 403.8 407.6 407.8 406.1 407.2 409.5 410.1 413 417.1 418.9 419.7 419.6 416.8 410 406 403.5 401.8 399.6 399 400.2 402.9 406.6 409.9 410.4 409.2 407 402 400.8 401.7 402.5 403.1 401.5 399.6 390.2 374.1 349.6 331.9 329.5 345.7 361.8 383.3 398.9
338.4 337.4 341.2 349.8 364.3 372.9 361 344.4 325.2 311.3 304.3 299 293.6 288.8 288.1 289.2 291.5 294.2 297.9 310.6 322.2 335.3 348.3 351.4 350.9 339.7 333.2 341.7 346.2 351.1 356.2 361.7 372.7 381.2 389.6 397.1 399.7 398.5 400.3 401.3 404.4 409.2 411 415.6 418.6 421.6 424.3 423 420 411.7 406.7 402.2 399 395.1 394.7 397.5 401.7 406.7 409.7 407.4 404.4 400.8 399 400.2 401.1 402 403.3 401.5 399.4 394.4 372.2 346.1 328.2 328.1 341.3 357 380.6 398.3
343.1 350.5 357.4 370.8 381.7 380.8 368.8 353.7 339.3 320.6 312.9 303.5 297.7 290.5 286.5 288.8 290.3 292.6 299.3 312.1 328.7 338.9 346.1 341.1 332.5 329.9 345.6 348.8 351.4 353.1 354.8 358.1 365.8 375.8 384.9 388.9 390.2 394.4 396.2 398.4 402.6 409.7 411 416.4 421.2 424.8 428.4 425.8 418.4 410.6 406 400.8 395.7 390.7 390.2 393.7 399.6 404.3 402.4 400.6 397.6 394 397.4 399.6 400.7 402 403.3 402.3 400 390.6 368.8 342.6 321.9 325.3 337.7 354.5 378 397
350.3 357.5 368.2 381.6 388.8 383.8 369.8 355.4 342.6 329.1 318.9 308.2 298.7 290.2 284.7 288.2 290.4 293.6 300.6 311.6 324.7 336 328.2 319.1 332.3 350 353.1 353 353.9 353.8 355 355.6 358.5 370.4 378.8 384.3 388.6 390.8 390.3 392.7 398.7 402.5 407.9 412.8 420 423.5 424.8 421.8 414.7 408.3 403.9 398.6 393.6 389.6 389.3 392.5 397.7 397.7 395.6 393.8 391.1 389.7 393.6 398.2 400.6 401.9 403.2 402.6 398.8 387.1 367.4 342.3 321.9 323.5 332.2 352.2 375.8 393.6
356.3 361.7 378 385.4 387.3 378.7 365.7 352.3 343.5 332.1 321.9 310.9 297.8 290.5 285.3 286.1 292.7 295.5 300.9 309.4 321.2 317.6 315.9 331 349.5 357.2 356.9 356.5 356.4 355.3 355.1 355.7 358.1 365.3 370.5 378.5 383.2 384.6 381.6 384.9 393.1 399.9 407.3 412.9 419.4 420.9 421.5 416.4 408.6 404.3 401.1 397.8 394.7 390.8 389.1 391.8 394.1 391.4 387.4 384.5 383.9 387.8 391.4 397.5 399.8 401.5 403.1 400.6 394.4 383.3 369.3 341.5 322.5 321.5 332.2 350.3 372 386.5
360.2 367.8 378.7 379.4 376 368.9 356.7 350 340.8 330 319 303.3 293.8 285.8 284.4 285.6 290.8 294.3 298.4 306.2 311.1 314.5 331.1 346.9 357.5 360.3 359.8 359.9 359.7 357.3 355.9 357 359 361.2 366.9 373 375.7 374.5 371.5 379.7 390 400.1 405.3 410.6 416.8 417.8 413.8 409.9 404.3 400.3 396.8 399.2 399.8 398.1 390 380.9 387.6 385.3 381.3 377.2 379.4 384.5 394.2 399.1 400.5 401.8 402.2 397.6 392.8 381.9 371.5 340.3 320.8 321.7 331.4 348.4 365.8 378.3
