public/OST50/SN75.asc
ncols 200
nrows 200
xllcorner 270000
yllcorner 250000
cellsize 50
[rows 0 to 34 of 200, columns 0 to 77 of 200]
208 213.8 223.6 230.3 238.1 247.5 257 266 275.3 284.8 292.9 300.6 307 312.2 316.7 320.3 323.4 326.2 330.9 333.6 337.7 338.7 338.7 338.3 338.1 338.9 339.7 341.7 342.2 341.9 339.7 338.9 337.4 336.7 336.1 335 334.5 334.4 336.4 336.7 336.4 345.2 342.4 332.2 326.7 320.8 316 307.4 313.9 321 328.7 339.1 351.8 365.9 378.7 397.5 409.5 414.1 422.3 438.1 461.3 453.8 450.1 458.6 462.8 465.1 459.6 451 457.5 463.6 468.1 470.4 485.4 501.1 508.4 511.3 507.1 493.5
217.1 225.6 229.7 237.2 246.3 256 263.9 272.9 282 290.7 299.2 305.8 312.4 316.6 320 323.2 327.1 331.3 335.9 340.2 341.9 342.6 343.1 343.5 342.2 341.6 341.8 342.6 344.4 344.7 342.8 342.8 342.6 342.7 343.1 344.5 348 354.6 363 362.8 366.5 374 360.6 340 331.4 325.7 320 311.3 321.2 331.5 338 342.6 349.7 361.5 374.3 387.8 399.3 406.2 413.7 427.3 446.1 456.8 465.1 481.4 490.8 489 479.5 475.7 472.9 470.1 473.6 480.7 503.1 507.3 505.8 502.6 493.2 477.5
224.5 231.9 236.8 245.8 253.9 262.9 271.5 279.6 290.7 299.4 306.2 312.1 316.9 320.4 322.9 326.6 329.4 332.4 338.8 341.9 343.8 344 344.4 344.4 343.3 341.9 341.2 341.8 344.2 347.2 346 346.5 347.1 347.7 348.7 352 360.9 373.2 377.4 387.2 397 390.8 374.3 360.2 351.5 341.2 330.4 322.5 331.2 342.9 352.1 350.8 354.7 363.5 373 384.6 393.2 401.5 409.5 418.9 428 447.1 473.4 491 499.8 500.7 488.6 488.2 487.3 486.6 487.1 496.2 509.5 506.9 493.5 486 474.8 462.5
228.5 238 245.9 256.4 265.5 272.3 279.6 288.2 298 306.2 313 318.1 320.5 323.3 326.1 327.7 329.9 333.1 337 339.2 339.8 340.6 340.2 340.1 338.9 338.1 337.8 339.7 342.6 347.6 348.7 349.2 350.3 350.8 353.1 357.9 369.5 379.3 387.3 404.2 407.4 395.7 384 372 366.3 358.4 351.8 347.5 341 340.4 343.6 349.1 355.2 361.9 366.7 377.4 384.8 393.8 401.3 407.6 419.2 444.4 467.5 487.1 497.2 489.2 490.6 492.8 494.3 495.7 492.7 501.7 498.7 491.1 478.8 472.5 460.7 453.7
233.1 242.4 253 263.3 271.3 278.3 285 293.6 303 312.6 318.9 320.9 321.1 321.3 321.8 321.6 323.6 326.4 329.3 328.7 329.6 330.9 331.4 331.5 331.3 332.6 333.7 336.4 340.4 345.3 349.7 351 352.3 353.6 355 361.2 372 386.9 398.5 410.4 413.3 402.8 395.5 385.7 380.7 372 368 367.1 362.8 356.8 352.1 353.6 351.4 354.8 360.5 367.3 377.2 387.4 390.6 396.4 411 435.3 453.7 470.6 476 476.5 488.2 490 492.1 490.4 494.4 496.5 488.5 479.4 473 462.2 451.1 448.8
240.5 251.5 262.7 271.5 276.6 282.4 290.1 300.4 306.6 314.1 318.5 316.9 315 316.7 315.6 315.6 316.6 316.6 318.3 321.1 321 321.5 323 324.5 326.7 329.7 330.6 334.7 338.3 343 348.1 351.5 354 355.9 359.7 368.4 383.1 394 403 412.1 407.5 405.8 403.7 397.1 391.2 385.6 381.3 380.4 377.1 373 366.6 361.9 361.1 361.3 356.7 359 367.5 374.2 379.5 384.9 397.2 420.1 447.2 457.6 457.7 468 478.3 482.4 487.4 485.7 495.9 495.5 479.9 477.6 462.8 449.7 445.5 443
246.4 259.1 270.7 276.7 280.7 287.7 295.2 299 299.8 301.6 299.6 302.9 308.1 306.9 307 307.2 305.8 305.6 308.4 310.2 311.8 314.5 318.7 321 323.9 327 329.2 332.3 336.5 342.7 350 353.2 355.7 358.7 362.9 373.5 384.3 397.4 402.2 404.5 405.2 407.3 410.6 407.6 401.7 400.6 396 392.8 391.2 388.3 386.6 381.9 372.9 368.1 365.6 366.1 367.6 365.5 367 373.2 383.6 405.9 428 443 445 462.6 471.6 478.1 479.2 479.4 491.4 486.6 476.6 463 447.7 442.8 438.6 437
252.7 265.7 277.1 279.5 279.6 280.9 282 281.4 280.8 280.1 284.8 290.9 292.6 293.7 296.2 296.9 294.9 298.2 299.4 301.6 307.2 312.4 315.9 319.1 322.3 325.2 327.7 330.6 334.8 342.7 351.6 355.4 358.2 361.5 368 378.6 389.5 397.7 399.6 402.2 405.9 409.4 412.6 411.8 413.6 411.6 411.4 411.1 405.2 403.5 402.3 402 388 380.2 373.9 375.5 376.7 378 371.3 368.1 370.3 385.4 407.7 415 430.4 448.9 462.1 466.1 463.6 475.4 486.1 478 465.3 450.9 441.9 435.1 431.3 430
261.6 268.9 272.3 267.3 259.8 257.9 256 255.9 256 260.4 267.6 270.6 274.3 278.5 279.2 282.6 284.8 288.4 292.3 297.9 306.2 310.3 313.3 315.9 321.3 323.9 326.3 329.4 337.3 347 354 357.7 360.9 365.5 378.8 387.9 396 398 399.8 405.6 412 413.7 416.7 424.1 424.9 422.8 418.2 416.4 414.4 412.9 414.3 407.2 403 397.7 394.5 392.4 391.9 391 382.7 374 373.9 372.9 382.3 394.2 410.7 440.4 461.5 458.1 458.3 467.5 466.7 457.4 449.9 438.6 431.1 427.3 423.4 423.4
241.9 248.5 244.5 237.6 234.3 232.8 233.1 233.1 235.6 242.7 248.2 249.5 256.3 263.4 269.5 274.1 277.6 282.2 288.7 294.4 302.5 305.4 308.4 313.1 319.2 322.7 327 332.7 342.1 350.8 357.1 361.4 365.7 378.4 390.3 396.5 398.4 399.7 403.1 409.4 415.8 418 422.8 433.1 432.8 429.4 428.9 423 422 425 428.4 417.5 419.7 423.6 423.2 414.4 411 404.8 398.2 387 379.7 376.6 374.8 384.8 405 437.3 455.3 452.7 453.3 451.3 444 439.4 430.7 423.5 420.6 418 417.1 418.6
217.6 219.9 218.3 217.2 217.5 217.1 217 219.9 225.7 230.3 235.3 241.2 249.1 255.5 261 268 273.2 279.3 284.3 289.9 295.1 299.3 306.5 312.1 317.8 322.3 328.7 336.5 345.3 355.1 361.8 365.9 377.6 394.4 403.9 401.4 401.1 403.1 407.3 412.7 420 421.2 430.8 436.3 438 436.8 435.6 431.7 437.1 438.9 434 428.7 433.9 438.8 441.1 433.6 431.2 418 411.4 402.3 389.7 380.6 377.9 379.1 396.8 418.2 425.1 440.7 436.9 432 432.5 423.8 421.2 413.7 411.3 410.2 411.3 417.1
208.3 208.3 209 210.3 211.7 213.9 216.5 219.3 223.2 228.9 234.3 240 245.8 251.7 257 263.7 269.3 275.3 279.7 283 287.9 295.5 302.3 309.6 315.9 322.7 331.1 340.6 350.3 358.9 366.7 373.7 388.8 403.4 406.4 404.2 406.3 411.3 419.3 425.6 427.3 429.7 440.1 447.3 446.9 446.9 442.7 443.3 447.3 444.4 439.1 436.9 441 448.4 446.8 448.2 448.2 432.8 423.5 414.2 396.6 393.2 387.8 381.2 383.9 396 408.3 415.6 416.4 418.5 414.5 413.8 408.2 405.7 405.7 405.9 407.6 412.9
205.2 206.6 207.9 209.6 211.3 213.7 218.5 223 227.1 231.4 235.3 239.3 244.8 249.9 256.5 261.3 266.9 270.6 274.9 278.9 284.3 289.6 297.2 304 311.1 320.8 331.9 345.1 354.4 365.3 377.1 383.4 395.5 408.8 408.1 409.2 413.8 417.3 424.2 434.8 438.4 443.6 451.5 456.1 458.5 457 452.1 452.4 451.7 447.5 444.1 446.5 450.3 454.2 455.2 464.1 463 445.3 437.3 428.8 416.5 416.2 410.4 400.4 389.8 383.7 395.1 397.9 400.9 401.8 402.9 401.2 400.6 400.2 402.7 403.5 404.1 405.8
205.2 206.1 207.5 209.4 211.1 213.5 219.9 222.8 227.2 230.3 233.2 237.1 242.5 248.3 254.9 258.8 262.6 266 271.4 273.3 279.5 284.7 293.6 302.8 311.1 319.4 329.9 346 358.3 372.4 383.6 388.1 400.4 413.4 412.8 411.4 417.9 422 427.5 434.9 442.1 446.7 453.6 463.5 469.5 464.6 460.5 459.4 460.8 456.9 451.1 453 460.4 461 467.9 477.7 470.7 456.8 458.1 446.9 435.2 431.3 444.2 422.3 409.1 399.8 396.9 397.1 395.5 396.8 396 398.2 399.6 400.7 401.2 405.3 411.6 413
204.2 204 207.4 209.3 211 213.1 215.8 219.6 222.1 224 223.6 232.5 239.9 246.9 251.9 255.9 258.5 263.7 264.5 269.6 274.4 280.1 289.7 298.8 309 317.3 325.7 341.9 361.6 377.5 389.2 394.7 405.3 415 416.3 415.1 428.2 435.5 440.4 447.5 450.7 449.7 455.3 468.6 474.3 466.1 465.6 464.8 468.3 463.3 461.9 465.1 469.8 469.6 480.3 483.4 473.1 468.6 464.1 458.2 454.3 457.5 461.3 445.8 428.4 417.9 410.7 409.4 402.8 400.5 399.2 407 411.6 412.4 414.6 414.3 417.5 419.2
204.4 206.6 209.2 209.4 211.5 212.8 214.3 217.3 218.3 223.7 230.5 229.6 234.1 244.1 248.1 252.2 256 258.8 260.4 262.1 265.2 269.7 277.7 288.7 299 309.2 320.1 335.9 359.9 376.4 391.7 399.9 412.1 420.2 422.1 423.1 437.9 446.2 451.6 457.6 456.6 454.3 463.1 474.3 478.3 467.3 466.8 468.3 473.7 467.1 466.7 471.8 480.4 484.7 489.7 483 476.5 481.5 473.3 468.1 475 482.5 473.6 453 441.9 436.2 429.2 427 424.8 411.2 409.5 424.8 429.5 429.8 431.8 430.5 425.8 425.2
209.3 208.9 211.5 213.3 213.1 215.2 217.5 219 223.6 233.3 238.5 240.9 232.7 237.1 245.6 250 252.5 255 255.5 257.2 258.4 261.4 267.2 277.7 289.5 299.9 311.8 329.1 354.8 375.7 385.8 401.2 413.6 418.6 424.1 436 449.4 456.6 461.9 461.8 459.6 466.7 479.3 485.7 481.4 467.9 468.5 473.6 472.1 470.1 472.1 482.2 492.4 491.6 487.1 480.5 480.6 486.5 476.1 478.3 491.9 488 473.9 456.9 452.9 449 444.5 441.2 432.9 420.3 429.2 442.7 444.1 444.2 448.1 449.1 442.7 434.1
211.7 211.2 214.7 218.8 223.8 229.3 228.8 227.2 233.5 237.2 240.5 243.3 241.8 233 242.5 246.8 249.5 251.1 251.2 251.4 251.8 255.3 262.7 271 278.6 288.4 302.7 324.6 346.5 364.7 383.6 403.7 409.4 422.5 428.5 444.1 459.3 464.9 466.5 468 469.8 478.7 489.1 490.5 485.9 469.2 472.6 479 473 473.8 481.7 485.3 489.9 487 481 480.9 484.9 488 486.8 498.8 497.9 486.6 468.6 460.8 458.8 457.5 453.2 447 437.9 437 439.3 448.9 453 455.5 461.4 459.4 455.6 451.3
216.9 217.3 224.3 229.6 236.7 242.3 240.8 237.3 239.5 240.9 244 244.5 243.9 241.5 237.7 243.2 245.9 247.5 247.5 246.9 246.6 248.9 255.4 262.2 266.4 273.7 292.1 315.9 332.5 351.7 377 404.3 417.8 428.7 445.4 457 462.6 466.4 470.3 476.4 482.1 488.4 490.7 488.8 477.9 474 478.9 480 474.7 479.7 482 484.8 485.9 482.3 482.1 482.2 486.7 489.9 498.4 502.1 494.9 479.1 469 466.6 465.9 465 457.6 451.3 446.1 449.7 453.2 454.9 460.3 465.5 467.5 461.4 460.9 459.2
225.6 229.9 234.6 241.4 250.7 259.2 260 252.8 249 246.5 245.4 244.9 243.3 238.3 235.9 240 242.2 243.7 244.1 243.3 243 242.1 243.5 247.6 253 264.7 284.5 306.1 324.4 348.5 375.2 403.2 424.2 443.8 455.7 461.6 466.3 472.1 478.5 489.3 493.2 492.5 489 475.4 471.5 474.8 479.6 475.5 475.7 479.5 484.1 482.6 481.8 482.1 482.5 484.1 485.3 497.1 508.1 499.2 489.4 476 468.9 467.9 468 460.4 457.7 454.5 452.9 459.1 459.3 457.9 461.5 467.5 463.6 462.6 464.7 464.1
238.7 247.5 250.6 257 265.6 271.4 271.1 267.1 258.9 251.2 247.5 247.2 244.5 242.5 241.8 237.1 238.6 240 240.8 240.8 240.3 239.7 239.4 241.1 245.8 254.5 273.7 292.4 314.7 343.1 371.7 401 425 448.3 462.2 464.2 472.8 483.4 490.4 494.6 495.9 492.4 481.2 467 467.8 470.3 472.4 474.7 476.3 478.3 480.6 481.6 481.7 481.8 483.3 484.6 490.3 499.2 505.8 499.7 485.7 472.6 468.9 467.5 463.2 459.3 458.1 458.4 460.4 463.8 460.2 459.8 460.6 462.5 463.5 468.7 471.8 464.8
252.8 259.2 267 274.6 283.9 282.9 282.3 280.4 268.6 258.2 253.2 249.2 246.9 245.2 243.1 239.9 239.6 238.2 238 238.2 238.7 239.4 239.6 239.3 241.2 244.8 260.3 279.7 301 329.7 363.7 392.9 433.2 453.3 462.1 467.5 482.2 493.9 495.8 497.3 496.2 492.4 474.8 463.1 464.7 467.7 470.4 477.5 477.8 479 479.8 483.3 483.6 481.9 482.8 489.3 497.7 505.1 506.4 491.6 476.3 472.3 469.6 467.4 462.4 460.5 465 469.6 468.4 463 463 466.1 465.4 461.7 462.6 464.7 464.6 464.2
265.1 271.5 284.3 288.8 293.1 291.3 291.9 287.6 278.6 265.5 257.7 252.4 249.4 247.1 245.1 243.7 242.2 240.2 238.4 238.6 239 239.3 239.7 239.9 240.5 242.6 250.9 267.2 292 323.3 351.4 381.4 427.1 442.9 452.6 470 486.5 491.7 496 494.5 493.6 481.7 465.7 458.5 462.7 467.1 468.5 474.8 477.9 479.5 482.2 487.6 486.2 484.1 489.9 496.9 502.3 507.1 500.8 480.3 473.8 472.6 468.6 465.9 463 465 469.6 472.8 465.1 464.2 469.1 471.7 462.2 460.5 462.8 463.6 464.3 464.6
281 288.9 294.7 298.9 297.6 298.8 296.4 291.3 283.9 271.6 263.7 257.7 254.3 252.2 249.2 247.9 245 241.8 239.2 239.1 239.1 239.2 239.4 239.9 240.4 241.2 245.1 259.9 285 313.5 345.9 373.9 396.8 416.4 442.3 470.9 479.9 484.3 481.6 488 481.9 464.5 456 452.5 460.3 464.8 466.6 470.3 472.5 477.4 485.2 488.9 484.5 486 495.8 504.6 506.5 502.5 488.4 477.5 476.3 475.6 473.2 466.9 464.3 465.1 469.7 468.4 464.1 467.9 474.8 470.3 459.1 459.6 461.5 461.9 462.2 463.3
289.4 296.1 298.2 300.9 300.1 299.6 299.4 296.7 290.4 280.5 271.5 264.7 260.9 258.7 256.6 253.6 249.5 244.8 242 240 238.8 239.3 239.4 239.8 240 241.1 243.3 255.6 281.5 320.3 347.6 360.7 375.4 402.8 434.7 453.2 468.6 464.2 470.3 473.9 463.8 449 445.7 445.1 453.5 456.8 461.5 464.8 467 475.2 480.8 483.6 482 489.4 496 501.9 503.1 497.7 483.5 476.6 479.3 478.3 473 465.6 464.4 464.6 468 461.1 465.2 473.5 476.6 462.5 457.4 458 462.1 463.8 460.9 466.7
295.3 298.9 303 301.1 301 300.4 299.4 297.5 293.1 287.2 278.9 273.3 269.3 266.2 263.3 259.8 255.5 249.2 244.7 242.4 239.7 239.8 239.5 239.9 240.1 240.4 241.8 247.2 276.9 311.7 324.1 334.9 365.8 387.3 408.2 431.8 441.8 450 455.7 454.2 441 432.4 434.3 437.1 442.1 446.9 452.6 457.3 461.7 470.5 474.1 475.3 481.8 488.5 494.1 496.8 496.2 488.8 481.4 475.3 477.4 477.5 467.8 465 464.3 465.1 465.1 458.5 462.3 468.2 465.4 457.2 456.1 457 458.5 459.8 460.8 469.5
296.7 297.4 297.3 300 301.6 300.9 298.9 296.1 294.8 291.9 286.8 281.3 277.3 274.1 269.6 265.8 261.5 255.9 248.8 244.8 242.9 239.9 240.1 240.3 240.4 240.7 241.1 242.4 253.9 273.2 292 313.7 342.7 366.4 385.4 405.1 418.6 432.6 428.5 420.7 413.7 413 419.3 432.5 435 438.1 443 450.2 456.3 464.3 470.1 471.9 475.4 481.7 483.9 484.5 485.8 481.5 475.8 473.9 473 468.9 463.5 460.5 460 463.4 458.7 452.9 452.5 456.2 454.4 455 454.7 455.6 457.6 459.8 463.9 477
280.2 283.7 290.5 300.5 305.5 302.2 297.2 294.8 294.2 292.9 290.4 287.1 284.9 281.5 277.9 275.8 270.6 263.6 254.1 248.1 244.8 242.3 240.5 240.5 240.4 241.4 241.9 242.2 242.8 254.2 272.4 299.8 322.4 343.6 363.4 376.7 391.7 388.2 383.5 385.3 389.5 397.4 407.5 423.9 425.7 428.6 435.6 448.5 458.7 464.8 468.3 475.6 474.7 475.4 476.5 474.5 475.3 471.7 469.2 471.2 472 464.6 458.3 455.5 456.9 460.8 449 448.7 446.6 446.8 448.3 450.5 451.8 456 458.5 463.1 473.5 482.7
270.1 275.4 288.4 299.4 301.2 297.1 294.2 293.9 292.7 291.4 291.1 292.3 291.1 289.4 287.6 286.2 280.2 273.9 262.1 253.6 248.3 244.9 241.9 241.2 241.3 240.6 241.7 242.4 243.4 243.5 255.6 272.4 296.9 316.4 325.8 342.2 344.8 344 348.4 356 369.5 390.7 399.1 404.9 406.1 415.5 429.2 446.4 460.3 464.5 466.6 471.1 471.5 472.7 465.4 462.6 462.6 461.8 462.1 467.1 469.7 461.1 454.7 454 456.1 451.4 446.7 445.9 445.1 446 447 448.3 450.2 454.6 457.9 470.1 478.9 487.2
265.1 271.5 279.5 291.1 292.7 290.5 290.3 290.7 289.3 289 290.5 293.1 295.1 294.6 294.3 292.1 289.8 284 276.3 264.9 256.4 250.3 245.4 243.4 242.8 241 241.1 242.2 242.9 243.4 244.3 252.3 266.9 280 292.4 302.4 306.7 312.7 318.8 328.5 351 361.4 368.9 382.5 392.8 413.7 429.3 443.2 459.4 459.8 466.9 465.2 465.9 464.6 461.9 455.9 453.2 450.4 451.5 458.8 460 449.8 446.9 451.3 447.3 441.8 442 442.6 444.1 445.5 445.6 447.1 449.2 453.6 462.5 474.6 480.8 490.5
266.3 267.3 275.4 282.1 282.4 282.8 284.7 283.8 285.8 289.7 291.3 293.9 297.5 298.9 299.7 297.3 296.3 290.8 286.5 280.4 271.6 265.6 252.9 247.5 244.1 242 241.6 242.3 242.9 243.3 244 244.9 246 255 261 269.5 276 283 290.1 303.2 318.6 333.2 337.2 365 388.8 415.8 433 442.5 447 447 451.7 455.2 457.4 458.8 456.5 453.8 449.4 446 447.2 450.2 440.4 438.2 438.3 442.9 436.7 437.2 437.5 440.5 444.4 446.3 441.8 444 447.8 454.8 474.8 477.4 486.9 490.4
271.6 269.5 271.6 274.7 277.1 277.8 277.4 282.1 286.9 290.4 292.9 295 298 300.4 302.7 302.8 300.1 294.4 291.1 289.7 289.6 285.4 265.7 255.6 248.3 243.8 241.7 241.9 242.4 243.4 244.1 245 245.9 246.4 247.7 248.3 253.4 264.1 272.8 280.6 294.1 304.1 332 352.1 379.8 412.5 425.8 420 423.2 434.7 440.3 449.1 450.1 449.6 449.3 447.6 444.2 441.2 439.3 428.6 429.6 427.8 430 429 431.3 432.3 440.6 437.9 440.9 439.4 439 441.5 448.7 461.1 474 476.5 489.6 491.4
273.4 272.4 270.8 272.3 273 275.6 278.2 282.6 286.8 290.3 293.3 295.7 297.6 300.3 304.2 307.3 306 302.5 299.5 300.3 302.9 297.9 281.9 271.2 264.4 255.8 255.1 250.9 247.3 243.9 244.4 244.9 245.8 246.7 247.2 248.1 249.7 255.9 259.3 264.3 275.8 287.2 308.3 333.7 367.6 383.5 377.8 379.9 389.3 413.2 430.2 437.8 441.1 441.5 440.2 441.7 437.5 434.4 424 419 416.7 416.3 418.7 422.2 427.6 428.9 430.1 431.9 434.6 434.8 436.8 439.7 449.5 462.4 469.6 472.7 490.1 490.5
275.3 274.9 273.5 272.9 273.5 275.7 278.2 282.1 286.1 290 292.5 294.1 296.6 299.8 303.4 307.8 311.8 315.5 317.3 313.8 311.9 308.4 303.9 299.6 288.7 282.8 283.4 281.3 278.1 261.8 252.3 249.5 245.8 246.4 247.1 248.2 249.2 250.4 254.1 259.3 264 271.7 290.6 317.6 334.4 336.2 340.1 345.8 350.7 367 386.6 415.1 421.6 427.6 431.9 433.5 431.1 421.2 413.5 409.3 407.2 407.7 411.1 415.3 423.2 426.1 426.4 429.2 430.3 430.5 433.4 437.6 445 455.3 462.2 474 483 481
278.6 277.5 277.9 277.2 277.2 278.6 278 281.4 284.2 287.3 289.5 292.3 295.6 299.7 303.4 309.2 317 324.6 326.8 328 324.4 318.2 317.7 323.6 320.7 314.5 317.3 321.4 311.4 289.4 274.7 265.5 257.5 252.7 247.4 248.2 249.2 250.1 251.4 254.1 256.2 260.5 270.8 286.5 296.7 304.8 310.3 317.6 325.1 336.6 352.9 381 395.3 406.7 416.8 424.3 416.3 403.7 399.2 397.9 398.6 400.6 405.6 410.2 413.3 420.4 424 425.2 425.6 426.4 430.7 435.4 441.4 450.7 461.8 475.1 470.7 470.3
