public/OST50/SN75.asc
ncols 200
nrows 200
xllcorner 270000
yllcorner 250000
cellsize 50
[rows 0 to 34 of 200, columns 78 to 155 of 200]
480.3 473.1 471.4 468.3 465.8 464.6 458.7 456.3 454 458.4 466.9 467.9 467.1 464.9 462.4 463.1 463.5 464.7 456.1 449.3 448.3 448 449.8 450.3 450.6 451.6 453.4 462.5 472.2 475.2 476.8 482.3 486.9 494.5 502.7 504.4 504.3 501.4 502 502.1 501.2 494 493 488 487.4 482.1 477.7 476.1 473.2 475.9 477.5 477.4 478.5 480.4 486.7 494.3 499.3 501.3 499.5 496.5 493.4 489.3 485.1 488.3 498.8 506.5 517.1 521.4 521 517.2 513.4 509.5 498.9 480.7 476.1 467.2 457.8 455.9
465.3 457.4 455.4 454.2 453.8 453.6 454 453.3 454.7 460.7 462.3 464.2 462.2 458.4 459 460.5 466.2 466.8 449.6 447.3 446.9 446.7 448.9 449.6 449.9 450.1 451.3 458 467 468 476.5 479.2 494.9 501.2 506.3 506.6 504.9 504.2 506.9 502.7 496.6 494.1 489.1 488.4 485.8 478.6 476.2 474.5 469.4 474.9 475.1 476.7 477.2 479.5 485.1 491.9 496.3 497.9 495.5 490.2 484.8 481.5 482.7 492.6 503.7 512.1 517.1 517.5 516.5 512.7 512 502.2 490.8 482.1 474 462.6 454.1 453.4
455.2 451.1 448 447.6 447.5 447 453.9 454.4 460 464.9 461.5 459.8 458.4 458 457.8 460.5 465.4 460 444.7 445.7 443.6 446 447.3 449.5 449.4 448.6 449.8 450.6 456.6 464.6 470 476.7 491.7 502.1 506.1 505.5 506.7 509.7 509.2 499.3 494.8 488.7 488.8 487.3 480.5 474.9 474.2 473.1 467.8 473.9 473.9 474.9 476 477.7 483.3 488.9 491.2 491 487.6 481.7 475.2 475.9 485.7 498.4 505.5 510.6 512.3 512.9 511.7 512.5 506.7 498.6 488.9 479 467.6 456.6 451 450.9
451.6 447.6 447.2 449.2 446.2 447.6 453.3 456 465.1 470.8 470 460.6 457.6 456.7 456.7 462 462.2 445.6 441.8 441.6 442.5 444.1 445.6 449.3 448.4 446.8 448.7 451.2 454.7 466.4 465.7 476.9 492.6 499.8 505.6 508.1 514.8 513.4 504.3 495.2 489.5 488 488.6 484.2 475.1 475.2 475.5 472.2 467 473 473 473.6 474.6 475.7 480.6 484 484.5 482.2 476.1 470.8 471.6 476.1 489.8 497.1 501.2 504.4 507.5 509.9 512.4 513.9 505.7 501.2 489.7 472.4 461.3 450.7 449.4 450.1
446.8 444.6 451 453 447.8 442.4 450.4 456.5 468.2 471.1 469.4 461.5 456.6 454.3 456.4 462.6 449.5 440.2 440.9 438.1 441 443 447.3 452.4 447.5 445.4 446.3 450.8 450.1 451.3 460.7 476 492.3 502.2 506.6 513 514 512.5 503.5 493.3 487.7 489.3 486.9 477.8 474.6 474.8 474.6 470.4 465 471.5 471.7 472.2 472.7 474.2 475.4 477.4 477.2 473.1 470.3 470.6 471.9 479.3 486.6 492.8 498 501.8 506.3 511.4 515.5 510.9 508.9 501.3 484.9 468.7 451.5 449.5 449 448.2
441.9 443.6 451.3 452.3 447.3 439.2 446.7 457.6 471.4 463.4 461 455.9 453 450.7 451.4 451 439.7 438.2 435.9 436.3 439 446.9 453.8 455.5 448.9 445.3 443 444.5 445.7 449 466.1 482 497 503.1 514.4 513.5 513.4 508.3 494.4 486.5 488 486.7 479.3 475 474.4 474.8 471.8 469.7 466.2 470 470.5 470.7 470.3 471.8 471.9 471.7 470.2 468.5 469 470.3 472.7 479.5 486 492.9 498.5 503.2 508.6 513.9 516.1 514.7 510.9 498.1 476.4 460.9 450.3 450.2 449.8 448.2
437.4 450.1 450.4 446.1 442.5 435.8 443.8 450.8 460.8 457.4 458.7 452.7 449.9 447.1 445.2 441.2 439.6 437.8 434.9 434.4 439.6 449.8 454.3 458 454.3 445.1 442 443.3 444.5 452.4 470 488.1 499.6 509.8 510.8 511.6 511.7 498.5 486.1 484.5 486 480.2 475.8 474 473.4 471.9 470.4 468.9 462.3 467.4 469.3 469.5 469.3 469.3 469.4 468.7 468.1 467.9 469.6 470.9 476.8 483.4 489.6 495.5 501 505.9 512.6 516.4 517.4 517.9 512.3 496.2 474.5 452.5 451.2 451.1 450.7 449.6
432.8 447.9 443.8 438 432.4 439.7 445.1 446.1 448.5 451.2 454.4 449.7 447.2 445.6 443.1 441.3 440.1 437.5 430.3 433.7 441.9 450.3 456.4 460.5 454.6 446.4 441.2 442.9 445.5 453.5 469.8 489.5 502.8 504 505.7 512.6 503.3 488.8 485 481.1 480 476.1 474.3 473.1 471.6 469.8 468.3 467.6 463.1 466.2 467.4 467.4 467.6 467.4 467.1 465.1 466.5 469.3 471.1 477.1 485.2 492.9 498.6 502.3 506.1 511.2 516.8 517.8 521 521 509.4 493.3 474 455.8 453 453.5 456.6 452.6
431 437.3 434 430 430 437.6 439.7 440.1 440.3 441.8 445 445 444.4 448.1 442.6 439.2 433.4 428.1 431.2 435.9 449 454.5 456.8 459.6 453.2 441.4 441.7 444.3 447.1 456.4 473.7 492.1 499.5 508.2 513.7 508 490.5 485.1 479.6 479.7 477.1 476.1 475 474.2 472.1 469.9 468 464.3 459.7 462.8 464.5 465.5 466 466 465.3 464.9 469 470.7 477.3 484.8 492.5 498.7 504.1 508 510.5 516.7 519.7 522.2 523.5 514.1 501.8 486.2 470.8 460.3 460.3 457.4 462 461.4
427.5 432.2 428 420.9 427.5 431.8 432.8 433.4 432.3 432.8 436.5 438.3 441 441 435.7 431.2 426.4 429.6 434.2 445.7 454.1 456.1 456.9 455.1 445.6 439.2 442.5 445.1 449.7 459.8 478.6 489.7 498.9 509.1 507.5 498 484.6 479.8 479.9 479.3 478.4 477.3 475.7 475.2 472.5 470.3 467.1 465.7 458.8 457.2 461.1 462.7 463.6 463.7 462.8 466.1 469.6 474.9 482.1 489.5 496.5 502 506.8 512.2 517.2 520.7 522.6 524.1 520 504.6 492.1 478.5 472.9 467.5 461 465.8 474 471.8
422.1 428.4 421.9 417.4 421.5 424.2 424.6 423.5 424.9 427.1 432.1 432.4 430.5 429.3 427.1 423.5 427.5 432.2 442.2 452 455.5 455 457 449.3 440.6 437.8 442.4 445 453.1 469.7 484.1 490.8 499.7 502.8 498.2 493.9 482.9 480.2 479.9 479.9 480.1 480.8 476.9 476.7 473.2 470.1 465.6 464 462.7 461.3 455.8 460.2 461.5 461.7 462.4 467.2 471.6 478.9 485.4 491.7 498.9 504.2 509.3 513.9 520.1 522.1 522.4 520.4 509.9 495.6 483.3 476.7 471 466.7 466.5 476.9 480.1 476.5
424.8 420.8 415.3 416.7 418.7 418.5 418.1 418.3 420 424.4 429.3 426.9 422.7 422.2 422.1 425.4 431.8 436.6 448.4 453.7 451 451.9 451.2 440.6 439.6 436.5 440.1 443.6 459.4 479.1 488.2 497.6 501 498.9 496.2 484.5 481.9 481.8 481.8 482.2 485.9 480.6 479.4 480.7 473.3 467 465.2 463.4 462.9 461.2 454.2 457.2 459.7 458 463.9 469.1 475.5 481.8 487.6 493.3 499.1 504.9 509.3 515.1 521 521.5 519 511.5 501.1 486.1 475.9 474.9 474.8 474.4 480.9 484.5 482.5 480.7
411.8 410.2 411.1 412.8 415.5 416.9 416.9 416.3 417.5 420 422.4 422.7 421.3 421 421.1 426.9 432.5 441.7 450.4 451.9 446.5 447.4 441.5 436 434.8 436.9 440 446.1 467.8 484 488.8 498.9 496.5 494.4 489.9 484.8 484.5 484.6 483.8 487.2 490.2 484.6 482.7 480.7 473.4 464.8 463.6 461.8 460.9 457.5 455.2 453.5 454.9 460.1 468.7 478.8 483.7 488.8 491.1 496.7 501.1 504.3 509.6 516.8 520.1 517.6 511.3 502.5 488.8 476.8 477 480.4 481.7 482.3 489.8 488.6 485.5 486.1
410.6 412.2 416.9 418.4 416.5 415.2 415.1 415.4 416.2 416.1 419.1 420.8 419.3 419.8 420.4 423 429.4 439.5 444.5 440.8 441.8 439.8 433.4 431.7 431 435.5 439.2 454.1 474.8 485.2 491.3 496.2 492.6 491.2 488.6 486.8 487.5 485.4 487.4 492.2 488.7 486.8 482.4 477.5 465.5 463 461.3 460.3 459.3 455.8 453.9 452.6 456.9 466.2 484.4 492.3 496.5 498.8 501.2 501.5 503.5 505.5 509.9 516.6 516.2 510.2 501.9 490 477.8 477.5 479.5 484 490.2 493.3 494.3 492.5 491.8 489
417.3 416.6 419 419.6 418.1 416.9 416.6 417.2 419 418.9 416.8 418.1 418.7 418.9 419.2 421.1 427.2 434.5 433.9 433.3 435.8 435.7 429.9 428.3 429.9 433.3 442.7 462.9 476.3 484.5 493.7 491.2 491.4 487 486.6 488.1 485.6 486.8 489.2 492.5 489.4 485.7 481.7 472.5 462.9 461.1 460.3 459.1 457.6 455.7 452.1 451.3 460.1 474 489.9 495.7 500.9 503.9 504.6 501.7 503 508.4 513.2 513.6 505.9 498.9 489.7 479.5 477.7 478.4 487.3 488 497.3 502.5 500.3 492.3 487.7 475.9
423.9 422.7 422.2 421.8 421.7 418.8 419.7 422.1 424.4 418.8 416.8 417.2 418 417.9 418.4 419.8 421.5 422.3 424.1 427.3 430.3 430.9 425.5 423.8 427.9 433.9 448.5 465.8 477.2 483.3 488.3 488.1 488 485 485.9 484.7 484.6 486.9 488.9 490.3 487.4 484.6 481 468.1 461.5 459.5 458.5 456.9 456.1 455.2 448.2 453.7 461.4 480.3 490.3 496 500.2 502 501.5 501 506.5 510.7 509.7 504.9 494.4 489.1 481.6 478.2 477.9 487.8 491.3 497.6 505 508.3 500.8 488.1 477.7 466
430.8 430.7 430 428.3 426.6 425.5 424.2 424.8 421.1 418.5 417.5 417.3 417.3 417.8 418.1 419.2 419.6 421 422.8 424.4 426.7 422.5 423 422.3 426.6 439 456.8 467.1 475.7 483.7 484.6 487 483.8 483.6 482.8 481.9 483.5 486.1 488 487.5 485.6 484.1 481.1 474.4 460.7 457.9 456.9 455.4 454.6 451.7 445.8 452.3 465.6 477.3 485.1 492 495.9 497.3 497.3 503.4 507.4 508.2 500.3 488.7 483.9 482.8 478.4 478.4 486.2 497.2 499.2 510 511.6 509.1 493.9 485.4 476 470.2
444.9 441.6 439.3 437.1 435.1 432.5 429.6 426.1 421.4 419 418.5 418.4 418.3 417.9 418.3 420.5 421.4 422.2 422.2 422 421.9 421.3 421.1 421.2 428.5 445.1 455.8 465.7 472.2 477.8 480.1 480.2 477.7 481.6 479.4 481.2 484.8 486.9 487 485.2 485.2 484.7 482.5 476.5 464.7 455.6 454.8 454.3 452.9 450 442.3 448.2 459.4 465.9 476.4 483.9 485.7 488.9 496.9 497.5 503.6 498.3 487.6 483.7 480.5 478.6 478.4 483 496 502 508.6 517.6 514.9 506.2 491.7 484.4 480.2 480.8
455.2 452.2 448.1 442.8 439.9 437.2 431.9 426.3 422.8 420.4 419.3 418.9 418.7 418.5 424.6 427.8 425.8 425.1 422.5 422.2 421.6 420.7 420.1 420.4 429.2 442.4 451 457.1 460.7 466.4 472.5 468.7 473.6 475.5 478.4 481.7 486.8 486.6 485.8 483.8 483.6 481.9 478 472.3 460 453.9 452.6 452.2 450.3 444.1 439 444 446.7 457.4 467.8 470.8 476.5 485.6 490.1 497.2 495.2 488 482 479.5 478.5 478.6 479.2 492.1 503 509 517.2 519.7 516.2 505.5 495.4 489.4 489.9 489.1
465.4 458.3 453.1 448.3 444.7 440 433.6 428 424 421.6 419.9 419.8 419.5 428.6 433.4 433.5 431.7 427.8 424.2 421.8 421.6 420 419 421.5 430.1 441 447.4 454.7 455.3 457.2 464.5 461.5 469.4 473.3 478.2 485.4 485 483.6 482.4 483.1 481.7 475.9 470.1 461.3 456.9 453.4 450.2 450.1 449.5 447.8 438.2 438.5 442.7 453.3 461.8 465.5 472.3 481.2 489.3 491.7 485.9 481.8 478.7 478.9 479.7 480 486.7 496.9 506.6 516.4 519.9 518.4 516.1 510.9 501.6 496.9 495 493.5
465.6 461.2 457 456.2 454.3 447.7 440 430.7 427.4 423.5 421.1 421.1 432.3 435.3 434.1 433.7 430.3 427.3 424.2 421.5 420.3 418.3 417.6 419.9 428.4 440.1 447.3 453.1 446.8 444.2 447 455.7 465 473 478.7 477.2 480.1 480.7 481.2 481.4 475.8 469.7 464.4 459.6 453.3 449.1 446.6 447.4 447.5 446.7 445.1 435.4 440.3 452.7 455.5 462.5 469.9 477.5 485.8 484.5 479.6 478 478.2 478 480.9 483.3 487.6 501.9 513.4 520.4 523.8 521.3 518.7 516.4 511.6 501.6 497.4 496.2
464.1 460.2 462.1 464.1 461.1 452.9 441.2 434 428.7 426.3 422.8 428.4 436.3 436.4 434.8 432.5 428.8 426.3 424.3 421.4 418.7 416.4 416 419 425.7 432.1 439.4 438.9 434.9 434.5 439.6 450.1 458.4 467.9 471.1 474.2 475.7 477.6 480.6 477.5 471.3 466.9 462 455.1 448.3 442.5 442.8 443 442.6 443.1 442.8 441.1 435.3 444.9 454.6 459.3 466.9 477.7 478.9 475.5 474.9 475.4 476.1 477.4 480.7 487.8 497.3 510.5 520.3 524.8 523.2 520.4 518.5 515.6 510.8 501.2 499 498.3
462.7 468.9 474 475.3 470.6 457.2 440.6 435.6 432.2 428.8 433.3 440.6 440.2 440.9 436.4 433.2 430.4 427.3 424.2 420.7 417 415.6 415.5 419.1 424.2 427.9 427.6 426.6 426.1 429.6 435.9 445 454.7 463 465.4 467.8 472.8 475.6 478.4 474.7 469.8 468.6 463.4 456.1 443.9 437.7 436.4 436.6 437.5 437.9 438.1 437.4 437.2 447.6 450.7 457.2 468.1 471.6 469.7 467.2 467 473.1 475 477.5 483.8 491.9 505.9 516.7 525.5 524.8 522.6 520.8 517.3 513.5 506.1 502 499.9 499.4
467.4 474.2 482.5 483 475.5 460.1 442.7 441.9 438.2 433.3 440 445.1 447.9 449.8 448.7 438.9 433.4 428 424.5 418.4 416.1 414.7 416.1 418.3 422.4 422.2 419.5 419.4 421.1 425.4 434.9 446.5 447.8 451.5 453.6 462 467.1 471.4 472.2 469.9 467.9 466.4 462.7 459.1 444.2 433.9 431.6 432 431.3 432.8 433.5 433 433.5 438.5 443.9 452.2 457.8 460.7 458.7 461.5 464.6 475.2 476.6 478.5 487.2 500.7 513.6 522.5 518.4 520.7 521.6 521 520.2 515.4 507.5 501.9 500 498.9
474.2 476.2 488 482.1 479.9 459.3 447.5 447 440.6 442.8 445.8 452.9 455.9 456.2 454.6 446.5 442.7 435 425.8 417.8 415.6 414.7 413.5 415.1 418 417.4 418.2 416.4 417.5 424.1 437.5 440.6 435.1 436.7 446.2 453.8 460.5 465.5 465.6 465.5 466 465.1 460.6 454.6 441.6 428.3 425.9 425.8 427 428.1 428.5 428.6 425.3 431.8 438.6 447.3 450 451.9 458.9 461.7 474.7 473.6 476.2 482.4 496.1 507.5 515.8 512.6 514 517.4 516.3 515.4 513 509.9 511 500.3 499 498.8
478.9 484.8 487.1 481.7 477.8 457.9 451.1 446.9 445.2 451 452.1 457.5 459.5 460.3 456.8 450.9 444.9 442.2 428.9 423 417.3 417.5 416.9 415.3 411.7 414.8 415.6 414.1 414.6 421.2 430.6 423.9 422.3 432.9 445.9 448.7 448.3 455.2 455.6 458.2 463.1 461.9 462.6 454.2 437.4 425.8 422.5 422 422.3 423.2 424.1 422.7 417.2 427.1 434.5 442.5 446.4 454.1 458.7 472.6 472.4 470.9 478.9 491.2 502 507.9 507 506.2 509.2 511.6 511.5 511.5 510.8 511.6 507.4 499 498.5 497.8
485.2 491.8 487.5 483.9 475.1 457.3 454.1 448.2 448.1 451.1 455.9 456.5 456.3 456.2 453.7 445.2 444.5 440.7 433.3 429.4 426.9 426.7 425.2 417.7 411.1 412.6 410.6 410 411.1 419.4 418.6 411.9 413.4 420.9 440.6 445.7 441.5 443.7 446 452.1 458.4 461.3 463.3 454.9 440.8 424.2 420.3 417.9 418.4 418.9 418.9 416.8 416.4 422.4 431 440 445 454 455.2 457.3 464.1 474.2 486.8 496.8 498.1 497.2 499.2 503.9 505.3 506.8 508.6 509.5 510.8 508.3 500.4 497.7 497.4 497.5
491.7 492.8 487.8 481.9 463.4 458.8 456 451.8 451 452.6 454.1 453.9 453.5 452.2 445.2 442.3 442.2 434.9 432.8 427.2 430.4 432.8 427.9 416.2 411.2 413 408.1 407.6 409.3 413.5 405.6 407.5 409.3 413 428.1 441.4 430.7 433.9 437.3 448.7 452.8 456.1 457.7 452.9 442.1 420 416.9 415.7 415.7 414.9 414 410.7 415.9 422.9 434 439.4 444.7 450.6 455 457.8 468.8 482.2 492.1 489.2 487.1 494.5 498.3 501.8 499.6 502 503.6 503.7 502.3 498.3 496.6 495.7 496.2 496.2
495.8 491.1 488.6 475.3 459.9 458.8 456.8 454.8 453.7 454 453.5 451.5 449.1 443.8 440.9 440 436.6 433.4 430.1 431.2 434.9 431 421.1 413.8 409.3 406.1 404.9 404.9 405 402.8 402 404 405.7 408.4 421.7 420.9 413.1 418 429.4 440.8 445 447.9 450.9 447.9 439.8 418.7 412.8 413.2 413.4 412.6 411.5 408.1 416.1 425.4 435.6 442.7 446.8 448.8 457 467.6 480.3 489.6 484.4 480 489 496.2 497 494.5 496.8 500.2 502.8 498.6 493.7 495.2 494.3 493.7 494.4 494.7
492 489 481.3 468.6 459.5 458.8 457.1 455.8 454.8 454.8 452.1 447.1 444.3 440.6 439.2 438.8 434.6 432.2 430.9 432.9 433.9 429 420.6 414.5 410.1 408.3 407.6 407.7 405.9 400.4 399.4 399.7 401.4 401.7 406.9 401 404.9 406.9 418.8 431.8 436.9 438.1 440.3 440.1 429.8 416.9 409.1 411 411.2 410.3 406.2 407.2 417.4 429.7 438 446.6 448.7 456.2 467.1 480.3 486.5 478.5 475.1 486 488.3 493.1 490.5 491.9 495.8 498 495.3 488.9 489.1 491.4 490.7 490.7 491.5 492.7
489.6 488.8 478.9 461.1 458.9 459.4 457.7 455.5 454.8 452.6 447.3 444.4 441 438.6 437.2 437 433.8 434.6 434.2 440.3 439.6 433.9 426.9 418.8 412.3 410.9 410.9 409 404.5 401.1 397.5 396.4 398 397.5 397.1 398.1 400.1 401.6 409.5 424.7 429.3 425.4 427.5 425.7 415.4 405.6 405.9 407.7 408.4 407.6 402.1 408.1 420 436.6 445.2 451.1 458.9 467.7 481.2 487 477.2 473.7 475.6 476.6 485 484.6 485.4 489.7 492.2 492.1 484.9 482.5 482.4 483.3 485.2 486.6 487.2 489.5
488.3 482.5 470.9 460.5 459.3 459.7 457.4 455.4 453.7 452.4 447.9 444 440.4 438.5 436.7 437 439.4 437.5 444.2 444.2 440.8 437.4 433.9 424 416 417.6 418.3 412.7 407 403 404.4 400.8 398.3 395.6 394.7 393.9 396.7 397.5 406.3 421.9 421.3 419.1 416.4 407.7 402.6 399.9 401.8 403.5 405.1 399.4 404.2 412.4 425.4 440.1 456.6 462.3 466.9 476.3 484.3 478.1 471.9 466.4 467.3 474.7 476.5 479.4 484.2 485.8 486.1 483.3 479 479.9 480.5 480.6 481.5 481.1 483.6 486.1
484.6 480 462.7 459.2 458.7 459.2 458 456.4 454 452.5 449.6 445 441.6 439 437.6 439.7 441.1 445.8 447.3 443.5 441.4 439 435.4 426.1 420.1 424.5 425 422 410.9 407.5 409.3 409.2 403.4 400.7 399.1 396.7 393.3 394.4 402.3 412 412.9 407 400.1 396.8 395.8 398 399.9 401.1 398 401.9 409 415.9 431.7 453.6 469.7 472.4 476.7 478.6 475.9 465.2 463.9 464.9 466.4 472.2 473.4 477.8 479.7 480.3 479.8 476.8 478 478.9 479.2 479.1 478.8 478.2 479.9 482.5
481.4 470.8 461.1 458.6 459.3 460.3 459 456.8 454.6 454.4 454.8 446.4 443 439.9 438.6 438.9 440.6 446.4 445.1 443.2 442.4 440 436.5 429.8 425.9 429.4 430.1 423.1 414.2 414 417.4 421 412.3 408 404.1 401.8 399.5 392.6 394.3 400 401.4 395.3 392.4 392.3 392.9 395.5 397.1 394.1 394.9 406.5 412.8 420.7 440.6 472.9 475.5 475.8 485.7 480.7 470.2 463 463.4 465 469.1 470.1 470.6 472.8 474.5 474 474.6 475 476 476.6 477.2 477.7 475.8 475.4 476 478.1
469.9 464.4 460.8 460.1 460.8 462.9 462.2 459.4 458.6 462.4 461.3 451.3 445 440.5 438.9 439.6 440.9 446.3 445.8 445.5 445.1 443.9 443.9 441.8 434.7 433.8 434.6 425.6 423.9 426 429.5 428.2 425 421.6 416.8 416.7 416.5 411.1 398.6 388.9 389.6 389.5 389.4 390.9 391 391 391.5 397.6 403.4 408.7 415.7 428.8 454.1 473.4 475.3 478.1 478.3 469.9 464.3 462.9 463.7 469.4 468.5 468.8 469.1 470.6 471.9 473.2 473.9 475.2 476 476.4 476.8 475.9 474.5 473.7 472.4 473.4
