public/OST50/SN80.asc
ncols 200
nrows 200
xllcorner 280000
yllcorner 200000
cellsize 50
[rows 35 to 69 of 200, columns 80 to 159 of 200]
335.4 335.9 330.7 335.6 350.4 368.1 374.6 383.4 391.5 402.7 411 418.9 422 426.6 430.1 423.6 412.9 403 389 377.1 366.4 353.9 339.1 330 342.5 355.5 363.8 360.2 346.9 335 324.4 313.2 299 294.6 288.3 287.1 284.9 284.5 284.3 283.9 281.7 276.5 272.6 270.7 270.1 269.1 268.4 267.1 254.4 239.8 238 240.7 241.7 245 247.4 248.3 252.7 257.9 263.2 268 276.4 284.2 285 283.4 288.6 294.7 290.9 282.2 271.4 259.1 260.6 262.7 264.6 265.8 263.9 260.3 257.4 255.1 251.5 244.3
346.6 348.3 343.6 346.5 359.9 374.6 383.7 391.3 402.6 412.8 422.5 427.8 433.8 437.2 433.9 427.4 412.9 401.6 387.6 377.1 366.1 353 337.4 324.8 333.4 345.3 355.1 360.2 351.7 338.9 327.4 313.7 298.6 289.8 287.6 286.1 283.1 281.5 280.1 278.5 277.5 276.3 275.1 272.8 270.5 268.5 267.1 263.7 248.3 235.2 237.9 237.3 240.1 243.8 243.2 244.9 247.4 250.3 253.4 262 271.4 280.8 285.3 288.2 290.3 288.3 282.1 271.7 262.7 254.8 256.3 258.5 260.5 261.3 260.5 258 256.1 253.9 250.9 245.5
360 366.5 367.7 366.9 364.5 382.4 395 402.8 412.4 424.3 433.9 440.8 441.4 437.9 433.4 425.6 412.5 399.9 387 377 365.8 351.6 336.2 322.1 323.1 333.4 343.4 355.8 354.2 343.6 332.8 317.4 300.4 290.2 287.4 284.6 283.8 282.5 280.5 276.6 273.7 270.6 268.1 265.3 263.1 261.2 260.3 257.4 244.4 233.1 239 238.8 244.2 248.4 249.9 253.1 257.4 259.9 263.7 270.1 281.3 288.6 291.1 289.1 284.6 279.5 272.1 260.6 253.3 250 251.5 253.6 255.7 256.9 256.9 255.1 253.6 252.9 249.9 243.3
371.2 377.6 382.7 382.2 374.8 391.5 403.3 412 424 434.8 440.2 444.2 442.4 438.9 434.3 424.7 413 398.6 386 375.7 362.7 345.4 331.6 321 311.7 321 331.8 343.6 352.4 347.8 335.5 321 302.7 292.4 286.2 279.5 278.5 277.4 274.9 271.2 267.5 264.9 262.2 259.6 258.5 255.8 255.4 251 239.7 232.4 237.4 238.9 246.7 254.6 259.7 261.6 260.5 263.7 270.9 276.6 281.8 282.2 284.5 282.8 274.5 266 258 249.6 243.3 243.8 245.3 248.5 251.5 253.1 253.1 251.8 250.2 250 249.3 242.4
380.4 387.5 394.7 398 390.8 398 408.5 420 431.4 438.3 443 445.6 444.9 440.7 436.5 426 414.9 399.8 386.1 373.5 359.4 343.5 328.9 321.5 314.9 309.8 320.3 334.6 346 348.4 333.3 318.9 303.2 293.1 285.2 281.4 278.4 275.5 272.6 271 268.6 266.9 262.8 258.9 256.5 255.9 253.2 247.9 236.2 233 234.9 238 244.6 251 252.3 252.9 253.4 257.2 262.6 268.8 272.9 278.4 280.9 276.8 266.1 254.5 247.4 241.2 237 238 239.6 243.5 247.8 248.8 249.5 248.1 248.3 249.4 248.5 242.6
389.1 397.1 403.1 406.9 406.3 403 415.9 427.3 435 442.6 447.7 449.5 446.6 442.9 438.1 429.8 415.9 400.9 387.8 375.6 364.2 352.7 338.6 327 316.8 305.6 311 325.8 339.6 347.4 329.9 315.5 302.1 293 284 277.9 278 274.8 271.1 266.2 263 260.5 257.8 256.9 253.6 251.3 250.9 247.9 235 232 232.6 236.3 240.4 245.4 247.4 249.3 251.6 254.4 257.2 262.6 266.2 271.4 274.8 269.9 259.5 248.4 241 234.5 230.7 232.4 236.2 239.3 243.8 245.2 245 244.9 248 249 247.2 241.6
400 408.5 416.7 422.7 421.1 417.5 427.5 433.5 440.6 451.1 458 454.5 450.3 445.5 440.4 432.2 417.5 402.6 391.7 378.7 365.8 355.6 341.8 329 317.1 305.2 302.8 315.6 331.4 341.3 326.8 312.7 300.7 293.8 284.2 279.5 274 268.6 264.4 262.2 261.3 258.3 257.1 251.8 246.8 243.7 246.1 244.4 231.6 229.5 231.4 234.7 238.2 243.4 245.7 247.1 248.6 251.6 253.9 257.8 261.2 263.3 264.8 261.5 253.2 241.8 233 229.2 225.2 227.5 231.1 236.8 240.7 241.8 241.4 243.8 246.9 247.5 245.3 240.5
418.3 426.4 436 442.9 442 439.9 440 446.8 456.1 463.3 464.4 460.8 454.3 450.8 445 435.8 422.1 405.5 397.1 383 367.6 355 342.8 331.7 320.2 307.4 295.9 308.7 322.8 334.6 323.3 308.9 298 291.7 283.6 277.6 272.5 269.3 264.1 259.6 255.1 255.8 253.4 245.4 242.6 239.8 242 240.5 231.3 228 230.5 232.9 235 237.3 243.2 243.5 245.5 248.6 250.4 251.9 254.8 255.9 255.7 252.8 245.4 236.1 227.5 225.6 219.9 219.5 228.2 236 237.7 238.8 239.8 243.8 245.7 245.9 244 238.9
437.3 445.3 451.5 455.3 454.1 456.7 460.1 463 465.1 466.5 465.3 462.3 456.9 454.5 450.3 440.5 430.3 414.7 404 389.4 373 357.3 347.3 336.2 323.9 309.5 299 295.7 312.9 329.8 320.7 305.3 291.9 287.3 284.5 274.5 266.7 260.7 256.1 256.8 256.6 249.7 247.5 245.1 242.6 240.7 239.4 238.2 228.3 227.6 229.6 231.8 232.4 231.5 233.1 238.8 243.8 245.8 245.6 244.8 246.5 248 245.6 239.2 232.5 228.3 224 221.5 213.8 217.7 227.2 233.2 234.7 236.9 241.1 243.1 244.6 244.5 243.6 238.3
453.4 460 464 461.5 458.8 458.7 460.6 463 465.3 464.6 455.3 454.4 457.9 455.2 453.2 446.4 437.4 423 409.7 396.5 379.9 361.6 351.7 340.4 327.3 312.1 300 290.9 307.2 325.2 316.7 301 288.7 286.4 281.1 265.7 259.7 256.4 251.6 245.7 244.3 243 242.1 239.7 236.2 236.2 238.5 234.3 224.3 225.8 227.3 228.8 229.5 230 230.1 231.7 234.1 235.5 236.9 237 239.7 240.4 237.7 231.9 227.5 222.1 219 216.3 203.4 216.8 226.4 229.7 232.4 236.1 239.8 241.6 242.5 243.1 242.7 240
469.2 470.8 467.5 464.3 462.5 460.8 460.6 461 462.1 458.7 454.5 454.6 456.3 455.1 451.3 449.3 445.4 430.3 417.1 403.9 387.9 370.2 357.1 345.5 330.6 313.5 301.3 293.2 304.4 322.1 313.7 299.1 287 285.8 272.9 259.1 252.6 248.7 240.6 235.7 231.9 230.6 230.4 228.8 226.2 234.3 240.5 234.9 222.2 224 226.8 229.6 230.3 230.5 230.4 239 240.4 240.6 239.6 236.8 236 236.8 235.7 231.7 226.4 217.6 215.4 211.2 201.2 215 220.8 229.1 232.5 236.3 237.6 238 239.4 239.5 238.5 233.8
477.3 473.1 469.9 466.8 464.7 463 461.9 461.2 460.7 458.8 455.7 454.3 455.7 455.5 451.7 451.1 450.3 442.8 428.8 414.4 398.5 380.7 363.4 350 334.1 317.5 303.5 294.7 299.2 318.5 318 301 288.1 280.8 268 252.1 238.4 235 233.9 230.8 227.2 223.1 220.5 222.8 225.9 226.9 232.2 232.1 220.7 223 225.8 229.6 228.8 229.6 241.5 241.6 241.8 242.5 243.4 240.7 239.3 242.9 243.5 236.3 225.4 212.4 211.6 205.2 192.8 209.4 221.5 229.1 232.7 233.7 232.2 231.7 232 231.3 228.3 217
475 473.3 472.5 469.7 467.9 467.6 467.9 464.2 461.5 456.9 455.5 454.9 454.9 456.6 455.6 456.5 454.2 451.1 442.4 426.2 409.1 389.9 370.9 355.6 341.3 327.1 309.8 297.7 293.4 311.8 318.4 302.4 289.2 274.8 263.2 245.6 230.6 230.3 227.5 225.2 224.2 223.2 222.9 218.2 215.2 216.1 218.9 220.7 221.5 218.9 221.7 225.6 224.8 230.1 235.2 234.9 238.9 241.1 241.7 239.1 236.3 234.9 238 228.4 215.4 205.5 204.9 196.6 184.8 209.2 219.4 225.2 225.3 224.2 225 224.4 223.4 219.4 211 202.9
475.3 478.6 479.9 477.8 474.8 474.4 473.6 468.4 461.8 455.3 452.8 453.2 454.4 455.9 457.5 456.2 453.5 451.9 448.9 436.5 416.1 396.3 377.7 361.7 348 332.5 313.5 298.2 291.7 303.4 315.8 304.4 288.2 270.8 257.6 240.7 232 228.8 220.6 218.4 217.6 216.4 214.1 212.2 210.4 208.8 207.5 208.3 212.2 217.2 217.1 222.3 223.3 222.2 226 229.7 235.7 238.4 238.2 234.7 231.4 227.5 226.7 216.1 204.2 199.5 197.2 187.3 186.1 207.2 212.2 215.7 216.2 216.6 215.8 213.2 207.6 202.7 197.3 192.4
478.1 479.6 481.4 479.6 476.6 475.1 473 468.6 459.8 452.9 449.5 451 454.8 454.4 453.6 453 449.7 448 449 440 419.1 400.4 381 365.3 347.6 335.3 319.3 303.4 292.2 295.5 308.2 308.9 291.9 273.6 258.6 243 230.9 219.5 213.8 212 211.9 212.9 212.2 209.1 199.4 192.2 190.1 192 198.4 204.9 207.2 209.7 214.8 216.7 219.2 225.5 231.6 234.3 231.5 227.4 223.9 219.5 217.3 206 193.5 195.5 187.5 177.5 189.4 201.8 207.6 207.3 207.3 206.5 203 198.3 194.9 190.3 186.7 184.7
477.6 478.7 479.9 479.1 477.4 475.1 472.4 466.3 457.1 449.1 445.9 445.3 449.4 451.4 452.5 448.8 441.2 441.2 445.6 440.5 422.5 405.7 385.2 370 359.6 348.8 330.7 315.1 298.2 284 299.6 310.3 298.4 281 263.9 248.8 239 226.7 220 220.9 216.4 214.8 213.6 205.5 188.6 176.6 171.8 172.9 183.2 188.3 191.6 195.9 204 211.3 216.7 223.5 225.9 226.5 223.1 215.6 212.1 212.9 211 194.9 189.6 187.6 172.3 168.3 190.1 195.9 200.1 197.3 196.1 193.1 189.8 187 183.7 181.4 180.1 178
476.9 478.1 478.6 478.1 477.4 475.7 472 463.9 455.1 445.2 441.3 440.4 440.8 441.7 445.4 439.5 434.3 433.9 434.7 432.9 423.1 410.7 393.1 377.1 366.7 359.5 347.3 331.1 310.6 292.3 289.7 302.1 305.9 291.6 275.3 263 254.3 246.7 240.2 235.3 226.6 221.8 214.8 203.4 191.7 181.3 179.2 172.7 169.8 175.5 180.3 187.8 194.5 203.6 211.2 217.6 225.6 223.5 214.9 203.3 197.2 199.7 195.4 182.9 181.6 171.2 153.8 168.5 181.2 187.2 187.2 185.2 181.9 173.5 175.8 176.6 176.4 176.1 174.9 172.8
473.6 474.8 476.1 477 475.9 473.5 471.1 464 456.8 447.7 437.5 435.2 435.8 438 438 428.6 422.9 426.5 428.6 427.3 423.3 413.9 402.8 389.1 377.4 369.3 358.8 343 322.2 299.7 285.2 291.8 302.7 304.6 292.5 278.8 267.4 261.6 255.4 246 237 229.7 219.7 207.8 193.1 188.3 187 183.9 176.8 166.1 174.7 181 182.5 193.4 203.6 211.3 220.2 219.5 214.4 202.8 190.9 182.6 180.3 176.7 173.3 159.4 149.5 161.5 172.4 175.5 172.4 170.7 165.9 160.6 165.1 169.3 170.6 170.3 169.8 167.2
469.5 471.2 472.8 473.7 473 470.5 468.3 461.9 456.7 449.8 438.8 431.1 430.2 432.1 427.8 423.9 421.1 421.2 423.8 422.8 420.1 415.9 408.3 399.1 388.3 375.3 365 352.6 333.4 315 298.4 282.3 288.8 295 301 293.8 282.1 274.5 269.6 262.9 251.6 240 228.3 216.2 204.9 193.9 192.8 191.7 187.4 181.3 169 171.7 174.6 183.3 192.9 202.5 211.1 214.5 209.7 200 188.1 176.8 172.5 170.1 166.4 153.5 137.9 153.5 162.7 166.7 163.7 161.8 160.2 160.3 163.7 165.1 164.7 164.3 163 160.5
462.6 462.9 466 468.7 468 465.6 462.5 458.1 455.5 452 442.7 429.6 425 424.2 422.8 418.7 412.7 407.5 413.7 417.2 416.3 413.4 409.1 402.2 394.9 383.7 370.5 356.8 342.9 325.9 308.2 295.8 287.5 281.6 286.4 294.4 294.5 292.4 282.9 273.3 265.3 251.3 235.2 219.7 210.6 200.2 196.6 195 191.5 187.3 179 168.2 166.6 171.3 179.7 193.4 205.6 205.1 197.6 184.7 173.7 168.3 165.5 162.2 157.7 148.7 126.6 142 151.7 159.3 160.3 159.3 157.5 159 164 160.4 157.8 157.1 155.2 152.6
451.9 452.3 457.8 461 461.9 457.7 455.5 454 453.1 453 447 432.1 420.6 417.2 405.9 397.6 389.2 387.1 400 405.6 407.6 406.5 403.6 400.5 395.9 386 374.7 361.6 349.4 336.7 323.2 309.4 299.5 286.9 274.7 280.5 284.7 287 285.7 277.9 268 256.7 239.6 221.4 211.5 204.4 201 195.5 190.9 187.2 178.7 167.5 161 164.1 177.4 189.7 198.8 198.2 189.2 173.5 161.9 160 159 155.5 151.8 144.6 124.9 133.5 143.3 147 149 152.1 148.9 150.7 156.5 156.2 150.1 148.2 147.2 146
449.4 448.1 450.8 454.2 453 452.8 452 451.4 451 450.7 448.4 434 416.4 393.2 384.3 377.1 371.3 369.4 381.8 391.6 395.3 394.1 392.9 393.1 390.9 382.7 376.2 369.6 358.6 347.9 336.3 322.9 313.5 300.5 283.8 271.2 270.7 274.2 277.1 275.9 268.8 257.4 239.6 222.6 210.4 206.3 201.2 195.1 189.3 184 171.3 159.2 155.8 162.3 170.7 182.2 191.2 191.8 181 165.4 157.1 153.6 152.2 150.5 147.2 141 119.3 128.9 137.1 139.3 139.7 139.3 141.2 142.8 145.2 145.1 143.2 142.6 141.5 140.1
448.6 447.4 448.1 449 449.7 450 450.4 450.2 449.9 449.3 446.6 434.5 409.2 386.8 360 356.3 356 355 365.4 376.2 381.9 382.8 383.5 383 383.4 379.7 377.9 374.8 367.8 358 348.1 335.7 323.7 311.5 298 280.3 269.4 264.3 267.9 266.7 260.9 252.1 238 222.1 208.4 204.8 199.9 192.9 186.1 178.3 167.2 158.4 151 149.6 161.9 169.9 178.7 179.3 165.3 155.3 147.7 145.6 143.9 143.6 142.6 134.2 109 125.3 131.9 133.7 132.6 132 132.4 135.5 137.2 138.5 137.6 137.1 135.6 134.7
446.7 446 445.8 444.8 447.3 448.1 449.3 449.1 448.9 448 445.3 435.6 405.5 381.8 363.5 347.5 336.5 342.7 351.6 361.3 365.7 368.3 371.3 375.1 378.3 377.5 377.9 376.6 373.3 365.9 356.8 346.5 330.8 319.8 308.6 292.3 276.8 265.9 262.7 257.3 250.7 242.5 231.9 218.1 205.8 200.4 193.4 184.8 174.8 163.4 156.1 152.4 147.9 150.1 142.1 160 165.3 166.8 155.5 144.7 138.7 135.4 135.9 136.1 135.5 127.8 102.8 121.7 127.5 126.9 125.6 124.9 126.1 128.9 130.5 131.1 130.8 129.6 127.7 126.5
445.1 443.7 443.1 442.6 443.5 446.9 448.2 448.2 447.1 447 444.7 438.1 409.2 377.9 362.7 348.5 330.7 330.2 338.1 346.2 352.4 356.4 362.3 364 371.5 374.9 374.8 373.5 371.7 368.2 360.7 350.7 334.8 323.3 311.7 294.6 280.3 269.9 262.7 257.1 248.1 238.2 226.7 213.5 203.8 195.6 186.5 176.6 162.5 144.5 139.8 140.1 145.7 150.5 136.1 150.8 152.4 151.3 140 136.3 129.7 127.1 127.8 126.9 128.5 120.8 99.9 116.6 120.1 116.6 114.9 115.9 117.8 120.4 121.8 123.2 123.1 122.1 120.1 118.1
444.8 443.7 441.4 440.6 440.6 444 445.8 445.3 444.8 444.8 442.9 438.7 421.7 384.3 366.2 348.5 326.7 319.7 326.8 330.5 335.5 340.5 344.8 350.3 359.9 367.1 369 366.6 363.3 358.3 352.1 343.7 333.3 320.9 307.9 289.8 280.7 272.3 264.1 257 248.6 238 225.2 212.1 199.8 190.3 180.4 170.3 155.2 138.8 139.2 139.6 139.9 145.6 141.4 136.8 136.7 132.7 130.3 125.5 121.9 121.1 120 117.8 118.3 109.4 92.6 108.4 109.4 107.7 107.9 107.7 109.7 112.4 113.8 115.4 115.3 114.6 112.9 112
444.3 446 439.9 439.2 438.3 439.4 440.6 439.9 440 440.5 439.2 435.5 423.3 395.2 369.6 345.9 322.2 310.3 320.6 322.5 324.2 328.3 332.5 340.2 349.6 359.3 361.8 359 354.9 349.6 339.8 334.4 321.6 312.1 301.3 283.4 279.1 270.4 260.2 253.8 247.7 235.9 221 207.4 194.1 185.3 175.5 163.5 151.1 138.7 139.5 139.8 139.9 138.1 141.5 125.9 126.4 126.3 122.5 114.7 113.2 113.2 111.3 109.1 105.4 98.2 90.4 99.2 98.3 100.5 101.6 101.4 101 104.5 105.2 105.3 107.1 107.3 105.6 104
449.2 446.6 440.6 438.3 436.9 436.7 436.8 436.8 437 436 434.9 429.4 421.2 395.9 368.4 343.5 321.1 302.2 314 314.8 315.6 317.5 324.8 331.6 339.7 350.2 352.3 349.6 345.4 336.6 330.9 320.6 310.5 303.8 292.6 280 275.4 262.7 250 243.8 234.2 219.1 205.1 194.9 185.7 177.2 168.9 157.3 143.4 137.2 138.9 137.5 131.9 125.7 130.3 132 115.8 118.1 112.8 107.5 105.8 104.5 102.3 100.3 97.5 89.9 83.9 91.4 89.6 92.2 93.2 92.5 92.2 95.1 96 95.8 97.1 99 97.2 95.6
448 447.6 441.9 438.5 435.9 434.3 433.9 433.4 431.4 430.5 426.8 424.6 418.8 382.2 362.5 342.1 321.2 304.2 302.3 307.4 307.9 310 316 322.9 330.7 339.3 341.5 336.9 330.5 322.7 315.2 308.7 302.7 296.5 283.1 276.6 268.8 249.6 238.2 232.5 217.3 200.4 182.3 172.8 170.1 166.1 160.1 149.7 137.6 133.1 137.2 130.7 119.8 113.8 118.3 122.1 114.7 109.9 102.6 98.8 97.2 94.9 92.6 92.4 90.7 85.6 77.4 85 83 84.6 85.5 84.7 83.9 85.2 85.6 85.5 87.2 85.9 85.5 84.7
447.1 447.1 442.5 438.1 434.9 432.3 431.3 430.5 424.7 424.8 423.1 422.5 380.3 361.8 351.5 337.6 319.8 305.3 292.5 299 300.7 303.5 309.1 314.5 323.5 328.8 328.3 322 314.5 306.9 304.2 298.9 293.8 287.7 278 271.1 260.4 240.3 234 223.7 212.8 197.3 173.8 160.6 158.2 157 150.9 141.7 130.7 130.1 131.8 123.9 111.3 101.7 104.8 107.9 105.9 101.7 93.7 89.3 87 84.8 84.6 84.5 83.2 80 75.1 79.2 78.8 76.4 76.2 75.4 76 76.9 78.4 79.4 80.2 78.3 70.4 70.6
446 445.1 441.9 436.9 434.3 431.1 429.9 426.7 418.5 419.9 416.4 405.2 364.4 353.7 342.7 331.5 316.7 302.8 291 290.5 294.4 297.3 302 308 316.2 320.2 318 312.1 304.7 299 293.2 286.9 281.8 275.7 268.7 260.2 246.4 232.2 230.1 221.4 209.5 192.8 173.7 161.7 149.8 149.7 144.3 132.2 126.7 126.6 131.5 122.8 108.4 91.6 87.7 89.7 93 91.1 85.1 80.9 77.8 75.7 75 77.3 76.8 75.7 71.8 72.4 73.6 70.1 69.4 64.3 63.8 65.6 70.5 68 66.6 60.8 59 59.2
443.9 443.5 440.2 435.3 432.6 430.2 427.7 423.5 414.4 413 395.1 366.7 356.2 345.4 335.1 323.9 312.9 300 281.9 284.5 289.3 292.1 296.5 302.5 306.3 307 305.6 301.1 295.1 288.6 284.5 279.4 273.5 267.2 256.3 248 233.2 226 224.7 219.8 208.4 190.5 173.3 160.4 149.3 145.4 139.2 127.7 122.3 122.9 129.9 122.4 110.7 96.6 83.8 74.1 77.1 80.6 78.3 73.7 70.6 69 65.6 68.8 71.2 73.5 71.5 65.9 66.1 63.5 62.5 58.2 56.8 56.4 56.6 57.6 56.3 56.1 56.9 57.1
443 442.6 438.6 433.5 432.3 428.9 426.6 419.8 411.2 379.7 368 358.9 346.3 335.2 325.1 313 305.8 288.9 274.3 279.8 283.2 288.4 293.8 296.5 297.8 297 294.1 289.8 284.9 280.6 275.9 269.9 263.3 255.7 244.5 233.8 225.1 219.8 217.2 209.5 202.3 188.4 173.1 159.9 150.3 139.9 133.4 122 119 118.1 121.4 112.6 102 96.6 86.6 72.4 70.1 70.5 70.8 69 66.3 64 60.8 62.2 65.5 70.1 70.3 63.7 61.2 58.9 57 54.8 54.2 53.5 54.1 54.9 55.2 55.4 56.2 56.6
441.7 440.7 437 433.3 431.2 427.9 425.2 418.6 406 368.1 344.5 340.5 333.4 323.2 311.8 298.5 293.4 282.2 272.2 275.6 277.7 282.2 288.6 290.6 290 286.6 285.3 280.7 277.2 272.7 266.7 260.1 250.8 239 228.4 221 213.7 211.8 212.3 198.5 191.6 181.4 168.2 156.8 147.7 138.1 127.5 118.7 115.2 111.5 107.3 101.1 96.7 94.2 88.7 75.1 66.9 66.5 65.8 65.6 63.3 61.7 58.2 57.5 59.1 62.9 61.3 59.2 58.4 56.6 54.8 53.2 52.7 53 53.6 54 54.2 54.7 55.3 56
440 440.2 436.4 432.8 430.2 427.4 424.3 418.3 406.7 357.3 337.3 326.5 305.8 310 305 292.2 285.6 276.8 263.3 268.1 270.1 276.7 282.5 283.4 282.6 279.7 276.2 272.4 268.5 264.5 258.3 250.6 239.8 228.3 216.9 205.7 200.1 198.7 199.9 194.9 180.8 170.9 158.8 151.5 141.8 132.4 122 116.2 109.8 103.3 95.5 97.4 92.1 86.9 80.6 71.3 65.1 63.4 62.2 61.2 59.8 58.6 55.8 53.4 53.3 53.8 55.4 55.7 55.4 55.1 53.5 52.7 52.3 52.6 53.1 53.3 53.9 54.4 54.9 55.7
